x,y
0.82,0.46
0.91,0.6
0.44,0.51
0.8,0.09
0.28,0.53
0.13,0.56
0.07,0.05
0.18,0.37
0.61,0.87
0.1,0.07
0.97,0.58
0.5,0.18
0.2,0.06
0.05,0.97
0.02,0.16
0.26,0.43
0.29,0.11
0.24,0.28
0.66,0.21
0.53,0.94
0.91,0.92
0.21,0.56
0.83,0.42
0.5,0.79
0.89,0.02
0.09,0.42
0.96,0.58
0.37,0.71
0.71,0.61
0.38,0.33
0.09,0.29
0.63,0.42
0.77,0.06
0.59,0.31
0.19,0.43
0.09,0.76
0.58,0.35
0.77,0.68
0.35,0.97
0.31,0.54
0.37,0.57
0.49,0.69
0.03,0.25
0.68,0.52
0.01,0.37
0.26,0.85
0.46,0.54
0.49,0.66
0.63,0.26
0.08,0.15

Distanze
"0,1 : 0.1664"
"1,0 : 0.1664"
"0,2 : 0.3833"
"2,0 : 0.3833"
"0,3 : 0.3705"
"3,0 : 0.3705"
"0,4 : 0.5445"
"4,0 : 0.5445"
"0,5 : 0.6972"
"5,0 : 0.6972"
"0,6 : 0.8548"
"6,0 : 0.8548"
"0,7 : 0.6463"
"7,0 : 0.6463"
"0,8 : 0.4607"
"8,0 : 0.4607"
"0,9 : 0.8188"
"9,0 : 0.8188"
"0,10 : 0.1921"
"10,0 : 0.1921"
"0,11 : 0.4252"
"11,0 : 0.4252"
"0,12 : 0.7378"
"12,0 : 0.7378"
"0,13 : 0.9236"
"13,0 : 0.9236"
"0,14 : 0.8544"
"14,0 : 0.8544"
"0,15 : 0.5608"
"15,0 : 0.5608"
"0,16 : 0.6351"
"16,0 : 0.6351"
"0,17 : 0.6073"
"17,0 : 0.6073"
"0,18 : 0.2968"
"18,0 : 0.2968"
"0,19 : 0.5608"
"19,0 : 0.5608"
"0,20 : 0.4687"
"20,0 : 0.4687"
"0,21 : 0.6181"
"21,0 : 0.6181"
"0,22 : 0.0412"
"22,0 : 0.0412"
"0,23 : 0.4597"
"23,0 : 0.4597"
"0,24 : 0.4455"
"24,0 : 0.4455"
"0,25 : 0.7311"
"25,0 : 0.7311"
"0,26 : 0.1844"
"26,0 : 0.1844"
"0,27 : 0.5148"
"27,0 : 0.5148"
"0,28 : 0.186"
"28,0 : 0.186"
"0,29 : 0.4588"
"29,0 : 0.4588"
"0,30 : 0.7495"
"30,0 : 0.7495"
"0,31 : 0.1942"
"31,0 : 0.1942"
"0,32 : 0.4031"
"32,0 : 0.4031"
"0,33 : 0.2746"
"33,0 : 0.2746"
"0,34 : 0.6307"
"34,0 : 0.6307"
"0,35 : 0.7892"
"35,0 : 0.7892"
"0,36 : 0.264"
"36,0 : 0.264"
"0,37 : 0.2256"
"37,0 : 0.2256"
"0,38 : 0.6935"
"38,0 : 0.6935"
"0,39 : 0.5162"
"39,0 : 0.5162"
"0,40 : 0.4632"
"40,0 : 0.4632"
"0,41 : 0.4022"
"41,0 : 0.4022"
"0,42 : 0.8174"
"42,0 : 0.8174"
"0,43 : 0.1523"
"43,0 : 0.1523"
"0,44 : 0.815"
"44,0 : 0.815"
"0,45 : 0.6824"
"45,0 : 0.6824"
"0,46 : 0.3688"
"46,0 : 0.3688"
"0,47 : 0.3859"
"47,0 : 0.3859"
"0,48 : 0.2759"
"48,0 : 0.2759"
"0,49 : 0.8023"
"49,0 : 0.8023"
"1,2 : 0.4785"
"2,1 : 0.4785"
"1,3 : 0.5217"
"3,1 : 0.5217"
"1,4 : 0.6339"
"4,1 : 0.6339"
"1,5 : 0.781"
"5,1 : 0.781"
"1,6 : 1.004"
"6,1 : 1.004"
"1,7 : 0.7654"
"7,1 : 0.7654"
"1,8 : 0.4036"
"8,1 : 0.4036"
"1,9 : 0.968"
"9,1 : 0.968"
"1,10 : 0.0632"
"10,1 : 0.0632"
"1,11 : 0.5869"
"11,1 : 0.5869"
"1,12 : 0.892"
"12,1 : 0.892"
"1,13 : 0.9362"
"13,1 : 0.9362"
"1,14 : 0.9928"
"14,1 : 0.9928"
"1,15 : 0.6719"
"15,1 : 0.6719"
"1,16 : 0.7903"
"16,1 : 0.7903"
"1,17 : 0.7425"
"17,1 : 0.7425"
"1,18 : 0.4632"
"18,1 : 0.4632"
"1,19 : 0.5099"
"19,1 : 0.5099"
"1,20 : 0.32"
"20,1 : 0.32"
"1,21 : 0.7011"
"21,1 : 0.7011"
"1,22 : 0.197"
"22,1 : 0.197"
"1,23 : 0.4519"
"23,1 : 0.4519"
"1,24 : 0.5803"
"24,1 : 0.5803"
"1,25 : 0.8395"
"25,1 : 0.8395"
"1,26 : 0.0539"
"26,1 : 0.0539"
"1,27 : 0.5511"
"27,1 : 0.5511"
"1,28 : 0.2002"
"28,1 : 0.2002"
"1,29 : 0.5948"
"29,1 : 0.5948"
"1,30 : 0.8766"
"30,1 : 0.8766"
"1,31 : 0.3329"
"31,1 : 0.3329"
"1,32 : 0.5579"
"32,1 : 0.5579"
"1,33 : 0.4319"
"33,1 : 0.4319"
"1,34 : 0.7398"
"34,1 : 0.7398"
"1,35 : 0.8355"
"35,1 : 0.8355"
"1,36 : 0.414"
"36,1 : 0.414"
"1,37 : 0.1612"
"37,1 : 0.1612"
"1,38 : 0.6712"
"38,1 : 0.6712"
"1,39 : 0.603"
"39,1 : 0.603"
"1,40 : 0.5408"
"40,1 : 0.5408"
"1,41 : 0.4295"
"41,1 : 0.4295"
"1,42 : 0.947"
"42,1 : 0.947"
"1,43 : 0.2435"
"43,1 : 0.2435"
"1,44 : 0.9289"
"44,1 : 0.9289"
"1,45 : 0.6964"
"45,1 : 0.6964"
"1,46 : 0.454"
"46,1 : 0.454"
"1,47 : 0.4243"
"47,1 : 0.4243"
"1,48 : 0.4405"
"48,1 : 0.4405"
"1,49 : 0.9441"
"49,1 : 0.9441"
"2,3 : 0.5532"
"3,2 : 0.5532"
"2,4 : 0.1612"
"4,2 : 0.1612"
"2,5 : 0.314"
"5,2 : 0.314"
"2,6 : 0.5903"
"6,2 : 0.5903"
"2,7 : 0.2953"
"7,2 : 0.2953"
"2,8 : 0.3981"
"8,2 : 0.3981"
"2,9 : 0.5561"
"9,2 : 0.5561"
"2,10 : 0.5346"
"10,2 : 0.5346"
"2,11 : 0.3354"
"11,2 : 0.3354"
"2,12 : 0.51"
"12,2 : 0.51"
"2,13 : 0.6031"
"13,2 : 0.6031"
"2,14 : 0.5467"
"14,2 : 0.5467"
"2,15 : 0.197"
"15,2 : 0.197"
"2,16 : 0.4272"
"16,2 : 0.4272"
"2,17 : 0.3048"
"17,2 : 0.3048"
"2,18 : 0.372"
"18,2 : 0.372"
"2,19 : 0.4393"
"19,2 : 0.4393"
"2,20 : 0.6237"
"20,2 : 0.6237"
"2,21 : 0.2354"
"21,2 : 0.2354"
"2,22 : 0.4002"
"22,2 : 0.4002"
"2,23 : 0.2864"
"23,2 : 0.2864"
"2,24 : 0.6653"
"24,2 : 0.6653"
"2,25 : 0.3614"
"25,2 : 0.3614"
"2,26 : 0.5247"
"26,2 : 0.5247"
"2,27 : 0.2119"
"27,2 : 0.2119"
"2,28 : 0.2879"
"28,2 : 0.2879"
"2,29 : 0.1897"
"29,2 : 0.1897"
"2,30 : 0.4134"
"30,2 : 0.4134"
"2,31 : 0.2102"
"31,2 : 0.2102"
"2,32 : 0.558"
"32,2 : 0.558"
"2,33 : 0.25"
"33,2 : 0.25"
"2,34 : 0.2625"
"34,2 : 0.2625"
"2,35 : 0.4301"
"35,2 : 0.4301"
"2,36 : 0.2126"
"36,2 : 0.2126"
"2,37 : 0.3712"
"37,2 : 0.3712"
"2,38 : 0.4687"
"38,2 : 0.4687"
"2,39 : 0.1334"
"39,2 : 0.1334"
"2,40 : 0.0922"
"40,2 : 0.0922"
"2,41 : 0.1868"
"41,2 : 0.1868"
"2,42 : 0.4855"
"42,2 : 0.4855"
"2,43 : 0.2402"
"43,2 : 0.2402"
"2,44 : 0.4522"
"44,2 : 0.4522"
"2,45 : 0.3847"
"45,2 : 0.3847"
"2,46 : 0.0361"
"46,2 : 0.0361"
"2,47 : 0.1581"
"47,2 : 0.1581"
"2,48 : 0.314"
"48,2 : 0.314"
"2,49 : 0.5091"
"49,2 : 0.5091"
"3,4 : 0.6812"
"4,3 : 0.6812"
"3,5 : 0.8184"
"5,3 : 0.8184"
"3,6 : 0.7311"
"6,3 : 0.7311"
"3,7 : 0.6803"
"7,3 : 0.6803"
"3,8 : 0.8028"
"8,3 : 0.8028"
"3,9 : 0.7003"
"9,3 : 0.7003"
"3,10 : 0.5187"
"10,3 : 0.5187"
"3,11 : 0.3132"
"11,3 : 0.3132"
"3,12 : 0.6007"
"12,3 : 0.6007"
"3,13 : 1.1562"
"13,3 : 1.1562"
"3,14 : 0.7831"
"14,3 : 0.7831"
"3,15 : 0.6381"
"15,3 : 0.6381"
"3,16 : 0.5104"
"16,3 : 0.5104"
"3,17 : 0.5914"
"17,3 : 0.5914"
"3,18 : 0.1844"
"18,3 : 0.1844"
"3,19 : 0.8919"
"19,3 : 0.8919"
"3,20 : 0.8373"
"20,3 : 0.8373"
"3,21 : 0.7543"
"21,3 : 0.7543"
"3,22 : 0.3314"
"22,3 : 0.3314"
"3,23 : 0.7616"
"23,3 : 0.7616"
"3,24 : 0.114"
"24,3 : 0.114"
"3,25 : 0.7829"
"25,3 : 0.7829"
"3,26 : 0.5155"
"26,3 : 0.5155"
"3,27 : 0.7545"
"27,3 : 0.7545"
"3,28 : 0.5277"
"28,3 : 0.5277"
"3,29 : 0.4837"
"29,3 : 0.4837"
"3,30 : 0.7376"
"30,3 : 0.7376"
"3,31 : 0.3712"
"31,3 : 0.3712"
"3,32 : 0.0424"
"32,3 : 0.0424"
"3,33 : 0.3041"
"33,3 : 0.3041"
"3,34 : 0.6984"
"34,3 : 0.6984"
"3,35 : 0.9762"
"35,3 : 0.9762"
"3,36 : 0.3406"
"36,3 : 0.3406"
"3,37 : 0.5908"
"37,3 : 0.5908"
"3,38 : 0.9884"
"38,3 : 0.9884"
"3,39 : 0.6653"
"39,3 : 0.6653"
"3,40 : 0.6444"
"40,3 : 0.6444"
"3,41 : 0.6754"
"41,3 : 0.6754"
"3,42 : 0.7864"
"42,3 : 0.7864"
"3,43 : 0.4464"
"43,3 : 0.4464"
"3,44 : 0.8382"
"44,3 : 0.8382"
"3,45 : 0.9323"
"45,3 : 0.9323"
"3,46 : 0.564"
"46,3 : 0.564"
"3,47 : 0.6488"
"47,3 : 0.6488"
"3,48 : 0.2404"
"48,3 : 0.2404"
"3,49 : 0.7225"
"49,3 : 0.7225"
"4,5 : 0.153"
"5,4 : 0.153"
"4,6 : 0.5239"
"6,4 : 0.5239"
"4,7 : 0.1887"
"7,4 : 0.1887"
"4,8 : 0.4738"
"8,4 : 0.4738"
"4,9 : 0.494"
"9,4 : 0.494"
"4,10 : 0.6918"
"10,4 : 0.6918"
"4,11 : 0.4134"
"11,4 : 0.4134"
"4,12 : 0.4768"
"12,4 : 0.4768"
"4,13 : 0.4965"
"13,4 : 0.4965"
"4,14 : 0.4522"
"14,4 : 0.4522"
"4,15 : 0.102"
"15,4 : 0.102"
"4,16 : 0.4201"
"16,4 : 0.4201"
"4,17 : 0.2532"
"17,4 : 0.2532"
"4,18 : 0.4968"
"18,4 : 0.4968"
"4,19 : 0.4802"
"19,4 : 0.4802"
"4,20 : 0.7409"
"20,4 : 0.7409"
"4,21 : 0.0762"
"21,4 : 0.0762"
"4,22 : 0.5609"
"22,4 : 0.5609"
"4,23 : 0.3406"
"23,4 : 0.3406"
"4,24 : 0.7951"
"24,4 : 0.7951"
"4,25 : 0.2195"
"25,4 : 0.2195"
"4,26 : 0.6818"
"26,4 : 0.6818"
"4,27 : 0.2012"
"27,4 : 0.2012"
"4,28 : 0.4374"
"28,4 : 0.4374"
"4,29 : 0.2236"
"29,4 : 0.2236"
"4,30 : 0.3061"
"30,4 : 0.3061"
"4,31 : 0.3669"
"31,4 : 0.3669"
"4,32 : 0.679"
"32,4 : 0.679"
"4,33 : 0.3801"
"33,4 : 0.3801"
"4,34 : 0.1345"
"34,4 : 0.1345"
"4,35 : 0.2983"
"35,4 : 0.2983"
"4,36 : 0.3499"
"36,4 : 0.3499"
"4,37 : 0.5124"
"37,4 : 0.5124"
"4,38 : 0.4455"
"38,4 : 0.4455"
"4,39 : 0.0316"
"39,4 : 0.0316"
"4,40 : 0.0985"
"40,4 : 0.0985"
"4,41 : 0.264"
"41,4 : 0.264"
"4,42 : 0.3754"
"42,4 : 0.3754"
"4,43 : 0.4001"
"43,4 : 0.4001"
"4,44 : 0.3138"
"44,4 : 0.3138"
"4,45 : 0.3206"
"45,4 : 0.3206"
"4,46 : 0.1803"
"46,4 : 0.1803"
"4,47 : 0.247"
"47,4 : 0.247"
"4,48 : 0.442"
"48,4 : 0.442"
"4,49 : 0.4294"
"49,4 : 0.4294"
"5,6 : 0.5135"
"6,5 : 0.5135"
"5,7 : 0.1965"
"7,5 : 0.1965"
"5,8 : 0.5714"
"8,5 : 0.5714"
"5,9 : 0.4909"
"9,5 : 0.4909"
"5,10 : 0.8402"
"10,5 : 0.8402"
"5,11 : 0.5304"
"11,5 : 0.5304"
"5,12 : 0.5049"
"12,5 : 0.5049"
"5,13 : 0.4177"
"13,5 : 0.4177"
"5,14 : 0.4148"
"14,5 : 0.4148"
"5,15 : 0.1838"
"15,5 : 0.1838"
"5,16 : 0.4776"
"16,5 : 0.4776"
"5,17 : 0.3008"
"17,5 : 0.3008"
"5,18 : 0.6351"
"18,5 : 0.6351"
"5,19 : 0.5517"
"19,5 : 0.5517"
"5,20 : 0.8591"
"20,5 : 0.8591"
"5,21 : 0.08"
"21,5 : 0.08"
"5,22 : 0.7139"
"22,5 : 0.7139"
"5,23 : 0.4357"
"23,5 : 0.4357"
"5,24 : 0.9323"
"24,5 : 0.9323"
"5,25 : 0.1456"
"25,5 : 0.1456"
"5,26 : 0.8302"
"26,5 : 0.8302"
"5,27 : 0.283"
"27,5 : 0.283"
"5,28 : 0.5822"
"28,5 : 0.5822"
"5,29 : 0.3397"
"29,5 : 0.3397"
"5,30 : 0.2729"
"30,5 : 0.2729"
"5,31 : 0.5192"
"31,5 : 0.5192"
"5,32 : 0.8122"
"32,5 : 0.8122"
"5,33 : 0.5235"
"33,5 : 0.5235"
"5,34 : 0.1432"
"34,5 : 0.1432"
"5,35 : 0.204"
"35,5 : 0.204"
"5,36 : 0.4966"
"36,5 : 0.4966"
"5,37 : 0.6512"
"37,5 : 0.6512"
"5,38 : 0.4653"
"38,5 : 0.4653"
"5,39 : 0.1811"
"39,5 : 0.1811"
"5,40 : 0.2402"
"40,5 : 0.2402"
"5,41 : 0.3828"
"41,5 : 0.3828"
"5,42 : 0.3257"
"42,5 : 0.3257"
"5,43 : 0.5515"
"43,5 : 0.5515"
"5,44 : 0.2247"
"44,5 : 0.2247"
"5,45 : 0.3178"
"45,5 : 0.3178"
"5,46 : 0.3306"
"46,5 : 0.3306"
"5,47 : 0.3736"
"47,5 : 0.3736"
"5,48 : 0.5831"
"48,5 : 0.5831"
"5,49 : 0.413"
"49,5 : 0.413"
"6,7 : 0.3384"
"7,6 : 0.3384"
"6,8 : 0.9818"
"8,6 : 0.9818"
"6,9 : 0.0361"
"9,6 : 0.0361"
"6,10 : 1.0445"
"10,6 : 1.0445"
"6,11 : 0.4492"
"11,6 : 0.4492"
"6,12 : 0.1304"
"12,6 : 0.1304"
"6,13 : 0.9202"
"13,6 : 0.9202"
"6,14 : 0.1208"
"14,6 : 0.1208"
"6,15 : 0.4249"
"15,6 : 0.4249"
"6,16 : 0.228"
"16,6 : 0.228"
"6,17 : 0.286"
"17,6 : 0.286"
"6,18 : 0.6113"
"18,6 : 0.6113"
"6,19 : 1.0018"
"19,6 : 1.0018"
"6,20 : 1.2093"
"20,6 : 1.2093"
"6,21 : 0.5289"
"21,6 : 0.5289"
"6,22 : 0.8453"
"22,6 : 0.8453"
"6,23 : 0.8559"
"23,6 : 0.8559"
"6,24 : 0.8205"
"24,6 : 0.8205"
"6,25 : 0.3705"
"25,6 : 0.3705"
"6,26 : 1.0359"
"26,6 : 1.0359"
"6,27 : 0.725"
"27,6 : 0.725"
"6,28 : 0.8504"
"28,6 : 0.8504"
"6,29 : 0.4177"
"29,6 : 0.4177"
"6,30 : 0.2408"
"30,6 : 0.2408"
"6,31 : 0.6712"
"31,6 : 0.6712"
"6,32 : 0.7001"
"32,6 : 0.7001"
"6,33 : 0.5814"
"33,6 : 0.5814"
"6,34 : 0.3985"
"34,6 : 0.3985"
"6,35 : 0.7103"
"35,6 : 0.7103"
"6,36 : 0.5917"
"36,6 : 0.5917"
"6,37 : 0.9418"
"37,6 : 0.9418"
"6,38 : 0.9617"
"38,6 : 0.9617"
"6,39 : 0.5456"
"39,6 : 0.5456"
"6,40 : 0.6003"
"40,6 : 0.6003"
"6,41 : 0.7655"
"41,6 : 0.7655"
"6,42 : 0.204"
"42,6 : 0.204"
"6,43 : 0.7701"
"43,6 : 0.7701"
"6,44 : 0.3256"
"44,6 : 0.3256"
"6,45 : 0.8223"
"45,6 : 0.8223"
"6,46 : 0.6263"
"46,6 : 0.6263"
"6,47 : 0.7406"
"47,6 : 0.7406"
"6,48 : 0.5981"
"48,6 : 0.5981"
"6,49 : 0.1005"
"49,6 : 0.1005"
"7,8 : 0.6595"
"8,7 : 0.6595"
"7,9 : 0.3105"
"9,7 : 0.3105"
"7,10 : 0.8174"
"10,7 : 0.8174"
"7,11 : 0.3722"
"11,7 : 0.3722"
"7,12 : 0.3106"
"12,7 : 0.3106"
"7,13 : 0.6139"
"13,7 : 0.6139"
"7,14 : 0.264"
"14,7 : 0.264"
"7,15 : 0.1"
"15,7 : 0.1"
"7,16 : 0.2823"
"16,7 : 0.2823"
"7,17 : 0.1082"
"17,7 : 0.1082"
"7,18 : 0.506"
"18,7 : 0.506"
"7,19 : 0.6689"
"19,7 : 0.6689"
"7,20 : 0.914"
"20,7 : 0.914"
"7,21 : 0.1924"
"21,7 : 0.1924"
"7,22 : 0.6519"
"22,7 : 0.6519"
"7,23 : 0.528"
"23,7 : 0.528"
"7,24 : 0.7916"
"24,7 : 0.7916"
"7,25 : 0.103"
"25,7 : 0.103"
"7,26 : 0.8078"
"26,7 : 0.8078"
"7,27 : 0.3895"
"27,7 : 0.3895"
"7,28 : 0.5818"
"28,7 : 0.5818"
"7,29 : 0.204"
"29,7 : 0.204"
"7,30 : 0.1204"
"30,7 : 0.1204"
"7,31 : 0.4528"
"31,7 : 0.4528"
"7,32 : 0.6665"
"32,7 : 0.6665"
"7,33 : 0.4144"
"33,7 : 0.4144"
"7,34 : 0.0608"
"34,7 : 0.0608"
"7,35 : 0.4002"
"35,7 : 0.4002"
"7,36 : 0.4005"
"36,7 : 0.4005"
"7,37 : 0.6665"
"37,7 : 0.6665"
"7,38 : 0.6236"
"38,7 : 0.6236"
"7,39 : 0.214"
"39,7 : 0.214"
"7,40 : 0.2759"
"40,7 : 0.2759"
"7,41 : 0.4455"
"41,7 : 0.4455"
"7,42 : 0.1921"
"42,7 : 0.1921"
"7,43 : 0.522"
"43,7 : 0.522"
"7,44 : 0.17"
"44,7 : 0.17"
"7,45 : 0.4866"
"45,7 : 0.4866"
"7,46 : 0.3276"
"46,7 : 0.3276"
"7,47 : 0.4245"
"47,7 : 0.4245"
"7,48 : 0.4632"
"48,7 : 0.4632"
"7,49 : 0.2417"
"49,7 : 0.2417"
"8,9 : 0.9487"
"9,8 : 0.9487"
"8,10 : 0.4623"
"10,8 : 0.4623"
"8,11 : 0.6987"
"11,8 : 0.6987"
"8,12 : 0.9079"
"12,8 : 0.9079"
"8,13 : 0.5689"
"13,8 : 0.5689"
"8,14 : 0.9231"
"14,8 : 0.9231"
"8,15 : 0.5622"
"15,8 : 0.5622"
"8,16 : 0.8246"
"16,8 : 0.8246"
"8,17 : 0.6964"
"17,8 : 0.6964"
"8,18 : 0.6619"
"18,8 : 0.6619"
"8,19 : 0.1063"
"19,8 : 0.1063"
"8,20 : 0.3041"
"20,8 : 0.3041"
"8,21 : 0.5061"
"21,8 : 0.5061"
"8,22 : 0.5009"
"22,8 : 0.5009"
"8,23 : 0.136"
"23,8 : 0.136"
"8,24 : 0.8949"
"24,8 : 0.8949"
"8,25 : 0.6877"
"25,8 : 0.6877"
"8,26 : 0.4545"
"26,8 : 0.4545"
"8,27 : 0.2884"
"27,8 : 0.2884"
"8,28 : 0.2786"
"28,8 : 0.2786"
"8,29 : 0.5869"
"29,8 : 0.5869"
"8,30 : 0.779"
"30,8 : 0.779"
"8,31 : 0.4504"
"31,8 : 0.4504"
"8,32 : 0.8257"
"32,8 : 0.8257"
"8,33 : 0.5604"
"33,8 : 0.5604"
"8,34 : 0.6083"
"34,8 : 0.6083"
"8,35 : 0.5315"
"35,8 : 0.5315"
"8,36 : 0.5209"
"36,8 : 0.5209"
"8,37 : 0.2484"
"37,8 : 0.2484"
"8,38 : 0.2786"
"38,8 : 0.2786"
"8,39 : 0.446"
"39,8 : 0.446"
"8,40 : 0.3842"
"40,8 : 0.3842"
"8,41 : 0.2163"
"41,8 : 0.2163"
"8,42 : 0.849"
"42,8 : 0.849"
"8,43 : 0.3569"
"43,8 : 0.3569"
"8,44 : 0.781"
"44,8 : 0.781"
"8,45 : 0.3506"
"45,8 : 0.3506"
"8,46 : 0.3625"
"46,8 : 0.3625"
"8,47 : 0.2419"
"47,8 : 0.2419"
"8,48 : 0.6103"
"48,8 : 0.6103"
"8,49 : 0.894"
"49,8 : 0.894"
"9,10 : 1.0085"
"10,9 : 1.0085"
"9,11 : 0.4148"
"11,9 : 0.4148"
"9,12 : 0.1005"
"12,9 : 0.1005"
"9,13 : 0.9014"
"13,9 : 0.9014"
"9,14 : 0.1204"
"14,9 : 0.1204"
"9,15 : 0.394"
"15,9 : 0.394"
"9,16 : 0.1942"
"16,9 : 0.1942"
"9,17 : 0.2524"
"17,9 : 0.2524"
"9,18 : 0.5772"
"18,9 : 0.5772"
"9,19 : 0.9705"
"19,9 : 0.9705"
"9,20 : 1.1741"
"20,9 : 1.1741"
"9,21 : 0.5022"
"21,9 : 0.5022"
"9,22 : 0.8096"
"22,9 : 0.8096"
"9,23 : 0.8237"
"23,9 : 0.8237"
"9,24 : 0.7916"
"24,9 : 0.7916"
"9,25 : 0.3501"
"25,9 : 0.3501"
"9,26 : 0.9998"
"26,9 : 0.9998"
"9,27 : 0.6946"
"27,9 : 0.6946"
"9,28 : 0.8147"
"28,9 : 0.8147"
"9,29 : 0.3821"
"29,9 : 0.3821"
"9,30 : 0.2202"
"30,9 : 0.2202"
"9,31 : 0.6351"
"31,9 : 0.6351"
"9,32 : 0.6701"
"32,9 : 0.6701"
"9,33 : 0.5456"
"33,9 : 0.5456"
"9,34 : 0.3711"
"34,9 : 0.3711"
"9,35 : 0.6901"
"35,9 : 0.6901"
"9,36 : 0.5557"
"36,9 : 0.5557"
"9,37 : 0.9061"
"37,9 : 0.9061"
"9,38 : 0.9341"
"38,9 : 0.9341"
"9,39 : 0.5148"
"39,9 : 0.5148"
"9,40 : 0.5682"
"40,9 : 0.5682"
"9,41 : 0.7325"
"41,9 : 0.7325"
"9,42 : 0.1931"
"42,9 : 0.1931"
"9,43 : 0.7341"
"43,9 : 0.7341"
"9,44 : 0.3132"
"44,9 : 0.3132"
"9,45 : 0.7962"
"45,9 : 0.7962"
"9,46 : 0.592"
"46,9 : 0.592"
"9,47 : 0.7072"
"47,9 : 0.7072"
"9,48 : 0.563"
"48,9 : 0.563"
"9,49 : 0.0825"
"49,9 : 0.0825"
"10,11 : 0.6172"
"11,10 : 0.6172"
"10,12 : 0.9291"
"12,10 : 0.9291"
"10,13 : 0.9992"
"13,10 : 0.9992"
"10,14 : 1.0387"
"14,10 : 1.0387"
"10,15 : 0.7257"
"15,10 : 0.7257"
"10,16 : 0.8266"
"16,10 : 0.8266"
"10,17 : 0.7892"
"17,10 : 0.7892"
"10,18 : 0.4827"
"18,10 : 0.4827"
"10,19 : 0.5685"
"19,10 : 0.5685"
"10,20 : 0.3453"
"20,10 : 0.3453"
"10,21 : 0.7603"
"21,10 : 0.7603"
"10,22 : 0.2126"
"22,10 : 0.2126"
"10,23 : 0.5148"
"23,10 : 0.5148"
"10,24 : 0.5657"
"24,10 : 0.5657"
"10,25 : 0.8944"
"25,10 : 0.8944"
"10,26 : 0.01"
"26,10 : 0.01"
"10,27 : 0.6139"
"27,10 : 0.6139"
"10,28 : 0.2617"
"28,10 : 0.2617"
"10,29 : 0.6408"
"29,10 : 0.6408"
"10,30 : 0.9266"
"30,10 : 0.9266"
"10,31 : 0.3758"
"31,10 : 0.3758"
"10,32 : 0.5571"
"32,10 : 0.5571"
"10,33 : 0.4662"
"33,10 : 0.4662"
"10,34 : 0.7943"
"34,10 : 0.7943"
"10,35 : 0.8982"
"35,10 : 0.8982"
"10,36 : 0.4528"
"36,10 : 0.4528"
"10,37 : 0.2236"
"37,10 : 0.2236"
"10,38 : 0.7325"
"38,10 : 0.7325"
"10,39 : 0.6612"
"39,10 : 0.6612"
"10,40 : 0.6001"
"40,10 : 0.6001"
"10,41 : 0.4924"
"41,10 : 0.4924"
"10,42 : 0.9962"
"42,10 : 0.9962"
"10,43 : 0.2961"
"43,10 : 0.2961"
"10,44 : 0.9827"
"44,10 : 0.9827"
"10,45 : 0.7596"
"45,10 : 0.7596"
"10,46 : 0.5116"
"46,10 : 0.5116"
"10,47 : 0.4866"
"47,10 : 0.4866"
"10,48 : 0.4669"
"48,10 : 0.4669"
"10,49 : 0.9884"
"49,10 : 0.9884"
"11,12 : 0.3231"
"12,11 : 0.3231"
"11,13 : 0.9092"
"13,11 : 0.9092"
"11,14 : 0.4804"
"14,11 : 0.4804"
"11,15 : 0.3466"
"15,11 : 0.3466"
"11,16 : 0.2214"
"16,11 : 0.2214"
"11,17 : 0.2786"
"17,11 : 0.2786"
"11,18 : 0.1628"
"18,11 : 0.1628"
"11,19 : 0.7606"
"19,11 : 0.7606"
"11,20 : 0.846"
"20,11 : 0.846"
"11,21 : 0.478"
"21,11 : 0.478"
"11,22 : 0.408"
"22,11 : 0.408"
"11,23 : 0.61"
"23,11 : 0.61"
"11,24 : 0.4215"
"24,11 : 0.4215"
"11,25 : 0.4751"
"25,11 : 0.4751"
"11,26 : 0.6096"
"26,11 : 0.6096"
"11,27 : 0.5457"
"27,11 : 0.5457"
"11,28 : 0.4785"
"28,11 : 0.4785"
"11,29 : 0.1921"
"29,11 : 0.1921"
"11,30 : 0.4245"
"30,11 : 0.4245"
"11,31 : 0.2729"
"31,11 : 0.2729"
"11,32 : 0.2955"
"32,11 : 0.2955"
"11,33 : 0.1581"
"33,11 : 0.1581"
"11,34 : 0.3982"
"34,11 : 0.3982"
"11,35 : 0.7103"
"35,11 : 0.7103"
"11,36 : 0.1879"
"36,11 : 0.1879"
"11,37 : 0.5682"
"37,11 : 0.5682"
"11,38 : 0.8041"
"38,11 : 0.8041"
"11,39 : 0.4071"
"39,11 : 0.4071"
"11,40 : 0.4111"
"40,11 : 0.4111"
"11,41 : 0.5101"
"41,11 : 0.5101"
"11,42 : 0.4752"
"42,11 : 0.4752"
"11,43 : 0.3847"
"43,11 : 0.3847"
"11,44 : 0.5255"
"44,11 : 0.5255"
"11,45 : 0.7117"
"45,11 : 0.7117"
"11,46 : 0.3622"
"46,11 : 0.3622"
"11,47 : 0.4801"
"47,11 : 0.4801"
"11,48 : 0.1526"
"48,11 : 0.1526"
"11,49 : 0.4211"
"49,11 : 0.4211"
"12,13 : 0.9223"
"13,12 : 0.9223"
"12,14 : 0.2059"
"14,12 : 0.2059"
"12,15 : 0.3748"
"15,12 : 0.3748"
"12,16 : 0.103"
"16,12 : 0.103"
"12,17 : 0.2236"
"17,12 : 0.2236"
"12,18 : 0.4838"
"18,12 : 0.4838"
"12,19 : 0.9398"
"19,12 : 0.9398"
"12,20 : 1.1152"
"20,12 : 1.1152"
"12,21 : 0.5001"
"21,12 : 0.5001"
"12,22 : 0.7256"
"22,12 : 0.7256"
"12,23 : 0.7892"
"23,12 : 0.7892"
"12,24 : 0.6912"
"24,12 : 0.6912"
"12,25 : 0.3764"
"25,12 : 0.3764"
"12,26 : 0.9209"
"26,12 : 0.9209"
"12,27 : 0.6719"
"27,12 : 0.6719"
"12,28 : 0.7501"
"28,12 : 0.7501"
"12,29 : 0.3245"
"29,12 : 0.3245"
"12,30 : 0.255"
"30,12 : 0.255"
"12,31 : 0.5608"
"31,12 : 0.5608"
"12,32 : 0.57"
"32,12 : 0.57"
"12,33 : 0.4632"
"33,12 : 0.4632"
"12,34 : 0.3701"
"34,12 : 0.3701"
"12,35 : 0.7086"
"35,12 : 0.7086"
"12,36 : 0.478"
"36,12 : 0.478"
"12,37 : 0.8422"
"37,12 : 0.8422"
"12,38 : 0.9223"
"38,12 : 0.9223"
"12,39 : 0.4924"
"39,12 : 0.4924"
"12,40 : 0.5376"
"40,12 : 0.5376"
"12,41 : 0.6935"
"41,12 : 0.6935"
"12,42 : 0.255"
"42,12 : 0.255"
"12,43 : 0.6648"
"43,12 : 0.6648"
"12,44 : 0.3636"
"44,12 : 0.3636"
"12,45 : 0.7923"
"45,12 : 0.7923"
"12,46 : 0.5459"
"46,12 : 0.5459"
"12,47 : 0.6664"
"47,12 : 0.6664"
"12,48 : 0.4742"
"48,12 : 0.4742"
"12,49 : 0.15"
"49,12 : 0.15"
"13,14 : 0.8106"
"14,13 : 0.8106"
"13,15 : 0.5794"
"15,13 : 0.5794"
"13,16 : 0.8929"
"16,13 : 0.8929"
"13,17 : 0.7157"
"17,13 : 0.7157"
"13,18 : 0.9745"
"18,13 : 0.9745"
"13,19 : 0.4809"
"19,13 : 0.4809"
"13,20 : 0.8615"
"20,13 : 0.8615"
"13,21 : 0.4401"
"21,13 : 0.4401"
"13,22 : 0.9544"
"22,13 : 0.9544"
"13,23 : 0.4847"
"23,13 : 0.4847"
"13,24 : 1.2681"
"24,13 : 1.2681"
"13,25 : 0.5515"
"25,13 : 0.5515"
"13,26 : 0.9901"
"26,13 : 0.9901"
"13,27 : 0.4123"
"27,13 : 0.4123"
"13,28 : 0.7518"
"28,13 : 0.7518"
"13,29 : 0.7201"
"29,13 : 0.7201"
"13,30 : 0.6812"
"30,13 : 0.6812"
"13,31 : 0.7993"
"31,13 : 0.7993"
"13,32 : 1.1604"
"32,13 : 1.1604"
"13,33 : 0.8528"
"33,13 : 0.8528"
"13,34 : 0.5579"
"34,13 : 0.5579"
"13,35 : 0.2138"
"35,13 : 0.2138"
"13,36 : 0.8157"
"36,13 : 0.8157"
"13,37 : 0.7762"
"37,13 : 0.7762"
"13,38 : 0.3"
"38,13 : 0.3"
"13,39 : 0.5025"
"39,13 : 0.5025"
"13,40 : 0.5122"
"40,13 : 0.5122"
"13,41 : 0.5215"
"41,13 : 0.5215"
"13,42 : 0.7203"
"42,13 : 0.7203"
"13,43 : 0.7742"
"43,13 : 0.7742"
"13,44 : 0.6013"
"44,13 : 0.6013"
"13,45 : 0.2419"
"45,13 : 0.2419"
"13,46 : 0.5941"
"46,13 : 0.5941"
"13,47 : 0.5382"
"47,13 : 0.5382"
"13,48 : 0.9168"
"48,13 : 0.9168"
"13,49 : 0.8205"
"49,13 : 0.8205"
"14,15 : 0.3612"
"15,14 : 0.3612"
"14,16 : 0.2746"
"16,14 : 0.2746"
"14,17 : 0.2506"
"17,14 : 0.2506"
"14,18 : 0.642"
"18,14 : 0.642"
"14,19 : 0.9319"
"19,14 : 0.9319"
"14,20 : 1.1703"
"20,14 : 1.1703"
"14,21 : 0.4428"
"21,14 : 0.4428"
"14,22 : 0.8507"
"22,14 : 0.8507"
"14,23 : 0.792"
"23,14 : 0.792"
"14,24 : 0.8812"
"24,14 : 0.8812"
"14,25 : 0.2693"
"25,14 : 0.2693"
"14,26 : 1.0296"
"26,14 : 1.0296"
"14,27 : 0.6519"
"27,14 : 0.6519"
"14,28 : 0.8238"
"28,14 : 0.8238"
"14,29 : 0.3981"
"29,14 : 0.3981"
"14,30 : 0.1476"
"30,14 : 0.1476"
"14,31 : 0.6631"
"31,14 : 0.6631"
"14,32 : 0.7566"
"32,14 : 0.7566"
"14,33 : 0.5894"
"33,14 : 0.5894"
"14,34 : 0.3191"
"34,14 : 0.3191"
"14,35 : 0.6041"
"35,14 : 0.6041"
"14,36 : 0.5914"
"36,14 : 0.5914"
"14,37 : 0.9126"
"37,14 : 0.9126"
"14,38 : 0.8746"
"38,14 : 0.8746"
"14,39 : 0.478"
"39,14 : 0.478"
"14,40 : 0.5391"
"40,14 : 0.5391"
"14,41 : 0.7084"
"41,14 : 0.7084"
"14,42 : 0.0906"
"42,14 : 0.0906"
"14,43 : 0.7518"
"43,14 : 0.7518"
"14,44 : 0.2102"
"44,14 : 0.2102"
"14,45 : 0.7305"
"45,14 : 0.7305"
"14,46 : 0.5814"
"46,14 : 0.5814"
"14,47 : 0.6862"
"47,14 : 0.6862"
"14,48 : 0.6181"
"48,14 : 0.6181"
"14,49 : 0.0608"
"49,14 : 0.0608"
"15,16 : 0.3214"
"16,15 : 0.3214"
"15,17 : 0.1513"
"17,15 : 0.1513"
"15,18 : 0.4565"
"18,15 : 0.4565"
"15,19 : 0.5771"
"19,15 : 0.5771"
"15,20 : 0.814"
"20,15 : 0.814"
"15,21 : 0.1393"
"21,15 : 0.1393"
"15,22 : 0.5701"
"22,15 : 0.5701"
"15,23 : 0.4327"
"23,15 : 0.4327"
"15,24 : 0.7517"
"24,15 : 0.7517"
"15,25 : 0.1703"
"25,15 : 0.1703"
"15,26 : 0.7159"
"26,15 : 0.7159"
"15,27 : 0.3008"
"27,15 : 0.3008"
"15,28 : 0.4847"
"28,15 : 0.4847"
"15,29 : 0.1562"
"29,15 : 0.1562"
"15,30 : 0.2202"
"30,15 : 0.2202"
"15,31 : 0.3701"
"31,15 : 0.3701"
"15,32 : 0.6301"
"32,15 : 0.6301"
"15,33 : 0.3511"
"33,15 : 0.3511"
"15,34 : 0.07"
"34,15 : 0.07"
"15,35 : 0.3712"
"35,15 : 0.3712"
"15,36 : 0.3298"
"36,15 : 0.3298"
"15,37 : 0.568"
"37,15 : 0.568"
"15,38 : 0.5474"
"38,15 : 0.5474"
"15,39 : 0.1208"
"39,15 : 0.1208"
"15,40 : 0.178"
"40,15 : 0.178"
"15,41 : 0.3471"
"41,15 : 0.3471"
"15,42 : 0.2921"
"42,15 : 0.2921"
"15,43 : 0.4295"
"43,15 : 0.4295"
"15,44 : 0.2571"
"44,15 : 0.2571"
"15,45 : 0.42"
"45,15 : 0.42"
"15,46 : 0.2283"
"46,15 : 0.2283"
"15,47 : 0.3253"
"47,15 : 0.3253"
"15,48 : 0.4072"
"48,15 : 0.4072"
"15,49 : 0.3329"
"49,15 : 0.3329"
"16,17 : 0.1772"
"17,16 : 0.1772"
"16,18 : 0.3833"
"18,16 : 0.3833"
"16,19 : 0.864"
"19,16 : 0.864"
"16,20 : 1.02"
"20,16 : 1.02"
"16,21 : 0.4571"
"21,16 : 0.4571"
"16,22 : 0.6227"
"22,16 : 0.6227"
"16,23 : 0.7117"
"23,16 : 0.7117"
"16,24 : 0.6067"
"24,16 : 0.6067"
"16,25 : 0.3689"
"25,16 : 0.3689"
"16,26 : 0.8184"
"26,16 : 0.8184"
"16,27 : 0.6053"
"27,16 : 0.6053"
"16,28 : 0.653"
"28,16 : 0.653"
"16,29 : 0.2377"
"29,16 : 0.2377"
"16,30 : 0.2691"
"30,16 : 0.2691"
"16,31 : 0.4601"
"31,16 : 0.4601"
"16,32 : 0.4826"
"32,16 : 0.4826"
"16,33 : 0.3606"
"33,16 : 0.3606"
"16,34 : 0.3353"
"34,16 : 0.3353"
"16,35 : 0.6801"
"35,16 : 0.6801"
"16,36 : 0.3764"
"36,16 : 0.3764"
"16,37 : 0.7452"
"37,16 : 0.7452"
"16,38 : 0.8621"
"38,16 : 0.8621"
"16,39 : 0.4305"
"39,16 : 0.4305"
"16,40 : 0.4669"
"40,16 : 0.4669"
"16,41 : 0.6135"
"41,16 : 0.6135"
"16,42 : 0.2953"
"42,16 : 0.2953"
"16,43 : 0.5659"
"43,16 : 0.5659"
"16,44 : 0.3821"
"44,16 : 0.3821"
"16,45 : 0.7406"
"45,16 : 0.7406"
"16,46 : 0.4624"
"46,16 : 0.4624"
"16,47 : 0.5852"
"47,16 : 0.5852"
"16,48 : 0.3716"
"48,16 : 0.3716"
"16,49 : 0.2138"
"49,16 : 0.2138"
"17,18 : 0.4258"
"18,17 : 0.4258"
"17,19 : 0.7209"
"19,17 : 0.7209"
"17,20 : 0.9266"
"20,17 : 0.9266"
"17,21 : 0.2816"
"21,17 : 0.2816"
"17,22 : 0.6064"
"22,17 : 0.6064"
"17,23 : 0.5725"
"23,17 : 0.5725"
"17,24 : 0.7001"
"24,17 : 0.7001"
"17,25 : 0.2052"
"25,17 : 0.2052"
"17,26 : 0.78"
"26,17 : 0.78"
"17,27 : 0.4492"
"27,17 : 0.4492"
"17,28 : 0.5743"
"28,17 : 0.5743"
"17,29 : 0.1487"
"29,17 : 0.1487"
"17,30 : 0.1503"
"30,17 : 0.1503"
"17,31 : 0.4144"
"31,17 : 0.4144"
"17,32 : 0.5738"
"32,17 : 0.5738"
"17,33 : 0.3513"
"33,17 : 0.3513"
"17,34 : 0.1581"
"34,17 : 0.1581"
"17,35 : 0.5029"
"35,17 : 0.5029"
"17,36 : 0.3471"
"36,17 : 0.3471"
"17,37 : 0.664"
"37,17 : 0.664"
"17,38 : 0.6987"
"38,17 : 0.6987"
"17,39 : 0.2693"
"39,17 : 0.2693"
"17,40 : 0.3178"
"40,17 : 0.3178"
"17,41 : 0.4802"
"41,17 : 0.4802"
"17,42 : 0.2121"
"42,17 : 0.2121"
"17,43 : 0.5012"
"43,17 : 0.5012"
"17,44 : 0.247"
"44,17 : 0.247"
"17,45 : 0.5704"
"45,17 : 0.5704"
"17,46 : 0.3406"
"46,17 : 0.3406"
"17,47 : 0.4549"
"47,17 : 0.4549"
"17,48 : 0.3905"
"48,17 : 0.3905"
"17,49 : 0.2062"
"49,17 : 0.2062"
"18,19 : 0.7415"
"19,18 : 0.7415"
"18,20 : 0.7527"
"20,18 : 0.7527"
"18,21 : 0.5701"
"21,18 : 0.5701"
"18,22 : 0.2702"
"22,18 : 0.2702"
"18,23 : 0.6017"
"23,18 : 0.6017"
"18,24 : 0.2983"
"24,18 : 0.2983"
"18,25 : 0.6075"
"25,18 : 0.6075"
"18,26 : 0.4763"
"26,18 : 0.4763"
"18,27 : 0.578"
"27,18 : 0.578"
"18,28 : 0.4031"
"28,18 : 0.4031"
"18,29 : 0.3046"
"29,18 : 0.3046"
"18,30 : 0.5756"
"30,18 : 0.5756"
"18,31 : 0.2121"
"31,18 : 0.2121"
"18,32 : 0.186"
"32,18 : 0.186"
"18,33 : 0.1221"
"33,18 : 0.1221"
"18,34 : 0.5189"
"34,18 : 0.5189"
"18,35 : 0.7921"
"35,18 : 0.7921"
"18,36 : 0.1612"
"36,18 : 0.1612"
"18,37 : 0.4827"
"37,18 : 0.4827"
"18,38 : 0.8208"
"38,18 : 0.8208"
"18,39 : 0.481"
"39,18 : 0.481"
"18,40 : 0.4623"
"40,18 : 0.4623"
"18,41 : 0.5092"
"41,18 : 0.5092"
"18,42 : 0.6313"
"42,18 : 0.6313"
"18,43 : 0.3106"
"43,18 : 0.3106"
"18,44 : 0.6694"
"44,18 : 0.6694"
"18,45 : 0.7547"
"45,18 : 0.7547"
"18,46 : 0.3859"
"46,18 : 0.3859"
"18,47 : 0.481"
"47,18 : 0.481"
"18,48 : 0.0583"
"48,18 : 0.0583"
"18,49 : 0.5831"
"49,18 : 0.5831"
"19,20 : 0.3805"
"20,19 : 0.3805"
"19,21 : 0.4968"
"21,19 : 0.4968"
"19,22 : 0.6003"
"22,19 : 0.6003"
"19,23 : 0.153"
"23,19 : 0.153"
"19,24 : 0.9879"
"24,19 : 0.9879"
"19,25 : 0.6812"
"25,19 : 0.6812"
"19,26 : 0.5608"
"26,19 : 0.5608"
"19,27 : 0.2802"
"27,19 : 0.2802"
"19,28 : 0.3759"
"28,19 : 0.3759"
"19,29 : 0.6282"
"29,19 : 0.6282"
"19,30 : 0.7849"
"30,19 : 0.7849"
"19,31 : 0.5295"
"31,19 : 0.5295"
"19,32 : 0.9121"
"32,19 : 0.9121"
"19,33 : 0.6329"
"33,19 : 0.6329"
"19,34 : 0.6129"
"34,19 : 0.6129"
"19,35 : 0.4754"
"35,19 : 0.4754"
"19,36 : 0.5921"
"36,19 : 0.5921"
"19,37 : 0.3538"
"37,19 : 0.3538"
"19,38 : 0.1825"
"38,19 : 0.1825"
"19,39 : 0.4565"
"39,19 : 0.4565"
"19,40 : 0.4031"
"40,19 : 0.4031"
"19,41 : 0.2532"
"41,19 : 0.2532"
"19,42 : 0.8521"
"42,19 : 0.8521"
"19,43 : 0.446"
"43,19 : 0.446"
"19,44 : 0.7716"
"44,19 : 0.7716"
"19,45 : 0.2846"
"45,19 : 0.2846"
"19,46 : 0.4061"
"46,19 : 0.4061"
"19,47 : 0.2828"
"47,19 : 0.2828"
"19,48 : 0.6873"
"48,19 : 0.6873"
"19,49 : 0.9092"
"49,19 : 0.9092"
"20,21 : 0.7871"
"21,20 : 0.7871"
"20,22 : 0.5064"
"22,20 : 0.5064"
"20,23 : 0.4301"
"23,20 : 0.4301"
"20,24 : 0.9002"
"24,20 : 0.9002"
"20,25 : 0.9604"
"25,20 : 0.9604"
"20,26 : 0.3437"
"26,20 : 0.3437"
"20,27 : 0.5794"
"27,20 : 0.5794"
"20,28 : 0.3689"
"28,20 : 0.3689"
"20,29 : 0.7931"
"29,20 : 0.7931"
"20,30 : 1.0341"
"30,20 : 1.0341"
"20,31 : 0.5731"
"31,20 : 0.5731"
"20,32 : 0.8713"
"32,20 : 0.8713"
"20,33 : 0.6888"
"33,20 : 0.6888"
"20,34 : 0.8709"
"34,20 : 0.8709"
"20,35 : 0.8355"
"35,20 : 0.8355"
"20,36 : 0.6586"
"36,20 : 0.6586"
"20,37 : 0.2778"
"37,20 : 0.2778"
"20,38 : 0.5622"
"38,20 : 0.5622"
"20,39 : 0.7102"
"39,20 : 0.7102"
"20,40 : 0.6435"
"40,20 : 0.6435"
"20,41 : 0.4789"
"41,20 : 0.4789"
"20,42 : 1.106"
"42,20 : 1.106"
"20,43 : 0.4614"
"43,20 : 0.4614"
"20,44 : 1.0548"
"44,20 : 1.0548"
"20,45 : 0.6538"
"45,20 : 0.6538"
"20,46 : 0.589"
"46,20 : 0.589"
"20,47 : 0.494"
"47,20 : 0.494"
"20,48 : 0.7169"
"48,20 : 0.7169"
"20,49 : 1.1322"
"49,20 : 1.1322"
"21,22 : 0.6356"
"22,21 : 0.6356"
"21,23 : 0.3701"
"23,21 : 0.3701"
"21,24 : 0.8683"
"24,21 : 0.8683"
"21,25 : 0.1844"
"25,21 : 0.1844"
"21,26 : 0.7503"
"26,21 : 0.7503"
"21,27 : 0.2193"
"27,21 : 0.2193"
"21,28 : 0.5025"
"28,21 : 0.5025"
"21,29 : 0.286"
"29,21 : 0.286"
"21,30 : 0.2955"
"30,21 : 0.2955"
"21,31 : 0.4427"
"31,21 : 0.4427"
"21,32 : 0.7507"
"32,21 : 0.7507"
"21,33 : 0.4549"
"33,21 : 0.4549"
"21,34 : 0.1315"
"34,21 : 0.1315"
"21,35 : 0.2332"
"35,21 : 0.2332"
"21,36 : 0.4254"
"36,21 : 0.4254"
"21,37 : 0.5727"
"37,21 : 0.5727"
"21,38 : 0.4332"
"38,21 : 0.4332"
"21,39 : 0.102"
"39,21 : 0.102"
"21,40 : 0.1603"
"40,21 : 0.1603"
"21,41 : 0.3087"
"41,21 : 0.3087"
"21,42 : 0.3585"
"42,21 : 0.3585"
"21,43 : 0.4717"
"43,21 : 0.4717"
"21,44 : 0.2759"
"44,21 : 0.2759"
"21,45 : 0.2943"
"45,21 : 0.2943"
"21,46 : 0.2508"
"46,21 : 0.2508"
"21,47 : 0.2973"
"47,21 : 0.2973"
"21,48 : 0.5161"
"48,21 : 0.5161"
"21,49 : 0.4301"
"49,21 : 0.4301"
"22,23 : 0.4958"
"23,22 : 0.4958"
"22,24 : 0.4045"
"24,22 : 0.4045"
"22,25 : 0.74"
"25,22 : 0.74"
"22,26 : 0.2062"
"26,22 : 0.2062"
"22,27 : 0.5438"
"27,22 : 0.5438"
"22,28 : 0.2247"
"28,22 : 0.2247"
"22,29 : 0.4589"
"29,22 : 0.4589"
"22,30 : 0.7513"
"30,22 : 0.7513"
"22,31 : 0.2"
"31,22 : 0.2"
"22,32 : 0.365"
"32,22 : 0.365"
"22,33 : 0.264"
"33,22 : 0.264"
"22,34 : 0.6401"
"34,22 : 0.6401"
"22,35 : 0.8144"
"35,22 : 0.8144"
"22,36 : 0.2596"
"36,22 : 0.2596"
"22,37 : 0.2668"
"37,22 : 0.2668"
"22,38 : 0.73"
"38,22 : 0.73"
"22,39 : 0.5337"
"39,22 : 0.5337"
"22,40 : 0.4838"
"40,22 : 0.4838"
"22,41 : 0.4342"
"41,22 : 0.4342"
"22,42 : 0.8179"
"42,22 : 0.8179"
"22,43 : 0.1803"
"43,22 : 0.1803"
"22,44 : 0.8215"
"44,22 : 0.8215"
"22,45 : 0.714"
"45,22 : 0.714"
"22,46 : 0.389"
"46,22 : 0.389"
"22,47 : 0.4162"
"47,22 : 0.4162"
"22,48 : 0.2561"
"48,22 : 0.2561"
"22,49 : 0.7971"
"49,22 : 0.7971"
"23,24 : 0.8631"
"24,23 : 0.8631"
"23,25 : 0.5523"
"25,23 : 0.5523"
"23,26 : 0.5057"
"26,23 : 0.5057"
"23,27 : 0.1526"
"27,23 : 0.1526"
"23,28 : 0.2766"
"28,23 : 0.2766"
"23,29 : 0.4754"
"29,23 : 0.4754"
"23,30 : 0.6466"
"30,23 : 0.6466"
"23,31 : 0.3922"
"31,23 : 0.3922"
"23,32 : 0.7783"
"32,23 : 0.7783"
"23,33 : 0.4884"
"33,23 : 0.4884"
"23,34 : 0.4751"
"34,23 : 0.4751"
"23,35 : 0.4111"
"35,23 : 0.4111"
"23,36 : 0.4472"
"36,23 : 0.4472"
"23,37 : 0.2915"
"37,23 : 0.2915"
"23,38 : 0.2343"
"38,23 : 0.2343"
"23,39 : 0.314"
"39,23 : 0.314"
"23,40 : 0.2555"
"40,23 : 0.2555"
"23,41 : 0.1005"
"41,23 : 0.1005"
"23,42 : 0.7159"
"42,23 : 0.7159"
"23,43 : 0.3245"
"43,23 : 0.3245"
"23,44 : 0.6454"
"44,23 : 0.6454"
"23,45 : 0.2474"
"45,23 : 0.2474"
"23,46 : 0.2532"
"46,23 : 0.2532"
"23,47 : 0.1304"
"47,23 : 0.1304"
"23,48 : 0.5457"
"48,23 : 0.5457"
"23,49 : 0.7655"
"49,23 : 0.7655"
"24,25 : 0.8944"
"25,24 : 0.8944"
"24,26 : 0.5644"
"26,24 : 0.5644"
"24,27 : 0.864"
"27,24 : 0.864"
"24,28 : 0.6168"
"28,24 : 0.6168"
"24,29 : 0.5968"
"29,24 : 0.5968"
"24,30 : 0.8443"
"30,24 : 0.8443"
"24,31 : 0.4771"
"31,24 : 0.4771"
"24,32 : 0.1265"
"32,24 : 0.1265"
"24,33 : 0.4173"
"33,24 : 0.4173"
"24,34 : 0.8112"
"34,24 : 0.8112"
"24,35 : 1.0898"
"35,24 : 1.0898"
"24,36 : 0.4528"
"36,24 : 0.4528"
"24,37 : 0.6708"
"37,24 : 0.6708"
"24,38 : 1.0927"
"38,24 : 1.0927"
"24,39 : 0.779"
"39,24 : 0.779"
"24,40 : 0.7569"
"40,24 : 0.7569"
"24,41 : 0.7803"
"41,24 : 0.7803"
"24,42 : 0.8902"
"42,24 : 0.8902"
"24,43 : 0.5423"
"43,24 : 0.5423"
"24,44 : 0.947"
"44,24 : 0.947"
"24,45 : 1.042"
"45,24 : 1.042"
"24,46 : 0.6748"
"46,24 : 0.6748"
"24,47 : 0.7547"
"47,24 : 0.7547"
"24,48 : 0.3538"
"48,24 : 0.3538"
"24,49 : 0.8204"
"49,24 : 0.8204"
"25,26 : 0.8846"
"26,25 : 0.8846"
"25,27 : 0.4031"
"27,25 : 0.4031"
"25,28 : 0.6485"
"28,25 : 0.6485"
"25,29 : 0.3036"
"29,25 : 0.3036"
"25,30 : 0.13"
"30,25 : 0.13"
"25,31 : 0.54"
"31,25 : 0.54"
"25,32 : 0.7694"
"32,25 : 0.7694"
"25,33 : 0.512"
"33,25 : 0.512"
"25,34 : 0.1005"
"34,25 : 0.1005"
"25,35 : 0.34"
"35,25 : 0.34"
"25,36 : 0.495"
"36,25 : 0.495"
"25,37 : 0.728"
"37,25 : 0.728"
"25,38 : 0.6084"
"38,25 : 0.6084"
"25,39 : 0.2506"
"39,25 : 0.2506"
"25,40 : 0.3176"
"40,25 : 0.3176"
"25,41 : 0.4826"
"41,25 : 0.4826"
"25,42 : 0.1803"
"42,25 : 0.1803"
"25,43 : 0.5984"
"43,25 : 0.5984"
"25,44 : 0.0943"
"44,25 : 0.0943"
"25,45 : 0.4624"
"45,25 : 0.4624"
"25,46 : 0.389"
"46,25 : 0.389"
"25,47 : 0.4665"
"47,25 : 0.4665"
"25,48 : 0.5632"
"48,25 : 0.5632"
"25,49 : 0.2702"
"49,25 : 0.2702"
"26,27 : 0.6042"
"27,26 : 0.6042"
"26,28 : 0.2518"
"28,26 : 0.2518"
"26,29 : 0.6316"
"29,26 : 0.6316"
"26,30 : 0.9171"
"30,26 : 0.9171"
"26,31 : 0.3667"
"31,26 : 0.3667"
"26,32 : 0.5536"
"32,26 : 0.5536"
"26,33 : 0.458"
"33,26 : 0.458"
"26,34 : 0.7845"
"34,26 : 0.7845"
"26,35 : 0.8884"
"35,26 : 0.8884"
"26,36 : 0.4442"
"36,26 : 0.4442"
"26,37 : 0.2147"
"37,26 : 0.2147"
"26,38 : 0.724"
"38,26 : 0.724"
"26,39 : 0.6512"
"39,26 : 0.6512"
"26,40 : 0.5901"
"40,26 : 0.5901"
"26,41 : 0.4827"
"41,26 : 0.4827"
"26,42 : 0.9868"
"42,26 : 0.9868"
"26,43 : 0.2864"
"43,26 : 0.2864"
"26,44 : 0.9729"
"44,26 : 0.9729"
"26,45 : 0.7503"
"45,26 : 0.7503"
"26,46 : 0.5016"
"46,26 : 0.5016"
"26,47 : 0.4768"
"47,26 : 0.4768"
"26,48 : 0.4597"
"48,26 : 0.4597"
"26,49 : 0.9794"
"49,26 : 0.9794"
"27,28 : 0.3544"
"28,27 : 0.3544"
"27,29 : 0.3801"
"29,27 : 0.3801"
"27,30 : 0.5048"
"30,27 : 0.5048"
"27,31 : 0.3895"
"31,27 : 0.3895"
"27,32 : 0.7632"
"32,27 : 0.7632"
"27,33 : 0.4565"
"33,27 : 0.4565"
"27,34 : 0.3329"
"34,27 : 0.3329"
"27,35 : 0.2844"
"35,27 : 0.2844"
"27,36 : 0.4168"
"36,27 : 0.4168"
"27,37 : 0.4011"
"37,27 : 0.4011"
"27,38 : 0.2608"
"38,27 : 0.2608"
"27,39 : 0.1803"
"39,27 : 0.1803"
"27,40 : 0.14"
"40,27 : 0.14"
"27,41 : 0.1217"
"41,27 : 0.1217"
"27,42 : 0.572"
"42,27 : 0.572"
"27,43 : 0.3636"
"43,27 : 0.3636"
"27,44 : 0.4952"
"44,27 : 0.4952"
"27,45 : 0.178"
"45,27 : 0.178"
"27,46 : 0.1924"
"46,27 : 0.1924"
"27,47 : 0.13"
"47,27 : 0.13"
"27,48 : 0.5197"
"48,27 : 0.5197"
"27,49 : 0.6306"
"49,27 : 0.6306"
"28,29 : 0.4328"
"29,28 : 0.4328"
"28,30 : 0.6977"
"30,28 : 0.6977"
"28,31 : 0.2062"
"31,28 : 0.2062"
"28,32 : 0.5533"
"32,28 : 0.5533"
"28,33 : 0.3231"
"33,28 : 0.3231"
"28,34 : 0.5503"
"34,28 : 0.5503"
"28,35 : 0.6379"
"35,28 : 0.6379"
"28,36 : 0.2907"
"36,28 : 0.2907"
"28,37 : 0.0922"
"37,28 : 0.0922"
"28,38 : 0.5091"
"38,28 : 0.5091"
"28,39 : 0.4061"
"39,28 : 0.4061"
"28,40 : 0.3423"
"40,28 : 0.3423"
"28,41 : 0.2341"
"41,28 : 0.2341"
"28,42 : 0.7694"
"42,28 : 0.7694"
"28,43 : 0.0949"
"43,28 : 0.0949"
"28,44 : 0.74"
"44,28 : 0.74"
"28,45 : 0.51"
"45,28 : 0.51"
"28,46 : 0.2596"
"46,28 : 0.2596"
"28,47 : 0.2256"
"47,28 : 0.2256"
"28,48 : 0.359"
"48,28 : 0.359"
"28,49 : 0.7801"
"49,28 : 0.7801"
"29,30 : 0.2927"
"30,29 : 0.2927"
"29,31 : 0.2657"
"31,29 : 0.2657"
"29,32 : 0.4743"
"32,29 : 0.4743"
"29,33 : 0.211"
"33,29 : 0.211"
"29,34 : 0.2147"
"34,29 : 0.2147"
"29,35 : 0.5187"
"35,29 : 0.5187"
"29,36 : 0.201"
"36,29 : 0.201"
"29,37 : 0.524"
"37,29 : 0.524"
"29,38 : 0.6407"
"38,29 : 0.6407"
"29,39 : 0.2214"
"39,29 : 0.2214"
"29,40 : 0.2402"
"40,29 : 0.2402"
"29,41 : 0.3764"
"41,29 : 0.3764"
"29,42 : 0.359"
"42,29 : 0.359"
"29,43 : 0.3551"
"43,29 : 0.3551"
"29,44 : 0.3722"
"44,29 : 0.3722"
"29,45 : 0.5337"
"45,29 : 0.5337"
"29,46 : 0.2247"
"46,29 : 0.2247"
"29,47 : 0.3479"
"47,29 : 0.3479"
"29,48 : 0.2596"
"48,29 : 0.2596"
"29,49 : 0.3499"
"49,29 : 0.3499"
"30,31 : 0.5554"
"31,30 : 0.5554"
"30,32 : 0.7178"
"32,30 : 0.7178"
"30,33 : 0.5004"
"33,30 : 0.5004"
"30,34 : 0.172"
"34,30 : 0.172"
"30,35 : 0.47"
"35,30 : 0.47"
"30,36 : 0.4937"
"36,30 : 0.4937"
"30,37 : 0.7839"
"37,30 : 0.7839"
"30,38 : 0.728"
"38,30 : 0.728"
"30,39 : 0.333"
"39,30 : 0.333"
"30,40 : 0.396"
"40,30 : 0.396"
"30,41 : 0.5657"
"41,30 : 0.5657"
"30,42 : 0.0721"
"42,30 : 0.0721"
"30,43 : 0.6332"
"43,30 : 0.6332"
"30,44 : 0.1131"
"44,30 : 0.1131"
"30,45 : 0.5852"
"45,30 : 0.5852"
"30,46 : 0.4465"
"46,30 : 0.4465"
"30,47 : 0.5449"
"47,30 : 0.5449"
"30,48 : 0.5408"
"48,30 : 0.5408"
"30,49 : 0.1404"
"49,30 : 0.1404"
"31,32 : 0.3863"
"32,31 : 0.3863"
"31,33 : 0.117"
"33,31 : 0.117"
"31,34 : 0.4401"
"34,31 : 0.4401"
"31,35 : 0.6381"
"35,31 : 0.6381"
"31,36 : 0.086"
"36,31 : 0.086"
"31,37 : 0.2953"
"37,31 : 0.2953"
"31,38 : 0.6172"
"38,31 : 0.6172"
"31,39 : 0.3418"
"39,31 : 0.3418"
"31,40 : 0.3002"
"40,31 : 0.3002"
"31,41 : 0.3041"
"41,31 : 0.3041"
"31,42 : 0.6236"
"42,31 : 0.6236"
"31,43 : 0.1118"
"43,31 : 0.1118"
"31,44 : 0.622"
"44,31 : 0.622"
"31,45 : 0.5673"
"45,31 : 0.5673"
"31,46 : 0.2081"
"46,31 : 0.2081"
"31,47 : 0.2778"
"47,31 : 0.2778"
"31,48 : 0.16"
"48,31 : 0.16"
"31,49 : 0.6127"
"49,31 : 0.6127"
"32,33 : 0.3081"
"33,32 : 0.3081"
"32,34 : 0.688"
"34,32 : 0.688"
"32,35 : 0.9759"
"35,32 : 0.9759"
"32,36 : 0.3467"
"36,32 : 0.3467"
"32,37 : 0.62"
"37,32 : 0.62"
"32,38 : 1.0022"
"38,32 : 1.0022"
"32,39 : 0.6648"
"39,32 : 0.6648"
"32,40 : 0.6482"
"40,32 : 0.6482"
"32,41 : 0.6894"
"41,32 : 0.6894"
"32,42 : 0.764"
"42,32 : 0.764"
"32,43 : 0.4687"
"43,32 : 0.4687"
"32,44 : 0.8208"
"44,32 : 0.8208"
"32,45 : 0.9403"
"45,32 : 0.9403"
"32,46 : 0.5714"
"46,32 : 0.5714"
"32,47 : 0.6621"
"47,32 : 0.6621"
"32,48 : 0.2441"
"48,32 : 0.2441"
"32,49 : 0.6958"
"49,32 : 0.6958"
"33,34 : 0.4176"
"34,33 : 0.4176"
"33,35 : 0.6727"
"35,33 : 0.6727"
"33,36 : 0.0412"
"36,33 : 0.0412"
"33,37 : 0.4115"
"37,33 : 0.4115"
"33,38 : 0.7023"
"38,33 : 0.7023"
"33,39 : 0.3624"
"39,33 : 0.3624"
"33,40 : 0.3406"
"40,33 : 0.3406"
"33,41 : 0.3929"
"41,33 : 0.3929"
"33,42 : 0.5632"
"42,33 : 0.5632"
"33,43 : 0.2285"
"43,33 : 0.2285"
"33,44 : 0.5831"
"44,33 : 0.5831"
"33,45 : 0.6329"
"45,33 : 0.6329"
"33,46 : 0.2642"
"46,33 : 0.2642"
"33,47 : 0.364"
"47,33 : 0.364"
"33,48 : 0.064"
"48,33 : 0.064"
"33,49 : 0.5345"
"49,33 : 0.5345"
"34,35 : 0.3448"
"35,34 : 0.3448"
"34,36 : 0.3981"
"36,34 : 0.3981"
"34,37 : 0.6316"
"37,34 : 0.6316"
"34,38 : 0.5632"
"38,34 : 0.5632"
"34,39 : 0.1628"
"39,34 : 0.1628"
"34,40 : 0.228"
"40,34 : 0.228"
"34,41 : 0.397"
"41,34 : 0.397"
"34,42 : 0.2408"
"42,34 : 0.2408"
"34,43 : 0.4982"
"43,34 : 0.4982"
"34,44 : 0.1897"
"44,34 : 0.1897"
"34,45 : 0.4258"
"45,34 : 0.4258"
"34,46 : 0.2915"
"46,34 : 0.2915"
"34,47 : 0.378"
"47,34 : 0.378"
"34,48 : 0.4717"
"48,34 : 0.4717"
"34,49 : 0.3008"
"49,34 : 0.3008"
"35,36 : 0.6389"
"36,35 : 0.6389"
"35,37 : 0.6847"
"37,35 : 0.6847"
"35,38 : 0.3342"
"38,35 : 0.3342"
"35,39 : 0.3111"
"39,35 : 0.3111"
"35,40 : 0.3384"
"40,35 : 0.3384"
"35,41 : 0.4061"
"41,35 : 0.4061"
"35,42 : 0.5135"
"42,35 : 0.5135"
"35,43 : 0.6369"
"43,35 : 0.6369"
"35,44 : 0.3981"
"44,35 : 0.3981"
"35,45 : 0.1924"
"45,35 : 0.1924"
"35,46 : 0.4305"
"46,35 : 0.4305"
"35,47 : 0.4123"
"47,35 : 0.4123"
"35,48 : 0.7359"
"48,35 : 0.7359"
"35,49 : 0.6101"
"49,35 : 0.6101"
"36,37 : 0.3808"
"37,36 : 0.3808"
"36,38 : 0.6613"
"38,36 : 0.6613"
"36,39 : 0.3302"
"39,36 : 0.3302"
"36,40 : 0.3041"
"40,36 : 0.3041"
"36,41 : 0.3517"
"41,36 : 0.3517"
"36,42 : 0.559"
"42,36 : 0.559"
"36,43 : 0.1972"
"43,36 : 0.1972"
"36,44 : 0.5704"
"44,36 : 0.5704"
"36,45 : 0.5936"
"45,36 : 0.5936"
"36,46 : 0.2247"
"46,36 : 0.2247"
"36,47 : 0.3228"
"47,36 : 0.3228"
"36,48 : 0.103"
"48,36 : 0.103"
"36,49 : 0.5385"
"49,36 : 0.5385"
"37,38 : 0.5104"
"38,37 : 0.5104"
"37,39 : 0.4808"
"39,37 : 0.4808"
"37,40 : 0.4148"
"40,37 : 0.4148"
"37,41 : 0.2802"
"41,37 : 0.2802"
"37,42 : 0.8559"
"42,37 : 0.8559"
"37,43 : 0.1836"
"43,37 : 0.1836"
"37,44 : 0.8208"
"44,37 : 0.8208"
"37,45 : 0.5376"
"45,37 : 0.5376"
"37,46 : 0.3401"
"46,37 : 0.3401"
"37,47 : 0.2807"
"47,37 : 0.2807"
"37,48 : 0.4427"
"48,37 : 0.4427"
"37,49 : 0.8701"
"49,37 : 0.8701"
"38,39 : 0.4319"
"39,38 : 0.4319"
"38,40 : 0.4005"
"40,38 : 0.4005"
"38,41 : 0.313"
"41,38 : 0.313"
"38,42 : 0.7879"
"42,38 : 0.7879"
"38,43 : 0.558"
"43,38 : 0.558"
"38,44 : 0.6896"
"44,38 : 0.6896"
"38,45 : 0.15"
"45,38 : 0.15"
"38,46 : 0.4438"
"46,38 : 0.4438"
"38,47 : 0.3401"
"47,38 : 0.3401"
"38,48 : 0.7632"
"48,38 : 0.7632"
"38,49 : 0.8633"
"49,38 : 0.8633"
"39,40 : 0.0671"
"40,39 : 0.0671"
"39,41 : 0.2343"
"41,39 : 0.2343"
"39,42 : 0.4031"
"42,39 : 0.4031"
"39,43 : 0.3705"
"43,39 : 0.3705"
"39,44 : 0.3448"
"44,39 : 0.3448"
"39,45 : 0.314"
"45,39 : 0.314"
"39,46 : 0.15"
"46,39 : 0.15"
"39,47 : 0.2163"
"47,39 : 0.2163"
"39,48 : 0.4252"
"48,39 : 0.4252"
"39,49 : 0.4528"
"49,39 : 0.4528"
"40,41 : 0.1697"
"41,40 : 0.1697"
"40,42 : 0.4669"
"42,40 : 0.4669"
"40,43 : 0.314"
"43,40 : 0.314"
"40,44 : 0.4118"
"44,40 : 0.4118"
"40,45 : 0.3008"
"45,40 : 0.3008"
"40,46 : 0.0949"
"46,40 : 0.0949"
"40,47 : 0.15"
"47,40 : 0.15"
"40,48 : 0.4046"
"48,40 : 0.4046"
"40,49 : 0.5104"
"49,40 : 0.5104"
"41,42 : 0.6366"
"42,41 : 0.6366"
"41,43 : 0.255"
"43,41 : 0.255"
"41,44 : 0.5769"
"44,41 : 0.5769"
"41,45 : 0.2802"
"45,41 : 0.2802"
"41,46 : 0.153"
"46,41 : 0.153"
"41,47 : 0.03"
"47,41 : 0.03"
"41,48 : 0.4522"
"48,41 : 0.4522"
"41,49 : 0.678"
"49,41 : 0.678"
"42,43 : 0.7038"
"43,42 : 0.7038"
"42,44 : 0.1217"
"44,42 : 0.1217"
"42,45 : 0.6426"
"45,42 : 0.6426"
"42,46 : 0.5187"
"46,42 : 0.5187"
"42,47 : 0.6162"
