x,y
0.89,0.63
0.55,0.56
0.53,0.38
0.77,0.53
0.89,0.24
0.31,0.1
0.04,0.63
0.61,0.49
0.32,0.54
0.16,0.42
0.96,0.49
0.39,0.95
0.13,0.16
0.21,0.07
0.04,0.57
0.56,0.15
0.64,0.02
0.77,0.38
0.64,0.93
0.16,0.65
0.97,0.35
0.09,0.42
0.72,0.21
0.01,0.59
0.38,0.12
0.79,0.71
0.21,0.85
0.33,0.9
0.14,0.95
0.85,0.41
0.72,0.03
0.91,0.08
0.05,0.25
0.91,0.26
0.6,0.28
0.27,0.16
0.41,0.91
0.14,0.91
0.45,0.15
0.61,0.26
0.49,0.99
0.71,0.89
0.36,0.26
0.54,0.19
0.29,0.21
0.58,0.91
0.32,0.16
0.77,0.75
0.44,0.37
0.81,0.84

Distanze
"0,1 : 0.3471"
"1,0 : 0.3471"
"0,2 : 0.4383"
"2,0 : 0.4383"
"0,3 : 0.1562"
"3,0 : 0.1562"
"0,4 : 0.39"
"4,0 : 0.39"
"0,5 : 0.7857"
"5,0 : 0.7857"
"0,6 : 0.85"
"6,0 : 0.85"
"0,7 : 0.313"
"7,0 : 0.313"
"0,8 : 0.5771"
"8,0 : 0.5771"
"0,9 : 0.7596"
"9,0 : 0.7596"
"0,10 : 0.1565"
"10,0 : 0.1565"
"0,11 : 0.5936"
"11,0 : 0.5936"
"0,12 : 0.8936"
"12,0 : 0.8936"
"0,13 : 0.8809"
"13,0 : 0.8809"
"0,14 : 0.8521"
"14,0 : 0.8521"
"0,15 : 0.5825"
"15,0 : 0.5825"
"0,16 : 0.6592"
"16,0 : 0.6592"
"0,17 : 0.2773"
"17,0 : 0.2773"
"0,18 : 0.3905"
"18,0 : 0.3905"
"0,19 : 0.7303"
"19,0 : 0.7303"
"0,20 : 0.2912"
"20,0 : 0.2912"
"0,21 : 0.8271"
"21,0 : 0.8271"
"0,22 : 0.4531"
"22,0 : 0.4531"
"0,23 : 0.8809"
"23,0 : 0.8809"
"0,24 : 0.7212"
"24,0 : 0.7212"
"0,25 : 0.1281"
"25,0 : 0.1281"
"0,26 : 0.7147"
"26,0 : 0.7147"
"0,27 : 0.6217"
"27,0 : 0.6217"
"0,28 : 0.8154"
"28,0 : 0.8154"
"0,29 : 0.2236"
"29,0 : 0.2236"
"0,30 : 0.6236"
"30,0 : 0.6236"
"0,31 : 0.5504"
"31,0 : 0.5504"
"0,32 : 0.922"
"32,0 : 0.922"
"0,33 : 0.3705"
"33,0 : 0.3705"
"0,34 : 0.4545"
"34,0 : 0.4545"
"0,35 : 0.778"
"35,0 : 0.778"
"0,36 : 0.5557"
"36,0 : 0.5557"
"0,37 : 0.8006"
"37,0 : 0.8006"
"0,38 : 0.6512"
"38,0 : 0.6512"
"0,39 : 0.464"
"39,0 : 0.464"
"0,40 : 0.5381"
"40,0 : 0.5381"
"0,41 : 0.3162"
"41,0 : 0.3162"
"0,42 : 0.6464"
"42,0 : 0.6464"
"0,43 : 0.5622"
"43,0 : 0.5622"
"0,44 : 0.7324"
"44,0 : 0.7324"
"0,45 : 0.4177"
"45,0 : 0.4177"
"0,46 : 0.7388"
"46,0 : 0.7388"
"0,47 : 0.1697"
"47,0 : 0.1697"
"0,48 : 0.5197"
"48,0 : 0.5197"
"0,49 : 0.2247"
"49,0 : 0.2247"
"1,2 : 0.1811"
"2,1 : 0.1811"
"1,3 : 0.222"
"3,1 : 0.222"
"1,4 : 0.4669"
"4,1 : 0.4669"
"1,5 : 0.5188"
"5,1 : 0.5188"
"1,6 : 0.5148"
"6,1 : 0.5148"
"1,7 : 0.0922"
"7,1 : 0.0922"
"1,8 : 0.2309"
"8,1 : 0.2309"
"1,9 : 0.4144"
"9,1 : 0.4144"
"1,10 : 0.4159"
"10,1 : 0.4159"
"1,11 : 0.4215"
"11,1 : 0.4215"
"1,12 : 0.58"
"12,1 : 0.58"
"1,13 : 0.5964"
"13,1 : 0.5964"
"1,14 : 0.5101"
"14,1 : 0.5101"
"1,15 : 0.4101"
"15,1 : 0.4101"
"1,16 : 0.5474"
"16,1 : 0.5474"
"1,17 : 0.2843"
"17,1 : 0.2843"
"1,18 : 0.3808"
"18,1 : 0.3808"
"1,19 : 0.4002"
"19,1 : 0.4002"
"1,20 : 0.4696"
"20,1 : 0.4696"
"1,21 : 0.4808"
"21,1 : 0.4808"
"1,22 : 0.3891"
"22,1 : 0.3891"
"1,23 : 0.5408"
"23,1 : 0.5408"
"1,24 : 0.4717"
"24,1 : 0.4717"
"1,25 : 0.283"
"25,1 : 0.283"
"1,26 : 0.4469"
"26,1 : 0.4469"
"1,27 : 0.405"
"27,1 : 0.405"
"1,28 : 0.5659"
"28,1 : 0.5659"
"1,29 : 0.3354"
"29,1 : 0.3354"
"1,30 : 0.5566"
"30,1 : 0.5566"
"1,31 : 0.6"
"31,1 : 0.6"
"1,32 : 0.5883"
"32,1 : 0.5883"
"1,33 : 0.4686"
"33,1 : 0.4686"
"1,34 : 0.2844"
"34,1 : 0.2844"
"1,35 : 0.4883"
"35,1 : 0.4883"
"1,36 : 0.377"
"36,1 : 0.377"
"1,37 : 0.5391"
"37,1 : 0.5391"
"1,38 : 0.422"
"38,1 : 0.422"
"1,39 : 0.3059"
"39,1 : 0.3059"
"1,40 : 0.4342"
"40,1 : 0.4342"
"1,41 : 0.3667"
"41,1 : 0.3667"
"1,42 : 0.3551"
"42,1 : 0.3551"
"1,43 : 0.3701"
"43,1 : 0.3701"
"1,44 : 0.436"
"44,1 : 0.436"
"1,45 : 0.3513"
"45,1 : 0.3513"
"1,46 : 0.4614"
"46,1 : 0.4614"
"1,47 : 0.2907"
"47,1 : 0.2907"
"1,48 : 0.2195"
"48,1 : 0.2195"
"1,49 : 0.3821"
"49,1 : 0.3821"
"2,3 : 0.283"
"3,2 : 0.283"
"2,4 : 0.3863"
"4,2 : 0.3863"
"2,5 : 0.3561"
"5,2 : 0.3561"
"2,6 : 0.5501"
"6,2 : 0.5501"
"2,7 : 0.136"
"7,2 : 0.136"
"2,8 : 0.264"
"8,2 : 0.264"
"2,9 : 0.3722"
"9,2 : 0.3722"
"2,10 : 0.4438"
"10,2 : 0.4438"
"2,11 : 0.5869"
"11,2 : 0.5869"
"2,12 : 0.4565"
"12,2 : 0.4565"
"2,13 : 0.4455"
"13,2 : 0.4455"
"2,14 : 0.5255"
"14,2 : 0.5255"
"2,15 : 0.2319"
"15,2 : 0.2319"
"2,16 : 0.3764"
"16,2 : 0.3764"
"2,17 : 0.24"
"17,2 : 0.24"
"2,18 : 0.5609"
"18,2 : 0.5609"
"2,19 : 0.458"
"19,2 : 0.458"
"2,20 : 0.441"
"20,2 : 0.441"
"2,21 : 0.4418"
"21,2 : 0.4418"
"2,22 : 0.255"
"22,2 : 0.255"
"2,23 : 0.5608"
"23,2 : 0.5608"
"2,24 : 0.3002"
"24,2 : 0.3002"
"2,25 : 0.4201"
"25,2 : 0.4201"
"2,26 : 0.5686"
"26,2 : 0.5686"
"2,27 : 0.5571"
"27,2 : 0.5571"
"2,28 : 0.6907"
"28,2 : 0.6907"
"2,29 : 0.3214"
"29,2 : 0.3214"
"2,30 : 0.3982"
"30,2 : 0.3982"
"2,31 : 0.4841"
"31,2 : 0.4841"
"2,32 : 0.4973"
"32,2 : 0.4973"
"2,33 : 0.3985"
"33,2 : 0.3985"
"2,34 : 0.1221"
"34,2 : 0.1221"
"2,35 : 0.3406"
"35,2 : 0.3406"
"2,36 : 0.5434"
"36,2 : 0.5434"
"2,37 : 0.658"
"37,2 : 0.658"
"2,38 : 0.2435"
"38,2 : 0.2435"
"2,39 : 0.1442"
"39,2 : 0.1442"
"2,40 : 0.6113"
"40,2 : 0.6113"
"2,41 : 0.5408"
"41,2 : 0.5408"
"2,42 : 0.2081"
"42,2 : 0.2081"
"2,43 : 0.1903"
"43,2 : 0.1903"
"2,44 : 0.2941"
"44,2 : 0.2941"
"2,45 : 0.5324"
"45,2 : 0.5324"
"2,46 : 0.3041"
"46,2 : 0.3041"
"2,47 : 0.441"
"47,2 : 0.441"
"2,48 : 0.0906"
"48,2 : 0.0906"
"2,49 : 0.5385"
"49,2 : 0.5385"
"3,4 : 0.3138"
"4,3 : 0.3138"
"3,5 : 0.6297"
"5,3 : 0.6297"
"3,6 : 0.7368"
"6,3 : 0.7368"
"3,7 : 0.1649"
"7,3 : 0.1649"
"3,8 : 0.4501"
"8,3 : 0.4501"
"3,9 : 0.6198"
"9,3 : 0.6198"
"3,10 : 0.1942"
"10,3 : 0.1942"
"3,11 : 0.5664"
"11,3 : 0.5664"
"3,12 : 0.7393"
"12,3 : 0.7393"
"3,13 : 0.7247"
"13,3 : 0.7247"
"3,14 : 0.7311"
"14,3 : 0.7311"
"3,15 : 0.4342"
"15,3 : 0.4342"
"3,16 : 0.5263"
"16,3 : 0.5263"
"3,17 : 0.15"
"17,3 : 0.15"
"3,18 : 0.4206"
"18,3 : 0.4206"
"3,19 : 0.6217"
"19,3 : 0.6217"
"3,20 : 0.2691"
"20,3 : 0.2691"
"3,21 : 0.6888"
"21,3 : 0.6888"
"3,22 : 0.3239"
"22,3 : 0.3239"
"3,23 : 0.7624"
"23,3 : 0.7624"
"3,24 : 0.5659"
"24,3 : 0.5659"
"3,25 : 0.1811"
"25,3 : 0.1811"
"3,26 : 0.645"
"26,3 : 0.645"
"3,27 : 0.5749"
"27,3 : 0.5749"
"3,28 : 0.7572"
"28,3 : 0.7572"
"3,29 : 0.1442"
"29,3 : 0.1442"
"3,30 : 0.5025"
"30,3 : 0.5025"
"3,31 : 0.4713"
"31,3 : 0.4713"
"3,32 : 0.7725"
"32,3 : 0.7725"
"3,33 : 0.3041"
"33,3 : 0.3041"
"3,34 : 0.3023"
"34,3 : 0.3023"
"3,35 : 0.622"
"35,3 : 0.622"
"3,36 : 0.5235"
"36,3 : 0.5235"
"3,37 : 0.7357"
"37,3 : 0.7357"
"3,38 : 0.4968"
"38,3 : 0.4968"
"3,39 : 0.3138"
"39,3 : 0.3138"
"3,40 : 0.5385"
"40,3 : 0.5385"
"3,41 : 0.365"
"41,3 : 0.365"
"3,42 : 0.4909"
"42,3 : 0.4909"
"3,43 : 0.4105"
"43,3 : 0.4105"
"3,44 : 0.5769"
"44,3 : 0.5769"
"3,45 : 0.4249"
"45,3 : 0.4249"
"3,46 : 0.5826"
"46,3 : 0.5826"
"3,47 : 0.22"
"47,3 : 0.22"
"3,48 : 0.3667"
"48,3 : 0.3667"
"3,49 : 0.3126"
"49,3 : 0.3126"
"4,5 : 0.5967"
"5,4 : 0.5967"
"4,6 : 0.9352"
"6,4 : 0.9352"
"4,7 : 0.3754"
"7,4 : 0.3754"
"4,8 : 0.6441"
"8,4 : 0.6441"
"4,9 : 0.7519"
"9,4 : 0.7519"
"4,10 : 0.2596"
"10,4 : 0.2596"
"4,11 : 0.8684"
"11,4 : 0.8684"
"4,12 : 0.7642"
"12,4 : 0.7642"
"4,13 : 0.7009"
"13,4 : 0.7009"
"4,14 : 0.9118"
"14,4 : 0.9118"
"4,15 : 0.3421"
"15,4 : 0.3421"
"4,16 : 0.333"
"16,4 : 0.333"
"4,17 : 0.1844"
"17,4 : 0.1844"
"4,18 : 0.7339"
"18,4 : 0.7339"
"4,19 : 0.8373"
"19,4 : 0.8373"
"4,20 : 0.136"
"20,4 : 0.136"
"4,21 : 0.82"
"21,4 : 0.82"
"4,22 : 0.1726"
"22,4 : 0.1726"
"4,23 : 0.947"
"23,4 : 0.947"
"4,24 : 0.5239"
"24,4 : 0.5239"
"4,25 : 0.4805"
"25,4 : 0.4805"
"4,26 : 0.9135"
"26,4 : 0.9135"
"4,27 : 0.8656"
"27,4 : 0.8656"
"4,28 : 1.0328"
"28,4 : 1.0328"
"4,29 : 0.1746"
"29,4 : 0.1746"
"4,30 : 0.2702"
"30,4 : 0.2702"
"4,31 : 0.1612"
"31,4 : 0.1612"
"4,32 : 0.8401"
"32,4 : 0.8401"
"4,33 : 0.0283"
"33,4 : 0.0283"
"4,34 : 0.2927"
"34,4 : 0.2927"
"4,35 : 0.6251"
"35,4 : 0.6251"
"4,36 : 0.8242"
"36,4 : 0.8242"
"4,37 : 1.0057"
"37,4 : 1.0057"
"4,38 : 0.4491"
"38,4 : 0.4491"
"4,39 : 0.2807"
"39,4 : 0.2807"
"4,40 : 0.85"
"40,4 : 0.85"
"4,41 : 0.6745"
"41,4 : 0.6745"
"4,42 : 0.5304"
"42,4 : 0.5304"
"4,43 : 0.3536"
"43,4 : 0.3536"
"4,44 : 0.6007"
"44,4 : 0.6007"
"4,45 : 0.7382"
"45,4 : 0.7382"
"4,46 : 0.5756"
"46,4 : 0.5756"
"4,47 : 0.5239"
"47,4 : 0.5239"
"4,48 : 0.4684"
"48,4 : 0.4684"
"4,49 : 0.6053"
"49,4 : 0.6053"
"5,6 : 0.5948"
"6,5 : 0.5948"
"5,7 : 0.492"
"7,5 : 0.492"
"5,8 : 0.4401"
"8,5 : 0.4401"
"5,9 : 0.3534"
"9,5 : 0.3534"
"5,10 : 0.758"
"10,5 : 0.758"
"5,11 : 0.8538"
"11,5 : 0.8538"
"5,12 : 0.1897"
"12,5 : 0.1897"
"5,13 : 0.1044"
"13,5 : 0.1044"
"5,14 : 0.542"
"14,5 : 0.542"
"5,15 : 0.255"
"15,5 : 0.255"
"5,16 : 0.3396"
"16,5 : 0.3396"
"5,17 : 0.5385"
"17,5 : 0.5385"
"5,18 : 0.8932"
"18,5 : 0.8932"
"5,19 : 0.5701"
"19,5 : 0.5701"
"5,20 : 0.7058"
"20,5 : 0.7058"
"5,21 : 0.3883"
"21,5 : 0.3883"
"5,22 : 0.4245"
"22,5 : 0.4245"
"5,23 : 0.5745"
"23,5 : 0.5745"
"5,24 : 0.0728"
"24,5 : 0.0728"
"5,25 : 0.7762"
"25,5 : 0.7762"
"5,26 : 0.7566"
"26,5 : 0.7566"
"5,27 : 0.8002"
"27,5 : 0.8002"
"5,28 : 0.8668"
"28,5 : 0.8668"
"5,29 : 0.6227"
"29,5 : 0.6227"
"5,30 : 0.4159"
"30,5 : 0.4159"
"5,31 : 0.6003"
"31,5 : 0.6003"
"5,32 : 0.3002"
"32,5 : 0.3002"
"5,33 : 0.621"
"33,5 : 0.621"
"5,34 : 0.3413"
"34,5 : 0.3413"
"5,35 : 0.0721"
"35,5 : 0.0721"
"5,36 : 0.8161"
"36,5 : 0.8161"
"5,37 : 0.8276"
"37,5 : 0.8276"
"5,38 : 0.1487"
"38,5 : 0.1487"
"5,39 : 0.34"
"39,5 : 0.34"
"5,40 : 0.908"
"40,5 : 0.908"
"5,41 : 0.8855"
"41,5 : 0.8855"
"5,42 : 0.1676"
"42,5 : 0.1676"
"5,43 : 0.247"
"43,5 : 0.247"
"5,44 : 0.1118"
"44,5 : 0.1118"
"5,45 : 0.8538"
"45,5 : 0.8538"
"5,46 : 0.0608"
"46,5 : 0.0608"
"5,47 : 0.7963"
"47,5 : 0.7963"
"5,48 : 0.2997"
"48,5 : 0.2997"
"5,49 : 0.8931"
"49,5 : 0.8931"
"6,7 : 0.5869"
"7,6 : 0.5869"
"6,8 : 0.2941"
"8,6 : 0.2941"
"6,9 : 0.2419"
"9,6 : 0.2419"
"6,10 : 0.9306"
"10,6 : 0.9306"
"6,11 : 0.4742"
"11,6 : 0.4742"
"6,12 : 0.4785"
"12,6 : 0.4785"
"6,13 : 0.5852"
"13,6 : 0.5852"
"6,14 : 0.06"
"14,6 : 0.06"
"6,15 : 0.7077"
"15,6 : 0.7077"
"6,16 : 0.8556"
"16,6 : 0.8556"
"6,17 : 0.7716"
"17,6 : 0.7716"
"6,18 : 0.6708"
"18,6 : 0.6708"
"6,19 : 0.1217"
"19,6 : 0.1217"
"6,20 : 0.9712"
"20,6 : 0.9712"
"6,21 : 0.2159"
"21,6 : 0.2159"
"6,22 : 0.7992"
"22,6 : 0.7992"
"6,23 : 0.05"
"23,6 : 0.05"
"6,24 : 0.6129"
"24,6 : 0.6129"
"6,25 : 0.7543"
"25,6 : 0.7543"
"6,26 : 0.278"
"26,6 : 0.278"
"6,27 : 0.3962"
"27,6 : 0.3962"
"6,28 : 0.3353"
"28,6 : 0.3353"
"6,29 : 0.8393"
"29,6 : 0.8393"
"6,30 : 0.9069"
"30,6 : 0.9069"
"6,31 : 1.0293"
"31,6 : 1.0293"
"6,32 : 0.3801"
"32,6 : 0.3801"
"6,33 : 0.9454"
"33,6 : 0.9454"
"6,34 : 0.6604"
"34,6 : 0.6604"
"6,35 : 0.5233"
"35,6 : 0.5233"
"6,36 : 0.464"
"36,6 : 0.464"
"6,37 : 0.2973"
"37,6 : 0.2973"
"6,38 : 0.6313"
"38,6 : 0.6313"
"6,39 : 0.6796"
"39,6 : 0.6796"
"6,40 : 0.5763"
"40,6 : 0.5763"
"6,41 : 0.7187"
"41,6 : 0.7187"
"6,42 : 0.4892"
"42,6 : 0.4892"
"6,43 : 0.666"
"43,6 : 0.666"
"6,44 : 0.4888"
"44,6 : 0.4888"
"6,45 : 0.6083"
"45,6 : 0.6083"
"6,46 : 0.5471"
"46,6 : 0.5471"
"6,47 : 0.7398"
"47,6 : 0.7398"
"6,48 : 0.4771"
"48,6 : 0.4771"
"6,49 : 0.7981"
"49,6 : 0.7981"
"7,8 : 0.2943"
"8,7 : 0.2943"
"7,9 : 0.4554"
"9,7 : 0.4554"
"7,10 : 0.35"
"10,7 : 0.35"
"7,11 : 0.5099"
"11,7 : 0.5099"
"7,12 : 0.5825"
"12,7 : 0.5825"
"7,13 : 0.58"
"13,7 : 0.58"
"7,14 : 0.5756"
"14,7 : 0.5756"
"7,15 : 0.3437"
"15,7 : 0.3437"
"7,16 : 0.471"
"16,7 : 0.471"
"7,17 : 0.1942"
"17,7 : 0.1942"
"7,18 : 0.441"
"18,7 : 0.441"
"7,19 : 0.4776"
"19,7 : 0.4776"
"7,20 : 0.3863"
"20,7 : 0.3863"
"7,21 : 0.5247"
"21,7 : 0.5247"
"7,22 : 0.3008"
"22,7 : 0.3008"
"7,23 : 0.6083"
"23,7 : 0.6083"
"7,24 : 0.4357"
"24,7 : 0.4357"
"7,25 : 0.2843"
"25,7 : 0.2843"
"7,26 : 0.5381"
"26,7 : 0.5381"
"7,27 : 0.4965"
"27,7 : 0.4965"
"7,28 : 0.6576"
"28,7 : 0.6576"
"7,29 : 0.253"
"29,7 : 0.253"
"7,30 : 0.473"
"30,7 : 0.473"
"7,31 : 0.508"
"31,7 : 0.508"
"7,32 : 0.6093"
"32,7 : 0.6093"
"7,33 : 0.378"
"33,7 : 0.378"
"7,34 : 0.2102"
"34,7 : 0.2102"
"7,35 : 0.4738"
"35,7 : 0.4738"
"7,36 : 0.4652"
"36,7 : 0.4652"
"7,37 : 0.6303"
"37,7 : 0.6303"
"7,38 : 0.3758"
"38,7 : 0.3758"
"7,39 : 0.23"
"39,7 : 0.23"
"7,40 : 0.5142"
"40,7 : 0.5142"
"7,41 : 0.4123"
"41,7 : 0.4123"
"7,42 : 0.3397"
"42,7 : 0.3397"
"7,43 : 0.3081"
"43,7 : 0.3081"
"7,44 : 0.4252"
"44,7 : 0.4252"
"7,45 : 0.4211"
"45,7 : 0.4211"
"7,46 : 0.4393"
"46,7 : 0.4393"
"7,47 : 0.3053"
"47,7 : 0.3053"
"7,48 : 0.2081"
"48,7 : 0.2081"
"7,49 : 0.4031"
"49,7 : 0.4031"
"8,9 : 0.2"
"9,8 : 0.2"
"8,10 : 0.642"
"10,8 : 0.642"
"8,11 : 0.4159"
"11,8 : 0.4159"
"8,12 : 0.4249"
"12,8 : 0.4249"
"8,13 : 0.4827"
"13,8 : 0.4827"
"8,14 : 0.2816"
"14,8 : 0.2816"
"8,15 : 0.4579"
"15,8 : 0.4579"
"8,16 : 0.6106"
"16,8 : 0.6106"
"8,17 : 0.4776"
"17,8 : 0.4776"
"8,18 : 0.5045"
"18,8 : 0.5045"
"8,19 : 0.1942"
"19,8 : 0.1942"
"8,20 : 0.6772"
"20,8 : 0.6772"
"8,21 : 0.2594"
"21,8 : 0.2594"
"8,22 : 0.5186"
"22,8 : 0.5186"
"8,23 : 0.314"
"23,8 : 0.314"
"8,24 : 0.4243"
"24,8 : 0.4243"
"8,25 : 0.4998"
"25,8 : 0.4998"
"8,26 : 0.3289"
"26,8 : 0.3289"
"8,27 : 0.3601"
"27,8 : 0.3601"
"8,28 : 0.4478"
"28,8 : 0.4478"
"8,29 : 0.5457"
"29,8 : 0.5457"
"8,30 : 0.6482"
"30,8 : 0.6482"
"8,31 : 0.7481"
"31,8 : 0.7481"
"8,32 : 0.3962"
"32,8 : 0.3962"
"8,33 : 0.6531"
"33,8 : 0.6531"
"8,34 : 0.3821"
"34,8 : 0.3821"
"8,35 : 0.3833"
"35,8 : 0.3833"
"8,36 : 0.3808"
"36,8 : 0.3808"
"8,37 : 0.4115"
"37,8 : 0.4115"
"8,38 : 0.4111"
"38,8 : 0.4111"
"8,39 : 0.4031"
"39,8 : 0.4031"
"8,40 : 0.481"
"40,8 : 0.481"
"8,41 : 0.524"
"41,8 : 0.524"
"8,42 : 0.2828"
"42,8 : 0.2828"
"8,43 : 0.4134"
"43,8 : 0.4134"
"8,44 : 0.3314"
"44,8 : 0.3314"
"8,45 : 0.4522"
"45,8 : 0.4522"
"8,46 : 0.38"
"46,8 : 0.38"
"8,47 : 0.4966"
"47,8 : 0.4966"
"8,48 : 0.2081"
"48,8 : 0.2081"
"8,49 : 0.5745"
"49,8 : 0.5745"
"9,10 : 0.8031"
"10,9 : 0.8031"
"9,11 : 0.5778"
"11,9 : 0.5778"
"9,12 : 0.2617"
"12,9 : 0.2617"
"9,13 : 0.3536"
"13,9 : 0.3536"
"9,14 : 0.1921"
"14,9 : 0.1921"
"9,15 : 0.4826"
"15,9 : 0.4826"
"9,16 : 0.6248"
"16,9 : 0.6248"
"9,17 : 0.6113"
"17,9 : 0.6113"
"9,18 : 0.7004"
"18,9 : 0.7004"
"9,19 : 0.23"
"19,9 : 0.23"
"9,20 : 0.813"
"20,9 : 0.813"
"9,21 : 0.07"
"21,9 : 0.07"
"9,22 : 0.5981"
"22,9 : 0.5981"
"9,23 : 0.2267"
"23,9 : 0.2267"
"9,24 : 0.372"
"24,9 : 0.372"
"9,25 : 0.6935"
"25,9 : 0.6935"
"9,26 : 0.4329"
"26,9 : 0.4329"
"9,27 : 0.5092"
"27,9 : 0.5092"
"9,28 : 0.5304"
"28,9 : 0.5304"
"9,29 : 0.6901"
"29,9 : 0.6901"
"9,30 : 0.6824"
"30,9 : 0.6824"
"9,31 : 0.8235"
"31,9 : 0.8235"
"9,32 : 0.2025"
"32,9 : 0.2025"
"9,33 : 0.7669"
"33,9 : 0.7669"
"9,34 : 0.4617"
"34,9 : 0.4617"
"9,35 : 0.2823"
"35,9 : 0.2823"
"9,36 : 0.5501"
"36,9 : 0.5501"
"9,37 : 0.4904"
"37,9 : 0.4904"
"9,38 : 0.3962"
"38,9 : 0.3962"
"9,39 : 0.4776"
"39,9 : 0.4776"
"9,40 : 0.6586"
"40,9 : 0.6586"
"9,41 : 0.7235"
"41,9 : 0.7235"
"9,42 : 0.2561"
"42,9 : 0.2561"
"9,43 : 0.4442"
"43,9 : 0.4442"
"9,44 : 0.247"
"44,9 : 0.247"
"9,45 : 0.6454"
"45,9 : 0.6454"
"9,46 : 0.3053"
"46,9 : 0.3053"
"9,47 : 0.6935"
"47,9 : 0.6935"
"9,48 : 0.2844"
"48,9 : 0.2844"
"9,49 : 0.7739"
"49,9 : 0.7739"
"10,11 : 0.7325"
"11,10 : 0.7325"
"10,12 : 0.8932"
"12,10 : 0.8932"
"10,13 : 0.8596"
"13,10 : 0.8596"
"10,14 : 0.9235"
"14,10 : 0.9235"
"10,15 : 0.525"
"15,10 : 0.525"
"10,16 : 0.5686"
"16,10 : 0.5686"
"10,17 : 0.2195"
"17,10 : 0.2195"
"10,18 : 0.5441"
"18,10 : 0.5441"
"10,19 : 0.8158"
"19,10 : 0.8158"
"10,20 : 0.1404"
"20,10 : 0.1404"
"10,21 : 0.8728"
"21,10 : 0.8728"
"10,22 : 0.3688"
"22,10 : 0.3688"
"10,23 : 0.9552"
"23,10 : 0.9552"
"10,24 : 0.688"
"24,10 : 0.688"
"10,25 : 0.278"
"25,10 : 0.278"
"10,26 : 0.8319"
"26,10 : 0.8319"
"10,27 : 0.7517"
"27,10 : 0.7517"
"10,28 : 0.9402"
"28,10 : 0.9402"
"10,29 : 0.136"
"29,10 : 0.136"
"10,30 : 0.5188"
"30,10 : 0.5188"
"10,31 : 0.413"
"31,10 : 0.413"
"10,32 : 0.9411"
"32,10 : 0.9411"
"10,33 : 0.2354"
"33,10 : 0.2354"
"10,34 : 0.4168"
"34,10 : 0.4168"
"10,35 : 0.7649"
"35,10 : 0.7649"
"10,36 : 0.692"
"36,10 : 0.692"
"10,37 : 0.9213"
"37,10 : 0.9213"
"10,38 : 0.6129"
"38,10 : 0.6129"
"10,39 : 0.4188"
"39,10 : 0.4188"
"10,40 : 0.6862"
"40,10 : 0.6862"
"10,41 : 0.4717"
"41,10 : 0.4717"
"10,42 : 0.6426"
"42,10 : 0.6426"
"10,43 : 0.5161"
"43,10 : 0.5161"
"10,44 : 0.7262"
"44,10 : 0.7262"
"10,45 : 0.5664"
"45,10 : 0.5664"
"10,46 : 0.7201"
"46,10 : 0.7201"
"10,47 : 0.322"
"47,10 : 0.322"
"10,48 : 0.5337"
"48,10 : 0.5337"
"10,49 : 0.3808"
"49,10 : 0.3808"
"11,12 : 0.8317"
"12,11 : 0.8317"
"11,13 : 0.8982"
"13,11 : 0.8982"
"11,14 : 0.5166"
"14,11 : 0.5166"
"11,15 : 0.8179"
"15,11 : 0.8179"
"11,16 : 0.963"
"16,11 : 0.963"
"11,17 : 0.6851"
"17,11 : 0.6851"
"11,18 : 0.2508"
"18,11 : 0.2508"
"11,19 : 0.378"
"19,11 : 0.378"
"11,20 : 0.8345"
"20,11 : 0.8345"
"11,21 : 0.609"
"21,11 : 0.609"
"11,22 : 0.8102"
"22,11 : 0.8102"
"11,23 : 0.5235"
"23,11 : 0.5235"
"11,24 : 0.8301"
"24,11 : 0.8301"
"11,25 : 0.4665"
"25,11 : 0.4665"
"11,26 : 0.2059"
"26,11 : 0.2059"
"11,27 : 0.0781"
"27,11 : 0.0781"
"11,28 : 0.25"
"28,11 : 0.25"
"11,29 : 0.7094"
"29,11 : 0.7094"
"11,30 : 0.9774"
"30,11 : 0.9774"
"11,31 : 1.0136"
"31,11 : 1.0136"
"11,32 : 0.7782"
"32,11 : 0.7782"
"11,33 : 0.864"
"33,11 : 0.864"
"11,34 : 0.7021"
"34,11 : 0.7021"
"11,35 : 0.7991"
"35,11 : 0.7991"
"11,36 : 0.0447"
"36,11 : 0.0447"
"11,37 : 0.2532"
"37,11 : 0.2532"
"11,38 : 0.8022"
"38,11 : 0.8022"
"11,39 : 0.7242"
"39,11 : 0.7242"
"11,40 : 0.1077"
"40,11 : 0.1077"
"11,41 : 0.3256"
"41,11 : 0.3256"
"11,42 : 0.6907"
"42,11 : 0.6907"
"11,43 : 0.7747"
"43,11 : 0.7747"
"11,44 : 0.7467"
"44,11 : 0.7467"
"11,45 : 0.1942"
"45,11 : 0.1942"
"11,46 : 0.7931"
"46,11 : 0.7931"
"11,47 : 0.4294"
"47,11 : 0.4294"
"11,48 : 0.5822"
"48,11 : 0.5822"
"11,49 : 0.4342"
"49,11 : 0.4342"
"12,13 : 0.1204"
"13,12 : 0.1204"
"12,14 : 0.4198"
"14,12 : 0.4198"
"12,15 : 0.4301"
"15,12 : 0.4301"
"12,16 : 0.5289"
"16,12 : 0.5289"
"12,17 : 0.6768"
"17,12 : 0.6768"
"12,18 : 0.9236"
"18,12 : 0.9236"
"12,19 : 0.4909"
"19,12 : 0.4909"
"12,20 : 0.8612"
"20,12 : 0.8612"
"12,21 : 0.2631"
"21,12 : 0.2631"
"12,22 : 0.5921"
"22,12 : 0.5921"
"12,23 : 0.4464"
"23,12 : 0.4464"
"12,24 : 0.2532"
"24,12 : 0.2532"
"12,25 : 0.8591"
"25,12 : 0.8591"
"12,26 : 0.6946"
"26,12 : 0.6946"
"12,27 : 0.7666"
"27,12 : 0.7666"
"12,28 : 0.7901"
"28,12 : 0.7901"
"12,29 : 0.7622"
"29,12 : 0.7622"
"12,30 : 0.6042"
"30,12 : 0.6042"
"12,31 : 0.7841"
"31,12 : 0.7841"
"12,32 : 0.1204"
"32,12 : 0.1204"
"12,33 : 0.7864"
"33,12 : 0.7864"
"12,34 : 0.4851"
"34,12 : 0.4851"
"12,35 : 0.14"
"35,12 : 0.14"
"12,36 : 0.8006"
"36,12 : 0.8006"
"12,37 : 0.7501"
"37,12 : 0.7501"
"12,38 : 0.3202"
"38,12 : 0.3202"
"12,39 : 0.4903"
"39,12 : 0.4903"
"12,40 : 0.9047"
"40,12 : 0.9047"
"12,41 : 0.9324"
"41,12 : 0.9324"
"12,42 : 0.2508"
"42,12 : 0.2508"
"12,43 : 0.4111"
"43,12 : 0.4111"
"12,44 : 0.1676"
"44,12 : 0.1676"
"12,45 : 0.8746"
"45,12 : 0.8746"
"12,46 : 0.19"
"46,12 : 0.19"
"12,47 : 0.8705"
"47,12 : 0.8705"
"12,48 : 0.3744"
"48,12 : 0.3744"
"12,49 : 0.9617"
"49,12 : 0.9617"
"13,14 : 0.5281"
"14,13 : 0.5281"
"13,15 : 0.359"
"15,13 : 0.359"
"13,16 : 0.4329"
"16,13 : 0.4329"
"13,17 : 0.6401"
"17,13 : 0.6401"
"13,18 : 0.9615"
"18,13 : 0.9615"
"13,19 : 0.5822"
"19,13 : 0.5822"
"13,20 : 0.8099"
"20,13 : 0.8099"
"13,21 : 0.37"
"21,13 : 0.37"
"13,22 : 0.5289"
"22,13 : 0.5289"
"13,23 : 0.5571"
"23,13 : 0.5571"
"13,24 : 0.1772"
"24,13 : 0.1772"
"13,25 : 0.8637"
"25,13 : 0.8637"
"13,26 : 0.78"
"26,13 : 0.78"
"13,27 : 0.8386"
"27,13 : 0.8386"
"13,28 : 0.8828"
"28,13 : 0.8828"
"13,29 : 0.7247"
"29,13 : 0.7247"
"13,30 : 0.5116"
"30,13 : 0.5116"
"13,31 : 0.7001"
"31,13 : 0.7001"
"13,32 : 0.2408"
"32,13 : 0.2408"
"13,33 : 0.7253"
"33,13 : 0.7253"
"13,34 : 0.4429"
"34,13 : 0.4429"
"13,35 : 0.1082"
"35,13 : 0.1082"
"13,36 : 0.8635"
"36,13 : 0.8635"
"13,37 : 0.8429"
"37,13 : 0.8429"
"13,38 : 0.253"
"38,13 : 0.253"
"13,39 : 0.4428"
"39,13 : 0.4428"
"13,40 : 0.9617"
"40,13 : 0.9617"
"13,41 : 0.9604"
"41,13 : 0.9604"
"13,42 : 0.2421"
"42,13 : 0.2421"
"13,43 : 0.3511"
"43,13 : 0.3511"
"13,44 : 0.1612"
"44,13 : 0.1612"
"13,45 : 0.9179"
"45,13 : 0.9179"
"13,46 : 0.1421"
"46,13 : 0.1421"
"13,47 : 0.8809"
"47,13 : 0.8809"
"13,48 : 0.378"
"48,13 : 0.378"
"13,49 : 0.9762"
"49,13 : 0.9762"
"14,15 : 0.6684"
"15,14 : 0.6684"
"14,16 : 0.8139"
"16,14 : 0.8139"
"14,17 : 0.7543"
"17,14 : 0.7543"
"14,18 : 0.6997"
"18,14 : 0.6997"
"14,19 : 0.1442"
"19,14 : 0.1442"
"14,20 : 0.9557"
"20,14 : 0.9557"
"14,21 : 0.1581"
"21,14 : 0.1581"
"14,22 : 0.7694"
"22,14 : 0.7694"
"14,23 : 0.0361"
"23,14 : 0.0361"
"14,24 : 0.564"
"24,14 : 0.564"
"14,25 : 0.763"
"25,14 : 0.763"
"14,26 : 0.3276"
"26,14 : 0.3276"
"14,27 : 0.4393"
"27,14 : 0.4393"
"14,28 : 0.3929"
"28,14 : 0.3929"
"14,29 : 0.8257"
"29,14 : 0.8257"
"14,30 : 0.8683"
"30,14 : 0.8683"
"14,31 : 0.9985"
"31,14 : 0.9985"
"14,32 : 0.3202"
"32,14 : 0.3202"
"14,33 : 0.9236"
"33,14 : 0.9236"
"14,34 : 0.6306"
"34,14 : 0.6306"
"14,35 : 0.4701"
"35,14 : 0.4701"
"14,36 : 0.5025"
"36,14 : 0.5025"
"14,37 : 0.3544"
"37,14 : 0.3544"
"14,38 : 0.5869"
"38,14 : 0.5869"
"14,39 : 0.6488"
"39,14 : 0.6488"
"14,40 : 0.6155"
"40,14 : 0.6155"
"14,41 : 0.7425"
"41,14 : 0.7425"
"14,42 : 0.4455"
"42,14 : 0.4455"
"14,43 : 0.628"
"43,14 : 0.628"
"14,44 : 0.4383"
"44,14 : 0.4383"
"14,45 : 0.6381"
"45,14 : 0.6381"
"14,46 : 0.4965"
"46,14 : 0.4965"
"14,47 : 0.7519"
"47,14 : 0.7519"
"14,48 : 0.4472"
"48,14 : 0.4472"
"14,49 : 0.816"
"49,14 : 0.816"
"15,16 : 0.1526"
"16,15 : 0.1526"
"15,17 : 0.3114"
"17,15 : 0.3114"
"15,18 : 0.7841"
"18,15 : 0.7841"
"15,19 : 0.6403"
"19,15 : 0.6403"
"15,20 : 0.4562"
"20,15 : 0.4562"
"15,21 : 0.542"
"21,15 : 0.542"
"15,22 : 0.1709"
"22,15 : 0.1709"
"15,23 : 0.7043"
"23,15 : 0.7043"
"15,24 : 0.1825"
"24,15 : 0.1825"
"15,25 : 0.6054"
"25,15 : 0.6054"
"15,26 : 0.7826"
"26,15 : 0.7826"
"15,27 : 0.7845"
"27,15 : 0.7845"
"15,28 : 0.9035"
"28,15 : 0.9035"
"15,29 : 0.3895"
"29,15 : 0.3895"
"15,30 : 0.2"
"30,15 : 0.2"
"15,31 : 0.3569"
"31,15 : 0.3569"
"15,32 : 0.5197"
"32,15 : 0.5197"
"15,33 : 0.3669"
"33,15 : 0.3669"
"15,34 : 0.136"
"34,15 : 0.136"
"15,35 : 0.2902"
"35,15 : 0.2902"
"15,36 : 0.7747"
"36,15 : 0.7747"
"15,37 : 0.8683"
"37,15 : 0.8683"
"15,38 : 0.11"
"38,15 : 0.11"
"15,39 : 0.1208"
"39,15 : 0.1208"
"15,40 : 0.8429"
"40,15 : 0.8429"
"15,41 : 0.755"
"41,15 : 0.755"
"15,42 : 0.2283"
"42,15 : 0.2283"
"15,43 : 0.0447"
"43,15 : 0.0447"
"15,44 : 0.2766"
"44,15 : 0.2766"
"15,45 : 0.7603"
"45,15 : 0.7603"
"15,46 : 0.2402"
"46,15 : 0.2402"
"15,47 : 0.6357"
"47,15 : 0.6357"
"15,48 : 0.2506"
"48,15 : 0.2506"
"15,49 : 0.7339"
"49,15 : 0.7339"
"16,17 : 0.3828"
"17,16 : 0.3828"
"16,18 : 0.91"
"18,16 : 0.91"
"16,19 : 0.792"
"19,16 : 0.792"
"16,20 : 0.4667"
"20,16 : 0.4667"
"16,21 : 0.6801"
"21,16 : 0.6801"
"16,22 : 0.2062"
"22,16 : 0.2062"
"16,23 : 0.8496"
"23,16 : 0.8496"
"16,24 : 0.2786"
"24,16 : 0.2786"
"16,25 : 0.7061"
"25,16 : 0.7061"
"16,26 : 0.9348"
"26,16 : 0.9348"
"16,27 : 0.933"
"27,16 : 0.933"
"16,28 : 1.0559"
"28,16 : 1.0559"
"16,29 : 0.4429"
"29,16 : 0.4429"
"16,30 : 0.0806"
"30,16 : 0.0806"
"16,31 : 0.2766"
"31,16 : 0.2766"
"16,32 : 0.6332"
"32,16 : 0.6332"
"16,33 : 0.3612"
"33,16 : 0.3612"
"16,34 : 0.2631"
"34,16 : 0.2631"
"16,35 : 0.3956"
"35,16 : 0.3956"
"16,36 : 0.9192"
"36,16 : 0.9192"
"16,37 : 1.0208"
"37,16 : 1.0208"
"16,38 : 0.2302"
"38,16 : 0.2302"
"16,39 : 0.2419"
"39,16 : 0.2419"
"16,40 : 0.9815"
"40,16 : 0.9815"
"16,41 : 0.8728"
"41,16 : 0.8728"
"16,42 : 0.3688"
"42,16 : 0.3688"
"16,43 : 0.1972"
"43,16 : 0.1972"
"16,44 : 0.3982"
"44,16 : 0.3982"
"16,45 : 0.892"
"45,16 : 0.892"
"16,46 : 0.3493"
"46,16 : 0.3493"
"16,47 : 0.7415"
"47,16 : 0.7415"
"16,48 : 0.4031"
"48,16 : 0.4031"
"16,49 : 0.8374"
"49,16 : 0.8374"
"17,18 : 0.5652"
"18,17 : 0.5652"
"17,19 : 0.6671"
"19,17 : 0.6671"
"17,20 : 0.2022"
"20,17 : 0.2022"
"17,21 : 0.6812"
"21,17 : 0.6812"
"17,22 : 0.1772"
"22,17 : 0.1772"
"17,23 : 0.7885"
"23,17 : 0.7885"
"17,24 : 0.4687"
"24,17 : 0.4687"
"17,25 : 0.3306"
"25,17 : 0.3306"
"17,26 : 0.7311"
"26,17 : 0.7311"
"17,27 : 0.6812"
"27,17 : 0.6812"
"17,28 : 0.8496"
"28,17 : 0.8496"
"17,29 : 0.0854"
"29,17 : 0.0854"
"17,30 : 0.3536"
"30,17 : 0.3536"
"17,31 : 0.3311"
"31,17 : 0.3311"
"17,32 : 0.7316"
"32,17 : 0.7316"
"17,33 : 0.1844"
"33,17 : 0.1844"
"17,34 : 0.1972"
"34,17 : 0.1972"
"17,35 : 0.5463"
"35,17 : 0.5463"
"17,36 : 0.6407"
"36,17 : 0.6407"
"17,37 : 0.8233"
"37,17 : 0.8233"
"17,38 : 0.3941"
"38,17 : 0.3941"
"17,39 : 0.2"
"39,17 : 0.2"
"17,40 : 0.6712"
"40,17 : 0.6712"
"17,41 : 0.5135"
"41,17 : 0.5135"
"17,42 : 0.4272"
"42,17 : 0.4272"
"17,43 : 0.2983"
"43,17 : 0.2983"
"17,44 : 0.5092"
"44,17 : 0.5092"
"17,45 : 0.563"
"45,17 : 0.563"
"17,46 : 0.5009"
"46,17 : 0.5009"
"17,47 : 0.37"
"47,17 : 0.37"
"17,48 : 0.3302"
"48,17 : 0.3302"
"17,49 : 0.4617"
"49,17 : 0.4617"
"18,19 : 0.5557"
"19,18 : 0.5557"
"18,20 : 0.6673"
"20,18 : 0.6673"
"18,21 : 0.7501"
"21,18 : 0.7501"
"18,22 : 0.7244"
"22,18 : 0.7244"
"18,23 : 0.7159"
"23,18 : 0.7159"
"18,24 : 0.8507"
"24,18 : 0.8507"
"18,25 : 0.2663"
"25,18 : 0.2663"
"18,26 : 0.4374"
"26,18 : 0.4374"
"18,27 : 0.3114"
"27,18 : 0.3114"
"18,28 : 0.5004"
"28,18 : 0.5004"
"18,29 : 0.5608"
"29,18 : 0.5608"
"18,30 : 0.9035"
"30,18 : 0.9035"
"18,31 : 0.8919"
"31,18 : 0.8919"
"18,32 : 0.9003"
"32,18 : 0.9003"
"18,33 : 0.7224"
"33,18 : 0.7224"
"18,34 : 0.6512"
"34,18 : 0.6512"
"18,35 : 0.8543"
"35,18 : 0.8543"
"18,36 : 0.2309"
"36,18 : 0.2309"
"18,37 : 0.5004"
"37,18 : 0.5004"
"18,38 : 0.8028"
"38,18 : 0.8028"
"18,39 : 0.6707"
"39,18 : 0.6707"
"18,40 : 0.1616"
"40,18 : 0.1616"
"18,41 : 0.0806"
"41,18 : 0.0806"
"18,42 : 0.7262"
"42,18 : 0.7262"
"18,43 : 0.7467"
"43,18 : 0.7467"
"18,44 : 0.8006"
"44,18 : 0.8006"
"18,45 : 0.0632"
"45,18 : 0.0632"
"18,46 : 0.8338"
"46,18 : 0.8338"
"18,47 : 0.222"
"47,18 : 0.222"
"18,48 : 0.5946"
"48,18 : 0.5946"
"18,49 : 0.1924"
"49,18 : 0.1924"
"19,20 : 0.8638"
"20,19 : 0.8638"
"19,21 : 0.2404"
"21,19 : 0.2404"
"19,22 : 0.7122"
"22,19 : 0.7122"
"19,23 : 0.1616"
"23,19 : 0.1616"
"19,24 : 0.5738"
"24,19 : 0.5738"
"19,25 : 0.6329"
"25,19 : 0.6329"
"19,26 : 0.2062"
"26,19 : 0.2062"
"19,27 : 0.3023"
"27,19 : 0.3023"
"19,28 : 0.3007"
"28,19 : 0.3007"
"19,29 : 0.7305"
"29,19 : 0.7305"
"19,30 : 0.8355"
"30,19 : 0.8355"
"19,31 : 0.942"
"31,19 : 0.942"
"19,32 : 0.4148"
"32,19 : 0.4148"
"19,33 : 0.8453"
"33,19 : 0.8453"
"19,34 : 0.5749"
"34,19 : 0.5749"
"19,35 : 0.5022"
"35,19 : 0.5022"
"19,36 : 0.3607"
"36,19 : 0.3607"
"19,37 : 0.2608"
"37,19 : 0.2608"
"19,38 : 0.578"
"38,19 : 0.578"
"19,39 : 0.5955"
"39,19 : 0.5955"
"19,40 : 0.4738"
"40,19 : 0.4738"
"19,41 : 0.6001"
"41,19 : 0.6001"
"19,42 : 0.4383"
"42,19 : 0.4383"
"19,43 : 0.5967"
"43,19 : 0.5967"
"19,44 : 0.4588"
"44,19 : 0.4588"
"19,45 : 0.494"
"45,19 : 0.494"
"19,46 : 0.5155"
"46,19 : 0.5155"
"19,47 : 0.6181"
"47,19 : 0.6181"
"19,48 : 0.396"
"48,19 : 0.396"
"19,49 : 0.6772"
"49,19 : 0.6772"
"20,21 : 0.8828"
"21,20 : 0.8828"
"20,22 : 0.2865"
"22,20 : 0.2865"
"20,23 : 0.9895"
"23,20 : 0.9895"
"20,24 : 0.6332"
"24,20 : 0.6332"
"20,25 : 0.4025"
"25,20 : 0.4025"
"20,26 : 0.9097"
"26,20 : 0.9097"
"20,27 : 0.8439"
"27,20 : 0.8439"
"20,28 : 1.0242"
"28,20 : 1.0242"
"20,29 : 0.1342"
"29,20 : 0.1342"
"20,30 : 0.4061"
"30,20 : 0.4061"
"20,31 : 0.2766"
"31,20 : 0.2766"
"20,32 : 0.9254"
"32,20 : 0.9254"
"20,33 : 0.1082"
"33,20 : 0.1082"
"20,34 : 0.3766"
"34,20 : 0.3766"
"20,35 : 0.7253"
"35,20 : 0.7253"
"20,36 : 0.792"
"36,20 : 0.792"
"20,37 : 1.0012"
"37,20 : 1.0012"
"20,38 : 0.5571"
"38,20 : 0.5571"
"20,39 : 0.3711"
"39,20 : 0.3711"
"20,40 : 0.8"
"40,20 : 0.8"
"20,41 : 0.5993"
"41,20 : 0.5993"
"20,42 : 0.6166"
"42,20 : 0.6166"
"20,43 : 0.4588"
"43,20 : 0.4588"
"20,44 : 0.6943"
"44,20 : 0.6943"
"20,45 : 0.6824"
"45,20 : 0.6824"
"20,46 : 0.6772"
"46,20 : 0.6772"
"20,47 : 0.4472"
"47,20 : 0.4472"
"20,48 : 0.5304"
"48,20 : 0.5304"
"20,49 : 0.5155"
"49,20 : 0.5155"
"21,22 : 0.6641"
"22,21 : 0.6641"
"21,23 : 0.1879"
"23,21 : 0.1879"
"21,24 : 0.4173"
"24,21 : 0.4173"
"21,25 : 0.7577"
"25,21 : 0.7577"
"21,26 : 0.4464"
"26,21 : 0.4464"
"21,27 : 0.5367"
"27,21 : 0.5367"
"21,28 : 0.5324"
"28,21 : 0.5324"
"21,29 : 0.7601"
"29,21 : 0.7601"
"21,30 : 0.7409"
"30,21 : 0.7409"
"21,31 : 0.8877"
"31,21 : 0.8877"
"21,32 : 0.1746"
"32,21 : 0.1746"
"21,33 : 0.8355"
"33,21 : 0.8355"
"21,34 : 0.5289"
"34,21 : 0.5289"
"21,35 : 0.3162"
"35,21 : 0.3162"
"21,36 : 0.5852"
"36,21 : 0.5852"
"21,37 : 0.4925"
"37,21 : 0.4925"
"21,38 : 0.45"
"38,21 : 0.45"
"21,39 : 0.5441"
"39,21 : 0.5441"
"21,40 : 0.6963"
"40,21 : 0.6963"
"21,41 : 0.778"
"41,21 : 0.778"
"21,42 : 0.3138"
"42,21 : 0.3138"
"21,43 : 0.5054"
"43,21 : 0.5054"
"21,44 : 0.29"
"44,21 : 0.29"
"21,45 : 0.693"
"45,21 : 0.693"
"21,46 : 0.3471"
"46,21 : 0.3471"
"21,47 : 0.7558"
"47,21 : 0.7558"
"21,48 : 0.3536"
"48,21 : 0.3536"
"21,49 : 0.8335"
"49,21 : 0.8335"
"22,23 : 0.8053"
"23,22 : 0.8053"
"22,24 : 0.3517"
"24,22 : 0.3517"
"22,25 : 0.5049"
"25,22 : 0.5049"
"22,26 : 0.8184"
"26,22 : 0.8184"
"22,27 : 0.7926"
"27,22 : 0.7926"
"22,28 : 0.9402"
"28,22 : 0.9402"
"22,29 : 0.2385"
"29,22 : 0.2385"
"22,30 : 0.18"
"30,22 : 0.18"
"22,31 : 0.2302"
"31,22 : 0.2302"
"22,32 : 0.6712"
"32,22 : 0.6712"
"22,33 : 0.1965"
"33,22 : 0.1965"
"22,34 : 0.1389"
"34,22 : 0.1389"
"22,35 : 0.4528"
"35,22 : 0.4528"
"22,36 : 0.7656"
"36,22 : 0.7656"
"22,37 : 0.9091"
"37,22 : 0.9091"
"22,38 : 0.2766"
"38,22 : 0.2766"
"22,39 : 0.1208"
"39,22 : 0.1208"
"22,40 : 0.8132"
"40,22 : 0.8132"
"22,41 : 0.6801"
"41,22 : 0.6801"
"22,42 : 0.3635"
"42,22 : 0.3635"
"22,43 : 0.1811"
"43,22 : 0.1811"
"22,44 : 0.43"
"44,22 : 0.43"
"22,45 : 0.7139"
"45,22 : 0.7139"
"22,46 : 0.4031"
"46,22 : 0.4031"
"22,47 : 0.5423"
"47,22 : 0.5423"
"22,48 : 0.3225"
"48,22 : 0.3225"
"22,49 : 0.6364"
"49,22 : 0.6364"
"23,24 : 0.5982"
"24,23 : 0.5982"
"23,25 : 0.7892"
"25,23 : 0.7892"
"23,26 : 0.328"
"26,23 : 0.328"
"23,27 : 0.4455"
"27,23 : 0.4455"
"23,28 : 0.3828"
"28,23 : 0.3828"
"23,29 : 0.8591"
"29,23 : 0.8591"
"23,30 : 0.9043"
"30,23 : 0.9043"
"23,31 : 1.0345"
"31,23 : 1.0345"
"23,32 : 0.3423"
"32,23 : 0.3423"
"23,33 : 0.9586"
"33,23 : 0.9586"
"23,34 : 0.6665"
"34,23 : 0.6665"
"23,35 : 0.5025"
"35,23 : 0.5025"
"23,36 : 0.5122"
"36,23 : 0.5122"
"23,37 : 0.3454"
"37,23 : 0.3454"
"23,38 : 0.6223"
"38,23 : 0.6223"
"23,39 : 0.6848"
"39,23 : 0.6848"
"23,40 : 0.6248"
"40,23 : 0.6248"
"23,41 : 0.7616"
"41,23 : 0.7616"
"23,42 : 0.481"
"42,23 : 0.481"
"23,43 : 0.664"
"43,23 : 0.664"
"23,44 : 0.472"
"44,23 : 0.472"
"23,45 : 0.6537"
"45,23 : 0.6537"
"23,46 : 0.5301"
"46,23 : 0.5301"
"23,47 : 0.7767"
"47,23 : 0.7767"
"23,48 : 0.483"
"48,23 : 0.483"
"23,49 : 0.8382"
"49,23 : 0.8382"
"24,25 : 0.7185"
"25,24 : 0.7185"
"24,26 : 0.7495"
"26,24 : 0.7495"
"24,27 : 0.7816"
"27,24 : 0.7816"
"24,28 : 0.864"
"28,24 : 0.864"
"24,29 : 0.5523"
"29,24 : 0.5523"
"24,30 : 0.3517"
"30,24 : 0.3517"
"24,31 : 0.5315"
"31,24 : 0.5315"
"24,32 : 0.3547"
"32,24 : 0.3547"
"24,33 : 0.5482"
"33,24 : 0.5482"
"24,34 : 0.272"
"34,24 : 0.272"
"24,35 : 0.117"
"35,24 : 0.117"
"24,36 : 0.7906"
"36,24 : 0.7906"
"24,37 : 0.8257"
"37,24 : 0.8257"
"24,38 : 0.0762"
"38,24 : 0.0762"
"24,39 : 0.2693"
"39,24 : 0.2693"
"24,40 : 0.8769"
"40,24 : 0.8769"
"24,41 : 0.8377"
"41,24 : 0.8377"
"24,42 : 0.1414"
"42,24 : 0.1414"
"24,43 : 0.1746"
"43,24 : 0.1746"
"24,44 : 0.1273"
"44,24 : 0.1273"
"24,45 : 0.8149"
"45,24 : 0.8149"
"24,46 : 0.0721"
"46,24 : 0.0721"
"24,47 : 0.7409"
"47,24 : 0.7409"
"24,48 : 0.2571"
"48,24 : 0.2571"
"24,49 : 0.8386"
"49,24 : 0.8386"
"25,26 : 0.5967"
"26,25 : 0.5967"
"25,27 : 0.4977"
"27,25 : 0.4977"
"25,28 : 0.6929"
"28,25 : 0.6929"
"25,29 : 0.3059"
"29,25 : 0.3059"
"25,30 : 0.6836"
"30,25 : 0.6836"
"25,31 : 0.6413"
"31,25 : 0.6413"
"25,32 : 0.8713"
"32,25 : 0.8713"
"25,33 : 0.4657"
"33,25 : 0.4657"
"25,34 : 0.4701"
"34,25 : 0.4701"
"25,35 : 0.7569"
"35,25 : 0.7569"
"25,36 : 0.4294"
"36,25 : 0.4294"
"25,37 : 0.6801"
"37,25 : 0.6801"
"25,38 : 0.6551"
"38,25 : 0.6551"
"25,39 : 0.4847"
"39,25 : 0.4847"
"25,40 : 0.4104"
"40,25 : 0.4104"
"25,41 : 0.197"
"41,25 : 0.197"
"25,42 : 0.6224"
"42,25 : 0.6224"
"25,43 : 0.577"
"43,25 : 0.577"
"25,44 : 0.7071"
"44,25 : 0.7071"
"25,45 : 0.29"
"45,25 : 0.29"
"25,46 : 0.7235"
"46,25 : 0.7235"
"25,47 : 0.0447"
"47,25 : 0.0447"
"25,48 : 0.488"
"48,25 : 0.488"
"25,49 : 0.1315"
"49,25 : 0.1315"
"26,27 : 0.13"
"27,26 : 0.13"
"26,28 : 0.1221"
"28,26 : 0.1221"
"26,29 : 0.7767"
"29,26 : 0.7767"
"26,30 : 0.9657"
"30,26 : 0.9657"
"26,31 : 1.0406"
"31,26 : 1.0406"
"26,32 : 0.621"
"32,26 : 0.621"
"26,33 : 0.9155"
"33,26 : 0.9155"
"26,34 : 0.6907"
"34,26 : 0.6907"
"26,35 : 0.6926"
"35,26 : 0.6926"
"26,36 : 0.2088"
"36,26 : 0.2088"
"26,37 : 0.0922"
"37,26 : 0.0922"
"26,38 : 0.74"
"38,26 : 0.74"
"26,39 : 0.7128"
"39,26 : 0.7128"
"26,40 : 0.313"
"40,26 : 0.313"
"26,41 : 0.5016"
"41,26 : 0.5016"
"26,42 : 0.6088"
"42,26 : 0.6088"
"26,43 : 0.7379"
"43,26 : 0.7379"
"26,44 : 0.645"
"44,26 : 0.645"
"26,45 : 0.3748"
"45,26 : 0.3748"
"26,46 : 0.6987"
"46,26 : 0.6987"
"26,47 : 0.5689"
"47,26 : 0.5689"
"26,48 : 0.5323"
"48,26 : 0.5323"
"26,49 : 0.6001"
"49,26 : 0.6001"
"27,28 : 0.1965"
"28,27 : 0.1965"
"27,29 : 0.7145"
"29,27 : 0.7145"
"27,30 : 0.9534"
"30,27 : 0.9534"
"27,31 : 1.0044"
"31,27 : 1.0044"
"27,32 : 0.7077"
"32,27 : 0.7077"
"27,33 : 0.8637"
"33,27 : 0.8637"
"27,34 : 0.6762"
"34,27 : 0.6762"
"27,35 : 0.7424"
"35,27 : 0.7424"
"27,36 : 0.0806"
"36,27 : 0.0806"
"27,37 : 0.1903"
"37,27 : 0.1903"
"27,38 : 0.7595"
"38,27 : 0.7595"
"27,39 : 0.6986"
"39,27 : 0.6986"
"27,40 : 0.1836"
"40,27 : 0.1836"
"27,41 : 0.3801"
"41,27 : 0.3801"
"27,42 : 0.6407"
"42,27 : 0.6407"
"27,43 : 0.7404"
"43,27 : 0.7404"
"27,44 : 0.6912"
"44,27 : 0.6912"
"27,45 : 0.2502"
"45,27 : 0.2502"
"27,46 : 0.7401"
"46,27 : 0.7401"
"27,47 : 0.4649"
"47,27 : 0.4649"
"27,48 : 0.5413"
"48,27 : 0.5413"
"27,49 : 0.4837"
"49,27 : 0.4837"
"28,29 : 0.892"
"29,28 : 0.892"
"28,30 : 1.0876"
"30,28 : 1.0876"
"28,31 : 1.1618"
"31,28 : 1.1618"
"28,32 : 0.7058"
"32,28 : 0.7058"
"28,33 : 1.0339"
"33,28 : 1.0339"
"28,34 : 0.8127"
"34,28 : 0.8127"
"28,35 : 0.8006"
"35,28 : 0.8006"
"28,36 : 0.2729"
"36,28 : 0.2729"
"28,37 : 0.04"
"37,28 : 0.04"
"28,38 : 0.858"
"38,28 : 0.858"
"28,39 : 0.8349"
"39,28 : 0.8349"
"28,40 : 0.3523"
"40,28 : 0.3523"
"28,41 : 0.5731"
"41,28 : 0.5731"
"28,42 : 0.7242"
"42,28 : 0.7242"
"28,43 : 0.8588"
"43,28 : 0.8588"
"28,44 : 0.755"
"44,28 : 0.755"
"28,45 : 0.4418"
"45,28 : 0.4418"
"28,46 : 0.8102"
"46,28 : 0.8102"
"28,47 : 0.661"
"47,28 : 0.661"
"28,48 : 0.653"
"48,28 : 0.653"
"28,49 : 0.679"
"49,28 : 0.679"
"29,30 : 0.4016"
"30,29 : 0.4016"
"29,31 : 0.3354"
"31,29 : 0.3354"
"29,32 : 0.8158"
"32,29 : 0.8158"
"29,33 : 0.1616"
"33,29 : 0.1616"
"29,34 : 0.2818"
"34,29 : 0.2818"
"29,35 : 0.6316"
"35,29 : 0.6316"
"29,36 : 0.666"
"36,29 : 0.666"
"29,37 : 0.8684"
"37,29 : 0.8684"
"29,38 : 0.4771"
"38,29 : 0.4771"
"29,39 : 0.283"
"39,29 : 0.283"
"29,40 : 0.6826"
"40,29 : 0.6826"
"29,41 : 0.5"
"41,29 : 0.5"
"29,42 : 0.5124"
"42,29 : 0.5124"
"29,43 : 0.3801"
"43,29 : 0.3801"
"29,44 : 0.5946"
"44,29 : 0.5946"
"29,45 : 0.5682"
"45,29 : 0.5682"
"29,46 : 0.586"
"46,29 : 0.586"
"29,47 : 0.3493"
"47,29 : 0.3493"
"29,48 : 0.4119"
"48,29 : 0.4119"
"29,49 : 0.4319"
"49,29 : 0.4319"
"30,31 : 0.1965"
"31,30 : 0.1965"
"30,32 : 0.7052"
"32,30 : 0.7052"
"30,33 : 0.2983"
"33,30 : 0.2983"
"30,34 : 0.2773"
"34,30 : 0.2773"
"30,35 : 0.4684"
"35,30 : 0.4684"
"30,36 : 0.933"
"36,30 : 0.933"
"30,37 : 1.0539"
"37,30 : 1.0539"
"30,38 : 0.2955"
"38,30 : 0.2955"
"30,39 : 0.255"
"39,30 : 0.255"
"30,40 : 0.9872"
"40,30 : 0.9872"
"30,41 : 0.8601"
"41,30 : 0.8601"
"30,42 : 0.4272"
"42,30 : 0.4272"
"30,43 : 0.2408"
"43,30 : 0.2408"
"30,44 : 0.4662"
"44,30 : 0.4662"
"30,45 : 0.8911"
"45,30 : 0.8911"
"30,46 : 0.4206"
"46,30 : 0.4206"
"30,47 : 0.7217"
"47,30 : 0.7217"
"30,48 : 0.4405"
"48,30 : 0.4405"
"30,49 : 0.815"
"49,30 : 0.815"
"31,32 : 0.8766"
"32,31 : 0.8766"
"31,33 : 0.18"
"33,31 : 0.18"
"31,34 : 0.3689"
"34,31 : 0.3689"
"31,35 : 0.645"
"35,31 : 0.645"
"31,36 : 0.969"
"36,31 : 0.969"
"31,37 : 1.1322"
"37,31 : 1.1322"
"31,38 : 0.4653"
"38,31 : 0.4653"
"31,39 : 0.3499"
"39,31 : 0.3499"
"31,40 : 1.0022"
"40,31 : 1.0022"
"31,41 : 0.8343"
"41,31 : 0.8343"
"31,42 : 0.5787"
"42,31 : 0.5787"
"31,43 : 0.386"
"43,31 : 0.386"
"31,44 : 0.6335"
"44,31 : 0.6335"
"31,45 : 0.8932"
"45,31 : 0.8932"
"31,46 : 0.5954"
"46,31 : 0.5954"
"31,47 : 0.6845"
"47,31 : 0.6845"
"31,48 : 0.5523"
"48,31 : 0.5523"
"31,49 : 0.7666"
"49,31 : 0.7666"
"32,33 : 0.8601"
"33,32 : 0.8601"
"32,34 : 0.5508"
"34,32 : 0.5508"
"32,35 : 0.2377"
"35,32 : 0.2377"
"32,36 : 0.7518"
"36,32 : 0.7518"
"32,37 : 0.6661"
"37,32 : 0.6661"
"32,38 : 0.4123"
"38,32 : 0.4123"
"32,39 : 0.5601"
"39,32 : 0.5601"
"32,40 : 0.8609"
"40,32 : 0.8609"
"32,41 : 0.9193"
"41,32 : 0.9193"
"32,42 : 0.3102"
"42,32 : 0.3102"
"32,43 : 0.4937"
"43,32 : 0.4937"
"32,44 : 0.2433"
"44,32 : 0.2433"
"32,45 : 0.8465"
"45,32 : 0.8465"
"32,46 : 0.2846"
"46,32 : 0.2846"
"32,47 : 0.8766"
"47,32 : 0.8766"
"32,48 : 0.408"
"48,32 : 0.408"
"32,49 : 0.9621"
"49,32 : 0.9621"
"33,34 : 0.3106"
"34,33 : 0.3106"
"33,35 : 0.6478"
"35,33 : 0.6478"
"33,36 : 0.8201"
"36,33 : 0.8201"
"33,37 : 1.0077"
"37,33 : 1.0077"
"33,38 : 0.473"
"38,33 : 0.473"
"33,39 : 0.3"
"39,33 : 0.3"
"33,40 : 0.8422"
"40,33 : 0.8422"
"33,41 : 0.661"
"41,33 : 0.661"
"33,42 : 0.55"
"42,33 : 0.55"
"33,43 : 0.3766"
"43,33 : 0.3766"
"33,44 : 0.622"
"44,33 : 0.622"
"33,45 : 0.729"
"45,33 : 0.729"
"33,46 : 0.5984"
"46,33 : 0.5984"
"33,47 : 0.5096"
"47,33 : 0.5096"
"33,48 : 0.4827"
"48,33 : 0.4827"
"33,49 : 0.5886"
"49,33 : 0.5886"
"34,35 : 0.3511"
"35,34 : 0.3511"
"34,36 : 0.658"
"36,34 : 0.658"
"34,37 : 0.7801"
"37,34 : 0.7801"
"34,38 : 0.1985"
"38,34 : 0.1985"
"34,39 : 0.0224"
"39,34 : 0.0224"
"34,40 : 0.7185"
"40,34 : 0.7185"
"34,41 : 0.6198"
"41,34 : 0.6198"
"34,42 : 0.2408"
"42,34 : 0.2408"
"34,43 : 0.1082"
"43,34 : 0.1082"
"34,44 : 0.3178"
"44,34 : 0.3178"
"34,45 : 0.6303"
"45,34 : 0.6303"
"34,46 : 0.3046"
"46,34 : 0.3046"
"34,47 : 0.4998"
"47,34 : 0.4998"
"34,48 : 0.1836"
"48,34 : 0.1836"
"34,49 : 0.5981"
"49,34 : 0.5981"
"35,36 : 0.763"
"36,35 : 0.763"
"35,37 : 0.7612"
"37,35 : 0.7612"
"35,38 : 0.1803"
"38,35 : 0.1803"
"35,39 : 0.3544"
"39,35 : 0.3544"
"35,40 : 0.8587"
"40,35 : 0.8587"
"35,41 : 0.8523"
"41,35 : 0.8523"
"35,42 : 0.1345"
"42,35 : 0.1345"
"35,43 : 0.2717"
"43,35 : 0.2717"
"35,44 : 0.0539"
"44,35 : 0.0539"
"35,45 : 0.8115"
"45,35 : 0.8115"
"35,46 : 0.05"
"46,35 : 0.05"
"35,47 : 0.7734"
"47,35 : 0.7734"
"35,48 : 0.2702"
"48,35 : 0.2702"
"35,49 : 0.8683"
"49,35 : 0.8683"
"36,37 : 0.27"
"37,36 : 0.27"
"36,38 : 0.7611"
"38,36 : 0.7611"
"36,39 : 0.6801"
"39,36 : 0.6801"
"36,40 : 0.1131"
"40,36 : 0.1131"
"36,41 : 0.3007"
"41,36 : 0.3007"
"36,42 : 0.6519"
"42,36 : 0.6519"
"36,43 : 0.7316"
"43,36 : 0.7316"
"36,44 : 0.7102"
"44,36 : 0.7102"
"36,45 : 0.17"
"45,36 : 0.17"
"36,46 : 0.7554"
"46,36 : 0.7554"
"36,47 : 0.394"
"47,36 : 0.394"
"36,48 : 0.5408"
"48,36 : 0.5408"
"36,49 : 0.4061"
"49,36 : 0.4061"
"37,38 : 0.8208"
"38,37 : 0.8208"
"37,39 : 0.8021"
"39,37 : 0.8021"
"37,40 : 0.359"
"40,37 : 0.359"
"37,41 : 0.5704"
"41,37 : 0.5704"
"37,42 : 0.6862"
"42,37 : 0.6862"
"37,43 : 0.8237"
"43,37 : 0.8237"
"37,44 : 0.7159"
"44,37 : 0.7159"
"37,45 : 0.44"
"45,37 : 0.44"
"37,46 : 0.7713"
"46,37 : 0.7713"
"37,47 : 0.65"
"47,37 : 0.65"
"37,48 : 0.6177"
"48,37 : 0.6177"
"37,49 : 0.6736"
"49,37 : 0.6736"
"38,39 : 0.1942"
"39,38 : 0.1942"
"38,40 : 0.841"
"40,38 : 0.841"
"38,41 : 0.7843"
"41,38 : 0.7843"
"38,42 : 0.1421"
"42,38 : 0.1421"
"38,43 : 0.0985"
"43,38 : 0.0985"
"38,44 : 0.1709"
"44,38 : 0.1709"
"38,45 : 0.771"
"45,38 : 0.771"
"38,46 : 0.1304"
"46,38 : 0.1304"
"38,47 : 0.68"
"47,38 : 0.68"
"38,48 : 0.2202"
"48,38 : 0.2202"
"38,49 : 0.7783"
"49,38 : 0.7783"
"39,40 : 0.7398"
"40,39 : 0.7398"
"39,41 : 0.6379"
"41,39 : 0.6379"
"39,42 : 0.25"
"42,39 : 0.25"
"39,43 : 0.099"
"43,39 : 0.099"
"39,44 : 0.3239"
"44,39 : 0.3239"
"39,45 : 0.6507"
"45,39 : 0.6507"
"39,46 : 0.3068"
"46,39 : 0.3068"
"39,47 : 0.5155"
"47,39 : 0.5155"
"39,48 : 0.2025"
"48,39 : 0.2025"
"39,49 : 0.6135"
"49,39 : 0.6135"
"40,41 : 0.2417"
"41,40 : 0.2417"
"40,42 : 0.7415"
"42,40 : 0.7415"
"40,43 : 0.8016"
"43,40 : 0.8016"
"40,44 : 0.8052"
"44,40 : 0.8052"
"40,45 : 0.1204"
"45,40 : 0.1204"
"40,46 : 0.8472"
"46,40 : 0.8472"
"40,47 : 0.3688"
"47,40 : 0.3688"
"40,48 : 0.622"
"48,40 : 0.622"
"40,49 : 0.3534"
"49,40 : 0.3534"
"41,42 : 0.7207"
"42,41 : 0.7207"
"41,43 : 0.7203"
"43,41 : 0.7203"
"41,44 : 0.7992"
"44,41 : 0.7992"
"41,45 : 0.1315"
"45,41 : 0.1315"
"41,46 : 0.8276"
"46,41 : 0.8276"
"41,47 : 0.1523"
"47,41 : 0.1523"
"41,48 : 0.5859"
"48,41 : 0.5859"
"41,49 : 0.1118"
"49,41 : 0.1118"
"42,43 : 0.1931"
"43,42 : 0.1931"
"42,44 : 0.086"
"44,42 : 0.086"
"42,45 : 0.6862"
"45,42 : 0.6862"
"42,46 : 0.1077"
"46,42 : 0.1077"
"42,47 : 0.6389"
"47,42 : 0.6389"
"42,48 : 0.136"
"48,42 : 0.136"
"42,49 : 0.7341"
