x,y
0.75,0.13
0.38,0.39
0.67,0.36
0.38,0.46
0.19,0.19
0.83,0.27
0.17,0.0
0.88,0.83
0.35,0.24
0.36,0.15
0.06,0.67
0.73,0.59
0.85,0.91
0.89,0.67
0.17,0.92
0.92,0.02
0.07,0.71
0.58,0.05
0.91,0.91
0.03,0.89
0.72,0.3
0.62,0.79
0.13,0.41
0.97,0.62
0.53,0.92
0.43,0.66
0.9,0.2
0.31,0.03
0.59,0.41
0.23,0.74
0.99,0.71
0.51,0.54
0.04,0.7
0.6,0.0
0.83,0.6
0.1,0.97
0.51,0.91
0.02,0.83
0.19,0.53
0.79,0.74
0.57,0.73
0.61,0.91
0.79,0.79
0.37,0.45
0.91,0.09
0.03,0.09
0.93,0.87
0.31,0.5
0.65,0.22
0.72,0.72

Distanze
"0,1 : 0.4522"
"1,0 : 0.4522"
"0,2 : 0.2435"
"2,0 : 0.2435"
"0,3 : 0.4958"
"3,0 : 0.4958"
"0,4 : 0.5632"
"4,0 : 0.5632"
"0,5 : 0.1612"
"5,0 : 0.1612"
"0,6 : 0.5944"
"6,0 : 0.5944"
"0,7 : 0.712"
"7,0 : 0.712"
"0,8 : 0.4148"
"8,0 : 0.4148"
"0,9 : 0.3905"
"9,0 : 0.3905"
"0,10 : 0.8762"
"10,0 : 0.8762"
"0,11 : 0.4604"
"11,0 : 0.4604"
"0,12 : 0.7864"
"12,0 : 0.7864"
"0,13 : 0.5579"
"13,0 : 0.5579"
"0,14 : 0.9801"
"14,0 : 0.9801"
"0,15 : 0.2025"
"15,0 : 0.2025"
"0,16 : 0.8938"
"16,0 : 0.8938"
"0,17 : 0.1879"
"17,0 : 0.1879"
"0,18 : 0.7962"
"18,0 : 0.7962"
"0,19 : 1.0469"
"19,0 : 1.0469"
"0,20 : 0.1726"
"20,0 : 0.1726"
"0,21 : 0.6727"
"21,0 : 0.6727"
"0,22 : 0.6803"
"22,0 : 0.6803"
"0,23 : 0.5371"
"23,0 : 0.5371"
"0,24 : 0.8201"
"24,0 : 0.8201"
"0,25 : 0.6191"
"25,0 : 0.6191"
"0,26 : 0.1655"
"26,0 : 0.1655"
"0,27 : 0.4512"
"27,0 : 0.4512"
"0,28 : 0.3225"
"28,0 : 0.3225"
"0,29 : 0.8016"
"29,0 : 0.8016"
"0,30 : 0.6277"
"30,0 : 0.6277"
"0,31 : 0.4751"
"31,0 : 0.4751"
"0,32 : 0.9105"
"32,0 : 0.9105"
"0,33 : 0.1985"
"33,0 : 0.1985"
"0,34 : 0.4768"
"34,0 : 0.4768"
"0,35 : 1.0621"
"35,0 : 1.0621"
"0,36 : 0.8161"
"36,0 : 0.8161"
"0,37 : 1.0114"
"37,0 : 1.0114"
"0,38 : 0.6882"
"38,0 : 0.6882"
"0,39 : 0.6113"
"39,0 : 0.6113"
"0,40 : 0.6264"
"40,0 : 0.6264"
"0,41 : 0.7925"
"41,0 : 0.7925"
"0,42 : 0.6612"
"42,0 : 0.6612"
"0,43 : 0.4968"
"43,0 : 0.4968"
"0,44 : 0.1649"
"44,0 : 0.1649"
"0,45 : 0.7211"
"45,0 : 0.7211"
"0,46 : 0.7616"
"46,0 : 0.7616"
"0,47 : 0.5749"
"47,0 : 0.5749"
"0,48 : 0.1345"
"48,0 : 0.1345"
"0,49 : 0.5908"
"49,0 : 0.5908"
"1,2 : 0.2915"
"2,1 : 0.2915"
"1,3 : 0.07"
"3,1 : 0.07"
"1,4 : 0.2759"
"4,1 : 0.2759"
"1,5 : 0.4657"
"5,1 : 0.4657"
"1,6 : 0.4429"
"6,1 : 0.4429"
"1,7 : 0.666"
"7,1 : 0.666"
"1,8 : 0.153"
"8,1 : 0.153"
"1,9 : 0.2408"
"9,1 : 0.2408"
"1,10 : 0.4252"
"10,1 : 0.4252"
"1,11 : 0.4031"
"11,1 : 0.4031"
"1,12 : 0.7009"
"12,1 : 0.7009"
"1,13 : 0.5818"
"13,1 : 0.5818"
"1,14 : 0.5701"
"14,1 : 0.5701"
"1,15 : 0.6546"
"15,1 : 0.6546"
"1,16 : 0.4455"
"16,1 : 0.4455"
"1,17 : 0.3945"
"17,1 : 0.3945"
"1,18 : 0.7425"
"18,1 : 0.7425"
"1,19 : 0.6103"
"19,1 : 0.6103"
"1,20 : 0.3517"
"20,1 : 0.3517"
"1,21 : 0.4665"
"21,1 : 0.4665"
"1,22 : 0.2508"
"22,1 : 0.2508"
"1,23 : 0.6332"
"23,1 : 0.6332"
"1,24 : 0.5508"
"24,1 : 0.5508"
"1,25 : 0.2746"
"25,1 : 0.2746"
"1,26 : 0.5536"
"26,1 : 0.5536"
"1,27 : 0.3667"
"27,1 : 0.3667"
"1,28 : 0.211"
"28,1 : 0.211"
"1,29 : 0.3808"
"29,1 : 0.3808"
"1,30 : 0.6888"
"30,1 : 0.6888"
"1,31 : 0.1985"
"31,1 : 0.1985"
"1,32 : 0.4601"
"32,1 : 0.4601"
"1,33 : 0.4478"
"33,1 : 0.4478"
"1,34 : 0.4966"
"34,1 : 0.4966"
"1,35 : 0.644"
"35,1 : 0.644"
"1,36 : 0.536"
"36,1 : 0.536"
"1,37 : 0.5685"
"37,1 : 0.5685"
"1,38 : 0.236"
"38,1 : 0.236"
"1,39 : 0.5391"
"39,1 : 0.5391"
"1,40 : 0.3895"
"40,1 : 0.3895"
"1,41 : 0.5686"
"41,1 : 0.5686"
"1,42 : 0.5728"
"42,1 : 0.5728"
"1,43 : 0.0608"
"43,1 : 0.0608"
"1,44 : 0.609"
"44,1 : 0.609"
"1,45 : 0.461"
"45,1 : 0.461"
"1,46 : 0.73"
"46,1 : 0.73"
"1,47 : 0.1304"
"47,1 : 0.1304"
"1,48 : 0.3191"
"48,1 : 0.3191"
"1,49 : 0.4738"
"49,1 : 0.4738"
"2,3 : 0.3068"
"3,2 : 0.3068"
"2,4 : 0.5092"
"4,2 : 0.5092"
"2,5 : 0.1836"
"5,2 : 0.1836"
"2,6 : 0.6161"
"6,2 : 0.6161"
"2,7 : 0.5148"
"7,2 : 0.5148"
"2,8 : 0.3418"
"8,2 : 0.3418"
"2,9 : 0.3744"
"9,2 : 0.3744"
"2,10 : 0.6843"
"10,2 : 0.6843"
"2,11 : 0.2377"
"11,2 : 0.2377"
"2,12 : 0.5787"
"12,2 : 0.5787"
"2,13 : 0.3801"
"13,2 : 0.3801"
"2,14 : 0.7507"
"14,2 : 0.7507"
"2,15 : 0.422"
"15,2 : 0.422"
"2,16 : 0.6946"
"16,2 : 0.6946"
"2,17 : 0.3228"
"17,2 : 0.3228"
"2,18 : 0.6001"
"18,2 : 0.6001"
"2,19 : 0.831"
"19,2 : 0.831"
"2,20 : 0.0781"
"20,2 : 0.0781"
"2,21 : 0.4329"
"21,2 : 0.4329"
"2,22 : 0.5423"
"22,2 : 0.5423"
"2,23 : 0.397"
"23,2 : 0.397"
"2,24 : 0.5772"
"24,2 : 0.5772"
"2,25 : 0.3842"
"25,2 : 0.3842"
"2,26 : 0.2802"
"26,2 : 0.2802"
"2,27 : 0.4884"
"27,2 : 0.4884"
"2,28 : 0.0943"
"28,2 : 0.0943"
"2,29 : 0.5814"
"29,2 : 0.5814"
"2,30 : 0.4742"
"30,2 : 0.4742"
"2,31 : 0.2408"
"31,2 : 0.2408"
"2,32 : 0.7159"
"32,2 : 0.7159"
"2,33 : 0.3667"
"33,2 : 0.3667"
"2,34 : 0.2884"
"34,2 : 0.2884"
"2,35 : 0.8349"
"35,2 : 0.8349"
"2,36 : 0.5728"
"36,2 : 0.5728"
"2,37 : 0.8021"
"37,2 : 0.8021"
"2,38 : 0.5092"
"38,2 : 0.5092"
"2,39 : 0.3985"
"39,2 : 0.3985"
"2,40 : 0.3833"
"40,2 : 0.3833"
"2,41 : 0.5533"
"41,2 : 0.5533"
"2,42 : 0.4464"
"42,2 : 0.4464"
"2,43 : 0.3132"
"43,2 : 0.3132"
"2,44 : 0.3612"
"44,2 : 0.3612"
"2,45 : 0.6946"
"45,2 : 0.6946"
"2,46 : 0.5725"
"46,2 : 0.5725"
"2,47 : 0.3863"
"47,2 : 0.3863"
"2,48 : 0.1414"
"48,2 : 0.1414"
"2,49 : 0.3635"
"49,2 : 0.3635"
"3,4 : 0.3302"
"4,3 : 0.3302"
"3,5 : 0.4885"
"5,3 : 0.4885"
"3,6 : 0.5057"
"6,3 : 0.5057"
"3,7 : 0.622"
"7,3 : 0.622"
"3,8 : 0.222"
"8,3 : 0.222"
"3,9 : 0.3106"
"9,3 : 0.3106"
"3,10 : 0.3828"
"10,3 : 0.3828"
"3,11 : 0.3734"
"11,3 : 0.3734"
"3,12 : 0.6507"
"12,3 : 0.6507"
"3,13 : 0.5515"
"13,3 : 0.5515"
"3,14 : 0.5057"
"14,3 : 0.5057"
"3,15 : 0.6966"
"15,3 : 0.6966"
"3,16 : 0.3982"
"16,3 : 0.3982"
"3,17 : 0.4562"
"17,3 : 0.4562"
"3,18 : 0.6953"
"18,3 : 0.6953"
"3,19 : 0.5544"
"19,3 : 0.5544"
"3,20 : 0.3758"
"20,3 : 0.3758"
"3,21 : 0.408"
"21,3 : 0.408"
"3,22 : 0.255"
"22,3 : 0.255"
"3,23 : 0.6113"
"23,3 : 0.6113"
"3,24 : 0.4838"
"24,3 : 0.4838"
"3,25 : 0.2062"
"25,3 : 0.2062"
"3,26 : 0.5814"
"26,3 : 0.5814"
"3,27 : 0.4357"
"27,3 : 0.4357"
"3,28 : 0.2159"
"28,3 : 0.2159"
"3,29 : 0.3176"
"29,3 : 0.3176"
"3,30 : 0.6592"
"30,3 : 0.6592"
"3,31 : 0.1526"
"31,3 : 0.1526"
"3,32 : 0.4162"
"32,3 : 0.4162"
"3,33 : 0.5099"
"33,3 : 0.5099"
"3,34 : 0.4713"
"34,3 : 0.4713"
"3,35 : 0.5818"
"35,3 : 0.5818"
"3,36 : 0.4684"
"36,3 : 0.4684"
"3,37 : 0.5162"
"37,3 : 0.5162"
"3,38 : 0.2025"
"38,3 : 0.2025"
"3,39 : 0.4965"
"39,3 : 0.4965"
"3,40 : 0.3302"
"40,3 : 0.3302"
"3,41 : 0.5054"
"41,3 : 0.5054"
"3,42 : 0.5263"
"42,3 : 0.5263"
"3,43 : 0.0141"
"43,3 : 0.0141"
"3,44 : 0.6464"
"44,3 : 0.6464"
"3,45 : 0.5093"
"45,3 : 0.5093"
"3,46 : 0.686"
"46,3 : 0.686"
"3,47 : 0.0806"
"47,3 : 0.0806"
"3,48 : 0.3612"
"48,3 : 0.3612"
"3,49 : 0.428"
"49,3 : 0.428"
"4,5 : 0.645"
"5,4 : 0.645"
"4,6 : 0.191"
"6,4 : 0.191"
"4,7 : 0.9411"
"7,4 : 0.9411"
"4,8 : 0.1676"
"8,4 : 0.1676"
"4,9 : 0.1746"
"9,4 : 0.1746"
"4,10 : 0.4973"
"10,4 : 0.4973"
"4,11 : 0.672"
"11,4 : 0.672"
"4,12 : 0.9767"
"12,4 : 0.9767"
"4,13 : 0.8488"
"13,4 : 0.8488"
"4,14 : 0.7303"
"14,4 : 0.7303"
"4,15 : 0.7495"
"15,4 : 0.7495"
"4,16 : 0.5337"
"16,4 : 0.5337"
"4,17 : 0.4144"
"17,4 : 0.4144"
"4,18 : 1.0182"
"18,4 : 1.0182"
"4,19 : 0.7181"
"19,4 : 0.7181"
"4,20 : 0.5413"
"20,4 : 0.5413"
"4,21 : 0.7382"
"21,4 : 0.7382"
"4,22 : 0.228"
"22,4 : 0.228"
"4,23 : 0.8907"
"23,4 : 0.8907"
"4,24 : 0.8053"
"24,4 : 0.8053"
"4,25 : 0.5277"
"25,4 : 0.5277"
"4,26 : 0.7101"
"26,4 : 0.7101"
"4,27 : 0.2"
"27,4 : 0.2"
"4,28 : 0.4565"
"28,4 : 0.4565"
"4,29 : 0.5515"
"29,4 : 0.5515"
"4,30 : 0.9541"
"30,4 : 0.9541"
"4,31 : 0.4742"
"31,4 : 0.4742"
"4,32 : 0.5316"
"32,4 : 0.5316"
"4,33 : 0.4519"
"33,4 : 0.4519"
"4,34 : 0.7601"
"34,4 : 0.7601"
"4,35 : 0.7852"
"35,4 : 0.7852"
"4,36 : 0.7879"
"36,4 : 0.7879"
"4,37 : 0.6622"
"37,4 : 0.6622"
"4,38 : 0.34"
"38,4 : 0.34"
"4,39 : 0.8139"
"39,4 : 0.8139"
"4,40 : 0.6603"
"40,4 : 0.6603"
"4,41 : 0.8335"
"41,4 : 0.8335"
"4,42 : 0.8485"
"42,4 : 0.8485"
"4,43 : 0.3162"
"43,4 : 0.3162"
"4,44 : 0.7269"
"44,4 : 0.7269"
"4,45 : 0.1887"
"45,4 : 0.1887"
"4,46 : 1.005"
"46,4 : 1.005"
"4,47 : 0.3324"
"47,4 : 0.3324"
"4,48 : 0.461"
"48,4 : 0.461"
"4,49 : 0.7495"
"49,4 : 0.7495"
"5,6 : 0.7131"
"6,5 : 0.7131"
"5,7 : 0.5622"
"7,5 : 0.5622"
"5,8 : 0.4809"
"8,5 : 0.4809"
"5,9 : 0.4851"
"9,5 : 0.4851"
"5,10 : 0.8677"
"10,5 : 0.8677"
"5,11 : 0.3353"
"11,5 : 0.3353"
"5,12 : 0.6403"
"12,5 : 0.6403"
"5,13 : 0.4045"
"13,5 : 0.4045"
"5,14 : 0.9263"
"14,5 : 0.9263"
"5,15 : 0.2657"
"15,5 : 0.2657"
"5,16 : 0.8782"
"16,5 : 0.8782"
"5,17 : 0.333"
"17,5 : 0.333"
"5,18 : 0.645"
"18,5 : 0.645"
"5,19 : 1.0121"
"19,5 : 1.0121"
"5,20 : 0.114"
"20,5 : 0.114"
"5,21 : 0.5608"
"21,5 : 0.5608"
"5,22 : 0.7139"
"22,5 : 0.7139"
"5,23 : 0.377"
"23,5 : 0.377"
"5,24 : 0.7159"
"24,5 : 0.7159"
"5,25 : 0.5587"
"25,5 : 0.5587"
"5,26 : 0.099"
"26,5 : 0.099"
"5,27 : 0.5727"
"27,5 : 0.5727"
"5,28 : 0.2778"
"28,5 : 0.2778"
"5,29 : 0.7622"
"29,5 : 0.7622"
"5,30 : 0.4682"
"30,5 : 0.4682"
"5,31 : 0.4187"
"31,5 : 0.4187"
"5,32 : 0.8994"
"32,5 : 0.8994"
"5,33 : 0.3547"
"33,5 : 0.3547"
"5,34 : 0.33"
"34,5 : 0.33"
"5,35 : 1.0114"
"35,5 : 1.0114"
"5,36 : 0.7155"
"36,5 : 0.7155"
"5,37 : 0.9847"
"37,5 : 0.9847"
"5,38 : 0.6908"
"38,5 : 0.6908"
"5,39 : 0.4717"
"39,5 : 0.4717"
"5,40 : 0.5284"
"40,5 : 0.5284"
"5,41 : 0.6768"
"41,5 : 0.6768"
"5,42 : 0.5215"
"42,5 : 0.5215"
"5,43 : 0.494"
"43,5 : 0.494"
"5,44 : 0.197"
"44,5 : 0.197"
"5,45 : 0.82"
"45,5 : 0.82"
"5,46 : 0.6083"
"46,5 : 0.6083"
"5,47 : 0.5686"
"47,5 : 0.5686"
"5,48 : 0.1868"
"48,5 : 0.1868"
"5,49 : 0.4632"
"49,5 : 0.4632"
"6,7 : 1.0922"
"7,6 : 1.0922"
"6,8 : 0.3"
"8,6 : 0.3"
"6,9 : 0.2421"
"9,6 : 0.2421"
"6,10 : 0.679"
"10,6 : 0.679"
"6,11 : 0.8134"
"11,6 : 0.8134"
"6,12 : 1.136"
"12,6 : 1.136"
"6,13 : 0.9835"
"13,6 : 0.9835"
"6,14 : 0.92"
"14,6 : 0.92"
"6,15 : 0.7503"
"15,6 : 0.7503"
"6,16 : 0.717"
"16,6 : 0.717"
"6,17 : 0.413"
"17,6 : 0.413"
"6,18 : 1.1729"
"18,6 : 1.1729"
"6,19 : 0.9009"
"19,6 : 0.9009"
"6,20 : 0.6265"
"20,6 : 0.6265"
"6,21 : 0.9092"
"21,6 : 0.9092"
"6,22 : 0.4119"
"22,6 : 0.4119"
"6,23 : 1.0121"
"23,6 : 1.0121"
"6,24 : 0.9879"
"24,6 : 0.9879"
"6,25 : 0.7094"
"25,6 : 0.7094"
"6,26 : 0.7569"
"26,6 : 0.7569"
"6,27 : 0.1432"
"27,6 : 0.1432"
"6,28 : 0.5869"
"28,6 : 0.5869"
"6,29 : 0.7424"
"29,6 : 0.7424"
"6,30 : 1.0847"
"30,6 : 1.0847"
"6,31 : 0.6381"
"31,6 : 0.6381"
"6,32 : 0.712"
"32,6 : 0.712"
"6,33 : 0.43"
"33,6 : 0.43"
"6,34 : 0.892"
"34,6 : 0.892"
"6,35 : 0.9725"
"35,6 : 0.9725"
"6,36 : 0.9714"
"36,6 : 0.9714"
"6,37 : 0.8434"
"37,6 : 0.8434"
"6,38 : 0.5304"
"38,6 : 0.5304"
"6,39 : 0.9654"
"39,6 : 0.9654"
"6,40 : 0.8324"
"40,6 : 0.8324"
"6,41 : 1.0108"
"41,6 : 1.0108"
"6,42 : 1.0042"
"42,6 : 1.0042"
"6,43 : 0.4924"
"43,6 : 0.4924"
"6,44 : 0.7455"
"44,6 : 0.7455"
"6,45 : 0.1664"
"45,6 : 0.1664"
"6,46 : 1.1552"
"46,6 : 1.1552"
"6,47 : 0.5192"
"47,6 : 0.5192"
"6,48 : 0.528"
"48,6 : 0.528"
"6,49 : 0.906"
"49,6 : 0.906"
"7,8 : 0.7931"
"8,7 : 0.7931"
"7,9 : 0.856"
"9,7 : 0.856"
"7,10 : 0.8355"
"10,7 : 0.8355"
"7,11 : 0.283"
"11,7 : 0.283"
"7,12 : 0.0854"
"12,7 : 0.0854"
"7,13 : 0.1603"
"13,7 : 0.1603"
"7,14 : 0.7157"
"14,7 : 0.7157"
"7,15 : 0.811"
"15,7 : 0.811"
"7,16 : 0.8188"
"16,7 : 0.8188"
"7,17 : 0.8357"
"17,7 : 0.8357"
"7,18 : 0.0854"
"18,7 : 0.0854"
"7,19 : 0.8521"
"19,7 : 0.8521"
"7,20 : 0.5536"
"20,7 : 0.5536"
"7,21 : 0.2631"
"21,7 : 0.2631"
"7,22 : 0.8596"
"22,7 : 0.8596"
"7,23 : 0.2285"
"23,7 : 0.2285"
"7,24 : 0.3614"
"24,7 : 0.3614"
"7,25 : 0.481"
"25,7 : 0.481"
"7,26 : 0.6303"
"26,7 : 0.6303"
"7,27 : 0.9823"
"27,7 : 0.9823"
"7,28 : 0.5104"
"28,7 : 0.5104"
"7,29 : 0.6562"
"29,7 : 0.6562"
"7,30 : 0.1628"
"30,7 : 0.1628"
"7,31 : 0.4701"
"31,7 : 0.4701"
"7,32 : 0.85"
"32,7 : 0.85"
"7,33 : 0.876"
"33,7 : 0.876"
"7,34 : 0.2354"
"34,7 : 0.2354"
"7,35 : 0.7925"
"35,7 : 0.7925"
"7,36 : 0.3785"
"36,7 : 0.3785"
"7,37 : 0.86"
"37,7 : 0.86"
"7,38 : 0.7524"
"38,7 : 0.7524"
"7,39 : 0.1273"
"39,7 : 0.1273"
"7,40 : 0.3257"
"40,7 : 0.3257"
"7,41 : 0.2816"
"41,7 : 0.2816"
"7,42 : 0.0985"
"42,7 : 0.0985"
"7,43 : 0.636"
"43,7 : 0.636"
"7,44 : 0.7406"
"44,7 : 0.7406"
"7,45 : 1.127"
"45,7 : 1.127"
"7,46 : 0.064"
"46,7 : 0.064"
"7,47 : 0.6586"
"47,7 : 0.6586"
"7,48 : 0.6519"
"48,7 : 0.6519"
"7,49 : 0.1942"
"49,7 : 0.1942"
"8,9 : 0.0906"
"9,8 : 0.0906"
"8,10 : 0.5187"
"10,8 : 0.5187"
"8,11 : 0.5166"
"11,8 : 0.5166"
"8,12 : 0.836"
"12,8 : 0.836"
"8,13 : 0.6903"
"13,8 : 0.6903"
"8,14 : 0.7034"
"14,8 : 0.7034"
"8,15 : 0.611"
"15,8 : 0.611"
"8,16 : 0.5471"
"16,8 : 0.5471"
"8,17 : 0.2983"
"17,8 : 0.2983"
"8,18 : 0.8732"
"18,8 : 0.8732"
"8,19 : 0.7245"
"19,8 : 0.7245"
"8,20 : 0.3748"
"20,8 : 0.3748"
"8,21 : 0.6127"
"21,8 : 0.6127"
"8,22 : 0.278"
"22,8 : 0.278"
"8,23 : 0.7272"
"23,8 : 0.7272"
"8,24 : 0.7034"
"24,8 : 0.7034"
"8,25 : 0.4276"
"25,8 : 0.4276"
"8,26 : 0.5515"
"26,8 : 0.5515"
"8,27 : 0.2138"
"27,8 : 0.2138"
"8,28 : 0.2941"
"28,8 : 0.2941"
"8,29 : 0.5142"
"29,8 : 0.5142"
"8,30 : 0.794"
"30,8 : 0.794"
"8,31 : 0.34"
"31,8 : 0.34"
"8,32 : 0.5547"
"32,8 : 0.5547"
"8,33 : 0.3466"
"33,8 : 0.3466"
"8,34 : 0.6"
"34,8 : 0.6"
"8,35 : 0.7716"
"35,8 : 0.7716"
"8,36 : 0.6888"
"36,8 : 0.6888"
"8,37 : 0.676"
"37,8 : 0.676"
"8,38 : 0.3312"
"38,8 : 0.3312"
"8,39 : 0.666"
"39,8 : 0.666"
"8,40 : 0.5371"
"40,8 : 0.5371"
"8,41 : 0.7187"
"41,8 : 0.7187"
"8,42 : 0.7043"
"42,8 : 0.7043"
"8,43 : 0.211"
"43,8 : 0.211"
"8,44 : 0.5797"
"44,8 : 0.5797"
"8,45 : 0.3534"
"45,8 : 0.3534"
"8,46 : 0.8563"
"46,8 : 0.8563"
"8,47 : 0.2631"
"47,8 : 0.2631"
"8,48 : 0.3007"
"48,8 : 0.3007"
"8,49 : 0.6061"
"49,8 : 0.6061"
"9,10 : 0.6003"
"10,9 : 0.6003"
"9,11 : 0.5749"
"11,9 : 0.5749"
"9,12 : 0.9043"
"12,9 : 0.9043"
"9,13 : 0.7425"
"13,9 : 0.7425"
"9,14 : 0.7931"
"14,9 : 0.7931"
"9,15 : 0.5749"
"15,9 : 0.5749"
"9,16 : 0.6306"
"16,9 : 0.6306"
"9,17 : 0.2417"
"17,9 : 0.2417"
"9,18 : 0.9381"
"18,9 : 0.9381"
"9,19 : 0.8102"
"19,9 : 0.8102"
"9,20 : 0.39"
"20,9 : 0.39"
"9,21 : 0.6908"
"21,9 : 0.6908"
"9,22 : 0.3471"
"22,9 : 0.3471"
"9,23 : 0.7701"
"23,9 : 0.7701"
"9,24 : 0.7885"
"24,9 : 0.7885"
"9,25 : 0.5148"
"25,9 : 0.5148"
"9,26 : 0.5423"
"26,9 : 0.5423"
"9,27 : 0.13"
"27,9 : 0.13"
"9,28 : 0.3471"
"28,9 : 0.3471"
"9,29 : 0.6042"
"29,9 : 0.6042"
"9,30 : 0.8429"
"30,9 : 0.8429"
"9,31 : 0.4179"
"31,9 : 0.4179"
"9,32 : 0.6363"
"32,9 : 0.6363"
"9,33 : 0.283"
"33,9 : 0.283"
"9,34 : 0.6507"
"34,9 : 0.6507"
"9,35 : 0.8602"
"35,9 : 0.8602"
"9,36 : 0.7747"
"36,9 : 0.7747"
"9,37 : 0.7603"
"37,9 : 0.7603"
"9,38 : 0.4163"
"38,9 : 0.4163"
"9,39 : 0.7301"
"39,9 : 0.7301"
"9,40 : 0.6168"
"40,9 : 0.6168"
"9,41 : 0.8001"
"41,9 : 0.8001"
"9,42 : 0.771"
"42,9 : 0.771"
"9,43 : 0.3002"
"43,9 : 0.3002"
"9,44 : 0.5533"
"44,9 : 0.5533"
"9,45 : 0.3354"
"45,9 : 0.3354"
"9,46 : 0.9183"
"46,9 : 0.9183"
"9,47 : 0.3536"
"47,9 : 0.3536"
"9,48 : 0.2983"
"48,9 : 0.2983"
"9,49 : 0.6742"
"49,9 : 0.6742"
"10,11 : 0.6748"
"11,10 : 0.6748"
"10,12 : 0.8257"
"12,10 : 0.8257"
"10,13 : 0.83"
"13,10 : 0.83"
"10,14 : 0.2731"
"14,10 : 0.2731"
"10,15 : 1.078"
"15,10 : 1.078"
"10,16 : 0.0412"
"16,10 : 0.0412"
"10,17 : 0.8092"
"17,10 : 0.8092"
"10,18 : 0.8832"
"18,10 : 0.8832"
"10,19 : 0.222"
"19,10 : 0.222"
"10,20 : 0.7566"
"20,10 : 0.7566"
"10,21 : 0.5727"
"21,10 : 0.5727"
"10,22 : 0.2693"
"22,10 : 0.2693"
"10,23 : 0.9114"
"23,10 : 0.9114"
"10,24 : 0.5324"
"24,10 : 0.5324"
"10,25 : 0.3701"
"25,10 : 0.3701"
"10,26 : 0.9625"
"26,10 : 0.9625"
"10,27 : 0.6871"
"27,10 : 0.6871"
"10,28 : 0.5903"
"28,10 : 0.5903"
"10,29 : 0.1838"
"29,10 : 0.1838"
"10,30 : 0.9309"
"30,10 : 0.9309"
"10,31 : 0.4684"
"31,10 : 0.4684"
"10,32 : 0.0361"
"32,10 : 0.0361"
"10,33 : 0.8605"
"33,10 : 0.8605"
"10,34 : 0.7732"
"34,10 : 0.7732"
"10,35 : 0.3027"
"35,10 : 0.3027"
"10,36 : 0.51"
"36,10 : 0.51"
"10,37 : 0.1649"
"37,10 : 0.1649"
"10,38 : 0.191"
"38,10 : 0.191"
"10,39 : 0.7333"
"39,10 : 0.7333"
"10,40 : 0.5135"
"40,10 : 0.5135"
"10,41 : 0.6001"
"41,10 : 0.6001"
"10,42 : 0.7398"
"42,10 : 0.7398"
"10,43 : 0.3801"
"43,10 : 0.3801"
"10,44 : 1.029"
"44,10 : 1.029"
"10,45 : 0.5808"
"45,10 : 0.5808"
"10,46 : 0.8927"
"46,10 : 0.8927"
"10,47 : 0.3023"
"47,10 : 0.3023"
"10,48 : 0.742"
"48,10 : 0.742"
"10,49 : 0.6619"
"49,10 : 0.6619"
"11,12 : 0.3418"
"12,11 : 0.3418"
"11,13 : 0.1789"
"13,11 : 0.1789"
"11,14 : 0.65"
"14,11 : 0.65"
"11,15 : 0.6008"
"15,11 : 0.6008"
"11,16 : 0.6708"
"16,11 : 0.6708"
"11,17 : 0.5604"
"17,11 : 0.5604"
"11,18 : 0.3672"
"18,11 : 0.3672"
"11,19 : 0.7616"
"19,11 : 0.7616"
"11,20 : 0.2902"
"20,11 : 0.2902"
"11,21 : 0.2283"
"21,11 : 0.2283"
"11,22 : 0.6264"
"22,11 : 0.6264"
"11,23 : 0.2419"
"23,11 : 0.2419"
"11,24 : 0.3859"
"24,11 : 0.3859"
"11,25 : 0.3081"
"25,11 : 0.3081"
"11,26 : 0.4254"
"26,11 : 0.4254"
"11,27 : 0.7"
"27,11 : 0.7"
"11,28 : 0.228"
"28,11 : 0.228"
"11,29 : 0.522"
"29,11 : 0.522"
"11,30 : 0.2864"
"30,11 : 0.2864"
"11,31 : 0.2256"
"31,11 : 0.2256"
"11,32 : 0.6987"
"32,11 : 0.6987"
"11,33 : 0.6042"
"33,11 : 0.6042"
"11,34 : 0.1005"
"34,11 : 0.1005"
"11,35 : 0.7357"
"35,11 : 0.7357"
"11,36 : 0.3883"
"36,11 : 0.3883"
"11,37 : 0.7495"
"37,11 : 0.7495"
"11,38 : 0.5433"
"38,11 : 0.5433"
"11,39 : 0.1616"
"39,11 : 0.1616"
"11,40 : 0.2126"
"40,11 : 0.2126"
"11,41 : 0.3418"
"41,11 : 0.3418"
"11,42 : 0.2088"
"42,11 : 0.2088"
"11,43 : 0.3863"
"43,11 : 0.3863"
"11,44 : 0.5314"
"44,11 : 0.5314"
"11,45 : 0.8602"
"45,11 : 0.8602"
"11,46 : 0.3441"
"46,11 : 0.3441"
"11,47 : 0.4295"
"47,11 : 0.4295"
"11,48 : 0.3785"
"48,11 : 0.3785"
"11,49 : 0.1304"
"49,11 : 0.1304"
"12,13 : 0.2433"
"13,12 : 0.2433"
"12,14 : 0.6801"
"14,12 : 0.6801"
"12,15 : 0.8927"
"15,12 : 0.8927"
"12,16 : 0.8052"
"16,12 : 0.8052"
"12,17 : 0.9014"
"17,12 : 0.9014"
"12,18 : 0.06"
"18,12 : 0.06"
"12,19 : 0.8202"
"19,12 : 0.8202"
"12,20 : 0.6237"
"20,12 : 0.6237"
"12,21 : 0.2594"
"21,12 : 0.2594"
"12,22 : 0.8766"
"22,12 : 0.8766"
"12,23 : 0.3138"
"23,12 : 0.3138"
"12,24 : 0.3202"
"24,12 : 0.3202"
"12,25 : 0.4888"
"25,12 : 0.4888"
"12,26 : 0.7118"
"26,12 : 0.7118"
"12,27 : 1.0325"
"27,12 : 1.0325"
"12,28 : 0.5636"
"28,12 : 0.5636"
"12,29 : 0.6429"
"29,12 : 0.6429"
"12,30 : 0.2441"
"30,12 : 0.2441"
"12,31 : 0.5025"
"31,12 : 0.5025"
"12,32 : 0.8368"
"32,12 : 0.8368"
"12,33 : 0.9437"
"33,12 : 0.9437"
"12,34 : 0.3106"
"34,12 : 0.3106"
"12,35 : 0.7524"
"35,12 : 0.7524"
"12,36 : 0.34"
"36,12 : 0.34"
"12,37 : 0.8338"
"37,12 : 0.8338"
"12,38 : 0.7616"
"38,12 : 0.7616"
"12,39 : 0.1803"
"39,12 : 0.1803"
"12,40 : 0.3329"
"40,12 : 0.3329"
"12,41 : 0.24"
"41,12 : 0.24"
"12,42 : 0.1342"
"42,12 : 0.1342"
"12,43 : 0.6648"
"43,12 : 0.6648"
"12,44 : 0.8222"
"44,12 : 0.8222"
"12,45 : 1.1597"
"45,12 : 1.1597"
"12,46 : 0.0894"
"46,12 : 0.0894"
"12,47 : 0.678"
"47,12 : 0.678"
"12,48 : 0.7184"
"48,12 : 0.7184"
"12,49 : 0.2302"
"49,12 : 0.2302"
"13,14 : 0.7622"
"14,13 : 0.7622"
"13,15 : 0.6507"
"15,13 : 0.6507"
"13,16 : 0.821"
"16,13 : 0.821"
"13,17 : 0.6932"
"17,13 : 0.6932"
"13,18 : 0.2408"
"18,13 : 0.2408"
"13,19 : 0.8877"
"19,13 : 0.8877"
"13,20 : 0.4072"
"20,13 : 0.4072"
"13,21 : 0.2955"
"21,13 : 0.2955"
"13,22 : 0.8032"
"22,13 : 0.8032"
"13,23 : 0.0943"
"23,13 : 0.0943"
"13,24 : 0.4383"
"24,13 : 0.4383"
"13,25 : 0.4601"
"25,13 : 0.4601"
"13,26 : 0.4701"
"26,13 : 0.4701"
"13,27 : 0.8637"
"27,13 : 0.8637"
"13,28 : 0.397"
"28,13 : 0.397"
"13,29 : 0.6637"
"29,13 : 0.6637"
"13,30 : 0.1077"
"30,13 : 0.1077"
"13,31 : 0.4016"
"31,13 : 0.4016"
"13,32 : 0.8505"
"32,13 : 0.8505"
"13,33 : 0.7301"
"33,13 : 0.7301"
"13,34 : 0.0922"
"34,13 : 0.0922"
"13,35 : 0.845"
"35,13 : 0.845"
"13,36 : 0.4494"
"36,13 : 0.4494"
"13,37 : 0.8846"
"37,13 : 0.8846"
"13,38 : 0.7139"
"38,13 : 0.7139"
"13,39 : 0.1221"
"39,13 : 0.1221"
"13,40 : 0.3256"
"40,13 : 0.3256"
"13,41 : 0.3688"
"41,13 : 0.3688"
"13,42 : 0.1562"
"42,13 : 0.1562"
"13,43 : 0.5646"
"43,13 : 0.5646"
"13,44 : 0.5803"
"44,13 : 0.5803"
"13,45 : 1.0373"
"45,13 : 1.0373"
"13,46 : 0.204"
"46,13 : 0.204"
"13,47 : 0.6044"
"47,13 : 0.6044"
"13,48 : 0.51"
"48,13 : 0.51"
"13,49 : 0.1772"
"49,13 : 0.1772"
"14,15 : 1.1715"
"15,14 : 1.1715"
"14,16 : 0.2326"
"16,14 : 0.2326"
"14,17 : 0.9618"
"17,14 : 0.9618"
"14,18 : 0.7401"
"18,14 : 0.7401"
"14,19 : 0.1432"
"19,14 : 0.1432"
"14,20 : 0.8288"
"20,14 : 0.8288"
"14,21 : 0.4684"
"21,14 : 0.4684"
"14,22 : 0.5116"
"22,14 : 0.5116"
"14,23 : 0.8544"
"23,14 : 0.8544"
"14,24 : 0.36"
"24,14 : 0.36"
"14,25 : 0.3677"
"25,14 : 0.3677"
"14,26 : 1.0253"
"26,14 : 1.0253"
"14,27 : 0.9009"
"27,14 : 0.9009"
"14,28 : 0.6607"
"28,14 : 0.6607"
"14,29 : 0.1897"
"29,14 : 0.1897"
"14,30 : 0.8465"
"30,14 : 0.8465"
"14,31 : 0.5099"
"31,14 : 0.5099"
"14,32 : 0.2555"
"32,14 : 0.2555"
"14,33 : 1.0155"
"33,14 : 1.0155"
"14,34 : 0.7335"
"34,14 : 0.7335"
"14,35 : 0.086"
"35,14 : 0.086"
"14,36 : 0.3401"
"36,14 : 0.3401"
"14,37 : 0.1749"
"37,14 : 0.1749"
"14,38 : 0.3905"
"38,14 : 0.3905"
"14,39 : 0.6456"
"39,14 : 0.6456"
"14,40 : 0.4428"
"40,14 : 0.4428"
"14,41 : 0.4401"
"41,14 : 0.4401"
"14,42 : 0.6335"
"42,14 : 0.6335"
"14,43 : 0.5108"
"43,14 : 0.5108"
"14,44 : 1.112"
"44,14 : 1.112"
"14,45 : 0.8417"
"45,14 : 0.8417"
"14,46 : 0.7616"
"46,14 : 0.7616"
"14,47 : 0.4427"
"47,14 : 0.4427"
"14,48 : 0.8488"
"48,14 : 0.8488"
"14,49 : 0.5852"
"49,14 : 0.5852"
"15,16 : 1.0948"
"16,15 : 1.0948"
"15,17 : 0.3413"
"17,15 : 0.3413"
"15,18 : 0.8901"
"18,15 : 0.8901"
"15,19 : 1.2446"
"19,15 : 1.2446"
"15,20 : 0.3441"
"20,15 : 0.3441"
"15,21 : 0.8264"
"21,15 : 0.8264"
"15,22 : 0.881"
"22,15 : 0.881"
"15,23 : 0.6021"
"23,15 : 0.6021"
"15,24 : 0.9809"
"24,15 : 0.9809"
"15,25 : 0.806"
"25,15 : 0.806"
"15,26 : 0.1811"
"26,15 : 0.1811"
"15,27 : 0.6101"
"27,15 : 0.6101"
"15,28 : 0.5109"
"28,15 : 0.5109"
"15,29 : 0.9972"
"29,15 : 0.9972"
"15,30 : 0.6935"
"30,15 : 0.6935"
"15,31 : 0.6622"
"31,15 : 0.6622"
"15,32 : 1.1121"
"32,15 : 1.1121"
"15,33 : 0.3206"
"33,15 : 0.3206"
"15,34 : 0.5869"
"34,15 : 0.5869"
"15,35 : 1.255"
"35,15 : 1.255"
"15,36 : 0.9799"
"36,15 : 0.9799"
"15,37 : 1.2108"
"37,15 : 1.2108"
"15,38 : 0.8905"
"38,15 : 0.8905"
"15,39 : 0.7316"
"39,15 : 0.7316"
"15,40 : 0.7916"
"40,15 : 0.7916"
"15,41 : 0.9424"
"41,15 : 0.9424"
"15,42 : 0.7809"
"42,15 : 0.7809"
"15,43 : 0.6981"
"43,15 : 0.6981"
"15,44 : 0.0707"
"44,15 : 0.0707"
"15,45 : 0.8927"
"45,15 : 0.8927"
"15,46 : 0.8501"
"46,15 : 0.8501"
"15,47 : 0.7762"
"47,15 : 0.7762"
"15,48 : 0.336"
"48,15 : 0.336"
"15,49 : 0.728"
"49,15 : 0.728"
"16,17 : 0.8341"
"17,16 : 0.8341"
"16,18 : 0.8635"
"18,16 : 0.8635"
"16,19 : 0.1844"
"19,16 : 0.1844"
"16,20 : 0.7685"
"20,16 : 0.7685"
"16,21 : 0.5558"
"21,16 : 0.5558"
"16,22 : 0.3059"
"22,16 : 0.3059"
"16,23 : 0.9045"
"23,16 : 0.9045"
"16,24 : 0.5057"
"24,16 : 0.5057"
"16,25 : 0.3635"
"25,16 : 0.3635"
"16,26 : 0.9742"
"26,16 : 0.9742"
"16,27 : 0.7211"
"27,16 : 0.7211"
"16,28 : 0.6003"
"28,16 : 0.6003"
"16,29 : 0.1628"
"29,16 : 0.1628"
"16,30 : 0.92"
"30,16 : 0.92"
"16,31 : 0.4717"
"31,16 : 0.4717"
"16,32 : 0.0316"
"32,16 : 0.0316"
"16,33 : 0.886"
"33,16 : 0.886"
"16,34 : 0.7679"
"34,16 : 0.7679"
"16,35 : 0.2617"
"35,16 : 0.2617"
"16,36 : 0.4833"
"36,16 : 0.4833"
"16,37 : 0.13"
"37,16 : 0.13"
"16,38 : 0.2163"
"38,16 : 0.2163"
"16,39 : 0.7206"
"39,16 : 0.7206"
"16,40 : 0.5004"
"40,16 : 0.5004"
"16,41 : 0.5758"
"41,16 : 0.5758"
"16,42 : 0.7244"
"42,16 : 0.7244"
"16,43 : 0.397"
"43,16 : 0.397"
"16,44 : 1.044"
"44,16 : 1.044"
"16,45 : 0.6213"
"45,16 : 0.6213"
"16,46 : 0.8748"
"46,16 : 0.8748"
"16,47 : 0.3189"
"47,16 : 0.3189"
"16,48 : 0.7593"
"48,16 : 0.7593"
"16,49 : 0.6501"
"49,16 : 0.6501"
"17,18 : 0.9211"
"18,17 : 0.9211"
"17,19 : 1.004"
"19,17 : 1.004"
"17,20 : 0.2865"
"20,17 : 0.2865"
"17,21 : 0.7411"
"21,17 : 0.7411"
"17,22 : 0.5763"
"22,17 : 0.5763"
"17,23 : 0.6907"
"23,17 : 0.6907"
"17,24 : 0.8714"
"24,17 : 0.8714"
"17,25 : 0.6282"
"25,17 : 0.6282"
"17,26 : 0.3534"
"26,17 : 0.3534"
"17,27 : 0.2707"
"27,17 : 0.2707"
"17,28 : 0.3601"
"28,17 : 0.3601"
"17,29 : 0.7737"
"29,17 : 0.7737"
"17,30 : 0.777"
"30,17 : 0.777"
"17,31 : 0.495"
"31,17 : 0.495"
"17,32 : 0.845"
"32,17 : 0.845"
"17,33 : 0.0539"
"33,17 : 0.0539"
"17,34 : 0.6042"
"34,17 : 0.6042"
"17,35 : 1.0377"
"35,17 : 1.0377"
"17,36 : 0.8628"
"36,17 : 0.8628"
"17,37 : 0.9602"
"37,17 : 0.9602"
"17,38 : 0.6185"
"38,17 : 0.6185"
"17,39 : 0.7212"
"39,17 : 0.7212"
"17,40 : 0.6801"
"40,17 : 0.6801"
"17,41 : 0.8605"
"41,17 : 0.8605"
"17,42 : 0.7692"
"42,17 : 0.7692"
"17,43 : 0.4518"
"43,17 : 0.4518"
"17,44 : 0.3324"
"44,17 : 0.3324"
"17,45 : 0.5515"
"45,17 : 0.5515"
"17,46 : 0.8916"
"46,17 : 0.8916"
"17,47 : 0.5248"
"47,17 : 0.5248"
"17,48 : 0.1838"
"48,17 : 0.1838"
"17,49 : 0.6845"
"49,17 : 0.6845"
"18,19 : 0.8802"
"19,18 : 0.8802"
"18,20 : 0.6389"
"20,18 : 0.6389"
"18,21 : 0.3138"
"21,18 : 0.3138"
"18,22 : 0.9265"
"22,18 : 0.9265"
"18,23 : 0.2961"
"23,18 : 0.2961"
"18,24 : 0.3801"
"24,18 : 0.3801"
"18,25 : 0.5412"
"25,18 : 0.5412"
"18,26 : 0.7101"
"26,18 : 0.7101"
"18,27 : 1.0651"
"27,18 : 1.0651"
"18,28 : 0.5936"
"28,18 : 0.5936"
"18,29 : 0.7009"
"29,18 : 0.7009"
"18,30 : 0.2154"
"30,18 : 0.2154"
"18,31 : 0.5449"
"31,18 : 0.5449"
"18,32 : 0.895"
"32,18 : 0.895"
"18,33 : 0.9614"
"33,18 : 0.9614"
"18,34 : 0.3202"
"34,18 : 0.3202"
"18,35 : 0.8122"
"35,18 : 0.8122"
"18,36 : 0.4"
"36,18 : 0.4"
"18,37 : 0.8936"
"37,18 : 0.8936"
"18,38 : 0.8141"
"38,18 : 0.8141"
"18,39 : 0.2081"
"39,18 : 0.2081"
"18,40 : 0.3847"
"40,18 : 0.3847"
"18,41 : 0.3"
"41,18 : 0.3"
"18,42 : 0.1697"
"42,18 : 0.1697"
"18,43 : 0.7094"
"43,18 : 0.7094"
"18,44 : 0.82"
"44,18 : 0.82"
"18,45 : 1.2028"
"45,18 : 1.2028"
"18,46 : 0.0447"
"46,18 : 0.0447"
"18,47 : 0.7267"
"47,18 : 0.7267"
"18,48 : 0.7374"
"48,18 : 0.7374"
"18,49 : 0.2687"
"49,18 : 0.2687"
"19,20 : 0.9079"
"20,19 : 0.9079"
"19,21 : 0.5984"
"21,19 : 0.5984"
"19,22 : 0.4903"
"22,19 : 0.4903"
"19,23 : 0.978"
"23,19 : 0.978"
"19,24 : 0.5009"
"24,19 : 0.5009"
"19,25 : 0.4614"
"25,19 : 0.4614"
"19,26 : 1.1104"
"26,19 : 1.1104"
"19,27 : 0.9044"
"27,19 : 0.9044"
"19,28 : 0.7376"
"28,19 : 0.7376"
"19,29 : 0.25"
"29,19 : 0.25"
"19,30 : 0.9767"
"30,19 : 0.9767"
"19,31 : 0.5941"
"31,19 : 0.5941"
"19,32 : 0.1903"
"32,19 : 0.1903"
"19,33 : 1.0569"
"33,19 : 1.0569"
"19,34 : 0.8509"
"34,19 : 0.8509"
"19,35 : 0.1063"
"35,19 : 0.1063"
"19,36 : 0.4804"
"36,19 : 0.4804"
"19,37 : 0.0608"
"37,19 : 0.0608"
"19,38 : 0.394"
"38,19 : 0.394"
"19,39 : 0.7747"
"39,19 : 0.7747"
"19,40 : 0.5632"
"40,19 : 0.5632"
"19,41 : 0.5803"
"41,19 : 0.5803"
"19,42 : 0.7666"
"42,19 : 0.7666"
"19,43 : 0.5561"
"43,19 : 0.5561"
"19,44 : 1.1893"
"44,19 : 1.1893"
"19,45 : 0.8"
"45,19 : 0.8"
"19,46 : 0.9002"
"46,19 : 0.9002"
"19,47 : 0.4801"
"47,19 : 0.4801"
"19,48 : 0.9129"
"48,19 : 0.9129"
"19,49 : 0.7106"
"49,19 : 0.7106"
"20,21 : 0.5001"
"21,20 : 0.5001"
"20,22 : 0.6002"
"22,20 : 0.6002"
"20,23 : 0.4061"
"23,20 : 0.4061"
"20,24 : 0.6485"
"24,20 : 0.6485"
"20,25 : 0.4623"
"25,20 : 0.4623"
"20,26 : 0.2059"
"26,20 : 0.2059"
"20,27 : 0.4909"
"27,20 : 0.4909"
"20,28 : 0.1703"
"28,20 : 0.1703"
"20,29 : 0.6586"
"29,20 : 0.6586"
"20,30 : 0.4909"
"30,20 : 0.4909"
"20,31 : 0.3189"
"31,20 : 0.3189"
"20,32 : 0.7889"
"32,20 : 0.7889"
"20,33 : 0.3231"
"33,20 : 0.3231"
"20,34 : 0.3195"
"34,20 : 0.3195"
"20,35 : 0.9129"
"35,20 : 0.9129"
"20,36 : 0.6451"
"36,20 : 0.6451"
"20,37 : 0.878"
"37,20 : 0.878"
"20,38 : 0.5778"
"38,20 : 0.5778"
"20,39 : 0.4455"
"39,20 : 0.4455"
"20,40 : 0.4554"
"40,20 : 0.4554"
"20,41 : 0.6198"
"41,20 : 0.6198"
"20,42 : 0.495"
"42,20 : 0.495"
"20,43 : 0.3808"
"43,20 : 0.3808"
"20,44 : 0.2832"
"44,20 : 0.2832"
"20,45 : 0.7212"
"45,20 : 0.7212"
"20,46 : 0.6075"
"46,20 : 0.6075"
"20,47 : 0.4562"
"47,20 : 0.4562"
"20,48 : 0.1063"
"48,20 : 0.1063"
"20,49 : 0.42"
"49,20 : 0.42"
"21,22 : 0.6201"
"22,21 : 0.6201"
"21,23 : 0.3891"
"23,21 : 0.3891"
"21,24 : 0.1581"
"24,21 : 0.1581"
"21,25 : 0.2302"
"25,21 : 0.2302"
"21,26 : 0.6531"
"26,21 : 0.6531"
"21,27 : 0.8208"
"27,21 : 0.8208"
"21,28 : 0.3812"
"28,21 : 0.3812"
"21,29 : 0.3932"
"29,21 : 0.3932"
"21,30 : 0.3785"
"30,21 : 0.3785"
"21,31 : 0.2731"
"31,21 : 0.2731"
"21,32 : 0.5869"
"32,21 : 0.5869"
"21,33 : 0.7903"
"33,21 : 0.7903"
"21,34 : 0.2832"
"34,21 : 0.2832"
"21,35 : 0.5503"
"35,21 : 0.5503"
"21,36 : 0.1628"
"36,21 : 0.1628"
"21,37 : 0.6013"
"37,21 : 0.6013"
"21,38 : 0.5025"
"38,21 : 0.5025"
"21,39 : 0.1772"
"39,21 : 0.1772"
"21,40 : 0.0781"
"40,21 : 0.0781"
"21,41 : 0.1204"
"41,21 : 0.1204"
"21,42 : 0.17"
"42,21 : 0.17"
"21,43 : 0.422"
"43,21 : 0.422"
"21,44 : 0.7577"
"44,21 : 0.7577"
"21,45 : 0.9155"
"45,21 : 0.9155"
"21,46 : 0.3202"
"46,21 : 0.3202"
"21,47 : 0.4245"
"47,21 : 0.4245"
"21,48 : 0.5708"
"48,21 : 0.5708"
"21,49 : 0.1221"
"49,21 : 0.1221"
"22,23 : 0.8659"
"23,22 : 0.8659"
"22,24 : 0.6482"
"24,22 : 0.6482"
"22,25 : 0.3905"
"25,22 : 0.3905"
"22,26 : 0.7981"
"26,22 : 0.7981"
"22,27 : 0.4205"
"27,22 : 0.4205"
"22,28 : 0.46"
"28,22 : 0.46"
"22,29 : 0.3448"
"29,22 : 0.3448"
"22,30 : 0.9108"
"30,22 : 0.9108"
"22,31 : 0.4016"
"31,22 : 0.4016"
"22,32 : 0.3036"
"32,22 : 0.3036"
"22,33 : 0.6237"
"33,22 : 0.6237"
"22,34 : 0.7253"
"34,22 : 0.7253"
"22,35 : 0.5608"
"35,22 : 0.5608"
"22,36 : 0.628"
"36,22 : 0.628"
"22,37 : 0.4342"
"37,22 : 0.4342"
"22,38 : 0.1342"
"38,22 : 0.1342"
"22,39 : 0.7379"
"39,22 : 0.7379"
"22,40 : 0.5441"
"40,22 : 0.5441"
"22,41 : 0.6931"
"41,22 : 0.6931"
"22,42 : 0.7616"
"42,22 : 0.7616"
"22,43 : 0.2433"
"43,22 : 0.2433"
"22,44 : 0.8431"
"44,22 : 0.8431"
"22,45 : 0.3353"
"45,22 : 0.3353"
"22,46 : 0.9228"
"46,22 : 0.9228"
"22,47 : 0.2012"
"47,22 : 0.2012"
"22,48 : 0.5536"
"48,22 : 0.5536"
"22,49 : 0.6665"
"49,22 : 0.6665"
"23,24 : 0.5325"
"24,23 : 0.5325"
"23,25 : 0.5415"
"25,23 : 0.5415"
"23,26 : 0.4258"
"26,23 : 0.4258"
"23,27 : 0.8853"
"27,23 : 0.8853"
"23,28 : 0.4342"
"28,23 : 0.4342"
"23,29 : 0.7497"
"29,23 : 0.7497"
"23,30 : 0.0922"
"30,23 : 0.0922"
"23,31 : 0.4669"
"31,23 : 0.4669"
"23,32 : 0.9334"
"32,23 : 0.9334"
"23,33 : 0.722"
"33,23 : 0.722"
"23,34 : 0.1414"
"34,23 : 0.1414"
"23,35 : 0.9378"
"35,23 : 0.9378"
"23,36 : 0.5438"
"36,23 : 0.5438"
"23,37 : 0.9729"
"37,23 : 0.9729"
"23,38 : 0.7852"
"38,23 : 0.7852"
"23,39 : 0.2163"
"39,23 : 0.2163"
"23,40 : 0.4148"
"40,23 : 0.4148"
"23,41 : 0.4623"
"41,23 : 0.4623"
"23,42 : 0.2476"
"42,23 : 0.2476"
"23,43 : 0.6236"
"43,23 : 0.6236"
"23,44 : 0.5334"
"44,23 : 0.5334"
"23,45 : 1.0791"
"45,23 : 1.0791"
"23,46 : 0.2532"
"46,23 : 0.2532"
"23,47 : 0.6708"
"47,23 : 0.6708"
"23,48 : 0.5122"
"48,23 : 0.5122"
"23,49 : 0.2693"
"49,23 : 0.2693"
"24,25 : 0.2786"
"25,24 : 0.2786"
"24,26 : 0.8095"
"26,24 : 0.8095"
"24,27 : 0.9168"
"27,24 : 0.9168"
"24,28 : 0.5135"
"28,24 : 0.5135"
"24,29 : 0.3499"
"29,24 : 0.3499"
"24,30 : 0.5057"
"30,24 : 0.5057"
"24,31 : 0.3805"
"31,24 : 0.3805"
"24,32 : 0.5371"
"32,24 : 0.5371"
"24,33 : 0.9227"
"33,24 : 0.9227"
"24,34 : 0.4386"
"34,24 : 0.4386"
"24,35 : 0.4329"
"35,24 : 0.4329"
"24,36 : 0.0224"
"36,24 : 0.0224"
"24,37 : 0.5179"
"37,24 : 0.5179"
"24,38 : 0.5174"
"38,24 : 0.5174"
"24,39 : 0.3162"
"39,24 : 0.3162"
"24,40 : 0.1942"
"40,24 : 0.1942"
"24,41 : 0.0806"
"41,24 : 0.0806"
"24,42 : 0.2907"
"42,24 : 0.2907"
"24,43 : 0.4965"
"43,24 : 0.4965"
"24,44 : 0.9129"
"44,24 : 0.9129"
"24,45 : 0.969"
"45,24 : 0.969"
"24,46 : 0.4031"
"46,24 : 0.4031"
"24,47 : 0.4741"
"47,24 : 0.4741"
"24,48 : 0.7102"
"48,24 : 0.7102"
"24,49 : 0.2759"
"49,24 : 0.2759"
"25,26 : 0.6576"
"26,25 : 0.6576"
"25,27 : 0.6413"
"27,25 : 0.6413"
"25,28 : 0.2968"
"28,25 : 0.2968"
"25,29 : 0.2154"
"29,25 : 0.2154"
"25,30 : 0.5622"
"30,25 : 0.5622"
"25,31 : 0.1442"
"31,25 : 0.1442"
"25,32 : 0.392"
"32,25 : 0.392"
"25,33 : 0.6815"
"33,25 : 0.6815"
"25,34 : 0.4045"
"34,25 : 0.4045"
"25,35 : 0.4528"
"35,25 : 0.4528"
"25,36 : 0.2625"
"36,25 : 0.2625"
"25,37 : 0.4438"
"37,25 : 0.4438"
"25,38 : 0.2729"
"38,25 : 0.2729"
"25,39 : 0.3688"
"39,25 : 0.3688"
"25,40 : 0.1565"
"40,25 : 0.1565"
"25,41 : 0.3081"
"41,25 : 0.3081"
"25,42 : 0.3828"
"42,25 : 0.3828"
"25,43 : 0.2184"
"43,25 : 0.2184"
"25,44 : 0.7452"
"44,25 : 0.7452"
"25,45 : 0.6963"
"45,25 : 0.6963"
"25,46 : 0.5423"
"46,25 : 0.5423"
"25,47 : 0.2"
"47,25 : 0.2"
"25,48 : 0.4919"
"48,25 : 0.4919"
"25,49 : 0.2961"
"49,25 : 0.2961"
"26,27 : 0.614"
"27,26 : 0.614"
"26,28 : 0.3744"
"28,26 : 0.3744"
"26,29 : 0.8605"
"29,26 : 0.8605"
"26,30 : 0.5179"
"30,26 : 0.5179"
"26,31 : 0.5174"
"31,26 : 0.5174"
"26,32 : 0.9948"
"32,26 : 0.9948"
"26,33 : 0.3606"
"33,26 : 0.3606"
"26,34 : 0.4061"
"34,26 : 0.4061"
"26,35 : 1.1104"
"35,26 : 1.1104"
"26,36 : 0.8101"
"36,26 : 0.8101"
"26,37 : 1.0823"
"37,26 : 1.0823"
"26,38 : 0.7829"
"38,26 : 0.7829"
"26,39 : 0.5511"
"39,26 : 0.5511"
"26,40 : 0.6243"
"40,26 : 0.6243"
"26,41 : 0.7669"
"41,26 : 0.7669"
"26,42 : 0.6002"
"42,26 : 0.6002"
"26,43 : 0.586"
"43,26 : 0.586"
"26,44 : 0.1105"
"44,26 : 0.1105"
"26,45 : 0.8769"
"45,26 : 0.8769"
"26,46 : 0.6707"
"46,26 : 0.6707"
"26,47 : 0.6619"
"47,26 : 0.6619"
"26,48 : 0.2508"
"48,26 : 0.2508"
"26,49 : 0.5503"
"49,26 : 0.5503"
"27,28 : 0.472"
"28,27 : 0.472"
"27,29 : 0.7145"
"29,27 : 0.7145"
"27,30 : 0.9617"
"30,27 : 0.9617"
"27,31 : 0.5478"
"31,27 : 0.5478"
"27,32 : 0.7224"
"32,27 : 0.7224"
"27,33 : 0.2915"
"33,27 : 0.2915"
"27,34 : 0.7716"
"34,27 : 0.7716"
"27,35 : 0.9632"
"35,27 : 0.9632"
"27,36 : 0.9024"
"36,27 : 0.9024"
"27,37 : 0.8509"
"37,27 : 0.8509"
"27,38 : 0.5142"
"38,27 : 0.5142"
"27,39 : 0.857"
"39,27 : 0.857"
"27,40 : 0.7467"
"40,27 : 0.7467"
"27,41 : 0.9297"
"41,27 : 0.9297"
"27,42 : 0.8989"
"42,27 : 0.8989"
"27,43 : 0.4243"
"43,27 : 0.4243"
"27,44 : 0.603"
"44,27 : 0.603"
"27,45 : 0.2864"
"45,27 : 0.2864"
"27,46 : 1.044"
"46,27 : 1.044"
"27,47 : 0.47"
"47,27 : 0.47"
"27,48 : 0.3895"
"48,27 : 0.3895"
"27,49 : 0.8026"
"49,27 : 0.8026"
"28,29 : 0.4884"
"29,28 : 0.4884"
"28,30 : 0.5"
"30,28 : 0.5"
"28,31 : 0.1526"
"31,28 : 0.1526"
"28,32 : 0.6218"
"32,28 : 0.6218"
"28,33 : 0.4101"
"33,28 : 0.4101"
"28,34 : 0.3061"
"34,28 : 0.3061"
"28,35 : 0.7441"
"35,28 : 0.7441"
"28,36 : 0.5064"
"36,28 : 0.5064"
"28,37 : 0.708"
"37,28 : 0.708"
"28,38 : 0.4176"
"38,28 : 0.4176"
"28,39 : 0.3859"
"39,28 : 0.3859"
"28,40 : 0.3206"
"40,28 : 0.3206"
"28,41 : 0.5004"
"41,28 : 0.5004"
"28,42 : 0.4294"
"42,28 : 0.4294"
"28,43 : 0.2236"
"43,28 : 0.2236"
"28,44 : 0.4525"
"44,28 : 0.4525"
"28,45 : 0.645"
"45,28 : 0.645"
"28,46 : 0.572"
"46,28 : 0.572"
"28,47 : 0.2941"
"47,28 : 0.2941"
"28,48 : 0.1992"
"48,28 : 0.1992"
"28,49 : 0.3362"
"49,28 : 0.3362"
"29,30 : 0.7606"
"30,29 : 0.7606"
"29,31 : 0.3441"
"31,29 : 0.3441"
"29,32 : 0.1942"
"32,29 : 0.1942"
"29,33 : 0.8273"
"33,29 : 0.8273"
"29,34 : 0.6161"
"34,29 : 0.6161"
"29,35 : 0.2642"
"35,29 : 0.2642"
"29,36 : 0.3276"
"36,29 : 0.3276"
"29,37 : 0.2285"
"37,29 : 0.2285"
"29,38 : 0.2138"
"38,29 : 0.2138"
"29,39 : 0.56"
"39,29 : 0.56"
"29,40 : 0.3401"
"40,29 : 0.3401"
"29,41 : 0.4163"
"41,29 : 0.4163"
"29,42 : 0.5622"
"42,29 : 0.5622"
"29,43 : 0.322"
"43,29 : 0.322"
"29,44 : 0.9407"
"44,29 : 0.9407"
"29,45 : 0.6801"
"45,29 : 0.6801"
"29,46 : 0.712"
"46,29 : 0.712"
"29,47 : 0.253"
"47,29 : 0.253"
"29,48 : 0.6684"
"48,29 : 0.6684"
"29,49 : 0.4904"
"49,29 : 0.4904"
"30,31 : 0.5092"
"31,30 : 0.5092"
"30,32 : 0.9501"
"32,30 : 0.9501"
"30,33 : 0.8101"
"33,30 : 0.8101"
"30,34 : 0.1942"
"34,30 : 0.1942"
"30,35 : 0.9272"
"35,30 : 0.9272"
"30,36 : 0.52"
"36,30 : 0.52"
"30,37 : 0.9774"
"37,30 : 0.9774"
"30,38 : 0.82"
"38,30 : 0.82"
"30,39 : 0.2022"
"39,30 : 0.2022"
"30,40 : 0.4205"
"40,30 : 0.4205"
"30,41 : 0.4294"
"41,30 : 0.4294"
"30,42 : 0.2154"
"42,30 : 0.2154"
"30,43 : 0.6723"
"43,30 : 0.6723"
"30,44 : 0.6251"
"44,30 : 0.6251"
"30,45 : 1.1428"
"45,30 : 1.1428"
"30,46 : 0.1709"
"46,30 : 0.1709"
"30,47 : 0.7117"
"47,30 : 0.7117"
"30,48 : 0.5964"
"48,30 : 0.5964"
"30,49 : 0.2702"
"49,30 : 0.2702"
"31,32 : 0.4965"
"32,31 : 0.4965"
"31,33 : 0.5474"
"33,31 : 0.5474"
"31,34 : 0.3256"
"34,31 : 0.3256"
"31,35 : 0.5941"
"35,31 : 0.5941"
"31,36 : 0.37"
"36,31 : 0.37"
"31,37 : 0.5694"
"37,31 : 0.5694"
"31,38 : 0.3202"
"38,31 : 0.3202"
"31,39 : 0.3441"
"39,31 : 0.3441"
"31,40 : 0.1992"
"40,31 : 0.1992"
"31,41 : 0.3833"
"41,31 : 0.3833"
"31,42 : 0.3754"
"42,31 : 0.3754"
"31,43 : 0.1664"
"43,31 : 0.1664"
"31,44 : 0.6021"
"44,31 : 0.6021"
"31,45 : 0.658"
"45,31 : 0.658"
"31,46 : 0.5341"
"46,31 : 0.5341"
"31,47 : 0.204"
"47,31 : 0.204"
"31,48 : 0.3493"
"48,31 : 0.3493"
"31,49 : 0.2766"
"49,31 : 0.2766"
"32,33 : 0.8964"
"33,32 : 0.8964"
"32,34 : 0.7963"
"34,32 : 0.7963"
"32,35 : 0.2766"
"35,32 : 0.2766"
"32,36 : 0.5148"
"36,32 : 0.5148"
"32,37 : 0.1315"
"37,32 : 0.1315"
"32,38 : 0.2267"
"38,32 : 0.2267"
"32,39 : 0.7511"
"39,32 : 0.7511"
"32,40 : 0.5308"
"40,32 : 0.5308"
"32,41 : 0.6075"
"41,32 : 0.6075"
"32,42 : 0.7554"
"42,32 : 0.7554"
"32,43 : 0.414"
"43,32 : 0.414"
"32,44 : 1.0625"
"44,32 : 1.0625"
"32,45 : 0.6101"
"45,32 : 0.6101"
"32,46 : 0.9061"
"46,32 : 0.9061"
"32,47 : 0.336"
"47,32 : 0.336"
"32,48 : 0.7762"
"48,32 : 0.7762"
"32,49 : 0.6803"
"49,32 : 0.6803"
"33,34 : 0.6426"
"34,33 : 0.6426"
"33,35 : 1.0913"
"35,33 : 1.0913"
"33,36 : 0.9144"
"36,33 : 0.9144"
"33,37 : 1.0126"
"37,33 : 1.0126"
"33,38 : 0.6701"
"38,33 : 0.6701"
"33,39 : 0.764"
"39,33 : 0.764"
"33,40 : 0.7306"
"40,33 : 0.7306"
"33,41 : 0.9101"
"41,33 : 0.9101"
"33,42 : 0.8125"
"42,33 : 0.8125"
"33,43 : 0.5054"
"43,33 : 0.5054"
"33,44 : 0.3228"
"44,33 : 0.3228"
"33,45 : 0.5771"
"45,33 : 0.5771"
"33,46 : 0.9305"
"46,33 : 0.9305"
"33,47 : 0.578"
"47,33 : 0.578"
"33,48 : 0.2256"
"48,33 : 0.2256"
"33,49 : 0.7299"
"49,33 : 0.7299"
"34,35 : 0.8184"
"35,34 : 0.8184"
"34,36 : 0.4455"
"36,34 : 0.4455"
"34,37 : 0.842"
"37,34 : 0.842"
"34,38 : 0.6438"
"38,34 : 0.6438"
"34,39 : 0.1456"
"39,34 : 0.1456"
"34,40 : 0.2907"
"40,34 : 0.2907"
"34,41 : 0.3801"
"41,34 : 0.3801"
"34,42 : 0.1942"
"42,34 : 0.1942"
"34,43 : 0.4838"
"43,34 : 0.4838"
"34,44 : 0.5162"
"44,34 : 0.5162"
"34,45 : 0.9487"
"45,34 : 0.9487"
"34,46 : 0.2879"
"46,34 : 0.2879"
"34,47 : 0.5295"
"47,34 : 0.5295"
"34,48 : 0.4205"
"48,34 : 0.4205"
"34,49 : 0.1628"
"49,34 : 0.1628"
"35,36 : 0.4144"
"36,35 : 0.4144"
"35,37 : 0.1612"
"37,35 : 0.1612"
"35,38 : 0.4491"
"38,35 : 0.4491"
"35,39 : 0.7273"
"39,35 : 0.7273"
"35,40 : 0.5277"
"40,35 : 0.5277"
"35,41 : 0.5135"
"41,35 : 0.5135"
"35,42 : 0.7131"
"42,35 : 0.7131"
"35,43 : 0.5859"
"43,35 : 0.5859"
"35,44 : 1.196"
"44,35 : 1.196"
"35,45 : 0.8828"
"45,35 : 0.8828"
"35,46 : 0.836"
"46,35 : 0.836"
"35,47 : 0.5148"
"47,35 : 0.5148"
"35,48 : 0.9301"
"48,35 : 0.9301"
"35,49 : 0.6685"
"49,35 : 0.6685"
"36,37 : 0.4965"
"37,36 : 0.4965"
"36,38 : 0.4968"
"38,36 : 0.4968"
"36,39 : 0.3276"
"39,36 : 0.3276"
"36,40 : 0.1897"
"40,36 : 0.1897"
"36,41 : 0.1"
"41,36 : 0.1"
"36,42 : 0.3046"
"42,36 : 0.3046"
"36,43 : 0.4808"
"43,36 : 0.4808"
"36,44 : 0.9124"
"44,36 : 0.9124"
"36,45 : 0.9502"
"45,36 : 0.9502"
"36,46 : 0.4219"
"46,36 : 0.4219"
"36,47 : 0.4562"
"47,36 : 0.4562"
"36,48 : 0.7041"
"48,36 : 0.7041"
"36,49 : 0.2832"
"49,36 : 0.2832"
"37,38 : 0.3448"
"38,37 : 0.3448"
"37,39 : 0.7752"
"39,37 : 0.7752"
"37,40 : 0.559"
"40,37 : 0.559"
"37,41 : 0.5954"
"41,37 : 0.5954"
"37,42 : 0.771"
"42,37 : 0.771"
"37,43 : 0.5166"
"43,37 : 0.5166"
"37,44 : 1.1575"
"44,37 : 1.1575"
"37,45 : 0.7401"
"45,37 : 0.7401"
"37,46 : 0.9109"
"46,37 : 0.9109"
"37,47 : 0.4393"
"47,37 : 0.4393"
"37,48 : 0.8769"
"48,37 : 0.8769"
"37,49 : 0.7086"
"49,37 : 0.7086"
"38,39 : 0.6357"
"39,38 : 0.6357"
"38,40 : 0.4294"
"40,38 : 0.4294"
"38,41 : 0.5664"
"41,38 : 0.5664"
"38,42 : 0.6539"
"42,38 : 0.6539"
"38,43 : 0.197"
"43,38 : 0.197"
"38,44 : 0.8438"
"44,38 : 0.8438"
"38,45 : 0.4682"
"45,38 : 0.4682"
"38,46 : 0.8144"
"46,38 : 0.8144"
"38,47 : 0.1237"
"47,38 : 0.1237"
"38,48 : 0.5547"
"48,38 : 0.5547"
"38,49 : 0.563"
"49,38 : 0.563"
"39,40 : 0.2202"
"40,39 : 0.2202"
"39,41 : 0.2476"
"41,39 : 0.2476"
"39,42 : 0.05"
"42,39 : 0.05"
"39,43 : 0.5104"
"43,39 : 0.5104"
"39,44 : 0.661"
"44,39 : 0.661"
"39,45 : 1.0"
"45,39 : 1.0"
"39,46 : 0.191"
"46,39 : 0.191"
"39,47 : 0.5367"
"47,39 : 0.5367"
"39,48 : 0.5385"
"48,39 : 0.5385"
"39,49 : 0.0728"
"49,39 : 0.0728"
"40,41 : 0.1844"
"41,40 : 0.1844"
"40,42 : 0.228"
"42,40 : 0.228"
"40,43 : 0.3441"
"43,40 : 0.3441"
"40,44 : 0.7247"
"44,40 : 0.7247"
"40,45 : 0.8374"
"45,40 : 0.8374"
"40,46 : 0.3863"
"46,40 : 0.3863"
"40,47 : 0.3471"
"47,40 : 0.3471"
"40,48 : 0.5162"
"48,40 : 0.5162"
"40,49 : 0.1503"
"49,40 : 0.1503"
"41,42 : 0.2163"
"42,41 : 0.2163"
"41,43 : 0.5188"
"43,41 : 0.5188"
"41,44 : 0.8732"
"44,41 : 0.8732"
"41,45 : 1.0044"
"45,41 : 1.0044"
"41,46 : 0.3225"
"46,41 : 0.3225"
"41,47 : 0.508"
"47,41 : 0.508"
"41,48 : 0.6912"
"48,41 : 0.6912"
"41,49 : 0.2195"
"49,41 : 0.2195"
"42,43 : 0.5404"
"43,42 : 0.5404"
"42,44 : 0.7102"
"44,42 : 0.7102"
"42,45 : 1.0332"
"45,42 : 1.0332"
"42,46 : 0.1612"
"46,42 : 0.1612"
"42,47 : 0.5608"
"47,42 : 0.5608"
"42,48 : 0.5869"
"48,42 : 0.5869"
