x,y
0.05,0.6
0.8,0.73
0.63,0.84
0.71,0.21
0.3,0.13
0.6,0.04
0.91,0.5
0.12,0.93
0.68,0.43
0.99,0.32
0.4,0.7
0.62,0.85
0.47,0.05
0.46,0.86
0.99,0.14
0.94,0.02
0.95,0.82
0.04,0.02
0.54,0.88
0.03,0.46
0.62,0.63
0.79,0.91
0.09,0.94
0.66,0.76
0.34,0.59
0.49,0.02
0.77,0.63
0.8,0.69
0.23,0.79
0.17,0.55
0.64,0.44
0.08,0.4
0.96,0.43
0.12,0.64
0.73,0.92
0.68,0.38
0.58,0.4
0.96,0.86
0.47,0.54
0.34,0.51
0.52,0.49
0.4,0.67
0.17,0.45
0.28,0.24
0.85,0.53
0.19,0.77
0.97,0.65
0.72,0.32
0.7,0.18
0.04,0.73

Distanze
"0,1 : 0.7612"
"1,0 : 0.7612"
"0,2 : 0.6277"
"2,0 : 0.6277"
"0,3 : 0.7666"
"3,0 : 0.7666"
"0,4 : 0.5324"
"4,0 : 0.5324"
"0,5 : 0.7849"
"5,0 : 0.7849"
"0,6 : 0.8658"
"6,0 : 0.8658"
"0,7 : 0.3373"
"7,0 : 0.3373"
"0,8 : 0.6525"
"8,0 : 0.6525"
"0,9 : 0.9808"
"9,0 : 0.9808"
"0,10 : 0.364"
"10,0 : 0.364"
"0,11 : 0.6224"
"11,0 : 0.6224"
"0,12 : 0.692"
"12,0 : 0.692"
"0,13 : 0.4855"
"13,0 : 0.4855"
"0,14 : 1.0465"
"14,0 : 1.0465"
"0,15 : 1.0623"
"15,0 : 1.0623"
"0,16 : 0.9265"
"16,0 : 0.9265"
"0,17 : 0.5801"
"17,0 : 0.5801"
"0,18 : 0.5644"
"18,0 : 0.5644"
"0,19 : 0.1414"
"19,0 : 0.1414"
"0,20 : 0.5708"
"20,0 : 0.5708"
"0,21 : 0.8023"
"21,0 : 0.8023"
"0,22 : 0.3423"
"22,0 : 0.3423"
"0,23 : 0.6306"
"23,0 : 0.6306"
"0,24 : 0.2902"
"24,0 : 0.2902"
"0,25 : 0.728"
"25,0 : 0.728"
"0,26 : 0.7206"
"26,0 : 0.7206"
"0,27 : 0.7554"
"27,0 : 0.7554"
"0,28 : 0.2617"
"28,0 : 0.2617"
"0,29 : 0.13"
"29,0 : 0.13"
"0,30 : 0.6113"
"30,0 : 0.6113"
"0,31 : 0.2022"
"31,0 : 0.2022"
"0,32 : 0.9257"
"32,0 : 0.9257"
"0,33 : 0.0806"
"33,0 : 0.0806"
"0,34 : 0.7515"
"34,0 : 0.7515"
"0,35 : 0.6673"
"35,0 : 0.6673"
"0,36 : 0.5665"
"36,0 : 0.5665"
"0,37 : 0.9464"
"37,0 : 0.9464"
"0,38 : 0.4243"
"38,0 : 0.4243"
"0,39 : 0.3036"
"39,0 : 0.3036"
"0,40 : 0.4827"
"40,0 : 0.4827"
"0,41 : 0.3569"
"41,0 : 0.3569"
"0,42 : 0.1921"
"42,0 : 0.1921"
"0,43 : 0.4272"
"43,0 : 0.4272"
"0,44 : 0.8031"
"44,0 : 0.8031"
"0,45 : 0.2202"
"45,0 : 0.2202"
"0,46 : 0.9214"
"46,0 : 0.9214"
"0,47 : 0.7262"
"47,0 : 0.7262"
"0,48 : 0.7739"
"48,0 : 0.7739"
"0,49 : 0.1304"
"49,0 : 0.1304"
"1,2 : 0.2025"
"2,1 : 0.2025"
"1,3 : 0.5277"
"3,1 : 0.5277"
"1,4 : 0.781"
"4,1 : 0.781"
"1,5 : 0.7184"
"5,1 : 0.7184"
"1,6 : 0.255"
"6,1 : 0.255"
"1,7 : 0.7088"
"7,1 : 0.7088"
"1,8 : 0.3231"
"8,1 : 0.3231"
"1,9 : 0.4519"
"9,1 : 0.4519"
"1,10 : 0.4011"
"10,1 : 0.4011"
"1,11 : 0.2163"
"11,1 : 0.2163"
"1,12 : 0.7558"
"12,1 : 0.7558"
"1,13 : 0.364"
"13,1 : 0.364"
"1,14 : 0.6198"
"14,1 : 0.6198"
"1,15 : 0.7237"
"15,1 : 0.7237"
"1,16 : 0.1749"
"16,1 : 0.1749"
"1,17 : 1.04"
"17,1 : 1.04"
"1,18 : 0.3002"
"18,1 : 0.3002"
"1,19 : 0.816"
"19,1 : 0.816"
"1,20 : 0.2059"
"20,1 : 0.2059"
"1,21 : 0.1803"
"21,1 : 0.1803"
"1,22 : 0.7404"
"22,1 : 0.7404"
"1,23 : 0.1432"
"23,1 : 0.1432"
"1,24 : 0.4808"
"24,1 : 0.4808"
"1,25 : 0.7747"
"25,1 : 0.7747"
"1,26 : 0.1044"
"26,1 : 0.1044"
"1,27 : 0.04"
"27,1 : 0.04"
"1,28 : 0.5731"
"28,1 : 0.5731"
"1,29 : 0.6552"
"29,1 : 0.6552"
"1,30 : 0.3312"
"30,1 : 0.3312"
"1,31 : 0.792"
"31,1 : 0.792"
"1,32 : 0.34"
"32,1 : 0.34"
"1,33 : 0.6859"
"33,1 : 0.6859"
"1,34 : 0.2025"
"34,1 : 0.2025"
"1,35 : 0.37"
"35,1 : 0.37"
"1,36 : 0.3966"
"36,1 : 0.3966"
"1,37 : 0.2062"
"37,1 : 0.2062"
"1,38 : 0.3808"
"38,1 : 0.3808"
"1,39 : 0.5099"
"39,1 : 0.5099"
"1,40 : 0.3688"
"40,1 : 0.3688"
"1,41 : 0.4045"
"41,1 : 0.4045"
"1,42 : 0.6894"
"42,1 : 0.6894"
"1,43 : 0.7145"
"43,1 : 0.7145"
"1,44 : 0.2062"
"44,1 : 0.2062"
"1,45 : 0.6113"
"45,1 : 0.6113"
"1,46 : 0.1879"
"46,1 : 0.1879"
"1,47 : 0.4177"
"47,1 : 0.4177"
"1,48 : 0.559"
"48,1 : 0.559"
"1,49 : 0.76"
"49,1 : 0.76"
"2,3 : 0.6351"
"3,2 : 0.6351"
"2,4 : 0.7829"
"4,2 : 0.7829"
"2,5 : 0.8006"
"5,2 : 0.8006"
"2,6 : 0.4405"
"6,2 : 0.4405"
"2,7 : 0.5179"
"7,2 : 0.5179"
"2,8 : 0.413"
"8,2 : 0.413"
"2,9 : 0.6325"
"9,2 : 0.6325"
"2,10 : 0.2693"
"10,2 : 0.2693"
"2,11 : 0.0141"
"11,2 : 0.0141"
"2,12 : 0.806"
"12,2 : 0.806"
"2,13 : 0.1712"
"13,2 : 0.1712"
"2,14 : 0.7871"
"14,2 : 0.7871"
"2,15 : 0.8766"
"15,2 : 0.8766"
"2,16 : 0.3206"
"16,2 : 0.3206"
"2,17 : 1.0102"
"17,2 : 1.0102"
"2,18 : 0.0985"
"18,2 : 0.0985"
"2,19 : 0.7102"
"19,2 : 0.7102"
"2,20 : 0.2102"
"20,2 : 0.2102"
"2,21 : 0.1746"
"21,2 : 0.1746"
"2,22 : 0.5492"
"22,2 : 0.5492"
"2,23 : 0.0854"
"23,2 : 0.0854"
"2,24 : 0.3829"
"24,2 : 0.3829"
"2,25 : 0.8319"
"25,2 : 0.8319"
"2,26 : 0.2524"
"26,2 : 0.2524"
"2,27 : 0.2267"
"27,2 : 0.2267"
"2,28 : 0.4031"
"28,2 : 0.4031"
"2,29 : 0.5438"
"29,2 : 0.5438"
"2,30 : 0.4001"
"30,2 : 0.4001"
"2,31 : 0.7043"
"31,2 : 0.7043"
"2,32 : 0.5263"
"32,2 : 0.5263"
"2,33 : 0.5478"
"33,2 : 0.5478"
"2,34 : 0.1281"
"34,2 : 0.1281"
"2,35 : 0.4627"
"35,2 : 0.4627"
"2,36 : 0.4428"
"36,2 : 0.4428"
"2,37 : 0.3306"
"37,2 : 0.3306"
"2,38 : 0.34"
"38,2 : 0.34"
"2,39 : 0.4393"
"39,2 : 0.4393"
"2,40 : 0.3669"
"40,2 : 0.3669"
"2,41 : 0.286"
"41,2 : 0.286"
"2,42 : 0.6031"
"42,2 : 0.6031"
"2,43 : 0.6946"
"43,2 : 0.6946"
"2,44 : 0.3801"
"44,2 : 0.3801"
"2,45 : 0.4455"
"45,2 : 0.4455"
"2,46 : 0.3895"
"46,2 : 0.3895"
"2,47 : 0.5277"
"47,2 : 0.5277"
"2,48 : 0.6637"
"48,2 : 0.6637"
"2,49 : 0.6002"
"49,2 : 0.6002"
"3,4 : 0.4177"
"4,3 : 0.4177"
"3,5 : 0.2025"
"5,3 : 0.2025"
"3,6 : 0.3523"
"6,3 : 0.3523"
"3,7 : 0.9309"
"7,3 : 0.9309"
"3,8 : 0.222"
"8,3 : 0.222"
"3,9 : 0.3008"
"9,3 : 0.3008"
"3,10 : 0.5798"
"10,3 : 0.5798"
"3,11 : 0.6463"
"11,3 : 0.6463"
"3,12 : 0.2884"
"12,3 : 0.2884"
"3,13 : 0.6964"
"13,3 : 0.6964"
"3,14 : 0.2886"
"14,3 : 0.2886"
"3,15 : 0.2983"
"15,3 : 0.2983"
"3,16 : 0.6555"
"16,3 : 0.6555"
"3,17 : 0.6964"
"17,3 : 0.6964"
"3,18 : 0.6912"
"18,3 : 0.6912"
"3,19 : 0.7245"
"19,3 : 0.7245"
"3,20 : 0.4295"
"20,3 : 0.4295"
"3,21 : 0.7046"
"21,3 : 0.7046"
"3,22 : 0.9578"
"22,3 : 0.9578"
"3,23 : 0.5523"
"23,3 : 0.5523"
"3,24 : 0.5304"
"24,3 : 0.5304"
"3,25 : 0.2907"
"25,3 : 0.2907"
"3,26 : 0.4243"
"26,3 : 0.4243"
"3,27 : 0.4884"
"27,3 : 0.4884"
"3,28 : 0.7529"
"28,3 : 0.7529"
"3,29 : 0.6381"
"29,3 : 0.6381"
"3,30 : 0.2404"
"30,3 : 0.2404"
"3,31 : 0.658"
"31,3 : 0.658"
"3,32 : 0.333"
"32,3 : 0.333"
"3,33 : 0.7301"
"33,3 : 0.7301"
"3,34 : 0.7103"
"34,3 : 0.7103"
"3,35 : 0.1726"
"35,3 : 0.1726"
"3,36 : 0.2302"
"36,3 : 0.2302"
"3,37 : 0.6964"
"37,3 : 0.6964"
"3,38 : 0.408"
"38,3 : 0.408"
"3,39 : 0.4763"
"39,3 : 0.4763"
"3,40 : 0.3384"
"40,3 : 0.3384"
"3,41 : 0.5547"
"41,3 : 0.5547"
"3,42 : 0.5909"
"42,3 : 0.5909"
"3,43 : 0.431"
"43,3 : 0.431"
"3,44 : 0.3493"
"44,3 : 0.3493"
"3,45 : 0.7642"
"45,3 : 0.7642"
"3,46 : 0.5111"
"46,3 : 0.5111"
"3,47 : 0.1105"
"47,3 : 0.1105"
"3,48 : 0.0316"
"48,3 : 0.0316"
"3,49 : 0.8481"
"49,3 : 0.8481"
"4,5 : 0.3132"
"5,4 : 0.3132"
"4,6 : 0.7134"
"6,4 : 0.7134"
"4,7 : 0.82"
"7,4 : 0.82"
"4,8 : 0.4841"
"8,4 : 0.4841"
"4,9 : 0.7157"
"9,4 : 0.7157"
"4,10 : 0.5787"
"10,4 : 0.5787"
"4,11 : 0.7879"
"11,4 : 0.7879"
"4,12 : 0.1879"
"12,4 : 0.1879"
"4,13 : 0.7473"
"13,4 : 0.7473"
"4,14 : 0.6901"
"14,4 : 0.6901"
"4,15 : 0.6494"
"15,4 : 0.6494"
"4,16 : 0.9479"
"16,4 : 0.9479"
"4,17 : 0.2823"
"17,4 : 0.2823"
"4,18 : 0.7875"
"18,4 : 0.7875"
"4,19 : 0.4264"
"19,4 : 0.4264"
"4,20 : 0.5936"
"20,4 : 0.5936"
"4,21 : 0.9211"
"21,4 : 0.9211"
"4,22 : 0.8368"
"22,4 : 0.8368"
"4,23 : 0.7256"
"23,4 : 0.7256"
"4,24 : 0.4617"
"24,4 : 0.4617"
"4,25 : 0.2195"
"25,4 : 0.2195"
"4,26 : 0.6862"
"26,4 : 0.6862"
"4,27 : 0.7507"
"27,4 : 0.7507"
"4,28 : 0.6637"
"28,4 : 0.6637"
"4,29 : 0.4397"
"29,4 : 0.4397"
"4,30 : 0.4601"
"30,4 : 0.4601"
"4,31 : 0.3483"
"31,4 : 0.3483"
"4,32 : 0.725"
"32,4 : 0.725"
"4,33 : 0.5408"
"33,4 : 0.5408"
"4,34 : 0.8994"
"34,4 : 0.8994"
"4,35 : 0.4549"
"35,4 : 0.4549"
"4,36 : 0.389"
"36,4 : 0.389"
"4,37 : 0.9841"
"37,4 : 0.9841"
"4,38 : 0.4438"
"38,4 : 0.4438"
"4,39 : 0.3821"
"39,4 : 0.3821"
"4,40 : 0.4219"
"40,4 : 0.4219"
"4,41 : 0.5492"
"41,4 : 0.5492"
"4,42 : 0.3454"
"42,4 : 0.3454"
"4,43 : 0.1118"
"43,4 : 0.1118"
"4,44 : 0.6801"
"44,4 : 0.6801"
"4,45 : 0.6494"
"45,4 : 0.6494"
"4,46 : 0.8481"
"46,4 : 0.8481"
"4,47 : 0.461"
"47,4 : 0.461"
"4,48 : 0.4031"
"48,4 : 0.4031"
"4,49 : 0.6539"
"49,4 : 0.6539"
"5,6 : 0.5547"
"6,5 : 0.5547"
"5,7 : 1.0112"
"7,5 : 1.0112"
"5,8 : 0.3981"
"8,5 : 0.3981"
"5,9 : 0.4801"
"9,5 : 0.4801"
"5,10 : 0.6896"
"10,5 : 0.6896"
"5,11 : 0.8102"
"11,5 : 0.8102"
"5,12 : 0.1304"
"12,5 : 0.1304"
"5,13 : 0.8319"
"13,5 : 0.8319"
"5,14 : 0.4026"
"14,5 : 0.4026"
"5,15 : 0.3406"
"15,5 : 0.3406"
"5,16 : 0.8549"
"16,5 : 0.8549"
"5,17 : 0.5604"
"17,5 : 0.5604"
"5,18 : 0.8421"
"18,5 : 0.8421"
"5,19 : 0.708"
"19,5 : 0.708"
"5,20 : 0.5903"
"20,5 : 0.5903"
"5,21 : 0.8905"
"21,5 : 0.8905"
"5,22 : 1.0345"
"22,5 : 1.0345"
"5,23 : 0.7225"
"23,5 : 0.7225"
"5,24 : 0.6084"
"24,5 : 0.6084"
"5,25 : 0.1118"
"25,5 : 0.1118"
"5,26 : 0.614"
"26,5 : 0.614"
"5,27 : 0.6801"
"27,5 : 0.6801"
"5,28 : 0.8363"
"28,5 : 0.8363"
"5,29 : 0.6671"
"29,5 : 0.6671"
"5,30 : 0.402"
"30,5 : 0.402"
"5,31 : 0.6325"
"31,5 : 0.6325"
"5,32 : 0.5308"
"32,5 : 0.5308"
"5,33 : 0.7684"
"33,5 : 0.7684"
"5,34 : 0.8896"
"34,5 : 0.8896"
"5,35 : 0.3493"
"35,5 : 0.3493"
"5,36 : 0.3606"
"36,5 : 0.3606"
"5,37 : 0.8955"
"37,5 : 0.8955"
"5,38 : 0.5166"
"38,5 : 0.5166"
"5,39 : 0.5371"
"39,5 : 0.5371"
"5,40 : 0.4571"
"40,5 : 0.4571"
"5,41 : 0.661"
"41,5 : 0.661"
"5,42 : 0.5941"
"42,5 : 0.5941"
"5,43 : 0.3774"
"43,5 : 0.3774"
"5,44 : 0.5501"
"44,5 : 0.5501"
"5,45 : 0.8373"
"45,5 : 0.8373"
"5,46 : 0.7134"
"46,5 : 0.7134"
"5,47 : 0.3046"
"47,5 : 0.3046"
"5,48 : 0.172"
"48,5 : 0.172"
"5,49 : 0.8887"
"49,5 : 0.8887"
"6,7 : 0.8994"
"7,6 : 0.8994"
"6,8 : 0.2404"
"8,6 : 0.2404"
"6,9 : 0.197"
"9,6 : 0.197"
"6,10 : 0.5478"
"10,6 : 0.5478"
"6,11 : 0.4545"
"11,6 : 0.4545"
"6,12 : 0.6294"
"12,6 : 0.6294"
"6,13 : 0.5763"
"13,6 : 0.5763"
"6,14 : 0.3688"
"14,6 : 0.3688"
"6,15 : 0.4809"
"15,6 : 0.4809"
"6,16 : 0.3225"
"16,6 : 0.3225"
"6,17 : 0.9936"
"17,6 : 0.9936"
"6,18 : 0.5304"
"18,6 : 0.5304"
"6,19 : 0.8809"
"19,6 : 0.8809"
"6,20 : 0.3178"
"20,6 : 0.3178"
"6,21 : 0.4272"
"21,6 : 0.4272"
"6,22 : 0.9306"
"22,6 : 0.9306"
"6,23 : 0.3607"
"23,6 : 0.3607"
"6,24 : 0.5771"
"24,6 : 0.5771"
"6,25 : 0.6378"
"25,6 : 0.6378"
"6,26 : 0.191"
"26,6 : 0.191"
"6,27 : 0.2195"
"27,6 : 0.2195"
"6,28 : 0.7393"
"28,6 : 0.7393"
"6,29 : 0.7417"
"29,6 : 0.7417"
"6,30 : 0.2766"
"30,6 : 0.2766"
"6,31 : 0.836"
"31,6 : 0.836"
"6,32 : 0.086"
"32,6 : 0.086"
"6,33 : 0.8023"
"33,6 : 0.8023"
"6,34 : 0.4569"
"34,6 : 0.4569"
"6,35 : 0.2594"
"35,6 : 0.2594"
"6,36 : 0.3448"
"36,6 : 0.3448"
"6,37 : 0.3635"
"37,6 : 0.3635"
"6,38 : 0.4418"
"38,6 : 0.4418"
"6,39 : 0.5701"
"39,6 : 0.5701"
"6,40 : 0.3901"
"40,6 : 0.3901"
"6,41 : 0.5376"
"41,6 : 0.5376"
"6,42 : 0.7417"
"42,6 : 0.7417"
"6,43 : 0.6815"
"43,6 : 0.6815"
"6,44 : 0.0671"
"44,6 : 0.0671"
"6,45 : 0.769"
"45,6 : 0.769"
"6,46 : 0.1616"
"46,6 : 0.1616"
"6,47 : 0.2617"
"47,6 : 0.2617"
"6,48 : 0.3828"
"48,6 : 0.3828"
"6,49 : 0.8999"
"49,6 : 0.8999"
"7,8 : 0.7507"
"8,7 : 0.7507"
"7,9 : 1.0625"
"9,7 : 1.0625"
"7,10 : 0.3624"
"10,7 : 0.3624"
"7,11 : 0.5064"
"11,7 : 0.5064"
"7,12 : 0.947"
"12,7 : 0.947"
"7,13 : 0.3471"
"13,7 : 0.3471"
"7,14 : 1.1752"
"14,7 : 1.1752"
"7,15 : 1.2249"
"15,7 : 1.2249"
"7,16 : 0.8373"
"16,7 : 0.8373"
"7,17 : 0.9135"
"17,7 : 0.9135"
"7,18 : 0.423"
"18,7 : 0.423"
"7,19 : 0.4785"
"19,7 : 0.4785"
"7,20 : 0.5831"
"20,7 : 0.5831"
"7,21 : 0.6703"
"21,7 : 0.6703"
"7,22 : 0.0316"
"22,7 : 0.0316"
"7,23 : 0.5661"
"23,7 : 0.5661"
"7,24 : 0.405"
"24,7 : 0.405"
"7,25 : 0.9823"
"25,7 : 0.9823"
"7,26 : 0.7159"
"26,7 : 0.7159"
"7,27 : 0.7211"
"27,7 : 0.7211"
"7,28 : 0.178"
"28,7 : 0.178"
"7,29 : 0.3833"
"29,7 : 0.3833"
"7,30 : 0.7145"
"30,7 : 0.7145"
"7,31 : 0.5315"
"31,7 : 0.5315"
"7,32 : 0.9775"
"32,7 : 0.9775"
"7,33 : 0.29"
"33,7 : 0.29"
"7,34 : 0.6101"
"34,7 : 0.6101"
"7,35 : 0.7849"
"35,7 : 0.7849"
"7,36 : 0.7018"
"36,7 : 0.7018"
"7,37 : 0.8429"
"37,7 : 0.8429"
"7,38 : 0.524"
"38,7 : 0.524"
"7,39 : 0.4741"
"39,7 : 0.4741"
"7,40 : 0.5946"
"40,7 : 0.5946"
"7,41 : 0.3821"
"41,7 : 0.3821"
"7,42 : 0.4826"
"42,7 : 0.4826"
"7,43 : 0.7083"
"43,7 : 0.7083"
"7,44 : 0.8324"
"44,7 : 0.8324"
"7,45 : 0.1746"
"45,7 : 0.1746"
"7,46 : 0.8949"
"46,7 : 0.8949"
"7,47 : 0.8556"
"47,7 : 0.8556"
"7,48 : 0.9481"
"48,7 : 0.9481"
"7,49 : 0.2154"
"49,7 : 0.2154"
"8,9 : 0.3289"
"9,8 : 0.3289"
"8,10 : 0.389"
"10,8 : 0.389"
"8,11 : 0.4243"
"11,8 : 0.4243"
"8,12 : 0.4342"
"12,8 : 0.4342"
"8,13 : 0.483"
"13,8 : 0.483"
"8,14 : 0.4245"
"14,8 : 0.4245"
"8,15 : 0.4855"
"15,8 : 0.4855"
"8,16 : 0.4743"
"16,8 : 0.4743"
"8,17 : 0.7601"
"17,8 : 0.7601"
"8,18 : 0.4713"
"18,8 : 0.4713"
"8,19 : 0.6507"
"19,8 : 0.6507"
"8,20 : 0.2088"
"20,8 : 0.2088"
"8,21 : 0.4924"
"21,8 : 0.4924"
"8,22 : 0.7799"
"22,8 : 0.7799"
"8,23 : 0.3306"
"23,8 : 0.3306"
"8,24 : 0.3758"
"24,8 : 0.3758"
"8,25 : 0.4519"
"25,8 : 0.4519"
"8,26 : 0.2193"
"26,8 : 0.2193"
"8,27 : 0.2864"
"27,8 : 0.2864"
"8,28 : 0.5763"
"28,8 : 0.5763"
"8,29 : 0.5239"
"29,8 : 0.5239"
"8,30 : 0.0412"
"30,8 : 0.0412"
"8,31 : 0.6007"
"31,8 : 0.6007"
"8,32 : 0.28"
"32,8 : 0.28"
"8,33 : 0.5981"
"33,8 : 0.5981"
"8,34 : 0.4925"
"34,8 : 0.4925"
"8,35 : 0.05"
"35,8 : 0.05"
"8,36 : 0.1044"
"36,8 : 0.1044"
"8,37 : 0.5131"
"37,8 : 0.5131"
"8,38 : 0.2371"
"38,8 : 0.2371"
"8,39 : 0.3493"
"39,8 : 0.3493"
"8,40 : 0.1709"
"40,8 : 0.1709"
"8,41 : 0.3688"
"41,8 : 0.3688"
"8,42 : 0.5104"
"42,8 : 0.5104"
"8,43 : 0.4428"
"43,8 : 0.4428"
"8,44 : 0.1972"
"44,8 : 0.1972"
"8,45 : 0.5964"
"45,8 : 0.5964"
"8,46 : 0.364"
"46,8 : 0.364"
"8,47 : 0.117"
"47,8 : 0.117"
"8,48 : 0.2508"
"48,8 : 0.2508"
"8,49 : 0.7068"
"49,8 : 0.7068"
"9,10 : 0.7018"
"10,9 : 0.7018"
"9,11 : 0.6464"
"11,9 : 0.6464"
"9,12 : 0.5859"
"12,9 : 0.5859"
"9,13 : 0.7566"
"13,9 : 0.7566"
"9,14 : 0.18"
"14,9 : 0.18"
"9,15 : 0.3041"
"15,9 : 0.3041"
"9,16 : 0.5016"
"16,9 : 0.5016"
"9,17 : 0.9962"
"17,9 : 0.9962"
"9,18 : 0.7184"
"18,9 : 0.7184"
"9,19 : 0.9702"
"19,9 : 0.9702"
"9,20 : 0.4827"
"20,9 : 0.4827"
"9,21 : 0.623"
"21,9 : 0.623"
"9,22 : 1.0929"
"22,9 : 1.0929"
"9,23 : 0.55"
"23,9 : 0.55"
"9,24 : 0.7038"
"24,9 : 0.7038"
"9,25 : 0.5831"
"25,9 : 0.5831"
"9,26 : 0.3801"
"26,9 : 0.3801"
"9,27 : 0.4159"
"27,9 : 0.4159"
"9,28 : 0.8936"
"28,9 : 0.8936"
"9,29 : 0.8516"
"29,9 : 0.8516"
"9,30 : 0.37"
"30,9 : 0.37"
"9,31 : 0.9135"
"31,9 : 0.9135"
"9,32 : 0.114"
"32,9 : 0.114"
"9,33 : 0.927"
"33,9 : 0.927"
"9,34 : 0.6539"
"34,9 : 0.6539"
"9,35 : 0.3158"
"35,9 : 0.3158"
"9,36 : 0.4177"
"36,9 : 0.4177"
"9,37 : 0.5408"
"37,9 : 0.5408"
"9,38 : 0.5646"
"38,9 : 0.5646"
"9,39 : 0.6772"
"39,9 : 0.6772"
"9,40 : 0.4998"
"40,9 : 0.4998"
"9,41 : 0.686"
"41,9 : 0.686"
"9,42 : 0.8302"
"42,9 : 0.8302"
"9,43 : 0.7145"
"43,9 : 0.7145"
"9,44 : 0.2524"
"44,9 : 0.2524"
"9,45 : 0.9179"
"45,9 : 0.9179"
"9,46 : 0.3306"
"46,9 : 0.3306"
"9,47 : 0.27"
"47,9 : 0.27"
"9,48 : 0.322"
"48,9 : 0.322"
"9,49 : 1.0347"
"49,9 : 1.0347"
"10,11 : 0.2663"
"11,10 : 0.2663"
"10,12 : 0.6538"
"12,10 : 0.6538"
"10,13 : 0.1709"
"13,10 : 0.1709"
"10,14 : 0.8134"
"14,10 : 0.8134"
"10,15 : 0.8683"
"15,10 : 0.8683"
"10,16 : 0.5629"
"16,10 : 0.5629"
"10,17 : 0.7694"
"17,10 : 0.7694"
"10,18 : 0.228"
"18,10 : 0.228"
"10,19 : 0.441"
"19,10 : 0.441"
"10,20 : 0.2309"
"20,10 : 0.2309"
"10,21 : 0.4429"
"21,10 : 0.4429"
"10,22 : 0.392"
"22,10 : 0.392"
"10,23 : 0.2668"
"23,10 : 0.2668"
"10,24 : 0.1253"
"24,10 : 0.1253"
"10,25 : 0.6859"
"25,10 : 0.6859"
"10,26 : 0.3766"
"26,10 : 0.3766"
"10,27 : 0.4001"
"27,10 : 0.4001"
"10,28 : 0.1924"
"28,10 : 0.1924"
"10,29 : 0.2746"
"29,10 : 0.2746"
"10,30 : 0.3538"
"30,10 : 0.3538"
"10,31 : 0.4386"
"31,10 : 0.4386"
"10,32 : 0.6217"
"32,10 : 0.6217"
"10,33 : 0.2864"
"33,10 : 0.2864"
"10,34 : 0.3966"
"34,10 : 0.3966"
"10,35 : 0.4252"
"35,10 : 0.4252"
"10,36 : 0.3499"
"36,10 : 0.3499"
"10,37 : 0.5824"
"37,10 : 0.5824"
"10,38 : 0.1746"
"38,10 : 0.1746"
"10,39 : 0.1992"
"39,10 : 0.1992"
"10,40 : 0.2419"
"40,10 : 0.2419"
"10,41 : 0.03"
"41,10 : 0.03"
"10,42 : 0.3397"
"42,10 : 0.3397"
"10,43 : 0.4754"
"43,10 : 0.4754"
"10,44 : 0.481"
"44,10 : 0.481"
"10,45 : 0.2214"
"45,10 : 0.2214"
"10,46 : 0.5722"
"46,10 : 0.5722"
"10,47 : 0.4968"
"47,10 : 0.4968"
"10,48 : 0.6003"
"48,10 : 0.6003"
"10,49 : 0.3612"
"49,10 : 0.3612"
"11,12 : 0.8139"
"12,11 : 0.8139"
"11,13 : 0.1603"
"13,11 : 0.1603"
"11,14 : 0.8006"
"14,11 : 0.8006"
"11,15 : 0.8896"
"15,11 : 0.8896"
"11,16 : 0.3314"
"16,11 : 0.3314"
"11,17 : 1.0126"
"17,11 : 1.0126"
"11,18 : 0.0854"
"18,11 : 0.0854"
"11,19 : 0.7072"
"19,11 : 0.7072"
"11,20 : 0.22"
"20,11 : 0.22"
"11,21 : 0.1803"
"21,11 : 0.1803"
"11,22 : 0.5376"
"22,11 : 0.5376"
"11,23 : 0.0985"
"23,11 : 0.0985"
"11,24 : 0.3821"
"24,11 : 0.3821"
"11,25 : 0.8401"
"25,11 : 0.8401"
"11,26 : 0.2663"
"26,11 : 0.2663"
"11,27 : 0.2408"
"27,11 : 0.2408"
"11,28 : 0.3946"
"28,11 : 0.3946"
"11,29 : 0.5408"
"29,11 : 0.5408"
"11,30 : 0.4105"
"30,11 : 0.4105"
"11,31 : 0.7029"
"31,11 : 0.7029"
"11,32 : 0.5404"
"32,11 : 0.5404"
"11,33 : 0.5423"
"33,11 : 0.5423"
"11,34 : 0.1304"
"34,11 : 0.1304"
"11,35 : 0.4738"
"35,11 : 0.4738"
"11,36 : 0.4518"
"36,11 : 0.4518"
"11,37 : 0.3401"
"37,11 : 0.3401"
"11,38 : 0.3444"
"38,11 : 0.3444"
"11,39 : 0.4405"
"39,11 : 0.4405"
"11,40 : 0.3736"
"40,11 : 0.3736"
"11,41 : 0.2843"
"41,11 : 0.2843"
"11,42 : 0.6021"
"42,11 : 0.6021"
"11,43 : 0.6984"
"43,11 : 0.6984"
"11,44 : 0.3941"
"44,11 : 0.3941"
"11,45 : 0.4374"
"45,11 : 0.4374"
"11,46 : 0.4031"
"46,11 : 0.4031"
"11,47 : 0.5394"
"47,11 : 0.5394"
"11,48 : 0.6748"
"48,11 : 0.6748"
"11,49 : 0.5923"
"49,11 : 0.5923"
"12,13 : 0.8101"
"13,12 : 0.8101"
"12,14 : 0.5277"
"14,12 : 0.5277"
"12,15 : 0.471"
"15,12 : 0.471"
"12,16 : 0.9074"
"16,12 : 0.9074"
"12,17 : 0.431"
"17,12 : 0.431"
"12,18 : 0.8329"
"18,12 : 0.8329"
"12,19 : 0.6014"
"19,12 : 0.6014"
"12,20 : 0.5991"
"20,12 : 0.5991"
"12,21 : 0.9176"
"21,12 : 0.9176"
"12,22 : 0.9677"
"22,12 : 0.9677"
"12,23 : 0.735"
"23,12 : 0.735"
"12,24 : 0.5554"
"24,12 : 0.5554"
"12,25 : 0.0361"
"25,12 : 0.0361"
"12,26 : 0.653"
"26,12 : 0.653"
"12,27 : 0.7201"
"27,12 : 0.7201"
"12,28 : 0.7779"
"28,12 : 0.7779"
"12,29 : 0.5831"
"29,12 : 0.5831"
"12,30 : 0.4254"
"30,12 : 0.4254"
"12,31 : 0.524"
"31,12 : 0.524"
"12,32 : 0.6201"
"32,12 : 0.6201"
"12,33 : 0.686"
"33,12 : 0.686"
"12,34 : 0.908"
"34,12 : 0.908"
"12,35 : 0.3912"
"35,12 : 0.3912"
"12,36 : 0.3669"
"36,12 : 0.3669"
"12,37 : 0.9467"
"37,12 : 0.9467"
"12,38 : 0.49"
"38,12 : 0.49"
"12,39 : 0.478"
"39,12 : 0.478"
"12,40 : 0.4428"
"40,12 : 0.4428"
"12,41 : 0.6239"
"41,12 : 0.6239"
"12,42 : 0.5"
"42,12 : 0.5"
"12,43 : 0.2687"
"43,12 : 0.2687"
"12,44 : 0.6122"
"44,12 : 0.6122"
"12,45 : 0.7725"
"45,12 : 0.7725"
"12,46 : 0.781"
"46,12 : 0.781"
"12,47 : 0.368"
"47,12 : 0.368"
"12,48 : 0.2642"
"48,12 : 0.2642"
"12,49 : 0.8045"
"49,12 : 0.8045"
"13,14 : 0.894"
"14,13 : 0.894"
"13,15 : 0.9675"
"15,13 : 0.9675"
"13,16 : 0.4916"
"16,13 : 0.4916"
"13,17 : 0.9391"
"17,13 : 0.9391"
"13,18 : 0.0825"
"18,13 : 0.0825"
"13,19 : 0.5873"
"19,13 : 0.5873"
"13,20 : 0.2802"
"20,13 : 0.2802"
"13,21 : 0.3338"
"21,13 : 0.3338"
"13,22 : 0.3785"
"22,13 : 0.3785"
"13,23 : 0.2236"
"23,13 : 0.2236"
"13,24 : 0.2955"
"24,13 : 0.2955"
"13,25 : 0.8405"
"25,13 : 0.8405"
"13,26 : 0.386"
"26,13 : 0.386"
"13,27 : 0.3801"
"27,13 : 0.3801"
"13,28 : 0.2404"
"28,13 : 0.2404"
"13,29 : 0.4245"
"29,13 : 0.4245"
"13,30 : 0.4569"
"30,13 : 0.4569"
"13,31 : 0.5967"
"31,13 : 0.5967"
"13,32 : 0.6595"
"32,13 : 0.6595"
"13,33 : 0.405"
"33,13 : 0.405"
"13,34 : 0.2766"
"34,13 : 0.2766"
"13,35 : 0.528"
"35,13 : 0.528"
"13,36 : 0.4754"
"36,13 : 0.4754"
"13,37 : 0.5"
"37,13 : 0.5"
"13,38 : 0.3202"
"38,13 : 0.3202"
"13,39 : 0.37"
"39,13 : 0.37"
"13,40 : 0.3748"
"40,13 : 0.3748"
"13,41 : 0.1992"
"41,13 : 0.1992"
"13,42 : 0.5022"
"42,13 : 0.5022"
"13,43 : 0.6456"
"43,13 : 0.6456"
"13,44 : 0.5109"
"44,13 : 0.5109"
"13,45 : 0.2846"
"45,13 : 0.2846"
"13,46 : 0.5515"
"46,13 : 0.5515"
"13,47 : 0.5993"
"47,13 : 0.5993"
"13,48 : 0.7211"
"48,13 : 0.7211"
"13,49 : 0.4397"
"49,13 : 0.4397"
"14,15 : 0.13"
"15,14 : 0.13"
"14,16 : 0.6812"
"16,14 : 0.6812"
"14,17 : 0.9575"
"17,14 : 0.9575"
"14,18 : 0.8661"
"18,14 : 0.8661"
"14,19 : 1.0119"
"19,14 : 1.0119"
"14,20 : 0.614"
"20,14 : 0.614"
"14,21 : 0.7956"
"21,14 : 0.7956"
"14,22 : 1.2042"
"22,14 : 1.2042"
"14,23 : 0.7024"
"23,14 : 0.7024"
"14,24 : 0.7906"
"24,14 : 0.7906"
"14,25 : 0.5142"
"25,14 : 0.5142"
"14,26 : 0.5371"
"26,14 : 0.5371"
"14,27 : 0.5819"
"27,14 : 0.5819"
"14,28 : 1.0"
"28,14 : 1.0"
"14,29 : 0.9168"
"29,14 : 0.9168"
"14,30 : 0.461"
"30,14 : 0.461"
"14,31 : 0.9464"
"31,14 : 0.9464"
"14,32 : 0.2915"
"32,14 : 0.2915"
"14,33 : 1.0034"
"33,14 : 1.0034"
"14,34 : 0.8222"
"34,14 : 0.8222"
"14,35 : 0.392"
"35,14 : 0.392"
"14,36 : 0.4855"
"36,14 : 0.4855"
"14,37 : 0.7206"
"37,14 : 0.7206"
"14,38 : 0.656"
"38,14 : 0.656"
"14,39 : 0.7479"
"39,14 : 0.7479"
"14,40 : 0.586"
"40,14 : 0.586"
"14,41 : 0.7931"
"41,14 : 0.7931"
"14,42 : 0.8766"
"42,14 : 0.8766"
"14,43 : 0.717"
"43,14 : 0.717"
"14,44 : 0.4144"
"44,14 : 0.4144"
"14,45 : 1.0183"
"45,14 : 1.0183"
"14,46 : 0.5104"
"46,14 : 0.5104"
"14,47 : 0.3245"
"47,14 : 0.3245"
"14,48 : 0.2927"
"48,14 : 0.2927"
"14,49 : 1.1183"
"49,14 : 1.1183"
"15,16 : 0.8001"
"16,15 : 0.8001"
"15,17 : 0.9"
"17,15 : 0.9"
"15,18 : 0.9485"
"18,15 : 0.9485"
"15,19 : 1.0108"
"19,15 : 1.0108"
"15,20 : 0.6888"
"20,15 : 0.6888"
"15,21 : 0.9026"
"21,15 : 0.9026"
"15,22 : 1.2526"
"22,15 : 1.2526"
"15,23 : 0.7912"
"23,15 : 0.7912"
"15,24 : 0.8276"
"24,15 : 0.8276"
"15,25 : 0.45"
"25,15 : 0.45"
"15,26 : 0.6332"
"26,15 : 0.6332"
"15,27 : 0.6845"
"27,15 : 0.6845"
"15,28 : 1.0474"
"28,15 : 1.0474"
"15,29 : 0.9348"
"29,15 : 0.9348"
"15,30 : 0.5161"
"30,15 : 0.5161"
"15,31 : 0.9402"
"31,15 : 0.9402"
"15,32 : 0.4105"
"32,15 : 0.4105"
"15,33 : 1.028"
"33,15 : 1.028"
"15,34 : 0.9242"
"34,15 : 0.9242"
"15,35 : 0.4441"
"35,15 : 0.4441"
"15,36 : 0.5235"
"36,15 : 0.5235"
"15,37 : 0.8402"
"37,15 : 0.8402"
"15,38 : 0.7009"
"38,15 : 0.7009"
"15,39 : 0.7747"
"39,15 : 0.7747"
"15,40 : 0.6303"
"40,15 : 0.6303"
"15,41 : 0.845"
"41,15 : 0.845"
"15,42 : 0.8819"
"42,15 : 0.8819"
"15,43 : 0.6957"
"43,15 : 0.6957"
"15,44 : 0.5179"
"44,15 : 0.5179"
"15,45 : 1.0607"
"45,15 : 1.0607"
"15,46 : 0.6307"
"46,15 : 0.6307"
"15,47 : 0.372"
"47,15 : 0.372"
"15,48 : 0.2884"
"48,15 : 0.2884"
"15,49 : 1.1463"
"49,15 : 1.1463"
"16,17 : 1.2117"
"17,16 : 1.2117"
"16,18 : 0.4144"
"18,16 : 0.4144"
"16,19 : 0.9879"
"19,16 : 0.9879"
"16,20 : 0.3808"
"20,16 : 0.3808"
"16,21 : 0.1836"
"21,16 : 0.1836"
"16,22 : 0.8683"
"22,16 : 0.8683"
"16,23 : 0.2961"
"23,16 : 0.2961"
"16,24 : 0.6519"
"24,16 : 0.6519"
"16,25 : 0.9228"
"25,16 : 0.9228"
"16,26 : 0.2617"
"26,16 : 0.2617"
"16,27 : 0.1985"
"27,16 : 0.1985"
"16,28 : 0.7206"
"28,16 : 0.7206"
"16,29 : 0.8254"
"29,16 : 0.8254"
"16,30 : 0.4904"
"30,16 : 0.4904"
"16,31 : 0.9661"
"31,16 : 0.9661"
"16,32 : 0.3901"
"32,16 : 0.3901"
"16,33 : 0.8493"
"33,16 : 0.8493"
"16,34 : 0.2417"
"34,16 : 0.2417"
"16,35 : 0.5162"
"35,16 : 0.5162"
"16,36 : 0.5597"
"36,16 : 0.5597"
"16,37 : 0.0412"
"37,16 : 0.0412"
"16,38 : 0.5557"
"38,16 : 0.5557"
"16,39 : 0.6843"
"39,16 : 0.6843"
"16,40 : 0.542"
"40,16 : 0.542"
"16,41 : 0.5701"
"41,16 : 0.5701"
"16,42 : 0.8633"
"42,16 : 0.8633"
"16,43 : 0.8862"
"43,16 : 0.8862"
"16,44 : 0.3068"
"44,16 : 0.3068"
"16,45 : 0.7616"
"45,16 : 0.7616"
"16,46 : 0.1712"
"46,16 : 0.1712"
"16,47 : 0.5504"
"47,16 : 0.5504"
"16,48 : 0.6871"
"48,16 : 0.6871"
"16,49 : 0.9144"
"49,16 : 0.9144"
"17,18 : 0.9948"
"18,17 : 0.9948"
"17,19 : 0.4401"
"19,17 : 0.4401"
"17,20 : 0.8417"
"20,17 : 0.8417"
"17,21 : 1.1639"
"21,17 : 1.1639"
"17,22 : 0.9214"
"22,17 : 0.9214"
"17,23 : 0.9654"
"23,17 : 0.9654"
"17,24 : 0.6441"
"24,17 : 0.6441"
"17,25 : 0.45"
"25,17 : 0.45"
"17,26 : 0.9513"
"26,17 : 0.9513"
"17,27 : 1.0132"
"27,17 : 1.0132"
"17,28 : 0.7931"
"28,17 : 0.7931"
"17,29 : 0.5457"
"29,17 : 0.5457"
"17,30 : 0.7324"
"30,17 : 0.7324"
"17,31 : 0.3821"
"31,17 : 0.3821"
"17,32 : 1.0072"
"32,17 : 1.0072"
"17,33 : 0.6251"
"33,17 : 0.6251"
"17,34 : 1.1341"
"34,17 : 1.1341"
"17,35 : 0.7343"
"35,17 : 0.7343"
"17,36 : 0.6603"
"36,17 : 0.6603"
"17,37 : 1.2458"
"37,17 : 1.2458"
"17,38 : 0.6748"
"38,17 : 0.6748"
"17,39 : 0.5745"
"39,17 : 0.5745"
"17,40 : 0.6718"
"40,17 : 0.6718"
"17,41 : 0.743"
"41,17 : 0.743"
"17,42 : 0.4492"
"42,17 : 0.4492"
"17,43 : 0.3256"
"43,17 : 0.3256"
"17,44 : 0.9572"
"44,17 : 0.9572"
"17,45 : 0.7649"
"45,17 : 0.7649"
"17,46 : 1.1233"
"46,17 : 1.1233"
"17,47 : 0.7432"
"47,17 : 0.7432"
"17,48 : 0.6791"
"48,17 : 0.6791"
"17,49 : 0.71"
"49,17 : 0.71"
"18,19 : 0.6607"
"19,18 : 0.6607"
"18,20 : 0.2625"
"20,18 : 0.2625"
"18,21 : 0.2518"
"21,18 : 0.2518"
"18,22 : 0.454"
"22,18 : 0.454"
"18,23 : 0.1697"
"23,18 : 0.1697"
"18,24 : 0.3523"
"24,18 : 0.3523"
"18,25 : 0.8615"
"25,18 : 0.8615"
"18,26 : 0.3397"
"26,18 : 0.3397"
"18,27 : 0.322"
"27,18 : 0.322"
"18,28 : 0.3228"
"28,18 : 0.3228"
"18,29 : 0.4958"
"29,18 : 0.4958"
"18,30 : 0.4512"
"30,18 : 0.4512"
"18,31 : 0.6648"
"31,18 : 0.6648"
"18,32 : 0.6155"
"32,18 : 0.6155"
"18,33 : 0.4837"
"33,18 : 0.4837"
"18,34 : 0.1942"
"34,18 : 0.1942"
"18,35 : 0.5192"
"35,18 : 0.5192"
"18,36 : 0.4817"
"36,18 : 0.4817"
"18,37 : 0.4205"
"37,18 : 0.4205"
"18,38 : 0.3471"
"38,18 : 0.3471"
"18,39 : 0.4206"
"39,18 : 0.4206"
"18,40 : 0.3905"
"40,18 : 0.3905"
"18,41 : 0.2524"
"41,18 : 0.2524"
"18,42 : 0.5673"
"42,18 : 0.5673"
"18,43 : 0.6908"
"43,18 : 0.6908"
"18,44 : 0.4675"
"44,18 : 0.4675"
"18,45 : 0.3669"
"45,18 : 0.3669"
"18,46 : 0.4876"
"46,18 : 0.4876"
"18,47 : 0.5882"
"47,18 : 0.5882"
"18,48 : 0.7181"
"48,18 : 0.7181"
"18,49 : 0.522"
"49,18 : 0.522"
"19,20 : 0.614"
"20,19 : 0.614"
"19,21 : 0.8832"
"21,19 : 0.8832"
"19,22 : 0.4837"
"22,19 : 0.4837"
"19,23 : 0.6978"
"23,19 : 0.6978"
"19,24 : 0.3362"
"24,19 : 0.3362"
"19,25 : 0.6366"
"25,19 : 0.6366"
"19,26 : 0.7593"
"26,19 : 0.7593"
"19,27 : 0.8036"
"27,19 : 0.8036"
"19,28 : 0.3859"
"28,19 : 0.3859"
"19,29 : 0.1664"
"29,19 : 0.1664"
"19,30 : 0.6103"
"30,19 : 0.6103"
"19,31 : 0.0781"
"31,19 : 0.0781"
"19,32 : 0.9305"
"32,19 : 0.9305"
"19,33 : 0.2012"
"33,19 : 0.2012"
"19,34 : 0.8376"
"34,19 : 0.8376"
"19,35 : 0.6549"
"35,19 : 0.6549"
"19,36 : 0.5533"
"36,19 : 0.5533"
"19,37 : 1.0124"
"37,19 : 1.0124"
"19,38 : 0.4472"
"38,19 : 0.4472"
"19,39 : 0.314"
"39,19 : 0.314"
"19,40 : 0.4909"
"40,19 : 0.4909"
"19,41 : 0.4254"
"41,19 : 0.4254"
"19,42 : 0.1404"
"42,19 : 0.1404"
"19,43 : 0.333"
"43,19 : 0.333"
"19,44 : 0.823"
"44,19 : 0.823"
"19,45 : 0.3489"
"45,19 : 0.3489"
"19,46 : 0.959"
"46,19 : 0.959"
"19,47 : 0.7041"
"47,19 : 0.7041"
"19,48 : 0.7262"
"48,19 : 0.7262"
"19,49 : 0.2702"
"49,19 : 0.2702"
"20,21 : 0.3276"
"21,20 : 0.3276"
"20,22 : 0.614"
"22,20 : 0.614"
"20,23 : 0.136"
"23,20 : 0.136"
"20,24 : 0.2828"
"24,20 : 0.2828"
"20,25 : 0.6237"
"25,20 : 0.6237"
"20,26 : 0.15"
"26,20 : 0.15"
"20,27 : 0.1897"
"27,20 : 0.1897"
"20,28 : 0.4215"
"28,20 : 0.4215"
"20,29 : 0.4571"
"29,20 : 0.4571"
"20,30 : 0.191"
"30,20 : 0.191"
"20,31 : 0.5869"
"31,20 : 0.5869"
"20,32 : 0.3945"
"32,20 : 0.3945"
"20,33 : 0.5001"
"33,20 : 0.5001"
"20,34 : 0.3102"
"34,20 : 0.3102"
"20,35 : 0.2571"
"35,20 : 0.2571"
"20,36 : 0.2335"
"36,20 : 0.2335"
"20,37 : 0.4105"
"37,20 : 0.4105"
"20,38 : 0.1749"
"38,20 : 0.1749"
"20,39 : 0.3046"
"39,20 : 0.3046"
"20,40 : 0.172"
"40,20 : 0.172"
"20,41 : 0.2236"
"41,20 : 0.2236"
"20,42 : 0.4847"
"42,20 : 0.4847"
"20,43 : 0.5174"
"43,20 : 0.5174"
"20,44 : 0.2508"
"44,20 : 0.2508"
"20,45 : 0.4522"
"45,20 : 0.4522"
"20,46 : 0.3506"
"46,20 : 0.3506"
"20,47 : 0.3257"
"47,20 : 0.3257"
"20,48 : 0.4571"
"48,20 : 0.4571"
"20,49 : 0.5886"
"49,20 : 0.5886"
"21,22 : 0.7006"
"22,21 : 0.7006"
"21,23 : 0.1985"
"23,21 : 0.1985"
"21,24 : 0.5522"
"24,21 : 0.5522"
"21,25 : 0.9392"
"25,21 : 0.9392"
"21,26 : 0.2807"
"26,21 : 0.2807"
"21,27 : 0.2202"
"27,21 : 0.2202"
"21,28 : 0.5727"
"28,21 : 0.5727"
"21,29 : 0.7169"
"29,21 : 0.7169"
"21,30 : 0.4934"
"30,21 : 0.4934"
"21,31 : 0.8742"
"31,21 : 0.8742"
"21,32 : 0.5092"
"32,21 : 0.5092"
"21,33 : 0.7224"
"33,21 : 0.7224"
"21,34 : 0.0608"
"34,21 : 0.0608"
"21,35 : 0.5413"
"35,21 : 0.5413"
"21,36 : 0.5515"
"36,21 : 0.5515"
"21,37 : 0.1772"
"37,21 : 0.1772"
"21,38 : 0.4892"
"38,21 : 0.4892"
"21,39 : 0.6021"
"39,21 : 0.6021"
"21,40 : 0.4993"
"40,21 : 0.4993"
"21,41 : 0.4579"
"41,21 : 0.4579"
"21,42 : 0.772"
"42,21 : 0.772"
"21,43 : 0.842"
"43,21 : 0.842"
"21,44 : 0.3847"
"44,21 : 0.3847"
"21,45 : 0.6161"
"45,21 : 0.6161"
"21,46 : 0.3162"
"46,21 : 0.3162"
"21,47 : 0.5941"
"47,21 : 0.5941"
"21,48 : 0.7355"
"48,21 : 0.7355"
"21,49 : 0.7713"
"49,21 : 0.7713"
"22,23 : 0.5977"
"23,22 : 0.5977"
"22,24 : 0.4301"
"24,22 : 0.4301"
"22,25 : 1.0032"
"25,22 : 1.0032"
"22,26 : 0.7473"
"26,22 : 0.7473"
"22,27 : 0.7527"
"27,22 : 0.7527"
"22,28 : 0.2052"
"28,22 : 0.2052"
"22,29 : 0.3981"
"29,22 : 0.3981"
"22,30 : 0.7433"
"30,22 : 0.7433"
"22,31 : 0.5401"
"31,22 : 0.5401"
"22,32 : 1.0085"
"32,22 : 1.0085"
"22,33 : 0.3015"
"33,22 : 0.3015"
"22,34 : 0.6403"
"34,22 : 0.6403"
"22,35 : 0.8134"
"35,22 : 0.8134"
"22,36 : 0.7292"
"36,22 : 0.7292"
"22,37 : 0.8737"
"37,22 : 0.8737"
"22,38 : 0.5517"
"38,22 : 0.5517"
"22,39 : 0.4974"
"39,22 : 0.4974"
"22,40 : 0.6224"
"40,22 : 0.6224"
"22,41 : 0.4111"
"41,22 : 0.4111"
"22,42 : 0.4965"
"42,22 : 0.4965"
"22,43 : 0.7253"
"43,22 : 0.7253"
"22,44 : 0.8635"
"44,22 : 0.8635"
"22,45 : 0.1972"
"45,22 : 0.1972"
"22,46 : 0.9266"
"46,22 : 0.9266"
"22,47 : 0.8839"
"47,22 : 0.8839"
"22,48 : 0.9745"
"48,22 : 0.9745"
"22,49 : 0.2159"
"49,22 : 0.2159"
"23,24 : 0.3624"
"24,23 : 0.3624"
"23,25 : 0.7593"
"25,23 : 0.7593"
"23,26 : 0.1703"
"26,23 : 0.1703"
"23,27 : 0.1565"
"27,23 : 0.1565"
"23,28 : 0.431"
"28,23 : 0.431"
"23,29 : 0.5331"
"29,23 : 0.5331"
"23,30 : 0.3206"
"30,23 : 0.3206"
"23,31 : 0.6826"
"31,23 : 0.6826"
"23,32 : 0.446"
"32,23 : 0.446"
"23,33 : 0.5532"
"33,23 : 0.5532"
"23,34 : 0.1746"
"34,23 : 0.1746"
"23,35 : 0.3805"
"35,23 : 0.3805"
"23,36 : 0.3688"
"36,23 : 0.3688"
"23,37 : 0.3162"
"37,23 : 0.3162"
"23,38 : 0.2907"
"38,23 : 0.2907"
"23,39 : 0.4061"
"39,23 : 0.4061"
"23,40 : 0.3041"
"40,23 : 0.3041"
"23,41 : 0.2751"
"41,23 : 0.2751"
"23,42 : 0.5798"
"42,23 : 0.5798"
"23,43 : 0.644"
"43,23 : 0.644"
"23,44 : 0.2983"
"44,23 : 0.2983"
"23,45 : 0.4701"
"45,23 : 0.4701"
"23,46 : 0.3289"
"46,23 : 0.3289"
"23,47 : 0.4441"
"47,23 : 0.4441"
"23,48 : 0.5814"
"48,23 : 0.5814"
"23,49 : 0.6207"
"49,23 : 0.6207"
"24,25 : 0.5894"
"25,24 : 0.5894"
"24,26 : 0.4319"
"26,24 : 0.4319"
"24,27 : 0.4707"
"27,24 : 0.4707"
"24,28 : 0.2283"
"28,24 : 0.2283"
"24,29 : 0.1746"
"29,24 : 0.1746"
"24,30 : 0.3354"
"30,24 : 0.3354"
"24,31 : 0.322"
"31,24 : 0.322"
"24,32 : 0.6403"
"32,24 : 0.6403"
"24,33 : 0.2256"
"33,24 : 0.2256"
"24,34 : 0.5109"
"34,24 : 0.5109"
"24,35 : 0.3996"
"35,24 : 0.3996"
"24,36 : 0.3061"
"36,24 : 0.3061"
"24,37 : 0.6762"
"37,24 : 0.6762"
"24,38 : 0.1393"
"38,24 : 0.1393"
"24,39 : 0.08"
"39,24 : 0.08"
"24,40 : 0.2059"
"40,24 : 0.2059"
"24,41 : 0.1"
"41,24 : 0.1"
"24,42 : 0.2202"
"42,24 : 0.2202"
"24,43 : 0.3551"
"43,24 : 0.3551"
"24,44 : 0.5135"
"44,24 : 0.5135"
"24,45 : 0.2343"
"45,24 : 0.2343"
"24,46 : 0.6329"
"46,24 : 0.6329"
"24,47 : 0.4662"
"47,24 : 0.4662"
"24,48 : 0.5456"
"48,24 : 0.5456"
"24,49 : 0.3311"
"49,24 : 0.3311"
"25,26 : 0.6712"
"26,25 : 0.6712"
"25,27 : 0.7382"
"27,25 : 0.7382"
"25,28 : 0.8127"
"28,25 : 0.8127"
"25,29 : 0.6191"
"29,25 : 0.6191"
"25,30 : 0.446"
"30,25 : 0.446"
"25,31 : 0.559"
"31,25 : 0.559"
"25,32 : 0.6237"
"32,25 : 0.6237"
"25,33 : 0.722"
"33,25 : 0.722"
"25,34 : 0.9315"
"34,25 : 0.9315"
"25,35 : 0.4071"
"35,25 : 0.4071"
"25,36 : 0.3905"
"36,25 : 0.3905"
"25,37 : 0.9625"
"37,25 : 0.9625"
"25,38 : 0.5204"
"38,25 : 0.5204"
"25,39 : 0.5124"
"39,25 : 0.5124"
"25,40 : 0.471"
"40,25 : 0.471"
"25,41 : 0.6562"
"41,25 : 0.6562"
"25,42 : 0.536"
"42,25 : 0.536"
"25,43 : 0.3041"
"43,25 : 0.3041"
"25,44 : 0.6243"
"44,25 : 0.6243"
"25,45 : 0.8078"
"45,25 : 0.8078"
"25,46 : 0.792"
"46,25 : 0.792"
"25,47 : 0.378"
"47,25 : 0.378"
"25,48 : 0.264"
"48,25 : 0.264"
"25,49 : 0.8406"
"49,25 : 0.8406"
"26,27 : 0.0671"
"27,26 : 0.0671"
"26,28 : 0.5632"
"28,26 : 0.5632"
"26,29 : 0.6053"
"29,26 : 0.6053"
"26,30 : 0.2302"
"30,26 : 0.2302"
"26,31 : 0.7273"
"31,26 : 0.7273"
"26,32 : 0.2759"
"32,26 : 0.2759"
"26,33 : 0.6501"
"33,26 : 0.6501"
"26,34 : 0.2927"
"34,26 : 0.2927"
"26,35 : 0.2657"
"35,26 : 0.2657"
"26,36 : 0.2983"
"36,26 : 0.2983"
"26,37 : 0.2983"
"37,26 : 0.2983"
"26,38 : 0.3132"
"38,26 : 0.3132"
"26,39 : 0.4464"
"39,26 : 0.4464"
"26,40 : 0.2865"
"40,26 : 0.2865"
"26,41 : 0.3722"
"41,26 : 0.3722"
"26,42 : 0.6264"
"42,26 : 0.6264"
"26,43 : 0.6263"
"43,26 : 0.6263"
"26,44 : 0.1281"
"44,26 : 0.1281"
"26,45 : 0.5967"
"45,26 : 0.5967"
"26,46 : 0.201"
"46,26 : 0.201"
"26,47 : 0.314"
"47,26 : 0.314"
"26,48 : 0.4554"
"48,26 : 0.4554"
"26,49 : 0.7368"
"49,26 : 0.7368"
"27,28 : 0.5787"
"28,27 : 0.5787"
"27,29 : 0.6454"
"29,27 : 0.6454"
"27,30 : 0.2968"
"30,27 : 0.2968"
"27,31 : 0.7762"
"31,27 : 0.7762"
"27,32 : 0.3053"
"32,27 : 0.3053"
"27,33 : 0.6818"
"33,27 : 0.6818"
"27,34 : 0.2404"
"34,27 : 0.2404"
"27,35 : 0.3324"
"35,27 : 0.3324"
"27,36 : 0.364"
"36,27 : 0.364"
"27,37 : 0.2335"
"37,27 : 0.2335"
"27,38 : 0.3625"
"38,27 : 0.3625"
"27,39 : 0.494"
"39,27 : 0.494"
"27,40 : 0.3441"
"40,27 : 0.3441"
"27,41 : 0.4005"
"41,27 : 0.4005"
"27,42 : 0.6742"
"42,27 : 0.6742"
"27,43 : 0.6877"
"43,27 : 0.6877"
"27,44 : 0.1676"
"44,27 : 0.1676"
"27,45 : 0.6152"
"45,27 : 0.6152"
"27,46 : 0.1746"
"46,27 : 0.1746"
"27,47 : 0.3785"
"47,27 : 0.3785"
"27,48 : 0.5197"
"48,27 : 0.5197"
"27,49 : 0.7611"
"49,27 : 0.7611"
"28,29 : 0.2474"
"29,28 : 0.2474"
"28,30 : 0.5391"
"30,28 : 0.5391"
"28,31 : 0.4179"
"31,28 : 0.4179"
"28,32 : 0.8139"
"32,28 : 0.8139"
"28,33 : 0.186"
"33,28 : 0.186"
"28,34 : 0.5166"
"34,28 : 0.5166"
"28,35 : 0.6088"
"35,28 : 0.6088"
"28,36 : 0.524"
"36,28 : 0.524"
"28,37 : 0.7333"
"37,28 : 0.7333"
"28,38 : 0.3466"
"38,28 : 0.3466"
"28,39 : 0.3008"
"39,28 : 0.3008"
"28,40 : 0.4173"
"40,28 : 0.4173"
"28,41 : 0.2081"
"41,28 : 0.2081"
"28,42 : 0.3453"
"42,28 : 0.3453"
"28,43 : 0.5523"
"43,28 : 0.5523"
"28,44 : 0.6723"
"44,28 : 0.6723"
"28,45 : 0.0447"
"45,28 : 0.0447"
"28,46 : 0.7531"
"46,28 : 0.7531"
"28,47 : 0.679"
"47,28 : 0.679"
"28,48 : 0.7701"
"48,28 : 0.7701"
"28,49 : 0.1992"
"49,28 : 0.1992"
"29,30 : 0.4827"
"30,29 : 0.4827"
"29,31 : 0.1749"
"31,29 : 0.1749"
"29,32 : 0.7991"
"32,29 : 0.7991"
"29,33 : 0.103"
"33,29 : 0.103"
"29,34 : 0.6712"
"34,29 : 0.6712"
"29,35 : 0.5376"
"35,29 : 0.5376"
"29,36 : 0.4366"
"36,29 : 0.4366"
"29,37 : 0.8486"
"37,29 : 0.8486"
"29,38 : 0.3002"
"38,29 : 0.3002"
"29,39 : 0.1746"
"39,29 : 0.1746"
"29,40 : 0.3551"
"40,29 : 0.3551"
"29,41 : 0.2594"
"41,29 : 0.2594"
"29,42 : 0.1"
"42,29 : 0.1"
"29,43 : 0.3289"
"43,29 : 0.3289"
"29,44 : 0.6803"
"44,29 : 0.6803"
"29,45 : 0.2209"
"45,29 : 0.2209"
"29,46 : 0.8062"
"46,29 : 0.8062"
"29,47 : 0.5962"
"47,29 : 0.5962"
"29,48 : 0.6464"
"48,29 : 0.6464"
"29,49 : 0.222"
"49,29 : 0.222"
"30,31 : 0.5614"
"31,30 : 0.5614"
"30,32 : 0.3202"
"32,30 : 0.3202"
"30,33 : 0.5571"
"33,30 : 0.5571"
"30,34 : 0.4884"
"34,30 : 0.4884"
"30,35 : 0.0721"
"35,30 : 0.0721"
"30,36 : 0.0721"
"36,30 : 0.0721"
"30,37 : 0.528"
"37,30 : 0.528"
"30,38 : 0.1972"
"38,30 : 0.1972"
"30,39 : 0.3081"
"39,30 : 0.3081"
"30,40 : 0.13"
"40,30 : 0.13"
"30,41 : 0.3324"
"41,30 : 0.3324"
"30,42 : 0.4701"
"42,30 : 0.4701"
"30,43 : 0.4118"
"43,30 : 0.4118"
"30,44 : 0.2285"
"44,30 : 0.2285"
"30,45 : 0.558"
"45,30 : 0.558"
"30,46 : 0.3912"
"46,30 : 0.3912"
"30,47 : 0.1442"
"47,30 : 0.1442"
"30,48 : 0.2668"
"48,30 : 0.2668"
"30,49 : 0.6664"
"49,30 : 0.6664"
"31,32 : 0.8805"
"32,31 : 0.8805"
"31,33 : 0.2433"
"33,31 : 0.2433"
"31,34 : 0.8324"
"34,31 : 0.8324"
"31,35 : 0.6003"
"35,31 : 0.6003"
"31,36 : 0.5"
"36,31 : 0.5"
"31,37 : 0.993"
"37,31 : 0.993"
"31,38 : 0.4144"
"38,31 : 0.4144"
"31,39 : 0.2823"
"39,31 : 0.2823"
"31,40 : 0.4491"
"40,31 : 0.4491"
"31,41 : 0.4187"
"41,31 : 0.4187"
"31,42 : 0.103"
"42,31 : 0.103"
"31,43 : 0.2561"
"43,31 : 0.2561"
"31,44 : 0.7809"
"44,31 : 0.7809"
"31,45 : 0.386"
"45,31 : 0.386"
"31,46 : 0.9244"
"46,31 : 0.9244"
"31,47 : 0.645"
"47,31 : 0.645"
"31,48 : 0.6579"
"48,31 : 0.6579"
"31,49 : 0.3324"
"49,31 : 0.3324"
"32,33 : 0.8659"
"33,32 : 0.8659"
"32,34 : 0.5413"
"34,32 : 0.5413"
"32,35 : 0.2844"
"35,32 : 0.2844"
"32,36 : 0.3812"
"36,32 : 0.3812"
"32,37 : 0.43"
"37,32 : 0.43"
"32,38 : 0.5022"
"38,32 : 0.5022"
"32,39 : 0.6251"
"39,32 : 0.6251"
"32,40 : 0.4441"
"40,32 : 0.4441"
"32,41 : 0.6093"
"41,32 : 0.6093"
"32,42 : 0.7903"
"42,32 : 0.7903"
"32,43 : 0.706"
"43,32 : 0.706"
"32,44 : 0.1487"
"44,32 : 0.1487"
"32,45 : 0.8417"
"45,32 : 0.8417"
"32,46 : 0.2202"
"46,32 : 0.2202"
"32,47 : 0.264"
"47,32 : 0.264"
"32,48 : 0.3607"
"48,32 : 0.3607"
"32,49 : 0.9677"
"49,32 : 0.9677"
"33,34 : 0.6712"
"34,33 : 0.6712"
"33,35 : 0.6174"
"35,33 : 0.6174"
"33,36 : 0.5188"
"36,33 : 0.5188"
"33,37 : 0.8683"
"37,33 : 0.8683"
"33,38 : 0.364"
"38,33 : 0.364"
"33,39 : 0.2555"
"39,33 : 0.2555"
"33,40 : 0.4272"
"40,33 : 0.4272"
"33,41 : 0.2816"
"41,33 : 0.2816"
"33,42 : 0.1965"
"42,33 : 0.1965"
"33,43 : 0.4308"
"43,33 : 0.4308"
"33,44 : 0.7382"
"44,33 : 0.7382"
"33,45 : 0.1476"
"45,33 : 0.1476"
"33,46 : 0.8501"
"46,33 : 0.8501"
"33,47 : 0.68"
"47,33 : 0.68"
"33,48 : 0.7403"
"48,33 : 0.7403"
"33,49 : 0.1204"
"49,33 : 0.1204"
"34,35 : 0.5423"
"35,34 : 0.5423"
"34,36 : 0.5412"
"36,34 : 0.5412"
"34,37 : 0.2377"
"37,34 : 0.2377"
"34,38 : 0.4604"
"38,34 : 0.4604"
"34,39 : 0.5659"
"39,34 : 0.5659"
"34,40 : 0.4785"
"40,34 : 0.4785"
"34,41 : 0.414"
"41,34 : 0.414"
"34,42 : 0.7311"
"42,34 : 0.7311"
"34,43 : 0.8154"
"43,34 : 0.8154"
"34,44 : 0.408"
"44,34 : 0.408"
"34,45 : 0.5604"
"45,34 : 0.5604"
"34,46 : 0.3612"
"46,34 : 0.3612"
"34,47 : 0.6001"
"47,34 : 0.6001"
"34,48 : 0.7406"
"48,34 : 0.7406"
"34,49 : 0.7157"
"49,34 : 0.7157"
"35,36 : 0.102"
"36,35 : 0.102"
"35,37 : 0.5557"
"37,35 : 0.5557"
"35,38 : 0.264"
"38,35 : 0.264"
"35,39 : 0.364"
"39,35 : 0.364"
"35,40 : 0.1942"
"40,35 : 0.1942"
"35,41 : 0.4031"
"41,35 : 0.4031"
"35,42 : 0.5148"
"42,35 : 0.5148"
"35,43 : 0.4238"
"43,35 : 0.4238"
"35,44 : 0.2267"
"44,35 : 0.2267"
"35,45 : 0.6263"
"45,35 : 0.6263"
"35,46 : 0.3962"
"46,35 : 0.3962"
"35,47 : 0.0721"
"47,35 : 0.0721"
"35,48 : 0.201"
"48,35 : 0.201"
"35,49 : 0.7295"
"49,35 : 0.7295"
"36,37 : 0.5967"
"37,36 : 0.5967"
"36,38 : 0.178"
"38,36 : 0.178"
"36,39 : 0.264"
"39,36 : 0.264"
"36,40 : 0.1082"
"40,36 : 0.1082"
"36,41 : 0.3245"
"41,36 : 0.3245"
"36,42 : 0.413"
"42,36 : 0.413"
"36,43 : 0.34"
"43,36 : 0.34"
"36,44 : 0.2997"
"44,36 : 0.2997"
"36,45 : 0.5376"
"45,36 : 0.5376"
"36,46 : 0.4632"
"46,36 : 0.4632"
"36,47 : 0.1612"
"47,36 : 0.1612"
"36,48 : 0.2506"
"48,36 : 0.2506"
"36,49 : 0.6329"
"49,36 : 0.6329"
"37,38 : 0.5852"
"38,37 : 0.5852"
"37,39 : 0.712"
"39,37 : 0.712"
"37,40 : 0.5749"
"40,37 : 0.5749"
"37,41 : 0.5914"
"41,37 : 0.5914"
"37,42 : 0.8901"
"42,37 : 0.8901"
"37,43 : 0.9202"
"43,37 : 0.9202"
"37,44 : 0.3479"
"44,37 : 0.3479"
"37,45 : 0.7752"
"45,37 : 0.7752"
"37,46 : 0.2102"
"46,37 : 0.2102"
"37,47 : 0.5909"
"47,37 : 0.5909"
"37,48 : 0.728"
"48,37 : 0.728"
"37,49 : 0.9291"
"49,37 : 0.9291"
"38,39 : 0.1334"
"39,38 : 0.1334"
"38,40 : 0.0707"
"40,38 : 0.0707"
"38,41 : 0.1476"
"41,38 : 0.1476"
"38,42 : 0.3132"
"42,38 : 0.3132"
"38,43 : 0.3551"
"43,38 : 0.3551"
"38,44 : 0.3801"
"44,38 : 0.3801"
"38,45 : 0.3624"
"45,38 : 0.3624"
"38,46 : 0.512"
"46,38 : 0.512"
"38,47 : 0.333"
"47,38 : 0.333"
"38,48 : 0.4272"
"48,38 : 0.4272"
"38,49 : 0.4701"
"49,38 : 0.4701"
"39,40 : 0.1811"
"40,39 : 0.1811"
"39,41 : 0.1709"
"41,39 : 0.1709"
"39,42 : 0.1803"
"42,39 : 0.1803"
"39,43 : 0.2766"
"43,39 : 0.2766"
"39,44 : 0.5104"
"44,39 : 0.5104"
"39,45 : 0.3002"
"45,39 : 0.3002"
"39,46 : 0.6454"
"46,39 : 0.6454"
"39,47 : 0.4249"
"47,39 : 0.4249"
"39,48 : 0.4884"
"48,39 : 0.4884"
"39,49 : 0.372"
"49,39 : 0.372"
"40,41 : 0.2163"
"41,40 : 0.2163"
"40,42 : 0.3523"
"42,40 : 0.3523"
"40,43 : 0.3466"
"43,40 : 0.3466"
"40,44 : 0.3324"
"44,40 : 0.3324"
"40,45 : 0.4328"
"45,40 : 0.4328"
"40,46 : 0.4776"
"46,40 : 0.4776"
"40,47 : 0.2625"
"47,40 : 0.2625"
"40,48 : 0.3585"
"48,40 : 0.3585"
"40,49 : 0.5367"
"49,40 : 0.5367"
"41,42 : 0.3183"
"42,41 : 0.3183"
"41,43 : 0.4464"
"43,41 : 0.4464"
"41,44 : 0.4713"
"44,41 : 0.4713"
"41,45 : 0.2326"
"45,41 : 0.2326"
"41,46 : 0.5704"
"46,41 : 0.5704"
"41,47 : 0.4742"
"47,41 : 0.4742"
"41,48 : 0.5745"
"48,41 : 0.5745"
"41,49 : 0.365"
"49,41 : 0.365"
"42,43 : 0.2371"
"43,42 : 0.2371"
"42,44 : 0.6847"
"44,42 : 0.6847"
"42,45 : 0.3206"
"45,42 : 0.3206"
"42,46 : 0.8246"
"46,42 : 0.8246"
"42,47 : 0.5652"
"47,42 : 0.5652"
"42,48 : 0.5948"
