x,y
0.95,0.17
0.85,0.32
0.14,0.36
0.84,0.48
0.56,0.94
0.29,0.62
0.52,0.25
0.43,0.15
0.55,0.25
0.49,0.37
0.88,0.49
0.11,0.88
0.02,0.94
0.47,0.35
0.53,0.03
0.46,0.59
0.34,0.69
0.56,0.5
0.3,0.78
0.67,0.3
0.82,0.03
0.5,0.98
0.37,0.39
0.65,0.25
0.93,0.65
0.53,0.23
0.29,0.03
0.74,0.03
0.23,0.06
0.97,0.19
0.1,0.94
0.47,0.17
0.84,0.41
0.66,0.03
0.78,0.31
0.26,0.98
0.15,0.96
0.63,0.58
0.19,0.64
0.79,0.42
0.68,0.49
0.39,0.67
0.69,0.06
0.53,0.1
0.0,0.66
0.91,0.73
0.22,0.26
0.24,0.79
0.93,0.7
0.96,0.59

Distanze
"0,1 : 0.1803"
"1,0 : 0.1803"
"0,2 : 0.832"
"2,0 : 0.832"
"0,3 : 0.3289"
"3,0 : 0.3289"
"0,4 : 0.8631"
"4,0 : 0.8631"
"0,5 : 0.7988"
"5,0 : 0.7988"
"0,6 : 0.4374"
"6,0 : 0.4374"
"0,7 : 0.5204"
"7,0 : 0.5204"
"0,8 : 0.4079"
"8,0 : 0.4079"
"0,9 : 0.5016"
"9,0 : 0.5016"
"0,10 : 0.3276"
"10,0 : 0.3276"
"0,11 : 1.0999"
"11,0 : 1.0999"
"0,12 : 1.2074"
"12,0 : 1.2074"
"0,13 : 0.5126"
"13,0 : 0.5126"
"0,14 : 0.4427"
"14,0 : 0.4427"
"0,15 : 0.6454"
"15,0 : 0.6454"
"0,16 : 0.8016"
"16,0 : 0.8016"
"0,17 : 0.5109"
"17,0 : 0.5109"
"0,18 : 0.8914"
"18,0 : 0.8914"
"0,19 : 0.3087"
"19,0 : 0.3087"
"0,20 : 0.191"
"20,0 : 0.191"
"0,21 : 0.9266"
"21,0 : 0.9266"
"0,22 : 0.6203"
"22,0 : 0.6203"
"0,23 : 0.3105"
"23,0 : 0.3105"
"0,24 : 0.4804"
"24,0 : 0.4804"
"0,25 : 0.4243"
"25,0 : 0.4243"
"0,26 : 0.6747"
"26,0 : 0.6747"
"0,27 : 0.2524"
"27,0 : 0.2524"
"0,28 : 0.7284"
"28,0 : 0.7284"
"0,29 : 0.0283"
"29,0 : 0.0283"
"0,30 : 1.1469"
"30,0 : 1.1469"
"0,31 : 0.48"
"31,0 : 0.48"
"0,32 : 0.264"
"32,0 : 0.264"
"0,33 : 0.322"
"33,0 : 0.322"
"0,34 : 0.2202"
"34,0 : 0.2202"
"0,35 : 1.064"
"35,0 : 1.064"
"0,36 : 1.1243"
"36,0 : 1.1243"
"0,37 : 0.5201"
"37,0 : 0.5201"
"0,38 : 0.8936"
"38,0 : 0.8936"
"0,39 : 0.2968"
"39,0 : 0.2968"
"0,40 : 0.4187"
"40,0 : 0.4187"
"0,41 : 0.7507"
"41,0 : 0.7507"
"0,42 : 0.2823"
"42,0 : 0.2823"
"0,43 : 0.4258"
"43,0 : 0.4258"
"0,44 : 1.0689"
"44,0 : 1.0689"
"0,45 : 0.5614"
"45,0 : 0.5614"
"0,46 : 0.7355"
"46,0 : 0.7355"
"0,47 : 0.9426"
"47,0 : 0.9426"
"0,48 : 0.5304"
"48,0 : 0.5304"
"0,49 : 0.4201"
"49,0 : 0.4201"
"1,2 : 0.7111"
"2,1 : 0.7111"
"1,3 : 0.1603"
"3,1 : 0.1603"
"1,4 : 0.6845"
"4,1 : 0.6845"
"1,5 : 0.6353"
"5,1 : 0.6353"
"1,6 : 0.3373"
"6,1 : 0.3373"
"1,7 : 0.4531"
"7,1 : 0.4531"
"1,8 : 0.3081"
"8,1 : 0.3081"
"1,9 : 0.3635"
"9,1 : 0.3635"
"1,10 : 0.1726"
"10,1 : 0.1726"
"1,11 : 0.928"
"11,1 : 0.928"
"1,12 : 1.036"
"12,1 : 1.036"
"1,13 : 0.3812"
"13,1 : 0.3812"
"1,14 : 0.4319"
"14,1 : 0.4319"
"1,15 : 0.4743"
"15,1 : 0.4743"
"1,16 : 0.6301"
"16,1 : 0.6301"
"1,17 : 0.3413"
"17,1 : 0.3413"
"1,18 : 0.717"
"18,1 : 0.717"
"1,19 : 0.1811"
"19,1 : 0.1811"
"1,20 : 0.2915"
"20,1 : 0.2915"
"1,21 : 0.7471"
"21,1 : 0.7471"
"1,22 : 0.4851"
"22,1 : 0.4851"
"1,23 : 0.2119"
"23,1 : 0.2119"
"1,24 : 0.3396"
"24,1 : 0.3396"
"1,25 : 0.3324"
"25,1 : 0.3324"
"1,26 : 0.6306"
"26,1 : 0.6306"
"1,27 : 0.3102"
"27,1 : 0.3102"
"1,28 : 0.6723"
"28,1 : 0.6723"
"1,29 : 0.1769"
"29,1 : 0.1769"
"1,30 : 0.9731"
"30,1 : 0.9731"
"1,31 : 0.4085"
"31,1 : 0.4085"
"1,32 : 0.0906"
"32,1 : 0.0906"
"1,33 : 0.3467"
"33,1 : 0.3467"
"1,34 : 0.0707"
"34,1 : 0.0707"
"1,35 : 0.8853"
"35,1 : 0.8853"
"1,36 : 0.9485"
"36,1 : 0.9485"
"1,37 : 0.3406"
"37,1 : 0.3406"
"1,38 : 0.7335"
"38,1 : 0.7335"
"1,39 : 0.1166"
"39,1 : 0.1166"
"1,40 : 0.2404"
"40,1 : 0.2404"
"1,41 : 0.578"
"41,1 : 0.578"
"1,42 : 0.3053"
"42,1 : 0.3053"
"1,43 : 0.3883"
"43,1 : 0.3883"
"1,44 : 0.9155"
"44,1 : 0.9155"
"1,45 : 0.4144"
"45,1 : 0.4144"
"1,46 : 0.6329"
"46,1 : 0.6329"
"1,47 : 0.7701"
"47,1 : 0.7701"
"1,48 : 0.3883"
"48,1 : 0.3883"
"1,49 : 0.2915"
"49,1 : 0.2915"
"2,3 : 0.7102"
"3,2 : 0.7102"
"2,4 : 0.7161"
"4,2 : 0.7161"
"2,5 : 0.3002"
"5,2 : 0.3002"
"2,6 : 0.3956"
"6,2 : 0.3956"
"2,7 : 0.3581"
"7,2 : 0.3581"
"2,8 : 0.4245"
"8,2 : 0.4245"
"2,9 : 0.3501"
"9,2 : 0.3501"
"2,10 : 0.7513"
"10,2 : 0.7513"
"2,11 : 0.5209"
"11,2 : 0.5209"
"2,12 : 0.5923"
"12,2 : 0.5923"
"2,13 : 0.3302"
"13,2 : 0.3302"
"2,14 : 0.5109"
"14,2 : 0.5109"
"2,15 : 0.3941"
"15,2 : 0.3941"
"2,16 : 0.3859"
"16,2 : 0.3859"
"2,17 : 0.4427"
"17,2 : 0.4427"
"2,18 : 0.4494"
"18,2 : 0.4494"
"2,19 : 0.5334"
"19,2 : 0.5334"
"2,20 : 0.7558"
"20,2 : 0.7558"
"2,21 : 0.7169"
"21,2 : 0.7169"
"2,22 : 0.2319"
"22,2 : 0.2319"
"2,23 : 0.5217"
"23,2 : 0.5217"
"2,24 : 0.8415"
"24,2 : 0.8415"
"2,25 : 0.4111"
"25,2 : 0.4111"
"2,26 : 0.3625"
"26,2 : 0.3625"
"2,27 : 0.6848"
"27,2 : 0.6848"
"2,28 : 0.3132"
"28,2 : 0.3132"
"2,29 : 0.8472"
"29,2 : 0.8472"
"2,30 : 0.5814"
"30,2 : 0.5814"
"2,31 : 0.3808"
"31,2 : 0.3808"
"2,32 : 0.7018"
"32,2 : 0.7018"
"2,33 : 0.6159"
"33,2 : 0.6159"
"2,34 : 0.642"
"34,2 : 0.642"
"2,35 : 0.6315"
"35,2 : 0.6315"
"2,36 : 0.6001"
"36,2 : 0.6001"
"2,37 : 0.5371"
"37,2 : 0.5371"
"2,38 : 0.2844"
"38,2 : 0.2844"
"2,39 : 0.6528"
"39,2 : 0.6528"
"2,40 : 0.5554"
"40,2 : 0.5554"
"2,41 : 0.3982"
"41,2 : 0.3982"
"2,42 : 0.6265"
"42,2 : 0.6265"
"2,43 : 0.4687"
"43,2 : 0.4687"
"2,44 : 0.3311"
"44,2 : 0.3311"
"2,45 : 0.8543"
"45,2 : 0.8543"
"2,46 : 0.1281"
"46,2 : 0.1281"
"2,47 : 0.4415"
"47,2 : 0.4415"
"2,48 : 0.8601"
"48,2 : 0.8601"
"2,49 : 0.8516"
"49,2 : 0.8516"
"3,4 : 0.5385"
"4,3 : 0.5385"
"3,5 : 0.5675"
"5,3 : 0.5675"
"3,6 : 0.3941"
"6,3 : 0.3941"
"3,7 : 0.5263"
"7,3 : 0.5263"
"3,8 : 0.3701"
"8,3 : 0.3701"
"3,9 : 0.3669"
"9,3 : 0.3669"
"3,10 : 0.0412"
"10,3 : 0.0412"
"3,11 : 0.8324"
"11,3 : 0.8324"
"3,12 : 0.9402"
"12,3 : 0.9402"
"3,13 : 0.3922"
"13,3 : 0.3922"
"3,14 : 0.5464"
"14,3 : 0.5464"
"3,15 : 0.3956"
"15,3 : 0.3956"
"3,16 : 0.5423"
"16,3 : 0.5423"
"3,17 : 0.2807"
"17,3 : 0.2807"
"3,18 : 0.6177"
"18,3 : 0.6177"
"3,19 : 0.2476"
"19,3 : 0.2476"
"3,20 : 0.4504"
"20,3 : 0.4504"
"3,21 : 0.6046"
"21,3 : 0.6046"
"3,22 : 0.4785"
"22,3 : 0.4785"
"3,23 : 0.2983"
"23,3 : 0.2983"
"3,24 : 0.1924"
"24,3 : 0.1924"
"3,25 : 0.3982"
"25,3 : 0.3982"
"3,26 : 0.7106"
"26,3 : 0.7106"
"3,27 : 0.461"
"27,3 : 0.461"
"3,28 : 0.7406"
"28,3 : 0.7406"
"3,29 : 0.3178"
"29,3 : 0.3178"
"3,30 : 0.8713"
"30,3 : 0.8713"
"3,31 : 0.4827"
"31,3 : 0.4827"
"3,32 : 0.07"
"32,3 : 0.07"
"3,33 : 0.4847"
"33,3 : 0.4847"
"3,34 : 0.1803"
"34,3 : 0.1803"
"3,35 : 0.7658"
"35,3 : 0.7658"
"3,36 : 0.8405"
"36,3 : 0.8405"
"3,37 : 0.2326"
"37,3 : 0.2326"
"3,38 : 0.6694"
"38,3 : 0.6694"
"3,39 : 0.0781"
"39,3 : 0.0781"
"3,40 : 0.1603"
"40,3 : 0.1603"
"3,41 : 0.4885"
"41,3 : 0.4885"
"3,42 : 0.446"
"42,3 : 0.446"
"3,43 : 0.4904"
"43,3 : 0.4904"
"3,44 : 0.8591"
"44,3 : 0.8591"
"3,45 : 0.2596"
"45,3 : 0.2596"
"3,46 : 0.6579"
"46,3 : 0.6579"
"3,47 : 0.6754"
"47,3 : 0.6754"
"3,48 : 0.2377"
"48,3 : 0.2377"
"3,49 : 0.1628"
"49,3 : 0.1628"
"4,5 : 0.4187"
"5,4 : 0.4187"
"4,6 : 0.6912"
"6,4 : 0.6912"
"4,7 : 0.8006"
"7,4 : 0.8006"
"4,8 : 0.6901"
"8,4 : 0.6901"
"4,9 : 0.5743"
"9,4 : 0.5743"
"4,10 : 0.5522"
"10,4 : 0.5522"
"4,11 : 0.454"
"11,4 : 0.454"
"4,12 : 0.54"
"12,4 : 0.54"
"4,13 : 0.5968"
"13,4 : 0.5968"
"4,14 : 0.9105"
"14,4 : 0.9105"
"4,15 : 0.364"
"15,4 : 0.364"
"4,16 : 0.333"
"16,4 : 0.333"
"4,17 : 0.44"
"17,4 : 0.44"
"4,18 : 0.3053"
"18,4 : 0.3053"
"4,19 : 0.6494"
"19,4 : 0.6494"
"4,20 : 0.9464"
"20,4 : 0.9464"
"4,21 : 0.0721"
"21,4 : 0.0721"
"4,22 : 0.5819"
"22,4 : 0.5819"
"4,23 : 0.6958"
"23,4 : 0.6958"
"4,24 : 0.4701"
"24,4 : 0.4701"
"4,25 : 0.7106"
"25,4 : 0.7106"
"4,26 : 0.9492"
"26,4 : 0.9492"
"4,27 : 0.9276"
"27,4 : 0.9276"
"4,28 : 0.9398"
"28,4 : 0.9398"
"4,29 : 0.8548"
"29,4 : 0.8548"
"4,30 : 0.46"
"30,4 : 0.46"
"4,31 : 0.7752"
"31,4 : 0.7752"
"4,32 : 0.5994"
"32,4 : 0.5994"
"4,33 : 0.9155"
"33,4 : 0.9155"
"4,34 : 0.6673"
"34,4 : 0.6673"
"4,35 : 0.3027"
"35,4 : 0.3027"
"4,36 : 0.4105"
"36,4 : 0.4105"
"4,37 : 0.3667"
"37,4 : 0.3667"
"4,38 : 0.4763"
"38,4 : 0.4763"
"4,39 : 0.5686"
"39,4 : 0.5686"
"4,40 : 0.4657"
"40,4 : 0.4657"
"4,41 : 0.3191"
"41,4 : 0.3191"
"4,42 : 0.8896"
"42,4 : 0.8896"
"4,43 : 0.8405"
"43,4 : 0.8405"
"4,44 : 0.6261"
"44,4 : 0.6261"
"4,45 : 0.4082"
"45,4 : 0.4082"
"4,46 : 0.7603"
"46,4 : 0.7603"
"4,47 : 0.3534"
"47,4 : 0.3534"
"4,48 : 0.441"
"48,4 : 0.441"
"4,49 : 0.5315"
"49,4 : 0.5315"
"5,6 : 0.4357"
"6,5 : 0.4357"
"5,7 : 0.4904"
"7,5 : 0.4904"
"5,8 : 0.4522"
"8,5 : 0.4522"
"5,9 : 0.3202"
"9,5 : 0.3202"
"5,10 : 0.6042"
"10,5 : 0.6042"
"5,11 : 0.3162"
"11,5 : 0.3162"
"5,12 : 0.4187"
"12,5 : 0.4187"
"5,13 : 0.3245"
"13,5 : 0.3245"
"5,14 : 0.6369"
"14,5 : 0.6369"
"5,15 : 0.1726"
"15,5 : 0.1726"
"5,16 : 0.086"
"16,5 : 0.086"
"5,17 : 0.2955"
"17,5 : 0.2955"
"5,18 : 0.1603"
"18,5 : 0.1603"
"5,19 : 0.4968"
"19,5 : 0.4968"
"5,20 : 0.7931"
"20,5 : 0.7931"
"5,21 : 0.4168"
"21,5 : 0.4168"
"5,22 : 0.2435"
"22,5 : 0.2435"
"5,23 : 0.5162"
"23,5 : 0.5162"
"5,24 : 0.6407"
"24,5 : 0.6407"
"5,25 : 0.4579"
"25,5 : 0.4579"
"5,26 : 0.59"
"26,5 : 0.59"
"5,27 : 0.742"
"27,5 : 0.742"
"5,28 : 0.5632"
"28,5 : 0.5632"
"5,29 : 0.8045"
"29,5 : 0.8045"
"5,30 : 0.3722"
"30,5 : 0.3722"
"5,31 : 0.4847"
"31,5 : 0.4847"
"5,32 : 0.5887"
"32,5 : 0.5887"
"5,33 : 0.6964"
"33,5 : 0.6964"
"5,34 : 0.5798"
"34,5 : 0.5798"
"5,35 : 0.3612"
"35,5 : 0.3612"
"5,36 : 0.3677"
"36,5 : 0.3677"
"5,37 : 0.3423"
"37,5 : 0.3423"
"5,38 : 0.102"
"38,5 : 0.102"
"5,39 : 0.5385"
"39,5 : 0.5385"
"5,40 : 0.4111"
"40,5 : 0.4111"
"5,41 : 0.1118"
"41,5 : 0.1118"
"5,42 : 0.6882"
"42,5 : 0.6882"
"5,43 : 0.5727"
"43,5 : 0.5727"
"5,44 : 0.2927"
"44,5 : 0.2927"
"5,45 : 0.6297"
"45,5 : 0.6297"
"5,46 : 0.3667"
"46,5 : 0.3667"
"5,47 : 0.1772"
"47,5 : 0.1772"
"5,48 : 0.645"
"48,5 : 0.645"
"5,49 : 0.6707"
"49,5 : 0.6707"
"6,7 : 0.1345"
"7,6 : 0.1345"
"6,8 : 0.03"
"8,6 : 0.03"
"6,9 : 0.1237"
"9,6 : 0.1237"
"6,10 : 0.4327"
"10,6 : 0.4327"
"6,11 : 0.7517"
"11,6 : 0.7517"
"6,12 : 0.8521"
"12,6 : 0.8521"
"6,13 : 0.1118"
"13,6 : 0.1118"
"6,14 : 0.2202"
"14,6 : 0.2202"
"6,15 : 0.3453"
"15,6 : 0.3453"
"6,16 : 0.4754"
"16,6 : 0.4754"
"6,17 : 0.2532"
"17,6 : 0.2532"
"6,18 : 0.5738"
"18,6 : 0.5738"
"6,19 : 0.1581"
"19,6 : 0.1581"
"6,20 : 0.372"
"20,6 : 0.372"
"6,21 : 0.7303"
"21,6 : 0.7303"
"6,22 : 0.2052"
"22,6 : 0.2052"
"6,23 : 0.13"
"23,6 : 0.13"
"6,24 : 0.5728"
"24,6 : 0.5728"
"6,25 : 0.0224"
"25,6 : 0.0224"
"6,26 : 0.3183"
"26,6 : 0.3183"
"6,27 : 0.3111"
"27,6 : 0.3111"
"6,28 : 0.3467"
"28,6 : 0.3467"
"6,29 : 0.454"
"29,6 : 0.454"
"6,30 : 0.8078"
"30,6 : 0.8078"
"6,31 : 0.0943"
"31,6 : 0.0943"
"6,32 : 0.3578"
"32,6 : 0.3578"
"6,33 : 0.2608"
"33,6 : 0.2608"
"6,34 : 0.2668"
"34,6 : 0.2668"
"6,35 : 0.7749"
"35,6 : 0.7749"
"6,36 : 0.8006"
"36,6 : 0.8006"
"6,37 : 0.3479"
"37,6 : 0.3479"
"6,38 : 0.5109"
"38,6 : 0.5109"
"6,39 : 0.3191"
"39,6 : 0.3191"
"6,40 : 0.2884"
"40,6 : 0.2884"
"6,41 : 0.4397"
"41,6 : 0.4397"
"6,42 : 0.255"
"42,6 : 0.255"
"6,43 : 0.1503"
"43,6 : 0.1503"
"6,44 : 0.6622"
"44,6 : 0.6622"
"6,45 : 0.6185"
"45,6 : 0.6185"
"6,46 : 0.3002"
"46,6 : 0.3002"
"6,47 : 0.6083"
"47,6 : 0.6083"
"6,48 : 0.6088"
"48,6 : 0.6088"
"6,49 : 0.5561"
"49,6 : 0.5561"
"7,8 : 0.1562"
"8,7 : 0.1562"
"7,9 : 0.228"
"9,7 : 0.228"
"7,10 : 0.564"
"10,7 : 0.564"
"7,11 : 0.7971"
"11,7 : 0.7971"
"7,12 : 0.8901"
"12,7 : 0.8901"
"7,13 : 0.204"
"13,7 : 0.204"
"7,14 : 0.1562"
"14,7 : 0.1562"
"7,15 : 0.441"
"15,7 : 0.441"
"7,16 : 0.5474"
"16,7 : 0.5474"
"7,17 : 0.3734"
"17,7 : 0.3734"
"7,18 : 0.6433"
"18,7 : 0.6433"
"7,19 : 0.283"
"19,7 : 0.283"
"7,20 : 0.408"
"20,7 : 0.408"
"7,21 : 0.8329"
"21,7 : 0.8329"
"7,22 : 0.2474"
"22,7 : 0.2474"
"7,23 : 0.2417"
"23,7 : 0.2417"
"7,24 : 0.7071"
"24,7 : 0.7071"
"7,25 : 0.1281"
"25,7 : 0.1281"
"7,26 : 0.1844"
"26,7 : 0.1844"
"7,27 : 0.3324"
"27,7 : 0.3324"
"7,28 : 0.2193"
"28,7 : 0.2193"
"7,29 : 0.5415"
"29,7 : 0.5415"
"7,30 : 0.8562"
"30,7 : 0.8562"
"7,31 : 0.0447"
"31,7 : 0.0447"
"7,32 : 0.4855"
"32,7 : 0.4855"
"7,33 : 0.2594"
"33,7 : 0.2594"
"7,34 : 0.3848"
"34,7 : 0.3848"
"7,35 : 0.8472"
"35,7 : 0.8472"
"7,36 : 0.857"
"36,7 : 0.857"
"7,37 : 0.4742"
"37,7 : 0.4742"
"7,38 : 0.5456"
"38,7 : 0.5456"
"7,39 : 0.45"
"39,7 : 0.45"
"7,40 : 0.422"
"40,7 : 0.422"
"7,41 : 0.5215"
"41,7 : 0.5215"
"7,42 : 0.2751"
"42,7 : 0.2751"
"7,43 : 0.1118"
"43,7 : 0.1118"
"7,44 : 0.6671"
"44,7 : 0.6671"
"7,45 : 0.7529"
"45,7 : 0.7529"
"7,46 : 0.2371"
"46,7 : 0.2371"
"7,47 : 0.6676"
"47,7 : 0.6676"
"7,48 : 0.7433"
"48,7 : 0.7433"
"7,49 : 0.6888"
"49,7 : 0.6888"
"8,9 : 0.1342"
"9,8 : 0.1342"
"8,10 : 0.408"
"10,8 : 0.408"
"8,11 : 0.7684"
"11,8 : 0.7684"
"8,12 : 0.8701"
"12,8 : 0.8701"
"8,13 : 0.1281"
"13,8 : 0.1281"
"8,14 : 0.2209"
"14,8 : 0.2209"
"8,15 : 0.3517"
"15,8 : 0.3517"
"8,16 : 0.4875"
"16,8 : 0.4875"
"8,17 : 0.2502"
"17,8 : 0.2502"
"8,18 : 0.586"
"18,8 : 0.586"
"8,19 : 0.13"
"19,8 : 0.13"
"8,20 : 0.3483"
"20,8 : 0.3483"
"8,21 : 0.7317"
"21,8 : 0.7317"
"8,22 : 0.228"
"22,8 : 0.228"
"8,23 : 0.1"
"23,8 : 0.1"
"8,24 : 0.5517"
"24,8 : 0.5517"
"8,25 : 0.0283"
"25,8 : 0.0283"
"8,26 : 0.3406"
"26,8 : 0.3406"
"8,27 : 0.2907"
"27,8 : 0.2907"
"8,28 : 0.3722"
"28,8 : 0.3722"
"8,29 : 0.4243"
"29,8 : 0.4243"
"8,30 : 0.8238"
"30,8 : 0.8238"
"8,31 : 0.1131"
"31,8 : 0.1131"
"8,32 : 0.3312"
"32,8 : 0.3312"
"8,33 : 0.246"
"33,8 : 0.246"
"8,34 : 0.2377"
"34,8 : 0.2377"
"8,35 : 0.7855"
"35,8 : 0.7855"
"8,36 : 0.8149"
"36,8 : 0.8149"
"8,37 : 0.3396"
"37,8 : 0.3396"
"8,38 : 0.5308"
"38,8 : 0.5308"
"8,39 : 0.2941"
"39,8 : 0.2941"
"8,40 : 0.2729"
"40,8 : 0.2729"
"8,41 : 0.4494"
"41,8 : 0.4494"
"8,42 : 0.236"
"42,8 : 0.236"
"8,43 : 0.1513"
"43,8 : 0.1513"
"8,44 : 0.686"
"44,8 : 0.686"
"8,45 : 0.6"
"45,8 : 0.6"
"8,46 : 0.3302"
"46,8 : 0.3302"
"8,47 : 0.6227"
"47,8 : 0.6227"
"8,48 : 0.589"
"48,8 : 0.589"
"8,49 : 0.5326"
"49,8 : 0.5326"
"9,10 : 0.408"
"10,9 : 0.408"
"9,11 : 0.636"
"11,9 : 0.636"
"9,12 : 0.7388"
"12,9 : 0.7388"
"9,13 : 0.0283"
"13,9 : 0.0283"
"9,14 : 0.3423"
"14,9 : 0.3423"
"9,15 : 0.222"
"15,9 : 0.222"
"9,16 : 0.3534"
"16,9 : 0.3534"
"9,17 : 0.1476"
"17,9 : 0.1476"
"9,18 : 0.4519"
"18,9 : 0.4519"
"9,19 : 0.1931"
"19,9 : 0.1931"
"9,20 : 0.4738"
"20,9 : 0.4738"
"9,21 : 0.6101"
"21,9 : 0.6101"
"9,22 : 0.1217"
"22,9 : 0.1217"
"9,23 : 0.2"
"23,9 : 0.2"
"9,24 : 0.5215"
"24,9 : 0.5215"
"9,25 : 0.1456"
"25,9 : 0.1456"
"9,26 : 0.3945"
"26,9 : 0.3945"
"9,27 : 0.422"
"27,9 : 0.422"
"9,28 : 0.4046"
"28,9 : 0.4046"
"9,29 : 0.5126"
"29,9 : 0.5126"
"9,30 : 0.6907"
"30,9 : 0.6907"
"9,31 : 0.201"
"31,9 : 0.201"
"9,32 : 0.3523"
"32,9 : 0.3523"
"9,33 : 0.3801"
"33,9 : 0.3801"
"9,34 : 0.2961"
"34,9 : 0.2961"
"9,35 : 0.6519"
"35,9 : 0.6519"
"9,36 : 0.681"
"36,9 : 0.681"
"9,37 : 0.2524"
"37,9 : 0.2524"
"9,38 : 0.4036"
"38,9 : 0.4036"
"9,39 : 0.3041"
"39,9 : 0.3041"
"9,40 : 0.2247"
"40,9 : 0.2247"
"9,41 : 0.3162"
"41,9 : 0.3162"
"9,42 : 0.3689"
"42,9 : 0.3689"
"9,43 : 0.2729"
"43,9 : 0.2729"
"9,44 : 0.5694"
"44,9 : 0.5694"
"9,45 : 0.5532"
"45,9 : 0.5532"
"9,46 : 0.2915"
"46,9 : 0.2915"
"9,47 : 0.4888"
"47,9 : 0.4888"
"9,48 : 0.55"
"48,9 : 0.55"
"9,49 : 0.5189"
"49,9 : 0.5189"
"10,11 : 0.8631"
"11,10 : 0.8631"
"10,12 : 0.9706"
"12,10 : 0.9706"
"10,13 : 0.4332"
"13,10 : 0.4332"
"10,14 : 0.578"
"14,10 : 0.578"
"10,15 : 0.4317"
"15,10 : 0.4317"
"10,16 : 0.5758"
"16,10 : 0.5758"
"10,17 : 0.3202"
"17,10 : 0.3202"
"10,18 : 0.6485"
"18,10 : 0.6485"
"10,19 : 0.2832"
"19,10 : 0.2832"
"10,20 : 0.4639"
"20,10 : 0.4639"
"10,21 : 0.6201"
"21,10 : 0.6201"
"10,22 : 0.5197"
"22,10 : 0.5197"
"10,23 : 0.3324"
"23,10 : 0.3324"
"10,24 : 0.1676"
"24,10 : 0.1676"
"10,25 : 0.436"
"25,10 : 0.436"
"10,26 : 0.7481"
"26,10 : 0.7481"
"10,27 : 0.4808"
"27,10 : 0.4808"
"10,28 : 0.7794"
"28,10 : 0.7794"
"10,29 : 0.3132"
"29,10 : 0.3132"
"10,30 : 0.9005"
"30,10 : 0.9005"
"10,31 : 0.5201"
"31,10 : 0.5201"
"10,32 : 0.0894"
"32,10 : 0.0894"
"10,33 : 0.5099"
"33,10 : 0.5099"
"10,34 : 0.2059"
"34,10 : 0.2059"
"10,35 : 0.7903"
"35,10 : 0.7903"
"10,36 : 0.8682"
"36,10 : 0.8682"
"10,37 : 0.2657"
"37,10 : 0.2657"
"10,38 : 0.7061"
"38,10 : 0.7061"
"10,39 : 0.114"
"39,10 : 0.114"
"10,40 : 0.2"
"40,10 : 0.2"
"10,41 : 0.522"
"41,10 : 0.522"
"10,42 : 0.4701"
"42,10 : 0.4701"
"10,43 : 0.524"
"43,10 : 0.524"
"10,44 : 0.8963"
"44,10 : 0.8963"
"10,45 : 0.2419"
"45,10 : 0.2419"
"10,46 : 0.6989"
"46,10 : 0.6989"
"10,47 : 0.7068"
"47,10 : 0.7068"
"10,48 : 0.2159"
"48,10 : 0.2159"
"10,49 : 0.1281"
"49,10 : 0.1281"
"11,12 : 0.1082"
"12,11 : 0.1082"
"11,13 : 0.6407"
"13,11 : 0.6407"
"11,14 : 0.9481"
"14,11 : 0.9481"
"11,15 : 0.4545"
"15,11 : 0.4545"
"11,16 : 0.2983"
"16,11 : 0.2983"
"11,17 : 0.589"
"17,11 : 0.589"
"11,18 : 0.2147"
"18,11 : 0.2147"
"11,19 : 0.8062"
"19,11 : 0.8062"
"11,20 : 1.1075"
"20,11 : 1.1075"
"11,21 : 0.4026"
"21,11 : 0.4026"
"11,22 : 0.5547"
"22,11 : 0.5547"
"11,23 : 0.8298"
"23,11 : 0.8298"
"11,24 : 0.8516"
"24,11 : 0.8516"
"11,25 : 0.7739"
"25,11 : 0.7739"
"11,26 : 0.8688"
"26,11 : 0.8688"
"11,27 : 1.058"
"27,11 : 1.058"
"11,28 : 0.8287"
"28,11 : 0.8287"
"11,29 : 1.1026"
"29,11 : 1.1026"
"11,30 : 0.0608"
"30,11 : 0.0608"
"11,31 : 0.7961"
"31,11 : 0.7961"
"11,32 : 0.8682"
"32,11 : 0.8682"
"11,33 : 1.0124"
"33,11 : 1.0124"
"11,34 : 0.8797"
"34,11 : 0.8797"
"11,35 : 0.1803"
"35,11 : 0.1803"
"11,36 : 0.0894"
"36,11 : 0.0894"
"11,37 : 0.6003"
"37,11 : 0.6003"
"11,38 : 0.253"
"38,11 : 0.253"
"11,39 : 0.821"
"39,11 : 0.821"
"11,40 : 0.6907"
"40,11 : 0.6907"
"11,41 : 0.35"
"41,11 : 0.35"
"11,42 : 1.0044"
"42,11 : 1.0044"
"11,43 : 0.8859"
"43,11 : 0.8859"
"11,44 : 0.246"
"44,11 : 0.246"
"11,45 : 0.8139"
"45,11 : 0.8139"
"11,46 : 0.6297"
"46,11 : 0.6297"
"11,47 : 0.1581"
"47,11 : 0.1581"
"11,48 : 0.8395"
"48,11 : 0.8395"
"11,49 : 0.8981"
"49,11 : 0.8981"
"12,13 : 0.742"
"13,12 : 0.742"
"12,14 : 1.0432"
"14,12 : 1.0432"
"12,15 : 0.5622"
"15,12 : 0.5622"
"12,16 : 0.4061"
"16,12 : 0.4061"
"12,17 : 0.6966"
"17,12 : 0.6966"
"12,18 : 0.3225"
"18,12 : 0.3225"
"12,19 : 0.9122"
"19,12 : 0.9122"
"12,20 : 1.2117"
"20,12 : 1.2117"
"12,21 : 0.4817"
"21,12 : 0.4817"
"12,22 : 0.6519"
"22,12 : 0.6519"
"12,23 : 0.9343"
"23,12 : 0.9343"
"12,24 : 0.9551"
"24,12 : 0.9551"
"12,25 : 0.8742"
"25,12 : 0.8742"
"12,26 : 0.9492"
"26,12 : 0.9492"
"12,27 : 1.1604"
"27,12 : 1.1604"
"12,28 : 0.9047"
"28,12 : 0.9047"
"12,29 : 1.2104"
"29,12 : 1.2104"
"12,30 : 0.08"
"30,12 : 0.08"
"12,31 : 0.8919"
"31,12 : 0.8919"
"12,32 : 0.9764"
"32,12 : 0.9764"
"12,33 : 1.1125"
"33,12 : 1.1125"
"12,34 : 0.9872"
"34,12 : 0.9872"
"12,35 : 0.2433"
"35,12 : 0.2433"
"12,36 : 0.1315"
"36,12 : 0.1315"
"12,37 : 0.7083"
"37,12 : 0.7083"
"12,38 : 0.3448"
"38,12 : 0.3448"
"12,39 : 0.9291"
"39,12 : 0.9291"
"12,40 : 0.7988"
"40,12 : 0.7988"
"12,41 : 0.458"
"41,12 : 0.458"
"12,42 : 1.106"
"42,12 : 1.106"
"12,43 : 0.9827"
"43,12 : 0.9827"
"12,44 : 0.2807"
"44,12 : 0.2807"
"12,45 : 0.9144"
"45,12 : 0.9144"
"12,46 : 0.7088"
"46,12 : 0.7088"
"12,47 : 0.2663"
"47,12 : 0.2663"
"12,48 : 0.9411"
"48,12 : 0.9411"
"12,49 : 1.003"
"49,12 : 1.003"
"13,14 : 0.3256"
"14,13 : 0.3256"
"13,15 : 0.2402"
"15,13 : 0.2402"
"13,16 : 0.364"
"16,13 : 0.364"
"13,17 : 0.1749"
"17,13 : 0.1749"
"13,18 : 0.4624"
"18,13 : 0.4624"
"13,19 : 0.2062"
"19,13 : 0.2062"
"13,20 : 0.4742"
"20,13 : 0.4742"
"13,21 : 0.6307"
"21,13 : 0.6307"
"13,22 : 0.1077"
"22,13 : 0.1077"
"13,23 : 0.2059"
"23,13 : 0.2059"
"13,24 : 0.5492"
"24,13 : 0.5492"
"13,25 : 0.1342"
"25,13 : 0.1342"
"13,26 : 0.3672"
"26,13 : 0.3672"
"13,27 : 0.4187"
"27,13 : 0.4187"
"13,28 : 0.3764"
"28,13 : 0.3764"
"13,29 : 0.525"
"29,13 : 0.525"
"13,30 : 0.6964"
"30,13 : 0.6964"
"13,31 : 0.18"
"31,13 : 0.18"
"13,32 : 0.3748"
"32,13 : 0.3748"
"13,33 : 0.3722"
"33,13 : 0.3722"
"13,34 : 0.3126"
"34,13 : 0.3126"
"13,35 : 0.6641"
"35,13 : 0.6641"
"13,36 : 0.6888"
"36,13 : 0.6888"
"13,37 : 0.2802"
"37,13 : 0.2802"
"13,38 : 0.4031"
"38,13 : 0.4031"
"13,39 : 0.3276"
"39,13 : 0.3276"
"13,40 : 0.2524"
"40,13 : 0.2524"
"13,41 : 0.3298"
"41,13 : 0.3298"
"13,42 : 0.364"
"42,13 : 0.364"
"13,43 : 0.2571"
"43,13 : 0.2571"
"13,44 : 0.563"
"44,13 : 0.563"
"13,45 : 0.5814"
"45,13 : 0.5814"
"13,46 : 0.2657"
"46,13 : 0.2657"
"13,47 : 0.4965"
"47,13 : 0.4965"
"13,48 : 0.578"
"48,13 : 0.578"
"13,49 : 0.5456"
"49,13 : 0.5456"
"14,15 : 0.5644"
"15,14 : 0.5644"
"14,16 : 0.6868"
"16,14 : 0.6868"
"14,17 : 0.471"
"17,14 : 0.471"
"14,18 : 0.7845"
"18,14 : 0.7845"
"14,19 : 0.3041"
"19,14 : 0.3041"
"14,20 : 0.29"
"20,14 : 0.29"
"14,21 : 0.9505"
"21,14 : 0.9505"
"14,22 : 0.394"
"22,14 : 0.394"
"14,23 : 0.2506"
"23,14 : 0.2506"
"14,24 : 0.7378"
"24,14 : 0.7378"
"14,25 : 0.2"
"25,14 : 0.2"
"14,26 : 0.24"
"26,14 : 0.24"
"14,27 : 0.21"
"27,14 : 0.21"
"14,28 : 0.3015"
"28,14 : 0.3015"
"14,29 : 0.4682"
"29,14 : 0.4682"
"14,30 : 1.0065"
"30,14 : 1.0065"
"14,31 : 0.1523"
"31,14 : 0.1523"
"14,32 : 0.4904"
"32,14 : 0.4904"
"14,33 : 0.13"
"33,14 : 0.13"
"14,34 : 0.3754"
"34,14 : 0.3754"
"14,35 : 0.9876"
"35,14 : 0.9876"
"14,36 : 1.0046"
"36,14 : 1.0046"
"14,37 : 0.559"
"37,14 : 0.559"
"14,38 : 0.6984"
"38,14 : 0.6984"
"14,39 : 0.4687"
"39,14 : 0.4687"
"14,40 : 0.4838"
"40,14 : 0.4838"
"14,41 : 0.6551"
"41,14 : 0.6551"
"14,42 : 0.1628"
"42,14 : 0.1628"
"14,43 : 0.07"
"43,14 : 0.07"
"14,44 : 0.8233"
"44,14 : 0.8233"
"14,45 : 0.7965"
"45,14 : 0.7965"
"14,46 : 0.386"
"46,14 : 0.386"
"14,47 : 0.8134"
"47,14 : 0.8134"
"14,48 : 0.7803"
"48,14 : 0.7803"
"14,49 : 0.706"
"49,14 : 0.706"
"15,16 : 0.1562"
"16,15 : 0.1562"
"15,17 : 0.1345"
"17,15 : 0.1345"
"15,18 : 0.2484"
"18,15 : 0.2484"
"15,19 : 0.3581"
"19,15 : 0.3581"
"15,20 : 0.6657"
"20,15 : 0.6657"
"15,21 : 0.392"
"21,15 : 0.392"
"15,22 : 0.2193"
"22,15 : 0.2193"
"15,23 : 0.3895"
"23,15 : 0.3895"
"15,24 : 0.4738"
"24,15 : 0.4738"
"15,25 : 0.3667"
"25,15 : 0.3667"
"15,26 : 0.5852"
"26,15 : 0.5852"
"15,27 : 0.6261"
"27,15 : 0.6261"
"15,28 : 0.5778"
"28,15 : 0.5778"
"15,29 : 0.6482"
"29,15 : 0.6482"
"15,30 : 0.5021"
"30,15 : 0.5021"
"15,31 : 0.4201"
"31,15 : 0.4201"
"15,32 : 0.4205"
"32,15 : 0.4205"
"15,33 : 0.5946"
"33,15 : 0.5946"
"15,34 : 0.4252"
"34,15 : 0.4252"
"15,35 : 0.4383"
"35,15 : 0.4383"
"15,36 : 0.4827"
"36,15 : 0.4827"
"15,37 : 0.1703"
"37,15 : 0.1703"
"15,38 : 0.2746"
"38,15 : 0.2746"
"15,39 : 0.3712"
"39,15 : 0.3712"
"15,40 : 0.2417"
"40,15 : 0.2417"
"15,41 : 0.1063"
"41,15 : 0.1063"
"15,42 : 0.5778"
"42,15 : 0.5778"
"15,43 : 0.495"
"43,15 : 0.495"
"15,44 : 0.4653"
"44,15 : 0.4653"
"15,45 : 0.4713"
"45,15 : 0.4713"
"15,46 : 0.408"
"46,15 : 0.408"
"15,47 : 0.2973"
"47,15 : 0.2973"
"15,48 : 0.4827"
"48,15 : 0.4827"
"15,49 : 0.5"
"49,15 : 0.5"
"16,17 : 0.2907"
"17,16 : 0.2907"
"16,18 : 0.0985"
"18,16 : 0.0985"
"16,19 : 0.5109"
"19,16 : 0.5109"
"16,20 : 0.8161"
"20,16 : 0.8161"
"16,21 : 0.3312"
"21,16 : 0.3312"
"16,22 : 0.3015"
"22,16 : 0.3015"
"16,23 : 0.5382"
"23,16 : 0.5382"
"16,24 : 0.5914"
"24,16 : 0.5914"
"16,25 : 0.4977"
"25,16 : 0.4977"
"16,26 : 0.6619"
"26,16 : 0.6619"
"16,27 : 0.7718"
"27,16 : 0.7718"
"16,28 : 0.6395"
"28,16 : 0.6395"
"16,29 : 0.8043"
"29,16 : 0.8043"
"16,30 : 0.3466"
"30,16 : 0.3466"
"16,31 : 0.536"
"31,16 : 0.536"
"16,32 : 0.5731"
"32,16 : 0.5731"
"16,33 : 0.7335"
"33,16 : 0.7335"
"16,34 : 0.5814"
"34,16 : 0.5814"
"16,35 : 0.3008"
"35,16 : 0.3008"
"16,36 : 0.3302"
"36,16 : 0.3302"
"16,37 : 0.3102"
"37,16 : 0.3102"
"16,38 : 0.1581"
"38,16 : 0.1581"
"16,39 : 0.5248"
"39,16 : 0.5248"
"16,40 : 0.3945"
"40,16 : 0.3945"
"16,41 : 0.0539"
"41,16 : 0.0539"
"16,42 : 0.7207"
"42,16 : 0.7207"
"16,43 : 0.6198"
"43,16 : 0.6198"
"16,44 : 0.3413"
"44,16 : 0.3413"
"16,45 : 0.5714"
"45,16 : 0.5714"
"16,46 : 0.4464"
"46,16 : 0.4464"
"16,47 : 0.1414"
"47,16 : 0.1414"
"16,48 : 0.5901"
"48,16 : 0.5901"
"16,49 : 0.628"
"49,16 : 0.628"
"17,18 : 0.3821"
"18,17 : 0.3821"
"17,19 : 0.2283"
"19,17 : 0.2283"
"17,20 : 0.5371"
"20,17 : 0.5371"
"17,21 : 0.4837"
"21,17 : 0.4837"
"17,22 : 0.2195"
"22,17 : 0.2195"
"17,23 : 0.2657"
"23,17 : 0.2657"
"17,24 : 0.3992"
"24,17 : 0.3992"
"17,25 : 0.2717"
"25,17 : 0.2717"
"17,26 : 0.542"
"26,17 : 0.542"
"17,27 : 0.5033"
"27,17 : 0.5033"
"17,28 : 0.55"
"28,17 : 0.55"
"17,29 : 0.514"
"29,17 : 0.514"
"17,30 : 0.6366"
"30,17 : 0.6366"
"17,31 : 0.3421"
"31,17 : 0.3421"
"17,32 : 0.2941"
"32,17 : 0.2941"
"17,33 : 0.4805"
"33,17 : 0.4805"
"17,34 : 0.2907"
"34,17 : 0.2907"
"17,35 : 0.566"
"35,17 : 0.566"
"17,36 : 0.6162"
"36,17 : 0.6162"
"17,37 : 0.1063"
"37,17 : 0.1063"
"17,38 : 0.3956"
"38,17 : 0.3956"
"17,39 : 0.2435"
"39,17 : 0.2435"
"17,40 : 0.1204"
"40,17 : 0.1204"
"17,41 : 0.2404"
"41,17 : 0.2404"
"17,42 : 0.4588"
"42,17 : 0.4588"
"17,43 : 0.4011"
"43,17 : 0.4011"
"17,44 : 0.5824"
"44,17 : 0.5824"
"17,45 : 0.4188"
"45,17 : 0.4188"
"17,46 : 0.4162"
"46,17 : 0.4162"
"17,47 : 0.4319"
"47,17 : 0.4319"
"17,48 : 0.4206"
"48,17 : 0.4206"
"17,49 : 0.41"
"49,17 : 0.41"
"18,19 : 0.6061"
"19,18 : 0.6061"
"18,20 : 0.9126"
"20,18 : 0.9126"
"18,21 : 0.2828"
"21,18 : 0.2828"
"18,22 : 0.3962"
"22,18 : 0.3962"
"18,23 : 0.6351"
"23,18 : 0.6351"
"18,24 : 0.6433"
"24,18 : 0.6433"
"18,25 : 0.5962"
"25,18 : 0.5962"
"18,26 : 0.7501"
"26,18 : 0.7501"
"18,27 : 0.8695"
"27,18 : 0.8695"
"18,28 : 0.7234"
"28,18 : 0.7234"
"18,29 : 0.8927"
"29,18 : 0.8927"
"18,30 : 0.2561"
"30,18 : 0.2561"
"18,31 : 0.6332"
"31,18 : 0.6332"
"18,32 : 0.6546"
"32,18 : 0.6546"
"18,33 : 0.8319"
"33,18 : 0.8319"
"18,34 : 0.6718"
"34,18 : 0.6718"
"18,35 : 0.204"
"35,18 : 0.204"
"18,36 : 0.2343"
"36,18 : 0.2343"
"18,37 : 0.3859"
"37,18 : 0.3859"
"18,38 : 0.178"
"38,18 : 0.178"
"18,39 : 0.608"
"39,18 : 0.608"
"18,40 : 0.478"
"40,18 : 0.478"
"18,41 : 0.1421"
"41,18 : 0.1421"
"18,42 : 0.8188"
"42,18 : 0.8188"
"18,43 : 0.7178"
"43,18 : 0.7178"
"18,44 : 0.3231"
"44,18 : 0.3231"
"18,45 : 0.612"
"45,18 : 0.612"
"18,46 : 0.5261"
"46,18 : 0.5261"
"18,47 : 0.0608"
"47,18 : 0.0608"
"18,48 : 0.6351"
"48,18 : 0.6351"
"18,49 : 0.6868"
"49,18 : 0.6868"
"19,20 : 0.3089"
"20,19 : 0.3089"
"19,21 : 0.7009"
"21,19 : 0.7009"
"19,22 : 0.3132"
"22,19 : 0.3132"
"19,23 : 0.0539"
"23,19 : 0.0539"
"19,24 : 0.436"
"24,19 : 0.436"
"19,25 : 0.1565"
"25,19 : 0.1565"
"19,26 : 0.4662"
"26,19 : 0.4662"
"19,27 : 0.2789"
"27,19 : 0.2789"
"19,28 : 0.5012"
"28,19 : 0.5012"
"19,29 : 0.3195"
"29,19 : 0.3195"
"19,30 : 0.857"
"30,19 : 0.857"
"19,31 : 0.2385"
"31,19 : 0.2385"
"19,32 : 0.2025"
"32,19 : 0.2025"
"19,33 : 0.2702"
"33,19 : 0.2702"
"19,34 : 0.1105"
"34,19 : 0.1105"
"19,35 : 0.794"
"35,19 : 0.794"
"19,36 : 0.8402"
"36,19 : 0.8402"
"19,37 : 0.2828"
"37,19 : 0.2828"
"19,38 : 0.5882"
"38,19 : 0.5882"
"19,39 : 0.1697"
"39,19 : 0.1697"
"19,40 : 0.1903"
"40,19 : 0.1903"
"19,41 : 0.464"
"41,19 : 0.464"
"19,42 : 0.2408"
"42,19 : 0.2408"
"19,43 : 0.2441"
"43,19 : 0.2441"
"19,44 : 0.7606"
"44,19 : 0.7606"
"19,45 : 0.4924"
"45,19 : 0.4924"
"19,46 : 0.4518"
"46,19 : 0.4518"
"19,47 : 0.6519"
"47,19 : 0.6519"
"19,48 : 0.4771"
"48,19 : 0.4771"
"19,49 : 0.4101"
"49,19 : 0.4101"
"20,21 : 1.0024"
"21,20 : 1.0024"
"20,22 : 0.5763"
"22,20 : 0.5763"
"20,23 : 0.278"
"23,20 : 0.278"
"20,24 : 0.6297"
"24,20 : 0.6297"
"20,25 : 0.3523"
"25,20 : 0.3523"
"20,26 : 0.53"
"26,20 : 0.53"
"20,27 : 0.08"
"27,20 : 0.08"
"20,28 : 0.5908"
"28,20 : 0.5908"
"20,29 : 0.2193"
"29,20 : 0.2193"
"20,30 : 1.1604"
"30,20 : 1.1604"
"20,31 : 0.377"
"31,20 : 0.377"
"20,32 : 0.3805"
"32,20 : 0.3805"
"20,33 : 0.16"
"33,20 : 0.16"
"20,34 : 0.2828"
"34,20 : 0.2828"
"20,35 : 1.1028"
"35,20 : 1.1028"
"20,36 : 1.1462"
"36,20 : 1.1462"
"20,37 : 0.5819"
"37,20 : 0.5819"
"20,38 : 0.8769"
"38,20 : 0.8769"
"20,39 : 0.3912"
"39,20 : 0.3912"
"20,40 : 0.4808"
"40,20 : 0.4808"
"20,41 : 0.771"
"41,20 : 0.771"
"20,42 : 0.1334"
"42,20 : 0.1334"
"20,43 : 0.2983"
"43,20 : 0.2983"
"20,44 : 1.0341"
"44,20 : 1.0341"
"20,45 : 0.7058"
"45,20 : 0.7058"
"20,46 : 0.6426"
"46,20 : 0.6426"
"20,47 : 0.956"
"47,20 : 0.956"
"20,48 : 0.679"
"48,20 : 0.679"
"20,49 : 0.5772"
"49,20 : 0.5772"
"21,22 : 0.6042"
"22,21 : 0.6042"
"21,23 : 0.7453"
"23,21 : 0.7453"
"21,24 : 0.542"
"24,21 : 0.542"
"21,25 : 0.7506"
"25,21 : 0.7506"
"21,26 : 0.9729"
"26,21 : 0.9729"
"21,27 : 0.9798"
"27,21 : 0.9798"
"21,28 : 0.9588"
"28,21 : 0.9588"
"21,29 : 0.9192"
"29,21 : 0.9192"
"21,30 : 0.402"
"30,21 : 0.402"
"21,31 : 0.8106"
"31,21 : 0.8106"
"21,32 : 0.6637"
"32,21 : 0.6637"
"21,33 : 0.9634"
"33,21 : 0.9634"
"21,34 : 0.7262"
"34,21 : 0.7262"
"21,35 : 0.24"
"35,21 : 0.24"
"21,36 : 0.3506"
"36,21 : 0.3506"
"21,37 : 0.4206"
"37,21 : 0.4206"
"21,38 : 0.4601"
"38,21 : 0.4601"
"21,39 : 0.6306"
"39,21 : 0.6306"
"21,40 : 0.522"
"40,21 : 0.522"
"21,41 : 0.3289"
"41,21 : 0.3289"
"21,42 : 0.9394"
"42,21 : 0.9394"
"21,43 : 0.8805"
"43,21 : 0.8805"
"21,44 : 0.5936"
"44,21 : 0.5936"
"21,45 : 0.4802"
"45,21 : 0.4802"
"21,46 : 0.7725"
"46,21 : 0.7725"
"21,47 : 0.322"
"47,21 : 0.322"
"21,48 : 0.5131"
"48,21 : 0.5131"
"21,49 : 0.6031"
"49,21 : 0.6031"
"22,23 : 0.313"
"23,22 : 0.313"
"22,24 : 0.6174"
"24,22 : 0.6174"
"22,25 : 0.2263"
"25,22 : 0.2263"
"22,26 : 0.3688"
"26,22 : 0.3688"
"22,27 : 0.5162"
"27,22 : 0.5162"
"22,28 : 0.3585"
"28,22 : 0.3585"
"22,29 : 0.6325"
"29,22 : 0.6325"
"22,30 : 0.6127"
"30,22 : 0.6127"
"22,31 : 0.2417"
"31,22 : 0.2417"
"22,32 : 0.4704"
"32,22 : 0.4704"
"22,33 : 0.4623"
"33,22 : 0.4623"
"22,34 : 0.4177"
"34,22 : 0.4177"
"22,35 : 0.6002"
"35,22 : 0.6002"
"22,36 : 0.611"
"36,22 : 0.611"
"22,37 : 0.322"
"37,22 : 0.322"
"22,38 : 0.3081"
"38,22 : 0.3081"
"22,39 : 0.4211"
"39,22 : 0.4211"
"22,40 : 0.3257"
"40,22 : 0.3257"
"22,41 : 0.2807"
"41,22 : 0.2807"
"22,42 : 0.4597"
"42,22 : 0.4597"
"22,43 : 0.3312"
"43,22 : 0.3312"
"22,44 : 0.458"
"44,22 : 0.458"
"22,45 : 0.6381"
"45,22 : 0.6381"
"22,46 : 0.1985"
"46,22 : 0.1985"
"22,47 : 0.4206"
"47,22 : 0.4206"
"22,48 : 0.6401"
"48,22 : 0.6401"
"22,49 : 0.623"
"49,22 : 0.623"
"23,24 : 0.4883"
"24,23 : 0.4883"
"23,25 : 0.1217"
"25,23 : 0.1217"
"23,26 : 0.4219"
"26,23 : 0.4219"
"23,27 : 0.2377"
"27,23 : 0.2377"
"23,28 : 0.461"
"28,23 : 0.461"
"23,29 : 0.3256"
"29,23 : 0.3256"
"23,30 : 0.8824"
"30,23 : 0.8824"
"23,31 : 0.197"
"31,23 : 0.197"
"23,32 : 0.2484"
"32,23 : 0.2484"
"23,33 : 0.2202"
"33,23 : 0.2202"
"23,34 : 0.1432"
"34,23 : 0.1432"
"23,35 : 0.8276"
"35,23 : 0.8276"
"23,36 : 0.8684"
"36,23 : 0.8684"
"23,37 : 0.3306"
"37,23 : 0.3306"
"23,38 : 0.6031"
"38,23 : 0.6031"
"23,39 : 0.2202"
"39,23 : 0.2202"
"23,40 : 0.2419"
"40,23 : 0.2419"
"23,41 : 0.494"
"41,23 : 0.494"
"23,42 : 0.1942"
"42,23 : 0.1942"
"23,43 : 0.1921"
"43,23 : 0.1921"
"23,44 : 0.7685"
"44,23 : 0.7685"
"23,45 : 0.5459"
"45,23 : 0.5459"
"23,46 : 0.4301"
"46,23 : 0.4301"
"23,47 : 0.678"
"47,23 : 0.678"
"23,48 : 0.53"
"48,23 : 0.53"
"23,49 : 0.4601"
"49,23 : 0.4601"
"24,25 : 0.58"
"25,24 : 0.58"
"24,26 : 0.8911"
"26,24 : 0.8911"
"24,27 : 0.6485"
"27,24 : 0.6485"
"24,28 : 0.9155"
"28,24 : 0.9155"
"24,29 : 0.4617"
"29,24 : 0.4617"
"24,30 : 0.8792"
"30,24 : 0.8792"
"24,31 : 0.6648"
"31,24 : 0.6648"
"24,32 : 0.2563"
"32,24 : 0.2563"
"24,33 : 0.6762"
"33,24 : 0.6762"
"24,34 : 0.3716"
"34,24 : 0.3716"
"24,35 : 0.7469"
"35,24 : 0.7469"
"24,36 : 0.8393"
"36,24 : 0.8393"
"24,37 : 0.3081"
"37,24 : 0.3081"
"24,38 : 0.7401"
"38,24 : 0.7401"
"24,39 : 0.2693"
"39,24 : 0.2693"
"24,40 : 0.2968"
"40,24 : 0.2968"
"24,41 : 0.5404"
"41,24 : 0.5404"
"24,42 : 0.6369"
"42,24 : 0.6369"
"24,43 : 0.6801"
"43,24 : 0.6801"
"24,44 : 0.9301"
"44,24 : 0.9301"
"24,45 : 0.0825"
"45,24 : 0.0825"
"24,46 : 0.8101"
"46,24 : 0.8101"
"24,47 : 0.7041"
"47,24 : 0.7041"
"24,48 : 0.05"
"48,24 : 0.05"
"24,49 : 0.0671"
"49,24 : 0.0671"
"25,26 : 0.3124"
"26,25 : 0.3124"
"25,27 : 0.29"
"27,25 : 0.29"
"25,28 : 0.3448"
"28,25 : 0.3448"
"25,29 : 0.4418"
"29,25 : 0.4418"
"25,30 : 0.8301"
"30,25 : 0.8301"
"25,31 : 0.0849"
"31,25 : 0.0849"
"25,32 : 0.3585"
"32,25 : 0.3585"
"25,33 : 0.2385"
"33,25 : 0.2385"
"25,34 : 0.2625"
"34,25 : 0.2625"
"25,35 : 0.7971"
"35,25 : 0.7971"
"25,36 : 0.823"
"36,25 : 0.823"
"25,37 : 0.364"
"37,25 : 0.364"
"25,38 : 0.5326"
"38,25 : 0.5326"
"25,39 : 0.322"
"39,25 : 0.322"
"25,40 : 0.3002"
"40,25 : 0.3002"
"25,41 : 0.4617"
"41,25 : 0.4617"
"25,42 : 0.2335"
"42,25 : 0.2335"
"25,43 : 0.13"
"43,25 : 0.13"
"25,44 : 0.6825"
"44,25 : 0.6825"
"25,45 : 0.628"
"45,25 : 0.628"
"25,46 : 0.3114"
"46,25 : 0.3114"
"25,47 : 0.6306"
"47,25 : 0.6306"
"25,48 : 0.6172"
"48,25 : 0.6172"
"25,49 : 0.5608"
"49,25 : 0.5608"
"26,27 : 0.45"
"27,26 : 0.45"
"26,28 : 0.0671"
"28,26 : 0.0671"
"26,29 : 0.6986"
"29,26 : 0.6986"
"26,30 : 0.9296"
"30,26 : 0.9296"
"26,31 : 0.228"
"31,26 : 0.228"
"26,32 : 0.6685"
"32,26 : 0.6685"
"26,33 : 0.37"
"33,26 : 0.37"
"26,34 : 0.5644"
"34,26 : 0.5644"
"26,35 : 0.9505"
"35,26 : 0.9505"
"26,36 : 0.9405"
"36,26 : 0.9405"
"26,37 : 0.6466"
"37,26 : 0.6466"
"26,38 : 0.6181"
"38,26 : 0.6181"
"26,39 : 0.6341"
"39,26 : 0.6341"
"26,40 : 0.6031"
"40,26 : 0.6031"
"26,41 : 0.6478"
"41,26 : 0.6478"
"26,42 : 0.4011"
"42,26 : 0.4011"
"26,43 : 0.25"
"43,26 : 0.25"
"26,44 : 0.6935"
"44,26 : 0.6935"
"26,45 : 0.9351"
"45,26 : 0.9351"
"26,46 : 0.2404"
"46,26 : 0.2404"
"26,47 : 0.7616"
"47,26 : 0.7616"
"26,48 : 0.9266"
"48,26 : 0.9266"
"26,49 : 0.8732"
"49,26 : 0.8732"
"27,28 : 0.5109"
"28,27 : 0.5109"
"27,29 : 0.2802"
"29,27 : 0.2802"
"27,30 : 1.1125"
"30,27 : 1.1125"
"27,31 : 0.3041"
"31,27 : 0.3041"
"27,32 : 0.3929"
"32,27 : 0.3929"
"27,33 : 0.08"
"33,27 : 0.08"
"27,34 : 0.2828"
"34,27 : 0.2828"
"27,35 : 1.0644"
"35,27 : 1.0644"
"27,36 : 1.1014"
"36,27 : 1.1014"
"27,37 : 0.5609"
"37,27 : 0.5609"
"27,38 : 0.8213"
"38,27 : 0.8213"
"27,39 : 0.3932"
"39,27 : 0.3932"
"27,40 : 0.4639"
"40,27 : 0.4639"
"27,41 : 0.7295"
"41,27 : 0.7295"
"27,42 : 0.0583"
"42,27 : 0.0583"
"27,43 : 0.2214"
"43,27 : 0.2214"
"27,44 : 0.9719"
"44,27 : 0.9719"
"27,45 : 0.7203"
"45,27 : 0.7203"
"27,46 : 0.5686"
"46,27 : 0.5686"
"27,47 : 0.9097"
"47,27 : 0.9097"
"27,48 : 0.6964"
"48,27 : 0.6964"
"27,49 : 0.6017"
"49,27 : 0.6017"
"28,29 : 0.7513"
"29,28 : 0.7513"
"28,30 : 0.8896"
"30,28 : 0.8896"
"28,31 : 0.264"
"31,28 : 0.264"
"28,32 : 0.7033"
"32,28 : 0.7033"
"28,33 : 0.431"
"33,28 : 0.431"
"28,34 : 0.6042"
"34,28 : 0.6042"
"28,35 : 0.9205"
"35,28 : 0.9205"
"28,36 : 0.9035"
"36,28 : 0.9035"
"28,37 : 0.656"
"37,28 : 0.656"
"28,38 : 0.5814"
"38,28 : 0.5814"
"28,39 : 0.6657"
"39,28 : 0.6657"
"28,40 : 0.6224"
"40,28 : 0.6224"
"28,41 : 0.6306"
"41,28 : 0.6306"
"28,42 : 0.46"
"42,28 : 0.46"
"28,43 : 0.3027"
"43,28 : 0.3027"
"28,44 : 0.6426"
"44,28 : 0.6426"
"28,45 : 0.9546"
"45,28 : 0.9546"
"28,46 : 0.2002"
"46,28 : 0.2002"
"28,47 : 0.7301"
"47,28 : 0.7301"
"28,48 : 0.9485"
"48,28 : 0.9485"
"28,49 : 0.9021"
"49,28 : 0.9021"
"29,30 : 1.1487"
"30,29 : 1.1487"
"29,31 : 0.5004"
"31,29 : 0.5004"
"29,32 : 0.2555"
"32,29 : 0.2555"
"29,33 : 0.3489"
"33,29 : 0.3489"
"29,34 : 0.2247"
"34,29 : 0.2247"
"29,35 : 1.0622"
"35,29 : 1.0622"
"29,36 : 1.1249"
"36,29 : 1.1249"
"29,37 : 0.5174"
"37,29 : 0.5174"
"29,38 : 0.9005"
"38,29 : 0.9005"
"29,39 : 0.2921"
"39,29 : 0.2921"
"29,40 : 0.4173"
"40,29 : 0.4173"
"29,41 : 0.7529"
"41,29 : 0.7529"
"29,42 : 0.3087"
"42,29 : 0.3087"
"29,43 : 0.4491"
"43,29 : 0.4491"
"29,44 : 1.0779"
"44,29 : 1.0779"
"29,45 : 0.5433"
"45,29 : 0.5433"
"29,46 : 0.7533"
"46,29 : 0.7533"
"29,47 : 0.9449"
"47,29 : 0.9449"
"29,48 : 0.5116"
"48,29 : 0.5116"
"29,49 : 0.4001"
"49,29 : 0.4001"
"30,31 : 0.8543"
"31,30 : 0.8543"
"30,32 : 0.9102"
"32,30 : 0.9102"
"30,33 : 1.0685"
"33,30 : 1.0685"
"30,34 : 0.927"
"34,30 : 0.927"
"30,35 : 0.1649"
"35,30 : 0.1649"
"30,36 : 0.0539"
"36,30 : 0.0539"
"30,37 : 0.6407"
"37,30 : 0.6407"
"30,38 : 0.3132"
"38,30 : 0.3132"
"30,39 : 0.864"
"39,30 : 0.864"
"30,40 : 0.7341"
"40,30 : 0.7341"
"30,41 : 0.3962"
"41,30 : 0.3962"
"30,42 : 1.0595"
"42,30 : 1.0595"
"30,43 : 0.9437"
"43,30 : 0.9437"
"30,44 : 0.2973"
"44,30 : 0.2973"
"30,45 : 0.8368"
"45,30 : 0.8368"
"30,46 : 0.6905"
"46,30 : 0.6905"
"30,47 : 0.2052"
"47,30 : 0.2052"
"30,48 : 0.864"
"48,30 : 0.864"
"30,49 : 0.9285"
"49,30 : 0.9285"
"31,32 : 0.441"
"32,31 : 0.441"
"31,33 : 0.236"
"33,31 : 0.236"
"31,34 : 0.3401"
"34,31 : 0.3401"
"31,35 : 0.8368"
"35,31 : 0.8368"
"31,36 : 0.8523"
"36,31 : 0.8523"
"31,37 : 0.4401"
"37,31 : 0.4401"
"31,38 : 0.5471"
"38,31 : 0.5471"
"31,39 : 0.4061"
"39,31 : 0.4061"
"31,40 : 0.3828"
"40,31 : 0.3828"
"31,41 : 0.5064"
"41,31 : 0.5064"
"31,42 : 0.246"
"42,31 : 0.246"
"31,43 : 0.0922"
"43,31 : 0.0922"
"31,44 : 0.679"
"44,31 : 0.679"
"31,45 : 0.7122"
"45,31 : 0.7122"
"31,46 : 0.2657"
"46,31 : 0.2657"
"31,47 : 0.6613"
"47,31 : 0.6613"
"31,48 : 0.7018"
"48,31 : 0.7018"
"31,49 : 0.6454"
"49,31 : 0.6454"
"32,33 : 0.4205"
"33,32 : 0.4205"
"32,34 : 0.1166"
"34,32 : 0.1166"
"32,35 : 0.8132"
"35,32 : 0.8132"
"32,36 : 0.8824"
"36,32 : 0.8824"
"32,37 : 0.2702"
"37,32 : 0.2702"
"32,38 : 0.6895"
"38,32 : 0.6895"
"32,39 : 0.051"
"39,32 : 0.051"
"32,40 : 0.1789"
"40,32 : 0.1789"
"32,41 : 0.5197"
"41,32 : 0.5197"
"32,42 : 0.3808"
"42,32 : 0.3808"
"32,43 : 0.4384"
"43,32 : 0.4384"
"32,44 : 0.8764"
"44,32 : 0.8764"
"32,45 : 0.3276"
"45,32 : 0.3276"
"32,46 : 0.6379"
"46,32 : 0.6379"
"32,47 : 0.7102"
"47,32 : 0.7102"
"32,48 : 0.3036"
"48,32 : 0.3036"
"32,49 : 0.2163"
"49,32 : 0.2163"
"33,34 : 0.3046"
"34,33 : 0.3046"
"33,35 : 1.0308"
"35,33 : 1.0308"
"33,36 : 1.0607"
"36,33 : 1.0607"
"33,37 : 0.5508"
"37,33 : 0.5508"
"33,38 : 0.7701"
"38,33 : 0.7701"
"33,39 : 0.4111"
"39,33 : 0.4111"
"33,40 : 0.4604"
"40,33 : 0.4604"
"33,41 : 0.6946"
"41,33 : 0.6946"
"33,42 : 0.0424"
"42,33 : 0.0424"
"33,43 : 0.1476"
"43,33 : 0.1476"
"33,44 : 0.9124"
"44,33 : 0.9124"
"33,45 : 0.7433"
"45,33 : 0.7433"
"33,46 : 0.4965"
"46,33 : 0.4965"
"33,47 : 0.8683"
"47,33 : 0.8683"
"33,48 : 0.7224"
"48,33 : 0.7224"
"33,49 : 0.6353"
"49,33 : 0.6353"
"34,35 : 0.8481"
"35,34 : 0.8481"
"34,36 : 0.9052"
"36,34 : 0.9052"
"34,37 : 0.3089"
"37,34 : 0.3089"
"34,38 : 0.676"
"38,34 : 0.676"
"34,39 : 0.1105"
"39,34 : 0.1105"
"34,40 : 0.2059"
"40,34 : 0.2059"
"34,41 : 0.5308"
"41,34 : 0.5308"
"34,42 : 0.2657"
"42,34 : 0.2657"
"34,43 : 0.3265"
"43,34 : 0.3265"
"34,44 : 0.8549"
"44,34 : 0.8549"
"34,45 : 0.4397"
"45,34 : 0.4397"
"34,46 : 0.5622"
"46,34 : 0.5622"
"34,47 : 0.7225"
"47,34 : 0.7225"
"34,48 : 0.4179"
"48,34 : 0.4179"
"34,49 : 0.3329"
"49,34 : 0.3329"
"35,36 : 0.1118"
"36,35 : 0.1118"
"35,37 : 0.5449"
"37,35 : 0.5449"
"35,38 : 0.3471"
"38,35 : 0.3471"
"35,39 : 0.771"
"39,35 : 0.771"
"35,40 : 0.6454"
"40,35 : 0.6454"
"35,41 : 0.3362"
"41,35 : 0.3362"
"35,42 : 1.0155"
"42,35 : 1.0155"
"35,43 : 0.9205"
"43,35 : 0.9205"
"35,44 : 0.4123"
"44,35 : 0.4123"
"35,45 : 0.6964"
"45,35 : 0.6964"
"35,46 : 0.7211"
"46,35 : 0.7211"
"35,47 : 0.191"
"47,35 : 0.191"
"35,48 : 0.7262"
"48,35 : 0.7262"
"35,49 : 0.8013"
"49,35 : 0.8013"
"36,37 : 0.6122"
"37,36 : 0.6122"
"36,38 : 0.3225"
"38,36 : 0.3225"
"36,39 : 0.8374"
"39,36 : 0.8374"
"36,40 : 0.7084"
"40,36 : 0.7084"
"36,41 : 0.3764"
"41,36 : 0.3764"
"36,42 : 1.0496"
"42,36 : 1.0496"
"36,43 : 0.9402"
"43,36 : 0.9402"
"36,44 : 0.3354"
"44,36 : 0.3354"
"36,45 : 0.794"
"45,36 : 0.794"
"36,46 : 0.7035"
"46,36 : 0.7035"
"36,47 : 0.1924"
"47,36 : 0.1924"
"36,48 : 0.8222"
"48,36 : 0.8222"
"36,49 : 0.8905"
"49,36 : 0.8905"
"37,38 : 0.4441"
"38,37 : 0.4441"
"37,39 : 0.2263"
"39,37 : 0.2263"
"37,40 : 0.103"
"40,37 : 0.103"
"37,41 : 0.2563"
"41,37 : 0.2563"
"37,42 : 0.5235"
"42,37 : 0.5235"
"37,43 : 0.4903"
"43,37 : 0.4903"
"37,44 : 0.6351"
"44,37 : 0.6351"
"37,45 : 0.3176"
"45,37 : 0.3176"
"37,46 : 0.5201"
"46,37 : 0.5201"
"37,47 : 0.4429"
"47,37 : 0.4429"
"37,48 : 0.3231"
"48,37 : 0.3231"
"37,49 : 0.3302"
"49,37 : 0.3302"
"38,39 : 0.6391"
"39,38 : 0.6391"
"38,40 : 0.5124"
"40,38 : 0.5124"
"38,41 : 0.2022"
"41,38 : 0.2022"
"38,42 : 0.7658"
"42,38 : 0.7658"
"38,43 : 0.6381"
"43,38 : 0.6381"
"38,44 : 0.191"
"44,38 : 0.191"
"38,45 : 0.7256"
"45,38 : 0.7256"
"38,46 : 0.3812"
"46,38 : 0.3812"
"38,47 : 0.1581"
"47,38 : 0.1581"
"38,48 : 0.7424"
"48,38 : 0.7424"
"38,49 : 0.7716"
"49,38 : 0.7716"
"39,40 : 0.1304"
"40,39 : 0.1304"
"39,41 : 0.4717"
"41,39 : 0.4717"
"39,42 : 0.3736"
"42,39 : 0.3736"
"39,43 : 0.4123"
"43,39 : 0.4123"
"39,44 : 0.8257"
"44,39 : 0.8257"
"39,45 : 0.3324"
"45,39 : 0.3324"
"39,46 : 0.592"
"46,39 : 0.592"
"39,47 : 0.6629"
"47,39 : 0.6629"
"39,48 : 0.313"
"48,39 : 0.313"
"39,49 : 0.2404"
"49,39 : 0.2404"
"40,41 : 0.3413"
"41,40 : 0.3413"
"40,42 : 0.4301"
"42,40 : 0.4301"
"40,43 : 0.4179"
"43,40 : 0.4179"
"40,44 : 0.7009"
"44,40 : 0.7009"
"40,45 : 0.3324"
"45,40 : 0.3324"
"40,46 : 0.5143"
"46,40 : 0.5143"
"40,47 : 0.5325"
"47,40 : 0.5325"
"40,48 : 0.3265"
"48,40 : 0.3265"
"40,49 : 0.2973"
"49,40 : 0.2973"
"41,42 : 0.6798"
"42,41 : 0.6798"
"41,43 : 0.5869"
"43,41 : 0.5869"
"41,44 : 0.3901"
"44,41 : 0.3901"
"41,45 : 0.5235"
"45,41 : 0.5235"
"41,46 : 0.4438"
"46,41 : 0.4438"
"41,47 : 0.1921"
"47,41 : 0.1921"
"41,48 : 0.5408"
"48,41 : 0.5408"
"41,49 : 0.5756"
"49,41 : 0.5756"
"42,43 : 0.1649"
"43,42 : 0.1649"
"42,44 : 0.9144"
"44,42 : 0.9144"
"42,45 : 0.7052"
"45,42 : 0.7052"
"42,46 : 0.5108"
"46,42 : 0.5108"
"42,47 : 0.8576"
"47,42 : 0.8576"
"42,48 : 0.6835"
"48,42 : 0.6835"
