x,y
0.62,0.13
0.89,0.03
0.39,0.39
0.22,0.17
0.39,0.49
0.08,0.74
0.27,0.59
0.32,0.57
0.69,0.67
0.66,0.3
0.33,0.37
0.66,0.35
0.18,0.69
0.19,0.88
0.08,0.97
0.25,0.71
0.14,0.66
0.69,0.31
0.85,0.69
0.41,0.03
0.96,0.15
0.65,0.96
0.93,0.05
0.73,0.44
0.42,0.7
0.8,0.45
0.13,0.88
0.16,0.65
0.47,0.26
0.73,0.15
0.32,0.67
0.38,0.42
0.46,0.99
0.36,0.97
0.93,0.36
0.26,0.9
0.27,0.58
0.07,0.84
0.22,0.2
0.04,0.29
0.4,0.28
0.05,0.57
0.91,0.52
0.92,0.81
0.79,0.36
0.37,0.32
0.98,0.37
0.35,0.24
0.66,0.61
0.94,0.69

Distanze
"0,1 : 0.2879"
"1,0 : 0.2879"
"0,2 : 0.3471"
"2,0 : 0.3471"
"0,3 : 0.402"
"3,0 : 0.402"
"0,4 : 0.4272"
"4,0 : 0.4272"
"0,5 : 0.8147"
"5,0 : 0.8147"
"0,6 : 0.578"
"6,0 : 0.578"
"0,7 : 0.5325"
"7,0 : 0.5325"
"0,8 : 0.5445"
"8,0 : 0.5445"
"0,9 : 0.1746"
"9,0 : 0.1746"
"0,10 : 0.3764"
"10,0 : 0.3764"
"0,11 : 0.2236"
"11,0 : 0.2236"
"0,12 : 0.7122"
"12,0 : 0.7122"
"0,13 : 0.8645"
"13,0 : 0.8645"
"0,14 : 0.9986"
"14,0 : 0.9986"
"0,15 : 0.688"
"15,0 : 0.688"
"0,16 : 0.7151"
"16,0 : 0.7151"
"0,17 : 0.1931"
"17,0 : 0.1931"
"0,18 : 0.6054"
"18,0 : 0.6054"
"0,19 : 0.2326"
"19,0 : 0.2326"
"0,20 : 0.3406"
"20,0 : 0.3406"
"0,21 : 0.8305"
"21,0 : 0.8305"
"0,22 : 0.3202"
"22,0 : 0.3202"
"0,23 : 0.3289"
"23,0 : 0.3289"
"0,24 : 0.6041"
"24,0 : 0.6041"
"0,25 : 0.3672"
"25,0 : 0.3672"
"0,26 : 0.8959"
"26,0 : 0.8959"
"0,27 : 0.6943"
"27,0 : 0.6943"
"0,28 : 0.1985"
"28,0 : 0.1985"
"0,29 : 0.1118"
"29,0 : 0.1118"
"0,30 : 0.6177"
"30,0 : 0.6177"
"0,31 : 0.3764"
"31,0 : 0.3764"
"0,32 : 0.8748"
"32,0 : 0.8748"
"0,33 : 0.8793"
"33,0 : 0.8793"
"0,34 : 0.386"
"34,0 : 0.386"
"0,35 : 0.85"
"35,0 : 0.85"
"0,36 : 0.5701"
"36,0 : 0.5701"
"0,37 : 0.8981"
"37,0 : 0.8981"
"0,38 : 0.4061"
"38,0 : 0.4061"
"0,39 : 0.6017"
"39,0 : 0.6017"
"0,40 : 0.2663"
"40,0 : 0.2663"
"0,41 : 0.7201"
"41,0 : 0.7201"
"0,42 : 0.486"
"42,0 : 0.486"
"0,43 : 0.7432"
"43,0 : 0.7432"
"0,44 : 0.286"
"44,0 : 0.286"
"0,45 : 0.314"
"45,0 : 0.314"
"0,46 : 0.4327"
"46,0 : 0.4327"
"0,47 : 0.2915"
"47,0 : 0.2915"
"0,48 : 0.4817"
"48,0 : 0.4817"
"0,49 : 0.645"
"49,0 : 0.645"
"1,2 : 0.6161"
"2,1 : 0.6161"
"1,3 : 0.6845"
"3,1 : 0.6845"
"1,4 : 0.6794"
"4,1 : 0.6794"
"1,5 : 1.0771"
"5,1 : 1.0771"
"1,6 : 0.8355"
"6,1 : 0.8355"
"1,7 : 0.7852"
"7,1 : 0.7852"
"1,8 : 0.6705"
"8,1 : 0.6705"
"1,9 : 0.3547"
"9,1 : 0.3547"
"1,10 : 0.6551"
"10,1 : 0.6551"
"1,11 : 0.3941"
"11,1 : 0.3941"
"1,12 : 0.9694"
"12,1 : 0.9694"
"1,13 : 1.1011"
"13,1 : 1.1011"
"1,14 : 1.2408"
"14,1 : 1.2408"
"1,15 : 0.9338"
"15,1 : 0.9338"
"1,16 : 0.9795"
"16,1 : 0.9795"
"1,17 : 0.3441"
"17,1 : 0.3441"
"1,18 : 0.6612"
"18,1 : 0.6612"
"1,19 : 0.48"
"19,1 : 0.48"
"1,20 : 0.1389"
"20,1 : 0.1389"
"1,21 : 0.9605"
"21,1 : 0.9605"
"1,22 : 0.0447"
"22,1 : 0.0447"
"1,23 : 0.4401"
"23,1 : 0.4401"
"1,24 : 0.8184"
"24,1 : 0.8184"
"1,25 : 0.4295"
"25,1 : 0.4295"
"1,26 : 1.1402"
"26,1 : 1.1402"
"1,27 : 0.9578"
"27,1 : 0.9578"
"1,28 : 0.4789"
"28,1 : 0.4789"
"1,29 : 0.2"
"29,1 : 0.2"
"1,30 : 0.857"
"30,1 : 0.857"
"1,31 : 0.642"
"31,1 : 0.642"
"1,32 : 1.0519"
"32,1 : 1.0519"
"1,33 : 1.0791"
"33,1 : 1.0791"
"1,34 : 0.3324"
"34,1 : 0.3324"
"1,35 : 1.0742"
"35,1 : 1.0742"
"1,36 : 0.8288"
"36,1 : 0.8288"
"1,37 : 1.1526"
"37,1 : 1.1526"
"1,38 : 0.6912"
"38,1 : 0.6912"
"1,39 : 0.8889"
"39,1 : 0.8889"
"1,40 : 0.5501"
"40,1 : 0.5501"
"1,41 : 0.9986"
"41,1 : 0.9986"
"1,42 : 0.4904"
"42,1 : 0.4904"
"1,43 : 0.7806"
"43,1 : 0.7806"
"1,44 : 0.3448"
"44,1 : 0.3448"
"1,45 : 0.5954"
"45,1 : 0.5954"
"1,46 : 0.3517"
"46,1 : 0.3517"
"1,47 : 0.5794"
"47,1 : 0.5794"
"1,48 : 0.6239"
"48,1 : 0.6239"
"1,49 : 0.6619"
"49,1 : 0.6619"
"2,3 : 0.278"
"3,2 : 0.278"
"2,4 : 0.1"
"4,2 : 0.1"
"2,5 : 0.4675"
"5,2 : 0.4675"
"2,6 : 0.2332"
"6,2 : 0.2332"
"2,7 : 0.1931"
"7,2 : 0.1931"
"2,8 : 0.4104"
"8,2 : 0.4104"
"2,9 : 0.2846"
"9,2 : 0.2846"
"2,10 : 0.0632"
"10,2 : 0.0632"
"2,11 : 0.2729"
"11,2 : 0.2729"
"2,12 : 0.3662"
"12,2 : 0.3662"
"2,13 : 0.5292"
"13,2 : 0.5292"
"2,14 : 0.6576"
"14,2 : 0.6576"
"2,15 : 0.3493"
"15,2 : 0.3493"
"2,16 : 0.368"
"16,2 : 0.368"
"2,17 : 0.3105"
"17,2 : 0.3105"
"2,18 : 0.5492"
"18,2 : 0.5492"
"2,19 : 0.3606"
"19,2 : 0.3606"
"2,20 : 0.6185"
"20,2 : 0.6185"
"2,21 : 0.6265"
"21,2 : 0.6265"
"2,22 : 0.6381"
"22,2 : 0.6381"
"2,23 : 0.3437"
"23,2 : 0.3437"
"2,24 : 0.3114"
"24,2 : 0.3114"
"2,25 : 0.4144"
"25,2 : 0.4144"
"2,26 : 0.5547"
"26,2 : 0.5547"
"2,27 : 0.3471"
"27,2 : 0.3471"
"2,28 : 0.1526"
"28,2 : 0.1526"
"2,29 : 0.4162"
"29,2 : 0.4162"
"2,30 : 0.2886"
"30,2 : 0.2886"
"2,31 : 0.0316"
"31,2 : 0.0316"
"2,32 : 0.6041"
"32,2 : 0.6041"
"2,33 : 0.5808"
"33,2 : 0.5808"
"2,34 : 0.5408"
"34,2 : 0.5408"
"2,35 : 0.5263"
"35,2 : 0.5263"
"2,36 : 0.2247"
"36,2 : 0.2247"
"2,37 : 0.5522"
"37,2 : 0.5522"
"2,38 : 0.255"
"38,2 : 0.255"
"2,39 : 0.364"
"39,2 : 0.364"
"2,40 : 0.1105"
"40,2 : 0.1105"
"2,41 : 0.3847"
"41,2 : 0.3847"
"2,42 : 0.536"
"42,2 : 0.536"
"2,43 : 0.6762"
"43,2 : 0.6762"
"2,44 : 0.4011"
"44,2 : 0.4011"
"2,45 : 0.0728"
"45,2 : 0.0728"
"2,46 : 0.5903"
"46,2 : 0.5903"
"2,47 : 0.1552"
"47,2 : 0.1552"
"2,48 : 0.3483"
"48,2 : 0.3483"
"2,49 : 0.6265"
"49,2 : 0.6265"
"3,4 : 0.3624"
"4,3 : 0.3624"
"3,5 : 0.5869"
"5,3 : 0.5869"
"3,6 : 0.423"
"6,3 : 0.423"
"3,7 : 0.4123"
"7,3 : 0.4123"
"3,8 : 0.6862"
"8,3 : 0.6862"
"3,9 : 0.4588"
"9,3 : 0.4588"
"3,10 : 0.2283"
"10,3 : 0.2283"
"3,11 : 0.4754"
"11,3 : 0.4754"
"3,12 : 0.5215"
"12,3 : 0.5215"
"3,13 : 0.7106"
"13,3 : 0.7106"
"3,14 : 0.8122"
"14,3 : 0.8122"
"3,15 : 0.5408"
"15,3 : 0.5408"
"3,16 : 0.4965"
"16,3 : 0.4965"
"3,17 : 0.4904"
"17,3 : 0.4904"
"3,18 : 0.8169"
"18,3 : 0.8169"
"3,19 : 0.236"
"19,3 : 0.236"
"3,20 : 0.7403"
"20,3 : 0.7403"
"3,21 : 0.8994"
"21,3 : 0.8994"
"3,22 : 0.7201"
"22,3 : 0.7201"
"3,23 : 0.5771"
"23,3 : 0.5771"
"3,24 : 0.5665"
"24,3 : 0.5665"
"3,25 : 0.644"
"25,3 : 0.644"
"3,26 : 0.7157"
"26,3 : 0.7157"
"3,27 : 0.4837"
"27,3 : 0.4837"
"3,28 : 0.2657"
"28,3 : 0.2657"
"3,29 : 0.5104"
"29,3 : 0.5104"
"3,30 : 0.5099"
"30,3 : 0.5099"
"3,31 : 0.2968"
"31,3 : 0.2968"
"3,32 : 0.8544"
"32,3 : 0.8544"
"3,33 : 0.8122"
"33,3 : 0.8122"
"3,34 : 0.735"
"34,3 : 0.735"
"3,35 : 0.7311"
"35,3 : 0.7311"
"3,36 : 0.413"
"36,3 : 0.413"
"3,37 : 0.6866"
"37,3 : 0.6866"
"3,38 : 0.03"
"38,3 : 0.03"
"3,39 : 0.2163"
"39,3 : 0.2163"
"3,40 : 0.211"
"40,3 : 0.211"
"3,41 : 0.4346"
"41,3 : 0.4346"
"3,42 : 0.7737"
"42,3 : 0.7737"
"3,43 : 0.9485"
"43,3 : 0.9485"
"3,44 : 0.6008"
"44,3 : 0.6008"
"3,45 : 0.2121"
"45,3 : 0.2121"
"3,46 : 0.7859"
"46,3 : 0.7859"
"3,47 : 0.1476"
"47,3 : 0.1476"
"3,48 : 0.6223"
"48,3 : 0.6223"
"3,49 : 0.8881"
"49,3 : 0.8881"
"4,5 : 0.3982"
"5,4 : 0.3982"
"4,6 : 0.1562"
"6,4 : 0.1562"
"4,7 : 0.1063"
"7,4 : 0.1063"
"4,8 : 0.3499"
"8,4 : 0.3499"
"4,9 : 0.3302"
"9,4 : 0.3302"
"4,10 : 0.1342"
"10,4 : 0.1342"
"4,11 : 0.3041"
"11,4 : 0.3041"
"4,12 : 0.29"
"12,4 : 0.29"
"4,13 : 0.4383"
"13,4 : 0.4383"
"4,14 : 0.5714"
"14,4 : 0.5714"
"4,15 : 0.2608"
"15,4 : 0.2608"
"4,16 : 0.3023"
"16,4 : 0.3023"
"4,17 : 0.3499"
"17,4 : 0.3499"
"4,18 : 0.5016"
"18,4 : 0.5016"
"4,19 : 0.4604"
"19,4 : 0.4604"
"4,20 : 0.6637"
"20,4 : 0.6637"
"4,21 : 0.5371"
"21,4 : 0.5371"
"4,22 : 0.6966"
"22,4 : 0.6966"
"4,23 : 0.3437"
"23,4 : 0.3437"
"4,24 : 0.2121"
"24,4 : 0.2121"
"4,25 : 0.4119"
"25,4 : 0.4119"
"4,26 : 0.4687"
"26,4 : 0.4687"
"4,27 : 0.2802"
"27,4 : 0.2802"
"4,28 : 0.2435"
"28,4 : 0.2435"
"4,29 : 0.4808"
"29,4 : 0.4808"
"4,30 : 0.1931"
"30,4 : 0.1931"
"4,31 : 0.0707"
"31,4 : 0.0707"
"4,32 : 0.5049"
"32,4 : 0.5049"
"4,33 : 0.4809"
"33,4 : 0.4809"
"4,34 : 0.5554"
"34,4 : 0.5554"
"4,35 : 0.4301"
"35,4 : 0.4301"
"4,36 : 0.15"
"36,4 : 0.15"
"4,37 : 0.4742"
"37,4 : 0.4742"
"4,38 : 0.3362"
"38,4 : 0.3362"
"4,39 : 0.4031"
"39,4 : 0.4031"
"4,40 : 0.2102"
"40,4 : 0.2102"
"4,41 : 0.3493"
"41,4 : 0.3493"
"4,42 : 0.5209"
"42,4 : 0.5209"
"4,43 : 0.6191"
"43,4 : 0.6191"
"4,44 : 0.4206"
"44,4 : 0.4206"
"4,45 : 0.1712"
"45,4 : 0.1712"
"4,46 : 0.6021"
"46,4 : 0.6021"
"4,47 : 0.2532"
"47,4 : 0.2532"
"4,48 : 0.2955"
"48,4 : 0.2955"
"4,49 : 0.5852"
"49,4 : 0.5852"
"5,6 : 0.2421"
"6,5 : 0.2421"
"5,7 : 0.2941"
"7,5 : 0.2941"
"5,8 : 0.614"
"8,5 : 0.614"
"5,9 : 0.728"
"9,5 : 0.728"
"5,10 : 0.4465"
"10,5 : 0.4465"
"5,11 : 0.6989"
"11,5 : 0.6989"
"5,12 : 0.1118"
"12,5 : 0.1118"
"5,13 : 0.178"
"13,5 : 0.178"
"5,14 : 0.23"
"14,5 : 0.23"
"5,15 : 0.1726"
"15,5 : 0.1726"
"5,16 : 0.1"
"16,5 : 0.1"
"5,17 : 0.7463"
"17,5 : 0.7463"
"5,18 : 0.7716"
"18,5 : 0.7716"
"5,19 : 0.7829"
"19,5 : 0.7829"
"5,20 : 1.0595"
"20,5 : 1.0595"
"5,21 : 0.611"
"21,5 : 0.611"
"5,22 : 1.0948"
"22,5 : 1.0948"
"5,23 : 0.7159"
"23,5 : 0.7159"
"5,24 : 0.3423"
"24,5 : 0.3423"
"5,25 : 0.7762"
"25,5 : 0.7762"
"5,26 : 0.1487"
"26,5 : 0.1487"
"5,27 : 0.1204"
"27,5 : 0.1204"
"5,28 : 0.6185"
"28,5 : 0.6185"
"5,29 : 0.8778"
"29,5 : 0.8778"
"5,30 : 0.25"
"30,5 : 0.25"
"5,31 : 0.4386"
"31,5 : 0.4386"
"5,32 : 0.4549"
"32,5 : 0.4549"
"5,33 : 0.3624"
"33,5 : 0.3624"
"5,34 : 0.9311"
"34,5 : 0.9311"
"5,35 : 0.2408"
"35,5 : 0.2408"
"5,36 : 0.2484"
"36,5 : 0.2484"
"5,37 : 0.1005"
"37,5 : 0.1005"
"5,38 : 0.5579"
"38,5 : 0.5579"
"5,39 : 0.4518"
"39,5 : 0.4518"
"5,40 : 0.5604"
"40,5 : 0.5604"
"5,41 : 0.1726"
"41,5 : 0.1726"
"5,42 : 0.8587"
"42,5 : 0.8587"
"5,43 : 0.8429"
"43,5 : 0.8429"
"5,44 : 0.8053"
"44,5 : 0.8053"
"5,45 : 0.5104"
"45,5 : 0.5104"
"5,46 : 0.9731"
"46,5 : 0.9731"
"5,47 : 0.5682"
"47,5 : 0.5682"
"5,48 : 0.5944"
"48,5 : 0.5944"
"5,49 : 0.8615"
"49,5 : 0.8615"
"6,7 : 0.0539"
"7,6 : 0.0539"
"6,8 : 0.4276"
"8,6 : 0.4276"
"6,9 : 0.486"
"9,6 : 0.486"
"6,10 : 0.228"
"10,6 : 0.228"
"6,11 : 0.4579"
"11,6 : 0.4579"
"6,12 : 0.1345"
"12,6 : 0.1345"
"6,13 : 0.3008"
"13,6 : 0.3008"
"6,14 : 0.4249"
"14,6 : 0.4249"
"6,15 : 0.1217"
"15,6 : 0.1217"
"6,16 : 0.1476"
"16,6 : 0.1476"
"6,17 : 0.5048"
"17,6 : 0.5048"
"6,18 : 0.5886"
"18,6 : 0.5886"
"6,19 : 0.5772"
"19,6 : 0.5772"
"6,20 : 0.8184"
"20,6 : 0.8184"
"6,21 : 0.5304"
"21,6 : 0.5304"
"6,22 : 0.8528"
"22,6 : 0.8528"
"6,23 : 0.4838"
"23,6 : 0.4838"
"6,24 : 0.186"
"24,6 : 0.186"
"6,25 : 0.5482"
"25,6 : 0.5482"
"6,26 : 0.322"
"26,6 : 0.322"
"6,27 : 0.1253"
"27,6 : 0.1253"
"6,28 : 0.3859"
"28,6 : 0.3859"
"6,29 : 0.6366"
"29,6 : 0.6366"
"6,30 : 0.0943"
"30,6 : 0.0943"
"6,31 : 0.2025"
"31,6 : 0.2025"
"6,32 : 0.4428"
"32,6 : 0.4428"
"6,33 : 0.3905"
"33,6 : 0.3905"
"6,34 : 0.6989"
"34,6 : 0.6989"
"6,35 : 0.3102"
"35,6 : 0.3102"
"6,36 : 0.01"
"36,6 : 0.01"
"6,37 : 0.3202"
"37,6 : 0.3202"
"6,38 : 0.3932"
"38,6 : 0.3932"
"6,39 : 0.378"
"39,6 : 0.378"
"6,40 : 0.3362"
"40,6 : 0.3362"
"6,41 : 0.2209"
"41,6 : 0.2209"
"6,42 : 0.6438"
"42,6 : 0.6438"
"6,43 : 0.6862"
"43,6 : 0.6862"
"6,44 : 0.5686"
"44,6 : 0.5686"
"6,45 : 0.2879"
"45,6 : 0.2879"
"6,46 : 0.7433"
"46,6 : 0.7433"
"6,47 : 0.359"
"47,6 : 0.359"
"6,48 : 0.3905"
"48,6 : 0.3905"
"6,49 : 0.6774"
"49,6 : 0.6774"
"7,8 : 0.3833"
"8,7 : 0.3833"
"7,9 : 0.4342"
"9,7 : 0.4342"
"7,10 : 0.2002"
"10,7 : 0.2002"
"7,11 : 0.405"
"11,7 : 0.405"
"7,12 : 0.1844"
"12,7 : 0.1844"
"7,13 : 0.3362"
"13,7 : 0.3362"
"7,14 : 0.4665"
"14,7 : 0.4665"
"7,15 : 0.1565"
"15,7 : 0.1565"
"7,16 : 0.2012"
"16,7 : 0.2012"
"7,17 : 0.4522"
"17,7 : 0.4522"
"7,18 : 0.5434"
"18,7 : 0.5434"
"7,19 : 0.5474"
"19,7 : 0.5474"
"7,20 : 0.7655"
"20,7 : 0.7655"
"7,21 : 0.5109"
"21,7 : 0.5109"
"7,22 : 0.8016"
"22,7 : 0.8016"
"7,23 : 0.4301"
"23,7 : 0.4301"
"7,24 : 0.164"
"24,7 : 0.164"
"7,25 : 0.4948"
"25,7 : 0.4948"
"7,26 : 0.3636"
"26,7 : 0.3636"
"7,27 : 0.1789"
"27,7 : 0.1789"
"7,28 : 0.3444"
"28,7 : 0.3444"
"7,29 : 0.5869"
"29,7 : 0.5869"
"7,30 : 0.1"
"30,7 : 0.1"
"7,31 : 0.1616"
"31,7 : 0.1616"
"7,32 : 0.4427"
"32,7 : 0.4427"
"7,33 : 0.402"
"33,7 : 0.402"
"7,34 : 0.6451"
"34,7 : 0.6451"
"7,35 : 0.3354"
"35,7 : 0.3354"
"7,36 : 0.051"
"36,7 : 0.051"
"7,37 : 0.368"
"37,7 : 0.368"
"7,38 : 0.3833"
"38,7 : 0.3833"
"7,39 : 0.396"
"39,7 : 0.396"
"7,40 : 0.3008"
"40,7 : 0.3008"
"7,41 : 0.27"
"41,7 : 0.27"
"7,42 : 0.5921"
"42,7 : 0.5921"
"7,43 : 0.6462"
"43,7 : 0.6462"
"7,44 : 0.5148"
"44,7 : 0.5148"
"7,45 : 0.255"
"45,7 : 0.255"
"7,46 : 0.6896"
"46,7 : 0.6896"
"7,47 : 0.3314"
"47,7 : 0.3314"
"7,48 : 0.3423"
"48,7 : 0.3423"
"7,49 : 0.6315"
"49,7 : 0.6315"
"8,9 : 0.3712"
"9,8 : 0.3712"
"8,10 : 0.4686"
"10,8 : 0.4686"
"8,11 : 0.3214"
"11,8 : 0.3214"
"8,12 : 0.5104"
"12,8 : 0.5104"
"8,13 : 0.5423"
"13,8 : 0.5423"
"8,14 : 0.6798"
"14,8 : 0.6798"
"8,15 : 0.4418"
"15,8 : 0.4418"
"8,16 : 0.5501"
"16,8 : 0.5501"
"8,17 : 0.36"
"17,8 : 0.36"
"8,18 : 0.1612"
"18,8 : 0.1612"
"8,19 : 0.6986"
"19,8 : 0.6986"
"8,20 : 0.5859"
"20,8 : 0.5859"
"8,21 : 0.2927"
"21,8 : 0.2927"
"8,22 : 0.6648"
"22,8 : 0.6648"
"8,23 : 0.2335"
"23,8 : 0.2335"
"8,24 : 0.2717"
"24,8 : 0.2717"
"8,25 : 0.246"
"25,8 : 0.246"
"8,26 : 0.5981"
"26,8 : 0.5981"
"8,27 : 0.5304"
"27,8 : 0.5304"
"8,28 : 0.4653"
"28,8 : 0.4653"
"8,29 : 0.5215"
"29,8 : 0.5215"
"8,30 : 0.37"
"30,8 : 0.37"
"8,31 : 0.3982"
"31,8 : 0.3982"
"8,32 : 0.3941"
"32,8 : 0.3941"
"8,33 : 0.446"
"33,8 : 0.446"
"8,34 : 0.392"
"34,8 : 0.392"
"8,35 : 0.4876"
"35,8 : 0.4876"
"8,36 : 0.4295"
"36,8 : 0.4295"
"8,37 : 0.6429"
"37,8 : 0.6429"
"8,38 : 0.6647"
"38,8 : 0.6647"
"8,39 : 0.7529"
"39,8 : 0.7529"
"8,40 : 0.486"
"40,8 : 0.486"
"8,41 : 0.6478"
"41,8 : 0.6478"
"8,42 : 0.2663"
"42,8 : 0.2663"
"8,43 : 0.2693"
"43,8 : 0.2693"
"8,44 : 0.3257"
"44,8 : 0.3257"
"8,45 : 0.4742"
"45,8 : 0.4742"
"8,46 : 0.4173"
"46,8 : 0.4173"
"8,47 : 0.5482"
"47,8 : 0.5482"
"8,48 : 0.0671"
"48,8 : 0.0671"
"8,49 : 0.2508"
"49,8 : 0.2508"
"9,10 : 0.3373"
"10,9 : 0.3373"
"9,11 : 0.05"
"11,9 : 0.05"
"9,12 : 0.6185"
"12,9 : 0.6185"
"9,13 : 0.7465"
"13,9 : 0.7465"
"9,14 : 0.8862"
"14,9 : 0.8862"
"9,15 : 0.5798"
"15,9 : 0.5798"
"9,16 : 0.6325"
"16,9 : 0.6325"
"9,17 : 0.0316"
"17,9 : 0.0316"
"9,18 : 0.4338"
"18,9 : 0.4338"
"9,19 : 0.368"
"19,9 : 0.368"
"9,20 : 0.3354"
"20,9 : 0.3354"
"9,21 : 0.6601"
"21,9 : 0.6601"
"9,22 : 0.368"
"22,9 : 0.368"
"9,23 : 0.1565"
"23,9 : 0.1565"
"9,24 : 0.4665"
"24,9 : 0.4665"
"9,25 : 0.2052"
"25,9 : 0.2052"
"9,26 : 0.7857"
"26,9 : 0.7857"
"9,27 : 0.6103"
"27,9 : 0.6103"
"9,28 : 0.1942"
"28,9 : 0.1942"
"9,29 : 0.1655"
"29,9 : 0.1655"
"9,30 : 0.5025"
"30,9 : 0.5025"
"9,31 : 0.3046"
"31,9 : 0.3046"
"9,32 : 0.7184"
"32,9 : 0.7184"
"9,33 : 0.7341"
"33,9 : 0.7341"
"9,34 : 0.2766"
"34,9 : 0.2766"
"9,35 : 0.7211"
"35,9 : 0.7211"
"9,36 : 0.4801"
"36,9 : 0.4801"
"9,37 : 0.7998"
"37,9 : 0.7998"
"9,38 : 0.4512"
"38,9 : 0.4512"
"9,39 : 0.6201"
"39,9 : 0.6201"
"9,40 : 0.2608"
"40,9 : 0.2608"
"9,41 : 0.6671"
"41,9 : 0.6671"
"9,42 : 0.333"
"42,9 : 0.333"
"9,43 : 0.5725"
"43,9 : 0.5725"
"9,44 : 0.1432"
"44,9 : 0.1432"
"9,45 : 0.2907"
"45,9 : 0.2907"
"9,46 : 0.3276"
"46,9 : 0.3276"
"9,47 : 0.3158"
"47,9 : 0.3158"
"9,48 : 0.31"
"48,9 : 0.31"
"9,49 : 0.4801"
"49,9 : 0.4801"
"10,11 : 0.3306"
"11,10 : 0.3306"
"10,12 : 0.3534"
"12,10 : 0.3534"
"10,13 : 0.5289"
"13,10 : 0.5289"
"10,14 : 0.65"
"14,10 : 0.65"
"10,15 : 0.3493"
"15,10 : 0.3493"
"10,16 : 0.3467"
"16,10 : 0.3467"
"10,17 : 0.365"
"17,10 : 0.365"
"10,18 : 0.6106"
"18,10 : 0.6106"
"10,19 : 0.3493"
"19,10 : 0.3493"
"10,20 : 0.6673"
"20,10 : 0.6673"
"10,21 : 0.6712"
"21,10 : 0.6712"
"10,22 : 0.68"
"22,10 : 0.68"
"10,23 : 0.4061"
"23,10 : 0.4061"
"10,24 : 0.3421"
"24,10 : 0.3421"
"10,25 : 0.4768"
"25,10 : 0.4768"
"10,26 : 0.5478"
"26,10 : 0.5478"
"10,27 : 0.3276"
"27,10 : 0.3276"
"10,28 : 0.178"
"28,10 : 0.178"
"10,29 : 0.4565"
"29,10 : 0.4565"
"10,30 : 0.3002"
"30,10 : 0.3002"
"10,31 : 0.0707"
"31,10 : 0.0707"
"10,32 : 0.6335"
"32,10 : 0.6335"
"10,33 : 0.6007"
"33,10 : 0.6007"
"10,34 : 0.6001"
"34,10 : 0.6001"
"10,35 : 0.5346"
"35,10 : 0.5346"
"10,36 : 0.2184"
"36,10 : 0.2184"
"10,37 : 0.5371"
"37,10 : 0.5371"
"10,38 : 0.2025"
"38,10 : 0.2025"
"10,39 : 0.3008"
"39,10 : 0.3008"
"10,40 : 0.114"
"40,10 : 0.114"
"10,41 : 0.3441"
"41,10 : 0.3441"
"10,42 : 0.5991"
"42,10 : 0.5991"
"10,43 : 0.736"
"43,10 : 0.736"
"10,44 : 0.4601"
"44,10 : 0.4601"
"10,45 : 0.064"
"45,10 : 0.064"
"10,46 : 0.65"
"46,10 : 0.65"
"10,47 : 0.1315"
"47,10 : 0.1315"
"10,48 : 0.408"
"48,10 : 0.408"
"10,49 : 0.6888"
"49,10 : 0.6888"
"11,12 : 0.5882"
"12,11 : 0.5882"
"11,13 : 0.7084"
"13,11 : 0.7084"
"11,14 : 0.849"
"14,11 : 0.849"
"11,15 : 0.5456"
"15,11 : 0.5456"
"11,16 : 0.6054"
"16,11 : 0.6054"
"11,17 : 0.05"
"17,11 : 0.05"
"11,18 : 0.3895"
"18,11 : 0.3895"
"11,19 : 0.4061"
"19,11 : 0.4061"
"11,20 : 0.3606"
"20,11 : 0.3606"
"11,21 : 0.6101"
"21,11 : 0.6101"
"11,22 : 0.4036"
"22,11 : 0.4036"
"11,23 : 0.114"
"23,11 : 0.114"
"11,24 : 0.4244"
"24,11 : 0.4244"
"11,25 : 0.172"
"25,11 : 0.172"
"11,26 : 0.7495"
"26,11 : 0.7495"
"11,27 : 0.5831"
"27,11 : 0.5831"
"11,28 : 0.2102"
"28,11 : 0.2102"
"11,29 : 0.2119"
"29,11 : 0.2119"
"11,30 : 0.4669"
"30,11 : 0.4669"
"11,31 : 0.2886"
"31,11 : 0.2886"
"11,32 : 0.6705"
"32,11 : 0.6705"
"11,33 : 0.6888"
"33,11 : 0.6888"
"11,34 : 0.2702"
"34,11 : 0.2702"
"11,35 : 0.6801"
"35,11 : 0.6801"
"11,36 : 0.4528"
"36,11 : 0.4528"
"11,37 : 0.7669"
"37,11 : 0.7669"
"11,38 : 0.4649"
"38,11 : 0.4649"
"11,39 : 0.6229"
"39,11 : 0.6229"
"11,40 : 0.2693"
"40,11 : 0.2693"
"11,41 : 0.6485"
"41,11 : 0.6485"
"11,42 : 0.3023"
"42,11 : 0.3023"
"11,43 : 0.5284"
"43,11 : 0.5284"
"11,44 : 0.1304"
"44,11 : 0.1304"
"11,45 : 0.2915"
"45,11 : 0.2915"
"11,46 : 0.3206"
"46,11 : 0.3206"
"11,47 : 0.3289"
"47,11 : 0.3289"
"11,48 : 0.26"
"48,11 : 0.26"
"11,49 : 0.4405"
"49,11 : 0.4405"
"12,13 : 0.1903"
"13,12 : 0.1903"
"12,14 : 0.2973"
"14,12 : 0.2973"
"12,15 : 0.0728"
"15,12 : 0.0728"
"12,16 : 0.05"
"16,12 : 0.05"
"12,17 : 0.636"
"17,12 : 0.636"
"12,18 : 0.67"
"18,12 : 0.67"
"12,19 : 0.6989"
"19,12 : 0.6989"
"12,20 : 0.9487"
"20,12 : 0.9487"
"12,21 : 0.542"
"21,12 : 0.542"
"12,22 : 0.986"
"22,12 : 0.986"
"12,23 : 0.6042"
"23,12 : 0.6042"
"12,24 : 0.2402"
"24,12 : 0.2402"
"12,25 : 0.6648"
"25,12 : 0.6648"
"12,26 : 0.1965"
"26,12 : 0.1965"
"12,27 : 0.0447"
"27,12 : 0.0447"
"12,28 : 0.5187"
"28,12 : 0.5187"
"12,29 : 0.7708"
"29,12 : 0.7708"
"12,30 : 0.1414"
"30,12 : 0.1414"
"12,31 : 0.336"
"31,12 : 0.336"
"12,32 : 0.4104"
"32,12 : 0.4104"
"12,33 : 0.3329"
"33,12 : 0.3329"
"12,34 : 0.8194"
"34,12 : 0.8194"
"12,35 : 0.2247"
"35,12 : 0.2247"
"12,36 : 0.1421"
"36,12 : 0.1421"
"12,37 : 0.186"
"37,12 : 0.186"
"12,38 : 0.4916"
"38,12 : 0.4916"
"12,39 : 0.4238"
"39,12 : 0.4238"
"12,40 : 0.4653"
"40,12 : 0.4653"
"12,41 : 0.1769"
"41,12 : 0.1769"
"12,42 : 0.7495"
"42,12 : 0.7495"
"12,43 : 0.7497"
"43,12 : 0.7497"
"12,44 : 0.6935"
"44,12 : 0.6935"
"12,45 : 0.4159"
"45,12 : 0.4159"
"12,46 : 0.8616"
"46,12 : 0.8616"
"12,47 : 0.481"
"47,12 : 0.481"
"12,48 : 0.4866"
"48,12 : 0.4866"
"12,49 : 0.76"
"49,12 : 0.76"
"13,14 : 0.1421"
"14,13 : 0.1421"
"13,15 : 0.1803"
"15,13 : 0.1803"
"13,16 : 0.2256"
"16,13 : 0.2256"
"13,17 : 0.7582"
"17,13 : 0.7582"
"13,18 : 0.6868"
"18,13 : 0.6868"
"13,19 : 0.878"
"19,13 : 0.878"
"13,20 : 1.061"
"20,13 : 1.061"
"13,21 : 0.4669"
"21,13 : 0.4669"
"13,22 : 1.112"
"22,13 : 1.112"
"13,23 : 0.6966"
"23,13 : 0.6966"
"13,24 : 0.2921"
"24,13 : 0.2921"
"13,25 : 0.7463"
"25,13 : 0.7463"
"13,26 : 0.06"
"26,13 : 0.06"
"13,27 : 0.2319"
"27,13 : 0.2319"
"13,28 : 0.6803"
"28,13 : 0.6803"
"13,29 : 0.908"
"29,13 : 0.908"
"13,30 : 0.247"
"30,13 : 0.247"
"13,31 : 0.4977"
"31,13 : 0.4977"
"13,32 : 0.2915"
"32,13 : 0.2915"
"13,33 : 0.1924"
"33,13 : 0.1924"
"13,34 : 0.9044"
"34,13 : 0.9044"
"13,35 : 0.0728"
"35,13 : 0.0728"
"13,36 : 0.3105"
"36,13 : 0.3105"
"13,37 : 0.1265"
"37,13 : 0.1265"
"13,38 : 0.6807"
"38,13 : 0.6807"
"13,39 : 0.6088"
"39,13 : 0.6088"
"13,40 : 0.6357"
"40,13 : 0.6357"
"13,41 : 0.3401"
"41,13 : 0.3401"
"13,42 : 0.805"
"42,13 : 0.805"
"13,43 : 0.7333"
"43,13 : 0.7333"
"13,44 : 0.794"
"44,13 : 0.794"
"13,45 : 0.5882"
"45,13 : 0.5882"
"13,46 : 0.9403"
"46,13 : 0.9403"
"13,47 : 0.6597"
"47,13 : 0.6597"
"13,48 : 0.542"
"48,13 : 0.542"
"13,49 : 0.7737"
"49,13 : 0.7737"
"14,15 : 0.3106"
"15,14 : 0.3106"
"14,16 : 0.3158"
"16,14 : 0.3158"
"14,17 : 0.8987"
"17,14 : 0.8987"
"14,18 : 0.8193"
"18,14 : 0.8193"
"14,19 : 0.9962"
"19,14 : 0.9962"
"14,20 : 1.2028"
"20,14 : 1.2028"
"14,21 : 0.5701"
"21,14 : 0.5701"
"14,22 : 1.2526"
"22,14 : 1.2526"
"14,23 : 0.8387"
"23,14 : 0.8387"
"14,24 : 0.4342"
"24,14 : 0.4342"
"14,25 : 0.8881"
"25,14 : 0.8881"
"14,26 : 0.103"
"26,14 : 0.103"
"14,27 : 0.3298"
"27,14 : 0.3298"
"14,28 : 0.8101"
"28,14 : 0.8101"
"14,29 : 1.0464"
"29,14 : 1.0464"
"14,30 : 0.3842"
"30,14 : 0.3842"
"14,31 : 0.6265"
"31,14 : 0.6265"
"14,32 : 0.3805"
"32,14 : 0.3805"
"14,33 : 0.28"
"33,14 : 0.28"
"14,34 : 1.0462"
"34,14 : 1.0462"
"14,35 : 0.1931"
"35,14 : 0.1931"
"14,36 : 0.4338"
"36,14 : 0.4338"
"14,37 : 0.1304"
"37,14 : 0.1304"
"14,38 : 0.7826"
"38,14 : 0.7826"
"14,39 : 0.6812"
"39,14 : 0.6812"
"14,40 : 0.7606"
"40,14 : 0.7606"
"14,41 : 0.4011"
"41,14 : 0.4011"
"14,42 : 0.9441"
"42,14 : 0.9441"
"14,43 : 0.8551"
"43,14 : 0.8551"
"14,44 : 0.9361"
"44,14 : 0.9361"
"14,45 : 0.7118"
"45,14 : 0.7118"
"14,46 : 1.0817"
"46,14 : 1.0817"
"14,47 : 0.7783"
"47,14 : 0.7783"
"14,48 : 0.6826"
"48,14 : 0.6826"
"14,49 : 0.9044"
"49,14 : 0.9044"
"15,16 : 0.1208"
"16,15 : 0.1208"
"15,17 : 0.5946"
"17,15 : 0.5946"
"15,18 : 0.6003"
"18,15 : 0.6003"
"15,19 : 0.6986"
"19,15 : 0.6986"
"15,20 : 0.9043"
"20,15 : 0.9043"
"15,21 : 0.4717"
"21,15 : 0.4717"
"15,22 : 0.9476"
"22,15 : 0.9476"
"15,23 : 0.5507"
"23,15 : 0.5507"
"15,24 : 0.1703"
"24,15 : 0.1703"
"15,25 : 0.6084"
"25,15 : 0.6084"
"15,26 : 0.2081"
"26,15 : 0.2081"
"15,27 : 0.1082"
"27,15 : 0.1082"
"15,28 : 0.5009"
"28,15 : 0.5009"
"15,29 : 0.7376"
"29,15 : 0.7376"
"15,30 : 0.0806"
"30,15 : 0.0806"
"15,31 : 0.3178"
"31,15 : 0.3178"
"15,32 : 0.35"
"32,15 : 0.35"
"15,33 : 0.2823"
"33,15 : 0.2823"
"15,34 : 0.7648"
"34,15 : 0.7648"
"15,35 : 0.1903"
"35,15 : 0.1903"
"15,36 : 0.1315"
"36,15 : 0.1315"
"15,37 : 0.222"
"37,15 : 0.222"
"15,38 : 0.5109"
"38,15 : 0.5109"
"15,39 : 0.4696"
"39,15 : 0.4696"
"15,40 : 0.4554"
"40,15 : 0.4554"
"15,41 : 0.2441"
"41,15 : 0.2441"
"15,42 : 0.6868"
"42,15 : 0.6868"
"15,43 : 0.6774"
"43,15 : 0.6774"
"15,44 : 0.6435"
"44,15 : 0.6435"
"15,45 : 0.408"
"45,15 : 0.408"
"15,46 : 0.8053"
"46,15 : 0.8053"
"15,47 : 0.4805"
"47,15 : 0.4805"
"15,48 : 0.422"
"48,15 : 0.422"
"15,49 : 0.6903"
"49,15 : 0.6903"
"16,17 : 0.6519"
"17,16 : 0.6519"
"16,18 : 0.7106"
"18,16 : 0.7106"
"16,19 : 0.6854"
"19,16 : 0.6854"
"16,20 : 0.9657"
"20,16 : 0.9657"
"16,21 : 0.5917"
"21,16 : 0.5917"
"16,22 : 0.9981"
"22,16 : 0.9981"
"16,23 : 0.6297"
"23,16 : 0.6297"
"16,24 : 0.2828"
"24,16 : 0.2828"
"16,25 : 0.6926"
"25,16 : 0.6926"
"16,26 : 0.2202"
"26,16 : 0.2202"
"16,27 : 0.0224"
"27,16 : 0.0224"
"16,28 : 0.5186"
"28,16 : 0.5186"
"16,29 : 0.7799"
"29,16 : 0.7799"
"16,30 : 0.1803"
"30,16 : 0.1803"
"16,31 : 0.3394"
"31,16 : 0.3394"
"16,32 : 0.4597"
"32,16 : 0.4597"
"16,33 : 0.3801"
"33,16 : 0.3801"
"16,34 : 0.845"
"34,16 : 0.845"
"16,35 : 0.2683"
"35,16 : 0.2683"
"16,36 : 0.1526"
"36,16 : 0.1526"
"16,37 : 0.1931"
"37,16 : 0.1931"
"16,38 : 0.4669"
"38,16 : 0.4669"
"16,39 : 0.3833"
"39,16 : 0.3833"
"16,40 : 0.4604"
"40,16 : 0.4604"
"16,41 : 0.1273"
"41,16 : 0.1273"
"16,42 : 0.7826"
"42,16 : 0.7826"
"16,43 : 0.7943"
"43,16 : 0.7943"
"16,44 : 0.7159"
"44,16 : 0.7159"
"16,45 : 0.4105"
"45,16 : 0.4105"
"16,46 : 0.8887"
"46,16 : 0.8887"
"16,47 : 0.4696"
"47,16 : 0.4696"
"16,48 : 0.5224"
"48,16 : 0.5224"
"16,49 : 0.8006"
"49,16 : 0.8006"
"17,18 : 0.4123"
"18,17 : 0.4123"
"17,19 : 0.396"
"19,17 : 0.396"
"17,20 : 0.3138"
"20,17 : 0.3138"
"17,21 : 0.6512"
"21,17 : 0.6512"
"17,22 : 0.3538"
"22,17 : 0.3538"
"17,23 : 0.136"
"23,17 : 0.136"
"17,24 : 0.4743"
"24,17 : 0.4743"
"17,25 : 0.178"
"25,17 : 0.178"
"17,26 : 0.7991"
"26,17 : 0.7991"
"17,27 : 0.6297"
"27,17 : 0.6297"
"17,28 : 0.2256"
"28,17 : 0.2256"
"17,29 : 0.1649"
"29,17 : 0.1649"
"17,30 : 0.5162"
"30,17 : 0.5162"
"17,31 : 0.3289"
"31,17 : 0.3289"
"17,32 : 0.7178"
"32,17 : 0.7178"
"17,33 : 0.7379"
"33,17 : 0.7379"
"17,34 : 0.2452"
"34,17 : 0.2452"
"17,35 : 0.7301"
"35,17 : 0.7301"
"17,36 : 0.4993"
"36,17 : 0.4993"
"17,37 : 0.8157"
"37,17 : 0.8157"
"17,38 : 0.4827"
"38,17 : 0.4827"
"17,39 : 0.6503"
"39,17 : 0.6503"
"17,40 : 0.2915"
"40,17 : 0.2915"
"17,41 : 0.6908"
"41,17 : 0.6908"
"17,42 : 0.3041"
"42,17 : 0.3041"
"17,43 : 0.5504"
"43,17 : 0.5504"
"17,44 : 0.1118"
"44,17 : 0.1118"
"17,45 : 0.3202"
"45,17 : 0.3202"
"17,46 : 0.2961"
"46,17 : 0.2961"
"17,47 : 0.3471"
"47,17 : 0.3471"
"17,48 : 0.3015"
"48,17 : 0.3015"
"17,49 : 0.4549"
"49,17 : 0.4549"
"18,19 : 0.7932"
"19,18 : 0.7932"
"18,20 : 0.5511"
"20,18 : 0.5511"
"18,21 : 0.336"
"21,18 : 0.336"
"18,22 : 0.645"
"22,18 : 0.645"
"18,23 : 0.2773"
"23,18 : 0.2773"
"18,24 : 0.4301"
"24,18 : 0.4301"
"18,25 : 0.2452"
"25,18 : 0.2452"
"18,26 : 0.7446"
"26,18 : 0.7446"
"18,27 : 0.6912"
"27,18 : 0.6912"
"18,28 : 0.5738"
"28,18 : 0.5738"
"18,29 : 0.5532"
"29,18 : 0.5532"
"18,30 : 0.5304"
"30,18 : 0.5304"
"18,31 : 0.542"
"31,18 : 0.542"
"18,32 : 0.492"
"32,18 : 0.492"
"18,33 : 0.5644"
"33,18 : 0.5644"
"18,34 : 0.3396"
"34,18 : 0.3396"
"18,35 : 0.6263"
"35,18 : 0.6263"
"18,36 : 0.5903"
"36,18 : 0.5903"
"18,37 : 0.7943"
"37,18 : 0.7943"
"18,38 : 0.7981"
"38,18 : 0.7981"
"18,39 : 0.9034"
"39,18 : 0.9034"
"18,40 : 0.6088"
"40,18 : 0.6088"
"18,41 : 0.8089"
"41,18 : 0.8089"
"18,42 : 0.1803"
"42,18 : 0.1803"
"18,43 : 0.1389"
"43,18 : 0.1389"
"18,44 : 0.3354"
"44,18 : 0.3354"
"18,45 : 0.6061"
"45,18 : 0.6061"
"18,46 : 0.3454"
"46,18 : 0.3454"
"18,47 : 0.6727"
"47,18 : 0.6727"
"18,48 : 0.2062"
"48,18 : 0.2062"
"18,49 : 0.09"
"49,18 : 0.09"
"19,20 : 0.5629"
"20,19 : 0.5629"
"19,21 : 0.9605"
"21,19 : 0.9605"
"19,22 : 0.5204"
"22,19 : 0.5204"
"19,23 : 0.5201"
"23,19 : 0.5201"
"19,24 : 0.6701"
"24,19 : 0.6701"
"19,25 : 0.5731"
"25,19 : 0.5731"
"19,26 : 0.8949"
"26,19 : 0.8949"
"19,27 : 0.6685"
"27,19 : 0.6685"
"19,28 : 0.2377"
"28,19 : 0.2377"
"19,29 : 0.3418"
"29,19 : 0.3418"
"19,30 : 0.6463"
"30,19 : 0.6463"
"19,31 : 0.3912"
"31,19 : 0.3912"
"19,32 : 0.9613"
"32,19 : 0.9613"
"19,33 : 0.9413"
"33,19 : 0.9413"
"19,34 : 0.6159"
"34,19 : 0.6159"
"19,35 : 0.8828"
"35,19 : 0.8828"
"19,36 : 0.5675"
"36,19 : 0.5675"
"19,37 : 0.8785"
"37,19 : 0.8785"
"19,38 : 0.255"
"38,19 : 0.255"
"19,39 : 0.4522"
"39,19 : 0.4522"
"19,40 : 0.2502"
"40,19 : 0.2502"
"19,41 : 0.649"
"41,19 : 0.649"
"19,42 : 0.7001"
"42,19 : 0.7001"
"19,43 : 0.9319"
"43,19 : 0.9319"
"19,44 : 0.5033"
"44,19 : 0.5033"
"19,45 : 0.2927"
"45,19 : 0.2927"
"19,46 : 0.6637"
"46,19 : 0.6637"
"19,47 : 0.2184"
"47,19 : 0.2184"
"19,48 : 0.6316"
"48,19 : 0.6316"
"19,49 : 0.8465"
"49,19 : 0.8465"
"20,21 : 0.8673"
"21,20 : 0.8673"
"20,22 : 0.1044"
"22,20 : 0.1044"
"20,23 : 0.3701"
"23,20 : 0.3701"
"20,24 : 0.7708"
"24,20 : 0.7708"
"20,25 : 0.34"
"25,20 : 0.34"
"20,26 : 1.1054"
"26,20 : 1.1054"
"20,27 : 0.9434"
"27,20 : 0.9434"
"20,28 : 0.5022"
"28,20 : 0.5022"
"20,29 : 0.23"
"29,20 : 0.23"
"20,30 : 0.8246"
"30,20 : 0.8246"
"20,31 : 0.6398"
"31,20 : 0.6398"
"20,32 : 0.9775"
"32,20 : 0.9775"
"20,33 : 1.0161"
"33,20 : 1.0161"
"20,34 : 0.2121"
"34,20 : 0.2121"
"20,35 : 1.0259"
"35,20 : 1.0259"
"20,36 : 0.813"
"36,20 : 0.813"
"20,37 : 1.1261"
"37,20 : 1.1261"
"20,38 : 0.7417"
"38,20 : 0.7417"
"20,39 : 0.9306"
"39,20 : 0.9306"
"20,40 : 0.5749"
"40,20 : 0.5749"
"20,41 : 1.0022"
"41,20 : 1.0022"
"20,42 : 0.3734"
"42,20 : 0.3734"
"20,43 : 0.6612"
"43,20 : 0.6612"
"20,44 : 0.2702"
"44,20 : 0.2702"
"20,45 : 0.614"
"45,20 : 0.614"
"20,46 : 0.2209"
"46,20 : 0.2209"
"20,47 : 0.6166"
"47,20 : 0.6166"
"20,48 : 0.5492"
"48,20 : 0.5492"
"20,49 : 0.5404"
"49,20 : 0.5404"
"21,22 : 0.9521"
"22,21 : 0.9521"
"21,23 : 0.5261"
"23,21 : 0.5261"
"21,24 : 0.3471"
"24,21 : 0.3471"
"21,25 : 0.5316"
"25,21 : 0.5316"
"21,26 : 0.5261"
"26,21 : 0.5261"
"21,27 : 0.5798"
"27,21 : 0.5798"
"21,28 : 0.7228"
"28,21 : 0.7228"
"21,29 : 0.8139"
"29,21 : 0.8139"
"21,30 : 0.4393"
"30,21 : 0.4393"
"21,31 : 0.6037"
"31,21 : 0.6037"
"21,32 : 0.1924"
"32,21 : 0.1924"
"21,33 : 0.2902"
"33,21 : 0.2902"
"21,34 : 0.6621"
"34,21 : 0.6621"
"21,35 : 0.3946"
"35,21 : 0.3946"
"21,36 : 0.5374"
"36,21 : 0.5374"
"21,37 : 0.5923"
"37,21 : 0.5923"
"21,38 : 0.8732"
"38,21 : 0.8732"
"21,39 : 0.9061"
"39,21 : 0.9061"
"21,40 : 0.7245"
"40,21 : 0.7245"
"21,41 : 0.7156"
"41,21 : 0.7156"
"21,42 : 0.5111"
"42,21 : 0.5111"
"21,43 : 0.3089"
"43,21 : 0.3089"
"21,44 : 0.6161"
"44,21 : 0.6161"
"21,45 : 0.6986"
"45,21 : 0.6986"
"21,46 : 0.676"
"46,21 : 0.676"
"21,47 : 0.78"
"47,21 : 0.78"
"21,48 : 0.3501"
"48,21 : 0.3501"
"21,49 : 0.3962"
"49,21 : 0.3962"
"22,23 : 0.4383"
"23,22 : 0.4383"
"22,24 : 0.8262"
"24,22 : 0.8262"
"22,25 : 0.4206"
"25,22 : 0.4206"
"22,26 : 1.1528"
"26,22 : 1.1528"
"22,27 : 0.9762"
"27,22 : 0.9762"
"22,28 : 0.5057"
"28,22 : 0.5057"
"22,29 : 0.2236"
"29,22 : 0.2236"
"22,30 : 0.8698"
"30,22 : 0.8698"
"22,31 : 0.6629"
"31,22 : 0.6629"
"22,32 : 1.051"
"32,22 : 1.051"
"22,33 : 1.0823"
"33,22 : 1.0823"
"22,34 : 0.31"
"34,22 : 0.31"
"22,35 : 1.0823"
"35,22 : 1.0823"
"22,36 : 0.8465"
"36,22 : 0.8465"
"22,37 : 1.1678"
"37,22 : 1.1678"
"22,38 : 0.7257"
"38,22 : 0.7257"
"22,39 : 0.9218"
"39,22 : 0.9218"
"22,40 : 0.5778"
"40,22 : 0.5778"
"22,41 : 1.0222"
"41,22 : 1.0222"
"22,42 : 0.4704"
"42,22 : 0.4704"
"22,43 : 0.7601"
"43,22 : 0.7601"
"22,44 : 0.3401"
"44,22 : 0.3401"
"22,45 : 0.6217"
"45,22 : 0.6217"
"22,46 : 0.3239"
"46,22 : 0.3239"
"22,47 : 0.6103"
"47,22 : 0.6103"
"22,48 : 0.6217"
"48,22 : 0.6217"
"22,49 : 0.6401"
"49,22 : 0.6401"
"23,24 : 0.4046"
"24,23 : 0.4046"
"23,25 : 0.0707"
"25,23 : 0.0707"
"23,26 : 0.744"
"26,23 : 0.744"
"23,27 : 0.6075"
"27,23 : 0.6075"
"23,28 : 0.3162"
"28,23 : 0.3162"
"23,29 : 0.29"
"29,23 : 0.29"
"23,30 : 0.4701"
"30,23 : 0.4701"
"23,31 : 0.3506"
"31,23 : 0.3506"
"23,32 : 0.6127"
"32,23 : 0.6127"
"23,33 : 0.6464"
"33,23 : 0.6464"
"23,34 : 0.2154"
"34,23 : 0.2154"
"23,35 : 0.6576"
"35,23 : 0.6576"
"23,36 : 0.4808"
"36,23 : 0.4808"
"23,37 : 0.7718"
"37,23 : 0.7718"
"23,38 : 0.5636"
"38,23 : 0.5636"
"23,39 : 0.7061"
"39,23 : 0.7061"
"23,40 : 0.3667"
"40,23 : 0.3667"
"23,41 : 0.6923"
"41,23 : 0.6923"
"23,42 : 0.197"
"42,23 : 0.197"
"23,43 : 0.4159"
"43,23 : 0.4159"
"23,44 : 0.1"
"44,23 : 0.1"
"23,45 : 0.3795"
"45,23 : 0.3795"
"23,46 : 0.2596"
"46,23 : 0.2596"
"23,47 : 0.4294"
"47,23 : 0.4294"
"23,48 : 0.1838"
"48,23 : 0.1838"
"23,49 : 0.3265"
"49,23 : 0.3265"
"24,25 : 0.4549"
"25,24 : 0.4549"
"24,26 : 0.3413"
"26,24 : 0.3413"
"24,27 : 0.2648"
"27,24 : 0.2648"
"24,28 : 0.4428"
"28,24 : 0.4428"
"24,29 : 0.6313"
"29,24 : 0.6313"
"24,30 : 0.1044"
"30,24 : 0.1044"
"24,31 : 0.2828"
"31,24 : 0.2828"
"24,32 : 0.2927"
"32,24 : 0.2927"
"24,33 : 0.2766"
"33,24 : 0.2766"
"24,34 : 0.6129"
"34,24 : 0.6129"
"24,35 : 0.2561"
"35,24 : 0.2561"
"24,36 : 0.1921"
"36,24 : 0.1921"
"24,37 : 0.377"
"37,24 : 0.377"
"24,38 : 0.5385"
"38,24 : 0.5385"
"24,39 : 0.559"
"39,24 : 0.559"
"24,40 : 0.4205"
"40,24 : 0.4205"
"24,41 : 0.3922"
"41,24 : 0.3922"
"24,42 : 0.522"
"42,24 : 0.522"
"24,43 : 0.512"
"43,24 : 0.512"
"24,44 : 0.5025"
"44,24 : 0.5025"
"24,45 : 0.3833"
"45,24 : 0.3833"
"24,46 : 0.65"
"46,24 : 0.65"
"24,47 : 0.4653"
"47,24 : 0.4653"
"24,48 : 0.2563"
"48,24 : 0.2563"
"24,49 : 0.5201"
"49,24 : 0.5201"
"25,26 : 0.7961"
"26,25 : 0.7961"
"25,27 : 0.6705"
"27,25 : 0.6705"
"25,28 : 0.3808"
"28,25 : 0.3808"
"25,29 : 0.3081"
"29,25 : 0.3081"
"25,30 : 0.528"
"30,25 : 0.528"
"25,31 : 0.4211"
"31,25 : 0.4211"
"25,32 : 0.6381"
"32,25 : 0.6381"
"25,33 : 0.6812"
"33,25 : 0.6812"
"25,34 : 0.1581"
"34,25 : 0.1581"
"25,35 : 0.7029"
"35,25 : 0.7029"
"25,36 : 0.5457"
"36,25 : 0.5457"
"25,37 : 0.8276"
"37,25 : 0.8276"
"25,38 : 0.6316"
"38,25 : 0.6316"
"25,39 : 0.7767"
"39,25 : 0.7767"
"25,40 : 0.4346"
"40,25 : 0.4346"
"25,41 : 0.7595"
"41,25 : 0.7595"
"25,42 : 0.1304"
"42,25 : 0.1304"
"25,43 : 0.3795"
"43,25 : 0.3795"
"25,44 : 0.0906"
"44,25 : 0.0906"
"25,45 : 0.4492"
"45,25 : 0.4492"
"25,46 : 0.197"
"46,25 : 0.197"
"25,47 : 0.4966"
"47,25 : 0.4966"
"25,48 : 0.2126"
"48,25 : 0.2126"
"25,49 : 0.2778"
"49,25 : 0.2778"
"26,27 : 0.2319"
"27,26 : 0.2319"
"26,28 : 0.7071"
"28,26 : 0.7071"
"26,29 : 0.9449"
"29,26 : 0.9449"
"26,30 : 0.2832"
"30,26 : 0.2832"
"26,31 : 0.5235"
"31,26 : 0.5235"
"26,32 : 0.3479"
"32,26 : 0.3479"
"26,33 : 0.247"
"33,26 : 0.247"
"26,34 : 0.9541"
"34,26 : 0.9541"
"26,35 : 0.1315"
"35,26 : 0.1315"
"26,36 : 0.3311"
"36,26 : 0.3311"
"26,37 : 0.0721"
"37,26 : 0.0721"
"26,38 : 0.6859"
"38,26 : 0.6859"
"26,39 : 0.5968"
"39,26 : 0.5968"
"26,40 : 0.658"
"40,26 : 0.658"
"26,41 : 0.3202"
"41,26 : 0.3202"
"26,42 : 0.8591"
"42,26 : 0.8591"
"26,43 : 0.7931"
"43,26 : 0.7931"
"26,44 : 0.8402"
"44,26 : 0.8402"
"26,45 : 0.6093"
"45,26 : 0.6093"
"26,46 : 0.9913"
"46,26 : 0.9913"
"26,47 : 0.6768"
"47,26 : 0.6768"
"26,48 : 0.5948"
"48,26 : 0.5948"
"26,49 : 0.832"
"49,26 : 0.832"
"27,28 : 0.4982"
"28,27 : 0.4982"
"27,29 : 0.7582"
"29,27 : 0.7582"
"27,30 : 0.1612"
"30,27 : 0.1612"
"27,31 : 0.3183"
"31,27 : 0.3183"
"27,32 : 0.4534"
"32,27 : 0.4534"
"27,33 : 0.3774"
"33,27 : 0.3774"
"27,34 : 0.8228"
"34,27 : 0.8228"
"27,35 : 0.2693"
"35,27 : 0.2693"
"27,36 : 0.1304"
"36,27 : 0.1304"
"27,37 : 0.2102"
"37,27 : 0.2102"
"27,38 : 0.454"
"38,27 : 0.454"
"27,39 : 0.3795"
"39,27 : 0.3795"
"27,40 : 0.441"
"40,27 : 0.441"
"27,41 : 0.136"
"41,27 : 0.136"
"27,42 : 0.7612"
"42,27 : 0.7612"
"27,43 : 0.7767"
"43,27 : 0.7767"
"27,44 : 0.6935"
"44,27 : 0.6935"
"27,45 : 0.3912"
"45,27 : 0.3912"
"27,46 : 0.8665"
"46,27 : 0.8665"
"27,47 : 0.4519"
"47,27 : 0.4519"
"27,48 : 0.5016"
"48,27 : 0.5016"
"27,49 : 0.781"
"49,27 : 0.781"
"28,29 : 0.2823"
"29,28 : 0.2823"
"28,30 : 0.4366"
"30,28 : 0.4366"
"28,31 : 0.1836"
"31,28 : 0.1836"
"28,32 : 0.7301"
"32,28 : 0.7301"
"28,33 : 0.7185"
"33,28 : 0.7185"
"28,34 : 0.4707"
"34,28 : 0.4707"
"28,35 : 0.6736"
"35,28 : 0.6736"
"28,36 : 0.3774"
"36,28 : 0.3774"
"28,37 : 0.7046"
"37,28 : 0.7046"
"28,38 : 0.2571"
"38,28 : 0.2571"
"28,39 : 0.431"
"39,28 : 0.431"
"28,40 : 0.0728"
"40,28 : 0.0728"
"28,41 : 0.522"
"41,28 : 0.522"
"28,42 : 0.5111"
"42,28 : 0.5111"
"28,43 : 0.7106"
"43,28 : 0.7106"
"28,44 : 0.3353"
"44,28 : 0.3353"
"28,45 : 0.1166"
"45,28 : 0.1166"
"28,46 : 0.5217"
"46,28 : 0.5217"
"28,47 : 0.1217"
"47,28 : 0.1217"
"28,48 : 0.3982"
"48,28 : 0.3982"
"28,49 : 0.637"
"49,28 : 0.637"
"29,30 : 0.6622"
"30,29 : 0.6622"
"29,31 : 0.442"
"31,29 : 0.442"
"29,32 : 0.8823"
"32,29 : 0.8823"
"29,33 : 0.8996"
"33,29 : 0.8996"
"29,34 : 0.29"
"34,29 : 0.29"
"29,35 : 0.8851"
"35,29 : 0.8851"
"29,36 : 0.6297"
"36,29 : 0.6297"
"29,37 : 0.9548"
"37,29 : 0.9548"
"29,38 : 0.5124"
"38,29 : 0.5124"
"29,39 : 0.7041"
"39,29 : 0.7041"
"29,40 : 0.3547"
"40,29 : 0.3547"
"29,41 : 0.7992"
"41,29 : 0.7992"
"29,42 : 0.4115"
"42,29 : 0.4115"
"29,43 : 0.6868"
"43,29 : 0.6868"
"29,44 : 0.2184"
"44,29 : 0.2184"
"29,45 : 0.3981"
"45,29 : 0.3981"
"29,46 : 0.333"
"46,29 : 0.333"
"29,47 : 0.3905"
"47,29 : 0.3905"
"29,48 : 0.4653"
"48,29 : 0.4653"
"29,49 : 0.5794"
"49,29 : 0.5794"
"30,31 : 0.2571"
"31,30 : 0.2571"
"30,32 : 0.3493"
"32,30 : 0.3493"
"30,33 : 0.3027"
"33,30 : 0.3027"
"30,34 : 0.6843"
"34,30 : 0.6843"
"30,35 : 0.2377"
"35,30 : 0.2377"
"30,36 : 0.103"
"36,30 : 0.103"
"30,37 : 0.3023"
"37,30 : 0.3023"
"30,38 : 0.4805"
"38,30 : 0.4805"
"30,39 : 0.472"
"39,30 : 0.472"
"30,40 : 0.3981"
"40,30 : 0.3981"
"30,41 : 0.2879"
"41,30 : 0.2879"
"30,42 : 0.6088"
"42,30 : 0.6088"
"30,43 : 0.6161"
"43,30 : 0.6161"
"30,44 : 0.563"
"44,30 : 0.563"
"30,45 : 0.3536"
"45,30 : 0.3536"
"30,46 : 0.725"
"46,30 : 0.725"
"30,47 : 0.431"
"47,30 : 0.431"
"30,48 : 0.3453"
"48,30 : 0.3453"
"30,49 : 0.6203"
"49,30 : 0.6203"
"31,32 : 0.5756"
"32,31 : 0.5756"
"31,33 : 0.5504"
"33,31 : 0.5504"
"31,34 : 0.5533"
"34,31 : 0.5533"
"31,35 : 0.4948"
"35,31 : 0.4948"
"31,36 : 0.1942"
"36,31 : 0.1942"
"31,37 : 0.522"
"37,31 : 0.522"
"31,38 : 0.272"
"38,31 : 0.272"
"31,39 : 0.364"
"39,31 : 0.364"
"31,40 : 0.1414"
"40,31 : 0.1414"
"31,41 : 0.3625"
"41,31 : 0.3625"
"31,42 : 0.5394"
"42,31 : 0.5394"
"31,43 : 0.6661"
"43,31 : 0.6661"
"31,44 : 0.4144"
"44,31 : 0.4144"
"31,45 : 0.1005"
"45,31 : 0.1005"
"31,46 : 0.6021"
"46,31 : 0.6021"
"31,47 : 0.1825"
"47,31 : 0.1825"
"31,48 : 0.3384"
"48,31 : 0.3384"
"31,49 : 0.6217"
"49,31 : 0.6217"
"32,33 : 0.102"
"33,32 : 0.102"
"32,34 : 0.786"
"34,32 : 0.786"
"32,35 : 0.2193"
"35,32 : 0.2193"
"32,36 : 0.4519"
"36,32 : 0.4519"
"32,37 : 0.4179"
"37,32 : 0.4179"
"32,38 : 0.8257"
"38,32 : 0.8257"
"32,39 : 0.8163"
"39,32 : 0.8163"
"32,40 : 0.7125"
"40,32 : 0.7125"
"32,41 : 0.5869"
"41,32 : 0.5869"
"32,42 : 0.6507"
"42,32 : 0.6507"
"32,43 : 0.494"
"43,32 : 0.494"
"32,44 : 0.7112"
"44,32 : 0.7112"
"32,45 : 0.676"
"45,32 : 0.676"
"32,46 : 0.8092"
"46,32 : 0.8092"
"32,47 : 0.758"
"47,32 : 0.758"
"32,48 : 0.4294"
"48,32 : 0.4294"
"32,49 : 0.566"
"49,32 : 0.566"
"33,34 : 0.8349"
"34,33 : 0.8349"
"33,35 : 0.1221"
"35,33 : 0.1221"
"33,36 : 0.4002"
"36,33 : 0.4002"
"33,37 : 0.3178"
"37,33 : 0.3178"
"33,38 : 0.7826"
"38,33 : 0.7826"
"33,39 : 0.7515"
"39,33 : 0.7515"
"33,40 : 0.6912"
"40,33 : 0.6912"
"33,41 : 0.5061"
"41,33 : 0.5061"
"33,42 : 0.7106"
"42,33 : 0.7106"
"33,43 : 0.5824"
"43,33 : 0.5824"
"33,44 : 0.7463"
"44,33 : 0.7463"
"33,45 : 0.6501"
"45,33 : 0.6501"
"33,46 : 0.8628"
"46,33 : 0.8628"
"33,47 : 0.7301"
"47,33 : 0.7301"
"33,48 : 0.4686"
"48,33 : 0.4686"
"33,49 : 0.644"
"49,33 : 0.644"
"34,35 : 0.8605"
"35,34 : 0.8605"
"34,36 : 0.6957"
"36,34 : 0.6957"
"34,37 : 0.9849"
"37,34 : 0.9849"
"34,38 : 0.7278"
"38,34 : 0.7278"
"34,39 : 0.8927"
"39,34 : 0.8927"
"34,40 : 0.536"
"40,34 : 0.536"
"34,41 : 0.9047"
"41,34 : 0.9047"
"34,42 : 0.1612"
"42,34 : 0.1612"
"34,43 : 0.4501"
"43,34 : 0.4501"
"34,44 : 0.14"
"44,34 : 0.14"
"34,45 : 0.5614"
"45,34 : 0.5614"
"34,46 : 0.051"
"46,34 : 0.051"
"34,47 : 0.5923"
"47,34 : 0.5923"
"34,48 : 0.368"
"48,34 : 0.368"
"34,49 : 0.3302"
"49,34 : 0.3302"
"35,36 : 0.3202"
"36,35 : 0.3202"
"35,37 : 0.1992"
"37,35 : 0.1992"
"35,38 : 0.7011"
"38,35 : 0.7011"
"35,39 : 0.6485"
"39,35 : 0.6485"
"35,40 : 0.6356"
"40,35 : 0.6356"
"35,41 : 0.3912"
"41,35 : 0.3912"
"35,42 : 0.7529"
"42,35 : 0.7529"
"35,43 : 0.6661"
"43,35 : 0.6661"
"35,44 : 0.7566"
"44,35 : 0.7566"
"35,45 : 0.5903"
"45,35 : 0.5903"
"35,46 : 0.894"
"46,35 : 0.894"
"35,47 : 0.6661"
"47,35 : 0.6661"
"35,48 : 0.4941"
"48,35 : 0.4941"
"35,49 : 0.7117"
"49,35 : 0.7117"
"36,37 : 0.328"
"37,36 : 0.328"
"36,38 : 0.3833"
"38,36 : 0.3833"
"36,39 : 0.3701"
"39,36 : 0.3701"
"36,40 : 0.327"
"40,36 : 0.327"
"36,41 : 0.2202"
"41,36 : 0.2202"
"36,42 : 0.6428"
"42,36 : 0.6428"
"36,43 : 0.6895"
"43,36 : 0.6895"
"36,44 : 0.5646"
"44,36 : 0.5646"
"36,45 : 0.2786"
"45,36 : 0.2786"
"36,46 : 0.7404"
"46,36 : 0.7404"
"36,47 : 0.3493"
"47,36 : 0.3493"
"36,48 : 0.3912"
"48,36 : 0.3912"
"36,49 : 0.679"
"49,36 : 0.679"
"37,38 : 0.6573"
"38,37 : 0.6573"
"37,39 : 0.5508"
"39,37 : 0.5508"
"37,40 : 0.65"
"40,37 : 0.65"
"37,41 : 0.2707"
"41,37 : 0.2707"
"37,42 : 0.8989"
"42,37 : 0.8989"
"37,43 : 0.8505"
"43,37 : 0.8505"
"37,44 : 0.8653"
"44,37 : 0.8653"
"37,45 : 0.6003"
"45,37 : 0.6003"
"37,46 : 1.0242"
"46,37 : 1.0242"
"37,47 : 0.6621"
"47,37 : 0.6621"
"37,48 : 0.6332"
"48,37 : 0.6332"
"37,49 : 0.8828"
"49,37 : 0.8828"
"38,39 : 0.2012"
"39,38 : 0.2012"
"38,40 : 0.197"
"40,38 : 0.197"
"38,41 : 0.4072"
"41,38 : 0.4072"
"38,42 : 0.7606"
"42,38 : 0.7606"
"38,43 : 0.9285"
"43,38 : 0.9285"
"38,44 : 0.592"
"44,38 : 0.592"
"38,45 : 0.1921"
"45,38 : 0.1921"
"38,46 : 0.7788"
"46,38 : 0.7788"
"38,47 : 0.136"
"47,38 : 0.136"
"38,48 : 0.6014"
"48,38 : 0.6014"
"38,49 : 0.8709"
"49,38 : 0.8709"
"39,40 : 0.3601"
"40,39 : 0.3601"
"39,41 : 0.2802"
"41,39 : 0.2802"
"39,42 : 0.8999"
"42,39 : 0.8999"
"39,43 : 1.0222"
"43,39 : 1.0222"
"39,44 : 0.7533"
"44,39 : 0.7533"
"39,45 : 0.3314"
"45,39 : 0.3314"
"39,46 : 0.9434"
"46,39 : 0.9434"
"39,47 : 0.314"
"47,39 : 0.314"
"39,48 : 0.6977"
"48,39 : 0.6977"
"39,49 : 0.9849"
"49,39 : 0.9849"
"40,41 : 0.4545"
"41,40 : 0.4545"
"40,42 : 0.5636"
"42,40 : 0.5636"
"40,43 : 0.7425"
"43,40 : 0.7425"
"40,44 : 0.3981"
"44,40 : 0.3981"
"40,45 : 0.05"
"45,40 : 0.05"
"40,46 : 0.5869"
"46,40 : 0.5869"
"40,47 : 0.064"
"47,40 : 0.064"
"40,48 : 0.4201"
"48,40 : 0.4201"
"40,49 : 0.678"
"49,40 : 0.678"
"41,42 : 0.8615"
"42,41 : 0.8615"
"41,43 : 0.9025"
"43,41 : 0.9025"
"41,44 : 0.7692"
"44,41 : 0.7692"
"41,45 : 0.4061"
"45,41 : 0.4061"
"41,46 : 0.9513"
"46,41 : 0.9513"
"41,47 : 0.446"
"47,41 : 0.446"
"41,48 : 0.6113"
"48,41 : 0.6113"
"41,49 : 0.8981"
"49,41 : 0.8981"
"42,43 : 0.2902"
"43,42 : 0.2902"
"42,44 : 0.2"
"44,42 : 0.2"
"42,45 : 0.5758"
"45,42 : 0.5758"
"42,46 : 0.1655"
"46,42 : 0.1655"
"42,47 : 0.6261"
"47,42 : 0.6261"
"42,48 : 0.2657"
"48,42 : 0.2657"
