x,y
0.87,0.07
0.8,0.37
0.74,0.59
0.17,0.24
0.51,0.5
0.88,0.2
0.98,0.35
0.66,0.35
0.17,0.41
0.85,0.2
0.7,0.2
0.93,0.09
0.14,0.0
0.93,0.96
0.26,0.05
0.11,0.13
0.97,0.84
0.58,0.29
0.8,0.28
0.99,0.78
0.22,0.38
0.01,0.29
0.13,0.79
0.01,0.61
0.04,0.51
0.55,0.68
0.25,1.0
0.06,0.12
0.9,0.3
0.94,0.34
0.94,0.06
0.37,0.61
0.72,0.31
0.43,0.08
0.55,0.3
0.32,0.63
0.58,0.41
0.11,0.84
0.78,0.06
0.75,0.51
0.01,0.4
0.08,0.67
0.52,0.77
0.67,0.54
0.68,0.11
0.53,0.86
0.18,0.47
0.44,0.44
0.87,0.76
0.32,0.18

Distanze
"0,1 : 0.3081"
"1,0 : 0.3081"
"0,2 : 0.536"
"2,0 : 0.536"
"0,3 : 0.7203"
"3,0 : 0.7203"
"0,4 : 0.5608"
"4,0 : 0.5608"
"0,5 : 0.1304"
"5,0 : 0.1304"
"0,6 : 0.3008"
"6,0 : 0.3008"
"0,7 : 0.35"
"7,0 : 0.35"
"0,8 : 0.7782"
"8,0 : 0.7782"
"0,9 : 0.1315"
"9,0 : 0.1315"
"0,10 : 0.214"
"10,0 : 0.214"
"0,11 : 0.0632"
"11,0 : 0.0632"
"0,12 : 0.7333"
"12,0 : 0.7333"
"0,13 : 0.892"
"13,0 : 0.892"
"0,14 : 0.6103"
"14,0 : 0.6103"
"0,15 : 0.7624"
"15,0 : 0.7624"
"0,16 : 0.7765"
"16,0 : 0.7765"
"0,17 : 0.364"
"17,0 : 0.364"
"0,18 : 0.2214"
"18,0 : 0.2214"
"0,19 : 0.7201"
"19,0 : 0.7201"
"0,20 : 0.7201"
"20,0 : 0.7201"
"0,21 : 0.8877"
"21,0 : 0.8877"
"0,22 : 1.0325"
"22,0 : 1.0325"
"0,23 : 1.0155"
"23,0 : 1.0155"
"0,24 : 0.9394"
"24,0 : 0.9394"
"0,25 : 0.6888"
"25,0 : 0.6888"
"0,26 : 1.1177"
"26,0 : 1.1177"
"0,27 : 0.8115"
"27,0 : 0.8115"
"0,28 : 0.2319"
"28,0 : 0.2319"
"0,29 : 0.2789"
"29,0 : 0.2789"
"0,30 : 0.0707"
"30,0 : 0.0707"
"0,31 : 0.7359"
"31,0 : 0.7359"
"0,32 : 0.283"
"32,0 : 0.283"
"0,33 : 0.4401"
"33,0 : 0.4401"
"0,34 : 0.3941"
"34,0 : 0.3941"
"0,35 : 0.7849"
"35,0 : 0.7849"
"0,36 : 0.4469"
"36,0 : 0.4469"
"0,37 : 1.0819"
"37,0 : 1.0819"
"0,38 : 0.0906"
"38,0 : 0.0906"
"0,39 : 0.4561"
"39,0 : 0.4561"
"0,40 : 0.9211"
"40,0 : 0.9211"
"0,41 : 0.992"
"41,0 : 0.992"
"0,42 : 0.7826"
"42,0 : 0.7826"
"0,43 : 0.5108"
"43,0 : 0.5108"
"0,44 : 0.1942"
"44,0 : 0.1942"
"0,45 : 0.8601"
"45,0 : 0.8601"
"0,46 : 0.7976"
"46,0 : 0.7976"
"0,47 : 0.5673"
"47,0 : 0.5673"
"0,48 : 0.69"
"48,0 : 0.69"
"0,49 : 0.5609"
"49,0 : 0.5609"
"1,2 : 0.228"
"2,1 : 0.228"
"1,3 : 0.6433"
"3,1 : 0.6433"
"1,4 : 0.3178"
"4,1 : 0.3178"
"1,5 : 0.1879"
"5,1 : 0.1879"
"1,6 : 0.1811"
"6,1 : 0.1811"
"1,7 : 0.1414"
"7,1 : 0.1414"
"1,8 : 0.6313"
"8,1 : 0.6313"
"1,9 : 0.1772"
"9,1 : 0.1772"
"1,10 : 0.1972"
"10,1 : 0.1972"
"1,11 : 0.3087"
"11,1 : 0.3087"
"1,12 : 0.7566"
"12,1 : 0.7566"
"1,13 : 0.6042"
"13,1 : 0.6042"
"1,14 : 0.6277"
"14,1 : 0.6277"
"1,15 : 0.7305"
"15,1 : 0.7305"
"1,16 : 0.4998"
"16,1 : 0.4998"
"1,17 : 0.2341"
"17,1 : 0.2341"
"1,18 : 0.09"
"18,1 : 0.09"
"1,19 : 0.4519"
"19,1 : 0.4519"
"1,20 : 0.5801"
"20,1 : 0.5801"
"1,21 : 0.794"
"21,1 : 0.794"
"1,22 : 0.7908"
"22,1 : 0.7908"
"1,23 : 0.8257"
"23,1 : 0.8257"
"1,24 : 0.7728"
"24,1 : 0.7728"
"1,25 : 0.3982"
"25,1 : 0.3982"
"1,26 : 0.8363"
"26,1 : 0.8363"
"1,27 : 0.7811"
"27,1 : 0.7811"
"1,28 : 0.1221"
"28,1 : 0.1221"
"1,29 : 0.1432"
"29,1 : 0.1432"
"1,30 : 0.3401"
"30,1 : 0.3401"
"1,31 : 0.4924"
"31,1 : 0.4924"
"1,32 : 0.1"
"32,1 : 0.1"
"1,33 : 0.4701"
"33,1 : 0.4701"
"1,34 : 0.2596"
"34,1 : 0.2596"
"1,35 : 0.5459"
"35,1 : 0.5459"
"1,36 : 0.2236"
"36,1 : 0.2236"
"1,37 : 0.8349"
"37,1 : 0.8349"
"1,38 : 0.3106"
"38,1 : 0.3106"
"1,39 : 0.1487"
"39,1 : 0.1487"
"1,40 : 0.7906"
"40,1 : 0.7906"
"1,41 : 0.78"
"41,1 : 0.78"
"1,42 : 0.4883"
"42,1 : 0.4883"
"1,43 : 0.214"
"43,1 : 0.214"
"1,44 : 0.2864"
"44,1 : 0.2864"
"1,45 : 0.5595"
"45,1 : 0.5595"
"1,46 : 0.628"
"46,1 : 0.628"
"1,47 : 0.3667"
"47,1 : 0.3667"
"1,48 : 0.3962"
"48,1 : 0.3962"
"1,49 : 0.5162"
"49,1 : 0.5162"
"2,3 : 0.6689"
"3,2 : 0.6689"
"2,4 : 0.247"
"4,2 : 0.247"
"2,5 : 0.4144"
"5,2 : 0.4144"
"2,6 : 0.3394"
"6,2 : 0.3394"
"2,7 : 0.253"
"7,2 : 0.253"
"2,8 : 0.5977"
"8,2 : 0.5977"
"2,9 : 0.4052"
"9,2 : 0.4052"
"2,10 : 0.392"
"10,2 : 0.392"
"2,11 : 0.5349"
"11,2 : 0.5349"
"2,12 : 0.8415"
"12,2 : 0.8415"
"2,13 : 0.4159"
"13,2 : 0.4159"
"2,14 : 0.7225"
"14,2 : 0.7225"
"2,15 : 0.7801"
"15,2 : 0.7801"
"2,16 : 0.3397"
"16,2 : 0.3397"
"2,17 : 0.34"
"17,2 : 0.34"
"2,18 : 0.3158"
"18,2 : 0.3158"
"2,19 : 0.314"
"19,2 : 0.314"
"2,20 : 0.5608"
"20,2 : 0.5608"
"2,21 : 0.7892"
"21,2 : 0.7892"
"2,22 : 0.642"
"22,2 : 0.642"
"2,23 : 0.7303"
"23,2 : 0.7303"
"2,24 : 0.7046"
"24,2 : 0.7046"
"2,25 : 0.2102"
"25,2 : 0.2102"
"2,26 : 0.6389"
"26,2 : 0.6389"
"2,27 : 0.8266"
"27,2 : 0.8266"
"2,28 : 0.3312"
"28,2 : 0.3312"
"2,29 : 0.3202"
"29,2 : 0.3202"
"2,30 : 0.5665"
"30,2 : 0.5665"
"2,31 : 0.3705"
"31,2 : 0.3705"
"2,32 : 0.2807"
"32,2 : 0.2807"
"2,33 : 0.5968"
"33,2 : 0.5968"
"2,34 : 0.3467"
"34,2 : 0.3467"
"2,35 : 0.4219"
"35,2 : 0.4219"
"2,36 : 0.2408"
"36,2 : 0.2408"
"2,37 : 0.6778"
"37,2 : 0.6778"
"2,38 : 0.5315"
"38,2 : 0.5315"
"2,39 : 0.0806"
"39,2 : 0.0806"
"2,40 : 0.7543"
"40,2 : 0.7543"
"2,41 : 0.6648"
"41,2 : 0.6648"
"2,42 : 0.2843"
"42,2 : 0.2843"
"2,43 : 0.086"
"43,2 : 0.086"
"2,44 : 0.4837"
"44,2 : 0.4837"
"2,45 : 0.3421"
"45,2 : 0.3421"
"2,46 : 0.5727"
"46,2 : 0.5727"
"2,47 : 0.3354"
"47,2 : 0.3354"
"2,48 : 0.214"
"48,2 : 0.214"
"2,49 : 0.5869"
"49,2 : 0.5869"
"3,4 : 0.428"
"4,3 : 0.428"
"3,5 : 0.7111"
"5,3 : 0.7111"
"3,6 : 0.8174"
"6,3 : 0.8174"
"3,7 : 0.5022"
"7,3 : 0.5022"
"3,8 : 0.17"
"8,3 : 0.17"
"3,9 : 0.6812"
"9,3 : 0.6812"
"3,10 : 0.5315"
"10,3 : 0.5315"
"3,11 : 0.7747"
"11,3 : 0.7747"
"3,12 : 0.2419"
"12,3 : 0.2419"
"3,13 : 1.0469"
"13,3 : 1.0469"
"3,14 : 0.2102"
"14,3 : 0.2102"
"3,15 : 0.1253"
"15,3 : 0.1253"
"3,16 : 1.0"
"16,3 : 1.0"
"3,17 : 0.413"
"17,3 : 0.413"
"3,18 : 0.6313"
"18,3 : 0.6313"
"3,19 : 0.9818"
"19,3 : 0.9818"
"3,20 : 0.1487"
"20,3 : 0.1487"
"3,21 : 0.1676"
"21,3 : 0.1676"
"3,22 : 0.5515"
"22,3 : 0.5515"
"3,23 : 0.4031"
"23,3 : 0.4031"
"3,24 : 0.2997"
"24,3 : 0.2997"
"3,25 : 0.5814"
"25,3 : 0.5814"
"3,26 : 0.7642"
"26,3 : 0.7642"
"3,27 : 0.1628"
"27,3 : 0.1628"
"3,28 : 0.7325"
"28,3 : 0.7325"
"3,29 : 0.7765"
"29,3 : 0.7765"
"3,30 : 0.7908"
"30,3 : 0.7908"
"3,31 : 0.4206"
"31,3 : 0.4206"
"3,32 : 0.5544"
"32,3 : 0.5544"
"3,33 : 0.3053"
"33,3 : 0.3053"
"3,34 : 0.3847"
"34,3 : 0.3847"
"3,35 : 0.4179"
"35,3 : 0.4179"
"3,36 : 0.4438"
"36,3 : 0.4438"
"3,37 : 0.603"
"37,3 : 0.603"
"3,38 : 0.636"
"38,3 : 0.636"
"3,39 : 0.6398"
"39,3 : 0.6398"
"3,40 : 0.2263"
"40,3 : 0.2263"
"3,41 : 0.4393"
"41,3 : 0.4393"
"3,42 : 0.6351"
"42,3 : 0.6351"
"3,43 : 0.5831"
"43,3 : 0.5831"
"3,44 : 0.5263"
"44,3 : 0.5263"
"3,45 : 0.7169"
"45,3 : 0.7169"
"3,46 : 0.2302"
"46,3 : 0.2302"
"3,47 : 0.336"
"47,3 : 0.336"
"3,48 : 0.872"
"48,3 : 0.872"
"3,49 : 0.1616"
"49,3 : 0.1616"
"4,5 : 0.4763"
"5,4 : 0.4763"
"4,6 : 0.4934"
"6,4 : 0.4934"
"4,7 : 0.2121"
"7,4 : 0.2121"
"4,8 : 0.3517"
"8,4 : 0.3517"
"4,9 : 0.4534"
"9,4 : 0.4534"
"4,10 : 0.3551"
"10,4 : 0.3551"
"4,11 : 0.5869"
"11,4 : 0.5869"
"4,12 : 0.622"
"12,4 : 0.622"
"4,13 : 0.6229"
"13,4 : 0.6229"
"4,14 : 0.5148"
"14,4 : 0.5148"
"4,15 : 0.5449"
"15,4 : 0.5449"
"4,16 : 0.572"
"16,4 : 0.572"
"4,17 : 0.2214"
"17,4 : 0.2214"
"4,18 : 0.364"
"18,4 : 0.364"
"4,19 : 0.5557"
"19,4 : 0.5557"
"4,20 : 0.3138"
"20,4 : 0.3138"
"4,21 : 0.5423"
"21,4 : 0.5423"
"4,22 : 0.478"
"22,4 : 0.478"
"4,23 : 0.512"
"23,4 : 0.512"
"4,24 : 0.4701"
"24,4 : 0.4701"
"4,25 : 0.1844"
"25,4 : 0.1844"
"4,26 : 0.5636"
"26,4 : 0.5636"
"4,27 : 0.589"
"27,4 : 0.589"
"4,28 : 0.4383"
"28,4 : 0.4383"
"4,29 : 0.4588"
"29,4 : 0.4588"
"4,30 : 0.6152"
"30,4 : 0.6152"
"4,31 : 0.178"
"31,4 : 0.178"
"4,32 : 0.2832"
"32,4 : 0.2832"
"4,33 : 0.4276"
"33,4 : 0.4276"
"4,34 : 0.204"
"34,4 : 0.204"
"4,35 : 0.2302"
"35,4 : 0.2302"
"4,36 : 0.114"
"36,4 : 0.114"
"4,37 : 0.525"
"37,4 : 0.525"
"4,38 : 0.5162"
"38,4 : 0.5162"
"4,39 : 0.2402"
"39,4 : 0.2402"
"4,40 : 0.5099"
"40,4 : 0.5099"
"4,41 : 0.4624"
"41,4 : 0.4624"
"4,42 : 0.2702"
"42,4 : 0.2702"
"4,43 : 0.1649"
"43,4 : 0.1649"
"4,44 : 0.4254"
"44,4 : 0.4254"
"4,45 : 0.3606"
"45,4 : 0.3606"
"4,46 : 0.3314"
"46,4 : 0.3314"
"4,47 : 0.0922"
"47,4 : 0.0922"
"4,48 : 0.4441"
"48,4 : 0.4441"
"4,49 : 0.3722"
"49,4 : 0.3722"
"5,6 : 0.1803"
"6,5 : 0.1803"
"5,7 : 0.2663"
"7,5 : 0.2663"
"5,8 : 0.7404"
"8,5 : 0.7404"
"5,9 : 0.03"
"9,5 : 0.03"
"5,10 : 0.18"
"10,5 : 0.18"
"5,11 : 0.1208"
"11,5 : 0.1208"
"5,12 : 0.7666"
"12,5 : 0.7666"
"5,13 : 0.7616"
"13,5 : 0.7616"
"5,14 : 0.6379"
"14,5 : 0.6379"
"5,15 : 0.7732"
"15,5 : 0.7732"
"5,16 : 0.6463"
"16,5 : 0.6463"
"5,17 : 0.3132"
"17,5 : 0.3132"
"5,18 : 0.1131"
"18,5 : 0.1131"
"5,19 : 0.5903"
"19,5 : 0.5903"
"5,20 : 0.6841"
"20,5 : 0.6841"
"5,21 : 0.8746"
"21,5 : 0.8746"
"5,22 : 0.9543"
"22,5 : 0.9543"
"5,23 : 0.9618"
"23,5 : 0.9618"
"5,24 : 0.8954"
"24,5 : 0.8954"
"5,25 : 0.5825"
"25,5 : 0.5825"
"5,26 : 1.0183"
"26,5 : 1.0183"
"5,27 : 0.8239"
"27,5 : 0.8239"
"5,28 : 0.102"
"28,5 : 0.102"
"5,29 : 0.1523"
"29,5 : 0.1523"
"5,30 : 0.1523"
"30,5 : 0.1523"
"5,31 : 0.6544"
"31,5 : 0.6544"
"5,32 : 0.1942"
"32,5 : 0.1942"
"5,33 : 0.4657"
"33,5 : 0.4657"
"5,34 : 0.3448"
"34,5 : 0.3448"
"5,35 : 0.706"
"35,5 : 0.706"
"5,36 : 0.3662"
"36,5 : 0.3662"
"5,37 : 1.0012"
"37,5 : 1.0012"
"5,38 : 0.172"
"38,5 : 0.172"
"5,39 : 0.3362"
"39,5 : 0.3362"
"5,40 : 0.8927"
"40,5 : 0.8927"
"5,41 : 0.9278"
"41,5 : 0.9278"
"5,42 : 0.6742"
"42,5 : 0.6742"
"5,43 : 0.3996"
"43,5 : 0.3996"
"5,44 : 0.2193"
"44,5 : 0.2193"
"5,45 : 0.7471"
"45,5 : 0.7471"
"5,46 : 0.7503"
"46,5 : 0.7503"
"5,47 : 0.5012"
"47,5 : 0.5012"
"5,48 : 0.5601"
"48,5 : 0.5601"
"5,49 : 0.5604"
"49,5 : 0.5604"
"6,7 : 0.32"
"7,6 : 0.32"
"6,8 : 0.8122"
"8,6 : 0.8122"
"6,9 : 0.1985"
"9,6 : 0.1985"
"6,10 : 0.3176"
"10,6 : 0.3176"
"6,11 : 0.2648"
"11,6 : 0.2648"
"6,12 : 0.91"
"12,6 : 0.91"
"6,13 : 0.612"
"13,6 : 0.612"
"6,14 : 0.78"
"14,6 : 0.78"
"6,15 : 0.8974"
"15,6 : 0.8974"
"6,16 : 0.4901"
"16,6 : 0.4901"
"6,17 : 0.4045"
"17,6 : 0.4045"
"6,18 : 0.1931"
"18,6 : 0.1931"
"6,19 : 0.4301"
"19,6 : 0.4301"
"6,20 : 0.7606"
"20,6 : 0.7606"
"6,21 : 0.9719"
"21,6 : 0.9719"
"6,22 : 0.9571"
"22,6 : 0.9571"
"6,23 : 1.0042"
"23,6 : 1.0042"
"6,24 : 0.9535"
"24,6 : 0.9535"
"6,25 : 0.542"
"25,6 : 0.542"
"6,26 : 0.9774"
"26,6 : 0.9774"
"6,27 : 0.9483"
"27,6 : 0.9483"
"6,28 : 0.0943"
"28,6 : 0.0943"
"6,29 : 0.0412"
"29,6 : 0.0412"
"6,30 : 0.2927"
"30,6 : 0.2927"
"6,31 : 0.6631"
"31,6 : 0.6631"
"6,32 : 0.2631"
"32,6 : 0.2631"
"6,33 : 0.6127"
"33,6 : 0.6127"
"6,34 : 0.4329"
"34,6 : 0.4329"
"6,35 : 0.7169"
"35,6 : 0.7169"
"6,36 : 0.4045"
"36,6 : 0.4045"
"6,37 : 0.9985"
"37,6 : 0.9985"
"6,38 : 0.3523"
"38,6 : 0.3523"
"6,39 : 0.2802"
"39,6 : 0.2802"
"6,40 : 0.9713"
"40,6 : 0.9713"
"6,41 : 0.9552"
"41,6 : 0.9552"
"6,42 : 0.6229"
"42,6 : 0.6229"
"6,43 : 0.3636"
"43,6 : 0.3636"
"6,44 : 0.3842"
"44,6 : 0.3842"
"6,45 : 0.6801"
"45,6 : 0.6801"
"6,46 : 0.8089"
"46,6 : 0.8089"
"6,47 : 0.5474"
"47,6 : 0.5474"
"6,48 : 0.4245"
"48,6 : 0.4245"
"6,49 : 0.6815"
"49,6 : 0.6815"
"7,8 : 0.4937"
"8,7 : 0.4937"
"7,9 : 0.2421"
"9,7 : 0.2421"
"7,10 : 0.1552"
"10,7 : 0.1552"
"7,11 : 0.3748"
"11,7 : 0.3748"
"7,12 : 0.6268"
"12,7 : 0.6268"
"7,13 : 0.6671"
"13,7 : 0.6671"
"7,14 : 0.5"
"14,7 : 0.5"
"7,15 : 0.5924"
"15,7 : 0.5924"
"7,16 : 0.5798"
"16,7 : 0.5798"
"7,17 : 0.1"
"17,7 : 0.1"
"7,18 : 0.1565"
"18,7 : 0.1565"
"7,19 : 0.542"
"19,7 : 0.542"
"7,20 : 0.441"
"20,7 : 0.441"
"7,21 : 0.6528"
"21,7 : 0.6528"
"7,22 : 0.6888"
"22,7 : 0.6888"
"7,23 : 0.7001"
"23,7 : 0.7001"
"7,24 : 0.6403"
"24,7 : 0.6403"
"7,25 : 0.3479"
"25,7 : 0.3479"
"7,26 : 0.7685"
"26,7 : 0.7685"
"7,27 : 0.6426"
"27,7 : 0.6426"
"7,28 : 0.2452"
"28,7 : 0.2452"
"7,29 : 0.2802"
"29,7 : 0.2802"
"7,30 : 0.4031"
"30,7 : 0.4031"
"7,31 : 0.3895"
"31,7 : 0.3895"
"7,32 : 0.0721"
"32,7 : 0.0721"
"7,33 : 0.3547"
"33,7 : 0.3547"
"7,34 : 0.1208"
"34,7 : 0.1208"
"7,35 : 0.4405"
"35,7 : 0.4405"
"7,36 : 0.1"
"36,7 : 0.1"
"7,37 : 0.7366"
"37,7 : 0.7366"
"7,38 : 0.3138"
"38,7 : 0.3138"
"7,39 : 0.1836"
"39,7 : 0.1836"
"7,40 : 0.6519"
"40,7 : 0.6519"
"7,41 : 0.6624"
"41,7 : 0.6624"
"7,42 : 0.4427"
"42,7 : 0.4427"
"7,43 : 0.1903"
"43,7 : 0.1903"
"7,44 : 0.2408"
"44,7 : 0.2408"
"7,45 : 0.5263"
"45,7 : 0.5263"
"7,46 : 0.4948"
"46,7 : 0.4948"
"7,47 : 0.2377"
"47,7 : 0.2377"
"7,48 : 0.4607"
"48,7 : 0.4607"
"7,49 : 0.3801"
"49,7 : 0.3801"
"8,9 : 0.7117"
"9,8 : 0.7117"
"8,10 : 0.5701"
"10,8 : 0.5701"
"8,11 : 0.8246"
"11,8 : 0.8246"
"8,12 : 0.4111"
"12,8 : 0.4111"
"8,13 : 0.9381"
"13,8 : 0.9381"
"8,14 : 0.3711"
"14,8 : 0.3711"
"8,15 : 0.2864"
"15,8 : 0.2864"
"8,16 : 0.9082"
"16,8 : 0.9082"
"8,17 : 0.4272"
"17,8 : 0.4272"
"8,18 : 0.6433"
"18,8 : 0.6433"
"8,19 : 0.8996"
"19,8 : 0.8996"
"8,20 : 0.0583"
"20,8 : 0.0583"
"8,21 : 0.2"
"21,8 : 0.2"
"8,22 : 0.3821"
"22,8 : 0.3821"
"8,23 : 0.2561"
"23,8 : 0.2561"
"8,24 : 0.164"
"24,8 : 0.164"
"8,25 : 0.4662"
"25,8 : 0.4662"
"8,26 : 0.5954"
"26,8 : 0.5954"
"8,27 : 0.3102"
"27,8 : 0.3102"
"8,28 : 0.7382"
"28,8 : 0.7382"
"8,29 : 0.7732"
"29,8 : 0.7732"
"8,30 : 0.8458"
"30,8 : 0.8458"
"8,31 : 0.2828"
"31,8 : 0.2828"
"8,32 : 0.559"
"32,8 : 0.559"
"8,33 : 0.4201"
"33,8 : 0.4201"
"8,34 : 0.3956"
"34,8 : 0.3956"
"8,35 : 0.2663"
"35,8 : 0.2663"
"8,36 : 0.41"
"36,8 : 0.41"
"8,37 : 0.4342"
"37,8 : 0.4342"
"8,38 : 0.7033"
"38,8 : 0.7033"
"8,39 : 0.5886"
"39,8 : 0.5886"
"8,40 : 0.1603"
"40,8 : 0.1603"
"8,41 : 0.2751"
"41,8 : 0.2751"
"8,42 : 0.5021"
"42,8 : 0.5021"
"8,43 : 0.5166"
"43,8 : 0.5166"
"8,44 : 0.5917"
"44,8 : 0.5917"
"8,45 : 0.5763"
"45,8 : 0.5763"
"8,46 : 0.0608"
"46,8 : 0.0608"
"8,47 : 0.2717"
"47,8 : 0.2717"
"8,48 : 0.7826"
"48,8 : 0.7826"
"8,49 : 0.2746"
"49,8 : 0.2746"
"9,10 : 0.15"
"10,9 : 0.15"
"9,11 : 0.136"
"11,9 : 0.136"
"9,12 : 0.7376"
"12,9 : 0.7376"
"9,13 : 0.7642"
"13,9 : 0.7642"
"9,14 : 0.6088"
"14,9 : 0.6088"
"9,15 : 0.7433"
"15,9 : 0.7433"
"9,16 : 0.6512"
"16,9 : 0.6512"
"9,17 : 0.2846"
"17,9 : 0.2846"
"9,18 : 0.0943"
"18,9 : 0.0943"
"9,19 : 0.5967"
"19,9 : 0.5967"
"9,20 : 0.6552"
"20,9 : 0.6552"
"9,21 : 0.8448"
"21,9 : 0.8448"
"9,22 : 0.9309"
"22,9 : 0.9309"
"9,23 : 0.9347"
"23,9 : 0.9347"
"9,24 : 0.8673"
"24,9 : 0.8673"
"9,25 : 0.566"
"25,9 : 0.566"
"9,26 : 1.0"
"26,9 : 1.0"
"9,27 : 0.794"
"27,9 : 0.794"
"9,28 : 0.1118"
"28,9 : 0.1118"
"9,29 : 0.1664"
"29,9 : 0.1664"
"9,30 : 0.1664"
"30,9 : 0.1664"
"9,31 : 0.6313"
"31,9 : 0.6313"
"9,32 : 0.1703"
"32,9 : 0.1703"
"9,33 : 0.4368"
"33,9 : 0.4368"
"9,34 : 0.3162"
"34,9 : 0.3162"
"9,35 : 0.6825"
"35,9 : 0.6825"
"9,36 : 0.3421"
"36,9 : 0.3421"
"9,37 : 0.9784"
"37,9 : 0.9784"
"9,38 : 0.1565"
"38,9 : 0.1565"
"9,39 : 0.3257"
"39,9 : 0.3257"
"9,40 : 0.8635"
"40,9 : 0.8635"
"9,41 : 0.9021"
"41,9 : 0.9021"
"9,42 : 0.6586"
"42,9 : 0.6586"
"9,43 : 0.3847"
"43,9 : 0.3847"
"9,44 : 0.1924"
"44,9 : 0.1924"
"9,45 : 0.7335"
"45,9 : 0.7335"
"9,46 : 0.7224"
"46,9 : 0.7224"
"9,47 : 0.4751"
"47,9 : 0.4751"
"9,48 : 0.5604"
"48,9 : 0.5604"
"9,49 : 0.5304"
"49,9 : 0.5304"
"10,11 : 0.255"
"11,10 : 0.255"
"10,12 : 0.5946"
"12,10 : 0.5946"
"10,13 : 0.794"
"13,10 : 0.794"
"10,14 : 0.4649"
"14,10 : 0.4649"
"10,15 : 0.5941"
"15,10 : 0.5941"
"10,16 : 0.6946"
"16,10 : 0.6946"
"10,17 : 0.15"
"17,10 : 0.15"
"10,18 : 0.1281"
"18,10 : 0.1281"
"10,19 : 0.6485"
"19,10 : 0.6485"
"10,20 : 0.5126"
"20,10 : 0.5126"
"10,21 : 0.6958"
"21,10 : 0.6958"
"10,22 : 0.8204"
"22,10 : 0.8204"
"10,23 : 0.8026"
"23,10 : 0.8026"
"10,24 : 0.7292"
"24,10 : 0.7292"
"10,25 : 0.5029"
"25,10 : 0.5029"
"10,26 : 0.9179"
"26,10 : 0.9179"
"10,27 : 0.645"
"27,10 : 0.645"
"10,28 : 0.2236"
"28,10 : 0.2236"
"10,29 : 0.2778"
"29,10 : 0.2778"
"10,30 : 0.2778"
"30,10 : 0.2778"
"10,31 : 0.5263"
"31,10 : 0.5263"
"10,32 : 0.1118"
"32,10 : 0.1118"
"10,33 : 0.2955"
"33,10 : 0.2955"
"10,34 : 0.1803"
"34,10 : 0.1803"
"10,35 : 0.5738"
"35,10 : 0.5738"
"10,36 : 0.2419"
"36,10 : 0.2419"
"10,37 : 0.8705"
"37,10 : 0.8705"
"10,38 : 0.1612"
"38,10 : 0.1612"
"10,39 : 0.314"
"39,10 : 0.314"
"10,40 : 0.7184"
"40,10 : 0.7184"
"10,41 : 0.778"
"41,10 : 0.778"
"10,42 : 0.5977"
"42,10 : 0.5977"
"10,43 : 0.3413"
"43,10 : 0.3413"
"10,44 : 0.0922"
"44,10 : 0.0922"
"10,45 : 0.6815"
"45,10 : 0.6815"
"10,46 : 0.5859"
"46,10 : 0.5859"
"10,47 : 0.3538"
"47,10 : 0.3538"
"10,48 : 0.5852"
"48,10 : 0.5852"
"10,49 : 0.3805"
"49,10 : 0.3805"
"11,12 : 0.7951"
"12,11 : 0.7951"
"11,13 : 0.87"
"13,11 : 0.87"
"11,14 : 0.6712"
"14,11 : 0.6712"
"11,15 : 0.821"
"15,11 : 0.821"
"11,16 : 0.7511"
"16,11 : 0.7511"
"11,17 : 0.4031"
"17,11 : 0.4031"
"11,18 : 0.2302"
"18,11 : 0.2302"
"11,19 : 0.6926"
"19,11 : 0.6926"
"11,20 : 0.7669"
"20,11 : 0.7669"
"11,21 : 0.9415"
"21,11 : 0.9415"
"11,22 : 1.063"
"22,11 : 1.063"
"11,23 : 1.0568"
"23,11 : 1.0568"
"11,24 : 0.9841"
"24,11 : 0.9841"
"11,25 : 0.7018"
"25,11 : 0.7018"
"11,26 : 1.136"
"26,11 : 1.136"
"11,27 : 0.8705"
"27,11 : 0.8705"
"11,28 : 0.2121"
"28,11 : 0.2121"
"11,29 : 0.2502"
"29,11 : 0.2502"
"11,30 : 0.0316"
"30,11 : 0.0316"
"11,31 : 0.7642"
"31,11 : 0.7642"
"11,32 : 0.3041"
"32,11 : 0.3041"
"11,33 : 0.5001"
"33,11 : 0.5001"
"11,34 : 0.4342"
"34,11 : 0.4342"
"11,35 : 0.8147"
"35,11 : 0.8147"
"11,36 : 0.4742"
"36,11 : 0.4742"
"11,37 : 1.1113"
"37,11 : 1.1113"
"11,38 : 0.153"
"38,11 : 0.153"
"11,39 : 0.4569"
"39,11 : 0.4569"
"11,40 : 0.9708"
"40,11 : 0.9708"
"11,41 : 1.029"
"41,11 : 1.029"
"11,42 : 0.794"
"42,11 : 0.794"
"11,43 : 0.5197"
"43,11 : 0.5197"
"11,44 : 0.2508"
"44,11 : 0.2508"
"11,45 : 0.8677"
"45,11 : 0.8677"
"11,46 : 0.8408"
"46,11 : 0.8408"
"11,47 : 0.6022"
"47,11 : 0.6022"
"11,48 : 0.6727"
"48,11 : 0.6727"
"11,49 : 0.6166"
"49,11 : 0.6166"
"12,13 : 1.2433"
"13,12 : 1.2433"
"12,14 : 0.13"
"14,12 : 0.13"
"12,15 : 0.1334"
"15,12 : 0.1334"
"12,16 : 1.1809"
"16,12 : 1.1809"
"12,17 : 0.527"
"17,12 : 0.527"
"12,18 : 0.7169"
"18,12 : 0.7169"
"12,19 : 1.1536"
"19,12 : 1.1536"
"12,20 : 0.3883"
"20,12 : 0.3883"
"12,21 : 0.3178"
"21,12 : 0.3178"
"12,22 : 0.7901"
"22,12 : 0.7901"
"12,23 : 0.6237"
"23,12 : 0.6237"
"12,24 : 0.5197"
"24,12 : 0.5197"
"12,25 : 0.794"
"25,12 : 0.794"
"12,26 : 1.006"
"26,12 : 1.006"
"12,27 : 0.1442"
"27,12 : 0.1442"
"12,28 : 0.8171"
"28,12 : 0.8171"
"12,29 : 0.8693"
"29,12 : 0.8693"
"12,30 : 0.8022"
"30,12 : 0.8022"
"12,31 : 0.6519"
"31,12 : 0.6519"
"12,32 : 0.6576"
"32,12 : 0.6576"
"12,33 : 0.3008"
"33,12 : 0.3008"
"12,34 : 0.508"
"34,12 : 0.508"
"12,35 : 0.6552"
"35,12 : 0.6552"
"12,36 : 0.6014"
"36,12 : 0.6014"
"12,37 : 0.8405"
"37,12 : 0.8405"
"12,38 : 0.6428"
"38,12 : 0.6428"
"12,39 : 0.7951"
"39,12 : 0.7951"
"12,40 : 0.4206"
"40,12 : 0.4206"
"12,41 : 0.6727"
"41,12 : 0.6727"
"12,42 : 0.8587"
"42,12 : 0.8587"
"12,43 : 0.7566"
"43,12 : 0.7566"
"12,44 : 0.5511"
"44,12 : 0.5511"
"12,45 : 0.9443"
"45,12 : 0.9443"
"12,46 : 0.4717"
"46,12 : 0.4717"
"12,47 : 0.5325"
"47,12 : 0.5325"
"12,48 : 1.0538"
"48,12 : 1.0538"
"12,49 : 0.2546"
"49,12 : 0.2546"
"13,14 : 1.13"
"14,13 : 1.13"
"13,15 : 1.1667"
"15,13 : 1.1667"
"13,16 : 0.1265"
"16,13 : 0.1265"
"13,17 : 0.7559"
"17,13 : 0.7559"
"13,18 : 0.6923"
"18,13 : 0.6923"
"13,19 : 0.1897"
"19,13 : 0.1897"
"13,20 : 0.9168"
"20,13 : 0.9168"
"13,21 : 1.1381"
"21,13 : 1.1381"
"13,22 : 0.8179"
"22,13 : 0.8179"
"13,23 : 0.9843"
"23,13 : 0.9843"
"13,24 : 0.9973"
"24,13 : 0.9973"
"13,25 : 0.472"
"25,13 : 0.472"
"13,26 : 0.6812"
"26,13 : 0.6812"
"13,27 : 1.2093"
"27,13 : 1.2093"
"13,28 : 0.6607"
"28,13 : 0.6607"
"13,29 : 0.6201"
"29,13 : 0.6201"
"13,30 : 0.9001"
"30,13 : 0.9001"
"13,31 : 0.6604"
"31,13 : 0.6604"
"13,32 : 0.6831"
"32,13 : 0.6831"
"13,33 : 1.0121"
"33,13 : 1.0121"
"13,34 : 0.7616"
"34,13 : 0.7616"
"13,35 : 0.6935"
"35,13 : 0.6935"
"13,36 : 0.6519"
"36,13 : 0.6519"
"13,37 : 0.8287"
"37,13 : 0.8287"
"13,38 : 0.9124"
"38,13 : 0.9124"
"13,39 : 0.4847"
"39,13 : 0.4847"
"13,40 : 1.077"
"40,13 : 1.077"
"13,41 : 0.8981"
"41,13 : 0.8981"
"13,42 : 0.4519"
"42,13 : 0.4519"
"13,43 : 0.494"
"43,13 : 0.494"
"13,44 : 0.886"
"44,13 : 0.886"
"13,45 : 0.4123"
"45,13 : 0.4123"
"13,46 : 0.8959"
"46,13 : 0.8959"
"13,47 : 0.7145"
"47,13 : 0.7145"
"13,48 : 0.2088"
"48,13 : 0.2088"
"13,49 : 0.9902"
"49,13 : 0.9902"
"14,15 : 0.17"
"15,14 : 0.17"
"14,16 : 1.0622"
"16,14 : 1.0622"
"14,17 : 0.4"
"17,14 : 0.4"
"14,18 : 0.5869"
"18,14 : 0.5869"
"14,19 : 1.0324"
"19,14 : 1.0324"
"14,20 : 0.3324"
"20,14 : 0.3324"
"14,21 : 0.3466"
"21,14 : 0.3466"
"14,22 : 0.7513"
"22,14 : 0.7513"
"14,23 : 0.6133"
"23,14 : 0.6133"
"14,24 : 0.5099"
"24,14 : 0.5099"
"14,25 : 0.6935"
"25,14 : 0.6935"
"14,26 : 0.9501"
"26,14 : 0.9501"
"14,27 : 0.2119"
"27,14 : 0.2119"
"14,28 : 0.6871"
"28,14 : 0.6871"
"14,29 : 0.7393"
"29,14 : 0.7393"
"14,30 : 0.6801"
"30,14 : 0.6801"
"14,31 : 0.5707"
"31,14 : 0.5707"
"14,32 : 0.5284"
"32,14 : 0.5284"
"14,33 : 0.1726"
"33,14 : 0.1726"
"14,34 : 0.3829"
"34,14 : 0.3829"
"14,35 : 0.5831"
"35,14 : 0.5831"
"14,36 : 0.4817"
"36,14 : 0.4817"
"14,37 : 0.8041"
"37,14 : 0.8041"
"14,38 : 0.5201"
"38,14 : 0.5201"
"14,39 : 0.6721"
"39,14 : 0.6721"
"14,40 : 0.4301"
"40,14 : 0.4301"
"14,41 : 0.6456"
"41,14 : 0.6456"
"14,42 : 0.7655"
"42,14 : 0.7655"
"14,43 : 0.6389"
"43,14 : 0.6389"
"14,44 : 0.4243"
"44,14 : 0.4243"
"14,45 : 0.8538"
"45,14 : 0.8538"
"14,46 : 0.4276"
"46,14 : 0.4276"
"14,47 : 0.4295"
"47,14 : 0.4295"
"14,48 : 0.9361"
"48,14 : 0.9361"
"14,49 : 0.1432"
"49,14 : 0.1432"
"15,16 : 1.1152"
"16,15 : 1.1152"
"15,17 : 0.4965"
"17,15 : 0.4965"
"15,18 : 0.7061"
"18,15 : 0.7061"
"15,19 : 1.094"
"19,15 : 1.094"
"15,20 : 0.2731"
"20,15 : 0.2731"
"15,21 : 0.1887"
"21,15 : 0.1887"
"15,22 : 0.6603"
"22,15 : 0.6603"
"15,23 : 0.4903"
"23,15 : 0.4903"
"15,24 : 0.3864"
"24,15 : 0.3864"
"15,25 : 0.7043"
"25,15 : 0.7043"
"15,26 : 0.8812"
"26,15 : 0.8812"
"15,27 : 0.051"
"27,15 : 0.051"
"15,28 : 0.8081"
"28,15 : 0.8081"
"15,29 : 0.8562"
"29,15 : 0.8562"
"15,30 : 0.8329"
"30,15 : 0.8329"
"15,31 : 0.5459"
"31,15 : 0.5459"
"15,32 : 0.636"
"32,15 : 0.636"
"15,33 : 0.3239"
"33,15 : 0.3239"
"15,34 : 0.4717"
"34,15 : 0.4717"
"15,35 : 0.5423"
"35,15 : 0.5423"
"15,36 : 0.5471"
"36,15 : 0.5471"
"15,37 : 0.71"
"37,15 : 0.71"
"15,38 : 0.6736"
"38,15 : 0.6736"
"15,39 : 0.7443"
"39,15 : 0.7443"
"15,40 : 0.2879"
"40,15 : 0.2879"
"15,41 : 0.5408"
"41,15 : 0.5408"
"15,42 : 0.7601"
"42,15 : 0.7601"
"15,43 : 0.694"
"43,15 : 0.694"
"15,44 : 0.5704"
"44,15 : 0.5704"
"15,45 : 0.8422"
"45,15 : 0.8422"
"15,46 : 0.3471"
"46,15 : 0.3471"
"15,47 : 0.4528"
"47,15 : 0.4528"
"15,48 : 0.9872"
"48,15 : 0.9872"
"15,49 : 0.2159"
"49,15 : 0.2159"
"16,17 : 0.6742"
"17,16 : 0.6742"
"16,18 : 0.5852"
"18,16 : 0.5852"
"16,19 : 0.0632"
"19,16 : 0.0632"
"16,20 : 0.8798"
"20,16 : 0.8798"
"16,21 : 1.1064"
"21,16 : 1.1064"
"16,22 : 0.8415"
"22,16 : 0.8415"
"16,23 : 0.9872"
"23,16 : 0.9872"
"16,24 : 0.9868"
"24,16 : 0.9868"
"16,25 : 0.4494"
"25,16 : 0.4494"
"16,26 : 0.7376"
"26,16 : 0.7376"
"16,27 : 1.1604"
"27,16 : 1.1604"
"16,28 : 0.5445"
"28,16 : 0.5445"
"16,29 : 0.5009"
"29,16 : 0.5009"
"16,30 : 0.7806"
"30,16 : 0.7806"
"16,31 : 0.6426"
"31,16 : 0.6426"
"16,32 : 0.586"
"32,16 : 0.586"
"16,33 : 0.9323"
"33,16 : 0.9323"
"16,34 : 0.6841"
"34,16 : 0.6841"
"16,35 : 0.6831"
"35,16 : 0.6831"
"16,36 : 0.5805"
"36,16 : 0.5805"
"16,37 : 0.86"
"37,16 : 0.86"
"16,38 : 0.8028"
"38,16 : 0.8028"
"16,39 : 0.3966"
"39,16 : 0.3966"
"16,40 : 1.056"
"40,16 : 1.056"
"16,41 : 0.9061"
"41,16 : 0.9061"
"16,42 : 0.4554"
"42,16 : 0.4554"
"16,43 : 0.4243"
"43,16 : 0.4243"
"16,44 : 0.7855"
"44,16 : 0.7855"
"16,45 : 0.4405"
"45,16 : 0.4405"
"16,46 : 0.8724"
"46,16 : 0.8724"
"16,47 : 0.664"
"47,16 : 0.664"
"16,48 : 0.1281"
"48,16 : 0.1281"
"16,49 : 0.9263"
"49,16 : 0.9263"
"17,18 : 0.2202"
"18,17 : 0.2202"
"17,19 : 0.6389"
"19,17 : 0.6389"
"17,20 : 0.3711"
"20,17 : 0.3711"
"17,21 : 0.57"
"21,17 : 0.57"
"17,22 : 0.6727"
"22,17 : 0.6727"
"17,23 : 0.6537"
"23,17 : 0.6537"
"17,24 : 0.5831"
"24,17 : 0.5831"
"17,25 : 0.3912"
"25,17 : 0.3912"
"17,26 : 0.7829"
"26,17 : 0.7829"
"17,27 : 0.5471"
"27,17 : 0.5471"
"17,28 : 0.3202"
"28,17 : 0.3202"
"17,29 : 0.3635"
"29,17 : 0.3635"
"17,30 : 0.4272"
"30,17 : 0.4272"
"17,31 : 0.3828"
"31,17 : 0.3828"
"17,32 : 0.1414"
"32,17 : 0.1414"
"17,33 : 0.2581"
"33,17 : 0.2581"
"17,34 : 0.0316"
"34,17 : 0.0316"
"17,35 : 0.428"
"35,17 : 0.428"
"17,36 : 0.12"
"36,17 : 0.12"
"17,37 : 0.7235"
"37,17 : 0.7235"
"17,38 : 0.3048"
"38,17 : 0.3048"
"17,39 : 0.278"
"39,17 : 0.278"
"17,40 : 0.5805"
"40,17 : 0.5805"
"17,41 : 0.628"
"41,17 : 0.628"
"17,42 : 0.4837"
"42,17 : 0.4837"
"17,43 : 0.2657"
"43,17 : 0.2657"
"17,44 : 0.2059"
"44,17 : 0.2059"
"17,45 : 0.5722"
"45,17 : 0.5722"
"17,46 : 0.4386"
"46,17 : 0.4386"
"17,47 : 0.2052"
"47,17 : 0.2052"
"17,48 : 0.5523"
"48,17 : 0.5523"
"17,49 : 0.2823"
"49,17 : 0.2823"
"18,19 : 0.5349"
"19,18 : 0.5349"
"18,20 : 0.5886"
"20,18 : 0.5886"
"18,21 : 0.7901"
"21,18 : 0.7901"
"18,22 : 0.842"
"22,18 : 0.842"
"18,23 : 0.8562"
"23,18 : 0.8562"
"18,24 : 0.794"
"24,18 : 0.794"
"18,25 : 0.4717"
"25,18 : 0.4717"
"18,26 : 0.906"
"26,18 : 0.906"
"18,27 : 0.7571"
"27,18 : 0.7571"
"18,28 : 0.102"
"28,18 : 0.102"
"18,29 : 0.1523"
"29,18 : 0.1523"
"18,30 : 0.2608"
"30,18 : 0.2608"
"18,31 : 0.542"
"31,18 : 0.542"
"18,32 : 0.0854"
"32,18 : 0.0854"
"18,33 : 0.4206"
"33,18 : 0.4206"
"18,34 : 0.2508"
"34,18 : 0.2508"
"18,35 : 0.5941"
"35,18 : 0.5941"
"18,36 : 0.2555"
"36,18 : 0.2555"
"18,37 : 0.8887"
"37,18 : 0.8887"
"18,38 : 0.2209"
"38,18 : 0.2209"
"18,39 : 0.2354"
"39,18 : 0.2354"
"18,40 : 0.7991"
"40,18 : 0.7991"
"18,41 : 0.8188"
"41,18 : 0.8188"
"18,42 : 0.5644"
"42,18 : 0.5644"
"18,43 : 0.2907"
"43,18 : 0.2907"
"18,44 : 0.2081"
"44,18 : 0.2081"
"18,45 : 0.6398"
"45,18 : 0.6398"
"18,46 : 0.6485"
"46,18 : 0.6485"
"18,47 : 0.394"
"47,18 : 0.394"
"18,48 : 0.4851"
"48,18 : 0.4851"
"18,49 : 0.4903"
"49,18 : 0.4903"
"19,20 : 0.8677"
"20,19 : 0.8677"
"19,21 : 1.0957"
"21,19 : 1.0957"
"19,22 : 0.8601"
"22,19 : 0.8601"
"19,23 : 0.9946"
"23,19 : 0.9946"
"19,24 : 0.9876"
"24,19 : 0.9876"
"19,25 : 0.4512"
"25,19 : 0.4512"
"19,26 : 0.772"
"26,19 : 0.772"
"19,27 : 1.1404"
"27,19 : 1.1404"
"19,28 : 0.4884"
"28,19 : 0.4884"
"19,29 : 0.4428"
"29,19 : 0.4428"
"19,30 : 0.7217"
"30,19 : 0.7217"
"19,31 : 0.6429"
"31,19 : 0.6429"
"19,32 : 0.542"
"32,19 : 0.542"
"19,33 : 0.8964"
"33,19 : 0.8964"
"19,34 : 0.6512"
"34,19 : 0.6512"
"19,35 : 0.6866"
"35,19 : 0.6866"
"19,36 : 0.5523"
"36,19 : 0.5523"
"19,37 : 0.882"
"37,19 : 0.882"
"19,38 : 0.75"
"38,19 : 0.75"
"19,39 : 0.3612"
"39,19 : 0.3612"
"19,40 : 1.0511"
"40,19 : 1.0511"
"19,41 : 0.9166"
"41,19 : 0.9166"
"19,42 : 0.4701"
"42,19 : 0.4701"
"19,43 : 0.4"
"43,19 : 0.4"
"19,44 : 0.7382"
"44,19 : 0.7382"
"19,45 : 0.4669"
"45,19 : 0.4669"
"19,46 : 0.8673"
"46,19 : 0.8673"
"19,47 : 0.6466"
"47,19 : 0.6466"
"19,48 : 0.1217"
"48,19 : 0.1217"
"19,49 : 0.8994"
"49,19 : 0.8994"
"20,21 : 0.2285"
"21,20 : 0.2285"
"20,22 : 0.4198"
"22,20 : 0.4198"
"20,23 : 0.3114"
"23,20 : 0.3114"
"20,24 : 0.222"
"24,20 : 0.222"
"20,25 : 0.446"
"25,20 : 0.446"
"20,26 : 0.6207"
"26,20 : 0.6207"
"20,27 : 0.3053"
"27,20 : 0.3053"
"20,28 : 0.6847"
"28,20 : 0.6847"
"20,29 : 0.7211"
"29,20 : 0.7211"
"20,30 : 0.7879"
"30,20 : 0.7879"
"20,31 : 0.2746"
"31,20 : 0.2746"
"20,32 : 0.5049"
"32,20 : 0.5049"
"20,33 : 0.3662"
"33,20 : 0.3662"
"20,34 : 0.3396"
"34,20 : 0.3396"
"20,35 : 0.2693"
"35,20 : 0.2693"
"20,36 : 0.3612"
"36,20 : 0.3612"
"20,37 : 0.473"
"37,20 : 0.473"
"20,38 : 0.645"
"38,20 : 0.645"
"20,39 : 0.5457"
"39,20 : 0.5457"
"20,40 : 0.211"
"40,20 : 0.211"
"20,41 : 0.322"
"41,20 : 0.322"
"20,42 : 0.492"
"42,20 : 0.492"
"20,43 : 0.4776"
"43,20 : 0.4776"
"20,44 : 0.5334"
"44,20 : 0.5334"
"20,45 : 0.5714"
"45,20 : 0.5714"
"20,46 : 0.0985"
"46,20 : 0.0985"
"20,47 : 0.228"
"47,20 : 0.228"
"20,48 : 0.7529"
"48,20 : 0.7529"
"20,49 : 0.2236"
"49,20 : 0.2236"
"21,22 : 0.5142"
"22,21 : 0.5142"
"21,23 : 0.32"
"23,21 : 0.32"
"21,24 : 0.222"
"24,21 : 0.222"
"21,25 : 0.6661"
"25,21 : 0.6661"
"21,26 : 0.7495"
"26,21 : 0.7495"
"21,27 : 0.1772"
"27,21 : 0.1772"
"21,28 : 0.8901"
"28,21 : 0.8901"
"21,29 : 0.9313"
"29,21 : 0.9313"
"21,30 : 0.958"
"30,21 : 0.958"
"21,31 : 0.4817"
"31,21 : 0.4817"
"21,32 : 0.7103"
"32,21 : 0.7103"
"21,33 : 0.4696"
"33,21 : 0.4696"
"21,34 : 0.5401"
"34,21 : 0.5401"
"21,35 : 0.4601"
"35,21 : 0.4601"
"21,36 : 0.5825"
"36,21 : 0.5825"
"21,37 : 0.559"
"37,21 : 0.559"
"21,38 : 0.8036"
"38,21 : 0.8036"
"21,39 : 0.772"
"39,21 : 0.772"
"21,40 : 0.11"
"40,21 : 0.11"
"21,41 : 0.3864"
"41,21 : 0.3864"
"21,42 : 0.7004"
"42,21 : 0.7004"
"21,43 : 0.7058"
"43,21 : 0.7058"
"21,44 : 0.6938"
"44,21 : 0.6938"
"21,45 : 0.7716"
"45,21 : 0.7716"
"21,46 : 0.2476"
"46,21 : 0.2476"
"21,47 : 0.4554"
"47,21 : 0.4554"
"21,48 : 0.9801"
"48,21 : 0.9801"
"21,49 : 0.3289"
"49,21 : 0.3289"
"22,23 : 0.2163"
"23,22 : 0.2163"
"22,24 : 0.2941"
"24,22 : 0.2941"
"22,25 : 0.4342"
"25,22 : 0.4342"
"22,26 : 0.2419"
"26,22 : 0.2419"
"22,27 : 0.6736"
"27,22 : 0.6736"
"22,28 : 0.9127"
"28,22 : 0.9127"
"22,29 : 0.9266"
"29,22 : 0.9266"
"22,30 : 1.0904"
"30,22 : 1.0904"
"22,31 : 0.3"
"31,22 : 0.3"
"22,32 : 0.7606"
"32,22 : 0.7606"
"22,33 : 0.7708"
"33,22 : 0.7708"
"22,34 : 0.6454"
"34,22 : 0.6454"
"22,35 : 0.2484"
"35,22 : 0.2484"
"22,36 : 0.589"
"36,22 : 0.589"
"22,37 : 0.0539"
"37,22 : 0.0539"
"22,38 : 0.9774"
"38,22 : 0.9774"
"22,39 : 0.6803"
"39,22 : 0.6803"
"22,40 : 0.408"
"40,22 : 0.408"
"22,41 : 0.13"
"41,22 : 0.13"
"22,42 : 0.3905"
"42,22 : 0.3905"
"22,43 : 0.5951"
"43,22 : 0.5951"
"22,44 : 0.8746"
"44,22 : 0.8746"
"22,45 : 0.4061"
"45,22 : 0.4061"
"22,46 : 0.3239"
"46,22 : 0.3239"
"22,47 : 0.4675"
"47,22 : 0.4675"
"22,48 : 0.7406"
"48,22 : 0.7406"
"22,49 : 0.6389"
"49,22 : 0.6389"
"23,24 : 0.1044"
"24,23 : 0.1044"
"23,25 : 0.5445"
"25,23 : 0.5445"
"23,26 : 0.4579"
"26,23 : 0.4579"
"23,27 : 0.4925"
"27,23 : 0.4925"
"23,28 : 0.9424"
"28,23 : 0.9424"
"23,29 : 0.9684"
"29,23 : 0.9684"
"23,30 : 1.0805"
"30,23 : 1.0805"
"23,31 : 0.36"
"31,23 : 0.36"
"23,32 : 0.7708"
"32,23 : 0.7708"
"23,33 : 0.6762"
"33,23 : 0.6762"
"23,34 : 0.6227"
"34,23 : 0.6227"
"23,35 : 0.3106"
"35,23 : 0.3106"
"23,36 : 0.6041"
"36,23 : 0.6041"
"23,37 : 0.2508"
"37,23 : 0.2508"
"23,38 : 0.9463"
"38,23 : 0.9463"
"23,39 : 0.7467"
"39,23 : 0.7467"
"23,40 : 0.21"
"40,23 : 0.21"
"23,41 : 0.0922"
"41,23 : 0.0922"
"23,42 : 0.5345"
"42,23 : 0.5345"
"23,43 : 0.6637"
"43,23 : 0.6637"
"23,44 : 0.836"
"44,23 : 0.836"
"23,45 : 0.577"
"45,23 : 0.577"
"23,46 : 0.2202"
"46,23 : 0.2202"
"23,47 : 0.4624"
"47,23 : 0.4624"
"23,48 : 0.873"
"48,23 : 0.873"
"23,49 : 0.5301"
"49,23 : 0.5301"
"24,25 : 0.5376"
"25,24 : 0.5376"
"24,26 : 0.5331"
"26,24 : 0.5331"
"24,27 : 0.3905"
"27,24 : 0.3905"
"24,28 : 0.8853"
"28,24 : 0.8853"
"24,29 : 0.9159"
"29,24 : 0.9159"
"24,30 : 1.0062"
"30,24 : 1.0062"
"24,31 : 0.3448"
"31,24 : 0.3448"
"24,32 : 0.7088"
"32,24 : 0.7088"
"24,33 : 0.5805"
"33,24 : 0.5805"
"24,34 : 0.5515"
"34,24 : 0.5515"
"24,35 : 0.3046"
"35,24 : 0.3046"
"24,36 : 0.5492"
"36,24 : 0.5492"
"24,37 : 0.3373"
"37,24 : 0.3373"
"24,38 : 0.8661"
"38,24 : 0.8661"
"24,39 : 0.71"
"39,24 : 0.71"
"24,40 : 0.114"
"40,24 : 0.114"
"24,41 : 0.1649"
"41,24 : 0.1649"
"24,42 : 0.5459"
"42,24 : 0.5459"
"24,43 : 0.6307"
"43,24 : 0.6307"
"24,44 : 0.7547"
"44,24 : 0.7547"
"24,45 : 0.6022"
"45,24 : 0.6022"
"24,46 : 0.1456"
"46,24 : 0.1456"
"24,47 : 0.4061"
"47,24 : 0.4061"
"24,48 : 0.8668"
"48,24 : 0.8668"
"24,49 : 0.4328"
"49,24 : 0.4328"
"25,26 : 0.4386"
"26,25 : 0.4386"
"25,27 : 0.7441"
"27,25 : 0.7441"
"25,28 : 0.5166"
"28,25 : 0.5166"
"25,29 : 0.5174"
"29,25 : 0.5174"
"25,30 : 0.7325"
"30,25 : 0.7325"
"25,31 : 0.1931"
"31,25 : 0.1931"
"25,32 : 0.4072"
"32,25 : 0.4072"
"25,33 : 0.6119"
"33,25 : 0.6119"
"25,34 : 0.38"
"34,25 : 0.38"
"25,35 : 0.2354"
"35,25 : 0.2354"
"25,36 : 0.2717"
"36,25 : 0.2717"
"25,37 : 0.4682"
"37,25 : 0.4682"
"25,38 : 0.6613"
"38,25 : 0.6613"
"25,39 : 0.2625"
"39,25 : 0.2625"
"25,40 : 0.6083"
"40,25 : 0.6083"
"25,41 : 0.4701"
"41,25 : 0.4701"
"25,42 : 0.0949"
"42,25 : 0.0949"
"25,43 : 0.1844"
"43,25 : 0.1844"
"25,44 : 0.5846"
"44,25 : 0.5846"
"25,45 : 0.1811"
"45,25 : 0.1811"
"25,46 : 0.4254"
"46,25 : 0.4254"
"25,47 : 0.264"
"47,25 : 0.264"
"25,48 : 0.3298"
"48,25 : 0.3298"
"25,49 : 0.5504"
"49,25 : 0.5504"
"26,27 : 0.9003"
"27,26 : 0.9003"
"26,28 : 0.9552"
"28,26 : 0.9552"
"26,29 : 0.9548"
"29,26 : 0.9548"
"26,30 : 1.1661"
"30,26 : 1.1661"
"26,31 : 0.408"
"31,26 : 0.408"
"26,32 : 0.8349"
"32,26 : 0.8349"
"26,33 : 0.9374"
"33,26 : 0.9374"
"26,34 : 0.7616"
"34,26 : 0.7616"
"26,35 : 0.3766"
"35,26 : 0.3766"
"26,36 : 0.676"
"36,26 : 0.676"
"26,37 : 0.2126"
"37,26 : 0.2126"
"26,38 : 1.0791"
"38,26 : 1.0791"
"26,39 : 0.7001"
"39,26 : 0.7001"
"26,40 : 0.6462"
"40,26 : 0.6462"
"26,41 : 0.3712"
"41,26 : 0.3712"
"26,42 : 0.3547"
"42,26 : 0.3547"
"26,43 : 0.6229"
"43,26 : 0.6229"
"26,44 : 0.9884"
"44,26 : 0.9884"
"26,45 : 0.313"
"45,26 : 0.313"
"26,46 : 0.5346"
"46,26 : 0.5346"
"26,47 : 0.5914"
"47,26 : 0.5914"
"26,48 : 0.6648"
"48,26 : 0.6648"
"26,49 : 0.823"
"49,26 : 0.823"
"27,28 : 0.8591"
"28,27 : 0.8591"
"27,29 : 0.9071"
"29,27 : 0.9071"
"27,30 : 0.882"
"30,27 : 0.882"
"27,31 : 0.5798"
"31,27 : 0.5798"
"27,32 : 0.6868"
"32,27 : 0.6868"
"27,33 : 0.3722"
"33,27 : 0.3722"
"27,34 : 0.522"
"34,27 : 0.522"
"27,35 : 0.5725"
"35,27 : 0.5725"
"27,36 : 0.5954"
"36,27 : 0.5954"
"27,37 : 0.7217"
"37,27 : 0.7217"
"27,38 : 0.7225"
"38,27 : 0.7225"
"27,39 : 0.7926"
"39,27 : 0.7926"
"27,40 : 0.2844"
"40,27 : 0.2844"
"27,41 : 0.5504"
"41,27 : 0.5504"
"27,42 : 0.7963"
"42,27 : 0.7963"
"27,43 : 0.7406"
"43,27 : 0.7406"
"27,44 : 0.6201"
"44,27 : 0.6201"
"27,45 : 0.8766"
"45,27 : 0.8766"
"27,46 : 0.37"
"46,27 : 0.37"
"27,47 : 0.4968"
"47,27 : 0.4968"
"27,48 : 1.0323"
"48,27 : 1.0323"
"27,49 : 0.2668"
"49,27 : 0.2668"
"28,29 : 0.0566"
"29,28 : 0.0566"
"28,30 : 0.2433"
"30,28 : 0.2433"
"28,31 : 0.614"
"31,28 : 0.614"
"28,32 : 0.1803"
"32,28 : 0.1803"
"28,33 : 0.5189"
"33,28 : 0.5189"
"28,34 : 0.35"
"34,28 : 0.35"
"28,35 : 0.6673"
"35,28 : 0.6673"
"28,36 : 0.3384"
"36,28 : 0.3384"
"28,37 : 0.9569"
"37,28 : 0.9569"
"28,38 : 0.2683"
"38,28 : 0.2683"
"28,39 : 0.2581"
"39,28 : 0.2581"
"28,40 : 0.8956"
"40,28 : 0.8956"
"28,41 : 0.8996"
"41,28 : 0.8996"
"28,42 : 0.6044"
"42,28 : 0.6044"
"28,43 : 0.3324"
"43,28 : 0.3324"
"28,44 : 0.2907"
"44,28 : 0.2907"
"28,45 : 0.6712"
"45,28 : 0.6712"
"28,46 : 0.7398"
"46,28 : 0.7398"
"28,47 : 0.4808"
"47,28 : 0.4808"
"28,48 : 0.461"
"48,28 : 0.461"
"28,49 : 0.5923"
"49,28 : 0.5923"
"29,30 : 0.28"
"30,29 : 0.28"
"29,31 : 0.6307"
"31,29 : 0.6307"
"29,32 : 0.222"
"32,29 : 0.222"
"29,33 : 0.5725"
"33,29 : 0.5725"
"29,34 : 0.392"
"34,29 : 0.392"
"29,35 : 0.6845"
"35,29 : 0.6845"
"29,36 : 0.3667"
"36,29 : 0.3667"
"29,37 : 0.969"
"37,29 : 0.969"
"29,38 : 0.3225"
"38,29 : 0.3225"
"29,39 : 0.255"
"39,29 : 0.255"
"29,40 : 0.9319"
"40,29 : 0.9319"
"29,41 : 0.9211"
"41,29 : 0.9211"
"29,42 : 0.6011"
"42,29 : 0.6011"
"29,43 : 0.336"
"43,29 : 0.336"
"29,44 : 0.3471"
"44,29 : 0.3471"
"29,45 : 0.6622"
"45,29 : 0.6622"
"29,46 : 0.771"
"46,29 : 0.771"
"29,47 : 0.5099"
"47,29 : 0.5099"
"29,48 : 0.4258"
"48,29 : 0.4258"
"29,49 : 0.6403"
"49,29 : 0.6403"
"30,31 : 0.7921"
"31,30 : 0.7921"
"30,32 : 0.333"
"32,30 : 0.333"
"30,33 : 0.5104"
"33,30 : 0.5104"
"30,34 : 0.4579"
"34,30 : 0.4579"
"30,35 : 0.8422"
"35,30 : 0.8422"
"30,36 : 0.5021"
"36,30 : 0.5021"
"30,37 : 1.139"
"37,30 : 1.139"
"30,38 : 0.16"
"38,30 : 0.16"
"30,39 : 0.4885"
"39,30 : 0.4885"
"30,40 : 0.9902"
"40,30 : 0.9902"
"30,41 : 1.0544"
"41,30 : 1.0544"
"30,42 : 0.8249"
"42,30 : 0.8249"
"30,43 : 0.5507"
"43,30 : 0.5507"
"30,44 : 0.2648"
"44,30 : 0.2648"
"30,45 : 0.8989"
"45,30 : 0.8989"
"30,46 : 0.8635"
"46,30 : 0.8635"
"30,47 : 0.628"
"47,30 : 0.628"
"30,48 : 0.7035"
"48,30 : 0.7035"
"30,49 : 0.6315"
"49,30 : 0.6315"
"31,32 : 0.461"
"32,31 : 0.461"
"31,33 : 0.5334"
"33,31 : 0.5334"
"31,34 : 0.3585"
"34,31 : 0.3585"
"31,35 : 0.0539"
"35,31 : 0.0539"
"31,36 : 0.29"
"36,31 : 0.29"
"31,37 : 0.3471"
"37,31 : 0.3471"
"31,38 : 0.686"
"38,31 : 0.686"
"31,39 : 0.3929"
"39,31 : 0.3929"
"31,40 : 0.4168"
"40,31 : 0.4168"
"31,41 : 0.2961"
"41,31 : 0.2961"
"31,42 : 0.2193"
"42,31 : 0.2193"
"31,43 : 0.3081"
"43,31 : 0.3081"
"31,44 : 0.5883"
"44,31 : 0.5883"
"31,45 : 0.2968"
"45,31 : 0.2968"
"31,46 : 0.236"
"46,31 : 0.236"
"31,47 : 0.1838"
"47,31 : 0.1838"
"31,48 : 0.522"
"48,31 : 0.522"
"31,49 : 0.4329"
"49,31 : 0.4329"
"32,33 : 0.3701"
"33,32 : 0.3701"
"32,34 : 0.1703"
"34,32 : 0.1703"
"32,35 : 0.5122"
"35,32 : 0.5122"
"32,36 : 0.172"
"36,32 : 0.172"
"32,37 : 0.8081"
"37,32 : 0.8081"
"32,38 : 0.2571"
"38,32 : 0.2571"
"32,39 : 0.2022"
"39,32 : 0.2022"
"32,40 : 0.7157"
"40,32 : 0.7157"
"32,41 : 0.7343"
"41,32 : 0.7343"
"32,42 : 0.5016"
"42,32 : 0.5016"
"32,43 : 0.2354"
"43,32 : 0.2354"
"32,44 : 0.204"
"44,32 : 0.204"
"32,45 : 0.5819"
"45,32 : 0.5819"
"32,46 : 0.5632"
"46,32 : 0.5632"
"32,47 : 0.3087"
"47,32 : 0.3087"
"32,48 : 0.4743"
"48,32 : 0.4743"
"32,49 : 0.4206"
"49,32 : 0.4206"
"33,34 : 0.2506"
"34,33 : 0.2506"
"33,35 : 0.5609"
"35,33 : 0.5609"
"33,36 : 0.3625"
"36,33 : 0.3625"
"33,37 : 0.8246"
"37,33 : 0.8246"
"33,38 : 0.3506"
"38,33 : 0.3506"
"33,39 : 0.536"
"39,33 : 0.536"
"33,40 : 0.528"
"40,33 : 0.528"
"33,41 : 0.686"
"41,33 : 0.686"
"33,42 : 0.6958"
"42,33 : 0.6958"
"33,43 : 0.5188"
"43,33 : 0.5188"
"33,44 : 0.2518"
"44,33 : 0.2518"
"33,45 : 0.7864"
"45,33 : 0.7864"
"33,46 : 0.4632"
"46,33 : 0.4632"
"33,47 : 0.3601"
"47,33 : 0.3601"
"33,48 : 0.8099"
"48,33 : 0.8099"
"33,49 : 0.1487"
"49,33 : 0.1487"
"34,35 : 0.4022"
"35,34 : 0.4022"
"34,36 : 0.114"
"36,34 : 0.114"
"34,37 : 0.6966"
"37,34 : 0.6966"
"34,38 : 0.3324"
"38,34 : 0.3324"
"34,39 : 0.29"
"39,34 : 0.29"
"34,40 : 0.5492"
"40,34 : 0.5492"
"34,41 : 0.5982"
"41,34 : 0.5982"
"34,42 : 0.471"
"42,34 : 0.471"
"34,43 : 0.2683"
"43,34 : 0.2683"
"34,44 : 0.2302"
"44,34 : 0.2302"
"34,45 : 0.5604"
"45,34 : 0.5604"
"34,46 : 0.4072"
"46,34 : 0.4072"
"34,47 : 0.178"
"47,34 : 0.178"
"34,48 : 0.5604"
"48,34 : 0.5604"
"34,49 : 0.2594"
"49,34 : 0.2594"
"35,36 : 0.3406"
"36,35 : 0.3406"
"35,37 : 0.297"
"37,35 : 0.297"
"35,38 : 0.7325"
"38,35 : 0.7325"
"35,39 : 0.4464"
"39,35 : 0.4464"
"35,40 : 0.386"
"40,35 : 0.386"
"35,41 : 0.2433"
"41,35 : 0.2433"
"35,42 : 0.2441"
"42,35 : 0.2441"
"35,43 : 0.3614"
"43,35 : 0.3614"
"35,44 : 0.6325"
"44,35 : 0.6325"
"35,45 : 0.3114"
"45,35 : 0.3114"
"35,46 : 0.2126"
"46,35 : 0.2126"
"35,47 : 0.2247"
"47,35 : 0.2247"
"35,48 : 0.5652"
"48,35 : 0.5652"
"35,49 : 0.45"
"49,35 : 0.45"
"36,37 : 0.637"
"37,36 : 0.637"
"36,38 : 0.4031"
"38,36 : 0.4031"
"36,39 : 0.1972"
"39,36 : 0.1972"
"36,40 : 0.5701"
"40,36 : 0.5701"
"36,41 : 0.5636"
"41,36 : 0.5636"
"36,42 : 0.365"
"42,36 : 0.365"
"36,43 : 0.1581"
"43,36 : 0.1581"
"36,44 : 0.3162"
"44,36 : 0.3162"
"36,45 : 0.4528"
"45,36 : 0.4528"
"36,46 : 0.4045"
"46,36 : 0.4045"
"36,47 : 0.1432"
"47,36 : 0.1432"
"36,48 : 0.4545"
"48,36 : 0.4545"
"36,49 : 0.3471"
"49,36 : 0.3471"
"37,38 : 1.0283"
"38,37 : 1.0283"
"37,39 : 0.7201"
"39,37 : 0.7201"
"37,40 : 0.4512"
"40,37 : 0.4512"
"37,41 : 0.1726"
"41,37 : 0.1726"
"37,42 : 0.4159"
"42,37 : 0.4159"
"37,43 : 0.6353"
"43,37 : 0.6353"
"37,44 : 0.9262"
"44,37 : 0.9262"
"37,45 : 0.4205"
"45,37 : 0.4205"
"37,46 : 0.3766"
"46,37 : 0.3766"
"37,47 : 0.5186"
"47,37 : 0.5186"
"37,48 : 0.7642"
"48,37 : 0.7642"
"37,49 : 0.6926"
"49,37 : 0.6926"
"38,39 : 0.451"
"39,38 : 0.451"
"38,40 : 0.8417"
"40,38 : 0.8417"
"38,41 : 0.9285"
"41,38 : 0.9285"
"38,42 : 0.7561"
"42,38 : 0.7561"
"38,43 : 0.4924"
"43,38 : 0.4924"
"38,44 : 0.1118"
"44,38 : 0.1118"
"38,45 : 0.8382"
"45,38 : 0.8382"
"38,46 : 0.7267"
"46,38 : 0.7267"
"38,47 : 0.5099"
"47,38 : 0.5099"
"38,48 : 0.7058"
"48,38 : 0.7058"
"38,49 : 0.4754"
"49,38 : 0.4754"
"39,40 : 0.7481"
"40,39 : 0.7481"
"39,41 : 0.6888"
"41,39 : 0.6888"
"39,42 : 0.3471"
"42,39 : 0.3471"
"39,43 : 0.0854"
"43,39 : 0.0854"
"39,44 : 0.4061"
"44,39 : 0.4061"
"39,45 : 0.4134"
"45,39 : 0.4134"
"39,46 : 0.5714"
"46,39 : 0.5714"
"39,47 : 0.3178"
"47,39 : 0.3178"
"39,48 : 0.2773"
"48,39 : 0.2773"
"39,49 : 0.542"
"49,39 : 0.542"
"40,41 : 0.2789"
"41,40 : 0.2789"
"40,42 : 0.6301"
"42,40 : 0.6301"
"40,43 : 0.6747"
"43,40 : 0.6747"
"40,44 : 0.7301"
"44,40 : 0.7301"
"40,45 : 0.6943"
"45,40 : 0.6943"
"40,46 : 0.1838"
"46,40 : 0.1838"
"40,47 : 0.4319"
"47,40 : 0.4319"
"40,48 : 0.9323"
"48,40 : 0.9323"
"40,49 : 0.3801"
"49,40 : 0.3801"
"41,42 : 0.4512"
"42,41 : 0.4512"
"41,43 : 0.6042"
"43,41 : 0.6042"
"41,44 : 0.8207"
"44,41 : 0.8207"
"41,45 : 0.4885"
"45,41 : 0.4885"
"41,46 : 0.2236"
"46,41 : 0.2236"
"41,47 : 0.4272"
"47,41 : 0.4272"
"41,48 : 0.7951"
"48,41 : 0.7951"
"41,49 : 0.5456"
"49,41 : 0.5456"
"42,43 : 0.2746"
"43,42 : 0.2746"
"42,44 : 0.6791"
"44,42 : 0.6791"
"42,45 : 0.0906"
"45,42 : 0.0906"
"42,46 : 0.4534"
"46,42 : 0.4534"
"42,47 : 0.3396"
"47,42 : 0.3396"
"42,48 : 0.3501"
"48,42 : 0.3501"
"42,49 : 0.623"
"49,42 : 0.623"
"43,44 : 0.4301"
