x,y
0.82,0.78
0.62,0.49
0.66,0.31
0.23,0.23
0.99,0.06
0.5,0.38
0.18,0.97
0.18,0.24
0.44,0.62
0.75,0.51
0.7,0.94
0.32,0.54
0.75,0.0
0.74,0.98
0.85,0.63
0.8,0.8
0.03,0.49
0.46,0.05
0.24,0.32
0.03,0.06
0.71,0.43
0.22,0.0
0.91,0.41
0.04,0.05
0.42,0.54
0.75,0.27
0.79,0.93
0.5,0.28
0.14,0.3
0.21,0.54
0.52,0.26
0.76,0.56
0.61,0.12
0.22,0.07
0.68,0.79
0.09,0.65
0.42,0.12
0.22,0.54
0.26,0.7
0.47,0.31
0.59,0.65
0.92,0.55
0.16,0.88
0.35,0.65
0.65,0.66
0.97,0.76
0.59,0.14
0.08,0.23
0.86,0.73
0.92,0.75

Distanze
"0,1 : 0.3523"
"1,0 : 0.3523"
"0,2 : 0.4965"
"2,0 : 0.4965"
"0,3 : 0.8066"
"3,0 : 0.8066"
"0,4 : 0.7398"
"4,0 : 0.7398"
"0,5 : 0.5122"
"5,0 : 0.5122"
"0,6 : 0.6676"
"6,0 : 0.6676"
"0,7 : 0.8374"
"7,0 : 0.8374"
"0,8 : 0.4123"
"8,0 : 0.4123"
"0,9 : 0.2789"
"9,0 : 0.2789"
"0,10 : 0.2"
"10,0 : 0.2"
"0,11 : 0.5546"
"11,0 : 0.5546"
"0,12 : 0.7831"
"12,0 : 0.7831"
"0,13 : 0.2154"
"13,0 : 0.2154"
"0,14 : 0.153"
"14,0 : 0.153"
"0,15 : 0.0283"
"15,0 : 0.0283"
"0,16 : 0.8415"
"16,0 : 0.8415"
"0,17 : 0.8139"
"17,0 : 0.8139"
"0,18 : 0.7403"
"18,0 : 0.7403"
"0,19 : 1.0689"
"19,0 : 1.0689"
"0,20 : 0.3669"
"20,0 : 0.3669"
"0,21 : 0.9841"
"21,0 : 0.9841"
"0,22 : 0.3808"
"22,0 : 0.3808"
"0,23 : 1.0683"
"23,0 : 1.0683"
"0,24 : 0.4665"
"24,0 : 0.4665"
"0,25 : 0.5148"
"25,0 : 0.5148"
"0,26 : 0.153"
"26,0 : 0.153"
"0,27 : 0.5936"
"27,0 : 0.5936"
"0,28 : 0.8323"
"28,0 : 0.8323"
"0,29 : 0.6555"
"29,0 : 0.6555"
"0,30 : 0.6003"
"30,0 : 0.6003"
"0,31 : 0.228"
"31,0 : 0.228"
"0,32 : 0.6926"
"32,0 : 0.6926"
"0,33 : 0.9296"
"33,0 : 0.9296"
"0,34 : 0.1404"
"34,0 : 0.1404"
"0,35 : 0.7415"
"35,0 : 0.7415"
"0,36 : 0.7718"
"36,0 : 0.7718"
"0,37 : 0.6462"
"37,0 : 0.6462"
"0,38 : 0.5657"
"38,0 : 0.5657"
"0,39 : 0.586"
"39,0 : 0.586"
"0,40 : 0.2642"
"40,0 : 0.2642"
"0,41 : 0.2508"
"41,0 : 0.2508"
"0,42 : 0.6675"
"42,0 : 0.6675"
"0,43 : 0.4876"
"43,0 : 0.4876"
"0,44 : 0.2081"
"44,0 : 0.2081"
"0,45 : 0.1513"
"45,0 : 0.1513"
"0,46 : 0.6801"
"46,0 : 0.6801"
"0,47 : 0.922"
"47,0 : 0.922"
"0,48 : 0.064"
"48,0 : 0.064"
"0,49 : 0.1044"
"49,0 : 0.1044"
"1,2 : 0.1844"
"2,1 : 0.1844"
"1,3 : 0.4687"
"3,1 : 0.4687"
"1,4 : 0.5673"
"4,1 : 0.5673"
"1,5 : 0.1628"
"5,1 : 0.1628"
"1,6 : 0.6512"
"6,1 : 0.6512"
"1,7 : 0.5061"
"7,1 : 0.5061"
"1,8 : 0.222"
"8,1 : 0.222"
"1,9 : 0.1315"
"9,1 : 0.1315"
"1,10 : 0.4571"
"10,1 : 0.4571"
"1,11 : 0.3041"
"11,1 : 0.3041"
"1,12 : 0.507"
"12,1 : 0.507"
"1,13 : 0.5045"
"13,1 : 0.5045"
"1,14 : 0.2693"
"14,1 : 0.2693"
"1,15 : 0.3585"
"15,1 : 0.3585"
"1,16 : 0.59"
"16,1 : 0.59"
"1,17 : 0.4682"
"17,1 : 0.4682"
"1,18 : 0.4163"
"18,1 : 0.4163"
"1,19 : 0.7301"
"19,1 : 0.7301"
"1,20 : 0.1082"
"20,1 : 0.1082"
"1,21 : 0.6325"
"21,1 : 0.6325"
"1,22 : 0.3008"
"22,1 : 0.3008"
"1,23 : 0.728"
"23,1 : 0.728"
"1,24 : 0.2062"
"24,1 : 0.2062"
"1,25 : 0.2555"
"25,1 : 0.2555"
"1,26 : 0.4717"
"26,1 : 0.4717"
"1,27 : 0.2419"
"27,1 : 0.2419"
"1,28 : 0.5162"
"28,1 : 0.5162"
"1,29 : 0.413"
"29,1 : 0.413"
"1,30 : 0.2508"
"30,1 : 0.2508"
"1,31 : 0.1565"
"31,1 : 0.1565"
"1,32 : 0.3701"
"32,1 : 0.3701"
"1,33 : 0.58"
"33,1 : 0.58"
"1,34 : 0.3059"
"34,1 : 0.3059"
"1,35 : 0.5536"
"35,1 : 0.5536"
"1,36 : 0.4206"
"36,1 : 0.4206"
"1,37 : 0.4031"
"37,1 : 0.4031"
"1,38 : 0.4168"
"38,1 : 0.4168"
"1,39 : 0.2343"
"39,1 : 0.2343"
"1,40 : 0.1628"
"40,1 : 0.1628"
"1,41 : 0.3059"
"41,1 : 0.3059"
"1,42 : 0.6031"
"42,1 : 0.6031"
"1,43 : 0.3138"
"43,1 : 0.3138"
"1,44 : 0.1726"
"44,1 : 0.1726"
"1,45 : 0.442"
"45,1 : 0.442"
"1,46 : 0.3513"
"46,1 : 0.3513"
"1,47 : 0.5993"
"47,1 : 0.5993"
"1,48 : 0.3394"
"48,1 : 0.3394"
"1,49 : 0.397"
"49,1 : 0.397"
"2,3 : 0.4374"
"3,2 : 0.4374"
"2,4 : 0.414"
"4,2 : 0.414"
"2,5 : 0.1746"
"5,2 : 0.1746"
"2,6 : 0.8161"
"6,2 : 0.8161"
"2,7 : 0.4851"
"7,2 : 0.4851"
"2,8 : 0.3801"
"8,2 : 0.3801"
"2,9 : 0.2193"
"9,2 : 0.2193"
"2,10 : 0.6313"
"10,2 : 0.6313"
"2,11 : 0.4105"
"11,2 : 0.4105"
"2,12 : 0.3228"
"12,2 : 0.3228"
"2,13 : 0.6748"
"13,2 : 0.6748"
"2,14 : 0.3722"
"14,2 : 0.3722"
"2,15 : 0.5096"
"15,2 : 0.5096"
"2,16 : 0.6552"
"16,2 : 0.6552"
"2,17 : 0.328"
"17,2 : 0.328"
"2,18 : 0.4201"
"18,2 : 0.4201"
"2,19 : 0.6778"
"19,2 : 0.6778"
"2,20 : 0.13"
"20,2 : 0.13"
"2,21 : 0.5382"
"21,2 : 0.5382"
"2,22 : 0.2693"
"22,2 : 0.2693"
"2,23 : 0.6723"
"23,2 : 0.6723"
"2,24 : 0.3324"
"24,2 : 0.3324"
"2,25 : 0.0985"
"25,2 : 0.0985"
"2,26 : 0.6335"
"26,2 : 0.6335"
"2,27 : 0.1628"
"27,2 : 0.1628"
"2,28 : 0.5201"
"28,2 : 0.5201"
"2,29 : 0.5054"
"29,2 : 0.5054"
"2,30 : 0.1487"
"30,2 : 0.1487"
"2,31 : 0.2693"
"31,2 : 0.2693"
"2,32 : 0.1965"
"32,2 : 0.1965"
"2,33 : 0.5012"
"33,2 : 0.5012"
"2,34 : 0.4804"
"34,2 : 0.4804"
"2,35 : 0.6637"
"35,2 : 0.6637"
"2,36 : 0.3061"
"36,2 : 0.3061"
"2,37 : 0.4965"
"37,2 : 0.4965"
"2,38 : 0.5587"
"38,2 : 0.5587"
"2,39 : 0.19"
"39,2 : 0.19"
"2,40 : 0.3471"
"40,2 : 0.3471"
"2,41 : 0.3538"
"41,2 : 0.3538"
"2,42 : 0.7582"
"42,2 : 0.7582"
"2,43 : 0.4601"
"43,2 : 0.4601"
"2,44 : 0.3501"
"44,2 : 0.3501"
"2,45 : 0.5464"
"45,2 : 0.5464"
"2,46 : 0.1838"
"46,2 : 0.1838"
"2,47 : 0.5855"
"47,2 : 0.5855"
"2,48 : 0.4652"
"48,2 : 0.4652"
"2,49 : 0.5111"
"49,2 : 0.5111"
"3,4 : 0.7788"
"4,3 : 0.7788"
"3,5 : 0.3089"
"5,3 : 0.3089"
"3,6 : 0.7417"
"6,3 : 0.7417"
"3,7 : 0.051"
"7,3 : 0.051"
"3,8 : 0.4429"
"8,3 : 0.4429"
"3,9 : 0.5906"
"9,3 : 0.5906"
"3,10 : 0.8515"
"10,3 : 0.8515"
"3,11 : 0.3228"
"11,3 : 0.3228"
"3,12 : 0.5686"
"12,3 : 0.5686"
"3,13 : 0.907"
"13,3 : 0.907"
"3,14 : 0.7378"
"14,3 : 0.7378"
"3,15 : 0.8061"
"15,3 : 0.8061"
"3,16 : 0.328"
"16,3 : 0.328"
"3,17 : 0.2921"
"17,3 : 0.2921"
"3,18 : 0.0906"
"18,3 : 0.0906"
"3,19 : 0.2625"
"19,3 : 0.2625"
"3,20 : 0.52"
"20,3 : 0.52"
"3,21 : 0.2302"
"21,3 : 0.2302"
"3,22 : 0.7034"
"22,3 : 0.7034"
"3,23 : 0.2617"
"23,3 : 0.2617"
"3,24 : 0.3636"
"24,3 : 0.3636"
"3,25 : 0.5215"
"25,3 : 0.5215"
"3,26 : 0.8964"
"26,3 : 0.8964"
"3,27 : 0.2746"
"27,3 : 0.2746"
"3,28 : 0.114"
"28,3 : 0.114"
"3,29 : 0.3106"
"29,3 : 0.3106"
"3,30 : 0.2915"
"30,3 : 0.2915"
"3,31 : 0.6243"
"31,3 : 0.6243"
"3,32 : 0.3956"
"32,3 : 0.3956"
"3,33 : 0.1603"
"33,3 : 0.1603"
"3,34 : 0.7184"
"34,3 : 0.7184"
"3,35 : 0.4427"
"35,3 : 0.4427"
"3,36 : 0.2195"
"36,3 : 0.2195"
"3,37 : 0.3102"
"37,3 : 0.3102"
"3,38 : 0.471"
"38,3 : 0.471"
"3,39 : 0.253"
"39,3 : 0.253"
"3,40 : 0.5532"
"40,3 : 0.5532"
"3,41 : 0.7606"
"41,3 : 0.7606"
"3,42 : 0.6538"
"42,3 : 0.6538"
"3,43 : 0.4368"
"43,3 : 0.4368"
"3,44 : 0.6011"
"44,3 : 0.6011"
"3,45 : 0.9102"
"45,3 : 0.9102"
"3,46 : 0.3711"
"46,3 : 0.3711"
"3,47 : 0.15"
"47,3 : 0.15"
"3,48 : 0.8043"
"48,3 : 0.8043"
"3,49 : 0.864"
"49,3 : 0.864"
"4,5 : 0.5852"
"5,4 : 0.5852"
"4,6 : 1.2183"
"6,4 : 1.2183"
"4,7 : 0.8298"
"7,4 : 0.8298"
"4,8 : 0.7849"
"8,4 : 0.7849"
"4,9 : 0.51"
"9,4 : 0.51"
"4,10 : 0.9266"
"10,4 : 0.9266"
"4,11 : 0.8242"
"11,4 : 0.8242"
"4,12 : 0.2474"
"12,4 : 0.2474"
"4,13 : 0.9534"
"13,4 : 0.9534"
"4,14 : 0.5869"
"14,4 : 0.5869"
"4,15 : 0.764"
"15,4 : 0.764"
"4,16 : 1.0519"
"16,4 : 1.0519"
"4,17 : 0.5301"
"17,4 : 0.5301"
"4,18 : 0.7938"
"18,4 : 0.7938"
"4,19 : 0.96"
"19,4 : 0.96"
"4,20 : 0.464"
"20,4 : 0.464"
"4,21 : 0.7723"
"21,4 : 0.7723"
"4,22 : 0.359"
"22,4 : 0.359"
"4,23 : 0.9501"
"23,4 : 0.9501"
"4,24 : 0.7452"
"24,4 : 0.7452"
"4,25 : 0.3189"
"25,4 : 0.3189"
"4,26 : 0.8927"
"26,4 : 0.8927"
"4,27 : 0.5371"
"27,4 : 0.5371"
"4,28 : 0.8832"
"28,4 : 0.8832"
"4,29 : 0.9159"
"29,4 : 0.9159"
"4,30 : 0.5108"
"30,4 : 0.5108"
"4,31 : 0.5504"
"31,4 : 0.5504"
"4,32 : 0.3847"
"32,4 : 0.3847"
"4,33 : 0.7701"
"33,4 : 0.7701"
"4,34 : 0.7931"
"34,4 : 0.7931"
"4,35 : 1.0762"
"35,4 : 1.0762"
"4,36 : 0.5731"
"36,4 : 0.5731"
"4,37 : 0.9074"
"37,4 : 0.9074"
"4,38 : 0.9708"
"38,4 : 0.9708"
"4,39 : 0.577"
"39,4 : 0.577"
"4,40 : 0.7128"
"40,4 : 0.7128"
"4,41 : 0.495"
"41,4 : 0.495"
"4,42 : 1.1667"
"42,4 : 1.1667"
"4,43 : 0.8705"
"43,4 : 0.8705"
"4,44 : 0.6896"
"44,4 : 0.6896"
"4,45 : 0.7003"
"45,4 : 0.7003"
"4,46 : 0.4079"
"46,4 : 0.4079"
"4,47 : 0.9257"
"47,4 : 0.9257"
"4,48 : 0.6825"
"48,4 : 0.6825"
"4,49 : 0.6935"
"49,4 : 0.6935"
"5,6 : 0.6712"
"6,5 : 0.6712"
"5,7 : 0.3493"
"7,5 : 0.3493"
"5,8 : 0.2474"
"8,5 : 0.2474"
"5,9 : 0.2818"
"9,5 : 0.2818"
"5,10 : 0.5946"
"10,5 : 0.5946"
"5,11 : 0.2408"
"11,5 : 0.2408"
"5,12 : 0.4549"
"12,5 : 0.4549"
"5,13 : 0.6462"
"13,5 : 0.6462"
"5,14 : 0.4301"
"14,5 : 0.4301"
"5,15 : 0.5161"
"15,5 : 0.5161"
"5,16 : 0.4827"
"16,5 : 0.4827"
"5,17 : 0.3324"
"17,5 : 0.3324"
"5,18 : 0.2668"
"18,5 : 0.2668"
"5,19 : 0.5686"
"19,5 : 0.5686"
"5,20 : 0.2159"
"20,5 : 0.2159"
"5,21 : 0.472"
"21,5 : 0.472"
"5,22 : 0.4111"
"22,5 : 0.4111"
"5,23 : 0.5661"
"23,5 : 0.5661"
"5,24 : 0.1789"
"24,5 : 0.1789"
"5,25 : 0.2731"
"25,5 : 0.2731"
"5,26 : 0.6218"
"26,5 : 0.6218"
"5,27 : 0.1"
"27,5 : 0.1"
"5,28 : 0.3688"
"28,5 : 0.3688"
"5,29 : 0.3312"
"29,5 : 0.3312"
"5,30 : 0.1217"
"30,5 : 0.1217"
"5,31 : 0.3162"
"31,5 : 0.3162"
"5,32 : 0.2823"
"32,5 : 0.2823"
"5,33 : 0.4177"
"33,5 : 0.4177"
"5,34 : 0.4478"
"34,5 : 0.4478"
"5,35 : 0.4909"
"35,5 : 0.4909"
"5,36 : 0.272"
"36,5 : 0.272"
"5,37 : 0.3225"
"37,5 : 0.3225"
"5,38 : 0.4"
"38,5 : 0.4"
"5,39 : 0.0762"
"39,5 : 0.0762"
"5,40 : 0.2846"
"40,5 : 0.2846"
"5,41 : 0.4531"
"41,5 : 0.4531"
"5,42 : 0.6046"
"42,5 : 0.6046"
"5,43 : 0.3089"
"43,5 : 0.3089"
"5,44 : 0.3176"
"44,5 : 0.3176"
"5,45 : 0.6044"
"45,5 : 0.6044"
"5,46 : 0.2563"
"46,5 : 0.2563"
"5,47 : 0.446"
"47,5 : 0.446"
"5,48 : 0.5021"
"48,5 : 0.5021"
"5,49 : 0.5597"
"49,5 : 0.5597"
"6,7 : 0.73"
"7,6 : 0.73"
"6,8 : 0.436"
"8,6 : 0.436"
"6,9 : 0.7325"
"9,6 : 0.7325"
"6,10 : 0.5209"
"10,6 : 0.5209"
"6,11 : 0.4522"
"11,6 : 0.4522"
"6,12 : 1.1251"
"12,6 : 1.1251"
"6,13 : 0.5601"
"13,6 : 0.5601"
"6,14 : 0.7513"
"14,6 : 0.7513"
"6,15 : 0.6429"
"15,6 : 0.6429"
"6,16 : 0.5029"
"16,6 : 0.5029"
"6,17 : 0.9617"
"17,6 : 0.9617"
"6,18 : 0.6528"
"18,6 : 0.6528"
"6,19 : 0.9223"
"19,6 : 0.9223"
"6,20 : 0.7566"
"20,6 : 0.7566"
"6,21 : 0.9708"
"21,6 : 0.9708"
"6,22 : 0.9201"
"22,6 : 0.9201"
"6,23 : 0.9306"
"23,6 : 0.9306"
"6,24 : 0.4924"
"24,6 : 0.4924"
"6,25 : 0.9027"
"25,6 : 0.9027"
"6,26 : 0.6113"
"26,6 : 0.6113"
"6,27 : 0.7606"
"27,6 : 0.7606"
"6,28 : 0.6712"
"28,6 : 0.6712"
"6,29 : 0.431"
"29,6 : 0.431"
"6,30 : 0.7872"
"30,6 : 0.7872"
"6,31 : 0.7103"
"31,6 : 0.7103"
"6,32 : 0.9526"
"32,6 : 0.9526"
"6,33 : 0.9009"
"33,6 : 0.9009"
"6,34 : 0.5314"
"34,6 : 0.5314"
"6,35 : 0.3324"
"35,6 : 0.3324"
"6,36 : 0.8832"
"36,6 : 0.8832"
"6,37 : 0.4319"
"37,6 : 0.4319"
"6,38 : 0.2816"
"38,6 : 0.2816"
"6,39 : 0.7209"
"39,6 : 0.7209"
"6,40 : 0.5201"
"40,6 : 0.5201"
"6,41 : 0.8509"
"41,6 : 0.8509"
"6,42 : 0.0922"
"42,6 : 0.0922"
"6,43 : 0.3624"
"43,6 : 0.3624"
"6,44 : 0.563"
"44,6 : 0.563"
"6,45 : 0.8174"
"45,6 : 0.8174"
"6,46 : 0.9257"
"46,6 : 0.9257"
"6,47 : 0.7467"
"47,6 : 0.7467"
"6,48 : 0.7211"
"48,6 : 0.7211"
"6,49 : 0.772"
"49,6 : 0.772"
"7,8 : 0.4604"
"8,7 : 0.4604"
"7,9 : 0.6307"
"9,7 : 0.6307"
"7,10 : 0.872"
"10,7 : 0.872"
"7,11 : 0.3311"
"11,7 : 0.3311"
"7,12 : 0.6185"
"12,7 : 0.6185"
"7,13 : 0.928"
"13,7 : 0.928"
"7,14 : 0.7752"
"14,7 : 0.7752"
"7,15 : 0.8355"
"15,7 : 0.8355"
"7,16 : 0.2915"
"16,7 : 0.2915"
"7,17 : 0.3384"
"17,7 : 0.3384"
"7,18 : 0.1"
"18,7 : 0.1"
"7,19 : 0.2343"
"19,7 : 0.2343"
"7,20 : 0.563"
"20,7 : 0.563"
"7,21 : 0.2433"
"21,7 : 0.2433"
"7,22 : 0.7495"
"22,7 : 0.7495"
"7,23 : 0.236"
"23,7 : 0.236"
"7,24 : 0.3842"
"24,7 : 0.3842"
"7,25 : 0.5708"
"25,7 : 0.5708"
"7,26 : 0.921"
"26,7 : 0.921"
"7,27 : 0.3225"
"27,7 : 0.3225"
"7,28 : 0.0721"
"28,7 : 0.0721"
"7,29 : 0.3015"
"29,7 : 0.3015"
"7,30 : 0.3406"
"30,7 : 0.3406"
"7,31 : 0.6624"
"31,7 : 0.6624"
"7,32 : 0.4464"
"32,7 : 0.4464"
"7,33 : 0.1746"
"33,7 : 0.1746"
"7,34 : 0.7433"
"34,7 : 0.7433"
"7,35 : 0.4198"
"35,7 : 0.4198"
"7,36 : 0.2683"
"36,7 : 0.2683"
"7,37 : 0.3027"
"37,7 : 0.3027"
"7,38 : 0.4669"
"38,7 : 0.4669"
"7,39 : 0.2983"
"39,7 : 0.2983"
"7,40 : 0.5798"
"40,7 : 0.5798"
"7,41 : 0.8023"
"41,7 : 0.8023"
"7,42 : 0.6403"
"42,7 : 0.6403"
"7,43 : 0.4438"
"43,7 : 0.4438"
"7,44 : 0.6303"
"44,7 : 0.6303"
"7,45 : 0.9458"
"45,7 : 0.9458"
"7,46 : 0.422"
"46,7 : 0.422"
"7,47 : 0.1005"
"47,7 : 0.1005"
"7,48 : 0.8382"
"48,7 : 0.8382"
"7,49 : 0.8987"
"49,7 : 0.8987"
"8,9 : 0.3289"
"9,8 : 0.3289"
"8,10 : 0.4123"
"10,8 : 0.4123"
"8,11 : 0.1442"
"11,8 : 0.1442"
"8,12 : 0.6932"
"12,8 : 0.6932"
"8,13 : 0.4686"
"13,8 : 0.4686"
"8,14 : 0.4101"
"14,8 : 0.4101"
"8,15 : 0.4025"
"15,8 : 0.4025"
"8,16 : 0.4301"
"16,8 : 0.4301"
"8,17 : 0.5704"
"17,8 : 0.5704"
"8,18 : 0.3606"
"18,8 : 0.3606"
"8,19 : 0.694"
"19,8 : 0.694"
"8,20 : 0.3302"
"20,8 : 0.3302"
"8,21 : 0.6579"
"21,8 : 0.6579"
"8,22 : 0.5148"
"22,8 : 0.5148"
"8,23 : 0.6963"
"23,8 : 0.6963"
"8,24 : 0.0825"
"24,8 : 0.0825"
"8,25 : 0.4675"
"25,8 : 0.4675"
"8,26 : 0.4675"
"26,8 : 0.4675"
"8,27 : 0.3453"
"27,8 : 0.3453"
"8,28 : 0.4386"
"28,8 : 0.4386"
"8,29 : 0.2435"
"29,8 : 0.2435"
"8,30 : 0.3688"
"30,8 : 0.3688"
"8,31 : 0.3256"
"31,8 : 0.3256"
"8,32 : 0.5281"
"32,8 : 0.5281"
"8,33 : 0.5924"
"33,8 : 0.5924"
"8,34 : 0.2941"
"34,8 : 0.2941"
"8,35 : 0.3513"
"35,8 : 0.3513"
"8,36 : 0.5004"
"36,8 : 0.5004"
"8,37 : 0.2341"
"37,8 : 0.2341"
"8,38 : 0.197"
"38,8 : 0.197"
"8,39 : 0.3114"
"39,8 : 0.3114"
"8,40 : 0.153"
"40,8 : 0.153"
"8,41 : 0.4851"
"41,8 : 0.4851"
"8,42 : 0.3821"
"42,8 : 0.3821"
"8,43 : 0.0949"
"43,8 : 0.0949"
"8,44 : 0.2138"
"44,8 : 0.2138"
"8,45 : 0.5482"
"45,8 : 0.5482"
"8,46 : 0.5029"
"46,8 : 0.5029"
"8,47 : 0.5308"
"47,8 : 0.5308"
"8,48 : 0.4342"
"48,8 : 0.4342"
"8,49 : 0.4973"
"49,8 : 0.4973"
"9,10 : 0.4329"
"10,9 : 0.4329"
"9,11 : 0.431"
"11,9 : 0.431"
"9,12 : 0.51"
"12,9 : 0.51"
"9,13 : 0.4701"
"13,9 : 0.4701"
"9,14 : 0.1562"
"14,9 : 0.1562"
"9,15 : 0.2943"
"15,9 : 0.2943"
"9,16 : 0.7203"
"16,9 : 0.7203"
"9,17 : 0.5438"
"17,9 : 0.5438"
"9,18 : 0.5442"
"18,9 : 0.5442"
"9,19 : 0.8491"
"19,9 : 0.8491"
"9,20 : 0.0894"
"20,9 : 0.0894"
"9,21 : 0.7355"
"21,9 : 0.7355"
"9,22 : 0.1887"
"22,9 : 0.1887"
"9,23 : 0.846"
"23,9 : 0.846"
"9,24 : 0.3314"
"24,9 : 0.3314"
"9,25 : 0.24"
"25,9 : 0.24"
"9,26 : 0.4219"
"26,9 : 0.4219"
"9,27 : 0.3397"
"27,9 : 0.3397"
"9,28 : 0.6451"
"28,9 : 0.6451"
"9,29 : 0.5408"
"29,9 : 0.5408"
"9,30 : 0.3397"
"30,9 : 0.3397"
"9,31 : 0.051"
"31,9 : 0.051"
"9,32 : 0.4144"
"32,9 : 0.4144"
"9,33 : 0.6888"
"33,9 : 0.6888"
"9,34 : 0.2886"
"34,9 : 0.2886"
"9,35 : 0.6747"
"35,9 : 0.6747"
"9,36 : 0.5109"
"36,9 : 0.5109"
"9,37 : 0.5308"
"37,9 : 0.5308"
"9,38 : 0.5255"
"38,9 : 0.5255"
"9,39 : 0.3441"
"39,9 : 0.3441"
"9,40 : 0.2126"
"40,9 : 0.2126"
"9,41 : 0.1746"
"41,9 : 0.1746"
"9,42 : 0.6964"
"42,9 : 0.6964"
"9,43 : 0.4238"
"43,9 : 0.4238"
"9,44 : 0.1803"
"44,9 : 0.1803"
"9,45 : 0.333"
"45,9 : 0.333"
"9,46 : 0.4031"
"46,9 : 0.4031"
"9,47 : 0.7262"
"47,9 : 0.7262"
"9,48 : 0.246"
"48,9 : 0.246"
"9,49 : 0.2941"
"49,9 : 0.2941"
"10,11 : 0.5517"
"11,10 : 0.5517"
"10,12 : 0.9413"
"12,10 : 0.9413"
"10,13 : 0.0566"
"13,10 : 0.0566"
"10,14 : 0.3444"
"14,10 : 0.3444"
"10,15 : 0.172"
"15,10 : 0.172"
"10,16 : 0.8071"
"16,10 : 0.8071"
"10,17 : 0.9218"
"17,10 : 0.9218"
"10,18 : 0.772"
"18,10 : 0.772"
"10,19 : 1.106"
"19,10 : 1.106"
"10,20 : 0.5101"
"20,10 : 0.5101"
"10,21 : 1.0555"
"21,10 : 1.0555"
"10,22 : 0.5701"
"22,10 : 0.5701"
"10,23 : 1.108"
"23,10 : 1.108"
"10,24 : 0.4883"
"24,10 : 0.4883"
"10,25 : 0.6719"
"25,10 : 0.6719"
"10,26 : 0.0906"
"26,10 : 0.0906"
"10,27 : 0.6896"
"27,10 : 0.6896"
"10,28 : 0.8504"
"28,10 : 0.8504"
"10,29 : 0.6325"
"29,10 : 0.6325"
"10,30 : 0.7034"
"30,10 : 0.7034"
"10,31 : 0.3847"
"31,10 : 0.3847"
"10,32 : 0.8249"
"32,10 : 0.8249"
"10,33 : 0.9936"
"33,10 : 0.9936"
"10,34 : 0.1513"
"34,10 : 0.1513"
"10,35 : 0.6754"
"35,10 : 0.6754"
"10,36 : 0.8665"
"36,10 : 0.8665"
"10,37 : 0.6248"
"37,10 : 0.6248"
"10,38 : 0.5012"
"38,10 : 0.5012"
"10,39 : 0.6707"
"39,10 : 0.6707"
"10,40 : 0.3102"
"40,10 : 0.3102"
"10,41 : 0.4478"
"41,10 : 0.4478"
"10,42 : 0.5433"
"42,10 : 0.5433"
"10,43 : 0.4545"
"43,10 : 0.4545"
"10,44 : 0.2844"
"44,10 : 0.2844"
"10,45 : 0.3245"
"45,10 : 0.3245"
"10,46 : 0.8075"
"46,10 : 0.8075"
"10,47 : 0.9426"
"47,10 : 0.9426"
"10,48 : 0.264"
"48,10 : 0.264"
"10,49 : 0.2907"
"49,10 : 0.2907"
"11,12 : 0.6903"
"12,11 : 0.6903"
"11,13 : 0.6083"
"13,11 : 0.6083"
"11,14 : 0.5376"
"14,11 : 0.5376"
"11,15 : 0.5459"
"15,11 : 0.5459"
"11,16 : 0.2943"
"16,11 : 0.2943"
"11,17 : 0.5096"
"17,11 : 0.5096"
"11,18 : 0.2341"
"18,11 : 0.2341"
"11,19 : 0.5608"
"19,11 : 0.5608"
"11,20 : 0.4052"
"20,11 : 0.4052"
"11,21 : 0.5492"
"21,11 : 0.5492"
"11,22 : 0.6042"
"22,11 : 0.6042"
"11,23 : 0.5644"
"23,11 : 0.5644"
"11,24 : 0.1"
"24,11 : 0.1"
"11,25 : 0.5077"
"25,11 : 0.5077"
"11,26 : 0.6107"
"26,11 : 0.6107"
"11,27 : 0.3162"
"27,11 : 0.3162"
"11,28 : 0.3"
"28,11 : 0.3"
"11,29 : 0.11"
"29,11 : 0.11"
"11,30 : 0.3441"
"30,11 : 0.3441"
"11,31 : 0.4405"
"31,11 : 0.4405"
"11,32 : 0.5104"
"32,11 : 0.5104"
"11,33 : 0.4805"
"33,11 : 0.4805"
"11,34 : 0.4383"
"34,11 : 0.4383"
"11,35 : 0.255"
"35,11 : 0.255"
"11,36 : 0.4317"
"36,11 : 0.4317"
"11,37 : 0.1"
"37,11 : 0.1"
"11,38 : 0.1709"
"38,11 : 0.1709"
"11,39 : 0.2746"
"39,11 : 0.2746"
"11,40 : 0.2915"
"40,11 : 0.2915"
"11,41 : 0.6001"
"41,11 : 0.6001"
"11,42 : 0.3758"
"42,11 : 0.3758"
"11,43 : 0.114"
"43,11 : 0.114"
"11,44 : 0.3511"
"44,11 : 0.3511"
"11,45 : 0.6862"
"45,11 : 0.6862"
"11,46 : 0.4826"
"46,11 : 0.4826"
"11,47 : 0.392"
"47,11 : 0.392"
"11,48 : 0.5725"
"48,11 : 0.5725"
"11,49 : 0.6357"
"49,11 : 0.6357"
"12,13 : 0.9801"
"13,12 : 0.9801"
"12,14 : 0.6379"
"14,12 : 0.6379"
"12,15 : 0.8016"
"15,12 : 0.8016"
"12,16 : 0.8709"
"16,12 : 0.8709"
"12,17 : 0.2943"
"17,12 : 0.2943"
"12,18 : 0.6021"
"18,12 : 0.6021"
"12,19 : 0.7225"
"19,12 : 0.7225"
"12,20 : 0.4319"
"20,12 : 0.4319"
"12,21 : 0.53"
"21,12 : 0.53"
"12,22 : 0.4401"
"22,12 : 0.4401"
"12,23 : 0.7118"
"23,12 : 0.7118"
"12,24 : 0.6329"
"24,12 : 0.6329"
"12,25 : 0.27"
"25,12 : 0.27"
"12,26 : 0.9309"
"26,12 : 0.9309"
"12,27 : 0.3754"
"27,12 : 0.3754"
"12,28 : 0.6798"
"28,12 : 0.6798"
"12,29 : 0.7637"
"29,12 : 0.7637"
"12,30 : 0.3471"
"30,12 : 0.3471"
"12,31 : 0.5601"
"31,12 : 0.5601"
"12,32 : 0.1844"
"32,12 : 0.1844"
"12,33 : 0.5346"
"33,12 : 0.5346"
"12,34 : 0.7931"
"34,12 : 0.7931"
"12,35 : 0.9263"
"35,12 : 0.9263"
"12,36 : 0.3511"
"36,12 : 0.3511"
"12,37 : 0.7566"
"37,12 : 0.7566"
"12,38 : 0.8545"
"38,12 : 0.8545"
"12,39 : 0.4177"
"39,12 : 0.4177"
"12,40 : 0.6694"
"40,12 : 0.6694"
"12,41 : 0.5757"
"41,12 : 0.5757"
"12,42 : 1.0595"
"42,12 : 1.0595"
"12,43 : 0.7632"
"43,12 : 0.7632"
"12,44 : 0.6675"
"44,12 : 0.6675"
"12,45 : 0.7912"
"45,12 : 0.7912"
"12,46 : 0.2126"
"46,12 : 0.2126"
"12,47 : 0.7084"
"47,12 : 0.7084"
"12,48 : 0.7382"
"48,12 : 0.7382"
"12,49 : 0.769"
"49,12 : 0.769"
"13,14 : 0.3669"
"14,13 : 0.3669"
"13,15 : 0.1897"
"15,13 : 0.1897"
"13,16 : 0.8627"
"16,13 : 0.8627"
"13,17 : 0.9712"
"17,13 : 0.9712"
"13,18 : 0.828"
"18,13 : 0.828"
"13,19 : 1.1621"
"19,13 : 1.1621"
"13,20 : 0.5508"
"20,13 : 0.5508"
"13,21 : 1.1094"
"21,13 : 1.1094"
"13,22 : 0.5948"
"22,13 : 0.5948"
"13,23 : 1.164"
"23,13 : 1.164"
"13,24 : 0.5441"
"24,13 : 0.5441"
"13,25 : 0.7101"
"25,13 : 0.7101"
"13,26 : 0.0707"
"26,13 : 0.0707"
"13,27 : 0.74"
"27,13 : 0.74"
"13,28 : 0.9069"
"28,13 : 0.9069"
"13,29 : 0.6888"
"29,13 : 0.6888"
"13,30 : 0.7529"
"30,13 : 0.7529"
"13,31 : 0.4205"
"31,13 : 0.4205"
"13,32 : 0.8698"
"32,13 : 0.8698"
"13,33 : 1.0481"
"33,13 : 1.0481"
"13,34 : 0.1992"
"34,13 : 0.1992"
"13,35 : 0.729"
"35,13 : 0.729"
"13,36 : 0.9176"
"36,13 : 0.9176"
"13,37 : 0.6812"
"37,13 : 0.6812"
"13,38 : 0.5557"
"38,13 : 0.5557"
"13,39 : 0.7224"
"39,13 : 0.7224"
"13,40 : 0.3625"
"40,13 : 0.3625"
"13,41 : 0.4662"
"41,13 : 0.4662"
"13,42 : 0.5886"
"42,13 : 0.5886"
"13,43 : 0.5109"
"43,13 : 0.5109"
"13,44 : 0.3324"
"44,13 : 0.3324"
"13,45 : 0.3183"
"45,13 : 0.3183"
"13,46 : 0.8533"
"46,13 : 0.8533"
"13,47 : 0.999"
"47,13 : 0.999"
"13,48 : 0.2773"
"48,13 : 0.2773"
"13,49 : 0.2921"
"49,13 : 0.2921"
"14,15 : 0.1772"
"15,14 : 0.1772"
"14,16 : 0.8319"
"16,14 : 0.8319"
"14,17 : 0.6989"
"17,14 : 0.6989"
"14,18 : 0.6843"
"18,14 : 0.6843"
"14,19 : 0.9986"
"19,14 : 0.9986"
"14,20 : 0.2441"
"20,14 : 0.2441"
"14,21 : 0.891"
"21,14 : 0.891"
"14,22 : 0.228"
"22,14 : 0.228"
"14,23 : 0.9962"
"23,14 : 0.9962"
"14,24 : 0.4393"
"24,14 : 0.4393"
"14,25 : 0.3736"
"25,14 : 0.3736"
"14,26 : 0.3059"
"26,14 : 0.3059"
"14,27 : 0.495"
"27,14 : 0.495"
"14,28 : 0.7829"
"28,14 : 0.7829"
"14,29 : 0.6463"
"29,14 : 0.6463"
"14,30 : 0.4958"
"30,14 : 0.4958"
"14,31 : 0.114"
"31,14 : 0.114"
"14,32 : 0.5636"
"32,14 : 0.5636"
"14,33 : 0.8429"
"33,14 : 0.8429"
"14,34 : 0.2335"
"34,14 : 0.2335"
"14,35 : 0.7603"
"35,14 : 0.7603"
"14,36 : 0.6671"
"36,14 : 0.6671"
"14,37 : 0.6364"
"37,14 : 0.6364"
"14,38 : 0.5941"
"38,14 : 0.5941"
"14,39 : 0.4968"
"39,14 : 0.4968"
"14,40 : 0.2608"
"40,14 : 0.2608"
"14,41 : 0.1063"
"41,14 : 0.1063"
"14,42 : 0.7339"
"42,14 : 0.7339"
"14,43 : 0.5004"
"43,14 : 0.5004"
"14,44 : 0.2022"
"44,14 : 0.2022"
"14,45 : 0.1769"
"45,14 : 0.1769"
"14,46 : 0.5547"
"46,14 : 0.5547"
"14,47 : 0.8677"
"47,14 : 0.8677"
"14,48 : 0.1005"
"48,14 : 0.1005"
"14,49 : 0.1389"
"49,14 : 0.1389"
"15,16 : 0.8301"
"16,15 : 0.8301"
"15,17 : 0.8235"
"17,15 : 0.8235"
"15,18 : 0.7376"
"18,15 : 0.7376"
"15,19 : 1.0679"
"19,15 : 1.0679"
"15,20 : 0.3808"
"20,15 : 0.3808"
"15,21 : 0.9881"
"21,15 : 0.9881"
"15,22 : 0.4052"
"22,15 : 0.4052"
"15,23 : 1.0678"
"23,15 : 1.0678"
"15,24 : 0.4604"
"24,15 : 0.4604"
"15,25 : 0.5324"
"25,15 : 0.5324"
"15,26 : 0.1304"
"26,15 : 0.1304"
"15,27 : 0.6003"
"27,15 : 0.6003"
"15,28 : 0.828"
"28,15 : 0.828"
"15,29 : 0.6447"
"29,15 : 0.6447"
"15,30 : 0.6083"
"30,15 : 0.6083"
"15,31 : 0.2433"
"31,15 : 0.2433"
"15,32 : 0.706"
"32,15 : 0.706"
"15,33 : 0.9324"
"33,15 : 0.9324"
"15,34 : 0.1204"
"34,15 : 0.1204"
"15,35 : 0.7257"
"35,15 : 0.7257"
"15,36 : 0.779"
"36,15 : 0.779"
"15,37 : 0.6356"
"37,15 : 0.6356"
"15,38 : 0.5492"
"38,15 : 0.5492"
"15,39 : 0.5908"
"39,15 : 0.5908"
"15,40 : 0.2581"
"40,15 : 0.2581"
"15,41 : 0.2773"
"41,15 : 0.2773"
"15,42 : 0.645"
"42,15 : 0.645"
"15,43 : 0.4743"
"43,15 : 0.4743"
"15,44 : 0.2052"
"44,15 : 0.2052"
"15,45 : 0.1746"
"45,15 : 0.1746"
"15,46 : 0.6926"
"46,15 : 0.6926"
"15,47 : 0.9183"
"47,15 : 0.9183"
"15,48 : 0.0922"
"48,15 : 0.0922"
"15,49 : 0.13"
"49,15 : 0.13"
"16,17 : 0.6152"
"17,16 : 0.6152"
"16,18 : 0.2702"
"18,16 : 0.2702"
"16,19 : 0.43"
"19,16 : 0.43"
"16,20 : 0.6826"
"20,16 : 0.6826"
"16,21 : 0.5255"
"21,16 : 0.5255"
"16,22 : 0.8836"
"22,16 : 0.8836"
"16,23 : 0.4401"
"23,16 : 0.4401"
"16,24 : 0.3932"
"24,16 : 0.3932"
"16,25 : 0.7529"
"25,16 : 0.7529"
"16,26 : 0.8782"
"26,16 : 0.8782"
"16,27 : 0.5148"
"27,16 : 0.5148"
"16,28 : 0.2195"
"28,16 : 0.2195"
"16,29 : 0.1868"
"29,16 : 0.1868"
"16,30 : 0.5413"
"30,16 : 0.5413"
"16,31 : 0.7333"
"31,16 : 0.7333"
"16,32 : 0.688"
"32,16 : 0.688"
"16,33 : 0.461"
"33,16 : 0.461"
"16,34 : 0.7159"
"34,16 : 0.7159"
"16,35 : 0.1709"
"35,16 : 0.1709"
"16,36 : 0.5376"
"36,16 : 0.5376"
"16,37 : 0.1965"
"37,16 : 0.1965"
"16,38 : 0.3114"
"38,16 : 0.3114"
"16,39 : 0.4754"
"39,16 : 0.4754"
"16,40 : 0.5824"
"40,16 : 0.5824"
"16,41 : 0.892"
"41,16 : 0.892"
"16,42 : 0.4111"
"42,16 : 0.4111"
"16,43 : 0.3578"
"43,16 : 0.3578"
"16,44 : 0.6429"
"44,16 : 0.6429"
"16,45 : 0.978"
"45,16 : 0.978"
"16,46 : 0.6604"
"46,16 : 0.6604"
"16,47 : 0.2648"
"47,16 : 0.2648"
"16,48 : 0.864"
"48,16 : 0.864"
"16,49 : 0.9272"
"49,16 : 0.9272"
"17,18 : 0.3483"
"18,17 : 0.3483"
"17,19 : 0.4301"
"19,17 : 0.4301"
"17,20 : 0.4549"
"20,17 : 0.4549"
"17,21 : 0.2452"
"21,17 : 0.2452"
"17,22 : 0.5763"
"22,17 : 0.5763"
"17,23 : 0.42"
"23,17 : 0.42"
"17,24 : 0.4916"
"24,17 : 0.4916"
"17,25 : 0.364"
"25,17 : 0.364"
"17,26 : 0.9398"
"26,17 : 0.9398"
"17,27 : 0.2335"
"27,17 : 0.2335"
"17,28 : 0.4061"
"28,17 : 0.4061"
"17,29 : 0.5501"
"29,17 : 0.5501"
"17,30 : 0.2184"
"30,17 : 0.2184"
"17,31 : 0.5917"
"31,17 : 0.5917"
"17,32 : 0.1655"
"32,17 : 0.1655"
"17,33 : 0.2408"
"33,17 : 0.2408"
"17,34 : 0.772"
"34,17 : 0.772"
"17,35 : 0.7049"
"35,17 : 0.7049"
"17,36 : 0.0806"
"36,17 : 0.0806"
"17,37 : 0.5456"
"37,17 : 0.5456"
"17,38 : 0.6801"
"38,17 : 0.6801"
"17,39 : 0.2602"
"39,17 : 0.2602"
"17,40 : 0.6139"
"40,17 : 0.6139"
"17,41 : 0.6794"
"41,17 : 0.6794"
"17,42 : 0.8826"
"42,17 : 0.8826"
"17,43 : 0.61"
"43,17 : 0.61"
"17,44 : 0.6389"
"44,17 : 0.6389"
"17,45 : 0.8742"
"45,17 : 0.8742"
"17,46 : 0.1581"
"46,17 : 0.1581"
"17,47 : 0.4205"
"47,17 : 0.4205"
"17,48 : 0.7889"
"48,17 : 0.7889"
"17,49 : 0.8376"
"49,17 : 0.8376"
"18,19 : 0.3342"
"19,18 : 0.3342"
"18,20 : 0.4827"
"20,18 : 0.4827"
"18,21 : 0.3206"
"21,18 : 0.3206"
"18,22 : 0.676"
"22,18 : 0.676"
"18,23 : 0.336"
"23,18 : 0.336"
"18,24 : 0.2843"
"24,18 : 0.2843"
"18,25 : 0.5124"
"25,18 : 0.5124"
"18,26 : 0.8213"
"26,18 : 0.8213"
"18,27 : 0.2631"
"27,18 : 0.2631"
"18,28 : 0.102"
"28,18 : 0.102"
"18,29 : 0.222"
"29,18 : 0.222"
"18,30 : 0.2864"
"30,18 : 0.2864"
"18,31 : 0.5727"
"31,18 : 0.5727"
"18,32 : 0.4206"
"32,18 : 0.4206"
"18,33 : 0.2508"
"33,18 : 0.2508"
"18,34 : 0.6438"
"34,18 : 0.6438"
"18,35 : 0.3625"
"35,18 : 0.3625"
"18,36 : 0.2691"
"36,18 : 0.2691"
"18,37 : 0.2209"
"37,18 : 0.2209"
"18,38 : 0.3805"
"38,18 : 0.3805"
"18,39 : 0.2302"
"39,18 : 0.2302"
"18,40 : 0.481"
"40,18 : 0.481"
"18,41 : 0.7178"
"41,18 : 0.7178"
"18,42 : 0.5657"
"42,18 : 0.5657"
"18,43 : 0.3479"
"43,18 : 0.3479"
"18,44 : 0.5326"
"44,18 : 0.5326"
"18,45 : 0.8523"
"45,18 : 0.8523"
"18,46 : 0.3936"
"46,18 : 0.3936"
"18,47 : 0.1836"
"47,18 : 0.1836"
"18,48 : 0.7433"
"48,18 : 0.7433"
"18,49 : 0.8045"
"49,18 : 0.8045"
"19,20 : 0.7741"
"20,19 : 0.7741"
"19,21 : 0.1992"
"21,19 : 0.1992"
"19,22 : 0.947"
"22,19 : 0.947"
"19,23 : 0.0141"
"23,19 : 0.0141"
"19,24 : 0.6185"
"24,19 : 0.6185"
"19,25 : 0.75"
"25,19 : 0.75"
"19,26 : 1.1552"
"26,19 : 1.1552"
"19,27 : 0.5189"
"27,19 : 0.5189"
"19,28 : 0.264"
"28,19 : 0.264"
"19,29 : 0.5126"
"29,19 : 0.5126"
"19,30 : 0.5292"
"30,19 : 0.5292"
"19,31 : 0.8848"
"31,19 : 0.8848"
"19,32 : 0.5831"
"32,19 : 0.5831"
"19,33 : 0.1903"
"33,19 : 0.1903"
"19,34 : 0.9774"
"34,19 : 0.9774"
"19,35 : 0.593"
"35,19 : 0.593"
"19,36 : 0.3946"
"36,19 : 0.3946"
"19,37 : 0.5162"
"37,19 : 0.5162"
"19,38 : 0.6801"
"38,19 : 0.6801"
"19,39 : 0.5061"
"39,19 : 0.5061"
"19,40 : 0.8134"
"40,19 : 0.8134"
"19,41 : 1.016"
"41,19 : 1.016"
"19,42 : 0.8302"
"42,19 : 0.8302"
"19,43 : 0.6712"
"43,19 : 0.6712"
"19,44 : 0.8628"
"44,19 : 0.8628"
"19,45 : 1.172"
"45,19 : 1.172"
"19,46 : 0.5657"
"46,19 : 0.5657"
"19,47 : 0.1772"
"47,19 : 0.1772"
"19,48 : 1.0667"
"48,19 : 1.0667"
"19,49 : 1.1261"
"49,19 : 1.1261"
"20,21 : 0.6519"
"21,20 : 0.6519"
"20,22 : 0.201"
"22,20 : 0.201"
"20,23 : 0.7703"
"23,20 : 0.7703"
"20,24 : 0.3102"
"24,20 : 0.3102"
"20,25 : 0.1649"
"25,20 : 0.1649"
"20,26 : 0.5064"
"26,20 : 0.5064"
"20,27 : 0.2581"
"27,20 : 0.2581"
"20,28 : 0.5846"
"28,20 : 0.5846"
"20,29 : 0.512"
"29,20 : 0.512"
"20,30 : 0.255"
"30,20 : 0.255"
"20,31 : 0.1393"
"31,20 : 0.1393"
"20,32 : 0.3257"
"32,20 : 0.3257"
"20,33 : 0.608"
"33,20 : 0.608"
"20,34 : 0.3612"
"34,20 : 0.3612"
"20,35 : 0.6579"
"35,20 : 0.6579"
"20,36 : 0.4245"
"36,20 : 0.4245"
"20,37 : 0.5022"
"37,20 : 0.5022"
"20,38 : 0.5248"
"38,20 : 0.5248"
"20,39 : 0.2683"
"39,20 : 0.2683"
"20,40 : 0.2506"
"40,20 : 0.2506"
"20,41 : 0.2419"
"41,20 : 0.2419"
"20,42 : 0.7106"
"42,20 : 0.7106"
"20,43 : 0.4219"
"43,20 : 0.4219"
"20,44 : 0.2377"
"44,20 : 0.2377"
"20,45 : 0.4201"
"45,20 : 0.4201"
"20,46 : 0.3138"
"46,20 : 0.3138"
"20,47 : 0.661"
"47,20 : 0.661"
"20,48 : 0.3354"
"48,20 : 0.3354"
"20,49 : 0.3828"
"49,20 : 0.3828"
"21,22 : 0.8026"
"22,21 : 0.8026"
"21,23 : 0.1868"
"23,21 : 0.1868"
"21,24 : 0.5758"
"24,21 : 0.5758"
"21,25 : 0.5948"
"25,21 : 0.5948"
"21,26 : 1.0908"
"26,21 : 1.0908"
"21,27 : 0.396"
"27,21 : 0.396"
"21,28 : 0.3105"
"28,21 : 0.3105"
"21,29 : 0.5401"
"29,21 : 0.5401"
"21,30 : 0.397"
"30,21 : 0.397"
"21,31 : 0.7779"
"31,21 : 0.7779"
"21,32 : 0.408"
"32,21 : 0.408"
"21,33 : 0.07"
"33,21 : 0.07"
"21,34 : 0.9142"
"34,21 : 0.9142"
"21,35 : 0.6629"
"35,21 : 0.6629"
"21,36 : 0.2332"
"36,21 : 0.2332"
"21,37 : 0.54"
"37,21 : 0.54"
"21,38 : 0.7011"
"38,21 : 0.7011"
"21,39 : 0.3982"
"39,21 : 0.3982"
"21,40 : 0.7479"
"40,21 : 0.7479"
"21,41 : 0.8902"
"41,21 : 0.8902"
"21,42 : 0.882"
"42,21 : 0.882"
"21,43 : 0.6629"
"43,21 : 0.6629"
"21,44 : 0.7877"
"44,21 : 0.7877"
"21,45 : 1.0678"
"45,21 : 1.0678"
"21,46 : 0.3956"
"46,21 : 0.3956"
"21,47 : 0.2693"
"47,21 : 0.2693"
"21,48 : 0.9708"
"48,21 : 0.9708"
"21,49 : 1.0259"
"49,21 : 1.0259"
"22,23 : 0.9415"
"23,22 : 0.9415"
"22,24 : 0.507"
"24,22 : 0.507"
"22,25 : 0.2126"
"25,22 : 0.2126"
"22,26 : 0.5337"
"26,22 : 0.5337"
"22,27 : 0.4301"
"27,22 : 0.4301"
"22,28 : 0.7778"
"28,22 : 0.7778"
"22,29 : 0.712"
"29,22 : 0.712"
"22,30 : 0.4179"
"30,22 : 0.4179"
"22,31 : 0.2121"
"31,22 : 0.2121"
"22,32 : 0.4173"
"32,22 : 0.4173"
"22,33 : 0.7692"
"33,22 : 0.7692"
"22,34 : 0.4442"
"34,22 : 0.4442"
"22,35 : 0.8544"
"35,22 : 0.8544"
"22,36 : 0.5694"
"36,22 : 0.5694"
"22,37 : 0.7021"
"37,22 : 0.7021"
"22,38 : 0.7118"
"38,22 : 0.7118"
"22,39 : 0.4512"
"39,22 : 0.4512"
"22,40 : 0.4"
"40,22 : 0.4"
"22,41 : 0.1404"
"41,22 : 0.1404"
"22,42 : 0.8851"
"42,22 : 0.8851"
"22,43 : 0.6093"
"43,22 : 0.6093"
"22,44 : 0.3607"
"44,22 : 0.3607"
"22,45 : 0.3551"
"45,22 : 0.3551"
"22,46 : 0.4187"
"46,22 : 0.4187"
"22,47 : 0.8493"
"47,22 : 0.8493"
"22,48 : 0.3239"
"48,22 : 0.3239"
"22,49 : 0.3401"
"49,22 : 0.3401"
"23,24 : 0.6201"
"24,23 : 0.6201"
"23,25 : 0.7433"
"25,23 : 0.7433"
"23,26 : 1.1562"
"26,23 : 1.1562"
"23,27 : 0.5143"
"27,23 : 0.5143"
"23,28 : 0.2693"
"28,23 : 0.2693"
"23,29 : 0.5187"
"29,23 : 0.5187"
"23,30 : 0.5239"
"30,23 : 0.5239"
"23,31 : 0.8823"
"31,23 : 0.8823"
"23,32 : 0.5743"
"32,23 : 0.5743"
"23,33 : 0.1811"
"33,23 : 0.1811"
"23,34 : 0.9784"
"34,23 : 0.9784"
"23,35 : 0.6021"
"35,23 : 0.6021"
"23,36 : 0.3864"
"36,23 : 0.3864"
"23,37 : 0.522"
"37,23 : 0.522"
"23,38 : 0.6862"
"38,23 : 0.6862"
"23,39 : 0.5025"
"39,23 : 0.5025"
"23,40 : 0.8139"
"40,23 : 0.8139"
"23,41 : 1.0121"
"41,23 : 1.0121"
"23,42 : 0.8386"
"42,23 : 0.8386"
"23,43 : 0.6754"
"43,23 : 0.6754"
"23,44 : 0.8627"
"44,23 : 0.8627"
"23,45 : 1.17"
"45,23 : 1.17"
"23,46 : 0.5573"
"46,23 : 0.5573"
"23,47 : 0.1844"
"47,23 : 0.1844"
"23,48 : 1.0653"
"48,23 : 1.0653"
"23,49 : 1.1245"
"49,23 : 1.1245"
"24,25 : 0.4264"
"25,24 : 0.4264"
"24,26 : 0.5376"
"26,24 : 0.5376"
"24,27 : 0.272"
"27,24 : 0.272"
"24,28 : 0.3688"
"28,24 : 0.3688"
"24,29 : 0.21"
"29,24 : 0.21"
"24,30 : 0.2973"
"30,24 : 0.2973"
"24,31 : 0.3406"
"31,24 : 0.3406"
"24,32 : 0.461"
"32,24 : 0.461"
"24,33 : 0.5108"
"33,24 : 0.5108"
"24,34 : 0.3607"
"34,24 : 0.3607"
"24,35 : 0.3479"
"35,24 : 0.3479"
"24,36 : 0.42"
"36,24 : 0.42"
"24,37 : 0.2"
"37,24 : 0.2"
"24,38 : 0.2263"
"38,24 : 0.2263"
"24,39 : 0.2354"
"39,24 : 0.2354"
"24,40 : 0.2025"
"40,24 : 0.2025"
"24,41 : 0.5001"
"41,24 : 0.5001"
"24,42 : 0.428"
"42,24 : 0.428"
"24,43 : 0.1304"
"43,24 : 0.1304"
"24,44 : 0.2594"
"44,24 : 0.2594"
"24,45 : 0.5924"
"45,24 : 0.5924"
"24,46 : 0.4346"
"46,24 : 0.4346"
"24,47 : 0.4601"
"47,24 : 0.4601"
"24,48 : 0.4793"
"48,24 : 0.4793"
"24,49 : 0.5423"
"49,24 : 0.5423"
"25,26 : 0.6612"
"26,25 : 0.6612"
"25,27 : 0.2502"
"27,25 : 0.2502"
"25,28 : 0.6107"
"28,25 : 0.6107"
"25,29 : 0.6037"
"29,25 : 0.6037"
"25,30 : 0.2302"
"30,25 : 0.2302"
"25,31 : 0.2902"
"31,25 : 0.2902"
"25,32 : 0.2052"
"32,25 : 0.2052"
"25,33 : 0.5665"
"33,25 : 0.5665"
"25,34 : 0.5247"
"34,25 : 0.5247"
"25,35 : 0.7616"
"35,25 : 0.7616"
"25,36 : 0.3625"
"36,25 : 0.3625"
"25,37 : 0.5948"
"37,25 : 0.5948"
"25,38 : 0.6519"
"38,25 : 0.6519"
"25,39 : 0.2828"
"39,25 : 0.2828"
"25,40 : 0.4123"
"40,25 : 0.4123"
"25,41 : 0.3276"
"41,25 : 0.3276"
"25,42 : 0.8486"
"42,25 : 0.8486"
"25,43 : 0.5517"
"43,25 : 0.5517"
"25,44 : 0.4026"
"44,25 : 0.4026"
"25,45 : 0.5371"
"45,25 : 0.5371"
"25,46 : 0.2062"
"46,25 : 0.2062"
"25,47 : 0.6712"
"47,25 : 0.6712"
"25,48 : 0.473"
"48,25 : 0.473"
"25,49 : 0.5092"
"49,25 : 0.5092"
"26,27 : 0.7118"
"27,26 : 0.7118"
"26,28 : 0.9052"
"28,26 : 0.9052"
"26,29 : 0.6989"
"29,26 : 0.6989"
"26,30 : 0.7224"
"30,26 : 0.7224"
"26,31 : 0.3712"
"31,26 : 0.3712"
"26,32 : 0.8298"
"32,26 : 0.8298"
"26,33 : 1.0317"
"33,26 : 1.0317"
"26,34 : 0.178"
"34,26 : 0.178"
"26,35 : 0.7539"
"35,26 : 0.7539"
"26,36 : 0.8905"
"36,26 : 0.8905"
"26,37 : 0.6907"
"37,26 : 0.6907"
"26,38 : 0.5778"
"38,26 : 0.5778"
"26,39 : 0.6977"
"39,26 : 0.6977"
"26,40 : 0.3441"
"40,26 : 0.3441"
"26,41 : 0.4016"
"41,26 : 0.4016"
"26,42 : 0.632"
"42,26 : 0.632"
"26,43 : 0.5215"
"43,26 : 0.5215"
"26,44 : 0.3041"
"44,26 : 0.3041"
"26,45 : 0.2476"
"45,26 : 0.2476"
"26,46 : 0.8149"
"46,26 : 0.8149"
"26,47 : 0.997"
"47,26 : 0.997"
"26,48 : 0.2119"
"48,26 : 0.2119"
"26,49 : 0.222"
"49,26 : 0.222"
"27,28 : 0.3606"
"28,27 : 0.3606"
"27,29 : 0.3895"
"29,27 : 0.3895"
"27,30 : 0.0283"
"30,27 : 0.0283"
"27,31 : 0.3821"
"31,27 : 0.3821"
"27,32 : 0.1942"
"32,27 : 0.1942"
"27,33 : 0.35"
"33,27 : 0.35"
"27,34 : 0.5408"
"34,27 : 0.5408"
"27,35 : 0.5523"
"35,27 : 0.5523"
"27,36 : 0.1789"
"36,27 : 0.1789"
"27,37 : 0.3821"
"37,27 : 0.3821"
"27,38 : 0.4837"
"38,27 : 0.4837"
"27,39 : 0.0424"
"39,27 : 0.0424"
"27,40 : 0.3808"
"40,27 : 0.3808"
"27,41 : 0.4993"
"41,27 : 0.4993"
"27,42 : 0.6896"
"42,27 : 0.6896"
"27,43 : 0.3992"
"43,27 : 0.3992"
"27,44 : 0.4085"
"44,27 : 0.4085"
"27,45 : 0.6718"
"45,27 : 0.6718"
"27,46 : 0.1664"
"46,27 : 0.1664"
"27,47 : 0.423"
"47,27 : 0.423"
"27,48 : 0.5763"
"48,27 : 0.5763"
"27,49 : 0.6303"
"49,27 : 0.6303"
"28,29 : 0.25"
"29,28 : 0.25"
"28,30 : 0.3821"
"30,28 : 0.3821"
"28,31 : 0.6723"
"31,28 : 0.6723"
"28,32 : 0.5033"
"32,28 : 0.5033"
"28,33 : 0.2435"
"33,28 : 0.2435"
"28,34 : 0.7292"
"34,28 : 0.7292"
"28,35 : 0.3536"
"35,28 : 0.3536"
"28,36 : 0.3329"
"36,28 : 0.3329"
"28,37 : 0.253"
"37,28 : 0.253"
"28,38 : 0.4176"
"38,28 : 0.4176"
"28,39 : 0.3302"
"39,28 : 0.3302"
"28,40 : 0.5701"
"40,28 : 0.5701"
"28,41 : 0.8191"
"41,28 : 0.8191"
"28,42 : 0.5803"
"42,28 : 0.5803"
"28,43 : 0.4082"
"43,28 : 0.4082"
"28,44 : 0.6243"
"44,28 : 0.6243"
"28,45 : 0.9489"
"45,28 : 0.9489"
"28,46 : 0.4776"
"46,28 : 0.4776"
"28,47 : 0.0922"
"47,28 : 0.0922"
"28,48 : 0.8386"
"48,28 : 0.8386"
"28,49 : 0.9005"
"49,28 : 0.9005"
"29,30 : 0.4177"
"30,29 : 0.4177"
"29,31 : 0.5504"
"31,29 : 0.5504"
"29,32 : 0.58"
"32,29 : 0.58"
"29,33 : 0.4701"
"33,29 : 0.4701"
"29,34 : 0.5324"
"34,29 : 0.5324"
"29,35 : 0.1628"
"35,29 : 0.1628"
"29,36 : 0.4696"
"36,29 : 0.4696"
"29,37 : 0.01"
"37,29 : 0.01"
"29,38 : 0.1676"
"38,29 : 0.1676"
"29,39 : 0.3471"
"39,29 : 0.3471"
"29,40 : 0.3956"
"40,29 : 0.3956"
"29,41 : 0.7101"
"41,29 : 0.7101"
"29,42 : 0.3437"
"42,29 : 0.3437"
"29,43 : 0.178"
"43,29 : 0.178"
"29,44 : 0.4561"
"44,29 : 0.4561"
"29,45 : 0.7912"
"45,29 : 0.7912"
"29,46 : 0.5517"
"46,29 : 0.5517"
"29,47 : 0.3362"
"47,29 : 0.3362"
"29,48 : 0.6772"
"48,29 : 0.6772"
"29,49 : 0.7404"
"49,29 : 0.7404"
"30,31 : 0.3842"
"31,30 : 0.3842"
"30,32 : 0.1664"
"32,30 : 0.1664"
"30,33 : 0.3551"
"33,30 : 0.3551"
"30,34 : 0.5536"
"34,30 : 0.5536"
"30,35 : 0.5805"
"35,30 : 0.5805"
"30,36 : 0.172"
"36,30 : 0.172"
"30,37 : 0.4104"
"37,30 : 0.4104"
"30,38 : 0.5111"
"38,30 : 0.5111"
"30,39 : 0.0707"
"39,30 : 0.0707"
"30,40 : 0.3962"
"40,30 : 0.3962"
"30,41 : 0.4941"
"41,30 : 0.4941"
"30,42 : 0.7169"
"42,30 : 0.7169"
"30,43 : 0.4254"
"43,30 : 0.4254"
"30,44 : 0.4206"
"44,30 : 0.4206"
"30,45 : 0.6727"
"45,30 : 0.6727"
"30,46 : 0.1389"
"46,30 : 0.1389"
"30,47 : 0.441"
"47,30 : 0.441"
"30,48 : 0.5801"
"48,30 : 0.5801"
"30,49 : 0.6325"
"49,30 : 0.6325"
"31,32 : 0.4649"
"32,31 : 0.4649"
"31,33 : 0.7292"
"33,31 : 0.7292"
"31,34 : 0.2435"
"34,31 : 0.2435"
"31,35 : 0.676"
"35,31 : 0.676"
"31,36 : 0.5561"
"36,31 : 0.5561"
"31,37 : 0.5404"
"37,31 : 0.5404"
"31,38 : 0.5192"
"38,31 : 0.5192"
"31,39 : 0.3829"
"39,31 : 0.3829"
"31,40 : 0.1924"
"40,31 : 0.1924"
"31,41 : 0.1603"
"41,31 : 0.1603"
"31,42 : 0.68"
"42,31 : 0.68"
"31,43 : 0.4198"
"43,31 : 0.4198"
"31,44 : 0.1487"
"44,31 : 0.1487"
"31,45 : 0.29"
"45,31 : 0.29"
"31,46 : 0.4531"
"46,31 : 0.4531"
"31,47 : 0.7558"
"47,31 : 0.7558"
"31,48 : 0.1972"
"48,31 : 0.1972"
"31,49 : 0.2484"
"49,31 : 0.2484"
"32,33 : 0.3932"
"33,32 : 0.3932"
"32,34 : 0.6736"
"34,32 : 0.6736"
"32,35 : 0.7425"
"35,32 : 0.7425"
"32,36 : 0.19"
"36,32 : 0.19"
"32,37 : 0.5731"
"37,32 : 0.5731"
"32,38 : 0.6774"
"38,32 : 0.6774"
"32,39 : 0.236"
"39,32 : 0.236"
"32,40 : 0.5304"
"40,32 : 0.5304"
"32,41 : 0.5301"
"41,32 : 0.5301"
"32,42 : 0.8832"
"42,32 : 0.8832"
"32,43 : 0.5903"
"43,32 : 0.5903"
"32,44 : 0.5415"
"44,32 : 0.5415"
"32,45 : 0.7343"
"45,32 : 0.7343"
"32,46 : 0.0283"
"46,32 : 0.0283"
"32,47 : 0.5413"
"47,32 : 0.5413"
"32,48 : 0.6592"
"48,32 : 0.6592"
"32,49 : 0.7021"
"49,32 : 0.7021"
"33,34 : 0.8544"
"34,33 : 0.8544"
"33,35 : 0.5944"
"35,33 : 0.5944"
"33,36 : 0.2062"
"36,33 : 0.2062"
"33,37 : 0.47"
"37,33 : 0.47"
"33,38 : 0.6313"
"38,33 : 0.6313"
"33,39 : 0.3466"
"39,33 : 0.3466"
"33,40 : 0.688"
"40,33 : 0.688"
"33,41 : 0.8488"
"41,33 : 0.8488"
"33,42 : 0.8122"
"42,33 : 0.8122"
"33,43 : 0.5944"
"43,33 : 0.5944"
"33,44 : 0.7301"
"44,33 : 0.7301"
"33,45 : 1.0191"
"45,33 : 1.0191"
"33,46 : 0.3766"
"46,33 : 0.3766"
"33,47 : 0.2126"
"47,33 : 0.2126"
"33,48 : 0.9193"
"48,33 : 0.9193"
"33,49 : 0.9759"
"49,33 : 0.9759"
"34,35 : 0.6064"
"35,34 : 0.6064"
"34,36 : 0.7187"
"36,34 : 0.7187"
"34,37 : 0.5235"
"37,34 : 0.5235"
"34,38 : 0.4295"
"38,34 : 0.4295"
"34,39 : 0.5239"
"39,34 : 0.5239"
"34,40 : 0.1664"
"40,34 : 0.1664"
"34,41 : 0.3394"
"41,34 : 0.3394"
"34,42 : 0.5277"
"42,34 : 0.5277"
"34,43 : 0.3585"
"43,34 : 0.3585"
"34,44 : 0.1334"
"44,34 : 0.1334"
"34,45 : 0.2915"
"45,34 : 0.2915"
"34,46 : 0.6562"
"46,34 : 0.6562"
"34,47 : 0.8207"
"47,34 : 0.8207"
"34,48 : 0.1897"
"48,34 : 0.1897"
"34,49 : 0.2433"
"49,34 : 0.2433"
"35,36 : 0.6243"
"36,35 : 0.6243"
"35,37 : 0.1703"
"37,35 : 0.1703"
"35,38 : 0.1772"
"38,35 : 0.1772"
"35,39 : 0.5099"
"39,35 : 0.5099"
"35,40 : 0.5"
"40,35 : 0.5"
"35,41 : 0.836"
"41,35 : 0.836"
"35,42 : 0.2404"
"42,35 : 0.2404"
"35,43 : 0.26"
"43,35 : 0.26"
"35,44 : 0.5601"
"44,35 : 0.5601"
"35,45 : 0.8868"
"45,35 : 0.8868"
"35,46 : 0.7142"
"46,35 : 0.7142"
"35,47 : 0.4201"
"47,35 : 0.4201"
"35,48 : 0.7741"
"48,35 : 0.7741"
"35,49 : 0.836"
"49,35 : 0.836"
"36,37 : 0.4652"
"37,36 : 0.4652"
"36,38 : 0.6017"
"38,36 : 0.6017"
"36,39 : 0.1965"
"39,36 : 0.1965"
"36,40 : 0.5566"
"40,36 : 0.5566"
"36,41 : 0.6595"
"41,36 : 0.6595"
"36,42 : 0.8032"
"42,36 : 0.8032"
"36,43 : 0.5346"
"43,36 : 0.5346"
"36,44 : 0.5869"
"44,36 : 0.5869"
"36,45 : 0.8439"
"45,36 : 0.8439"
"36,46 : 0.1712"
"46,36 : 0.1712"
"36,47 : 0.3574"
"47,36 : 0.3574"
"36,48 : 0.7521"
"48,36 : 0.7521"
"36,49 : 0.8043"
"49,36 : 0.8043"
"37,38 : 0.1649"
"38,37 : 0.1649"
"37,39 : 0.3397"
"39,37 : 0.3397"
"37,40 : 0.386"
"40,37 : 0.386"
"37,41 : 0.7001"
"41,37 : 0.7001"
"37,42 : 0.3453"
"42,37 : 0.3453"
"37,43 : 0.1703"
"43,37 : 0.1703"
"37,44 : 0.4464"
"44,37 : 0.4464"
"37,45 : 0.7816"
"45,37 : 0.7816"
"37,46 : 0.5449"
"46,37 : 0.5449"
"37,47 : 0.3401"
"47,37 : 0.3401"
"37,48 : 0.6676"
"48,37 : 0.6676"
"37,49 : 0.7308"
"49,37 : 0.7308"
"38,39 : 0.4429"
"39,38 : 0.4429"
"38,40 : 0.3338"
"40,38 : 0.3338"
"38,41 : 0.6768"
"41,38 : 0.6768"
"38,42 : 0.2059"
"42,38 : 0.2059"
"38,43 : 0.103"
"43,38 : 0.103"
"38,44 : 0.392"
"44,38 : 0.392"
"38,45 : 0.7125"
"45,38 : 0.7125"
"38,46 : 0.65"
"46,38 : 0.65"
"38,47 : 0.5033"
"47,38 : 0.5033"
"38,48 : 0.6007"
"48,38 : 0.6007"
"38,49 : 0.6619"
"49,38 : 0.6619"
"39,40 : 0.3606"
"40,39 : 0.3606"
"39,41 : 0.51"
"41,39 : 0.51"
"39,42 : 0.6488"
"42,39 : 0.6488"
"39,43 : 0.3606"
"43,39 : 0.3606"
"39,44 : 0.3936"
"44,39 : 0.3936"
"39,45 : 0.6727"
"45,39 : 0.6727"
"39,46 : 0.2081"
"46,39 : 0.2081"
"39,47 : 0.3981"
"47,39 : 0.3981"
"39,48 : 0.5731"
"48,39 : 0.5731"
"39,49 : 0.6294"
"49,39 : 0.6294"
"40,41 : 0.3448"
"41,40 : 0.3448"
"40,42 : 0.4876"
"42,40 : 0.4876"
"40,43 : 0.24"
"43,40 : 0.24"
"40,44 : 0.0608"
"44,40 : 0.0608"
"40,45 : 0.3956"
"45,40 : 0.3956"
"40,46 : 0.51"
"46,40 : 0.51"
"40,47 : 0.6607"
"47,40 : 0.6607"
"40,48 : 0.2816"
"48,40 : 0.2816"
"40,49 : 0.3448"
"49,40 : 0.3448"
"41,42 : 0.8286"
"42,41 : 0.8286"
"41,43 : 0.5787"
"43,41 : 0.5787"
"41,44 : 0.2915"
"44,41 : 0.2915"
"41,45 : 0.2159"
"45,41 : 0.2159"
"41,46 : 0.5263"
"46,41 : 0.5263"
"41,47 : 0.8989"
"47,41 : 0.8989"
"41,48 : 0.1897"
"48,41 : 0.1897"
"41,49 : 0.2"
"49,41 : 0.2"
"42,43 : 0.2983"
"43,42 : 0.2983"
"42,44 : 0.5371"
"44,42 : 0.5371"
"42,45 : 0.8188"
"45,42 : 0.8188"
"42,46 : 0.8559"
"46,42 : 0.8559"
"42,47 : 0.6549"
"47,42 : 0.6549"
"42,48 : 0.7159"
"48,42 : 0.7159"
"42,49 : 0.771"
