x,y
0.09,0.07
0.25,0.79
0.26,0.96
0.86,0.63
0.01,0.56
0.86,0.65
0.72,0.4
0.2,0.18
0.39,0.17
0.98,0.87
0.25,0.69
0.55,0.88
0.28,0.08
0.97,0.86
0.55,0.01
0.86,0.73
0.46,0.58
0.24,0.44
0.87,0.32
0.58,0.53
0.53,0.87
0.74,0.76
0.3,0.23
0.16,0.68
0.99,0.94
0.98,0.47
0.84,0.7
0.28,0.0
0.25,0.39
0.29,0.86
0.95,0.93
0.45,0.84
0.31,0.7
0.23,0.76
0.3,0.84
0.43,0.02
0.99,0.35
0.64,0.59
0.76,0.7
0.23,0.47
0.69,0.25
0.56,0.8
0.1,0.87
0.67,0.92
0.84,0.23
0.65,1.0
0.49,0.87
0.27,0.65
0.98,0.16
0.59,0.83

Distanze
"0,1 : 0.7376"
"1,0 : 0.7376"
"0,2 : 0.9061"
"2,0 : 0.9061"
"0,3 : 0.9521"
"3,0 : 0.9521"
"0,4 : 0.4965"
"4,0 : 0.4965"
"0,5 : 0.964"
"5,0 : 0.964"
"0,6 : 0.7112"
"6,0 : 0.7112"
"0,7 : 0.1556"
"7,0 : 0.1556"
"0,8 : 0.3162"
"8,0 : 0.3162"
"0,9 : 1.1967"
"9,0 : 1.1967"
"0,10 : 0.6403"
"10,0 : 0.6403"
"0,11 : 0.9315"
"11,0 : 0.9315"
"0,12 : 0.1903"
"12,0 : 0.1903"
"0,13 : 1.1826"
"13,0 : 1.1826"
"0,14 : 0.4639"
"14,0 : 0.4639"
"0,15 : 1.0141"
"15,0 : 1.0141"
"0,16 : 0.6301"
"16,0 : 0.6301"
"0,17 : 0.3992"
"17,0 : 0.3992"
"0,18 : 0.8191"
"18,0 : 0.8191"
"0,19 : 0.6721"
"19,0 : 0.6721"
"0,20 : 0.913"
"20,0 : 0.913"
"0,21 : 0.9479"
"21,0 : 0.9479"
"0,22 : 0.264"
"22,0 : 0.264"
"0,23 : 0.614"
"23,0 : 0.614"
"0,24 : 1.2518"
"24,0 : 1.2518"
"0,25 : 0.9758"
"25,0 : 0.9758"
"0,26 : 0.9795"
"26,0 : 0.9795"
"0,27 : 0.2025"
"27,0 : 0.2025"
"0,28 : 0.3578"
"28,0 : 0.3578"
"0,29 : 0.8149"
"29,0 : 0.8149"
"0,30 : 1.2162"
"30,0 : 1.2162"
"0,31 : 0.85"
"31,0 : 0.85"
"0,32 : 0.6673"
"32,0 : 0.6673"
"0,33 : 0.7041"
"33,0 : 0.7041"
"0,34 : 0.7981"
"34,0 : 0.7981"
"0,35 : 0.3437"
"35,0 : 0.3437"
"0,36 : 0.9425"
"36,0 : 0.9425"
"0,37 : 0.7569"
"37,0 : 0.7569"
"0,38 : 0.9197"
"38,0 : 0.9197"
"0,39 : 0.4238"
"39,0 : 0.4238"
"0,40 : 0.6264"
"40,0 : 0.6264"
"0,41 : 0.8682"
"41,0 : 0.8682"
"0,42 : 0.8001"
"42,0 : 0.8001"
"0,43 : 1.029"
"43,0 : 1.029"
"0,44 : 0.7669"
"44,0 : 0.7669"
"0,45 : 1.0856"
"45,0 : 1.0856"
"0,46 : 0.8944"
"46,0 : 0.8944"
"0,47 : 0.6073"
"47,0 : 0.6073"
"0,48 : 0.8945"
"48,0 : 0.8945"
"0,49 : 0.9097"
"49,0 : 0.9097"
"1,2 : 0.1703"
"2,1 : 0.1703"
"1,3 : 0.6306"
"3,1 : 0.6306"
"1,4 : 0.3324"
"4,1 : 0.3324"
"1,5 : 0.6259"
"5,1 : 0.6259"
"1,6 : 0.6107"
"6,1 : 0.6107"
"1,7 : 0.612"
"7,1 : 0.612"
"1,8 : 0.6356"
"8,1 : 0.6356"
"1,9 : 0.7344"
"9,1 : 0.7344"
"1,10 : 0.1"
"10,1 : 0.1"
"1,11 : 0.3132"
"11,1 : 0.3132"
"1,12 : 0.7106"
"12,1 : 0.7106"
"1,13 : 0.7234"
"13,1 : 0.7234"
"1,14 : 0.8357"
"14,1 : 0.8357"
"1,15 : 0.6129"
"15,1 : 0.6129"
"1,16 : 0.297"
"16,1 : 0.297"
"1,17 : 0.3501"
"17,1 : 0.3501"
"1,18 : 0.778"
"18,1 : 0.778"
"1,19 : 0.4201"
"19,1 : 0.4201"
"1,20 : 0.2912"
"20,1 : 0.2912"
"1,21 : 0.4909"
"21,1 : 0.4909"
"1,22 : 0.5622"
"22,1 : 0.5622"
"1,23 : 0.1421"
"23,1 : 0.1421"
"1,24 : 0.755"
"24,1 : 0.755"
"1,25 : 0.7971"
"25,1 : 0.7971"
"1,26 : 0.5968"
"26,1 : 0.5968"
"1,27 : 0.7906"
"27,1 : 0.7906"
"1,28 : 0.4"
"28,1 : 0.4"
"1,29 : 0.0806"
"29,1 : 0.0806"
"1,30 : 0.7139"
"30,1 : 0.7139"
"1,31 : 0.2062"
"31,1 : 0.2062"
"1,32 : 0.1082"
"32,1 : 0.1082"
"1,33 : 0.0361"
"33,1 : 0.0361"
"1,34 : 0.0707"
"34,1 : 0.0707"
"1,35 : 0.7908"
"35,1 : 0.7908"
"1,36 : 0.8609"
"36,1 : 0.8609"
"1,37 : 0.4383"
"37,1 : 0.4383"
"1,38 : 0.5179"
"38,1 : 0.5179"
"1,39 : 0.3206"
"39,1 : 0.3206"
"1,40 : 0.6966"
"40,1 : 0.6966"
"1,41 : 0.3102"
"41,1 : 0.3102"
"1,42 : 0.17"
"42,1 : 0.17"
"1,43 : 0.4397"
"43,1 : 0.4397"
"1,44 : 0.8134"
"44,1 : 0.8134"
"1,45 : 0.4518"
"45,1 : 0.4518"
"1,46 : 0.253"
"46,1 : 0.253"
"1,47 : 0.1414"
"47,1 : 0.1414"
"1,48 : 0.9643"
"48,1 : 0.9643"
"1,49 : 0.3423"
"49,1 : 0.3423"
"2,3 : 0.6848"
"3,2 : 0.6848"
"2,4 : 0.4717"
"4,2 : 0.4717"
"2,5 : 0.6754"
"5,2 : 0.6754"
"2,6 : 0.7247"
"6,2 : 0.7247"
"2,7 : 0.7823"
"7,2 : 0.7823"
"2,8 : 0.8006"
"8,2 : 0.8006"
"2,9 : 0.7256"
"9,2 : 0.7256"
"2,10 : 0.2702"
"10,2 : 0.2702"
"2,11 : 0.3008"
"11,2 : 0.3008"
"2,12 : 0.8802"
"12,2 : 0.8802"
"2,13 : 0.717"
"13,2 : 0.717"
"2,14 : 0.9933"
"14,2 : 0.9933"
"2,15 : 0.6426"
"15,2 : 0.6426"
"2,16 : 0.4294"
"16,2 : 0.4294"
"2,17 : 0.5204"
"17,2 : 0.5204"
"2,18 : 0.8841"
"18,2 : 0.8841"
"2,19 : 0.536"
"19,2 : 0.536"
"2,20 : 0.2846"
"20,2 : 0.2846"
"2,21 : 0.52"
"21,2 : 0.52"
"2,22 : 0.7311"
"22,2 : 0.7311"
"2,23 : 0.2973"
"23,2 : 0.2973"
"2,24 : 0.7303"
"24,2 : 0.7303"
"2,25 : 0.8709"
"25,2 : 0.8709"
"2,26 : 0.6356"
"26,2 : 0.6356"
"2,27 : 0.9602"
"27,2 : 0.9602"
"2,28 : 0.5701"
"28,2 : 0.5701"
"2,29 : 0.1044"
"29,2 : 0.1044"
"2,30 : 0.6907"
"30,2 : 0.6907"
"2,31 : 0.2247"
"31,2 : 0.2247"
"2,32 : 0.2648"
"32,2 : 0.2648"
"2,33 : 0.2022"
"33,2 : 0.2022"
"2,34 : 0.1265"
"34,2 : 0.1265"
"2,35 : 0.9552"
"35,2 : 0.9552"
"2,36 : 0.9513"
"36,2 : 0.9513"
"2,37 : 0.5304"
"37,2 : 0.5304"
"2,38 : 0.5636"
"38,2 : 0.5636"
"2,39 : 0.4909"
"39,2 : 0.4909"
"2,40 : 0.8301"
"40,2 : 0.8301"
"2,41 : 0.34"
"41,2 : 0.34"
"2,42 : 0.1836"
"42,2 : 0.1836"
"2,43 : 0.4119"
"43,2 : 0.4119"
"2,44 : 0.9324"
"44,2 : 0.9324"
"2,45 : 0.392"
"45,2 : 0.392"
"2,46 : 0.247"
"46,2 : 0.247"
"2,47 : 0.3102"
"47,2 : 0.3102"
"2,48 : 1.0763"
"48,2 : 1.0763"
"2,49 : 0.3547"
"49,2 : 0.3547"
"3,4 : 0.8529"
"4,3 : 0.8529"
"3,5 : 0.02"
"5,3 : 0.02"
"3,6 : 0.2693"
"6,3 : 0.2693"
"3,7 : 0.7988"
"7,3 : 0.7988"
"3,8 : 0.6576"
"8,3 : 0.6576"
"3,9 : 0.2683"
"9,3 : 0.2683"
"3,10 : 0.6129"
"10,3 : 0.6129"
"3,11 : 0.3982"
"11,3 : 0.3982"
"3,12 : 0.7993"
"12,3 : 0.7993"
"3,13 : 0.255"
"13,3 : 0.255"
"3,14 : 0.6932"
"14,3 : 0.6932"
"3,15 : 0.1"
"15,3 : 0.1"
"3,16 : 0.4031"
"16,3 : 0.4031"
"3,17 : 0.6485"
"17,3 : 0.6485"
"3,18 : 0.3102"
"18,3 : 0.3102"
"3,19 : 0.2973"
"19,3 : 0.2973"
"3,20 : 0.408"
"20,3 : 0.408"
"3,21 : 0.1769"
"21,3 : 0.1769"
"3,22 : 0.6882"
"22,3 : 0.6882"
"3,23 : 0.7018"
"23,3 : 0.7018"
"3,24 : 0.3362"
"24,3 : 0.3362"
"3,25 : 0.2"
"25,3 : 0.2"
"3,26 : 0.0728"
"26,3 : 0.0728"
"3,27 : 0.8563"
"27,3 : 0.8563"
"3,28 : 0.6555"
"28,3 : 0.6555"
"3,29 : 0.6147"
"29,3 : 0.6147"
"3,30 : 0.3132"
"30,3 : 0.3132"
"3,31 : 0.4607"
"31,3 : 0.4607"
"3,32 : 0.5544"
"32,3 : 0.5544"
"3,33 : 0.6433"
"33,3 : 0.6433"
"3,34 : 0.5981"
"34,3 : 0.5981"
"3,35 : 0.7463"
"35,3 : 0.7463"
"3,36 : 0.3087"
"36,3 : 0.3087"
"3,37 : 0.2236"
"37,3 : 0.2236"
"3,38 : 0.1221"
"38,3 : 0.1221"
"3,39 : 0.65"
"39,3 : 0.65"
"3,40 : 0.4163"
"40,3 : 0.4163"
"3,41 : 0.3448"
"41,3 : 0.3448"
"3,42 : 0.797"
"42,3 : 0.797"
"3,43 : 0.3467"
"43,3 : 0.3467"
"3,44 : 0.4005"
"44,3 : 0.4005"
"3,45 : 0.4254"
"45,3 : 0.4254"
"3,46 : 0.441"
"46,3 : 0.441"
"3,47 : 0.5903"
"47,3 : 0.5903"
"3,48 : 0.4851"
"48,3 : 0.4851"
"3,49 : 0.336"
"49,3 : 0.336"
"4,5 : 0.8548"
"5,4 : 0.8548"
"4,6 : 0.7278"
"6,4 : 0.7278"
"4,7 : 0.4249"
"7,4 : 0.4249"
"4,8 : 0.5445"
"8,4 : 0.5445"
"4,9 : 1.0183"
"9,4 : 1.0183"
"4,10 : 0.2729"
"10,4 : 0.2729"
"4,11 : 0.6277"
"11,4 : 0.6277"
"4,12 : 0.5507"
"12,4 : 0.5507"
"4,13 : 1.0058"
"13,4 : 1.0058"
"4,14 : 0.7708"
"14,4 : 0.7708"
"4,15 : 0.8668"
"15,4 : 0.8668"
"4,16 : 0.4504"
"16,4 : 0.4504"
"4,17 : 0.2594"
"17,4 : 0.2594"
"4,18 : 0.8929"
"18,4 : 0.8929"
"4,19 : 0.5708"
"19,4 : 0.5708"
"4,20 : 0.6054"
"20,4 : 0.6054"
"4,21 : 0.7569"
"21,4 : 0.7569"
"4,22 : 0.4393"
"22,4 : 0.4393"
"4,23 : 0.1921"
"23,4 : 0.1921"
"4,24 : 1.0511"
"24,4 : 1.0511"
"4,25 : 0.9742"
"25,4 : 0.9742"
"4,26 : 0.8417"
"26,4 : 0.8417"
"4,27 : 0.6217"
"27,4 : 0.6217"
"4,28 : 0.2941"
"28,4 : 0.2941"
"4,29 : 0.4104"
"29,4 : 0.4104"
"4,30 : 1.0102"
"30,4 : 1.0102"
"4,31 : 0.5215"
"31,4 : 0.5215"
"4,32 : 0.3311"
"32,4 : 0.3311"
"4,33 : 0.2973"
"33,4 : 0.2973"
"4,34 : 0.4031"
"34,4 : 0.4031"
"4,35 : 0.6841"
"35,4 : 0.6841"
"4,36 : 1.0022"
"36,4 : 1.0022"
"4,37 : 0.6307"
"37,4 : 0.6307"
"4,38 : 0.763"
"38,4 : 0.763"
"4,39 : 0.2377"
"39,4 : 0.2377"
"4,40 : 0.7473"
"40,4 : 0.7473"
"4,41 : 0.6001"
"41,4 : 0.6001"
"4,42 : 0.3228"
"42,4 : 0.3228"
"4,43 : 0.7518"
"43,4 : 0.7518"
"4,44 : 0.8932"
"44,4 : 0.8932"
"4,45 : 0.7767"
"45,4 : 0.7767"
"4,46 : 0.5714"
"46,4 : 0.5714"
"4,47 : 0.2751"
"47,4 : 0.2751"
"4,48 : 1.0492"
"48,4 : 1.0492"
"4,49 : 0.6398"
"49,4 : 0.6398"
"5,6 : 0.2865"
"6,5 : 0.2865"
"5,7 : 0.8102"
"7,5 : 0.8102"
"5,8 : 0.6718"
"8,5 : 0.6718"
"5,9 : 0.2506"
"9,5 : 0.2506"
"5,10 : 0.6113"
"10,5 : 0.6113"
"5,11 : 0.386"
"11,5 : 0.386"
"5,12 : 0.8132"
"12,5 : 0.8132"
"5,13 : 0.2371"
"13,5 : 0.2371"
"5,14 : 0.7111"
"14,5 : 0.7111"
"5,15 : 0.08"
"15,5 : 0.08"
"5,16 : 0.4061"
"16,5 : 0.4061"
"5,17 : 0.6546"
"17,5 : 0.6546"
"5,18 : 0.3302"
"18,5 : 0.3302"
"5,19 : 0.3046"
"19,5 : 0.3046"
"5,20 : 0.3966"
"20,5 : 0.3966"
"5,21 : 0.1628"
"21,5 : 0.1628"
"5,22 : 0.7"
"22,5 : 0.7"
"5,23 : 0.7006"
"23,5 : 0.7006"
"5,24 : 0.3178"
"24,5 : 0.3178"
"5,25 : 0.2163"
"25,5 : 0.2163"
"5,26 : 0.0539"
"26,5 : 0.0539"
"5,27 : 0.8711"
"27,5 : 0.8711"
"5,28 : 0.6631"
"28,5 : 0.6631"
"5,29 : 0.6075"
"29,5 : 0.6075"
"5,30 : 0.2941"
"30,5 : 0.2941"
"5,31 : 0.4519"
"31,5 : 0.4519"
"5,32 : 0.5523"
"32,5 : 0.5523"
"5,33 : 0.6395"
"33,5 : 0.6395"
"5,34 : 0.5914"
"34,5 : 0.5914"
"5,35 : 0.7628"
"35,5 : 0.7628"
"5,36 : 0.327"
"36,5 : 0.327"
"5,37 : 0.228"
"37,5 : 0.228"
"5,38 : 0.1118"
"38,5 : 0.1118"
"5,39 : 0.6552"
"39,5 : 0.6552"
"5,40 : 0.4346"
"40,5 : 0.4346"
"5,41 : 0.3354"
"41,5 : 0.3354"
"5,42 : 0.7912"
"42,5 : 0.7912"
"5,43 : 0.3302"
"43,5 : 0.3302"
"5,44 : 0.4205"
"44,5 : 0.4205"
"5,45 : 0.4082"
"45,5 : 0.4082"
"5,46 : 0.4305"
"46,5 : 0.4305"
"5,47 : 0.59"
"47,5 : 0.59"
"5,48 : 0.5045"
"48,5 : 0.5045"
"5,49 : 0.3245"
"49,5 : 0.3245"
"6,7 : 0.5646"
"7,6 : 0.5646"
"6,8 : 0.4022"
"8,6 : 0.4022"
"6,9 : 0.5371"
"9,6 : 0.5371"
"6,10 : 0.5523"
"10,6 : 0.5523"
"6,11 : 0.5092"
"11,6 : 0.5092"
"6,12 : 0.5441"
"12,6 : 0.5441"
"6,13 : 0.5235"
"13,6 : 0.5235"
"6,14 : 0.4254"
"14,6 : 0.4254"
"6,15 : 0.3585"
"15,6 : 0.3585"
"6,16 : 0.3162"
"16,6 : 0.3162"
"6,17 : 0.4817"
"17,6 : 0.4817"
"6,18 : 0.17"
"18,6 : 0.17"
"6,19 : 0.191"
"19,6 : 0.191"
"6,20 : 0.507"
"20,6 : 0.507"
"6,21 : 0.3606"
"21,6 : 0.3606"
"6,22 : 0.4531"
"22,6 : 0.4531"
"6,23 : 0.6261"
"23,6 : 0.6261"
"6,24 : 0.6037"
"24,6 : 0.6037"
"6,25 : 0.2693"
"25,6 : 0.2693"
"6,26 : 0.3231"
"26,6 : 0.3231"
"6,27 : 0.5946"
"27,6 : 0.5946"
"6,28 : 0.4701"
"28,6 : 0.4701"
"6,29 : 0.6297"
"29,6 : 0.6297"
"6,30 : 0.5778"
"30,6 : 0.5778"
"6,31 : 0.5162"
"31,6 : 0.5162"
"6,32 : 0.508"
"32,6 : 0.508"
"6,33 : 0.608"
"33,6 : 0.608"
"6,34 : 0.6083"
"34,6 : 0.6083"
"6,35 : 0.478"
"35,6 : 0.478"
"6,36 : 0.2746"
"36,6 : 0.2746"
"6,37 : 0.2062"
"37,6 : 0.2062"
"6,38 : 0.3027"
"38,6 : 0.3027"
"6,39 : 0.495"
"39,6 : 0.495"
"6,40 : 0.153"
"40,6 : 0.153"
"6,41 : 0.4308"
"41,6 : 0.4308"
"6,42 : 0.778"
"42,6 : 0.778"
"6,43 : 0.5224"
"43,6 : 0.5224"
"6,44 : 0.2081"
"44,6 : 0.2081"
"6,45 : 0.6041"
"45,6 : 0.6041"
"6,46 : 0.5233"
"46,6 : 0.5233"
"6,47 : 0.5148"
"47,6 : 0.5148"
"6,48 : 0.3538"
"48,6 : 0.3538"
"6,49 : 0.4492"
"49,6 : 0.4492"
"7,8 : 0.1903"
"8,7 : 0.1903"
"7,9 : 1.0414"
"9,7 : 1.0414"
"7,10 : 0.5124"
"10,7 : 0.5124"
"7,11 : 0.7826"
"11,7 : 0.7826"
"7,12 : 0.1281"
"12,7 : 0.1281"
"7,13 : 1.0273"
"13,7 : 1.0273"
"7,14 : 0.3891"
"14,7 : 0.3891"
"7,15 : 0.8591"
"15,7 : 0.8591"
"7,16 : 0.4771"
"16,7 : 0.4771"
"7,17 : 0.2631"
"17,7 : 0.2631"
"7,18 : 0.6845"
"18,7 : 0.6845"
"7,19 : 0.5166"
"19,7 : 0.5166"
"7,20 : 0.7649"
"20,7 : 0.7649"
"7,21 : 0.7925"
"21,7 : 0.7925"
"7,22 : 0.1118"
"22,7 : 0.1118"
"7,23 : 0.5016"
"23,7 : 0.5016"
"7,24 : 1.0962"
"24,7 : 1.0962"
"7,25 : 0.8322"
"25,7 : 0.8322"
"7,26 : 0.8246"
"26,7 : 0.8246"
"7,27 : 0.197"
"27,7 : 0.197"
"7,28 : 0.2159"
"28,7 : 0.2159"
"7,29 : 0.6859"
"29,7 : 0.6859"
"7,30 : 1.0607"
"30,7 : 1.0607"
"7,31 : 0.7058"
"31,7 : 0.7058"
"7,32 : 0.5315"
"32,7 : 0.5315"
"7,33 : 0.5808"
"33,7 : 0.5808"
"7,34 : 0.6675"
"34,7 : 0.6675"
"7,35 : 0.2802"
"35,7 : 0.2802"
"7,36 : 0.8081"
"36,7 : 0.8081"
"7,37 : 0.6014"
"37,7 : 0.6014"
"7,38 : 0.7642"
"38,7 : 0.7642"
"7,39 : 0.2915"
"39,7 : 0.2915"
"7,40 : 0.495"
"40,7 : 0.495"
"7,41 : 0.7169"
"41,7 : 0.7169"
"7,42 : 0.6972"
"42,7 : 0.6972"
"7,43 : 0.8766"
"43,7 : 0.8766"
"7,44 : 0.642"
"44,7 : 0.642"
"7,45 : 0.9354"
"45,7 : 0.9354"
"7,46 : 0.7485"
"46,7 : 0.7485"
"7,47 : 0.4752"
"47,7 : 0.4752"
"7,48 : 0.7803"
"48,7 : 0.7803"
"7,49 : 0.758"
"49,7 : 0.758"
"8,9 : 0.9155"
"9,8 : 0.9155"
"8,10 : 0.5385"
"10,8 : 0.5385"
"8,11 : 0.7278"
"11,8 : 0.7278"
"8,12 : 0.1421"
"12,8 : 0.1421"
"8,13 : 0.9014"
"13,8 : 0.9014"
"8,14 : 0.2263"
"14,8 : 0.2263"
"8,15 : 0.7311"
"15,8 : 0.7311"
"8,16 : 0.4159"
"16,8 : 0.4159"
"8,17 : 0.3089"
"17,8 : 0.3089"
"8,18 : 0.5029"
"18,8 : 0.5029"
"8,19 : 0.4071"
"19,8 : 0.4071"
"8,20 : 0.7139"
"20,8 : 0.7139"
"8,21 : 0.686"
"21,8 : 0.686"
"8,22 : 0.1082"
"22,8 : 0.1082"
"8,23 : 0.5595"
"23,8 : 0.5595"
"8,24 : 0.9762"
"24,8 : 0.9762"
"8,25 : 0.6619"
"25,8 : 0.6619"
"8,26 : 0.6953"
"26,8 : 0.6953"
"8,27 : 0.2025"
"27,8 : 0.2025"
"8,28 : 0.2608"
"28,8 : 0.2608"
"8,29 : 0.6972"
"29,8 : 0.6972"
"8,30 : 0.944"
"30,8 : 0.944"
"8,31 : 0.6727"
"31,8 : 0.6727"
"8,32 : 0.536"
"32,8 : 0.536"
"8,33 : 0.6113"
"33,8 : 0.6113"
"8,34 : 0.676"
"34,8 : 0.676"
"8,35 : 0.1552"
"35,8 : 0.1552"
"8,36 : 0.6264"
"36,8 : 0.6264"
"8,37 : 0.4888"
"37,8 : 0.4888"
"8,38 : 0.6464"
"38,8 : 0.6464"
"8,39 : 0.34"
"39,8 : 0.34"
"8,40 : 0.3105"
"40,8 : 0.3105"
"8,41 : 0.6525"
"41,8 : 0.6525"
"8,42 : 0.7577"
"42,8 : 0.7577"
"8,43 : 0.8006"
"43,8 : 0.8006"
"8,44 : 0.454"
"44,8 : 0.454"
"8,45 : 0.8698"
"45,8 : 0.8698"
"8,46 : 0.7071"
"46,8 : 0.7071"
"8,47 : 0.4948"
"47,8 : 0.4948"
"8,48 : 0.5901"
"48,8 : 0.5901"
"8,49 : 0.6896"
"49,8 : 0.6896"
"9,10 : 0.7519"
"10,9 : 0.7519"
"9,11 : 0.4301"
"11,9 : 0.4301"
"9,12 : 1.0555"
"12,9 : 1.0555"
"9,13 : 0.0141"
"13,9 : 0.0141"
"9,14 : 0.9615"
"14,9 : 0.9615"
"9,15 : 0.1844"
"15,9 : 0.1844"
"9,16 : 0.5954"
"16,9 : 0.5954"
"9,17 : 0.8559"
"17,9 : 0.8559"
"9,18 : 0.5609"
"18,9 : 0.5609"
"9,19 : 0.525"
"19,9 : 0.525"
"9,20 : 0.45"
"20,9 : 0.45"
"9,21 : 0.264"
"21,9 : 0.264"
"9,22 : 0.9338"
"22,9 : 0.9338"
"9,23 : 0.8417"
"23,9 : 0.8417"
"9,24 : 0.0707"
"24,9 : 0.0707"
"9,25 : 0.4"
"25,9 : 0.4"
"9,26 : 0.2202"
"26,9 : 0.2202"
"9,27 : 1.1166"
"27,9 : 1.1166"
"9,28 : 0.8737"
"28,9 : 0.8737"
"9,29 : 0.6901"
"29,9 : 0.6901"
"9,30 : 0.0671"
"30,9 : 0.0671"
"9,31 : 0.5308"
"31,9 : 0.5308"
"9,32 : 0.6912"
"32,9 : 0.6912"
"9,33 : 0.758"
"33,9 : 0.758"
"9,34 : 0.6807"
"34,9 : 0.6807"
"9,35 : 1.0124"
"35,9 : 1.0124"
"9,36 : 0.5201"
"36,9 : 0.5201"
"9,37 : 0.4405"
"37,9 : 0.4405"
"9,38 : 0.278"
"38,9 : 0.278"
"9,39 : 0.85"
"39,9 : 0.85"
"9,40 : 0.6845"
"40,9 : 0.6845"
"9,41 : 0.4258"
"41,9 : 0.4258"
"9,42 : 0.88"
"42,9 : 0.88"
"9,43 : 0.314"
"43,9 : 0.314"
"9,44 : 0.6551"
"44,9 : 0.6551"
"9,45 : 0.3547"
"45,9 : 0.3547"
"9,46 : 0.49"
"46,9 : 0.49"
"9,47 : 0.7433"
"47,9 : 0.7433"
"9,48 : 0.71"
"48,9 : 0.71"
"9,49 : 0.392"
"49,9 : 0.392"
"10,11 : 0.3551"
"11,10 : 0.3551"
"10,12 : 0.6107"
"12,10 : 0.6107"
"10,13 : 0.7398"
"13,10 : 0.7398"
"10,14 : 0.7432"
"14,10 : 0.7432"
"10,15 : 0.6113"
"15,10 : 0.6113"
"10,16 : 0.2371"
"16,10 : 0.2371"
"10,17 : 0.2502"
"17,10 : 0.2502"
"10,18 : 0.722"
"18,10 : 0.722"
"10,19 : 0.3667"
"19,10 : 0.3667"
"10,20 : 0.3329"
"20,10 : 0.3329"
"10,21 : 0.495"
"21,10 : 0.495"
"10,22 : 0.4627"
"22,10 : 0.4627"
"10,23 : 0.0906"
"23,10 : 0.0906"
"10,24 : 0.7811"
"24,10 : 0.7811"
"10,25 : 0.7624"
"25,10 : 0.7624"
"10,26 : 0.5901"
"26,10 : 0.5901"
"10,27 : 0.6907"
"27,10 : 0.6907"
"10,28 : 0.3"
"28,10 : 0.3"
"10,29 : 0.1746"
"29,10 : 0.1746"
"10,30 : 0.74"
"30,10 : 0.74"
"10,31 : 0.25"
"31,10 : 0.25"
"10,32 : 0.0608"
"32,10 : 0.0608"
"10,33 : 0.0728"
"33,10 : 0.0728"
"10,34 : 0.1581"
"34,10 : 0.1581"
"10,35 : 0.6938"
"35,10 : 0.6938"
"10,36 : 0.8144"
"36,10 : 0.8144"
"10,37 : 0.4026"
"37,10 : 0.4026"
"10,38 : 0.5101"
"38,10 : 0.5101"
"10,39 : 0.2209"
"39,10 : 0.2209"
"10,40 : 0.6223"
"40,10 : 0.6223"
"10,41 : 0.3289"
"41,10 : 0.3289"
"10,42 : 0.2343"
"42,10 : 0.2343"
"10,43 : 0.4789"
"43,10 : 0.4789"
"10,44 : 0.7481"
"44,10 : 0.7481"
"10,45 : 0.5061"
"45,10 : 0.5061"
"10,46 : 0.3"
"46,10 : 0.3"
"10,47 : 0.0447"
"47,10 : 0.0447"
"10,48 : 0.9021"
"48,10 : 0.9021"
"10,49 : 0.3677"
"49,10 : 0.3677"
"11,12 : 0.8443"
"12,11 : 0.8443"
"11,13 : 0.4205"
"13,11 : 0.4205"
"11,14 : 0.87"
"14,11 : 0.87"
"11,15 : 0.3444"
"15,11 : 0.3444"
"11,16 : 0.3132"
"16,11 : 0.3132"
"11,17 : 0.5382"
"17,11 : 0.5382"
"11,18 : 0.645"
"18,11 : 0.645"
"11,19 : 0.3513"
"19,11 : 0.3513"
"11,20 : 0.0224"
"20,11 : 0.0224"
"11,21 : 0.2247"
"21,11 : 0.2247"
"11,22 : 0.6964"
"22,11 : 0.6964"
"11,23 : 0.4383"
"23,11 : 0.4383"
"11,24 : 0.4441"
"24,11 : 0.4441"
"11,25 : 0.5941"
"25,11 : 0.5941"
"11,26 : 0.3413"
"26,11 : 0.3413"
"11,27 : 0.9205"
"27,11 : 0.9205"
"11,28 : 0.5745"
"28,11 : 0.5745"
"11,29 : 0.2608"
"29,11 : 0.2608"
"11,30 : 0.4031"
"30,11 : 0.4031"
"11,31 : 0.1077"
"31,11 : 0.1077"
"11,32 : 0.3"
"32,11 : 0.3"
"11,33 : 0.3418"
"33,11 : 0.3418"
"11,34 : 0.2532"
"34,11 : 0.2532"
"11,35 : 0.8683"
"35,11 : 0.8683"
"11,36 : 0.6888"
"36,11 : 0.6888"
"11,37 : 0.3036"
"37,11 : 0.3036"
"11,38 : 0.2766"
"38,11 : 0.2766"
"11,39 : 0.5201"
"39,11 : 0.5201"
"11,40 : 0.6454"
"40,11 : 0.6454"
"11,41 : 0.0806"
"41,11 : 0.0806"
"11,42 : 0.4501"
"42,11 : 0.4501"
"11,43 : 0.1265"
"43,11 : 0.1265"
"11,44 : 0.7118"
"44,11 : 0.7118"
"11,45 : 0.1562"
"45,11 : 0.1562"
"11,46 : 0.0608"
"46,11 : 0.0608"
"11,47 : 0.3624"
"47,11 : 0.3624"
"11,48 : 0.8386"
"48,11 : 0.8386"
"11,49 : 0.064"
"49,11 : 0.064"
"12,13 : 1.0414"
"13,12 : 1.0414"
"12,14 : 0.2789"
"14,12 : 0.2789"
"12,15 : 0.8711"
"15,12 : 0.8711"
"12,16 : 0.5314"
"16,12 : 0.5314"
"12,17 : 0.3622"
"17,12 : 0.3622"
"12,18 : 0.6369"
"18,12 : 0.6369"
"12,19 : 0.5408"
"19,12 : 0.5408"
"12,20 : 0.8286"
"20,12 : 0.8286"
"12,21 : 0.821"
"21,12 : 0.821"
"12,22 : 0.1513"
"22,12 : 0.1513"
"12,23 : 0.6119"
"23,12 : 0.6119"
"12,24 : 1.1152"
"24,12 : 1.1152"
"12,25 : 0.8013"
"25,12 : 0.8013"
"12,26 : 0.8355"
"26,12 : 0.8355"
"12,27 : 0.08"
"27,12 : 0.08"
"12,28 : 0.3114"
"28,12 : 0.3114"
"12,29 : 0.7801"
"29,12 : 0.7801"
"12,30 : 1.0823"
"30,12 : 1.0823"
"12,31 : 0.7788"
"31,12 : 0.7788"
"12,32 : 0.6207"
"32,12 : 0.6207"
"12,33 : 0.6818"
"33,12 : 0.6818"
"12,34 : 0.7603"
"34,12 : 0.7603"
"12,35 : 0.1616"
"35,12 : 0.1616"
"12,36 : 0.7596"
"36,12 : 0.7596"
"12,37 : 0.6243"
"37,12 : 0.6243"
"12,38 : 0.7841"
"38,12 : 0.7841"
"12,39 : 0.3932"
"39,12 : 0.3932"
"12,40 : 0.4438"
"40,12 : 0.4438"
"12,41 : 0.7725"
"41,12 : 0.7725"
"12,42 : 0.8102"
"42,12 : 0.8102"
"12,43 : 0.9261"
"43,12 : 0.9261"
"12,44 : 0.5797"
"44,12 : 0.5797"
"12,45 : 0.9916"
"45,12 : 0.9916"
"12,46 : 0.8174"
"46,12 : 0.8174"
"12,47 : 0.5701"
"47,12 : 0.5701"
"12,48 : 0.7046"
"48,12 : 0.7046"
"12,49 : 0.8115"
"49,12 : 0.8115"
"13,14 : 0.9481"
"14,13 : 0.9481"
"13,15 : 0.1703"
"15,13 : 0.1703"
"13,16 : 0.5818"
"16,13 : 0.5818"
"13,17 : 0.8422"
"17,13 : 0.8422"
"13,18 : 0.5492"
"18,13 : 0.5492"
"13,19 : 0.5109"
"19,13 : 0.5109"
"13,20 : 0.4401"
"20,13 : 0.4401"
"13,21 : 0.2508"
"21,13 : 0.2508"
"13,22 : 0.9197"
"22,13 : 0.9197"
"13,23 : 0.8298"
"23,13 : 0.8298"
"13,24 : 0.0825"
"24,13 : 0.0825"
"13,25 : 0.3901"
"25,13 : 0.3901"
"13,26 : 0.2062"
"26,13 : 0.2062"
"13,27 : 1.1026"
"27,13 : 1.1026"
"13,28 : 0.8598"
"28,13 : 0.8598"
"13,29 : 0.68"
"29,13 : 0.68"
"13,30 : 0.0728"
"30,13 : 0.0728"
"13,31 : 0.5204"
"31,13 : 0.5204"
"13,32 : 0.6791"
"32,13 : 0.6791"
"13,33 : 0.7467"
"33,13 : 0.7467"
"13,34 : 0.6703"
"34,13 : 0.6703"
"13,35 : 0.9986"
"35,13 : 0.9986"
"13,36 : 0.5104"
"36,13 : 0.5104"
"13,37 : 0.4264"
"37,13 : 0.4264"
"13,38 : 0.264"
"38,13 : 0.264"
"13,39 : 0.8365"
"39,13 : 0.8365"
"13,40 : 0.6712"
"40,13 : 0.6712"
"13,41 : 0.4144"
"41,13 : 0.4144"
"13,42 : 0.8701"
"42,13 : 0.8701"
"13,43 : 0.3059"
"43,13 : 0.3059"
"13,44 : 0.6433"
"44,13 : 0.6433"
"13,45 : 0.3493"
"45,13 : 0.3493"
"13,46 : 0.4801"
"46,13 : 0.4801"
"13,47 : 0.7308"
"47,13 : 0.7308"
"13,48 : 0.7001"
"48,13 : 0.7001"
"13,49 : 0.3812"
"49,13 : 0.3812"
"14,15 : 0.7839"
"15,14 : 0.7839"
"14,16 : 0.5771"
"16,14 : 0.5771"
"14,17 : 0.5301"
"17,14 : 0.5301"
"14,18 : 0.4455"
"18,14 : 0.4455"
"14,19 : 0.5209"
"19,14 : 0.5209"
"14,20 : 0.8602"
"20,14 : 0.8602"
"14,21 : 0.7737"
"21,14 : 0.7737"
"14,22 : 0.333"
"22,14 : 0.333"
"14,23 : 0.7752"
"23,14 : 0.7752"
"14,24 : 1.0288"
"24,14 : 1.0288"
"14,25 : 0.6297"
"25,14 : 0.6297"
"14,26 : 0.7485"
"26,14 : 0.7485"
"14,27 : 0.2702"
"27,14 : 0.2702"
"14,28 : 0.4841"
"28,14 : 0.4841"
"14,29 : 0.8889"
"29,14 : 0.8889"
"14,30 : 1.0032"
"30,14 : 1.0032"
"14,31 : 0.836"
"31,14 : 0.836"
"14,32 : 0.7305"
"32,14 : 0.7305"
"14,33 : 0.8154"
"33,14 : 0.8154"
"14,34 : 0.8668"
"34,14 : 0.8668"
"14,35 : 0.1204"
"35,14 : 0.1204"
"14,36 : 0.5561"
"36,14 : 0.5561"
"14,37 : 0.5869"
"37,14 : 0.5869"
"14,38 : 0.7212"
"38,14 : 0.7212"
"14,39 : 0.5604"
"39,14 : 0.5604"
"14,40 : 0.2778"
"40,14 : 0.2778"
"14,41 : 0.7901"
"41,14 : 0.7901"
"14,42 : 0.9706"
"42,14 : 0.9706"
"14,43 : 0.9179"
"43,14 : 0.9179"
"14,44 : 0.364"
"44,14 : 0.364"
"14,45 : 0.995"
"45,14 : 0.995"
"14,46 : 0.8621"
"46,14 : 0.8621"
"14,47 : 0.6986"
"47,14 : 0.6986"
"14,48 : 0.4554"
"48,14 : 0.4554"
"14,49 : 0.821"
"49,14 : 0.821"
"15,16 : 0.4272"
"16,15 : 0.4272"
"15,17 : 0.6845"
"17,15 : 0.6845"
"15,18 : 0.4101"
"18,15 : 0.4101"
"15,19 : 0.3441"
"19,15 : 0.3441"
"15,20 : 0.3585"
"20,15 : 0.3585"
"15,21 : 0.1237"
"21,15 : 0.1237"
"15,22 : 0.7507"
"22,15 : 0.7507"
"15,23 : 0.7018"
"23,15 : 0.7018"
"15,24 : 0.247"
"24,15 : 0.247"
"15,25 : 0.2864"
"25,15 : 0.2864"
"15,26 : 0.0361"
"26,15 : 0.0361"
"15,27 : 0.9324"
"27,15 : 0.9324"
"15,28 : 0.6984"
"28,15 : 0.6984"
"15,29 : 0.5846"
"29,15 : 0.5846"
"15,30 : 0.2193"
"30,15 : 0.2193"
"15,31 : 0.4245"
"31,15 : 0.4245"
"15,32 : 0.5508"
"32,15 : 0.5508"
"15,33 : 0.6307"
"33,15 : 0.6307"
"15,34 : 0.5707"
"34,15 : 0.5707"
"15,35 : 0.8301"
"35,15 : 0.8301"
"15,36 : 0.4016"
"36,15 : 0.4016"
"15,37 : 0.2608"
"37,15 : 0.2608"
"15,38 : 0.1044"
"38,15 : 0.1044"
"15,39 : 0.6815"
"39,15 : 0.6815"
"15,40 : 0.5092"
"40,15 : 0.5092"
"15,41 : 0.3081"
"41,15 : 0.3081"
"15,42 : 0.7728"
"42,15 : 0.7728"
"15,43 : 0.2687"
"43,15 : 0.2687"
"15,44 : 0.5004"
"44,15 : 0.5004"
"15,45 : 0.3421"
"45,15 : 0.3421"
"15,46 : 0.3956"
"46,15 : 0.3956"
"15,47 : 0.5954"
"47,15 : 0.5954"
"15,48 : 0.5825"
"48,15 : 0.5825"
"15,49 : 0.2879"
"49,15 : 0.2879"
"16,17 : 0.2608"
"17,16 : 0.2608"
"16,18 : 0.4855"
"18,16 : 0.4855"
"16,19 : 0.13"
"19,16 : 0.13"
"16,20 : 0.2983"
"20,16 : 0.2983"
"16,21 : 0.3329"
"21,16 : 0.3329"
"16,22 : 0.3848"
"22,16 : 0.3848"
"16,23 : 0.3162"
"23,16 : 0.3162"
"16,24 : 0.6407"
"24,16 : 0.6407"
"16,25 : 0.5315"
"25,16 : 0.5315"
"16,26 : 0.3985"
"26,16 : 0.3985"
"16,27 : 0.6073"
"27,16 : 0.6073"
"16,28 : 0.2832"
"28,16 : 0.2832"
"16,29 : 0.3276"
"29,16 : 0.3276"
"16,30 : 0.6022"
"30,16 : 0.6022"
"16,31 : 0.2602"
"31,16 : 0.2602"
"16,32 : 0.1921"
"32,16 : 0.1921"
"16,33 : 0.2921"
"33,16 : 0.2921"
"16,34 : 0.3053"
"34,16 : 0.3053"
"16,35 : 0.5608"
"35,16 : 0.5608"
"16,36 : 0.5778"
"36,16 : 0.5778"
"16,37 : 0.1803"
"37,16 : 0.1803"
"16,38 : 0.3231"
"38,16 : 0.3231"
"16,39 : 0.255"
"39,16 : 0.255"
"16,40 : 0.4022"
"40,16 : 0.4022"
"16,41 : 0.2417"
"41,16 : 0.2417"
"16,42 : 0.4623"
"42,16 : 0.4623"
"16,43 : 0.3996"
"43,16 : 0.3996"
"16,44 : 0.5166"
"44,16 : 0.5166"
"16,45 : 0.461"
"45,16 : 0.461"
"16,46 : 0.2915"
"46,16 : 0.2915"
"16,47 : 0.2025"
"47,16 : 0.2025"
"16,48 : 0.6684"
"48,16 : 0.6684"
"16,49 : 0.2818"
"49,16 : 0.2818"
"17,18 : 0.6413"
"18,17 : 0.6413"
"17,19 : 0.3517"
"19,17 : 0.3517"
"17,20 : 0.5187"
"20,17 : 0.5187"
"17,21 : 0.5936"
"21,17 : 0.5936"
"17,22 : 0.2184"
"22,17 : 0.2184"
"17,23 : 0.253"
"23,17 : 0.253"
"17,24 : 0.9014"
"24,17 : 0.9014"
"17,25 : 0.7406"
"25,17 : 0.7406"
"17,26 : 0.6539"
"26,17 : 0.6539"
"17,27 : 0.4418"
"27,17 : 0.4418"
"17,28 : 0.051"
"28,17 : 0.051"
"17,29 : 0.423"
"29,17 : 0.423"
"17,30 : 0.8627"
"30,17 : 0.8627"
"17,31 : 0.4518"
"31,17 : 0.4518"
"17,32 : 0.2693"
"32,17 : 0.2693"
"17,33 : 0.3202"
"33,17 : 0.3202"
"17,34 : 0.4045"
"34,17 : 0.4045"
"17,35 : 0.461"
"35,17 : 0.461"
"17,36 : 0.7554"
"36,17 : 0.7554"
"17,37 : 0.4272"
"37,17 : 0.4272"
"17,38 : 0.5814"
"38,17 : 0.5814"
"17,39 : 0.0316"
"39,17 : 0.0316"
"17,40 : 0.4885"
"40,17 : 0.4885"
"17,41 : 0.4817"
"41,17 : 0.4817"
"17,42 : 0.4522"
"42,17 : 0.4522"
"17,43 : 0.6444"
"43,17 : 0.6444"
"17,44 : 0.6357"
"44,17 : 0.6357"
"17,45 : 0.694"
"45,17 : 0.694"
"17,46 : 0.4974"
"46,17 : 0.4974"
"17,47 : 0.2121"
"47,17 : 0.2121"
"17,48 : 0.7912"
"48,17 : 0.7912"
"17,49 : 0.524"
"49,17 : 0.524"
"18,19 : 0.3581"
"19,18 : 0.3581"
"18,20 : 0.6466"
"20,18 : 0.6466"
"18,21 : 0.4588"
"21,18 : 0.4588"
"18,22 : 0.5771"
"22,18 : 0.5771"
"18,23 : 0.7961"
"23,18 : 0.7961"
"18,24 : 0.6315"
"24,18 : 0.6315"
"18,25 : 0.186"
"25,18 : 0.186"
"18,26 : 0.3812"
"26,18 : 0.3812"
"18,27 : 0.6712"
"27,18 : 0.6712"
"18,28 : 0.6239"
"28,18 : 0.6239"
"18,29 : 0.7925"
"29,18 : 0.7925"
"18,30 : 0.6152"
"30,18 : 0.6152"
"18,31 : 0.6684"
"31,18 : 0.6684"
"18,32 : 0.6768"
"32,18 : 0.6768"
"18,33 : 0.7767"
"33,18 : 0.7767"
"18,34 : 0.7716"
"34,18 : 0.7716"
"18,35 : 0.5325"
"35,18 : 0.5325"
"18,36 : 0.1237"
"36,18 : 0.1237"
"18,37 : 0.3547"
"37,18 : 0.3547"
"18,38 : 0.3956"
"38,18 : 0.3956"
"18,39 : 0.6573"
"39,18 : 0.6573"
"18,40 : 0.1931"
"40,18 : 0.1931"
"18,41 : 0.5714"
"41,18 : 0.5714"
"18,42 : 0.9463"
"42,18 : 0.9463"
"18,43 : 0.6325"
"43,18 : 0.6325"
"18,44 : 0.0949"
"44,18 : 0.0949"
"18,45 : 0.7147"
"45,18 : 0.7147"
"18,46 : 0.6685"
"46,18 : 0.6685"
"18,47 : 0.6848"
"47,18 : 0.6848"
"18,48 : 0.1942"
"48,18 : 0.1942"
"18,49 : 0.5818"
"49,18 : 0.5818"
"19,20 : 0.3437"
"20,19 : 0.3437"
"19,21 : 0.2802"
"21,19 : 0.2802"
"19,22 : 0.4104"
"22,19 : 0.4104"
"19,23 : 0.446"
"23,19 : 0.446"
"19,24 : 0.5798"
"24,19 : 0.5798"
"19,25 : 0.4045"
"25,19 : 0.4045"
"19,26 : 0.3106"
"26,19 : 0.3106"
"19,27 : 0.609"
"27,19 : 0.609"
"19,28 : 0.3585"
"28,19 : 0.3585"
"19,29 : 0.4393"
"29,19 : 0.4393"
"19,30 : 0.5449"
"30,19 : 0.5449"
"19,31 : 0.3362"
"31,19 : 0.3362"
"19,32 : 0.3191"
"32,19 : 0.3191"
"19,33 : 0.4188"
"33,19 : 0.4188"
"19,34 : 0.4177"
"34,19 : 0.4177"
"19,35 : 0.5316"
"35,19 : 0.5316"
"19,36 : 0.4478"
"36,19 : 0.4478"
"19,37 : 0.0849"
"37,19 : 0.0849"
"19,38 : 0.2476"
"38,19 : 0.2476"
"19,39 : 0.3551"
"39,19 : 0.3551"
"19,40 : 0.3008"
"40,19 : 0.3008"
"19,41 : 0.2707"
"41,19 : 0.2707"
"19,42 : 0.5882"
"42,19 : 0.5882"
"19,43 : 0.4002"
"43,19 : 0.4002"
"19,44 : 0.397"
"44,19 : 0.397"
"19,45 : 0.4752"
"45,19 : 0.4752"
"19,46 : 0.3517"
"46,19 : 0.3517"
"19,47 : 0.3324"
"47,19 : 0.3324"
"19,48 : 0.5449"
"48,19 : 0.5449"
"19,49 : 0.3002"
"49,19 : 0.3002"
"20,21 : 0.2371"
"21,20 : 0.2371"
"20,22 : 0.6801"
"22,20 : 0.6801"
"20,23 : 0.4159"
"23,20 : 0.4159"
"20,24 : 0.4653"
"24,20 : 0.4653"
"20,25 : 0.6021"
"25,20 : 0.6021"
"20,26 : 0.3536"
"26,20 : 0.3536"
"20,27 : 0.9052"
"27,20 : 0.9052"
"20,28 : 0.5557"
"28,20 : 0.5557"
"20,29 : 0.2402"
"29,20 : 0.2402"
"20,30 : 0.4243"
"30,20 : 0.4243"
"20,31 : 0.0854"
"31,20 : 0.0854"
"20,32 : 0.278"
"32,20 : 0.278"
"20,33 : 0.3195"
"33,20 : 0.3195"
"20,34 : 0.2319"
"34,20 : 0.2319"
"20,35 : 0.8559"
"35,20 : 0.8559"
"20,36 : 0.6943"
"36,20 : 0.6943"
"20,37 : 0.3008"
"37,20 : 0.3008"
"20,38 : 0.286"
"38,20 : 0.286"
"20,39 : 0.5"
"39,20 : 0.5"
"20,40 : 0.6403"
"40,20 : 0.6403"
"20,41 : 0.0762"
"41,20 : 0.0762"
"20,42 : 0.43"
"42,20 : 0.43"
"20,43 : 0.1487"
"43,20 : 0.1487"
"20,44 : 0.7111"
"44,20 : 0.7111"
"20,45 : 0.1769"
"45,20 : 0.1769"
"20,46 : 0.04"
"46,20 : 0.04"
"20,47 : 0.3406"
"47,20 : 0.3406"
"20,48 : 0.8406"
"48,20 : 0.8406"
"20,49 : 0.0721"
"49,20 : 0.0721"
"21,22 : 0.6888"
"22,21 : 0.6888"
"21,23 : 0.5855"
"23,21 : 0.5855"
"21,24 : 0.3081"
"24,21 : 0.3081"
"21,25 : 0.3764"
"25,21 : 0.3764"
"21,26 : 0.1166"
"26,21 : 0.1166"
"21,27 : 0.8884"
"27,21 : 0.8884"
"21,28 : 0.614"
"28,21 : 0.614"
"21,29 : 0.461"
"29,21 : 0.461"
"21,30 : 0.2702"
"30,21 : 0.2702"
"21,31 : 0.3008"
"31,21 : 0.3008"
"21,32 : 0.4342"
"32,21 : 0.4342"
"21,33 : 0.51"
"33,21 : 0.51"
"21,34 : 0.4472"
"34,21 : 0.4472"
"21,35 : 0.8023"
"35,21 : 0.8023"
"21,36 : 0.4802"
"36,21 : 0.4802"
"21,37 : 0.1972"
"37,21 : 0.1972"
"21,38 : 0.0632"
"38,21 : 0.0632"
"21,39 : 0.5867"
"39,21 : 0.5867"
"21,40 : 0.5124"
"40,21 : 0.5124"
"21,41 : 0.1844"
"41,21 : 0.1844"
"21,42 : 0.6494"
"42,21 : 0.6494"
"21,43 : 0.1746"
"43,21 : 0.1746"
"21,44 : 0.5394"
"44,21 : 0.5394"
"21,45 : 0.2563"
"45,21 : 0.2563"
"21,46 : 0.2731"
"46,21 : 0.2731"
"21,47 : 0.4827"
"47,21 : 0.4827"
"21,48 : 0.6462"
"48,21 : 0.6462"
"21,49 : 0.1655"
"49,21 : 0.1655"
"22,23 : 0.4713"
"23,22 : 0.4713"
"22,24 : 0.9901"
"24,22 : 0.9901"
"22,25 : 0.7211"
"25,22 : 0.7211"
"22,26 : 0.7159"
"26,22 : 0.7159"
"22,27 : 0.2309"
"27,22 : 0.2309"
"22,28 : 0.1676"
"28,22 : 0.1676"
"22,29 : 0.6301"
"29,22 : 0.6301"
"22,30 : 0.9552"
"30,22 : 0.9552"
"22,31 : 0.6282"
"31,22 : 0.6282"
"22,32 : 0.4701"
"32,22 : 0.4701"
"22,33 : 0.5346"
"33,22 : 0.5346"
"22,34 : 0.61"
"34,22 : 0.61"
"22,35 : 0.247"
"35,22 : 0.247"
"22,36 : 0.7004"
"36,22 : 0.7004"
"22,37 : 0.4952"
"37,22 : 0.4952"
"22,38 : 0.6576"
"38,22 : 0.6576"
"22,39 : 0.25"
"39,22 : 0.25"
"22,40 : 0.3905"
"40,22 : 0.3905"
"22,41 : 0.6265"
"41,22 : 0.6265"
"22,42 : 0.6705"
"42,22 : 0.6705"
"22,43 : 0.7829"
"43,22 : 0.7829"
"22,44 : 0.54"
"44,22 : 0.54"
"22,45 : 0.8458"
"45,22 : 0.8458"
"22,46 : 0.6676"
"46,22 : 0.6676"
"22,47 : 0.4211"
"47,22 : 0.4211"
"22,48 : 0.6836"
"48,22 : 0.6836"
"22,49 : 0.6664"
"49,22 : 0.6664"
"23,24 : 0.8698"
"24,23 : 0.8698"
"23,25 : 0.8465"
"25,23 : 0.8465"
"23,26 : 0.6803"
"26,23 : 0.6803"
"23,27 : 0.6905"
"27,23 : 0.6905"
"23,28 : 0.3036"
"28,23 : 0.3036"
"23,29 : 0.222"
"29,23 : 0.222"
"23,30 : 0.8286"
"30,23 : 0.8286"
"23,31 : 0.3312"
"31,23 : 0.3312"
"23,32 : 0.1513"
"32,23 : 0.1513"
"23,33 : 0.1063"
"33,23 : 0.1063"
"23,34 : 0.2126"
"34,23 : 0.2126"
"23,35 : 0.7131"
"35,23 : 0.7131"
"23,36 : 0.8932"
"36,23 : 0.8932"
"23,37 : 0.4884"
"37,23 : 0.4884"
"23,38 : 0.6003"
"38,23 : 0.6003"
"23,39 : 0.2214"
"39,23 : 0.2214"
"23,40 : 0.6825"
"40,23 : 0.6825"
"23,41 : 0.4176"
"41,23 : 0.4176"
"23,42 : 0.1992"
"42,23 : 0.1992"
"23,43 : 0.5636"
"43,23 : 0.5636"
"23,44 : 0.8154"
"44,23 : 0.8154"
"23,45 : 0.5852"
"45,23 : 0.5852"
"23,46 : 0.3808"
"46,23 : 0.3808"
"23,47 : 0.114"
"47,23 : 0.114"
"23,48 : 0.971"
"48,23 : 0.971"
"23,49 : 0.4554"
"49,23 : 0.4554"
"24,25 : 0.4701"
"25,24 : 0.4701"
"24,26 : 0.283"
"26,24 : 0.283"
"24,27 : 1.178"
"27,24 : 1.178"
"24,28 : 0.922"
"28,24 : 0.922"
"24,29 : 0.7046"
"29,24 : 0.7046"
"24,30 : 0.0412"
"30,24 : 0.0412"
"24,31 : 0.5492"
"31,24 : 0.5492"
"24,32 : 0.7211"
"32,24 : 0.7211"
"24,33 : 0.781"
"33,24 : 0.781"
"24,34 : 0.6972"
"34,24 : 0.6972"
"24,35 : 1.077"
"35,24 : 1.077"
"24,36 : 0.59"
"36,24 : 0.59"
"24,37 : 0.495"
"37,24 : 0.495"
"24,38 : 0.3324"
"38,24 : 0.3324"
"24,39 : 0.8936"
"39,24 : 0.8936"
"24,40 : 0.7524"
"40,24 : 0.7524"
"24,41 : 0.4522"
"41,24 : 0.4522"
"24,42 : 0.8927"
"42,24 : 0.8927"
"24,43 : 0.3206"
"43,24 : 0.3206"
"24,44 : 0.7257"
"44,24 : 0.7257"
"24,45 : 0.3453"
"45,24 : 0.3453"
"24,46 : 0.5049"
"46,24 : 0.5049"
"24,47 : 0.7762"
"47,24 : 0.7762"
"24,48 : 0.7801"
"48,24 : 0.7801"
"24,49 : 0.4148"
"49,24 : 0.4148"
"25,26 : 0.2693"
"26,25 : 0.2693"
"25,27 : 0.8431"
"27,25 : 0.8431"
"25,28 : 0.7344"
"28,25 : 0.7344"
"25,29 : 0.7926"
"29,25 : 0.7926"
"25,30 : 0.461"
"30,25 : 0.461"
"25,31 : 0.6464"
"31,25 : 0.6464"
"25,32 : 0.7084"
"32,25 : 0.7084"
"25,33 : 0.8041"
"33,25 : 0.8041"
"25,34 : 0.7741"
"34,25 : 0.7741"
"25,35 : 0.7106"
"35,25 : 0.7106"
"25,36 : 0.1204"
"36,25 : 0.1204"
"25,37 : 0.3606"
"37,25 : 0.3606"
"25,38 : 0.3183"
"38,25 : 0.3183"
"25,39 : 0.75"
"39,25 : 0.75"
"25,40 : 0.364"
"40,25 : 0.364"
"25,41 : 0.5341"
"41,25 : 0.5341"
"25,42 : 0.9666"
"42,25 : 0.9666"
"25,43 : 0.5464"
"43,25 : 0.5464"
"25,44 : 0.2778"
"44,25 : 0.2778"
"25,45 : 0.6243"
"45,25 : 0.6243"
"25,46 : 0.6325"
"46,25 : 0.6325"
"25,47 : 0.7325"
"47,25 : 0.7325"
"25,48 : 0.31"
"48,25 : 0.31"
"25,49 : 0.5308"
"49,25 : 0.5308"
"26,27 : 0.8964"
"27,26 : 0.8964"
"26,28 : 0.6665"
"28,26 : 0.6665"
"26,29 : 0.5728"
"29,26 : 0.5728"
"26,30 : 0.255"
"30,26 : 0.255"
"26,31 : 0.4144"
"31,26 : 0.4144"
"26,32 : 0.53"
"32,26 : 0.53"
"26,33 : 0.6129"
"33,26 : 0.6129"
"26,34 : 0.5579"
"34,26 : 0.5579"
"26,35 : 0.794"
"35,26 : 0.794"
"26,36 : 0.3808"
"36,26 : 0.3808"
"26,37 : 0.2283"
"37,26 : 0.2283"
"26,38 : 0.08"
"38,26 : 0.08"
"26,39 : 0.6519"
"39,26 : 0.6519"
"26,40 : 0.4743"
"40,26 : 0.4743"
"26,41 : 0.2973"
"41,26 : 0.2973"
"26,42 : 0.7593"
"42,26 : 0.7593"
"26,43 : 0.278"
"43,26 : 0.278"
"26,44 : 0.47"
"44,26 : 0.47"
"26,45 : 0.3551"
"45,26 : 0.3551"
"26,46 : 0.3891"
"46,26 : 0.3891"
"26,47 : 0.5722"
"47,26 : 0.5722"
"26,48 : 0.5579"
"48,26 : 0.5579"
"26,49 : 0.2818"
"49,26 : 0.2818"
"27,28 : 0.3912"
"28,27 : 0.3912"
"27,29 : 0.8601"
"29,27 : 0.8601"
"27,30 : 1.1462"
"30,27 : 1.1462"
"27,31 : 0.857"
"31,27 : 0.857"
"27,32 : 0.7006"
"32,27 : 0.7006"
"27,33 : 0.7616"
"33,27 : 0.7616"
"27,34 : 0.8402"
"34,27 : 0.8402"
"27,35 : 0.1513"
"35,27 : 0.1513"
"27,36 : 0.7916"
"36,27 : 0.7916"
"27,37 : 0.6912"
"37,27 : 0.6912"
"27,38 : 0.8488"
"38,27 : 0.8488"
"27,39 : 0.4727"
"39,27 : 0.4727"
"27,40 : 0.4802"
"40,27 : 0.4802"
"27,41 : 0.8476"
"41,27 : 0.8476"
"27,42 : 0.8884"
"42,27 : 0.8884"
"27,43 : 0.9992"
"43,27 : 0.9992"
"27,44 : 0.6054"
"44,27 : 0.6054"
"27,45 : 1.0663"
"45,27 : 1.0663"
"27,46 : 0.895"
"46,27 : 0.895"
"27,47 : 0.6501"
"47,27 : 0.6501"
"27,48 : 0.7181"
"48,27 : 0.7181"
"27,49 : 0.886"
"49,27 : 0.886"
"28,29 : 0.4717"
"29,28 : 0.4717"
"28,30 : 0.8841"
"30,28 : 0.8841"
"28,31 : 0.4924"
"31,28 : 0.4924"
"28,32 : 0.3158"
"32,28 : 0.3158"
"28,33 : 0.3705"
"33,28 : 0.3705"
"28,34 : 0.4528"
"34,28 : 0.4528"
"28,35 : 0.4115"
"35,28 : 0.4115"
"28,36 : 0.7411"
"36,28 : 0.7411"
"28,37 : 0.4383"
"37,28 : 0.4383"
"28,38 : 0.5968"
"38,28 : 0.5968"
"28,39 : 0.0825"
"39,28 : 0.0825"
"28,40 : 0.4617"
"40,28 : 0.4617"
"28,41 : 0.514"
"41,28 : 0.514"
"28,42 : 0.5029"
"42,28 : 0.5029"
"28,43 : 0.6762"
"43,28 : 0.6762"
"28,44 : 0.6113"
"44,28 : 0.6113"
"28,45 : 0.7295"
"45,28 : 0.7295"
"28,46 : 0.5367"
"46,28 : 0.5367"
"28,47 : 0.2608"
"47,28 : 0.2608"
"28,48 : 0.7654"
"48,28 : 0.7654"
"28,49 : 0.5561"
"49,28 : 0.5561"
"29,30 : 0.6637"
"30,29 : 0.6637"
"29,31 : 0.1612"
"31,29 : 0.1612"
"29,32 : 0.1612"
"32,29 : 0.1612"
"29,33 : 0.1166"
"33,29 : 0.1166"
"29,34 : 0.0224"
"34,29 : 0.0224"
"29,35 : 0.8516"
"35,29 : 0.8516"
"29,36 : 0.8661"
"36,29 : 0.8661"
"29,37 : 0.442"
"37,29 : 0.442"
"29,38 : 0.4965"
"38,29 : 0.4965"
"29,39 : 0.3946"
"39,29 : 0.3946"
"29,40 : 0.7295"
"40,29 : 0.7295"
"29,41 : 0.2766"
"41,29 : 0.2766"
"29,42 : 0.1903"
"42,29 : 0.1903"
"29,43 : 0.3847"
"43,29 : 0.3847"
"29,44 : 0.8363"
"44,29 : 0.8363"
"29,45 : 0.3863"
"45,29 : 0.3863"
"29,46 : 0.2002"
"46,29 : 0.2002"
"29,47 : 0.211"
"47,29 : 0.211"
"29,48 : 0.9829"
"48,29 : 0.9829"
"29,49 : 0.3015"
"49,29 : 0.3015"
"30,31 : 0.508"
"31,30 : 0.508"
"30,32 : 0.6801"
"32,30 : 0.6801"
"30,33 : 0.7398"
"33,30 : 0.7398"
"30,34 : 0.6562"
"34,30 : 0.6562"
"30,35 : 1.0481"
"35,30 : 1.0481"
"30,36 : 0.5814"
"36,30 : 0.5814"
"30,37 : 0.4601"
"37,30 : 0.4601"
"30,38 : 0.2983"
"38,30 : 0.2983"
"30,39 : 0.8544"
"39,30 : 0.8544"
"30,40 : 0.728"
"40,30 : 0.728"
"30,41 : 0.4111"
"41,30 : 0.4111"
"30,42 : 0.8521"
"42,30 : 0.8521"
"30,43 : 0.2802"
"43,30 : 0.2802"
"30,44 : 0.7086"
"44,30 : 0.7086"
"30,45 : 0.3081"
"45,30 : 0.3081"
"30,46 : 0.4639"
"46,30 : 0.4639"
"30,47 : 0.7354"
"47,30 : 0.7354"
"30,48 : 0.7706"
"48,30 : 0.7706"
"30,49 : 0.3736"
"49,30 : 0.3736"
"31,32 : 0.198"
"32,31 : 0.198"
"31,33 : 0.2341"
"33,31 : 0.2341"
"31,34 : 0.15"
"34,31 : 0.15"
"31,35 : 0.8202"
"35,31 : 0.8202"
"31,36 : 0.7292"
"36,31 : 0.7292"
"31,37 : 0.314"
"37,31 : 0.314"
"31,38 : 0.3401"
"38,31 : 0.3401"
"31,39 : 0.4305"
"39,31 : 0.4305"
"31,40 : 0.6369"
"40,31 : 0.6369"
"31,41 : 0.117"
"41,31 : 0.117"
"31,42 : 0.3513"
"42,31 : 0.3513"
"31,43 : 0.2341"
"43,31 : 0.2341"
"31,44 : 0.724"
"44,31 : 0.724"
"31,45 : 0.2561"
"45,31 : 0.2561"
"31,46 : 0.05"
"46,31 : 0.05"
"31,47 : 0.2617"
"47,31 : 0.2617"
"31,48 : 0.8621"
"48,31 : 0.8621"
"31,49 : 0.1404"
"49,31 : 0.1404"
"32,33 : 0.1"
"33,32 : 0.1"
"32,34 : 0.1404"
"34,32 : 0.1404"
"32,35 : 0.6905"
"35,32 : 0.6905"
"32,36 : 0.7648"
"36,32 : 0.7648"
"32,37 : 0.3479"
"37,32 : 0.3479"
"32,38 : 0.45"
"38,32 : 0.45"
"32,39 : 0.2435"
"39,32 : 0.2435"
"32,40 : 0.589"
"40,32 : 0.589"
"32,41 : 0.2693"
"41,32 : 0.2693"
"32,42 : 0.2702"
"42,32 : 0.2702"
"32,43 : 0.4219"
"43,32 : 0.4219"
"32,44 : 0.7084"
"44,32 : 0.7084"
"32,45 : 0.4534"
"45,32 : 0.4534"
"32,46 : 0.2476"
"46,32 : 0.2476"
"32,47 : 0.064"
"47,32 : 0.064"
"32,48 : 0.8605"
"48,32 : 0.8605"
"32,49 : 0.3087"
"49,32 : 0.3087"
"33,34 : 0.1063"
"34,33 : 0.1063"
"33,35 : 0.7666"
"35,33 : 0.7666"
"33,36 : 0.8635"
"36,33 : 0.8635"
"33,37 : 0.4438"
"37,33 : 0.4438"
"33,38 : 0.5334"
"38,33 : 0.5334"
"33,39 : 0.29"
"39,33 : 0.29"
"33,40 : 0.6868"
"40,33 : 0.6868"
"33,41 : 0.3324"
"41,33 : 0.3324"
"33,42 : 0.1703"
"42,33 : 0.1703"
"33,43 : 0.4682"
"43,33 : 0.4682"
"33,44 : 0.8081"
"44,33 : 0.8081"
"33,45 : 0.4837"
"45,33 : 0.4837"
"33,46 : 0.2823"
"46,33 : 0.2823"
"33,47 : 0.117"
"47,33 : 0.117"
"33,48 : 0.9605"
"48,33 : 0.9605"
"33,49 : 0.3667"
"49,33 : 0.3667"
"34,35 : 0.8302"
"35,34 : 0.8302"
"34,36 : 0.8463"
"36,34 : 0.8463"
"34,37 : 0.422"
"37,34 : 0.422"
"34,38 : 0.4808"
"38,34 : 0.4808"
"34,39 : 0.3766"
"39,34 : 0.3766"
"34,40 : 0.7072"
"40,34 : 0.7072"
"34,41 : 0.2631"
"41,34 : 0.2631"
"34,42 : 0.2022"
"42,34 : 0.2022"
"34,43 : 0.3785"
"43,34 : 0.3785"
"34,44 : 0.8147"
"44,34 : 0.8147"
"34,45 : 0.3848"
"45,34 : 0.3848"
"34,46 : 0.1924"
"46,34 : 0.1924"
"34,47 : 0.1924"
"47,34 : 0.1924"
"34,48 : 0.9617"
"48,34 : 0.9617"
"34,49 : 0.2902"
"49,34 : 0.2902"
"35,36 : 0.65"
"36,35 : 0.65"
"35,37 : 0.6075"
"37,35 : 0.6075"
"35,38 : 0.7558"
"38,35 : 0.7558"
"35,39 : 0.4924"
"39,35 : 0.4924"
"35,40 : 0.3471"
"40,35 : 0.3471"
"35,41 : 0.7908"
"41,35 : 0.7908"
"35,42 : 0.9118"
"42,35 : 0.9118"
"35,43 : 0.9315"
"43,35 : 0.9315"
"35,44 : 0.4607"
"44,35 : 0.4607"
"35,45 : 1.0044"
"45,35 : 1.0044"
"35,46 : 0.8521"
"46,35 : 0.8521"
"35,47 : 0.65"
"47,35 : 0.65"
"35,48 : 0.5675"
"48,35 : 0.5675"
"35,49 : 0.8257"
"49,35 : 0.8257"
"36,37 : 0.4244"
"37,36 : 0.4244"
"36,38 : 0.4188"
"38,36 : 0.4188"
"36,39 : 0.7694"
"39,36 : 0.7694"
"36,40 : 0.3162"
"40,36 : 0.3162"
"36,41 : 0.6224"
"41,36 : 0.6224"
"36,42 : 1.0308"
"42,36 : 1.0308"
"36,43 : 0.6537"
"43,36 : 0.6537"
"36,44 : 0.1921"
"44,36 : 0.1921"
"36,45 : 0.7336"
"45,36 : 0.7336"
"36,46 : 0.7214"
"46,36 : 0.7214"
"36,47 : 0.78"
"47,36 : 0.78"
"36,48 : 0.1903"
"48,36 : 0.1903"
"36,49 : 0.6248"
"49,36 : 0.6248"
"37,38 : 0.1628"
"38,37 : 0.1628"
"37,39 : 0.4272"
"39,37 : 0.4272"
"37,40 : 0.3437"
"40,37 : 0.3437"
"37,41 : 0.2247"
"41,37 : 0.2247"
"37,42 : 0.6083"
"42,37 : 0.6083"
"37,43 : 0.3314"
"43,37 : 0.3314"
"37,44 : 0.4118"
"44,37 : 0.4118"
"37,45 : 0.4101"
"45,37 : 0.4101"
"37,46 : 0.3176"
"46,37 : 0.3176"
"37,47 : 0.3748"
"47,37 : 0.3748"
"37,48 : 0.5482"
"48,37 : 0.5482"
"37,49 : 0.2452"
"49,37 : 0.2452"
"38,39 : 0.5778"
"39,38 : 0.5778"
"38,40 : 0.4554"
"40,38 : 0.4554"
"38,41 : 0.2236"
"41,38 : 0.2236"
"38,42 : 0.6815"
"42,38 : 0.6815"
"38,43 : 0.2377"
"43,38 : 0.2377"
"38,44 : 0.4768"
"44,38 : 0.4768"
"38,45 : 0.3195"
"45,38 : 0.3195"
"38,46 : 0.3191"
"46,38 : 0.3191"
"38,47 : 0.4925"
"47,38 : 0.4925"
"38,48 : 0.5831"
"48,38 : 0.5831"
"38,49 : 0.214"
"49,38 : 0.214"
"39,40 : 0.5099"
"40,39 : 0.5099"
"39,41 : 0.4667"
"41,39 : 0.4667"
"39,42 : 0.4206"
"42,39 : 0.4206"
"39,43 : 0.6294"
"43,39 : 0.6294"
"39,44 : 0.6555"
"44,39 : 0.6555"
"39,45 : 0.6762"
"45,39 : 0.6762"
"39,46 : 0.4771"
"46,39 : 0.4771"
"39,47 : 0.1844"
"47,39 : 0.1844"
"39,48 : 0.8115"
"48,39 : 0.8115"
"39,49 : 0.5091"
"49,39 : 0.5091"
"40,41 : 0.5652"
"41,40 : 0.5652"
"40,42 : 0.8559"
"42,40 : 0.8559"
"40,43 : 0.6703"
"43,40 : 0.6703"
"40,44 : 0.1513"
"44,40 : 0.1513"
"40,45 : 0.7511"
"45,40 : 0.7511"
"40,46 : 0.6515"
"46,40 : 0.6515"
"40,47 : 0.58"
"47,40 : 0.58"
"40,48 : 0.3036"
"48,40 : 0.3036"
"40,49 : 0.5886"
"49,40 : 0.5886"
"41,42 : 0.4653"
"42,41 : 0.4653"
"41,43 : 0.1628"
"43,41 : 0.1628"
"41,44 : 0.6351"
"44,41 : 0.6351"
"41,45 : 0.2193"
"45,41 : 0.2193"
"41,46 : 0.099"
"46,41 : 0.099"
"41,47 : 0.3265"
"47,41 : 0.3265"
"41,48 : 0.7655"
"48,41 : 0.7655"
"41,49 : 0.0424"
"49,41 : 0.0424"
"42,43 : 0.5722"
"43,42 : 0.5722"
"42,44 : 0.9784"
"44,42 : 0.9784"
"42,45 : 0.5652"
"45,42 : 0.5652"
"42,46 : 0.39"
"46,42 : 0.39"
"42,47 : 0.278"
"47,42 : 0.278"
"42,48 : 1.1307"
"48,42 : 1.1307"
"42,49 : 0.4916"
