x,y
0.92,0.34
0.26,0.23
0.07,0.15
0.15,0.15
0.63,0.57
0.56,0.94
0.65,0.47
0.21,0.44
0.94,0.42
0.56,0.67
0.29,0.02
0.34,0.29
0.01,0.34
0.41,0.63
0.61,0.85
0.5,0.53
0.68,0.49
0.95,0.9
0.85,0.7
0.43,0.58
0.75,0.0
0.33,0.6
0.86,0.36
0.6,0.7
0.24,0.28
0.07,0.47
0.05,0.66
0.12,0.39
0.1,0.87
0.63,0.86
0.6,0.6
0.86,0.96
0.29,0.95
0.63,0.34
0.91,0.98
0.67,0.55
0.94,0.43
0.44,0.9
0.16,0.95
0.76,0.0
0.63,0.53
1.0,0.02
0.17,0.22
0.21,0.88
0.39,0.28
0.84,0.47
0.16,0.04
0.77,0.72
0.31,0.37
0.3,0.43

Distanze
"0,1 : 0.6691"
"1,0 : 0.6691"
"0,2 : 0.871"
"2,0 : 0.871"
"0,3 : 0.7931"
"3,0 : 0.7931"
"0,4 : 0.3701"
"4,0 : 0.3701"
"0,5 : 0.6997"
"5,0 : 0.6997"
"0,6 : 0.2997"
"6,0 : 0.2997"
"0,7 : 0.717"
"7,0 : 0.717"
"0,8 : 0.0825"
"8,0 : 0.0825"
"0,9 : 0.4884"
"9,0 : 0.4884"
"0,10 : 0.7066"
"10,0 : 0.7066"
"0,11 : 0.5822"
"11,0 : 0.5822"
"0,12 : 0.91"
"12,0 : 0.91"
"0,13 : 0.5867"
"13,0 : 0.5867"
"0,14 : 0.5968"
"14,0 : 0.5968"
"0,15 : 0.461"
"15,0 : 0.461"
"0,16 : 0.283"
"16,0 : 0.283"
"0,17 : 0.5608"
"17,0 : 0.5608"
"0,18 : 0.3667"
"18,0 : 0.3667"
"0,19 : 0.5456"
"19,0 : 0.5456"
"0,20 : 0.3801"
"20,0 : 0.3801"
"0,21 : 0.6447"
"21,0 : 0.6447"
"0,22 : 0.0632"
"22,0 : 0.0632"
"0,23 : 0.4817"
"23,0 : 0.4817"
"0,24 : 0.6826"
"24,0 : 0.6826"
"0,25 : 0.8599"
"25,0 : 0.8599"
"0,26 : 0.927"
"26,0 : 0.927"
"0,27 : 0.8016"
"27,0 : 0.8016"
"0,28 : 0.9764"
"28,0 : 0.9764"
"0,29 : 0.5954"
"29,0 : 0.5954"
"0,30 : 0.4123"
"30,0 : 0.4123"
"0,31 : 0.6229"
"31,0 : 0.6229"
"0,32 : 0.8769"
"32,0 : 0.8769"
"0,33 : 0.29"
"33,0 : 0.29"
"0,34 : 0.6401"
"34,0 : 0.6401"
"0,35 : 0.3265"
"35,0 : 0.3265"
"0,36 : 0.0922"
"36,0 : 0.0922"
"0,37 : 0.7376"
"37,0 : 0.7376"
"0,38 : 0.9745"
"38,0 : 0.9745"
"0,39 : 0.3758"
"39,0 : 0.3758"
"0,40 : 0.3467"
"40,0 : 0.3467"
"0,41 : 0.3298"
"41,0 : 0.3298"
"0,42 : 0.7595"
"42,0 : 0.7595"
"0,43 : 0.892"
"43,0 : 0.892"
"0,44 : 0.5334"
"44,0 : 0.5334"
"0,45 : 0.1526"
"45,0 : 0.1526"
"0,46 : 0.8171"
"46,0 : 0.8171"
"0,47 : 0.4085"
"47,0 : 0.4085"
"0,48 : 0.6107"
"48,0 : 0.6107"
"0,49 : 0.6265"
"49,0 : 0.6265"
"1,2 : 0.2062"
"2,1 : 0.2062"
"1,3 : 0.136"
"3,1 : 0.136"
"1,4 : 0.5025"
"4,1 : 0.5025"
"1,5 : 0.7708"
"5,1 : 0.7708"
"1,6 : 0.4579"
"6,1 : 0.4579"
"1,7 : 0.2159"
"7,1 : 0.2159"
"1,8 : 0.706"
"8,1 : 0.706"
"1,9 : 0.5325"
"9,1 : 0.5325"
"1,10 : 0.2121"
"10,1 : 0.2121"
"1,11 : 0.1"
"11,1 : 0.1"
"1,12 : 0.2731"
"12,1 : 0.2731"
"1,13 : 0.4272"
"13,1 : 0.4272"
"1,14 : 0.712"
"14,1 : 0.712"
"1,15 : 0.3842"
"15,1 : 0.3842"
"1,16 : 0.494"
"16,1 : 0.494"
"1,17 : 0.9618"
"17,1 : 0.9618"
"1,18 : 0.7543"
"18,1 : 0.7543"
"1,19 : 0.3891"
"19,1 : 0.3891"
"1,20 : 0.5413"
"20,1 : 0.5413"
"1,21 : 0.3766"
"21,1 : 0.3766"
"1,22 : 0.6139"
"22,1 : 0.6139"
"1,23 : 0.5801"
"23,1 : 0.5801"
"1,24 : 0.0539"
"24,1 : 0.0539"
"1,25 : 0.3061"
"25,1 : 0.3061"
"1,26 : 0.4785"
"26,1 : 0.4785"
"1,27 : 0.2126"
"27,1 : 0.2126"
"1,28 : 0.6597"
"28,1 : 0.6597"
"1,29 : 0.7306"
"29,1 : 0.7306"
"1,30 : 0.5025"
"30,1 : 0.5025"
"1,31 : 0.9449"
"31,1 : 0.9449"
"1,32 : 0.7206"
"32,1 : 0.7206"
"1,33 : 0.386"
"33,1 : 0.386"
"1,34 : 0.9925"
"34,1 : 0.9925"
"1,35 : 0.5201"
"35,1 : 0.5201"
"1,36 : 0.7088"
"36,1 : 0.7088"
"1,37 : 0.6938"
"37,1 : 0.6938"
"1,38 : 0.7269"
"38,1 : 0.7269"
"1,39 : 0.5504"
"39,1 : 0.5504"
"1,40 : 0.4763"
"40,1 : 0.4763"
"1,41 : 0.7692"
"41,1 : 0.7692"
"1,42 : 0.0906"
"42,1 : 0.0906"
"1,43 : 0.6519"
"43,1 : 0.6519"
"1,44 : 0.1393"
"44,1 : 0.1393"
"1,45 : 0.6277"
"45,1 : 0.6277"
"1,46 : 0.2147"
"46,1 : 0.2147"
"1,47 : 0.7072"
"47,1 : 0.7072"
"1,48 : 0.1487"
"48,1 : 0.1487"
"1,49 : 0.204"
"49,1 : 0.204"
"2,3 : 0.08"
"3,2 : 0.08"
"2,4 : 0.7"
"4,2 : 0.7"
"2,5 : 0.9296"
"5,2 : 0.9296"
"2,6 : 0.6624"
"6,2 : 0.6624"
"2,7 : 0.322"
"7,2 : 0.322"
"2,8 : 0.9109"
"8,2 : 0.9109"
"2,9 : 0.7145"
"9,2 : 0.7145"
"2,10 : 0.2555"
"10,2 : 0.2555"
"2,11 : 0.3041"
"11,2 : 0.3041"
"2,12 : 0.1992"
"12,2 : 0.1992"
"2,13 : 0.5882"
"13,2 : 0.5882"
"2,14 : 0.8841"
"14,2 : 0.8841"
"2,15 : 0.5738"
"15,2 : 0.5738"
"2,16 : 0.6984"
"16,2 : 0.6984"
"2,17 : 1.1562"
"17,2 : 1.1562"
"2,18 : 0.9544"
"18,2 : 0.9544"
"2,19 : 0.5608"
"19,2 : 0.5608"
"2,20 : 0.6963"
"20,2 : 0.6963"
"2,21 : 0.5197"
"21,2 : 0.5197"
"2,22 : 0.8174"
"22,2 : 0.8174"
"2,23 : 0.7638"
"23,2 : 0.7638"
"2,24 : 0.214"
"24,2 : 0.214"
"2,25 : 0.32"
"25,2 : 0.32"
"2,26 : 0.5104"
"26,2 : 0.5104"
"2,27 : 0.2452"
"27,2 : 0.2452"
"2,28 : 0.7206"
"28,2 : 0.7206"
"2,29 : 0.9043"
"29,2 : 0.9043"
"2,30 : 0.6953"
"30,2 : 0.6953"
"2,31 : 1.1315"
"31,2 : 1.1315"
"2,32 : 0.8297"
"32,2 : 0.8297"
"2,33 : 0.5914"
"33,2 : 0.5914"
"2,34 : 1.1809"
"34,2 : 1.1809"
"2,35 : 0.7211"
"35,2 : 0.7211"
"2,36 : 0.9139"
"36,2 : 0.9139"
"2,37 : 0.8363"
"37,2 : 0.8363"
"2,38 : 0.805"
"38,2 : 0.805"
"2,39 : 0.7061"
"39,2 : 0.7061"
"2,40 : 0.6768"
"40,2 : 0.6768"
"2,41 : 0.939"
"41,2 : 0.939"
"2,42 : 0.1221"
"42,2 : 0.1221"
"2,43 : 0.7433"
"43,2 : 0.7433"
"2,44 : 0.3454"
"44,2 : 0.3454"
"2,45 : 0.8338"
"45,2 : 0.8338"
"2,46 : 0.1421"
"46,2 : 0.1421"
"2,47 : 0.9027"
"47,2 : 0.9027"
"2,48 : 0.3256"
"48,2 : 0.3256"
"2,49 : 0.3624"
"49,2 : 0.3624"
"3,4 : 0.6378"
"4,3 : 0.6378"
"3,5 : 0.8901"
"5,3 : 0.8901"
"3,6 : 0.5936"
"6,3 : 0.5936"
"3,7 : 0.2961"
"7,3 : 0.2961"
"3,8 : 0.8349"
"8,3 : 0.8349"
"3,9 : 0.6622"
"9,3 : 0.6622"
"3,10 : 0.191"
"10,3 : 0.191"
"3,11 : 0.236"
"11,3 : 0.236"
"3,12 : 0.236"
"12,3 : 0.236"
"3,13 : 0.5459"
"13,3 : 0.5459"
"3,14 : 0.8376"
"14,3 : 0.8376"
"3,15 : 0.5166"
"15,3 : 0.5166"
"3,16 : 0.6297"
"16,3 : 0.6297"
"3,17 : 1.0966"
"17,3 : 1.0966"
"3,18 : 0.8902"
"18,3 : 0.8902"
"3,19 : 0.5131"
"19,3 : 0.5131"
"3,20 : 0.6185"
"20,3 : 0.6185"
"3,21 : 0.4847"
"21,3 : 0.4847"
"3,22 : 0.7404"
"22,3 : 0.7404"
"3,23 : 0.7106"
"23,3 : 0.7106"
"3,24 : 0.1581"
"24,3 : 0.1581"
"3,25 : 0.3298"
"25,3 : 0.3298"
"3,26 : 0.5197"
"26,3 : 0.5197"
"3,27 : 0.2419"
"27,3 : 0.2419"
"3,28 : 0.7217"
"28,3 : 0.7217"
"3,29 : 0.857"
"29,3 : 0.857"
"3,30 : 0.6364"
"30,3 : 0.6364"
"3,31 : 1.0771"
"31,3 : 1.0771"
"3,32 : 0.8122"
"32,3 : 0.8122"
"3,33 : 0.5162"
"33,3 : 0.5162"
"3,34 : 1.1254"
"34,3 : 1.1254"
"3,35 : 0.656"
"35,3 : 0.656"
"3,36 : 0.8382"
"36,3 : 0.8382"
"3,37 : 0.8041"
"37,3 : 0.8041"
"3,38 : 0.8001"
"38,3 : 0.8001"
"3,39 : 0.6282"
"39,3 : 0.6282"
"3,40 : 0.6122"
"40,3 : 0.6122"
"3,41 : 0.8599"
"41,3 : 0.8599"
"3,42 : 0.0728"
"42,3 : 0.0728"
"3,43 : 0.7325"
"43,3 : 0.7325"
"3,44 : 0.2729"
"44,3 : 0.2729"
"3,45 : 0.7606"
"45,3 : 0.7606"
"3,46 : 0.1105"
"46,3 : 0.1105"
"3,47 : 0.8422"
"47,3 : 0.8422"
"3,48 : 0.272"
"48,3 : 0.272"
"3,49 : 0.3176"
"49,3 : 0.3176"
"4,5 : 0.3766"
"5,4 : 0.3766"
"4,6 : 0.102"
"6,4 : 0.102"
"4,7 : 0.4397"
"7,4 : 0.4397"
"4,8 : 0.3444"
"8,4 : 0.3444"
"4,9 : 0.1221"
"9,4 : 0.1221"
"4,10 : 0.6466"
"10,4 : 0.6466"
"4,11 : 0.4031"
"11,4 : 0.4031"
"4,12 : 0.6613"
"12,4 : 0.6613"
"4,13 : 0.228"
"13,4 : 0.228"
"4,14 : 0.2807"
"14,4 : 0.2807"
"4,15 : 0.136"
"15,4 : 0.136"
"4,16 : 0.0943"
"16,4 : 0.0943"
"4,17 : 0.4597"
"17,4 : 0.4597"
"4,18 : 0.2555"
"18,4 : 0.2555"
"4,19 : 0.2002"
"19,4 : 0.2002"
"4,20 : 0.5825"
"20,4 : 0.5825"
"4,21 : 0.3015"
"21,4 : 0.3015"
"4,22 : 0.3114"
"22,4 : 0.3114"
"4,23 : 0.1334"
"23,4 : 0.1334"
"4,24 : 0.486"
"24,4 : 0.486"
"4,25 : 0.5689"
"25,4 : 0.5689"
"4,26 : 0.5869"
"26,4 : 0.5869"
"4,27 : 0.5408"
"27,4 : 0.5408"
"4,28 : 0.609"
"28,4 : 0.609"
"4,29 : 0.29"
"29,4 : 0.29"
"4,30 : 0.0424"
"30,4 : 0.0424"
"4,31 : 0.4528"
"31,4 : 0.4528"
"4,32 : 0.5099"
"32,4 : 0.5099"
"4,33 : 0.23"
"33,4 : 0.23"
"4,34 : 0.4965"
"34,4 : 0.4965"
"4,35 : 0.0447"
"35,4 : 0.0447"
"4,36 : 0.3401"
"36,4 : 0.3401"
"4,37 : 0.3808"
"37,4 : 0.3808"
"4,38 : 0.6044"
"38,4 : 0.6044"
"4,39 : 0.5846"
"39,4 : 0.5846"
"4,40 : 0.04"
"40,4 : 0.04"
"4,41 : 0.6629"
"41,4 : 0.6629"
"4,42 : 0.578"
"42,4 : 0.578"
"4,43 : 0.522"
"43,4 : 0.522"
"4,44 : 0.3764"
"44,4 : 0.3764"
"4,45 : 0.2326"
"45,4 : 0.2326"
"4,46 : 0.7084"
"46,4 : 0.7084"
"4,47 : 0.2052"
"47,4 : 0.2052"
"4,48 : 0.3774"
"48,4 : 0.3774"
"4,49 : 0.3585"
"49,4 : 0.3585"
"5,6 : 0.4785"
"6,5 : 0.4785"
"5,7 : 0.6103"
"7,5 : 0.6103"
"5,8 : 0.644"
"8,5 : 0.644"
"5,9 : 0.27"
"9,5 : 0.27"
"5,10 : 0.9588"
"10,5 : 0.9588"
"5,11 : 0.6862"
"11,5 : 0.6862"
"5,12 : 0.8139"
"12,5 : 0.8139"
"5,13 : 0.3444"
"13,5 : 0.3444"
"5,14 : 0.103"
"14,5 : 0.103"
"5,15 : 0.4144"
"15,5 : 0.4144"
"5,16 : 0.4657"
"16,5 : 0.4657"
"5,17 : 0.392"
"17,5 : 0.392"
"5,18 : 0.3764"
"18,5 : 0.3764"
"5,19 : 0.3828"
"19,5 : 0.3828"
"5,20 : 0.959"
"20,5 : 0.959"
"5,21 : 0.4105"
"21,5 : 0.4105"
"5,22 : 0.653"
"22,5 : 0.653"
"5,23 : 0.2433"
"23,5 : 0.2433"
"5,24 : 0.7335"
"24,5 : 0.7335"
"5,25 : 0.679"
"25,5 : 0.679"
"5,26 : 0.5818"
"26,5 : 0.5818"
"5,27 : 0.7043"
"27,5 : 0.7043"
"5,28 : 0.4653"
"28,5 : 0.4653"
"5,29 : 0.1063"
"29,5 : 0.1063"
"5,30 : 0.3423"
"30,5 : 0.3423"
"5,31 : 0.3007"
"31,5 : 0.3007"
"5,32 : 0.2702"
"32,5 : 0.2702"
"5,33 : 0.6041"
"33,5 : 0.6041"
"5,34 : 0.3523"
"34,5 : 0.3523"
"5,35 : 0.4052"
"35,5 : 0.4052"
"5,36 : 0.636"
"36,5 : 0.636"
"5,37 : 0.1265"
"37,5 : 0.1265"
"5,38 : 0.4001"
"38,5 : 0.4001"
"5,39 : 0.961"
"39,5 : 0.961"
"5,40 : 0.4159"
"40,5 : 0.4159"
"5,41 : 1.0198"
"41,5 : 1.0198"
"5,42 : 0.8188"
"42,5 : 0.8188"
"5,43 : 0.3551"
"43,5 : 0.3551"
"5,44 : 0.6815"
"44,5 : 0.6815"
"5,45 : 0.5471"
"45,5 : 0.5471"
"5,46 : 0.9849"
"46,5 : 0.9849"
"5,47 : 0.3041"
"47,5 : 0.3041"
"5,48 : 0.6224"
"48,5 : 0.6224"
"5,49 : 0.5725"
"49,5 : 0.5725"
"6,7 : 0.441"
"7,6 : 0.441"
"6,8 : 0.2943"
"8,6 : 0.2943"
"6,9 : 0.2193"
"9,6 : 0.2193"
"6,10 : 0.5763"
"10,6 : 0.5763"
"6,11 : 0.3585"
"11,6 : 0.3585"
"6,12 : 0.6531"
"12,6 : 0.6531"
"6,13 : 0.2884"
"13,6 : 0.2884"
"6,14 : 0.3821"
"14,6 : 0.3821"
"6,15 : 0.1616"
"15,6 : 0.1616"
"6,16 : 0.0361"
"16,6 : 0.0361"
"6,17 : 0.5243"
"17,6 : 0.5243"
"6,18 : 0.3048"
"18,6 : 0.3048"
"6,19 : 0.246"
"19,6 : 0.246"
"6,20 : 0.4805"
"20,6 : 0.4805"
"6,21 : 0.3454"
"21,6 : 0.3454"
"6,22 : 0.2371"
"22,6 : 0.2371"
"6,23 : 0.2354"
"23,6 : 0.2354"
"6,24 : 0.4519"
"24,6 : 0.4519"
"6,25 : 0.58"
"25,6 : 0.58"
"6,26 : 0.6294"
"26,6 : 0.6294"
"6,27 : 0.536"
"27,6 : 0.536"
"6,28 : 0.6801"
"28,6 : 0.6801"
"6,29 : 0.3905"
"29,6 : 0.3905"
"6,30 : 0.1393"
"30,6 : 0.1393"
"6,31 : 0.5331"
"31,6 : 0.5331"
"6,32 : 0.6"
"32,6 : 0.6"
"6,33 : 0.1315"
"33,6 : 0.1315"
"6,34 : 0.5725"
"34,6 : 0.5725"
"6,35 : 0.0825"
"35,6 : 0.0825"
"6,36 : 0.2927"
"36,6 : 0.2927"
"6,37 : 0.4785"
"37,6 : 0.4785"
"6,38 : 0.6859"
"38,6 : 0.6859"
"6,39 : 0.4827"
"39,6 : 0.4827"
"6,40 : 0.0632"
"40,6 : 0.0632"
"6,41 : 0.5701"
"41,6 : 0.5701"
"6,42 : 0.5412"
"42,6 : 0.5412"
"6,43 : 0.6014"
"43,6 : 0.6014"
"6,44 : 0.322"
"44,6 : 0.322"
"6,45 : 0.19"
"45,6 : 0.19"
"6,46 : 0.6519"
"46,6 : 0.6519"
"6,47 : 0.2773"
"47,6 : 0.2773"
"6,48 : 0.3544"
"48,6 : 0.3544"
"6,49 : 0.3523"
"49,6 : 0.3523"
"7,8 : 0.7303"
"8,7 : 0.7303"
"7,9 : 0.4188"
"9,7 : 0.4188"
"7,10 : 0.4276"
"10,7 : 0.4276"
"7,11 : 0.1985"
"11,7 : 0.1985"
"7,12 : 0.2236"
"12,7 : 0.2236"
"7,13 : 0.2759"
"13,7 : 0.2759"
"7,14 : 0.5728"
"14,7 : 0.5728"
"7,15 : 0.3036"
"15,7 : 0.3036"
"7,16 : 0.4727"
"16,7 : 0.4727"
"7,17 : 0.8713"
"17,7 : 0.8713"
"7,18 : 0.6908"
"18,7 : 0.6908"
"7,19 : 0.2608"
"19,7 : 0.2608"
"7,20 : 0.6966"
"20,7 : 0.6966"
"7,21 : 0.2"
"21,7 : 0.2"
"7,22 : 0.6549"
"22,7 : 0.6549"
"7,23 : 0.4687"
"23,7 : 0.4687"
"7,24 : 0.1628"
"24,7 : 0.1628"
"7,25 : 0.1432"
"25,7 : 0.1432"
"7,26 : 0.272"
"26,7 : 0.272"
"7,27 : 0.103"
"27,7 : 0.103"
"7,28 : 0.4438"
"28,7 : 0.4438"
"7,29 : 0.594"
"29,7 : 0.594"
"7,30 : 0.4215"
"30,7 : 0.4215"
"7,31 : 0.8324"
"31,7 : 0.8324"
"7,32 : 0.5162"
"32,7 : 0.5162"
"7,33 : 0.4317"
"33,7 : 0.4317"
"7,34 : 0.8841"
"34,7 : 0.8841"
"7,35 : 0.473"
"35,7 : 0.473"
"7,36 : 0.7301"
"36,7 : 0.7301"
"7,37 : 0.5143"
"37,7 : 0.5143"
"7,38 : 0.5124"
"38,7 : 0.5124"
"7,39 : 0.7043"
"39,7 : 0.7043"
"7,40 : 0.4295"
"40,7 : 0.4295"
"7,41 : 0.8947"
"41,7 : 0.8947"
"7,42 : 0.2236"
"42,7 : 0.2236"
"7,43 : 0.44"
"43,7 : 0.44"
"7,44 : 0.2408"
"44,7 : 0.2408"
"7,45 : 0.6307"
"45,7 : 0.6307"
"7,46 : 0.4031"
"46,7 : 0.4031"
"7,47 : 0.6261"
"47,7 : 0.6261"
"7,48 : 0.1221"
"48,7 : 0.1221"
"7,49 : 0.0906"
"49,7 : 0.0906"
"8,9 : 0.4549"
"9,8 : 0.4549"
"8,10 : 0.7632"
"10,8 : 0.7632"
"8,11 : 0.6139"
"11,8 : 0.6139"
"8,12 : 0.9334"
"12,8 : 0.9334"
"8,13 : 0.5701"
"13,8 : 0.5701"
"8,14 : 0.542"
"14,8 : 0.542"
"8,15 : 0.4535"
"15,8 : 0.4535"
"8,16 : 0.2693"
"16,8 : 0.2693"
"8,17 : 0.4801"
"17,8 : 0.4801"
"8,18 : 0.2941"
"18,8 : 0.2941"
"8,19 : 0.5345"
"19,8 : 0.5345"
"8,20 : 0.461"
"20,8 : 0.461"
"8,21 : 0.636"
"21,8 : 0.636"
"8,22 : 0.1"
"22,8 : 0.1"
"8,23 : 0.4405"
"23,8 : 0.4405"
"8,24 : 0.7139"
"24,8 : 0.7139"
"8,25 : 0.8714"
"25,8 : 0.8714"
"8,26 : 0.9218"
"26,8 : 0.9218"
"8,27 : 0.8205"
"27,8 : 0.8205"
"8,28 : 0.9529"
"28,8 : 0.9529"
"8,29 : 0.5382"
"29,8 : 0.5382"
"8,30 : 0.3847"
"30,8 : 0.3847"
"8,31 : 0.5459"
"31,8 : 0.5459"
"8,32 : 0.8387"
"32,8 : 0.8387"
"8,33 : 0.3202"
"33,8 : 0.3202"
"8,34 : 0.5608"
"34,8 : 0.5608"
"8,35 : 0.2997"
"35,8 : 0.2997"
"8,36 : 0.01"
"36,8 : 0.01"
"8,37 : 0.6931"
"37,8 : 0.6931"
"8,38 : 0.943"
"38,8 : 0.943"
"8,39 : 0.4569"
"39,8 : 0.4569"
"8,40 : 0.3289"
"40,8 : 0.3289"
"8,41 : 0.4045"
"41,8 : 0.4045"
"8,42 : 0.7956"
"42,8 : 0.7956"
"8,43 : 0.8628"
"43,8 : 0.8628"
"8,44 : 0.5675"
"44,8 : 0.5675"
"8,45 : 0.1118"
"45,8 : 0.1118"
"8,46 : 0.8676"
"46,8 : 0.8676"
"8,47 : 0.3448"
"47,8 : 0.3448"
"8,48 : 0.632"
"48,8 : 0.632"
"8,49 : 0.6401"
"49,8 : 0.6401"
"9,10 : 0.7038"
"10,9 : 0.7038"
"9,11 : 0.4391"
"11,9 : 0.4391"
"9,12 : 0.6414"
"12,9 : 0.6414"
"9,13 : 0.1552"
"13,9 : 0.1552"
"9,14 : 0.1868"
"14,9 : 0.1868"
"9,15 : 0.1523"
"15,9 : 0.1523"
"9,16 : 0.2163"
"16,9 : 0.2163"
"9,17 : 0.4528"
"17,9 : 0.4528"
"9,18 : 0.2915"
"18,9 : 0.2915"
"9,19 : 0.1581"
"19,9 : 0.1581"
"9,20 : 0.6964"
"20,9 : 0.6964"
"9,21 : 0.2404"
"21,9 : 0.2404"
"9,22 : 0.4314"
"22,9 : 0.4314"
"9,23 : 0.05"
"23,9 : 0.05"
"9,24 : 0.5045"
"24,9 : 0.5045"
"9,25 : 0.5292"
"25,9 : 0.5292"
"9,26 : 0.5101"
"26,9 : 0.5101"
"9,27 : 0.5215"
"27,9 : 0.5215"
"9,28 : 0.5016"
"28,9 : 0.5016"
"9,29 : 0.2025"
"29,9 : 0.2025"
"9,30 : 0.0806"
"30,9 : 0.0806"
"9,31 : 0.4173"
"31,9 : 0.4173"
"9,32 : 0.389"
"32,9 : 0.389"
"9,33 : 0.3373"
"33,9 : 0.3373"
"9,34 : 0.4675"
"34,9 : 0.4675"
"9,35 : 0.1628"
"35,9 : 0.1628"
"9,36 : 0.4494"
"36,9 : 0.4494"
"9,37 : 0.2594"
"37,9 : 0.2594"
"9,38 : 0.4883"
"38,9 : 0.4883"
"9,39 : 0.6992"
"39,9 : 0.6992"
"9,40 : 0.1565"
"40,9 : 0.1565"
"9,41 : 0.7849"
"41,9 : 0.7849"
"9,42 : 0.5955"
"42,9 : 0.5955"
"9,43 : 0.4082"
"43,9 : 0.4082"
"9,44 : 0.4254"
"44,9 : 0.4254"
"9,45 : 0.3441"
"45,9 : 0.3441"
"9,46 : 0.7463"
"46,9 : 0.7463"
"9,47 : 0.2159"
"47,9 : 0.2159"
"9,48 : 0.3905"
"48,9 : 0.3905"
"9,49 : 0.3538"
"49,9 : 0.3538"
"10,11 : 0.2746"
"11,10 : 0.2746"
"10,12 : 0.4252"
"12,10 : 0.4252"
"10,13 : 0.6217"
"13,10 : 0.6217"
"10,14 : 0.8896"
"14,10 : 0.8896"
"10,15 : 0.5515"
"15,10 : 0.5515"
"10,16 : 0.6107"
"16,10 : 0.6107"
"10,17 : 1.1"
"17,10 : 1.1"
"10,18 : 0.8809"
"18,10 : 0.8809"
"10,19 : 0.5772"
"19,10 : 0.5772"
"10,20 : 0.4604"
"20,10 : 0.4604"
"10,21 : 0.5814"
"21,10 : 0.5814"
"10,22 : 0.6637"
"22,10 : 0.6637"
"10,23 : 0.7473"
"23,10 : 0.7473"
"10,24 : 0.2648"
"24,10 : 0.2648"
"10,25 : 0.5009"
"25,10 : 0.5009"
"10,26 : 0.6835"
"26,10 : 0.6835"
"10,27 : 0.4072"
"27,10 : 0.4072"
"10,28 : 0.871"
"28,10 : 0.871"
"10,29 : 0.9062"
"29,10 : 0.9062"
"10,30 : 0.6576"
"30,10 : 0.6576"
"10,31 : 1.0993"
"31,10 : 1.0993"
"10,32 : 0.93"
"32,10 : 0.93"
"10,33 : 0.4669"
"33,10 : 0.4669"
"10,34 : 1.1428"
"34,10 : 1.1428"
"10,35 : 0.6522"
"35,10 : 0.6522"
"10,36 : 0.7685"
"36,10 : 0.7685"
"10,37 : 0.8927"
"37,10 : 0.8927"
"10,38 : 0.939"
"38,10 : 0.939"
"10,39 : 0.4704"
"39,10 : 0.4704"
"10,40 : 0.6129"
"40,10 : 0.6129"
"10,41 : 0.71"
"41,10 : 0.71"
"10,42 : 0.2332"
"42,10 : 0.2332"
"10,43 : 0.8637"
"43,10 : 0.8637"
"10,44 : 0.2786"
"44,10 : 0.2786"
"10,45 : 0.7106"
"45,10 : 0.7106"
"10,46 : 0.1315"
"46,10 : 0.1315"
"10,47 : 0.8488"
"47,10 : 0.8488"
"10,48 : 0.3506"
"48,10 : 0.3506"
"10,49 : 0.4101"
"49,10 : 0.4101"
"11,12 : 0.3338"
"12,11 : 0.3338"
"11,13 : 0.3471"
"13,11 : 0.3471"
"11,14 : 0.6217"
"14,11 : 0.6217"
"11,15 : 0.2884"
"15,11 : 0.2884"
"11,16 : 0.3945"
"16,11 : 0.3945"
"11,17 : 0.8627"
"17,11 : 0.8627"
"11,18 : 0.6544"
"18,11 : 0.6544"
"11,19 : 0.3036"
"19,11 : 0.3036"
"11,20 : 0.5022"
"20,11 : 0.5022"
"11,21 : 0.3102"
"21,11 : 0.3102"
"11,22 : 0.5247"
"22,11 : 0.5247"
"11,23 : 0.4855"
"23,11 : 0.4855"
"11,24 : 0.1005"
"24,11 : 0.1005"
"11,25 : 0.3245"
"25,11 : 0.3245"
"11,26 : 0.4701"
"26,11 : 0.4701"
"11,27 : 0.2417"
"27,11 : 0.2417"
"11,28 : 0.6277"
"28,11 : 0.6277"
"11,29 : 0.6395"
"29,11 : 0.6395"
"11,30 : 0.4046"
"30,11 : 0.4046"
"11,31 : 0.8481"
"31,11 : 0.8481"
"11,32 : 0.6619"
"32,11 : 0.6619"
"11,33 : 0.2943"
"33,11 : 0.2943"
"11,34 : 0.895"
"34,11 : 0.895"
"11,35 : 0.4201"
"35,11 : 0.4201"
"11,36 : 0.6161"
"36,11 : 0.6161"
"11,37 : 0.6181"
"37,11 : 0.6181"
"11,38 : 0.6841"
"38,11 : 0.6841"
"11,39 : 0.5104"
"39,11 : 0.5104"
"11,40 : 0.3764"
"40,11 : 0.3764"
"11,41 : 0.7131"
"41,11 : 0.7131"
"11,42 : 0.1838"
"42,11 : 0.1838"
"11,43 : 0.6042"
"43,11 : 0.6042"
"11,44 : 0.051"
"44,11 : 0.051"
"11,45 : 0.5314"
"45,11 : 0.5314"
"11,46 : 0.3081"
"46,11 : 0.3081"
"11,47 : 0.6081"
"47,11 : 0.6081"
"11,48 : 0.0854"
"48,11 : 0.0854"
"11,49 : 0.1456"
"49,11 : 0.1456"
"12,13 : 0.4941"
"13,12 : 0.4941"
"12,14 : 0.7875"
"14,12 : 0.7875"
"12,15 : 0.5255"
"15,12 : 0.5255"
"12,16 : 0.6866"
"16,12 : 0.6866"
"12,17 : 1.0942"
"17,12 : 1.0942"
"12,18 : 0.9139"
"18,12 : 0.9139"
"12,19 : 0.4837"
"19,12 : 0.4837"
"12,20 : 0.8144"
"20,12 : 0.8144"
"12,21 : 0.4123"
"21,12 : 0.4123"
"12,22 : 0.8502"
"22,12 : 0.8502"
"12,23 : 0.6912"
"23,12 : 0.6912"
"12,24 : 0.2377"
"24,12 : 0.2377"
"12,25 : 0.1432"
"25,12 : 0.1432"
"12,26 : 0.3225"
"26,12 : 0.3225"
"12,27 : 0.1208"
"27,12 : 0.1208"
"12,28 : 0.5376"
"28,12 : 0.5376"
"12,29 : 0.8092"
"29,12 : 0.8092"
"12,30 : 0.6447"
"30,12 : 0.6447"
"12,31 : 1.0521"
"31,12 : 1.0521"
"12,32 : 0.6712"
"32,12 : 0.6712"
"12,33 : 0.62"
"33,12 : 0.62"
"12,34 : 1.1044"
"34,12 : 1.1044"
"12,35 : 0.6926"
"35,12 : 0.6926"
"12,36 : 0.9343"
"36,12 : 0.9343"
"12,37 : 0.706"
"37,12 : 0.706"
"12,38 : 0.6282"
"38,12 : 0.6282"
"12,39 : 0.8235"
"39,12 : 0.8235"
"12,40 : 0.6485"
"40,12 : 0.6485"
"12,41 : 1.0404"
"41,12 : 1.0404"
"12,42 : 0.2"
"42,12 : 0.2"
"12,43 : 0.5758"
"43,12 : 0.5758"
"12,44 : 0.3847"
"44,12 : 0.3847"
"12,45 : 0.8401"
"45,12 : 0.8401"
"12,46 : 0.3354"
"46,12 : 0.3354"
"12,47 : 0.8497"
"47,12 : 0.8497"
"12,48 : 0.3015"
"48,12 : 0.3015"
"12,49 : 0.3036"
"49,12 : 0.3036"
"13,14 : 0.2973"
"14,13 : 0.2973"
"13,15 : 0.1345"
"15,13 : 0.1345"
"13,16 : 0.3041"
"16,13 : 0.3041"
"13,17 : 0.6037"
"17,13 : 0.6037"
"13,18 : 0.4455"
"18,13 : 0.4455"
"13,19 : 0.0539"
"19,13 : 0.0539"
"13,20 : 0.7159"
"20,13 : 0.7159"
"13,21 : 0.0854"
"21,13 : 0.0854"
"13,22 : 0.5248"
"22,13 : 0.5248"
"13,23 : 0.2025"
"23,13 : 0.2025"
"13,24 : 0.3891"
"24,13 : 0.3891"
"13,25 : 0.3758"
"25,13 : 0.3758"
"13,26 : 0.3612"
"26,13 : 0.3612"
"13,27 : 0.3764"
"27,13 : 0.3764"
"13,28 : 0.392"
"28,13 : 0.392"
"13,29 : 0.3183"
"29,13 : 0.3183"
"13,30 : 0.1924"
"30,13 : 0.1924"
"13,31 : 0.558"
"31,13 : 0.558"
"13,32 : 0.3418"
"32,13 : 0.3418"
"13,33 : 0.364"
"33,13 : 0.364"
"13,34 : 0.6103"
"34,13 : 0.6103"
"13,35 : 0.272"
"35,13 : 0.272"
"13,36 : 0.5665"
"36,13 : 0.5665"
"13,37 : 0.2717"
"37,13 : 0.2717"
"13,38 : 0.4061"
"38,13 : 0.4061"
"13,39 : 0.7207"
"39,13 : 0.7207"
"13,40 : 0.2417"
"40,13 : 0.2417"
"13,41 : 0.8486"
"41,13 : 0.8486"
"13,42 : 0.4751"
"42,13 : 0.4751"
"13,43 : 0.3202"
"43,13 : 0.3202"
"13,44 : 0.3506"
"44,13 : 0.3506"
"13,45 : 0.4588"
"45,13 : 0.4588"
"13,46 : 0.6408"
"46,13 : 0.6408"
"13,47 : 0.3711"
"47,13 : 0.3711"
"13,48 : 0.2786"
"48,13 : 0.2786"
"13,49 : 0.2283"
"49,13 : 0.2283"
"14,15 : 0.3384"
"15,14 : 0.3384"
"14,16 : 0.3667"
"16,14 : 0.3667"
"14,17 : 0.3437"
"17,14 : 0.3437"
"14,18 : 0.283"
"18,14 : 0.283"
"14,19 : 0.3245"
"19,14 : 0.3245"
"14,20 : 0.8615"
"20,14 : 0.8615"
"14,21 : 0.3754"
"21,14 : 0.3754"
"14,22 : 0.5501"
"22,14 : 0.5501"
"14,23 : 0.1503"
"23,14 : 0.1503"
"14,24 : 0.6796"
"24,14 : 0.6796"
"14,25 : 0.6603"
"25,14 : 0.6603"
"14,26 : 0.5914"
"26,14 : 0.5914"
"14,27 : 0.6721"
"27,14 : 0.6721"
"14,28 : 0.5104"
"28,14 : 0.5104"
"14,29 : 0.0224"
"29,14 : 0.0224"
"14,30 : 0.2502"
"30,14 : 0.2502"
"14,31 : 0.2731"
"31,14 : 0.2731"
"14,32 : 0.3353"
"32,14 : 0.3353"
"14,33 : 0.5104"
"33,14 : 0.5104"
"14,34 : 0.327"
"34,14 : 0.327"
"14,35 : 0.3059"
"35,14 : 0.3059"
"14,36 : 0.5341"
"36,14 : 0.5341"
"14,37 : 0.1772"
"37,14 : 0.1772"
"14,38 : 0.461"
"38,14 : 0.461"
"14,39 : 0.8631"
"39,14 : 0.8631"
"14,40 : 0.3206"
"40,14 : 0.3206"
"14,41 : 0.9171"
"41,14 : 0.9171"
"14,42 : 0.7684"
"42,14 : 0.7684"
"14,43 : 0.4011"
"43,14 : 0.4011"
"14,44 : 0.611"
"44,14 : 0.611"
"14,45 : 0.4442"
"45,14 : 0.4442"
"14,46 : 0.9266"
"46,14 : 0.9266"
"14,47 : 0.2062"
"47,14 : 0.2062"
"14,48 : 0.566"
"48,14 : 0.566"
"14,49 : 0.522"
"49,14 : 0.522"
"15,16 : 0.1844"
"16,15 : 0.1844"
"15,17 : 0.5826"
"17,15 : 0.5826"
"15,18 : 0.3891"
"18,15 : 0.3891"
"15,19 : 0.086"
"19,15 : 0.086"
"15,20 : 0.586"
"20,15 : 0.586"
"15,21 : 0.1838"
"21,15 : 0.1838"
"15,22 : 0.3981"
"22,15 : 0.3981"
"15,23 : 0.1972"
"23,15 : 0.1972"
"15,24 : 0.3607"
"24,15 : 0.3607"
"15,25 : 0.4342"
"25,15 : 0.4342"
"15,26 : 0.4684"
"26,15 : 0.4684"
"15,27 : 0.405"
"27,15 : 0.405"
"15,28 : 0.525"
"28,15 : 0.525"
"15,29 : 0.3547"
"29,15 : 0.3547"
"15,30 : 0.1221"
"30,15 : 0.1221"
"15,31 : 0.5608"
"31,15 : 0.5608"
"15,32 : 0.4696"
"32,15 : 0.4696"
"15,33 : 0.2302"
"33,15 : 0.2302"
"15,34 : 0.6088"
"34,15 : 0.6088"
"15,35 : 0.1712"
"35,15 : 0.1712"
"15,36 : 0.4512"
"36,15 : 0.4512"
"15,37 : 0.3748"
"37,15 : 0.3748"
"15,38 : 0.5404"
"38,15 : 0.5404"
"15,39 : 0.5903"
"39,15 : 0.5903"
"15,40 : 0.13"
"40,15 : 0.13"
"15,41 : 0.7142"
"41,15 : 0.7142"
"15,42 : 0.4528"
"42,15 : 0.4528"
"15,43 : 0.4545"
"43,15 : 0.4545"
"15,44 : 0.2731"
"44,15 : 0.2731"
"15,45 : 0.3453"
"45,15 : 0.3453"
"15,46 : 0.5964"
"46,15 : 0.5964"
"15,47 : 0.3302"
"47,15 : 0.3302"
"15,48 : 0.2484"
"48,15 : 0.2484"
"15,49 : 0.2236"
"49,15 : 0.2236"
"16,17 : 0.4909"
"17,16 : 0.4909"
"16,18 : 0.2702"
"18,16 : 0.2702"
"16,19 : 0.2657"
"19,16 : 0.2657"
"16,20 : 0.495"
"20,16 : 0.495"
"16,21 : 0.3669"
"21,16 : 0.3669"
"16,22 : 0.222"
"22,16 : 0.222"
"16,23 : 0.2247"
"23,16 : 0.2247"
"16,24 : 0.4875"
"24,16 : 0.4875"
"16,25 : 0.6103"
"25,16 : 0.6103"
"16,26 : 0.6525"
"26,16 : 0.6525"
"16,27 : 0.5689"
"27,16 : 0.5689"
"16,28 : 0.6934"
"28,16 : 0.6934"
"16,29 : 0.3734"
"29,16 : 0.3734"
"16,30 : 0.136"
"30,16 : 0.136"
"16,31 : 0.5033"
"31,16 : 0.5033"
"16,32 : 0.6031"
"32,16 : 0.6031"
"16,33 : 0.1581"
"33,16 : 0.1581"
"16,34 : 0.5413"
"34,16 : 0.5413"
"16,35 : 0.0608"
"35,16 : 0.0608"
"16,36 : 0.2668"
"36,16 : 0.2668"
"16,37 : 0.4751"
"37,16 : 0.4751"
"16,38 : 0.6943"
"38,16 : 0.6943"
"16,39 : 0.4965"
"39,16 : 0.4965"
"16,40 : 0.064"
"40,16 : 0.064"
"16,41 : 0.5686"
"41,16 : 0.5686"
"16,42 : 0.5771"
"42,16 : 0.5771"
"16,43 : 0.6107"
"43,16 : 0.6107"
"16,44 : 0.3581"
"44,16 : 0.3581"
"16,45 : 0.1612"
"45,16 : 0.1612"
"16,46 : 0.6877"
"46,16 : 0.6877"
"16,47 : 0.247"
"47,16 : 0.247"
"16,48 : 0.389"
"48,16 : 0.389"
"16,49 : 0.3847"
"49,16 : 0.3847"
"17,18 : 0.2236"
"18,17 : 0.2236"
"17,19 : 0.6106"
"19,17 : 0.6106"
"17,20 : 0.922"
"20,17 : 0.922"
"17,21 : 0.6888"
"21,17 : 0.6888"
"17,22 : 0.5474"
"22,17 : 0.5474"
"17,23 : 0.4031"
"23,17 : 0.4031"
"17,24 : 0.9426"
"24,17 : 0.9426"
"17,25 : 0.9794"
"25,17 : 0.9794"
"17,26 : 0.9315"
"26,17 : 0.9315"
"17,27 : 0.9742"
"27,17 : 0.9742"
"17,28 : 0.8505"
"28,17 : 0.8505"
"17,29 : 0.3225"
"29,17 : 0.3225"
"17,30 : 0.461"
"30,17 : 0.461"
"17,31 : 0.1082"
"31,17 : 0.1082"
"17,32 : 0.6619"
"32,17 : 0.6619"
"17,33 : 0.645"
"33,17 : 0.645"
"17,34 : 0.0894"
"34,17 : 0.0894"
"17,35 : 0.4482"
"35,17 : 0.4482"
"17,36 : 0.4701"
"36,17 : 0.4701"
"17,37 : 0.51"
"37,17 : 0.51"
"17,38 : 0.7916"
"38,17 : 0.7916"
"17,39 : 0.9198"
"39,17 : 0.9198"
"17,40 : 0.4892"
"40,17 : 0.4892"
"17,41 : 0.8814"
"41,17 : 0.8814"
"17,42 : 1.0348"
"42,17 : 1.0348"
"17,43 : 0.7403"
"43,17 : 0.7403"
"17,44 : 0.8355"
"44,17 : 0.8355"
"17,45 : 0.4438"
"45,17 : 0.4438"
"17,46 : 1.1678"
"46,17 : 1.1678"
"17,47 : 0.2546"
"47,17 : 0.2546"
"17,48 : 0.831"
"48,17 : 0.831"
"17,49 : 0.8021"
"49,17 : 0.8021"
"18,19 : 0.4368"
"19,18 : 0.4368"
"18,20 : 0.7071"
"20,18 : 0.7071"
"18,21 : 0.5295"
"21,18 : 0.5295"
"18,22 : 0.3401"
"22,18 : 0.3401"
"18,23 : 0.25"
"23,18 : 0.25"
"18,24 : 0.7406"
"24,18 : 0.7406"
"18,25 : 0.8132"
"25,18 : 0.8132"
"18,26 : 0.801"
"26,18 : 0.801"
"18,27 : 0.7931"
"27,18 : 0.7931"
"18,28 : 0.769"
"28,18 : 0.769"
"18,29 : 0.272"
"29,18 : 0.272"
"18,30 : 0.2693"
"30,18 : 0.2693"
"18,31 : 0.2602"
"31,18 : 0.2602"
"18,32 : 0.6133"
"32,18 : 0.6133"
"18,33 : 0.4219"
"33,18 : 0.4219"
"18,34 : 0.2864"
"34,18 : 0.2864"
"18,35 : 0.2343"
"35,18 : 0.2343"
"18,36 : 0.2846"
"36,18 : 0.2846"
"18,37 : 0.4562"
"37,18 : 0.4562"
"18,38 : 0.7339"
"38,18 : 0.7339"
"18,39 : 0.7058"
"39,18 : 0.7058"
"18,40 : 0.278"
"40,18 : 0.278"
"18,41 : 0.6963"
"41,18 : 0.6963"
"18,42 : 0.8323"
"42,18 : 0.8323"
"18,43 : 0.6648"
"43,18 : 0.6648"
"18,44 : 0.6229"
"44,18 : 0.6229"
"18,45 : 0.2302"
"45,18 : 0.2302"
"18,46 : 0.9548"
"46,18 : 0.9548"
"18,47 : 0.0825"
"47,18 : 0.0825"
"18,48 : 0.6329"
"48,18 : 0.6329"
"18,49 : 0.6127"
"49,18 : 0.6127"
"19,20 : 0.6624"
"20,19 : 0.6624"
"19,21 : 0.102"
"21,19 : 0.102"
"19,22 : 0.483"
"22,19 : 0.483"
"19,23 : 0.2081"
"23,19 : 0.2081"
"19,24 : 0.3551"
"24,19 : 0.3551"
"19,25 : 0.3764"
"25,19 : 0.3764"
"19,26 : 0.3883"
"26,19 : 0.3883"
"19,27 : 0.3636"
"27,19 : 0.3636"
"19,28 : 0.4393"
"28,19 : 0.4393"
"19,29 : 0.3441"
"29,19 : 0.3441"
"19,30 : 0.1712"
"30,19 : 0.1712"
"19,31 : 0.5738"
"31,19 : 0.5738"
"19,32 : 0.3956"
"32,19 : 0.3956"
"19,33 : 0.3124"
"33,19 : 0.3124"
"19,34 : 0.6248"
"34,19 : 0.6248"
"19,35 : 0.2419"
"35,19 : 0.2419"
"19,36 : 0.5316"
"36,19 : 0.5316"
"19,37 : 0.3202"
"37,19 : 0.3202"
"19,38 : 0.458"
"38,19 : 0.458"
"19,39 : 0.6673"
"39,19 : 0.6673"
"19,40 : 0.2062"
"40,19 : 0.2062"
"19,41 : 0.7991"
"41,19 : 0.7991"
"19,42 : 0.4441"
"42,19 : 0.4441"
"19,43 : 0.372"
"43,19 : 0.372"
"19,44 : 0.3027"
"44,19 : 0.3027"
"19,45 : 0.4245"
"45,19 : 0.4245"
"19,46 : 0.6037"
"46,19 : 0.6037"
"19,47 : 0.3677"
"47,19 : 0.3677"
"19,48 : 0.2419"
"48,19 : 0.2419"
"19,49 : 0.1985"
"49,19 : 0.1985"
"20,21 : 0.7324"
"21,20 : 0.7324"
"20,22 : 0.3764"
"22,20 : 0.3764"
"20,23 : 0.7159"
"23,20 : 0.7159"
"20,24 : 0.5818"
"24,20 : 0.5818"
"20,25 : 0.8266"
"25,20 : 0.8266"
"20,26 : 0.9621"
"26,20 : 0.9621"
"20,27 : 0.7409"
"27,20 : 0.7409"
"20,28 : 1.086"
"28,20 : 1.086"
"20,29 : 0.8683"
"29,20 : 0.8683"
"20,30 : 0.6185"
"30,20 : 0.6185"
"20,31 : 0.9663"
"31,20 : 0.9663"
"20,32 : 1.0555"
"32,20 : 1.0555"
"20,33 : 0.3606"
"33,20 : 0.3606"
"20,34 : 0.993"
"34,20 : 0.993"
"20,35 : 0.5558"
"35,20 : 0.5558"
"20,36 : 0.4701"
"36,20 : 0.4701"
"20,37 : 0.9519"
"37,20 : 0.9519"
"20,38 : 1.1183"
"38,20 : 1.1183"
"20,39 : 0.01"
"39,20 : 0.01"
"20,40 : 0.5434"
"40,20 : 0.5434"
"20,41 : 0.2508"
"41,20 : 0.2508"
"20,42 : 0.6203"
"42,20 : 0.6203"
"20,43 : 1.0325"
"43,20 : 1.0325"
"20,44 : 0.4561"
"44,20 : 0.4561"
"20,45 : 0.4785"
"45,20 : 0.4785"
"20,46 : 0.5914"
"46,20 : 0.5914"
"20,47 : 0.7203"
"47,20 : 0.7203"
"20,48 : 0.5749"
"48,20 : 0.5749"
"20,49 : 0.6224"
"49,20 : 0.6224"
"21,22 : 0.5818"
"22,21 : 0.5818"
"21,23 : 0.2879"
"23,21 : 0.2879"
"21,24 : 0.3324"
"24,21 : 0.3324"
"21,25 : 0.2907"
"25,21 : 0.2907"
"21,26 : 0.2864"
"26,21 : 0.2864"
"21,27 : 0.297"
"27,21 : 0.297"
"21,28 : 0.3547"
"28,21 : 0.3547"
"21,29 : 0.397"
"29,21 : 0.397"
"21,30 : 0.27"
"30,21 : 0.27"
"21,31 : 0.6407"
"31,21 : 0.6407"
"21,32 : 0.3523"
"32,21 : 0.3523"
"21,33 : 0.397"
"33,21 : 0.397"
"21,34 : 0.6934"
"34,21 : 0.6934"
"21,35 : 0.3437"
"35,21 : 0.3437"
"21,36 : 0.6332"
"36,21 : 0.6332"
"21,37 : 0.3195"
"37,21 : 0.3195"
"21,38 : 0.3891"
"38,21 : 0.3891"
"21,39 : 0.7382"
"39,21 : 0.7382"
"21,40 : 0.3081"
"40,21 : 0.3081"
"21,41 : 0.8862"
"41,21 : 0.8862"
"21,42 : 0.4123"
"42,21 : 0.4123"
"21,43 : 0.3046"
"43,21 : 0.3046"
"21,44 : 0.3256"
"44,21 : 0.3256"
"21,45 : 0.5263"
"45,21 : 0.5263"
"21,46 : 0.5852"
"46,21 : 0.5852"
"21,47 : 0.4561"
"47,21 : 0.4561"
"21,48 : 0.2309"
"48,21 : 0.2309"
"21,49 : 0.1726"
"49,21 : 0.1726"
"22,23 : 0.428"
"23,22 : 0.428"
"22,24 : 0.6251"
"24,22 : 0.6251"
"22,25 : 0.7976"
"25,22 : 0.7976"
"22,26 : 0.8638"
"26,22 : 0.8638"
"22,27 : 0.7406"
"27,22 : 0.7406"
"22,28 : 0.9153"
"28,22 : 0.9153"
"22,29 : 0.5504"
"29,22 : 0.5504"
"22,30 : 0.3538"
"30,22 : 0.3538"
"22,31 : 0.6"
"31,22 : 0.6"
"22,32 : 0.8204"
"32,22 : 0.8204"
"22,33 : 0.2309"
"33,22 : 0.2309"
"22,34 : 0.622"
"34,22 : 0.622"
"22,35 : 0.2687"
"35,22 : 0.2687"
"22,36 : 0.1063"
"36,22 : 0.1063"
"22,37 : 0.6841"
"37,22 : 0.6841"
"22,38 : 0.9155"
"38,22 : 0.9155"
"22,39 : 0.3736"
"39,22 : 0.3736"
"22,40 : 0.286"
"40,22 : 0.286"
"22,41 : 0.3677"
"41,22 : 0.3677"
"22,42 : 0.7041"
"42,22 : 0.7041"
"22,43 : 0.8324"
"43,22 : 0.8324"
"22,44 : 0.4768"
"44,22 : 0.4768"
"22,45 : 0.1118"
"45,22 : 0.1118"
"22,46 : 0.7697"
"46,22 : 0.7697"
"22,47 : 0.3711"
"47,22 : 0.3711"
"22,48 : 0.5501"
"48,22 : 0.5501"
"22,49 : 0.5644"
"49,22 : 0.5644"
"23,24 : 0.5532"
"24,23 : 0.5532"
"23,25 : 0.5778"
"25,23 : 0.5778"
"23,26 : 0.5515"
"26,23 : 0.5515"
"23,27 : 0.5714"
"27,23 : 0.5714"
"23,28 : 0.5281"
"28,23 : 0.5281"
"23,29 : 0.1628"
"29,23 : 0.1628"
"23,30 : 0.1"
"30,23 : 0.1"
"23,31 : 0.3677"
"31,23 : 0.3677"
"23,32 : 0.3982"
"32,23 : 0.3982"
"23,33 : 0.3612"
"33,23 : 0.3612"
"23,34 : 0.4177"
"34,23 : 0.4177"
"23,35 : 0.1655"
"35,23 : 0.1655"
"23,36 : 0.4342"
"36,23 : 0.4342"
"23,37 : 0.2561"
"37,23 : 0.2561"
"23,38 : 0.5061"
"38,23 : 0.5061"
"23,39 : 0.7181"
"39,23 : 0.7181"
"23,40 : 0.1726"
"40,23 : 0.1726"
"23,41 : 0.7889"
"41,23 : 0.7889"
"23,42 : 0.6444"
"42,23 : 0.6444"
"23,43 : 0.4295"
"43,23 : 0.4295"
"23,44 : 0.4696"
"44,23 : 0.4696"
"23,45 : 0.3324"
"45,23 : 0.3324"
"23,46 : 0.7932"
"46,23 : 0.7932"
"23,47 : 0.1712"
"47,23 : 0.1712"
"23,48 : 0.4393"
"48,23 : 0.4393"
"23,49 : 0.4036"
"49,23 : 0.4036"
"24,25 : 0.255"
"25,24 : 0.255"
"24,26 : 0.4249"
"26,24 : 0.4249"
"24,27 : 0.1628"
"27,24 : 0.1628"
"24,28 : 0.6064"
"28,24 : 0.6064"
"24,29 : 0.6989"
"29,24 : 0.6989"
"24,30 : 0.4817"
"30,24 : 0.4817"
"24,31 : 0.9202"
"31,24 : 0.9202"
"24,32 : 0.6719"
"32,24 : 0.6719"
"24,33 : 0.3946"
"33,24 : 0.3946"
"24,34 : 0.969"
"34,24 : 0.969"
"24,35 : 0.5077"
"35,24 : 0.5077"
"24,36 : 0.7159"
"36,24 : 0.7159"
"24,37 : 0.6515"
"37,24 : 0.6515"
"24,38 : 0.6748"
"38,24 : 0.6748"
"24,39 : 0.5906"
"39,24 : 0.5906"
"24,40 : 0.4632"
"40,24 : 0.4632"
"24,41 : 0.8032"
"41,24 : 0.8032"
"24,42 : 0.0922"
"42,24 : 0.0922"
"24,43 : 0.6007"
"43,24 : 0.6007"
"24,44 : 0.15"
"44,24 : 0.15"
"24,45 : 0.6294"
"45,24 : 0.6294"
"24,46 : 0.253"
"46,24 : 0.253"
"24,47 : 0.6888"
"47,24 : 0.6888"
"24,48 : 0.114"
"48,24 : 0.114"
"24,49 : 0.1616"
"49,24 : 0.1616"
"25,26 : 0.191"
"26,25 : 0.191"
"25,27 : 0.0943"
"27,25 : 0.0943"
"25,28 : 0.4011"
"28,25 : 0.4011"
"25,29 : 0.6824"
"29,25 : 0.6824"
"25,30 : 0.5457"
"30,25 : 0.5457"
"25,31 : 0.9296"
"31,25 : 0.9296"
"25,32 : 0.528"
"32,25 : 0.528"
"25,33 : 0.5749"
"33,25 : 0.5749"
"25,34 : 0.9827"
"34,25 : 0.9827"
"25,35 : 0.6053"
"35,25 : 0.6053"
"25,36 : 0.8709"
"36,25 : 0.8709"
"25,37 : 0.5673"
"37,25 : 0.5673"
"25,38 : 0.4884"
"38,25 : 0.4884"
"25,39 : 0.8349"
"39,25 : 0.8349"
"25,40 : 0.5632"
"40,25 : 0.5632"
"25,41 : 1.0332"
"41,25 : 1.0332"
"25,42 : 0.2693"
"42,25 : 0.2693"
"25,43 : 0.4332"
"43,25 : 0.4332"
"25,44 : 0.3722"
"44,25 : 0.3722"
"25,45 : 0.77"
"45,25 : 0.77"
"25,46 : 0.4393"
"46,25 : 0.4393"
"25,47 : 0.7433"
"47,25 : 0.7433"
"25,48 : 0.26"
"48,25 : 0.26"
"25,49 : 0.2335"
"49,25 : 0.2335"
"26,27 : 0.2789"
"27,26 : 0.2789"
"26,28 : 0.2159"
"28,26 : 0.2159"
"26,29 : 0.6135"
"29,26 : 0.6135"
"26,30 : 0.5533"
"30,26 : 0.5533"
"26,31 : 0.8638"
"31,26 : 0.8638"
"26,32 : 0.3764"
"32,26 : 0.3764"
"26,33 : 0.6624"
"33,26 : 0.6624"
"26,34 : 0.9176"
"34,26 : 0.9176"
"26,35 : 0.6297"
"35,26 : 0.6297"
"26,36 : 0.9192"
"36,26 : 0.9192"
"26,37 : 0.4579"
"37,26 : 0.4579"
"26,38 : 0.3102"
"38,26 : 0.3102"
"26,39 : 0.9694"
"39,26 : 0.9694"
"26,40 : 0.5944"
"40,26 : 0.5944"
"26,41 : 1.1455"
"41,26 : 1.1455"
"26,42 : 0.4561"
"42,26 : 0.4561"
"26,43 : 0.272"
"43,26 : 0.272"
"26,44 : 0.5099"
"44,26 : 0.5099"
"26,45 : 0.8125"
"45,26 : 0.8125"
"26,46 : 0.6297"
"46,26 : 0.6297"
"26,47 : 0.7225"
"47,26 : 0.7225"
"26,48 : 0.3895"
"48,26 : 0.3895"
"26,49 : 0.3397"
"49,26 : 0.3397"
"27,28 : 0.4804"
"28,27 : 0.4804"
"27,29 : 0.6935"
"29,27 : 0.6935"
"27,30 : 0.5239"
"30,27 : 0.5239"
"27,31 : 0.9341"
"31,27 : 0.9341"
"27,32 : 0.5852"
"32,27 : 0.5852"
"27,33 : 0.5124"
"33,27 : 0.5124"
"27,34 : 0.986"
"34,27 : 0.986"
"27,35 : 0.5728"
"35,27 : 0.5728"
"27,36 : 0.821"
"36,27 : 0.821"
"27,37 : 0.6021"
"37,27 : 0.6021"
"27,38 : 0.5614"
"38,27 : 0.5614"
"27,39 : 0.7495"
"39,27 : 0.7495"
"27,40 : 0.5289"
"40,27 : 0.5289"
"27,41 : 0.9546"
"41,27 : 0.9546"
"27,42 : 0.1772"
"42,27 : 0.1772"
"27,43 : 0.4982"
"43,27 : 0.4982"
"27,44 : 0.2915"
"44,27 : 0.2915"
"27,45 : 0.7244"
"45,27 : 0.7244"
"27,46 : 0.3523"
"46,27 : 0.3523"
"27,47 : 0.729"
"47,27 : 0.729"
"27,48 : 0.191"
"48,27 : 0.191"
"27,49 : 0.1844"
"49,27 : 0.1844"
"28,29 : 0.5301"
"29,28 : 0.5301"
"28,30 : 0.5682"
"30,28 : 0.5682"
"28,31 : 0.7653"
"31,28 : 0.7653"
"28,32 : 0.2062"
"32,28 : 0.2062"
"28,33 : 0.7495"
"33,28 : 0.7495"
"28,34 : 0.8174"
"34,28 : 0.8174"
"28,35 : 0.6537"
"35,28 : 0.6537"
"28,36 : 0.9483"
"36,28 : 0.9483"
"28,37 : 0.3413"
"37,28 : 0.3413"
"28,38 : 0.1"
"38,28 : 0.1"
"28,39 : 1.092"
"39,28 : 1.092"
"28,40 : 0.6297"
"40,28 : 0.6297"
"28,41 : 1.2379"
"41,28 : 1.2379"
"28,42 : 0.6538"
"42,28 : 0.6538"
"28,43 : 0.1105"
"43,28 : 0.1105"
"28,44 : 0.6574"
"44,28 : 0.6574"
"28,45 : 0.8412"
"45,28 : 0.8412"
"28,46 : 0.8322"
"46,28 : 0.8322"
"28,47 : 0.6866"
"47,28 : 0.6866"
"28,48 : 0.5423"
"48,28 : 0.5423"
"28,49 : 0.4833"
"49,28 : 0.4833"
"29,30 : 0.2617"
"30,29 : 0.2617"
"29,31 : 0.2508"
"31,29 : 0.2508"
"29,32 : 0.3517"
"32,29 : 0.3517"
"29,33 : 0.52"
"33,29 : 0.52"
"29,34 : 0.3046"
"34,29 : 0.3046"
"29,35 : 0.3126"
"35,29 : 0.3126"
"29,36 : 0.5301"
"36,29 : 0.5301"
"29,37 : 0.1942"
"37,29 : 0.1942"
"29,38 : 0.4785"
"38,29 : 0.4785"
"29,39 : 0.8698"
"39,29 : 0.8698"
"29,40 : 0.33"
"40,29 : 0.33"
"29,41 : 0.9179"
"41,29 : 0.9179"
"29,42 : 0.7882"
"42,29 : 0.7882"
"29,43 : 0.4205"
"43,29 : 0.4205"
"29,44 : 0.6277"
"44,29 : 0.6277"
"29,45 : 0.4429"
"45,29 : 0.4429"
"29,46 : 0.9451"
"46,29 : 0.9451"
"29,47 : 0.198"
"47,29 : 0.198"
"29,48 : 0.5852"
"48,29 : 0.5852"
"29,49 : 0.542"
"49,29 : 0.542"
"30,31 : 0.4441"
"31,30 : 0.4441"
"30,32 : 0.4675"
"32,30 : 0.4675"
"30,33 : 0.2617"
"33,30 : 0.2617"
"30,34 : 0.4904"
"34,30 : 0.4904"
"30,35 : 0.086"
"35,30 : 0.086"
"30,36 : 0.3801"
"36,30 : 0.3801"
"30,37 : 0.34"
"37,30 : 0.34"
"30,38 : 0.5622"
"38,30 : 0.5622"
"30,39 : 0.621"
"39,30 : 0.621"
"30,40 : 0.0762"
"40,30 : 0.0762"
"30,41 : 0.7046"
"41,30 : 0.7046"
"30,42 : 0.5738"
"42,30 : 0.5738"
"30,43 : 0.4801"
"43,30 : 0.4801"
"30,44 : 0.3828"
"44,30 : 0.3828"
"30,45 : 0.2729"
"45,30 : 0.2729"
"30,46 : 0.7122"
"46,30 : 0.7122"
"30,47 : 0.2081"
"47,30 : 0.2081"
"30,48 : 0.3701"
"48,30 : 0.3701"
"30,49 : 0.3448"
"49,30 : 0.3448"
"31,32 : 0.5701"
"32,31 : 0.5701"
"31,33 : 0.6613"
"33,31 : 0.6613"
"31,34 : 0.0539"
"34,31 : 0.0539"
"31,35 : 0.4519"
"35,31 : 0.4519"
"31,36 : 0.536"
"36,31 : 0.536"
"31,37 : 0.4243"
"37,31 : 0.4243"
"31,38 : 0.7001"
"38,31 : 0.7001"
"31,39 : 0.9652"
"39,31 : 0.9652"
"31,40 : 0.4876"
"40,31 : 0.4876"
"31,41 : 0.9504"
"41,31 : 0.9504"
"31,42 : 1.0118"
"42,31 : 1.0118"
"31,43 : 0.6549"
"43,31 : 0.6549"
"31,44 : 0.8266"
"44,31 : 0.8266"
"31,45 : 0.4904"
"45,31 : 0.4904"
"31,46 : 1.156"
"46,31 : 1.156"
"31,47 : 0.2563"
"47,31 : 0.2563"
"31,48 : 0.8066"
"48,31 : 0.8066"
"31,49 : 0.771"
"49,31 : 0.771"
"32,33 : 0.6984"
"33,32 : 0.6984"
"32,34 : 0.6207"
"34,32 : 0.6207"
"32,35 : 0.5517"
"35,32 : 0.5517"
"32,36 : 0.8324"
"36,32 : 0.8324"
"32,37 : 0.1581"
"37,32 : 0.1581"
"32,38 : 0.13"
"38,32 : 0.13"
"32,39 : 1.0599"
"39,32 : 1.0599"
"32,40 : 0.5404"
"40,32 : 0.5404"
"32,41 : 1.17"
"41,32 : 1.17"
"32,42 : 0.7398"
"42,32 : 0.7398"
"32,43 : 0.1063"
"43,32 : 0.1063"
"32,44 : 0.6774"
"44,32 : 0.6774"
"32,45 : 0.73"
"45,32 : 0.73"
"32,46 : 0.9192"
"46,32 : 0.9192"
"32,47 : 0.5323"
"47,32 : 0.5323"
"32,48 : 0.5803"
"48,32 : 0.5803"
"32,49 : 0.5201"
"49,32 : 0.5201"
"33,34 : 0.6986"
"34,33 : 0.6986"
"33,35 : 0.2138"
"35,33 : 0.2138"
"33,36 : 0.3228"
"36,33 : 0.3228"
"33,37 : 0.5914"
"37,33 : 0.5914"
"33,38 : 0.7701"
"38,33 : 0.7701"
"33,39 : 0.364"
"39,33 : 0.364"
"33,40 : 0.19"
"40,33 : 0.19"
"33,41 : 0.4892"
"41,33 : 0.4892"
"33,42 : 0.4754"
"42,33 : 0.4754"
"33,43 : 0.6841"
"43,33 : 0.6841"
"33,44 : 0.2474"
"44,33 : 0.2474"
"33,45 : 0.247"
"45,33 : 0.247"
"33,46 : 0.5576"
"46,33 : 0.5576"
"33,47 : 0.405"
"47,33 : 0.405"
"33,48 : 0.3214"
"48,33 : 0.3214"
"33,49 : 0.3421"
"49,33 : 0.3421"
"34,35 : 0.4924"
"35,34 : 0.4924"
"34,36 : 0.5508"
"36,34 : 0.5508"
"34,37 : 0.4768"
"37,34 : 0.4768"
"34,38 : 0.7506"
"38,34 : 0.7506"
"34,39 : 0.9914"
"39,34 : 0.9914"
"34,40 : 0.53"
"40,34 : 0.53"
"34,41 : 0.9642"
"41,34 : 0.9642"
"34,42 : 1.0608"
"42,34 : 1.0608"
"34,43 : 0.7071"
"43,34 : 0.7071"
"34,44 : 0.872"
"44,34 : 0.872"
"34,45 : 0.5148"
"45,34 : 0.5148"
"34,46 : 1.2025"
"46,34 : 1.2025"
"34,47 : 0.2953"
"47,34 : 0.2953"
"34,48 : 0.8556"
"48,34 : 0.8556"
"34,49 : 0.8213"
"49,34 : 0.8213"
"35,36 : 0.2955"
"36,35 : 0.2955"
"35,37 : 0.4188"
"37,35 : 0.4188"
"35,38 : 0.6482"
"38,35 : 0.6482"
"35,39 : 0.5573"
"39,35 : 0.5573"
"35,40 : 0.0447"
"40,35 : 0.0447"
"35,41 : 0.6243"
"41,35 : 0.6243"
"35,42 : 0.5991"
"42,35 : 0.5991"
"35,43 : 0.5661"
"43,35 : 0.5661"
"35,44 : 0.389"
"44,35 : 0.389"
"35,45 : 0.1879"
"45,35 : 0.1879"
"35,46 : 0.7212"
"46,35 : 0.7212"
"35,47 : 0.1972"
"47,35 : 0.1972"
"35,48 : 0.4025"
"48,35 : 0.4025"
"35,49 : 0.389"
"49,35 : 0.389"
"36,37 : 0.6862"
"37,36 : 0.6862"
"36,38 : 0.9374"
"38,36 : 0.9374"
"36,39 : 0.4662"
"39,36 : 0.4662"
"36,40 : 0.3257"
"40,36 : 0.3257"
"36,41 : 0.4144"
"41,36 : 0.4144"
"36,42 : 0.7981"
"42,36 : 0.7981"
"36,43 : 0.8576"
"43,36 : 0.8576"
"36,44 : 0.5701"
"44,36 : 0.5701"
"36,45 : 0.1077"
"45,36 : 0.1077"
"36,46 : 0.8721"
"46,36 : 0.8721"
"36,47 : 0.3362"
"47,36 : 0.3362"
"36,48 : 0.6329"
"48,36 : 0.6329"
"36,49 : 0.64"
"49,36 : 0.64"
"37,38 : 0.2844"
"38,37 : 0.2844"
"37,39 : 0.9552"
"39,37 : 0.9552"
"37,40 : 0.4159"
"40,37 : 0.4159"
"37,41 : 1.0431"
"41,37 : 1.0431"
"37,42 : 0.7316"
"42,37 : 0.7316"
"37,43 : 0.2309"
"43,37 : 0.2309"
"37,44 : 0.622"
"44,37 : 0.622"
"37,45 : 0.5873"
"45,37 : 0.5873"
"37,46 : 0.9044"
"46,37 : 0.9044"
"37,47 : 0.3759"
"47,37 : 0.3759"
"37,48 : 0.5457"
"48,37 : 0.5457"
"37,49 : 0.4904"
"49,37 : 0.4904"
"38,39 : 1.1236"
"39,38 : 1.1236"
"38,40 : 0.6303"
"40,38 : 0.6303"
"38,41 : 1.2532"
"41,38 : 1.2532"
"38,42 : 0.7301"
"42,38 : 0.7301"
"38,43 : 0.086"
"43,38 : 0.086"
"38,44 : 0.7084"
"44,38 : 0.7084"
"38,45 : 0.8323"
"45,38 : 0.8323"
"38,46 : 0.91"
"46,38 : 0.91"
"38,47 : 0.6519"
"47,38 : 0.6519"
"38,48 : 0.5991"
"48,38 : 0.5991"
"38,49 : 0.5385"
"49,38 : 0.5385"
"39,40 : 0.5457"
"40,39 : 0.5457"
"39,41 : 0.2408"
"41,39 : 0.2408"
"39,42 : 0.6297"
"42,39 : 0.6297"
"39,43 : 1.0377"
"43,39 : 1.0377"
"39,44 : 0.464"
"44,39 : 0.464"
"39,45 : 0.4768"
"45,39 : 0.4768"
"39,46 : 0.6013"
"46,39 : 0.6013"
"39,47 : 0.7201"
"47,39 : 0.7201"
"39,48 : 0.5826"
"48,39 : 0.5826"
"39,49 : 0.6297"
"49,39 : 0.6297"
"40,41 : 0.6301"
"41,40 : 0.6301"
"40,42 : 0.5547"
"42,40 : 0.5547"
"40,43 : 0.5467"
"43,40 : 0.5467"
"40,44 : 0.3466"
"44,40 : 0.3466"
"40,45 : 0.2184"
"45,40 : 0.2184"
"40,46 : 0.679"
"46,40 : 0.679"
"40,47 : 0.236"
"47,40 : 0.236"
"40,48 : 0.3578"
"48,40 : 0.3578"
"40,49 : 0.3448"
"49,40 : 0.3448"
"41,42 : 0.8538"
"42,41 : 0.8538"
"41,43 : 1.1678"
"43,41 : 1.1678"
"41,44 : 0.6631"
"44,41 : 0.6631"
"41,45 : 0.4776"
"45,41 : 0.4776"
"41,46 : 0.8402"
"46,41 : 0.8402"
"41,47 : 0.7368"
"47,41 : 0.7368"
"41,48 : 0.7737"
"48,41 : 0.7737"
"41,49 : 0.8112"
"49,41 : 0.8112"
"42,43 : 0.6612"
"43,42 : 0.6612"
"42,44 : 0.228"
"44,42 : 0.228"
"42,45 : 0.7151"
"45,42 : 0.7151"
"42,46 : 0.1803"
"46,42 : 0.1803"
"42,47 : 0.781"
"47,42 : 0.781"
"42,48 : 0.2052"
"48,42 : 0.2052"
"42,49 : 0.247"
