x,y
0.07,0.21
0.37,0.31
0.13,0.23
0.1,0.03
0.2,0.84
0.85,0.55
0.27,0.42
1.0,0.76
0.65,0.35
0.92,0.84
0.42,0.63
0.86,0.44
0.77,0.58
0.82,0.14
0.21,0.7
0.61,0.89
0.1,0.14
0.14,0.62
0.85,0.98
0.21,0.6
0.93,0.04
0.18,0.23
0.82,0.7
0.22,0.64
0.91,0.44
0.72,0.8
0.44,0.85
0.65,0.18
0.53,0.44
0.54,0.05
0.74,0.02
0.48,0.24
0.71,0.89
0.35,0.29
0.02,0.13
0.82,0.9
0.76,0.89
0.08,0.44
0.77,0.55
0.27,0.87
0.3,0.99
0.32,0.42
0.64,0.87
0.08,0.06
0.59,0.6
0.12,0.17
0.78,0.69
0.93,0.42
0.02,0.7
0.51,0.13

Distanze
"0,1 : 0.3162"
"1,0 : 0.3162"
"0,2 : 0.0632"
"2,0 : 0.0632"
"0,3 : 0.1825"
"3,0 : 0.1825"
"0,4 : 0.6433"
"4,0 : 0.6433"
"0,5 : 0.8509"
"5,0 : 0.8509"
"0,6 : 0.29"
"6,0 : 0.29"
"0,7 : 1.0805"
"7,0 : 1.0805"
"0,8 : 0.5967"
"8,0 : 0.5967"
"0,9 : 1.058"
"9,0 : 1.058"
"0,10 : 0.5467"
"10,0 : 0.5467"
"0,11 : 0.8228"
"11,0 : 0.8228"
"0,12 : 0.7918"
"12,0 : 0.7918"
"0,13 : 0.7533"
"13,0 : 0.7533"
"0,14 : 0.5096"
"14,0 : 0.5096"
"0,15 : 0.8683"
"15,0 : 0.8683"
"0,16 : 0.0762"
"16,0 : 0.0762"
"0,17 : 0.4159"
"17,0 : 0.4159"
"0,18 : 1.096"
"18,0 : 1.096"
"0,19 : 0.4144"
"19,0 : 0.4144"
"0,20 : 0.8766"
"20,0 : 0.8766"
"0,21 : 0.1118"
"21,0 : 0.1118"
"0,22 : 0.8959"
"22,0 : 0.8959"
"0,23 : 0.4554"
"23,0 : 0.4554"
"0,24 : 0.8709"
"24,0 : 0.8709"
"0,25 : 0.8778"
"25,0 : 0.8778"
"0,26 : 0.7393"
"26,0 : 0.7393"
"0,27 : 0.5808"
"27,0 : 0.5808"
"0,28 : 0.5143"
"28,0 : 0.5143"
"0,29 : 0.4965"
"29,0 : 0.4965"
"0,30 : 0.6964"
"30,0 : 0.6964"
"0,31 : 0.4111"
"31,0 : 0.4111"
"0,32 : 0.9338"
"32,0 : 0.9338"
"0,33 : 0.2912"
"33,0 : 0.2912"
"0,34 : 0.0943"
"34,0 : 0.0943"
"0,35 : 1.0191"
"35,0 : 1.0191"
"0,36 : 0.9688"
"36,0 : 0.9688"
"0,37 : 0.2302"
"37,0 : 0.2302"
"0,38 : 0.7782"
"38,0 : 0.7782"
"0,39 : 0.6896"
"39,0 : 0.6896"
"0,40 : 0.8132"
"40,0 : 0.8132"
"0,41 : 0.3265"
"41,0 : 0.3265"
"0,42 : 0.8721"
"42,0 : 0.8721"
"0,43 : 0.1503"
"43,0 : 0.1503"
"0,44 : 0.65"
"44,0 : 0.65"
"0,45 : 0.064"
"45,0 : 0.064"
"0,46 : 0.857"
"46,0 : 0.857"
"0,47 : 0.8853"
"47,0 : 0.8853"
"0,48 : 0.4925"
"48,0 : 0.4925"
"0,49 : 0.4472"
"49,0 : 0.4472"
"1,2 : 0.253"
"2,1 : 0.253"
"1,3 : 0.389"
"3,1 : 0.389"
"1,4 : 0.5566"
"4,1 : 0.5566"
"1,5 : 0.5367"
"5,1 : 0.5367"
"1,6 : 0.1487"
"6,1 : 0.1487"
"1,7 : 0.7742"
"7,1 : 0.7742"
"1,8 : 0.2828"
"8,1 : 0.2828"
"1,9 : 0.7638"
"9,1 : 0.7638"
"1,10 : 0.3239"
"10,1 : 0.3239"
"1,11 : 0.507"
"11,1 : 0.507"
"1,12 : 0.4826"
"12,1 : 0.4826"
"1,13 : 0.481"
"13,1 : 0.481"
"1,14 : 0.4215"
"14,1 : 0.4215"
"1,15 : 0.6277"
"15,1 : 0.6277"
"1,16 : 0.3191"
"16,1 : 0.3191"
"1,17 : 0.386"
"17,1 : 0.386"
"1,18 : 0.8242"
"18,1 : 0.8242"
"1,19 : 0.3312"
"19,1 : 0.3312"
"1,20 : 0.6217"
"20,1 : 0.6217"
"1,21 : 0.2062"
"21,1 : 0.2062"
"1,22 : 0.5955"
"22,1 : 0.5955"
"1,23 : 0.3625"
"23,1 : 0.3625"
"1,24 : 0.5554"
"24,1 : 0.5554"
"1,25 : 0.6022"
"25,1 : 0.6022"
"1,26 : 0.5445"
"26,1 : 0.5445"
"1,27 : 0.3087"
"27,1 : 0.3087"
"1,28 : 0.2062"
"28,1 : 0.2062"
"1,29 : 0.3106"
"29,1 : 0.3106"
"1,30 : 0.4701"
"30,1 : 0.4701"
"1,31 : 0.1304"
"31,1 : 0.1304"
"1,32 : 0.6723"
"32,1 : 0.6723"
"1,33 : 0.0283"
"33,1 : 0.0283"
"1,34 : 0.3936"
"34,1 : 0.3936"
"1,35 : 0.742"
"35,1 : 0.742"
"1,36 : 0.6989"
"36,1 : 0.6989"
"1,37 : 0.3178"
"37,1 : 0.3178"
"1,38 : 0.4665"
"38,1 : 0.4665"
"1,39 : 0.5689"
"39,1 : 0.5689"
"1,40 : 0.6836"
"40,1 : 0.6836"
"1,41 : 0.1208"
"41,1 : 0.1208"
"1,42 : 0.6217"
"42,1 : 0.6217"
"1,43 : 0.3829"
"43,1 : 0.3829"
"1,44 : 0.364"
"44,1 : 0.364"
"1,45 : 0.2865"
"45,1 : 0.2865"
"1,46 : 0.559"
"46,1 : 0.559"
"1,47 : 0.5707"
"47,1 : 0.5707"
"1,48 : 0.524"
"48,1 : 0.524"
"1,49 : 0.228"
"49,1 : 0.228"
"2,3 : 0.2022"
"3,2 : 0.2022"
"2,4 : 0.614"
"4,2 : 0.614"
"2,5 : 0.7879"
"5,2 : 0.7879"
"2,6 : 0.236"
"6,2 : 0.236"
"2,7 : 1.0187"
"7,2 : 1.0187"
"2,8 : 0.5337"
"8,2 : 0.5337"
"2,9 : 0.9981"
"9,2 : 0.9981"
"2,10 : 0.4941"
"10,2 : 0.4941"
"2,11 : 0.7596"
"11,2 : 0.7596"
"2,12 : 0.7295"
"12,2 : 0.7295"
"2,13 : 0.6958"
"13,2 : 0.6958"
"2,14 : 0.4768"
"14,2 : 0.4768"
"2,15 : 0.8161"
"15,2 : 0.8161"
"2,16 : 0.0949"
"16,2 : 0.0949"
"2,17 : 0.3901"
"17,2 : 0.3901"
"2,18 : 1.0397"
"18,2 : 1.0397"
"2,19 : 0.3785"
"19,2 : 0.3785"
"2,20 : 0.8223"
"20,2 : 0.8223"
"2,21 : 0.05"
"21,2 : 0.05"
"2,22 : 0.8349"
"22,2 : 0.8349"
"2,23 : 0.4198"
"23,2 : 0.4198"
"2,24 : 0.8078"
"24,2 : 0.8078"
"2,25 : 0.8204"
"25,2 : 0.8204"
"2,26 : 0.6932"
"26,2 : 0.6932"
"2,27 : 0.5224"
"27,2 : 0.5224"
"2,28 : 0.4518"
"28,2 : 0.4518"
"2,29 : 0.4478"
"29,2 : 0.4478"
"2,30 : 0.6451"
"30,2 : 0.6451"
"2,31 : 0.3501"
"31,2 : 0.3501"
"2,32 : 0.8786"
"32,2 : 0.8786"
"2,33 : 0.228"
"33,2 : 0.228"
"2,34 : 0.1487"
"34,2 : 0.1487"
"2,35 : 0.9618"
"35,2 : 0.9618"
"2,36 : 0.9124"
"36,2 : 0.9124"
"2,37 : 0.2159"
"37,2 : 0.2159"
"2,38 : 0.7155"
"38,2 : 0.7155"
"2,39 : 0.6551"
"39,2 : 0.6551"
"2,40 : 0.7788"
"40,2 : 0.7788"
"2,41 : 0.2687"
"41,2 : 0.2687"
"2,42 : 0.8184"
"42,2 : 0.8184"
"2,43 : 0.1772"
"43,2 : 0.1772"
"2,44 : 0.5903"
"44,2 : 0.5903"
"2,45 : 0.0608"
"45,2 : 0.0608"
"2,46 : 0.7963"
"46,2 : 0.7963"
"2,47 : 0.8223"
"47,2 : 0.8223"
"2,48 : 0.4827"
"48,2 : 0.4827"
"2,49 : 0.3929"
"49,2 : 0.3929"
"3,4 : 0.8161"
"4,3 : 0.8161"
"3,5 : 0.9126"
"5,3 : 0.9126"
"3,6 : 0.4254"
"6,3 : 0.4254"
"3,7 : 1.1588"
"7,3 : 1.1588"
"3,8 : 0.6363"
"8,3 : 0.6363"
"3,9 : 1.1526"
"9,3 : 1.1526"
"3,10 : 0.68"
"10,3 : 0.68"
"3,11 : 0.8635"
"11,3 : 0.8635"
"3,12 : 0.8668"
"12,3 : 0.8668"
"3,13 : 0.7284"
"13,3 : 0.7284"
"3,14 : 0.679"
"14,3 : 0.679"
"3,15 : 0.9998"
"15,3 : 0.9998"
"3,16 : 0.11"
"16,3 : 0.11"
"3,17 : 0.5914"
"17,3 : 0.5914"
"3,18 : 1.2104"
"18,3 : 1.2104"
"3,19 : 0.5805"
"19,3 : 0.5805"
"3,20 : 0.8301"
"20,3 : 0.8301"
"3,21 : 0.2154"
"21,3 : 0.2154"
"3,22 : 0.9835"
"22,3 : 0.9835"
"3,23 : 0.6217"
"23,3 : 0.6217"
"3,24 : 0.9079"
"24,3 : 0.9079"
"3,25 : 0.9886"
"25,3 : 0.9886"
"3,26 : 0.8877"
"26,3 : 0.8877"
"3,27 : 0.5701"
"27,3 : 0.5701"
"3,28 : 0.5941"
"28,3 : 0.5941"
"3,29 : 0.4405"
"29,3 : 0.4405"
"3,30 : 0.6401"
"30,3 : 0.6401"
"3,31 : 0.4342"
"31,3 : 0.4342"
"3,32 : 1.0544"
"32,3 : 1.0544"
"3,33 : 0.3607"
"33,3 : 0.3607"
"3,34 : 0.1281"
"34,3 : 0.1281"
"3,35 : 1.1293"
"35,3 : 1.1293"
"3,36 : 1.0841"
"36,3 : 1.0841"
"3,37 : 0.4105"
"37,3 : 0.4105"
"3,38 : 0.8481"
"38,3 : 0.8481"
"3,39 : 0.857"
"39,3 : 0.857"
"3,40 : 0.9806"
"40,3 : 0.9806"
"3,41 : 0.4478"
"41,3 : 0.4478"
"3,42 : 0.9986"
"42,3 : 0.9986"
"3,43 : 0.0361"
"43,3 : 0.0361"
"3,44 : 0.7517"
"44,3 : 0.7517"
"3,45 : 0.1414"
"45,3 : 0.1414"
"3,46 : 0.9476"
"46,3 : 0.9476"
"3,47 : 0.9171"
"47,3 : 0.9171"
"3,48 : 0.6748"
"48,3 : 0.6748"
"3,49 : 0.422"
"49,3 : 0.422"
"4,5 : 0.7118"
"5,4 : 0.7118"
"4,6 : 0.4258"
"6,4 : 0.4258"
"4,7 : 0.804"
"7,4 : 0.804"
"4,8 : 0.6653"
"8,4 : 0.6653"
"4,9 : 0.72"
"9,4 : 0.72"
"4,10 : 0.3041"
"10,4 : 0.3041"
"4,11 : 0.7718"
"11,4 : 0.7718"
"4,12 : 0.6265"
"12,4 : 0.6265"
"4,13 : 0.9351"
"13,4 : 0.9351"
"4,14 : 0.1404"
"14,4 : 0.1404"
"4,15 : 0.413"
"15,4 : 0.413"
"4,16 : 0.7071"
"16,4 : 0.7071"
"4,17 : 0.228"
"17,4 : 0.228"
"4,18 : 0.6649"
"18,4 : 0.6649"
"4,19 : 0.2402"
"19,4 : 0.2402"
"4,20 : 1.083"
"20,4 : 1.083"
"4,21 : 0.6103"
"21,4 : 0.6103"
"4,22 : 0.6356"
"22,4 : 0.6356"
"4,23 : 0.201"
"23,4 : 0.201"
"4,24 : 0.8149"
"24,4 : 0.8149"
"4,25 : 0.5215"
"25,4 : 0.5215"
"4,26 : 0.2402"
"26,4 : 0.2402"
"4,27 : 0.7988"
"27,4 : 0.7988"
"4,28 : 0.5186"
"28,4 : 0.5186"
"4,29 : 0.8601"
"29,4 : 0.8601"
"4,30 : 0.9818"
"30,4 : 0.9818"
"4,31 : 0.6621"
"31,4 : 0.6621"
"4,32 : 0.5124"
"32,4 : 0.5124"
"4,33 : 0.5701"
"33,4 : 0.5701"
"4,34 : 0.7325"
"34,4 : 0.7325"
"4,35 : 0.6229"
"35,4 : 0.6229"
"4,36 : 0.5622"
"36,4 : 0.5622"
"4,37 : 0.4176"
"37,4 : 0.4176"
"4,38 : 0.6395"
"38,4 : 0.6395"
"4,39 : 0.0762"
"39,4 : 0.0762"
"4,40 : 0.1803"
"40,4 : 0.1803"
"4,41 : 0.4368"
"41,4 : 0.4368"
"4,42 : 0.441"
"42,4 : 0.441"
"4,43 : 0.7892"
"43,4 : 0.7892"
"4,44 : 0.4579"
"44,4 : 0.4579"
"4,45 : 0.6748"
"45,4 : 0.6748"
"4,46 : 0.5991"
"46,4 : 0.5991"
"4,47 : 0.8422"
"47,4 : 0.8422"
"4,48 : 0.228"
"48,4 : 0.228"
"4,49 : 0.7747"
"49,4 : 0.7747"
"5,6 : 0.5944"
"6,5 : 0.5944"
"5,7 : 0.2581"
"7,5 : 0.2581"
"5,8 : 0.2828"
"8,5 : 0.2828"
"5,9 : 0.2983"
"9,5 : 0.2983"
"5,10 : 0.4374"
"10,5 : 0.4374"
"5,11 : 0.1105"
"11,5 : 0.1105"
"5,12 : 0.0854"
"12,5 : 0.0854"
"5,13 : 0.4111"
"13,5 : 0.4111"
"5,14 : 0.6573"
"14,5 : 0.6573"
"5,15 : 0.4162"
"15,5 : 0.4162"
"5,16 : 0.8548"
"16,5 : 0.8548"
"5,17 : 0.7134"
"17,5 : 0.7134"
"5,18 : 0.43"
"18,5 : 0.43"
"5,19 : 0.642"
"19,5 : 0.642"
"5,20 : 0.5162"
"20,5 : 0.5162"
"5,21 : 0.7425"
"21,5 : 0.7425"
"5,22 : 0.153"
"22,5 : 0.153"
"5,23 : 0.6364"
"23,5 : 0.6364"
"5,24 : 0.1253"
"24,5 : 0.1253"
"5,25 : 0.2818"
"25,5 : 0.2818"
"5,26 : 0.508"
"26,5 : 0.508"
"5,27 : 0.4206"
"27,5 : 0.4206"
"5,28 : 0.3384"
"28,5 : 0.3384"
"5,29 : 0.5883"
"29,5 : 0.5883"
"5,30 : 0.5413"
"30,5 : 0.5413"
"5,31 : 0.4827"
"31,5 : 0.4827"
"5,32 : 0.3677"
"32,5 : 0.3677"
"5,33 : 0.5636"
"33,5 : 0.5636"
"5,34 : 0.9302"
"34,5 : 0.9302"
"5,35 : 0.3513"
"35,5 : 0.3513"
"5,36 : 0.3517"
"36,5 : 0.3517"
"5,37 : 0.7778"
"37,5 : 0.7778"
"5,38 : 0.08"
"38,5 : 0.08"
"5,39 : 0.6624"
"39,5 : 0.6624"
"5,40 : 0.7043"
"40,5 : 0.7043"
"5,41 : 0.5457"
"41,5 : 0.5457"
"5,42 : 0.3828"
"42,5 : 0.3828"
"5,43 : 0.9127"
"43,5 : 0.9127"
"5,44 : 0.2648"
"44,5 : 0.2648"
"5,45 : 0.823"
"45,5 : 0.823"
"5,46 : 0.1565"
"46,5 : 0.1565"
"5,47 : 0.1526"
"47,5 : 0.1526"
"5,48 : 0.8434"
"48,5 : 0.8434"
"5,49 : 0.5404"
"49,5 : 0.5404"
"6,7 : 0.8053"
"7,6 : 0.8053"
"6,8 : 0.3864"
"8,6 : 0.3864"
"6,9 : 0.7739"
"9,6 : 0.7739"
"6,10 : 0.2581"
"10,6 : 0.2581"
"6,11 : 0.5903"
"11,6 : 0.5903"
"6,12 : 0.525"
"12,6 : 0.525"
"6,13 : 0.6172"
"13,6 : 0.6172"
"6,14 : 0.2864"
"14,6 : 0.2864"
"6,15 : 0.5801"
"15,6 : 0.5801"
"6,16 : 0.3276"
"16,6 : 0.3276"
"6,17 : 0.2385"
"17,6 : 0.2385"
"6,18 : 0.8062"
"18,6 : 0.8062"
"6,19 : 0.1897"
"19,6 : 0.1897"
"6,20 : 0.7616"
"20,6 : 0.7616"
"6,21 : 0.2102"
"21,6 : 0.2102"
"6,22 : 0.6172"
"22,6 : 0.6172"
"6,23 : 0.2256"
"23,6 : 0.2256"
"6,24 : 0.6403"
"24,6 : 0.6403"
"6,25 : 0.589"
"25,6 : 0.589"
"6,26 : 0.4624"
"26,6 : 0.4624"
"6,27 : 0.4494"
"27,6 : 0.4494"
"6,28 : 0.2608"
"28,6 : 0.2608"
"6,29 : 0.458"
"29,6 : 0.458"
"6,30 : 0.6172"
"30,6 : 0.6172"
"6,31 : 0.2766"
"31,6 : 0.2766"
"6,32 : 0.6438"
"32,6 : 0.6438"
"6,33 : 0.1526"
"33,6 : 0.1526"
"6,34 : 0.3829"
"34,6 : 0.3829"
"6,35 : 0.73"
"35,6 : 0.73"
"6,36 : 0.679"
"36,6 : 0.679"
"6,37 : 0.191"
"37,6 : 0.191"
"6,38 : 0.5166"
"38,6 : 0.5166"
"6,39 : 0.45"
"39,6 : 0.45"
"6,40 : 0.5708"
"40,6 : 0.5708"
"6,41 : 0.05"
"41,6 : 0.05"
"6,42 : 0.5826"
"42,6 : 0.5826"
"6,43 : 0.4071"
"43,6 : 0.4071"
"6,44 : 0.3672"
"44,6 : 0.3672"
"6,45 : 0.2915"
"45,6 : 0.2915"
"6,46 : 0.5771"
"46,6 : 0.5771"
"6,47 : 0.66"
"47,6 : 0.66"
"6,48 : 0.3754"
"48,6 : 0.3754"
"6,49 : 0.3764"
"49,6 : 0.3764"
"7,8 : 0.5391"
"8,7 : 0.5391"
"7,9 : 0.1131"
"9,7 : 0.1131"
"7,10 : 0.5944"
"10,7 : 0.5944"
"7,11 : 0.3493"
"11,7 : 0.3493"
"7,12 : 0.2921"
"12,7 : 0.2921"
"7,13 : 0.6456"
"13,7 : 0.6456"
"7,14 : 0.7923"
"14,7 : 0.7923"
"7,15 : 0.4111"
"15,7 : 0.4111"
"7,16 : 1.0929"
"16,7 : 1.0929"
"7,17 : 0.8713"
"17,7 : 0.8713"
"7,18 : 0.2663"
"18,7 : 0.2663"
"7,19 : 0.806"
"19,7 : 0.806"
"7,20 : 0.7234"
"20,7 : 0.7234"
"7,21 : 0.9764"
"21,7 : 0.9764"
"7,22 : 0.1897"
"22,7 : 0.1897"
"7,23 : 0.7892"
"23,7 : 0.7892"
"7,24 : 0.3324"
"24,7 : 0.3324"
"7,25 : 0.2828"
"25,7 : 0.2828"
"7,26 : 0.5672"
"26,7 : 0.5672"
"7,27 : 0.6774"
"27,7 : 0.6774"
"7,28 : 0.5686"
"28,7 : 0.5686"
"7,29 : 0.846"
"29,7 : 0.846"
"7,30 : 0.7843"
"30,7 : 0.7843"
"7,31 : 0.7354"
"31,7 : 0.7354"
"7,32 : 0.3178"
"32,7 : 0.3178"
"7,33 : 0.8021"
"33,7 : 0.8021"
"7,34 : 1.165"
"34,7 : 1.165"
"7,35 : 0.228"
"35,7 : 0.228"
"7,36 : 0.2729"
"36,7 : 0.2729"
"7,37 : 0.9741"
"37,7 : 0.9741"
"7,38 : 0.3114"
"38,7 : 0.3114"
"7,39 : 0.7382"
"39,7 : 0.7382"
"7,40 : 0.7368"
"40,7 : 0.7368"
"7,41 : 0.7603"
"41,7 : 0.7603"
"7,42 : 0.3764"
"42,7 : 0.3764"
"7,43 : 1.156"
"43,7 : 1.156"
"7,44 : 0.4401"
"44,7 : 0.4401"
"7,45 : 1.0595"
"45,7 : 1.0595"
"7,46 : 0.2309"
"46,7 : 0.2309"
"7,47 : 0.3471"
"47,7 : 0.3471"
"7,48 : 0.9818"
"48,7 : 0.9818"
"7,49 : 0.7981"
"49,7 : 0.7981"
"8,9 : 0.5595"
"9,8 : 0.5595"
"8,10 : 0.3624"
"10,8 : 0.3624"
"8,11 : 0.2285"
"11,8 : 0.2285"
"8,12 : 0.2594"
"12,8 : 0.2594"
"8,13 : 0.2702"
"13,8 : 0.2702"
"8,14 : 0.5622"
"14,8 : 0.5622"
"8,15 : 0.5415"
"15,8 : 0.5415"
"8,16 : 0.5887"
"16,8 : 0.5887"
"8,17 : 0.5771"
"17,8 : 0.5771"
"8,18 : 0.661"
"18,8 : 0.661"
"8,19 : 0.5061"
"19,8 : 0.5061"
"8,20 : 0.4177"
"20,8 : 0.4177"
"8,21 : 0.4851"
"21,8 : 0.4851"
"8,22 : 0.3891"
"22,8 : 0.3891"
"8,23 : 0.5187"
"23,8 : 0.5187"
"8,24 : 0.2751"
"24,8 : 0.2751"
"8,25 : 0.4554"
"25,8 : 0.4554"
"8,26 : 0.5423"
"26,8 : 0.5423"
"8,27 : 0.17"
"27,8 : 0.17"
"8,28 : 0.15"
"28,8 : 0.15"
"8,29 : 0.3195"
"29,8 : 0.3195"
"8,30 : 0.3421"
"30,8 : 0.3421"
"8,31 : 0.2025"
"31,8 : 0.2025"
"8,32 : 0.5433"
"32,8 : 0.5433"
"8,33 : 0.3059"
"33,8 : 0.3059"
"8,34 : 0.6673"
"34,8 : 0.6673"
"8,35 : 0.5757"
"35,8 : 0.5757"
"8,36 : 0.5511"
"36,8 : 0.5511"
"8,37 : 0.5771"
"37,8 : 0.5771"
"8,38 : 0.2332"
"38,8 : 0.2332"
"8,39 : 0.644"
"39,8 : 0.644"
"8,40 : 0.7295"
"40,8 : 0.7295"
"8,41 : 0.3373"
"41,8 : 0.3373"
"8,42 : 0.5201"
"42,8 : 0.5201"
"8,43 : 0.6395"
"43,8 : 0.6395"
"8,44 : 0.2571"
"44,8 : 0.2571"
"8,45 : 0.5597"
"45,8 : 0.5597"
"8,46 : 0.364"
"46,8 : 0.364"
"8,47 : 0.2886"
"47,8 : 0.2886"
"8,48 : 0.7207"
"48,8 : 0.7207"
"8,49 : 0.2608"
"49,8 : 0.2608"
"9,10 : 0.5423"
"10,9 : 0.5423"
"9,11 : 0.4045"
"11,9 : 0.4045"
"9,12 : 0.3002"
"12,9 : 0.3002"
"9,13 : 0.7071"
"13,9 : 0.7071"
"9,14 : 0.7237"
"14,9 : 0.7237"
"9,15 : 0.314"
"15,9 : 0.314"
"9,16 : 1.0781"
"16,9 : 1.0781"
"9,17 : 0.8104"
"17,9 : 0.8104"
"9,18 : 0.1565"
"18,9 : 0.1565"
"9,19 : 0.7495"
"19,9 : 0.7495"
"9,20 : 0.8001"
"20,9 : 0.8001"
"9,21 : 0.959"
"21,9 : 0.959"
"9,22 : 0.172"
"22,9 : 0.172"
"9,23 : 0.728"
"23,9 : 0.728"
"9,24 : 0.4001"
"24,9 : 0.4001"
"9,25 : 0.204"
"25,9 : 0.204"
"9,26 : 0.4801"
"26,9 : 0.4801"
"9,27 : 0.7131"
"27,9 : 0.7131"
"9,28 : 0.5587"
"28,9 : 0.5587"
"9,29 : 0.8766"
"29,9 : 0.8766"
"9,30 : 0.8395"
"30,9 : 0.8395"
"9,31 : 0.744"
"31,9 : 0.744"
"9,32 : 0.2159"
"32,9 : 0.2159"
"9,33 : 0.7921"
"33,9 : 0.7921"
"9,34 : 1.1463"
"34,9 : 1.1463"
"9,35 : 0.1166"
"35,9 : 0.1166"
"9,36 : 0.1676"
"36,9 : 0.1676"
"9,37 : 0.9304"
"37,9 : 0.9304"
"9,38 : 0.3265"
"38,9 : 0.3265"
"9,39 : 0.6507"
"39,9 : 0.6507"
"9,40 : 0.6379"
"40,9 : 0.6379"
"9,41 : 0.7324"
"41,9 : 0.7324"
"9,42 : 0.2816"
"42,9 : 0.2816"
"9,43 : 1.1463"
"43,9 : 1.1463"
"9,44 : 0.408"
"44,9 : 0.408"
"9,45 : 1.0435"
"45,9 : 1.0435"
"9,46 : 0.2052"
"46,9 : 0.2052"
"9,47 : 0.4201"
"47,9 : 0.4201"
"9,48 : 0.9108"
"48,9 : 0.9108"
"9,49 : 0.8199"
"49,9 : 0.8199"
"10,11 : 0.4793"
"11,10 : 0.4793"
"10,12 : 0.3536"
"12,10 : 0.3536"
"10,13 : 0.6325"
"13,10 : 0.6325"
"10,14 : 0.2214"
"14,10 : 0.2214"
"10,15 : 0.322"
"15,10 : 0.322"
"10,16 : 0.5852"
"16,10 : 0.5852"
"10,17 : 0.2802"
"17,10 : 0.2802"
"10,18 : 0.5544"
"18,10 : 0.5544"
"10,19 : 0.2121"
"19,10 : 0.2121"
"10,20 : 0.7799"
"20,10 : 0.7799"
"10,21 : 0.4665"
"21,10 : 0.4665"
"10,22 : 0.4061"
"22,10 : 0.4061"
"10,23 : 0.2002"
"23,10 : 0.2002"
"10,24 : 0.5255"
"24,10 : 0.5255"
"10,25 : 0.3448"
"25,10 : 0.3448"
"10,26 : 0.2209"
"26,10 : 0.2209"
"10,27 : 0.5054"
"27,10 : 0.5054"
"10,28 : 0.2195"
"28,10 : 0.2195"
"10,29 : 0.5923"
"29,10 : 0.5923"
"10,30 : 0.6888"
"30,10 : 0.6888"
"10,31 : 0.3946"
"31,10 : 0.3946"
"10,32 : 0.3895"
"32,10 : 0.3895"
"10,33 : 0.3471"
"33,10 : 0.3471"
"10,34 : 0.6403"
"34,10 : 0.6403"
"10,35 : 0.4826"
"35,10 : 0.4826"
"10,36 : 0.428"
"36,10 : 0.428"
"10,37 : 0.3895"
"37,10 : 0.3895"
"10,38 : 0.359"
"38,10 : 0.359"
"10,39 : 0.283"
"39,10 : 0.283"
"10,40 : 0.3795"
"40,10 : 0.3795"
"10,41 : 0.2326"
"41,10 : 0.2326"
"10,42 : 0.3256"
"42,10 : 0.3256"
"10,43 : 0.6637"
"43,10 : 0.6637"
"10,44 : 0.1726"
"44,10 : 0.1726"
"10,45 : 0.5492"
"45,10 : 0.5492"
"10,46 : 0.365"
"46,10 : 0.365"
"10,47 : 0.5515"
"47,10 : 0.5515"
"10,48 : 0.4061"
"48,10 : 0.4061"
"10,49 : 0.508"
"49,10 : 0.508"
"11,12 : 0.1664"
"12,11 : 0.1664"
"11,13 : 0.3027"
"13,11 : 0.3027"
"11,14 : 0.7001"
"14,11 : 0.7001"
"11,15 : 0.5148"
"15,11 : 0.5148"
"11,16 : 0.8171"
"16,11 : 0.8171"
"11,17 : 0.7422"
"17,11 : 0.7422"
"11,18 : 0.5401"
"18,11 : 0.5401"
"11,19 : 0.6694"
"19,11 : 0.6694"
"11,20 : 0.4061"
"20,11 : 0.4061"
"11,21 : 0.7117"
"21,11 : 0.7117"
"11,22 : 0.2631"
"22,11 : 0.2631"
"11,23 : 0.6705"
"23,11 : 0.6705"
"11,24 : 0.05"
"24,11 : 0.05"
"11,25 : 0.3863"
"25,11 : 0.3863"
"11,26 : 0.5869"
"26,11 : 0.5869"
"11,27 : 0.3342"
"27,11 : 0.3342"
"11,28 : 0.33"
"28,11 : 0.33"
"11,29 : 0.5045"
"29,11 : 0.5045"
"11,30 : 0.4368"
"30,11 : 0.4368"
"11,31 : 0.4294"
"31,11 : 0.4294"
"11,32 : 0.4743"
"32,11 : 0.4743"
"11,33 : 0.5316"
"33,11 : 0.5316"
"11,34 : 0.8954"
"34,11 : 0.8954"
"11,35 : 0.4617"
"35,11 : 0.4617"
"11,36 : 0.461"
"36,11 : 0.461"
"11,37 : 0.78"
"37,11 : 0.78"
"11,38 : 0.1421"
"38,11 : 0.1421"
"11,39 : 0.7301"
"39,11 : 0.7301"
"11,40 : 0.7849"
"40,11 : 0.7849"
"11,41 : 0.5404"
"41,11 : 0.5404"
"11,42 : 0.483"
"42,11 : 0.483"
"11,43 : 0.8676"
"43,11 : 0.8676"
"11,44 : 0.3138"
"44,11 : 0.3138"
"11,45 : 0.7877"
"45,11 : 0.7877"
"11,46 : 0.2625"
"46,11 : 0.2625"
"11,47 : 0.0728"
"47,11 : 0.0728"
"11,48 : 0.8793"
"48,11 : 0.8793"
"11,49 : 0.4675"
"49,11 : 0.4675"
"12,13 : 0.4428"
"13,12 : 0.4428"
"12,14 : 0.5727"
"14,12 : 0.5727"
"12,15 : 0.3489"
"15,12 : 0.3489"
"12,16 : 0.8016"
"16,12 : 0.8016"
"12,17 : 0.6313"
"17,12 : 0.6313"
"12,18 : 0.4079"
"18,12 : 0.4079"
"12,19 : 0.5604"
"19,12 : 0.5604"
"12,20 : 0.5632"
"20,12 : 0.5632"
"12,21 : 0.686"
"21,12 : 0.686"
"12,22 : 0.13"
"22,12 : 0.13"
"12,23 : 0.5533"
"23,12 : 0.5533"
"12,24 : 0.198"
"24,12 : 0.198"
"12,25 : 0.2256"
"25,12 : 0.2256"
"12,26 : 0.4264"
"26,12 : 0.4264"
"12,27 : 0.4176"
"27,12 : 0.4176"
"12,28 : 0.2778"
"28,12 : 0.2778"
"12,29 : 0.5778"
"29,12 : 0.5778"
"12,30 : 0.5608"
"30,12 : 0.5608"
"12,31 : 0.4469"
"31,12 : 0.4469"
"12,32 : 0.3158"
"32,12 : 0.3158"
"12,33 : 0.5104"
"33,12 : 0.5104"
"12,34 : 0.8746"
"34,12 : 0.8746"
"12,35 : 0.3239"
"35,12 : 0.3239"
"12,36 : 0.3102"
"36,12 : 0.3102"
"12,37 : 0.7041"
"37,12 : 0.7041"
"12,38 : 0.03"
"38,12 : 0.03"
"12,39 : 0.578"
"39,12 : 0.578"
"12,40 : 0.6237"
"40,12 : 0.6237"
"12,41 : 0.4776"
"41,12 : 0.4776"
"12,42 : 0.3178"
"42,12 : 0.3178"
"12,43 : 0.864"
"43,12 : 0.864"
"12,44 : 0.1811"
"44,12 : 0.1811"
"12,45 : 0.7685"
"45,12 : 0.7685"
"12,46 : 0.1105"
"46,12 : 0.1105"
"12,47 : 0.2263"
"47,12 : 0.2263"
"12,48 : 0.7595"
"48,12 : 0.7595"
"12,49 : 0.5197"
"49,12 : 0.5197"
"13,14 : 0.8281"
"14,13 : 0.8281"
"13,15 : 0.7788"
"15,13 : 0.7788"
"13,16 : 0.72"
"16,13 : 0.72"
"13,17 : 0.8323"
"17,13 : 0.8323"
"13,18 : 0.8405"
"18,13 : 0.8405"
"13,19 : 0.764"
"19,13 : 0.764"
"13,20 : 0.1487"
"20,13 : 0.1487"
"13,21 : 0.6463"
"21,13 : 0.6463"
"13,22 : 0.56"
"22,13 : 0.56"
"13,23 : 0.781"
"23,13 : 0.781"
"13,24 : 0.3132"
"24,13 : 0.3132"
"13,25 : 0.6675"
"25,13 : 0.6675"
"13,26 : 0.8053"
"26,13 : 0.8053"
"13,27 : 0.1746"
"27,13 : 0.1746"
"13,28 : 0.4173"
"28,13 : 0.4173"
"13,29 : 0.2941"
"29,13 : 0.2941"
"13,30 : 0.1442"
"30,13 : 0.1442"
"13,31 : 0.3544"
"31,13 : 0.3544"
"13,32 : 0.758"
"32,13 : 0.758"
"13,33 : 0.4934"
"33,13 : 0.4934"
"13,34 : 0.8001"
"34,13 : 0.8001"
"13,35 : 0.76"
"35,13 : 0.76"
"13,36 : 0.7524"
"36,13 : 0.7524"
"13,37 : 0.7985"
"37,13 : 0.7985"
"13,38 : 0.413"
"38,13 : 0.413"
"13,39 : 0.914"
"39,13 : 0.914"
"13,40 : 0.9964"
"40,13 : 0.9964"
"13,41 : 0.5731"
"41,13 : 0.5731"
"13,42 : 0.7519"
"42,13 : 0.7519"
"13,43 : 0.7443"
"43,13 : 0.7443"
"13,44 : 0.5143"
"44,13 : 0.5143"
"13,45 : 0.7006"
"45,13 : 0.7006"
"13,46 : 0.5515"
"46,13 : 0.5515"
"13,47 : 0.3008"
"47,13 : 0.3008"
"13,48 : 0.9765"
"48,13 : 0.9765"
"13,49 : 0.3102"
"49,13 : 0.3102"
"14,15 : 0.4428"
"15,14 : 0.4428"
"14,16 : 0.5707"
"16,14 : 0.5707"
"14,17 : 0.1063"
"17,14 : 0.1063"
"14,18 : 0.6986"
"18,14 : 0.6986"
"14,19 : 0.1"
"19,14 : 0.1"
"14,20 : 0.9767"
"20,14 : 0.9767"
"14,21 : 0.471"
"21,14 : 0.471"
"14,22 : 0.61"
"22,14 : 0.61"
"14,23 : 0.0608"
"23,14 : 0.0608"
"14,24 : 0.7467"
"24,14 : 0.7467"
"14,25 : 0.5197"
"25,14 : 0.5197"
"14,26 : 0.2746"
"26,14 : 0.2746"
"14,27 : 0.6812"
"27,14 : 0.6812"
"14,28 : 0.4123"
"28,14 : 0.4123"
"14,29 : 0.729"
"29,14 : 0.729"
"14,30 : 0.8621"
"30,14 : 0.8621"
"14,31 : 0.5334"
"31,14 : 0.5334"
"14,32 : 0.5349"
"32,14 : 0.5349"
"14,33 : 0.4332"
"33,14 : 0.4332"
"14,34 : 0.6008"
"34,14 : 0.6008"
"14,35 : 0.642"
"35,14 : 0.642"
"14,36 : 0.5819"
"36,14 : 0.5819"
"14,37 : 0.2907"
"37,14 : 0.2907"
"14,38 : 0.5797"
"38,14 : 0.5797"
"14,39 : 0.1803"
"39,14 : 0.1803"
"14,40 : 0.3036"
"40,14 : 0.3036"
"14,41 : 0.3008"
"41,14 : 0.3008"
"14,42 : 0.4624"
"42,14 : 0.4624"
"14,43 : 0.6531"
"43,14 : 0.6531"
"14,44 : 0.3929"
"44,14 : 0.3929"
"14,45 : 0.5376"
"45,14 : 0.5376"
"14,46 : 0.5701"
"46,14 : 0.5701"
"14,47 : 0.7725"
"47,14 : 0.7725"
"14,48 : 0.19"
"48,14 : 0.19"
"14,49 : 0.6441"
"49,14 : 0.6441"
"15,16 : 0.907"
"16,15 : 0.907"
"15,17 : 0.542"
"17,15 : 0.542"
"15,18 : 0.2563"
"18,15 : 0.2563"
"15,19 : 0.4941"
"19,15 : 0.4941"
"15,20 : 0.9082"
"20,15 : 0.9082"
"15,21 : 0.7877"
"21,15 : 0.7877"
"15,22 : 0.2832"
"22,15 : 0.2832"
"15,23 : 0.4632"
"23,15 : 0.4632"
"15,24 : 0.5408"
"24,15 : 0.5408"
"15,25 : 0.1421"
"25,15 : 0.1421"
"15,26 : 0.1746"
"26,15 : 0.1746"
"15,27 : 0.7111"
"27,15 : 0.7111"
"15,28 : 0.4571"
"28,15 : 0.4571"
"15,29 : 0.8429"
"29,15 : 0.8429"
"15,30 : 0.8797"
"30,15 : 0.8797"
"15,31 : 0.6629"
"31,15 : 0.6629"
"15,32 : 0.1"
"32,15 : 0.1"
"15,33 : 0.6539"
"33,15 : 0.6539"
"15,34 : 0.9621"
"34,15 : 0.9621"
"15,35 : 0.2102"
"35,15 : 0.2102"
"15,36 : 0.15"
"36,15 : 0.15"
"15,37 : 0.6953"
"37,15 : 0.6953"
"15,38 : 0.3758"
"38,15 : 0.3758"
"15,39 : 0.3406"
"39,15 : 0.3406"
"15,40 : 0.3257"
"40,15 : 0.3257"
"15,41 : 0.5523"
"41,15 : 0.5523"
"15,42 : 0.0361"
"42,15 : 0.0361"
"15,43 : 0.9848"
"43,15 : 0.9848"
"15,44 : 0.2907"
"44,15 : 0.2907"
"15,45 : 0.8709"
"45,15 : 0.8709"
"15,46 : 0.2625"
"46,15 : 0.2625"
"15,47 : 0.5686"
"47,15 : 0.5686"
"15,48 : 0.6198"
"48,15 : 0.6198"
"15,49 : 0.7666"
"49,15 : 0.7666"
"16,17 : 0.4817"
"17,16 : 0.4817"
"16,18 : 1.1261"
"18,16 : 1.1261"
"16,19 : 0.473"
"19,16 : 0.473"
"16,20 : 0.836"
"20,16 : 0.836"
"16,21 : 0.1204"
"21,16 : 0.1204"
"16,22 : 0.9121"
"22,16 : 0.9121"
"16,23 : 0.5142"
"23,16 : 0.5142"
"16,24 : 0.8638"
"24,16 : 0.8638"
"16,25 : 0.9055"
"25,16 : 0.9055"
"16,26 : 0.7872"
"26,16 : 0.7872"
"16,27 : 0.5515"
"27,16 : 0.5515"
"16,28 : 0.5243"
"28,16 : 0.5243"
"16,29 : 0.4491"
"29,16 : 0.4491"
"16,30 : 0.6512"
"30,16 : 0.6512"
"16,31 : 0.3929"
"31,16 : 0.3929"
"16,32 : 0.9667"
"32,16 : 0.9667"
"16,33 : 0.2915"
"33,16 : 0.2915"
"16,34 : 0.0806"
"34,16 : 0.0806"
"16,35 : 1.0469"
"35,16 : 1.0469"
"16,36 : 0.999"
"36,16 : 0.999"
"16,37 : 0.3007"
"37,16 : 0.3007"
"16,38 : 0.7855"
"38,16 : 0.7855"
"16,39 : 0.7495"
"39,16 : 0.7495"
"16,40 : 0.8732"
"40,16 : 0.8732"
"16,41 : 0.3561"
"41,16 : 0.3561"
"16,42 : 0.908"
"42,16 : 0.908"
"16,43 : 0.0825"
"43,16 : 0.0825"
"16,44 : 0.6721"
"44,16 : 0.6721"
"16,45 : 0.0361"
"45,16 : 0.0361"
"16,46 : 0.8746"
"46,16 : 0.8746"
"16,47 : 0.876"
"47,16 : 0.876"
"16,48 : 0.5657"
"48,16 : 0.5657"
"16,49 : 0.4101"
"49,16 : 0.4101"
"17,18 : 0.7961"
"18,17 : 0.7961"
"17,19 : 0.0728"
"19,17 : 0.0728"
"17,20 : 0.9801"
"20,17 : 0.9801"
"17,21 : 0.392"
"21,17 : 0.392"
"17,22 : 0.6847"
"22,17 : 0.6847"
"17,23 : 0.0825"
"23,17 : 0.0825"
"17,24 : 0.7908"
"24,17 : 0.7908"
"17,25 : 0.6073"
"25,17 : 0.6073"
"17,26 : 0.378"
"26,17 : 0.378"
"17,27 : 0.6736"
"27,17 : 0.6736"
"17,28 : 0.4295"
"28,17 : 0.4295"
"17,29 : 0.6963"
"29,17 : 0.6963"
"17,30 : 0.8485"
"30,17 : 0.8485"
"17,31 : 0.5099"
"31,17 : 0.5099"
"17,32 : 0.6307"
"32,17 : 0.6307"
"17,33 : 0.3912"
"33,17 : 0.3912"
"17,34 : 0.5045"
"34,17 : 0.5045"
"17,35 : 0.7354"
"35,17 : 0.7354"
"17,36 : 0.6762"
"36,17 : 0.6762"
"17,37 : 0.1897"
"37,17 : 0.1897"
"17,38 : 0.6339"
"38,17 : 0.6339"
"17,39 : 0.2818"
"39,17 : 0.2818"
"17,40 : 0.4031"
"40,17 : 0.4031"
"17,41 : 0.2691"
"41,17 : 0.2691"
"17,42 : 0.559"
"42,17 : 0.559"
"17,43 : 0.5632"
"43,17 : 0.5632"
"17,44 : 0.4504"
"44,17 : 0.4504"
"17,45 : 0.4504"
"45,17 : 0.4504"
"17,46 : 0.6438"
"46,17 : 0.6438"
"17,47 : 0.8149"
"47,17 : 0.8149"
"17,48 : 0.1442"
"48,17 : 0.1442"
"17,49 : 0.614"
"49,17 : 0.614"
"18,19 : 0.7443"
"19,18 : 0.7443"
"18,20 : 0.9434"
"20,18 : 0.9434"
"18,21 : 1.0057"
"21,18 : 1.0057"
"18,22 : 0.2816"
"22,18 : 0.2816"
"18,23 : 0.7159"
"23,18 : 0.7159"
"18,24 : 0.5433"
"24,18 : 0.5433"
"18,25 : 0.222"
"25,18 : 0.222"
"18,26 : 0.4301"
"26,18 : 0.4301"
"18,27 : 0.8246"
"27,18 : 0.8246"
"18,28 : 0.6277"
"28,18 : 0.6277"
"18,29 : 0.9803"
"29,18 : 0.9803"
"18,30 : 0.9663"
"30,18 : 0.9663"
"18,31 : 0.8273"
"31,18 : 0.8273"
"18,32 : 0.1664"
"32,18 : 0.1664"
"18,33 : 0.8521"
"33,18 : 0.8521"
"18,34 : 1.188"
"34,18 : 1.188"
"18,35 : 0.0854"
"35,18 : 0.0854"
"18,36 : 0.1273"
"36,18 : 0.1273"
"18,37 : 0.9405"
"37,18 : 0.9405"
"18,38 : 0.4374"
"38,18 : 0.4374"
"18,39 : 0.5903"
"39,18 : 0.5903"
"18,40 : 0.5501"
"40,18 : 0.5501"
"18,41 : 0.771"
"41,18 : 0.771"
"18,42 : 0.2371"
"42,18 : 0.2371"
"18,43 : 1.1997"
"43,18 : 1.1997"
"18,44 : 0.4604"
"44,18 : 0.4604"
"18,45 : 1.0904"
"45,18 : 1.0904"
"18,46 : 0.2983"
"46,18 : 0.2983"
"18,47 : 0.5657"
"47,18 : 0.5657"
"18,48 : 0.876"
"48,18 : 0.876"
"18,49 : 0.9155"
"49,18 : 0.9155"
"19,20 : 0.9121"
"20,19 : 0.9121"
"19,21 : 0.3712"
"21,19 : 0.3712"
"19,22 : 0.6181"
"22,19 : 0.6181"
"19,23 : 0.0412"
"23,19 : 0.0412"
"19,24 : 0.7181"
"24,19 : 0.7181"
"19,25 : 0.5478"
"25,19 : 0.5478"
"19,26 : 0.3397"
"26,19 : 0.3397"
"19,27 : 0.6083"
"27,19 : 0.6083"
"19,28 : 0.3578"
"28,19 : 0.3578"
"19,29 : 0.6414"
"29,19 : 0.6414"
"19,30 : 0.7857"
"30,19 : 0.7857"
"19,31 : 0.45"
"31,19 : 0.45"
"19,32 : 0.578"
"32,19 : 0.578"
"19,33 : 0.3401"
"33,19 : 0.3401"
"19,34 : 0.507"
"34,19 : 0.507"
"19,35 : 0.6798"
"35,19 : 0.6798"
"19,36 : 0.6218"
"36,19 : 0.6218"
"19,37 : 0.2062"
"37,19 : 0.2062"
"19,38 : 0.5622"
"38,19 : 0.5622"
"19,39 : 0.2766"
"39,19 : 0.2766"
"19,40 : 0.4002"
"40,19 : 0.4002"
"19,41 : 0.211"
"41,19 : 0.211"
"19,42 : 0.5077"
"42,19 : 0.5077"
"19,43 : 0.5554"
"43,19 : 0.5554"
"19,44 : 0.38"
"44,19 : 0.38"
"19,45 : 0.4393"
"45,19 : 0.4393"
"19,46 : 0.5771"
"46,19 : 0.5771"
"19,47 : 0.7422"
"47,19 : 0.7422"
"19,48 : 0.2147"
"48,19 : 0.2147"
"19,49 : 0.5576"
"49,19 : 0.5576"
"20,21 : 0.7737"
"21,20 : 0.7737"
"20,22 : 0.6691"
"22,20 : 0.6691"
"20,23 : 0.9296"
"23,20 : 0.9296"
"20,24 : 0.4005"
"24,20 : 0.4005"
"20,25 : 0.7885"
"25,20 : 0.7885"
"20,26 : 0.9467"
"26,20 : 0.9467"
"20,27 : 0.313"
"27,20 : 0.313"
"20,28 : 0.5657"
"28,20 : 0.5657"
"20,29 : 0.3901"
"29,20 : 0.3901"
"20,30 : 0.191"
"30,20 : 0.191"
"20,31 : 0.4924"
"31,20 : 0.4924"
"20,32 : 0.878"
"32,20 : 0.878"
"20,33 : 0.6316"
"33,20 : 0.6316"
"20,34 : 0.9144"
"34,20 : 0.9144"
"20,35 : 0.867"
"35,20 : 0.867"
"20,36 : 0.8668"
"36,20 : 0.8668"
"20,37 : 0.9394"
"37,20 : 0.9394"
"20,38 : 0.5345"
"38,20 : 0.5345"
"20,39 : 1.0604"
"39,20 : 1.0604"
"20,40 : 1.1399"
"40,20 : 1.1399"
"20,41 : 0.7187"
"41,20 : 0.7187"
"20,42 : 0.8792"
"42,20 : 0.8792"
"20,43 : 0.8502"
"43,20 : 0.8502"
"20,44 : 0.6551"
"44,20 : 0.6551"
"20,45 : 0.8204"
"45,20 : 0.8204"
"20,46 : 0.6671"
"46,20 : 0.6671"
"20,47 : 0.38"
"47,20 : 0.38"
"20,48 : 1.1241"
"48,20 : 1.1241"
"20,49 : 0.4295"
"49,20 : 0.4295"
"21,22 : 0.794"
"22,21 : 0.794"
"21,23 : 0.4119"
"23,21 : 0.4119"
"21,24 : 0.7596"
"24,21 : 0.7596"
"21,25 : 0.7852"
"25,21 : 0.7852"
"21,26 : 0.6723"
"26,21 : 0.6723"
"21,27 : 0.4727"
"27,21 : 0.4727"
"21,28 : 0.4082"
"28,21 : 0.4082"
"21,29 : 0.4025"
"29,21 : 0.4025"
"21,30 : 0.5981"
"30,21 : 0.5981"
"21,31 : 0.3002"
"31,21 : 0.3002"
"21,32 : 0.8465"
"32,21 : 0.8465"
"21,33 : 0.1803"
"33,21 : 0.1803"
"21,34 : 0.1887"
"34,21 : 0.1887"
"21,35 : 0.9266"
"35,21 : 0.9266"
"21,36 : 0.8786"
"36,21 : 0.8786"
"21,37 : 0.2326"
"37,21 : 0.2326"
"21,38 : 0.6712"
"38,21 : 0.6712"
"21,39 : 0.6463"
"39,21 : 0.6463"
"21,40 : 0.7694"
"40,21 : 0.7694"
"21,41 : 0.236"
"41,21 : 0.236"
"21,42 : 0.7882"
"42,21 : 0.7882"
"21,43 : 0.1972"
"43,21 : 0.1972"
"21,44 : 0.5523"
"44,21 : 0.5523"
"21,45 : 0.0849"
"45,21 : 0.0849"
"21,46 : 0.756"
"46,21 : 0.756"
"21,47 : 0.7737"
"47,21 : 0.7737"
"21,48 : 0.4965"
"48,21 : 0.4965"
"21,49 : 0.3448"
"49,21 : 0.3448"
"22,23 : 0.603"
"23,22 : 0.603"
"22,24 : 0.2751"
"24,22 : 0.2751"
"22,25 : 0.1414"
"25,22 : 0.1414"
"22,26 : 0.4085"
"26,22 : 0.4085"
"22,27 : 0.5471"
"27,22 : 0.5471"
"22,28 : 0.3895"
"28,22 : 0.3895"
"22,29 : 0.7077"
"29,22 : 0.7077"
"22,30 : 0.6847"
"30,22 : 0.6847"
"22,31 : 0.572"
"31,22 : 0.572"
"22,32 : 0.2195"
"32,22 : 0.2195"
"22,33 : 0.6237"
"33,22 : 0.6237"
"22,34 : 0.9823"
"34,22 : 0.9823"
"22,35 : 0.2"
"35,22 : 0.2"
"22,36 : 0.1992"
"36,22 : 0.1992"
"22,37 : 0.7843"
"37,22 : 0.7843"
"22,38 : 0.1581"
"38,22 : 0.1581"
"22,39 : 0.5757"
"39,22 : 0.5757"
"22,40 : 0.5954"
"40,22 : 0.5954"
"22,41 : 0.5731"
"41,22 : 0.5731"
"22,42 : 0.2476"
"42,22 : 0.2476"
"22,43 : 0.9784"
"43,22 : 0.9784"
"22,44 : 0.2508"
"44,22 : 0.2508"
"22,45 : 0.878"
"45,22 : 0.878"
"22,46 : 0.0412"
"46,22 : 0.0412"
"22,47 : 0.3008"
"47,22 : 0.3008"
"22,48 : 0.8"
"48,22 : 0.8"
"22,49 : 0.6488"
"49,22 : 0.6488"
"23,24 : 0.7184"
"24,23 : 0.7184"
"23,25 : 0.525"
"25,23 : 0.525"
"23,26 : 0.3041"
"26,23 : 0.3041"
"23,27 : 0.6297"
"27,23 : 0.6297"
"23,28 : 0.3689"
"28,23 : 0.3689"
"23,29 : 0.6712"
"29,23 : 0.6712"
"23,30 : 0.8092"
"30,23 : 0.8092"
"23,31 : 0.4771"
"31,23 : 0.4771"
"23,32 : 0.5501"
"32,23 : 0.5501"
"23,33 : 0.3734"
"33,23 : 0.3734"
"23,34 : 0.5478"
"34,23 : 0.5478"
"23,35 : 0.6539"
"35,23 : 0.6539"
"23,36 : 0.5951"
"36,23 : 0.5951"
"23,37 : 0.2441"
"37,23 : 0.2441"
"23,38 : 0.5573"
"38,23 : 0.5573"
"23,39 : 0.2354"
"39,23 : 0.2354"
"23,40 : 0.359"
"40,23 : 0.359"
"23,41 : 0.2417"
"41,23 : 0.2417"
"23,42 : 0.4789"
"42,23 : 0.4789"
"23,43 : 0.5967"
"43,23 : 0.5967"
"23,44 : 0.3722"
"44,23 : 0.3722"
"23,45 : 0.4805"
"45,23 : 0.4805"
"23,46 : 0.5622"
"46,23 : 0.5622"
"23,47 : 0.7433"
"47,23 : 0.7433"
"23,48 : 0.2088"
"48,23 : 0.2088"
"23,49 : 0.5867"
"49,23 : 0.5867"
"24,25 : 0.4071"
"25,24 : 0.4071"
"24,26 : 0.6237"
"26,24 : 0.6237"
"24,27 : 0.3677"
"27,24 : 0.3677"
"24,28 : 0.38"
"28,24 : 0.38"
"24,29 : 0.5376"
"29,24 : 0.5376"
"24,30 : 0.4531"
"30,24 : 0.4531"
"24,31 : 0.4742"
"31,24 : 0.4742"
"24,32 : 0.4924"
"32,24 : 0.4924"
"24,33 : 0.5797"
"33,24 : 0.5797"
"24,34 : 0.9424"
"34,24 : 0.9424"
"24,35 : 0.4687"
"35,24 : 0.4687"
"24,36 : 0.4743"
"36,24 : 0.4743"
"24,37 : 0.83"
"37,24 : 0.83"
"24,38 : 0.178"
"38,24 : 0.178"
"24,39 : 0.771"
"39,24 : 0.771"
"24,40 : 0.8213"
"40,24 : 0.8213"
"24,41 : 0.5903"
"41,24 : 0.5903"
"24,42 : 0.5077"
"42,24 : 0.5077"
"24,43 : 0.9129"
"43,24 : 0.9129"
"24,44 : 0.3578"
"44,24 : 0.3578"
"24,45 : 0.8349"
"45,24 : 0.8349"
"24,46 : 0.2818"
"46,24 : 0.2818"
"24,47 : 0.0283"
"47,24 : 0.0283"
"24,48 : 0.9272"
"48,24 : 0.9272"
"24,49 : 0.5061"
"49,24 : 0.5061"
"25,26 : 0.2844"
"26,25 : 0.2844"
"25,27 : 0.6239"
"27,25 : 0.6239"
"25,28 : 0.4071"
"28,25 : 0.4071"
"25,29 : 0.7713"
"29,25 : 0.7713"
"25,30 : 0.7803"
"30,25 : 0.7803"
"25,31 : 0.6093"
"31,25 : 0.6093"
"25,32 : 0.0906"
"32,25 : 0.0906"
"25,33 : 0.6301"
"33,25 : 0.6301"
"25,34 : 0.969"
"34,25 : 0.969"
"25,35 : 0.1414"
"35,25 : 0.1414"
"25,36 : 0.0985"
"36,25 : 0.0985"
"25,37 : 0.7343"
"37,25 : 0.7343"
"25,38 : 0.255"
"38,25 : 0.255"
"25,39 : 0.4554"
"39,25 : 0.4554"
"25,40 : 0.461"
"40,25 : 0.461"
"25,41 : 0.5517"
"41,25 : 0.5517"
"25,42 : 0.1063"
"42,25 : 0.1063"
"25,43 : 0.9784"
"43,25 : 0.9784"
"25,44 : 0.2385"
"44,25 : 0.2385"
"25,45 : 0.87"
"45,25 : 0.87"
"25,46 : 0.1253"
"46,25 : 0.1253"
"25,47 : 0.4342"
"47,25 : 0.4342"
"25,48 : 0.7071"
"48,25 : 0.7071"
"25,49 : 0.7021"
"49,25 : 0.7021"
"26,27 : 0.7021"
"27,26 : 0.7021"
"26,28 : 0.4198"
"28,26 : 0.4198"
"26,29 : 0.8062"
"29,26 : 0.8062"
"26,30 : 0.8826"
"30,26 : 0.8826"
"26,31 : 0.6113"
"31,26 : 0.6113"
"26,32 : 0.2729"
"32,26 : 0.2729"
"26,33 : 0.5672"
"33,26 : 0.5672"
"26,34 : 0.8335"
"34,26 : 0.8335"
"26,35 : 0.3833"
"35,26 : 0.3833"
"26,36 : 0.3225"
"36,26 : 0.3225"
"26,37 : 0.5456"
"37,26 : 0.5456"
"26,38 : 0.446"
"38,26 : 0.446"
"26,39 : 0.1712"
"39,26 : 0.1712"
"26,40 : 0.198"
"40,26 : 0.198"
"26,41 : 0.4464"
"41,26 : 0.4464"
"26,42 : 0.201"
"42,26 : 0.201"
"26,43 : 0.8682"
"43,26 : 0.8682"
"26,44 : 0.2915"
"44,26 : 0.2915"
"26,45 : 0.7515"
"45,26 : 0.7515"
"26,46 : 0.3758"
"46,26 : 0.3758"
"26,47 : 0.6519"
"47,26 : 0.6519"
"26,48 : 0.446"
"48,26 : 0.446"
"26,49 : 0.7234"
"49,26 : 0.7234"
"27,28 : 0.2864"
"28,27 : 0.2864"
"27,29 : 0.1703"
"29,27 : 0.1703"
"27,30 : 0.1836"
"30,27 : 0.1836"
"27,31 : 0.1803"
"31,27 : 0.1803"
"27,32 : 0.7125"
"32,27 : 0.7125"
"27,33 : 0.3195"
"33,27 : 0.3195"
"27,34 : 0.632"
"34,27 : 0.632"
"27,35 : 0.7398"
"35,27 : 0.7398"
"27,36 : 0.7185"
"36,27 : 0.7185"
"27,37 : 0.6265"
"37,27 : 0.6265"
"27,38 : 0.389"
"38,27 : 0.389"
"27,39 : 0.7877"
"39,27 : 0.7877"
"27,40 : 0.8824"
"40,27 : 0.8824"
"27,41 : 0.408"
"41,27 : 0.408"
"27,42 : 0.6901"
"42,27 : 0.6901"
"27,43 : 0.5825"
"43,27 : 0.5825"
"27,44 : 0.4243"
"44,27 : 0.4243"
"27,45 : 0.5301"
"45,27 : 0.5301"
"27,46 : 0.5263"
"46,27 : 0.5263"
"27,47 : 0.3688"
"47,27 : 0.3688"
"27,48 : 0.8169"
"48,27 : 0.8169"
"27,49 : 0.1487"
"49,27 : 0.1487"
"28,29 : 0.3901"
"29,28 : 0.3901"
"28,30 : 0.4696"
"30,28 : 0.4696"
"28,31 : 0.2062"
"31,28 : 0.2062"
"28,32 : 0.4847"
"32,28 : 0.4847"
"28,33 : 0.2343"
"33,28 : 0.2343"
"28,34 : 0.5968"
"34,28 : 0.5968"
"28,35 : 0.5438"
"35,28 : 0.5438"
"28,36 : 0.5054"
"36,28 : 0.5054"
"28,37 : 0.45"
"37,28 : 0.45"
"28,38 : 0.264"
"38,28 : 0.264"
"28,39 : 0.5025"
"39,28 : 0.5025"
"28,40 : 0.5962"
"40,28 : 0.5962"
"28,41 : 0.211"
"41,28 : 0.211"
"28,42 : 0.4438"
"42,28 : 0.4438"
"28,43 : 0.589"
"43,28 : 0.589"
"28,44 : 0.1709"
"44,28 : 0.1709"
"28,45 : 0.4909"
"45,28 : 0.4909"
"28,46 : 0.3536"
"46,28 : 0.3536"
"28,47 : 0.4005"
"47,28 : 0.4005"
"28,48 : 0.5725"
"48,28 : 0.5725"
"28,49 : 0.3106"
"49,28 : 0.3106"
"29,30 : 0.2022"
"30,29 : 0.2022"
"29,31 : 0.1992"
"31,29 : 0.1992"
"29,32 : 0.857"
"32,29 : 0.857"
"29,33 : 0.3061"
"33,29 : 0.3061"
"29,34 : 0.5261"
"34,29 : 0.5261"
"29,35 : 0.8949"
"35,29 : 0.8949"
"29,36 : 0.8683"
"36,29 : 0.8683"
"29,37 : 0.6031"
"37,29 : 0.6031"
"29,38 : 0.5504"
"38,29 : 0.5504"
"29,39 : 0.8633"
"39,29 : 0.8633"
"29,40 : 0.9702"
"40,29 : 0.9702"
"29,41 : 0.4305"
"41,29 : 0.4305"
"29,42 : 0.8261"
"42,29 : 0.8261"
"29,43 : 0.4601"
"43,29 : 0.4601"
"29,44 : 0.5523"
"44,29 : 0.5523"
"29,45 : 0.4368"
"45,29 : 0.4368"
"29,46 : 0.6835"
"46,29 : 0.6835"
"29,47 : 0.5376"
"47,29 : 0.5376"
"29,48 : 0.8324"
"48,29 : 0.8324"
"29,49 : 0.0854"
"49,29 : 0.0854"
"30,31 : 0.3406"
"31,30 : 0.3406"
"30,32 : 0.8705"
"32,30 : 0.8705"
"30,33 : 0.4743"
"33,30 : 0.4743"
"30,34 : 0.7284"
"34,30 : 0.7284"
"30,35 : 0.8836"
"35,30 : 0.8836"
"30,36 : 0.8702"
"36,30 : 0.8702"
"30,37 : 0.7823"
"37,30 : 0.7823"
"30,38 : 0.5308"
"38,30 : 0.5308"
"30,39 : 0.9713"
"39,30 : 0.9713"
"30,40 : 1.0651"
"40,30 : 1.0651"
"30,41 : 0.58"
"41,30 : 0.58"
"30,42 : 0.8559"
"42,30 : 0.8559"
"30,43 : 0.6612"
"43,30 : 0.6612"
"30,44 : 0.5991"
"44,30 : 0.5991"
"30,45 : 0.6379"
"45,30 : 0.6379"
"30,46 : 0.6712"
"46,30 : 0.6712"
"30,47 : 0.4428"
"47,30 : 0.4428"
"30,48 : 0.9904"
"48,30 : 0.9904"
"30,49 : 0.255"
"49,30 : 0.255"
"31,32 : 0.6895"
"32,31 : 0.6895"
"31,33 : 0.1393"
"33,31 : 0.1393"
"31,34 : 0.473"
"34,31 : 0.473"
"31,35 : 0.7424"
"35,31 : 0.7424"
"31,36 : 0.7077"
"36,31 : 0.7077"
"31,37 : 0.4472"
"37,31 : 0.4472"
"31,38 : 0.4245"
"38,31 : 0.4245"
"31,39 : 0.6641"
"39,31 : 0.6641"
"31,40 : 0.7713"
"40,31 : 0.7713"
"31,41 : 0.2408"
"41,31 : 0.2408"
"31,42 : 0.65"
"42,31 : 0.65"
"31,43 : 0.4386"
"43,31 : 0.4386"
"31,44 : 0.3764"
"44,31 : 0.3764"
"31,45 : 0.3667"
"45,31 : 0.3667"
"31,46 : 0.5408"
"46,31 : 0.5408"
"31,47 : 0.4847"
"47,31 : 0.4847"
"31,48 : 0.6505"
"48,31 : 0.6505"
"31,49 : 0.114"
"49,31 : 0.114"
"32,33 : 0.6997"
"33,32 : 0.6997"
"32,34 : 1.0265"
"34,32 : 1.0265"
"32,35 : 0.1105"
"35,32 : 0.1105"
"32,36 : 0.05"
"36,32 : 0.05"
"32,37 : 0.7742"
"37,32 : 0.7742"
"32,38 : 0.3453"
"38,32 : 0.3453"
"32,39 : 0.4405"
"39,32 : 0.4405"
"32,40 : 0.422"
"40,32 : 0.422"
"32,41 : 0.6107"
"41,32 : 0.6107"
"32,42 : 0.0728"
"42,32 : 0.0728"
"32,43 : 1.042"
"43,32 : 1.042"
"32,44 : 0.3138"
"44,32 : 0.3138"
"32,45 : 0.9309"
"45,32 : 0.9309"
"32,46 : 0.2119"
"46,32 : 0.2119"
"32,47 : 0.5189"
"47,32 : 0.5189"
"32,48 : 0.7157"
"48,32 : 0.7157"
"32,49 : 0.7859"
"49,32 : 0.7859"
"33,34 : 0.3667"
"34,33 : 0.3667"
"33,35 : 0.7701"
"35,33 : 0.7701"
"33,36 : 0.7267"
"36,33 : 0.7267"
"33,37 : 0.3089"
"37,33 : 0.3089"
"33,38 : 0.494"
"38,33 : 0.494"
"33,39 : 0.5855"
"39,33 : 0.5855"
"33,40 : 0.7018"
"40,33 : 0.7018"
"33,41 : 0.1334"
"41,33 : 0.1334"
"33,42 : 0.6485"
"42,33 : 0.6485"
"33,43 : 0.3547"
"43,33 : 0.3547"
"33,44 : 0.392"
"44,33 : 0.392"
"33,45 : 0.2594"
"45,33 : 0.2594"
"33,46 : 0.5873"
"46,33 : 0.5873"
"33,47 : 0.5944"
"47,33 : 0.5944"
"33,48 : 0.5263"
"48,33 : 0.5263"
"33,49 : 0.2263"
"49,33 : 0.2263"
"34,35 : 1.1104"
"35,34 : 1.1104"
"34,36 : 1.0608"
"36,34 : 1.0608"
"34,37 : 0.3158"
"37,34 : 0.3158"
"34,38 : 0.8596"
"38,34 : 0.8596"
"34,39 : 0.7811"
"39,34 : 0.7811"
"34,40 : 0.9044"
"40,34 : 0.9044"
"34,41 : 0.4173"
"41,34 : 0.4173"
"34,42 : 0.9654"
"42,34 : 0.9654"
"34,43 : 0.0922"
"43,34 : 0.0922"
"34,44 : 0.7388"
"44,34 : 0.7388"
"34,45 : 0.1077"
"45,34 : 0.1077"
"34,46 : 0.944"
"46,34 : 0.944"
"34,47 : 0.9551"
"47,34 : 0.9551"
"34,48 : 0.57"
"48,34 : 0.57"
"34,49 : 0.49"
"49,34 : 0.49"
"35,36 : 0.0608"
"36,35 : 0.0608"
"35,37 : 0.8713"
"37,35 : 0.8713"
"35,38 : 0.3536"
"38,35 : 0.3536"
"35,39 : 0.5508"
"39,35 : 0.5508"
"35,40 : 0.5277"
"40,35 : 0.5277"
"35,41 : 0.6931"
"41,35 : 0.6931"
"35,42 : 0.1825"
"42,35 : 0.1825"
"35,43 : 1.1195"
"43,35 : 1.1195"
"35,44 : 0.378"
"44,35 : 0.378"
"35,45 : 1.0114"
"45,35 : 1.0114"
"35,46 : 0.2138"
"46,35 : 0.2138"
"35,47 : 0.4924"
"47,35 : 0.4924"
"35,48 : 0.8246"
"48,35 : 0.8246"
"35,49 : 0.8301"
"49,35 : 0.8301"
"36,37 : 0.8154"
"37,36 : 0.8154"
"36,38 : 0.3401"
"38,36 : 0.3401"
"36,39 : 0.4904"
"39,36 : 0.4904"
"36,40 : 0.4707"
"40,36 : 0.4707"
"36,41 : 0.6438"
"41,36 : 0.6438"
"36,42 : 0.1217"
"42,36 : 0.1217"
"36,43 : 1.073"
"43,36 : 1.073"
"36,44 : 0.3362"
"44,36 : 0.3362"
"36,45 : 0.9633"
"45,36 : 0.9633"
"36,46 : 0.201"
"46,36 : 0.201"
"36,47 : 0.4998"
"47,36 : 0.4998"
"36,48 : 0.764"
"48,36 : 0.764"
"36,49 : 0.8001"
"49,36 : 0.8001"
"37,38 : 0.6987"
"38,37 : 0.6987"
"37,39 : 0.4701"
"39,37 : 0.4701"
"37,40 : 0.5924"
"40,37 : 0.5924"
"37,41 : 0.2408"
"41,37 : 0.2408"
"37,42 : 0.706"
"42,37 : 0.706"
"37,43 : 0.38"
"43,37 : 0.38"
"37,44 : 0.5345"
"44,37 : 0.5345"
"37,45 : 0.2729"
"45,37 : 0.2729"
"37,46 : 0.7433"
"46,37 : 0.7433"
"37,47 : 0.8502"
"47,37 : 0.8502"
"37,48 : 0.2668"
"48,37 : 0.2668"
"37,49 : 0.5301"
"49,37 : 0.5301"
"38,39 : 0.5936"
"39,38 : 0.5936"
"38,40 : 0.6438"
"40,38 : 0.6438"
"38,41 : 0.4684"
"41,38 : 0.4684"
"38,42 : 0.3454"
"42,38 : 0.3454"
"38,43 : 0.8463"
"43,38 : 0.8463"
"38,44 : 0.1868"
"44,38 : 0.1868"
"38,45 : 0.7529"
"45,38 : 0.7529"
"38,46 : 0.1404"
"46,38 : 0.1404"
"38,47 : 0.2062"
"47,38 : 0.2062"
"38,48 : 0.7649"
"48,38 : 0.7649"
"38,49 : 0.494"
"49,38 : 0.494"
"39,40 : 0.1237"
"40,39 : 0.1237"
"39,41 : 0.4528"
"41,39 : 0.4528"
"39,42 : 0.37"
"42,39 : 0.37"
"39,43 : 0.832"
"43,39 : 0.832"
"39,44 : 0.4187"
"44,39 : 0.4187"
"39,45 : 0.7159"
"45,39 : 0.7159"
"39,46 : 0.5408"
"46,39 : 0.5408"
"39,47 : 0.7988"
"47,39 : 0.7988"
"39,48 : 0.3023"
"48,39 : 0.3023"
"39,49 : 0.7779"
"49,39 : 0.7779"
"40,41 : 0.5704"
"41,40 : 0.5704"
"40,42 : 0.3606"
"42,40 : 0.3606"
"40,43 : 0.9557"
"43,40 : 0.9557"
"40,44 : 0.486"
"44,40 : 0.486"
"40,45 : 0.8395"
"45,40 : 0.8395"
"40,46 : 0.566"
"46,40 : 0.566"
"40,47 : 0.8496"
"47,40 : 0.8496"
"40,48 : 0.4031"
"48,40 : 0.4031"
"40,49 : 0.8853"
"49,40 : 0.8853"
"41,42 : 0.5522"
"42,41 : 0.5522"
"41,43 : 0.4327"
"43,41 : 0.4327"
"41,44 : 0.3245"
"44,41 : 0.3245"
"41,45 : 0.3202"
"45,41 : 0.3202"
"41,46 : 0.5334"
"46,41 : 0.5334"
"41,47 : 0.61"
"47,41 : 0.61"
"41,48 : 0.4104"
"48,41 : 0.4104"
"41,49 : 0.3467"
"49,41 : 0.3467"
"42,43 : 0.9847"
"43,42 : 0.9847"
"42,44 : 0.2746"
"44,42 : 0.2746"
"42,45 : 0.872"
"45,42 : 0.872"
"42,46 : 0.228"
"46,42 : 0.228"
"42,47 : 0.5354"
"47,42 : 0.5354"
"42,48 : 0.6429"
"48,42 : 0.6429"
"42,49 : 0.7513"
