x,y
0.14,0.68
0.7,0.23
0.27,0.56
0.32,0.49
0.67,0.4
0.65,0.57
0.9,0.69
0.9,0.19
0.68,0.65
0.4,0.46
0.05,0.55
0.51,0.16
0.09,0.86
0.75,0.33
0.1,0.59
0.34,0.58
0.62,0.9
0.21,0.2
0.08,0.92
0.16,0.99
0.9,0.32
0.25,0.95
0.39,0.55
0.84,0.83
0.37,0.0
0.18,0.94
0.37,0.58
0.53,0.49
0.91,0.43
0.8,0.66
0.5,0.5
0.15,0.55
0.2,0.93
0.86,0.14
0.12,0.58
0.28,0.95
0.03,0.64
0.01,0.31
0.04,0.61
0.39,0.39
0.59,0.4
0.55,0.5
0.7,0.02
0.6,0.83
0.74,0.49
0.87,0.08
0.04,0.28
0.3,0.08
0.27,0.26
0.84,0.24

Distanze
"0,1 : 0.7184"
"1,0 : 0.7184"
"0,2 : 0.1769"
"2,0 : 0.1769"
"0,3 : 0.2617"
"3,0 : 0.2617"
"0,4 : 0.5994"
"4,0 : 0.5994"
"0,5 : 0.5217"
"5,0 : 0.5217"
"0,6 : 0.7601"
"6,0 : 0.7601"
"0,7 : 0.9043"
"7,0 : 0.9043"
"0,8 : 0.5408"
"8,0 : 0.5408"
"0,9 : 0.3406"
"9,0 : 0.3406"
"0,10 : 0.1581"
"10,0 : 0.1581"
"0,11 : 0.6382"
"11,0 : 0.6382"
"0,12 : 0.1868"
"12,0 : 0.1868"
"0,13 : 0.7033"
"13,0 : 0.7033"
"0,14 : 0.0985"
"14,0 : 0.0985"
"0,15 : 0.2236"
"15,0 : 0.2236"
"0,16 : 0.528"
"16,0 : 0.528"
"0,17 : 0.4851"
"17,0 : 0.4851"
"0,18 : 0.2474"
"18,0 : 0.2474"
"0,19 : 0.3106"
"19,0 : 0.3106"
"0,20 : 0.841"
"20,0 : 0.841"
"0,21 : 0.2915"
"21,0 : 0.2915"
"0,22 : 0.2818"
"22,0 : 0.2818"
"0,23 : 0.7159"
"23,0 : 0.7159"
"0,24 : 0.7178"
"24,0 : 0.7178"
"0,25 : 0.2631"
"25,0 : 0.2631"
"0,26 : 0.2508"
"26,0 : 0.2508"
"0,27 : 0.4338"
"27,0 : 0.4338"
"0,28 : 0.8096"
"28,0 : 0.8096"
"0,29 : 0.6603"
"29,0 : 0.6603"
"0,30 : 0.4025"
"30,0 : 0.4025"
"0,31 : 0.1304"
"31,0 : 0.1304"
"0,32 : 0.2571"
"32,0 : 0.2571"
"0,33 : 0.9"
"33,0 : 0.9"
"0,34 : 0.102"
"34,0 : 0.102"
"0,35 : 0.3041"
"35,0 : 0.3041"
"0,36 : 0.117"
"36,0 : 0.117"
"0,37 : 0.3922"
"37,0 : 0.3922"
"0,38 : 0.1221"
"38,0 : 0.1221"
"0,39 : 0.3829"
"39,0 : 0.3829"
"0,40 : 0.53"
"40,0 : 0.53"
"0,41 : 0.4478"
"41,0 : 0.4478"
"0,42 : 0.8656"
"42,0 : 0.8656"
"0,43 : 0.4838"
"43,0 : 0.4838"
"0,44 : 0.6294"
"44,0 : 0.6294"
"0,45 : 0.9449"
"45,0 : 0.9449"
"0,46 : 0.4123"
"46,0 : 0.4123"
"0,47 : 0.621"
"47,0 : 0.621"
"0,48 : 0.4397"
"48,0 : 0.4397"
"0,49 : 0.8268"
"49,0 : 0.8268"
"1,2 : 0.542"
"2,1 : 0.542"
"1,3 : 0.4604"
"3,1 : 0.4604"
"1,4 : 0.1726"
"4,1 : 0.1726"
"1,5 : 0.3437"
"5,1 : 0.3437"
"1,6 : 0.5016"
"6,1 : 0.5016"
"1,7 : 0.204"
"7,1 : 0.204"
"1,8 : 0.4205"
"8,1 : 0.4205"
"1,9 : 0.378"
"9,1 : 0.378"
"1,10 : 0.7245"
"10,1 : 0.7245"
"1,11 : 0.2025"
"11,1 : 0.2025"
"1,12 : 0.8769"
"12,1 : 0.8769"
"1,13 : 0.1118"
"13,1 : 0.1118"
"1,14 : 0.6997"
"14,1 : 0.6997"
"1,15 : 0.5021"
"15,1 : 0.5021"
"1,16 : 0.6748"
"16,1 : 0.6748"
"1,17 : 0.4909"
"17,1 : 0.4909"
"1,18 : 0.9276"
"18,1 : 0.9276"
"1,19 : 0.9323"
"19,1 : 0.9323"
"1,20 : 0.2193"
"20,1 : 0.2193"
"1,21 : 0.8491"
"21,1 : 0.8491"
"1,22 : 0.4455"
"22,1 : 0.4455"
"1,23 : 0.6161"
"23,1 : 0.6161"
"1,24 : 0.4022"
"24,1 : 0.4022"
"1,25 : 0.8801"
"25,1 : 0.8801"
"1,26 : 0.481"
"26,1 : 0.481"
"1,27 : 0.3106"
"27,1 : 0.3106"
"1,28 : 0.29"
"28,1 : 0.29"
"1,29 : 0.4415"
"29,1 : 0.4415"
"1,30 : 0.336"
"30,1 : 0.336"
"1,31 : 0.6363"
"31,1 : 0.6363"
"1,32 : 0.8602"
"32,1 : 0.8602"
"1,33 : 0.1836"
"33,1 : 0.1836"
"1,34 : 0.6774"
"34,1 : 0.6774"
"1,35 : 0.8335"
"35,1 : 0.8335"
"1,36 : 0.7855"
"36,1 : 0.7855"
"1,37 : 0.6946"
"37,1 : 0.6946"
"1,38 : 0.7616"
"38,1 : 0.7616"
"1,39 : 0.3489"
"39,1 : 0.3489"
"1,40 : 0.2025"
"40,1 : 0.2025"
"1,41 : 0.3089"
"41,1 : 0.3089"
"1,42 : 0.21"
"42,1 : 0.21"
"1,43 : 0.6083"
"43,1 : 0.6083"
"1,44 : 0.2631"
"44,1 : 0.2631"
"1,45 : 0.2267"
"45,1 : 0.2267"
"1,46 : 0.6619"
"46,1 : 0.6619"
"1,47 : 0.4272"
"47,1 : 0.4272"
"1,48 : 0.431"
"48,1 : 0.431"
"1,49 : 0.1404"
"49,1 : 0.1404"
"2,3 : 0.086"
"3,2 : 0.086"
"2,4 : 0.4308"
"4,2 : 0.4308"
"2,5 : 0.3801"
"5,2 : 0.3801"
"2,6 : 0.6433"
"6,2 : 0.6433"
"2,7 : 0.7306"
"7,2 : 0.7306"
"2,8 : 0.4198"
"8,2 : 0.4198"
"2,9 : 0.164"
"9,2 : 0.164"
"2,10 : 0.2202"
"10,2 : 0.2202"
"2,11 : 0.4665"
"11,2 : 0.4665"
"2,12 : 0.3499"
"12,2 : 0.3499"
"2,13 : 0.5323"
"13,2 : 0.5323"
"2,14 : 0.1726"
"14,2 : 0.1726"
"2,15 : 0.0728"
"15,2 : 0.0728"
"2,16 : 0.488"
"16,2 : 0.488"
"2,17 : 0.365"
"17,2 : 0.365"
"2,18 : 0.4071"
"18,2 : 0.4071"
"2,19 : 0.4438"
"19,2 : 0.4438"
"2,20 : 0.6742"
"20,2 : 0.6742"
"2,21 : 0.3905"
"21,2 : 0.3905"
"2,22 : 0.1204"
"22,2 : 0.1204"
"2,23 : 0.6307"
"23,2 : 0.6307"
"2,24 : 0.5689"
"24,2 : 0.5689"
"2,25 : 0.3905"
"25,2 : 0.3905"
"2,26 : 0.102"
"26,2 : 0.102"
"2,27 : 0.2693"
"27,2 : 0.2693"
"2,28 : 0.6531"
"28,2 : 0.6531"
"2,29 : 0.5394"
"29,2 : 0.5394"
"2,30 : 0.2377"
"30,2 : 0.2377"
"2,31 : 0.1204"
"31,2 : 0.1204"
"2,32 : 0.3766"
"32,2 : 0.3766"
"2,33 : 0.7242"
"33,2 : 0.7242"
"2,34 : 0.1513"
"34,2 : 0.1513"
"2,35 : 0.3901"
"35,2 : 0.3901"
"2,36 : 0.253"
"36,2 : 0.253"
"2,37 : 0.3607"
"37,2 : 0.3607"
"2,38 : 0.2354"
"38,2 : 0.2354"
"2,39 : 0.2081"
"39,2 : 0.2081"
"2,40 : 0.3578"
"40,2 : 0.3578"
"2,41 : 0.2864"
"41,2 : 0.2864"
"2,42 : 0.6903"
"42,2 : 0.6903"
"2,43 : 0.4264"
"43,2 : 0.4264"
"2,44 : 0.4752"
"44,2 : 0.4752"
"2,45 : 0.7684"
"45,2 : 0.7684"
"2,46 : 0.3624"
"46,2 : 0.3624"
"2,47 : 0.4809"
"47,2 : 0.4809"
"2,48 : 0.3"
"48,2 : 0.3"
"2,49 : 0.6537"
"49,2 : 0.6537"
"3,4 : 0.3614"
"4,3 : 0.3614"
"3,5 : 0.3396"
"5,3 : 0.3396"
"3,6 : 0.6135"
"6,3 : 0.6135"
"3,7 : 0.653"
"7,3 : 0.653"
"3,8 : 0.394"
"8,3 : 0.394"
"3,9 : 0.0854"
"9,3 : 0.0854"
"3,10 : 0.2766"
"10,3 : 0.2766"
"3,11 : 0.3808"
"11,3 : 0.3808"
"3,12 : 0.4357"
"12,3 : 0.4357"
"3,13 : 0.4588"
"13,3 : 0.4588"
"3,14 : 0.2417"
"14,3 : 0.2417"
"3,15 : 0.0922"
"15,3 : 0.0922"
"3,16 : 0.508"
"16,3 : 0.508"
"3,17 : 0.3102"
"17,3 : 0.3102"
"3,18 : 0.4924"
"18,3 : 0.4924"
"3,19 : 0.525"
"19,3 : 0.525"
"3,20 : 0.6044"
"20,3 : 0.6044"
"3,21 : 0.4653"
"21,3 : 0.4653"
"3,22 : 0.0922"
"22,3 : 0.0922"
"3,23 : 0.6213"
"23,3 : 0.6213"
"3,24 : 0.4925"
"24,3 : 0.4925"
"3,25 : 0.4713"
"25,3 : 0.4713"
"3,26 : 0.103"
"26,3 : 0.103"
"3,27 : 0.21"
"27,3 : 0.21"
"3,28 : 0.593"
"28,3 : 0.593"
"3,29 : 0.5092"
"29,3 : 0.5092"
"3,30 : 0.1803"
"30,3 : 0.1803"
"3,31 : 0.1803"
"31,3 : 0.1803"
"3,32 : 0.4561"
"32,3 : 0.4561"
"3,33 : 0.6435"
"33,3 : 0.6435"
"3,34 : 0.2193"
"34,3 : 0.2193"
"3,35 : 0.4617"
"35,3 : 0.4617"
"3,36 : 0.3265"
"36,3 : 0.3265"
"3,37 : 0.3585"
"37,3 : 0.3585"
"3,38 : 0.3046"
"38,3 : 0.3046"
"3,39 : 0.1221"
"39,3 : 0.1221"
"3,40 : 0.2846"
"40,3 : 0.2846"
"3,41 : 0.2302"
"41,3 : 0.2302"
"3,42 : 0.6044"
"42,3 : 0.6044"
"3,43 : 0.4405"
"43,3 : 0.4405"
"3,44 : 0.42"
"44,3 : 0.42"
"3,45 : 0.686"
"45,3 : 0.686"
"3,46 : 0.35"
"46,3 : 0.35"
"3,47 : 0.4105"
"47,3 : 0.4105"
"3,48 : 0.2354"
"48,3 : 0.2354"
"3,49 : 0.577"
"49,3 : 0.577"
"4,5 : 0.1712"
"5,4 : 0.1712"
"4,6 : 0.3701"
"6,4 : 0.3701"
"4,7 : 0.3114"
"7,4 : 0.3114"
"4,8 : 0.2502"
"8,4 : 0.2502"
"4,9 : 0.2766"
"9,4 : 0.2766"
"4,10 : 0.6379"
"10,4 : 0.6379"
"4,11 : 0.2884"
"11,4 : 0.2884"
"4,12 : 0.7403"
"12,4 : 0.7403"
"4,13 : 0.1063"
"13,4 : 0.1063"
"4,14 : 0.6008"
"14,4 : 0.6008"
"4,15 : 0.3759"
"15,4 : 0.3759"
"4,16 : 0.5025"
"16,4 : 0.5025"
"4,17 : 0.5016"
"17,4 : 0.5016"
"4,18 : 0.7864"
"18,4 : 0.7864"
"4,19 : 0.7799"
"19,4 : 0.7799"
"4,20 : 0.2435"
"20,4 : 0.2435"
"4,21 : 0.692"
"21,4 : 0.692"
"4,22 : 0.3176"
"22,4 : 0.3176"
"4,23 : 0.4624"
"23,4 : 0.4624"
"4,24 : 0.5"
"24,4 : 0.5"
"4,25 : 0.7292"
"25,4 : 0.7292"
"4,26 : 0.3499"
"26,4 : 0.3499"
"4,27 : 0.1664"
"27,4 : 0.1664"
"4,28 : 0.2419"
"28,4 : 0.2419"
"4,29 : 0.2907"
"29,4 : 0.2907"
"4,30 : 0.1972"
"30,4 : 0.1972"
"4,31 : 0.5412"
"31,4 : 0.5412"
"4,32 : 0.7084"
"32,4 : 0.7084"
"4,33 : 0.322"
"33,4 : 0.322"
"4,34 : 0.5787"
"34,4 : 0.5787"
"4,35 : 0.6742"
"35,4 : 0.6742"
"4,36 : 0.6835"
"36,4 : 0.6835"
"4,37 : 0.6661"
"37,4 : 0.6661"
"4,38 : 0.6641"
"38,4 : 0.6641"
"4,39 : 0.2802"
"39,4 : 0.2802"
"4,40 : 0.08"
"40,4 : 0.08"
"4,41 : 0.1562"
"41,4 : 0.1562"
"4,42 : 0.3812"
"42,4 : 0.3812"
"4,43 : 0.4357"
"43,4 : 0.4357"
"4,44 : 0.114"
"44,4 : 0.114"
"4,45 : 0.3774"
"45,4 : 0.3774"
"4,46 : 0.6413"
"46,4 : 0.6413"
"4,47 : 0.4892"
"47,4 : 0.4892"
"4,48 : 0.4238"
"48,4 : 0.4238"
"4,49 : 0.2335"
"49,4 : 0.2335"
"5,6 : 0.2773"
"6,5 : 0.2773"
"5,7 : 0.4549"
"7,5 : 0.4549"
"5,8 : 0.0854"
"8,5 : 0.0854"
"5,9 : 0.2731"
"9,5 : 0.2731"
"5,10 : 0.6003"
"10,5 : 0.6003"
"5,11 : 0.4332"
"11,5 : 0.4332"
"5,12 : 0.6306"
"12,5 : 0.6306"
"5,13 : 0.26"
"13,5 : 0.26"
"5,14 : 0.5504"
"14,5 : 0.5504"
"5,15 : 0.3102"
"15,5 : 0.3102"
"5,16 : 0.3314"
"16,5 : 0.3314"
"5,17 : 0.5749"
"17,5 : 0.5749"
"5,18 : 0.6689"
"18,5 : 0.6689"
"5,19 : 0.6454"
"19,5 : 0.6454"
"5,20 : 0.3536"
"20,5 : 0.3536"
"5,21 : 0.5517"
"21,5 : 0.5517"
"5,22 : 0.2608"
"22,5 : 0.2608"
"5,23 : 0.322"
"23,5 : 0.322"
"5,24 : 0.6351"
"24,5 : 0.6351"
"5,25 : 0.5982"
"25,5 : 0.5982"
"5,26 : 0.2802"
"26,5 : 0.2802"
"5,27 : 0.1442"
"27,5 : 0.1442"
"5,28 : 0.2953"
"28,5 : 0.2953"
"5,29 : 0.1749"
"29,5 : 0.1749"
"5,30 : 0.1655"
"30,5 : 0.1655"
"5,31 : 0.5004"
"31,5 : 0.5004"
"5,32 : 0.5763"
"32,5 : 0.5763"
"5,33 : 0.4785"
"33,5 : 0.4785"
"5,34 : 0.5301"
"34,5 : 0.5301"
"5,35 : 0.5304"
"35,5 : 0.5304"
"5,36 : 0.6239"
"36,5 : 0.6239"
"5,37 : 0.6908"
"37,5 : 0.6908"
"5,38 : 0.6113"
"38,5 : 0.6113"
"5,39 : 0.3162"
"39,5 : 0.3162"
"5,40 : 0.1803"
"40,5 : 0.1803"
"5,41 : 0.1221"
"41,5 : 0.1221"
"5,42 : 0.5523"
"42,5 : 0.5523"
"5,43 : 0.2648"
"43,5 : 0.2648"
"5,44 : 0.1204"
"44,5 : 0.1204"
"5,45 : 0.5371"
"45,5 : 0.5371"
"5,46 : 0.6754"
"46,5 : 0.6754"
"5,47 : 0.6022"
"47,5 : 0.6022"
"5,48 : 0.4904"
"48,5 : 0.4904"
"5,49 : 0.3808"
"49,5 : 0.3808"
"6,7 : 0.5"
"7,6 : 0.5"
"6,8 : 0.2236"
"8,6 : 0.2236"
"6,9 : 0.5504"
"9,6 : 0.5504"
"6,10 : 0.8615"
"10,6 : 0.8615"
"6,11 : 0.658"
"11,6 : 0.658"
"6,12 : 0.8276"
"12,6 : 0.8276"
"6,13 : 0.39"
"13,6 : 0.39"
"6,14 : 0.8062"
"14,6 : 0.8062"
"6,15 : 0.5707"
"15,6 : 0.5707"
"6,16 : 0.35"
"16,6 : 0.35"
"6,17 : 0.8463"
"17,6 : 0.8463"
"6,18 : 0.8516"
"18,6 : 0.8516"
"6,19 : 0.7985"
"19,6 : 0.7985"
"6,20 : 0.37"
"20,6 : 0.37"
"6,21 : 0.7001"
"21,6 : 0.7001"
"6,22 : 0.5289"
"22,6 : 0.5289"
"6,23 : 0.1523"
"23,6 : 0.1523"
"6,24 : 0.8701"
"24,6 : 0.8701"
"6,25 : 0.7622"
"25,6 : 0.7622"
"6,26 : 0.5413"
"26,6 : 0.5413"
"6,27 : 0.4206"
"27,6 : 0.4206"
"6,28 : 0.2602"
"28,6 : 0.2602"
"6,29 : 0.1044"
"29,6 : 0.1044"
"6,30 : 0.4428"
"30,6 : 0.4428"
"6,31 : 0.763"
"31,6 : 0.763"
"6,32 : 0.74"
"32,6 : 0.74"
"6,33 : 0.5515"
"33,6 : 0.5515"
"6,34 : 0.7877"
"34,6 : 0.7877"
"6,35 : 0.6723"
"35,6 : 0.6723"
"6,36 : 0.8714"
"36,6 : 0.8714"
"6,37 : 0.9677"
"37,6 : 0.9677"
"6,38 : 0.8637"
"38,6 : 0.8637"
"6,39 : 0.5917"
"39,6 : 0.5917"
"6,40 : 0.4245"
"40,6 : 0.4245"
"6,41 : 0.3982"
"41,6 : 0.3982"
"6,42 : 0.6992"
"42,6 : 0.6992"
"6,43 : 0.3311"
"43,6 : 0.3311"
"6,44 : 0.2561"
"44,6 : 0.2561"
"6,45 : 0.6107"
"45,6 : 0.6107"
"6,46 : 0.9527"
"46,6 : 0.9527"
"6,47 : 0.8556"
"47,6 : 0.8556"
"6,48 : 0.7628"
"48,6 : 0.7628"
"6,49 : 0.454"
"49,6 : 0.454"
"7,8 : 0.5099"
"8,7 : 0.5099"
"7,9 : 0.5682"
"9,7 : 0.5682"
"7,10 : 0.9231"
"10,7 : 0.9231"
"7,11 : 0.3912"
"11,7 : 0.3912"
"7,12 : 1.0512"
"12,7 : 1.0512"
"7,13 : 0.2052"
"13,7 : 0.2052"
"7,14 : 0.8944"
"14,7 : 0.8944"
"7,15 : 0.6824"
"15,7 : 0.6824"
"7,16 : 0.7632"
"16,7 : 0.7632"
"7,17 : 0.6901"
"17,7 : 0.6901"
"7,18 : 1.0979"
"18,7 : 1.0979"
"7,19 : 1.0898"
"19,7 : 1.0898"
"7,20 : 0.13"
"20,7 : 0.13"
"7,21 : 1.0"
"21,7 : 1.0"
"7,22 : 0.6243"
"22,7 : 0.6243"
"7,23 : 0.6428"
"23,7 : 0.6428"
"7,24 : 0.563"
"24,7 : 0.563"
"7,25 : 1.0397"
"25,7 : 1.0397"
"7,26 : 0.658"
"26,7 : 0.658"
"7,27 : 0.4763"
"27,7 : 0.4763"
"7,28 : 0.2402"
"28,7 : 0.2402"
"7,29 : 0.4805"
"29,7 : 0.4805"
"7,30 : 0.5061"
"30,7 : 0.5061"
"7,31 : 0.8319"
"31,7 : 0.8319"
"7,32 : 1.0186"
"32,7 : 1.0186"
"7,33 : 0.064"
"33,7 : 0.064"
"7,34 : 0.8721"
"34,7 : 0.8721"
"7,35 : 0.9808"
"35,7 : 0.9808"
"7,36 : 0.9795"
"36,7 : 0.9795"
"7,37 : 0.8981"
"37,7 : 0.8981"
"7,38 : 0.9571"
"38,7 : 0.9571"
"7,39 : 0.5478"
"39,7 : 0.5478"
"7,40 : 0.3744"
"40,7 : 0.3744"
"7,41 : 0.4675"
"41,7 : 0.4675"
"7,42 : 0.2625"
"42,7 : 0.2625"
"7,43 : 0.7068"
"43,7 : 0.7068"
"7,44 : 0.34"
"44,7 : 0.34"
"7,45 : 0.114"
"45,7 : 0.114"
"7,46 : 0.8647"
"46,7 : 0.8647"
"7,47 : 0.61"
"47,7 : 0.61"
"7,48 : 0.6339"
"48,7 : 0.6339"
"7,49 : 0.0781"
"49,7 : 0.0781"
"8,9 : 0.3384"
"9,8 : 0.3384"
"8,10 : 0.6379"
"10,8 : 0.6379"
"8,11 : 0.5187"
"11,8 : 0.5187"
"8,12 : 0.6263"
"12,8 : 0.6263"
"8,13 : 0.3276"
"13,8 : 0.3276"
"8,14 : 0.5831"
"14,8 : 0.5831"
"8,15 : 0.3471"
"15,8 : 0.3471"
"8,16 : 0.2571"
"16,8 : 0.2571"
"8,17 : 0.6507"
"17,8 : 0.6507"
"8,18 : 0.658"
"18,8 : 0.658"
"8,19 : 0.6213"
"19,8 : 0.6213"
"8,20 : 0.3966"
"20,8 : 0.3966"
"8,21 : 0.5243"
"21,8 : 0.5243"
"8,22 : 0.3068"
"22,8 : 0.3068"
"8,23 : 0.2408"
"23,8 : 0.2408"
"8,24 : 0.7201"
"24,8 : 0.7201"
"8,25 : 0.578"
"25,8 : 0.578"
"8,26 : 0.3178"
"26,8 : 0.3178"
"8,27 : 0.2193"
"27,8 : 0.2193"
"8,28 : 0.3183"
"28,8 : 0.3183"
"8,29 : 0.1204"
"29,8 : 0.1204"
"8,30 : 0.2343"
"30,8 : 0.2343"
"8,31 : 0.5394"
"31,8 : 0.5394"
"8,32 : 0.5557"
"32,8 : 0.5557"
"8,33 : 0.5408"
"33,8 : 0.5408"
"8,34 : 0.5644"
"34,8 : 0.5644"
"8,35 : 0.5"
"35,8 : 0.5"
"8,36 : 0.6501"
"36,8 : 0.6501"
"8,37 : 0.7513"
"37,8 : 0.7513"
"8,38 : 0.6412"
"38,8 : 0.6412"
"8,39 : 0.3895"
"39,8 : 0.3895"
"8,40 : 0.2657"
"40,8 : 0.2657"
"8,41 : 0.1985"
"41,8 : 0.1985"
"8,42 : 0.6303"
"42,8 : 0.6303"
"8,43 : 0.197"
"43,8 : 0.197"
"8,44 : 0.1709"
"44,8 : 0.1709"
"8,45 : 0.6008"
"45,8 : 0.6008"
"8,46 : 0.7393"
"46,8 : 0.7393"
"8,47 : 0.6851"
"47,8 : 0.6851"
"8,48 : 0.5659"
"48,8 : 0.5659"
"8,49 : 0.4401"
"49,8 : 0.4401"
"9,10 : 0.3614"
"10,9 : 0.3614"
"9,11 : 0.3195"
"11,9 : 0.3195"
"9,12 : 0.5061"
"12,9 : 0.5061"
"9,13 : 0.3734"
"13,9 : 0.3734"
"9,14 : 0.327"
"14,9 : 0.327"
"9,15 : 0.1342"
"15,9 : 0.1342"
"9,16 : 0.4919"
"16,9 : 0.4919"
"9,17 : 0.322"
"17,9 : 0.322"
"9,18 : 0.5604"
"18,9 : 0.5604"
"9,19 : 0.5818"
"19,9 : 0.5818"
"9,20 : 0.5192"
"20,9 : 0.5192"
"9,21 : 0.5124"
"21,9 : 0.5124"
"9,22 : 0.0906"
"22,9 : 0.0906"
"9,23 : 0.5749"
"23,9 : 0.5749"
"9,24 : 0.461"
"24,9 : 0.461"
"9,25 : 0.528"
"25,9 : 0.528"
"9,26 : 0.1237"
"26,9 : 0.1237"
"9,27 : 0.1334"
"27,9 : 0.1334"
"9,28 : 0.5109"
"28,9 : 0.5109"
"9,29 : 0.4472"
"29,9 : 0.4472"
"9,30 : 0.1077"
"30,9 : 0.1077"
"9,31 : 0.2657"
"31,9 : 0.2657"
"9,32 : 0.5108"
"32,9 : 0.5108"
"9,33 : 0.5604"
"33,9 : 0.5604"
"9,34 : 0.3046"
"34,9 : 0.3046"
"9,35 : 0.5045"
"35,9 : 0.5045"
"9,36 : 0.4115"
"36,9 : 0.4115"
"9,37 : 0.4179"
"37,9 : 0.4179"
"9,38 : 0.39"
"38,9 : 0.39"
"9,39 : 0.0707"
"39,9 : 0.0707"
"9,40 : 0.1992"
"40,9 : 0.1992"
"9,41 : 0.1552"
"41,9 : 0.1552"
"9,42 : 0.5325"
"42,9 : 0.5325"
"9,43 : 0.4206"
"43,9 : 0.4206"
"9,44 : 0.3413"
"44,9 : 0.3413"
"9,45 : 0.6044"
"45,9 : 0.6044"
"9,46 : 0.4025"
"46,9 : 0.4025"
"9,47 : 0.3929"
"47,9 : 0.3929"
"9,48 : 0.2385"
"48,9 : 0.2385"
"9,49 : 0.4919"
"49,9 : 0.4919"
"10,11 : 0.6031"
"11,10 : 0.6031"
"10,12 : 0.3126"
"12,10 : 0.3126"
"10,13 : 0.7338"
"13,10 : 0.7338"
"10,14 : 0.064"
"14,10 : 0.064"
"10,15 : 0.2915"
"15,10 : 0.2915"
"10,16 : 0.6689"
"16,10 : 0.6689"
"10,17 : 0.3848"
"17,10 : 0.3848"
"10,18 : 0.3712"
"18,10 : 0.3712"
"10,19 : 0.4535"
"19,10 : 0.4535"
"10,20 : 0.8806"
"20,10 : 0.8806"
"10,21 : 0.4472"
"21,10 : 0.4472"
"10,22 : 0.34"
"22,10 : 0.34"
"10,23 : 0.8382"
"23,10 : 0.8382"
"10,24 : 0.6363"
"24,10 : 0.6363"
"10,25 : 0.4111"
"25,10 : 0.4111"
"10,26 : 0.3214"
"26,10 : 0.3214"
"10,27 : 0.4837"
"27,10 : 0.4837"
"10,28 : 0.8683"
"28,10 : 0.8683"
"10,29 : 0.758"
"29,10 : 0.758"
"10,30 : 0.4528"
"30,10 : 0.4528"
"10,31 : 0.1"
"31,10 : 0.1"
"10,32 : 0.4085"
"32,10 : 0.4085"
"10,33 : 0.9079"
"33,10 : 0.9079"
"10,34 : 0.0762"
"34,10 : 0.0762"
"10,35 : 0.4614"
"35,10 : 0.4614"
"10,36 : 0.0922"
"36,10 : 0.0922"
"10,37 : 0.2433"
"37,10 : 0.2433"
"10,38 : 0.0608"
"38,10 : 0.0608"
"10,39 : 0.3758"
"39,10 : 0.3758"
"10,40 : 0.5604"
"40,10 : 0.5604"
"10,41 : 0.5025"
"41,10 : 0.5025"
"10,42 : 0.8387"
"42,10 : 0.8387"
"10,43 : 0.6172"
"43,10 : 0.6172"
"10,44 : 0.6926"
"44,10 : 0.6926"
"10,45 : 0.9451"
"45,10 : 0.9451"
"10,46 : 0.2702"
"46,10 : 0.2702"
"10,47 : 0.5324"
"47,10 : 0.5324"
"10,48 : 0.364"
"48,10 : 0.364"
"10,49 : 0.8486"
"49,10 : 0.8486"
"11,12 : 0.8163"
"12,11 : 0.8163"
"11,13 : 0.2941"
"13,11 : 0.2941"
"11,14 : 0.5941"
"14,11 : 0.5941"
"11,15 : 0.4531"
"15,11 : 0.4531"
"11,16 : 0.7481"
"16,11 : 0.7481"
"11,17 : 0.3027"
"17,11 : 0.3027"
"11,18 : 0.8732"
"18,11 : 0.8732"
"11,19 : 0.9008"
"19,11 : 0.9008"
"11,20 : 0.4215"
"20,11 : 0.4215"
"11,21 : 0.8317"
"21,11 : 0.8317"
"11,22 : 0.408"
"22,11 : 0.408"
"11,23 : 0.7469"
"23,11 : 0.7469"
"11,24 : 0.2126"
"24,11 : 0.2126"
"11,25 : 0.8469"
"25,11 : 0.8469"
"11,26 : 0.4427"
"26,11 : 0.4427"
"11,27 : 0.3306"
"27,11 : 0.3306"
"11,28 : 0.4826"
"28,11 : 0.4826"
"11,29 : 0.578"
"29,11 : 0.578"
"11,30 : 0.3401"
"30,11 : 0.3401"
"11,31 : 0.5308"
"31,11 : 0.5308"
"11,32 : 0.8301"
"32,11 : 0.8301"
"11,33 : 0.3506"
"33,11 : 0.3506"
"11,34 : 0.5731"
"34,11 : 0.5731"
"11,35 : 0.8228"
"35,11 : 0.8228"
"11,36 : 0.6788"
"36,11 : 0.6788"
"11,37 : 0.522"
"37,11 : 0.522"
"11,38 : 0.6507"
"38,11 : 0.6507"
"11,39 : 0.2594"
"39,11 : 0.2594"
"11,40 : 0.253"
"40,11 : 0.253"
"11,41 : 0.3423"
"41,11 : 0.3423"
"11,42 : 0.236"
"42,11 : 0.236"
"11,43 : 0.676"
"43,11 : 0.676"
"11,44 : 0.4022"
"44,11 : 0.4022"
"11,45 : 0.3688"
"45,11 : 0.3688"
"11,46 : 0.4851"
"46,11 : 0.4851"
"11,47 : 0.2247"
"47,11 : 0.2247"
"11,48 : 0.26"
"48,11 : 0.26"
"11,49 : 0.3396"
"49,11 : 0.3396"
"12,13 : 0.8465"
"13,12 : 0.8465"
"12,14 : 0.2702"
"14,12 : 0.2702"
"12,15 : 0.3754"
"15,12 : 0.3754"
"12,16 : 0.5315"
"16,12 : 0.5315"
"12,17 : 0.6708"
"17,12 : 0.6708"
"12,18 : 0.0608"
"18,12 : 0.0608"
"12,19 : 0.1476"
"19,12 : 0.1476"
"12,20 : 0.9735"
"20,12 : 0.9735"
"12,21 : 0.1836"
"21,12 : 0.1836"
"12,22 : 0.4314"
"22,12 : 0.4314"
"12,23 : 0.7506"
"23,12 : 0.7506"
"12,24 : 0.9044"
"24,12 : 0.9044"
"12,25 : 0.1204"
"25,12 : 0.1204"
"12,26 : 0.396"
"26,12 : 0.396"
"12,27 : 0.5749"
"27,12 : 0.5749"
"12,28 : 0.9259"
"28,12 : 0.9259"
"12,29 : 0.7376"
"29,12 : 0.7376"
"12,30 : 0.5456"
"30,12 : 0.5456"
"12,31 : 0.3158"
"31,12 : 0.3158"
"12,32 : 0.1304"
"32,12 : 0.1304"
"12,33 : 1.0542"
"33,12 : 1.0542"
"12,34 : 0.2816"
"34,12 : 0.2816"
"12,35 : 0.2102"
"35,12 : 0.2102"
"12,36 : 0.228"
"36,12 : 0.228"
"12,37 : 0.5558"
"37,12 : 0.5558"
"12,38 : 0.255"
"38,12 : 0.255"
"12,39 : 0.5576"
"39,12 : 0.5576"
"12,40 : 0.6794"
"40,12 : 0.6794"
"12,41 : 0.5841"
"41,12 : 0.5841"
"12,42 : 1.0381"
"42,12 : 1.0381"
"12,43 : 0.5109"
"43,12 : 0.5109"
"12,44 : 0.7479"
"44,12 : 0.7479"
"12,45 : 1.1031"
"45,12 : 1.1031"
"12,46 : 0.5822"
"46,12 : 0.5822"
"12,47 : 0.8078"
"47,12 : 0.8078"
"12,48 : 0.6264"
"48,12 : 0.6264"
"12,49 : 0.9731"
"49,12 : 0.9731"
"13,14 : 0.7001"
"14,13 : 0.7001"
"13,15 : 0.4802"
"15,13 : 0.4802"
"13,16 : 0.5846"
"16,13 : 0.5846"
"13,17 : 0.5554"
"17,13 : 0.5554"
"13,18 : 0.8927"
"18,13 : 0.8927"
"13,19 : 0.8853"
"19,13 : 0.8853"
"13,20 : 0.1503"
"20,13 : 0.1503"
"13,21 : 0.7965"
"21,13 : 0.7965"
"13,22 : 0.4219"
"22,13 : 0.4219"
"13,23 : 0.508"
"23,13 : 0.508"
"13,24 : 0.5033"
"24,13 : 0.5033"
"13,25 : 0.8349"
"25,13 : 0.8349"
"13,26 : 0.4549"
"26,13 : 0.4549"
"13,27 : 0.272"
"27,13 : 0.272"
"13,28 : 0.1887"
"28,13 : 0.1887"
"13,29 : 0.3338"
"29,13 : 0.3338"
"13,30 : 0.3023"
"30,13 : 0.3023"
"13,31 : 0.6391"
"31,13 : 0.6391"
"13,32 : 0.8139"
"32,13 : 0.8139"
"13,33 : 0.2195"
"33,13 : 0.2195"
"13,34 : 0.6778"
"34,13 : 0.6778"
"13,35 : 0.778"
"35,13 : 0.778"
"13,36 : 0.7839"
"36,13 : 0.7839"
"13,37 : 0.7403"
"37,13 : 0.7403"
"13,38 : 0.7632"
"38,13 : 0.7632"
"13,39 : 0.365"
"39,13 : 0.365"
"13,40 : 0.1746"
"40,13 : 0.1746"
"13,41 : 0.2625"
"41,13 : 0.2625"
"13,42 : 0.314"
"42,13 : 0.314"
"13,43 : 0.522"
"43,13 : 0.522"
"13,44 : 0.1603"
"44,13 : 0.1603"
"13,45 : 0.2773"
"45,13 : 0.2773"
"13,46 : 0.7118"
"46,13 : 0.7118"
"13,47 : 0.5148"
"47,13 : 0.5148"
"13,48 : 0.4851"
"48,13 : 0.4851"
"13,49 : 0.1273"
"49,13 : 0.1273"
"14,15 : 0.2402"
"15,14 : 0.2402"
"14,16 : 0.6054"
"16,14 : 0.6054"
"14,17 : 0.4052"
"17,14 : 0.4052"
"14,18 : 0.3306"
"18,14 : 0.3306"
"14,19 : 0.4045"
"19,14 : 0.4045"
"14,20 : 0.8443"
"20,14 : 0.8443"
"14,21 : 0.39"
"21,14 : 0.39"
"14,22 : 0.2927"
"22,14 : 0.2927"
"14,23 : 0.7779"
"23,14 : 0.7779"
"14,24 : 0.6488"
"24,14 : 0.6488"
"14,25 : 0.359"
"25,14 : 0.359"
"14,26 : 0.2702"
"26,14 : 0.2702"
"14,27 : 0.4415"
"27,14 : 0.4415"
"14,28 : 0.8257"
"28,14 : 0.8257"
"14,29 : 0.7035"
"29,14 : 0.7035"
"14,30 : 0.41"
"30,14 : 0.41"
"14,31 : 0.064"
"31,14 : 0.064"
"14,32 : 0.3544"
"32,14 : 0.3544"
"14,33 : 0.8832"
"33,14 : 0.8832"
"14,34 : 0.0224"
"34,14 : 0.0224"
"14,35 : 0.4025"
"35,14 : 0.4025"
"14,36 : 0.086"
"36,14 : 0.086"
"14,37 : 0.2941"
"37,14 : 0.2941"
"14,38 : 0.0632"
"38,14 : 0.0632"
"14,39 : 0.3523"
"39,14 : 0.3523"
"14,40 : 0.5255"
"40,14 : 0.5255"
"14,41 : 0.4589"
"41,14 : 0.4589"
"14,42 : 0.8276"
"42,14 : 0.8276"
"14,43 : 0.5546"
"43,14 : 0.5546"
"14,44 : 0.6478"
"44,14 : 0.6478"
"14,45 : 0.9236"
"45,14 : 0.9236"
"14,46 : 0.3158"
"46,14 : 0.3158"
"14,47 : 0.5478"
"47,14 : 0.5478"
"14,48 : 0.3712"
"48,14 : 0.3712"
"14,49 : 0.8186"
"49,14 : 0.8186"
"15,16 : 0.4252"
"16,15 : 0.4252"
"15,17 : 0.4016"
"17,15 : 0.4016"
"15,18 : 0.428"
"18,15 : 0.428"
"15,19 : 0.4478"
"19,15 : 0.4478"
"15,20 : 0.6174"
"20,15 : 0.6174"
"15,21 : 0.3808"
"21,15 : 0.3808"
"15,22 : 0.0583"
"22,15 : 0.0583"
"15,23 : 0.559"
"23,15 : 0.559"
"15,24 : 0.5808"
"24,15 : 0.5808"
"15,25 : 0.394"
"25,15 : 0.394"
"15,26 : 0.03"
"26,15 : 0.03"
"15,27 : 0.2102"
"27,15 : 0.2102"
"15,28 : 0.5894"
"28,15 : 0.5894"
"15,29 : 0.4669"
"29,15 : 0.4669"
"15,30 : 0.1789"
"30,15 : 0.1789"
"15,31 : 0.1924"
"31,15 : 0.1924"
"15,32 : 0.377"
"32,15 : 0.377"
"15,33 : 0.6812"
"33,15 : 0.6812"
"15,34 : 0.22"
"34,15 : 0.22"
"15,35 : 0.3748"
"35,15 : 0.3748"
"15,36 : 0.3158"
"36,15 : 0.3158"
"15,37 : 0.4264"
"37,15 : 0.4264"
"15,38 : 0.3015"
"38,15 : 0.3015"
"15,39 : 0.1965"
"39,15 : 0.1965"
"15,40 : 0.3081"
"40,15 : 0.3081"
"15,41 : 0.2247"
"41,15 : 0.2247"
"15,42 : 0.6657"
"42,15 : 0.6657"
"15,43 : 0.3607"
"43,15 : 0.3607"
"15,44 : 0.41"
"44,15 : 0.41"
"15,45 : 0.7286"
"45,15 : 0.7286"
"15,46 : 0.4243"
"46,15 : 0.4243"
"15,47 : 0.5016"
"47,15 : 0.5016"
"15,48 : 0.3276"
"48,15 : 0.3276"
"15,49 : 0.6046"
"49,15 : 0.6046"
"16,17 : 0.8112"
"17,16 : 0.8112"
"16,18 : 0.5404"
"18,16 : 0.5404"
"16,19 : 0.4687"
"19,16 : 0.4687"
"16,20 : 0.644"
"20,16 : 0.644"
"16,21 : 0.3734"
"21,16 : 0.3734"
"16,22 : 0.4188"
"22,16 : 0.4188"
"16,23 : 0.2309"
"23,16 : 0.2309"
"16,24 : 0.9341"
"24,16 : 0.9341"
"16,25 : 0.4418"
"25,16 : 0.4418"
"16,26 : 0.4061"
"26,16 : 0.4061"
"16,27 : 0.4198"
"27,16 : 0.4198"
"16,28 : 0.5523"
"28,16 : 0.5523"
"16,29 : 0.3"
"29,16 : 0.3"
"16,30 : 0.4176"
"30,16 : 0.4176"
"16,31 : 0.586"
"31,16 : 0.586"
"16,32 : 0.4211"
"32,16 : 0.4211"
"16,33 : 0.797"
"33,16 : 0.797"
"16,34 : 0.5936"
"34,16 : 0.5936"
"16,35 : 0.3437"
"35,16 : 0.3437"
"16,36 : 0.6447"
"36,16 : 0.6447"
"16,37 : 0.8486"
"37,16 : 0.8486"
"16,38 : 0.6485"
"38,16 : 0.6485"
"16,39 : 0.5595"
"39,16 : 0.5595"
"16,40 : 0.5009"
"40,16 : 0.5009"
"16,41 : 0.4061"
"41,16 : 0.4061"
"16,42 : 0.8836"
"42,16 : 0.8836"
"16,43 : 0.0728"
"43,16 : 0.0728"
"16,44 : 0.4272"
"44,16 : 0.4272"
"16,45 : 0.8573"
"45,16 : 0.8573"
"16,46 : 0.849"
"46,16 : 0.849"
"16,47 : 0.8802"
"47,16 : 0.8802"
"16,48 : 0.7295"
"48,16 : 0.7295"
"16,49 : 0.6957"
"49,16 : 0.6957"
"17,18 : 0.7316"
"18,17 : 0.7316"
"17,19 : 0.7916"
"19,17 : 0.7916"
"17,20 : 0.7004"
"20,17 : 0.7004"
"17,21 : 0.7511"
"21,17 : 0.7511"
"17,22 : 0.3936"
"22,17 : 0.3936"
"17,23 : 0.891"
"23,17 : 0.891"
"17,24 : 0.2561"
"24,17 : 0.2561"
"17,25 : 0.7406"
"25,17 : 0.7406"
"17,26 : 0.4123"
"26,17 : 0.4123"
"17,27 : 0.4319"
"27,17 : 0.4319"
"17,28 : 0.7368"
"28,17 : 0.7368"
"17,29 : 0.7481"
"29,17 : 0.7481"
"17,30 : 0.4173"
"30,17 : 0.4173"
"17,31 : 0.3551"
"31,17 : 0.3551"
"17,32 : 0.7301"
"32,17 : 0.7301"
"17,33 : 0.6528"
"33,17 : 0.6528"
"17,34 : 0.3905"
"34,17 : 0.3905"
"17,35 : 0.7533"
"35,17 : 0.7533"
"17,36 : 0.4754"
"36,17 : 0.4754"
"17,37 : 0.2283"
"37,17 : 0.2283"
"17,38 : 0.4438"
"38,17 : 0.4438"
"17,39 : 0.2617"
"39,17 : 0.2617"
"17,40 : 0.4294"
"40,17 : 0.4294"
"17,41 : 0.4534"
"41,17 : 0.4534"
"17,42 : 0.522"
"42,17 : 0.522"
"17,43 : 0.7409"
"43,17 : 0.7409"
"17,44 : 0.6042"
"44,17 : 0.6042"
"17,45 : 0.6708"
"45,17 : 0.6708"
"17,46 : 0.1879"
"46,17 : 0.1879"
"17,47 : 0.15"
"47,17 : 0.15"
"17,48 : 0.0849"
"48,17 : 0.0849"
"17,49 : 0.6313"
"49,17 : 0.6313"
"18,19 : 0.1063"
"19,18 : 0.1063"
"18,20 : 1.0161"
"20,18 : 1.0161"
"18,21 : 0.1726"
"21,18 : 0.1726"
"18,22 : 0.4827"
"22,18 : 0.4827"
"18,23 : 0.7653"
"23,18 : 0.7653"
"18,24 : 0.9646"
"24,18 : 0.9646"
"18,25 : 0.102"
"25,18 : 0.102"
"18,26 : 0.4469"
"26,18 : 0.4469"
"18,27 : 0.6224"
"27,18 : 0.6224"
"18,28 : 0.9638"
"28,18 : 0.9638"
"18,29 : 0.7655"
"29,18 : 0.7655"
"18,30 : 0.594"
"30,18 : 0.594"
"18,31 : 0.3766"
"31,18 : 0.3766"
"18,32 : 0.1204"
"32,18 : 0.1204"
"18,33 : 1.1031"
"33,18 : 1.1031"
"18,34 : 0.3423"
"34,18 : 0.3423"
"18,35 : 0.2022"
"35,18 : 0.2022"
"18,36 : 0.2844"
"36,18 : 0.2844"
"18,37 : 0.614"
"37,18 : 0.614"
"18,38 : 0.3126"
"38,18 : 0.3126"
"18,39 : 0.614"
"39,18 : 0.614"
"18,40 : 0.7284"
"40,18 : 0.7284"
"18,41 : 0.6303"
"41,18 : 0.6303"
"18,42 : 1.0929"
"42,18 : 1.0929"
"18,43 : 0.5277"
"43,18 : 0.5277"
"18,44 : 0.7877"
"44,18 : 0.7877"
"18,45 : 1.1531"
"45,18 : 1.1531"
"18,46 : 0.6412"
"46,18 : 0.6412"
"18,47 : 0.8683"
"47,18 : 0.8683"
"18,48 : 0.6868"
"48,18 : 0.6868"
"18,49 : 1.0198"
"49,18 : 1.0198"
"19,20 : 0.9982"
"20,19 : 0.9982"
"19,21 : 0.0985"
"21,19 : 0.0985"
"19,22 : 0.4965"
"22,19 : 0.4965"
"19,23 : 0.6986"
"23,19 : 0.6986"
"19,24 : 1.012"
"24,19 : 1.012"
"19,25 : 0.0539"
"25,19 : 0.0539"
"19,26 : 0.4607"
"26,19 : 0.4607"
"19,27 : 0.622"
"27,19 : 0.622"
"19,28 : 0.936"
"28,19 : 0.936"
"19,29 : 0.7201"
"29,19 : 0.7201"
"19,30 : 0.5964"
"30,19 : 0.5964"
"19,31 : 0.4401"
"31,19 : 0.4401"
"19,32 : 0.0721"
"32,19 : 0.0721"
"19,33 : 1.1011"
"33,19 : 1.1011"
"19,34 : 0.4119"
"34,19 : 0.4119"
"19,35 : 0.1265"
"35,19 : 0.1265"
"19,36 : 0.3734"
"36,19 : 0.3734"
"19,37 : 0.6963"
"37,19 : 0.6963"
"19,38 : 0.3985"
"38,19 : 0.3985"
"19,39 : 0.6426"
"39,19 : 0.6426"
"19,40 : 0.7301"
"40,19 : 0.7301"
"19,41 : 0.6263"
"41,19 : 0.6263"
"19,42 : 1.1102"
"42,19 : 1.1102"
"19,43 : 0.4682"
"43,19 : 0.4682"
"19,44 : 0.7658"
"44,19 : 0.7658"
"19,45 : 1.1542"
"45,19 : 1.1542"
"19,46 : 0.7201"
"46,19 : 0.7201"
"19,47 : 0.9207"
"47,19 : 0.9207"
"19,48 : 0.7382"
"48,19 : 0.7382"
"19,49 : 1.0124"
"49,19 : 1.0124"
"20,21 : 0.9052"
"21,20 : 0.9052"
"20,22 : 0.5595"
"22,20 : 0.5595"
"20,23 : 0.5135"
"23,20 : 0.5135"
"20,24 : 0.6191"
"24,20 : 0.6191"
"20,25 : 0.9502"
"25,20 : 0.9502"
"20,26 : 0.5903"
"26,20 : 0.5903"
"20,27 : 0.4072"
"27,20 : 0.4072"
"20,28 : 0.1105"
"28,20 : 0.1105"
"20,29 : 0.3544"
"29,20 : 0.3544"
"20,30 : 0.4386"
"30,20 : 0.4386"
"20,31 : 0.7845"
"31,20 : 0.7845"
"20,32 : 0.9285"
"32,20 : 0.9285"
"20,33 : 0.1844"
"33,20 : 0.1844"
"20,34 : 0.8222"
"34,20 : 0.8222"
"20,35 : 0.8839"
"35,20 : 0.8839"
"20,36 : 0.927"
"36,20 : 0.927"
"20,37 : 0.8901"
"37,20 : 0.8901"
"20,38 : 0.9076"
"38,20 : 0.9076"
"20,39 : 0.5148"
"39,20 : 0.5148"
"20,40 : 0.3202"
"40,20 : 0.3202"
"20,41 : 0.3936"
"41,20 : 0.3936"
"20,42 : 0.3606"
"42,20 : 0.3606"
"20,43 : 0.5917"
"43,20 : 0.5917"
"20,44 : 0.2335"
"44,20 : 0.2335"
"20,45 : 0.2419"
"45,20 : 0.2419"
"20,46 : 0.8609"
"46,20 : 0.8609"
"20,47 : 0.6462"
"47,20 : 0.6462"
"20,48 : 0.6329"
"48,20 : 0.6329"
"20,49 : 0.1"
"49,20 : 0.1"
"21,22 : 0.4238"
"22,21 : 0.4238"
"21,23 : 0.6021"
"23,21 : 0.6021"
"21,24 : 0.9575"
"24,21 : 0.9575"
"21,25 : 0.0707"
"25,21 : 0.0707"
"21,26 : 0.389"
"26,21 : 0.389"
"21,27 : 0.5385"
"27,21 : 0.5385"
"21,28 : 0.8402"
"28,21 : 0.8402"
"21,29 : 0.6218"
"29,21 : 0.6218"
"21,30 : 0.5148"
"30,21 : 0.5148"
"21,31 : 0.4123"
"31,21 : 0.4123"
"21,32 : 0.0539"
"32,21 : 0.0539"
"21,33 : 1.014"
"33,21 : 1.014"
"21,34 : 0.3922"
"34,21 : 0.3922"
"21,35 : 0.03"
"35,21 : 0.03"
"21,36 : 0.3801"
"36,21 : 0.3801"
"21,37 : 0.6835"
"37,21 : 0.6835"
"21,38 : 0.3996"
"38,21 : 0.3996"
"21,39 : 0.5772"
"39,21 : 0.5772"
"21,40 : 0.6466"
"40,21 : 0.6466"
"21,41 : 0.5408"
"41,21 : 0.5408"
"21,42 : 1.0332"
"42,21 : 1.0332"
"21,43 : 0.37"
"43,21 : 0.37"
"21,44 : 0.6721"
"44,21 : 0.6721"
"21,45 : 1.0683"
"45,21 : 1.0683"
"21,46 : 0.7021"
"46,21 : 0.7021"
"21,47 : 0.8714"
"47,21 : 0.8714"
"21,48 : 0.6903"
"48,21 : 0.6903"
"21,49 : 0.9231"
"49,21 : 0.9231"
"22,23 : 0.53"
"23,22 : 0.53"
"22,24 : 0.5504"
"24,22 : 0.5504"
"22,25 : 0.4429"
"25,22 : 0.4429"
"22,26 : 0.0361"
"26,22 : 0.0361"
"22,27 : 0.1523"
"27,22 : 0.1523"
"22,28 : 0.5337"
"28,22 : 0.5337"
"22,29 : 0.4245"
"29,22 : 0.4245"
"22,30 : 0.1208"
"30,22 : 0.1208"
"22,31 : 0.24"
"31,22 : 0.24"
"22,32 : 0.4249"
"32,22 : 0.4249"
"22,33 : 0.6237"
"33,22 : 0.6237"
"22,34 : 0.2717"
"34,22 : 0.2717"
"22,35 : 0.4148"
"35,22 : 0.4148"
"22,36 : 0.3711"
"36,22 : 0.3711"
"22,37 : 0.4494"
"37,22 : 0.4494"
"22,38 : 0.3551"
"38,22 : 0.3551"
"22,39 : 0.16"
"39,22 : 0.16"
"22,40 : 0.25"
"40,22 : 0.25"
"22,41 : 0.1676"
"41,22 : 0.1676"
"22,42 : 0.614"
"42,22 : 0.614"
"22,43 : 0.35"
"43,22 : 0.35"
"22,44 : 0.3551"
"44,22 : 0.3551"
"22,45 : 0.6718"
"45,22 : 0.6718"
"22,46 : 0.442"
"46,22 : 0.442"
"22,47 : 0.4785"
"47,22 : 0.4785"
"22,48 : 0.3138"
"48,22 : 0.3138"
"22,49 : 0.5464"
"49,22 : 0.5464"
"23,24 : 0.9538"
"24,23 : 0.9538"
"23,25 : 0.6691"
"25,23 : 0.6691"
"23,26 : 0.5324"
"26,23 : 0.5324"
"23,27 : 0.4601"
"27,23 : 0.4601"
"23,28 : 0.4061"
"28,23 : 0.4061"
"23,29 : 0.1746"
"29,23 : 0.1746"
"23,30 : 0.4738"
"30,23 : 0.4738"
"23,31 : 0.7446"
"31,23 : 0.7446"
"23,32 : 0.6478"
"32,23 : 0.6478"
"23,33 : 0.6903"
"33,23 : 0.6903"
"23,34 : 0.7622"
"34,23 : 0.7622"
"23,35 : 0.5727"
"35,23 : 0.5727"
"23,36 : 0.832"
"36,23 : 0.832"
"23,37 : 0.9794"
"37,23 : 0.9794"
"23,38 : 0.8297"
"38,23 : 0.8297"
"23,39 : 0.6294"
"39,23 : 0.6294"
"23,40 : 0.4974"
"40,23 : 0.4974"
"23,41 : 0.4393"
"41,23 : 0.4393"
"23,42 : 0.822"
"42,23 : 0.822"
"23,43 : 0.24"
"43,23 : 0.24"
"23,44 : 0.3544"
"44,23 : 0.3544"
"23,45 : 0.7506"
"45,23 : 0.7506"
"23,46 : 0.9708"
"46,23 : 0.9708"
"23,47 : 0.9242"
"47,23 : 0.9242"
"23,48 : 0.8061"
"48,23 : 0.8061"
"23,49 : 0.59"
"49,23 : 0.59"
"24,25 : 0.959"
"25,24 : 0.959"
"24,26 : 0.58"
"26,24 : 0.58"
"24,27 : 0.5155"
"27,24 : 0.5155"
"24,28 : 0.6903"
"28,24 : 0.6903"
"24,29 : 0.7877"
"29,24 : 0.7877"
"24,30 : 0.5166"
"30,24 : 0.5166"
"24,31 : 0.5924"
"31,24 : 0.5924"
"24,32 : 0.9454"
"32,24 : 0.9454"
"24,33 : 0.5096"
"33,24 : 0.5096"
"24,34 : 0.6316"
"34,24 : 0.6316"
"24,35 : 0.9543"
"35,24 : 0.9543"
"24,36 : 0.7247"
"36,24 : 0.7247"
"24,37 : 0.4751"
"37,24 : 0.4751"
"24,38 : 0.6935"
"38,24 : 0.6935"
"24,39 : 0.3905"
"39,24 : 0.3905"
"24,40 : 0.4565"
"40,24 : 0.4565"
"24,41 : 0.5314"
"41,24 : 0.5314"
"24,42 : 0.3306"
"42,24 : 0.3306"
"24,43 : 0.8613"
"43,24 : 0.8613"
"24,44 : 0.614"
"44,24 : 0.614"
"24,45 : 0.5064"
"45,24 : 0.5064"
"24,46 : 0.4328"
"46,24 : 0.4328"
"24,47 : 0.1063"
"47,24 : 0.1063"
"24,48 : 0.2786"
"48,24 : 0.2786"
"24,49 : 0.5277"
"49,24 : 0.5277"
"25,26 : 0.4071"
"26,25 : 0.4071"
"25,27 : 0.5701"
"27,25 : 0.5701"
"25,28 : 0.8905"
"28,25 : 0.8905"
"25,29 : 0.6803"
"29,25 : 0.6803"
"25,30 : 0.5441"
"30,25 : 0.5441"
"25,31 : 0.3912"
"31,25 : 0.3912"
"25,32 : 0.0224"
"32,25 : 0.0224"
"25,33 : 1.05"
"33,25 : 1.05"
"25,34 : 0.365"
"34,25 : 0.365"
"25,35 : 0.1005"
"35,25 : 0.1005"
"25,36 : 0.3354"
"36,25 : 0.3354"
"25,37 : 0.6525"
"37,25 : 0.6525"
"25,38 : 0.3585"
"38,25 : 0.3585"
"25,39 : 0.5887"
"39,25 : 0.5887"
"25,40 : 0.678"
"40,25 : 0.678"
"25,41 : 0.5749"
"41,25 : 0.5749"
"25,42 : 1.0568"
"42,25 : 1.0568"
"25,43 : 0.4342"
"43,25 : 0.4342"
"25,44 : 0.7184"
"44,25 : 0.7184"
"25,45 : 1.1026"
"45,25 : 1.1026"
"25,46 : 0.6747"
"46,25 : 0.6747"
"25,47 : 0.8683"
"47,25 : 0.8683"
"25,48 : 0.6859"
"48,25 : 0.6859"
"25,49 : 0.9621"
"49,25 : 0.9621"
"26,27 : 0.1836"
"27,26 : 0.1836"
"26,28 : 0.5604"
"28,26 : 0.5604"
"26,29 : 0.4374"
"29,26 : 0.4374"
"26,30 : 0.1526"
"30,26 : 0.1526"
"26,31 : 0.222"
"31,26 : 0.222"
"26,32 : 0.3891"
"32,26 : 0.3891"
"26,33 : 0.6586"
"33,26 : 0.6586"
"26,34 : 0.25"
"34,26 : 0.25"
"26,35 : 0.3808"
"35,26 : 0.3808"
"26,36 : 0.3453"
"36,26 : 0.3453"
"26,37 : 0.45"
"37,26 : 0.45"
"26,38 : 0.3314"
"38,26 : 0.3314"
"26,39 : 0.191"
"39,26 : 0.191"
"26,40 : 0.2843"
"40,26 : 0.2843"
"26,41 : 0.197"
"41,26 : 0.197"
"26,42 : 0.65"
"42,26 : 0.65"
"26,43 : 0.3397"
"43,26 : 0.3397"
"26,44 : 0.3808"
"44,26 : 0.3808"
"26,45 : 0.7071"
"45,26 : 0.7071"
"26,46 : 0.446"
"46,26 : 0.446"
"26,47 : 0.5049"
"47,26 : 0.5049"
"26,48 : 0.3353"
"48,26 : 0.3353"
"26,49 : 0.5801"
"49,26 : 0.5801"
"27,28 : 0.3847"
"28,27 : 0.3847"
"27,29 : 0.3191"
"29,27 : 0.3191"
"27,30 : 0.0316"
"30,27 : 0.0316"
"27,31 : 0.3847"
"31,27 : 0.3847"
"27,32 : 0.55"
"32,27 : 0.55"
"27,33 : 0.481"
"33,27 : 0.481"
"27,34 : 0.4198"
"34,27 : 0.4198"
"27,35 : 0.5235"
"35,27 : 0.5235"
"27,36 : 0.522"
"36,27 : 0.522"
"27,37 : 0.5503"
"37,27 : 0.5503"
"27,38 : 0.5045"
"38,27 : 0.5045"
"27,39 : 0.172"
"39,27 : 0.172"
"27,40 : 0.1082"
"40,27 : 0.1082"
"27,41 : 0.0224"
"41,27 : 0.0224"
"27,42 : 0.4998"
"42,27 : 0.4998"
"27,43 : 0.3471"
"43,27 : 0.3471"
"27,44 : 0.21"
"44,27 : 0.21"
"27,45 : 0.5326"
"45,27 : 0.5326"
"27,46 : 0.5331"
"46,27 : 0.5331"
"27,47 : 0.4701"
"47,27 : 0.4701"
"27,48 : 0.3471"
"48,27 : 0.3471"
"27,49 : 0.3982"
"49,27 : 0.3982"
"28,29 : 0.255"
"29,28 : 0.255"
"28,30 : 0.4159"
"30,28 : 0.4159"
"28,31 : 0.7694"
"31,28 : 0.7694"
"28,32 : 0.8684"
"32,28 : 0.8684"
"28,33 : 0.2943"
"33,28 : 0.2943"
"28,34 : 0.8041"
"34,28 : 0.8041"
"28,35 : 0.8169"
"35,28 : 0.8169"
"28,36 : 0.9047"
"36,28 : 0.9047"
"28,37 : 0.908"
"37,28 : 0.908"
"28,38 : 0.8884"
"38,28 : 0.8884"
"28,39 : 0.5215"
"39,28 : 0.5215"
"28,40 : 0.3214"
"40,28 : 0.3214"
"28,41 : 0.3667"
"41,28 : 0.3667"
"28,42 : 0.4607"
"42,28 : 0.4607"
"28,43 : 0.5061"
"43,28 : 0.5061"
"28,44 : 0.1803"
"44,28 : 0.1803"
"28,45 : 0.3523"
"45,28 : 0.3523"
"28,46 : 0.8828"
"46,28 : 0.8828"
"28,47 : 0.7033"
"47,28 : 0.7033"
"28,48 : 0.6622"
"48,28 : 0.6622"
"28,49 : 0.2025"
"49,28 : 0.2025"
"29,30 : 0.34"
"30,29 : 0.34"
"29,31 : 0.6592"
"31,29 : 0.6592"
"29,32 : 0.658"
"32,29 : 0.658"
"29,33 : 0.5235"
"33,29 : 0.5235"
"29,34 : 0.6847"
"34,29 : 0.6847"
"29,35 : 0.5954"
"35,29 : 0.5954"
"29,36 : 0.7703"
"36,29 : 0.7703"
"29,37 : 0.8641"
"37,29 : 0.8641"
"29,38 : 0.7616"
"38,29 : 0.7616"
"29,39 : 0.4909"
"39,29 : 0.4909"
"29,40 : 0.3342"
"40,29 : 0.3342"
"29,41 : 0.2968"
"41,29 : 0.2968"
"29,42 : 0.6478"
"42,29 : 0.6478"
"29,43 : 0.2625"
"43,29 : 0.2625"
"29,44 : 0.1803"
"44,29 : 0.1803"
"29,45 : 0.5842"
"45,29 : 0.5842"
"29,46 : 0.8497"
"46,29 : 0.8497"
"29,47 : 0.7658"
"47,29 : 0.7658"
"29,48 : 0.664"
"48,29 : 0.664"
"29,49 : 0.4219"
"49,29 : 0.4219"
"30,31 : 0.3536"
"31,30 : 0.3536"
"30,32 : 0.5243"
"32,30 : 0.5243"
"30,33 : 0.5091"
"33,30 : 0.5091"
"30,34 : 0.3883"
"34,30 : 0.3883"
"30,35 : 0.5009"
"35,30 : 0.5009"
"30,36 : 0.4904"
"36,30 : 0.4904"
"30,37 : 0.5255"
"37,30 : 0.5255"
"30,38 : 0.473"
"38,30 : 0.473"
"30,39 : 0.1556"
"39,30 : 0.1556"
"30,40 : 0.1345"
"40,30 : 0.1345"
"30,41 : 0.05"
"41,30 : 0.05"
"30,42 : 0.52"
"42,30 : 0.52"
"30,43 : 0.3448"
"43,30 : 0.3448"
"30,44 : 0.2402"
"44,30 : 0.2402"
"30,45 : 0.5597"
"45,30 : 0.5597"
"30,46 : 0.5099"
"46,30 : 0.5099"
"30,47 : 0.4652"
"47,30 : 0.4652"
"30,48 : 0.3324"
"48,30 : 0.3324"
"30,49 : 0.428"
"49,30 : 0.428"
"31,32 : 0.3833"
"32,31 : 0.3833"
"31,33 : 0.8199"
"33,31 : 0.8199"
"31,34 : 0.0424"
"34,31 : 0.0424"
"31,35 : 0.4206"
"35,31 : 0.4206"
"31,36 : 0.15"
"36,31 : 0.15"
"31,37 : 0.2778"
"37,31 : 0.2778"
"31,38 : 0.1253"
"38,31 : 0.1253"
"31,39 : 0.2884"
"39,31 : 0.2884"
"31,40 : 0.4649"
"40,31 : 0.4649"
"31,41 : 0.4031"
"41,31 : 0.4031"
"31,42 : 0.7638"
"42,31 : 0.7638"
"31,43 : 0.53"
"43,31 : 0.53"
"31,44 : 0.593"
"44,31 : 0.593"
"31,45 : 0.8598"
"45,31 : 0.8598"
"31,46 : 0.2915"
"46,31 : 0.2915"
"31,47 : 0.4934"
"47,31 : 0.4934"
"31,48 : 0.3138"
"48,31 : 0.3138"
"31,49 : 0.7564"
"49,31 : 0.7564"
"32,33 : 1.0294"
"33,32 : 1.0294"
"32,34 : 0.359"
"34,32 : 0.359"
"32,35 : 0.0825"
"35,32 : 0.0825"
"32,36 : 0.3362"
"36,32 : 0.3362"
"32,37 : 0.6485"
"37,32 : 0.6485"
"32,38 : 0.3578"
"38,32 : 0.3578"
"32,39 : 0.5725"
"39,32 : 0.5725"
"32,40 : 0.658"
"40,32 : 0.658"
"32,41 : 0.5544"
"41,32 : 0.5544"
"32,42 : 1.0383"
"42,32 : 1.0383"
"32,43 : 0.4123"
"43,32 : 0.4123"
"32,44 : 0.6966"
"44,32 : 0.6966"
"32,45 : 1.0823"
"45,32 : 1.0823"
"32,46 : 0.6694"
"46,32 : 0.6694"
"32,47 : 0.8559"
"47,32 : 0.8559"
"32,48 : 0.6736"
"48,32 : 0.6736"
"32,49 : 0.9411"
"49,32 : 0.9411"
"33,34 : 0.8609"
"34,33 : 0.8609"
"33,35 : 0.9962"
"35,33 : 0.9962"
"33,36 : 0.969"
"36,33 : 0.969"
"33,37 : 0.8668"
"37,33 : 0.8668"
"33,38 : 0.9451"
"38,33 : 0.9451"
"33,39 : 0.5324"
"39,33 : 0.5324"
"33,40 : 0.3748"
"40,33 : 0.3748"
"33,41 : 0.4751"
"41,33 : 0.4751"
"33,42 : 0.2"
"42,33 : 0.2"
"33,43 : 0.7374"
"43,33 : 0.7374"
"33,44 : 0.37"
"44,33 : 0.37"
"33,45 : 0.0608"
"45,33 : 0.0608"
"33,46 : 0.8319"
"46,33 : 0.8319"
"33,47 : 0.5632"
"47,33 : 0.5632"
"33,48 : 0.6021"
"48,33 : 0.6021"
"33,49 : 0.102"
"49,33 : 0.102"
"34,35 : 0.4031"
"35,34 : 0.4031"
"34,36 : 0.1082"
"36,34 : 0.1082"
"34,37 : 0.2915"
"37,34 : 0.2915"
"34,38 : 0.0854"
"38,34 : 0.0854"
"34,39 : 0.3302"
"39,34 : 0.3302"
"34,40 : 0.5033"
"40,34 : 0.5033"
"34,41 : 0.4374"
"41,34 : 0.4374"
"34,42 : 0.8062"
"42,34 : 0.8062"
"34,43 : 0.5412"
"43,34 : 0.5412"
"34,44 : 0.6265"
"44,34 : 0.6265"
"34,45 : 0.9014"
"45,34 : 0.9014"
"34,46 : 0.3105"
"46,34 : 0.3105"
"34,47 : 0.5314"
"47,34 : 0.5314"
"34,48 : 0.3534"
"48,34 : 0.3534"
"34,49 : 0.7962"
"49,34 : 0.7962"
"35,36 : 0.3982"
"36,35 : 0.3982"
"35,37 : 0.6946"
"37,35 : 0.6946"
"35,38 : 0.4162"
"38,35 : 0.4162"
"35,39 : 0.5707"
"39,35 : 0.5707"
"35,40 : 0.6313"
"40,35 : 0.6313"
"35,41 : 0.5248"
"41,35 : 0.5248"
"35,42 : 1.0204"
"42,35 : 1.0204"
"35,43 : 0.3418"
"43,35 : 0.3418"
"35,44 : 0.6505"
"44,35 : 0.6505"
"35,45 : 1.0512"
"45,35 : 1.0512"
"35,46 : 0.7117"
"46,35 : 0.7117"
"35,47 : 0.8702"
"47,35 : 0.8702"
"35,48 : 0.6901"
"48,35 : 0.6901"
"35,49 : 0.9043"
"49,35 : 0.9043"
"36,37 : 0.3306"
"37,36 : 0.3306"
"36,38 : 0.0316"
"38,36 : 0.0316"
"36,39 : 0.4383"
"39,36 : 0.4383"
"36,40 : 0.6093"
"40,36 : 0.6093"
"36,41 : 0.5385"
"41,36 : 0.5385"
"36,42 : 0.9129"
"42,36 : 0.9129"
"36,43 : 0.6008"
"43,36 : 0.6008"
"36,44 : 0.7257"
"44,36 : 0.7257"
"36,45 : 1.0096"
"45,36 : 1.0096"
"36,46 : 0.3601"
"46,36 : 0.3601"
"36,47 : 0.6217"
"47,36 : 0.6217"
"36,48 : 0.4494"
"48,36 : 0.4494"
"36,49 : 0.9034"
"49,36 : 0.9034"
"37,38 : 0.3015"
"38,37 : 0.3015"
"37,39 : 0.3883"
"39,37 : 0.3883"
"37,40 : 0.5869"
"40,37 : 0.5869"
"37,41 : 0.5725"
"41,37 : 0.5725"
"37,42 : 0.7485"
"42,37 : 0.7485"
"37,43 : 0.7864"
"43,37 : 0.7864"
"37,44 : 0.7519"
"44,37 : 0.7519"
"37,45 : 0.8902"
"45,37 : 0.8902"
"37,46 : 0.0424"
"46,37 : 0.0424"
"37,47 : 0.3701"
"47,37 : 0.3701"
"37,48 : 0.2648"
"48,37 : 0.2648"
"37,49 : 0.8329"
"49,37 : 0.8329"
"38,39 : 0.4134"
"39,38 : 0.4134"
"38,40 : 0.5887"
"40,38 : 0.5887"
"38,41 : 0.5217"
"41,38 : 0.5217"
"38,42 : 0.8853"
"42,38 : 0.8853"
"38,43 : 0.6017"
"43,38 : 0.6017"
"38,44 : 0.7102"
"44,38 : 0.7102"
"38,45 : 0.9848"
"45,38 : 0.9848"
"38,46 : 0.33"
"46,38 : 0.33"
"38,47 : 0.5903"
"47,38 : 0.5903"
"38,48 : 0.4188"
"48,38 : 0.4188"
"38,49 : 0.8814"
"49,38 : 0.8814"
"39,40 : 0.2002"
"40,39 : 0.2002"
"39,41 : 0.1942"
"41,39 : 0.1942"
"39,42 : 0.4827"
"42,39 : 0.4827"
"39,43 : 0.4875"
"43,39 : 0.4875"
"39,44 : 0.364"
"44,39 : 0.364"
"39,45 : 0.5714"
"45,39 : 0.5714"
"39,46 : 0.3669"
"46,39 : 0.3669"
"39,47 : 0.3228"
"47,39 : 0.3228"
"39,48 : 0.1769"
"48,39 : 0.1769"
"39,49 : 0.4743"
"49,39 : 0.4743"
"40,41 : 0.1077"
"41,40 : 0.1077"
"40,42 : 0.3956"
"42,40 : 0.3956"
"40,43 : 0.4301"
"43,40 : 0.4301"
"40,44 : 0.1749"
"44,40 : 0.1749"
"40,45 : 0.4252"
"45,40 : 0.4252"
"40,46 : 0.5629"
"46,40 : 0.5629"
"40,47 : 0.4319"
"47,40 : 0.4319"
"40,48 : 0.3493"
"48,40 : 0.3493"
"40,49 : 0.2968"
"49,40 : 0.2968"
"41,42 : 0.5029"
"42,41 : 0.5029"
"41,43 : 0.3338"
"43,41 : 0.3338"
"41,44 : 0.1903"
"44,41 : 0.1903"
"41,45 : 0.528"
"45,41 : 0.528"
"41,46 : 0.5554"
"46,41 : 0.5554"
"41,47 : 0.4888"
"47,41 : 0.4888"
"41,48 : 0.3688"
"48,41 : 0.3688"
"41,49 : 0.3895"
"49,41 : 0.3895"
"42,43 : 0.8161"
"43,42 : 0.8161"
"42,44 : 0.4717"
"44,42 : 0.4717"
"42,45 : 0.1803"
"45,42 : 0.1803"
"42,46 : 0.7094"
"46,42 : 0.7094"
"42,47 : 0.4045"
"47,42 : 0.4045"
"42,48 : 0.4924"
"48,42 : 0.4924"
"42,49 : 0.2608"
"49,42 : 0.2608"
"43,44 : 0.3677"
