x,y
0.63,0.57
0.14,0.01
0.82,0.14
0.57,0.4
0.07,0.67
0.13,0.01
0.85,0.22
0.97,0.6
0.28,0.38
0.65,0.6
0.92,0.67
0.6,0.96
0.49,0.33
0.99,0.18
0.92,0.81
0.61,0.21
0.23,0.51
0.35,0.57
0.4,0.0
0.57,0.38
0.07,0.08
0.9,0.48
0.09,0.03
0.6,0.12
0.31,0.84
0.07,0.71
0.12,0.88
0.63,0.95
0.69,0.43
0.51,0.63
0.15,0.26
0.18,0.65
0.49,0.99
0.9,0.71
0.95,0.69
0.94,0.79
0.93,0.19
0.54,0.11
0.29,0.75
0.31,0.89
0.13,0.78
0.49,0.51
0.43,0.78
0.01,0.72
0.81,0.93
0.19,0.17
0.99,0.49
0.28,0.71
0.64,0.81
0.68,0.6

Distanze
"0,1 : 0.7441"
"1,0 : 0.7441"
"0,2 : 0.4701"
"2,0 : 0.4701"
"0,3 : 0.1803"
"3,0 : 0.1803"
"0,4 : 0.5689"
"4,0 : 0.5689"
"0,5 : 0.7507"
"5,0 : 0.7507"
"0,6 : 0.4134"
"6,0 : 0.4134"
"0,7 : 0.3413"
"7,0 : 0.3413"
"0,8 : 0.3982"
"8,0 : 0.3982"
"0,9 : 0.0361"
"9,0 : 0.0361"
"0,10 : 0.3068"
"10,0 : 0.3068"
"0,11 : 0.3912"
"11,0 : 0.3912"
"0,12 : 0.2778"
"12,0 : 0.2778"
"0,13 : 0.5308"
"13,0 : 0.5308"
"0,14 : 0.3764"
"14,0 : 0.3764"
"0,15 : 0.3606"
"15,0 : 0.3606"
"0,16 : 0.4045"
"16,0 : 0.4045"
"0,17 : 0.28"
"17,0 : 0.28"
"0,18 : 0.6147"
"18,0 : 0.6147"
"0,19 : 0.1992"
"19,0 : 0.1992"
"0,20 : 0.7441"
"20,0 : 0.7441"
"0,21 : 0.2846"
"21,0 : 0.2846"
"0,22 : 0.7637"
"22,0 : 0.7637"
"0,23 : 0.451"
"23,0 : 0.451"
"0,24 : 0.4187"
"24,0 : 0.4187"
"0,25 : 0.5772"
"25,0 : 0.5772"
"0,26 : 0.5968"
"26,0 : 0.5968"
"0,27 : 0.38"
"27,0 : 0.38"
"0,28 : 0.1523"
"28,0 : 0.1523"
"0,29 : 0.1342"
"29,0 : 0.1342"
"0,30 : 0.5714"
"30,0 : 0.5714"
"0,31 : 0.4571"
"31,0 : 0.4571"
"0,32 : 0.4427"
"32,0 : 0.4427"
"0,33 : 0.3041"
"33,0 : 0.3041"
"0,34 : 0.3418"
"34,0 : 0.3418"
"0,35 : 0.3801"
"35,0 : 0.3801"
"0,36 : 0.4841"
"36,0 : 0.4841"
"0,37 : 0.4687"
"37,0 : 0.4687"
"0,38 : 0.3847"
"38,0 : 0.3847"
"0,39 : 0.4525"
"39,0 : 0.4525"
"0,40 : 0.5423"
"40,0 : 0.5423"
"0,41 : 0.1523"
"41,0 : 0.1523"
"0,42 : 0.29"
"42,0 : 0.29"
"0,43 : 0.6379"
"43,0 : 0.6379"
"0,44 : 0.4025"
"44,0 : 0.4025"
"0,45 : 0.5946"
"45,0 : 0.5946"
"0,46 : 0.3688"
"46,0 : 0.3688"
"0,47 : 0.377"
"47,0 : 0.377"
"0,48 : 0.2402"
"48,0 : 0.2402"
"0,49 : 0.0583"
"49,0 : 0.0583"
"1,2 : 0.6923"
"2,1 : 0.6923"
"1,3 : 0.5805"
"3,1 : 0.5805"
"1,4 : 0.6637"
"4,1 : 0.6637"
"1,5 : 0.01"
"5,1 : 0.01"
"1,6 : 0.7404"
"6,1 : 0.7404"
"1,7 : 1.0183"
"7,1 : 1.0183"
"1,8 : 0.3956"
"8,1 : 0.3956"
"1,9 : 0.7799"
"9,1 : 0.7799"
"1,10 : 1.0218"
"10,1 : 1.0218"
"1,11 : 1.0555"
"11,1 : 1.0555"
"1,12 : 0.4742"
"12,1 : 0.4742"
"1,13 : 0.8668"
"13,1 : 0.8668"
"1,14 : 1.1173"
"14,1 : 1.1173"
"1,15 : 0.5108"
"15,1 : 0.5108"
"1,16 : 0.508"
"16,1 : 0.508"
"1,17 : 0.5981"
"17,1 : 0.5981"
"1,18 : 0.2602"
"18,1 : 0.2602"
"1,19 : 0.5673"
"19,1 : 0.5673"
"1,20 : 0.099"
"20,1 : 0.099"
"1,21 : 0.8936"
"21,1 : 0.8936"
"1,22 : 0.0539"
"22,1 : 0.0539"
"1,23 : 0.473"
"23,1 : 0.473"
"1,24 : 0.8472"
"24,1 : 0.8472"
"1,25 : 0.7035"
"25,1 : 0.7035"
"1,26 : 0.8702"
"26,1 : 0.8702"
"1,27 : 1.06"
"27,1 : 1.06"
"1,28 : 0.692"
"28,1 : 0.692"
"1,29 : 0.722"
"29,1 : 0.722"
"1,30 : 0.2502"
"30,1 : 0.2502"
"1,31 : 0.6412"
"31,1 : 0.6412"
"1,32 : 1.0406"
"32,1 : 1.0406"
"1,33 : 1.0332"
"33,1 : 1.0332"
"1,34 : 1.0576"
"34,1 : 1.0576"
"1,35 : 1.1173"
"35,1 : 1.1173"
"1,36 : 0.8102"
"36,1 : 0.8102"
"1,37 : 0.4123"
"37,1 : 0.4123"
"1,38 : 0.755"
"38,1 : 0.755"
"1,39 : 0.8963"
"39,1 : 0.8963"
"1,40 : 0.7701"
"40,1 : 0.7701"
"1,41 : 0.6103"
"41,1 : 0.6103"
"1,42 : 0.8228"
"42,1 : 0.8228"
"1,43 : 0.7218"
"43,1 : 0.7218"
"1,44 : 1.1381"
"44,1 : 1.1381"
"1,45 : 0.1676"
"45,1 : 0.1676"
"1,46 : 0.9762"
"46,1 : 0.9762"
"1,47 : 0.7139"
"47,1 : 0.7139"
"1,48 : 0.9434"
"48,1 : 0.9434"
"1,49 : 0.7998"
"49,1 : 0.7998"
"2,3 : 0.3607"
"3,2 : 0.3607"
"2,4 : 0.9184"
"4,2 : 0.9184"
"2,5 : 0.7021"
"5,2 : 0.7021"
"2,6 : 0.0854"
"6,2 : 0.0854"
"2,7 : 0.4838"
"7,2 : 0.4838"
"2,8 : 0.5909"
"8,2 : 0.5909"
"2,9 : 0.4904"
"9,2 : 0.4904"
"2,10 : 0.5394"
"10,2 : 0.5394"
"2,11 : 0.849"
"11,2 : 0.849"
"2,12 : 0.3808"
"12,2 : 0.3808"
"2,13 : 0.1746"
"13,2 : 0.1746"
"2,14 : 0.6774"
"14,2 : 0.6774"
"2,15 : 0.2214"
"15,2 : 0.2214"
"2,16 : 0.6964"
"16,2 : 0.6964"
"2,17 : 0.637"
"17,2 : 0.637"
"2,18 : 0.4427"
"18,2 : 0.4427"
"2,19 : 0.3466"
"19,2 : 0.3466"
"2,20 : 0.7524"
"20,2 : 0.7524"
"2,21 : 0.3493"
"21,2 : 0.3493"
"2,22 : 0.7382"
"22,2 : 0.7382"
"2,23 : 0.2209"
"23,2 : 0.2209"
"2,24 : 0.8661"
"24,2 : 0.8661"
"2,25 : 0.942"
"25,2 : 0.942"
"2,26 : 1.0186"
"26,2 : 1.0186"
"2,27 : 0.832"
"27,2 : 0.832"
"2,28 : 0.3178"
"28,2 : 0.3178"
"2,29 : 0.5798"
"29,2 : 0.5798"
"2,30 : 0.6807"
"30,2 : 0.6807"
"2,31 : 0.8184"
"31,2 : 0.8184"
"2,32 : 0.9118"
"32,2 : 0.9118"
"2,33 : 0.5756"
"33,2 : 0.5756"
"2,34 : 0.5652"
"34,2 : 0.5652"
"2,35 : 0.661"
"35,2 : 0.661"
"2,36 : 0.1208"
"36,2 : 0.1208"
"2,37 : 0.2816"
"37,2 : 0.2816"
"2,38 : 0.8081"
"38,2 : 0.8081"
"2,39 : 0.907"
"39,2 : 0.907"
"2,40 : 0.9411"
"40,2 : 0.9411"
"2,41 : 0.4958"
"41,2 : 0.4958"
"2,42 : 0.7495"
"42,2 : 0.7495"
"2,43 : 0.9962"
"43,2 : 0.9962"
"2,44 : 0.7901"
"44,2 : 0.7901"
"2,45 : 0.6307"
"45,2 : 0.6307"
"2,46 : 0.3891"
"46,2 : 0.3891"
"2,47 : 0.7852"
"47,2 : 0.7852"
"2,48 : 0.6938"
"48,2 : 0.6938"
"2,49 : 0.4808"
"49,2 : 0.4808"
"3,4 : 0.5682"
"4,3 : 0.5682"
"3,5 : 0.588"
"5,3 : 0.588"
"3,6 : 0.3329"
"6,3 : 0.3329"
"3,7 : 0.4472"
"7,3 : 0.4472"
"3,8 : 0.2907"
"8,3 : 0.2907"
"3,9 : 0.2154"
"9,3 : 0.2154"
"3,10 : 0.442"
"10,3 : 0.442"
"3,11 : 0.5608"
"11,3 : 0.5608"
"3,12 : 0.1063"
"12,3 : 0.1063"
"3,13 : 0.4741"
"13,3 : 0.4741"
"3,14 : 0.5391"
"14,3 : 0.5391"
"3,15 : 0.1942"
"15,3 : 0.1942"
"3,16 : 0.3574"
"16,3 : 0.3574"
"3,17 : 0.278"
"17,3 : 0.278"
"3,18 : 0.4346"
"18,3 : 0.4346"
"3,19 : 0.02"
"19,3 : 0.02"
"3,20 : 0.5936"
"20,3 : 0.5936"
"3,21 : 0.3396"
"21,3 : 0.3396"
"3,22 : 0.6061"
"22,3 : 0.6061"
"3,23 : 0.2816"
"23,3 : 0.2816"
"3,24 : 0.5111"
"24,3 : 0.5111"
"3,25 : 0.5883"
"25,3 : 0.5883"
"3,26 : 0.658"
"26,3 : 0.658"
"3,27 : 0.5533"
"27,3 : 0.5533"
"3,28 : 0.1237"
"28,3 : 0.1237"
"3,29 : 0.2377"
"29,3 : 0.2377"
"3,30 : 0.4427"
"30,3 : 0.4427"
"3,31 : 0.4632"
"31,3 : 0.4632"
"3,32 : 0.5954"
"32,3 : 0.5954"
"3,33 : 0.4528"
"33,3 : 0.4528"
"3,34 : 0.478"
"34,3 : 0.478"
"3,35 : 0.5376"
"35,3 : 0.5376"
"3,36 : 0.4168"
"36,3 : 0.4168"
"3,37 : 0.2915"
"37,3 : 0.2915"
"3,38 : 0.4482"
"38,3 : 0.4482"
"3,39 : 0.5547"
"39,3 : 0.5547"
"3,40 : 0.5814"
"40,3 : 0.5814"
"3,41 : 0.136"
"41,3 : 0.136"
"3,42 : 0.405"
"42,3 : 0.405"
"3,43 : 0.645"
"43,3 : 0.645"
"3,44 : 0.5818"
"44,3 : 0.5818"
"3,45 : 0.4442"
"45,3 : 0.4442"
"3,46 : 0.4295"
"46,3 : 0.4295"
"3,47 : 0.4245"
"47,3 : 0.4245"
"3,48 : 0.4159"
"48,3 : 0.4159"
"3,49 : 0.2283"
"49,3 : 0.2283"
"4,5 : 0.6627"
"5,4 : 0.6627"
"4,6 : 0.9005"
"6,4 : 0.9005"
"4,7 : 0.9027"
"7,4 : 0.9027"
"4,8 : 0.3581"
"8,4 : 0.3581"
"4,9 : 0.5842"
"9,4 : 0.5842"
"4,10 : 0.85"
"10,4 : 0.85"
"4,11 : 0.6042"
"11,4 : 0.6042"
"4,12 : 0.5404"
"12,4 : 0.5404"
"4,13 : 1.0424"
"13,4 : 1.0424"
"4,14 : 0.8615"
"14,4 : 0.8615"
"4,15 : 0.7094"
"15,4 : 0.7094"
"4,16 : 0.2263"
"16,4 : 0.2263"
"4,17 : 0.2973"
"17,4 : 0.2973"
"4,18 : 0.7469"
"18,4 : 0.7469"
"4,19 : 0.578"
"19,4 : 0.578"
"4,20 : 0.59"
"20,4 : 0.59"
"4,21 : 0.8515"
"21,4 : 0.8515"
"4,22 : 0.6403"
"22,4 : 0.6403"
"4,23 : 0.7638"
"23,4 : 0.7638"
"4,24 : 0.2941"
"24,4 : 0.2941"
"4,25 : 0.04"
"25,4 : 0.04"
"4,26 : 0.2159"
"26,4 : 0.2159"
"4,27 : 0.6261"
"27,4 : 0.6261"
"4,28 : 0.6648"
"28,4 : 0.6648"
"4,29 : 0.4418"
"29,4 : 0.4418"
"4,30 : 0.4177"
"30,4 : 0.4177"
"4,31 : 0.1118"
"31,4 : 0.1118"
"4,32 : 0.528"
"32,4 : 0.528"
"4,33 : 0.831"
"33,4 : 0.831"
"4,34 : 0.8802"
"34,4 : 0.8802"
"4,35 : 0.8782"
"35,4 : 0.8782"
"4,36 : 0.9849"
"36,4 : 0.9849"
"4,37 : 0.7311"
"37,4 : 0.7311"
"4,38 : 0.2341"
"38,4 : 0.2341"
"4,39 : 0.3256"
"39,4 : 0.3256"
"4,40 : 0.1253"
"40,4 : 0.1253"
"4,41 : 0.4494"
"41,4 : 0.4494"
"4,42 : 0.3764"
"42,4 : 0.3764"
"4,43 : 0.0781"
"43,4 : 0.0781"
"4,44 : 0.7843"
"44,4 : 0.7843"
"4,45 : 0.5142"
"45,4 : 0.5142"
"4,46 : 0.9374"
"46,4 : 0.9374"
"4,47 : 0.2138"
"47,4 : 0.2138"
"4,48 : 0.5869"
"48,4 : 0.5869"
"4,49 : 0.614"
"49,4 : 0.614"
"5,6 : 0.75"
"6,5 : 0.75"
"5,7 : 1.0265"
"7,5 : 1.0265"
"5,8 : 0.3992"
"8,5 : 0.3992"
"5,9 : 0.7864"
"9,5 : 0.7864"
"5,10 : 1.0294"
"10,5 : 1.0294"
"5,11 : 1.0599"
"11,5 : 1.0599"
"5,12 : 0.4817"
"12,5 : 0.4817"
"5,13 : 0.8766"
"13,5 : 0.8766"
"5,14 : 1.1243"
"14,5 : 1.1243"
"5,15 : 0.52"
"15,5 : 0.52"
"5,16 : 0.5099"
"16,5 : 0.5099"
"5,17 : 0.6017"
"17,5 : 0.6017"
"5,18 : 0.2702"
"18,5 : 0.2702"
"5,19 : 0.5749"
"19,5 : 0.5749"
"5,20 : 0.0922"
"20,5 : 0.0922"
"5,21 : 0.9021"
"21,5 : 0.9021"
"5,22 : 0.0447"
"22,5 : 0.0447"
"5,23 : 0.4827"
"23,5 : 0.4827"
"5,24 : 0.8493"
"24,5 : 0.8493"
"5,25 : 0.7026"
"25,5 : 0.7026"
"5,26 : 0.8701"
"26,5 : 0.8701"
"5,27 : 1.0647"
"27,5 : 1.0647"
"5,28 : 0.7"
"28,5 : 0.7"
"5,29 : 0.7272"
"29,5 : 0.7272"
"5,30 : 0.2508"
"30,5 : 0.2508"
"5,31 : 0.642"
"31,5 : 0.642"
"5,32 : 1.044"
"32,5 : 1.044"
"5,33 : 1.0406"
"33,5 : 1.0406"
"5,34 : 1.0653"
"34,5 : 1.0653"
"5,35 : 1.1245"
"35,5 : 1.1245"
"5,36 : 0.82"
"36,5 : 0.82"
"5,37 : 0.422"
"37,5 : 0.422"
"5,38 : 0.7571"
"38,5 : 0.7571"
"5,39 : 0.8982"
"39,5 : 0.8982"
"5,40 : 0.77"
"40,5 : 0.77"
"5,41 : 0.6161"
"41,5 : 0.6161"
"5,42 : 0.8264"
"42,5 : 0.8264"
"5,43 : 0.7201"
"43,5 : 0.7201"
"5,44 : 1.144"
"44,5 : 1.144"
"5,45 : 0.1709"
"45,5 : 0.1709"
"5,46 : 0.9849"
"46,5 : 0.9849"
"5,47 : 0.7159"
"47,5 : 0.7159"
"5,48 : 0.9487"
"48,5 : 0.9487"
"5,49 : 0.8066"
"49,5 : 0.8066"
"6,7 : 0.3985"
"7,6 : 0.3985"
"6,8 : 0.592"
"8,6 : 0.592"
"6,9 : 0.4294"
"9,6 : 0.4294"
"6,10 : 0.4554"
"10,6 : 0.4554"
"6,11 : 0.7811"
"11,6 : 0.7811"
"6,12 : 0.3764"
"12,6 : 0.3764"
"6,13 : 0.1456"
"13,6 : 0.1456"
"6,14 : 0.5941"
"14,6 : 0.5941"
"6,15 : 0.2402"
"15,6 : 0.2402"
"6,16 : 0.6845"
"16,6 : 0.6845"
"6,17 : 0.6103"
"17,6 : 0.6103"
"6,18 : 0.5009"
"18,6 : 0.5009"
"6,19 : 0.3225"
"19,6 : 0.3225"
"6,20 : 0.7925"
"20,6 : 0.7925"
"6,21 : 0.2648"
"21,6 : 0.2648"
"6,22 : 0.7834"
"22,6 : 0.7834"
"6,23 : 0.2693"
"23,6 : 0.2693"
"6,24 : 0.8222"
"24,6 : 0.8222"
"6,25 : 0.9211"
"25,6 : 0.9211"
"6,26 : 0.9841"
"26,6 : 0.9841"
"6,27 : 0.7624"
"27,6 : 0.7624"
"6,28 : 0.264"
"28,6 : 0.264"
"6,29 : 0.5326"
"29,6 : 0.5326"
"6,30 : 0.7011"
"30,6 : 0.7011"
"6,31 : 0.7961"
"31,6 : 0.7961"
"6,32 : 0.85"
"32,6 : 0.85"
"6,33 : 0.4925"
"33,6 : 0.4925"
"6,34 : 0.4805"
"34,6 : 0.4805"
"6,35 : 0.5771"
"35,6 : 0.5771"
"6,36 : 0.0854"
"36,6 : 0.0854"
"6,37 : 0.3289"
"37,6 : 0.3289"
"6,38 : 0.771"
"38,6 : 0.771"
"6,39 : 0.8605"
"39,6 : 0.8605"
"6,40 : 0.9121"
"40,6 : 0.9121"
"6,41 : 0.4623"
"41,6 : 0.4623"
"6,42 : 0.7"
"42,6 : 0.7"
"6,43 : 0.9775"
"43,6 : 0.9775"
"6,44 : 0.7111"
"44,6 : 0.7111"
"6,45 : 0.6619"
"45,6 : 0.6619"
"6,46 : 0.3041"
"46,6 : 0.3041"
"6,47 : 0.7517"
"47,6 : 0.7517"
"6,48 : 0.6263"
"48,6 : 0.6263"
"6,49 : 0.4163"
"49,6 : 0.4163"
"7,8 : 0.7242"
"8,7 : 0.7242"
"7,9 : 0.32"
"9,7 : 0.32"
"7,10 : 0.086"
"10,7 : 0.086"
"7,11 : 0.5162"
"11,7 : 0.5162"
"7,12 : 0.5507"
"12,7 : 0.5507"
"7,13 : 0.4205"
"13,7 : 0.4205"
"7,14 : 0.2159"
"14,7 : 0.2159"
"7,15 : 0.5308"
"15,7 : 0.5308"
"7,16 : 0.7455"
"16,7 : 0.7455"
"7,17 : 0.6207"
"17,7 : 0.6207"
"7,18 : 0.8276"
"18,7 : 0.8276"
"7,19 : 0.4565"
"19,7 : 0.4565"
"7,20 : 1.0394"
"20,7 : 1.0394"
"7,21 : 0.1389"
"21,7 : 0.1389"
"7,22 : 1.0485"
"22,7 : 1.0485"
"7,23 : 0.6061"
"23,7 : 0.6061"
"7,24 : 0.7023"
"24,7 : 0.7023"
"7,25 : 0.9067"
"25,7 : 0.9067"
"7,26 : 0.8949"
"26,7 : 0.8949"
"7,27 : 0.488"
"27,7 : 0.488"
"7,28 : 0.3276"
"28,7 : 0.3276"
"7,29 : 0.461"
"29,7 : 0.461"
"7,30 : 0.8877"
"30,7 : 0.8877"
"7,31 : 0.7916"
"31,7 : 0.7916"
"7,32 : 0.6185"
"32,7 : 0.6185"
"7,33 : 0.1304"
"33,7 : 0.1304"
"7,34 : 0.0922"
"34,7 : 0.0922"
"7,35 : 0.1924"
"35,7 : 0.1924"
"7,36 : 0.4119"
"36,7 : 0.4119"
"7,37 : 0.6519"
"37,7 : 0.6519"
"7,38 : 0.6963"
"38,7 : 0.6963"
"7,39 : 0.7209"
"39,7 : 0.7209"
"7,40 : 0.8591"
"40,7 : 0.8591"
"7,41 : 0.4884"
"41,7 : 0.4884"
"7,42 : 0.5692"
"42,7 : 0.5692"
"7,43 : 0.9675"
"43,7 : 0.9675"
"7,44 : 0.3667"
"44,7 : 0.3667"
"7,45 : 0.8907"
"45,7 : 0.8907"
"7,46 : 0.1118"
"46,7 : 0.1118"
"7,47 : 0.6987"
"47,7 : 0.6987"
"7,48 : 0.3912"
"48,7 : 0.3912"
"7,49 : 0.29"
"49,7 : 0.29"
"8,9 : 0.4305"
"9,8 : 0.4305"
"8,10 : 0.7026"
"10,8 : 0.7026"
"8,11 : 0.6624"
"11,8 : 0.6624"
"8,12 : 0.2159"
"12,8 : 0.2159"
"8,13 : 0.7376"
"13,8 : 0.7376"
"8,14 : 0.771"
"14,8 : 0.771"
"8,15 : 0.3712"
"15,8 : 0.3712"
"8,16 : 0.1393"
"16,8 : 0.1393"
"8,17 : 0.2025"
"17,8 : 0.2025"
"8,18 : 0.3985"
"18,8 : 0.3985"
"8,19 : 0.29"
"19,8 : 0.29"
"8,20 : 0.3662"
"20,8 : 0.3662"
"8,21 : 0.628"
"21,8 : 0.628"
"8,22 : 0.3982"
"22,8 : 0.3982"
"8,23 : 0.4123"
"23,8 : 0.4123"
"8,24 : 0.461"
"24,8 : 0.461"
"8,25 : 0.3912"
"25,8 : 0.3912"
"8,26 : 0.525"
"26,8 : 0.525"
"8,27 : 0.6689"
"27,8 : 0.6689"
"8,28 : 0.413"
"28,8 : 0.413"
"8,29 : 0.3397"
"29,8 : 0.3397"
"8,30 : 0.1769"
"30,8 : 0.1769"
"8,31 : 0.2879"
"31,8 : 0.2879"
"8,32 : 0.6451"
"32,8 : 0.6451"
"8,33 : 0.7024"
"33,8 : 0.7024"
"8,34 : 0.7382"
"34,8 : 0.7382"
"8,35 : 0.777"
"35,8 : 0.777"
"8,36 : 0.6772"
"36,8 : 0.6772"
"8,37 : 0.3748"
"37,8 : 0.3748"
"8,38 : 0.3701"
"38,8 : 0.3701"
"8,39 : 0.5109"
"39,8 : 0.5109"
"8,40 : 0.4272"
"40,8 : 0.4272"
"8,41 : 0.247"
"41,8 : 0.247"
"8,42 : 0.4272"
"42,8 : 0.4272"
"8,43 : 0.4342"
"43,8 : 0.4342"
"8,44 : 0.7638"
"44,8 : 0.7638"
"8,45 : 0.2285"
"45,8 : 0.2285"
"8,46 : 0.7185"
"46,8 : 0.7185"
"8,47 : 0.33"
"47,8 : 0.33"
"8,48 : 0.5608"
"48,8 : 0.5608"
"8,49 : 0.4565"
"49,8 : 0.4565"
"9,10 : 0.2789"
"10,9 : 0.2789"
"9,11 : 0.3635"
"11,9 : 0.3635"
"9,12 : 0.3138"
"12,9 : 0.3138"
"9,13 : 0.5404"
"13,9 : 0.5404"
"9,14 : 0.3421"
"14,9 : 0.3421"
"9,15 : 0.392"
"15,9 : 0.392"
"9,16 : 0.4295"
"16,9 : 0.4295"
"9,17 : 0.3015"
"17,9 : 0.3015"
"9,18 : 0.65"
"18,9 : 0.65"
"9,19 : 0.2341"
"19,9 : 0.2341"
"9,20 : 0.779"
"20,9 : 0.779"
"9,21 : 0.2773"
"21,9 : 0.2773"
"9,22 : 0.7991"
"22,9 : 0.7991"
"9,23 : 0.4826"
"23,9 : 0.4826"
"9,24 : 0.4162"
"24,9 : 0.4162"
"9,25 : 0.5903"
"25,9 : 0.5903"
"9,26 : 0.5994"
"26,9 : 0.5994"
"9,27 : 0.3506"
"27,9 : 0.3506"
"9,28 : 0.1746"
"28,9 : 0.1746"
"9,29 : 0.1432"
"29,9 : 0.1432"
"9,30 : 0.6046"
"30,9 : 0.6046"
"9,31 : 0.4727"
"31,9 : 0.4727"
"9,32 : 0.4215"
"32,9 : 0.4215"
"9,33 : 0.2731"
"33,9 : 0.2731"
"9,34 : 0.3132"
"34,9 : 0.3132"
"9,35 : 0.3467"
"35,9 : 0.3467"
"9,36 : 0.4965"
"36,9 : 0.4965"
"9,37 : 0.5022"
"37,9 : 0.5022"
"9,38 : 0.39"
"38,9 : 0.39"
"9,39 : 0.4469"
"39,9 : 0.4469"
"9,40 : 0.5503"
"40,9 : 0.5503"
"9,41 : 0.1836"
"41,9 : 0.1836"
"9,42 : 0.2843"
"42,9 : 0.2843"
"9,43 : 0.6512"
"43,9 : 0.6512"
"9,44 : 0.3667"
"44,9 : 0.3667"
"9,45 : 0.6297"
"45,9 : 0.6297"
"9,46 : 0.3574"
"46,9 : 0.3574"
"9,47 : 0.386"
"47,9 : 0.386"
"9,48 : 0.2102"
"48,9 : 0.2102"
"9,49 : 0.03"
"49,9 : 0.03"
"10,11 : 0.4319"
"11,10 : 0.4319"
"10,12 : 0.5482"
"12,10 : 0.5482"
"10,13 : 0.495"
"13,10 : 0.495"
"10,14 : 0.14"
"14,10 : 0.14"
"10,15 : 0.5547"
"15,10 : 0.5547"
"10,16 : 0.7083"
"16,10 : 0.7083"
"10,17 : 0.5787"
"17,10 : 0.5787"
"10,18 : 0.8481"
"18,10 : 0.8481"
"10,19 : 0.4545"
"19,10 : 0.4545"
"10,20 : 1.0347"
"20,10 : 1.0347"
"10,21 : 0.191"
"21,10 : 0.191"
"10,22 : 1.0481"
"22,10 : 1.0481"
"10,23 : 0.6363"
"23,10 : 0.6363"
"10,24 : 0.6332"
"24,10 : 0.6332"
"10,25 : 0.8509"
"25,10 : 0.8509"
"10,26 : 0.8271"
"26,10 : 0.8271"
"10,27 : 0.4031"
"27,10 : 0.4031"
"10,28 : 0.3324"
"28,10 : 0.3324"
"10,29 : 0.4119"
"29,10 : 0.4119"
"10,30 : 0.8724"
"30,10 : 0.8724"
"10,31 : 0.7403"
"31,10 : 0.7403"
"10,32 : 0.536"
"32,10 : 0.536"
"10,33 : 0.0447"
"33,10 : 0.0447"
"10,34 : 0.0361"
"34,10 : 0.0361"
"10,35 : 0.1217"
"35,10 : 0.1217"
"10,36 : 0.4801"
"36,10 : 0.4801"
"10,37 : 0.6768"
"37,10 : 0.6768"
"10,38 : 0.6351"
"38,10 : 0.6351"
"10,39 : 0.6485"
"39,10 : 0.6485"
"10,40 : 0.7976"
"40,10 : 0.7976"
"10,41 : 0.4588"
"41,10 : 0.4588"
"10,42 : 0.5022"
"42,10 : 0.5022"
"10,43 : 0.9114"
"43,10 : 0.9114"
"10,44 : 0.2823"
"44,10 : 0.2823"
"10,45 : 0.8848"
"45,10 : 0.8848"
"10,46 : 0.1931"
"46,10 : 0.1931"
"10,47 : 0.6412"
"47,10 : 0.6412"
"10,48 : 0.313"
"48,10 : 0.313"
"10,49 : 0.25"
"49,10 : 0.25"
"11,12 : 0.6395"
"12,11 : 0.6395"
"11,13 : 0.8721"
"13,11 : 0.8721"
"11,14 : 0.3534"
"14,11 : 0.3534"
"11,15 : 0.7501"
"15,11 : 0.7501"
"11,16 : 0.5826"
"16,11 : 0.5826"
"11,17 : 0.4632"
"17,11 : 0.4632"
"11,18 : 0.9806"
"18,11 : 0.9806"
"11,19 : 0.5808"
"19,11 : 0.5808"
"11,20 : 1.0273"
"20,11 : 1.0273"
"11,21 : 0.566"
"21,11 : 0.566"
"11,22 : 1.0607"
"22,11 : 1.0607"
"11,23 : 0.84"
"23,11 : 0.84"
"11,24 : 0.3138"
"24,11 : 0.3138"
"11,25 : 0.586"
"25,11 : 0.586"
"11,26 : 0.4866"
"26,11 : 0.4866"
"11,27 : 0.0316"
"27,11 : 0.0316"
"11,28 : 0.5376"
"28,11 : 0.5376"
"11,29 : 0.3421"
"29,11 : 0.3421"
"11,30 : 0.8322"
"30,11 : 0.8322"
"11,31 : 0.522"
"31,11 : 0.522"
"11,32 : 0.114"
"32,11 : 0.114"
"11,33 : 0.3905"
"33,11 : 0.3905"
"11,34 : 0.442"
"34,11 : 0.442"
"11,35 : 0.3801"
"35,11 : 0.3801"
"11,36 : 0.8377"
"36,11 : 0.8377"
"11,37 : 0.8521"
"37,11 : 0.8521"
"11,38 : 0.3744"
"38,11 : 0.3744"
"11,39 : 0.2983"
"39,11 : 0.2983"
"11,40 : 0.5033"
"40,11 : 0.5033"
"11,41 : 0.4632"
"41,11 : 0.4632"
"11,42 : 0.2476"
"42,11 : 0.2476"
"11,43 : 0.6369"
"43,11 : 0.6369"
"11,44 : 0.2121"
"44,11 : 0.2121"
"11,45 : 0.8901"
"45,11 : 0.8901"
"11,46 : 0.6107"
"46,11 : 0.6107"
"11,47 : 0.4061"
"47,11 : 0.4061"
"11,48 : 0.1552"
"48,11 : 0.1552"
"11,49 : 0.3688"
"49,11 : 0.3688"
"12,13 : 0.522"
"13,12 : 0.522"
"12,14 : 0.6444"
"14,12 : 0.6444"
"12,15 : 0.1697"
"15,12 : 0.1697"
"12,16 : 0.3162"
"16,12 : 0.3162"
"12,17 : 0.2778"
"17,12 : 0.2778"
"12,18 : 0.3421"
"18,12 : 0.3421"
"12,19 : 0.0943"
"19,12 : 0.0943"
"12,20 : 0.4888"
"20,12 : 0.4888"
"12,21 : 0.4366"
"21,12 : 0.4366"
"12,22 : 0.5"
"22,12 : 0.5"
"12,23 : 0.2371"
"23,12 : 0.2371"
"12,24 : 0.5408"
"24,12 : 0.5408"
"12,25 : 0.5664"
"25,12 : 0.5664"
"12,26 : 0.6629"
"26,12 : 0.6629"
"12,27 : 0.6356"
"27,12 : 0.6356"
"12,28 : 0.2236"
"28,12 : 0.2236"
"12,29 : 0.3007"
"29,12 : 0.3007"
"12,30 : 0.3471"
"30,12 : 0.3471"
"12,31 : 0.4455"
"31,12 : 0.4455"
"12,32 : 0.66"
"32,12 : 0.66"
"12,33 : 0.559"
"33,12 : 0.559"
"12,34 : 0.5841"
"34,12 : 0.5841"
"12,35 : 0.6435"
"35,12 : 0.6435"
"12,36 : 0.4617"
"36,12 : 0.4617"
"12,37 : 0.2256"
"37,12 : 0.2256"
"12,38 : 0.4652"
"38,12 : 0.4652"
"12,39 : 0.5882"
"39,12 : 0.5882"
"12,40 : 0.5763"
"40,12 : 0.5763"
"12,41 : 0.18"
"41,12 : 0.18"
"12,42 : 0.454"
"42,12 : 0.454"
"12,43 : 0.6185"
"43,12 : 0.6185"
"12,44 : 0.68"
"44,12 : 0.68"
"12,45 : 0.34"
"45,12 : 0.34"
"12,46 : 0.525"
"46,12 : 0.525"
"12,47 : 0.4342"
"47,12 : 0.4342"
"12,48 : 0.5029"
"48,12 : 0.5029"
"12,49 : 0.3302"
"49,12 : 0.3302"
"13,14 : 0.6339"
"14,13 : 0.6339"
"13,15 : 0.3812"
"15,13 : 0.3812"
"13,16 : 0.8286"
"16,13 : 0.8286"
"13,17 : 0.7495"
"17,13 : 0.7495"
"13,18 : 0.6168"
"18,13 : 0.6168"
"13,19 : 0.4652"
"19,13 : 0.4652"
"13,20 : 0.9254"
"20,13 : 0.9254"
"13,21 : 0.3132"
"21,13 : 0.3132"
"13,22 : 0.9124"
"22,13 : 0.9124"
"13,23 : 0.3946"
"23,13 : 0.3946"
"13,24 : 0.9476"
"24,13 : 0.9476"
"13,25 : 1.0617"
"25,13 : 1.0617"
"13,26 : 1.1166"
"26,13 : 1.1166"
"13,27 : 0.85"
"27,13 : 0.85"
"13,28 : 0.3905"
"28,13 : 0.3905"
"13,29 : 0.658"
"29,13 : 0.658"
"13,30 : 0.8438"
"30,13 : 0.8438"
"13,31 : 0.9365"
"31,13 : 0.9365"
"13,32 : 0.9519"
"32,13 : 0.9519"
"13,33 : 0.5376"
"33,13 : 0.5376"
"13,34 : 0.5116"
"34,13 : 0.5116"
"13,35 : 0.612"
"35,13 : 0.612"
"13,36 : 0.0608"
"36,13 : 0.0608"
"13,37 : 0.4554"
"37,13 : 0.4554"
"13,38 : 0.9027"
"38,13 : 0.9027"
"13,39 : 0.9831"
"39,13 : 0.9831"
"13,40 : 1.0486"
"40,13 : 1.0486"
"13,41 : 0.5991"
"41,13 : 0.5991"
"13,42 : 0.8207"
"42,13 : 0.8207"
"13,43 : 1.1189"
"43,13 : 1.1189"
"13,44 : 0.7713"
"44,13 : 0.7713"
"13,45 : 0.8001"
"45,13 : 0.8001"
"13,46 : 0.31"
"46,13 : 0.31"
"13,47 : 0.886"
"47,13 : 0.886"
"13,48 : 0.7207"
"48,13 : 0.7207"
"13,49 : 0.522"
"49,13 : 0.522"
"14,15 : 0.6754"
"15,14 : 0.6754"
"14,16 : 0.7524"
"16,14 : 0.7524"
"14,17 : 0.6185"
"17,14 : 0.6185"
"14,18 : 0.9625"
"18,14 : 0.9625"
"14,19 : 0.5544"
"19,14 : 0.5544"
"14,20 : 1.1204"
"20,14 : 1.1204"
"14,21 : 0.3306"
"21,14 : 0.3306"
"14,22 : 1.139"
"22,14 : 1.139"
"14,23 : 0.7606"
"23,14 : 0.7606"
"14,24 : 0.6107"
"24,14 : 0.6107"
"14,25 : 0.8559"
"25,14 : 0.8559"
"14,26 : 0.8031"
"26,14 : 0.8031"
"14,27 : 0.322"
"27,14 : 0.322"
"14,28 : 0.4442"
"28,14 : 0.4442"
"14,29 : 0.4478"
"29,14 : 0.4478"
"14,30 : 0.9463"
"30,14 : 0.9463"
"14,31 : 0.7571"
"31,14 : 0.7571"
"14,32 : 0.4662"
"32,14 : 0.4662"
"14,33 : 0.102"
"33,14 : 0.102"
"14,34 : 0.1237"
"34,14 : 0.1237"
"14,35 : 0.0283"
"35,14 : 0.0283"
"14,36 : 0.6201"
"36,14 : 0.6201"
"14,37 : 0.7965"
"37,14 : 0.7965"
"14,38 : 0.6329"
"38,14 : 0.6329"
"14,39 : 0.6152"
"39,14 : 0.6152"
"14,40 : 0.7906"
"40,14 : 0.7906"
"14,41 : 0.5243"
"41,14 : 0.5243"
"14,42 : 0.4909"
"42,14 : 0.4909"
"14,43 : 0.9144"
"43,14 : 0.9144"
"14,44 : 0.1628"
"44,14 : 0.1628"
"14,45 : 0.9708"
"45,14 : 0.9708"
"14,46 : 0.3276"
"46,14 : 0.3276"
"14,47 : 0.6478"
"47,14 : 0.6478"
"14,48 : 0.28"
"48,14 : 0.28"
"14,49 : 0.3189"
"49,14 : 0.3189"
"15,16 : 0.4841"
"16,15 : 0.4841"
"15,17 : 0.4441"
"17,15 : 0.4441"
"15,18 : 0.297"
"18,15 : 0.297"
"15,19 : 0.1746"
"19,15 : 0.1746"
"15,20 : 0.5554"
"20,15 : 0.5554"
"15,21 : 0.3962"
"21,15 : 0.3962"
"15,22 : 0.5503"
"22,15 : 0.5503"
"15,23 : 0.0906"
"23,15 : 0.0906"
"15,24 : 0.6978"
"24,15 : 0.6978"
"15,25 : 0.7359"
"25,15 : 0.7359"
"15,26 : 0.8301"
"26,15 : 0.8301"
"15,27 : 0.7403"
"27,15 : 0.7403"
"15,28 : 0.2341"
"28,15 : 0.2341"
"15,29 : 0.4317"
"29,15 : 0.4317"
"15,30 : 0.4627"
"30,15 : 0.4627"
"15,31 : 0.6152"
"31,15 : 0.6152"
"15,32 : 0.7892"
"32,15 : 0.7892"
"15,33 : 0.578"
"33,15 : 0.578"
"15,34 : 0.5882"
"34,15 : 0.5882"
"15,35 : 0.6673"
"35,15 : 0.6673"
"15,36 : 0.3206"
"36,15 : 0.3206"
"15,37 : 0.1221"
"37,15 : 0.1221"
"15,38 : 0.6277"
"38,15 : 0.6277"
"15,39 : 0.7432"
"39,15 : 0.7432"
"15,40 : 0.7452"
"40,15 : 0.7452"
"15,41 : 0.3231"
"41,15 : 0.3231"
"15,42 : 0.5977"
"42,15 : 0.5977"
"15,43 : 0.7875"
"43,15 : 0.7875"
"15,44 : 0.7473"
"44,15 : 0.7473"
"15,45 : 0.4219"
"45,15 : 0.4219"
"15,46 : 0.472"
"46,15 : 0.472"
"15,47 : 0.5991"
"47,15 : 0.5991"
"15,48 : 0.6007"
"48,15 : 0.6007"
"15,49 : 0.3962"
"49,15 : 0.3962"
"16,17 : 0.1342"
"17,16 : 0.1342"
"16,18 : 0.5376"
"18,16 : 0.5376"
"16,19 : 0.364"
"19,16 : 0.364"
"16,20 : 0.4588"
"20,16 : 0.4588"
"16,21 : 0.6707"
"21,16 : 0.6707"
"16,22 : 0.5"
"22,16 : 0.5"
"16,23 : 0.5376"
"23,16 : 0.5376"
"16,24 : 0.3396"
"24,16 : 0.3396"
"16,25 : 0.2561"
"25,16 : 0.2561"
"16,26 : 0.386"
"26,16 : 0.386"
"16,27 : 0.5946"
"27,16 : 0.5946"
"16,28 : 0.4669"
"28,16 : 0.4669"
"16,29 : 0.3046"
"29,16 : 0.3046"
"16,30 : 0.2625"
"30,16 : 0.2625"
"16,31 : 0.1487"
"31,16 : 0.1487"
"16,32 : 0.5459"
"32,16 : 0.5459"
"16,33 : 0.6992"
"33,16 : 0.6992"
"16,34 : 0.7422"
"34,16 : 0.7422"
"16,35 : 0.7632"
"35,16 : 0.7632"
"16,36 : 0.7697"
"36,16 : 0.7697"
"16,37 : 0.5061"
"37,16 : 0.5061"
"16,38 : 0.2474"
"38,16 : 0.2474"
"16,39 : 0.3883"
"39,16 : 0.3883"
"16,40 : 0.2879"
"40,16 : 0.2879"
"16,41 : 0.26"
"41,16 : 0.26"
"16,42 : 0.336"
"42,16 : 0.336"
"16,43 : 0.3041"
"43,16 : 0.3041"
"16,44 : 0.7161"
"44,16 : 0.7161"
"16,45 : 0.3423"
"45,16 : 0.3423"
"16,46 : 0.7603"
"46,16 : 0.7603"
"16,47 : 0.2062"
"47,16 : 0.2062"
"16,48 : 0.508"
"48,16 : 0.508"
"16,49 : 0.4589"
"49,16 : 0.4589"
"17,18 : 0.5722"
"18,17 : 0.5722"
"17,19 : 0.2907"
"19,17 : 0.2907"
"17,20 : 0.5644"
"20,17 : 0.5644"
"17,21 : 0.5573"
"21,17 : 0.5573"
"17,22 : 0.5993"
"22,17 : 0.5993"
"17,23 : 0.5148"
"23,17 : 0.5148"
"17,24 : 0.2729"
"24,17 : 0.2729"
"17,25 : 0.313"
"25,17 : 0.313"
"17,26 : 0.386"
"26,17 : 0.386"
"17,27 : 0.472"
"27,17 : 0.472"
"17,28 : 0.3677"
"28,17 : 0.3677"
"17,29 : 0.1709"
"29,17 : 0.1709"
"17,30 : 0.3689"
"30,17 : 0.3689"
"17,31 : 0.1879"
"31,17 : 0.1879"
"17,32 : 0.4427"
"32,17 : 0.4427"
"17,33 : 0.5675"
"33,17 : 0.5675"
"17,34 : 0.6119"
"34,17 : 0.6119"
"17,35 : 0.6297"
"35,17 : 0.6297"
"17,36 : 0.6934"
"36,17 : 0.6934"
"17,37 : 0.4977"
"37,17 : 0.4977"
"17,38 : 0.1897"
"38,17 : 0.1897"
"17,39 : 0.3225"
"39,17 : 0.3225"
"17,40 : 0.3041"
"40,17 : 0.3041"
"17,41 : 0.1523"
"41,17 : 0.1523"
"17,42 : 0.2247"
"42,17 : 0.2247"
"17,43 : 0.3716"
"43,17 : 0.3716"
"17,44 : 0.5841"
"44,17 : 0.5841"
"17,45 : 0.4308"
"45,17 : 0.4308"
"17,46 : 0.645"
"46,17 : 0.645"
"17,47 : 0.1565"
"47,17 : 0.1565"
"17,48 : 0.3764"
"48,17 : 0.3764"
"17,49 : 0.3314"
"49,17 : 0.3314"
"18,19 : 0.4163"
"19,18 : 0.4163"
"18,20 : 0.3396"
"20,18 : 0.3396"
"18,21 : 0.6931"
"21,18 : 0.6931"
"18,22 : 0.3114"
"22,18 : 0.3114"
"18,23 : 0.2332"
"23,18 : 0.2332"
"18,24 : 0.8448"
"24,18 : 0.8448"
"18,25 : 0.7829"
"25,18 : 0.7829"
"18,26 : 0.9235"
"26,18 : 0.9235"
"18,27 : 0.9774"
"27,18 : 0.9774"
"18,28 : 0.5187"
"28,18 : 0.5187"
"18,29 : 0.6395"
"29,18 : 0.6395"
"18,30 : 0.3607"
"30,18 : 0.3607"
"18,31 : 0.6862"
"31,18 : 0.6862"
"18,32 : 0.9941"
"32,18 : 0.9941"
"18,33 : 0.8684"
"33,18 : 0.8684"
"18,34 : 0.8824"
"34,18 : 0.8824"
"18,35 : 0.9569"
"35,18 : 0.9569"
"18,36 : 0.563"
"36,18 : 0.563"
"18,37 : 0.178"
"37,18 : 0.178"
"18,38 : 0.758"
"38,18 : 0.758"
"18,39 : 0.8945"
"39,18 : 0.8945"
"18,40 : 0.8254"
"40,18 : 0.8254"
"18,41 : 0.5179"
"41,18 : 0.5179"
"18,42 : 0.7806"
"42,18 : 0.7806"
"18,43 : 0.8188"
"43,18 : 0.8188"
"18,44 : 1.0164"
"44,18 : 1.0164"
"18,45 : 0.2702"
"45,18 : 0.2702"
"18,46 : 0.7669"
"46,18 : 0.7669"
"18,47 : 0.7201"
"47,18 : 0.7201"
"18,48 : 0.8448"
"48,18 : 0.8448"
"18,49 : 0.6621"
"49,18 : 0.6621"
"19,20 : 0.5831"
"20,19 : 0.5831"
"19,21 : 0.3448"
"21,19 : 0.3448"
"19,22 : 0.5941"
"22,19 : 0.5941"
"19,23 : 0.2617"
"23,19 : 0.2617"
"19,24 : 0.5284"
"24,19 : 0.5284"
"19,25 : 0.5991"
"25,19 : 0.5991"
"19,26 : 0.6727"
"26,19 : 0.6727"
"19,27 : 0.5731"
"27,19 : 0.5731"
"19,28 : 0.13"
"28,19 : 0.13"
"19,29 : 0.2571"
"29,19 : 0.2571"
"19,30 : 0.4368"
"30,19 : 0.4368"
"19,31 : 0.4743"
"31,19 : 0.4743"
"19,32 : 0.6152"
"32,19 : 0.6152"
"19,33 : 0.4667"
"33,19 : 0.4667"
"19,34 : 0.4904"
"34,19 : 0.4904"
"19,35 : 0.5523"
"35,19 : 0.5523"
"19,36 : 0.4071"
"36,19 : 0.4071"
"19,37 : 0.2717"
"37,19 : 0.2717"
"19,38 : 0.464"
"38,19 : 0.464"
"19,39 : 0.5725"
"39,19 : 0.5725"
"19,40 : 0.5946"
"40,19 : 0.5946"
"19,41 : 0.1526"
"41,19 : 0.1526"
"19,42 : 0.4238"
"42,19 : 0.4238"
"19,43 : 0.6551"
"43,19 : 0.6551"
"19,44 : 0.6001"
"44,19 : 0.6001"
"19,45 : 0.4342"
"45,19 : 0.4342"
"19,46 : 0.4342"
"46,19 : 0.4342"
"19,47 : 0.4393"
"47,19 : 0.4393"
"19,48 : 0.4357"
"48,19 : 0.4357"
"19,49 : 0.246"
"49,19 : 0.246"
"20,21 : 0.9214"
"21,20 : 0.9214"
"20,22 : 0.0539"
"22,20 : 0.0539"
"20,23 : 0.5315"
"23,20 : 0.5315"
"20,24 : 0.797"
"24,20 : 0.797"
"20,25 : 0.63"
"25,20 : 0.63"
"20,26 : 0.8016"
"26,20 : 0.8016"
"20,27 : 1.0346"
"27,20 : 1.0346"
"20,28 : 0.712"
"28,20 : 0.712"
"20,29 : 0.7043"
"29,20 : 0.7043"
"20,30 : 0.197"
"30,20 : 0.197"
"20,31 : 0.5805"
"31,20 : 0.5805"
"20,32 : 1.0022"
"32,20 : 1.0022"
"20,33 : 1.042"
"33,20 : 1.042"
"20,34 : 1.0707"
"34,20 : 1.0707"
"20,35 : 1.1229"
"35,20 : 1.1229"
"20,36 : 0.867"
"36,20 : 0.867"
"20,37 : 0.471"
"37,20 : 0.471"
"20,38 : 0.7052"
"38,20 : 0.7052"
"20,39 : 0.8448"
"39,20 : 0.8448"
"20,40 : 0.7026"
"40,20 : 0.7026"
"20,41 : 0.6011"
"41,20 : 0.6011"
"20,42 : 0.7871"
"42,20 : 0.7871"
"20,43 : 0.6428"
"43,20 : 0.6428"
"20,44 : 1.127"
"44,20 : 1.127"
"20,45 : 0.15"
"45,20 : 0.15"
"20,46 : 1.0072"
"46,20 : 1.0072"
"20,47 : 0.6641"
"47,20 : 0.6641"
"20,48 : 0.9262"
"48,20 : 0.9262"
"20,49 : 0.8016"
"49,20 : 0.8016"
"21,22 : 0.9266"
"22,21 : 0.9266"
"21,23 : 0.4686"
"23,21 : 0.4686"
"21,24 : 0.6912"
"24,21 : 0.6912"
"21,25 : 0.8613"
"25,21 : 0.8613"
"21,26 : 0.8766"
"26,21 : 0.8766"
"21,27 : 0.542"
"27,21 : 0.542"
"21,28 : 0.2159"
"28,21 : 0.2159"
"21,29 : 0.4179"
"29,21 : 0.4179"
"21,30 : 0.7816"
"30,21 : 0.7816"
"21,31 : 0.7398"
"31,21 : 0.7398"
"21,32 : 0.6544"
"32,21 : 0.6544"
"21,33 : 0.23"
"33,21 : 0.23"
"21,34 : 0.2159"
"34,21 : 0.2159"
"21,35 : 0.3126"
"35,21 : 0.3126"
"21,36 : 0.2915"
"36,21 : 0.2915"
"21,37 : 0.5162"
"37,21 : 0.5162"
"21,38 : 0.6671"
"38,21 : 0.6671"
"21,39 : 0.7185"
"39,21 : 0.7185"
"21,40 : 0.8264"
"40,21 : 0.8264"
"21,41 : 0.4111"
"41,21 : 0.4111"
"21,42 : 0.5576"
"42,21 : 0.5576"
"21,43 : 0.9218"
"43,21 : 0.9218"
"21,44 : 0.4589"
"44,21 : 0.4589"
"21,45 : 0.7747"
"45,21 : 0.7747"
"21,46 : 0.0906"
"46,21 : 0.0906"
"21,47 : 0.6613"
"47,21 : 0.6613"
"21,48 : 0.4201"
"48,21 : 0.4201"
"21,49 : 0.2506"
"49,21 : 0.2506"
"22,23 : 0.5179"
"23,22 : 0.5179"
"22,24 : 0.8393"
"24,22 : 0.8393"
"22,25 : 0.6803"
"25,22 : 0.6803"
"22,26 : 0.8505"
"26,22 : 0.8505"
"22,27 : 1.0668"
"27,22 : 1.0668"
"22,28 : 0.7211"
"28,22 : 0.7211"
"22,29 : 0.7324"
"29,22 : 0.7324"
"22,30 : 0.2377"
"30,22 : 0.2377"
"22,31 : 0.6265"
"31,22 : 0.6265"
"22,32 : 1.04"
"32,22 : 1.04"
"22,33 : 1.0576"
"33,22 : 1.0576"
"22,34 : 1.0841"
"34,22 : 1.0841"
"22,35 : 1.1402"
"35,22 : 1.1402"
"22,36 : 0.8551"
"36,22 : 0.8551"
"22,37 : 0.4571"
"37,22 : 0.4571"
"22,38 : 0.7473"
"38,22 : 0.7473"
"22,39 : 0.8877"
"39,22 : 0.8877"
"22,40 : 0.7511"
"40,22 : 0.7511"
"22,41 : 0.6248"
"41,22 : 0.6248"
"22,42 : 0.8235"
"42,22 : 0.8235"
"22,43 : 0.6946"
"43,22 : 0.6946"
"22,44 : 1.1526"
"44,22 : 1.1526"
"22,45 : 0.172"
"45,22 : 0.172"
"22,46 : 1.0107"
"46,22 : 1.0107"
"22,47 : 0.706"
"47,22 : 0.706"
"22,48 : 0.9544"
"48,22 : 0.9544"
"22,49 : 0.8204"
"49,22 : 0.8204"
"23,24 : 0.7762"
"24,23 : 0.7762"
"23,25 : 0.7931"
"25,23 : 0.7931"
"23,26 : 0.8989"
"26,23 : 0.8989"
"23,27 : 0.8305"
"27,23 : 0.8305"
"23,28 : 0.3228"
"28,23 : 0.3228"
"23,29 : 0.5179"
"29,23 : 0.5179"
"23,30 : 0.4713"
"30,23 : 0.4713"
"23,31 : 0.6762"
"31,23 : 0.6762"
"23,32 : 0.8769"
"32,23 : 0.8769"
"23,33 : 0.6619"
"33,23 : 0.6619"
"23,34 : 0.6689"
"34,23 : 0.6689"
"23,35 : 0.7513"
"35,23 : 0.7513"
"23,36 : 0.3373"
"36,23 : 0.3373"
"23,37 : 0.0608"
"37,23 : 0.0608"
"23,38 : 0.7021"
"38,23 : 0.7021"
"23,39 : 0.8228"
"39,23 : 0.8228"
"23,40 : 0.8102"
"40,23 : 0.8102"
"23,41 : 0.4052"
"41,23 : 0.4052"
"23,42 : 0.6815"
"42,23 : 0.6815"
"23,43 : 0.8415"
"43,23 : 0.8415"
"23,44 : 0.8368"
"44,23 : 0.8368"
"23,45 : 0.413"
"45,23 : 0.413"
"23,46 : 0.5376"
"46,23 : 0.5376"
"23,47 : 0.6712"
"47,23 : 0.6712"
"23,48 : 0.6912"
"48,23 : 0.6912"
"23,49 : 0.4866"
"49,23 : 0.4866"
"24,25 : 0.2729"
"25,24 : 0.2729"
"24,26 : 0.1942"
"26,24 : 0.1942"
"24,27 : 0.3384"
"27,24 : 0.3384"
"24,28 : 0.559"
"28,24 : 0.559"
"24,29 : 0.29"
"29,24 : 0.29"
"24,30 : 0.6017"
"30,24 : 0.6017"
"24,31 : 0.2302"
"31,24 : 0.2302"
"24,32 : 0.2343"
"32,24 : 0.2343"
"24,33 : 0.6042"
"33,24 : 0.6042"
"24,34 : 0.6573"
"34,24 : 0.6573"
"24,35 : 0.632"
"35,24 : 0.632"
"24,36 : 0.8983"
"36,24 : 0.8983"
"24,37 : 0.7654"
"37,24 : 0.7654"
"24,38 : 0.0922"
"38,24 : 0.0922"
"24,39 : 0.05"
"39,24 : 0.05"
"24,40 : 0.1897"
"40,24 : 0.1897"
"24,41 : 0.3759"
"41,24 : 0.3759"
"24,42 : 0.1342"
"42,24 : 0.1342"
"24,43 : 0.3231"
"43,24 : 0.3231"
"24,44 : 0.508"
"44,24 : 0.508"
"24,45 : 0.6807"
"45,24 : 0.6807"
"24,46 : 0.7648"
"46,24 : 0.7648"
"24,47 : 0.1334"
"47,24 : 0.1334"
"24,48 : 0.3314"
"48,24 : 0.3314"
"24,49 : 0.441"
"49,24 : 0.441"
"25,26 : 0.1772"
"26,25 : 0.1772"
"25,27 : 0.6093"
"27,25 : 0.6093"
"25,28 : 0.6803"
"28,25 : 0.6803"
"25,29 : 0.4472"
"29,25 : 0.4472"
"25,30 : 0.4571"
"30,25 : 0.4571"
"25,31 : 0.1253"
"31,25 : 0.1253"
"25,32 : 0.5048"
"32,25 : 0.5048"
"25,33 : 0.83"
"33,25 : 0.83"
"25,34 : 0.8802"
"34,25 : 0.8802"
"25,35 : 0.8737"
"35,25 : 0.8737"
"25,36 : 1.005"
"36,25 : 1.005"
"25,37 : 0.7622"
"37,25 : 0.7622"
"25,38 : 0.2236"
"38,25 : 0.2236"
"25,39 : 0.3"
"39,25 : 0.3"
"25,40 : 0.0922"
"40,25 : 0.0922"
"25,41 : 0.4652"
"41,25 : 0.4652"
"25,42 : 0.3667"
"42,25 : 0.3667"
"25,43 : 0.0608"
"43,25 : 0.0608"
"25,44 : 0.772"
"44,25 : 0.772"
"25,45 : 0.5532"
"45,25 : 0.5532"
"25,46 : 0.9459"
"46,25 : 0.9459"
"25,47 : 0.21"
"47,25 : 0.21"
"25,48 : 0.5787"
"48,25 : 0.5787"
"25,49 : 0.6198"
"49,25 : 0.6198"
"26,27 : 0.5148"
"27,26 : 0.5148"
"26,28 : 0.7262"
"28,26 : 0.7262"
"26,29 : 0.4632"
"29,26 : 0.4632"
"26,30 : 0.6207"
"30,26 : 0.6207"
"26,31 : 0.2377"
"31,26 : 0.2377"
"26,32 : 0.386"
"32,26 : 0.386"
"26,33 : 0.7983"
"33,26 : 0.7983"
"26,34 : 0.8515"
"34,26 : 0.8515"
"26,35 : 0.8249"
"35,26 : 0.8249"
"26,36 : 1.064"
"36,26 : 1.064"
"26,37 : 0.8771"
"37,26 : 0.8771"
"26,38 : 0.214"
"38,26 : 0.214"
"26,39 : 0.1903"
"39,26 : 0.1903"
"26,40 : 0.1005"
"40,26 : 0.1005"
"26,41 : 0.5233"
"41,26 : 0.5233"
"26,42 : 0.3257"
"42,26 : 0.3257"
"26,43 : 0.1942"
"43,26 : 0.1942"
"26,44 : 0.6918"
"44,26 : 0.6918"
"26,45 : 0.7134"
"45,26 : 0.7134"
"26,46 : 0.9534"
"46,26 : 0.9534"
"26,47 : 0.2335"
"47,26 : 0.2335"
"26,48 : 0.5247"
"48,26 : 0.5247"
"26,49 : 0.6261"
"49,26 : 0.6261"
"27,28 : 0.5235"
"28,27 : 0.5235"
"27,29 : 0.3418"
"29,27 : 0.3418"
"27,30 : 0.8405"
"30,27 : 0.8405"
"27,31 : 0.5408"
"31,27 : 0.5408"
"27,32 : 0.1456"
"32,27 : 0.1456"
"27,33 : 0.3612"
"33,27 : 0.3612"
"27,34 : 0.4123"
"34,27 : 0.4123"
"27,35 : 0.3489"
"35,27 : 0.3489"
"27,36 : 0.8171"
"36,27 : 0.8171"
"27,37 : 0.8448"
"37,27 : 0.8448"
"27,38 : 0.3945"
"38,27 : 0.3945"
"27,39 : 0.3256"
"39,27 : 0.3256"
"27,40 : 0.5281"
"40,27 : 0.5281"
"27,41 : 0.4617"
"41,27 : 0.4617"
"27,42 : 0.2625"
"42,27 : 0.2625"
"27,43 : 0.6613"
"43,27 : 0.6613"
"27,44 : 0.1811"
"44,27 : 0.1811"
"27,45 : 0.8955"
"45,27 : 0.8955"
"27,46 : 0.5841"
"46,27 : 0.5841"
"27,47 : 0.4244"
"47,27 : 0.4244"
"27,48 : 0.1404"
"48,27 : 0.1404"
"27,49 : 0.3536"
"49,27 : 0.3536"
"28,29 : 0.2691"
"29,28 : 0.2691"
"28,30 : 0.5661"
"30,28 : 0.5661"
"28,31 : 0.5554"
"31,28 : 0.5554"
"28,32 : 0.5946"
"32,28 : 0.5946"
"28,33 : 0.35"
"33,28 : 0.35"
"28,34 : 0.3677"
"34,28 : 0.3677"
"28,35 : 0.4383"
"35,28 : 0.4383"
"28,36 : 0.3394"
"36,28 : 0.3394"
"28,37 : 0.3534"
"37,28 : 0.3534"
"28,38 : 0.5122"
"38,28 : 0.5122"
"28,39 : 0.5967"
"39,28 : 0.5967"
"28,40 : 0.6604"
"40,28 : 0.6604"
"28,41 : 0.2154"
"41,28 : 0.2154"
"28,42 : 0.436"
"42,28 : 0.436"
"28,43 : 0.7393"
"43,28 : 0.7393"
"28,44 : 0.5142"
"44,28 : 0.5142"
"28,45 : 0.5636"
"45,28 : 0.5636"
"28,46 : 0.3059"
"46,28 : 0.3059"
"28,47 : 0.4965"
"47,28 : 0.4965"
"28,48 : 0.3833"
"48,28 : 0.3833"
"28,49 : 0.1703"
"49,28 : 0.1703"
"29,30 : 0.5162"
"30,29 : 0.5162"
"29,31 : 0.3306"
"31,29 : 0.3306"
"29,32 : 0.3606"
"32,29 : 0.3606"
"29,33 : 0.3981"
"33,29 : 0.3981"
"29,34 : 0.4441"
"34,29 : 0.4441"
"29,35 : 0.4588"
"35,29 : 0.4588"
"29,36 : 0.6083"
"36,29 : 0.6083"
"29,37 : 0.5209"
"37,29 : 0.5209"
"29,38 : 0.2506"
"38,29 : 0.2506"
"29,39 : 0.328"
"39,29 : 0.328"
"29,40 : 0.4085"
"40,29 : 0.4085"
"29,41 : 0.1217"
"41,29 : 0.1217"
"29,42 : 0.17"
"42,29 : 0.17"
"29,43 : 0.508"
"43,29 : 0.508"
"29,44 : 0.4243"
"44,29 : 0.4243"
"29,45 : 0.5604"
"45,29 : 0.5604"
"29,46 : 0.5"
"46,29 : 0.5"
"29,47 : 0.2435"
"47,29 : 0.2435"
"29,48 : 0.222"
"48,29 : 0.222"
"29,49 : 0.1726"
"49,29 : 0.1726"
"30,31 : 0.3912"
"31,30 : 0.3912"
"30,32 : 0.8053"
"32,30 : 0.8053"
"30,33 : 0.8746"
"33,30 : 0.8746"
"30,34 : 0.9082"
"34,30 : 0.9082"
"30,35 : 0.9513"
"35,30 : 0.9513"
"30,36 : 0.7831"
"36,30 : 0.7831"
"30,37 : 0.4179"
"37,30 : 0.4179"
"30,38 : 0.5096"
"38,30 : 0.5096"
"30,39 : 0.65"
"39,30 : 0.65"
"30,40 : 0.5204"
"40,30 : 0.5204"
"30,41 : 0.422"
"41,30 : 0.422"
"30,42 : 0.5906"
"42,30 : 0.5906"
"30,43 : 0.4808"
"43,30 : 0.4808"
"30,44 : 0.9405"
"44,30 : 0.9405"
"30,45 : 0.0985"
"45,30 : 0.0985"
"30,46 : 0.8709"
"46,30 : 0.8709"
"30,47 : 0.4684"
"47,30 : 0.4684"
"30,48 : 0.7366"
"48,30 : 0.7366"
"30,49 : 0.6297"
"49,30 : 0.6297"
"31,32 : 0.4601"
"32,31 : 0.4601"
"31,33 : 0.7225"
"33,31 : 0.7225"
"31,34 : 0.771"
"34,31 : 0.771"
"31,35 : 0.7728"
"35,31 : 0.7728"
"31,36 : 0.8798"
"36,31 : 0.8798"
"31,37 : 0.649"
"37,31 : 0.649"
"31,38 : 0.1487"
"38,31 : 0.1487"
"31,39 : 0.2729"
"39,31 : 0.2729"
"31,40 : 0.1393"
"40,31 : 0.1393"
"31,41 : 0.3401"
"41,31 : 0.3401"
"31,42 : 0.2818"
"42,31 : 0.2818"
"31,43 : 0.1838"
"43,31 : 0.1838"
"31,44 : 0.6894"
"44,31 : 0.6894"
"31,45 : 0.4801"
"45,31 : 0.4801"
"31,46 : 0.8257"
"46,31 : 0.8257"
"31,47 : 0.1166"
"47,31 : 0.1166"
"31,48 : 0.487"
"48,31 : 0.487"
"31,49 : 0.5025"
"49,31 : 0.5025"
"32,33 : 0.4965"
"33,32 : 0.4965"
"32,34 : 0.5492"
"34,32 : 0.5492"
"32,35 : 0.4924"
"35,32 : 0.4924"
"32,36 : 0.913"
"36,32 : 0.913"
"32,37 : 0.8814"
"37,32 : 0.8814"
"32,38 : 0.3124"
"38,32 : 0.3124"
"32,39 : 0.2059"
"39,32 : 0.2059"
"32,40 : 0.4168"
"40,32 : 0.4168"
"32,41 : 0.48"
"41,32 : 0.48"
"32,42 : 0.2184"
"42,32 : 0.2184"
"32,43 : 0.5507"
"43,32 : 0.5507"
"32,44 : 0.3256"
"44,32 : 0.3256"
"32,45 : 0.8732"
"45,32 : 0.8732"
"32,46 : 0.7071"
"46,32 : 0.7071"
"32,47 : 0.35"
"47,32 : 0.35"
"32,48 : 0.2343"
"48,32 : 0.2343"
"32,49 : 0.4338"
"49,32 : 0.4338"
"33,34 : 0.0539"
"34,33 : 0.0539"
"33,35 : 0.0894"
"35,33 : 0.0894"
"33,36 : 0.5209"
"36,33 : 0.5209"
"33,37 : 0.6997"
"37,33 : 0.6997"
"33,38 : 0.6113"
"38,33 : 0.6113"
"33,39 : 0.6168"
"39,33 : 0.6168"
"33,40 : 0.7732"
"40,33 : 0.7732"
"33,41 : 0.4562"
"41,33 : 0.4562"
"33,42 : 0.4752"
"42,33 : 0.4752"
"33,43 : 0.8901"
"43,33 : 0.8901"
"33,44 : 0.2377"
"44,33 : 0.2377"
"33,45 : 0.892"
"45,33 : 0.892"
"33,46 : 0.2377"
"46,33 : 0.2377"
"33,47 : 0.62"
"47,33 : 0.62"
"33,48 : 0.2786"
"48,33 : 0.2786"
"33,49 : 0.246"
"49,33 : 0.246"
"34,35 : 0.1005"
"35,34 : 0.1005"
"34,36 : 0.5004"
"36,34 : 0.5004"
"34,37 : 0.7103"
"37,34 : 0.7103"
"34,38 : 0.6627"
"38,34 : 0.6627"
"34,39 : 0.6705"
"39,34 : 0.6705"
"34,40 : 0.8249"
"40,34 : 0.8249"
"34,41 : 0.494"
"41,34 : 0.494"
"34,42 : 0.5277"
"42,34 : 0.5277"
"34,43 : 0.9405"
"43,34 : 0.9405"
"34,44 : 0.2778"
"44,34 : 0.2778"
"34,45 : 0.9209"
"45,34 : 0.9209"
"34,46 : 0.204"
"46,34 : 0.204"
"34,47 : 0.6703"
"47,34 : 0.6703"
"34,48 : 0.3324"
"48,34 : 0.3324"
"34,49 : 0.2846"
"49,34 : 0.2846"
"35,36 : 0.6001"
"36,35 : 0.6001"
"35,37 : 0.7889"
"37,35 : 0.7889"
"35,38 : 0.6512"
"38,35 : 0.6512"
"35,39 : 0.6379"
"39,35 : 0.6379"
"35,40 : 0.8101"
"40,35 : 0.8101"
"35,41 : 0.53"
"41,35 : 0.53"
"35,42 : 0.5101"
"42,35 : 0.5101"
"35,43 : 0.9326"
"43,35 : 0.9326"
"35,44 : 0.191"
"44,35 : 0.191"
"35,45 : 0.9731"
"45,35 : 0.9731"
"35,46 : 0.3041"
"46,35 : 0.3041"
"35,47 : 0.6648"
"47,35 : 0.6648"
"35,48 : 0.3007"
"48,35 : 0.3007"
"35,49 : 0.322"
"49,35 : 0.322"
"36,37 : 0.3981"
"37,36 : 0.3981"
"36,38 : 0.8504"
"38,36 : 0.8504"
"36,39 : 0.9351"
"39,36 : 0.9351"
"36,40 : 0.994"
"40,36 : 0.994"
"36,41 : 0.5441"
"41,36 : 0.5441"
"36,42 : 0.7734"
"42,36 : 0.7734"
"36,43 : 1.0617"
"43,36 : 1.0617"
"36,44 : 0.7497"
"44,36 : 0.7497"
"36,45 : 0.7403"
"45,36 : 0.7403"
"36,46 : 0.3059"
"46,36 : 0.3059"
"36,47 : 0.8324"
"47,36 : 0.8324"
"36,48 : 0.6845"
"48,36 : 0.6845"
"36,49 : 0.4802"
"49,36 : 0.4802"
"37,38 : 0.6871"
"38,37 : 0.6871"
"37,39 : 0.8132"
"39,37 : 0.8132"
"37,40 : 0.7855"
"40,37 : 0.7855"
"37,41 : 0.4031"
"41,37 : 0.4031"
"37,42 : 0.679"
"42,37 : 0.679"
"37,43 : 0.8081"
"43,37 : 0.8081"
"37,44 : 0.8633"
"44,37 : 0.8633"
"37,45 : 0.3551"
"45,37 : 0.3551"
"37,46 : 0.589"
"46,37 : 0.589"
"37,47 : 0.6539"
"47,37 : 0.6539"
"37,48 : 0.7071"
"48,37 : 0.7071"
"37,49 : 0.5096"
"49,37 : 0.5096"
"38,39 : 0.1414"
"39,38 : 0.1414"
"38,40 : 0.1628"
"40,38 : 0.1628"
"38,41 : 0.3124"
"41,38 : 0.3124"
"38,42 : 0.1432"
"42,38 : 0.1432"
"38,43 : 0.2816"
"43,38 : 0.2816"
"38,44 : 0.5503"
"44,38 : 0.5503"
"38,45 : 0.5886"
"45,38 : 0.5886"
"38,46 : 0.7467"
"46,38 : 0.7467"
"38,47 : 0.0412"
"47,38 : 0.0412"
"38,48 : 0.3551"
"48,38 : 0.3551"
"38,49 : 0.4179"
"49,38 : 0.4179"
"39,40 : 0.211"
"40,39 : 0.211"
"39,41 : 0.4205"
"41,39 : 0.4205"
"39,42 : 0.1628"
"42,39 : 0.1628"
"39,43 : 0.3448"
"43,39 : 0.3448"
"39,44 : 0.5016"
"44,39 : 0.5016"
"39,45 : 0.7299"
"45,39 : 0.7299"
"39,46 : 0.7889"
"46,39 : 0.7889"
"39,47 : 0.1825"
"47,39 : 0.1825"
"39,48 : 0.3396"
"48,39 : 0.3396"
"39,49 : 0.4701"
"49,39 : 0.4701"
"40,41 : 0.45"
"41,40 : 0.45"
"40,42 : 0.3"
"42,40 : 0.3"
"40,43 : 0.1342"
"43,40 : 0.1342"
"40,44 : 0.6963"
"44,40 : 0.6963"
"40,45 : 0.6129"
"45,40 : 0.6129"
"40,46 : 0.9076"
"46,40 : 0.9076"
"40,47 : 0.1655"
"47,40 : 0.1655"
"40,48 : 0.5109"
"48,40 : 0.5109"
"40,49 : 0.5787"
"49,40 : 0.5787"
"41,42 : 0.2766"
"42,41 : 0.2766"
"41,43 : 0.5239"
"43,41 : 0.5239"
"41,44 : 0.528"
"44,41 : 0.528"
"41,45 : 0.4534"
"45,41 : 0.4534"
"41,46 : 0.5004"
"46,41 : 0.5004"
"41,47 : 0.29"
"47,41 : 0.29"
"41,48 : 0.3354"
"48,41 : 0.3354"
"41,49 : 0.2102"
"49,41 : 0.2102"
"42,43 : 0.4243"
"43,42 : 0.4243"
"42,44 : 0.4085"
"44,42 : 0.4085"
"42,45 : 0.6555"
"45,42 : 0.6555"
"42,46 : 0.6306"
"46,42 : 0.6306"
"42,47 : 0.1655"
"47,42 : 0.1655"
"42,48 : 0.2121"
"48,42 : 0.2121"
"42,49 : 0.3081"
"49,42 : 0.3081"
"43,44 : 0.8271"
