x,y
0.04,0.66
0.17,0.29
0.1,0.68
0.76,0.22
0.18,0.46
0.19,0.55
0.24,0.89
0.45,0.56
0.08,0.57
0.1,0.41
0.48,0.51
0.81,0.29
0.72,0.22
0.16,0.21
0.23,0.09
0.28,0.71
0.35,0.64
0.17,0.95
0.29,0.73
0.76,0.97
0.77,0.44
0.56,0.08
0.76,0.61
0.56,0.47
0.84,0.96
0.74,0.43
0.97,0.09
0.03,0.79
0.12,0.26
0.59,0.64
0.95,0.05
0.52,0.12
0.5,0.22
0.99,0.97
0.95,0.92
0.42,0.95
0.78,0.1
0.2,0.13
0.32,0.54
0.39,0.9
0.21,0.07
0.09,0.76
0.86,0.88
0.15,0.22
0.5,0.6
0.99,0.36
0.96,0.91
0.22,0.22
0.32,0.6
0.39,0.68

Distanze
"0,1 : 0.3922"
"1,0 : 0.3922"
"0,2 : 0.0632"
"2,0 : 0.0632"
"0,3 : 0.8438"
"3,0 : 0.8438"
"0,4 : 0.2441"
"4,0 : 0.2441"
"0,5 : 0.186"
"5,0 : 0.186"
"0,6 : 0.3048"
"6,0 : 0.3048"
"0,7 : 0.422"
"7,0 : 0.422"
"0,8 : 0.0985"
"8,0 : 0.0985"
"0,9 : 0.2571"
"9,0 : 0.2571"
"0,10 : 0.4649"
"10,0 : 0.4649"
"0,11 : 0.8543"
"11,0 : 0.8543"
"0,12 : 0.8099"
"12,0 : 0.8099"
"0,13 : 0.4657"
"13,0 : 0.4657"
"0,14 : 0.6008"
"14,0 : 0.6008"
"0,15 : 0.2452"
"15,0 : 0.2452"
"0,16 : 0.3106"
"16,0 : 0.3106"
"0,17 : 0.3178"
"17,0 : 0.3178"
"0,18 : 0.2596"
"18,0 : 0.2596"
"0,19 : 0.7839"
"19,0 : 0.7839"
"0,20 : 0.7624"
"20,0 : 0.7624"
"0,21 : 0.779"
"21,0 : 0.779"
"0,22 : 0.7217"
"22,0 : 0.7217"
"0,23 : 0.5536"
"23,0 : 0.5536"
"0,24 : 0.8544"
"24,0 : 0.8544"
"0,25 : 0.7368"
"25,0 : 0.7368"
"0,26 : 1.0908"
"26,0 : 1.0908"
"0,27 : 0.1304"
"27,0 : 0.1304"
"0,28 : 0.4079"
"28,0 : 0.4079"
"0,29 : 0.5504"
"29,0 : 0.5504"
"0,30 : 1.0955"
"30,0 : 1.0955"
"0,31 : 0.7225"
"31,0 : 0.7225"
"0,32 : 0.6366"
"32,0 : 0.6366"
"0,33 : 0.9993"
"33,0 : 0.9993"
"0,34 : 0.9464"
"34,0 : 0.9464"
"0,35 : 0.478"
"35,0 : 0.478"
"0,36 : 0.928"
"36,0 : 0.928"
"0,37 : 0.5536"
"37,0 : 0.5536"
"0,38 : 0.3046"
"38,0 : 0.3046"
"0,39 : 0.4244"
"39,0 : 0.4244"
"0,40 : 0.614"
"40,0 : 0.614"
"0,41 : 0.1118"
"41,0 : 0.1118"
"0,42 : 0.849"
"42,0 : 0.849"
"0,43 : 0.4535"
"43,0 : 0.4535"
"0,44 : 0.4639"
"44,0 : 0.4639"
"0,45 : 0.9962"
"45,0 : 0.9962"
"0,46 : 0.9534"
"46,0 : 0.9534"
"0,47 : 0.4754"
"47,0 : 0.4754"
"0,48 : 0.2864"
"48,0 : 0.2864"
"0,49 : 0.3506"
"49,0 : 0.3506"
"1,2 : 0.3962"
"2,1 : 0.3962"
"1,3 : 0.5941"
"3,1 : 0.5941"
"1,4 : 0.1703"
"4,1 : 0.1703"
"1,5 : 0.2608"
"5,1 : 0.2608"
"1,6 : 0.6041"
"6,1 : 0.6041"
"1,7 : 0.389"
"7,1 : 0.389"
"1,8 : 0.2941"
"8,1 : 0.2941"
"1,9 : 0.1389"
"9,1 : 0.1389"
"1,10 : 0.3801"
"10,1 : 0.3801"
"1,11 : 0.64"
"11,1 : 0.64"
"1,12 : 0.5544"
"12,1 : 0.5544"
"1,13 : 0.0806"
"13,1 : 0.0806"
"1,14 : 0.2088"
"14,1 : 0.2088"
"1,15 : 0.4342"
"15,1 : 0.4342"
"1,16 : 0.3936"
"16,1 : 0.3936"
"1,17 : 0.66"
"17,1 : 0.66"
"1,18 : 0.4561"
"18,1 : 0.4561"
"1,19 : 0.9003"
"19,1 : 0.9003"
"1,20 : 0.6185"
"20,1 : 0.6185"
"1,21 : 0.4429"
"21,1 : 0.4429"
"1,22 : 0.6712"
"22,1 : 0.6712"
"1,23 : 0.4295"
"23,1 : 0.4295"
"1,24 : 0.9475"
"24,1 : 0.9475"
"1,25 : 0.5869"
"25,1 : 0.5869"
"1,26 : 0.8246"
"26,1 : 0.8246"
"1,27 : 0.5192"
"27,1 : 0.5192"
"1,28 : 0.0583"
"28,1 : 0.0583"
"1,29 : 0.5467"
"29,1 : 0.5467"
"1,30 : 0.8161"
"30,1 : 0.8161"
"1,31 : 0.3891"
"31,1 : 0.3891"
"1,32 : 0.3373"
"32,1 : 0.3373"
"1,33 : 1.0653"
"33,1 : 1.0653"
"1,34 : 1.0026"
"34,1 : 1.0026"
"1,35 : 0.7058"
"35,1 : 0.7058"
"1,36 : 0.6389"
"36,1 : 0.6389"
"1,37 : 0.1628"
"37,1 : 0.1628"
"1,38 : 0.2915"
"38,1 : 0.2915"
"1,39 : 0.6485"
"39,1 : 0.6485"
"1,40 : 0.2236"
"40,1 : 0.2236"
"1,41 : 0.4768"
"41,1 : 0.4768"
"1,42 : 0.9079"
"42,1 : 0.9079"
"1,43 : 0.0728"
"43,1 : 0.0728"
"1,44 : 0.4528"
"44,1 : 0.4528"
"1,45 : 0.823"
"45,1 : 0.823"
"1,46 : 1.0042"
"46,1 : 1.0042"
"1,47 : 0.086"
"47,1 : 0.086"
"1,48 : 0.3444"
"48,1 : 0.3444"
"1,49 : 0.4478"
"49,1 : 0.4478"
"2,3 : 0.8045"
"3,2 : 0.8045"
"2,4 : 0.2341"
"4,2 : 0.2341"
"2,5 : 0.1581"
"5,2 : 0.1581"
"2,6 : 0.2524"
"6,2 : 0.2524"
"2,7 : 0.37"
"7,2 : 0.37"
"2,8 : 0.1118"
"8,2 : 0.1118"
"2,9 : 0.27"
"9,2 : 0.27"
"2,10 : 0.4163"
"10,2 : 0.4163"
"2,11 : 0.8101"
"11,2 : 0.8101"
"2,12 : 0.772"
"12,2 : 0.772"
"2,13 : 0.4738"
"13,2 : 0.4738"
"2,14 : 0.6042"
"14,2 : 0.6042"
"2,15 : 0.1825"
"15,2 : 0.1825"
"2,16 : 0.2532"
"16,2 : 0.2532"
"2,17 : 0.2789"
"17,2 : 0.2789"
"2,18 : 0.1965"
"18,2 : 0.1965"
"2,19 : 0.7209"
"19,2 : 0.7209"
"2,20 : 0.7117"
"20,2 : 0.7117"
"2,21 : 0.756"
"21,2 : 0.756"
"2,22 : 0.6637"
"22,2 : 0.6637"
"2,23 : 0.5057"
"23,2 : 0.5057"
"2,24 : 0.7912"
"24,2 : 0.7912"
"2,25 : 0.6871"
"25,2 : 0.6871"
"2,26 : 1.0512"
"26,2 : 1.0512"
"2,27 : 0.1304"
"27,2 : 0.1304"
"2,28 : 0.4205"
"28,2 : 0.4205"
"2,29 : 0.4916"
"29,2 : 0.4916"
"2,30 : 1.058"
"30,2 : 1.058"
"2,31 : 0.7"
"31,2 : 0.7"
"2,32 : 0.6096"
"32,2 : 0.6096"
"2,33 : 0.9361"
"33,2 : 0.9361"
"2,34 : 0.8832"
"34,2 : 0.8832"
"2,35 : 0.4187"
"35,2 : 0.4187"
"2,36 : 0.8938"
"36,2 : 0.8938"
"2,37 : 0.559"
"37,2 : 0.559"
"2,38 : 0.2608"
"38,2 : 0.2608"
"2,39 : 0.364"
"39,2 : 0.364"
"2,40 : 0.6198"
"40,2 : 0.6198"
"2,41 : 0.0806"
"41,2 : 0.0806"
"2,42 : 0.7859"
"42,2 : 0.7859"
"2,43 : 0.4627"
"43,2 : 0.4627"
"2,44 : 0.4079"
"44,2 : 0.4079"
"2,45 : 0.9458"
"45,2 : 0.9458"
"2,46 : 0.8902"
"46,2 : 0.8902"
"2,47 : 0.4754"
"47,2 : 0.4754"
"2,48 : 0.2341"
"48,2 : 0.2341"
"2,49 : 0.29"
"49,2 : 0.29"
"3,4 : 0.6277"
"4,3 : 0.6277"
"3,5 : 0.6586"
"5,3 : 0.6586"
"3,6 : 0.8481"
"6,3 : 0.8481"
"3,7 : 0.4601"
"7,3 : 0.4601"
"3,8 : 0.7648"
"8,3 : 0.7648"
"3,9 : 0.6868"
"9,3 : 0.6868"
"3,10 : 0.4031"
"10,3 : 0.4031"
"3,11 : 0.086"
"11,3 : 0.086"
"3,12 : 0.04"
"12,3 : 0.04"
"3,13 : 0.6001"
"13,3 : 0.6001"
"3,14 : 0.5457"
"14,3 : 0.5457"
"3,15 : 0.6859"
"15,3 : 0.6859"
"3,16 : 0.5869"
"16,3 : 0.5869"
"3,17 : 0.9386"
"17,3 : 0.9386"
"3,18 : 0.6935"
"18,3 : 0.6935"
"3,19 : 0.75"
"19,3 : 0.75"
"3,20 : 0.2202"
"20,3 : 0.2202"
"3,21 : 0.2441"
"21,3 : 0.2441"
"3,22 : 0.39"
"22,3 : 0.39"
"3,23 : 0.3202"
"23,3 : 0.3202"
"3,24 : 0.7443"
"24,3 : 0.7443"
"3,25 : 0.211"
"25,3 : 0.211"
"3,26 : 0.247"
"26,3 : 0.247"
"3,27 : 0.9262"
"27,3 : 0.9262"
"3,28 : 0.6412"
"28,3 : 0.6412"
"3,29 : 0.4531"
"29,3 : 0.4531"
"3,30 : 0.255"
"30,3 : 0.255"
"3,31 : 0.26"
"31,3 : 0.26"
"3,32 : 0.26"
"32,3 : 0.26"
"3,33 : 0.7845"
"33,3 : 0.7845"
"3,34 : 0.7253"
"34,3 : 0.7253"
"3,35 : 0.8053"
"35,3 : 0.8053"
"3,36 : 0.1217"
"36,3 : 0.1217"
"3,37 : 0.5672"
"37,3 : 0.5672"
"3,38 : 0.5441"
"38,3 : 0.5441"
"3,39 : 0.7741"
"39,3 : 0.7741"
"3,40 : 0.5701"
"40,3 : 0.5701"
"3,41 : 0.8605"
"41,3 : 0.8605"
"3,42 : 0.6675"
"42,3 : 0.6675"
"3,43 : 0.61"
"43,3 : 0.61"
"3,44 : 0.4604"
"44,3 : 0.4604"
"3,45 : 0.2693"
"45,3 : 0.2693"
"3,46 : 0.7184"
"46,3 : 0.7184"
"3,47 : 0.54"
"47,3 : 0.54"
"3,48 : 0.5814"
"48,3 : 0.5814"
"3,49 : 0.5903"
"49,3 : 0.5903"
"4,5 : 0.0906"
"5,4 : 0.0906"
"4,6 : 0.4342"
"6,4 : 0.4342"
"4,7 : 0.2879"
"7,4 : 0.2879"
"4,8 : 0.1487"
"8,4 : 0.1487"
"4,9 : 0.0943"
"9,4 : 0.0943"
"4,10 : 0.3041"
"10,4 : 0.3041"
"4,11 : 0.6525"
"11,4 : 0.6525"
"4,12 : 0.5909"
"12,4 : 0.5909"
"4,13 : 0.2508"
"13,4 : 0.2508"
"4,14 : 0.3734"
"14,4 : 0.3734"
"4,15 : 0.2693"
"15,4 : 0.2693"
"4,16 : 0.2476"
"16,4 : 0.2476"
"4,17 : 0.4901"
"17,4 : 0.4901"
"4,18 : 0.2915"
"18,4 : 0.2915"
"4,19 : 0.7723"
"19,4 : 0.7723"
"4,20 : 0.5903"
"20,4 : 0.5903"
"4,21 : 0.5374"
"21,4 : 0.5374"
"4,22 : 0.5991"
"22,4 : 0.5991"
"4,23 : 0.3801"
"23,4 : 0.3801"
"4,24 : 0.828"
"24,4 : 0.828"
"4,25 : 0.5608"
"25,4 : 0.5608"
"4,26 : 0.8724"
"26,4 : 0.8724"
"4,27 : 0.3625"
"27,4 : 0.3625"
"4,28 : 0.2088"
"28,4 : 0.2088"
"4,29 : 0.4478"
"29,4 : 0.4478"
"4,30 : 0.8724"
"30,4 : 0.8724"
"4,31 : 0.4808"
"31,4 : 0.4808"
"4,32 : 0.4"
"32,4 : 0.4"
"4,33 : 0.9572"
"33,4 : 0.9572"
"4,34 : 0.8969"
"34,4 : 0.8969"
"4,35 : 0.5456"
"35,4 : 0.5456"
"4,36 : 0.6997"
"36,4 : 0.6997"
"4,37 : 0.3306"
"37,4 : 0.3306"
"4,38 : 0.1612"
"38,4 : 0.1612"
"4,39 : 0.4875"
"39,4 : 0.4875"
"4,40 : 0.3912"
"40,4 : 0.3912"
"4,41 : 0.3132"
"41,4 : 0.3132"
"4,42 : 0.7992"
"42,4 : 0.7992"
"4,43 : 0.2419"
"43,4 : 0.2419"
"4,44 : 0.3493"
"44,4 : 0.3493"
"4,45 : 0.8161"
"45,4 : 0.8161"
"4,46 : 0.9005"
"46,4 : 0.9005"
"4,47 : 0.2433"
"47,4 : 0.2433"
"4,48 : 0.198"
"48,4 : 0.198"
"4,49 : 0.3041"
"49,4 : 0.3041"
"5,6 : 0.3437"
"6,5 : 0.3437"
"5,7 : 0.2602"
"7,5 : 0.2602"
"5,8 : 0.1118"
"8,5 : 0.1118"
"5,9 : 0.1664"
"9,5 : 0.1664"
"5,10 : 0.2927"
"10,5 : 0.2927"
"5,11 : 0.6723"
"11,5 : 0.6723"
"5,12 : 0.6243"
"12,5 : 0.6243"
"5,13 : 0.3413"
"13,5 : 0.3413"
"5,14 : 0.4617"
"14,5 : 0.4617"
"5,15 : 0.1836"
"15,5 : 0.1836"
"5,16 : 0.1836"
"16,5 : 0.1836"
"5,17 : 0.4005"
"17,5 : 0.4005"
"5,18 : 0.2059"
"18,5 : 0.2059"
"5,19 : 0.708"
"19,5 : 0.708"
"5,20 : 0.5903"
"20,5 : 0.5903"
"5,21 : 0.5982"
"21,5 : 0.5982"
"5,22 : 0.5731"
"22,5 : 0.5731"
"5,23 : 0.3785"
"23,5 : 0.3785"
"5,24 : 0.7685"
"24,5 : 0.7685"
"5,25 : 0.5629"
"25,5 : 0.5629"
"5,26 : 0.9055"
"26,5 : 0.9055"
"5,27 : 0.2884"
"27,5 : 0.2884"
"5,28 : 0.2983"
"28,5 : 0.2983"
"5,29 : 0.41"
"29,5 : 0.41"
"5,30 : 0.9097"
"30,5 : 0.9097"
"5,31 : 0.542"
"31,5 : 0.542"
"5,32 : 0.4528"
"32,5 : 0.4528"
"5,33 : 0.9035"
"33,5 : 0.9035"
"5,34 : 0.8453"
"34,5 : 0.8453"
"5,35 : 0.4614"
"35,5 : 0.4614"
"5,36 : 0.742"
"36,5 : 0.742"
"5,37 : 0.4201"
"37,5 : 0.4201"
"5,38 : 0.1304"
"38,5 : 0.1304"
"5,39 : 0.4031"
"39,5 : 0.4031"
"5,40 : 0.4804"
"40,5 : 0.4804"
"5,41 : 0.2326"
"41,5 : 0.2326"
"5,42 : 0.7469"
"42,5 : 0.7469"
"5,43 : 0.3324"
"43,5 : 0.3324"
"5,44 : 0.314"
"44,5 : 0.314"
"5,45 : 0.8223"
"45,5 : 0.8223"
"5,46 : 0.85"
"46,5 : 0.85"
"5,47 : 0.3314"
"47,5 : 0.3314"
"5,48 : 0.1393"
"48,5 : 0.1393"
"5,49 : 0.2385"
"49,5 : 0.2385"
"6,7 : 0.3912"
"7,6 : 0.3912"
"6,8 : 0.3578"
"8,6 : 0.3578"
"6,9 : 0.5"
"9,6 : 0.5"
"6,10 : 0.4494"
"10,6 : 0.4494"
"6,11 : 0.8276"
"11,6 : 0.8276"
"6,12 : 0.8242"
"12,6 : 0.8242"
"6,13 : 0.6847"
"13,6 : 0.6847"
"6,14 : 0.8001"
"14,6 : 0.8001"
"6,15 : 0.1844"
"15,6 : 0.1844"
"6,16 : 0.2731"
"16,6 : 0.2731"
"6,17 : 0.0922"
"17,6 : 0.0922"
"6,18 : 0.1676"
"18,6 : 0.1676"
"6,19 : 0.5261"
"19,6 : 0.5261"
"6,20 : 0.6953"
"20,6 : 0.6953"
"6,21 : 0.8709"
"21,6 : 0.8709"
"6,22 : 0.5906"
"22,6 : 0.5906"
"6,23 : 0.528"
"23,6 : 0.528"
"6,24 : 0.6041"
"24,6 : 0.6041"
"6,25 : 0.6794"
"25,6 : 0.6794"
"6,26 : 1.083"
"26,6 : 1.083"
"6,27 : 0.2326"
"27,6 : 0.2326"
"6,28 : 0.6413"
"28,6 : 0.6413"
"6,29 : 0.4301"
"29,6 : 0.4301"
"6,30 : 1.0999"
"30,6 : 1.0999"
"6,31 : 0.8193"
"31,6 : 0.8193"
"6,32 : 0.7187"
"32,6 : 0.7187"
"6,33 : 0.7543"
"33,6 : 0.7543"
"6,34 : 0.7106"
"34,6 : 0.7106"
"6,35 : 0.1897"
"35,6 : 0.1897"
"6,36 : 0.9569"
"36,6 : 0.9569"
"6,37 : 0.7611"
"37,6 : 0.7611"
"6,38 : 0.359"
"38,6 : 0.359"
"6,39 : 0.1503"
"39,6 : 0.1503"
"6,40 : 0.8205"
"40,6 : 0.8205"
"6,41 : 0.1985"
"41,6 : 0.1985"
"6,42 : 0.6201"
"42,6 : 0.6201"
"6,43 : 0.676"
"43,6 : 0.676"
"6,44 : 0.3895"
"44,6 : 0.3895"
"6,45 : 0.9184"
"45,6 : 0.9184"
"6,46 : 0.7203"
"46,6 : 0.7203"
"6,47 : 0.6703"
"47,6 : 0.6703"
"6,48 : 0.3008"
"48,6 : 0.3008"
"6,49 : 0.2581"
"49,6 : 0.2581"
"7,8 : 0.3701"
"8,7 : 0.3701"
"7,9 : 0.3808"
"9,7 : 0.3808"
"7,10 : 0.0583"
"10,7 : 0.0583"
"7,11 : 0.45"
"11,7 : 0.45"
"7,12 : 0.4342"
"12,7 : 0.4342"
"7,13 : 0.4545"
"13,7 : 0.4545"
"7,14 : 0.5189"
"14,7 : 0.5189"
"7,15 : 0.2267"
"15,7 : 0.2267"
"7,16 : 0.1281"
"16,7 : 0.1281"
"7,17 : 0.4801"
"17,7 : 0.4801"
"7,18 : 0.2335"
"18,7 : 0.2335"
"7,19 : 0.514"
"19,7 : 0.514"
"7,20 : 0.3418"
"20,7 : 0.3418"
"7,21 : 0.4924"
"21,7 : 0.4924"
"7,22 : 0.314"
"22,7 : 0.314"
"7,23 : 0.1421"
"23,7 : 0.1421"
"7,24 : 0.5587"
"24,7 : 0.5587"
"7,25 : 0.3178"
"25,7 : 0.3178"
"7,26 : 0.7009"
"26,7 : 0.7009"
"7,27 : 0.4789"
"27,7 : 0.4789"
"7,28 : 0.446"
"28,7 : 0.446"
"7,29 : 0.1612"
"29,7 : 0.1612"
"7,30 : 0.7142"
"30,7 : 0.7142"
"7,31 : 0.4455"
"31,7 : 0.4455"
"7,32 : 0.3437"
"32,7 : 0.3437"
"7,33 : 0.678"
"33,7 : 0.678"
"7,34 : 0.6161"
"34,7 : 0.6161"
"7,35 : 0.3912"
"35,7 : 0.3912"
"7,36 : 0.5661"
"36,7 : 0.5661"
"7,37 : 0.4974"
"37,7 : 0.4974"
"7,38 : 0.1315"
"38,7 : 0.1315"
"7,39 : 0.3453"
"39,7 : 0.3453"
"7,40 : 0.5456"
"40,7 : 0.5456"
"7,41 : 0.4118"
"41,7 : 0.4118"
"7,42 : 0.5201"
"42,7 : 0.5201"
"7,43 : 0.4534"
"43,7 : 0.4534"
"7,44 : 0.064"
"44,7 : 0.064"
"7,45 : 0.5758"
"45,7 : 0.5758"
"7,46 : 0.6185"
"46,7 : 0.6185"
"7,47 : 0.4105"
"47,7 : 0.4105"
"7,48 : 0.136"
"48,7 : 0.136"
"7,49 : 0.1342"
"49,7 : 0.1342"
"8,9 : 0.1612"
"9,8 : 0.1612"
"8,10 : 0.4045"
"10,8 : 0.4045"
"8,11 : 0.7819"
"11,8 : 0.7819"
"8,12 : 0.7295"
"12,8 : 0.7295"
"8,13 : 0.3688"
"13,8 : 0.3688"
"8,14 : 0.5029"
"14,8 : 0.5029"
"8,15 : 0.2441"
"15,8 : 0.2441"
"8,16 : 0.2789"
"16,8 : 0.2789"
"8,17 : 0.3905"
"17,8 : 0.3905"
"8,18 : 0.264"
"18,8 : 0.264"
"8,19 : 0.7889"
"19,8 : 0.7889"
"8,20 : 0.7021"
"20,8 : 0.7021"
"8,21 : 0.6859"
"21,8 : 0.6859"
"8,22 : 0.6812"
"22,8 : 0.6812"
"8,23 : 0.4903"
"23,8 : 0.4903"
"8,24 : 0.8542"
"24,8 : 0.8542"
"8,25 : 0.6747"
"25,8 : 0.6747"
"8,26 : 1.0112"
"26,8 : 1.0112"
"8,27 : 0.2256"
"27,8 : 0.2256"
"8,28 : 0.3126"
"28,8 : 0.3126"
"8,29 : 0.5148"
"29,8 : 0.5148"
"8,30 : 1.0136"
"30,8 : 1.0136"
"8,31 : 0.6294"
"31,8 : 0.6294"
"8,32 : 0.5467"
"32,8 : 0.5467"
"8,33 : 0.994"
"33,8 : 0.994"
"8,34 : 0.9378"
"34,8 : 0.9378"
"8,35 : 0.5099"
"35,8 : 0.5099"
"8,36 : 0.8431"
"36,8 : 0.8431"
"8,37 : 0.4561"
"37,8 : 0.4561"
"8,38 : 0.2419"
"38,8 : 0.2419"
"8,39 : 0.4528"
"39,8 : 0.4528"
"8,40 : 0.5166"
"40,8 : 0.5166"
"8,41 : 0.1903"
"41,8 : 0.1903"
"8,42 : 0.8393"
"42,8 : 0.8393"
"8,43 : 0.3569"
"43,8 : 0.3569"
"8,44 : 0.4211"
"44,8 : 0.4211"
"8,45 : 0.9339"
"45,8 : 0.9339"
"8,46 : 0.9434"
"46,8 : 0.9434"
"8,47 : 0.377"
"47,8 : 0.377"
"8,48 : 0.2419"
"48,8 : 0.2419"
"8,49 : 0.3289"
"49,8 : 0.3289"
"9,10 : 0.3929"
"10,9 : 0.3929"
"9,11 : 0.7201"
"11,9 : 0.7201"
"9,12 : 0.6485"
"12,9 : 0.6485"
"9,13 : 0.2088"
"13,9 : 0.2088"
"9,14 : 0.3454"
"14,9 : 0.3454"
"9,15 : 0.3499"
"15,9 : 0.3499"
"9,16 : 0.3397"
"16,9 : 0.3397"
"9,17 : 0.5445"
"17,9 : 0.5445"
"9,18 : 0.3722"
"18,9 : 0.3722"
"9,19 : 0.8656"
"19,9 : 0.8656"
"9,20 : 0.6707"
"20,9 : 0.6707"
"9,21 : 0.5661"
"21,9 : 0.5661"
"9,22 : 0.6896"
"22,9 : 0.6896"
"9,23 : 0.4639"
"23,9 : 0.4639"
"9,24 : 0.922"
"24,9 : 0.922"
"9,25 : 0.6403"
"25,9 : 0.6403"
"9,26 : 0.927"
"26,9 : 0.927"
"9,27 : 0.3864"
"27,9 : 0.3864"
"9,28 : 0.1513"
"28,9 : 0.1513"
"9,29 : 0.5413"
"29,9 : 0.5413"
"9,30 : 0.9231"
"30,9 : 0.9231"
"9,31 : 0.5104"
"31,9 : 0.5104"
"9,32 : 0.4428"
"32,9 : 0.4428"
"9,33 : 1.0515"
"33,9 : 1.0515"
"9,34 : 0.9913"
"34,9 : 0.9913"
"9,35 : 0.6277"
"35,9 : 0.6277"
"9,36 : 0.7473"
"36,9 : 0.7473"
"9,37 : 0.2973"
"37,9 : 0.2973"
"9,38 : 0.2555"
"38,9 : 0.2555"
"9,39 : 0.5694"
"39,9 : 0.5694"
"9,40 : 0.3574"
"40,9 : 0.3574"
"9,41 : 0.3501"
"41,9 : 0.3501"
"9,42 : 0.8936"
"42,9 : 0.8936"
"9,43 : 0.1965"
"43,9 : 0.1965"
"9,44 : 0.4428"
"44,9 : 0.4428"
"9,45 : 0.8914"
"45,9 : 0.8914"
"9,46 : 0.9948"
"46,9 : 0.9948"
"9,47 : 0.2247"
"47,9 : 0.2247"
"9,48 : 0.2907"
"48,9 : 0.2907"
"9,49 : 0.3962"
"49,9 : 0.3962"
"10,11 : 0.3966"
"11,10 : 0.3966"
"10,12 : 0.3764"
"12,10 : 0.3764"
"10,13 : 0.4386"
"13,10 : 0.4386"
"10,14 : 0.4888"
"14,10 : 0.4888"
"10,15 : 0.2828"
"15,10 : 0.2828"
"10,16 : 0.1838"
"16,10 : 0.1838"
"10,17 : 0.5382"
"17,10 : 0.5382"
"10,18 : 0.2907"
"18,10 : 0.2907"
"10,19 : 0.5385"
"19,10 : 0.5385"
"10,20 : 0.2983"
"20,10 : 0.2983"
"10,21 : 0.4374"
"21,10 : 0.4374"
"10,22 : 0.2973"
"22,10 : 0.2973"
"10,23 : 0.0894"
"23,10 : 0.0894"
"10,24 : 0.5763"
"24,10 : 0.5763"
"10,25 : 0.272"
"25,10 : 0.272"
"10,26 : 0.6454"
"26,10 : 0.6454"
"10,27 : 0.53"
"27,10 : 0.53"
"10,28 : 0.4383"
"28,10 : 0.4383"
"10,29 : 0.1703"
"29,10 : 0.1703"
"10,30 : 0.6576"
"30,10 : 0.6576"
"10,31 : 0.392"
"31,10 : 0.392"
"10,32 : 0.2907"
"32,10 : 0.2907"
"10,33 : 0.6868"
"33,10 : 0.6868"
"10,34 : 0.6237"
"34,10 : 0.6237"
"10,35 : 0.4441"
"35,10 : 0.4441"
"10,36 : 0.508"
"36,10 : 0.508"
"10,37 : 0.472"
"37,10 : 0.472"
"10,38 : 0.1628"
"38,10 : 0.1628"
"10,39 : 0.4002"
"39,10 : 0.4002"
"10,40 : 0.5162"
"40,10 : 0.5162"
"10,41 : 0.4632"
"41,10 : 0.4632"
"10,42 : 0.5304"
"42,10 : 0.5304"
"10,43 : 0.4393"
"43,10 : 0.4393"
"10,44 : 0.0922"
"44,10 : 0.0922"
"10,45 : 0.5316"
"45,10 : 0.5316"
"10,46 : 0.6248"
"46,10 : 0.6248"
"10,47 : 0.3895"
"47,10 : 0.3895"
"10,48 : 0.1836"
"48,10 : 0.1836"
"10,49 : 0.1924"
"49,10 : 0.1924"
"11,12 : 0.114"
"12,11 : 0.114"
"11,13 : 0.6549"
"13,11 : 0.6549"
"11,14 : 0.6135"
"14,11 : 0.6135"
"11,15 : 0.6762"
"15,11 : 0.6762"
"11,16 : 0.578"
"16,11 : 0.578"
"11,17 : 0.9193"
"17,11 : 0.9193"
"11,18 : 0.6812"
"18,11 : 0.6812"
"11,19 : 0.6818"
"19,11 : 0.6818"
"11,20 : 0.1552"
"20,11 : 0.1552"
"11,21 : 0.3265"
"21,11 : 0.3265"
"11,22 : 0.3239"
"22,11 : 0.3239"
"11,23 : 0.3081"
"23,11 : 0.3081"
"11,24 : 0.6707"
"24,11 : 0.6707"
"11,25 : 0.1565"
"25,11 : 0.1565"
"11,26 : 0.2561"
"26,11 : 0.2561"
"11,27 : 0.9265"
"27,11 : 0.9265"
"11,28 : 0.6907"
"28,11 : 0.6907"
"11,29 : 0.4134"
"29,11 : 0.4134"
"11,30 : 0.2778"
"30,11 : 0.2778"
"11,31 : 0.3362"
"31,11 : 0.3362"
"11,32 : 0.3178"
"32,11 : 0.3178"
"11,33 : 0.7034"
"33,11 : 0.7034"
"11,34 : 0.6454"
"34,11 : 0.6454"
"11,35 : 0.7666"
"35,11 : 0.7666"
"11,36 : 0.1924"
"36,11 : 0.1924"
"11,37 : 0.6306"
"37,11 : 0.6306"
"11,38 : 0.5501"
"38,11 : 0.5501"
"11,39 : 0.7406"
"39,11 : 0.7406"
"11,40 : 0.6391"
"40,11 : 0.6391"
"11,41 : 0.8598"
"41,11 : 0.8598"
"11,42 : 0.5921"
"42,11 : 0.5921"
"11,43 : 0.6637"
"43,11 : 0.6637"
"11,44 : 0.4384"
"44,11 : 0.4384"
"11,45 : 0.1931"
"45,11 : 0.1931"
"11,46 : 0.6379"
"46,11 : 0.6379"
"11,47 : 0.5941"
"47,11 : 0.5941"
"11,48 : 0.5798"
"48,11 : 0.5798"
"11,49 : 0.5731"
"49,11 : 0.5731"
"12,13 : 0.5601"
"13,12 : 0.5601"
"12,14 : 0.507"
"14,12 : 0.507"
"12,15 : 0.6586"
"15,12 : 0.6586"
"12,16 : 0.5597"
"16,12 : 0.5597"
"12,17 : 0.914"
"17,12 : 0.914"
"12,18 : 0.6671"
"18,12 : 0.6671"
"12,19 : 0.7511"
"19,12 : 0.7511"
"12,20 : 0.2256"
"20,12 : 0.2256"
"12,21 : 0.2126"
"21,12 : 0.2126"
"12,22 : 0.392"
"22,12 : 0.392"
"12,23 : 0.2968"
"23,12 : 0.2968"
"12,24 : 0.7497"
"24,12 : 0.7497"
"12,25 : 0.211"
"25,12 : 0.211"
"12,26 : 0.2818"
"26,12 : 0.2818"
"12,27 : 0.895"
"27,12 : 0.895"
"12,28 : 0.6013"
"28,12 : 0.6013"
"12,29 : 0.4397"
"29,12 : 0.4397"
"12,30 : 0.286"
"30,12 : 0.286"
"12,31 : 0.2236"
"31,12 : 0.2236"
"12,32 : 0.22"
"32,12 : 0.22"
"12,33 : 0.7971"
"33,12 : 0.7971"
"12,34 : 0.7368"
"34,12 : 0.7368"
"12,35 : 0.7892"
"35,12 : 0.7892"
"12,36 : 0.1342"
"36,12 : 0.1342"
"12,37 : 0.5277"
"37,12 : 0.5277"
"12,38 : 0.5122"
"38,12 : 0.5122"
"12,39 : 0.7558"
"39,12 : 0.7558"
"12,40 : 0.5316"
"40,12 : 0.5316"
"12,41 : 0.8298"
"41,12 : 0.8298"
"12,42 : 0.6747"
"42,12 : 0.6747"
"12,43 : 0.57"
"43,12 : 0.57"
"12,44 : 0.4391"
"44,12 : 0.4391"
"12,45 : 0.3041"
"45,12 : 0.3041"
"12,46 : 0.7305"
"46,12 : 0.7305"
"12,47 : 0.5"
"47,12 : 0.5"
"12,48 : 0.5517"
"48,12 : 0.5517"
"12,49 : 0.5661"
"49,12 : 0.5661"
"13,14 : 0.1389"
"14,13 : 0.1389"
"13,15 : 0.5142"
"15,13 : 0.5142"
"13,16 : 0.4701"
"16,13 : 0.4701"
"13,17 : 0.7401"
"17,13 : 0.7401"
"13,18 : 0.536"
"18,13 : 0.536"
"13,19 : 0.9683"
"19,13 : 0.9683"
"13,20 : 0.6519"
"20,13 : 0.6519"
"13,21 : 0.4206"
"21,13 : 0.4206"
"13,22 : 0.7211"
"22,13 : 0.7211"
"13,23 : 0.4771"
"23,13 : 0.4771"
"13,24 : 1.0124"
"24,13 : 1.0124"
"13,25 : 0.6203"
"25,13 : 0.6203"
"13,26 : 0.8188"
"26,13 : 0.8188"
"13,27 : 0.5944"
"27,13 : 0.5944"
"13,28 : 0.064"
"28,13 : 0.064"
"13,29 : 0.6081"
"29,13 : 0.6081"
"13,30 : 0.806"
"30,13 : 0.806"
"13,31 : 0.3711"
"31,13 : 0.3711"
"13,32 : 0.3401"
"32,13 : 0.3401"
"13,33 : 1.1254"
"33,13 : 1.1254"
"13,34 : 1.0622"
"34,13 : 1.0622"
"13,35 : 0.7843"
"35,13 : 0.7843"
"13,36 : 0.6297"
"36,13 : 0.6297"
"13,37 : 0.0894"
"37,13 : 0.0894"
"13,38 : 0.3667"
"38,13 : 0.3667"
"13,39 : 0.7273"
"39,13 : 0.7273"
"13,40 : 0.1487"
"40,13 : 0.1487"
"13,41 : 0.5544"
"41,13 : 0.5544"
"13,42 : 0.969"
"42,13 : 0.969"
"13,43 : 0.0141"
"43,13 : 0.0141"
"13,44 : 0.5174"
"44,13 : 0.5174"
"13,45 : 0.8434"
"45,13 : 0.8434"
"13,46 : 1.063"
"46,13 : 1.063"
"13,47 : 0.0608"
"47,13 : 0.0608"
"13,48 : 0.4215"
"48,13 : 0.4215"
"13,49 : 0.5233"
"49,13 : 0.5233"
"14,15 : 0.622"
"15,14 : 0.622"
"14,16 : 0.5629"
"16,14 : 0.5629"
"14,17 : 0.8621"
"17,14 : 0.8621"
"14,18 : 0.6428"
"18,14 : 0.6428"
"14,19 : 1.0273"
"19,14 : 1.0273"
"14,20 : 0.6435"
"20,14 : 0.6435"
"14,21 : 0.3302"
"21,14 : 0.3302"
"14,22 : 0.7425"
"22,14 : 0.7425"
"14,23 : 0.5033"
"23,14 : 0.5033"
"14,24 : 1.0625"
"24,14 : 1.0625"
"14,25 : 0.6129"
"25,14 : 0.6129"
"14,26 : 0.74"
"26,14 : 0.74"
"14,27 : 0.728"
"27,14 : 0.728"
"14,28 : 0.2025"
"28,14 : 0.2025"
"14,29 : 0.6573"
"29,14 : 0.6573"
"14,30 : 0.7211"
"30,14 : 0.7211"
"14,31 : 0.2915"
"31,14 : 0.2915"
"14,32 : 0.2997"
"32,14 : 0.2997"
"14,33 : 1.1628"
"33,14 : 1.1628"
"14,34 : 1.0988"
"34,14 : 1.0988"
"14,35 : 0.8807"
"35,14 : 0.8807"
"14,36 : 0.5501"
"36,14 : 0.5501"
"14,37 : 0.05"
"37,14 : 0.05"
"14,38 : 0.4589"
"38,14 : 0.4589"
"14,39 : 0.8257"
"39,14 : 0.8257"
"14,40 : 0.0283"
"40,14 : 0.0283"
"14,41 : 0.6845"
"41,14 : 0.6845"
"14,42 : 1.0104"
"42,14 : 1.0104"
"14,43 : 0.1526"
"43,14 : 0.1526"
"14,44 : 0.5771"
"44,14 : 0.5771"
"14,45 : 0.8065"
"45,14 : 0.8065"
"14,46 : 1.0979"
"46,14 : 1.0979"
"14,47 : 0.1304"
"47,14 : 0.1304"
"14,48 : 0.5179"
"48,14 : 0.5179"
"14,49 : 0.6113"
"49,14 : 0.6113"
"15,16 : 0.099"
"16,15 : 0.099"
"15,17 : 0.264"
"17,15 : 0.264"
"15,18 : 0.0224"
"18,15 : 0.0224"
"15,19 : 0.5459"
"19,15 : 0.5459"
"15,20 : 0.5595"
"20,15 : 0.5595"
"15,21 : 0.6894"
"21,15 : 0.6894"
"15,22 : 0.4903"
"22,15 : 0.4903"
"15,23 : 0.3688"
"23,15 : 0.3688"
"15,24 : 0.6133"
"24,15 : 0.6133"
"15,25 : 0.5385"
"25,15 : 0.5385"
"15,26 : 0.9276"
"26,15 : 0.9276"
"15,27 : 0.2625"
"27,15 : 0.2625"
"15,28 : 0.4776"
"28,15 : 0.4776"
"15,29 : 0.3178"
"29,15 : 0.3178"
"15,30 : 0.9405"
"30,15 : 0.9405"
"15,31 : 0.6369"
"31,15 : 0.6369"
"15,32 : 0.5371"
"32,15 : 0.5371"
"15,33 : 0.7561"
"33,15 : 0.7561"
"15,34 : 0.7021"
"34,15 : 0.7021"
"15,35 : 0.2778"
"35,15 : 0.2778"
"15,36 : 0.7887"
"36,15 : 0.7887"
"15,37 : 0.5855"
"37,15 : 0.5855"
"15,38 : 0.1746"
"38,15 : 0.1746"
"15,39 : 0.2195"
"39,15 : 0.2195"
"15,40 : 0.6438"
"40,15 : 0.6438"
"15,41 : 0.1965"
"41,15 : 0.1965"
"15,42 : 0.6044"
"42,15 : 0.6044"
"15,43 : 0.507"
"43,15 : 0.507"
"15,44 : 0.246"
"44,15 : 0.246"
"15,45 : 0.7916"
"45,15 : 0.7916"
"15,46 : 0.7088"
"46,15 : 0.7088"
"15,47 : 0.4937"
"47,15 : 0.4937"
"15,48 : 0.117"
"48,15 : 0.117"
"15,49 : 0.114"
"49,15 : 0.114"
"16,17 : 0.3585"
"17,16 : 0.3585"
"16,18 : 0.1082"
"18,16 : 0.1082"
"16,19 : 0.5263"
"19,16 : 0.5263"
"16,20 : 0.4652"
"20,16 : 0.4652"
"16,21 : 0.5981"
"21,16 : 0.5981"
"16,22 : 0.4111"
"22,16 : 0.4111"
"16,23 : 0.2702"
"23,16 : 0.2702"
"16,24 : 0.5852"
"24,16 : 0.5852"
"16,25 : 0.4429"
"25,16 : 0.4429"
"16,26 : 0.8288"
"26,16 : 0.8288"
"16,27 : 0.3534"
"27,16 : 0.3534"
"16,28 : 0.4442"
"28,16 : 0.4442"
"16,29 : 0.24"
"29,16 : 0.24"
"16,30 : 0.8415"
"30,16 : 0.8415"
"16,31 : 0.5471"
"31,16 : 0.5471"
"16,32 : 0.446"
"32,16 : 0.446"
"16,33 : 0.7201"
"33,16 : 0.7201"
"16,34 : 0.6621"
"34,16 : 0.6621"
"16,35 : 0.3178"
"35,16 : 0.3178"
"16,36 : 0.6903"
"36,16 : 0.6903"
"16,37 : 0.5316"
"37,16 : 0.5316"
"16,38 : 0.1044"
"38,16 : 0.1044"
"16,39 : 0.2631"
"39,16 : 0.2631"
"16,40 : 0.5869"
"40,16 : 0.5869"
"16,41 : 0.2864"
"41,16 : 0.2864"
"16,42 : 0.5636"
"42,16 : 0.5636"
"16,43 : 0.4652"
"43,16 : 0.4652"
"16,44 : 0.1552"
"44,16 : 0.1552"
"16,45 : 0.6986"
"45,16 : 0.6986"
"16,46 : 0.6671"
"46,16 : 0.6671"
"16,47 : 0.4397"
"47,16 : 0.4397"
"16,48 : 0.05"
"48,16 : 0.05"
"16,49 : 0.0566"
"49,16 : 0.0566"
"17,18 : 0.2506"
"18,17 : 0.2506"
"17,19 : 0.5903"
"19,17 : 0.5903"
"17,20 : 0.7875"
"20,17 : 0.7875"
"17,21 : 0.9534"
"21,17 : 0.9534"
"17,22 : 0.681"
"22,17 : 0.681"
"17,23 : 0.6185"
"23,17 : 0.6185"
"17,24 : 0.6701"
"24,17 : 0.6701"
"17,25 : 0.7716"
"25,17 : 0.7716"
"17,26 : 1.1746"
"26,17 : 1.1746"
"17,27 : 0.2126"
"27,17 : 0.2126"
"17,28 : 0.6918"
"28,17 : 0.6918"
"17,29 : 0.522"
"29,17 : 0.522"
"17,30 : 1.191"
"30,17 : 1.191"
"17,31 : 0.9008"
"31,17 : 0.9008"
"17,32 : 0.8011"
"32,17 : 0.8011"
"17,33 : 0.8202"
"33,17 : 0.8202"
"17,34 : 0.7806"
"34,17 : 0.7806"
"17,35 : 0.25"
"35,17 : 0.25"
"17,36 : 1.0462"
"36,17 : 1.0462"
"17,37 : 0.8205"
"37,17 : 0.8205"
"17,38 : 0.4366"
"38,17 : 0.4366"
"17,39 : 0.2256"
"39,17 : 0.2256"
"17,40 : 0.8809"
"40,17 : 0.8809"
"17,41 : 0.2062"
"41,17 : 0.2062"
"17,42 : 0.6935"
"42,17 : 0.6935"
"17,43 : 0.7303"
"43,17 : 0.7303"
"17,44 : 0.481"
"44,17 : 0.481"
"17,45 : 1.0102"
"45,17 : 1.0102"
"17,46 : 0.791"
"46,17 : 0.791"
"17,47 : 0.7317"
"47,17 : 0.7317"
"17,48 : 0.3808"
"48,17 : 0.3808"
"17,49 : 0.3483"
"49,17 : 0.3483"
"18,19 : 0.5277"
"19,18 : 0.5277"
"18,20 : 0.5608"
"20,18 : 0.5608"
"18,21 : 0.7038"
"21,18 : 0.7038"
"18,22 : 0.4851"
"22,18 : 0.4851"
"18,23 : 0.3748"
"23,18 : 0.3748"
"18,24 : 0.5962"
"24,18 : 0.5962"
"18,25 : 0.5408"
"25,18 : 0.5408"
"18,26 : 0.9338"
"26,18 : 0.9338"
"18,27 : 0.2668"
"27,18 : 0.2668"
"18,28 : 0.4998"
"28,18 : 0.4998"
"18,29 : 0.3132"
"29,18 : 0.3132"
"18,30 : 0.9476"
"30,18 : 0.9476"
"18,31 : 0.6519"
"31,18 : 0.6519"
"18,32 : 0.5515"
"32,18 : 0.5515"
"18,33 : 0.74"
"33,18 : 0.74"
"18,34 : 0.6868"
"34,18 : 0.6868"
"18,35 : 0.2555"
"35,18 : 0.2555"
"18,36 : 0.7981"
"36,18 : 0.7981"
"18,37 : 0.6067"
"37,18 : 0.6067"
"18,38 : 0.1924"
"38,18 : 0.1924"
"18,39 : 0.1972"
"39,18 : 0.1972"
"18,40 : 0.6648"
"40,18 : 0.6648"
"18,41 : 0.2022"
"41,18 : 0.2022"
"18,42 : 0.5894"
"42,18 : 0.5894"
"18,43 : 0.5289"
"43,18 : 0.5289"
"18,44 : 0.247"
"44,18 : 0.247"
"18,45 : 0.7918"
"45,18 : 0.7918"
"18,46 : 0.6938"
"46,18 : 0.6938"
"18,47 : 0.5148"
"47,18 : 0.5148"
"18,48 : 0.1334"
"48,18 : 0.1334"
"18,49 : 0.1118"
"49,18 : 0.1118"
"19,20 : 0.5301"
"20,19 : 0.5301"
"19,21 : 0.9122"
"21,19 : 0.9122"
"19,22 : 0.36"
"22,19 : 0.36"
"19,23 : 0.5385"
"23,19 : 0.5385"
"19,24 : 0.0806"
"24,19 : 0.0806"
"19,25 : 0.5404"
"25,19 : 0.5404"
"19,26 : 0.9047"
"26,19 : 0.9047"
"19,27 : 0.7519"
"27,19 : 0.7519"
"19,28 : 0.9559"
"28,19 : 0.9559"
"19,29 : 0.3712"
"29,19 : 0.3712"
"19,30 : 0.9394"
"30,19 : 0.9394"
"19,31 : 0.8832"
"31,19 : 0.8832"
"19,32 : 0.7938"
"32,19 : 0.7938"
"19,33 : 0.23"
"33,19 : 0.23"
"19,34 : 0.1965"
"34,19 : 0.1965"
"19,35 : 0.3406"
"35,19 : 0.3406"
"19,36 : 0.8702"
"36,19 : 0.8702"
"19,37 : 1.0096"
"37,19 : 1.0096"
"19,38 : 0.6152"
"38,19 : 0.6152"
"19,39 : 0.3766"
"39,19 : 0.3766"
"19,40 : 1.0548"
"40,19 : 1.0548"
"19,41 : 0.7021"
"41,19 : 0.7021"
"19,42 : 0.1345"
"42,19 : 0.1345"
"19,43 : 0.9667"
"43,19 : 0.9667"
"19,44 : 0.4522"
"44,19 : 0.4522"
"19,45 : 0.6519"
"45,19 : 0.6519"
"19,46 : 0.2088"
"46,19 : 0.2088"
"19,47 : 0.9242"
"47,19 : 0.9242"
"19,48 : 0.5749"
"48,19 : 0.5749"
"19,49 : 0.4701"
"49,19 : 0.4701"
"20,21 : 0.4168"
"21,20 : 0.4168"
"20,22 : 0.1703"
"22,20 : 0.1703"
"20,23 : 0.2121"
"23,20 : 0.2121"
"20,24 : 0.5247"
"24,20 : 0.5247"
"20,25 : 0.0316"
"25,20 : 0.0316"
"20,26 : 0.4031"
"26,20 : 0.4031"
"20,27 : 0.8186"
"27,20 : 0.8186"
"20,28 : 0.6745"
"28,20 : 0.6745"
"20,29 : 0.2691"
"29,20 : 0.2691"
"20,30 : 0.4295"
"30,20 : 0.4295"
"20,31 : 0.4061"
"31,20 : 0.4061"
"20,32 : 0.3483"
"32,20 : 0.3483"
"20,33 : 0.5738"
"33,20 : 0.5738"
"20,34 : 0.5126"
"34,20 : 0.5126"
"20,35 : 0.6185"
"35,20 : 0.6185"
"20,36 : 0.3401"
"36,20 : 0.3401"
"20,37 : 0.6488"
"37,20 : 0.6488"
"20,38 : 0.461"
"38,20 : 0.461"
"20,39 : 0.5967"
"39,20 : 0.5967"
"20,40 : 0.6712"
"40,20 : 0.6712"
"20,41 : 0.7515"
"41,20 : 0.7515"
"20,42 : 0.4491"
"42,20 : 0.4491"
"20,43 : 0.6579"
"43,20 : 0.6579"
"20,44 : 0.3138"
"44,20 : 0.3138"
"20,45 : 0.2341"
"45,20 : 0.2341"
"20,46 : 0.507"
"46,20 : 0.507"
"20,47 : 0.5924"
"47,20 : 0.5924"
"20,48 : 0.4776"
"48,20 : 0.4776"
"20,49 : 0.4494"
"49,20 : 0.4494"
"21,22 : 0.5665"
"22,21 : 0.5665"
"21,23 : 0.39"
"23,21 : 0.39"
"21,24 : 0.9235"
"24,21 : 0.9235"
"21,25 : 0.3936"
"25,21 : 0.3936"
"21,26 : 0.4101"
"26,21 : 0.4101"
"21,27 : 0.886"
"27,21 : 0.886"
"21,28 : 0.4754"
"28,21 : 0.4754"
"21,29 : 0.5608"
"29,21 : 0.5608"
"21,30 : 0.3912"
"30,21 : 0.3912"
"21,31 : 0.0566"
"31,21 : 0.0566"
"21,32 : 0.1523"
"32,21 : 0.1523"
"21,33 : 0.9884"
"33,21 : 0.9884"
"21,34 : 0.9261"
"34,21 : 0.9261"
"21,35 : 0.8812"
"35,21 : 0.8812"
"21,36 : 0.2209"
"36,21 : 0.2209"
"21,37 : 0.3635"
"37,21 : 0.3635"
"21,38 : 0.5188"
"38,21 : 0.5188"
"21,39 : 0.8374"
"39,21 : 0.8374"
"21,40 : 0.3501"
"40,21 : 0.3501"
"21,41 : 0.8266"
"41,21 : 0.8266"
"21,42 : 0.8544"
"42,21 : 0.8544"
"21,43 : 0.4332"
"43,21 : 0.4332"
"21,44 : 0.5235"
"44,21 : 0.5235"
"21,45 : 0.5131"
"45,21 : 0.5131"
"21,46 : 0.9214"
"46,21 : 0.9214"
"21,47 : 0.3677"
"47,21 : 0.3677"
"21,48 : 0.5727"
"48,21 : 0.5727"
"21,49 : 0.6236"
"49,21 : 0.6236"
"22,23 : 0.2441"
"23,22 : 0.2441"
"22,24 : 0.359"
"24,22 : 0.359"
"22,25 : 0.1811"
"25,22 : 0.1811"
"22,26 : 0.5608"
"26,22 : 0.5608"
"22,27 : 0.7519"
"27,22 : 0.7519"
"22,28 : 0.7295"
"28,22 : 0.7295"
"22,29 : 0.1726"
"29,22 : 0.1726"
"22,30 : 0.5914"
"30,22 : 0.5914"
"22,31 : 0.5456"
"31,22 : 0.5456"
"22,32 : 0.4687"
"32,22 : 0.4687"
"22,33 : 0.4272"
"33,22 : 0.4272"
"22,34 : 0.3636"
"34,22 : 0.3636"
"22,35 : 0.4808"
"35,22 : 0.4808"
"22,36 : 0.5104"
"36,22 : 0.5104"
"22,37 : 0.7376"
"37,22 : 0.7376"
"22,38 : 0.4455"
"38,22 : 0.4455"
"22,39 : 0.4701"
"39,22 : 0.4701"
"22,40 : 0.7708"
"40,22 : 0.7708"
"22,41 : 0.6866"
"41,22 : 0.6866"
"22,42 : 0.2879"
"42,22 : 0.2879"
"22,43 : 0.724"
"43,22 : 0.724"
"22,44 : 0.2602"
"44,22 : 0.2602"
"22,45 : 0.3397"
"45,22 : 0.3397"
"22,46 : 0.3606"
"46,22 : 0.3606"
"22,47 : 0.6661"
"47,22 : 0.6661"
"22,48 : 0.4401"
"48,22 : 0.4401"
"22,49 : 0.3766"
"49,22 : 0.3766"
"23,24 : 0.5644"
"24,23 : 0.5644"
"23,25 : 0.1844"
"25,23 : 0.1844"
"23,26 : 0.559"
"26,23 : 0.559"
"23,27 : 0.6191"
"27,23 : 0.6191"
"23,28 : 0.4875"
"28,23 : 0.4875"
"23,29 : 0.1726"
"29,23 : 0.1726"
"23,30 : 0.5731"
"30,23 : 0.5731"
"23,31 : 0.3523"
"31,23 : 0.3523"
"23,32 : 0.2571"
"32,23 : 0.2571"
"23,33 : 0.6595"
"33,23 : 0.6595"
"23,34 : 0.5955"
"34,23 : 0.5955"
"23,35 : 0.5"
"35,23 : 0.5"
"23,36 : 0.4305"
"36,23 : 0.4305"
"23,37 : 0.4952"
"37,23 : 0.4952"
"23,38 : 0.25"
"38,23 : 0.25"
"23,39 : 0.4624"
"39,23 : 0.4624"
"23,40 : 0.5315"
"40,23 : 0.5315"
"23,41 : 0.5523"
"41,23 : 0.5523"
"23,42 : 0.508"
"42,23 : 0.508"
"23,43 : 0.4802"
"43,23 : 0.4802"
"23,44 : 0.1432"
"44,23 : 0.1432"
"23,45 : 0.4438"
"45,23 : 0.4438"
"23,46 : 0.5946"
"46,23 : 0.5946"
"23,47 : 0.422"
"47,23 : 0.422"
"23,48 : 0.2729"
"48,23 : 0.2729"
"23,49 : 0.2702"
"49,23 : 0.2702"
"24,25 : 0.5394"
"25,24 : 0.5394"
"24,26 : 0.8797"
"26,24 : 0.8797"
"24,27 : 0.8276"
"27,24 : 0.8276"
"24,28 : 1.0042"
"28,24 : 1.0042"
"24,29 : 0.4061"
"29,24 : 0.4061"
"24,30 : 0.9166"
"30,24 : 0.9166"
"24,31 : 0.8989"
"31,24 : 0.8989"
"24,32 : 0.8144"
"32,24 : 0.8144"
"24,33 : 0.1503"
"33,24 : 0.1503"
"24,34 : 0.117"
"34,24 : 0.117"
"24,35 : 0.4201"
"35,24 : 0.4201"
"24,36 : 0.8621"
"36,24 : 0.8621"
"24,37 : 1.0481"
"37,24 : 1.0481"
"24,38 : 0.6684"
"38,24 : 0.6684"
"24,39 : 0.454"
"39,24 : 0.454"
"24,40 : 1.0904"
"40,24 : 1.0904"
"24,41 : 0.7762"
"41,24 : 0.7762"
"24,42 : 0.0825"
"42,24 : 0.0825"
"24,43 : 1.0118"
"43,24 : 1.0118"
"24,44 : 0.4952"
"44,24 : 0.4952"
"24,45 : 0.6185"
"45,24 : 0.6185"
"24,46 : 0.13"
"46,24 : 0.13"
"24,47 : 0.9654"
"47,24 : 0.9654"
"24,48 : 0.6325"
"48,24 : 0.6325"
"24,49 : 0.53"
"49,24 : 0.53"
"25,26 : 0.4105"
"26,25 : 0.4105"
"25,27 : 0.7961"
"27,25 : 0.7961"
"25,28 : 0.6429"
"28,25 : 0.6429"
"25,29 : 0.2581"
"29,25 : 0.2581"
"25,30 : 0.4342"
"30,25 : 0.4342"
"25,31 : 0.3801"
"31,25 : 0.3801"
"25,32 : 0.3189"
"32,25 : 0.3189"
"25,33 : 0.5951"
"33,25 : 0.5951"
"25,34 : 0.5331"
"34,25 : 0.5331"
"25,35 : 0.6106"
"35,25 : 0.6106"
"25,36 : 0.3324"
"36,25 : 0.3324"
"25,37 : 0.6177"
"37,25 : 0.6177"
"25,38 : 0.4342"
"38,25 : 0.4342"
"25,39 : 0.586"
"39,25 : 0.586"
"25,40 : 0.6407"
"40,25 : 0.6407"
"25,41 : 0.729"
"41,25 : 0.729"
"25,42 : 0.4657"
"42,25 : 0.4657"
"25,43 : 0.6263"
"43,25 : 0.6263"
"25,44 : 0.2941"
"44,25 : 0.2941"
"25,45 : 0.2596"
"45,25 : 0.2596"
"25,46 : 0.528"
"46,25 : 0.528"
"25,47 : 0.5608"
"47,25 : 0.5608"
"25,48 : 0.4531"
"48,25 : 0.4531"
"25,49 : 0.4301"
"49,25 : 0.4301"
"26,27 : 1.172"
"27,26 : 1.172"
"26,28 : 0.8668"
"28,26 : 0.8668"
"26,29 : 0.6685"
"29,26 : 0.6685"
"26,30 : 0.0447"
"30,26 : 0.0447"
"26,31 : 0.451"
"31,26 : 0.451"
"26,32 : 0.4876"
"32,26 : 0.4876"
"26,33 : 0.8802"
"33,26 : 0.8802"
"26,34 : 0.8302"
"34,26 : 0.8302"
"26,35 : 1.0208"
"35,26 : 1.0208"
"26,36 : 0.1903"
"36,26 : 0.1903"
"26,37 : 0.771"
"37,26 : 0.771"
"26,38 : 0.7906"
"38,26 : 0.7906"
"26,39 : 0.9962"
"39,26 : 0.9962"
"26,40 : 0.7603"
"40,26 : 0.7603"
"26,41 : 1.106"
"41,26 : 1.106"
"26,42 : 0.7976"
"42,26 : 0.7976"
"26,43 : 0.8302"
"43,26 : 0.8302"
"26,44 : 0.6935"
"44,26 : 0.6935"
"26,45 : 0.2707"
"45,26 : 0.2707"
"26,46 : 0.8201"
"46,26 : 0.8201"
"26,47 : 0.7612"
"47,26 : 0.7612"
"26,48 : 0.8262"
"48,26 : 0.8262"
"26,49 : 0.8273"
"49,26 : 0.8273"
"27,28 : 0.5376"
"28,27 : 0.5376"
"27,29 : 0.5797"
"29,27 : 0.5797"
"27,30 : 1.1807"
"30,27 : 1.1807"
"27,31 : 0.8301"
"31,27 : 0.8301"
"27,32 : 0.7388"
"32,27 : 0.7388"
"27,33 : 0.9767"
"33,27 : 0.9767"
"27,34 : 0.9291"
"34,27 : 0.9291"
"27,35 : 0.4215"
"35,27 : 0.4215"
"27,36 : 1.0191"
"36,27 : 1.0191"
"27,37 : 0.6815"
"37,27 : 0.6815"
"27,38 : 0.3829"
"38,27 : 0.3829"
"27,39 : 0.3764"
"39,27 : 0.3764"
"27,40 : 0.7422"
"40,27 : 0.7422"
"27,41 : 0.0671"
"41,27 : 0.0671"
"27,42 : 0.8349"
"42,27 : 0.8349"
"27,43 : 0.5825"
"43,27 : 0.5825"
"27,44 : 0.507"
"44,27 : 0.507"
"27,45 : 1.0519"
"45,27 : 1.0519"
"27,46 : 0.9377"
"46,27 : 0.9377"
"27,47 : 0.6008"
"47,27 : 0.6008"
"27,48 : 0.3467"
"48,27 : 0.3467"
"27,49 : 0.3764"
"49,27 : 0.3764"
"28,29 : 0.6044"
"29,28 : 0.6044"
"28,30 : 0.8562"
"30,28 : 0.8562"
"28,31 : 0.4238"
"31,28 : 0.4238"
"28,32 : 0.3821"
"32,28 : 0.3821"
"28,33 : 1.1229"
"33,28 : 1.1229"
"28,34 : 1.0604"
"34,28 : 1.0604"
"28,35 : 0.7524"
"35,28 : 0.7524"
"28,36 : 0.6791"
"36,28 : 0.6791"
"28,37 : 0.1526"
"37,28 : 0.1526"
"28,38 : 0.3441"
"38,28 : 0.3441"
"28,39 : 0.6946"
"39,28 : 0.6946"
"28,40 : 0.2102"
"40,28 : 0.2102"
"28,41 : 0.5009"
"41,28 : 0.5009"
"28,42 : 0.9654"
"42,28 : 0.9654"
"28,43 : 0.05"
"43,28 : 0.05"
"28,44 : 0.5099"
"44,28 : 0.5099"
"28,45 : 0.8757"
"45,28 : 0.8757"
"28,46 : 1.0621"
"46,28 : 1.0621"
"28,47 : 0.1077"
"47,28 : 0.1077"
"28,48 : 0.3945"
"48,28 : 0.3945"
"28,49 : 0.4993"
"49,28 : 0.4993"
"29,30 : 0.6912"
"30,29 : 0.6912"
"29,31 : 0.5247"
"31,29 : 0.5247"
"29,32 : 0.4295"
"32,29 : 0.4295"
"29,33 : 0.5186"
"33,29 : 0.5186"
"29,34 : 0.4561"
"34,29 : 0.4561"
"29,35 : 0.3536"
"35,29 : 0.3536"
"29,36 : 0.5725"
"36,29 : 0.5725"
"29,37 : 0.642"
"37,29 : 0.642"
"29,38 : 0.2879"
"38,29 : 0.2879"
"29,39 : 0.328"
"39,29 : 0.328"
"29,40 : 0.6851"
"40,29 : 0.6851"
"29,41 : 0.5142"
"41,29 : 0.5142"
"29,42 : 0.3612"
"42,29 : 0.3612"
"29,43 : 0.6083"
"43,29 : 0.6083"
"29,44 : 0.0985"
"44,29 : 0.0985"
"29,45 : 0.4883"
"45,29 : 0.4883"
"29,46 : 0.458"
"46,29 : 0.458"
"29,47 : 0.5597"
"47,29 : 0.5597"
"29,48 : 0.2729"
"48,29 : 0.2729"
"29,49 : 0.204"
"49,29 : 0.204"
"30,31 : 0.4357"
"31,30 : 0.4357"
"30,32 : 0.481"
"32,30 : 0.481"
"30,33 : 0.9209"
"33,30 : 0.9209"
"30,34 : 0.87"
"34,30 : 0.87"
"30,35 : 1.0445"
"35,30 : 1.0445"
"30,36 : 0.1772"
"36,30 : 0.1772"
"30,37 : 0.7543"
"37,30 : 0.7543"
"30,38 : 0.7981"
"38,30 : 0.7981"
"30,39 : 1.0179"
"39,30 : 1.0179"
"30,40 : 0.7403"
"40,30 : 0.7403"
"30,41 : 1.1152"
"41,30 : 1.1152"
"30,42 : 0.8349"
"42,30 : 0.8349"
"30,43 : 0.8179"
"43,30 : 0.8179"
"30,44 : 0.7106"
"44,30 : 0.7106"
"30,45 : 0.3126"
"45,30 : 0.3126"
"30,46 : 0.8601"
"46,30 : 0.8601"
"30,47 : 0.7495"
"47,30 : 0.7495"
"30,48 : 0.8363"
"48,30 : 0.8363"
"30,49 : 0.8429"
"49,30 : 0.8429"
"31,32 : 0.102"
"32,31 : 0.102"
"31,33 : 0.9713"
"33,31 : 0.9713"
"31,34 : 0.9082"
"34,31 : 0.9082"
"31,35 : 0.836"
"35,31 : 0.836"
"31,36 : 0.2608"
"36,31 : 0.2608"
"31,37 : 0.3202"
"37,31 : 0.3202"
"31,38 : 0.4652"
"38,31 : 0.4652"
"31,39 : 0.7908"
"39,31 : 0.7908"
"31,40 : 0.314"
"40,31 : 0.314"
"31,41 : 0.771"
"41,31 : 0.771"
"31,42 : 0.8326"
"42,31 : 0.8326"
"31,43 : 0.3833"
"43,31 : 0.3833"
"31,44 : 0.4804"
"44,31 : 0.4804"
"31,45 : 0.5277"
"45,31 : 0.5277"
"31,46 : 0.9043"
"46,31 : 0.9043"
"31,47 : 0.3162"
"47,31 : 0.3162"
"31,48 : 0.52"
"48,31 : 0.52"
"31,49 : 0.5749"
"49,31 : 0.5749"
"32,33 : 0.8959"
"33,32 : 0.8959"
"32,34 : 0.8322"
"34,32 : 0.8322"
"32,35 : 0.7344"
"35,32 : 0.7344"
"32,36 : 0.3046"
"36,32 : 0.3046"
"32,37 : 0.3132"
"37,32 : 0.3132"
"32,38 : 0.3672"
"38,32 : 0.3672"
"32,39 : 0.6888"
"39,32 : 0.6888"
"32,40 : 0.3265"
"40,32 : 0.3265"
"32,41 : 0.678"
"41,32 : 0.678"
"32,42 : 0.7518"
"42,32 : 0.7518"
"32,43 : 0.35"
"43,32 : 0.35"
"32,44 : 0.38"
"44,32 : 0.38"
"32,45 : 0.5096"
"45,32 : 0.5096"
"32,46 : 0.8293"
"46,32 : 0.8293"
"32,47 : 0.28"
"47,32 : 0.28"
"32,48 : 0.4205"
"48,32 : 0.4205"
"32,49 : 0.473"
"49,32 : 0.473"
"33,34 : 0.064"
"34,33 : 0.064"
"33,35 : 0.5704"
"35,33 : 0.5704"
"33,36 : 0.895"
"36,33 : 0.895"
"33,37 : 1.1531"
"37,33 : 1.1531"
"33,38 : 0.7961"
"38,33 : 0.7961"
"33,39 : 0.6041"
"39,33 : 0.6041"
"33,40 : 1.191"
"40,33 : 1.191"
"33,41 : 0.9242"
"41,33 : 0.9242"
"33,42 : 0.1581"
"42,33 : 0.1581"
"33,43 : 1.1261"
"43,33 : 1.1261"
"33,44 : 0.614"
"44,33 : 0.614"
"33,45 : 0.61"
"45,33 : 0.61"
"33,46 : 0.0671"
"46,33 : 0.0671"
"33,47 : 1.0749"
"47,33 : 1.0749"
"33,48 : 0.7654"
"48,33 : 0.7654"
"33,49 : 0.6664"
"49,33 : 0.6664"
"34,35 : 0.5308"
"35,34 : 0.5308"
"34,36 : 0.8374"
"36,34 : 0.8374"
"34,37 : 1.0893"
"37,34 : 1.0893"
"34,38 : 0.7357"
"38,34 : 0.7357"
"34,39 : 0.5604"
"39,34 : 0.5604"
"34,40 : 1.127"
"40,34 : 1.127"
"34,41 : 0.8748"
"41,34 : 0.8748"
"34,42 : 0.0985"
"42,34 : 0.0985"
"34,43 : 1.063"
"43,34 : 1.063"
"34,44 : 0.5522"
"44,34 : 0.5522"
"34,45 : 0.5614"
"45,34 : 0.5614"
"34,46 : 0.0141"
"46,34 : 0.0141"
"34,47 : 1.0114"
"47,34 : 1.0114"
"34,48 : 0.7066"
"48,34 : 0.7066"
"34,49 : 0.6093"
"49,34 : 0.6093"
"35,36 : 0.9231"
"36,35 : 0.9231"
"35,37 : 0.849"
"37,35 : 0.849"
"35,38 : 0.422"
"38,35 : 0.422"
"35,39 : 0.0583"
"39,35 : 0.0583"
"35,40 : 0.9047"
"40,35 : 0.9047"
"35,41 : 0.3808"
"41,35 : 0.3808"
"35,42 : 0.4455"
"42,35 : 0.4455"
"35,43 : 0.7783"
"43,35 : 0.7783"
"35,44 : 0.359"
"44,35 : 0.359"
"35,45 : 0.8204"
"45,35 : 0.8204"
"35,46 : 0.5415"
"46,35 : 0.5415"
"35,47 : 0.7569"
"47,35 : 0.7569"
"35,48 : 0.364"
"48,35 : 0.364"
"35,49 : 0.2717"
"49,35 : 0.2717"
"36,37 : 0.5808"
"37,36 : 0.5808"
"36,38 : 0.6366"
"38,36 : 0.6366"
"36,39 : 0.89"
"39,36 : 0.89"
"36,40 : 0.5708"
"40,36 : 0.5708"
"36,41 : 0.9548"
"41,36 : 0.9548"
"36,42 : 0.7841"
"42,36 : 0.7841"
"36,43 : 0.6413"
"43,36 : 0.6413"
"36,44 : 0.5731"
"44,36 : 0.5731"
"36,45 : 0.3342"
"45,36 : 0.3342"
"36,46 : 0.8298"
"46,36 : 0.8298"
"36,47 : 0.5727"
"47,36 : 0.5727"
"36,48 : 0.6794"
"48,36 : 0.6794"
"36,49 : 0.6989"
"49,36 : 0.6989"
"37,38 : 0.4272"
"38,37 : 0.4272"
"37,39 : 0.7931"
"39,37 : 0.7931"
"37,40 : 0.0608"
"40,37 : 0.0608"
"37,41 : 0.6395"
"41,37 : 0.6395"
"37,42 : 0.999"
"42,37 : 0.999"
"37,43 : 0.103"
"43,37 : 0.103"
"37,44 : 0.5576"
"44,37 : 0.5576"
"37,45 : 0.8228"
"45,37 : 0.8228"
"37,46 : 1.089"
"46,37 : 1.089"
"37,47 : 0.0922"
"47,37 : 0.0922"
"37,48 : 0.4851"
"48,37 : 0.4851"
"37,49 : 0.5819"
"49,37 : 0.5819"
"38,39 : 0.3667"
"39,38 : 0.3667"
"38,40 : 0.4827"
"40,38 : 0.4827"
"38,41 : 0.3183"
"41,38 : 0.3183"
"38,42 : 0.6381"
"42,38 : 0.6381"
"38,43 : 0.3624"
"43,38 : 0.3624"
"38,44 : 0.1897"
"44,38 : 0.1897"
"38,45 : 0.6938"
"45,38 : 0.6938"
"38,46 : 0.7393"
"46,38 : 0.7393"
"38,47 : 0.3353"
"47,38 : 0.3353"
"38,48 : 0.06"
"48,38 : 0.06"
"38,49 : 0.1565"
"49,38 : 0.1565"
"39,40 : 0.8493"
"40,39 : 0.8493"
"39,41 : 0.3311"
"41,39 : 0.3311"
"39,42 : 0.4704"
"42,39 : 0.4704"
"39,43 : 0.7211"
"43,39 : 0.7211"
"39,44 : 0.3195"
"44,39 : 0.3195"
"39,45 : 0.8072"
"45,39 : 0.8072"
"39,46 : 0.5701"
"46,39 : 0.5701"
"39,47 : 0.7009"
"47,39 : 0.7009"
"39,48 : 0.3081"
"48,39 : 0.3081"
"39,49 : 0.22"
"49,39 : 0.22"
"40,41 : 0.7004"
"41,40 : 0.7004"
"40,42 : 1.0386"
"42,40 : 1.0386"
"40,43 : 0.1616"
"43,40 : 0.1616"
"40,44 : 0.6042"
"44,40 : 0.6042"
"40,45 : 0.8322"
"45,40 : 0.8322"
"40,46 : 1.1261"
"46,40 : 1.1261"
"40,47 : 0.1503"
"47,40 : 0.1503"
"40,48 : 0.5413"
"48,40 : 0.5413"
"40,49 : 0.636"
"49,40 : 0.636"
"41,42 : 0.7793"
"42,41 : 0.7793"
"41,43 : 0.5433"
"43,41 : 0.5433"
"41,44 : 0.4401"
"44,41 : 0.4401"
"41,45 : 0.9849"
"45,41 : 0.9849"
"41,46 : 0.8828"
"46,41 : 0.8828"
"41,47 : 0.5554"
"47,41 : 0.5554"
"41,48 : 0.2802"
"48,41 : 0.2802"
"41,49 : 0.3105"
"49,41 : 0.3105"
"42,43 : 0.9694"
"43,42 : 0.9694"
"42,44 : 0.4561"
"44,42 : 0.4561"
"42,45 : 0.536"
"45,42 : 0.536"
"42,46 : 0.1044"
"46,42 : 0.1044"
"42,47 : 0.9193"
"47,42 : 0.9193"
"42,48 : 0.6083"
