x,y
0.86,0.42
0.02,0.58
0.01,0.54
0.59,0.39
0.75,0.34
0.16,0.77
0.59,0.18
0.65,0.7
0.53,0.46
0.77,0.09
0.61,0.29
0.86,0.05
0.66,0.56
0.28,0.56
0.49,0.34
0.16,0.11
0.07,0.19
0.08,0.01
0.37,0.26
0.78,0.74
0.56,0.2
0.95,0.34
0.7,0.05
1.0,0.99
0.28,0.15
0.99,0.57
0.97,0.99
0.04,0.62
0.21,0.23
0.13,0.31
0.07,0.78
0.62,0.5
0.43,0.27
0.53,0.63
0.61,0.44
0.42,0.36
0.77,0.5
0.84,0.99
0.6,0.8
0.91,0.99
0.27,0.06
0.77,0.15
0.75,0.45
0.69,0.92
0.9,0.34
0.11,0.94
0.71,0.74
0.99,0.37
0.4,0.74
0.58,0.08

Distanze
"0,1 : 0.8551"
"1,0 : 0.8551"
"0,2 : 0.8584"
"2,0 : 0.8584"
"0,3 : 0.2717"
"3,0 : 0.2717"
"0,4 : 0.136"
"4,0 : 0.136"
"0,5 : 0.7826"
"5,0 : 0.7826"
"0,6 : 0.3612"
"6,0 : 0.3612"
"0,7 : 0.35"
"7,0 : 0.35"
"0,8 : 0.3324"
"8,0 : 0.3324"
"0,9 : 0.3421"
"9,0 : 0.3421"
"0,10 : 0.2818"
"10,0 : 0.2818"
"0,11 : 0.37"
"11,0 : 0.37"
"0,12 : 0.2441"
"12,0 : 0.2441"
"0,13 : 0.5967"
"13,0 : 0.5967"
"0,14 : 0.3785"
"14,0 : 0.3785"
"0,15 : 0.7656"
"15,0 : 0.7656"
"0,16 : 0.8228"
"16,0 : 0.8228"
"0,17 : 0.8812"
"17,0 : 0.8812"
"0,18 : 0.5155"
"18,0 : 0.5155"
"0,19 : 0.3298"
"19,0 : 0.3298"
"0,20 : 0.372"
"20,0 : 0.372"
"0,21 : 0.1204"
"21,0 : 0.1204"
"0,22 : 0.4031"
"22,0 : 0.4031"
"0,23 : 0.5869"
"23,0 : 0.5869"
"0,24 : 0.6398"
"24,0 : 0.6398"
"0,25 : 0.1985"
"25,0 : 0.1985"
"0,26 : 0.5805"
"26,0 : 0.5805"
"0,27 : 0.844"
"27,0 : 0.844"
"0,28 : 0.6772"
"28,0 : 0.6772"
"0,29 : 0.7382"
"29,0 : 0.7382"
"0,30 : 0.8682"
"30,0 : 0.8682"
"0,31 : 0.253"
"31,0 : 0.253"
"0,32 : 0.4554"
"32,0 : 0.4554"
"0,33 : 0.3912"
"33,0 : 0.3912"
"0,34 : 0.2508"
"34,0 : 0.2508"
"0,35 : 0.4441"
"35,0 : 0.4441"
"0,36 : 0.1204"
"36,0 : 0.1204"
"0,37 : 0.5704"
"37,0 : 0.5704"
"0,38 : 0.4604"
"38,0 : 0.4604"
"0,39 : 0.5722"
"39,0 : 0.5722"
"0,40 : 0.6912"
"40,0 : 0.6912"
"0,41 : 0.2846"
"41,0 : 0.2846"
"0,42 : 0.114"
"42,0 : 0.114"
"0,43 : 0.5281"
"43,0 : 0.5281"
"0,44 : 0.0894"
"44,0 : 0.0894"
"0,45 : 0.9126"
"45,0 : 0.9126"
"0,46 : 0.3534"
"46,0 : 0.3534"
"0,47 : 0.1393"
"47,0 : 0.1393"
"0,48 : 0.5604"
"48,0 : 0.5604"
"0,49 : 0.4405"
"49,0 : 0.4405"
"1,2 : 0.0412"
"2,1 : 0.0412"
"1,3 : 0.6008"
"3,1 : 0.6008"
"1,4 : 0.7684"
"4,1 : 0.7684"
"1,5 : 0.236"
"5,1 : 0.236"
"1,6 : 0.6963"
"6,1 : 0.6963"
"1,7 : 0.6413"
"7,1 : 0.6413"
"1,8 : 0.5239"
"8,1 : 0.5239"
"1,9 : 0.8959"
"9,1 : 0.8959"
"1,10 : 0.6574"
"10,1 : 0.6574"
"1,11 : 0.9932"
"11,1 : 0.9932"
"1,12 : 0.6403"
"12,1 : 0.6403"
"1,13 : 0.2608"
"13,1 : 0.2608"
"1,14 : 0.5277"
"14,1 : 0.5277"
"1,15 : 0.4904"
"15,1 : 0.4904"
"1,16 : 0.3932"
"16,1 : 0.3932"
"1,17 : 0.5731"
"17,1 : 0.5731"
"1,18 : 0.4742"
"18,1 : 0.4742"
"1,19 : 0.7767"
"19,1 : 0.7767"
"1,20 : 0.6603"
"20,1 : 0.6603"
"1,21 : 0.9605"
"21,1 : 0.9605"
"1,22 : 0.8621"
"22,1 : 0.8621"
"1,23 : 1.0623"
"23,1 : 1.0623"
"1,24 : 0.5025"
"24,1 : 0.5025"
"1,25 : 0.9701"
"25,1 : 0.9701"
"1,26 : 1.0347"
"26,1 : 1.0347"
"1,27 : 0.0447"
"27,1 : 0.0447"
"1,28 : 0.3982"
"28,1 : 0.3982"
"1,29 : 0.2915"
"29,1 : 0.2915"
"1,30 : 0.2062"
"30,1 : 0.2062"
"1,31 : 0.6053"
"31,1 : 0.6053"
"1,32 : 0.514"
"32,1 : 0.514"
"1,33 : 0.5124"
"33,1 : 0.5124"
"1,34 : 0.6064"
"34,1 : 0.6064"
"1,35 : 0.4565"
"35,1 : 0.4565"
"1,36 : 0.7543"
"36,1 : 0.7543"
"1,37 : 0.9168"
"37,1 : 0.9168"
"1,38 : 0.6203"
"38,1 : 0.6203"
"1,39 : 0.9799"
"39,1 : 0.9799"
"1,40 : 0.577"
"40,1 : 0.577"
"1,41 : 0.8645"
"41,1 : 0.8645"
"1,42 : 0.7415"
"42,1 : 0.7415"
"1,43 : 0.7513"
"43,1 : 0.7513"
"1,44 : 0.9121"
"44,1 : 0.9121"
"1,45 : 0.3711"
"45,1 : 0.3711"
"1,46 : 0.7083"
"46,1 : 0.7083"
"1,47 : 0.9925"
"47,1 : 0.9925"
"1,48 : 0.4123"
"48,1 : 0.4123"
"1,49 : 0.7507"
"49,1 : 0.7507"
"2,3 : 0.5991"
"3,2 : 0.5991"
"2,4 : 0.7666"
"4,2 : 0.7666"
"2,5 : 0.2746"
"5,2 : 0.2746"
"2,6 : 0.6826"
"6,2 : 0.6826"
"2,7 : 0.6597"
"7,2 : 0.6597"
"2,8 : 0.5261"
"8,2 : 0.5261"
"2,9 : 0.8832"
"9,2 : 0.8832"
"2,10 : 0.65"
"10,2 : 0.65"
"2,11 : 0.9811"
"11,2 : 0.9811"
"2,12 : 0.6503"
"12,2 : 0.6503"
"2,13 : 0.2707"
"13,2 : 0.2707"
"2,14 : 0.52"
"14,2 : 0.52"
"2,15 : 0.4554"
"15,2 : 0.4554"
"2,16 : 0.3551"
"16,2 : 0.3551"
"2,17 : 0.5346"
"17,2 : 0.5346"
"2,18 : 0.4561"
"18,2 : 0.4561"
"2,19 : 0.7956"
"19,2 : 0.7956"
"2,20 : 0.6466"
"20,2 : 0.6466"
"2,21 : 0.961"
"21,2 : 0.961"
"2,22 : 0.8463"
"22,2 : 0.8463"
"2,23 : 1.0875"
"23,2 : 1.0875"
"2,24 : 0.4743"
"24,2 : 0.4743"
"2,25 : 0.9805"
"25,2 : 0.9805"
"2,26 : 1.0602"
"26,2 : 1.0602"
"2,27 : 0.0854"
"27,2 : 0.0854"
"2,28 : 0.3689"
"28,2 : 0.3689"
"2,29 : 0.2594"
"29,2 : 0.2594"
"2,30 : 0.2474"
"30,2 : 0.2474"
"2,31 : 0.6113"
"31,2 : 0.6113"
"2,32 : 0.4993"
"32,2 : 0.4993"
"2,33 : 0.5277"
"33,2 : 0.5277"
"2,34 : 0.6083"
"34,2 : 0.6083"
"2,35 : 0.4478"
"35,2 : 0.4478"
"2,36 : 0.7611"
"36,2 : 0.7611"
"2,37 : 0.9441"
"37,2 : 0.9441"
"2,38 : 0.6447"
"38,2 : 0.6447"
"2,39 : 1.0062"
"39,2 : 1.0062"
"2,40 : 0.5459"
"40,2 : 0.5459"
"2,41 : 0.8542"
"41,2 : 0.8542"
"2,42 : 0.7455"
"42,2 : 0.7455"
"2,43 : 0.779"
"43,2 : 0.779"
"2,44 : 0.9122"
"44,2 : 0.9122"
"2,45 : 0.4123"
"45,2 : 0.4123"
"2,46 : 0.728"
"46,2 : 0.728"
"2,47 : 0.9946"
"47,2 : 0.9946"
"2,48 : 0.4383"
"48,2 : 0.4383"
"2,49 : 0.7325"
"49,2 : 0.7325"
"3,4 : 0.1676"
"4,3 : 0.1676"
"3,5 : 0.5738"
"5,3 : 0.5738"
"3,6 : 0.21"
"6,3 : 0.21"
"3,7 : 0.3158"
"7,3 : 0.3158"
"3,8 : 0.0922"
"8,3 : 0.0922"
"3,9 : 0.3499"
"9,3 : 0.3499"
"3,10 : 0.102"
"10,3 : 0.102"
"3,11 : 0.4342"
"11,3 : 0.4342"
"3,12 : 0.1838"
"12,3 : 0.1838"
"3,13 : 0.3536"
"13,3 : 0.3536"
"3,14 : 0.1118"
"14,3 : 0.1118"
"3,15 : 0.5131"
"15,3 : 0.5131"
"3,16 : 0.5571"
"16,3 : 0.5571"
"3,17 : 0.636"
"17,3 : 0.636"
"3,18 : 0.2555"
"18,3 : 0.2555"
"3,19 : 0.3982"
"19,3 : 0.3982"
"3,20 : 0.1924"
"20,3 : 0.1924"
"3,21 : 0.3635"
"21,3 : 0.3635"
"3,22 : 0.3574"
"22,3 : 0.3574"
"3,23 : 0.7267"
"23,3 : 0.7267"
"3,24 : 0.392"
"24,3 : 0.392"
"3,25 : 0.4386"
"25,3 : 0.4386"
"3,26 : 0.7102"
"26,3 : 0.7102"
"3,27 : 0.5962"
"27,3 : 0.5962"
"3,28 : 0.4123"
"28,3 : 0.4123"
"3,29 : 0.4669"
"29,3 : 0.4669"
"3,30 : 0.65"
"30,3 : 0.65"
"3,31 : 0.114"
"31,3 : 0.114"
"3,32 : 0.2"
"32,3 : 0.2"
"3,33 : 0.2474"
"33,3 : 0.2474"
"3,34 : 0.0539"
"34,3 : 0.0539"
"3,35 : 0.1726"
"35,3 : 0.1726"
"3,36 : 0.211"
"36,3 : 0.211"
"3,37 : 0.65"
"37,3 : 0.65"
"3,38 : 0.4101"
"38,3 : 0.4101"
"3,39 : 0.68"
"39,3 : 0.68"
"3,40 : 0.4597"
"40,3 : 0.4597"
"3,41 : 0.3"
"41,3 : 0.3"
"3,42 : 0.1709"
"42,3 : 0.1709"
"3,43 : 0.5394"
"43,3 : 0.5394"
"3,44 : 0.314"
"44,3 : 0.314"
"3,45 : 0.73"
"45,3 : 0.73"
"3,46 : 0.37"
"46,3 : 0.37"
"3,47 : 0.4005"
"47,3 : 0.4005"
"3,48 : 0.3982"
"48,3 : 0.3982"
"3,49 : 0.3102"
"49,3 : 0.3102"
"4,5 : 0.7301"
"5,4 : 0.7301"
"4,6 : 0.2263"
"6,4 : 0.2263"
"4,7 : 0.3736"
"7,4 : 0.3736"
"4,8 : 0.2506"
"8,4 : 0.2506"
"4,9 : 0.2508"
"9,4 : 0.2508"
"4,10 : 0.1487"
"10,4 : 0.1487"
"4,11 : 0.3102"
"11,4 : 0.3102"
"4,12 : 0.2377"
"12,4 : 0.2377"
"4,13 : 0.5189"
"13,4 : 0.5189"
"4,14 : 0.26"
"14,4 : 0.26"
"4,15 : 0.6332"
"15,4 : 0.6332"
"4,16 : 0.6963"
"16,4 : 0.6963"
"4,17 : 0.7469"
"17,4 : 0.7469"
"4,18 : 0.3883"
"18,4 : 0.3883"
"4,19 : 0.4011"
"19,4 : 0.4011"
"4,20 : 0.236"
"20,4 : 0.236"
"4,21 : 0.2"
"21,4 : 0.2"
"4,22 : 0.2943"
"22,4 : 0.2943"
"4,23 : 0.6964"
"23,4 : 0.6964"
"4,24 : 0.507"
"24,4 : 0.507"
"4,25 : 0.3324"
"25,4 : 0.3324"
"4,26 : 0.6862"
"26,4 : 0.6862"
"4,27 : 0.7632"
"27,4 : 0.7632"
"4,28 : 0.5511"
"28,4 : 0.5511"
"4,29 : 0.6207"
"29,4 : 0.6207"
"4,30 : 0.8099"
"30,4 : 0.8099"
"4,31 : 0.2062"
"31,4 : 0.2062"
"4,32 : 0.3276"
"32,4 : 0.3276"
"4,33 : 0.364"
"33,4 : 0.364"
"4,34 : 0.172"
"34,4 : 0.172"
"4,35 : 0.3306"
"35,4 : 0.3306"
"4,36 : 0.1612"
"36,4 : 0.1612"
"4,37 : 0.6562"
"37,4 : 0.6562"
"4,38 : 0.4838"
"38,4 : 0.4838"
"4,39 : 0.6694"
"39,4 : 0.6694"
"4,40 : 0.5557"
"40,4 : 0.5557"
"4,41 : 0.191"
"41,4 : 0.191"
"4,42 : 0.11"
"42,4 : 0.11"
"4,43 : 0.5831"
"43,4 : 0.5831"
"4,44 : 0.15"
"44,4 : 0.15"
"4,45 : 0.8773"
"45,4 : 0.8773"
"4,46 : 0.402"
"46,4 : 0.402"
"4,47 : 0.2419"
"47,4 : 0.2419"
"4,48 : 0.5315"
"48,4 : 0.5315"
"4,49 : 0.3106"
"49,4 : 0.3106"
"5,6 : 0.7301"
"6,5 : 0.7301"
"5,7 : 0.495"
"7,5 : 0.495"
"5,8 : 0.4827"
"8,5 : 0.4827"
"5,9 : 0.9135"
"9,5 : 0.9135"
"5,10 : 0.658"
"10,5 : 0.658"
"5,11 : 1.0042"
"11,5 : 1.0042"
"5,12 : 0.5423"
"12,5 : 0.5423"
"5,13 : 0.2419"
"13,5 : 0.2419"
"5,14 : 0.542"
"14,5 : 0.542"
"5,15 : 0.66"
"15,5 : 0.66"
"5,16 : 0.5869"
"16,5 : 0.5869"
"5,17 : 0.7642"
"17,5 : 0.7642"
"5,18 : 0.5515"
"18,5 : 0.5515"
"5,19 : 0.6207"
"19,5 : 0.6207"
"5,20 : 0.6963"
"20,5 : 0.6963"
"5,21 : 0.8994"
"21,5 : 0.8994"
"5,22 : 0.9"
"22,5 : 0.9"
"5,23 : 0.8683"
"23,5 : 0.8683"
"5,24 : 0.6315"
"24,5 : 0.6315"
"5,25 : 0.8538"
"25,5 : 0.8538"
"5,26 : 0.8393"
"26,5 : 0.8393"
"5,27 : 0.1921"
"27,5 : 0.1921"
"5,28 : 0.5423"
"28,5 : 0.5423"
"5,29 : 0.461"
"29,5 : 0.461"
"5,30 : 0.0906"
"30,5 : 0.0906"
"5,31 : 0.5334"
"31,5 : 0.5334"
"5,32 : 0.5682"
"32,5 : 0.5682"
"5,33 : 0.3956"
"33,5 : 0.3956"
"5,34 : 0.558"
"34,5 : 0.558"
"5,35 : 0.4855"
"35,5 : 0.4855"
"5,36 : 0.6671"
"36,5 : 0.6671"
"5,37 : 0.7147"
"37,5 : 0.7147"
"5,38 : 0.441"
"38,5 : 0.441"
"5,39 : 0.7816"
"39,5 : 0.7816"
"5,40 : 0.7185"
"40,5 : 0.7185"
"5,41 : 0.8698"
"41,5 : 0.8698"
"5,42 : 0.6712"
"42,5 : 0.6712"
"5,43 : 0.5508"
"43,5 : 0.5508"
"5,44 : 0.8559"
"44,5 : 0.8559"
"5,45 : 0.1772"
"45,5 : 0.1772"
"5,46 : 0.5508"
"46,5 : 0.5508"
"5,47 : 0.9214"
"47,5 : 0.9214"
"5,48 : 0.2419"
"48,5 : 0.2419"
"5,49 : 0.8078"
"49,5 : 0.8078"
"6,7 : 0.5235"
"7,6 : 0.5235"
"6,8 : 0.2864"
"8,6 : 0.2864"
"6,9 : 0.2012"
"9,6 : 0.2012"
"6,10 : 0.1118"
"10,6 : 0.1118"
"6,11 : 0.2997"
"11,6 : 0.2997"
"6,12 : 0.3864"
"12,6 : 0.3864"
"6,13 : 0.4904"
"13,6 : 0.4904"
"6,14 : 0.1887"
"14,6 : 0.1887"
"6,15 : 0.4357"
"15,6 : 0.4357"
"6,16 : 0.5201"
"16,6 : 0.5201"
"6,17 : 0.5376"
"17,6 : 0.5376"
"6,18 : 0.2341"
"18,6 : 0.2341"
"6,19 : 0.5914"
"19,6 : 0.5914"
"6,20 : 0.0361"
"20,6 : 0.0361"
"6,21 : 0.394"
"21,6 : 0.394"
"6,22 : 0.1703"
"22,6 : 0.1703"
"6,23 : 0.9079"
"23,6 : 0.9079"
"6,24 : 0.3114"
"24,6 : 0.3114"
"6,25 : 0.5587"
"25,6 : 0.5587"
"6,26 : 0.8947"
"26,6 : 0.8947"
"6,27 : 0.7043"
"27,6 : 0.7043"
"6,28 : 0.3833"
"28,6 : 0.3833"
"6,29 : 0.478"
"29,6 : 0.478"
"6,30 : 0.794"
"30,6 : 0.794"
"6,31 : 0.3214"
"31,6 : 0.3214"
"6,32 : 0.1836"
"32,6 : 0.1836"
"6,33 : 0.454"
"33,6 : 0.454"
"6,34 : 0.2608"
"34,6 : 0.2608"
"6,35 : 0.2476"
"35,6 : 0.2476"
"6,36 : 0.3672"
"36,6 : 0.3672"
"6,37 : 0.8477"
"37,6 : 0.8477"
"6,38 : 0.6201"
"38,6 : 0.6201"
"6,39 : 0.8709"
"39,6 : 0.8709"
"6,40 : 0.3418"
"40,6 : 0.3418"
"6,41 : 0.1825"
"41,6 : 0.1825"
"6,42 : 0.3138"
"42,6 : 0.3138"
"6,43 : 0.7467"
"43,6 : 0.7467"
"6,44 : 0.3489"
"44,6 : 0.3489"
"6,45 : 0.8989"
"45,6 : 0.8989"
"6,46 : 0.5727"
"46,6 : 0.5727"
"6,47 : 0.4428"
"47,6 : 0.4428"
"6,48 : 0.5914"
"48,6 : 0.5914"
"6,49 : 0.1005"
"49,6 : 0.1005"
"7,8 : 0.2683"
"8,7 : 0.2683"
"7,9 : 0.6217"
"9,7 : 0.6217"
"7,10 : 0.4119"
"10,7 : 0.4119"
"7,11 : 0.6831"
"11,7 : 0.6831"
"7,12 : 0.1404"
"12,7 : 0.1404"
"7,13 : 0.3956"
"13,7 : 0.3956"
"7,14 : 0.394"
"14,7 : 0.394"
"7,15 : 0.7669"
"15,7 : 0.7669"
"7,16 : 0.7723"
"16,7 : 0.7723"
"7,17 : 0.895"
"17,7 : 0.895"
"7,18 : 0.5215"
"18,7 : 0.5215"
"7,19 : 0.136"
"19,7 : 0.136"
"7,20 : 0.508"
"20,7 : 0.508"
"7,21 : 0.4686"
"21,7 : 0.4686"
"7,22 : 0.6519"
"22,7 : 0.6519"
"7,23 : 0.4545"
"23,7 : 0.4545"
"7,24 : 0.6629"
"24,7 : 0.6629"
"7,25 : 0.364"
"25,7 : 0.364"
"7,26 : 0.4319"
"26,7 : 0.4319"
"7,27 : 0.6152"
"27,7 : 0.6152"
"7,28 : 0.6438"
"28,7 : 0.6438"
"7,29 : 0.65"
"29,7 : 0.65"
"7,30 : 0.5855"
"30,7 : 0.5855"
"7,31 : 0.2022"
"31,7 : 0.2022"
"7,32 : 0.483"
"32,7 : 0.483"
"7,33 : 0.1389"
"33,7 : 0.1389"
"7,34 : 0.2631"
"34,7 : 0.2631"
"7,35 : 0.4105"
"35,7 : 0.4105"
"7,36 : 0.2332"
"36,7 : 0.2332"
"7,37 : 0.3467"
"37,7 : 0.3467"
"7,38 : 0.1118"
"38,7 : 0.1118"
"7,39 : 0.3895"
"39,7 : 0.3895"
"7,40 : 0.7443"
"40,7 : 0.7443"
"7,41 : 0.5629"
"41,7 : 0.5629"
"7,42 : 0.2693"
"42,7 : 0.2693"
"7,43 : 0.2236"
"43,7 : 0.2236"
"7,44 : 0.4383"
"44,7 : 0.4383"
"7,45 : 0.5909"
"45,7 : 0.5909"
"7,46 : 0.0721"
"46,7 : 0.0721"
"7,47 : 0.4738"
"47,7 : 0.4738"
"7,48 : 0.2532"
"48,7 : 0.2532"
"7,49 : 0.6239"
"49,7 : 0.6239"
"8,9 : 0.441"
"9,8 : 0.441"
"8,10 : 0.1879"
"10,8 : 0.1879"
"8,11 : 0.5263"
"11,8 : 0.5263"
"8,12 : 0.164"
"12,8 : 0.164"
"8,13 : 0.2693"
"13,8 : 0.2693"
"8,14 : 0.1265"
"14,8 : 0.1265"
"8,15 : 0.5093"
"15,8 : 0.5093"
"8,16 : 0.5334"
"16,8 : 0.5334"
"8,17 : 0.6364"
"17,8 : 0.6364"
"8,18 : 0.2561"
"18,8 : 0.2561"
"8,19 : 0.3754"
"19,8 : 0.3754"
"8,20 : 0.2617"
"20,8 : 0.2617"
"8,21 : 0.4368"
"21,8 : 0.4368"
"8,22 : 0.4438"
"22,8 : 0.4438"
"8,23 : 0.7084"
"23,8 : 0.7084"
"8,24 : 0.3982"
"24,8 : 0.3982"
"8,25 : 0.473"
"25,8 : 0.473"
"8,26 : 0.6888"
"26,8 : 0.6888"
"8,27 : 0.5155"
"27,8 : 0.5155"
"8,28 : 0.3941"
"28,8 : 0.3941"
"8,29 : 0.4272"
"29,8 : 0.4272"
"8,30 : 0.5604"
"30,8 : 0.5604"
"8,31 : 0.0985"
"31,8 : 0.0985"
"8,32 : 0.2147"
"32,8 : 0.2147"
"8,33 : 0.17"
"33,8 : 0.17"
"8,34 : 0.0825"
"34,8 : 0.0825"
"8,35 : 0.1487"
"35,8 : 0.1487"
"8,36 : 0.2433"
"36,8 : 0.2433"
"8,37 : 0.614"
"37,8 : 0.614"
"8,38 : 0.3471"
"38,8 : 0.3471"
"8,39 : 0.6522"
"39,8 : 0.6522"
"8,40 : 0.4771"
"40,8 : 0.4771"
"8,41 : 0.392"
"41,8 : 0.392"
"8,42 : 0.2202"
"42,8 : 0.2202"
"8,43 : 0.487"
"43,8 : 0.487"
"8,44 : 0.389"
"44,8 : 0.389"
"8,45 : 0.6378"
"45,8 : 0.6378"
"8,46 : 0.3329"
"46,8 : 0.3329"
"8,47 : 0.4687"
"47,8 : 0.4687"
"8,48 : 0.3087"
"48,8 : 0.3087"
"8,49 : 0.3833"
"49,8 : 0.3833"
"9,10 : 0.2561"
"10,9 : 0.2561"
"9,11 : 0.0985"
"11,9 : 0.0985"
"9,12 : 0.4827"
"12,9 : 0.4827"
"9,13 : 0.679"
"13,9 : 0.679"
"9,14 : 0.3754"
"14,9 : 0.3754"
"9,15 : 0.6103"
"15,9 : 0.6103"
"9,16 : 0.7071"
"16,9 : 0.7071"
"9,17 : 0.6946"
"17,9 : 0.6946"
"9,18 : 0.4346"
"18,9 : 0.4346"
"9,19 : 0.6501"
"19,9 : 0.6501"
"9,20 : 0.2371"
"20,9 : 0.2371"
"9,21 : 0.3081"
"21,9 : 0.3081"
"9,22 : 0.0806"
"22,9 : 0.0806"
"9,23 : 0.9289"
"23,9 : 0.9289"
"9,24 : 0.4937"
"24,9 : 0.4937"
"9,25 : 0.528"
"25,9 : 0.528"
"9,26 : 0.922"
"26,9 : 0.922"
"9,27 : 0.9021"
"27,9 : 0.9021"
"9,28 : 0.5772"
"28,9 : 0.5772"
"9,29 : 0.6768"
"29,9 : 0.6768"
"9,30 : 0.9829"
"30,9 : 0.9829"
"9,31 : 0.4366"
"31,9 : 0.4366"
"9,32 : 0.3847"
"32,9 : 0.3847"
"9,33 : 0.5909"
"33,9 : 0.5909"
"9,34 : 0.3848"
"34,9 : 0.3848"
"9,35 : 0.442"
"35,9 : 0.442"
"9,36 : 0.41"
"36,9 : 0.41"
"9,37 : 0.9027"
"37,9 : 0.9027"
"9,38 : 0.7301"
"38,9 : 0.7301"
"9,39 : 0.9108"
"39,9 : 0.9108"
"9,40 : 0.5009"
"40,9 : 0.5009"
"9,41 : 0.06"
"41,9 : 0.06"
"9,42 : 0.3606"
"42,9 : 0.3606"
"9,43 : 0.8338"
"43,9 : 0.8338"
"9,44 : 0.2818"
"44,9 : 0.2818"
"9,45 : 1.0762"
"45,9 : 1.0762"
"9,46 : 0.6528"
"46,9 : 0.6528"
"9,47 : 0.3561"
"47,9 : 0.3561"
"9,48 : 0.7479"
"48,9 : 0.7479"
"9,49 : 0.1903"
"49,9 : 0.1903"
"10,11 : 0.3466"
"11,10 : 0.3466"
"10,12 : 0.2746"
"12,10 : 0.2746"
"10,13 : 0.4264"
"13,10 : 0.4264"
"10,14 : 0.13"
"14,10 : 0.13"
"10,15 : 0.4847"
"15,10 : 0.4847"
"10,16 : 0.5492"
"16,10 : 0.5492"
"10,17 : 0.5994"
"17,10 : 0.5994"
"10,18 : 0.2419"
"18,10 : 0.2419"
"10,19 : 0.481"
"19,10 : 0.481"
"10,20 : 0.103"
"20,10 : 0.103"
"10,21 : 0.3437"
"21,10 : 0.3437"
"10,22 : 0.2563"
"22,10 : 0.2563"
"10,23 : 0.8013"
"23,10 : 0.8013"
"10,24 : 0.3585"
"24,10 : 0.3585"
"10,25 : 0.472"
"25,10 : 0.472"
"10,26 : 0.7871"
"26,10 : 0.7871"
"10,27 : 0.6586"
"27,10 : 0.6586"
"10,28 : 0.4045"
"28,10 : 0.4045"
"10,29 : 0.4804"
"29,10 : 0.4804"
"10,30 : 0.7292"
"30,10 : 0.7292"
"10,31 : 0.2102"
"31,10 : 0.2102"
"10,32 : 0.1811"
"32,10 : 0.1811"
"10,33 : 0.3493"
"33,10 : 0.3493"
"10,34 : 0.15"
"34,10 : 0.15"
"10,35 : 0.2025"
"35,10 : 0.2025"
"10,36 : 0.264"
"36,10 : 0.264"
"10,37 : 0.7368"
"37,10 : 0.7368"
"10,38 : 0.5101"
"38,10 : 0.5101"
"10,39 : 0.7616"
"39,10 : 0.7616"
"10,40 : 0.4105"
"40,10 : 0.4105"
"10,41 : 0.2126"
"41,10 : 0.2126"
"10,42 : 0.2126"
"42,10 : 0.2126"
"10,43 : 0.6351"
"43,10 : 0.6351"
"10,44 : 0.2943"
"44,10 : 0.2943"
"10,45 : 0.8201"
"45,10 : 0.8201"
"10,46 : 0.461"
"46,10 : 0.461"
"10,47 : 0.3883"
"47,10 : 0.3883"
"10,48 : 0.4966"
"48,10 : 0.4966"
"10,49 : 0.2121"
"49,10 : 0.2121"
"11,12 : 0.5478"
"12,11 : 0.5478"
"11,13 : 0.7723"
"13,11 : 0.7723"
"11,14 : 0.4701"
"14,11 : 0.4701"
"11,15 : 0.7026"
"15,11 : 0.7026"
"11,16 : 0.8023"
"16,11 : 0.8023"
"11,17 : 0.781"
"17,11 : 0.781"
"11,18 : 0.5331"
"18,11 : 0.5331"
"11,19 : 0.6946"
"19,11 : 0.6946"
"11,20 : 0.3354"
"20,11 : 0.3354"
"11,21 : 0.3036"
"21,11 : 0.3036"
"11,22 : 0.16"
"22,11 : 0.16"
"11,23 : 0.9504"
"23,11 : 0.9504"
"11,24 : 0.5886"
"24,11 : 0.5886"
"11,25 : 0.536"
"25,11 : 0.536"
"11,26 : 0.9464"
"26,11 : 0.9464"
"11,27 : 0.9986"
"27,11 : 0.9986"
"11,28 : 0.6745"
"28,11 : 0.6745"
"11,29 : 0.7749"
"29,11 : 0.7749"
"11,30 : 1.0756"
"30,11 : 1.0756"
"11,31 : 0.51"
"31,11 : 0.51"
"11,32 : 0.483"
"32,11 : 0.483"
"11,33 : 0.6673"
"33,11 : 0.6673"
"11,34 : 0.4632"
"34,11 : 0.4632"
"11,35 : 0.5382"
"35,11 : 0.5382"
"11,36 : 0.4589"
"36,11 : 0.4589"
"11,37 : 0.9402"
"37,11 : 0.9402"
"11,38 : 0.7938"
"38,11 : 0.7938"
"11,39 : 0.9413"
"39,11 : 0.9413"
"11,40 : 0.5901"
"40,11 : 0.5901"
"11,41 : 0.1345"
"41,11 : 0.1345"
"11,42 : 0.4148"
"42,11 : 0.4148"
"11,43 : 0.8865"
"43,11 : 0.8865"
"11,44 : 0.2927"
"44,11 : 0.2927"
"11,45 : 1.1639"
"45,11 : 1.1639"
"11,46 : 0.7061"
"46,11 : 0.7061"
"11,47 : 0.3454"
"47,11 : 0.3454"
"11,48 : 0.8293"
"48,11 : 0.8293"
"11,49 : 0.2816"
"49,11 : 0.2816"
"12,13 : 0.38"
"13,12 : 0.38"
"12,14 : 0.278"
"14,12 : 0.278"
"12,15 : 0.6727"
"15,12 : 0.6727"
"12,16 : 0.6964"
"16,12 : 0.6964"
"12,17 : 0.7993"
"17,12 : 0.7993"
"12,18 : 0.4173"
"18,12 : 0.4173"
"12,19 : 0.2163"
"19,12 : 0.2163"
"12,20 : 0.3736"
"20,12 : 0.3736"
"12,21 : 0.364"
"21,12 : 0.364"
"12,22 : 0.5116"
"22,12 : 0.5116"
"12,23 : 0.5482"
"23,12 : 0.5482"
"12,24 : 0.559"
"24,12 : 0.559"
"12,25 : 0.3302"
"25,12 : 0.3302"
"12,26 : 0.5301"
"26,12 : 0.5301"
"12,27 : 0.6229"
"27,12 : 0.6229"
"12,28 : 0.558"
"28,12 : 0.558"
"12,29 : 0.586"
"29,12 : 0.586"
"12,30 : 0.6297"
"30,12 : 0.6297"
"12,31 : 0.0721"
"31,12 : 0.0721"
"12,32 : 0.3701"
"32,12 : 0.3701"
"12,33 : 0.1476"
"33,12 : 0.1476"
"12,34 : 0.13"
"34,12 : 0.13"
"12,35 : 0.3124"
"35,12 : 0.3124"
"12,36 : 0.1253"
"36,12 : 0.1253"
"12,37 : 0.4662"
"37,12 : 0.4662"
"12,38 : 0.2474"
"38,12 : 0.2474"
"12,39 : 0.4974"
"39,12 : 0.4974"
"12,40 : 0.6341"
"40,12 : 0.6341"
"12,41 : 0.4245"
"41,12 : 0.4245"
"12,42 : 0.1421"
"42,12 : 0.1421"
"12,43 : 0.3612"
"43,12 : 0.3612"
"12,44 : 0.3256"
"44,12 : 0.3256"
"12,45 : 0.6685"
"45,12 : 0.6685"
"12,46 : 0.1868"
"46,12 : 0.1868"
"12,47 : 0.3808"
"47,12 : 0.3808"
"12,48 : 0.3162"
"48,12 : 0.3162"
"12,49 : 0.4866"
"49,12 : 0.4866"
"13,14 : 0.3041"
"14,13 : 0.3041"
"13,15 : 0.4657"
"15,13 : 0.4657"
"13,16 : 0.4254"
"16,13 : 0.4254"
"13,17 : 0.5852"
"17,13 : 0.5852"
"13,18 : 0.3132"
"18,13 : 0.3132"
"13,19 : 0.5314"
"19,13 : 0.5314"
"13,20 : 0.4561"
"20,13 : 0.4561"
"13,21 : 0.7052"
"21,13 : 0.7052"
"13,22 : 0.6607"
"22,13 : 0.6607"
"13,23 : 0.8386"
"23,13 : 0.8386"
"13,24 : 0.41"
"24,13 : 0.41"
"13,25 : 0.7101"
"25,13 : 0.7101"
"13,26 : 0.813"
"26,13 : 0.813"
"13,27 : 0.2474"
"27,13 : 0.2474"
"13,28 : 0.3373"
"28,13 : 0.3373"
"13,29 : 0.2915"
"29,13 : 0.2915"
"13,30 : 0.3041"
"30,13 : 0.3041"
"13,31 : 0.3453"
"31,13 : 0.3453"
"13,32 : 0.3265"
"32,13 : 0.3265"
"13,33 : 0.2596"
"33,13 : 0.2596"
"13,34 : 0.3511"
"34,13 : 0.3511"
"13,35 : 0.2441"
"35,13 : 0.2441"
"13,36 : 0.4937"
"36,13 : 0.4937"
"13,37 : 0.706"
"37,13 : 0.706"
"13,38 : 0.4"
"38,13 : 0.4"
"13,39 : 0.7628"
"39,13 : 0.7628"
"13,40 : 0.5001"
"40,13 : 0.5001"
"13,41 : 0.6389"
"41,13 : 0.6389"
"13,42 : 0.4827"
"42,13 : 0.4827"
"13,43 : 0.5456"
"43,13 : 0.5456"
"13,44 : 0.6579"
"44,13 : 0.6579"
"13,45 : 0.4163"
"45,13 : 0.4163"
"13,46 : 0.4662"
"46,13 : 0.4662"
"13,47 : 0.735"
"47,13 : 0.735"
"13,48 : 0.2163"
"48,13 : 0.2163"
"13,49 : 0.566"
"49,13 : 0.566"
"14,15 : 0.4022"
"15,14 : 0.4022"
"14,16 : 0.446"
"16,14 : 0.446"
"14,17 : 0.5263"
"17,14 : 0.5263"
"14,18 : 0.1442"
"18,14 : 0.1442"
"14,19 : 0.4941"
"19,14 : 0.4941"
"14,20 : 0.1565"
"20,14 : 0.1565"
"14,21 : 0.46"
"21,14 : 0.46"
"14,22 : 0.3581"
"22,14 : 0.3581"
"14,23 : 0.8262"
"23,14 : 0.8262"
"14,24 : 0.2832"
"24,14 : 0.2832"
"14,25 : 0.5504"
"25,14 : 0.5504"
"14,26 : 0.808"
"26,14 : 0.808"
"14,27 : 0.53"
"27,14 : 0.53"
"14,28 : 0.3008"
"28,14 : 0.3008"
"14,29 : 0.3612"
"29,14 : 0.3612"
"14,30 : 0.6083"
"30,14 : 0.6083"
"14,31 : 0.2062"
"31,14 : 0.2062"
"14,32 : 0.0922"
"32,14 : 0.0922"
"14,33 : 0.2927"
"33,14 : 0.2927"
"14,34 : 0.1562"
"34,14 : 0.1562"
"14,35 : 0.0728"
"35,14 : 0.0728"
"14,36 : 0.3225"
"36,14 : 0.3225"
"14,37 : 0.7382"
"37,14 : 0.7382"
"14,38 : 0.473"
"38,14 : 0.473"
"14,39 : 0.7739"
"39,14 : 0.7739"
"14,40 : 0.3561"
"40,14 : 0.3561"
"14,41 : 0.3384"
"41,14 : 0.3384"
"14,42 : 0.2823"
"42,14 : 0.2823"
"14,43 : 0.6135"
"43,14 : 0.6135"
"14,44 : 0.41"
"44,14 : 0.41"
"14,45 : 0.7102"
"45,14 : 0.7102"
"14,46 : 0.4565"
"46,14 : 0.4565"
"14,47 : 0.5009"
"47,14 : 0.5009"
"14,48 : 0.41"
"48,14 : 0.41"
"14,49 : 0.2751"
"49,14 : 0.2751"
"15,16 : 0.1204"
"16,15 : 0.1204"
"15,17 : 0.1281"
"17,15 : 0.1281"
"15,18 : 0.2581"
"18,15 : 0.2581"
"15,19 : 0.8839"
"19,15 : 0.8839"
"15,20 : 0.41"
"20,15 : 0.41"
"15,21 : 0.8228"
"21,15 : 0.8228"
"15,22 : 0.5433"
"22,15 : 0.5433"
"15,23 : 1.2166"
"23,15 : 1.2166"
"15,24 : 0.1265"
"24,15 : 0.1265"
"15,25 : 0.9489"
"25,15 : 0.9489"
"15,26 : 1.196"
"26,15 : 1.196"
"15,27 : 0.5239"
"27,15 : 0.5239"
"15,28 : 0.13"
"28,15 : 0.13"
"15,29 : 0.2022"
"29,15 : 0.2022"
"15,30 : 0.676"
"30,15 : 0.676"
"15,31 : 0.6031"
"31,15 : 0.6031"
"15,32 : 0.3138"
"32,15 : 0.3138"
"15,33 : 0.6382"
"33,15 : 0.6382"
"15,34 : 0.558"
"34,15 : 0.558"
"15,35 : 0.3607"
"35,15 : 0.3607"
"15,36 : 0.724"
"36,15 : 0.724"
"15,37 : 1.1121"
"37,15 : 1.1121"
"15,38 : 0.8184"
"38,15 : 0.8184"
"15,39 : 1.1562"
"39,15 : 1.1562"
"15,40 : 0.1208"
"40,15 : 0.1208"
"15,41 : 0.6113"
"41,15 : 0.6113"
"15,42 : 0.681"
"42,15 : 0.681"
"15,43 : 0.968"
"43,15 : 0.968"
"15,44 : 0.7749"
"44,15 : 0.7749"
"15,45 : 0.8315"
"45,15 : 0.8315"
"15,46 : 0.8363"
"46,15 : 0.8363"
"15,47 : 0.8698"
"47,15 : 0.8698"
"15,48 : 0.6742"
"48,15 : 0.6742"
"15,49 : 0.4211"
"49,15 : 0.4211"
"16,17 : 0.1803"
"17,16 : 0.1803"
"16,18 : 0.3081"
"18,16 : 0.3081"
"16,19 : 0.8981"
"19,16 : 0.8981"
"16,20 : 0.4901"
"20,16 : 0.4901"
"16,21 : 0.8927"
"21,16 : 0.8927"
"16,22 : 0.6454"
"22,16 : 0.6454"
"16,23 : 1.2267"
"23,16 : 1.2267"
"16,24 : 0.2138"
"24,16 : 0.2138"
"16,25 : 0.9954"
"25,16 : 0.9954"
"16,26 : 1.2042"
"26,16 : 1.2042"
"16,27 : 0.431"
"27,16 : 0.431"
"16,28 : 0.1456"
"28,16 : 0.1456"
"16,29 : 0.1342"
"29,16 : 0.1342"
"16,30 : 0.59"
"30,16 : 0.59"
"16,31 : 0.6313"
"31,16 : 0.6313"
"16,32 : 0.3688"
"32,16 : 0.3688"
"16,33 : 0.6366"
"33,16 : 0.6366"
"16,34 : 0.5951"
"34,16 : 0.5951"
"16,35 : 0.3891"
"35,16 : 0.3891"
"16,36 : 0.7656"
"36,16 : 0.7656"
"16,37 : 1.1104"
"37,16 : 1.1104"
"16,38 : 0.8081"
"38,16 : 0.8081"
"16,39 : 1.16"
"39,16 : 1.16"
"16,40 : 0.2385"
"40,16 : 0.2385"
"16,41 : 0.7011"
"41,16 : 0.7011"
"16,42 : 0.728"
"42,16 : 0.728"
"16,43 : 0.9578"
"43,16 : 0.9578"
"16,44 : 0.8434"
"44,16 : 0.8434"
"16,45 : 0.7511"
"45,16 : 0.7511"
"16,46 : 0.8439"
"46,16 : 0.8439"
"16,47 : 0.9374"
"47,16 : 0.9374"
"16,48 : 0.6414"
"48,16 : 0.6414"
"16,49 : 0.5217"
"49,16 : 0.5217"
"17,18 : 0.3829"
"18,17 : 0.3829"
"17,19 : 1.0114"
"19,17 : 1.0114"
"17,20 : 0.5162"
"20,17 : 0.5162"
"17,21 : 0.9305"
"21,17 : 0.9305"
"17,22 : 0.6213"
"22,17 : 0.6213"
"17,23 : 1.3442"
"23,17 : 1.3442"
"17,24 : 0.2441"
"24,17 : 0.2441"
"17,25 : 1.0685"
"25,17 : 1.0685"
"17,26 : 1.3238"
"26,17 : 1.3238"
"17,27 : 0.6113"
"27,17 : 0.6113"
"17,28 : 0.2555"
"28,17 : 0.2555"
"17,29 : 0.3041"
"29,17 : 0.3041"
"17,30 : 0.7701"
"30,17 : 0.7701"
"17,31 : 0.7292"
"31,17 : 0.7292"
"17,32 : 0.436"
"32,17 : 0.436"
"17,33 : 0.7661"
"33,17 : 0.7661"
"17,34 : 0.6825"
"34,17 : 0.6825"
"17,35 : 0.488"
"35,17 : 0.488"
"17,36 : 0.8463"
"36,17 : 0.8463"
"17,37 : 1.2402"
"37,17 : 1.2402"
"17,38 : 0.9458"
"38,17 : 0.9458"
"17,39 : 1.2843"
"39,17 : 1.2843"
"17,40 : 0.1965"
"40,17 : 0.1965"
"17,41 : 0.7041"
"41,17 : 0.7041"
"17,42 : 0.8016"
"42,17 : 0.8016"
"17,43 : 1.0955"
"43,17 : 1.0955"
"17,44 : 0.8839"
"44,17 : 0.8839"
"17,45 : 0.9305"
"45,17 : 0.9305"
"17,46 : 0.9643"
"46,17 : 0.9643"
"17,47 : 0.9786"
"47,17 : 0.9786"
"17,48 : 0.7971"
"48,17 : 0.7971"
"17,49 : 0.5049"
"49,17 : 0.5049"
"18,19 : 0.6313"
"19,18 : 0.6313"
"18,20 : 0.1992"
"20,18 : 0.1992"
"18,21 : 0.5855"
"21,18 : 0.5855"
"18,22 : 0.3912"
"22,18 : 0.3912"
"18,23 : 0.9643"
"23,18 : 0.9643"
"18,24 : 0.1421"
"24,18 : 0.1421"
"18,25 : 0.6932"
"25,18 : 0.6932"
"18,26 : 0.9449"
"26,18 : 0.9449"
"18,27 : 0.4884"
"27,18 : 0.4884"
"18,28 : 0.1628"
"28,18 : 0.1628"
"18,29 : 0.2452"
"29,18 : 0.2452"
"18,30 : 0.6003"
"30,18 : 0.6003"
"18,31 : 0.3466"
"31,18 : 0.3466"
"18,32 : 0.0608"
"32,18 : 0.0608"
"18,33 : 0.4031"
"33,18 : 0.4031"
"18,34 : 0.3"
"34,18 : 0.3"
"18,35 : 0.1118"
"35,18 : 0.1118"
"18,36 : 0.4665"
"36,18 : 0.4665"
"18,37 : 0.8682"
"37,18 : 0.8682"
"18,38 : 0.5869"
"38,18 : 0.5869"
"18,39 : 0.908"
"39,18 : 0.908"
"18,40 : 0.2236"
"40,18 : 0.2236"
"18,41 : 0.4148"
"41,18 : 0.4148"
"18,42 : 0.4249"
"42,18 : 0.4249"
"18,43 : 0.7335"
"43,18 : 0.7335"
"18,44 : 0.536"
"44,18 : 0.536"
"18,45 : 0.728"
"45,18 : 0.728"
"18,46 : 0.5882"
"46,18 : 0.5882"
"18,47 : 0.6297"
"47,18 : 0.6297"
"18,48 : 0.4809"
"48,18 : 0.4809"
"18,49 : 0.2766"
"49,18 : 0.2766"
"19,20 : 0.5831"
"20,19 : 0.5831"
"19,21 : 0.4346"
"21,19 : 0.4346"
"19,22 : 0.6946"
"22,19 : 0.6946"
"19,23 : 0.333"
"23,19 : 0.333"
"19,24 : 0.7734"
"24,19 : 0.7734"
"19,25 : 0.2702"
"25,19 : 0.2702"
"19,26 : 0.314"
"26,19 : 0.314"
"19,27 : 0.7497"
"27,19 : 0.7497"
"19,28 : 0.7649"
"28,19 : 0.7649"
"19,29 : 0.7794"
"29,19 : 0.7794"
"19,30 : 0.7111"
"30,19 : 0.7111"
"19,31 : 0.2884"
"31,19 : 0.2884"
"19,32 : 0.586"
"32,19 : 0.586"
"19,33 : 0.2731"
"33,19 : 0.2731"
"19,34 : 0.3448"
"34,19 : 0.3448"
"19,35 : 0.5235"
"35,19 : 0.5235"
"19,36 : 0.2402"
"36,19 : 0.2402"
"19,37 : 0.2571"
"37,19 : 0.2571"
"19,38 : 0.1897"
"38,19 : 0.1897"
"19,39 : 0.2818"
"39,19 : 0.2818"
"19,40 : 0.85"
"40,19 : 0.85"
"19,41 : 0.5901"
"41,19 : 0.5901"
"19,42 : 0.2915"
"42,19 : 0.2915"
"19,43 : 0.2012"
"43,19 : 0.2012"
"19,44 : 0.4176"
"44,19 : 0.4176"
"19,45 : 0.6992"
"45,19 : 0.6992"
"19,46 : 0.07"
"46,19 : 0.07"
"19,47 : 0.4254"
"47,19 : 0.4254"
"19,48 : 0.38"
"48,19 : 0.38"
"19,49 : 0.6896"
"49,19 : 0.6896"
"20,21 : 0.4144"
"21,20 : 0.4144"
"20,22 : 0.2052"
"22,20 : 0.2052"
"20,23 : 0.9043"
"23,20 : 0.9043"
"20,24 : 0.2844"
"24,20 : 0.2844"
"20,25 : 0.5673"
"25,20 : 0.5673"
"20,26 : 0.8901"
"26,20 : 0.8901"
"20,27 : 0.6684"
"27,20 : 0.6684"
"20,28 : 0.3513"
"28,20 : 0.3513"
"20,29 : 0.4438"
"29,20 : 0.4438"
"20,30 : 0.7593"
"30,20 : 0.7593"
"20,31 : 0.3059"
"31,20 : 0.3059"
"20,32 : 0.1476"
"32,20 : 0.1476"
"20,33 : 0.431"
"33,20 : 0.431"
"20,34 : 0.2452"
"34,20 : 0.2452"
"20,35 : 0.2126"
"35,20 : 0.2126"
"20,36 : 0.3662"
"36,20 : 0.3662"
"20,37 : 0.8382"
"37,20 : 0.8382"
"20,38 : 0.6013"
"38,20 : 0.6013"
"20,39 : 0.8641"
"39,20 : 0.8641"
"20,40 : 0.322"
"40,20 : 0.322"
"20,41 : 0.2159"
"41,20 : 0.2159"
"20,42 : 0.314"
"42,20 : 0.314"
"20,43 : 0.7316"
"43,20 : 0.7316"
"20,44 : 0.3677"
"44,20 : 0.3677"
"20,45 : 0.8661"
"45,20 : 0.8661"
"20,46 : 0.5604"
"46,20 : 0.5604"
"20,47 : 0.4624"
"47,20 : 0.4624"
"20,48 : 0.5632"
"48,20 : 0.5632"
"20,49 : 0.1217"
"49,20 : 0.1217"
"21,22 : 0.3829"
"22,21 : 0.3829"
"21,23 : 0.6519"
"23,21 : 0.6519"
"21,24 : 0.6964"
"24,21 : 0.6964"
"21,25 : 0.2335"
"25,21 : 0.2335"
"21,26 : 0.6503"
"26,21 : 0.6503"
"21,27 : 0.9521"
"27,21 : 0.9521"
"21,28 : 0.7481"
"28,21 : 0.7481"
"21,29 : 0.8205"
"29,21 : 0.8205"
"21,30 : 0.9839"
"30,21 : 0.9839"
"21,31 : 0.3667"
"31,21 : 0.3667"
"21,32 : 0.5247"
"32,21 : 0.5247"
"21,33 : 0.5104"
"33,21 : 0.5104"
"21,34 : 0.3544"
"34,21 : 0.3544"
"21,35 : 0.5304"
"35,21 : 0.5304"
"21,36 : 0.2408"
"36,21 : 0.2408"
"21,37 : 0.6592"
"37,21 : 0.6592"
"21,38 : 0.578"
"38,21 : 0.578"
"21,39 : 0.6512"
"39,21 : 0.6512"
"21,40 : 0.7354"
"40,21 : 0.7354"
"21,41 : 0.2617"
"41,21 : 0.2617"
"21,42 : 0.2283"
"42,21 : 0.2283"
"21,43 : 0.6356"
"43,21 : 0.6356"
"21,44 : 0.05"
"44,21 : 0.05"
"21,45 : 1.0323"
"45,21 : 1.0323"
"21,46 : 0.4665"
"46,21 : 0.4665"
"21,47 : 0.05"
"47,21 : 0.05"
"21,48 : 0.6801"
"48,21 : 0.6801"
"21,49 : 0.4522"
"49,21 : 0.4522"
"22,23 : 0.9867"
"23,22 : 0.9867"
"22,24 : 0.4317"
"24,22 : 0.4317"
"22,25 : 0.5954"
"25,22 : 0.5954"
"22,26 : 0.978"
"26,22 : 0.978"
"22,27 : 0.8721"
"27,22 : 0.8721"
"22,28 : 0.522"
"28,22 : 0.522"
"22,29 : 0.6265"
"29,22 : 0.6265"
"22,30 : 0.9643"
"30,22 : 0.9643"
"22,31 : 0.4571"
"31,22 : 0.4571"
"22,32 : 0.3483"
"32,22 : 0.3483"
"22,33 : 0.6044"
"33,22 : 0.6044"
"22,34 : 0.4002"
"34,22 : 0.4002"
"22,35 : 0.4177"
"35,22 : 0.4177"
"22,36 : 0.4554"
"36,22 : 0.4554"
"22,37 : 0.9504"
"37,22 : 0.9504"
"22,38 : 0.7566"
"38,22 : 0.7566"
"22,39 : 0.9632"
"39,22 : 0.9632"
"22,40 : 0.4301"
"40,22 : 0.4301"
"22,41 : 0.1221"
"41,22 : 0.1221"
"22,42 : 0.4031"
"42,22 : 0.4031"
"22,43 : 0.8701"
"43,22 : 0.8701"
"22,44 : 0.3523"
"44,22 : 0.3523"
"22,45 : 1.0678"
"45,22 : 1.0678"
"22,46 : 0.6901"
"46,22 : 0.6901"
"22,47 : 0.4319"
"47,22 : 0.4319"
"22,48 : 0.7524"
"48,22 : 0.7524"
"22,49 : 0.1237"
"49,22 : 0.1237"
"23,24 : 1.1063"
"24,23 : 1.1063"
"23,25 : 0.4201"
"25,23 : 0.4201"
"23,26 : 0.03"
"26,23 : 0.03"
"23,27 : 1.0288"
"27,23 : 1.0288"
"23,28 : 1.0962"
"28,23 : 1.0962"
"23,29 : 1.1042"
"29,23 : 1.1042"
"23,30 : 0.9534"
"30,23 : 0.9534"
"23,31 : 0.6201"
"31,23 : 0.6201"
"23,32 : 0.9183"
"32,23 : 0.9183"
"23,33 : 0.592"
"33,23 : 0.592"
"23,34 : 0.6742"
"34,23 : 0.6742"
"23,35 : 0.8563"
"35,23 : 0.8563"
"23,36 : 0.5413"
"36,23 : 0.5413"
"23,37 : 0.16"
"37,23 : 0.16"
"23,38 : 0.4428"
"38,23 : 0.4428"
"23,39 : 0.09"
"39,23 : 0.09"
"23,40 : 1.1823"
"40,23 : 1.1823"
"23,41 : 0.8709"
"41,23 : 0.8709"
"23,42 : 0.5951"
"42,23 : 0.5951"
"23,43 : 0.3178"
"43,23 : 0.3178"
"23,44 : 0.6576"
"44,23 : 0.6576"
"23,45 : 0.8914"
"45,23 : 0.8914"
"23,46 : 0.3829"
"46,23 : 0.3829"
"23,47 : 0.6201"
"47,23 : 0.6201"
"23,48 : 0.65"
"48,23 : 0.65"
"23,49 : 1.0022"
"49,23 : 1.0022"
"24,25 : 0.8249"
"25,24 : 0.8249"
"24,26 : 1.0871"
"26,24 : 1.0871"
"24,27 : 0.5277"
"27,24 : 0.5277"
"24,28 : 0.1063"
"28,24 : 0.1063"
"24,29 : 0.2193"
"29,24 : 0.2193"
"24,30 : 0.6641"
"30,24 : 0.6641"
"24,31 : 0.488"
"31,24 : 0.488"
"24,32 : 0.1921"
"32,24 : 0.1921"
"24,33 : 0.5412"
"33,24 : 0.5412"
"24,34 : 0.4393"
"34,24 : 0.4393"
"24,35 : 0.2524"
"35,24 : 0.2524"
"24,36 : 0.6022"
"36,24 : 0.6022"
"24,37 : 1.0096"
"37,24 : 1.0096"
"24,38 : 0.7245"
"38,24 : 0.7245"
"24,39 : 1.05"
"39,24 : 1.05"
"24,40 : 0.0906"
"40,24 : 0.0906"
"24,41 : 0.49"
"41,24 : 0.49"
"24,42 : 0.5576"
"42,24 : 0.5576"
"24,43 : 0.8724"
"43,24 : 0.8724"
"24,44 : 0.6485"
"44,24 : 0.6485"
"24,45 : 0.8081"
"45,24 : 0.8081"
"24,46 : 0.7301"
"46,24 : 0.7301"
"24,47 : 0.7433"
"47,24 : 0.7433"
"24,48 : 0.6021"
"48,24 : 0.6021"
"24,49 : 0.3081"
"49,24 : 0.3081"
"25,26 : 0.4205"
"26,25 : 0.4205"
"25,27 : 0.9513"
"27,25 : 0.9513"
"25,28 : 0.8509"
"28,25 : 0.8509"
"25,29 : 0.8984"
"29,25 : 0.8984"
"25,30 : 0.9437"
"30,25 : 0.9437"
"25,31 : 0.3766"
"31,25 : 0.3766"
"25,32 : 0.6353"
"32,25 : 0.6353"
"25,33 : 0.4639"
"33,25 : 0.4639"
"25,34 : 0.4016"
"34,25 : 0.4016"
"25,35 : 0.6075"
"35,25 : 0.6075"
"25,36 : 0.2309"
"36,25 : 0.2309"
"25,37 : 0.446"
"37,25 : 0.446"
"25,38 : 0.4528"
"38,25 : 0.4528"
"25,39 : 0.4276"
"39,25 : 0.4276"
"25,40 : 0.8823"
"40,25 : 0.8823"
"25,41 : 0.4741"
"41,25 : 0.4741"
"25,42 : 0.2683"
"42,25 : 0.2683"
"25,43 : 0.461"
"43,25 : 0.461"
"25,44 : 0.247"
"44,25 : 0.247"
"25,45 : 0.9546"
"45,25 : 0.9546"
"25,46 : 0.3276"
"46,25 : 0.3276"
"25,47 : 0.2"
"47,25 : 0.2"
"25,48 : 0.614"
"48,25 : 0.614"
"25,49 : 0.6389"
"49,25 : 0.6389"
"26,27 : 1.0009"
"27,26 : 1.0009"
"26,28 : 1.0748"
"28,26 : 1.0748"
"26,29 : 1.0807"
"29,26 : 1.0807"
"26,30 : 0.9242"
"30,26 : 0.9242"
"26,31 : 0.6022"
"31,26 : 0.6022"
"26,32 : 0.9"
"32,26 : 0.9"
"26,33 : 0.5685"
"33,26 : 0.5685"
"26,34 : 0.6573"
"34,26 : 0.6573"
"26,35 : 0.8363"
"35,26 : 0.8363"
"26,36 : 0.5292"
"36,26 : 0.5292"
"26,37 : 0.13"
"37,26 : 0.13"
"26,38 : 0.4159"
"38,26 : 0.4159"
"26,39 : 0.06"
"39,26 : 0.06"
"26,40 : 1.164"
"40,26 : 1.164"
"26,41 : 0.8635"
"41,26 : 0.8635"
"26,42 : 0.5831"
"42,26 : 0.5831"
"26,43 : 0.2886"
"43,26 : 0.2886"
"26,44 : 0.6538"
"44,26 : 0.6538"
"26,45 : 0.8615"
"45,26 : 0.8615"
"26,46 : 0.3607"
"46,26 : 0.3607"
"26,47 : 0.6203"
"47,26 : 0.6203"
"26,48 : 0.6224"
"48,26 : 0.6224"
"26,49 : 0.9901"
"49,26 : 0.9901"
"27,28 : 0.4254"
"28,27 : 0.4254"
"27,29 : 0.3228"
"29,27 : 0.3228"
"27,30 : 0.1628"
"30,27 : 0.1628"
"27,31 : 0.5923"
"31,27 : 0.5923"
"27,32 : 0.524"
"32,27 : 0.524"
"27,33 : 0.4901"
"33,27 : 0.4901"
"27,34 : 0.5977"
"34,27 : 0.5977"
"27,35 : 0.4604"
"35,27 : 0.4604"
"27,36 : 0.7398"
"36,27 : 0.7398"
"27,37 : 0.8814"
"37,27 : 0.8814"
"27,38 : 0.5882"
"38,27 : 0.5882"
"27,39 : 0.9454"
"39,27 : 0.9454"
"27,40 : 0.6054"
"40,27 : 0.6054"
"27,41 : 0.8682"
"41,27 : 0.8682"
"27,42 : 0.7301"
"42,27 : 0.7301"
"27,43 : 0.7159"
"43,27 : 0.7159"
"27,44 : 0.9044"
"44,27 : 0.9044"
"27,45 : 0.3276"
"45,27 : 0.3276"
"27,46 : 0.6807"
"46,27 : 0.6807"
"27,47 : 0.9823"
"47,27 : 0.9823"
"27,48 : 0.3795"
"48,27 : 0.3795"
"27,49 : 0.7637"
"49,27 : 0.7637"
"28,29 : 0.1131"
"29,28 : 0.1131"
"28,30 : 0.5675"
"30,28 : 0.5675"
"28,31 : 0.4909"
"31,28 : 0.4909"
"28,32 : 0.2236"
"32,28 : 0.2236"
"28,33 : 0.5122"
"33,28 : 0.5122"
"28,34 : 0.4518"
"34,28 : 0.4518"
"28,35 : 0.247"
"35,28 : 0.247"
"28,36 : 0.6217"
"36,28 : 0.6217"
"28,37 : 0.9872"
"37,28 : 0.9872"
"28,38 : 0.6907"
"38,28 : 0.6907"
"28,39 : 1.0332"
"39,28 : 1.0332"
"28,40 : 0.1803"
"40,28 : 0.1803"
"28,41 : 0.5657"
"41,28 : 0.5657"
"28,42 : 0.5831"
"42,28 : 0.5831"
"28,43 : 0.8405"
"43,28 : 0.8405"
"28,44 : 0.6987"
"44,28 : 0.6987"
"28,45 : 0.717"
"45,28 : 0.717"
"28,46 : 0.7142"
"46,28 : 0.7142"
"28,47 : 0.7925"
"47,28 : 0.7925"
"28,48 : 0.5442"
"48,28 : 0.5442"
"28,49 : 0.3992"
"49,28 : 0.3992"
"29,30 : 0.4738"
"30,29 : 0.4738"
"29,31 : 0.5255"
"31,29 : 0.5255"
"29,32 : 0.3027"
"32,29 : 0.3027"
"29,33 : 0.5122"
"33,29 : 0.5122"
"29,34 : 0.4973"
"34,29 : 0.4973"
"29,35 : 0.2943"
"35,29 : 0.2943"
"29,36 : 0.6676"
"36,29 : 0.6676"
"29,37 : 0.9831"
"37,29 : 0.9831"
"29,38 : 0.679"
"38,29 : 0.679"
"29,39 : 1.0348"
"39,29 : 1.0348"
"29,40 : 0.2865"
"40,29 : 0.2865"
"29,41 : 0.6597"
"41,29 : 0.6597"
"29,42 : 0.6356"
"42,29 : 0.6356"
"29,43 : 0.8281"
"43,29 : 0.8281"
"29,44 : 0.7706"
"44,29 : 0.7706"
"29,45 : 0.6303"
"45,29 : 0.6303"
"29,46 : 0.722"
"46,29 : 0.722"
"29,47 : 0.8621"
"47,29 : 0.8621"
"29,48 : 0.5077"
"48,29 : 0.5077"
"29,49 : 0.5054"
"49,29 : 0.5054"
"30,31 : 0.6172"
"31,30 : 0.6172"
"30,32 : 0.6243"
"32,30 : 0.6243"
"30,33 : 0.4838"
"33,30 : 0.4838"
"30,34 : 0.6381"
"34,30 : 0.6381"
"30,35 : 0.5467"
"35,30 : 0.5467"
"30,36 : 0.7539"
"36,30 : 0.7539"
"30,37 : 0.7981"
"37,30 : 0.7981"
"30,38 : 0.5304"
"38,30 : 0.5304"
"30,39 : 0.8659"
"39,30 : 0.8659"
"30,40 : 0.7473"
"40,30 : 0.7473"
"30,41 : 0.9418"
"41,30 : 0.9418"
"30,42 : 0.7558"
"42,30 : 0.7558"
"30,43 : 0.6356"
"43,30 : 0.6356"
"30,44 : 0.9394"
"44,30 : 0.9394"
"30,45 : 0.1649"
"45,30 : 0.1649"
"30,46 : 0.6412"
"46,30 : 0.6412"
"30,47 : 1.0072"
"47,30 : 1.0072"
"30,48 : 0.3324"
"48,30 : 0.3324"
"30,49 : 0.8661"
"49,30 : 0.8661"
"31,32 : 0.2983"
"32,31 : 0.2983"
"31,33 : 0.1581"
"33,31 : 0.1581"
"31,34 : 0.0608"
"34,31 : 0.0608"
"31,35 : 0.2441"
"35,31 : 0.2441"
"31,36 : 0.15"
"36,31 : 0.15"
"31,37 : 0.5371"
"37,31 : 0.5371"
"31,38 : 0.3007"
"38,31 : 0.3007"
"31,39 : 0.5694"
"39,31 : 0.5694"
"31,40 : 0.5622"
"40,31 : 0.5622"
"31,41 : 0.3808"
"41,31 : 0.3808"
"31,42 : 0.1393"
"42,31 : 0.1393"
"31,43 : 0.4258"
"43,31 : 0.4258"
"31,44 : 0.3225"
"44,31 : 0.3225"
"31,45 : 0.6736"
"45,31 : 0.6736"
"31,46 : 0.2563"
"46,31 : 0.2563"
"31,47 : 0.3922"
"47,31 : 0.3922"
"31,48 : 0.3256"
"48,31 : 0.3256"
"31,49 : 0.4219"
"49,31 : 0.4219"
"32,33 : 0.3736"
"33,32 : 0.3736"
"32,34 : 0.2476"
"34,32 : 0.2476"
"32,35 : 0.0906"
"35,32 : 0.0906"
"32,36 : 0.4105"
"36,32 : 0.4105"
"32,37 : 0.8286"
"37,32 : 0.8286"
"32,38 : 0.5566"
"38,32 : 0.5566"
"32,39 : 0.8653"
"39,32 : 0.8653"
"32,40 : 0.264"
"40,32 : 0.264"
"32,41 : 0.3606"
"41,32 : 0.3606"
"32,42 : 0.3672"
"42,32 : 0.3672"
"32,43 : 0.7001"
"43,32 : 0.7001"
"32,44 : 0.4752"
"44,32 : 0.4752"
"32,45 : 0.7425"
"45,32 : 0.7425"
"32,46 : 0.5471"
"46,32 : 0.5471"
"32,47 : 0.5689"
"47,32 : 0.5689"
"32,48 : 0.471"
"48,32 : 0.471"
"32,49 : 0.2421"
"49,32 : 0.2421"
"33,34 : 0.2062"
"34,33 : 0.2062"
"33,35 : 0.2915"
"35,33 : 0.2915"
"33,36 : 0.2729"
"36,33 : 0.2729"
"33,37 : 0.4751"
"37,33 : 0.4751"
"33,38 : 0.1838"
"38,33 : 0.1838"
"33,39 : 0.5235"
"39,33 : 0.5235"
"33,40 : 0.6265"
"40,33 : 0.6265"
"33,41 : 0.5367"
"41,33 : 0.5367"
"33,42 : 0.2843"
"42,33 : 0.2843"
"33,43 : 0.3312"
"43,33 : 0.3312"
"33,44 : 0.4701"
"44,33 : 0.4701"
"33,45 : 0.522"
"45,33 : 0.522"
"33,46 : 0.211"
"46,33 : 0.211"
"33,47 : 0.5284"
"47,33 : 0.5284"
"33,48 : 0.1703"
"48,33 : 0.1703"
"33,49 : 0.5523"
"49,33 : 0.5523"
"34,35 : 0.2062"
"35,34 : 0.2062"
"34,36 : 0.1709"
"36,34 : 0.1709"
"34,37 : 0.5962"
"37,34 : 0.5962"
"34,38 : 0.3601"
"38,34 : 0.3601"
"34,39 : 0.6265"
"39,34 : 0.6265"
"34,40 : 0.5099"
"40,34 : 0.5099"
"34,41 : 0.3312"
"41,34 : 0.3312"
"34,42 : 0.1404"
"42,34 : 0.1404"
"34,43 : 0.4866"
"43,34 : 0.4866"
"34,44 : 0.3068"
"44,34 : 0.3068"
"34,45 : 0.7071"
"45,34 : 0.7071"
"34,46 : 0.3162"
"46,34 : 0.3162"
"34,47 : 0.3864"
"47,34 : 0.3864"
"34,48 : 0.3662"
"48,34 : 0.3662"
"34,49 : 0.3612"
"49,34 : 0.3612"
"35,36 : 0.377"
"36,35 : 0.377"
"35,37 : 0.7572"
"37,35 : 0.7572"
"35,38 : 0.4754"
"38,35 : 0.4754"
"35,39 : 0.7981"
"39,35 : 0.7981"
"35,40 : 0.3354"
"40,35 : 0.3354"
"35,41 : 0.4082"
"41,35 : 0.4082"
"35,42 : 0.3421"
"42,35 : 0.3421"
"35,43 : 0.6217"
"43,35 : 0.6217"
"35,44 : 0.4804"
"44,35 : 0.4804"
"35,45 : 0.6576"
"45,35 : 0.6576"
"35,46 : 0.478"
"46,35 : 0.478"
"35,47 : 0.5701"
"47,35 : 0.5701"
"35,48 : 0.3805"
"48,35 : 0.3805"
"35,49 : 0.3225"
"49,35 : 0.3225"
"36,37 : 0.495"
"37,36 : 0.495"
"36,38 : 0.3448"
"38,36 : 0.3448"
"36,39 : 0.5096"
"39,36 : 0.5096"
"36,40 : 0.666"
"40,36 : 0.666"
"36,41 : 0.35"
"41,36 : 0.35"
"36,42 : 0.0539"
"42,36 : 0.0539"
"36,43 : 0.4276"
"43,36 : 0.4276"
"36,44 : 0.2062"
"44,36 : 0.2062"
"36,45 : 0.7932"
"45,36 : 0.7932"
"36,46 : 0.2474"
"46,36 : 0.2474"
"36,47 : 0.2555"
"47,36 : 0.2555"
"36,48 : 0.441"
"48,36 : 0.441"
"36,49 : 0.461"
"49,36 : 0.461"
"37,38 : 0.3061"
"38,37 : 0.3061"
"37,39 : 0.07"
"39,37 : 0.07"
"37,40 : 1.0908"
"40,37 : 1.0908"
"37,41 : 0.8429"
"41,37 : 0.8429"
"37,42 : 0.5474"
"42,37 : 0.5474"
"37,43 : 0.1655"
"43,37 : 0.1655"
"37,44 : 0.6528"
"44,37 : 0.6528"
"37,45 : 0.7317"
"45,37 : 0.7317"
"37,46 : 0.2818"
"46,37 : 0.2818"
"37,47 : 0.6379"
"47,37 : 0.6379"
"37,48 : 0.5061"
"48,37 : 0.5061"
"37,49 : 0.9464"
"49,37 : 0.9464"
"38,39 : 0.3636"
"39,38 : 0.3636"
"38,40 : 0.8102"
"40,38 : 0.8102"
"38,41 : 0.6719"
"41,38 : 0.6719"
"38,42 : 0.3808"
"42,38 : 0.3808"
"38,43 : 0.15"
"43,38 : 0.15"
"38,44 : 0.5492"
"44,38 : 0.5492"
"38,45 : 0.5096"
"45,38 : 0.5096"
"38,46 : 0.1253"
"46,38 : 0.1253"
"38,47 : 0.5805"
"47,38 : 0.5805"
"38,48 : 0.2088"
"48,38 : 0.2088"
"38,49 : 0.7203"
"49,38 : 0.7203"
"39,40 : 1.1289"
"40,39 : 1.1289"
"39,41 : 0.8516"
"41,39 : 0.8516"
"39,42 : 0.5632"
"42,39 : 0.5632"
"39,43 : 0.2309"
"43,39 : 0.2309"
"39,44 : 0.6501"
"44,39 : 0.6501"
"39,45 : 0.8016"
"45,39 : 0.8016"
"39,46 : 0.3202"
"46,39 : 0.3202"
"39,47 : 0.6251"
"47,39 : 0.6251"
"39,48 : 0.568"
"48,39 : 0.568"
"39,49 : 0.968"
"49,39 : 0.968"
"40,41 : 0.508"
"41,40 : 0.508"
"40,42 : 0.6185"
"42,40 : 0.6185"
"40,43 : 0.9571"
"43,40 : 0.9571"
"40,44 : 0.6894"
"44,40 : 0.6894"
"40,45 : 0.8944"
"45,40 : 0.8944"
"40,46 : 0.8099"
"46,40 : 0.8099"
"40,47 : 0.7839"
"47,40 : 0.7839"
"40,48 : 0.6923"
"48,40 : 0.6923"
"40,49 : 0.3106"
"49,40 : 0.3106"
"41,42 : 0.3007"
"42,41 : 0.3007"
"41,43 : 0.7741"
"43,41 : 0.7741"
"41,44 : 0.2302"
"44,41 : 0.2302"
"41,45 : 1.0294"
"45,41 : 1.0294"
"41,46 : 0.593"
"46,41 : 0.593"
"41,47 : 0.3111"
"47,41 : 0.3111"
"41,48 : 0.6964"
"48,41 : 0.6964"
"41,49 : 0.2025"
"49,41 : 0.2025"
"42,43 : 0.4738"
"43,42 : 0.4738"
"42,44 : 0.186"
"44,42 : 0.186"
"42,45 : 0.806"
"45,42 : 0.806"
"42,46 : 0.2927"
"46,42 : 0.2927"
"42,47 : 0.253"
"47,42 : 0.253"
"42,48 : 0.4545"
"48,42 : 0.4545"
"42,49 : 0.4072"
"49,42 : 0.4072"
"43,44 : 0.6168"
