x,y
0.52,0.4
0.49,0.37
0.83,0.74
0.05,0.79
0.79,0.8
0.38,0.39
0.85,0.94
0.06,0.31
0.59,0.12
0.83,0.23
0.23,0.78
0.75,0.14
0.49,0.59
0.6,0.09
0.18,0.35
0.06,0.95
0.82,0.92
0.49,0.18
0.38,0.26
0.77,0.06
0.09,0.06
0.27,0.77
0.85,0.73
0.18,0.77
0.13,0.65
0.64,0.24
0.94,0.64
0.55,0.48
0.56,0.31
0.98,0.43
0.95,0.95
0.99,0.7
0.63,0.19
0.88,0.99
0.52,0.73
0.24,0.94
0.06,0.41
0.73,0.49
0.28,0.06
0.66,0.27
0.0,0.89
0.8,0.11
0.74,0.56
0.61,0.99
0.15,0.15
0.45,0.53
0.47,0.69
0.01,0.56
0.39,0.55
0.38,0.15

Distanze
"0,1 : 0.0424"
"1,0 : 0.0424"
"0,2 : 0.4601"
"2,0 : 0.4601"
"0,3 : 0.6107"
"3,0 : 0.6107"
"0,4 : 0.4826"
"4,0 : 0.4826"
"0,5 : 0.1404"
"5,0 : 0.1404"
"0,6 : 0.6329"
"6,0 : 0.6329"
"0,7 : 0.4687"
"7,0 : 0.4687"
"0,8 : 0.2886"
"8,0 : 0.2886"
"0,9 : 0.3536"
"9,0 : 0.3536"
"0,10 : 0.478"
"10,0 : 0.478"
"0,11 : 0.3471"
"11,0 : 0.3471"
"0,12 : 0.1924"
"12,0 : 0.1924"
"0,13 : 0.3202"
"13,0 : 0.3202"
"0,14 : 0.3437"
"14,0 : 0.3437"
"0,15 : 0.717"
"15,0 : 0.717"
"0,16 : 0.6003"
"16,0 : 0.6003"
"0,17 : 0.222"
"17,0 : 0.222"
"0,18 : 0.198"
"18,0 : 0.198"
"0,19 : 0.422"
"19,0 : 0.422"
"0,20 : 0.5482"
"20,0 : 0.5482"
"0,21 : 0.4465"
"21,0 : 0.4465"
"0,22 : 0.4667"
"22,0 : 0.4667"
"0,23 : 0.5025"
"23,0 : 0.5025"
"0,24 : 0.4632"
"24,0 : 0.4632"
"0,25 : 0.2"
"25,0 : 0.2"
"0,26 : 0.4837"
"26,0 : 0.4837"
"0,27 : 0.0854"
"27,0 : 0.0854"
"0,28 : 0.0985"
"28,0 : 0.0985"
"0,29 : 0.461"
"29,0 : 0.461"
"0,30 : 0.6981"
"30,0 : 0.6981"
"0,31 : 0.5576"
"31,0 : 0.5576"
"0,32 : 0.2371"
"32,0 : 0.2371"
"0,33 : 0.6912"
"33,0 : 0.6912"
"0,34 : 0.33"
"34,0 : 0.33"
"0,35 : 0.6083"
"35,0 : 0.6083"
"0,36 : 0.4601"
"36,0 : 0.4601"
"0,37 : 0.2285"
"37,0 : 0.2285"
"0,38 : 0.4162"
"38,0 : 0.4162"
"0,39 : 0.191"
"39,0 : 0.191"
"0,40 : 0.7145"
"40,0 : 0.7145"
"0,41 : 0.4031"
"41,0 : 0.4031"
"0,42 : 0.272"
"42,0 : 0.272"
"0,43 : 0.5968"
"43,0 : 0.5968"
"0,44 : 0.4465"
"44,0 : 0.4465"
"0,45 : 0.1476"
"45,0 : 0.1476"
"0,46 : 0.2943"
"46,0 : 0.2943"
"0,47 : 0.5345"
"47,0 : 0.5345"
"0,48 : 0.1985"
"48,0 : 0.1985"
"0,49 : 0.2865"
"49,0 : 0.2865"
"1,2 : 0.5025"
"2,1 : 0.5025"
"1,3 : 0.6083"
"3,1 : 0.6083"
"1,4 : 0.5243"
"4,1 : 0.5243"
"1,5 : 0.1118"
"5,1 : 0.1118"
"1,6 : 0.6742"
"6,1 : 0.6742"
"1,7 : 0.4342"
"7,1 : 0.4342"
"1,8 : 0.2693"
"8,1 : 0.2693"
"1,9 : 0.3677"
"9,1 : 0.3677"
"1,10 : 0.4855"
"10,1 : 0.4855"
"1,11 : 0.3471"
"11,1 : 0.3471"
"1,12 : 0.22"
"12,1 : 0.22"
"1,13 : 0.3008"
"13,1 : 0.3008"
"1,14 : 0.3106"
"14,1 : 0.3106"
"1,15 : 0.722"
"15,1 : 0.722"
"1,16 : 0.6414"
"16,1 : 0.6414"
"1,17 : 0.19"
"17,1 : 0.19"
"1,18 : 0.1556"
"18,1 : 0.1556"
"1,19 : 0.4177"
"19,1 : 0.4177"
"1,20 : 0.5061"
"20,1 : 0.5061"
"1,21 : 0.4565"
"21,1 : 0.4565"
"1,22 : 0.5091"
"22,1 : 0.5091"
"1,23 : 0.5061"
"23,1 : 0.5061"
"1,24 : 0.4561"
"24,1 : 0.4561"
"1,25 : 0.1985"
"25,1 : 0.1985"
"1,26 : 0.5248"
"26,1 : 0.5248"
"1,27 : 0.1253"
"27,1 : 0.1253"
"1,28 : 0.0922"
"28,1 : 0.0922"
"1,29 : 0.4937"
"29,1 : 0.4937"
"1,30 : 0.7403"
"30,1 : 0.7403"
"1,31 : 0.5991"
"31,1 : 0.5991"
"1,32 : 0.228"
"32,1 : 0.228"
"1,33 : 0.7325"
"33,1 : 0.7325"
"1,34 : 0.3612"
"34,1 : 0.3612"
"1,35 : 0.6224"
"35,1 : 0.6224"
"1,36 : 0.4319"
"36,1 : 0.4319"
"1,37 : 0.2683"
"37,1 : 0.2683"
"1,38 : 0.3744"
"38,1 : 0.3744"
"1,39 : 0.1972"
"39,1 : 0.1972"
"1,40 : 0.7145"
"40,1 : 0.7145"
"1,41 : 0.4046"
"41,1 : 0.4046"
"1,42 : 0.314"
"42,1 : 0.314"
"1,43 : 0.6315"
"43,1 : 0.6315"
"1,44 : 0.405"
"44,1 : 0.405"
"1,45 : 0.1649"
"45,1 : 0.1649"
"1,46 : 0.3206"
"46,1 : 0.3206"
"1,47 : 0.5162"
"47,1 : 0.5162"
"1,48 : 0.2059"
"48,1 : 0.2059"
"1,49 : 0.246"
"49,1 : 0.246"
"2,3 : 0.7816"
"3,2 : 0.7816"
"2,4 : 0.0721"
"4,2 : 0.0721"
"2,5 : 0.5701"
"5,2 : 0.5701"
"2,6 : 0.201"
"6,2 : 0.201"
"2,7 : 0.8819"
"7,2 : 0.8819"
"2,8 : 0.6648"
"8,2 : 0.6648"
"2,9 : 0.51"
"9,2 : 0.51"
"2,10 : 0.6013"
"10,2 : 0.6013"
"2,11 : 0.6053"
"11,2 : 0.6053"
"2,12 : 0.3716"
"12,2 : 0.3716"
"2,13 : 0.6895"
"13,2 : 0.6895"
"2,14 : 0.758"
"14,2 : 0.758"
"2,15 : 0.7981"
"15,2 : 0.7981"
"2,16 : 0.1803"
"16,2 : 0.1803"
"2,17 : 0.6551"
"17,2 : 0.6551"
"2,18 : 0.658"
"18,2 : 0.658"
"2,19 : 0.6826"
"19,2 : 0.6826"
"2,20 : 1.005"
"20,2 : 1.005"
"2,21 : 0.5608"
"21,2 : 0.5608"
"2,22 : 0.0224"
"22,2 : 0.0224"
"2,23 : 0.6507"
"23,2 : 0.6507"
"2,24 : 0.7058"
"24,2 : 0.7058"
"2,25 : 0.5349"
"25,2 : 0.5349"
"2,26 : 0.1487"
"26,2 : 0.1487"
"2,27 : 0.3821"
"27,2 : 0.3821"
"2,28 : 0.5077"
"28,2 : 0.5077"
"2,29 : 0.3444"
"29,2 : 0.3444"
"2,30 : 0.2419"
"30,2 : 0.2419"
"2,31 : 0.1649"
"31,2 : 0.1649"
"2,32 : 0.5852"
"32,2 : 0.5852"
"2,33 : 0.255"
"33,2 : 0.255"
"2,34 : 0.3102"
"34,2 : 0.3102"
"2,35 : 0.623"
"35,2 : 0.623"
"2,36 : 0.8377"
"36,2 : 0.8377"
"2,37 : 0.2693"
"37,2 : 0.2693"
"2,38 : 0.8746"
"38,2 : 0.8746"
"2,39 : 0.4998"
"39,2 : 0.4998"
"2,40 : 0.8434"
"40,2 : 0.8434"
"2,41 : 0.6307"
"41,2 : 0.6307"
"2,42 : 0.2012"
"42,2 : 0.2012"
"2,43 : 0.333"
"43,2 : 0.333"
"2,44 : 0.9003"
"44,2 : 0.9003"
"2,45 : 0.4342"
"45,2 : 0.4342"
"2,46 : 0.3635"
"46,2 : 0.3635"
"2,47 : 0.8395"
"47,2 : 0.8395"
"2,48 : 0.4793"
"48,2 : 0.4793"
"2,49 : 0.742"
"49,2 : 0.742"
"3,4 : 0.7401"
"4,3 : 0.7401"
"3,5 : 0.5186"
"5,3 : 0.5186"
"3,6 : 0.8139"
"6,3 : 0.8139"
"3,7 : 0.4801"
"7,3 : 0.4801"
"3,8 : 0.8605"
"8,3 : 0.8605"
"3,9 : 0.9602"
"9,3 : 0.9602"
"3,10 : 0.1803"
"10,3 : 0.1803"
"3,11 : 0.9552"
"11,3 : 0.9552"
"3,12 : 0.4833"
"12,3 : 0.4833"
"3,13 : 0.8902"
"13,3 : 0.8902"
"3,14 : 0.4588"
"14,3 : 0.4588"
"3,15 : 0.1603"
"15,3 : 0.1603"
"3,16 : 0.7809"
"16,3 : 0.7809"
"3,17 : 0.7521"
"17,3 : 0.7521"
"3,18 : 0.6243"
"18,3 : 0.6243"
"3,19 : 1.0253"
"19,3 : 1.0253"
"3,20 : 0.7311"
"20,3 : 0.7311"
"3,21 : 0.2209"
"21,3 : 0.2209"
"3,22 : 0.8022"
"22,3 : 0.8022"
"3,23 : 0.1315"
"23,3 : 0.1315"
"3,24 : 0.1612"
"24,3 : 0.1612"
"3,25 : 0.8066"
"25,3 : 0.8066"
"3,26 : 0.9026"
"26,3 : 0.9026"
"3,27 : 0.5883"
"27,3 : 0.5883"
"3,28 : 0.7004"
"28,3 : 0.7004"
"3,29 : 0.9972"
"29,3 : 0.9972"
"3,30 : 0.9141"
"30,3 : 0.9141"
"3,31 : 0.9443"
"31,3 : 0.9443"
"3,32 : 0.8345"
"32,3 : 0.8345"
"3,33 : 0.8538"
"33,3 : 0.8538"
"3,34 : 0.4738"
"34,3 : 0.4738"
"3,35 : 0.2421"
"35,3 : 0.2421"
"3,36 : 0.3801"
"36,3 : 0.3801"
"3,37 : 0.7432"
"37,3 : 0.7432"
"3,38 : 0.7654"
"38,3 : 0.7654"
"3,39 : 0.8016"
"39,3 : 0.8016"
"3,40 : 0.1118"
"40,3 : 0.1118"
"3,41 : 1.0124"
"41,3 : 1.0124"
"3,42 : 0.7273"
"42,3 : 0.7273"
"3,43 : 0.5946"
"43,3 : 0.5946"
"3,44 : 0.6478"
"44,3 : 0.6478"
"3,45 : 0.4771"
"45,3 : 0.4771"
"3,46 : 0.4317"
"46,3 : 0.4317"
"3,47 : 0.2335"
"47,3 : 0.2335"
"3,48 : 0.4162"
"48,3 : 0.4162"
"3,49 : 0.7201"
"49,3 : 0.7201"
"4,5 : 0.5798"
"5,4 : 0.5798"
"4,6 : 0.1523"
"6,4 : 0.1523"
"4,7 : 0.8792"
"7,4 : 0.8792"
"4,8 : 0.7088"
"8,4 : 0.7088"
"4,9 : 0.5714"
"9,4 : 0.5714"
"4,10 : 0.5604"
"10,4 : 0.5604"
"4,11 : 0.6612"
"11,4 : 0.6612"
"4,12 : 0.3662"
"12,4 : 0.3662"
"4,13 : 0.735"
"13,4 : 0.735"
"4,14 : 0.758"
"14,4 : 0.758"
"4,15 : 0.7453"
"15,4 : 0.7453"
"4,16 : 0.1237"
"16,4 : 0.1237"
"4,17 : 0.6888"
"17,4 : 0.6888"
"4,18 : 0.678"
"18,4 : 0.678"
"4,19 : 0.7403"
"19,4 : 0.7403"
"4,20 : 1.0186"
"20,4 : 1.0186"
"4,21 : 0.5209"
"21,4 : 0.5209"
"4,22 : 0.0922"
"22,4 : 0.0922"
"4,23 : 0.6107"
"23,4 : 0.6107"
"4,24 : 0.6768"
"24,4 : 0.6768"
"4,25 : 0.5797"
"25,4 : 0.5797"
"4,26 : 0.2193"
"26,4 : 0.2193"
"4,27 : 0.4"
"27,4 : 0.4"
"4,28 : 0.5413"
"28,4 : 0.5413"
"4,29 : 0.4159"
"29,4 : 0.4159"
"4,30 : 0.2193"
"30,4 : 0.2193"
"4,31 : 0.2236"
"31,4 : 0.2236"
"4,32 : 0.6306"
"32,4 : 0.6306"
"4,33 : 0.2102"
"33,4 : 0.2102"
"4,34 : 0.2789"
"34,4 : 0.2789"
"4,35 : 0.5675"
"35,4 : 0.5675"
"4,36 : 0.8276"
"36,4 : 0.8276"
"4,37 : 0.3158"
"37,4 : 0.3158"
"4,38 : 0.8987"
"38,4 : 0.8987"
"4,39 : 0.5457"
"39,4 : 0.5457"
"4,40 : 0.7951"
"40,4 : 0.7951"
"4,41 : 0.6901"
"41,4 : 0.6901"
"4,42 : 0.2452"
"42,4 : 0.2452"
"4,43 : 0.2617"
"43,4 : 0.2617"
"4,44 : 0.9122"
"44,4 : 0.9122"
"4,45 : 0.4342"
"45,4 : 0.4342"
"4,46 : 0.3384"
"46,4 : 0.3384"
"4,47 : 0.8161"
"47,4 : 0.8161"
"4,48 : 0.4717"
"48,4 : 0.4717"
"4,49 : 0.7685"
"49,4 : 0.7685"
"5,6 : 0.7235"
"6,5 : 0.7235"
"5,7 : 0.3298"
"7,5 : 0.3298"
"5,8 : 0.3421"
"8,5 : 0.3421"
"5,9 : 0.4776"
"9,5 : 0.4776"
"5,10 : 0.4179"
"10,5 : 0.4179"
"5,11 : 0.4465"
"11,5 : 0.4465"
"5,12 : 0.2283"
"12,5 : 0.2283"
"5,13 : 0.372"
"13,5 : 0.372"
"5,14 : 0.204"
"14,5 : 0.204"
"5,15 : 0.645"
"15,5 : 0.645"
"5,16 : 0.6888"
"16,5 : 0.6888"
"5,17 : 0.2371"
"17,5 : 0.2371"
"5,18 : 0.13"
"18,5 : 0.13"
"5,19 : 0.5109"
"19,5 : 0.5109"
"5,20 : 0.4393"
"20,5 : 0.4393"
"5,21 : 0.3956"
"21,5 : 0.3956"
"5,22 : 0.5801"
"22,5 : 0.5801"
"5,23 : 0.4294"
"23,5 : 0.4294"
"5,24 : 0.3607"
"24,5 : 0.3607"
"5,25 : 0.3002"
"25,5 : 0.3002"
"5,26 : 0.6133"
"26,5 : 0.6133"
"5,27 : 0.1924"
"27,5 : 0.1924"
"5,28 : 0.197"
"28,5 : 0.197"
"5,29 : 0.6013"
"29,5 : 0.6013"
"5,30 : 0.7991"
"30,5 : 0.7991"
"5,31 : 0.6843"
"31,5 : 0.6843"
"5,32 : 0.3202"
"32,5 : 0.3202"
"5,33 : 0.781"
"33,5 : 0.781"
"5,34 : 0.3677"
"34,5 : 0.3677"
"5,35 : 0.5675"
"35,5 : 0.5675"
"5,36 : 0.3206"
"36,5 : 0.3206"
"5,37 : 0.364"
"37,5 : 0.364"
"5,38 : 0.3448"
"38,5 : 0.3448"
"5,39 : 0.3046"
"39,5 : 0.3046"
"5,40 : 0.628"
"40,5 : 0.628"
"5,41 : 0.5048"
"41,5 : 0.5048"
"5,42 : 0.3981"
"42,5 : 0.3981"
"5,43 : 0.6426"
"43,5 : 0.6426"
"5,44 : 0.3324"
"44,5 : 0.3324"
"5,45 : 0.1565"
"45,5 : 0.1565"
"5,46 : 0.3132"
"46,5 : 0.3132"
"5,47 : 0.4072"
"47,5 : 0.4072"
"5,48 : 0.1603"
"48,5 : 0.1603"
"5,49 : 0.24"
"49,5 : 0.24"
"6,7 : 1.0104"
"7,6 : 1.0104"
"6,8 : 0.8602"
"8,6 : 0.8602"
"6,9 : 0.7103"
"9,6 : 0.7103"
"6,10 : 0.6403"
"10,6 : 0.6403"
"6,11 : 0.8062"
"11,6 : 0.8062"
"6,12 : 0.5021"
"12,6 : 0.5021"
"6,13 : 0.886"
"13,6 : 0.886"
"6,14 : 0.8927"
"14,6 : 0.8927"
"6,15 : 0.7901"
"15,6 : 0.7901"
"6,16 : 0.0361"
"16,6 : 0.0361"
"6,17 : 0.841"
"17,6 : 0.841"
"6,18 : 0.8266"
"18,6 : 0.8266"
"6,19 : 0.8836"
"19,6 : 0.8836"
"6,20 : 1.1628"
"20,6 : 1.1628"
"6,21 : 0.6044"
"21,6 : 0.6044"
"6,22 : 0.21"
"22,6 : 0.21"
"6,23 : 0.6912"
"23,6 : 0.6912"
"6,24 : 0.7762"
"24,6 : 0.7762"
"6,25 : 0.7308"
"25,6 : 0.7308"
"6,26 : 0.3132"
"26,6 : 0.3132"
"6,27 : 0.5492"
"27,6 : 0.5492"
"6,28 : 0.6935"
"28,6 : 0.6935"
"6,29 : 0.5263"
"29,6 : 0.5263"
"6,30 : 0.1005"
"30,6 : 0.1005"
"6,31 : 0.2778"
"31,6 : 0.2778"
"6,32 : 0.7816"
"32,6 : 0.7816"
"6,33 : 0.0583"
"33,6 : 0.0583"
"6,34 : 0.3912"
"34,6 : 0.3912"
"6,35 : 0.61"
"35,6 : 0.61"
"6,36 : 0.9513"
"36,6 : 0.9513"
"6,37 : 0.4657"
"37,6 : 0.4657"
"6,38 : 1.0485"
"38,6 : 1.0485"
"6,39 : 0.6964"
"39,6 : 0.6964"
"6,40 : 0.8515"
"40,6 : 0.8515"
"6,41 : 0.8315"
"41,6 : 0.8315"
"6,42 : 0.3956"
"42,6 : 0.3956"
"6,43 : 0.2452"
"43,6 : 0.2452"
"6,44 : 1.0555"
"44,6 : 1.0555"
"6,45 : 0.5728"
"45,6 : 0.5728"
"6,46 : 0.4549"
"46,6 : 0.4549"
"6,47 : 0.922"
"47,6 : 0.922"
"6,48 : 0.6031"
"48,6 : 0.6031"
"6,49 : 0.9192"
"49,6 : 0.9192"
"7,8 : 0.563"
"8,7 : 0.563"
"7,9 : 0.7741"
"9,7 : 0.7741"
"7,10 : 0.4998"
"10,7 : 0.4998"
"7,11 : 0.7106"
"11,7 : 0.7106"
"7,12 : 0.5131"
"12,7 : 0.5131"
"7,13 : 0.5831"
"13,7 : 0.5831"
"7,14 : 0.1265"
"14,7 : 0.1265"
"7,15 : 0.64"
"15,7 : 0.64"
"7,16 : 0.9745"
"16,7 : 0.9745"
"7,17 : 0.4492"
"17,7 : 0.4492"
"7,18 : 0.3239"
"18,7 : 0.3239"
"7,19 : 0.7527"
"19,7 : 0.7527"
"7,20 : 0.2518"
"20,7 : 0.2518"
"7,21 : 0.5057"
"21,7 : 0.5057"
"7,22 : 0.8947"
"22,7 : 0.8947"
"7,23 : 0.4754"
"23,7 : 0.4754"
"7,24 : 0.3471"
"24,7 : 0.3471"
"7,25 : 0.5842"
"25,7 : 0.5842"
"7,26 : 0.9398"
"26,7 : 0.9398"
"7,27 : 0.5187"
"27,7 : 0.5187"
"7,28 : 0.5"
"28,7 : 0.5"
"7,29 : 0.9278"
"29,7 : 0.9278"
"7,30 : 1.0962"
"30,7 : 1.0962"
"7,31 : 1.0085"
"31,7 : 1.0085"
"7,32 : 0.5825"
"32,7 : 0.5825"
"7,33 : 1.0653"
"33,7 : 1.0653"
"7,34 : 0.6229"
"34,7 : 0.6229"
"7,35 : 0.6552"
"35,7 : 0.6552"
"7,36 : 0.1"
"36,7 : 0.1"
"7,37 : 0.6938"
"37,7 : 0.6938"
"7,38 : 0.333"
"38,7 : 0.333"
"7,39 : 0.6013"
"39,7 : 0.6013"
"7,40 : 0.5831"
"40,7 : 0.5831"
"7,41 : 0.7666"
"41,7 : 0.7666"
"7,42 : 0.7245"
"42,7 : 0.7245"
"7,43 : 0.8746"
"43,7 : 0.8746"
"7,44 : 0.1836"
"44,7 : 0.1836"
"7,45 : 0.4478"
"45,7 : 0.4478"
"7,46 : 0.559"
"46,7 : 0.559"
"7,47 : 0.255"
"47,7 : 0.255"
"7,48 : 0.408"
"48,7 : 0.408"
"7,49 : 0.3578"
"49,7 : 0.3578"
"8,9 : 0.264"
"9,8 : 0.264"
"8,10 : 0.7518"
"10,8 : 0.7518"
"8,11 : 0.1612"
"11,8 : 0.1612"
"8,12 : 0.4805"
"12,8 : 0.4805"
"8,13 : 0.0316"
"13,8 : 0.0316"
"8,14 : 0.4701"
"14,8 : 0.4701"
"8,15 : 0.9848"
"15,8 : 0.9848"
"8,16 : 0.8324"
"16,8 : 0.8324"
"8,17 : 0.1166"
"17,8 : 0.1166"
"8,18 : 0.2524"
"18,8 : 0.2524"
"8,19 : 0.1897"
"19,8 : 0.1897"
"8,20 : 0.5036"
"20,8 : 0.5036"
"8,21 : 0.7245"
"21,8 : 0.7245"
"8,22 : 0.6631"
"22,8 : 0.6631"
"8,23 : 0.7685"
"23,8 : 0.7685"
"8,24 : 0.7018"
"24,8 : 0.7018"
"8,25 : 0.13"
"25,8 : 0.13"
"8,26 : 0.6268"
"26,8 : 0.6268"
"8,27 : 0.3622"
"27,8 : 0.3622"
"8,28 : 0.1924"
"28,8 : 0.1924"
"8,29 : 0.4982"
"29,8 : 0.4982"
"8,30 : 0.9047"
"30,8 : 0.9047"
"8,31 : 0.7046"
"31,8 : 0.7046"
"8,32 : 0.0806"
"32,8 : 0.0806"
"8,33 : 0.9171"
"33,8 : 0.9171"
"8,34 : 0.614"
"34,8 : 0.614"
"8,35 : 0.8916"
"35,8 : 0.8916"
"8,36 : 0.6042"
"36,8 : 0.6042"
"8,37 : 0.3956"
"37,8 : 0.3956"
"8,38 : 0.3158"
"38,8 : 0.3158"
"8,39 : 0.1655"
"39,8 : 0.1655"
"8,40 : 0.9701"
"40,8 : 0.9701"
"8,41 : 0.2102"
"41,8 : 0.2102"
"8,42 : 0.4649"
"42,8 : 0.4649"
"8,43 : 0.8702"
"43,8 : 0.8702"
"8,44 : 0.441"
"44,8 : 0.441"
"8,45 : 0.4332"
"45,8 : 0.4332"
"8,46 : 0.5825"
"46,8 : 0.5825"
"8,47 : 0.728"
"47,8 : 0.728"
"8,48 : 0.4742"
"48,8 : 0.4742"
"8,49 : 0.2121"
"49,8 : 0.2121"
"9,10 : 0.8139"
"10,9 : 0.8139"
"9,11 : 0.1204"
"11,9 : 0.1204"
"9,12 : 0.4952"
"12,9 : 0.4952"
"9,13 : 0.2693"
"13,9 : 0.2693"
"9,14 : 0.661"
"14,9 : 0.661"
"9,15 : 1.0542"
"15,9 : 1.0542"
"9,16 : 0.6901"
"16,9 : 0.6901"
"9,17 : 0.3437"
"17,9 : 0.3437"
"9,18 : 0.451"
"18,9 : 0.451"
"9,19 : 0.1803"
"19,9 : 0.1803"
"9,20 : 0.7593"
"20,9 : 0.7593"
"9,21 : 0.7779"
"21,9 : 0.7779"
"9,22 : 0.5004"
"22,9 : 0.5004"
"9,23 : 0.845"
"23,9 : 0.845"
"9,24 : 0.8163"
"24,9 : 0.8163"
"9,25 : 0.1903"
"25,9 : 0.1903"
"9,26 : 0.4245"
"26,9 : 0.4245"
"9,27 : 0.3754"
"27,9 : 0.3754"
"9,28 : 0.2816"
"28,9 : 0.2816"
"9,29 : 0.25"
"29,9 : 0.25"
"9,30 : 0.7299"
"30,9 : 0.7299"
"9,31 : 0.4965"
"31,9 : 0.4965"
"9,32 : 0.204"
"32,9 : 0.204"
"9,33 : 0.7616"
"33,9 : 0.7616"
"9,34 : 0.5883"
"34,9 : 0.5883"
"9,35 : 0.9231"
"35,9 : 0.9231"
"9,36 : 0.7908"
"36,9 : 0.7908"
"9,37 : 0.2786"
"37,9 : 0.2786"
"9,38 : 0.5757"
"38,9 : 0.5757"
"9,39 : 0.1746"
"39,9 : 0.1746"
"9,40 : 1.0604"
"40,9 : 1.0604"
"9,41 : 0.1237"
"41,9 : 0.1237"
"9,42 : 0.3421"
"42,9 : 0.3421"
"9,43 : 0.7912"
"43,9 : 0.7912"
"9,44 : 0.6847"
"44,9 : 0.6847"
"9,45 : 0.4841"
"45,9 : 0.4841"
"9,46 : 0.5841"
"46,9 : 0.5841"
"9,47 : 0.8839"
"47,9 : 0.8839"
"9,48 : 0.5441"
"48,9 : 0.5441"
"9,49 : 0.4571"
"49,9 : 0.4571"
"10,11 : 0.8246"
"11,10 : 0.8246"
"10,12 : 0.322"
"12,10 : 0.322"
"10,13 : 0.7829"
"13,10 : 0.7829"
"10,14 : 0.4329"
"14,10 : 0.4329"
"10,15 : 0.2404"
"15,10 : 0.2404"
"10,16 : 0.6064"
"16,10 : 0.6064"
"10,17 : 0.6539"
"17,10 : 0.6539"
"10,18 : 0.5412"
"18,10 : 0.5412"
"10,19 : 0.9"
"19,10 : 0.9"
"10,20 : 0.7335"
"20,10 : 0.7335"
"10,21 : 0.0412"
"21,10 : 0.0412"
"10,22 : 0.622"
"22,10 : 0.622"
"10,23 : 0.051"
"23,10 : 0.051"
"10,24 : 0.164"
"24,10 : 0.164"
"10,25 : 0.678"
"25,10 : 0.678"
"10,26 : 0.7237"
"26,10 : 0.7237"
"10,27 : 0.4386"
"27,10 : 0.4386"
"10,28 : 0.5743"
"28,10 : 0.5743"
"10,29 : 0.8276"
"29,10 : 0.8276"
"10,30 : 0.7398"
"30,10 : 0.7398"
"10,31 : 0.7642"
"31,10 : 0.7642"
"10,32 : 0.7128"
"32,10 : 0.7128"
"10,33 : 0.6831"
"33,10 : 0.6831"
"10,34 : 0.2943"
"34,10 : 0.2943"
"10,35 : 0.1603"
"35,10 : 0.1603"
"10,36 : 0.4072"
"36,10 : 0.4072"
"10,37 : 0.578"
"37,10 : 0.578"
"10,38 : 0.7217"
"38,10 : 0.7217"
"10,39 : 0.6671"
"39,10 : 0.6671"
"10,40 : 0.255"
"40,10 : 0.255"
"10,41 : 0.8797"
"41,10 : 0.8797"
"10,42 : 0.5554"
"42,10 : 0.5554"
"10,43 : 0.4342"
"43,10 : 0.4342"
"10,44 : 0.6351"
"44,10 : 0.6351"
"10,45 : 0.333"
"45,10 : 0.333"
"10,46 : 0.2563"
"46,10 : 0.2563"
"10,47 : 0.3111"
"47,10 : 0.3111"
"10,48 : 0.2802"
"48,10 : 0.2802"
"10,49 : 0.6476"
"49,10 : 0.6476"
"11,12 : 0.5197"
"12,11 : 0.5197"
"11,13 : 0.1581"
"13,11 : 0.1581"
"11,14 : 0.6075"
"14,11 : 0.6075"
"11,15 : 1.064"
"15,11 : 1.064"
"11,16 : 0.7831"
"16,11 : 0.7831"
"11,17 : 0.2631"
"17,11 : 0.2631"
"11,18 : 0.389"
"18,11 : 0.389"
"11,19 : 0.0825"
"19,11 : 0.0825"
"11,20 : 0.6648"
"20,11 : 0.6648"
"11,21 : 0.792"
"21,11 : 0.792"
"11,22 : 0.5984"
"22,11 : 0.5984"
"11,23 : 0.8496"
"23,11 : 0.8496"
"11,24 : 0.8028"
"24,11 : 0.8028"
"11,25 : 0.1487"
"25,11 : 0.1487"
"11,26 : 0.5349"
"26,11 : 0.5349"
"11,27 : 0.3945"
"27,11 : 0.3945"
"11,28 : 0.255"
"28,11 : 0.255"
"11,29 : 0.3701"
"29,11 : 0.3701"
"11,30 : 0.8343"
"30,11 : 0.8343"
"11,31 : 0.6093"
"31,11 : 0.6093"
"11,32 : 0.13"
"32,11 : 0.13"
"11,33 : 0.8599"
"33,11 : 0.8599"
"11,34 : 0.6332"
"34,11 : 0.6332"
"11,35 : 0.9487"
"35,11 : 0.9487"
"11,36 : 0.7409"
"36,11 : 0.7409"
"11,37 : 0.3506"
"37,11 : 0.3506"
"11,38 : 0.4768"
"38,11 : 0.4768"
"11,39 : 0.1581"
"39,11 : 0.1581"
"11,40 : 1.0607"
"40,11 : 1.0607"
"11,41 : 0.0583"
"41,11 : 0.0583"
"11,42 : 0.4201"
"42,11 : 0.4201"
"11,43 : 0.8615"
"43,11 : 0.8615"
"11,44 : 0.6001"
"44,11 : 0.6001"
"11,45 : 0.492"
"45,11 : 0.492"
"11,46 : 0.6172"
"46,11 : 0.6172"
"11,47 : 0.8509"
"47,11 : 0.8509"
"11,48 : 0.5456"
"48,11 : 0.5456"
"11,49 : 0.3701"
"49,11 : 0.3701"
"12,13 : 0.512"
"13,12 : 0.512"
"12,14 : 0.392"
"14,12 : 0.392"
"12,15 : 0.5608"
"15,12 : 0.5608"
"12,16 : 0.4667"
"16,12 : 0.4667"
"12,17 : 0.41"
"17,12 : 0.41"
"12,18 : 0.3479"
"18,12 : 0.3479"
"12,19 : 0.5994"
"19,12 : 0.5994"
"12,20 : 0.664"
"20,12 : 0.664"
"12,21 : 0.2843"
"21,12 : 0.2843"
"12,22 : 0.3863"
"22,12 : 0.3863"
"12,23 : 0.3585"
"23,12 : 0.3585"
"12,24 : 0.365"
"24,12 : 0.365"
"12,25 : 0.3808"
"25,12 : 0.3808"
"12,26 : 0.4528"
"26,12 : 0.4528"
"12,27 : 0.1253"
"27,12 : 0.1253"
"12,28 : 0.2886"
"28,12 : 0.2886"
"12,29 : 0.5155"
"29,12 : 0.5155"
"12,30 : 0.5841"
"30,12 : 0.5841"
"12,31 : 0.512"
"31,12 : 0.512"
"12,32 : 0.4238"
"32,12 : 0.4238"
"12,33 : 0.5587"
"33,12 : 0.5587"
"12,34 : 0.1432"
"34,12 : 0.1432"
"12,35 : 0.4301"
"35,12 : 0.4301"
"12,36 : 0.4662"
"36,12 : 0.4662"
"12,37 : 0.26"
"37,12 : 0.26"
"12,38 : 0.5701"
"38,12 : 0.5701"
"12,39 : 0.3624"
"39,12 : 0.3624"
"12,40 : 0.5745"
"40,12 : 0.5745"
"12,41 : 0.5714"
"41,12 : 0.5714"
"12,42 : 0.2518"
"42,12 : 0.2518"
"12,43 : 0.4176"
"43,12 : 0.4176"
"12,44 : 0.5561"
"44,12 : 0.5561"
"12,45 : 0.0721"
"45,12 : 0.0721"
"12,46 : 0.102"
"46,12 : 0.102"
"12,47 : 0.4809"
"47,12 : 0.4809"
"12,48 : 0.1077"
"48,12 : 0.1077"
"12,49 : 0.4535"
"49,12 : 0.4535"
"13,14 : 0.494"
"14,13 : 0.494"
"13,15 : 1.0155"
"15,13 : 1.0155"
"13,16 : 0.8587"
"16,13 : 0.8587"
"13,17 : 0.1421"
"17,13 : 0.1421"
"13,18 : 0.278"
"18,13 : 0.278"
"13,19 : 0.1726"
"19,13 : 0.1726"
"13,20 : 0.5109"
"20,13 : 0.5109"
"13,21 : 0.7558"
"21,13 : 0.7558"
"13,22 : 0.6871"
"22,13 : 0.6871"
"13,23 : 0.7992"
"23,13 : 0.7992"
"13,24 : 0.7311"
"24,13 : 0.7311"
"13,25 : 0.1552"
"25,13 : 0.1552"
"13,26 : 0.6466"
"26,13 : 0.6466"
"13,27 : 0.3932"
"27,13 : 0.3932"
"13,28 : 0.2236"
"28,13 : 0.2236"
"13,29 : 0.5099"
"29,13 : 0.5099"
"13,30 : 0.9285"
"30,13 : 0.9285"
"13,31 : 0.724"
"31,13 : 0.724"
"13,32 : 0.1044"
"32,13 : 0.1044"
"13,33 : 0.9425"
"33,13 : 0.9425"
"13,34 : 0.645"
"34,13 : 0.645"
"13,35 : 0.9231"
"35,13 : 0.9231"
"13,36 : 0.6277"
"36,13 : 0.6277"
"13,37 : 0.4206"
"37,13 : 0.4206"
"13,38 : 0.3214"
"38,13 : 0.3214"
"13,39 : 0.1897"
"39,13 : 0.1897"
"13,40 : 1.0"
"40,13 : 1.0"
"13,41 : 0.201"
"41,13 : 0.201"
"13,42 : 0.4904"
"42,13 : 0.4904"
"13,43 : 0.9001"
"43,13 : 0.9001"
"13,44 : 0.454"
"44,13 : 0.454"
"13,45 : 0.4649"
"45,13 : 0.4649"
"13,46 : 0.6139"
"46,13 : 0.6139"
"13,47 : 0.7543"
"47,13 : 0.7543"
"13,48 : 0.5057"
"48,13 : 0.5057"
"13,49 : 0.228"
"49,13 : 0.228"
"14,15 : 0.6119"
"15,14 : 0.6119"
"14,16 : 0.857"
"16,14 : 0.857"
"14,17 : 0.3536"
"17,14 : 0.3536"
"14,18 : 0.2193"
"18,14 : 0.2193"
"14,19 : 0.6574"
"19,14 : 0.6574"
"14,20 : 0.3036"
"20,14 : 0.3036"
"14,21 : 0.4295"
"21,14 : 0.4295"
"14,22 : 0.7703"
"22,14 : 0.7703"
"14,23 : 0.42"
"23,14 : 0.42"
"14,24 : 0.3041"
"24,14 : 0.3041"
"14,25 : 0.473"
"25,14 : 0.473"
"14,26 : 0.8134"
"26,14 : 0.8134"
"14,27 : 0.3922"
"27,14 : 0.3922"
"14,28 : 0.3821"
"28,14 : 0.3821"
"14,29 : 0.804"
"29,14 : 0.804"
"14,30 : 0.9762"
"30,14 : 0.9762"
"14,31 : 0.8824"
"31,14 : 0.8824"
"14,32 : 0.4776"
"32,14 : 0.4776"
"14,33 : 0.9485"
"33,14 : 0.9485"
"14,34 : 0.5099"
"34,14 : 0.5099"
"14,35 : 0.593"
"35,14 : 0.593"
"14,36 : 0.1342"
"36,14 : 0.1342"
"14,37 : 0.5675"
"37,14 : 0.5675"
"14,38 : 0.3068"
"38,14 : 0.3068"
"14,39 : 0.4866"
"39,14 : 0.4866"
"14,40 : 0.5692"
"40,14 : 0.5692"
"14,41 : 0.6648"
"41,14 : 0.6648"
"14,42 : 0.5981"
"42,14 : 0.5981"
"14,43 : 0.771"
"43,14 : 0.771"
"14,44 : 0.2022"
"44,14 : 0.2022"
"14,45 : 0.3245"
"45,14 : 0.3245"
"14,46 : 0.4469"
"46,14 : 0.4469"
"14,47 : 0.2702"
"47,14 : 0.2702"
"14,48 : 0.29"
"48,14 : 0.29"
"14,49 : 0.2828"
"49,14 : 0.2828"
"15,16 : 0.7606"
"16,15 : 0.7606"
"15,17 : 0.8819"
"17,15 : 0.8819"
"15,18 : 0.7606"
"18,15 : 0.7606"
"15,19 : 1.1385"
"19,15 : 1.1385"
"15,20 : 0.8905"
"20,15 : 0.8905"
"15,21 : 0.2766"
"21,15 : 0.2766"
"15,22 : 0.8201"
"22,15 : 0.8201"
"15,23 : 0.2163"
"23,15 : 0.2163"
"15,24 : 0.3081"
"24,15 : 0.3081"
"15,25 : 0.9168"
"25,15 : 0.9168"
"15,26 : 0.933"
"26,15 : 0.933"
"15,27 : 0.679"
"27,15 : 0.679"
"15,28 : 0.8122"
"28,15 : 0.8122"
"15,29 : 1.0568"
"29,15 : 1.0568"
"15,30 : 0.89"
"30,15 : 0.89"
"15,31 : 0.963"
"31,15 : 0.963"
"15,32 : 0.95"
"32,15 : 0.95"
"15,33 : 0.821"
"33,15 : 0.821"
"15,34 : 0.5099"
"34,15 : 0.5099"
"15,35 : 0.1803"
"35,15 : 0.1803"
"15,36 : 0.54"
"36,15 : 0.54"
"15,37 : 0.8127"
"37,15 : 0.8127"
"15,38 : 0.9168"
"38,15 : 0.9168"
"15,39 : 0.9069"
"39,15 : 0.9069"
"15,40 : 0.0849"
"40,15 : 0.0849"
"15,41 : 1.1195"
"41,15 : 1.1195"
"15,42 : 0.7839"
"42,15 : 0.7839"
"15,43 : 0.5515"
"43,15 : 0.5515"
"15,44 : 0.805"
"44,15 : 0.805"
"15,45 : 0.5731"
"45,15 : 0.5731"
"15,46 : 0.4855"
"46,15 : 0.4855"
"15,47 : 0.3932"
"47,15 : 0.3932"
"15,48 : 0.5186"
"48,15 : 0.5186"
"15,49 : 0.8616"
"49,15 : 0.8616"
"16,17 : 0.8102"
"17,16 : 0.8102"
"16,18 : 0.7932"
"18,16 : 0.7932"
"16,19 : 0.8615"
"19,16 : 0.8615"
"16,20 : 1.1281"
"20,16 : 1.1281"
"16,21 : 0.5701"
"21,16 : 0.5701"
"16,22 : 0.1924"
"22,16 : 0.1924"
"16,23 : 0.6573"
"23,16 : 0.6573"
"16,24 : 0.7409"
"24,16 : 0.7409"
"16,25 : 0.7034"
"25,16 : 0.7034"
"16,26 : 0.3046"
"26,16 : 0.3046"
"16,27 : 0.5162"
"27,16 : 0.5162"
"16,28 : 0.6631"
"28,16 : 0.6631"
"16,29 : 0.5155"
"29,16 : 0.5155"
"16,30 : 0.1334"
"30,16 : 0.1334"
"16,31 : 0.278"
"31,16 : 0.278"
"16,32 : 0.7543"
"32,16 : 0.7543"
"16,33 : 0.0922"
"33,16 : 0.0922"
"16,34 : 0.3551"
"34,16 : 0.3551"
"16,35 : 0.5803"
"35,16 : 0.5803"
"16,36 : 0.9153"
"36,16 : 0.9153"
"16,37 : 0.4393"
"37,16 : 0.4393"
"16,38 : 1.0155"
"38,16 : 1.0155"
"16,39 : 0.6694"
"39,16 : 0.6694"
"16,40 : 0.8205"
"40,16 : 0.8205"
"16,41 : 0.8102"
"41,16 : 0.8102"
"16,42 : 0.3688"
"42,16 : 0.3688"
"16,43 : 0.2214"
"43,16 : 0.2214"
"16,44 : 1.0207"
"44,16 : 1.0207"
"16,45 : 0.5376"
"45,16 : 0.5376"
"16,46 : 0.4188"
"46,16 : 0.4188"
"16,47 : 0.8864"
"47,16 : 0.8864"
"16,48 : 0.5673"
"48,16 : 0.5673"
"16,49 : 0.8868"
"49,16 : 0.8868"
"17,18 : 0.136"
"18,17 : 0.136"
"17,19 : 0.3046"
"19,17 : 0.3046"
"17,20 : 0.4176"
"20,17 : 0.4176"
"17,21 : 0.6297"
"21,17 : 0.6297"
"17,22 : 0.6573"
"22,17 : 0.6573"
"17,23 : 0.6665"
"23,17 : 0.6665"
"17,24 : 0.592"
"24,17 : 0.592"
"17,25 : 0.1616"
"25,17 : 0.1616"
"17,26 : 0.6435"
"26,17 : 0.6435"
"17,27 : 0.3059"
"27,17 : 0.3059"
"17,28 : 0.1476"
"28,17 : 0.1476"
"17,29 : 0.5501"
"29,17 : 0.5501"
"17,30 : 0.8969"
"30,17 : 0.8969"
"17,31 : 0.7214"
"31,17 : 0.7214"
"17,32 : 0.1404"
"32,17 : 0.1404"
"17,33 : 0.899"
"33,17 : 0.899"
"17,34 : 0.5508"
"34,17 : 0.5508"
"17,35 : 0.8001"
"35,17 : 0.8001"
"17,36 : 0.4876"
"36,17 : 0.4876"
"17,37 : 0.392"
"37,17 : 0.392"
"17,38 : 0.2419"
"38,17 : 0.2419"
"17,39 : 0.1924"
"39,17 : 0.1924"
"17,40 : 0.8627"
"40,17 : 0.8627"
"17,41 : 0.3178"
"41,17 : 0.3178"
"17,42 : 0.4549"
"42,17 : 0.4549"
"17,43 : 0.8188"
"43,17 : 0.8188"
"17,44 : 0.3413"
"44,17 : 0.3413"
"17,45 : 0.3523"
"45,17 : 0.3523"
"17,46 : 0.5104"
"46,17 : 0.5104"
"17,47 : 0.6122"
"47,17 : 0.6122"
"17,48 : 0.3833"
"48,17 : 0.3833"
"17,49 : 0.114"
"49,17 : 0.114"
"18,19 : 0.4383"
"19,18 : 0.4383"
"18,20 : 0.3523"
"20,18 : 0.3523"
"18,21 : 0.5217"
"21,18 : 0.5217"
"18,22 : 0.6647"
"22,18 : 0.6647"
"18,23 : 0.5478"
"23,18 : 0.5478"
"18,24 : 0.4632"
"24,18 : 0.4632"
"18,25 : 0.2608"
"25,18 : 0.2608"
"18,26 : 0.6768"
"26,18 : 0.6768"
"18,27 : 0.278"
"27,18 : 0.278"
"18,28 : 0.1868"
"28,18 : 0.1868"
"18,29 : 0.6236"
"29,18 : 0.6236"
"18,30 : 0.895"
"30,18 : 0.895"
"18,31 : 0.7521"
"31,18 : 0.7521"
"18,32 : 0.2596"
"32,18 : 0.2596"
"18,33 : 0.8848"
"33,18 : 0.8848"
"18,34 : 0.4904"
"34,18 : 0.4904"
"18,35 : 0.6943"
"35,18 : 0.6943"
"18,36 : 0.3534"
"36,18 : 0.3534"
"18,37 : 0.4188"
"37,18 : 0.4188"
"18,38 : 0.2236"
"38,18 : 0.2236"
"18,39 : 0.2802"
"39,18 : 0.2802"
"18,40 : 0.7357"
"40,18 : 0.7357"
"18,41 : 0.446"
"41,18 : 0.446"
"18,42 : 0.4686"
"42,18 : 0.4686"
"18,43 : 0.7654"
"43,18 : 0.7654"
"18,44 : 0.255"
"44,18 : 0.255"
"18,45 : 0.2789"
"45,18 : 0.2789"
"18,46 : 0.4393"
"46,18 : 0.4393"
"18,47 : 0.4763"
"47,18 : 0.4763"
"18,48 : 0.2902"
"48,18 : 0.2902"
"18,49 : 0.11"
"49,18 : 0.11"
"19,20 : 0.68"
"20,19 : 0.68"
"19,21 : 0.8684"
"21,19 : 0.8684"
"19,22 : 0.6748"
"22,19 : 0.6748"
"19,23 : 0.9231"
"23,19 : 0.9231"
"19,24 : 0.8705"
"24,19 : 0.8705"
"19,25 : 0.222"
"25,19 : 0.222"
"19,26 : 0.6044"
"26,19 : 0.6044"
"19,27 : 0.4741"
"27,19 : 0.4741"
"19,28 : 0.3265"
"28,19 : 0.3265"
"19,29 : 0.4254"
"29,19 : 0.4254"
"19,30 : 0.908"
"30,19 : 0.908"
"19,31 : 0.6768"
"31,19 : 0.6768"
"19,32 : 0.191"
"32,19 : 0.191"
"19,33 : 0.9365"
"33,19 : 0.9365"
"19,34 : 0.7151"
"34,19 : 0.7151"
"19,35 : 1.0273"
"35,19 : 1.0273"
"19,36 : 0.7916"
"36,19 : 0.7916"
"19,37 : 0.4319"
"37,19 : 0.4319"
"19,38 : 0.49"
"38,19 : 0.49"
"19,39 : 0.2371"
"39,19 : 0.2371"
"19,40 : 1.1322"
"40,19 : 1.1322"
"19,41 : 0.0583"
"41,19 : 0.0583"
"19,42 : 0.5009"
"42,19 : 0.5009"
"19,43 : 0.9437"
"43,19 : 0.9437"
"19,44 : 0.6265"
"44,19 : 0.6265"
"19,45 : 0.5686"
"45,19 : 0.5686"
"19,46 : 0.6978"
"46,19 : 0.6978"
"19,47 : 0.9097"
"47,19 : 0.9097"
"19,48 : 0.6201"
"48,19 : 0.6201"
"19,49 : 0.4002"
"49,19 : 0.4002"
"20,21 : 0.7325"
"21,20 : 0.7325"
"20,22 : 1.0132"
"22,20 : 1.0132"
"20,23 : 0.7157"
"23,20 : 0.7157"
"20,24 : 0.5914"
"24,20 : 0.5914"
"20,25 : 0.5787"
"25,20 : 0.5787"
"20,26 : 1.029"
"26,20 : 1.029"
"20,27 : 0.6229"
"27,20 : 0.6229"
"20,28 : 0.5324"
"28,20 : 0.5324"
"20,29 : 0.9638"
"29,20 : 0.9638"
"20,30 : 1.2376"
"30,20 : 1.2376"
"20,31 : 1.1044"
"31,20 : 1.1044"
"20,32 : 0.5554"
"32,20 : 0.5554"
"20,33 : 1.2202"
"33,20 : 1.2202"
"20,34 : 0.7961"
"34,20 : 0.7961"
"20,35 : 0.8927"
"35,20 : 0.8927"
"20,36 : 0.3513"
"36,20 : 0.3513"
"20,37 : 0.771"
"37,20 : 0.771"
"20,38 : 0.19"
"38,20 : 0.19"
"20,39 : 0.6075"
"39,20 : 0.6075"
"20,40 : 0.8349"
"40,20 : 0.8349"
"20,41 : 0.7118"
"41,20 : 0.7118"
"20,42 : 0.8201"
"42,20 : 0.8201"
"20,43 : 1.0655"
"43,20 : 1.0655"
"20,44 : 0.1082"
"44,20 : 0.1082"
"20,45 : 0.592"
"45,20 : 0.592"
"20,46 : 0.7357"
"46,20 : 0.7357"
"20,47 : 0.5064"
"47,20 : 0.5064"
"20,48 : 0.5745"
"48,20 : 0.5745"
"20,49 : 0.3036"
"49,20 : 0.3036"
"21,22 : 0.5814"
"22,21 : 0.5814"
"21,23 : 0.09"
"23,21 : 0.09"
"21,24 : 0.1844"
"24,21 : 0.1844"
"21,25 : 0.6464"
"25,21 : 0.6464"
"21,26 : 0.6825"
"26,21 : 0.6825"
"21,27 : 0.4031"
"27,21 : 0.4031"
"21,28 : 0.5438"
"28,21 : 0.5438"
"21,29 : 0.7872"
"29,21 : 0.7872"
"21,30 : 0.7034"
"30,21 : 0.7034"
"21,31 : 0.7234"
"31,21 : 0.7234"
"21,32 : 0.6826"
"32,21 : 0.6826"
"21,33 : 0.6485"
"33,21 : 0.6485"
"21,34 : 0.2532"
"34,21 : 0.2532"
"21,35 : 0.1726"
"35,21 : 0.1726"
"21,36 : 0.4168"
"36,21 : 0.4168"
"21,37 : 0.5385"
"37,21 : 0.5385"
"21,38 : 0.7101"
"38,21 : 0.7101"
"21,39 : 0.6341"
"39,21 : 0.6341"
"21,40 : 0.2955"
"40,21 : 0.2955"
"21,41 : 0.8465"
"41,21 : 0.8465"
"21,42 : 0.5148"
"42,21 : 0.5148"
"21,43 : 0.405"
"43,21 : 0.405"
"21,44 : 0.6315"
"44,21 : 0.6315"
"21,45 : 0.3"
"45,21 : 0.3"
"21,46 : 0.2154"
"46,21 : 0.2154"
"21,47 : 0.3342"
"47,21 : 0.3342"
"21,48 : 0.2506"
"48,21 : 0.2506"
"21,49 : 0.6297"
"49,21 : 0.6297"
"22,23 : 0.6712"
"23,22 : 0.6712"
"22,24 : 0.7244"
"24,22 : 0.7244"
"22,25 : 0.5331"
"25,22 : 0.5331"
"22,26 : 0.1273"
"26,22 : 0.1273"
"22,27 : 0.3905"
"27,22 : 0.3905"
"22,28 : 0.5104"
"28,22 : 0.5104"
"22,29 : 0.327"
"29,22 : 0.327"
"22,30 : 0.2417"
"30,22 : 0.2417"
"22,31 : 0.1432"
"31,22 : 0.1432"
"22,32 : 0.5831"
"32,22 : 0.5831"
"22,33 : 0.2617"
"33,22 : 0.2617"
"22,34 : 0.33"
"34,22 : 0.33"
"22,35 : 0.6451"
"35,22 : 0.6451"
"22,36 : 0.8523"
"36,22 : 0.8523"
"22,37 : 0.2683"
"37,22 : 0.2683"
"22,38 : 0.8797"
"38,22 : 0.8797"
"22,39 : 0.4977"
"39,22 : 0.4977"
"22,40 : 0.8649"
"40,22 : 0.8649"
"22,41 : 0.622"
"41,22 : 0.622"
"22,42 : 0.2025"
"42,22 : 0.2025"
"22,43 : 0.3538"
"43,22 : 0.3538"
"22,44 : 0.9091"
"44,22 : 0.9091"
"22,45 : 0.4472"
"45,22 : 0.4472"
"22,46 : 0.3821"
"46,22 : 0.3821"
"22,47 : 0.857"
"47,22 : 0.857"
"22,48 : 0.494"
"48,22 : 0.494"
"22,49 : 0.7465"
"49,22 : 0.7465"
"23,24 : 0.13"
"24,23 : 0.13"
"23,25 : 0.7018"
"25,23 : 0.7018"
"23,26 : 0.771"
"26,23 : 0.771"
"23,27 : 0.4701"
"27,23 : 0.4701"
"23,28 : 0.5967"
"28,23 : 0.5967"
"23,29 : 0.8693"
"29,23 : 0.8693"
"23,30 : 0.7908"
"30,23 : 0.7908"
"23,31 : 0.813"
"31,23 : 0.813"
"23,32 : 0.7341"
"32,23 : 0.7341"
"23,33 : 0.7338"
"33,23 : 0.7338"
"23,34 : 0.3423"
"34,23 : 0.3423"
"23,35 : 0.1803"
"35,23 : 0.1803"
"23,36 : 0.3795"
"36,23 : 0.3795"
"23,37 : 0.6172"
"37,23 : 0.6172"
"23,38 : 0.717"
"38,23 : 0.717"
"23,39 : 0.6931"
"39,23 : 0.6931"
"23,40 : 0.2163"
"40,23 : 0.2163"
"23,41 : 0.9055"
"41,23 : 0.9055"
"23,42 : 0.5981"
"42,23 : 0.5981"
"23,43 : 0.483"
"43,23 : 0.483"
"23,44 : 0.6207"
"44,23 : 0.6207"
"23,45 : 0.3612"
"45,23 : 0.3612"
"23,46 : 0.3008"
"46,23 : 0.3008"
"23,47 : 0.2702"
"47,23 : 0.2702"
"23,48 : 0.3041"
"48,23 : 0.3041"
"23,49 : 0.6515"
"49,23 : 0.6515"
"24,25 : 0.6544"
"25,24 : 0.6544"
"24,26 : 0.8101"
"26,24 : 0.8101"
"24,27 : 0.4531"
"27,24 : 0.4531"
"24,28 : 0.5482"
"28,24 : 0.5482"
"24,29 : 0.878"
"29,24 : 0.878"
"24,30 : 0.8732"
"30,24 : 0.8732"
"24,31 : 0.8615"
"31,24 : 0.8615"
"24,32 : 0.6794"
"32,24 : 0.6794"
"24,33 : 0.8235"
"33,24 : 0.8235"
"24,34 : 0.3981"
"34,24 : 0.3981"
"24,35 : 0.3102"
"35,24 : 0.3102"
"24,36 : 0.25"
"36,24 : 0.25"
"24,37 : 0.621"
"37,24 : 0.621"
"24,38 : 0.6088"
"38,24 : 0.6088"
"24,39 : 0.6522"
"39,24 : 0.6522"
"24,40 : 0.2729"
"40,24 : 0.2729"
"24,41 : 0.8605"
"41,24 : 0.8605"
"24,42 : 0.6166"
"42,24 : 0.6166"
"24,43 : 0.5882"
"43,24 : 0.5882"
"24,44 : 0.5004"
"44,24 : 0.5004"
"24,45 : 0.3418"
"45,24 : 0.3418"
"24,46 : 0.3423"
"46,24 : 0.3423"
"24,47 : 0.15"
"47,24 : 0.15"
"24,48 : 0.2786"
"48,24 : 0.2786"
"24,49 : 0.559"
"49,24 : 0.559"
"25,26 : 0.5"
"26,25 : 0.5"
"25,27 : 0.2563"
"27,25 : 0.2563"
"25,28 : 0.1063"
"28,25 : 0.1063"
"25,29 : 0.3895"
"29,25 : 0.3895"
"25,30 : 0.7747"
"30,25 : 0.7747"
"25,31 : 0.578"
"31,25 : 0.578"
"25,32 : 0.051"
"32,25 : 0.051"
"25,33 : 0.7875"
"33,25 : 0.7875"
"25,34 : 0.5045"
"34,25 : 0.5045"
"25,35 : 0.8062"
"35,25 : 0.8062"
"25,36 : 0.6044"
"36,25 : 0.6044"
"25,37 : 0.2657"
"37,25 : 0.2657"
"25,38 : 0.4025"
"38,25 : 0.4025"
"25,39 : 0.0361"
"39,25 : 0.0361"
"25,40 : 0.9122"
"40,25 : 0.9122"
"25,41 : 0.2062"
"41,25 : 0.2062"
"25,42 : 0.3353"
"42,25 : 0.3353"
"25,43 : 0.7506"
"43,25 : 0.7506"
"25,44 : 0.4982"
"44,25 : 0.4982"
"25,45 : 0.3467"
"45,25 : 0.3467"
"25,46 : 0.481"
"46,25 : 0.481"
"25,47 : 0.7066"
"47,25 : 0.7066"
"25,48 : 0.3982"
"48,25 : 0.3982"
"25,49 : 0.2751"
"49,25 : 0.2751"
"26,27 : 0.4215"
"27,26 : 0.4215"
"26,28 : 0.5033"
"28,26 : 0.5033"
"26,29 : 0.2138"
"29,26 : 0.2138"
"26,30 : 0.3102"
"30,26 : 0.3102"
"26,31 : 0.0781"
"31,26 : 0.0781"
"26,32 : 0.5464"
"32,26 : 0.5464"
"26,33 : 0.3551"
"33,26 : 0.3551"
"26,34 : 0.4295"
"34,26 : 0.4295"
"26,35 : 0.7616"
"35,26 : 0.7616"
"26,36 : 0.9096"
"36,26 : 0.9096"
"26,37 : 0.2581"
"37,26 : 0.2581"
"26,38 : 0.8786"
"38,26 : 0.8786"
"26,39 : 0.464"
"39,26 : 0.464"
"26,40 : 0.9727"
"40,26 : 0.9727"
"26,41 : 0.5482"
"41,26 : 0.5482"
"26,42 : 0.2154"
"42,26 : 0.2154"
"26,43 : 0.481"
"43,26 : 0.481"
"26,44 : 0.9296"
"44,26 : 0.9296"
"26,45 : 0.5022"
"45,26 : 0.5022"
"26,46 : 0.4727"
"46,26 : 0.4727"
"26,47 : 0.9334"
"47,26 : 0.9334"
"26,48 : 0.5573"
"48,26 : 0.5573"
"26,49 : 0.7441"
"49,26 : 0.7441"
"27,28 : 0.1703"
"28,27 : 0.1703"
"27,29 : 0.4329"
"29,27 : 0.4329"
"27,30 : 0.6172"
"30,27 : 0.6172"
"27,31 : 0.4919"
"31,27 : 0.4919"
"27,32 : 0.3008"
"32,27 : 0.3008"
"27,33 : 0.6075"
"33,27 : 0.6075"
"27,34 : 0.2518"
"34,27 : 0.2518"
"27,35 : 0.5547"
"35,27 : 0.5547"
"27,36 : 0.495"
"36,27 : 0.495"
"27,37 : 0.1803"
"37,27 : 0.1803"
"27,38 : 0.4993"
"38,27 : 0.4993"
"27,39 : 0.2371"
"39,27 : 0.2371"
"27,40 : 0.686"
"40,27 : 0.686"
"27,41 : 0.4465"
"41,27 : 0.4465"
"27,42 : 0.2062"
"42,27 : 0.2062"
"27,43 : 0.5135"
"43,27 : 0.5135"
"27,44 : 0.5186"
"44,27 : 0.5186"
"27,45 : 0.1118"
"45,27 : 0.1118"
"27,46 : 0.2247"
"46,27 : 0.2247"
"27,47 : 0.5459"
"47,27 : 0.5459"
"27,48 : 0.1746"
"48,27 : 0.1746"
"27,49 : 0.3712"
"49,27 : 0.3712"
"28,29 : 0.4368"
"29,28 : 0.4368"
"28,30 : 0.7495"
"30,28 : 0.7495"
"28,31 : 0.5805"
"31,28 : 0.5805"
"28,32 : 0.1389"
"32,28 : 0.1389"
"28,33 : 0.7515"
"33,28 : 0.7515"
"28,34 : 0.4219"
"34,28 : 0.4219"
"28,35 : 0.7066"
"35,28 : 0.7066"
"28,36 : 0.5099"
"36,28 : 0.5099"
"28,37 : 0.2476"
"37,28 : 0.2476"
"28,38 : 0.3754"
"38,28 : 0.3754"
"28,39 : 0.1077"
"39,28 : 0.1077"
"28,40 : 0.8062"
"40,28 : 0.8062"
"28,41 : 0.3124"
"41,28 : 0.3124"
"28,42 : 0.3081"
"42,28 : 0.3081"
"28,43 : 0.6818"
"43,28 : 0.6818"
"28,44 : 0.4401"
"44,28 : 0.4401"
"28,45 : 0.246"
"45,28 : 0.246"
"28,46 : 0.3905"
"46,28 : 0.3905"
"28,47 : 0.6042"
"47,28 : 0.6042"
"28,48 : 0.2941"
"48,28 : 0.2941"
"28,49 : 0.2408"
"49,28 : 0.2408"
"29,30 : 0.5209"
"30,29 : 0.5209"
"29,31 : 0.2702"
"31,29 : 0.2702"
"29,32 : 0.4244"
"32,29 : 0.4244"
"29,33 : 0.5689"
"33,29 : 0.5689"
"29,34 : 0.5492"
"34,29 : 0.5492"
"29,35 : 0.8987"
"35,29 : 0.8987"
"29,36 : 0.9202"
"36,29 : 0.9202"
"29,37 : 0.2571"
"37,29 : 0.2571"
"29,38 : 0.7918"
"38,29 : 0.7918"
"29,39 : 0.3578"
"39,29 : 0.3578"
"29,40 : 1.0826"
"40,29 : 1.0826"
"29,41 : 0.3672"
"41,29 : 0.3672"
"29,42 : 0.2729"
"42,29 : 0.2729"
"29,43 : 0.6712"
"43,29 : 0.6712"
"29,44 : 0.876"
"44,29 : 0.876"
"29,45 : 0.5394"
"45,29 : 0.5394"
"29,46 : 0.5725"
"46,29 : 0.5725"
"29,47 : 0.9787"
"47,29 : 0.9787"
"29,48 : 0.6021"
"48,29 : 0.6021"
"29,49 : 0.6621"
"49,29 : 0.6621"
"30,31 : 0.2532"
"31,30 : 0.2532"
"30,32 : 0.8246"
"32,30 : 0.8246"
"30,33 : 0.0806"
"33,30 : 0.0806"
"30,34 : 0.483"
"34,30 : 0.483"
"30,35 : 0.7101"
"35,30 : 0.7101"
"30,36 : 1.041"
"36,30 : 1.041"
"30,37 : 0.5099"
"37,30 : 0.5099"
"30,38 : 1.114"
"38,30 : 1.114"
"30,39 : 0.7393"
"39,30 : 0.7393"
"30,40 : 0.9519"
"40,30 : 0.9519"
"30,41 : 0.8533"
"41,30 : 0.8533"
"30,42 : 0.4429"
"42,30 : 0.4429"
"30,43 : 0.3423"
"43,30 : 0.3423"
"30,44 : 1.1314"
"44,30 : 1.1314"
"30,45 : 0.653"
"45,30 : 0.653"
"30,46 : 0.5459"
"46,30 : 0.5459"
"30,47 : 1.0177"
"47,30 : 1.0177"
"30,48 : 0.6882"
"48,30 : 0.6882"
"30,49 : 0.9823"
"49,30 : 0.9823"
"31,32 : 0.6243"
"32,31 : 0.6243"
"31,33 : 0.3102"
"33,31 : 0.3102"
"31,34 : 0.471"
"34,31 : 0.471"
"31,35 : 0.7875"
"35,31 : 0.7875"
"31,36 : 0.9742"
"36,31 : 0.9742"
"31,37 : 0.3342"
"37,31 : 0.3342"
"31,38 : 0.9559"
"38,31 : 0.9559"
"31,39 : 0.542"
"39,31 : 0.542"
"31,40 : 1.0081"
"40,31 : 1.0081"
"31,41 : 0.6198"
"41,31 : 0.6198"
"31,42 : 0.2865"
"42,31 : 0.2865"
"31,43 : 0.478"
"43,31 : 0.478"
"31,44 : 1.004"
"44,31 : 1.004"
"31,45 : 0.5661"
"45,31 : 0.5661"
"31,46 : 0.5201"
"46,31 : 0.5201"
"31,47 : 0.9899"
"47,31 : 0.9899"
"31,48 : 0.6185"
"48,31 : 0.6185"
"31,49 : 0.8213"
"49,31 : 0.8213"
"32,33 : 0.8382"
"33,32 : 0.8382"
"32,34 : 0.5511"
"34,32 : 0.5511"
"32,35 : 0.8453"
"35,32 : 0.8453"
"32,36 : 0.611"
"36,32 : 0.611"
"32,37 : 0.3162"
"37,32 : 0.3162"
"32,38 : 0.3734"
"38,32 : 0.3734"
"32,39 : 0.0854"
"39,32 : 0.0854"
"32,40 : 0.9418"
"40,32 : 0.9418"
"32,41 : 0.1879"
"41,32 : 0.1879"
"32,42 : 0.386"
"42,32 : 0.386"
"32,43 : 0.8002"
"43,32 : 0.8002"
"32,44 : 0.4817"
"44,32 : 0.4817"
"32,45 : 0.3847"
"45,32 : 0.3847"
"32,46 : 0.525"
"46,32 : 0.525"
"32,47 : 0.722"
"47,32 : 0.722"
"32,48 : 0.4327"
"48,32 : 0.4327"
"32,49 : 0.2532"
"49,32 : 0.2532"
"33,34 : 0.4441"
"34,33 : 0.4441"
"33,35 : 0.642"
"35,33 : 0.642"
"33,36 : 1.0044"
"36,33 : 1.0044"
"33,37 : 0.522"
"37,33 : 0.522"
"33,38 : 1.1068"
"38,33 : 1.1068"
"33,39 : 0.7529"
"39,33 : 0.7529"
"33,40 : 0.8857"
"40,33 : 0.8857"
"33,41 : 0.8836"
"41,33 : 0.8836"
"33,42 : 0.4522"
"42,33 : 0.4522"
"33,43 : 0.27"
"43,33 : 0.27"
"33,44 : 1.1129"
"44,33 : 1.1129"
"33,45 : 0.6297"
"45,33 : 0.6297"
"33,46 : 0.508"
"46,33 : 0.508"
"33,47 : 0.9705"
"47,33 : 0.9705"
"33,48 : 0.6586"
"48,33 : 0.6586"
"33,49 : 0.9775"
"49,33 : 0.9775"
"34,35 : 0.35"
"35,34 : 0.35"
"34,36 : 0.5604"
"36,34 : 0.5604"
"34,37 : 0.3189"
"37,34 : 0.3189"
"34,38 : 0.7117"
"38,34 : 0.7117"
"34,39 : 0.4808"
"39,34 : 0.4808"
"34,40 : 0.5441"
"40,34 : 0.5441"
"34,41 : 0.6803"
"41,34 : 0.6803"
"34,42 : 0.278"
"42,34 : 0.278"
"34,43 : 0.2751"
"43,34 : 0.2751"
"34,44 : 0.688"
"44,34 : 0.688"
"34,45 : 0.2119"
"45,34 : 0.2119"
"34,46 : 0.064"
"46,34 : 0.064"
"34,47 : 0.5376"
"47,34 : 0.5376"
"34,48 : 0.222"
"48,34 : 0.222"
"34,49 : 0.5967"
"49,34 : 0.5967"
"35,36 : 0.5597"
"36,35 : 0.5597"
"35,37 : 0.6653"
"37,35 : 0.6653"
"35,38 : 0.8809"
"38,35 : 0.8809"
"35,39 : 0.7908"
"39,35 : 0.7908"
"35,40 : 0.2452"
"40,35 : 0.2452"
"35,41 : 1.0012"
"41,35 : 1.0012"
"35,42 : 0.628"
"42,35 : 0.628"
"35,43 : 0.3734"
"43,35 : 0.3734"
"35,44 : 0.7951"
"44,35 : 0.7951"
"35,45 : 0.4607"
"45,35 : 0.4607"
"35,46 : 0.3397"
"46,35 : 0.3397"
"35,47 : 0.4442"
"47,35 : 0.4442"
"35,48 : 0.4179"
"48,35 : 0.4179"
"35,49 : 0.8023"
"49,35 : 0.8023"
"36,37 : 0.6748"
"37,36 : 0.6748"
"36,38 : 0.4134"
"38,36 : 0.4134"
"36,39 : 0.6161"
"39,36 : 0.6161"
"36,40 : 0.4837"
"40,36 : 0.4837"
"36,41 : 0.7985"
"41,36 : 0.7985"
"36,42 : 0.6963"
"42,36 : 0.6963"
"36,43 : 0.7993"
"43,36 : 0.7993"
"36,44 : 0.2751"
"44,36 : 0.2751"
"36,45 : 0.408"
"45,36 : 0.408"
"36,46 : 0.4965"
"46,36 : 0.4965"
"36,47 : 0.1581"
"47,36 : 0.1581"
"36,48 : 0.3585"
"48,36 : 0.3585"
"36,49 : 0.4123"
"49,36 : 0.4123"
"37,38 : 0.6224"
"38,37 : 0.6224"
"37,39 : 0.2309"
"39,37 : 0.2309"
"37,40 : 0.8324"
"40,37 : 0.8324"
"37,41 : 0.3864"
"41,37 : 0.3864"
"37,42 : 0.0707"
"42,37 : 0.0707"
"37,43 : 0.5142"
"43,37 : 0.5142"
"37,44 : 0.6723"
"44,37 : 0.6723"
"37,45 : 0.2828"
"45,37 : 0.2828"
"37,46 : 0.328"
"46,37 : 0.328"
"37,47 : 0.7234"
"47,37 : 0.7234"
"37,48 : 0.3453"
"48,37 : 0.3453"
"37,49 : 0.488"
"49,37 : 0.488"
"38,39 : 0.4342"
"39,38 : 0.4342"
"38,40 : 0.876"
"40,38 : 0.876"
"38,41 : 0.5224"
"41,38 : 0.5224"
"38,42 : 0.6794"
"42,38 : 0.6794"
"38,43 : 0.9868"
"43,38 : 0.9868"
"38,44 : 0.1581"
"44,38 : 0.1581"
"38,45 : 0.4998"
"45,38 : 0.4998"
"38,46 : 0.658"
"46,38 : 0.658"
"38,47 : 0.5682"
"47,38 : 0.5682"
"38,48 : 0.5022"
"48,38 : 0.5022"
"38,49 : 0.1345"
"49,38 : 0.1345"
"39,40 : 0.9055"
"40,39 : 0.9055"
"39,41 : 0.2126"
"41,39 : 0.2126"
"39,42 : 0.3008"
"42,39 : 0.3008"
"39,43 : 0.7217"
"43,39 : 0.7217"
"39,44 : 0.5239"
"44,39 : 0.5239"
"39,45 : 0.3342"
"45,39 : 0.3342"
"39,46 : 0.461"
"46,39 : 0.461"
"39,47 : 0.7118"
"47,39 : 0.7118"
"39,48 : 0.389"
"48,39 : 0.389"
"39,49 : 0.3046"
"49,39 : 0.3046"
"40,41 : 1.1173"
"41,40 : 1.1173"
"40,42 : 0.8102"
"42,40 : 0.8102"
"40,43 : 0.6181"
"43,40 : 0.6181"
"40,44 : 0.755"
"44,40 : 0.755"
"40,45 : 0.5763"
"45,40 : 0.5763"
"40,46 : 0.5108"
"46,40 : 0.5108"
"40,47 : 0.3302"
"47,40 : 0.3302"
"40,48 : 0.5174"
"48,40 : 0.5174"
"40,49 : 0.8319"
"49,40 : 0.8319"
"41,42 : 0.454"
"42,41 : 0.454"
"41,43 : 0.9003"
"43,41 : 0.9003"
"41,44 : 0.6512"
"44,41 : 0.6512"
"41,45 : 0.5467"
"45,41 : 0.5467"
"41,46 : 0.6673"
"46,41 : 0.6673"
"41,47 : 0.9092"
"47,41 : 0.9092"
"41,48 : 0.6014"
"48,41 : 0.6014"
"41,49 : 0.4219"
"49,41 : 0.4219"
"42,43 : 0.4492"
"43,42 : 0.4492"
"42,44 : 0.7185"
"44,42 : 0.7185"
"42,45 : 0.2915"
"45,42 : 0.2915"
"42,46 : 0.2997"
"46,42 : 0.2997"
"42,47 : 0.73"
"47,42 : 0.73"
"42,48 : 0.3501"
"48,42 : 0.3501"
"42,49 : 0.5456"
"49,42 : 0.5456"
