x,y
0.26,0.51
0.5,0.46
0.89,0.51
0.97,0.94
0.07,0.84
0.43,0.03
0.43,0.37
0.45,0.83
0.14,0.14
0.97,0.04
0.24,0.31
0.09,0.02
0.46,0.23
0.96,0.03
0.4,0.15
0.68,0.87
0.74,0.77
0.34,0.96
0.81,0.95
0.01,0.96
0.37,0.75
0.81,0.62
0.84,0.86
0.07,0.5
0.1,0.23
0.52,0.32
0.11,0.35
0.72,0.36
0.38,0.18
0.77,0.93
0.99,0.82
0.24,0.24
0.09,0.73
0.93,0.55
0.18,0.7
0.18,0.15
0.71,0.17
0.4,0.1
0.88,0.85
0.56,0.9
0.15,0.73
0.32,0.66
0.36,0.38
0.48,0.82
0.55,0.45
0.67,0.87
0.03,0.42
0.52,0.06
0.74,0.98
0.08,0.26

Distanze
"0,1 : 0.2452"
"1,0 : 0.2452"
"0,2 : 0.63"
"2,0 : 0.63"
"0,3 : 0.8301"
"3,0 : 0.8301"
"0,4 : 0.3808"
"4,0 : 0.3808"
"0,5 : 0.5092"
"5,0 : 0.5092"
"0,6 : 0.2202"
"6,0 : 0.2202"
"0,7 : 0.3722"
"7,0 : 0.3722"
"0,8 : 0.389"
"8,0 : 0.389"
"0,9 : 0.8515"
"9,0 : 0.8515"
"0,10 : 0.201"
"10,0 : 0.201"
"0,11 : 0.5187"
"11,0 : 0.5187"
"0,12 : 0.3441"
"12,0 : 0.3441"
"0,13 : 0.8488"
"13,0 : 0.8488"
"0,14 : 0.3863"
"14,0 : 0.3863"
"0,15 : 0.5532"
"15,0 : 0.5532"
"0,16 : 0.5459"
"16,0 : 0.5459"
"0,17 : 0.4571"
"17,0 : 0.4571"
"0,18 : 0.7043"
"18,0 : 0.7043"
"0,19 : 0.5148"
"19,0 : 0.5148"
"0,20 : 0.264"
"20,0 : 0.264"
"0,21 : 0.5609"
"21,0 : 0.5609"
"0,22 : 0.6774"
"22,0 : 0.6774"
"0,23 : 0.1903"
"23,0 : 0.1903"
"0,24 : 0.3225"
"24,0 : 0.3225"
"0,25 : 0.322"
"25,0 : 0.322"
"0,26 : 0.2193"
"26,0 : 0.2193"
"0,27 : 0.4838"
"27,0 : 0.4838"
"0,28 : 0.3511"
"28,0 : 0.3511"
"0,29 : 0.6607"
"29,0 : 0.6607"
"0,30 : 0.7931"
"30,0 : 0.7931"
"0,31 : 0.2707"
"31,0 : 0.2707"
"0,32 : 0.278"
"32,0 : 0.278"
"0,33 : 0.6712"
"33,0 : 0.6712"
"0,34 : 0.2062"
"34,0 : 0.2062"
"0,35 : 0.3688"
"35,0 : 0.3688"
"0,36 : 0.564"
"36,0 : 0.564"
"0,37 : 0.4332"
"37,0 : 0.4332"
"0,38 : 0.7071"
"38,0 : 0.7071"
"0,39 : 0.492"
"39,0 : 0.492"
"0,40 : 0.246"
"40,0 : 0.246"
"0,41 : 0.1616"
"41,0 : 0.1616"
"0,42 : 0.164"
"42,0 : 0.164"
"0,43 : 0.3801"
"43,0 : 0.3801"
"0,44 : 0.2961"
"44,0 : 0.2961"
"0,45 : 0.5456"
"45,0 : 0.5456"
"0,46 : 0.247"
"46,0 : 0.247"
"0,47 : 0.5197"
"47,0 : 0.5197"
"0,48 : 0.6718"
"48,0 : 0.6718"
"0,49 : 0.3081"
"49,0 : 0.3081"
"1,2 : 0.3932"
"2,1 : 0.3932"
"1,3 : 0.6718"
"3,1 : 0.6718"
"1,4 : 0.5738"
"4,1 : 0.5738"
"1,5 : 0.4357"
"5,1 : 0.4357"
"1,6 : 0.114"
"6,1 : 0.114"
"1,7 : 0.3734"
"7,1 : 0.3734"
"1,8 : 0.4817"
"8,1 : 0.4817"
"1,9 : 0.6303"
"9,1 : 0.6303"
"1,10 : 0.3002"
"10,1 : 0.3002"
"1,11 : 0.6014"
"11,1 : 0.6014"
"1,12 : 0.2335"
"12,1 : 0.2335"
"1,13 : 0.6297"
"13,1 : 0.6297"
"1,14 : 0.3257"
"14,1 : 0.3257"
"1,15 : 0.4478"
"15,1 : 0.4478"
"1,16 : 0.392"
"16,1 : 0.392"
"1,17 : 0.525"
"17,1 : 0.525"
"1,18 : 0.5798"
"18,1 : 0.5798"
"1,19 : 0.7001"
"19,1 : 0.7001"
"1,20 : 0.3178"
"20,1 : 0.3178"
"1,21 : 0.3489"
"21,1 : 0.3489"
"1,22 : 0.525"
"22,1 : 0.525"
"1,23 : 0.4319"
"23,1 : 0.4319"
"1,24 : 0.4614"
"24,1 : 0.4614"
"1,25 : 0.1414"
"25,1 : 0.1414"
"1,26 : 0.4052"
"26,1 : 0.4052"
"1,27 : 0.2417"
"27,1 : 0.2417"
"1,28 : 0.3046"
"28,1 : 0.3046"
"1,29 : 0.542"
"29,1 : 0.542"
"1,30 : 0.608"
"30,1 : 0.608"
"1,31 : 0.3406"
"31,1 : 0.3406"
"1,32 : 0.4909"
"32,1 : 0.4909"
"1,33 : 0.4393"
"33,1 : 0.4393"
"1,34 : 0.4"
"34,1 : 0.4"
"1,35 : 0.4455"
"35,1 : 0.4455"
"1,36 : 0.3581"
"36,1 : 0.3581"
"1,37 : 0.3736"
"37,1 : 0.3736"
"1,38 : 0.5445"
"38,1 : 0.5445"
"1,39 : 0.4441"
"39,1 : 0.4441"
"1,40 : 0.442"
"40,1 : 0.442"
"1,41 : 0.2691"
"41,1 : 0.2691"
"1,42 : 0.1612"
"42,1 : 0.1612"
"1,43 : 0.3606"
"43,1 : 0.3606"
"1,44 : 0.051"
"44,1 : 0.051"
"1,45 : 0.4438"
"45,1 : 0.4438"
"1,46 : 0.4717"
"46,1 : 0.4717"
"1,47 : 0.4005"
"47,1 : 0.4005"
"1,48 : 0.5727"
"48,1 : 0.5727"
"1,49 : 0.4652"
"49,1 : 0.4652"
"2,3 : 0.4374"
"3,2 : 0.4374"
"2,4 : 0.8839"
"4,2 : 0.8839"
"2,5 : 0.6648"
"5,2 : 0.6648"
"2,6 : 0.4808"
"6,2 : 0.4808"
"2,7 : 0.5441"
"7,2 : 0.5441"
"2,8 : 0.8363"
"8,2 : 0.8363"
"2,9 : 0.4768"
"9,2 : 0.4768"
"2,10 : 0.6801"
"10,2 : 0.6801"
"2,11 : 0.9381"
"11,2 : 0.9381"
"2,12 : 0.5131"
"12,2 : 0.5131"
"2,13 : 0.4851"
"13,2 : 0.4851"
"2,14 : 0.608"
"14,2 : 0.608"
"2,15 : 0.4168"
"15,2 : 0.4168"
"2,16 : 0.3002"
"16,2 : 0.3002"
"2,17 : 0.7106"
"17,2 : 0.7106"
"2,18 : 0.4472"
"18,2 : 0.4472"
"2,19 : 0.9884"
"19,2 : 0.9884"
"2,20 : 0.5727"
"20,2 : 0.5727"
"2,21 : 0.136"
"21,2 : 0.136"
"2,22 : 0.3536"
"22,2 : 0.3536"
"2,23 : 0.8201"
"23,2 : 0.8201"
"2,24 : 0.8382"
"24,2 : 0.8382"
"2,25 : 0.4159"
"25,2 : 0.4159"
"2,26 : 0.7962"
"26,2 : 0.7962"
"2,27 : 0.2267"
"27,2 : 0.2267"
"2,28 : 0.6075"
"28,2 : 0.6075"
"2,29 : 0.4368"
"29,2 : 0.4368"
"2,30 : 0.3257"
"30,2 : 0.3257"
"2,31 : 0.7038"
"31,2 : 0.7038"
"2,32 : 0.8297"
"32,2 : 0.8297"
"2,33 : 0.0566"
"33,2 : 0.0566"
"2,34 : 0.735"
"34,2 : 0.735"
"2,35 : 0.7961"
"35,2 : 0.7961"
"2,36 : 0.3847"
"36,2 : 0.3847"
"2,37 : 0.6389"
"37,2 : 0.6389"
"2,38 : 0.3401"
"38,2 : 0.3401"
"2,39 : 0.5109"
"39,2 : 0.5109"
"2,40 : 0.772"
"40,2 : 0.772"
"2,41 : 0.5894"
"41,2 : 0.5894"
"2,42 : 0.5457"
"42,2 : 0.5457"
"2,43 : 0.514"
"43,2 : 0.514"
"2,44 : 0.3453"
"44,2 : 0.3453"
"2,45 : 0.4219"
"45,2 : 0.4219"
"2,46 : 0.8647"
"46,2 : 0.8647"
"2,47 : 0.5826"
"47,2 : 0.5826"
"2,48 : 0.4934"
"48,2 : 0.4934"
"2,49 : 0.8477"
"49,2 : 0.8477"
"3,4 : 0.9055"
"4,3 : 0.9055"
"3,5 : 1.0582"
"5,3 : 1.0582"
"3,6 : 0.7852"
"6,3 : 0.7852"
"3,7 : 0.5315"
"7,3 : 0.5315"
"3,8 : 1.1528"
"8,3 : 1.1528"
"3,9 : 0.9"
"9,3 : 0.9"
"3,10 : 0.9643"
"10,3 : 0.9643"
"3,11 : 1.2731"
"11,3 : 1.2731"
"3,12 : 0.8742"
"12,3 : 0.8742"
"3,13 : 0.9101"
"13,3 : 0.9101"
"3,14 : 0.9742"
"14,3 : 0.9742"
"3,15 : 0.2983"
"15,3 : 0.2983"
"3,16 : 0.286"
"16,3 : 0.286"
"3,17 : 0.6303"
"17,3 : 0.6303"
"3,18 : 0.1603"
"18,3 : 0.1603"
"3,19 : 0.9602"
"19,3 : 0.9602"
"3,20 : 0.6294"
"20,3 : 0.6294"
"3,21 : 0.3578"
"21,3 : 0.3578"
"3,22 : 0.1526"
"22,3 : 0.1526"
"3,23 : 1.0018"
"23,3 : 1.0018"
"3,24 : 1.1229"
"24,3 : 1.1229"
"3,25 : 0.7661"
"25,3 : 0.7661"
"3,26 : 1.0429"
"26,3 : 1.0429"
"3,27 : 0.6316"
"27,3 : 0.6316"
"3,28 : 0.9621"
"28,3 : 0.9621"
"3,29 : 0.2002"
"29,3 : 0.2002"
"3,30 : 0.1217"
"30,3 : 0.1217"
"3,31 : 1.0114"
"31,3 : 1.0114"
"3,32 : 0.9047"
"32,3 : 0.9047"
"3,33 : 0.392"
"33,3 : 0.392"
"3,34 : 0.8257"
"34,3 : 0.8257"
"3,35 : 1.1172"
"35,3 : 1.1172"
"3,36 : 0.8127"
"36,3 : 0.8127"
"3,37 : 1.0151"
"37,3 : 1.0151"
"3,38 : 0.1273"
"38,3 : 0.1273"
"3,39 : 0.4119"
"39,3 : 0.4119"
"3,40 : 0.8465"
"40,3 : 0.8465"
"3,41 : 0.7077"
"41,3 : 0.7077"
"3,42 : 0.8281"
"42,3 : 0.8281"
"3,43 : 0.5045"
"43,3 : 0.5045"
"3,44 : 0.6454"
"44,3 : 0.6454"
"3,45 : 0.3081"
"45,3 : 0.3081"
"3,46 : 1.0742"
"46,3 : 1.0742"
"3,47 : 0.9884"
"47,3 : 0.9884"
"3,48 : 0.2335"
"48,3 : 0.2335"
"3,49 : 1.12"
"49,3 : 1.12"
"4,5 : 0.8864"
"5,4 : 0.8864"
"4,6 : 0.592"
"6,4 : 0.592"
"4,7 : 0.3801"
"7,4 : 0.3801"
"4,8 : 0.7035"
"8,4 : 0.7035"
"4,9 : 1.2042"
"9,4 : 1.2042"
"4,10 : 0.5566"
"10,4 : 0.5566"
"4,11 : 0.8202"
"11,4 : 0.8202"
"4,12 : 0.724"
"12,4 : 0.724"
"4,13 : 1.2034"
"13,4 : 1.2034"
"4,14 : 0.7649"
"14,4 : 0.7649"
"4,15 : 0.6107"
"15,4 : 0.6107"
"4,16 : 0.6736"
"16,4 : 0.6736"
"4,17 : 0.2955"
"17,4 : 0.2955"
"4,18 : 0.7481"
"18,4 : 0.7481"
"4,19 : 0.1342"
"19,4 : 0.1342"
"4,20 : 0.3132"
"20,4 : 0.3132"
"4,21 : 0.772"
"21,4 : 0.772"
"4,22 : 0.7703"
"22,4 : 0.7703"
"4,23 : 0.34"
"23,4 : 0.34"
"4,24 : 0.6107"
"24,4 : 0.6107"
"4,25 : 0.6877"
"25,4 : 0.6877"
"4,26 : 0.4916"
"26,4 : 0.4916"
"4,27 : 0.808"
"27,4 : 0.808"
"4,28 : 0.7292"
"28,4 : 0.7292"
"4,29 : 0.7058"
"29,4 : 0.7058"
"4,30 : 0.9202"
"30,4 : 0.9202"
"4,31 : 0.6236"
"31,4 : 0.6236"
"4,32 : 0.1118"
"32,4 : 0.1118"
"4,33 : 0.9076"
"33,4 : 0.9076"
"4,34 : 0.178"
"34,4 : 0.178"
"4,35 : 0.6987"
"35,4 : 0.6987"
"4,36 : 0.9266"
"36,4 : 0.9266"
"4,37 : 0.8102"
"37,4 : 0.8102"
"4,38 : 0.8101"
"38,4 : 0.8101"
"4,39 : 0.4937"
"39,4 : 0.4937"
"4,40 : 0.136"
"40,4 : 0.136"
"4,41 : 0.3081"
"41,4 : 0.3081"
"4,42 : 0.5438"
"42,4 : 0.5438"
"4,43 : 0.4105"
"43,4 : 0.4105"
"4,44 : 0.6185"
"44,4 : 0.6185"
"4,45 : 0.6007"
"45,4 : 0.6007"
"4,46 : 0.4219"
"46,4 : 0.4219"
"4,47 : 0.9005"
"47,4 : 0.9005"
"4,48 : 0.6845"
"48,4 : 0.6845"
"4,49 : 0.5801"
"49,4 : 0.5801"
"5,6 : 0.34"
"6,5 : 0.34"
"5,7 : 0.8002"
"7,5 : 0.8002"
"5,8 : 0.3102"
"8,5 : 0.3102"
"5,9 : 0.5401"
"9,5 : 0.5401"
"5,10 : 0.3384"
"10,5 : 0.3384"
"5,11 : 0.3401"
"11,5 : 0.3401"
"5,12 : 0.2022"
"12,5 : 0.2022"
"5,13 : 0.53"
"13,5 : 0.53"
"5,14 : 0.1237"
"14,5 : 0.1237"
"5,15 : 0.8764"
"15,5 : 0.8764"
"5,16 : 0.8023"
"16,5 : 0.8023"
"5,17 : 0.9343"
"17,5 : 0.9343"
"5,18 : 0.9954"
"18,5 : 0.9954"
"5,19 : 1.0204"
"19,5 : 1.0204"
"5,20 : 0.7225"
"20,5 : 0.7225"
"5,21 : 0.7018"
"21,5 : 0.7018"
"5,22 : 0.9257"
"22,5 : 0.9257"
"5,23 : 0.592"
"23,5 : 0.592"
"5,24 : 0.3859"
"24,5 : 0.3859"
"5,25 : 0.3036"
"25,5 : 0.3036"
"5,26 : 0.4525"
"26,5 : 0.4525"
"5,27 : 0.4393"
"27,5 : 0.4393"
"5,28 : 0.1581"
"28,5 : 0.1581"
"5,29 : 0.9621"
"29,5 : 0.9621"
"5,30 : 0.9683"
"30,5 : 0.9683"
"5,31 : 0.2832"
"31,5 : 0.2832"
"5,32 : 0.7782"
"32,5 : 0.7782"
"5,33 : 0.7214"
"33,5 : 0.7214"
"5,34 : 0.7151"
"34,5 : 0.7151"
"5,35 : 0.2773"
"35,5 : 0.2773"
"5,36 : 0.313"
"36,5 : 0.313"
"5,37 : 0.0762"
"37,5 : 0.0762"
"5,38 : 0.9354"
"38,5 : 0.9354"
"5,39 : 0.8797"
"39,5 : 0.8797"
"5,40 : 0.7539"
"40,5 : 0.7539"
"5,41 : 0.6395"
"41,5 : 0.6395"
"5,42 : 0.3569"
"42,5 : 0.3569"
"5,43 : 0.7916"
"43,5 : 0.7916"
"5,44 : 0.4368"
"44,5 : 0.4368"
"5,45 : 0.8736"
"45,5 : 0.8736"
"5,46 : 0.5587"
"46,5 : 0.5587"
"5,47 : 0.0949"
"47,5 : 0.0949"
"5,48 : 0.9993"
"48,5 : 0.9993"
"5,49 : 0.4188"
"49,5 : 0.4188"
"6,7 : 0.4604"
"7,6 : 0.4604"
"6,8 : 0.3701"
"8,6 : 0.3701"
"6,9 : 0.6329"
"9,6 : 0.6329"
"6,10 : 0.1992"
"10,6 : 0.1992"
"6,11 : 0.488"
"11,6 : 0.488"
"6,12 : 0.1432"
"12,6 : 0.1432"
"6,13 : 0.6297"
"13,6 : 0.6297"
"6,14 : 0.222"
"14,6 : 0.222"
"6,15 : 0.559"
"15,6 : 0.559"
"6,16 : 0.5061"
"16,6 : 0.5061"
"6,17 : 0.5968"
"17,6 : 0.5968"
"6,18 : 0.6934"
"18,6 : 0.6934"
"6,19 : 0.7242"
"19,6 : 0.7242"
"6,20 : 0.3847"
"20,6 : 0.3847"
"6,21 : 0.4549"
"21,6 : 0.4549"
"6,22 : 0.6389"
"22,6 : 0.6389"
"6,23 : 0.3828"
"23,6 : 0.3828"
"6,24 : 0.3585"
"24,6 : 0.3585"
"6,25 : 0.103"
"25,6 : 0.103"
"6,26 : 0.3206"
"26,6 : 0.3206"
"6,27 : 0.2902"
"27,6 : 0.2902"
"6,28 : 0.1965"
"28,6 : 0.1965"
"6,29 : 0.6551"
"29,6 : 0.6551"
"6,30 : 0.7184"
"30,6 : 0.7184"
"6,31 : 0.2302"
"31,6 : 0.2302"
"6,32 : 0.4952"
"32,6 : 0.4952"
"6,33 : 0.5314"
"33,6 : 0.5314"
"6,34 : 0.414"
"34,6 : 0.414"
"6,35 : 0.333"
"35,6 : 0.333"
"6,36 : 0.3441"
"36,6 : 0.3441"
"6,37 : 0.2717"
"37,6 : 0.2717"
"6,38 : 0.658"
"38,6 : 0.658"
"6,39 : 0.5457"
"39,6 : 0.5457"
"6,40 : 0.4561"
"40,6 : 0.4561"
"6,41 : 0.3102"
"41,6 : 0.3102"
"6,42 : 0.0707"
"42,6 : 0.0707"
"6,43 : 0.4528"
"43,6 : 0.4528"
"6,44 : 0.1442"
"44,6 : 0.1442"
"6,45 : 0.5546"
"45,6 : 0.5546"
"6,46 : 0.4031"
"46,6 : 0.4031"
"6,47 : 0.3228"
"47,6 : 0.3228"
"6,48 : 0.6843"
"48,6 : 0.6843"
"6,49 : 0.3669"
"49,6 : 0.3669"
"7,8 : 0.7564"
"8,7 : 0.7564"
"7,9 : 0.9458"
"9,7 : 0.9458"
"7,10 : 0.5608"
"10,7 : 0.5608"
"7,11 : 0.8864"
"11,7 : 0.8864"
"7,12 : 0.6001"
"12,7 : 0.6001"
"7,13 : 0.9487"
"13,7 : 0.9487"
"7,14 : 0.6818"
"14,7 : 0.6818"
"7,15 : 0.2335"
"15,7 : 0.2335"
"7,16 : 0.2961"
"16,7 : 0.2961"
"7,17 : 0.1703"
"17,7 : 0.1703"
"7,18 : 0.3795"
"18,7 : 0.3795"
"7,19 : 0.4588"
"19,7 : 0.4588"
"7,20 : 0.1131"
"20,7 : 0.1131"
"7,21 : 0.4168"
"21,7 : 0.4168"
"7,22 : 0.3912"
"22,7 : 0.3912"
"7,23 : 0.5033"
"23,7 : 0.5033"
"7,24 : 0.6946"
"24,7 : 0.6946"
"7,25 : 0.5148"
"25,7 : 0.5148"
"7,26 : 0.5882"
"26,7 : 0.5882"
"7,27 : 0.542"
"27,7 : 0.542"
"7,28 : 0.6538"
"28,7 : 0.6538"
"7,29 : 0.3353"
"29,7 : 0.3353"
"7,30 : 0.5401"
"30,7 : 0.5401"
"7,31 : 0.6263"
"31,7 : 0.6263"
"7,32 : 0.3736"
"32,7 : 0.3736"
"7,33 : 0.5557"
"33,7 : 0.5557"
"7,34 : 0.2997"
"34,7 : 0.2997"
"7,35 : 0.7316"
"35,7 : 0.7316"
"7,36 : 0.7094"
"36,7 : 0.7094"
"7,37 : 0.7317"
"37,7 : 0.7317"
"7,38 : 0.4305"
"38,7 : 0.4305"
"7,39 : 0.1304"
"39,7 : 0.1304"
"7,40 : 0.3162"
"40,7 : 0.3162"
"7,41 : 0.214"
"41,7 : 0.214"
"7,42 : 0.4589"
"42,7 : 0.4589"
"7,43 : 0.0316"
"43,7 : 0.0316"
"7,44 : 0.3929"
"44,7 : 0.3929"
"7,45 : 0.2236"
"45,7 : 0.2236"
"7,46 : 0.5869"
"46,7 : 0.5869"
"7,47 : 0.7732"
"47,7 : 0.7732"
"7,48 : 0.3265"
"48,7 : 0.3265"
"7,49 : 0.6796"
"49,7 : 0.6796"
"8,9 : 0.836"
"9,8 : 0.836"
"8,10 : 0.1972"
"10,8 : 0.1972"
"8,11 : 0.13"
"11,8 : 0.13"
"8,12 : 0.3324"
"12,8 : 0.3324"
"8,13 : 0.8273"
"13,8 : 0.8273"
"8,14 : 0.2602"
"14,8 : 0.2602"
"8,15 : 0.908"
"15,8 : 0.908"
"8,16 : 0.87"
"16,8 : 0.87"
"8,17 : 0.844"
"17,8 : 0.844"
"8,18 : 1.0512"
"18,8 : 1.0512"
"8,19 : 0.8302"
"19,8 : 0.8302"
"8,20 : 0.6519"
"20,8 : 0.6519"
"8,21 : 0.8242"
"21,8 : 0.8242"
"8,22 : 1.0042"
"22,8 : 1.0042"
"8,23 : 0.3667"
"23,8 : 0.3667"
"8,24 : 0.0985"
"24,8 : 0.0985"
"8,25 : 0.4205"
"25,8 : 0.4205"
"8,26 : 0.2121"
"26,8 : 0.2121"
"8,27 : 0.6203"
"27,8 : 0.6203"
"8,28 : 0.2433"
"28,8 : 0.2433"
"8,29 : 1.0104"
"29,8 : 1.0104"
"8,30 : 1.0885"
"30,8 : 1.0885"
"8,31 : 0.1414"
"31,8 : 0.1414"
"8,32 : 0.5921"
"32,8 : 0.5921"
"8,33 : 0.8901"
"33,8 : 0.8901"
"8,34 : 0.5614"
"34,8 : 0.5614"
"8,35 : 0.0412"
"35,8 : 0.0412"
"8,36 : 0.5708"
"36,8 : 0.5708"
"8,37 : 0.2631"
"37,8 : 0.2631"
"8,38 : 1.0255"
"38,8 : 1.0255"
"8,39 : 0.8683"
"39,8 : 0.8683"
"8,40 : 0.5901"
"40,8 : 0.5901"
"8,41 : 0.5503"
"41,8 : 0.5503"
"8,42 : 0.3256"
"42,8 : 0.3256"
"8,43 : 0.7603"
"43,8 : 0.7603"
"8,44 : 0.514"
"44,8 : 0.514"
"8,45 : 0.9021"
"45,8 : 0.9021"
"8,46 : 0.3008"
"46,8 : 0.3008"
"8,47 : 0.3883"
"47,8 : 0.3883"
"8,48 : 1.0323"
"48,8 : 1.0323"
"8,49 : 0.1342"
"49,8 : 0.1342"
"9,10 : 0.7783"
"10,9 : 0.7783"
"9,11 : 0.8802"
"11,9 : 0.8802"
"9,12 : 0.5442"
"12,9 : 0.5442"
"9,13 : 0.0141"
"13,9 : 0.0141"
"9,14 : 0.5805"
"14,9 : 0.5805"
"9,15 : 0.8792"
"15,9 : 0.8792"
"9,16 : 0.7654"
"16,9 : 0.7654"
"9,17 : 1.115"
"17,9 : 1.115"
"9,18 : 0.924"
"18,9 : 0.924"
"9,19 : 1.3297"
"19,9 : 1.3297"
"9,20 : 0.9296"
"20,9 : 0.9296"
"9,21 : 0.6017"
"21,9 : 0.6017"
"9,22 : 0.8302"
"22,9 : 0.8302"
"9,23 : 1.0107"
"23,9 : 1.0107"
"9,24 : 0.8905"
"24,9 : 0.8905"
"9,25 : 0.53"
"25,9 : 0.53"
"9,26 : 0.9142"
"26,9 : 0.9142"
"9,27 : 0.4061"
"27,9 : 0.4061"
"9,28 : 0.6064"
"28,9 : 0.6064"
"9,29 : 0.9122"
"29,9 : 0.9122"
"9,30 : 0.7803"
"30,9 : 0.7803"
"9,31 : 0.7569"
"31,9 : 0.7569"
"9,32 : 1.1183"
"32,9 : 1.1183"
"9,33 : 0.5116"
"33,9 : 0.5116"
"9,34 : 1.0294"
"34,9 : 1.0294"
"9,35 : 0.7976"
"35,9 : 0.7976"
"9,36 : 0.2907"
"36,9 : 0.2907"
"9,37 : 0.5731"
"37,9 : 0.5731"
"9,38 : 0.815"
"38,9 : 0.815"
"9,39 : 0.9527"
"39,9 : 0.9527"
"9,40 : 1.0717"
"40,9 : 1.0717"
"9,41 : 0.8983"
"41,9 : 0.8983"
"9,42 : 0.6984"
"42,9 : 0.6984"
"9,43 : 0.9211"
"43,9 : 0.9211"
"9,44 : 0.5869"
"44,9 : 0.5869"
"9,45 : 0.8826"
"45,9 : 0.8826"
"9,46 : 1.0139"
"46,9 : 1.0139"
"9,47 : 0.4504"
"47,9 : 0.4504"
"9,48 : 0.9677"
"48,9 : 0.9677"
"9,49 : 0.9168"
"49,9 : 0.9168"
"10,11 : 0.3265"
"11,10 : 0.3265"
"10,12 : 0.2341"
"12,10 : 0.2341"
"10,13 : 0.7725"
"13,10 : 0.7725"
"10,14 : 0.2263"
"14,10 : 0.2263"
"10,15 : 0.7122"
"15,10 : 0.7122"
"10,16 : 0.6794"
"16,10 : 0.6794"
"10,17 : 0.6576"
"17,10 : 0.6576"
"10,18 : 0.857"
"18,10 : 0.857"
"10,19 : 0.6895"
"19,10 : 0.6895"
"10,20 : 0.4588"
"20,10 : 0.4588"
"10,21 : 0.6488"
"21,10 : 0.6488"
"10,22 : 0.8139"
"22,10 : 0.8139"
"10,23 : 0.255"
"23,10 : 0.255"
"10,24 : 0.1612"
"24,10 : 0.1612"
"10,25 : 0.2802"
"25,10 : 0.2802"
"10,26 : 0.136"
"26,10 : 0.136"
"10,27 : 0.4826"
"27,10 : 0.4826"
"10,28 : 0.191"
"28,10 : 0.191"
"10,29 : 0.8157"
"29,10 : 0.8157"
"10,30 : 0.907"
"30,10 : 0.907"
"10,31 : 0.07"
"31,10 : 0.07"
"10,32 : 0.446"
"32,10 : 0.446"
"10,33 : 0.7305"
"33,10 : 0.7305"
"10,34 : 0.3946"
"34,10 : 0.3946"
"10,35 : 0.1709"
"35,10 : 0.1709"
"10,36 : 0.4904"
"36,10 : 0.4904"
"10,37 : 0.264"
"37,10 : 0.264"
"10,38 : 0.8374"
"38,10 : 0.8374"
"10,39 : 0.6712"
"39,10 : 0.6712"
"10,40 : 0.4295"
"40,10 : 0.4295"
"10,41 : 0.359"
"41,10 : 0.359"
"10,42 : 0.1389"
"42,10 : 0.1389"
"10,43 : 0.5636"
"43,10 : 0.5636"
"10,44 : 0.3401"
"44,10 : 0.3401"
"10,45 : 0.706"
"45,10 : 0.706"
"10,46 : 0.2371"
"46,10 : 0.2371"
"10,47 : 0.3754"
"47,10 : 0.3754"
"10,48 : 0.836"
"48,10 : 0.836"
"10,49 : 0.1676"
"49,10 : 0.1676"
"11,12 : 0.4254"
"12,11 : 0.4254"
"11,13 : 0.8701"
"13,11 : 0.8701"
"11,14 : 0.3362"
"14,11 : 0.3362"
"11,15 : 1.0347"
"15,11 : 1.0347"
"11,16 : 0.9925"
"16,11 : 0.9925"
"11,17 : 0.9727"
"17,11 : 0.9727"
"11,18 : 1.1761"
"18,11 : 1.1761"
"11,19 : 0.9434"
"19,11 : 0.9434"
"11,20 : 0.7819"
"20,11 : 0.7819"
"11,21 : 0.9372"
"21,11 : 0.9372"
"11,22 : 1.1261"
"22,11 : 1.1261"
"11,23 : 0.4804"
"23,11 : 0.4804"
"11,24 : 0.2102"
"24,11 : 0.2102"
"11,25 : 0.5243"
"25,11 : 0.5243"
"11,26 : 0.3306"
"26,11 : 0.3306"
"11,27 : 0.7159"
"27,11 : 0.7159"
"11,28 : 0.3312"
"28,11 : 0.3312"
"11,29 : 1.136"
"29,11 : 1.136"
"11,30 : 1.2042"
"30,11 : 1.2042"
"11,31 : 0.2663"
"31,11 : 0.2663"
"11,32 : 0.71"
"32,11 : 0.71"
"11,33 : 0.9932"
"33,11 : 0.9932"
"11,34 : 0.6859"
"34,11 : 0.6859"
"11,35 : 0.1581"
"35,11 : 0.1581"
"11,36 : 0.6379"
"36,11 : 0.6379"
"11,37 : 0.3202"
"37,11 : 0.3202"
"11,38 : 1.1459"
"38,11 : 1.1459"
"11,39 : 0.9976"
"39,11 : 0.9976"
"11,40 : 0.7125"
"40,11 : 0.7125"
"11,41 : 0.6801"
"41,11 : 0.6801"
"11,42 : 0.45"
"42,11 : 0.45"
"11,43 : 0.89"
"43,11 : 0.89"
"11,44 : 0.6297"
"44,11 : 0.6297"
"11,45 : 1.029"
"45,11 : 1.029"
"11,46 : 0.4045"
"46,11 : 0.4045"
"11,47 : 0.4319"
"47,11 : 0.4319"
"11,48 : 1.1594"
"48,11 : 1.1594"
"11,49 : 0.2402"
"49,11 : 0.2402"
"12,13 : 0.5385"
"13,12 : 0.5385"
"12,14 : 0.1"
"14,12 : 0.1"
"12,15 : 0.6768"
"15,12 : 0.6768"
"12,16 : 0.6083"
"16,12 : 0.6083"
"12,17 : 0.7398"
"17,12 : 0.7398"
"12,18 : 0.8006"
"18,12 : 0.8006"
"12,19 : 0.8576"
"19,12 : 0.8576"
"12,20 : 0.5277"
"20,12 : 0.5277"
"12,21 : 0.524"
"21,12 : 0.524"
"12,22 : 0.7357"
"22,12 : 0.7357"
"12,23 : 0.4743"
"23,12 : 0.4743"
"12,24 : 0.36"
"24,12 : 0.36"
"12,25 : 0.1082"
"25,12 : 0.1082"
"12,26 : 0.37"
"26,12 : 0.37"
"12,27 : 0.2907"
"27,12 : 0.2907"
"12,28 : 0.0943"
"28,12 : 0.0943"
"12,29 : 0.7656"
"29,12 : 0.7656"
"12,30 : 0.7931"
"30,12 : 0.7931"
"12,31 : 0.2202"
"31,12 : 0.2202"
"12,32 : 0.622"
"32,12 : 0.622"
"12,33 : 0.5686"
"33,12 : 0.5686"
"12,34 : 0.5471"
"34,12 : 0.5471"
"12,35 : 0.2912"
"35,12 : 0.2912"
"12,36 : 0.2571"
"36,12 : 0.2571"
"12,37 : 0.1432"
"37,12 : 0.1432"
"12,38 : 0.7489"
"38,12 : 0.7489"
"12,39 : 0.6774"
"39,12 : 0.6774"
"12,40 : 0.5883"
"40,12 : 0.5883"
"12,41 : 0.4522"
"41,12 : 0.4522"
"12,42 : 0.1803"
"42,12 : 0.1803"
"12,43 : 0.5903"
"43,12 : 0.5903"
"12,44 : 0.2377"
"44,12 : 0.2377"
"12,45 : 0.6736"
"45,12 : 0.6736"
"12,46 : 0.4701"
"46,12 : 0.4701"
"12,47 : 0.1803"
"47,12 : 0.1803"
"12,48 : 0.8006"
"48,12 : 0.8006"
"12,49 : 0.3812"
"49,12 : 0.3812"
"13,14 : 0.5727"
"14,13 : 0.5727"
"13,15 : 0.8854"
"15,13 : 0.8854"
"13,16 : 0.772"
"16,13 : 0.772"
"13,17 : 1.1177"
"17,13 : 1.1177"
"13,18 : 0.9321"
"18,13 : 0.9321"
"13,19 : 1.3294"
"19,13 : 1.3294"
"13,20 : 0.9309"
"20,13 : 0.9309"
"13,21 : 0.6088"
"21,13 : 0.6088"
"13,22 : 0.8386"
"22,13 : 0.8386"
"13,23 : 1.0065"
"23,13 : 1.0065"
"13,24 : 0.8829"
"24,13 : 0.8829"
"13,25 : 0.527"
"25,13 : 0.527"
"13,26 : 0.9082"
"26,13 : 0.9082"
"13,27 : 0.408"
"27,13 : 0.408"
"13,28 : 0.5991"
"28,13 : 0.5991"
"13,29 : 0.9198"
"29,13 : 0.9198"
"13,30 : 0.7906"
"30,13 : 0.7906"
"13,31 : 0.75"
"31,13 : 0.75"
"13,32 : 1.1166"
"32,13 : 1.1166"
"13,33 : 0.5209"
"33,13 : 0.5209"
"13,34 : 1.0283"
"34,13 : 1.0283"
"13,35 : 0.7892"
"35,13 : 0.7892"
"13,36 : 0.2865"
"36,13 : 0.2865"
"13,37 : 0.5644"
"37,13 : 0.5644"
"13,38 : 0.8239"
"38,13 : 0.8239"
"13,39 : 0.9575"
"39,13 : 0.9575"
"13,40 : 1.0706"
"40,13 : 1.0706"
"13,41 : 0.8981"
"41,13 : 0.8981"
"13,42 : 0.6946"
"42,13 : 0.6946"
"13,43 : 0.9244"
"43,13 : 0.9244"
"13,44 : 0.5869"
"44,13 : 0.5869"
"13,45 : 0.8887"
"45,13 : 0.8887"
"13,46 : 1.0085"
"46,13 : 1.0085"
"13,47 : 0.441"
"47,13 : 0.441"
"13,48 : 0.9751"
"48,13 : 0.9751"
"13,49 : 0.9096"
"49,13 : 0.9096"
"14,15 : 0.7725"
"15,14 : 0.7725"
"14,16 : 0.7071"
"16,14 : 0.7071"
"14,17 : 0.8122"
"17,14 : 0.8122"
"14,18 : 0.8989"
"18,14 : 0.8989"
"14,19 : 0.899"
"19,14 : 0.899"
"14,20 : 0.6007"
"20,14 : 0.6007"
"14,21 : 0.6237"
"21,14 : 0.6237"
"14,22 : 0.8353"
"22,14 : 0.8353"
"14,23 : 0.481"
"23,14 : 0.481"
"14,24 : 0.3105"
"24,14 : 0.3105"
"14,25 : 0.2081"
"25,14 : 0.2081"
"14,26 : 0.3523"
"26,14 : 0.3523"
"14,27 : 0.3828"
"27,14 : 0.3828"
"14,28 : 0.0361"
"28,14 : 0.0361"
"14,29 : 0.8633"
"29,14 : 0.8633"
"14,30 : 0.8927"
"30,14 : 0.8927"
"14,31 : 0.1836"
"31,14 : 0.1836"
"14,32 : 0.6576"
"32,14 : 0.6576"
"14,33 : 0.664"
"33,14 : 0.664"
"14,34 : 0.5924"
"34,14 : 0.5924"
"14,35 : 0.22"
"35,14 : 0.22"
"14,36 : 0.3106"
"36,14 : 0.3106"
"14,37 : 0.05"
"37,14 : 0.05"
"14,38 : 0.8488"
"38,14 : 0.8488"
"14,39 : 0.7669"
"39,14 : 0.7669"
"14,40 : 0.6316"
"40,14 : 0.6316"
"14,41 : 0.5162"
"41,14 : 0.5162"
"14,42 : 0.2335"
"42,14 : 0.2335"
"14,43 : 0.6748"
"43,14 : 0.6748"
"14,44 : 0.3354"
"44,14 : 0.3354"
"14,45 : 0.769"
"45,14 : 0.769"
"14,46 : 0.458"
"46,14 : 0.458"
"14,47 : 0.15"
"47,14 : 0.15"
"14,48 : 0.8969"
"48,14 : 0.8969"
"14,49 : 0.3384"
"49,14 : 0.3384"
"15,16 : 0.1166"
"16,15 : 0.1166"
"15,17 : 0.3517"
"17,15 : 0.3517"
"15,18 : 0.1526"
"18,15 : 0.1526"
"15,19 : 0.676"
"19,15 : 0.676"
"15,20 : 0.3324"
"20,15 : 0.3324"
"15,21 : 0.2818"
"21,15 : 0.2818"
"15,22 : 0.1603"
"22,15 : 0.1603"
"15,23 : 0.7134"
"23,15 : 0.7134"
"15,24 : 0.8637"
"24,15 : 0.8637"
"15,25 : 0.5728"
"25,15 : 0.5728"
"15,26 : 0.7716"
"26,15 : 0.7716"
"15,27 : 0.5116"
"27,15 : 0.5116"
"15,28 : 0.7524"
"28,15 : 0.7524"
"15,29 : 0.1082"
"29,15 : 0.1082"
"15,30 : 0.314"
"30,15 : 0.314"
"15,31 : 0.7684"
"31,15 : 0.7684"
"15,32 : 0.6064"
"32,15 : 0.6064"
"15,33 : 0.4061"
"33,15 : 0.4061"
"15,34 : 0.5281"
"34,15 : 0.5281"
"15,35 : 0.8766"
"35,15 : 0.8766"
"15,36 : 0.7006"
"36,15 : 0.7006"
"15,37 : 0.8193"
"37,15 : 0.8193"
"15,38 : 0.201"
"38,15 : 0.201"
"15,39 : 0.1237"
"39,15 : 0.1237"
"15,40 : 0.5482"
"40,15 : 0.5482"
"15,41 : 0.4168"
"41,15 : 0.4168"
"15,42 : 0.5852"
"42,15 : 0.5852"
"15,43 : 0.2062"
"43,15 : 0.2062"
"15,44 : 0.4397"
"44,15 : 0.4397"
"15,45 : 0.01"
"45,15 : 0.01"
"15,46 : 0.7906"
"46,15 : 0.7906"
"15,47 : 0.8257"
"47,15 : 0.8257"
"15,48 : 0.1253"
"48,15 : 0.1253"
"15,49 : 0.8556"
"49,15 : 0.8556"
"16,17 : 0.4428"
"17,16 : 0.4428"
"16,18 : 0.1931"
"18,16 : 0.1931"
"16,19 : 0.7543"
"19,16 : 0.7543"
"16,20 : 0.3705"
"20,16 : 0.3705"
"16,21 : 0.1655"
"21,16 : 0.1655"
"16,22 : 0.1345"
"22,16 : 0.1345"
"16,23 : 0.7224"
"23,16 : 0.7224"
"16,24 : 0.8374"
"24,16 : 0.8374"
"16,25 : 0.5009"
"25,16 : 0.5009"
"16,26 : 0.7572"
"26,16 : 0.7572"
"16,27 : 0.4105"
"27,16 : 0.4105"
"16,28 : 0.6912"
"28,16 : 0.6912"
"16,29 : 0.1628"
"29,16 : 0.1628"
"16,30 : 0.255"
"30,16 : 0.255"
"16,31 : 0.7286"
"31,16 : 0.7286"
"16,32 : 0.6512"
"32,16 : 0.6512"
"16,33 : 0.2907"
"33,16 : 0.2907"
"16,34 : 0.5644"
"34,16 : 0.5644"
"16,35 : 0.8355"
"35,16 : 0.8355"
"16,36 : 0.6007"
"36,16 : 0.6007"
"16,37 : 0.7513"
"37,16 : 0.7513"
"16,38 : 0.1612"
"38,16 : 0.1612"
"16,39 : 0.222"
"39,16 : 0.222"
"16,40 : 0.5914"
"40,16 : 0.5914"
"16,41 : 0.4342"
"41,16 : 0.4342"
"16,42 : 0.5445"
"42,16 : 0.5445"
"16,43 : 0.2648"
"43,16 : 0.2648"
"16,44 : 0.3722"
"44,16 : 0.3722"
"16,45 : 0.1221"
"45,16 : 0.1221"
"16,46 : 0.7916"
"46,16 : 0.7916"
"16,47 : 0.7433"
"47,16 : 0.7433"
"16,48 : 0.21"
"48,16 : 0.21"
"16,49 : 0.8341"
"49,16 : 0.8341"
"17,18 : 0.4701"
"18,17 : 0.4701"
"17,19 : 0.33"
"19,17 : 0.33"
"17,20 : 0.2121"
"20,17 : 0.2121"
"17,21 : 0.5801"
"21,17 : 0.5801"
"17,22 : 0.5099"
"22,17 : 0.5099"
"17,23 : 0.5334"
"23,17 : 0.5334"
"17,24 : 0.7684"
"24,17 : 0.7684"
"17,25 : 0.6648"
"25,17 : 0.6648"
"17,26 : 0.6519"
"26,17 : 0.6519"
"17,27 : 0.7102"
"27,17 : 0.7102"
"17,28 : 0.781"
"28,17 : 0.781"
"17,29 : 0.431"
"29,17 : 0.431"
"17,30 : 0.6649"
"30,17 : 0.6649"
"17,31 : 0.7269"
"31,17 : 0.7269"
"17,32 : 0.3397"
"32,17 : 0.3397"
"17,33 : 0.7185"
"33,17 : 0.7185"
"17,34 : 0.3053"
"34,17 : 0.3053"
"17,35 : 0.8257"
"35,17 : 0.8257"
"17,36 : 0.8724"
"36,17 : 0.8724"
"17,37 : 0.8621"
"37,17 : 0.8621"
"17,38 : 0.5511"
"38,17 : 0.5511"
"17,39 : 0.228"
"39,17 : 0.228"
"17,40 : 0.2983"
"40,17 : 0.2983"
"17,41 : 0.3007"
"41,17 : 0.3007"
"17,42 : 0.5803"
"42,17 : 0.5803"
"17,43 : 0.198"
"43,17 : 0.198"
"17,44 : 0.5515"
"44,17 : 0.5515"
"17,45 : 0.3421"
"45,17 : 0.3421"
"17,46 : 0.6227"
"46,17 : 0.6227"
"17,47 : 0.9178"
"47,17 : 0.9178"
"17,48 : 0.4005"
"48,17 : 0.4005"
"17,49 : 0.7467"
"49,17 : 0.7467"
"18,19 : 0.8001"
"19,18 : 0.8001"
"18,20 : 0.4833"
"20,18 : 0.4833"
"18,21 : 0.33"
"21,18 : 0.33"
"18,22 : 0.0949"
"22,18 : 0.0949"
"18,23 : 0.8661"
"23,18 : 0.8661"
"18,24 : 1.0112"
"24,18 : 1.0112"
"18,25 : 0.6935"
"25,18 : 0.6935"
"18,26 : 0.922"
"26,18 : 0.922"
"18,27 : 0.5968"
"27,18 : 0.5968"
"18,28 : 0.8819"
"28,18 : 0.8819"
"18,29 : 0.0447"
"29,18 : 0.0447"
"18,30 : 0.222"
"30,18 : 0.222"
"18,31 : 0.9105"
"31,18 : 0.9105"
"18,32 : 0.7529"
"32,18 : 0.7529"
"18,33 : 0.4176"
"33,18 : 0.4176"
"18,34 : 0.6778"
"34,18 : 0.6778"
"18,35 : 1.0183"
"35,18 : 1.0183"
"18,36 : 0.7864"
"36,18 : 0.7864"
"18,37 : 0.9437"
"37,18 : 0.9437"
"18,38 : 0.1221"
"38,18 : 0.1221"
"18,39 : 0.255"
"39,18 : 0.255"
"18,40 : 0.6957"
"40,18 : 0.6957"
"18,41 : 0.5694"
"41,18 : 0.5694"
"18,42 : 0.7262"
"42,18 : 0.7262"
"18,43 : 0.3547"
"43,18 : 0.3547"
"18,44 : 0.5636"
"44,18 : 0.5636"
"18,45 : 0.1612"
"45,18 : 0.1612"
"18,46 : 0.943"
"46,18 : 0.943"
"18,47 : 0.9361"
"47,18 : 0.9361"
"18,48 : 0.0762"
"48,18 : 0.0762"
"18,49 : 1.0045"
"49,18 : 1.0045"
"19,20 : 0.4168"
"20,19 : 0.4168"
"19,21 : 0.8693"
"21,19 : 0.8693"
"19,22 : 0.836"
"22,19 : 0.836"
"19,23 : 0.4639"
"23,19 : 0.4639"
"19,24 : 0.7355"
"24,19 : 0.7355"
"19,25 : 0.8184"
"25,19 : 0.8184"
"19,26 : 0.6181"
"26,19 : 0.6181"
"19,27 : 0.9296"
"27,19 : 0.9296"
"19,28 : 0.8633"
"28,19 : 0.8633"
"19,29 : 0.7606"
"29,19 : 0.7606"
"19,30 : 0.9899"
"30,19 : 0.9899"
"19,31 : 0.7558"
"31,19 : 0.7558"
"19,32 : 0.2435"
"32,19 : 0.2435"
"19,33 : 1.0072"
"33,19 : 1.0072"
"19,34 : 0.3106"
"34,19 : 0.3106"
"19,35 : 0.8276"
"35,19 : 0.8276"
"19,36 : 1.0555"
"36,19 : 1.0555"
"19,37 : 0.9443"
"37,19 : 0.9443"
"19,38 : 0.8769"
"38,19 : 0.8769"
"19,39 : 0.5533"
"39,19 : 0.5533"
"19,40 : 0.2693"
"40,19 : 0.2693"
"19,41 : 0.4314"
"41,19 : 0.4314"
"19,42 : 0.6774"
"42,19 : 0.6774"
"19,43 : 0.4904"
"43,19 : 0.4904"
"19,44 : 0.7428"
"44,19 : 0.7428"
"19,45 : 0.6661"
"45,19 : 0.6661"
"19,46 : 0.5404"
"46,19 : 0.5404"
"19,47 : 1.0345"
"47,19 : 1.0345"
"19,48 : 0.7303"
"48,19 : 0.7303"
"19,49 : 0.7035"
"49,19 : 0.7035"
"20,21 : 0.4588"
"21,20 : 0.4588"
"20,22 : 0.4827"
"22,20 : 0.4827"
"20,23 : 0.3905"
"23,20 : 0.3905"
"20,24 : 0.5859"
"24,20 : 0.5859"
"20,25 : 0.4554"
"25,20 : 0.4554"
"20,26 : 0.4771"
"26,20 : 0.4771"
"20,27 : 0.524"
"27,20 : 0.524"
"20,28 : 0.5701"
"28,20 : 0.5701"
"20,29 : 0.4386"
"29,20 : 0.4386"
"20,30 : 0.6239"
"30,20 : 0.6239"
"20,31 : 0.5263"
"31,20 : 0.5263"
"20,32 : 0.2807"
"32,20 : 0.2807"
"20,33 : 0.5946"
"33,20 : 0.5946"
"20,34 : 0.1965"
"34,20 : 0.1965"
"20,35 : 0.6294"
"35,20 : 0.6294"
"20,36 : 0.6723"
"36,20 : 0.6723"
"20,37 : 0.6507"
"37,20 : 0.6507"
"20,38 : 0.5197"
"38,20 : 0.5197"
"20,39 : 0.2421"
"39,20 : 0.2421"
"20,40 : 0.2209"
"40,20 : 0.2209"
"20,41 : 0.103"
"41,20 : 0.103"
"20,42 : 0.3701"
"42,20 : 0.3701"
"20,43 : 0.1304"
"43,20 : 0.1304"
"20,44 : 0.3499"
"44,20 : 0.3499"
"20,45 : 0.3231"
"45,20 : 0.3231"
"20,46 : 0.4738"
"46,20 : 0.4738"
"20,47 : 0.7061"
"47,20 : 0.7061"
"20,48 : 0.4357"
"48,20 : 0.4357"
"20,49 : 0.5694"
"49,20 : 0.5694"
"21,22 : 0.2419"
"22,21 : 0.2419"
"21,23 : 0.7497"
"23,21 : 0.7497"
"21,24 : 0.8101"
"24,21 : 0.8101"
"21,25 : 0.4173"
"25,21 : 0.4173"
"21,26 : 0.7503"
"26,21 : 0.7503"
"21,27 : 0.2751"
"27,21 : 0.2751"
"21,28 : 0.6152"
"28,21 : 0.6152"
"21,29 : 0.3126"
"29,21 : 0.3126"
"21,30 : 0.2691"
"30,21 : 0.2691"
"21,31 : 0.6851"
"31,21 : 0.6851"
"21,32 : 0.7284"
"32,21 : 0.7284"
"21,33 : 0.1389"
"33,21 : 0.1389"
"21,34 : 0.6351"
"34,21 : 0.6351"
"21,35 : 0.786"
"35,21 : 0.786"
"21,36 : 0.461"
"36,21 : 0.461"
"21,37 : 0.6622"
"37,21 : 0.6622"
"21,38 : 0.2404"
"38,21 : 0.2404"
"21,39 : 0.3754"
"39,21 : 0.3754"
"21,40 : 0.6691"
"40,21 : 0.6691"
"21,41 : 0.4916"
"41,21 : 0.4916"
"21,42 : 0.51"
"42,21 : 0.51"
"21,43 : 0.3859"
"43,21 : 0.3859"
"21,44 : 0.3106"
"44,21 : 0.3106"
"21,45 : 0.2865"
"45,21 : 0.2865"
"21,46 : 0.8052"
"46,21 : 0.8052"
"21,47 : 0.6306"
"47,21 : 0.6306"
"21,48 : 0.3667"
"48,21 : 0.3667"
"21,49 : 0.8139"
"49,21 : 0.8139"
"22,23 : 0.85"
"23,22 : 0.85"
"22,24 : 0.9719"
"24,22 : 0.9719"
"22,25 : 0.6277"
"25,22 : 0.6277"
"22,26 : 0.8905"
"26,22 : 0.8905"
"22,27 : 0.5142"
"27,22 : 0.5142"
"22,28 : 0.821"
"28,22 : 0.821"
"22,29 : 0.099"
"29,22 : 0.099"
"22,30 : 0.1552"
"30,22 : 0.1552"
"22,31 : 0.8628"
"31,22 : 0.8628"
"22,32 : 0.7612"
"32,22 : 0.7612"
"22,33 : 0.3228"
"33,22 : 0.3228"
"22,34 : 0.6791"
"34,22 : 0.6791"
"22,35 : 0.9694"
"35,22 : 0.9694"
"22,36 : 0.7021"
"36,22 : 0.7021"
"22,37 : 0.8782"
"37,22 : 0.8782"
"22,38 : 0.0412"
"38,22 : 0.0412"
"22,39 : 0.2828"
"39,22 : 0.2828"
"22,40 : 0.7021"
"40,22 : 0.7021"
"22,41 : 0.5571"
"41,22 : 0.5571"
"22,42 : 0.6788"
"42,22 : 0.6788"
"22,43 : 0.3622"
"43,22 : 0.3622"
"22,44 : 0.5022"
"44,22 : 0.5022"
"22,45 : 0.1703"
"45,22 : 0.1703"
"22,46 : 0.9218"
"46,22 : 0.9218"
"22,47 : 0.8616"
"47,22 : 0.8616"
"22,48 : 0.1562"
"48,22 : 0.1562"
"22,49 : 0.9683"
"49,22 : 0.9683"
"23,24 : 0.2717"
"24,23 : 0.2717"
"23,25 : 0.4847"
"25,23 : 0.4847"
"23,26 : 0.1552"
"26,23 : 0.1552"
"23,27 : 0.6649"
"27,23 : 0.6649"
"23,28 : 0.4455"
"28,23 : 0.4455"
"23,29 : 0.8215"
"29,23 : 0.8215"
"23,30 : 0.9741"
"30,23 : 0.9741"
"23,31 : 0.3106"
"31,23 : 0.3106"
"23,32 : 0.2309"
"32,23 : 0.2309"
"23,33 : 0.8615"
"33,23 : 0.8615"
"23,34 : 0.2283"
"34,23 : 0.2283"
"23,35 : 0.3669"
"35,23 : 0.3669"
"23,36 : 0.7201"
"36,23 : 0.7201"
"23,37 : 0.5186"
"37,23 : 0.5186"
"23,38 : 0.8824"
"38,23 : 0.8824"
"23,39 : 0.6325"
"39,23 : 0.6325"
"23,40 : 0.2435"
"40,23 : 0.2435"
"23,41 : 0.2968"
"41,23 : 0.2968"
"23,42 : 0.3138"
"42,23 : 0.3138"
"23,43 : 0.5201"
"43,23 : 0.5201"
"23,44 : 0.4826"
"44,23 : 0.4826"
"23,45 : 0.7049"
"45,23 : 0.7049"
"23,46 : 0.0894"
"46,23 : 0.0894"
"23,47 : 0.6294"
"47,23 : 0.6294"
"23,48 : 0.8242"
"48,23 : 0.8242"
"23,49 : 0.2402"
"49,23 : 0.2402"
"24,25 : 0.4295"
"25,24 : 0.4295"
"24,26 : 0.1204"
"26,24 : 0.1204"
"24,27 : 0.6335"
"27,24 : 0.6335"
"24,28 : 0.2844"
"28,24 : 0.2844"
"24,29 : 0.969"
"29,24 : 0.969"
"24,30 : 1.0678"
"30,24 : 1.0678"
"24,31 : 0.1404"
"31,24 : 0.1404"
"24,32 : 0.5001"
"32,24 : 0.5001"
"24,33 : 0.8896"
"33,24 : 0.8896"
"24,34 : 0.4768"
"34,24 : 0.4768"
"24,35 : 0.1131"
"35,24 : 0.1131"
"24,36 : 0.6129"
"36,24 : 0.6129"
"24,37 : 0.327"
"37,24 : 0.327"
"24,38 : 0.9964"
"38,24 : 0.9964"
"24,39 : 0.8127"
"39,24 : 0.8127"
"24,40 : 0.5025"
"40,24 : 0.5025"
"24,41 : 0.483"
"41,24 : 0.483"
"24,42 : 0.3002"
"42,24 : 0.3002"
"24,43 : 0.7018"
"43,24 : 0.7018"
"24,44 : 0.5009"
"44,24 : 0.5009"
"24,45 : 0.857"
"45,24 : 0.857"
"24,46 : 0.2025"
"46,24 : 0.2025"
"24,47 : 0.4531"
"47,24 : 0.4531"
"24,48 : 0.986"
"48,24 : 0.986"
"24,49 : 0.0361"
"49,24 : 0.0361"
"25,26 : 0.4111"
"26,25 : 0.4111"
"25,27 : 0.204"
"27,25 : 0.204"
"25,28 : 0.198"
"28,25 : 0.198"
"25,29 : 0.6592"
"29,25 : 0.6592"
"25,30 : 0.6862"
"30,25 : 0.6862"
"25,31 : 0.2912"
"31,25 : 0.2912"
"25,32 : 0.5941"
"32,25 : 0.5941"
"25,33 : 0.4701"
"33,25 : 0.4701"
"25,34 : 0.5099"
"34,25 : 0.5099"
"25,35 : 0.3801"
"35,25 : 0.3801"
"25,36 : 0.2421"
"36,25 : 0.2421"
"25,37 : 0.2506"
"37,25 : 0.2506"
"25,38 : 0.6407"
"38,25 : 0.6407"
"25,39 : 0.5814"
"39,25 : 0.5814"
"25,40 : 0.5523"
"40,25 : 0.5523"
"25,41 : 0.3945"
"41,25 : 0.3945"
"25,42 : 0.1709"
"42,25 : 0.1709"
"25,43 : 0.5016"
"43,25 : 0.5016"
"25,44 : 0.1334"
"44,25 : 0.1334"
"25,45 : 0.5701"
"45,25 : 0.5701"
"25,46 : 0.5001"
"46,25 : 0.5001"
"25,47 : 0.26"
"47,25 : 0.26"
"25,48 : 0.6957"
"48,25 : 0.6957"
"25,49 : 0.4441"
"49,25 : 0.4441"
"26,27 : 0.6101"
"27,26 : 0.6101"
"26,28 : 0.3191"
"28,26 : 0.3191"
"26,29 : 0.8786"
"29,26 : 0.8786"
"26,30 : 0.9976"
"30,26 : 0.9976"
"26,31 : 0.1703"
"31,26 : 0.1703"
"26,32 : 0.3805"
"32,26 : 0.3805"
"26,33 : 0.844"
"33,26 : 0.844"
"26,34 : 0.3569"
"34,26 : 0.3569"
"26,35 : 0.2119"
"35,26 : 0.2119"
"26,36 : 0.6264"
"36,26 : 0.6264"
"26,37 : 0.3829"
"37,26 : 0.3829"
"26,38 : 0.9181"
"38,26 : 0.9181"
"26,39 : 0.7106"
"39,26 : 0.7106"
"26,40 : 0.3821"
"40,26 : 0.3821"
"26,41 : 0.3744"
"41,26 : 0.3744"
"26,42 : 0.2518"
"42,26 : 0.2518"
"26,43 : 0.5982"
"43,26 : 0.5982"
"26,44 : 0.4512"
"44,26 : 0.4512"
"26,45 : 0.7642"
"45,26 : 0.7642"
"26,46 : 0.1063"
"46,26 : 0.1063"
"26,47 : 0.5022"
"47,26 : 0.5022"
"26,48 : 0.891"
"48,26 : 0.891"
"26,49 : 0.0949"
"49,26 : 0.0949"
"27,28 : 0.3847"
"28,27 : 0.3847"
"27,29 : 0.5722"
"29,27 : 0.5722"
"27,30 : 0.5334"
"30,27 : 0.5334"
"27,31 : 0.4948"
"31,27 : 0.4948"
"27,32 : 0.7306"
"32,27 : 0.7306"
"27,33 : 0.2832"
"33,27 : 0.2832"
"27,34 : 0.6381"
"34,27 : 0.6381"
"27,35 : 0.5794"
"35,27 : 0.5794"
"27,36 : 0.1903"
"36,27 : 0.1903"
"27,37 : 0.4123"
"37,27 : 0.4123"
"27,38 : 0.5155"
"38,27 : 0.5155"
"27,39 : 0.5632"
"39,27 : 0.5632"
"27,40 : 0.6796"
"40,27 : 0.6796"
"27,41 : 0.5"
"41,27 : 0.5"
"27,42 : 0.3606"
"42,27 : 0.3606"
"27,43 : 0.5188"
"43,27 : 0.5188"
"27,44 : 0.1924"
"44,27 : 0.1924"
"27,45 : 0.5124"
"45,27 : 0.5124"
"27,46 : 0.6926"
"46,27 : 0.6926"
"27,47 : 0.3606"
"47,27 : 0.3606"
"27,48 : 0.6203"
"48,27 : 0.6203"
"27,49 : 0.6478"
"49,27 : 0.6478"
"28,29 : 0.8453"
"29,28 : 0.8453"
"28,30 : 0.8841"
"30,28 : 0.8841"
"28,31 : 0.1523"
"31,28 : 0.1523"
"28,32 : 0.6218"
"32,28 : 0.6218"
"28,33 : 0.6629"
"33,28 : 0.6629"
"28,34 : 0.5571"
"34,28 : 0.5571"
"28,35 : 0.2022"
"35,28 : 0.2022"
"28,36 : 0.3302"
"36,28 : 0.3302"
"28,37 : 0.0825"
"37,28 : 0.0825"
"28,38 : 0.836"
"38,28 : 0.836"
"28,39 : 0.7422"
"39,28 : 0.7422"
"28,40 : 0.5962"
"40,28 : 0.5962"
"28,41 : 0.4837"
"41,28 : 0.4837"
"28,42 : 0.201"
"42,28 : 0.201"
"28,43 : 0.6478"
"43,28 : 0.6478"
"28,44 : 0.3191"
"44,28 : 0.3191"
"28,45 : 0.7485"
"45,28 : 0.7485"
"28,46 : 0.4244"
"46,28 : 0.4244"
"28,47 : 0.1844"
"47,28 : 0.1844"
"28,48 : 0.8773"
"48,28 : 0.8773"
"28,49 : 0.3105"
"49,28 : 0.3105"
"29,30 : 0.246"
"30,29 : 0.246"
"29,31 : 0.8701"
"31,29 : 0.8701"
"29,32 : 0.7088"
"32,29 : 0.7088"
"29,33 : 0.4123"
"33,29 : 0.4123"
"29,34 : 0.6332"
"34,29 : 0.6332"
"29,35 : 0.978"
"35,29 : 0.978"
"29,36 : 0.7624"
"36,29 : 0.7624"
"29,37 : 0.9087"
"37,29 : 0.9087"
"29,38 : 0.136"
"38,29 : 0.136"
"29,39 : 0.2121"
"39,29 : 0.2121"
"29,40 : 0.6515"
"40,29 : 0.6515"
"29,41 : 0.5248"
"41,29 : 0.5248"
"29,42 : 0.686"
"42,29 : 0.686"
"29,43 : 0.3102"
"43,29 : 0.3102"
"29,44 : 0.528"
"44,29 : 0.528"
"29,45 : 0.1166"
"45,29 : 0.1166"
"29,46 : 0.8987"
"46,29 : 0.8987"
"29,47 : 0.9052"
"47,29 : 0.9052"
"29,48 : 0.0583"
"48,29 : 0.0583"
"29,49 : 0.9618"
"49,29 : 0.9618"
"30,31 : 0.9481"
"31,30 : 0.9481"
"30,32 : 0.9045"
"32,30 : 0.9045"
"30,33 : 0.2766"
"33,30 : 0.2766"
"30,34 : 0.8188"
"34,30 : 0.8188"
"30,35 : 1.0512"
"35,30 : 1.0512"
"30,36 : 0.7077"
"36,30 : 0.7077"
"30,37 : 0.9309"
"37,30 : 0.9309"
"30,38 : 0.114"
"38,30 : 0.114"
"30,39 : 0.4374"
"39,30 : 0.4374"
"30,40 : 0.8448"
"40,30 : 0.8448"
"30,41 : 0.6888"
"41,30 : 0.6888"
"30,42 : 0.7684"
"42,30 : 0.7684"
"30,43 : 0.51"
"43,30 : 0.51"
"30,44 : 0.5749"
"44,30 : 0.5749"
"30,45 : 0.3239"
"45,30 : 0.3239"
"30,46 : 1.04"
"46,30 : 1.04"
"30,47 : 0.8936"
"47,30 : 0.8936"
"30,48 : 0.2968"
"48,30 : 0.2968"
"30,49 : 1.0685"
"49,30 : 1.0685"
"31,32 : 0.5124"
"32,31 : 0.5124"
"31,33 : 0.7564"
"33,31 : 0.7564"
"31,34 : 0.4639"
"34,31 : 0.4639"
"31,35 : 0.1082"
"35,31 : 0.1082"
"31,36 : 0.4752"
"36,31 : 0.4752"
"31,37 : 0.2126"
"37,31 : 0.2126"
"31,38 : 0.8841"
"38,31 : 0.8841"
"31,39 : 0.7335"
"39,31 : 0.7335"
"31,40 : 0.4982"
"40,31 : 0.4982"
"31,41 : 0.4276"
"41,31 : 0.4276"
"31,42 : 0.1844"
"42,31 : 0.1844"
"31,43 : 0.6277"
"43,31 : 0.6277"
"31,44 : 0.3744"
"44,31 : 0.3744"
"31,45 : 0.7628"
"45,31 : 0.7628"
"31,46 : 0.2766"
"46,31 : 0.2766"
"31,47 : 0.3329"
"47,31 : 0.3329"
"31,48 : 0.8931"
"48,31 : 0.8931"
"31,49 : 0.1612"
"49,31 : 0.1612"
"32,33 : 0.8591"
"33,32 : 0.8591"
"32,34 : 0.0949"
"34,32 : 0.0949"
"32,35 : 0.5869"
"35,32 : 0.5869"
"32,36 : 0.8355"
"36,32 : 0.8355"
"32,37 : 0.7021"
"37,32 : 0.7021"
"32,38 : 0.7991"
"38,32 : 0.7991"
"32,39 : 0.4998"
"39,32 : 0.4998"
"32,40 : 0.06"
"40,32 : 0.06"
"32,41 : 0.2404"
"41,32 : 0.2404"
"32,42 : 0.442"
"42,32 : 0.442"
"32,43 : 0.4002"
"43,32 : 0.4002"
"32,44 : 0.5385"
"44,32 : 0.5385"
"32,45 : 0.5967"
"45,32 : 0.5967"
"32,46 : 0.3158"
"46,32 : 0.3158"
"32,47 : 0.7961"
"47,32 : 0.7961"
"32,48 : 0.6964"
"48,32 : 0.6964"
"32,49 : 0.4701"
"49,32 : 0.4701"
"33,34 : 0.7649"
"34,33 : 0.7649"
"33,35 : 0.85"
"35,33 : 0.85"
"33,36 : 0.4391"
"36,33 : 0.4391"
"33,37 : 0.6953"
"37,33 : 0.6953"
"33,38 : 0.3041"
"38,33 : 0.3041"
"33,39 : 0.5093"
"39,33 : 0.5093"
"33,40 : 0.8005"
"40,33 : 0.8005"
"33,41 : 0.6198"
"41,33 : 0.6198"
"33,42 : 0.5948"
"42,33 : 0.5948"
"33,43 : 0.5248"
"43,33 : 0.5248"
"33,44 : 0.3929"
"44,33 : 0.3929"
"33,45 : 0.4123"
"45,33 : 0.4123"
"33,46 : 0.9093"
"46,33 : 0.9093"
"33,47 : 0.6389"
"47,33 : 0.6389"
"33,48 : 0.4701"
"48,33 : 0.4701"
"33,49 : 0.8981"
"49,33 : 0.8981"
"34,35 : 0.55"
"35,34 : 0.55"
"34,36 : 0.7495"
"36,34 : 0.7495"
"34,37 : 0.6391"
"37,34 : 0.6391"
"34,38 : 0.7159"
"38,34 : 0.7159"
"34,39 : 0.4294"
"39,34 : 0.4294"
"34,40 : 0.0424"
"40,34 : 0.0424"
"34,41 : 0.1456"
"41,34 : 0.1456"
"34,42 : 0.3672"
"42,34 : 0.3672"
"34,43 : 0.3231"
"43,34 : 0.3231"
"34,44 : 0.4465"
"44,34 : 0.4465"
"34,45 : 0.5187"
"45,34 : 0.5187"
"34,46 : 0.3176"
"46,34 : 0.3176"
"34,47 : 0.7247"
"47,34 : 0.7247"
"34,48 : 0.6261"
"48,34 : 0.6261"
"34,49 : 0.4512"
"49,34 : 0.4512"
"35,36 : 0.5304"
"36,35 : 0.5304"
"35,37 : 0.2256"
"37,35 : 0.2256"
"35,38 : 0.9899"
"38,35 : 0.9899"
"35,39 : 0.8408"
"39,35 : 0.8408"
"35,40 : 0.5808"
"40,35 : 0.5808"
"35,41 : 0.5289"
"41,35 : 0.5289"
"35,42 : 0.2921"
"42,35 : 0.2921"
"35,43 : 0.7341"
"43,35 : 0.7341"
"35,44 : 0.4763"
"44,35 : 0.4763"
"35,45 : 0.8709"
"45,35 : 0.8709"
"35,46 : 0.3089"
"46,35 : 0.3089"
"35,47 : 0.3517"
"47,35 : 0.3517"
"35,48 : 1.0012"
"48,35 : 1.0012"
"35,49 : 0.1487"
"49,35 : 0.1487"
"36,37 : 0.3178"
"37,36 : 0.3178"
"36,38 : 0.7009"
"38,36 : 0.7009"
"36,39 : 0.7453"
"39,36 : 0.7453"
"36,40 : 0.792"
"40,36 : 0.792"
"36,41 : 0.6263"
"41,36 : 0.6263"
"36,42 : 0.4082"
"42,36 : 0.4082"
"36,43 : 0.6895"
"43,36 : 0.6895"
"36,44 : 0.3225"
"44,36 : 0.3225"
"36,45 : 0.7011"
"45,36 : 0.7011"
"36,46 : 0.7245"
"46,36 : 0.7245"
"36,47 : 0.2195"
"47,36 : 0.2195"
"36,48 : 0.8106"
"48,36 : 0.8106"
"36,49 : 0.6364"
"49,36 : 0.6364"
"37,38 : 0.8904"
"38,37 : 0.8904"
"37,39 : 0.8158"
"39,37 : 0.8158"
"37,40 : 0.6778"
"40,37 : 0.6778"
"37,41 : 0.5657"
"41,37 : 0.5657"
"37,42 : 0.2828"
"42,37 : 0.2828"
"37,43 : 0.7244"
"43,37 : 0.7244"
"37,44 : 0.3808"
"44,37 : 0.3808"
"37,45 : 0.816"
"45,37 : 0.816"
"37,46 : 0.4892"
"46,37 : 0.4892"
"37,47 : 0.1265"
"47,37 : 0.1265"
"37,48 : 0.9434"
"48,37 : 0.9434"
"37,49 : 0.3578"
"49,37 : 0.3578"
"38,39 : 0.3239"
"39,38 : 0.3239"
"38,40 : 0.7398"
"40,38 : 0.7398"
"38,41 : 0.5914"
"41,38 : 0.5914"
"38,42 : 0.7009"
"42,38 : 0.7009"
"38,43 : 0.4011"
"43,38 : 0.4011"
"38,44 : 0.5186"
"44,38 : 0.5186"
"38,45 : 0.211"
"45,38 : 0.211"
"38,46 : 0.9526"
"46,38 : 0.9526"
"38,47 : 0.8682"
"47,38 : 0.8682"
"38,48 : 0.191"
"48,38 : 0.191"
"38,49 : 0.994"
"49,38 : 0.994"
"39,40 : 0.4438"
"40,39 : 0.4438"
"39,41 : 0.3394"
"41,39 : 0.3394"
"39,42 : 0.5571"
"42,39 : 0.5571"
"39,43 : 0.1131"
"43,39 : 0.1131"
"39,44 : 0.4501"
"44,39 : 0.4501"
"39,45 : 0.114"
"45,39 : 0.114"
"39,46 : 0.7151"
"46,39 : 0.7151"
"39,47 : 0.841"
"47,39 : 0.841"
"39,48 : 0.197"
"48,39 : 0.197"
"39,49 : 0.8"
"49,39 : 0.8"
"40,41 : 0.1838"
"41,40 : 0.1838"
"40,42 : 0.4082"
"42,40 : 0.4082"
"40,43 : 0.3421"
"43,40 : 0.3421"
"40,44 : 0.4883"
"44,40 : 0.4883"
"40,45 : 0.5385"
"45,40 : 0.5385"
"40,46 : 0.3324"
"46,40 : 0.3324"
"40,47 : 0.7654"
"47,40 : 0.7654"
"40,48 : 0.6408"
"48,40 : 0.6408"
"40,49 : 0.4752"
"49,40 : 0.4752"
"41,42 : 0.2828"
"42,41 : 0.2828"
"41,43 : 0.2263"
"43,41 : 0.2263"
"41,44 : 0.3114"
"44,41 : 0.3114"
"41,45 : 0.4082"
"45,41 : 0.4082"
"41,46 : 0.3764"
"46,41 : 0.3764"
"41,47 : 0.6325"
"47,41 : 0.6325"
"41,48 : 0.528"
"48,41 : 0.528"
"41,49 : 0.4665"
"49,41 : 0.4665"
"42,43 : 0.4561"
"43,42 : 0.4561"
"42,44 : 0.2025"
"44,42 : 0.2025"
"42,45 : 0.5798"
"45,42 : 0.5798"
"42,46 : 0.3324"
"46,42 : 0.3324"
"42,47 : 0.3578"
