x,y
0.15,0.25
0.92,0.35
0.31,0.94
0.53,0.57
0.76,0.39
0.24,0.28
0.87,0.02
0.6,1.0
0.99,0.1
0.76,0.41
0.95,0.46
0.68,0.84
0.3,0.09
0.61,0.42
0.65,0.43
0.41,0.06
0.38,0.84
0.73,0.09
0.52,0.55
0.59,0.57
0.91,0.92
0.66,0.28
0.48,0.56
0.59,0.26
0.75,0.08
0.16,0.13
0.14,0.73
0.86,0.1
0.14,0.99
0.09,0.41
0.06,0.96
0.3,0.71
0.11,0.05
0.31,0.26
0.64,0.27
0.51,0.98
0.34,0.37
0.45,0.53
0.83,0.27
0.96,0.55
0.57,0.46
0.98,0.88
0.06,0.22
0.0,0.28
0.54,0.06
0.78,0.64
0.84,0.08
0.61,0.4
0.46,0.5
0.56,0.28

Distanze
"0,1 : 0.7765"
"1,0 : 0.7765"
"0,2 : 0.7083"
"2,0 : 0.7083"
"0,3 : 0.4968"
"3,0 : 0.4968"
"0,4 : 0.6259"
"4,0 : 0.6259"
"0,5 : 0.0949"
"5,0 : 0.0949"
"0,6 : 0.7558"
"6,0 : 0.7558"
"0,7 : 0.8746"
"7,0 : 0.8746"
"0,8 : 0.8533"
"8,0 : 0.8533"
"0,9 : 0.6306"
"9,0 : 0.6306"
"0,10 : 0.8271"
"10,0 : 0.8271"
"0,11 : 0.7931"
"11,0 : 0.7931"
"0,12 : 0.2193"
"12,0 : 0.2193"
"0,13 : 0.4904"
"13,0 : 0.4904"
"0,14 : 0.5314"
"14,0 : 0.5314"
"0,15 : 0.322"
"15,0 : 0.322"
"0,16 : 0.6332"
"16,0 : 0.6332"
"0,17 : 0.6017"
"17,0 : 0.6017"
"0,18 : 0.4763"
"18,0 : 0.4763"
"0,19 : 0.5441"
"19,0 : 0.5441"
"0,20 : 1.0132"
"20,0 : 1.0132"
"0,21 : 0.5109"
"21,0 : 0.5109"
"0,22 : 0.4528"
"22,0 : 0.4528"
"0,23 : 0.4401"
"23,0 : 0.4401"
"0,24 : 0.6236"
"24,0 : 0.6236"
"0,25 : 0.1204"
"25,0 : 0.1204"
"0,26 : 0.4801"
"26,0 : 0.4801"
"0,27 : 0.7257"
"27,0 : 0.7257"
"0,28 : 0.7401"
"28,0 : 0.7401"
"0,29 : 0.1709"
"29,0 : 0.1709"
"0,30 : 0.7157"
"30,0 : 0.7157"
"0,31 : 0.4838"
"31,0 : 0.4838"
"0,32 : 0.204"
"32,0 : 0.204"
"0,33 : 0.1603"
"33,0 : 0.1603"
"0,34 : 0.4904"
"34,0 : 0.4904"
"0,35 : 0.8139"
"35,0 : 0.8139"
"0,36 : 0.2247"
"36,0 : 0.2247"
"0,37 : 0.4104"
"37,0 : 0.4104"
"0,38 : 0.6803"
"38,0 : 0.6803"
"0,39 : 0.8638"
"39,0 : 0.8638"
"0,40 : 0.4696"
"40,0 : 0.4696"
"0,41 : 1.042"
"41,0 : 1.042"
"0,42 : 0.0949"
"42,0 : 0.0949"
"0,43 : 0.153"
"43,0 : 0.153"
"0,44 : 0.4338"
"44,0 : 0.4338"
"0,45 : 0.7409"
"45,0 : 0.7409"
"0,46 : 0.7106"
"46,0 : 0.7106"
"0,47 : 0.4838"
"47,0 : 0.4838"
"0,48 : 0.3982"
"48,0 : 0.3982"
"0,49 : 0.4111"
"49,0 : 0.4111"
"1,2 : 0.8486"
"2,1 : 0.8486"
"1,3 : 0.4478"
"3,1 : 0.4478"
"1,4 : 0.1649"
"4,1 : 0.1649"
"1,5 : 0.6836"
"5,1 : 0.6836"
"1,6 : 0.3338"
"6,1 : 0.3338"
"1,7 : 0.7245"
"7,1 : 0.7245"
"1,8 : 0.2596"
"8,1 : 0.2596"
"1,9 : 0.1709"
"9,1 : 0.1709"
"1,10 : 0.114"
"10,1 : 0.114"
"1,11 : 0.5456"
"11,1 : 0.5456"
"1,12 : 0.6723"
"12,1 : 0.6723"
"1,13 : 0.3178"
"13,1 : 0.3178"
"1,14 : 0.2816"
"14,1 : 0.2816"
"1,15 : 0.5867"
"15,1 : 0.5867"
"1,16 : 0.7292"
"16,1 : 0.7292"
"1,17 : 0.322"
"17,1 : 0.322"
"1,18 : 0.4472"
"18,1 : 0.4472"
"1,19 : 0.3966"
"19,1 : 0.3966"
"1,20 : 0.5701"
"20,1 : 0.5701"
"1,21 : 0.2693"
"21,1 : 0.2693"
"1,22 : 0.4875"
"22,1 : 0.4875"
"1,23 : 0.3421"
"23,1 : 0.3421"
"1,24 : 0.3191"
"24,1 : 0.3191"
"1,25 : 0.7912"
"25,1 : 0.7912"
"1,26 : 0.8676"
"26,1 : 0.8676"
"1,27 : 0.2571"
"27,1 : 0.2571"
"1,28 : 1.009"
"28,1 : 1.009"
"1,29 : 0.8322"
"29,1 : 0.8322"
"1,30 : 1.0544"
"30,1 : 1.0544"
"1,31 : 0.7169"
"31,1 : 0.7169"
"1,32 : 0.8638"
"32,1 : 0.8638"
"1,33 : 0.6166"
"33,1 : 0.6166"
"1,34 : 0.2912"
"34,1 : 0.2912"
"1,35 : 0.7517"
"35,1 : 0.7517"
"1,36 : 0.5803"
"36,1 : 0.5803"
"1,37 : 0.5033"
"37,1 : 0.5033"
"1,38 : 0.1204"
"38,1 : 0.1204"
"1,39 : 0.204"
"39,1 : 0.204"
"1,40 : 0.3669"
"40,1 : 0.3669"
"1,41 : 0.5334"
"41,1 : 0.5334"
"1,42 : 0.8698"
"42,1 : 0.8698"
"1,43 : 0.9227"
"43,1 : 0.9227"
"1,44 : 0.478"
"44,1 : 0.478"
"1,45 : 0.322"
"45,1 : 0.322"
"1,46 : 0.2816"
"46,1 : 0.2816"
"1,47 : 0.314"
"47,1 : 0.314"
"1,48 : 0.4838"
"48,1 : 0.4838"
"1,49 : 0.3667"
"49,1 : 0.3667"
"2,3 : 0.4305"
"3,2 : 0.4305"
"2,4 : 0.7106"
"4,2 : 0.7106"
"2,5 : 0.6637"
"5,2 : 0.6637"
"2,6 : 1.077"
"6,2 : 1.077"
"2,7 : 0.2961"
"7,2 : 0.2961"
"2,8 : 1.0807"
"8,2 : 1.0807"
"2,9 : 0.6953"
"9,2 : 0.6953"
"2,10 : 0.8"
"10,2 : 0.8"
"2,11 : 0.3833"
"11,2 : 0.3833"
"2,12 : 0.8501"
"12,2 : 0.8501"
"2,13 : 0.6003"
"13,2 : 0.6003"
"2,14 : 0.6129"
"14,2 : 0.6129"
"2,15 : 0.8857"
"15,2 : 0.8857"
"2,16 : 0.1221"
"16,2 : 0.1221"
"2,17 : 0.9481"
"17,2 : 0.9481"
"2,18 : 0.4429"
"18,2 : 0.4429"
"2,19 : 0.464"
"19,2 : 0.464"
"2,20 : 0.6003"
"20,2 : 0.6003"
"2,21 : 0.7471"
"21,2 : 0.7471"
"2,22 : 0.4163"
"22,2 : 0.4163"
"2,23 : 0.7354"
"23,2 : 0.7354"
"2,24 : 0.966"
"24,2 : 0.966"
"2,25 : 0.8238"
"25,2 : 0.8238"
"2,26 : 0.2702"
"26,2 : 0.2702"
"2,27 : 1.004"
"27,2 : 1.004"
"2,28 : 0.1772"
"28,2 : 0.1772"
"2,29 : 0.5738"
"29,2 : 0.5738"
"2,30 : 0.2508"
"30,2 : 0.2508"
"2,31 : 0.2302"
"31,2 : 0.2302"
"2,32 : 0.9122"
"32,2 : 0.9122"
"2,33 : 0.68"
"33,2 : 0.68"
"2,34 : 0.7469"
"34,2 : 0.7469"
"2,35 : 0.204"
"35,2 : 0.204"
"2,36 : 0.5708"
"36,2 : 0.5708"
"2,37 : 0.4332"
"37,2 : 0.4332"
"2,38 : 0.8481"
"38,2 : 0.8481"
"2,39 : 0.758"
"39,2 : 0.758"
"2,40 : 0.5459"
"40,2 : 0.5459"
"2,41 : 0.6727"
"41,2 : 0.6727"
"2,42 : 0.7622"
"42,2 : 0.7622"
"2,43 : 0.7292"
"43,2 : 0.7292"
"2,44 : 0.9096"
"44,2 : 0.9096"
"2,45 : 0.5576"
"45,2 : 0.5576"
"2,46 : 1.0102"
"46,2 : 1.0102"
"2,47 : 0.6177"
"47,2 : 0.6177"
"2,48 : 0.4649"
"48,2 : 0.4649"
"2,49 : 0.7058"
"49,2 : 0.7058"
"3,4 : 0.2921"
"4,3 : 0.2921"
"3,5 : 0.4101"
"5,3 : 0.4101"
"3,6 : 0.6466"
"6,3 : 0.6466"
"3,7 : 0.4357"
"7,3 : 0.4357"
"3,8 : 0.6576"
"8,3 : 0.6576"
"3,9 : 0.2802"
"9,3 : 0.2802"
"3,10 : 0.4342"
"10,3 : 0.4342"
"3,11 : 0.3089"
"11,3 : 0.3089"
"3,12 : 0.5323"
"12,3 : 0.5323"
"3,13 : 0.17"
"13,3 : 0.17"
"3,14 : 0.1844"
"14,3 : 0.1844"
"3,15 : 0.5239"
"15,3 : 0.5239"
"3,16 : 0.3089"
"16,3 : 0.3089"
"3,17 : 0.52"
"17,3 : 0.52"
"3,18 : 0.0224"
"18,3 : 0.0224"
"3,19 : 0.06"
"19,3 : 0.06"
"3,20 : 0.5166"
"20,3 : 0.5166"
"3,21 : 0.3178"
"21,3 : 0.3178"
"3,22 : 0.051"
"22,3 : 0.051"
"3,23 : 0.3158"
"23,3 : 0.3158"
"3,24 : 0.5371"
"24,3 : 0.5371"
"3,25 : 0.5749"
"25,3 : 0.5749"
"3,26 : 0.4215"
"26,3 : 0.4215"
"3,27 : 0.5743"
"27,3 : 0.5743"
"3,28 : 0.5731"
"28,3 : 0.5731"
"3,29 : 0.4682"
"29,3 : 0.4682"
"3,30 : 0.6107"
"30,3 : 0.6107"
"3,31 : 0.2693"
"31,3 : 0.2693"
"3,32 : 0.6684"
"32,3 : 0.6684"
"3,33 : 0.3801"
"33,3 : 0.3801"
"3,34 : 0.3195"
"34,3 : 0.3195"
"3,35 : 0.4105"
"35,3 : 0.4105"
"3,36 : 0.2759"
"36,3 : 0.2759"
"3,37 : 0.0894"
"37,3 : 0.0894"
"3,38 : 0.4243"
"38,3 : 0.4243"
"3,39 : 0.4305"
"39,3 : 0.4305"
"3,40 : 0.117"
"40,3 : 0.117"
"3,41 : 0.5464"
"41,3 : 0.5464"
"3,42 : 0.586"
"42,3 : 0.586"
"3,43 : 0.6042"
"43,3 : 0.6042"
"3,44 : 0.5101"
"44,3 : 0.5101"
"3,45 : 0.2596"
"45,3 : 0.2596"
"3,46 : 0.5798"
"46,3 : 0.5798"
"3,47 : 0.1879"
"47,3 : 0.1879"
"3,48 : 0.099"
"48,3 : 0.099"
"3,49 : 0.2915"
"49,3 : 0.2915"
"4,5 : 0.5315"
"5,4 : 0.5315"
"4,6 : 0.386"
"6,4 : 0.386"
"4,7 : 0.6306"
"7,4 : 0.6306"
"4,8 : 0.3701"
"8,4 : 0.3701"
"4,9 : 0.02"
"9,4 : 0.02"
"4,10 : 0.2025"
"10,4 : 0.2025"
"4,11 : 0.4571"
"11,4 : 0.4571"
"4,12 : 0.5492"
"12,4 : 0.5492"
"4,13 : 0.153"
"13,4 : 0.153"
"4,14 : 0.117"
"14,4 : 0.117"
"4,15 : 0.481"
"15,4 : 0.481"
"4,16 : 0.589"
"16,4 : 0.589"
"4,17 : 0.3015"
"17,4 : 0.3015"
"4,18 : 0.2884"
"18,4 : 0.2884"
"4,19 : 0.2476"
"19,4 : 0.2476"
"4,20 : 0.5508"
"20,4 : 0.5508"
"4,21 : 0.1487"
"21,4 : 0.1487"
"4,22 : 0.3276"
"22,4 : 0.3276"
"4,23 : 0.214"
"23,4 : 0.214"
"4,24 : 0.3102"
"24,4 : 0.3102"
"4,25 : 0.6539"
"25,4 : 0.6539"
"4,26 : 0.7071"
"26,4 : 0.7071"
"4,27 : 0.3068"
"27,4 : 0.3068"
"4,28 : 0.8628"
"28,4 : 0.8628"
"4,29 : 0.6703"
"29,4 : 0.6703"
"4,30 : 0.9027"
"30,4 : 0.9027"
"4,31 : 0.5604"
"31,4 : 0.5604"
"4,32 : 0.7336"
"32,4 : 0.7336"
"4,33 : 0.4684"
"33,4 : 0.4684"
"4,34 : 0.1697"
"34,4 : 0.1697"
"4,35 : 0.6408"
"35,4 : 0.6408"
"4,36 : 0.4205"
"36,4 : 0.4205"
"4,37 : 0.3401"
"37,4 : 0.3401"
"4,38 : 0.1389"
"38,4 : 0.1389"
"4,39 : 0.2561"
"39,4 : 0.2561"
"4,40 : 0.2025"
"40,4 : 0.2025"
"4,41 : 0.5371"
"41,4 : 0.5371"
"4,42 : 0.7203"
"42,4 : 0.7203"
"4,43 : 0.7679"
"43,4 : 0.7679"
"4,44 : 0.3966"
"44,4 : 0.3966"
"4,45 : 0.2508"
"45,4 : 0.2508"
"4,46 : 0.3202"
"46,4 : 0.3202"
"4,47 : 0.1503"
"47,4 : 0.1503"
"4,48 : 0.3195"
"48,4 : 0.3195"
"4,49 : 0.2283"
"49,4 : 0.2283"
"5,6 : 0.6815"
"6,5 : 0.6815"
"5,7 : 0.805"
"7,5 : 0.805"
"5,8 : 0.7713"
"8,5 : 0.7713"
"5,9 : 0.536"
"9,5 : 0.536"
"5,10 : 0.7325"
"10,5 : 0.7325"
"5,11 : 0.7122"
"11,5 : 0.7122"
"5,12 : 0.1992"
"12,5 : 0.1992"
"5,13 : 0.3956"
"13,5 : 0.3956"
"5,14 : 0.4366"
"14,5 : 0.4366"
"5,15 : 0.278"
"15,5 : 0.278"
"5,16 : 0.5772"
"16,5 : 0.5772"
"5,17 : 0.5255"
"17,5 : 0.5255"
"5,18 : 0.389"
"18,5 : 0.389"
"5,19 : 0.4545"
"19,5 : 0.4545"
"5,20 : 0.9266"
"20,5 : 0.9266"
"5,21 : 0.42"
"21,5 : 0.42"
"5,22 : 0.3688"
"22,5 : 0.3688"
"5,23 : 0.3506"
"23,5 : 0.3506"
"5,24 : 0.5478"
"24,5 : 0.5478"
"5,25 : 0.17"
"25,5 : 0.17"
"5,26 : 0.461"
"26,5 : 0.461"
"5,27 : 0.6456"
"27,5 : 0.6456"
"5,28 : 0.717"
"28,5 : 0.717"
"5,29 : 0.1985"
"29,5 : 0.1985"
"5,30 : 0.7034"
"30,5 : 0.7034"
"5,31 : 0.4342"
"31,5 : 0.4342"
"5,32 : 0.2642"
"32,5 : 0.2642"
"5,33 : 0.0728"
"33,5 : 0.0728"
"5,34 : 0.4001"
"34,5 : 0.4001"
"5,35 : 0.7503"
"35,5 : 0.7503"
"5,36 : 0.1345"
"36,5 : 0.1345"
"5,37 : 0.3265"
"37,5 : 0.3265"
"5,38 : 0.5901"
"38,5 : 0.5901"
"5,39 : 0.769"
"39,5 : 0.769"
"5,40 : 0.3759"
"40,5 : 0.3759"
"5,41 : 0.9527"
"41,5 : 0.9527"
"5,42 : 0.1897"
"42,5 : 0.1897"
"5,43 : 0.24"
"43,5 : 0.24"
"5,44 : 0.372"
"44,5 : 0.372"
"5,45 : 0.649"
"45,5 : 0.649"
"5,46 : 0.6325"
"46,5 : 0.6325"
"5,47 : 0.389"
"47,5 : 0.389"
"5,48 : 0.3111"
"48,5 : 0.3111"
"5,49 : 0.32"
"49,5 : 0.32"
"6,7 : 1.0165"
"7,6 : 1.0165"
"6,8 : 0.1442"
"8,6 : 0.1442"
"6,9 : 0.4052"
"9,6 : 0.4052"
"6,10 : 0.4472"
"10,6 : 0.4472"
"6,11 : 0.8417"
"11,6 : 0.8417"
"6,12 : 0.5743"
"12,6 : 0.5743"
"6,13 : 0.4771"
"13,6 : 0.4771"
"6,14 : 0.4653"
"14,6 : 0.4653"
"6,15 : 0.4617"
"15,6 : 0.4617"
"6,16 : 0.9552"
"16,6 : 0.9552"
"6,17 : 0.1565"
"17,6 : 0.1565"
"6,18 : 0.6351"
"18,6 : 0.6351"
"6,19 : 0.6172"
"19,6 : 0.6172"
"6,20 : 0.9009"
"20,6 : 0.9009"
"6,21 : 0.3342"
"21,6 : 0.3342"
"6,22 : 0.6661"
"22,6 : 0.6661"
"6,23 : 0.3688"
"23,6 : 0.3688"
"6,24 : 0.1342"
"24,6 : 0.1342"
"6,25 : 0.7185"
"25,6 : 0.7185"
"6,26 : 1.0183"
"26,6 : 1.0183"
"6,27 : 0.0806"
"27,6 : 0.0806"
"6,28 : 1.214"
"28,6 : 1.214"
"6,29 : 0.8721"
"29,6 : 0.8721"
"6,30 : 1.2408"
"30,6 : 1.2408"
"6,31 : 0.895"
"31,6 : 0.895"
"6,32 : 0.7606"
"32,6 : 0.7606"
"6,33 : 0.6093"
"33,6 : 0.6093"
"6,34 : 0.3397"
"34,6 : 0.3397"
"6,35 : 1.0253"
"35,6 : 1.0253"
"6,36 : 0.6351"
"36,6 : 0.6351"
"6,37 : 0.6607"
"37,6 : 0.6607"
"6,38 : 0.2532"
"38,6 : 0.2532"
"6,39 : 0.5376"
"39,6 : 0.5376"
"6,40 : 0.5325"
"40,6 : 0.5325"
"6,41 : 0.867"
"41,6 : 0.867"
"6,42 : 0.8343"
"42,6 : 0.8343"
"6,43 : 0.908"
"43,6 : 0.908"
"6,44 : 0.3324"
"44,6 : 0.3324"
"6,45 : 0.6265"
"45,6 : 0.6265"
"6,46 : 0.0671"
"46,6 : 0.0671"
"6,47 : 0.4604"
"47,6 : 0.4604"
"6,48 : 0.6313"
"48,6 : 0.6313"
"6,49 : 0.4046"
"49,6 : 0.4046"
"7,8 : 0.9809"
"8,7 : 0.9809"
"7,9 : 0.6113"
"9,7 : 0.6113"
"7,10 : 0.6435"
"10,7 : 0.6435"
"7,11 : 0.1789"
"11,7 : 0.1789"
"7,12 : 0.9582"
"12,7 : 0.9582"
"7,13 : 0.5801"
"13,7 : 0.5801"
"7,14 : 0.5722"
"14,7 : 0.5722"
"7,15 : 0.959"
"15,7 : 0.959"
"7,16 : 0.272"
"16,7 : 0.272"
"7,17 : 0.9192"
"17,7 : 0.9192"
"7,18 : 0.4571"
"18,7 : 0.4571"
"7,19 : 0.4301"
"19,7 : 0.4301"
"7,20 : 0.3202"
"20,7 : 0.3202"
"7,21 : 0.7225"
"21,7 : 0.7225"
"7,22 : 0.4561"
"22,7 : 0.4561"
"7,23 : 0.7401"
"23,7 : 0.7401"
"7,24 : 0.9321"
"24,7 : 0.9321"
"7,25 : 0.9749"
"25,7 : 0.9749"
"7,26 : 0.5334"
"26,7 : 0.5334"
"7,27 : 0.9368"
"27,7 : 0.9368"
"7,28 : 0.4601"
"28,7 : 0.4601"
"7,29 : 0.7799"
"29,7 : 0.7799"
"7,30 : 0.5415"
"30,7 : 0.5415"
"7,31 : 0.4173"
"31,7 : 0.4173"
"7,32 : 1.0689"
"32,7 : 1.0689"
"7,33 : 0.7948"
"33,7 : 0.7948"
"7,34 : 0.7311"
"34,7 : 0.7311"
"7,35 : 0.0922"
"35,7 : 0.0922"
"7,36 : 0.6815"
"36,7 : 0.6815"
"7,37 : 0.4934"
"37,7 : 0.4934"
"7,38 : 0.7654"
"38,7 : 0.7654"
"7,39 : 0.5763"
"39,7 : 0.5763"
"7,40 : 0.5408"
"40,7 : 0.5408"
"7,41 : 0.3985"
"41,7 : 0.3985"
"7,42 : 0.9487"
"42,7 : 0.9487"
"7,43 : 0.9372"
"43,7 : 0.9372"
"7,44 : 0.9419"
"44,7 : 0.9419"
"7,45 : 0.4025"
"45,7 : 0.4025"
"7,46 : 0.9508"
"46,7 : 0.9508"
"7,47 : 0.6001"
"47,7 : 0.6001"
"7,48 : 0.5192"
"48,7 : 0.5192"
"7,49 : 0.7211"
"49,7 : 0.7211"
"8,9 : 0.386"
"9,8 : 0.386"
"8,10 : 0.3622"
"10,8 : 0.3622"
"8,11 : 0.8023"
"11,8 : 0.8023"
"8,12 : 0.6901"
"12,8 : 0.6901"
"8,13 : 0.4968"
"13,8 : 0.4968"
"8,14 : 0.4738"
"14,8 : 0.4738"
"8,15 : 0.5814"
"15,8 : 0.5814"
"8,16 : 0.959"
"16,8 : 0.959"
"8,17 : 0.2602"
"17,8 : 0.2602"
"8,18 : 0.6507"
"18,8 : 0.6507"
"8,19 : 0.6172"
"19,8 : 0.6172"
"8,20 : 0.8239"
"20,8 : 0.8239"
"8,21 : 0.3759"
"21,8 : 0.3759"
"8,22 : 0.6868"
"22,8 : 0.6868"
"8,23 : 0.4308"
"23,8 : 0.4308"
"8,24 : 0.2408"
"24,8 : 0.2408"
"8,25 : 0.8305"
"25,8 : 0.8305"
"8,26 : 1.058"
"26,8 : 1.058"
"8,27 : 0.13"
"27,8 : 0.13"
"8,28 : 1.2307"
"28,8 : 1.2307"
"8,29 : 0.9519"
"29,8 : 0.9519"
"8,30 : 1.2667"
"30,8 : 1.2667"
"8,31 : 0.921"
"31,8 : 0.921"
"8,32 : 0.8814"
"32,8 : 0.8814"
"8,33 : 0.6986"
"33,8 : 0.6986"
"8,34 : 0.3891"
"34,8 : 0.3891"
"8,35 : 1.0024"
"35,8 : 1.0024"
"8,36 : 0.7038"
"36,8 : 0.7038"
"8,37 : 0.6903"
"37,8 : 0.6903"
"8,38 : 0.2335"
"38,8 : 0.2335"
"8,39 : 0.451"
"39,8 : 0.451"
"8,40 : 0.5532"
"40,8 : 0.5532"
"8,41 : 0.7801"
"41,8 : 0.7801"
"8,42 : 0.9377"
"42,8 : 0.9377"
"8,43 : 1.0062"
"43,8 : 1.0062"
"8,44 : 0.4518"
"44,8 : 0.4518"
"8,45 : 0.5794"
"45,8 : 0.5794"
"8,46 : 0.1513"
"46,8 : 0.1513"
"8,47 : 0.4841"
"47,8 : 0.4841"
"8,48 : 0.664"
"48,8 : 0.664"
"8,49 : 0.4662"
"49,8 : 0.4662"
"9,10 : 0.1965"
"10,9 : 0.1965"
"9,11 : 0.4374"
"11,9 : 0.4374"
"9,12 : 0.5604"
"12,9 : 0.5604"
"9,13 : 0.1503"
"13,9 : 0.1503"
"9,14 : 0.1118"
"14,9 : 0.1118"
"9,15 : 0.495"
"15,9 : 0.495"
"9,16 : 0.5738"
"16,9 : 0.5738"
"9,17 : 0.3214"
"17,9 : 0.3214"
"9,18 : 0.2778"
"18,9 : 0.2778"
"9,19 : 0.2335"
"19,9 : 0.2335"
"9,20 : 0.5316"
"20,9 : 0.5316"
"9,21 : 0.164"
"21,9 : 0.164"
"9,22 : 0.3176"
"22,9 : 0.3176"
"9,23 : 0.2267"
"23,9 : 0.2267"
"9,24 : 0.3302"
"24,9 : 0.3302"
"9,25 : 0.6621"
"25,9 : 0.6621"
"9,26 : 0.6977"
"26,9 : 0.6977"
"9,27 : 0.3257"
"27,9 : 0.3257"
"9,28 : 0.849"
"28,9 : 0.849"
"9,29 : 0.67"
"29,9 : 0.67"
"9,30 : 0.8902"
"30,9 : 0.8902"
"9,31 : 0.5492"
"31,9 : 0.5492"
"9,32 : 0.743"
"32,9 : 0.743"
"9,33 : 0.4743"
"33,9 : 0.4743"
"9,34 : 0.1844"
"34,9 : 0.1844"
"9,35 : 0.6224"
"35,9 : 0.6224"
"9,36 : 0.4219"
"36,9 : 0.4219"
"9,37 : 0.3324"
"37,9 : 0.3324"
"9,38 : 0.1565"
"38,9 : 0.1565"
"9,39 : 0.2441"
"39,9 : 0.2441"
"9,40 : 0.1965"
"40,9 : 0.1965"
"9,41 : 0.5189"
"41,9 : 0.5189"
"9,42 : 0.7253"
"42,9 : 0.7253"
"9,43 : 0.771"
"43,9 : 0.771"
"9,44 : 0.4134"
"44,9 : 0.4134"
"9,45 : 0.2309"
"45,9 : 0.2309"
"9,46 : 0.3396"
"46,9 : 0.3396"
"9,47 : 0.1503"
"47,9 : 0.1503"
"9,48 : 0.3132"
"48,9 : 0.3132"
"9,49 : 0.2385"
"49,9 : 0.2385"
"10,11 : 0.4662"
"11,10 : 0.4662"
"10,12 : 0.7479"
"12,10 : 0.7479"
"10,13 : 0.3423"
"13,10 : 0.3423"
"10,14 : 0.3015"
"14,10 : 0.3015"
"10,15 : 0.672"
"15,10 : 0.672"
"10,16 : 0.6851"
"16,10 : 0.6851"
"10,17 : 0.4305"
"17,10 : 0.4305"
"10,18 : 0.4393"
"18,10 : 0.4393"
"10,19 : 0.3764"
"19,10 : 0.3764"
"10,20 : 0.4617"
"20,10 : 0.4617"
"10,21 : 0.3413"
"21,10 : 0.3413"
"10,22 : 0.4805"
"22,10 : 0.4805"
"10,23 : 0.4118"
"23,10 : 0.4118"
"10,24 : 0.4294"
"24,10 : 0.4294"
"10,25 : 0.8562"
"25,10 : 0.8562"
"10,26 : 0.8538"
"26,10 : 0.8538"
"10,27 : 0.3711"
"27,10 : 0.3711"
"10,28 : 0.968"
"28,10 : 0.968"
"10,29 : 0.8615"
"29,10 : 0.8615"
"10,30 : 1.0208"
"30,10 : 1.0208"
"10,31 : 0.6964"
"31,10 : 0.6964"
"10,32 : 0.9347"
"32,10 : 0.9347"
"10,33 : 0.6705"
"33,10 : 0.6705"
"10,34 : 0.3636"
"34,10 : 0.3636"
"10,35 : 0.6812"
"35,10 : 0.6812"
"10,36 : 0.6166"
"36,10 : 0.6166"
"10,37 : 0.5049"
"37,10 : 0.5049"
"10,38 : 0.2247"
"38,10 : 0.2247"
"10,39 : 0.0906"
"39,10 : 0.0906"
"10,40 : 0.38"
"40,10 : 0.38"
"10,41 : 0.4211"
"41,10 : 0.4211"
"10,42 : 0.9218"
"42,10 : 0.9218"
"10,43 : 0.9669"
"43,10 : 0.9669"
"10,44 : 0.5728"
"44,10 : 0.5728"
"10,45 : 0.2476"
"45,10 : 0.2476"
"10,46 : 0.3956"
"46,10 : 0.3956"
"10,47 : 0.3453"
"47,10 : 0.3453"
"10,48 : 0.4916"
"48,10 : 0.4916"
"10,49 : 0.4295"
"49,10 : 0.4295"
"11,12 : 0.8408"
"12,11 : 0.8408"
"11,13 : 0.4258"
"13,11 : 0.4258"
"11,14 : 0.4111"
"14,11 : 0.4111"
"11,15 : 0.8254"
"15,11 : 0.8254"
"11,16 : 0.3"
"16,11 : 0.3"
"11,17 : 0.7517"
"17,11 : 0.7517"
"11,18 : 0.3312"
"18,11 : 0.3312"
"11,19 : 0.2846"
"19,11 : 0.2846"
"11,20 : 0.2435"
"20,11 : 0.2435"
"11,21 : 0.5604"
"21,11 : 0.5604"
"11,22 : 0.3441"
"22,11 : 0.3441"
"11,23 : 0.5869"
"23,11 : 0.5869"
"11,24 : 0.7632"
"24,11 : 0.7632"
"11,25 : 0.8801"
"25,11 : 0.8801"
"11,26 : 0.5511"
"26,11 : 0.5511"
"11,27 : 0.7616"
"27,11 : 0.7616"
"11,28 : 0.5604"
"28,11 : 0.5604"
"11,29 : 0.7301"
"29,11 : 0.7301"
"11,30 : 0.6315"
"30,11 : 0.6315"
"11,31 : 0.4016"
"31,11 : 0.4016"
"11,32 : 0.9742"
"32,11 : 0.9742"
"11,33 : 0.688"
"33,11 : 0.688"
"11,34 : 0.5714"
"34,11 : 0.5714"
"11,35 : 0.2202"
"35,11 : 0.2202"
"11,36 : 0.5801"
"36,11 : 0.5801"
"11,37 : 0.386"
"37,11 : 0.386"
"11,38 : 0.5894"
"38,11 : 0.5894"
"11,39 : 0.4031"
"39,11 : 0.4031"
"11,40 : 0.3956"
"40,11 : 0.3956"
"11,41 : 0.3027"
"41,11 : 0.3027"
"11,42 : 0.8768"
"42,11 : 0.8768"
"11,43 : 0.8809"
"43,11 : 0.8809"
"11,44 : 0.7925"
"44,11 : 0.7925"
"11,45 : 0.2236"
"45,11 : 0.2236"
"11,46 : 0.7767"
"46,11 : 0.7767"
"11,47 : 0.4455"
"47,11 : 0.4455"
"11,48 : 0.405"
"48,11 : 0.405"
"11,49 : 0.5727"
"49,11 : 0.5727"
"12,13 : 0.4528"
"13,12 : 0.4528"
"12,14 : 0.488"
"14,12 : 0.488"
"12,15 : 0.114"
"15,12 : 0.114"
"12,16 : 0.7543"
"16,12 : 0.7543"
"12,17 : 0.43"
"17,12 : 0.43"
"12,18 : 0.5099"
"18,12 : 0.5099"
"12,19 : 0.5608"
"19,12 : 0.5608"
"12,20 : 1.03"
"20,12 : 1.03"
"12,21 : 0.4071"
"21,12 : 0.4071"
"12,22 : 0.5033"
"22,12 : 0.5033"
"12,23 : 0.3362"
"23,12 : 0.3362"
"12,24 : 0.4501"
"24,12 : 0.4501"
"12,25 : 0.1456"
"25,12 : 0.1456"
"12,26 : 0.6597"
"26,12 : 0.6597"
"12,27 : 0.5601"
"27,12 : 0.5601"
"12,28 : 0.9141"
"28,12 : 0.9141"
"12,29 : 0.3828"
"29,12 : 0.3828"
"12,30 : 0.9025"
"30,12 : 0.9025"
"12,31 : 0.62"
"31,12 : 0.62"
"12,32 : 0.1942"
"32,12 : 0.1942"
"12,33 : 0.1703"
"33,12 : 0.1703"
"12,34 : 0.3847"
"34,12 : 0.3847"
"12,35 : 0.9144"
"35,12 : 0.9144"
"12,36 : 0.2828"
"36,12 : 0.2828"
"12,37 : 0.4649"
"37,12 : 0.4649"
"12,38 : 0.5597"
"38,12 : 0.5597"
"12,39 : 0.8045"
"39,12 : 0.8045"
"12,40 : 0.458"
"40,12 : 0.458"
"12,41 : 1.0424"
"41,12 : 1.0424"
"12,42 : 0.2729"
"42,12 : 0.2729"
"12,43 : 0.3551"
"43,12 : 0.3551"
"12,44 : 0.2419"
"44,12 : 0.2419"
"12,45 : 0.73"
"45,12 : 0.73"
"12,46 : 0.5401"
"46,12 : 0.5401"
"12,47 : 0.4384"
"47,12 : 0.4384"
"12,48 : 0.4401"
"48,12 : 0.4401"
"12,49 : 0.322"
"49,12 : 0.322"
"13,14 : 0.0412"
"14,13 : 0.0412"
"13,15 : 0.4118"
"15,13 : 0.4118"
"13,16 : 0.4789"
"16,13 : 0.4789"
"13,17 : 0.3511"
"17,13 : 0.3511"
"13,18 : 0.1581"
"18,13 : 0.1581"
"13,19 : 0.1513"
"19,13 : 0.1513"
"13,20 : 0.5831"
"20,13 : 0.5831"
"13,21 : 0.1487"
"21,13 : 0.1487"
"13,22 : 0.191"
"22,13 : 0.191"
"13,23 : 0.1612"
"23,13 : 0.1612"
"13,24 : 0.3677"
"24,13 : 0.3677"
"13,25 : 0.5354"
"25,13 : 0.5354"
"13,26 : 0.563"
"26,13 : 0.563"
"13,27 : 0.4061"
"27,13 : 0.4061"
"13,28 : 0.7388"
"28,13 : 0.7388"
"13,29 : 0.5201"
"29,13 : 0.5201"
"13,30 : 0.7708"
"30,13 : 0.7708"
"13,31 : 0.4245"
"31,13 : 0.4245"
"13,32 : 0.622"
"32,13 : 0.622"
"13,33 : 0.34"
"33,13 : 0.34"
"13,34 : 0.153"
"34,13 : 0.153"
"13,35 : 0.5689"
"35,13 : 0.5689"
"13,36 : 0.2746"
"36,13 : 0.2746"
"13,37 : 0.1942"
"37,13 : 0.1942"
"13,38 : 0.2663"
"38,13 : 0.2663"
"13,39 : 0.3734"
"39,13 : 0.3734"
"13,40 : 0.0566"
"40,13 : 0.0566"
"13,41 : 0.5903"
"41,13 : 0.5903"
"13,42 : 0.5852"
"42,13 : 0.5852"
"13,43 : 0.6259"
"43,13 : 0.6259"
"13,44 : 0.3667"
"44,13 : 0.3667"
"13,45 : 0.278"
"45,13 : 0.278"
"13,46 : 0.4105"
"46,13 : 0.4105"
"13,47 : 0.02"
"47,13 : 0.02"
"13,48 : 0.17"
"48,13 : 0.17"
"13,49 : 0.1487"
"49,13 : 0.1487"
"14,15 : 0.441"
"15,14 : 0.441"
"14,16 : 0.4909"
"16,14 : 0.4909"
"14,17 : 0.3493"
"17,14 : 0.3493"
"14,18 : 0.1769"
"18,14 : 0.1769"
"14,19 : 0.1523"
"19,14 : 0.1523"
"14,20 : 0.5547"
"20,14 : 0.5547"
"14,21 : 0.1503"
"21,14 : 0.1503"
"14,22 : 0.214"
"22,14 : 0.214"
"14,23 : 0.1803"
"23,14 : 0.1803"
"14,24 : 0.364"
"24,14 : 0.364"
"14,25 : 0.5745"
"25,14 : 0.5745"
"14,26 : 0.5917"
"26,14 : 0.5917"
"14,27 : 0.3912"
"27,14 : 0.3912"
"14,28 : 0.7574"
"28,14 : 0.7574"
"14,29 : 0.5604"
"29,14 : 0.5604"
"14,30 : 0.7931"
"30,14 : 0.7931"
"14,31 : 0.4482"
"31,14 : 0.4482"
"14,32 : 0.6603"
"32,14 : 0.6603"
"14,33 : 0.3801"
"33,14 : 0.3801"
"14,34 : 0.1603"
"34,14 : 0.1603"
"14,35 : 0.5675"
"35,14 : 0.5675"
"14,36 : 0.3158"
"36,14 : 0.3158"
"14,37 : 0.2236"
"37,14 : 0.2236"
"14,38 : 0.2408"
"38,14 : 0.2408"
"14,39 : 0.3324"
"39,14 : 0.3324"
"14,40 : 0.0854"
"40,14 : 0.0854"
"14,41 : 0.558"
"41,14 : 0.558"
"14,42 : 0.6263"
"42,14 : 0.6263"
"14,43 : 0.6671"
"43,14 : 0.6671"
"14,44 : 0.386"
"44,14 : 0.386"
"14,45 : 0.247"
"45,14 : 0.247"
"14,46 : 0.3982"
"46,14 : 0.3982"
"14,47 : 0.05"
"47,14 : 0.05"
"14,48 : 0.2025"
"48,14 : 0.2025"
"14,49 : 0.1749"
"49,14 : 0.1749"
"15,16 : 0.7806"
"16,15 : 0.7806"
"15,17 : 0.3214"
"17,15 : 0.3214"
"15,18 : 0.5022"
"18,15 : 0.5022"
"15,19 : 0.5408"
"19,15 : 0.5408"
"15,20 : 0.9948"
"20,15 : 0.9948"
"15,21 : 0.333"
"21,15 : 0.333"
"15,22 : 0.5049"
"22,15 : 0.5049"
"15,23 : 0.2691"
"23,15 : 0.2691"
"15,24 : 0.3406"
"24,15 : 0.3406"
"15,25 : 0.2596"
"25,15 : 0.2596"
"15,26 : 0.7224"
"26,15 : 0.7224"
"15,27 : 0.4518"
"27,15 : 0.4518"
"15,28 : 0.9684"
"28,15 : 0.9684"
"15,29 : 0.4742"
"29,15 : 0.4742"
"15,30 : 0.9657"
"30,15 : 0.9657"
"15,31 : 0.6592"
"31,15 : 0.6592"
"15,32 : 0.3002"
"32,15 : 0.3002"
"15,33 : 0.2236"
"33,15 : 0.2236"
"15,34 : 0.3114"
"34,15 : 0.3114"
"15,35 : 0.9254"
"35,15 : 0.9254"
"15,36 : 0.3178"
"36,15 : 0.3178"
"15,37 : 0.4717"
"37,15 : 0.4717"
"15,38 : 0.4696"
"38,15 : 0.4696"
"15,39 : 0.7366"
"39,15 : 0.7366"
"15,40 : 0.4308"
"40,15 : 0.4308"
"15,41 : 0.9986"
"41,15 : 0.9986"
"15,42 : 0.3848"
"42,15 : 0.3848"
"15,43 : 0.4653"
"43,15 : 0.4653"
"15,44 : 0.13"
"44,15 : 0.13"
"15,45 : 0.688"
"45,15 : 0.688"
"15,46 : 0.4305"
"46,15 : 0.4305"
"15,47 : 0.3945"
"47,15 : 0.3945"
"15,48 : 0.4428"
"48,15 : 0.4428"
"15,49 : 0.2663"
"49,15 : 0.2663"
"16,17 : 0.8276"
"17,16 : 0.8276"
"16,18 : 0.322"
"18,16 : 0.322"
"16,19 : 0.3421"
"19,16 : 0.3421"
"16,20 : 0.536"
"20,16 : 0.536"
"16,21 : 0.6261"
"21,16 : 0.6261"
"16,22 : 0.2973"
"22,16 : 0.2973"
"16,23 : 0.6168"
"23,16 : 0.6168"
"16,24 : 0.8453"
"24,16 : 0.8453"
"16,25 : 0.7433"
"25,16 : 0.7433"
"16,26 : 0.264"
"26,16 : 0.264"
"16,27 : 0.882"
"27,16 : 0.882"
"16,28 : 0.283"
"28,16 : 0.283"
"16,29 : 0.5187"
"29,16 : 0.5187"
"16,30 : 0.3418"
"30,16 : 0.3418"
"16,31 : 0.1526"
"31,16 : 0.1526"
"16,32 : 0.8349"
"32,16 : 0.8349"
"16,33 : 0.5842"
"33,16 : 0.5842"
"16,34 : 0.6265"
"34,16 : 0.6265"
"16,35 : 0.191"
"35,16 : 0.191"
"16,36 : 0.4717"
"36,16 : 0.4717"
"16,37 : 0.3178"
"37,16 : 0.3178"
"16,38 : 0.7262"
"38,16 : 0.7262"
"16,39 : 0.6485"
"39,16 : 0.6485"
"16,40 : 0.4249"
"40,16 : 0.4249"
"16,41 : 0.6013"
"41,16 : 0.6013"
"16,42 : 0.6977"
"42,16 : 0.6977"
"16,43 : 0.6768"
"43,16 : 0.6768"
"16,44 : 0.7962"
"44,16 : 0.7962"
"16,45 : 0.4472"
"45,16 : 0.4472"
"16,46 : 0.8884"
"46,16 : 0.8884"
"16,47 : 0.4965"
"47,16 : 0.4965"
"16,48 : 0.3493"
"48,16 : 0.3493"
"16,49 : 0.5882"
"49,16 : 0.5882"
"17,18 : 0.5057"
"18,17 : 0.5057"
"17,19 : 0.5"
"19,17 : 0.5"
"17,20 : 0.8493"
"20,17 : 0.8493"
"17,21 : 0.2025"
"21,17 : 0.2025"
"17,22 : 0.5324"
"22,17 : 0.5324"
"17,23 : 0.2202"
"23,17 : 0.2202"
"17,24 : 0.0224"
"24,17 : 0.0224"
"17,25 : 0.5714"
"25,17 : 0.5714"
"17,26 : 0.8705"
"26,17 : 0.8705"
"17,27 : 0.1304"
"27,17 : 0.1304"
"17,28 : 1.0762"
"28,17 : 1.0762"
"17,29 : 0.7155"
"29,17 : 0.7155"
"17,30 : 1.0981"
"30,17 : 1.0981"
"17,31 : 0.7545"
"31,17 : 0.7545"
"17,32 : 0.6213"
"32,17 : 0.6213"
"17,33 : 0.4531"
"33,17 : 0.4531"
"17,34 : 0.2012"
"34,17 : 0.2012"
"17,35 : 0.9168"
"35,17 : 0.9168"
"17,36 : 0.4801"
"36,17 : 0.4801"
"17,37 : 0.5215"
"37,17 : 0.5215"
"17,38 : 0.2059"
"38,17 : 0.2059"
"17,39 : 0.5143"
"39,17 : 0.5143"
"17,40 : 0.4031"
"40,17 : 0.4031"
"17,41 : 0.8286"
"41,17 : 0.8286"
"17,42 : 0.6825"
"42,17 : 0.6825"
"17,43 : 0.7543"
"43,17 : 0.7543"
"17,44 : 0.1924"
"44,17 : 0.1924"
"17,45 : 0.5523"
"45,17 : 0.5523"
"17,46 : 0.1105"
"46,17 : 0.1105"
"17,47 : 0.3324"
"47,17 : 0.3324"
"17,48 : 0.4909"
"48,17 : 0.4909"
"17,49 : 0.255"
"49,17 : 0.255"
"18,19 : 0.0728"
"19,18 : 0.0728"
"18,20 : 0.5376"
"20,18 : 0.5376"
"18,21 : 0.3041"
"21,18 : 0.3041"
"18,22 : 0.0412"
"22,18 : 0.0412"
"18,23 : 0.2983"
"23,18 : 0.2983"
"18,24 : 0.5233"
"24,18 : 0.5233"
"18,25 : 0.5532"
"25,18 : 0.5532"
"18,26 : 0.4205"
"26,18 : 0.4205"
"18,27 : 0.564"
"27,18 : 0.564"
"18,28 : 0.5814"
"28,18 : 0.5814"
"18,29 : 0.4522"
"29,18 : 0.4522"
"18,30 : 0.6162"
"30,18 : 0.6162"
"18,31 : 0.272"
"31,18 : 0.272"
"18,32 : 0.6466"
"32,18 : 0.6466"
"18,33 : 0.3581"
"33,18 : 0.3581"
"18,34 : 0.3046"
"34,18 : 0.3046"
"18,35 : 0.4301"
"35,18 : 0.4301"
"18,36 : 0.2546"
"36,18 : 0.2546"
"18,37 : 0.0728"
"37,18 : 0.0728"
"18,38 : 0.4177"
"38,18 : 0.4177"
"18,39 : 0.44"
"39,18 : 0.44"
"18,40 : 0.103"
"40,18 : 0.103"
"18,41 : 0.5661"
"41,18 : 0.5661"
"18,42 : 0.5661"
"42,18 : 0.5661"
"18,43 : 0.5859"
"43,18 : 0.5859"
"18,44 : 0.4904"
"44,18 : 0.4904"
"18,45 : 0.2751"
"45,18 : 0.2751"
"18,46 : 0.5686"
"46,18 : 0.5686"
"18,47 : 0.1749"
"47,18 : 0.1749"
"18,48 : 0.0781"
"48,18 : 0.0781"
"18,49 : 0.2729"
"49,18 : 0.2729"
"19,20 : 0.4742"
"20,19 : 0.4742"
"19,21 : 0.2983"
"21,19 : 0.2983"
"19,22 : 0.1105"
"22,19 : 0.1105"
"19,23 : 0.31"
"23,19 : 0.31"
"19,24 : 0.5155"
"24,19 : 0.5155"
"19,25 : 0.6152"
"25,19 : 0.6152"
"19,26 : 0.4776"
"26,19 : 0.4776"
"19,27 : 0.542"
"27,19 : 0.542"
"19,28 : 0.6155"
"28,19 : 0.6155"
"19,29 : 0.525"
"29,19 : 0.525"
"19,30 : 0.658"
"30,19 : 0.658"
"19,31 : 0.322"
"31,19 : 0.322"
"19,32 : 0.7077"
"32,19 : 0.7077"
"19,33 : 0.4177"
"33,19 : 0.4177"
"19,34 : 0.3041"
"34,19 : 0.3041"
"19,35 : 0.4177"
"35,19 : 0.4177"
"19,36 : 0.3202"
"36,19 : 0.3202"
"19,37 : 0.1456"
"37,19 : 0.1456"
"19,38 : 0.3842"
"38,19 : 0.3842"
"19,39 : 0.3705"
"39,19 : 0.3705"
"19,40 : 0.1118"
"40,19 : 0.1118"
"19,41 : 0.4982"
"41,19 : 0.4982"
"19,42 : 0.6351"
"42,19 : 0.6351"
"19,43 : 0.6574"
"43,19 : 0.6574"
"19,44 : 0.5124"
"44,19 : 0.5124"
"19,45 : 0.2025"
"45,19 : 0.2025"
"19,46 : 0.5501"
"46,19 : 0.5501"
"19,47 : 0.1712"
"47,19 : 0.1712"
"19,48 : 0.1476"
"48,19 : 0.1476"
"19,49 : 0.2915"
"49,19 : 0.2915"
"20,21 : 0.6871"
"21,20 : 0.6871"
"20,22 : 0.5608"
"22,20 : 0.5608"
"20,23 : 0.7335"
"23,20 : 0.7335"
"20,24 : 0.8551"
"24,20 : 0.8551"
"20,25 : 1.0893"
"25,20 : 1.0893"
"20,26 : 0.7931"
"26,20 : 0.7931"
"20,27 : 0.8215"
"27,20 : 0.8215"
"20,28 : 0.7732"
"28,20 : 0.7732"
"20,29 : 0.9657"
"29,20 : 0.9657"
"20,30 : 0.8509"
"30,20 : 0.8509"
"20,31 : 0.6451"
"31,20 : 0.6451"
"20,32 : 1.1819"
"32,20 : 1.1819"
"20,33 : 0.892"
"33,20 : 0.892"
"20,34 : 0.7038"
"34,20 : 0.7038"
"20,35 : 0.4045"
"35,20 : 0.4045"
"20,36 : 0.7921"
"36,20 : 0.7921"
"20,37 : 0.6031"
"37,20 : 0.6031"
"20,38 : 0.6549"
"38,20 : 0.6549"
"20,39 : 0.3734"
"39,20 : 0.3734"
"20,40 : 0.572"
"40,20 : 0.572"
"20,41 : 0.0806"
"41,20 : 0.0806"
"20,42 : 1.1011"
"42,20 : 1.1011"
"20,43 : 1.1125"
"43,20 : 1.1125"
"20,44 : 0.9362"
"44,20 : 0.9362"
"20,45 : 0.3087"
"45,20 : 0.3087"
"20,46 : 0.8429"
"46,20 : 0.8429"
"20,47 : 0.6003"
"47,20 : 0.6003"
"20,48 : 0.6155"
"48,20 : 0.6155"
"20,49 : 0.7295"
"49,20 : 0.7295"
"21,22 : 0.3329"
"22,21 : 0.3329"
"21,23 : 0.0728"
"23,21 : 0.0728"
"21,24 : 0.2193"
"24,21 : 0.2193"
"21,25 : 0.522"
"25,21 : 0.522"
"21,26 : 0.6877"
"26,21 : 0.6877"
"21,27 : 0.2691"
"27,21 : 0.2691"
"21,28 : 0.8801"
"28,21 : 0.8801"
"21,29 : 0.5846"
"29,21 : 0.5846"
"21,30 : 0.9069"
"30,21 : 0.9069"
"21,31 : 0.5608"
"31,21 : 0.5608"
"21,32 : 0.5962"
"32,21 : 0.5962"
"21,33 : 0.3506"
"33,21 : 0.3506"
"21,34 : 0.0224"
"34,21 : 0.0224"
"21,35 : 0.7159"
"35,21 : 0.7159"
"21,36 : 0.3324"
"36,21 : 0.3324"
"21,37 : 0.3265"
"37,21 : 0.3265"
"21,38 : 0.1703"
"38,21 : 0.1703"
"21,39 : 0.4036"
"39,21 : 0.4036"
"21,40 : 0.2012"
"40,21 : 0.2012"
"21,41 : 0.68"
"41,21 : 0.68"
"21,42 : 0.603"
"42,21 : 0.603"
"21,43 : 0.66"
"43,21 : 0.66"
"21,44 : 0.2506"
"44,21 : 0.2506"
"21,45 : 0.3795"
"45,21 : 0.3795"
"21,46 : 0.2691"
"46,21 : 0.2691"
"21,47 : 0.13"
"47,21 : 0.13"
"21,48 : 0.2973"
"48,21 : 0.2973"
"21,49 : 0.1"
"49,21 : 0.1"
"22,23 : 0.3195"
"23,22 : 0.3195"
"22,24 : 0.5507"
"24,22 : 0.5507"
"22,25 : 0.536"
"25,22 : 0.536"
"22,26 : 0.3801"
"26,22 : 0.3801"
"22,27 : 0.5967"
"27,22 : 0.5967"
"22,28 : 0.5482"
"28,22 : 0.5482"
"22,29 : 0.4179"
"29,22 : 0.4179"
"22,30 : 0.58"
"30,22 : 0.58"
"22,31 : 0.2343"
"31,22 : 0.2343"
"22,32 : 0.6301"
"32,22 : 0.6301"
"22,33 : 0.3448"
"33,22 : 0.3448"
"22,34 : 0.3312"
"34,22 : 0.3312"
"22,35 : 0.4211"
"35,22 : 0.4211"
"22,36 : 0.236"
"36,22 : 0.236"
"22,37 : 0.0424"
"37,22 : 0.0424"
"22,38 : 0.4545"
"38,22 : 0.4545"
"22,39 : 0.4801"
"39,22 : 0.4801"
"22,40 : 0.1345"
"40,22 : 0.1345"
"22,41 : 0.5936"
"41,22 : 0.5936"
"22,42 : 0.5404"
"42,22 : 0.5404"
"22,43 : 0.5557"
"43,22 : 0.5557"
"22,44 : 0.5036"
"44,22 : 0.5036"
"22,45 : 0.3105"
"45,22 : 0.3105"
"22,46 : 0.6"
"46,22 : 0.6"
"22,47 : 0.2062"
"47,22 : 0.2062"
"22,48 : 0.0632"
"48,22 : 0.0632"
"22,49 : 0.2912"
"49,22 : 0.2912"
"23,24 : 0.2408"
"24,23 : 0.2408"
"23,25 : 0.4492"
"25,23 : 0.4492"
"23,26 : 0.6507"
"26,23 : 0.6507"
"23,27 : 0.3138"
"27,23 : 0.3138"
"23,28 : 0.8576"
"28,23 : 0.8576"
"23,29 : 0.522"
"29,23 : 0.522"
"23,30 : 0.878"
"30,23 : 0.878"
"23,31 : 0.5354"
"31,23 : 0.5354"
"23,32 : 0.5239"
"32,23 : 0.5239"
"23,33 : 0.28"
"33,23 : 0.28"
"23,34 : 0.051"
"34,23 : 0.051"
"23,35 : 0.7244"
"35,23 : 0.7244"
"23,36 : 0.2731"
"36,23 : 0.2731"
"23,37 : 0.3041"
"37,23 : 0.3041"
"23,38 : 0.2402"
"38,23 : 0.2402"
"23,39 : 0.4701"
"39,23 : 0.4701"
"23,40 : 0.201"
"40,23 : 0.201"
"23,41 : 0.7325"
"41,23 : 0.7325"
"23,42 : 0.5315"
"42,23 : 0.5315"
"23,43 : 0.5903"
"43,23 : 0.5903"
"23,44 : 0.2062"
"44,23 : 0.2062"
"23,45 : 0.4249"
"45,23 : 0.4249"
"23,46 : 0.3081"
"46,23 : 0.3081"
"23,47 : 0.1414"
"47,23 : 0.1414"
"23,48 : 0.2729"
"48,23 : 0.2729"
"23,49 : 0.0361"
"49,23 : 0.0361"
"24,25 : 0.5921"
"25,24 : 0.5921"
"24,26 : 0.8914"
"26,24 : 0.8914"
"24,27 : 0.1118"
"27,24 : 0.1118"
"24,28 : 1.0955"
"28,24 : 1.0955"
"24,29 : 0.7379"
"29,24 : 0.7379"
"24,30 : 1.1183"
"30,24 : 1.1183"
"24,31 : 0.7742"
"31,24 : 0.7742"
"24,32 : 0.6407"
"32,24 : 0.6407"
"24,33 : 0.4754"
"33,24 : 0.4754"
"24,34 : 0.2195"
"34,24 : 0.2195"
"24,35 : 0.9315"
"35,24 : 0.9315"
"24,36 : 0.5022"
"36,24 : 0.5022"
"24,37 : 0.5408"
"37,24 : 0.5408"
"24,38 : 0.2062"
"38,24 : 0.2062"
"24,39 : 0.5148"
"39,24 : 0.5148"
"24,40 : 0.4205"
"40,24 : 0.4205"
"24,41 : 0.8324"
"41,24 : 0.8324"
"24,42 : 0.7041"
"42,24 : 0.7041"
"24,43 : 0.7762"
"43,24 : 0.7762"
"24,44 : 0.211"
"44,24 : 0.211"
"24,45 : 0.5608"
"45,24 : 0.5608"
"24,46 : 0.09"
"46,24 : 0.09"
"24,47 : 0.3493"
"47,24 : 0.3493"
"24,48 : 0.5104"
"48,24 : 0.5104"
"24,49 : 0.2759"
"49,24 : 0.2759"
"25,26 : 0.6003"
"26,25 : 0.6003"
"25,27 : 0.7006"
"27,25 : 0.7006"
"25,28 : 0.8602"
"28,25 : 0.8602"
"25,29 : 0.2886"
"29,25 : 0.2886"
"25,30 : 0.836"
"30,25 : 0.836"
"25,31 : 0.5967"
"31,25 : 0.5967"
"25,32 : 0.0943"
"32,25 : 0.0943"
"25,33 : 0.1985"
"33,25 : 0.1985"
"25,34 : 0.5"
"34,25 : 0.5"
"25,35 : 0.9192"
"35,25 : 0.9192"
"25,36 : 0.3"
"36,25 : 0.3"
"25,37 : 0.4941"
"37,25 : 0.4941"
"25,38 : 0.6845"
"38,25 : 0.6845"
"25,39 : 0.9035"
"39,25 : 0.9035"
"25,40 : 0.5263"
"40,25 : 0.5263"
"25,41 : 1.1113"
"41,25 : 1.1113"
"25,42 : 0.1345"
"42,25 : 0.1345"
"25,43 : 0.2193"
"43,25 : 0.2193"
"25,44 : 0.3864"
"44,25 : 0.3864"
"25,45 : 0.8028"
"45,25 : 0.8028"
"25,46 : 0.6818"
"46,25 : 0.6818"
"25,47 : 0.5248"
"47,25 : 0.5248"
"25,48 : 0.4763"
"48,25 : 0.4763"
"25,49 : 0.4272"
"49,25 : 0.4272"
"26,27 : 0.9567"
"27,26 : 0.9567"
"26,28 : 0.26"
"28,26 : 0.26"
"26,29 : 0.3239"
"29,26 : 0.3239"
"26,30 : 0.2435"
"30,26 : 0.2435"
"26,31 : 0.1612"
"31,26 : 0.1612"
"26,32 : 0.6807"
"32,26 : 0.6807"
"26,33 : 0.4998"
"33,26 : 0.4998"
"26,34 : 0.6794"
"34,26 : 0.6794"
"26,35 : 0.4465"
"35,26 : 0.4465"
"26,36 : 0.4118"
"36,26 : 0.4118"
"26,37 : 0.3689"
"37,26 : 0.3689"
"26,38 : 0.8293"
"38,26 : 0.8293"
"26,39 : 0.8395"
"39,26 : 0.8395"
"26,40 : 0.5077"
"40,26 : 0.5077"
"26,41 : 0.8533"
"41,26 : 0.8533"
"26,42 : 0.5162"
"42,26 : 0.5162"
"26,43 : 0.4713"
"43,26 : 0.4713"
"26,44 : 0.7803"
"44,26 : 0.7803"
"26,45 : 0.6463"
"45,26 : 0.6463"
"26,46 : 0.9552"
"46,26 : 0.9552"
"26,47 : 0.5743"
"47,26 : 0.5743"
"26,48 : 0.3941"
"48,26 : 0.3941"
"26,49 : 0.6155"
"49,26 : 0.6155"
"27,28 : 1.1448"
"28,27 : 1.1448"
"27,29 : 0.8301"
"29,27 : 0.8301"
"27,30 : 1.1746"
"30,27 : 1.1746"
"27,31 : 0.8281"
"31,27 : 0.8281"
"27,32 : 0.7517"
"32,27 : 0.7517"
"27,33 : 0.5728"
"33,27 : 0.5728"
"27,34 : 0.278"
"34,27 : 0.278"
"27,35 : 0.947"
"35,27 : 0.947"
"27,36 : 0.5859"
"36,27 : 0.5859"
"27,37 : 0.5941"
"37,27 : 0.5941"
"27,38 : 0.1726"
"38,27 : 0.1726"
"27,39 : 0.461"
"39,27 : 0.461"
"27,40 : 0.4623"
"40,27 : 0.4623"
"27,41 : 0.7892"
"41,27 : 0.7892"
"27,42 : 0.8089"
"42,27 : 0.8089"
"27,43 : 0.8786"
"43,27 : 0.8786"
"27,44 : 0.3225"
"44,27 : 0.3225"
"27,45 : 0.5459"
"45,27 : 0.5459"
"27,46 : 0.0283"
"46,27 : 0.0283"
"27,47 : 0.3905"
"47,27 : 0.3905"
"27,48 : 0.5657"
"48,27 : 0.5657"
"27,49 : 0.3499"
"49,27 : 0.3499"
"28,29 : 0.5822"
"29,28 : 0.5822"
"28,30 : 0.0854"
"30,28 : 0.0854"
"28,31 : 0.3225"
"31,28 : 0.3225"
"28,32 : 0.9405"
"32,28 : 0.9405"
"28,33 : 0.7495"
"33,28 : 0.7495"
"28,34 : 0.8766"
"34,28 : 0.8766"
"28,35 : 0.3701"
"35,28 : 0.3701"
"28,36 : 0.6515"
"36,28 : 0.6515"
"28,37 : 0.5547"
"37,28 : 0.5547"
"28,38 : 0.9972"
"38,28 : 0.9972"
"28,39 : 0.9306"
"39,28 : 0.9306"
"28,40 : 0.6825"
"40,28 : 0.6825"
"28,41 : 0.8472"
"41,28 : 0.8472"
"28,42 : 0.7741"
"42,28 : 0.7741"
"28,43 : 0.7237"
"43,28 : 0.7237"
"28,44 : 1.0124"
"44,28 : 1.0124"
"28,45 : 0.7295"
"45,28 : 0.7295"
"28,46 : 1.1481"
"46,28 : 1.1481"
"28,47 : 0.7543"
"47,28 : 0.7543"
"28,48 : 0.5852"
"48,28 : 0.5852"
"28,49 : 0.8249"
"49,28 : 0.8249"
"29,30 : 0.5508"
"30,29 : 0.5508"
"29,31 : 0.3662"
"31,29 : 0.3662"
"29,32 : 0.3606"
"32,29 : 0.3606"
"29,33 : 0.2663"
"33,29 : 0.2663"
"29,34 : 0.5675"
"34,29 : 0.5675"
"29,35 : 0.708"
"35,29 : 0.708"
"29,36 : 0.2532"
"36,29 : 0.2532"
"29,37 : 0.3795"
"37,29 : 0.3795"
"29,38 : 0.7531"
"38,29 : 0.7531"
"29,39 : 0.8812"
"39,29 : 0.8812"
"29,40 : 0.4826"
"40,29 : 0.4826"
"29,41 : 1.0065"
"41,29 : 1.0065"
"29,42 : 0.1924"
"42,29 : 0.1924"
"29,43 : 0.1581"
"43,29 : 0.1581"
"29,44 : 0.5701"
"44,29 : 0.5701"
"29,45 : 0.7273"
"45,29 : 0.7273"
"29,46 : 0.8194"
"46,29 : 0.8194"
"29,47 : 0.5201"
"47,29 : 0.5201"
"29,48 : 0.3808"
"48,29 : 0.3808"
"29,49 : 0.4876"
"49,29 : 0.4876"
"30,31 : 0.3466"
"31,30 : 0.3466"
"30,32 : 0.9114"
"32,30 : 0.9114"
"30,33 : 0.7433"
"33,30 : 0.7433"
"30,34 : 0.9014"
"34,30 : 0.9014"
"30,35 : 0.4504"
"35,30 : 0.4504"
"30,36 : 0.6531"
"36,30 : 0.6531"
"30,37 : 0.5805"
"37,30 : 0.5805"
"30,38 : 1.0339"
"38,30 : 1.0339"
"30,39 : 0.989"
"39,30 : 0.989"
"30,40 : 0.7142"
"40,30 : 0.7142"
"30,41 : 0.9235"
"41,30 : 0.9235"
"30,42 : 0.74"
"42,30 : 0.74"
"30,43 : 0.6826"
"43,30 : 0.6826"
"30,44 : 1.02"
"44,30 : 1.02"
"30,45 : 0.7879"
"45,30 : 0.7879"
"30,46 : 1.1759"
"46,30 : 1.1759"
"30,47 : 0.7849"
"47,30 : 0.7849"
"30,48 : 0.6096"
"48,30 : 0.6096"
"30,49 : 0.844"
"49,30 : 0.844"
"31,32 : 0.6868"
"32,31 : 0.6868"
"31,33 : 0.4501"
"33,31 : 0.4501"
"31,34 : 0.5561"
"34,31 : 0.5561"
"31,35 : 0.3421"
"35,31 : 0.3421"
"31,36 : 0.3423"
"36,31 : 0.3423"
"31,37 : 0.2343"
"37,31 : 0.2343"
"31,38 : 0.6888"
"38,31 : 0.6888"
"31,39 : 0.6791"
"39,31 : 0.6791"
"31,40 : 0.368"
"40,31 : 0.368"
"31,41 : 0.7009"
"41,31 : 0.7009"
"31,42 : 0.5456"
"42,31 : 0.5456"
"31,43 : 0.5243"
"43,31 : 0.5243"
"31,44 : 0.6929"
"44,31 : 0.6929"
"31,45 : 0.4851"
"45,31 : 0.4851"
"31,46 : 0.8298"
"46,31 : 0.8298"
"31,47 : 0.4384"
"47,31 : 0.4384"
"31,48 : 0.264"
"48,31 : 0.264"
"31,49 : 0.5025"
"49,31 : 0.5025"
"32,33 : 0.29"
"33,32 : 0.29"
"32,34 : 0.5738"
"34,32 : 0.5738"
"32,35 : 1.0124"
"35,32 : 1.0124"
"32,36 : 0.3941"
"36,32 : 0.3941"
"32,37 : 0.5882"
"37,32 : 0.5882"
"32,38 : 0.7529"
"38,32 : 0.7529"
"32,39 : 0.9862"
"39,32 : 0.9862"
"32,40 : 0.6162"
"40,32 : 0.6162"
"32,41 : 1.2024"
"41,32 : 1.2024"
"32,42 : 0.1772"
"42,32 : 0.1772"
"32,43 : 0.255"
"43,32 : 0.255"
"32,44 : 0.4301"
"44,32 : 0.4301"
"32,45 : 0.8927"
"45,32 : 0.8927"
"32,46 : 0.7306"
"46,32 : 0.7306"
"32,47 : 0.6103"
"47,32 : 0.6103"
"32,48 : 0.5701"
"48,32 : 0.5701"
"32,49 : 0.5054"
"49,32 : 0.5054"
"33,34 : 0.3302"
"34,33 : 0.3302"
"33,35 : 0.7473"
"35,33 : 0.7473"
"33,36 : 0.114"
"36,33 : 0.114"
"33,37 : 0.3041"
"37,33 : 0.3041"
"33,38 : 0.5201"
"38,33 : 0.5201"
"33,39 : 0.7118"
"39,33 : 0.7118"
"33,40 : 0.328"
"40,33 : 0.328"
"33,41 : 0.9129"
"41,33 : 0.9129"
"33,42 : 0.2532"
"42,33 : 0.2532"
"33,43 : 0.3106"
"43,33 : 0.3106"
"33,44 : 0.3048"
"44,33 : 0.3048"
"33,45 : 0.6044"
"45,33 : 0.6044"
"33,46 : 0.5597"
"46,33 : 0.5597"
"33,47 : 0.3311"
"47,33 : 0.3311"
"33,48 : 0.283"
"48,33 : 0.283"
"33,49 : 0.2508"
"49,33 : 0.2508"
"34,35 : 0.7218"
"35,34 : 0.7218"
"34,36 : 0.3162"
"36,34 : 0.3162"
"34,37 : 0.322"
"37,34 : 0.322"
"34,38 : 0.19"
"38,34 : 0.19"
"34,39 : 0.4252"
"39,34 : 0.4252"
"34,40 : 0.2025"
"40,34 : 0.2025"
"34,41 : 0.6984"
"41,34 : 0.6984"
"34,42 : 0.5822"
"42,34 : 0.5822"
"34,43 : 0.6401"
"43,34 : 0.6401"
"34,44 : 0.2326"
"44,34 : 0.2326"
"34,45 : 0.3956"
"45,34 : 0.3956"
"34,46 : 0.2759"
"46,34 : 0.2759"
"34,47 : 0.1334"
"47,34 : 0.1334"
"34,48 : 0.2921"
"48,34 : 0.2921"
"34,49 : 0.0806"
"49,34 : 0.0806"
"35,36 : 0.6332"
"36,35 : 0.6332"
"35,37 : 0.454"
"37,35 : 0.454"
"35,38 : 0.7788"
"38,35 : 0.7788"
"35,39 : 0.6224"
"39,35 : 0.6224"
"35,40 : 0.5235"
"40,35 : 0.5235"
"35,41 : 0.4805"
"41,35 : 0.4805"
"35,42 : 0.8832"
"42,35 : 0.8832"
"35,43 : 0.8661"
"43,35 : 0.8661"
"35,44 : 0.9205"
"44,35 : 0.9205"
"35,45 : 0.4342"
"45,35 : 0.4342"
"35,46 : 0.9586"
"46,35 : 0.9586"
"35,47 : 0.5886"
"47,35 : 0.5886"
"35,48 : 0.4826"
"48,35 : 0.4826"
"35,49 : 0.7018"
"49,35 : 0.7018"
"36,37 : 0.1942"
"37,36 : 0.1942"
"36,38 : 0.5001"
"38,36 : 0.5001"
"36,39 : 0.6456"
"39,36 : 0.6456"
"36,40 : 0.247"
"40,36 : 0.247"
"36,41 : 0.8184"
"41,36 : 0.8184"
"36,42 : 0.3176"
"42,36 : 0.3176"
"36,43 : 0.3517"
"43,36 : 0.3517"
"36,44 : 0.3689"
"44,36 : 0.3689"
"36,45 : 0.5162"
"45,36 : 0.5162"
"36,46 : 0.578"
"46,36 : 0.578"
"36,47 : 0.2717"
"47,36 : 0.2717"
"36,48 : 0.1769"
"48,36 : 0.1769"
"36,49 : 0.2377"
"49,36 : 0.2377"
"37,38 : 0.4604"
"38,37 : 0.4604"
"37,39 : 0.5104"
"39,37 : 0.5104"
"37,40 : 0.1389"
"40,37 : 0.1389"
"37,41 : 0.6351"
"41,37 : 0.6351"
"37,42 : 0.4982"
"42,37 : 0.4982"
"37,43 : 0.5148"
"43,37 : 0.5148"
"37,44 : 0.4785"
"44,37 : 0.4785"
"37,45 : 0.3479"
"45,37 : 0.3479"
"37,46 : 0.5955"
"46,37 : 0.5955"
"37,47 : 0.2062"
"47,37 : 0.2062"
"37,48 : 0.0316"
"48,37 : 0.0316"
"37,49 : 0.2731"
"49,37 : 0.2731"
"38,39 : 0.3087"
"39,38 : 0.3087"
"38,40 : 0.322"
"40,38 : 0.322"
"38,41 : 0.6282"
"41,38 : 0.6282"
"38,42 : 0.7716"
"42,38 : 0.7716"
"38,43 : 0.8301"
"43,38 : 0.8301"
"38,44 : 0.3581"
"44,38 : 0.3581"
"38,45 : 0.3734"
"45,38 : 0.3734"
"38,46 : 0.1903"
"46,38 : 0.1903"
"38,47 : 0.2555"
"47,38 : 0.2555"
"38,48 : 0.4357"
"48,38 : 0.4357"
"38,49 : 0.2702"
"49,38 : 0.2702"
"39,40 : 0.4002"
"40,39 : 0.4002"
"39,41 : 0.3306"
"41,39 : 0.3306"
"39,42 : 0.9586"
"42,39 : 0.9586"
"39,43 : 0.9972"
"43,39 : 0.9972"
"39,44 : 0.6454"
"44,39 : 0.6454"
"39,45 : 0.2012"
"45,39 : 0.2012"
"39,46 : 0.4851"
"46,39 : 0.4851"
"39,47 : 0.3808"
"47,39 : 0.3808"
"39,48 : 0.5025"
"48,39 : 0.5025"
"39,49 : 0.4826"
"49,39 : 0.4826"
"40,41 : 0.5869"
"41,40 : 0.5869"
"40,42 : 0.5636"
"42,40 : 0.5636"
"40,43 : 0.5977"
"43,40 : 0.5977"
"40,44 : 0.4011"
"44,40 : 0.4011"
"40,45 : 0.2766"
"45,40 : 0.2766"
"40,46 : 0.4662"
"46,40 : 0.4662"
"40,47 : 0.0721"
"47,40 : 0.0721"
"40,48 : 0.117"
"48,40 : 0.117"
"40,49 : 0.1803"
"49,40 : 0.1803"
"41,42 : 1.1323"
"42,41 : 1.1323"
"41,43 : 1.1491"
"43,41 : 1.1491"
"41,44 : 0.9306"
"44,41 : 0.9306"
"41,45 : 0.3124"
"45,41 : 0.3124"
"41,46 : 0.8122"
"46,41 : 0.8122"
"41,47 : 0.6061"
"47,41 : 0.6061"
"41,48 : 0.644"
"48,41 : 0.644"
"41,49 : 0.7324"
"49,41 : 0.7324"
"42,43 : 0.0849"
"43,42 : 0.0849"
"42,44 : 0.506"
"44,42 : 0.506"
"42,45 : 0.8335"
"45,42 : 0.8335"
"42,46 : 0.7925"
"46,42 : 0.7925"
"42,47 : 0.5787"
"47,42 : 0.5787"
"42,48 : 0.4883"
