x,y
0.42,0.41
0.03,0.21
0.64,0.83
0.19,0.64
0.28,0.44
0.3,0.41
0.38,0.72
0.25,0.06
0.37,0.41
0.07,0.49
0.39,0.31
0.17,0.47
0.79,0.06
0.33,0.83
0.29,0.0
0.97,0.2
0.09,0.06
0.74,0.59
0.98,0.93
0.38,0.55
0.55,0.9
0.64,0.87
0.26,0.88
0.54,0.41
0.71,0.15
0.62,0.79
0.52,0.1
0.4,0.54
0.42,0.79
0.03,0.5
0.29,0.14
0.26,0.2
0.5,0.76
0.86,0.81
0.2,0.74
0.87,0.39
0.8,0.36
0.11,0.6
0.14,0.57
0.55,0.38
0.59,0.67
0.11,0.87
0.65,0.1
0.5,0.68
0.73,0.76
0.43,0.87
0.67,0.59
0.66,0.09
0.75,0.61
0.62,0.69

Distanze
"0,1 : 0.4383"
"1,0 : 0.4383"
"0,2 : 0.4741"
"2,0 : 0.4741"
"0,3 : 0.3253"
"3,0 : 0.3253"
"0,4 : 0.1432"
"4,0 : 0.1432"
"0,5 : 0.12"
"5,0 : 0.12"
"0,6 : 0.3126"
"6,0 : 0.3126"
"0,7 : 0.3891"
"7,0 : 0.3891"
"0,8 : 0.05"
"8,0 : 0.05"
"0,9 : 0.359"
"9,0 : 0.359"
"0,10 : 0.1044"
"10,0 : 0.1044"
"0,11 : 0.2571"
"11,0 : 0.2571"
"0,12 : 0.5093"
"12,0 : 0.5093"
"0,13 : 0.4295"
"13,0 : 0.4295"
"0,14 : 0.4301"
"14,0 : 0.4301"
"0,15 : 0.5887"
"15,0 : 0.5887"
"0,16 : 0.481"
"16,0 : 0.481"
"0,17 : 0.3672"
"17,0 : 0.3672"
"0,18 : 0.7642"
"18,0 : 0.7642"
"0,19 : 0.1456"
"19,0 : 0.1456"
"0,20 : 0.507"
"20,0 : 0.507"
"0,21 : 0.5099"
"21,0 : 0.5099"
"0,22 : 0.4965"
"22,0 : 0.4965"
"0,23 : 0.12"
"23,0 : 0.12"
"0,24 : 0.3895"
"24,0 : 0.3895"
"0,25 : 0.4294"
"25,0 : 0.4294"
"0,26 : 0.3257"
"26,0 : 0.3257"
"0,27 : 0.1315"
"27,0 : 0.1315"
"0,28 : 0.38"
"28,0 : 0.38"
"0,29 : 0.4002"
"29,0 : 0.4002"
"0,30 : 0.2997"
"30,0 : 0.2997"
"0,31 : 0.264"
"31,0 : 0.264"
"0,32 : 0.359"
"32,0 : 0.359"
"0,33 : 0.5946"
"33,0 : 0.5946"
"0,34 : 0.3966"
"34,0 : 0.3966"
"0,35 : 0.4504"
"35,0 : 0.4504"
"0,36 : 0.3833"
"36,0 : 0.3833"
"0,37 : 0.3636"
"37,0 : 0.3636"
"0,38 : 0.3225"
"38,0 : 0.3225"
"0,39 : 0.1334"
"39,0 : 0.1334"
"0,40 : 0.3106"
"40,0 : 0.3106"
"0,41 : 0.5547"
"41,0 : 0.5547"
"0,42 : 0.386"
"42,0 : 0.386"
"0,43 : 0.2816"
"43,0 : 0.2816"
"0,44 : 0.4675"
"44,0 : 0.4675"
"0,45 : 0.4601"
"45,0 : 0.4601"
"0,46 : 0.3081"
"46,0 : 0.3081"
"0,47 : 0.4"
"47,0 : 0.4"
"0,48 : 0.3859"
"48,0 : 0.3859"
"0,49 : 0.3441"
"49,0 : 0.3441"
"1,2 : 0.8698"
"2,1 : 0.8698"
"1,3 : 0.4588"
"3,1 : 0.4588"
"1,4 : 0.3397"
"4,1 : 0.3397"
"1,5 : 0.336"
"5,1 : 0.336"
"1,6 : 0.6185"
"6,1 : 0.6185"
"1,7 : 0.2663"
"7,1 : 0.2663"
"1,8 : 0.3945"
"8,1 : 0.3945"
"1,9 : 0.2828"
"9,1 : 0.2828"
"1,10 : 0.3736"
"10,1 : 0.3736"
"1,11 : 0.2953"
"11,1 : 0.2953"
"1,12 : 0.7747"
"12,1 : 0.7747"
"1,13 : 0.6888"
"13,1 : 0.6888"
"1,14 : 0.3342"
"14,1 : 0.3342"
"1,15 : 0.9401"
"15,1 : 0.9401"
"1,16 : 0.1616"
"16,1 : 0.1616"
"1,17 : 0.8053"
"17,1 : 0.8053"
"1,18 : 1.192"
"18,1 : 1.192"
"1,19 : 0.488"
"19,1 : 0.488"
"1,20 : 0.864"
"20,1 : 0.864"
"1,21 : 0.8987"
"21,1 : 0.8987"
"1,22 : 0.7084"
"22,1 : 0.7084"
"1,23 : 0.5478"
"23,1 : 0.5478"
"1,24 : 0.6826"
"24,1 : 0.6826"
"1,25 : 0.8273"
"25,1 : 0.8273"
"1,26 : 0.5022"
"26,1 : 0.5022"
"1,27 : 0.4958"
"27,1 : 0.4958"
"1,28 : 0.6989"
"28,1 : 0.6989"
"1,29 : 0.29"
"29,1 : 0.29"
"1,30 : 0.2693"
"30,1 : 0.2693"
"1,31 : 0.2302"
"31,1 : 0.2302"
"1,32 : 0.7235"
"32,1 : 0.7235"
"1,33 : 1.0242"
"33,1 : 1.0242"
"1,34 : 0.5566"
"34,1 : 0.5566"
"1,35 : 0.8591"
"35,1 : 0.8591"
"1,36 : 0.7845"
"36,1 : 0.7845"
"1,37 : 0.3981"
"37,1 : 0.3981"
"1,38 : 0.3764"
"38,1 : 0.3764"
"1,39 : 0.5471"
"39,1 : 0.5471"
"1,40 : 0.7247"
"40,1 : 0.7247"
"1,41 : 0.6648"
"41,1 : 0.6648"
"1,42 : 0.6297"
"42,1 : 0.6297"
"1,43 : 0.6647"
"43,1 : 0.6647"
"1,44 : 0.8902"
"44,1 : 0.8902"
"1,45 : 0.7718"
"45,1 : 0.7718"
"1,46 : 0.7443"
"46,1 : 0.7443"
"1,47 : 0.6413"
"47,1 : 0.6413"
"1,48 : 0.8237"
"48,1 : 0.8237"
"1,49 : 0.7606"
"49,1 : 0.7606"
"2,3 : 0.4885"
"3,2 : 0.4885"
"2,4 : 0.5308"
"4,2 : 0.5308"
"2,5 : 0.5404"
"5,2 : 0.5404"
"2,6 : 0.2823"
"6,2 : 0.2823"
"2,7 : 0.8631"
"7,2 : 0.8631"
"2,8 : 0.4993"
"8,2 : 0.4993"
"2,9 : 0.6637"
"9,2 : 0.6637"
"2,10 : 0.577"
"10,2 : 0.577"
"2,11 : 0.592"
"11,2 : 0.592"
"2,12 : 0.7845"
"12,2 : 0.7845"
"2,13 : 0.31"
"13,2 : 0.31"
"2,14 : 0.9008"
"14,2 : 0.9008"
"2,15 : 0.7112"
"15,2 : 0.7112"
"2,16 : 0.9463"
"16,2 : 0.9463"
"2,17 : 0.26"
"17,2 : 0.26"
"2,18 : 0.3544"
"18,2 : 0.3544"
"2,19 : 0.3821"
"19,2 : 0.3821"
"2,20 : 0.114"
"20,2 : 0.114"
"2,21 : 0.04"
"21,2 : 0.04"
"2,22 : 0.3833"
"22,2 : 0.3833"
"2,23 : 0.4317"
"23,2 : 0.4317"
"2,24 : 0.6836"
"24,2 : 0.6836"
"2,25 : 0.0447"
"25,2 : 0.0447"
"2,26 : 0.7398"
"26,2 : 0.7398"
"2,27 : 0.3764"
"27,2 : 0.3764"
"2,28 : 0.2236"
"28,2 : 0.2236"
"2,29 : 0.6935"
"29,2 : 0.6935"
"2,30 : 0.7737"
"30,2 : 0.7737"
"2,31 : 0.7357"
"31,2 : 0.7357"
"2,32 : 0.1565"
"32,2 : 0.1565"
"2,33 : 0.2209"
"33,2 : 0.2209"
"2,34 : 0.4491"
"34,2 : 0.4491"
"2,35 : 0.4965"
"35,2 : 0.4965"
"2,36 : 0.4965"
"36,2 : 0.4965"
"2,37 : 0.5778"
"37,2 : 0.5778"
"2,38 : 0.5636"
"38,2 : 0.5636"
"2,39 : 0.4589"
"39,2 : 0.4589"
"2,40 : 0.1676"
"40,2 : 0.1676"
"2,41 : 0.5315"
"41,2 : 0.5315"
"2,42 : 0.7301"
"42,2 : 0.7301"
"2,43 : 0.2052"
"43,2 : 0.2052"
"2,44 : 0.114"
"44,2 : 0.114"
"2,45 : 0.2138"
"45,2 : 0.2138"
"2,46 : 0.2419"
"46,2 : 0.2419"
"2,47 : 0.7403"
"47,2 : 0.7403"
"2,48 : 0.246"
"48,2 : 0.246"
"2,49 : 0.1414"
"49,2 : 0.1414"
"3,4 : 0.2193"
"4,3 : 0.2193"
"3,5 : 0.255"
"5,3 : 0.255"
"3,6 : 0.2062"
"6,3 : 0.2062"
"3,7 : 0.5831"
"7,3 : 0.5831"
"3,8 : 0.2921"
"8,3 : 0.2921"
"3,9 : 0.1921"
"9,3 : 0.1921"
"3,10 : 0.3859"
"10,3 : 0.3859"
"3,11 : 0.1712"
"11,3 : 0.1712"
"3,12 : 0.8345"
"12,3 : 0.8345"
"3,13 : 0.236"
"13,3 : 0.236"
"3,14 : 0.6478"
"14,3 : 0.6478"
"3,15 : 0.8955"
"15,3 : 0.8955"
"3,16 : 0.5886"
"16,3 : 0.5886"
"3,17 : 0.5523"
"17,3 : 0.5523"
"3,18 : 0.8415"
"18,3 : 0.8415"
"3,19 : 0.2102"
"19,3 : 0.2102"
"3,20 : 0.4441"
"20,3 : 0.4441"
"3,21 : 0.5054"
"21,3 : 0.5054"
"3,22 : 0.25"
"22,3 : 0.25"
"3,23 : 0.4188"
"23,3 : 0.4188"
"3,24 : 0.7145"
"24,3 : 0.7145"
"3,25 : 0.4554"
"25,3 : 0.4554"
"3,26 : 0.6329"
"26,3 : 0.6329"
"3,27 : 0.2326"
"27,3 : 0.2326"
"3,28 : 0.2746"
"28,3 : 0.2746"
"3,29 : 0.2126"
"29,3 : 0.2126"
"3,30 : 0.5099"
"30,3 : 0.5099"
"3,31 : 0.4455"
"31,3 : 0.4455"
"3,32 : 0.3324"
"32,3 : 0.3324"
"3,33 : 0.6912"
"33,3 : 0.6912"
"3,34 : 0.1005"
"34,3 : 0.1005"
"3,35 : 0.7245"
"35,3 : 0.7245"
"3,36 : 0.6712"
"36,3 : 0.6712"
"3,37 : 0.0894"
"37,3 : 0.0894"
"3,38 : 0.086"
"38,3 : 0.086"
"3,39 : 0.4441"
"39,3 : 0.4441"
"3,40 : 0.4011"
"40,3 : 0.4011"
"3,41 : 0.2435"
"41,3 : 0.2435"
"3,42 : 0.7094"
"42,3 : 0.7094"
"3,43 : 0.3126"
"43,3 : 0.3126"
"3,44 : 0.5532"
"44,3 : 0.5532"
"3,45 : 0.3324"
"45,3 : 0.3324"
"3,46 : 0.4826"
"46,3 : 0.4826"
"3,47 : 0.7235"
"47,3 : 0.7235"
"3,48 : 0.5608"
"48,3 : 0.5608"
"3,49 : 0.4329"
"49,3 : 0.4329"
"4,5 : 0.0361"
"5,4 : 0.0361"
"4,6 : 0.2973"
"6,4 : 0.2973"
"4,7 : 0.3812"
"7,4 : 0.3812"
"4,8 : 0.0949"
"8,4 : 0.0949"
"4,9 : 0.2159"
"9,4 : 0.2159"
"4,10 : 0.1703"
"10,4 : 0.1703"
"4,11 : 0.114"
"11,4 : 0.114"
"4,12 : 0.636"
"12,4 : 0.636"
"4,13 : 0.3932"
"13,4 : 0.3932"
"4,14 : 0.4401"
"14,4 : 0.4401"
"4,15 : 0.7305"
"15,4 : 0.7305"
"4,16 : 0.4249"
"16,4 : 0.4249"
"4,17 : 0.4838"
"17,4 : 0.4838"
"4,18 : 0.8545"
"18,4 : 0.8545"
"4,19 : 0.1487"
"19,4 : 0.1487"
"4,20 : 0.5334"
"20,4 : 0.5334"
"4,21 : 0.5608"
"21,4 : 0.5608"
"4,22 : 0.4405"
"22,4 : 0.4405"
"4,23 : 0.2617"
"23,4 : 0.2617"
"4,24 : 0.5187"
"24,4 : 0.5187"
"4,25 : 0.488"
"25,4 : 0.488"
"4,26 : 0.4162"
"26,4 : 0.4162"
"4,27 : 0.1562"
"27,4 : 0.1562"
"4,28 : 0.377"
"28,4 : 0.377"
"4,29 : 0.2571"
"29,4 : 0.2571"
"4,30 : 0.3002"
"30,4 : 0.3002"
"4,31 : 0.2408"
"31,4 : 0.2408"
"4,32 : 0.3883"
"32,4 : 0.3883"
"4,33 : 0.688"
"33,4 : 0.688"
"4,34 : 0.3105"
"34,4 : 0.3105"
"4,35 : 0.5921"
"35,4 : 0.5921"
"4,36 : 0.5261"
"36,4 : 0.5261"
"4,37 : 0.2335"
"37,4 : 0.2335"
"4,38 : 0.191"
"38,4 : 0.191"
"4,39 : 0.2766"
"39,4 : 0.2766"
"4,40 : 0.386"
"40,4 : 0.386"
"4,41 : 0.4624"
"41,4 : 0.4624"
"4,42 : 0.5025"
"42,4 : 0.5025"
"4,43 : 0.3256"
"43,4 : 0.3256"
"4,44 : 0.5522"
"44,4 : 0.5522"
"4,45 : 0.4554"
"45,4 : 0.4554"
"4,46 : 0.4179"
"46,4 : 0.4179"
"4,47 : 0.5166"
"47,4 : 0.5166"
"4,48 : 0.4998"
"48,4 : 0.4998"
"4,49 : 0.422"
"49,4 : 0.422"
"5,6 : 0.3202"
"6,5 : 0.3202"
"5,7 : 0.3536"
"7,5 : 0.3536"
"5,8 : 0.07"
"8,5 : 0.07"
"5,9 : 0.2435"
"9,5 : 0.2435"
"5,10 : 0.1345"
"10,5 : 0.1345"
"5,11 : 0.1432"
"11,5 : 0.1432"
"5,12 : 0.6022"
"12,5 : 0.6022"
"5,13 : 0.4211"
"13,5 : 0.4211"
"5,14 : 0.4101"
"14,5 : 0.4101"
"5,15 : 0.7021"
"15,5 : 0.7021"
"5,16 : 0.4082"
"16,5 : 0.4082"
"5,17 : 0.4754"
"17,5 : 0.4754"
"5,18 : 0.856"
"18,5 : 0.856"
"5,19 : 0.1612"
"19,5 : 0.1612"
"5,20 : 0.5501"
"20,5 : 0.5501"
"5,21 : 0.572"
"21,5 : 0.572"
"5,22 : 0.4717"
"22,5 : 0.4717"
"5,23 : 0.24"
"23,5 : 0.24"
"5,24 : 0.4855"
"24,5 : 0.4855"
"5,25 : 0.4968"
"25,5 : 0.4968"
"5,26 : 0.3801"
"26,5 : 0.3801"
"5,27 : 0.164"
"27,5 : 0.164"
"5,28 : 0.3985"
"28,5 : 0.3985"
"5,29 : 0.2846"
"29,5 : 0.2846"
"5,30 : 0.2702"
"30,5 : 0.2702"
"5,31 : 0.2138"
"31,5 : 0.2138"
"5,32 : 0.4031"
"32,5 : 0.4031"
"5,33 : 0.6882"
"33,5 : 0.6882"
"5,34 : 0.3448"
"34,5 : 0.3448"
"5,35 : 0.5704"
"35,5 : 0.5704"
"5,36 : 0.5025"
"36,5 : 0.5025"
"5,37 : 0.2687"
"37,5 : 0.2687"
"5,38 : 0.2263"
"38,5 : 0.2263"
"5,39 : 0.2518"
"39,5 : 0.2518"
"5,40 : 0.3895"
"40,5 : 0.3895"
"5,41 : 0.4977"
"41,5 : 0.4977"
"5,42 : 0.4675"
"42,5 : 0.4675"
"5,43 : 0.336"
"43,5 : 0.336"
"5,44 : 0.5544"
"44,5 : 0.5544"
"5,45 : 0.478"
"45,5 : 0.478"
"5,46 : 0.4115"
"46,5 : 0.4115"
"5,47 : 0.4817"
"47,5 : 0.4817"
"5,48 : 0.4924"
"48,5 : 0.4924"
"5,49 : 0.4252"
"49,5 : 0.4252"
"6,7 : 0.6727"
"7,6 : 0.6727"
"6,8 : 0.3102"
"8,6 : 0.3102"
"6,9 : 0.386"
"9,6 : 0.386"
"6,10 : 0.4101"
"10,6 : 0.4101"
"6,11 : 0.3265"
"11,6 : 0.3265"
"6,12 : 0.777"
"12,6 : 0.777"
"6,13 : 0.1208"
"13,6 : 0.1208"
"6,14 : 0.7256"
"14,6 : 0.7256"
"6,15 : 0.7864"
"15,6 : 0.7864"
"6,16 : 0.7209"
"16,6 : 0.7209"
"6,17 : 0.3828"
"17,6 : 0.3828"
"6,18 : 0.6357"
"18,6 : 0.6357"
"6,19 : 0.17"
"19,6 : 0.17"
"6,20 : 0.2476"
"20,6 : 0.2476"
"6,21 : 0.3002"
"21,6 : 0.3002"
"6,22 : 0.2"
"22,6 : 0.2"
"6,23 : 0.3489"
"23,6 : 0.3489"
"6,24 : 0.6586"
"24,6 : 0.6586"
"6,25 : 0.25"
"25,6 : 0.25"
"6,26 : 0.6356"
"26,6 : 0.6356"
"6,27 : 0.1811"
"27,6 : 0.1811"
"6,28 : 0.0806"
"28,6 : 0.0806"
"6,29 : 0.4134"
"29,6 : 0.4134"
"6,30 : 0.5869"
"30,6 : 0.5869"
"6,31 : 0.5337"
"31,6 : 0.5337"
"6,32 : 0.1265"
"32,6 : 0.1265"
"6,33 : 0.4884"
"33,6 : 0.4884"
"6,34 : 0.1811"
"34,6 : 0.1811"
"6,35 : 0.5908"
"35,6 : 0.5908"
"6,36 : 0.5532"
"36,6 : 0.5532"
"6,37 : 0.2955"
"37,6 : 0.2955"
"6,38 : 0.283"
"38,6 : 0.283"
"6,39 : 0.3801"
"39,6 : 0.3801"
"6,40 : 0.2159"
"40,6 : 0.2159"
"6,41 : 0.3089"
"41,6 : 0.3089"
"6,42 : 0.6762"
"42,6 : 0.6762"
"6,43 : 0.1265"
"43,6 : 0.1265"
"6,44 : 0.3523"
"44,6 : 0.3523"
"6,45 : 0.1581"
"45,6 : 0.1581"
"6,46 : 0.3178"
"46,6 : 0.3178"
"6,47 : 0.6894"
"47,6 : 0.6894"
"6,48 : 0.386"
"48,6 : 0.386"
"6,49 : 0.2419"
"49,6 : 0.2419"
"7,8 : 0.37"
"8,7 : 0.37"
"7,9 : 0.4662"
"9,7 : 0.4662"
"7,10 : 0.2865"
"10,7 : 0.2865"
"7,11 : 0.4177"
"11,7 : 0.4177"
"7,12 : 0.54"
"12,7 : 0.54"
"7,13 : 0.7741"
"13,7 : 0.7741"
"7,14 : 0.0721"
"14,7 : 0.0721"
"7,15 : 0.7335"
"15,7 : 0.7335"
"7,16 : 0.16"
"16,7 : 0.16"
"7,17 : 0.7218"
"17,7 : 0.7218"
"7,18 : 1.1357"
"18,7 : 1.1357"
"7,19 : 0.507"
"19,7 : 0.507"
"7,20 : 0.892"
"20,7 : 0.892"
"7,21 : 0.899"
"21,7 : 0.899"
"7,22 : 0.8201"
"22,7 : 0.8201"
"7,23 : 0.4545"
"23,7 : 0.4545"
"7,24 : 0.4687"
"24,7 : 0.4687"
"7,25 : 0.8184"
"25,7 : 0.8184"
"7,26 : 0.2729"
"26,7 : 0.2729"
"7,27 : 0.5029"
"27,7 : 0.5029"
"7,28 : 0.7495"
"28,7 : 0.7495"
"7,29 : 0.4919"
"29,7 : 0.4919"
"7,30 : 0.0894"
"30,7 : 0.0894"
"7,31 : 0.1404"
"31,7 : 0.1404"
"7,32 : 0.7433"
"32,7 : 0.7433"
"7,33 : 0.9667"
"33,7 : 0.9667"
"7,34 : 0.6818"
"34,7 : 0.6818"
"7,35 : 0.7024"
"35,7 : 0.7024"
"7,36 : 0.6265"
"36,7 : 0.6265"
"7,37 : 0.5579"
"37,7 : 0.5579"
"7,38 : 0.5217"
"38,7 : 0.5217"
"7,39 : 0.4386"
"39,7 : 0.4386"
"7,40 : 0.6984"
"40,7 : 0.6984"
"7,41 : 0.822"
"41,7 : 0.822"
"7,42 : 0.402"
"42,7 : 0.402"
"7,43 : 0.6685"
"43,7 : 0.6685"
"7,44 : 0.8488"
"44,7 : 0.8488"
"7,45 : 0.8298"
"45,7 : 0.8298"
"7,46 : 0.6762"
"46,7 : 0.6762"
"7,47 : 0.4111"
"47,7 : 0.4111"
"7,48 : 0.7433"
"48,7 : 0.7433"
"7,49 : 0.7306"
"49,7 : 0.7306"
"8,9 : 0.3105"
"9,8 : 0.3105"
"8,10 : 0.102"
"10,8 : 0.102"
"8,11 : 0.2088"
"11,8 : 0.2088"
"8,12 : 0.5467"
"12,8 : 0.5467"
"8,13 : 0.4219"
"13,8 : 0.4219"
"8,14 : 0.4177"
"14,8 : 0.4177"
"8,15 : 0.6357"
"15,8 : 0.6357"
"8,16 : 0.4482"
"16,8 : 0.4482"
"8,17 : 0.4115"
"17,8 : 0.4115"
"8,18 : 0.8016"
"18,8 : 0.8016"
"8,19 : 0.1404"
"19,8 : 0.1404"
"8,20 : 0.522"
"20,8 : 0.522"
"8,21 : 0.5334"
"21,8 : 0.5334"
"8,22 : 0.4827"
"22,8 : 0.4827"
"8,23 : 0.17"
"23,8 : 0.17"
"8,24 : 0.428"
"24,8 : 0.428"
"8,25 : 0.4549"
"25,8 : 0.4549"
"8,26 : 0.3444"
"26,8 : 0.3444"
"8,27 : 0.1334"
"27,8 : 0.1334"
"8,28 : 0.3833"
"28,8 : 0.3833"
"8,29 : 0.3517"
"29,8 : 0.3517"
"8,30 : 0.2816"
"30,8 : 0.2816"
"8,31 : 0.2371"
"31,8 : 0.2371"
"8,32 : 0.3734"
"32,8 : 0.3734"
"8,33 : 0.6325"
"33,8 : 0.6325"
"8,34 : 0.3712"
"34,8 : 0.3712"
"8,35 : 0.5004"
"35,8 : 0.5004"
"8,36 : 0.4329"
"36,8 : 0.4329"
"8,37 : 0.322"
"37,8 : 0.322"
"8,38 : 0.2802"
"38,8 : 0.2802"
"8,39 : 0.1825"
"39,8 : 0.1825"
"8,40 : 0.3406"
"40,8 : 0.3406"
"8,41 : 0.5284"
"41,8 : 0.5284"
"8,42 : 0.4177"
"42,8 : 0.4177"
"8,43 : 0.2997"
"43,8 : 0.2997"
"8,44 : 0.5021"
"44,8 : 0.5021"
"8,45 : 0.4639"
"45,8 : 0.4639"
"8,46 : 0.3499"
"46,8 : 0.3499"
"8,47 : 0.4319"
"47,8 : 0.4319"
"8,48 : 0.4294"
"48,8 : 0.4294"
"8,49 : 0.3754"
"49,8 : 0.3754"
"9,10 : 0.3672"
"10,9 : 0.3672"
"9,11 : 0.102"
"11,9 : 0.102"
"9,12 : 0.8386"
"12,9 : 0.8386"
"9,13 : 0.428"
"13,9 : 0.428"
"9,14 : 0.5371"
"14,9 : 0.5371"
"9,15 : 0.9456"
"15,9 : 0.9456"
"9,16 : 0.4305"
"16,9 : 0.4305"
"9,17 : 0.6774"
"17,9 : 0.6774"
"9,18 : 1.0108"
"18,9 : 1.0108"
"9,19 : 0.3158"
"19,9 : 0.3158"
"9,20 : 0.6313"
"20,9 : 0.6313"
"9,21 : 0.6851"
"21,9 : 0.6851"
"9,22 : 0.4338"
"22,9 : 0.4338"
"9,23 : 0.4768"
"23,9 : 0.4768"
"9,24 : 0.7247"
"24,9 : 0.7247"
"9,25 : 0.6265"
"25,9 : 0.6265"
"9,26 : 0.5955"
"26,9 : 0.5955"
"9,27 : 0.3338"
"27,9 : 0.3338"
"9,28 : 0.461"
"28,9 : 0.461"
"9,29 : 0.0412"
"29,9 : 0.0412"
"9,30 : 0.4134"
"30,9 : 0.4134"
"9,31 : 0.3467"
"31,9 : 0.3467"
"9,32 : 0.5077"
"32,9 : 0.5077"
"9,33 : 0.8523"
"33,9 : 0.8523"
"9,34 : 0.2818"
"34,9 : 0.2818"
"9,35 : 0.8062"
"35,9 : 0.8062"
"9,36 : 0.7415"
"36,9 : 0.7415"
"9,37 : 0.117"
"37,9 : 0.117"
"9,38 : 0.1063"
"38,9 : 0.1063"
"9,39 : 0.4924"
"39,9 : 0.4924"
"9,40 : 0.5503"
"40,9 : 0.5503"
"9,41 : 0.3821"
"41,9 : 0.3821"
"9,42 : 0.6989"
"42,9 : 0.6989"
"9,43 : 0.4701"
"43,9 : 0.4701"
"9,44 : 0.7131"
"44,9 : 0.7131"
"9,45 : 0.5235"
"45,9 : 0.5235"
"9,46 : 0.6083"
"46,9 : 0.6083"
"9,47 : 0.7128"
"47,9 : 0.7128"
"9,48 : 0.6905"
"48,9 : 0.6905"
"9,49 : 0.5852"
"49,9 : 0.5852"
"10,11 : 0.272"
"11,10 : 0.272"
"10,12 : 0.4717"
"12,10 : 0.4717"
"10,13 : 0.5235"
"13,10 : 0.5235"
"10,14 : 0.3257"
"14,10 : 0.3257"
"10,15 : 0.5903"
"15,10 : 0.5903"
"10,16 : 0.3905"
"16,10 : 0.3905"
"10,17 : 0.4482"
"17,10 : 0.4482"
"10,18 : 0.8559"
"18,10 : 0.8559"
"10,19 : 0.2402"
"19,10 : 0.2402"
"10,20 : 0.6113"
"20,10 : 0.6113"
"10,21 : 0.6133"
"21,10 : 0.6133"
"10,22 : 0.5846"
"22,10 : 0.5846"
"10,23 : 0.1803"
"23,10 : 0.1803"
"10,24 : 0.3578"
"24,10 : 0.3578"
"10,25 : 0.5323"
"25,10 : 0.5323"
"10,26 : 0.247"
"26,10 : 0.247"
"10,27 : 0.2302"
"27,10 : 0.2302"
"10,28 : 0.4809"
"28,10 : 0.4809"
"10,29 : 0.4071"
"29,10 : 0.4071"
"10,30 : 0.1972"
"30,10 : 0.1972"
"10,31 : 0.1703"
"31,10 : 0.1703"
"10,32 : 0.4632"
"32,10 : 0.4632"
"10,33 : 0.6862"
"33,10 : 0.6862"
"10,34 : 0.4701"
"34,10 : 0.4701"
"10,35 : 0.4866"
"35,10 : 0.4866"
"10,36 : 0.413"
"36,10 : 0.413"
"10,37 : 0.4031"
"37,10 : 0.4031"
"10,38 : 0.3607"
"38,10 : 0.3607"
"10,39 : 0.1746"
"39,10 : 0.1746"
"10,40 : 0.4118"
"40,10 : 0.4118"
"10,41 : 0.6261"
"41,10 : 0.6261"
"10,42 : 0.3342"
"42,10 : 0.3342"
"10,43 : 0.386"
"43,10 : 0.386"
"10,44 : 0.564"
"44,10 : 0.564"
"10,45 : 0.5614"
"45,10 : 0.5614"
"10,46 : 0.396"
"46,10 : 0.396"
"10,47 : 0.3483"
"47,10 : 0.3483"
"10,48 : 0.4686"
"48,10 : 0.4686"
"10,49 : 0.4442"
"49,10 : 0.4442"
"11,12 : 0.7433"
"12,11 : 0.7433"
"11,13 : 0.394"
"13,11 : 0.394"
"11,14 : 0.4851"
"14,11 : 0.4851"
"11,15 : 0.8443"
"15,11 : 0.8443"
"11,16 : 0.4177"
"16,11 : 0.4177"
"11,17 : 0.5825"
"17,11 : 0.5825"
"11,18 : 0.9315"
"18,11 : 0.9315"
"11,19 : 0.2247"
"19,11 : 0.2247"
"11,20 : 0.5738"
"20,11 : 0.5738"
"11,21 : 0.6172"
"21,11 : 0.6172"
"11,22 : 0.4198"
"22,11 : 0.4198"
"11,23 : 0.3748"
"23,11 : 0.3748"
"11,24 : 0.6277"
"24,11 : 0.6277"
"11,25 : 0.5522"
"25,11 : 0.5522"
"11,26 : 0.5093"
"26,11 : 0.5093"
"11,27 : 0.2404"
"27,11 : 0.2404"
"11,28 : 0.4061"
"28,11 : 0.4061"
"11,29 : 0.1432"
"29,11 : 0.1432"
"11,30 : 0.3511"
"30,11 : 0.3511"
"11,31 : 0.2846"
"31,11 : 0.2846"
"11,32 : 0.4393"
"32,11 : 0.4393"
"11,33 : 0.7692"
"33,11 : 0.7692"
"11,34 : 0.2717"
"34,11 : 0.2717"
"11,35 : 0.7046"
"35,11 : 0.7046"
"11,36 : 0.6395"
"36,11 : 0.6395"
"11,37 : 0.1432"
"37,11 : 0.1432"
"11,38 : 0.1044"
"38,11 : 0.1044"
"11,39 : 0.3905"
"39,11 : 0.3905"
"11,40 : 0.4652"
"40,11 : 0.4652"
"11,41 : 0.4045"
"41,11 : 0.4045"
"11,42 : 0.6061"
"42,11 : 0.6061"
"11,43 : 0.3912"
"43,11 : 0.3912"
"11,44 : 0.6306"
"44,11 : 0.6306"
"11,45 : 0.4771"
"45,11 : 0.4771"
"11,46 : 0.5142"
"46,11 : 0.5142"
"11,47 : 0.6201"
"47,11 : 0.6201"
"11,48 : 0.5967"
"48,11 : 0.5967"
"11,49 : 0.5009"
"49,11 : 0.5009"
"12,13 : 0.8969"
"13,12 : 0.8969"
"12,14 : 0.5036"
"14,12 : 0.5036"
"12,15 : 0.228"
"15,12 : 0.228"
"12,16 : 0.7"
"16,12 : 0.7"
"12,17 : 0.5324"
"17,12 : 0.5324"
"12,18 : 0.8905"
"18,12 : 0.8905"
"12,19 : 0.6389"
"19,12 : 0.6389"
"12,20 : 0.8736"
"20,12 : 0.8736"
"12,21 : 0.8238"
"21,12 : 0.8238"
"12,22 : 0.9764"
"22,12 : 0.9764"
"12,23 : 0.4301"
"23,12 : 0.4301"
"12,24 : 0.1204"
"24,12 : 0.1204"
"12,25 : 0.7495"
"25,12 : 0.7495"
"12,26 : 0.2729"
"26,12 : 0.2729"
"12,27 : 0.6185"
"27,12 : 0.6185"
"12,28 : 0.8184"
"28,12 : 0.8184"
"12,29 : 0.8782"
"29,12 : 0.8782"
"12,30 : 0.5064"
"30,12 : 0.5064"
"12,31 : 0.5482"
"31,12 : 0.5482"
"12,32 : 0.7577"
"32,12 : 0.7577"
"12,33 : 0.7533"
"33,12 : 0.7533"
"12,34 : 0.9003"
"34,12 : 0.9003"
"12,35 : 0.3396"
"35,12 : 0.3396"
"12,36 : 0.3002"
"36,12 : 0.3002"
"12,37 : 0.8683"
"37,12 : 0.8683"
"12,38 : 0.8262"
"38,12 : 0.8262"
"12,39 : 0.4"
"39,12 : 0.4"
"12,40 : 0.642"
"40,12 : 0.642"
"12,41 : 1.0576"
"41,12 : 1.0576"
"12,42 : 0.1456"
"42,12 : 0.1456"
"12,43 : 0.6845"
"43,12 : 0.6845"
"12,44 : 0.7026"
"44,12 : 0.7026"
"12,45 : 0.8864"
"45,12 : 0.8864"
"12,46 : 0.5434"
"46,12 : 0.5434"
"12,47 : 0.1334"
"47,12 : 0.1334"
"12,48 : 0.5515"
"48,12 : 0.5515"
"12,49 : 0.6525"
"49,12 : 0.6525"
"13,14 : 0.831"
"14,13 : 0.831"
"13,15 : 0.8981"
"15,13 : 0.8981"
"13,16 : 0.8065"
"16,13 : 0.8065"
"13,17 : 0.4751"
"17,13 : 0.4751"
"13,18 : 0.6576"
"18,13 : 0.6576"
"13,19 : 0.2844"
"19,13 : 0.2844"
"13,20 : 0.2309"
"20,13 : 0.2309"
"13,21 : 0.3126"
"21,13 : 0.3126"
"13,22 : 0.086"
"22,13 : 0.086"
"13,23 : 0.4696"
"23,13 : 0.4696"
"13,24 : 0.779"
"24,13 : 0.779"
"13,25 : 0.2927"
"25,13 : 0.2927"
"13,26 : 0.7543"
"26,13 : 0.7543"
"13,27 : 0.2983"
"27,13 : 0.2983"
"13,28 : 0.0985"
"28,13 : 0.0985"
"13,29 : 0.446"
"29,13 : 0.446"
"13,30 : 0.6912"
"30,13 : 0.6912"
"13,31 : 0.6339"
"31,13 : 0.6339"
"13,32 : 0.1838"
"32,13 : 0.1838"
"13,33 : 0.5304"
"33,13 : 0.5304"
"13,34 : 0.1581"
"34,13 : 0.1581"
"13,35 : 0.6966"
"35,13 : 0.6966"
"13,36 : 0.6647"
"36,13 : 0.6647"
"13,37 : 0.3183"
"37,13 : 0.3183"
"13,38 : 0.322"
"38,13 : 0.322"
"13,39 : 0.5009"
"39,13 : 0.5009"
"13,40 : 0.3053"
"40,13 : 0.3053"
"13,41 : 0.2236"
"41,13 : 0.2236"
"13,42 : 0.7971"
"42,13 : 0.7971"
"13,43 : 0.2267"
"43,13 : 0.2267"
"13,44 : 0.4061"
"44,13 : 0.4061"
"13,45 : 0.1077"
"45,13 : 0.1077"
"13,46 : 0.4162"
"46,13 : 0.4162"
"13,47 : 0.8102"
"47,13 : 0.8102"
"13,48 : 0.4741"
"48,13 : 0.4741"
"13,49 : 0.322"
"49,13 : 0.322"
"14,15 : 0.7088"
"15,14 : 0.7088"
"14,16 : 0.2088"
"16,14 : 0.2088"
"14,17 : 0.742"
"17,14 : 0.742"
"14,18 : 1.158"
"18,14 : 1.158"
"14,19 : 0.5573"
"19,14 : 0.5573"
"14,20 : 0.9368"
"20,14 : 0.9368"
"14,21 : 0.9378"
"21,14 : 0.9378"
"14,22 : 0.8805"
"22,14 : 0.8805"
"14,23 : 0.4802"
"23,14 : 0.4802"
"14,24 : 0.446"
"24,14 : 0.446"
"14,25 : 0.8562"
"25,14 : 0.8562"
"14,26 : 0.2508"
"26,14 : 0.2508"
"14,27 : 0.5511"
"27,14 : 0.5511"
"14,28 : 0.8006"
"28,14 : 0.8006"
"14,29 : 0.5636"
"29,14 : 0.5636"
"14,30 : 0.14"
"30,14 : 0.14"
"14,31 : 0.2022"
"31,14 : 0.2022"
"14,32 : 0.7885"
"32,14 : 0.7885"
"14,33 : 0.9905"
"33,14 : 0.9905"
"14,34 : 0.7455"
"34,14 : 0.7455"
"14,35 : 0.6989"
"35,14 : 0.6989"
"14,36 : 0.6243"
"36,14 : 0.6243"
"14,37 : 0.6264"
"37,14 : 0.6264"
"14,38 : 0.5894"
"38,14 : 0.5894"
"14,39 : 0.4604"
"39,14 : 0.4604"
"14,40 : 0.7341"
"40,14 : 0.7341"
"14,41 : 0.8884"
"41,14 : 0.8884"
"14,42 : 0.3736"
"42,14 : 0.3736"
"14,43 : 0.7117"
"43,14 : 0.7117"
"14,44 : 0.8782"
"44,14 : 0.8782"
"14,45 : 0.8812"
"45,14 : 0.8812"
"14,46 : 0.7018"
"46,14 : 0.7018"
"14,47 : 0.3808"
"47,14 : 0.3808"
"14,48 : 0.764"
"48,14 : 0.764"
"14,49 : 0.7649"
"49,14 : 0.7649"
"15,16 : 0.8911"
"16,15 : 0.8911"
"15,17 : 0.4528"
"17,15 : 0.4528"
"15,18 : 0.7301"
"18,15 : 0.7301"
"15,19 : 0.686"
"19,15 : 0.686"
"15,20 : 0.8163"
"20,15 : 0.8163"
"15,21 : 0.7469"
"21,15 : 0.7469"
"15,22 : 0.9831"
"22,15 : 0.9831"
"15,23 : 0.4785"
"23,15 : 0.4785"
"15,24 : 0.2648"
"24,15 : 0.2648"
"15,25 : 0.686"
"25,15 : 0.686"
"15,26 : 0.461"
"26,15 : 0.461"
"15,27 : 0.6637"
"27,15 : 0.6637"
"15,28 : 0.8066"
"28,15 : 0.8066"
"15,29 : 0.9867"
"29,15 : 0.9867"
"15,30 : 0.6826"
"30,15 : 0.6826"
"15,31 : 0.71"
"31,15 : 0.71"
"15,32 : 0.7311"
"32,15 : 0.7311"
"15,33 : 0.6198"
"33,15 : 0.6198"
"15,34 : 0.9405"
"34,15 : 0.9405"
"15,35 : 0.2147"
"35,15 : 0.2147"
"15,36 : 0.2335"
"36,15 : 0.2335"
"15,37 : 0.9485"
"37,15 : 0.9485"
"15,38 : 0.9087"
"38,15 : 0.9087"
"15,39 : 0.4569"
"39,15 : 0.4569"
"15,40 : 0.6044"
"40,15 : 0.6044"
"15,41 : 1.0902"
"41,15 : 1.0902"
"15,42 : 0.3353"
"42,15 : 0.3353"
"15,43 : 0.6718"
"43,15 : 0.6718"
"15,44 : 0.6093"
"44,15 : 0.6093"
"15,45 : 0.8605"
"45,15 : 0.8605"
"15,46 : 0.492"
"46,15 : 0.492"
"15,47 : 0.3289"
"47,15 : 0.3289"
"15,48 : 0.4653"
"48,15 : 0.4653"
"15,49 : 0.6022"
"49,15 : 0.6022"
"16,17 : 0.8387"
"17,16 : 0.8387"
"16,18 : 1.2446"
"18,16 : 1.2446"
"16,19 : 0.5694"
"19,16 : 0.5694"
"16,20 : 0.9577"
"20,16 : 0.9577"
"16,21 : 0.9791"
"21,16 : 0.9791"
"16,22 : 0.8374"
"22,16 : 0.8374"
"16,23 : 0.5701"
"23,16 : 0.5701"
"16,24 : 0.6265"
"24,16 : 0.6265"
"16,25 : 0.9021"
"25,16 : 0.9021"
"16,26 : 0.4319"
"26,16 : 0.4319"
"16,27 : 0.5714"
"27,16 : 0.5714"
"16,28 : 0.8011"
"28,16 : 0.8011"
"16,29 : 0.4441"
"29,16 : 0.4441"
"16,30 : 0.2154"
"30,16 : 0.2154"
"16,31 : 0.2202"
"31,16 : 0.2202"
"16,32 : 0.8112"
"32,16 : 0.8112"
"16,33 : 1.0749"
"33,16 : 1.0749"
"16,34 : 0.6888"
"34,16 : 0.6888"
"16,35 : 0.8469"
"35,16 : 0.8469"
"16,36 : 0.7708"
"36,16 : 0.7708"
"16,37 : 0.5404"
"37,16 : 0.5404"
"16,38 : 0.5124"
"38,16 : 0.5124"
"16,39 : 0.5604"
"39,16 : 0.5604"
"16,40 : 0.7887"
"40,16 : 0.7887"
"16,41 : 0.8102"
"41,16 : 0.8102"
"16,42 : 0.5614"
"42,16 : 0.5614"
"16,43 : 0.7433"
"43,16 : 0.7433"
"16,44 : 0.9485"
"44,16 : 0.9485"
"16,45 : 0.8785"
"45,16 : 0.8785"
"16,46 : 0.7857"
"46,16 : 0.7857"
"16,47 : 0.5708"
"47,16 : 0.5708"
"16,48 : 0.8591"
"48,16 : 0.8591"
"16,49 : 0.8233"
"49,16 : 0.8233"
"17,18 : 0.4162"
"18,17 : 0.4162"
"17,19 : 0.3622"
"19,17 : 0.3622"
"17,20 : 0.3636"
"20,17 : 0.3636"
"17,21 : 0.2973"
"21,17 : 0.2973"
"17,22 : 0.5608"
"22,17 : 0.5608"
"17,23 : 0.2691"
"23,17 : 0.2691"
"17,24 : 0.441"
"24,17 : 0.441"
"17,25 : 0.2332"
"25,17 : 0.2332"
"17,26 : 0.5371"
"26,17 : 0.5371"
"17,27 : 0.3437"
"27,17 : 0.3437"
"17,28 : 0.3774"
"28,17 : 0.3774"
"17,29 : 0.7157"
"29,17 : 0.7157"
"17,30 : 0.6364"
"30,17 : 0.6364"
"17,31 : 0.6185"
"31,17 : 0.6185"
"17,32 : 0.2941"
"32,17 : 0.2941"
"17,33 : 0.2506"
"33,17 : 0.2506"
"17,34 : 0.5604"
"34,17 : 0.5604"
"17,35 : 0.2385"
"35,17 : 0.2385"
"17,36 : 0.2377"
"36,17 : 0.2377"
"17,37 : 0.6301"
"37,17 : 0.6301"
"17,38 : 0.6003"
"38,17 : 0.6003"
"17,39 : 0.2832"
"39,17 : 0.2832"
"17,40 : 0.17"
"40,17 : 0.17"
"17,41 : 0.6894"
"41,17 : 0.6894"
"17,42 : 0.4982"
"42,17 : 0.4982"
"17,43 : 0.2563"
"43,17 : 0.2563"
"17,44 : 0.1703"
"44,17 : 0.1703"
"17,45 : 0.4177"
"45,17 : 0.4177"
"17,46 : 0.07"
"46,17 : 0.07"
"17,47 : 0.5064"
"47,17 : 0.5064"
"17,48 : 0.0224"
"48,17 : 0.0224"
"17,49 : 0.1562"
"49,17 : 0.1562"
"18,19 : 0.7102"
"19,18 : 0.7102"
"18,20 : 0.431"
"20,18 : 0.431"
"18,21 : 0.3453"
"21,18 : 0.3453"
"18,22 : 0.7217"
"22,18 : 0.7217"
"18,23 : 0.6812"
"23,18 : 0.6812"
"18,24 : 0.8254"
"24,18 : 0.8254"
"18,25 : 0.3863"
"25,18 : 0.3863"
"18,26 : 0.9489"
"26,18 : 0.9489"
"18,27 : 0.6989"
"27,18 : 0.6989"
"18,28 : 0.5772"
"28,18 : 0.5772"
"18,29 : 1.0428"
"29,18 : 1.0428"
"18,30 : 1.0489"
"30,18 : 1.0489"
"18,31 : 1.0253"
"31,18 : 1.0253"
"18,32 : 0.5092"
"32,18 : 0.5092"
"18,33 : 0.1697"
"33,18 : 0.1697"
"18,34 : 0.8028"
"34,18 : 0.8028"
"18,35 : 0.5511"
"35,18 : 0.5511"
"18,36 : 0.5977"
"36,18 : 0.5977"
"18,37 : 0.9305"
"37,18 : 0.9305"
"18,38 : 0.9139"
"38,18 : 0.9139"
"18,39 : 0.6981"
"39,18 : 0.6981"
"18,40 : 0.4687"
"40,18 : 0.4687"
"18,41 : 0.8721"
"41,18 : 0.8721"
"18,42 : 0.8932"
"42,18 : 0.8932"
"18,43 : 0.5412"
"43,18 : 0.5412"
"18,44 : 0.3023"
"44,18 : 0.3023"
"18,45 : 0.5533"
"45,18 : 0.5533"
"18,46 : 0.4601"
"46,18 : 0.4601"
"18,47 : 0.8989"
"47,18 : 0.8989"
"18,48 : 0.3941"
"48,18 : 0.3941"
"18,49 : 0.4327"
"49,18 : 0.4327"
"19,20 : 0.3891"
"20,19 : 0.3891"
"19,21 : 0.4123"
"21,19 : 0.4123"
"19,22 : 0.3511"
"22,19 : 0.3511"
"19,23 : 0.2126"
"23,19 : 0.2126"
"19,24 : 0.5186"
"24,19 : 0.5186"
"19,25 : 0.3394"
"25,19 : 0.3394"
"19,26 : 0.4713"
"26,19 : 0.4713"
"19,27 : 0.0224"
"27,19 : 0.0224"
"19,28 : 0.2433"
"28,19 : 0.2433"
"19,29 : 0.3536"
"29,19 : 0.3536"
"19,30 : 0.4198"
"30,19 : 0.4198"
"19,31 : 0.37"
"31,19 : 0.37"
"19,32 : 0.2419"
"32,19 : 0.2419"
"19,33 : 0.5459"
"33,19 : 0.5459"
"19,34 : 0.2617"
"34,19 : 0.2617"
"19,35 : 0.5155"
"35,19 : 0.5155"
"19,36 : 0.461"
"36,19 : 0.461"
"19,37 : 0.2746"
"37,19 : 0.2746"
"19,38 : 0.2408"
"38,19 : 0.2408"
"19,39 : 0.2404"
"39,19 : 0.2404"
"19,40 : 0.2419"
"40,19 : 0.2419"
"19,41 : 0.4187"
"41,19 : 0.4187"
"19,42 : 0.5248"
"42,19 : 0.5248"
"19,43 : 0.1769"
"43,19 : 0.1769"
"19,44 : 0.4082"
"44,19 : 0.4082"
"19,45 : 0.3239"
"45,19 : 0.3239"
"19,46 : 0.2927"
"46,19 : 0.2927"
"19,47 : 0.5385"
"47,19 : 0.5385"
"19,48 : 0.3748"
"48,19 : 0.3748"
"19,49 : 0.2778"
"49,19 : 0.2778"
"20,21 : 0.0949"
"21,20 : 0.0949"
"20,22 : 0.2907"
"22,20 : 0.2907"
"20,23 : 0.4901"
"23,20 : 0.4901"
"20,24 : 0.7669"
"24,20 : 0.7669"
"20,25 : 0.1304"
"25,20 : 0.1304"
"20,26 : 0.8006"
"26,20 : 0.8006"
"20,27 : 0.39"
"27,20 : 0.39"
"20,28 : 0.1703"
"28,20 : 0.1703"
"20,29 : 0.656"
"29,20 : 0.656"
"20,30 : 0.8032"
"30,20 : 0.8032"
"20,31 : 0.7577"
"31,20 : 0.7577"
"20,32 : 0.1487"
"32,20 : 0.1487"
"20,33 : 0.3228"
"33,20 : 0.3228"
"20,34 : 0.3848"
"34,20 : 0.3848"
"20,35 : 0.6021"
"35,20 : 0.6021"
"20,36 : 0.5951"
"36,20 : 0.5951"
"20,37 : 0.5325"
"37,20 : 0.5325"
"20,38 : 0.5263"
"38,20 : 0.5263"
"20,39 : 0.52"
"39,20 : 0.52"
"20,40 : 0.2335"
"40,20 : 0.2335"
"20,41 : 0.441"
"41,20 : 0.441"
"20,42 : 0.8062"
"42,20 : 0.8062"
"20,43 : 0.2256"
"43,20 : 0.2256"
"20,44 : 0.228"
"44,20 : 0.228"
"20,45 : 0.1237"
"45,20 : 0.1237"
"20,46 : 0.3324"
"46,20 : 0.3324"
"20,47 : 0.8174"
"47,20 : 0.8174"
"20,48 : 0.3523"
"48,20 : 0.3523"
"20,49 : 0.2214"
"49,20 : 0.2214"
"21,22 : 0.3801"
"22,21 : 0.3801"
"21,23 : 0.4707"
"23,21 : 0.4707"
"21,24 : 0.7234"
"24,21 : 0.7234"
"21,25 : 0.0825"
"25,21 : 0.0825"
"21,26 : 0.7793"
"26,21 : 0.7793"
"21,27 : 0.408"
"27,21 : 0.408"
"21,28 : 0.2341"
"28,21 : 0.2341"
"21,29 : 0.7134"
"29,21 : 0.7134"
"21,30 : 0.8096"
"30,21 : 0.8096"
"21,31 : 0.7703"
"31,21 : 0.7703"
"21,32 : 0.178"
"32,21 : 0.178"
"21,33 : 0.228"
"33,21 : 0.228"
"21,34 : 0.4588"
"34,21 : 0.4588"
"21,35 : 0.5323"
"35,21 : 0.5323"
"21,36 : 0.5345"
"36,21 : 0.5345"
"21,37 : 0.5948"
"37,21 : 0.5948"
"21,38 : 0.5831"
"38,21 : 0.5831"
"21,39 : 0.4982"
"39,21 : 0.4982"
"21,40 : 0.2062"
"40,21 : 0.2062"
"21,41 : 0.53"
"41,21 : 0.53"
"21,42 : 0.7701"
"42,21 : 0.7701"
"21,43 : 0.236"
"43,21 : 0.236"
"21,44 : 0.1421"
"44,21 : 0.1421"
"21,45 : 0.21"
"45,21 : 0.21"
"21,46 : 0.2816"
"46,21 : 0.2816"
"21,47 : 0.7803"
"47,21 : 0.7803"
"21,48 : 0.2823"
"48,21 : 0.2823"
"21,49 : 0.1811"
"49,21 : 0.1811"
"22,23 : 0.5471"
"23,22 : 0.5471"
"22,24 : 0.8576"
"24,22 : 0.8576"
"22,25 : 0.3711"
"25,22 : 0.3711"
"22,26 : 0.8222"
"26,22 : 0.8222"
"22,27 : 0.3677"
"27,22 : 0.3677"
"22,28 : 0.1836"
"28,22 : 0.1836"
"22,29 : 0.4442"
"29,22 : 0.4442"
"22,30 : 0.7406"
"30,22 : 0.7406"
"22,31 : 0.68"
"31,22 : 0.68"
"22,32 : 0.2683"
"32,22 : 0.2683"
"22,33 : 0.6041"
"33,22 : 0.6041"
"22,34 : 0.1523"
"34,22 : 0.1523"
"22,35 : 0.7824"
"35,22 : 0.7824"
"22,36 : 0.7497"
"36,22 : 0.7497"
"22,37 : 0.3176"
"37,22 : 0.3176"
"22,38 : 0.3324"
"38,22 : 0.3324"
"22,39 : 0.578"
"39,22 : 0.578"
"22,40 : 0.3912"
"40,22 : 0.3912"
"22,41 : 0.1503"
"41,22 : 0.1503"
"22,42 : 0.8721"
"42,22 : 0.8721"
"22,43 : 0.3124"
"43,22 : 0.3124"
"22,44 : 0.4851"
"44,22 : 0.4851"
"22,45 : 0.1703"
"45,22 : 0.1703"
"22,46 : 0.5022"
"46,22 : 0.5022"
"22,47 : 0.8855"
"47,22 : 0.8855"
"22,48 : 0.5595"
"48,22 : 0.5595"
"22,49 : 0.4071"
"49,22 : 0.4071"
"23,24 : 0.3106"
"24,23 : 0.3106"
"23,25 : 0.3883"
"25,23 : 0.3883"
"23,26 : 0.3106"
"26,23 : 0.3106"
"23,27 : 0.191"
"27,23 : 0.191"
"23,28 : 0.3985"
"28,23 : 0.3985"
"23,29 : 0.5179"
"29,23 : 0.5179"
"23,30 : 0.368"
"30,23 : 0.368"
"23,31 : 0.35"
"31,23 : 0.35"
"23,32 : 0.3523"
"32,23 : 0.3523"
"23,33 : 0.5122"
"33,23 : 0.5122"
"23,34 : 0.4738"
"34,23 : 0.4738"
"23,35 : 0.3306"
"35,23 : 0.3306"
"23,36 : 0.2648"
"36,23 : 0.2648"
"23,37 : 0.4701"
"37,23 : 0.4701"
"23,38 : 0.4308"
"38,23 : 0.4308"
"23,39 : 0.0316"
"39,23 : 0.0316"
"23,40 : 0.2648"
"40,23 : 0.2648"
"23,41 : 0.6297"
"41,23 : 0.6297"
"23,42 : 0.3289"
"42,23 : 0.3289"
"23,43 : 0.2729"
"43,23 : 0.2729"
"23,44 : 0.3982"
"44,23 : 0.3982"
"23,45 : 0.473"
"45,23 : 0.473"
"23,46 : 0.222"
"46,23 : 0.222"
"23,47 : 0.3418"
"47,23 : 0.3418"
"23,48 : 0.29"
"48,23 : 0.29"
"23,49 : 0.2912"
"49,23 : 0.2912"
"24,25 : 0.6463"
"25,24 : 0.6463"
"24,26 : 0.1965"
"26,24 : 0.1965"
"24,27 : 0.4982"
"27,24 : 0.4982"
"24,28 : 0.7026"
"28,24 : 0.7026"
"24,29 : 0.7648"
"29,24 : 0.7648"
"24,30 : 0.4201"
"30,24 : 0.4201"
"24,31 : 0.4528"
"31,24 : 0.4528"
"24,32 : 0.6451"
"32,24 : 0.6451"
"24,33 : 0.6768"
"33,24 : 0.6768"
"24,34 : 0.7799"
"34,24 : 0.7799"
"24,35 : 0.2884"
"35,24 : 0.2884"
"24,36 : 0.2285"
"36,24 : 0.2285"
"24,37 : 0.75"
"37,24 : 0.75"
"24,38 : 0.708"
"38,24 : 0.708"
"24,39 : 0.2802"
"39,24 : 0.2802"
"24,40 : 0.5337"
"40,24 : 0.5337"
"24,41 : 0.9372"
"41,24 : 0.9372"
"24,42 : 0.0781"
"42,24 : 0.0781"
"24,43 : 0.5701"
"43,24 : 0.5701"
"24,44 : 0.6103"
"44,24 : 0.6103"
"24,45 : 0.7725"
"45,24 : 0.7725"
"24,46 : 0.4418"
"46,24 : 0.4418"
"24,47 : 0.0781"
"47,24 : 0.0781"
"24,48 : 0.4617"
"48,24 : 0.4617"
"24,49 : 0.5474"
"49,24 : 0.5474"
"25,26 : 0.6972"
"26,25 : 0.6972"
"25,27 : 0.333"
"27,25 : 0.333"
"25,28 : 0.2"
"28,25 : 0.2"
"25,29 : 0.6574"
"29,25 : 0.6574"
"25,30 : 0.729"
"30,25 : 0.729"
"25,31 : 0.6912"
"31,25 : 0.6912"
"25,32 : 0.1237"
"32,25 : 0.1237"
"25,33 : 0.2408"
"33,25 : 0.2408"
"25,34 : 0.423"
"34,25 : 0.423"
"25,35 : 0.4717"
"35,25 : 0.4717"
"25,36 : 0.4662"
"36,25 : 0.4662"
"25,37 : 0.5442"
"37,25 : 0.5442"
"25,38 : 0.528"
"38,25 : 0.528"
"25,39 : 0.4159"
"39,25 : 0.4159"
"25,40 : 0.1237"
"40,25 : 0.1237"
"25,41 : 0.5162"
"41,25 : 0.5162"
"25,42 : 0.6907"
"42,25 : 0.6907"
"25,43 : 0.1628"
"43,25 : 0.1628"
"25,44 : 0.114"
"44,25 : 0.114"
"25,45 : 0.2062"
"45,25 : 0.2062"
"25,46 : 0.2062"
"46,25 : 0.2062"
"25,47 : 0.7011"
"47,25 : 0.7011"
"25,48 : 0.222"
"48,25 : 0.222"
"25,49 : 0.1"
"49,25 : 0.1"
"26,27 : 0.4561"
"27,26 : 0.4561"
"26,28 : 0.6972"
"28,26 : 0.6972"
"26,29 : 0.6325"
"29,26 : 0.6325"
"26,30 : 0.2335"
"30,26 : 0.2335"
"26,31 : 0.2786"
"31,26 : 0.2786"
"26,32 : 0.6603"
"32,26 : 0.6603"
"26,33 : 0.7872"
"33,26 : 0.7872"
"26,34 : 0.7155"
"34,26 : 0.7155"
"26,35 : 0.4545"
"35,26 : 0.4545"
"26,36 : 0.3821"
"36,26 : 0.3821"
"26,37 : 0.6466"
"37,26 : 0.6466"
"26,38 : 0.6044"
"38,26 : 0.6044"
"26,39 : 0.2816"
"39,26 : 0.2816"
"26,40 : 0.5743"
"40,26 : 0.5743"
"26,41 : 0.8724"
"41,26 : 0.8724"
"26,42 : 0.13"
"42,26 : 0.13"
"26,43 : 0.5803"
"43,26 : 0.5803"
"26,44 : 0.6926"
"44,26 : 0.6926"
"26,45 : 0.7752"
"45,26 : 0.7752"
"26,46 : 0.5124"
"46,26 : 0.5124"
"26,47 : 0.1404"
"47,26 : 0.1404"
"26,48 : 0.5595"
"48,26 : 0.5595"
"26,49 : 0.5984"
"49,26 : 0.5984"
"27,28 : 0.2508"
"28,27 : 0.2508"
"27,29 : 0.3722"
"29,27 : 0.3722"
"27,30 : 0.4148"
"30,27 : 0.4148"
"27,31 : 0.3677"
"31,27 : 0.3677"
"27,32 : 0.2417"
"32,27 : 0.2417"
"27,33 : 0.5334"
"33,27 : 0.5334"
"27,34 : 0.2828"
"34,27 : 0.2828"
"27,35 : 0.4934"
"35,27 : 0.4934"
"27,36 : 0.4386"
"36,27 : 0.4386"
"27,37 : 0.2961"
"37,27 : 0.2961"
"27,38 : 0.2617"
"38,27 : 0.2617"
"27,39 : 0.2193"
"39,27 : 0.2193"
"27,40 : 0.2302"
"40,27 : 0.2302"
"27,41 : 0.4393"
"41,27 : 0.4393"
"27,42 : 0.5061"
"42,27 : 0.5061"
"27,43 : 0.172"
"43,27 : 0.172"
"27,44 : 0.3966"
"44,27 : 0.3966"
"27,45 : 0.3314"
"45,27 : 0.3314"
"27,46 : 0.2746"
"46,27 : 0.2746"
"27,47 : 0.5197"
"47,27 : 0.5197"
"27,48 : 0.3569"
"48,27 : 0.3569"
"27,49 : 0.2663"
"49,27 : 0.2663"
"28,29 : 0.486"
"29,28 : 0.486"
"28,30 : 0.6629"
"30,28 : 0.6629"
"28,31 : 0.6113"
"31,28 : 0.6113"
"28,32 : 0.0854"
"32,28 : 0.0854"
"28,33 : 0.4405"
"33,28 : 0.4405"
"28,34 : 0.2256"
"34,28 : 0.2256"
"28,35 : 0.6021"
"35,28 : 0.6021"
"28,36 : 0.5738"
"36,28 : 0.5738"
"28,37 : 0.3636"
"37,28 : 0.3636"
"28,38 : 0.3561"
"38,28 : 0.3561"
"28,39 : 0.4301"
"39,28 : 0.4301"
"28,40 : 0.2081"
"40,28 : 0.2081"
"28,41 : 0.3202"
"41,28 : 0.3202"
"28,42 : 0.7273"
"42,28 : 0.7273"
"28,43 : 0.136"
"43,28 : 0.136"
"28,44 : 0.3114"
"44,28 : 0.3114"
"28,45 : 0.0806"
"45,28 : 0.0806"
"28,46 : 0.3202"
"46,28 : 0.3202"
"28,47 : 0.74"
"47,28 : 0.74"
"28,48 : 0.3759"
"48,28 : 0.3759"
"28,49 : 0.2236"
"49,28 : 0.2236"
"29,30 : 0.4441"
"30,29 : 0.4441"
"29,31 : 0.378"
"31,29 : 0.378"
"29,32 : 0.5371"
"32,29 : 0.5371"
"29,33 : 0.886"
"33,29 : 0.886"
"29,34 : 0.2941"
"34,29 : 0.2941"
"29,35 : 0.8472"
"35,29 : 0.8472"
"29,36 : 0.7826"
"36,29 : 0.7826"
"29,37 : 0.1281"
"37,29 : 0.1281"
"29,38 : 0.1304"
"38,29 : 0.1304"
"29,39 : 0.5337"
"39,29 : 0.5337"
"29,40 : 0.5852"
"40,29 : 0.5852"
"29,41 : 0.3785"
"41,29 : 0.3785"
"29,42 : 0.7378"
"42,29 : 0.7378"
"29,43 : 0.5033"
"43,29 : 0.5033"
"29,44 : 0.7467"
"44,29 : 0.7467"
"29,45 : 0.5449"
"45,29 : 0.5449"
"29,46 : 0.6463"
"46,29 : 0.6463"
"29,47 : 0.7517"
"47,29 : 0.7517"
"29,48 : 0.7284"
"48,29 : 0.7284"
"29,49 : 0.6198"
"49,29 : 0.6198"
"30,31 : 0.0671"
"31,30 : 0.0671"
"30,32 : 0.6546"
"32,30 : 0.6546"
"30,33 : 0.8797"
"33,30 : 0.8797"
"30,34 : 0.6067"
"34,30 : 0.6067"
"30,35 : 0.6316"
"35,30 : 0.6316"
"30,36 : 0.5554"
"36,30 : 0.5554"
"30,37 : 0.494"
"37,30 : 0.494"
"30,38 : 0.4554"
"38,30 : 0.4554"
"30,39 : 0.3538"
"39,30 : 0.3538"
"30,40 : 0.609"
"40,30 : 0.609"
"30,41 : 0.7519"
"41,30 : 0.7519"
"30,42 : 0.3622"
"42,30 : 0.3622"
"30,43 : 0.5794"
"43,30 : 0.5794"
"30,44 : 0.7603"
"44,30 : 0.7603"
"30,45 : 0.7433"
"45,30 : 0.7433"
"30,46 : 0.589"
"46,30 : 0.589"
"30,47 : 0.3734"
"47,30 : 0.3734"
"30,48 : 0.6576"
"48,30 : 0.6576"
"30,49 : 0.6414"
"49,30 : 0.6414"
"31,32 : 0.6093"
"32,31 : 0.6093"
"31,33 : 0.8556"
"33,31 : 0.8556"
"31,34 : 0.5433"
"34,31 : 0.5433"
"31,35 : 0.6389"
"35,31 : 0.6389"
"31,36 : 0.5632"
"36,31 : 0.5632"
"31,37 : 0.4272"
"37,31 : 0.4272"
"31,38 : 0.389"
"38,31 : 0.389"
"31,39 : 0.3413"
"39,31 : 0.3413"
"31,40 : 0.5743"
"40,31 : 0.5743"
"31,41 : 0.6866"
"41,31 : 0.6866"
"31,42 : 0.4026"
"42,31 : 0.4026"
"31,43 : 0.5367"
"43,31 : 0.5367"
"31,44 : 0.7311"
"44,31 : 0.7311"
"31,45 : 0.6912"
"45,31 : 0.6912"
"31,46 : 0.5659"
"46,31 : 0.5659"
"31,47 : 0.4148"
"47,31 : 0.4148"
"31,48 : 0.6389"
"48,31 : 0.6389"
"31,49 : 0.608"
"49,31 : 0.608"
"32,33 : 0.3635"
"33,32 : 0.3635"
"32,34 : 0.3007"
"34,32 : 0.3007"
"32,35 : 0.5233"
"35,32 : 0.5233"
"32,36 : 0.5"
"36,32 : 0.5"
"32,37 : 0.4215"
"37,32 : 0.4215"
"32,38 : 0.4071"
"38,32 : 0.4071"
"32,39 : 0.3833"
"39,32 : 0.3833"
"32,40 : 0.1273"
"40,32 : 0.1273"
"32,41 : 0.4052"
"41,32 : 0.4052"
"32,42 : 0.6768"
"42,32 : 0.6768"
"32,43 : 0.08"
"43,32 : 0.08"
"32,44 : 0.23"
"44,32 : 0.23"
"32,45 : 0.1304"
"45,32 : 0.1304"
"32,46 : 0.2404"
"46,32 : 0.2404"
"32,47 : 0.6888"
"47,32 : 0.6888"
"32,48 : 0.2915"
"48,32 : 0.2915"
"32,49 : 0.1389"
"49,32 : 0.1389"
"33,34 : 0.6637"
"34,33 : 0.6637"
"33,35 : 0.4201"
"35,33 : 0.4201"
"33,36 : 0.454"
"36,33 : 0.454"
"33,37 : 0.7788"
"37,33 : 0.7788"
"33,38 : 0.7589"
"38,33 : 0.7589"
"33,39 : 0.5301"
"39,33 : 0.5301"
"33,40 : 0.3041"
"40,33 : 0.3041"
"33,41 : 0.7524"
"41,33 : 0.7524"
"33,42 : 0.7404"
"42,33 : 0.7404"
"33,43 : 0.3828"
"43,33 : 0.3828"
"33,44 : 0.1393"
"44,33 : 0.1393"
"33,45 : 0.4342"
"45,33 : 0.4342"
"33,46 : 0.2907"
"46,33 : 0.2907"
"33,47 : 0.7473"
"47,33 : 0.7473"
"33,48 : 0.2283"
"48,33 : 0.2283"
"33,49 : 0.2683"
"49,33 : 0.2683"
"34,35 : 0.7559"
"35,34 : 0.7559"
"34,36 : 0.7102"
"36,34 : 0.7102"
"34,37 : 0.1664"
"37,34 : 0.1664"
"34,38 : 0.1803"
"38,34 : 0.1803"
"34,39 : 0.5021"
"39,34 : 0.5021"
"34,40 : 0.3962"
"40,34 : 0.3962"
"34,41 : 0.1581"
"41,34 : 0.1581"
"34,42 : 0.7824"
"42,34 : 0.7824"
"34,43 : 0.3059"
"43,34 : 0.3059"
"34,44 : 0.5304"
"44,34 : 0.5304"
"34,45 : 0.2642"
"45,34 : 0.2642"
"34,46 : 0.4934"
"46,34 : 0.4934"
"34,47 : 0.7963"
"47,34 : 0.7963"
"34,48 : 0.5652"
"48,34 : 0.5652"
"34,49 : 0.423"
"49,34 : 0.423"
"35,36 : 0.0762"
"36,35 : 0.0762"
"35,37 : 0.7885"
"37,35 : 0.7885"
"35,38 : 0.7519"
"38,35 : 0.7519"
"35,39 : 0.3202"
"39,35 : 0.3202"
"35,40 : 0.396"
"40,35 : 0.396"
"35,41 : 0.8989"
"41,35 : 0.8989"
"35,42 : 0.364"
"42,35 : 0.364"
"35,43 : 0.4701"
"43,35 : 0.4701"
"35,44 : 0.3956"
"44,35 : 0.3956"
"35,45 : 0.6512"
"45,35 : 0.6512"
"35,46 : 0.2828"
"46,35 : 0.2828"
"35,47 : 0.3662"
"47,35 : 0.3662"
"35,48 : 0.2506"
"48,35 : 0.2506"
"35,49 : 0.3905"
"49,35 : 0.3905"
"36,37 : 0.7305"
"37,36 : 0.7305"
"36,38 : 0.6926"
"38,36 : 0.6926"
"36,39 : 0.2508"
"39,36 : 0.2508"
"36,40 : 0.3744"
"40,36 : 0.3744"
"36,41 : 0.858"
"41,36 : 0.858"
"36,42 : 0.3002"
"42,36 : 0.3002"
"36,43 : 0.4386"
"43,36 : 0.4386"
"36,44 : 0.4061"
"44,36 : 0.4061"
"36,45 : 0.6301"
"45,36 : 0.6301"
"36,46 : 0.2642"
"46,36 : 0.2642"
"36,47 : 0.3041"
"47,36 : 0.3041"
"36,48 : 0.255"
"48,36 : 0.255"
"36,49 : 0.3759"
"49,36 : 0.3759"
"37,38 : 0.0424"
"38,37 : 0.0424"
"37,39 : 0.4919"
"39,37 : 0.4919"
"37,40 : 0.4851"
"40,37 : 0.4851"
"37,41 : 0.27"
"41,37 : 0.27"
"37,42 : 0.7359"
"42,37 : 0.7359"
"37,43 : 0.3981"
"43,37 : 0.3981"
"37,44 : 0.6403"
"44,37 : 0.6403"
"37,45 : 0.4187"
"45,37 : 0.4187"
"37,46 : 0.5601"
"46,37 : 0.5601"
"37,47 : 0.7501"
"47,37 : 0.7501"
"37,48 : 0.6401"
"48,37 : 0.6401"
"37,49 : 0.5179"
"49,37 : 0.5179"
"38,39 : 0.4519"
"39,38 : 0.4519"
"38,40 : 0.461"
"40,38 : 0.461"
"38,41 : 0.3015"
"41,38 : 0.3015"
"38,42 : 0.6935"
"42,38 : 0.6935"
"38,43 : 0.3764"
"43,38 : 0.3764"
"38,44 : 0.6198"
"44,38 : 0.6198"
"38,45 : 0.4173"
"45,38 : 0.4173"
"38,46 : 0.5304"
"46,38 : 0.5304"
"38,47 : 0.7077"
"47,38 : 0.7077"
"38,48 : 0.6113"
"48,38 : 0.6113"
"38,49 : 0.4948"
"49,38 : 0.4948"
"39,40 : 0.2927"
"40,39 : 0.2927"
"39,41 : 0.6586"
"41,39 : 0.6586"
"39,42 : 0.2973"
"42,39 : 0.2973"
"39,43 : 0.3041"
"43,39 : 0.3041"
"39,44 : 0.4205"
"44,39 : 0.4205"
"39,45 : 0.5045"
"45,39 : 0.5045"
"39,46 : 0.2419"
"46,39 : 0.2419"
"39,47 : 0.3102"
"47,39 : 0.3102"
"39,48 : 0.3048"
"48,39 : 0.3048"
"39,49 : 0.3178"
"49,39 : 0.3178"
"40,41 : 0.52"
"41,40 : 0.52"
"40,42 : 0.5731"
"42,40 : 0.5731"
"40,43 : 0.0906"
"43,40 : 0.0906"
"40,44 : 0.1664"
"44,40 : 0.1664"
"40,45 : 0.2561"
"45,40 : 0.2561"
"40,46 : 0.1131"
"46,40 : 0.1131"
"40,47 : 0.5842"
"47,40 : 0.5842"
"40,48 : 0.1709"
"48,40 : 0.1709"
"40,49 : 0.0361"
"49,40 : 0.0361"
"41,42 : 0.9405"
"42,41 : 0.9405"
"41,43 : 0.4338"
"43,41 : 0.4338"
"41,44 : 0.6297"
"44,41 : 0.6297"
"41,45 : 0.32"
"45,41 : 0.32"
"41,46 : 0.6261"
"46,41 : 0.6261"
"41,47 : 0.9544"
"47,41 : 0.9544"
"41,48 : 0.6908"
"48,41 : 0.6908"
"41,49 : 0.5408"
"49,41 : 0.5408"
"42,43 : 0.5991"
"43,42 : 0.5991"
"42,44 : 0.6648"
"44,42 : 0.6648"
"42,45 : 0.8008"
"45,42 : 0.8008"
"42,46 : 0.4904"
"46,42 : 0.4904"
"42,47 : 0.0141"
"47,42 : 0.0141"
"42,48 : 0.5197"
