x,y
0.96,0.71
0.33,0.8
0.48,0.0
0.79,0.06
0.51,0.66
0.62,0.1
0.12,0.93
0.1,0.02
0.78,0.66
0.75,0.15
0.71,0.7
0.62,0.44
0.44,0.37
0.45,0.42
0.71,0.13
0.0,0.63
0.41,0.1
0.77,0.24
0.52,0.16
0.15,0.68
0.36,0.73
0.83,0.21
0.77,0.68
0.55,0.35
0.68,0.51
0.84,0.47
0.26,0.25
0.26,0.99
0.28,0.26
0.48,0.06
0.3,0.29
0.64,0.84
0.2,0.42
0.29,0.54
0.86,0.06
0.64,0.9
0.91,0.81
0.93,0.31
0.8,0.76
0.06,0.83
0.4,0.97
0.28,0.81
0.6,0.1
0.72,0.05
0.56,0.63
0.12,0.74
0.21,0.68
0.15,0.44
0.04,0.34
0.76,0.48

Distanze
"0,1 : 0.6364"
"1,0 : 0.6364"
"0,2 : 0.857"
"2,0 : 0.857"
"0,3 : 0.6719"
"3,0 : 0.6719"
"0,4 : 0.4528"
"4,0 : 0.4528"
"0,5 : 0.6984"
"5,0 : 0.6984"
"0,6 : 0.8683"
"6,0 : 0.8683"
"0,7 : 1.1026"
"7,0 : 1.1026"
"0,8 : 0.1868"
"8,0 : 0.1868"
"0,9 : 0.5981"
"9,0 : 0.5981"
"0,10 : 0.2502"
"10,0 : 0.2502"
"0,11 : 0.4342"
"11,0 : 0.4342"
"0,12 : 0.6213"
"12,0 : 0.6213"
"0,13 : 0.5867"
"13,0 : 0.5867"
"0,14 : 0.6316"
"14,0 : 0.6316"
"0,15 : 0.9633"
"15,0 : 0.9633"
"0,16 : 0.8213"
"16,0 : 0.8213"
"0,17 : 0.507"
"17,0 : 0.507"
"0,18 : 0.7043"
"18,0 : 0.7043"
"0,19 : 0.8106"
"19,0 : 0.8106"
"0,20 : 0.6003"
"20,0 : 0.6003"
"0,21 : 0.5166"
"21,0 : 0.5166"
"0,22 : 0.1924"
"22,0 : 0.1924"
"0,23 : 0.5456"
"23,0 : 0.5456"
"0,24 : 0.3441"
"24,0 : 0.3441"
"0,25 : 0.2683"
"25,0 : 0.2683"
"0,26 : 0.8376"
"26,0 : 0.8376"
"0,27 : 0.7539"
"27,0 : 0.7539"
"0,28 : 0.8154"
"28,0 : 0.8154"
"0,29 : 0.808"
"29,0 : 0.808"
"0,30 : 0.7823"
"30,0 : 0.7823"
"0,31 : 0.3454"
"31,0 : 0.3454"
"0,32 : 0.8134"
"32,0 : 0.8134"
"0,33 : 0.6912"
"33,0 : 0.6912"
"0,34 : 0.6576"
"34,0 : 0.6576"
"0,35 : 0.3722"
"35,0 : 0.3722"
"0,36 : 0.1118"
"36,0 : 0.1118"
"0,37 : 0.4011"
"37,0 : 0.4011"
"0,38 : 0.1676"
"38,0 : 0.1676"
"0,39 : 0.908"
"39,0 : 0.908"
"0,40 : 0.6174"
"40,0 : 0.6174"
"0,41 : 0.6873"
"41,0 : 0.6873"
"0,42 : 0.7083"
"42,0 : 0.7083"
"0,43 : 0.7023"
"43,0 : 0.7023"
"0,44 : 0.4079"
"44,0 : 0.4079"
"0,45 : 0.8405"
"45,0 : 0.8405"
"0,46 : 0.7506"
"46,0 : 0.7506"
"0,47 : 0.8538"
"47,0 : 0.8538"
"0,48 : 0.9916"
"48,0 : 0.9916"
"0,49 : 0.3048"
"49,0 : 0.3048"
"1,2 : 0.8139"
"2,1 : 0.8139"
"1,3 : 0.8713"
"3,1 : 0.8713"
"1,4 : 0.228"
"4,1 : 0.228"
"1,5 : 0.7577"
"5,1 : 0.7577"
"1,6 : 0.247"
"6,1 : 0.247"
"1,7 : 0.8132"
"7,1 : 0.8132"
"1,8 : 0.4713"
"8,1 : 0.4713"
"1,9 : 0.7739"
"9,1 : 0.7739"
"1,10 : 0.3929"
"10,1 : 0.3929"
"1,11 : 0.4623"
"11,1 : 0.4623"
"1,12 : 0.4438"
"12,1 : 0.4438"
"1,13 : 0.3985"
"13,1 : 0.3985"
"1,14 : 0.7703"
"14,1 : 0.7703"
"1,15 : 0.3712"
"15,1 : 0.3712"
"1,16 : 0.7046"
"16,1 : 0.7046"
"1,17 : 0.7122"
"17,1 : 0.7122"
"1,18 : 0.6676"
"18,1 : 0.6676"
"1,19 : 0.2163"
"19,1 : 0.2163"
"1,20 : 0.0762"
"20,1 : 0.0762"
"1,21 : 0.7734"
"21,1 : 0.7734"
"1,22 : 0.4561"
"22,1 : 0.4561"
"1,23 : 0.5009"
"23,1 : 0.5009"
"1,24 : 0.4545"
"24,1 : 0.4545"
"1,25 : 0.6075"
"25,1 : 0.6075"
"1,26 : 0.5544"
"26,1 : 0.5544"
"1,27 : 0.2025"
"27,1 : 0.2025"
"1,28 : 0.5423"
"28,1 : 0.5423"
"1,29 : 0.755"
"29,1 : 0.755"
"1,30 : 0.5109"
"30,1 : 0.5109"
"1,31 : 0.3126"
"31,1 : 0.3126"
"1,32 : 0.4016"
"32,1 : 0.4016"
"1,33 : 0.2631"
"33,1 : 0.2631"
"1,34 : 0.9102"
"34,1 : 0.9102"
"1,35 : 0.3257"
"35,1 : 0.3257"
"1,36 : 0.5801"
"36,1 : 0.5801"
"1,37 : 0.7747"
"37,1 : 0.7747"
"1,38 : 0.4717"
"38,1 : 0.4717"
"1,39 : 0.2717"
"39,1 : 0.2717"
"1,40 : 0.1838"
"40,1 : 0.1838"
"1,41 : 0.051"
"41,1 : 0.051"
"1,42 : 0.7503"
"42,1 : 0.7503"
"1,43 : 0.8453"
"43,1 : 0.8453"
"1,44 : 0.286"
"44,1 : 0.286"
"1,45 : 0.2184"
"45,1 : 0.2184"
"1,46 : 0.1697"
"46,1 : 0.1697"
"1,47 : 0.4025"
"47,1 : 0.4025"
"1,48 : 0.5438"
"48,1 : 0.5438"
"1,49 : 0.536"
"49,1 : 0.536"
"2,3 : 0.3158"
"3,2 : 0.3158"
"2,4 : 0.6607"
"4,2 : 0.6607"
"2,5 : 0.172"
"5,2 : 0.172"
"2,6 : 0.9972"
"6,2 : 0.9972"
"2,7 : 0.3805"
"7,2 : 0.3805"
"2,8 : 0.725"
"8,2 : 0.725"
"2,9 : 0.3089"
"9,2 : 0.3089"
"2,10 : 0.7368"
"10,2 : 0.7368"
"2,11 : 0.4617"
"11,2 : 0.4617"
"2,12 : 0.3722"
"12,2 : 0.3722"
"2,13 : 0.4211"
"13,2 : 0.4211"
"2,14 : 0.2642"
"14,2 : 0.2642"
"2,15 : 0.792"
"15,2 : 0.792"
"2,16 : 0.1221"
"16,2 : 0.1221"
"2,17 : 0.3764"
"17,2 : 0.3764"
"2,18 : 0.1649"
"18,2 : 0.1649"
"2,19 : 0.7558"
"19,2 : 0.7558"
"2,20 : 0.7398"
"20,2 : 0.7398"
"2,21 : 0.4082"
"21,2 : 0.4082"
"2,22 : 0.7393"
"22,2 : 0.7393"
"2,23 : 0.3569"
"23,2 : 0.3569"
"2,24 : 0.5478"
"24,2 : 0.5478"
"2,25 : 0.592"
"25,2 : 0.592"
"2,26 : 0.333"
"26,2 : 0.333"
"2,27 : 1.0141"
"27,2 : 1.0141"
"2,28 : 0.328"
"28,2 : 0.328"
"2,29 : 0.06"
"29,2 : 0.06"
"2,30 : 0.3413"
"30,2 : 0.3413"
"2,31 : 0.8551"
"31,2 : 0.8551"
"2,32 : 0.5048"
"32,2 : 0.5048"
"2,33 : 0.5725"
"33,2 : 0.5725"
"2,34 : 0.3847"
"34,2 : 0.3847"
"2,35 : 0.9141"
"35,2 : 0.9141"
"2,36 : 0.9171"
"36,2 : 0.9171"
"2,37 : 0.5464"
"37,2 : 0.5464"
"2,38 : 0.8246"
"38,2 : 0.8246"
"2,39 : 0.9302"
"39,2 : 0.9302"
"2,40 : 0.9733"
"40,2 : 0.9733"
"2,41 : 0.8343"
"41,2 : 0.8343"
"2,42 : 0.1562"
"42,2 : 0.1562"
"2,43 : 0.2452"
"43,2 : 0.2452"
"2,44 : 0.6351"
"44,2 : 0.6351"
"2,45 : 0.8229"
"45,2 : 0.8229"
"2,46 : 0.7316"
"46,2 : 0.7316"
"2,47 : 0.55"
"47,2 : 0.55"
"2,48 : 0.5561"
"48,2 : 0.5561"
"2,49 : 0.5557"
"49,2 : 0.5557"
"3,4 : 0.6621"
"4,3 : 0.6621"
"3,5 : 0.1746"
"5,3 : 0.1746"
"3,6 : 1.0981"
"6,3 : 1.0981"
"3,7 : 0.6912"
"7,3 : 0.6912"
"3,8 : 0.6001"
"8,3 : 0.6001"
"3,9 : 0.0985"
"9,3 : 0.0985"
"3,10 : 0.645"
"10,3 : 0.645"
"3,11 : 0.4163"
"11,3 : 0.4163"
"3,12 : 0.4675"
"12,3 : 0.4675"
"3,13 : 0.4952"
"13,3 : 0.4952"
"3,14 : 0.1063"
"14,3 : 0.1063"
"3,15 : 0.9742"
"15,3 : 0.9742"
"3,16 : 0.3821"
"16,3 : 0.3821"
"3,17 : 0.1811"
"17,3 : 0.1811"
"3,18 : 0.2879"
"18,3 : 0.2879"
"3,19 : 0.8911"
"19,3 : 0.8911"
"3,20 : 0.7961"
"20,3 : 0.7961"
"3,21 : 0.1552"
"21,3 : 0.1552"
"3,22 : 0.6203"
"22,3 : 0.6203"
"3,23 : 0.3764"
"23,3 : 0.3764"
"3,24 : 0.4632"
"24,3 : 0.4632"
"3,25 : 0.413"
"25,3 : 0.413"
"3,26 : 0.563"
"26,3 : 0.563"
"3,27 : 1.0704"
"27,3 : 1.0704"
"3,28 : 0.5478"
"28,3 : 0.5478"
"3,29 : 0.31"
"29,3 : 0.31"
"3,30 : 0.5413"
"30,3 : 0.5413"
"3,31 : 0.7943"
"31,3 : 0.7943"
"3,32 : 0.6912"
"32,3 : 0.6912"
"3,33 : 0.6931"
"33,3 : 0.6931"
"3,34 : 0.07"
"34,3 : 0.07"
"3,35 : 0.8533"
"35,3 : 0.8533"
"3,36 : 0.7595"
"36,3 : 0.7595"
"3,37 : 0.2865"
"37,3 : 0.2865"
"3,38 : 0.7001"
"38,3 : 0.7001"
"3,39 : 1.061"
"39,3 : 1.061"
"3,40 : 0.9901"
"40,3 : 0.9901"
"3,41 : 0.907"
"41,3 : 0.907"
"3,42 : 0.1942"
"42,3 : 0.1942"
"3,43 : 0.0707"
"43,3 : 0.0707"
"3,44 : 0.6147"
"44,3 : 0.6147"
"3,45 : 0.9546"
"45,3 : 0.9546"
"3,46 : 0.849"
"46,3 : 0.849"
"3,47 : 0.7443"
"47,3 : 0.7443"
"3,48 : 0.8006"
"48,3 : 0.8006"
"3,49 : 0.4211"
"49,3 : 0.4211"
"4,5 : 0.5707"
"5,4 : 0.5707"
"4,6 : 0.4743"
"6,4 : 0.4743"
"4,7 : 0.7601"
"7,4 : 0.7601"
"4,8 : 0.27"
"8,4 : 0.27"
"4,9 : 0.5636"
"9,4 : 0.5636"
"4,10 : 0.204"
"10,4 : 0.204"
"4,11 : 0.246"
"11,4 : 0.246"
"4,12 : 0.2983"
"12,4 : 0.2983"
"4,13 : 0.2474"
"13,4 : 0.2474"
"4,14 : 0.5665"
"14,4 : 0.5665"
"4,15 : 0.5109"
"15,4 : 0.5109"
"4,16 : 0.5689"
"16,4 : 0.5689"
"4,17 : 0.494"
"17,4 : 0.494"
"4,18 : 0.5001"
"18,4 : 0.5001"
"4,19 : 0.3606"
"19,4 : 0.3606"
"4,20 : 0.1655"
"20,4 : 0.1655"
"4,21 : 0.5522"
"21,4 : 0.5522"
"4,22 : 0.2608"
"22,4 : 0.2608"
"4,23 : 0.3126"
"23,4 : 0.3126"
"4,24 : 0.2267"
"24,4 : 0.2267"
"4,25 : 0.3808"
"25,4 : 0.3808"
"4,26 : 0.4802"
"26,4 : 0.4802"
"4,27 : 0.414"
"27,4 : 0.414"
"4,28 : 0.4614"
"28,4 : 0.4614"
"4,29 : 0.6007"
"29,4 : 0.6007"
"4,30 : 0.4254"
"30,4 : 0.4254"
"4,31 : 0.222"
"31,4 : 0.222"
"4,32 : 0.392"
"32,4 : 0.392"
"4,33 : 0.2506"
"33,4 : 0.2506"
"4,34 : 0.6946"
"34,4 : 0.6946"
"4,35 : 0.2729"
"35,4 : 0.2729"
"4,36 : 0.4272"
"36,4 : 0.4272"
"4,37 : 0.5467"
"37,4 : 0.5467"
"4,38 : 0.3068"
"38,4 : 0.3068"
"4,39 : 0.481"
"39,4 : 0.481"
"4,40 : 0.3289"
"40,4 : 0.3289"
"4,41 : 0.2746"
"41,4 : 0.2746"
"4,42 : 0.5672"
"42,4 : 0.5672"
"4,43 : 0.6451"
"43,4 : 0.6451"
"4,44 : 0.0583"
"44,4 : 0.0583"
"4,45 : 0.3981"
"45,4 : 0.3981"
"4,46 : 0.3007"
"46,4 : 0.3007"
"4,47 : 0.4219"
"47,4 : 0.4219"
"4,48 : 0.5686"
"48,4 : 0.5686"
"4,49 : 0.3081"
"49,4 : 0.3081"
"5,6 : 0.969"
"6,5 : 0.969"
"5,7 : 0.5261"
"7,5 : 0.5261"
"5,8 : 0.5824"
"8,5 : 0.5824"
"5,9 : 0.1393"
"9,5 : 0.1393"
"5,10 : 0.6067"
"10,5 : 0.6067"
"5,11 : 0.34"
"11,5 : 0.34"
"5,12 : 0.3245"
"12,5 : 0.3245"
"5,13 : 0.3624"
"13,5 : 0.3624"
"5,14 : 0.0949"
"14,5 : 0.0949"
"5,15 : 0.8157"
"15,5 : 0.8157"
"5,16 : 0.21"
"16,5 : 0.21"
"5,17 : 0.2052"
"17,5 : 0.2052"
"5,18 : 0.1166"
"18,5 : 0.1166"
"5,19 : 0.7465"
"19,5 : 0.7465"
"5,20 : 0.6815"
"20,5 : 0.6815"
"5,21 : 0.2371"
"21,5 : 0.2371"
"5,22 : 0.5991"
"22,5 : 0.5991"
"5,23 : 0.2596"
"23,5 : 0.2596"
"5,24 : 0.4144"
"24,5 : 0.4144"
"5,25 : 0.4305"
"25,5 : 0.4305"
"5,26 : 0.39"
"26,5 : 0.39"
"5,27 : 0.9601"
"27,5 : 0.9601"
"5,28 : 0.3758"
"28,5 : 0.3758"
"5,29 : 0.1456"
"29,5 : 0.1456"
"5,30 : 0.3722"
"30,5 : 0.3722"
"5,31 : 0.7403"
"31,5 : 0.7403"
"5,32 : 0.528"
"32,5 : 0.528"
"5,33 : 0.55"
"33,5 : 0.55"
"5,34 : 0.2433"
"34,5 : 0.2433"
"5,35 : 0.8002"
"35,5 : 0.8002"
"5,36 : 0.7669"
"36,5 : 0.7669"
"5,37 : 0.3744"
"37,5 : 0.3744"
"5,38 : 0.6841"
"38,5 : 0.6841"
"5,39 : 0.9201"
"39,5 : 0.9201"
"5,40 : 0.8974"
"40,5 : 0.8974"
"5,41 : 0.7872"
"41,5 : 0.7872"
"5,42 : 0.02"
"42,5 : 0.02"
"5,43 : 0.1118"
"43,5 : 0.1118"
"5,44 : 0.5334"
"44,5 : 0.5334"
"5,45 : 0.8122"
"45,5 : 0.8122"
"5,46 : 0.7103"
"46,5 : 0.7103"
"5,47 : 0.5801"
"47,5 : 0.5801"
"5,48 : 0.6277"
"48,5 : 0.6277"
"5,49 : 0.405"
"49,5 : 0.405"
"6,7 : 0.9102"
"7,6 : 0.9102"
"6,8 : 0.7131"
"8,6 : 0.7131"
"6,9 : 1.0026"
"9,6 : 1.0026"
"6,10 : 0.6332"
"10,6 : 0.6332"
"6,11 : 0.7001"
"11,6 : 0.7001"
"6,12 : 0.645"
"12,6 : 0.645"
"6,13 : 0.6075"
"13,6 : 0.6075"
"6,14 : 0.994"
"14,6 : 0.994"
"6,15 : 0.3231"
"15,6 : 0.3231"
"6,16 : 0.8792"
"16,6 : 0.8792"
"6,17 : 0.9479"
"17,6 : 0.9479"
"6,18 : 0.8677"
"18,6 : 0.8677"
"6,19 : 0.2518"
"19,6 : 0.2518"
"6,20 : 0.3124"
"20,6 : 0.3124"
"6,21 : 1.0112"
"21,6 : 1.0112"
"6,22 : 0.6964"
"22,6 : 0.6964"
"6,23 : 0.722"
"23,6 : 0.722"
"6,24 : 0.7"
"24,6 : 0.7"
"6,25 : 0.8544"
"25,6 : 0.8544"
"6,26 : 0.6943"
"26,6 : 0.6943"
"6,27 : 0.1523"
"27,6 : 0.1523"
"6,28 : 0.6888"
"28,6 : 0.6888"
"6,29 : 0.9415"
"29,6 : 0.9415"
"6,30 : 0.6648"
"30,6 : 0.6648"
"6,31 : 0.5277"
"31,6 : 0.5277"
"6,32 : 0.5162"
"32,6 : 0.5162"
"6,33 : 0.4254"
"33,6 : 0.4254"
"6,34 : 1.1421"
"34,6 : 1.1421"
"6,35 : 0.5209"
"35,6 : 0.5209"
"6,36 : 0.7991"
"36,6 : 0.7991"
"6,37 : 1.02"
"37,6 : 1.02"
"6,38 : 0.7009"
"38,6 : 0.7009"
"6,39 : 0.1166"
"39,6 : 0.1166"
"6,40 : 0.2828"
"40,6 : 0.2828"
"6,41 : 0.2"
"41,6 : 0.2"
"6,42 : 0.9588"
"42,6 : 0.9588"
"6,43 : 1.0651"
"43,6 : 1.0651"
"6,44 : 0.5325"
"44,6 : 0.5325"
"6,45 : 0.19"
"45,6 : 0.19"
"6,46 : 0.2657"
"46,6 : 0.2657"
"6,47 : 0.4909"
"47,6 : 0.4909"
"6,48 : 0.5954"
"48,6 : 0.5954"
"6,49 : 0.7824"
"49,6 : 0.7824"
"7,8 : 0.9338"
"8,7 : 0.9338"
"7,9 : 0.6629"
"9,7 : 0.6629"
"7,10 : 0.9135"
"10,7 : 0.9135"
"7,11 : 0.6684"
"11,7 : 0.6684"
"7,12 : 0.488"
"12,7 : 0.488"
"7,13 : 0.5315"
"13,7 : 0.5315"
"7,14 : 0.6198"
"14,7 : 0.6198"
"7,15 : 0.6181"
"15,7 : 0.6181"
"7,16 : 0.3202"
"16,7 : 0.3202"
"7,17 : 0.7052"
"17,7 : 0.7052"
"7,18 : 0.4427"
"18,7 : 0.4427"
"7,19 : 0.6619"
"19,7 : 0.6619"
"7,20 : 0.7561"
"20,7 : 0.7561"
"7,21 : 0.7543"
"21,7 : 0.7543"
"7,22 : 0.9405"
"22,7 : 0.9405"
"7,23 : 0.558"
"23,7 : 0.558"
"7,24 : 0.7593"
"24,7 : 0.7593"
"7,25 : 0.8661"
"25,7 : 0.8661"
"7,26 : 0.2802"
"26,7 : 0.2802"
"7,27 : 0.9831"
"27,7 : 0.9831"
"7,28 : 0.3"
"28,7 : 0.3"
"7,29 : 0.3821"
"29,7 : 0.3821"
"7,30 : 0.336"
"30,7 : 0.336"
"7,31 : 0.9818"
"31,7 : 0.9818"
"7,32 : 0.4123"
"32,7 : 0.4123"
"7,33 : 0.5536"
"33,7 : 0.5536"
"7,34 : 0.7611"
"34,7 : 0.7611"
"7,35 : 1.0325"
"35,7 : 1.0325"
"7,36 : 1.1315"
"36,7 : 1.1315"
"7,37 : 0.8792"
"37,7 : 0.8792"
"7,38 : 1.0186"
"38,7 : 1.0186"
"7,39 : 0.811"
"39,7 : 0.811"
"7,40 : 0.9962"
"40,7 : 0.9962"
"7,41 : 0.8102"
"41,7 : 0.8102"
"7,42 : 0.5064"
"42,7 : 0.5064"
"7,43 : 0.6207"
"43,7 : 0.6207"
"7,44 : 0.764"
"44,7 : 0.764"
"7,45 : 0.7203"
"45,7 : 0.7203"
"7,46 : 0.6691"
"46,7 : 0.6691"
"7,47 : 0.423"
"47,7 : 0.423"
"7,48 : 0.3256"
"48,7 : 0.3256"
"7,49 : 0.8045"
"49,7 : 0.8045"
"8,9 : 0.5109"
"9,8 : 0.5109"
"8,10 : 0.0806"
"10,8 : 0.0806"
"8,11 : 0.272"
"11,8 : 0.272"
"8,12 : 0.4469"
"12,8 : 0.4469"
"8,13 : 0.408"
"13,8 : 0.408"
"8,14 : 0.5346"
"14,8 : 0.5346"
"8,15 : 0.7806"
"15,8 : 0.7806"
"8,16 : 0.6712"
"16,8 : 0.6712"
"8,17 : 0.4201"
"17,8 : 0.4201"
"8,18 : 0.5636"
"18,8 : 0.5636"
"8,19 : 0.6303"
"19,8 : 0.6303"
"8,20 : 0.4258"
"20,8 : 0.4258"
"8,21 : 0.4528"
"21,8 : 0.4528"
"8,22 : 0.0224"
"22,8 : 0.0224"
"8,23 : 0.386"
"23,8 : 0.386"
"8,24 : 0.1803"
"24,8 : 0.1803"
"8,25 : 0.1992"
"25,8 : 0.1992"
"8,26 : 0.6622"
"26,8 : 0.6622"
"8,27 : 0.6159"
"27,8 : 0.6159"
"8,28 : 0.6403"
"28,8 : 0.6403"
"8,29 : 0.6708"
"29,8 : 0.6708"
"8,30 : 0.6061"
"30,8 : 0.6061"
"8,31 : 0.228"
"31,8 : 0.228"
"8,32 : 0.6277"
"32,8 : 0.6277"
"8,33 : 0.5045"
"33,8 : 0.5045"
"8,34 : 0.6053"
"34,8 : 0.6053"
"8,35 : 0.2778"
"35,8 : 0.2778"
"8,36 : 0.1985"
"36,8 : 0.1985"
"8,37 : 0.3808"
"37,8 : 0.3808"
"8,38 : 0.102"
"38,8 : 0.102"
"8,39 : 0.7398"
"39,8 : 0.7398"
"8,40 : 0.4904"
"40,8 : 0.4904"
"8,41 : 0.522"
"41,8 : 0.522"
"8,42 : 0.5882"
"42,8 : 0.5882"
"8,43 : 0.6129"
"43,8 : 0.6129"
"8,44 : 0.222"
"44,8 : 0.222"
"8,45 : 0.6648"
"45,8 : 0.6648"
"8,46 : 0.5704"
"46,8 : 0.5704"
"8,47 : 0.6673"
"47,8 : 0.6673"
"8,48 : 0.8062"
"48,8 : 0.8062"
"8,49 : 0.1811"
"49,8 : 0.1811"
"9,10 : 0.5515"
"10,9 : 0.5515"
"9,11 : 0.3178"
"11,9 : 0.3178"
"9,12 : 0.3801"
"12,9 : 0.3801"
"9,13 : 0.4036"
"13,9 : 0.4036"
"9,14 : 0.0447"
"14,9 : 0.0447"
"9,15 : 0.8904"
"15,9 : 0.8904"
"9,16 : 0.3437"
"16,9 : 0.3437"
"9,17 : 0.0922"
"17,9 : 0.0922"
"9,18 : 0.2302"
"18,9 : 0.2302"
"9,19 : 0.8006"
"19,9 : 0.8006"
"9,20 : 0.6989"
"20,9 : 0.6989"
"9,21 : 0.1"
"21,9 : 0.1"
"9,22 : 0.5304"
"22,9 : 0.5304"
"9,23 : 0.2828"
"23,9 : 0.2828"
"9,24 : 0.3667"
"24,9 : 0.3667"
"9,25 : 0.3324"
"25,9 : 0.3324"
"9,26 : 0.5001"
"26,9 : 0.5001"
"9,27 : 0.9725"
"27,9 : 0.9725"
"9,28 : 0.4827"
"28,9 : 0.4827"
"9,29 : 0.2846"
"29,9 : 0.2846"
"9,30 : 0.4713"
"30,9 : 0.4713"
"9,31 : 0.6987"
"31,9 : 0.6987"
"9,32 : 0.6127"
"32,9 : 0.6127"
"9,33 : 0.6031"
"33,9 : 0.6031"
"9,34 : 0.1421"
"34,9 : 0.1421"
"9,35 : 0.758"
"35,9 : 0.758"
"9,36 : 0.6791"
"36,9 : 0.6791"
"9,37 : 0.2408"
"37,9 : 0.2408"
"9,38 : 0.612"
"38,9 : 0.612"
"9,39 : 0.9688"
"39,9 : 0.9688"
"9,40 : 0.8916"
"40,9 : 0.8916"
"9,41 : 0.8102"
"41,9 : 0.8102"
"9,42 : 0.1581"
"42,9 : 0.1581"
"9,43 : 0.1044"
"43,9 : 0.1044"
"9,44 : 0.5162"
"44,9 : 0.5162"
"9,45 : 0.8631"
"45,9 : 0.8631"
"9,46 : 0.7566"
"46,9 : 0.7566"
"9,47 : 0.6664"
"47,9 : 0.6664"
"9,48 : 0.735"
"48,9 : 0.735"
"9,49 : 0.3302"
"49,9 : 0.3302"
"10,11 : 0.2751"
"11,10 : 0.2751"
"10,12 : 0.4264"
"12,10 : 0.4264"
"10,13 : 0.3821"
"13,10 : 0.3821"
"10,14 : 0.57"
"14,10 : 0.57"
"10,15 : 0.7134"
"15,10 : 0.7134"
"10,16 : 0.6708"
"16,10 : 0.6708"
"10,17 : 0.4639"
"17,10 : 0.4639"
"10,18 : 0.5725"
"18,10 : 0.5725"
"10,19 : 0.5604"
"19,10 : 0.5604"
"10,20 : 0.3513"
"20,10 : 0.3513"
"10,21 : 0.5045"
"21,10 : 0.5045"
"10,22 : 0.0632"
"22,10 : 0.0632"
"10,23 : 0.3848"
"23,10 : 0.3848"
"10,24 : 0.1924"
"24,10 : 0.1924"
"10,25 : 0.2642"
"25,10 : 0.2642"
"10,26 : 0.6364"
"26,10 : 0.6364"
"10,27 : 0.5354"
"27,10 : 0.5354"
"10,28 : 0.6152"
"28,10 : 0.6152"
"10,29 : 0.6801"
"29,10 : 0.6801"
"10,30 : 0.5798"
"30,10 : 0.5798"
"10,31 : 0.1565"
"31,10 : 0.1565"
"10,32 : 0.5818"
"32,10 : 0.5818"
"10,33 : 0.4494"
"33,10 : 0.4494"
"10,34 : 0.6573"
"34,10 : 0.6573"
"10,35 : 0.2119"
"35,10 : 0.2119"
"10,36 : 0.2283"
"36,10 : 0.2283"
"10,37 : 0.4478"
"37,10 : 0.4478"
"10,38 : 0.1082"
"38,10 : 0.1082"
"10,39 : 0.6629"
"39,10 : 0.6629"
"10,40 : 0.4111"
"40,10 : 0.4111"
"10,41 : 0.4438"
"41,10 : 0.4438"
"10,42 : 0.61"
"42,10 : 0.61"
"10,43 : 0.6501"
"43,10 : 0.6501"
"10,44 : 0.1655"
"44,10 : 0.1655"
"10,45 : 0.5914"
"45,10 : 0.5914"
"10,46 : 0.5004"
"46,10 : 0.5004"
"10,47 : 0.6174"
"47,10 : 0.6174"
"10,48 : 0.7606"
"48,10 : 0.7606"
"10,49 : 0.2256"
"49,10 : 0.2256"
"11,12 : 0.1931"
"12,11 : 0.1931"
"11,13 : 0.1712"
"13,11 : 0.1712"
"11,14 : 0.3228"
"14,11 : 0.3228"
"11,15 : 0.6485"
"15,11 : 0.6485"
"11,16 : 0.3996"
"16,11 : 0.3996"
"11,17 : 0.25"
"17,11 : 0.25"
"11,18 : 0.2973"
"18,11 : 0.2973"
"11,19 : 0.5277"
"19,11 : 0.5277"
"11,20 : 0.3895"
"20,11 : 0.3895"
"11,21 : 0.3114"
"21,11 : 0.3114"
"11,22 : 0.283"
"22,11 : 0.283"
"11,23 : 0.114"
"23,11 : 0.114"
"11,24 : 0.0922"
"24,11 : 0.0922"
"11,25 : 0.222"
"25,11 : 0.222"
"11,26 : 0.4071"
"26,11 : 0.4071"
"11,27 : 0.6573"
"27,11 : 0.6573"
"11,28 : 0.3847"
"28,11 : 0.3847"
"11,29 : 0.405"
"29,11 : 0.405"
"11,30 : 0.3534"
"30,11 : 0.3534"
"11,31 : 0.4005"
"31,11 : 0.4005"
"11,32 : 0.4205"
"32,11 : 0.4205"
"11,33 : 0.3448"
"33,11 : 0.3448"
"11,34 : 0.4494"
"34,11 : 0.4494"
"11,35 : 0.4604"
"35,11 : 0.4604"
"11,36 : 0.4701"
"36,11 : 0.4701"
"11,37 : 0.3362"
"37,11 : 0.3362"
"11,38 : 0.3672"
"38,11 : 0.3672"
"11,39 : 0.6824"
"39,11 : 0.6824"
"11,40 : 0.5738"
"40,11 : 0.5738"
"11,41 : 0.5025"
"41,11 : 0.5025"
"11,42 : 0.3406"
"42,11 : 0.3406"
"11,43 : 0.4026"
"43,11 : 0.4026"
"11,44 : 0.1992"
"44,11 : 0.1992"
"11,45 : 0.5831"
"45,11 : 0.5831"
"11,46 : 0.4751"
"46,11 : 0.4751"
"11,47 : 0.47"
"47,11 : 0.47"
"11,48 : 0.5886"
"48,11 : 0.5886"
"11,49 : 0.1456"
"49,11 : 0.1456"
"12,13 : 0.051"
"13,12 : 0.051"
"12,14 : 0.3612"
"14,12 : 0.3612"
"12,15 : 0.5111"
"15,12 : 0.5111"
"12,16 : 0.2717"
"16,12 : 0.2717"
"12,17 : 0.3547"
"17,12 : 0.3547"
"12,18 : 0.2247"
"18,12 : 0.2247"
"12,19 : 0.4245"
"19,12 : 0.4245"
"12,20 : 0.3688"
"20,12 : 0.3688"
"12,21 : 0.4215"
"21,12 : 0.4215"
"12,22 : 0.4528"
"22,12 : 0.4528"
"12,23 : 0.1118"
"23,12 : 0.1118"
"12,24 : 0.2778"
"24,12 : 0.2778"
"12,25 : 0.4123"
"25,12 : 0.4123"
"12,26 : 0.2163"
"26,12 : 0.2163"
"12,27 : 0.6456"
"27,12 : 0.6456"
"12,28 : 0.1942"
"28,12 : 0.1942"
"12,29 : 0.3126"
"29,12 : 0.3126"
"12,30 : 0.1612"
"30,12 : 0.1612"
"12,31 : 0.5108"
"31,12 : 0.5108"
"12,32 : 0.2452"
"32,12 : 0.2452"
"12,33 : 0.2267"
"33,12 : 0.2267"
"12,34 : 0.522"
"34,12 : 0.522"
"12,35 : 0.5665"
"35,12 : 0.5665"
"12,36 : 0.6438"
"36,12 : 0.6438"
"12,37 : 0.4937"
"37,12 : 0.4937"
"12,38 : 0.5308"
"38,12 : 0.5308"
"12,39 : 0.5967"
"39,12 : 0.5967"
"12,40 : 0.6013"
"40,12 : 0.6013"
"12,41 : 0.4682"
"41,12 : 0.4682"
"12,42 : 0.3138"
"42,12 : 0.3138"
"12,43 : 0.4252"
"43,12 : 0.4252"
"12,44 : 0.2864"
"44,12 : 0.2864"
"12,45 : 0.4892"
"45,12 : 0.4892"
"12,46 : 0.386"
"46,12 : 0.386"
"12,47 : 0.2983"
"47,12 : 0.2983"
"12,48 : 0.4011"
"48,12 : 0.4011"
"12,49 : 0.3384"
"49,12 : 0.3384"
"13,14 : 0.3895"
"14,13 : 0.3895"
"13,15 : 0.4966"
"15,13 : 0.4966"
"13,16 : 0.3225"
"16,13 : 0.3225"
"13,17 : 0.3672"
"17,13 : 0.3672"
"13,18 : 0.2693"
"18,13 : 0.2693"
"13,19 : 0.397"
"19,13 : 0.397"
"13,20 : 0.3228"
"20,13 : 0.3228"
"13,21 : 0.4342"
"21,13 : 0.4342"
"13,22 : 0.4123"
"22,13 : 0.4123"
"13,23 : 0.1221"
"23,13 : 0.1221"
"13,24 : 0.247"
"24,13 : 0.247"
"13,25 : 0.3932"
"25,13 : 0.3932"
"13,26 : 0.255"
"26,13 : 0.255"
"13,27 : 0.6008"
"27,13 : 0.6008"
"13,28 : 0.2335"
"28,13 : 0.2335"
"13,29 : 0.3612"
"29,13 : 0.3612"
"13,30 : 0.1985"
"30,13 : 0.1985"
"13,31 : 0.461"
"31,13 : 0.461"
"13,32 : 0.25"
"32,13 : 0.25"
"13,33 : 0.2"
"33,13 : 0.2"
"13,34 : 0.5456"
"34,13 : 0.5456"
"13,35 : 0.5162"
"35,13 : 0.5162"
"13,36 : 0.6031"
"36,13 : 0.6031"
"13,37 : 0.4924"
"37,13 : 0.4924"
"13,38 : 0.488"
"38,13 : 0.488"
"13,39 : 0.5659"
"39,13 : 0.5659"
"13,40 : 0.5523"
"40,13 : 0.5523"
"13,41 : 0.4254"
"41,13 : 0.4254"
"13,42 : 0.3534"
"42,13 : 0.3534"
"13,43 : 0.458"
"43,13 : 0.458"
"13,44 : 0.2371"
"44,13 : 0.2371"
"13,45 : 0.4597"
"45,13 : 0.4597"
"13,46 : 0.3538"
"46,13 : 0.3538"
"13,47 : 0.3007"
"47,13 : 0.3007"
"13,48 : 0.4177"
"48,13 : 0.4177"
"13,49 : 0.3158"
"49,13 : 0.3158"
"14,15 : 0.8684"
"15,14 : 0.8684"
"14,16 : 0.3015"
"16,14 : 0.3015"
"14,17 : 0.1253"
"17,14 : 0.1253"
"14,18 : 0.1924"
"18,14 : 0.1924"
"14,19 : 0.7849"
"19,14 : 0.7849"
"14,20 : 0.6946"
"20,14 : 0.6946"
"14,21 : 0.1442"
"21,14 : 0.1442"
"14,22 : 0.5533"
"22,14 : 0.5533"
"14,23 : 0.272"
"23,14 : 0.272"
"14,24 : 0.3812"
"24,14 : 0.3812"
"14,25 : 0.364"
"25,14 : 0.364"
"14,26 : 0.4657"
"26,14 : 0.4657"
"14,27 : 0.9706"
"27,14 : 0.9706"
"14,28 : 0.4492"
"28,14 : 0.4492"
"14,29 : 0.2404"
"29,14 : 0.2404"
"14,30 : 0.4401"
"30,14 : 0.4401"
"14,31 : 0.7134"
"31,14 : 0.7134"
"14,32 : 0.5867"
"32,14 : 0.5867"
"14,33 : 0.5869"
"33,14 : 0.5869"
"14,34 : 0.1655"
"34,14 : 0.1655"
"14,35 : 0.7732"
"35,14 : 0.7732"
"14,36 : 0.7088"
"36,14 : 0.7088"
"14,37 : 0.2843"
"37,14 : 0.2843"
"14,38 : 0.6364"
"38,14 : 0.6364"
"14,39 : 0.9552"
"39,14 : 0.9552"
"14,40 : 0.8954"
"40,14 : 0.8954"
"14,41 : 0.8045"
"41,14 : 0.8045"
"14,42 : 0.114"
"42,14 : 0.114"
"14,43 : 0.0806"
"43,14 : 0.0806"
"14,44 : 0.522"
"44,14 : 0.522"
"14,45 : 0.8486"
"45,14 : 0.8486"
"14,46 : 0.7433"
"46,14 : 0.7433"
"14,47 : 0.6401"
"47,14 : 0.6401"
"14,48 : 0.7021"
"48,14 : 0.7021"
"14,49 : 0.3536"
"49,14 : 0.3536"
"15,16 : 0.6701"
"16,15 : 0.6701"
"15,17 : 0.8631"
"17,15 : 0.8631"
"15,18 : 0.7009"
"18,15 : 0.7009"
"15,19 : 0.1581"
"19,15 : 0.1581"
"15,20 : 0.3736"
"20,15 : 0.3736"
"15,21 : 0.9302"
"21,15 : 0.9302"
"15,22 : 0.7716"
"22,15 : 0.7716"
"15,23 : 0.6172"
"23,15 : 0.6172"
"15,24 : 0.6905"
"24,15 : 0.6905"
"15,25 : 0.8551"
"25,15 : 0.8551"
"15,26 : 0.4604"
"26,15 : 0.4604"
"15,27 : 0.4441"
"27,15 : 0.4441"
"15,28 : 0.464"
"28,15 : 0.464"
"15,29 : 0.7452"
"29,15 : 0.7452"
"15,30 : 0.4534"
"30,15 : 0.4534"
"15,31 : 0.6736"
"31,15 : 0.6736"
"15,32 : 0.29"
"32,15 : 0.29"
"15,33 : 0.3036"
"33,15 : 0.3036"
"15,34 : 1.0317"
"34,15 : 1.0317"
"15,35 : 0.6946"
"35,15 : 0.6946"
"15,36 : 0.9276"
"36,15 : 0.9276"
"15,37 : 0.9835"
"37,15 : 0.9835"
"15,38 : 0.8105"
"38,15 : 0.8105"
"15,39 : 0.2088"
"39,15 : 0.2088"
"15,40 : 0.525"
"40,15 : 0.525"
"15,41 : 0.3329"
"41,15 : 0.3329"
"15,42 : 0.8006"
"42,15 : 0.8006"
"15,43 : 0.9246"
"43,15 : 0.9246"
"15,44 : 0.56"
"44,15 : 0.56"
"15,45 : 0.1628"
"45,15 : 0.1628"
"15,46 : 0.2159"
"46,15 : 0.2159"
"15,47 : 0.2421"
"47,15 : 0.2421"
"15,48 : 0.2927"
"48,15 : 0.2927"
"15,49 : 0.7747"
"49,15 : 0.7747"
"16,17 : 0.3863"
"17,16 : 0.3863"
"16,18 : 0.1253"
"18,16 : 0.1253"
"16,19 : 0.6356"
"19,16 : 0.6356"
"16,20 : 0.632"
"20,16 : 0.632"
"16,21 : 0.4342"
"21,16 : 0.4342"
"16,22 : 0.6826"
"22,16 : 0.6826"
"16,23 : 0.2865"
"23,16 : 0.2865"
"16,24 : 0.4909"
"24,16 : 0.4909"
"16,25 : 0.5673"
"25,16 : 0.5673"
"16,26 : 0.2121"
"26,16 : 0.2121"
"16,27 : 0.9026"
"27,16 : 0.9026"
"16,28 : 0.2062"
"28,16 : 0.2062"
"16,29 : 0.0806"
"29,16 : 0.0806"
"16,30 : 0.2195"
"30,16 : 0.2195"
"16,31 : 0.7749"
"31,16 : 0.7749"
"16,32 : 0.3828"
"32,16 : 0.3828"
"16,33 : 0.4561"
"33,16 : 0.4561"
"16,34 : 0.4518"
"34,16 : 0.4518"
"16,35 : 0.8324"
"35,16 : 0.8324"
"16,36 : 0.8684"
"36,16 : 0.8684"
"16,37 : 0.5608"
"37,16 : 0.5608"
"16,38 : 0.7666"
"38,16 : 0.7666"
"16,39 : 0.8096"
"39,16 : 0.8096"
"16,40 : 0.8701"
"40,16 : 0.8701"
"16,41 : 0.7218"
"41,16 : 0.7218"
"16,42 : 0.19"
"42,16 : 0.19"
"16,43 : 0.314"
"43,16 : 0.314"
"16,44 : 0.5508"
"44,16 : 0.5508"
"16,45 : 0.7026"
"45,16 : 0.7026"
"16,46 : 0.6135"
"46,16 : 0.6135"
"16,47 : 0.428"
"47,16 : 0.428"
"16,48 : 0.441"
"48,16 : 0.441"
"16,49 : 0.5166"
"49,16 : 0.5166"
"17,18 : 0.2625"
"18,17 : 0.2625"
"17,19 : 0.7603"
"19,17 : 0.7603"
"17,20 : 0.6389"
"20,17 : 0.6389"
"17,21 : 0.0671"
"21,17 : 0.0671"
"17,22 : 0.44"
"22,17 : 0.44"
"17,23 : 0.246"
"23,17 : 0.246"
"17,24 : 0.2846"
"24,17 : 0.2846"
"17,25 : 0.2404"
"25,17 : 0.2404"
"17,26 : 0.5101"
"26,17 : 0.5101"
"17,27 : 0.907"
"27,17 : 0.907"
"17,28 : 0.4904"
"28,17 : 0.4904"
"17,29 : 0.3413"
"29,17 : 0.3413"
"17,30 : 0.4727"
"30,17 : 0.4727"
"17,31 : 0.6139"
"31,17 : 0.6139"
"17,32 : 0.5977"
"32,17 : 0.5977"
"17,33 : 0.566"
"33,17 : 0.566"
"17,34 : 0.2012"
"34,17 : 0.2012"
"17,35 : 0.6727"
"35,17 : 0.6727"
"17,36 : 0.5869"
"36,17 : 0.5869"
"17,37 : 0.1746"
"37,17 : 0.1746"
"17,38 : 0.5209"
"38,17 : 0.5209"
"17,39 : 0.9231"
"39,17 : 0.9231"
"17,40 : 0.8184"
"40,17 : 0.8184"
"17,41 : 0.7517"
"41,17 : 0.7517"
"17,42 : 0.2202"
"42,17 : 0.2202"
"17,43 : 0.1965"
"43,17 : 0.1965"
"17,44 : 0.4429"
"44,17 : 0.4429"
"17,45 : 0.8201"
"45,17 : 0.8201"
"17,46 : 0.7122"
"46,17 : 0.7122"
"17,47 : 0.6515"
"47,17 : 0.6515"
"17,48 : 0.7368"
"48,17 : 0.7368"
"17,49 : 0.2402"
"49,17 : 0.2402"
"18,19 : 0.6382"
"19,18 : 0.6382"
"18,20 : 0.592"
"20,18 : 0.592"
"18,21 : 0.314"
"21,18 : 0.314"
"18,22 : 0.577"
"22,18 : 0.577"
"18,23 : 0.1924"
"23,18 : 0.1924"
"18,24 : 0.3848"
"24,18 : 0.3848"
"18,25 : 0.4455"
"25,18 : 0.4455"
"18,26 : 0.2751"
"26,18 : 0.2751"
"18,27 : 0.8698"
"27,18 : 0.8698"
"18,28 : 0.26"
"28,18 : 0.26"
"18,29 : 0.1077"
"29,18 : 0.1077"
"18,30 : 0.2555"
"30,18 : 0.2555"
"18,31 : 0.6905"
"31,18 : 0.6905"
"18,32 : 0.4123"
"32,18 : 0.4123"
"18,33 : 0.4442"
"33,18 : 0.4442"
"18,34 : 0.3544"
"34,18 : 0.3544"
"18,35 : 0.7497"
"35,18 : 0.7497"
"18,36 : 0.758"
"36,18 : 0.758"
"18,37 : 0.4366"
"37,18 : 0.4366"
"18,38 : 0.6621"
"38,18 : 0.6621"
"18,39 : 0.8127"
"39,18 : 0.8127"
"18,40 : 0.8188"
"40,18 : 0.8188"
"18,41 : 0.6929"
"41,18 : 0.6929"
"18,42 : 0.1"
"42,18 : 0.1"
"18,43 : 0.2283"
"43,18 : 0.2283"
"18,44 : 0.4717"
"44,18 : 0.4717"
"18,45 : 0.7046"
"45,18 : 0.7046"
"18,46 : 0.6054"
"46,18 : 0.6054"
"18,47 : 0.464"
"47,18 : 0.464"
"18,48 : 0.5126"
"48,18 : 0.5126"
"18,49 : 0.4"
"49,18 : 0.4"
"19,20 : 0.2159"
"20,19 : 0.2159"
"19,21 : 0.8266"
"21,19 : 0.8266"
"19,22 : 0.62"
"22,19 : 0.62"
"19,23 : 0.5186"
"23,19 : 0.5186"
"19,24 : 0.5566"
"24,19 : 0.5566"
"19,25 : 0.7212"
"25,19 : 0.7212"
"19,26 : 0.4438"
"26,19 : 0.4438"
"19,27 : 0.3289"
"27,19 : 0.3289"
"19,28 : 0.4397"
"28,19 : 0.4397"
"19,29 : 0.7024"
"29,19 : 0.7024"
"19,30 : 0.4179"
"30,19 : 0.4179"
"19,31 : 0.5155"
"31,19 : 0.5155"
"19,32 : 0.2648"
"32,19 : 0.2648"
"19,33 : 0.198"
"33,19 : 0.198"
"19,34 : 0.9426"
"34,19 : 0.9426"
"19,35 : 0.5371"
"35,19 : 0.5371"
"19,36 : 0.771"
"36,19 : 0.771"
"19,37 : 0.8633"
"37,19 : 0.8633"
"19,38 : 0.6549"
"38,19 : 0.6549"
"19,39 : 0.1749"
"39,19 : 0.1749"
"19,40 : 0.3829"
"40,19 : 0.3829"
"19,41 : 0.1838"
"41,19 : 0.1838"
"19,42 : 0.7341"
"42,19 : 0.7341"
"19,43 : 0.8496"
"43,19 : 0.8496"
"19,44 : 0.413"
"44,19 : 0.413"
"19,45 : 0.0671"
"45,19 : 0.0671"
"19,46 : 0.06"
"46,19 : 0.06"
"19,47 : 0.24"
"47,19 : 0.24"
"19,48 : 0.3574"
"48,19 : 0.3574"
"19,49 : 0.642"
"49,19 : 0.642"
"20,21 : 0.7009"
"21,20 : 0.7009"
"20,22 : 0.413"
"22,20 : 0.413"
"20,23 : 0.4249"
"23,20 : 0.4249"
"20,24 : 0.3883"
"24,20 : 0.3883"
"20,25 : 0.5459"
"25,20 : 0.5459"
"20,26 : 0.4903"
"26,20 : 0.4903"
"20,27 : 0.2786"
"27,20 : 0.2786"
"20,28 : 0.4768"
"28,20 : 0.4768"
"20,29 : 0.6807"
"29,20 : 0.6807"
"20,30 : 0.4441"
"30,20 : 0.4441"
"20,31 : 0.3008"
"31,20 : 0.3008"
"20,32 : 0.3489"
"32,20 : 0.3489"
"20,33 : 0.2025"
"33,20 : 0.2025"
"20,34 : 0.836"
"34,20 : 0.836"
"20,35 : 0.3276"
"35,20 : 0.3276"
"20,36 : 0.5558"
"36,20 : 0.5558"
"20,37 : 0.708"
"37,20 : 0.708"
"20,38 : 0.441"
"38,20 : 0.441"
"20,39 : 0.3162"
"39,20 : 0.3162"
"20,40 : 0.2433"
"40,20 : 0.2433"
"20,41 : 0.1131"
"41,20 : 0.1131"
"20,42 : 0.6742"
"42,20 : 0.6742"
"20,43 : 0.7694"
"43,20 : 0.7694"
"20,44 : 0.2236"
"44,20 : 0.2236"
"20,45 : 0.2402"
"45,20 : 0.2402"
"20,46 : 0.1581"
"46,20 : 0.1581"
"20,47 : 0.3581"
"47,20 : 0.3581"
"20,48 : 0.5045"
"48,20 : 0.5045"
"20,49 : 0.4717"
"49,20 : 0.4717"
"21,22 : 0.4738"
"22,21 : 0.4738"
"21,23 : 0.313"
"23,21 : 0.313"
"21,24 : 0.3354"
"24,21 : 0.3354"
"21,25 : 0.2602"
"25,21 : 0.2602"
"21,26 : 0.5714"
"26,21 : 0.5714"
"21,27 : 0.9661"
"27,21 : 0.9661"
"21,28 : 0.5523"
"28,21 : 0.5523"
"21,29 : 0.3808"
"29,21 : 0.3808"
"21,30 : 0.536"
"30,21 : 0.536"
"21,31 : 0.658"
"31,21 : 0.658"
"21,32 : 0.6641"
"32,21 : 0.6641"
"21,33 : 0.6329"
"33,21 : 0.6329"
"21,34 : 0.153"
"34,21 : 0.153"
"21,35 : 0.7157"
"35,21 : 0.7157"
"21,36 : 0.6053"
"36,21 : 0.6053"
"21,37 : 0.1414"
"37,21 : 0.1414"
"21,38 : 0.5508"
"38,21 : 0.5508"
"21,39 : 0.9886"
"39,21 : 0.9886"
"21,40 : 0.8732"
"40,21 : 0.8732"
"21,41 : 0.8139"
"41,21 : 0.8139"
"21,42 : 0.255"
"42,21 : 0.255"
"21,43 : 0.1942"
"43,21 : 0.1942"
"21,44 : 0.4993"
"44,21 : 0.4993"
"21,45 : 0.886"
"45,21 : 0.886"
"21,46 : 0.778"
"46,21 : 0.778"
"21,47 : 0.7178"
"47,21 : 0.7178"
"21,48 : 0.8006"
"48,21 : 0.8006"
"21,49 : 0.2789"
"49,21 : 0.2789"
"22,23 : 0.3966"
"23,22 : 0.3966"
"22,24 : 0.1924"
"24,22 : 0.1924"
"22,25 : 0.2214"
"25,22 : 0.2214"
"22,26 : 0.6671"
"26,22 : 0.6671"
"22,27 : 0.5968"
"27,22 : 0.5968"
"22,28 : 0.6454"
"28,22 : 0.6454"
"22,29 : 0.6845"
"29,22 : 0.6845"
"22,30 : 0.6107"
"30,22 : 0.6107"
"22,31 : 0.2062"
"31,22 : 0.2062"
"22,32 : 0.6265"
"32,22 : 0.6265"
"22,33 : 0.5"
"33,22 : 0.5"
"22,34 : 0.6265"
"34,22 : 0.6265"
"22,35 : 0.2555"
"35,22 : 0.2555"
"22,36 : 0.191"
"36,22 : 0.191"
"22,37 : 0.4031"
"37,22 : 0.4031"
"22,38 : 0.0854"
"38,22 : 0.0854"
"22,39 : 0.7257"
"39,22 : 0.7257"
"22,40 : 0.4701"
"40,22 : 0.4701"
"22,41 : 0.507"
"41,22 : 0.507"
"22,42 : 0.6044"
"42,22 : 0.6044"
"22,43 : 0.632"
"43,22 : 0.632"
"22,44 : 0.2159"
"44,22 : 0.2159"
"22,45 : 0.6528"
"45,22 : 0.6528"
"22,46 : 0.56"
"46,22 : 0.56"
"22,47 : 0.6648"
"47,22 : 0.6648"
"22,48 : 0.8053"
"48,22 : 0.8053"
"22,49 : 0.2002"
"49,22 : 0.2002"
"23,24 : 0.2062"
"24,23 : 0.2062"
"23,25 : 0.3138"
"25,23 : 0.3138"
"23,26 : 0.3068"
"26,23 : 0.3068"
"23,27 : 0.7026"
"27,23 : 0.7026"
"23,28 : 0.2846"
"28,23 : 0.2846"
"23,29 : 0.2983"
"29,23 : 0.2983"
"23,30 : 0.2571"
"30,23 : 0.2571"
"23,31 : 0.4982"
"31,23 : 0.4982"
"23,32 : 0.3569"
"32,23 : 0.3569"
"23,33 : 0.322"
"33,23 : 0.322"
"23,34 : 0.4245"
"34,23 : 0.4245"
"23,35 : 0.5573"
"35,23 : 0.5573"
"23,36 : 0.5841"
"36,23 : 0.5841"
"23,37 : 0.3821"
"37,23 : 0.3821"
"23,38 : 0.4802"
"38,23 : 0.4802"
"23,39 : 0.6859"
"39,23 : 0.6859"
"23,40 : 0.6379"
"40,23 : 0.6379"
"23,41 : 0.5334"
"41,23 : 0.5334"
"23,42 : 0.255"
"42,23 : 0.255"
"23,43 : 0.3448"
"43,23 : 0.3448"
"23,44 : 0.2802"
"44,23 : 0.2802"
"23,45 : 0.5805"
"45,23 : 0.5805"
"23,46 : 0.4738"
"46,23 : 0.4738"
"23,47 : 0.41"
"47,23 : 0.41"
"23,48 : 0.5101"
"48,23 : 0.5101"
"23,49 : 0.247"
"49,23 : 0.247"
"24,25 : 0.1649"
"25,24 : 0.1649"
"24,26 : 0.494"
"26,24 : 0.494"
"24,27 : 0.6378"
"27,24 : 0.6378"
"24,28 : 0.4717"
"28,24 : 0.4717"
"24,29 : 0.4924"
"29,24 : 0.4924"
"24,30 : 0.4391"
"30,24 : 0.4391"
"24,31 : 0.3324"
"31,24 : 0.3324"
"24,32 : 0.4884"
"32,24 : 0.4884"
"24,33 : 0.3912"
"33,24 : 0.3912"
"24,34 : 0.4847"
"34,24 : 0.4847"
"24,35 : 0.392"
"35,24 : 0.392"
"24,36 : 0.378"
"36,24 : 0.378"
"24,37 : 0.3202"
"37,24 : 0.3202"
"24,38 : 0.2773"
"38,24 : 0.2773"
"24,39 : 0.6977"
"39,24 : 0.6977"
"24,40 : 0.5385"
"40,24 : 0.5385"
"24,41 : 0.5"
"41,24 : 0.5"
"24,42 : 0.4177"
"42,24 : 0.4177"
"24,43 : 0.4617"
"43,24 : 0.4617"
"24,44 : 0.1697"
"44,24 : 0.1697"
"24,45 : 0.6054"
"45,24 : 0.6054"
"24,46 : 0.4998"
"46,24 : 0.4998"
"24,47 : 0.5346"
"47,24 : 0.5346"
"24,48 : 0.6622"
"48,24 : 0.6622"
"24,49 : 0.0854"
"49,24 : 0.0854"
"25,26 : 0.6203"
"26,25 : 0.6203"
"25,27 : 0.779"
"27,25 : 0.779"
"25,28 : 0.5981"
"28,25 : 0.5981"
"25,29 : 0.5456"
"29,25 : 0.5456"
"25,30 : 0.5692"
"30,25 : 0.5692"
"25,31 : 0.4206"
"31,25 : 0.4206"
"25,32 : 0.642"
"32,25 : 0.642"
"25,33 : 0.5544"
"33,25 : 0.5544"
"25,34 : 0.4105"
"34,25 : 0.4105"
"25,35 : 0.4742"
"35,25 : 0.4742"
"25,36 : 0.3471"
"36,25 : 0.3471"
"25,37 : 0.1836"
"37,25 : 0.1836"
"25,38 : 0.2927"
"38,25 : 0.2927"
"25,39 : 0.8591"
"39,25 : 0.8591"
"25,40 : 0.666"
"40,25 : 0.666"
"25,41 : 0.6551"
"41,25 : 0.6551"
"25,42 : 0.441"
"42,25 : 0.441"
"25,43 : 0.4368"
"43,25 : 0.4368"
"25,44 : 0.3225"
"44,25 : 0.3225"
"25,45 : 0.769"
"45,25 : 0.769"
"25,46 : 0.6641"
"46,25 : 0.6641"
"25,47 : 0.6907"
"47,25 : 0.6907"
"25,48 : 0.8105"
"48,25 : 0.8105"
"25,49 : 0.0806"
"49,25 : 0.0806"
"26,27 : 0.74"
"27,26 : 0.74"
"26,28 : 0.0224"
"28,26 : 0.0224"
"26,29 : 0.2907"
"29,26 : 0.2907"
"26,30 : 0.0566"
"30,26 : 0.0566"
"26,31 : 0.7018"
"31,26 : 0.7018"
"26,32 : 0.1803"
"32,26 : 0.1803"
"26,33 : 0.2915"
"33,26 : 0.2915"
"26,34 : 0.6294"
"34,26 : 0.6294"
"26,35 : 0.7529"
"35,26 : 0.7529"
"26,36 : 0.858"
"36,26 : 0.858"
"26,37 : 0.6727"
"37,26 : 0.6727"
"26,38 : 0.7428"
"38,26 : 0.7428"
"26,39 : 0.6135"
"39,26 : 0.6135"
"26,40 : 0.7335"
"40,26 : 0.7335"
"26,41 : 0.5604"
"41,26 : 0.5604"
"26,42 : 0.3716"
"42,26 : 0.3716"
"26,43 : 0.5016"
"43,26 : 0.5016"
"26,44 : 0.4841"
"44,26 : 0.4841"
"26,45 : 0.5096"
"45,26 : 0.5096"
"26,46 : 0.4329"
"46,26 : 0.4329"
"26,47 : 0.2195"
"47,26 : 0.2195"
"26,48 : 0.2377"
"48,26 : 0.2377"
"26,49 : 0.5504"
"49,26 : 0.5504"
"27,28 : 0.7303"
"28,27 : 0.7303"
"27,29 : 0.9557"
"29,27 : 0.9557"
"27,30 : 0.7011"
"30,27 : 0.7011"
"27,31 : 0.4085"
"31,27 : 0.4085"
"27,32 : 0.5731"
"32,27 : 0.5731"
"27,33 : 0.451"
"33,27 : 0.451"
"27,34 : 1.1068"
"34,27 : 1.1068"
"27,35 : 0.3905"
"35,27 : 0.3905"
"27,36 : 0.6745"
"36,27 : 0.6745"
"27,37 : 0.9546"
"37,27 : 0.9546"
"27,38 : 0.5869"
"38,27 : 0.5869"
"27,39 : 0.2561"
"39,27 : 0.2561"
"27,40 : 0.1414"
"40,27 : 0.1414"
"27,41 : 0.1811"
"41,27 : 0.1811"
"27,42 : 0.9527"
"42,27 : 0.9527"
"27,43 : 1.0465"
"43,27 : 1.0465"
"27,44 : 0.4686"
"44,27 : 0.4686"
"27,45 : 0.2865"
"45,27 : 0.2865"
"27,46 : 0.314"
"46,27 : 0.314"
"27,47 : 0.5609"
"47,27 : 0.5609"
"27,48 : 0.6862"
"48,27 : 0.6862"
"27,49 : 0.7142"
"49,27 : 0.7142"
"28,29 : 0.2828"
"29,28 : 0.2828"
"28,30 : 0.0361"
"30,28 : 0.0361"
"28,31 : 0.6826"
"31,28 : 0.6826"
"28,32 : 0.1789"
"32,28 : 0.1789"
"28,33 : 0.2802"
"33,28 : 0.2802"
"28,34 : 0.6135"
"34,28 : 0.6135"
"28,35 : 0.7343"
"35,28 : 0.7343"
"28,36 : 0.8363"
"36,28 : 0.8363"
"28,37 : 0.6519"
"37,28 : 0.6519"
"28,38 : 0.7214"
"38,28 : 0.7214"
"28,39 : 0.611"
"39,28 : 0.611"
"28,40 : 0.7201"
"40,28 : 0.7201"
"28,41 : 0.55"
"41,28 : 0.55"
"28,42 : 0.3578"
"42,28 : 0.3578"
"28,43 : 0.4875"
"43,28 : 0.4875"
"28,44 : 0.464"
"44,28 : 0.464"
"28,45 : 0.506"
"45,28 : 0.506"
"28,46 : 0.4258"
"46,28 : 0.4258"
"28,47 : 0.222"
"47,28 : 0.222"
"28,48 : 0.253"
"48,28 : 0.253"
"28,49 : 0.528"
"49,28 : 0.528"
"29,30 : 0.2921"
"30,29 : 0.2921"
"29,31 : 0.7962"
"31,29 : 0.7962"
"29,32 : 0.4561"
"32,29 : 0.4561"
"29,33 : 0.5162"
"33,29 : 0.5162"
"29,34 : 0.38"
"34,29 : 0.38"
"29,35 : 0.8551"
"35,29 : 0.8551"
"29,36 : 0.8645"
"36,29 : 0.8645"
"29,37 : 0.5148"
"37,29 : 0.5148"
"29,38 : 0.7697"
"38,29 : 0.7697"
"29,39 : 0.8771"
"39,29 : 0.8771"
"29,40 : 0.9135"
"40,29 : 0.9135"
"29,41 : 0.7762"
"41,29 : 0.7762"
"29,42 : 0.1265"
"42,29 : 0.1265"
"29,43 : 0.2402"
"43,29 : 0.2402"
"29,44 : 0.5756"
"44,29 : 0.5756"
"29,45 : 0.7694"
"45,29 : 0.7694"
"29,46 : 0.6762"
"46,29 : 0.6762"
"29,47 : 0.5033"
"47,29 : 0.5033"
"29,48 : 0.5215"
"48,29 : 0.5215"
"29,49 : 0.5048"
"49,29 : 0.5048"
"30,31 : 0.6466"
"31,30 : 0.6466"
"30,32 : 0.164"
"32,30 : 0.164"
"30,33 : 0.2502"
"33,30 : 0.2502"
"30,34 : 0.6054"
"34,30 : 0.6054"
"30,35 : 0.6984"
"35,30 : 0.6984"
"30,36 : 0.8016"
"36,30 : 0.8016"
"30,37 : 0.6303"
"37,30 : 0.6303"
"30,38 : 0.6862"
"38,30 : 0.6862"
"30,39 : 0.5909"
"39,30 : 0.5909"
"30,40 : 0.6873"
"40,30 : 0.6873"
"30,41 : 0.5204"
"41,30 : 0.5204"
"30,42 : 0.3551"
"42,30 : 0.3551"
"30,43 : 0.4837"
"43,30 : 0.4837"
"30,44 : 0.428"
"44,30 : 0.428"
"30,45 : 0.4847"
"45,30 : 0.4847"
"30,46 : 0.4002"
"46,30 : 0.4002"
"30,47 : 0.2121"
"47,30 : 0.2121"
"30,48 : 0.2648"
"48,30 : 0.2648"
"30,49 : 0.4977"
"49,30 : 0.4977"
"31,32 : 0.6083"
"32,31 : 0.6083"
"31,33 : 0.461"
"33,31 : 0.461"
"31,34 : 0.8104"
"34,31 : 0.8104"
"31,35 : 0.06"
"35,31 : 0.06"
"31,36 : 0.2717"
"36,31 : 0.2717"
"31,37 : 0.6042"
"37,31 : 0.6042"
"31,38 : 0.1789"
"38,31 : 0.1789"
"31,39 : 0.5801"
"39,31 : 0.5801"
"31,40 : 0.2729"
"40,31 : 0.2729"
"31,41 : 0.3612"
"41,31 : 0.3612"
"31,42 : 0.7411"
"42,31 : 0.7411"
"31,43 : 0.794"
"43,31 : 0.794"
"31,44 : 0.2247"
"44,31 : 0.2247"
"31,45 : 0.5295"
"45,31 : 0.5295"
"31,46 : 0.4588"
"46,31 : 0.4588"
"31,47 : 0.6325"
"47,31 : 0.6325"
"31,48 : 0.781"
"48,31 : 0.781"
"31,49 : 0.3795"
"49,31 : 0.3795"
"32,33 : 0.15"
"33,32 : 0.15"
"32,34 : 0.7518"
"34,32 : 0.7518"
"32,35 : 0.6512"
"35,32 : 0.6512"
"32,36 : 0.8101"
"36,32 : 0.8101"
"32,37 : 0.7382"
"37,32 : 0.7382"
"32,38 : 0.6896"
"38,32 : 0.6896"
"32,39 : 0.4332"
"39,32 : 0.4332"
"32,40 : 0.5852"
"40,32 : 0.5852"
"32,41 : 0.3981"
"41,32 : 0.3981"
"32,42 : 0.5122"
"42,32 : 0.5122"
"32,43 : 0.6382"
"43,32 : 0.6382"
"32,44 : 0.4168"
"44,32 : 0.4168"
"32,45 : 0.3298"
"45,32 : 0.3298"
"32,46 : 0.2602"
"46,32 : 0.2602"
"32,47 : 0.0539"
"47,32 : 0.0539"
"32,48 : 0.1789"
"48,32 : 0.1789"
"32,49 : 0.5632"
"49,32 : 0.5632"
"33,34 : 0.7452"
"34,33 : 0.7452"
"33,35 : 0.5021"
"35,33 : 0.5021"
"33,36 : 0.6762"
"36,33 : 0.6762"
"33,37 : 0.6801"
"37,33 : 0.6801"
"33,38 : 0.5554"
"38,33 : 0.5554"
"33,39 : 0.3701"
"39,33 : 0.3701"
"33,40 : 0.4438"
"40,33 : 0.4438"
"33,41 : 0.2702"
"41,33 : 0.2702"
"33,42 : 0.5382"
"42,33 : 0.5382"
"33,43 : 0.6519"
"43,33 : 0.6519"
"33,44 : 0.2846"
"44,33 : 0.2846"
"33,45 : 0.2625"
"45,33 : 0.2625"
"33,46 : 0.1612"
"46,33 : 0.1612"
"33,47 : 0.172"
"47,33 : 0.172"
"33,48 : 0.3202"
"48,33 : 0.3202"
"33,49 : 0.4738"
"49,33 : 0.4738"
"34,35 : 0.8683"
"35,34 : 0.8683"
"34,36 : 0.7517"
"36,34 : 0.7517"
"34,37 : 0.2596"
"37,34 : 0.2596"
"34,38 : 0.7026"
"38,34 : 0.7026"
"34,39 : 1.1104"
"39,34 : 1.1104"
"34,40 : 1.0197"
"40,34 : 1.0197"
"34,41 : 0.9481"
"41,34 : 0.9481"
"34,42 : 0.2631"
"42,34 : 0.2631"
"34,43 : 0.1404"
"43,34 : 0.1404"
"34,44 : 0.6441"
"44,34 : 0.6441"
"34,45 : 1.005"
"45,34 : 1.005"
"34,46 : 0.8983"
"46,34 : 0.8983"
"34,47 : 0.8053"
"47,34 : 0.8053"
"34,48 : 0.8665"
"48,34 : 0.8665"
"34,49 : 0.4317"
"49,34 : 0.4317"
"35,36 : 0.2846"
"36,35 : 0.2846"
"35,37 : 0.6574"
"37,35 : 0.6574"
"35,38 : 0.2126"
"38,35 : 0.2126"
"35,39 : 0.5842"
"39,35 : 0.5842"
"35,40 : 0.25"
"40,35 : 0.25"
"35,41 : 0.3711"
"41,35 : 0.3711"
"35,42 : 0.801"
"42,35 : 0.801"
"35,43 : 0.8538"
"43,35 : 0.8538"
"35,44 : 0.2816"
"44,35 : 0.2816"
"35,45 : 0.5441"
"45,35 : 0.5441"
"35,46 : 0.483"
"46,35 : 0.483"
"35,47 : 0.6721"
"47,35 : 0.6721"
"35,48 : 0.8207"
"48,35 : 0.8207"
"35,49 : 0.4368"
"49,35 : 0.4368"
"36,37 : 0.5004"
"37,36 : 0.5004"
"36,38 : 0.1208"
"38,36 : 0.1208"
"36,39 : 0.8502"
"39,36 : 0.8502"
"36,40 : 0.5345"
"40,36 : 0.5345"
"36,41 : 0.63"
"41,36 : 0.63"
"36,42 : 0.7747"
"42,36 : 0.7747"
"36,43 : 0.7834"
"43,36 : 0.7834"
"36,44 : 0.3936"
"44,36 : 0.3936"
"36,45 : 0.7931"
"45,36 : 0.7931"
"36,46 : 0.712"
"46,36 : 0.712"
"36,47 : 0.8453"
"47,36 : 0.8453"
"36,48 : 0.9888"
"48,36 : 0.9888"
"36,49 : 0.3625"
"49,36 : 0.3625"
"37,38 : 0.4684"
"38,37 : 0.4684"
"37,39 : 1.0136"
"39,37 : 1.0136"
"37,40 : 0.8465"
"40,37 : 0.8465"
"37,41 : 0.8201"
"41,37 : 0.8201"
"37,42 : 0.3912"
"42,37 : 0.3912"
"37,43 : 0.3342"
"43,37 : 0.3342"
"37,44 : 0.4892"
"44,37 : 0.4892"
"37,45 : 0.9171"
"45,37 : 0.9171"
"37,46 : 0.8095"
"46,37 : 0.8095"
"37,47 : 0.7908"
"47,37 : 0.7908"
"37,48 : 0.8905"
"48,37 : 0.8905"
"37,49 : 0.2404"
"49,37 : 0.2404"
"38,39 : 0.7433"
"39,38 : 0.7433"
"38,40 : 0.4518"
"40,38 : 0.4518"
"38,41 : 0.5224"
"41,38 : 0.5224"
"38,42 : 0.6896"
"42,38 : 0.6896"
"38,43 : 0.7145"
"43,38 : 0.7145"
"38,44 : 0.2729"
"44,38 : 0.2729"
"38,45 : 0.6803"
"45,38 : 0.6803"
"38,46 : 0.5954"
"46,38 : 0.5954"
"38,47 : 0.7245"
"47,38 : 0.7245"
"38,48 : 0.8683"
"48,38 : 0.8683"
"38,49 : 0.2828"
"49,38 : 0.2828"
"39,40 : 0.3677"
"40,39 : 0.3677"
"39,41 : 0.2209"
"41,39 : 0.2209"
"39,42 : 0.908"
"42,39 : 0.908"
"39,43 : 1.0218"
"43,39 : 1.0218"
"39,44 : 0.5385"
"44,39 : 0.5385"
"39,45 : 0.1082"
"45,39 : 0.1082"
"39,46 : 0.2121"
"46,39 : 0.2121"
"39,47 : 0.4002"
"47,39 : 0.4002"
"39,48 : 0.4904"
"48,39 : 0.4904"
"39,49 : 0.7826"
"49,39 : 0.7826"
"40,41 : 0.2"
"41,40 : 0.2"
"40,42 : 0.8927"
"42,40 : 0.8927"
"40,43 : 0.9741"
"43,40 : 0.9741"
"40,44 : 0.3758"
"44,40 : 0.3758"
"40,45 : 0.3624"
"45,40 : 0.3624"
"40,46 : 0.3467"
"46,40 : 0.3467"
"40,47 : 0.586"
"47,40 : 0.586"
"40,48 : 0.7256"
"48,40 : 0.7256"
"40,49 : 0.608"
"49,40 : 0.608"
"41,42 : 0.7788"
"42,41 : 0.7788"
"41,43 : 0.8782"
"43,41 : 0.8782"
"41,44 : 0.3329"
"44,41 : 0.3329"
"41,45 : 0.1746"
"45,41 : 0.1746"
"41,46 : 0.1476"
"46,41 : 0.1476"
"41,47 : 0.3922"
"47,41 : 0.3922"
"41,48 : 0.5277"
"48,41 : 0.5277"
"41,49 : 0.5825"
"49,41 : 0.5825"
"42,43 : 0.13"
"43,42 : 0.13"
"42,44 : 0.5315"
"44,42 : 0.5315"
"42,45 : 0.8"
"45,42 : 0.8"
"42,46 : 0.6989"
"46,42 : 0.6989"
"42,47 : 0.564"
"47,42 : 0.564"
"42,48 : 0.6093"
"48,42 : 0.6093"
"42,49 : 0.4123"
"49,42 : 0.4123"
"43,44 : 0.6017"
