x,y
14,50
37,11
39,2
46,22
41,35
2,50
39,10
26,23
16,36
25,2
41,14
13,13
7,44
21,37
22,3
38,2
18,23
12,31
6,24
47,49
49,25
42,26
42,20
42,17
23,48
2,7
8,37
5,34
31,44
22,30
49,46
35,1
7,12
43,50
14,41
39,0
42,21
4,13
32,16
28,45
20,27
35,22
43,41
7,29
41,49
33,17
39,10
32,23
14,16
7,20
31,12
22,48
41,29
14,17
24,9
39,34
20,9
4,15
30,28
10,47
3,3
20,41
37,29
5,37
14,17
9,3
23,49
47,34
43,9
11,17
18,43
0,41
14,0
20,48
17,37
44,31
19,12
44,19
18,18
42,29
6,6
22,21
10,45
33,1
41,25
38,47
45,45
30,42
48,40
6,2
9,50
10,38
34,15
4,2
45,31
23,9
5,41
34,6
44,23
50,4

Distanze
"0,0 : 0.0"
"0,1 : 45.28"
"0,2 : 54.12"
"0,3 : 42.52"
"0,4 : 30.89"
"0,5 : 12.0"
"0,6 : 47.17"
"0,7 : 29.55"
"0,8 : 14.14"
"0,9 : 49.24"
"0,10 : 45.0"
"0,11 : 37.01"
"0,12 : 9.22"
"0,13 : 14.76"
"0,14 : 47.68"
"0,15 : 53.67"
"0,16 : 27.29"
"0,17 : 19.1"
"0,18 : 27.2"
"0,19 : 33.02"
"0,20 : 43.01"
"0,21 : 36.88"
"0,22 : 41.04"
"0,23 : 43.28"
"0,24 : 9.22"
"0,25 : 44.64"
"0,26 : 14.32"
"0,27 : 18.36"
"0,28 : 18.03"
"0,29 : 21.54"
"0,30 : 35.23"
"0,31 : 53.31"
"0,32 : 38.64"
"0,33 : 29.0"
"0,34 : 9.0"
"0,35 : 55.9"
"0,36 : 40.31"
"0,37 : 38.33"
"0,38 : 38.47"
"0,39 : 14.87"
"0,40 : 23.77"
"0,41 : 35.0"
"0,42 : 30.36"
"0,43 : 22.14"
"0,44 : 27.02"
"0,45 : 38.08"
"0,46 : 47.17"
"0,47 : 32.45"
"0,48 : 34.0"
"0,49 : 30.81"
"0,50 : 41.63"
"0,51 : 8.25"
"0,52 : 34.21"
"0,53 : 33.0"
"0,54 : 42.2"
"0,55 : 29.68"
"0,56 : 41.44"
"0,57 : 36.4"
"0,58 : 27.2"
"0,59 : 5.0"
"0,60 : 48.27"
"0,61 : 10.82"
"0,62 : 31.14"
"0,63 : 15.81"
"0,64 : 33.0"
"0,65 : 47.27"
"0,66 : 9.06"
"0,67 : 36.67"
"0,68 : 50.22"
"0,69 : 33.14"
"0,70 : 8.06"
"0,71 : 16.64"
"0,72 : 50.0"
"0,73 : 6.32"
"0,74 : 13.34"
"0,75 : 35.51"
"0,76 : 38.33"
"0,77 : 43.14"
"0,78 : 32.25"
"0,79 : 35.0"
"0,80 : 44.72"
"0,81 : 30.08"
"0,82 : 6.4"
"0,83 : 52.55"
"0,84 : 36.8"
"0,85 : 24.19"
"0,86 : 31.4"
"0,87 : 17.89"
"0,88 : 35.44"
"0,89 : 48.66"
"0,90 : 5.0"
"0,91 : 12.65"
"0,92 : 40.31"
"0,93 : 49.03"
"0,94 : 36.36"
"0,95 : 41.98"
"0,96 : 12.73"
"0,97 : 48.33"
"0,98 : 40.36"
"0,99 : 58.41"
"1,0 : 45.28"
"1,1 : 0.0"
"1,2 : 9.22"
"1,3 : 14.21"
"1,4 : 24.33"
"1,5 : 52.4"
"1,6 : 2.24"
"1,7 : 16.28"
"1,8 : 32.65"
"1,9 : 15.0"
"1,10 : 5.0"
"1,11 : 24.08"
"1,12 : 44.6"
"1,13 : 30.53"
"1,14 : 17.0"
"1,15 : 9.06"
"1,16 : 22.47"
"1,17 : 32.02"
"1,18 : 33.62"
"1,19 : 39.29"
"1,20 : 18.44"
"1,21 : 15.81"
"1,22 : 10.3"
"1,23 : 7.81"
"1,24 : 39.56"
"1,25 : 35.23"
"1,26 : 38.95"
"1,27 : 39.41"
"1,28 : 33.54"
"1,29 : 24.21"
"1,30 : 37.0"
"1,31 : 10.2"
"1,32 : 30.02"
"1,33 : 39.46"
"1,34 : 37.8"
"1,35 : 11.18"
"1,36 : 11.18"
"1,37 : 33.06"
"1,38 : 7.07"
"1,39 : 35.17"
"1,40 : 23.35"
"1,41 : 11.18"
"1,42 : 30.59"
"1,43 : 34.99"
"1,44 : 38.21"
"1,45 : 7.21"
"1,46 : 2.24"
"1,47 : 13.0"
"1,48 : 23.54"
"1,49 : 31.32"
"1,50 : 6.08"
"1,51 : 39.92"
"1,52 : 18.44"
"1,53 : 23.77"
"1,54 : 13.15"
"1,55 : 23.09"
"1,56 : 17.12"
"1,57 : 33.24"
"1,58 : 18.38"
"1,59 : 45.0"
"1,60 : 34.93"
"1,61 : 34.48"
"1,62 : 18.0"
"1,63 : 41.23"
"1,64 : 23.77"
"1,65 : 29.12"
"1,66 : 40.5"
"1,67 : 25.08"
"1,68 : 6.32"
"1,69 : 26.68"
"1,70 : 37.22"
"1,71 : 47.63"
"1,72 : 25.5"
"1,73 : 40.72"
"1,74 : 32.8"
"1,75 : 21.19"
"1,76 : 18.03"
"1,77 : 10.63"
"1,78 : 20.25"
"1,79 : 18.68"
"1,80 : 31.4"
"1,81 : 18.03"
"1,82 : 43.42"
"1,83 : 10.77"
"1,84 : 14.56"
"1,85 : 36.01"
"1,86 : 34.93"
"1,87 : 31.78"
"1,88 : 31.02"
"1,89 : 32.28"
"1,90 : 48.01"
"1,91 : 38.18"
"1,92 : 5.0"
"1,93 : 34.21"
"1,94 : 21.54"
"1,95 : 14.14"
"1,96 : 43.86"
"1,97 : 5.83"
"1,98 : 13.89"
"1,99 : 14.76"
"2,0 : 54.12"
"2,1 : 9.22"
"2,2 : 0.0"
"2,3 : 21.19"
"2,4 : 33.06"
"2,5 : 60.61"
"2,6 : 8.0"
"2,7 : 24.7"
"2,8 : 41.05"
"2,9 : 14.0"
"2,10 : 12.17"
"2,11 : 28.23"
"2,12 : 52.8"
"2,13 : 39.36"
"2,14 : 17.03"
"2,15 : 1.0"
"2,16 : 29.7"
"2,17 : 39.62"
"2,18 : 39.66"
"2,19 : 47.68"
"2,20 : 25.08"
"2,21 : 24.19"
"2,22 : 18.25"
"2,23 : 15.3"
"2,24 : 48.7"
"2,25 : 37.34"
"2,26 : 46.75"
"2,27 : 46.69"
"2,28 : 42.76"
"2,29 : 32.76"
"2,30 : 45.12"
"2,31 : 4.12"
"2,32 : 33.53"
"2,33 : 48.17"
"2,34 : 46.32"
"2,35 : 2.0"
"2,36 : 19.24"
"2,37 : 36.69"
"2,38 : 15.65"
"2,39 : 44.38"
"2,40 : 31.4"
"2,41 : 20.4"
"2,42 : 39.2"
"2,43 : 41.87"
"2,44 : 47.04"
"2,45 : 16.16"
"2,46 : 8.0"
"2,47 : 22.14"
"2,48 : 28.65"
"2,49 : 36.72"
"2,50 : 12.81"
"2,51 : 49.04"
"2,52 : 27.07"
"2,53 : 29.15"
"2,54 : 16.55"
"2,55 : 32.0"
"2,56 : 20.25"
"2,57 : 37.34"
"2,58 : 27.51"
"2,59 : 53.54"
"2,60 : 36.01"
"2,61 : 43.38"
"2,62 : 27.07"
"2,63 : 48.8"
"2,64 : 29.15"
"2,65 : 30.02"
"2,66 : 49.65"
"2,67 : 32.98"
"2,68 : 8.06"
"2,69 : 31.76"
"2,70 : 46.07"
"2,71 : 55.15"
"2,72 : 25.08"
"2,73 : 49.77"
"2,74 : 41.34"
"2,75 : 29.43"
"2,76 : 22.36"
"2,77 : 17.72"
"2,78 : 26.4"
"2,79 : 27.17"
"2,80 : 33.24"
"2,81 : 25.5"
"2,82 : 51.87"
"2,83 : 6.08"
"2,84 : 23.09"
"2,85 : 45.01"
"2,86 : 43.42"
"2,87 : 41.0"
"2,88 : 39.05"
"2,89 : 33.0"
"2,90 : 56.6"
"2,91 : 46.23"
"2,92 : 13.93"
"2,93 : 35.0"
"2,94 : 29.61"
"2,95 : 17.46"
"2,96 : 51.74"
"2,97 : 6.4"
"2,98 : 21.59"
"2,99 : 11.18"
"3,0 : 42.52"
"3,1 : 14.21"
"3,2 : 21.19"
"3,3 : 0.0"
"3,4 : 13.93"
"3,5 : 52.15"
"3,6 : 13.89"
"3,7 : 20.02"
"3,8 : 33.11"
"3,9 : 29.0"
"3,10 : 9.43"
"3,11 : 34.21"
"3,12 : 44.78"
"3,13 : 29.15"
"3,14 : 30.61"
"3,15 : 21.54"
"3,16 : 28.02"
"3,17 : 35.17"
"3,18 : 40.05"
"3,19 : 27.02"
"3,20 : 4.24"
"3,21 : 5.66"
"3,22 : 4.47"
"3,23 : 6.4"
"3,24 : 34.71"
"3,25 : 46.49"
"3,26 : 40.85"
"3,27 : 42.72"
"3,28 : 26.63"
"3,29 : 25.3"
"3,30 : 24.19"
"3,31 : 23.71"
"3,32 : 40.26"
"3,33 : 28.16"
"3,34 : 37.22"
"3,35 : 23.09"
"3,36 : 4.12"
"3,37 : 42.95"
"3,38 : 15.23"
"3,39 : 29.21"
"3,40 : 26.48"
"3,41 : 11.0"
"3,42 : 19.24"
"3,43 : 39.62"
"3,44 : 27.46"
"3,45 : 13.93"
"3,46 : 13.89"
"3,47 : 14.04"
"3,48 : 32.56"
"3,49 : 39.05"
"3,50 : 18.03"
"3,51 : 35.38"
"3,52 : 8.6"
"3,53 : 32.39"
"3,54 : 25.55"
"3,55 : 13.89"
"3,56 : 29.07"
"3,57 : 42.58"
"3,58 : 17.09"
"3,59 : 43.83"
"3,60 : 47.01"
"3,61 : 32.2"
"3,62 : 11.4"
"3,63 : 43.66"
"3,64 : 32.39"
"3,65 : 41.59"
"3,66 : 35.47"
"3,67 : 12.04"
"3,68 : 13.34"
"3,69 : 35.36"
"3,70 : 35.0"
"3,71 : 49.77"
"3,72 : 38.83"
"3,73 : 36.77"
"3,74 : 32.65"
"3,75 : 9.22"
"3,76 : 28.79"
"3,77 : 3.61"
"3,78 : 28.28"
"3,79 : 8.06"
"3,80 : 43.08"
"3,81 : 24.02"
"3,82 : 42.72"
"3,83 : 24.7"
"3,84 : 5.83"
"3,85 : 26.25"
"3,86 : 23.02"
"3,87 : 25.61"
"3,88 : 18.11"
"3,89 : 44.72"
"3,90 : 46.4"
"3,91 : 39.4"
"3,92 : 13.89"
"3,93 : 46.52"
"3,94 : 9.06"
"3,95 : 26.42"
"3,96 : 45.19"
"3,97 : 20.0"
"3,98 : 2.24"
"3,99 : 18.44"
"4,0 : 30.89"
"4,1 : 24.33"
"4,2 : 33.06"
"4,3 : 13.93"
"4,4 : 0.0"
"4,5 : 41.79"
"4,6 : 25.08"
"4,7 : 19.21"
"4,8 : 25.02"
"4,9 : 36.67"
"4,10 : 21.0"
"4,11 : 35.61"
"4,12 : 35.17"
"4,13 : 20.1"
"4,14 : 37.22"
"4,15 : 33.14"
"4,16 : 25.94"
"4,17 : 29.27"
"4,18 : 36.69"
"4,19 : 15.23"
"4,20 : 12.81"
"4,21 : 9.06"
"4,22 : 15.03"
"4,23 : 18.03"
"4,24 : 22.2"
"4,25 : 48.01"
"4,26 : 33.06"
"4,27 : 36.01"
"4,28 : 13.45"
"4,29 : 19.65"
"4,30 : 13.6"
"4,31 : 34.53"
"4,32 : 41.05"
"4,33 : 15.13"
"4,34 : 27.66"
"4,35 : 35.06"
"4,36 : 14.04"
"4,37 : 43.05"
"4,38 : 21.02"
"4,39 : 16.4"
"4,40 : 22.47"
"4,41 : 14.32"
"4,42 : 6.32"
"4,43 : 34.53"
"4,44 : 14.0"
"4,45 : 19.7"
"4,46 : 25.08"
"4,47 : 15.0"
"4,48 : 33.02"
"4,49 : 37.16"
"4,50 : 25.08"
"4,51 : 23.02"
"4,52 : 6.0"
"4,53 : 32.45"
"4,54 : 31.06"
"4,55 : 2.24"
"4,56 : 33.42"
"4,57 : 42.06"
"4,58 : 13.04"
"4,59 : 33.24"
"4,60 : 49.68"
"4,61 : 21.84"
"4,62 : 7.21"
"4,63 : 36.06"
"4,64 : 32.45"
"4,65 : 45.25"
"4,66 : 22.8"
"4,67 : 6.08"
"4,68 : 26.08"
"4,69 : 34.99"
"4,70 : 24.35"
"4,71 : 41.44"
"4,72 : 44.2"
"4,73 : 24.7"
"4,74 : 24.08"
"4,75 : 5.0"
"4,76 : 31.83"
"4,77 : 16.28"
"4,78 : 28.6"
"4,79 : 6.08"
"4,80 : 45.45"
"4,81 : 23.6"
"4,82 : 32.57"
"4,83 : 34.93"
"4,84 : 10.0"
"4,85 : 12.37"
"4,86 : 10.77"
"4,87 : 13.04"
"4,88 : 8.6"
"4,89 : 48.1"
"4,90 : 35.34"
"4,91 : 31.14"
"4,92 : 21.19"
"4,93 : 49.58"
"4,94 : 5.66"
"4,95 : 31.62"
"4,96 : 36.5"
"4,97 : 29.83"
"4,98 : 12.37"
"4,99 : 32.28"
"5,0 : 12.0"
"5,1 : 52.4"
"5,2 : 60.61"
"5,3 : 52.15"
"5,4 : 41.79"
"5,5 : 0.0"
"5,6 : 54.49"
"5,7 : 36.12"
"5,8 : 19.8"
"5,9 : 53.23"
"5,10 : 53.08"
"5,11 : 38.6"
"5,12 : 7.81"
"5,13 : 23.02"
"5,14 : 51.08"
"5,15 : 60.0"
"5,16 : 31.38"
"5,17 : 21.47"
"5,18 : 26.31"
"5,19 : 45.01"
"5,20 : 53.24"
"5,21 : 46.65"
"5,22 : 50.0"
"5,23 : 51.86"
"5,24 : 21.1"
"5,25 : 43.0"
"5,26 : 14.32"
"5,27 : 16.28"
"5,28 : 29.61"
"5,29 : 28.28"
"5,30 : 47.17"
"5,31 : 59.08"
"5,32 : 38.33"
"5,33 : 41.0"
"5,34 : 15.0"
"5,35 : 62.2"
"5,36 : 49.41"
"5,37 : 37.05"
"5,38 : 45.34"
"5,39 : 26.48"
"5,40 : 29.21"
"5,41 : 43.28"
"5,42 : 41.98"
"5,43 : 21.59"
"5,44 : 39.01"
"5,45 : 45.28"
"5,46 : 54.49"
"5,47 : 40.36"
"5,48 : 36.06"
"5,49 : 30.41"
"5,50 : 47.8"
"5,51 : 20.1"
"5,52 : 44.29"
"5,53 : 35.11"
"5,54 : 46.53"
"5,55 : 40.31"
"5,56 : 44.78"
"5,57 : 35.06"
"5,58 : 35.61"
"5,59 : 8.54"
"5,60 : 47.01"
"5,61 : 20.12"
"5,62 : 40.82"
"5,63 : 13.34"
"5,64 : 35.11"
"5,65 : 47.52"
"5,66 : 21.02"
"5,67 : 47.76"
"5,68 : 57.98"
"5,69 : 34.21"
"5,70 : 17.46"
"5,71 : 9.22"
"5,72 : 51.42"
"5,73 : 18.11"
"5,74 : 19.85"
"5,75 : 46.1"
"5,76 : 41.63"
"5,77 : 52.2"
"5,78 : 35.78"
"5,79 : 45.18"
"5,80 : 44.18"
"5,81 : 35.23"
"5,82 : 9.43"
"5,83 : 57.98"
"5,84 : 46.32"
"5,85 : 36.12"
"5,86 : 43.29"
"5,87 : 29.12"
"5,88 : 47.07"
"5,89 : 48.17"
"5,90 : 7.0"
"5,91 : 14.42"
"5,92 : 47.42"
"5,93 : 48.04"
"5,94 : 47.01"
"5,95 : 46.07"
"5,96 : 9.49"
"5,97 : 54.41"
"5,98 : 49.93"
"5,99 : 66.48"
"6,0 : 47.17"
"6,1 : 2.24"
"6,2 : 8.0"
"6,3 : 13.89"
"6,4 : 25.08"
"6,5 : 54.49"
"6,6 : 0.0"
"6,7 : 18.38"
"6,8 : 34.71"
"6,9 : 16.12"
"6,10 : 4.47"
"6,11 : 26.17"
"6,12 : 46.69"
"6,13 : 32.45"
"6,14 : 18.38"
"6,15 : 8.06"
"6,16 : 24.7"
"6,17 : 34.21"
"6,18 : 35.85"
"6,19 : 39.81"
"6,20 : 18.03"
"6,21 : 16.28"
"6,22 : 10.44"
"6,23 : 7.62"
"6,24 : 41.23"
"6,25 : 37.12"
"6,26 : 41.11"
"6,27 : 41.62"
"6,28 : 34.93"
"6,29 : 26.25"
"6,30 : 37.36"
"6,31 : 9.85"
"6,32 : 32.06"
"6,33 : 40.2"
"6,34 : 39.82"
"6,35 : 10.0"
"6,36 : 11.4"
"6,37 : 35.13"
"6,38 : 9.22"
"6,39 : 36.69"
"6,40 : 25.5"
"6,41 : 12.65"
"6,42 : 31.26"
"6,43 : 37.22"
"6,44 : 39.05"
"6,45 : 9.22"
"6,46 : 0.0"
"6,47 : 14.76"
"6,48 : 25.71"
"6,49 : 33.53"
"6,50 : 8.25"
"6,51 : 41.63"
"6,52 : 19.1"
"6,53 : 25.96"
"6,54 : 15.03"
"6,55 : 24.0"
"6,56 : 19.03"
"6,57 : 35.36"
"6,58 : 20.12"
"6,59 : 47.01"
"6,60 : 36.67"
"6,61 : 36.36"
"6,62 : 19.1"
"6,63 : 43.42"
"6,64 : 25.96"
"6,65 : 30.81"
"6,66 : 42.15"
"6,67 : 25.3"
"6,68 : 4.12"
"6,69 : 28.86"
"6,70 : 39.12"
"6,71 : 49.82"
"6,72 : 26.93"
"6,73 : 42.49"
"6,74 : 34.83"
"6,75 : 21.59"
"6,76 : 20.1"
"6,77 : 10.3"
"6,78 : 22.47"
"6,79 : 19.24"
"6,80 : 33.24"
"6,81 : 20.25"
"6,82 : 45.45"
"6,83 : 10.82"
"6,84 : 15.13"
"6,85 : 37.01"
"6,86 : 35.51"
"6,87 : 33.24"
"6,88 : 31.32"
"6,89 : 33.96"
"6,90 : 50.0"
"6,91 : 40.31"
"6,92 : 7.07"
"6,93 : 35.9"
"6,94 : 21.84"
"6,95 : 16.03"
"6,96 : 46.01"
"6,97 : 6.4"
"6,98 : 13.93"
"6,99 : 12.53"
"7,0 : 29.55"
"7,1 : 16.28"
"7,2 : 24.7"
"7,3 : 20.02"
"7,4 : 19.21"
"7,5 : 36.12"
"7,6 : 18.38"
"7,7 : 0.0"
"7,8 : 16.4"
"7,9 : 21.02"
"7,10 : 17.49"
"7,11 : 16.4"
"7,12 : 28.32"
"7,13 : 14.87"
"7,14 : 20.4"
"7,15 : 24.19"
"7,16 : 8.0"
"7,17 : 16.12"
"7,18 : 20.02"
"7,19 : 33.42"
"7,20 : 23.09"
"7,21 : 16.28"
"7,22 : 16.28"
"7,23 : 17.09"
"7,24 : 25.18"
"7,25 : 28.84"
"7,26 : 22.8"
"7,27 : 23.71"
"7,28 : 21.59"
"7,29 : 8.06"
"7,30 : 32.53"
"7,31 : 23.77"
"7,32 : 21.95"
"7,33 : 31.91"
"7,34 : 21.63"
"7,35 : 26.42"
"7,36 : 16.12"
"7,37 : 24.17"
"7,38 : 9.22"
"7,39 : 22.09"
"7,40 : 7.21"
"7,41 : 9.06"
"7,42 : 24.76"
"7,43 : 19.92"
"7,44 : 30.02"
"7,45 : 9.22"
"7,46 : 18.38"
"7,47 : 6.0"
"7,48 : 13.89"
"7,49 : 19.24"
"7,50 : 12.08"
"7,51 : 25.32"
"7,52 : 16.16"
"7,53 : 13.42"
"7,54 : 14.14"
"7,55 : 17.03"
"7,56 : 15.23"
"7,57 : 23.41"
"7,58 : 6.4"
"7,59 : 28.84"
"7,60 : 30.48"
"7,61 : 18.97"
"7,62 : 12.53"
"7,63 : 25.24"
"7,64 : 13.42"
"7,65 : 26.25"
"7,66 : 26.17"
"7,67 : 23.71"
"7,68 : 22.02"
"7,69 : 16.16"
"7,70 : 21.54"
"7,71 : 31.62"
"7,72 : 25.94"
"7,73 : 25.71"
"7,74 : 16.64"
"7,75 : 19.7"
"7,76 : 13.04"
"7,77 : 18.44"
"7,78 : 9.43"
"7,79 : 17.09"
"7,80 : 26.25"
"7,81 : 4.47"
"7,82 : 27.2"
"7,83 : 23.09"
"7,84 : 15.13"
"7,85 : 26.83"
"7,86 : 29.07"
"7,87 : 19.42"
"7,88 : 27.8"
"7,89 : 29.0"
"7,90 : 31.91"
"7,91 : 21.93"
"7,92 : 11.31"
"7,93 : 30.41"
"7,94 : 20.62"
"7,95 : 14.32"
"7,96 : 27.66"
"7,97 : 18.79"
"7,98 : 18.0"
"7,99 : 30.61"
"8,0 : 14.14"
"8,1 : 32.65"
"8,2 : 41.05"
"8,3 : 33.11"
"8,4 : 25.02"
"8,5 : 19.8"
"8,6 : 34.71"
"8,7 : 16.4"
"8,8 : 0.0"
"8,9 : 35.17"
"8,10 : 33.3"
"8,11 : 23.19"
"8,12 : 12.04"
"8,13 : 5.1"
"8,14 : 33.54"
"8,15 : 40.5"
"8,16 : 13.15"
"8,17 : 6.4"
"8,18 : 15.62"
"8,19 : 33.62"
"8,20 : 34.79"
"8,21 : 27.86"
"8,22 : 30.53"
"8,23 : 32.2"
"8,24 : 13.89"
"8,25 : 32.2"
"8,26 : 8.06"
"8,27 : 11.18"
"8,28 : 17.0"
"8,29 : 8.49"
"8,30 : 34.48"
"8,31 : 39.82"
"8,32 : 25.63"
"8,33 : 30.41"
"8,34 : 5.39"
"8,35 : 42.72"
"8,36 : 30.02"
"8,37 : 25.94"
"8,38 : 25.61"
"8,39 : 15.0"
"8,40 : 9.85"
"8,41 : 23.6"
"8,42 : 27.46"
"8,43 : 11.4"
"8,44 : 28.18"
"8,45 : 25.5"
"8,46 : 34.71"
"8,47 : 20.62"
"8,48 : 20.1"
"8,49 : 18.36"
"8,50 : 28.3"
"8,51 : 13.42"
"8,52 : 25.96"
"8,53 : 19.1"
"8,54 : 28.16"
"8,55 : 23.09"
"8,56 : 27.29"
"8,57 : 24.19"
"8,58 : 16.12"
"8,59 : 12.53"
"8,60 : 35.47"
"8,61 : 6.4"
"8,62 : 22.14"
"8,63 : 11.05"
"8,64 : 19.1"
"8,65 : 33.73"
"8,66 : 14.76"
"8,67 : 31.06"
"8,68 : 38.18"
"8,69 : 19.65"
"8,70 : 7.28"
"8,71 : 16.76"
"8,72 : 36.06"
"8,73 : 12.65"
"8,74 : 1.41"
"8,75 : 28.44"
"8,76 : 24.19"
"8,77 : 32.76"
"8,78 : 18.11"
"8,79 : 26.93"
"8,80 : 31.62"
"8,81 : 16.16"
"8,82 : 10.82"
"8,83 : 38.91"
"8,84 : 27.31"
"8,85 : 24.6"
"8,86 : 30.36"
"8,87 : 15.23"
"8,88 : 32.25"
"8,89 : 35.44"
"8,90 : 15.65"
"8,91 : 6.32"
"8,92 : 27.66"
"8,93 : 36.06"
"8,94 : 29.43"
"8,95 : 27.89"
"8,96 : 12.08"
"8,97 : 34.99"
"8,98 : 30.87"
"8,99 : 46.69"
"9,0 : 49.24"
"9,1 : 15.0"
"9,2 : 14.0"
"9,3 : 29.0"
"9,4 : 36.67"
"9,5 : 53.23"
"9,6 : 16.12"
"9,7 : 21.02"
"9,8 : 35.17"
"9,9 : 0.0"
"9,10 : 20.0"
"9,11 : 16.28"
"9,12 : 45.69"
"9,13 : 35.23"
"9,14 : 3.16"
"9,15 : 13.0"
"9,16 : 22.14"
"9,17 : 31.78"
"9,18 : 29.07"
"9,19 : 51.89"
"9,20 : 33.24"
"9,21 : 29.41"
"9,22 : 24.76"
"9,23 : 22.67"
"9,24 : 46.04"
"9,25 : 23.54"
"9,26 : 38.91"
"9,27 : 37.74"
"9,28 : 42.43"
"9,29 : 28.16"
"9,30 : 50.12"
"9,31 : 10.05"
"9,32 : 20.59"
"9,33 : 51.26"
"9,34 : 40.52"
"9,35 : 14.14"
"9,36 : 25.5"
"9,37 : 23.71"
"9,38 : 15.65"
"9,39 : 43.1"
"9,40 : 25.5"
"9,41 : 22.36"
"9,42 : 42.95"
"9,43 : 32.45"
"9,44 : 49.65"
"9,45 : 17.0"
"9,46 : 16.12"
"9,47 : 22.14"
"9,48 : 17.8"
"9,49 : 25.46"
"9,50 : 11.66"
"9,51 : 46.1"
"9,52 : 31.38"
"9,53 : 18.6"
"9,54 : 7.07"
"9,55 : 34.93"
"9,56 : 8.6"
"9,57 : 24.7"
"9,58 : 26.48"
"9,59 : 47.43"
"9,60 : 22.02"
"9,61 : 39.32"
"9,62 : 29.55"
"9,63 : 40.31"
"9,64 : 18.6"
"9,65 : 16.03"
"9,66 : 47.04"
"9,67 : 38.83"
"9,68 : 19.31"
"9,69 : 20.52"
"9,70 : 41.59"
"9,71 : 46.32"
"9,72 : 11.18"
"9,73 : 46.27"
"9,74 : 35.9"
"9,75 : 34.67"
"9,76 : 11.66"
"9,77 : 25.5"
"9,78 : 17.46"
"9,79 : 31.91"
"9,80 : 19.42"
"9,81 : 19.24"
"9,82 : 45.54"
"9,83 : 8.06"
"9,84 : 28.02"
"9,85 : 46.84"
"9,86 : 47.42"
"9,87 : 40.31"
"9,88 : 44.42"
"9,89 : 19.0"
"9,90 : 50.6"
"9,91 : 39.0"
"9,92 : 15.81"
"9,93 : 21.0"
"9,94 : 35.23"
"9,95 : 7.28"
"9,96 : 43.83"
"9,97 : 9.85"
"9,98 : 28.32"
"9,99 : 25.08"
"10,0 : 45.0"
"10,1 : 5.0"
"10,2 : 12.17"
"10,3 : 9.43"
"10,4 : 21.0"
"10,5 : 53.08"
"10,6 : 4.47"
"10,7 : 17.49"
"10,8 : 33.3"
"10,9 : 20.0"
"10,10 : 0.0"
"10,11 : 28.02"
"10,12 : 45.34"
"10,13 : 30.48"
"10,14 : 21.95"
"10,15 : 12.37"
"10,16 : 24.7"
"10,17 : 33.62"
"10,18 : 36.4"
"10,19 : 35.51"
"10,20 : 13.6"
"10,21 : 12.04"
"10,22 : 6.08"
"10,23 : 3.16"
"10,24 : 38.47"
"10,25 : 39.62"
"10,26 : 40.22"
"10,27 : 41.18"
"10,28 : 31.62"
"10,29 : 24.84"
"10,30 : 32.98"
"10,31 : 14.32"
"10,32 : 34.06"
"10,33 : 36.06"
"10,34 : 38.18"
"10,35 : 14.14"
"10,36 : 7.07"
"10,37 : 37.01"
"10,38 : 9.22"
"10,39 : 33.62"
"10,40 : 24.7"
"10,41 : 10.0"
"10,42 : 27.07"
"10,43 : 37.16"
"10,44 : 35.0"
"10,45 : 8.54"
"10,46 : 4.47"
"10,47 : 12.73"
"10,48 : 27.07"
"10,49 : 34.53"
"10,50 : 10.2"
"10,51 : 38.95"
"10,52 : 15.0"
"10,53 : 27.17"
"10,54 : 17.72"
"10,55 : 20.1"
"10,56 : 21.59"
"10,57 : 37.01"
"10,58 : 17.8"
"10,59 : 45.28"
"10,60 : 39.56"
"10,61 : 34.21"
"10,62 : 15.52"
"10,63 : 42.72"
"10,64 : 27.17"
"10,65 : 33.84"
"10,66 : 39.36"
"10,67 : 20.88"
"10,68 : 5.39"
"10,69 : 30.15"
"10,70 : 37.01"
"10,71 : 49.09"
"10,72 : 30.41"
"10,73 : 39.96"
"10,74 : 33.24"
"10,75 : 17.26"
"10,76 : 22.09"
"10,77 : 5.83"
"10,78 : 23.35"
"10,79 : 15.03"
"10,80 : 35.9"
"10,81 : 20.25"
"10,82 : 43.84"
"10,83 : 15.26"
"10,84 : 11.0"
"10,85 : 33.14"
"10,86 : 31.26"
"10,87 : 30.08"
"10,88 : 26.93"
"10,89 : 37.0"
"10,90 : 48.17"
"10,91 : 39.2"
"10,92 : 7.07"
"10,93 : 38.9"
"10,94 : 17.46"
"10,95 : 18.68"
"10,96 : 45.0"
"10,97 : 10.63"
"10,98 : 9.49"
"10,99 : 13.45"
"11,0 : 37.01"
"11,1 : 24.08"
"11,2 : 28.23"
"11,3 : 34.21"
"11,4 : 35.61"
"11,5 : 38.6"
"11,6 : 26.17"
"11,7 : 16.4"
"11,8 : 23.19"
"11,9 : 16.28"
"11,10 : 28.02"
"11,11 : 0.0"
"11,12 : 31.58"
"11,13 : 25.3"
"11,14 : 13.45"
"11,15 : 27.31"
"11,16 : 11.18"
"11,17 : 18.03"
"11,18 : 13.04"
"11,19 : 49.52"
"11,20 : 37.95"
"11,21 : 31.78"
"11,22 : 29.83"
"11,23 : 29.27"
"11,24 : 36.4"
"11,25 : 12.53"
"11,26 : 24.52"
"11,27 : 22.47"
"11,28 : 35.85"
"11,29 : 19.24"
"11,30 : 48.84"
"11,31 : 25.06"
"11,32 : 6.08"
"11,33 : 47.63"
"11,34 : 28.02"
"11,35 : 29.07"
"11,36 : 30.08"
"11,37 : 9.0"
"11,38 : 19.24"
"11,39 : 35.34"
"11,40 : 15.65"
"11,41 : 23.77"
"11,42 : 41.04"
"11,43 : 17.09"
"11,44 : 45.61"
"11,45 : 20.4"
"11,46 : 26.17"
"11,47 : 21.47"
"11,48 : 3.16"
"11,49 : 9.22"
"11,50 : 18.03"
"11,51 : 36.14"
"11,52 : 32.25"
"11,53 : 4.12"
"11,54 : 11.7"
"11,55 : 33.42"
"11,56 : 8.06"
"11,57 : 9.22"
"11,58 : 22.67"
"11,59 : 34.13"
"11,60 : 14.14"
"11,61 : 28.86"
"11,62 : 28.84"
"11,63 : 25.3"
"11,64 : 4.12"
"11,65 : 10.77"
"11,66 : 37.36"
"11,67 : 39.96"
"11,68 : 30.27"
"11,69 : 4.47"
"11,70 : 30.41"
"11,71 : 30.87"
"11,72 : 13.04"
"11,73 : 35.69"
"11,74 : 24.33"
"11,75 : 35.85"
"11,76 : 6.08"
"11,77 : 31.58"
"11,78 : 7.07"
"11,79 : 33.12"
"11,80 : 9.9"
"11,81 : 12.04"
"11,82 : 32.14"
"11,83 : 23.32"
"11,84 : 30.46"
"11,85 : 42.2"
"11,86 : 45.25"
"11,87 : 33.62"
"11,88 : 44.2"
"11,89 : 13.04"
"11,90 : 37.22"
"11,91 : 25.18"
"11,92 : 21.1"
"11,93 : 14.21"
"11,94 : 36.72"
"11,95 : 10.77"
"11,96 : 29.12"
"11,97 : 22.14"
"11,98 : 32.57"
"11,99 : 38.08"
"12,0 : 9.22"
"12,1 : 44.6"
"12,2 : 52.8"
"12,3 : 44.78"
"12,4 : 35.17"
"12,5 : 7.81"
"12,6 : 46.69"
"12,7 : 28.32"
"12,8 : 12.04"
"12,9 : 45.69"
"12,10 : 45.34"
"12,11 : 31.58"
"12,12 : 0.0"
"12,13 : 15.65"
"12,14 : 43.66"
"12,15 : 52.2"
"12,16 : 23.71"
"12,17 : 13.93"
"12,18 : 20.02"
"12,19 : 40.31"
"12,20 : 46.1"
"12,21 : 39.36"
"12,22 : 42.44"
"12,23 : 44.2"
"12,24 : 16.49"
"12,25 : 37.34"
"12,26 : 7.07"
"12,27 : 10.2"
"12,28 : 24.0"
"12,29 : 20.52"
"12,30 : 42.05"
"12,31 : 51.31"
"12,32 : 32.0"
"12,33 : 36.5"
"12,34 : 7.62"
"12,35 : 54.41"
"12,36 : 41.88"
"12,37 : 31.14"
"12,38 : 37.54"
"12,39 : 21.02"
"12,40 : 21.4"
"12,41 : 35.61"
"12,42 : 36.12"
"12,43 : 15.0"
"12,44 : 34.37"
"12,45 : 37.48"
"12,46 : 46.69"
"12,47 : 32.65"
"12,48 : 28.86"
"12,49 : 24.0"
"12,50 : 40.0"
"12,51 : 15.52"
"12,52 : 37.16"
"12,53 : 27.89"
"12,54 : 38.91"
"12,55 : 33.53"
"12,56 : 37.34"
"12,57 : 29.15"
"12,58 : 28.02"
"12,59 : 4.24"
"12,60 : 41.19"
"12,61 : 13.34"
"12,62 : 33.54"
"12,63 : 7.28"
"12,64 : 27.89"
"12,65 : 41.05"
"12,66 : 16.76"
"12,67 : 41.23"
"12,68 : 50.21"
"12,69 : 27.29"
"12,70 : 11.05"
"12,71 : 7.62"
"12,72 : 44.55"
"12,73 : 13.6"
"12,74 : 12.21"
"12,75 : 39.22"
"12,76 : 34.18"
"12,77 : 44.65"
"12,78 : 28.23"
"12,79 : 38.08"
"12,80 : 38.01"
"12,81 : 27.46"
"12,82 : 3.16"
"12,83 : 50.25"
"12,84 : 38.95"
"12,85 : 31.14"
"12,86 : 38.01"
"12,87 : 23.09"
"12,88 : 41.19"
"12,89 : 42.01"
"12,90 : 6.32"
"12,91 : 6.71"
"12,92 : 39.62"
"12,93 : 42.11"
"12,94 : 40.16"
"12,95 : 38.48"
"12,96 : 3.61"
"12,97 : 46.62"
"12,98 : 42.54"
"12,99 : 58.73"
"13,0 : 14.76"
"13,1 : 30.53"
"13,2 : 39.36"
"13,3 : 29.15"
"13,4 : 20.1"
"13,5 : 23.02"
"13,6 : 32.45"
"13,7 : 14.87"
"13,8 : 5.1"
"13,9 : 35.23"
"13,10 : 30.48"
"13,11 : 25.3"
"13,12 : 15.65"
"13,13 : 0.0"
"13,14 : 34.01"
"13,15 : 38.91"
"13,16 : 14.32"
"13,17 : 10.82"
"13,18 : 19.85"
"13,19 : 28.64"
"13,20 : 30.46"
"13,21 : 23.71"
"13,22 : 27.02"
"13,23 : 29.0"
"13,24 : 11.18"
"13,25 : 35.51"
"13,26 : 13.0"
"13,27 : 16.28"
"13,28 : 12.21"
"13,29 : 7.07"
"13,30 : 29.41"
"13,31 : 38.63"
"13,32 : 28.65"
"13,33 : 25.55"
"13,34 : 8.06"
"13,35 : 41.15"
"13,36 : 26.4"
"13,37 : 29.41"
"13,38 : 23.71"
"13,39 : 10.63"
"13,40 : 10.05"
"13,41 : 20.52"
"13,42 : 22.36"
"13,43 : 16.12"
"13,44 : 23.32"
"13,45 : 23.32"
"13,46 : 32.45"
"13,47 : 17.8"
"13,48 : 22.14"
"13,49 : 22.02"
"13,50 : 26.93"
"13,51 : 11.05"
"13,52 : 21.54"
"13,53 : 21.19"
"13,54 : 28.16"
"13,55 : 18.25"
"13,56 : 28.02"
"13,57 : 27.8"
"13,58 : 12.73"
"13,59 : 14.87"
"13,60 : 38.47"
"13,61 : 4.12"
"13,62 : 17.89"
"13,63 : 16.0"
"13,64 : 21.19"
"13,65 : 36.06"
"13,66 : 12.17"
"13,67 : 26.17"
"13,68 : 35.61"
"13,69 : 22.36"
"13,70 : 6.71"
"13,71 : 21.38"
"13,72 : 37.66"
"13,73 : 11.05"
"13,74 : 4.0"
"13,75 : 23.77"
"13,76 : 25.08"
"13,77 : 29.21"
"13,78 : 19.24"
"13,79 : 22.47"
"13,80 : 34.44"
"13,81 : 16.03"
"13,82 : 13.6"
"13,83 : 37.95"
"13,84 : 23.32"
"13,85 : 19.72"
"13,86 : 25.3"
"13,87 : 10.3"
"13,88 : 27.17"
"13,89 : 38.08"
"13,90 : 17.69"
"13,91 : 11.05"
"13,92 : 25.55"
"13,93 : 38.91"
"13,94 : 24.74"
"13,95 : 28.07"
"13,96 : 16.49"
"13,97 : 33.62"
"13,98 : 26.93"
"13,99 : 43.93"
"14,0 : 47.68"
"14,1 : 17.0"
"14,2 : 17.03"
"14,3 : 30.61"
"14,4 : 37.22"
"14,5 : 51.08"
"14,6 : 18.38"
"14,7 : 20.4"
"14,8 : 33.54"
"14,9 : 3.16"
"14,10 : 21.95"
"14,11 : 13.45"
"14,12 : 43.66"
"14,13 : 34.01"
"14,14 : 0.0"
"14,15 : 16.03"
"14,16 : 20.4"
"14,17 : 29.73"
"14,18 : 26.4"
"14,19 : 52.35"
"14,20 : 34.83"
"14,21 : 30.48"
"14,22 : 26.25"
"14,23 : 24.41"
"14,24 : 45.01"
"14,25 : 20.4"
"14,26 : 36.77"
"14,27 : 35.36"
"14,28 : 41.98"
"14,29 : 27.0"
"14,30 : 50.77"
"14,31 : 13.15"
"14,32 : 17.49"
"14,33 : 51.48"
"14,34 : 38.83"
"14,35 : 17.26"
"14,36 : 26.91"
"14,37 : 20.59"
"14,38 : 16.4"
"14,39 : 42.43"
"14,40 : 24.08"
"14,41 : 23.02"
"14,42 : 43.42"
"14,43 : 30.02"
"14,44 : 49.77"
"14,45 : 17.8"
"14,46 : 18.38"
"14,47 : 22.36"
"14,48 : 15.26"
"14,49 : 22.67"
"14,50 : 12.73"
"14,51 : 45.0"
"14,52 : 32.2"
"14,53 : 16.12"
"14,54 : 6.32"
"14,55 : 35.36"
"14,56 : 6.32"
"14,57 : 21.63"
"14,58 : 26.25"
"14,59 : 45.61"
"14,60 : 19.0"
"14,61 : 38.05"
"14,62 : 30.02"
"14,63 : 38.01"
"14,64 : 16.12"
"14,65 : 13.0"
"14,66 : 46.01"
"14,67 : 39.82"
"14,68 : 21.84"
"14,69 : 17.8"
"14,70 : 40.2"
"14,71 : 43.91"
"14,72 : 8.54"
"14,73 : 45.04"
"14,74 : 34.37"
"14,75 : 35.61"
"14,76 : 9.49"
"14,77 : 27.2"
"14,78 : 15.52"
"14,79 : 32.8"
"14,80 : 16.28"
"14,81 : 18.0"
"14,82 : 43.68"
"14,83 : 11.18"
"14,84 : 29.07"
"14,85 : 46.82"
"14,86 : 47.89"
"14,87 : 39.81"
"14,88 : 45.22"
"14,89 : 16.03"
"14,90 : 48.76"
"14,91 : 37.0"
"14,92 : 16.97"
"14,93 : 18.03"
"14,94 : 36.24"
"14,95 : 6.08"
"14,96 : 41.63"
"14,97 : 12.37"
"14,98 : 29.73"
"14,99 : 28.02"
"15,0 : 53.67"
"15,1 : 9.06"
"15,2 : 1.0"
"15,3 : 21.54"
"15,4 : 33.14"
"15,5 : 60.0"
"15,6 : 8.06"
"15,7 : 24.19"
"15,8 : 40.5"
"15,9 : 13.0"
"15,10 : 12.37"
"15,11 : 27.31"
"15,12 : 52.2"
"15,13 : 38.91"
"15,14 : 16.03"
"15,15 : 0.0"
"15,16 : 29.0"
"15,17 : 38.95"
"15,18 : 38.83"
"15,19 : 47.85"
"15,20 : 25.5"
"15,21 : 24.33"
"15,22 : 18.44"
"15,23 : 15.52"
"15,24 : 48.38"
"15,25 : 36.35"
"15,26 : 46.1"
"15,27 : 45.97"
"15,28 : 42.58"
"15,29 : 32.25"
"15,30 : 45.35"
"15,31 : 3.16"
"15,32 : 32.57"
"15,33 : 48.26"
"15,34 : 45.79"
"15,35 : 2.24"
"15,36 : 19.42"
"15,37 : 35.74"
"15,38 : 15.23"
"15,39 : 44.15"
"15,40 : 30.81"
"15,41 : 20.22"
"15,42 : 39.32"
"15,43 : 41.11"
"15,44 : 47.1"
"15,45 : 15.81"
"15,46 : 8.06"
"15,47 : 21.84"
"15,48 : 27.78"
"15,49 : 35.85"
"15,50 : 12.21"
"15,51 : 48.7"
"15,52 : 27.17"
"15,53 : 28.3"
"15,54 : 15.65"
"15,55 : 32.02"
"15,56 : 19.31"
"15,57 : 36.4"
"15,58 : 27.2"
"15,59 : 53.0"
"15,60 : 35.01"
"15,61 : 42.95"
"15,62 : 27.02"
"15,63 : 48.1"
"15,64 : 28.3"
"15,65 : 29.02"
"15,66 : 49.34"
"15,67 : 33.24"
"15,68 : 8.6"
"15,69 : 30.89"
"15,70 : 45.62"
"15,71 : 54.45"
"15,72 : 24.08"
"15,73 : 49.4"
"15,74 : 40.82"
"15,75 : 29.61"
"15,76 : 21.47"
"15,77 : 18.03"
"15,78 : 25.61"
"15,79 : 27.29"
"15,80 : 32.25"
"15,81 : 24.84"
"15,82 : 51.31"
"15,83 : 5.1"
"15,84 : 23.19"
"15,85 : 45.0"
"15,86 : 43.57"
"15,87 : 40.79"
"15,88 : 39.29"
"15,89 : 32.0"
"15,90 : 56.08"
"15,91 : 45.61"
"15,92 : 13.6"
"15,93 : 34.0"
"15,94 : 29.83"
"15,95 : 16.55"
"15,96 : 51.09"
"15,97 : 5.66"
"15,98 : 21.84"
"15,99 : 12.17"
"16,0 : 27.29"
"16,1 : 22.47"
"16,2 : 29.7"
"16,3 : 28.02"
"16,4 : 25.94"
"16,5 : 31.38"
"16,6 : 24.7"
"16,7 : 8.0"
"16,8 : 13.15"
"16,9 : 22.14"
"16,10 : 24.7"
"16,11 : 11.18"
"16,12 : 23.71"
"16,13 : 14.32"
"16,14 : 20.4"
"16,15 : 29.0"
"16,16 : 0.0"
"16,17 : 10.0"
"16,18 : 12.04"
"16,19 : 38.95"
"16,20 : 31.06"
"16,21 : 24.19"
"16,22 : 24.19"
"16,23 : 24.74"
"16,24 : 25.5"
"16,25 : 22.63"
"16,26 : 17.2"
"16,27 : 17.03"
"16,28 : 24.7"
"16,29 : 8.06"
"16,30 : 38.6"
"16,31 : 27.8"
"16,32 : 15.56"
"16,33 : 36.8"
"16,34 : 18.44"
"16,35 : 31.14"
"16,36 : 24.08"
"16,37 : 17.2"
"16,38 : 15.65"
"16,39 : 24.17"
"16,40 : 4.47"
"16,41 : 17.03"
"16,42 : 30.81"
"16,43 : 12.53"
"16,44 : 34.71"
"16,45 : 16.16"
"16,46 : 24.7"
"16,47 : 14.0"
"16,48 : 8.06"
"16,49 : 11.4"
"16,50 : 17.03"
"16,51 : 25.32"
"16,52 : 23.77"
"16,53 : 7.21"
"16,54 : 15.23"
"16,55 : 23.71"
"16,56 : 14.14"
"16,57 : 16.12"
"16,58 : 13.0"
"16,59 : 25.3"
"16,60 : 25.0"
"16,61 : 18.11"
"16,62 : 19.92"
"16,63 : 19.1"
"16,64 : 7.21"
"16,65 : 21.93"
"16,66 : 26.48"
"16,67 : 31.02"
"16,68 : 28.65"
"16,69 : 9.22"
"16,70 : 20.0"
"16,71 : 25.46"
"16,72 : 23.35"
"16,73 : 25.08"
"16,74 : 14.04"
"16,75 : 27.2"
"16,76 : 11.05"
"16,77 : 26.31"
"16,78 : 5.0"
"16,79 : 24.74"
"16,80 : 20.81"
"16,81 : 4.47"
"16,82 : 23.41"
"16,83 : 26.63"
"16,84 : 23.09"
"16,85 : 31.24"
"16,86 : 34.83"
"16,87 : 22.47"
"16,88 : 34.48"
"16,89 : 24.19"
"16,90 : 28.46"
"16,91 : 17.0"
"16,92 : 17.89"
"16,93 : 25.24"
"16,94 : 28.16"
"16,95 : 14.87"
"16,96 : 22.2"
"16,97 : 23.35"
"16,98 : 26.0"
"16,99 : 37.22"
"17,0 : 19.1"
"17,1 : 32.02"
"17,2 : 39.62"
"17,3 : 35.17"
"17,4 : 29.27"
"17,5 : 21.47"
"17,6 : 34.21"
"17,7 : 16.12"
"17,8 : 6.4"
"17,9 : 31.78"
"17,10 : 33.62"
"17,11 : 18.03"
"17,12 : 13.93"
"17,13 : 10.82"
"17,14 : 29.73"
"17,15 : 38.95"
"17,16 : 10.0"
"17,17 : 0.0"
"17,18 : 9.22"
"17,19 : 39.36"
"17,20 : 37.48"
"17,21 : 30.41"
"17,22 : 31.95"
"17,23 : 33.11"
"17,24 : 20.25"
"17,25 : 26.0"
"17,26 : 7.21"
"17,27 : 7.62"
"17,28 : 23.02"
"17,29 : 10.05"
"17,30 : 39.92"
"17,31 : 37.8"
"17,32 : 19.65"
"17,33 : 36.36"
"17,34 : 10.2"
"17,35 : 41.11"
"17,36 : 31.62"
"17,37 : 19.7"
"17,38 : 25.0"
"17,39 : 21.26"
"17,40 : 8.94"
"17,41 : 24.7"
"17,42 : 32.57"
"17,43 : 5.39"
"17,44 : 34.13"
"17,45 : 25.24"
"17,46 : 34.21"
"17,47 : 21.54"
"17,48 : 15.13"
"17,49 : 12.08"
"17,50 : 26.87"
"17,51 : 19.72"
"17,52 : 29.07"
"17,53 : 14.14"
"17,54 : 25.06"
"17,55 : 27.17"
"17,56 : 23.41"
"17,57 : 17.89"
"17,58 : 18.25"
"17,59 : 16.12"
"17,60 : 29.41"
"17,61 : 12.81"
"17,62 : 25.08"
"17,63 : 9.22"
"17,64 : 14.14"
"17,65 : 28.16"
"17,66 : 21.1"
"17,67 : 35.13"
"17,68 : 38.01"
"17,69 : 14.04"
"17,70 : 13.42"
"17,71 : 15.62"
"17,72 : 31.06"
"17,73 : 18.79"
"17,74 : 7.81"
"17,75 : 32.0"
"17,76 : 20.25"
"17,77 : 34.18"
"17,78 : 14.32"
"17,79 : 30.07"
"17,80 : 25.71"
"17,81 : 14.14"
"17,82 : 14.14"
"17,83 : 36.62"
"17,84 : 29.61"
"17,85 : 30.53"
"17,86 : 35.85"
"17,87 : 21.1"
"17,88 : 37.11"
"17,89 : 29.61"
"17,90 : 19.24"
"17,91 : 7.28"
"17,92 : 27.2"
"17,93 : 30.08"
"17,94 : 33.0"
"17,95 : 24.6"
"17,96 : 12.21"
"17,97 : 33.3"
"17,98 : 32.98"
"17,99 : 46.62"
"18,0 : 27.2"
"18,1 : 33.62"
"18,2 : 39.66"
"18,3 : 40.05"
"18,4 : 36.69"
"18,5 : 26.31"
"18,6 : 35.85"
"18,7 : 20.02"
"18,8 : 15.62"
"18,9 : 29.07"
"18,10 : 36.4"
"18,11 : 13.04"
"18,12 : 20.02"
"18,13 : 19.85"
"18,14 : 26.4"
"18,15 : 38.83"
"18,16 : 12.04"
"18,17 : 9.22"
"18,18 : 0.0"
"18,19 : 48.02"
"18,20 : 43.01"
"18,21 : 36.06"
"18,22 : 36.22"
"18,23 : 36.67"
"18,24 : 29.41"
"18,25 : 17.46"
"18,26 : 13.15"
"18,27 : 10.05"
"18,28 : 32.02"
"18,29 : 17.09"
"18,30 : 48.3"
"18,31 : 37.01"
"18,32 : 12.04"
"18,33 : 45.22"
"18,34 : 18.79"
"18,35 : 40.8"
"18,36 : 36.12"
"18,37 : 11.18"
"18,38 : 27.2"
"18,39 : 30.41"
"18,40 : 14.32"
"18,41 : 29.07"
"18,42 : 40.72"
"18,43 : 5.1"
"18,44 : 43.01"
"18,45 : 27.89"
"18,46 : 35.85"
"18,47 : 26.02"
"18,48 : 11.31"
"18,49 : 4.12"
"18,50 : 27.73"
"18,51 : 28.84"
"18,52 : 35.36"
"18,53 : 10.63"
"18,54 : 23.43"
"18,55 : 34.48"
"18,56 : 20.52"
"18,57 : 9.22"
"18,58 : 24.33"
"18,59 : 23.35"
"18,60 : 21.21"
"18,61 : 22.02"
"18,62 : 31.4"
"18,63 : 13.04"
"18,64 : 10.63"
"18,65 : 21.21"
"18,66 : 30.23"
"18,67 : 42.2"
"18,68 : 39.92"
"18,69 : 8.6"
"18,70 : 22.47"
"18,71 : 18.03"
"18,72 : 25.3"
"18,73 : 27.78"
"18,74 : 17.03"
"18,75 : 38.64"
"18,76 : 17.69"
"18,77 : 38.33"
"18,78 : 13.42"
"18,79 : 36.35"
"18,80 : 18.0"
"18,81 : 16.28"
"18,82 : 21.38"
"18,83 : 35.47"
"18,84 : 35.01"
"18,85 : 39.41"
"18,86 : 44.29"
"18,87 : 30.0"
"18,88 : 44.94"
"18,89 : 22.0"
"18,90 : 26.17"
"18,91 : 14.56"
"18,92 : 29.41"
"18,93 : 22.09"
"18,94 : 39.62"
"18,95 : 22.67"
"18,96 : 17.03"
"18,97 : 33.29"
"18,98 : 38.01"
"18,99 : 48.33"
"19,0 : 33.02"
"19,1 : 39.29"
"19,2 : 47.68"
"19,3 : 27.02"
"19,4 : 15.23"
"19,5 : 45.01"
"19,6 : 39.81"
"19,7 : 33.42"
"19,8 : 33.62"
"19,9 : 51.89"
"19,10 : 35.51"
"19,11 : 49.52"
"19,12 : 40.31"
"19,13 : 28.64"
"19,14 : 52.35"
"19,15 : 47.85"
"19,16 : 38.95"
"19,17 : 39.36"
"19,18 : 48.02"
"19,19 : 0.0"
"19,20 : 24.08"
"19,21 : 23.54"
"19,22 : 29.43"
"19,23 : 32.39"
"19,24 : 24.02"
"19,25 : 61.55"
"19,26 : 40.8"
"19,27 : 44.6"
"19,28 : 16.76"
"19,29 : 31.4"
"19,30 : 3.61"
"19,31 : 49.48"
"19,32 : 54.49"
"19,33 : 4.12"
"19,34 : 33.96"
"19,35 : 49.65"
"19,36 : 28.44"
"19,37 : 56.08"
"19,38 : 36.25"
"19,39 : 19.42"
"19,40 : 34.83"
"19,41 : 29.55"
"19,42 : 8.94"
"19,43 : 44.72"
"19,44 : 6.0"
"19,45 : 34.93"
"19,46 : 39.81"
"19,47 : 30.02"
"19,48 : 46.67"
"19,49 : 49.41"
"19,50 : 40.31"
"19,51 : 25.02"
"19,52 : 20.88"
"19,53 : 45.97"
"19,54 : 46.14"
"19,55 : 17.0"
"19,56 : 48.26"
"19,57 : 54.82"
"19,58 : 27.02"
"19,59 : 37.05"
"19,60 : 63.66"
"19,61 : 28.16"
"19,62 : 22.36"
"19,63 : 43.68"
"19,64 : 45.97"
"19,65 : 59.67"
"19,66 : 24.0"
"19,67 : 15.0"
"19,68 : 40.2"
"19,69 : 48.17"
"19,70 : 29.61"
"19,71 : 47.68"
"19,72 : 59.08"
"19,73 : 27.02"
"19,74 : 32.31"
"19,75 : 18.25"
"19,76 : 46.4"
"19,77 : 30.15"
"19,78 : 42.45"
"19,79 : 20.62"
"19,80 : 59.41"
"19,81 : 37.54"
"19,82 : 37.22"
"19,83 : 50.0"
"19,84 : 24.74"
"19,85 : 9.22"
"19,86 : 4.47"
"19,87 : 18.38"
"19,88 : 9.06"
"19,89 : 62.37"
"19,90 : 38.01"
"19,91 : 38.6"
"19,92 : 36.4"
"19,93 : 63.7"
"19,94 : 18.11"
"19,95 : 46.65"
"19,96 : 42.76"
"19,97 : 44.92"
"19,98 : 26.17"
"19,99 : 45.1"
"20,0 : 43.01"
"20,1 : 18.44"
"20,2 : 25.08"
"20,3 : 4.24"
"20,4 : 12.81"
"20,5 : 53.24"
"20,6 : 18.03"
"20,7 : 23.09"
"20,8 : 34.79"
"20,9 : 33.24"
"20,10 : 13.6"
"20,11 : 37.95"
"20,12 : 46.1"
"20,13 : 30.46"
"20,14 : 34.83"
"20,15 : 25.5"
"20,16 : 31.06"
"20,17 : 37.48"
"20,18 : 43.01"
"20,19 : 24.08"
"20,20 : 0.0"
"20,21 : 7.07"
"20,22 : 8.6"
"20,23 : 10.63"
"20,24 : 34.71"
"20,25 : 50.33"
"20,26 : 42.72"
"20,27 : 44.91"
"20,28 : 26.17"
"20,29 : 27.46"
"20,30 : 21.0"
"20,31 : 27.78"
"20,32 : 43.97"
"20,33 : 25.71"
"20,34 : 38.48"
"20,35 : 26.93"
"20,36 : 8.06"
"20,37 : 46.57"
"20,38 : 19.24"
"20,39 : 29.0"
"20,40 : 29.07"
"20,41 : 14.32"
"20,42 : 17.09"
"20,43 : 42.19"
"20,44 : 25.3"
"20,45 : 17.89"
"20,46 : 18.03"
"20,47 : 17.12"
"20,48 : 36.14"
"20,49 : 42.3"
"20,50 : 22.2"
"20,51 : 35.47"
"20,52 : 8.94"
"20,53 : 35.9"
"20,54 : 29.68"
"20,55 : 13.45"
"20,56 : 33.12"
"20,57 : 46.1"
"20,58 : 19.24"
"20,59 : 44.78"
"20,60 : 50.99"
"20,61 : 33.12"
"20,62 : 12.65"
"20,63 : 45.61"
"20,64 : 35.9"
"20,65 : 45.65"
"20,66 : 35.38"
"20,67 : 9.22"
"20,68 : 17.09"
"20,69 : 38.83"
"20,70 : 35.85"
"20,71 : 51.55"
"20,72 : 43.01"
"20,73 : 37.01"
"20,74 : 34.18"
"20,75 : 7.81"
"20,76 : 32.7"
"20,77 : 7.81"
"20,78 : 31.78"
"20,79 : 8.06"
"20,80 : 47.01"
"20,81 : 27.29"
"20,82 : 43.83"
"20,83 : 28.84"
"20,84 : 8.0"
"20,85 : 24.6"
"20,86 : 20.4"
"20,87 : 25.5"
"20,88 : 15.03"
"20,89 : 48.76"
"20,90 : 47.17"
"20,91 : 41.11"
"20,92 : 18.03"
"20,93 : 50.54"
"20,94 : 7.21"
"20,95 : 30.53"
"20,96 : 46.82"
"20,97 : 24.21"
"20,98 : 5.39"
"20,99 : 21.02"
"21,0 : 36.88"
"21,1 : 15.81"
"21,2 : 24.19"
"21,3 : 5.66"
"21,4 : 9.06"
"21,5 : 46.65"
"21,6 : 16.28"
"21,7 : 16.28"
"21,8 : 27.86"
"21,9 : 29.41"
"21,10 : 12.04"
"21,11 : 31.78"
"21,12 : 39.36"
"21,13 : 23.71"
"21,14 : 30.48"
"21,15 : 24.33"
"21,16 : 24.19"
"21,17 : 30.41"
"21,18 : 36.06"
"21,19 : 23.54"
"21,20 : 7.07"
"21,21 : 0.0"
"21,22 : 6.0"
"21,23 : 9.0"
"21,24 : 29.07"
"21,25 : 44.28"
"21,26 : 35.74"
"21,27 : 37.85"
"21,28 : 21.1"
"21,29 : 20.4"
"21,30 : 21.19"
"21,31 : 25.96"
"21,32 : 37.7"
"21,33 : 24.02"
"21,34 : 31.76"
"21,35 : 26.17"
"21,36 : 5.0"
"21,37 : 40.16"
"21,38 : 14.14"
"21,39 : 23.6"
"21,40 : 22.02"
"21,41 : 8.06"
"21,42 : 15.03"
"21,43 : 35.13"
"21,44 : 23.02"
"21,45 : 12.73"
"21,46 : 16.28"
"21,47 : 10.44"
"21,48 : 29.73"
"21,49 : 35.51"
"21,50 : 17.8"
"21,51 : 29.73"
"21,52 : 3.16"
"21,53 : 29.41"
"21,54 : 24.76"
"21,55 : 8.54"
"21,56 : 27.8"
"21,57 : 39.56"
"21,58 : 12.17"
"21,59 : 38.28"
"21,60 : 45.28"
"21,61 : 26.63"
"21,62 : 5.83"
"21,63 : 38.6"
"21,64 : 29.41"
"21,65 : 40.22"
"21,66 : 29.83"
"21,67 : 9.43"
"21,68 : 17.03"
"21,69 : 32.28"
"21,70 : 29.41"
"21,71 : 44.6"
"21,72 : 38.21"
"21,73 : 31.11"
"21,74 : 27.31"
"21,75 : 5.39"
"21,76 : 26.93"
"21,77 : 7.28"
"21,78 : 25.3"
"21,79 : 3.0"
"21,80 : 41.18"
"21,81 : 20.62"
"21,82 : 37.22"
"21,83 : 26.57"
"21,84 : 1.41"
"21,85 : 21.38"
"21,86 : 19.24"
"21,87 : 20.0"
"21,88 : 15.23"
"21,89 : 43.27"
"21,90 : 40.8"
"21,91 : 34.18"
"21,92 : 13.6"
"21,93 : 44.94"
"21,94 : 5.83"
"21,95 : 25.5"
"21,96 : 39.92"
"21,97 : 21.54"
"21,98 : 3.61"
"21,99 : 23.41"
"22,0 : 41.04"
"22,1 : 10.3"
"22,2 : 18.25"
"22,3 : 4.47"
"22,4 : 15.03"
"22,5 : 50.0"
"22,6 : 10.44"
"22,7 : 16.28"
"22,8 : 30.53"
"22,9 : 24.76"
"22,10 : 6.08"
"22,11 : 29.83"
"22,12 : 42.44"
"22,13 : 27.02"
"22,14 : 26.25"
"22,15 : 18.44"
"22,16 : 24.19"
"22,17 : 31.95"
"22,18 : 36.22"
"22,19 : 29.43"
"22,20 : 8.6"
"22,21 : 6.0"
"22,22 : 0.0"
"22,23 : 3.0"
"22,24 : 33.84"
"22,25 : 42.06"
"22,26 : 38.01"
"22,27 : 39.56"
"22,28 : 26.4"
"22,29 : 22.36"
"22,30 : 26.93"
"22,31 : 20.25"
"22,32 : 35.9"
"22,33 : 30.02"
"22,34 : 35.0"
"22,35 : 20.22"
"22,36 : 1.0"
"22,37 : 38.64"
"22,38 : 10.77"
"22,39 : 28.65"
"22,40 : 23.09"
"22,41 : 7.28"
"22,42 : 21.02"
"22,43 : 36.14"
"22,44 : 29.02"
"22,45 : 9.49"
"22,46 : 10.44"
"22,47 : 10.44"
"22,48 : 28.28"
"22,49 : 35.0"
"22,50 : 13.6"
"22,51 : 34.41"
"22,52 : 9.06"
"22,53 : 28.16"
"22,54 : 21.1"
"22,55 : 14.32"
"22,56 : 24.6"
"22,57 : 38.33"
"22,58 : 14.42"
"22,59 : 41.87"
"22,60 : 42.54"
"22,61 : 30.41"
"22,62 : 10.3"
"22,63 : 40.72"
"22,64 : 28.16"
"22,65 : 37.12"
"22,66 : 34.67"
"22,67 : 14.87"
"22,68 : 11.05"
"22,69 : 31.14"
"22,70 : 33.24"
"22,71 : 46.96"
"22,72 : 34.41"
"22,73 : 35.61"
"22,74 : 30.23"
"22,75 : 11.18"
"22,76 : 24.35"
"22,77 : 2.24"
"22,78 : 24.08"
"22,79 : 9.0"
"22,80 : 38.63"
"22,81 : 20.02"
"22,82 : 40.61"
"22,83 : 21.02"
"22,84 : 5.1"
"22,85 : 27.29"
"22,86 : 25.18"
"22,87 : 25.06"
"22,88 : 20.88"
"22,89 : 40.25"
"22,90 : 44.6"
"22,91 : 36.72"
"22,92 : 9.43"
"22,93 : 42.05"
"22,94 : 11.4"
"22,95 : 21.95"
"22,96 : 42.54"
"22,97 : 16.12"
"22,98 : 3.61"
"22,99 : 17.89"
"23,0 : 43.28"
"23,1 : 7.81"
"23,2 : 15.3"
"23,3 : 6.4"
"23,4 : 18.03"
"23,5 : 51.86"
"23,6 : 7.62"
"23,7 : 17.09"
"23,8 : 32.2"
"23,9 : 22.67"
"23,10 : 3.16"
"23,11 : 29.27"
"23,12 : 44.2"
"23,13 : 29.0"
"23,14 : 24.41"
"23,15 : 15.52"
"23,16 : 24.74"
"23,17 : 33.11"
"23,18 : 36.67"
"23,19 : 32.39"
"23,20 : 10.63"
"23,21 : 9.0"
"23,22 : 3.0"
"23,23 : 0.0"
"23,24 : 36.36"
"23,25 : 41.23"
"23,26 : 39.45"
"23,27 : 40.72"
"23,28 : 29.15"
"23,29 : 23.85"
"23,30 : 29.83"
"23,31 : 17.46"
"23,32 : 35.36"
"23,33 : 33.02"
"23,34 : 36.88"
"23,35 : 17.26"
"23,36 : 4.0"
"23,37 : 38.21"
"23,38 : 10.05"
"23,39 : 31.3"
"23,40 : 24.17"
"23,41 : 8.6"
"23,42 : 24.02"
"23,43 : 37.0"
"23,44 : 32.02"
"23,45 : 9.0"
"23,46 : 7.62"
"23,47 : 11.66"
"23,48 : 28.02"
"23,49 : 35.13"
"23,50 : 12.08"
"23,51 : 36.89"
"23,52 : 12.04"
"23,53 : 28.0"
"23,54 : 19.7"
"23,55 : 17.26"
"23,56 : 23.41"
"23,57 : 38.05"
"23,58 : 16.28"
"23,59 : 43.86"
"23,60 : 41.44"
"23,61 : 32.56"
"23,62 : 13.0"
"23,63 : 42.06"
"23,64 : 28.0"
"23,65 : 35.85"
"23,66 : 37.22"
"23,67 : 17.72"
"23,68 : 8.06"
"23,69 : 31.0"
"23,70 : 35.38"
"23,71 : 48.37"
"23,72 : 32.76"
"23,73 : 38.01"
"23,74 : 32.02"
"23,75 : 14.14"
"23,76 : 23.54"
"23,77 : 2.83"
"23,78 : 24.02"
"23,79 : 12.0"
"23,80 : 37.64"
"23,81 : 20.4"
"23,82 : 42.52"
"23,83 : 18.36"
"23,84 : 8.06"
"23,85 : 30.27"
"23,86 : 28.16"
"23,87 : 27.73"
"23,88 : 23.77"
"23,89 : 39.0"
"23,90 : 46.67"
"23,91 : 38.28"
"23,92 : 8.25"
"23,93 : 40.85"
"23,94 : 14.32"
"23,95 : 20.62"
"23,96 : 44.1"
"23,97 : 13.6"
"23,98 : 6.32"
"23,99 : 15.26"
"24,0 : 9.22"
"24,1 : 39.56"
"24,2 : 48.7"
"24,3 : 34.71"
"24,4 : 22.2"
"24,5 : 21.1"
"24,6 : 41.23"
"24,7 : 25.18"
"24,8 : 13.89"
"24,9 : 46.04"
"24,10 : 38.47"
"24,11 : 36.4"
"24,12 : 16.49"
"24,13 : 11.18"
"24,14 : 45.01"
"24,15 : 48.38"
"24,16 : 25.5"
"24,17 : 20.25"
"24,18 : 29.41"
"24,19 : 24.02"
"24,20 : 34.71"
"24,21 : 29.07"
"24,22 : 33.84"
"24,23 : 36.36"
"24,24 : 0.0"
"24,25 : 46.07"
"24,26 : 18.6"
"24,27 : 22.8"
"24,28 : 8.94"
"24,29 : 18.03"
"24,30 : 26.08"
"24,31 : 48.51"
"24,32 : 39.4"
"24,33 : 20.1"
"24,34 : 11.4"
"24,35 : 50.6"
"24,36 : 33.02"
"24,37 : 39.82"
"24,38 : 33.24"
"24,39 : 5.83"
"24,40 : 21.21"
"24,41 : 28.64"
"24,42 : 21.19"
"24,43 : 24.84"
"24,44 : 18.03"
"24,45 : 32.57"
"24,46 : 41.23"
"24,47 : 26.57"
"24,48 : 33.24"
"24,49 : 32.25"
"24,50 : 36.88"
"24,51 : 1.0"
"24,52 : 26.17"
"24,53 : 32.28"
"24,54 : 39.01"
"24,55 : 21.26"
"24,56 : 39.12"
"24,57 : 38.08"
"24,58 : 21.19"
"24,59 : 13.04"
"24,60 : 49.24"
"24,61 : 7.62"
"24,62 : 23.6"
"24,63 : 21.1"
"24,64 : 32.28"
"24,65 : 47.13"
"24,66 : 1.0"
"24,67 : 27.78"
"24,68 : 43.83"
"24,69 : 33.24"
"24,70 : 7.07"
"24,71 : 24.04"
"24,72 : 48.84"
"24,73 : 3.0"
"24,74 : 12.53"
"24,75 : 27.02"
"24,76 : 36.22"
"24,77 : 35.81"
"24,78 : 30.41"
"24,79 : 26.87"
"24,80 : 45.31"
"24,81 : 27.02"
"24,82 : 13.34"
"24,83 : 48.05"
"24,84 : 29.21"
"24,85 : 15.03"
"24,86 : 22.2"
"24,87 : 9.22"
"24,88 : 26.25"
"24,89 : 49.04"
"24,90 : 14.14"
"24,91 : 16.4"
"24,92 : 34.79"
"24,93 : 49.77"
"24,94 : 27.8"
"24,95 : 39.0"
"24,96 : 19.31"
"24,97 : 43.42"
"24,98 : 32.65"
"24,99 : 51.62"
"25,0 : 44.64"
"25,1 : 35.23"
"25,2 : 37.34"
"25,3 : 46.49"
"25,4 : 48.01"
"25,5 : 43.0"
"25,6 : 37.12"
"25,7 : 28.84"
"25,8 : 32.2"
"25,9 : 23.54"
"25,10 : 39.62"
"25,11 : 12.53"
"25,12 : 37.34"
"25,13 : 35.51"
"25,14 : 20.4"
"25,15 : 36.35"
"25,16 : 22.63"
"25,17 : 26.0"
"25,18 : 17.46"
"25,19 : 61.55"
"25,20 : 50.33"
"25,21 : 44.28"
"25,22 : 42.06"
"25,23 : 41.23"
"25,24 : 46.07"
"25,25 : 0.0"
"25,26 : 30.59"
"25,27 : 27.17"
"25,28 : 47.01"
"25,29 : 30.48"
"25,30 : 61.07"
"25,31 : 33.54"
"25,32 : 7.07"
"25,33 : 59.41"
"25,34 : 36.06"
"25,35 : 37.66"
"25,36 : 42.38"
"25,37 : 6.32"
"25,38 : 31.32"
"25,39 : 46.04"
"25,40 : 26.91"
"25,41 : 36.25"
"25,42 : 53.26"
"25,43 : 22.56"
"25,44 : 57.31"
"25,45 : 32.57"
"25,46 : 37.12"
"25,47 : 34.0"
"25,48 : 15.0"
"25,49 : 13.93"
"25,50 : 29.43"
"25,51 : 45.62"
"25,52 : 44.78"
"25,53 : 15.62"
"25,54 : 22.09"
"25,55 : 45.8"
"25,56 : 18.11"
"25,57 : 8.25"
"25,58 : 35.0"
"25,59 : 40.79"
"25,60 : 4.12"
"25,61 : 38.47"
"25,62 : 41.34"
"25,63 : 30.15"
"25,64 : 15.62"
"25,65 : 8.06"
"25,66 : 46.96"
"25,67 : 52.48"
"25,68 : 41.05"
"25,69 : 13.45"
"25,70 : 39.4"
"25,71 : 34.06"
"25,72 : 13.89"
"25,73 : 44.78"
"25,74 : 33.54"
"25,75 : 48.37"
"25,76 : 17.72"
"25,77 : 43.68"
"25,78 : 19.42"
"25,79 : 45.65"
"25,80 : 4.12"
"25,81 : 24.41"
"25,82 : 38.83"
"25,83 : 31.58"
"25,84 : 42.95"
"25,85 : 53.81"
"25,86 : 57.38"
"25,87 : 44.82"
"25,88 : 56.61"
"25,89 : 6.4"
