x,y
46,1
34,36
49,35
37,23
16,13
21,7
14,28
37,30
24,20
49,18
49,25
17,23
42,24
38,2
8,31
38,16
11,2
36,11
48,0
46,22
25,48
32,39
39,48
38,49
34,11
29,39
27,2
50,6
3,35
4,15
35,30
49,21
18,10
47,11
43,5
49,14
0,39
39,15
44,3
35,10
17,33
35,46
20,32
18,9
27,14
11,36
0,6
14,6
34,3
41,35
26,43
44,19
34,13
18,40
44,45
36,50
4,12
21,20
15,3
24,26
37,2
23,26
34,43
45,36
13,12
49,25
41,17
29,17
34,40
14,23
5,12
26,33
47,32
35,15
5,31
13,10
18,11
37,31
35,26
20,29
14,48
39,37
27,50
18,8
25,43
46,41
24,47
6,24
49,47
1,6
2,41
10,20
46,35
16,4
47,23
18,20
31,35
19,39
1,48
4,13

Distanze
"0,0 : 0.0"
"0,1 : 53.04"
"0,2 : 44.05"
"0,3 : 38.21"
"0,4 : 43.42"
"0,5 : 34.67"
"0,6 : 33.38"
"0,7 : 44.55"
"0,8 : 26.0"
"0,9 : 49.24"
"0,10 : 46.14"
"0,11 : 43.42"
"0,12 : 3.0"
"0,13 : 43.42"
"0,14 : 11.4"
"0,15 : 45.88"
"0,16 : 40.05"
"0,17 : 17.8"
"0,18 : 28.28"
"0,19 : 35.74"
"0,20 : 29.53"
"0,21 : 44.72"
"0,22 : 37.44"
"0,23 : 29.83"
"0,24 : 3.61"
"0,25 : 5.39"
"0,26 : 38.28"
"0,27 : 55.9"
"0,28 : 37.12"
"0,29 : 25.5"
"0,30 : 41.05"
"0,31 : 7.81"
"0,32 : 29.41"
"0,33 : 48.47"
"0,34 : 35.38"
"0,35 : 34.71"
"0,36 : 31.06"
"0,37 : 30.81"
"0,38 : 3.61"
"0,39 : 17.12"
"0,40 : 35.36"
"0,41 : 14.32"
"0,42 : 12.53"
"0,43 : 8.54"
"0,44 : 38.83"
"0,45 : 31.62"
"0,46 : 36.4"
"0,47 : 13.0"
"0,48 : 42.52"
"0,49 : 29.15"
"0,50 : 44.41"
"0,51 : 48.1"
"0,52 : 20.02"
"0,53 : 7.81"
"0,54 : 27.17"
"0,55 : 47.41"
"0,56 : 55.23"
"0,57 : 39.0"
"0,58 : 35.47"
"0,59 : 5.1"
"0,60 : 30.02"
"0,61 : 33.62"
"0,62 : 21.47"
"0,63 : 51.4"
"0,64 : 5.39"
"0,65 : 49.09"
"0,66 : 32.06"
"0,67 : 20.25"
"0,68 : 39.56"
"0,69 : 7.28"
"0,70 : 40.26"
"0,71 : 28.43"
"0,72 : 25.71"
"0,73 : 27.02"
"0,74 : 26.4"
"0,75 : 54.64"
"0,76 : 17.09"
"0,77 : 33.29"
"0,78 : 44.6"
"0,79 : 47.17"
"0,80 : 43.57"
"0,81 : 19.24"
"0,82 : 19.42"
"0,83 : 36.12"
"0,84 : 45.22"
"0,85 : 43.01"
"0,86 : 15.65"
"0,87 : 31.02"
"0,88 : 30.02"
"0,89 : 34.44"
"0,90 : 35.51"
"0,91 : 39.96"
"0,92 : 38.9"
"0,93 : 47.89"
"0,94 : 42.94"
"0,95 : 23.54"
"0,96 : 7.0"
"0,97 : 11.18"
"0,98 : 16.76"
"0,99 : 54.56"
"1,0 : 53.04"
"1,1 : 0.0"
"1,2 : 40.61"
"1,3 : 34.01"
"1,4 : 16.0"
"1,5 : 20.12"
"1,6 : 42.3"
"1,7 : 8.49"
"1,8 : 39.56"
"1,9 : 19.7"
"1,10 : 14.14"
"1,11 : 31.4"
"1,12 : 50.93"
"1,13 : 32.56"
"1,14 : 41.77"
"1,15 : 21.59"
"1,16 : 36.12"
"1,17 : 35.38"
"1,18 : 24.76"
"1,19 : 26.31"
"1,20 : 25.94"
"1,21 : 30.81"
"1,22 : 18.03"
"1,23 : 23.6"
"1,24 : 49.52"
"1,25 : 51.22"
"1,26 : 25.02"
"1,27 : 3.16"
"1,28 : 21.38"
"1,29 : 27.59"
"1,30 : 36.22"
"1,31 : 52.8"
"1,32 : 30.36"
"1,33 : 21.54"
"1,34 : 17.8"
"1,35 : 31.14"
"1,36 : 23.32"
"1,37 : 23.02"
"1,38 : 49.52"
"1,39 : 44.29"
"1,40 : 21.84"
"1,41 : 40.0"
"1,42 : 41.11"
"1,43 : 45.45"
"1,44 : 29.0"
"1,45 : 22.47"
"1,46 : 17.49"
"1,47 : 49.4"
"1,48 : 10.82"
"1,49 : 35.17"
"1,50 : 31.58"
"1,51 : 22.47"
"1,52 : 42.54"
"1,53 : 45.28"
"1,54 : 36.4"
"1,55 : 16.76"
"1,56 : 4.12"
"1,57 : 22.09"
"1,58 : 18.03"
"1,59 : 50.45"
"1,60 : 37.66"
"1,61 : 22.47"
"1,62 : 33.02"
"1,63 : 8.06"
"1,64 : 51.22"
"1,65 : 11.7"
"1,66 : 36.35"
"1,67 : 35.85"
"1,68 : 27.02"
"1,69 : 46.86"
"1,70 : 27.02"
"1,71 : 25.0"
"1,72 : 34.18"
"1,73 : 26.4"
"1,74 : 27.2"
"1,75 : 10.63"
"1,76 : 38.01"
"1,77 : 21.47"
"1,78 : 23.54"
"1,79 : 22.14"
"1,80 : 14.04"
"1,81 : 35.23"
"1,82 : 45.69"
"1,83 : 41.01"
"1,84 : 24.74"
"1,85 : 25.32"
"1,86 : 38.6"
"1,87 : 38.64"
"1,88 : 25.06"
"1,89 : 23.09"
"1,90 : 32.06"
"1,91 : 16.49"
"1,92 : 25.02"
"1,93 : 15.81"
"1,94 : 18.03"
"1,95 : 44.6"
"1,96 : 48.27"
"1,97 : 42.64"
"1,98 : 38.83"
"1,99 : 3.16"
"2,0 : 44.05"
"2,1 : 40.61"
"2,2 : 0.0"
"2,3 : 8.49"
"2,4 : 46.14"
"2,5 : 39.82"
"2,6 : 60.22"
"2,7 : 36.4"
"2,8 : 18.11"
"2,9 : 22.02"
"2,10 : 46.96"
"2,11 : 58.9"
"2,12 : 44.28"
"2,13 : 8.06"
"2,14 : 36.14"
"2,15 : 53.0"
"2,16 : 5.66"
"2,17 : 36.67"
"2,18 : 32.56"
"2,19 : 48.84"
"2,20 : 41.04"
"2,21 : 10.0"
"2,22 : 26.42"
"2,23 : 29.7"
"2,24 : 41.19"
"2,25 : 39.0"
"2,26 : 17.0"
"2,27 : 43.42"
"2,28 : 21.95"
"2,29 : 34.21"
"2,30 : 5.0"
"2,31 : 49.65"
"2,32 : 19.42"
"2,33 : 20.02"
"2,34 : 31.62"
"2,35 : 13.45"
"2,36 : 38.9"
"2,37 : 37.48"
"2,38 : 41.19"
"2,39 : 49.77"
"2,40 : 23.02"
"2,41 : 32.02"
"2,42 : 40.16"
"2,43 : 36.35"
"2,44 : 53.81"
"2,45 : 38.21"
"2,46 : 38.01"
"2,47 : 50.96"
"2,48 : 37.58"
"2,49 : 51.4"
"2,50 : 59.67"
"2,51 : 19.03"
"2,52 : 24.02"
"2,53 : 38.64"
"2,54 : 17.72"
"2,55 : 24.08"
"2,56 : 39.12"
"2,57 : 47.8"
"2,58 : 30.23"
"2,59 : 39.01"
"2,60 : 14.32"
"2,61 : 24.21"
"2,62 : 39.96"
"2,63 : 33.14"
"2,64 : 39.0"
"2,65 : 29.15"
"2,66 : 12.65"
"2,67 : 26.57"
"2,68 : 14.32"
"2,69 : 37.22"
"2,70 : 53.26"
"2,71 : 29.73"
"2,72 : 20.62"
"2,73 : 29.83"
"2,74 : 29.21"
"2,75 : 33.02"
"2,76 : 42.05"
"2,77 : 39.7"
"2,78 : 17.12"
"2,79 : 19.0"
"2,80 : 44.29"
"2,81 : 29.15"
"2,82 : 25.08"
"2,83 : 8.06"
"2,84 : 16.03"
"2,85 : 15.3"
"2,86 : 31.32"
"2,87 : 55.8"
"2,88 : 40.31"
"2,89 : 43.93"
"2,90 : 12.04"
"2,91 : 42.72"
"2,92 : 50.45"
"2,93 : 25.08"
"2,94 : 22.8"
"2,95 : 55.01"
"2,96 : 44.91"
"2,97 : 34.71"
"2,98 : 42.95"
"2,99 : 43.74"
"3,0 : 38.21"
"3,1 : 34.01"
"3,2 : 8.49"
"3,3 : 0.0"
"3,4 : 38.01"
"3,5 : 31.4"
"3,6 : 51.87"
"3,7 : 28.86"
"3,8 : 12.65"
"3,9 : 17.46"
"3,10 : 39.0"
"3,11 : 50.45"
"3,12 : 38.01"
"3,13 : 5.39"
"3,14 : 29.15"
"3,15 : 44.78"
"3,16 : 2.83"
"3,17 : 28.79"
"3,18 : 24.08"
"3,19 : 40.36"
"3,20 : 32.56"
"3,21 : 7.21"
"3,22 : 18.38"
"3,23 : 21.21"
"3,24 : 35.06"
"3,25 : 33.54"
"3,26 : 9.22"
"3,27 : 37.0"
"3,28 : 13.93"
"3,29 : 25.81"
"3,30 : 3.61"
"3,31 : 43.05"
"3,32 : 11.18"
"3,33 : 15.65"
"3,34 : 23.32"
"3,35 : 5.0"
"3,36 : 30.41"
"3,37 : 29.0"
"3,38 : 35.06"
"3,39 : 42.06"
"3,40 : 14.76"
"3,41 : 25.08"
"3,42 : 32.76"
"3,43 : 30.02"
"3,44 : 45.34"
"3,45 : 29.73"
"3,46 : 29.68"
"3,47 : 43.74"
"3,48 : 29.73"
"3,49 : 43.01"
"3,50 : 51.22"
"3,51 : 14.76"
"3,52 : 18.68"
"3,53 : 32.02"
"3,54 : 11.05"
"3,55 : 18.44"
"3,56 : 33.14"
"3,57 : 39.41"
"3,58 : 21.95"
"3,59 : 33.38"
"3,60 : 8.54"
"3,61 : 15.81"
"3,62 : 31.76"
"3,63 : 27.17"
"3,64 : 33.54"
"3,65 : 23.19"
"3,66 : 6.32"
"3,67 : 19.24"
"3,68 : 7.0"
"3,69 : 31.06"
"3,70 : 44.82"
"3,71 : 21.26"
"3,72 : 13.15"
"3,73 : 21.4"
"3,74 : 20.81"
"3,75 : 27.89"
"3,76 : 34.18"
"3,77 : 31.24"
"3,78 : 11.7"
"3,79 : 14.32"
"3,80 : 36.25"
"3,81 : 21.59"
"3,82 : 20.62"
"3,83 : 7.28"
"3,84 : 11.18"
"3,85 : 9.49"
"3,86 : 24.19"
"3,87 : 47.43"
"3,88 : 31.83"
"3,89 : 35.47"
"3,90 : 3.61"
"3,91 : 34.48"
"3,92 : 42.01"
"3,93 : 19.42"
"3,94 : 16.0"
"3,95 : 47.01"
"3,96 : 38.12"
"3,97 : 28.02"
"3,98 : 35.11"
"3,99 : 37.05"
"4,0 : 43.42"
"4,1 : 16.0"
"4,2 : 46.14"
"4,3 : 38.01"
"4,4 : 0.0"
"4,5 : 9.22"
"4,6 : 26.48"
"4,7 : 11.66"
"4,8 : 38.33"
"4,9 : 30.0"
"4,10 : 2.83"
"4,11 : 15.81"
"4,12 : 40.82"
"4,13 : 38.83"
"4,14 : 33.24"
"4,15 : 7.07"
"4,16 : 40.71"
"4,17 : 26.0"
"4,18 : 18.03"
"4,19 : 10.77"
"4,20 : 13.89"
"4,21 : 37.8"
"4,22 : 19.72"
"4,23 : 19.1"
"4,24 : 40.25"
"4,25 : 43.08"
"4,26 : 29.15"
"4,27 : 17.26"
"4,28 : 24.19"
"4,29 : 19.42"
"4,30 : 41.18"
"4,31 : 41.23"
"4,32 : 29.83"
"4,33 : 31.24"
"4,34 : 14.87"
"4,35 : 33.62"
"4,36 : 12.65"
"4,37 : 13.34"
"4,38 : 40.25"
"4,39 : 31.14"
"4,40 : 23.26"
"4,41 : 32.98"
"4,42 : 30.89"
"4,43 : 37.34"
"4,44 : 13.0"
"4,45 : 12.37"
"4,46 : 9.06"
"4,47 : 36.77"
"4,48 : 9.22"
"4,49 : 20.12"
"4,50 : 16.16"
"4,51 : 31.89"
"4,52 : 39.01"
"4,53 : 36.25"
"4,54 : 35.51"
"4,55 : 26.4"
"4,56 : 20.02"
"4,57 : 6.32"
"4,58 : 16.16"
"4,59 : 42.15"
"4,60 : 38.08"
"4,61 : 22.47"
"4,62 : 21.95"
"4,63 : 21.19"
"4,64 : 43.08"
"4,65 : 22.83"
"4,66 : 37.64"
"4,67 : 31.06"
"4,68 : 31.91"
"4,69 : 38.63"
"4,70 : 11.05"
"4,71 : 20.02"
"4,72 : 32.25"
"4,73 : 21.0"
"4,74 : 22.0"
"4,75 : 25.0"
"4,76 : 26.63"
"4,77 : 10.44"
"4,78 : 31.14"
"4,79 : 31.14"
"4,80 : 2.24"
"4,81 : 29.27"
"4,82 : 42.05"
"4,83 : 43.66"
"4,84 : 32.56"
"4,85 : 32.02"
"4,86 : 31.78"
"4,87 : 23.09"
"4,88 : 13.42"
"4,89 : 9.22"
"4,90 : 34.93"
"4,91 : 4.0"
"4,92 : 9.06"
"4,93 : 25.81"
"4,94 : 24.76"
"4,95 : 30.02"
"4,96 : 37.44"
"4,97 : 34.79"
"4,98 : 27.2"
"4,99 : 15.3"
"5,0 : 34.67"
"5,1 : 20.12"
"5,2 : 39.82"
"5,3 : 31.4"
"5,4 : 9.22"
"5,5 : 0.0"
"5,6 : 24.33"
"5,7 : 12.37"
"5,8 : 29.83"
"5,9 : 27.51"
"5,10 : 11.7"
"5,11 : 19.1"
"5,12 : 32.2"
"5,13 : 33.24"
"5,14 : 24.17"
"5,15 : 14.32"
"5,16 : 34.21"
"5,17 : 17.0"
"5,18 : 9.06"
"5,19 : 9.43"
"5,20 : 5.83"
"5,21 : 32.65"
"5,22 : 14.42"
"5,23 : 10.77"
"5,24 : 31.38"
"5,25 : 34.01"
"5,26 : 23.35"
"5,27 : 22.47"
"5,28 : 18.44"
"5,29 : 10.2"
"5,30 : 34.83"
"5,31 : 33.24"
"5,32 : 21.93"
"5,33 : 28.23"
"5,34 : 8.6"
"5,35 : 26.63"
"5,36 : 3.61"
"5,37 : 4.12"
"5,38 : 31.38"
"5,39 : 24.19"
"5,40 : 16.97"
"5,41 : 23.77"
"5,42 : 22.2"
"5,43 : 28.23"
"5,44 : 14.21"
"5,45 : 3.16"
"5,46 : 3.0"
"5,47 : 29.41"
"5,48 : 9.49"
"5,49 : 16.0"
"5,50 : 19.85"
"5,51 : 28.64"
"5,52 : 30.02"
"5,53 : 27.29"
"5,54 : 27.2"
"5,55 : 24.04"
"5,56 : 23.41"
"5,57 : 8.06"
"5,58 : 10.0"
"5,59 : 33.11"
"5,60 : 30.08"
"5,61 : 15.62"
"5,62 : 13.45"
"5,63 : 22.09"
"5,64 : 34.01"
"5,65 : 22.09"
"5,66 : 29.97"
"5,67 : 22.0"
"5,68 : 26.17"
"5,69 : 29.55"
"5,70 : 13.45"
"5,71 : 11.4"
"5,72 : 23.77"
"5,73 : 12.17"
"5,74 : 13.15"
"5,75 : 26.08"
"5,76 : 18.38"
"5,77 : 1.41"
"5,78 : 26.93"
"5,79 : 27.73"
"5,80 : 8.94"
"5,81 : 20.1"
"5,82 : 33.0"
"5,83 : 36.24"
"5,84 : 28.3"
"5,85 : 27.2"
"5,86 : 22.56"
"5,87 : 20.1"
"5,88 : 5.0"
"5,89 : 4.47"
"5,90 : 28.02"
"5,91 : 5.39"
"5,92 : 10.63"
"5,93 : 23.77"
"5,94 : 21.02"
"5,95 : 24.74"
"5,96 : 29.07"
"5,97 : 25.63"
"5,98 : 19.1"
"5,99 : 20.81"
"6,0 : 33.38"
"6,1 : 42.3"
"6,2 : 60.22"
"6,3 : 51.87"
"6,4 : 26.48"
"6,5 : 24.33"
"6,6 : 0.0"
"6,7 : 36.01"
"6,8 : 45.28"
"6,9 : 51.66"
"6,10 : 28.86"
"6,11 : 14.87"
"6,12 : 30.41"
"6,13 : 55.07"
"6,14 : 29.53"
"6,15 : 23.26"
"6,16 : 54.64"
"6,17 : 24.84"
"6,18 : 28.18"
"6,19 : 16.03"
"6,20 : 20.25"
"6,21 : 55.01"
"6,22 : 37.95"
"6,23 : 31.3"
"6,24 : 32.02"
"6,25 : 36.4"
"6,26 : 45.62"
"6,27 : 43.74"
"6,28 : 41.23"
"6,29 : 26.08"
"6,30 : 55.47"
"6,31 : 27.0"
"6,32 : 40.8"
"6,33 : 52.2"
"6,34 : 32.28"
"6,35 : 46.87"
"6,36 : 23.09"
"6,37 : 24.35"
"6,38 : 32.02"
"6,39 : 16.28"
"6,40 : 39.4"
"6,41 : 32.45"
"6,42 : 24.6"
"6,43 : 32.7"
"6,44 : 13.93"
"6,45 : 24.04"
"6,46 : 27.29"
"6,47 : 21.0"
"6,48 : 33.02"
"6,49 : 8.94"
"6,50 : 15.56"
"6,51 : 52.5"
"6,52 : 42.2"
"6,53 : 30.08"
"6,54 : 43.86"
"6,55 : 48.27"
"6,56 : 46.17"
"6,57 : 20.22"
"6,58 : 33.53"
"6,59 : 35.44"
"6,60 : 47.42"
"6,61 : 37.58"
"6,62 : 20.52"
"6,63 : 46.04"
"6,64 : 36.4"
"6,65 : 46.39"
"6,66 : 48.27"
"6,67 : 35.38"
"6,68 : 48.3"
"6,69 : 33.24"
"6,70 : 16.16"
"6,71 : 30.89"
"6,72 : 40.36"
"6,73 : 30.53"
"6,74 : 31.06"
"6,75 : 50.04"
"6,76 : 20.25"
"6,77 : 23.54"
"6,78 : 50.33"
"6,79 : 51.55"
"6,80 : 28.28"
"6,81 : 32.56"
"6,82 : 44.1"
"6,83 : 54.56"
"6,84 : 51.62"
"6,85 : 50.16"
"6,86 : 32.2"
"6,87 : 4.47"
"6,88 : 21.19"
"6,89 : 20.1"
"6,90 : 48.26"
"6,91 : 26.02"
"6,92 : 17.46"
"6,93 : 48.05"
"6,94 : 44.92"
"6,95 : 10.0"
"6,96 : 26.48"
"6,97 : 31.76"
"6,98 : 19.72"
"6,99 : 41.77"
"7,0 : 44.55"
"7,1 : 8.49"
"7,2 : 36.4"
"7,3 : 28.86"
"7,4 : 11.66"
"7,5 : 12.37"
"7,6 : 36.01"
"7,7 : 0.0"
"7,8 : 32.39"
"7,9 : 18.44"
"7,10 : 11.31"
"7,11 : 27.31"
"7,12 : 42.45"
"7,13 : 28.64"
"7,14 : 33.3"
"7,15 : 18.6"
"7,16 : 31.32"
"7,17 : 26.91"
"7,18 : 16.28"
"7,19 : 20.1"
"7,20 : 18.03"
"7,21 : 27.29"
"7,22 : 11.0"
"7,23 : 15.26"
"7,24 : 41.04"
"7,25 : 42.8"
"7,26 : 19.65"
"7,27 : 11.4"
"7,28 : 15.13"
"7,29 : 19.1"
"7,30 : 31.62"
"7,31 : 44.41"
"7,32 : 23.19"
"7,33 : 19.8"
"7,34 : 9.43"
"7,35 : 25.18"
"7,36 : 15.23"
"7,37 : 14.76"
"7,38 : 41.04"
"7,39 : 36.25"
"7,40 : 15.0"
"7,41 : 31.62"
"7,42 : 32.65"
"7,43 : 37.01"
"7,44 : 23.77"
"7,45 : 14.32"
"7,46 : 9.49"
"7,47 : 41.18"
"7,48 : 3.0"
"7,49 : 28.16"
"7,50 : 27.73"
"7,51 : 20.52"
"7,52 : 34.79"
"7,53 : 36.8"
"7,54 : 29.27"
"7,55 : 14.87"
"7,56 : 11.18"
"7,57 : 16.49"
"7,58 : 9.85"
"7,59 : 42.01"
"7,60 : 31.02"
"7,61 : 15.13"
"7,62 : 24.7"
"7,63 : 10.05"
"7,64 : 42.8"
"7,65 : 11.18"
"7,66 : 30.02"
"7,67 : 27.73"
"7,68 : 22.14"
"7,69 : 38.42"
"7,70 : 22.14"
"7,71 : 16.64"
"7,72 : 26.68"
"7,73 : 18.03"
"7,74 : 18.87"
"7,75 : 14.04"
"7,76 : 29.68"
"7,77 : 13.6"
"7,78 : 20.25"
"7,79 : 19.85"
"7,80 : 9.43"
"7,81 : 26.93"
"7,82 : 37.95"
"7,83 : 35.36"
"7,84 : 21.63"
"7,85 : 21.47"
"7,86 : 30.23"
"7,87 : 32.02"
"7,88 : 17.09"
"7,89 : 16.03"
"7,90 : 26.31"
"7,91 : 10.2"
"7,92 : 19.65"
"7,93 : 14.21"
"7,94 : 13.89"
"7,95 : 37.11"
"7,96 : 39.82"
"7,97 : 34.21"
"7,98 : 30.53"
"7,99 : 10.3"
"8,0 : 26.0"
"8,1 : 39.56"
"8,2 : 18.11"
"8,3 : 12.65"
"8,4 : 38.33"
"8,5 : 29.83"
"8,6 : 45.28"
"8,7 : 32.39"
"8,8 : 0.0"
"8,9 : 27.59"
"8,10 : 40.11"
"8,11 : 47.42"
"8,12 : 26.17"
"8,13 : 18.03"
"8,14 : 18.38"
"8,15 : 44.15"
"8,16 : 14.14"
"8,17 : 20.52"
"8,18 : 20.88"
"8,19 : 37.16"
"8,20 : 28.64"
"8,21 : 19.7"
"8,22 : 21.59"
"8,23 : 19.24"
"8,24 : 23.09"
"8,25 : 21.1"
"8,26 : 16.4"
"8,27 : 42.72"
"8,28 : 18.38"
"8,29 : 21.02"
"8,30 : 15.13"
"8,31 : 31.58"
"8,32 : 9.22"
"8,33 : 26.17"
"8,34 : 24.0"
"8,35 : 10.63"
"8,36 : 27.51"
"8,37 : 26.25"
"8,38 : 23.09"
"8,39 : 32.76"
"8,40 : 17.72"
"8,41 : 14.32"
"8,42 : 22.83"
"8,43 : 18.25"
"8,44 : 42.05"
"8,45 : 27.2"
"8,46 : 29.27"
"8,47 : 33.24"
"8,48 : 32.06"
"8,49 : 37.01"
"8,50 : 48.33"
"8,51 : 25.5"
"8,52 : 6.08"
"8,53 : 20.62"
"8,54 : 3.16"
"8,55 : 27.2"
"8,56 : 39.92"
"8,57 : 37.64"
"8,58 : 23.02"
"8,59 : 21.02"
"8,60 : 4.12"
"8,61 : 17.26"
"8,62 : 24.84"
"8,63 : 34.44"
"8,64 : 21.1"
"8,65 : 30.89"
"8,66 : 6.32"
"8,67 : 9.9"
"8,68 : 16.28"
"8,69 : 19.1"
"8,70 : 42.15"
"8,71 : 18.44"
"8,72 : 6.08"
"8,73 : 17.72"
"8,74 : 16.76"
"8,75 : 36.36"
"8,76 : 25.61"
"8,77 : 29.12"
"8,78 : 21.93"
"8,79 : 24.76"
"8,80 : 37.12"
"8,81 : 12.73"
"8,82 : 8.06"
"8,83 : 10.44"
"8,84 : 22.02"
"8,85 : 19.85"
"8,86 : 13.89"
"8,87 : 41.11"
"8,88 : 28.23"
"8,89 : 32.89"
"8,90 : 10.82"
"8,91 : 34.37"
"8,92 : 39.56"
"8,93 : 28.02"
"8,94 : 23.32"
"8,95 : 38.6"
"8,96 : 26.93"
"8,97 : 16.76"
"8,98 : 26.4"
"8,99 : 42.2"
"9,0 : 49.24"
"9,1 : 19.7"
"9,2 : 22.02"
"9,3 : 17.46"
"9,4 : 30.0"
"9,5 : 27.51"
"9,6 : 51.66"
"9,7 : 18.44"
"9,8 : 27.59"
"9,9 : 0.0"
"9,10 : 29.73"
"9,11 : 45.28"
"9,12 : 48.1"
"9,13 : 14.14"
"9,14 : 38.28"
"9,15 : 37.01"
"9,16 : 18.68"
"9,17 : 34.53"
"9,18 : 25.0"
"9,19 : 36.77"
"9,20 : 31.58"
"9,21 : 12.04"
"9,22 : 14.04"
"9,23 : 22.02"
"9,24 : 45.69"
"9,25 : 45.65"
"9,26 : 11.4"
"9,27 : 22.14"
"9,28 : 12.37"
"9,29 : 28.02"
"9,30 : 18.44"
"9,31 : 51.92"
"9,32 : 20.25"
"9,33 : 2.0"
"9,34 : 19.42"
"9,35 : 17.03"
"9,36 : 28.64"
"9,37 : 27.46"
"9,38 : 45.69"
"9,39 : 47.1"
"9,40 : 14.32"
"9,41 : 34.93"
"9,42 : 40.02"
"9,43 : 40.72"
"9,44 : 41.15"
"9,45 : 27.66"
"9,46 : 24.7"
"9,47 : 50.64"
"9,48 : 20.81"
"9,49 : 42.95"
"9,50 : 45.79"
"9,51 : 3.0"
"9,52 : 32.65"
"9,53 : 41.79"
"9,54 : 24.76"
"9,55 : 3.61"
"9,56 : 17.46"
"9,57 : 34.0"
"9,58 : 18.25"
"9,59 : 45.18"
"9,60 : 24.21"
"9,61 : 16.28"
"9,62 : 35.01"
"9,63 : 11.7"
"9,64 : 45.65"
"9,65 : 8.06"
"9,66 : 22.2"
"9,67 : 29.07"
"9,68 : 11.4"
"9,69 : 42.05"
"9,70 : 39.82"
"9,71 : 23.09"
"9,72 : 24.41"
"9,73 : 24.19"
"9,74 : 24.33"
"9,75 : 11.0"
"9,76 : 39.2"
"9,77 : 28.16"
"9,78 : 5.83"
"9,79 : 3.16"
"9,80 : 27.8"
"9,81 : 30.08"
"9,82 : 35.38"
"9,83 : 24.7"
"9,84 : 6.32"
"9,85 : 8.06"
"9,86 : 33.62"
"9,87 : 47.3"
"9,88 : 30.59"
"9,89 : 31.95"
"9,90 : 17.2"
"9,91 : 27.78"
"9,92 : 37.12"
"9,93 : 4.24"
"9,94 : 7.0"
"9,95 : 50.09"
"9,96 : 46.84"
"9,97 : 38.08"
"9,98 : 40.2"
"9,99 : 22.85"
"10,0 : 46.14"
"10,1 : 14.14"
"10,2 : 46.96"
"10,3 : 39.0"
"10,4 : 2.83"
"10,5 : 11.7"
"10,6 : 28.86"
"10,7 : 11.31"
"10,8 : 40.11"
"10,9 : 29.73"
"10,10 : 0.0"
"10,11 : 17.26"
"10,12 : 43.57"
"10,13 : 39.45"
"10,14 : 35.85"
"10,15 : 7.62"
"10,16 : 41.63"
"10,17 : 28.64"
"10,18 : 20.22"
"10,19 : 13.42"
"10,20 : 16.64"
"10,21 : 38.28"
"10,22 : 20.62"
"10,23 : 21.0"
"10,24 : 42.94"
"10,25 : 45.69"
"10,26 : 29.97"
"10,27 : 15.03"
"10,28 : 25.08"
"10,29 : 21.84"
"10,30 : 42.05"
"10,31 : 44.05"
"10,32 : 31.4"
"10,33 : 31.11"
"10,34 : 16.28"
"10,35 : 34.79"
"10,36 : 15.23"
"10,37 : 15.81"
"10,38 : 42.94"
"10,39 : 33.97"
"10,40 : 24.35"
"10,41 : 35.44"
"10,42 : 33.62"
"10,43 : 39.92"
"10,44 : 15.13"
"10,45 : 14.87"
"10,46 : 11.05"
"10,47 : 39.6"
"10,48 : 9.43"
"10,49 : 22.83"
"10,50 : 17.46"
"10,51 : 31.83"
"10,52 : 41.11"
"10,53 : 38.91"
"10,54 : 37.22"
"10,55 : 26.17"
"10,56 : 18.25"
"10,57 : 8.94"
"10,58 : 17.46"
"10,59 : 44.78"
"10,60 : 39.62"
"10,61 : 23.77"
"10,62 : 24.7"
"10,63 : 20.12"
"10,64 : 45.69"
"10,65 : 22.2"
"10,66 : 39.05"
"10,67 : 33.24"
"10,68 : 32.65"
"10,69 : 41.23"
"10,70 : 13.04"
"10,71 : 22.02"
"10,72 : 34.06"
"10,73 : 23.09"
"10,74 : 24.08"
"10,75 : 23.77"
"10,76 : 29.41"
"10,77 : 13.0"
"10,78 : 31.4"
"10,79 : 31.14"
"10,80 : 3.0"
"10,81 : 31.58"
"10,82 : 44.18"
"10,83 : 44.92"
"10,84 : 32.8"
"10,85 : 32.45"
"10,86 : 34.21"
"10,87 : 25.63"
"10,88 : 16.12"
"10,89 : 12.04"
"10,90 : 36.06"
"10,91 : 6.32"
"10,92 : 11.4"
"10,93 : 25.5"
"10,94 : 25.0"
"10,95 : 32.76"
"10,96 : 40.22"
"10,97 : 37.34"
"10,98 : 30.0"
"10,99 : 13.04"
"11,0 : 43.42"
"11,1 : 31.4"
"11,2 : 58.9"
"11,3 : 50.45"
"11,4 : 15.81"
"11,5 : 19.1"
"11,6 : 14.87"
"11,7 : 27.31"
"11,8 : 47.42"
"11,9 : 45.28"
"11,10 : 17.26"
"11,11 : 0.0"
"11,12 : 40.45"
"11,13 : 52.33"
"11,14 : 36.12"
"11,15 : 10.0"
"11,16 : 53.26"
"11,17 : 29.43"
"11,18 : 26.93"
"11,19 : 10.3"
"11,20 : 18.79"
"11,21 : 51.66"
"11,22 : 33.3"
"11,23 : 29.41"
"11,24 : 41.11"
"11,25 : 45.01"
"11,26 : 42.43"
"11,27 : 32.06"
"11,28 : 37.48"
"11,29 : 26.4"
"11,30 : 53.91"
"11,31 : 38.6"
"11,32 : 40.5"
"11,33 : 46.32"
"11,34 : 27.59"
"11,35 : 45.61"
"11,36 : 20.25"
"11,37 : 21.63"
"11,38 : 41.11"
"11,39 : 27.2"
"11,40 : 36.07"
"11,41 : 37.66"
"11,42 : 32.0"
"11,43 : 40.05"
"11,44 : 5.39"
"11,45 : 20.81"
"11,46 : 21.26"
"11,47 : 32.89"
"11,48 : 24.6"
"11,49 : 14.32"
"11,50 : 1.0"
"11,51 : 46.87"
"11,52 : 46.17"
"11,53 : 38.0"
"11,54 : 45.18"
"11,55 : 41.68"
"11,56 : 35.51"
"11,57 : 11.4"
"11,58 : 29.0"
"11,59 : 44.01"
"11,60 : 48.37"
"11,61 : 34.71"
"11,62 : 24.33"
"11,63 : 37.0"
"11,64 : 45.01"
"11,65 : 38.48"
"11,66 : 48.55"
"11,67 : 38.28"
"11,68 : 45.25"
"11,69 : 41.01"
"11,70 : 5.66"
"11,71 : 29.68"
"11,72 : 41.59"
"11,73 : 30.02"
"11,74 : 30.89"
"11,75 : 40.8"
"11,76 : 27.0"
"11,77 : 19.21"
"11,78 : 45.61"
"11,79 : 46.04"
"11,80 : 18.03"
"11,81 : 35.74"
"11,82 : 48.76"
"11,83 : 54.92"
"11,84 : 47.01"
"11,85 : 46.1"
"11,86 : 36.88"
"11,87 : 13.89"
"11,88 : 19.24"
"11,89 : 15.0"
"11,90 : 47.01"
"11,91 : 17.49"
"11,92 : 8.49"
"11,93 : 41.18"
"11,94 : 39.41"
"11,95 : 22.83"
"11,96 : 36.5"
"11,97 : 38.21"
"11,98 : 27.02"
"11,99 : 30.07"
"12,0 : 3.0"
"12,1 : 50.93"
"12,2 : 44.28"
"12,3 : 38.01"
"12,4 : 40.82"
"12,5 : 32.2"
"12,6 : 30.41"
"12,7 : 42.45"
"12,8 : 26.17"
"12,9 : 48.1"
"12,10 : 43.57"
"12,11 : 40.45"
"12,12 : 0.0"
"12,13 : 43.1"
"12,14 : 9.85"
"12,15 : 43.08"
"12,16 : 40.01"
"12,17 : 15.56"
"12,18 : 26.25"
"12,19 : 32.89"
"12,20 : 26.93"
"12,21 : 44.28"
"12,22 : 35.85"
"12,23 : 28.02"
"12,24 : 3.16"
"12,25 : 7.07"
"12,26 : 37.36"
"12,27 : 53.74"
"12,28 : 35.85"
"12,29 : 23.35"
"12,30 : 41.01"
"12,31 : 5.83"
"12,32 : 28.64"
"12,33 : 47.43"
"12,34 : 33.42"
"12,35 : 34.23"
"12,36 : 28.6"
"12,37 : 28.43"
"12,38 : 3.16"
"12,39 : 14.14"
"12,40 : 34.01"
"12,41 : 13.34"
"12,42 : 10.0"
"12,43 : 8.0"
"12,44 : 35.9"
"12,45 : 29.21"
"12,46 : 34.06"
"12,47 : 10.3"
"12,48 : 40.31"
"12,49 : 26.17"
"12,50 : 41.44"
"12,51 : 47.13"
"12,52 : 20.4"
"12,53 : 6.32"
"12,54 : 27.0"
"12,55 : 46.1"
"12,56 : 53.26"
"12,57 : 36.25"
"12,58 : 33.6"
"12,59 : 6.4"
"12,60 : 30.07"
"12,61 : 32.2"
"12,62 : 18.87"
"12,63 : 49.65"
"12,64 : 7.07"
"12,65 : 47.51"
"12,66 : 32.02"
"12,67 : 19.42"
"12,68 : 38.83"
"12,69 : 7.07"
"12,70 : 37.36"
"12,71 : 26.63"
"12,72 : 25.18"
"12,73 : 25.24"
"12,74 : 24.7"
"12,75 : 53.0"
"12,76 : 14.32"
"12,77 : 30.81"
"12,78 : 43.68"
"12,79 : 46.17"
"12,80 : 41.05"
"12,81 : 18.03"
"12,82 : 20.25"
"12,83 : 36.5"
"12,84 : 44.38"
"12,85 : 42.2"
"12,86 : 14.56"
"12,87 : 28.02"
"12,88 : 27.46"
"12,89 : 31.76"
"12,90 : 35.13"
"12,91 : 37.44"
"12,92 : 36.06"
"12,93 : 46.52"
"12,94 : 41.63"
"12,95 : 20.62"
"12,96 : 4.0"
"12,97 : 10.2"
"12,98 : 13.93"
"12,99 : 52.35"
"13,0 : 43.42"
"13,1 : 32.56"
"13,2 : 8.06"
"13,3 : 5.39"
"13,4 : 38.83"
"13,5 : 33.24"
"13,6 : 55.07"
"13,7 : 28.64"
"13,8 : 18.03"
"13,9 : 14.14"
"13,10 : 39.45"
"13,11 : 52.33"
"13,12 : 43.1"
"13,13 : 0.0"
"13,14 : 34.01"
"13,15 : 45.8"
"13,16 : 5.0"
"13,17 : 32.98"
"13,18 : 26.93"
"13,19 : 42.52"
"13,20 : 35.23"
"13,21 : 2.24"
"13,22 : 19.21"
"13,23 : 23.85"
"13,24 : 40.2"
"13,25 : 38.83"
"13,26 : 9.9"
"13,27 : 35.36"
"13,28 : 14.87"
"13,29 : 29.07"
"13,30 : 4.47"
"13,31 : 48.0"
"13,32 : 15.3"
"13,33 : 12.17"
"13,34 : 24.76"
"13,35 : 9.06"
"13,36 : 32.8"
"13,37 : 31.4"
"13,38 : 40.2"
"13,39 : 46.32"
"13,40 : 16.28"
"13,41 : 30.0"
"13,42 : 37.34"
"13,43 : 35.13"
"13,44 : 47.42"
"13,45 : 32.02"
"13,46 : 31.14"
"13,47 : 48.37"
"13,48 : 30.02"
"13,49 : 46.14"
"13,50 : 53.04"
"13,51 : 11.18"
"13,52 : 24.04"
"13,53 : 37.01"
"13,54 : 16.28"
"13,55 : 16.03"
"13,56 : 31.06"
"13,57 : 41.04"
"13,58 : 23.35"
"13,59 : 38.64"
"13,60 : 13.93"
"13,61 : 17.8"
"13,62 : 35.47"
"13,63 : 25.08"
"13,64 : 38.83"
"13,65 : 21.1"
"13,66 : 11.7"
"13,67 : 24.02"
"13,68 : 7.07"
"13,69 : 36.22"
"13,70 : 46.67"
"13,71 : 24.19"
"13,72 : 18.0"
"13,73 : 24.6"
"13,74 : 24.17"
"13,75 : 25.08"
"13,76 : 38.33"
"13,77 : 33.3"
"13,78 : 9.06"
"13,79 : 11.05"
"13,80 : 36.89"
"13,81 : 26.17"
"13,82 : 26.0"
"13,83 : 11.4"
"13,84 : 8.0"
"13,85 : 7.28"
"13,86 : 29.02"
"13,87 : 50.61"
"13,88 : 34.41"
"13,89 : 37.54"
"13,90 : 8.0"
"13,91 : 35.61"
"13,92 : 43.84"
"13,93 : 17.03"
"13,94 : 14.87"
"13,95 : 50.92"
"13,96 : 43.01"
"13,97 : 33.02"
"13,98 : 39.29"
"13,99 : 35.69"
"14,0 : 11.4"
"14,1 : 41.77"
"14,2 : 36.14"
"14,3 : 29.15"
"14,4 : 33.24"
"14,5 : 24.17"
"14,6 : 29.53"
"14,7 : 33.3"
"14,8 : 18.38"
"14,9 : 38.28"
"14,10 : 35.85"
"14,11 : 36.12"
"14,12 : 9.85"
"14,13 : 34.01"
"14,14 : 0.0"
"14,15 : 36.67"
"14,16 : 31.4"
"14,17 : 7.28"
"14,18 : 17.03"
"14,19 : 27.07"
"14,20 : 19.65"
"14,21 : 35.01"
"14,22 : 26.08"
"14,23 : 18.44"
"14,24 : 7.81"
"14,25 : 9.85"
"14,26 : 27.66"
"14,27 : 44.69"
"14,28 : 26.0"
"14,29 : 14.42"
"14,30 : 32.39"
"14,31 : 14.04"
"14,32 : 19.1"
"14,33 : 37.64"
"14,34 : 24.04"
"14,35 : 25.0"
"14,36 : 20.62"
"14,37 : 20.12"
"14,38 : 7.81"
"14,39 : 14.87"
"14,40 : 24.17"
"14,41 : 4.12"
"14,42 : 5.0"
"14,43 : 4.12"
"14,44 : 31.02"
"14,45 : 21.02"
"14,46 : 25.55"
"14,47 : 14.87"
"14,48 : 31.4"
"14,49 : 22.8"
"14,50 : 37.12"
"14,51 : 37.36"
"14,52 : 13.6"
"14,53 : 3.61"
"14,54 : 18.44"
"14,55 : 36.25"
"14,56 : 43.86"
"14,57 : 29.61"
"14,58 : 24.08"
"14,59 : 8.94"
"14,60 : 21.84"
"14,61 : 22.36"
"14,62 : 12.04"
"14,63 : 40.0"
"14,64 : 9.85"
"14,65 : 37.74"
"14,66 : 23.54"
"14,67 : 10.0"
"14,68 : 29.27"
"14,69 : 5.39"
"14,70 : 32.02"
"14,71 : 17.03"
"14,72 : 16.03"
"14,73 : 15.62"
"14,74 : 15.0"
"14,75 : 43.27"
"14,76 : 9.49"
"14,77 : 22.85"
"14,78 : 33.96"
"14,79 : 36.4"
"14,80 : 33.11"
"14,81 : 8.25"
"14,82 : 14.87"
"14,83 : 28.79"
"14,84 : 34.71"
"14,85 : 32.56"
"14,86 : 5.0"
"14,87 : 26.0"
"14,88 : 19.92"
"14,89 : 24.74"
"14,90 : 26.02"
"14,91 : 29.55"
"14,92 : 30.15"
"14,93 : 36.67"
"14,94 : 31.78"
"14,95 : 21.26"
"14,96 : 9.0"
"14,97 : 2.24"
"14,98 : 9.85"
"14,99 : 43.42"
"15,0 : 45.88"
"15,1 : 21.59"
"15,2 : 53.0"
"15,3 : 44.78"
"15,4 : 7.07"
"15,5 : 14.32"
"15,6 : 23.26"
"15,7 : 18.6"
"15,8 : 44.15"
"15,9 : 37.01"
"15,10 : 7.62"
"15,11 : 10.0"
"15,12 : 43.08"
"15,13 : 45.8"
"15,14 : 36.67"
"15,15 : 0.0"
"15,16 : 47.51"
"15,17 : 29.43"
"15,18 : 23.35"
"15,19 : 10.3"
"15,20 : 17.12"
"15,21 : 44.82"
"15,22 : 26.63"
"15,23 : 25.0"
"15,24 : 43.01"
"15,25 : 46.32"
"15,26 : 36.06"
"15,27 : 22.09"
"15,28 : 31.06"
"15,29 : 24.02"
"15,30 : 48.02"
"15,31 : 42.54"
"15,32 : 36.06"
"15,33 : 38.29"
"15,34 : 21.47"
"15,35 : 40.25"
"15,36 : 17.03"
"15,37 : 18.11"
"15,38 : 43.01"
"15,39 : 31.62"
"15,40 : 30.02"
"15,41 : 37.12"
"15,42 : 33.53"
"15,43 : 40.79"
"15,44 : 9.43"
"15,45 : 17.12"
"15,46 : 15.23"
"15,47 : 37.44"
"15,48 : 16.28"
"15,49 : 19.1"
"15,50 : 10.05"
"15,51 : 38.95"
"15,52 : 44.18"
"15,53 : 39.29"
"15,54 : 41.48"
"15,55 : 33.42"
"15,56 : 25.71"
"15,57 : 7.07"
"15,58 : 22.83"
"15,59 : 45.35"
"15,60 : 44.27"
"15,61 : 29.07"
"15,62 : 24.74"
"15,63 : 27.73"
"15,64 : 46.32"
"15,65 : 29.68"
"15,66 : 44.01"
"15,67 : 36.12"
"15,68 : 38.83"
"15,69 : 41.98"
"15,70 : 7.21"
"15,71 : 25.71"
"15,72 : 38.08"
"15,73 : 26.48"
"15,74 : 27.46"
"15,75 : 31.38"
"15,76 : 28.79"
"15,77 : 15.13"
"15,78 : 38.21"
"15,79 : 38.21"
"15,80 : 9.22"
"15,81 : 34.01"
"15,82 : 47.1"
"15,83 : 50.16"
"15,84 : 39.62"
"15,85 : 39.05"
"15,86 : 36.06"
"15,87 : 20.81"
"15,88 : 17.03"
"15,89 : 12.04"
"15,90 : 41.59"
"15,91 : 10.3"
"15,92 : 7.21"
"15,93 : 32.8"
"15,94 : 31.83"
"15,95 : 29.0"
"15,96 : 39.4"
"15,97 : 38.47"
"15,98 : 29.15"
"15,99 : 20.1"
"16,0 : 40.05"
"16,1 : 36.12"
"16,2 : 5.66"
"16,3 : 2.83"
"16,4 : 40.71"
"16,5 : 34.21"
"16,6 : 54.64"
"16,7 : 31.32"
"16,8 : 14.14"
"16,9 : 18.68"
"16,10 : 41.63"
"16,11 : 53.26"
"16,12 : 40.01"
"16,13 : 5.0"
"16,14 : 31.4"
"16,15 : 47.51"
"16,16 : 0.0"
"16,17 : 31.38"
"16,18 : 26.91"
"16,19 : 43.19"
"16,20 : 35.38"
"16,21 : 7.21"
"16,22 : 21.02"
"16,23 : 24.04"
"16,24 : 37.0"
"16,25 : 35.23"
"16,26 : 11.7"
"16,27 : 39.05"
"16,28 : 16.55"
"16,29 : 28.6"
"16,30 : 1.0"
"16,31 : 45.18"
"16,32 : 13.89"
"16,33 : 16.76"
"16,34 : 26.08"
"16,35 : 7.81"
"16,36 : 33.24"
"16,37 : 31.83"
"16,38 : 37.0"
"16,39 : 44.6"
"16,40 : 17.49"
"16,41 : 27.29"
"16,42 : 35.17"
"16,43 : 32.02"
"16,44 : 48.17"
"16,45 : 32.56"
"16,46 : 32.45"
"16,47 : 46.1"
"16,48 : 32.31"
"16,49 : 45.8"
"16,50 : 54.04"
"16,51 : 15.81"
"16,52 : 20.22"
"16,53 : 34.13"
"16,54 : 13.04"
"16,55 : 20.1"
"16,56 : 35.01"
"16,57 : 42.2"
"16,58 : 24.7"
"16,59 : 35.13"
"16,60 : 10.05"
"16,61 : 18.6"
"16,62 : 34.48"
"16,63 : 29.02"
"16,64 : 35.23"
"16,65 : 25.02"
"16,66 : 8.0"
"16,67 : 21.59"
"16,68 : 9.22"
"16,69 : 33.0"
"16,70 : 47.63"
"16,71 : 24.08"
"16,72 : 15.52"
"16,73 : 24.21"
"16,74 : 23.6"
"16,75 : 29.43"
"16,76 : 36.77"
"16,77 : 34.06"
"16,78 : 13.15"
"16,79 : 15.52"
"16,80 : 38.91"
"16,81 : 24.04"
"16,82 : 21.84"
"16,83 : 6.4"
"16,84 : 12.37"
"16,85 : 11.05"
"16,86 : 26.48"
"16,87 : 50.22"
"16,88 : 34.66"
"16,89 : 38.29"
"16,90 : 6.4"
"16,91 : 37.22"
"16,92 : 44.82"
"16,93 : 21.1"
"16,94 : 18.11"
"16,95 : 49.66"
"16,96 : 40.31"
"16,97 : 30.15"
"16,98 : 37.7"
"16,99 : 39.2"
"17,0 : 17.8"
"17,1 : 35.38"
"17,2 : 36.67"
"17,3 : 28.79"
"17,4 : 26.0"
"17,5 : 17.0"
"17,6 : 24.84"
"17,7 : 26.91"
"17,8 : 20.52"
"17,9 : 34.53"
"17,10 : 28.64"
"17,11 : 29.43"
"17,12 : 15.56"
"17,13 : 32.98"
"17,14 : 7.28"
"17,15 : 29.43"
"17,16 : 31.38"
"17,17 : 0.0"
"17,18 : 10.82"
"17,19 : 20.0"
"17,20 : 12.37"
"17,21 : 33.54"
"17,22 : 21.19"
"17,23 : 13.0"
"17,24 : 14.42"
"17,25 : 17.09"
"17,26 : 25.02"
"17,27 : 38.18"
"17,28 : 22.2"
"17,29 : 7.81"
"17,30 : 32.31"
"17,31 : 17.89"
"17,32 : 17.72"
"17,33 : 34.23"
"17,34 : 18.03"
"17,35 : 24.04"
"17,36 : 13.42"
"17,37 : 13.04"
"17,38 : 14.42"
"17,39 : 13.34"
"17,40 : 20.22"
"17,41 : 8.25"
"17,42 : 5.83"
"17,43 : 11.4"
"17,44 : 24.19"
"17,45 : 13.89"
"17,46 : 18.6"
"17,47 : 16.12"
"17,48 : 24.76"
"17,49 : 17.0"
"17,50 : 30.41"
"17,51 : 34.13"
"17,52 : 17.49"
"17,53 : 10.3"
"17,54 : 19.42"
"17,55 : 32.02"
"17,56 : 37.8"
"17,57 : 22.36"
"17,58 : 18.36"
"17,59 : 16.16"
"17,60 : 23.02"
"17,61 : 18.25"
"17,62 : 5.1"
"17,63 : 34.48"
"17,64 : 17.09"
"17,65 : 32.7"
"17,66 : 24.19"
"17,67 : 10.63"
"17,68 : 27.17"
"17,69 : 12.65"
"17,70 : 25.02"
"17,71 : 11.7"
"17,72 : 16.12"
"17,73 : 10.44"
"17,74 : 10.2"
"17,75 : 38.01"
"17,76 : 5.39"
"17,77 : 15.65"
"17,78 : 31.02"
"17,79 : 33.14"
"17,80 : 25.94"
"17,81 : 7.81"
"17,82 : 19.7"
"17,83 : 30.23"
"17,84 : 32.0"
"17,85 : 30.02"
"17,86 : 7.62"
"17,87 : 20.81"
"17,88 : 12.65"
"17,89 : 17.46"
"17,90 : 25.3"
"17,91 : 22.36"
"17,92 : 23.02"
"17,93 : 32.28"
"17,94 : 27.66"
"17,95 : 18.36"
"17,96 : 13.04"
"17,97 : 9.06"
"17,98 : 6.32"
"17,99 : 36.8"
"18,0 : 28.28"
"18,1 : 24.76"
"18,2 : 32.56"
"18,3 : 24.08"
"18,4 : 18.03"
"18,5 : 9.06"
"18,6 : 28.18"
"18,7 : 16.28"
"18,8 : 20.88"
"18,9 : 25.0"
"18,10 : 20.22"
"18,11 : 26.93"
"18,12 : 26.25"
"18,13 : 26.93"
"18,14 : 17.03"
"18,15 : 23.35"
"18,16 : 26.91"
"18,17 : 10.82"
"18,18 : 0.0"
"18,19 : 16.64"
"18,20 : 8.49"
"18,21 : 26.83"
"18,22 : 11.05"
"18,23 : 3.16"
"18,24 : 24.76"
"18,25 : 26.63"
"18,26 : 17.46"
"18,27 : 27.66"
"18,28 : 13.34"
"18,29 : 3.16"
"18,30 : 27.66"
"18,31 : 28.65"
"18,32 : 13.6"
"18,33 : 25.08"
"18,34 : 7.21"
"18,35 : 19.1"
"18,36 : 6.71"
"18,37 : 5.39"
"18,38 : 24.76"
"18,39 : 22.2"
"18,40 : 11.4"
"18,41 : 15.65"
"18,42 : 16.64"
"18,43 : 20.81"
"18,44 : 21.63"
"18,45 : 6.32"
"18,46 : 9.22"
"18,47 : 26.25"
"18,48 : 14.42"
"18,49 : 19.24"
"18,50 : 27.78"
"18,51 : 25.18"
"18,52 : 21.0"
"18,53 : 20.52"
"18,54 : 18.38"
"18,55 : 22.09"
"18,56 : 27.02"
"18,57 : 16.76"
"18,58 : 7.62"
"18,59 : 25.81"
"18,60 : 21.47"
"18,61 : 9.49"
"18,62 : 10.05"
"18,63 : 23.71"
"18,64 : 26.63"
"18,65 : 22.14"
"18,66 : 21.63"
"18,67 : 13.04"
"18,68 : 20.12"
"18,69 : 22.2"
"18,70 : 21.47"
"18,71 : 2.83"
"18,72 : 14.87"
"18,73 : 3.16"
"18,74 : 4.12"
"18,75 : 27.31"
"18,76 : 14.56"
"18,77 : 8.25"
"18,78 : 22.56"
"18,79 : 24.19"
"18,80 : 17.26"
"18,81 : 11.4"
"18,82 : 24.02"
"18,83 : 28.02"
"18,84 : 23.77"
"18,85 : 22.14"
"18,86 : 14.32"
"18,87 : 23.71"
"18,88 : 7.81"
"18,89 : 12.08"
"18,90 : 20.52"
"18,91 : 14.04"
"18,92 : 18.79"
"18,93 : 22.2"
"18,94 : 18.0"
"18,95 : 25.18"
"18,96 : 23.85"
"18,97 : 18.03"
"18,98 : 15.52"
"18,99 : 26.4"
"19,0 : 35.74"
"19,1 : 26.31"
"19,2 : 48.84"
"19,3 : 40.36"
"19,4 : 10.77"
"19,5 : 9.43"
"19,6 : 16.03"
"19,7 : 20.1"
"19,8 : 37.16"
"19,9 : 36.77"
"19,10 : 13.42"
"19,11 : 10.3"
"19,12 : 32.89"
"19,13 : 42.52"
"19,14 : 27.07"
"19,15 : 10.3"
"19,16 : 43.19"
"19,17 : 20.0"
"19,18 : 16.64"
"19,19 : 0.0"
"19,20 : 8.54"
"19,21 : 42.01"
"19,22 : 23.85"
"19,23 : 19.21"
"19,24 : 32.98"
"19,25 : 36.5"
"19,26 : 32.65"
"19,27 : 27.89"
"19,28 : 27.8"
"19,29 : 16.16"
"19,30 : 43.86"
"19,31 : 32.25"
"19,32 : 30.23"
"19,33 : 37.58"
"19,34 : 18.03"
"19,35 : 35.47"
"19,36 : 10.0"
"19,37 : 11.4"
"19,38 : 32.98"
"19,39 : 21.4"
"19,40 : 26.25"
"19,41 : 28.07"
"19,42 : 23.54"
"19,43 : 31.14"
"19,44 : 5.0"
"19,45 : 10.63"
"19,46 : 12.08"
"19,47 : 27.2"
"19,48 : 17.12"
"19,49 : 9.43"
"19,50 : 11.18"
"19,51 : 38.01"
"19,52 : 36.14"
"19,53 : 29.43"
"19,54 : 34.89"
"19,55 : 33.24"
"19,56 : 30.15"
"19,57 : 4.47"
"19,58 : 19.42"
"19,59 : 35.51"
"19,60 : 38.08"
"19,61 : 24.76"
"19,62 : 15.03"
"19,63 : 30.15"
"19,64 : 36.5"
"19,65 : 30.81"
"19,66 : 38.28"
"19,67 : 28.16"
"19,68 : 35.47"
"19,69 : 32.25"
"19,70 : 5.1"
"19,71 : 19.42"
"19,72 : 31.3"
"19,73 : 19.72"
"19,74 : 20.59"
"19,75 : 34.13"
"19,76 : 18.68"
"19,77 : 9.22"
"19,78 : 36.36"
"19,79 : 37.12"
"19,80 : 12.37"
"19,81 : 25.71"
"19,82 : 38.83"
"19,83 : 44.65"
"19,84 : 37.74"
"19,85 : 36.62"
"19,86 : 27.17"
"19,87 : 12.37"
"19,88 : 8.94"
"19,89 : 5.0"
"19,90 : 36.88"
"19,91 : 10.0"
"19,92 : 3.16"
"19,93 : 32.89"
"19,94 : 30.41"
"19,95 : 19.42"
"19,96 : 29.15"
"19,97 : 29.02"
"19,98 : 18.97"
"19,99 : 25.96"
"20,0 : 29.53"
"20,1 : 25.94"
"20,2 : 41.04"
"20,3 : 32.56"
"20,4 : 13.89"
"20,5 : 5.83"
"20,6 : 20.25"
"20,7 : 18.03"
"20,8 : 28.64"
"20,9 : 31.58"
"20,10 : 16.64"
"20,11 : 18.79"
"20,12 : 26.93"
"20,13 : 35.23"
"20,14 : 19.65"
"20,15 : 17.12"
"20,16 : 35.38"
"20,17 : 12.37"
"20,18 : 8.49"
"20,19 : 8.54"
"20,20 : 0.0"
"20,21 : 34.99"
"20,22 : 17.72"
"20,23 : 11.4"
"20,24 : 26.4"
"20,25 : 29.41"
"20,26 : 25.55"
"20,27 : 28.3"
"20,28 : 21.02"
"20,29 : 7.62"
"20,30 : 36.12"
"20,31 : 27.59"
"20,32 : 22.02"
"20,33 : 32.02"
"20,34 : 12.17"
"20,35 : 27.59"
"20,36 : 3.0"
"20,37 : 4.12"
"20,38 : 26.4"
"20,39 : 18.36"
"20,40 : 19.24"
"20,41 : 20.02"
"20,42 : 17.0"
"20,43 : 23.77"
"20,44 : 13.42"
"20,45 : 4.0"
"20,46 : 8.54"
"20,47 : 23.6"
"20,48 : 15.23"
"20,49 : 11.4"
"20,50 : 19.7"
"20,51 : 32.28"
"20,52 : 27.66"
"20,53 : 22.47"
"20,54 : 26.42"
"20,55 : 28.28"
"20,56 : 29.15"
"20,57 : 10.05"
"20,58 : 13.34"
"20,59 : 28.46"
"20,60 : 29.68"
"20,61 : 17.49"
"20,62 : 8.06"
"20,63 : 27.46"
"20,64 : 29.41"
"20,65 : 27.02"
"20,66 : 30.0"
"20,67 : 19.65"
"20,68 : 28.3"
"20,69 : 25.0"
"20,70 : 13.6"
"20,71 : 11.31"
"20,72 : 22.83"
"20,73 : 11.4"
"20,74 : 12.21"
"20,75 : 31.4"
"20,76 : 12.81"
"20,77 : 4.47"
"20,78 : 30.08"
"20,79 : 31.32"
"20,80 : 14.21"
"20,81 : 17.26"
"20,82 : 30.41"
"20,83 : 36.4"
"20,84 : 31.38"
"20,85 : 29.97"
"20,86 : 19.0"
"20,87 : 15.81"
"20,88 : 1.0"
"20,89 : 5.1"
"20,90 : 29.0"
"20,91 : 10.63"
"20,92 : 11.18"
"20,93 : 28.16"
"20,94 : 24.74"
"20,95 : 19.24"
"20,96 : 23.6"
"20,97 : 21.38"
"20,98 : 13.45"
"20,99 : 26.63"
"21,0 : 44.72"
"21,1 : 30.81"
"21,2 : 10.0"
"21,3 : 7.21"
"21,4 : 37.8"
"21,5 : 32.65"
"21,6 : 55.01"
"21,7 : 27.29"
"21,8 : 19.7"
"21,9 : 12.04"
"21,10 : 38.28"
"21,11 : 51.66"
"21,12 : 44.28"
"21,13 : 2.24"
"21,14 : 35.01"
"21,15 : 44.82"
"21,16 : 7.21"
"21,17 : 33.54"
"21,18 : 26.83"
"21,19 : 42.01"
"21,20 : 34.99"
"21,21 : 0.0"
"21,22 : 18.38"
"21,23 : 23.71"
"21,24 : 41.44"
"21,25 : 40.26"
"21,26 : 9.43"
"21,27 : 33.54"
"21,28 : 14.21"
"21,29 : 29.15"
"21,30 : 6.71"
"21,31 : 49.04"
"21,32 : 16.03"
"21,33 : 10.05"
"21,34 : 24.08"
"21,35 : 10.05"
"21,36 : 32.45"
"21,37 : 31.06"
"21,38 : 41.44"
"21,39 : 46.87"
"21,40 : 15.81"
"21,41 : 31.06"
"21,42 : 38.12"
"21,43 : 36.35"
"21,44 : 46.86"
"21,45 : 31.62"
"21,46 : 30.41"
"21,47 : 49.16"
"21,48 : 28.84"
"21,49 : 46.07"
"21,50 : 52.35"
"21,51 : 9.06"
"21,52 : 25.63"
"21,53 : 38.12"
"21,54 : 17.72"
"21,55 : 14.14"
"21,56 : 29.15"
"21,57 : 40.31"
"21,58 : 22.67"
"21,59 : 40.02"
"21,60 : 15.65"
"21,61 : 17.49"
"21,62 : 35.74"
"21,63 : 23.19"
"21,64 : 40.26"
"21,65 : 19.24"
"21,66 : 13.42"
"21,67 : 25.02"
"21,68 : 6.71"
"21,69 : 37.48"
"21,70 : 46.01"
"21,71 : 24.17"
"21,72 : 19.1"
"21,73 : 24.7"
"21,74 : 24.35"
"21,75 : 23.02"
"21,76 : 38.83"
"21,77 : 32.8"
"21,78 : 7.28"
"21,79 : 9.0"
"21,80 : 35.81"
"21,81 : 27.02"
"21,82 : 27.73"
"21,83 : 13.6"
"21,84 : 6.08"
"21,85 : 5.83"
"21,86 : 30.02"
"21,87 : 50.54"
"21,88 : 34.13"
"21,89 : 37.01"
"21,90 : 9.22"
"21,91 : 34.71"
"21,92 : 43.19"
"21,93 : 15.13"
"21,94 : 13.42"
"21,95 : 51.24"
"21,96 : 44.01"
"21,97 : 34.13"
"21,98 : 39.81"
"21,99 : 33.96"
"22,0 : 37.44"
"22,1 : 18.03"
"22,2 : 26.42"
"22,3 : 18.38"
"22,4 : 19.72"
"22,5 : 14.42"
"22,6 : 37.95"
"22,7 : 11.0"
"22,8 : 21.59"
"22,9 : 14.04"
"22,10 : 20.62"
"22,11 : 33.3"
"22,12 : 35.85"
"22,13 : 19.21"
"22,14 : 26.08"
"22,15 : 26.63"
"22,16 : 21.02"
"22,17 : 21.19"
"22,18 : 11.05"
"22,19 : 23.85"
"22,20 : 17.72"
"22,21 : 18.38"
"22,22 : 0.0"
"22,23 : 8.25"
"22,24 : 33.84"
"22,25 : 34.71"
"22,26 : 9.43"
"22,27 : 21.19"
"22,28 : 4.47"
"22,29 : 14.14"
"22,30 : 21.47"
"22,31 : 39.0"
"22,32 : 12.37"
"22,33 : 14.32"
"22,34 : 5.83"
"22,35 : 14.32"
"22,36 : 14.87"
"22,37 : 13.6"
"22,38 : 33.84"
"22,39 : 33.24"
"22,40 : 4.0"
"22,41 : 23.43"
"22,42 : 26.93"
"22,43 : 29.21"
"22,44 : 28.6"
"22,45 : 13.93"
"22,46 : 12.04"
"22,47 : 37.11"
"22,48 : 11.4"
"22,49 : 29.12"
"22,50 : 33.97"
"22,51 : 14.56"
"22,52 : 24.6"
"22,53 : 29.68"
"22,54 : 18.44"
"22,55 : 11.05"
"22,56 : 18.87"
"22,57 : 21.93"
"22,58 : 4.47"
"22,59 : 34.06"
"22,60 : 20.02"
"22,61 : 4.47"
"22,62 : 21.1"
"22,63 : 14.14"
"22,64 : 34.71"
"22,65 : 11.66"
"22,66 : 19.03"
"22,67 : 18.44"
"22,68 : 12.21"
"22,69 : 30.61"
"22,70 : 27.66"
"22,71 : 9.49"
"22,72 : 16.16"
"22,73 : 10.77"
"22,74 : 11.18"
"22,75 : 17.2"
"22,76 : 25.5"
"22,77 : 14.76"
"22,78 : 12.53"
"22,79 : 13.6"
"22,80 : 17.89"
"22,81 : 18.44"
"22,82 : 27.73"
"22,83 : 24.52"
"22,84 : 13.89"
"22,85 : 12.81"
"22,86 : 22.02"
"22,87 : 33.53"
"22,88 : 16.76"
"22,89 : 18.87"
"22,90 : 15.52"
"22,91 : 16.4"
"22,92 : 24.84"
"22,93 : 11.18"
"22,94 : 7.07"
"22,95 : 36.06"
"22,96 : 34.01"
"22,97 : 26.4"
"22,98 : 26.48"
"22,99 : 20.62"
"23,0 : 29.83"
"23,1 : 23.6"
"23,2 : 29.7"
"23,3 : 21.21"
"23,4 : 19.1"
"23,5 : 10.77"
"23,6 : 31.3"
"23,7 : 15.26"
"23,8 : 19.24"
"23,9 : 22.02"
"23,10 : 21.0"
"23,11 : 29.41"
"23,12 : 28.02"
"23,13 : 23.85"
"23,14 : 18.44"
"23,15 : 25.0"
"23,16 : 24.04"
"23,17 : 13.0"
"23,18 : 3.16"
"23,19 : 19.21"
"23,20 : 11.4"
"23,21 : 23.71"
"23,22 : 8.25"
"23,23 : 0.0"
"23,24 : 26.25"
"23,25 : 27.66"
"23,26 : 14.32"
"23,27 : 26.63"
"23,28 : 10.2"
"23,29 : 6.0"
"23,30 : 24.76"
"23,31 : 30.87"
"23,32 : 11.18"
"23,33 : 22.02"
"23,34 : 5.83"
"23,35 : 16.28"
"23,36 : 9.22"
"23,37 : 7.81"
"23,38 : 26.25"
"23,39 : 25.08"
"23,40 : 8.25"
"23,41 : 16.4"
"23,42 : 18.79"
"23,43 : 21.93"
"23,44 : 24.21"
"23,45 : 8.6"
"23,46 : 10.05"
"23,47 : 28.86"
"23,48 : 13.93"
"23,49 : 22.36"
"23,50 : 30.23"
"23,51 : 22.09"
"23,52 : 20.22"
"23,53 : 22.02"
"23,54 : 16.49"
"23,55 : 19.24"
"23,56 : 25.46"
"23,57 : 18.79"
"23,58 : 5.66"
"23,59 : 26.91"
"23,60 : 19.31"
"23,61 : 6.32"
"23,62 : 13.0"
"23,63 : 21.63"
"23,64 : 27.66"
"23,65 : 19.7"
"23,66 : 19.24"
"23,67 : 12.65"
"23,68 : 17.0"
"23,69 : 23.35"
"23,70 : 23.85"
"23,71 : 1.41"
"23,72 : 13.15"
"23,73 : 2.83"
"23,74 : 3.61"
"23,75 : 25.06"
"23,76 : 17.26"
"23,77 : 10.3"
"23,78 : 19.42"
"23,79 : 21.1"
"23,80 : 18.0"
"23,81 : 11.66"
"23,82 : 23.35"
"23,83 : 25.55"
"23,84 : 20.62"
"23,85 : 18.97"
"23,86 : 15.0"
"23,87 : 26.83"
"23,88 : 10.63"
"23,89 : 14.42"
"23,90 : 17.69"
"23,91 : 15.13"
"23,92 : 21.1"
"23,93 : 19.42"
"23,94 : 15.03"
"23,95 : 28.28"
"23,96 : 25.94"
"23,97 : 19.1"
"23,98 : 18.25"
"23,99 : 25.55"
"24,0 : 3.61"
"24,1 : 49.52"
"24,2 : 41.19"
"24,3 : 35.06"
"24,4 : 40.25"
"24,5 : 31.38"
"24,6 : 32.02"
"24,7 : 41.04"
"24,8 : 23.09"
"24,9 : 45.69"
"24,10 : 42.94"
"24,11 : 41.11"
"24,12 : 3.16"
"24,13 : 40.2"
"24,14 : 7.81"
"24,15 : 43.01"
"24,16 : 37.0"
"24,17 : 14.42"
"24,18 : 24.76"
"24,19 : 32.98"
"24,20 : 26.4"
"24,21 : 41.44"
"24,22 : 33.84"
"24,23 : 26.25"
"24,24 : 0.0"
"24,25 : 4.47"
"24,26 : 34.79"
"24,27 : 52.4"
"24,28 : 33.54"
"24,29 : 22.02"
"24,30 : 38.0"
"24,31 : 8.94"
"24,32 : 25.96"
"24,33 : 44.94"
"24,34 : 31.83"
"24,35 : 31.4"
"24,36 : 27.78"
"24,37 : 27.46"
"24,38 : 0.0"
"24,39 : 15.81"
"24,40 : 31.76"
"24,41 : 10.77"
"24,42 : 9.49"
"24,43 : 5.1"
"24,44 : 36.35"
"24,45 : 28.3"
"24,46 : 33.02"
"24,47 : 12.81"
"24,48 : 39.05"
"24,49 : 27.0"
"24,50 : 42.11"
"24,51 : 44.6"
"24,52 : 17.26"
"24,53 : 4.24"
"24,54 : 24.02"
"24,55 : 43.83"
"24,56 : 51.66"
"24,57 : 36.06"
"24,58 : 31.89"
"24,59 : 3.61"
"24,60 : 27.02"
"24,61 : 30.02"
"24,62 : 18.38"
"24,63 : 47.8"
"24,64 : 4.47"
"24,65 : 45.49"
"24,66 : 29.0"
"24,67 : 16.76"
"24,68 : 36.14"
"24,69 : 4.0"
"24,70 : 37.66"
"24,71 : 24.84"
"24,72 : 22.36"
"24,73 : 23.43"
"24,74 : 22.8"
"24,75 : 51.04"
"24,76 : 14.32"
"24,77 : 30.02"
"24,78 : 41.11"
"24,79 : 43.66"
"24,80 : 40.31"
"24,81 : 15.65"
"24,82 : 17.09"
"24,83 : 33.38"
"24,84 : 41.76"
"24,85 : 39.56"
"24,86 : 12.08"
"24,87 : 29.27"
"24,88 : 26.83"
"24,89 : 31.38"
"24,90 : 32.25"
"24,91 : 36.72"
"24,92 : 36.14"
"24,93 : 44.29"
"24,94 : 39.36"
"24,95 : 22.47"
"24,96 : 5.83"
"24,97 : 7.62"
"24,98 : 14.14"
"24,99 : 51.09"
"25,0 : 5.39"
"25,1 : 51.22"
"25,2 : 39.0"
"25,3 : 33.54"
"25,4 : 43.08"
"25,5 : 34.01"
"25,6 : 36.4"
"25,7 : 42.8"
"25,8 : 21.1"
"25,9 : 45.65"
"25,10 : 45.69"
"25,11 : 45.01"
"25,12 : 7.07"
"25,13 : 38.83"
"25,14 : 9.85"
"25,15 : 46.32"
"25,16 : 35.23"
"25,17 : 17.09"
"25,18 : 26.63"
"25,19 : 36.5"
"25,20 : 29.41"
"25,21 : 40.26"
"25,22 : 34.71"
"25,23 : 27.66"
"25,24 : 4.47"
"25,25 : 0.0"
"25,26 : 34.44"
"25,27 : 54.2"
"25,28 : 33.84"
"25,29 : 24.19"
"25,30 : 36.22"
"25,31 : 12.81"
"25,32 : 25.5"
"25,33 : 44.72"
"25,34 : 33.42"
"25,35 : 30.36"
"25,36 : 30.46"
"25,37 : 29.97"
"25,38 : 4.47"
"25,39 : 20.25"
"25,40 : 32.2"
"25,41 : 11.31"
"25,42 : 13.04"
"25,43 : 5.83"
"25,44 : 40.11"
"25,45 : 30.87"
"25,46 : 35.36"
"25,47 : 17.2"
"25,48 : 41.05"
"25,49 : 31.06"
"25,50 : 46.01"
"25,51 : 44.28"
"25,52 : 15.03"
"25,53 : 7.07"
"25,54 : 22.56"
"25,55 : 44.1"
"25,56 : 53.08"
"25,57 : 39.29"
"25,58 : 33.3"
"25,59 : 1.0"
"25,60 : 25.18"
"25,61 : 30.61"
"25,62 : 21.59"
"25,63 : 48.84"
"25,64 : 0.0"
"25,65 : 46.23"
"25,66 : 27.29"
"25,67 : 16.64"
"25,68 : 35.47"
"25,69 : 4.47"
"25,70 : 41.3"
"25,71 : 26.25"
"25,72 : 21.54"
"25,73 : 24.84"
"25,74 : 24.08"
"25,75 : 51.86"
"25,76 : 18.03"
"25,77 : 32.7"
"25,78 : 40.72"
"25,79 : 43.38"
"25,80 : 42.95"
"25,81 : 16.28"
"25,82 : 14.14"
"25,83 : 31.02"
"25,84 : 41.23"
"25,85 : 39.0"
"25,86 : 12.73"
"25,87 : 33.54"
"25,88 : 29.73"
