x,y
5,38
5,50
25,39
39,49
32,20
44,49
34,47
40,11
34,28
35,47
5,31
44,46
37,20
33,45
33,6
22,27
14,1
10,47
24,48
5,6
38,15
23,28
44,26
35,49
27,39
16,11
14,18
26,32
26,14
9,27
49,45
38,35
44,16
10,20
19,12
1,43
18,8
4,33
28,5
28,46
33,31
31,34
50,41
19,42
42,40
37,2
30,37
34,13
14,36
44,35
27,13
4,26
31,26
41,26
6,35
37,41
4,18
41,20
38,18
37,19
6,8
12,3
40,29
46,11
1,40
39,34
27,1
1,49
20,23
0,7
27,40
25,9
36,14
24,4
47,39
10,23
0,21
41,29
31,45
12,32
8,43
26,15
22,25
3,39
8,45
48,47
21,43
11,25
4,48
41,14
13,42
43,48
32,32
2,4
31,17
18,29
39,7
28,45
9,38
11,6

Distanze
"0,0 : 0.0"
"0,1 : 33.38"
"0,2 : 24.02"
"0,3 : 35.69"
"0,4 : 36.67"
"0,5 : 30.59"
"0,6 : 25.81"
"0,7 : 7.62"
"0,8 : 12.04"
"0,9 : 11.4"
"0,10 : 36.14"
"0,11 : 25.08"
"0,12 : 23.71"
"0,13 : 17.03"
"0,14 : 45.28"
"0,15 : 31.32"
"0,16 : 4.47"
"0,17 : 11.18"
"0,18 : 25.3"
"0,19 : 24.52"
"0,20 : 28.18"
"0,21 : 31.62"
"0,22 : 15.23"
"0,23 : 14.32"
"0,24 : 22.83"
"0,25 : 28.46"
"0,26 : 20.59"
"0,27 : 44.69"
"0,28 : 13.6"
"0,29 : 19.42"
"0,30 : 33.14"
"0,31 : 31.38"
"0,32 : 16.64"
"0,33 : 27.29"
"0,34 : 48.1"
"0,35 : 28.02"
"0,36 : 34.93"
"0,37 : 7.28"
"0,38 : 12.04"
"0,39 : 19.03"
"0,40 : 24.35"
"0,41 : 1.41"
"0,42 : 37.05"
"0,43 : 36.35"
"0,44 : 17.89"
"0,45 : 34.0"
"0,46 : 10.63"
"0,47 : 14.32"
"0,48 : 6.4"
"0,49 : 35.78"
"0,50 : 14.04"
"0,51 : 22.8"
"0,52 : 28.23"
"0,53 : 24.04"
"0,54 : 10.0"
"0,55 : 14.32"
"0,56 : 16.4"
"0,57 : 31.26"
"0,58 : 35.9"
"0,59 : 15.52"
"0,60 : 31.05"
"0,61 : 39.81"
"0,62 : 4.0"
"0,63 : 17.03"
"0,64 : 39.96"
"0,65 : 23.77"
"0,66 : 13.42"
"0,67 : 4.12"
"0,68 : 29.53"
"0,69 : 30.08"
"0,70 : 22.47"
"0,71 : 16.28"
"0,72 : 32.0"
"0,73 : 37.8"
"0,74 : 20.62"
"0,75 : 3.61"
"0,76 : 5.0"
"0,77 : 14.21"
"0,78 : 33.62"
"0,79 : 27.66"
"0,80 : 32.02"
"0,81 : 27.29"
"0,82 : 11.4"
"0,83 : 7.28"
"0,84 : 14.56"
"0,85 : 13.0"
"0,86 : 39.46"
"0,87 : 17.09"
"0,88 : 11.66"
"0,89 : 48.8"
"0,90 : 23.02"
"0,91 : 34.01"
"0,92 : 19.72"
"0,93 : 37.58"
"0,94 : 27.29"
"0,95 : 30.89"
"0,96 : 37.01"
"0,97 : 26.91"
"0,98 : 24.08"
"0,99 : 28.79"
"1,0 : 33.38"
"1,1 : 0.0"
"1,2 : 43.19"
"1,3 : 12.17"
"1,4 : 3.61"
"1,5 : 44.2"
"1,6 : 23.32"
"1,7 : 30.07"
"1,8 : 38.01"
"1,9 : 26.31"
"1,10 : 58.0"
"1,11 : 10.63"
"1,12 : 13.42"
"1,13 : 16.49"
"1,14 : 36.0"
"1,15 : 54.67"
"1,16 : 37.12"
"1,17 : 23.0"
"1,18 : 9.49"
"1,19 : 47.8"
"1,20 : 11.31"
"1,21 : 41.88"
"1,22 : 33.02"
"1,23 : 28.16"
"1,24 : 20.62"
"1,25 : 15.23"
"1,26 : 48.76"
"1,27 : 34.01"
"1,28 : 41.44"
"1,29 : 18.03"
"1,30 : 48.41"
"1,31 : 21.84"
"1,32 : 25.63"
"1,33 : 20.12"
"1,34 : 38.05"
"1,35 : 23.26"
"1,36 : 13.04"
"1,37 : 40.11"
"1,38 : 43.97"
"1,39 : 14.56"
"1,40 : 10.44"
"1,41 : 32.56"
"1,42 : 5.0"
"1,43 : 49.65"
"1,44 : 32.65"
"1,45 : 38.91"
"1,46 : 41.05"
"1,47 : 37.11"
"1,48 : 30.68"
"1,49 : 21.02"
"1,50 : 33.24"
"1,51 : 24.21"
"1,52 : 53.82"
"1,53 : 10.2"
"1,54 : 27.31"
"1,55 : 20.02"
"1,56 : 24.35"
"1,57 : 9.22"
"1,58 : 47.17"
"1,59 : 18.03"
"1,60 : 53.91"
"1,61 : 6.71"
"1,62 : 34.21"
"1,63 : 16.49"
"1,64 : 26.02"
"1,65 : 10.05"
"1,66 : 21.02"
"1,67 : 33.24"
"1,68 : 36.36"
"1,69 : 39.66"
"1,70 : 48.55"
"1,71 : 17.12"
"1,72 : 49.58"
"1,73 : 36.4"
"1,74 : 37.54"
"1,75 : 32.02"
"1,76 : 31.32"
"1,77 : 28.84"
"1,78 : 8.25"
"1,79 : 6.08"
"1,80 : 13.15"
"1,81 : 6.08"
"1,82 : 42.38"
"1,83 : 31.06"
"1,84 : 30.36"
"1,85 : 33.96"
"1,86 : 12.53"
"1,87 : 17.03"
"1,88 : 41.79"
"1,89 : 39.05"
"1,90 : 31.24"
"1,91 : 51.74"
"1,92 : 21.93"
"1,93 : 42.54"
"1,94 : 48.92"
"1,95 : 20.88"
"1,96 : 5.66"
"1,97 : 26.42"
"1,98 : 45.45"
"1,99 : 39.41"
"2,0 : 24.02"
"2,1 : 43.19"
"2,2 : 0.0"
"2,3 : 38.01"
"2,4 : 46.75"
"2,5 : 7.81"
"2,6 : 21.93"
"2,7 : 31.06"
"2,8 : 12.17"
"2,9 : 33.54"
"2,10 : 14.87"
"2,11 : 32.56"
"2,12 : 40.31"
"2,13 : 29.68"
"2,14 : 32.76"
"2,15 : 11.66"
"2,16 : 26.48"
"2,17 : 30.36"
"2,18 : 39.41"
"2,19 : 6.0"
"2,20 : 44.1"
"2,21 : 10.82"
"2,22 : 11.18"
"2,23 : 37.34"
"2,24 : 23.02"
"2,25 : 30.02"
"2,26 : 12.53"
"2,27 : 33.38"
"2,28 : 36.14"
"2,29 : 38.08"
"2,30 : 9.22"
"2,31 : 27.2"
"2,32 : 38.83"
"2,33 : 25.5"
"2,34 : 35.17"
"2,35 : 23.41"
"2,36 : 36.67"
"2,37 : 27.2"
"2,38 : 18.87"
"2,39 : 30.81"
"2,40 : 38.83"
"2,41 : 23.0"
"2,42 : 44.41"
"2,43 : 12.65"
"2,44 : 10.63"
"2,45 : 16.16"
"2,46 : 32.28"
"2,47 : 38.21"
"2,48 : 19.24"
"2,49 : 32.02"
"2,50 : 38.0"
"2,51 : 19.72"
"2,52 : 12.17"
"2,53 : 38.01"
"2,54 : 19.31"
"2,55 : 32.31"
"2,56 : 38.08"
"2,57 : 36.06"
"2,58 : 13.04"
"2,59 : 31.3"
"2,60 : 10.82"
"2,61 : 49.68"
"2,62 : 20.02"
"2,63 : 29.68"
"2,64 : 33.14"
"2,65 : 37.2"
"2,66 : 31.95"
"2,67 : 20.0"
"2,68 : 13.15"
"2,69 : 10.77"
"2,70 : 9.49"
"2,71 : 30.89"
"2,72 : 8.06"
"2,73 : 22.8"
"2,74 : 5.66"
"2,75 : 21.02"
"2,76 : 20.1"
"2,77 : 15.26"
"2,78 : 47.63"
"2,79 : 39.7"
"2,80 : 34.0"
"2,81 : 38.21"
"2,82 : 17.0"
"2,83 : 31.02"
"2,84 : 38.12"
"2,85 : 37.01"
"2,86 : 42.05"
"2,87 : 33.54"
"2,88 : 15.65"
"2,89 : 35.44"
"2,90 : 13.0"
"2,91 : 10.2"
"2,92 : 21.26"
"2,93 : 18.03"
"2,94 : 5.83"
"2,95 : 27.51"
"2,96 : 43.83"
"2,97 : 19.92"
"2,98 : 3.0"
"2,99 : 9.49"
"3,0 : 35.69"
"3,1 : 12.17"
"3,2 : 38.01"
"3,3 : 0.0"
"3,4 : 14.04"
"3,5 : 37.01"
"3,6 : 16.12"
"3,7 : 34.93"
"3,8 : 36.35"
"3,9 : 32.25"
"3,10 : 52.15"
"3,11 : 11.18"
"3,12 : 22.8"
"3,13 : 19.7"
"3,14 : 24.08"
"3,15 : 49.65"
"3,16 : 40.02"
"3,17 : 27.73"
"3,18 : 18.6"
"3,19 : 43.46"
"3,20 : 22.36"
"3,21 : 33.97"
"3,22 : 29.83"
"3,23 : 35.23"
"3,24 : 15.52"
"3,25 : 8.25"
"3,26 : 46.32"
"3,27 : 22.02"
"3,28 : 46.62"
"3,29 : 26.17"
"3,30 : 41.23"
"3,31 : 12.04"
"3,32 : 33.42"
"3,33 : 12.53"
"3,34 : 26.0"
"3,35 : 15.0"
"3,36 : 1.41"
"3,37 : 42.95"
"3,38 : 44.01"
"3,39 : 17.89"
"3,40 : 19.21"
"3,41 : 34.53"
"3,42 : 9.22"
"3,43 : 41.73"
"3,44 : 28.46"
"3,45 : 29.83"
"3,46 : 45.22"
"3,47 : 43.42"
"3,48 : 31.06"
"3,49 : 9.49"
"3,50 : 39.96"
"3,51 : 18.38"
"3,52 : 49.77"
"3,53 : 18.44"
"3,54 : 27.02"
"3,55 : 25.55"
"3,56 : 32.02"
"3,57 : 5.0"
"3,58 : 38.9"
"3,59 : 22.83"
"3,60 : 48.76"
"3,61 : 15.52"
"3,62 : 35.13"
"3,63 : 19.7"
"3,64 : 14.04"
"3,65 : 17.69"
"3,66 : 26.42"
"3,67 : 34.13"
"3,68 : 28.32"
"3,69 : 31.89"
"3,70 : 45.22"
"3,71 : 21.47"
"3,72 : 43.01"
"3,73 : 25.94"
"3,74 : 32.7"
"3,75 : 33.24"
"3,76 : 32.14"
"3,77 : 26.31"
"3,78 : 20.4"
"3,79 : 15.26"
"3,80 : 4.12"
"3,81 : 13.6"
"3,82 : 42.05"
"3,83 : 35.85"
"3,84 : 37.44"
"3,85 : 40.31"
"3,86 : 4.12"
"3,87 : 23.02"
"3,88 : 41.11"
"3,89 : 27.0"
"3,90 : 25.06"
"3,91 : 45.0"
"3,92 : 18.25"
"3,93 : 33.02"
"3,94 : 43.83"
"3,95 : 11.31"
"3,96 : 8.25"
"3,97 : 18.6"
"3,98 : 40.72"
"3,99 : 32.02"
"4,0 : 36.67"
"4,1 : 3.61"
"4,2 : 46.75"
"4,3 : 14.04"
"4,4 : 0.0"
"4,5 : 47.63"
"4,6 : 26.63"
"4,7 : 33.0"
"4,8 : 41.59"
"4,9 : 29.07"
"4,10 : 61.55"
"4,11 : 14.21"
"4,12 : 15.52"
"4,13 : 19.92"
"4,14 : 38.12"
"4,15 : 58.26"
"4,16 : 40.31"
"4,17 : 26.08"
"4,18 : 12.04"
"4,19 : 51.4"
"4,20 : 12.53"
"4,21 : 45.22"
"4,22 : 36.62"
"4,23 : 30.59"
"4,24 : 24.08"
"4,25 : 18.36"
"4,26 : 52.35"
"4,27 : 36.06"
"4,28 : 44.18"
"4,29 : 20.4"
"4,30 : 51.86"
"4,31 : 24.7"
"4,32 : 27.89"
"4,33 : 23.32"
"4,34 : 40.01"
"4,35 : 26.42"
"4,36 : 15.13"
"4,37 : 43.29"
"4,38 : 47.43"
"4,39 : 18.03"
"4,40 : 13.04"
"4,41 : 35.9"
"4,42 : 5.1"
"4,43 : 53.01"
"4,44 : 36.24"
"4,45 : 42.06"
"4,46 : 44.0"
"4,47 : 39.62"
"4,48 : 34.18"
"4,49 : 23.35"
"4,50 : 35.69"
"4,51 : 27.66"
"4,52 : 57.43"
"4,53 : 13.0"
"4,54 : 30.87"
"4,55 : 23.02"
"4,56 : 26.68"
"4,57 : 12.08"
"4,58 : 50.48"
"4,59 : 21.21"
"4,60 : 57.49"
"4,61 : 3.16"
"4,62 : 37.64"
"4,63 : 19.92"
"4,64 : 28.07"
"4,65 : 13.04"
"4,66 : 24.02"
"4,67 : 36.69"
"4,68 : 39.66"
"4,69 : 43.01"
"4,70 : 52.15"
"4,71 : 20.4"
"4,72 : 53.08"
"4,73 : 39.22"
"4,74 : 41.11"
"4,75 : 35.44"
"4,76 : 34.79"
"4,77 : 32.45"
"4,78 : 7.81"
"4,79 : 9.06"
"4,80 : 15.81"
"4,81 : 9.49"
"4,82 : 45.88"
"4,83 : 34.0"
"4,84 : 32.76"
"4,85 : 36.5"
"4,86 : 13.34"
"4,87 : 20.02"
"4,88 : 45.31"
"4,89 : 41.01"
"4,90 : 34.71"
"4,91 : 55.23"
"4,92 : 25.5"
"4,93 : 45.62"
"4,94 : 52.5"
"4,95 : 23.77"
"4,96 : 6.08"
"4,97 : 29.68"
"4,98 : 49.04"
"4,99 : 42.8"
"5,0 : 30.59"
"5,1 : 44.2"
"5,2 : 7.81"
"5,3 : 37.01"
"5,4 : 47.63"
"5,5 : 0.0"
"5,6 : 21.21"
"5,7 : 37.12"
"5,8 : 19.31"
"5,9 : 39.01"
"5,10 : 15.81"
"5,11 : 33.84"
"5,12 : 43.66"
"5,13 : 32.89"
"5,14 : 27.02"
"5,15 : 15.0"
"5,16 : 33.53"
"5,17 : 35.23"
"5,18 : 42.05"
"5,19 : 12.53"
"5,20 : 47.01"
"5,21 : 4.0"
"5,22 : 16.0"
"5,23 : 43.0"
"5,24 : 23.6"
"5,25 : 29.7"
"5,26 : 20.0"
"5,27 : 28.02"
"5,28 : 43.32"
"5,29 : 42.2"
"5,30 : 4.24"
"5,31 : 25.24"
"5,32 : 44.1"
"5,33 : 24.76"
"5,34 : 29.15"
"5,35 : 22.02"
"5,36 : 35.61"
"5,37 : 34.54"
"5,38 : 26.63"
"5,39 : 33.62"
"5,40 : 41.63"
"5,41 : 29.43"
"5,42 : 44.55"
"5,43 : 6.08"
"5,44 : 14.14"
"5,45 : 10.0"
"5,46 : 39.56"
"5,47 : 44.91"
"5,48 : 25.08"
"5,49 : 29.53"
"5,50 : 44.28"
"5,51 : 20.0"
"5,52 : 17.46"
"5,53 : 40.72"
"5,54 : 24.08"
"5,55 : 36.67"
"5,56 : 43.19"
"5,57 : 36.07"
"5,58 : 5.39"
"5,59 : 35.17"
"5,60 : 14.0"
"5,61 : 50.33"
"5,62 : 26.68"
"5,63 : 32.89"
"5,64 : 29.41"
"5,65 : 39.81"
"5,66 : 36.5"
"5,67 : 26.48"
"5,68 : 8.94"
"5,69 : 5.39"
"5,70 : 16.64"
"5,71 : 34.48"
"5,72 : 6.32"
"5,73 : 17.0"
"5,74 : 10.05"
"5,75 : 27.29"
"5,76 : 26.17"
"5,77 : 19.24"
"5,78 : 49.74"
"5,79 : 41.68"
"5,80 : 33.3"
"5,81 : 39.96"
"5,82 : 24.7"
"5,83 : 37.22"
"5,84 : 44.05"
"5,85 : 43.42"
"5,86 : 40.8"
"5,87 : 37.36"
"5,88 : 23.32"
"5,89 : 29.27"
"5,90 : 13.04"
"5,91 : 8.06"
"5,92 : 22.83"
"5,93 : 10.77"
"5,94 : 10.44"
"5,95 : 25.81"
"5,96 : 43.84"
"5,97 : 18.44"
"5,98 : 10.0"
"5,99 : 5.0"
"6,0 : 25.81"
"6,1 : 23.32"
"6,2 : 21.93"
"6,3 : 16.12"
"6,4 : 26.63"
"6,5 : 21.21"
"6,6 : 0.0"
"6,7 : 28.43"
"6,8 : 22.2"
"6,9 : 27.78"
"6,10 : 36.06"
"6,11 : 13.6"
"6,12 : 26.0"
"6,13 : 16.49"
"6,14 : 20.0"
"6,15 : 33.54"
"6,16 : 30.23"
"6,17 : 22.83"
"6,18 : 23.19"
"6,19 : 27.51"
"6,20 : 28.28"
"6,21 : 18.6"
"6,22 : 15.03"
"6,23 : 31.76"
"6,24 : 4.12"
"6,25 : 8.49"
"6,26 : 31.14"
"6,27 : 19.1"
"6,28 : 38.95"
"6,29 : 26.48"
"6,30 : 25.46"
"6,31 : 6.08"
"6,32 : 31.38"
"6,33 : 3.61"
"6,34 : 22.8"
"6,35 : 2.24"
"6,36 : 14.76"
"6,37 : 32.76"
"6,38 : 30.81"
"6,39 : 16.12"
"6,40 : 23.09"
"6,41 : 24.41"
"6,42 : 23.35"
"6,43 : 26.4"
"6,44 : 13.04"
"6,45 : 15.81"
"6,46 : 36.4"
"6,47 : 37.64"
"6,48 : 19.72"
"6,49 : 11.05"
"6,50 : 35.23"
"6,51 : 3.16"
"6,52 : 33.84"
"6,53 : 22.09"
"6,54 : 15.81"
"6,55 : 22.47"
"6,56 : 30.08"
"6,57 : 14.87"
"6,58 : 23.85"
"6,59 : 19.92"
"6,60 : 32.65"
"6,61 : 29.21"
"6,62 : 23.71"
"6,63 : 16.49"
"6,64 : 14.32"
"6,65 : 21.1"
"6,66 : 22.85"
"6,67 : 22.83"
"6,68 : 13.04"
"6,69 : 16.4"
"6,70 : 29.61"
"6,71 : 18.68"
"6,72 : 27.02"
"6,73 : 15.13"
"6,74 : 16.76"
"6,75 : 22.47"
"6,76 : 21.1"
"6,77 : 12.65"
"6,78 : 29.73"
"6,79 : 21.84"
"6,80 : 12.21"
"6,81 : 19.92"
"6,82 : 28.64"
"6,83 : 29.07"
"6,84 : 33.62"
"6,85 : 35.0"
"6,86 : 20.12"
"6,87 : 21.59"
"6,88 : 27.46"
"6,89 : 23.6"
"6,90 : 8.94"
"6,91 : 29.07"
"6,92 : 6.4"
"6,93 : 19.65"
"6,94 : 27.73"
"6,95 : 6.0"
"6,96 : 22.63"
"6,97 : 3.16"
"6,98 : 24.7"
"6,99 : 16.28"
"7,0 : 7.62"
"7,1 : 30.07"
"7,2 : 31.06"
"7,3 : 34.93"
"7,4 : 33.0"
"7,5 : 37.12"
"7,6 : 28.43"
"7,7 : 0.0"
"7,8 : 19.42"
"7,9 : 4.47"
"7,10 : 43.68"
"7,11 : 23.77"
"7,12 : 18.44"
"7,13 : 15.23"
"7,14 : 48.41"
"7,15 : 38.9"
"7,16 : 8.6"
"7,17 : 7.28"
"7,18 : 21.02"
"7,19 : 32.02"
"7,20 : 22.8"
"7,21 : 37.66"
"7,22 : 21.21"
"7,23 : 6.71"
"7,24 : 24.76"
"7,25 : 28.84"
"7,26 : 28.18"
"7,27 : 47.51"
"7,28 : 11.7"
"7,29 : 13.6"
"7,30 : 40.0"
"7,31 : 33.24"
"7,32 : 9.22"
"7,33 : 29.0"
"7,34 : 51.22"
"7,35 : 30.48"
"7,36 : 34.44"
"7,37 : 11.18"
"7,38 : 19.21"
"7,39 : 17.09"
"7,40 : 20.02"
"7,41 : 8.25"
"7,42 : 34.37"
"7,43 : 43.05"
"7,44 : 23.54"
"7,45 : 39.22"
"7,46 : 11.0"
"7,47 : 9.22"
"7,48 : 12.04"
"7,49 : 37.01"
"7,50 : 7.28"
"7,51 : 25.81"
"7,52 : 35.85"
"7,53 : 20.0"
"7,54 : 13.93"
"7,55 : 10.05"
"7,56 : 9.22"
"7,57 : 30.08"
"7,58 : 42.3"
"7,59 : 12.37"
"7,60 : 38.6"
"7,61 : 36.01"
"7,62 : 11.4"
"7,63 : 15.23"
"7,64 : 41.77"
"7,65 : 20.02"
"7,66 : 9.06"
"7,67 : 11.18"
"7,68 : 34.79"
"7,69 : 35.9"
"7,70 : 30.08"
"7,71 : 13.6"
"7,72 : 39.12"
"7,73 : 42.06"
"7,74 : 27.07"
"7,75 : 10.05"
"7,76 : 11.0"
"7,77 : 18.97"
"7,78 : 28.64"
"7,79 : 24.02"
"7,80 : 31.76"
"7,81 : 24.19"
"7,82 : 18.87"
"7,83 : 1.0"
"7,84 : 7.07"
"7,85 : 6.71"
"7,86 : 38.28"
"7,87 : 13.04"
"7,88 : 19.24"
"7,89 : 52.01"
"7,90 : 27.86"
"7,91 : 41.19"
"7,92 : 22.02"
"7,93 : 43.01"
"7,94 : 34.71"
"7,95 : 32.56"
"7,96 : 34.53"
"7,97 : 30.23"
"7,98 : 31.4"
"7,99 : 34.71"
"8,0 : 12.04"
"8,1 : 38.01"
"8,2 : 12.17"
"8,3 : 36.35"
"8,4 : 41.59"
"8,5 : 19.31"
"8,6 : 22.2"
"8,7 : 19.42"
"8,8 : 0.0"
"8,9 : 22.47"
"8,10 : 24.35"
"8,11 : 27.86"
"8,12 : 31.83"
"8,13 : 22.2"
"8,14 : 38.95"
"8,15 : 19.7"
"8,16 : 14.32"
"8,17 : 20.25"
"8,18 : 32.02"
"8,19 : 12.65"
"8,20 : 36.07"
"8,21 : 21.1"
"8,22 : 7.28"
"8,23 : 25.96"
"8,24 : 21.02"
"8,25 : 28.16"
"8,26 : 10.82"
"8,27 : 38.91"
"8,28 : 24.04"
"8,29 : 28.6"
"8,30 : 21.38"
"8,31 : 28.28"
"8,32 : 27.86"
"8,33 : 25.02"
"8,34 : 41.68"
"8,35 : 24.33"
"8,36 : 35.23"
"8,37 : 15.23"
"8,38 : 8.94"
"8,39 : 23.85"
"8,40 : 31.24"
"8,41 : 11.18"
"8,42 : 40.5"
"8,43 : 24.74"
"8,44 : 9.85"
"8,45 : 24.76"
"8,46 : 20.25"
"8,47 : 26.08"
"8,48 : 8.6"
"8,49 : 33.24"
"8,50 : 26.08"
"8,51 : 19.1"
"8,52 : 17.2"
"8,53 : 30.61"
"8,54 : 10.82"
"8,55 : 22.8"
"8,56 : 27.31"
"8,57 : 32.98"
"8,58 : 24.7"
"8,59 : 22.63"
"8,60 : 19.31"
"8,61 : 44.72"
"8,62 : 8.06"
"8,63 : 22.2"
"8,64 : 36.14"
"8,65 : 30.0"
"8,66 : 22.2"
"8,67 : 8.25"
"8,68 : 20.52"
"8,69 : 20.0"
"8,70 : 11.4"
"8,71 : 22.67"
"8,72 : 20.02"
"8,73 : 30.0"
"8,74 : 10.0"
"8,75 : 9.49"
"8,76 : 8.94"
"8,77 : 10.05"
"8,78 : 40.61"
"8,79 : 33.29"
"8,80 : 32.25"
"8,81 : 32.25"
"8,82 : 6.71"
"8,83 : 19.24"
"8,84 : 26.48"
"8,85 : 25.02"
"8,86 : 40.45"
"8,87 : 24.76"
"8,88 : 5.39"
"8,89 : 42.19"
"8,90 : 15.65"
"8,91 : 22.0"
"8,92 : 18.11"
"8,93 : 27.8"
"8,94 : 15.3"
"8,95 : 28.16"
"8,96 : 40.16"
"8,97 : 21.84"
"8,98 : 12.04"
"8,99 : 18.6"
"9,0 : 11.4"
"9,1 : 26.31"
"9,2 : 33.54"
"9,3 : 32.25"
"9,4 : 29.07"
"9,5 : 39.01"
"9,6 : 27.78"
"9,7 : 4.47"
"9,8 : 22.47"
"9,9 : 0.0"
"9,10 : 46.82"
"9,11 : 21.1"
"9,12 : 14.14"
"9,13 : 12.81"
"9,14 : 47.71"
"9,15 : 42.15"
"9,16 : 13.04"
"9,17 : 5.0"
"9,18 : 17.03"
"9,19 : 35.11"
"9,20 : 18.44"
"9,21 : 39.12"
"9,22 : 23.02"
"9,23 : 4.12"
"9,24 : 23.85"
"9,25 : 26.91"
"9,26 : 31.91"
"9,27 : 46.62"
"9,28 : 15.13"
"9,29 : 9.22"
"9,30 : 42.19"
"9,31 : 32.02"
"9,32 : 5.39"
"9,33 : 27.8"
"9,34 : 50.48"
"9,35 : 29.68"
"9,36 : 31.91"
"9,37 : 15.65"
"9,38 : 23.35"
"9,39 : 14.42"
"9,40 : 16.03"
"9,41 : 11.66"
"9,42 : 30.81"
"9,43 : 45.04"
"9,44 : 25.02"
"9,45 : 40.02"
"9,46 : 15.13"
"9,47 : 11.18"
"9,48 : 14.32"
"9,49 : 35.36"
"9,50 : 7.81"
"9,51 : 25.5"
"9,52 : 39.36"
"9,53 : 16.12"
"9,54 : 15.03"
"9,55 : 6.71"
"9,56 : 5.0"
"9,57 : 27.29"
"9,58 : 44.01"
"9,59 : 9.43"
"9,60 : 41.79"
"9,61 : 32.02"
"9,62 : 14.76"
"9,63 : 12.81"
"9,64 : 40.36"
"9,65 : 16.28"
"9,66 : 5.83"
"9,67 : 14.32"
"9,68 : 35.69"
"9,69 : 37.22"
"9,70 : 33.54"
"9,71 : 10.82"
"9,72 : 41.59"
"9,73 : 42.15"
"9,74 : 29.07"
"9,75 : 13.0"
"9,76 : 13.6"
"9,77 : 20.1"
"9,78 : 24.33"
"9,79 : 20.22"
"9,80 : 29.41"
"9,81 : 20.62"
"9,82 : 22.8"
"9,83 : 5.39"
"9,84 : 5.83"
"9,85 : 8.06"
"9,86 : 35.34"
"9,87 : 9.49"
"9,88 : 23.02"
"9,89 : 51.31"
"9,90 : 28.64"
"9,91 : 43.74"
"9,92 : 21.47"
"9,93 : 43.93"
"9,94 : 37.64"
"9,95 : 31.24"
"9,96 : 31.05"
"9,97 : 29.97"
"9,98 : 34.21"
"9,99 : 36.12"
"10,0 : 36.14"
"10,1 : 58.0"
"10,2 : 14.87"
"10,3 : 52.15"
"10,4 : 61.55"
"10,5 : 15.81"
"10,6 : 36.06"
"10,7 : 43.68"
"10,8 : 24.35"
"10,9 : 46.82"
"10,10 : 0.0"
"10,11 : 47.38"
"10,12 : 54.92"
"10,13 : 44.41"
"10,14 : 42.19"
"10,15 : 5.0"
"10,16 : 37.34"
"10,17 : 44.28"
"10,18 : 54.2"
"10,19 : 11.7"
"10,20 : 58.82"
"10,21 : 19.65"
"10,22 : 25.81"
"10,23 : 50.29"
"10,24 : 37.64"
"10,25 : 44.41"
"10,26 : 17.03"
"10,27 : 43.42"
"10,28 : 46.01"
"10,29 : 52.35"
"10,30 : 12.17"
"10,31 : 40.71"
"10,32 : 52.2"
"10,33 : 39.66"
"10,34 : 44.05"
"10,35 : 37.22"
"10,36 : 50.77"
"10,37 : 37.05"
"10,38 : 27.0"
"10,39 : 45.61"
"10,40 : 53.6"
"10,41 : 35.44"
"10,42 : 59.03"
"10,43 : 14.04"
"10,44 : 25.5"
"10,45 : 25.5"
"10,46 : 42.01"
"10,47 : 49.37"
"10,48 : 32.7"
"10,49 : 45.19"
"10,50 : 50.01"
"10,51 : 34.21"
"10,52 : 9.22"
"10,53 : 52.8"
"10,54 : 33.62"
"10,55 : 46.53"
"10,56 : 51.62"
"10,57 : 50.61"
"10,58 : 17.0"
"10,59 : 45.79"
"10,60 : 5.1"
"10,61 : 64.44"
"10,62 : 32.28"
"10,63 : 44.41"
"10,64 : 45.22"
"10,65 : 52.01"
"10,66 : 46.07"
"10,67 : 32.57"
"10,68 : 24.7"
"10,69 : 21.19"
"10,70 : 14.04"
"10,71 : 45.49"
"10,72 : 9.49"
"10,73 : 32.39"
"10,74 : 20.52"
"10,75 : 33.84"
"10,76 : 33.24"
"10,77 : 30.0"
"10,78 : 62.48"
"10,79 : 54.56"
"10,80 : 48.26"
"10,81 : 53.08"
"10,82 : 26.08"
"10,83 : 43.42"
"10,84 : 50.7"
"10,85 : 48.84"
"10,86 : 56.08"
"10,87 : 48.02"
"10,88 : 25.18"
"10,89 : 44.01"
"10,90 : 27.2"
"10,91 : 8.06"
"10,92 : 36.07"
"10,93 : 25.02"
"10,94 : 9.43"
"10,95 : 41.18"
"10,96 : 58.41"
"10,97 : 33.62"
"10,98 : 13.04"
"10,99 : 20.62"
"11,0 : 25.08"
"11,1 : 10.63"
"11,2 : 32.56"
"11,3 : 11.18"
"11,4 : 14.21"
"11,5 : 33.84"
"11,6 : 13.6"
"11,7 : 23.77"
"11,8 : 27.86"
"11,9 : 21.1"
"11,10 : 47.38"
"11,11 : 0.0"
"11,12 : 13.6"
"11,13 : 8.54"
"11,14 : 30.08"
"11,15 : 44.05"
"11,16 : 29.27"
"11,17 : 16.55"
"11,18 : 10.05"
"11,19 : 37.2"
"11,20 : 15.0"
"11,21 : 31.76"
"11,22 : 22.47"
"11,23 : 24.21"
"11,24 : 10.3"
"11,25 : 7.28"
"11,26 : 38.48"
"11,27 : 28.46"
"11,28 : 35.47"
"11,29 : 15.81"
"11,30 : 38.01"
"11,31 : 14.14"
"11,32 : 22.63"
"11,33 : 11.05"
"11,34 : 32.57"
"11,35 : 14.14"
"11,36 : 10.82"
"11,37 : 32.25"
"11,38 : 34.53"
"11,39 : 6.71"
"11,40 : 10.2"
"11,41 : 24.02"
"11,42 : 12.65"
"11,43 : 39.45"
"11,44 : 22.02"
"11,45 : 29.41"
"11,46 : 34.21"
"11,47 : 32.25"
"11,48 : 21.21"
"11,49 : 15.65"
"11,50 : 28.84"
"11,51 : 13.89"
"11,52 : 43.27"
"11,53 : 9.22"
"11,54 : 17.46"
"11,55 : 14.42"
"11,56 : 21.21"
"11,57 : 6.32"
"11,58 : 37.12"
"11,59 : 11.66"
"11,60 : 43.28"
"11,61 : 17.2"
"11,62 : 25.08"
"11,63 : 8.54"
"11,64 : 21.02"
"11,65 : 8.25"
"11,66 : 15.26"
"11,67 : 24.08"
"11,68 : 26.4"
"11,69 : 29.53"
"11,70 : 38.08"
"11,71 : 10.3"
"11,72 : 39.05"
"11,73 : 28.07"
"11,74 : 26.91"
"11,75 : 23.02"
"11,76 : 22.09"
"11,77 : 18.36"
"11,78 : 16.16"
"11,79 : 8.25"
"11,80 : 8.49"
"11,81 : 6.32"
"11,82 : 32.76"
"11,83 : 24.7"
"11,84 : 26.4"
"11,85 : 29.15"
"11,86 : 14.56"
"11,87 : 12.04"
"11,88 : 32.02"
"11,89 : 33.53"
"11,90 : 20.81"
"11,91 : 41.23"
"11,92 : 11.31"
"11,93 : 33.24"
"11,94 : 38.29"
"11,95 : 13.15"
"11,96 : 12.37"
"11,97 : 16.76"
"11,98 : 34.83"
"11,99 : 29.15"
"12,0 : 23.71"
"12,1 : 13.42"
"12,2 : 40.31"
"12,3 : 22.8"
"12,4 : 15.52"
"12,5 : 43.66"
"12,6 : 26.0"
"12,7 : 18.44"
"12,8 : 31.83"
"12,9 : 14.14"
"12,10 : 54.92"
"12,11 : 13.6"
"12,12 : 0.0"
"12,13 : 10.77"
"12,14 : 43.68"
"12,15 : 50.8"
"12,16 : 26.57"
"12,17 : 12.53"
"12,18 : 4.24"
"12,19 : 43.6"
"12,20 : 4.47"
"12,21 : 42.45"
"12,22 : 29.15"
"12,23 : 15.13"
"12,24 : 22.02"
"12,25 : 20.88"
"12,26 : 42.45"
"12,27 : 42.06"
"12,28 : 29.0"
"12,29 : 5.0"
"12,30 : 47.54"
"12,31 : 27.66"
"12,32 : 12.37"
"12,33 : 24.19"
"12,34 : 46.17"
"12,35 : 27.07"
"12,36 : 23.02"
"12,37 : 29.41"
"12,38 : 35.51"
"12,39 : 10.2"
"12,40 : 3.61"
"12,41 : 23.32"
"12,42 : 18.36"
"12,43 : 49.65"
"12,44 : 29.97"
"12,45 : 41.3"
"12,46 : 29.27"
"12,47 : 24.19"
"12,48 : 23.35"
"12,49 : 29.15"
"12,50 : 20.22"
"12,51 : 25.18"
"12,52 : 48.92"
"12,53 : 4.47"
"12,54 : 21.4"
"12,55 : 9.43"
"12,56 : 11.18"
"12,57 : 18.03"
"12,58 : 47.8"
"12,59 : 9.22"
"12,60 : 50.22"
"12,61 : 18.25"
"12,62 : 25.81"
"12,63 : 10.77"
"12,64 : 34.54"
"12,65 : 5.39"
"12,66 : 10.3"
"12,67 : 25.0"
"12,68 : 37.66"
"12,69 : 40.26"
"12,70 : 43.19"
"12,71 : 9.43"
"12,72 : 47.85"
"12,73 : 41.05"
"12,74 : 34.89"
"12,75 : 23.6"
"12,76 : 23.43"
"12,77 : 25.06"
"12,78 : 10.2"
"12,79 : 7.81"
"12,80 : 21.47"
"12,81 : 9.22"
"12,82 : 34.41"
"12,83 : 19.42"
"12,84 : 17.26"
"12,85 : 21.1"
"12,86 : 24.76"
"12,87 : 7.07"
"12,88 : 34.21"
"12,89 : 47.13"
"12,90 : 31.05"
"12,91 : 50.09"
"12,92 : 21.38"
"12,93 : 45.28"
"12,94 : 45.49"
"12,95 : 26.68"
"12,96 : 18.87"
"12,97 : 29.02"
"12,98 : 41.88"
"12,99 : 39.56"
"13,0 : 17.03"
"13,1 : 16.49"
"13,2 : 29.68"
"13,3 : 19.7"
"13,4 : 19.92"
"13,5 : 32.89"
"13,6 : 16.49"
"13,7 : 15.23"
"13,8 : 22.2"
"13,9 : 12.81"
"13,10 : 44.41"
"13,11 : 8.54"
"13,12 : 10.77"
"13,13 : 0.0"
"13,14 : 35.78"
"13,15 : 40.46"
"13,16 : 21.02"
"13,17 : 8.06"
"13,18 : 9.9"
"13,19 : 33.3"
"13,20 : 14.42"
"13,21 : 31.78"
"13,22 : 18.6"
"13,23 : 16.28"
"13,24 : 12.37"
"13,25 : 14.14"
"13,26 : 33.02"
"13,27 : 34.48"
"13,28 : 26.93"
"13,29 : 10.05"
"13,30 : 36.77"
"13,31 : 19.72"
"13,32 : 15.26"
"13,33 : 15.65"
"13,34 : 38.47"
"13,35 : 18.03"
"13,36 : 19.24"
"13,37 : 24.02"
"13,38 : 27.51"
"13,39 : 2.0"
"13,40 : 9.22"
"13,41 : 16.12"
"13,42 : 20.02"
"13,43 : 38.9"
"13,44 : 19.24"
"13,45 : 31.02"
"13,46 : 25.71"
"13,47 : 23.85"
"13,48 : 14.32"
"13,49 : 22.67"
"13,50 : 20.62"
"13,51 : 15.03"
"13,52 : 38.9"
"13,53 : 8.49"
"13,54 : 11.4"
"13,55 : 6.4"
"13,56 : 13.89"
"13,57 : 14.87"
"13,58 : 37.11"
"13,59 : 3.61"
"13,60 : 39.82"
"13,61 : 23.09"
"13,62 : 17.72"
"13,63 : 0.0"
"13,64 : 27.8"
"13,65 : 7.81"
"13,66 : 7.07"
"13,67 : 16.76"
"13,68 : 27.17"
"13,69 : 29.61"
"13,70 : 33.3"
"13,71 : 2.24"
"13,72 : 37.12"
"13,73 : 31.58"
"13,74 : 24.19"
"13,75 : 15.52"
"13,76 : 14.87"
"13,77 : 14.42"
"13,78 : 18.44"
"13,79 : 11.18"
"13,80 : 16.64"
"13,81 : 10.44"
"13,82 : 26.0"
"13,83 : 16.16"
"13,84 : 18.38"
"13,85 : 20.81"
"13,86 : 23.09"
"13,87 : 5.1"
"13,88 : 25.5"
"13,89 : 39.36"
"13,90 : 20.4"
"13,91 : 39.36"
"13,92 : 11.0"
"13,93 : 35.01"
"13,94 : 35.0"
"13,95 : 18.87"
"13,96 : 20.0"
"13,97 : 19.24"
"13,98 : 31.4"
"13,99 : 28.86"
"14,0 : 45.28"
"14,1 : 36.0"
"14,2 : 32.76"
"14,3 : 24.08"
"14,4 : 38.12"
"14,5 : 27.02"
"14,6 : 20.0"
"14,7 : 48.41"
"14,8 : 38.95"
"14,9 : 47.71"
"14,10 : 42.19"
"14,11 : 30.08"
"14,12 : 43.68"
"14,13 : 35.78"
"14,14 : 0.0"
"14,15 : 42.01"
"14,16 : 49.58"
"14,17 : 42.72"
"14,18 : 40.02"
"14,19 : 38.64"
"14,20 : 44.72"
"14,21 : 23.02"
"14,22 : 31.91"
"14,23 : 51.62"
"14,24 : 23.85"
"14,25 : 22.8"
"14,26 : 44.92"
"14,27 : 2.24"
"14,28 : 58.69"
"14,29 : 45.31"
"14,30 : 30.07"
"14,31 : 16.16"
"14,32 : 51.0"
"14,33 : 20.12"
"14,34 : 2.83"
"14,35 : 18.03"
"14,36 : 23.02"
"14,37 : 51.86"
"14,38 : 47.89"
"14,39 : 34.93"
"14,40 : 40.26"
"14,41 : 43.86"
"14,42 : 33.24"
"14,43 : 28.44"
"14,44 : 29.15"
"14,45 : 17.03"
"14,46 : 55.9"
"14,47 : 57.63"
"14,48 : 38.95"
"14,49 : 15.03"
"14,50 : 55.22"
"14,51 : 22.67"
"14,52 : 44.28"
"14,53 : 39.29"
"14,54 : 35.36"
"14,55 : 42.06"
"14,56 : 49.65"
"14,57 : 27.07"
"14,58 : 25.32"
"14,59 : 39.36"
"14,60 : 41.01"
"14,61 : 39.46"
"14,62 : 42.64"
"14,63 : 35.78"
"14,64 : 10.05"
"14,65 : 38.33"
"14,66 : 42.54"
"14,67 : 41.87"
"14,68 : 19.65"
"14,69 : 22.2"
"14,70 : 42.2"
"14,71 : 38.01"
"14,72 : 33.02"
"14,73 : 10.05"
"14,74 : 30.08"
"14,75 : 41.77"
"14,76 : 40.36"
"14,77 : 31.24"
"14,78 : 44.05"
"14,79 : 37.48"
"14,80 : 23.09"
"14,81 : 35.51"
"14,82 : 45.65"
"14,83 : 49.04"
"14,84 : 53.54"
"14,85 : 55.0"
"14,86 : 25.71"
"14,87 : 40.72"
"14,88 : 44.29"
"14,89 : 3.61"
"14,90 : 23.32"
"14,91 : 34.13"
"14,92 : 26.4"
"14,93 : 17.26"
"14,94 : 37.22"
"14,95 : 17.09"
"14,96 : 32.25"
"14,97 : 18.38"
"14,98 : 35.69"
"14,99 : 23.35"
"15,0 : 31.32"
"15,1 : 54.67"
"15,2 : 11.66"
"15,3 : 49.65"
"15,4 : 58.26"
"15,5 : 15.0"
"15,6 : 33.54"
"15,7 : 38.9"
"15,8 : 19.7"
"15,9 : 42.15"
"15,10 : 5.0"
"15,11 : 44.05"
"15,12 : 50.8"
"15,13 : 40.46"
"15,14 : 42.01"
"15,15 : 0.0"
"15,16 : 32.39"
"15,17 : 39.82"
"15,18 : 50.33"
"15,19 : 7.21"
"15,20 : 54.82"
"15,21 : 19.0"
"15,22 : 21.93"
"15,23 : 45.54"
"15,24 : 34.67"
"15,25 : 41.68"
"15,26 : 12.04"
"15,27 : 43.01"
"15,28 : 41.01"
"15,29 : 48.02"
"15,30 : 12.37"
"15,31 : 38.63"
"15,32 : 47.54"
"15,33 : 37.12"
"15,34 : 44.1"
"15,35 : 34.93"
"15,36 : 48.3"
"15,37 : 32.06"
"15,38 : 22.0"
"15,39 : 41.77"
"15,40 : 49.68"
"15,41 : 30.68"
"15,42 : 56.04"
"15,43 : 15.23"
"15,44 : 22.02"
"15,45 : 25.0"
"15,46 : 37.01"
"15,47 : 44.41"
"15,48 : 28.18"
"15,49 : 43.32"
"15,50 : 45.12"
"15,51 : 31.38"
"15,52 : 4.47"
"15,53 : 48.92"
"15,54 : 29.41"
"15,55 : 42.19"
"15,56 : 47.01"
"15,57 : 47.71"
"15,58 : 17.72"
"15,59 : 41.62"
"15,60 : 1.0"
"15,61 : 61.22"
"15,62 : 27.51"
"15,63 : 40.46"
"15,64 : 43.93"
"15,65 : 48.17"
"15,66 : 41.68"
"15,67 : 27.86"
"15,68 : 23.35"
"15,69 : 20.1"
"15,70 : 9.06"
"15,71 : 41.4"
"15,72 : 9.22"
"15,73 : 32.0"
"15,74 : 17.2"
"15,75 : 29.15"
"15,76 : 28.64"
"15,77 : 26.17"
"15,78 : 58.73"
"15,79 : 50.91"
"15,80 : 45.65"
"15,81 : 49.52"
"15,82 : 21.1"
"15,83 : 38.6"
"15,84 : 45.88"
"15,85 : 43.93"
"15,86 : 53.67"
"15,87 : 43.83"
"15,88 : 20.22"
"15,89 : 44.18"
"15,90 : 24.6"
"15,91 : 8.94"
"15,92 : 32.8"
"15,93 : 25.32"
"15,94 : 5.83"
"15,95 : 39.0"
"15,96 : 55.47"
"15,97 : 31.38"
"15,98 : 9.22"
"15,99 : 19.24"
"16,0 : 4.47"
"16,1 : 37.12"
"16,2 : 26.48"
"16,3 : 40.02"
"16,4 : 40.31"
"16,5 : 33.53"
"16,6 : 30.23"
"16,7 : 8.6"
"16,8 : 14.32"
"16,9 : 13.04"
"16,10 : 37.34"
"16,11 : 29.27"
"16,12 : 26.57"
"16,13 : 21.02"
"16,14 : 49.58"
"16,15 : 32.39"
"16,16 : 0.0"
"16,17 : 14.32"
"16,18 : 28.64"
"16,19 : 26.02"
"16,20 : 31.02"
"16,21 : 34.93"
"16,22 : 18.87"
"16,23 : 14.87"
"16,24 : 27.29"
"16,25 : 32.89"
"16,26 : 20.88"
"16,27 : 49.04"
"16,28 : 9.85"
"16,29 : 21.93"
"16,30 : 35.69"
"16,31 : 35.85"
"16,32 : 17.69"
"16,33 : 31.76"
"16,34 : 52.4"
"16,35 : 32.45"
"16,36 : 39.29"
"16,37 : 3.0"
"16,38 : 11.18"
"16,39 : 23.02"
"16,40 : 27.66"
"16,41 : 5.83"
"16,42 : 41.0"
"16,43 : 39.05"
"16,44 : 21.63"
"16,45 : 37.74"
"16,46 : 6.4"
"16,47 : 12.04"
"16,48 : 10.63"
"16,49 : 40.25"
"16,50 : 13.0"
"16,51 : 27.2"
"16,52 : 28.86"
"16,53 : 27.46"
"16,54 : 14.42"
"16,55 : 17.46"
"16,56 : 17.8"
"16,57 : 35.51"
"16,58 : 38.9"
"16,59 : 19.1"
"16,60 : 32.25"
"16,61 : 43.42"
"16,62 : 7.21"
"16,63 : 21.02"
"16,64 : 44.42"
"16,65 : 27.29"
"16,66 : 16.49"
"16,67 : 7.81"
"16,68 : 33.29"
"16,69 : 33.54"
"16,70 : 23.35"
"16,71 : 20.02"
"16,72 : 34.23"
"16,73 : 41.87"
"16,74 : 23.77"
"16,75 : 7.81"
"16,76 : 9.22"
"16,77 : 18.38"
"16,78 : 36.69"
"16,79 : 31.26"
"16,80 : 36.4"
"16,81 : 31.06"
"16,82 : 11.4"
"16,83 : 7.81"
"16,84 : 14.42"
"16,85 : 11.7"
"16,86 : 43.74"
"16,87 : 20.4"
"16,88 : 12.17"
"16,89 : 53.08"
"16,90 : 27.02"
"16,91 : 36.12"
"16,92 : 24.19"
"16,93 : 41.18"
"16,94 : 29.0"
"16,95 : 35.36"
"16,96 : 41.01"
"16,97 : 31.24"
"16,98 : 26.08"
"16,99 : 32.2"
"17,0 : 11.18"
"17,1 : 23.0"
"17,2 : 30.36"
"17,3 : 27.73"
"17,4 : 26.08"
"17,5 : 35.23"
"17,6 : 22.83"
"17,7 : 7.28"
"17,8 : 20.25"
"17,9 : 5.0"
"17,10 : 44.28"
"17,11 : 16.55"
"17,12 : 12.53"
"17,13 : 8.06"
"17,14 : 42.72"
"17,15 : 39.82"
"17,16 : 14.32"
"17,17 : 0.0"
"17,18 : 14.32"
"17,19 : 32.65"
"17,20 : 17.0"
"17,21 : 35.0"
"17,22 : 19.42"
"17,23 : 8.94"
"17,24 : 18.87"
"17,25 : 22.02"
"17,26 : 30.48"
"17,27 : 41.62"
"17,28 : 18.97"
"17,29 : 8.49"
"17,30 : 38.64"
"17,31 : 27.02"
"17,32 : 9.06"
"17,33 : 22.8"
"17,34 : 45.49"
"17,35 : 24.7"
"17,36 : 27.29"
"17,37 : 17.26"
"17,38 : 23.02"
"17,39 : 9.85"
"17,40 : 13.34"
"17,41 : 10.82"
"17,42 : 27.17"
"17,43 : 41.3"
"17,44 : 21.1"
"17,45 : 35.51"
"17,46 : 18.11"
"17,47 : 15.81"
"17,48 : 11.66"
"17,49 : 30.41"
"17,50 : 12.73"
"17,51 : 20.62"
"17,52 : 37.44"
"17,53 : 13.15"
"17,54 : 11.18"
"17,55 : 3.16"
"17,56 : 8.0"
"17,57 : 22.85"
"17,58 : 40.05"
"17,59 : 5.1"
"17,60 : 39.36"
"17,61 : 29.15"
"17,62 : 13.45"
"17,63 : 8.06"
"17,64 : 35.38"
"17,65 : 13.04"
"17,66 : 2.24"
"17,67 : 12.73"
"17,68 : 31.26"
"17,69 : 33.02"
"17,70 : 31.62"
"17,71 : 6.32"
"17,72 : 38.33"
"17,73 : 37.34"
"17,74 : 25.5"
"17,75 : 11.31"
"17,76 : 11.4"
"17,77 : 16.03"
"17,78 : 22.47"
"17,79 : 17.03"
"17,80 : 24.7"
"17,81 : 17.03"
"17,82 : 22.02"
"17,83 : 8.25"
"17,84 : 10.82"
"17,85 : 12.81"
"17,86 : 31.02"
"17,87 : 6.08"
"17,88 : 21.93"
"17,89 : 46.32"
"17,90 : 24.19"
"17,91 : 40.52"
"17,92 : 16.55"
"17,93 : 39.46"
"17,94 : 34.93"
"17,95 : 26.25"
"17,96 : 27.29"
"17,97 : 25.08"
"17,98 : 31.38"
"17,99 : 32.0"
"18,0 : 25.3"
"18,1 : 9.49"
"18,2 : 39.41"
"18,3 : 18.6"
"18,4 : 12.04"
"18,5 : 42.05"
"18,6 : 23.19"
"18,7 : 21.02"
"18,8 : 32.02"
"18,9 : 17.03"
"18,10 : 54.2"
"18,11 : 10.05"
"18,12 : 4.24"
"18,13 : 9.9"
"18,14 : 40.02"
"18,15 : 50.33"
"18,16 : 28.64"
"18,17 : 14.32"
"18,18 : 0.0"
"18,19 : 43.19"
"18,20 : 5.1"
"18,21 : 40.5"
"18,22 : 28.43"
"18,23 : 18.68"
"18,24 : 19.42"
"18,25 : 17.26"
"18,26 : 42.8"
"18,27 : 38.33"
"18,28 : 32.14"
"18,29 : 8.54"
"18,30 : 46.07"
"18,31 : 24.19"
"18,32 : 16.16"
"18,33 : 21.0"
"18,34 : 42.45"
"18,35 : 24.02"
"18,36 : 18.87"
"18,37 : 31.58"
"18,38 : 36.67"
"18,39 : 8.6"
"18,40 : 1.0"
"18,41 : 24.7"
"18,42 : 14.32"
"18,43 : 47.93"
"18,44 : 28.84"
"18,45 : 38.83"
"18,46 : 32.02"
"18,47 : 27.66"
"18,48 : 23.85"
"18,49 : 25.3"
"18,50 : 23.77"
"18,51 : 22.8"
"18,52 : 48.8"
"18,53 : 1.41"
"18,54 : 21.26"
"18,55 : 11.18"
"18,56 : 14.87"
"18,57 : 13.89"
"18,58 : 45.88"
"18,59 : 9.85"
"18,60 : 49.68"
"18,61 : 15.0"
"18,62 : 26.83"
"18,63 : 9.9"
"18,64 : 30.68"
"18,65 : 2.24"
"18,66 : 12.17"
"18,67 : 25.94"
"18,68 : 35.44"
"18,69 : 38.28"
"18,70 : 43.19"
"18,71 : 9.43"
"18,72 : 46.65"
"18,73 : 38.01"
"18,74 : 33.84"
"18,75 : 24.6"
"18,76 : 24.19"
"18,77 : 24.21"
"18,78 : 8.6"
"18,79 : 3.61"
"18,80 : 17.46"
"18,81 : 5.0"
"18,82 : 35.36"
"18,83 : 22.02"
"18,84 : 20.88"
"18,85 : 24.52"
"18,86 : 20.52"
"18,87 : 8.25"
"18,88 : 34.99"
"18,89 : 43.42"
"18,90 : 29.15"
"18,91 : 48.88"
"18,92 : 19.31"
"18,93 : 42.76"
"18,94 : 44.82"
"18,95 : 23.19"
"18,96 : 14.76"
"18,97 : 26.31"
"18,98 : 41.23"
"18,99 : 37.7"
"19,0 : 24.52"
"19,1 : 47.8"
"19,2 : 6.0"
"19,3 : 43.46"
"19,4 : 51.4"
"19,5 : 12.53"
"19,6 : 27.51"
"19,7 : 32.02"
"19,8 : 12.65"
"19,9 : 35.11"
"19,10 : 11.7"
"19,11 : 37.2"
"19,12 : 43.6"
"19,13 : 33.3"
"19,14 : 38.64"
"19,15 : 7.21"
"19,16 : 26.02"
"19,17 : 32.65"
"19,18 : 43.19"
"19,19 : 0.0"
"19,20 : 47.63"
"19,21 : 16.16"
"19,22 : 14.87"
"19,23 : 38.6"
"19,24 : 28.18"
"19,25 : 35.34"
"19,26 : 7.81"
"19,27 : 39.32"
"19,28 : 35.13"
"19,29 : 40.82"
"19,30 : 12.04"
"19,31 : 32.98"
"19,32 : 40.5"
"19,33 : 31.02"
"19,34 : 41.0"
"19,35 : 29.12"
"19,36 : 42.15"
"19,37 : 26.08"
"19,38 : 16.49"
"19,39 : 34.66"
"19,40 : 42.52"
"19,41 : 23.77"
"19,42 : 49.4"
"19,43 : 15.62"
"19,44 : 15.26"
"19,45 : 21.84"
"19,46 : 31.14"
"19,47 : 38.05"
"19,48 : 21.02"
"19,49 : 37.85"
"19,50 : 38.47"
"19,51 : 25.08"
"19,52 : 6.32"
"19,53 : 41.77"
"19,54 : 22.2"
"19,55 : 34.99"
"19,56 : 39.92"
"19,57 : 41.18"
"19,58 : 17.03"
"19,59 : 34.41"
"19,60 : 6.71"
"19,61 : 54.41"
"19,62 : 20.62"
"19,63 : 33.3"
"19,64 : 39.12"
"19,65 : 41.04"
"19,66 : 34.48"
"19,67 : 20.88"
"19,68 : 19.1"
"19,69 : 16.49"
"19,70 : 4.24"
"19,71 : 34.21"
"19,72 : 9.43"
"19,73 : 28.64"
"19,74 : 10.77"
"19,75 : 22.14"
"19,76 : 21.54"
"19,77 : 19.1"
"19,78 : 51.62"
"19,79 : 43.86"
"19,80 : 39.4"
"19,81 : 42.52"
"19,82 : 15.13"
"19,83 : 31.78"
"19,84 : 39.05"
"19,85 : 37.34"
"19,86 : 47.54"
"19,87 : 36.62"
"19,88 : 14.04"
"19,89 : 41.23"
"19,90 : 18.68"
"19,91 : 10.77"
"19,92 : 26.08"
"19,93 : 23.26"
"19,94 : 3.16"
"19,95 : 33.24"
"19,96 : 48.88"
"19,97 : 25.71"
"19,98 : 3.0"
"19,99 : 15.3"
"20,0 : 28.18"
"20,1 : 11.31"
"20,2 : 44.1"
"20,3 : 22.36"
"20,4 : 12.53"
"20,5 : 47.01"
"20,6 : 28.28"
"20,7 : 22.8"
"20,8 : 36.07"
"20,9 : 18.44"
"20,10 : 58.82"
"20,11 : 15.0"
"20,12 : 4.47"
"20,13 : 14.42"
"20,14 : 44.72"
"20,15 : 54.82"
"20,16 : 31.02"
"20,17 : 17.0"
"20,18 : 5.1"
"20,19 : 47.63"
"20,20 : 0.0"
"20,21 : 45.54"
"20,22 : 33.02"
"20,23 : 19.0"
"20,24 : 24.52"
"20,25 : 22.09"
"20,26 : 46.75"
"20,27 : 42.95"
"20,28 : 33.06"
"20,29 : 9.22"
"20,30 : 50.99"
"20,31 : 29.07"
"20,32 : 16.03"
"20,33 : 26.02"
"20,34 : 47.07"
"20,35 : 29.07"
"20,36 : 22.85"
"20,37 : 33.84"
"20,38 : 39.96"
"20,39 : 13.42"
"20,40 : 5.39"
"20,41 : 27.78"
"20,42 : 16.28"
"20,43 : 52.92"
"20,44 : 33.62"
"20,45 : 43.93"
"20,46 : 33.54"
"20,47 : 28.02"
"20,48 : 27.66"
"20,49 : 29.83"
"20,50 : 24.02"
"20,51 : 27.89"
"20,52 : 53.08"
"20,53 : 6.32"
"20,54 : 25.5"
"20,55 : 13.89"
"20,56 : 15.0"
"20,57 : 18.03"
"20,58 : 50.92"
"20,59 : 13.45"
"20,60 : 54.2"
"20,61 : 14.87"
"20,62 : 30.23"
"20,63 : 14.42"
"20,64 : 35.17"
"20,65 : 7.28"
"20,66 : 14.76"
"20,67 : 29.41"
"20,68 : 40.52"
"20,69 : 43.32"
"20,70 : 47.38"
"20,71 : 13.45"
"20,72 : 51.48"
"20,73 : 43.05"
"20,74 : 38.59"
"20,75 : 28.02"
"20,76 : 27.8"
"20,77 : 28.84"
"20,78 : 6.0"
"20,79 : 7.28"
"20,80 : 21.84"
"20,81 : 9.22"
"20,82 : 38.83"
"20,83 : 23.77"
"20,84 : 21.02"
"20,85 : 25.0"
"20,86 : 23.6"
"20,87 : 11.4"
"20,88 : 38.6"
"20,89 : 48.05"
"20,90 : 34.18"
"20,91 : 53.71"
"20,92 : 24.35"
"20,93 : 47.85"
"20,94 : 49.41"
"20,95 : 28.07"
"20,96 : 16.97"
"20,97 : 31.4"
"20,98 : 45.8"
"20,99 : 42.72"
"21,0 : 31.62"
"21,1 : 41.88"
"21,2 : 10.82"
"21,3 : 33.97"
"21,4 : 45.22"
"21,5 : 4.0"
"21,6 : 18.6"
"21,7 : 37.66"
"21,8 : 21.1"
"21,9 : 39.12"
"21,10 : 19.65"
"21,11 : 31.76"
"21,12 : 42.45"
"21,13 : 31.78"
"21,14 : 23.02"
"21,15 : 19.0"
"21,16 : 34.93"
"21,17 : 35.0"
"21,18 : 40.5"
"21,19 : 16.16"
"21,20 : 45.54"
"21,21 : 0.0"
"21,22 : 16.49"
"21,23 : 43.19"
"21,24 : 21.47"
"21,25 : 27.02"
"21,26 : 23.32"
"21,27 : 24.02"
"21,28 : 44.78"
"21,29 : 41.44"
"21,30 : 7.62"
"21,31 : 22.02"
"21,32 : 44.01"
"21,33 : 22.02"
"21,34 : 25.18"
"21,35 : 19.1"
"21,36 : 32.56"
"21,37 : 36.24"
"21,38 : 29.07"
"21,39 : 32.28"
"21,40 : 40.16"
"21,41 : 30.36"
"21,42 : 41.87"
"21,43 : 7.81"
"21,44 : 14.14"
"21,45 : 6.0"
"21,46 : 41.15"
"21,47 : 45.88"
"21,48 : 25.71"
"21,49 : 26.08"
"21,50 : 44.91"
"21,51 : 17.89"
"21,52 : 21.38"
"21,53 : 39.22"
"21,54 : 24.08"
"21,55 : 36.12"
"21,56 : 43.0"
"21,57 : 33.42"
"21,58 : 5.39"
"21,59 : 34.37"
"21,60 : 18.0"
"21,61 : 47.8"
"21,62 : 27.86"
"21,63 : 31.78"
"21,64 : 25.63"
"21,65 : 38.28"
"21,66 : 36.06"
"21,67 : 27.51"
"21,68 : 5.66"
"21,69 : 2.24"
"21,70 : 20.12"
"21,71 : 33.54"
"21,72 : 10.2"
"21,73 : 13.0"
"21,74 : 11.18"
"21,75 : 28.16"
"21,76 : 26.93"
"21,77 : 19.03"
"21,78 : 47.85"
"21,79 : 39.81"
"21,80 : 30.41"
"21,81 : 38.01"
"21,82 : 27.02"
"21,83 : 37.85"
"21,84 : 44.41"
"21,85 : 44.15"
"21,86 : 37.64"
"21,87 : 36.5"
"21,88 : 25.61"
"21,89 : 25.32"
"21,90 : 11.4"
"21,91 : 11.7"
"21,92 : 21.19"
"21,93 : 7.21"
"21,94 : 14.32"
"21,95 : 22.67"
"21,96 : 41.11"
"21,97 : 15.62"
"21,98 : 13.42"
"21,99 : 3.0"
"22,0 : 15.23"
"22,1 : 33.02"
"22,2 : 11.18"
"22,3 : 29.83"
"22,4 : 36.62"
"22,5 : 16.0"
"22,6 : 15.03"
"22,7 : 21.21"
"22,8 : 7.28"
"22,9 : 23.02"
"22,10 : 25.81"
"22,11 : 22.47"
"22,12 : 29.15"
"22,13 : 18.6"
"22,14 : 31.91"
"22,15 : 21.93"
"22,16 : 18.87"
"22,17 : 19.42"
"22,18 : 28.43"
"22,19 : 14.87"
"22,20 : 33.02"
"22,21 : 16.49"
"22,22 : 0.0"
"22,23 : 27.0"
"22,24 : 14.32"
"22,25 : 21.59"
"22,26 : 16.49"
"22,27 : 31.76"
"22,28 : 28.65"
"22,29 : 26.93"
"22,30 : 19.24"
"22,31 : 21.1"
"22,32 : 28.16"
"22,33 : 18.03"
"22,34 : 34.67"
"22,35 : 17.12"
"22,36 : 28.64"
"22,37 : 20.62"
"22,38 : 16.16"
"22,39 : 19.85"
"22,40 : 27.8"
"22,41 : 13.93"
"22,42 : 34.89"
"22,43 : 22.02"
"22,44 : 2.83"
"22,45 : 18.87"
"22,46 : 25.24"
"22,47 : 29.41"
"22,48 : 9.22"
"22,49 : 26.08"
"22,50 : 28.44"
"22,51 : 12.0"
"22,52 : 20.81"
"22,53 : 27.02"
"22,54 : 8.25"
"22,55 : 21.19"
"22,56 : 27.29"
"22,57 : 26.93"
"22,58 : 21.1"
"22,59 : 20.12"
"22,60 : 21.26"
"22,61 : 39.66"
"22,62 : 11.66"
"22,63 : 18.6"
"22,64 : 28.86"
"22,65 : 26.25"
"22,66 : 20.88"
"22,67 : 11.18"
"22,68 : 14.42"
"22,69 : 14.87"
"22,70 : 15.65"
"22,71 : 19.72"
"22,72 : 18.97"
"22,73 : 23.35"
"22,74 : 6.08"
"22,75 : 11.7"
"22,76 : 10.44"
"22,77 : 4.24"
"22,78 : 36.8"
"22,79 : 29.0"
"22,80 : 25.71"
"22,81 : 27.66"
"22,82 : 13.93"
"22,83 : 21.38"
"22,84 : 28.07"
"22,85 : 27.66"
"22,86 : 33.96"
"22,87 : 22.36"
"22,88 : 12.65"
"22,89 : 35.23"
"22,90 : 8.6"
"22,91 : 21.19"
"22,92 : 11.7"
"22,93 : 22.36"
"22,94 : 16.4"
"22,95 : 21.02"
"22,96 : 34.44"
"22,97 : 14.56"
"22,98 : 12.81"
"22,99 : 13.6"
"23,0 : 14.32"
"23,1 : 28.16"
"23,2 : 37.34"
"23,3 : 35.23"
"23,4 : 30.59"
"23,5 : 43.0"
"23,6 : 31.76"
"23,7 : 6.71"
"23,8 : 25.96"
"23,9 : 4.12"
"23,10 : 50.29"
"23,11 : 24.21"
"23,12 : 15.13"
"23,13 : 16.28"
"23,14 : 51.62"
"23,15 : 45.54"
"23,16 : 14.87"
"23,17 : 8.94"
"23,18 : 18.68"
"23,19 : 38.6"
"23,20 : 19.0"
"23,21 : 43.19"
"23,22 : 27.0"
"23,23 : 0.0"
"23,24 : 27.78"
"23,25 : 30.41"
"23,26 : 34.89"
"23,27 : 50.48"
"23,28 : 14.14"
"23,29 : 10.2"
"23,30 : 46.1"
"23,31 : 35.81"
"23,32 : 3.16"
"23,33 : 31.62"
"23,34 : 54.38"
"23,35 : 33.62"
"23,36 : 35.0"
"23,37 : 17.03"
"23,38 : 25.81"
"23,39 : 17.69"
"23,40 : 17.72"
"23,41 : 14.87"
"23,42 : 32.89"
"23,43 : 49.01"
"23,44 : 29.07"
"23,45 : 44.15"
"23,46 : 15.23"
"23,47 : 9.06"
"23,48 : 18.11"
"23,49 : 38.95"
"23,50 : 5.1"
"23,51 : 29.55"
"23,52 : 42.54"
"23,53 : 18.03"
"23,54 : 19.1"
"23,55 : 9.9"
"23,56 : 4.0"
"23,57 : 30.23"
"23,58 : 48.04"
"23,59 : 12.73"
"23,60 : 45.22"
"23,61 : 33.38"
"23,62 : 18.03"
"23,63 : 16.28"
"23,64 : 44.05"
"23,65 : 18.38"
"23,66 : 9.22"
"23,67 : 17.72"
"23,68 : 39.81"
"23,69 : 41.3"
"23,70 : 36.77"
"23,71 : 14.14"
"23,72 : 45.4"
"23,73 : 46.24"
"23,74 : 33.02"
"23,75 : 16.49"
"23,76 : 17.26"
"23,77 : 24.19"
"23,78 : 25.0"
"23,79 : 22.14"
"23,80 : 32.65"
"23,81 : 22.85"
"23,82 : 25.55"
"23,83 : 7.21"
"23,84 : 2.24"
"23,85 : 6.0"
"23,86 : 38.08"
"23,87 : 12.21"
"23,88 : 25.94"
"23,89 : 55.23"
"23,90 : 32.76"
"23,91 : 47.52"
"23,92 : 25.5"
"23,93 : 48.05"
"23,94 : 41.23"
"23,95 : 35.0"
"23,96 : 33.24"
"23,97 : 34.01"
"23,98 : 37.85"
"23,99 : 40.2"
"24,0 : 22.83"
"24,1 : 20.62"
"24,2 : 23.02"
"24,3 : 15.52"
"24,4 : 24.08"
"24,5 : 23.6"
"24,6 : 4.12"
"24,7 : 24.76"
"24,8 : 21.02"
"24,9 : 23.85"
"24,10 : 37.64"
"24,11 : 10.3"
"24,12 : 22.02"
"24,13 : 12.37"
"24,14 : 23.85"
"24,15 : 34.67"
"24,16 : 27.29"
"24,17 : 18.87"
"24,18 : 19.42"
"24,19 : 28.18"
"24,20 : 24.52"
"24,21 : 21.47"
"24,22 : 14.32"
"24,23 : 27.78"
"24,24 : 0.0"
"24,25 : 7.28"
"24,26 : 30.81"
"24,27 : 22.8"
"24,28 : 35.61"
"24,29 : 22.36"
"24,30 : 27.8"
"24,31 : 8.6"
"24,32 : 27.31"
"24,33 : 4.47"
"24,34 : 26.63"
"24,35 : 5.83"
"24,36 : 14.32"
"24,37 : 29.97"
"24,38 : 29.15"
"24,39 : 12.04"
"24,40 : 19.24"
"24,41 : 21.47"
"24,42 : 21.4"
"24,43 : 29.15"
"24,44 : 13.0"
"24,45 : 19.42"
"24,46 : 33.29"
"24,47 : 33.97"
"24,48 : 17.09"
"24,49 : 13.0"
"24,50 : 31.4"
"24,51 : 3.61"
"24,52 : 34.44"
"24,53 : 18.25"
"24,54 : 13.0"
"24,55 : 18.38"
"24,56 : 26.0"
"24,57 : 13.04"
"24,58 : 26.83"
"24,59 : 15.81"
"24,60 : 33.84"
"24,61 : 26.87"
"24,62 : 21.19"
"24,63 : 12.37"
"24,64 : 17.2"
"24,65 : 17.26"
"24,66 : 18.79"
"24,67 : 20.25"
"24,68 : 16.16"
"24,69 : 19.24"
"24,70 : 29.73"
"24,71 : 14.56"
"24,72 : 29.0"
"24,73 : 19.24"
"24,74 : 17.49"
"24,75 : 19.7"
"24,76 : 18.38"
"24,77 : 11.0"
"24,78 : 26.4"
"24,79 : 18.38"
"24,80 : 11.4"
"24,81 : 16.55"
"24,82 : 27.07"
"24,83 : 25.46"
"24,84 : 29.68"
"24,85 : 31.24"
"24,86 : 19.65"
"24,87 : 17.46"
"24,88 : 26.02"
"24,89 : 27.46"
"24,90 : 10.63"
"24,91 : 31.14"
"24,92 : 3.16"
"24,93 : 23.35"
"24,94 : 28.84"
"24,95 : 8.06"
"24,96 : 20.81"
"24,97 : 7.0"
"24,98 : 25.55"
"24,99 : 18.87"
"25,0 : 28.46"
"25,1 : 15.23"
"25,2 : 30.02"
"25,3 : 8.25"
"25,4 : 18.36"
"25,5 : 29.7"
"25,6 : 8.49"
"25,7 : 28.84"
"25,8 : 28.16"
"25,9 : 26.91"
"25,10 : 44.41"
"25,11 : 7.28"
"25,12 : 20.88"
"25,13 : 14.14"
"25,14 : 22.8"
"25,15 : 41.68"
"25,16 : 32.89"
"25,17 : 22.02"
"25,18 : 17.26"
"25,19 : 35.34"
"25,20 : 22.09"
"25,21 : 27.02"
"25,22 : 21.59"
"25,23 : 30.41"
"25,24 : 7.28"
"25,25 : 0.0"
"25,26 : 38.08"
"25,27 : 21.19"
"25,28 : 40.31"
"25,29 : 22.83"
"25,30 : 33.94"
"25,31 : 7.0"
"25,32 : 29.21"
"25,33 : 5.0"
"25,34 : 25.3"
"25,35 : 8.06"
"25,36 : 7.07"
"25,37 : 35.74"
"25,38 : 36.01"
"25,39 : 12.81"
"25,40 : 17.46"
"25,41 : 27.2"
"25,42 : 14.87"
"25,43 : 34.83"
"25,44 : 20.25"
"25,45 : 23.71"
"25,46 : 38.48"
"25,47 : 37.8"
"25,48 : 23.35"
"25,49 : 8.6"
"25,50 : 34.71"
"25,51 : 10.3"
"25,52 : 41.63"
"25,53 : 16.49"
"25,54 : 19.24"
"25,55 : 20.52"
"25,56 : 27.8"
"25,57 : 6.4"
"25,58 : 32.2"
"25,59 : 17.69"
"25,60 : 40.82"
"25,61 : 20.81"
"25,62 : 27.46"
"25,63 : 14.14"
"25,64 : 13.89"
"25,65 : 15.52"
"25,66 : 21.21"
"25,67 : 26.48"
"25,68 : 21.4"
"25,69 : 24.84"
"25,70 : 37.0"
"25,71 : 16.28"
"25,72 : 35.47"
"25,73 : 21.38"
"25,74 : 24.6"
"25,75 : 25.71"
"25,76 : 24.52"
"25,77 : 18.11"
"25,78 : 22.36"
"25,79 : 15.0"
"25,80 : 4.12"
"25,81 : 13.0"
"25,82 : 34.0"
"25,83 : 29.68"
"25,84 : 32.53"
"25,85 : 34.83"
"25,86 : 12.37"
"25,87 : 18.6"
