x,y
42,21
23,2
48,3
47,50
29,47
5,47
4,5
45,23
24,13
26,47
36,1
4,17
38,26
12,49
4,28
47,1
2,24
6,38
27,31
48,7
32,0
22,16
32,13
31,30
4,28
22,24
47,12
36,46
26,20
48,27
9,33
8,4
8,17
33,37
22,3
50,26
34,30
48,45
39,24
44,16
9,10
11,7
24,15
1,45
18,38
5,32
46,31
27,23
1,27
18,19
43,47
35,45
23,33
49,10
47,28
32,29
5,40
1,35
25,7
40,25
2,4
0,3
49,0
46,35
6,3
42,18
35,36
49,25
11,12
33,14
9,3
41,37
24,38
41,33
29,20
46,7
44,11
44,10
20,30
10,49
18,23
3,42
31,30
9,20
27,23
14,40
42,42
12,16
15,17
31,31
40,6
48,20
17,34
7,25
32,13
24,33
19,36
13,39
44,50
40,28

Distanze
"0,0 : 0.0"
"0,1 : 26.87"
"0,2 : 18.97"
"0,3 : 29.43"
"0,4 : 29.07"
"0,5 : 45.22"
"0,6 : 41.23"
"0,7 : 3.61"
"0,8 : 19.7"
"0,9 : 30.53"
"0,10 : 20.88"
"0,11 : 38.21"
"0,12 : 6.4"
"0,13 : 41.04"
"0,14 : 38.64"
"0,15 : 20.62"
"0,16 : 40.11"
"0,17 : 39.81"
"0,18 : 18.03"
"0,19 : 15.23"
"0,20 : 23.26"
"0,21 : 20.62"
"0,22 : 12.81"
"0,23 : 14.21"
"0,24 : 38.64"
"0,25 : 20.22"
"0,26 : 10.3"
"0,27 : 25.71"
"0,28 : 16.03"
"0,29 : 8.49"
"0,30 : 35.11"
"0,31 : 38.01"
"0,32 : 34.23"
"0,33 : 18.36"
"0,34 : 26.91"
"0,35 : 9.43"
"0,36 : 12.04"
"0,37 : 24.74"
"0,38 : 4.24"
"0,39 : 5.39"
"0,40 : 34.79"
"0,41 : 34.01"
"0,42 : 18.97"
"0,43 : 47.51"
"0,44 : 29.41"
"0,45 : 38.6"
"0,46 : 10.77"
"0,47 : 15.13"
"0,48 : 41.44"
"0,49 : 24.08"
"0,50 : 26.02"
"0,51 : 25.0"
"0,52 : 22.47"
"0,53 : 13.04"
"0,54 : 8.6"
"0,55 : 12.81"
"0,56 : 41.59"
"0,57 : 43.32"
"0,58 : 22.02"
"0,59 : 4.47"
"0,60 : 43.46"
"0,61 : 45.69"
"0,62 : 22.14"
"0,63 : 14.56"
"0,64 : 40.25"
"0,65 : 3.0"
"0,66 : 16.55"
"0,67 : 8.06"
"0,68 : 32.28"
"0,69 : 11.4"
"0,70 : 37.59"
"0,71 : 16.03"
"0,72 : 24.76"
"0,73 : 12.04"
"0,74 : 13.04"
"0,75 : 14.56"
"0,76 : 10.2"
"0,77 : 11.18"
"0,78 : 23.77"
"0,79 : 42.52"
"0,80 : 24.08"
"0,81 : 44.29"
"0,82 : 14.21"
"0,83 : 33.02"
"0,84 : 15.13"
"0,85 : 33.84"
"0,86 : 21.0"
"0,87 : 30.41"
"0,88 : 27.29"
"0,89 : 14.87"
"0,90 : 15.13"
"0,91 : 6.08"
"0,92 : 28.18"
"0,93 : 35.23"
"0,94 : 12.81"
"0,95 : 21.63"
"0,96 : 27.46"
"0,97 : 34.13"
"0,98 : 29.07"
"0,99 : 7.28"
"1,0 : 26.87"
"1,1 : 0.0"
"1,2 : 25.02"
"1,3 : 53.67"
"1,4 : 45.4"
"1,5 : 48.47"
"1,6 : 19.24"
"1,7 : 30.41"
"1,8 : 11.05"
"1,9 : 45.1"
"1,10 : 13.04"
"1,11 : 24.21"
"1,12 : 28.3"
"1,13 : 48.27"
"1,14 : 32.2"
"1,15 : 24.02"
"1,16 : 30.41"
"1,17 : 39.81"
"1,18 : 29.27"
"1,19 : 25.5"
"1,20 : 9.22"
"1,21 : 14.04"
"1,22 : 14.21"
"1,23 : 29.12"
"1,24 : 32.2"
"1,25 : 22.02"
"1,26 : 26.0"
"1,27 : 45.88"
"1,28 : 18.25"
"1,29 : 35.36"
"1,30 : 34.01"
"1,31 : 15.13"
"1,32 : 21.21"
"1,33 : 36.4"
"1,34 : 1.41"
"1,35 : 36.12"
"1,36 : 30.08"
"1,37 : 49.74"
"1,38 : 27.2"
"1,39 : 25.24"
"1,40 : 16.12"
"1,41 : 13.0"
"1,42 : 13.04"
"1,43 : 48.3"
"1,44 : 36.35"
"1,45 : 34.99"
"1,46 : 37.01"
"1,47 : 21.38"
"1,48 : 33.3"
"1,49 : 17.72"
"1,50 : 49.24"
"1,51 : 44.64"
"1,52 : 31.0"
"1,53 : 27.2"
"1,54 : 35.38"
"1,55 : 28.46"
"1,56 : 42.05"
"1,57 : 39.66"
"1,58 : 5.39"
"1,59 : 28.6"
"1,60 : 21.1"
"1,61 : 23.02"
"1,62 : 26.08"
"1,63 : 40.22"
"1,64 : 17.03"
"1,65 : 24.84"
"1,66 : 36.06"
"1,67 : 34.71"
"1,68 : 15.62"
"1,69 : 15.62"
"1,70 : 14.04"
"1,71 : 39.36"
"1,72 : 36.01"
"1,73 : 35.85"
"1,74 : 18.97"
"1,75 : 23.54"
"1,76 : 22.85"
"1,77 : 22.47"
"1,78 : 28.16"
"1,79 : 48.76"
"1,80 : 21.59"
"1,81 : 44.72"
"1,82 : 29.12"
"1,83 : 22.8"
"1,84 : 21.38"
"1,85 : 39.05"
"1,86 : 44.28"
"1,87 : 17.8"
"1,88 : 17.0"
"1,89 : 30.08"
"1,90 : 17.46"
"1,91 : 30.81"
"1,92 : 32.56"
"1,93 : 28.02"
"1,94 : 14.21"
"1,95 : 31.02"
"1,96 : 34.23"
"1,97 : 38.33"
"1,98 : 52.39"
"1,99 : 31.06"
"2,0 : 18.97"
"2,1 : 25.02"
"2,2 : 0.0"
"2,3 : 47.01"
"2,4 : 47.93"
"2,5 : 61.52"
"2,6 : 44.05"
"2,7 : 20.22"
"2,8 : 26.0"
"2,9 : 49.19"
"2,10 : 12.17"
"2,11 : 46.17"
"2,12 : 25.08"
"2,13 : 58.41"
"2,14 : 50.61"
"2,15 : 2.24"
"2,16 : 50.57"
"2,17 : 54.67"
"2,18 : 35.0"
"2,19 : 4.0"
"2,20 : 16.28"
"2,21 : 29.07"
"2,22 : 18.87"
"2,23 : 31.91"
"2,24 : 50.61"
"2,25 : 33.42"
"2,26 : 9.06"
"2,27 : 44.64"
"2,28 : 27.8"
"2,29 : 24.0"
"2,30 : 49.2"
"2,31 : 40.01"
"2,32 : 42.38"
"2,33 : 37.16"
"2,34 : 26.0"
"2,35 : 23.09"
"2,36 : 30.41"
"2,37 : 42.0"
"2,38 : 22.85"
"2,39 : 13.6"
"2,40 : 39.62"
"2,41 : 37.22"
"2,42 : 26.83"
"2,43 : 63.03"
"2,44 : 46.1"
"2,45 : 51.87"
"2,46 : 28.07"
"2,47 : 29.0"
"2,48 : 52.77"
"2,49 : 34.0"
"2,50 : 44.28"
"2,51 : 43.97"
"2,52 : 39.05"
"2,53 : 7.07"
"2,54 : 25.02"
"2,55 : 30.53"
"2,56 : 56.73"
"2,57 : 56.86"
"2,58 : 23.35"
"2,59 : 23.41"
"2,60 : 46.01"
"2,61 : 48.0"
"2,62 : 3.16"
"2,63 : 32.06"
"2,64 : 42.0"
"2,65 : 16.16"
"2,66 : 35.47"
"2,67 : 22.02"
"2,68 : 38.08"
"2,69 : 18.6"
"2,70 : 39.0"
"2,71 : 34.71"
"2,72 : 42.44"
"2,73 : 30.81"
"2,74 : 25.5"
"2,75 : 4.47"
"2,76 : 8.94"
"2,77 : 8.06"
"2,78 : 38.9"
"2,79 : 59.67"
"2,80 : 36.06"
"2,81 : 59.55"
"2,82 : 31.91"
"2,83 : 42.54"
"2,84 : 29.0"
"2,85 : 50.25"
"2,86 : 39.46"
"2,87 : 38.28"
"2,88 : 35.85"
"2,89 : 32.76"
"2,90 : 8.54"
"2,91 : 17.0"
"2,92 : 43.84"
"2,93 : 46.53"
"2,94 : 18.87"
"2,95 : 38.42"
"2,96 : 43.93"
"2,97 : 50.21"
"2,98 : 47.17"
"2,99 : 26.25"
"3,0 : 29.43"
"3,1 : 53.67"
"3,2 : 47.01"
"3,3 : 0.0"
"3,4 : 18.25"
"3,5 : 42.11"
"3,6 : 62.24"
"3,7 : 27.07"
"3,8 : 43.57"
"3,9 : 21.21"
"3,10 : 50.22"
"3,11 : 54.2"
"3,12 : 25.63"
"3,13 : 35.01"
"3,14 : 48.3"
"3,15 : 49.0"
"3,16 : 51.97"
"3,17 : 42.72"
"3,18 : 27.59"
"3,19 : 43.01"
"3,20 : 52.2"
"3,21 : 42.2"
"3,22 : 39.92"
"3,23 : 25.61"
"3,24 : 48.3"
"3,25 : 36.07"
"3,26 : 38.0"
"3,27 : 11.7"
"3,28 : 36.62"
"3,29 : 23.02"
"3,30 : 41.63"
"3,31 : 60.31"
"3,32 : 51.09"
"3,33 : 19.1"
"3,34 : 53.24"
"3,35 : 24.19"
"3,36 : 23.85"
"3,37 : 5.1"
"3,38 : 27.2"
"3,39 : 34.13"
"3,40 : 55.17"
"3,41 : 56.08"
"3,42 : 41.88"
"3,43 : 46.27"
"3,44 : 31.38"
"3,45 : 45.69"
"3,46 : 19.03"
"3,47 : 33.6"
"3,48 : 51.43"
"3,49 : 42.45"
"3,50 : 5.0"
"3,51 : 13.0"
"3,52 : 29.41"
"3,53 : 40.05"
"3,54 : 22.0"
"3,55 : 25.81"
"3,56 : 43.17"
"3,57 : 48.38"
"3,58 : 48.3"
"3,59 : 25.96"
"3,60 : 64.35"
"3,61 : 66.47"
"3,62 : 50.04"
"3,63 : 15.03"
"3,64 : 62.37"
"3,65 : 32.39"
"3,66 : 18.44"
"3,67 : 25.08"
"3,68 : 52.35"
"3,69 : 38.63"
"3,70 : 60.44"
"3,71 : 14.32"
"3,72 : 25.94"
"3,73 : 18.03"
"3,74 : 34.99"
"3,75 : 43.01"
"3,76 : 39.12"
"3,77 : 40.11"
"3,78 : 33.6"
"3,79 : 37.01"
"3,80 : 39.62"
"3,81 : 44.72"
"3,82 : 25.61"
"3,83 : 48.41"
"3,84 : 33.6"
"3,85 : 34.48"
"3,86 : 9.43"
"3,87 : 48.8"
"3,88 : 45.97"
"3,89 : 24.84"
"3,90 : 44.55"
"3,91 : 30.02"
"3,92 : 34.0"
"3,93 : 47.17"
"3,94 : 39.92"
"3,95 : 28.6"
"3,96 : 31.3"
"3,97 : 35.74"
"3,98 : 3.0"
"3,99 : 23.09"
"4,0 : 29.07"
"4,1 : 45.4"
"4,2 : 47.93"
"4,3 : 18.25"
"4,4 : 0.0"
"4,5 : 24.0"
"4,6 : 48.88"
"4,7 : 28.84"
"4,8 : 34.37"
"4,9 : 3.0"
"4,10 : 46.53"
"4,11 : 39.05"
"4,12 : 22.85"
"4,13 : 17.12"
"4,14 : 31.4"
"4,15 : 49.4"
"4,16 : 35.47"
"4,17 : 24.7"
"4,18 : 16.12"
"4,19 : 44.28"
"4,20 : 47.1"
"4,21 : 31.78"
"4,22 : 34.13"
"4,23 : 17.12"
"4,24 : 31.4"
"4,25 : 24.04"
"4,26 : 39.36"
"4,27 : 7.07"
"4,28 : 27.17"
"4,29 : 27.59"
"4,30 : 24.41"
"4,31 : 47.85"
"4,32 : 36.62"
"4,33 : 10.77"
"4,34 : 44.55"
"4,35 : 29.7"
"4,36 : 17.72"
"4,37 : 19.1"
"4,38 : 25.08"
"4,39 : 34.44"
"4,40 : 42.06"
"4,41 : 43.86"
"4,42 : 32.39"
"4,43 : 28.07"
"4,44 : 14.21"
"4,45 : 28.3"
"4,46 : 23.35"
"4,47 : 24.08"
"4,48 : 34.41"
"4,49 : 30.08"
"4,50 : 14.0"
"4,51 : 6.32"
"4,52 : 15.23"
"4,53 : 42.06"
"4,54 : 26.17"
"4,55 : 18.25"
"4,56 : 25.0"
"4,57 : 30.46"
"4,58 : 40.2"
"4,59 : 24.6"
"4,60 : 50.77"
"4,61 : 52.7"
"4,62 : 51.08"
"4,63 : 20.81"
"4,64 : 49.65"
"4,65 : 31.78"
"4,66 : 12.53"
"4,67 : 29.73"
"4,68 : 39.36"
"4,69 : 33.24"
"4,70 : 48.33"
"4,71 : 15.62"
"4,72 : 10.3"
"4,73 : 18.44"
"4,74 : 27.0"
"4,75 : 43.46"
"4,76 : 39.0"
"4,77 : 39.92"
"4,78 : 19.24"
"4,79 : 19.1"
"4,80 : 26.4"
"4,81 : 26.48"
"4,82 : 17.12"
"4,83 : 33.6"
"4,84 : 24.08"
"4,85 : 16.55"
"4,86 : 13.93"
"4,87 : 35.36"
"4,88 : 33.11"
"4,89 : 16.12"
"4,90 : 42.45"
"4,91 : 33.02"
"4,92 : 17.69"
"4,93 : 31.11"
"4,94 : 34.13"
"4,95 : 14.87"
"4,96 : 14.87"
"4,97 : 17.89"
"4,98 : 15.3"
"4,99 : 21.95"
"5,0 : 45.22"
"5,1 : 48.47"
"5,2 : 61.52"
"5,3 : 42.11"
"5,4 : 24.0"
"5,5 : 0.0"
"5,6 : 42.01"
"5,7 : 46.65"
"5,8 : 38.95"
"5,9 : 21.0"
"5,10 : 55.47"
"5,11 : 30.02"
"5,12 : 39.12"
"5,13 : 7.28"
"5,14 : 19.03"
"5,15 : 62.29"
"5,16 : 23.19"
"5,17 : 9.06"
"5,18 : 27.2"
"5,19 : 58.73"
"5,20 : 54.2"
"5,21 : 35.36"
"5,22 : 43.42"
"5,23 : 31.06"
"5,24 : 19.03"
"5,25 : 28.6"
"5,26 : 54.67"
"5,27 : 31.02"
"5,28 : 34.21"
"5,29 : 47.42"
"5,30 : 14.56"
"5,31 : 43.1"
"5,32 : 30.15"
"5,33 : 29.73"
"5,34 : 47.17"
"5,35 : 49.66"
"5,36 : 33.62"
"5,37 : 43.05"
"5,38 : 41.05"
"5,39 : 49.82"
"5,40 : 37.22"
"5,41 : 40.45"
"5,42 : 37.22"
"5,43 : 4.47"
"5,44 : 15.81"
"5,45 : 15.0"
"5,46 : 44.01"
"5,47 : 32.56"
"5,48 : 20.4"
"5,49 : 30.87"
"5,50 : 38.0"
"5,51 : 30.07"
"5,52 : 22.8"
"5,53 : 57.49"
"5,54 : 46.1"
"5,55 : 32.45"
"5,56 : 7.0"
"5,57 : 12.65"
"5,58 : 44.72"
"5,59 : 41.34"
"5,60 : 43.1"
"5,61 : 44.28"
"5,62 : 64.38"
"5,63 : 42.72"
"5,64 : 44.01"
"5,65 : 47.01"
"5,66 : 31.95"
"5,67 : 49.19"
"5,68 : 35.51"
"5,69 : 43.28"
"5,70 : 44.18"
"5,71 : 37.36"
"5,72 : 21.02"
"5,73 : 38.63"
"5,74 : 36.12"
"5,75 : 57.28"
"5,76 : 53.08"
"5,77 : 53.76"
"5,78 : 22.67"
"5,79 : 5.39"
"5,80 : 27.29"
"5,81 : 5.39"
"5,82 : 31.06"
"5,83 : 27.29"
"5,84 : 32.56"
"5,85 : 11.4"
"5,86 : 37.34"
"5,87 : 31.78"
"5,88 : 31.62"
"5,89 : 30.53"
"5,90 : 53.91"
"5,91 : 50.77"
"5,92 : 17.69"
"5,93 : 22.09"
"5,94 : 43.42"
"5,95 : 23.6"
"5,96 : 17.8"
"5,97 : 11.31"
"5,98 : 39.12"
"5,99 : 39.82"
"6,0 : 41.23"
"6,1 : 19.24"
"6,2 : 44.05"
"6,3 : 62.24"
"6,4 : 48.88"
"6,5 : 42.01"
"6,6 : 0.0"
"6,7 : 44.78"
"6,8 : 21.54"
"6,9 : 47.41"
"6,10 : 32.25"
"6,11 : 12.0"
"6,12 : 39.96"
"6,13 : 44.72"
"6,14 : 23.0"
"6,15 : 43.19"
"6,16 : 19.1"
"6,17 : 33.06"
"6,18 : 34.71"
"6,19 : 44.05"
"6,20 : 28.44"
"6,21 : 21.1"
"6,22 : 29.12"
"6,23 : 36.8"
"6,24 : 23.0"
"6,25 : 26.17"
"6,26 : 43.57"
"6,27 : 52.01"
"6,28 : 26.63"
"6,29 : 49.19"
"6,30 : 28.44"
"6,31 : 4.12"
"6,32 : 12.65"
"6,33 : 43.19"
"6,34 : 18.11"
"6,35 : 50.57"
"6,36 : 39.05"
"6,37 : 59.46"
"6,38 : 39.82"
"6,39 : 41.48"
"6,40 : 7.07"
"6,41 : 7.28"
"6,42 : 22.36"
"6,43 : 40.11"
"6,44 : 35.85"
"6,45 : 27.02"
"6,46 : 49.4"
"6,47 : 29.21"
"6,48 : 22.2"
"6,49 : 19.8"
"6,50 : 57.31"
"6,51 : 50.61"
"6,52 : 33.84"
"6,53 : 45.28"
"6,54 : 48.76"
"6,55 : 36.88"
"6,56 : 35.01"
"6,57 : 30.15"
"6,58 : 21.1"
"6,59 : 41.18"
"6,60 : 2.24"
"6,61 : 4.47"
"6,62 : 45.28"
"6,63 : 51.61"
"6,64 : 2.83"
"6,65 : 40.16"
"6,66 : 43.84"
"6,67 : 49.24"
"6,68 : 9.9"
"6,69 : 30.36"
"6,70 : 5.39"
"6,71 : 48.92"
"6,72 : 38.59"
"6,73 : 46.4"
"6,74 : 29.15"
"6,75 : 42.05"
"6,76 : 40.45"
"6,77 : 40.31"
"6,78 : 29.68"
"6,79 : 44.41"
"6,80 : 22.8"
"6,81 : 37.01"
"6,82 : 36.8"
"6,83 : 15.81"
"6,84 : 29.21"
"6,85 : 36.4"
"6,86 : 53.04"
"6,87 : 13.6"
"6,88 : 16.28"
"6,89 : 37.48"
"6,90 : 36.01"
"6,91 : 46.49"
"6,92 : 31.78"
"6,93 : 20.22"
"6,94 : 29.12"
"6,95 : 34.41"
"6,96 : 34.44"
"6,97 : 35.17"
"6,98 : 60.21"
"6,99 : 42.72"
"7,0 : 3.61"
"7,1 : 30.41"
"7,2 : 20.22"
"7,3 : 27.07"
"7,4 : 28.84"
"7,5 : 46.65"
"7,6 : 44.78"
"7,7 : 0.0"
"7,8 : 23.26"
"7,9 : 30.61"
"7,10 : 23.77"
"7,11 : 41.44"
"7,12 : 7.62"
"7,13 : 42.01"
"7,14 : 41.3"
"7,15 : 22.09"
"7,16 : 43.01"
"7,17 : 41.79"
"7,18 : 19.7"
"7,19 : 16.28"
"7,20 : 26.42"
"7,21 : 24.04"
"7,22 : 16.4"
"7,23 : 15.65"
"7,24 : 41.3"
"7,25 : 23.02"
"7,26 : 11.18"
"7,27 : 24.7"
"7,28 : 19.24"
"7,29 : 5.0"
"7,30 : 37.36"
"7,31 : 41.59"
"7,32 : 37.48"
"7,33 : 18.44"
"7,34 : 30.48"
"7,35 : 5.83"
"7,36 : 13.04"
"7,37 : 22.2"
"7,38 : 6.08"
"7,39 : 7.07"
"7,40 : 38.28"
"7,41 : 37.58"
"7,42 : 22.47"
"7,43 : 49.19"
"7,44 : 30.89"
"7,45 : 41.0"
"7,46 : 8.06"
"7,47 : 18.0"
"7,48 : 44.18"
"7,49 : 27.29"
"7,50 : 24.08"
"7,51 : 24.17"
"7,52 : 24.17"
"7,53 : 13.6"
"7,54 : 5.39"
"7,55 : 14.32"
"7,56 : 43.46"
"7,57 : 45.61"
"7,58 : 25.61"
"7,59 : 5.39"
"7,60 : 47.01"
"7,61 : 49.24"
"7,62 : 23.35"
"7,63 : 12.04"
"7,64 : 43.83"
"7,65 : 5.83"
"7,66 : 16.4"
"7,67 : 4.47"
"7,68 : 35.74"
"7,69 : 15.0"
"7,70 : 41.18"
"7,71 : 14.56"
"7,72 : 25.81"
"7,73 : 10.77"
"7,74 : 16.28"
"7,75 : 16.03"
"7,76 : 12.04"
"7,77 : 13.04"
"7,78 : 25.96"
"7,79 : 43.6"
"7,80 : 27.0"
"7,81 : 46.1"
"7,82 : 15.65"
"7,83 : 36.12"
"7,84 : 18.0"
"7,85 : 35.36"
"7,86 : 19.24"
"7,87 : 33.73"
"7,88 : 30.59"
"7,89 : 16.12"
"7,90 : 17.72"
"7,91 : 4.24"
"7,92 : 30.08"
"7,93 : 38.05"
"7,94 : 16.4"
"7,95 : 23.26"
"7,96 : 29.07"
"7,97 : 35.78"
"7,98 : 27.02"
"7,99 : 7.07"
"8,0 : 19.7"
"8,1 : 11.05"
"8,2 : 26.0"
"8,3 : 43.57"
"8,4 : 34.37"
"8,5 : 38.95"
"8,6 : 21.54"
"8,7 : 23.26"
"8,8 : 0.0"
"8,9 : 34.06"
"8,10 : 16.97"
"8,11 : 20.4"
"8,12 : 19.1"
"8,13 : 37.95"
"8,14 : 25.0"
"8,15 : 25.94"
"8,16 : 24.6"
"8,17 : 30.81"
"8,18 : 18.25"
"8,19 : 24.74"
"8,20 : 15.26"
"8,21 : 3.61"
"8,22 : 8.0"
"8,23 : 18.38"
"8,24 : 25.0"
"8,25 : 11.18"
"8,26 : 23.02"
"8,27 : 35.11"
"8,28 : 7.28"
"8,29 : 27.78"
"8,30 : 25.0"
"8,31 : 18.36"
"8,32 : 16.49"
"8,33 : 25.63"
"8,34 : 10.2"
"8,35 : 29.07"
"8,36 : 19.72"
"8,37 : 40.0"
"8,38 : 18.6"
"8,39 : 20.22"
"8,40 : 15.3"
"8,41 : 14.32"
"8,42 : 2.0"
"8,43 : 39.41"
"8,44 : 25.71"
"8,45 : 26.87"
"8,46 : 28.43"
"8,47 : 10.44"
"8,48 : 26.93"
"8,49 : 8.49"
"8,50 : 38.95"
"8,51 : 33.84"
"8,52 : 20.02"
"8,53 : 25.18"
"8,54 : 27.46"
"8,55 : 17.89"
"8,56 : 33.02"
"8,57 : 31.83"
"8,58 : 6.08"
"8,59 : 20.0"
"8,60 : 23.77"
"8,61 : 26.0"
"8,62 : 28.18"
"8,63 : 31.11"
"8,64 : 20.59"
"8,65 : 18.68"
"8,66 : 25.5"
"8,67 : 27.73"
"8,68 : 13.04"
"8,69 : 9.06"
"8,70 : 18.03"
"8,71 : 29.41"
"8,72 : 25.0"
"8,73 : 26.25"
"8,74 : 8.6"
"8,75 : 22.8"
"8,76 : 20.1"
"8,77 : 20.22"
"8,78 : 17.46"
"8,79 : 38.63"
"8,80 : 11.66"
"8,81 : 35.81"
"8,82 : 18.38"
"8,83 : 16.55"
"8,84 : 10.44"
"8,85 : 28.79"
"8,86 : 34.13"
"8,87 : 12.37"
"8,88 : 9.85"
"8,89 : 19.31"
"8,90 : 17.46"
"8,91 : 25.0"
"8,92 : 22.14"
"8,93 : 20.81"
"8,94 : 8.0"
"8,95 : 20.0"
"8,96 : 23.54"
"8,97 : 28.23"
"8,98 : 42.06"
"8,99 : 21.93"
"9,0 : 30.53"
"9,1 : 45.1"
"9,2 : 49.19"
"9,3 : 21.21"
"9,4 : 3.0"
"9,5 : 21.0"
"9,6 : 47.41"
"9,7 : 30.61"
"9,8 : 34.06"
"9,9 : 0.0"
"9,10 : 47.07"
"9,11 : 37.2"
"9,12 : 24.19"
"9,13 : 14.14"
"9,14 : 29.07"
"9,15 : 50.57"
"9,16 : 33.24"
"9,17 : 21.93"
"9,18 : 16.03"
"9,19 : 45.65"
"9,20 : 47.38"
"9,21 : 31.26"
"9,22 : 34.53"
"9,23 : 17.72"
"9,24 : 29.07"
"9,25 : 23.35"
"9,26 : 40.82"
"9,27 : 10.05"
"9,28 : 27.0"
"9,29 : 29.73"
"9,30 : 22.02"
"9,31 : 46.62"
"9,32 : 34.99"
"9,33 : 12.21"
"9,34 : 44.18"
"9,35 : 31.89"
"9,36 : 18.79"
"9,37 : 22.09"
"9,38 : 26.42"
"9,39 : 35.85"
"9,40 : 40.72"
"9,41 : 42.72"
"9,42 : 32.06"
"9,43 : 25.08"
"9,44 : 12.04"
"9,45 : 25.81"
"9,46 : 25.61"
"9,47 : 24.02"
"9,48 : 32.02"
"9,49 : 29.12"
"9,50 : 17.0"
"9,51 : 9.22"
"9,52 : 14.32"
"9,53 : 43.57"
"9,54 : 28.32"
"9,55 : 18.97"
"9,56 : 22.14"
"9,57 : 27.73"
"9,58 : 40.01"
"9,59 : 26.08"
"9,60 : 49.24"
"9,61 : 51.11"
"9,62 : 52.33"
"9,63 : 23.32"
"9,64 : 48.33"
"9,65 : 33.12"
"9,66 : 14.21"
"9,67 : 31.83"
"9,68 : 38.08"
"9,69 : 33.73"
"9,70 : 47.17"
"9,71 : 18.03"
"9,72 : 9.22"
"9,73 : 20.52"
"9,74 : 27.17"
"9,75 : 44.72"
"9,76 : 40.25"
"9,77 : 41.15"
"9,78 : 18.03"
"9,79 : 16.12"
"9,80 : 25.3"
"9,81 : 23.54"
"9,82 : 17.72"
"9,83 : 31.91"
"9,84 : 24.02"
"9,85 : 13.89"
"9,86 : 16.76"
"9,87 : 34.01"
"9,88 : 31.95"
"9,89 : 16.76"
"9,90 : 43.32"
"9,91 : 34.83"
"9,92 : 15.81"
"9,93 : 29.07"
"9,94 : 34.53"
"9,95 : 14.14"
"9,96 : 13.04"
"9,97 : 15.26"
"9,98 : 18.25"
"9,99 : 23.6"
"10,0 : 20.88"
"10,1 : 13.04"
"10,2 : 12.17"
"10,3 : 50.22"
"10,4 : 46.53"
"10,5 : 55.47"
"10,6 : 32.25"
"10,7 : 23.77"
"10,8 : 16.97"
"10,9 : 47.07"
"10,10 : 0.0"
"10,11 : 35.78"
"10,12 : 25.08"
"10,13 : 53.67"
"10,14 : 41.87"
"10,15 : 11.0"
"10,16 : 41.05"
"10,17 : 47.63"
"10,18 : 31.32"
"10,19 : 13.42"
"10,20 : 4.12"
"10,21 : 20.52"
"10,22 : 12.65"
"10,23 : 29.43"
"10,24 : 41.87"
"10,25 : 26.93"
"10,26 : 15.56"
"10,27 : 45.0"
"10,28 : 21.47"
"10,29 : 28.64"
"10,30 : 41.87"
"10,31 : 28.16"
"10,32 : 32.25"
"10,33 : 36.12"
"10,34 : 14.14"
"10,35 : 28.65"
"10,36 : 29.07"
"10,37 : 45.61"
"10,38 : 23.19"
"10,39 : 17.0"
"10,40 : 28.46"
"10,41 : 25.71"
"10,42 : 18.44"
"10,43 : 56.22"
"10,44 : 41.15"
"10,45 : 43.84"
"10,46 : 31.62"
"10,47 : 23.77"
"10,48 : 43.6"
"10,49 : 25.46"
"10,50 : 46.53"
"10,51 : 44.01"
"10,52 : 34.54"
"10,53 : 15.81"
"10,54 : 29.15"
"10,55 : 28.28"
"10,56 : 49.82"
"10,57 : 48.8"
"10,58 : 12.53"
"10,59 : 24.33"
"10,60 : 34.13"
"10,61 : 36.06"
"10,62 : 13.04"
"10,63 : 35.44"
"10,64 : 30.07"
"10,65 : 18.03"
"10,66 : 35.01"
"10,67 : 27.29"
"10,68 : 27.31"
"10,69 : 13.34"
"10,70 : 27.07"
"10,71 : 36.35"
"10,72 : 38.9"
"10,73 : 32.39"
"10,74 : 20.25"
"10,75 : 11.66"
"10,76 : 12.81"
"10,77 : 12.04"
"10,78 : 33.12"
"10,79 : 54.59"
"10,80 : 28.43"
"10,81 : 52.63"
"10,82 : 29.43"
"10,83 : 33.02"
"10,84 : 23.77"
"10,85 : 44.78"
"10,86 : 41.44"
"10,87 : 28.3"
"10,88 : 26.4"
"10,89 : 30.41"
"10,90 : 6.4"
"10,91 : 22.47"
"10,92 : 38.08"
"10,93 : 37.64"
"10,94 : 12.65"
"10,95 : 34.18"
"10,96 : 38.91"
"10,97 : 44.42"
"10,98 : 49.65"
"10,99 : 27.29"
"11,0 : 38.21"
"11,1 : 24.21"
"11,2 : 46.17"
"11,3 : 54.2"
"11,4 : 39.05"
"11,5 : 30.02"
"11,6 : 12.0"
"11,7 : 41.44"
"11,8 : 20.4"
"11,9 : 37.2"
"11,10 : 35.78"
"11,11 : 0.0"
"11,12 : 35.17"
"11,13 : 32.98"
"11,14 : 11.0"
"11,15 : 45.88"
"11,16 : 7.28"
"11,17 : 21.1"
"11,18 : 26.93"
"11,19 : 45.12"
"11,20 : 32.76"
"11,21 : 18.03"
"11,22 : 28.28"
"11,23 : 29.97"
"11,24 : 11.0"
"11,25 : 19.31"
"11,26 : 43.29"
"11,27 : 43.19"
"11,28 : 22.2"
"11,29 : 45.12"
"11,30 : 16.76"
"11,31 : 13.6"
"11,32 : 4.0"
"11,33 : 35.23"
"11,34 : 22.8"
"11,35 : 46.87"
"11,36 : 32.7"
"11,37 : 52.15"
"11,38 : 35.69"
"11,39 : 40.01"
"11,40 : 8.6"
"11,41 : 12.21"
"11,42 : 20.1"
"11,43 : 28.16"
"11,44 : 25.24"
"11,45 : 15.03"
"11,46 : 44.27"
"11,47 : 23.77"
"11,48 : 10.44"
"11,49 : 14.14"
"11,50 : 49.2"
"11,51 : 41.77"
"11,52 : 24.84"
"11,53 : 45.54"
"11,54 : 44.38"
"11,55 : 30.46"
"11,56 : 23.02"
"11,57 : 18.25"
"11,58 : 23.26"
"11,59 : 36.88"
"11,60 : 13.15"
"11,61 : 14.56"
"11,62 : 48.1"
"11,63 : 45.69"
"11,64 : 14.14"
"11,65 : 38.01"
"11,66 : 36.36"
"11,67 : 45.71"
"11,68 : 8.6"
"11,69 : 29.15"
"11,70 : 14.87"
"11,71 : 42.06"
"11,72 : 29.0"
"11,73 : 40.31"
"11,74 : 25.18"
"11,75 : 43.17"
"11,76 : 40.45"
"11,77 : 40.61"
"11,78 : 20.62"
"11,79 : 32.56"
"11,80 : 15.23"
"11,81 : 25.02"
"11,82 : 29.97"
"11,83 : 5.83"
"11,84 : 23.77"
"11,85 : 25.08"
"11,86 : 45.49"
"11,87 : 8.06"
"11,88 : 11.0"
"11,89 : 30.41"
"11,90 : 37.64"
"11,91 : 44.1"
"11,92 : 21.4"
"11,93 : 8.54"
"11,94 : 28.28"
"11,95 : 25.61"
"11,96 : 24.21"
"11,97 : 23.77"
"11,98 : 51.86"
"11,99 : 37.64"
"12,0 : 6.4"
"12,1 : 28.3"
"12,2 : 25.08"
"12,3 : 25.63"
"12,4 : 22.85"
"12,5 : 39.12"
"12,6 : 39.96"
"12,7 : 7.62"
"12,8 : 19.1"
"12,9 : 24.19"
"12,10 : 25.08"
"12,11 : 35.17"
"12,12 : 0.0"
"12,13 : 34.71"
"12,14 : 34.06"
"12,15 : 26.57"
"12,16 : 36.06"
"12,17 : 34.18"
"12,18 : 12.08"
"12,19 : 21.47"
"12,20 : 26.68"
"12,21 : 18.87"
"12,22 : 14.32"
"12,23 : 8.06"
"12,24 : 34.06"
"12,25 : 16.12"
"12,26 : 16.64"
"12,27 : 20.1"
"12,28 : 13.42"
"12,29 : 10.05"
"12,30 : 29.83"
"12,31 : 37.2"
"12,32 : 31.32"
"12,33 : 12.08"
"12,34 : 28.02"
"12,35 : 12.0"
"12,36 : 5.66"
"12,37 : 21.47"
"12,38 : 2.24"
"12,39 : 11.66"
"12,40 : 33.12"
"12,41 : 33.02"
"12,42 : 17.8"
"12,43 : 41.59"
"12,44 : 23.32"
"12,45 : 33.54"
"12,46 : 9.43"
"12,47 : 11.4"
"12,48 : 37.01"
"12,49 : 21.19"
"12,50 : 21.59"
"12,51 : 19.24"
"12,52 : 16.55"
"12,53 : 19.42"
"12,54 : 9.22"
"12,55 : 6.71"
"12,56 : 35.85"
"12,57 : 38.08"
"12,58 : 23.02"
"12,59 : 2.24"
"12,60 : 42.19"
"12,61 : 44.42"
"12,62 : 28.23"
"12,63 : 12.04"
"12,64 : 39.41"
"12,65 : 8.94"
"12,66 : 10.44"
"12,67 : 11.05"
"12,68 : 30.41"
"12,69 : 13.0"
"12,70 : 37.01"
"12,71 : 11.4"
"12,72 : 18.44"
"12,73 : 7.62"
"12,74 : 10.82"
"12,75 : 20.62"
"12,76 : 16.16"
"12,77 : 17.09"
"12,78 : 18.44"
"12,79 : 36.24"
"12,80 : 20.22"
"12,81 : 38.48"
"12,82 : 8.06"
"12,83 : 29.61"
"12,84 : 11.4"
"12,85 : 27.78"
"12,86 : 16.49"
"12,87 : 27.86"
"12,88 : 24.7"
"12,89 : 8.6"
"12,90 : 20.1"
"12,91 : 11.66"
"12,92 : 22.47"
"12,93 : 31.02"
"12,94 : 14.32"
"12,95 : 15.65"
"12,96 : 21.47"
"12,97 : 28.18"
"12,98 : 24.74"
"12,99 : 2.83"
"13,0 : 41.04"
"13,1 : 48.27"
"13,2 : 58.41"
"13,3 : 35.01"
"13,4 : 17.12"
"13,5 : 7.28"
"13,6 : 44.72"
"13,7 : 42.01"
"13,8 : 37.95"
"13,9 : 14.14"
"13,10 : 53.67"
"13,11 : 32.98"
"13,12 : 34.71"
"13,13 : 0.0"
"13,14 : 22.47"
"13,15 : 59.41"
"13,16 : 26.93"
"13,17 : 12.53"
"13,18 : 23.43"
"13,19 : 55.32"
"13,20 : 52.92"
"13,21 : 34.48"
"13,22 : 41.18"
"13,23 : 26.87"
"13,24 : 22.47"
"13,25 : 26.93"
"13,26 : 50.93"
"13,27 : 24.19"
"13,28 : 32.2"
"13,29 : 42.19"
"13,30 : 16.28"
"13,31 : 45.18"
"13,32 : 32.25"
"13,33 : 24.19"
"13,34 : 47.07"
"13,35 : 44.42"
"13,36 : 29.07"
"13,37 : 36.22"
"13,38 : 36.8"
"13,39 : 45.97"
"13,40 : 39.12"
"13,41 : 42.01"
"13,42 : 36.06"
"13,43 : 11.7"
"13,44 : 12.53"
"13,45 : 18.38"
"13,46 : 38.47"
"13,47 : 30.02"
"13,48 : 24.6"
"13,49 : 30.59"
"13,50 : 31.06"
"13,51 : 23.35"
"13,52 : 19.42"
"13,53 : 53.76"
"13,54 : 40.82"
"13,55 : 28.28"
"13,56 : 11.4"
"13,57 : 17.8"
"13,58 : 43.97"
"13,59 : 36.88"
"13,60 : 46.1"
"13,61 : 47.54"
"13,62 : 61.4"
"13,63 : 36.77"
"13,64 : 46.39"
"13,65 : 43.14"
"13,66 : 26.42"
"13,67 : 44.1"
"13,68 : 37.01"
"13,69 : 40.82"
"13,70 : 46.1"
"13,71 : 31.38"
"13,72 : 16.28"
"13,73 : 33.12"
"13,74 : 33.62"
"13,75 : 54.04"
"13,76 : 49.68"
"13,77 : 50.45"
"13,78 : 20.62"
"13,79 : 2.0"
"13,80 : 26.68"
"13,81 : 11.4"
"13,82 : 26.87"
"13,83 : 29.15"
"13,84 : 30.02"
"13,85 : 9.22"
"13,86 : 30.81"
"13,87 : 33.0"
"13,88 : 32.14"
"13,89 : 26.17"
"13,90 : 51.31"
"13,91 : 46.23"
"13,92 : 15.81"
"13,93 : 24.52"
"13,94 : 41.18"
"13,95 : 20.0"
"13,96 : 14.76"
"13,97 : 10.05"
"13,98 : 32.02"
"13,99 : 35.0"
"14,0 : 38.64"
"14,1 : 32.2"
"14,2 : 50.61"
"14,3 : 48.3"
"14,4 : 31.4"
"14,5 : 19.03"
"14,6 : 23.0"
"14,7 : 41.3"
"14,8 : 25.0"
"14,9 : 29.07"
"14,10 : 41.87"
"14,11 : 11.0"
"14,12 : 34.06"
"14,13 : 22.47"
"14,14 : 0.0"
"14,15 : 50.77"
"14,16 : 4.47"
"14,17 : 10.2"
"14,18 : 23.19"
"14,19 : 48.75"
"14,20 : 39.6"
"14,21 : 21.63"
"14,22 : 31.76"
"14,23 : 27.07"
"14,24 : 0.0"
"14,25 : 18.44"
"14,26 : 45.88"
"14,27 : 36.72"
"14,28 : 23.41"
"14,29 : 44.01"
"14,30 : 7.07"
"14,31 : 24.33"
"14,32 : 11.7"
"14,33 : 30.36"
"14,34 : 30.81"
"14,35 : 46.04"
"14,36 : 30.07"
"14,37 : 47.17"
"14,38 : 35.23"
"14,39 : 41.76"
"14,40 : 18.68"
"14,41 : 22.14"
"14,42 : 23.85"
"14,43 : 17.26"
"14,44 : 17.2"
"14,45 : 4.12"
"14,46 : 42.11"
"14,47 : 23.54"
"14,48 : 3.16"
"14,49 : 16.64"
"14,50 : 43.38"
"14,51 : 35.36"
"14,52 : 19.65"
"14,53 : 48.47"
"14,54 : 43.0"
"14,55 : 28.02"
"14,56 : 12.04"
"14,57 : 7.62"
"14,58 : 29.7"
"14,59 : 36.12"
"14,60 : 24.08"
"14,61 : 25.32"
"14,62 : 53.0"
"14,63 : 42.58"
"14,64 : 25.08"
"14,65 : 39.29"
"14,66 : 32.02"
"14,67 : 45.1"
"14,68 : 17.46"
"14,69 : 32.2"
"14,70 : 25.5"
"14,71 : 38.08"
"14,72 : 22.36"
"14,73 : 37.34"
"14,74 : 26.25"
"14,75 : 46.96"
"14,76 : 43.46"
"14,77 : 43.86"
"14,78 : 16.12"
"14,79 : 21.84"
"14,80 : 14.87"
"14,81 : 14.04"
"14,82 : 27.07"
"14,83 : 9.43"
"14,84 : 23.54"
"14,85 : 15.62"
"14,86 : 40.5"
"14,87 : 14.42"
"14,88 : 15.56"
"14,89 : 27.17"
"14,90 : 42.19"
"14,91 : 44.72"
"14,92 : 14.32"
"14,93 : 4.24"
"14,94 : 31.76"
"14,95 : 20.62"
"14,96 : 17.0"
"14,97 : 14.21"
"14,98 : 45.65"
"14,99 : 36.0"
"15,0 : 20.62"
"15,1 : 24.02"
"15,2 : 2.24"
"15,3 : 49.0"
"15,4 : 49.4"
"15,5 : 62.29"
"15,6 : 43.19"
"15,7 : 22.09"
"15,8 : 25.94"
"15,9 : 50.57"
"15,10 : 11.0"
"15,11 : 45.88"
"15,12 : 26.57"
"15,13 : 59.41"
"15,14 : 50.77"
"15,15 : 0.0"
"15,16 : 50.54"
"15,17 : 55.23"
"15,18 : 36.06"
"15,19 : 6.08"
"15,20 : 15.03"
"15,21 : 29.15"
"15,22 : 19.21"
"15,23 : 33.12"
"15,24 : 50.77"
"15,25 : 33.97"
"15,26 : 11.0"
"15,27 : 46.32"
"15,28 : 28.32"
"15,29 : 26.02"
"15,30 : 49.68"
"15,31 : 39.12"
"15,32 : 42.15"
"15,33 : 38.63"
"15,34 : 25.08"
"15,35 : 25.18"
"15,36 : 31.78"
"15,37 : 44.01"
"15,38 : 24.35"
"15,39 : 15.3"
"15,40 : 39.05"
"15,41 : 36.5"
"15,42 : 26.93"
"15,43 : 63.66"
"15,44 : 47.01"
"15,45 : 52.2"
"15,46 : 30.02"
"15,47 : 29.73"
"15,48 : 52.84"
"15,49 : 34.13"
"15,50 : 46.17"
"15,51 : 45.61"
"15,52 : 40.0"
"15,53 : 9.22"
"15,54 : 27.0"
"15,55 : 31.76"
"15,56 : 57.31"
"15,57 : 57.2"
"15,58 : 22.8"
"15,59 : 25.0"
"15,60 : 45.1"
"15,61 : 47.04"
"15,62 : 2.24"
"15,63 : 34.01"
"15,64 : 41.05"
"15,65 : 17.72"
"15,66 : 37.0"
"15,67 : 24.08"
"15,68 : 37.64"
"15,69 : 19.1"
"15,70 : 38.05"
"15,71 : 36.5"
"15,72 : 43.57"
"15,73 : 32.56"
"15,74 : 26.17"
"15,75 : 6.08"
"15,76 : 10.44"
"15,77 : 9.49"
"15,78 : 39.62"
"15,79 : 60.61"
"15,80 : 36.4"
"15,81 : 60.14"
"15,82 : 33.12"
"15,83 : 42.49"
"15,84 : 29.73"
"15,85 : 51.09"
"15,86 : 41.3"
"15,87 : 38.08"
"15,88 : 35.78"
"15,89 : 34.0"
"15,90 : 8.6"
"15,91 : 19.03"
"15,92 : 44.6"
"15,93 : 46.65"
"15,94 : 19.21"
"15,95 : 39.41"
"15,96 : 44.82"
"15,97 : 50.99"
"15,98 : 49.09"
"15,99 : 27.89"
"16,0 : 40.11"
"16,1 : 30.41"
"16,2 : 50.57"
"16,3 : 51.97"
"16,4 : 35.47"
"16,5 : 23.19"
"16,6 : 19.1"
"16,7 : 43.01"
"16,8 : 24.6"
"16,9 : 33.24"
"16,10 : 41.05"
"16,11 : 7.28"
"16,12 : 36.06"
"16,13 : 26.93"
"16,14 : 4.47"
"16,15 : 50.54"
"16,16 : 0.0"
"16,17 : 14.56"
"16,18 : 25.96"
"16,19 : 49.04"
"16,20 : 38.42"
"16,21 : 21.54"
"16,22 : 31.95"
"16,23 : 29.61"
"16,24 : 4.47"
"16,25 : 20.0"
"16,26 : 46.57"
"16,27 : 40.5"
"16,28 : 24.33"
"16,29 : 46.1"
"16,30 : 11.4"
"16,31 : 20.88"
"16,32 : 9.22"
"16,33 : 33.62"
"16,34 : 29.0"
"16,35 : 48.04"
"16,36 : 32.56"
"16,37 : 50.57"
"16,38 : 37.0"
"16,39 : 42.76"
"16,40 : 15.65"
"16,41 : 19.24"
"16,42 : 23.77"
"16,43 : 21.02"
"16,44 : 21.26"
"16,45 : 8.54"
"16,46 : 44.55"
"16,47 : 25.02"
"16,48 : 3.16"
"16,49 : 16.76"
"16,50 : 47.01"
"16,51 : 39.12"
"16,52 : 22.85"
"16,53 : 49.04"
"16,54 : 45.18"
"16,55 : 30.41"
"16,56 : 16.28"
"16,57 : 11.05"
"16,58 : 28.6"
"16,59 : 38.01"
"16,60 : 20.0"
"16,61 : 21.1"
"16,62 : 52.77"
"16,63 : 45.35"
"16,64 : 21.38"
"16,65 : 40.45"
"16,66 : 35.11"
"16,67 : 47.01"
"16,68 : 15.0"
"16,69 : 32.57"
"16,70 : 22.14"
"16,71 : 41.11"
"16,72 : 26.08"
"16,73 : 40.02"
"16,74 : 27.29"
"16,75 : 47.17"
"16,76 : 43.97"
"16,77 : 44.27"
"16,78 : 18.97"
"16,79 : 26.25"
"16,80 : 16.03"
"16,81 : 18.03"
"16,82 : 29.61"
"16,83 : 8.06"
"16,84 : 25.02"
"16,85 : 20.0"
"16,86 : 43.86"
"16,87 : 12.81"
"16,88 : 14.76"
"16,89 : 29.83"
"16,90 : 42.05"
"16,91 : 46.17"
"16,92 : 18.03"
"16,93 : 5.1"
"16,94 : 31.95"
"16,95 : 23.77"
"16,96 : 20.81"
"16,97 : 18.6"
"16,98 : 49.4"
"16,99 : 38.21"
"17,0 : 39.81"
"17,1 : 39.81"
"17,2 : 54.67"
"17,3 : 42.72"
"17,4 : 24.7"
"17,5 : 9.06"
"17,6 : 33.06"
"17,7 : 41.79"
"17,8 : 30.81"
"17,9 : 21.93"
"17,10 : 47.63"
"17,11 : 21.1"
"17,12 : 34.18"
"17,13 : 12.53"
"17,14 : 10.2"
"17,15 : 55.23"
"17,16 : 14.56"
"17,17 : 0.0"
"17,18 : 22.14"
"17,19 : 52.2"
"17,20 : 46.04"
"17,21 : 27.2"
"17,22 : 36.07"
"17,23 : 26.25"
"17,24 : 10.2"
"17,25 : 21.26"
"17,26 : 48.55"
"17,27 : 31.05"
"17,28 : 26.91"
"17,29 : 43.42"
"17,30 : 5.83"
"17,31 : 34.06"
"17,32 : 21.1"
"17,33 : 27.02"
"17,34 : 38.48"
"17,35 : 45.61"
"17,36 : 29.12"
"17,37 : 42.58"
"17,38 : 35.85"
"17,39 : 43.91"
"17,40 : 28.16"
"17,41 : 31.4"
"17,42 : 29.21"
"17,43 : 8.6"
"17,44 : 12.0"
"17,45 : 6.08"
"17,46 : 40.61"
"17,47 : 25.81"
"17,48 : 12.08"
"17,49 : 22.47"
"17,50 : 38.08"
"17,51 : 29.83"
"17,52 : 17.72"
"17,53 : 51.31"
"17,54 : 42.2"
"17,55 : 27.51"
"17,56 : 2.24"
"17,57 : 5.83"
"17,58 : 36.36"
"17,59 : 36.4"
"17,60 : 34.23"
"17,61 : 35.51"
"17,62 : 57.38"
"17,63 : 40.11"
"17,64 : 35.0"
"17,65 : 41.18"
"17,66 : 29.07"
"17,67 : 44.92"
"17,68 : 26.48"
"17,69 : 36.12"
"17,70 : 35.13"
"17,71 : 35.01"
"17,72 : 18.0"
"17,73 : 35.36"
"17,74 : 29.21"
"17,75 : 50.61"
"17,76 : 46.62"
"17,77 : 47.2"
"17,78 : 16.12"
"17,79 : 11.7"
"17,80 : 19.21"
"17,81 : 5.0"
"17,82 : 26.25"
"17,83 : 18.25"
"17,84 : 25.81"
"17,85 : 8.25"
"17,86 : 36.22"
"17,87 : 22.8"
"17,88 : 22.85"
"17,89 : 25.96"
"17,90 : 46.69"
"17,91 : 45.69"
"17,92 : 11.7"
"17,93 : 13.04"
"17,94 : 36.07"
"17,95 : 18.68"
"17,96 : 13.15"
"17,97 : 7.07"
"17,98 : 39.85"
"17,99 : 35.44"
"18,0 : 18.03"
"18,1 : 29.27"
"18,2 : 35.0"
"18,3 : 27.59"
"18,4 : 16.12"
"18,5 : 27.2"
"18,6 : 34.71"
"18,7 : 19.7"
"18,8 : 18.25"
"18,9 : 16.03"
"18,10 : 31.32"
"18,11 : 26.93"
"18,12 : 12.08"
"18,13 : 23.43"
"18,14 : 23.19"
"18,15 : 36.06"
"18,16 : 25.96"
"18,17 : 22.14"
"18,18 : 0.0"
"18,19 : 31.89"
"18,20 : 31.4"
"18,21 : 15.81"
"18,22 : 18.68"
"18,23 : 4.12"
"18,24 : 23.19"
"18,25 : 8.6"
"18,26 : 27.59"
"18,27 : 17.49"
"18,28 : 11.05"
"18,29 : 21.38"
"18,30 : 18.11"
"18,31 : 33.02"
"18,32 : 23.6"
"18,33 : 8.49"
"18,34 : 28.44"
"18,35 : 23.54"
"18,36 : 7.07"
"18,37 : 25.24"
"18,38 : 13.89"
"18,39 : 22.67"
"18,40 : 27.66"
"18,41 : 28.84"
"18,42 : 16.28"
"18,43 : 29.53"
"18,44 : 11.4"
"18,45 : 22.02"
"18,46 : 19.0"
"18,47 : 8.0"
"18,48 : 26.31"
"18,49 : 15.0"
"18,50 : 22.63"
"18,51 : 16.12"
"18,52 : 4.47"
"18,53 : 30.41"
"18,54 : 20.22"
"18,55 : 5.39"
"18,56 : 23.77"
"18,57 : 26.31"
"18,58 : 24.08"
"18,59 : 14.32"
"18,60 : 36.8"
"18,61 : 38.9"
"18,62 : 38.01"
"18,63 : 19.42"
"18,64 : 35.0"
"18,65 : 19.85"
"18,66 : 9.43"
"18,67 : 22.8"
"18,68 : 24.84"
"18,69 : 18.03"
"18,70 : 33.29"
"18,71 : 15.23"
"18,72 : 7.62"
"18,73 : 14.14"
"18,74 : 11.18"
"18,75 : 30.61"
"18,76 : 26.25"
"18,77 : 27.02"
"18,78 : 7.07"
"18,79 : 24.76"
"18,80 : 12.04"
"18,81 : 26.4"
"18,82 : 4.12"
"18,83 : 21.1"
"18,84 : 8.0"
"18,85 : 15.81"
"18,86 : 18.6"
"18,87 : 21.21"
"18,88 : 18.44"
"18,89 : 4.0"
"18,90 : 28.18"
"18,91 : 23.71"
"18,92 : 10.44"
"18,93 : 20.88"
"18,94 : 18.68"
"18,95 : 3.61"
"18,96 : 9.43"
"18,97 : 16.12"
"18,98 : 25.5"
"18,99 : 13.34"
"19,0 : 15.23"
"19,1 : 25.5"
"19,2 : 4.0"
"19,3 : 43.01"
"19,4 : 44.28"
"19,5 : 58.73"
"19,6 : 44.05"
"19,7 : 16.28"
"19,8 : 24.74"
"19,9 : 45.65"
"19,10 : 13.42"
"19,11 : 45.12"
"19,12 : 21.47"
"19,13 : 55.32"
"19,14 : 48.75"
"19,15 : 6.08"
"19,16 : 49.04"
"19,17 : 52.2"
"19,18 : 31.89"
"19,19 : 0.0"
"19,20 : 17.46"
"19,21 : 27.51"
"19,22 : 17.09"
"19,23 : 28.6"
"19,24 : 48.75"
"19,25 : 31.06"
"19,26 : 5.1"
"19,27 : 40.8"
"19,28 : 25.55"
"19,29 : 20.0"
"19,30 : 46.87"
"19,31 : 40.11"
"19,32 : 41.23"
"19,33 : 33.54"
"19,34 : 26.31"
"19,35 : 19.1"
"19,36 : 26.93"
"19,37 : 38.0"
"19,38 : 19.24"
"19,39 : 9.85"
"19,40 : 39.12"
"19,41 : 37.0"
"19,42 : 25.3"
"19,43 : 60.44"
"19,44 : 43.14"
"19,45 : 49.74"
"19,46 : 24.08"
"19,47 : 26.4"
"19,48 : 51.08"
"19,49 : 32.31"
"19,50 : 40.31"
"19,51 : 40.16"
"19,52 : 36.07"
"19,53 : 3.16"
"19,54 : 21.02"
"19,55 : 27.2"
"19,56 : 54.2"
"19,57 : 54.71"
"19,58 : 23.0"
"19,59 : 19.7"
"19,60 : 46.1"
"19,61 : 48.17"
"19,62 : 7.07"
"19,63 : 28.07"
"19,64 : 42.19"
"19,65 : 12.53"
"19,66 : 31.78"
"19,67 : 18.03"
"19,68 : 37.34"
"19,69 : 16.55"
"19,70 : 39.2"
"19,71 : 30.81"
"19,72 : 39.2"
"19,73 : 26.93"
"19,74 : 23.02"
"19,75 : 2.0"
"19,76 : 5.66"
"19,77 : 5.0"
"19,78 : 36.24"
"19,79 : 56.64"
"19,80 : 34.0"
"19,81 : 57.01"
"19,82 : 28.6"
"19,83 : 41.11"
"19,84 : 26.4"
"19,85 : 47.38"
"19,86 : 35.51"
"19,87 : 37.11"
"19,88 : 34.48"
"19,89 : 29.41"
"19,90 : 8.06"
"19,91 : 13.0"
"19,92 : 41.11"
"19,93 : 44.78"
"19,94 : 17.09"
"19,95 : 35.38"
"19,96 : 41.01"
"19,97 : 47.42"
"19,98 : 43.19"
"19,99 : 22.47"
"20,0 : 23.26"
"20,1 : 9.22"
"20,2 : 16.28"
"20,3 : 52.2"
"20,4 : 47.1"
"20,5 : 54.2"
"20,6 : 28.44"
"20,7 : 26.42"
"20,8 : 15.26"
"20,9 : 47.38"
"20,10 : 4.12"
"20,11 : 32.76"
"20,12 : 26.68"
"20,13 : 52.92"
"20,14 : 39.6"
"20,15 : 15.03"
"20,16 : 38.42"
"20,17 : 46.04"
"20,18 : 31.4"
"20,19 : 17.46"
"20,20 : 0.0"
"20,21 : 18.87"
"20,22 : 13.0"
"20,23 : 30.02"
"20,24 : 39.6"
"20,25 : 26.0"
"20,26 : 19.21"
"20,27 : 46.17"
"20,28 : 20.88"
"20,29 : 31.38"
"20,30 : 40.22"
"20,31 : 24.33"
"20,32 : 29.41"
"20,33 : 37.01"
"20,34 : 10.44"
"20,35 : 31.62"
"20,36 : 30.07"
"20,37 : 47.76"
"20,38 : 25.0"
"20,39 : 20.0"
"20,40 : 25.08"
"20,41 : 22.14"
"20,42 : 17.0"
"20,43 : 54.64"
"20,44 : 40.5"
"20,45 : 41.87"
"20,46 : 34.01"
"20,47 : 23.54"
"20,48 : 41.11"
"20,49 : 23.6"
"20,50 : 48.27"
"20,51 : 45.1"
"20,52 : 34.21"
"20,53 : 19.72"
"20,54 : 31.76"
"20,55 : 29.0"
"20,56 : 48.26"
"20,57 : 46.75"
"20,58 : 9.9"
"20,59 : 26.25"
"20,60 : 30.27"
"20,61 : 32.14"
"20,62 : 17.0"
"20,63 : 37.7"
"20,64 : 26.17"
"20,65 : 20.59"
"20,66 : 36.12"
"20,67 : 30.23"
"20,68 : 24.19"
"20,69 : 14.04"
"20,70 : 23.19"
"20,71 : 38.08"
"20,72 : 38.83"
"20,73 : 34.21"
"20,74 : 20.22"
"20,75 : 15.65"
"20,76 : 16.28"
"20,77 : 15.62"
"20,78 : 32.31"
"20,79 : 53.71"
"20,80 : 26.93"
"20,81 : 51.04"
"20,82 : 30.02"
"20,83 : 30.48"
"20,84 : 23.54"
"20,85 : 43.86"
"20,86 : 43.17"
"20,87 : 25.61"
"20,88 : 24.04"
"20,89 : 31.02"
"20,90 : 10.0"
"20,91 : 25.61"
"20,92 : 37.16"
"20,93 : 35.36"
"20,94 : 13.0"
"20,95 : 33.96"
"20,96 : 38.28"
"20,97 : 43.38"
"20,98 : 51.42"
"20,99 : 29.12"
"21,0 : 20.62"
"21,1 : 14.04"
"21,2 : 29.07"
"21,3 : 42.2"
"21,4 : 31.78"
"21,5 : 35.36"
"21,6 : 21.1"
"21,7 : 24.04"
"21,8 : 3.61"
"21,9 : 31.26"
"21,10 : 20.52"
"21,11 : 18.03"
"21,12 : 18.87"
"21,13 : 34.48"
"21,14 : 21.63"
"21,15 : 29.15"
"21,16 : 21.54"
"21,17 : 27.2"
"21,18 : 15.81"
"21,19 : 27.51"
"21,20 : 18.87"
"21,21 : 0.0"
"21,22 : 10.44"
"21,23 : 16.64"
"21,24 : 21.63"
"21,25 : 8.0"
"21,26 : 25.32"
"21,27 : 33.11"
"21,28 : 5.66"
"21,29 : 28.23"
"21,30 : 21.4"
"21,31 : 18.44"
"21,32 : 14.04"
"21,33 : 23.71"
"21,34 : 13.0"
"21,35 : 29.73"
"21,36 : 18.44"
"21,37 : 38.95"
"21,38 : 18.79"
"21,39 : 22.0"
"21,40 : 14.32"
"21,41 : 14.21"
"21,42 : 2.24"
"21,43 : 35.81"
"21,44 : 22.36"
"21,45 : 23.35"
"21,46 : 28.3"
"21,47 : 8.6"
"21,48 : 23.71"
"21,49 : 5.0"
"21,50 : 37.44"
"21,51 : 31.78"
"21,52 : 17.03"
"21,53 : 27.66"
"21,54 : 27.73"
"21,55 : 16.4"
"21,56 : 29.41"
"21,57 : 28.32"
"21,58 : 9.49"
"21,59 : 20.12"
"21,60 : 23.32"
"21,61 : 25.55"
"21,62 : 31.38"
"21,63 : 30.61"
"21,64 : 20.62"
"21,65 : 20.1"
"21,66 : 23.85"
"21,67 : 28.46"
"21,68 : 11.7"
"21,69 : 11.18"
"21,70 : 18.38"
"21,71 : 28.32"
"21,72 : 22.09"
"21,73 : 25.5"
"21,74 : 8.06"
"21,75 : 25.63"
"21,76 : 22.56"
"21,77 : 22.8"
"21,78 : 14.14"
"21,79 : 35.11"
"21,80 : 8.06"
"21,81 : 32.2"
"21,82 : 16.64"
"21,83 : 13.6"
"21,84 : 8.6"
"21,85 : 25.3"
"21,86 : 32.8"
"21,87 : 10.0"
"21,88 : 7.07"
"21,89 : 17.49"
"21,90 : 20.59"
"21,91 : 26.31"
"21,92 : 18.68"
"21,93 : 17.49"
"21,94 : 10.44"
"21,95 : 17.12"
"21,96 : 20.22"
"21,97 : 24.7"
"21,98 : 40.5"
"21,99 : 21.63"
"22,0 : 12.81"
"22,1 : 14.21"
"22,2 : 18.87"
"22,3 : 39.92"
"22,4 : 34.13"
"22,5 : 43.42"
"22,6 : 29.12"
"22,7 : 16.4"
"22,8 : 8.0"
"22,9 : 34.53"
"22,10 : 12.65"
"22,11 : 28.28"
"22,12 : 14.32"
"22,13 : 41.18"
"22,14 : 31.76"
"22,15 : 19.21"
"22,16 : 31.95"
"22,17 : 36.07"
"22,18 : 18.68"
"22,19 : 17.09"
"22,20 : 13.0"
"22,21 : 10.44"
"22,22 : 0.0"
"22,23 : 17.03"
"22,24 : 31.76"
"22,25 : 14.87"
"22,26 : 15.03"
"22,27 : 33.24"
"22,28 : 9.22"
"22,29 : 21.26"
"22,30 : 30.48"
"22,31 : 25.63"
"22,32 : 24.33"
"22,33 : 24.02"
"22,34 : 14.14"
"22,35 : 22.2"
"22,36 : 17.12"
"22,37 : 35.78"
"22,38 : 13.04"
"22,39 : 12.37"
"22,40 : 23.19"
"22,41 : 21.84"
"22,42 : 8.25"
"22,43 : 44.55"
"22,44 : 28.65"
"22,45 : 33.02"
"22,46 : 22.8"
"22,47 : 11.18"
"22,48 : 34.01"
"22,49 : 15.23"
"22,50 : 35.74"
"22,51 : 32.14"
"22,52 : 21.93"
"22,53 : 17.26"
"22,54 : 21.21"
"22,55 : 16.0"
"22,56 : 38.18"
"22,57 : 38.01"
"22,58 : 9.22"
"22,59 : 14.42"
"22,60 : 31.32"
"22,61 : 33.53"
"22,62 : 21.4"
"22,63 : 26.08"
"22,64 : 27.86"
"22,65 : 11.18"
"22,66 : 23.19"
"22,67 : 20.81"
"22,68 : 21.02"
"22,69 : 1.41"
"22,70 : 25.08"
"22,71 : 25.63"
"22,72 : 26.25"
"22,73 : 21.93"
"22,74 : 7.62"
"22,75 : 15.23"
"22,76 : 12.17"
"22,77 : 12.37"
"22,78 : 20.81"
"22,79 : 42.19"
"22,80 : 17.2"
"22,81 : 41.01"
"22,82 : 17.03"
"22,83 : 24.04"
"22,84 : 11.18"
"22,85 : 32.45"
"22,86 : 30.68"
"22,87 : 20.22"
"22,88 : 17.46"
"22,89 : 18.03"
"22,90 : 10.63"
"22,91 : 17.46"
"22,92 : 25.81"
"22,93 : 27.73"
"22,94 : 0.0"
"22,95 : 21.54"
"22,96 : 26.42"
"22,97 : 32.2"
"22,98 : 38.9"
"22,99 : 17.0"
"23,0 : 14.21"
"23,1 : 29.12"
"23,2 : 31.91"
"23,3 : 25.61"
"23,4 : 17.12"
"23,5 : 31.06"
"23,6 : 36.8"
"23,7 : 15.65"
"23,8 : 18.38"
"23,9 : 17.72"
"23,10 : 29.43"
"23,11 : 29.97"
"23,12 : 8.06"
"23,13 : 26.87"
"23,14 : 27.07"
"23,15 : 33.12"
"23,16 : 29.61"
"23,17 : 26.25"
"23,18 : 4.12"
"23,19 : 28.6"
"23,20 : 30.02"
"23,21 : 16.64"
"23,22 : 17.03"
"23,23 : 0.0"
"23,24 : 27.07"
"23,25 : 10.82"
"23,26 : 24.08"
"23,27 : 16.76"
"23,28 : 11.18"
"23,29 : 17.26"
"23,30 : 22.2"
"23,31 : 34.71"
"23,32 : 26.42"
"23,33 : 7.28"
"23,34 : 28.46"
"23,35 : 19.42"
"23,36 : 3.0"
"23,37 : 22.67"
"23,38 : 10.0"
"23,39 : 19.1"
"23,40 : 29.73"
"23,41 : 30.48"
"23,42 : 16.55"
"23,43 : 33.54"
"23,44 : 15.26"
"23,45 : 26.08"
"23,46 : 15.03"
"23,47 : 8.06"
"23,48 : 30.15"
"23,49 : 17.03"
"23,50 : 20.81"
"23,51 : 15.52"
"23,52 : 8.54"
"23,53 : 26.91"
"23,54 : 16.12"
"23,55 : 1.41"
"23,56 : 27.86"
"23,57 : 30.41"
"23,58 : 23.77"
"23,59 : 10.3"
"23,60 : 38.95"
"23,61 : 41.11"
"23,62 : 34.99"
"23,63 : 15.81"
"23,64 : 36.8"
"23,65 : 16.28"
"23,66 : 7.21"
"23,67 : 18.68"
"23,68 : 26.91"
"23,69 : 16.12"
"23,70 : 34.83"
"23,71 : 12.21"
"23,72 : 10.63"
"23,73 : 10.44"
"23,74 : 10.2"
"23,75 : 27.46"
"23,76 : 23.02"
"23,77 : 23.85"
"23,78 : 11.0"
"23,79 : 28.32"
"23,80 : 14.76"
"23,81 : 30.46"
"23,82 : 0.0"
"23,83 : 24.17"
"23,84 : 8.06"
"23,85 : 19.72"
"23,86 : 16.28"
"23,87 : 23.6"
"23,88 : 20.62"
"23,89 : 1.0"
"23,90 : 25.63"
"23,91 : 19.72"
"23,92 : 14.56"
"23,93 : 24.52"
"23,94 : 17.03"
"23,95 : 7.62"
"23,96 : 13.42"
"23,97 : 20.12"
"23,98 : 23.85"
"23,99 : 9.22"
"24,0 : 38.64"
"24,1 : 32.2"
"24,2 : 50.61"
"24,3 : 48.3"
"24,4 : 31.4"
"24,5 : 19.03"
"24,6 : 23.0"
"24,7 : 41.3"
"24,8 : 25.0"
"24,9 : 29.07"
"24,10 : 41.87"
"24,11 : 11.0"
"24,12 : 34.06"
"24,13 : 22.47"
"24,14 : 0.0"
"24,15 : 50.77"
"24,16 : 4.47"
"24,17 : 10.2"
"24,18 : 23.19"
"24,19 : 48.75"
"24,20 : 39.6"
"24,21 : 21.63"
"24,22 : 31.76"
"24,23 : 27.07"
"24,24 : 0.0"
"24,25 : 18.44"
"24,26 : 45.88"
"24,27 : 36.72"
"24,28 : 23.41"
"24,29 : 44.01"
"24,30 : 7.07"
"24,31 : 24.33"
"24,32 : 11.7"
"24,33 : 30.36"
"24,34 : 30.81"
"24,35 : 46.04"
"24,36 : 30.07"
"24,37 : 47.17"
"24,38 : 35.23"
"24,39 : 41.76"
"24,40 : 18.68"
"24,41 : 22.14"
"24,42 : 23.85"
"24,43 : 17.26"
"24,44 : 17.2"
"24,45 : 4.12"
"24,46 : 42.11"
"24,47 : 23.54"
"24,48 : 3.16"
"24,49 : 16.64"
"24,50 : 43.38"
"24,51 : 35.36"
"24,52 : 19.65"
"24,53 : 48.47"
"24,54 : 43.0"
"24,55 : 28.02"
"24,56 : 12.04"
"24,57 : 7.62"
"24,58 : 29.7"
"24,59 : 36.12"
"24,60 : 24.08"
"24,61 : 25.32"
"24,62 : 53.0"
"24,63 : 42.58"
"24,64 : 25.08"
"24,65 : 39.29"
"24,66 : 32.02"
"24,67 : 45.1"
"24,68 : 17.46"
"24,69 : 32.2"
"24,70 : 25.5"
"24,71 : 38.08"
"24,72 : 22.36"
"24,73 : 37.34"
"24,74 : 26.25"
"24,75 : 46.96"
"24,76 : 43.46"
"24,77 : 43.86"
"24,78 : 16.12"
"24,79 : 21.84"
"24,80 : 14.87"
"24,81 : 14.04"
"24,82 : 27.07"
"24,83 : 9.43"
"24,84 : 23.54"
"24,85 : 15.62"
"24,86 : 40.5"
"24,87 : 14.42"
"24,88 : 15.56"
"24,89 : 27.17"
"24,90 : 42.19"
"24,91 : 44.72"
"24,92 : 14.32"
"24,93 : 4.24"
"24,94 : 31.76"
"24,95 : 20.62"
"24,96 : 17.0"
"24,97 : 14.21"
"24,98 : 45.65"
"24,99 : 36.0"
"25,0 : 20.22"
"25,1 : 22.02"
"25,2 : 33.42"
"25,3 : 36.07"
"25,4 : 24.04"
"25,5 : 28.6"
"25,6 : 26.17"
"25,7 : 23.02"
"25,8 : 11.18"
"25,9 : 23.35"
"25,10 : 26.93"
"25,11 : 19.31"
"25,12 : 16.12"
"25,13 : 26.93"
"25,14 : 18.44"
"25,15 : 33.97"
"25,16 : 20.0"
"25,17 : 21.26"
"25,18 : 8.6"
"25,19 : 31.06"
"25,20 : 26.0"
"25,21 : 8.0"
"25,22 : 14.87"
"25,23 : 10.82"
"25,24 : 18.44"
"25,25 : 0.0"
"25,26 : 27.73"
"25,27 : 26.08"
"25,28 : 5.66"
"25,29 : 26.17"
"25,30 : 15.81"
"25,31 : 24.41"
"25,32 : 15.65"
"25,33 : 17.03"
"25,34 : 21.0"
"25,35 : 28.07"
"25,36 : 13.42"
"25,37 : 33.42"
"25,38 : 17.0"
"25,39 : 23.41"
"25,40 : 19.1"
"25,41 : 20.25"
"25,42 : 9.22"
"25,43 : 29.7"
"25,44 : 14.56"
"25,45 : 18.79"
"25,46 : 25.0"
"25,47 : 5.1"
"25,48 : 21.21"
"25,49 : 6.4"
"25,50 : 31.14"
"25,51 : 24.7"
"25,52 : 9.06"
"25,53 : 30.41"
"25,54 : 25.32"
"25,55 : 11.18"
"25,56 : 23.35"
"25,57 : 23.71"
"25,58 : 17.26"
"25,59 : 18.03"
"25,60 : 28.28"
"25,61 : 30.41"
"25,62 : 36.12"
"25,63 : 26.4"
"25,64 : 26.4"
"25,65 : 20.88"
"25,66 : 17.69"
"25,67 : 27.02"
"25,68 : 16.28"
"25,69 : 14.87"
"25,70 : 24.7"
"25,71 : 23.02"
"25,72 : 14.14"
"25,73 : 21.02"
"25,74 : 8.06"
"25,75 : 29.41"
"25,76 : 25.55"
"25,77 : 26.08"
"25,78 : 6.32"
"25,79 : 27.73"
"25,80 : 4.12"
"25,81 : 26.17"
"25,82 : 10.82"
"25,83 : 13.6"
"25,84 : 5.1"
"25,85 : 17.89"
"25,86 : 26.91"
"25,87 : 12.81"
