x,y
13,21
46,4
21,16
39,50
11,1
0,0
39,12
5,37
43,33
21,40
15,31
33,30
4,5
15,0
19,35
30,34
44,36
41,48
38,32
47,6
46,47
2,42
21,38
39,31
30,36
14,7
50,6
16,30
35,24
41,39
48,25
31,46
25,0
4,12
41,32
28,30
11,42
34,42
12,34
29,50
9,7
12,15
23,15
3,20
17,44
15,9
46,28
1,26
15,18
48,50
19,6
38,5
26,13
20,47
21,31
13,42
42,7
36,37
50,23
25,20
10,39
35,50
48,27
11,1
37,27
16,0
11,45
1,1
20,5
48,41
8,0
22,38
2,10
9,19
13,5
36,19
1,8
19,26
1,19
34,45
7,19
19,19
32,20
15,33
26,30
18,5
32,24
36,22
34,15
46,26
38,44
44,31
2,34
6,11
48,45
35,24
43,21
34,42
50,17
11,13

Distanze
"0,0 : 0.0"
"0,1 : 37.12"
"0,2 : 9.43"
"0,3 : 38.95"
"0,4 : 20.1"
"0,5 : 24.7"
"0,6 : 27.51"
"0,7 : 17.89"
"0,8 : 32.31"
"0,9 : 20.62"
"0,10 : 10.2"
"0,11 : 21.93"
"0,12 : 18.36"
"0,13 : 21.1"
"0,14 : 15.23"
"0,15 : 21.4"
"0,16 : 34.44"
"0,17 : 38.9"
"0,18 : 27.31"
"0,19 : 37.16"
"0,20 : 42.01"
"0,21 : 23.71"
"0,22 : 18.79"
"0,23 : 27.86"
"0,24 : 22.67"
"0,25 : 14.04"
"0,26 : 39.92"
"0,27 : 9.49"
"0,28 : 22.2"
"0,29 : 33.29"
"0,30 : 35.23"
"0,31 : 30.81"
"0,32 : 24.19"
"0,33 : 12.73"
"0,34 : 30.08"
"0,35 : 17.49"
"0,36 : 21.1"
"0,37 : 29.7"
"0,38 : 13.04"
"0,39 : 33.12"
"0,40 : 14.56"
"0,41 : 6.08"
"0,42 : 11.66"
"0,43 : 10.05"
"0,44 : 23.35"
"0,45 : 12.17"
"0,46 : 33.73"
"0,47 : 13.0"
"0,48 : 3.61"
"0,49 : 45.45"
"0,50 : 16.16"
"0,51 : 29.68"
"0,52 : 15.26"
"0,53 : 26.93"
"0,54 : 12.81"
"0,55 : 21.0"
"0,56 : 32.2"
"0,57 : 28.02"
"0,58 : 37.05"
"0,59 : 12.04"
"0,60 : 18.25"
"0,61 : 36.4"
"0,62 : 35.51"
"0,63 : 20.1"
"0,64 : 24.74"
"0,65 : 21.21"
"0,66 : 24.08"
"0,67 : 23.32"
"0,68 : 17.46"
"0,69 : 40.31"
"0,70 : 21.59"
"0,71 : 19.24"
"0,72 : 15.56"
"0,73 : 4.47"
"0,74 : 16.0"
"0,75 : 23.09"
"0,76 : 17.69"
"0,77 : 7.81"
"0,78 : 12.17"
"0,79 : 31.89"
"0,80 : 6.32"
"0,81 : 6.32"
"0,82 : 19.03"
"0,83 : 12.17"
"0,84 : 15.81"
"0,85 : 16.76"
"0,86 : 19.24"
"0,87 : 23.02"
"0,88 : 21.84"
"0,89 : 33.38"
"0,90 : 33.97"
"0,91 : 32.57"
"0,92 : 17.03"
"0,93 : 12.21"
"0,94 : 42.44"
"0,95 : 22.2"
"0,96 : 30.0"
"0,97 : 29.7"
"0,98 : 37.22"
"0,99 : 8.25"
"1,0 : 37.12"
"1,1 : 0.0"
"1,2 : 27.73"
"1,3 : 46.53"
"1,4 : 35.13"
"1,5 : 46.17"
"1,6 : 10.63"
"1,7 : 52.63"
"1,8 : 29.15"
"1,9 : 43.83"
"1,10 : 41.11"
"1,11 : 29.07"
"1,12 : 42.01"
"1,13 : 31.26"
"1,14 : 41.11"
"1,15 : 34.0"
"1,16 : 32.06"
"1,17 : 44.28"
"1,18 : 29.12"
"1,19 : 2.24"
"1,20 : 43.0"
"1,21 : 58.14"
"1,22 : 42.2"
"1,23 : 27.89"
"1,24 : 35.78"
"1,25 : 32.14"
"1,26 : 4.47"
"1,27 : 39.7"
"1,28 : 22.83"
"1,29 : 35.36"
"1,30 : 21.1"
"1,31 : 44.6"
"1,32 : 21.38"
"1,33 : 42.76"
"1,34 : 28.44"
"1,35 : 31.62"
"1,36 : 51.66"
"1,37 : 39.85"
"1,38 : 45.34"
"1,39 : 49.04"
"1,40 : 37.12"
"1,41 : 35.74"
"1,42 : 25.5"
"1,43 : 45.88"
"1,44 : 49.41"
"1,45 : 31.4"
"1,46 : 24.0"
"1,47 : 50.09"
"1,48 : 34.01"
"1,49 : 46.04"
"1,50 : 27.07"
"1,51 : 8.06"
"1,52 : 21.93"
"1,53 : 50.25"
"1,54 : 36.8"
"1,55 : 50.33"
"1,56 : 5.0"
"1,57 : 34.48"
"1,58 : 19.42"
"1,59 : 26.4"
"1,60 : 50.21"
"1,61 : 47.3"
"1,62 : 23.09"
"1,63 : 35.13"
"1,64 : 24.7"
"1,65 : 30.27"
"1,66 : 53.91"
"1,67 : 45.1"
"1,68 : 26.02"
"1,69 : 37.05"
"1,70 : 38.21"
"1,71 : 41.62"
"1,72 : 44.41"
"1,73 : 39.92"
"1,74 : 33.02"
"1,75 : 18.03"
"1,76 : 45.18"
"1,77 : 34.83"
"1,78 : 47.43"
"1,79 : 42.72"
"1,80 : 41.79"
"1,81 : 30.89"
"1,82 : 21.26"
"1,83 : 42.45"
"1,84 : 32.8"
"1,85 : 28.02"
"1,86 : 24.41"
"1,87 : 20.59"
"1,88 : 16.28"
"1,89 : 22.0"
"1,90 : 40.79"
"1,91 : 27.07"
"1,92 : 53.25"
"1,93 : 40.61"
"1,94 : 41.05"
"1,95 : 22.83"
"1,96 : 17.26"
"1,97 : 39.85"
"1,98 : 13.6"
"1,99 : 36.14"
"2,0 : 9.43"
"2,1 : 27.73"
"2,2 : 0.0"
"2,3 : 38.47"
"2,4 : 18.03"
"2,5 : 26.4"
"2,6 : 18.44"
"2,7 : 26.4"
"2,8 : 27.8"
"2,9 : 24.0"
"2,10 : 16.16"
"2,11 : 18.44"
"2,12 : 20.25"
"2,13 : 17.09"
"2,14 : 19.1"
"2,15 : 20.12"
"2,16 : 30.48"
"2,17 : 37.74"
"2,18 : 23.35"
"2,19 : 27.86"
"2,20 : 39.82"
"2,21 : 32.2"
"2,22 : 22.0"
"2,23 : 23.43"
"2,24 : 21.93"
"2,25 : 11.4"
"2,26 : 30.68"
"2,27 : 14.87"
"2,28 : 16.12"
"2,29 : 30.48"
"2,30 : 28.46"
"2,31 : 31.62"
"2,32 : 16.49"
"2,33 : 17.46"
"2,34 : 25.61"
"2,35 : 15.65"
"2,36 : 27.86"
"2,37 : 29.07"
"2,38 : 20.12"
"2,39 : 34.93"
"2,40 : 15.0"
"2,41 : 9.06"
"2,42 : 2.24"
"2,43 : 18.44"
"2,44 : 28.28"
"2,45 : 9.22"
"2,46 : 27.73"
"2,47 : 22.36"
"2,48 : 6.32"
"2,49 : 43.42"
"2,50 : 10.2"
"2,51 : 20.25"
"2,52 : 5.83"
"2,53 : 31.02"
"2,54 : 15.0"
"2,55 : 27.2"
"2,56 : 22.85"
"2,57 : 25.81"
"2,58 : 29.83"
"2,59 : 5.66"
"2,60 : 25.5"
"2,61 : 36.77"
"2,62 : 29.15"
"2,63 : 18.03"
"2,64 : 19.42"
"2,65 : 16.76"
"2,66 : 30.68"
"2,67 : 25.0"
"2,68 : 11.05"
"2,69 : 36.8"
"2,70 : 20.62"
"2,71 : 22.02"
"2,72 : 19.92"
"2,73 : 12.37"
"2,74 : 13.6"
"2,75 : 15.3"
"2,76 : 21.54"
"2,77 : 10.2"
"2,78 : 20.22"
"2,79 : 31.78"
"2,80 : 14.32"
"2,81 : 3.61"
"2,82 : 11.7"
"2,83 : 18.03"
"2,84 : 14.87"
"2,85 : 11.4"
"2,86 : 13.6"
"2,87 : 16.16"
"2,88 : 13.04"
"2,89 : 26.93"
"2,90 : 32.76"
"2,91 : 27.46"
"2,92 : 26.17"
"2,93 : 15.81"
"2,94 : 39.62"
"2,95 : 16.12"
"2,96 : 22.56"
"2,97 : 29.07"
"2,98 : 29.02"
"2,99 : 10.44"
"3,0 : 38.95"
"3,1 : 46.53"
"3,2 : 38.47"
"3,3 : 0.0"
"3,4 : 56.44"
"3,5 : 63.41"
"3,6 : 38.0"
"3,7 : 36.4"
"3,8 : 17.46"
"3,9 : 20.59"
"3,10 : 30.61"
"3,11 : 20.88"
"3,12 : 57.01"
"3,13 : 55.46"
"3,14 : 25.0"
"3,15 : 18.36"
"3,16 : 14.87"
"3,17 : 2.83"
"3,18 : 18.03"
"3,19 : 44.72"
"3,20 : 7.62"
"3,21 : 37.85"
"3,22 : 21.63"
"3,23 : 19.0"
"3,24 : 16.64"
"3,25 : 49.74"
"3,26 : 45.35"
"3,27 : 30.48"
"3,28 : 26.31"
"3,29 : 11.18"
"3,30 : 26.57"
"3,31 : 8.94"
"3,32 : 51.92"
"3,33 : 51.66"
"3,34 : 18.11"
"3,35 : 22.83"
"3,36 : 29.12"
"3,37 : 9.43"
"3,38 : 31.38"
"3,39 : 10.0"
"3,40 : 52.43"
"3,41 : 44.2"
"3,42 : 38.48"
"3,43 : 46.86"
"3,44 : 22.8"
"3,45 : 47.51"
"3,46 : 23.09"
"3,47 : 44.94"
"3,48 : 40.0"
"3,49 : 9.0"
"3,50 : 48.33"
"3,51 : 45.01"
"3,52 : 39.22"
"3,53 : 19.24"
"3,54 : 26.17"
"3,55 : 27.2"
"3,56 : 43.1"
"3,57 : 13.34"
"3,58 : 29.15"
"3,59 : 33.11"
"3,60 : 31.02"
"3,61 : 4.0"
"3,62 : 24.7"
"3,63 : 56.44"
"3,64 : 23.09"
"3,65 : 55.04"
"3,66 : 28.44"
"3,67 : 62.01"
"3,68 : 48.85"
"3,69 : 12.73"
"3,70 : 58.83"
"3,71 : 20.81"
"3,72 : 54.49"
"3,73 : 43.14"
"3,74 : 51.97"
"3,75 : 31.14"
"3,76 : 56.64"
"3,77 : 31.24"
"3,78 : 49.04"
"3,79 : 7.07"
"3,80 : 44.55"
"3,81 : 36.89"
"3,82 : 30.81"
"3,83 : 29.41"
"3,84 : 23.85"
"3,85 : 49.66"
"3,86 : 26.93"
"3,87 : 28.16"
"3,88 : 35.36"
"3,89 : 25.0"
"3,90 : 6.08"
"3,91 : 19.65"
"3,92 : 40.31"
"3,93 : 51.09"
"3,94 : 10.3"
"3,95 : 26.31"
"3,96 : 29.27"
"3,97 : 9.43"
"3,98 : 34.79"
"3,99 : 46.4"
"4,0 : 20.1"
"4,1 : 35.13"
"4,2 : 18.03"
"4,3 : 56.44"
"4,4 : 0.0"
"4,5 : 11.05"
"4,6 : 30.08"
"4,7 : 36.5"
"4,8 : 45.25"
"4,9 : 40.26"
"4,10 : 30.27"
"4,11 : 36.4"
"4,12 : 8.06"
"4,13 : 4.12"
"4,14 : 34.93"
"4,15 : 38.08"
"4,16 : 48.1"
"4,17 : 55.76"
"4,18 : 41.11"
"4,19 : 36.35"
"4,20 : 57.8"
"4,21 : 41.98"
"4,22 : 38.33"
"4,23 : 41.04"
"4,24 : 39.82"
"4,25 : 6.71"
"4,26 : 39.32"
"4,27 : 29.43"
"4,28 : 33.24"
"4,29 : 48.41"
"4,30 : 44.1"
"4,31 : 49.24"
"4,32 : 14.04"
"4,33 : 13.04"
"4,34 : 43.14"
"4,35 : 33.62"
"4,36 : 41.0"
"4,37 : 47.01"
"4,38 : 33.02"
"4,39 : 52.2"
"4,40 : 6.32"
"4,41 : 14.04"
"4,42 : 18.44"
"4,43 : 20.62"
"4,44 : 43.42"
"4,45 : 8.94"
"4,46 : 44.2"
"4,47 : 26.93"
"4,48 : 17.46"
"4,49 : 61.4"
"4,50 : 9.43"
"4,51 : 27.29"
"4,52 : 19.21"
"4,53 : 46.87"
"4,54 : 31.62"
"4,55 : 41.05"
"4,56 : 31.58"
"4,57 : 43.83"
"4,58 : 44.78"
"4,59 : 23.6"
"4,60 : 38.01"
"4,61 : 54.56"
"4,62 : 45.22"
"4,63 : 0.0"
"4,64 : 36.77"
"4,65 : 5.1"
"4,66 : 44.0"
"4,67 : 10.0"
"4,68 : 9.85"
"4,69 : 54.49"
"4,70 : 3.16"
"4,71 : 38.6"
"4,72 : 12.73"
"4,73 : 18.11"
"4,74 : 4.47"
"4,75 : 30.81"
"4,76 : 12.21"
"4,77 : 26.25"
"4,78 : 20.59"
"4,79 : 49.65"
"4,80 : 18.44"
"4,81 : 19.7"
"4,82 : 28.32"
"4,83 : 32.25"
"4,84 : 32.65"
"4,85 : 8.06"
"4,86 : 31.14"
"4,87 : 32.65"
"4,88 : 26.93"
"4,89 : 43.01"
"4,90 : 50.77"
"4,91 : 44.6"
"4,92 : 34.21"
"4,93 : 11.18"
"4,94 : 57.49"
"4,95 : 33.24"
"4,96 : 37.74"
"4,97 : 47.01"
"4,98 : 42.15"
"4,99 : 12.0"
"5,0 : 24.7"
"5,1 : 46.17"
"5,2 : 26.4"
"5,3 : 63.41"
"5,4 : 11.05"
"5,5 : 0.0"
"5,6 : 40.8"
"5,7 : 37.34"
"5,8 : 54.2"
"5,9 : 45.18"
"5,10 : 34.44"
"5,11 : 44.6"
"5,12 : 6.4"
"5,13 : 15.0"
"5,14 : 39.82"
"5,15 : 45.34"
"5,16 : 56.85"
"5,17 : 63.13"
"5,18 : 49.68"
"5,19 : 47.38"
"5,20 : 65.76"
"5,21 : 42.05"
"5,22 : 43.42"
"5,23 : 49.82"
"5,24 : 46.86"
"5,25 : 15.65"
"5,26 : 50.36"
"5,27 : 34.0"
"5,28 : 42.44"
"5,29 : 56.59"
"5,30 : 54.12"
"5,31 : 55.47"
"5,32 : 25.0"
"5,33 : 12.65"
"5,34 : 52.01"
"5,35 : 41.04"
"5,36 : 43.42"
"5,37 : 54.04"
"5,38 : 36.06"
"5,39 : 57.8"
"5,40 : 11.4"
"5,41 : 19.21"
"5,42 : 27.46"
"5,43 : 20.22"
"5,44 : 47.17"
"5,45 : 17.49"
"5,46 : 53.85"
"5,47 : 26.02"
"5,48 : 23.43"
"5,49 : 69.31"
"5,50 : 19.92"
"5,51 : 38.33"
"5,52 : 29.07"
"5,53 : 51.08"
"5,54 : 37.44"
"5,55 : 43.97"
"5,56 : 42.58"
"5,57 : 51.62"
"5,58 : 55.04"
"5,59 : 32.02"
"5,60 : 40.26"
"5,61 : 61.03"
"5,62 : 55.07"
"5,63 : 11.05"
"5,64 : 45.8"
"5,65 : 16.0"
"5,66 : 46.32"
"5,67 : 1.41"
"5,68 : 20.62"
"5,69 : 63.13"
"5,70 : 8.0"
"5,71 : 43.91"
"5,72 : 10.2"
"5,73 : 21.02"
"5,74 : 13.93"
"5,75 : 40.71"
"5,76 : 8.06"
"5,77 : 32.2"
"5,78 : 19.03"
"5,79 : 56.4"
"5,80 : 20.25"
"5,81 : 26.87"
"5,82 : 37.74"
"5,83 : 36.25"
"5,84 : 39.7"
"5,85 : 18.68"
"5,86 : 40.0"
"5,87 : 42.19"
"5,88 : 37.16"
"5,89 : 52.84"
"5,90 : 58.14"
"5,91 : 53.82"
"5,92 : 34.06"
"5,93 : 12.53"
"5,94 : 65.8"
"5,95 : 42.44"
"5,96 : 47.85"
"5,97 : 54.04"
"5,98 : 52.81"
"5,99 : 17.03"
"6,0 : 27.51"
"6,1 : 10.63"
"6,2 : 18.44"
"6,3 : 38.0"
"6,4 : 30.08"
"6,5 : 40.8"
"6,6 : 0.0"
"6,7 : 42.2"
"6,8 : 21.38"
"6,9 : 33.29"
"6,10 : 30.61"
"6,11 : 18.97"
"6,12 : 35.69"
"6,13 : 26.83"
"6,14 : 30.48"
"6,15 : 23.77"
"6,16 : 24.52"
"6,17 : 36.06"
"6,18 : 20.02"
"6,19 : 10.0"
"6,20 : 35.69"
"6,21 : 47.63"
"6,22 : 31.62"
"6,23 : 19.0"
"6,24 : 25.63"
"6,25 : 25.5"
"6,26 : 12.53"
"6,27 : 29.21"
"6,28 : 12.65"
"6,29 : 27.07"
"6,30 : 15.81"
"6,31 : 34.93"
"6,32 : 18.44"
"6,33 : 35.0"
"6,34 : 20.1"
"6,35 : 21.1"
"6,36 : 41.04"
"6,37 : 30.41"
"6,38 : 34.83"
"6,39 : 39.29"
"6,40 : 30.41"
"6,41 : 27.17"
"6,42 : 16.28"
"6,43 : 36.88"
"6,44 : 38.83"
"6,45 : 24.19"
"6,46 : 17.46"
"6,47 : 40.5"
"6,48 : 24.74"
"6,49 : 39.05"
"6,50 : 20.88"
"6,51 : 7.07"
"6,52 : 13.04"
"6,53 : 39.82"
"6,54 : 26.17"
"6,55 : 39.7"
"6,56 : 5.83"
"6,57 : 25.18"
"6,58 : 15.56"
"6,59 : 16.12"
"6,60 : 39.62"
"6,61 : 38.21"
"6,62 : 17.49"
"6,63 : 30.08"
"6,64 : 15.13"
"6,65 : 25.94"
"6,66 : 43.28"
"6,67 : 39.56"
"6,68 : 20.25"
"6,69 : 30.36"
"6,70 : 33.24"
"6,71 : 31.06"
"6,72 : 37.05"
"6,73 : 30.81"
"6,74 : 26.93"
"6,75 : 7.62"
"6,76 : 38.21"
"6,77 : 24.41"
"6,78 : 38.64"
"6,79 : 33.38"
"6,80 : 32.76"
"6,81 : 21.19"
"6,82 : 10.63"
"6,83 : 31.89"
"6,84 : 22.2"
"6,85 : 22.14"
"6,86 : 13.89"
"6,87 : 10.44"
"6,88 : 5.83"
"6,89 : 15.65"
"6,90 : 32.02"
"6,91 : 19.65"
"6,92 : 43.05"
"6,93 : 33.02"
"6,94 : 34.21"
"6,95 : 12.65"
"6,96 : 9.85"
"6,97 : 30.41"
"6,98 : 12.08"
"6,99 : 28.02"
"7,0 : 17.89"
"7,1 : 52.63"
"7,2 : 26.4"
"7,3 : 36.4"
"7,4 : 36.5"
"7,5 : 37.34"
"7,6 : 42.2"
"7,7 : 0.0"
"7,8 : 38.21"
"7,9 : 16.28"
"7,10 : 11.66"
"7,11 : 28.86"
"7,12 : 32.02"
"7,13 : 38.33"
"7,14 : 14.14"
"7,15 : 25.18"
"7,16 : 39.01"
"7,17 : 37.64"
"7,18 : 33.38"
"7,19 : 52.2"
"7,20 : 42.2"
"7,21 : 5.83"
"7,22 : 16.03"
"7,23 : 34.53"
"7,24 : 25.02"
"7,25 : 31.32"
"7,26 : 54.64"
"7,27 : 13.04"
"7,28 : 32.7"
"7,29 : 36.06"
"7,30 : 44.64"
"7,31 : 27.51"
"7,32 : 42.06"
"7,33 : 25.02"
"7,34 : 36.35"
"7,35 : 24.04"
"7,36 : 7.81"
"7,37 : 29.43"
"7,38 : 7.62"
"7,39 : 27.29"
"7,40 : 30.27"
"7,41 : 23.09"
"7,42 : 28.43"
"7,43 : 17.12"
"7,44 : 13.89"
"7,45 : 29.73"
"7,46 : 41.98"
"7,47 : 11.7"
"7,48 : 21.47"
"7,49 : 44.92"
"7,50 : 34.01"
"7,51 : 45.97"
"7,52 : 31.89"
"7,53 : 18.03"
"7,54 : 17.09"
"7,55 : 9.43"
"7,56 : 47.63"
"7,57 : 31.0"
"7,58 : 47.13"
"7,59 : 26.25"
"7,60 : 5.39"
"7,61 : 32.7"
"7,62 : 44.15"
"7,63 : 36.5"
"7,64 : 33.53"
"7,65 : 38.6"
"7,66 : 10.0"
"7,67 : 36.22"
"7,68 : 35.34"
"7,69 : 43.19"
"7,70 : 37.12"
"7,71 : 17.03"
"7,72 : 27.17"
"7,73 : 18.44"
"7,74 : 32.98"
"7,75 : 35.85"
"7,76 : 29.27"
"7,77 : 17.8"
"7,78 : 18.44"
"7,79 : 30.08"
"7,80 : 18.11"
"7,81 : 22.8"
"7,82 : 31.91"
"7,83 : 10.77"
"7,84 : 22.14"
"7,85 : 34.54"
"7,86 : 29.97"
"7,87 : 34.44"
"7,88 : 36.4"
"7,89 : 42.45"
"7,90 : 33.73"
"7,91 : 39.46"
"7,92 : 4.24"
"7,93 : 26.02"
"7,94 : 43.74"
"7,95 : 32.7"
"7,96 : 41.23"
"7,97 : 29.43"
"7,98 : 49.24"
"7,99 : 24.74"
"8,0 : 32.31"
"8,1 : 29.15"
"8,2 : 27.8"
"8,3 : 17.46"
"8,4 : 45.25"
"8,5 : 54.2"
"8,6 : 21.38"
"8,7 : 38.21"
"8,8 : 0.0"
"8,9 : 23.09"
"8,10 : 28.07"
"8,11 : 10.44"
"8,12 : 48.01"
"8,13 : 43.28"
"8,14 : 24.08"
"8,15 : 13.04"
"8,16 : 3.16"
"8,17 : 15.13"
"8,18 : 5.1"
"8,19 : 27.29"
"8,20 : 14.32"
"8,21 : 41.98"
"8,22 : 22.56"
"8,23 : 4.47"
"8,24 : 13.34"
"8,25 : 38.95"
"8,26 : 27.89"
"8,27 : 27.17"
"8,28 : 12.04"
"8,29 : 6.32"
"8,30 : 9.43"
"8,31 : 17.69"
"8,32 : 37.59"
"8,33 : 44.29"
"8,34 : 2.24"
"8,35 : 15.3"
"8,36 : 33.24"
"8,37 : 12.73"
"8,38 : 31.02"
"8,39 : 22.02"
"8,40 : 42.8"
"8,41 : 35.85"
"8,42 : 26.91"
"8,43 : 42.06"
"8,44 : 28.23"
"8,45 : 36.88"
"8,46 : 5.83"
"8,47 : 42.58"
"8,48 : 31.76"
"8,49 : 17.72"
"8,50 : 36.12"
"8,51 : 28.44"
"8,52 : 26.25"
"8,53 : 26.93"
"8,54 : 22.09"
"8,55 : 31.32"
"8,56 : 26.02"
"8,57 : 8.06"
"8,58 : 12.21"
"8,59 : 22.2"
"8,60 : 33.54"
"8,61 : 18.79"
"8,62 : 7.81"
"8,63 : 45.25"
"8,64 : 8.49"
"8,65 : 42.64"
"8,66 : 34.18"
"8,67 : 52.8"
"8,68 : 36.24"
"8,69 : 9.43"
"8,70 : 48.1"
"8,71 : 21.59"
"8,72 : 47.01"
"8,73 : 36.77"
"8,74 : 41.04"
"8,75 : 15.65"
"8,76 : 48.88"
"8,77 : 25.0"
"8,78 : 44.27"
"8,79 : 15.0"
"8,80 : 38.63"
"8,81 : 27.78"
"8,82 : 17.03"
"8,83 : 28.0"
"8,84 : 17.26"
"8,85 : 37.54"
"8,86 : 14.21"
"8,87 : 13.04"
"8,88 : 20.12"
"8,89 : 7.62"
"8,90 : 12.08"
"8,91 : 2.24"
"8,92 : 41.01"
"8,93 : 43.05"
"8,94 : 13.0"
"8,95 : 12.04"
"8,96 : 12.0"
"8,97 : 12.73"
"8,98 : 17.46"
"8,99 : 37.74"
"9,0 : 20.62"
"9,1 : 43.83"
"9,2 : 24.0"
"9,3 : 20.59"
"9,4 : 40.26"
"9,5 : 45.18"
"9,6 : 33.29"
"9,7 : 16.28"
"9,8 : 23.09"
"9,9 : 0.0"
"9,10 : 10.82"
"9,11 : 15.62"
"9,12 : 38.91"
"9,13 : 40.45"
"9,14 : 5.39"
"9,15 : 10.82"
"9,16 : 23.35"
"9,17 : 21.54"
"9,18 : 18.79"
"9,19 : 42.8"
"9,20 : 25.96"
"9,21 : 19.1"
"9,22 : 2.0"
"9,23 : 20.12"
"9,24 : 9.85"
"9,25 : 33.73"
"9,26 : 44.69"
"9,27 : 11.18"
"9,28 : 21.26"
"9,29 : 20.02"
"9,30 : 30.89"
"9,31 : 11.66"
"9,32 : 40.2"
"9,33 : 32.76"
"9,34 : 21.54"
"9,35 : 12.21"
"9,36 : 10.2"
"9,37 : 13.15"
"9,38 : 10.82"
"9,39 : 12.81"
"9,40 : 35.11"
"9,41 : 26.57"
"9,42 : 25.08"
"9,43 : 26.91"
"9,44 : 5.66"
"9,45 : 31.58"
"9,46 : 27.73"
"9,47 : 24.41"
"9,48 : 22.8"
"9,49 : 28.79"
"9,50 : 34.06"
"9,51 : 38.91"
"9,52 : 27.46"
"9,53 : 7.07"
"9,54 : 9.0"
"9,55 : 8.25"
"9,56 : 39.12"
"9,57 : 15.3"
"9,58 : 33.62"
"9,59 : 20.4"
"9,60 : 11.05"
"9,61 : 17.2"
"9,62 : 29.97"
"9,63 : 40.26"
"9,64 : 20.62"
"9,65 : 40.31"
"9,66 : 11.18"
"9,67 : 43.83"
"9,68 : 35.01"
"9,69 : 27.02"
"9,70 : 42.06"
"9,71 : 2.24"
"9,72 : 35.51"
"9,73 : 24.19"
"9,74 : 35.9"
"9,75 : 25.81"
"9,76 : 37.74"
"9,77 : 14.14"
"9,78 : 29.0"
"9,79 : 13.93"
"9,80 : 25.24"
"9,81 : 21.1"
"9,82 : 22.83"
"9,83 : 9.22"
"9,84 : 11.18"
"9,85 : 35.13"
"9,86 : 19.42"
"9,87 : 23.43"
"9,88 : 28.18"
"9,89 : 28.65"
"9,90 : 17.46"
"9,91 : 24.7"
"9,92 : 19.92"
"9,93 : 32.65"
"9,94 : 27.46"
"9,95 : 21.26"
"9,96 : 29.07"
"9,97 : 13.15"
"9,98 : 37.01"
"9,99 : 28.79"
"10,0 : 10.2"
"10,1 : 41.11"
"10,2 : 16.16"
"10,3 : 30.61"
"10,4 : 30.27"
"10,5 : 34.44"
"10,6 : 30.61"
"10,7 : 11.66"
"10,8 : 28.07"
"10,9 : 10.82"
"10,10 : 0.0"
"10,11 : 18.03"
"10,12 : 28.23"
"10,13 : 31.0"
"10,14 : 5.66"
"10,15 : 15.3"
"10,16 : 29.43"
"10,17 : 31.06"
"10,18 : 23.02"
"10,19 : 40.61"
"10,20 : 34.89"
"10,21 : 17.03"
"10,22 : 9.22"
"10,23 : 24.0"
"10,24 : 15.81"
"10,25 : 24.02"
"10,26 : 43.01"
"10,27 : 1.41"
"10,28 : 21.19"
"10,29 : 27.2"
"10,30 : 33.54"
"10,31 : 21.93"
"10,32 : 32.57"
"10,33 : 21.95"
"10,34 : 26.02"
"10,35 : 13.04"
"10,36 : 11.7"
"10,37 : 21.95"
"10,38 : 4.24"
"10,39 : 23.6"
"10,40 : 24.74"
"10,41 : 16.28"
"10,42 : 17.89"
"10,43 : 16.28"
"10,44 : 13.15"
"10,45 : 22.0"
"10,46 : 31.14"
"10,47 : 14.87"
"10,48 : 13.0"
"10,49 : 38.08"
"10,50 : 25.32"
"10,51 : 34.71"
"10,52 : 21.1"
"10,53 : 16.76"
"10,54 : 6.0"
"10,55 : 11.18"
"10,56 : 36.12"
"10,57 : 21.84"
"10,58 : 35.9"
"10,59 : 14.87"
"10,60 : 9.43"
"10,61 : 27.59"
"10,62 : 33.24"
"10,63 : 30.27"
"10,64 : 22.36"
"10,65 : 31.02"
"10,66 : 14.56"
"10,67 : 33.11"
"10,68 : 26.48"
"10,69 : 34.48"
"10,70 : 31.78"
"10,71 : 9.9"
"10,72 : 24.7"
"10,73 : 13.42"
"10,74 : 26.08"
"10,75 : 24.19"
"10,76 : 26.93"
"10,77 : 6.4"
"10,78 : 18.44"
"10,79 : 23.6"
"10,80 : 14.42"
"10,81 : 12.65"
"10,82 : 20.25"
"10,83 : 2.0"
"10,84 : 11.05"
"10,85 : 26.17"
"10,86 : 18.38"
"10,87 : 22.85"
"10,88 : 24.84"
"10,89 : 31.4"
"10,90 : 26.42"
"10,91 : 29.0"
"10,92 : 13.34"
"10,93 : 21.93"
"10,94 : 35.85"
"10,95 : 21.19"
"10,96 : 29.73"
"10,97 : 21.95"
"10,98 : 37.7"
"10,99 : 18.44"
"11,0 : 21.93"
"11,1 : 29.07"
"11,2 : 18.44"
"11,3 : 20.88"
"11,4 : 36.4"
"11,5 : 44.6"
"11,6 : 18.97"
"11,7 : 28.86"
"11,8 : 10.44"
"11,9 : 15.62"
"11,10 : 18.03"
"11,11 : 0.0"
"11,12 : 38.29"
"11,13 : 34.99"
"11,14 : 14.87"
"11,15 : 5.0"
"11,16 : 12.53"
"11,17 : 19.7"
"11,18 : 5.39"
"11,19 : 27.78"
"11,20 : 21.4"
"11,21 : 33.24"
"11,22 : 14.42"
"11,23 : 6.08"
"11,24 : 6.71"
"11,25 : 29.83"
"11,26 : 29.41"
"11,27 : 17.0"
"11,28 : 6.32"
"11,29 : 12.04"
"11,30 : 15.81"
"11,31 : 16.12"
"11,32 : 31.05"
"11,33 : 34.13"
"11,34 : 8.25"
"11,35 : 5.0"
"11,36 : 25.06"
"11,37 : 12.04"
"11,38 : 21.38"
"11,39 : 20.4"
"11,40 : 33.24"
"11,41 : 25.81"
"11,42 : 18.03"
"11,43 : 31.62"
"11,44 : 21.26"
"11,45 : 27.66"
"11,46 : 13.15"
"11,47 : 32.25"
"11,48 : 21.63"
"11,49 : 25.0"
"11,50 : 27.78"
"11,51 : 25.5"
"11,52 : 18.38"
"11,53 : 21.4"
"11,54 : 12.04"
"11,55 : 23.32"
"11,56 : 24.7"
"11,57 : 7.62"
"11,58 : 18.38"
"11,59 : 12.81"
"11,60 : 24.7"
"11,61 : 20.1"
"11,62 : 15.3"
"11,63 : 36.4"
"11,64 : 5.0"
"11,65 : 34.48"
"11,66 : 26.63"
"11,67 : 43.19"
"11,68 : 28.18"
"11,69 : 18.6"
"11,70 : 39.05"
"11,71 : 13.6"
"11,72 : 36.89"
"11,73 : 26.4"
"11,74 : 32.02"
"11,75 : 11.4"
"11,76 : 38.83"
"11,77 : 14.56"
"11,78 : 33.84"
"11,79 : 15.03"
"11,80 : 28.23"
"11,81 : 17.8"
"11,82 : 10.05"
"11,83 : 18.25"
"11,84 : 7.0"
"11,85 : 29.15"
"11,86 : 6.08"
"11,87 : 8.54"
"11,88 : 15.03"
"11,89 : 13.6"
"11,90 : 14.87"
"11,91 : 11.05"
"11,92 : 31.26"
"11,93 : 33.02"
"11,94 : 21.21"
"11,95 : 6.32"
"11,96 : 13.45"
"11,97 : 12.04"
"11,98 : 21.4"
"11,99 : 27.8"
"12,0 : 18.36"
"12,1 : 42.01"
"12,2 : 20.25"
"12,3 : 57.01"
"12,4 : 8.06"
"12,5 : 6.4"
"12,6 : 35.69"
"12,7 : 32.02"
"12,8 : 48.01"
"12,9 : 38.91"
"12,10 : 28.23"
"12,11 : 38.29"
"12,12 : 0.0"
"12,13 : 12.08"
"12,14 : 33.54"
"12,15 : 38.95"
"12,16 : 50.61"
"12,17 : 56.73"
"12,18 : 43.42"
"12,19 : 43.01"
"12,20 : 59.4"
"12,21 : 37.05"
"12,22 : 37.12"
"12,23 : 43.6"
"12,24 : 40.46"
"12,25 : 10.2"
"12,26 : 46.01"
"12,27 : 27.73"
"12,28 : 36.36"
"12,29 : 50.25"
"12,30 : 48.33"
"12,31 : 49.09"
"12,32 : 21.59"
"12,33 : 7.0"
"12,34 : 45.8"
"12,35 : 34.66"
"12,36 : 37.66"
"12,37 : 47.63"
"12,38 : 30.08"
"12,39 : 51.48"
"12,40 : 5.39"
"12,41 : 12.81"
"12,42 : 21.47"
"12,43 : 15.03"
"12,44 : 41.11"
"12,45 : 11.7"
"12,46 : 47.89"
"12,47 : 21.21"
"12,48 : 17.03"
"12,49 : 62.94"
"12,50 : 15.03"
"12,51 : 34.0"
"12,52 : 23.41"
"12,53 : 44.94"
"12,54 : 31.06"
"12,55 : 38.08"
"12,56 : 38.05"
"12,57 : 45.25"
"12,58 : 49.4"
"12,59 : 25.81"
"12,60 : 34.53"
"12,61 : 54.64"
"12,62 : 49.19"
"12,63 : 8.06"
"12,64 : 39.66"
"12,65 : 13.0"
"12,66 : 40.61"
"12,67 : 5.0"
"12,68 : 16.0"
"12,69 : 56.85"
"12,70 : 6.4"
"12,71 : 37.59"
"12,72 : 5.39"
"12,73 : 14.87"
"12,74 : 9.0"
"12,75 : 34.93"
"12,76 : 4.24"
"12,77 : 25.81"
"12,78 : 14.32"
"12,79 : 50.0"
"12,80 : 14.32"
"12,81 : 20.52"
"12,82 : 31.76"
"12,83 : 30.08"
"12,84 : 33.3"
"12,85 : 14.0"
"12,86 : 33.84"
"12,87 : 36.24"
"12,88 : 31.62"
"12,89 : 46.96"
"12,90 : 51.74"
"12,91 : 47.71"
"12,92 : 29.07"
"12,93 : 6.32"
"12,94 : 59.46"
"12,95 : 36.36"
"12,96 : 42.15"
"12,97 : 47.63"
"12,98 : 47.54"
"12,99 : 10.63"
"13,0 : 21.1"
"13,1 : 31.26"
"13,2 : 17.09"
"13,3 : 55.46"
"13,4 : 4.12"
"13,5 : 15.0"
"13,6 : 26.83"
"13,7 : 38.33"
"13,8 : 43.28"
"13,9 : 40.45"
"13,10 : 31.0"
"13,11 : 34.99"
"13,12 : 12.08"
"13,13 : 0.0"
"13,14 : 35.23"
"13,15 : 37.16"
"13,16 : 46.23"
"13,17 : 54.59"
"13,18 : 39.41"
"13,19 : 32.56"
"13,20 : 56.3"
"13,21 : 43.97"
"13,22 : 38.47"
"13,23 : 39.2"
"13,24 : 39.0"
"13,25 : 7.07"
"13,26 : 35.51"
"13,27 : 30.02"
"13,28 : 31.24"
"13,29 : 46.87"
"13,30 : 41.4"
"13,31 : 48.7"
"13,32 : 10.0"
"13,33 : 16.28"
"13,34 : 41.23"
"13,35 : 32.7"
"13,36 : 42.19"
"13,37 : 46.1"
"13,38 : 34.13"
"13,39 : 51.92"
"13,40 : 9.22"
"13,41 : 15.3"
"13,42 : 17.0"
"13,43 : 23.32"
"13,44 : 44.05"
"13,45 : 9.0"
"13,46 : 41.77"
"13,47 : 29.53"
"13,48 : 18.0"
"13,49 : 59.91"
"13,50 : 7.21"
"13,51 : 23.54"
"13,52 : 17.03"
"13,53 : 47.27"
"13,54 : 31.58"
"13,55 : 42.05"
"13,56 : 27.89"
"13,57 : 42.54"
"13,58 : 41.88"
"13,59 : 22.36"
"13,60 : 39.32"
"13,61 : 53.85"
"13,62 : 42.64"
"13,63 : 4.12"
"13,64 : 34.83"
"13,65 : 1.0"
"13,66 : 45.18"
"13,67 : 14.04"
"13,68 : 7.07"
"13,69 : 52.63"
"13,70 : 7.0"
"13,71 : 38.64"
"13,72 : 16.4"
"13,73 : 19.92"
"13,74 : 5.39"
"13,75 : 28.32"
"13,76 : 16.12"
"13,77 : 26.31"
"13,78 : 23.6"
"13,79 : 48.85"
"13,80 : 20.62"
"13,81 : 19.42"
"13,82 : 26.25"
"13,83 : 33.0"
"13,84 : 31.95"
"13,85 : 5.83"
"13,86 : 29.41"
"13,87 : 30.41"
"13,88 : 24.21"
"13,89 : 40.46"
"13,90 : 49.65"
"13,91 : 42.45"
"13,92 : 36.4"
"13,93 : 14.21"
"13,94 : 55.8"
"13,95 : 31.24"
"13,96 : 35.0"
"13,97 : 46.1"
"13,98 : 38.91"
"13,99 : 13.6"
"14,0 : 15.23"
"14,1 : 41.11"
"14,2 : 19.1"
"14,3 : 25.0"
"14,4 : 34.93"
"14,5 : 39.82"
"14,6 : 30.48"
"14,7 : 14.14"
"14,8 : 24.08"
"14,9 : 5.39"
"14,10 : 5.66"
"14,11 : 14.87"
"14,12 : 33.54"
"14,13 : 35.23"
"14,14 : 0.0"
"14,15 : 11.05"
"14,16 : 25.02"
"14,17 : 25.55"
"14,18 : 19.24"
"14,19 : 40.31"
"14,20 : 29.55"
"14,21 : 18.38"
"14,22 : 3.61"
"14,23 : 20.4"
"14,24 : 11.05"
"14,25 : 28.44"
"14,26 : 42.45"
"14,27 : 5.83"
"14,28 : 19.42"
"14,29 : 22.36"
"14,30 : 30.68"
"14,31 : 16.28"
"14,32 : 35.51"
"14,33 : 27.46"
"14,34 : 22.2"
"14,35 : 10.3"
"14,36 : 10.63"
"14,37 : 16.55"
"14,38 : 7.07"
"14,39 : 18.03"
"14,40 : 29.73"
"14,41 : 21.19"
"14,42 : 20.4"
"14,43 : 21.93"
"14,44 : 9.22"
"14,45 : 26.31"
"14,46 : 27.89"
"14,47 : 20.12"
"14,48 : 17.46"
"14,49 : 32.65"
"14,50 : 29.0"
"14,51 : 35.51"
"14,52 : 23.09"
"14,53 : 12.04"
"14,54 : 4.47"
"14,55 : 9.22"
"14,56 : 36.24"
"14,57 : 17.12"
"14,58 : 33.24"
"14,59 : 16.16"
"14,60 : 9.85"
"14,61 : 21.93"
"14,62 : 30.08"
"14,63 : 34.93"
"14,64 : 19.7"
"14,65 : 35.13"
"14,66 : 12.81"
"14,67 : 38.47"
"14,68 : 30.02"
"14,69 : 29.61"
"14,70 : 36.69"
"14,71 : 4.24"
"14,72 : 30.23"
"14,73 : 18.87"
"14,74 : 30.59"
"14,75 : 23.35"
"14,76 : 32.45"
"14,77 : 9.0"
"14,78 : 24.08"
"14,79 : 18.03"
"14,80 : 20.0"
"14,81 : 16.0"
"14,82 : 19.85"
"14,83 : 4.47"
"14,84 : 8.6"
"14,85 : 30.02"
"14,86 : 17.03"
"14,87 : 21.4"
"14,88 : 25.0"
"14,89 : 28.46"
"14,90 : 21.02"
"14,91 : 25.32"
"14,92 : 17.03"
"14,93 : 27.29"
"14,94 : 30.68"
"14,95 : 19.42"
"14,96 : 27.78"
"14,97 : 16.55"
"14,98 : 35.85"
"14,99 : 23.41"
"15,0 : 21.4"
"15,1 : 34.0"
"15,2 : 20.12"
"15,3 : 18.36"
"15,4 : 38.08"
"15,5 : 45.34"
"15,6 : 23.77"
"15,7 : 25.18"
"15,8 : 13.04"
"15,9 : 10.82"
"15,10 : 15.3"
"15,11 : 5.0"
"15,12 : 38.95"
"15,13 : 37.16"
"15,14 : 11.05"
"15,15 : 0.0"
"15,16 : 14.14"
"15,17 : 17.8"
"15,18 : 8.25"
"15,19 : 32.76"
"15,20 : 20.62"
"15,21 : 29.12"
"15,22 : 9.85"
"15,23 : 9.49"
"15,24 : 2.0"
"15,25 : 31.38"
"15,26 : 34.41"
"15,27 : 14.56"
"15,28 : 11.18"
"15,29 : 12.08"
"15,30 : 20.12"
"15,31 : 12.04"
"15,32 : 34.37"
"15,33 : 34.06"
"15,34 : 11.18"
"15,35 : 4.47"
"15,36 : 20.62"
"15,37 : 8.94"
"15,38 : 18.0"
"15,39 : 16.03"
"15,40 : 34.21"
"15,41 : 26.17"
"15,42 : 20.25"
"15,43 : 30.41"
"15,44 : 16.4"
"15,45 : 29.15"
"15,46 : 17.09"
"15,47 : 30.08"
"15,48 : 21.93"
"15,49 : 24.08"
"15,50 : 30.08"
"15,51 : 30.08"
"15,52 : 21.38"
"15,53 : 16.4"
"15,54 : 9.49"
"15,55 : 18.79"
"15,56 : 29.55"
"15,57 : 6.71"
"15,58 : 22.83"
"15,59 : 14.87"
"15,60 : 20.62"
"15,61 : 16.76"
"15,62 : 19.31"
"15,63 : 38.08"
"15,64 : 9.9"
"15,65 : 36.77"
"15,66 : 21.95"
"15,67 : 43.93"
"15,68 : 30.68"
"15,69 : 19.31"
"15,70 : 40.5"
"15,71 : 8.94"
"15,72 : 36.88"
"15,73 : 25.81"
"15,74 : 33.62"
"15,75 : 16.16"
"15,76 : 38.95"
"15,77 : 13.6"
"15,78 : 32.65"
"15,79 : 11.7"
"15,80 : 27.46"
"15,81 : 18.6"
"15,82 : 14.14"
"15,83 : 15.03"
"15,84 : 5.66"
"15,85 : 31.38"
"15,86 : 10.2"
"15,87 : 13.42"
"15,88 : 19.42"
"15,89 : 17.89"
"15,90 : 12.81"
"15,91 : 14.32"
"15,92 : 28.0"
"15,93 : 33.24"
"15,94 : 21.1"
"15,95 : 11.18"
"15,96 : 18.38"
"15,97 : 8.94"
"15,98 : 26.25"
"15,99 : 28.32"
"16,0 : 34.44"
"16,1 : 32.06"
"16,2 : 30.48"
"16,3 : 14.87"
"16,4 : 48.1"
"16,5 : 56.85"
"16,6 : 24.52"
"16,7 : 39.01"
"16,8 : 3.16"
"16,9 : 23.35"
"16,10 : 29.43"
"16,11 : 12.53"
"16,12 : 50.61"
"16,13 : 46.23"
"16,14 : 25.02"
"16,15 : 14.14"
"16,16 : 0.0"
"16,17 : 12.37"
"16,18 : 7.21"
"16,19 : 30.15"
"16,20 : 11.18"
"16,21 : 42.43"
"16,22 : 23.09"
"16,23 : 7.07"
"16,24 : 14.0"
"16,25 : 41.73"
"16,26 : 30.59"
"16,27 : 28.64"
"16,28 : 15.0"
"16,29 : 4.24"
"16,30 : 11.7"
"16,31 : 16.4"
"16,32 : 40.71"
"16,33 : 46.65"
"16,34 : 5.0"
"16,35 : 17.09"
"16,36 : 33.54"
"16,37 : 11.66"
"16,38 : 32.06"
"16,39 : 20.52"
"16,40 : 45.45"
"16,41 : 38.28"
"16,42 : 29.7"
"16,43 : 44.01"
"16,44 : 28.16"
"16,45 : 39.62"
"16,46 : 8.25"
"16,47 : 44.15"
"16,48 : 34.13"
"16,49 : 14.56"
"16,50 : 39.05"
"16,51 : 31.58"
"16,52 : 29.21"
"16,53 : 26.4"
"16,54 : 23.54"
"16,55 : 31.58"
"16,56 : 29.07"
"16,57 : 8.06"
"16,58 : 14.32"
"16,59 : 24.84"
"16,60 : 34.13"
"16,61 : 16.64"
"16,62 : 9.85"
"16,63 : 48.1"
"16,64 : 11.4"
"16,65 : 45.61"
"16,66 : 34.21"
"16,67 : 55.44"
"16,68 : 39.2"
"16,69 : 6.4"
"16,70 : 50.91"
"16,71 : 22.09"
"16,72 : 49.4"
"16,73 : 38.91"
"16,74 : 43.84"
"16,75 : 18.79"
"16,76 : 51.31"
"16,77 : 26.93"
"16,78 : 46.24"
"16,79 : 13.45"
"16,80 : 40.72"
"16,81 : 30.23"
"16,82 : 20.0"
"16,83 : 29.15"
"16,84 : 18.97"
"16,85 : 40.46"
"16,86 : 16.97"
"16,87 : 16.12"
"16,88 : 23.26"
"16,89 : 10.2"
"16,90 : 10.0"
"16,91 : 5.0"
"16,92 : 42.05"
"16,93 : 45.49"
"16,94 : 9.85"
"16,95 : 15.0"
"16,96 : 15.03"
"16,97 : 11.66"
"16,98 : 19.92"
"16,99 : 40.22"
"17,0 : 38.9"
"17,1 : 44.28"
"17,2 : 37.74"
"17,3 : 2.83"
"17,4 : 55.76"
"17,5 : 63.13"
"17,6 : 36.06"
"17,7 : 37.64"
"17,8 : 15.13"
"17,9 : 21.54"
"17,10 : 31.06"
"17,11 : 19.7"
"17,12 : 56.73"
"17,13 : 54.59"
"17,14 : 25.55"
"17,15 : 17.8"
"17,16 : 12.37"
"17,17 : 0.0"
"17,18 : 16.28"
"17,19 : 42.43"
"17,20 : 5.1"
"17,21 : 39.46"
"17,22 : 22.36"
"17,23 : 17.12"
"17,24 : 16.28"
"17,25 : 49.09"
"17,26 : 42.95"
"17,27 : 30.81"
"17,28 : 24.74"
"17,29 : 9.0"
"17,30 : 24.04"
"17,31 : 10.2"
"17,32 : 50.6"
"17,33 : 51.62"
"17,34 : 16.0"
"17,35 : 22.2"
"17,36 : 30.59"
"17,37 : 9.22"
"17,38 : 32.2"
"17,39 : 12.17"
"17,40 : 52.01"
"17,41 : 43.93"
"17,42 : 37.59"
"17,43 : 47.2"
"17,44 : 24.33"
"17,45 : 46.87"
"17,46 : 20.62"
"17,47 : 45.65"
"17,48 : 39.7"
"17,49 : 7.28"
"17,50 : 47.41"
"17,51 : 43.1"
"17,52 : 38.08"
"17,53 : 21.02"
"17,54 : 26.25"
"17,55 : 28.64"
"17,56 : 41.01"
"17,57 : 12.08"
"17,58 : 26.57"
"17,59 : 32.25"
"17,60 : 32.28"
"17,61 : 6.32"
"17,62 : 22.14"
"17,63 : 55.76"
"17,64 : 21.38"
"17,65 : 54.12"
"17,66 : 30.15"
"17,67 : 61.72"
"17,68 : 47.85"
"17,69 : 9.9"
"17,70 : 58.25"
"17,71 : 21.47"
"17,72 : 54.45"
"17,73 : 43.19"
"17,74 : 51.31"
"17,75 : 29.43"
"17,76 : 56.57"
"17,77 : 31.11"
"17,78 : 49.41"
"17,79 : 7.62"
"17,80 : 44.69"
"17,81 : 36.4"
"17,82 : 29.41"
"17,83 : 30.02"
"17,84 : 23.43"
"17,85 : 48.76"
"17,86 : 25.63"
"17,87 : 26.48"
"17,88 : 33.73"
"17,89 : 22.56"
"17,90 : 5.0"
"17,91 : 17.26"
"17,92 : 41.44"
"17,93 : 50.93"
"17,94 : 7.62"
"17,95 : 24.74"
"17,96 : 27.07"
"17,97 : 9.22"
"17,98 : 32.28"
"17,99 : 46.1"
"18,0 : 27.31"
"18,1 : 29.12"
"18,2 : 23.35"
"18,3 : 18.03"
"18,4 : 41.11"
"18,5 : 49.68"
"18,6 : 20.02"
"18,7 : 33.38"
"18,8 : 5.1"
"18,9 : 18.79"
"18,10 : 23.02"
"18,11 : 5.39"
"18,12 : 43.42"
"18,13 : 39.41"
"18,14 : 19.24"
"18,15 : 8.25"
"18,16 : 7.21"
"18,17 : 16.28"
"18,18 : 0.0"
"18,19 : 27.51"
"18,20 : 17.0"
"18,21 : 37.36"
"18,22 : 18.03"
"18,23 : 1.41"
"18,24 : 8.94"
"18,25 : 34.66"
"18,26 : 28.64"
"18,27 : 22.09"
"18,28 : 8.54"
"18,29 : 7.62"
"18,30 : 12.21"
"18,31 : 15.65"
"18,32 : 34.54"
"18,33 : 39.45"
"18,34 : 3.0"
"18,35 : 10.2"
"18,36 : 28.79"
"18,37 : 10.77"
"18,38 : 26.08"
"18,39 : 20.12"
"18,40 : 38.29"
"18,41 : 31.06"
"18,42 : 22.67"
"18,43 : 37.0"
"18,44 : 24.19"
"18,45 : 32.53"
"18,46 : 8.94"
"18,47 : 37.48"
"18,48 : 26.93"
"18,49 : 20.59"
"18,50 : 32.2"
"18,51 : 27.0"
"18,52 : 22.47"
"18,53 : 23.43"
"18,54 : 17.03"
"18,55 : 26.93"
"18,56 : 25.32"
"18,57 : 5.39"
"18,58 : 15.0"
"18,59 : 17.69"
"18,60 : 28.86"
"18,61 : 18.25"
"18,62 : 11.18"
"18,63 : 41.11"
"18,64 : 5.1"
"18,65 : 38.83"
"18,66 : 29.97"
"18,67 : 48.27"
"18,68 : 32.45"
"18,69 : 13.45"
"18,70 : 43.86"
"18,71 : 17.09"
"18,72 : 42.19"
"18,73 : 31.78"
"18,74 : 36.8"
"18,75 : 13.15"
"18,76 : 44.1"
"18,77 : 19.92"
"18,78 : 39.22"
"18,79 : 13.6"
"18,80 : 33.62"
"18,81 : 23.02"
"18,82 : 13.42"
"18,83 : 23.02"
"18,84 : 12.17"
"18,85 : 33.6"
"18,86 : 10.0"
"18,87 : 10.2"
"18,88 : 17.46"
"18,89 : 10.0"
"18,90 : 12.0"
"18,91 : 6.08"
"18,92 : 36.06"
"18,93 : 38.28"
"18,94 : 16.4"
"18,95 : 8.54"
"18,96 : 12.08"
"18,97 : 10.77"
"18,98 : 19.21"
"18,99 : 33.02"
"19,0 : 37.16"
"19,1 : 2.24"
"19,2 : 27.86"
"19,3 : 44.72"
"19,4 : 36.35"
"19,5 : 47.38"
"19,6 : 10.0"
"19,7 : 52.2"
"19,8 : 27.29"
"19,9 : 42.8"
"19,10 : 40.61"
"19,11 : 27.78"
"19,12 : 43.01"
"19,13 : 32.56"
"19,14 : 40.31"
"19,15 : 32.76"
"19,16 : 30.15"
"19,17 : 42.43"
"19,18 : 27.51"
"19,19 : 0.0"
"19,20 : 41.01"
"19,21 : 57.63"
"19,22 : 41.23"
"19,23 : 26.25"
"19,24 : 34.48"
"19,25 : 33.02"
"19,26 : 3.0"
"19,27 : 39.2"
"19,28 : 21.63"
"19,29 : 33.54"
"19,30 : 19.03"
"19,31 : 43.08"
"19,32 : 22.8"
"19,33 : 43.42"
"19,34 : 26.68"
"19,35 : 30.61"
"19,36 : 50.91"
"19,37 : 38.28"
"19,38 : 44.82"
"19,39 : 47.54"
"19,40 : 38.01"
"19,41 : 36.14"
"19,42 : 25.63"
"19,43 : 46.17"
"19,44 : 48.41"
"19,45 : 32.14"
"19,46 : 22.02"
"19,47 : 50.16"
"19,48 : 34.18"
"19,49 : 44.01"
"19,50 : 28.0"
"19,51 : 9.06"
"19,52 : 22.14"
"19,53 : 49.09"
"19,54 : 36.07"
"19,55 : 49.52"
"19,56 : 5.1"
"19,57 : 32.89"
"19,58 : 17.26"
"19,59 : 26.08"
"19,60 : 49.58"
"19,61 : 45.61"
"19,62 : 21.02"
"19,63 : 36.35"
"19,64 : 23.26"
"19,65 : 31.58"
"19,66 : 53.08"
"19,67 : 46.27"
"19,68 : 27.02"
"19,69 : 35.01"
"19,70 : 39.46"
"19,71 : 40.61"
"19,72 : 45.18"
"19,73 : 40.16"
"19,74 : 34.01"
"19,75 : 17.03"
"19,76 : 46.04"
"19,77 : 34.41"
"19,78 : 47.8"
"19,79 : 41.11"
"19,80 : 42.06"
"19,81 : 30.87"
"19,82 : 20.52"
"19,83 : 41.87"
"19,84 : 31.89"
"19,85 : 29.02"
"19,86 : 23.43"
"19,87 : 19.42"
"19,88 : 15.81"
"19,89 : 20.02"
"19,90 : 39.05"
"19,91 : 25.18"
"19,92 : 53.0"
"19,93 : 41.3"
"19,94 : 39.01"
"19,95 : 21.63"
"19,96 : 15.52"
"19,97 : 38.28"
"19,98 : 11.4"
"19,99 : 36.67"
"20,0 : 42.01"
"20,1 : 43.0"
"20,2 : 39.82"
"20,3 : 7.62"
"20,4 : 57.8"
"20,5 : 65.76"
"20,6 : 35.69"
"20,7 : 42.2"
"20,8 : 14.32"
"20,9 : 25.96"
"20,10 : 34.89"
"20,11 : 21.4"
"20,12 : 59.4"
"20,13 : 56.3"
"20,14 : 29.55"
"20,15 : 20.62"
"20,16 : 11.18"
"20,17 : 5.1"
"20,18 : 17.0"
"20,19 : 41.01"
"20,20 : 0.0"
"20,21 : 44.28"
"20,22 : 26.57"
"20,23 : 17.46"
"20,24 : 19.42"
"20,25 : 51.22"
"20,26 : 41.19"
"20,27 : 34.48"
"20,28 : 25.5"
"20,29 : 9.43"
"20,30 : 22.09"
"20,31 : 15.03"
"20,32 : 51.48"
"20,33 : 54.67"
"20,34 : 15.81"
"20,35 : 24.76"
"20,36 : 35.36"
"20,37 : 13.0"
"20,38 : 36.4"
"20,39 : 17.26"
"20,40 : 54.49"
"20,41 : 46.69"
"20,42 : 39.41"
"20,43 : 50.77"
"20,44 : 29.15"
"20,45 : 49.04"
"20,46 : 19.0"
"20,47 : 49.66"
"20,48 : 42.45"
"20,49 : 3.61"
"20,50 : 49.09"
"20,51 : 42.76"
"20,52 : 39.45"
"20,53 : 26.0"
"20,54 : 29.68"
"20,55 : 33.38"
"20,56 : 40.2"
"20,57 : 14.14"
"20,58 : 24.33"
"20,59 : 34.21"
"20,60 : 36.88"
"20,61 : 11.4"
"20,62 : 20.1"
"20,63 : 57.8"
"20,64 : 21.93"
"20,65 : 55.76"
"20,66 : 35.06"
"20,67 : 64.35"
"20,68 : 49.4"
"20,69 : 6.32"
"20,70 : 60.44"
"20,71 : 25.63"
"20,72 : 57.49"
"20,73 : 46.4"
"20,74 : 53.41"
"20,75 : 29.73"
"20,76 : 59.55"
"20,77 : 34.21"
"20,78 : 53.0"
"20,79 : 12.17"
"20,80 : 48.01"
"20,81 : 38.9"
"20,82 : 30.41"
"20,83 : 34.01"
"20,84 : 26.25"
"20,85 : 50.48"
"20,86 : 26.93"
"20,87 : 26.93"
"20,88 : 34.18"
"20,89 : 21.0"
"20,90 : 8.54"
"20,91 : 16.12"
"20,92 : 45.88"
"20,93 : 53.81"
"20,94 : 2.83"
"20,95 : 25.5"
"20,96 : 26.17"
"20,97 : 13.0"
"20,98 : 30.27"
"20,99 : 48.8"
"21,0 : 23.71"
"21,1 : 58.14"
"21,2 : 32.2"
"21,3 : 37.85"
"21,4 : 41.98"
"21,5 : 42.05"
"21,6 : 47.63"
"21,7 : 5.83"
"21,8 : 41.98"
"21,9 : 19.1"
"21,10 : 17.03"
"21,11 : 33.24"
"21,12 : 37.05"
"21,13 : 43.97"
"21,14 : 18.38"
"21,15 : 29.12"
"21,16 : 42.43"
"21,17 : 39.46"
"21,18 : 37.36"
"21,19 : 57.63"
"21,20 : 44.28"
"21,21 : 0.0"
"21,22 : 19.42"
"21,23 : 38.6"
"21,24 : 28.64"
"21,25 : 37.0"
"21,26 : 60.0"
"21,27 : 18.44"
"21,28 : 37.59"
"21,29 : 39.12"
"21,30 : 49.04"
"21,31 : 29.27"
"21,32 : 47.89"
"21,33 : 30.07"
"21,34 : 40.26"
"21,35 : 28.64"
"21,36 : 9.0"
"21,37 : 32.0"
"21,38 : 12.81"
"21,39 : 28.16"
"21,40 : 35.69"
"21,41 : 28.79"
"21,42 : 34.21"
"21,43 : 22.02"
"21,44 : 15.13"
"21,45 : 35.47"
"21,46 : 46.17"
"21,47 : 16.03"
"21,48 : 27.29"
"21,49 : 46.69"
"21,50 : 39.81"
"21,51 : 51.62"
"21,52 : 37.64"
"21,53 : 18.68"
"21,54 : 21.95"
"21,55 : 11.0"
"21,56 : 53.15"
"21,57 : 34.37"
"21,58 : 51.62"
"21,59 : 31.83"
"21,60 : 8.54"
"21,61 : 33.96"
"21,62 : 48.38"
"21,63 : 41.98"
"21,64 : 38.08"
"21,65 : 44.27"
"21,66 : 9.49"
"21,67 : 41.01"
"21,68 : 41.15"
"21,69 : 46.01"
"21,70 : 42.43"
"21,71 : 20.4"
"21,72 : 32.0"
"21,73 : 24.04"
"21,74 : 38.6"
"21,75 : 41.05"
"21,76 : 34.01"
"21,77 : 23.35"
"21,78 : 23.02"
"21,79 : 32.14"
"21,80 : 23.54"
"21,81 : 28.6"
"21,82 : 37.2"
"21,83 : 15.81"
"21,84 : 26.83"
"21,85 : 40.31"
"21,86 : 34.99"
"21,87 : 39.45"
"21,88 : 41.87"
"21,89 : 46.82"
"21,90 : 36.06"
"21,91 : 43.42"
"21,92 : 8.0"
"21,93 : 31.26"
"21,94 : 46.1"
"21,95 : 37.59"
"21,96 : 46.07"
"21,97 : 32.0"
"21,98 : 54.12"
"21,99 : 30.36"
"22,0 : 18.79"
"22,1 : 42.2"
"22,2 : 22.0"
"22,3 : 21.63"
"22,4 : 38.33"
"22,5 : 43.42"
"22,6 : 31.62"
"22,7 : 16.03"
"22,8 : 22.56"
"22,9 : 2.0"
"22,10 : 9.22"
"22,11 : 14.42"
"22,12 : 37.12"
"22,13 : 38.47"
"22,14 : 3.61"
"22,15 : 9.85"
"22,16 : 23.09"
"22,17 : 22.36"
"22,18 : 18.03"
"22,19 : 41.23"
"22,20 : 26.57"
"22,21 : 19.42"
"22,22 : 0.0"
"22,23 : 19.31"
"22,24 : 9.22"
"22,25 : 31.78"
"22,26 : 43.19"
"22,27 : 9.43"
"22,28 : 19.8"
"22,29 : 20.02"
"22,30 : 29.97"
"22,31 : 12.81"
"22,32 : 38.21"
"22,33 : 31.06"
"22,34 : 20.88"
"22,35 : 10.63"
"22,36 : 10.77"
"22,37 : 13.6"
"22,38 : 9.85"
"22,39 : 14.42"
"22,40 : 33.24"
"22,41 : 24.7"
"22,42 : 23.09"
"22,43 : 25.46"
"22,44 : 7.21"
"22,45 : 29.61"
"22,46 : 26.93"
"22,47 : 23.32"
"22,48 : 20.88"
"22,49 : 29.55"
"22,50 : 32.06"
"22,51 : 37.12"
"22,52 : 25.5"
"22,53 : 9.06"
"22,54 : 7.0"
"22,55 : 8.94"
"22,56 : 37.44"
"22,57 : 15.03"
"22,58 : 32.65"
"22,59 : 18.44"
"22,60 : 11.05"
"22,61 : 18.44"
"22,62 : 29.15"
"22,63 : 38.33"
"22,64 : 19.42"
"22,65 : 38.33"
"22,66 : 12.21"
"22,67 : 42.06"
"22,68 : 33.02"
"22,69 : 27.17"
"22,70 : 40.16"
"22,71 : 1.0"
"22,72 : 33.84"
"22,73 : 22.47"
"22,74 : 33.96"
"22,75 : 24.21"
"22,76 : 36.06"
"22,77 : 12.17"
"22,78 : 27.59"
"22,79 : 14.76"
"22,80 : 23.6"
"22,81 : 19.1"
"22,82 : 21.1"
"22,83 : 7.81"
"22,84 : 9.43"
"22,85 : 33.14"
"22,86 : 17.8"
"22,87 : 21.93"
"22,88 : 26.42"
"22,89 : 27.73"
"22,90 : 18.03"
"22,91 : 24.04"
"22,92 : 19.42"
"22,93 : 30.89"
"22,94 : 27.89"
"22,95 : 19.8"
"22,96 : 27.8"
"22,97 : 13.6"
"22,98 : 35.81"
"22,99 : 26.93"
"23,0 : 27.86"
"23,1 : 27.89"
"23,2 : 23.43"
"23,3 : 19.0"
"23,4 : 41.04"
"23,5 : 49.82"
"23,6 : 19.0"
"23,7 : 34.53"
"23,8 : 4.47"
"23,9 : 20.12"
"23,10 : 24.0"
"23,11 : 6.08"
"23,12 : 43.6"
"23,13 : 39.2"
"23,14 : 20.4"
"23,15 : 9.49"
"23,16 : 7.07"
"23,17 : 17.12"
"23,18 : 1.41"
"23,19 : 26.25"
"23,20 : 17.46"
"23,21 : 38.6"
"23,22 : 19.31"
"23,23 : 0.0"
"23,24 : 10.3"
"23,25 : 34.66"
"23,26 : 27.31"
"23,27 : 23.02"
"23,28 : 8.06"
"23,29 : 8.25"
"23,30 : 10.82"
"23,31 : 17.0"
"23,32 : 34.01"
"23,33 : 39.82"
"23,34 : 2.24"
"23,35 : 11.05"
"23,36 : 30.08"
"23,37 : 12.08"
"23,38 : 27.17"
"23,39 : 21.47"
"23,40 : 38.42"
"23,41 : 31.38"
"23,42 : 22.63"
"23,43 : 37.64"
"23,44 : 25.55"
"23,45 : 32.56"
"23,46 : 7.62"
"23,47 : 38.33"
"23,48 : 27.29"
"23,49 : 21.02"
"23,50 : 32.02"
"23,51 : 26.02"
"23,52 : 22.2"
"23,53 : 24.84"
"23,54 : 18.0"
"23,55 : 28.23"
"23,56 : 24.19"
"23,57 : 6.71"
"23,58 : 13.6"
"23,59 : 17.8"
"23,60 : 30.08"
"23,61 : 19.42"
"23,62 : 9.85"
"23,63 : 41.04"
"23,64 : 4.47"
"23,65 : 38.6"
"23,66 : 31.3"
"23,67 : 48.41"
"23,68 : 32.2"
"23,69 : 13.45"
"23,70 : 43.84"
"23,71 : 18.38"
"23,72 : 42.54"
"23,73 : 32.31"
"23,74 : 36.77"
"23,75 : 12.37"
"23,76 : 44.42"
"23,77 : 20.62"
"23,78 : 39.85"
"23,79 : 14.87"
"23,80 : 34.18"
"23,81 : 23.32"
"23,82 : 13.04"
"23,83 : 24.08"
"23,84 : 13.04"
"23,85 : 33.42"
"23,86 : 9.9"
"23,87 : 9.49"
"23,88 : 16.76"
"23,89 : 8.6"
"23,90 : 13.04"
"23,91 : 5.0"
"23,92 : 37.12"
"23,93 : 38.59"
"23,94 : 16.64"
"23,95 : 8.06"
"23,96 : 10.77"
"23,97 : 12.08"
"23,98 : 17.8"
"23,99 : 33.29"
"24,0 : 22.67"
"24,1 : 35.78"
"24,2 : 21.93"
"24,3 : 16.64"
"24,4 : 39.82"
"24,5 : 46.86"
"24,6 : 25.63"
"24,7 : 25.02"
"24,8 : 13.34"
"24,9 : 9.85"
"24,10 : 15.81"
"24,11 : 6.71"
"24,12 : 40.46"
"24,13 : 39.0"
"24,14 : 11.05"
"24,15 : 2.0"
"24,16 : 14.0"
"24,17 : 16.28"
"24,18 : 8.94"
"24,19 : 34.48"
"24,20 : 19.42"
"24,21 : 28.64"
"24,22 : 9.22"
"24,23 : 10.3"
"24,24 : 0.0"
"24,25 : 33.12"
"24,26 : 36.06"
"24,27 : 15.23"
"24,28 : 13.0"
"24,29 : 11.4"
"24,30 : 21.1"
"24,31 : 10.05"
"24,32 : 36.35"
"24,33 : 35.38"
"24,34 : 11.7"
"24,35 : 6.32"
"24,36 : 19.92"
"24,37 : 7.21"
"24,38 : 18.11"
"24,39 : 14.04"
"24,40 : 35.81"
"24,41 : 27.66"
"24,42 : 22.14"
"24,43 : 31.38"
"24,44 : 15.26"
"24,45 : 30.89"
"24,46 : 17.89"
"24,47 : 30.68"
"24,48 : 23.43"
"24,49 : 22.8"
"24,50 : 31.95"
"24,51 : 32.02"
"24,52 : 23.35"
"24,53 : 14.87"
"24,54 : 10.3"
"24,55 : 18.03"
"24,56 : 31.38"
"24,57 : 6.08"
"24,58 : 23.85"
"24,59 : 16.76"
"24,60 : 20.22"
"24,61 : 14.87"
"24,62 : 20.12"
"24,63 : 39.82"
"24,64 : 11.4"
"24,65 : 38.63"
"24,66 : 21.02"
"24,67 : 45.45"
"24,68 : 32.57"
"24,69 : 18.68"
"24,70 : 42.19"
"24,71 : 8.25"
"24,72 : 38.21"
"24,73 : 27.02"
"24,74 : 35.36"
"24,75 : 18.03"
"24,76 : 40.31"
"24,77 : 14.87"
"24,78 : 33.62"
"24,79 : 9.85"
"24,80 : 28.6"
"24,81 : 20.25"
"24,82 : 16.12"
"24,83 : 15.3"
"24,84 : 7.21"
"24,85 : 33.24"
"24,86 : 12.17"
"24,87 : 15.23"
"24,88 : 21.38"
"24,89 : 18.87"
"24,90 : 11.31"
"24,91 : 14.87"
"24,92 : 28.07"
"24,93 : 34.66"
"24,94 : 20.12"
"24,95 : 13.0"
"24,96 : 19.85"
"24,97 : 7.21"
"24,98 : 27.59"
"24,99 : 29.83"
"25,0 : 14.04"
"25,1 : 32.14"
"25,2 : 11.4"
"25,3 : 49.74"
"25,4 : 6.71"
"25,5 : 15.65"
"25,6 : 25.5"
"25,7 : 31.32"
"25,8 : 38.95"
"25,9 : 33.73"
"25,10 : 24.02"
"25,11 : 29.83"
"25,12 : 10.2"
"25,13 : 7.07"
"25,14 : 28.44"
"25,15 : 31.38"
"25,16 : 41.73"
"25,17 : 49.09"
"25,18 : 34.66"
"25,19 : 33.02"
"25,20 : 51.22"
"25,21 : 37.0"
"25,22 : 31.78"
"25,23 : 34.66"
"25,24 : 33.12"
"25,25 : 0.0"
"25,26 : 36.01"
"25,27 : 23.09"
"25,28 : 27.02"
"25,29 : 41.87"
"25,30 : 38.47"
"25,31 : 42.54"
"25,32 : 13.04"
"25,33 : 11.18"
"25,34 : 36.8"
"25,35 : 26.93"
"25,36 : 35.13"
"25,37 : 40.31"
"25,38 : 27.07"
"25,39 : 45.54"
"25,40 : 5.0"
"25,41 : 8.25"
"25,42 : 12.04"
"25,43 : 17.03"
"25,44 : 37.12"
"25,45 : 2.24"
"25,46 : 38.28"
"25,47 : 23.02"
"25,48 : 11.05"
"25,49 : 54.82"
"25,50 : 5.1"
"25,51 : 24.08"
"25,52 : 13.42"
"25,53 : 40.45"
"25,54 : 25.0"
"25,55 : 35.01"
"25,56 : 28.0"
"25,57 : 37.2"
"25,58 : 39.4"
"25,59 : 17.03"
"25,60 : 32.25"
"25,61 : 47.85"
"25,62 : 39.45"
"25,63 : 6.71"
"25,64 : 30.48"
"25,65 : 7.28"
"25,66 : 38.12"
"25,67 : 14.32"
"25,68 : 6.32"
"25,69 : 48.08"
"25,70 : 9.22"
"25,71 : 32.02"
"25,72 : 12.37"
"25,73 : 13.0"
"25,74 : 2.24"
"25,75 : 25.06"
"25,76 : 13.04"
"25,77 : 19.65"
"25,78 : 17.69"
"25,79 : 42.94"
"25,80 : 13.89"
"25,81 : 13.0"
"25,82 : 22.2"
"25,83 : 26.02"
"25,84 : 25.94"
"25,85 : 4.47"
"25,86 : 24.76"
"25,87 : 26.63"
"25,88 : 21.54"
"25,89 : 37.22"
