x,y
7,5
20,1
33,43
23,1
46,10
4,2
0,38
29,29
31,43
9,42
11,18
2,18
22,50
33,19
39,38
18,19
10,36
23,3
35,37
18,1
8,22
15,45
43,15
18,8
16,48
45,25
37,35
36,3
29,9
42,41
47,39
36,10
15,19
35,19
35,11
0,49
5,22
29,42
38,41
39,10
9,43
29,41
35,11
39,8
14,47
34,18
45,1
23,12
45,9
29,16
6,38
22,8
50,38
31,40
7,36
8,0
8,22
21,13
21,35
21,17
8,30
9,30
37,21
33,30
22,39
21,44
47,20
6,13
46,5
25,50
41,3
7,49
13,21
23,6
6,5
31,36
1,21
41,40
39,29
28,7
6,13
12,48
8,41
18,34
20,0
49,35
46,19
25,50
17,3
32,6
0,1
37,32
19,42
4,10
19,13
6,48
39,35
11,47
18,35
10,27

Distanze
"0,0 : 0.0"
"0,1 : 13.6"
"0,2 : 46.04"
"0,3 : 16.49"
"0,4 : 39.32"
"0,5 : 4.24"
"0,6 : 33.73"
"0,7 : 32.56"
"0,8 : 44.94"
"0,9 : 37.05"
"0,10 : 13.6"
"0,11 : 13.93"
"0,12 : 47.43"
"0,13 : 29.53"
"0,14 : 45.97"
"0,15 : 17.8"
"0,16 : 31.14"
"0,17 : 16.12"
"0,18 : 42.52"
"0,19 : 11.7"
"0,20 : 17.03"
"0,21 : 40.79"
"0,22 : 37.36"
"0,23 : 11.4"
"0,24 : 43.93"
"0,25 : 42.94"
"0,26 : 42.43"
"0,27 : 29.07"
"0,28 : 22.36"
"0,29 : 50.21"
"0,30 : 52.5"
"0,31 : 29.43"
"0,32 : 16.12"
"0,33 : 31.3"
"0,34 : 28.64"
"0,35 : 44.55"
"0,36 : 17.12"
"0,37 : 43.05"
"0,38 : 47.51"
"0,39 : 32.39"
"0,40 : 38.05"
"0,41 : 42.19"
"0,42 : 28.64"
"0,43 : 32.14"
"0,44 : 42.58"
"0,45 : 29.97"
"0,46 : 38.21"
"0,47 : 17.46"
"0,48 : 38.21"
"0,49 : 24.6"
"0,50 : 33.02"
"0,51 : 15.3"
"0,52 : 54.2"
"0,53 : 42.44"
"0,54 : 31.0"
"0,55 : 5.1"
"0,56 : 17.03"
"0,57 : 16.12"
"0,58 : 33.11"
"0,59 : 18.44"
"0,60 : 25.02"
"0,61 : 25.08"
"0,62 : 34.0"
"0,63 : 36.07"
"0,64 : 37.16"
"0,65 : 41.44"
"0,66 : 42.72"
"0,67 : 8.06"
"0,68 : 39.0"
"0,69 : 48.47"
"0,70 : 34.06"
"0,71 : 44.0"
"0,72 : 17.09"
"0,73 : 16.03"
"0,74 : 1.0"
"0,75 : 39.2"
"0,76 : 17.09"
"0,77 : 48.8"
"0,78 : 40.0"
"0,79 : 21.1"
"0,80 : 8.06"
"0,81 : 43.29"
"0,82 : 36.01"
"0,83 : 31.02"
"0,84 : 13.93"
"0,85 : 51.61"
"0,86 : 41.44"
"0,87 : 48.47"
"0,88 : 10.2"
"0,89 : 25.02"
"0,90 : 8.06"
"0,91 : 40.36"
"0,92 : 38.9"
"0,93 : 5.83"
"0,94 : 14.42"
"0,95 : 43.01"
"0,96 : 43.86"
"0,97 : 42.19"
"0,98 : 31.95"
"0,99 : 22.2"
"1,0 : 13.6"
"1,1 : 0.0"
"1,2 : 43.97"
"1,3 : 3.0"
"1,4 : 27.51"
"1,5 : 16.03"
"1,6 : 42.06"
"1,7 : 29.41"
"1,8 : 43.42"
"1,9 : 42.45"
"1,10 : 19.24"
"1,11 : 24.76"
"1,12 : 49.04"
"1,13 : 22.2"
"1,14 : 41.59"
"1,15 : 18.11"
"1,16 : 36.4"
"1,17 : 3.61"
"1,18 : 39.0"
"1,19 : 2.0"
"1,20 : 24.19"
"1,21 : 44.28"
"1,22 : 26.93"
"1,23 : 7.28"
"1,24 : 47.17"
"1,25 : 34.66"
"1,26 : 38.01"
"1,27 : 16.12"
"1,28 : 12.04"
"1,29 : 45.65"
"1,30 : 46.62"
"1,31 : 18.36"
"1,32 : 18.68"
"1,33 : 23.43"
"1,34 : 18.03"
"1,35 : 52.0"
"1,36 : 25.81"
"1,37 : 41.98"
"1,38 : 43.86"
"1,39 : 21.02"
"1,40 : 43.42"
"1,41 : 41.0"
"1,42 : 18.03"
"1,43 : 20.25"
"1,44 : 46.39"
"1,45 : 22.02"
"1,46 : 25.0"
"1,47 : 11.4"
"1,48 : 26.25"
"1,49 : 17.49"
"1,50 : 39.56"
"1,51 : 7.28"
"1,52 : 47.63"
"1,53 : 40.52"
"1,54 : 37.34"
"1,55 : 12.04"
"1,56 : 24.19"
"1,57 : 12.04"
"1,58 : 34.01"
"1,59 : 16.03"
"1,60 : 31.38"
"1,61 : 31.02"
"1,62 : 26.25"
"1,63 : 31.78"
"1,64 : 38.05"
"1,65 : 43.01"
"1,66 : 33.02"
"1,67 : 18.44"
"1,68 : 26.31"
"1,69 : 49.25"
"1,70 : 21.1"
"1,71 : 49.73"
"1,72 : 21.19"
"1,73 : 5.83"
"1,74 : 14.56"
"1,75 : 36.69"
"1,76 : 27.59"
"1,77 : 44.29"
"1,78 : 33.84"
"1,79 : 10.0"
"1,80 : 18.44"
"1,81 : 47.68"
"1,82 : 41.76"
"1,83 : 33.06"
"1,84 : 1.0"
"1,85 : 44.69"
"1,86 : 31.62"
"1,87 : 49.25"
"1,88 : 3.61"
"1,89 : 13.0"
"1,90 : 20.0"
"1,91 : 35.36"
"1,92 : 41.01"
"1,93 : 18.36"
"1,94 : 12.04"
"1,95 : 49.04"
"1,96 : 38.95"
"1,97 : 46.87"
"1,98 : 34.06"
"1,99 : 27.86"
"2,0 : 46.04"
"2,1 : 43.97"
"2,2 : 0.0"
"2,3 : 43.17"
"2,4 : 35.47"
"2,5 : 50.22"
"2,6 : 33.38"
"2,7 : 14.56"
"2,8 : 2.0"
"2,9 : 24.02"
"2,10 : 33.3"
"2,11 : 39.82"
"2,12 : 13.04"
"2,13 : 24.0"
"2,14 : 7.81"
"2,15 : 28.3"
"2,16 : 24.04"
"2,17 : 41.23"
"2,18 : 6.32"
"2,19 : 44.6"
"2,20 : 32.65"
"2,21 : 18.11"
"2,22 : 29.73"
"2,23 : 38.08"
"2,24 : 17.72"
"2,25 : 21.63"
"2,26 : 8.94"
"2,27 : 40.11"
"2,28 : 34.23"
"2,29 : 9.22"
"2,30 : 14.56"
"2,31 : 33.14"
"2,32 : 30.0"
"2,33 : 24.08"
"2,34 : 32.06"
"2,35 : 33.54"
"2,36 : 35.0"
"2,37 : 4.12"
"2,38 : 5.39"
"2,39 : 33.54"
"2,40 : 24.0"
"2,41 : 4.47"
"2,42 : 32.06"
"2,43 : 35.51"
"2,44 : 19.42"
"2,45 : 25.02"
"2,46 : 43.68"
"2,47 : 32.57"
"2,48 : 36.06"
"2,49 : 27.29"
"2,50 : 27.46"
"2,51 : 36.69"
"2,52 : 17.72"
"2,53 : 3.61"
"2,54 : 26.93"
"2,55 : 49.74"
"2,56 : 32.65"
"2,57 : 32.31"
"2,58 : 14.42"
"2,59 : 28.64"
"2,60 : 28.18"
"2,61 : 27.29"
"2,62 : 22.36"
"2,63 : 13.0"
"2,64 : 11.7"
"2,65 : 12.04"
"2,66 : 26.93"
"2,67 : 40.36"
"2,68 : 40.16"
"2,69 : 10.63"
"2,70 : 40.79"
"2,71 : 26.68"
"2,72 : 29.73"
"2,73 : 38.33"
"2,74 : 46.62"
"2,75 : 7.28"
"2,76 : 38.83"
"2,77 : 8.54"
"2,78 : 15.23"
"2,79 : 36.35"
"2,80 : 40.36"
"2,81 : 21.59"
"2,82 : 25.08"
"2,83 : 17.49"
"2,84 : 44.92"
"2,85 : 17.89"
"2,86 : 27.29"
"2,87 : 10.63"
"2,88 : 43.08"
"2,89 : 37.01"
"2,90 : 53.41"
"2,91 : 11.7"
"2,92 : 14.04"
"2,93 : 43.93"
"2,94 : 33.11"
"2,95 : 27.46"
"2,96 : 10.0"
"2,97 : 22.36"
"2,98 : 17.0"
"2,99 : 28.02"
"3,0 : 16.49"
"3,1 : 3.0"
"3,2 : 43.17"
"3,3 : 0.0"
"3,4 : 24.7"
"3,5 : 19.03"
"3,6 : 43.57"
"3,7 : 28.64"
"3,8 : 42.76"
"3,9 : 43.32"
"3,10 : 20.81"
"3,11 : 27.02"
"3,12 : 49.01"
"3,13 : 20.59"
"3,14 : 40.31"
"3,15 : 18.68"
"3,16 : 37.34"
"3,17 : 2.0"
"3,18 : 37.95"
"3,19 : 5.0"
"3,20 : 25.81"
"3,21 : 44.72"
"3,22 : 24.41"
"3,23 : 8.6"
"3,24 : 47.52"
"3,25 : 32.56"
"3,26 : 36.77"
"3,27 : 13.15"
"3,28 : 10.0"
"3,29 : 44.28"
"3,30 : 44.94"
"3,31 : 15.81"
"3,32 : 19.7"
"3,33 : 21.63"
"3,34 : 15.62"
"3,35 : 53.23"
"3,36 : 27.66"
"3,37 : 41.44"
"3,38 : 42.72"
"3,39 : 18.36"
"3,40 : 44.27"
"3,41 : 40.45"
"3,42 : 15.62"
"3,43 : 17.46"
"3,44 : 46.87"
"3,45 : 20.25"
"3,46 : 22.0"
"3,47 : 11.0"
"3,48 : 23.41"
"3,49 : 16.16"
"3,50 : 40.72"
"3,51 : 7.07"
"3,52 : 45.8"
"3,53 : 39.81"
"3,54 : 38.48"
"3,55 : 15.03"
"3,56 : 25.81"
"3,57 : 12.17"
"3,58 : 34.06"
"3,59 : 16.12"
"3,60 : 32.65"
"3,61 : 32.2"
"3,62 : 24.41"
"3,63 : 30.68"
"3,64 : 38.01"
"3,65 : 43.05"
"3,66 : 30.61"
"3,67 : 20.81"
"3,68 : 23.35"
"3,69 : 49.04"
"3,70 : 18.11"
"3,71 : 50.6"
"3,72 : 22.36"
"3,73 : 5.0"
"3,74 : 17.46"
"3,75 : 35.9"
"3,76 : 29.73"
"3,77 : 42.95"
"3,78 : 32.25"
"3,79 : 7.81"
"3,80 : 20.81"
"3,81 : 48.27"
"3,82 : 42.72"
"3,83 : 33.38"
"3,84 : 3.16"
"3,85 : 42.8"
"3,86 : 29.21"
"3,87 : 49.04"
"3,88 : 6.32"
"3,89 : 10.3"
"3,90 : 23.0"
"3,91 : 34.01"
"3,92 : 41.19"
"3,93 : 21.02"
"3,94 : 12.65"
"3,95 : 49.98"
"3,96 : 37.58"
"3,97 : 47.54"
"3,98 : 34.37"
"3,99 : 29.07"
"4,0 : 39.32"
"4,1 : 27.51"
"4,2 : 35.47"
"4,3 : 24.7"
"4,4 : 0.0"
"4,5 : 42.76"
"4,6 : 53.85"
"4,7 : 25.5"
"4,8 : 36.25"
"4,9 : 48.92"
"4,10 : 35.9"
"4,11 : 44.72"
"4,12 : 46.65"
"4,13 : 15.81"
"4,14 : 28.86"
"4,15 : 29.41"
"4,16 : 44.41"
"4,17 : 24.04"
"4,18 : 29.15"
"4,19 : 29.41"
"4,20 : 39.85"
"4,21 : 46.75"
"4,22 : 5.83"
"4,23 : 28.07"
"4,24 : 48.41"
"4,25 : 15.03"
"4,26 : 26.57"
"4,27 : 12.21"
"4,28 : 17.03"
"4,29 : 31.26"
"4,30 : 29.02"
"4,31 : 10.0"
"4,32 : 32.28"
"4,33 : 14.21"
"4,34 : 11.05"
"4,35 : 60.31"
"4,36 : 42.72"
"4,37 : 36.24"
"4,38 : 32.02"
"4,39 : 7.0"
"4,40 : 49.58"
"4,41 : 35.36"
"4,42 : 11.05"
"4,43 : 7.28"
"4,44 : 48.92"
"4,45 : 14.42"
"4,46 : 9.06"
"4,47 : 23.09"
"4,48 : 1.41"
"4,49 : 18.03"
"4,50 : 48.83"
"4,51 : 24.08"
"4,52 : 28.28"
"4,53 : 33.54"
"4,54 : 46.87"
"4,55 : 39.29"
"4,56 : 39.85"
"4,57 : 25.18"
"4,58 : 35.36"
"4,59 : 25.96"
"4,60 : 42.94"
"4,61 : 42.06"
"4,62 : 14.21"
"4,63 : 23.85"
"4,64 : 37.64"
"4,65 : 42.2"
"4,66 : 10.05"
"4,67 : 40.11"
"4,68 : 5.0"
"4,69 : 45.18"
"4,70 : 8.6"
"4,71 : 55.15"
"4,72 : 34.79"
"4,73 : 23.35"
"4,74 : 40.31"
"4,75 : 30.02"
"4,76 : 46.32"
"4,77 : 30.41"
"4,78 : 20.25"
"4,79 : 18.25"
"4,80 : 40.11"
"4,81 : 50.99"
"4,82 : 49.04"
"4,83 : 36.88"
"4,84 : 27.86"
"4,85 : 25.18"
"4,86 : 9.0"
"4,87 : 45.18"
"4,88 : 29.83"
"4,89 : 14.56"
"4,90 : 46.87"
"4,91 : 23.77"
"4,92 : 41.87"
"4,93 : 42.0"
"4,94 : 27.17"
"4,95 : 55.17"
"4,96 : 25.96"
"4,97 : 50.93"
"4,98 : 37.54"
"4,99 : 39.81"
"5,0 : 4.24"
"5,1 : 16.03"
"5,2 : 50.22"
"5,3 : 19.03"
"5,4 : 42.76"
"5,5 : 0.0"
"5,6 : 36.22"
"5,7 : 36.8"
"5,8 : 49.09"
"5,9 : 40.31"
"5,10 : 17.46"
"5,11 : 16.12"
"5,12 : 51.26"
"5,13 : 33.62"
"5,14 : 50.21"
"5,15 : 22.02"
"5,16 : 34.53"
"5,17 : 19.03"
"5,18 : 46.75"
"5,19 : 14.04"
"5,20 : 20.4"
"5,21 : 44.38"
"5,22 : 41.11"
"5,23 : 15.23"
"5,24 : 47.54"
"5,25 : 47.01"
"5,26 : 46.67"
"5,27 : 32.02"
"5,28 : 25.96"
"5,29 : 54.45"
"5,30 : 56.73"
"5,31 : 32.98"
"5,32 : 20.25"
"5,33 : 35.36"
"5,34 : 32.28"
"5,35 : 47.17"
"5,36 : 20.02"
"5,37 : 47.17"
"5,38 : 51.74"
"5,39 : 35.9"
"5,40 : 41.3"
"5,41 : 46.32"
"5,42 : 32.28"
"5,43 : 35.51"
"5,44 : 46.1"
"5,45 : 34.0"
"5,46 : 41.01"
"5,47 : 21.47"
"5,48 : 41.59"
"5,49 : 28.65"
"5,50 : 36.06"
"5,51 : 18.97"
"5,52 : 58.41"
"5,53 : 46.62"
"5,54 : 34.13"
"5,55 : 4.47"
"5,56 : 20.4"
"5,57 : 20.25"
"5,58 : 37.12"
"5,59 : 22.67"
"5,60 : 28.28"
"5,61 : 28.44"
"5,62 : 38.08"
"5,63 : 40.31"
"5,64 : 41.15"
"5,65 : 45.31"
"5,66 : 46.62"
"5,67 : 11.18"
"5,68 : 42.11"
"5,69 : 52.39"
"5,70 : 37.01"
"5,71 : 47.1"
"5,72 : 21.02"
"5,73 : 19.42"
"5,74 : 3.61"
"5,75 : 43.42"
"5,76 : 19.24"
"5,77 : 53.04"
"5,78 : 44.2"
"5,79 : 24.52"
"5,80 : 11.18"
"5,81 : 46.69"
"5,82 : 39.2"
"5,83 : 34.93"
"5,84 : 16.12"
"5,85 : 55.8"
"5,86 : 45.31"
"5,87 : 52.39"
"5,88 : 13.04"
"5,89 : 28.28"
"5,90 : 4.12"
"5,91 : 44.6"
"5,92 : 42.72"
"5,93 : 8.0"
"5,94 : 18.6"
"5,95 : 46.04"
"5,96 : 48.1"
"5,97 : 45.54"
"5,98 : 35.85"
"5,99 : 25.71"
"6,0 : 33.73"
"6,1 : 42.06"
"6,2 : 33.38"
"6,3 : 43.57"
"6,4 : 53.85"
"6,5 : 36.22"
"6,6 : 0.0"
"6,7 : 30.36"
"6,8 : 31.4"
"6,9 : 9.85"
"6,10 : 22.83"
"6,11 : 20.1"
"6,12 : 25.06"
"6,13 : 38.08"
"6,14 : 39.0"
"6,15 : 26.17"
"6,16 : 10.2"
"6,17 : 41.88"
"6,18 : 35.01"
"6,19 : 41.15"
"6,20 : 17.89"
"6,21 : 16.55"
"6,22 : 48.76"
"6,23 : 34.99"
"6,24 : 18.87"
"6,25 : 46.84"
"6,26 : 37.12"
"6,27 : 50.21"
"6,28 : 41.01"
"6,29 : 42.11"
"6,30 : 47.01"
"6,31 : 45.61"
"6,32 : 24.21"
"6,33 : 39.82"
"6,34 : 44.2"
"6,35 : 11.0"
"6,36 : 16.76"
"6,37 : 29.27"
"6,38 : 38.12"
"6,39 : 48.01"
"6,40 : 10.3"
"6,41 : 29.15"
"6,42 : 44.2"
"6,43 : 49.2"
"6,44 : 16.64"
"6,45 : 39.45"
"6,46 : 58.26"
"6,47 : 34.71"
"6,48 : 53.54"
"6,49 : 36.4"
"6,50 : 6.0"
"6,51 : 37.2"
"6,52 : 50.0"
"6,53 : 31.06"
"6,54 : 7.28"
"6,55 : 38.83"
"6,56 : 17.89"
"6,57 : 32.65"
"6,58 : 21.21"
"6,59 : 29.7"
"6,60 : 11.31"
"6,61 : 12.04"
"6,62 : 40.72"
"6,63 : 33.96"
"6,64 : 22.02"
"6,65 : 21.84"
"6,66 : 50.33"
"6,67 : 25.71"
"6,68 : 56.61"
"6,69 : 27.73"
"6,70 : 53.91"
"6,71 : 13.04"
"6,72 : 21.4"
"6,73 : 39.41"
"6,74 : 33.54"
"6,75 : 31.06"
"6,76 : 17.03"
"6,77 : 41.05"
"6,78 : 40.02"
"6,79 : 41.77"
"6,80 : 25.71"
"6,81 : 15.62"
"6,82 : 8.54"
"6,83 : 18.44"
"6,84 : 42.94"
"6,85 : 49.09"
"6,86 : 49.77"
"6,87 : 27.73"
"6,88 : 38.91"
"6,89 : 45.25"
"6,90 : 37.0"
"6,91 : 37.48"
"6,92 : 19.42"
"6,93 : 28.28"
"6,94 : 31.4"
"6,95 : 11.66"
"6,96 : 39.12"
"6,97 : 14.21"
"6,98 : 18.25"
"6,99 : 14.87"
"7,0 : 32.56"
"7,1 : 29.41"
"7,2 : 14.56"
"7,3 : 28.64"
"7,4 : 25.5"
"7,5 : 36.8"
"7,6 : 30.36"
"7,7 : 0.0"
"7,8 : 14.14"
"7,9 : 23.85"
"7,10 : 21.1"
"7,11 : 29.15"
"7,12 : 22.14"
"7,13 : 10.77"
"7,14 : 13.45"
"7,15 : 14.87"
"7,16 : 20.25"
"7,17 : 26.68"
"7,18 : 10.0"
"7,19 : 30.08"
"7,20 : 22.14"
"7,21 : 21.26"
"7,22 : 19.8"
"7,23 : 23.71"
"7,24 : 23.02"
"7,25 : 16.49"
"7,26 : 10.0"
"7,27 : 26.93"
"7,28 : 20.0"
"7,29 : 17.69"
"7,30 : 20.59"
"7,31 : 20.25"
"7,32 : 17.2"
"7,33 : 11.66"
"7,34 : 18.97"
"7,35 : 35.23"
"7,36 : 25.0"
"7,37 : 13.0"
"7,38 : 15.0"
"7,39 : 21.47"
"7,40 : 24.41"
"7,41 : 12.0"
"7,42 : 18.97"
"7,43 : 23.26"
"7,44 : 23.43"
"7,45 : 12.08"
"7,46 : 32.25"
"7,47 : 18.03"
"7,48 : 25.61"
"7,49 : 13.0"
"7,50 : 24.7"
"7,51 : 22.14"
"7,52 : 22.85"
"7,53 : 11.18"
"7,54 : 23.09"
"7,55 : 35.81"
"7,56 : 22.14"
"7,57 : 17.89"
"7,58 : 10.0"
"7,59 : 14.42"
"7,60 : 21.02"
"7,61 : 20.02"
"7,62 : 11.31"
"7,63 : 4.12"
"7,64 : 12.21"
"7,65 : 17.0"
"7,66 : 20.12"
"7,67 : 28.02"
"7,68 : 29.41"
"7,69 : 21.38"
"7,70 : 28.64"
"7,71 : 29.73"
"7,72 : 17.89"
"7,73 : 23.77"
"7,74 : 33.24"
"7,75 : 7.28"
"7,76 : 29.12"
"7,77 : 16.28"
"7,78 : 10.0"
"7,79 : 22.02"
"7,80 : 28.02"
"7,81 : 25.5"
"7,82 : 24.19"
"7,83 : 12.08"
"7,84 : 30.36"
"7,85 : 20.88"
"7,86 : 19.72"
"7,87 : 21.38"
"7,88 : 28.64"
"7,89 : 23.19"
"7,90 : 40.31"
"7,91 : 8.54"
"7,92 : 16.4"
"7,93 : 31.4"
"7,94 : 18.87"
"7,95 : 29.83"
"7,96 : 11.66"
"7,97 : 25.46"
"7,98 : 12.53"
"7,99 : 19.1"
"8,0 : 44.94"
"8,1 : 43.42"
"8,2 : 2.0"
"8,3 : 42.76"
"8,4 : 36.25"
"8,5 : 49.09"
"8,6 : 31.4"
"8,7 : 14.14"
"8,8 : 0.0"
"8,9 : 22.02"
"8,10 : 32.02"
"8,11 : 38.29"
"8,12 : 11.4"
"8,13 : 24.08"
"8,14 : 9.43"
"8,15 : 27.29"
"8,16 : 22.14"
"8,17 : 40.79"
"8,18 : 7.21"
"8,19 : 43.97"
"8,20 : 31.14"
"8,21 : 16.12"
"8,22 : 30.46"
"8,23 : 37.34"
"8,24 : 15.81"
"8,25 : 22.8"
"8,26 : 10.0"
"8,27 : 40.31"
"8,28 : 34.06"
"8,29 : 11.18"
"8,30 : 16.49"
"8,31 : 33.38"
"8,32 : 28.84"
"8,33 : 24.33"
"8,34 : 32.25"
"8,35 : 31.58"
"8,36 : 33.42"
"8,37 : 2.24"
"8,38 : 7.28"
"8,39 : 33.96"
"8,40 : 22.0"
"8,41 : 2.83"
"8,42 : 32.25"
"8,43 : 35.9"
"8,44 : 17.46"
"8,45 : 25.18"
"8,46 : 44.27"
"8,47 : 32.02"
"8,48 : 36.77"
"8,49 : 27.07"
"8,50 : 25.5"
"8,51 : 36.14"
"8,52 : 19.65"
"8,53 : 3.0"
"8,54 : 25.0"
"8,55 : 48.76"
"8,56 : 31.14"
"8,57 : 31.62"
"8,58 : 12.81"
"8,59 : 27.86"
"8,60 : 26.42"
"8,61 : 25.55"
"8,62 : 22.8"
"8,63 : 13.15"
"8,64 : 9.85"
"8,65 : 10.05"
"8,66 : 28.02"
"8,67 : 39.05"
"8,68 : 40.85"
"8,69 : 9.22"
"8,70 : 41.23"
"8,71 : 24.74"
"8,72 : 28.43"
"8,73 : 37.85"
"8,74 : 45.49"
"8,75 : 7.0"
"8,76 : 37.2"
"8,77 : 10.44"
"8,78 : 16.12"
"8,79 : 36.12"
"8,80 : 39.05"
"8,81 : 19.65"
"8,82 : 23.09"
"8,83 : 15.81"
"8,84 : 44.38"
"8,85 : 19.7"
"8,86 : 28.3"
"8,87 : 9.22"
"8,88 : 42.38"
"8,89 : 37.01"
"8,90 : 52.2"
"8,91 : 12.53"
"8,92 : 12.04"
"8,93 : 42.64"
"8,94 : 32.31"
"8,95 : 25.5"
"8,96 : 11.31"
"8,97 : 20.4"
"8,98 : 15.26"
"8,99 : 26.4"
"9,0 : 37.05"
"9,1 : 42.45"
"9,2 : 24.02"
"9,3 : 43.32"
"9,4 : 48.92"
"9,5 : 40.31"
"9,6 : 9.85"
"9,7 : 23.85"
"9,8 : 22.02"
"9,9 : 0.0"
"9,10 : 24.08"
"9,11 : 25.0"
"9,12 : 15.26"
"9,13 : 33.24"
"9,14 : 30.27"
"9,15 : 24.7"
"9,16 : 6.08"
"9,17 : 41.44"
"9,18 : 26.48"
"9,19 : 41.98"
"9,20 : 20.02"
"9,21 : 6.71"
"9,22 : 43.42"
"9,23 : 35.17"
"9,24 : 9.22"
"9,25 : 39.81"
"9,26 : 28.86"
"9,27 : 47.43"
"9,28 : 38.59"
"9,29 : 33.02"
"9,30 : 38.12"
"9,31 : 41.87"
"9,32 : 23.77"
"9,33 : 34.71"
"9,34 : 40.46"
"9,35 : 11.4"
"9,36 : 20.4"
"9,37 : 20.0"
"9,38 : 29.02"
"9,39 : 43.86"
"9,40 : 1.0"
"9,41 : 20.02"
"9,42 : 40.46"
"9,43 : 45.34"
"9,44 : 7.07"
"9,45 : 34.66"
"9,46 : 54.56"
"9,47 : 33.11"
"9,48 : 48.84"
"9,49 : 32.8"
"9,50 : 5.0"
"9,51 : 36.4"
"9,52 : 41.19"
"9,53 : 22.09"
"9,54 : 6.32"
"9,55 : 42.01"
"9,56 : 20.02"
"9,57 : 31.38"
"9,58 : 13.89"
"9,59 : 27.73"
"9,60 : 12.04"
"9,61 : 12.0"
"9,62 : 35.0"
"9,63 : 26.83"
"9,64 : 13.34"
"9,65 : 12.17"
"9,66 : 43.91"
"9,67 : 29.15"
"9,68 : 52.33"
"9,69 : 17.89"
"9,70 : 50.45"
"9,71 : 7.28"
"9,72 : 21.38"
"9,73 : 38.63"
"9,74 : 37.12"
"9,75 : 22.8"
"9,76 : 22.47"
"9,77 : 32.06"
"9,78 : 32.7"
"9,79 : 39.82"
"9,80 : 29.15"
"9,81 : 6.71"
"9,82 : 1.41"
"9,83 : 12.04"
"9,84 : 43.42"
"9,85 : 40.61"
"9,86 : 43.57"
"9,87 : 17.89"
"9,88 : 39.81"
"9,89 : 42.72"
"9,90 : 41.98"
"9,91 : 29.73"
"9,92 : 10.0"
"9,93 : 32.39"
"9,94 : 30.68"
"9,95 : 6.71"
"9,96 : 30.81"
"9,97 : 5.39"
"9,98 : 11.4"
"9,99 : 15.03"
"10,0 : 13.6"
"10,1 : 19.24"
"10,2 : 33.3"
"10,3 : 20.81"
"10,4 : 35.9"
"10,5 : 17.46"
"10,6 : 22.83"
"10,7 : 21.1"
"10,8 : 32.02"
"10,9 : 24.08"
"10,10 : 0.0"
"10,11 : 9.0"
"10,12 : 33.84"
"10,13 : 22.02"
"10,14 : 34.41"
"10,15 : 7.07"
"10,16 : 18.03"
"10,17 : 19.21"
"10,18 : 30.61"
"10,19 : 18.38"
"10,20 : 5.0"
"10,21 : 27.29"
"10,22 : 32.14"
"10,23 : 12.21"
"10,24 : 30.41"
"10,25 : 34.71"
"10,26 : 31.06"
"10,27 : 29.15"
"10,28 : 20.12"
"10,29 : 38.6"
"10,30 : 41.68"
"10,31 : 26.25"
"10,32 : 4.12"
"10,33 : 24.02"
"10,34 : 25.0"
"10,35 : 32.89"
"10,36 : 7.21"
"10,37 : 30.0"
"10,38 : 35.47"
"10,39 : 29.12"
"10,40 : 25.08"
"10,41 : 29.21"
"10,42 : 25.0"
"10,43 : 29.73"
"10,44 : 29.15"
"10,45 : 23.0"
"10,46 : 38.01"
"10,47 : 13.42"
"10,48 : 35.17"
"10,49 : 18.11"
"10,50 : 20.62"
"10,51 : 14.87"
"10,52 : 43.83"
"10,53 : 29.73"
"10,54 : 18.44"
"10,55 : 18.25"
"10,56 : 5.0"
"10,57 : 11.18"
"10,58 : 19.72"
"10,59 : 10.05"
"10,60 : 12.37"
"10,61 : 12.17"
"10,62 : 26.17"
"10,63 : 25.06"
"10,64 : 23.71"
"10,65 : 27.86"
"10,66 : 36.06"
"10,67 : 7.07"
"10,68 : 37.34"
"10,69 : 34.93"
"10,70 : 33.54"
"10,71 : 31.26"
"10,72 : 3.61"
"10,73 : 16.97"
"10,74 : 13.93"
"10,75 : 26.91"
"10,76 : 10.44"
"10,77 : 37.2"
"10,78 : 30.08"
"10,79 : 20.25"
"10,80 : 7.07"
"10,81 : 30.02"
"10,82 : 23.19"
"10,83 : 17.46"
"10,84 : 20.12"
"10,85 : 41.63"
"10,86 : 35.01"
"10,87 : 34.93"
"10,88 : 16.16"
"10,89 : 24.19"
"10,90 : 20.25"
"10,91 : 29.53"
"10,92 : 25.3"
"10,93 : 10.63"
"10,94 : 9.43"
"10,95 : 30.41"
"10,96 : 32.76"
"10,97 : 29.0"
"10,98 : 18.38"
"10,99 : 9.06"
"11,0 : 13.93"
"11,1 : 24.76"
"11,2 : 39.82"
"11,3 : 27.02"
"11,4 : 44.72"
"11,5 : 16.12"
"11,6 : 20.1"
"11,7 : 29.15"
"11,8 : 38.29"
"11,9 : 25.0"
"11,10 : 9.0"
"11,11 : 0.0"
"11,12 : 37.74"
"11,13 : 31.02"
"11,14 : 42.06"
"11,15 : 16.03"
"11,16 : 19.7"
"11,17 : 25.81"
"11,18 : 38.08"
"11,19 : 23.35"
"11,20 : 7.21"
"11,21 : 29.97"
"11,22 : 41.11"
"11,23 : 18.87"
"11,24 : 33.11"
"11,25 : 43.57"
"11,26 : 38.91"
"11,27 : 37.16"
"11,28 : 28.46"
"11,29 : 46.14"
"11,30 : 49.66"
"11,31 : 34.93"
"11,32 : 13.04"
"11,33 : 33.02"
"11,34 : 33.73"
"11,35 : 31.06"
"11,36 : 5.0"
"11,37 : 36.12"
"11,38 : 42.72"
"11,39 : 37.85"
"11,40 : 25.96"
"11,41 : 35.47"
"11,42 : 33.73"
"11,43 : 38.33"
"11,44 : 31.38"
"11,45 : 32.0"
"11,46 : 46.24"
"11,47 : 21.84"
"11,48 : 43.93"
"11,49 : 27.07"
"11,50 : 20.4"
"11,51 : 22.36"
"11,52 : 52.0"
"11,53 : 36.4"
"11,54 : 18.68"
"11,55 : 18.97"
"11,56 : 7.21"
"11,57 : 19.65"
"11,58 : 25.5"
"11,59 : 19.03"
"11,60 : 13.42"
"11,61 : 13.89"
"11,62 : 35.13"
"11,63 : 33.24"
"11,64 : 29.0"
"11,65 : 32.2"
"11,66 : 45.04"
"11,67 : 6.4"
"11,68 : 45.88"
"11,69 : 39.41"
"11,70 : 41.79"
"11,71 : 31.4"
"11,72 : 11.4"
"11,73 : 24.19"
"11,74 : 13.6"
"11,75 : 34.13"
"11,76 : 3.16"
"11,77 : 44.78"
"11,78 : 38.6"
"11,79 : 28.23"
"11,80 : 6.4"
"11,81 : 31.62"
"11,82 : 23.77"
"11,83 : 22.63"
"11,84 : 25.46"
"11,85 : 49.98"
"11,86 : 44.01"
"11,87 : 39.41"
"11,88 : 21.21"
"11,89 : 32.31"
"11,90 : 17.12"
"11,91 : 37.7"
"11,92 : 29.41"
"11,93 : 8.25"
"11,94 : 17.72"
"11,95 : 30.27"
"11,96 : 40.72"
"11,97 : 30.36"
"11,98 : 23.35"
"11,99 : 12.04"
"12,0 : 47.43"
"12,1 : 49.04"
"12,2 : 13.04"
"12,3 : 49.01"
"12,4 : 46.65"
"12,5 : 51.26"
"12,6 : 25.06"
"12,7 : 22.14"
"12,8 : 11.4"
"12,9 : 15.26"
"12,10 : 33.84"
"12,11 : 37.74"
"12,12 : 0.0"
"12,13 : 32.89"
"12,14 : 20.81"
"12,15 : 31.26"
"12,16 : 18.44"
"12,17 : 47.01"
"12,18 : 18.38"
"12,19 : 49.16"
"12,20 : 31.3"
"12,21 : 8.6"
"12,22 : 40.82"
"12,23 : 42.19"
"12,24 : 6.32"
"12,25 : 33.97"
"12,26 : 21.21"
"12,27 : 49.04"
"12,28 : 41.59"
"12,29 : 21.93"
"12,30 : 27.31"
"12,31 : 42.38"
"12,32 : 31.78"
"12,33 : 33.62"
"12,34 : 41.11"
"12,35 : 22.02"
"12,36 : 32.76"
"12,37 : 10.63"
"12,38 : 18.36"
"12,39 : 43.46"
"12,40 : 14.76"
"12,41 : 11.4"
"12,42 : 41.11"
"12,43 : 45.31"
"12,44 : 8.54"
"12,45 : 34.18"
"12,46 : 54.13"
"12,47 : 38.01"
"12,48 : 47.01"
"12,49 : 34.71"
"12,50 : 20.0"
"12,51 : 42.0"
"12,52 : 30.46"
"12,53 : 13.45"
"12,54 : 20.52"
"12,55 : 51.92"
"12,56 : 31.3"
"12,57 : 37.01"
"12,58 : 15.03"
"12,59 : 33.02"
"12,60 : 24.41"
"12,61 : 23.85"
"12,62 : 32.65"
"12,63 : 22.83"
"12,64 : 11.0"
"12,65 : 6.08"
"12,66 : 39.05"
"12,67 : 40.31"
"12,68 : 51.0"
"12,69 : 3.0"
"12,70 : 50.7"
"12,71 : 15.03"
"12,72 : 30.36"
"12,73 : 44.01"
"12,74 : 47.76"
"12,75 : 16.64"
"12,76 : 35.81"
"12,77 : 21.47"
"12,78 : 27.02"
"12,79 : 43.42"
"12,80 : 40.31"
"12,81 : 10.2"
"12,82 : 16.64"
"12,83 : 16.49"
"12,84 : 50.04"
"12,85 : 30.89"
"12,86 : 39.2"
"12,87 : 3.0"
"12,88 : 47.27"
"12,89 : 45.12"
"12,90 : 53.71"
"12,91 : 23.43"
"12,92 : 8.54"
"12,93 : 43.86"
"12,94 : 37.12"
"12,95 : 16.12"
"12,96 : 22.67"
"12,97 : 11.4"
"12,98 : 15.52"
"12,99 : 25.94"
"13,0 : 29.53"
"13,1 : 22.2"
"13,2 : 24.0"
"13,3 : 20.59"
"13,4 : 15.81"
"13,5 : 33.62"
"13,6 : 38.08"
"13,7 : 10.77"
"13,8 : 24.08"
"13,9 : 33.24"
"13,10 : 22.02"
"13,11 : 31.02"
"13,12 : 32.89"
"13,13 : 0.0"
"13,14 : 19.92"
"13,15 : 15.0"
"13,16 : 28.6"
"13,17 : 18.87"
"13,18 : 18.11"
"13,19 : 23.43"
"13,20 : 25.18"
"13,21 : 31.62"
"13,22 : 10.77"
"13,23 : 18.6"
"13,24 : 33.62"
"13,25 : 13.42"
"13,26 : 16.49"
"13,27 : 16.28"
"13,28 : 10.77"
"13,29 : 23.77"
"13,30 : 24.41"
"13,31 : 9.49"
"13,32 : 18.0"
"13,33 : 2.0"
"13,34 : 8.25"
"13,35 : 44.6"
"13,36 : 28.16"
"13,37 : 23.35"
"13,38 : 22.56"
"13,39 : 10.82"
"13,40 : 33.94"
"13,41 : 22.36"
"13,42 : 8.25"
"13,43 : 12.53"
"13,44 : 33.84"
"13,45 : 1.41"
"13,46 : 21.63"
"13,47 : 12.21"
"13,48 : 15.62"
"13,49 : 5.0"
"13,50 : 33.02"
"13,51 : 15.56"
"13,52 : 25.5"
"13,53 : 21.1"
"13,54 : 31.06"
"13,55 : 31.4"
"13,56 : 25.18"
"13,57 : 13.42"
"13,58 : 20.0"
"13,59 : 12.17"
"13,60 : 27.31"
"13,61 : 26.4"
"13,62 : 4.47"
"13,63 : 11.0"
"13,64 : 22.83"
"13,65 : 27.73"
"13,66 : 14.04"
"13,67 : 27.66"
"13,68 : 19.1"
"13,69 : 32.02"
"13,70 : 17.89"
"13,71 : 39.7"
"13,72 : 20.1"
"13,73 : 16.4"
"13,74 : 30.41"
"13,75 : 17.12"
"13,76 : 32.06"
"13,77 : 22.47"
"13,78 : 11.66"
"13,79 : 13.0"
"13,80 : 27.66"
"13,81 : 35.81"
"13,82 : 33.3"
"13,83 : 21.21"
"13,84 : 23.02"
"13,85 : 22.63"
"13,86 : 13.0"
"13,87 : 32.02"
"13,88 : 22.63"
"13,89 : 13.04"
"13,90 : 37.59"
"13,91 : 13.6"
"13,92 : 26.93"
"13,93 : 30.36"
"13,94 : 15.23"
"13,95 : 39.62"
"13,96 : 17.09"
"13,97 : 35.61"
"13,98 : 21.93"
"13,99 : 24.35"
"14,0 : 45.97"
"14,1 : 41.59"
"14,2 : 7.81"
"14,3 : 40.31"
"14,4 : 28.86"
"14,5 : 50.21"
"14,6 : 39.0"
"14,7 : 13.45"
"14,8 : 9.43"
"14,9 : 30.27"
"14,10 : 34.41"
"14,11 : 42.06"
"14,12 : 20.81"
"14,13 : 19.92"
"14,14 : 0.0"
"14,15 : 28.32"
"14,16 : 29.07"
"14,17 : 38.48"
"14,18 : 4.12"
"14,19 : 42.54"
"14,20 : 34.89"
"14,21 : 25.0"
"14,22 : 23.35"
"14,23 : 36.62"
"14,24 : 25.08"
"14,25 : 14.32"
"14,26 : 3.61"
"14,27 : 35.13"
"14,28 : 30.68"
"14,29 : 4.24"
"14,30 : 8.06"
"14,31 : 28.16"
"14,32 : 30.61"
"14,33 : 19.42"
"14,34 : 27.29"
"14,35 : 40.52"
"14,36 : 37.58"
"14,37 : 10.77"
"14,38 : 3.16"
"14,39 : 28.0"
"14,40 : 30.41"
"14,41 : 10.44"
"14,42 : 27.29"
"14,43 : 30.0"
"14,44 : 26.57"
"14,45 : 20.62"
"14,46 : 37.48"
"14,47 : 30.53"
"14,48 : 29.61"
"14,49 : 24.17"
"14,50 : 33.0"
"14,51 : 34.48"
"14,52 : 11.0"
"14,53 : 8.25"
"14,54 : 32.06"
"14,55 : 49.04"
"14,56 : 34.89"
"14,57 : 30.81"
"14,58 : 18.25"
"14,59 : 27.66"
"14,60 : 32.02"
"14,61 : 31.05"
"14,62 : 17.12"
"14,63 : 10.0"
"14,64 : 17.03"
"14,65 : 18.97"
"14,66 : 19.7"
"14,67 : 41.4"
"14,68 : 33.73"
"14,69 : 18.44"
"14,70 : 35.06"
"14,71 : 33.84"
"14,72 : 31.06"
"14,73 : 35.78"
"14,74 : 46.67"
"14,75 : 8.25"
"14,76 : 41.63"
"14,77 : 2.83"
"14,78 : 9.0"
"14,79 : 32.89"
"14,80 : 41.4"
"14,81 : 28.79"
"14,82 : 31.14"
"14,83 : 21.38"
"14,84 : 42.49"
"14,85 : 10.44"
"14,86 : 20.25"
"14,87 : 18.44"
"14,88 : 41.34"
"14,89 : 32.76"
"14,90 : 53.76"
"14,91 : 6.32"
"14,92 : 20.4"
"14,93 : 44.82"
"14,94 : 32.02"
"14,95 : 34.48"
"14,96 : 3.0"
"14,97 : 29.41"
"14,98 : 21.21"
"14,99 : 31.02"
"15,0 : 17.8"
"15,1 : 18.11"
"15,2 : 28.3"
"15,3 : 18.68"
"15,4 : 29.41"
"15,5 : 22.02"
"15,6 : 26.17"
"15,7 : 14.87"
"15,8 : 27.29"
"15,9 : 24.7"
"15,10 : 7.07"
"15,11 : 16.03"
"15,12 : 31.26"
"15,13 : 15.0"
"15,14 : 28.32"
"15,15 : 0.0"
"15,16 : 18.79"
"15,17 : 16.76"
"15,18 : 24.76"
"15,19 : 18.0"
"15,20 : 10.44"
"15,21 : 26.17"
"15,22 : 25.32"
"15,23 : 11.0"
"15,24 : 29.07"
"15,25 : 27.66"
"15,26 : 24.84"
"15,27 : 24.08"
"15,28 : 14.87"
"15,29 : 32.56"
"15,30 : 35.23"
"15,31 : 20.12"
"15,32 : 3.0"
"15,33 : 17.0"
"15,34 : 18.79"
"15,35 : 34.99"
"15,36 : 13.34"
"15,37 : 25.5"
"15,38 : 29.73"
"15,39 : 22.85"
"15,40 : 25.63"
"15,41 : 24.6"
"15,42 : 18.79"
"15,43 : 23.71"
"15,44 : 28.28"
"15,45 : 16.03"
"15,46 : 32.45"
"15,47 : 8.6"
"15,48 : 28.79"
"15,49 : 11.4"
"15,50 : 22.47"
"15,51 : 11.7"
"15,52 : 37.22"
"15,53 : 24.7"
"15,54 : 20.25"
"15,55 : 21.47"
"15,56 : 10.44"
"15,57 : 6.71"
"15,58 : 16.28"
"15,59 : 3.61"
"15,60 : 14.87"
"15,61 : 14.21"
"15,62 : 19.1"
"15,63 : 18.6"
"15,64 : 20.4"
"15,65 : 25.18"
"15,66 : 29.02"
"15,67 : 13.42"
"15,68 : 31.3"
"15,69 : 31.78"
"15,70 : 28.02"
"15,71 : 31.95"
"15,72 : 5.39"
"15,73 : 13.93"
"15,74 : 18.44"
"15,75 : 21.4"
"15,76 : 17.12"
"15,77 : 31.14"
"15,78 : 23.26"
"15,79 : 15.62"
"15,80 : 13.42"
"15,81 : 29.61"
"15,82 : 24.17"
"15,83 : 15.0"
"15,84 : 19.1"
"15,85 : 34.89"
"15,86 : 28.0"
"15,87 : 31.78"
"15,88 : 16.03"
"15,89 : 19.1"
"15,90 : 25.46"
"15,91 : 23.02"
"15,92 : 23.02"
"15,93 : 16.64"
"15,94 : 6.08"
"15,95 : 31.38"
"15,96 : 26.4"
"15,97 : 28.86"
"15,98 : 16.0"
"15,99 : 11.31"
"16,0 : 31.14"
"16,1 : 36.4"
"16,2 : 24.04"
"16,3 : 37.34"
"16,4 : 44.41"
"16,5 : 34.53"
"16,6 : 10.2"
"16,7 : 20.25"
"16,8 : 22.14"
"16,9 : 6.08"
"16,10 : 18.03"
"16,11 : 19.7"
"16,12 : 18.44"
"16,13 : 28.6"
"16,14 : 29.07"
"16,15 : 18.79"
"16,16 : 0.0"
"16,17 : 35.47"
"16,18 : 25.02"
"16,19 : 35.9"
"16,20 : 14.14"
"16,21 : 10.3"
"16,22 : 39.12"
"16,23 : 29.12"
"16,24 : 13.42"
"16,25 : 36.69"
"16,26 : 27.02"
"16,27 : 42.01"
"16,28 : 33.02"
"16,29 : 32.39"
"16,30 : 37.12"
"16,31 : 36.77"
"16,32 : 17.72"
"16,33 : 30.23"
"16,34 : 35.36"
"16,35 : 16.4"
"16,36 : 14.87"
"16,37 : 19.92"
"16,38 : 28.44"
"16,39 : 38.95"
"16,40 : 7.07"
"16,41 : 19.65"
"16,42 : 35.36"
"16,43 : 40.31"
"16,44 : 11.7"
"16,45 : 30.0"
"16,46 : 49.5"
"16,47 : 27.29"
"16,48 : 44.2"
"16,49 : 27.59"
"16,50 : 4.47"
"16,51 : 30.46"
"16,52 : 40.05"
"16,53 : 21.38"
"16,54 : 3.0"
"16,55 : 36.06"
"16,56 : 14.14"
"16,57 : 25.5"
"16,58 : 11.05"
"16,59 : 21.95"
"16,60 : 6.32"
"16,61 : 6.08"
"16,62 : 30.89"
"16,63 : 23.77"
"16,64 : 12.37"
"16,65 : 13.6"
"16,66 : 40.31"
"16,67 : 23.35"
"16,68 : 47.51"
"16,69 : 20.52"
"16,70 : 45.28"
"16,71 : 13.34"
"16,72 : 15.3"
"16,73 : 32.7"
"16,74 : 31.26"
"16,75 : 21.0"
"16,76 : 17.49"
"16,77 : 31.26"
"16,78 : 29.83"
"16,79 : 34.13"
"16,80 : 23.35"
"16,81 : 12.17"
"16,82 : 5.39"
"16,83 : 8.25"
"16,84 : 37.36"
"16,85 : 39.01"
"16,86 : 39.81"
"16,87 : 20.52"
"16,88 : 33.73"
"16,89 : 37.2"
"16,90 : 36.4"
"16,91 : 27.29"
"16,92 : 10.82"
"16,93 : 26.68"
"16,94 : 24.7"
"16,95 : 12.65"
"16,96 : 29.02"
"16,97 : 11.05"
"16,98 : 8.06"
"16,99 : 9.0"
"17,0 : 16.12"
"17,1 : 3.61"
"17,2 : 41.23"
"17,3 : 2.0"
"17,4 : 24.04"
"17,5 : 19.03"
"17,6 : 41.88"
"17,7 : 26.68"
"17,8 : 40.79"
"17,9 : 41.44"
"17,10 : 19.21"
"17,11 : 25.81"
"17,12 : 47.01"
"17,13 : 18.87"
"17,14 : 38.48"
"17,15 : 16.76"
"17,16 : 35.47"
"17,17 : 0.0"
"17,18 : 36.06"
"17,19 : 5.39"
"17,20 : 24.21"
"17,21 : 42.76"
"17,22 : 23.32"
"17,23 : 7.07"
"17,24 : 45.54"
"17,25 : 31.11"
"17,26 : 34.93"
"17,27 : 13.0"
"17,28 : 8.49"
"17,29 : 42.49"
"17,30 : 43.27"
"17,31 : 14.76"
"17,32 : 17.89"
"17,33 : 20.0"
"17,34 : 14.42"
"17,35 : 51.43"
"17,36 : 26.17"
"17,37 : 39.46"
"17,38 : 40.85"
"17,39 : 17.46"
"17,40 : 42.38"
"17,41 : 38.47"
"17,42 : 14.42"
"17,43 : 16.76"
"17,44 : 44.91"
"17,45 : 18.6"
"17,46 : 22.09"
"17,47 : 9.0"
"17,48 : 22.8"
"17,49 : 14.32"
"17,50 : 38.91"
"17,51 : 5.1"
"17,52 : 44.2"
"17,53 : 37.85"
"17,54 : 36.67"
"17,55 : 15.3"
"17,56 : 24.21"
"17,57 : 10.2"
"17,58 : 32.06"
"17,59 : 14.14"
"17,60 : 30.89"
"17,61 : 30.41"
"17,62 : 22.8"
"17,63 : 28.79"
"17,64 : 36.01"
"17,65 : 41.05"
"17,66 : 29.41"
"17,67 : 19.72"
"17,68 : 23.09"
"17,69 : 47.04"
"17,70 : 18.0"
"17,71 : 48.7"
"17,72 : 20.59"
"17,73 : 3.0"
"17,74 : 17.12"
"17,75 : 33.96"
"17,76 : 28.43"
"17,77 : 41.15"
"17,78 : 30.53"
"17,79 : 6.4"
"17,80 : 19.72"
"17,81 : 46.32"
"17,82 : 40.85"
"17,83 : 31.4"
"17,84 : 4.24"
"17,85 : 41.23"
"17,86 : 28.02"
"17,87 : 47.04"
"17,88 : 6.0"
"17,89 : 9.49"
"17,90 : 23.09"
"17,91 : 32.2"
"17,92 : 39.2"
"17,93 : 20.25"
"17,94 : 10.77"
"17,95 : 48.1"
"17,96 : 35.78"
"17,97 : 45.61"
"17,98 : 32.39"
"17,99 : 27.29"
"18,0 : 42.52"
"18,1 : 39.0"
"18,2 : 6.32"
"18,3 : 37.95"
"18,4 : 29.15"
"18,5 : 46.75"
"18,6 : 35.01"
"18,7 : 10.0"
"18,8 : 7.21"
"18,9 : 26.48"
"18,10 : 30.61"
"18,11 : 38.08"
"18,12 : 18.38"
"18,13 : 18.11"
"18,14 : 4.12"
"18,15 : 24.76"
"18,16 : 25.02"
"18,17 : 36.06"
"18,18 : 0.0"
"18,19 : 39.81"
"18,20 : 30.89"
"18,21 : 21.54"
"18,22 : 23.41"
"18,23 : 33.62"
"18,24 : 21.95"
"18,25 : 15.62"
"18,26 : 2.83"
"18,27 : 34.01"
"18,28 : 28.64"
"18,29 : 8.06"
"18,30 : 12.17"
"18,31 : 27.02"
"18,32 : 26.91"
"18,33 : 18.0"
"18,34 : 26.0"
"18,35 : 37.0"
"18,36 : 33.54"
"18,37 : 7.81"
"18,38 : 5.0"
"18,39 : 27.29"
"18,40 : 26.68"
"18,41 : 7.21"
"18,42 : 26.0"
"18,43 : 29.27"
"18,44 : 23.26"
"18,45 : 19.03"
"18,46 : 37.36"
"18,47 : 27.73"
"18,48 : 29.73"
"18,49 : 21.84"
"18,50 : 29.02"
"18,51 : 31.78"
"18,52 : 15.03"
"18,53 : 5.0"
"18,54 : 28.02"
"18,55 : 45.8"
"18,56 : 30.89"
"18,57 : 27.78"
"18,58 : 14.14"
"18,59 : 24.41"
"18,60 : 27.89"
"18,61 : 26.93"
"18,62 : 16.12"
"18,63 : 7.28"
"18,64 : 13.15"
"18,65 : 15.65"
"18,66 : 20.81"
"18,67 : 37.64"
"18,68 : 33.84"
"18,69 : 16.4"
"18,70 : 34.53"
"18,71 : 30.46"
"18,72 : 27.2"
"18,73 : 33.24"
"18,74 : 43.19"
"18,75 : 4.12"
"18,76 : 37.58"
"18,77 : 6.71"
"18,78 : 8.94"
"18,79 : 30.81"
"18,80 : 37.64"
"18,81 : 25.5"
"18,82 : 27.29"
"18,83 : 17.26"
"18,84 : 39.92"
"18,85 : 14.14"
"18,86 : 21.1"
"18,87 : 16.4"
"18,88 : 38.47"
"18,89 : 31.14"
"18,90 : 50.21"
"18,91 : 5.39"
"18,92 : 16.76"
"18,93 : 41.11"
"18,94 : 28.84"
"18,95 : 31.02"
"18,96 : 4.47"
"18,97 : 26.0"
"18,98 : 17.12"
"18,99 : 26.93"
"19,0 : 11.7"
"19,1 : 2.0"
"19,2 : 44.6"
"19,3 : 5.0"
"19,4 : 29.41"
"19,5 : 14.04"
"19,6 : 41.15"
"19,7 : 30.08"
"19,8 : 43.97"
"19,9 : 41.98"
"19,10 : 18.38"
"19,11 : 23.35"
"19,12 : 49.16"
"19,13 : 23.43"
"19,14 : 42.54"
"19,15 : 18.0"
"19,16 : 35.9"
"19,17 : 5.39"
"19,18 : 39.81"
"19,19 : 0.0"
"19,20 : 23.26"
"19,21 : 44.1"
"19,22 : 28.65"
"19,23 : 7.0"
"19,24 : 47.04"
"19,25 : 36.12"
"19,26 : 38.95"
"19,27 : 18.11"
"19,28 : 13.6"
"19,29 : 46.65"
"19,30 : 47.8"
"19,31 : 20.12"
"19,32 : 18.25"
"19,33 : 24.76"
"19,34 : 19.72"
"19,35 : 51.26"
"19,36 : 24.7"
"19,37 : 42.45"
"19,38 : 44.72"
"19,39 : 22.85"
"19,40 : 42.95"
"19,41 : 41.48"
"19,42 : 19.72"
"19,43 : 22.14"
"19,44 : 46.17"
"19,45 : 23.35"
"19,46 : 27.0"
"19,47 : 12.08"
"19,48 : 28.16"
"19,49 : 18.6"
"19,50 : 38.9"
"19,51 : 8.06"
"19,52 : 48.92"
"19,53 : 41.11"
"19,54 : 36.69"
"19,55 : 10.05"
"19,56 : 23.26"
"19,57 : 12.37"
"19,58 : 34.13"
"19,59 : 16.28"
"19,60 : 30.68"
"19,61 : 30.36"
"19,62 : 27.59"
"19,63 : 32.65"
"19,64 : 38.21"
"19,65 : 43.1"
"19,66 : 34.67"
"19,67 : 16.97"
"19,68 : 28.28"
"19,69 : 49.5"
"19,70 : 23.09"
"19,71 : 49.24"
"19,72 : 20.62"
"19,73 : 7.07"
"19,74 : 12.65"
"19,75 : 37.34"
"19,76 : 26.25"
"19,77 : 45.28"
"19,78 : 35.0"
"19,79 : 11.66"
"19,80 : 16.97"
"19,81 : 47.38"
"19,82 : 41.23"
"19,83 : 33.0"
"19,84 : 2.24"
"19,85 : 46.01"
"19,86 : 33.29"
"19,87 : 49.5"
"19,88 : 2.24"
"19,89 : 14.87"
"19,90 : 18.0"
"19,91 : 36.36"
"19,92 : 41.01"
"19,93 : 16.64"
"19,94 : 12.04"
"19,95 : 48.51"
"19,96 : 39.96"
"19,97 : 46.53"
"19,98 : 34.0"
"19,99 : 27.2"
"20,0 : 17.03"
"20,1 : 24.19"
"20,2 : 32.65"
"20,3 : 25.81"
"20,4 : 39.85"
"20,5 : 20.4"
"20,6 : 17.89"
"20,7 : 22.14"
"20,8 : 31.14"
"20,9 : 20.02"
"20,10 : 5.0"
"20,11 : 7.21"
"20,12 : 31.3"
"20,13 : 25.18"
"20,14 : 34.89"
"20,15 : 10.44"
"20,16 : 14.14"
"20,17 : 24.21"
"20,18 : 30.89"
"20,19 : 23.26"
"20,20 : 0.0"
"20,21 : 24.04"
"20,22 : 35.69"
"20,23 : 17.2"
"20,24 : 27.2"
"20,25 : 37.12"
"20,26 : 31.78"
"20,27 : 33.84"
"20,28 : 24.7"
"20,29 : 38.95"
"20,30 : 42.54"
"20,31 : 30.46"
"20,32 : 7.62"
"20,33 : 27.17"
"20,34 : 29.15"
"20,35 : 28.16"
"20,36 : 3.0"
"20,37 : 29.0"
"20,38 : 35.51"
"20,39 : 33.24"
"20,40 : 21.02"
"20,41 : 28.32"
"20,42 : 29.15"
"20,43 : 34.01"
"20,44 : 25.71"
"20,45 : 26.31"
"20,46 : 42.54"
"20,47 : 18.03"
"20,48 : 39.22"
"20,49 : 21.84"
"20,50 : 16.12"
"20,51 : 19.8"
"20,52 : 44.94"
"20,53 : 29.21"
"20,54 : 14.04"
"20,55 : 22.0"
"20,56 : 0.0"
"20,57 : 15.81"
"20,58 : 18.38"
"20,59 : 13.93"
"20,60 : 8.0"
"20,61 : 8.06"
"20,62 : 29.02"
"20,63 : 26.25"
"20,64 : 22.02"
"20,65 : 25.55"
"20,66 : 39.05"
"20,67 : 9.22"
"20,68 : 41.63"
"20,69 : 32.76"
"20,70 : 38.08"
"20,71 : 27.02"
"20,72 : 5.1"
"20,73 : 21.93"
"20,74 : 17.12"
"20,75 : 26.93"
"20,76 : 7.07"
"20,77 : 37.59"
"20,78 : 31.78"
"20,79 : 25.0"
"20,80 : 9.22"
"20,81 : 26.31"
"20,82 : 19.0"
"20,83 : 15.62"
"20,84 : 25.06"
"20,85 : 43.01"
"20,86 : 38.12"
"20,87 : 32.76"
"20,88 : 21.02"
"20,89 : 28.84"
"20,90 : 22.47"
"20,91 : 30.68"
"20,92 : 22.83"
"20,93 : 12.65"
"20,94 : 14.21"
"20,95 : 26.08"
"20,96 : 33.62"
"20,97 : 25.18"
"20,98 : 16.4"
"20,99 : 5.39"
"21,0 : 40.79"
"21,1 : 44.28"
"21,2 : 18.11"
"21,3 : 44.72"
"21,4 : 46.75"
"21,5 : 44.38"
"21,6 : 16.55"
"21,7 : 21.26"
"21,8 : 16.12"
"21,9 : 6.71"
"21,10 : 27.29"
"21,11 : 29.97"
"21,12 : 8.6"
"21,13 : 31.62"
"21,14 : 25.0"
"21,15 : 26.17"
"21,16 : 10.3"
"21,17 : 42.76"
"21,18 : 21.54"
"21,19 : 44.1"
"21,20 : 24.04"
"21,21 : 0.0"
"21,22 : 41.04"
"21,23 : 37.12"
"21,24 : 3.16"
"21,25 : 36.06"
"21,26 : 24.17"
"21,27 : 46.96"
"21,28 : 38.63"
"21,29 : 27.29"
"21,30 : 32.56"
"21,31 : 40.82"
"21,32 : 26.0"
"21,33 : 32.8"
"21,34 : 39.45"
"21,35 : 15.52"
"21,36 : 25.08"
"21,37 : 14.32"
"21,38 : 23.35"
"21,39 : 42.44"
"21,40 : 6.32"
"21,41 : 14.56"
"21,42 : 39.45"
"21,43 : 44.1"
"21,44 : 2.24"
"21,45 : 33.02"
"21,46 : 53.25"
"21,47 : 33.96"
"21,48 : 46.86"
"21,49 : 32.2"
"21,50 : 11.4"
"21,51 : 37.66"
"21,52 : 35.69"
"21,53 : 16.76"
"21,54 : 12.04"
"21,55 : 45.54"
"21,56 : 24.04"
"21,57 : 32.56"
"21,58 : 11.66"
"21,59 : 28.64"
"21,60 : 16.55"
"21,61 : 16.16"
"21,62 : 32.56"
"21,63 : 23.43"
"21,64 : 9.22"
"21,65 : 6.08"
"21,66 : 40.61"
"21,67 : 33.24"
"21,68 : 50.61"
"21,69 : 11.18"
"21,70 : 49.4"
"21,71 : 8.94"
"21,72 : 24.08"
"21,73 : 39.81"
"21,74 : 41.0"
"21,75 : 18.36"
"21,76 : 27.78"
"21,77 : 26.48"
"21,78 : 28.84"
"21,79 : 40.16"
"21,80 : 33.24"
"21,81 : 4.24"
"21,82 : 8.06"
"21,83 : 11.4"
"21,84 : 45.28"
"21,85 : 35.44"
"21,86 : 40.46"
"21,87 : 11.18"
"21,88 : 42.05"
"21,89 : 42.54"
"21,90 : 46.49"
"21,91 : 25.55"
"21,92 : 5.0"
"21,93 : 36.69"
"21,94 : 32.25"
"21,95 : 9.49"
"21,96 : 26.0"
"21,97 : 4.47"
"21,98 : 10.44"
"21,99 : 18.68"
"22,0 : 37.36"
"22,1 : 26.93"
"22,2 : 29.73"
"22,3 : 24.41"
"22,4 : 5.83"
"22,5 : 41.11"
"22,6 : 48.76"
"22,7 : 19.8"
"22,8 : 30.46"
"22,9 : 43.42"
"22,10 : 32.14"
"22,11 : 41.11"
"22,12 : 40.82"
"22,13 : 10.77"
"22,14 : 23.35"
"22,15 : 25.32"
"22,16 : 39.12"
"22,17 : 23.32"
"22,18 : 23.41"
"22,19 : 28.65"
"22,20 : 35.69"
"22,21 : 41.04"
"22,22 : 0.0"
"22,23 : 25.96"
"22,24 : 42.64"
"22,25 : 10.2"
"22,26 : 20.88"
"22,27 : 13.89"
"22,28 : 15.23"
"22,29 : 26.02"
"22,30 : 24.33"
"22,31 : 8.6"
"22,32 : 28.28"
"22,33 : 8.94"
"22,34 : 8.94"
"22,35 : 54.82"
"22,36 : 38.64"
"22,37 : 30.41"
"22,38 : 26.48"
"22,39 : 6.4"
"22,40 : 44.05"
"22,41 : 29.53"
"22,42 : 8.94"
"22,43 : 8.06"
"22,44 : 43.19"
"22,45 : 9.49"
"22,46 : 14.14"
"22,47 : 20.22"
"22,48 : 6.32"
"22,49 : 14.04"
"22,50 : 43.57"
"22,51 : 22.14"
"22,52 : 24.04"
"22,53 : 27.73"
"22,54 : 41.68"
"22,55 : 38.08"
"22,56 : 35.69"
"22,57 : 22.09"
"22,58 : 29.73"
"22,59 : 22.09"
"22,60 : 38.08"
"22,61 : 37.16"
"22,62 : 8.49"
"22,63 : 18.03"
"22,64 : 31.89"
"22,65 : 36.4"
"22,66 : 6.4"
"22,67 : 37.05"
"22,68 : 10.44"
"22,69 : 39.36"
"22,70 : 12.17"
"22,71 : 49.52"
"22,72 : 30.59"
"22,73 : 21.93"
"22,74 : 38.33"
"22,75 : 24.19"
"22,76 : 42.43"
"22,77 : 25.08"
"22,78 : 14.56"
"22,79 : 17.0"
"22,80 : 37.05"
"22,81 : 45.28"
"22,82 : 43.6"
"22,83 : 31.4"
"22,84 : 27.46"
"22,85 : 20.88"
"22,86 : 5.0"
"22,87 : 39.36"
"22,88 : 28.64"
"22,89 : 14.21"
"22,90 : 45.22"
"22,91 : 18.03"
"22,92 : 36.12"
"22,93 : 39.32"
"22,94 : 24.08"
"22,95 : 49.58"
"22,96 : 20.4"
"22,97 : 45.25"
"22,98 : 32.02"
"22,99 : 35.11"
"23,0 : 11.4"
"23,1 : 7.28"
"23,2 : 38.08"
"23,3 : 8.6"
"23,4 : 28.07"
"23,5 : 15.23"
"23,6 : 34.99"
"23,7 : 23.71"
"23,8 : 37.34"
"23,9 : 35.17"
"23,10 : 12.21"
"23,11 : 18.87"
"23,12 : 42.19"
"23,13 : 18.6"
"23,14 : 36.62"
"23,15 : 11.0"
"23,16 : 29.12"
"23,17 : 7.07"
"23,18 : 33.62"
"23,19 : 7.0"
"23,20 : 17.2"
"23,21 : 37.12"
"23,22 : 25.96"
"23,23 : 0.0"
"23,24 : 40.05"
"23,25 : 31.91"
"23,26 : 33.02"
"23,27 : 18.68"
"23,28 : 11.05"
"23,29 : 40.8"
"23,30 : 42.45"
"23,31 : 18.11"
"23,32 : 11.4"
"23,33 : 20.25"
"23,34 : 17.26"
"23,35 : 44.78"
"23,36 : 19.1"
"23,37 : 35.74"
"23,38 : 38.59"
"23,39 : 21.1"
"23,40 : 36.14"
"23,41 : 34.79"
"23,42 : 17.26"
"23,43 : 21.0"
"23,44 : 39.2"
"23,45 : 18.87"
"23,46 : 27.89"
"23,47 : 6.4"
"23,48 : 27.02"
"23,49 : 13.6"
"23,50 : 32.31"
"23,51 : 4.0"
"23,52 : 43.86"
"23,53 : 34.54"
"23,54 : 30.08"
"23,55 : 12.81"
"23,56 : 17.2"
"23,57 : 5.83"
"23,58 : 27.17"
"23,59 : 9.49"
"23,60 : 24.17"
"23,61 : 23.77"
"23,62 : 23.02"
"23,63 : 26.63"
"23,64 : 31.26"
"23,65 : 36.12"
"23,66 : 31.38"
"23,67 : 13.0"
"23,68 : 28.16"
"23,69 : 42.58"
"23,70 : 23.54"
"23,71 : 42.45"
"23,72 : 13.93"
"23,73 : 5.39"
"23,74 : 12.37"
"23,75 : 30.87"
"23,76 : 21.4"
"23,77 : 39.41"
"23,78 : 29.7"
"23,79 : 10.05"
"23,80 : 13.0"
"23,81 : 40.45"
"23,82 : 34.48"
"23,83 : 26.0"
"23,84 : 8.25"
"23,85 : 41.11"
"23,86 : 30.08"
"23,87 : 42.58"
"23,88 : 5.1"
"23,89 : 14.14"
"23,90 : 19.31"
"23,91 : 30.61"
"23,92 : 34.01"
"23,93 : 14.14"
"23,94 : 5.1"
"23,95 : 41.76"
"23,96 : 34.21"
"23,97 : 39.62"
"23,98 : 27.0"
"23,99 : 20.62"
"24,0 : 43.93"
"24,1 : 47.17"
"24,2 : 17.72"
"24,3 : 47.52"
"24,4 : 48.41"
"24,5 : 47.54"
"24,6 : 18.87"
"24,7 : 23.02"
"24,8 : 15.81"
"24,9 : 9.22"
"24,10 : 30.41"
"24,11 : 33.11"
"24,12 : 6.32"
"24,13 : 33.62"
"24,14 : 25.08"
"24,15 : 29.07"
"24,16 : 13.42"
"24,17 : 45.54"
"24,18 : 21.95"
"24,19 : 47.04"
"24,20 : 27.2"
"24,21 : 3.16"
"24,22 : 42.64"
"24,23 : 40.05"
"24,24 : 0.0"
"24,25 : 37.01"
"24,26 : 24.7"
"24,27 : 49.24"
"24,28 : 41.11"
"24,29 : 26.93"
"24,30 : 32.28"
"24,31 : 42.94"
"24,32 : 29.02"
"24,33 : 34.67"
"24,34 : 41.59"
"24,35 : 16.03"
"24,36 : 28.23"
"24,37 : 14.32"
"24,38 : 23.09"
"24,39 : 44.42"
"24,40 : 8.6"
"24,41 : 14.76"
"24,42 : 41.59"
"24,43 : 46.14"
"24,44 : 2.24"
"24,45 : 34.99"
"24,46 : 55.23"
"24,47 : 36.67"
"24,48 : 48.6"
"24,49 : 34.54"
"24,50 : 14.14"
"24,51 : 40.45"
"24,52 : 35.44"
"24,53 : 17.0"
"24,54 : 15.0"
"24,55 : 48.66"
"24,56 : 27.2"
"24,57 : 35.36"
"24,58 : 13.93"
"24,59 : 31.4"
"24,60 : 19.7"
"24,61 : 19.31"
"24,62 : 34.21"
"24,63 : 24.76"
"24,64 : 10.82"
"24,65 : 6.4"
"24,66 : 41.77"
"24,67 : 36.4"
"24,68 : 52.43"
"24,69 : 9.22"
"24,70 : 51.48"
"24,71 : 9.06"
"24,72 : 27.17"
"24,73 : 42.58"
"24,74 : 44.15"
"24,75 : 19.21"
"24,76 : 30.89"
"24,77 : 26.25"
"24,78 : 29.83"
"24,79 : 42.72"
"24,80 : 36.4"
"24,81 : 4.0"
"24,82 : 10.63"
"24,83 : 14.14"
"24,84 : 48.17"
"24,85 : 35.47"
"24,86 : 41.73"
"24,87 : 9.22"
"24,88 : 45.01"
"24,89 : 44.94"
"24,90 : 49.65"
"24,91 : 26.4"
"24,92 : 6.71"
"24,93 : 39.85"
"24,94 : 35.13"
"24,95 : 10.0"
"24,96 : 26.42"
"24,97 : 5.1"
"24,98 : 13.15"
"24,99 : 21.84"
"25,0 : 42.94"
"25,1 : 34.66"
"25,2 : 21.63"
"25,3 : 32.56"
"25,4 : 15.03"
"25,5 : 47.01"
"25,6 : 46.84"
"25,7 : 16.49"
"25,8 : 22.8"
"25,9 : 39.81"
"25,10 : 34.71"
"25,11 : 43.57"
"25,12 : 33.97"
"25,13 : 13.42"
"25,14 : 14.32"
"25,15 : 27.66"
"25,16 : 36.69"
"25,17 : 31.11"
"25,18 : 15.62"
"25,19 : 36.12"
"25,20 : 37.12"
"25,21 : 36.06"
"25,22 : 10.2"
"25,23 : 31.91"
"25,24 : 37.01"
"25,25 : 0.0"
"25,26 : 12.81"
"25,27 : 23.77"
"25,28 : 22.63"
"25,29 : 16.28"
"25,30 : 14.14"
"25,31 : 17.49"
"25,32 : 30.59"
"25,33 : 11.66"
"25,34 : 17.2"
"25,35 : 51.0"
"25,36 : 40.11"
"25,37 : 23.35"
"25,38 : 17.46"
"25,39 : 16.16"
"25,40 : 40.25"
"25,41 : 22.63"
"25,42 : 17.2"
"25,43 : 18.03"
"25,44 : 38.01"
"25,45 : 13.04"
"25,46 : 24.0"
"25,47 : 25.55"
"25,48 : 16.0"
"25,49 : 18.36"
"25,50 : 41.11"
"25,51 : 28.6"
"25,52 : 13.93"
"25,53 : 20.52"
"25,54 : 39.56"
"25,55 : 44.65"
"25,56 : 37.12"
"25,57 : 26.83"
"25,58 : 26.0"
"25,59 : 25.3"
"25,60 : 37.34"
"25,61 : 36.35"
"25,62 : 8.94"
"25,63 : 13.0"
"25,64 : 26.93"
"25,65 : 30.61"
"25,66 : 5.39"
"25,67 : 40.8"
"25,68 : 20.02"
"25,69 : 32.02"
"25,70 : 22.36"
"25,71 : 44.94"
"25,72 : 32.25"
"25,73 : 29.07"
"25,74 : 43.83"
"25,75 : 17.8"
"25,76 : 44.18"
"25,77 : 15.52"
"25,78 : 7.21"
"25,79 : 24.76"
"25,80 : 40.8"
"25,81 : 40.22"
"25,82 : 40.31"
"25,83 : 28.46"
"25,84 : 35.36"
"25,85 : 10.77"
"25,86 : 6.08"
"25,87 : 32.02"
"25,88 : 35.61"
