x,y
24,25
13,32
20,38
35,33
17,21
6,30
0,4
50,45
11,44
0,42
10,35
49,49
21,48
4,5
19,16
45,43
23,43
26,9
18,43
48,10
26,21
20,4
43,9
3,14
50,17
49,27
40,30
2,16
24,46
17,13
9,21
12,2
26,38
4,39
1,34
6,13
8,12
32,3
28,26
47,0
31,31
40,22
16,18
10,25
37,40
29,34
15,32
38,38
5,14
2,2
15,50
18,5
17,33
47,46
27,14
45,19
7,16
44,0
46,21
0,42
9,44
7,19
33,34
41,30
36,42
29,23
43,34
15,46
0,43
3,18
46,24
44,0
25,16
46,23
16,28
38,23
10,8
50,40
26,17
13,30
15,28
25,12
31,31
1,9
40,12
17,0
21,42
44,15
20,31
49,26
45,39
6,28
14,22
31,38
12,28
40,50
9,45
50,23
28,38
46,4

Distanze
"0,0 : 0.0"
"0,1 : 13.04"
"0,2 : 13.6"
"0,3 : 13.6"
"0,4 : 8.06"
"0,5 : 18.68"
"0,6 : 31.89"
"0,7 : 32.8"
"0,8 : 23.02"
"0,9 : 29.41"
"0,10 : 17.2"
"0,11 : 34.66"
"0,12 : 23.19"
"0,13 : 28.28"
"0,14 : 10.3"
"0,15 : 27.66"
"0,16 : 18.03"
"0,17 : 16.12"
"0,18 : 18.97"
"0,19 : 28.3"
"0,20 : 4.47"
"0,21 : 21.38"
"0,22 : 24.84"
"0,23 : 23.71"
"0,24 : 27.2"
"0,25 : 25.08"
"0,26 : 16.76"
"0,27 : 23.77"
"0,28 : 21.0"
"0,29 : 13.89"
"0,30 : 15.52"
"0,31 : 25.94"
"0,32 : 13.15"
"0,33 : 24.41"
"0,34 : 24.7"
"0,35 : 21.63"
"0,36 : 20.62"
"0,37 : 23.41"
"0,38 : 4.12"
"0,39 : 33.97"
"0,40 : 9.22"
"0,41 : 16.28"
"0,42 : 10.63"
"0,43 : 14.0"
"0,44 : 19.85"
"0,45 : 10.3"
"0,46 : 11.4"
"0,47 : 19.1"
"0,48 : 21.95"
"0,49 : 31.83"
"0,50 : 26.57"
"0,51 : 20.88"
"0,52 : 10.63"
"0,53 : 31.14"
"0,54 : 11.4"
"0,55 : 21.84"
"0,56 : 19.24"
"0,57 : 32.02"
"0,58 : 22.36"
"0,59 : 29.41"
"0,60 : 24.21"
"0,61 : 18.03"
"0,62 : 12.73"
"0,63 : 17.72"
"0,64 : 20.81"
"0,65 : 5.39"
"0,66 : 21.02"
"0,67 : 22.85"
"0,68 : 30.0"
"0,69 : 22.14"
"0,70 : 22.02"
"0,71 : 32.02"
"0,72 : 9.06"
"0,73 : 22.09"
"0,74 : 8.54"
"0,75 : 14.14"
"0,76 : 22.02"
"0,77 : 30.02"
"0,78 : 8.25"
"0,79 : 12.08"
"0,80 : 9.49"
"0,81 : 13.04"
"0,82 : 9.22"
"0,83 : 28.02"
"0,84 : 20.62"
"0,85 : 25.96"
"0,86 : 17.26"
"0,87 : 22.36"
"0,88 : 7.21"
"0,89 : 25.02"
"0,90 : 25.24"
"0,91 : 18.25"
"0,92 : 10.44"
"0,93 : 14.76"
"0,94 : 12.37"
"0,95 : 29.68"
"0,96 : 25.0"
"0,97 : 26.08"
"0,98 : 13.6"
"0,99 : 30.41"
"1,0 : 13.04"
"1,1 : 0.0"
"1,2 : 9.22"
"1,3 : 22.02"
"1,4 : 11.7"
"1,5 : 7.28"
"1,6 : 30.87"
"1,7 : 39.22"
"1,8 : 12.17"
"1,9 : 16.4"
"1,10 : 4.24"
"1,11 : 39.81"
"1,12 : 17.89"
"1,13 : 28.46"
"1,14 : 17.09"
"1,15 : 33.84"
"1,16 : 14.87"
"1,17 : 26.42"
"1,18 : 12.08"
"1,19 : 41.34"
"1,20 : 17.03"
"1,21 : 28.86"
"1,22 : 37.8"
"1,23 : 20.59"
"1,24 : 39.92"
"1,25 : 36.35"
"1,26 : 27.07"
"1,27 : 19.42"
"1,28 : 17.8"
"1,29 : 19.42"
"1,30 : 11.7"
"1,31 : 30.02"
"1,32 : 14.32"
"1,33 : 11.4"
"1,34 : 12.17"
"1,35 : 20.25"
"1,36 : 20.62"
"1,37 : 34.67"
"1,38 : 16.16"
"1,39 : 46.69"
"1,40 : 18.03"
"1,41 : 28.79"
"1,42 : 14.32"
"1,43 : 7.62"
"1,44 : 25.3"
"1,45 : 16.12"
"1,46 : 2.0"
"1,47 : 25.71"
"1,48 : 19.7"
"1,49 : 31.95"
"1,50 : 18.11"
"1,51 : 27.46"
"1,52 : 4.12"
"1,53 : 36.77"
"1,54 : 22.8"
"1,55 : 34.54"
"1,56 : 17.09"
"1,57 : 44.55"
"1,58 : 34.79"
"1,59 : 16.4"
"1,60 : 12.65"
"1,61 : 14.32"
"1,62 : 20.1"
"1,63 : 28.07"
"1,64 : 25.08"
"1,65 : 18.36"
"1,66 : 30.07"
"1,67 : 14.14"
"1,68 : 17.03"
"1,69 : 17.2"
"1,70 : 33.96"
"1,71 : 44.55"
"1,72 : 20.0"
"1,73 : 34.21"
"1,74 : 5.0"
"1,75 : 26.57"
"1,76 : 24.19"
"1,77 : 37.85"
"1,78 : 19.85"
"1,79 : 2.0"
"1,80 : 4.47"
"1,81 : 23.32"
"1,82 : 18.03"
"1,83 : 25.94"
"1,84 : 33.6"
"1,85 : 32.25"
"1,86 : 12.81"
"1,87 : 35.36"
"1,88 : 7.07"
"1,89 : 36.5"
"1,90 : 32.76"
"1,91 : 8.06"
"1,92 : 10.05"
"1,93 : 18.97"
"1,94 : 4.12"
"1,95 : 32.45"
"1,96 : 13.6"
"1,97 : 38.08"
"1,98 : 16.16"
"1,99 : 43.28"
"2,0 : 13.6"
"2,1 : 9.22"
"2,2 : 0.0"
"2,3 : 15.81"
"2,4 : 17.26"
"2,5 : 16.12"
"2,6 : 39.45"
"2,7 : 30.81"
"2,8 : 10.82"
"2,9 : 20.4"
"2,10 : 10.44"
"2,11 : 31.02"
"2,12 : 10.05"
"2,13 : 36.67"
"2,14 : 22.02"
"2,15 : 25.5"
"2,16 : 5.83"
"2,17 : 29.61"
"2,18 : 5.39"
"2,19 : 39.6"
"2,20 : 18.03"
"2,21 : 34.0"
"2,22 : 37.01"
"2,23 : 29.41"
"2,24 : 36.62"
"2,25 : 31.02"
"2,26 : 21.54"
"2,27 : 28.43"
"2,28 : 8.94"
"2,29 : 25.18"
"2,30 : 20.25"
"2,31 : 36.88"
"2,32 : 6.0"
"2,33 : 16.03"
"2,34 : 19.42"
"2,35 : 28.65"
"2,36 : 28.64"
"2,37 : 37.0"
"2,38 : 14.42"
"2,39 : 46.62"
"2,40 : 13.04"
"2,41 : 25.61"
"2,42 : 20.4"
"2,43 : 16.4"
"2,44 : 17.12"
"2,45 : 9.85"
"2,46 : 7.81"
"2,47 : 18.0"
"2,48 : 28.3"
"2,49 : 40.25"
"2,50 : 13.0"
"2,51 : 33.06"
"2,52 : 5.83"
"2,53 : 28.16"
"2,54 : 25.0"
"2,55 : 31.4"
"2,56 : 25.55"
"2,57 : 44.94"
"2,58 : 31.06"
"2,59 : 20.4"
"2,60 : 12.53"
"2,61 : 23.02"
"2,62 : 13.6"
"2,63 : 22.47"
"2,64 : 16.49"
"2,65 : 17.49"
"2,66 : 23.35"
"2,67 : 9.43"
"2,68 : 20.62"
"2,69 : 26.25"
"2,70 : 29.53"
"2,71 : 44.94"
"2,72 : 22.56"
"2,73 : 30.02"
"2,74 : 10.77"
"2,75 : 23.43"
"2,76 : 31.62"
"2,77 : 30.07"
"2,78 : 21.84"
"2,79 : 10.63"
"2,80 : 11.18"
"2,81 : 26.48"
"2,82 : 13.04"
"2,83 : 34.67"
"2,84 : 32.8"
"2,85 : 38.12"
"2,86 : 4.12"
"2,87 : 33.24"
"2,88 : 7.0"
"2,89 : 31.38"
"2,90 : 25.02"
"2,91 : 17.2"
"2,92 : 17.09"
"2,93 : 11.0"
"2,94 : 12.81"
"2,95 : 23.32"
"2,96 : 13.04"
"2,97 : 33.54"
"2,98 : 8.0"
"2,99 : 42.8"
"3,0 : 13.6"
"3,1 : 22.02"
"3,2 : 15.81"
"3,3 : 0.0"
"3,4 : 21.63"
"3,5 : 29.15"
"3,6 : 45.45"
"3,7 : 19.21"
"3,8 : 26.4"
"3,9 : 36.14"
"3,10 : 25.08"
"3,11 : 21.26"
"3,12 : 20.52"
"3,13 : 41.77"
"3,14 : 23.35"
"3,15 : 14.14"
"3,16 : 15.62"
"3,17 : 25.63"
"3,18 : 19.72"
"3,19 : 26.42"
"3,20 : 15.0"
"3,21 : 32.65"
"3,22 : 25.3"
"3,23 : 37.22"
"3,24 : 21.93"
"3,25 : 15.23"
"3,26 : 5.83"
"3,27 : 37.12"
"3,28 : 17.03"
"3,29 : 26.91"
"3,30 : 28.64"
"3,31 : 38.6"
"3,32 : 10.3"
"3,33 : 31.58"
"3,34 : 34.01"
"3,35 : 35.23"
"3,36 : 34.21"
"3,37 : 30.15"
"3,38 : 9.9"
"3,39 : 35.11"
"3,40 : 4.47"
"3,41 : 12.08"
"3,42 : 24.21"
"3,43 : 26.25"
"3,44 : 7.28"
"3,45 : 6.08"
"3,46 : 20.02"
"3,47 : 5.83"
"3,48 : 35.51"
"3,49 : 45.28"
"3,50 : 26.25"
"3,51 : 32.76"
"3,52 : 18.0"
"3,53 : 17.69"
"3,54 : 20.62"
"3,55 : 17.2"
"3,56 : 32.76"
"3,57 : 34.21"
"3,58 : 16.28"
"3,59 : 36.14"
"3,60 : 28.23"
"3,61 : 31.3"
"3,62 : 2.24"
"3,63 : 6.71"
"3,64 : 9.06"
"3,65 : 11.66"
"3,66 : 8.06"
"3,67 : 23.85"
"3,68 : 36.4"
"3,69 : 35.34"
"3,70 : 14.21"
"3,71 : 34.21"
"3,72 : 19.72"
"3,73 : 14.87"
"3,74 : 19.65"
"3,75 : 10.44"
"3,76 : 35.36"
"3,77 : 16.55"
"3,78 : 18.36"
"3,79 : 22.2"
"3,80 : 20.62"
"3,81 : 23.26"
"3,82 : 4.47"
"3,83 : 41.62"
"3,84 : 21.59"
"3,85 : 37.59"
"3,86 : 16.64"
"3,87 : 20.12"
"3,88 : 15.13"
"3,89 : 15.65"
"3,90 : 11.66"
"3,91 : 29.43"
"3,92 : 23.71"
"3,93 : 6.4"
"3,94 : 23.54"
"3,95 : 17.72"
"3,96 : 28.64"
"3,97 : 18.03"
"3,98 : 8.6"
"3,99 : 31.02"
"4,0 : 8.06"
"4,1 : 11.7"
"4,2 : 17.26"
"4,3 : 21.63"
"4,4 : 0.0"
"4,5 : 14.21"
"4,6 : 24.04"
"4,7 : 40.8"
"4,8 : 23.77"
"4,9 : 27.02"
"4,10 : 15.65"
"4,11 : 42.52"
"4,12 : 27.29"
"4,13 : 20.62"
"4,14 : 5.39"
"4,15 : 35.61"
"4,16 : 22.8"
"4,17 : 15.0"
"4,18 : 22.02"
"4,19 : 32.89"
"4,20 : 9.0"
"4,21 : 17.26"
"4,22 : 28.64"
"4,23 : 15.65"
"4,24 : 33.24"
"4,25 : 32.56"
"4,26 : 24.7"
"4,27 : 15.81"
"4,28 : 25.96"
"4,29 : 8.0"
"4,30 : 8.0"
"4,31 : 19.65"
"4,32 : 19.24"
"4,33 : 22.2"
"4,34 : 20.62"
"4,35 : 13.6"
"4,36 : 12.73"
"4,37 : 23.43"
"4,38 : 12.08"
"4,39 : 36.62"
"4,40 : 17.2"
"4,41 : 23.02"
"4,42 : 3.16"
"4,43 : 8.06"
"4,44 : 27.59"
"4,45 : 17.69"
"4,46 : 11.18"
"4,47 : 27.02"
"4,48 : 13.89"
"4,49 : 24.21"
"4,50 : 29.07"
"4,51 : 16.03"
"4,52 : 12.0"
"4,53 : 39.05"
"4,54 : 12.21"
"4,55 : 28.07"
"4,56 : 11.18"
"4,57 : 34.21"
"4,58 : 29.0"
"4,59 : 27.02"
"4,60 : 24.35"
"4,61 : 10.2"
"4,62 : 20.62"
"4,63 : 25.63"
"4,64 : 28.32"
"4,65 : 12.17"
"4,66 : 29.07"
"4,67 : 25.08"
"4,68 : 27.8"
"4,69 : 14.32"
"4,70 : 29.15"
"4,71 : 34.21"
"4,72 : 9.43"
"4,73 : 29.07"
"4,74 : 7.07"
"4,75 : 21.1"
"4,76 : 14.76"
"4,77 : 38.08"
"4,78 : 9.85"
"4,79 : 9.85"
"4,80 : 7.28"
"4,81 : 12.04"
"4,82 : 17.2"
"4,83 : 20.0"
"4,84 : 24.7"
"4,85 : 21.0"
"4,86 : 21.38"
"4,87 : 27.66"
"4,88 : 10.44"
"4,89 : 32.39"
"4,90 : 33.29"
"4,91 : 13.04"
"4,92 : 3.16"
"4,93 : 22.02"
"4,94 : 8.6"
"4,95 : 37.01"
"4,96 : 25.3"
"4,97 : 33.06"
"4,98 : 20.25"
"4,99 : 33.62"
"5,0 : 18.68"
"5,1 : 7.28"
"5,2 : 16.12"
"5,3 : 29.15"
"5,4 : 14.21"
"5,5 : 0.0"
"5,6 : 26.68"
"5,7 : 46.49"
"5,8 : 14.87"
"5,9 : 13.42"
"5,10 : 6.4"
"5,11 : 47.01"
"5,12 : 23.43"
"5,13 : 25.08"
"5,14 : 19.1"
"5,15 : 41.11"
"5,16 : 21.4"
"5,17 : 29.0"
"5,18 : 17.69"
"5,19 : 46.52"
"5,20 : 21.93"
"5,21 : 29.53"
"5,22 : 42.54"
"5,23 : 16.28"
"5,24 : 45.88"
"5,25 : 43.1"
"5,26 : 34.0"
"5,27 : 14.56"
"5,28 : 24.08"
"5,29 : 20.25"
"5,30 : 9.49"
"5,31 : 28.64"
"5,32 : 21.54"
"5,33 : 9.22"
"5,34 : 6.4"
"5,35 : 17.0"
"5,36 : 18.11"
"5,37 : 37.48"
"5,38 : 22.36"
"5,39 : 50.8"
"5,40 : 25.02"
"5,41 : 34.93"
"5,42 : 15.62"
"5,43 : 6.4"
"5,44 : 32.57"
"5,45 : 23.35"
"5,46 : 9.22"
"5,47 : 32.98"
"5,48 : 16.03"
"5,49 : 28.28"
"5,50 : 21.93"
"5,51 : 27.73"
"5,52 : 11.4"
"5,53 : 44.01"
"5,54 : 26.4"
"5,55 : 40.52"
"5,56 : 14.04"
"5,57 : 48.41"
"5,58 : 41.0"
"5,59 : 13.42"
"5,60 : 14.32"
"5,61 : 11.05"
"5,62 : 27.29"
"5,63 : 35.0"
"5,64 : 32.31"
"5,65 : 24.04"
"5,66 : 37.22"
"5,67 : 18.36"
"5,68 : 14.32"
"5,69 : 12.37"
"5,70 : 40.45"
"5,71 : 48.41"
"5,72 : 23.6"
"5,73 : 40.61"
"5,74 : 10.2"
"5,75 : 32.76"
"5,76 : 22.36"
"5,77 : 45.12"
"5,78 : 23.85"
"5,79 : 7.0"
"5,80 : 9.22"
"5,81 : 26.17"
"5,82 : 25.02"
"5,83 : 21.59"
"5,84 : 38.47"
"5,85 : 31.95"
"5,86 : 19.21"
"5,87 : 40.85"
"5,88 : 14.04"
"5,89 : 43.19"
"5,90 : 40.02"
"5,91 : 2.0"
"5,92 : 11.31"
"5,93 : 26.25"
"5,94 : 6.32"
"5,95 : 39.45"
"5,96 : 15.3"
"5,97 : 44.55"
"5,98 : 23.41"
"5,99 : 47.71"
"6,0 : 31.89"
"6,1 : 30.87"
"6,2 : 39.45"
"6,3 : 45.45"
"6,4 : 24.04"
"6,5 : 26.68"
"6,6 : 0.0"
"6,7 : 64.66"
"6,8 : 41.48"
"6,9 : 38.0"
"6,10 : 32.57"
"6,11 : 66.53"
"6,12 : 48.75"
"6,13 : 4.12"
"6,14 : 22.47"
"6,15 : 59.55"
"6,16 : 45.28"
"6,17 : 26.48"
"6,18 : 42.95"
"6,19 : 48.37"
"6,20 : 31.06"
"6,21 : 20.0"
"6,22 : 43.29"
"6,23 : 10.44"
"6,24 : 51.66"
"6,25 : 54.13"
"6,26 : 47.71"
"6,27 : 12.17"
"6,28 : 48.37"
"6,29 : 19.24"
"6,30 : 19.24"
"6,31 : 12.17"
"6,32 : 42.8"
"6,33 : 35.23"
"6,34 : 30.02"
"6,35 : 10.82"
"6,36 : 11.31"
"6,37 : 32.02"
"6,38 : 35.61"
"6,39 : 47.17"
"6,40 : 41.11"
"6,41 : 43.86"
"6,42 : 21.26"
"6,43 : 23.26"
"6,44 : 51.62"
"6,45 : 41.73"
"6,46 : 31.76"
"6,47 : 50.99"
"6,48 : 11.18"
"6,49 : 2.83"
"6,50 : 48.38"
"6,51 : 18.03"
"6,52 : 33.62"
"6,53 : 63.03"
"6,54 : 28.79"
"6,55 : 47.43"
"6,56 : 13.89"
"6,57 : 44.18"
"6,58 : 49.04"
"6,59 : 38.0"
"6,60 : 41.0"
"6,61 : 16.55"
"6,62 : 44.6"
"6,63 : 48.55"
"6,64 : 52.35"
"6,65 : 34.67"
"6,66 : 52.43"
"6,67 : 44.6"
"6,68 : 39.0"
"6,69 : 14.32"
"6,70 : 50.16"
"6,71 : 44.18"
"6,72 : 27.73"
"6,73 : 49.77"
"6,74 : 28.84"
"6,75 : 42.49"
"6,76 : 10.77"
"6,77 : 61.61"
"6,78 : 29.07"
"6,79 : 29.07"
"6,80 : 28.3"
"6,81 : 26.25"
"6,82 : 41.11"
"6,83 : 5.1"
"6,84 : 40.79"
"6,85 : 17.46"
"6,86 : 43.42"
"6,87 : 45.35"
"6,88 : 33.6"
"6,89 : 53.71"
"6,90 : 57.01"
"6,91 : 24.74"
"6,92 : 22.8"
"6,93 : 46.01"
"6,94 : 26.83"
"6,95 : 60.96"
"6,96 : 41.98"
"6,97 : 53.49"
"6,98 : 44.05"
"6,99 : 46.0"
"7,0 : 32.8"
"7,1 : 39.22"
"7,2 : 30.81"
"7,3 : 19.21"
"7,4 : 40.8"
"7,5 : 46.49"
"7,6 : 64.66"
"7,7 : 0.0"
"7,8 : 39.01"
"7,9 : 50.09"
"7,10 : 41.23"
"7,11 : 4.12"
"7,12 : 29.15"
"7,13 : 60.96"
"7,14 : 42.45"
"7,15 : 5.39"
"7,16 : 27.07"
"7,17 : 43.27"
"7,18 : 32.06"
"7,19 : 35.06"
"7,20 : 33.94"
"7,21 : 50.8"
"7,22 : 36.67"
"7,23 : 56.3"
"7,24 : 28.0"
"7,25 : 18.03"
"7,26 : 18.03"
"7,27 : 56.08"
"7,28 : 26.02"
"7,29 : 45.97"
"7,30 : 47.51"
"7,31 : 57.38"
"7,32 : 25.0"
"7,33 : 46.39"
"7,34 : 50.22"
"7,35 : 54.41"
"7,36 : 53.41"
"7,37 : 45.69"
"7,38 : 29.07"
"7,39 : 45.1"
"7,40 : 23.6"
"7,41 : 25.08"
"7,42 : 43.42"
"7,43 : 44.72"
"7,44 : 13.93"
"7,45 : 23.71"
"7,46 : 37.34"
"7,47 : 13.89"
"7,48 : 54.64"
"7,49 : 64.44"
"7,50 : 35.36"
"7,51 : 51.22"
"7,52 : 35.11"
"7,53 : 3.16"
"7,54 : 38.6"
"7,55 : 26.48"
"7,56 : 51.87"
"7,57 : 45.4"
"7,58 : 24.33"
"7,59 : 50.09"
"7,60 : 41.01"
"7,61 : 50.25"
"7,62 : 20.25"
"7,63 : 17.49"
"7,64 : 14.32"
"7,65 : 30.41"
"7,66 : 13.04"
"7,67 : 35.01"
"7,68 : 50.04"
"7,69 : 54.2"
"7,70 : 21.38"
"7,71 : 45.4"
"7,72 : 38.29"
"7,73 : 22.36"
"7,74 : 38.01"
"7,75 : 25.06"
"7,76 : 54.49"
"7,77 : 5.0"
"7,78 : 36.88"
"7,79 : 39.92"
"7,80 : 38.91"
"7,81 : 41.4"
"7,82 : 23.6"
"7,83 : 60.8"
"7,84 : 34.48"
"7,85 : 55.8"
"7,86 : 29.15"
"7,87 : 30.59"
"7,88 : 33.11"
"7,89 : 19.03"
"7,90 : 7.81"
"7,91 : 47.17"
"7,92 : 42.72"
"7,93 : 20.25"
"7,94 : 41.63"
"7,95 : 11.18"
"7,96 : 41.0"
"7,97 : 22.0"
"7,98 : 23.09"
"7,99 : 41.19"
"8,0 : 23.02"
"8,1 : 12.17"
"8,2 : 10.82"
"8,3 : 26.4"
"8,4 : 23.77"
"8,5 : 14.87"
"8,6 : 41.48"
"8,7 : 39.01"
"8,8 : 0.0"
"8,9 : 11.18"
"8,10 : 9.06"
"8,11 : 38.33"
"8,12 : 10.77"
"8,13 : 39.62"
"8,14 : 29.12"
"8,15 : 34.01"
"8,16 : 12.04"
"8,17 : 38.08"
"8,18 : 7.07"
"8,19 : 50.25"
"8,20 : 27.46"
"8,21 : 41.0"
"8,22 : 47.42"
"8,23 : 31.05"
"8,24 : 47.43"
"8,25 : 41.63"
"8,26 : 32.2"
"8,27 : 29.41"
"8,28 : 13.15"
"8,29 : 31.58"
"8,30 : 23.09"
"8,31 : 42.01"
"8,32 : 16.16"
"8,33 : 8.6"
"8,34 : 14.14"
"8,35 : 31.4"
"8,36 : 32.14"
"8,37 : 46.07"
"8,38 : 24.76"
"8,39 : 56.85"
"8,40 : 23.85"
"8,41 : 36.4"
"8,42 : 26.48"
"8,43 : 19.03"
"8,44 : 26.31"
"8,45 : 20.59"
"8,46 : 12.65"
"8,47 : 27.66"
"8,48 : 30.59"
"8,49 : 42.95"
"8,50 : 7.21"
"8,51 : 39.62"
"8,52 : 12.53"
"8,53 : 36.06"
"8,54 : 34.0"
"8,55 : 42.2"
"8,56 : 28.28"
"8,57 : 55.0"
"8,58 : 41.88"
"8,59 : 11.18"
"8,60 : 2.0"
"8,61 : 25.32"
"8,62 : 24.17"
"8,63 : 33.11"
"8,64 : 25.08"
"8,65 : 27.66"
"8,66 : 33.53"
"8,67 : 4.47"
"8,68 : 11.05"
"8,69 : 27.2"
"8,70 : 40.31"
"8,71 : 55.0"
"8,72 : 31.3"
"8,73 : 40.82"
"8,74 : 16.76"
"8,75 : 34.21"
"8,76 : 36.01"
"8,77 : 39.2"
"8,78 : 30.89"
"8,79 : 14.14"
"8,80 : 16.49"
"8,81 : 34.93"
"8,82 : 23.85"
"8,83 : 36.4"
"8,84 : 43.19"
"8,85 : 44.41"
"8,86 : 10.2"
"8,87 : 43.93"
"8,88 : 15.81"
"8,89 : 42.05"
"8,90 : 34.37"
"8,91 : 16.76"
"8,92 : 22.2"
"8,93 : 20.88"
"8,94 : 16.03"
"8,95 : 29.61"
"8,96 : 2.24"
"8,97 : 44.29"
"8,98 : 18.03"
"8,99 : 53.15"
"9,0 : 29.41"
"9,1 : 16.4"
"9,2 : 20.4"
"9,3 : 36.14"
"9,4 : 27.02"
"9,5 : 13.42"
"9,6 : 38.0"
"9,7 : 50.09"
"9,8 : 11.18"
"9,9 : 0.0"
"9,10 : 12.21"
"9,11 : 49.5"
"9,12 : 21.84"
"9,13 : 37.22"
"9,14 : 32.2"
"9,15 : 45.01"
"9,16 : 23.02"
"9,17 : 42.01"
"9,18 : 18.03"
"9,19 : 57.69"
"9,20 : 33.42"
"9,21 : 42.94"
"9,22 : 54.2"
"9,23 : 28.16"
"9,24 : 55.9"
"9,25 : 51.24"
"9,26 : 41.76"
"9,27 : 26.08"
"9,28 : 24.33"
"9,29 : 33.62"
"9,30 : 22.85"
"9,31 : 41.76"
"9,32 : 26.31"
"9,33 : 5.0"
"9,34 : 8.06"
"9,35 : 29.61"
"9,36 : 31.05"
"9,37 : 50.45"
"9,38 : 32.25"
"9,39 : 63.03"
"9,40 : 32.89"
"9,41 : 44.72"
"9,42 : 28.84"
"9,43 : 19.72"
"9,44 : 37.05"
"9,45 : 30.08"
"9,46 : 18.03"
"9,47 : 38.21"
"9,48 : 28.44"
"9,49 : 40.05"
"9,50 : 17.0"
"9,51 : 41.15"
"9,52 : 19.24"
"9,53 : 47.17"
"9,54 : 38.9"
"9,55 : 50.54"
"9,56 : 26.93"
"9,57 : 60.83"
"9,58 : 50.57"
"9,59 : 0.0"
"9,60 : 9.22"
"9,61 : 24.04"
"9,62 : 33.96"
"9,63 : 42.72"
"9,64 : 36.0"
"9,65 : 34.67"
"9,66 : 43.74"
"9,67 : 15.52"
"9,68 : 1.0"
"9,69 : 24.19"
"9,70 : 49.4"
"9,71 : 60.83"
"9,72 : 36.07"
"9,73 : 49.77"
"9,74 : 21.26"
"9,75 : 42.49"
"9,76 : 35.44"
"9,77 : 50.04"
"9,78 : 36.07"
"9,79 : 17.69"
"9,80 : 20.52"
"9,81 : 39.05"
"9,82 : 32.89"
"9,83 : 33.02"
"9,84 : 50.0"
"9,85 : 45.31"
"9,86 : 21.0"
"9,87 : 51.62"
"9,88 : 22.83"
"9,89 : 51.55"
"9,90 : 45.1"
"9,91 : 15.23"
"9,92 : 24.41"
"9,93 : 31.26"
"9,94 : 18.44"
"9,95 : 40.79"
"9,96 : 9.49"
"9,97 : 53.49"
"9,98 : 28.28"
"9,99 : 59.67"
"10,0 : 17.2"
"10,1 : 4.24"
"10,2 : 10.44"
"10,3 : 25.08"
"10,4 : 15.65"
"10,5 : 6.4"
"10,6 : 32.57"
"10,7 : 41.23"
"10,8 : 9.06"
"10,9 : 12.21"
"10,10 : 0.0"
"10,11 : 41.44"
"10,12 : 17.03"
"10,13 : 30.59"
"10,14 : 21.02"
"10,15 : 35.9"
"10,16 : 15.26"
"10,17 : 30.53"
"10,18 : 11.31"
"10,19 : 45.49"
"10,20 : 21.26"
"10,21 : 32.57"
"10,22 : 42.01"
"10,23 : 22.14"
"10,24 : 43.86"
"10,25 : 39.81"
"10,26 : 30.41"
"10,27 : 20.62"
"10,28 : 17.8"
"10,29 : 23.09"
"10,30 : 14.04"
"10,31 : 33.06"
"10,32 : 16.28"
"10,33 : 7.21"
"10,34 : 9.06"
"10,35 : 22.36"
"10,36 : 23.09"
"10,37 : 38.83"
"10,38 : 20.12"
"10,39 : 50.93"
"10,40 : 21.38"
"10,41 : 32.7"
"10,42 : 18.03"
"10,43 : 10.0"
"10,44 : 27.46"
"10,45 : 19.03"
"10,46 : 5.83"
"10,47 : 28.16"
"10,48 : 21.59"
"10,49 : 33.96"
"10,50 : 15.81"
"10,51 : 31.05"
"10,52 : 7.28"
"10,53 : 38.6"
"10,54 : 27.02"
"10,55 : 38.48"
"10,56 : 19.24"
"10,57 : 48.8"
"10,58 : 38.63"
"10,59 : 12.21"
"10,60 : 9.06"
"10,61 : 16.28"
"10,62 : 23.02"
"10,63 : 31.4"
"10,64 : 26.93"
"10,65 : 22.47"
"10,66 : 33.02"
"10,67 : 12.08"
"10,68 : 12.81"
"10,69 : 18.38"
"10,70 : 37.64"
"10,71 : 48.8"
"10,72 : 24.21"
"10,73 : 37.95"
"10,74 : 9.22"
"10,75 : 30.46"
"10,76 : 27.0"
"10,77 : 40.31"
"10,78 : 24.08"
"10,79 : 5.83"
"10,80 : 8.6"
"10,81 : 27.46"
"10,82 : 21.38"
"10,83 : 27.51"
"10,84 : 37.8"
"10,85 : 35.69"
"10,86 : 13.04"
"10,87 : 39.45"
"10,88 : 10.77"
"10,89 : 40.02"
"10,90 : 35.23"
"10,91 : 8.06"
"10,92 : 13.6"
"10,93 : 21.21"
"10,94 : 7.28"
"10,95 : 33.54"
"10,96 : 10.05"
"10,97 : 41.76"
"10,98 : 18.25"
"10,99 : 47.51"
"11,0 : 34.66"
"11,1 : 39.81"
"11,2 : 31.02"
"11,3 : 21.26"
"11,4 : 42.52"
"11,5 : 47.01"
"11,6 : 66.53"
"11,7 : 4.12"
"11,8 : 38.33"
"11,9 : 49.5"
"11,10 : 41.44"
"11,11 : 0.0"
"11,12 : 28.02"
"11,13 : 62.94"
"11,14 : 44.6"
"11,15 : 7.21"
"11,16 : 26.68"
"11,17 : 46.14"
"11,18 : 31.58"
"11,19 : 39.01"
"11,20 : 36.24"
"11,21 : 53.54"
"11,22 : 40.45"
"11,23 : 57.8"
"11,24 : 32.02"
"11,25 : 22.0"
"11,26 : 21.02"
"11,27 : 57.43"
"11,28 : 25.18"
"11,29 : 48.17"
"11,30 : 48.83"
"11,31 : 59.82"
"11,32 : 25.5"
"11,33 : 46.1"
"11,34 : 50.29"
"11,35 : 56.08"
"11,36 : 55.23"
"11,37 : 49.04"
"11,38 : 31.14"
"11,39 : 49.04"
"11,40 : 25.46"
"11,41 : 28.46"
"11,42 : 45.28"
"11,43 : 45.79"
"11,44 : 15.0"
"11,45 : 25.0"
"11,46 : 38.01"
"11,47 : 15.56"
"11,48 : 56.22"
"11,49 : 66.47"
"11,50 : 34.01"
"11,51 : 53.82"
"11,52 : 35.78"
"11,53 : 3.61"
"11,54 : 41.34"
"11,55 : 30.27"
"11,56 : 53.41"
"11,57 : 49.25"
"11,58 : 28.16"
"11,59 : 49.5"
"11,60 : 40.31"
"11,61 : 51.61"
"11,62 : 21.93"
"11,63 : 20.62"
"11,64 : 14.76"
"11,65 : 32.8"
"11,66 : 16.16"
"11,67 : 34.13"
"11,68 : 49.37"
"11,69 : 55.47"
"11,70 : 25.18"
"11,71 : 49.25"
"11,72 : 40.8"
"11,73 : 26.17"
"11,74 : 39.12"
"11,75 : 28.23"
"11,76 : 56.59"
"11,77 : 9.06"
"11,78 : 39.41"
"11,79 : 40.71"
"11,80 : 39.96"
"11,81 : 44.1"
"11,82 : 25.46"
"11,83 : 62.48"
"11,84 : 38.08"
"11,85 : 58.52"
"11,86 : 28.86"
"11,87 : 34.37"
"11,88 : 34.13"
"11,89 : 23.0"
"11,90 : 10.77"
"11,91 : 47.85"
"11,92 : 44.2"
"11,93 : 21.1"
"11,94 : 42.54"
"11,95 : 9.06"
"11,96 : 40.2"
"11,97 : 26.02"
"11,98 : 23.71"
"11,99 : 45.1"
"12,0 : 23.19"
"12,1 : 17.89"
"12,2 : 10.05"
"12,3 : 20.52"
"12,4 : 27.29"
"12,5 : 23.43"
"12,6 : 48.75"
"12,7 : 29.15"
"12,8 : 10.77"
"12,9 : 21.84"
"12,10 : 17.03"
"12,11 : 28.02"
"12,12 : 0.0"
"12,13 : 46.24"
"12,14 : 32.06"
"12,15 : 24.52"
"12,16 : 5.39"
"12,17 : 39.32"
"12,18 : 5.83"
"12,19 : 46.62"
"12,20 : 27.46"
"12,21 : 44.01"
"12,22 : 44.78"
"12,23 : 38.47"
"12,24 : 42.45"
"12,25 : 35.0"
"12,26 : 26.17"
"12,27 : 37.22"
"12,28 : 3.61"
"12,29 : 35.23"
"12,30 : 29.55"
"12,31 : 46.87"
"12,32 : 11.18"
"12,33 : 19.24"
"12,34 : 24.41"
"12,35 : 38.08"
"12,36 : 38.28"
"12,37 : 46.32"
"12,38 : 23.09"
"12,39 : 54.59"
"12,40 : 19.72"
"12,41 : 32.2"
"12,42 : 30.41"
"12,43 : 25.5"
"12,44 : 17.89"
"12,45 : 16.12"
"12,46 : 17.09"
"12,47 : 19.72"
"12,48 : 37.58"
"12,49 : 49.77"
"12,50 : 6.32"
"12,51 : 43.1"
"12,52 : 15.52"
"12,53 : 26.08"
"12,54 : 34.53"
"12,55 : 37.64"
"12,56 : 34.93"
"12,57 : 53.23"
"12,58 : 36.8"
"12,59 : 21.84"
"12,60 : 12.65"
"12,61 : 32.2"
"12,62 : 18.44"
"12,63 : 26.91"
"12,64 : 16.16"
"12,65 : 26.25"
"12,66 : 26.08"
"12,67 : 6.32"
"12,68 : 21.59"
"12,69 : 34.99"
"12,70 : 34.66"
"12,71 : 53.23"
"12,72 : 32.25"
"12,73 : 35.36"
"12,74 : 20.62"
"12,75 : 30.23"
"12,76 : 41.48"
"12,77 : 30.08"
"12,78 : 31.4"
"12,79 : 19.7"
"12,80 : 20.88"
"12,81 : 36.22"
"12,82 : 19.72"
"12,83 : 43.83"
"12,84 : 40.71"
"12,85 : 48.17"
"12,86 : 6.0"
"12,87 : 40.22"
"12,88 : 17.03"
"12,89 : 35.61"
"12,90 : 25.63"
"12,91 : 25.0"
"12,92 : 26.93"
"12,93 : 14.14"
"12,94 : 21.93"
"12,95 : 19.1"
"12,96 : 12.37"
"12,97 : 38.29"
"12,98 : 12.21"
"12,99 : 50.61"
"13,0 : 28.28"
"13,1 : 28.46"
"13,2 : 36.67"
"13,3 : 41.77"
"13,4 : 20.62"
"13,5 : 25.08"
"13,6 : 4.12"
"13,7 : 60.96"
"13,8 : 39.62"
"13,9 : 37.22"
"13,10 : 30.59"
"13,11 : 62.94"
"13,12 : 46.24"
"13,13 : 0.0"
"13,14 : 18.6"
"13,15 : 55.9"
"13,16 : 42.49"
"13,17 : 22.36"
"13,18 : 40.5"
"13,19 : 44.28"
"13,20 : 27.2"
"13,21 : 16.03"
"13,22 : 39.2"
"13,23 : 9.06"
"13,24 : 47.54"
"13,25 : 50.09"
"13,26 : 43.83"
"13,27 : 11.18"
"13,28 : 45.62"
"13,29 : 15.26"
"13,30 : 16.76"
"13,31 : 8.54"
"13,32 : 39.66"
"13,33 : 34.0"
"13,34 : 29.15"
"13,35 : 8.25"
"13,36 : 8.06"
"13,37 : 28.07"
"13,38 : 31.89"
"13,39 : 43.29"
"13,40 : 37.48"
"13,41 : 39.81"
"13,42 : 17.69"
"13,43 : 20.88"
"13,44 : 48.1"
"13,45 : 38.29"
"13,46 : 29.15"
"13,47 : 47.38"
"13,48 : 9.06"
"13,49 : 3.61"
"13,50 : 46.32"
"13,51 : 14.0"
"13,52 : 30.87"
"13,53 : 59.41"
"13,54 : 24.7"
"13,55 : 43.32"
"13,56 : 11.4"
"13,57 : 40.31"
"13,58 : 44.94"
"13,59 : 37.22"
"13,60 : 39.32"
"13,61 : 14.32"
"13,62 : 41.01"
"13,63 : 44.65"
"13,64 : 48.92"
"13,65 : 30.81"
"13,66 : 48.6"
"13,67 : 42.45"
"13,68 : 38.21"
"13,69 : 13.04"
"13,70 : 46.1"
"13,71 : 40.31"
"13,72 : 23.71"
"13,73 : 45.69"
"13,74 : 25.94"
"13,75 : 38.47"
"13,76 : 6.71"
"13,77 : 57.8"
"13,78 : 25.06"
"13,79 : 26.57"
"13,80 : 25.5"
"13,81 : 22.14"
"13,82 : 37.48"
"13,83 : 5.0"
"13,84 : 36.67"
"13,85 : 13.93"
"13,86 : 40.72"
"13,87 : 41.23"
"13,88 : 30.53"
"13,89 : 49.66"
"13,90 : 53.26"
"13,91 : 23.09"
"13,92 : 19.72"
"13,93 : 42.64"
"13,94 : 24.35"
"13,95 : 57.63"
"13,96 : 40.31"
"13,97 : 49.4"
"13,98 : 40.8"
"13,99 : 42.01"
"14,0 : 10.3"
"14,1 : 17.09"
"14,2 : 22.02"
"14,3 : 23.35"
"14,4 : 5.39"
"14,5 : 19.1"
"14,6 : 22.47"
"14,7 : 42.45"
"14,8 : 29.12"
"14,9 : 32.2"
"14,10 : 21.02"
"14,11 : 44.6"
"14,12 : 32.06"
"14,13 : 18.6"
"14,14 : 0.0"
"14,15 : 37.48"
"14,16 : 27.29"
"14,17 : 9.9"
"14,18 : 27.02"
"14,19 : 29.61"
"14,20 : 8.6"
"14,21 : 12.04"
"14,22 : 25.0"
"14,23 : 16.12"
"14,24 : 31.02"
"14,25 : 31.95"
"14,26 : 25.24"
"14,27 : 17.0"
"14,28 : 30.41"
"14,29 : 3.61"
"14,30 : 11.18"
"14,31 : 15.65"
"14,32 : 23.09"
"14,33 : 27.46"
"14,34 : 25.46"
"14,35 : 13.34"
"14,36 : 11.7"
"14,37 : 18.38"
"14,38 : 13.45"
"14,39 : 32.25"
"14,40 : 19.21"
"14,41 : 21.84"
"14,42 : 3.61"
"14,43 : 12.73"
"14,44 : 30.0"
"14,45 : 20.59"
"14,46 : 16.49"
"14,47 : 29.07"
"14,48 : 14.14"
"14,49 : 22.02"
"14,50 : 34.23"
"14,51 : 11.05"
"14,52 : 17.12"
"14,53 : 41.04"
"14,54 : 8.25"
"14,55 : 26.17"
"14,56 : 12.0"
"14,57 : 29.68"
"14,58 : 27.46"
"14,59 : 32.2"
"14,60 : 29.73"
"14,61 : 12.37"
"14,62 : 22.8"
"14,63 : 26.08"
"14,64 : 31.06"
"14,65 : 12.21"
"14,66 : 30.0"
"14,67 : 30.27"
"14,68 : 33.02"
"14,69 : 16.12"
"14,70 : 28.16"
"14,71 : 29.68"
"14,72 : 6.0"
"14,73 : 27.89"
"14,74 : 12.37"
"14,75 : 20.25"
"14,76 : 12.04"
"14,77 : 39.2"
"14,78 : 7.07"
"14,79 : 15.23"
"14,80 : 12.65"
"14,81 : 7.21"
"14,82 : 19.21"
"14,83 : 19.31"
"14,84 : 21.38"
"14,85 : 16.12"
"14,86 : 26.08"
"14,87 : 25.02"
"14,88 : 15.03"
"14,89 : 31.62"
"14,90 : 34.71"
"14,91 : 17.69"
"14,92 : 7.81"
"14,93 : 25.06"
"14,94 : 13.89"
"14,95 : 39.96"
"14,96 : 30.68"
"14,97 : 31.78"
"14,98 : 23.77"
"14,99 : 29.55"
"15,0 : 27.66"
"15,1 : 33.84"
"15,2 : 25.5"
"15,3 : 14.14"
"15,4 : 35.61"
"15,5 : 41.11"
"15,6 : 59.55"
"15,7 : 5.39"
"15,8 : 34.01"
"15,9 : 45.01"
"15,10 : 35.9"
"15,11 : 7.21"
"15,12 : 24.52"
"15,13 : 55.9"
"15,14 : 37.48"
"15,15 : 0.0"
"15,16 : 22.0"
"15,17 : 38.95"
"15,18 : 27.0"
"15,19 : 33.14"
"15,20 : 29.07"
"15,21 : 46.32"
"15,22 : 34.06"
"15,23 : 51.04"
"15,24 : 26.48"
"15,25 : 16.49"
"15,26 : 13.93"
"15,27 : 50.77"
"15,28 : 21.21"
"15,29 : 41.04"
"15,30 : 42.19"
"15,31 : 52.63"
"15,32 : 19.65"
"15,33 : 41.19"
"15,34 : 44.91"
"15,35 : 49.2"
"15,36 : 48.27"
"15,37 : 42.06"
"15,38 : 24.04"
"15,39 : 43.05"
"15,40 : 18.44"
"15,41 : 21.59"
"15,42 : 38.29"
"15,43 : 39.36"
"15,44 : 8.54"
"15,45 : 18.36"
"15,46 : 31.95"
"15,47 : 8.6"
"15,48 : 49.41"
"15,49 : 59.41"
"15,50 : 30.81"
"15,51 : 46.62"
"15,52 : 29.73"
"15,53 : 3.61"
"15,54 : 34.13"
"15,55 : 24.0"
"15,56 : 46.62"
"15,57 : 43.01"
"15,58 : 22.02"
"15,59 : 45.01"
"15,60 : 36.01"
"15,61 : 44.94"
"15,62 : 15.0"
"15,63 : 13.6"
"15,64 : 9.06"
"15,65 : 25.61"
"15,66 : 9.22"
"15,67 : 30.15"
"15,68 : 45.0"
"15,69 : 48.88"
"15,70 : 19.03"
"15,71 : 43.01"
"15,72 : 33.6"
"15,73 : 20.02"
"15,74 : 32.65"
"15,75 : 21.19"
"15,76 : 49.5"
"15,77 : 5.83"
"15,78 : 32.2"
"15,79 : 34.54"
"15,80 : 33.54"
"15,81 : 36.89"
"15,82 : 18.44"
"15,83 : 55.61"
"15,84 : 31.4"
"15,85 : 51.31"
"15,86 : 24.02"
"15,87 : 28.02"
"15,88 : 27.73"
"15,89 : 17.46"
"15,90 : 4.0"
"15,91 : 41.79"
"15,92 : 37.44"
"15,93 : 14.87"
"15,94 : 36.25"
"15,95 : 8.6"
"15,96 : 36.06"
"15,97 : 20.62"
"15,98 : 17.72"
"15,99 : 39.01"
"16,0 : 18.03"
"16,1 : 14.87"
"16,2 : 5.83"
"16,3 : 15.62"
"16,4 : 22.8"
"16,5 : 21.4"
"16,6 : 45.28"
"16,7 : 27.07"
"16,8 : 12.04"
"16,9 : 23.02"
"16,10 : 15.26"
"16,11 : 26.68"
"16,12 : 5.39"
"16,13 : 42.49"
"16,14 : 27.29"
"16,15 : 22.0"
"16,16 : 0.0"
"16,17 : 34.13"
"16,18 : 5.0"
"16,19 : 41.4"
"16,20 : 22.2"
"16,21 : 39.12"
"16,22 : 39.45"
"16,23 : 35.23"
"16,24 : 37.48"
"16,25 : 30.53"
"16,26 : 21.4"
"16,27 : 34.21"
"16,28 : 3.16"
"16,29 : 30.59"
"16,30 : 26.08"
"16,31 : 42.45"
"16,32 : 5.83"
"16,33 : 19.42"
"16,34 : 23.77"
"16,35 : 34.48"
"16,36 : 34.44"
"16,37 : 41.0"
"16,38 : 17.72"
"16,39 : 49.24"
"16,40 : 14.42"
"16,41 : 27.02"
"16,42 : 25.96"
"16,43 : 22.2"
"16,44 : 14.32"
"16,45 : 10.82"
"16,46 : 13.6"
"16,47 : 15.81"
"16,48 : 34.13"
"16,49 : 46.07"
"16,50 : 10.63"
"16,51 : 38.33"
"16,52 : 11.66"
"16,53 : 24.19"
"16,54 : 29.27"
"16,55 : 32.56"
"16,56 : 31.38"
"16,57 : 47.85"
"16,58 : 31.83"
"16,59 : 23.02"
"16,60 : 14.04"
"16,61 : 28.84"
"16,62 : 13.45"
"16,63 : 22.2"
"16,64 : 13.04"
"16,65 : 20.88"
"16,66 : 21.93"
"16,67 : 8.54"
"16,68 : 23.0"
"16,69 : 32.02"
"16,70 : 29.83"
"16,71 : 47.85"
"16,72 : 27.07"
"16,73 : 30.48"
"16,74 : 16.55"
"16,75 : 25.0"
"16,76 : 37.34"
"16,77 : 27.17"
"16,78 : 26.17"
"16,79 : 16.4"
"16,80 : 17.0"
"16,81 : 31.06"
"16,82 : 14.42"
"16,83 : 40.5"
"16,84 : 35.36"
"16,85 : 43.42"
"16,86 : 2.24"
"16,87 : 35.0"
"16,88 : 12.37"
"16,89 : 31.06"
"16,90 : 22.36"
"16,91 : 22.67"
"16,92 : 22.85"
"16,93 : 9.43"
"16,94 : 18.6"
"16,95 : 18.38"
"16,96 : 14.14"
"16,97 : 33.6"
"16,98 : 7.07"
"16,99 : 45.28"
"17,0 : 16.12"
"17,1 : 26.42"
"17,2 : 29.61"
"17,3 : 25.63"
"17,4 : 15.0"
"17,5 : 29.0"
"17,6 : 26.48"
"17,7 : 43.27"
"17,8 : 38.08"
"17,9 : 42.01"
"17,10 : 30.53"
"17,11 : 46.14"
"17,12 : 39.32"
"17,13 : 22.36"
"17,14 : 9.9"
"17,15 : 38.95"
"17,16 : 34.13"
"17,17 : 0.0"
"17,18 : 34.93"
"17,19 : 22.02"
"17,20 : 12.0"
"17,21 : 7.81"
"17,22 : 17.0"
"17,23 : 23.54"
"17,24 : 25.3"
"17,25 : 29.21"
"17,26 : 25.24"
"17,27 : 25.0"
"17,28 : 37.05"
"17,29 : 9.85"
"17,30 : 20.81"
"17,31 : 15.65"
"17,32 : 29.0"
"17,33 : 37.2"
"17,34 : 35.36"
"17,35 : 20.4"
"17,36 : 18.25"
"17,37 : 8.49"
"17,38 : 17.12"
"17,39 : 22.85"
"17,40 : 22.56"
"17,41 : 19.1"
"17,42 : 13.45"
"17,43 : 22.63"
"17,44 : 32.89"
"17,45 : 25.18"
"17,46 : 25.5"
"17,47 : 31.38"
"17,48 : 21.59"
"17,49 : 25.0"
"17,50 : 42.45"
"17,51 : 8.94"
"17,52 : 25.63"
"17,53 : 42.54"
"17,54 : 5.1"
"17,55 : 21.47"
"17,56 : 20.25"
"17,57 : 20.12"
"17,58 : 23.32"
"17,59 : 42.01"
"17,60 : 38.91"
"17,61 : 21.47"
"17,62 : 25.96"
"17,63 : 25.81"
"17,64 : 34.48"
"17,65 : 14.32"
"17,66 : 30.23"
"17,67 : 38.6"
"17,68 : 42.8"
"17,69 : 24.7"
"17,70 : 25.0"
"17,71 : 20.12"
"17,72 : 7.07"
"17,73 : 24.41"
"17,74 : 21.47"
"17,75 : 18.44"
"17,76 : 16.03"
"17,77 : 39.2"
"17,78 : 8.0"
"17,79 : 24.7"
"17,80 : 21.95"
"17,81 : 3.16"
"17,82 : 22.56"
"17,83 : 25.0"
"17,84 : 14.32"
"17,85 : 12.73"
"17,86 : 33.38"
"17,87 : 18.97"
"17,88 : 22.8"
"17,89 : 28.6"
"17,90 : 35.51"
"17,91 : 27.59"
"17,92 : 17.69"
"17,93 : 29.43"
"17,94 : 23.6"
"17,95 : 43.32"
"17,96 : 39.81"
"17,97 : 27.78"
"17,98 : 29.07"
"17,99 : 20.62"
"18,0 : 18.97"
"18,1 : 12.08"
"18,2 : 5.39"
"18,3 : 19.72"
"18,4 : 22.02"
"18,5 : 17.69"
"18,6 : 42.95"
"18,7 : 32.06"
"18,8 : 7.07"
"18,9 : 18.03"
"18,10 : 11.31"
"18,11 : 31.58"
"18,12 : 5.83"
"18,13 : 40.5"
"18,14 : 27.02"
"18,15 : 27.0"
"18,16 : 5.0"
"18,17 : 34.93"
"18,18 : 0.0"
"18,19 : 44.6"
"18,20 : 23.41"
"18,21 : 39.05"
"18,22 : 42.2"
"18,23 : 32.65"
"18,24 : 41.23"
"18,25 : 34.89"
"18,26 : 25.55"
"18,27 : 31.38"
"18,28 : 6.71"
"18,29 : 30.02"
"18,30 : 23.77"
"18,31 : 41.44"
"18,32 : 9.43"
"18,33 : 14.56"
"18,34 : 19.24"
"18,35 : 32.31"
"18,36 : 32.57"
"18,37 : 42.38"
"18,38 : 19.72"
"18,39 : 51.87"
"18,40 : 17.69"
"18,41 : 30.41"
"18,42 : 25.08"
"18,43 : 19.7"
"18,44 : 19.24"
"18,45 : 14.21"
"18,46 : 11.4"
"18,47 : 20.62"
"18,48 : 31.78"
"18,49 : 44.01"
"18,50 : 7.62"
"18,51 : 38.0"
"18,52 : 10.05"
"18,53 : 29.15"
"18,54 : 30.36"
"18,55 : 36.12"
"18,56 : 29.15"
"18,57 : 50.25"
"18,58 : 35.61"
"18,59 : 18.03"
"18,60 : 9.06"
"18,61 : 26.4"
"18,62 : 17.49"
"18,63 : 26.42"
"18,64 : 18.03"
"18,65 : 22.83"
"18,66 : 26.57"
"18,67 : 4.24"
"18,68 : 18.0"
"18,69 : 29.15"
"18,70 : 33.84"
"18,71 : 50.25"
"18,72 : 27.89"
"18,73 : 34.41"
"18,74 : 15.13"
"18,75 : 28.28"
"18,76 : 35.9"
"18,77 : 32.14"
"18,78 : 27.2"
"18,79 : 13.93"
"18,80 : 15.3"
"18,81 : 31.78"
"18,82 : 17.69"
"18,83 : 38.01"
"18,84 : 38.01"
"18,85 : 43.01"
"18,86 : 3.16"
"18,87 : 38.21"
"18,88 : 12.17"
"18,89 : 35.36"
"18,90 : 27.29"
"18,91 : 19.21"
"18,92 : 21.38"
"18,93 : 13.93"
"18,94 : 16.16"
"18,95 : 23.09"
"18,96 : 9.22"
"18,97 : 37.74"
"18,98 : 11.18"
"18,99 : 48.01"
"19,0 : 28.3"
"19,1 : 41.34"
"19,2 : 39.6"
"19,3 : 26.42"
"19,4 : 32.89"
"19,5 : 46.52"
"19,6 : 48.37"
"19,7 : 35.06"
"19,8 : 50.25"
"19,9 : 57.69"
"19,10 : 45.49"
"19,11 : 39.01"
"19,12 : 46.62"
"19,13 : 44.28"
"19,14 : 29.61"
"19,15 : 33.14"
"19,16 : 41.4"
"19,17 : 22.02"
"19,18 : 44.6"
"19,19 : 0.0"
"19,20 : 24.6"
"19,21 : 28.64"
"19,22 : 5.1"
"19,23 : 45.18"
"19,24 : 7.28"
"19,25 : 17.03"
"19,26 : 21.54"
"19,27 : 46.39"
"19,28 : 43.27"
"19,29 : 31.14"
"19,30 : 40.52"
"19,31 : 36.88"
"19,32 : 35.61"
"19,33 : 52.7"
"19,34 : 52.77"
"19,35 : 42.11"
"19,36 : 40.05"
"19,37 : 17.46"
"19,38 : 25.61"
"19,39 : 10.05"
"19,40 : 27.02"
"19,41 : 14.42"
"19,42 : 32.98"
"19,43 : 40.85"
"19,44 : 31.95"
"19,45 : 30.61"
"19,46 : 39.66"
"19,47 : 29.73"
"19,48 : 43.19"
"19,49 : 46.69"
"19,50 : 51.86"
"19,51 : 30.41"
"19,52 : 38.6"
"19,53 : 36.01"
"19,54 : 21.38"
"19,55 : 9.49"
"19,56 : 41.44"
"19,57 : 10.77"
"19,58 : 11.18"
"19,59 : 57.69"
"19,60 : 51.74"
"19,61 : 41.98"
"19,62 : 28.3"
"19,63 : 21.19"
"19,64 : 34.18"
"19,65 : 23.02"
"19,66 : 24.52"
"19,67 : 48.84"
"19,68 : 58.25"
"19,69 : 45.71"
"19,70 : 14.14"
"19,71 : 10.77"
"19,72 : 23.77"
"19,73 : 13.15"
"19,74 : 36.72"
"19,75 : 16.4"
"19,76 : 38.05"
"19,77 : 30.07"
"19,78 : 23.09"
"19,79 : 40.31"
"19,80 : 37.59"
"19,81 : 23.09"
"19,82 : 27.02"
"19,83 : 47.01"
"19,84 : 8.25"
"19,85 : 32.57"
"19,86 : 41.87"
"19,87 : 6.4"
"19,88 : 35.0"
"19,89 : 16.03"
"19,90 : 29.15"
"19,91 : 45.69"
"19,92 : 36.06"
"19,93 : 32.76"
"19,94 : 40.25"
"19,95 : 40.79"
"19,96 : 52.4"
"19,97 : 13.15"
"19,98 : 34.41"
"19,99 : 6.32"
"20,0 : 4.47"
"20,1 : 17.03"
"20,2 : 18.03"
"20,3 : 15.0"
"20,4 : 9.0"
"20,5 : 21.93"
"20,6 : 31.06"
"20,7 : 33.94"
"20,8 : 27.46"
"20,9 : 33.42"
"20,10 : 21.26"
"20,11 : 36.24"
"20,12 : 27.46"
"20,13 : 27.2"
"20,14 : 8.6"
"20,15 : 29.07"
"20,16 : 22.2"
"20,17 : 12.0"
"20,18 : 23.41"
"20,19 : 24.6"
"20,20 : 0.0"
"20,21 : 18.03"
"20,22 : 20.81"
"20,23 : 24.04"
"20,24 : 24.33"
"20,25 : 23.77"
"20,26 : 16.64"
"20,27 : 24.52"
"20,28 : 25.08"
"20,29 : 12.04"
"20,30 : 17.0"
"20,31 : 23.6"
"20,32 : 17.0"
"20,33 : 28.43"
"20,34 : 28.18"
"20,35 : 21.54"
"20,36 : 20.12"
"20,37 : 18.97"
"20,38 : 5.39"
"20,39 : 29.7"
"20,40 : 11.18"
"20,41 : 14.04"
"20,42 : 10.44"
"20,43 : 16.49"
"20,44 : 21.95"
"20,45 : 13.34"
"20,46 : 15.56"
"20,47 : 20.81"
"20,48 : 22.14"
"20,49 : 30.61"
"20,50 : 31.02"
"20,51 : 17.89"
"20,52 : 15.0"
"20,53 : 32.65"
"20,54 : 7.07"
"20,55 : 19.1"
"20,56 : 19.65"
"20,57 : 27.66"
"20,58 : 20.0"
"20,59 : 33.42"
"20,60 : 28.6"
"20,61 : 19.1"
"20,62 : 14.76"
"20,63 : 17.49"
"20,64 : 23.26"
"20,65 : 3.61"
"20,66 : 21.4"
"20,67 : 27.31"
"20,68 : 34.06"
"20,69 : 23.19"
"20,70 : 20.22"
"20,71 : 27.66"
"20,72 : 5.1"
"20,73 : 20.1"
"20,74 : 12.21"
"20,75 : 12.17"
"20,76 : 20.62"
"20,77 : 30.61"
"20,78 : 4.0"
"20,79 : 15.81"
"20,80 : 13.04"
"20,81 : 9.06"
"20,82 : 11.18"
"20,83 : 27.73"
"20,84 : 16.64"
"20,85 : 22.85"
"20,86 : 21.59"
"20,87 : 18.97"
"20,88 : 11.66"
"20,89 : 23.54"
"20,90 : 26.17"
"20,91 : 21.19"
"20,92 : 12.04"
"20,93 : 17.72"
"20,94 : 15.65"
"20,95 : 32.2"
"20,96 : 29.41"
"20,97 : 24.08"
"20,98 : 17.12"
"20,99 : 26.25"
"21,0 : 21.38"
"21,1 : 28.86"
"21,2 : 34.0"
"21,3 : 32.65"
"21,4 : 17.26"
"21,5 : 29.53"
"21,6 : 20.0"
"21,7 : 50.8"
"21,8 : 41.0"
"21,9 : 42.94"
"21,10 : 32.57"
"21,11 : 53.54"
"21,12 : 44.01"
"21,13 : 16.03"
"21,14 : 12.04"
"21,15 : 46.32"
"21,16 : 39.12"
"21,17 : 7.81"
"21,18 : 39.05"
"21,19 : 28.64"
"21,20 : 18.03"
"21,21 : 0.0"
"21,22 : 23.54"
"21,23 : 19.72"
"21,24 : 32.7"
"21,25 : 37.01"
"21,26 : 32.8"
"21,27 : 21.63"
"21,28 : 42.19"
"21,29 : 9.49"
"21,30 : 20.25"
"21,31 : 8.25"
"21,32 : 34.53"
"21,33 : 38.48"
"21,34 : 35.51"
"21,35 : 16.64"
"21,36 : 14.42"
"21,37 : 12.04"
"21,38 : 23.41"
"21,39 : 27.29"
"21,40 : 29.15"
"21,41 : 26.91"
"21,42 : 14.56"
"21,43 : 23.26"
"21,44 : 39.81"
"21,45 : 31.32"
"21,46 : 28.44"
"21,47 : 38.47"
"21,48 : 18.03"
"21,49 : 18.11"
"21,50 : 46.27"
"21,51 : 2.24"
"21,52 : 29.15"
"21,53 : 49.93"
"21,54 : 12.21"
"21,55 : 29.15"
"21,56 : 17.69"
"21,57 : 24.33"
"21,58 : 31.06"
"21,59 : 42.94"
"21,60 : 41.48"
"21,61 : 19.85"
"21,62 : 32.7"
"21,63 : 33.42"
"21,64 : 41.23"
"21,65 : 21.02"
"21,66 : 37.8"
"21,67 : 42.3"
"21,68 : 43.83"
"21,69 : 22.02"
"21,70 : 32.8"
"21,71 : 24.33"
"21,72 : 13.0"
"21,73 : 32.2"
"21,74 : 24.33"
"21,75 : 26.17"
"21,76 : 10.77"
"21,77 : 46.86"
"21,78 : 14.32"
"21,79 : 26.93"
"21,80 : 24.52"
"21,81 : 9.43"
"21,82 : 29.15"
"21,83 : 19.65"
"21,84 : 21.54"
"21,85 : 5.0"
"21,86 : 38.01"
"21,87 : 26.4"
"21,88 : 27.0"
"21,89 : 36.4"
"21,90 : 43.01"
"21,91 : 27.78"
"21,92 : 18.97"
"21,93 : 35.74"
"21,94 : 25.3"
"21,95 : 50.16"
"21,96 : 42.45"
"21,97 : 35.51"
"21,98 : 34.93"
"21,99 : 26.0"
"22,0 : 24.84"
"22,1 : 37.8"
"22,2 : 37.01"
"22,3 : 25.3"
"22,4 : 28.64"
"22,5 : 42.54"
"22,6 : 43.29"
"22,7 : 36.67"
"22,8 : 47.42"
"22,9 : 54.2"
"22,10 : 42.01"
"22,11 : 40.45"
"22,12 : 44.78"
"22,13 : 39.2"
"22,14 : 25.0"
"22,15 : 34.06"
"22,16 : 39.45"
"22,17 : 17.0"
"22,18 : 42.2"
"22,19 : 5.1"
"22,20 : 20.81"
"22,21 : 23.54"
"22,22 : 0.0"
"22,23 : 40.31"
"22,24 : 10.63"
"22,25 : 18.97"
"22,26 : 21.21"
"22,27 : 41.59"
"22,28 : 41.59"
"22,29 : 26.31"
"22,30 : 36.06"
"22,31 : 31.78"
"22,32 : 33.62"
"22,33 : 49.2"
"22,34 : 48.88"
"22,35 : 37.22"
"22,36 : 35.13"
"22,37 : 12.53"
"22,38 : 22.67"
"22,39 : 9.85"
"22,40 : 25.06"
"22,41 : 13.34"
"22,42 : 28.46"
"22,43 : 36.67"
"22,44 : 31.58"
"22,45 : 28.65"
"22,46 : 36.24"
"22,47 : 29.43"
"22,48 : 38.33"
"22,49 : 41.59"
"22,50 : 49.65"
"22,51 : 25.32"
"22,52 : 35.38"
"22,53 : 37.22"
"22,54 : 16.76"
"22,55 : 10.2"
"22,56 : 36.67"
"22,57 : 9.06"
"22,58 : 12.37"
"22,59 : 54.2"
"22,60 : 48.8"
"22,61 : 37.36"
"22,62 : 26.93"
"22,63 : 21.1"
"22,64 : 33.73"
"22,65 : 19.8"
"22,66 : 25.0"
"22,67 : 46.4"
"22,68 : 54.82"
"22,69 : 41.0"
"22,70 : 15.3"
"22,71 : 9.06"
"22,72 : 19.31"
"22,73 : 14.32"
"22,74 : 33.02"
"22,75 : 14.87"
"22,76 : 33.02"
"22,77 : 31.78"
"22,78 : 18.79"
"22,79 : 36.62"
"22,80 : 33.84"
"22,81 : 18.25"
"22,82 : 25.06"
"22,83 : 42.0"
"22,84 : 4.24"
"22,85 : 27.51"
"22,86 : 39.66"
"22,87 : 6.08"
"22,88 : 31.83"
"22,89 : 18.03"
"22,90 : 30.07"
"22,91 : 41.59"
"22,92 : 31.78"
"22,93 : 31.38"
"22,94 : 36.36"
"22,95 : 41.11"
"22,96 : 49.52"
"22,97 : 15.65"
"22,98 : 32.65"
"22,99 : 5.83"
"23,0 : 23.71"
"23,1 : 20.59"
"23,2 : 29.41"
"23,3 : 37.22"
"23,4 : 15.65"
"23,5 : 16.28"
"23,6 : 10.44"
"23,7 : 56.3"
"23,8 : 31.05"
"23,9 : 28.16"
"23,10 : 22.14"
"23,11 : 57.8"
"23,12 : 38.47"
"23,13 : 9.06"
"23,14 : 16.12"
"23,15 : 51.04"
"23,16 : 35.23"
"23,17 : 23.54"
"23,18 : 32.65"
"23,19 : 45.18"
"23,20 : 24.04"
"23,21 : 19.72"
"23,22 : 40.31"
"23,23 : 0.0"
"23,24 : 47.1"
"23,25 : 47.8"
"23,26 : 40.31"
"23,27 : 2.24"
"23,28 : 38.28"
"23,29 : 14.04"
"23,30 : 9.22"
"23,31 : 15.0"
"23,32 : 33.24"
"23,33 : 25.02"
"23,34 : 20.1"
"23,35 : 3.16"
"23,36 : 5.39"
"23,37 : 31.02"
"23,38 : 27.73"
"23,39 : 46.17"
"23,40 : 32.76"
"23,41 : 37.85"
"23,42 : 13.6"
"23,43 : 13.04"
"23,44 : 42.8"
"23,45 : 32.8"
"23,46 : 21.63"
"23,47 : 42.44"
"23,48 : 2.0"
"23,49 : 12.04"
"23,50 : 37.95"
"23,51 : 17.49"
"23,52 : 23.6"
"23,53 : 54.41"
"23,54 : 24.0"
"23,55 : 42.3"
"23,56 : 4.47"
"23,57 : 43.32"
"23,58 : 43.57"
"23,59 : 28.16"
"23,60 : 30.59"
"23,61 : 6.4"
"23,62 : 36.06"
"23,63 : 41.23"
"23,64 : 43.28"
"23,65 : 27.51"
"23,66 : 44.72"
"23,67 : 34.18"
"23,68 : 29.15"
"23,69 : 4.0"
"23,70 : 44.15"
"23,71 : 43.32"
"23,72 : 22.09"
"23,73 : 43.93"
"23,74 : 19.1"
"23,75 : 36.14"
"23,76 : 9.22"
"23,77 : 53.71"
"23,78 : 23.19"
"23,79 : 18.87"
"23,80 : 18.44"
"23,81 : 22.09"
"23,82 : 32.76"
"23,83 : 5.39"
"23,84 : 37.05"
"23,85 : 19.8"
"23,86 : 33.29"
"23,87 : 41.01"
"23,88 : 24.04"
"23,89 : 47.54"
"23,90 : 48.88"
"23,91 : 14.32"
"23,92 : 13.6"
"23,93 : 36.88"
"23,94 : 16.64"
"23,95 : 51.62"
"23,96 : 31.58"
"23,97 : 47.85"
"23,98 : 34.66"
"23,99 : 44.15"
"24,0 : 27.2"
"24,1 : 39.92"
"24,2 : 36.62"
"24,3 : 21.93"
"24,4 : 33.24"
"24,5 : 45.88"
"24,6 : 51.66"
"24,7 : 28.0"
"24,8 : 47.43"
"24,9 : 55.9"
"24,10 : 43.86"
"24,11 : 32.02"
"24,12 : 42.45"
"24,13 : 47.54"
"24,14 : 31.02"
"24,15 : 26.48"
"24,16 : 37.48"
"24,17 : 25.3"
"24,18 : 41.23"
"24,19 : 7.28"
"24,20 : 24.33"
"24,21 : 32.7"
"24,22 : 10.63"
"24,23 : 47.1"
"24,24 : 0.0"
"24,25 : 10.05"
"24,26 : 16.4"
"24,27 : 48.01"
"24,28 : 38.95"
"24,29 : 33.24"
"24,30 : 41.19"
"24,31 : 40.85"
"24,32 : 31.89"
"24,33 : 50.99"
"24,34 : 51.87"
"24,35 : 44.18"
"24,36 : 42.3"
"24,37 : 22.8"
"24,38 : 23.77"
"24,39 : 17.26"
"24,40 : 23.6"
"24,41 : 11.18"
"24,42 : 34.01"
"24,43 : 40.79"
"24,44 : 26.42"
"24,45 : 27.02"
"24,46 : 38.08"
"24,47 : 24.19"
"24,48 : 45.1"
"24,49 : 50.29"
"24,50 : 48.1"
"24,51 : 34.18"
"24,52 : 36.67"
"24,53 : 29.15"
"24,54 : 23.19"
"24,55 : 5.39"
"24,56 : 43.01"
"24,57 : 18.03"
"24,58 : 5.66"
"24,59 : 55.9"
"24,60 : 49.09"
"24,61 : 43.05"
"24,62 : 24.04"
"24,63 : 15.81"
"24,64 : 28.65"
"24,65 : 21.84"
"24,66 : 18.38"
"24,67 : 45.45"
"24,68 : 56.36"
"24,69 : 47.01"
"24,70 : 8.06"
"24,71 : 18.03"
"24,72 : 25.02"
"24,73 : 7.21"
"24,74 : 35.74"
"24,75 : 13.42"
"24,76 : 41.0"
"24,77 : 23.0"
"24,78 : 24.0"
"24,79 : 39.22"
"24,80 : 36.69"
"24,81 : 25.5"
"24,82 : 23.6"
"24,83 : 49.65"
"24,84 : 11.18"
"24,85 : 37.12"
"24,86 : 38.29"
"24,87 : 6.32"
"24,88 : 33.11"
"24,89 : 9.06"
"24,90 : 22.56"
"24,91 : 45.35"
"24,92 : 36.35"
"24,93 : 28.32"
"24,94 : 39.56"
"24,95 : 34.48"
"24,96 : 49.65"
"24,97 : 6.0"
"24,98 : 30.41"
"24,99 : 13.6"
"25,0 : 25.08"
"25,1 : 36.35"
"25,2 : 31.02"
"25,3 : 15.23"
"25,4 : 32.56"
"25,5 : 43.1"
"25,6 : 54.13"
"25,7 : 18.03"
"25,8 : 41.63"
"25,9 : 51.24"
"25,10 : 39.81"
"25,11 : 22.0"
"25,12 : 35.0"
"25,13 : 50.09"
"25,14 : 31.95"
"25,15 : 16.49"
"25,16 : 30.53"
"25,17 : 29.21"
"25,18 : 34.89"
"25,19 : 17.03"
"25,20 : 23.77"
"25,21 : 37.01"
"25,22 : 18.97"
"25,23 : 47.8"
"25,24 : 10.05"
"25,25 : 0.0"
"25,26 : 9.49"
"25,27 : 48.27"
"25,28 : 31.4"
"25,29 : 34.93"
"25,30 : 40.45"
"25,31 : 44.65"
"25,32 : 25.5"
"25,33 : 46.57"
"25,34 : 48.51"
"25,35 : 45.22"
"25,36 : 43.66"
"25,37 : 29.41"
"25,38 : 21.02"
"25,39 : 27.07"
"25,40 : 18.44"
"25,41 : 10.3"
"25,42 : 34.21"
"25,43 : 39.05"
"25,44 : 17.69"
"25,45 : 21.19"
"25,46 : 34.37"
"25,47 : 15.56"
"25,48 : 45.88"
"25,49 : 53.24"
"25,50 : 41.05"
"25,51 : 38.01"
"25,52 : 32.56"
"25,53 : 19.1"
"25,54 : 25.55"
"25,55 : 8.94"
"25,56 : 43.42"
"25,57 : 27.46"
"25,58 : 6.71"
"25,59 : 51.24"
"25,60 : 43.46"
"25,61 : 42.76"
"25,62 : 17.46"
"25,63 : 8.54"
"25,64 : 19.85"
"25,65 : 20.4"
"25,66 : 9.22"
"25,67 : 38.95"
"25,68 : 51.55"
"25,69 : 46.87"
"25,70 : 4.24"
"25,71 : 27.46"
"25,72 : 26.4"
"25,73 : 5.0"
"25,74 : 33.02"
"25,75 : 11.7"
"25,76 : 43.38"
"25,77 : 13.04"
"25,78 : 25.08"
"25,79 : 36.12"
"25,80 : 34.01"
"25,81 : 28.3"
"25,82 : 18.44"
"25,83 : 51.26"
"25,84 : 17.49"
"25,85 : 41.87"
"25,86 : 31.76"
"25,87 : 13.0"
