x,y
44,8
22,34
23,21
2,21
39,44
0,47
13,26
15,49
6,14
4,11
7,48
33,19
5,18
27,7
7,31
31,26
45,8
37,3
11,41
50,1
48,2
41,8
29,48
11,16
50,5
15,7
36,38
50,21
24,47
38,42
38,16
2,37
50,25
41,24
24,49
24,29
49,40
41,50
19,39
44,29
45,36
29,38
2,9
17,42
23,39
41,49
50,8
41,39
12,46
1,30
37,12
31,28
29,11
30,11
2,42
16,42
47,33
0,47
11,10
19,1
38,8
13,45
10,23
18,7
41,49
47,35
15,34
0,5
23,21
13,21
27,17
40,42
16,16
6,50
27,32
11,40
7,24
4,27
48,34
18,42
44,46
30,11
48,24
23,30
26,48
18,38
0,50
49,34
20,45
13,16
47,9
21,50
41,15
22,5
22,8
2,35
1,46
33,26
4,4
0,22

Distanze
"0,0 : 0.0"
"0,1 : 34.06"
"0,2 : 24.7"
"0,3 : 43.97"
"0,4 : 36.35"
"0,5 : 58.8"
"0,6 : 35.85"
"0,7 : 50.22"
"0,8 : 38.47"
"0,9 : 40.11"
"0,10 : 54.49"
"0,11 : 15.56"
"0,12 : 40.26"
"0,13 : 17.03"
"0,14 : 43.57"
"0,15 : 22.2"
"0,16 : 1.0"
"0,17 : 8.6"
"0,18 : 46.67"
"0,19 : 9.22"
"0,20 : 7.21"
"0,21 : 3.0"
"0,22 : 42.72"
"0,23 : 33.96"
"0,24 : 6.71"
"0,25 : 29.02"
"0,26 : 31.05"
"0,27 : 14.32"
"0,28 : 43.83"
"0,29 : 34.53"
"0,30 : 10.0"
"0,31 : 51.04"
"0,32 : 18.03"
"0,33 : 16.28"
"0,34 : 45.62"
"0,35 : 29.0"
"0,36 : 32.39"
"0,37 : 42.11"
"0,38 : 39.82"
"0,39 : 21.0"
"0,40 : 28.02"
"0,41 : 33.54"
"0,42 : 42.01"
"0,43 : 43.42"
"0,44 : 37.44"
"0,45 : 41.11"
"0,46 : 6.0"
"0,47 : 31.14"
"0,48 : 49.68"
"0,49 : 48.3"
"0,50 : 8.06"
"0,51 : 23.85"
"0,52 : 15.3"
"0,53 : 14.32"
"0,54 : 54.04"
"0,55 : 44.05"
"0,56 : 25.18"
"0,57 : 58.8"
"0,58 : 33.06"
"0,59 : 25.96"
"0,60 : 6.0"
"0,61 : 48.27"
"0,62 : 37.16"
"0,63 : 26.02"
"0,64 : 41.11"
"0,65 : 27.17"
"0,66 : 38.95"
"0,67 : 44.1"
"0,68 : 24.7"
"0,69 : 33.62"
"0,70 : 19.24"
"0,71 : 34.23"
"0,72 : 29.12"
"0,73 : 56.64"
"0,74 : 29.41"
"0,75 : 45.97"
"0,76 : 40.31"
"0,77 : 44.28"
"0,78 : 26.31"
"0,79 : 42.8"
"0,80 : 38.0"
"0,81 : 14.32"
"0,82 : 16.49"
"0,83 : 30.41"
"0,84 : 43.86"
"0,85 : 39.7"
"0,86 : 60.83"
"0,87 : 26.48"
"0,88 : 44.1"
"0,89 : 32.02"
"0,90 : 3.16"
"0,91 : 47.89"
"0,92 : 7.62"
"0,93 : 22.2"
"0,94 : 22.0"
"0,95 : 49.93"
"0,96 : 57.38"
"0,97 : 21.1"
"0,98 : 40.2"
"0,99 : 46.17"
"1,0 : 34.06"
"1,1 : 0.0"
"1,2 : 13.04"
"1,3 : 23.85"
"1,4 : 19.72"
"1,5 : 25.55"
"1,6 : 12.04"
"1,7 : 16.55"
"1,8 : 25.61"
"1,9 : 29.21"
"1,10 : 20.52"
"1,11 : 18.6"
"1,12 : 23.35"
"1,13 : 27.46"
"1,14 : 15.3"
"1,15 : 12.04"
"1,16 : 34.71"
"1,17 : 34.44"
"1,18 : 13.04"
"1,19 : 43.28"
"1,20 : 41.23"
"1,21 : 32.2"
"1,22 : 15.65"
"1,23 : 21.1"
"1,24 : 40.31"
"1,25 : 27.89"
"1,26 : 14.56"
"1,27 : 30.87"
"1,28 : 13.15"
"1,29 : 17.89"
"1,30 : 24.08"
"1,31 : 20.22"
"1,32 : 29.41"
"1,33 : 21.47"
"1,34 : 15.13"
"1,35 : 5.39"
"1,36 : 27.66"
"1,37 : 24.84"
"1,38 : 5.83"
"1,39 : 22.56"
"1,40 : 23.09"
"1,41 : 8.06"
"1,42 : 32.02"
"1,43 : 9.43"
"1,44 : 5.1"
"1,45 : 24.21"
"1,46 : 38.21"
"1,47 : 19.65"
"1,48 : 15.62"
"1,49 : 21.38"
"1,50 : 26.63"
"1,51 : 10.82"
"1,52 : 24.04"
"1,53 : 24.35"
"1,54 : 21.54"
"1,55 : 10.0"
"1,56 : 25.02"
"1,57 : 25.55"
"1,58 : 26.4"
"1,59 : 33.14"
"1,60 : 30.53"
"1,61 : 14.21"
"1,62 : 16.28"
"1,63 : 27.29"
"1,64 : 24.21"
"1,65 : 25.02"
"1,66 : 7.0"
"1,67 : 36.4"
"1,68 : 13.04"
"1,69 : 15.81"
"1,70 : 17.72"
"1,71 : 19.7"
"1,72 : 18.97"
"1,73 : 22.63"
"1,74 : 5.39"
"1,75 : 12.53"
"1,76 : 18.03"
"1,77 : 19.31"
"1,78 : 26.0"
"1,79 : 8.94"
"1,80 : 25.06"
"1,81 : 24.35"
"1,82 : 27.86"
"1,83 : 4.12"
"1,84 : 14.56"
"1,85 : 5.66"
"1,86 : 27.2"
"1,87 : 27.0"
"1,88 : 11.18"
"1,89 : 20.12"
"1,90 : 35.36"
"1,91 : 16.03"
"1,92 : 26.87"
"1,93 : 29.0"
"1,94 : 26.0"
"1,95 : 20.02"
"1,96 : 24.19"
"1,97 : 13.6"
"1,98 : 34.99"
"1,99 : 25.06"
"2,0 : 24.7"
"2,1 : 13.04"
"2,2 : 0.0"
"2,3 : 21.0"
"2,4 : 28.02"
"2,5 : 34.71"
"2,6 : 11.18"
"2,7 : 29.12"
"2,8 : 18.38"
"2,9 : 21.47"
"2,10 : 31.38"
"2,11 : 10.2"
"2,12 : 18.25"
"2,13 : 14.56"
"2,14 : 18.87"
"2,15 : 9.43"
"2,16 : 25.55"
"2,17 : 22.8"
"2,18 : 23.32"
"2,19 : 33.6"
"2,20 : 31.4"
"2,21 : 22.2"
"2,22 : 27.66"
"2,23 : 13.0"
"2,24 : 31.38"
"2,25 : 16.12"
"2,26 : 21.4"
"2,27 : 27.0"
"2,28 : 26.02"
"2,29 : 25.81"
"2,30 : 15.81"
"2,31 : 26.4"
"2,32 : 27.29"
"2,33 : 18.25"
"2,34 : 28.02"
"2,35 : 8.06"
"2,36 : 32.2"
"2,37 : 34.13"
"2,38 : 18.44"
"2,39 : 22.47"
"2,40 : 26.63"
"2,41 : 18.03"
"2,42 : 24.19"
"2,43 : 21.84"
"2,44 : 18.0"
"2,45 : 33.29"
"2,46 : 29.97"
"2,47 : 25.46"
"2,48 : 27.31"
"2,49 : 23.77"
"2,50 : 16.64"
"2,51 : 10.63"
"2,52 : 11.66"
"2,53 : 12.21"
"2,54 : 29.7"
"2,55 : 22.14"
"2,56 : 26.83"
"2,57 : 34.71"
"2,58 : 16.28"
"2,59 : 20.4"
"2,60 : 19.85"
"2,61 : 26.0"
"2,62 : 13.15"
"2,63 : 14.87"
"2,64 : 33.29"
"2,65 : 27.78"
"2,66 : 15.26"
"2,67 : 28.02"
"2,68 : 0.0"
"2,69 : 10.0"
"2,70 : 5.66"
"2,71 : 27.02"
"2,72 : 8.6"
"2,73 : 33.62"
"2,74 : 11.7"
"2,75 : 22.47"
"2,76 : 16.28"
"2,77 : 19.92"
"2,78 : 28.18"
"2,79 : 21.59"
"2,80 : 32.65"
"2,81 : 12.21"
"2,82 : 25.18"
"2,83 : 9.0"
"2,84 : 27.17"
"2,85 : 17.72"
"2,86 : 37.01"
"2,87 : 29.07"
"2,88 : 24.19"
"2,89 : 11.18"
"2,90 : 26.83"
"2,91 : 29.07"
"2,92 : 18.97"
"2,93 : 16.03"
"2,94 : 13.04"
"2,95 : 25.24"
"2,96 : 33.3"
"2,97 : 11.18"
"2,98 : 25.5"
"2,99 : 23.02"
"3,0 : 43.97"
"3,1 : 23.85"
"3,2 : 21.0"
"3,3 : 0.0"
"3,4 : 43.57"
"3,5 : 26.08"
"3,6 : 12.08"
"3,7 : 30.87"
"3,8 : 8.06"
"3,9 : 10.2"
"3,10 : 27.46"
"3,11 : 31.06"
"3,12 : 4.24"
"3,13 : 28.65"
"3,14 : 11.18"
"3,15 : 29.43"
"3,16 : 44.92"
"3,17 : 39.36"
"3,18 : 21.93"
"3,19 : 52.0"
"3,20 : 49.77"
"3,21 : 41.11"
"3,22 : 38.18"
"3,23 : 10.3"
"3,24 : 50.6"
"3,25 : 19.1"
"3,26 : 38.01"
"3,27 : 48.0"
"3,28 : 34.06"
"3,29 : 41.68"
"3,30 : 36.35"
"3,31 : 16.0"
"3,32 : 48.17"
"3,33 : 39.12"
"3,34 : 35.61"
"3,35 : 23.41"
"3,36 : 50.7"
"3,37 : 48.6"
"3,38 : 24.76"
"3,39 : 42.76"
"3,40 : 45.54"
"3,41 : 31.91"
"3,42 : 12.0"
"3,43 : 25.81"
"3,44 : 27.66"
"3,45 : 48.01"
"3,46 : 49.73"
"3,47 : 42.95"
"3,48 : 26.93"
"3,49 : 9.06"
"3,50 : 36.14"
"3,51 : 29.83"
"3,52 : 28.79"
"3,53 : 29.73"
"3,54 : 21.0"
"3,55 : 25.24"
"3,56 : 46.57"
"3,57 : 26.08"
"3,58 : 14.21"
"3,59 : 26.25"
"3,60 : 38.28"
"3,61 : 26.4"
"3,62 : 8.25"
"3,63 : 21.26"
"3,64 : 48.01"
"3,65 : 47.13"
"3,66 : 18.38"
"3,67 : 16.12"
"3,68 : 21.0"
"3,69 : 11.0"
"3,70 : 25.32"
"3,71 : 43.42"
"3,72 : 14.87"
"3,73 : 29.27"
"3,74 : 27.31"
"3,75 : 21.02"
"3,76 : 5.83"
"3,77 : 6.32"
"3,78 : 47.8"
"3,79 : 26.4"
"3,80 : 48.88"
"3,81 : 29.73"
"3,82 : 46.1"
"3,83 : 22.85"
"3,84 : 36.12"
"3,85 : 23.35"
"3,86 : 29.07"
"3,87 : 48.76"
"3,88 : 30.0"
"3,89 : 12.08"
"3,90 : 46.57"
"3,91 : 34.67"
"3,92 : 39.46"
"3,93 : 25.61"
"3,94 : 23.85"
"3,95 : 14.0"
"3,96 : 25.02"
"3,97 : 31.4"
"3,98 : 17.12"
"3,99 : 2.24"
"4,0 : 36.35"
"4,1 : 19.72"
"4,2 : 28.02"
"4,3 : 43.57"
"4,4 : 0.0"
"4,5 : 39.12"
"4,6 : 31.62"
"4,7 : 24.52"
"4,8 : 44.6"
"4,9 : 48.1"
"4,10 : 32.25"
"4,11 : 25.71"
"4,12 : 42.8"
"4,13 : 38.9"
"4,14 : 34.54"
"4,15 : 19.7"
"4,16 : 36.5"
"4,17 : 41.05"
"4,18 : 28.16"
"4,19 : 44.38"
"4,20 : 42.95"
"4,21 : 36.06"
"4,22 : 10.77"
"4,23 : 39.6"
"4,24 : 40.52"
"4,25 : 44.1"
"4,26 : 6.71"
"4,27 : 25.5"
"4,28 : 15.3"
"4,29 : 2.24"
"4,30 : 28.02"
"4,31 : 37.66"
"4,32 : 21.95"
"4,33 : 20.1"
"4,34 : 15.81"
"4,35 : 21.21"
"4,36 : 10.77"
"4,37 : 6.32"
"4,38 : 20.62"
"4,39 : 15.81"
"4,40 : 10.0"
"4,41 : 11.66"
"4,42 : 50.93"
"4,43 : 22.09"
"4,44 : 16.76"
"4,45 : 5.39"
"4,46 : 37.64"
"4,47 : 5.39"
"4,48 : 27.07"
"4,49 : 40.5"
"4,50 : 32.06"
"4,51 : 17.89"
"4,52 : 34.48"
"4,53 : 34.21"
"4,54 : 37.05"
"4,55 : 23.09"
"4,56 : 13.6"
"4,57 : 39.12"
"4,58 : 44.05"
"4,59 : 47.42"
"4,60 : 36.01"
"4,61 : 26.02"
"4,62 : 35.81"
"4,63 : 42.54"
"4,64 : 5.39"
"4,65 : 12.04"
"4,66 : 26.0"
"4,67 : 55.15"
"4,68 : 28.02"
"4,69 : 34.71"
"4,70 : 29.55"
"4,71 : 2.24"
"4,72 : 36.24"
"4,73 : 33.54"
"4,74 : 16.97"
"4,75 : 28.28"
"4,76 : 37.74"
"4,77 : 38.91"
"4,78 : 13.45"
"4,79 : 21.1"
"4,80 : 5.39"
"4,81 : 34.21"
"4,82 : 21.93"
"4,83 : 21.26"
"4,84 : 13.6"
"4,85 : 21.84"
"4,86 : 39.46"
"4,87 : 14.14"
"4,88 : 19.03"
"4,89 : 38.21"
"4,90 : 35.9"
"4,91 : 18.97"
"4,92 : 29.07"
"4,93 : 42.54"
"4,94 : 39.81"
"4,95 : 38.08"
"4,96 : 38.05"
"4,97 : 18.97"
"4,98 : 53.15"
"4,99 : 44.78"
"5,0 : 58.8"
"5,1 : 25.55"
"5,2 : 34.71"
"5,3 : 26.08"
"5,4 : 39.12"
"5,5 : 0.0"
"5,6 : 24.7"
"5,7 : 15.13"
"5,8 : 33.54"
"5,9 : 36.22"
"5,10 : 7.07"
"5,11 : 43.28"
"5,12 : 29.43"
"5,13 : 48.26"
"5,14 : 17.46"
"5,15 : 37.44"
"5,16 : 59.55"
"5,17 : 57.49"
"5,18 : 12.53"
"5,19 : 67.94"
"5,20 : 65.8"
"5,21 : 56.59"
"5,22 : 29.02"
"5,23 : 32.89"
"5,24 : 65.3"
"5,25 : 42.72"
"5,26 : 37.11"
"5,27 : 56.36"
"5,28 : 24.0"
"5,29 : 38.33"
"5,30 : 49.04"
"5,31 : 10.2"
"5,32 : 54.63"
"5,33 : 47.01"
"5,34 : 24.08"
"5,35 : 30.0"
"5,36 : 49.5"
"5,37 : 41.11"
"5,38 : 20.62"
"5,39 : 47.54"
"5,40 : 46.32"
"5,41 : 30.36"
"5,42 : 38.05"
"5,43 : 17.72"
"5,44 : 24.35"
"5,45 : 41.05"
"5,46 : 63.41"
"5,47 : 41.77"
"5,48 : 12.04"
"5,49 : 17.03"
"5,50 : 50.93"
"5,51 : 36.36"
"5,52 : 46.23"
"5,53 : 46.86"
"5,54 : 5.39"
"5,55 : 16.76"
"5,56 : 49.04"
"5,57 : 0.0"
"5,58 : 38.6"
"5,59 : 49.77"
"5,60 : 54.45"
"5,61 : 13.15"
"5,62 : 26.0"
"5,63 : 43.86"
"5,64 : 41.05"
"5,65 : 48.51"
"5,66 : 19.85"
"5,67 : 42.0"
"5,68 : 34.71"
"5,69 : 29.07"
"5,70 : 40.36"
"5,71 : 40.31"
"5,72 : 34.89"
"5,73 : 6.71"
"5,74 : 30.89"
"5,75 : 13.04"
"5,76 : 24.04"
"5,77 : 20.4"
"5,78 : 49.73"
"5,79 : 18.68"
"5,80 : 44.01"
"5,81 : 46.86"
"5,82 : 53.23"
"5,83 : 28.6"
"5,84 : 26.02"
"5,85 : 20.12"
"5,86 : 3.0"
"5,87 : 50.7"
"5,88 : 20.1"
"5,89 : 33.62"
"5,90 : 60.44"
"5,91 : 21.21"
"5,92 : 52.01"
"5,93 : 47.41"
"5,94 : 44.78"
"5,95 : 12.17"
"5,96 : 1.41"
"5,97 : 39.12"
"5,98 : 43.19"
"5,99 : 25.0"
"6,0 : 35.85"
"6,1 : 12.04"
"6,2 : 11.18"
"6,3 : 12.08"
"6,4 : 31.62"
"6,5 : 24.7"
"6,6 : 0.0"
"6,7 : 23.09"
"6,8 : 13.89"
"6,9 : 17.49"
"6,10 : 22.8"
"6,11 : 21.19"
"6,12 : 11.31"
"6,13 : 23.6"
"6,14 : 7.81"
"6,15 : 18.0"
"6,16 : 36.72"
"6,17 : 33.24"
"6,18 : 15.13"
"6,19 : 44.65"
"6,20 : 42.44"
"6,21 : 33.29"
"6,22 : 27.2"
"6,23 : 10.2"
"6,24 : 42.54"
"6,25 : 19.1"
"6,26 : 25.94"
"6,27 : 37.34"
"6,28 : 23.71"
"6,29 : 29.68"
"6,30 : 26.93"
"6,31 : 15.56"
"6,32 : 37.01"
"6,33 : 28.07"
"6,34 : 25.5"
"6,35 : 11.4"
"6,36 : 38.63"
"6,37 : 36.88"
"6,38 : 14.32"
"6,39 : 31.14"
"6,40 : 33.53"
"6,41 : 20.0"
"6,42 : 20.25"
"6,43 : 16.49"
"6,44 : 16.4"
"6,45 : 36.24"
"6,46 : 41.15"
"6,47 : 30.87"
"6,48 : 20.02"
"6,49 : 12.65"
"6,50 : 27.78"
"6,51 : 18.11"
"6,52 : 21.93"
"6,53 : 22.67"
"6,54 : 19.42"
"6,55 : 16.28"
"6,56 : 34.71"
"6,57 : 24.7"
"6,58 : 16.12"
"6,59 : 25.71"
"6,60 : 30.81"
"6,61 : 19.0"
"6,62 : 4.24"
"6,63 : 19.65"
"6,64 : 36.24"
"6,65 : 35.17"
"6,66 : 8.25"
"6,67 : 24.7"
"6,68 : 11.18"
"6,69 : 5.0"
"6,70 : 16.64"
"6,71 : 31.38"
"6,72 : 10.44"
"6,73 : 25.0"
"6,74 : 15.23"
"6,75 : 14.14"
"6,76 : 6.32"
"6,77 : 9.06"
"6,78 : 35.9"
"6,79 : 16.76"
"6,80 : 36.89"
"6,81 : 22.67"
"6,82 : 35.06"
"6,83 : 10.77"
"6,84 : 25.55"
"6,85 : 13.0"
"6,86 : 27.29"
"6,87 : 36.88"
"6,88 : 20.25"
"6,89 : 10.0"
"6,90 : 38.01"
"6,91 : 25.3"
"6,92 : 30.08"
"6,93 : 22.85"
"6,94 : 20.12"
"6,95 : 14.21"
"6,96 : 23.32"
"6,97 : 20.0"
"6,98 : 23.77"
"6,99 : 13.6"
"7,0 : 50.22"
"7,1 : 16.55"
"7,2 : 29.12"
"7,3 : 30.87"
"7,4 : 24.52"
"7,5 : 15.13"
"7,6 : 23.09"
"7,7 : 0.0"
"7,8 : 36.14"
"7,9 : 39.56"
"7,10 : 8.06"
"7,11 : 34.99"
"7,12 : 32.57"
"7,13 : 43.68"
"7,14 : 19.7"
"7,15 : 28.02"
"7,16 : 50.8"
"7,17 : 50.99"
"7,18 : 8.94"
"7,19 : 59.41"
"7,20 : 57.43"
"7,21 : 48.55"
"7,22 : 14.04"
"7,23 : 33.24"
"7,24 : 56.22"
"7,25 : 42.0"
"7,26 : 23.71"
"7,27 : 44.82"
"7,28 : 9.22"
"7,29 : 24.04"
"7,30 : 40.22"
"7,31 : 17.69"
"7,32 : 42.44"
"7,33 : 36.07"
"7,34 : 9.0"
"7,35 : 21.93"
"7,36 : 35.17"
"7,37 : 26.02"
"7,38 : 10.77"
"7,39 : 35.23"
"7,40 : 32.7"
"7,41 : 17.8"
"7,42 : 42.06"
"7,43 : 7.28"
"7,44 : 12.81"
"7,45 : 26.0"
"7,46 : 53.91"
"7,47 : 27.86"
"7,48 : 4.24"
"7,49 : 23.6"
"7,50 : 43.05"
"7,51 : 26.4"
"7,52 : 40.5"
"7,53 : 40.85"
"7,54 : 14.76"
"7,55 : 7.07"
"7,56 : 35.78"
"7,57 : 15.13"
"7,58 : 39.2"
"7,59 : 48.17"
"7,60 : 47.01"
"7,61 : 4.47"
"7,62 : 26.48"
"7,63 : 42.11"
"7,64 : 26.0"
"7,65 : 34.93"
"7,66 : 15.0"
"7,67 : 46.49"
"7,68 : 29.12"
"7,69 : 28.07"
"7,70 : 34.18"
"7,71 : 25.96"
"7,72 : 33.02"
"7,73 : 9.06"
"7,74 : 20.81"
"7,75 : 9.85"
"7,76 : 26.25"
"7,77 : 24.6"
"7,78 : 36.25"
"7,79 : 7.62"
"7,80 : 29.15"
"7,81 : 40.85"
"7,82 : 41.4"
"7,83 : 20.62"
"7,84 : 11.05"
"7,85 : 11.4"
"7,86 : 15.03"
"7,87 : 37.16"
"7,88 : 6.4"
"7,89 : 33.06"
"7,90 : 51.22"
"7,91 : 6.08"
"7,92 : 42.8"
"7,93 : 44.55"
"7,94 : 41.59"
"7,95 : 19.1"
"7,96 : 14.32"
"7,97 : 29.21"
"7,98 : 46.32"
"7,99 : 30.89"
"8,0 : 38.47"
"8,1 : 25.61"
"8,2 : 18.38"
"8,3 : 8.06"
"8,4 : 44.6"
"8,5 : 33.54"
"8,6 : 13.89"
"8,7 : 36.14"
"8,8 : 0.0"
"8,9 : 3.61"
"8,10 : 34.01"
"8,11 : 27.46"
"8,12 : 4.12"
"8,13 : 22.14"
"8,14 : 17.03"
"8,15 : 27.73"
"8,16 : 39.46"
"8,17 : 32.89"
"8,18 : 27.46"
"8,19 : 45.88"
"8,20 : 43.68"
"8,21 : 35.51"
"8,22 : 41.05"
"8,23 : 5.39"
"8,24 : 44.91"
"8,25 : 11.4"
"8,26 : 38.42"
"8,27 : 44.55"
"8,28 : 37.59"
"8,29 : 42.52"
"8,30 : 32.06"
"8,31 : 23.35"
"8,32 : 45.35"
"8,33 : 36.4"
"8,34 : 39.36"
"8,35 : 23.43"
"8,36 : 50.25"
"8,37 : 50.21"
"8,38 : 28.18"
"8,39 : 40.85"
"8,40 : 44.78"
"8,41 : 33.24"
"8,42 : 6.4"
"8,43 : 30.08"
"8,44 : 30.23"
"8,45 : 49.5"
"8,46 : 44.41"
"8,47 : 43.01"
"8,48 : 32.56"
"8,49 : 16.76"
"8,50 : 31.06"
"8,51 : 28.65"
"8,52 : 23.19"
"8,53 : 24.19"
"8,54 : 28.28"
"8,55 : 29.73"
"8,56 : 45.19"
"8,57 : 33.54"
"8,58 : 6.4"
"8,59 : 18.38"
"8,60 : 32.56"
"8,61 : 31.78"
"8,62 : 9.85"
"8,63 : 13.89"
"8,64 : 49.5"
"8,65 : 46.07"
"8,66 : 21.93"
"8,67 : 10.82"
"8,68 : 18.38"
"8,69 : 9.9"
"8,70 : 21.21"
"8,71 : 44.05"
"8,72 : 10.2"
"8,73 : 36.0"
"8,74 : 27.66"
"8,75 : 26.48"
"8,76 : 10.05"
"8,77 : 13.15"
"8,78 : 46.52"
"8,79 : 30.46"
"8,80 : 49.68"
"8,81 : 24.19"
"8,82 : 43.17"
"8,83 : 23.35"
"8,84 : 39.45"
"8,85 : 26.83"
"8,86 : 36.5"
"8,87 : 47.42"
"8,88 : 34.01"
"8,89 : 7.28"
"8,90 : 41.3"
"8,91 : 39.0"
"8,92 : 35.01"
"8,93 : 18.36"
"8,94 : 17.09"
"8,95 : 21.38"
"8,96 : 32.39"
"8,97 : 29.55"
"8,98 : 10.2"
"8,99 : 10.0"
"9,0 : 40.11"
"9,1 : 29.21"
"9,2 : 21.47"
"9,3 : 10.2"
"9,4 : 48.1"
"9,5 : 36.22"
"9,6 : 17.49"
"9,7 : 39.56"
"9,8 : 3.61"
"9,9 : 0.0"
"9,10 : 37.12"
"9,11 : 30.08"
"9,12 : 7.07"
"9,13 : 23.35"
"9,14 : 20.22"
"9,15 : 30.89"
"9,16 : 41.11"
"9,17 : 33.96"
"9,18 : 30.81"
"9,19 : 47.07"
"9,20 : 44.91"
"9,21 : 37.12"
"9,22 : 44.65"
"9,23 : 8.6"
"9,24 : 46.39"
"9,25 : 11.7"
"9,26 : 41.87"
"9,27 : 47.07"
"9,28 : 41.18"
"9,29 : 46.01"
"9,30 : 34.37"
"9,31 : 26.08"
"9,32 : 48.08"
"9,33 : 39.22"
"9,34 : 42.94"
"9,35 : 26.91"
"9,36 : 53.54"
"9,37 : 53.76"
"9,38 : 31.76"
"9,39 : 43.86"
"9,40 : 48.02"
"9,41 : 36.8"
"9,42 : 2.83"
"9,43 : 33.62"
"9,44 : 33.84"
"9,45 : 53.04"
"9,46 : 46.1"
"9,47 : 46.4"
"9,48 : 35.9"
"9,49 : 19.24"
"9,50 : 33.02"
"9,51 : 31.91"
"9,52 : 25.0"
"9,53 : 26.0"
"9,54 : 31.06"
"9,55 : 33.24"
"9,56 : 48.3"
"9,57 : 36.22"
"9,58 : 7.07"
"9,59 : 18.03"
"9,60 : 34.13"
"9,61 : 35.17"
"9,62 : 13.42"
"9,63 : 14.56"
"9,64 : 53.04"
"9,65 : 49.24"
"9,66 : 25.5"
"9,67 : 7.21"
"9,68 : 21.47"
"9,69 : 13.45"
"9,70 : 23.77"
"9,71 : 47.51"
"9,72 : 13.0"
"9,73 : 39.05"
"9,74 : 31.14"
"9,75 : 29.83"
"9,76 : 13.34"
"9,77 : 16.0"
"9,78 : 49.65"
"9,79 : 34.01"
"9,80 : 53.15"
"9,81 : 26.0"
"9,82 : 45.88"
"9,83 : 26.87"
"9,84 : 43.05"
"9,85 : 30.41"
"9,86 : 39.2"
"9,87 : 50.54"
"9,88 : 37.58"
"9,89 : 10.3"
"9,90 : 43.05"
"9,91 : 42.54"
"9,92 : 37.22"
"9,93 : 18.97"
"9,94 : 18.25"
"9,95 : 24.08"
"9,96 : 35.13"
"9,97 : 32.65"
"9,98 : 7.0"
"9,99 : 11.7"
"10,0 : 54.49"
"10,1 : 20.52"
"10,2 : 31.38"
"10,3 : 27.46"
"10,4 : 32.25"
"10,5 : 7.07"
"10,6 : 22.8"
"10,7 : 8.06"
"10,8 : 34.01"
"10,9 : 37.12"
"10,10 : 0.0"
"10,11 : 38.95"
"10,12 : 30.07"
"10,13 : 45.62"
"10,14 : 17.0"
"10,15 : 32.56"
"10,16 : 55.17"
"10,17 : 54.08"
"10,18 : 8.06"
"10,19 : 63.7"
"10,20 : 61.62"
"10,21 : 52.5"
"10,22 : 22.0"
"10,23 : 32.25"
"10,24 : 60.81"
"10,25 : 41.77"
"10,26 : 30.68"
"10,27 : 50.77"
"10,28 : 17.03"
"10,29 : 31.58"
"10,30 : 44.55"
"10,31 : 12.08"
"10,32 : 48.76"
"10,33 : 41.62"
"10,34 : 17.03"
"10,35 : 25.5"
"10,36 : 42.76"
"10,37 : 34.06"
"10,38 : 15.0"
"10,39 : 41.59"
"10,40 : 39.85"
"10,41 : 24.17"
"10,42 : 39.32"
"10,43 : 11.66"
"10,44 : 18.36"
"10,45 : 34.01"
"10,46 : 58.73"
"10,47 : 35.17"
"10,48 : 5.39"
"10,49 : 18.97"
"10,50 : 46.86"
"10,51 : 31.24"
"10,52 : 43.05"
"10,53 : 43.57"
"10,54 : 7.81"
"10,55 : 10.82"
"10,56 : 42.72"
"10,57 : 7.07"
"10,58 : 38.21"
"10,59 : 48.51"
"10,60 : 50.61"
"10,61 : 6.71"
"10,62 : 25.18"
"10,63 : 42.45"
"10,64 : 34.01"
"10,65 : 42.06"
"10,66 : 16.12"
"10,67 : 43.57"
"10,68 : 31.38"
"10,69 : 27.66"
"10,70 : 36.89"
"10,71 : 33.54"
"10,72 : 33.24"
"10,73 : 2.24"
"10,74 : 25.61"
"10,75 : 8.94"
"10,76 : 24.0"
"10,77 : 21.21"
"10,78 : 43.32"
"10,79 : 12.53"
"10,80 : 37.05"
"10,81 : 43.57"
"10,82 : 47.51"
"10,83 : 24.08"
"10,84 : 19.0"
"10,85 : 14.87"
"10,86 : 7.28"
"10,87 : 44.27"
"10,88 : 13.34"
"10,89 : 32.56"
"10,90 : 55.87"
"10,91 : 14.14"
"10,92 : 47.38"
"10,93 : 45.54"
"10,94 : 42.72"
"10,95 : 13.93"
"10,96 : 6.32"
"10,97 : 34.06"
"10,98 : 44.1"
"10,99 : 26.93"
"11,0 : 15.56"
"11,1 : 18.6"
"11,2 : 10.2"
"11,3 : 31.06"
"11,4 : 25.71"
"11,5 : 43.28"
"11,6 : 21.19"
"11,7 : 34.99"
"11,8 : 27.46"
"11,9 : 30.08"
"11,10 : 38.95"
"11,11 : 0.0"
"11,12 : 28.02"
"11,13 : 13.42"
"11,14 : 28.64"
"11,15 : 7.28"
"11,16 : 16.28"
"11,17 : 16.49"
"11,18 : 31.11"
"11,19 : 24.76"
"11,20 : 22.67"
"11,21 : 13.6"
"11,22 : 29.27"
"11,23 : 22.2"
"11,24 : 22.02"
"11,25 : 21.63"
"11,26 : 19.24"
"11,27 : 17.12"
"11,28 : 29.41"
"11,29 : 23.54"
"11,30 : 5.83"
"11,31 : 35.85"
"11,32 : 18.03"
"11,33 : 9.43"
"11,34 : 31.32"
"11,35 : 13.45"
"11,36 : 26.4"
"11,37 : 32.02"
"11,38 : 24.41"
"11,39 : 14.87"
"11,40 : 20.81"
"11,41 : 19.42"
"11,42 : 32.57"
"11,43 : 28.02"
"11,44 : 22.36"
"11,45 : 31.05"
"11,46 : 20.25"
"11,47 : 21.54"
"11,48 : 34.21"
"11,49 : 33.84"
"11,50 : 8.06"
"11,51 : 9.22"
"11,52 : 8.94"
"11,53 : 8.54"
"11,54 : 38.6"
"11,55 : 28.6"
"11,56 : 19.8"
"11,57 : 43.28"
"11,58 : 23.77"
"11,59 : 22.8"
"11,60 : 12.08"
"11,61 : 32.8"
"11,62 : 23.35"
"11,63 : 19.21"
"11,64 : 31.05"
"11,65 : 21.26"
"11,66 : 23.43"
"11,67 : 35.85"
"11,68 : 10.2"
"11,69 : 20.1"
"11,70 : 6.32"
"11,71 : 24.04"
"11,72 : 17.26"
"11,73 : 41.11"
"11,74 : 14.32"
"11,75 : 30.41"
"11,76 : 26.48"
"11,77 : 30.08"
"11,78 : 21.21"
"11,79 : 27.46"
"11,80 : 29.15"
"11,81 : 8.54"
"11,82 : 15.81"
"11,83 : 14.87"
"11,84 : 29.83"
"11,85 : 24.21"
"11,86 : 45.28"
"11,87 : 21.93"
"11,88 : 29.07"
"11,89 : 20.22"
"11,90 : 17.2"
"11,91 : 33.24"
"11,92 : 8.94"
"11,93 : 17.8"
"11,94 : 15.56"
"11,95 : 34.89"
"11,96 : 41.87"
"11,97 : 7.0"
"11,98 : 32.65"
"11,99 : 33.14"
"12,0 : 40.26"
"12,1 : 23.35"
"12,2 : 18.25"
"12,3 : 4.24"
"12,4 : 42.8"
"12,5 : 29.43"
"12,6 : 11.31"
"12,7 : 32.57"
"12,8 : 4.12"
"12,9 : 7.07"
"12,10 : 30.07"
"12,11 : 28.02"
"12,12 : 0.0"
"12,13 : 24.6"
"12,14 : 13.15"
"12,15 : 27.2"
"12,16 : 41.23"
"12,17 : 35.34"
"12,18 : 23.77"
"12,19 : 48.1"
"12,20 : 45.88"
"12,21 : 37.36"
"12,22 : 38.42"
"12,23 : 6.32"
"12,24 : 46.84"
"12,25 : 14.87"
"12,26 : 36.89"
"12,27 : 45.1"
"12,28 : 34.67"
"12,29 : 40.8"
"12,30 : 33.06"
"12,31 : 19.24"
"12,32 : 45.54"
"12,33 : 36.5"
"12,34 : 36.36"
"12,35 : 21.95"
"12,36 : 49.19"
"12,37 : 48.17"
"12,38 : 25.24"
"12,39 : 40.52"
"12,40 : 43.86"
"12,41 : 31.24"
"12,42 : 9.49"
"12,43 : 26.83"
"12,44 : 27.66"
"12,45 : 47.51"
"12,46 : 46.1"
"12,47 : 41.68"
"12,48 : 28.86"
"12,49 : 12.65"
"12,50 : 32.56"
"12,51 : 27.86"
"12,52 : 25.0"
"12,53 : 25.96"
"12,54 : 24.19"
"12,55 : 26.4"
"12,56 : 44.6"
"12,57 : 29.43"
"12,58 : 10.0"
"12,59 : 22.02"
"12,60 : 34.48"
"12,61 : 28.16"
"12,62 : 7.07"
"12,63 : 17.03"
"12,64 : 47.51"
"12,65 : 45.31"
"12,66 : 18.87"
"12,67 : 13.93"
"12,68 : 18.25"
"12,69 : 8.54"
"12,70 : 22.02"
"12,71 : 42.44"
"12,72 : 11.18"
"12,73 : 32.02"
"12,74 : 26.08"
"12,75 : 22.8"
"12,76 : 6.32"
"12,77 : 9.06"
"12,78 : 45.88"
"12,79 : 27.29"
"12,80 : 48.01"
"12,81 : 25.96"
"12,82 : 43.42"
"12,83 : 21.63"
"12,84 : 36.62"
"12,85 : 23.85"
"12,86 : 32.39"
"12,87 : 46.82"
"12,88 : 30.89"
"12,89 : 8.25"
"12,90 : 42.95"
"12,91 : 35.78"
"12,92 : 36.12"
"12,93 : 21.4"
"12,94 : 19.72"
"12,95 : 17.26"
"12,96 : 28.28"
"12,97 : 29.12"
"12,98 : 14.04"
"12,99 : 6.4"
"13,0 : 17.03"
"13,1 : 27.46"
"13,2 : 14.56"
"13,3 : 28.65"
"13,4 : 38.9"
"13,5 : 48.26"
"13,6 : 23.6"
"13,7 : 43.68"
"13,8 : 22.14"
"13,9 : 23.35"
"13,10 : 45.62"
"13,11 : 13.42"
"13,12 : 24.6"
"13,13 : 0.0"
"13,14 : 31.24"
"13,15 : 19.42"
"13,16 : 18.03"
"13,17 : 10.77"
"13,18 : 37.58"
"13,19 : 23.77"
"13,20 : 21.59"
"13,21 : 14.04"
"13,22 : 41.05"
"13,23 : 18.36"
"13,24 : 23.09"
"13,25 : 12.0"
"13,26 : 32.28"
"13,27 : 26.93"
"13,28 : 40.11"
"13,29 : 36.69"
"13,30 : 14.21"
"13,31 : 39.05"
"13,32 : 29.21"
"13,33 : 22.02"
"13,34 : 42.11"
"13,35 : 22.2"
"13,36 : 39.66"
"13,37 : 45.22"
"13,38 : 32.98"
"13,39 : 27.8"
"13,40 : 34.13"
"13,41 : 31.06"
"13,42 : 25.08"
"13,43 : 36.4"
"13,44 : 32.25"
"13,45 : 44.27"
"13,46 : 23.02"
"13,47 : 34.93"
"13,48 : 41.79"
"13,49 : 34.71"
"13,50 : 11.18"
"13,51 : 21.38"
"13,52 : 4.47"
"13,53 : 5.0"
"13,54 : 43.01"
"13,55 : 36.69"
"13,56 : 32.8"
"13,57 : 48.26"
"13,58 : 16.28"
"13,59 : 10.0"
"13,60 : 11.05"
"13,61 : 40.5"
"13,62 : 23.35"
"13,63 : 9.0"
"13,64 : 44.27"
"13,65 : 34.41"
"13,66 : 29.55"
"13,67 : 27.07"
"13,68 : 14.56"
"13,69 : 19.8"
"13,70 : 10.0"
"13,71 : 37.34"
"13,72 : 14.21"
"13,73 : 47.85"
"13,74 : 25.0"
"13,75 : 36.67"
"13,76 : 26.25"
"13,77 : 30.48"
"13,78 : 34.21"
"13,79 : 36.14"
"13,80 : 42.54"
"13,81 : 5.0"
"13,82 : 27.02"
"13,83 : 23.35"
"13,84 : 41.01"
"13,85 : 32.28"
"13,86 : 50.77"
"13,87 : 34.83"
"13,88 : 38.64"
"13,89 : 16.64"
"13,90 : 20.1"
"13,91 : 43.42"
"13,92 : 16.12"
"13,93 : 5.39"
"13,94 : 5.1"
"13,95 : 37.54"
"13,96 : 46.87"
"13,97 : 19.92"
"13,98 : 23.19"
"13,99 : 30.89"
"14,0 : 43.57"
"14,1 : 15.3"
"14,2 : 18.87"
"14,3 : 11.18"
"14,4 : 34.54"
"14,5 : 17.46"
"14,6 : 7.81"
"14,7 : 19.7"
"14,8 : 17.03"
"14,9 : 20.22"
"14,10 : 17.0"
"14,11 : 28.64"
"14,12 : 13.15"
"14,13 : 31.24"
"14,14 : 0.0"
"14,15 : 24.52"
"14,16 : 44.42"
"14,17 : 41.04"
"14,18 : 10.77"
"14,19 : 52.43"
"14,20 : 50.22"
"14,21 : 41.05"
"14,22 : 27.8"
"14,23 : 15.52"
"14,24 : 50.25"
"14,25 : 25.3"
"14,26 : 29.83"
"14,27 : 44.15"
"14,28 : 23.35"
"14,29 : 32.89"
"14,30 : 34.44"
"14,31 : 7.81"
"14,32 : 43.42"
"14,33 : 34.71"
"14,34 : 24.76"
"14,35 : 17.12"
"14,36 : 42.95"
"14,37 : 38.95"
"14,38 : 14.42"
"14,39 : 37.05"
"14,40 : 38.33"
"14,41 : 23.09"
"14,42 : 22.56"
"14,43 : 14.87"
"14,44 : 17.89"
"14,45 : 38.47"
"14,46 : 48.76"
"14,47 : 34.93"
"14,48 : 15.81"
"14,49 : 6.08"
"14,50 : 35.51"
"14,51 : 24.19"
"14,52 : 29.73"
"14,53 : 30.48"
"14,54 : 12.08"
"14,55 : 14.21"
"14,56 : 40.05"
"14,57 : 17.46"
"14,58 : 21.38"
"14,59 : 32.31"
"14,60 : 38.6"
"14,61 : 15.23"
"14,62 : 8.54"
"14,63 : 26.4"
"14,64 : 38.47"
"14,65 : 40.2"
"14,66 : 8.54"
"14,67 : 26.93"
"14,68 : 18.87"
"14,69 : 11.66"
"14,70 : 24.41"
"14,71 : 34.79"
"14,72 : 17.49"
"14,73 : 19.03"
"14,74 : 20.02"
"14,75 : 9.85"
"14,76 : 7.0"
"14,77 : 5.0"
"14,78 : 41.11"
"14,79 : 15.56"
"14,80 : 39.92"
"14,81 : 30.48"
"14,82 : 41.59"
"14,83 : 16.03"
"14,84 : 25.5"
"14,85 : 13.04"
"14,86 : 20.25"
"14,87 : 42.11"
"14,88 : 19.1"
"14,89 : 16.16"
"14,90 : 45.65"
"14,91 : 23.6"
"14,92 : 37.58"
"14,93 : 30.02"
"14,94 : 27.46"
"14,95 : 6.4"
"14,96 : 16.16"
"14,97 : 26.48"
"14,98 : 27.17"
"14,99 : 11.4"
"15,0 : 22.2"
"15,1 : 12.04"
"15,2 : 9.43"
"15,3 : 29.43"
"15,4 : 19.7"
"15,5 : 37.44"
"15,6 : 18.0"
"15,7 : 28.02"
"15,8 : 27.73"
"15,9 : 30.89"
"15,10 : 32.56"
"15,11 : 7.28"
"15,12 : 27.2"
"15,13 : 19.42"
"15,14 : 24.52"
"15,15 : 0.0"
"15,16 : 22.8"
"15,17 : 23.77"
"15,18 : 25.0"
"15,19 : 31.4"
"15,20 : 29.41"
"15,21 : 20.59"
"15,22 : 22.09"
"15,23 : 22.36"
"15,24 : 28.32"
"15,25 : 24.84"
"15,26 : 13.0"
"15,27 : 19.65"
"15,28 : 22.14"
"15,29 : 17.46"
"15,30 : 12.21"
"15,31 : 31.02"
"15,32 : 19.03"
"15,33 : 10.2"
"15,34 : 24.04"
"15,35 : 7.62"
"15,36 : 22.8"
"15,37 : 26.0"
"15,38 : 17.69"
"15,39 : 13.34"
"15,40 : 17.2"
"15,41 : 12.17"
"15,42 : 33.62"
"15,43 : 21.26"
"15,44 : 15.26"
"15,45 : 25.08"
"15,46 : 26.17"
"15,47 : 16.4"
"15,48 : 27.59"
"15,49 : 30.27"
"15,50 : 15.23"
"15,51 : 2.0"
"15,52 : 15.13"
"15,53 : 15.03"
"15,54 : 33.12"
"15,55 : 21.93"
"15,56 : 17.46"
"15,57 : 37.44"
"15,58 : 25.61"
"15,59 : 27.73"
"15,60 : 19.31"
"15,61 : 26.17"
"15,62 : 21.21"
"15,63 : 23.02"
"15,64 : 25.08"
"15,65 : 18.36"
"15,66 : 17.89"
"15,67 : 37.44"
"15,68 : 9.43"
"15,69 : 18.68"
"15,70 : 9.85"
"15,71 : 18.36"
"15,72 : 18.03"
"15,73 : 34.66"
"15,74 : 7.21"
"15,75 : 24.41"
"15,76 : 24.08"
"15,77 : 27.02"
"15,78 : 18.79"
"15,79 : 20.62"
"15,80 : 23.85"
"15,81 : 15.03"
"15,82 : 17.12"
"15,83 : 8.94"
"15,84 : 22.56"
"15,85 : 17.69"
"15,86 : 39.2"
"15,87 : 19.7"
"15,88 : 21.95"
"15,89 : 20.59"
"15,90 : 23.35"
"15,91 : 26.0"
"15,92 : 14.87"
"15,93 : 22.85"
"15,94 : 20.12"
"15,95 : 30.36"
"15,96 : 36.06"
"15,97 : 2.0"
"15,98 : 34.83"
"15,99 : 31.26"
"16,0 : 1.0"
"16,1 : 34.71"
"16,2 : 25.55"
"16,3 : 44.92"
"16,4 : 36.5"
"16,5 : 59.55"
"16,6 : 36.72"
"16,7 : 50.8"
"16,8 : 39.46"
"16,9 : 41.11"
"16,10 : 55.17"
"16,11 : 16.28"
"16,12 : 41.23"
"16,13 : 18.03"
"16,14 : 44.42"
"16,15 : 22.8"
"16,16 : 0.0"
"16,17 : 9.43"
"16,18 : 47.38"
"16,19 : 8.6"
"16,20 : 6.71"
"16,21 : 4.0"
"16,22 : 43.08"
"16,23 : 34.93"
"16,24 : 5.83"
"16,25 : 30.02"
"16,26 : 31.32"
"16,27 : 13.93"
"16,28 : 44.29"
"16,29 : 34.71"
"16,30 : 10.63"
"16,31 : 51.87"
"16,32 : 17.72"
"16,33 : 16.49"
"16,34 : 46.07"
"16,35 : 29.7"
"16,36 : 32.25"
"16,37 : 42.19"
"16,38 : 40.46"
"16,39 : 21.02"
"16,40 : 28.0"
"16,41 : 34.0"
"16,42 : 43.01"
"16,43 : 44.05"
"16,44 : 38.01"
"16,45 : 41.19"
"16,46 : 5.0"
"16,47 : 31.26"
"16,48 : 50.33"
"16,49 : 49.19"
"16,50 : 8.94"
"16,51 : 24.41"
"16,52 : 16.28"
"16,53 : 15.3"
"16,54 : 54.82"
"16,55 : 44.69"
"16,56 : 25.08"
"16,57 : 59.55"
"16,58 : 34.06"
"16,59 : 26.93"
"16,60 : 7.0"
"16,61 : 48.92"
"16,62 : 38.08"
"16,63 : 27.02"
"16,64 : 41.19"
"16,65 : 27.07"
"16,66 : 39.7"
"16,67 : 45.1"
"16,68 : 25.55"
"16,69 : 34.54"
"16,70 : 20.12"
"16,71 : 34.37"
"16,72 : 30.08"
"16,73 : 57.31"
"16,74 : 30.0"
"16,75 : 46.69"
"16,76 : 41.23"
"16,77 : 45.19"
"16,78 : 26.17"
"16,79 : 43.42"
"16,80 : 38.01"
"16,81 : 15.3"
"16,82 : 16.28"
"16,83 : 31.11"
"16,84 : 44.28"
"16,85 : 40.36"
"16,86 : 61.55"
"16,87 : 26.31"
"16,88 : 44.65"
"16,89 : 32.98"
"16,90 : 2.24"
"16,91 : 48.37"
"16,92 : 8.06"
"16,93 : 23.19"
"16,94 : 23.0"
"16,95 : 50.77"
"16,96 : 58.14"
"16,97 : 21.63"
"16,98 : 41.19"
"16,99 : 47.13"
"17,0 : 8.6"
"17,1 : 34.44"
"17,2 : 22.8"
"17,3 : 39.36"
"17,4 : 41.05"
"17,5 : 57.49"
"17,6 : 33.24"
"17,7 : 50.99"
"17,8 : 32.89"
"17,9 : 33.96"
"17,10 : 54.08"
"17,11 : 16.49"
"17,12 : 35.34"
"17,13 : 10.77"
"17,14 : 41.04"
"17,15 : 23.77"
"17,16 : 9.43"
"17,17 : 0.0"
"17,18 : 46.04"
"17,19 : 13.15"
"17,20 : 11.05"
"17,21 : 6.4"
"17,22 : 45.71"
"17,23 : 29.07"
"17,24 : 13.15"
"17,25 : 22.36"
"17,26 : 35.01"
"17,27 : 22.2"
"17,28 : 45.88"
"17,29 : 39.01"
"17,30 : 13.04"
"17,31 : 48.8"
"17,32 : 25.55"
"17,33 : 21.38"
"17,34 : 47.8"
"17,35 : 29.07"
"17,36 : 38.9"
"17,37 : 47.17"
"17,38 : 40.25"
"17,39 : 26.93"
"17,40 : 33.96"
"17,41 : 35.9"
"17,42 : 35.51"
"17,43 : 43.83"
"17,44 : 38.63"
"17,45 : 46.17"
"17,46 : 13.93"
"17,47 : 36.22"
"17,48 : 49.74"
"17,49 : 45.0"
"17,50 : 9.0"
"17,51 : 25.71"
"17,52 : 11.31"
"17,53 : 10.63"
"17,54 : 52.4"
"17,55 : 44.29"
"17,56 : 31.62"
"17,57 : 57.49"
"17,58 : 26.93"
"17,59 : 18.11"
"17,60 : 5.1"
"17,61 : 48.37"
"17,62 : 33.6"
"17,63 : 19.42"
"17,64 : 46.17"
"17,65 : 33.53"
"17,66 : 38.01"
"17,67 : 37.05"
"17,68 : 22.8"
"17,69 : 30.0"
"17,70 : 17.2"
"17,71 : 39.12"
"17,72 : 24.7"
"17,73 : 56.3"
"17,74 : 30.68"
"17,75 : 45.22"
"17,76 : 36.62"
"17,77 : 40.8"
"17,78 : 32.89"
"17,79 : 43.38"
"17,80 : 43.57"
"17,81 : 10.63"
"17,82 : 23.71"
"17,83 : 30.41"
"17,84 : 46.32"
"17,85 : 39.82"
"17,86 : 59.82"
"17,87 : 33.24"
"17,88 : 45.31"
"17,89 : 27.29"
"17,90 : 11.66"
"17,91 : 49.65"
"17,92 : 12.65"
"17,93 : 15.13"
"17,94 : 15.81"
"17,95 : 47.42"
"17,96 : 56.08"
"17,97 : 23.35"
"17,98 : 33.02"
"17,99 : 41.59"
"18,0 : 46.67"
"18,1 : 13.04"
"18,2 : 23.32"
"18,3 : 21.93"
"18,4 : 28.16"
"18,5 : 12.53"
"18,6 : 15.13"
"18,7 : 8.94"
"18,8 : 27.46"
"18,9 : 30.81"
"18,10 : 8.06"
"18,11 : 31.11"
"18,12 : 23.77"
"18,13 : 37.58"
"18,14 : 10.77"
"18,15 : 25.0"
"18,16 : 47.38"
"18,17 : 46.04"
"18,18 : 0.0"
"18,19 : 55.87"
"18,20 : 53.76"
"18,21 : 44.6"
"18,22 : 19.31"
"18,23 : 25.0"
"18,24 : 53.08"
"18,25 : 34.23"
"18,26 : 25.18"
"18,27 : 43.83"
"18,28 : 14.32"
"18,29 : 27.02"
"18,30 : 36.8"
"18,31 : 9.85"
"18,32 : 42.15"
"18,33 : 34.48"
"18,34 : 15.26"
"18,35 : 17.69"
"18,36 : 38.01"
"18,37 : 31.32"
"18,38 : 8.25"
"18,39 : 35.11"
"18,40 : 34.37"
"18,41 : 18.25"
"18,42 : 33.24"
"18,43 : 6.08"
"18,44 : 12.17"
"18,45 : 31.05"
"18,46 : 51.09"
"18,47 : 30.07"
"18,48 : 5.1"
"18,49 : 14.87"
"18,50 : 38.95"
"18,51 : 23.85"
"18,52 : 34.99"
"18,53 : 35.51"
"18,54 : 9.06"
"18,55 : 5.1"
"18,56 : 36.88"
"18,57 : 12.53"
"18,58 : 31.0"
"18,59 : 40.79"
"18,60 : 42.64"
"18,61 : 4.47"
"18,62 : 18.03"
"18,63 : 34.71"
"18,64 : 31.05"
"18,65 : 36.5"
"18,66 : 8.06"
"18,67 : 37.64"
"18,68 : 23.32"
"18,69 : 20.1"
"18,70 : 28.84"
"18,71 : 29.02"
"18,72 : 25.5"
"18,73 : 10.3"
"18,74 : 18.36"
"18,75 : 1.0"
"18,76 : 17.46"
"18,77 : 15.65"
"18,78 : 37.66"
"18,79 : 7.07"
"18,80 : 33.38"
"18,81 : 35.51"
"18,82 : 40.72"
"18,83 : 16.28"
"18,84 : 16.55"
"18,85 : 7.62"
"18,86 : 14.21"
"18,87 : 38.64"
"18,88 : 9.85"
"18,89 : 25.08"
"18,90 : 48.17"
"18,91 : 13.45"
"18,92 : 39.7"
"18,93 : 37.64"
"18,94 : 34.79"
"18,95 : 10.82"
"18,96 : 11.18"
"18,97 : 26.63"
"18,98 : 37.66"
"18,99 : 21.95"
"19,0 : 9.22"
"19,1 : 43.28"
"19,2 : 33.6"
"19,3 : 52.0"
"19,4 : 44.38"
"19,5 : 67.94"
"19,6 : 44.65"
"19,7 : 59.41"
"19,8 : 45.88"
"19,9 : 47.07"
"19,10 : 63.7"
"19,11 : 24.76"
"19,12 : 48.1"
"19,13 : 23.77"
"19,14 : 52.43"
"19,15 : 31.4"
"19,16 : 8.6"
"19,17 : 13.15"
"19,18 : 55.87"
"19,19 : 0.0"
"19,20 : 2.24"
"19,21 : 11.4"
"19,22 : 51.48"
"19,23 : 41.79"
"19,24 : 4.0"
"19,25 : 35.51"
"19,26 : 39.56"
"19,27 : 20.0"
"19,28 : 52.84"
"19,29 : 42.72"
"19,30 : 19.21"
"19,31 : 60.0"
"19,32 : 24.0"
"19,33 : 24.7"
"19,34 : 54.59"
"19,35 : 38.21"
"19,36 : 39.01"
"19,37 : 49.82"
"19,38 : 49.04"
"19,39 : 28.64"
"19,40 : 35.36"
"19,41 : 42.54"
"19,42 : 48.66"
"19,43 : 52.63"
"19,44 : 46.62"
"19,45 : 48.84"
"19,46 : 7.0"
"19,47 : 39.05"
"19,48 : 58.9"
"19,49 : 56.94"
"19,50 : 17.03"
"19,51 : 33.02"
"19,52 : 23.26"
"19,53 : 22.36"
"19,54 : 63.13"
"19,55 : 53.26"
"19,56 : 32.14"
"19,57 : 67.94"
"19,58 : 40.02"
"19,59 : 31.0"
"19,60 : 13.89"
"19,61 : 57.49"
"19,62 : 45.65"
"19,63 : 32.56"
"19,64 : 48.84"
"19,65 : 34.13"
"19,66 : 48.1"
"19,67 : 50.16"
"19,68 : 33.6"
"19,69 : 42.06"
"19,70 : 28.02"
"19,71 : 42.2"
"19,72 : 37.16"
"19,73 : 65.86"
"19,74 : 38.6"
"19,75 : 55.15"
"19,76 : 48.76"
"19,77 : 52.84"
"19,78 : 33.06"
"19,79 : 52.01"
"19,80 : 45.4"
"19,81 : 22.36"
"19,82 : 23.09"
"19,83 : 39.62"
"19,84 : 52.77"
"19,85 : 48.92"
"19,86 : 70.01"
"19,87 : 33.02"
"19,88 : 53.25"
"19,89 : 39.92"
"19,90 : 8.54"
"19,91 : 56.94"
"19,92 : 16.64"
"19,93 : 28.28"
"19,94 : 28.86"
"19,95 : 58.82"
"19,96 : 66.53"
"19,97 : 30.23"
"19,98 : 46.1"
"19,99 : 54.23"
"20,0 : 7.21"
"20,1 : 41.23"
"20,2 : 31.4"
"20,3 : 49.77"
"20,4 : 42.95"
"20,5 : 65.8"
"20,6 : 42.44"
"20,7 : 57.43"
"20,8 : 43.68"
"20,9 : 44.91"
"20,10 : 61.62"
"20,11 : 22.67"
"20,12 : 45.88"
"20,13 : 21.59"
"20,14 : 50.22"
"20,15 : 29.41"
"20,16 : 6.71"
"20,17 : 11.05"
"20,18 : 53.76"
"20,19 : 2.24"
"20,20 : 0.0"
"20,21 : 9.22"
"20,22 : 49.77"
"20,23 : 39.56"
"20,24 : 3.61"
"20,25 : 33.38"
"20,26 : 37.95"
"20,27 : 19.1"
"20,28 : 51.0"
"20,29 : 41.23"
"20,30 : 17.2"
"20,31 : 57.8"
"20,32 : 23.09"
"20,33 : 23.09"
"20,34 : 52.77"
"20,35 : 36.12"
"20,36 : 38.01"
"20,37 : 48.51"
"20,38 : 47.01"
"20,39 : 27.29"
"20,40 : 34.13"
"20,41 : 40.71"
"20,42 : 46.53"
"20,43 : 50.61"
"20,44 : 44.65"
"20,45 : 47.52"
"20,46 : 6.32"
"20,47 : 37.66"
"20,48 : 56.85"
"20,49 : 54.71"
"20,50 : 14.87"
"20,51 : 31.06"
"20,52 : 21.02"
"20,53 : 20.12"
"20,54 : 60.96"
"20,55 : 51.22"
"20,56 : 31.02"
"20,57 : 65.8"
"20,58 : 37.85"
"20,59 : 29.02"
"20,60 : 11.66"
"20,61 : 55.44"
"20,62 : 43.42"
"20,63 : 30.41"
"20,64 : 47.52"
"20,65 : 33.02"
"20,66 : 45.97"
"20,67 : 48.09"
"20,68 : 31.4"
"20,69 : 39.82"
"20,70 : 25.81"
"20,71 : 40.79"
"20,72 : 34.93"
"20,73 : 63.78"
"20,74 : 36.62"
"20,75 : 53.04"
"20,76 : 46.53"
"20,77 : 50.61"
"20,78 : 32.0"
"20,79 : 50.0"
"20,80 : 44.18"
"20,81 : 20.12"
"20,82 : 22.0"
"20,83 : 37.54"
"20,84 : 50.99"
"20,85 : 46.86"
"20,86 : 67.88"
"20,87 : 32.02"
"20,88 : 51.31"
"20,89 : 37.7"
"20,90 : 7.07"
"20,91 : 55.07"
"20,92 : 14.76"
"20,93 : 26.17"
"20,94 : 26.68"
"20,95 : 56.61"
"20,96 : 64.38"
"20,97 : 28.3"
"20,98 : 44.05"
"20,99 : 52.0"
"21,0 : 3.0"
"21,1 : 32.2"
"21,2 : 22.2"
"21,3 : 41.11"
"21,4 : 36.06"
"21,5 : 56.59"
"21,6 : 33.29"
"21,7 : 48.55"
"21,8 : 35.51"
"21,9 : 37.12"
"21,10 : 52.5"
"21,11 : 13.6"
"21,12 : 37.36"
"21,13 : 14.04"
"21,14 : 41.05"
"21,15 : 20.59"
"21,16 : 4.0"
"21,17 : 6.4"
"21,18 : 44.6"
"21,19 : 11.4"
"21,20 : 9.22"
"21,21 : 0.0"
"21,22 : 41.76"
"21,23 : 31.05"
"21,24 : 9.49"
"21,25 : 26.02"
"21,26 : 30.41"
"21,27 : 15.81"
"21,28 : 42.54"
"21,29 : 34.13"
"21,30 : 8.54"
"21,31 : 48.6"
"21,32 : 19.24"
"21,33 : 16.0"
"21,34 : 44.38"
"21,35 : 27.02"
"21,36 : 32.98"
"21,37 : 42.0"
"21,38 : 38.01"
"21,39 : 21.21"
"21,40 : 28.28"
"21,41 : 32.31"
"21,42 : 39.01"
"21,43 : 41.62"
"21,44 : 35.85"
"21,45 : 41.0"
"21,46 : 9.0"
"21,47 : 31.0"
"21,48 : 47.8"
"21,49 : 45.65"
"21,50 : 5.66"
"21,51 : 22.36"
"21,52 : 12.37"
"21,53 : 11.4"
"21,54 : 51.74"
"21,55 : 42.2"
"21,56 : 25.71"
"21,57 : 56.59"
"21,58 : 30.07"
"21,59 : 23.09"
"21,60 : 3.0"
"21,61 : 46.4"
"21,62 : 34.44"
"21,63 : 23.02"
"21,64 : 41.0"
"21,65 : 27.66"
"21,66 : 36.77"
"21,67 : 41.11"
"21,68 : 22.2"
"21,69 : 30.87"
"21,70 : 16.64"
"21,71 : 34.01"
"21,72 : 26.25"
"21,73 : 54.67"
"21,74 : 27.78"
"21,75 : 43.86"
"21,76 : 37.58"
"21,77 : 41.59"
"21,78 : 26.93"
"21,79 : 41.05"
"21,80 : 38.12"
"21,81 : 11.4"
"21,82 : 17.46"
"21,83 : 28.43"
"21,84 : 42.72"
"21,85 : 37.8"
"21,86 : 58.69"
"21,87 : 27.2"
"21,88 : 42.54"
"21,89 : 29.12"
"21,90 : 6.08"
"21,91 : 46.52"
"21,92 : 7.0"
"21,93 : 19.24"
"21,94 : 19.0"
"21,95 : 47.43"
"21,96 : 55.17"
"21,97 : 19.7"
"21,98 : 37.22"
"21,99 : 43.32"
"22,0 : 42.72"
"22,1 : 15.65"
"22,2 : 27.66"
"22,3 : 38.18"
"22,4 : 10.77"
"22,5 : 29.02"
"22,6 : 27.2"
"22,7 : 14.04"
"22,8 : 41.05"
"22,9 : 44.65"
"22,10 : 22.0"
"22,11 : 29.27"
"22,12 : 38.42"
"22,13 : 41.05"
"22,14 : 27.8"
"22,15 : 22.09"
"22,16 : 43.08"
"22,17 : 45.71"
"22,18 : 19.31"
"22,19 : 51.48"
"22,20 : 49.77"
"22,21 : 41.76"
"22,22 : 0.0"
"22,23 : 36.72"
"22,24 : 47.85"
"22,25 : 43.32"
"22,26 : 12.21"
"22,27 : 34.21"
"22,28 : 5.1"
"22,29 : 10.82"
"22,30 : 33.24"
"22,31 : 29.15"
"22,32 : 31.14"
"22,33 : 26.83"
"22,34 : 5.1"
"22,35 : 19.65"
"22,36 : 21.54"
"22,37 : 12.17"
"22,38 : 13.45"
"22,39 : 24.21"
"22,40 : 20.0"
"22,41 : 10.0"
"22,42 : 47.43"
"22,43 : 13.42"
"22,44 : 10.82"
"22,45 : 12.04"
"22,46 : 45.18"
"22,47 : 15.0"
"22,48 : 17.12"
"22,49 : 33.29"
"22,50 : 36.88"
"22,51 : 20.1"
"22,52 : 37.0"
"22,53 : 37.01"
"22,54 : 27.66"
"22,55 : 14.32"
"22,56 : 23.43"
"22,57 : 29.02"
"22,58 : 42.05"
"22,59 : 48.05"
"22,60 : 41.0"
"22,61 : 16.28"
"22,62 : 31.4"
"22,63 : 42.45"
"22,64 : 12.04"
"22,65 : 22.2"
"22,66 : 19.8"
"22,67 : 51.87"
"22,68 : 27.66"
"22,69 : 31.38"
"22,70 : 31.06"
"22,71 : 12.53"
"22,72 : 34.54"
"22,73 : 23.09"
"22,74 : 16.12"
"22,75 : 19.7"
"22,76 : 32.56"
"22,77 : 32.65"
"22,78 : 23.6"
"22,79 : 12.53"
"22,80 : 15.13"
"22,81 : 37.01"
"22,82 : 30.61"
"22,83 : 18.97"
"22,84 : 3.0"
"22,85 : 14.87"
"22,86 : 29.07"
"22,87 : 24.41"
"22,88 : 9.49"
"22,89 : 35.78"
"22,90 : 42.95"
"22,91 : 8.25"
"22,92 : 35.11"
"22,93 : 43.57"
"22,94 : 40.61"
"22,95 : 29.97"
"22,96 : 28.07"
"22,97 : 22.36"
"22,98 : 50.61"
"22,99 : 38.95"
"23,0 : 33.96"
"23,1 : 21.1"
"23,2 : 13.0"
"23,3 : 10.3"
"23,4 : 39.6"
"23,5 : 32.89"
"23,6 : 10.2"
"23,7 : 33.24"
"23,8 : 5.39"
"23,9 : 8.6"
"23,10 : 32.25"
"23,11 : 22.2"
"23,12 : 6.32"
"23,13 : 18.36"
"23,14 : 15.52"
"23,15 : 22.36"
"23,16 : 34.93"
"23,17 : 29.07"
"23,18 : 25.0"
"23,19 : 41.79"
"23,20 : 39.56"
"23,21 : 31.05"
"23,22 : 36.72"
"23,23 : 0.0"
"23,24 : 40.52"
"23,25 : 9.85"
"23,26 : 33.3"
"23,27 : 39.32"
"23,28 : 33.62"
"23,29 : 37.48"
"23,30 : 27.0"
"23,31 : 22.85"
"23,32 : 40.02"
"23,33 : 31.05"
"23,34 : 35.47"
"23,35 : 18.38"
"23,36 : 44.94"
"23,37 : 45.34"
"23,38 : 24.35"
"23,39 : 35.47"
"23,40 : 39.45"
"23,41 : 28.43"
"23,42 : 11.4"
"23,43 : 26.68"
"23,44 : 25.94"
"23,45 : 44.6"
"23,46 : 39.81"
"23,47 : 37.8"
"23,48 : 30.02"
"23,49 : 17.2"
"23,50 : 26.31"
"23,51 : 23.32"
"23,52 : 18.68"
"23,53 : 19.65"
"23,54 : 27.51"
"23,55 : 26.48"
"23,56 : 39.81"
"23,57 : 32.89"
"23,58 : 6.0"
"23,59 : 17.0"
"23,60 : 28.16"
"23,61 : 29.07"
"23,62 : 7.07"
"23,63 : 11.4"
"23,64 : 44.6"
"23,65 : 40.71"
"23,66 : 18.44"
"23,67 : 15.56"
"23,68 : 13.0"
"23,69 : 5.39"
"23,70 : 16.03"
"23,71 : 38.95"
"23,72 : 5.0"
"23,73 : 34.37"
"23,74 : 22.63"
"23,75 : 24.0"
"23,76 : 8.94"
"23,77 : 13.04"
"23,78 : 41.15"
"23,79 : 26.93"
"23,80 : 44.6"
"23,81 : 19.65"
"23,82 : 37.85"
"23,83 : 18.44"
"23,84 : 35.34"
"23,85 : 23.09"
"23,86 : 35.74"
"23,87 : 42.05"
"23,88 : 30.36"
"23,89 : 2.0"
"23,90 : 36.67"
"23,91 : 35.44"
"23,92 : 30.02"
"23,93 : 15.56"
"23,94 : 13.6"
"23,95 : 21.02"
"23,96 : 31.62"
"23,97 : 24.17"
"23,98 : 13.89"
"23,99 : 12.53"
"24,0 : 6.71"
"24,1 : 40.31"
"24,2 : 31.38"
"24,3 : 50.6"
"24,4 : 40.52"
"24,5 : 65.3"
"24,6 : 42.54"
"24,7 : 56.22"
"24,8 : 44.91"
"24,9 : 46.39"
"24,10 : 60.81"
"24,11 : 22.02"
"24,12 : 46.84"
"24,13 : 23.09"
"24,14 : 50.25"
"24,15 : 28.32"
"24,16 : 5.83"
"24,17 : 13.15"
"24,18 : 53.08"
"24,19 : 4.0"
"24,20 : 3.61"
"24,21 : 9.49"
"24,22 : 47.85"
"24,23 : 40.52"
"24,24 : 0.0"
"24,25 : 35.06"
"24,26 : 35.85"
"24,27 : 16.0"
"24,28 : 49.4"
"24,29 : 38.9"
"24,30 : 16.28"
"24,31 : 57.69"
"24,32 : 20.0"
"24,33 : 21.02"
"24,34 : 51.11"
"24,35 : 35.38"
"24,36 : 35.01"
"24,37 : 45.89"
"24,38 : 46.01"
"24,39 : 24.74"
"24,40 : 31.4"
"24,41 : 39.12"
"24,42 : 48.17"
"24,43 : 49.58"
"24,44 : 43.42"
"24,45 : 44.91"
"24,46 : 3.0"
"24,47 : 35.17"
"24,48 : 55.9"
"24,49 : 55.01"
"24,50 : 14.76"
"24,51 : 29.83"
"24,52 : 21.84"
"24,53 : 20.88"
"24,54 : 60.61"
"24,55 : 50.25"
"24,56 : 28.16"
"24,57 : 65.3"
"24,58 : 39.32"
"24,59 : 31.26"
"24,60 : 12.37"
"24,61 : 54.49"
"24,62 : 43.86"
"24,63 : 32.06"
"24,64 : 44.91"
"24,65 : 30.15"
"24,66 : 45.45"
"24,67 : 50.0"
"24,68 : 31.38"
"24,69 : 40.31"
"24,70 : 25.94"
"24,71 : 38.33"
"24,72 : 35.74"
"24,73 : 62.94"
"24,74 : 35.47"
"24,75 : 52.4"
"24,76 : 47.01"
"24,77 : 50.99"
"24,78 : 29.07"
"24,79 : 48.92"
"24,80 : 41.44"
"24,81 : 20.88"
"24,82 : 19.1"
"24,83 : 36.8"
"24,84 : 49.24"
"24,85 : 45.97"
"24,86 : 67.27"
"24,87 : 29.02"
"24,88 : 50.0"
"24,89 : 38.6"
"24,90 : 5.0"
"24,91 : 53.54"
"24,92 : 13.45"
"24,93 : 28.0"
"24,94 : 28.16"
"24,95 : 56.6"
"24,96 : 63.89"
"24,97 : 27.02"
"24,98 : 46.01"
"24,99 : 52.81"
"25,0 : 29.02"
"25,1 : 27.89"
"25,2 : 16.12"
"25,3 : 19.1"
"25,4 : 44.1"
"25,5 : 42.72"
"25,6 : 19.1"
"25,7 : 42.0"
"25,8 : 11.4"
"25,9 : 11.7"
"25,10 : 41.77"
"25,11 : 21.63"
"25,12 : 14.87"
"25,13 : 12.0"
"25,14 : 25.3"
"25,15 : 24.84"
"25,16 : 30.02"
"25,17 : 22.36"
"25,18 : 34.23"
"25,19 : 35.51"
"25,20 : 33.38"
"25,21 : 26.02"
"25,22 : 43.32"
"25,23 : 9.85"
"25,24 : 35.06"
"25,25 : 0.0"
"25,26 : 37.44"
"25,27 : 37.7"
"25,28 : 41.0"
"25,29 : 41.88"
"25,30 : 24.7"
"25,31 : 32.7"
"25,32 : 39.36"
"25,33 : 31.06"
"25,34 : 42.95"
"25,35 : 23.77"
"25,36 : 47.38"
"25,37 : 50.25"
"25,38 : 32.25"
"25,39 : 36.4"
"25,40 : 41.73"
"25,41 : 34.01"
"25,42 : 13.15"
"25,43 : 35.06"
"25,44 : 32.98"
"25,45 : 49.4"
"25,46 : 35.01"
"25,47 : 41.23"
"25,48 : 39.12"
"25,49 : 26.93"
"25,50 : 22.56"
"25,51 : 26.4"
"25,52 : 14.56"
"25,53 : 15.52"
"25,54 : 37.34"
"25,55 : 35.01"
"25,56 : 41.23"
"25,57 : 42.72"
"25,58 : 5.0"
"25,59 : 7.21"
"25,60 : 23.02"
"25,61 : 38.05"
"25,62 : 16.76"
"25,63 : 3.0"
"25,64 : 49.4"
"25,65 : 42.52"
"25,66 : 27.0"
"25,67 : 15.13"
"25,68 : 16.12"
"25,69 : 14.14"
"25,70 : 15.62"
"25,71 : 43.01"
"25,72 : 9.06"
"25,73 : 43.93"
"25,74 : 27.73"
"25,75 : 33.24"
"25,76 : 18.79"
"25,77 : 22.83"
"25,78 : 42.64"
"25,79 : 35.13"
"25,80 : 48.6"
"25,81 : 15.52"
"25,82 : 37.12"
"25,83 : 24.35"
"25,84 : 42.45"
"25,85 : 31.14"
"25,86 : 45.54"
"25,87 : 43.42"
"25,88 : 38.33"
