x,y
13,49
12,31
35,33
23,15
5,11
10,10
41,7
29,16
20,39
42,49
11,41
21,8
31,6
26,6
20,19
49,0
33,32
16,6
40,11
35,3
46,12
35,35
35,23
49,43
4,16
32,8
22,21
44,7
1,6
4,42
15,22
14,11
16,31
8,28
1,9
40,12
31,20
5,16
3,23
26,14
41,34
50,2
49,50
20,1
24,49
25,34
31,49
20,35
20,1
2,28
45,50
2,17
13,1
25,28
26,17
4,28
18,36
45,37
8,0
9,24
20,48
44,33
23,50
5,25
29,4
11,8
20,39
8,15
0,33
38,1
46,25
17,23
20,6
32,18
17,14
4,24
18,8
37,31
31,2
38,47
25,22
49,21
34,19
1,50
15,23
9,7
28,21
21,8
7,15
9,1
14,39
14,34
7,24
39,31
9,45
0,22
44,44
14,9
19,0
6,14

Distanze
"0,0 : 0.0"
"0,1 : 34.01"
"0,2 : 11.18"
"0,3 : 28.16"
"0,4 : 9.06"
"0,5 : 35.78"
"0,6 : 43.83"
"0,7 : 22.47"
"0,8 : 35.01"
"0,9 : 37.22"
"0,10 : 21.21"
"0,11 : 20.12"
"0,12 : 34.54"
"0,13 : 30.68"
"0,14 : 26.02"
"0,15 : 17.2"
"0,16 : 29.97"
"0,17 : 45.19"
"0,18 : 17.49"
"0,19 : 25.32"
"0,20 : 41.15"
"0,21 : 31.78"
"0,22 : 36.88"
"0,23 : 45.61"
"0,24 : 54.82"
"0,25 : 8.06"
"0,26 : 13.42"
"0,27 : 7.21"
"0,28 : 54.82"
"0,29 : 47.89"
"0,30 : 9.43"
"0,31 : 9.22"
"0,32 : 27.02"
"0,33 : 34.41"
"0,34 : 24.33"
"0,35 : 22.8"
"0,36 : 53.41"
"0,37 : 37.48"
"0,38 : 29.12"
"0,39 : 30.08"
"0,40 : 19.24"
"0,41 : 41.59"
"0,42 : 12.53"
"0,43 : 13.93"
"0,44 : 23.09"
"0,45 : 20.25"
"0,46 : 14.87"
"0,47 : 26.17"
"0,48 : 23.09"
"0,49 : 4.47"
"0,50 : 55.23"
"0,51 : 30.08"
"0,52 : 24.76"
"0,53 : 19.31"
"0,54 : 35.23"
"0,55 : 34.23"
"0,56 : 48.6"
"0,57 : 23.85"
"0,58 : 16.76"
"0,59 : 49.5"
"0,60 : 26.25"
"0,61 : 26.02"
"0,62 : 38.59"
"0,63 : 45.61"
"0,64 : 32.76"
"0,65 : 27.59"
"0,66 : 46.23"
"0,67 : 34.23"
"0,68 : 28.02"
"0,69 : 44.41"
"0,70 : 35.85"
"0,71 : 45.28"
"0,72 : 12.65"
"0,73 : 19.85"
"0,74 : 29.27"
"0,75 : 10.44"
"0,76 : 17.26"
"0,77 : 23.71"
"0,78 : 41.77"
"0,79 : 12.53"
"0,80 : 32.39"
"0,81 : 28.64"
"0,82 : 16.12"
"0,83 : 6.32"
"0,84 : 18.0"
"0,85 : 6.32"
"0,86 : 26.93"
"0,87 : 39.92"
"0,88 : 7.62"
"0,89 : 29.07"
"0,90 : 50.45"
"0,91 : 35.51"
"0,92 : 24.04"
"0,93 : 28.02"
"0,94 : 30.27"
"0,95 : 29.15"
"0,96 : 37.0"
"0,97 : 29.41"
"0,98 : 16.28"
"0,99 : 37.7"
"1,0 : 34.01"
"1,1 : 0.0"
"1,2 : 44.41"
"1,3 : 45.8"
"1,4 : 43.05"
"1,5 : 35.85"
"1,6 : 36.14"
"1,7 : 28.43"
"1,8 : 1.0"
"1,9 : 4.24"
"1,10 : 13.15"
"1,11 : 46.24"
"1,12 : 37.44"
"1,13 : 52.15"
"1,14 : 41.4"
"1,15 : 27.29"
"1,16 : 33.42"
"1,17 : 42.72"
"1,18 : 20.62"
"1,19 : 10.3"
"1,20 : 39.4"
"1,21 : 35.0"
"1,22 : 7.28"
"1,23 : 27.07"
"1,24 : 42.0"
"1,25 : 26.0"
"1,26 : 41.48"
"1,27 : 30.41"
"1,28 : 42.0"
"1,29 : 42.45"
"1,30 : 42.19"
"1,31 : 27.46"
"1,32 : 7.0"
"1,33 : 19.92"
"1,34 : 37.8"
"1,35 : 13.89"
"1,36 : 41.01"
"1,37 : 5.83"
"1,38 : 9.22"
"1,39 : 11.66"
"1,40 : 35.85"
"1,41 : 57.28"
"1,42 : 45.54"
"1,43 : 47.17"
"1,44 : 34.21"
"1,45 : 32.45"
"1,46 : 26.0"
"1,47 : 8.25"
"1,48 : 11.4"
"1,49 : 38.12"
"1,50 : 40.11"
"1,51 : 52.48"
"1,52 : 24.04"
"1,53 : 31.91"
"1,54 : 5.1"
"1,55 : 3.0"
"1,56 : 38.33"
"1,57 : 50.7"
"1,58 : 41.79"
"1,59 : 34.01"
"1,60 : 48.37"
"1,61 : 41.4"
"1,62 : 34.93"
"1,63 : 27.07"
"1,64 : 51.4"
"1,65 : 24.21"
"1,66 : 28.07"
"1,67 : 3.0"
"1,68 : 6.32"
"1,69 : 58.73"
"1,70 : 37.74"
"1,71 : 32.14"
"1,72 : 46.27"
"1,73 : 25.24"
"1,74 : 7.07"
"1,75 : 32.28"
"1,76 : 34.89"
"1,77 : 30.48"
"1,78 : 58.0"
"1,79 : 24.04"
"1,80 : 4.47"
"1,81 : 33.3"
"1,82 : 18.25"
"1,83 : 40.01"
"1,84 : 38.01"
"1,85 : 40.11"
"1,86 : 10.0"
"1,87 : 14.32"
"1,88 : 27.07"
"1,89 : 25.81"
"1,90 : 38.05"
"1,91 : 18.44"
"1,92 : 34.83"
"1,93 : 6.0"
"1,94 : 5.0"
"1,95 : 46.4"
"1,96 : 57.2"
"1,97 : 50.77"
"1,98 : 24.17"
"1,99 : 39.45"
"2,0 : 11.18"
"2,1 : 44.41"
"2,2 : 0.0"
"2,3 : 33.73"
"2,4 : 4.12"
"2,5 : 45.22"
"2,6 : 53.91"
"2,7 : 32.56"
"2,8 : 45.4"
"2,9 : 47.85"
"2,10 : 32.02"
"2,11 : 23.02"
"2,12 : 43.57"
"2,13 : 34.0"
"2,14 : 32.89"
"2,15 : 27.59"
"2,16 : 39.41"
"2,17 : 54.38"
"2,18 : 28.65"
"2,19 : 35.01"
"2,20 : 50.48"
"2,21 : 41.05"
"2,22 : 47.8"
"2,23 : 56.61"
"2,24 : 65.12"
"2,25 : 18.97"
"2,26 : 17.46"
"2,27 : 17.8"
"2,28 : 65.12"
"2,29 : 57.43"
"2,30 : 10.2"
"2,31 : 20.25"
"2,32 : 37.48"
"2,33 : 45.49"
"2,34 : 32.2"
"2,35 : 32.02"
"2,36 : 63.7"
"2,37 : 48.27"
"2,38 : 40.16"
"2,39 : 41.23"
"2,40 : 27.29"
"2,41 : 46.1"
"2,42 : 1.41"
"2,43 : 10.44"
"2,44 : 31.91"
"2,45 : 29.41"
"2,46 : 25.61"
"2,47 : 36.88"
"2,48 : 33.14"
"2,49 : 6.71"
"2,50 : 65.76"
"2,51 : 33.02"
"2,52 : 35.47"
"2,53 : 28.6"
"2,54 : 45.01"
"2,55 : 44.91"
"2,56 : 58.8"
"2,57 : 25.18"
"2,58 : 21.59"
"2,59 : 60.21"
"2,60 : 30.07"
"2,61 : 32.89"
"2,62 : 48.41"
"2,63 : 56.61"
"2,64 : 37.12"
"2,65 : 38.29"
"2,66 : 57.2"
"2,67 : 44.91"
"2,68 : 38.21"
"2,69 : 49.16"
"2,70 : 44.94"
"2,71 : 55.9"
"2,72 : 2.24"
"2,73 : 30.48"
"2,74 : 39.01"
"2,75 : 19.85"
"2,76 : 25.55"
"2,77 : 33.42"
"2,78 : 46.04"
"2,79 : 21.02"
"2,80 : 43.17"
"2,81 : 38.01"
"2,82 : 26.17"
"2,83 : 8.06"
"2,84 : 25.08"
"2,85 : 5.0"
"2,86 : 37.95"
"2,87 : 51.08"
"2,88 : 18.79"
"2,89 : 39.62"
"2,90 : 60.83"
"2,91 : 46.65"
"2,92 : 32.76"
"2,93 : 38.47"
"2,94 : 41.0"
"2,95 : 34.71"
"2,96 : 40.05"
"2,97 : 33.02"
"2,98 : 27.2"
"2,99 : 46.65"
"3,0 : 28.16"
"3,1 : 45.8"
"3,2 : 33.73"
"3,3 : 0.0"
"3,4 : 29.61"
"3,5 : 19.42"
"3,6 : 29.12"
"3,7 : 17.49"
"3,8 : 46.62"
"3,9 : 46.65"
"3,10 : 34.66"
"3,11 : 11.66"
"3,12 : 16.49"
"3,13 : 7.07"
"3,14 : 4.47"
"3,15 : 19.1"
"3,16 : 16.03"
"3,17 : 25.55"
"3,18 : 26.17"
"3,19 : 42.52"
"3,20 : 22.85"
"3,21 : 16.03"
"3,22 : 43.83"
"3,23 : 39.0"
"3,24 : 39.92"
"3,25 : 29.15"
"3,26 : 16.28"
"3,27 : 23.09"
"3,28 : 39.92"
"3,29 : 29.53"
"3,30 : 23.54"
"3,31 : 24.17"
"3,32 : 40.36"
"3,33 : 32.02"
"3,34 : 8.06"
"3,35 : 42.2"
"3,36 : 38.63"
"3,37 : 45.65"
"3,38 : 36.89"
"3,39 : 35.36"
"3,40 : 10.82"
"3,41 : 13.6"
"3,42 : 34.93"
"3,43 : 25.08"
"3,44 : 11.66"
"3,45 : 13.45"
"3,46 : 21.4"
"3,47 : 38.29"
"3,48 : 39.7"
"3,49 : 30.02"
"3,50 : 42.06"
"3,51 : 8.0"
"3,52 : 22.36"
"3,53 : 14.14"
"3,54 : 49.68"
"3,55 : 44.1"
"3,56 : 33.84"
"3,57 : 12.81"
"3,58 : 12.17"
"3,59 : 38.64"
"3,60 : 5.83"
"3,61 : 4.47"
"3,62 : 23.54"
"3,63 : 39.0"
"3,64 : 5.66"
"3,65 : 23.41"
"3,66 : 39.01"
"3,67 : 44.1"
"3,68 : 42.45"
"3,69 : 16.28"
"3,70 : 17.72"
"3,71 : 34.37"
"3,72 : 33.24"
"3,73 : 20.62"
"3,74 : 45.25"
"3,75 : 18.97"
"3,76 : 12.53"
"3,77 : 15.65"
"3,78 : 13.93"
"3,79 : 36.77"
"3,80 : 41.88"
"3,81 : 15.13"
"3,82 : 35.51"
"3,83 : 26.17"
"3,84 : 10.44"
"3,85 : 30.15"
"3,86 : 35.81"
"3,87 : 42.06"
"3,88 : 26.93"
"3,89 : 22.8"
"3,90 : 36.69"
"3,91 : 34.21"
"3,92 : 11.18"
"3,93 : 41.11"
"3,94 : 40.8"
"3,95 : 1.0"
"3,96 : 11.4"
"3,97 : 6.0"
"3,98 : 22.67"
"3,99 : 18.38"
"4,0 : 9.06"
"4,1 : 43.05"
"4,2 : 4.12"
"4,3 : 29.61"
"4,4 : 0.0"
"4,5 : 41.4"
"4,6 : 50.25"
"4,7 : 29.0"
"4,8 : 44.05"
"4,9 : 46.27"
"4,10 : 30.27"
"4,11 : 19.0"
"4,12 : 39.66"
"4,13 : 30.02"
"4,14 : 28.79"
"4,15 : 24.21"
"4,16 : 35.61"
"4,17 : 50.48"
"4,18 : 26.0"
"4,19 : 34.13"
"4,20 : 46.62"
"4,21 : 37.2"
"4,22 : 45.89"
"4,23 : 53.54"
"4,24 : 61.52"
"4,25 : 17.12"
"4,26 : 13.34"
"4,27 : 14.76"
"4,28 : 61.52"
"4,29 : 53.6"
"4,30 : 6.08"
"4,31 : 17.46"
"4,32 : 36.06"
"4,33 : 42.54"
"4,34 : 28.18"
"4,35 : 31.4"
"4,36 : 60.11"
"4,37 : 46.53"
"4,38 : 38.08"
"4,39 : 38.9"
"4,40 : 23.32"
"4,41 : 42.05"
"4,42 : 5.39"
"4,43 : 7.21"
"4,44 : 28.02"
"4,45 : 25.61"
"4,46 : 22.47"
"4,47 : 35.23"
"4,48 : 32.02"
"4,49 : 5.1"
"4,50 : 62.29"
"4,51 : 29.07"
"4,52 : 32.2"
"4,53 : 24.84"
"4,54 : 44.1"
"4,55 : 43.29"
"4,56 : 55.17"
"4,57 : 21.38"
"4,58 : 17.46"
"4,59 : 56.85"
"4,60 : 26.02"
"4,61 : 28.79"
"4,62 : 44.69"
"4,63 : 53.54"
"4,64 : 33.06"
"4,65 : 35.0"
"4,66 : 54.08"
"4,67 : 43.29"
"4,68 : 37.0"
"4,69 : 45.1"
"4,70 : 41.05"
"4,71 : 52.5"
"4,72 : 4.24"
"4,73 : 27.2"
"4,74 : 38.12"
"4,75 : 16.28"
"4,76 : 21.63"
"4,77 : 29.73"
"4,78 : 42.01"
"4,79 : 20.62"
"4,80 : 41.44"
"4,81 : 34.21"
"4,82 : 25.02"
"4,83 : 4.24"
"4,84 : 21.02"
"4,85 : 3.16"
"4,86 : 35.9"
"4,87 : 48.7"
"4,88 : 16.49"
"4,89 : 36.24"
"4,90 : 57.28"
"4,91 : 43.83"
"4,92 : 28.84"
"4,93 : 37.05"
"4,94 : 39.32"
"4,95 : 30.59"
"4,96 : 36.12"
"4,97 : 29.0"
"4,98 : 24.19"
"4,99 : 42.72"
"5,0 : 35.78"
"5,1 : 35.85"
"5,2 : 45.22"
"5,3 : 19.42"
"5,4 : 41.4"
"5,5 : 0.0"
"5,6 : 9.85"
"5,7 : 13.6"
"5,8 : 36.36"
"5,9 : 35.0"
"5,10 : 29.43"
"5,11 : 28.65"
"5,12 : 3.0"
"5,13 : 26.17"
"5,14 : 16.16"
"5,15 : 18.97"
"5,16 : 5.83"
"5,17 : 9.49"
"5,18 : 23.02"
"5,19 : 37.11"
"5,20 : 5.39"
"5,21 : 4.24"
"5,22 : 31.24"
"5,23 : 20.4"
"5,24 : 21.1"
"5,25 : 32.02"
"5,26 : 29.73"
"5,27 : 28.64"
"5,28 : 21.1"
"5,29 : 12.21"
"5,30 : 36.12"
"5,31 : 27.51"
"5,32 : 32.89"
"5,33 : 16.97"
"5,34 : 14.42"
"5,35 : 38.47"
"5,36 : 19.72"
"5,37 : 33.42"
"5,38 : 26.83"
"5,39 : 24.19"
"5,40 : 18.38"
"5,41 : 24.7"
"5,42 : 46.62"
"5,43 : 39.62"
"5,44 : 13.45"
"5,45 : 15.81"
"5,46 : 21.84"
"5,47 : 30.68"
"5,48 : 34.71"
"5,49 : 39.45"
"5,50 : 22.85"
"5,51 : 27.29"
"5,52 : 14.04"
"5,53 : 16.64"
"5,54 : 40.71"
"5,55 : 33.29"
"5,56 : 14.76"
"5,57 : 31.38"
"5,58 : 26.4"
"5,59 : 19.24"
"5,60 : 25.0"
"5,61 : 16.16"
"5,62 : 4.12"
"5,63 : 20.4"
"5,64 : 23.0"
"5,65 : 12.37"
"5,66 : 20.22"
"5,67 : 33.29"
"5,68 : 35.11"
"5,69 : 25.06"
"5,70 : 2.24"
"5,71 : 15.03"
"5,72 : 45.61"
"5,73 : 17.26"
"5,74 : 38.28"
"5,75 : 25.55"
"5,76 : 19.85"
"5,77 : 12.08"
"5,78 : 25.63"
"5,79 : 38.33"
"5,80 : 31.38"
"5,81 : 7.21"
"5,82 : 34.0"
"5,83 : 37.2"
"5,84 : 21.26"
"5,85 : 40.5"
"5,86 : 26.93"
"5,87 : 27.02"
"5,88 : 30.36"
"5,89 : 10.44"
"5,90 : 17.46"
"5,91 : 19.1"
"5,92 : 12.73"
"5,93 : 33.24"
"5,94 : 31.3"
"5,95 : 19.24"
"5,96 : 28.16"
"5,97 : 25.32"
"5,98 : 21.38"
"5,99 : 3.61"
"6,0 : 43.83"
"6,1 : 36.14"
"6,2 : 53.91"
"6,3 : 29.12"
"6,4 : 50.25"
"6,5 : 9.85"
"6,6 : 0.0"
"6,7 : 21.4"
"6,8 : 36.4"
"6,9 : 34.18"
"6,10 : 33.24"
"6,11 : 38.47"
"6,12 : 12.65"
"6,13 : 35.69"
"6,14 : 26.0"
"6,15 : 26.63"
"6,16 : 15.0"
"6,17 : 7.81"
"6,18 : 28.79"
"6,19 : 40.0"
"6,20 : 7.07"
"6,21 : 13.89"
"6,22 : 30.08"
"6,23 : 13.6"
"6,24 : 11.4"
"6,25 : 38.91"
"6,26 : 39.2"
"6,27 : 36.62"
"6,28 : 11.4"
"6,29 : 6.32"
"6,30 : 45.28"
"6,31 : 34.99"
"6,32 : 35.06"
"6,33 : 16.28"
"6,34 : 24.19"
"6,35 : 42.11"
"6,36 : 10.0"
"6,37 : 32.31"
"6,38 : 28.16"
"6,39 : 25.18"
"6,40 : 27.8"
"6,41 : 32.39"
"6,42 : 55.32"
"6,43 : 49.04"
"6,44 : 22.8"
"6,45 : 24.76"
"6,46 : 29.15"
"6,47 : 33.02"
"6,48 : 38.05"
"6,49 : 47.8"
"6,50 : 13.0"
"6,51 : 36.88"
"6,52 : 19.7"
"6,53 : 25.46"
"6,54 : 41.23"
"6,55 : 33.24"
"6,56 : 5.0"
"6,57 : 41.23"
"6,58 : 36.06"
"6,59 : 10.05"
"6,60 : 34.79"
"6,61 : 26.0"
"6,62 : 5.83"
"6,63 : 13.6"
"6,64 : 32.25"
"6,65 : 17.09"
"6,66 : 13.04"
"6,67 : 33.24"
"6,68 : 37.12"
"6,69 : 32.02"
"6,70 : 11.4"
"6,71 : 6.71"
"6,72 : 54.49"
"6,73 : 24.19"
"6,74 : 40.2"
"6,75 : 34.06"
"6,76 : 29.07"
"6,77 : 20.52"
"6,78 : 33.38"
"6,79 : 44.27"
"6,80 : 31.78"
"6,81 : 16.4"
"6,82 : 39.05"
"6,83 : 46.01"
"6,84 : 30.81"
"6,85 : 49.04"
"6,86 : 29.02"
"6,87 : 24.19"
"6,88 : 37.59"
"6,89 : 15.23"
"6,90 : 7.62"
"6,91 : 17.72"
"6,92 : 22.2"
"6,93 : 35.13"
"6,94 : 32.39"
"6,95 : 28.86"
"6,96 : 37.01"
"6,97 : 34.93"
"6,98 : 28.18"
"6,99 : 11.05"
"7,0 : 22.47"
"7,1 : 28.43"
"7,2 : 32.56"
"7,3 : 17.49"
"7,4 : 29.0"
"7,5 : 13.6"
"7,6 : 21.4"
"7,7 : 0.0"
"7,8 : 29.21"
"7,9 : 29.15"
"7,10 : 18.36"
"7,11 : 21.02"
"7,12 : 13.04"
"7,13 : 24.17"
"7,14 : 13.04"
"7,15 : 5.39"
"7,16 : 8.06"
"7,17 : 23.09"
"7,18 : 10.44"
"7,19 : 26.42"
"7,20 : 18.97"
"7,21 : 10.05"
"7,22 : 26.4"
"7,23 : 25.63"
"7,24 : 32.56"
"7,25 : 18.44"
"7,26 : 19.31"
"7,27 : 15.26"
"7,28 : 32.56"
"7,29 : 25.5"
"7,30 : 24.41"
"7,31 : 13.93"
"7,32 : 23.43"
"7,33 : 16.03"
"7,34 : 9.43"
"7,35 : 26.93"
"7,36 : 31.14"
"7,37 : 28.18"
"7,38 : 19.42"
"7,39 : 17.89"
"7,40 : 9.0"
"7,41 : 29.07"
"7,42 : 33.97"
"7,43 : 28.65"
"7,44 : 5.83"
"7,45 : 5.0"
"7,46 : 8.25"
"7,47 : 21.26"
"7,48 : 23.71"
"7,49 : 26.4"
"7,50 : 33.3"
"7,51 : 24.7"
"7,52 : 5.1"
"7,53 : 5.1"
"7,54 : 32.53"
"7,55 : 26.63"
"7,56 : 26.25"
"7,57 : 25.02"
"7,58 : 17.26"
"7,59 : 28.02"
"7,60 : 20.88"
"7,61 : 13.04"
"7,62 : 16.12"
"7,63 : 25.63"
"7,64 : 23.02"
"7,65 : 7.07"
"7,66 : 26.0"
"7,67 : 26.63"
"7,68 : 25.61"
"7,69 : 30.81"
"7,70 : 14.14"
"7,71 : 23.6"
"7,72 : 33.24"
"7,73 : 4.12"
"7,74 : 28.6"
"7,75 : 12.73"
"7,76 : 9.22"
"7,77 : 2.24"
"7,78 : 29.73"
"7,79 : 25.02"
"7,80 : 24.41"
"7,81 : 7.0"
"7,82 : 21.38"
"7,83 : 24.76"
"7,84 : 12.04"
"7,85 : 27.66"
"7,86 : 18.44"
"7,87 : 25.32"
"7,88 : 16.76"
"7,89 : 7.62"
"7,90 : 28.28"
"7,91 : 18.0"
"7,92 : 6.4"
"7,93 : 24.08"
"7,94 : 23.43"
"7,95 : 18.03"
"7,96 : 28.84"
"7,97 : 22.85"
"7,98 : 8.0"
"7,99 : 16.12"
"8,0 : 35.01"
"8,1 : 1.0"
"8,2 : 45.4"
"8,3 : 46.62"
"8,4 : 44.05"
"8,5 : 36.36"
"8,6 : 36.4"
"8,7 : 29.21"
"8,8 : 0.0"
"8,9 : 3.61"
"8,10 : 14.14"
"8,11 : 47.17"
"8,12 : 38.01"
"8,13 : 53.0"
"8,14 : 42.2"
"8,15 : 28.18"
"8,16 : 34.06"
"8,17 : 43.08"
"8,18 : 21.54"
"8,19 : 11.18"
"8,20 : 39.81"
"8,21 : 35.61"
"8,22 : 7.07"
"8,23 : 27.02"
"8,24 : 42.01"
"8,25 : 27.0"
"8,26 : 42.45"
"8,27 : 31.4"
"8,28 : 42.01"
"8,29 : 42.72"
"8,30 : 43.19"
"8,31 : 28.44"
"8,32 : 8.0"
"8,33 : 20.25"
"8,34 : 38.6"
"8,35 : 14.76"
"8,36 : 41.05"
"8,37 : 5.39"
"8,38 : 9.9"
"8,39 : 12.21"
"8,40 : 36.72"
"8,41 : 58.0"
"8,42 : 46.53"
"8,43 : 48.17"
"8,44 : 35.0"
"8,45 : 33.29"
"8,46 : 26.93"
"8,47 : 9.22"
"8,48 : 12.37"
"8,49 : 39.12"
"8,50 : 40.05"
"8,51 : 53.34"
"8,52 : 24.76"
"8,53 : 32.76"
"8,54 : 5.0"
"8,55 : 3.16"
"8,56 : 38.47"
"8,57 : 51.62"
"8,58 : 42.72"
"8,59 : 34.0"
"8,60 : 49.24"
"8,61 : 42.2"
"8,62 : 35.34"
"8,63 : 27.02"
"8,64 : 52.2"
"8,65 : 24.84"
"8,66 : 28.02"
"8,67 : 3.16"
"8,68 : 7.28"
"8,69 : 59.41"
"8,70 : 38.28"
"8,71 : 32.25"
"8,72 : 47.27"
"8,73 : 26.08"
"8,74 : 7.81"
"8,75 : 33.24"
"8,76 : 35.78"
"8,77 : 31.24"
"8,78 : 58.73"
"8,79 : 25.0"
"8,80 : 5.0"
"8,81 : 33.97"
"8,82 : 19.24"
"8,83 : 41.01"
"8,84 : 38.91"
"8,85 : 41.11"
"8,86 : 10.82"
"8,87 : 14.14"
"8,88 : 28.07"
"8,89 : 26.4"
"8,90 : 38.12"
"8,91 : 18.68"
"8,92 : 35.61"
"8,93 : 7.0"
"8,94 : 5.83"
"8,95 : 47.2"
"8,96 : 58.01"
"8,97 : 51.62"
"8,98 : 25.08"
"8,99 : 39.96"
"9,0 : 37.22"
"9,1 : 4.24"
"9,2 : 47.85"
"9,3 : 46.65"
"9,4 : 46.27"
"9,5 : 35.0"
"9,6 : 34.18"
"9,7 : 29.15"
"9,8 : 3.61"
"9,9 : 0.0"
"9,10 : 16.03"
"9,11 : 48.08"
"9,12 : 36.88"
"9,13 : 53.24"
"9,14 : 42.19"
"9,15 : 28.79"
"9,16 : 33.24"
"9,17 : 41.15"
"9,18 : 22.56"
"9,19 : 14.42"
"9,20 : 38.08"
"9,21 : 34.66"
"9,22 : 4.12"
"9,23 : 24.02"
"9,24 : 39.12"
"9,25 : 29.15"
"9,26 : 43.74"
"9,27 : 33.06"
"9,28 : 39.12"
"9,29 : 40.5"
"9,30 : 45.01"
"9,31 : 30.07"
"9,32 : 10.44"
"9,33 : 18.36"
"9,34 : 38.59"
"9,35 : 18.03"
"9,36 : 38.21"
"9,37 : 2.0"
"9,38 : 9.85"
"9,39 : 11.4"
"9,40 : 37.16"
"9,41 : 57.49"
"9,42 : 49.03"
"9,43 : 50.01"
"9,44 : 34.99"
"9,45 : 33.54"
"9,46 : 27.89"
"9,47 : 11.05"
"9,48 : 15.23"
"9,49 : 41.44"
"9,50 : 37.0"
"9,51 : 53.67"
"9,52 : 24.41"
"9,53 : 33.11"
"9,54 : 8.25"
"9,55 : 3.0"
"9,56 : 35.9"
"9,57 : 52.5"
"9,58 : 43.68"
"9,59 : 31.06"
"9,60 : 49.66"
"9,61 : 42.19"
"9,62 : 33.62"
"9,63 : 24.02"
"9,64 : 52.15"
"9,65 : 24.08"
"9,66 : 25.02"
"9,67 : 3.0"
"9,68 : 10.3"
"9,69 : 58.73"
"9,70 : 37.01"
"9,71 : 29.61"
"9,72 : 49.65"
"9,73 : 26.4"
"9,74 : 11.31"
"9,75 : 34.53"
"9,76 : 36.4"
"9,77 : 31.06"
"9,78 : 58.26"
"9,79 : 27.86"
"9,80 : 5.1"
"9,81 : 33.3"
"9,82 : 21.84"
"9,83 : 43.05"
"9,84 : 39.56"
"9,85 : 43.42"
"9,86 : 11.4"
"9,87 : 11.0"
"9,88 : 30.02"
"9,89 : 25.46"
"9,90 : 35.36"
"9,91 : 16.55"
"9,92 : 35.51"
"9,93 : 9.49"
"9,94 : 7.0"
"9,95 : 47.17"
"9,96 : 57.98"
"9,97 : 51.88"
"9,98 : 25.96"
"9,99 : 38.6"
"10,0 : 21.21"
"10,1 : 13.15"
"10,2 : 32.02"
"10,3 : 34.66"
"10,4 : 30.27"
"10,5 : 29.43"
"10,6 : 33.24"
"10,7 : 18.36"
"10,8 : 14.14"
"10,9 : 16.03"
"10,10 : 0.0"
"10,11 : 33.54"
"10,12 : 30.08"
"10,13 : 40.46"
"10,14 : 30.48"
"10,15 : 15.56"
"10,16 : 25.3"
"10,17 : 38.05"
"10,18 : 8.49"
"10,19 : 8.06"
"10,20 : 34.13"
"10,21 : 27.2"
"10,22 : 15.81"
"10,23 : 29.15"
"10,24 : 42.06"
"10,25 : 13.15"
"10,26 : 28.46"
"10,27 : 17.26"
"10,28 : 42.06"
"10,29 : 39.05"
"10,30 : 29.07"
"10,31 : 14.32"
"10,32 : 6.32"
"10,33 : 18.38"
"10,34 : 27.02"
"10,35 : 9.06"
"10,36 : 40.8"
"10,37 : 16.28"
"10,38 : 8.6"
"10,39 : 10.63"
"10,40 : 24.08"
"10,41 : 47.2"
"10,42 : 33.24"
"10,43 : 34.06"
"10,44 : 23.6"
"10,45 : 21.26"
"10,46 : 13.6"
"10,47 : 5.0"
"10,48 : 5.39"
"10,49 : 25.5"
"10,50 : 41.23"
"10,51 : 40.61"
"10,52 : 15.52"
"10,53 : 20.52"
"10,54 : 15.65"
"10,55 : 13.04"
"10,56 : 36.88"
"10,57 : 38.01"
"10,58 : 29.07"
"10,59 : 34.93"
"10,60 : 36.4"
"10,61 : 30.48"
"10,62 : 30.02"
"10,63 : 29.15"
"10,64 : 40.31"
"10,65 : 17.12"
"10,66 : 30.02"
"10,67 : 13.04"
"10,68 : 8.06"
"10,69 : 49.09"
"10,70 : 30.81"
"10,71 : 31.62"
"10,72 : 33.73"
"10,73 : 14.42"
"10,74 : 10.63"
"10,75 : 19.31"
"10,76 : 22.8"
"10,77 : 20.59"
"10,78 : 47.8"
"10,79 : 13.45"
"10,80 : 11.18"
"10,81 : 24.7"
"10,82 : 7.07"
"10,83 : 27.02"
"10,84 : 25.81"
"10,85 : 27.46"
"10,86 : 6.4"
"10,87 : 20.0"
"10,88 : 14.0"
"10,89 : 19.1"
"10,90 : 37.64"
"10,91 : 18.36"
"10,92 : 24.41"
"10,93 : 7.28"
"10,94 : 9.06"
"10,95 : 35.38"
"10,96 : 45.97"
"10,97 : 39.05"
"10,98 : 12.04"
"10,99 : 32.76"
"11,0 : 20.12"
"11,1 : 46.24"
"11,2 : 23.02"
"11,3 : 11.66"
"11,4 : 19.0"
"11,5 : 28.65"
"11,6 : 38.47"
"11,7 : 21.02"
"11,8 : 47.17"
"11,9 : 48.08"
"11,10 : 33.54"
"11,11 : 0.0"
"11,12 : 26.08"
"11,13 : 11.05"
"11,14 : 12.81"
"11,15 : 19.42"
"11,16 : 23.77"
"11,17 : 36.24"
"11,18 : 25.63"
"11,19 : 40.5"
"11,20 : 33.02"
"11,21 : 24.6"
"11,22 : 46.1"
"11,23 : 46.1"
"11,24 : 49.74"
"11,25 : 24.04"
"11,26 : 6.71"
"11,27 : 17.69"
"11,28 : 49.74"
"11,29 : 40.0"
"11,30 : 13.04"
"11,31 : 20.0"
"11,32 : 39.81"
"11,33 : 37.05"
"11,34 : 14.32"
"11,35 : 39.2"
"11,36 : 48.37"
"11,37 : 47.54"
"11,38 : 38.33"
"11,39 : 37.66"
"11,40 : 12.04"
"11,41 : 23.09"
"11,42 : 24.08"
"11,43 : 13.6"
"11,44 : 16.49"
"11,45 : 16.03"
"11,46 : 20.25"
"11,47 : 38.08"
"11,48 : 37.74"
"11,49 : 20.62"
"11,50 : 51.43"
"11,51 : 10.2"
"11,52 : 26.0"
"11,53 : 16.0"
"11,54 : 49.19"
"11,55 : 45.22"
"11,56 : 43.42"
"11,57 : 4.47"
"11,58 : 4.47"
"11,59 : 47.17"
"11,60 : 7.07"
"11,61 : 12.81"
"11,62 : 32.65"
"11,63 : 46.1"
"11,64 : 14.14"
"11,65 : 28.07"
"11,66 : 46.32"
"11,67 : 45.22"
"11,68 : 41.59"
"11,69 : 26.17"
"11,70 : 27.46"
"11,71 : 42.72"
"11,72 : 22.2"
"11,73 : 22.2"
"11,74 : 43.91"
"11,75 : 14.42"
"11,76 : 12.04"
"11,77 : 20.22"
"11,78 : 23.02"
"11,79 : 31.24"
"11,80 : 43.01"
"11,81 : 22.47"
"11,82 : 32.02"
"11,83 : 16.28"
"11,84 : 9.0"
"11,85 : 20.22"
"11,86 : 36.69"
"11,87 : 46.1"
"11,88 : 21.93"
"11,89 : 28.28"
"11,90 : 46.07"
"11,91 : 39.01"
"11,92 : 16.76"
"11,93 : 40.72"
"11,94 : 41.44"
"11,95 : 12.53"
"11,96 : 17.26"
"11,97 : 10.0"
"11,98 : 22.14"
"11,99 : 28.6"
"12,0 : 34.54"
"12,1 : 37.44"
"12,2 : 43.57"
"12,3 : 16.49"
"12,4 : 39.66"
"12,5 : 3.0"
"12,6 : 12.65"
"12,7 : 13.04"
"12,8 : 38.01"
"12,9 : 36.88"
"12,10 : 30.08"
"12,11 : 26.08"
"12,12 : 0.0"
"12,13 : 23.19"
"12,14 : 13.42"
"12,15 : 18.25"
"12,16 : 5.0"
"12,17 : 10.82"
"12,18 : 23.09"
"12,19 : 37.95"
"12,20 : 7.07"
"12,21 : 3.0"
"12,22 : 33.24"
"12,23 : 23.35"
"12,24 : 23.71"
"12,25 : 31.4"
"12,26 : 27.59"
"12,27 : 27.51"
"12,28 : 23.71"
"12,29 : 14.14"
"12,30 : 34.21"
"12,31 : 26.68"
"12,32 : 34.01"
"12,33 : 19.21"
"12,34 : 12.04"
"12,35 : 39.05"
"12,36 : 22.36"
"12,37 : 35.38"
"12,38 : 28.3"
"12,39 : 25.81"
"12,40 : 16.4"
"12,41 : 21.93"
"12,42 : 44.94"
"12,43 : 37.48"
"12,44 : 11.66"
"12,45 : 14.32"
"12,46 : 21.21"
"12,47 : 31.78"
"12,48 : 35.44"
"12,49 : 38.01"
"12,50 : 25.63"
"12,51 : 24.33"
"12,52 : 14.56"
"12,53 : 15.23"
"12,54 : 42.19"
"12,55 : 35.0"
"12,56 : 17.46"
"12,57 : 28.64"
"12,58 : 24.08"
"12,59 : 22.2"
"12,60 : 22.14"
"12,61 : 13.42"
"12,62 : 7.07"
"12,63 : 23.35"
"12,64 : 20.0"
"12,65 : 13.42"
"12,66 : 23.19"
"12,67 : 35.0"
"12,68 : 36.25"
"12,69 : 22.47"
"12,70 : 1.41"
"12,71 : 18.03"
"12,72 : 43.83"
"12,73 : 17.0"
"12,74 : 39.4"
"12,75 : 24.17"
"12,76 : 18.03"
"12,77 : 11.18"
"12,78 : 22.85"
"12,79 : 38.05"
"12,80 : 33.02"
"12,81 : 6.08"
"12,82 : 34.13"
"12,83 : 35.51"
"12,84 : 19.1"
"12,85 : 38.95"
"12,86 : 28.18"
"12,87 : 29.41"
"12,88 : 29.61"
"12,89 : 11.66"
"12,90 : 20.25"
"12,91 : 21.4"
"12,92 : 10.82"
"12,93 : 34.44"
"12,94 : 32.76"
"12,95 : 16.28"
"12,96 : 25.18"
"12,97 : 22.36"
"12,98 : 21.02"
"12,99 : 3.16"
"13,0 : 30.68"
"13,1 : 52.15"
"13,2 : 34.0"
"13,3 : 7.07"
"13,4 : 30.02"
"13,5 : 26.17"
"13,6 : 35.69"
"13,7 : 24.17"
"13,8 : 53.0"
"13,9 : 53.24"
"13,10 : 40.46"
"13,11 : 11.05"
"13,12 : 23.19"
"13,13 : 0.0"
"13,14 : 11.4"
"13,15 : 25.0"
"13,16 : 23.09"
"13,17 : 31.38"
"13,18 : 32.02"
"13,19 : 48.1"
"13,20 : 29.12"
"13,21 : 23.0"
"13,22 : 50.57"
"13,23 : 46.01"
"13,24 : 46.17"
"13,25 : 33.29"
"13,26 : 17.46"
"13,27 : 26.93"
"13,28 : 46.17"
"13,29 : 35.47"
"13,30 : 24.08"
"13,31 : 28.6"
"13,32 : 46.4"
"13,33 : 39.05"
"13,34 : 14.87"
"13,35 : 47.42"
"13,36 : 44.92"
"13,37 : 52.33"
"13,38 : 43.42"
"13,39 : 42.05"
"13,40 : 16.4"
"13,41 : 12.37"
"13,42 : 35.01"
"13,43 : 24.19"
"13,44 : 18.38"
"13,45 : 19.72"
"13,46 : 26.91"
"13,47 : 44.41"
"13,48 : 45.28"
"13,49 : 31.58"
"13,50 : 48.51"
"13,51 : 1.41"
"13,52 : 29.15"
"13,53 : 20.25"
"13,54 : 55.8"
"13,55 : 50.61"
"13,56 : 40.26"
"13,57 : 9.49"
"13,58 : 13.93"
"13,59 : 45.4"
"13,60 : 4.47"
"13,61 : 11.4"
"13,62 : 30.27"
"13,63 : 46.01"
"13,64 : 4.24"
"13,65 : 30.36"
"13,66 : 46.0"
"13,67 : 50.61"
"13,68 : 48.41"
"13,69 : 15.52"
"13,70 : 24.33"
"13,71 : 41.19"
"13,72 : 33.06"
"13,73 : 26.93"
"13,74 : 51.09"
"13,75 : 23.02"
"13,76 : 17.69"
"13,77 : 22.47"
"13,78 : 12.17"
"13,79 : 40.82"
"13,80 : 48.37"
"13,81 : 22.2"
"13,82 : 40.46"
"13,83 : 27.29"
"13,84 : 14.87"
"13,85 : 31.26"
"13,86 : 42.19"
"13,87 : 49.04"
"13,88 : 31.06"
"13,89 : 29.83"
"13,90 : 43.17"
"13,91 : 41.23"
"13,92 : 18.03"
"13,93 : 47.2"
"13,94 : 47.17"
"13,95 : 7.0"
"13,96 : 6.32"
"13,97 : 1.41"
"13,98 : 28.43"
"13,99 : 24.74"
"14,0 : 26.02"
"14,1 : 41.4"
"14,2 : 32.89"
"14,3 : 4.47"
"14,4 : 28.79"
"14,5 : 16.16"
"14,6 : 26.0"
"14,7 : 13.04"
"14,8 : 42.2"
"14,9 : 42.19"
"14,10 : 30.48"
"14,11 : 12.81"
"14,12 : 13.42"
"14,13 : 11.4"
"14,14 : 0.0"
"14,15 : 15.0"
"14,16 : 12.04"
"14,17 : 23.43"
"14,18 : 22.02"
"14,19 : 38.42"
"14,20 : 20.25"
"14,21 : 12.37"
"14,22 : 39.36"
"14,23 : 35.06"
"14,24 : 37.12"
"14,25 : 25.96"
"14,26 : 15.65"
"14,27 : 20.22"
"14,28 : 37.12"
"14,29 : 27.2"
"14,30 : 22.85"
"14,31 : 20.88"
"14,32 : 36.07"
"14,33 : 27.66"
"14,34 : 3.61"
"14,35 : 38.28"
"14,36 : 35.78"
"14,37 : 41.18"
"14,38 : 32.45"
"14,39 : 30.89"
"14,40 : 7.28"
"14,41 : 17.0"
"14,42 : 34.18"
"14,43 : 25.24"
"14,44 : 7.21"
"14,45 : 9.22"
"14,46 : 17.49"
"14,47 : 33.97"
"14,48 : 35.61"
"14,49 : 28.44"
"14,50 : 39.0"
"14,51 : 12.17"
"14,52 : 17.89"
"14,53 : 10.0"
"14,54 : 45.34"
"14,55 : 39.66"
"14,56 : 30.87"
"14,57 : 15.23"
"14,58 : 11.66"
"14,59 : 35.17"
"14,60 : 9.06"
"14,61 : 0.0"
"14,62 : 20.25"
"14,63 : 35.06"
"14,64 : 10.0"
"14,65 : 18.97"
"14,66 : 35.13"
"14,67 : 39.66"
"14,68 : 38.18"
"14,69 : 19.31"
"14,70 : 14.76"
"14,71 : 30.81"
"14,72 : 32.7"
"14,73 : 16.28"
"14,74 : 41.04"
"14,75 : 16.12"
"14,76 : 9.22"
"14,77 : 11.18"
"14,78 : 17.49"
"14,79 : 33.53"
"14,80 : 37.44"
"14,81 : 11.0"
"14,82 : 31.76"
"14,83 : 25.0"
"14,84 : 8.06"
"14,85 : 28.86"
"14,86 : 31.4"
"14,87 : 37.64"
"14,88 : 23.77"
"14,89 : 18.44"
"14,90 : 33.62"
"14,91 : 29.83"
"14,92 : 6.71"
"14,93 : 36.8"
"14,94 : 36.4"
"14,95 : 5.0"
"14,96 : 15.81"
"14,97 : 10.2"
"14,98 : 18.6"
"14,99 : 15.81"
"15,0 : 17.2"
"15,1 : 27.29"
"15,2 : 27.59"
"15,3 : 19.1"
"15,4 : 24.21"
"15,5 : 18.97"
"15,6 : 26.63"
"15,7 : 5.39"
"15,8 : 28.18"
"15,9 : 28.79"
"15,10 : 15.56"
"15,11 : 19.42"
"15,12 : 18.25"
"15,13 : 25.0"
"15,14 : 15.0"
"15,15 : 0.0"
"15,16 : 13.34"
"15,17 : 28.46"
"15,18 : 7.07"
"15,19 : 23.43"
"15,20 : 24.35"
"15,21 : 15.3"
"15,22 : 26.68"
"15,23 : 29.53"
"15,24 : 37.64"
"15,25 : 13.15"
"15,26 : 16.12"
"15,27 : 10.0"
"15,28 : 37.64"
"15,29 : 30.87"
"15,30 : 20.12"
"15,31 : 8.54"
"15,32 : 21.4"
"15,33 : 18.97"
"15,34 : 11.66"
"15,35 : 23.32"
"15,36 : 36.24"
"15,37 : 28.16"
"15,38 : 18.97"
"15,39 : 18.25"
"15,40 : 8.6"
"15,41 : 31.91"
"15,42 : 29.0"
"15,43 : 24.7"
"15,44 : 8.54"
"15,45 : 5.83"
"15,46 : 3.0"
"15,47 : 19.42"
"15,48 : 20.62"
"15,49 : 21.26"
"15,50 : 38.18"
"15,51 : 25.24"
"15,52 : 8.06"
"15,53 : 5.0"
"15,54 : 30.81"
"15,55 : 26.0"
"15,56 : 31.4"
"15,57 : 23.77"
"15,58 : 15.13"
"15,59 : 32.65"
"15,60 : 21.1"
"15,61 : 15.0"
"15,62 : 21.47"
"15,63 : 29.53"
"15,64 : 24.76"
"15,65 : 10.82"
"15,66 : 30.02"
"15,67 : 26.0"
"15,68 : 23.43"
"15,69 : 34.0"
"15,70 : 19.42"
"15,71 : 28.32"
"15,72 : 28.43"
"15,73 : 3.16"
"15,74 : 26.17"
"15,75 : 8.06"
"15,76 : 7.62"
"15,77 : 7.07"
"15,78 : 32.45"
"15,79 : 20.02"
"15,80 : 23.77"
"15,81 : 12.17"
"15,82 : 17.09"
"15,83 : 20.0"
"15,84 : 10.77"
"15,85 : 22.63"
"15,86 : 17.46"
"15,87 : 27.02"
"15,88 : 11.4"
"15,89 : 12.04"
"15,90 : 33.3"
"15,91 : 20.62"
"15,92 : 9.49"
"15,93 : 22.2"
"15,94 : 22.36"
"15,95 : 19.85"
"15,96 : 30.41"
"15,97 : 23.6"
"15,98 : 3.61"
"15,99 : 21.38"
"16,0 : 29.97"
"16,1 : 33.42"
"16,2 : 39.41"
"16,3 : 16.03"
"16,4 : 35.61"
"16,5 : 5.83"
"16,6 : 15.0"
"16,7 : 8.06"
"16,8 : 34.06"
"16,9 : 33.24"
"16,10 : 25.3"
"16,11 : 23.77"
"16,12 : 5.0"
"16,13 : 23.09"
"16,14 : 12.04"
"16,15 : 13.34"
"16,16 : 0.0"
"16,17 : 15.23"
"16,18 : 18.11"
"16,19 : 33.24"
"16,20 : 11.18"
"16,21 : 2.0"
"16,22 : 29.83"
"16,23 : 23.02"
"16,24 : 26.4"
"16,25 : 26.48"
"16,26 : 24.21"
"16,27 : 22.85"
"16,28 : 26.4"
"16,29 : 18.03"
"16,30 : 30.41"
"16,31 : 21.84"
"16,32 : 29.53"
"16,33 : 16.55"
"16,34 : 9.49"
"16,35 : 34.21"
"16,36 : 25.0"
"16,37 : 31.89"
"16,38 : 24.21"
"16,39 : 21.93"
"16,40 : 12.81"
"16,41 : 24.41"
"16,42 : 40.8"
"16,43 : 34.06"
"16,44 : 7.81"
"16,45 : 10.0"
"16,46 : 16.28"
"16,47 : 27.29"
"16,48 : 30.68"
"16,49 : 33.62"
"16,50 : 27.78"
"16,51 : 24.02"
"16,52 : 9.85"
"16,53 : 10.82"
"16,54 : 38.01"
"16,55 : 31.14"
"16,56 : 20.0"
"16,57 : 26.93"
"16,58 : 21.1"
"16,59 : 23.41"
"16,60 : 21.1"
"16,61 : 12.04"
"16,62 : 9.22"
"16,63 : 23.02"
"16,64 : 20.62"
"16,65 : 9.22"
"16,66 : 23.09"
"16,67 : 31.14"
"16,68 : 31.76"
"16,69 : 25.5"
"16,70 : 6.08"
"16,71 : 18.97"
"16,72 : 39.82"
"16,73 : 12.0"
"16,74 : 34.89"
"16,75 : 19.72"
"16,76 : 14.14"
"16,77 : 6.32"
"16,78 : 25.24"
"16,79 : 33.06"
"16,80 : 29.07"
"16,81 : 1.41"
"16,82 : 29.15"
"16,83 : 31.4"
"16,84 : 15.81"
"16,85 : 34.67"
"16,86 : 23.85"
"16,87 : 26.83"
"16,88 : 24.74"
"16,89 : 7.81"
"16,90 : 22.47"
"16,91 : 18.79"
"16,92 : 7.21"
"16,93 : 30.02"
"16,94 : 28.6"
"16,95 : 16.12"
"16,96 : 26.25"
"16,97 : 22.02"
"16,98 : 16.03"
"16,99 : 8.06"
"17,0 : 45.19"
"17,1 : 42.72"
"17,2 : 54.38"
"17,3 : 25.55"
"17,4 : 50.48"
"17,5 : 9.49"
"17,6 : 7.81"
"17,7 : 23.09"
"17,8 : 43.08"
"17,9 : 41.15"
"17,10 : 38.05"
"17,11 : 36.24"
"17,12 : 10.82"
"17,13 : 31.38"
"17,14 : 23.43"
"17,15 : 28.46"
"17,16 : 15.23"
"17,17 : 0.0"
"17,18 : 32.25"
"17,19 : 45.4"
"17,20 : 4.12"
"17,21 : 13.42"
"17,22 : 37.12"
"17,23 : 21.4"
"17,24 : 15.13"
"17,25 : 41.48"
"17,26 : 38.29"
"17,27 : 38.08"
"17,28 : 15.13"
"17,29 : 4.12"
"17,30 : 45.0"
"17,31 : 37.0"
"17,32 : 40.79"
"17,33 : 22.85"
"17,34 : 22.67"
"17,35 : 47.1"
"17,36 : 14.04"
"17,37 : 39.36"
"17,38 : 34.21"
"17,39 : 31.32"
"17,40 : 27.2"
"17,41 : 26.0"
"17,42 : 55.76"
"17,43 : 48.17"
"17,44 : 22.47"
"17,45 : 25.06"
"17,46 : 31.32"
"17,47 : 38.64"
"17,48 : 43.19"
"17,49 : 48.76"
"17,50 : 18.0"
"17,51 : 32.7"
"17,52 : 23.09"
"17,53 : 25.94"
"17,54 : 47.76"
"17,55 : 39.92"
"17,56 : 10.2"
"17,57 : 38.28"
"17,58 : 34.66"
"17,59 : 17.09"
"17,60 : 31.38"
"17,61 : 23.43"
"17,62 : 8.06"
"17,63 : 21.4"
"17,64 : 27.51"
"17,65 : 21.0"
"17,66 : 20.81"
"17,67 : 39.92"
"17,68 : 42.95"
"17,69 : 25.18"
"17,70 : 9.43"
"17,71 : 14.42"
"17,72 : 54.64"
"17,73 : 26.68"
"17,74 : 46.1"
"17,75 : 34.89"
"17,76 : 28.84"
"17,77 : 21.54"
"17,78 : 27.0"
"17,79 : 47.68"
"17,80 : 38.28"
"17,81 : 16.55"
"17,82 : 43.1"
"17,83 : 46.32"
"17,84 : 29.83"
"17,85 : 49.74"
"17,86 : 34.71"
"17,87 : 31.62"
"17,88 : 39.85"
"17,89 : 19.0"
"17,90 : 13.15"
"17,91 : 24.6"
"17,92 : 21.63"
"17,93 : 41.0"
"17,94 : 38.6"
"17,95 : 25.06"
"17,96 : 31.58"
"17,97 : 30.87"
"17,98 : 30.81"
"17,99 : 7.81"
"18,0 : 17.49"
"18,1 : 20.62"
"18,2 : 28.65"
"18,3 : 26.17"
"18,4 : 26.0"
"18,5 : 23.02"
"18,6 : 28.79"
"18,7 : 10.44"
"18,8 : 21.54"
"18,9 : 22.56"
"18,10 : 8.49"
"18,11 : 25.63"
"18,12 : 23.09"
"18,13 : 32.02"
"18,14 : 22.02"
"18,15 : 7.07"
"18,16 : 18.11"
"18,17 : 32.25"
"18,18 : 0.0"
"18,19 : 16.4"
"18,20 : 28.16"
"18,21 : 20.1"
"18,22 : 21.02"
"18,23 : 28.32"
"18,24 : 38.95"
"18,25 : 10.63"
"18,26 : 21.21"
"18,27 : 11.4"
"18,28 : 38.95"
"18,29 : 33.96"
"18,30 : 23.35"
"18,31 : 8.54"
"18,32 : 14.42"
"18,33 : 17.03"
"18,34 : 18.6"
"18,35 : 16.55"
"18,36 : 37.59"
"18,37 : 22.2"
"18,38 : 13.04"
"18,39 : 13.15"
"18,40 : 15.62"
"18,41 : 38.83"
"18,42 : 30.02"
"18,43 : 28.28"
"18,44 : 15.26"
"18,45 : 12.81"
"18,46 : 5.39"
"18,47 : 12.53"
"18,48 : 13.6"
"18,49 : 21.95"
"18,50 : 38.83"
"18,51 : 32.2"
"18,52 : 9.22"
"18,53 : 12.04"
"18,54 : 23.85"
"18,55 : 19.65"
"18,56 : 33.11"
"18,57 : 30.08"
"18,58 : 21.19"
"18,59 : 32.8"
"18,60 : 28.02"
"18,61 : 22.02"
"18,62 : 24.52"
"18,63 : 28.32"
"18,64 : 31.83"
"18,65 : 11.7"
"18,66 : 29.0"
"18,67 : 19.65"
"18,68 : 16.4"
"18,69 : 40.82"
"18,70 : 24.02"
"18,71 : 28.84"
"18,72 : 29.97"
"18,73 : 6.32"
"18,74 : 19.1"
"18,75 : 12.04"
"18,76 : 14.42"
"18,77 : 12.65"
"18,78 : 39.41"
"18,79 : 15.52"
"18,80 : 17.46"
"18,81 : 17.26"
"18,82 : 11.05"
"18,83 : 22.14"
"18,84 : 17.49"
"18,85 : 23.71"
"18,86 : 11.18"
"18,87 : 22.8"
"18,88 : 10.0"
"18,89 : 13.6"
"18,90 : 34.48"
"18,91 : 18.03"
"18,92 : 16.12"
"18,93 : 15.26"
"18,94 : 15.81"
"18,95 : 26.91"
"18,96 : 37.48"
"18,97 : 30.61"
"18,98 : 3.61"
"18,99 : 26.02"
"19,0 : 25.32"
"19,1 : 10.3"
"19,2 : 35.01"
"19,3 : 42.52"
"19,4 : 34.13"
"19,5 : 37.11"
"19,6 : 40.0"
"19,7 : 26.42"
"19,8 : 11.18"
"19,9 : 14.42"
"19,10 : 8.06"
"19,11 : 40.5"
"19,12 : 37.95"
"19,13 : 48.1"
"19,14 : 38.42"
"19,15 : 23.43"
"19,16 : 33.24"
"19,17 : 45.4"
"19,18 : 16.4"
"19,19 : 0.0"
"19,20 : 41.59"
"19,21 : 35.11"
"19,22 : 16.28"
"19,23 : 33.84"
"19,24 : 47.85"
"19,25 : 17.72"
"19,26 : 34.89"
"19,27 : 23.26"
"19,28 : 47.85"
"19,29 : 46.04"
"19,30 : 34.21"
"19,31 : 20.59"
"19,32 : 5.39"
"19,33 : 24.19"
"19,34 : 35.0"
"19,35 : 3.61"
"19,36 : 46.69"
"19,37 : 15.62"
"19,38 : 12.37"
"19,39 : 15.3"
"19,40 : 31.83"
"19,41 : 55.22"
"19,42 : 36.06"
"19,43 : 39.05"
"19,44 : 31.62"
"19,45 : 29.21"
"19,46 : 21.21"
"19,47 : 7.07"
"19,48 : 2.83"
"19,49 : 29.07"
"19,50 : 46.57"
"19,51 : 48.17"
"19,52 : 23.41"
"19,53 : 28.43"
"19,54 : 10.0"
"19,55 : 12.04"
"19,56 : 43.19"
"19,57 : 44.94"
"19,58 : 36.06"
"19,59 : 40.26"
"19,60 : 43.93"
"19,61 : 38.42"
"19,62 : 37.34"
"19,63 : 33.84"
"19,64 : 48.17"
"19,65 : 24.74"
"19,66 : 34.79"
"19,67 : 12.04"
"19,68 : 4.24"
"19,69 : 57.14"
"19,70 : 38.6"
"19,71 : 37.48"
"19,72 : 37.0"
"19,73 : 22.47"
"19,74 : 4.0"
"19,75 : 26.08"
"19,76 : 30.41"
"19,77 : 28.65"
"19,78 : 55.8"
"19,79 : 14.14"
"19,80 : 11.4"
"19,81 : 32.7"
"19,82 : 9.22"
"19,83 : 31.58"
"19,84 : 33.3"
"19,85 : 31.06"
"19,86 : 11.05"
"19,87 : 22.47"
"19,88 : 19.31"
"19,89 : 26.68"
"19,90 : 43.57"
"19,91 : 23.54"
"19,92 : 32.45"
"19,93 : 5.83"
"19,94 : 9.43"
"19,95 : 43.28"
"19,96 : 53.76"
"19,97 : 46.69"
"19,98 : 19.85"
"19,99 : 40.52"
"20,0 : 41.15"
"20,1 : 39.4"
"20,2 : 50.48"
"20,3 : 22.85"
"20,4 : 46.62"
"20,5 : 5.39"
"20,6 : 7.07"
"20,7 : 18.97"
"20,8 : 39.81"
"20,9 : 38.08"
"20,10 : 34.13"
"20,11 : 33.02"
"20,12 : 7.07"
"20,13 : 29.12"
"20,14 : 20.25"
"20,15 : 24.35"
"20,16 : 11.18"
"20,17 : 4.12"
"20,18 : 28.16"
"20,19 : 41.59"
"20,20 : 0.0"
"20,21 : 9.43"
"20,22 : 34.13"
"20,23 : 20.12"
"20,24 : 17.09"
"20,25 : 37.36"
"20,26 : 34.66"
"20,27 : 34.01"
"20,28 : 17.09"
"20,29 : 7.07"
"20,30 : 41.23"
"20,31 : 32.89"
"20,32 : 37.11"
"20,33 : 19.72"
"20,34 : 19.1"
"20,35 : 43.19"
"20,36 : 15.81"
"20,37 : 36.36"
"20,38 : 30.68"
"20,39 : 27.86"
"20,40 : 23.43"
"20,41 : 25.32"
"20,42 : 51.87"
"20,43 : 44.55"
"20,44 : 18.6"
"20,45 : 21.1"
"20,46 : 27.2"
"20,47 : 34.93"
"20,48 : 39.32"
"20,49 : 44.78"
"20,50 : 19.42"
"20,51 : 30.36"
"20,52 : 19.03"
"20,53 : 21.95"
"20,54 : 44.38"
"20,55 : 36.67"
"20,56 : 11.18"
"20,57 : 35.36"
"20,58 : 31.14"
"20,59 : 17.12"
"20,60 : 28.64"
"20,61 : 20.25"
"20,62 : 4.47"
"20,63 : 20.12"
"20,64 : 25.5"
"20,65 : 17.03"
"20,66 : 19.7"
"20,67 : 36.67"
"20,68 : 39.29"
"20,69 : 25.0"
"20,70 : 5.66"
"20,71 : 13.6"
"20,72 : 50.8"
"20,73 : 22.56"
"20,74 : 42.45"
"20,75 : 30.89"
"20,76 : 25.0"
"20,77 : 17.46"
"20,78 : 26.31"
"20,79 : 43.57"
"20,80 : 34.93"
"20,81 : 12.53"
"20,82 : 39.05"
"20,83 : 42.44"
"20,84 : 26.17"
"20,85 : 45.79"
"20,86 : 31.05"
"20,87 : 29.07"
"20,88 : 35.74"
"20,89 : 15.03"
"20,90 : 14.14"
"20,91 : 21.63"
"20,92 : 17.8"
"20,93 : 37.36"
"20,94 : 35.11"
"20,95 : 22.47"
"20,96 : 30.07"
"20,97 : 28.46"
"20,98 : 26.68"
"20,99 : 4.47"
"21,0 : 31.78"
"21,1 : 35.0"
"21,2 : 41.05"
"21,3 : 16.03"
"21,4 : 37.2"
"21,5 : 4.24"
"21,6 : 13.89"
"21,7 : 10.05"
"21,8 : 35.61"
"21,9 : 34.66"
"21,10 : 27.2"
"21,11 : 24.6"
"21,12 : 3.0"
"21,13 : 23.0"
"21,14 : 12.37"
"21,15 : 15.3"
"21,16 : 2.0"
"21,17 : 13.42"
"21,18 : 20.1"
"21,19 : 35.11"
"21,20 : 9.43"
"21,21 : 0.0"
"21,22 : 31.14"
"21,23 : 23.02"
"21,24 : 25.24"
"21,25 : 28.44"
"21,26 : 25.5"
"21,27 : 24.7"
"21,28 : 25.24"
"21,29 : 16.4"
"21,30 : 31.89"
"21,31 : 23.77"
"21,32 : 31.3"
"21,33 : 17.49"
"21,34 : 10.3"
"21,35 : 36.14"
"21,36 : 23.85"
"21,37 : 33.24"
"21,38 : 25.81"
"21,39 : 23.43"
"21,40 : 14.14"
"21,41 : 23.32"
"21,42 : 42.44"
"21,43 : 35.38"
"21,44 : 9.22"
"21,45 : 11.66"
"21,46 : 18.25"
"21,47 : 29.07"
"21,48 : 32.57"
"21,49 : 35.36"
"21,50 : 26.83"
"21,51 : 24.02"
"21,52 : 11.7"
"21,53 : 12.53"
"21,54 : 39.66"
"21,55 : 32.65"
"21,56 : 18.87"
"21,57 : 27.51"
"21,58 : 22.2"
"21,59 : 22.8"
"21,60 : 21.38"
"21,61 : 12.37"
"21,62 : 8.06"
"21,63 : 23.02"
"21,64 : 20.22"
"21,65 : 10.82"
"21,66 : 23.0"
"21,67 : 32.65"
"21,68 : 33.54"
"21,69 : 24.21"
"21,70 : 4.12"
"21,71 : 18.44"
"21,72 : 41.4"
"21,73 : 14.0"
"21,74 : 36.67"
"21,75 : 21.47"
"21,76 : 15.62"
"21,77 : 8.25"
"21,78 : 24.19"
"21,79 : 35.06"
"21,80 : 30.61"
"21,81 : 3.16"
"21,82 : 31.14"
"21,83 : 33.02"
"21,84 : 17.03"
"21,85 : 36.36"
"21,86 : 25.55"
"21,87 : 27.78"
"21,88 : 26.68"
"21,89 : 9.22"
"21,90 : 21.47"
"21,91 : 19.72"
"21,92 : 8.49"
"21,93 : 31.76"
"21,94 : 30.23"
"21,95 : 16.0"
"21,96 : 25.71"
"21,97 : 22.02"
"21,98 : 18.03"
"21,99 : 6.08"
"22,0 : 36.88"
"22,1 : 7.28"
"22,2 : 47.8"
"22,3 : 43.83"
"22,4 : 45.89"
"22,5 : 31.24"
"22,6 : 30.08"
"22,7 : 26.4"
"22,8 : 7.07"
"22,9 : 4.12"
"22,10 : 15.81"
"22,11 : 46.1"
"22,12 : 33.24"
"22,13 : 50.57"
"22,14 : 39.36"
"22,15 : 26.68"
"22,16 : 29.83"
"22,17 : 37.12"
"22,18 : 21.02"
"22,19 : 16.28"
"22,20 : 34.13"
"22,21 : 31.14"
"22,22 : 0.0"
"22,23 : 20.0"
"22,24 : 35.06"
"22,25 : 28.86"
"22,26 : 42.19"
"22,27 : 32.06"
"22,28 : 35.06"
"22,29 : 36.4"
"22,30 : 44.1"
"22,31 : 29.07"
"22,32 : 11.4"
"22,33 : 14.42"
"22,34 : 35.78"
"22,35 : 19.8"
"22,36 : 34.13"
"22,37 : 2.24"
"22,38 : 8.0"
"22,39 : 8.54"
"22,40 : 34.79"
"22,41 : 54.2"
"22,42 : 49.04"
"22,43 : 49.09"
"22,44 : 32.2"
"22,45 : 31.02"
"22,46 : 26.17"
"22,47 : 11.18"
"22,48 : 16.4"
"22,49 : 41.23"
"22,50 : 33.02"
"22,51 : 51.08"
"22,52 : 21.47"
"22,53 : 30.68"
"22,54 : 12.04"
"22,55 : 4.47"
"22,56 : 31.78"
"22,57 : 50.45"
"22,58 : 41.77"
"22,59 : 27.02"
"22,60 : 47.17"
"22,61 : 39.36"
"22,62 : 29.68"
"22,63 : 20.0"
"22,64 : 49.24"
"22,65 : 20.81"
"22,66 : 21.0"
"22,67 : 4.47"
"22,68 : 12.04"
"22,69 : 55.32"
"22,70 : 33.3"
"22,71 : 25.5"
"22,72 : 49.48"
"22,73 : 24.04"
"22,74 : 13.89"
"22,75 : 33.06"
"22,76 : 34.21"
"22,77 : 28.18"
"22,78 : 55.0"
"22,79 : 28.65"
"22,80 : 5.0"
"22,81 : 30.0"
"22,82 : 22.36"
"22,83 : 42.43"
"22,84 : 37.36"
"22,85 : 43.17"
"22,86 : 10.05"
"22,87 : 7.07"
"22,88 : 29.43"
"22,89 : 22.02"
"22,90 : 31.26"
"22,91 : 12.53"
"22,92 : 32.65"
"22,93 : 10.63"
"22,94 : 7.21"
"22,95 : 44.29"
"22,96 : 55.07"
"22,97 : 49.24"
"22,98 : 24.19"
"22,99 : 34.83"
"23,0 : 45.61"
"23,1 : 27.07"
"23,2 : 56.61"
"23,3 : 39.0"
"23,4 : 53.54"
"23,5 : 20.4"
"23,6 : 13.6"
"23,7 : 25.63"
"23,8 : 27.02"
"23,9 : 24.02"
"23,10 : 29.15"
"23,11 : 46.1"
"23,12 : 23.35"
"23,13 : 46.01"
"23,14 : 35.06"
"23,15 : 29.53"
"23,16 : 23.02"
"23,17 : 21.4"
"23,18 : 28.32"
"23,19 : 33.84"
"23,20 : 20.12"
"23,21 : 23.02"
"23,22 : 20.0"
"23,23 : 0.0"
"23,24 : 15.13"
"23,25 : 38.9"
"23,26 : 44.94"
"23,27 : 38.83"
"23,28 : 15.13"
"23,29 : 19.1"
"23,30 : 49.65"
"23,31 : 36.4"
"23,32 : 28.46"
"23,33 : 11.31"
"23,34 : 32.25"
"23,35 : 36.77"
"23,36 : 14.32"
"23,37 : 22.02"
"23,38 : 21.54"
"23,39 : 18.79"
"23,40 : 34.21"
"23,41 : 44.92"
"23,42 : 58.01"
"23,43 : 54.13"
"23,44 : 29.61"
"23,45 : 30.36"
"23,46 : 31.06"
"23,47 : 26.93"
"23,48 : 32.7"
"23,49 : 50.0"
"23,50 : 13.04"
"23,51 : 47.0"
"23,52 : 21.47"
"23,53 : 30.68"
"23,54 : 32.02"
"23,55 : 24.08"
"23,56 : 13.04"
"23,57 : 49.65"
"23,58 : 42.72"
"23,59 : 7.07"
"23,60 : 44.1"
"23,61 : 35.06"
"23,62 : 16.76"
"23,63 : 0.0"
"23,64 : 43.19"
"23,65 : 18.79"
"23,66 : 1.0"
"23,67 : 24.08"
"23,68 : 30.08"
"23,69 : 44.94"
"23,70 : 22.56"
"23,71 : 7.07"
"23,72 : 57.69"
"23,73 : 26.42"
"23,74 : 32.76"
"23,75 : 37.59"
"23,76 : 34.79"
"23,77 : 25.96"
"23,78 : 45.88"
"23,79 : 42.2"
"23,80 : 23.35"
"23,81 : 24.08"
"23,82 : 36.06"
"23,83 : 49.4"
"23,84 : 37.36"
"23,85 : 51.61"
"23,86 : 23.26"
"23,87 : 13.04"
"23,88 : 38.29"
"23,89 : 18.03"
"23,90 : 11.7"
"23,91 : 10.82"
"23,92 : 29.43"
"23,93 : 28.16"
"23,94 : 24.74"
"23,95 : 39.01"
"23,96 : 48.51"
"23,97 : 45.0"
"23,98 : 29.41"
"23,99 : 23.09"
"24,0 : 54.82"
"24,1 : 42.0"
"24,2 : 65.12"
"24,3 : 39.92"
"24,4 : 61.52"
"24,5 : 21.1"
"24,6 : 11.4"
"24,7 : 32.56"
"24,8 : 42.01"
"24,9 : 39.12"
"24,10 : 42.06"
"24,11 : 49.74"
"24,12 : 23.71"
"24,13 : 46.17"
"24,14 : 37.12"
"24,15 : 37.64"
"24,16 : 26.4"
"24,17 : 15.13"
"24,18 : 38.95"
"24,19 : 47.85"
"24,20 : 17.09"
"24,21 : 25.24"
"24,22 : 35.06"
"24,23 : 15.13"
"24,24 : 0.0"
"24,25 : 49.4"
"24,26 : 50.61"
"24,27 : 47.63"
"24,28 : 0.0"
"24,29 : 11.05"
"24,30 : 56.64"
"24,31 : 45.8"
"24,32 : 42.58"
"24,33 : 23.77"
"24,34 : 35.51"
"24,35 : 50.45"
"24,36 : 1.41"
"24,37 : 37.12"
"24,38 : 35.51"
"24,39 : 32.56"
"24,40 : 39.2"
"24,41 : 41.05"
"24,42 : 66.53"
"24,43 : 60.44"
"24,44 : 34.21"
"24,45 : 36.12"
"24,46 : 40.0"
"24,47 : 40.79"
"24,48 : 46.32"
"24,49 : 58.9"
"24,50 : 3.61"
"24,51 : 47.43"
"24,52 : 30.23"
"24,53 : 36.8"
"24,54 : 47.01"
"24,55 : 39.0"
"24,56 : 6.4"
"24,57 : 52.33"
"24,58 : 47.43"
"24,59 : 8.06"
"24,60 : 45.69"
"24,61 : 37.12"
"24,62 : 17.2"
"24,63 : 15.13"
"24,64 : 42.45"
"24,65 : 27.46"
"24,66 : 14.14"
"24,67 : 39.0"
"24,68 : 44.41"
"24,69 : 40.01"
"24,70 : 22.36"
"24,71 : 10.44"
"24,72 : 65.76"
"24,73 : 35.0"
"24,74 : 47.27"
"24,75 : 45.28"
"24,76 : 40.46"
"24,77 : 31.83"
"24,78 : 42.05"
"24,79 : 54.13"
"24,80 : 38.05"
"24,81 : 27.8"
"24,82 : 48.47"
"24,83 : 57.28"
"24,84 : 42.2"
"24,85 : 60.21"
"24,86 : 36.88"
"24,87 : 28.16"
"24,88 : 48.26"
"24,89 : 25.81"
"24,90 : 4.47"
"24,91 : 24.33"
"24,92 : 33.6"
"24,93 : 42.43"
"24,94 : 39.2"
"24,95 : 39.56"
"24,96 : 46.69"
"24,97 : 45.54"
"24,98 : 38.83"
"24,99 : 21.54"
"25,0 : 8.06"
"25,1 : 26.0"
"25,2 : 18.97"
"25,3 : 29.15"
"25,4 : 17.12"
"25,5 : 32.02"
"25,6 : 38.91"
"25,7 : 18.44"
"25,8 : 27.0"
"25,9 : 29.15"
"25,10 : 13.15"
"25,11 : 24.04"
"25,12 : 31.4"
"25,13 : 33.29"
"25,14 : 25.96"
"25,15 : 13.15"
"25,16 : 26.48"
"25,17 : 41.48"
"25,18 : 10.63"
"25,19 : 17.72"
"25,20 : 37.36"
"25,21 : 28.44"
"25,22 : 28.86"
"25,23 : 38.9"
"25,24 : 49.4"
"25,25 : 0.0"
"25,26 : 17.8"
"25,27 : 6.4"
"25,28 : 49.4"
"25,29 : 43.66"
"25,30 : 16.49"
"25,31 : 5.1"
"25,32 : 19.0"
"25,33 : 27.59"
"25,34 : 23.35"
"25,35 : 15.65"
"25,36 : 48.02"
"25,37 : 29.43"
"25,38 : 21.19"
"25,39 : 22.36"
"25,40 : 18.68"
"25,41 : 42.72"
"25,42 : 20.25"
"25,43 : 21.38"
"25,44 : 21.02"
"25,45 : 18.03"
"25,46 : 10.2"
"25,47 : 18.11"
"25,48 : 15.3"
"25,49 : 12.37"
"25,50 : 49.41"
"25,51 : 33.02"
"25,52 : 19.24"
"25,53 : 17.03"
"25,54 : 27.46"
"25,55 : 26.17"
"25,56 : 43.42"
"25,57 : 28.32"
"25,58 : 19.85"
"25,59 : 43.42"
"25,60 : 28.84"
"25,61 : 25.96"
"25,62 : 34.18"
"25,63 : 38.9"
"25,64 : 34.44"
"25,65 : 21.95"
"25,66 : 39.6"
"25,67 : 26.17"
"25,68 : 20.1"
"25,69 : 45.22"
"25,70 : 32.56"
"25,71 : 39.41"
"25,72 : 20.62"
"25,73 : 14.87"
"25,74 : 21.59"
"25,75 : 10.3"
"25,76 : 16.76"
"25,77 : 20.22"
"25,78 : 43.08"
"25,79 : 7.62"
"25,80 : 24.33"
"25,81 : 25.32"
"25,82 : 8.54"
"25,83 : 14.04"
"25,84 : 18.79"
"25,85 : 14.32"
"25,86 : 18.97"
"25,87 : 32.2"
"25,88 : 2.24"
"25,89 : 23.71"
"25,90 : 44.94"
