x,y
32,43
43,40
37,48
8,35
43,45
50,40
24,19
10,7
50,0
32,44
10,40
47,9
28,40
27,7
49,9
45,24
3,4
22,3
47,1
41,41
24,38
12,25
47,18
7,32
20,12
15,22
8,41
35,30
28,11
33,33
21,24
1,39
24,32
30,40
4,30
45,36
3,3
10,11
29,23
14,19
40,25
33,45
24,4
47,19
24,31
25,36
14,24
21,48
1,28
13,2
45,34
31,29
0,33
17,12
25,4
24,46
19,5
15,19
47,32
13,20
5,27
25,10
21,2
25,18
17,17
45,0
33,35
1,9
50,42
31,18
16,27
17,24
44,40
44,46
4,34
24,7
3,16
24,47
23,22
47,44
16,44
9,18
37,22
42,41
28,17
27,24
42,15
23,34
42,46
30,33
0,47
47,16
5,7
2,50
50,45
36,37
20,20
32,0
29,32
11,48

Distanze
"0,0 : 0.0"
"0,1 : 11.4"
"0,2 : 7.07"
"0,3 : 25.3"
"0,4 : 11.18"
"0,5 : 18.25"
"0,6 : 25.3"
"0,7 : 42.19"
"0,8 : 46.62"
"0,9 : 1.0"
"0,10 : 22.2"
"0,11 : 37.16"
"0,12 : 5.0"
"0,13 : 36.35"
"0,14 : 38.01"
"0,15 : 23.02"
"0,16 : 48.6"
"0,17 : 41.23"
"0,18 : 44.6"
"0,19 : 9.22"
"0,20 : 9.43"
"0,21 : 26.91"
"0,22 : 29.15"
"0,23 : 27.31"
"0,24 : 33.24"
"0,25 : 27.02"
"0,26 : 24.08"
"0,27 : 13.34"
"0,28 : 32.25"
"0,29 : 10.05"
"0,30 : 21.95"
"0,31 : 31.26"
"0,32 : 13.6"
"0,33 : 3.61"
"0,34 : 30.87"
"0,35 : 14.76"
"0,36 : 49.41"
"0,37 : 38.83"
"0,38 : 20.22"
"0,39 : 30.0"
"0,40 : 19.7"
"0,41 : 2.24"
"0,42 : 39.81"
"0,43 : 28.3"
"0,44 : 14.42"
"0,45 : 9.9"
"0,46 : 26.17"
"0,47 : 12.08"
"0,48 : 34.44"
"0,49 : 45.19"
"0,50 : 15.81"
"0,51 : 14.04"
"0,52 : 33.53"
"0,53 : 34.44"
"0,54 : 39.62"
"0,55 : 8.54"
"0,56 : 40.16"
"0,57 : 29.41"
"0,58 : 18.6"
"0,59 : 29.83"
"0,60 : 31.38"
"0,61 : 33.73"
"0,62 : 42.45"
"0,63 : 25.96"
"0,64 : 30.02"
"0,65 : 44.92"
"0,66 : 8.06"
"0,67 : 46.01"
"0,68 : 18.03"
"0,69 : 25.02"
"0,70 : 22.63"
"0,71 : 24.21"
"0,72 : 12.37"
"0,73 : 12.37"
"0,74 : 29.41"
"0,75 : 36.88"
"0,76 : 39.62"
"0,77 : 8.94"
"0,78 : 22.85"
"0,79 : 15.03"
"0,80 : 16.03"
"0,81 : 33.97"
"0,82 : 21.59"
"0,83 : 10.2"
"0,84 : 26.31"
"0,85 : 19.65"
"0,86 : 29.73"
"0,87 : 12.73"
"0,88 : 10.44"
"0,89 : 10.2"
"0,90 : 32.25"
"0,91 : 30.89"
"0,92 : 45.0"
"0,93 : 30.81"
"0,94 : 18.11"
"0,95 : 7.21"
"0,96 : 25.94"
"0,97 : 43.0"
"0,98 : 11.4"
"0,99 : 21.59"
"1,0 : 11.4"
"1,1 : 0.0"
"1,2 : 10.0"
"1,3 : 35.36"
"1,4 : 5.0"
"1,5 : 7.0"
"1,6 : 28.32"
"1,7 : 46.67"
"1,8 : 40.61"
"1,9 : 11.7"
"1,10 : 33.0"
"1,11 : 31.26"
"1,12 : 15.0"
"1,13 : 36.67"
"1,14 : 31.58"
"1,15 : 16.12"
"1,16 : 53.81"
"1,17 : 42.54"
"1,18 : 39.2"
"1,19 : 2.24"
"1,20 : 19.1"
"1,21 : 34.44"
"1,22 : 22.36"
"1,23 : 36.88"
"1,24 : 36.24"
"1,25 : 33.29"
"1,26 : 35.01"
"1,27 : 12.81"
"1,28 : 32.65"
"1,29 : 12.21"
"1,30 : 27.2"
"1,31 : 42.01"
"1,32 : 20.62"
"1,33 : 13.0"
"1,34 : 40.26"
"1,35 : 4.47"
"1,36 : 54.49"
"1,37 : 43.93"
"1,38 : 22.02"
"1,39 : 35.81"
"1,40 : 15.3"
"1,41 : 11.18"
"1,42 : 40.71"
"1,43 : 21.38"
"1,44 : 21.02"
"1,45 : 18.44"
"1,46 : 33.12"
"1,47 : 23.41"
"1,48 : 43.68"
"1,49 : 48.41"
"1,50 : 6.32"
"1,51 : 16.28"
"1,52 : 43.57"
"1,53 : 38.21"
"1,54 : 40.25"
"1,55 : 19.92"
"1,56 : 42.44"
"1,57 : 35.0"
"1,58 : 8.94"
"1,59 : 36.06"
"1,60 : 40.16"
"1,61 : 34.99"
"1,62 : 43.91"
"1,63 : 28.43"
"1,64 : 34.71"
"1,65 : 40.05"
"1,66 : 11.18"
"1,67 : 52.2"
"1,68 : 7.28"
"1,69 : 25.06"
"1,70 : 29.97"
"1,71 : 30.53"
"1,72 : 1.0"
"1,73 : 6.08"
"1,74 : 39.46"
"1,75 : 38.08"
"1,76 : 46.65"
"1,77 : 20.25"
"1,78 : 26.91"
"1,79 : 5.66"
"1,80 : 27.29"
"1,81 : 40.5"
"1,82 : 18.97"
"1,83 : 1.41"
"1,84 : 27.46"
"1,85 : 22.63"
"1,86 : 25.02"
"1,87 : 20.88"
"1,88 : 6.08"
"1,89 : 14.76"
"1,90 : 43.57"
"1,91 : 24.33"
"1,92 : 50.33"
"1,93 : 42.2"
"1,94 : 8.6"
"1,95 : 7.62"
"1,96 : 30.48"
"1,97 : 41.48"
"1,98 : 16.12"
"1,99 : 32.98"
"2,0 : 7.07"
"2,1 : 10.0"
"2,2 : 0.0"
"2,3 : 31.78"
"2,4 : 6.71"
"2,5 : 15.26"
"2,6 : 31.78"
"2,7 : 49.09"
"2,8 : 49.73"
"2,9 : 6.4"
"2,10 : 28.16"
"2,11 : 40.26"
"2,12 : 12.04"
"2,13 : 42.2"
"2,14 : 40.8"
"2,15 : 25.3"
"2,16 : 55.61"
"2,17 : 47.43"
"2,18 : 48.05"
"2,19 : 8.06"
"2,20 : 16.4"
"2,21 : 33.97"
"2,22 : 31.62"
"2,23 : 34.0"
"2,24 : 39.81"
"2,25 : 34.06"
"2,26 : 29.83"
"2,27 : 18.11"
"2,28 : 38.08"
"2,29 : 15.52"
"2,30 : 28.84"
"2,31 : 37.11"
"2,32 : 20.62"
"2,33 : 10.63"
"2,34 : 37.59"
"2,35 : 14.42"
"2,36 : 56.4"
"2,37 : 45.8"
"2,38 : 26.25"
"2,39 : 37.01"
"2,40 : 23.19"
"2,41 : 5.0"
"2,42 : 45.88"
"2,43 : 30.68"
"2,44 : 21.4"
"2,45 : 16.97"
"2,46 : 33.24"
"2,47 : 16.0"
"2,48 : 41.18"
"2,49 : 51.88"
"2,50 : 16.12"
"2,51 : 19.92"
"2,52 : 39.92"
"2,53 : 41.18"
"2,54 : 45.61"
"2,55 : 13.15"
"2,56 : 46.62"
"2,57 : 36.4"
"2,58 : 18.87"
"2,59 : 36.88"
"2,60 : 38.28"
"2,61 : 39.85"
"2,62 : 48.7"
"2,63 : 32.31"
"2,64 : 36.89"
"2,65 : 48.66"
"2,66 : 13.6"
"2,67 : 53.08"
"2,68 : 14.32"
"2,69 : 30.59"
"2,70 : 29.7"
"2,71 : 31.24"
"2,72 : 10.63"
"2,73 : 7.28"
"2,74 : 35.85"
"2,75 : 43.01"
"2,76 : 46.69"
"2,77 : 13.04"
"2,78 : 29.53"
"2,79 : 10.77"
"2,80 : 21.38"
"2,81 : 41.04"
"2,82 : 26.0"
"2,83 : 8.6"
"2,84 : 32.28"
"2,85 : 26.0"
"2,86 : 33.38"
"2,87 : 19.8"
"2,88 : 5.39"
"2,89 : 16.55"
"2,90 : 37.01"
"2,91 : 33.53"
"2,92 : 52.01"
"2,93 : 35.06"
"2,94 : 13.34"
"2,95 : 11.05"
"2,96 : 32.76"
"2,97 : 48.26"
"2,98 : 17.89"
"2,99 : 26.0"
"3,0 : 25.3"
"3,1 : 35.36"
"3,2 : 31.78"
"3,3 : 0.0"
"3,4 : 36.4"
"3,5 : 42.3"
"3,6 : 22.63"
"3,7 : 28.07"
"3,8 : 54.67"
"3,9 : 25.63"
"3,10 : 5.39"
"3,11 : 46.87"
"3,12 : 20.62"
"3,13 : 33.84"
"3,14 : 48.55"
"3,15 : 38.6"
"3,16 : 31.4"
"3,17 : 34.93"
"3,18 : 51.74"
"3,19 : 33.54"
"3,20 : 16.28"
"3,21 : 10.77"
"3,22 : 42.54"
"3,23 : 3.16"
"3,24 : 25.94"
"3,25 : 14.76"
"3,26 : 6.0"
"3,27 : 27.46"
"3,28 : 31.24"
"3,29 : 25.08"
"3,30 : 17.03"
"3,31 : 8.06"
"3,32 : 16.28"
"3,33 : 22.56"
"3,34 : 6.4"
"3,35 : 37.01"
"3,36 : 32.39"
"3,37 : 24.08"
"3,38 : 24.19"
"3,39 : 17.09"
"3,40 : 33.53"
"3,41 : 26.93"
"3,42 : 34.89"
"3,43 : 42.15"
"3,44 : 16.49"
"3,45 : 17.03"
"3,46 : 12.53"
"3,47 : 18.38"
"3,48 : 9.9"
"3,49 : 33.38"
"3,50 : 37.01"
"3,51 : 23.77"
"3,52 : 8.25"
"3,53 : 24.7"
"3,54 : 35.36"
"3,55 : 19.42"
"3,56 : 31.95"
"3,57 : 17.46"
"3,58 : 39.12"
"3,59 : 15.81"
"3,60 : 8.54"
"3,61 : 30.23"
"3,62 : 35.47"
"3,63 : 24.04"
"3,64 : 20.12"
"3,65 : 50.93"
"3,66 : 25.0"
"3,67 : 26.93"
"3,68 : 42.58"
"3,69 : 28.6"
"3,70 : 11.31"
"3,71 : 14.21"
"3,72 : 36.35"
"3,73 : 37.64"
"3,74 : 4.12"
"3,75 : 32.25"
"3,76 : 19.65"
"3,77 : 20.0"
"3,78 : 19.85"
"3,79 : 40.02"
"3,80 : 12.04"
"3,81 : 17.03"
"3,82 : 31.78"
"3,83 : 34.53"
"3,84 : 26.91"
"3,85 : 21.95"
"3,86 : 39.45"
"3,87 : 15.03"
"3,88 : 35.74"
"3,89 : 22.09"
"3,90 : 14.42"
"3,91 : 43.38"
"3,92 : 28.16"
"3,93 : 16.16"
"3,94 : 43.17"
"3,95 : 28.07"
"3,96 : 19.21"
"3,97 : 42.44"
"3,98 : 21.21"
"3,99 : 13.34"
"4,0 : 11.18"
"4,1 : 5.0"
"4,2 : 6.71"
"4,3 : 36.4"
"4,4 : 0.0"
"4,5 : 8.6"
"4,6 : 32.2"
"4,7 : 50.33"
"4,8 : 45.54"
"4,9 : 11.05"
"4,10 : 33.38"
"4,11 : 36.22"
"4,12 : 15.81"
"4,13 : 41.23"
"4,14 : 36.5"
"4,15 : 21.1"
"4,16 : 57.28"
"4,17 : 46.96"
"4,18 : 44.18"
"4,19 : 4.47"
"4,20 : 20.25"
"4,21 : 36.89"
"4,22 : 27.29"
"4,23 : 38.28"
"4,24 : 40.22"
"4,25 : 36.24"
"4,26 : 35.23"
"4,27 : 17.0"
"4,28 : 37.16"
"4,29 : 15.62"
"4,30 : 30.41"
"4,31 : 42.43"
"4,32 : 23.02"
"4,33 : 13.93"
"4,34 : 41.79"
"4,35 : 9.22"
"4,36 : 58.0"
"4,37 : 47.38"
"4,38 : 26.08"
"4,39 : 38.95"
"4,40 : 20.22"
"4,41 : 10.0"
"4,42 : 45.19"
"4,43 : 26.31"
"4,44 : 23.6"
"4,45 : 20.12"
"4,46 : 35.81"
"4,47 : 22.2"
"4,48 : 45.31"
"4,49 : 52.43"
"4,50 : 11.18"
"4,51 : 20.0"
"4,52 : 44.64"
"4,53 : 42.01"
"4,54 : 44.78"
"4,55 : 19.03"
"4,56 : 46.65"
"4,57 : 38.21"
"4,58 : 13.6"
"4,59 : 39.05"
"4,60 : 42.05"
"4,61 : 39.36"
"4,62 : 48.3"
"4,63 : 32.45"
"4,64 : 38.21"
"4,65 : 45.04"
"4,66 : 14.14"
"4,67 : 55.32"
"4,68 : 7.62"
"4,69 : 29.55"
"4,70 : 32.45"
"4,71 : 33.42"
"4,72 : 5.1"
"4,73 : 1.41"
"4,74 : 40.52"
"4,75 : 42.49"
"4,76 : 49.41"
"4,77 : 19.1"
"4,78 : 30.48"
"4,79 : 4.12"
"4,80 : 27.02"
"4,81 : 43.42"
"4,82 : 23.77"
"4,83 : 4.12"
"4,84 : 31.76"
"4,85 : 26.4"
"4,86 : 30.02"
"4,87 : 22.83"
"4,88 : 1.41"
"4,89 : 17.69"
"4,90 : 43.05"
"4,91 : 29.27"
"4,92 : 53.74"
"4,93 : 41.3"
"4,94 : 7.0"
"4,95 : 10.63"
"4,96 : 33.97"
"4,97 : 46.32"
"4,98 : 19.1"
"4,99 : 32.14"
"5,0 : 18.25"
"5,1 : 7.0"
"5,2 : 15.26"
"5,3 : 42.3"
"5,4 : 8.6"
"5,5 : 0.0"
"5,6 : 33.42"
"5,7 : 51.86"
"5,8 : 40.0"
"5,9 : 18.44"
"5,10 : 40.0"
"5,11 : 31.14"
"5,12 : 22.0"
"5,13 : 40.22"
"5,14 : 31.02"
"5,15 : 16.76"
"5,16 : 59.2"
"5,17 : 46.4"
"5,18 : 39.12"
"5,19 : 9.06"
"5,20 : 26.08"
"5,21 : 40.85"
"5,22 : 22.2"
"5,23 : 43.74"
"5,24 : 41.04"
"5,25 : 39.36"
"5,26 : 42.01"
"5,27 : 18.03"
"5,28 : 36.4"
"5,29 : 18.38"
"5,30 : 33.12"
"5,31 : 49.01"
"5,32 : 27.2"
"5,33 : 20.0"
"5,34 : 47.07"
"5,35 : 6.4"
"5,36 : 59.82"
"5,37 : 49.41"
"5,38 : 27.02"
"5,39 : 41.68"
"5,40 : 18.03"
"5,41 : 17.72"
"5,42 : 44.41"
"5,43 : 21.21"
"5,44 : 27.51"
"5,45 : 25.32"
"5,46 : 39.4"
"5,47 : 30.08"
"5,48 : 50.45"
"5,49 : 53.04"
"5,50 : 7.81"
"5,51 : 21.95"
"5,52 : 50.49"
"5,53 : 43.28"
"5,54 : 43.83"
"5,55 : 26.68"
"5,56 : 46.75"
"5,57 : 40.82"
"5,58 : 8.54"
"5,59 : 42.06"
"5,60 : 46.84"
"5,61 : 39.05"
"5,62 : 47.8"
"5,63 : 33.3"
"5,64 : 40.22"
"5,65 : 40.31"
"5,66 : 17.72"
"5,67 : 57.98"
"5,68 : 2.0"
"5,69 : 29.07"
"5,70 : 36.4"
"5,71 : 36.67"
"5,72 : 6.0"
"5,73 : 8.49"
"5,74 : 46.39"
"5,75 : 42.01"
"5,76 : 52.77"
"5,77 : 26.93"
"5,78 : 32.45"
"5,79 : 5.0"
"5,80 : 34.23"
"5,81 : 46.53"
"5,82 : 22.2"
"5,83 : 8.06"
"5,84 : 31.83"
"5,85 : 28.02"
"5,86 : 26.25"
"5,87 : 27.66"
"5,88 : 10.0"
"5,89 : 21.19"
"5,90 : 50.49"
"5,91 : 24.19"
"5,92 : 55.8"
"5,93 : 49.03"
"5,94 : 5.0"
"5,95 : 14.32"
"5,96 : 36.06"
"5,97 : 43.86"
"5,98 : 22.47"
"5,99 : 39.81"
"6,0 : 25.3"
"6,1 : 28.32"
"6,2 : 31.78"
"6,3 : 22.63"
"6,4 : 32.2"
"6,5 : 33.42"
"6,6 : 0.0"
"6,7 : 18.44"
"6,8 : 32.2"
"6,9 : 26.25"
"6,10 : 25.24"
"6,11 : 25.08"
"6,12 : 21.38"
"6,13 : 12.37"
"6,14 : 26.93"
"6,15 : 21.59"
"6,16 : 25.81"
"6,17 : 16.12"
"6,18 : 29.21"
"6,19 : 27.8"
"6,20 : 19.0"
"6,21 : 13.42"
"6,22 : 23.02"
"6,23 : 21.4"
"6,24 : 8.06"
"6,25 : 9.49"
"6,26 : 27.2"
"6,27 : 15.56"
"6,28 : 8.94"
"6,29 : 16.64"
"6,30 : 5.83"
"6,31 : 30.48"
"6,32 : 13.0"
"6,33 : 21.84"
"6,34 : 22.83"
"6,35 : 27.02"
"6,36 : 26.4"
"6,37 : 16.12"
"6,38 : 6.4"
"6,39 : 10.0"
"6,40 : 17.09"
"6,41 : 27.51"
"6,42 : 15.0"
"6,43 : 23.0"
"6,44 : 12.0"
"6,45 : 17.03"
"6,46 : 11.18"
"6,47 : 29.15"
"6,48 : 24.7"
"6,49 : 20.25"
"6,50 : 25.81"
"6,51 : 12.21"
"6,52 : 27.78"
"6,53 : 9.9"
"6,54 : 15.03"
"6,55 : 27.0"
"6,56 : 14.87"
"6,57 : 9.0"
"6,58 : 26.42"
"6,59 : 11.05"
"6,60 : 20.62"
"6,61 : 9.06"
"6,62 : 17.26"
"6,63 : 1.41"
"6,64 : 7.28"
"6,65 : 28.32"
"6,66 : 18.36"
"6,67 : 25.08"
"6,68 : 34.71"
"6,69 : 7.07"
"6,70 : 11.31"
"6,71 : 8.6"
"6,72 : 29.0"
"6,73 : 33.6"
"6,74 : 25.0"
"6,75 : 12.0"
"6,76 : 21.21"
"6,77 : 28.0"
"6,78 : 3.16"
"6,79 : 33.97"
"6,80 : 26.25"
"6,81 : 15.03"
"6,82 : 13.34"
"6,83 : 28.43"
"6,84 : 4.47"
"6,85 : 5.83"
"6,86 : 18.44"
"6,87 : 15.03"
"6,88 : 32.45"
"6,89 : 15.23"
"6,90 : 36.88"
"6,91 : 23.19"
"6,92 : 22.47"
"6,93 : 38.01"
"6,94 : 36.77"
"6,95 : 21.63"
"6,96 : 4.12"
"6,97 : 20.62"
"6,98 : 13.93"
"6,99 : 31.78"
"7,0 : 42.19"
"7,1 : 46.67"
"7,2 : 49.09"
"7,3 : 28.07"
"7,4 : 50.33"
"7,5 : 51.86"
"7,6 : 18.44"
"7,7 : 0.0"
"7,8 : 40.61"
"7,9 : 43.05"
"7,10 : 33.0"
"7,11 : 37.05"
"7,12 : 37.59"
"7,13 : 17.0"
"7,14 : 39.05"
"7,15 : 38.91"
"7,16 : 7.62"
"7,17 : 12.65"
"7,18 : 37.48"
"7,19 : 46.01"
"7,20 : 34.01"
"7,21 : 18.11"
"7,22 : 38.6"
"7,23 : 25.18"
"7,24 : 11.18"
"7,25 : 15.81"
"7,26 : 34.06"
"7,27 : 33.97"
"7,28 : 18.44"
"7,29 : 34.71"
"7,30 : 20.25"
"7,31 : 33.24"
"7,32 : 28.65"
"7,33 : 38.59"
"7,34 : 23.77"
"7,35 : 45.45"
"7,36 : 8.06"
"7,37 : 4.0"
"7,38 : 24.84"
"7,39 : 12.65"
"7,40 : 34.99"
"7,41 : 44.42"
"7,42 : 14.32"
"7,43 : 38.9"
"7,44 : 27.78"
"7,45 : 32.65"
"7,46 : 17.46"
"7,47 : 42.45"
"7,48 : 22.85"
"7,49 : 5.83"
"7,50 : 44.2"
"7,51 : 30.41"
"7,52 : 27.86"
"7,53 : 8.6"
"7,54 : 15.3"
"7,55 : 41.44"
"7,56 : 9.22"
"7,57 : 13.0"
"7,58 : 44.65"
"7,59 : 13.34"
"7,60 : 20.62"
"7,61 : 15.3"
"7,62 : 12.08"
"7,63 : 18.6"
"7,64 : 12.21"
"7,65 : 35.69"
"7,66 : 36.24"
"7,67 : 9.22"
"7,68 : 53.15"
"7,69 : 23.71"
"7,70 : 20.88"
"7,71 : 18.38"
"7,72 : 47.38"
"7,73 : 51.74"
"7,74 : 27.66"
"7,75 : 14.0"
"7,76 : 11.4"
"7,77 : 42.38"
"7,78 : 19.85"
"7,79 : 52.33"
"7,80 : 37.48"
"7,81 : 11.05"
"7,82 : 30.89"
"7,83 : 46.69"
"7,84 : 20.59"
"7,85 : 24.04"
"7,86 : 32.98"
"7,87 : 29.97"
"7,88 : 50.45"
"7,89 : 32.8"
"7,90 : 41.23"
"7,91 : 38.08"
"7,92 : 5.0"
"7,93 : 43.74"
"7,94 : 55.17"
"7,95 : 39.7"
"7,96 : 16.4"
"7,97 : 23.09"
"7,98 : 31.4"
"7,99 : 41.01"
"8,0 : 46.62"
"8,1 : 40.61"
"8,2 : 49.73"
"8,3 : 54.67"
"8,4 : 45.54"
"8,5 : 40.0"
"8,6 : 32.2"
"8,7 : 40.61"
"8,8 : 0.0"
"8,9 : 47.54"
"8,10 : 56.57"
"8,11 : 9.49"
"8,12 : 45.65"
"8,13 : 24.04"
"8,14 : 9.06"
"8,15 : 24.52"
"8,16 : 47.17"
"8,17 : 28.16"
"8,18 : 3.16"
"8,19 : 41.98"
"8,20 : 46.04"
"8,21 : 45.49"
"8,22 : 18.25"
"8,23 : 53.6"
"8,24 : 32.31"
"8,25 : 41.34"
"8,26 : 58.69"
"8,27 : 33.54"
"8,28 : 24.6"
"8,29 : 37.12"
"8,30 : 37.64"
"8,31 : 62.63"
"8,32 : 41.23"
"8,33 : 44.72"
"8,34 : 54.92"
"8,35 : 36.35"
"8,36 : 47.1"
"8,37 : 41.48"
"8,38 : 31.14"
"8,39 : 40.71"
"8,40 : 26.93"
"8,41 : 48.1"
"8,42 : 26.31"
"8,43 : 19.24"
"8,44 : 40.46"
"8,45 : 43.83"
"8,46 : 43.27"
"8,47 : 56.08"
"8,48 : 56.44"
"8,49 : 37.05"
"8,50 : 34.37"
"8,51 : 34.67"
"8,52 : 59.91"
"8,53 : 35.11"
"8,54 : 25.32"
"8,55 : 52.84"
"8,56 : 31.4"
"8,57 : 39.82"
"8,58 : 32.14"
"8,59 : 42.06"
"8,60 : 52.48"
"8,61 : 26.93"
"8,62 : 29.07"
"8,63 : 30.81"
"8,64 : 37.12"
"8,65 : 5.0"
"8,66 : 38.91"
"8,67 : 49.82"
"8,68 : 42.0"
"8,69 : 26.17"
"8,70 : 43.42"
"8,71 : 40.8"
"8,72 : 40.45"
"8,73 : 46.39"
"8,74 : 57.2"
"8,75 : 26.93"
"8,76 : 49.65"
"8,77 : 53.71"
"8,78 : 34.83"
"8,79 : 44.1"
"8,80 : 55.61"
"8,81 : 44.78"
"8,82 : 25.55"
"8,83 : 41.77"
"8,84 : 27.8"
"8,85 : 33.24"
"8,86 : 17.0"
"8,87 : 43.42"
"8,88 : 46.69"
"8,89 : 38.59"
"8,90 : 68.62"
"8,91 : 16.28"
"8,92 : 45.54"
"8,93 : 69.31"
"8,94 : 45.0"
"8,95 : 39.56"
"8,96 : 36.06"
"8,97 : 18.0"
"8,98 : 38.28"
"8,99 : 61.85"
"9,0 : 1.0"
"9,1 : 11.7"
"9,2 : 6.4"
"9,3 : 25.63"
"9,4 : 11.05"
"9,5 : 18.44"
"9,6 : 26.25"
"9,7 : 43.05"
"9,8 : 47.54"
"9,9 : 0.0"
"9,10 : 22.36"
"9,11 : 38.08"
"9,12 : 5.66"
"9,13 : 37.34"
"9,14 : 38.91"
"9,15 : 23.85"
"9,16 : 49.41"
"9,17 : 42.2"
"9,18 : 45.54"
"9,19 : 9.49"
"9,20 : 10.0"
"9,21 : 27.59"
"9,22 : 30.02"
"9,23 : 27.73"
"9,24 : 34.18"
"9,25 : 27.8"
"9,26 : 24.19"
"9,27 : 14.32"
"9,28 : 33.24"
"9,29 : 11.05"
"9,30 : 22.83"
"9,31 : 31.4"
"9,32 : 14.42"
"9,33 : 4.47"
"9,34 : 31.3"
"9,35 : 15.26"
"9,36 : 50.22"
"9,37 : 39.66"
"9,38 : 21.21"
"9,39 : 30.81"
"9,40 : 20.62"
"9,41 : 1.41"
"9,42 : 40.79"
"9,43 : 29.15"
"9,44 : 15.26"
"9,45 : 10.63"
"9,46 : 26.91"
"9,47 : 11.7"
"9,48 : 34.89"
"9,49 : 46.1"
"9,50 : 16.4"
"9,51 : 15.03"
"9,52 : 33.84"
"9,53 : 35.34"
"9,54 : 40.61"
"9,55 : 8.25"
"9,56 : 41.11"
"9,57 : 30.23"
"9,58 : 19.21"
"9,59 : 30.61"
"9,60 : 31.91"
"9,61 : 34.71"
"9,62 : 43.42"
"9,63 : 26.93"
"9,64 : 30.89"
"9,65 : 45.88"
"9,66 : 9.06"
"9,67 : 46.75"
"9,68 : 18.11"
"9,69 : 26.02"
"9,70 : 23.35"
"9,71 : 25.0"
"9,72 : 12.65"
"9,73 : 12.17"
"9,74 : 29.73"
"9,75 : 37.85"
"9,76 : 40.31"
"9,77 : 8.54"
"9,78 : 23.77"
"9,79 : 15.0"
"9,80 : 16.0"
"9,81 : 34.71"
"9,82 : 22.56"
"9,83 : 10.44"
"9,84 : 27.29"
"9,85 : 20.62"
"9,86 : 30.68"
"9,87 : 13.45"
"9,88 : 10.2"
"9,89 : 11.18"
"9,90 : 32.14"
"9,91 : 31.76"
"9,92 : 45.8"
"9,93 : 30.59"
"9,94 : 18.03"
"9,95 : 8.06"
"9,96 : 26.83"
"9,97 : 44.0"
"9,98 : 12.37"
"9,99 : 21.38"
"10,0 : 22.2"
"10,1 : 33.0"
"10,2 : 28.16"
"10,3 : 5.39"
"10,4 : 33.38"
"10,5 : 40.0"
"10,6 : 25.24"
"10,7 : 33.0"
"10,8 : 56.57"
"10,9 : 22.36"
"10,10 : 0.0"
"10,11 : 48.27"
"10,12 : 18.0"
"10,13 : 37.12"
"10,14 : 49.82"
"10,15 : 38.48"
"10,16 : 36.67"
"10,17 : 38.9"
"10,18 : 53.76"
"10,19 : 31.02"
"10,20 : 14.14"
"10,21 : 15.13"
"10,22 : 43.05"
"10,23 : 8.54"
"10,24 : 29.73"
"10,25 : 18.68"
"10,26 : 2.24"
"10,27 : 26.93"
"10,28 : 34.13"
"10,29 : 24.04"
"10,30 : 19.42"
"10,31 : 9.06"
"10,32 : 16.12"
"10,33 : 20.0"
"10,34 : 11.66"
"10,35 : 35.23"
"10,36 : 37.66"
"10,37 : 29.0"
"10,38 : 25.5"
"10,39 : 21.38"
"10,40 : 33.54"
"10,41 : 23.54"
"10,42 : 38.63"
"10,43 : 42.54"
"10,44 : 16.64"
"10,45 : 15.52"
"10,46 : 16.49"
"10,47 : 13.6"
"10,48 : 15.0"
"10,49 : 38.12"
"10,50 : 35.51"
"10,51 : 23.71"
"10,52 : 12.21"
"10,53 : 28.86"
"10,54 : 39.0"
"10,55 : 15.23"
"10,56 : 36.14"
"10,57 : 21.59"
"10,58 : 37.85"
"10,59 : 20.22"
"10,60 : 13.93"
"10,61 : 33.54"
"10,62 : 39.56"
"10,63 : 26.63"
"10,64 : 24.04"
"10,65 : 53.15"
"10,66 : 23.54"
"10,67 : 32.28"
"10,68 : 40.05"
"10,69 : 30.41"
"10,70 : 14.32"
"10,71 : 17.46"
"10,72 : 34.0"
"10,73 : 34.53"
"10,74 : 8.49"
"10,75 : 35.85"
"10,76 : 25.0"
"10,77 : 15.65"
"10,78 : 22.2"
"10,79 : 37.22"
"10,80 : 7.21"
"10,81 : 22.02"
"10,82 : 32.45"
"10,83 : 32.02"
"10,84 : 29.21"
"10,85 : 23.35"
"10,86 : 40.61"
"10,87 : 14.32"
"10,88 : 32.56"
"10,89 : 21.19"
"10,90 : 12.21"
"10,91 : 44.1"
"10,92 : 33.38"
"10,93 : 12.81"
"10,94 : 40.31"
"10,95 : 26.17"
"10,96 : 22.36"
"10,97 : 45.65"
"10,98 : 20.62"
"10,99 : 8.06"
"11,0 : 37.16"
"11,1 : 31.26"
"11,2 : 40.26"
"11,3 : 46.87"
"11,4 : 36.22"
"11,5 : 31.14"
"11,6 : 25.08"
"11,7 : 37.05"
"11,8 : 9.49"
"11,9 : 38.08"
"11,10 : 48.27"
"11,11 : 0.0"
"11,12 : 36.36"
"11,13 : 20.1"
"11,14 : 2.0"
"11,15 : 15.13"
"11,16 : 44.28"
"11,17 : 25.71"
"11,18 : 8.0"
"11,19 : 32.56"
"11,20 : 37.01"
"11,21 : 38.48"
"11,22 : 9.0"
"11,23 : 46.14"
"11,24 : 27.17"
"11,25 : 34.54"
"11,26 : 50.45"
"11,27 : 24.19"
"11,28 : 19.1"
"11,29 : 27.78"
"11,30 : 30.02"
"11,31 : 54.92"
"11,32 : 32.53"
"11,33 : 35.36"
"11,34 : 47.85"
"11,35 : 27.07"
"11,36 : 44.41"
"11,37 : 37.05"
"11,38 : 22.8"
"11,39 : 34.48"
"11,40 : 17.46"
"11,41 : 38.63"
"11,42 : 23.54"
"11,43 : 10.0"
"11,44 : 31.83"
"11,45 : 34.83"
"11,46 : 36.25"
"11,47 : 46.87"
"11,48 : 49.77"
"11,49 : 34.71"
"11,50 : 25.08"
"11,51 : 25.61"
"11,52 : 52.77"
"11,53 : 30.15"
"11,54 : 22.56"
"11,55 : 43.57"
"11,56 : 28.28"
"11,57 : 33.53"
"11,58 : 23.0"
"11,59 : 35.74"
"11,60 : 45.69"
"11,61 : 22.02"
"11,62 : 26.93"
"11,63 : 23.77"
"11,64 : 31.05"
"11,65 : 9.22"
"11,66 : 29.53"
"11,67 : 46.0"
"11,68 : 33.14"
"11,69 : 18.36"
"11,70 : 35.85"
"11,71 : 33.54"
"11,72 : 31.14"
"11,73 : 37.12"
"11,74 : 49.74"
"11,75 : 23.09"
"11,76 : 44.55"
"11,77 : 44.42"
"11,78 : 27.29"
"11,79 : 35.0"
"11,80 : 46.75"
"11,81 : 39.05"
"11,82 : 16.4"
"11,83 : 32.39"
"11,84 : 20.62"
"11,85 : 25.0"
"11,86 : 7.81"
"11,87 : 34.66"
"11,88 : 37.34"
"11,89 : 29.41"
"11,90 : 60.44"
"11,91 : 7.0"
"11,92 : 42.05"
"11,93 : 60.88"
"11,94 : 36.12"
"11,95 : 30.08"
"11,96 : 29.15"
"11,97 : 17.49"
"11,98 : 29.21"
"11,99 : 53.08"
"12,0 : 5.0"
"12,1 : 15.0"
"12,2 : 12.04"
"12,3 : 20.62"
"12,4 : 15.81"
"12,5 : 22.0"
"12,6 : 21.38"
"12,7 : 37.59"
"12,8 : 45.65"
"12,9 : 5.66"
"12,10 : 18.0"
"12,11 : 36.36"
"12,12 : 0.0"
"12,13 : 33.02"
"12,14 : 37.44"
"12,15 : 23.35"
"12,16 : 43.83"
"12,17 : 37.48"
"12,18 : 43.38"
"12,19 : 13.04"
"12,20 : 4.47"
"12,21 : 21.93"
"12,22 : 29.07"
"12,23 : 22.47"
"12,24 : 29.12"
"12,25 : 22.2"
"12,26 : 20.02"
"12,27 : 12.21"
"12,28 : 29.0"
"12,29 : 8.6"
"12,30 : 17.46"
"12,31 : 27.02"
"12,32 : 8.94"
"12,33 : 2.0"
"12,34 : 26.0"
"12,35 : 17.46"
"12,36 : 44.65"
"12,37 : 34.13"
"12,38 : 17.03"
"12,39 : 25.24"
"12,40 : 19.21"
"12,41 : 7.07"
"12,42 : 36.22"
"12,43 : 28.32"
"12,44 : 9.85"
"12,45 : 5.0"
"12,46 : 21.26"
"12,47 : 10.63"
"12,48 : 29.55"
"12,49 : 40.85"
"12,50 : 18.03"
"12,51 : 11.4"
"12,52 : 28.86"
"12,53 : 30.08"
"12,54 : 36.12"
"12,55 : 7.21"
"12,56 : 36.14"
"12,57 : 24.7"
"12,58 : 20.62"
"12,59 : 25.0"
"12,60 : 26.42"
"12,61 : 30.15"
"12,62 : 38.64"
"12,63 : 22.2"
"12,64 : 25.5"
"12,65 : 43.46"
"12,66 : 7.07"
"12,67 : 41.11"
"12,68 : 22.09"
"12,69 : 22.2"
"12,70 : 17.69"
"12,71 : 19.42"
"12,72 : 16.0"
"12,73 : 17.09"
"12,74 : 24.74"
"12,75 : 33.24"
"12,76 : 34.66"
"12,77 : 8.06"
"12,78 : 18.68"
"12,79 : 19.42"
"12,80 : 12.65"
"12,81 : 29.07"
"12,82 : 20.12"
"12,83 : 14.04"
"12,84 : 23.0"
"12,85 : 16.03"
"12,86 : 28.65"
"12,87 : 7.81"
"12,88 : 15.23"
"12,89 : 7.28"
"12,90 : 28.86"
"12,91 : 30.61"
"12,92 : 40.22"
"12,93 : 27.86"
"12,94 : 22.56"
"12,95 : 8.54"
"12,96 : 21.54"
"12,97 : 40.2"
"12,98 : 8.06"
"12,99 : 18.79"
"13,0 : 36.35"
"13,1 : 36.67"
"13,2 : 42.2"
"13,3 : 33.84"
"13,4 : 41.23"
"13,5 : 40.22"
"13,6 : 12.37"
"13,7 : 17.0"
"13,8 : 24.04"
"13,9 : 37.34"
"13,10 : 37.12"
"13,11 : 20.1"
"13,12 : 33.02"
"13,13 : 0.0"
"13,14 : 22.09"
"13,15 : 24.76"
"13,16 : 24.19"
"13,17 : 6.4"
"13,18 : 20.88"
"13,19 : 36.77"
"13,20 : 31.14"
"13,21 : 23.43"
"13,22 : 22.83"
"13,23 : 32.02"
"13,24 : 8.6"
"13,25 : 19.21"
"13,26 : 38.95"
"13,27 : 24.35"
"13,28 : 4.12"
"13,29 : 26.68"
"13,30 : 18.03"
"13,31 : 41.23"
"13,32 : 25.18"
"13,33 : 33.14"
"13,34 : 32.53"
"13,35 : 34.13"
"13,36 : 24.33"
"13,37 : 17.46"
"13,38 : 16.12"
"13,39 : 17.69"
"13,40 : 22.2"
"13,41 : 38.47"
"13,42 : 4.24"
"13,43 : 23.32"
"13,44 : 24.19"
"13,45 : 29.07"
"13,46 : 21.4"
"13,47 : 41.44"
"13,48 : 33.42"
"13,49 : 14.87"
"13,50 : 32.45"
"13,51 : 22.36"
"13,52 : 37.48"
"13,53 : 11.18"
"13,54 : 3.61"
"13,55 : 39.12"
"13,56 : 8.25"
"13,57 : 16.97"
"13,58 : 32.02"
"13,59 : 19.1"
"13,60 : 29.73"
"13,61 : 3.61"
"13,62 : 7.81"
"13,63 : 11.18"
"13,64 : 14.14"
"13,65 : 19.31"
"13,66 : 28.64"
"13,67 : 26.08"
"13,68 : 41.88"
"13,69 : 11.7"
"13,70 : 22.83"
"13,71 : 19.72"
"13,72 : 37.12"
"13,73 : 42.54"
"13,74 : 35.47"
"13,75 : 3.0"
"13,76 : 25.63"
"13,77 : 40.11"
"13,78 : 15.52"
"13,79 : 42.06"
"13,80 : 38.6"
"13,81 : 21.1"
"13,82 : 18.03"
"13,83 : 37.16"
"13,84 : 10.05"
"13,85 : 17.0"
"13,86 : 17.0"
"13,87 : 27.29"
"13,88 : 41.79"
"13,89 : 26.17"
"13,90 : 48.26"
"13,91 : 21.93"
"13,92 : 22.0"
"13,93 : 49.74"
"13,94 : 44.42"
"13,95 : 31.32"
"13,96 : 14.76"
"13,97 : 8.6"
"13,98 : 25.08"
"13,99 : 44.01"
"14,0 : 38.01"
"14,1 : 31.58"
"14,2 : 40.8"
"14,3 : 48.55"
"14,4 : 36.5"
"14,5 : 31.02"
"14,6 : 26.93"
"14,7 : 39.05"
"14,8 : 9.06"
"14,9 : 38.91"
"14,10 : 49.82"
"14,11 : 2.0"
"14,12 : 37.44"
"14,13 : 22.09"
"14,14 : 0.0"
"14,15 : 15.52"
"14,16 : 46.27"
"14,17 : 27.66"
"14,18 : 8.25"
"14,19 : 32.98"
"14,20 : 38.29"
"14,21 : 40.31"
"14,22 : 9.22"
"14,23 : 47.89"
"14,24 : 29.15"
"14,25 : 36.4"
"14,26 : 52.01"
"14,27 : 25.24"
"14,28 : 21.1"
"14,29 : 28.84"
"14,30 : 31.76"
"14,31 : 56.6"
"14,32 : 33.97"
"14,33 : 36.36"
"14,34 : 49.66"
"14,35 : 27.29"
"14,36 : 46.39"
"14,37 : 39.05"
"14,38 : 24.41"
"14,39 : 36.4"
"14,40 : 18.36"
"14,41 : 39.4"
"14,42 : 25.5"
"14,43 : 10.2"
"14,44 : 33.3"
"14,45 : 36.12"
"14,46 : 38.08"
"14,47 : 48.01"
"14,48 : 51.62"
"14,49 : 36.67"
"14,50 : 25.32"
"14,51 : 26.91"
"14,52 : 54.56"
"14,53 : 32.14"
"14,54 : 24.52"
"14,55 : 44.65"
"14,56 : 30.27"
"14,57 : 35.44"
"14,58 : 23.09"
"14,59 : 37.64"
"14,60 : 47.54"
"14,61 : 24.02"
"14,62 : 28.86"
"14,63 : 25.63"
"14,64 : 32.98"
"14,65 : 9.85"
"14,66 : 30.53"
"14,67 : 48.0"
"14,68 : 33.02"
"14,69 : 20.12"
"14,70 : 37.59"
"14,71 : 35.34"
"14,72 : 31.4"
"14,73 : 37.34"
"14,74 : 51.48"
"14,75 : 25.08"
"14,76 : 46.53"
"14,77 : 45.49"
"14,78 : 29.07"
"14,79 : 35.06"
"14,80 : 48.1"
"14,81 : 41.0"
"14,82 : 17.69"
"14,83 : 32.76"
"14,84 : 22.47"
"14,85 : 26.63"
"14,86 : 9.22"
"14,87 : 36.07"
"14,88 : 37.66"
"14,89 : 30.61"
"14,90 : 62.01"
"14,91 : 7.28"
"14,92 : 44.05"
"14,93 : 62.37"
"14,94 : 36.01"
"14,95 : 30.87"
"14,96 : 31.02"
"14,97 : 19.24"
"14,98 : 30.48"
"14,99 : 54.45"
"15,0 : 23.02"
"15,1 : 16.12"
"15,2 : 25.3"
"15,3 : 38.6"
"15,4 : 21.1"
"15,5 : 16.76"
"15,6 : 21.59"
"15,7 : 38.91"
"15,8 : 24.52"
"15,9 : 23.85"
"15,10 : 38.48"
"15,11 : 15.13"
"15,12 : 23.35"
"15,13 : 24.76"
"15,14 : 15.52"
"15,15 : 0.0"
"15,16 : 46.52"
"15,17 : 31.14"
"15,18 : 23.09"
"15,19 : 17.46"
"15,20 : 25.24"
"15,21 : 33.02"
"15,22 : 6.32"
"15,23 : 38.83"
"15,24 : 27.73"
"15,25 : 30.07"
"15,26 : 40.72"
"15,27 : 11.66"
"15,28 : 21.4"
"15,29 : 15.0"
"15,30 : 24.0"
"15,31 : 46.49"
"15,32 : 22.47"
"15,33 : 21.93"
"15,34 : 41.44"
"15,35 : 12.0"
"15,36 : 46.96"
"15,37 : 37.34"
"15,38 : 16.03"
"15,39 : 31.4"
"15,40 : 5.1"
"15,41 : 24.19"
"15,42 : 29.0"
"15,43 : 5.39"
"15,44 : 22.14"
"15,45 : 23.32"
"15,46 : 31.0"
"15,47 : 33.94"
"15,48 : 44.18"
"15,49 : 38.83"
"15,50 : 10.0"
"15,51 : 14.87"
"15,52 : 45.89"
"15,53 : 30.46"
"15,54 : 28.28"
"15,55 : 30.41"
"15,56 : 32.2"
"15,57 : 30.41"
"15,58 : 8.25"
"15,59 : 32.25"
"15,60 : 40.11"
"15,61 : 24.41"
"15,62 : 32.56"
"15,63 : 20.88"
"15,64 : 28.86"
"15,65 : 24.0"
"15,66 : 16.28"
"15,67 : 46.49"
"15,68 : 18.68"
"15,69 : 15.23"
"15,70 : 29.15"
"15,71 : 28.0"
"15,72 : 16.03"
"15,73 : 22.02"
"15,74 : 42.2"
"15,75 : 27.02"
"15,76 : 42.76"
"15,77 : 31.14"
"15,78 : 22.09"
"15,79 : 20.1"
"15,80 : 35.23"
"15,81 : 36.5"
"15,82 : 8.25"
"15,83 : 17.26"
"15,84 : 18.38"
"15,85 : 18.0"
"15,86 : 9.49"
"15,87 : 24.17"
"15,88 : 22.2"
"15,89 : 17.49"
"15,90 : 50.54"
"15,91 : 8.25"
"15,92 : 43.46"
"15,93 : 50.25"
"15,94 : 21.59"
"15,95 : 15.81"
"15,96 : 25.32"
"15,97 : 27.29"
"15,98 : 17.89"
"15,99 : 41.62"
"16,0 : 48.6"
"16,1 : 53.81"
"16,2 : 55.61"
"16,3 : 31.4"
"16,4 : 57.28"
"16,5 : 59.2"
"16,6 : 25.81"
"16,7 : 7.62"
"16,8 : 47.17"
"16,9 : 49.41"
"16,10 : 36.67"
"16,11 : 44.28"
"16,12 : 43.83"
"16,13 : 24.19"
"16,14 : 46.27"
"16,15 : 46.52"
"16,16 : 0.0"
"16,17 : 19.03"
"16,18 : 44.1"
"16,19 : 53.04"
"16,20 : 39.96"
"16,21 : 22.85"
"16,22 : 46.17"
"16,23 : 28.28"
"16,24 : 18.79"
"16,25 : 21.63"
"16,26 : 37.34"
"16,27 : 41.23"
"16,28 : 25.96"
"16,29 : 41.73"
"16,30 : 26.91"
"16,31 : 35.06"
"16,32 : 35.0"
"16,33 : 45.0"
"16,34 : 26.02"
"16,35 : 52.8"
"16,36 : 1.0"
"16,37 : 9.9"
"16,38 : 32.2"
"16,39 : 18.6"
"16,40 : 42.54"
"16,41 : 50.8"
"16,42 : 21.0"
"16,43 : 46.49"
"16,44 : 34.21"
"16,45 : 38.83"
"16,46 : 22.83"
"16,47 : 47.54"
"16,48 : 24.08"
"16,49 : 10.2"
"16,50 : 51.61"
"16,51 : 37.54"
"16,52 : 29.15"
"16,53 : 16.12"
"16,54 : 22.0"
"16,55 : 46.96"
"16,56 : 16.03"
"16,57 : 19.21"
"16,58 : 52.15"
"16,59 : 18.87"
"16,60 : 23.09"
"16,61 : 22.8"
"16,62 : 18.11"
"16,63 : 26.08"
"16,64 : 19.1"
"16,65 : 42.19"
"16,66 : 43.14"
"16,67 : 5.39"
"16,68 : 60.44"
"16,69 : 31.3"
"16,70 : 26.42"
"16,71 : 24.41"
"16,72 : 54.56"
"16,73 : 58.69"
"16,74 : 30.02"
"16,75 : 21.21"
"16,76 : 12.0"
"16,77 : 47.85"
"16,78 : 26.91"
"16,79 : 59.46"
"16,80 : 42.06"
"16,81 : 15.23"
"16,82 : 38.47"
"16,83 : 53.76"
"16,84 : 28.18"
"16,85 : 31.24"
"16,86 : 40.52"
"16,87 : 36.06"
"16,88 : 57.31"
"16,89 : 39.62"
"16,90 : 43.1"
"16,91 : 45.61"
"16,92 : 3.61"
"16,93 : 46.01"
"16,94 : 62.37"
"16,95 : 46.67"
"16,96 : 23.35"
"16,97 : 29.27"
"16,98 : 38.21"
"16,99 : 44.72"
"17,0 : 41.23"
"17,1 : 42.54"
"17,2 : 47.43"
"17,3 : 34.93"
"17,4 : 46.96"
"17,5 : 46.4"
"17,6 : 16.12"
"17,7 : 12.65"
"17,8 : 28.16"
"17,9 : 42.2"
"17,10 : 38.9"
"17,11 : 25.71"
"17,12 : 37.48"
"17,13 : 6.4"
"17,14 : 27.66"
"17,15 : 31.14"
"17,16 : 19.03"
"17,17 : 0.0"
"17,18 : 25.08"
"17,19 : 42.49"
"17,20 : 35.06"
"17,21 : 24.17"
"17,22 : 29.15"
"17,23 : 32.65"
"17,24 : 9.22"
"17,25 : 20.25"
"17,26 : 40.5"
"17,27 : 29.97"
"17,28 : 10.0"
"17,29 : 31.95"
"17,30 : 21.02"
"17,31 : 41.68"
"17,32 : 29.07"
"17,33 : 37.85"
"17,34 : 32.45"
"17,35 : 40.22"
"17,36 : 19.0"
"17,37 : 14.42"
"17,38 : 21.19"
"17,39 : 17.89"
"17,40 : 28.43"
"17,41 : 43.42"
"17,42 : 2.24"
"17,43 : 29.68"
"17,44 : 28.07"
"17,45 : 33.14"
"17,46 : 22.47"
"17,47 : 45.01"
"17,48 : 32.65"
"17,49 : 9.06"
"17,50 : 38.6"
"17,51 : 27.51"
"17,52 : 37.2"
"17,53 : 10.3"
"17,54 : 3.16"
"17,55 : 43.05"
"17,56 : 3.61"
"17,57 : 17.46"
"17,58 : 38.29"
"17,59 : 19.24"
"17,60 : 29.41"
"17,61 : 7.62"
"17,62 : 1.41"
"17,63 : 15.3"
"17,64 : 14.87"
"17,65 : 23.19"
"17,66 : 33.84"
"17,67 : 21.84"
"17,68 : 48.01"
"17,69 : 17.49"
"17,70 : 24.74"
"17,71 : 21.59"
"17,72 : 43.05"
"17,73 : 48.3"
"17,74 : 35.85"
"17,75 : 4.47"
"17,76 : 23.02"
"17,77 : 44.05"
"17,78 : 19.03"
"17,79 : 48.02"
"17,80 : 41.44"
"17,81 : 19.85"
"17,82 : 24.21"
"17,83 : 42.94"
"17,84 : 15.23"
"17,85 : 21.59"
"17,86 : 23.32"
"17,87 : 31.02"
"17,88 : 47.42"
"17,89 : 31.05"
"17,90 : 49.19"
"17,91 : 28.18"
"17,92 : 17.46"
"17,93 : 51.08"
"17,94 : 50.48"
"17,95 : 36.77"
"17,96 : 17.12"
"17,97 : 10.44"
"17,98 : 29.83"
"17,99 : 46.32"
"18,0 : 44.6"
"18,1 : 39.2"
"18,2 : 48.05"
"18,3 : 51.74"
"18,4 : 44.18"
"18,5 : 39.12"
"18,6 : 29.21"
"18,7 : 37.48"
"18,8 : 3.16"
"18,9 : 45.54"
"18,10 : 53.76"
"18,11 : 8.0"
"18,12 : 43.38"
"18,13 : 20.88"
"18,14 : 8.25"
"18,15 : 23.09"
"18,16 : 44.1"
"18,17 : 25.08"
"18,18 : 0.0"
"18,19 : 40.45"
"18,20 : 43.57"
"18,21 : 42.44"
"18,22 : 17.0"
"18,23 : 50.61"
"18,24 : 29.15"
"18,25 : 38.28"
"18,26 : 55.87"
"18,27 : 31.38"
"18,28 : 21.47"
"18,29 : 34.93"
"18,30 : 34.71"
"18,31 : 59.67"
"18,32 : 38.6"
"18,33 : 42.54"
"18,34 : 51.87"
"18,35 : 35.06"
"18,36 : 44.05"
"18,37 : 38.33"
"18,38 : 28.43"
"18,39 : 37.59"
"18,40 : 25.0"
"18,41 : 46.17"
"18,42 : 23.19"
"18,43 : 18.0"
"18,44 : 37.8"
"18,45 : 41.34"
"18,46 : 40.22"
"18,47 : 53.71"
"18,48 : 53.34"
"18,49 : 34.01"
"18,50 : 33.06"
"18,51 : 32.25"
"18,52 : 56.86"
"18,53 : 31.95"
"18,54 : 22.2"
"18,55 : 50.54"
"18,56 : 28.28"
"18,57 : 36.72"
"18,58 : 31.0"
"18,59 : 38.95"
"18,60 : 49.4"
"18,61 : 23.77"
"18,62 : 26.02"
"18,63 : 27.8"
"18,64 : 34.0"
"18,65 : 2.24"
"18,66 : 36.77"
"18,67 : 46.69"
"18,68 : 41.11"
"18,69 : 23.35"
"18,70 : 40.46"
"18,71 : 37.8"
"18,72 : 39.12"
"18,73 : 45.1"
"18,74 : 54.2"
"18,75 : 23.77"
"18,76 : 46.49"
"18,77 : 51.43"
"18,78 : 31.89"
"18,79 : 43.0"
"18,80 : 53.01"
"18,81 : 41.63"
"18,82 : 23.26"
"18,83 : 40.31"
"18,84 : 24.84"
"18,85 : 30.48"
"18,86 : 14.87"
"18,87 : 40.8"
"18,88 : 45.28"
"18,89 : 36.24"
"18,90 : 65.76"
"18,91 : 15.0"
"18,92 : 42.43"
"18,93 : 66.53"
"18,94 : 44.1"
"18,95 : 37.64"
"18,96 : 33.02"
"18,97 : 15.03"
"18,98 : 35.85"
"18,99 : 59.2"
"19,0 : 9.22"
"19,1 : 2.24"
"19,2 : 8.06"
"19,3 : 33.54"
"19,4 : 4.47"
"19,5 : 9.06"
"19,6 : 27.8"
"19,7 : 46.01"
"19,8 : 41.98"
"19,9 : 9.49"
"19,10 : 31.02"
"19,11 : 32.56"
"19,12 : 13.04"
"19,13 : 36.77"
"19,14 : 32.98"
"19,15 : 17.46"
"19,16 : 53.04"
"19,17 : 42.49"
"19,18 : 40.45"
"19,19 : 0.0"
"19,20 : 17.26"
"19,21 : 33.12"
"19,22 : 23.77"
"19,23 : 35.17"
"19,24 : 35.81"
"19,25 : 32.2"
"19,26 : 33.0"
"19,27 : 12.53"
"19,28 : 32.7"
"19,29 : 11.31"
"19,30 : 26.25"
"19,31 : 40.05"
"19,32 : 19.24"
"19,33 : 11.05"
"19,34 : 38.6"
"19,35 : 6.4"
"19,36 : 53.74"
"19,37 : 43.14"
"19,38 : 21.63"
"19,39 : 34.83"
"19,40 : 16.03"
"19,41 : 8.94"
"19,42 : 40.72"
"19,43 : 22.8"
"19,44 : 19.72"
"19,45 : 16.76"
"19,46 : 31.91"
"19,47 : 21.19"
"19,48 : 42.06"
"19,49 : 48.01"
"19,50 : 8.06"
"19,51 : 15.62"
"19,52 : 41.77"
"19,53 : 37.64"
"19,54 : 40.31"
"19,55 : 17.72"
"19,56 : 42.19"
"19,57 : 34.06"
"19,58 : 10.82"
"19,59 : 35.0"
"19,60 : 38.63"
"19,61 : 34.89"
"19,62 : 43.83"
"19,63 : 28.02"
"19,64 : 33.94"
"19,65 : 41.19"
"19,66 : 10.0"
"19,67 : 51.22"
"19,68 : 9.06"
"19,69 : 25.08"
"19,70 : 28.65"
"19,71 : 29.41"
"19,72 : 3.16"
"19,73 : 5.83"
"19,74 : 37.66"
"19,75 : 38.01"
"19,76 : 45.49"
"19,77 : 18.03"
"19,78 : 26.17"
"19,79 : 6.71"
"19,80 : 25.18"
"19,81 : 39.41"
"19,82 : 19.42"
"19,83 : 1.0"
"19,84 : 27.29"
"19,85 : 22.02"
"19,86 : 26.02"
"19,87 : 19.31"
"19,88 : 5.1"
"19,89 : 13.6"
"19,90 : 41.44"
"19,91 : 25.71"
"19,92 : 49.52"
"19,93 : 40.02"
"19,94 : 9.85"
"19,95 : 6.4"
"19,96 : 29.7"
"19,97 : 41.98"
"19,98 : 15.0"
"19,99 : 30.81"
"20,0 : 9.43"
"20,1 : 19.1"
"20,2 : 16.4"
"20,3 : 16.28"
"20,4 : 20.25"
"20,5 : 26.08"
"20,6 : 19.0"
"20,7 : 34.01"
"20,8 : 46.04"
"20,9 : 10.0"
"20,10 : 14.14"
"20,11 : 37.01"
"20,12 : 4.47"
"20,13 : 31.14"
"20,14 : 38.29"
"20,15 : 25.24"
"20,16 : 39.96"
"20,17 : 35.06"
"20,18 : 43.57"
"20,19 : 17.26"
"20,20 : 0.0"
"20,21 : 17.69"
"20,22 : 30.48"
"20,23 : 18.03"
"20,24 : 26.31"
"20,25 : 18.36"
"20,26 : 16.28"
"20,27 : 13.6"
"20,28 : 27.29"
"20,29 : 10.3"
"20,30 : 14.32"
"20,31 : 23.02"
"20,32 : 6.0"
"20,33 : 6.32"
"20,34 : 21.54"
"20,35 : 21.1"
"20,36 : 40.82"
"20,37 : 30.41"
"20,38 : 15.81"
"20,39 : 21.47"
"20,40 : 20.62"
"20,41 : 11.4"
"20,42 : 34.0"
"20,43 : 29.83"
"20,44 : 7.0"
"20,45 : 2.24"
"20,46 : 17.2"
"20,47 : 10.44"
"20,48 : 25.08"
"20,49 : 37.64"
"20,50 : 21.38"
"20,51 : 11.4"
"20,52 : 24.52"
"20,53 : 26.93"
"20,54 : 34.01"
"20,55 : 8.0"
"20,56 : 33.38"
"20,57 : 21.02"
"20,58 : 23.77"
"20,59 : 21.1"
"20,60 : 21.95"
"20,61 : 28.02"
"20,62 : 36.12"
"20,63 : 20.02"
"20,64 : 22.14"
"20,65 : 43.42"
"20,66 : 9.49"
"20,67 : 37.01"
"20,68 : 26.31"
"20,69 : 21.19"
"20,70 : 13.6"
"20,71 : 15.65"
"20,72 : 20.1"
"20,73 : 21.54"
"20,74 : 20.4"
"20,75 : 31.0"
"20,76 : 30.41"
"20,77 : 9.0"
"20,78 : 16.03"
"20,79 : 23.77"
"20,80 : 10.0"
"20,81 : 25.0"
"20,82 : 20.62"
"20,83 : 18.25"
"20,84 : 21.38"
"20,85 : 14.32"
"20,86 : 29.21"
"20,87 : 4.12"
"20,88 : 19.7"
"20,89 : 7.81"
"20,90 : 25.63"
"20,91 : 31.83"
"20,92 : 36.36"
"20,93 : 25.06"
"20,94 : 26.93"
"20,95 : 12.04"
"20,96 : 18.44"
"20,97 : 38.83"
"20,98 : 7.81"
"20,99 : 16.4"
"21,0 : 26.91"
"21,1 : 34.44"
"21,2 : 33.97"
"21,3 : 10.77"
"21,4 : 36.89"
"21,5 : 40.85"
"21,6 : 13.42"
"21,7 : 18.11"
"21,8 : 45.49"
"21,9 : 27.59"
"21,10 : 15.13"
"21,11 : 38.48"
"21,12 : 21.93"
"21,13 : 23.43"
"21,14 : 40.31"
"21,15 : 33.02"
"21,16 : 22.85"
"21,17 : 24.17"
"21,18 : 42.44"
"21,19 : 33.12"
"21,20 : 17.69"
"21,21 : 0.0"
"21,22 : 35.69"
"21,23 : 8.6"
"21,24 : 15.26"
"21,25 : 4.24"
"21,26 : 16.49"
"21,27 : 23.54"
"21,28 : 21.26"
"21,29 : 22.47"
"21,30 : 9.06"
"21,31 : 17.8"
"21,32 : 13.89"
"21,33 : 23.43"
"21,34 : 9.43"
"21,35 : 34.79"
"21,36 : 23.77"
"21,37 : 14.14"
"21,38 : 17.12"
"21,39 : 6.32"
"21,40 : 28.0"
"21,41 : 29.0"
"21,42 : 24.19"
"21,43 : 35.51"
"21,44 : 13.42"
"21,45 : 17.03"
"21,46 : 2.24"
"21,47 : 24.7"
"21,48 : 11.4"
"21,49 : 23.02"
"21,50 : 34.21"
"21,51 : 19.42"
"21,52 : 14.42"
"21,53 : 13.93"
"21,54 : 24.7"
"21,55 : 24.19"
"21,56 : 21.19"
"21,57 : 6.71"
"21,58 : 35.69"
"21,59 : 5.1"
"21,60 : 7.28"
"21,61 : 19.85"
"21,62 : 24.7"
"21,63 : 14.76"
"21,64 : 9.43"
"21,65 : 41.4"
"21,66 : 23.26"
"21,67 : 19.42"
"21,68 : 41.63"
"21,69 : 20.25"
"21,70 : 4.47"
"21,71 : 5.1"
"21,72 : 35.34"
"21,73 : 38.28"
"21,74 : 12.04"
"21,75 : 21.63"
"21,76 : 12.73"
"21,77 : 25.06"
"21,78 : 11.4"
"21,79 : 39.82"
"21,80 : 19.42"
"21,81 : 7.62"
"21,82 : 25.18"
"21,83 : 34.0"
"21,84 : 17.89"
"21,85 : 15.03"
"21,86 : 31.62"
"21,87 : 14.21"
"21,88 : 36.62"
"21,89 : 19.7"
"21,90 : 25.06"
"21,91 : 36.14"
"21,92 : 19.31"
"21,93 : 26.93"
"21,94 : 42.94"
"21,95 : 26.83"
"21,96 : 9.43"
"21,97 : 32.02"
"21,98 : 18.38"
"21,99 : 23.02"
"22,0 : 29.15"
"22,1 : 22.36"
"22,2 : 31.62"
"22,3 : 42.54"
"22,4 : 27.29"
"22,5 : 22.2"
"22,6 : 23.02"
"22,7 : 38.6"
"22,8 : 18.25"
"22,9 : 30.02"
"22,10 : 43.05"
"22,11 : 9.0"
"22,12 : 29.07"
"22,13 : 22.83"
"22,14 : 9.22"
"22,15 : 6.32"
"22,16 : 46.17"
"22,17 : 29.15"
"22,18 : 17.0"
"22,19 : 23.77"
"22,20 : 30.48"
"22,21 : 35.69"
"22,22 : 0.0"
"22,23 : 42.38"
"22,24 : 27.66"
"22,25 : 32.25"
"22,26 : 45.28"
"22,27 : 16.97"
"22,28 : 20.25"
"22,29 : 20.52"
"22,30 : 26.68"
"22,31 : 50.57"
"22,32 : 26.93"
"22,33 : 27.8"
"22,34 : 44.64"
"22,35 : 18.11"
"22,36 : 46.49"
"22,37 : 37.66"
"22,38 : 18.68"
"22,39 : 33.02"
"22,40 : 9.9"
"22,41 : 30.41"
"22,42 : 26.93"
"22,43 : 1.0"
"22,44 : 26.42"
"22,45 : 28.43"
"22,46 : 33.54"
"22,47 : 39.7"
"22,48 : 47.07"
"22,49 : 37.58"
"22,50 : 16.12"
"22,51 : 19.42"
"22,52 : 49.34"
"22,53 : 30.59"
"22,54 : 26.08"
"22,55 : 36.24"
"22,56 : 30.87"
"22,57 : 32.02"
"22,58 : 14.0"
"22,59 : 34.06"
"22,60 : 42.95"
"22,61 : 23.41"
"22,62 : 30.53"
"22,63 : 22.0"
"22,64 : 30.02"
"22,65 : 18.11"
"22,66 : 22.02"
"22,67 : 46.87"
"22,68 : 24.19"
"22,69 : 16.0"
"22,70 : 32.28"
"22,71 : 30.59"
"22,72 : 22.2"
"22,73 : 28.16"
"22,74 : 45.88"
"22,75 : 25.5"
"22,76 : 44.05"
"22,77 : 37.01"
"22,78 : 24.33"
"22,79 : 26.0"
"22,80 : 40.46"
"22,81 : 38.0"
"22,82 : 10.77"
"22,83 : 23.54"
"22,84 : 19.03"
"22,85 : 20.88"
"22,86 : 5.83"
"22,87 : 28.84"
"22,88 : 28.44"
"22,89 : 22.67"
"22,90 : 55.23"
"22,91 : 2.0"
"22,92 : 43.42"
"22,93 : 55.22"
"22,94 : 27.17"
"22,95 : 21.95"
"22,96 : 27.07"
"22,97 : 23.43"
"22,98 : 22.8"
"22,99 : 46.86"
"23,0 : 27.31"
"23,1 : 36.88"
"23,2 : 34.0"
"23,3 : 3.16"
"23,4 : 38.28"
"23,5 : 43.74"
"23,6 : 21.4"
"23,7 : 25.18"
"23,8 : 53.6"
"23,9 : 27.73"
"23,10 : 8.54"
"23,11 : 46.14"
"23,12 : 22.47"
"23,13 : 32.02"
"23,14 : 47.89"
"23,15 : 38.83"
"23,16 : 28.28"
"23,17 : 32.65"
"23,18 : 50.61"
"23,19 : 35.17"
"23,20 : 18.03"
"23,21 : 8.6"
"23,22 : 42.38"
"23,23 : 0.0"
"23,24 : 23.85"
"23,25 : 12.81"
"23,26 : 9.06"
"23,27 : 28.07"
"23,28 : 29.7"
"23,29 : 26.02"
"23,30 : 16.12"
"23,31 : 9.22"
"23,32 : 17.0"
"23,33 : 24.35"
"23,34 : 3.61"
"23,35 : 38.21"
"23,36 : 29.27"
"23,37 : 21.21"
"23,38 : 23.77"
"23,39 : 14.76"
"23,40 : 33.73"
"23,41 : 29.07"
"23,42 : 32.76"
"23,43 : 42.06"
"23,44 : 17.03"
"23,45 : 18.44"
"23,46 : 10.63"
"23,47 : 21.26"
"23,48 : 7.21"
"23,49 : 30.59"
"23,50 : 38.05"
"23,51 : 24.19"
"23,52 : 7.07"
"23,53 : 22.36"
"23,54 : 33.29"
"23,55 : 22.02"
"23,56 : 29.55"
"23,57 : 15.26"
"23,58 : 40.0"
"23,59 : 13.42"
"23,60 : 5.39"
"23,61 : 28.43"
"23,62 : 33.11"
"23,63 : 22.8"
"23,64 : 18.03"
"23,65 : 49.68"
"23,66 : 26.17"
"23,67 : 23.77"
"23,68 : 44.15"
"23,69 : 27.78"
"23,70 : 10.3"
"23,71 : 12.81"
"23,72 : 37.85"
"23,73 : 39.56"
"23,74 : 3.61"
"23,75 : 30.23"
"23,76 : 16.49"
"23,77 : 22.67"
"23,78 : 18.87"
"23,79 : 41.76"
"23,80 : 15.0"
"23,81 : 14.14"
"23,82 : 31.62"
"23,83 : 36.14"
"23,84 : 25.81"
"23,85 : 21.54"
"23,86 : 38.91"
"23,87 : 16.12"
"23,88 : 37.7"
"23,89 : 23.02"
"23,90 : 16.55"
"23,91 : 43.08"
"23,92 : 25.08"
"23,93 : 18.68"
"23,94 : 44.92"
"23,95 : 29.43"
"23,96 : 17.69"
"23,97 : 40.61"
"23,98 : 22.0"
"23,99 : 16.49"
"24,0 : 33.24"
"24,1 : 36.24"
"24,2 : 39.81"
"24,3 : 25.94"
"24,4 : 40.22"
"24,5 : 41.04"
"24,6 : 8.06"
"24,7 : 11.18"
"24,8 : 32.31"
"24,9 : 34.18"
"24,10 : 29.73"
"24,11 : 27.17"
"24,12 : 29.12"
"24,13 : 8.6"
"24,14 : 29.15"
"24,15 : 27.73"
"24,16 : 18.79"
"24,17 : 9.22"
"24,18 : 29.15"
"24,19 : 35.81"
"24,20 : 26.31"
"24,21 : 15.26"
"24,22 : 27.66"
"24,23 : 23.85"
"24,24 : 0.0"
"24,25 : 11.18"
"24,26 : 31.38"
"24,27 : 23.43"
"24,28 : 8.06"
"24,29 : 24.7"
"24,30 : 12.04"
"24,31 : 33.02"
"24,32 : 20.4"
"24,33 : 29.73"
"24,34 : 24.08"
"24,35 : 34.66"
"24,36 : 19.24"
"24,37 : 10.05"
"24,38 : 14.21"
"24,39 : 9.22"
"24,40 : 23.85"
"24,41 : 35.47"
"24,42 : 8.94"
"24,43 : 27.89"
"24,44 : 19.42"
"24,45 : 24.52"
"24,46 : 13.42"
"24,47 : 36.01"
"24,48 : 24.84"
"24,49 : 12.21"
"24,50 : 33.3"
"24,51 : 20.25"
"24,52 : 29.0"
"24,53 : 3.0"
"24,54 : 9.43"
"24,55 : 34.23"
"24,56 : 7.07"
"24,57 : 8.6"
"24,58 : 33.6"
"24,59 : 10.63"
"24,60 : 21.21"
"24,61 : 5.39"
"24,62 : 10.05"
"24,63 : 7.81"
"24,64 : 5.83"
"24,65 : 27.73"
"24,66 : 26.42"
"24,67 : 19.24"
"24,68 : 42.43"
"24,69 : 12.53"
"24,70 : 15.52"
"24,71 : 12.37"
"24,72 : 36.88"
"24,73 : 41.62"
"24,74 : 27.2"
"24,75 : 6.4"
"24,76 : 17.46"
"24,77 : 35.23"
"24,78 : 10.44"
"24,79 : 41.87"
"24,80 : 32.25"
"24,81 : 12.53"
"24,82 : 19.72"
"24,83 : 36.4"
"24,84 : 9.43"
"24,85 : 13.89"
"24,86 : 22.2"
"24,87 : 22.2"
"24,88 : 40.5"
"24,89 : 23.26"
"24,90 : 40.31"
"24,91 : 27.29"
"24,92 : 15.81"
"24,93 : 42.05"
"24,94 : 44.6"
"24,95 : 29.68"
"24,96 : 8.0"
"24,97 : 16.97"
"24,98 : 21.93"
"24,99 : 37.11"
"25,0 : 27.02"
"25,1 : 33.29"
"25,2 : 34.06"
"25,3 : 14.76"
"25,4 : 36.24"
"25,5 : 39.36"
"25,6 : 9.49"
"25,7 : 15.81"
"25,8 : 41.34"
"25,9 : 27.8"
"25,10 : 18.68"
"25,11 : 34.54"
"25,12 : 22.2"
"25,13 : 19.21"
"25,14 : 36.4"
"25,15 : 30.07"
"25,16 : 21.63"
"25,17 : 20.25"
"25,18 : 38.28"
"25,19 : 32.2"
"25,20 : 18.36"
"25,21 : 4.24"
"25,22 : 32.25"
"25,23 : 12.81"
"25,24 : 11.18"
"25,25 : 0.0"
"25,26 : 20.25"
"25,27 : 21.54"
"25,28 : 17.03"
"25,29 : 21.1"
"25,30 : 6.32"
"25,31 : 22.02"
"25,32 : 13.45"
"25,33 : 23.43"
"25,34 : 13.6"
"25,35 : 33.11"
"25,36 : 22.47"
"25,37 : 12.08"
"25,38 : 14.04"
"25,39 : 3.16"
"25,40 : 25.18"
"25,41 : 29.21"
"25,42 : 20.12"
"25,43 : 32.14"
"25,44 : 12.73"
"25,45 : 17.2"
"25,46 : 2.24"
"25,47 : 26.68"
"25,48 : 15.23"
"25,49 : 20.1"
"25,50 : 32.31"
"25,51 : 17.46"
"25,52 : 18.6"
"25,53 : 10.2"
"25,54 : 20.59"
"25,55 : 25.63"
"25,56 : 17.46"
"25,57 : 3.0"
"25,58 : 33.53"
"25,59 : 2.83"
"25,60 : 11.18"
"25,61 : 15.62"
"25,62 : 20.88"
"25,63 : 10.77"
"25,64 : 5.39"
"25,65 : 37.2"
"25,66 : 22.2"
"25,67 : 19.1"
"25,68 : 40.31"
"25,69 : 16.49"
"25,70 : 5.1"
"25,71 : 2.83"
"25,72 : 34.13"
"25,73 : 37.64"
"25,74 : 16.28"
"25,75 : 17.49"
"25,76 : 13.42"
"25,77 : 26.57"
"25,78 : 8.0"
"25,79 : 38.83"
"25,80 : 22.02"
"25,81 : 7.21"
"25,82 : 22.0"
"25,83 : 33.02"
"25,84 : 13.93"
"25,85 : 12.17"
"25,86 : 27.89"
"25,87 : 14.42"
"25,88 : 36.12"
"25,89 : 18.6"
"25,90 : 29.15"
