x,y
19,9
26,17
46,22
28,18
37,32
16,45
42,13
47,44
50,23
6,19
8,24
34,14
39,13
23,10
19,41
34,15
23,23
13,22
26,42
23,46
0,16
25,21
37,16
45,50
28,35
50,46
24,40
24,2
10,49
43,1
40,19
10,24
20,38
36,4
36,25
36,10
45,27
40,21
14,46
13,23
20,14
28,15
34,1
6,33
26,9
14,20
21,50
8,45
46,9
8,22
48,38
30,2
3,32
0,13
37,23
50,49
43,16
40,43
42,48
27,39
47,42
3,30
47,1
11,5
16,34
41,22
29,49
39,14
33,1
46,13
34,50
38,48
30,43
30,15
1,7
6,6
3,11
4,7
42,11
40,7
32,47
15,26
6,34
29,38
31,23
5,21
0,18
11,39
31,38
16,7
11,5
10,11
31,49
0,18
35,42
5,24
40,49
33,45
13,6
25,50

Distanze
"0,0 : 0.0"
"0,1 : 10.63"
"0,2 : 29.97"
"0,3 : 12.73"
"0,4 : 29.21"
"0,5 : 36.12"
"0,6 : 23.35"
"0,7 : 44.82"
"0,8 : 34.01"
"0,9 : 16.4"
"0,10 : 18.6"
"0,11 : 15.81"
"0,12 : 20.4"
"0,13 : 4.12"
"0,14 : 32.0"
"0,15 : 16.16"
"0,16 : 14.56"
"0,17 : 14.32"
"0,18 : 33.73"
"0,19 : 37.22"
"0,20 : 20.25"
"0,21 : 13.42"
"0,22 : 19.31"
"0,23 : 48.55"
"0,24 : 27.51"
"0,25 : 48.27"
"0,26 : 31.4"
"0,27 : 8.6"
"0,28 : 41.0"
"0,29 : 25.3"
"0,30 : 23.26"
"0,31 : 17.49"
"0,32 : 29.02"
"0,33 : 17.72"
"0,34 : 23.35"
"0,35 : 17.03"
"0,36 : 31.62"
"0,37 : 24.19"
"0,38 : 37.34"
"0,39 : 15.23"
"0,40 : 5.1"
"0,41 : 10.82"
"0,42 : 17.0"
"0,43 : 27.29"
"0,44 : 7.0"
"0,45 : 12.08"
"0,46 : 41.05"
"0,47 : 37.64"
"0,48 : 27.0"
"0,49 : 17.03"
"0,50 : 41.01"
"0,51 : 13.04"
"0,52 : 28.02"
"0,53 : 19.42"
"0,54 : 22.8"
"0,55 : 50.61"
"0,56 : 25.0"
"0,57 : 39.96"
"0,58 : 45.28"
"0,59 : 31.05"
"0,60 : 43.28"
"0,61 : 26.4"
"0,62 : 29.12"
"0,63 : 8.94"
"0,64 : 25.18"
"0,65 : 25.55"
"0,66 : 41.23"
"0,67 : 20.62"
"0,68 : 16.12"
"0,69 : 27.29"
"0,70 : 43.66"
"0,71 : 43.38"
"0,72 : 35.74"
"0,73 : 12.53"
"0,74 : 18.11"
"0,75 : 13.34"
"0,76 : 16.12"
"0,77 : 15.13"
"0,78 : 23.09"
"0,79 : 21.1"
"0,80 : 40.16"
"0,81 : 17.46"
"0,82 : 28.18"
"0,83 : 30.68"
"0,84 : 18.44"
"0,85 : 18.44"
"0,86 : 21.02"
"0,87 : 31.05"
"0,88 : 31.38"
"0,89 : 3.61"
"0,90 : 8.94"
"0,91 : 9.22"
"0,92 : 41.76"
"0,93 : 21.02"
"0,94 : 36.67"
"0,95 : 20.52"
"0,96 : 45.18"
"0,97 : 38.63"
"0,98 : 6.71"
"0,99 : 41.44"
"1,0 : 10.63"
"1,1 : 0.0"
"1,2 : 20.62"
"1,3 : 2.24"
"1,4 : 18.6"
"1,5 : 29.73"
"1,6 : 16.49"
"1,7 : 34.21"
"1,8 : 24.74"
"1,9 : 20.1"
"1,10 : 19.31"
"1,11 : 8.54"
"1,12 : 13.6"
"1,13 : 7.62"
"1,14 : 25.0"
"1,15 : 8.25"
"1,16 : 6.71"
"1,17 : 13.93"
"1,18 : 25.0"
"1,19 : 29.15"
"1,20 : 26.02"
"1,21 : 4.12"
"1,22 : 11.05"
"1,23 : 38.08"
"1,24 : 18.11"
"1,25 : 37.64"
"1,26 : 23.09"
"1,27 : 15.13"
"1,28 : 35.78"
"1,29 : 23.35"
"1,30 : 14.14"
"1,31 : 17.46"
"1,32 : 21.84"
"1,33 : 16.4"
"1,34 : 12.81"
"1,35 : 12.21"
"1,36 : 21.47"
"1,37 : 14.56"
"1,38 : 31.38"
"1,39 : 14.32"
"1,40 : 6.71"
"1,41 : 2.83"
"1,42 : 17.89"
"1,43 : 25.61"
"1,44 : 8.0"
"1,45 : 12.37"
"1,46 : 33.38"
"1,47 : 33.29"
"1,48 : 21.54"
"1,49 : 18.68"
"1,50 : 30.41"
"1,51 : 15.52"
"1,52 : 27.46"
"1,53 : 26.31"
"1,54 : 12.53"
"1,55 : 40.0"
"1,56 : 17.03"
"1,57 : 29.53"
"1,58 : 34.89"
"1,59 : 22.02"
"1,60 : 32.65"
"1,61 : 26.42"
"1,62 : 26.4"
"1,63 : 19.21"
"1,64 : 19.72"
"1,65 : 15.81"
"1,66 : 32.14"
"1,67 : 13.34"
"1,68 : 17.46"
"1,69 : 20.4"
"1,70 : 33.96"
"1,71 : 33.24"
"1,72 : 26.31"
"1,73 : 4.47"
"1,74 : 26.93"
"1,75 : 22.83"
"1,76 : 23.77"
"1,77 : 24.17"
"1,78 : 17.09"
"1,79 : 17.2"
"1,80 : 30.59"
"1,81 : 14.21"
"1,82 : 26.25"
"1,83 : 21.21"
"1,84 : 7.81"
"1,85 : 21.38"
"1,86 : 26.02"
"1,87 : 26.63"
"1,88 : 21.59"
"1,89 : 14.14"
"1,90 : 19.21"
"1,91 : 17.09"
"1,92 : 32.39"
"1,93 : 26.02"
"1,94 : 26.57"
"1,95 : 22.14"
"1,96 : 34.93"
"1,97 : 28.86"
"1,98 : 17.03"
"1,99 : 33.02"
"2,0 : 29.97"
"2,1 : 20.62"
"2,2 : 0.0"
"2,3 : 18.44"
"2,4 : 13.45"
"2,5 : 37.8"
"2,6 : 9.85"
"2,7 : 22.02"
"2,8 : 4.12"
"2,9 : 40.11"
"2,10 : 38.05"
"2,11 : 14.42"
"2,12 : 11.4"
"2,13 : 25.94"
"2,14 : 33.02"
"2,15 : 13.89"
"2,16 : 23.02"
"2,17 : 33.0"
"2,18 : 28.28"
"2,19 : 33.24"
"2,20 : 46.39"
"2,21 : 21.02"
"2,22 : 10.82"
"2,23 : 28.02"
"2,24 : 22.2"
"2,25 : 24.33"
"2,26 : 28.43"
"2,27 : 29.73"
"2,28 : 45.0"
"2,29 : 21.21"
"2,30 : 6.71"
"2,31 : 36.06"
"2,32 : 30.53"
"2,33 : 20.59"
"2,34 : 10.44"
"2,35 : 15.62"
"2,36 : 5.1"
"2,37 : 6.08"
"2,38 : 40.0"
"2,39 : 33.02"
"2,40 : 27.2"
"2,41 : 19.31"
"2,42 : 24.19"
"2,43 : 41.48"
"2,44 : 23.85"
"2,45 : 32.06"
"2,46 : 37.54"
"2,47 : 44.42"
"2,48 : 13.0"
"2,49 : 38.0"
"2,50 : 16.12"
"2,51 : 25.61"
"2,52 : 44.15"
"2,53 : 46.87"
"2,54 : 9.06"
"2,55 : 27.29"
"2,56 : 6.71"
"2,57 : 21.84"
"2,58 : 26.31"
"2,59 : 25.5"
"2,60 : 20.02"
"2,61 : 43.74"
"2,62 : 21.02"
"2,63 : 38.91"
"2,64 : 32.31"
"2,65 : 5.0"
"2,66 : 31.91"
"2,67 : 10.63"
"2,68 : 24.7"
"2,69 : 9.0"
"2,70 : 30.46"
"2,71 : 27.2"
"2,72 : 26.4"
"2,73 : 17.46"
"2,74 : 47.43"
"2,75 : 43.08"
"2,76 : 44.38"
"2,77 : 44.6"
"2,78 : 11.7"
"2,79 : 16.16"
"2,80 : 28.65"
"2,81 : 31.26"
"2,82 : 41.76"
"2,83 : 23.35"
"2,84 : 15.03"
"2,85 : 41.01"
"2,86 : 46.17"
"2,87 : 38.91"
"2,88 : 21.93"
"2,89 : 33.54"
"2,90 : 38.91"
"2,91 : 37.64"
"2,92 : 30.89"
"2,93 : 46.17"
"2,94 : 22.83"
"2,95 : 41.05"
"2,96 : 27.66"
"2,97 : 26.42"
"2,98 : 36.67"
"2,99 : 35.0"
"3,0 : 12.73"
"3,1 : 2.24"
"3,2 : 18.44"
"3,3 : 0.0"
"3,4 : 16.64"
"3,5 : 29.55"
"3,6 : 14.87"
"3,7 : 32.2"
"3,8 : 22.56"
"3,9 : 22.02"
"3,10 : 20.88"
"3,11 : 7.21"
"3,12 : 12.08"
"3,13 : 9.43"
"3,14 : 24.7"
"3,15 : 6.71"
"3,16 : 7.07"
"3,17 : 15.52"
"3,18 : 24.08"
"3,19 : 28.44"
"3,20 : 28.07"
"3,21 : 4.24"
"3,22 : 9.22"
"3,23 : 36.24"
"3,24 : 17.0"
"3,25 : 35.61"
"3,26 : 22.36"
"3,27 : 16.49"
"3,28 : 35.85"
"3,29 : 22.67"
"3,30 : 12.04"
"3,31 : 18.97"
"3,32 : 21.54"
"3,33 : 16.12"
"3,34 : 10.63"
"3,35 : 11.31"
"3,36 : 19.24"
"3,37 : 12.37"
"3,38 : 31.3"
"3,39 : 15.81"
"3,40 : 8.94"
"3,41 : 3.0"
"3,42 : 18.03"
"3,43 : 26.63"
"3,44 : 9.22"
"3,45 : 14.14"
"3,46 : 32.76"
"3,47 : 33.6"
"3,48 : 20.12"
"3,49 : 20.4"
"3,50 : 28.28"
"3,51 : 16.12"
"3,52 : 28.65"
"3,53 : 28.44"
"3,54 : 10.3"
"3,55 : 38.01"
"3,56 : 15.13"
"3,57 : 27.73"
"3,58 : 33.11"
"3,59 : 21.02"
"3,60 : 30.61"
"3,61 : 27.73"
"3,62 : 25.5"
"3,63 : 21.4"
"3,64 : 20.0"
"3,65 : 13.6"
"3,66 : 31.02"
"3,67 : 11.7"
"3,68 : 17.72"
"3,69 : 18.68"
"3,70 : 32.56"
"3,71 : 31.62"
"3,72 : 25.08"
"3,73 : 3.61"
"3,74 : 29.15"
"3,75 : 25.06"
"3,76 : 25.96"
"3,77 : 26.4"
"3,78 : 15.65"
"3,79 : 16.28"
"3,80 : 29.27"
"3,81 : 15.26"
"3,82 : 27.2"
"3,83 : 20.02"
"3,84 : 5.83"
"3,85 : 23.19"
"3,86 : 28.0"
"3,87 : 27.02"
"3,88 : 20.22"
"3,89 : 16.28"
"3,90 : 21.4"
"3,91 : 19.31"
"3,92 : 31.14"
"3,93 : 28.0"
"3,94 : 25.0"
"3,95 : 23.77"
"3,96 : 33.24"
"3,97 : 27.46"
"3,98 : 19.21"
"3,99 : 32.14"
"4,0 : 29.21"
"4,1 : 18.6"
"4,2 : 13.45"
"4,3 : 16.64"
"4,4 : 0.0"
"4,5 : 24.7"
"4,6 : 19.65"
"4,7 : 15.62"
"4,8 : 15.81"
"4,9 : 33.62"
"4,10 : 30.08"
"4,11 : 18.25"
"4,12 : 19.1"
"4,13 : 26.08"
"4,14 : 20.12"
"4,15 : 17.26"
"4,16 : 16.64"
"4,17 : 26.0"
"4,18 : 14.87"
"4,19 : 19.8"
"4,20 : 40.31"
"4,21 : 16.28"
"4,22 : 16.0"
"4,23 : 19.7"
"4,24 : 9.49"
"4,25 : 19.1"
"4,26 : 15.26"
"4,27 : 32.7"
"4,28 : 31.91"
"4,29 : 31.58"
"4,30 : 13.34"
"4,31 : 28.16"
"4,32 : 18.03"
"4,33 : 28.02"
"4,34 : 7.07"
"4,35 : 22.02"
"4,36 : 9.43"
"4,37 : 11.4"
"4,38 : 26.93"
"4,39 : 25.63"
"4,40 : 24.76"
"4,41 : 19.24"
"4,42 : 31.14"
"4,43 : 31.02"
"4,44 : 25.5"
"4,45 : 25.94"
"4,46 : 24.08"
"4,47 : 31.78"
"4,48 : 24.7"
"4,49 : 30.68"
"4,50 : 12.53"
"4,51 : 30.81"
"4,52 : 34.0"
"4,53 : 41.59"
"4,54 : 9.0"
"4,55 : 21.4"
"4,56 : 17.09"
"4,57 : 11.4"
"4,58 : 16.76"
"4,59 : 12.21"
"4,60 : 14.14"
"4,61 : 34.06"
"4,62 : 32.57"
"4,63 : 37.48"
"4,64 : 21.1"
"4,65 : 10.77"
"4,66 : 18.79"
"4,67 : 18.11"
"4,68 : 31.26"
"4,69 : 21.02"
"4,70 : 18.25"
"4,71 : 16.03"
"4,72 : 13.04"
"4,73 : 18.38"
"4,74 : 43.83"
"4,75 : 40.46"
"4,76 : 39.96"
"4,77 : 41.4"
"4,78 : 21.59"
"4,79 : 25.18"
"4,80 : 15.81"
"4,81 : 22.8"
"4,82 : 31.06"
"4,83 : 10.0"
"4,84 : 10.82"
"4,85 : 33.84"
"4,86 : 39.56"
"4,87 : 26.93"
"4,88 : 8.49"
"4,89 : 32.65"
"4,90 : 37.48"
"4,91 : 34.21"
"4,92 : 18.03"
"4,93 : 39.56"
"4,94 : 10.2"
"4,95 : 32.98"
"4,96 : 17.26"
"4,97 : 13.6"
"4,98 : 35.38"
"4,99 : 21.63"
"5,0 : 36.12"
"5,1 : 29.73"
"5,2 : 37.8"
"5,3 : 29.55"
"5,4 : 24.7"
"5,5 : 0.0"
"5,6 : 41.23"
"5,7 : 31.02"
"5,8 : 40.5"
"5,9 : 27.86"
"5,10 : 22.47"
"5,11 : 35.85"
"5,12 : 39.41"
"5,13 : 35.69"
"5,14 : 5.0"
"5,15 : 34.99"
"5,16 : 23.09"
"5,17 : 23.19"
"5,18 : 10.44"
"5,19 : 7.07"
"5,20 : 33.12"
"5,21 : 25.63"
"5,22 : 35.81"
"5,23 : 29.43"
"5,24 : 15.62"
"5,25 : 34.01"
"5,26 : 9.43"
"5,27 : 43.74"
"5,28 : 7.21"
"5,29 : 51.62"
"5,30 : 35.38"
"5,31 : 21.84"
"5,32 : 8.06"
"5,33 : 45.62"
"5,34 : 28.28"
"5,35 : 40.31"
"5,36 : 34.13"
"5,37 : 33.94"
"5,38 : 2.24"
"5,39 : 22.2"
"5,40 : 31.26"
"5,41 : 32.31"
"5,42 : 47.54"
"5,43 : 15.62"
"5,44 : 37.36"
"5,45 : 25.08"
"5,46 : 7.07"
"5,47 : 8.0"
"5,48 : 46.86"
"5,49 : 24.35"
"5,50 : 32.76"
"5,51 : 45.22"
"5,52 : 18.38"
"5,53 : 35.78"
"5,54 : 30.41"
"5,55 : 34.23"
"5,56 : 39.62"
"5,57 : 24.08"
"5,58 : 26.17"
"5,59 : 12.53"
"5,60 : 31.14"
"5,61 : 19.85"
"5,62 : 53.82"
"5,63 : 40.31"
"5,64 : 11.0"
"5,65 : 33.97"
"5,66 : 13.6"
"5,67 : 38.6"
"5,68 : 47.17"
"5,69 : 43.86"
"5,70 : 18.68"
"5,71 : 22.2"
"5,72 : 14.14"
"5,73 : 33.11"
"5,74 : 40.85"
"5,75 : 40.26"
"5,76 : 36.4"
"5,77 : 39.85"
"5,78 : 42.8"
"5,79 : 44.94"
"5,80 : 16.12"
"5,81 : 19.03"
"5,82 : 14.87"
"5,83 : 14.76"
"5,84 : 26.63"
"5,85 : 26.4"
"5,86 : 31.38"
"5,87 : 7.81"
"5,88 : 16.55"
"5,89 : 38.0"
"5,90 : 40.31"
"5,91 : 34.53"
"5,92 : 15.52"
"5,93 : 31.38"
"5,94 : 19.24"
"5,95 : 23.71"
"5,96 : 24.33"
"5,97 : 17.0"
"5,98 : 39.12"
"5,99 : 10.3"
"6,0 : 23.35"
"6,1 : 16.49"
"6,2 : 9.85"
"6,3 : 14.87"
"6,4 : 19.65"
"6,5 : 41.23"
"6,6 : 0.0"
"6,7 : 31.4"
"6,8 : 12.81"
"6,9 : 36.5"
"6,10 : 35.74"
"6,11 : 8.06"
"6,12 : 3.0"
"6,13 : 19.24"
"6,14 : 36.24"
"6,15 : 8.25"
"6,16 : 21.47"
"6,17 : 30.36"
"6,18 : 33.12"
"6,19 : 38.08"
"6,20 : 42.11"
"6,21 : 18.79"
"6,22 : 5.83"
"6,23 : 37.12"
"6,24 : 26.08"
"6,25 : 33.96"
"6,26 : 32.45"
"6,27 : 21.1"
"6,28 : 48.17"
"6,29 : 12.04"
"6,30 : 6.32"
"6,31 : 33.84"
"6,32 : 33.3"
"6,33 : 10.82"
"6,34 : 13.42"
"6,35 : 6.71"
"6,36 : 14.32"
"6,37 : 8.25"
"6,38 : 43.28"
"6,39 : 30.68"
"6,40 : 22.02"
"6,41 : 14.14"
"6,42 : 14.42"
"6,43 : 41.18"
"6,44 : 16.49"
"6,45 : 28.86"
"6,46 : 42.54"
"6,47 : 46.69"
"6,48 : 5.66"
"6,49 : 35.17"
"6,50 : 25.71"
"6,51 : 16.28"
"6,52 : 43.38"
"6,53 : 42.0"
"6,54 : 11.18"
"6,55 : 36.88"
"6,56 : 3.16"
"6,57 : 30.07"
"6,58 : 35.0"
"6,59 : 30.02"
"6,60 : 29.43"
"6,61 : 42.54"
"6,62 : 13.0"
"6,63 : 32.02"
"6,64 : 33.42"
"6,65 : 9.06"
"6,66 : 38.28"
"6,67 : 3.16"
"6,68 : 15.0"
"6,69 : 4.0"
"6,70 : 37.85"
"6,71 : 35.23"
"6,72 : 32.31"
"6,73 : 12.17"
"6,74 : 41.44"
"6,75 : 36.67"
"6,76 : 39.05"
"6,77 : 38.47"
"6,78 : 2.0"
"6,79 : 6.32"
"6,80 : 35.44"
"6,81 : 29.97"
"6,82 : 41.68"
"6,83 : 28.18"
"6,84 : 14.87"
"6,85 : 37.85"
"6,86 : 42.3"
"6,87 : 40.46"
"6,88 : 27.31"
"6,89 : 26.68"
"6,90 : 32.02"
"6,91 : 32.06"
"6,92 : 37.64"
"6,93 : 42.3"
"6,94 : 29.83"
"6,95 : 38.6"
"6,96 : 36.06"
"6,97 : 33.24"
"6,98 : 29.83"
"6,99 : 40.72"
"7,0 : 44.82"
"7,1 : 34.21"
"7,2 : 22.02"
"7,3 : 32.2"
"7,4 : 15.62"
"7,5 : 31.02"
"7,6 : 31.4"
"7,7 : 0.0"
"7,8 : 21.21"
"7,9 : 48.02"
"7,10 : 43.83"
"7,11 : 32.7"
"7,12 : 32.02"
"7,13 : 41.62"
"7,14 : 28.16"
"7,15 : 31.78"
"7,16 : 31.89"
"7,17 : 40.5"
"7,18 : 21.1"
"7,19 : 24.08"
"7,20 : 54.71"
"7,21 : 31.83"
"7,22 : 29.73"
"7,23 : 6.32"
"7,24 : 21.02"
"7,25 : 3.61"
"7,26 : 23.35"
"7,27 : 47.89"
"7,28 : 37.34"
"7,29 : 43.19"
"7,30 : 25.96"
"7,31 : 42.06"
"7,32 : 27.66"
"7,33 : 41.48"
"7,34 : 21.95"
"7,35 : 35.74"
"7,36 : 17.12"
"7,37 : 24.04"
"7,38 : 33.06"
"7,39 : 39.96"
"7,40 : 40.36"
"7,41 : 34.67"
"7,42 : 44.92"
"7,43 : 42.45"
"7,44 : 40.82"
"7,45 : 40.8"
"7,46 : 26.68"
"7,47 : 39.01"
"7,48 : 35.01"
"7,49 : 44.78"
"7,50 : 6.08"
"7,51 : 45.31"
"7,52 : 45.61"
"7,53 : 56.3"
"7,54 : 23.26"
"7,55 : 5.83"
"7,56 : 28.28"
"7,57 : 7.07"
"7,58 : 6.4"
"7,59 : 20.62"
"7,60 : 2.0"
"7,61 : 46.17"
"7,62 : 43.0"
"7,63 : 53.08"
"7,64 : 32.57"
"7,65 : 22.8"
"7,66 : 18.68"
"7,67 : 31.05"
"7,68 : 45.22"
"7,69 : 31.02"
"7,70 : 14.32"
"7,71 : 9.85"
"7,72 : 17.03"
"7,73 : 33.62"
"7,74 : 59.03"
"7,75 : 55.9"
"7,76 : 55.0"
"7,77 : 56.73"
"7,78 : 33.38"
"7,79 : 37.66"
"7,80 : 15.3"
"7,81 : 36.72"
"7,82 : 42.2"
"7,83 : 18.97"
"7,84 : 26.4"
"7,85 : 47.89"
"7,86 : 53.71"
"7,87 : 36.35"
"7,88 : 17.09"
"7,89 : 48.27"
"7,90 : 53.08"
"7,91 : 49.58"
"7,92 : 16.76"
"7,93 : 53.71"
"7,94 : 12.17"
"7,95 : 46.52"
"7,96 : 8.6"
"7,97 : 14.04"
"7,98 : 50.99"
"7,99 : 22.8"
"8,0 : 34.01"
"8,1 : 24.74"
"8,2 : 4.12"
"8,3 : 22.56"
"8,4 : 15.81"
"8,5 : 40.5"
"8,6 : 12.81"
"8,7 : 21.21"
"8,8 : 0.0"
"8,9 : 44.18"
"8,10 : 42.01"
"8,11 : 18.36"
"8,12 : 14.87"
"8,13 : 29.97"
"8,14 : 35.85"
"8,15 : 17.89"
"8,16 : 27.0"
"8,17 : 37.01"
"8,18 : 30.61"
"8,19 : 35.47"
"8,20 : 50.49"
"8,21 : 25.08"
"8,22 : 14.76"
"8,23 : 27.46"
"8,24 : 25.06"
"8,25 : 23.0"
"8,26 : 31.06"
"8,27 : 33.42"
"8,28 : 47.71"
"8,29 : 23.09"
"8,30 : 10.77"
"8,31 : 40.01"
"8,32 : 33.54"
"8,33 : 23.6"
"8,34 : 14.14"
"8,35 : 19.1"
"8,36 : 6.4"
"8,37 : 10.2"
"8,38 : 42.72"
"8,39 : 37.0"
"8,40 : 31.32"
"8,41 : 23.41"
"8,42 : 27.2"
"8,43 : 45.12"
"8,44 : 27.78"
"8,45 : 36.12"
"8,46 : 39.62"
"8,47 : 47.41"
"8,48 : 14.56"
"8,49 : 42.01"
"8,50 : 15.13"
"8,51 : 29.0"
"8,52 : 47.85"
"8,53 : 50.99"
"8,54 : 13.0"
"8,55 : 26.0"
"8,56 : 9.9"
"8,57 : 22.36"
"8,58 : 26.25"
"8,59 : 28.02"
"8,60 : 19.24"
"8,61 : 47.52"
"8,62 : 22.2"
"8,63 : 42.95"
"8,64 : 35.74"
"8,65 : 9.06"
"8,66 : 33.42"
"8,67 : 14.21"
"8,68 : 27.8"
"8,69 : 10.77"
"8,70 : 31.38"
"8,71 : 27.73"
"8,72 : 28.28"
"8,73 : 21.54"
"8,74 : 51.55"
"8,75 : 47.17"
"8,76 : 48.51"
"8,77 : 48.7"
"8,78 : 14.42"
"8,79 : 18.87"
"8,80 : 30.0"
"8,81 : 35.13"
"8,82 : 45.35"
"8,83 : 25.81"
"8,84 : 19.0"
"8,85 : 45.04"
"8,86 : 50.25"
"8,87 : 42.15"
"8,88 : 24.21"
"8,89 : 37.58"
"8,90 : 42.95"
"8,91 : 41.76"
"8,92 : 32.2"
"8,93 : 50.25"
"8,94 : 24.21"
"8,95 : 45.01"
"8,96 : 27.86"
"8,97 : 27.8"
"8,98 : 40.72"
"8,99 : 36.8"
"9,0 : 16.4"
"9,1 : 20.1"
"9,2 : 40.11"
"9,3 : 22.02"
"9,4 : 33.62"
"9,5 : 27.86"
"9,6 : 36.5"
"9,7 : 48.02"
"9,8 : 44.18"
"9,9 : 0.0"
"9,10 : 5.39"
"9,11 : 28.44"
"9,12 : 33.54"
"9,13 : 19.24"
"9,14 : 25.55"
"9,15 : 28.28"
"9,16 : 17.46"
"9,17 : 7.62"
"9,18 : 30.48"
"9,19 : 31.91"
"9,20 : 6.71"
"9,21 : 19.1"
"9,22 : 31.14"
"9,23 : 49.82"
"9,24 : 27.2"
"9,25 : 51.62"
"9,26 : 27.66"
"9,27 : 24.76"
"9,28 : 30.27"
"9,29 : 41.15"
"9,30 : 34.0"
"9,31 : 6.4"
"9,32 : 23.6"
"9,33 : 33.54"
"9,34 : 30.59"
"9,35 : 31.32"
"9,36 : 39.81"
"9,37 : 34.06"
"9,38 : 28.16"
"9,39 : 8.06"
"9,40 : 14.87"
"9,41 : 22.36"
"9,42 : 33.29"
"9,43 : 14.0"
"9,44 : 22.36"
"9,45 : 8.06"
"9,46 : 34.44"
"9,47 : 26.08"
"9,48 : 41.23"
"9,49 : 3.61"
"9,50 : 46.1"
"9,51 : 29.41"
"9,52 : 13.34"
"9,53 : 8.49"
"9,54 : 31.26"
"9,55 : 53.25"
"9,56 : 37.12"
"9,57 : 41.62"
"9,58 : 46.23"
"9,59 : 29.0"
"9,60 : 47.01"
"9,61 : 11.4"
"9,62 : 44.78"
"9,63 : 14.87"
"9,64 : 18.03"
"9,65 : 35.13"
"9,66 : 37.8"
"9,67 : 33.38"
"9,68 : 32.45"
"9,69 : 40.45"
"9,70 : 41.77"
"9,71 : 43.19"
"9,72 : 33.94"
"9,73 : 24.33"
"9,74 : 13.0"
"9,75 : 13.0"
"9,76 : 8.54"
"9,77 : 12.17"
"9,78 : 36.88"
"9,79 : 36.06"
"9,80 : 38.21"
"9,81 : 11.4"
"9,82 : 15.0"
"9,83 : 29.83"
"9,84 : 25.32"
"9,85 : 2.24"
"9,86 : 6.08"
"9,87 : 20.62"
"9,88 : 31.4"
"9,89 : 15.62"
"9,90 : 14.87"
"9,91 : 8.94"
"9,92 : 39.05"
"9,93 : 6.08"
"9,94 : 37.01"
"9,95 : 5.1"
"9,96 : 45.34"
"9,97 : 37.48"
"9,98 : 14.76"
"9,99 : 36.36"
"10,0 : 18.6"
"10,1 : 19.31"
"10,2 : 38.05"
"10,3 : 20.88"
"10,4 : 30.08"
"10,5 : 22.47"
"10,6 : 35.74"
"10,7 : 43.83"
"10,8 : 42.01"
"10,9 : 5.39"
"10,10 : 0.0"
"10,11 : 27.86"
"10,12 : 32.89"
"10,13 : 20.52"
"10,14 : 20.25"
"10,15 : 27.51"
"10,16 : 15.03"
"10,17 : 5.39"
"10,18 : 25.46"
"10,19 : 26.63"
"10,20 : 11.31"
"10,21 : 17.26"
"10,22 : 30.08"
"10,23 : 45.22"
"10,24 : 22.83"
"10,25 : 47.41"
"10,26 : 22.63"
"10,27 : 27.2"
"10,28 : 25.08"
"10,29 : 41.88"
"10,30 : 32.39"
"10,31 : 2.0"
"10,32 : 18.44"
"10,33 : 34.41"
"10,34 : 28.02"
"10,35 : 31.3"
"10,36 : 37.12"
"10,37 : 32.14"
"10,38 : 22.8"
"10,39 : 5.1"
"10,40 : 15.62"
"10,41 : 21.93"
"10,42 : 34.71"
"10,43 : 9.22"
"10,44 : 23.43"
"10,45 : 7.21"
"10,46 : 29.07"
"10,47 : 21.0"
"10,48 : 40.85"
"10,49 : 2.0"
"10,50 : 42.38"
"10,51 : 31.11"
"10,52 : 9.43"
"10,53 : 13.6"
"10,54 : 29.02"
"10,55 : 48.88"
"10,56 : 35.9"
"10,57 : 37.22"
"10,58 : 41.62"
"10,59 : 24.21"
"10,60 : 42.95"
"10,61 : 7.81"
"10,62 : 45.28"
"10,63 : 19.24"
"10,64 : 12.81"
"10,65 : 33.06"
"10,66 : 32.65"
"10,67 : 32.57"
"10,68 : 33.97"
"10,69 : 39.56"
"10,70 : 36.77"
"10,71 : 38.42"
"10,72 : 29.07"
"10,73 : 23.77"
"10,74 : 18.38"
"10,75 : 18.11"
"10,76 : 13.93"
"10,77 : 17.46"
"10,78 : 36.4"
"10,79 : 36.24"
"10,80 : 33.24"
"10,81 : 7.28"
"10,82 : 10.2"
"10,83 : 25.24"
"10,84 : 23.02"
"10,85 : 4.24"
"10,86 : 10.0"
"10,87 : 15.3"
"10,88 : 26.93"
"10,89 : 18.79"
"10,90 : 19.24"
"10,91 : 13.15"
"10,92 : 33.97"
"10,93 : 10.0"
"10,94 : 32.45"
"10,95 : 3.0"
"10,96 : 40.61"
"10,97 : 32.65"
"10,98 : 18.68"
"10,99 : 31.06"
"11,0 : 15.81"
"11,1 : 8.54"
"11,2 : 14.42"
"11,3 : 7.21"
"11,4 : 18.25"
"11,5 : 35.85"
"11,6 : 8.06"
"11,7 : 32.7"
"11,8 : 18.36"
"11,9 : 28.44"
"11,10 : 27.86"
"11,11 : 0.0"
"11,12 : 5.1"
"11,13 : 11.7"
"11,14 : 30.89"
"11,15 : 1.0"
"11,16 : 14.21"
"11,17 : 22.47"
"11,18 : 29.12"
"11,19 : 33.84"
"11,20 : 34.06"
"11,21 : 11.4"
"11,22 : 3.61"
"11,23 : 37.64"
"11,24 : 21.84"
"11,25 : 35.78"
"11,26 : 27.86"
"11,27 : 15.62"
"11,28 : 42.44"
"11,29 : 15.81"
"11,30 : 7.81"
"11,31 : 26.0"
"11,32 : 27.78"
"11,33 : 10.2"
"11,34 : 11.18"
"11,35 : 4.47"
"11,36 : 17.03"
"11,37 : 9.22"
"11,38 : 37.74"
"11,39 : 22.85"
"11,40 : 14.0"
"11,41 : 6.08"
"11,42 : 13.0"
"11,43 : 33.84"
"11,44 : 9.43"
"11,45 : 20.88"
"11,46 : 38.28"
"11,47 : 40.46"
"11,48 : 13.0"
"11,49 : 27.2"
"11,50 : 27.78"
"11,51 : 12.65"
"11,52 : 35.85"
"11,53 : 34.01"
"11,54 : 9.49"
"11,55 : 38.48"
"11,56 : 9.22"
"11,57 : 29.61"
"11,58 : 34.93"
"11,59 : 25.96"
"11,60 : 30.87"
"11,61 : 34.89"
"11,62 : 18.38"
"11,63 : 24.7"
"11,64 : 26.91"
"11,65 : 10.63"
"11,66 : 35.36"
"11,67 : 5.0"
"11,68 : 13.04"
"11,69 : 12.04"
"11,70 : 36.0"
"11,71 : 34.23"
"11,72 : 29.27"
"11,73 : 4.12"
"11,74 : 33.73"
"11,75 : 29.12"
"11,76 : 31.14"
"11,77 : 30.81"
"11,78 : 8.54"
"11,79 : 9.22"
"11,80 : 33.06"
"11,81 : 22.47"
"11,82 : 34.41"
"11,83 : 24.52"
"11,84 : 9.49"
"11,85 : 29.83"
"11,86 : 34.23"
"11,87 : 33.97"
"11,88 : 24.19"
"11,89 : 19.31"
"11,90 : 24.7"
"11,91 : 24.19"
"11,92 : 35.13"
"11,93 : 34.23"
"11,94 : 28.02"
"11,95 : 30.68"
"11,96 : 35.51"
"11,97 : 31.02"
"11,98 : 22.47"
"11,99 : 37.11"
"12,0 : 20.4"
"12,1 : 13.6"
"12,2 : 11.4"
"12,3 : 12.08"
"12,4 : 19.1"
"12,5 : 39.41"
"12,6 : 3.0"
"12,7 : 32.02"
"12,8 : 14.87"
"12,9 : 33.54"
"12,10 : 32.89"
"12,11 : 5.1"
"12,12 : 0.0"
"12,13 : 16.28"
"12,14 : 34.41"
"12,15 : 5.39"
"12,16 : 18.87"
"12,17 : 27.51"
"12,18 : 31.78"
"12,19 : 36.67"
"12,20 : 39.12"
"12,21 : 16.12"
"12,22 : 3.61"
"12,23 : 37.48"
"12,24 : 24.6"
"12,25 : 34.79"
"12,26 : 30.89"
"12,27 : 18.6"
"12,28 : 46.23"
"12,29 : 12.65"
"12,30 : 6.08"
"12,31 : 31.02"
"12,32 : 31.4"
"12,33 : 9.49"
"12,34 : 12.37"
"12,35 : 4.24"
"12,36 : 15.23"
"12,37 : 8.06"
"12,38 : 41.4"
"12,39 : 27.86"
"12,40 : 19.03"
"12,41 : 11.18"
"12,42 : 13.0"
"12,43 : 38.59"
"12,44 : 13.6"
"12,45 : 25.96"
"12,46 : 41.15"
"12,47 : 44.55"
"12,48 : 8.06"
"12,49 : 32.28"
"12,50 : 26.57"
"12,51 : 14.21"
"12,52 : 40.71"
"12,53 : 39.0"
"12,54 : 10.2"
"12,55 : 37.64"
"12,56 : 5.0"
"12,57 : 30.02"
"12,58 : 35.13"
"12,59 : 28.64"
"12,60 : 30.08"
"12,61 : 39.81"
"12,62 : 14.42"
"12,63 : 29.12"
"12,64 : 31.14"
"12,65 : 9.22"
"12,66 : 37.36"
"12,67 : 1.0"
"12,68 : 13.42"
"12,69 : 7.0"
"12,70 : 37.34"
"12,71 : 35.01"
"12,72 : 31.32"
"12,73 : 9.22"
"12,74 : 38.47"
"12,75 : 33.73"
"12,76 : 36.06"
"12,77 : 35.51"
"12,78 : 3.61"
"12,79 : 6.08"
"12,80 : 34.71"
"12,81 : 27.29"
"12,82 : 39.12"
"12,83 : 26.93"
"12,84 : 12.81"
"12,85 : 34.93"
"12,86 : 39.32"
"12,87 : 38.21"
"12,88 : 26.25"
"12,89 : 23.77"
"12,90 : 29.12"
"12,91 : 29.07"
"12,92 : 36.88"
"12,93 : 39.32"
"12,94 : 29.27"
"12,95 : 35.74"
"12,96 : 36.01"
"12,97 : 32.56"
"12,98 : 26.93"
"12,99 : 39.56"
"13,0 : 4.12"
"13,1 : 7.62"
"13,2 : 25.94"
"13,3 : 9.43"
"13,4 : 26.08"
"13,5 : 35.69"
"13,6 : 19.24"
"13,7 : 41.62"
"13,8 : 29.97"
"13,9 : 19.24"
"13,10 : 20.52"
"13,11 : 11.7"
"13,12 : 16.28"
"13,13 : 0.0"
"13,14 : 31.26"
"13,15 : 12.08"
"13,16 : 13.0"
"13,17 : 15.62"
"13,18 : 32.14"
"13,19 : 36.0"
"13,20 : 23.77"
"13,21 : 11.18"
"13,22 : 15.23"
"13,23 : 45.65"
"13,24 : 25.5"
"13,25 : 45.0"
"13,26 : 30.02"
"13,27 : 8.06"
"13,28 : 41.11"
"13,29 : 21.93"
"13,30 : 19.24"
"13,31 : 19.1"
"13,32 : 28.16"
"13,33 : 14.32"
"13,34 : 19.85"
"13,35 : 13.0"
"13,36 : 27.8"
"13,37 : 20.25"
"13,38 : 37.11"
"13,39 : 16.4"
"13,40 : 5.0"
"13,41 : 7.07"
"13,42 : 14.21"
"13,43 : 28.6"
"13,44 : 3.16"
"13,45 : 13.45"
"13,46 : 40.05"
"13,47 : 38.08"
"13,48 : 23.02"
"13,49 : 19.21"
"13,50 : 37.54"
"13,51 : 10.63"
"13,52 : 29.73"
"13,53 : 23.19"
"13,54 : 19.1"
"13,55 : 47.43"
"13,56 : 20.88"
"13,57 : 37.12"
"13,58 : 42.49"
"13,59 : 29.27"
"13,60 : 40.0"
"13,61 : 28.28"
"13,62 : 25.63"
"13,63 : 13.0"
"13,64 : 25.0"
"13,65 : 21.63"
"13,66 : 39.46"
"13,67 : 16.49"
"13,68 : 13.45"
"13,69 : 23.19"
"13,70 : 41.48"
"13,71 : 40.85"
"13,72 : 33.73"
"13,73 : 8.6"
"13,74 : 22.2"
"13,75 : 17.46"
"13,76 : 20.02"
"13,77 : 19.24"
"13,78 : 19.03"
"13,79 : 17.26"
"13,80 : 38.08"
"13,81 : 17.89"
"13,82 : 29.41"
"13,83 : 28.64"
"13,84 : 15.26"
"13,85 : 21.1"
"13,86 : 24.35"
"13,87 : 31.38"
"13,88 : 29.12"
"13,89 : 7.62"
"13,90 : 13.0"
"13,91 : 13.04"
"13,92 : 39.81"
"13,93 : 24.35"
"13,94 : 34.18"
"13,95 : 22.8"
"13,96 : 42.54"
"13,97 : 36.4"
"13,98 : 10.77"
"13,99 : 40.05"
"14,0 : 32.0"
"14,1 : 25.0"
"14,2 : 33.02"
"14,3 : 24.7"
"14,4 : 20.12"
"14,5 : 5.0"
"14,6 : 36.24"
"14,7 : 28.16"
"14,8 : 35.85"
"14,9 : 25.55"
"14,10 : 20.25"
"14,11 : 30.89"
"14,12 : 34.41"
"14,13 : 31.26"
"14,14 : 0.0"
"14,15 : 30.02"
"14,16 : 18.44"
"14,17 : 19.92"
"14,18 : 7.07"
"14,19 : 6.4"
"14,20 : 31.4"
"14,21 : 20.88"
"14,22 : 30.81"
"14,23 : 27.51"
"14,24 : 10.82"
"14,25 : 31.4"
"14,26 : 5.1"
"14,27 : 39.32"
"14,28 : 12.04"
"14,29 : 46.65"
"14,30 : 30.41"
"14,31 : 19.24"
"14,32 : 3.16"
"14,33 : 40.72"
"14,34 : 23.35"
"14,35 : 35.36"
"14,36 : 29.53"
"14,37 : 29.0"
"14,38 : 7.07"
"14,39 : 18.97"
"14,40 : 27.02"
"14,41 : 27.51"
"14,42 : 42.72"
"14,43 : 15.26"
"14,44 : 32.76"
"14,45 : 21.59"
"14,46 : 9.22"
"14,47 : 11.7"
"14,48 : 41.87"
"14,49 : 21.95"
"14,50 : 29.15"
"14,51 : 40.52"
"14,52 : 18.36"
"14,53 : 33.84"
"14,54 : 25.46"
"14,55 : 32.02"
"14,56 : 34.66"
"14,57 : 21.1"
"14,58 : 24.04"
"14,59 : 8.25"
"14,60 : 28.02"
"14,61 : 19.42"
"14,62 : 48.83"
"14,63 : 36.88"
"14,64 : 7.62"
"14,65 : 29.07"
"14,66 : 12.81"
"14,67 : 33.6"
"14,68 : 42.38"
"14,69 : 38.9"
"14,70 : 17.49"
"14,71 : 20.25"
"14,72 : 11.18"
"14,73 : 28.23"
"14,74 : 38.47"
"14,75 : 37.34"
"14,76 : 34.0"
"14,77 : 37.16"
"14,78 : 37.8"
"14,79 : 39.96"
"14,80 : 14.32"
"14,81 : 15.52"
"14,82 : 14.76"
"14,83 : 10.44"
"14,84 : 21.63"
"14,85 : 24.41"
"14,86 : 29.83"
"14,87 : 8.25"
"14,88 : 12.37"
"14,89 : 34.13"
"14,90 : 36.88"
"14,91 : 31.32"
"14,92 : 14.42"
"14,93 : 29.83"
"14,94 : 16.03"
"14,95 : 22.02"
"14,96 : 22.47"
"14,97 : 14.56"
"14,98 : 35.51"
"14,99 : 10.82"
"15,0 : 16.16"
"15,1 : 8.25"
"15,2 : 13.89"
"15,3 : 6.71"
"15,4 : 17.26"
"15,5 : 34.99"
"15,6 : 8.25"
"15,7 : 31.78"
"15,8 : 17.89"
"15,9 : 28.28"
"15,10 : 27.51"
"15,11 : 1.0"
"15,12 : 5.39"
"15,13 : 12.08"
"15,14 : 30.02"
"15,15 : 0.0"
"15,16 : 13.6"
"15,17 : 22.14"
"15,18 : 28.16"
"15,19 : 32.89"
"15,20 : 34.01"
"15,21 : 10.82"
"15,22 : 3.16"
"15,23 : 36.69"
"15,24 : 20.88"
"15,25 : 34.89"
"15,26 : 26.93"
"15,27 : 16.4"
"15,28 : 41.62"
"15,29 : 16.64"
"15,30 : 7.21"
"15,31 : 25.63"
"15,32 : 26.93"
"15,33 : 11.18"
"15,34 : 10.2"
"15,35 : 5.39"
"15,36 : 16.28"
"15,37 : 8.49"
"15,38 : 36.89"
"15,39 : 22.47"
"15,40 : 14.04"
"15,41 : 6.0"
"15,42 : 14.0"
"15,43 : 33.29"
"15,44 : 10.0"
"15,45 : 20.62"
"15,46 : 37.34"
"15,47 : 39.7"
"15,48 : 13.42"
"15,49 : 26.93"
"15,50 : 26.93"
"15,51 : 13.6"
"15,52 : 35.36"
"15,53 : 34.06"
"15,54 : 8.54"
"15,55 : 37.58"
"15,56 : 9.06"
"15,57 : 28.64"
"15,58 : 33.96"
"15,59 : 25.0"
"15,60 : 29.97"
"15,61 : 34.44"
"15,62 : 19.1"
"15,63 : 25.08"
"15,64 : 26.17"
"15,65 : 9.9"
"15,66 : 34.37"
"15,67 : 5.1"
"15,68 : 14.04"
"15,69 : 12.17"
"15,70 : 35.0"
"15,71 : 33.24"
"15,72 : 28.28"
"15,73 : 4.0"
"15,74 : 33.96"
"15,75 : 29.41"
"15,76 : 31.26"
"15,77 : 31.05"
"15,78 : 8.94"
"15,79 : 10.0"
"15,80 : 32.06"
"15,81 : 21.95"
"15,82 : 33.84"
"15,83 : 23.54"
"15,84 : 8.54"
"15,85 : 29.61"
"15,86 : 34.13"
"15,87 : 33.24"
"15,88 : 23.19"
"15,89 : 19.7"
"15,90 : 25.08"
"15,91 : 24.33"
"15,92 : 34.13"
"15,93 : 34.13"
"15,94 : 27.02"
"15,95 : 30.36"
"15,96 : 34.53"
"15,97 : 30.02"
"15,98 : 22.85"
"15,99 : 36.14"
"16,0 : 14.56"
"16,1 : 6.71"
"16,2 : 23.02"
"16,3 : 7.07"
"16,4 : 16.64"
"16,5 : 23.09"
"16,6 : 21.47"
"16,7 : 31.89"
"16,8 : 27.0"
"16,9 : 17.46"
"16,10 : 15.03"
"16,11 : 14.21"
"16,12 : 18.87"
"16,13 : 13.0"
"16,14 : 18.44"
"16,15 : 13.6"
"16,16 : 0.0"
"16,17 : 10.05"
"16,18 : 19.24"
"16,19 : 23.0"
"16,20 : 24.04"
"16,21 : 2.83"
"16,22 : 15.65"
"16,23 : 34.83"
"16,24 : 13.0"
"16,25 : 35.47"
"16,26 : 17.03"
"16,27 : 21.02"
"16,28 : 29.07"
"16,29 : 29.73"
"16,30 : 17.46"
"16,31 : 13.04"
"16,32 : 15.3"
"16,33 : 23.02"
"16,34 : 13.15"
"16,35 : 18.38"
"16,36 : 22.36"
"16,37 : 17.12"
"16,38 : 24.7"
"16,39 : 10.0"
"16,40 : 9.49"
"16,41 : 9.43"
"16,42 : 24.6"
"16,43 : 19.72"
"16,44 : 14.32"
"16,45 : 9.49"
"16,46 : 27.07"
"16,47 : 26.63"
"16,48 : 26.93"
"16,49 : 15.03"
"16,50 : 29.15"
"16,51 : 22.14"
"16,52 : 21.93"
"16,53 : 25.08"
"16,54 : 14.0"
"16,55 : 37.48"
"16,56 : 21.19"
"16,57 : 26.25"
"16,58 : 31.4"
"16,59 : 16.49"
"16,60 : 30.61"
"16,61 : 21.19"
"16,62 : 32.56"
"16,63 : 21.63"
"16,64 : 13.04"
"16,65 : 18.03"
"16,66 : 26.68"
"16,67 : 18.36"
"16,68 : 24.17"
"16,69 : 25.08"
"16,70 : 29.15"
"16,71 : 29.15"
"16,72 : 21.19"
"16,73 : 10.63"
"16,74 : 27.2"
"16,75 : 24.04"
"16,76 : 23.32"
"16,77 : 24.84"
"16,78 : 22.47"
"16,79 : 23.35"
"16,80 : 25.63"
"16,81 : 8.54"
"16,82 : 20.25"
"16,83 : 16.16"
"16,84 : 8.0"
"16,85 : 18.11"
"16,86 : 23.54"
"16,87 : 20.0"
"16,88 : 17.0"
"16,89 : 17.46"
"16,90 : 21.63"
"16,91 : 17.69"
"16,92 : 27.2"
"16,93 : 23.54"
"16,94 : 22.47"
"16,95 : 18.03"
"16,96 : 31.06"
"16,97 : 24.17"
"16,98 : 19.72"
"16,99 : 27.07"
"17,0 : 14.32"
"17,1 : 13.93"
"17,2 : 33.0"
"17,3 : 15.52"
"17,4 : 26.0"
"17,5 : 23.19"
"17,6 : 30.36"
"17,7 : 40.5"
"17,8 : 37.01"
"17,9 : 7.62"
"17,10 : 5.39"
"17,11 : 22.47"
"17,12 : 27.51"
"17,13 : 15.62"
"17,14 : 19.92"
"17,15 : 22.14"
"17,16 : 10.05"
"17,17 : 0.0"
"17,18 : 23.85"
"17,19 : 26.0"
"17,20 : 14.32"
"17,21 : 12.04"
"17,22 : 24.74"
"17,23 : 42.52"
"17,24 : 19.85"
"17,25 : 44.1"
"17,26 : 21.1"
"17,27 : 22.83"
"17,28 : 27.17"
"17,29 : 36.62"
"17,30 : 27.17"
"17,31 : 3.61"
"17,32 : 17.46"
"17,33 : 29.21"
"17,34 : 23.19"
"17,35 : 25.94"
"17,36 : 32.39"
"17,37 : 27.02"
"17,38 : 24.02"
"17,39 : 1.0"
"17,40 : 10.63"
"17,41 : 16.55"
"17,42 : 29.7"
"17,43 : 13.04"
"17,44 : 18.38"
"17,45 : 2.24"
"17,46 : 29.12"
"17,47 : 23.54"
"17,48 : 35.47"
"17,49 : 5.0"
"17,50 : 38.48"
"17,51 : 26.25"
"17,52 : 14.14"
"17,53 : 15.81"
"17,54 : 24.02"
"17,55 : 45.8"
"17,56 : 30.59"
"17,57 : 34.21"
"17,58 : 38.95"
"17,59 : 22.02"
"17,60 : 39.45"
"17,61 : 12.81"
"17,62 : 39.96"
"17,63 : 17.12"
"17,64 : 12.37"
"17,65 : 28.0"
"17,66 : 31.38"
"17,67 : 27.2"
"17,68 : 29.0"
"17,69 : 34.21"
"17,70 : 35.0"
"17,71 : 36.07"
"17,72 : 27.02"
"17,73 : 18.38"
"17,74 : 19.21"
"17,75 : 17.46"
"17,76 : 14.87"
"17,77 : 17.49"
"17,78 : 31.02"
"17,79 : 30.89"
"17,80 : 31.4"
"17,81 : 4.47"
"17,82 : 13.89"
"17,83 : 22.63"
"17,84 : 18.03"
"17,85 : 8.06"
"17,86 : 13.6"
"17,87 : 17.12"
"17,88 : 24.08"
"17,89 : 15.3"
"17,90 : 17.12"
"17,91 : 11.4"
"17,92 : 32.45"
"17,93 : 13.6"
"17,94 : 29.73"
"17,95 : 8.25"
"17,96 : 38.18"
"17,97 : 30.48"
"17,98 : 16.0"
"17,99 : 30.46"
"18,0 : 33.73"
"18,1 : 25.0"
"18,2 : 28.28"
"18,3 : 24.08"
"18,4 : 14.87"
"18,5 : 10.44"
"18,6 : 33.12"
"18,7 : 21.1"
"18,8 : 30.61"
"18,9 : 30.48"
"18,10 : 25.46"
"18,11 : 29.12"
"18,12 : 31.78"
"18,13 : 32.14"
"18,14 : 7.07"
"18,15 : 28.16"
"18,16 : 19.24"
"18,17 : 23.85"
"18,18 : 0.0"
"18,19 : 5.0"
"18,20 : 36.77"
"18,21 : 21.02"
"18,22 : 28.23"
"18,23 : 20.62"
"18,24 : 7.28"
"18,25 : 24.33"
"18,26 : 2.83"
"18,27 : 40.05"
"18,28 : 17.46"
"18,29 : 44.38"
"18,30 : 26.93"
"18,31 : 24.08"
"18,32 : 7.21"
"18,33 : 39.29"
"18,34 : 19.72"
"18,35 : 33.53"
"18,36 : 24.21"
"18,37 : 25.24"
"18,38 : 12.65"
"18,39 : 23.02"
"18,40 : 28.64"
"18,41 : 27.07"
"18,42 : 41.77"
"18,43 : 21.93"
"18,44 : 33.0"
"18,45 : 25.06"
"18,46 : 9.43"
"18,47 : 18.25"
"18,48 : 38.59"
"18,49 : 26.91"
"18,50 : 22.36"
"18,51 : 40.2"
"18,52 : 25.08"
"18,53 : 38.95"
"18,54 : 21.95"
"18,55 : 25.0"
"18,56 : 31.06"
"18,57 : 14.04"
"18,58 : 17.09"
"18,59 : 3.16"
"18,60 : 21.0"
"18,61 : 25.94"
"18,62 : 46.07"
"18,63 : 39.92"
"18,64 : 12.81"
"18,65 : 25.0"
"18,66 : 7.62"
"18,67 : 30.87"
"18,68 : 41.59"
"18,69 : 35.23"
"18,70 : 11.31"
"18,71 : 13.42"
"18,72 : 4.12"
"18,73 : 27.29"
"18,74 : 43.01"
"18,75 : 41.18"
"18,76 : 38.6"
"18,77 : 41.34"
"18,78 : 34.89"
"18,79 : 37.7"
"18,80 : 7.81"
"18,81 : 19.42"
"18,82 : 21.54"
"18,83 : 5.0"
"18,84 : 19.65"
"18,85 : 29.7"
"18,86 : 35.38"
"18,87 : 15.3"
"18,88 : 6.4"
"18,89 : 36.4"
"18,90 : 39.92"
"18,91 : 34.89"
"18,92 : 8.6"
"18,93 : 35.38"
"18,94 : 9.0"
"18,95 : 27.66"
"18,96 : 15.65"
"18,97 : 7.62"
"18,98 : 38.28"
"18,99 : 8.06"
"19,0 : 37.22"
"19,1 : 29.15"
"19,2 : 33.24"
"19,3 : 28.44"
"19,4 : 19.8"
"19,5 : 7.07"
"19,6 : 38.08"
"19,7 : 24.08"
"19,8 : 35.47"
"19,9 : 31.91"
"19,10 : 26.63"
"19,11 : 33.84"
"19,12 : 36.67"
"19,13 : 36.0"
"19,14 : 6.4"
"19,15 : 32.89"
"19,16 : 23.0"
"19,17 : 26.0"
"19,18 : 5.0"
"19,19 : 0.0"
"19,20 : 37.8"
"19,21 : 25.08"
"19,22 : 33.11"
"19,23 : 22.36"
"19,24 : 12.08"
"19,25 : 27.0"
"19,26 : 6.08"
"19,27 : 44.01"
"19,28 : 13.34"
"19,29 : 49.24"
"19,30 : 31.91"
"19,31 : 25.55"
"19,32 : 8.54"
"19,33 : 43.97"
"19,34 : 24.7"
"19,35 : 38.28"
"19,36 : 29.07"
"19,37 : 30.23"
"19,38 : 9.0"
"19,39 : 25.08"
"19,40 : 32.14"
"19,41 : 31.4"
"19,42 : 46.32"
"19,43 : 21.4"
"19,44 : 37.12"
"19,45 : 27.51"
"19,46 : 4.47"
"19,47 : 15.03"
"19,48 : 43.57"
"19,49 : 28.3"
"19,50 : 26.25"
"19,51 : 44.55"
"19,52 : 24.41"
"19,53 : 40.22"
"19,54 : 26.93"
"19,55 : 27.17"
"19,56 : 36.06"
"19,57 : 17.26"
"19,58 : 19.1"
"19,59 : 8.06"
"19,60 : 24.33"
"19,61 : 25.61"
"19,62 : 51.0"
"19,63 : 42.72"
"19,64 : 13.89"
"19,65 : 30.0"
"19,66 : 6.71"
"19,67 : 35.78"
"19,68 : 46.1"
"19,69 : 40.22"
"19,70 : 11.7"
"19,71 : 15.13"
"19,72 : 7.62"
"19,73 : 31.78"
"19,74 : 44.78"
"19,75 : 43.46"
"19,76 : 40.31"
"19,77 : 43.38"
"19,78 : 39.82"
"19,79 : 42.54"
"19,80 : 9.06"
"19,81 : 21.54"
"19,82 : 20.81"
"19,83 : 10.0"
"19,84 : 24.35"
"19,85 : 30.81"
"19,86 : 36.24"
"19,87 : 13.89"
"19,88 : 11.31"
"19,89 : 39.62"
"19,90 : 42.72"
"19,91 : 37.34"
"19,92 : 8.54"
"19,93 : 36.24"
"19,94 : 12.65"
"19,95 : 28.43"
"19,96 : 17.26"
"19,97 : 10.05"
"19,98 : 41.23"
"19,99 : 4.47"
"20,0 : 20.25"
"20,1 : 26.02"
"20,2 : 46.39"
"20,3 : 28.07"
"20,4 : 40.31"
"20,5 : 33.12"
"20,6 : 42.11"
"20,7 : 54.71"
"20,8 : 50.49"
"20,9 : 6.71"
"20,10 : 11.31"
"20,11 : 34.06"
"20,12 : 39.12"
"20,13 : 23.77"
"20,14 : 31.4"
"20,15 : 34.01"
"20,16 : 24.04"
"20,17 : 14.32"
"20,18 : 36.77"
"20,19 : 37.8"
"20,20 : 0.0"
"20,21 : 25.5"
"20,22 : 37.0"
"20,23 : 56.4"
"20,24 : 33.84"
"20,25 : 58.31"
"20,26 : 33.94"
"20,27 : 27.78"
"20,28 : 34.48"
"20,29 : 45.54"
"20,30 : 40.11"
"20,31 : 12.81"
"20,32 : 29.73"
"20,33 : 37.95"
"20,34 : 37.11"
"20,35 : 36.5"
"20,36 : 46.32"
"20,37 : 40.31"
"20,38 : 33.11"
"20,39 : 14.76"
"20,40 : 20.1"
"20,41 : 28.02"
"20,42 : 37.16"
"20,43 : 18.03"
"20,44 : 26.93"
"20,45 : 14.56"
"20,46 : 39.96"
"20,47 : 30.08"
"20,48 : 46.53"
"20,49 : 10.0"
"20,50 : 52.8"
"20,51 : 33.11"
"20,52 : 16.28"
"20,53 : 3.0"
"20,54 : 37.66"
"20,55 : 59.91"
"20,56 : 43.0"
"20,57 : 48.26"
"20,58 : 52.8"
"20,59 : 35.47"
"20,60 : 53.71"
"20,61 : 14.32"
"20,62 : 49.34"
"20,63 : 15.56"
"20,64 : 24.08"
"20,65 : 41.44"
"20,66 : 43.93"
"20,67 : 39.05"
"20,68 : 36.25"
"20,69 : 46.1"
"20,70 : 48.08"
"20,71 : 49.68"
"20,72 : 40.36"
"20,73 : 30.02"
"20,74 : 9.06"
"20,75 : 11.66"
"20,76 : 5.83"
"20,77 : 9.85"
"20,78 : 42.3"
"20,79 : 41.0"
"20,80 : 44.55"
"20,81 : 18.03"
"20,82 : 18.97"
"20,83 : 36.4"
"20,84 : 31.78"
"20,85 : 7.07"
"20,86 : 2.0"
"20,87 : 25.5"
"20,88 : 38.01"
"20,89 : 18.36"
"20,90 : 15.56"
"20,91 : 11.18"
"20,92 : 45.28"
"20,93 : 2.0"
"20,94 : 43.6"
"20,95 : 9.43"
"20,96 : 51.86"
"20,97 : 43.93"
"20,98 : 16.4"
"20,99 : 42.2"
"21,0 : 13.42"
"21,1 : 4.12"
"21,2 : 21.02"
"21,3 : 4.24"
"21,4 : 16.28"
"21,5 : 25.63"
"21,6 : 18.79"
"21,7 : 31.83"
"21,8 : 25.08"
"21,9 : 19.1"
"21,10 : 17.26"
"21,11 : 11.4"
"21,12 : 16.12"
"21,13 : 11.18"
"21,14 : 20.88"
"21,15 : 10.82"
"21,16 : 2.83"
"21,17 : 12.04"
"21,18 : 21.02"
"21,19 : 25.08"
"21,20 : 25.5"
"21,21 : 0.0"
"21,22 : 13.0"
"21,23 : 35.23"
"21,24 : 14.32"
"21,25 : 35.36"
"21,26 : 19.03"
"21,27 : 19.03"
"21,28 : 31.76"
"21,29 : 26.91"
"21,30 : 15.13"
"21,31 : 15.3"
"21,32 : 17.72"
"21,33 : 20.25"
"21,34 : 11.7"
"21,35 : 15.56"
"21,36 : 20.88"
"21,37 : 15.0"
"21,38 : 27.31"
"21,39 : 12.17"
"21,40 : 8.6"
"21,41 : 6.71"
"21,42 : 21.93"
"21,43 : 22.47"
"21,44 : 12.04"
"21,45 : 11.05"
"21,46 : 29.27"
"21,47 : 29.41"
"21,48 : 24.19"
"21,49 : 17.03"
"21,50 : 28.6"
"21,51 : 19.65"
"21,52 : 24.6"
"21,53 : 26.25"
"21,54 : 12.17"
"21,55 : 37.54"
"21,56 : 18.68"
"21,57 : 26.63"
"21,58 : 31.91"
"21,59 : 18.11"
"21,60 : 30.41"
"21,61 : 23.77"
"21,62 : 29.73"
"21,63 : 21.26"
"21,64 : 15.81"
"21,65 : 16.03"
"21,66 : 28.28"
"21,67 : 15.65"
"21,68 : 21.54"
"21,69 : 22.47"
"21,70 : 30.36"
"21,71 : 29.97"
"21,72 : 22.56"
"21,73 : 7.81"
"21,74 : 27.78"
"21,75 : 24.21"
"21,76 : 24.17"
"21,77 : 25.24"
"21,78 : 19.72"
"21,79 : 20.52"
"21,80 : 26.93"
"21,81 : 11.18"
"21,82 : 23.02"
"21,83 : 17.46"
"21,84 : 6.32"
"21,85 : 20.0"
"21,86 : 25.18"
"21,87 : 22.8"
"21,88 : 18.03"
"21,89 : 16.64"
"21,90 : 21.26"
"21,91 : 18.03"
"21,92 : 28.64"
"21,93 : 25.18"
"21,94 : 23.26"
"21,95 : 20.22"
"21,96 : 31.76"
"21,97 : 25.3"
"21,98 : 19.21"
"21,99 : 29.0"
"22,0 : 19.31"
"22,1 : 11.05"
"22,2 : 10.82"
"22,3 : 9.22"
"22,4 : 16.0"
"22,5 : 35.81"
"22,6 : 5.83"
"22,7 : 29.73"
"22,8 : 14.76"
"22,9 : 31.14"
"22,10 : 30.08"
"22,11 : 3.61"
"22,12 : 3.61"
"22,13 : 15.23"
"22,14 : 30.81"
"22,15 : 3.16"
"22,16 : 15.65"
"22,17 : 24.74"
"22,18 : 28.23"
"22,19 : 33.11"
"22,20 : 37.0"
"22,21 : 13.0"
"22,22 : 0.0"
"22,23 : 34.93"
"22,24 : 21.02"
"22,25 : 32.7"
"22,26 : 27.29"
"22,27 : 19.1"
"22,28 : 42.64"
"22,29 : 16.16"
"22,30 : 4.24"
"22,31 : 28.16"
"22,32 : 27.8"
"22,33 : 12.04"
"22,34 : 9.06"
"22,35 : 6.08"
"22,36 : 13.6"
"22,37 : 5.83"
"22,38 : 37.8"
"22,39 : 25.0"
"22,40 : 17.12"
"22,41 : 9.06"
"22,42 : 15.3"
"22,43 : 35.36"
"22,44 : 13.04"
"22,45 : 23.35"
"22,46 : 37.58"
"22,47 : 41.01"
"22,48 : 11.4"
"22,49 : 29.61"
"22,50 : 24.6"
"22,51 : 15.65"
"22,52 : 37.58"
"22,53 : 37.12"
"22,54 : 7.0"
"22,55 : 35.47"
"22,56 : 6.0"
"22,57 : 27.17"
"22,58 : 32.39"
"22,59 : 25.08"
"22,60 : 27.86"
"22,61 : 36.77"
"22,62 : 18.03"
"22,63 : 28.23"
"22,64 : 27.66"
"22,65 : 7.21"
"22,66 : 33.96"
"22,67 : 2.83"
"22,68 : 15.52"
"22,69 : 9.49"
"22,70 : 34.13"
"22,71 : 32.02"
"22,72 : 27.89"
"22,73 : 7.07"
"22,74 : 37.11"
"22,75 : 32.57"
"22,76 : 34.37"
"22,77 : 34.21"
"22,78 : 7.07"
"22,79 : 9.49"
"22,80 : 31.4"
"22,81 : 24.17"
"22,82 : 35.85"
"22,83 : 23.41"
"22,84 : 9.22"
"22,85 : 32.39"
"22,86 : 37.05"
"22,87 : 34.71"
"22,88 : 22.8"
"22,89 : 22.85"
"22,90 : 28.23"
"22,91 : 27.46"
"22,92 : 33.54"
"22,93 : 37.05"
"22,94 : 26.08"
"22,95 : 32.98"
"22,96 : 33.14"
"22,97 : 29.27"
"22,98 : 26.0"
"22,99 : 36.06"
"23,0 : 48.55"
"23,1 : 38.08"
"23,2 : 28.02"
"23,3 : 36.24"
"23,4 : 19.7"
"23,5 : 29.43"
"23,6 : 37.12"
"23,7 : 6.32"
"23,8 : 27.46"
"23,9 : 49.82"
"23,10 : 45.22"
"23,11 : 37.64"
"23,12 : 37.48"
"23,13 : 45.65"
"23,14 : 27.51"
"23,15 : 36.69"
"23,16 : 34.83"
"23,17 : 42.52"
"23,18 : 20.62"
"23,19 : 22.36"
"23,20 : 56.4"
"23,21 : 35.23"
"23,22 : 34.93"
"23,23 : 0.0"
"23,24 : 22.67"
"23,25 : 6.4"
"23,26 : 23.26"
"23,27 : 52.39"
"23,28 : 35.01"
"23,29 : 49.04"
"23,30 : 31.4"
"23,31 : 43.6"
"23,32 : 27.73"
"23,33 : 46.87"
"23,34 : 26.57"
"23,35 : 41.0"
"23,36 : 23.0"
"23,37 : 29.43"
"23,38 : 31.26"
"23,39 : 41.87"
"23,40 : 43.83"
"23,41 : 38.91"
"23,42 : 50.22"
"23,43 : 42.54"
"23,44 : 45.19"
"23,45 : 43.14"
"23,46 : 24.0"
"23,47 : 37.34"
"23,48 : 41.01"
"23,49 : 46.4"
"23,50 : 12.37"
"23,51 : 50.29"
"23,52 : 45.69"
"23,53 : 58.26"
"23,54 : 28.16"
"23,55 : 5.1"
"23,56 : 34.06"
"23,57 : 8.6"
"23,58 : 3.61"
"23,59 : 21.1"
"23,60 : 8.25"
"23,61 : 46.52"
"23,62 : 49.04"
"23,63 : 56.4"
"23,64 : 33.12"
"23,65 : 28.28"
"23,66 : 16.03"
"23,67 : 36.5"
"23,68 : 50.45"
"23,69 : 37.01"
"23,70 : 11.0"
"23,71 : 7.28"
"23,72 : 16.55"
"23,73 : 38.08"
"23,74 : 61.52"
"23,75 : 58.8"
"23,76 : 57.31"
"23,77 : 59.41"
"23,78 : 39.12"
"23,79 : 43.29"
"23,80 : 13.34"
"23,81 : 38.42"
"23,82 : 42.15"
"23,83 : 20.0"
"23,84 : 30.41"
"23,85 : 49.41"
"23,86 : 55.22"
"23,87 : 35.74"
"23,88 : 18.44"
"23,89 : 51.87"
"23,90 : 56.4"
"23,91 : 52.4"
"23,92 : 14.04"
"23,93 : 55.22"
"23,94 : 12.81"
"23,95 : 47.71"
"23,96 : 5.1"
"23,97 : 13.0"
"23,98 : 54.41"
"23,99 : 20.0"
"24,0 : 27.51"
"24,1 : 18.11"
"24,2 : 22.2"
"24,3 : 17.0"
"24,4 : 9.49"
"24,5 : 15.62"
"24,6 : 26.08"
"24,7 : 21.02"
"24,8 : 25.06"
"24,9 : 27.2"
"24,10 : 22.83"
"24,11 : 21.84"
"24,12 : 24.6"
"24,13 : 25.5"
"24,14 : 10.82"
"24,15 : 20.88"
"24,16 : 13.0"
"24,17 : 19.85"
"24,18 : 7.28"
"24,19 : 12.08"
"24,20 : 33.84"
"24,21 : 14.32"
"24,22 : 21.02"
"24,23 : 22.67"
"24,24 : 0.0"
"24,25 : 24.6"
"24,26 : 6.4"
"24,27 : 33.24"
"24,28 : 22.8"
"24,29 : 37.16"
"24,30 : 20.0"
"24,31 : 21.1"
"24,32 : 8.54"
"24,33 : 32.02"
"24,34 : 12.81"
"24,35 : 26.25"
"24,36 : 18.79"
"24,37 : 18.44"
"24,38 : 17.8"
"24,39 : 19.21"
"24,40 : 22.47"
"24,41 : 20.0"
"24,42 : 34.53"
"24,43 : 22.09"
"24,44 : 26.08"
"24,45 : 20.52"
"24,46 : 16.55"
"24,47 : 22.36"
"24,48 : 31.62"
"24,49 : 23.85"
"24,50 : 20.22"
"24,51 : 33.06"
"24,52 : 25.18"
"24,53 : 35.61"
"24,54 : 15.0"
"24,55 : 26.08"
"24,56 : 24.21"
"24,57 : 14.42"
"24,58 : 19.1"
"24,59 : 4.12"
"24,60 : 20.25"
"24,61 : 25.5"
"24,62 : 38.95"
"24,63 : 34.48"
"24,64 : 12.04"
"24,65 : 18.38"
"24,66 : 14.04"
"24,67 : 23.71"
"24,68 : 34.37"
"24,69 : 28.43"
"24,70 : 16.16"
"24,71 : 16.4"
"24,72 : 8.25"
"24,73 : 20.1"
"24,74 : 38.9"
"24,75 : 36.4"
"24,76 : 34.66"
"24,77 : 36.88"
"24,78 : 27.78"
"24,79 : 30.46"
"24,80 : 12.65"
"24,81 : 15.81"
"24,82 : 22.02"
"24,83 : 3.16"
"24,84 : 12.37"
"24,85 : 26.93"
"24,86 : 32.76"
"24,87 : 17.46"
"24,88 : 4.24"
"24,89 : 30.46"
"24,90 : 34.48"
"24,91 : 30.0"
"24,92 : 14.32"
"24,93 : 32.76"
"24,94 : 9.9"
"24,95 : 25.5"
"24,96 : 18.44"
"24,97 : 11.18"
"24,98 : 32.65"
"24,99 : 15.3"
"25,0 : 48.27"
"25,1 : 37.64"
"25,2 : 24.33"
"25,3 : 35.61"
"25,4 : 19.1"
"25,5 : 34.01"
"25,6 : 33.96"
"25,7 : 3.61"
"25,8 : 23.0"
"25,9 : 51.62"
"25,10 : 47.41"
"25,11 : 35.78"
"25,12 : 34.79"
"25,13 : 45.0"
"25,14 : 31.4"
"25,15 : 34.89"
"25,16 : 35.47"
"25,17 : 44.1"
"25,18 : 24.33"
"25,19 : 27.0"
"25,20 : 58.31"
"25,21 : 35.36"
"25,22 : 32.7"
"25,23 : 6.4"
"25,24 : 24.6"
"25,25 : 0.0"
"25,26 : 26.68"
"25,27 : 51.11"
"25,28 : 40.11"
"25,29 : 45.54"
"25,30 : 28.79"
"25,31 : 45.65"
"25,32 : 31.05"
"25,33 : 44.27"
"25,34 : 25.24"
"25,35 : 38.63"
"25,36 : 19.65"
"25,37 : 26.93"
"25,38 : 36.0"
"25,39 : 43.57"
"25,40 : 43.86"
"25,41 : 38.01"
"25,42 : 47.76"
"25,43 : 45.88"
"25,44 : 44.1"
"25,45 : 44.41"
"25,46 : 29.27"
"25,47 : 42.01"
"25,48 : 37.22"
"25,49 : 48.37"
"25,50 : 8.25"
"25,51 : 48.33"
"25,52 : 49.04"
"25,53 : 59.91"
"25,54 : 26.42"
"25,55 : 3.0"
"25,56 : 30.81"
"25,57 : 10.44"
"25,58 : 8.25"
"25,59 : 24.04"
"25,60 : 5.0"
"25,61 : 49.65"
"25,62 : 45.1"
"25,63 : 56.59"
"25,64 : 36.06"
"25,65 : 25.63"
"25,66 : 21.21"
"25,67 : 33.84"
"25,68 : 48.1"
"25,69 : 33.24"
"25,70 : 16.49"
"25,71 : 12.17"
"25,72 : 20.22"
"25,73 : 36.89"
"25,74 : 62.63"
"25,75 : 59.46"
"25,76 : 58.6"
"25,77 : 60.31"
"25,78 : 35.9"
"25,79 : 40.26"
"25,80 : 18.03"
"25,81 : 40.31"
"25,82 : 45.61"
"25,83 : 22.47"
"25,84 : 29.83"
"25,85 : 51.48"
"25,86 : 57.31"
"25,87 : 39.62"
"25,88 : 20.62"
"25,89 : 51.74"
"25,90 : 56.59"
"25,91 : 53.15"
