x,y
9,44
19,6
42,41
0,22
23,30
2,50
9,38
49,10
8,33
6,28
45,46
4,31
40,5
45,48
50,24
21,30
25,34
1,30
5,49
37,41
37,25
2,22
0,1
39,44
37,6
2,3
42,44
42,20
22,37
0,12
11,15
18,29
4,31
28,32
16,15
31,23
13,13
35,38
14,32
25,32
26,5
14,2
21,27
32,10
23,27
0,29
9,23
47,31
0,32
3,5
12,10
17,26
50,12
27,49
5,28
0,45
16,1
45,27
5,26
19,6
49,46
16,35
23,44
20,10
19,47
0,35
42,50
5,27
37,28
23,44
26,34
19,16
23,18
23,38
30,47
5,41
46,6
21,49
23,37
1,7
28,21
25,38
25,0
2,24
40,34
48,17
6,50
1,34
5,33
46,3
4,31
28,12
48,7
34,49
15,47
19,27
48,15
37,36
42,8
49,16

Distanze
"0,0 : 0.0"
"0,1 : 39.29"
"0,2 : 33.14"
"0,3 : 23.77"
"0,4 : 19.8"
"0,5 : 9.22"
"0,6 : 6.0"
"0,7 : 52.5"
"0,8 : 11.05"
"0,9 : 16.28"
"0,10 : 36.06"
"0,11 : 13.93"
"0,12 : 49.82"
"0,13 : 36.22"
"0,14 : 45.62"
"0,15 : 18.44"
"0,16 : 18.87"
"0,17 : 16.12"
"0,18 : 6.4"
"0,19 : 28.16"
"0,20 : 33.84"
"0,21 : 23.09"
"0,22 : 43.93"
"0,23 : 30.0"
"0,24 : 47.2"
"0,25 : 41.59"
"0,26 : 33.0"
"0,27 : 40.8"
"0,28 : 14.76"
"0,29 : 33.24"
"0,30 : 29.07"
"0,31 : 17.49"
"0,32 : 13.93"
"0,33 : 22.47"
"0,34 : 29.83"
"0,35 : 30.41"
"0,36 : 31.26"
"0,37 : 26.68"
"0,38 : 13.0"
"0,39 : 20.0"
"0,40 : 42.54"
"0,41 : 42.3"
"0,42 : 20.81"
"0,43 : 41.05"
"0,44 : 22.02"
"0,45 : 17.49"
"0,46 : 21.0"
"0,47 : 40.16"
"0,48 : 15.0"
"0,49 : 39.46"
"0,50 : 34.13"
"0,51 : 19.7"
"0,52 : 52.01"
"0,53 : 18.68"
"0,54 : 16.49"
"0,55 : 9.06"
"0,56 : 43.57"
"0,57 : 39.81"
"0,58 : 18.44"
"0,59 : 39.29"
"0,60 : 40.05"
"0,61 : 11.4"
"0,62 : 14.0"
"0,63 : 35.74"
"0,64 : 10.44"
"0,65 : 12.73"
"0,66 : 33.54"
"0,67 : 17.46"
"0,68 : 32.25"
"0,69 : 14.0"
"0,70 : 19.72"
"0,71 : 29.73"
"0,72 : 29.53"
"0,73 : 15.23"
"0,74 : 21.21"
"0,75 : 5.0"
"0,76 : 53.04"
"0,77 : 13.0"
"0,78 : 15.65"
"0,79 : 37.85"
"0,80 : 29.83"
"0,81 : 17.09"
"0,82 : 46.82"
"0,83 : 21.19"
"0,84 : 32.57"
"0,85 : 47.43"
"0,86 : 6.71"
"0,87 : 12.81"
"0,88 : 11.7"
"0,89 : 55.23"
"0,90 : 13.93"
"0,91 : 37.22"
"0,92 : 53.76"
"0,93 : 25.5"
"0,94 : 6.71"
"0,95 : 19.72"
"0,96 : 48.6"
"0,97 : 29.12"
"0,98 : 48.84"
"0,99 : 48.83"
"1,0 : 39.29"
"1,1 : 0.0"
"1,2 : 41.88"
"1,3 : 24.84"
"1,4 : 24.33"
"1,5 : 47.17"
"1,6 : 33.53"
"1,7 : 30.27"
"1,8 : 29.15"
"1,9 : 25.55"
"1,10 : 47.71"
"1,11 : 29.15"
"1,12 : 21.02"
"1,13 : 49.4"
"1,14 : 35.85"
"1,15 : 24.08"
"1,16 : 28.64"
"1,17 : 30.0"
"1,18 : 45.22"
"1,19 : 39.36"
"1,20 : 26.17"
"1,21 : 23.35"
"1,22 : 19.65"
"1,23 : 42.94"
"1,24 : 18.0"
"1,25 : 17.26"
"1,26 : 44.42"
"1,27 : 26.93"
"1,28 : 31.14"
"1,29 : 19.92"
"1,30 : 12.04"
"1,31 : 23.02"
"1,32 : 29.15"
"1,33 : 27.51"
"1,34 : 9.49"
"1,35 : 20.81"
"1,36 : 9.22"
"1,37 : 35.78"
"1,38 : 26.48"
"1,39 : 26.68"
"1,40 : 7.07"
"1,41 : 6.4"
"1,42 : 21.1"
"1,43 : 13.6"
"1,44 : 21.38"
"1,45 : 29.83"
"1,46 : 19.72"
"1,47 : 37.54"
"1,48 : 32.2"
"1,49 : 16.03"
"1,50 : 8.06"
"1,51 : 20.1"
"1,52 : 31.58"
"1,53 : 43.74"
"1,54 : 26.08"
"1,55 : 43.38"
"1,56 : 5.83"
"1,57 : 33.42"
"1,58 : 24.41"
"1,59 : 0.0"
"1,60 : 50.0"
"1,61 : 29.15"
"1,62 : 38.21"
"1,63 : 4.12"
"1,64 : 41.0"
"1,65 : 34.67"
"1,66 : 49.65"
"1,67 : 25.24"
"1,68 : 28.43"
"1,69 : 38.21"
"1,70 : 28.86"
"1,71 : 10.0"
"1,72 : 12.65"
"1,73 : 32.25"
"1,74 : 42.45"
"1,75 : 37.7"
"1,76 : 27.0"
"1,77 : 43.05"
"1,78 : 31.26"
"1,79 : 18.03"
"1,80 : 17.49"
"1,81 : 32.56"
"1,82 : 8.49"
"1,83 : 24.76"
"1,84 : 35.0"
"1,85 : 31.02"
"1,86 : 45.88"
"1,87 : 33.29"
"1,88 : 30.41"
"1,89 : 27.17"
"1,90 : 29.15"
"1,91 : 10.82"
"1,92 : 29.02"
"1,93 : 45.54"
"1,94 : 41.19"
"1,95 : 21.0"
"1,96 : 30.36"
"1,97 : 34.99"
"1,98 : 23.09"
"1,99 : 31.62"
"2,0 : 33.14"
"2,1 : 41.88"
"2,2 : 0.0"
"2,3 : 46.1"
"2,4 : 21.95"
"2,5 : 41.0"
"2,6 : 33.14"
"2,7 : 31.78"
"2,8 : 34.93"
"2,9 : 38.28"
"2,10 : 5.83"
"2,11 : 39.29"
"2,12 : 36.06"
"2,13 : 7.62"
"2,14 : 18.79"
"2,15 : 23.71"
"2,16 : 18.38"
"2,17 : 42.45"
"2,18 : 37.85"
"2,19 : 5.0"
"2,20 : 16.76"
"2,21 : 44.28"
"2,22 : 58.0"
"2,23 : 4.24"
"2,24 : 35.36"
"2,25 : 55.17"
"2,26 : 3.0"
"2,27 : 21.0"
"2,28 : 20.4"
"2,29 : 51.04"
"2,30 : 40.46"
"2,31 : 26.83"
"2,32 : 39.29"
"2,33 : 16.64"
"2,34 : 36.77"
"2,35 : 21.1"
"2,36 : 40.31"
"2,37 : 7.62"
"2,38 : 29.41"
"2,39 : 19.24"
"2,40 : 39.4"
"2,41 : 48.01"
"2,42 : 25.24"
"2,43 : 32.57"
"2,44 : 23.6"
"2,45 : 43.68"
"2,46 : 37.59"
"2,47 : 11.18"
"2,48 : 42.95"
"2,49 : 53.08"
"2,50 : 43.14"
"2,51 : 29.15"
"2,52 : 30.08"
"2,53 : 17.0"
"2,54 : 39.22"
"2,55 : 42.19"
"2,56 : 47.71"
"2,57 : 14.32"
"2,58 : 39.92"
"2,59 : 41.88"
"2,60 : 8.6"
"2,61 : 26.68"
"2,62 : 19.24"
"2,63 : 38.01"
"2,64 : 23.77"
"2,65 : 42.43"
"2,66 : 9.0"
"2,67 : 39.56"
"2,68 : 13.93"
"2,69 : 19.24"
"2,70 : 17.46"
"2,71 : 33.97"
"2,72 : 29.83"
"2,73 : 19.24"
"2,74 : 13.42"
"2,75 : 37.0"
"2,76 : 35.23"
"2,77 : 22.47"
"2,78 : 19.42"
"2,79 : 53.26"
"2,80 : 24.41"
"2,81 : 17.26"
"2,82 : 44.38"
"2,83 : 43.46"
"2,84 : 7.28"
"2,85 : 24.74"
"2,86 : 37.11"
"2,87 : 41.59"
"2,88 : 37.85"
"2,89 : 38.21"
"2,90 : 39.29"
"2,91 : 32.2"
"2,92 : 34.53"
"2,93 : 11.31"
"2,94 : 27.66"
"2,95 : 26.93"
"2,96 : 26.68"
"2,97 : 7.07"
"2,98 : 33.0"
"2,99 : 25.96"
"3,0 : 23.77"
"3,1 : 24.84"
"3,2 : 46.1"
"3,3 : 0.0"
"3,4 : 24.35"
"3,5 : 28.07"
"3,6 : 18.36"
"3,7 : 50.45"
"3,8 : 13.6"
"3,9 : 8.49"
"3,10 : 51.0"
"3,11 : 9.85"
"3,12 : 43.46"
"3,13 : 51.97"
"3,14 : 50.04"
"3,15 : 22.47"
"3,16 : 27.73"
"3,17 : 8.06"
"3,18 : 27.46"
"3,19 : 41.59"
"3,20 : 37.12"
"3,21 : 2.0"
"3,22 : 21.0"
"3,23 : 44.78"
"3,24 : 40.31"
"3,25 : 19.1"
"3,26 : 47.41"
"3,27 : 42.05"
"3,28 : 26.63"
"3,29 : 10.0"
"3,30 : 13.04"
"3,31 : 19.31"
"3,32 : 9.85"
"3,33 : 29.73"
"3,34 : 17.46"
"3,35 : 31.02"
"3,36 : 15.81"
"3,37 : 38.48"
"3,38 : 17.2"
"3,39 : 26.93"
"3,40 : 31.06"
"3,41 : 24.41"
"3,42 : 21.59"
"3,43 : 34.18"
"3,44 : 23.54"
"3,45 : 7.0"
"3,46 : 9.06"
"3,47 : 47.85"
"3,48 : 10.0"
"3,49 : 17.26"
"3,50 : 16.97"
"3,51 : 17.46"
"3,52 : 50.99"
"3,53 : 38.18"
"3,54 : 7.81"
"3,55 : 23.0"
"3,56 : 26.4"
"3,57 : 45.28"
"3,58 : 6.4"
"3,59 : 24.84"
"3,60 : 54.56"
"3,61 : 20.62"
"3,62 : 31.83"
"3,63 : 23.32"
"3,64 : 31.4"
"3,65 : 13.0"
"3,66 : 50.48"
"3,67 : 7.07"
"3,68 : 37.48"
"3,69 : 31.83"
"3,70 : 28.64"
"3,71 : 19.92"
"3,72 : 23.35"
"3,73 : 28.02"
"3,74 : 39.05"
"3,75 : 19.65"
"3,76 : 48.7"
"3,77 : 34.21"
"3,78 : 27.46"
"3,79 : 15.03"
"3,80 : 28.02"
"3,81 : 29.68"
"3,82 : 33.3"
"3,83 : 2.83"
"3,84 : 41.76"
"3,85 : 48.26"
"3,86 : 28.64"
"3,87 : 12.04"
"3,88 : 12.08"
"3,89 : 49.77"
"3,90 : 9.85"
"3,91 : 29.73"
"3,92 : 50.29"
"3,93 : 43.42"
"3,94 : 29.15"
"3,95 : 19.65"
"3,96 : 48.51"
"3,97 : 39.56"
"3,98 : 44.27"
"3,99 : 49.37"
"4,0 : 19.8"
"4,1 : 24.33"
"4,2 : 21.95"
"4,3 : 24.35"
"4,4 : 0.0"
"4,5 : 29.0"
"4,6 : 16.12"
"4,7 : 32.8"
"4,8 : 15.3"
"4,9 : 17.12"
"4,10 : 27.2"
"4,11 : 19.03"
"4,12 : 30.23"
"4,13 : 28.43"
"4,14 : 27.66"
"4,15 : 2.0"
"4,16 : 4.47"
"4,17 : 22.0"
"4,18 : 26.17"
"4,19 : 17.8"
"4,20 : 14.87"
"4,21 : 22.47"
"4,22 : 37.01"
"4,23 : 21.26"
"4,24 : 27.78"
"4,25 : 34.21"
"4,26 : 23.6"
"4,27 : 21.47"
"4,28 : 7.07"
"4,29 : 29.21"
"4,30 : 19.21"
"4,31 : 5.1"
"4,32 : 19.03"
"4,33 : 5.39"
"4,34 : 16.55"
"4,35 : 10.63"
"4,36 : 19.72"
"4,37 : 14.42"
"4,38 : 9.22"
"4,39 : 2.83"
"4,40 : 25.18"
"4,41 : 29.41"
"4,42 : 3.61"
"4,43 : 21.93"
"4,44 : 3.0"
"4,45 : 23.02"
"4,46 : 15.65"
"4,47 : 24.02"
"4,48 : 23.09"
"4,49 : 32.02"
"4,50 : 22.83"
"4,51 : 7.21"
"4,52 : 32.45"
"4,53 : 19.42"
"4,54 : 18.11"
"4,55 : 27.46"
"4,56 : 29.83"
"4,57 : 22.2"
"4,58 : 18.44"
"4,59 : 24.33"
"4,60 : 30.53"
"4,61 : 8.6"
"4,62 : 14.0"
"4,63 : 20.22"
"4,64 : 17.46"
"4,65 : 23.54"
"4,66 : 27.59"
"4,67 : 18.25"
"4,68 : 14.14"
"4,69 : 14.0"
"4,70 : 5.0"
"4,71 : 14.56"
"4,72 : 12.0"
"4,73 : 8.0"
"4,74 : 18.38"
"4,75 : 21.1"
"4,76 : 33.24"
"4,77 : 19.1"
"4,78 : 7.0"
"4,79 : 31.83"
"4,80 : 10.3"
"4,81 : 8.25"
"4,82 : 30.07"
"4,83 : 21.84"
"4,84 : 17.46"
"4,85 : 28.18"
"4,86 : 26.25"
"4,87 : 22.36"
"4,88 : 18.25"
"4,89 : 35.47"
"4,90 : 19.03"
"4,91 : 18.68"
"4,92 : 33.97"
"4,93 : 21.95"
"4,94 : 18.79"
"4,95 : 5.0"
"4,96 : 29.15"
"4,97 : 15.23"
"4,98 : 29.07"
"4,99 : 29.53"
"5,0 : 9.22"
"5,1 : 47.17"
"5,2 : 41.0"
"5,3 : 28.07"
"5,4 : 29.0"
"5,5 : 0.0"
"5,6 : 13.89"
"5,7 : 61.72"
"5,8 : 18.03"
"5,9 : 22.36"
"5,10 : 43.19"
"5,11 : 19.1"
"5,12 : 58.9"
"5,13 : 43.05"
"5,14 : 54.59"
"5,15 : 27.59"
"5,16 : 28.02"
"5,17 : 20.02"
"5,18 : 3.16"
"5,19 : 36.14"
"5,20 : 43.01"
"5,21 : 28.0"
"5,22 : 49.04"
"5,23 : 37.48"
"5,24 : 56.22"
"5,25 : 47.0"
"5,26 : 40.45"
"5,27 : 50.0"
"5,28 : 23.85"
"5,29 : 38.05"
"5,30 : 36.14"
"5,31 : 26.4"
"5,32 : 19.1"
"5,33 : 31.62"
"5,34 : 37.7"
"5,35 : 39.62"
"5,36 : 38.6"
"5,37 : 35.11"
"5,38 : 21.63"
"5,39 : 29.21"
"5,40 : 51.0"
"5,41 : 49.48"
"5,42 : 29.83"
"5,43 : 50.0"
"5,44 : 31.14"
"5,45 : 21.1"
"5,46 : 27.89"
"5,47 : 48.85"
"5,48 : 18.11"
"5,49 : 45.01"
"5,50 : 41.23"
"5,51 : 28.3"
"5,52 : 61.22"
"5,53 : 25.02"
"5,54 : 22.2"
"5,55 : 5.39"
"5,56 : 50.96"
"5,57 : 48.76"
"5,58 : 24.19"
"5,59 : 47.17"
"5,60 : 47.17"
"5,61 : 20.52"
"5,62 : 21.84"
"5,63 : 43.86"
"5,64 : 17.26"
"5,65 : 15.13"
"5,66 : 40.0"
"5,67 : 23.19"
"5,68 : 41.34"
"5,69 : 21.84"
"5,70 : 28.84"
"5,71 : 38.01"
"5,72 : 38.28"
"5,73 : 24.19"
"5,74 : 28.16"
"5,75 : 9.49"
"5,76 : 62.23"
"5,77 : 19.03"
"5,78 : 24.7"
"5,79 : 43.01"
"5,80 : 38.95"
"5,81 : 25.94"
"5,82 : 55.04"
"5,83 : 26.0"
"5,84 : 41.23"
"5,85 : 56.61"
"5,86 : 4.0"
"5,87 : 16.03"
"5,88 : 17.26"
"5,89 : 64.38"
"5,90 : 19.1"
"5,91 : 46.04"
"5,92 : 62.97"
"5,93 : 32.02"
"5,94 : 13.34"
"5,95 : 28.6"
"5,96 : 57.8"
"5,97 : 37.7"
"5,98 : 58.0"
"5,99 : 58.01"
"6,0 : 6.0"
"6,1 : 33.53"
"6,2 : 33.14"
"6,3 : 18.36"
"6,4 : 16.12"
"6,5 : 13.89"
"6,6 : 0.0"
"6,7 : 48.83"
"6,8 : 5.1"
"6,9 : 10.44"
"6,10 : 36.88"
"6,11 : 8.6"
"6,12 : 45.28"
"6,13 : 37.36"
"6,14 : 43.32"
"6,15 : 14.42"
"6,16 : 16.49"
"6,17 : 11.31"
"6,18 : 11.7"
"6,19 : 28.16"
"6,20 : 30.87"
"6,21 : 17.46"
"6,22 : 38.08"
"6,23 : 30.59"
"6,24 : 42.52"
"6,25 : 35.69"
"6,26 : 33.54"
"6,27 : 37.59"
"6,28 : 13.04"
"6,29 : 27.51"
"6,30 : 23.09"
"6,31 : 12.73"
"6,32 : 8.6"
"6,33 : 19.92"
"6,34 : 24.04"
"6,35 : 26.63"
"6,36 : 25.32"
"6,37 : 26.0"
"6,38 : 7.81"
"6,39 : 17.09"
"6,40 : 37.12"
"6,41 : 36.35"
"6,42 : 16.28"
"6,43 : 36.24"
"6,44 : 17.8"
"6,45 : 12.73"
"6,46 : 15.0"
"6,47 : 38.64"
"6,48 : 10.82"
"6,49 : 33.54"
"6,50 : 28.16"
"6,51 : 14.42"
"6,52 : 48.55"
"6,53 : 21.1"
"6,54 : 10.77"
"6,55 : 11.4"
"6,56 : 37.66"
"6,57 : 37.64"
"6,58 : 12.65"
"6,59 : 33.53"
"6,60 : 40.79"
"6,61 : 7.62"
"6,62 : 15.23"
"6,63 : 30.08"
"6,64 : 13.45"
"6,65 : 9.49"
"6,66 : 35.11"
"6,67 : 11.7"
"6,68 : 29.73"
"6,69 : 15.23"
"6,70 : 17.46"
"6,71 : 24.17"
"6,72 : 24.41"
"6,73 : 14.0"
"6,74 : 22.85"
"6,75 : 5.0"
"6,76 : 48.92"
"6,77 : 16.28"
"6,78 : 14.04"
"6,79 : 32.02"
"6,80 : 25.5"
"6,81 : 16.0"
"6,82 : 41.23"
"6,83 : 15.65"
"6,84 : 31.26"
"6,85 : 44.29"
"6,86 : 12.37"
"6,87 : 8.94"
"6,88 : 6.4"
"6,89 : 50.93"
"6,90 : 8.6"
"6,91 : 32.2"
"6,92 : 49.82"
"6,93 : 27.31"
"6,94 : 10.82"
"6,95 : 14.87"
"6,96 : 45.28"
"6,97 : 28.07"
"6,98 : 44.6"
"6,99 : 45.65"
"7,0 : 52.5"
"7,1 : 30.27"
"7,2 : 31.78"
"7,3 : 50.45"
"7,4 : 32.8"
"7,5 : 61.72"
"7,6 : 48.83"
"7,7 : 0.0"
"7,8 : 47.01"
"7,9 : 46.62"
"7,10 : 36.22"
"7,11 : 49.66"
"7,12 : 10.3"
"7,13 : 38.21"
"7,14 : 14.04"
"7,15 : 34.41"
"7,16 : 33.94"
"7,17 : 52.0"
"7,18 : 58.8"
"7,19 : 33.24"
"7,20 : 19.21"
"7,21 : 48.51"
"7,22 : 49.82"
"7,23 : 35.44"
"7,24 : 12.65"
"7,25 : 47.52"
"7,26 : 34.71"
"7,27 : 12.21"
"7,28 : 38.18"
"7,29 : 49.04"
"7,30 : 38.33"
"7,31 : 36.36"
"7,32 : 49.66"
"7,33 : 30.41"
"7,34 : 33.38"
"7,35 : 22.2"
"7,36 : 36.12"
"7,37 : 31.3"
"7,38 : 41.34"
"7,39 : 32.56"
"7,40 : 23.54"
"7,41 : 35.9"
"7,42 : 32.76"
"7,43 : 17.0"
"7,44 : 31.06"
"7,45 : 52.55"
"7,46 : 42.06"
"7,47 : 21.1"
"7,48 : 53.71"
"7,49 : 46.27"
"7,50 : 37.0"
"7,51 : 35.78"
"7,52 : 2.24"
"7,53 : 44.78"
"7,54 : 47.54"
"7,55 : 60.22"
"7,56 : 34.21"
"7,57 : 17.46"
"7,58 : 46.82"
"7,59 : 30.27"
"7,60 : 36.0"
"7,61 : 41.4"
"7,62 : 42.8"
"7,63 : 29.0"
"7,64 : 47.63"
"7,65 : 55.01"
"7,66 : 40.61"
"7,67 : 47.17"
"7,68 : 21.63"
"7,69 : 42.8"
"7,70 : 33.24"
"7,71 : 30.59"
"7,72 : 27.2"
"7,73 : 38.21"
"7,74 : 41.59"
"7,75 : 53.82"
"7,76 : 5.0"
"7,77 : 48.01"
"7,78 : 37.48"
"7,79 : 48.09"
"7,80 : 23.71"
"7,81 : 36.88"
"7,82 : 26.0"
"7,83 : 49.04"
"7,84 : 25.63"
"7,85 : 7.07"
"7,86 : 58.73"
"7,87 : 53.67"
"7,88 : 49.65"
"7,89 : 7.62"
"7,90 : 49.66"
"7,91 : 21.1"
"7,92 : 3.16"
"7,93 : 41.79"
"7,94 : 50.25"
"7,95 : 34.48"
"7,96 : 5.1"
"7,97 : 28.64"
"7,98 : 7.28"
"7,99 : 6.0"
"8,0 : 11.05"
"8,1 : 29.15"
"8,2 : 34.93"
"8,3 : 13.6"
"8,4 : 15.3"
"8,5 : 18.03"
"8,6 : 5.1"
"8,7 : 47.01"
"8,8 : 0.0"
"8,9 : 5.39"
"8,10 : 39.22"
"8,11 : 4.47"
"8,12 : 42.52"
"8,13 : 39.92"
"8,14 : 42.95"
"8,15 : 13.34"
"8,16 : 17.03"
"8,17 : 7.62"
"8,18 : 16.28"
"8,19 : 30.08"
"8,20 : 30.08"
"8,21 : 12.53"
"8,22 : 32.98"
"8,23 : 32.89"
"8,24 : 39.62"
"8,25 : 30.59"
"8,26 : 35.74"
"8,27 : 36.4"
"8,28 : 14.56"
"8,29 : 22.47"
"8,30 : 18.25"
"8,31 : 10.77"
"8,32 : 4.47"
"8,33 : 20.02"
"8,34 : 19.7"
"8,35 : 25.08"
"8,36 : 20.62"
"8,37 : 27.46"
"8,38 : 6.08"
"8,39 : 17.03"
"8,40 : 33.29"
"8,41 : 31.58"
"8,42 : 14.32"
"8,43 : 33.24"
"8,44 : 16.16"
"8,45 : 8.94"
"8,46 : 10.05"
"8,47 : 39.05"
"8,48 : 8.06"
"8,49 : 28.44"
"8,50 : 23.35"
"8,51 : 11.4"
"8,52 : 46.96"
"8,53 : 24.84"
"8,54 : 5.83"
"8,55 : 14.42"
"8,56 : 32.98"
"8,57 : 37.48"
"8,58 : 7.62"
"8,59 : 29.15"
"8,60 : 43.01"
"8,61 : 8.25"
"8,62 : 18.6"
"8,63 : 25.94"
"8,64 : 17.8"
"8,65 : 8.25"
"8,66 : 38.01"
"8,67 : 6.71"
"8,68 : 29.43"
"8,69 : 18.6"
"8,70 : 18.03"
"8,71 : 20.25"
"8,72 : 21.21"
"8,73 : 15.81"
"8,74 : 26.08"
"8,75 : 8.54"
"8,76 : 46.62"
"8,77 : 20.62"
"8,78 : 15.52"
"8,79 : 26.93"
"8,80 : 23.32"
"8,81 : 17.72"
"8,82 : 37.12"
"8,83 : 10.82"
"8,84 : 32.02"
"8,85 : 43.08"
"8,86 : 17.12"
"8,87 : 7.07"
"8,88 : 3.0"
"8,89 : 48.41"
"8,90 : 4.47"
"8,91 : 29.0"
"8,92 : 47.71"
"8,93 : 30.53"
"8,94 : 15.65"
"8,95 : 12.53"
"8,96 : 43.86"
"8,97 : 29.15"
"8,98 : 42.2"
"8,99 : 44.38"
"9,0 : 16.28"
"9,1 : 25.55"
"9,2 : 38.28"
"9,3 : 8.49"
"9,4 : 17.12"
"9,5 : 22.36"
"9,6 : 10.44"
"9,7 : 46.62"
"9,8 : 5.39"
"9,9 : 0.0"
"9,10 : 42.95"
"9,11 : 3.61"
"9,12 : 41.05"
"9,13 : 43.83"
"9,14 : 44.18"
"9,15 : 15.13"
"9,16 : 19.92"
"9,17 : 5.39"
"9,18 : 21.02"
"9,19 : 33.62"
"9,20 : 31.14"
"9,21 : 7.21"
"9,22 : 27.66"
"9,23 : 36.67"
"9,24 : 38.01"
"9,25 : 25.32"
"9,26 : 39.4"
"9,27 : 36.88"
"9,28 : 18.36"
"9,29 : 17.09"
"9,30 : 13.93"
"9,31 : 12.04"
"9,32 : 3.61"
"9,33 : 22.36"
"9,34 : 16.4"
"9,35 : 25.5"
"9,36 : 16.55"
"9,37 : 30.68"
"9,38 : 8.94"
"9,39 : 19.42"
"9,40 : 30.48"
"9,41 : 27.2"
"9,42 : 15.03"
"9,43 : 31.62"
"9,44 : 17.03"
"9,45 : 6.08"
"9,46 : 5.83"
"9,47 : 41.11"
"9,48 : 7.21"
"9,49 : 23.19"
"9,50 : 18.97"
"9,51 : 11.18"
"9,52 : 46.82"
"9,53 : 29.7"
"9,54 : 1.0"
"9,55 : 18.03"
"9,56 : 28.79"
"9,57 : 39.01"
"9,58 : 2.24"
"9,59 : 25.55"
"9,60 : 46.62"
"9,61 : 12.21"
"9,62 : 23.35"
"9,63 : 22.8"
"9,64 : 23.02"
"9,65 : 9.22"
"9,66 : 42.19"
"9,67 : 1.41"
"9,68 : 31.0"
"9,69 : 23.35"
"9,70 : 20.88"
"9,71 : 17.69"
"9,72 : 19.72"
"9,73 : 19.72"
"9,74 : 30.61"
"9,75 : 13.04"
"9,76 : 45.65"
"9,77 : 25.81"
"9,78 : 19.24"
"9,79 : 21.59"
"9,80 : 23.09"
"9,81 : 21.47"
"9,82 : 33.84"
"9,83 : 5.66"
"9,84 : 34.53"
"9,85 : 43.42"
"9,86 : 22.0"
"9,87 : 7.81"
"9,88 : 5.1"
"9,89 : 47.17"
"9,90 : 3.61"
"9,91 : 27.2"
"9,92 : 46.96"
"9,93 : 35.0"
"9,94 : 21.02"
"9,95 : 13.04"
"9,96 : 43.97"
"9,97 : 32.02"
"9,98 : 41.18"
"9,99 : 44.64"
"10,0 : 36.06"
"10,1 : 47.71"
"10,2 : 5.83"
"10,3 : 51.0"
"10,4 : 27.2"
"10,5 : 43.19"
"10,6 : 36.88"
"10,7 : 36.22"
"10,8 : 39.22"
"10,9 : 42.95"
"10,10 : 0.0"
"10,11 : 43.66"
"10,12 : 41.3"
"10,13 : 2.0"
"10,14 : 22.56"
"10,15 : 28.84"
"10,16 : 23.32"
"10,17 : 46.82"
"10,18 : 40.11"
"10,19 : 9.43"
"10,20 : 22.47"
"10,21 : 49.24"
"10,22 : 63.64"
"10,23 : 6.32"
"10,24 : 40.79"
"10,25 : 60.81"
"10,26 : 3.61"
"10,27 : 26.17"
"10,28 : 24.7"
"10,29 : 56.4"
"10,30 : 46.01"
"10,31 : 31.91"
"10,32 : 43.66"
"10,33 : 22.02"
"10,34 : 42.45"
"10,35 : 26.93"
"10,36 : 45.97"
"10,37 : 12.81"
"10,38 : 34.01"
"10,39 : 24.41"
"10,40 : 45.19"
"10,41 : 53.82"
"10,42 : 30.61"
"10,43 : 38.28"
"10,44 : 29.07"
"10,45 : 48.1"
"10,46 : 42.72"
"10,47 : 15.13"
"10,48 : 47.13"
"10,49 : 58.69"
"10,50 : 48.84"
"10,51 : 34.41"
"10,52 : 34.37"
"10,53 : 18.25"
"10,54 : 43.86"
"10,55 : 45.01"
"10,56 : 53.54"
"10,57 : 19.0"
"10,58 : 44.72"
"10,59 : 47.71"
"10,60 : 4.0"
"10,61 : 31.02"
"10,62 : 22.09"
"10,63 : 43.83"
"10,64 : 26.02"
"10,65 : 46.32"
"10,66 : 5.0"
"10,67 : 44.28"
"10,68 : 19.7"
"10,69 : 22.09"
"10,70 : 22.47"
"10,71 : 39.7"
"10,72 : 35.61"
"10,73 : 23.41"
"10,74 : 15.03"
"10,75 : 40.31"
"10,76 : 40.01"
"10,77 : 24.19"
"10,78 : 23.77"
"10,79 : 58.8"
"10,80 : 30.23"
"10,81 : 21.54"
"10,82 : 50.16"
"10,83 : 48.3"
"10,84 : 13.0"
"10,85 : 29.15"
"10,86 : 39.2"
"10,87 : 45.61"
"10,88 : 42.06"
"10,89 : 43.01"
"10,90 : 43.66"
"10,91 : 38.01"
"10,92 : 39.12"
"10,93 : 11.4"
"10,94 : 30.02"
"10,95 : 32.2"
"10,96 : 31.14"
"10,97 : 12.81"
"10,98 : 38.12"
"10,99 : 30.27"
"11,0 : 13.93"
"11,1 : 29.15"
"11,2 : 39.29"
"11,3 : 9.85"
"11,4 : 19.03"
"11,5 : 19.1"
"11,6 : 8.6"
"11,7 : 49.66"
"11,8 : 4.47"
"11,9 : 3.61"
"11,10 : 43.66"
"11,11 : 0.0"
"11,12 : 44.41"
"11,13 : 44.38"
"11,14 : 46.53"
"11,15 : 17.03"
"11,16 : 21.21"
"11,17 : 3.16"
"11,18 : 18.03"
"11,19 : 34.48"
"11,20 : 33.54"
"11,21 : 9.22"
"11,22 : 30.27"
"11,23 : 37.34"
"11,24 : 41.4"
"11,25 : 28.07"
"11,26 : 40.16"
"11,27 : 39.56"
"11,28 : 18.97"
"11,29 : 19.42"
"11,30 : 17.46"
"11,31 : 14.14"
"11,32 : 0.0"
"11,33 : 24.02"
"11,34 : 20.0"
"11,35 : 28.16"
"11,36 : 20.12"
"11,37 : 31.78"
"11,38 : 10.05"
"11,39 : 21.02"
"11,40 : 34.06"
"11,41 : 30.68"
"11,42 : 17.46"
"11,43 : 35.0"
"11,44 : 19.42"
"11,45 : 4.47"
"11,46 : 9.43"
"11,47 : 43.0"
"11,48 : 4.12"
"11,49 : 26.02"
"11,50 : 22.47"
"11,51 : 13.93"
"11,52 : 49.77"
"11,53 : 29.21"
"11,54 : 3.16"
"11,55 : 14.56"
"11,56 : 32.31"
"11,57 : 41.19"
"11,58 : 5.1"
"11,59 : 29.15"
"11,60 : 47.43"
"11,61 : 12.65"
"11,62 : 23.02"
"11,63 : 26.4"
"11,64 : 21.93"
"11,65 : 5.66"
"11,66 : 42.49"
"11,67 : 4.12"
"11,68 : 33.14"
"11,69 : 23.02"
"11,70 : 22.2"
"11,71 : 21.21"
"11,72 : 23.02"
"11,73 : 20.25"
"11,74 : 30.53"
"11,75 : 10.05"
"11,76 : 48.88"
"11,77 : 24.76"
"11,78 : 19.92"
"11,79 : 24.19"
"11,80 : 26.0"
"11,81 : 22.14"
"11,82 : 37.44"
"11,83 : 7.28"
"11,84 : 36.12"
"11,85 : 46.17"
"11,86 : 19.1"
"11,87 : 4.24"
"11,88 : 2.24"
"11,89 : 50.48"
"11,90 : 0.0"
"11,91 : 30.61"
"11,92 : 50.12"
"11,93 : 34.99"
"11,94 : 19.42"
"11,95 : 15.52"
"11,96 : 46.82"
"11,97 : 33.38"
"11,98 : 44.42"
"11,99 : 47.43"
"12,0 : 49.82"
"12,1 : 21.02"
"12,2 : 36.06"
"12,3 : 43.46"
"12,4 : 30.23"
"12,5 : 58.9"
"12,6 : 45.28"
"12,7 : 10.3"
"12,8 : 42.52"
"12,9 : 41.05"
"12,10 : 41.3"
"12,11 : 44.41"
"12,12 : 0.0"
"12,13 : 43.29"
"12,14 : 21.47"
"12,15 : 31.4"
"12,16 : 32.65"
"12,17 : 46.32"
"12,18 : 56.22"
"12,19 : 36.12"
"12,20 : 20.22"
"12,21 : 41.63"
"12,22 : 40.2"
"12,23 : 39.01"
"12,24 : 3.16"
"12,25 : 38.05"
"12,26 : 39.05"
"12,27 : 15.13"
"12,28 : 36.72"
"12,29 : 40.61"
"12,30 : 30.68"
"12,31 : 32.56"
"12,32 : 44.41"
"12,33 : 29.55"
"12,34 : 26.0"
"12,35 : 20.12"
"12,36 : 28.16"
"12,37 : 33.38"
"12,38 : 37.48"
"12,39 : 30.89"
"12,40 : 14.0"
"12,41 : 26.17"
"12,42 : 29.07"
"12,43 : 9.43"
"12,44 : 27.8"
"12,45 : 46.65"
"12,46 : 35.85"
"12,47 : 26.93"
"12,48 : 48.26"
"12,49 : 37.0"
"12,50 : 28.44"
"12,51 : 31.14"
"12,52 : 12.21"
"12,53 : 45.88"
"12,54 : 41.88"
"12,55 : 56.57"
"12,56 : 24.33"
"12,57 : 22.56"
"12,58 : 40.82"
"12,59 : 21.02"
"12,60 : 41.98"
"12,61 : 38.42"
"12,62 : 42.54"
"12,63 : 20.62"
"12,64 : 46.96"
"12,65 : 50.0"
"12,66 : 45.04"
"12,67 : 41.34"
"12,68 : 23.19"
"12,69 : 42.54"
"12,70 : 32.2"
"12,71 : 23.71"
"12,72 : 21.4"
"12,73 : 37.12"
"12,74 : 43.17"
"12,75 : 50.21"
"12,76 : 6.08"
"12,77 : 47.93"
"12,78 : 36.24"
"12,79 : 39.05"
"12,80 : 20.0"
"12,81 : 36.25"
"12,82 : 15.81"
"12,83 : 42.49"
"12,84 : 29.0"
"12,85 : 14.42"
"12,86 : 56.4"
"12,87 : 48.6"
"12,88 : 44.82"
"12,89 : 6.32"
"12,90 : 44.41"
"12,91 : 13.89"
"12,92 : 8.25"
"12,93 : 44.41"
"12,94 : 48.88"
"12,95 : 30.41"
"12,96 : 12.81"
"12,97 : 31.14"
"12,98 : 3.61"
"12,99 : 14.21"
"13,0 : 36.22"
"13,1 : 49.4"
"13,2 : 7.62"
"13,3 : 51.97"
"13,4 : 28.43"
"13,5 : 43.05"
"13,6 : 37.36"
"13,7 : 38.21"
"13,8 : 39.92"
"13,9 : 43.83"
"13,10 : 2.0"
"13,11 : 44.38"
"13,12 : 43.29"
"13,13 : 0.0"
"13,14 : 24.52"
"13,15 : 30.0"
"13,16 : 24.41"
"13,17 : 47.54"
"13,18 : 40.01"
"13,19 : 10.63"
"13,20 : 24.35"
"13,21 : 50.25"
"13,22 : 65.07"
"13,23 : 7.21"
"13,24 : 42.76"
"13,25 : 62.24"
"13,26 : 5.0"
"13,27 : 28.16"
"13,28 : 25.5"
"13,29 : 57.63"
"13,30 : 47.38"
"13,31 : 33.02"
"13,32 : 44.38"
"13,33 : 23.35"
"13,34 : 43.93"
"13,35 : 28.65"
"13,36 : 47.42"
"13,37 : 14.14"
"13,38 : 34.89"
"13,39 : 25.61"
"13,40 : 47.01"
"13,41 : 55.47"
"13,42 : 31.89"
"13,43 : 40.16"
"13,44 : 30.41"
"13,45 : 48.85"
"13,46 : 43.83"
"13,47 : 17.12"
"13,48 : 47.76"
"13,49 : 60.11"
"13,50 : 50.33"
"13,51 : 35.61"
"13,52 : 36.35"
"13,53 : 18.03"
"13,54 : 44.72"
"13,55 : 45.1"
"13,56 : 55.23"
"13,57 : 21.0"
"13,58 : 45.65"
"13,59 : 49.4"
"13,60 : 4.47"
"13,61 : 31.78"
"13,62 : 22.36"
"13,63 : 45.49"
"13,64 : 26.02"
"13,65 : 46.84"
"13,66 : 3.61"
"13,67 : 45.18"
"13,68 : 21.54"
"13,69 : 22.36"
"13,70 : 23.6"
"13,71 : 41.23"
"13,72 : 37.2"
"13,73 : 24.17"
"13,74 : 15.03"
"13,75 : 40.61"
"13,76 : 42.01"
"13,77 : 24.02"
"13,78 : 24.6"
"13,79 : 60.14"
"13,80 : 31.91"
"13,81 : 22.36"
"13,82 : 52.0"
"13,83 : 49.24"
"13,84 : 14.87"
"13,85 : 31.14"
"13,86 : 39.05"
"13,87 : 46.17"
"13,88 : 42.72"
"13,89 : 45.01"
"13,90 : 44.38"
"13,91 : 39.81"
"13,92 : 41.11"
"13,93 : 11.05"
"13,94 : 30.02"
"13,95 : 33.42"
"13,96 : 33.14"
"13,97 : 14.42"
"13,98 : 40.11"
"13,99 : 32.25"
"14,0 : 45.62"
"14,1 : 35.85"
"14,2 : 18.79"
"14,3 : 50.04"
"14,4 : 27.66"
"14,5 : 54.59"
"14,6 : 43.32"
"14,7 : 14.04"
"14,8 : 42.95"
"14,9 : 44.18"
"14,10 : 22.56"
"14,11 : 46.53"
"14,12 : 21.47"
"14,13 : 24.52"
"14,14 : 0.0"
"14,15 : 29.61"
"14,16 : 26.93"
"14,17 : 49.37"
"14,18 : 51.48"
"14,19 : 21.4"
"14,20 : 13.04"
"14,21 : 48.04"
"14,22 : 55.04"
"14,23 : 22.83"
"14,24 : 22.2"
"14,25 : 52.39"
"14,26 : 21.54"
"14,27 : 8.94"
"14,28 : 30.87"
"14,29 : 51.42"
"14,30 : 40.02"
"14,31 : 32.39"
"14,32 : 46.53"
"14,33 : 23.41"
"14,34 : 35.17"
"14,35 : 19.03"
"14,36 : 38.6"
"14,37 : 20.52"
"14,38 : 36.88"
"14,39 : 26.25"
"14,40 : 30.61"
"14,41 : 42.19"
"14,42 : 29.15"
"14,43 : 22.8"
"14,44 : 27.17"
"14,45 : 50.25"
"14,46 : 41.01"
"14,47 : 7.62"
"14,48 : 50.64"
"14,49 : 50.7"
"14,50 : 40.5"
"14,51 : 33.06"
"14,52 : 12.0"
"14,53 : 33.97"
"14,54 : 45.18"
"14,55 : 54.23"
"14,56 : 41.05"
"14,57 : 5.83"
"14,58 : 45.04"
"14,59 : 35.85"
"14,60 : 22.02"
"14,61 : 35.74"
"14,62 : 33.6"
"14,63 : 33.11"
"14,64 : 38.6"
"14,65 : 51.2"
"14,66 : 27.2"
"14,67 : 45.1"
"14,68 : 13.6"
"14,69 : 33.6"
"14,70 : 26.0"
"14,71 : 32.02"
"14,72 : 27.66"
"14,73 : 30.41"
"14,74 : 30.48"
"14,75 : 48.1"
"14,76 : 18.44"
"14,77 : 38.29"
"14,78 : 29.97"
"14,79 : 51.87"
"14,80 : 22.2"
"14,81 : 28.65"
"14,82 : 34.66"
"14,83 : 48.0"
"14,84 : 14.14"
"14,85 : 7.28"
"14,86 : 51.11"
"14,87 : 50.01"
"14,88 : 45.89"
"14,89 : 21.38"
"14,90 : 46.53"
"14,91 : 25.06"
"14,92 : 17.12"
"14,93 : 29.68"
"14,94 : 41.88"
"14,95 : 31.14"
"14,96 : 9.22"
"14,97 : 17.69"
"14,98 : 17.89"
"14,99 : 8.06"
"15,0 : 18.44"
"15,1 : 24.08"
"15,2 : 23.71"
"15,3 : 22.47"
"15,4 : 2.0"
"15,5 : 27.59"
"15,6 : 14.42"
"15,7 : 34.41"
"15,8 : 13.34"
"15,9 : 15.13"
"15,10 : 28.84"
"15,11 : 17.03"
"15,12 : 31.4"
"15,13 : 30.0"
"15,14 : 29.61"
"15,15 : 0.0"
"15,16 : 5.66"
"15,17 : 20.0"
"15,18 : 24.84"
"15,19 : 19.42"
"15,20 : 16.76"
"15,21 : 20.62"
"15,22 : 35.81"
"15,23 : 22.8"
"15,24 : 28.84"
"15,25 : 33.02"
"15,26 : 25.24"
"15,27 : 23.26"
"15,28 : 7.07"
"15,29 : 27.66"
"15,30 : 18.03"
"15,31 : 3.16"
"15,32 : 17.03"
"15,33 : 7.28"
"15,34 : 15.81"
"15,35 : 12.21"
"15,36 : 18.79"
"15,37 : 16.12"
"15,38 : 7.28"
"15,39 : 4.47"
"15,40 : 25.5"
"15,41 : 28.86"
"15,42 : 3.0"
"15,43 : 22.83"
"15,44 : 3.61"
"15,45 : 21.02"
"15,46 : 13.89"
"15,47 : 26.02"
"15,48 : 21.1"
"15,49 : 30.81"
"15,50 : 21.93"
"15,51 : 5.66"
"15,52 : 34.13"
"15,53 : 19.92"
"15,54 : 16.12"
"15,55 : 25.81"
"15,56 : 29.43"
"15,57 : 24.19"
"15,58 : 16.49"
"15,59 : 24.08"
"15,60 : 32.25"
"15,61 : 7.07"
"15,62 : 14.14"
"15,63 : 20.02"
"15,64 : 17.12"
"15,65 : 21.59"
"15,66 : 29.0"
"15,67 : 16.28"
"15,68 : 16.12"
"15,69 : 14.14"
"15,70 : 6.4"
"15,71 : 14.14"
"15,72 : 12.17"
"15,73 : 8.25"
"15,74 : 19.24"
"15,75 : 19.42"
"15,76 : 34.66"
"15,77 : 19.0"
"15,78 : 7.28"
"15,79 : 30.48"
"15,80 : 11.4"
"15,81 : 8.94"
"15,82 : 30.27"
"15,83 : 19.92"
"15,84 : 19.42"
"15,85 : 29.97"
"15,86 : 25.0"
"15,87 : 20.4"
"15,88 : 16.28"
"15,89 : 36.8"
"15,90 : 17.03"
"15,91 : 19.31"
"15,92 : 35.47"
"15,93 : 23.02"
"15,94 : 18.03"
"15,95 : 3.61"
"15,96 : 30.89"
"15,97 : 17.09"
"15,98 : 30.41"
"15,99 : 31.3"
"16,0 : 18.87"
"16,1 : 28.64"
"16,2 : 18.38"
"16,3 : 27.73"
"16,4 : 4.47"
"16,5 : 28.02"
"16,6 : 16.49"
"16,7 : 33.94"
"16,8 : 17.03"
"16,9 : 19.92"
"16,10 : 23.32"
"16,11 : 21.21"
"16,12 : 32.65"
"16,13 : 24.41"
"16,14 : 26.93"
"16,15 : 5.66"
"16,16 : 0.0"
"16,17 : 24.33"
"16,18 : 25.0"
"16,19 : 13.89"
"16,20 : 15.0"
"16,21 : 25.94"
"16,22 : 41.4"
"16,23 : 17.2"
"16,24 : 30.46"
"16,25 : 38.6"
"16,26 : 19.72"
"16,27 : 22.02"
"16,28 : 4.24"
"16,29 : 33.3"
"16,30 : 23.6"
"16,31 : 8.6"
"16,32 : 21.21"
"16,33 : 3.61"
"16,34 : 21.02"
"16,35 : 12.53"
"16,36 : 24.19"
"16,37 : 10.77"
"16,38 : 11.18"
"16,39 : 2.0"
"16,40 : 29.02"
"16,41 : 33.84"
"16,42 : 8.06"
"16,43 : 25.0"
"16,44 : 7.28"
"16,45 : 25.5"
"16,46 : 19.42"
"16,47 : 22.2"
"16,48 : 25.08"
"16,49 : 36.4"
"16,50 : 27.29"
"16,51 : 11.31"
"16,52 : 33.3"
"16,53 : 15.13"
"16,54 : 20.88"
"16,55 : 27.31"
"16,56 : 34.21"
"16,57 : 21.19"
"16,58 : 21.54"
"16,59 : 28.64"
"16,60 : 26.83"
"16,61 : 9.06"
"16,62 : 10.2"
"16,63 : 24.52"
"16,64 : 14.32"
"16,65 : 25.02"
"16,66 : 23.35"
"16,67 : 21.19"
"16,68 : 13.42"
"16,69 : 10.2"
"16,70 : 1.0"
"16,71 : 18.97"
"16,72 : 16.12"
"16,73 : 4.47"
"16,74 : 13.93"
"16,75 : 21.19"
"16,76 : 35.0"
"16,77 : 15.52"
"16,78 : 3.61"
"16,79 : 36.12"
"16,80 : 13.34"
"16,81 : 4.0"
"16,82 : 34.0"
"16,83 : 25.08"
"16,84 : 15.0"
"16,85 : 28.6"
"16,86 : 24.84"
"16,87 : 24.0"
"16,88 : 20.02"
"16,89 : 37.44"
"16,90 : 21.21"
"16,91 : 22.2"
"16,92 : 35.47"
"16,93 : 17.49"
"16,94 : 16.4"
"16,95 : 9.22"
"16,96 : 29.83"
"16,97 : 12.17"
"16,98 : 31.06"
"16,99 : 30.0"
"17,0 : 16.12"
"17,1 : 30.0"
"17,2 : 42.45"
"17,3 : 8.06"
"17,4 : 22.0"
"17,5 : 20.02"
"17,6 : 11.31"
"17,7 : 52.0"
"17,8 : 7.62"
"17,9 : 5.39"
"17,10 : 46.82"
"17,11 : 3.16"
"17,12 : 46.32"
"17,13 : 47.54"
"17,14 : 49.37"
"17,15 : 20.0"
"17,16 : 24.33"
"17,17 : 0.0"
"17,18 : 19.42"
"17,19 : 37.64"
"17,20 : 36.35"
"17,21 : 8.06"
"17,22 : 29.02"
"17,23 : 40.5"
"17,24 : 43.27"
"17,25 : 27.02"
"17,26 : 43.32"
"17,27 : 42.2"
"17,28 : 22.14"
"17,29 : 18.03"
"17,30 : 18.03"
"17,31 : 17.03"
"17,32 : 3.16"
"17,33 : 27.07"
"17,34 : 21.21"
"17,35 : 30.81"
"17,36 : 20.81"
"17,37 : 34.93"
"17,38 : 13.15"
"17,39 : 24.08"
"17,40 : 35.36"
"17,41 : 30.87"
"17,42 : 20.22"
"17,43 : 36.89"
"17,44 : 22.2"
"17,45 : 1.41"
"17,46 : 10.63"
"17,47 : 46.01"
"17,48 : 2.24"
"17,49 : 25.08"
"17,50 : 22.83"
"17,51 : 16.49"
"17,52 : 52.2"
"17,53 : 32.2"
"17,54 : 4.47"
"17,55 : 15.03"
"17,56 : 32.65"
"17,57 : 44.1"
"17,58 : 5.66"
"17,59 : 30.0"
"17,60 : 50.6"
"17,61 : 15.81"
"17,62 : 26.08"
"17,63 : 27.59"
"17,64 : 24.76"
"17,65 : 5.1"
"17,66 : 45.62"
"17,67 : 5.0"
"17,68 : 36.06"
"17,69 : 26.08"
"17,70 : 25.32"
"17,71 : 22.8"
"17,72 : 25.06"
"17,73 : 23.41"
"17,74 : 33.62"
"17,75 : 11.7"
"17,76 : 51.0"
"17,77 : 27.59"
"17,78 : 23.09"
"17,79 : 23.0"
"17,80 : 28.46"
"17,81 : 25.3"
"17,82 : 38.42"
"17,83 : 6.08"
"17,84 : 39.2"
"17,85 : 48.76"
"17,86 : 20.62"
"17,87 : 4.0"
"17,88 : 5.0"
"17,89 : 52.48"
"17,90 : 3.16"
"17,91 : 32.45"
"17,92 : 52.33"
"17,93 : 38.08"
"17,94 : 22.02"
"17,95 : 18.25"
"17,96 : 49.34"
"17,97 : 36.5"
"17,98 : 46.53"
"17,99 : 50.0"
"18,0 : 6.4"
"18,1 : 45.22"
"18,2 : 37.85"
"18,3 : 27.46"
"18,4 : 26.17"
"18,5 : 3.16"
"18,6 : 11.7"
"18,7 : 58.8"
"18,8 : 16.28"
"18,9 : 21.02"
"18,10 : 40.11"
"18,11 : 18.03"
"18,12 : 56.22"
"18,13 : 40.01"
"18,14 : 51.48"
"18,15 : 24.84"
"18,16 : 25.0"
"18,17 : 19.42"
"18,18 : 0.0"
"18,19 : 32.98"
"18,20 : 40.0"
"18,21 : 27.17"
"18,22 : 48.26"
"18,23 : 34.37"
"18,24 : 53.6"
"18,25 : 46.1"
"18,26 : 37.34"
"18,27 : 47.01"
"18,28 : 20.81"
"18,29 : 37.34"
"18,30 : 34.53"
"18,31 : 23.85"
"18,32 : 18.03"
"18,33 : 28.6"
"18,34 : 35.74"
"18,35 : 36.77"
"18,36 : 36.88"
"18,37 : 31.95"
"18,38 : 19.24"
"18,39 : 26.25"
"18,40 : 48.75"
"18,41 : 47.85"
"18,42 : 27.2"
"18,43 : 47.43"
"18,44 : 28.43"
"18,45 : 20.62"
"18,46 : 26.31"
"18,47 : 45.69"
"18,48 : 17.72"
"18,49 : 44.05"
"18,50 : 39.62"
"18,51 : 25.94"
"18,52 : 58.26"
"18,53 : 22.0"
"18,54 : 21.0"
"18,55 : 6.4"
"18,56 : 49.24"
"18,57 : 45.65"
"18,58 : 23.0"
"18,59 : 45.22"
"18,60 : 44.1"
"18,61 : 17.8"
"18,62 : 18.68"
"18,63 : 41.79"
"18,64 : 14.14"
"18,65 : 14.87"
"18,66 : 37.01"
"18,67 : 22.0"
"18,68 : 38.28"
"18,69 : 18.68"
"18,70 : 25.81"
"18,71 : 35.85"
"18,72 : 35.85"
"18,73 : 21.1"
"18,74 : 25.08"
"18,75 : 8.0"
"18,76 : 59.41"
"18,77 : 16.0"
"18,78 : 21.63"
"18,79 : 42.19"
"18,80 : 36.24"
"18,81 : 22.83"
"18,82 : 52.92"
"18,83 : 25.18"
"18,84 : 38.08"
"18,85 : 53.6"
"18,86 : 1.41"
"18,87 : 15.52"
"18,88 : 16.0"
"18,89 : 61.62"
"18,90 : 18.03"
"18,91 : 43.57"
"18,92 : 60.11"
"18,93 : 29.0"
"18,94 : 10.2"
"18,95 : 26.08"
"18,96 : 54.82"
"18,97 : 34.54"
"18,98 : 55.23"
"18,99 : 55.0"
"19,0 : 28.16"
"19,1 : 39.36"
"19,2 : 5.0"
"19,3 : 41.59"
"19,4 : 17.8"
"19,5 : 36.14"
"19,6 : 28.16"
"19,7 : 33.24"
"19,8 : 30.08"
"19,9 : 33.62"
"19,10 : 9.43"
"19,11 : 34.48"
"19,12 : 36.12"
"19,13 : 10.63"
"19,14 : 21.4"
"19,15 : 19.42"
"19,16 : 13.89"
"19,17 : 37.64"
"19,18 : 32.98"
"19,19 : 0.0"
"19,20 : 16.0"
"19,21 : 39.82"
"19,22 : 54.49"
"19,23 : 3.61"
"19,24 : 35.0"
"19,25 : 51.66"
"19,26 : 5.83"
"19,27 : 21.59"
"19,28 : 15.52"
"19,29 : 47.01"
"19,30 : 36.77"
"19,31 : 22.47"
"19,32 : 34.48"
"19,33 : 12.73"
"19,34 : 33.42"
"19,35 : 18.97"
"19,36 : 36.88"
"19,37 : 3.61"
"19,38 : 24.7"
"19,39 : 15.0"
"19,40 : 37.64"
"19,41 : 45.28"
"19,42 : 21.26"
"19,43 : 31.4"
"19,44 : 19.8"
"19,45 : 38.9"
"19,46 : 33.29"
"19,47 : 14.14"
"19,48 : 38.08"
"19,49 : 49.52"
"19,50 : 39.82"
"19,51 : 25.0"
"19,52 : 31.78"
"19,53 : 12.81"
"19,54 : 34.54"
"19,55 : 37.22"
"19,56 : 45.18"
"19,57 : 16.12"
"19,58 : 35.34"
"19,59 : 39.36"
"19,60 : 13.0"
"19,61 : 21.84"
"19,62 : 14.32"
"19,63 : 35.36"
"19,64 : 18.97"
"19,65 : 37.48"
"19,66 : 10.3"
"19,67 : 34.93"
"19,68 : 13.0"
"19,69 : 14.32"
"19,70 : 13.04"
"19,71 : 30.81"
"19,72 : 26.93"
"19,73 : 14.32"
"19,74 : 9.22"
"19,75 : 32.0"
"19,76 : 36.14"
"19,77 : 17.89"
"19,78 : 14.56"
"19,79 : 49.52"
"19,80 : 21.93"
"19,81 : 12.37"
"19,82 : 42.72"
"19,83 : 38.91"
"19,84 : 7.62"
"19,85 : 26.4"
"19,86 : 32.28"
"19,87 : 36.67"
"19,88 : 32.98"
"19,89 : 39.05"
"19,90 : 34.48"
"19,91 : 30.36"
"19,92 : 35.74"
"19,93 : 8.54"
"19,94 : 22.8"
"19,95 : 22.8"
"19,96 : 28.23"
"19,97 : 5.0"
"19,98 : 33.38"
"19,99 : 27.73"
"20,0 : 33.84"
"20,1 : 26.17"
"20,2 : 16.76"
"20,3 : 37.12"
"20,4 : 14.87"
"20,5 : 43.01"
"20,6 : 30.87"
"20,7 : 19.21"
"20,8 : 30.08"
"20,9 : 31.14"
"20,10 : 22.47"
"20,11 : 33.54"
"20,12 : 20.22"
"20,13 : 24.35"
"20,14 : 13.04"
"20,15 : 16.76"
"20,16 : 15.0"
"20,17 : 36.35"
"20,18 : 40.0"
"20,19 : 16.0"
"20,20 : 0.0"
"20,21 : 35.13"
"20,22 : 44.1"
"20,23 : 19.1"
"20,24 : 19.0"
"20,25 : 41.34"
"20,26 : 19.65"
"20,27 : 7.07"
"20,28 : 19.21"
"20,29 : 39.22"
"20,30 : 27.86"
"20,31 : 19.42"
"20,32 : 33.54"
"20,33 : 11.4"
"20,34 : 23.26"
"20,35 : 6.32"
"20,36 : 26.83"
"20,37 : 13.15"
"20,38 : 24.04"
"20,39 : 13.89"
"20,40 : 22.83"
"20,41 : 32.53"
"20,42 : 16.12"
"20,43 : 15.81"
"20,44 : 14.14"
"20,45 : 37.22"
"20,46 : 28.07"
"20,47 : 11.66"
"20,48 : 37.66"
"20,49 : 39.45"
"20,50 : 29.15"
"20,51 : 20.02"
"20,52 : 18.38"
"20,53 : 26.0"
"20,54 : 32.14"
"20,55 : 42.06"
"20,56 : 31.89"
"20,57 : 8.25"
"20,58 : 32.02"
"20,59 : 26.17"
"20,60 : 24.19"
"20,61 : 23.26"
"20,62 : 23.6"
"20,63 : 22.67"
"20,64 : 28.43"
"20,65 : 38.33"
"20,66 : 25.5"
"20,67 : 32.06"
"20,68 : 3.0"
"20,69 : 23.6"
"20,70 : 14.21"
"20,71 : 20.12"
"20,72 : 15.65"
"20,73 : 19.1"
"20,74 : 23.09"
"20,75 : 35.78"
"20,76 : 21.02"
"20,77 : 28.84"
"20,78 : 18.44"
"20,79 : 40.25"
"20,80 : 9.85"
"20,81 : 17.69"
"20,82 : 27.73"
"20,83 : 35.01"
"20,84 : 9.49"
"20,85 : 13.6"
"20,86 : 39.82"
"20,87 : 37.11"
"20,88 : 32.98"
"20,89 : 23.77"
"20,90 : 33.54"
"20,91 : 15.81"
"20,92 : 21.1"
"20,93 : 24.19"
"20,94 : 31.11"
"20,95 : 18.11"
"20,96 : 14.87"
"20,97 : 11.0"
"20,98 : 17.72"
"20,99 : 15.0"
"21,0 : 23.09"
"21,1 : 23.35"
"21,2 : 44.28"
"21,3 : 2.0"
"21,4 : 22.47"
"21,5 : 28.0"
"21,6 : 17.46"
"21,7 : 48.51"
"21,8 : 12.53"
"21,9 : 7.21"
"21,10 : 49.24"
"21,11 : 9.22"
"21,12 : 41.63"
"21,13 : 50.25"
"21,14 : 48.04"
"21,15 : 20.62"
"21,16 : 25.94"
"21,17 : 8.06"
"21,18 : 27.17"
"21,19 : 39.82"
"21,20 : 35.13"
"21,21 : 0.0"
"21,22 : 21.1"
"21,23 : 43.05"
"21,24 : 38.48"
"21,25 : 19.0"
"21,26 : 45.65"
"21,27 : 40.05"
"21,28 : 25.0"
"21,29 : 10.2"
"21,30 : 11.4"
"21,31 : 17.46"
"21,32 : 9.22"
"21,33 : 27.86"
"21,34 : 15.65"
"21,35 : 29.02"
"21,36 : 14.21"
"21,37 : 36.67"
"21,38 : 15.62"
"21,39 : 25.08"
"21,40 : 29.41"
"21,41 : 23.32"
"21,42 : 19.65"
"21,43 : 32.31"
"21,44 : 21.59"
"21,45 : 7.28"
"21,46 : 7.07"
"21,47 : 45.89"
"21,48 : 10.2"
"21,49 : 17.03"
"21,50 : 15.62"
"21,51 : 15.52"
"21,52 : 49.03"
"21,53 : 36.8"
"21,54 : 6.71"
"21,55 : 23.09"
"21,56 : 25.24"
"21,57 : 43.29"
"21,58 : 5.0"
"21,59 : 23.35"
"21,60 : 52.77"
"21,61 : 19.1"
"21,62 : 30.41"
"21,63 : 21.63"
"21,64 : 30.23"
"21,65 : 13.15"
"21,66 : 48.83"
"21,67 : 5.83"
"21,68 : 35.51"
"21,69 : 30.41"
"21,70 : 26.83"
"21,71 : 18.03"
"21,72 : 21.38"
"21,73 : 26.4"
"21,74 : 37.54"
"21,75 : 19.24"
"21,76 : 46.82"
"21,77 : 33.02"
"21,78 : 25.81"
"21,79 : 15.03"
"21,80 : 26.02"
"21,81 : 28.02"
"21,82 : 31.83"
"21,83 : 2.0"
"21,84 : 39.85"
"21,85 : 46.27"
"21,86 : 28.28"
"21,87 : 12.04"
"21,88 : 11.4"
"21,89 : 47.93"
"21,90 : 9.22"
"21,91 : 27.86"
"21,92 : 48.38"
"21,93 : 41.87"
"21,94 : 28.18"
"21,95 : 17.72"
"21,96 : 46.53"
"21,97 : 37.7"
"21,98 : 42.38"
"21,99 : 47.38"
"22,0 : 43.93"
"22,1 : 19.65"
"22,2 : 58.0"
"22,3 : 21.0"
"22,4 : 37.01"
"22,5 : 49.04"
"22,6 : 38.08"
"22,7 : 49.82"
"22,8 : 32.98"
"22,9 : 27.66"
"22,10 : 63.64"
"22,11 : 30.27"
"22,12 : 40.2"
"22,13 : 65.07"
"22,14 : 55.04"
"22,15 : 35.81"
"22,16 : 41.4"
"22,17 : 29.02"
"22,18 : 48.26"
"22,19 : 54.49"
"22,20 : 44.1"
"22,21 : 21.1"
"22,22 : 0.0"
"22,23 : 58.05"
"22,24 : 37.34"
"22,25 : 2.83"
"22,26 : 60.11"
"22,27 : 46.1"
"22,28 : 42.19"
"22,29 : 11.0"
"22,30 : 17.8"
"22,31 : 33.29"
"22,32 : 30.27"
"22,33 : 41.77"
"22,34 : 21.26"
"22,35 : 38.01"
"22,36 : 17.69"
"22,37 : 50.93"
"22,38 : 34.01"
"22,39 : 39.82"
"22,40 : 26.31"
"22,41 : 14.04"
"22,42 : 33.42"
"22,43 : 33.24"
"22,44 : 34.71"
"22,45 : 28.0"
"22,46 : 23.77"
"22,47 : 55.76"
"22,48 : 31.0"
"22,49 : 5.0"
"22,50 : 15.0"
"22,51 : 30.23"
"22,52 : 51.2"
"22,53 : 55.07"
"22,54 : 27.46"
"22,55 : 44.0"
"22,56 : 16.0"
"22,57 : 51.97"
"22,58 : 25.5"
"22,59 : 19.65"
"22,60 : 66.53"
"22,61 : 37.58"
"22,62 : 48.76"
"22,63 : 21.93"
"22,64 : 49.77"
"22,65 : 34.0"
"22,66 : 64.54"
"22,67 : 26.48"
"22,68 : 45.8"
"22,69 : 48.76"
"22,70 : 42.01"
"22,71 : 24.21"
"22,72 : 28.6"
"22,73 : 43.57"
"22,74 : 54.92"
"22,75 : 40.31"
"22,76 : 46.27"
"22,77 : 52.39"
"22,78 : 42.72"
"22,79 : 6.08"
"22,80 : 34.41"
"22,81 : 44.65"
"22,82 : 25.02"
"22,83 : 23.09"
"22,84 : 51.86"
"22,85 : 50.6"
"22,86 : 49.37"
"22,87 : 33.02"
"22,88 : 32.39"
"22,89 : 46.04"
"22,90 : 30.27"
"22,91 : 30.08"
"22,92 : 48.37"
"22,93 : 58.82"
"22,94 : 48.38"
"22,95 : 32.2"
"22,96 : 50.0"
"22,97 : 50.93"
"22,98 : 42.58"
"22,99 : 51.24"
"23,0 : 30.0"
"23,1 : 42.94"
"23,2 : 4.24"
"23,3 : 44.78"
"23,4 : 21.26"
"23,5 : 37.48"
"23,6 : 30.59"
"23,7 : 35.44"
"23,8 : 32.89"
"23,9 : 36.67"
"23,10 : 6.32"
"23,11 : 37.34"
"23,12 : 39.01"
"23,13 : 7.21"
"23,14 : 22.83"
"23,15 : 22.8"
"23,16 : 17.2"
"23,17 : 40.5"
"23,18 : 34.37"
"23,19 : 3.61"
"23,20 : 19.1"
"23,21 : 43.05"
"23,22 : 58.05"
"23,23 : 0.0"
"23,24 : 38.05"
"23,25 : 55.23"
"23,26 : 3.0"
"23,27 : 24.19"
"23,28 : 18.38"
"23,29 : 50.45"
"23,30 : 40.31"
"23,31 : 25.81"
"23,32 : 37.34"
"23,33 : 16.28"
"23,34 : 37.01"
"23,35 : 22.47"
"23,36 : 40.46"
"23,37 : 7.21"
"23,38 : 27.73"
"23,39 : 18.44"
"23,40 : 41.11"
"23,41 : 48.88"
"23,42 : 24.76"
"23,43 : 34.71"
"23,44 : 23.35"
"23,45 : 41.79"
"23,46 : 36.62"
"23,47 : 15.26"
"23,48 : 40.8"
"23,49 : 53.08"
"23,50 : 43.42"
"23,51 : 28.43"
"23,52 : 33.84"
"23,53 : 13.0"
"23,54 : 37.58"
"23,55 : 39.01"
"23,56 : 48.76"
"23,57 : 18.03"
"23,58 : 38.47"
"23,59 : 42.94"
"23,60 : 10.2"
"23,61 : 24.7"
"23,62 : 16.0"
"23,63 : 38.95"
"23,64 : 20.22"
"23,65 : 40.02"
"23,66 : 6.71"
"23,67 : 38.01"
"23,68 : 16.12"
"23,69 : 16.0"
"23,70 : 16.4"
"23,71 : 34.41"
"23,72 : 30.53"
"23,73 : 17.09"
"23,74 : 9.49"
"23,75 : 34.13"
"23,76 : 38.64"
"23,77 : 18.68"
"23,78 : 17.46"
"23,79 : 53.04"
"23,80 : 25.5"
"23,81 : 15.23"
"23,82 : 46.17"
"23,83 : 42.06"
"23,84 : 10.05"
"23,85 : 28.46"
"23,86 : 33.54"
"23,87 : 39.29"
"23,88 : 35.74"
"23,89 : 41.59"
"23,90 : 37.34"
"23,91 : 33.84"
"23,92 : 38.08"
"23,93 : 7.07"
"23,94 : 24.19"
"23,95 : 26.25"
"23,96 : 30.36"
"23,97 : 8.25"
"23,98 : 36.12"
"23,99 : 29.73"
"24,0 : 47.2"
"24,1 : 18.0"
"24,2 : 35.36"
"24,3 : 40.31"
"24,4 : 27.78"
"24,5 : 56.22"
"24,6 : 42.52"
"24,7 : 12.65"
"24,8 : 39.62"
"24,9 : 38.01"
"24,10 : 40.79"
"24,11 : 41.4"
"24,12 : 3.16"
"24,13 : 42.76"
"24,14 : 22.2"
"24,15 : 28.84"
"24,16 : 30.46"
"24,17 : 43.27"
"24,18 : 53.6"
"24,19 : 35.0"
"24,20 : 19.0"
"24,21 : 38.48"
"24,22 : 37.34"
"24,23 : 38.05"
"24,24 : 0.0"
"24,25 : 35.13"
"24,26 : 38.33"
"24,27 : 14.87"
"24,28 : 34.44"
"24,29 : 37.48"
"24,30 : 27.51"
"24,31 : 29.83"
"24,32 : 41.4"
"24,33 : 27.51"
"24,34 : 22.85"
"24,35 : 18.03"
"24,36 : 25.0"
"24,37 : 32.06"
"24,38 : 34.71"
"24,39 : 28.64"
"24,40 : 11.05"
"24,41 : 23.35"
"24,42 : 26.4"
"24,43 : 6.4"
"24,44 : 25.24"
"24,45 : 43.57"
"24,46 : 32.76"
"24,47 : 26.93"
"24,48 : 45.22"
"24,49 : 34.01"
"24,50 : 25.32"
"24,51 : 28.28"
"24,52 : 14.32"
"24,53 : 44.15"
"24,54 : 38.83"
"24,55 : 53.76"
"24,56 : 21.59"
"24,57 : 22.47"
"24,58 : 37.74"
"24,59 : 18.0"
"24,60 : 41.76"
"24,61 : 35.81"
"24,62 : 40.5"
"24,63 : 17.46"
"24,64 : 44.78"
"24,65 : 47.01"
"24,66 : 44.28"
"24,67 : 38.28"
"24,68 : 22.0"
"24,69 : 40.5"
"24,70 : 30.08"
"24,71 : 20.59"
"24,72 : 18.44"
"24,73 : 34.93"
"24,74 : 41.59"
"24,75 : 47.42"
"24,76 : 9.0"
"24,77 : 45.88"
"24,78 : 34.01"
"24,79 : 36.01"
"24,80 : 17.49"
"24,81 : 34.18"
"24,82 : 13.42"
"24,83 : 39.36"
"24,84 : 28.16"
"24,85 : 15.56"
"24,86 : 53.82"
"24,87 : 45.61"
"24,88 : 41.87"
"24,89 : 9.49"
"24,90 : 41.4"
"24,91 : 10.82"
"24,92 : 11.05"
"24,93 : 43.1"
"24,94 : 46.53"
"24,95 : 27.66"
"24,96 : 14.21"
"24,97 : 30.0"
"24,98 : 5.39"
"24,99 : 15.62"
"25,0 : 41.59"
"25,1 : 17.26"
"25,2 : 55.17"
"25,3 : 19.1"
"25,4 : 34.21"
"25,5 : 47.0"
"25,6 : 35.69"
"25,7 : 47.52"
"25,8 : 30.59"
"25,9 : 25.32"
"25,10 : 60.81"
"25,11 : 28.07"
"25,12 : 38.05"
"25,13 : 62.24"
"25,14 : 52.39"
"25,15 : 33.02"
"25,16 : 38.6"
"25,17 : 27.02"
"25,18 : 46.1"
"25,19 : 51.66"
"25,20 : 41.34"
"25,21 : 19.0"
"25,22 : 2.83"
"25,23 : 55.23"
"25,24 : 35.13"
"25,25 : 0.0"
"25,26 : 57.28"
"25,27 : 43.46"
"25,28 : 39.45"
"25,29 : 9.22"
"25,30 : 15.0"
"25,31 : 30.53"
"25,32 : 28.07"
"25,33 : 38.95"
"25,34 : 18.44"
"25,35 : 35.23"
"25,36 : 14.87"
"25,37 : 48.1"
"25,38 : 31.38"
"25,39 : 37.01"
"25,40 : 24.08"
"25,41 : 12.04"
"25,42 : 30.61"
"25,43 : 30.81"
"25,44 : 31.89"
"25,45 : 26.08"
"25,46 : 21.19"
"25,47 : 53.0"
"25,48 : 29.07"
"25,49 : 2.24"
"25,50 : 12.21"
"25,51 : 27.46"
"25,52 : 48.84"
"25,53 : 52.35"
"25,54 : 25.18"
"25,55 : 42.05"
"25,56 : 14.14"
"25,57 : 49.24"
"25,58 : 23.19"
"25,59 : 17.26"
"25,60 : 63.7"
"25,61 : 34.93"
"25,62 : 46.07"
"25,63 : 19.31"
"25,64 : 47.17"
"25,65 : 32.06"
"25,66 : 61.72"
"25,67 : 24.19"
"25,68 : 43.01"
"25,69 : 46.07"
"25,70 : 39.2"
"25,71 : 21.4"
"25,72 : 25.81"
"25,73 : 40.82"
"25,74 : 52.15"
"25,75 : 38.12"
"25,76 : 44.1"
"25,77 : 49.77"
"25,78 : 39.96"
"25,79 : 4.12"
"25,80 : 31.62"
"25,81 : 41.88"
"25,82 : 23.19"
"25,83 : 21.0"
"25,84 : 49.04"
"25,85 : 48.08"
"25,86 : 47.17"
"25,87 : 31.02"
"25,88 : 30.15"
"25,89 : 44.0"
"25,90 : 28.07"
"25,91 : 27.51"
