x,y
15,34
13,44
44,28
39,20
5,24
21,35
36,20
9,47
42,30
45,8
31,13
43,32
33,39
46,22
24,45
0,8
12,33
19,25
42,4
11,36
50,19
12,31
4,6
44,37
34,23
25,28
10,30
19,50
26,32
34,46
37,49
6,12
15,31
32,14
33,44
27,48
46,16
2,40
22,9
7,45
41,39
37,34
35,12
17,21
37,17
47,50
7,23
26,2
35,44
25,49
46,13
44,19
41,22
7,25
25,36
29,7
9,40
0,1
34,0
13,9
19,49
11,17
36,30
21,10
26,48
23,30
6,40
17,8
23,30
20,0
49,21
42,40
12,36
40,0
40,38
23,7
45,2
45,27
11,33
19,21
16,4
29,11
7,40
16,28
32,39
1,17
14,5
39,23
33,34
21,17
9,20
42,30
2,34
48,41
39,18
49,24
0,34
37,12
47,25
44,41

Distanze
"0,0 : 0.0"
"0,1 : 10.2"
"0,2 : 29.61"
"0,3 : 27.78"
"0,4 : 14.14"
"0,5 : 6.08"
"0,6 : 25.24"
"0,7 : 14.32"
"0,8 : 27.29"
"0,9 : 39.7"
"0,10 : 26.4"
"0,11 : 28.07"
"0,12 : 18.68"
"0,13 : 33.24"
"0,14 : 14.21"
"0,15 : 30.02"
"0,16 : 3.16"
"0,17 : 9.85"
"0,18 : 40.36"
"0,19 : 4.47"
"0,20 : 38.08"
"0,21 : 4.24"
"0,22 : 30.08"
"0,23 : 29.15"
"0,24 : 21.95"
"0,25 : 11.66"
"0,26 : 6.4"
"0,27 : 16.49"
"0,28 : 11.18"
"0,29 : 22.47"
"0,30 : 26.63"
"0,31 : 23.77"
"0,32 : 3.0"
"0,33 : 26.25"
"0,34 : 20.59"
"0,35 : 18.44"
"0,36 : 35.85"
"0,37 : 14.32"
"0,38 : 25.96"
"0,39 : 13.6"
"0,40 : 26.48"
"0,41 : 22.0"
"0,42 : 29.73"
"0,43 : 13.15"
"0,44 : 27.8"
"0,45 : 35.78"
"0,46 : 13.6"
"0,47 : 33.84"
"0,48 : 22.36"
"0,49 : 18.03"
"0,50 : 37.44"
"0,51 : 32.65"
"0,52 : 28.64"
"0,53 : 12.04"
"0,54 : 10.2"
"0,55 : 30.41"
"0,56 : 8.49"
"0,57 : 36.25"
"0,58 : 38.95"
"0,59 : 25.08"
"0,60 : 15.52"
"0,61 : 17.46"
"0,62 : 21.38"
"0,63 : 24.74"
"0,64 : 17.8"
"0,65 : 8.94"
"0,66 : 10.82"
"0,67 : 26.08"
"0,68 : 8.94"
"0,69 : 34.37"
"0,70 : 36.4"
"0,71 : 27.66"
"0,72 : 3.61"
"0,73 : 42.2"
"0,74 : 25.32"
"0,75 : 28.16"
"0,76 : 43.86"
"0,77 : 30.81"
"0,78 : 4.12"
"0,79 : 13.6"
"0,80 : 30.02"
"0,81 : 26.93"
"0,82 : 10.0"
"0,83 : 6.08"
"0,84 : 17.72"
"0,85 : 22.02"
"0,86 : 29.02"
"0,87 : 26.4"
"0,88 : 18.0"
"0,89 : 18.03"
"0,90 : 15.23"
"0,91 : 27.29"
"0,92 : 13.0"
"0,93 : 33.73"
"0,94 : 28.84"
"0,95 : 35.44"
"0,96 : 15.0"
"0,97 : 31.11"
"0,98 : 33.24"
"0,99 : 29.83"
"1,0 : 10.2"
"1,1 : 0.0"
"1,2 : 34.89"
"1,3 : 35.38"
"1,4 : 21.54"
"1,5 : 12.04"
"1,6 : 33.24"
"1,7 : 5.0"
"1,8 : 32.2"
"1,9 : 48.17"
"1,10 : 35.85"
"1,11 : 32.31"
"1,12 : 20.62"
"1,13 : 39.66"
"1,14 : 11.05"
"1,15 : 38.28"
"1,16 : 11.05"
"1,17 : 19.92"
"1,18 : 49.41"
"1,19 : 8.25"
"1,20 : 44.65"
"1,21 : 13.04"
"1,22 : 39.05"
"1,23 : 31.78"
"1,24 : 29.7"
"1,25 : 20.0"
"1,26 : 14.32"
"1,27 : 8.49"
"1,28 : 17.69"
"1,29 : 21.1"
"1,30 : 24.52"
"1,31 : 32.76"
"1,32 : 13.15"
"1,33 : 35.51"
"1,34 : 20.0"
"1,35 : 14.56"
"1,36 : 43.28"
"1,37 : 11.7"
"1,38 : 36.14"
"1,39 : 6.08"
"1,40 : 28.44"
"1,41 : 26.0"
"1,42 : 38.83"
"1,43 : 23.35"
"1,44 : 36.12"
"1,45 : 34.53"
"1,46 : 21.84"
"1,47 : 43.97"
"1,48 : 22.0"
"1,49 : 13.0"
"1,50 : 45.28"
"1,51 : 39.82"
"1,52 : 35.61"
"1,53 : 19.92"
"1,54 : 14.42"
"1,55 : 40.31"
"1,56 : 5.66"
"1,57 : 44.92"
"1,58 : 48.75"
"1,59 : 35.0"
"1,60 : 7.81"
"1,61 : 27.07"
"1,62 : 26.93"
"1,63 : 34.93"
"1,64 : 13.6"
"1,65 : 17.2"
"1,66 : 8.06"
"1,67 : 36.22"
"1,68 : 17.2"
"1,69 : 44.55"
"1,70 : 42.72"
"1,71 : 29.27"
"1,72 : 8.06"
"1,73 : 51.62"
"1,74 : 27.66"
"1,75 : 38.33"
"1,76 : 52.8"
"1,77 : 36.24"
"1,78 : 11.18"
"1,79 : 23.77"
"1,80 : 40.11"
"1,81 : 36.67"
"1,82 : 7.21"
"1,83 : 16.28"
"1,84 : 19.65"
"1,85 : 29.55"
"1,86 : 39.01"
"1,87 : 33.42"
"1,88 : 22.36"
"1,89 : 28.16"
"1,90 : 24.33"
"1,91 : 32.2"
"1,92 : 14.87"
"1,93 : 35.13"
"1,94 : 36.77"
"1,95 : 41.18"
"1,96 : 16.4"
"1,97 : 40.0"
"1,98 : 38.95"
"1,99 : 31.14"
"2,0 : 29.61"
"2,1 : 34.89"
"2,2 : 0.0"
"2,3 : 9.43"
"2,4 : 39.2"
"2,5 : 24.04"
"2,6 : 11.31"
"2,7 : 39.82"
"2,8 : 2.83"
"2,9 : 20.02"
"2,10 : 19.85"
"2,11 : 4.12"
"2,12 : 15.56"
"2,13 : 6.32"
"2,14 : 26.25"
"2,15 : 48.33"
"2,16 : 32.39"
"2,17 : 25.18"
"2,18 : 24.08"
"2,19 : 33.96"
"2,20 : 10.82"
"2,21 : 32.14"
"2,22 : 45.65"
"2,23 : 9.0"
"2,24 : 11.18"
"2,25 : 19.0"
"2,26 : 34.06"
"2,27 : 33.3"
"2,28 : 18.44"
"2,29 : 20.59"
"2,30 : 22.14"
"2,31 : 41.23"
"2,32 : 29.15"
"2,33 : 18.44"
"2,34 : 19.42"
"2,35 : 26.25"
"2,36 : 12.17"
"2,37 : 43.68"
"2,38 : 29.07"
"2,39 : 40.72"
"2,40 : 11.4"
"2,41 : 9.22"
"2,42 : 18.36"
"2,43 : 27.89"
"2,44 : 13.04"
"2,45 : 22.2"
"2,46 : 37.34"
"2,47 : 31.62"
"2,48 : 18.36"
"2,49 : 28.32"
"2,50 : 15.13"
"2,51 : 9.0"
"2,52 : 6.71"
"2,53 : 37.12"
"2,54 : 20.62"
"2,55 : 25.81"
"2,56 : 37.0"
"2,57 : 51.62"
"2,58 : 29.73"
"2,59 : 36.36"
"2,60 : 32.65"
"2,61 : 34.79"
"2,62 : 8.25"
"2,63 : 29.21"
"2,64 : 26.91"
"2,65 : 21.1"
"2,66 : 39.85"
"2,67 : 33.6"
"2,68 : 21.1"
"2,69 : 36.88"
"2,70 : 8.6"
"2,71 : 12.17"
"2,72 : 32.98"
"2,73 : 28.28"
"2,74 : 10.77"
"2,75 : 29.7"
"2,76 : 26.02"
"2,77 : 1.41"
"2,78 : 33.38"
"2,79 : 25.96"
"2,80 : 36.88"
"2,81 : 22.67"
"2,82 : 38.9"
"2,83 : 28.0"
"2,84 : 16.28"
"2,85 : 44.38"
"2,86 : 37.8"
"2,87 : 7.07"
"2,88 : 12.53"
"2,89 : 25.5"
"2,90 : 35.9"
"2,91 : 2.83"
"2,92 : 42.43"
"2,93 : 13.6"
"2,94 : 11.18"
"2,95 : 6.4"
"2,96 : 44.41"
"2,97 : 17.46"
"2,98 : 4.24"
"2,99 : 13.0"
"3,0 : 27.78"
"3,1 : 35.38"
"3,2 : 9.43"
"3,3 : 0.0"
"3,4 : 34.23"
"3,5 : 23.43"
"3,6 : 3.0"
"3,7 : 40.36"
"3,8 : 10.44"
"3,9 : 13.42"
"3,10 : 10.63"
"3,11 : 12.65"
"3,12 : 19.92"
"3,13 : 7.28"
"3,14 : 29.15"
"3,15 : 40.8"
"3,16 : 29.97"
"3,17 : 20.62"
"3,18 : 16.28"
"3,19 : 32.25"
"3,20 : 11.05"
"3,21 : 29.15"
"3,22 : 37.7"
"3,23 : 17.72"
"3,24 : 5.83"
"3,25 : 16.12"
"3,26 : 30.68"
"3,27 : 36.06"
"3,28 : 17.69"
"3,29 : 26.48"
"3,30 : 29.07"
"3,31 : 33.96"
"3,32 : 26.4"
"3,33 : 9.22"
"3,34 : 24.74"
"3,35 : 30.46"
"3,36 : 8.06"
"3,37 : 42.06"
"3,38 : 20.25"
"3,39 : 40.61"
"3,40 : 19.1"
"3,41 : 14.14"
"3,42 : 8.94"
"3,43 : 22.02"
"3,44 : 3.61"
"3,45 : 31.05"
"3,46 : 32.14"
"3,47 : 22.2"
"3,48 : 24.33"
"3,49 : 32.2"
"3,50 : 9.9"
"3,51 : 5.1"
"3,52 : 2.83"
"3,53 : 32.39"
"3,54 : 21.26"
"3,55 : 16.4"
"3,56 : 36.06"
"3,57 : 43.38"
"3,58 : 20.62"
"3,59 : 28.23"
"3,60 : 35.23"
"3,61 : 28.16"
"3,62 : 10.44"
"3,63 : 20.59"
"3,64 : 30.87"
"3,65 : 18.87"
"3,66 : 38.59"
"3,67 : 25.06"
"3,68 : 18.87"
"3,69 : 27.59"
"3,70 : 10.05"
"3,71 : 20.22"
"3,72 : 31.38"
"3,73 : 20.02"
"3,74 : 18.03"
"3,75 : 20.62"
"3,76 : 18.97"
"3,77 : 9.22"
"3,78 : 30.87"
"3,79 : 20.02"
"3,80 : 28.02"
"3,81 : 13.45"
"3,82 : 37.74"
"3,83 : 24.35"
"3,84 : 20.25"
"3,85 : 38.12"
"3,86 : 29.15"
"3,87 : 3.0"
"3,88 : 15.23"
"3,89 : 18.25"
"3,90 : 30.0"
"3,91 : 10.44"
"3,92 : 39.56"
"3,93 : 22.85"
"3,94 : 2.0"
"3,95 : 10.77"
"3,96 : 41.44"
"3,97 : 8.25"
"3,98 : 9.43"
"3,99 : 21.59"
"4,0 : 14.14"
"4,1 : 21.54"
"4,2 : 39.2"
"4,3 : 34.23"
"4,4 : 0.0"
"4,5 : 19.42"
"4,6 : 31.26"
"4,7 : 23.35"
"4,8 : 37.48"
"4,9 : 43.08"
"4,10 : 28.23"
"4,11 : 38.83"
"4,12 : 31.76"
"4,13 : 41.05"
"4,14 : 28.32"
"4,15 : 16.76"
"4,16 : 11.4"
"4,17 : 14.04"
"4,18 : 42.06"
"4,19 : 13.42"
"4,20 : 45.28"
"4,21 : 9.9"
"4,22 : 18.03"
"4,23 : 41.11"
"4,24 : 29.02"
"4,25 : 20.4"
"4,26 : 7.81"
"4,27 : 29.53"
"4,28 : 22.47"
"4,29 : 36.4"
"4,30 : 40.61"
"4,31 : 12.04"
"4,32 : 12.21"
"4,33 : 28.79"
"4,34 : 34.41"
"4,35 : 32.56"
"4,36 : 41.77"
"4,37 : 16.28"
"4,38 : 22.67"
"4,39 : 21.1"
"4,40 : 39.0"
"4,41 : 33.53"
"4,42 : 32.31"
"4,43 : 12.37"
"4,44 : 32.76"
"4,45 : 49.4"
"4,46 : 2.24"
"4,47 : 30.41"
"4,48 : 36.06"
"4,49 : 32.02"
"4,50 : 42.45"
"4,51 : 39.32"
"4,52 : 36.06"
"4,53 : 2.24"
"4,54 : 23.32"
"4,55 : 29.41"
"4,56 : 16.49"
"4,57 : 23.54"
"4,58 : 37.64"
"4,59 : 17.0"
"4,60 : 28.65"
"4,61 : 9.22"
"4,62 : 31.58"
"4,63 : 21.26"
"4,64 : 31.89"
"4,65 : 18.97"
"4,66 : 16.03"
"4,67 : 20.0"
"4,68 : 18.97"
"4,69 : 28.3"
"4,70 : 44.1"
"4,71 : 40.31"
"4,72 : 13.89"
"4,73 : 42.44"
"4,74 : 37.7"
"4,75 : 24.76"
"4,76 : 45.65"
"4,77 : 40.11"
"4,78 : 10.82"
"4,79 : 14.32"
"4,80 : 22.83"
"4,81 : 27.29"
"4,82 : 16.12"
"4,83 : 11.7"
"4,84 : 30.89"
"4,85 : 8.06"
"4,86 : 21.02"
"4,87 : 34.01"
"4,88 : 29.73"
"4,89 : 17.46"
"4,90 : 5.66"
"4,91 : 37.48"
"4,92 : 10.44"
"4,93 : 46.24"
"4,94 : 34.53"
"4,95 : 44.0"
"4,96 : 11.18"
"4,97 : 34.18"
"4,98 : 42.01"
"4,99 : 42.54"
"5,0 : 6.08"
"5,1 : 12.04"
"5,2 : 24.04"
"5,3 : 23.43"
"5,4 : 19.42"
"5,5 : 0.0"
"5,6 : 21.21"
"5,7 : 16.97"
"5,8 : 21.59"
"5,9 : 36.12"
"5,10 : 24.17"
"5,11 : 22.2"
"5,12 : 12.65"
"5,13 : 28.18"
"5,14 : 10.44"
"5,15 : 34.21"
"5,16 : 9.22"
"5,17 : 10.2"
"5,18 : 37.44"
"5,19 : 10.05"
"5,20 : 33.12"
"5,21 : 9.85"
"5,22 : 33.62"
"5,23 : 23.09"
"5,24 : 17.69"
"5,25 : 8.06"
"5,26 : 12.08"
"5,27 : 15.13"
"5,28 : 5.83"
"5,29 : 17.03"
"5,30 : 21.26"
"5,31 : 27.46"
"5,32 : 7.21"
"5,33 : 23.71"
"5,34 : 15.0"
"5,35 : 14.32"
"5,36 : 31.4"
"5,37 : 19.65"
"5,38 : 26.02"
"5,39 : 17.2"
"5,40 : 20.4"
"5,41 : 16.03"
"5,42 : 26.93"
"5,43 : 14.56"
"5,44 : 24.08"
"5,45 : 30.02"
"5,46 : 18.44"
"5,47 : 33.38"
"5,48 : 16.64"
"5,49 : 14.56"
"5,50 : 33.3"
"5,51 : 28.02"
"5,52 : 23.85"
"5,53 : 17.2"
"5,54 : 4.12"
"5,55 : 29.12"
"5,56 : 13.0"
"5,57 : 39.96"
"5,58 : 37.34"
"5,59 : 27.2"
"5,60 : 14.14"
"5,61 : 20.59"
"5,62 : 15.81"
"5,63 : 25.0"
"5,64 : 13.93"
"5,65 : 5.39"
"5,66 : 15.81"
"5,67 : 27.29"
"5,68 : 5.39"
"5,69 : 35.01"
"5,70 : 31.3"
"5,71 : 21.59"
"5,72 : 9.06"
"5,73 : 39.82"
"5,74 : 19.24"
"5,75 : 28.07"
"5,76 : 40.8"
"5,77 : 25.3"
"5,78 : 10.2"
"5,79 : 14.14"
"5,80 : 31.4"
"5,81 : 25.3"
"5,82 : 14.87"
"5,83 : 8.6"
"5,84 : 11.7"
"5,85 : 26.91"
"5,86 : 30.81"
"5,87 : 21.63"
"5,88 : 12.04"
"5,89 : 18.0"
"5,90 : 19.21"
"5,91 : 21.59"
"5,92 : 19.03"
"5,93 : 27.66"
"5,94 : 24.76"
"5,95 : 30.08"
"5,96 : 21.02"
"5,97 : 28.02"
"5,98 : 27.86"
"5,99 : 23.77"
"6,0 : 25.24"
"6,1 : 33.24"
"6,2 : 11.31"
"6,3 : 3.0"
"6,4 : 31.26"
"6,5 : 21.21"
"6,6 : 0.0"
"6,7 : 38.18"
"6,8 : 11.66"
"6,9 : 15.0"
"6,10 : 8.6"
"6,11 : 13.89"
"6,12 : 19.24"
"6,13 : 10.2"
"6,14 : 27.73"
"6,15 : 37.95"
"6,16 : 27.29"
"6,17 : 17.72"
"6,18 : 17.09"
"6,19 : 29.68"
"6,20 : 14.04"
"6,21 : 26.4"
"6,22 : 34.93"
"6,23 : 18.79"
"6,24 : 3.61"
"6,25 : 13.6"
"6,26 : 27.86"
"6,27 : 34.48"
"6,28 : 15.62"
"6,29 : 26.08"
"6,30 : 29.02"
"6,31 : 31.05"
"6,32 : 23.71"
"6,33 : 7.21"
"6,34 : 24.19"
"6,35 : 29.41"
"6,36 : 10.77"
"6,37 : 39.45"
"6,38 : 17.8"
"6,39 : 38.29"
"6,40 : 19.65"
"6,41 : 14.04"
"6,42 : 8.06"
"6,43 : 19.03"
"6,44 : 3.16"
"6,45 : 31.95"
"6,46 : 29.15"
"6,47 : 20.59"
"6,48 : 24.02"
"6,49 : 31.02"
"6,50 : 12.21"
"6,51 : 8.06"
"6,52 : 5.39"
"6,53 : 29.43"
"6,54 : 19.42"
"6,55 : 14.76"
"6,56 : 33.6"
"6,57 : 40.71"
"6,58 : 20.1"
"6,59 : 25.5"
"6,60 : 33.62"
"6,61 : 25.18"
"6,62 : 10.0"
"6,63 : 18.03"
"6,64 : 29.73"
"6,65 : 16.4"
"6,66 : 36.06"
"6,67 : 22.47"
"6,68 : 16.4"
"6,69 : 25.61"
"6,70 : 13.04"
"6,71 : 20.88"
"6,72 : 28.84"
"6,73 : 20.4"
"6,74 : 18.44"
"6,75 : 18.38"
"6,76 : 20.12"
"6,77 : 11.4"
"6,78 : 28.18"
"6,79 : 17.03"
"6,80 : 25.61"
"6,81 : 11.4"
"6,82 : 35.23"
"6,83 : 21.54"
"6,84 : 19.42"
"6,85 : 35.13"
"6,86 : 26.63"
"6,87 : 4.24"
"6,88 : 14.32"
"6,89 : 15.3"
"6,90 : 27.0"
"6,91 : 11.66"
"6,92 : 36.77"
"6,93 : 24.19"
"6,94 : 3.61"
"6,95 : 13.6"
"6,96 : 38.63"
"6,97 : 8.06"
"6,98 : 12.08"
"6,99 : 22.47"
"7,0 : 14.32"
"7,1 : 5.0"
"7,2 : 39.82"
"7,3 : 40.36"
"7,4 : 23.35"
"7,5 : 16.97"
"7,6 : 38.18"
"7,7 : 0.0"
"7,8 : 37.12"
"7,9 : 53.08"
"7,10 : 40.5"
"7,11 : 37.16"
"7,12 : 25.3"
"7,13 : 44.65"
"7,14 : 15.13"
"7,15 : 40.02"
"7,16 : 14.32"
"7,17 : 24.17"
"7,18 : 54.2"
"7,19 : 11.18"
"7,20 : 49.65"
"7,21 : 16.28"
"7,22 : 41.3"
"7,23 : 36.4"
"7,24 : 34.66"
"7,25 : 24.84"
"7,26 : 17.03"
"7,27 : 10.44"
"7,28 : 22.67"
"7,29 : 25.02"
"7,30 : 28.07"
"7,31 : 35.13"
"7,32 : 17.09"
"7,33 : 40.22"
"7,34 : 24.19"
"7,35 : 18.03"
"7,36 : 48.27"
"7,37 : 9.9"
"7,38 : 40.16"
"7,39 : 2.83"
"7,40 : 32.98"
"7,41 : 30.87"
"7,42 : 43.6"
"7,43 : 27.2"
"7,44 : 41.04"
"7,45 : 38.12"
"7,46 : 24.08"
"7,47 : 48.1"
"7,48 : 26.17"
"7,49 : 16.12"
"7,50 : 50.25"
"7,51 : 44.82"
"7,52 : 40.61"
"7,53 : 22.09"
"7,54 : 19.42"
"7,55 : 44.72"
"7,56 : 7.0"
"7,57 : 46.87"
"7,58 : 53.24"
"7,59 : 38.21"
"7,60 : 10.2"
"7,61 : 30.07"
"7,62 : 31.91"
"7,63 : 38.9"
"7,64 : 17.03"
"7,65 : 22.02"
"7,66 : 7.62"
"7,67 : 39.81"
"7,68 : 22.02"
"7,69 : 48.27"
"7,70 : 47.71"
"7,71 : 33.73"
"7,72 : 11.4"
"7,73 : 56.3"
"7,74 : 32.28"
"7,75 : 42.38"
"7,76 : 57.63"
"7,77 : 41.18"
"7,78 : 14.14"
"7,79 : 27.86"
"7,80 : 43.57"
"7,81 : 41.18"
"7,82 : 7.28"
"7,83 : 20.25"
"7,84 : 24.35"
"7,85 : 31.05"
"7,86 : 42.3"
"7,87 : 38.42"
"7,88 : 27.29"
"7,89 : 32.31"
"7,90 : 27.0"
"7,91 : 37.12"
"7,92 : 14.76"
"7,93 : 39.46"
"7,94 : 41.73"
"7,95 : 46.14"
"7,96 : 15.81"
"7,97 : 44.82"
"7,98 : 43.91"
"7,99 : 35.51"
"8,0 : 27.29"
"8,1 : 32.2"
"8,2 : 2.83"
"8,3 : 10.44"
"8,4 : 37.48"
"8,5 : 21.59"
"8,6 : 11.66"
"8,7 : 37.12"
"8,8 : 0.0"
"8,9 : 22.2"
"8,10 : 20.25"
"8,11 : 2.24"
"8,12 : 12.73"
"8,13 : 8.94"
"8,14 : 23.43"
"8,15 : 47.41"
"8,16 : 30.15"
"8,17 : 23.54"
"8,18 : 26.0"
"8,19 : 31.58"
"8,20 : 13.6"
"8,21 : 30.02"
"8,22 : 44.94"
"8,23 : 7.28"
"8,24 : 10.63"
"8,25 : 17.12"
"8,26 : 32.0"
"8,27 : 30.48"
"8,28 : 16.12"
"8,29 : 17.89"
"8,30 : 19.65"
"8,31 : 40.25"
"8,32 : 27.02"
"8,33 : 18.87"
"8,34 : 16.64"
"8,35 : 23.43"
"8,36 : 14.56"
"8,37 : 41.23"
"8,38 : 29.0"
"8,39 : 38.08"
"8,40 : 9.06"
"8,41 : 6.4"
"8,42 : 19.31"
"8,43 : 26.57"
"8,44 : 13.93"
"8,45 : 20.62"
"8,46 : 35.69"
"8,47 : 32.25"
"8,48 : 15.65"
"8,49 : 25.5"
"8,50 : 17.46"
"8,51 : 11.18"
"8,52 : 8.06"
"8,53 : 35.36"
"8,54 : 18.03"
"8,55 : 26.42"
"8,56 : 34.48"
"8,57 : 51.04"
"8,58 : 31.05"
"8,59 : 35.81"
"8,60 : 29.83"
"8,61 : 33.62"
"8,62 : 6.0"
"8,63 : 29.0"
"8,64 : 24.08"
"8,65 : 19.0"
"8,66 : 37.36"
"8,67 : 33.3"
"8,68 : 19.0"
"8,69 : 37.2"
"8,70 : 11.4"
"8,71 : 10.0"
"8,72 : 30.59"
"8,73 : 30.07"
"8,74 : 8.25"
"8,75 : 29.83"
"8,76 : 28.16"
"8,77 : 4.24"
"8,78 : 31.14"
"8,79 : 24.7"
"8,80 : 36.77"
"8,81 : 23.02"
"8,82 : 36.4"
"8,83 : 26.08"
"8,84 : 13.45"
"8,85 : 43.01"
"8,86 : 37.54"
"8,87 : 7.62"
"8,88 : 9.85"
"8,89 : 24.7"
"8,90 : 34.48"
"8,91 : 0.0"
"8,92 : 40.2"
"8,93 : 12.53"
"8,94 : 12.37"
"8,95 : 9.22"
"8,96 : 42.19"
"8,97 : 18.68"
"8,98 : 7.07"
"8,99 : 11.18"
"9,0 : 39.7"
"9,1 : 48.17"
"9,2 : 20.02"
"9,3 : 13.42"
"9,4 : 43.08"
"9,5 : 36.12"
"9,6 : 15.0"
"9,7 : 53.08"
"9,8 : 22.2"
"9,9 : 0.0"
"9,10 : 14.87"
"9,11 : 24.08"
"9,12 : 33.24"
"9,13 : 14.04"
"9,14 : 42.54"
"9,15 : 45.0"
"9,16 : 41.4"
"9,17 : 31.06"
"9,18 : 5.0"
"9,19 : 44.05"
"9,20 : 12.08"
"9,21 : 40.22"
"9,22 : 41.05"
"9,23 : 29.02"
"9,24 : 18.6"
"9,25 : 28.28"
"9,26 : 41.34"
"9,27 : 49.4"
"9,28 : 30.61"
"9,29 : 39.56"
"9,30 : 41.77"
"9,31 : 39.2"
"9,32 : 37.8"
"9,33 : 14.32"
"9,34 : 37.95"
"9,35 : 43.86"
"9,36 : 8.06"
"9,37 : 53.6"
"9,38 : 23.02"
"9,39 : 53.04"
"9,40 : 31.26"
"9,41 : 27.2"
"9,42 : 10.77"
"9,43 : 30.87"
"9,44 : 12.04"
"9,45 : 42.05"
"9,46 : 40.85"
"9,47 : 19.92"
"9,48 : 37.36"
"9,49 : 45.62"
"9,50 : 5.1"
"9,51 : 11.05"
"9,52 : 14.56"
"9,53 : 41.63"
"9,54 : 34.41"
"9,55 : 16.03"
"9,56 : 48.17"
"9,57 : 45.54"
"9,58 : 13.6"
"9,59 : 32.02"
"9,60 : 48.55"
"9,61 : 35.17"
"9,62 : 23.77"
"9,63 : 24.08"
"9,64 : 44.28"
"9,65 : 31.11"
"9,66 : 50.45"
"9,67 : 28.0"
"9,68 : 31.11"
"9,69 : 26.25"
"9,70 : 13.6"
"9,71 : 32.14"
"9,72 : 43.28"
"9,73 : 9.43"
"9,74 : 30.41"
"9,75 : 22.02"
"9,76 : 6.0"
"9,77 : 19.0"
"9,78 : 42.2"
"9,79 : 29.07"
"9,80 : 29.27"
"9,81 : 16.28"
"9,82 : 49.68"
"9,83 : 35.23"
"9,84 : 33.62"
"9,85 : 44.91"
"9,86 : 31.14"
"9,87 : 16.16"
"9,88 : 28.64"
"9,89 : 25.63"
"9,90 : 37.95"
"9,91 : 22.2"
"9,92 : 50.25"
"9,93 : 33.14"
"9,94 : 11.66"
"9,95 : 16.49"
"9,96 : 51.97"
"9,97 : 8.94"
"9,98 : 17.12"
"9,99 : 33.02"
"10,0 : 26.4"
"10,1 : 35.85"
"10,2 : 19.85"
"10,3 : 10.63"
"10,4 : 28.23"
"10,5 : 24.17"
"10,6 : 8.6"
"10,7 : 40.5"
"10,8 : 20.25"
"10,9 : 14.87"
"10,10 : 0.0"
"10,11 : 22.47"
"10,12 : 26.08"
"10,13 : 17.49"
"10,14 : 32.76"
"10,15 : 31.4"
"10,16 : 27.59"
"10,17 : 16.97"
"10,18 : 14.21"
"10,19 : 30.48"
"10,20 : 19.92"
"10,21 : 26.17"
"10,22 : 27.89"
"10,23 : 27.29"
"10,24 : 10.44"
"10,25 : 16.16"
"10,26 : 27.02"
"10,27 : 38.9"
"10,28 : 19.65"
"10,29 : 33.14"
"10,30 : 36.5"
"10,31 : 25.02"
"10,32 : 24.08"
"10,33 : 1.41"
"10,34 : 31.06"
"10,35 : 35.23"
"10,36 : 15.3"
"10,37 : 39.62"
"10,38 : 9.85"
"10,39 : 40.0"
"10,40 : 27.86"
"10,41 : 21.84"
"10,42 : 4.12"
"10,43 : 16.12"
"10,44 : 7.21"
"10,45 : 40.31"
"10,46 : 26.0"
"10,47 : 12.08"
"10,48 : 31.26"
"10,49 : 36.5"
"10,50 : 15.0"
"10,51 : 14.32"
"10,52 : 13.45"
"10,53 : 26.83"
"10,54 : 23.77"
"10,55 : 6.32"
"10,56 : 34.83"
"10,57 : 33.24"
"10,58 : 13.34"
"10,59 : 18.44"
"10,60 : 37.95"
"10,61 : 20.4"
"10,62 : 17.72"
"10,63 : 10.44"
"10,64 : 35.36"
"10,65 : 18.79"
"10,66 : 36.8"
"10,67 : 14.87"
"10,68 : 18.79"
"10,69 : 17.03"
"10,70 : 19.7"
"10,71 : 29.15"
"10,72 : 29.83"
"10,73 : 15.81"
"10,74 : 26.57"
"10,75 : 10.0"
"10,76 : 17.8"
"10,77 : 19.8"
"10,78 : 28.28"
"10,79 : 14.42"
"10,80 : 17.49"
"10,81 : 2.83"
"10,82 : 36.12"
"10,83 : 21.21"
"10,84 : 26.02"
"10,85 : 30.27"
"10,86 : 18.79"
"10,87 : 12.81"
"10,88 : 21.1"
"10,89 : 10.77"
"10,90 : 23.09"
"10,91 : 20.25"
"10,92 : 35.81"
"10,93 : 32.76"
"10,94 : 9.43"
"10,95 : 21.1"
"10,96 : 37.44"
"10,97 : 6.08"
"10,98 : 20.0"
"10,99 : 30.87"
"11,0 : 28.07"
"11,1 : 32.31"
"11,2 : 4.12"
"11,3 : 12.65"
"11,4 : 38.83"
"11,5 : 22.2"
"11,6 : 13.89"
"11,7 : 37.16"
"11,8 : 2.24"
"11,9 : 24.08"
"11,10 : 22.47"
"11,11 : 0.0"
"11,12 : 12.21"
"11,13 : 10.44"
"11,14 : 23.02"
"11,15 : 49.24"
"11,16 : 31.02"
"11,17 : 25.0"
"11,18 : 28.02"
"11,19 : 32.25"
"11,20 : 14.76"
"11,21 : 31.02"
"11,22 : 46.87"
"11,23 : 5.1"
"11,24 : 12.73"
"11,25 : 18.44"
"11,26 : 33.06"
"11,27 : 30.0"
"11,28 : 17.0"
"11,29 : 16.64"
"11,30 : 18.03"
"11,31 : 42.06"
"11,32 : 28.02"
"11,33 : 21.1"
"11,34 : 15.62"
"11,35 : 22.63"
"11,36 : 16.28"
"11,37 : 41.77"
"11,38 : 31.14"
"11,39 : 38.28"
"11,40 : 7.28"
"11,41 : 6.32"
"11,42 : 21.54"
"11,43 : 28.23"
"11,44 : 16.16"
"11,45 : 18.44"
"11,46 : 37.11"
"11,47 : 34.48"
"11,48 : 14.42"
"11,49 : 24.76"
"11,50 : 19.24"
"11,51 : 13.04"
"11,52 : 10.2"
"11,53 : 36.67"
"11,54 : 18.44"
"11,55 : 28.65"
"11,56 : 34.93"
"11,57 : 53.01"
"11,58 : 33.24"
"11,59 : 37.8"
"11,60 : 29.41"
"11,61 : 35.34"
"11,62 : 7.28"
"11,63 : 31.11"
"11,64 : 23.35"
"11,65 : 20.1"
"11,66 : 37.85"
"11,67 : 35.38"
"11,68 : 20.1"
"11,69 : 39.41"
"11,70 : 12.53"
"11,71 : 8.06"
"11,72 : 31.26"
"11,73 : 32.14"
"11,74 : 6.71"
"11,75 : 32.02"
"11,76 : 30.07"
"11,77 : 5.39"
"11,78 : 32.02"
"11,79 : 26.4"
"11,80 : 38.9"
"11,81 : 25.24"
"11,82 : 36.88"
"11,83 : 27.29"
"11,84 : 13.04"
"11,85 : 44.6"
"11,86 : 39.62"
"11,87 : 9.85"
"11,88 : 10.2"
"11,89 : 26.63"
"11,90 : 36.06"
"11,91 : 2.24"
"11,92 : 41.05"
"11,93 : 10.3"
"11,94 : 14.56"
"11,95 : 10.0"
"11,96 : 43.05"
"11,97 : 20.88"
"11,98 : 8.06"
"11,99 : 9.06"
"12,0 : 18.68"
"12,1 : 20.62"
"12,2 : 15.56"
"12,3 : 19.92"
"12,4 : 31.76"
"12,5 : 12.65"
"12,6 : 19.24"
"12,7 : 25.3"
"12,8 : 12.73"
"12,9 : 33.24"
"12,10 : 26.08"
"12,11 : 12.21"
"12,12 : 0.0"
"12,13 : 21.4"
"12,14 : 10.82"
"12,15 : 45.28"
"12,16 : 21.84"
"12,17 : 19.8"
"12,18 : 36.14"
"12,19 : 22.2"
"12,20 : 26.25"
"12,21 : 22.47"
"12,22 : 43.93"
"12,23 : 11.18"
"12,24 : 16.03"
"12,25 : 13.6"
"12,26 : 24.7"
"12,27 : 17.8"
"12,28 : 9.9"
"12,29 : 7.07"
"12,30 : 10.77"
"12,31 : 38.18"
"12,32 : 19.7"
"12,33 : 25.02"
"12,34 : 5.0"
"12,35 : 10.82"
"12,36 : 26.42"
"12,37 : 31.02"
"12,38 : 31.95"
"12,39 : 26.68"
"12,40 : 8.0"
"12,41 : 6.4"
"12,42 : 27.07"
"12,43 : 24.08"
"12,44 : 22.36"
"12,45 : 17.8"
"12,46 : 30.53"
"12,47 : 37.66"
"12,48 : 5.39"
"12,49 : 12.81"
"12,50 : 29.07"
"12,51 : 22.83"
"12,52 : 18.79"
"12,53 : 29.53"
"12,54 : 8.54"
"12,55 : 32.25"
"12,56 : 24.02"
"12,57 : 50.33"
"12,58 : 39.01"
"12,59 : 36.06"
"12,60 : 17.2"
"12,61 : 31.11"
"12,62 : 9.49"
"12,63 : 31.38"
"12,64 : 11.4"
"12,65 : 13.45"
"12,66 : 27.02"
"12,67 : 34.89"
"12,68 : 13.45"
"12,69 : 41.11"
"12,70 : 24.08"
"12,71 : 9.06"
"12,72 : 21.21"
"12,73 : 39.62"
"12,74 : 7.07"
"12,75 : 33.53"
"12,76 : 38.9"
"12,77 : 16.97"
"12,78 : 22.8"
"12,79 : 22.8"
"12,80 : 38.91"
"12,81 : 28.28"
"12,82 : 26.02"
"12,83 : 20.25"
"12,84 : 1.0"
"12,85 : 38.83"
"12,86 : 38.95"
"12,87 : 17.09"
"12,88 : 5.0"
"12,89 : 25.06"
"12,90 : 30.61"
"12,91 : 12.73"
"12,92 : 31.4"
"12,93 : 15.13"
"12,94 : 21.84"
"12,95 : 21.93"
"12,96 : 33.38"
"12,97 : 27.29"
"12,98 : 19.8"
"12,99 : 11.18"
"13,0 : 33.24"
"13,1 : 39.66"
"13,2 : 6.32"
"13,3 : 7.28"
"13,4 : 41.05"
"13,5 : 28.18"
"13,6 : 10.2"
"13,7 : 44.65"
"13,8 : 8.94"
"13,9 : 14.04"
"13,10 : 17.49"
"13,11 : 10.44"
"13,12 : 21.4"
"13,13 : 0.0"
"13,14 : 31.83"
"13,15 : 48.08"
"13,16 : 35.74"
"13,17 : 27.17"
"13,18 : 18.44"
"13,19 : 37.7"
"13,20 : 5.0"
"13,21 : 35.17"
"13,22 : 44.94"
"13,23 : 15.13"
"13,24 : 12.04"
"13,25 : 21.84"
"13,26 : 36.88"
"13,27 : 38.9"
"13,28 : 22.36"
"13,29 : 26.83"
"13,30 : 28.46"
"13,31 : 41.23"
"13,32 : 32.28"
"13,33 : 16.12"
"13,34 : 25.55"
"13,35 : 32.2"
"13,36 : 6.0"
"13,37 : 47.54"
"13,38 : 27.29"
"13,39 : 45.28"
"13,40 : 17.72"
"13,41 : 15.0"
"13,42 : 14.87"
"13,43 : 29.02"
"13,44 : 10.3"
"13,45 : 28.02"
"13,46 : 39.01"
"13,47 : 28.28"
"13,48 : 24.6"
"13,49 : 34.21"
"13,50 : 9.0"
"13,51 : 3.61"
"13,52 : 5.0"
"13,53 : 39.12"
"13,54 : 25.24"
"13,55 : 22.67"
"13,56 : 41.15"
"13,57 : 50.57"
"13,58 : 25.06"
"13,59 : 35.47"
"13,60 : 38.18"
"13,61 : 35.36"
"13,62 : 12.81"
"13,63 : 27.73"
"13,64 : 32.8"
"13,65 : 24.35"
"13,66 : 43.86"
"13,67 : 32.2"
"13,68 : 24.35"
"13,69 : 34.06"
"13,70 : 3.16"
"13,71 : 18.44"
"13,72 : 36.77"
"13,73 : 22.8"
"13,74 : 17.09"
"13,75 : 27.46"
"13,76 : 20.02"
"13,77 : 5.1"
"13,78 : 36.69"
"13,79 : 27.02"
"13,80 : 34.99"
"13,81 : 20.25"
"13,82 : 42.95"
"13,83 : 30.59"
"13,84 : 22.02"
"13,85 : 45.28"
"13,86 : 36.24"
"13,87 : 7.07"
"13,88 : 17.69"
"13,89 : 25.5"
"13,90 : 37.05"
"13,91 : 8.94"
"13,92 : 45.61"
"13,93 : 19.1"
"13,94 : 8.06"
"13,95 : 3.61"
"13,96 : 47.54"
"13,97 : 13.45"
"13,98 : 3.16"
"13,99 : 19.1"
"14,0 : 14.21"
"14,1 : 11.05"
"14,2 : 26.25"
"14,3 : 29.15"
"14,4 : 28.32"
"14,5 : 10.44"
"14,6 : 27.73"
"14,7 : 15.13"
"14,8 : 23.43"
"14,9 : 42.54"
"14,10 : 32.76"
"14,11 : 23.02"
"14,12 : 10.82"
"14,13 : 31.83"
"14,14 : 0.0"
"14,15 : 44.1"
"14,16 : 16.97"
"14,17 : 20.62"
"14,18 : 44.78"
"14,19 : 15.81"
"14,20 : 36.77"
"14,21 : 18.44"
"14,22 : 43.83"
"14,23 : 21.54"
"14,24 : 24.17"
"14,25 : 17.03"
"14,26 : 20.52"
"14,27 : 7.07"
"14,28 : 13.15"
"14,29 : 10.05"
"14,30 : 13.6"
"14,31 : 37.59"
"14,32 : 16.64"
"14,33 : 32.02"
"14,34 : 9.06"
"14,35 : 4.24"
"14,36 : 36.4"
"14,37 : 22.56"
"14,38 : 36.06"
"14,39 : 17.0"
"14,40 : 18.03"
"14,41 : 17.03"
"14,42 : 34.79"
"14,43 : 25.0"
"14,44 : 30.87"
"14,45 : 23.54"
"14,46 : 27.8"
"14,47 : 43.05"
"14,48 : 11.05"
"14,49 : 4.12"
"14,50 : 38.83"
"14,51 : 32.8"
"14,52 : 28.6"
"14,53 : 26.25"
"14,54 : 9.06"
"14,55 : 38.33"
"14,56 : 15.81"
"14,57 : 50.12"
"14,58 : 46.1"
"14,59 : 37.64"
"14,60 : 6.4"
"14,61 : 30.87"
"14,62 : 19.21"
"14,63 : 35.13"
"14,64 : 3.61"
"14,65 : 15.03"
"14,66 : 18.68"
"14,67 : 37.66"
"14,68 : 15.03"
"14,69 : 45.18"
"14,70 : 34.66"
"14,71 : 18.68"
"14,72 : 15.0"
"14,73 : 47.76"
"14,74 : 17.46"
"14,75 : 38.01"
"14,76 : 47.85"
"14,77 : 27.66"
"14,78 : 17.69"
"14,79 : 24.52"
"14,80 : 41.77"
"14,81 : 34.37"
"14,82 : 17.72"
"14,83 : 18.79"
"14,84 : 10.0"
"14,85 : 36.24"
"14,86 : 41.23"
"14,87 : 26.63"
"14,88 : 14.21"
"14,89 : 28.16"
"14,90 : 29.15"
"14,91 : 23.43"
"14,92 : 24.6"
"14,93 : 24.33"
"14,94 : 30.89"
"14,95 : 32.65"
"14,96 : 26.4"
"14,97 : 35.47"
"14,98 : 30.48"
"14,99 : 20.4"
"15,0 : 30.02"
"15,1 : 38.28"
"15,2 : 48.33"
"15,3 : 40.8"
"15,4 : 16.76"
"15,5 : 34.21"
"15,6 : 37.95"
"15,7 : 40.02"
"15,8 : 47.41"
"15,9 : 45.0"
"15,10 : 31.4"
"15,11 : 49.24"
"15,12 : 45.28"
"15,13 : 48.08"
"15,14 : 44.1"
"15,15 : 0.0"
"15,16 : 27.73"
"15,17 : 25.5"
"15,18 : 42.19"
"15,19 : 30.08"
"15,20 : 51.2"
"15,21 : 25.94"
"15,22 : 4.47"
"15,23 : 52.7"
"15,24 : 37.16"
"15,25 : 32.02"
"15,26 : 24.17"
"15,27 : 46.1"
"15,28 : 35.38"
"15,29 : 50.99"
"15,30 : 55.23"
"15,31 : 7.21"
"15,32 : 27.46"
"15,33 : 32.56"
"15,34 : 48.84"
"15,35 : 48.26"
"15,36 : 46.69"
"15,37 : 32.06"
"15,38 : 22.02"
"15,39 : 37.66"
"15,40 : 51.4"
"15,41 : 45.22"
"15,42 : 35.23"
"15,43 : 21.4"
"15,44 : 38.08"
"15,45 : 63.03"
"15,46 : 16.55"
"15,47 : 26.68"
"15,48 : 50.21"
"15,49 : 48.02"
"15,50 : 46.27"
"15,51 : 45.35"
"15,52 : 43.32"
"15,53 : 18.38"
"15,54 : 37.54"
"15,55 : 29.02"
"15,56 : 33.24"
"15,57 : 7.0"
"15,58 : 34.93"
"15,59 : 13.04"
"15,60 : 45.19"
"15,61 : 14.21"
"15,62 : 42.19"
"15,63 : 21.1"
"15,64 : 47.71"
"15,65 : 31.83"
"15,66 : 32.56"
"15,67 : 17.0"
"15,68 : 31.83"
"15,69 : 21.54"
"15,70 : 50.7"
"15,71 : 52.8"
"15,72 : 30.46"
"15,73 : 40.79"
"15,74 : 50.0"
"15,75 : 23.02"
"15,76 : 45.4"
"15,77 : 48.85"
"15,78 : 27.31"
"15,79 : 23.02"
"15,80 : 16.49"
"15,81 : 29.15"
"15,82 : 32.76"
"15,83 : 25.61"
"15,84 : 44.55"
"15,85 : 9.06"
"15,86 : 14.32"
"15,87 : 41.79"
"15,88 : 42.01"
"15,89 : 22.85"
"15,90 : 15.0"
"15,91 : 47.41"
"15,92 : 26.08"
"15,93 : 58.25"
"15,94 : 40.26"
"15,95 : 51.55"
"15,96 : 26.0"
"15,97 : 37.22"
"15,98 : 49.98"
"15,99 : 55.0"
"16,0 : 3.16"
"16,1 : 11.05"
"16,2 : 32.39"
"16,3 : 29.97"
"16,4 : 11.4"
"16,5 : 9.22"
"16,6 : 27.29"
"16,7 : 14.32"
"16,8 : 30.15"
"16,9 : 41.4"
"16,10 : 27.59"
"16,11 : 31.02"
"16,12 : 21.84"
"16,13 : 35.74"
"16,14 : 16.97"
"16,15 : 27.73"
"16,16 : 0.0"
"16,17 : 10.63"
"16,18 : 41.73"
"16,19 : 3.16"
"16,20 : 40.5"
"16,21 : 2.0"
"16,22 : 28.16"
"16,23 : 32.25"
"16,24 : 24.17"
"16,25 : 13.93"
"16,26 : 3.61"
"16,27 : 18.38"
"16,28 : 14.04"
"16,29 : 25.55"
"16,30 : 29.68"
"16,31 : 21.84"
"16,32 : 3.61"
"16,33 : 27.59"
"16,34 : 23.71"
"16,35 : 21.21"
"16,36 : 38.01"
"16,37 : 12.21"
"16,38 : 26.0"
"16,39 : 13.0"
"16,40 : 29.61"
"16,41 : 25.02"
"16,42 : 31.14"
"16,43 : 13.0"
"16,44 : 29.68"
"16,45 : 38.91"
"16,46 : 11.18"
"16,47 : 34.01"
"16,48 : 25.5"
"16,49 : 20.62"
"16,50 : 39.45"
"16,51 : 34.93"
"16,52 : 31.02"
"16,53 : 9.43"
"16,54 : 13.34"
"16,55 : 31.06"
"16,56 : 7.62"
"16,57 : 34.18"
"16,58 : 39.66"
"16,59 : 24.02"
"16,60 : 17.46"
"16,61 : 16.03"
"16,62 : 24.19"
"16,63 : 24.7"
"16,64 : 20.52"
"16,65 : 11.4"
"16,66 : 9.22"
"16,67 : 25.5"
"16,68 : 11.4"
"16,69 : 33.96"
"16,70 : 38.9"
"16,71 : 30.81"
"16,72 : 3.0"
"16,73 : 43.28"
"16,74 : 28.44"
"16,75 : 28.23"
"16,76 : 45.28"
"16,77 : 33.54"
"16,78 : 1.0"
"16,79 : 13.89"
"16,80 : 29.27"
"16,81 : 27.8"
"16,82 : 8.6"
"16,83 : 6.4"
"16,84 : 20.88"
"16,85 : 19.42"
"16,86 : 28.07"
"16,87 : 28.79"
"16,88 : 21.02"
"16,89 : 18.36"
"16,90 : 13.34"
"16,91 : 30.15"
"16,92 : 10.05"
"16,93 : 36.88"
"16,94 : 30.89"
"16,95 : 38.08"
"16,96 : 12.04"
"16,97 : 32.65"
"16,98 : 35.9"
"16,99 : 32.98"
"17,0 : 9.85"
"17,1 : 19.92"
"17,2 : 25.18"
"17,3 : 20.62"
"17,4 : 14.04"
"17,5 : 10.2"
"17,6 : 17.72"
"17,7 : 24.17"
"17,8 : 23.54"
"17,9 : 31.06"
"17,10 : 16.97"
"17,11 : 25.0"
"17,12 : 19.8"
"17,13 : 27.17"
"17,14 : 20.62"
"17,15 : 25.5"
"17,16 : 10.63"
"17,17 : 0.0"
"17,18 : 31.14"
"17,19 : 13.6"
"17,20 : 31.58"
"17,21 : 9.22"
"17,22 : 24.21"
"17,23 : 27.73"
"17,24 : 15.13"
"17,25 : 6.71"
"17,26 : 10.3"
"17,27 : 25.0"
"17,28 : 9.9"
"17,29 : 25.81"
"17,30 : 30.0"
"17,31 : 18.38"
"17,32 : 7.21"
"17,33 : 17.03"
"17,34 : 23.6"
"17,35 : 24.35"
"17,36 : 28.46"
"17,37 : 22.67"
"17,38 : 16.28"
"17,39 : 23.32"
"17,40 : 26.08"
"17,41 : 20.12"
"17,42 : 20.62"
"17,43 : 4.47"
"17,44 : 19.7"
"17,45 : 37.54"
"17,46 : 12.17"
"17,47 : 24.04"
"17,48 : 24.84"
"17,49 : 24.74"
"17,50 : 29.55"
"17,51 : 25.71"
"17,52 : 22.2"
"17,53 : 12.0"
"17,54 : 12.53"
"17,55 : 20.59"
"17,56 : 18.03"
"17,57 : 30.61"
"17,58 : 29.15"
"17,59 : 17.09"
"17,60 : 24.0"
"17,61 : 11.31"
"17,62 : 17.72"
"17,63 : 15.13"
"17,64 : 24.04"
"17,65 : 6.4"
"17,66 : 19.85"
"17,67 : 17.12"
"17,68 : 6.4"
"17,69 : 25.02"
"17,70 : 30.27"
"17,71 : 27.46"
"17,72 : 13.04"
"17,73 : 32.65"
"17,74 : 24.7"
"17,75 : 18.44"
"17,76 : 34.71"
"17,77 : 26.08"
"17,78 : 11.31"
"17,79 : 4.0"
"17,80 : 21.21"
"17,81 : 17.2"
"17,82 : 19.21"
"17,83 : 4.24"
"17,84 : 19.1"
"17,85 : 19.7"
"17,86 : 20.62"
"17,87 : 20.1"
"17,88 : 16.64"
"17,89 : 8.25"
"17,90 : 11.18"
"17,91 : 23.54"
"17,92 : 19.24"
"17,93 : 33.12"
"17,94 : 21.19"
"17,95 : 30.02"
"17,96 : 21.02"
"17,97 : 22.2"
"17,98 : 28.0"
"17,99 : 29.68"
"18,0 : 40.36"
"18,1 : 49.41"
"18,2 : 24.08"
"18,3 : 16.28"
"18,4 : 42.06"
"18,5 : 37.44"
"18,6 : 17.09"
"18,7 : 54.2"
"18,8 : 26.0"
"18,9 : 5.0"
"18,10 : 14.21"
"18,11 : 28.02"
"18,12 : 36.14"
"18,13 : 18.44"
"18,14 : 44.78"
"18,15 : 42.19"
"18,16 : 41.73"
"18,17 : 31.14"
"18,18 : 0.0"
"18,19 : 44.55"
"18,20 : 17.0"
"18,21 : 40.36"
"18,22 : 38.05"
"18,23 : 33.06"
"18,24 : 20.62"
"18,25 : 29.41"
"18,26 : 41.23"
"18,27 : 51.43"
"18,28 : 32.25"
"18,29 : 42.76"
"18,30 : 45.28"
"18,31 : 36.88"
"18,32 : 38.18"
"18,33 : 14.14"
"18,34 : 41.0"
"18,35 : 46.49"
"18,36 : 12.65"
"18,37 : 53.81"
"18,38 : 20.62"
"18,39 : 53.91"
"18,40 : 35.01"
"18,41 : 30.41"
"18,42 : 10.63"
"18,43 : 30.23"
"18,44 : 13.93"
"18,45 : 46.27"
"18,46 : 39.82"
"18,47 : 16.12"
"18,48 : 40.61"
"18,49 : 48.1"
"18,50 : 9.85"
"18,51 : 15.13"
"18,52 : 18.03"
"18,53 : 40.82"
"18,54 : 36.24"
"18,55 : 13.34"
"18,56 : 48.84"
"18,57 : 42.11"
"18,58 : 8.94"
"18,59 : 29.43"
"18,60 : 50.54"
"18,61 : 33.62"
"18,62 : 26.68"
"18,63 : 21.84"
"18,64 : 46.82"
"18,65 : 32.2"
"18,66 : 50.91"
"18,67 : 25.32"
"18,68 : 32.2"
"18,69 : 22.36"
"18,70 : 18.38"
"18,71 : 36.0"
"18,72 : 43.86"
"18,73 : 4.47"
"18,74 : 34.06"
"18,75 : 19.24"
"18,76 : 3.61"
"18,77 : 23.19"
"18,78 : 42.45"
"18,79 : 28.6"
"18,80 : 26.0"
"18,81 : 14.76"
"18,82 : 50.21"
"18,83 : 35.38"
"18,84 : 36.4"
"18,85 : 43.01"
"18,86 : 28.02"
"18,87 : 19.24"
"18,88 : 31.32"
"18,89 : 24.7"
"18,90 : 36.67"
"18,91 : 26.0"
"18,92 : 50.0"
"18,93 : 37.48"
"18,94 : 14.32"
"18,95 : 21.19"
"18,96 : 51.61"
"18,97 : 9.43"
"18,98 : 21.59"
"18,99 : 37.05"
"19,0 : 4.47"
"19,1 : 8.25"
"19,2 : 33.96"
"19,3 : 32.25"
"19,4 : 13.42"
"19,5 : 10.05"
"19,6 : 29.68"
"19,7 : 11.18"
"19,8 : 31.58"
"19,9 : 44.05"
"19,10 : 30.48"
"19,11 : 32.25"
"19,12 : 22.2"
"19,13 : 37.7"
"19,14 : 15.81"
"19,15 : 30.08"
"19,16 : 3.16"
"19,17 : 13.6"
"19,18 : 44.55"
"19,19 : 0.0"
"19,20 : 42.54"
"19,21 : 5.1"
"19,22 : 30.81"
"19,23 : 33.02"
"19,24 : 26.42"
"19,25 : 16.12"
"19,26 : 6.08"
"19,27 : 16.12"
"19,28 : 15.52"
"19,29 : 25.08"
"19,30 : 29.07"
"19,31 : 24.52"
"19,32 : 6.4"
"19,33 : 30.41"
"19,34 : 23.41"
"19,35 : 20.0"
"19,36 : 40.31"
"19,37 : 9.85"
"19,38 : 29.15"
"19,39 : 9.85"
"19,40 : 30.15"
"19,41 : 26.08"
"19,42 : 33.94"
"19,43 : 16.16"
"19,44 : 32.2"
"19,45 : 38.63"
"19,46 : 13.6"
"19,47 : 37.16"
"19,48 : 25.3"
"19,49 : 19.1"
"19,50 : 41.88"
"19,51 : 37.12"
"19,52 : 33.11"
"19,53 : 11.7"
"19,54 : 14.0"
"19,55 : 34.13"
"19,56 : 4.47"
"19,57 : 36.69"
"19,58 : 42.72"
"19,59 : 27.07"
"19,60 : 15.26"
"19,61 : 19.0"
"19,62 : 25.71"
"19,63 : 27.86"
"19,64 : 19.21"
"19,65 : 13.42"
"19,66 : 6.4"
"19,67 : 28.64"
"19,68 : 13.42"
"19,69 : 37.11"
"19,70 : 40.85"
"19,71 : 31.26"
"19,72 : 1.0"
"19,73 : 46.23"
"19,74 : 29.07"
"19,75 : 31.38"
"19,76 : 48.08"
"19,77 : 35.17"
"19,78 : 3.0"
"19,79 : 17.0"
"19,80 : 32.39"
"19,81 : 30.81"
"19,82 : 5.66"
"19,83 : 9.43"
"19,84 : 21.21"
"19,85 : 21.47"
"19,86 : 31.14"
"19,87 : 30.87"
"19,88 : 22.09"
"19,89 : 21.47"
"19,90 : 16.12"
"19,91 : 31.58"
"19,92 : 9.22"
"19,93 : 37.34"
"19,94 : 33.29"
"19,95 : 39.85"
"19,96 : 11.18"
"19,97 : 35.38"
"19,98 : 37.64"
"19,99 : 33.38"
"20,0 : 38.08"
"20,1 : 44.65"
"20,2 : 10.82"
"20,3 : 11.05"
"20,4 : 45.28"
"20,5 : 33.12"
"20,6 : 14.04"
"20,7 : 49.65"
"20,8 : 13.6"
"20,9 : 12.08"
"20,10 : 19.92"
"20,11 : 14.76"
"20,12 : 26.25"
"20,13 : 5.0"
"20,14 : 36.77"
"20,15 : 51.2"
"20,16 : 40.5"
"20,17 : 31.58"
"20,18 : 17.0"
"20,19 : 42.54"
"20,20 : 0.0"
"20,21 : 39.85"
"20,22 : 47.8"
"20,23 : 18.97"
"20,24 : 16.49"
"20,25 : 26.57"
"20,26 : 41.48"
"20,27 : 43.84"
"20,28 : 27.29"
"20,29 : 31.38"
"20,30 : 32.7"
"20,31 : 44.55"
"20,32 : 37.0"
"20,33 : 18.68"
"20,34 : 30.23"
"20,35 : 37.01"
"20,36 : 5.0"
"20,37 : 52.39"
"20,38 : 29.73"
"20,39 : 50.25"
"20,40 : 21.93"
"20,41 : 19.85"
"20,42 : 16.55"
"20,43 : 33.06"
"20,44 : 13.15"
"20,45 : 31.14"
"20,46 : 43.19"
"20,47 : 29.41"
"20,48 : 29.15"
"20,49 : 39.05"
"20,50 : 7.21"
"20,51 : 6.0"
"20,52 : 9.49"
"20,53 : 43.42"
"20,54 : 30.23"
"20,55 : 24.19"
"20,56 : 46.07"
"20,57 : 53.14"
"20,58 : 24.84"
"20,59 : 38.33"
"20,60 : 43.14"
"20,61 : 39.05"
"20,62 : 17.8"
"20,63 : 30.36"
"20,64 : 37.64"
"20,65 : 29.15"
"20,66 : 48.75"
"20,67 : 34.79"
"20,68 : 29.15"
"20,69 : 35.51"
"20,70 : 2.24"
"20,71 : 22.47"
"20,72 : 41.63"
"20,73 : 21.47"
"20,74 : 21.47"
"20,75 : 29.55"
"20,76 : 17.72"
"20,77 : 9.43"
"20,78 : 41.44"
"20,79 : 31.06"
"20,80 : 37.16"
"20,81 : 22.47"
"20,82 : 47.85"
"20,83 : 35.17"
"20,84 : 26.91"
"20,85 : 49.04"
"20,86 : 38.63"
"20,87 : 11.7"
"20,88 : 22.67"
"20,89 : 29.07"
"20,90 : 41.01"
"20,91 : 13.6"
"20,92 : 50.29"
"20,93 : 22.09"
"20,94 : 11.05"
"20,95 : 5.1"
"20,96 : 52.2"
"20,97 : 14.76"
"20,98 : 6.71"
"20,99 : 22.8"
"21,0 : 4.24"
"21,1 : 13.04"
"21,2 : 32.14"
"21,3 : 29.15"
"21,4 : 9.9"
"21,5 : 9.85"
"21,6 : 26.4"
"21,7 : 16.28"
"21,8 : 30.02"
"21,9 : 40.22"
"21,10 : 26.17"
"21,11 : 31.02"
"21,12 : 22.47"
"21,13 : 35.17"
"21,14 : 18.44"
"21,15 : 25.94"
"21,16 : 2.0"
"21,17 : 9.22"
"21,18 : 40.36"
"21,19 : 5.1"
"21,20 : 39.85"
"21,21 : 0.0"
"21,22 : 26.25"
"21,23 : 32.56"
"21,24 : 23.41"
"21,25 : 13.34"
"21,26 : 2.24"
"21,27 : 20.25"
"21,28 : 14.04"
"21,29 : 26.63"
"21,30 : 30.81"
"21,31 : 19.92"
"21,32 : 3.0"
"21,33 : 26.25"
"21,34 : 24.7"
"21,35 : 22.67"
"21,36 : 37.16"
"21,37 : 13.45"
"21,38 : 24.17"
"21,39 : 14.87"
"21,40 : 30.08"
"21,41 : 25.18"
"21,42 : 29.83"
"21,43 : 11.18"
"21,44 : 28.65"
"21,45 : 39.82"
"21,46 : 9.43"
"21,47 : 32.2"
"21,48 : 26.42"
"21,49 : 22.2"
"21,50 : 38.47"
"21,51 : 34.18"
"21,52 : 30.36"
"21,53 : 7.81"
"21,54 : 13.93"
"21,55 : 29.41"
"21,56 : 9.49"
"21,57 : 32.31"
"21,58 : 38.01"
"21,59 : 22.02"
"21,60 : 19.31"
"21,61 : 14.04"
"21,62 : 24.02"
"21,63 : 22.85"
"21,64 : 22.02"
"21,65 : 11.05"
"21,66 : 10.82"
"21,67 : 23.54"
"21,68 : 11.05"
"21,69 : 32.02"
"21,70 : 38.33"
"21,71 : 31.32"
"21,72 : 5.0"
"21,73 : 41.77"
"21,74 : 28.86"
"21,75 : 26.4"
"21,76 : 43.93"
"21,77 : 33.24"
"21,78 : 2.24"
"21,79 : 12.21"
"21,80 : 27.29"
"21,81 : 26.25"
"21,82 : 10.3"
"21,83 : 5.0"
"21,84 : 21.54"
"21,85 : 17.8"
"21,86 : 26.08"
"21,87 : 28.16"
"21,88 : 21.21"
"21,89 : 16.64"
"21,90 : 11.4"
"21,91 : 30.02"
"21,92 : 10.44"
"21,93 : 37.36"
"21,94 : 29.97"
"21,95 : 37.66"
"21,96 : 12.37"
"21,97 : 31.4"
"21,98 : 35.51"
"21,99 : 33.53"
"22,0 : 30.08"
"22,1 : 39.05"
"22,2 : 45.65"
"22,3 : 37.7"
"22,4 : 18.03"
"22,5 : 33.62"
"22,6 : 34.93"
"22,7 : 41.3"
"22,8 : 44.94"
"22,9 : 41.05"
"22,10 : 27.89"
"22,11 : 46.87"
"22,12 : 43.93"
"22,13 : 44.94"
"22,14 : 43.83"
"22,15 : 4.47"
"22,16 : 28.16"
"22,17 : 24.21"
"22,18 : 38.05"
"22,19 : 30.81"
"22,20 : 47.8"
"22,21 : 26.25"
"22,22 : 0.0"
"22,23 : 50.61"
"22,24 : 34.48"
"22,25 : 30.41"
"22,26 : 24.74"
"22,27 : 46.49"
"22,28 : 34.06"
"22,29 : 50.0"
"22,30 : 54.2"
"22,31 : 6.32"
"22,32 : 27.31"
"22,33 : 29.12"
"22,34 : 47.8"
"22,35 : 47.89"
"22,36 : 43.17"
"22,37 : 34.06"
"22,38 : 18.25"
"22,39 : 39.12"
"22,40 : 49.58"
"22,41 : 43.28"
"22,42 : 31.58"
"22,43 : 19.85"
"22,44 : 34.79"
"22,45 : 61.52"
"22,46 : 17.26"
"22,47 : 22.36"
"22,48 : 49.04"
"22,49 : 47.85"
"22,50 : 42.58"
"22,51 : 42.06"
"22,52 : 40.31"
"22,53 : 19.24"
"22,54 : 36.62"
"22,55 : 25.02"
"22,56 : 34.37"
"22,57 : 6.4"
"22,58 : 30.59"
"22,59 : 9.49"
"22,60 : 45.54"
"22,61 : 13.04"
"22,62 : 40.0"
"22,63 : 17.46"
"22,64 : 47.41"
"22,65 : 30.61"
"22,66 : 34.06"
"22,67 : 13.15"
"22,68 : 30.61"
"22,69 : 17.09"
"22,70 : 47.43"
"22,71 : 50.99"
"22,72 : 31.05"
"22,73 : 36.5"
"22,74 : 48.17"
"22,75 : 19.03"
"22,76 : 41.19"
"22,77 : 46.07"
"22,78 : 27.89"
"22,79 : 21.21"
"22,80 : 12.17"
"22,81 : 25.5"
"22,82 : 34.13"
"22,83 : 25.06"
"22,84 : 43.28"
"22,85 : 11.4"
"22,86 : 10.05"
"22,87 : 38.91"
"22,88 : 40.31"
"22,89 : 20.25"
"22,90 : 14.87"
"22,91 : 44.94"
"22,92 : 28.07"
"22,93 : 56.22"
"22,94 : 37.0"
"22,95 : 48.47"
"22,96 : 28.28"
"22,97 : 33.54"
"22,98 : 47.01"
"22,99 : 53.15"
"23,0 : 29.15"
"23,1 : 31.78"
"23,2 : 9.0"
"23,3 : 17.72"
"23,4 : 41.11"
"23,5 : 23.09"
"23,6 : 18.79"
"23,7 : 36.4"
"23,8 : 7.28"
"23,9 : 29.02"
"23,10 : 27.29"
"23,11 : 5.1"
"23,12 : 11.18"
"23,13 : 15.13"
"23,14 : 21.54"
"23,15 : 52.7"
"23,16 : 32.25"
"23,17 : 27.73"
"23,18 : 33.06"
"23,19 : 33.02"
"23,20 : 18.97"
"23,21 : 32.56"
"23,22 : 50.61"
"23,23 : 0.0"
"23,24 : 17.2"
"23,25 : 21.02"
"23,26 : 34.71"
"23,27 : 28.18"
"23,28 : 18.68"
"23,29 : 13.45"
"23,30 : 13.89"
"23,31 : 45.49"
"23,32 : 29.61"
"23,33 : 25.94"
"23,34 : 13.04"
"23,35 : 20.25"
"23,36 : 21.1"
"23,37 : 42.11"
"23,38 : 35.61"
"23,39 : 37.85"
"23,40 : 3.61"
"23,41 : 7.62"
"23,42 : 26.57"
"23,43 : 31.38"
"23,44 : 21.19"
"23,45 : 13.34"
"23,46 : 39.56"
"23,47 : 39.36"
"23,48 : 11.4"
"23,49 : 22.47"
"23,50 : 24.08"
"23,51 : 18.0"
"23,52 : 15.3"
"23,53 : 38.9"
"23,54 : 19.03"
"23,55 : 33.54"
"23,56 : 35.13"
"23,57 : 56.85"
"23,58 : 38.33"
"23,59 : 41.77"
"23,60 : 27.73"
"23,61 : 38.59"
"23,62 : 10.63"
"23,63 : 35.47"
"23,64 : 21.1"
"23,65 : 22.14"
"23,66 : 38.12"
"23,67 : 39.62"
"23,68 : 22.14"
"23,69 : 44.1"
"23,70 : 16.76"
"23,71 : 3.61"
"23,72 : 32.02"
"23,73 : 37.22"
"23,74 : 4.12"
"23,75 : 36.62"
"23,76 : 35.01"
"23,77 : 10.05"
"23,78 : 33.24"
"23,79 : 29.68"
"23,80 : 43.28"
"23,81 : 30.02"
"23,82 : 37.12"
"23,83 : 29.41"
"23,84 : 12.17"
"23,85 : 47.42"
"23,86 : 43.86"
"23,87 : 14.87"
"23,88 : 11.4"
"23,89 : 30.48"
"23,90 : 38.91"
"23,91 : 7.28"
"23,92 : 42.11"
"23,93 : 5.66"
"23,94 : 19.65"
"23,95 : 13.93"
"23,96 : 44.1"
"23,97 : 25.96"
"23,98 : 12.37"
"23,99 : 4.0"
"24,0 : 21.95"
"24,1 : 29.7"
"24,2 : 11.18"
"24,3 : 5.83"
"24,4 : 29.02"
"24,5 : 17.69"
"24,6 : 3.61"
"24,7 : 34.66"
"24,8 : 10.63"
"24,9 : 18.6"
"24,10 : 10.44"
"24,11 : 12.73"
"24,12 : 16.03"
"24,13 : 12.04"
"24,14 : 24.17"
"24,15 : 37.16"
"24,16 : 24.17"
"24,17 : 15.13"
"24,18 : 20.62"
"24,19 : 26.42"
"24,20 : 16.49"
"24,21 : 23.41"
"24,22 : 34.48"
"24,23 : 17.2"
"24,24 : 0.0"
"24,25 : 10.3"
"24,26 : 25.0"
"24,27 : 30.89"
"24,28 : 12.04"
"24,29 : 23.0"
"24,30 : 26.17"
"24,31 : 30.08"
"24,32 : 20.62"
"24,33 : 9.22"
"24,34 : 21.02"
"24,35 : 25.96"
"24,36 : 13.89"
"24,37 : 36.24"
"24,38 : 18.44"
"24,39 : 34.83"
"24,40 : 17.46"
"24,41 : 11.4"
"24,42 : 11.05"
"24,43 : 17.12"
"24,44 : 6.71"
"24,45 : 29.97"
"24,46 : 27.0"
"24,47 : 22.47"
"24,48 : 21.02"
"24,49 : 27.51"
"24,50 : 15.62"
"24,51 : 10.77"
"24,52 : 7.07"
"24,53 : 27.07"
"24,54 : 15.81"
"24,55 : 16.76"
"24,56 : 30.23"
"24,57 : 40.5"
"24,58 : 23.0"
"24,59 : 25.24"
"24,60 : 30.02"
"24,61 : 23.77"
"24,62 : 7.28"
"24,63 : 18.38"
"24,64 : 26.25"
"24,65 : 13.04"
"24,66 : 32.76"
"24,67 : 22.67"
"24,68 : 13.04"
"24,69 : 26.93"
"24,70 : 15.13"
"24,71 : 18.79"
"24,72 : 25.55"
"24,73 : 23.77"
"24,74 : 16.16"
"24,75 : 19.42"
"24,76 : 23.71"
"24,77 : 11.7"
"24,78 : 25.08"
"24,79 : 15.13"
"24,80 : 26.17"
"24,81 : 13.0"
"24,82 : 31.91"
"24,83 : 18.68"
"24,84 : 16.12"
"24,85 : 33.54"
"24,86 : 26.91"
"24,87 : 5.0"
"24,88 : 11.05"
"24,89 : 14.32"
"24,90 : 25.18"
"24,91 : 10.63"
"24,92 : 33.84"
"24,93 : 22.8"
"24,94 : 7.07"
"24,95 : 15.03"
"24,96 : 35.74"
"24,97 : 11.4"
"24,98 : 13.15"
"24,99 : 20.59"
"25,0 : 11.66"
"25,1 : 20.0"
"25,2 : 19.0"
"25,3 : 16.12"
"25,4 : 20.4"
"25,5 : 8.06"
"25,6 : 13.6"
"25,7 : 24.84"
"25,8 : 17.12"
"25,9 : 28.28"
"25,10 : 16.16"
"25,11 : 18.44"
"25,12 : 13.6"
"25,13 : 21.84"
"25,14 : 17.03"
"25,15 : 32.02"
"25,16 : 13.93"
"25,17 : 6.71"
"25,18 : 29.41"
"25,19 : 16.12"
"25,20 : 26.57"
"25,21 : 13.34"
"25,22 : 30.41"
"25,23 : 21.02"
"25,24 : 10.3"
"25,25 : 0.0"
"25,26 : 15.13"
"25,27 : 22.8"
"25,28 : 4.12"
"25,29 : 20.12"
"25,30 : 24.19"
"25,31 : 24.84"
"25,32 : 10.44"
"25,33 : 15.65"
"25,34 : 17.89"
"25,35 : 20.1"
"25,36 : 24.19"
"25,37 : 25.94"
"25,38 : 19.24"
"25,39 : 24.76"
"25,40 : 19.42"
"25,41 : 13.42"
"25,42 : 18.87"
"25,43 : 10.63"
"25,44 : 16.28"
"25,45 : 31.11"
"25,46 : 18.68"
"25,47 : 26.02"
"25,48 : 18.87"
"25,49 : 21.0"
"25,50 : 25.81"
"25,51 : 21.02"
"25,52 : 17.09"
"25,53 : 18.25"
"25,54 : 8.0"
"25,55 : 21.38"
"25,56 : 20.0"
"25,57 : 36.8"
"25,58 : 29.41"
"25,59 : 22.47"
"25,60 : 21.84"
"25,61 : 17.8"
"25,62 : 11.18"
"25,63 : 18.44"
"25,64 : 20.02"
"25,65 : 2.83"
"25,66 : 22.47"
"25,67 : 21.54"
"25,68 : 2.83"
"25,69 : 28.44"
"25,70 : 25.0"
"25,71 : 20.81"
"25,72 : 15.26"
"25,73 : 31.76"
"25,74 : 18.03"
"25,75 : 21.1"
"25,76 : 32.8"
"25,77 : 20.02"
"25,78 : 14.87"
"25,79 : 9.22"
"25,80 : 25.63"
"25,81 : 17.46"
"25,82 : 21.63"
"25,83 : 9.0"
"25,84 : 13.04"
"25,85 : 26.4"
"25,86 : 25.5"
"25,87 : 14.87"
"25,88 : 10.0"
"25,89 : 11.7"
"25,90 : 17.89"
