x,y
28,33
9,13
12,12
50,19
31,44
7,6
29,13
0,14
0,19
36,40
45,40
1,7
40,19
49,47
30,31
17,33
21,11
3,10
26,1
32,40
34,36
7,16
37,28
11,8
3,48
20,1
48,10
2,22
42,10
8,21
49,33
20,4
45,46
46,38
2,25
39,19
34,32
21,1
47,30
10,18
27,25
31,12
20,24
28,30
18,45
8,28
35,18
25,42
37,35
43,37

Distanze
"0,0 : 0.0"
"0,1 : 27.59"
"0,2 : 26.4"
"0,3 : 26.08"
"0,4 : 11.4"
"0,5 : 34.21"
"0,6 : 20.02"
"0,7 : 33.84"
"0,8 : 31.3"
"0,9 : 10.63"
"0,10 : 18.38"
"0,11 : 37.48"
"0,12 : 18.44"
"0,13 : 25.24"
"0,14 : 2.83"
"0,15 : 11.0"
"0,16 : 23.09"
"0,17 : 33.97"
"0,18 : 32.06"
"0,19 : 8.06"
"0,20 : 6.71"
"0,21 : 27.02"
"0,22 : 10.3"
"0,23 : 30.23"
"0,24 : 29.15"
"0,25 : 32.98"
"0,26 : 30.48"
"0,27 : 28.23"
"0,28 : 26.93"
"0,29 : 23.32"
"0,30 : 21.0"
"0,31 : 30.08"
"0,32 : 21.4"
"0,33 : 18.68"
"0,34 : 27.2"
"0,35 : 17.8"
"0,36 : 6.08"
"0,37 : 32.76"
"0,38 : 19.24"
"0,39 : 23.43"
"0,40 : 8.06"
"0,41 : 21.21"
"0,42 : 12.04"
"0,43 : 3.0"
"0,44 : 15.62"
"0,45 : 20.62"
"0,46 : 16.55"
"0,47 : 9.49"
"0,48 : 9.22"
"0,49 : 15.52"
"1,0 : 27.59"
"1,1 : 0.0"
"1,2 : 3.16"
"1,3 : 41.44"
"1,4 : 38.01"
"1,5 : 7.28"
"1,6 : 20.0"
"1,7 : 9.06"
"1,8 : 10.82"
"1,9 : 38.18"
"1,10 : 45.0"
"1,11 : 10.0"
"1,12 : 31.58"
"1,13 : 52.5"
"1,14 : 27.66"
"1,15 : 21.54"
"1,16 : 12.17"
"1,17 : 6.71"
"1,18 : 20.81"
"1,19 : 35.47"
"1,20 : 33.97"
"1,21 : 3.61"
"1,22 : 31.76"
"1,23 : 5.39"
"1,24 : 35.51"
"1,25 : 16.28"
"1,26 : 39.12"
"1,27 : 11.4"
"1,28 : 33.14"
"1,29 : 8.06"
"1,30 : 44.72"
"1,31 : 14.21"
"1,32 : 48.84"
"1,33 : 44.65"
"1,34 : 13.89"
"1,35 : 30.59"
"1,36 : 31.4"
"1,37 : 16.97"
"1,38 : 41.63"
"1,39 : 5.1"
"1,40 : 21.63"
"1,41 : 22.02"
"1,42 : 15.56"
"1,43 : 25.5"
"1,44 : 33.24"
"1,45 : 15.03"
"1,46 : 26.48"
"1,47 : 33.12"
"1,48 : 35.61"
"1,49 : 41.62"
"2,0 : 26.4"
"2,1 : 3.16"
"2,2 : 0.0"
"2,3 : 38.64"
"2,4 : 37.22"
"2,5 : 7.81"
"2,6 : 17.03"
"2,7 : 12.17"
"2,8 : 13.89"
"2,9 : 36.88"
"2,10 : 43.28"
"2,11 : 12.08"
"2,12 : 28.86"
"2,13 : 50.93"
"2,14 : 26.17"
"2,15 : 21.59"
"2,16 : 9.06"
"2,17 : 9.22"
"2,18 : 17.8"
"2,19 : 34.41"
"2,20 : 32.56"
"2,21 : 6.4"
"2,22 : 29.68"
"2,23 : 4.12"
"2,24 : 37.11"
"2,25 : 13.6"
"2,26 : 36.06"
"2,27 : 14.14"
"2,28 : 30.07"
"2,29 : 9.85"
"2,30 : 42.54"
"2,31 : 11.31"
"2,32 : 47.38"
"2,33 : 42.8"
"2,34 : 16.4"
"2,35 : 27.89"
"2,36 : 29.73"
"2,37 : 14.21"
"2,38 : 39.36"
"2,39 : 6.32"
"2,40 : 19.85"
"2,41 : 19.0"
"2,42 : 14.42"
"2,43 : 24.08"
"2,44 : 33.54"
"2,45 : 16.49"
"2,46 : 23.77"
"2,47 : 32.7"
"2,48 : 33.97"
"2,49 : 39.82"
"3,0 : 26.08"
"3,1 : 41.44"
"3,2 : 38.64"
"3,3 : 0.0"
"3,4 : 31.4"
"3,5 : 44.92"
"3,6 : 21.84"
"3,7 : 50.25"
"3,8 : 50.0"
"3,9 : 25.24"
"3,10 : 21.59"
"3,11 : 50.45"
"3,12 : 10.0"
"3,13 : 28.02"
"3,14 : 23.32"
"3,15 : 35.85"
"3,16 : 30.08"
"3,17 : 47.85"
"3,18 : 30.0"
"3,19 : 27.66"
"3,20 : 23.35"
"3,21 : 43.1"
"3,22 : 15.81"
"3,23 : 40.52"
"3,24 : 55.23"
"3,25 : 34.99"
"3,26 : 9.22"
"3,27 : 48.09"
"3,28 : 12.04"
"3,29 : 42.05"
"3,30 : 14.04"
"3,31 : 33.54"
"3,32 : 27.46"
"3,33 : 19.42"
"3,34 : 48.37"
"3,35 : 11.0"
"3,36 : 20.62"
"3,37 : 34.13"
"3,38 : 11.4"
"3,39 : 40.01"
"3,40 : 23.77"
"3,41 : 20.25"
"3,42 : 30.41"
"3,43 : 24.6"
"3,44 : 41.23"
"3,45 : 42.95"
"3,46 : 15.03"
"3,47 : 33.97"
"3,48 : 20.62"
"3,49 : 19.31"
"4,0 : 11.4"
"4,1 : 38.01"
"4,2 : 37.22"
"4,3 : 31.4"
"4,4 : 0.0"
"4,5 : 44.94"
"4,6 : 31.06"
"4,7 : 43.14"
"4,8 : 39.82"
"4,9 : 6.4"
"4,10 : 14.56"
"4,11 : 47.63"
"4,12 : 26.57"
"4,13 : 18.25"
"4,14 : 13.04"
"4,15 : 17.8"
"4,16 : 34.48"
"4,17 : 44.05"
"4,18 : 43.29"
"4,19 : 4.12"
"4,20 : 8.54"
"4,21 : 36.88"
"4,22 : 17.09"
"4,23 : 41.18"
"4,24 : 28.28"
"4,25 : 44.38"
"4,26 : 38.01"
"4,27 : 36.4"
"4,28 : 35.74"
"4,29 : 32.53"
"4,30 : 21.1"
"4,31 : 41.48"
"4,32 : 14.14"
"4,33 : 16.16"
"4,34 : 34.67"
"4,35 : 26.25"
"4,36 : 12.37"
"4,37 : 44.15"
"4,38 : 21.26"
"4,39 : 33.42"
"4,40 : 19.42"
"4,41 : 32.0"
"4,42 : 22.83"
"4,43 : 14.32"
"4,44 : 13.04"
"4,45 : 28.02"
"4,46 : 26.31"
"4,47 : 6.32"
"4,48 : 10.82"
"4,49 : 13.89"
"5,0 : 34.21"
"5,1 : 7.28"
"5,2 : 7.81"
"5,3 : 44.92"
"5,4 : 44.94"
"5,5 : 0.0"
"5,6 : 23.09"
"5,7 : 10.63"
"5,8 : 14.76"
"5,9 : 44.69"
"5,10 : 50.99"
"5,11 : 6.08"
"5,12 : 35.47"
"5,13 : 58.69"
"5,14 : 33.97"
"5,15 : 28.79"
"5,16 : 14.87"
"5,17 : 5.66"
"5,18 : 19.65"
"5,19 : 42.2"
"5,20 : 40.36"
"5,21 : 10.0"
"5,22 : 37.2"
"5,23 : 4.47"
"5,24 : 42.19"
"5,25 : 13.93"
"5,26 : 41.19"
"5,27 : 16.76"
"5,28 : 35.23"
"5,29 : 15.03"
"5,30 : 49.93"
"5,31 : 13.15"
"5,32 : 55.17"
"5,33 : 50.45"
"5,34 : 19.65"
"5,35 : 34.54"
"5,36 : 37.48"
"5,37 : 14.87"
"5,38 : 46.65"
"5,39 : 12.37"
"5,40 : 27.59"
"5,41 : 24.74"
"5,42 : 22.2"
"5,43 : 31.89"
"5,44 : 40.52"
"5,45 : 22.02"
"5,46 : 30.46"
"5,47 : 40.25"
"5,48 : 41.73"
"5,49 : 47.51"
"6,0 : 20.02"
"6,1 : 20.0"
"6,2 : 17.03"
"6,3 : 21.84"
"6,4 : 31.06"
"6,5 : 23.09"
"6,6 : 0.0"
"6,7 : 29.02"
"6,8 : 29.61"
"6,9 : 27.89"
"6,10 : 31.38"
"6,11 : 28.64"
"6,12 : 12.53"
"6,13 : 39.45"
"6,14 : 18.03"
"6,15 : 23.32"
"6,16 : 8.25"
"6,17 : 26.17"
"6,18 : 12.37"
"6,19 : 27.17"
"6,20 : 23.54"
"6,21 : 22.2"
"6,22 : 17.0"
"6,23 : 18.68"
"6,24 : 43.6"
"6,25 : 15.0"
"6,26 : 19.24"
"6,27 : 28.46"
"6,28 : 13.34"
"6,29 : 22.47"
"6,30 : 28.28"
"6,31 : 12.73"
"6,32 : 36.67"
"6,33 : 30.23"
"6,34 : 29.55"
"6,35 : 11.66"
"6,36 : 19.65"
"6,37 : 14.42"
"6,38 : 24.76"
"6,39 : 19.65"
"6,40 : 12.17"
"6,41 : 2.24"
"6,42 : 14.21"
"6,43 : 17.03"
"6,44 : 33.84"
"6,45 : 25.81"
"6,46 : 7.81"
"6,47 : 29.27"
"6,48 : 23.41"
"6,49 : 27.78"
"7,0 : 33.84"
"7,1 : 9.06"
"7,2 : 12.17"
"7,3 : 50.25"
"7,4 : 43.14"
"7,5 : 10.63"
"7,6 : 29.02"
"7,7 : 0.0"
"7,8 : 5.0"
"7,9 : 44.41"
"7,10 : 51.97"
"7,11 : 7.07"
"7,12 : 40.31"
"7,13 : 59.08"
"7,14 : 34.48"
"7,15 : 25.5"
"7,16 : 21.21"
"7,17 : 5.0"
"7,18 : 29.07"
"7,19 : 41.23"
"7,20 : 40.5"
"7,21 : 7.28"
"7,22 : 39.56"
"7,23 : 12.53"
"7,24 : 34.13"
"7,25 : 23.85"
"7,26 : 48.17"
"7,27 : 8.25"
"7,28 : 42.19"
"7,29 : 10.63"
"7,30 : 52.55"
"7,31 : 22.36"
"7,32 : 55.22"
"7,33 : 51.88"
"7,34 : 11.18"
"7,35 : 39.32"
"7,36 : 38.47"
"7,37 : 24.7"
"7,38 : 49.65"
"7,39 : 10.77"
"7,40 : 29.15"
"7,41 : 31.06"
"7,42 : 22.36"
"7,43 : 32.25"
"7,44 : 35.85"
"7,45 : 16.12"
"7,46 : 35.23"
"7,47 : 37.54"
"7,48 : 42.54"
"7,49 : 48.76"
"8,0 : 31.3"
"8,1 : 10.82"
"8,2 : 13.89"
"8,3 : 50.0"
"8,4 : 39.82"
"8,5 : 14.76"
"8,6 : 29.61"
"8,7 : 5.0"
"8,8 : 0.0"
"8,9 : 41.68"
"8,10 : 49.66"
"8,11 : 12.04"
"8,12 : 40.0"
"8,13 : 56.44"
"8,14 : 32.31"
"8,15 : 22.02"
"8,16 : 22.47"
"8,17 : 9.49"
"8,18 : 31.62"
"8,19 : 38.28"
"8,20 : 38.01"
"8,21 : 7.62"
"8,22 : 38.08"
"8,23 : 15.56"
"8,24 : 29.15"
"8,25 : 26.91"
"8,26 : 48.84"
"8,27 : 3.61"
"8,28 : 42.95"
"8,29 : 8.25"
"8,30 : 50.96"
"8,31 : 25.0"
"8,32 : 52.48"
"8,33 : 49.77"
"8,34 : 6.32"
"8,35 : 39.0"
"8,36 : 36.4"
"8,37 : 27.66"
"8,38 : 48.27"
"8,39 : 10.05"
"8,40 : 27.66"
"8,41 : 31.78"
"8,42 : 20.62"
"8,43 : 30.08"
"8,44 : 31.62"
"8,45 : 12.04"
"8,46 : 35.01"
"8,47 : 33.97"
"8,48 : 40.31"
"8,49 : 46.62"
"9,0 : 10.63"
"9,1 : 38.18"
"9,2 : 36.88"
"9,3 : 25.24"
"9,4 : 6.4"
"9,5 : 44.69"
"9,6 : 27.89"
"9,7 : 44.41"
"9,8 : 41.68"
"9,9 : 0.0"
"9,10 : 9.0"
"9,11 : 48.1"
"9,12 : 21.38"
"9,13 : 14.76"
"9,14 : 10.82"
"9,15 : 20.25"
"9,16 : 32.65"
"9,17 : 44.6"
"9,18 : 40.26"
"9,19 : 4.0"
"9,20 : 4.47"
"9,21 : 37.64"
"9,22 : 12.04"
"9,23 : 40.61"
"9,24 : 33.96"
"9,25 : 42.15"
"9,26 : 32.31"
"9,27 : 38.47"
"9,28 : 30.59"
"9,29 : 33.84"
"9,30 : 14.76"
"9,31 : 39.4"
"9,32 : 10.82"
"9,33 : 10.2"
"9,34 : 37.16"
"9,35 : 21.21"
"9,36 : 8.25"
"9,37 : 41.79"
"9,38 : 14.87"
"9,39 : 34.06"
"9,40 : 17.49"
"9,41 : 28.44"
"9,42 : 22.63"
"9,43 : 12.81"
"9,44 : 18.68"
"9,45 : 30.46"
"9,46 : 22.02"
"9,47 : 11.18"
"9,48 : 5.1"
"9,49 : 7.62"
"10,0 : 18.38"
"10,1 : 45.0"
"10,2 : 43.28"
"10,3 : 21.59"
"10,4 : 14.56"
"10,5 : 50.99"
"10,6 : 31.38"
"10,7 : 51.97"
"10,8 : 49.66"
"10,9 : 9.0"
"10,10 : 0.0"
"10,11 : 55.0"
"10,12 : 21.59"
"10,13 : 8.06"
"10,14 : 17.49"
"10,15 : 28.86"
"10,16 : 37.64"
"10,17 : 51.61"
"10,18 : 43.38"
"10,19 : 13.0"
"10,20 : 11.7"
"10,21 : 44.94"
"10,22 : 14.42"
"10,23 : 46.69"
"10,24 : 42.76"
"10,25 : 46.32"
"10,26 : 30.15"
"10,27 : 46.62"
"10,28 : 30.15"
"10,29 : 41.59"
"10,30 : 8.06"
"10,31 : 43.83"
"10,32 : 6.0"
"10,33 : 2.24"
"10,34 : 45.54"
"10,35 : 21.84"
"10,36 : 13.6"
"10,37 : 45.79"
"10,38 : 10.2"
"10,39 : 41.34"
"10,40 : 23.43"
"10,41 : 31.3"
"10,42 : 29.68"
"10,43 : 19.72"
"10,44 : 27.46"
"10,45 : 38.9"
"10,46 : 24.17"
"10,47 : 20.1"
"10,48 : 9.43"
"10,49 : 3.61"
"11,0 : 37.48"
"11,1 : 10.0"
"11,2 : 12.08"
"11,3 : 50.45"
"11,4 : 47.63"
"11,5 : 6.08"
"11,6 : 28.64"
"11,7 : 7.07"
"11,8 : 12.04"
"11,9 : 48.1"
"11,10 : 55.0"
"11,11 : 0.0"
"11,12 : 40.8"
"11,13 : 62.48"
"11,14 : 37.64"
"11,15 : 30.53"
"11,16 : 20.4"
"11,17 : 3.61"
"11,18 : 25.71"
"11,19 : 45.28"
"11,20 : 43.93"
"11,21 : 10.82"
"11,22 : 41.68"
"11,23 : 10.05"
"11,24 : 41.05"
"11,25 : 19.92"
"11,26 : 47.1"
"11,27 : 15.03"
"11,28 : 41.11"
"11,29 : 15.65"
"11,30 : 54.59"
"11,31 : 19.24"
"11,32 : 58.8"
"11,33 : 54.64"
"11,34 : 18.03"
"11,35 : 39.85"
"11,36 : 41.4"
"11,37 : 20.88"
"11,38 : 51.43"
"11,39 : 14.21"
"11,40 : 31.62"
"11,41 : 30.41"
"11,42 : 25.5"
"11,43 : 35.47"
"11,44 : 41.63"
"11,45 : 22.14"
"11,46 : 35.74"
"11,47 : 42.44"
"11,48 : 45.61"
"11,49 : 51.61"
"12,0 : 18.44"
"12,1 : 31.58"
"12,2 : 28.86"
"12,3 : 10.0"
"12,4 : 26.57"
"12,5 : 35.47"
"12,6 : 12.53"
"12,7 : 40.31"
"12,8 : 40.0"
"12,9 : 21.38"
"12,10 : 21.59"
"12,11 : 40.8"
"12,12 : 0.0"
"12,13 : 29.41"
"12,14 : 15.62"
"12,15 : 26.93"
"12,16 : 20.62"
"12,17 : 38.08"
"12,18 : 22.8"
"12,19 : 22.47"
"12,20 : 18.03"
"12,21 : 33.14"
"12,22 : 9.49"
"12,23 : 31.02"
"12,24 : 47.01"
"12,25 : 26.91"
"12,26 : 12.04"
"12,27 : 38.12"
"12,28 : 9.22"
"12,29 : 32.06"
"12,30 : 16.64"
"12,31 : 25.0"
"12,32 : 27.46"
"12,33 : 19.92"
"12,34 : 38.47"
"12,35 : 1.0"
"12,36 : 14.32"
"12,37 : 26.17"
"12,38 : 13.04"
"12,39 : 30.02"
"12,40 : 14.32"
"12,41 : 11.4"
"12,42 : 20.62"
"12,43 : 16.28"
"12,44 : 34.06"
"12,45 : 33.24"
"12,46 : 5.1"
"12,47 : 27.46"
"12,48 : 16.28"
"12,49 : 18.25"
"13,0 : 25.24"
"13,1 : 52.5"
"13,2 : 50.93"
"13,3 : 28.02"
"13,4 : 18.25"
"13,5 : 58.69"
"13,6 : 39.45"
"13,7 : 59.08"
"13,8 : 56.44"
"13,9 : 14.76"
"13,10 : 8.06"
"13,11 : 62.48"
"13,12 : 29.41"
"13,13 : 0.0"
"13,14 : 24.84"
"13,15 : 34.93"
"13,16 : 45.61"
"13,17 : 59.03"
"13,18 : 51.43"
"13,19 : 18.38"
"13,20 : 18.6"
"13,21 : 52.2"
"13,22 : 22.47"
"13,23 : 54.45"
"13,24 : 46.01"
"13,25 : 54.38"
"13,26 : 37.01"
"13,27 : 53.24"
"13,28 : 37.66"
"13,29 : 48.55"
"13,30 : 14.0"
"13,31 : 51.87"
"13,32 : 4.12"
"13,33 : 9.49"
"13,34 : 51.89"
"13,35 : 29.73"
"13,36 : 21.21"
"13,37 : 53.85"
"13,38 : 17.12"
"13,39 : 48.6"
"13,40 : 31.11"
"13,41 : 39.36"
"13,42 : 37.01"
"13,43 : 27.02"
"13,44 : 31.06"
"13,45 : 45.19"
"13,46 : 32.2"
"13,47 : 24.52"
"13,48 : 16.97"
"13,49 : 11.66"
"14,0 : 2.83"
"14,1 : 27.66"
"14,2 : 26.17"
"14,3 : 23.32"
"14,4 : 13.04"
"14,5 : 33.97"
"14,6 : 18.03"
"14,7 : 34.48"
"14,8 : 32.31"
"14,9 : 10.82"
"14,10 : 17.49"
"14,11 : 37.64"
"14,12 : 15.62"
"14,13 : 24.84"
"14,14 : 0.0"
"14,15 : 13.15"
"14,16 : 21.93"
"14,17 : 34.21"
"14,18 : 30.27"
"14,19 : 9.22"
"14,20 : 6.4"
"14,21 : 27.46"
"14,22 : 7.62"
"14,23 : 29.83"
"14,24 : 31.91"
"14,25 : 31.62"
"14,26 : 27.66"
"14,27 : 29.41"
"14,28 : 24.19"
"14,29 : 24.17"
"14,30 : 19.1"
"14,31 : 28.79"
"14,32 : 21.21"
"14,33 : 17.46"
"14,34 : 28.64"
"14,35 : 15.0"
"14,36 : 4.12"
"14,37 : 31.32"
"14,38 : 17.03"
"14,39 : 23.85"
"14,40 : 6.71"
"14,41 : 19.03"
"14,42 : 12.21"
"14,43 : 2.24"
"14,44 : 18.44"
"14,45 : 22.2"
"14,46 : 13.93"
"14,47 : 12.08"
"14,48 : 8.06"
"14,49 : 14.32"
"15,0 : 11.0"
"15,1 : 21.54"
"15,2 : 21.59"
"15,3 : 35.85"
"15,4 : 17.8"
"15,5 : 28.79"
"15,6 : 23.32"
"15,7 : 25.5"
"15,8 : 22.02"
"15,9 : 20.25"
"15,10 : 28.86"
"15,11 : 30.53"
"15,12 : 26.93"
"15,13 : 34.93"
"15,14 : 13.15"
"15,15 : 0.0"
"15,16 : 22.36"
"15,17 : 26.93"
"15,18 : 33.24"
"15,19 : 16.55"
"15,20 : 17.26"
"15,21 : 19.72"
"15,22 : 20.62"
"15,23 : 25.71"
"15,24 : 20.52"
"15,25 : 32.14"
"15,26 : 38.6"
"15,27 : 18.6"
"15,28 : 33.97"
"15,29 : 15.0"
"15,30 : 32.0"
"15,31 : 29.15"
"15,32 : 30.87"
"15,33 : 29.43"
"15,34 : 17.0"
"15,35 : 26.08"
"15,36 : 17.03"
"15,37 : 32.25"
"15,38 : 30.15"
"15,39 : 16.55"
"15,40 : 12.81"
"15,41 : 25.24"
"15,42 : 9.49"
"15,43 : 11.4"
"15,44 : 12.04"
"15,45 : 10.3"
"15,46 : 23.43"
"15,47 : 12.04"
"15,48 : 20.1"
"15,49 : 26.31"
"16,0 : 23.09"
"16,1 : 12.17"
"16,2 : 9.06"
"16,3 : 30.08"
"16,4 : 34.48"
"16,5 : 14.87"
"16,6 : 8.25"
"16,7 : 21.21"
"16,8 : 22.47"
"16,9 : 32.65"
"16,10 : 37.64"
"16,11 : 20.4"
"16,12 : 20.62"
"16,13 : 45.61"
"16,14 : 21.93"
"16,15 : 22.36"
"16,16 : 0.0"
"16,17 : 18.03"
"16,18 : 11.18"
"16,19 : 31.02"
"16,20 : 28.18"
"16,21 : 14.87"
"16,22 : 23.35"
"16,23 : 10.44"
"16,24 : 41.15"
"16,25 : 10.05"
"16,26 : 27.02"
"16,27 : 21.95"
"16,28 : 21.02"
"16,29 : 16.4"
"16,30 : 35.61"
"16,31 : 7.07"
"16,32 : 42.44"
"16,33 : 36.8"
"16,34 : 23.6"
"16,35 : 19.7"
"16,36 : 24.7"
"16,37 : 10.0"
"16,38 : 32.2"
"16,39 : 13.04"
"16,40 : 15.23"
"16,41 : 10.05"
"16,42 : 13.04"
"16,43 : 20.25"
"16,44 : 34.13"
"16,45 : 21.4"
"16,46 : 15.65"
"16,47 : 31.26"
"16,48 : 28.84"
"16,49 : 34.06"
"17,0 : 33.97"
"17,1 : 6.71"
"17,2 : 9.22"
"17,3 : 47.85"
"17,4 : 44.05"
"17,5 : 5.66"
"17,6 : 26.17"
"17,7 : 5.0"
"17,8 : 9.49"
"17,9 : 44.6"
"17,10 : 51.61"
"17,11 : 3.61"
"17,12 : 38.08"
"17,13 : 59.03"
"17,14 : 34.21"
"17,15 : 26.93"
"17,16 : 18.03"
"17,17 : 0.0"
"17,18 : 24.7"
"17,19 : 41.73"
"17,20 : 40.46"
"17,21 : 7.21"
"17,22 : 38.47"
"17,23 : 8.25"
"17,24 : 38.0"
"17,25 : 19.24"
"17,26 : 45.0"
"17,27 : 12.04"
"17,28 : 39.0"
"17,29 : 12.08"
"17,30 : 51.43"
"17,31 : 18.03"
"17,32 : 55.32"
"17,33 : 51.31"
"17,34 : 15.03"
"17,35 : 37.11"
"17,36 : 38.01"
"17,37 : 20.12"
"17,38 : 48.33"
"17,39 : 10.63"
"17,40 : 28.3"
"17,41 : 28.07"
"17,42 : 22.02"
"17,43 : 32.02"
"17,44 : 38.08"
"17,45 : 18.68"
"17,46 : 32.98"
"17,47 : 38.83"
"17,48 : 42.2"
"17,49 : 48.26"
"18,0 : 32.06"
"18,1 : 20.81"
"18,2 : 17.8"
"18,3 : 30.0"
"18,4 : 43.29"
"18,5 : 19.65"
"18,6 : 12.37"
"18,7 : 29.07"
"18,8 : 31.62"
"18,9 : 40.26"
"18,10 : 43.38"
"18,11 : 25.71"
"18,12 : 22.8"
"18,13 : 51.43"
"18,14 : 30.27"
"18,15 : 33.24"
"18,16 : 11.18"
"18,17 : 24.7"
"18,18 : 0.0"
"18,19 : 39.46"
"18,20 : 35.9"
"18,21 : 24.21"
"18,22 : 29.15"
"18,23 : 16.55"
"18,24 : 52.33"
"18,25 : 6.0"
"18,26 : 23.77"
"18,27 : 31.89"
"18,28 : 18.36"
"18,29 : 26.91"
"18,30 : 39.41"
"18,31 : 6.71"
"18,32 : 48.85"
"18,33 : 42.06"
"18,34 : 33.94"
"18,35 : 22.2"
"18,36 : 32.02"
"18,37 : 5.0"
"18,38 : 35.81"
"18,39 : 23.35"
"18,40 : 24.02"
"18,41 : 12.08"
"18,42 : 23.77"
"18,43 : 29.07"
"18,44 : 44.72"
"18,45 : 32.45"
"18,46 : 19.24"
"18,47 : 41.01"
"18,48 : 35.74"
"18,49 : 39.81"
"19,0 : 8.06"
"19,1 : 35.47"
"19,2 : 34.41"
"19,3 : 27.66"
"19,4 : 4.12"
"19,5 : 42.2"
"19,6 : 27.17"
"19,7 : 41.23"
"19,8 : 38.28"
"19,9 : 4.0"
"19,10 : 13.0"
"19,11 : 45.28"
"19,12 : 22.47"
"19,13 : 18.38"
"19,14 : 9.22"
"19,15 : 16.55"
"19,16 : 31.02"
"19,17 : 41.73"
"19,18 : 39.46"
"19,19 : 0.0"
"19,20 : 4.47"
"19,21 : 34.66"
"19,22 : 13.0"
"19,23 : 38.28"
"19,24 : 30.08"
"19,25 : 40.8"
"19,26 : 34.0"
"19,27 : 34.99"
"19,28 : 31.62"
"19,29 : 30.61"
"19,30 : 18.38"
"19,31 : 37.95"
"19,32 : 14.32"
"19,33 : 14.14"
"19,34 : 33.54"
"19,35 : 22.14"
"19,36 : 8.25"
"19,37 : 40.52"
"19,38 : 18.03"
"19,39 : 31.11"
"19,40 : 15.81"
"19,41 : 28.02"
"19,42 : 20.0"
"19,43 : 10.77"
"19,44 : 14.87"
"19,45 : 26.83"
"19,46 : 22.2"
"19,47 : 7.28"
"19,48 : 7.07"
"19,49 : 11.4"
"20,0 : 6.71"
"20,1 : 33.97"
"20,2 : 32.56"
"20,3 : 23.35"
"20,4 : 8.54"
"20,5 : 40.36"
"20,6 : 23.54"
"20,7 : 40.5"
"20,8 : 38.01"
"20,9 : 4.47"
"20,10 : 11.7"
"20,11 : 43.93"
"20,12 : 18.03"
"20,13 : 18.6"
"20,14 : 6.4"
"20,15 : 17.26"
"20,16 : 28.18"
"20,17 : 40.46"
"20,18 : 35.9"
"20,19 : 4.47"
"20,20 : 0.0"
"20,21 : 33.6"
"20,22 : 8.54"
"20,23 : 36.24"
"20,24 : 33.24"
"20,25 : 37.7"
"20,26 : 29.53"
"20,27 : 34.93"
"20,28 : 27.2"
"20,29 : 30.02"
"20,30 : 15.3"
"20,31 : 34.93"
"20,32 : 14.87"
"20,33 : 12.17"
"20,34 : 33.84"
"20,35 : 17.72"
"20,36 : 4.0"
"20,37 : 37.34"
"20,38 : 14.32"
"20,39 : 30.0"
"20,40 : 13.04"
"20,41 : 24.19"
"20,42 : 18.44"
"20,43 : 8.49"
"20,44 : 18.36"
"20,45 : 27.2"
"20,46 : 18.03"
"20,47 : 10.82"
"20,48 : 3.16"
"20,49 : 9.06"
"21,0 : 27.02"
"21,1 : 3.61"
"21,2 : 6.4"
"21,3 : 43.1"
"21,4 : 36.88"
"21,5 : 10.0"
"21,6 : 22.2"
"21,7 : 7.28"
"21,8 : 7.62"
"21,9 : 37.64"
"21,10 : 44.94"
"21,11 : 10.82"
"21,12 : 33.14"
"21,13 : 52.2"
"21,14 : 27.46"
"21,15 : 19.72"
"21,16 : 14.87"
"21,17 : 7.21"
"21,18 : 24.21"
"21,19 : 34.66"
"21,20 : 33.6"
"21,21 : 0.0"
"21,22 : 32.31"
"21,23 : 8.94"
"21,24 : 32.25"
"21,25 : 19.85"
"21,26 : 41.44"
"21,27 : 7.81"
"21,28 : 35.51"
"21,29 : 5.1"
"21,30 : 45.31"
"21,31 : 17.69"
"21,32 : 48.41"
"21,33 : 44.78"
"21,34 : 10.3"
"21,35 : 32.14"
"21,36 : 31.38"
"21,37 : 20.52"
"21,38 : 42.38"
"21,39 : 3.61"
"21,40 : 21.93"
"21,41 : 24.33"
"21,42 : 15.26"
"21,43 : 25.24"
"21,44 : 31.02"
"21,45 : 12.04"
"21,46 : 28.07"
"21,47 : 31.62"
"21,48 : 35.51"
"21,49 : 41.68"
"22,0 : 10.3"
"22,1 : 31.76"
"22,2 : 29.68"
"22,3 : 15.81"
"22,4 : 17.09"
"22,5 : 37.2"
"22,6 : 17.0"
"22,7 : 39.56"
"22,8 : 38.08"
"22,9 : 12.04"
"22,10 : 14.42"
"22,11 : 41.68"
"22,12 : 9.49"
"22,13 : 22.47"
"22,14 : 7.62"
"22,15 : 20.62"
"22,16 : 23.35"
"22,17 : 38.47"
"22,18 : 29.15"
"22,19 : 13.0"
"22,20 : 8.54"
"22,21 : 32.31"
"22,22 : 0.0"
"22,23 : 32.8"
"22,24 : 39.45"
"22,25 : 31.91"
"22,26 : 21.1"
"22,27 : 35.51"
"22,28 : 18.68"
"22,29 : 29.83"
"22,30 : 13.0"
"22,31 : 29.41"
"22,32 : 19.7"
"22,33 : 13.45"
"22,34 : 35.13"
"22,35 : 9.22"
"22,36 : 5.0"
"22,37 : 31.38"
"22,38 : 10.2"
"22,39 : 28.79"
"22,40 : 10.44"
"22,41 : 17.09"
"22,42 : 17.46"
"22,43 : 9.22"
"22,44 : 25.5"
"22,45 : 29.0"
"22,46 : 10.2"
"22,47 : 18.44"
"22,48 : 7.0"
"22,49 : 10.82"
"23,0 : 30.23"
"23,1 : 5.39"
"23,2 : 4.12"
"23,3 : 40.52"
"23,4 : 41.18"
"23,5 : 4.47"
"23,6 : 18.68"
"23,7 : 12.53"
"23,8 : 15.56"
"23,9 : 40.61"
"23,10 : 46.69"
"23,11 : 10.05"
"23,12 : 31.02"
"23,13 : 54.45"
"23,14 : 29.83"
"23,15 : 25.71"
"23,16 : 10.44"
"23,17 : 8.25"
"23,18 : 16.55"
"23,19 : 38.28"
"23,20 : 36.24"
"23,21 : 8.94"
"23,22 : 32.8"
"23,23 : 0.0"
"23,24 : 40.79"
"23,25 : 11.4"
"23,26 : 37.05"
"23,27 : 16.64"
"23,28 : 31.06"
"23,29 : 13.34"
"23,30 : 45.49"
"23,31 : 9.85"
"23,32 : 50.99"
"23,33 : 46.1"
"23,34 : 19.24"
"23,35 : 30.08"
"23,36 : 33.24"
"23,37 : 12.21"
"23,38 : 42.19"
"23,39 : 10.05"
"23,40 : 23.35"
"23,41 : 20.4"
"23,42 : 18.36"
"23,43 : 27.8"
"23,44 : 37.66"
"23,45 : 20.22"
"23,46 : 26.0"
"23,47 : 36.77"
"23,48 : 37.48"
"23,49 : 43.19"
"24,0 : 29.15"
"24,1 : 35.51"
"24,2 : 37.11"
"24,3 : 55.23"
"24,4 : 28.28"
"24,5 : 42.19"
"24,6 : 43.6"
"24,7 : 34.13"
"24,8 : 29.15"
"24,9 : 33.96"
"24,10 : 42.76"
"24,11 : 41.05"
"24,12 : 47.01"
"24,13 : 46.01"
"24,14 : 31.91"
"24,15 : 20.52"
"24,16 : 41.15"
"24,17 : 38.0"
"24,18 : 52.33"
"24,19 : 30.08"
"24,20 : 33.24"
"24,21 : 32.25"
"24,22 : 39.45"
"24,23 : 40.79"
"24,24 : 0.0"
"24,25 : 49.98"
"24,26 : 58.9"
"24,27 : 26.02"
"24,28 : 54.45"
"24,29 : 27.46"
"24,30 : 48.38"
"24,31 : 47.17"
"24,32 : 42.05"
"24,33 : 44.15"
"24,34 : 23.02"
"24,35 : 46.23"
"24,36 : 34.89"
"24,37 : 50.33"
"24,38 : 47.54"
"24,39 : 30.81"
"24,40 : 33.24"
"24,41 : 45.61"
"24,42 : 29.41"
"24,43 : 30.81"
"24,44 : 15.3"
"24,45 : 20.62"
"24,46 : 43.86"
"24,47 : 22.8"
"24,48 : 36.4"
"24,49 : 41.48"
"25,0 : 32.98"
"25,1 : 16.28"
"25,2 : 13.6"
"25,3 : 34.99"
"25,4 : 44.38"
"25,5 : 13.93"
"25,6 : 15.0"
"25,7 : 23.85"
"25,8 : 26.91"
"25,9 : 42.15"
"25,10 : 46.32"
"25,11 : 19.92"
"25,12 : 26.91"
"25,13 : 54.38"
"25,14 : 31.62"
"25,15 : 32.14"
"25,16 : 10.05"
"25,17 : 19.24"
"25,18 : 6.0"
"25,19 : 40.8"
"25,20 : 37.7"
"25,21 : 19.85"
"25,22 : 31.91"
"25,23 : 11.4"
"25,24 : 49.98"
"25,25 : 0.0"
"25,26 : 29.41"
"25,27 : 27.66"
"25,28 : 23.77"
"25,29 : 23.32"
"25,30 : 43.19"
"25,31 : 3.0"
"25,32 : 51.48"
"25,33 : 45.22"
"25,34 : 30.0"
"25,35 : 26.17"
"25,36 : 34.01"
"25,37 : 1.0"
"25,38 : 39.62"
"25,39 : 19.72"
"25,40 : 25.0"
"25,41 : 15.56"
"25,42 : 23.0"
"25,43 : 30.08"
"25,44 : 44.05"
"25,45 : 29.55"
"25,46 : 22.67"
"25,47 : 41.3"
"25,48 : 38.01"
"25,49 : 42.72"
"26,0 : 30.48"
"26,1 : 39.12"
"26,2 : 36.06"
"26,3 : 9.22"
"26,4 : 38.01"
"26,5 : 41.19"
"26,6 : 19.24"
"26,7 : 48.17"
"26,8 : 48.84"
"26,9 : 32.31"
"26,10 : 30.15"
"26,11 : 47.1"
"26,12 : 12.04"
"26,13 : 37.01"
"26,14 : 27.66"
"26,15 : 38.6"
"26,16 : 27.02"
"26,17 : 45.0"
"26,18 : 23.77"
"26,19 : 34.0"
"26,20 : 29.53"
"26,21 : 41.44"
"26,22 : 21.1"
"26,23 : 37.05"
"26,24 : 58.9"
"26,25 : 29.41"
"26,26 : 0.0"
"26,27 : 47.54"
"26,28 : 6.0"
"26,29 : 41.48"
"26,30 : 23.02"
"26,31 : 28.64"
"26,32 : 36.12"
"26,33 : 28.07"
"26,34 : 48.38"
"26,35 : 12.73"
"26,36 : 26.08"
"26,37 : 28.46"
"26,38 : 20.02"
"26,39 : 38.83"
"26,40 : 25.81"
"26,41 : 17.12"
"26,42 : 31.3"
"26,43 : 28.28"
"26,44 : 46.1"
"26,45 : 43.86"
"26,46 : 15.26"
"26,47 : 39.41"
"26,48 : 27.31"
"26,49 : 27.46"
"27,0 : 28.23"
"27,1 : 11.4"
"27,2 : 14.14"
"27,3 : 48.09"
"27,4 : 36.4"
"27,5 : 16.76"
"27,6 : 28.46"
"27,7 : 8.25"
"27,8 : 3.61"
"27,9 : 38.47"
"27,10 : 46.62"
"27,11 : 15.03"
"27,12 : 38.12"
"27,13 : 53.24"
"27,14 : 29.41"
"27,15 : 18.6"
"27,16 : 21.95"
"27,17 : 12.04"
"27,18 : 31.89"
"27,19 : 34.99"
"27,20 : 34.93"
"27,21 : 7.81"
"27,22 : 35.51"
"27,23 : 16.64"
"27,24 : 26.02"
"27,25 : 27.66"
"27,26 : 47.54"
"27,27 : 0.0"
"27,28 : 41.76"
"27,29 : 6.08"
"27,30 : 48.27"
"27,31 : 25.46"
"27,32 : 49.24"
"27,33 : 46.82"
"27,34 : 3.0"
"27,35 : 37.12"
"27,36 : 33.53"
"27,37 : 28.32"
"27,38 : 45.71"
"27,39 : 8.94"
"27,40 : 25.18"
"27,41 : 30.68"
"27,42 : 18.11"
"27,43 : 27.2"
"27,44 : 28.02"
"27,45 : 8.49"
"27,46 : 33.24"
"27,47 : 30.48"
"27,48 : 37.34"
"27,49 : 43.66"
"28,0 : 26.93"
"28,1 : 33.14"
"28,2 : 30.07"
"28,3 : 12.04"
"28,4 : 35.74"
"28,5 : 35.23"
"28,6 : 13.34"
"28,7 : 42.19"
"28,8 : 42.95"
"28,9 : 30.59"
"28,10 : 30.15"
"28,11 : 41.11"
"28,12 : 9.22"
"28,13 : 37.66"
"28,14 : 24.19"
"28,15 : 33.97"
"28,16 : 21.02"
"28,17 : 39.0"
"28,18 : 18.36"
"28,19 : 31.62"
"28,20 : 27.2"
"28,21 : 35.51"
"28,22 : 18.68"
"28,23 : 31.06"
"28,24 : 54.45"
"28,25 : 23.77"
"28,26 : 6.0"
"28,27 : 41.76"
"28,28 : 0.0"
"28,29 : 35.74"
"28,30 : 24.04"
"28,31 : 22.8"
"28,32 : 36.12"
"28,33 : 28.28"
"28,34 : 42.72"
"28,35 : 9.49"
"28,36 : 23.41"
"28,37 : 22.85"
"28,38 : 20.62"
"28,39 : 32.98"
"28,40 : 21.21"
"28,41 : 11.18"
"28,42 : 26.08"
"28,43 : 24.41"
"28,44 : 42.44"
"28,45 : 38.47"
"28,46 : 10.63"
"28,47 : 36.24"
"28,48 : 25.5"
"28,49 : 27.02"
"29,0 : 23.32"
"29,1 : 8.06"
"29,2 : 9.85"
"29,3 : 42.05"
"29,4 : 32.53"
"29,5 : 15.03"
"29,6 : 22.47"
"29,7 : 10.63"
"29,8 : 8.25"
"29,9 : 33.84"
"29,10 : 41.59"
"29,11 : 15.65"
"29,12 : 32.06"
"29,13 : 48.55"
"29,14 : 24.17"
"29,15 : 15.0"
"29,16 : 16.4"
"29,17 : 12.08"
"29,18 : 26.91"
"29,19 : 30.61"
"29,20 : 30.02"
"29,21 : 5.1"
"29,22 : 29.83"
"29,23 : 13.34"
"29,24 : 27.46"
"29,25 : 23.32"
"29,26 : 41.48"
"29,27 : 6.08"
"29,28 : 35.74"
"29,29 : 0.0"
"29,30 : 42.72"
"29,31 : 20.81"
"29,32 : 44.65"
"29,33 : 41.63"
"29,34 : 7.21"
"29,35 : 31.06"
"29,36 : 28.23"
"29,37 : 23.85"
"29,38 : 40.02"
"29,39 : 3.61"
"29,40 : 19.42"
"29,41 : 24.7"
"29,42 : 12.37"
"29,43 : 21.93"
"29,44 : 26.0"
"29,45 : 7.0"
"29,46 : 27.17"
"29,47 : 27.02"
"29,48 : 32.2"
"29,49 : 38.48"
"30,0 : 21.0"
"30,1 : 44.72"
"30,2 : 42.54"
"30,3 : 14.04"
"30,4 : 21.1"
"30,5 : 49.93"
"30,6 : 28.28"
"30,7 : 52.55"
"30,8 : 50.96"
"30,9 : 14.76"
"30,10 : 8.06"
"30,11 : 54.59"
"30,12 : 16.64"
"30,13 : 14.0"
"30,14 : 19.1"
"30,15 : 32.0"
"30,16 : 35.61"
"30,17 : 51.43"
"30,18 : 39.41"
"30,19 : 18.38"
"30,20 : 15.3"
"30,21 : 45.31"
"30,22 : 13.0"
"30,23 : 45.49"
"30,24 : 48.38"
"30,25 : 43.19"
"30,26 : 23.02"
"30,27 : 48.27"
"30,28 : 24.04"
"30,29 : 42.72"
"30,30 : 0.0"
"30,31 : 41.01"
"30,32 : 13.6"
"30,33 : 5.83"
"30,34 : 47.68"
"30,35 : 17.2"
"30,36 : 15.03"
"30,37 : 42.52"
"30,38 : 3.61"
"30,39 : 41.79"
"30,40 : 23.41"
"30,41 : 27.66"
"30,42 : 30.36"
"30,43 : 21.21"
"30,44 : 33.24"
"30,45 : 41.3"
"30,46 : 20.52"
"30,47 : 25.63"
"30,48 : 12.17"
"30,49 : 7.21"
"31,0 : 30.08"
"31,1 : 14.21"
"31,2 : 11.31"
"31,3 : 33.54"
"31,4 : 41.48"
"31,5 : 13.15"
"31,6 : 12.73"
"31,7 : 22.36"
"31,8 : 25.0"
"31,9 : 39.4"
"31,10 : 43.83"
"31,11 : 19.24"
"31,12 : 25.0"
"31,13 : 51.87"
"31,14 : 28.79"
"31,15 : 29.15"
"31,16 : 7.07"
"31,17 : 18.03"
"31,18 : 6.71"
"31,19 : 37.95"
"31,20 : 34.93"
"31,21 : 17.69"
"31,22 : 29.41"
"31,23 : 9.85"
"31,24 : 47.17"
"31,25 : 3.0"
"31,26 : 28.64"
"31,27 : 25.46"
"31,28 : 22.8"
"31,29 : 20.81"
"31,30 : 41.01"
"31,31 : 0.0"
"31,32 : 48.88"
"31,33 : 42.8"
"31,34 : 27.66"
"31,35 : 24.21"
"31,36 : 31.3"
"31,37 : 3.16"
"31,38 : 37.48"
"31,39 : 17.2"
"31,40 : 22.14"
"31,41 : 13.6"
"31,42 : 20.0"
"31,43 : 27.2"
"31,44 : 41.05"
"31,45 : 26.83"
"31,46 : 20.52"
"31,47 : 38.33"
"31,48 : 35.36"
"31,49 : 40.22"
"32,0 : 21.4"
"32,1 : 48.84"
"32,2 : 47.38"
"32,3 : 27.46"
"32,4 : 14.14"
"32,5 : 55.17"
"32,6 : 36.67"
"32,7 : 55.22"
"32,8 : 52.48"
"32,9 : 10.82"
"32,10 : 6.0"
"32,11 : 58.8"
"32,12 : 27.46"
"32,13 : 4.12"
"32,14 : 21.21"
"32,15 : 30.87"
"32,16 : 42.44"
"32,17 : 55.32"
"32,18 : 48.85"
"32,19 : 14.32"
"32,20 : 14.87"
"32,21 : 48.41"
"32,22 : 19.7"
"32,23 : 50.99"
"32,24 : 42.05"
"32,25 : 51.48"
"32,26 : 36.12"
"32,27 : 49.24"
"32,28 : 36.12"
"32,29 : 44.65"
"32,30 : 13.6"
"32,31 : 48.88"
"32,32 : 0.0"
"32,33 : 8.06"
"32,34 : 47.85"
"32,35 : 27.66"
"32,36 : 17.8"
"32,37 : 51.0"
"32,38 : 16.12"
"32,39 : 44.82"
"32,40 : 27.66"
"32,41 : 36.77"
"32,42 : 33.3"
"32,43 : 23.35"
"32,44 : 27.02"
"32,45 : 41.15"
"32,46 : 29.73"
"32,47 : 20.4"
"32,48 : 13.6"
"32,49 : 9.22"
"33,0 : 18.68"
"33,1 : 44.65"
"33,2 : 42.8"
"33,3 : 19.42"
"33,4 : 16.16"
"33,5 : 50.45"
"33,6 : 30.23"
"33,7 : 51.88"
"33,8 : 49.77"
"33,9 : 10.2"
"33,10 : 2.24"
"33,11 : 54.64"
"33,12 : 19.92"
"33,13 : 9.49"
"33,14 : 17.46"
"33,15 : 29.43"
"33,16 : 36.8"
"33,17 : 51.31"
"33,18 : 42.06"
"33,19 : 14.14"
"33,20 : 12.17"
"33,21 : 44.78"
"33,22 : 13.45"
"33,23 : 46.1"
"33,24 : 44.15"
"33,25 : 45.22"
"33,26 : 28.07"
"33,27 : 46.82"
"33,28 : 28.28"
"33,29 : 41.63"
"33,30 : 5.83"
"33,31 : 42.8"
"33,32 : 8.06"
"33,33 : 0.0"
"33,34 : 45.88"
"33,35 : 20.25"
"33,36 : 13.42"
"33,37 : 44.65"
"33,38 : 8.06"
"33,39 : 41.18"
"33,40 : 23.02"
"33,41 : 30.02"
"33,42 : 29.53"
"33,43 : 19.7"
"33,44 : 28.86"
"33,45 : 39.29"
"33,46 : 22.83"
"33,47 : 21.38"
"33,48 : 9.49"
"33,49 : 3.16"
"34,0 : 27.2"
"34,1 : 13.89"
"34,2 : 16.4"
"34,3 : 48.37"
"34,4 : 34.67"
"34,5 : 19.65"
"34,6 : 29.55"
"34,7 : 11.18"
"34,8 : 6.32"
"34,9 : 37.16"
"34,10 : 45.54"
"34,11 : 18.03"
"34,12 : 38.47"
"34,13 : 51.89"
"34,14 : 28.64"
"34,15 : 17.0"
"34,16 : 23.6"
"34,17 : 15.03"
"34,18 : 33.94"
"34,19 : 33.54"
"34,20 : 33.84"
"34,21 : 10.3"
"34,22 : 35.13"
"34,23 : 19.24"
"34,24 : 23.02"
"34,25 : 30.0"
"34,26 : 48.38"
"34,27 : 3.0"
"34,28 : 42.72"
"34,29 : 7.21"
"34,30 : 47.68"
"34,31 : 27.66"
"34,32 : 47.85"
"34,33 : 45.88"
"34,34 : 0.0"
"34,35 : 37.48"
"34,36 : 32.76"
"34,37 : 30.61"
"34,38 : 45.28"
"34,39 : 10.63"
"34,40 : 25.0"
"34,41 : 31.78"
"34,42 : 18.03"
"34,43 : 26.48"
"34,44 : 25.61"
"34,45 : 6.71"
"34,46 : 33.73"
"34,47 : 28.6"
"34,48 : 36.4"
"34,49 : 42.72"
"35,0 : 17.8"
"35,1 : 30.59"
"35,2 : 27.89"
"35,3 : 11.0"
"35,4 : 26.25"
"35,5 : 34.54"
"35,6 : 11.66"
"35,7 : 39.32"
"35,8 : 39.0"
"35,9 : 21.21"
"35,10 : 21.84"
"35,11 : 39.85"
"35,12 : 1.0"
"35,13 : 29.73"
"35,14 : 15.0"
"35,15 : 26.08"
"35,16 : 19.7"
"35,17 : 37.11"
"35,18 : 22.2"
"35,19 : 22.14"
"35,20 : 17.72"
"35,21 : 32.14"
"35,22 : 9.22"
"35,23 : 30.08"
"35,24 : 46.23"
"35,25 : 26.17"
"35,26 : 12.73"
"35,27 : 37.12"
"35,28 : 9.49"
"35,29 : 31.06"
"35,30 : 17.2"
"35,31 : 24.21"
"35,32 : 27.66"
"35,33 : 20.25"
"35,34 : 37.48"
"35,35 : 0.0"
"35,36 : 13.93"
"35,37 : 25.46"
"35,38 : 13.6"
"35,39 : 29.02"
"35,40 : 13.42"
"35,41 : 10.63"
"35,42 : 19.65"
"35,43 : 15.56"
"35,44 : 33.42"
"35,45 : 32.28"
"35,46 : 4.12"
"35,47 : 26.93"
"35,48 : 16.12"
"35,49 : 18.44"
"36,0 : 6.08"
"36,1 : 31.4"
"36,2 : 29.73"
"36,3 : 20.62"
"36,4 : 12.37"
"36,5 : 37.48"
"36,6 : 19.65"
"36,7 : 38.47"
"36,8 : 36.4"
"36,9 : 8.25"
"36,10 : 13.6"
"36,11 : 41.4"
"36,12 : 14.32"
"36,13 : 21.21"
"36,14 : 4.12"
"36,15 : 17.03"
"36,16 : 24.7"
"36,17 : 38.01"
"36,18 : 32.02"
"36,19 : 8.25"
"36,20 : 4.0"
"36,21 : 31.38"
"36,22 : 5.0"
"36,23 : 33.24"
"36,24 : 34.89"
"36,25 : 34.01"
"36,26 : 26.08"
"36,27 : 33.53"
"36,28 : 23.41"
"36,29 : 28.23"
"36,30 : 15.03"
"36,31 : 31.3"
"36,32 : 17.8"
"36,33 : 13.42"
"36,34 : 32.76"
"36,35 : 13.93"
"36,36 : 0.0"
"36,37 : 33.62"
"36,38 : 13.15"
"36,39 : 27.78"
"36,40 : 9.9"
"36,41 : 20.22"
"36,42 : 16.12"
"36,43 : 6.32"
"36,44 : 20.62"
"36,45 : 26.31"
"36,46 : 14.04"
"36,47 : 13.45"
"36,48 : 4.24"
"36,49 : 10.3"
"37,0 : 32.76"
"37,1 : 16.97"
"37,2 : 14.21"
"37,3 : 34.13"
"37,4 : 44.15"
"37,5 : 14.87"
"37,6 : 14.42"
"37,7 : 24.7"
"37,8 : 27.66"
"37,9 : 41.79"
"37,10 : 45.79"
"37,11 : 20.88"
"37,12 : 26.17"
"37,13 : 53.85"
"37,14 : 31.32"
"37,15 : 32.25"
"37,16 : 10.0"
"37,17 : 20.12"
"37,18 : 5.0"
"37,19 : 40.52"
"37,20 : 37.34"
"37,21 : 20.52"
"37,22 : 31.38"
"37,23 : 12.21"
"37,24 : 50.33"
"37,25 : 1.0"
"37,26 : 28.46"
"37,27 : 28.32"
"37,28 : 22.85"
"37,29 : 23.85"
"37,30 : 42.52"
"37,31 : 3.16"
"37,32 : 51.0"
"37,33 : 44.65"
"37,34 : 30.61"
"37,35 : 25.46"
"37,36 : 33.62"
"37,37 : 0.0"
"37,38 : 38.95"
"37,39 : 20.25"
"37,40 : 24.74"
"37,41 : 14.87"
"37,42 : 23.02"
"37,43 : 29.83"
"37,44 : 44.1"
"37,45 : 29.97"
"37,46 : 22.02"
"37,47 : 41.19"
"37,48 : 37.58"
"37,49 : 42.19"
"38,0 : 19.24"
"38,1 : 41.63"
"38,2 : 39.36"
"38,3 : 11.4"
"38,4 : 21.26"
"38,5 : 46.65"
"38,6 : 24.76"
"38,7 : 49.65"
"38,8 : 48.27"
"38,9 : 14.87"
"38,10 : 10.2"
"38,11 : 51.43"
"38,12 : 13.04"
"38,13 : 17.12"
"38,14 : 17.03"
"38,15 : 30.15"
"38,16 : 32.2"
"38,17 : 48.33"
"38,18 : 35.81"
"38,19 : 18.03"
"38,20 : 14.32"
"38,21 : 42.38"
"38,22 : 10.2"
"38,23 : 42.19"
"38,24 : 47.54"
"38,25 : 39.62"
"38,26 : 20.02"
"38,27 : 45.71"
"38,28 : 20.62"
"38,29 : 40.02"
"38,30 : 3.61"
"38,31 : 37.48"
"38,32 : 16.12"
"38,33 : 8.06"
"38,34 : 45.28"
"38,35 : 13.6"
"38,36 : 13.15"
"38,37 : 38.95"
"38,38 : 0.0"
"38,39 : 38.9"
"38,40 : 20.62"
"38,41 : 24.08"
"38,42 : 27.66"
"38,43 : 19.0"
"38,44 : 32.65"
"38,45 : 39.05"
"38,46 : 16.97"
"38,47 : 25.06"
"38,48 : 11.18"
"38,49 : 8.06"
"39,0 : 23.43"
"39,1 : 5.1"
"39,2 : 6.32"
"39,3 : 40.01"
"39,4 : 33.42"
"39,5 : 12.37"
"39,6 : 19.65"
"39,7 : 10.77"
"39,8 : 10.05"
"39,9 : 34.06"
"39,10 : 41.34"
"39,11 : 14.21"
"39,12 : 30.02"
"39,13 : 48.6"
"39,14 : 23.85"
"39,15 : 16.55"
"39,16 : 13.04"
"39,17 : 10.63"
"39,18 : 23.35"
"39,19 : 31.11"
"39,20 : 30.0"
"39,21 : 3.61"
"39,22 : 28.79"
"39,23 : 10.05"
"39,24 : 30.81"
"39,25 : 19.72"
"39,26 : 38.83"
"39,27 : 8.94"
"39,28 : 32.98"
"39,29 : 3.61"
"39,30 : 41.79"
"39,31 : 17.2"
"39,32 : 44.82"
"39,33 : 41.18"
"39,34 : 10.63"
"39,35 : 29.02"
"39,36 : 27.78"
"39,37 : 20.25"
"39,38 : 38.9"
"39,39 : 0.0"
"39,40 : 18.38"
"39,41 : 21.84"
"39,42 : 11.66"
"39,43 : 21.63"
"39,44 : 28.16"
"39,45 : 10.2"
"39,46 : 25.0"
"39,47 : 28.3"
"39,48 : 31.91"
"39,49 : 38.08"
"40,0 : 8.06"
"40,1 : 21.63"
"40,2 : 19.85"
"40,3 : 23.77"
"40,4 : 19.42"
"40,5 : 27.59"
"40,6 : 12.17"
"40,7 : 29.15"
"40,8 : 27.66"
"40,9 : 17.49"
"40,10 : 23.43"
"40,11 : 31.62"
"40,12 : 14.32"
"40,13 : 31.11"
"40,14 : 6.71"
"40,15 : 12.81"
"40,16 : 15.23"
"40,17 : 28.3"
"40,18 : 24.02"
"40,19 : 15.81"
"40,20 : 13.04"
"40,21 : 21.93"
"40,22 : 10.44"
"40,23 : 23.35"
"40,24 : 33.24"
"40,25 : 25.0"
"40,26 : 25.81"
"40,27 : 25.18"
"40,28 : 21.21"
"40,29 : 19.42"
"40,30 : 23.41"
"40,31 : 22.14"
"40,32 : 27.66"
"40,33 : 23.02"
"40,34 : 25.0"
"40,35 : 13.42"
"40,36 : 9.9"
"40,37 : 24.74"
"40,38 : 20.62"
"40,39 : 18.38"
"40,40 : 0.0"
"40,41 : 13.6"
"40,42 : 7.07"
"40,43 : 5.1"
"40,44 : 21.93"
"40,45 : 19.24"
"40,46 : 10.63"
"40,47 : 17.12"
"40,48 : 14.14"
"40,49 : 20.0"
"41,0 : 21.21"
"41,1 : 22.02"
"41,2 : 19.0"
"41,3 : 20.25"
"41,4 : 32.0"
"41,5 : 24.74"
"41,6 : 2.24"
"41,7 : 31.06"
"41,8 : 31.78"
"41,9 : 28.44"
"41,10 : 31.3"
"41,11 : 30.41"
"41,12 : 11.4"
"41,13 : 39.36"
"41,14 : 19.03"
"41,15 : 25.24"
"41,16 : 10.05"
"41,17 : 28.07"
"41,18 : 12.08"
"41,19 : 28.02"
"41,20 : 24.19"
"41,21 : 24.33"
"41,22 : 17.09"
"41,23 : 20.4"
"41,24 : 45.61"
"41,25 : 15.56"
"41,26 : 17.12"
"41,27 : 30.68"
"41,28 : 11.18"
"41,29 : 24.7"
"41,30 : 27.66"
"41,31 : 13.6"
"41,32 : 36.77"
"41,33 : 30.02"
"41,34 : 31.78"
"41,35 : 10.63"
"41,36 : 20.22"
"41,37 : 14.87"
"41,38 : 24.08"
"41,39 : 21.84"
"41,40 : 13.6"
"41,41 : 0.0"
"41,42 : 16.28"
"41,43 : 18.25"
"41,44 : 35.47"
"41,45 : 28.02"
"41,46 : 7.21"
"41,47 : 30.59"
"41,48 : 23.77"
"41,49 : 27.73"
"42,0 : 12.04"
"42,1 : 15.56"
"42,2 : 14.42"
"42,3 : 30.41"
"42,4 : 22.83"
"42,5 : 22.2"
"42,6 : 14.21"
"42,7 : 22.36"
"42,8 : 20.62"
"42,9 : 22.63"
"42,10 : 29.68"
"42,11 : 25.5"
"42,12 : 20.62"
"42,13 : 37.01"
"42,14 : 12.21"
"42,15 : 9.49"
"42,16 : 13.04"
"42,17 : 22.02"
"42,18 : 23.77"
"42,19 : 20.0"
"42,20 : 18.44"
"42,21 : 15.26"
"42,22 : 17.46"
"42,23 : 18.36"
"42,24 : 29.41"
"42,25 : 23.0"
"42,26 : 31.3"
"42,27 : 18.11"
"42,28 : 26.08"
"42,29 : 12.37"
"42,30 : 30.36"
"42,31 : 20.0"
"42,32 : 33.3"
"42,33 : 29.53"
"42,34 : 18.03"
"42,35 : 19.65"
"42,36 : 16.12"
"42,37 : 23.02"
"42,38 : 27.66"
"42,39 : 11.66"
"42,40 : 7.07"
"42,41 : 16.28"
"42,42 : 0.0"
"42,43 : 10.0"
"42,44 : 21.1"
"42,45 : 12.65"
"42,46 : 16.16"
"42,47 : 18.68"
"42,48 : 20.25"
"42,49 : 26.42"
"43,0 : 3.0"
"43,1 : 25.5"
"43,2 : 24.08"
"43,3 : 24.6"
"43,4 : 14.32"
"43,5 : 31.89"
"43,6 : 17.03"
"43,7 : 32.25"
"43,8 : 30.08"
"43,9 : 12.81"
"43,10 : 19.72"
"43,11 : 35.47"
"43,12 : 16.28"
"43,13 : 27.02"
"43,14 : 2.24"
"43,15 : 11.4"
"43,16 : 20.25"
"43,17 : 32.02"
"43,18 : 29.07"
"43,19 : 10.77"
"43,20 : 8.49"
"43,21 : 25.24"
"43,22 : 9.22"
"43,23 : 27.8"
"43,24 : 30.81"
"43,25 : 30.08"
"43,26 : 28.28"
"43,27 : 27.2"
"43,28 : 24.41"
"43,29 : 21.93"
"43,30 : 21.21"
"43,31 : 27.2"
"43,32 : 23.35"
"43,33 : 19.7"
"43,34 : 26.48"
"43,35 : 15.56"
"43,36 : 6.32"
"43,37 : 29.83"
"43,38 : 19.0"
"43,39 : 21.63"
"43,40 : 5.1"
"43,41 : 18.25"
"43,42 : 10.0"
"43,43 : 0.0"
"43,44 : 18.03"
"43,45 : 20.1"
"43,46 : 13.89"
"43,47 : 12.37"
"43,48 : 10.3"
"43,49 : 16.55"
"44,0 : 15.62"
"44,1 : 33.24"
"44,2 : 33.54"
"44,3 : 41.23"
"44,4 : 13.04"
"44,5 : 40.52"
"44,6 : 33.84"
"44,7 : 35.85"
"44,8 : 31.62"
"44,9 : 18.68"
"44,10 : 27.46"
"44,11 : 41.63"
"44,12 : 34.06"
"44,13 : 31.06"
"44,14 : 18.44"
"44,15 : 12.04"
"44,16 : 34.13"
"44,17 : 38.08"
"44,18 : 44.72"
"44,19 : 14.87"
"44,20 : 18.36"
"44,21 : 31.02"
"44,22 : 25.5"
"44,23 : 37.66"
"44,24 : 15.3"
"44,25 : 44.05"
"44,26 : 46.1"
"44,27 : 28.02"
"44,28 : 42.44"
"44,29 : 26.0"
"44,30 : 33.24"
"44,31 : 41.05"
"44,32 : 27.02"
"44,33 : 28.86"
"44,34 : 25.61"
"44,35 : 33.42"
"44,36 : 20.62"
"44,37 : 44.1"
"44,38 : 32.65"
"44,39 : 28.16"
"44,40 : 21.93"
"44,41 : 35.47"
"44,42 : 21.1"
"44,43 : 18.03"
"44,44 : 0.0"
"44,45 : 19.72"
"44,46 : 31.91"
"44,47 : 7.62"
"44,48 : 21.47"
"44,49 : 26.25"
"45,0 : 20.62"
"45,1 : 15.03"
"45,2 : 16.49"
"45,3 : 42.95"
"45,4 : 28.02"
"45,5 : 22.02"
"45,6 : 25.81"
"45,7 : 16.12"
"45,8 : 12.04"
"45,9 : 30.46"
"45,10 : 38.9"
"45,11 : 22.14"
"45,12 : 33.24"
"45,13 : 45.19"
"45,14 : 22.2"
"45,15 : 10.3"
"45,16 : 21.4"
"45,17 : 18.68"
"45,18 : 32.45"
"45,19 : 26.83"
"45,20 : 27.2"
"45,21 : 12.04"
"45,22 : 29.0"
"45,23 : 20.22"
"45,24 : 20.62"
"45,25 : 29.55"
"45,26 : 43.86"
"45,27 : 8.49"
"45,28 : 38.47"
"45,29 : 7.0"
"45,30 : 41.3"
"45,31 : 26.83"
"45,32 : 41.15"
"45,33 : 39.29"
"45,34 : 6.71"
"45,35 : 32.28"
"45,36 : 26.31"
"45,37 : 29.97"
"45,38 : 39.05"
"45,39 : 10.2"
"45,40 : 19.24"
"45,41 : 28.02"
"45,42 : 12.65"
"45,43 : 20.1"
"45,44 : 19.72"
"45,45 : 0.0"
"45,46 : 28.79"
"45,47 : 22.02"
"45,48 : 29.83"
"45,49 : 36.14"
"46,0 : 16.55"
"46,1 : 26.48"
"46,2 : 23.77"
"46,3 : 15.03"
"46,4 : 26.31"
"46,5 : 30.46"
"46,6 : 7.81"
"46,7 : 35.23"
"46,8 : 35.01"
"46,9 : 22.02"
"46,10 : 24.17"
"46,11 : 35.74"
"46,12 : 5.1"
"46,13 : 32.2"
"46,14 : 13.93"
"46,15 : 23.43"
"46,16 : 15.65"
"46,17 : 32.98"
"46,18 : 19.24"
"46,19 : 22.2"
"46,20 : 18.03"
"46,21 : 28.07"
"46,22 : 10.2"
"46,23 : 26.0"
"46,24 : 43.86"
"46,25 : 22.67"
"46,26 : 15.26"
"46,27 : 33.24"
"46,28 : 10.63"
"46,29 : 27.17"
"46,30 : 20.52"
"46,31 : 20.52"
"46,32 : 29.73"
"46,33 : 22.83"
"46,34 : 33.73"
"46,35 : 4.12"
"46,36 : 14.04"
"46,37 : 22.02"
"46,38 : 16.97"
"46,39 : 25.0"
"46,40 : 10.63"
"46,41 : 7.21"
"46,42 : 16.16"
"46,43 : 13.89"
"46,44 : 31.91"
"46,45 : 28.79"
"46,46 : 0.0"
"46,47 : 26.0"
"46,48 : 17.12"
"46,49 : 20.62"
"47,0 : 9.49"
"47,1 : 33.12"
"47,2 : 32.7"
"47,3 : 33.97"
"47,4 : 6.32"
"47,5 : 40.25"
"47,6 : 29.27"
"47,7 : 37.54"
"47,8 : 33.97"
"47,9 : 11.18"
"47,10 : 20.1"
"47,11 : 42.44"
"47,12 : 27.46"
"47,13 : 24.52"
"47,14 : 12.08"
"47,15 : 12.04"
"47,16 : 31.26"
"47,17 : 38.83"
"47,18 : 41.01"
"47,19 : 7.28"
"47,20 : 10.82"
"47,21 : 31.62"
"47,22 : 18.44"
"47,23 : 36.77"
"47,24 : 22.8"
"47,25 : 41.3"
"47,26 : 39.41"
"47,27 : 30.48"
"47,28 : 36.24"
"47,29 : 27.02"
"47,30 : 25.63"
"47,31 : 38.33"
"47,32 : 20.4"
"47,33 : 21.38"
"47,34 : 28.6"
"47,35 : 26.93"
"47,36 : 13.45"
"47,37 : 41.19"
"47,38 : 25.06"
"47,39 : 28.3"
"47,40 : 17.12"
"47,41 : 30.59"
"47,42 : 18.68"
"47,43 : 12.37"
"47,44 : 7.62"
"47,45 : 22.02"
"47,46 : 26.0"
"47,47 : 0.0"
"47,48 : 13.89"
"47,49 : 18.68"
"48,0 : 9.22"
"48,1 : 35.61"
"48,2 : 33.97"
"48,3 : 20.62"
"48,4 : 10.82"
"48,5 : 41.73"
"48,6 : 23.41"
"48,7 : 42.54"
"48,8 : 40.31"
"48,9 : 5.1"
"48,10 : 9.43"
"48,11 : 45.61"
"48,12 : 16.28"
"48,13 : 16.97"
"48,14 : 8.06"
"48,15 : 20.1"
"48,16 : 28.84"
"48,17 : 42.2"
"48,18 : 35.74"
"48,19 : 7.07"
"48,20 : 3.16"
"48,21 : 35.51"
"48,22 : 7.0"
"48,23 : 37.48"
"48,24 : 36.4"
"48,25 : 38.01"
"48,26 : 27.31"
"48,27 : 37.34"
"48,28 : 25.5"
"48,29 : 32.2"
"48,30 : 12.17"
"48,31 : 35.36"
"48,32 : 13.6"
"48,33 : 9.49"
"48,34 : 36.4"
"48,35 : 16.12"
"48,36 : 4.24"
"48,37 : 37.58"
"48,38 : 11.18"
"48,39 : 31.91"
"48,40 : 14.14"
"48,41 : 23.77"
"48,42 : 20.25"
"48,43 : 10.3"
"48,44 : 21.47"
"48,45 : 29.83"
"48,46 : 17.12"
"48,47 : 13.89"
"48,48 : 0.0"
"48,49 : 6.32"
"49,0 : 15.52"
"49,1 : 41.62"
"49,2 : 39.82"
"49,3 : 19.31"
"49,4 : 13.89"
"49,5 : 47.51"
"49,6 : 27.78"
"49,7 : 48.76"
"49,8 : 46.62"
"49,9 : 7.62"
"49,10 : 3.61"
"49,11 : 51.61"
"49,12 : 18.25"
"49,13 : 11.66"
"49,14 : 14.32"
"49,15 : 26.31"
"49,16 : 34.06"
"49,17 : 48.26"
"49,18 : 39.81"
"49,19 : 11.4"
"49,20 : 9.06"
"49,21 : 41.68"
"49,22 : 10.82"
"49,23 : 43.19"
"49,24 : 41.48"
"49,25 : 42.72"
"49,26 : 27.46"
"49,27 : 43.66"
"49,28 : 27.02"
"49,29 : 38.48"
"49,30 : 7.21"
"49,31 : 40.22"
"49,32 : 9.22"
"49,33 : 3.16"
"49,34 : 42.72"
"49,35 : 18.44"
"49,36 : 10.3"
"49,37 : 42.19"
"49,38 : 8.06"
"49,39 : 38.08"
"49,40 : 20.0"
"49,41 : 27.73"
"49,42 : 26.42"
"49,43 : 16.55"
"49,44 : 26.25"
"49,45 : 36.14"
"49,46 : 20.62"
"49,47 : 18.68"
"49,48 : 6.32"
"49,49 : 0.0"
