x,y
30,35
6,9
14,43
24,20
28,24
39,30
38,0
48,1
7,14
49,42
24,26
29,23
6,41
27,48
3,41
11,33
25,29
31,0
28,3
4,11
2,14
8,19
39,47
44,45
9,33
16,9
17,37
19,22
49,49
42,7
20,19
38,48
23,43
21,50
10,30
33,28
41,22
5,9
40,44
9,34
19,4
4,27
12,48
15,24
15,35
12,34
1,36
33,28
24,2
41,32

Distanze
"0,0 : 0.0"
"0,1 : 35.38"
"0,2 : 17.89"
"0,3 : 16.16"
"0,4 : 11.18"
"0,5 : 10.3"
"0,6 : 35.9"
"0,7 : 38.47"
"0,8 : 31.14"
"0,9 : 20.25"
"0,10 : 10.82"
"0,11 : 12.04"
"0,12 : 24.74"
"0,13 : 13.34"
"0,14 : 27.66"
"0,15 : 19.1"
"0,16 : 7.81"
"0,17 : 35.01"
"0,18 : 32.06"
"0,19 : 35.38"
"0,20 : 35.0"
"0,21 : 27.2"
"0,22 : 15.0"
"0,23 : 17.2"
"0,24 : 21.1"
"0,25 : 29.53"
"0,26 : 13.15"
"0,27 : 17.03"
"0,28 : 23.6"
"0,29 : 30.46"
"0,30 : 18.87"
"0,31 : 15.26"
"0,32 : 10.63"
"0,33 : 17.49"
"0,34 : 20.62"
"0,35 : 7.62"
"0,36 : 17.03"
"0,37 : 36.07"
"0,38 : 13.45"
"0,39 : 21.02"
"0,40 : 32.89"
"0,41 : 27.2"
"0,42 : 22.2"
"0,43 : 18.6"
"0,44 : 15.0"
"0,45 : 18.03"
"0,46 : 29.02"
"0,47 : 7.62"
"0,48 : 33.54"
"0,49 : 11.4"
"1,0 : 35.38"
"1,1 : 0.0"
"1,2 : 34.93"
"1,3 : 21.1"
"1,4 : 26.63"
"1,5 : 39.12"
"1,6 : 33.24"
"1,7 : 42.76"
"1,8 : 5.1"
"1,9 : 54.2"
"1,10 : 24.76"
"1,11 : 26.93"
"1,12 : 32.0"
"1,13 : 44.29"
"1,14 : 32.14"
"1,15 : 24.52"
"1,16 : 27.59"
"1,17 : 26.57"
"1,18 : 22.8"
"1,19 : 2.83"
"1,20 : 6.4"
"1,21 : 10.2"
"1,22 : 50.33"
"1,23 : 52.35"
"1,24 : 24.19"
"1,25 : 10.0"
"1,26 : 30.08"
"1,27 : 18.38"
"1,28 : 58.73"
"1,29 : 36.06"
"1,30 : 17.2"
"1,31 : 50.45"
"1,32 : 38.01"
"1,33 : 43.66"
"1,34 : 21.38"
"1,35 : 33.02"
"1,36 : 37.34"
"1,37 : 1.0"
"1,38 : 48.8"
"1,39 : 25.18"
"1,40 : 13.93"
"1,41 : 18.11"
"1,42 : 39.46"
"1,43 : 17.49"
"1,44 : 27.51"
"1,45 : 25.71"
"1,46 : 27.46"
"1,47 : 33.02"
"1,48 : 19.31"
"1,49 : 41.88"
"2,0 : 17.89"
"2,1 : 34.93"
"2,2 : 0.0"
"2,3 : 25.08"
"2,4 : 23.6"
"2,5 : 28.18"
"2,6 : 49.24"
"2,7 : 54.04"
"2,8 : 29.83"
"2,9 : 35.01"
"2,10 : 19.72"
"2,11 : 25.0"
"2,12 : 8.25"
"2,13 : 13.93"
"2,14 : 11.18"
"2,15 : 10.44"
"2,16 : 17.8"
"2,17 : 46.24"
"2,18 : 42.38"
"2,19 : 33.53"
"2,20 : 31.38"
"2,21 : 24.74"
"2,22 : 25.32"
"2,23 : 30.07"
"2,24 : 11.18"
"2,25 : 34.06"
"2,26 : 6.71"
"2,27 : 21.59"
"2,28 : 35.51"
"2,29 : 45.61"
"2,30 : 24.74"
"2,31 : 24.52"
"2,32 : 9.0"
"2,33 : 9.9"
"2,34 : 13.6"
"2,35 : 24.21"
"2,36 : 34.21"
"2,37 : 35.17"
"2,38 : 26.02"
"2,39 : 10.3"
"2,40 : 39.32"
"2,41 : 18.87"
"2,42 : 5.39"
"2,43 : 19.03"
"2,44 : 8.06"
"2,45 : 9.22"
"2,46 : 14.76"
"2,47 : 24.21"
"2,48 : 42.2"
"2,49 : 29.15"
"3,0 : 16.16"
"3,1 : 21.1"
"3,2 : 25.08"
"3,3 : 0.0"
"3,4 : 5.66"
"3,5 : 18.03"
"3,6 : 24.41"
"3,7 : 30.61"
"3,8 : 18.03"
"3,9 : 33.3"
"3,10 : 6.0"
"3,11 : 5.83"
"3,12 : 27.66"
"3,13 : 28.16"
"3,14 : 29.7"
"3,15 : 18.38"
"3,16 : 9.06"
"3,17 : 21.19"
"3,18 : 17.46"
"3,19 : 21.93"
"3,20 : 22.8"
"3,21 : 16.03"
"3,22 : 30.89"
"3,23 : 32.02"
"3,24 : 19.85"
"3,25 : 13.6"
"3,26 : 18.38"
"3,27 : 5.39"
"3,28 : 38.29"
"3,29 : 22.2"
"3,30 : 4.12"
"3,31 : 31.3"
"3,32 : 23.02"
"3,33 : 30.15"
"3,34 : 17.2"
"3,35 : 12.04"
"3,36 : 17.12"
"3,37 : 21.95"
"3,38 : 28.84"
"3,39 : 20.52"
"3,40 : 16.76"
"3,41 : 21.19"
"3,42 : 30.46"
"3,43 : 9.85"
"3,44 : 17.49"
"3,45 : 18.44"
"3,46 : 28.02"
"3,47 : 12.04"
"3,48 : 18.0"
"3,49 : 20.81"
"4,0 : 11.18"
"4,1 : 26.63"
"4,2 : 23.6"
"4,3 : 5.66"
"4,4 : 0.0"
"4,5 : 12.53"
"4,6 : 26.0"
"4,7 : 30.48"
"4,8 : 23.26"
"4,9 : 27.66"
"4,10 : 4.47"
"4,11 : 1.41"
"4,12 : 27.8"
"4,13 : 24.02"
"4,14 : 30.23"
"4,15 : 19.24"
"4,16 : 5.83"
"4,17 : 24.19"
"4,18 : 21.0"
"4,19 : 27.29"
"4,20 : 27.86"
"4,21 : 20.62"
"4,22 : 25.5"
"4,23 : 26.4"
"4,24 : 21.02"
"4,25 : 19.21"
"4,26 : 17.03"
"4,27 : 9.22"
"4,28 : 32.65"
"4,29 : 22.02"
"4,30 : 9.43"
"4,31 : 26.0"
"4,32 : 19.65"
"4,33 : 26.93"
"4,34 : 18.97"
"4,35 : 6.4"
"4,36 : 13.15"
"4,37 : 27.46"
"4,38 : 23.32"
"4,39 : 21.47"
"4,40 : 21.93"
"4,41 : 24.19"
"4,42 : 28.84"
"4,43 : 13.0"
"4,44 : 17.03"
"4,45 : 18.87"
"4,46 : 29.55"
"4,47 : 6.4"
"4,48 : 22.36"
"4,49 : 15.26"
"5,0 : 10.3"
"5,1 : 39.12"
"5,2 : 28.18"
"5,3 : 18.03"
"5,4 : 12.53"
"5,5 : 0.0"
"5,6 : 30.02"
"5,7 : 30.36"
"5,8 : 35.78"
"5,9 : 15.62"
"5,10 : 15.52"
"5,11 : 12.21"
"5,12 : 34.79"
"5,13 : 21.63"
"5,14 : 37.64"
"5,15 : 28.16"
"5,16 : 14.04"
"5,17 : 31.05"
"5,18 : 29.15"
"5,19 : 39.82"
"5,20 : 40.31"
"5,21 : 32.89"
"5,22 : 17.0"
"5,23 : 15.81"
"5,24 : 30.15"
"5,25 : 31.14"
"5,26 : 23.09"
"5,27 : 21.54"
"5,28 : 21.47"
"5,29 : 23.19"
"5,30 : 21.95"
"5,31 : 18.03"
"5,32 : 20.62"
"5,33 : 26.91"
"5,34 : 29.0"
"5,35 : 6.32"
"5,36 : 8.25"
"5,37 : 39.96"
"5,38 : 14.04"
"5,39 : 30.27"
"5,40 : 32.8"
"5,41 : 35.13"
"5,42 : 32.45"
"5,43 : 24.74"
"5,44 : 24.52"
"5,45 : 27.29"
"5,46 : 38.47"
"5,47 : 6.32"
"5,48 : 31.76"
"5,49 : 2.83"
"6,0 : 35.9"
"6,1 : 33.24"
"6,2 : 49.24"
"6,3 : 24.41"
"6,4 : 26.0"
"6,5 : 30.02"
"6,6 : 0.0"
"6,7 : 10.05"
"6,8 : 34.01"
"6,9 : 43.42"
"6,10 : 29.53"
"6,11 : 24.7"
"6,12 : 52.01"
"6,13 : 49.24"
"6,14 : 53.91"
"6,15 : 42.64"
"6,16 : 31.78"
"6,17 : 7.0"
"6,18 : 10.44"
"6,19 : 35.74"
"6,20 : 38.63"
"6,21 : 35.51"
"6,22 : 47.01"
"6,23 : 45.4"
"6,24 : 43.93"
"6,25 : 23.77"
"6,26 : 42.54"
"6,27 : 29.07"
"6,28 : 50.22"
"6,29 : 8.06"
"6,30 : 26.17"
"6,31 : 48.0"
"6,32 : 45.54"
"6,33 : 52.81"
"6,34 : 41.04"
"6,35 : 28.44"
"6,36 : 22.2"
"6,37 : 34.21"
"6,38 : 44.05"
"6,39 : 44.69"
"6,40 : 19.42"
"6,41 : 43.42"
"6,42 : 54.59"
"6,43 : 33.24"
"6,44 : 41.88"
"6,45 : 42.8"
"6,46 : 51.62"
"6,47 : 28.44"
"6,48 : 14.14"
"6,49 : 32.14"
"7,0 : 38.47"
"7,1 : 42.76"
"7,2 : 54.04"
"7,3 : 30.61"
"7,4 : 30.48"
"7,5 : 30.36"
"7,6 : 10.05"
"7,7 : 0.0"
"7,8 : 43.01"
"7,9 : 41.01"
"7,10 : 34.66"
"7,11 : 29.07"
"7,12 : 58.0"
"7,13 : 51.48"
"7,14 : 60.21"
"7,15 : 48.92"
"7,16 : 36.24"
"7,17 : 17.03"
"7,18 : 20.1"
"7,19 : 45.12"
"7,20 : 47.8"
"7,21 : 43.86"
"7,22 : 46.87"
"7,23 : 44.18"
"7,24 : 50.45"
"7,25 : 32.98"
"7,26 : 47.51"
"7,27 : 35.81"
"7,28 : 48.01"
"7,29 : 8.49"
"7,30 : 33.29"
"7,31 : 48.05"
"7,32 : 48.88"
"7,33 : 55.95"
"7,34 : 47.8"
"7,35 : 30.89"
"7,36 : 22.14"
"7,37 : 43.74"
"7,38 : 43.74"
"7,39 : 51.09"
"7,40 : 29.15"
"7,41 : 51.11"
"7,42 : 59.2"
"7,43 : 40.22"
"7,44 : 47.38"
"7,45 : 48.84"
"7,46 : 58.6"
"7,47 : 30.89"
"7,48 : 24.02"
"7,49 : 31.78"
"8,0 : 31.14"
"8,1 : 5.1"
"8,2 : 29.83"
"8,3 : 18.03"
"8,4 : 23.26"
"8,5 : 35.78"
"8,6 : 34.01"
"8,7 : 43.01"
"8,8 : 0.0"
"8,9 : 50.48"
"8,10 : 20.81"
"8,11 : 23.77"
"8,12 : 27.02"
"8,13 : 39.45"
"8,14 : 27.29"
"8,15 : 19.42"
"8,16 : 23.43"
"8,17 : 27.78"
"8,18 : 23.71"
"8,19 : 4.24"
"8,20 : 5.0"
"8,21 : 5.1"
"8,22 : 45.97"
"8,23 : 48.27"
"8,24 : 19.1"
"8,25 : 10.3"
"8,26 : 25.08"
"8,27 : 14.42"
"8,28 : 54.67"
"8,29 : 35.69"
"8,30 : 13.93"
"8,31 : 46.01"
"8,32 : 33.12"
"8,33 : 38.63"
"8,34 : 16.28"
"8,35 : 29.53"
"8,36 : 34.93"
"8,37 : 5.39"
"8,38 : 44.6"
"8,39 : 20.1"
"8,40 : 15.62"
"8,41 : 13.34"
"8,42 : 34.37"
"8,43 : 12.81"
"8,44 : 22.47"
"8,45 : 20.62"
"8,46 : 22.8"
"8,47 : 29.53"
"8,48 : 20.81"
"8,49 : 38.47"
"9,0 : 20.25"
"9,1 : 54.2"
"9,2 : 35.01"
"9,3 : 33.3"
"9,4 : 27.66"
"9,5 : 15.62"
"9,6 : 43.42"
"9,7 : 41.01"
"9,8 : 50.48"
"9,9 : 0.0"
"9,10 : 29.68"
"9,11 : 27.59"
"9,12 : 43.01"
"9,13 : 22.8"
"9,14 : 46.01"
"9,15 : 39.05"
"9,16 : 27.29"
"9,17 : 45.69"
"9,18 : 44.29"
"9,19 : 54.64"
"9,20 : 54.71"
"9,21 : 47.01"
"9,22 : 11.18"
"9,23 : 5.83"
"9,24 : 41.0"
"9,25 : 46.67"
"9,26 : 32.39"
"9,27 : 36.06"
"9,28 : 7.0"
"9,29 : 35.69"
"9,30 : 37.01"
"9,31 : 12.53"
"9,32 : 26.02"
"9,33 : 29.12"
"9,34 : 40.8"
"9,35 : 21.26"
"9,36 : 21.54"
"9,37 : 55.0"
"9,38 : 9.22"
"9,39 : 40.79"
"9,40 : 48.41"
"9,41 : 47.43"
"9,42 : 37.48"
"9,43 : 38.47"
"9,44 : 34.71"
"9,45 : 37.85"
"9,46 : 48.37"
"9,47 : 21.26"
"9,48 : 47.17"
"9,49 : 12.81"
"10,0 : 10.82"
"10,1 : 24.76"
"10,2 : 19.72"
"10,3 : 6.0"
"10,4 : 4.47"
"10,5 : 15.52"
"10,6 : 29.53"
"10,7 : 34.66"
"10,8 : 20.81"
"10,9 : 29.68"
"10,10 : 0.0"
"10,11 : 5.83"
"10,12 : 23.43"
"10,13 : 22.2"
"10,14 : 25.81"
"10,15 : 14.76"
"10,16 : 3.16"
"10,17 : 26.93"
"10,18 : 23.35"
"10,19 : 25.0"
"10,20 : 25.06"
"10,21 : 17.46"
"10,22 : 25.81"
"10,23 : 27.59"
"10,24 : 16.55"
"10,25 : 18.79"
"10,26 : 13.04"
"10,27 : 6.4"
"10,28 : 33.97"
"10,29 : 26.17"
"10,30 : 8.06"
"10,31 : 26.08"
"10,32 : 17.03"
"10,33 : 24.19"
"10,34 : 14.56"
"10,35 : 9.22"
"10,36 : 17.46"
"10,37 : 25.5"
"10,38 : 24.08"
"10,39 : 17.0"
"10,40 : 22.56"
"10,41 : 20.02"
"10,42 : 25.06"
"10,43 : 9.22"
"10,44 : 12.73"
"10,45 : 14.42"
"10,46 : 25.08"
"10,47 : 9.22"
"10,48 : 24.0"
"10,49 : 18.03"
"11,0 : 12.04"
"11,1 : 26.93"
"11,2 : 25.0"
"11,3 : 5.83"
"11,4 : 1.41"
"11,5 : 12.21"
"11,6 : 24.7"
"11,7 : 29.07"
"11,8 : 23.77"
"11,9 : 27.59"
"11,10 : 5.83"
"11,11 : 0.0"
"11,12 : 29.21"
"11,13 : 25.08"
"11,14 : 31.62"
"11,15 : 20.59"
"11,16 : 7.21"
"11,17 : 23.09"
"11,18 : 20.02"
"11,19 : 27.73"
"11,20 : 28.46"
"11,21 : 21.38"
"11,22 : 26.0"
"11,23 : 26.63"
"11,24 : 22.36"
"11,25 : 19.1"
"11,26 : 18.44"
"11,27 : 10.05"
"11,28 : 32.8"
"11,29 : 20.62"
"11,30 : 9.85"
"11,31 : 26.57"
"11,32 : 20.88"
"11,33 : 28.16"
"11,34 : 20.25"
"11,35 : 6.4"
"11,36 : 12.04"
"11,37 : 27.78"
"11,38 : 23.71"
"11,39 : 22.83"
"11,40 : 21.47"
"11,41 : 25.32"
"11,42 : 30.23"
"11,43 : 14.04"
"11,44 : 18.44"
"11,45 : 20.25"
"11,46 : 30.87"
"11,47 : 6.4"
"11,48 : 21.59"
"11,49 : 15.0"
"12,0 : 24.74"
"12,1 : 32.0"
"12,2 : 8.25"
"12,3 : 27.66"
"12,4 : 27.8"
"12,5 : 34.79"
"12,6 : 52.01"
"12,7 : 58.0"
"12,8 : 27.02"
"12,9 : 43.01"
"12,10 : 23.43"
"12,11 : 29.21"
"12,12 : 0.0"
"12,13 : 22.14"
"12,14 : 3.0"
"12,15 : 9.43"
"12,16 : 22.47"
"12,17 : 48.02"
"12,18 : 43.91"
"12,19 : 30.07"
"12,20 : 27.29"
"12,21 : 22.09"
"12,22 : 33.54"
"12,23 : 38.21"
"12,24 : 8.54"
"12,25 : 33.53"
"12,26 : 11.7"
"12,27 : 23.02"
"12,28 : 43.74"
"12,29 : 49.52"
"12,30 : 26.08"
"12,31 : 32.76"
"12,32 : 17.12"
"12,33 : 17.49"
"12,34 : 11.7"
"12,35 : 29.97"
"12,36 : 39.82"
"12,37 : 32.02"
"12,38 : 34.13"
"12,39 : 7.62"
"12,40 : 39.22"
"12,41 : 14.14"
"12,42 : 9.22"
"12,43 : 19.24"
"12,44 : 10.82"
"12,45 : 9.22"
"12,46 : 7.07"
"12,47 : 29.97"
"12,48 : 42.95"
"12,49 : 36.14"
"13,0 : 13.34"
"13,1 : 44.29"
"13,2 : 13.93"
"13,3 : 28.16"
"13,4 : 24.02"
"13,5 : 21.63"
"13,6 : 49.24"
"13,7 : 51.48"
"13,8 : 39.45"
"13,9 : 22.8"
"13,10 : 22.2"
"13,11 : 25.08"
"13,12 : 22.14"
"13,13 : 0.0"
"13,14 : 25.0"
"13,15 : 21.93"
"13,16 : 19.1"
"13,17 : 48.17"
"13,18 : 45.01"
"13,19 : 43.57"
"13,20 : 42.2"
"13,21 : 34.67"
"13,22 : 12.04"
"13,23 : 17.26"
"13,24 : 23.43"
"13,25 : 40.52"
"13,26 : 14.87"
"13,27 : 27.2"
"13,28 : 22.02"
"13,29 : 43.66"
"13,30 : 29.83"
"13,31 : 11.0"
"13,32 : 6.4"
"13,33 : 6.32"
"13,34 : 24.76"
"13,35 : 20.88"
"13,36 : 29.53"
"13,37 : 44.78"
"13,38 : 13.6"
"13,39 : 22.8"
"13,40 : 44.72"
"13,41 : 31.14"
"13,42 : 15.0"
"13,43 : 26.83"
"13,44 : 17.69"
"13,45 : 20.52"
"13,46 : 28.64"
"13,47 : 20.88"
"13,48 : 46.1"
"13,49 : 21.26"
"14,0 : 27.66"
"14,1 : 32.14"
"14,2 : 11.18"
"14,3 : 29.7"
"14,4 : 30.23"
"14,5 : 37.64"
"14,6 : 53.91"
"14,7 : 60.21"
"14,8 : 27.29"
"14,9 : 46.01"
"14,10 : 25.81"
"14,11 : 31.62"
"14,12 : 3.0"
"14,13 : 25.0"
"14,14 : 0.0"
"14,15 : 11.31"
"14,16 : 25.06"
"14,17 : 49.65"
"14,18 : 45.49"
"14,19 : 30.02"
"14,20 : 27.02"
"14,21 : 22.56"
"14,22 : 36.5"
"14,23 : 41.19"
"14,24 : 10.0"
"14,25 : 34.54"
"14,26 : 14.56"
"14,27 : 24.84"
"14,28 : 46.69"
"14,29 : 51.74"
"14,30 : 27.8"
"14,31 : 35.69"
"14,32 : 20.1"
"14,33 : 20.12"
"14,34 : 13.04"
"14,35 : 32.7"
"14,36 : 42.49"
"14,37 : 32.06"
"14,38 : 37.12"
"14,39 : 9.22"
"14,40 : 40.31"
"14,41 : 14.04"
"14,42 : 11.4"
"14,43 : 20.81"
"14,44 : 13.42"
"14,45 : 11.4"
"14,46 : 5.39"
"14,47 : 32.7"
"14,48 : 44.29"
"14,49 : 39.05"
"15,0 : 19.1"
"15,1 : 24.52"
"15,2 : 10.44"
"15,3 : 18.38"
"15,4 : 19.24"
"15,5 : 28.16"
"15,6 : 42.64"
"15,7 : 48.92"
"15,8 : 19.42"
"15,9 : 39.05"
"15,10 : 14.76"
"15,11 : 20.59"
"15,12 : 9.43"
"15,13 : 21.93"
"15,14 : 11.31"
"15,15 : 0.0"
"15,16 : 14.56"
"15,17 : 38.59"
"15,18 : 34.48"
"15,19 : 23.09"
"15,20 : 21.02"
"15,21 : 14.32"
"15,22 : 31.3"
"15,23 : 35.11"
"15,24 : 2.0"
"15,25 : 24.52"
"15,26 : 7.21"
"15,27 : 13.6"
"15,28 : 41.23"
"15,29 : 40.46"
"15,30 : 16.64"
"15,31 : 30.89"
"15,32 : 15.62"
"15,33 : 19.72"
"15,34 : 3.16"
"15,35 : 22.56"
"15,36 : 31.95"
"15,37 : 24.74"
"15,38 : 31.02"
"15,39 : 2.24"
"15,40 : 30.08"
"15,41 : 9.22"
"15,42 : 15.03"
"15,43 : 9.85"
"15,44 : 4.47"
"15,45 : 1.41"
"15,46 : 10.44"
"15,47 : 22.56"
"15,48 : 33.62"
"15,49 : 30.02"
"16,0 : 7.81"
"16,1 : 27.59"
"16,2 : 17.8"
"16,3 : 9.06"
"16,4 : 5.83"
"16,5 : 14.04"
"16,6 : 31.78"
"16,7 : 36.24"
"16,8 : 23.43"
"16,9 : 27.29"
"16,10 : 3.16"
"16,11 : 7.21"
"16,12 : 22.47"
"16,13 : 19.1"
"16,14 : 25.06"
"16,15 : 14.56"
"16,16 : 0.0"
"16,17 : 29.61"
"16,18 : 26.17"
"16,19 : 27.66"
"16,20 : 27.46"
"16,21 : 19.72"
"16,22 : 22.8"
"16,23 : 24.84"
"16,24 : 16.49"
"16,25 : 21.93"
"16,26 : 11.31"
"16,27 : 9.22"
"16,28 : 31.24"
"16,29 : 27.8"
"16,30 : 11.18"
"16,31 : 23.02"
"16,32 : 14.14"
"16,33 : 21.38"
"16,34 : 15.03"
"16,35 : 8.06"
"16,36 : 17.46"
"16,37 : 28.28"
"16,38 : 21.21"
"16,39 : 16.76"
"16,40 : 25.71"
"16,41 : 21.1"
"16,42 : 23.02"
"16,43 : 11.18"
"16,44 : 11.66"
"16,45 : 13.93"
"16,46 : 25.0"
"16,47 : 8.06"
"16,48 : 27.02"
"16,49 : 16.28"
"17,0 : 35.01"
"17,1 : 26.57"
"17,2 : 46.24"
"17,3 : 21.19"
"17,4 : 24.19"
"17,5 : 31.05"
"17,6 : 7.0"
"17,7 : 17.03"
"17,8 : 27.78"
"17,9 : 45.69"
"17,10 : 26.93"
"17,11 : 23.09"
"17,12 : 48.02"
"17,13 : 48.17"
"17,14 : 49.65"
"17,15 : 38.59"
"17,16 : 29.61"
"17,17 : 0.0"
"17,18 : 4.24"
"17,19 : 29.15"
"17,20 : 32.2"
"17,21 : 29.83"
"17,22 : 47.68"
"17,23 : 46.84"
"17,24 : 39.66"
"17,25 : 17.49"
"17,26 : 39.56"
"17,27 : 25.06"
"17,28 : 52.2"
"17,29 : 13.04"
"17,30 : 21.95"
"17,31 : 48.51"
"17,32 : 43.74"
"17,33 : 50.99"
"17,34 : 36.62"
"17,35 : 28.07"
"17,36 : 24.17"
"17,37 : 27.51"
"17,38 : 44.91"
"17,39 : 40.5"
"17,40 : 12.65"
"17,41 : 38.18"
"17,42 : 51.62"
"17,43 : 28.84"
"17,44 : 38.48"
"17,45 : 38.95"
"17,46 : 46.86"
"17,47 : 28.07"
"17,48 : 7.28"
"17,49 : 33.53"
"18,0 : 32.06"
"18,1 : 22.8"
"18,2 : 42.38"
"18,3 : 17.46"
"18,4 : 21.0"
"18,5 : 29.15"
"18,6 : 10.44"
"18,7 : 20.1"
"18,8 : 23.71"
"18,9 : 44.29"
"18,10 : 23.35"
"18,11 : 20.02"
"18,12 : 43.91"
"18,13 : 45.01"
"18,14 : 45.49"
"18,15 : 34.48"
"18,16 : 26.17"
"18,17 : 4.24"
"18,18 : 0.0"
"18,19 : 25.3"
"18,20 : 28.23"
"18,21 : 25.61"
"18,22 : 45.35"
"18,23 : 44.94"
"18,24 : 35.51"
"18,25 : 13.42"
"18,26 : 35.74"
"18,27 : 21.02"
"18,28 : 50.57"
"18,29 : 14.56"
"18,30 : 17.89"
"18,31 : 46.1"
"18,32 : 40.31"
"18,33 : 47.52"
"18,34 : 32.45"
"18,35 : 25.5"
"18,36 : 23.02"
"18,37 : 23.77"
"18,38 : 42.72"
"18,39 : 36.36"
"18,40 : 9.06"
"18,41 : 33.94"
"18,42 : 47.76"
"18,43 : 24.7"
"18,44 : 34.54"
"18,45 : 34.89"
"18,46 : 42.64"
"18,47 : 25.5"
"18,48 : 4.12"
"18,49 : 31.78"
"19,0 : 35.38"
"19,1 : 2.83"
"19,2 : 33.53"
"19,3 : 21.93"
"19,4 : 27.29"
"19,5 : 39.82"
"19,6 : 35.74"
"19,7 : 45.12"
"19,8 : 4.24"
"19,9 : 54.64"
"19,10 : 25.0"
"19,11 : 27.73"
"19,12 : 30.07"
"19,13 : 43.57"
"19,14 : 30.02"
"19,15 : 23.09"
"19,16 : 27.66"
"19,17 : 29.15"
"19,18 : 25.3"
"19,19 : 0.0"
"19,20 : 3.61"
"19,21 : 8.94"
"19,22 : 50.21"
"19,23 : 52.5"
"19,24 : 22.56"
"19,25 : 12.17"
"19,26 : 29.07"
"19,27 : 18.6"
"19,28 : 58.9"
"19,29 : 38.21"
"19,30 : 17.89"
"19,31 : 50.25"
"19,32 : 37.22"
"19,33 : 42.54"
"19,34 : 19.92"
"19,35 : 33.62"
"19,36 : 38.6"
"19,37 : 2.24"
"19,38 : 48.84"
"19,39 : 23.54"
"19,40 : 16.55"
"19,41 : 16.0"
"19,42 : 37.85"
"19,43 : 17.03"
"19,44 : 26.4"
"19,45 : 24.35"
"19,46 : 25.18"
"19,47 : 33.62"
"19,48 : 21.93"
"19,49 : 42.54"
"20,0 : 35.0"
"20,1 : 6.4"
"20,2 : 31.38"
"20,3 : 22.8"
"20,4 : 27.86"
"20,5 : 40.31"
"20,6 : 38.63"
"20,7 : 47.8"
"20,8 : 5.0"
"20,9 : 54.71"
"20,10 : 25.06"
"20,11 : 28.46"
"20,12 : 27.29"
"20,13 : 42.2"
"20,14 : 27.02"
"20,15 : 21.02"
"20,16 : 27.46"
"20,17 : 32.2"
"20,18 : 28.23"
"20,19 : 3.61"
"20,20 : 0.0"
"20,21 : 7.81"
"20,22 : 49.58"
"20,23 : 52.2"
"20,24 : 20.25"
"20,25 : 14.87"
"20,26 : 27.46"
"20,27 : 18.79"
"20,28 : 58.6"
"20,29 : 40.61"
"20,30 : 18.68"
"20,31 : 49.52"
"20,32 : 35.81"
"20,33 : 40.71"
"20,34 : 17.89"
"20,35 : 34.01"
"20,36 : 39.81"
"20,37 : 5.83"
"20,38 : 48.41"
"20,39 : 21.19"
"20,40 : 19.72"
"20,41 : 13.15"
"20,42 : 35.44"
"20,43 : 16.4"
"20,44 : 24.7"
"20,45 : 22.36"
"20,46 : 22.02"
"20,47 : 34.01"
"20,48 : 25.06"
"20,49 : 42.95"
"21,0 : 27.2"
"21,1 : 10.2"
"21,2 : 24.74"
"21,3 : 16.03"
"21,4 : 20.62"
"21,5 : 32.89"
"21,6 : 35.51"
"21,7 : 43.86"
"21,8 : 5.1"
"21,9 : 47.01"
"21,10 : 17.46"
"21,11 : 21.38"
"21,12 : 22.09"
"21,13 : 34.67"
"21,14 : 22.56"
"21,15 : 14.32"
"21,16 : 19.72"
"21,17 : 29.83"
"21,18 : 25.61"
"21,19 : 8.94"
"21,20 : 7.81"
"21,21 : 0.0"
"21,22 : 41.77"
"21,23 : 44.41"
"21,24 : 14.04"
"21,25 : 12.81"
"21,26 : 20.12"
"21,27 : 11.4"
"21,28 : 50.8"
"21,29 : 36.06"
"21,30 : 12.0"
"21,31 : 41.73"
"21,32 : 28.3"
"21,33 : 33.62"
"21,34 : 11.18"
"21,35 : 26.57"
"21,36 : 33.14"
"21,37 : 10.44"
"21,38 : 40.61"
"21,39 : 15.03"
"21,40 : 18.6"
"21,41 : 8.94"
"21,42 : 29.27"
"21,43 : 8.6"
"21,44 : 17.46"
"21,45 : 15.52"
"21,46 : 18.38"
"21,47 : 26.57"
"21,48 : 23.35"
"21,49 : 35.47"
"22,0 : 15.0"
"22,1 : 50.33"
"22,2 : 25.32"
"22,3 : 30.89"
"22,4 : 25.5"
"22,5 : 17.0"
"22,6 : 47.01"
"22,7 : 46.87"
"22,8 : 45.97"
"22,9 : 11.18"
"22,10 : 25.81"
"22,11 : 26.0"
"22,12 : 33.54"
"22,13 : 12.04"
"22,14 : 36.5"
"22,15 : 31.3"
"22,16 : 22.8"
"22,17 : 47.68"
"22,18 : 45.35"
"22,19 : 50.21"
"22,20 : 49.58"
"22,21 : 41.77"
"22,22 : 0.0"
"22,23 : 5.39"
"22,24 : 33.11"
"22,25 : 44.42"
"22,26 : 24.17"
"22,27 : 32.02"
"22,28 : 10.2"
"22,29 : 40.11"
"22,30 : 33.84"
"22,31 : 1.41"
"22,32 : 16.49"
"22,33 : 18.25"
"22,34 : 33.62"
"22,35 : 19.92"
"22,36 : 25.08"
"22,37 : 50.99"
"22,38 : 3.16"
"22,39 : 32.7"
"22,40 : 47.42"
"22,41 : 40.31"
"22,42 : 27.02"
"22,43 : 33.24"
"22,44 : 26.83"
"22,45 : 29.97"
"22,46 : 39.56"
"22,47 : 19.92"
"22,48 : 47.43"
"22,49 : 15.13"
"23,0 : 17.2"
"23,1 : 52.35"
"23,2 : 30.07"
"23,3 : 32.02"
"23,4 : 26.4"
"23,5 : 15.81"
"23,6 : 45.4"
"23,7 : 44.18"
"23,8 : 48.27"
"23,9 : 5.83"
"23,10 : 27.59"
"23,11 : 26.63"
"23,12 : 38.21"
"23,13 : 17.26"
"23,14 : 41.19"
"23,15 : 35.11"
"23,16 : 24.84"
"23,17 : 46.84"
"23,18 : 44.94"
"23,19 : 52.5"
"23,20 : 52.2"
"23,21 : 44.41"
"23,22 : 5.39"
"23,23 : 0.0"
"23,24 : 37.0"
"23,25 : 45.61"
"23,26 : 28.16"
"23,27 : 33.97"
"23,28 : 6.4"
"23,29 : 38.05"
"23,30 : 35.38"
"23,31 : 6.71"
"23,32 : 21.1"
"23,33 : 23.54"
"23,34 : 37.16"
"23,35 : 20.25"
"23,36 : 23.19"
"23,37 : 53.08"
"23,38 : 4.12"
"23,39 : 36.69"
"23,40 : 48.02"
"23,41 : 43.86"
"23,42 : 32.14"
"23,43 : 35.81"
"23,44 : 30.68"
"23,45 : 33.84"
"23,46 : 43.93"
"23,47 : 20.25"
"23,48 : 47.42"
"23,49 : 13.34"
"24,0 : 21.1"
"24,1 : 24.19"
"24,2 : 11.18"
"24,3 : 19.85"
"24,4 : 21.02"
"24,5 : 30.15"
"24,6 : 43.93"
"24,7 : 50.45"
"24,8 : 19.1"
"24,9 : 41.0"
"24,10 : 16.55"
"24,11 : 22.36"
"24,12 : 8.54"
"24,13 : 23.43"
"24,14 : 10.0"
"24,15 : 2.0"
"24,16 : 16.49"
"24,17 : 39.66"
"24,18 : 35.51"
"24,19 : 22.56"
"24,20 : 20.25"
"24,21 : 14.04"
"24,22 : 33.11"
"24,23 : 37.0"
"24,24 : 0.0"
"24,25 : 25.0"
"24,26 : 8.94"
"24,27 : 14.87"
"24,28 : 43.08"
"24,29 : 42.01"
"24,30 : 17.8"
"24,31 : 32.65"
"24,32 : 17.2"
"24,33 : 20.81"
"24,34 : 3.16"
"24,35 : 24.52"
"24,36 : 33.84"
"24,37 : 24.33"
"24,38 : 32.89"
"24,39 : 1.0"
"24,40 : 30.68"
"24,41 : 7.81"
"24,42 : 15.3"
"24,43 : 10.82"
"24,44 : 6.32"
"24,45 : 3.16"
"24,46 : 8.54"
"24,47 : 24.52"
"24,48 : 34.44"
"24,49 : 32.02"
"25,0 : 29.53"
"25,1 : 10.0"
"25,2 : 34.06"
"25,3 : 13.6"
"25,4 : 19.21"
"25,5 : 31.14"
"25,6 : 23.77"
"25,7 : 32.98"
"25,8 : 10.3"
"25,9 : 46.67"
"25,10 : 18.79"
"25,11 : 19.1"
"25,12 : 33.53"
"25,13 : 40.52"
"25,14 : 34.54"
"25,15 : 24.52"
"25,16 : 21.93"
"25,17 : 17.49"
"25,18 : 13.42"
"25,19 : 12.17"
"25,20 : 14.87"
"25,21 : 12.81"
"25,22 : 44.42"
"25,23 : 45.61"
"25,24 : 25.0"
"25,25 : 0.0"
"25,26 : 28.02"
"25,27 : 13.34"
"25,28 : 51.86"
"25,29 : 26.08"
"25,30 : 10.77"
"25,31 : 44.78"
"25,32 : 34.71"
"25,33 : 41.3"
"25,34 : 21.84"
"25,35 : 25.5"
"25,36 : 28.18"
"25,37 : 11.0"
"25,38 : 42.44"
"25,39 : 25.96"
"25,40 : 5.83"
"25,41 : 21.63"
"25,42 : 39.2"
"25,43 : 15.03"
"25,44 : 26.02"
"25,45 : 25.32"
"25,46 : 30.89"
"25,47 : 25.5"
"25,48 : 10.63"
"25,49 : 33.97"
"26,0 : 13.15"
"26,1 : 30.08"
"26,2 : 6.71"
"26,3 : 18.38"
"26,4 : 17.03"
"26,5 : 23.09"
"26,6 : 42.54"
"26,7 : 47.51"
"26,8 : 25.08"
"26,9 : 32.39"
"26,10 : 13.04"
"26,11 : 18.44"
"26,12 : 11.7"
"26,13 : 14.87"
"26,14 : 14.56"
"26,15 : 7.21"
"26,16 : 11.31"
"26,17 : 39.56"
"26,18 : 35.74"
"26,19 : 29.07"
"26,20 : 27.46"
"26,21 : 20.12"
"26,22 : 24.17"
"26,23 : 28.16"
"26,24 : 8.94"
"26,25 : 28.02"
"26,26 : 0.0"
"26,27 : 15.13"
"26,28 : 34.18"
"26,29 : 39.05"
"26,30 : 18.25"
"26,31 : 23.71"
"26,32 : 8.49"
"26,33 : 13.6"
"26,34 : 9.9"
"26,35 : 18.36"
"26,36 : 28.3"
"26,37 : 30.46"
"26,38 : 24.04"
"26,39 : 8.54"
"26,40 : 33.06"
"26,41 : 16.4"
"26,42 : 12.08"
"26,43 : 13.15"
"26,44 : 2.83"
"26,45 : 5.83"
"26,46 : 16.03"
"26,47 : 18.36"
"26,48 : 35.69"
"26,49 : 24.52"
"27,0 : 17.03"
"27,1 : 18.38"
"27,2 : 21.59"
"27,3 : 5.39"
"27,4 : 9.22"
"27,5 : 21.54"
"27,6 : 29.07"
"27,7 : 35.81"
"27,8 : 14.42"
"27,9 : 36.06"
"27,10 : 6.4"
"27,11 : 10.05"
"27,12 : 23.02"
"27,13 : 27.2"
"27,14 : 24.84"
"27,15 : 13.6"
"27,16 : 9.22"
"27,17 : 25.06"
"27,18 : 21.02"
"27,19 : 18.6"
"27,20 : 18.79"
"27,21 : 11.4"
"27,22 : 32.02"
"27,23 : 33.97"
"27,24 : 14.87"
"27,25 : 13.34"
"27,26 : 15.13"
"27,27 : 0.0"
"27,28 : 40.36"
"27,29 : 27.46"
"27,30 : 3.16"
"27,31 : 32.2"
"27,32 : 21.38"
"27,33 : 28.07"
"27,34 : 12.04"
"27,35 : 15.23"
"27,36 : 22.0"
"27,37 : 19.1"
"27,38 : 30.41"
"27,39 : 15.62"
"27,40 : 18.0"
"27,41 : 15.81"
"27,42 : 26.93"
"27,43 : 4.47"
"27,44 : 13.6"
"27,45 : 13.89"
"27,46 : 22.8"
"27,47 : 15.23"
"27,48 : 20.62"
"27,49 : 24.17"
"28,0 : 23.6"
"28,1 : 58.73"
"28,2 : 35.51"
"28,3 : 38.29"
"28,4 : 32.65"
"28,5 : 21.47"
"28,6 : 50.22"
"28,7 : 48.01"
"28,8 : 54.67"
"28,9 : 7.0"
"28,10 : 33.97"
"28,11 : 32.8"
"28,12 : 43.74"
"28,13 : 22.02"
"28,14 : 46.69"
"28,15 : 41.23"
"28,16 : 31.24"
"28,17 : 52.2"
"28,18 : 50.57"
"28,19 : 58.9"
"28,20 : 58.6"
"28,21 : 50.8"
"28,22 : 10.2"
"28,23 : 6.4"
"28,24 : 43.08"
"28,25 : 51.86"
"28,26 : 34.18"
"28,27 : 40.36"
"28,28 : 0.0"
"28,29 : 42.58"
"28,30 : 41.73"
"28,31 : 11.05"
"28,32 : 26.68"
"28,33 : 28.02"
"28,34 : 43.38"
"28,35 : 26.4"
"28,36 : 28.16"
"28,37 : 59.46"
"28,38 : 10.3"
"28,39 : 42.72"
"28,40 : 54.08"
"28,41 : 50.09"
"28,42 : 37.01"
"28,43 : 42.2"
"28,44 : 36.77"
"28,45 : 39.92"
"28,46 : 49.73"
"28,47 : 26.4"
"28,48 : 53.24"
"28,49 : 18.79"
"29,0 : 30.46"
"29,1 : 36.06"
"29,2 : 45.61"
"29,3 : 22.2"
"29,4 : 22.02"
"29,5 : 23.19"
"29,6 : 8.06"
"29,7 : 8.49"
"29,8 : 35.69"
"29,9 : 35.69"
"29,10 : 26.17"
"29,11 : 20.62"
"29,12 : 49.52"
"29,13 : 43.66"
"29,14 : 51.74"
"29,15 : 40.46"
"29,16 : 27.8"
"29,17 : 13.04"
"29,18 : 14.56"
"29,19 : 38.21"
"29,20 : 40.61"
"29,21 : 36.06"
"29,22 : 40.11"
"29,23 : 38.05"
"29,24 : 42.01"
"29,25 : 26.08"
"29,26 : 39.05"
"29,27 : 27.46"
"29,28 : 42.58"
"29,29 : 0.0"
"29,30 : 25.06"
"29,31 : 41.19"
"29,32 : 40.71"
"29,33 : 47.85"
"29,34 : 39.41"
"29,35 : 22.85"
"29,36 : 15.03"
"29,37 : 37.05"
"29,38 : 37.05"
"29,39 : 42.64"
"29,40 : 23.19"
"29,41 : 42.94"
"29,42 : 50.8"
"29,43 : 31.91"
"29,44 : 38.9"
"29,45 : 40.36"
"29,46 : 50.22"
"29,47 : 22.85"
"29,48 : 18.68"
"29,49 : 25.02"
"30,0 : 18.87"
"30,1 : 17.2"
"30,2 : 24.74"
"30,3 : 4.12"
"30,4 : 9.43"
"30,5 : 21.95"
"30,6 : 26.17"
"30,7 : 33.29"
"30,8 : 13.93"
"30,9 : 37.01"
"30,10 : 8.06"
"30,11 : 9.85"
"30,12 : 26.08"
"30,13 : 29.83"
"30,14 : 27.8"
"30,15 : 16.64"
"30,16 : 11.18"
"30,17 : 21.95"
"30,18 : 17.89"
"30,19 : 17.89"
"30,20 : 18.68"
"30,21 : 12.0"
"30,22 : 33.84"
"30,23 : 35.38"
"30,24 : 17.8"
"30,25 : 10.77"
"30,26 : 18.25"
"30,27 : 3.16"
"30,28 : 41.73"
"30,29 : 25.06"
"30,30 : 0.0"
"30,31 : 34.13"
"30,32 : 24.19"
"30,33 : 31.02"
"30,34 : 14.87"
"30,35 : 15.81"
"30,36 : 21.21"
"30,37 : 18.03"
"30,38 : 32.02"
"30,39 : 18.6"
"30,40 : 15.03"
"30,41 : 17.89"
"30,42 : 30.08"
"30,43 : 7.07"
"30,44 : 16.76"
"30,45 : 17.0"
"30,46 : 25.5"
"30,47 : 15.81"
"30,48 : 17.46"
"30,49 : 24.7"
"31,0 : 15.26"
"31,1 : 50.45"
"31,2 : 24.52"
"31,3 : 31.3"
"31,4 : 26.0"
"31,5 : 18.03"
"31,6 : 48.0"
"31,7 : 48.05"
"31,8 : 46.01"
"31,9 : 12.53"
"31,10 : 26.08"
"31,11 : 26.57"
"31,12 : 32.76"
"31,13 : 11.0"
"31,14 : 35.69"
"31,15 : 30.89"
"31,16 : 23.02"
"31,17 : 48.51"
"31,18 : 46.1"
"31,19 : 50.25"
"31,20 : 49.52"
"31,21 : 41.73"
"31,22 : 1.41"
"31,23 : 6.71"
"31,24 : 32.65"
"31,25 : 44.78"
"31,26 : 23.71"
"31,27 : 32.2"
"31,28 : 11.05"
"31,29 : 41.19"
"31,30 : 34.13"
"31,31 : 0.0"
"31,32 : 15.81"
"31,33 : 17.12"
"31,34 : 33.29"
"31,35 : 20.62"
"31,36 : 26.17"
"31,37 : 51.09"
"31,38 : 4.47"
"31,39 : 32.2"
"31,40 : 47.93"
"31,41 : 39.96"
"31,42 : 26.0"
"31,43 : 33.24"
"31,44 : 26.42"
"31,45 : 29.53"
"31,46 : 38.9"
"31,47 : 20.62"
"31,48 : 48.08"
"31,49 : 16.28"
"32,0 : 10.63"
"32,1 : 38.01"
"32,2 : 9.0"
"32,3 : 23.02"
"32,4 : 19.65"
"32,5 : 20.62"
"32,6 : 45.54"
"32,7 : 48.88"
"32,8 : 33.12"
"32,9 : 26.02"
"32,10 : 17.03"
"32,11 : 20.88"
"32,12 : 17.12"
"32,13 : 6.4"
"32,14 : 20.1"
"32,15 : 15.62"
"32,16 : 14.14"
"32,17 : 43.74"
"32,18 : 40.31"
"32,19 : 37.22"
"32,20 : 35.81"
"32,21 : 28.3"
"32,22 : 16.49"
"32,23 : 21.1"
"32,24 : 17.2"
"32,25 : 34.71"
"32,26 : 8.49"
"32,27 : 21.38"
"32,28 : 26.68"
"32,29 : 40.71"
"32,30 : 24.19"
"32,31 : 15.81"
"32,32 : 0.0"
"32,33 : 7.28"
"32,34 : 18.38"
"32,35 : 18.03"
"32,36 : 27.66"
"32,37 : 38.47"
"32,38 : 17.03"
"32,39 : 16.64"
"32,40 : 39.2"
"32,41 : 24.84"
"32,42 : 12.08"
"32,43 : 20.62"
"32,44 : 11.31"
"32,45 : 14.21"
"32,46 : 23.09"
"32,47 : 18.03"
"32,48 : 41.01"
"32,49 : 21.1"
"33,0 : 17.49"
"33,1 : 43.66"
"33,2 : 9.9"
"33,3 : 30.15"
"33,4 : 26.93"
"33,5 : 26.91"
"33,6 : 52.81"
"33,7 : 55.95"
"33,8 : 38.63"
"33,9 : 29.12"
"33,10 : 24.19"
"33,11 : 28.16"
"33,12 : 17.49"
"33,13 : 6.32"
"33,14 : 20.12"
"33,15 : 19.72"
"33,16 : 21.38"
"33,17 : 50.99"
"33,18 : 47.52"
"33,19 : 42.54"
"33,20 : 40.71"
"33,21 : 33.62"
"33,22 : 18.25"
"33,23 : 23.54"
"33,24 : 20.81"
"33,25 : 41.3"
"33,26 : 13.6"
"33,27 : 28.07"
"33,28 : 28.02"
"33,29 : 47.85"
"33,30 : 31.02"
"33,31 : 17.12"
"33,32 : 7.28"
"33,33 : 0.0"
"33,34 : 22.83"
"33,35 : 25.06"
"33,36 : 34.41"
"33,37 : 44.01"
"33,38 : 19.92"
"33,39 : 20.0"
"33,40 : 46.04"
"33,41 : 28.6"
"33,42 : 9.22"
"33,43 : 26.68"
"33,44 : 16.16"
"33,45 : 18.36"
"33,46 : 24.41"
"33,47 : 25.06"
"33,48 : 48.09"
"33,49 : 26.91"
"34,0 : 20.62"
"34,1 : 21.38"
"34,2 : 13.6"
"34,3 : 17.2"
"34,4 : 18.97"
"34,5 : 29.0"
"34,6 : 41.04"
"34,7 : 47.8"
"34,8 : 16.28"
"34,9 : 40.8"
"34,10 : 14.56"
"34,11 : 20.25"
"34,12 : 11.7"
"34,13 : 24.76"
"34,14 : 13.04"
"34,15 : 3.16"
"34,16 : 15.03"
"34,17 : 36.62"
"34,18 : 32.45"
"34,19 : 19.92"
"34,20 : 17.89"
"34,21 : 11.18"
"34,22 : 33.62"
"34,23 : 37.16"
"34,24 : 3.16"
"34,25 : 21.84"
"34,26 : 9.9"
"34,27 : 12.04"
"34,28 : 43.38"
"34,29 : 39.41"
"34,30 : 14.87"
"34,31 : 33.29"
"34,32 : 18.38"
"34,33 : 22.83"
"34,34 : 0.0"
"34,35 : 23.09"
"34,36 : 32.02"
"34,37 : 21.59"
"34,38 : 33.11"
"34,39 : 4.12"
"34,40 : 27.51"
"34,41 : 6.71"
"34,42 : 18.11"
"34,43 : 7.81"
"34,44 : 7.07"
"34,45 : 4.47"
"34,46 : 10.82"
"34,47 : 23.09"
"34,48 : 31.3"
"34,49 : 31.06"
"35,0 : 7.62"
"35,1 : 33.02"
"35,2 : 24.21"
"35,3 : 12.04"
"35,4 : 6.4"
"35,5 : 6.32"
"35,6 : 28.44"
"35,7 : 30.89"
"35,8 : 29.53"
"35,9 : 21.26"
"35,10 : 9.22"
"35,11 : 6.4"
"35,12 : 29.97"
"35,13 : 20.88"
"35,14 : 32.7"
"35,15 : 22.56"
"35,16 : 8.06"
"35,17 : 28.07"
"35,18 : 25.5"
"35,19 : 33.62"
"35,20 : 34.01"
"35,21 : 26.57"
"35,22 : 19.92"
"35,23 : 20.25"
"35,24 : 24.52"
"35,25 : 25.5"
"35,26 : 18.36"
"35,27 : 15.23"
"35,28 : 26.4"
"35,29 : 22.85"
"35,30 : 15.81"
"35,31 : 20.62"
"35,32 : 18.03"
"35,33 : 25.06"
"35,34 : 23.09"
"35,35 : 0.0"
"35,36 : 10.0"
"35,37 : 33.84"
"35,38 : 17.46"
"35,39 : 24.74"
"35,40 : 27.78"
"35,41 : 29.02"
"35,42 : 29.0"
"35,43 : 18.44"
"35,44 : 19.31"
"35,45 : 21.84"
"35,46 : 32.98"
"35,47 : 0.0"
"35,48 : 27.51"
"35,49 : 8.94"
"36,0 : 17.03"
"36,1 : 37.34"
"36,2 : 34.21"
"36,3 : 17.12"
"36,4 : 13.15"
"36,5 : 8.25"
"36,6 : 22.2"
"36,7 : 22.14"
"36,8 : 34.93"
"36,9 : 21.54"
"36,10 : 17.46"
"36,11 : 12.04"
"36,12 : 39.82"
"36,13 : 29.53"
"36,14 : 42.49"
"36,15 : 31.95"
"36,16 : 17.46"
"36,17 : 24.17"
"36,18 : 23.02"
"36,19 : 38.6"
"36,20 : 39.81"
"36,21 : 33.14"
"36,22 : 25.08"
"36,23 : 23.19"
"36,24 : 33.84"
"36,25 : 28.18"
"36,26 : 28.3"
"36,27 : 22.0"
"36,28 : 28.16"
"36,29 : 15.03"
"36,30 : 21.21"
"36,31 : 26.17"
"36,32 : 27.66"
"36,33 : 34.41"
"36,34 : 32.02"
"36,35 : 10.0"
"36,36 : 0.0"
"36,37 : 38.28"
"36,38 : 22.02"
"36,39 : 34.18"
"36,40 : 28.43"
"36,41 : 37.34"
"36,42 : 38.95"
"36,43 : 26.08"
"36,44 : 29.07"
"36,45 : 31.38"
"36,46 : 42.38"
"36,47 : 10.0"
"36,48 : 26.25"
"36,49 : 10.0"
"37,0 : 36.07"
"37,1 : 1.0"
"37,2 : 35.17"
"37,3 : 21.95"
"37,4 : 27.46"
"37,5 : 39.96"
"37,6 : 34.21"
"37,7 : 43.74"
"37,8 : 5.39"
"37,9 : 55.0"
"37,10 : 25.5"
"37,11 : 27.78"
"37,12 : 32.02"
"37,13 : 44.78"
"37,14 : 32.06"
"37,15 : 24.74"
"37,16 : 28.28"
"37,17 : 27.51"
"37,18 : 23.77"
"37,19 : 2.24"
"37,20 : 5.83"
"37,21 : 10.44"
"37,22 : 50.99"
"37,23 : 53.08"
"37,24 : 24.33"
"37,25 : 11.0"
"37,26 : 30.46"
"37,27 : 19.1"
"37,28 : 59.46"
"37,29 : 37.05"
"37,30 : 18.03"
"37,31 : 51.09"
"37,32 : 38.47"
"37,33 : 44.01"
"37,34 : 21.59"
"37,35 : 33.84"
"37,36 : 38.28"
"37,37 : 0.0"
"37,38 : 49.5"
"37,39 : 25.32"
"37,40 : 14.87"
"37,41 : 18.03"
"37,42 : 39.62"
"37,43 : 18.03"
"37,44 : 27.86"
"37,45 : 25.96"
"37,46 : 27.29"
"37,47 : 33.84"
"37,48 : 20.25"
"37,49 : 42.72"
"38,0 : 13.45"
"38,1 : 48.8"
"38,2 : 26.02"
"38,3 : 28.84"
"38,4 : 23.32"
"38,5 : 14.04"
"38,6 : 44.05"
"38,7 : 43.74"
"38,8 : 44.6"
"38,9 : 9.22"
"38,10 : 24.08"
"38,11 : 23.71"
"38,12 : 34.13"
"38,13 : 13.6"
"38,14 : 37.12"
"38,15 : 31.02"
"38,16 : 21.21"
"38,17 : 44.91"
"38,18 : 42.72"
"38,19 : 48.84"
"38,20 : 48.41"
"38,21 : 40.61"
"38,22 : 3.16"
"38,23 : 4.12"
"38,24 : 32.89"
"38,25 : 42.44"
"38,26 : 24.04"
"38,27 : 30.41"
"38,28 : 10.3"
"38,29 : 37.05"
"38,30 : 32.02"
"38,31 : 4.47"
"38,32 : 17.03"
"38,33 : 19.92"
"38,34 : 33.11"
"38,35 : 17.46"
"38,36 : 22.02"
"38,37 : 49.5"
"38,38 : 0.0"
"38,39 : 32.57"
"38,40 : 45.18"
"38,41 : 39.81"
"38,42 : 28.28"
"38,43 : 32.02"
"38,44 : 26.57"
"38,45 : 29.73"
"38,46 : 39.81"
"38,47 : 17.46"
"38,48 : 44.94"
"38,49 : 12.04"
"39,0 : 21.02"
"39,1 : 25.18"
"39,2 : 10.3"
"39,3 : 20.52"
"39,4 : 21.47"
"39,5 : 30.27"
"39,6 : 44.69"
"39,7 : 51.09"
"39,8 : 20.1"
"39,9 : 40.79"
"39,10 : 17.0"
"39,11 : 22.83"
"39,12 : 7.62"
"39,13 : 22.8"
"39,14 : 9.22"
"39,15 : 2.24"
"39,16 : 16.76"
"39,17 : 40.5"
"39,18 : 36.36"
"39,19 : 23.54"
"39,20 : 21.19"
"39,21 : 15.03"
"39,22 : 32.7"
"39,23 : 36.69"
"39,24 : 1.0"
"39,25 : 25.96"
"39,26 : 8.54"
"39,27 : 15.62"
"39,28 : 42.72"
"39,29 : 42.64"
"39,30 : 18.6"
"39,31 : 32.2"
"39,32 : 16.64"
"39,33 : 20.0"
"39,34 : 4.12"
"39,35 : 24.74"
"39,36 : 34.18"
"39,37 : 25.32"
"39,38 : 32.57"
"39,39 : 0.0"
"39,40 : 31.62"
"39,41 : 8.6"
"39,42 : 14.32"
"39,43 : 11.66"
"39,44 : 6.08"
"39,45 : 3.0"
"39,46 : 8.25"
"39,47 : 24.74"
"39,48 : 35.34"
"39,49 : 32.06"
"40,0 : 32.89"
"40,1 : 13.93"
"40,2 : 39.32"
"40,3 : 16.76"
"40,4 : 21.93"
"40,5 : 32.8"
"40,6 : 19.42"
"40,7 : 29.15"
"40,8 : 15.62"
"40,9 : 48.41"
"40,10 : 22.56"
"40,11 : 21.47"
"40,12 : 39.22"
"40,13 : 44.72"
"40,14 : 40.31"
"40,15 : 30.08"
"40,16 : 25.71"
"40,17 : 12.65"
"40,18 : 9.06"
"40,19 : 16.55"
"40,20 : 19.72"
"40,21 : 18.6"
"40,22 : 47.42"
"40,23 : 48.02"
"40,24 : 30.68"
"40,25 : 5.83"
"40,26 : 33.06"
"40,27 : 18.0"
"40,28 : 54.08"
"40,29 : 23.19"
"40,30 : 15.03"
"40,31 : 47.93"
"40,32 : 39.2"
"40,33 : 46.04"
"40,34 : 27.51"
"40,35 : 27.78"
"40,36 : 28.43"
"40,37 : 14.87"
"40,38 : 45.18"
"40,39 : 31.62"
"40,40 : 0.0"
"40,41 : 27.46"
"40,42 : 44.55"
"40,43 : 20.4"
"40,44 : 31.26"
"40,45 : 30.81"
"40,46 : 36.72"
"40,47 : 27.78"
"40,48 : 5.39"
"40,49 : 35.61"
"41,0 : 27.2"
"41,1 : 18.11"
"41,2 : 18.87"
"41,3 : 21.19"
"41,4 : 24.19"
"41,5 : 35.13"
"41,6 : 43.42"
"41,7 : 51.11"
"41,8 : 13.34"
"41,9 : 47.43"
"41,10 : 20.02"
"41,11 : 25.32"
"41,12 : 14.14"
"41,13 : 31.14"
"41,14 : 14.04"
"41,15 : 9.22"
"41,16 : 21.1"
"41,17 : 38.18"
"41,18 : 33.94"
"41,19 : 16.0"
"41,20 : 13.15"
"41,21 : 8.94"
"41,22 : 40.31"
"41,23 : 43.86"
"41,24 : 7.81"
"41,25 : 21.63"
"41,26 : 16.4"
"41,27 : 15.81"
"41,28 : 50.09"
"41,29 : 42.94"
"41,30 : 17.89"
"41,31 : 39.96"
"41,32 : 24.84"
"41,33 : 28.6"
"41,34 : 6.71"
"41,35 : 29.02"
"41,36 : 37.34"
"41,37 : 18.03"
"41,38 : 39.81"
"41,39 : 8.6"
"41,40 : 27.46"
"41,41 : 0.0"
"41,42 : 22.47"
"41,43 : 11.4"
"41,44 : 13.6"
"41,45 : 10.63"
"41,46 : 9.49"
"41,47 : 29.02"
"41,48 : 32.02"
"41,49 : 37.34"
"42,0 : 22.2"
"42,1 : 39.46"
"42,2 : 5.39"
"42,3 : 30.46"
"42,4 : 28.84"
"42,5 : 32.45"
"42,6 : 54.59"
"42,7 : 59.2"
"42,8 : 34.37"
"42,9 : 37.48"
"42,10 : 25.06"
"42,11 : 30.23"
"42,12 : 9.22"
"42,13 : 15.0"
"42,14 : 11.4"
"42,15 : 15.03"
"42,16 : 23.02"
"42,17 : 51.62"
"42,18 : 47.76"
"42,19 : 37.85"
"42,20 : 35.44"
"42,21 : 29.27"
"42,22 : 27.02"
"42,23 : 32.14"
"42,24 : 15.3"
"42,25 : 39.2"
"42,26 : 12.08"
"42,27 : 26.93"
"42,28 : 37.01"
"42,29 : 50.8"
"42,30 : 30.08"
"42,31 : 26.0"
"42,32 : 12.08"
"42,33 : 9.22"
"42,34 : 18.11"
"42,35 : 29.0"
"42,36 : 38.95"
"42,37 : 39.62"
"42,38 : 28.28"
"42,39 : 14.32"
"42,40 : 44.55"
"42,41 : 22.47"
"42,42 : 0.0"
"42,43 : 24.19"
"42,44 : 13.34"
"42,45 : 14.0"
"42,46 : 16.28"
"42,47 : 29.0"
"42,48 : 47.54"
"42,49 : 33.12"
"43,0 : 18.6"
"43,1 : 17.49"
"43,2 : 19.03"
"43,3 : 9.85"
"43,4 : 13.0"
"43,5 : 24.74"
"43,6 : 33.24"
"43,7 : 40.22"
"43,8 : 12.81"
"43,9 : 38.47"
"43,10 : 9.22"
"43,11 : 14.04"
"43,12 : 19.24"
"43,13 : 26.83"
"43,14 : 20.81"
"43,15 : 9.85"
"43,16 : 11.18"
"43,17 : 28.84"
"43,18 : 24.7"
"43,19 : 17.03"
"43,20 : 16.4"
"43,21 : 8.6"
"43,22 : 33.24"
"43,23 : 35.81"
"43,24 : 10.82"
"43,25 : 15.03"
"43,26 : 13.15"
"43,27 : 4.47"
"43,28 : 42.2"
"43,29 : 31.91"
"43,30 : 7.07"
"43,31 : 33.24"
"43,32 : 20.62"
"43,33 : 26.68"
"43,34 : 7.81"
"43,35 : 18.44"
"43,36 : 26.08"
"43,37 : 18.03"
"43,38 : 32.02"
"43,39 : 11.66"
"43,40 : 20.4"
"43,41 : 11.4"
"43,42 : 24.19"
"43,43 : 0.0"
"43,44 : 11.0"
"43,45 : 10.44"
"43,46 : 18.44"
"43,47 : 18.44"
"43,48 : 23.77"
"43,49 : 27.2"
"44,0 : 15.0"
"44,1 : 27.51"
"44,2 : 8.06"
"44,3 : 17.49"
"44,4 : 17.03"
"44,5 : 24.52"
"44,6 : 41.88"
"44,7 : 47.38"
"44,8 : 22.47"
"44,9 : 34.71"
"44,10 : 12.73"
"44,11 : 18.44"
"44,12 : 10.82"
"44,13 : 17.69"
"44,14 : 13.42"
"44,15 : 4.47"
"44,16 : 11.66"
"44,17 : 38.48"
"44,18 : 34.54"
"44,19 : 26.4"
"44,20 : 24.7"
"44,21 : 17.46"
"44,22 : 26.83"
"44,23 : 30.68"
"44,24 : 6.32"
"44,25 : 26.02"
"44,26 : 2.83"
"44,27 : 13.6"
"44,28 : 36.77"
"44,29 : 38.9"
"44,30 : 16.76"
"44,31 : 26.42"
"44,32 : 11.31"
"44,33 : 16.16"
"44,34 : 7.07"
"44,35 : 19.31"
"44,36 : 29.07"
"44,37 : 27.86"
"44,38 : 26.57"
"44,39 : 6.08"
"44,40 : 31.26"
"44,41 : 13.6"
"44,42 : 13.34"
"44,43 : 11.0"
"44,44 : 0.0"
"44,45 : 3.16"
"44,46 : 14.04"
"44,47 : 19.31"
"44,48 : 34.21"
"44,49 : 26.17"
"45,0 : 18.03"
"45,1 : 25.71"
"45,2 : 9.22"
"45,3 : 18.44"
"45,4 : 18.87"
"45,5 : 27.29"
"45,6 : 42.8"
"45,7 : 48.84"
"45,8 : 20.62"
"45,9 : 37.85"
"45,10 : 14.42"
"45,11 : 20.25"
"45,12 : 9.22"
"45,13 : 20.52"
"45,14 : 11.4"
"45,15 : 1.41"
"45,16 : 13.93"
"45,17 : 38.95"
"45,18 : 34.89"
"45,19 : 24.35"
"45,20 : 22.36"
"45,21 : 15.52"
"45,22 : 29.97"
"45,23 : 33.84"
"45,24 : 3.16"
"45,25 : 25.32"
"45,26 : 5.83"
"45,27 : 13.89"
"45,28 : 39.92"
"45,29 : 40.36"
"45,30 : 17.0"
"45,31 : 29.53"
"45,32 : 14.21"
"45,33 : 18.36"
"45,34 : 4.47"
"45,35 : 21.84"
"45,36 : 31.38"
"45,37 : 25.96"
"45,38 : 29.73"
"45,39 : 3.0"
"45,40 : 30.81"
"45,41 : 10.63"
"45,42 : 14.0"
"45,43 : 10.44"
"45,44 : 3.16"
"45,45 : 0.0"
"45,46 : 11.18"
"45,47 : 21.84"
"45,48 : 34.18"
"45,49 : 29.07"
"46,0 : 29.02"
"46,1 : 27.46"
"46,2 : 14.76"
"46,3 : 28.02"
"46,4 : 29.55"
"46,5 : 38.47"
"46,6 : 51.62"
"46,7 : 58.6"
"46,8 : 22.8"
"46,9 : 48.37"
"46,10 : 25.08"
"46,11 : 30.87"
"46,12 : 7.07"
"46,13 : 28.64"
"46,14 : 5.39"
"46,15 : 10.44"
"46,16 : 25.0"
"46,17 : 46.86"
"46,18 : 42.64"
"46,19 : 25.18"
"46,20 : 22.02"
"46,21 : 18.38"
"46,22 : 39.56"
"46,23 : 43.93"
"46,24 : 8.54"
"46,25 : 30.89"
"46,26 : 16.03"
"46,27 : 22.8"
"46,28 : 49.73"
"46,29 : 50.22"
"46,30 : 25.5"
"46,31 : 38.9"
"46,32 : 23.09"
"46,33 : 24.41"
"46,34 : 10.82"
"46,35 : 32.98"
"46,36 : 42.38"
"46,37 : 27.29"
"46,38 : 39.81"
"46,39 : 8.25"
"46,40 : 36.72"
"46,41 : 9.49"
"46,42 : 16.28"
"46,43 : 18.44"
"46,44 : 14.04"
"46,45 : 11.18"
"46,46 : 0.0"
"46,47 : 32.98"
"46,48 : 41.05"
"46,49 : 40.2"
"47,0 : 7.62"
"47,1 : 33.02"
"47,2 : 24.21"
"47,3 : 12.04"
"47,4 : 6.4"
"47,5 : 6.32"
"47,6 : 28.44"
"47,7 : 30.89"
"47,8 : 29.53"
"47,9 : 21.26"
"47,10 : 9.22"
"47,11 : 6.4"
"47,12 : 29.97"
"47,13 : 20.88"
"47,14 : 32.7"
"47,15 : 22.56"
"47,16 : 8.06"
"47,17 : 28.07"
"47,18 : 25.5"
"47,19 : 33.62"
"47,20 : 34.01"
"47,21 : 26.57"
"47,22 : 19.92"
"47,23 : 20.25"
"47,24 : 24.52"
"47,25 : 25.5"
"47,26 : 18.36"
"47,27 : 15.23"
"47,28 : 26.4"
"47,29 : 22.85"
"47,30 : 15.81"
"47,31 : 20.62"
"47,32 : 18.03"
"47,33 : 25.06"
"47,34 : 23.09"
"47,35 : 0.0"
"47,36 : 10.0"
"47,37 : 33.84"
"47,38 : 17.46"
"47,39 : 24.74"
"47,40 : 27.78"
"47,41 : 29.02"
"47,42 : 29.0"
"47,43 : 18.44"
"47,44 : 19.31"
"47,45 : 21.84"
"47,46 : 32.98"
"47,47 : 0.0"
"47,48 : 27.51"
"47,49 : 8.94"
"48,0 : 33.54"
"48,1 : 19.31"
"48,2 : 42.2"
"48,3 : 18.0"
"48,4 : 22.36"
"48,5 : 31.76"
"48,6 : 14.14"
"48,7 : 24.02"
"48,8 : 20.81"
"48,9 : 47.17"
"48,10 : 24.0"
"48,11 : 21.59"
"48,12 : 42.95"
"48,13 : 46.1"
"48,14 : 44.29"
"48,15 : 33.62"
"48,16 : 27.02"
"48,17 : 7.28"
"48,18 : 4.12"
"48,19 : 21.93"
"48,20 : 25.06"
"48,21 : 23.35"
"48,22 : 47.43"
"48,23 : 47.42"
"48,24 : 34.44"
"48,25 : 10.63"
"48,26 : 35.69"
"48,27 : 20.62"
"48,28 : 53.24"
"48,29 : 18.68"
"48,30 : 17.46"
"48,31 : 48.08"
"48,32 : 41.01"
"48,33 : 48.09"
"48,34 : 31.3"
"48,35 : 27.51"
"48,36 : 26.25"
"48,37 : 20.25"
"48,38 : 44.94"
"48,39 : 35.34"
"48,40 : 5.39"
"48,41 : 32.02"
"48,42 : 47.54"
"48,43 : 23.77"
"48,44 : 34.21"
"48,45 : 34.18"
"48,46 : 41.05"
"48,47 : 27.51"
"48,48 : 0.0"
"48,49 : 34.48"
"49,0 : 11.4"
"49,1 : 41.88"
"49,2 : 29.15"
"49,3 : 20.81"
"49,4 : 15.26"
"49,5 : 2.83"
"49,6 : 32.14"
"49,7 : 31.78"
"49,8 : 38.47"
"49,9 : 12.81"
"49,10 : 18.03"
"49,11 : 15.0"
"49,12 : 36.14"
"49,13 : 21.26"
"49,14 : 39.05"
"49,15 : 30.02"
"49,16 : 16.28"
"49,17 : 33.53"
"49,18 : 31.78"
"49,19 : 42.54"
"49,20 : 42.95"
"49,21 : 35.47"
"49,22 : 15.13"
"49,23 : 13.34"
"49,24 : 32.02"
"49,25 : 33.97"
"49,26 : 24.52"
"49,27 : 24.17"
"49,28 : 18.79"
"49,29 : 25.02"
"49,30 : 24.7"
"49,31 : 16.28"
"49,32 : 21.1"
"49,33 : 26.91"
"49,34 : 31.06"
"49,35 : 8.94"
"49,36 : 10.0"
"49,37 : 42.72"
"49,38 : 12.04"
"49,39 : 32.06"
"49,40 : 35.61"
"49,41 : 37.34"
"49,42 : 33.12"
"49,43 : 27.2"
"49,44 : 26.17"
"49,45 : 29.07"
"49,46 : 40.2"
"49,47 : 8.94"
"49,48 : 34.48"
"49,49 : 0.0"
