x,y
32,35
30,41
40,44
18,24
4,2
1,40
18,14
15,29
34,17
33,30
42,32
18,36
50,35
18,6
27,36
3,6
49,36
9,25
38,49
7,34
50,18
37,25
50,14
31,4
31,26
24,31
30,3
21,27
7,13
34,19
8,8
29,49
11,2
44,47
4,39
4,40
28,34
13,27
43,21
12,5
34,23
23,2
45,8
13,50
35,44
5,31
43,22
32,21
39,31
47,25

Distanze
"0,0 : 0.0"
"0,1 : 6.32"
"0,2 : 12.04"
"0,3 : 17.8"
"0,4 : 43.28"
"0,5 : 31.4"
"0,6 : 25.24"
"0,7 : 18.03"
"0,8 : 18.11"
"0,9 : 5.1"
"0,10 : 10.44"
"0,11 : 14.04"
"0,12 : 18.0"
"0,13 : 32.2"
"0,14 : 5.1"
"0,15 : 41.01"
"0,16 : 17.03"
"0,17 : 25.08"
"0,18 : 15.23"
"0,19 : 25.02"
"0,20 : 24.76"
"0,21 : 11.18"
"0,22 : 27.66"
"0,23 : 31.02"
"0,24 : 9.06"
"0,25 : 8.94"
"0,26 : 32.06"
"0,27 : 13.6"
"0,28 : 33.3"
"0,29 : 16.12"
"0,30 : 36.12"
"0,31 : 14.32"
"0,32 : 39.12"
"0,33 : 16.97"
"0,34 : 28.28"
"0,35 : 28.44"
"0,36 : 4.12"
"0,37 : 20.62"
"0,38 : 17.8"
"0,39 : 36.06"
"0,40 : 12.17"
"0,41 : 34.21"
"0,42 : 29.97"
"0,43 : 24.21"
"0,44 : 9.49"
"0,45 : 27.29"
"0,46 : 17.03"
"0,47 : 14.0"
"0,48 : 8.06"
"0,49 : 18.03"
"1,0 : 6.32"
"1,1 : 0.0"
"1,2 : 10.44"
"1,3 : 20.81"
"1,4 : 46.87"
"1,5 : 29.02"
"1,6 : 29.55"
"1,7 : 19.21"
"1,8 : 24.33"
"1,9 : 11.4"
"1,10 : 15.0"
"1,11 : 13.0"
"1,12 : 20.88"
"1,13 : 37.0"
"1,14 : 5.83"
"1,15 : 44.2"
"1,16 : 19.65"
"1,17 : 26.4"
"1,18 : 11.31"
"1,19 : 24.04"
"1,20 : 30.48"
"1,21 : 17.46"
"1,22 : 33.6"
"1,23 : 37.01"
"1,24 : 15.03"
"1,25 : 11.66"
"1,26 : 38.0"
"1,27 : 16.64"
"1,28 : 36.24"
"1,29 : 22.36"
"1,30 : 39.66"
"1,31 : 8.06"
"1,32 : 43.38"
"1,33 : 15.23"
"1,34 : 26.08"
"1,35 : 26.02"
"1,36 : 7.28"
"1,37 : 22.02"
"1,38 : 23.85"
"1,39 : 40.25"
"1,40 : 18.44"
"1,41 : 39.62"
"1,42 : 36.25"
"1,43 : 19.24"
"1,44 : 5.83"
"1,45 : 26.93"
"1,46 : 23.02"
"1,47 : 20.1"
"1,48 : 13.45"
"1,49 : 23.35"
"2,0 : 12.04"
"2,1 : 10.44"
"2,2 : 0.0"
"2,3 : 29.73"
"2,4 : 55.32"
"2,5 : 39.2"
"2,6 : 37.2"
"2,7 : 29.15"
"2,8 : 27.66"
"2,9 : 15.65"
"2,10 : 12.17"
"2,11 : 23.41"
"2,12 : 13.45"
"2,13 : 43.91"
"2,14 : 15.26"
"2,15 : 53.04"
"2,16 : 12.04"
"2,17 : 36.36"
"2,18 : 5.39"
"2,19 : 34.48"
"2,20 : 27.86"
"2,21 : 19.24"
"2,22 : 31.62"
"2,23 : 41.0"
"2,24 : 20.12"
"2,25 : 20.62"
"2,26 : 42.2"
"2,27 : 25.5"
"2,28 : 45.28"
"2,29 : 25.71"
"2,30 : 48.17"
"2,31 : 12.08"
"2,32 : 51.04"
"2,33 : 5.0"
"2,34 : 36.35"
"2,35 : 36.22"
"2,36 : 15.62"
"2,37 : 31.91"
"2,38 : 23.19"
"2,39 : 48.01"
"2,40 : 21.84"
"2,41 : 45.31"
"2,42 : 36.35"
"2,43 : 27.66"
"2,44 : 5.0"
"2,45 : 37.34"
"2,46 : 22.2"
"2,47 : 24.35"
"2,48 : 13.04"
"2,49 : 20.25"
"3,0 : 17.8"
"3,1 : 20.81"
"3,2 : 29.73"
"3,3 : 0.0"
"3,4 : 26.08"
"3,5 : 23.35"
"3,6 : 10.0"
"3,7 : 5.83"
"3,8 : 17.46"
"3,9 : 16.16"
"3,10 : 25.3"
"3,11 : 12.0"
"3,12 : 33.84"
"3,13 : 18.0"
"3,14 : 15.0"
"3,15 : 23.43"
"3,16 : 33.24"
"3,17 : 9.06"
"3,18 : 32.02"
"3,19 : 14.87"
"3,20 : 32.56"
"3,21 : 19.03"
"3,22 : 33.53"
"3,23 : 23.85"
"3,24 : 13.15"
"3,25 : 9.22"
"3,26 : 24.19"
"3,27 : 4.24"
"3,28 : 15.56"
"3,29 : 16.76"
"3,30 : 18.87"
"3,31 : 27.31"
"3,32 : 23.09"
"3,33 : 34.71"
"3,34 : 20.52"
"3,35 : 21.26"
"3,36 : 14.14"
"3,37 : 5.83"
"3,38 : 25.18"
"3,39 : 19.92"
"3,40 : 16.03"
"3,41 : 22.56"
"3,42 : 31.38"
"3,43 : 26.48"
"3,44 : 26.25"
"3,45 : 14.76"
"3,46 : 25.08"
"3,47 : 14.32"
"3,48 : 22.14"
"3,49 : 29.02"
"4,0 : 43.28"
"4,1 : 46.87"
"4,2 : 55.32"
"4,3 : 26.08"
"4,4 : 0.0"
"4,5 : 38.12"
"4,6 : 18.44"
"4,7 : 29.15"
"4,8 : 33.54"
"4,9 : 40.31"
"4,10 : 48.41"
"4,11 : 36.77"
"4,12 : 56.61"
"4,13 : 14.56"
"4,14 : 41.05"
"4,15 : 4.12"
"4,16 : 56.4"
"4,17 : 23.54"
"4,18 : 58.01"
"4,19 : 32.14"
"4,20 : 48.7"
"4,21 : 40.22"
"4,22 : 47.54"
"4,23 : 27.07"
"4,24 : 36.12"
"4,25 : 35.23"
"4,26 : 26.02"
"4,27 : 30.23"
"4,28 : 11.4"
"4,29 : 34.48"
"4,30 : 7.21"
"4,31 : 53.24"
"4,32 : 7.0"
"4,33 : 60.21"
"4,34 : 37.0"
"4,35 : 38.0"
"4,36 : 40.0"
"4,37 : 26.57"
"4,38 : 43.38"
"4,39 : 8.54"
"4,40 : 36.62"
"4,41 : 19.0"
"4,42 : 41.44"
"4,43 : 48.84"
"4,44 : 52.2"
"4,45 : 29.02"
"4,46 : 43.83"
"4,47 : 33.84"
"4,48 : 45.45"
"4,49 : 48.76"
"5,0 : 31.4"
"5,1 : 29.02"
"5,2 : 39.2"
"5,3 : 23.35"
"5,4 : 38.12"
"5,5 : 0.0"
"5,6 : 31.06"
"5,7 : 17.8"
"5,8 : 40.22"
"5,9 : 33.53"
"5,10 : 41.77"
"5,11 : 17.46"
"5,12 : 49.25"
"5,13 : 38.01"
"5,14 : 26.31"
"5,15 : 34.06"
"5,16 : 48.17"
"5,17 : 17.0"
"5,18 : 38.08"
"5,19 : 8.49"
"5,20 : 53.71"
"5,21 : 39.0"
"5,22 : 55.47"
"5,23 : 46.86"
"5,24 : 33.11"
"5,25 : 24.7"
"5,26 : 47.01"
"5,27 : 23.85"
"5,28 : 27.66"
"5,29 : 39.12"
"5,30 : 32.76"
"5,31 : 29.41"
"5,32 : 39.29"
"5,33 : 43.57"
"5,34 : 3.16"
"5,35 : 3.0"
"5,36 : 27.66"
"5,37 : 17.69"
"5,38 : 46.1"
"5,39 : 36.69"
"5,40 : 37.12"
"5,41 : 43.91"
"5,42 : 54.41"
"5,43 : 15.62"
"5,44 : 34.23"
"5,45 : 9.85"
"5,46 : 45.69"
"5,47 : 36.36"
"5,48 : 39.05"
"5,49 : 48.38"
"6,0 : 25.24"
"6,1 : 29.55"
"6,2 : 37.2"
"6,3 : 10.0"
"6,4 : 18.44"
"6,5 : 31.06"
"6,6 : 0.0"
"6,7 : 15.3"
"6,8 : 16.28"
"6,9 : 21.93"
"6,10 : 30.0"
"6,11 : 22.0"
"6,12 : 38.28"
"6,13 : 8.0"
"6,14 : 23.77"
"6,15 : 17.0"
"6,16 : 38.01"
"6,17 : 14.21"
"6,18 : 40.31"
"6,19 : 22.83"
"6,20 : 32.25"
"6,21 : 21.95"
"6,22 : 32.0"
"6,23 : 16.4"
"6,24 : 17.69"
"6,25 : 18.03"
"6,26 : 16.28"
"6,27 : 13.34"
"6,28 : 11.05"
"6,29 : 16.76"
"6,30 : 11.66"
"6,31 : 36.69"
"6,32 : 13.89"
"6,33 : 42.01"
"6,34 : 28.65"
"6,35 : 29.53"
"6,36 : 22.36"
"6,37 : 13.93"
"6,38 : 25.96"
"6,39 : 10.82"
"6,40 : 18.36"
"6,41 : 13.0"
"6,42 : 27.66"
"6,43 : 36.35"
"6,44 : 34.48"
"6,45 : 21.4"
"6,46 : 26.25"
"6,47 : 15.65"
"6,48 : 27.02"
"6,49 : 31.02"
"7,0 : 18.03"
"7,1 : 19.21"
"7,2 : 29.15"
"7,3 : 5.83"
"7,4 : 29.15"
"7,5 : 17.8"
"7,6 : 15.3"
"7,7 : 0.0"
"7,8 : 22.47"
"7,9 : 18.03"
"7,10 : 27.17"
"7,11 : 7.62"
"7,12 : 35.51"
"7,13 : 23.19"
"7,14 : 13.89"
"7,15 : 25.94"
"7,16 : 34.71"
"7,17 : 7.21"
"7,18 : 30.48"
"7,19 : 9.43"
"7,20 : 36.69"
"7,21 : 22.36"
"7,22 : 38.08"
"7,23 : 29.68"
"7,24 : 16.28"
"7,25 : 9.22"
"7,26 : 30.02"
"7,27 : 6.32"
"7,28 : 17.89"
"7,29 : 21.47"
"7,30 : 22.14"
"7,31 : 24.41"
"7,32 : 27.29"
"7,33 : 34.13"
"7,34 : 14.87"
"7,35 : 15.56"
"7,36 : 13.93"
"7,37 : 2.83"
"7,38 : 29.12"
"7,39 : 24.19"
"7,40 : 19.92"
"7,41 : 28.16"
"7,42 : 36.62"
"7,43 : 21.1"
"7,44 : 25.0"
"7,45 : 10.2"
"7,46 : 28.86"
"7,47 : 18.79"
"7,48 : 24.08"
"7,49 : 32.25"
"8,0 : 18.11"
"8,1 : 24.33"
"8,2 : 27.66"
"8,3 : 17.46"
"8,4 : 33.54"
"8,5 : 40.22"
"8,6 : 16.28"
"8,7 : 22.47"
"8,8 : 0.0"
"8,9 : 13.04"
"8,10 : 17.0"
"8,11 : 24.84"
"8,12 : 24.08"
"8,13 : 19.42"
"8,14 : 20.25"
"8,15 : 32.89"
"8,16 : 24.21"
"8,17 : 26.25"
"8,18 : 32.25"
"8,19 : 31.91"
"8,20 : 16.03"
"8,21 : 8.54"
"8,22 : 16.28"
"8,23 : 13.34"
"8,24 : 9.49"
"8,25 : 17.2"
"8,26 : 14.56"
"8,27 : 16.4"
"8,28 : 27.29"
"8,29 : 2.0"
"8,30 : 27.51"
"8,31 : 32.39"
"8,32 : 27.46"
"8,33 : 31.62"
"8,34 : 37.2"
"8,35 : 37.8"
"8,36 : 18.03"
"8,37 : 23.26"
"8,38 : 9.85"
"8,39 : 25.06"
"8,40 : 6.0"
"8,41 : 18.6"
"8,42 : 14.21"
"8,43 : 39.12"
"8,44 : 27.02"
"8,45 : 32.2"
"8,46 : 10.3"
"8,47 : 4.47"
"8,48 : 14.87"
"8,49 : 15.26"
"9,0 : 5.1"
"9,1 : 11.4"
"9,2 : 15.65"
"9,3 : 16.16"
"9,4 : 40.31"
"9,5 : 33.53"
"9,6 : 21.93"
"9,7 : 18.03"
"9,8 : 13.04"
"9,9 : 0.0"
"9,10 : 9.22"
"9,11 : 16.16"
"9,12 : 17.72"
"9,13 : 28.3"
"9,14 : 8.49"
"9,15 : 38.42"
"9,16 : 17.09"
"9,17 : 24.52"
"9,18 : 19.65"
"9,19 : 26.31"
"9,20 : 20.81"
"9,21 : 6.4"
"9,22 : 23.35"
"9,23 : 26.08"
"9,24 : 4.47"
"9,25 : 9.06"
"9,26 : 27.17"
"9,27 : 12.37"
"9,28 : 31.06"
"9,29 : 11.05"
"9,30 : 33.3"
"9,31 : 19.42"
"9,32 : 35.61"
"9,33 : 20.25"
"9,34 : 30.36"
"9,35 : 30.68"
"9,36 : 6.4"
"9,37 : 20.22"
"9,38 : 13.45"
"9,39 : 32.65"
"9,40 : 7.07"
"9,41 : 29.73"
"9,42 : 25.06"
"9,43 : 28.28"
"9,44 : 14.14"
"9,45 : 28.02"
"9,46 : 12.81"
"9,47 : 9.06"
"9,48 : 6.08"
"9,49 : 14.87"
"10,0 : 10.44"
"10,1 : 15.0"
"10,2 : 12.17"
"10,3 : 25.3"
"10,4 : 48.41"
"10,5 : 41.77"
"10,6 : 30.0"
"10,7 : 27.17"
"10,8 : 17.0"
"10,9 : 9.22"
"10,10 : 0.0"
"10,11 : 24.33"
"10,12 : 8.54"
"10,13 : 35.38"
"10,14 : 15.52"
"10,15 : 46.87"
"10,16 : 8.06"
"10,17 : 33.73"
"10,18 : 17.46"
"10,19 : 35.06"
"10,20 : 16.12"
"10,21 : 8.6"
"10,22 : 19.7"
"10,23 : 30.08"
"10,24 : 12.53"
"10,25 : 18.03"
"10,26 : 31.38"
"10,27 : 21.59"
"10,28 : 39.82"
"10,29 : 15.26"
"10,30 : 41.62"
"10,31 : 21.4"
"10,32 : 43.14"
"10,33 : 15.13"
"10,34 : 38.64"
"10,35 : 38.83"
"10,36 : 14.14"
"10,37 : 29.43"
"10,38 : 11.05"
"10,39 : 40.36"
"10,40 : 12.04"
"10,41 : 35.51"
"10,42 : 24.19"
"10,43 : 34.13"
"10,44 : 13.89"
"10,45 : 37.01"
"10,46 : 10.05"
"10,47 : 14.87"
"10,48 : 3.16"
"10,49 : 8.6"
"11,0 : 14.04"
"11,1 : 13.0"
"11,2 : 23.41"
"11,3 : 12.0"
"11,4 : 36.77"
"11,5 : 17.46"
"11,6 : 22.0"
"11,7 : 7.62"
"11,8 : 24.84"
"11,9 : 16.16"
"11,10 : 24.33"
"11,11 : 0.0"
"11,12 : 32.02"
"11,13 : 30.0"
"11,14 : 9.0"
"11,15 : 33.54"
"11,16 : 31.0"
"11,17 : 14.21"
"11,18 : 23.85"
"11,19 : 11.18"
"11,20 : 36.72"
"11,21 : 21.95"
"11,22 : 38.83"
"11,23 : 34.54"
"11,24 : 16.4"
"11,25 : 7.81"
"11,26 : 35.11"
"11,27 : 9.49"
"11,28 : 25.5"
"11,29 : 23.35"
"11,30 : 29.73"
"11,31 : 17.03"
"11,32 : 34.71"
"11,33 : 28.23"
"11,34 : 14.32"
"11,35 : 14.56"
"11,36 : 10.2"
"11,37 : 10.3"
"11,38 : 29.15"
"11,39 : 31.58"
"11,40 : 20.62"
"11,41 : 34.37"
"11,42 : 38.9"
"11,43 : 14.87"
"11,44 : 18.79"
"11,45 : 13.93"
"11,46 : 28.65"
"11,47 : 20.52"
"11,48 : 21.59"
"11,49 : 31.02"
"12,0 : 18.0"
"12,1 : 20.88"
"12,2 : 13.45"
"12,3 : 33.84"
"12,4 : 56.61"
"12,5 : 49.25"
"12,6 : 38.28"
"12,7 : 35.51"
"12,8 : 24.08"
"12,9 : 17.72"
"12,10 : 8.54"
"12,11 : 32.02"
"12,12 : 0.0"
"12,13 : 43.19"
"12,14 : 23.02"
"12,15 : 55.23"
"12,16 : 1.41"
"12,17 : 42.2"
"12,18 : 18.44"
"12,19 : 43.01"
"12,20 : 17.0"
"12,21 : 16.4"
"12,22 : 21.0"
"12,23 : 36.36"
"12,24 : 21.02"
"12,25 : 26.31"
"12,26 : 37.74"
"12,27 : 30.08"
"12,28 : 48.3"
"12,29 : 22.63"
"12,30 : 49.93"
"12,31 : 25.24"
"12,32 : 51.09"
"12,33 : 13.42"
"12,34 : 46.17"
"12,35 : 46.27"
"12,36 : 22.02"
"12,37 : 37.85"
"12,38 : 15.65"
"12,39 : 48.41"
"12,40 : 20.0"
"12,41 : 42.64"
"12,42 : 27.46"
"12,43 : 39.92"
"12,44 : 17.49"
"12,45 : 45.18"
"12,46 : 14.76"
"12,47 : 22.8"
"12,48 : 11.7"
"12,49 : 10.44"
"13,0 : 32.2"
"13,1 : 37.0"
"13,2 : 43.91"
"13,3 : 18.0"
"13,4 : 14.56"
"13,5 : 38.01"
"13,6 : 8.0"
"13,7 : 23.19"
"13,8 : 19.42"
"13,9 : 28.3"
"13,10 : 35.38"
"13,11 : 30.0"
"13,12 : 43.19"
"13,13 : 0.0"
"13,14 : 31.32"
"13,15 : 15.0"
"13,16 : 43.14"
"13,17 : 21.02"
"13,18 : 47.42"
"13,19 : 30.08"
"13,20 : 34.18"
"13,21 : 26.87"
"13,22 : 32.98"
"13,23 : 13.15"
"13,24 : 23.85"
"13,25 : 25.71"
"13,26 : 12.37"
"13,27 : 21.21"
"13,28 : 13.04"
"13,29 : 20.62"
"13,30 : 10.2"
"13,31 : 44.38"
"13,32 : 8.06"
"13,33 : 48.55"
"13,34 : 35.85"
"13,35 : 36.77"
"13,36 : 29.73"
"13,37 : 21.59"
"13,38 : 29.15"
"13,39 : 6.08"
"13,40 : 23.35"
"13,41 : 6.4"
"13,42 : 27.07"
"13,43 : 44.28"
"13,44 : 41.63"
"13,45 : 28.18"
"13,46 : 29.68"
"13,47 : 20.52"
"13,48 : 32.65"
"13,49 : 34.67"
"14,0 : 5.1"
"14,1 : 5.83"
"14,2 : 15.26"
"14,3 : 15.0"
"14,4 : 41.05"
"14,5 : 26.31"
"14,6 : 23.77"
"14,7 : 13.89"
"14,8 : 20.25"
"14,9 : 8.49"
"14,10 : 15.52"
"14,11 : 9.0"
"14,12 : 23.02"
"14,13 : 31.32"
"14,14 : 0.0"
"14,15 : 38.42"
"14,16 : 22.0"
"14,17 : 21.1"
"14,18 : 17.03"
"14,19 : 20.1"
"14,20 : 29.21"
"14,21 : 14.87"
"14,22 : 31.83"
"14,23 : 32.25"
"14,24 : 10.77"
"14,25 : 5.83"
"14,26 : 33.14"
"14,27 : 10.82"
"14,28 : 30.48"
"14,29 : 18.38"
"14,30 : 33.84"
"14,31 : 13.15"
"14,32 : 37.58"
"14,33 : 20.25"
"14,34 : 23.19"
"14,35 : 23.35"
"14,36 : 2.24"
"14,37 : 16.64"
"14,38 : 21.93"
"14,39 : 34.44"
"14,40 : 14.76"
"14,41 : 34.23"
"14,42 : 33.29"
"14,43 : 19.8"
"14,44 : 11.31"
"14,45 : 22.56"
"14,46 : 21.26"
"14,47 : 15.81"
"14,48 : 13.0"
"14,49 : 22.83"
"15,0 : 41.01"
"15,1 : 44.2"
"15,2 : 53.04"
"15,3 : 23.43"
"15,4 : 4.12"
"15,5 : 34.06"
"15,6 : 17.0"
"15,7 : 25.94"
"15,8 : 32.89"
"15,9 : 38.42"
"15,10 : 46.87"
"15,11 : 33.54"
"15,12 : 55.23"
"15,13 : 15.0"
"15,14 : 38.42"
"15,15 : 0.0"
"15,16 : 54.92"
"15,17 : 19.92"
"15,18 : 55.44"
"15,19 : 28.28"
"15,20 : 48.51"
"15,21 : 38.95"
"15,22 : 47.68"
"15,23 : 28.07"
"15,24 : 34.41"
"15,25 : 32.65"
"15,26 : 27.17"
"15,27 : 27.66"
"15,28 : 8.06"
"15,29 : 33.62"
"15,30 : 5.39"
"15,31 : 50.25"
"15,32 : 8.94"
"15,33 : 57.98"
"15,34 : 33.02"
"15,35 : 34.01"
"15,36 : 37.54"
"15,37 : 23.26"
"15,38 : 42.72"
"15,39 : 9.06"
"15,40 : 35.36"
"15,41 : 20.4"
"15,42 : 42.05"
"15,43 : 45.12"
"15,44 : 49.68"
"15,45 : 25.08"
"15,46 : 43.08"
"15,47 : 32.65"
"15,48 : 43.83"
"15,49 : 47.93"
"16,0 : 17.03"
"16,1 : 19.65"
"16,2 : 12.04"
"16,3 : 33.24"
"16,4 : 56.4"
"16,5 : 48.17"
"16,6 : 38.01"
"16,7 : 34.71"
"16,8 : 24.21"
"16,9 : 17.09"
"16,10 : 8.06"
"16,11 : 31.0"
"16,12 : 1.41"
"16,13 : 43.14"
"16,14 : 22.0"
"16,15 : 54.92"
"16,16 : 0.0"
"16,17 : 41.48"
"16,18 : 17.03"
"16,19 : 42.05"
"16,20 : 18.03"
"16,21 : 16.28"
"16,22 : 22.02"
"16,23 : 36.72"
"16,24 : 20.59"
"16,25 : 25.5"
"16,26 : 38.08"
"16,27 : 29.41"
"16,28 : 47.89"
"16,29 : 22.67"
"16,30 : 49.65"
"16,31 : 23.85"
"16,32 : 50.99"
"16,33 : 12.08"
"16,34 : 45.1"
"16,35 : 45.18"
"16,36 : 21.1"
"16,37 : 37.11"
"16,38 : 16.16"
"16,39 : 48.27"
"16,40 : 19.85"
"16,41 : 42.8"
"16,42 : 28.28"
"16,43 : 38.63"
"16,44 : 16.12"
"16,45 : 44.28"
"16,46 : 15.23"
"16,47 : 22.67"
"16,48 : 11.18"
"16,49 : 11.18"
"17,0 : 25.08"
"17,1 : 26.4"
"17,2 : 36.36"
"17,3 : 9.06"
"17,4 : 23.54"
"17,5 : 17.0"
"17,6 : 14.21"
"17,7 : 7.21"
"17,8 : 26.25"
"17,9 : 24.52"
"17,10 : 33.73"
"17,11 : 14.21"
"17,12 : 42.2"
"17,13 : 21.02"
"17,14 : 21.1"
"17,15 : 19.92"
"17,16 : 41.48"
"17,17 : 0.0"
"17,18 : 37.64"
"17,19 : 9.22"
"17,20 : 41.59"
"17,21 : 28.0"
"17,22 : 42.45"
"17,23 : 30.41"
"17,24 : 22.02"
"17,25 : 16.16"
"17,26 : 30.41"
"17,27 : 12.17"
"17,28 : 12.17"
"17,29 : 25.71"
"17,30 : 17.03"
"17,31 : 31.24"
"17,32 : 23.09"
"17,33 : 41.34"
"17,34 : 14.87"
"17,35 : 15.81"
"17,36 : 21.02"
"17,37 : 4.47"
"17,38 : 34.23"
"17,39 : 20.22"
"17,40 : 25.08"
"17,41 : 26.93"
"17,42 : 39.81"
"17,43 : 25.32"
"17,44 : 32.2"
"17,45 : 7.21"
"17,46 : 34.13"
"17,47 : 23.35"
"17,48 : 30.59"
"17,49 : 38.0"
"18,0 : 15.23"
"18,1 : 11.31"
"18,2 : 5.39"
"18,3 : 32.02"
"18,4 : 58.01"
"18,5 : 38.08"
"18,6 : 40.31"
"18,7 : 30.48"
"18,8 : 32.25"
"18,9 : 19.65"
"18,10 : 17.46"
"18,11 : 23.85"
"18,12 : 18.44"
"18,13 : 47.42"
"18,14 : 17.03"
"18,15 : 55.44"
"18,16 : 17.03"
"18,17 : 37.64"
"18,18 : 0.0"
"18,19 : 34.44"
"18,20 : 33.24"
"18,21 : 24.02"
"18,22 : 37.0"
"18,23 : 45.54"
"18,24 : 24.04"
"18,25 : 22.8"
"18,26 : 46.69"
"18,27 : 27.8"
"18,28 : 47.51"
"18,29 : 30.27"
"18,30 : 50.8"
"18,31 : 9.0"
"18,32 : 54.2"
"18,33 : 6.32"
"18,34 : 35.44"
"18,35 : 35.17"
"18,36 : 18.03"
"18,37 : 33.3"
"18,38 : 28.44"
"18,39 : 51.11"
"18,40 : 26.31"
"18,41 : 49.34"
"18,42 : 41.59"
"18,43 : 25.02"
"18,44 : 5.83"
"18,45 : 37.59"
"18,46 : 27.46"
"18,47 : 28.64"
"18,48 : 18.03"
"18,49 : 25.63"
"19,0 : 25.02"
"19,1 : 24.04"
"19,2 : 34.48"
"19,3 : 14.87"
"19,4 : 32.14"
"19,5 : 8.49"
"19,6 : 22.83"
"19,7 : 9.43"
"19,8 : 31.91"
"19,9 : 26.31"
"19,10 : 35.06"
"19,11 : 11.18"
"19,12 : 43.01"
"19,13 : 30.08"
"19,14 : 20.1"
"19,15 : 28.28"
"19,16 : 42.05"
"19,17 : 9.22"
"19,18 : 34.44"
"19,19 : 0.0"
"19,20 : 45.88"
"19,21 : 31.32"
"19,22 : 47.42"
"19,23 : 38.42"
"19,24 : 25.3"
"19,25 : 17.26"
"19,26 : 38.6"
"19,27 : 15.65"
"19,28 : 21.0"
"19,29 : 30.89"
"19,30 : 26.02"
"19,31 : 26.63"
"19,32 : 32.25"
"19,33 : 39.22"
"19,34 : 5.83"
"19,35 : 6.71"
"19,36 : 21.0"
"19,37 : 9.22"
"19,38 : 38.28"
"19,39 : 29.43"
"19,40 : 29.15"
"19,41 : 35.78"
"19,42 : 46.04"
"19,43 : 17.09"
"19,44 : 29.73"
"19,45 : 3.61"
"19,46 : 37.95"
"19,47 : 28.18"
"19,48 : 32.14"
"19,49 : 41.0"
"20,0 : 24.76"
"20,1 : 30.48"
"20,2 : 27.86"
"20,3 : 32.56"
"20,4 : 48.7"
"20,5 : 53.71"
"20,6 : 32.25"
"20,7 : 36.69"
"20,8 : 16.03"
"20,9 : 20.81"
"20,10 : 16.12"
"20,11 : 36.72"
"20,12 : 17.0"
"20,13 : 34.18"
"20,14 : 29.21"
"20,15 : 48.51"
"20,16 : 18.03"
"20,17 : 41.59"
"20,18 : 33.24"
"20,19 : 45.88"
"20,20 : 0.0"
"20,21 : 14.76"
"20,22 : 4.0"
"20,23 : 23.6"
"20,24 : 20.62"
"20,25 : 29.07"
"20,26 : 25.0"
"20,27 : 30.36"
"20,28 : 43.29"
"20,29 : 16.03"
"20,30 : 43.17"
"20,31 : 37.44"
"20,32 : 42.15"
"20,33 : 29.61"
"20,34 : 50.57"
"20,35 : 50.99"
"20,36 : 27.2"
"20,37 : 38.08"
"20,38 : 7.62"
"20,39 : 40.16"
"20,40 : 16.76"
"20,41 : 31.38"
"20,42 : 11.18"
"20,43 : 48.92"
"20,44 : 30.02"
"20,45 : 46.84"
"20,46 : 8.06"
"20,47 : 18.25"
"20,48 : 17.03"
"20,49 : 7.62"
"21,0 : 11.18"
"21,1 : 17.46"
"21,2 : 19.24"
"21,3 : 19.03"
"21,4 : 40.22"
"21,5 : 39.0"
"21,6 : 21.95"
"21,7 : 22.36"
"21,8 : 8.54"
"21,9 : 6.4"
"21,10 : 8.6"
"21,11 : 21.95"
"21,12 : 16.4"
"21,13 : 26.87"
"21,14 : 14.87"
"21,15 : 38.95"
"21,16 : 16.28"
"21,17 : 28.0"
"21,18 : 24.02"
"21,19 : 31.32"
"21,20 : 14.76"
"21,21 : 0.0"
"21,22 : 17.03"
"21,23 : 21.84"
"21,24 : 6.08"
"21,25 : 14.32"
"21,26 : 23.09"
"21,27 : 16.12"
"21,28 : 32.31"
"21,29 : 6.71"
"21,30 : 33.62"
"21,31 : 25.3"
"21,32 : 34.71"
"21,33 : 23.09"
"21,34 : 35.85"
"21,35 : 36.25"
"21,36 : 12.73"
"21,37 : 24.08"
"21,38 : 7.21"
"21,39 : 32.02"
"21,40 : 3.61"
"21,41 : 26.93"
"21,42 : 18.79"
"21,43 : 34.66"
"21,44 : 19.1"
"21,45 : 32.56"
"21,46 : 6.71"
"21,47 : 6.4"
"21,48 : 6.32"
"21,49 : 10.0"
"22,0 : 27.66"
"22,1 : 33.6"
"22,2 : 31.62"
"22,3 : 33.53"
"22,4 : 47.54"
"22,5 : 55.47"
"22,6 : 32.0"
"22,7 : 38.08"
"22,8 : 16.28"
"22,9 : 23.35"
"22,10 : 19.7"
"22,11 : 38.83"
"22,12 : 21.0"
"22,13 : 32.98"
"22,14 : 31.83"
"22,15 : 47.68"
"22,16 : 22.02"
"22,17 : 42.45"
"22,18 : 37.0"
"22,19 : 47.42"
"22,20 : 4.0"
"22,21 : 17.03"
"22,22 : 0.0"
"22,23 : 21.47"
"22,24 : 22.47"
"22,25 : 31.06"
"22,26 : 22.83"
"22,27 : 31.78"
"22,28 : 43.01"
"22,29 : 16.76"
"22,30 : 42.43"
"22,31 : 40.82"
"22,32 : 40.8"
"22,33 : 33.54"
"22,34 : 52.35"
"22,35 : 52.84"
"22,36 : 29.73"
"22,37 : 39.22"
"22,38 : 9.9"
"22,39 : 39.05"
"22,40 : 18.36"
"22,41 : 29.55"
"22,42 : 7.81"
"22,43 : 51.62"
"22,44 : 33.54"
"22,45 : 48.1"
"22,46 : 10.63"
"22,47 : 19.31"
"22,48 : 20.25"
"22,49 : 11.4"
"23,0 : 31.02"
"23,1 : 37.01"
"23,2 : 41.0"
"23,3 : 23.85"
"23,4 : 27.07"
"23,5 : 46.86"
"23,6 : 16.4"
"23,7 : 29.68"
"23,8 : 13.34"
"23,9 : 26.08"
"23,10 : 30.08"
"23,11 : 34.54"
"23,12 : 36.36"
"23,13 : 13.15"
"23,14 : 32.25"
"23,15 : 28.07"
"23,16 : 36.72"
"23,17 : 30.41"
"23,18 : 45.54"
"23,19 : 38.42"
"23,20 : 23.6"
"23,21 : 21.84"
"23,22 : 21.47"
"23,23 : 0.0"
"23,24 : 22.0"
"23,25 : 27.89"
"23,26 : 1.41"
"23,27 : 25.08"
"23,28 : 25.63"
"23,29 : 15.3"
"23,30 : 23.35"
"23,31 : 45.04"
"23,32 : 20.1"
"23,33 : 44.92"
"23,34 : 44.2"
"23,35 : 45.0"
"23,36 : 30.15"
"23,37 : 29.21"
"23,38 : 20.81"
"23,39 : 19.03"
"23,40 : 19.24"
"23,41 : 8.25"
"23,42 : 14.56"
"23,43 : 49.4"
"23,44 : 40.2"
"23,45 : 37.48"
"23,46 : 21.63"
"23,47 : 17.03"
"23,48 : 28.16"
"23,49 : 26.4"
"24,0 : 9.06"
"24,1 : 15.03"
"24,2 : 20.12"
"24,3 : 13.15"
"24,4 : 36.12"
"24,5 : 33.11"
"24,6 : 17.69"
"24,7 : 16.28"
"24,8 : 9.49"
"24,9 : 4.47"
"24,10 : 12.53"
"24,11 : 16.4"
"24,12 : 21.02"
"24,13 : 23.85"
"24,14 : 10.77"
"24,15 : 34.41"
"24,16 : 20.59"
"24,17 : 22.02"
"24,18 : 24.04"
"24,19 : 25.3"
"24,20 : 20.62"
"24,21 : 6.08"
"24,22 : 22.47"
"24,23 : 22.0"
"24,24 : 0.0"
"24,25 : 8.6"
"24,26 : 23.02"
"24,27 : 10.05"
"24,28 : 27.29"
"24,29 : 7.62"
"24,30 : 29.21"
"24,31 : 23.09"
"24,32 : 31.24"
"24,33 : 24.7"
"24,34 : 29.97"
"24,35 : 30.41"
"24,36 : 8.54"
"24,37 : 18.03"
"24,38 : 13.0"
"24,39 : 28.32"
"24,40 : 4.24"
"24,41 : 25.3"
"24,42 : 22.8"
"24,43 : 30.0"
"24,44 : 18.44"
"24,45 : 26.48"
"24,46 : 12.65"
"24,47 : 5.1"
"24,48 : 9.43"
"24,49 : 16.03"
"25,0 : 8.94"
"25,1 : 11.66"
"25,2 : 20.62"
"25,3 : 9.22"
"25,4 : 35.23"
"25,5 : 24.7"
"25,6 : 18.03"
"25,7 : 9.22"
"25,8 : 17.2"
"25,9 : 9.06"
"25,10 : 18.03"
"25,11 : 7.81"
"25,12 : 26.31"
"25,13 : 25.71"
"25,14 : 5.83"
"25,15 : 32.65"
"25,16 : 25.5"
"25,17 : 16.16"
"25,18 : 22.8"
"25,19 : 17.26"
"25,20 : 29.07"
"25,21 : 14.32"
"25,22 : 31.06"
"25,23 : 27.89"
"25,24 : 8.6"
"25,25 : 0.0"
"25,26 : 28.64"
"25,27 : 5.0"
"25,28 : 24.76"
"25,29 : 15.62"
"25,30 : 28.02"
"25,31 : 18.68"
"25,32 : 31.78"
"25,33 : 25.61"
"25,34 : 21.54"
"25,35 : 21.93"
"25,36 : 5.0"
"25,37 : 11.7"
"25,38 : 21.47"
"25,39 : 28.64"
"25,40 : 12.81"
"25,41 : 29.02"
"25,42 : 31.14"
"25,43 : 21.95"
"25,44 : 17.03"
"25,45 : 19.0"
"25,46 : 21.02"
"25,47 : 12.81"
"25,48 : 15.0"
"25,49 : 23.77"
"26,0 : 32.06"
"26,1 : 38.0"
"26,2 : 42.2"
"26,3 : 24.19"
"26,4 : 26.02"
"26,5 : 47.01"
"26,6 : 16.28"
"26,7 : 30.02"
"26,8 : 14.56"
"26,9 : 27.17"
"26,10 : 31.38"
"26,11 : 35.11"
"26,12 : 37.74"
"26,13 : 12.37"
"26,14 : 33.14"
"26,15 : 27.17"
"26,16 : 38.08"
"26,17 : 30.41"
"26,18 : 46.69"
"26,19 : 38.6"
"26,20 : 25.0"
"26,21 : 23.09"
"26,22 : 22.83"
"26,23 : 1.41"
"26,24 : 23.02"
"26,25 : 28.64"
"26,26 : 0.0"
"26,27 : 25.63"
"26,28 : 25.08"
"26,29 : 16.49"
"26,30 : 22.56"
"26,31 : 46.01"
"26,32 : 19.03"
"26,33 : 46.17"
"26,34 : 44.41"
"26,35 : 45.22"
"26,36 : 31.06"
"26,37 : 29.41"
"26,38 : 22.2"
"26,39 : 18.11"
"26,40 : 20.4"
"26,41 : 7.07"
"26,42 : 15.81"
"26,43 : 49.98"
"26,44 : 41.3"
"26,45 : 37.54"
"26,46 : 23.02"
"26,47 : 18.11"
"26,48 : 29.41"
"26,49 : 27.8"
"27,0 : 13.6"
"27,1 : 16.64"
"27,2 : 25.5"
"27,3 : 4.24"
"27,4 : 30.23"
"27,5 : 23.85"
"27,6 : 13.34"
"27,7 : 6.32"
"27,8 : 16.4"
"27,9 : 12.37"
"27,10 : 21.59"
"27,11 : 9.49"
"27,12 : 30.08"
"27,13 : 21.21"
"27,14 : 10.82"
"27,15 : 27.66"
"27,16 : 29.41"
"27,17 : 12.17"
"27,18 : 27.8"
"27,19 : 15.65"
"27,20 : 30.36"
"27,21 : 16.12"
"27,22 : 31.78"
"27,23 : 25.08"
"27,24 : 10.05"
"27,25 : 5.0"
"27,26 : 25.63"
"27,27 : 0.0"
"27,28 : 19.8"
"27,29 : 15.26"
"27,30 : 23.02"
"27,31 : 23.41"
"27,32 : 26.93"
"27,33 : 30.48"
"27,34 : 20.81"
"27,35 : 21.4"
"27,36 : 9.9"
"27,37 : 8.0"
"27,38 : 22.8"
"27,39 : 23.77"
"27,40 : 13.6"
"27,41 : 25.08"
"27,42 : 30.61"
"27,43 : 24.35"
"27,44 : 22.02"
"27,45 : 16.49"
"27,46 : 22.56"
"27,47 : 12.53"
"27,48 : 18.44"
"27,49 : 26.08"
"28,0 : 33.3"
"28,1 : 36.24"
"28,2 : 45.28"
"28,3 : 15.56"
"28,4 : 11.4"
"28,5 : 27.66"
"28,6 : 11.05"
"28,7 : 17.89"
"28,8 : 27.29"
"28,9 : 31.06"
"28,10 : 39.82"
"28,11 : 25.5"
"28,12 : 48.3"
"28,13 : 13.04"
"28,14 : 30.48"
"28,15 : 8.06"
"28,16 : 47.89"
"28,17 : 12.17"
"28,18 : 47.51"
"28,19 : 21.0"
"28,20 : 43.29"
"28,21 : 32.31"
"28,22 : 43.01"
"28,23 : 25.63"
"28,24 : 27.29"
"28,25 : 24.76"
"28,26 : 25.08"
"28,27 : 19.8"
"28,28 : 0.0"
"28,29 : 27.66"
"28,30 : 5.1"
"28,31 : 42.19"
"28,32 : 11.7"
"28,33 : 50.25"
"28,34 : 26.17"
"28,35 : 27.17"
"28,36 : 29.7"
"28,37 : 15.23"
"28,38 : 36.88"
"28,39 : 9.43"
"28,40 : 28.79"
"28,41 : 19.42"
"28,42 : 38.33"
"28,43 : 37.48"
"28,44 : 41.77"
"28,45 : 18.11"
"28,46 : 37.11"
"28,47 : 26.25"
"28,48 : 36.72"
"28,49 : 41.76"
"29,0 : 16.12"
"29,1 : 22.36"
"29,2 : 25.71"
"29,3 : 16.76"
"29,4 : 34.48"
"29,5 : 39.12"
"29,6 : 16.76"
"29,7 : 21.47"
"29,8 : 2.0"
"29,9 : 11.05"
"29,10 : 15.26"
"29,11 : 23.35"
"29,12 : 22.63"
"29,13 : 20.62"
"29,14 : 18.38"
"29,15 : 33.62"
"29,16 : 22.67"
"29,17 : 25.71"
"29,18 : 30.27"
"29,19 : 30.89"
"29,20 : 16.03"
"29,21 : 6.71"
"29,22 : 16.76"
"29,23 : 15.3"
"29,24 : 7.62"
"29,25 : 15.62"
"29,26 : 16.49"
"29,27 : 15.26"
"29,28 : 27.66"
"29,29 : 0.0"
"29,30 : 28.23"
"29,31 : 30.41"
"29,32 : 28.6"
"29,33 : 29.73"
"29,34 : 36.06"
"29,35 : 36.62"
"29,36 : 16.16"
"29,37 : 22.47"
"29,38 : 9.22"
"29,39 : 26.08"
"29,40 : 4.0"
"29,41 : 20.25"
"29,42 : 15.56"
"29,43 : 37.44"
"29,44 : 25.02"
"29,45 : 31.38"
"29,46 : 9.49"
"29,47 : 2.83"
"29,48 : 13.0"
"29,49 : 14.32"
"30,0 : 36.12"
"30,1 : 39.66"
"30,2 : 48.17"
"30,3 : 18.87"
"30,4 : 7.21"
"30,5 : 32.76"
"30,6 : 11.66"
"30,7 : 22.14"
"30,8 : 27.51"
"30,9 : 33.3"
"30,10 : 41.62"
"30,11 : 29.73"
"30,12 : 49.93"
"30,13 : 10.2"
"30,14 : 33.84"
"30,15 : 5.39"
"30,16 : 49.65"
"30,17 : 17.03"
"30,18 : 50.8"
"30,19 : 26.02"
"30,20 : 43.17"
"30,21 : 33.62"
"30,22 : 42.43"
"30,23 : 23.35"
"30,24 : 29.21"
"30,25 : 28.02"
"30,26 : 22.56"
"30,27 : 23.02"
"30,28 : 5.1"
"30,29 : 28.23"
"30,30 : 0.0"
"30,31 : 46.07"
"30,32 : 6.71"
"30,33 : 53.08"
"30,34 : 31.26"
"30,35 : 32.25"
"30,36 : 32.8"
"30,37 : 19.65"
"30,38 : 37.34"
"30,39 : 5.0"
"30,40 : 30.02"
"30,41 : 16.16"
"30,42 : 37.0"
"30,43 : 42.3"
"30,44 : 45.0"
"30,45 : 23.19"
"30,46 : 37.7"
"30,47 : 27.29"
"30,48 : 38.6"
"30,49 : 42.54"
"31,0 : 14.32"
"31,1 : 8.06"
"31,2 : 12.08"
"31,3 : 27.31"
"31,4 : 53.24"
"31,5 : 29.41"
"31,6 : 36.69"
"31,7 : 24.41"
"31,8 : 32.39"
"31,9 : 19.42"
"31,10 : 21.4"
"31,11 : 17.03"
"31,12 : 25.24"
"31,13 : 44.38"
"31,14 : 13.15"
"31,15 : 50.25"
"31,16 : 23.85"
"31,17 : 31.24"
"31,18 : 9.0"
"31,19 : 26.63"
"31,20 : 37.44"
"31,21 : 25.3"
"31,22 : 40.82"
"31,23 : 45.04"
"31,24 : 23.09"
"31,25 : 18.68"
"31,26 : 46.01"
"31,27 : 23.41"
"31,28 : 42.19"
"31,29 : 30.41"
"31,30 : 46.07"
"31,31 : 0.0"
"31,32 : 50.33"
"31,33 : 15.13"
"31,34 : 26.93"
"31,35 : 26.57"
"31,36 : 15.03"
"31,37 : 27.2"
"31,38 : 31.3"
"31,39 : 47.17"
"31,40 : 26.48"
"31,41 : 47.38"
"31,42 : 44.01"
"31,43 : 16.03"
"31,44 : 7.81"
"31,45 : 30.0"
"31,46 : 30.41"
"31,47 : 28.16"
"31,48 : 20.59"
"31,49 : 30.0"
"32,0 : 39.12"
"32,1 : 43.38"
"32,2 : 51.04"
"32,3 : 23.09"
"32,4 : 7.0"
"32,5 : 39.29"
"32,6 : 13.89"
"32,7 : 27.29"
"32,8 : 27.46"
"32,9 : 35.61"
"32,10 : 43.14"
"32,11 : 34.71"
"32,12 : 51.09"
"32,13 : 8.06"
"32,14 : 37.58"
"32,15 : 8.94"
"32,16 : 50.99"
"32,17 : 23.09"
"32,18 : 54.2"
"32,19 : 32.25"
"32,20 : 42.15"
"32,21 : 34.71"
"32,22 : 40.8"
"32,23 : 20.1"
"32,24 : 31.24"
"32,25 : 31.78"
"32,26 : 19.03"
"32,27 : 26.93"
"32,28 : 11.7"
"32,29 : 28.6"
"32,30 : 6.71"
"32,31 : 50.33"
"32,32 : 0.0"
"32,33 : 55.8"
"32,34 : 37.66"
"32,35 : 38.64"
"32,36 : 36.24"
"32,37 : 25.08"
"32,38 : 37.22"
"32,39 : 3.16"
"32,40 : 31.14"
"32,41 : 12.0"
"32,42 : 34.53"
"32,43 : 48.04"
"32,44 : 48.37"
"32,45 : 29.61"
"32,46 : 37.74"
"32,47 : 28.32"
"32,48 : 40.31"
"32,49 : 42.72"
"33,0 : 16.97"
"33,1 : 15.23"
"33,2 : 5.0"
"33,3 : 34.71"
"33,4 : 60.21"
"33,5 : 43.57"
"33,6 : 42.01"
"33,7 : 34.13"
"33,8 : 31.62"
"33,9 : 20.25"
"33,10 : 15.13"
"33,11 : 28.23"
"33,12 : 13.42"
"33,13 : 48.55"
"33,14 : 20.25"
"33,15 : 57.98"
"33,16 : 12.08"
"33,17 : 41.34"
"33,18 : 6.32"
"33,19 : 39.22"
"33,20 : 29.61"
"33,21 : 23.09"
"33,22 : 33.54"
"33,23 : 44.92"
"33,24 : 24.7"
"33,25 : 25.61"
"33,26 : 46.17"
"33,27 : 30.48"
"33,28 : 50.25"
"33,29 : 29.73"
"33,30 : 53.08"
"33,31 : 15.13"
"33,32 : 55.8"
"33,33 : 0.0"
"33,34 : 40.79"
"33,35 : 40.61"
"33,36 : 20.62"
"33,37 : 36.89"
"33,38 : 26.02"
"33,39 : 52.8"
"33,40 : 26.0"
"33,41 : 49.66"
"33,42 : 39.01"
"33,43 : 31.14"
"33,44 : 9.49"
"33,45 : 42.15"
"33,46 : 25.02"
"33,47 : 28.64"
"33,48 : 16.76"
"33,49 : 22.2"
"34,0 : 28.28"
"34,1 : 26.08"
"34,2 : 36.35"
"34,3 : 20.52"
"34,4 : 37.0"
"34,5 : 3.16"
"34,6 : 28.65"
"34,7 : 14.87"
"34,8 : 37.2"
"34,9 : 30.36"
"34,10 : 38.64"
"34,11 : 14.32"
"34,12 : 46.17"
"34,13 : 35.85"
"34,14 : 23.19"
"34,15 : 33.02"
"34,16 : 45.1"
"34,17 : 14.87"
"34,18 : 35.44"
"34,19 : 5.83"
"34,20 : 50.57"
"34,21 : 35.85"
"34,22 : 52.35"
"34,23 : 44.2"
"34,24 : 29.97"
"34,25 : 21.54"
"34,26 : 44.41"
"34,27 : 20.81"
"34,28 : 26.17"
"34,29 : 36.06"
"34,30 : 31.26"
"34,31 : 26.93"
"34,32 : 37.66"
"34,33 : 40.79"
"34,34 : 0.0"
"34,35 : 1.0"
"34,36 : 24.52"
"34,37 : 15.0"
"34,38 : 42.95"
"34,39 : 34.93"
"34,40 : 34.0"
"34,41 : 41.59"
"34,42 : 51.4"
"34,43 : 14.21"
"34,44 : 31.4"
"34,45 : 8.06"
"34,46 : 42.54"
"34,47 : 33.29"
"34,48 : 35.9"
"34,49 : 45.22"
"35,0 : 28.44"
"35,1 : 26.02"
"35,2 : 36.22"
"35,3 : 21.26"
"35,4 : 38.0"
"35,5 : 3.0"
"35,6 : 29.53"
"35,7 : 15.56"
"35,8 : 37.8"
"35,9 : 30.68"
"35,10 : 38.83"
"35,11 : 14.56"
"35,12 : 46.27"
"35,13 : 36.77"
"35,14 : 23.35"
"35,15 : 34.01"
"35,16 : 45.18"
"35,17 : 15.81"
"35,18 : 35.17"
"35,19 : 6.71"
"35,20 : 50.99"
"35,21 : 36.25"
"35,22 : 52.84"
"35,23 : 45.0"
"35,24 : 30.41"
"35,25 : 21.93"
"35,26 : 45.22"
"35,27 : 21.4"
"35,28 : 27.17"
"35,29 : 36.62"
"35,30 : 32.25"
"35,31 : 26.57"
"35,32 : 38.64"
"35,33 : 40.61"
"35,34 : 1.0"
"35,35 : 0.0"
"35,36 : 24.74"
"35,37 : 15.81"
"35,38 : 43.38"
"35,39 : 35.9"
"35,40 : 34.48"
"35,41 : 42.49"
"35,42 : 52.01"
"35,43 : 13.45"
"35,44 : 31.26"
"35,45 : 9.06"
"35,46 : 42.95"
"35,47 : 33.84"
"35,48 : 36.14"
"35,49 : 45.54"
"36,0 : 4.12"
"36,1 : 7.28"
"36,2 : 15.62"
"36,3 : 14.14"
"36,4 : 40.0"
"36,5 : 27.66"
"36,6 : 22.36"
"36,7 : 13.93"
"36,8 : 18.03"
"36,9 : 6.4"
"36,10 : 14.14"
"36,11 : 10.2"
"36,12 : 22.02"
"36,13 : 29.73"
"36,14 : 2.24"
"36,15 : 37.54"
"36,16 : 21.1"
"36,17 : 21.02"
"36,18 : 18.03"
"36,19 : 21.0"
"36,20 : 27.2"
"36,21 : 12.73"
"36,22 : 29.73"
"36,23 : 30.15"
"36,24 : 8.54"
"36,25 : 5.0"
"36,26 : 31.06"
"36,27 : 9.9"
"36,28 : 29.7"
"36,29 : 16.16"
"36,30 : 32.8"
"36,31 : 15.03"
"36,32 : 36.24"
"36,33 : 20.62"
"36,34 : 24.52"
"36,35 : 24.74"
"36,36 : 0.0"
"36,37 : 16.55"
"36,38 : 19.85"
"36,39 : 33.12"
"36,40 : 12.53"
"36,41 : 32.39"
"36,42 : 31.06"
"36,43 : 21.93"
"36,44 : 12.21"
"36,45 : 23.19"
"36,46 : 19.21"
"36,47 : 13.6"
"36,48 : 11.4"
"36,49 : 21.02"
"37,0 : 20.62"
"37,1 : 22.02"
"37,2 : 31.91"
"37,3 : 5.83"
"37,4 : 26.57"
"37,5 : 17.69"
"37,6 : 13.93"
"37,7 : 2.83"
"37,8 : 23.26"
"37,9 : 20.22"
"37,10 : 29.43"
"37,11 : 10.3"
"37,12 : 37.85"
"37,13 : 21.59"
"37,14 : 16.64"
"37,15 : 23.26"
"37,16 : 37.11"
"37,17 : 4.47"
"37,18 : 33.3"
"37,19 : 9.22"
"37,20 : 38.08"
"37,21 : 24.08"
"37,22 : 39.22"
"37,23 : 29.21"
"37,24 : 18.03"
"37,25 : 11.7"
"37,26 : 29.41"
"37,27 : 8.0"
"37,28 : 15.23"
"37,29 : 22.47"
"37,30 : 19.65"
"37,31 : 27.2"
"37,32 : 25.08"
"37,33 : 36.89"
"37,34 : 15.0"
"37,35 : 15.81"
"37,36 : 16.55"
"37,37 : 0.0"
"37,38 : 30.59"
"37,39 : 22.02"
"37,40 : 21.38"
"37,41 : 26.93"
"37,42 : 37.22"
"37,43 : 23.0"
"37,44 : 27.8"
"37,45 : 8.94"
"37,46 : 30.41"
"37,47 : 19.92"
"37,48 : 26.31"
"37,49 : 34.06"
"38,0 : 17.8"
"38,1 : 23.85"
"38,2 : 23.19"
"38,3 : 25.18"
"38,4 : 43.38"
"38,5 : 46.1"
"38,6 : 25.96"
"38,7 : 29.12"
"38,8 : 9.85"
"38,9 : 13.45"
"38,10 : 11.05"
"38,11 : 29.15"
"38,12 : 15.65"
"38,13 : 29.15"
"38,14 : 21.93"
"38,15 : 42.72"
"38,16 : 16.16"
"38,17 : 34.23"
"38,18 : 28.44"
"38,19 : 38.28"
"38,20 : 7.62"
"38,21 : 7.21"
"38,22 : 9.9"
"38,23 : 20.81"
"38,24 : 13.0"
"38,25 : 21.47"
"38,26 : 22.2"
"38,27 : 22.8"
"38,28 : 36.88"
"38,29 : 9.22"
"38,30 : 37.34"
"38,31 : 31.3"
"38,32 : 37.22"
"38,33 : 26.02"
"38,34 : 42.95"
"38,35 : 43.38"
"38,36 : 19.85"
"38,37 : 30.59"
"38,38 : 0.0"
"38,39 : 34.89"
"38,40 : 9.22"
"38,41 : 27.59"
"38,42 : 13.15"
"38,43 : 41.73"
"38,44 : 24.35"
"38,45 : 39.29"
"38,46 : 1.0"
"38,47 : 11.0"
"38,48 : 10.77"
"38,49 : 5.66"
"39,0 : 36.06"
"39,1 : 40.25"
"39,2 : 48.01"
"39,3 : 19.92"
"39,4 : 8.54"
"39,5 : 36.69"
"39,6 : 10.82"
"39,7 : 24.19"
"39,8 : 25.06"
"39,9 : 32.65"
"39,10 : 40.36"
"39,11 : 31.58"
"39,12 : 48.41"
"39,13 : 6.08"
"39,14 : 34.44"
"39,15 : 9.06"
"39,16 : 48.27"
"39,17 : 20.22"
"39,18 : 51.11"
"39,19 : 29.43"
"39,20 : 40.16"
"39,21 : 32.02"
"39,22 : 39.05"
"39,23 : 19.03"
"39,24 : 28.32"
"39,25 : 28.64"
"39,26 : 18.11"
"39,27 : 23.77"
"39,28 : 9.43"
"39,29 : 26.08"
"39,30 : 5.0"
"39,31 : 47.17"
"39,32 : 3.16"
"39,33 : 52.8"
"39,34 : 34.93"
"39,35 : 35.9"
"39,36 : 33.12"
"39,37 : 22.02"
"39,38 : 34.89"
"39,39 : 0.0"
"39,40 : 28.43"
"39,41 : 11.4"
"39,42 : 33.14"
"39,43 : 45.01"
"39,44 : 45.28"
"39,45 : 26.93"
"39,46 : 35.36"
"39,47 : 25.61"
"39,48 : 37.48"
"39,49 : 40.31"
"40,0 : 12.17"
"40,1 : 18.44"
"40,2 : 21.84"
"40,3 : 16.03"
"40,4 : 36.62"
"40,5 : 37.12"
"40,6 : 18.36"
"40,7 : 19.92"
"40,8 : 6.0"
"40,9 : 7.07"
"40,10 : 12.04"
"40,11 : 20.62"
"40,12 : 20.0"
"40,13 : 23.35"
"40,14 : 14.76"
"40,15 : 35.36"
"40,16 : 19.85"
"40,17 : 25.08"
"40,18 : 26.31"
"40,19 : 29.15"
"40,20 : 16.76"
"40,21 : 3.61"
"40,22 : 18.36"
"40,23 : 19.24"
"40,24 : 4.24"
"40,25 : 12.81"
"40,26 : 20.4"
"40,27 : 13.6"
"40,28 : 28.79"
"40,29 : 4.0"
"40,30 : 30.02"
"40,31 : 26.48"
"40,32 : 31.14"
"40,33 : 26.0"
"40,34 : 34.0"
"40,35 : 34.48"
"40,36 : 12.53"
"40,37 : 21.38"
"40,38 : 9.22"
"40,39 : 28.43"
"40,40 : 0.0"
"40,41 : 23.71"
"40,42 : 18.6"
"40,43 : 34.21"
"40,44 : 21.02"
"40,45 : 30.08"
"40,46 : 9.06"
"40,47 : 2.83"
"40,48 : 9.43"
"40,49 : 13.15"
"41,0 : 34.21"
"41,1 : 39.62"
"41,2 : 45.31"
"41,3 : 22.56"
"41,4 : 19.0"
"41,5 : 43.91"
"41,6 : 13.0"
"41,7 : 28.16"
"41,8 : 18.6"
"41,9 : 29.73"
"41,10 : 35.51"
"41,11 : 34.37"
"41,12 : 42.64"
"41,13 : 6.4"
"41,14 : 34.23"
"41,15 : 20.4"
"41,16 : 42.8"
"41,17 : 26.93"
"41,18 : 49.34"
"41,19 : 35.78"
"41,20 : 31.38"
"41,21 : 26.93"
"41,22 : 29.55"
"41,23 : 8.25"
"41,24 : 25.3"
"41,25 : 29.02"
"41,26 : 7.07"
"41,27 : 25.08"
"41,28 : 19.42"
"41,29 : 20.25"
"41,30 : 16.16"
"41,31 : 47.38"
"41,32 : 12.0"
"41,33 : 49.66"
"41,34 : 41.59"
"41,35 : 42.49"
"41,36 : 32.39"
"41,37 : 26.93"
"41,38 : 27.59"
"41,39 : 11.4"
"41,40 : 23.71"
"41,41 : 0.0"
"41,42 : 22.8"
"41,43 : 49.03"
"41,44 : 43.68"
"41,45 : 34.13"
"41,46 : 28.28"
"41,47 : 21.02"
"41,48 : 33.12"
"41,49 : 33.24"
"42,0 : 29.97"
"42,1 : 36.25"
"42,2 : 36.35"
"42,3 : 31.38"
"42,4 : 41.44"
"42,5 : 54.41"
"42,6 : 27.66"
"42,7 : 36.62"
"42,8 : 14.21"
"42,9 : 25.06"
"42,10 : 24.19"
"42,11 : 38.9"
"42,12 : 27.46"
"42,13 : 27.07"
"42,14 : 33.29"
"42,15 : 42.05"
"42,16 : 28.28"
"42,17 : 39.81"
"42,18 : 41.59"
"42,19 : 46.04"
"42,20 : 11.18"
"42,21 : 18.79"
"42,22 : 7.81"
"42,23 : 14.56"
"42,24 : 22.8"
"42,25 : 31.14"
"42,26 : 15.81"
"42,27 : 30.61"
"42,28 : 38.33"
"42,29 : 15.56"
"42,30 : 37.0"
"42,31 : 44.01"
"42,32 : 34.53"
"42,33 : 39.01"
"42,34 : 51.4"
"42,35 : 52.01"
"42,36 : 31.06"
"42,37 : 37.22"
"42,38 : 13.15"
"42,39 : 33.14"
"42,40 : 18.6"
"42,41 : 22.8"
"42,42 : 0.0"
"42,43 : 52.8"
"42,44 : 37.36"
"42,45 : 46.14"
"42,46 : 14.14"
"42,47 : 18.38"
"42,48 : 23.77"
"42,49 : 17.12"
"43,0 : 24.21"
"43,1 : 19.24"
"43,2 : 27.66"
"43,3 : 26.48"
"43,4 : 48.84"
"43,5 : 15.62"
"43,6 : 36.35"
"43,7 : 21.1"
"43,8 : 39.12"
"43,9 : 28.28"
"43,10 : 34.13"
"43,11 : 14.87"
"43,12 : 39.92"
"43,13 : 44.28"
"43,14 : 19.8"
"43,15 : 45.12"
"43,16 : 38.63"
"43,17 : 25.32"
"43,18 : 25.02"
"43,19 : 17.09"
"43,20 : 48.92"
"43,21 : 34.66"
"43,22 : 51.62"
"43,23 : 49.4"
"43,24 : 30.0"
"43,25 : 21.95"
"43,26 : 49.98"
"43,27 : 24.35"
"43,28 : 37.48"
"43,29 : 37.44"
"43,30 : 42.3"
"43,31 : 16.03"
"43,32 : 48.04"
"43,33 : 31.14"
"43,34 : 14.21"
"43,35 : 13.45"
"43,36 : 21.93"
"43,37 : 23.0"
"43,38 : 41.73"
"43,39 : 45.01"
"43,40 : 34.21"
"43,41 : 49.03"
"43,42 : 52.8"
"43,43 : 0.0"
"43,44 : 22.8"
"43,45 : 20.62"
"43,46 : 41.04"
"43,47 : 34.67"
"43,48 : 32.2"
"43,49 : 42.2"
"44,0 : 9.49"
"44,1 : 5.83"
"44,2 : 5.0"
"44,3 : 26.25"
"44,4 : 52.2"
"44,5 : 34.23"
"44,6 : 34.48"
"44,7 : 25.0"
"44,8 : 27.02"
"44,9 : 14.14"
"44,10 : 13.89"
"44,11 : 18.79"
"44,12 : 17.49"
"44,13 : 41.63"
"44,14 : 11.31"
"44,15 : 49.68"
"44,16 : 16.12"
"44,17 : 32.2"
"44,18 : 5.83"
"44,19 : 29.73"
"44,20 : 30.02"
"44,21 : 19.1"
"44,22 : 33.54"
"44,23 : 40.2"
"44,24 : 18.44"
"44,25 : 17.03"
"44,26 : 41.3"
"44,27 : 22.02"
"44,28 : 41.77"
"44,29 : 25.02"
"44,30 : 45.0"
"44,31 : 7.81"
"44,32 : 48.37"
"44,33 : 9.49"
"44,34 : 31.4"
"44,35 : 31.26"
"44,36 : 12.21"
"44,37 : 27.8"
"44,38 : 24.35"
"44,39 : 45.28"
"44,40 : 21.02"
"44,41 : 43.68"
"44,42 : 37.36"
"44,43 : 22.8"
"44,44 : 0.0"
"44,45 : 32.7"
"44,46 : 23.41"
"44,47 : 23.19"
"44,48 : 13.6"
"44,49 : 22.47"
"45,0 : 27.29"
"45,1 : 26.93"
"45,2 : 37.34"
"45,3 : 14.76"
"45,4 : 29.02"
"45,5 : 9.85"
"45,6 : 21.4"
"45,7 : 10.2"
"45,8 : 32.2"
"45,9 : 28.02"
"45,10 : 37.01"
"45,11 : 13.93"
"45,12 : 45.18"
"45,13 : 28.18"
"45,14 : 22.56"
"45,15 : 25.08"
"45,16 : 44.28"
"45,17 : 7.21"
"45,18 : 37.59"
"45,19 : 3.61"
"45,20 : 46.84"
"45,21 : 32.56"
"45,22 : 48.1"
"45,23 : 37.48"
"45,24 : 26.48"
"45,25 : 19.0"
"45,26 : 37.54"
"45,27 : 16.49"
"45,28 : 18.11"
"45,29 : 31.38"
"45,30 : 23.19"
"45,31 : 30.0"
"45,32 : 29.61"
"45,33 : 42.15"
"45,34 : 8.06"
"45,35 : 9.06"
"45,36 : 23.19"
"45,37 : 8.94"
"45,38 : 39.29"
"45,39 : 26.93"
"45,40 : 30.08"
"45,41 : 34.13"
"45,42 : 46.14"
"45,43 : 20.62"
"45,44 : 32.7"
"45,45 : 0.0"
"45,46 : 39.05"
"45,47 : 28.79"
"45,48 : 34.0"
"45,49 : 42.43"
"46,0 : 17.03"
"46,1 : 23.02"
"46,2 : 22.2"
"46,3 : 25.08"
"46,4 : 43.83"
"46,5 : 45.69"
"46,6 : 26.25"
"46,7 : 28.86"
"46,8 : 10.3"
"46,9 : 12.81"
"46,10 : 10.05"
"46,11 : 28.65"
"46,12 : 14.76"
"46,13 : 29.68"
"46,14 : 21.26"
"46,15 : 43.08"
"46,16 : 15.23"
"46,17 : 34.13"
"46,18 : 27.46"
"46,19 : 37.95"
"46,20 : 8.06"
"46,21 : 6.71"
"46,22 : 10.63"
"46,23 : 21.63"
"46,24 : 12.65"
"46,25 : 21.02"
"46,26 : 23.02"
"46,27 : 22.56"
"46,28 : 37.11"
"46,29 : 9.49"
"46,30 : 37.7"
"46,31 : 30.41"
"46,32 : 37.74"
"46,33 : 25.02"
"46,34 : 42.54"
"46,35 : 42.95"
"46,36 : 19.21"
"46,37 : 30.41"
"46,38 : 1.0"
"46,39 : 35.36"
"46,40 : 9.06"
"46,41 : 28.28"
"46,42 : 14.14"
"46,43 : 41.04"
"46,44 : 23.41"
"46,45 : 39.05"
"46,46 : 0.0"
"46,47 : 11.05"
"46,48 : 9.85"
"46,49 : 5.0"
"47,0 : 14.0"
"47,1 : 20.1"
"47,2 : 24.35"
"47,3 : 14.32"
"47,4 : 33.84"
"47,5 : 36.36"
"47,6 : 15.65"
"47,7 : 18.79"
"47,8 : 4.47"
"47,9 : 9.06"
"47,10 : 14.87"
"47,11 : 20.52"
"47,12 : 22.8"
"47,13 : 20.52"
"47,14 : 15.81"
"47,15 : 32.65"
"47,16 : 22.67"
"47,17 : 23.35"
"47,18 : 28.64"
"47,19 : 28.18"
"47,20 : 18.25"
"47,21 : 6.4"
"47,22 : 19.31"
"47,23 : 17.03"
"47,24 : 5.1"
"47,25 : 12.81"
"47,26 : 18.11"
"47,27 : 12.53"
"47,28 : 26.25"
"47,29 : 2.83"
"47,30 : 27.29"
"47,31 : 28.16"
"47,32 : 28.32"
"47,33 : 28.64"
"47,34 : 33.29"
"47,35 : 33.84"
"47,36 : 13.6"
"47,37 : 19.92"
"47,38 : 11.0"
"47,39 : 25.61"
"47,40 : 2.83"
"47,41 : 21.02"
"47,42 : 18.38"
"47,43 : 34.67"
"47,44 : 23.19"
"47,45 : 28.79"
"47,46 : 11.05"
"47,47 : 0.0"
"47,48 : 12.21"
"47,49 : 15.52"
"48,0 : 8.06"
"48,1 : 13.45"
"48,2 : 13.04"
"48,3 : 22.14"
"48,4 : 45.45"
"48,5 : 39.05"
"48,6 : 27.02"
"48,7 : 24.08"
"48,8 : 14.87"
"48,9 : 6.08"
"48,10 : 3.16"
"48,11 : 21.59"
"48,12 : 11.7"
"48,13 : 32.65"
"48,14 : 13.0"
"48,15 : 43.83"
"48,16 : 11.18"
"48,17 : 30.59"
"48,18 : 18.03"
"48,19 : 32.14"
"48,20 : 17.03"
"48,21 : 6.32"
"48,22 : 20.25"
"48,23 : 28.16"
"48,24 : 9.43"
"48,25 : 15.0"
"48,26 : 29.41"
"48,27 : 18.44"
"48,28 : 36.72"
"48,29 : 13.0"
"48,30 : 38.6"
"48,31 : 20.59"
"48,32 : 40.31"
"48,33 : 16.76"
"48,34 : 35.9"
"48,35 : 36.14"
"48,36 : 11.4"
"48,37 : 26.31"
"48,38 : 10.77"
"48,39 : 37.48"
"48,40 : 9.43"
"48,41 : 33.12"
"48,42 : 23.77"
"48,43 : 32.2"
"48,44 : 13.6"
"48,45 : 34.0"
"48,46 : 9.85"
"48,47 : 12.21"
"48,48 : 0.0"
"48,49 : 10.0"
"49,0 : 18.03"
"49,1 : 23.35"
"49,2 : 20.25"
"49,3 : 29.02"
"49,4 : 48.76"
"49,5 : 48.38"
"49,6 : 31.02"
"49,7 : 32.25"
"49,8 : 15.26"
"49,9 : 14.87"
"49,10 : 8.6"
"49,11 : 31.02"
"49,12 : 10.44"
"49,13 : 34.67"
"49,14 : 22.83"
"49,15 : 47.93"
"49,16 : 11.18"
"49,17 : 38.0"
"49,18 : 25.63"
"49,19 : 41.0"
"49,20 : 7.62"
"49,21 : 10.0"
"49,22 : 11.4"
"49,23 : 26.4"
"49,24 : 16.03"
"49,25 : 23.77"
"49,26 : 27.8"
"49,27 : 26.08"
"49,28 : 41.76"
"49,29 : 14.32"
"49,30 : 42.54"
"49,31 : 30.0"
"49,32 : 42.72"
"49,33 : 22.2"
"49,34 : 45.22"
"49,35 : 45.54"
"49,36 : 21.02"
"49,37 : 34.06"
"49,38 : 5.66"
"49,39 : 40.31"
"49,40 : 13.15"
"49,41 : 33.24"
"49,42 : 17.12"
"49,43 : 42.2"
"49,44 : 22.47"
"49,45 : 42.43"
"49,46 : 5.0"
"49,47 : 15.52"
"49,48 : 10.0"
"49,49 : 0.0"
