x,y
9,28
29,4
24,37
5,39
50,14
4,25
40,7
30,18
3,47
35,22
32,15
28,20
46,27
26,2
44,46
50,4
20,46
45,13
26,5
42,34
8,28
25,0
11,45
14,50
0,1
30,38
32,37
16,27
43,23
32,16
28,16
9,20
3,48
12,21
41,48
4,40
46,8
1,21
31,25
12,42
20,8
2,13
5,30
18,50
32,8
43,9
21,48
25,20
22,23
39,23

Distanze
"0,0 : 0.0"
"0,1 : 21.4"
"0,2 : 24.7"
"0,3 : 18.03"
"0,4 : 27.2"
"0,5 : 28.86"
"0,6 : 2.83"
"0,7 : 28.84"
"0,8 : 38.08"
"0,9 : 12.53"
"0,10 : 20.22"
"0,11 : 19.7"
"0,12 : 20.02"
"0,13 : 14.04"
"0,14 : 20.88"
"0,15 : 29.55"
"0,16 : 10.3"
"0,17 : 33.14"
"0,18 : 16.12"
"0,19 : 26.4"
"0,20 : 32.8"
"0,21 : 10.0"
"0,22 : 20.4"
"0,23 : 38.28"
"0,24 : 12.04"
"0,25 : 32.2"
"0,26 : 17.03"
"0,27 : 8.6"
"0,28 : 9.85"
"0,29 : 29.55"
"0,30 : 24.19"
"0,31 : 41.87"
"0,32 : 10.0"
"0,33 : 13.93"
"0,34 : 36.5"
"0,35 : 21.1"
"0,36 : 29.7"
"0,37 : 40.25"
"0,38 : 3.16"
"0,39 : 16.76"
"0,40 : 27.51"
"0,41 : 27.2"
"0,42 : 11.05"
"0,43 : 23.02"
"0,44 : 36.69"
"0,45 : 34.13"
"0,46 : 13.42"
"0,47 : 26.4"
"0,48 : 11.7"
"0,49 : 23.09"
"1,0 : 21.4"
"1,1 : 0.0"
"1,2 : 44.41"
"1,3 : 3.61"
"1,4 : 28.18"
"1,5 : 22.83"
"1,6 : 18.6"
"1,7 : 7.62"
"1,8 : 20.4"
"1,9 : 33.84"
"1,10 : 16.28"
"1,11 : 5.1"
"1,12 : 36.67"
"1,13 : 32.45"
"1,14 : 7.62"
"1,15 : 32.2"
"1,16 : 27.2"
"1,17 : 18.87"
"1,18 : 36.8"
"1,19 : 5.0"
"1,20 : 11.4"
"1,21 : 28.6"
"1,22 : 17.26"
"1,23 : 32.2"
"1,24 : 14.87"
"1,25 : 29.55"
"1,26 : 38.21"
"1,27 : 12.81"
"1,28 : 30.41"
"1,29 : 26.93"
"1,30 : 34.37"
"1,31 : 20.52"
"1,32 : 29.97"
"1,33 : 34.06"
"1,34 : 26.87"
"1,35 : 24.02"
"1,36 : 8.94"
"1,37 : 19.65"
"1,38 : 24.41"
"1,39 : 18.03"
"1,40 : 15.26"
"1,41 : 15.81"
"1,42 : 16.12"
"1,43 : 43.86"
"1,44 : 30.0"
"1,45 : 23.35"
"1,46 : 8.6"
"1,47 : 7.28"
"1,48 : 18.03"
"1,49 : 16.16"
"2,0 : 24.7"
"2,1 : 44.41"
"2,2 : 0.0"
"2,3 : 40.8"
"2,4 : 49.01"
"2,5 : 40.31"
"2,6 : 27.31"
"2,7 : 51.09"
"2,8 : 56.04"
"2,9 : 17.12"
"2,10 : 35.23"
"2,11 : 41.11"
"2,12 : 10.44"
"2,13 : 12.04"
"2,14 : 41.01"
"2,15 : 50.09"
"2,16 : 28.0"
"2,17 : 49.4"
"2,18 : 9.06"
"2,19 : 49.2"
"2,20 : 55.44"
"2,21 : 15.81"
"2,22 : 34.67"
"2,23 : 46.1"
"2,24 : 30.41"
"2,25 : 39.05"
"2,26 : 10.2"
"2,27 : 32.25"
"2,28 : 14.87"
"2,29 : 37.64"
"2,30 : 21.1"
"2,31 : 64.66"
"2,32 : 23.02"
"2,33 : 10.77"
"2,34 : 48.1"
"2,35 : 29.55"
"2,36 : 53.25"
"2,37 : 60.88"
"2,38 : 22.8"
"2,39 : 30.81"
"2,40 : 52.2"
"2,41 : 51.87"
"2,42 : 35.44"
"2,43 : 5.66"
"2,44 : 45.61"
"2,45 : 47.42"
"2,46 : 35.81"
"2,47 : 47.38"
"2,48 : 27.59"
"2,49 : 38.28"
"3,0 : 18.03"
"3,1 : 3.61"
"3,2 : 40.8"
"3,3 : 0.0"
"3,4 : 28.02"
"3,5 : 21.4"
"3,6 : 15.26"
"3,7 : 10.82"
"3,8 : 22.02"
"3,9 : 30.53"
"3,10 : 13.93"
"3,11 : 3.61"
"3,12 : 33.11"
"3,13 : 28.84"
"3,14 : 6.4"
"3,15 : 31.91"
"3,16 : 24.52"
"3,17 : 19.31"
"3,18 : 33.24"
"3,19 : 8.49"
"3,20 : 14.87"
"3,21 : 25.0"
"3,22 : 14.87"
"3,23 : 31.14"
"3,24 : 11.4"
"3,25 : 27.78"
"3,26 : 34.71"
"3,27 : 9.43"
"3,28 : 26.87"
"3,29 : 25.06"
"3,30 : 31.14"
"3,31 : 24.04"
"3,32 : 26.93"
"3,33 : 30.48"
"3,34 : 26.4"
"3,35 : 21.21"
"3,36 : 12.53"
"3,37 : 22.47"
"3,38 : 21.1"
"3,39 : 15.03"
"3,40 : 17.09"
"3,41 : 17.46"
"3,42 : 14.04"
"3,43 : 40.31"
"3,44 : 29.0"
"3,45 : 23.02"
"3,46 : 5.0"
"3,47 : 9.06"
"3,48 : 14.56"
"3,49 : 14.42"
"4,0 : 27.2"
"4,1 : 28.18"
"4,2 : 49.01"
"4,3 : 28.02"
"4,4 : 0.0"
"4,5 : 48.84"
"4,6 : 26.0"
"4,7 : 33.53"
"4,8 : 48.1"
"4,9 : 32.14"
"4,10 : 40.31"
"4,11 : 31.62"
"4,12 : 46.87"
"4,13 : 40.61"
"4,14 : 34.41"
"4,15 : 4.12"
"4,16 : 21.02"
"4,17 : 47.01"
"4,18 : 40.0"
"4,19 : 30.68"
"4,20 : 34.53"
"4,21 : 36.88"
"4,22 : 41.04"
"4,23 : 58.8"
"4,24 : 33.6"
"4,25 : 54.49"
"4,26 : 39.12"
"4,27 : 25.81"
"4,28 : 35.23"
"4,29 : 51.66"
"4,30 : 51.08"
"4,31 : 40.01"
"4,32 : 26.08"
"4,33 : 39.12"
"4,34 : 54.41"
"4,35 : 45.22"
"4,36 : 29.43"
"4,37 : 44.72"
"4,38 : 27.46"
"4,39 : 39.2"
"4,40 : 17.0"
"4,41 : 16.0"
"4,42 : 17.49"
"4,43 : 45.28"
"4,44 : 56.73"
"4,45 : 51.04"
"4,46 : 28.28"
"4,47 : 35.34"
"4,48 : 35.51"
"4,49 : 41.77"
"5,0 : 28.86"
"5,1 : 22.83"
"5,2 : 40.31"
"5,3 : 21.4"
"5,4 : 48.84"
"5,5 : 0.0"
"5,6 : 27.51"
"5,7 : 23.35"
"5,8 : 18.36"
"5,9 : 39.01"
"5,10 : 8.94"
"5,11 : 18.03"
"5,12 : 29.97"
"5,13 : 29.83"
"5,14 : 15.26"
"5,15 : 52.5"
"5,16 : 38.9"
"5,17 : 11.18"
"5,18 : 36.67"
"5,19 : 24.04"
"5,20 : 27.07"
"5,21 : 28.16"
"5,22 : 8.54"
"5,23 : 10.0"
"5,24 : 17.09"
"5,25 : 7.07"
"5,26 : 39.46"
"5,27 : 24.19"
"5,28 : 32.06"
"5,29 : 5.1"
"5,30 : 21.26"
"5,31 : 34.23"
"5,32 : 38.64"
"5,33 : 33.54"
"5,34 : 8.06"
"5,35 : 10.77"
"5,36 : 28.86"
"5,37 : 26.25"
"5,38 : 31.58"
"5,39 : 12.17"
"5,40 : 38.08"
"5,41 : 38.59"
"5,42 : 32.45"
"5,43 : 42.72"
"5,44 : 8.06"
"5,45 : 7.21"
"5,46 : 20.62"
"5,47 : 18.44"
"5,48 : 17.26"
"5,49 : 7.07"
"6,0 : 2.83"
"6,1 : 18.6"
"6,2 : 27.31"
"6,3 : 15.26"
"6,4 : 26.0"
"6,5 : 27.51"
"6,6 : 0.0"
"6,7 : 26.08"
"6,8 : 35.69"
"6,9 : 15.26"
"6,10 : 18.68"
"6,11 : 17.09"
"6,12 : 22.02"
"6,13 : 16.28"
"6,14 : 18.44"
"6,15 : 28.65"
"6,16 : 11.4"
"6,17 : 31.02"
"6,18 : 18.87"
"6,19 : 23.6"
"6,20 : 30.0"
"6,21 : 12.17"
"6,22 : 18.97"
"6,23 : 37.16"
"6,24 : 10.44"
"6,25 : 31.38"
"6,26 : 19.85"
"6,27 : 5.83"
"6,28 : 12.53"
"6,29 : 28.65"
"6,30 : 25.08"
"6,31 : 39.05"
"6,32 : 12.17"
"6,33 : 16.55"
"6,34 : 34.93"
"6,35 : 20.62"
"6,36 : 26.87"
"6,37 : 37.58"
"6,38 : 5.83"
"6,39 : 15.65"
"6,40 : 25.0"
"6,41 : 24.74"
"6,42 : 9.06"
"6,43 : 25.81"
"6,44 : 35.47"
"6,45 : 32.39"
"6,46 : 10.77"
"6,47 : 23.77"
"6,48 : 10.82"
"6,49 : 21.38"
"7,0 : 28.84"
"7,1 : 7.62"
"7,2 : 51.09"
"7,3 : 10.82"
"7,4 : 33.53"
"7,5 : 23.35"
"7,6 : 26.08"
"7,7 : 0.0"
"7,8 : 14.76"
"7,9 : 41.34"
"7,10 : 19.42"
"7,11 : 10.0"
"7,12 : 42.72"
"7,13 : 39.05"
"7,14 : 10.77"
"7,15 : 37.64"
"7,16 : 34.79"
"7,17 : 15.81"
"7,18 : 43.86"
"7,19 : 3.0"
"7,20 : 4.47"
"7,21 : 35.38"
"7,22 : 20.4"
"7,23 : 31.38"
"7,24 : 20.81"
"7,25 : 30.41"
"7,26 : 45.45"
"7,27 : 20.25"
"7,28 : 37.54"
"7,29 : 28.16"
"7,30 : 38.9"
"7,31 : 13.6"
"7,32 : 37.58"
"7,33 : 41.01"
"7,34 : 25.06"
"7,35 : 27.66"
"7,36 : 5.83"
"7,37 : 12.17"
"7,38 : 31.91"
"7,39 : 22.47"
"7,40 : 18.03"
"7,41 : 18.87"
"7,42 : 23.54"
"7,43 : 50.93"
"7,44 : 29.15"
"7,45 : 21.47"
"7,46 : 15.62"
"7,47 : 5.0"
"7,48 : 23.85"
"7,49 : 18.03"
"8,0 : 38.08"
"8,1 : 20.4"
"8,2 : 56.04"
"8,3 : 22.02"
"8,4 : 48.1"
"8,5 : 18.36"
"8,6 : 35.69"
"8,7 : 14.76"
"8,8 : 0.0"
"8,9 : 50.29"
"8,10 : 20.81"
"8,11 : 19.03"
"8,12 : 46.23"
"8,13 : 44.42"
"8,14 : 17.26"
"8,15 : 52.2"
"8,16 : 46.17"
"8,17 : 7.21"
"8,18 : 50.54"
"8,19 : 17.46"
"8,20 : 15.56"
"8,21 : 41.59"
"8,22 : 21.4"
"8,23 : 22.02"
"8,24 : 26.93"
"8,25 : 24.35"
"8,26 : 52.8"
"8,27 : 30.27"
"8,28 : 44.78"
"8,29 : 23.26"
"8,30 : 39.05"
"8,31 : 18.68"
"8,32 : 47.85"
"8,33 : 47.41"
"8,34 : 15.03"
"8,35 : 27.59"
"8,36 : 20.0"
"8,37 : 9.06"
"8,38 : 41.23"
"8,39 : 25.24"
"8,40 : 32.76"
"8,41 : 33.62"
"8,42 : 36.06"
"8,43 : 57.31"
"8,44 : 20.1"
"8,45 : 12.37"
"8,46 : 25.18"
"8,47 : 13.15"
"8,48 : 29.07"
"8,49 : 17.8"
"9,0 : 12.53"
"9,1 : 33.84"
"9,2 : 17.12"
"9,3 : 30.53"
"9,4 : 32.14"
"9,5 : 39.01"
"9,6 : 15.26"
"9,7 : 41.34"
"9,8 : 50.29"
"9,9 : 0.0"
"9,10 : 31.14"
"9,11 : 32.2"
"9,12 : 18.44"
"9,13 : 12.81"
"9,14 : 33.24"
"9,15 : 33.02"
"9,16 : 11.18"
"9,17 : 44.91"
"9,18 : 8.54"
"9,19 : 38.83"
"9,20 : 45.22"
"9,21 : 11.7"
"9,22 : 31.06"
"9,23 : 47.52"
"9,24 : 23.54"
"9,25 : 40.79"
"9,26 : 7.0"
"9,27 : 21.1"
"9,28 : 7.62"
"9,29 : 38.47"
"9,30 : 27.46"
"9,31 : 54.2"
"9,32 : 6.08"
"9,33 : 9.22"
"9,34 : 47.0"
"9,35 : 29.43"
"9,36 : 41.87"
"9,37 : 52.77"
"9,38 : 9.43"
"9,39 : 27.02"
"9,40 : 37.74"
"9,41 : 37.22"
"9,42 : 20.81"
"9,43 : 13.15"
"9,44 : 46.27"
"9,45 : 45.1"
"9,46 : 25.94"
"9,47 : 38.91"
"9,48 : 22.09"
"9,49 : 34.23"
"10,0 : 20.22"
"10,1 : 16.28"
"10,2 : 35.23"
"10,3 : 13.93"
"10,4 : 40.31"
"10,5 : 8.94"
"10,6 : 18.68"
"10,7 : 19.42"
"10,8 : 20.81"
"10,9 : 31.14"
"10,10 : 0.0"
"10,11 : 11.18"
"10,12 : 25.5"
"10,13 : 23.71"
"10,14 : 9.0"
"10,15 : 43.86"
"10,16 : 30.08"
"10,17 : 14.32"
"10,18 : 30.08"
"10,19 : 19.03"
"10,20 : 23.77"
"10,21 : 21.19"
"10,22 : 1.0"
"10,23 : 18.87"
"10,24 : 8.25"
"10,25 : 14.21"
"10,26 : 32.57"
"10,27 : 15.26"
"10,28 : 24.74"
"10,29 : 11.4"
"10,30 : 19.7"
"10,31 : 32.31"
"10,32 : 30.15"
"10,33 : 26.93"
"10,34 : 16.28"
"10,35 : 8.25"
"10,36 : 24.02"
"10,37 : 26.4"
"10,38 : 23.09"
"10,39 : 4.47"
"10,40 : 31.02"
"10,41 : 31.38"
"10,42 : 23.6"
"10,43 : 36.67"
"10,44 : 17.0"
"10,45 : 14.0"
"10,46 : 12.04"
"10,47 : 14.56"
"10,48 : 9.06"
"10,49 : 3.16"
"11,0 : 19.7"
"11,1 : 5.1"
"11,2 : 41.11"
"11,3 : 3.61"
"11,4 : 31.62"
"11,5 : 18.03"
"11,6 : 17.09"
"11,7 : 10.0"
"11,8 : 19.03"
"11,9 : 32.2"
"11,10 : 11.18"
"11,11 : 0.0"
"11,12 : 32.76"
"11,13 : 29.07"
"11,14 : 2.83"
"11,15 : 35.51"
"11,16 : 27.17"
"11,17 : 15.81"
"11,18 : 34.06"
"11,19 : 8.54"
"11,20 : 14.42"
"11,21 : 25.46"
"11,22 : 12.17"
"11,23 : 27.66"
"11,24 : 10.82"
"11,25 : 24.6"
"11,26 : 35.81"
"11,27 : 11.4"
"11,28 : 27.8"
"11,29 : 21.93"
"11,30 : 29.61"
"11,31 : 23.6"
"11,32 : 29.12"
"11,33 : 31.14"
"11,34 : 22.8"
"11,35 : 19.0"
"11,36 : 13.34"
"11,37 : 20.59"
"11,38 : 22.85"
"11,39 : 13.15"
"11,40 : 20.12"
"11,41 : 20.59"
"11,42 : 17.26"
"11,43 : 41.11"
"11,44 : 25.5"
"11,45 : 19.42"
"11,46 : 6.32"
"11,47 : 6.71"
"11,48 : 13.89"
"11,49 : 11.18"
"12,0 : 20.02"
"12,1 : 36.67"
"12,2 : 10.44"
"12,3 : 33.11"
"12,4 : 46.87"
"12,5 : 29.97"
"12,6 : 22.02"
"12,7 : 42.72"
"12,8 : 46.23"
"12,9 : 18.44"
"12,10 : 25.5"
"12,11 : 32.76"
"12,12 : 0.0"
"12,13 : 6.32"
"12,14 : 32.2"
"12,15 : 48.76"
"12,16 : 26.93"
"12,17 : 39.41"
"12,18 : 10.82"
"12,19 : 41.18"
"12,20 : 47.17"
"12,21 : 10.05"
"12,22 : 24.84"
"12,23 : 35.69"
"12,24 : 21.95"
"12,25 : 28.64"
"12,26 : 13.89"
"12,27 : 25.71"
"12,28 : 12.08"
"12,29 : 27.2"
"12,30 : 11.05"
"12,31 : 56.3"
"12,32 : 22.83"
"12,33 : 9.22"
"12,34 : 37.7"
"12,35 : 19.24"
"12,36 : 45.62"
"12,37 : 51.66"
"12,38 : 19.42"
"12,39 : 21.21"
"12,40 : 46.69"
"12,41 : 46.53"
"12,42 : 31.0"
"12,43 : 14.04"
"12,44 : 35.17"
"12,45 : 37.12"
"12,46 : 28.23"
"12,47 : 38.6"
"12,48 : 18.87"
"12,49 : 28.43"
"13,0 : 14.04"
"13,1 : 32.45"
"13,2 : 12.04"
"13,3 : 28.84"
"13,4 : 40.61"
"13,5 : 29.83"
"13,6 : 16.28"
"13,7 : 39.05"
"13,8 : 44.42"
"13,9 : 12.81"
"13,10 : 23.71"
"13,11 : 29.07"
"13,12 : 6.32"
"13,13 : 0.0"
"13,14 : 29.0"
"13,15 : 42.45"
"13,16 : 20.62"
"13,17 : 38.01"
"13,18 : 7.0"
"13,19 : 37.2"
"13,20 : 43.42"
"13,21 : 4.12"
"13,22 : 23.26"
"13,23 : 37.01"
"13,24 : 18.38"
"13,25 : 30.0"
"13,26 : 10.05"
"13,27 : 20.62"
"13,28 : 5.83"
"13,29 : 28.07"
"13,30 : 14.76"
"13,31 : 52.63"
"13,32 : 16.64"
"13,33 : 4.12"
"13,34 : 37.85"
"13,35 : 19.24"
"13,36 : 41.34"
"13,37 : 48.92"
"13,38 : 13.15"
"13,39 : 19.24"
"13,40 : 41.23"
"13,41 : 41.0"
"13,42 : 25.08"
"13,43 : 13.0"
"13,44 : 36.12"
"13,45 : 36.69"
"13,46 : 23.85"
"13,47 : 35.36"
"13,48 : 15.62"
"13,49 : 26.83"
"14,0 : 20.88"
"14,1 : 7.62"
"14,2 : 41.01"
"14,3 : 6.4"
"14,4 : 34.41"
"14,5 : 15.26"
"14,6 : 18.44"
"14,7 : 10.77"
"14,8 : 17.26"
"14,9 : 33.24"
"14,10 : 9.0"
"14,11 : 2.83"
"14,12 : 32.2"
"14,13 : 29.0"
"14,14 : 0.0"
"14,15 : 38.28"
"14,16 : 29.02"
"14,17 : 13.34"
"14,18 : 34.41"
"14,19 : 10.05"
"14,20 : 15.23"
"14,21 : 25.61"
"14,22 : 10.0"
"14,23 : 24.84"
"14,24 : 10.63"
"14,25 : 21.93"
"14,26 : 36.36"
"14,27 : 13.04"
"14,28 : 28.3"
"14,29 : 19.31"
"14,30 : 28.16"
"14,31 : 24.19"
"14,32 : 30.59"
"14,33 : 31.4"
"14,34 : 20.0"
"14,35 : 17.12"
"14,36 : 15.03"
"14,37 : 20.0"
"14,38 : 24.04"
"14,39 : 11.7"
"14,40 : 22.83"
"14,41 : 23.32"
"14,42 : 19.65"
"14,43 : 41.4"
"14,44 : 22.67"
"14,45 : 16.64"
"14,46 : 8.0"
"14,47 : 6.4"
"14,48 : 13.45"
"14,49 : 8.54"
"15,0 : 29.55"
"15,1 : 32.2"
"15,2 : 50.09"
"15,3 : 31.91"
"15,4 : 4.12"
"15,5 : 52.5"
"15,6 : 28.65"
"15,7 : 37.64"
"15,8 : 52.2"
"15,9 : 33.02"
"15,10 : 43.86"
"15,11 : 35.51"
"15,12 : 48.76"
"15,13 : 42.45"
"15,14 : 38.28"
"15,15 : 0.0"
"15,16 : 22.2"
"15,17 : 51.0"
"15,18 : 41.19"
"15,19 : 34.79"
"15,20 : 38.64"
"15,21 : 38.9"
"15,22 : 44.55"
"15,23 : 62.48"
"15,24 : 36.88"
"15,25 : 57.98"
"15,26 : 40.01"
"15,27 : 29.07"
"15,28 : 36.88"
"15,29 : 55.15"
"15,30 : 53.67"
"15,31 : 44.0"
"15,32 : 27.07"
"15,33 : 40.61"
"15,34 : 58.25"
"15,35 : 48.41"
"15,36 : 33.54"
"15,37 : 48.84"
"15,38 : 29.41"
"15,39 : 42.52"
"15,40 : 21.02"
"15,41 : 20.02"
"15,42 : 20.62"
"15,43 : 46.01"
"15,44 : 60.44"
"15,45 : 54.92"
"15,46 : 31.89"
"15,47 : 39.4"
"15,48 : 38.6"
"15,49 : 45.45"
"16,0 : 10.3"
"16,1 : 27.2"
"16,2 : 28.0"
"16,3 : 24.52"
"16,4 : 21.02"
"16,5 : 38.9"
"16,6 : 11.4"
"16,7 : 34.79"
"16,8 : 46.17"
"16,9 : 11.18"
"16,10 : 30.08"
"16,11 : 27.17"
"16,12 : 26.93"
"16,13 : 20.62"
"16,14 : 29.02"
"16,15 : 22.2"
"16,16 : 0.0"
"16,17 : 42.05"
"16,18 : 19.03"
"16,19 : 31.95"
"16,20 : 38.08"
"16,21 : 17.49"
"16,22 : 30.36"
"16,23 : 48.47"
"16,24 : 21.84"
"16,25 : 42.49"
"16,26 : 18.11"
"16,27 : 16.0"
"16,28 : 14.87"
"16,29 : 39.81"
"16,30 : 33.42"
"16,31 : 46.53"
"16,32 : 5.1"
"16,33 : 18.44"
"16,34 : 46.32"
"16,35 : 31.38"
"16,36 : 34.0"
"16,37 : 46.84"
"16,38 : 8.49"
"16,39 : 26.93"
"16,40 : 27.66"
"16,41 : 27.02"
"16,42 : 11.66"
"16,43 : 24.33"
"16,44 : 46.82"
"16,45 : 43.74"
"16,46 : 21.02"
"16,47 : 33.54"
"16,48 : 21.93"
"16,49 : 32.76"
"17,0 : 33.14"
"17,1 : 18.87"
"17,2 : 49.4"
"17,3 : 19.31"
"17,4 : 47.01"
"17,5 : 11.18"
"17,6 : 31.02"
"17,7 : 15.81"
"17,8 : 7.21"
"17,9 : 44.91"
"17,10 : 14.32"
"17,11 : 15.81"
"17,12 : 39.41"
"17,13 : 38.01"
"17,14 : 13.34"
"17,15 : 51.0"
"17,16 : 42.05"
"17,17 : 0.0"
"17,18 : 44.38"
"17,19 : 17.69"
"17,20 : 18.38"
"17,21 : 35.47"
"17,22 : 14.76"
"17,23 : 16.28"
"17,24 : 21.38"
"17,25 : 17.46"
"17,26 : 46.82"
"17,27 : 26.08"
"17,28 : 38.9"
"17,29 : 16.16"
"17,30 : 31.89"
"17,31 : 24.02"
"17,32 : 43.1"
"17,33 : 41.23"
"17,34 : 9.49"
"17,35 : 20.52"
"17,36 : 21.63"
"17,37 : 15.3"
"17,38 : 36.22"
"17,39 : 18.79"
"17,40 : 33.24"
"17,41 : 33.97"
"17,42 : 32.98"
"17,43 : 50.99"
"17,44 : 14.14"
"17,45 : 6.08"
"17,46 : 21.21"
"17,47 : 12.04"
"17,48 : 23.09"
"17,49 : 11.18"
"18,0 : 16.12"
"18,1 : 36.8"
"18,2 : 9.06"
"18,3 : 33.24"
"18,4 : 40.0"
"18,5 : 36.67"
"18,6 : 18.87"
"18,7 : 43.86"
"18,8 : 50.54"
"18,9 : 8.54"
"18,10 : 30.08"
"18,11 : 34.06"
"18,12 : 10.82"
"18,13 : 7.0"
"18,14 : 34.41"
"18,15 : 41.19"
"18,16 : 19.03"
"18,17 : 44.38"
"18,18 : 0.0"
"18,19 : 41.73"
"18,20 : 48.08"
"18,21 : 8.94"
"18,22 : 29.73"
"18,23 : 44.01"
"18,24 : 23.85"
"18,25 : 37.0"
"18,26 : 3.16"
"18,27 : 24.21"
"18,28 : 6.4"
"18,29 : 35.06"
"18,30 : 21.19"
"18,31 : 57.28"
"18,32 : 14.14"
"18,33 : 3.16"
"18,34 : 44.72"
"18,35 : 26.17"
"18,36 : 45.45"
"18,37 : 54.41"
"18,38 : 13.93"
"18,39 : 25.63"
"18,40 : 43.46"
"18,41 : 43.08"
"18,42 : 26.57"
"18,43 : 7.07"
"18,44 : 43.1"
"18,45 : 43.42"
"18,46 : 28.28"
"18,47 : 40.61"
"18,48 : 21.47"
"18,49 : 33.24"
"19,0 : 26.4"
"19,1 : 5.0"
"19,2 : 49.2"
"19,3 : 8.49"
"19,4 : 30.68"
"19,5 : 24.04"
"19,6 : 23.6"
"19,7 : 3.0"
"19,8 : 17.46"
"19,9 : 38.83"
"19,10 : 19.03"
"19,11 : 8.54"
"19,12 : 41.18"
"19,13 : 37.2"
"19,14 : 10.05"
"19,15 : 34.79"
"19,16 : 31.95"
"19,17 : 17.69"
"19,18 : 41.73"
"19,19 : 0.0"
"19,20 : 6.4"
"19,21 : 33.42"
"19,22 : 20.02"
"19,23 : 32.65"
"19,24 : 19.24"
"19,25 : 31.05"
"19,26 : 43.19"
"19,27 : 17.8"
"19,28 : 35.36"
"19,29 : 28.64"
"19,30 : 38.08"
"19,31 : 15.56"
"19,32 : 34.89"
"19,33 : 38.95"
"19,34 : 26.63"
"19,35 : 27.17"
"19,36 : 5.0"
"19,37 : 15.13"
"19,38 : 29.41"
"19,39 : 21.59"
"19,40 : 15.62"
"19,41 : 16.4"
"19,42 : 20.62"
"19,43 : 48.8"
"19,44 : 30.41"
"19,45 : 23.02"
"19,46 : 13.45"
"19,47 : 5.83"
"19,48 : 22.36"
"19,49 : 18.11"
"20,0 : 32.8"
"20,1 : 11.4"
"20,2 : 55.44"
"20,3 : 14.87"
"20,4 : 34.53"
"20,5 : 27.07"
"20,6 : 30.0"
"20,7 : 4.47"
"20,8 : 15.56"
"20,9 : 45.22"
"20,10 : 23.77"
"20,11 : 14.42"
"20,12 : 47.17"
"20,13 : 43.42"
"20,14 : 15.23"
"20,15 : 38.64"
"20,16 : 38.08"
"20,17 : 18.38"
"20,18 : 48.08"
"20,19 : 6.4"
"20,20 : 0.0"
"20,21 : 39.7"
"20,22 : 24.74"
"20,23 : 34.48"
"20,24 : 25.24"
"20,25 : 34.13"
"20,26 : 49.58"
"20,27 : 24.21"
"20,28 : 41.73"
"20,29 : 32.02"
"20,30 : 43.32"
"20,31 : 9.22"
"20,32 : 41.18"
"20,33 : 45.28"
"20,34 : 27.86"
"20,35 : 32.02"
"20,36 : 5.1"
"20,37 : 10.2"
"20,38 : 35.81"
"20,39 : 26.93"
"20,40 : 18.03"
"20,41 : 18.97"
"20,42 : 26.57"
"20,43 : 55.15"
"20,44 : 32.28"
"20,45 : 24.35"
"20,46 : 19.8"
"20,47 : 9.22"
"20,48 : 28.3"
"20,49 : 22.2"
"21,0 : 10.0"
"21,1 : 28.6"
"21,2 : 15.81"
"21,3 : 25.0"
"21,4 : 36.88"
"21,5 : 28.16"
"21,6 : 12.17"
"21,7 : 35.38"
"21,8 : 41.59"
"21,9 : 11.7"
"21,10 : 21.19"
"21,11 : 25.46"
"21,12 : 10.05"
"21,13 : 4.12"
"21,14 : 25.61"
"21,15 : 38.9"
"21,16 : 17.49"
"21,17 : 35.47"
"21,18 : 8.94"
"21,19 : 33.42"
"21,20 : 39.7"
"21,21 : 0.0"
"21,22 : 20.88"
"21,23 : 36.12"
"21,24 : 15.0"
"21,25 : 29.27"
"21,26 : 11.4"
"21,27 : 16.55"
"21,28 : 4.12"
"21,29 : 27.07"
"21,30 : 16.28"
"21,31 : 48.92"
"21,32 : 14.14"
"21,33 : 5.83"
"21,34 : 36.22"
"21,35 : 18.03"
"21,36 : 37.44"
"21,37 : 45.61"
"21,38 : 9.49"
"21,39 : 16.76"
"21,40 : 37.11"
"21,41 : 36.88"
"21,42 : 21.02"
"21,43 : 15.81"
"21,44 : 35.01"
"21,45 : 34.71"
"21,46 : 20.0"
"21,47 : 31.89"
"21,48 : 12.53"
"21,49 : 24.35"
"22,0 : 20.4"
"22,1 : 17.26"
"22,2 : 34.67"
"22,3 : 14.87"
"22,4 : 41.04"
"22,5 : 8.54"
"22,6 : 18.97"
"22,7 : 20.4"
"22,8 : 21.4"
"22,9 : 31.06"
"22,10 : 1.0"
"22,11 : 12.17"
"22,12 : 24.84"
"22,13 : 23.26"
"22,14 : 10.0"
"22,15 : 44.55"
"22,16 : 30.36"
"22,17 : 14.76"
"22,18 : 29.73"
"22,19 : 20.02"
"22,20 : 24.74"
"22,21 : 20.88"
"22,22 : 0.0"
"22,23 : 18.36"
"22,24 : 8.54"
"22,25 : 13.45"
"22,26 : 32.28"
"22,27 : 15.81"
"22,28 : 24.52"
"22,29 : 10.63"
"22,30 : 18.79"
"22,31 : 33.24"
"22,32 : 30.27"
"22,33 : 26.57"
"22,34 : 16.12"
"22,35 : 7.28"
"22,36 : 25.02"
"22,37 : 27.2"
"22,38 : 23.19"
"22,39 : 4.12"
"22,40 : 31.95"
"22,41 : 32.31"
"22,42 : 24.21"
"22,43 : 36.25"
"22,44 : 16.55"
"22,45 : 14.04"
"22,46 : 12.81"
"22,47 : 15.52"
"22,48 : 9.0"
"22,49 : 3.61"
"23,0 : 38.28"
"23,1 : 32.2"
"23,2 : 46.1"
"23,3 : 31.14"
"23,4 : 58.8"
"23,5 : 10.0"
"23,6 : 37.16"
"23,7 : 31.38"
"23,8 : 22.02"
"23,9 : 47.52"
"23,10 : 18.87"
"23,11 : 27.66"
"23,12 : 35.69"
"23,13 : 37.01"
"23,14 : 24.84"
"23,15 : 62.48"
"23,16 : 48.47"
"23,17 : 16.28"
"23,18 : 44.01"
"23,19 : 32.65"
"23,20 : 34.48"
"23,21 : 36.12"
"23,22 : 18.36"
"23,23 : 0.0"
"23,24 : 26.83"
"23,25 : 7.07"
"23,26 : 47.0"
"23,27 : 34.13"
"23,28 : 40.2"
"23,29 : 9.06"
"23,30 : 25.3"
"23,31 : 40.2"
"23,32 : 47.8"
"23,33 : 41.0"
"23,34 : 7.0"
"23,35 : 18.11"
"23,36 : 37.16"
"23,37 : 31.0"
"23,38 : 40.8"
"23,39 : 21.54"
"23,40 : 47.43"
"23,41 : 48.01"
"23,42 : 42.44"
"23,43 : 49.37"
"23,44 : 2.24"
"23,45 : 10.2"
"23,46 : 30.61"
"23,47 : 26.83"
"23,48 : 26.57"
"23,49 : 17.03"
"24,0 : 12.04"
"24,1 : 14.87"
"24,2 : 30.41"
"24,3 : 11.4"
"24,4 : 33.6"
"24,5 : 17.09"
"24,6 : 10.44"
"24,7 : 20.81"
"24,8 : 26.93"
"24,9 : 23.54"
"24,10 : 8.25"
"24,11 : 10.82"
"24,12 : 21.95"
"24,13 : 18.38"
"24,14 : 10.63"
"24,15 : 36.88"
"24,16 : 21.84"
"24,17 : 21.38"
"24,18 : 23.85"
"24,19 : 19.24"
"24,20 : 25.24"
"24,21 : 15.0"
"24,22 : 8.54"
"24,23 : 26.83"
"24,24 : 0.0"
"24,25 : 21.4"
"24,26 : 25.94"
"24,27 : 7.81"
"24,28 : 17.89"
"24,29 : 18.6"
"24,30 : 20.0"
"24,31 : 34.41"
"24,32 : 22.02"
"24,33 : 20.81"
"24,34 : 24.52"
"24,35 : 11.66"
"24,36 : 23.77"
"24,37 : 30.61"
"24,38 : 15.0"
"24,39 : 5.66"
"24,40 : 27.17"
"24,41 : 27.29"
"24,42 : 16.28"
"24,43 : 30.81"
"24,44 : 25.08"
"24,45 : 22.09"
"24,46 : 7.0"
"24,47 : 16.97"
"24,48 : 3.16"
"24,49 : 11.05"
"25,0 : 32.2"
"25,1 : 29.55"
"25,2 : 39.05"
"25,3 : 27.78"
"25,4 : 54.49"
"25,5 : 7.07"
"25,6 : 31.38"
"25,7 : 30.41"
"25,8 : 24.35"
"25,9 : 40.79"
"25,10 : 14.21"
"25,11 : 24.6"
"25,12 : 28.64"
"25,13 : 30.0"
"25,14 : 21.93"
"25,15 : 57.98"
"25,16 : 42.49"
"25,17 : 17.46"
"25,18 : 37.0"
"25,19 : 31.05"
"25,20 : 34.13"
"25,21 : 29.27"
"25,22 : 13.45"
"25,23 : 7.07"
"25,24 : 21.4"
"25,25 : 0.0"
"25,26 : 40.01"
"25,27 : 29.07"
"25,28 : 33.38"
"25,29 : 2.83"
"25,30 : 18.38"
"25,31 : 41.11"
"25,32 : 41.44"
"25,33 : 34.01"
"25,34 : 10.63"
"25,35 : 11.4"
"25,36 : 35.9"
"25,37 : 32.76"
"25,38 : 34.54"
"25,39 : 15.81"
"25,40 : 44.72"
"25,41 : 45.18"
"25,42 : 37.54"
"25,43 : 42.3"
"25,44 : 6.71"
"25,45 : 12.08"
"25,46 : 26.25"
"25,47 : 25.5"
"25,48 : 20.59"
"25,49 : 13.42"
"26,0 : 17.03"
"26,1 : 38.21"
"26,2 : 10.2"
"26,3 : 34.71"
"26,4 : 39.12"
"26,5 : 39.46"
"26,6 : 19.85"
"26,7 : 45.45"
"26,8 : 52.8"
"26,9 : 7.0"
"26,10 : 32.57"
"26,11 : 35.81"
"26,12 : 13.89"
"26,13 : 10.05"
"26,14 : 36.36"
"26,15 : 40.01"
"26,16 : 18.11"
"26,17 : 46.82"
"26,18 : 3.16"
"26,19 : 43.19"
"26,20 : 49.58"
"26,21 : 11.4"
"26,22 : 32.28"
"26,23 : 47.0"
"26,24 : 25.94"
"26,25 : 40.01"
"26,26 : 0.0"
"26,27 : 25.46"
"26,28 : 8.06"
"26,29 : 38.01"
"26,30 : 24.35"
"26,31 : 58.73"
"26,32 : 13.04"
"26,33 : 6.0"
"26,34 : 47.52"
"26,35 : 29.07"
"26,36 : 46.69"
"26,37 : 56.3"
"26,38 : 14.42"
"26,39 : 28.16"
"26,40 : 43.83"
"26,41 : 43.38"
"26,42 : 26.83"
"26,43 : 6.32"
"26,44 : 46.04"
"26,45 : 46.1"
"26,46 : 29.83"
"26,47 : 42.44"
"26,48 : 23.77"
"26,49 : 35.74"
"27,0 : 8.6"
"27,1 : 12.81"
"27,2 : 32.25"
"27,3 : 9.43"
"27,4 : 25.81"
"27,5 : 24.19"
"27,6 : 5.83"
"27,7 : 20.25"
"27,8 : 30.27"
"27,9 : 21.1"
"27,10 : 15.26"
"27,11 : 11.4"
"27,12 : 25.71"
"27,13 : 20.62"
"27,14 : 13.04"
"27,15 : 29.07"
"27,16 : 16.0"
"27,17 : 26.08"
"27,18 : 24.21"
"27,19 : 17.8"
"27,20 : 24.21"
"27,21 : 16.55"
"27,22 : 15.81"
"27,23 : 34.13"
"27,24 : 7.81"
"27,25 : 29.07"
"27,26 : 25.46"
"27,27 : 0.0"
"27,28 : 17.8"
"27,29 : 26.25"
"27,30 : 26.48"
"27,31 : 33.3"
"27,32 : 17.72"
"27,33 : 21.63"
"27,34 : 31.02"
"27,35 : 19.42"
"27,36 : 21.26"
"27,37 : 31.78"
"27,38 : 11.66"
"27,39 : 13.45"
"27,40 : 21.1"
"27,41 : 21.02"
"27,42 : 8.49"
"27,43 : 31.24"
"27,44 : 32.25"
"27,45 : 28.16"
"27,46 : 5.1"
"27,47 : 18.03"
"27,48 : 9.85"
"27,49 : 17.46"
"28,0 : 9.85"
"28,1 : 30.41"
"28,2 : 14.87"
"28,3 : 26.87"
"28,4 : 35.23"
"28,5 : 32.06"
"28,6 : 12.53"
"28,7 : 37.54"
"28,8 : 44.78"
"28,9 : 7.62"
"28,10 : 24.74"
"28,11 : 27.8"
"28,12 : 12.08"
"28,13 : 5.83"
"28,14 : 28.3"
"28,15 : 36.88"
"28,16 : 14.87"
"28,17 : 38.9"
"28,18 : 6.4"
"28,19 : 35.36"
"28,20 : 41.73"
"28,21 : 4.12"
"28,22 : 24.52"
"28,23 : 40.2"
"28,24 : 17.89"
"28,25 : 33.38"
"28,26 : 8.06"
"28,27 : 17.8"
"28,28 : 0.0"
"28,29 : 31.14"
"28,30 : 20.0"
"28,31 : 50.91"
"28,32 : 10.82"
"28,33 : 4.12"
"28,34 : 40.11"
"28,35 : 22.09"
"28,36 : 39.05"
"28,37 : 48.26"
"28,38 : 8.06"
"28,39 : 20.4"
"28,40 : 37.34"
"28,41 : 37.0"
"28,42 : 20.62"
"28,43 : 13.45"
"28,44 : 39.05"
"28,45 : 38.47"
"28,46 : 21.93"
"28,47 : 34.41"
"28,48 : 15.81"
"28,49 : 27.89"
"29,0 : 29.55"
"29,1 : 26.93"
"29,2 : 37.64"
"29,3 : 25.06"
"29,4 : 51.66"
"29,5 : 5.1"
"29,6 : 28.65"
"29,7 : 28.16"
"29,8 : 23.26"
"29,9 : 38.47"
"29,10 : 11.4"
"29,11 : 21.93"
"29,12 : 27.2"
"29,13 : 28.07"
"29,14 : 19.31"
"29,15 : 55.15"
"29,16 : 39.81"
"29,17 : 16.16"
"29,18 : 35.06"
"29,19 : 28.64"
"29,20 : 32.02"
"29,21 : 27.07"
"29,22 : 10.63"
"29,23 : 9.06"
"29,24 : 18.6"
"29,25 : 2.83"
"29,26 : 38.01"
"29,27 : 26.25"
"29,28 : 31.14"
"29,29 : 0.0"
"29,30 : 17.49"
"29,31 : 39.32"
"29,32 : 38.9"
"29,33 : 32.02"
"29,34 : 10.82"
"29,35 : 9.06"
"29,36 : 33.54"
"29,37 : 31.32"
"29,38 : 31.95"
"29,39 : 13.04"
"29,40 : 42.05"
"29,41 : 42.49"
"29,42 : 34.71"
"29,43 : 40.61"
"29,44 : 8.06"
"29,45 : 11.4"
"29,46 : 23.43"
"29,47 : 23.19"
"29,48 : 17.89"
"29,49 : 10.77"
"30,0 : 24.19"
"30,1 : 34.37"
"30,2 : 21.1"
"30,3 : 31.14"
"30,4 : 51.08"
"30,5 : 21.26"
"30,6 : 25.08"
"30,7 : 38.9"
"30,8 : 39.05"
"30,9 : 27.46"
"30,10 : 19.7"
"30,11 : 29.61"
"30,12 : 11.05"
"30,13 : 14.76"
"30,14 : 28.16"
"30,15 : 53.67"
"30,16 : 33.42"
"30,17 : 31.89"
"30,18 : 21.19"
"30,19 : 38.08"
"30,20 : 43.32"
"30,21 : 16.28"
"30,22 : 18.79"
"30,23 : 25.3"
"30,24 : 20.0"
"30,25 : 18.38"
"30,26 : 24.35"
"30,27 : 26.48"
"30,28 : 20.0"
"30,29 : 17.49"
"30,30 : 0.0"
"30,31 : 52.0"
"30,32 : 30.41"
"30,33 : 18.79"
"30,34 : 28.3"
"30,35 : 11.66"
"30,36 : 42.95"
"30,37 : 45.79"
"30,38 : 25.0"
"30,39 : 16.49"
"30,40 : 47.1"
"30,41 : 47.17"
"30,42 : 33.84"
"30,43 : 25.08"
"30,44 : 25.08"
"30,45 : 28.43"
"30,46 : 27.0"
"30,47 : 34.18"
"30,48 : 17.03"
"30,49 : 21.95"
"31,0 : 41.87"
"31,1 : 20.52"
"31,2 : 64.66"
"31,3 : 24.04"
"31,4 : 40.01"
"31,5 : 34.23"
"31,6 : 39.05"
"31,7 : 13.6"
"31,8 : 18.68"
"31,9 : 54.2"
"31,10 : 32.31"
"31,11 : 23.6"
"31,12 : 56.3"
"31,13 : 52.63"
"31,14 : 24.19"
"31,15 : 44.0"
"31,16 : 46.53"
"31,17 : 24.02"
"31,18 : 57.28"
"31,19 : 15.56"
"31,20 : 9.22"
"31,21 : 48.92"
"31,22 : 33.24"
"31,23 : 40.2"
"31,24 : 34.41"
"31,25 : 41.11"
"31,26 : 58.73"
"31,27 : 33.3"
"31,28 : 50.91"
"31,29 : 39.32"
"31,30 : 52.0"
"31,31 : 0.0"
"31,32 : 49.93"
"31,33 : 54.49"
"31,34 : 33.24"
"31,35 : 40.5"
"31,36 : 12.53"
"31,37 : 9.85"
"31,38 : 44.82"
"31,39 : 35.78"
"31,40 : 23.02"
"31,41 : 24.02"
"31,42 : 34.89"
"31,43 : 64.35"
"31,44 : 38.12"
"31,45 : 30.07"
"31,46 : 29.0"
"31,47 : 17.89"
"31,48 : 37.44"
"31,49 : 30.36"
"32,0 : 10.0"
"32,1 : 29.97"
"32,2 : 23.02"
"32,3 : 26.93"
"32,4 : 26.08"
"32,5 : 38.64"
"32,6 : 12.17"
"32,7 : 37.58"
"32,8 : 47.85"
"32,9 : 6.08"
"32,10 : 30.15"
"32,11 : 29.12"
"32,12 : 22.83"
"32,13 : 16.64"
"32,14 : 30.59"
"32,15 : 27.07"
"32,16 : 5.1"
"32,17 : 43.1"
"32,18 : 14.14"
"32,19 : 34.89"
"32,20 : 41.18"
"32,21 : 14.14"
"32,22 : 30.27"
"32,23 : 47.8"
"32,24 : 22.02"
"32,25 : 41.44"
"32,26 : 13.04"
"32,27 : 17.72"
"32,28 : 10.82"
"32,29 : 38.9"
"32,30 : 30.41"
"32,31 : 49.93"
"32,32 : 0.0"
"32,33 : 13.93"
"32,34 : 46.39"
"32,35 : 30.08"
"32,36 : 37.44"
"32,37 : 49.4"
"32,38 : 7.07"
"32,39 : 26.48"
"32,40 : 32.2"
"32,41 : 31.62"
"32,42 : 15.56"
"32,43 : 19.24"
"32,44 : 46.32"
"32,45 : 44.1"
"32,46 : 22.8"
"32,47 : 35.74"
"32,48 : 21.38"
"32,49 : 33.06"
"33,0 : 13.93"
"33,1 : 34.06"
"33,2 : 10.77"
"33,3 : 30.48"
"33,4 : 39.12"
"33,5 : 33.54"
"33,6 : 16.55"
"33,7 : 41.01"
"33,8 : 47.41"
"33,9 : 9.22"
"33,10 : 26.93"
"33,11 : 31.14"
"33,12 : 9.22"
"33,13 : 4.12"
"33,14 : 31.4"
"33,15 : 40.61"
"33,16 : 18.44"
"33,17 : 41.23"
"33,18 : 3.16"
"33,19 : 38.95"
"33,20 : 45.28"
"33,21 : 5.83"
"33,22 : 26.57"
"33,23 : 41.0"
"33,24 : 20.81"
"33,25 : 34.01"
"33,26 : 6.0"
"33,27 : 21.63"
"33,28 : 4.12"
"33,29 : 32.02"
"33,30 : 18.79"
"33,31 : 54.49"
"33,32 : 13.93"
"33,33 : 0.0"
"33,34 : 41.59"
"33,35 : 23.09"
"33,36 : 42.8"
"33,37 : 51.4"
"33,38 : 12.17"
"33,39 : 22.47"
"33,40 : 41.44"
"33,41 : 41.11"
"33,42 : 24.74"
"33,43 : 10.0"
"33,44 : 40.05"
"33,45 : 40.26"
"33,46 : 25.5"
"33,47 : 37.64"
"33,48 : 18.36"
"33,49 : 30.08"
"34,0 : 36.5"
"34,1 : 26.87"
"34,2 : 48.1"
"34,3 : 26.4"
"34,4 : 54.41"
"34,5 : 8.06"
"34,6 : 34.93"
"34,7 : 25.06"
"34,8 : 15.03"
"34,9 : 47.0"
"34,10 : 16.28"
"34,11 : 22.8"
"34,12 : 37.7"
"34,13 : 37.85"
"34,14 : 20.0"
"34,15 : 58.25"
"34,16 : 46.32"
"34,17 : 9.49"
"34,18 : 44.72"
"34,19 : 26.63"
"34,20 : 27.86"
"34,21 : 36.22"
"34,22 : 16.12"
"34,23 : 7.0"
"34,24 : 24.52"
"34,25 : 10.63"
"34,26 : 47.52"
"34,27 : 31.02"
"34,28 : 40.11"
"34,29 : 10.82"
"34,30 : 28.3"
"34,31 : 33.24"
"34,32 : 46.39"
"34,33 : 41.59"
"34,34 : 0.0"
"34,35 : 18.68"
"34,36 : 30.89"
"34,37 : 24.0"
"34,38 : 39.32"
"34,39 : 20.02"
"34,40 : 41.87"
"34,41 : 42.52"
"34,42 : 38.91"
"34,43 : 50.7"
"34,44 : 5.1"
"34,45 : 3.61"
"34,46 : 26.83"
"34,47 : 20.81"
"34,48 : 25.08"
"34,49 : 13.6"
"35,0 : 21.1"
"35,1 : 24.02"
"35,2 : 29.55"
"35,3 : 21.21"
"35,4 : 45.22"
"35,5 : 10.77"
"35,6 : 20.62"
"35,7 : 27.66"
"35,8 : 27.59"
"35,9 : 29.43"
"35,10 : 8.25"
"35,11 : 19.0"
"35,12 : 19.24"
"35,13 : 19.24"
"35,14 : 17.12"
"35,15 : 48.41"
"35,16 : 31.38"
"35,17 : 20.52"
"35,18 : 26.17"
"35,19 : 27.17"
"35,20 : 32.02"
"35,21 : 18.03"
"35,22 : 7.28"
"35,23 : 18.11"
"35,24 : 11.66"
"35,25 : 11.4"
"35,26 : 29.07"
"35,27 : 19.42"
"35,28 : 22.09"
"35,29 : 9.06"
"35,30 : 11.66"
"35,31 : 40.5"
"35,32 : 30.08"
"35,33 : 23.09"
"35,34 : 18.68"
"35,35 : 0.0"
"35,36 : 32.14"
"35,37 : 34.13"
"35,38 : 23.26"
"35,39 : 6.32"
"35,40 : 38.08"
"35,41 : 38.33"
"35,42 : 27.8"
"35,43 : 32.02"
"35,44 : 17.0"
"35,45 : 17.89"
"35,46 : 18.03"
"35,47 : 22.8"
"35,48 : 9.9"
"35,49 : 10.3"
"36,0 : 29.7"
"36,1 : 8.94"
"36,2 : 53.25"
"36,3 : 12.53"
"36,4 : 29.43"
"36,5 : 28.86"
"36,6 : 26.87"
"36,7 : 5.83"
"36,8 : 20.0"
"36,9 : 41.87"
"36,10 : 24.02"
"36,11 : 13.34"
"36,12 : 45.62"
"36,13 : 41.34"
"36,14 : 15.03"
"36,15 : 33.54"
"36,16 : 34.0"
"36,17 : 21.63"
"36,18 : 45.45"
"36,19 : 5.0"
"36,20 : 5.1"
"36,21 : 37.44"
"36,22 : 25.02"
"36,23 : 37.16"
"36,24 : 23.77"
"36,25 : 35.9"
"36,26 : 46.69"
"36,27 : 21.26"
"36,28 : 39.05"
"36,29 : 33.54"
"36,30 : 42.95"
"36,31 : 12.53"
"36,32 : 37.44"
"36,33 : 42.8"
"36,34 : 30.89"
"36,35 : 32.14"
"36,36 : 0.0"
"36,37 : 15.3"
"36,38 : 32.56"
"36,39 : 26.48"
"36,40 : 13.0"
"36,41 : 13.93"
"36,42 : 22.36"
"36,43 : 52.5"
"36,44 : 34.93"
"36,45 : 27.29"
"36,46 : 17.49"
"36,47 : 10.44"
"36,48 : 26.93"
"36,49 : 23.09"
"37,0 : 40.25"
"37,1 : 19.65"
"37,2 : 60.88"
"37,3 : 22.47"
"37,4 : 44.72"
"37,5 : 26.25"
"37,6 : 37.58"
"37,7 : 12.17"
"37,8 : 9.06"
"37,9 : 52.77"
"37,10 : 26.4"
"37,11 : 20.59"
"37,12 : 51.66"
"37,13 : 48.92"
"37,14 : 20.0"
"37,15 : 48.84"
"37,16 : 46.84"
"37,17 : 15.3"
"37,18 : 54.41"
"37,19 : 15.13"
"37,20 : 10.2"
"37,21 : 45.61"
"37,22 : 27.2"
"37,23 : 31.0"
"37,24 : 30.61"
"37,25 : 32.76"
"37,26 : 56.3"
"37,27 : 31.78"
"37,28 : 48.26"
"37,29 : 31.32"
"37,30 : 45.79"
"37,31 : 9.85"
"37,32 : 49.4"
"37,33 : 51.4"
"37,34 : 24.0"
"37,35 : 34.13"
"37,36 : 15.3"
"37,37 : 0.0"
"37,38 : 43.38"
"37,39 : 30.48"
"37,40 : 28.16"
"37,41 : 29.12"
"37,42 : 35.69"
"37,43 : 61.4"
"37,44 : 29.02"
"37,45 : 21.1"
"37,46 : 26.83"
"37,47 : 13.89"
"37,48 : 33.3"
"37,49 : 23.85"
"38,0 : 3.16"
"38,1 : 24.41"
"38,2 : 22.8"
"38,3 : 21.1"
"38,4 : 27.46"
"38,5 : 31.58"
"38,6 : 5.83"
"38,7 : 31.91"
"38,8 : 41.23"
"38,9 : 9.43"
"38,10 : 23.09"
"38,11 : 22.85"
"38,12 : 19.42"
"38,13 : 13.15"
"38,14 : 24.04"
"38,15 : 29.41"
"38,16 : 8.49"
"38,17 : 36.22"
"38,18 : 13.93"
"38,19 : 29.41"
"38,20 : 35.81"
"38,21 : 9.49"
"38,22 : 23.19"
"38,23 : 40.8"
"38,24 : 15.0"
"38,25 : 34.54"
"38,26 : 14.42"
"38,27 : 11.66"
"38,28 : 8.06"
"38,29 : 31.95"
"38,30 : 25.0"
"38,31 : 44.82"
"38,32 : 7.07"
"38,33 : 12.17"
"38,34 : 39.32"
"38,35 : 23.26"
"38,36 : 32.56"
"38,37 : 43.38"
"38,38 : 0.0"
"38,39 : 19.42"
"38,40 : 29.55"
"38,41 : 29.15"
"38,42 : 12.65"
"38,43 : 20.59"
"38,44 : 39.29"
"38,45 : 37.05"
"38,46 : 16.55"
"38,47 : 29.55"
"38,48 : 14.32"
"38,49 : 26.02"
"39,0 : 16.76"
"39,1 : 18.03"
"39,2 : 30.81"
"39,3 : 15.03"
"39,4 : 39.2"
"39,5 : 12.17"
"39,6 : 15.65"
"39,7 : 22.47"
"39,8 : 25.24"
"39,9 : 27.02"
"39,10 : 4.47"
"39,11 : 13.15"
"39,12 : 21.21"
"39,13 : 19.24"
"39,14 : 11.7"
"39,15 : 42.52"
"39,16 : 26.93"
"39,17 : 18.79"
"39,18 : 25.63"
"39,19 : 21.59"
"39,20 : 26.93"
"39,21 : 16.76"
"39,22 : 4.12"
"39,23 : 21.54"
"39,24 : 5.66"
"39,25 : 15.81"
"39,26 : 28.16"
"39,27 : 13.45"
"39,28 : 20.4"
"39,29 : 13.04"
"39,30 : 16.49"
"39,31 : 35.78"
"39,32 : 26.48"
"39,33 : 22.47"
"39,34 : 20.02"
"39,35 : 6.32"
"39,36 : 26.48"
"39,37 : 30.48"
"39,38 : 19.42"
"39,39 : 0.0"
"39,40 : 31.78"
"39,41 : 32.02"
"39,42 : 21.93"
"39,43 : 32.2"
"39,44 : 19.92"
"39,45 : 18.11"
"39,46 : 11.7"
"39,47 : 17.89"
"39,48 : 5.1"
"39,49 : 7.62"
"40,0 : 27.51"
"40,1 : 15.26"
"40,2 : 52.2"
"40,3 : 17.09"
"40,4 : 17.0"
"40,5 : 38.08"
"40,6 : 25.0"
"40,7 : 18.03"
"40,8 : 32.76"
"40,9 : 37.74"
"40,10 : 31.02"
"40,11 : 20.12"
"40,12 : 46.69"
"40,13 : 41.23"
"40,14 : 22.83"
"40,15 : 21.02"
"40,16 : 27.66"
"40,17 : 33.24"
"40,18 : 43.46"
"40,19 : 15.62"
"40,20 : 18.03"
"40,21 : 37.11"
"40,22 : 31.95"
"40,23 : 47.43"
"40,24 : 27.17"
"40,25 : 44.72"
"40,26 : 43.83"
"40,27 : 21.1"
"40,28 : 37.34"
"40,29 : 42.05"
"40,30 : 47.1"
"40,31 : 23.02"
"40,32 : 32.2"
"40,33 : 41.44"
"40,34 : 41.87"
"40,35 : 38.08"
"40,36 : 13.0"
"40,37 : 28.16"
"40,38 : 29.55"
"40,39 : 31.78"
"40,40 : 0.0"
"40,41 : 1.0"
"40,42 : 17.0"
"40,43 : 50.09"
"40,44 : 45.22"
"40,45 : 38.29"
"40,46 : 20.22"
"40,47 : 21.21"
"40,48 : 30.07"
"40,49 : 31.3"
"41,0 : 27.2"
"41,1 : 15.81"
"41,2 : 51.87"
"41,3 : 17.46"
"41,4 : 16.0"
"41,5 : 38.59"
"41,6 : 24.74"
"41,7 : 18.87"
"41,8 : 33.62"
"41,9 : 37.22"
"41,10 : 31.38"
"41,11 : 20.59"
"41,12 : 46.53"
"41,13 : 41.0"
"41,14 : 23.32"
"41,15 : 20.02"
"41,16 : 27.02"
"41,17 : 33.97"
"41,18 : 43.08"
"41,19 : 16.4"
"41,20 : 18.97"
"41,21 : 36.88"
"41,22 : 32.31"
"41,23 : 48.01"
"41,24 : 27.29"
"41,25 : 45.18"
"41,26 : 43.38"
"41,27 : 21.02"
"41,28 : 37.0"
"41,29 : 42.49"
"41,30 : 47.17"
"41,31 : 24.02"
"41,32 : 31.62"
"41,33 : 41.11"
"41,34 : 42.52"
"41,35 : 38.33"
"41,36 : 13.93"
"41,37 : 29.12"
"41,38 : 29.15"
"41,39 : 32.02"
"41,40 : 1.0"
"41,41 : 0.0"
"41,42 : 16.55"
"41,43 : 49.66"
"41,44 : 45.8"
"41,45 : 38.95"
"41,46 : 20.4"
"41,47 : 21.93"
"41,48 : 30.15"
"41,49 : 31.76"
"42,0 : 11.05"
"42,1 : 16.12"
"42,2 : 35.44"
"42,3 : 14.04"
"42,4 : 17.49"
"42,5 : 32.45"
"42,6 : 9.06"
"42,7 : 23.54"
"42,8 : 36.06"
"42,9 : 20.81"
"42,10 : 23.6"
"42,11 : 17.26"
"42,12 : 31.0"
"42,13 : 25.08"
"42,14 : 19.65"
"42,15 : 20.62"
"42,16 : 11.66"
"42,17 : 32.98"
"42,18 : 26.57"
"42,19 : 20.62"
"42,20 : 26.57"
"42,21 : 21.02"
"42,22 : 24.21"
"42,23 : 42.44"
"42,24 : 16.28"
"42,25 : 37.54"
"42,26 : 26.83"
"42,27 : 8.49"
"42,28 : 20.62"
"42,29 : 34.71"
"42,30 : 33.84"
"42,31 : 34.89"
"42,32 : 15.56"
"42,33 : 24.74"
"42,34 : 38.91"
"42,35 : 27.8"
"42,36 : 22.36"
"42,37 : 35.69"
"42,38 : 12.65"
"42,39 : 21.93"
"42,40 : 17.0"
"42,41 : 16.55"
"42,42 : 0.0"
"42,43 : 33.11"
"42,44 : 40.5"
"42,45 : 35.85"
"42,46 : 12.08"
"42,47 : 23.0"
"42,48 : 18.03"
"42,49 : 25.55"
"43,0 : 23.02"
"43,1 : 43.86"
"43,2 : 5.66"
"43,3 : 40.31"
"43,4 : 45.28"
"43,5 : 42.72"
"43,6 : 25.81"
"43,7 : 50.93"
"43,8 : 57.31"
"43,9 : 13.15"
"43,10 : 36.67"
"43,11 : 41.11"
"43,12 : 14.04"
"43,13 : 13.0"
"43,14 : 41.4"
"43,15 : 46.01"
"43,16 : 24.33"
"43,17 : 50.99"
"43,18 : 7.07"
"43,19 : 48.8"
"43,20 : 55.15"
"43,21 : 15.81"
"43,22 : 36.25"
"43,23 : 49.37"
"43,24 : 30.81"
"43,25 : 42.3"
"43,26 : 6.32"
"43,27 : 31.24"
"43,28 : 13.45"
"43,29 : 40.61"
"43,30 : 25.08"
"43,31 : 64.35"
"43,32 : 19.24"
"43,33 : 10.0"
"43,34 : 50.7"
"43,35 : 32.02"
"43,36 : 52.5"
"43,37 : 61.4"
"43,38 : 20.59"
"43,39 : 32.2"
"43,40 : 50.09"
"43,41 : 49.66"
"43,42 : 33.11"
"43,43 : 0.0"
"43,44 : 48.66"
"43,45 : 49.65"
"43,46 : 35.36"
"43,47 : 47.63"
"43,48 : 28.3"
"43,49 : 39.81"
"44,0 : 36.69"
"44,1 : 30.0"
"44,2 : 45.61"
"44,3 : 29.0"
"44,4 : 56.73"
"44,5 : 8.06"
"44,6 : 35.47"
"44,7 : 29.15"
"44,8 : 20.1"
"44,9 : 46.27"
"44,10 : 17.0"
"44,11 : 25.5"
"44,12 : 35.17"
"44,13 : 36.12"
"44,14 : 22.67"
"44,15 : 60.44"
"44,16 : 46.82"
"44,17 : 14.14"
"44,18 : 43.1"
"44,19 : 30.41"
"44,20 : 32.28"
"44,21 : 35.01"
"44,22 : 16.55"
"44,23 : 2.24"
"44,24 : 25.08"
"44,25 : 6.71"
"44,26 : 46.04"
"44,27 : 32.25"
"44,28 : 39.05"
"44,29 : 8.06"
"44,30 : 25.08"
"44,31 : 38.12"
"44,32 : 46.32"
"44,33 : 40.05"
"44,34 : 5.1"
"44,35 : 17.0"
"44,36 : 34.93"
"44,37 : 29.02"
"44,38 : 39.29"
"44,39 : 19.92"
"44,40 : 45.22"
"44,41 : 45.8"
"44,42 : 40.5"
"44,43 : 48.66"
"44,44 : 0.0"
"44,45 : 8.06"
"44,46 : 28.6"
"44,47 : 24.6"
"44,48 : 25.0"
"44,49 : 15.0"
"45,0 : 34.13"
"45,1 : 23.35"
"45,2 : 47.42"
"45,3 : 23.02"
"45,4 : 51.04"
"45,5 : 7.21"
"45,6 : 32.39"
"45,7 : 21.47"
"45,8 : 12.37"
"45,9 : 45.1"
"45,10 : 14.0"
"45,11 : 19.42"
"45,12 : 37.12"
"45,13 : 36.69"
"45,14 : 16.64"
"45,15 : 54.92"
"45,16 : 43.74"
"45,17 : 6.08"
"45,18 : 43.42"
"45,19 : 23.02"
"45,20 : 24.35"
"45,21 : 34.71"
"45,22 : 14.04"
"45,23 : 10.2"
"45,24 : 22.09"
"45,25 : 12.08"
"45,26 : 46.1"
"45,27 : 28.16"
"45,28 : 38.47"
"45,29 : 11.4"
"45,30 : 28.43"
"45,31 : 30.07"
"45,32 : 44.1"
"45,33 : 40.26"
"45,34 : 3.61"
"45,35 : 17.89"
"45,36 : 27.29"
"45,37 : 21.1"
"45,38 : 37.05"
"45,39 : 18.11"
"45,40 : 38.29"
"45,41 : 38.95"
"45,42 : 35.85"
"45,43 : 49.65"
"45,44 : 8.06"
"45,45 : 0.0"
"45,46 : 23.77"
"45,47 : 17.2"
"45,48 : 23.02"
"45,49 : 11.05"
"46,0 : 13.42"
"46,1 : 8.6"
"46,2 : 35.81"
"46,3 : 5.0"
"46,4 : 28.28"
"46,5 : 20.62"
"46,6 : 10.77"
"46,7 : 15.62"
"46,8 : 25.18"
"46,9 : 25.94"
"46,10 : 12.04"
"46,11 : 6.32"
"46,12 : 28.23"
"46,13 : 23.85"
"46,14 : 8.0"
"46,15 : 31.89"
"46,16 : 21.02"
"46,17 : 21.21"
"46,18 : 28.28"
"46,19 : 13.45"
"46,20 : 19.8"
"46,21 : 20.0"
"46,22 : 12.81"
"46,23 : 30.61"
"46,24 : 7.0"
"46,25 : 26.25"
"46,26 : 29.83"
"46,27 : 5.1"
"46,28 : 21.93"
"46,29 : 23.43"
"46,30 : 27.0"
"46,31 : 29.0"
"46,32 : 22.8"
"46,33 : 25.5"
"46,34 : 26.83"
"46,35 : 18.03"
"46,36 : 17.49"
"46,37 : 26.83"
"46,38 : 16.55"
"46,39 : 11.7"
"46,40 : 20.22"
"46,41 : 20.4"
"46,42 : 12.08"
"46,43 : 35.36"
"46,44 : 28.6"
"46,45 : 23.77"
"46,46 : 0.0"
"46,47 : 13.0"
"46,48 : 10.05"
"46,49 : 13.6"
"47,0 : 26.4"
"47,1 : 7.28"
"47,2 : 47.38"
"47,3 : 9.06"
"47,4 : 35.34"
"47,5 : 18.44"
"47,6 : 23.77"
"47,7 : 5.0"
"47,8 : 13.15"
"47,9 : 38.91"
"47,10 : 14.56"
"47,11 : 6.71"
"47,12 : 38.6"
"47,13 : 35.36"
"47,14 : 6.4"
"47,15 : 39.4"
"47,16 : 33.54"
"47,17 : 12.04"
"47,18 : 40.61"
"47,19 : 5.83"
"47,20 : 9.22"
"47,21 : 31.89"
"47,22 : 15.52"
"47,23 : 26.83"
"47,24 : 16.97"
"47,25 : 25.5"
"47,26 : 42.44"
"47,27 : 18.03"
"47,28 : 34.41"
"47,29 : 23.19"
"47,30 : 34.18"
"47,31 : 17.89"
"47,32 : 35.74"
"47,33 : 37.64"
"47,34 : 20.81"
"47,35 : 22.8"
"47,36 : 10.44"
"47,37 : 13.89"
"47,38 : 29.55"
"47,39 : 17.89"
"47,40 : 21.21"
"47,41 : 21.93"
"47,42 : 23.0"
"47,43 : 47.63"
"47,44 : 24.6"
"47,45 : 17.2"
"47,46 : 13.0"
"47,47 : 0.0"
"47,48 : 19.85"
"47,49 : 13.04"
"48,0 : 11.7"
"48,1 : 18.03"
"48,2 : 27.59"
"48,3 : 14.56"
"48,4 : 35.51"
"48,5 : 17.26"
"48,6 : 10.82"
"48,7 : 23.85"
"48,8 : 29.07"
"48,9 : 22.09"
"48,10 : 9.06"
"48,11 : 13.89"
"48,12 : 18.87"
"48,13 : 15.62"
"48,14 : 13.45"
"48,15 : 38.6"
"48,16 : 21.93"
"48,17 : 23.09"
"48,18 : 21.47"
"48,19 : 22.36"
"48,20 : 28.3"
"48,21 : 12.53"
"48,22 : 9.0"
"48,23 : 26.57"
"48,24 : 3.16"
"48,25 : 20.59"
"48,26 : 23.77"
"48,27 : 9.85"
"48,28 : 15.81"
"48,29 : 17.89"
"48,30 : 17.03"
"48,31 : 37.44"
"48,32 : 21.38"
"48,33 : 18.36"
"48,34 : 25.08"
"48,35 : 9.9"
"48,36 : 26.93"
"48,37 : 33.3"
"48,38 : 14.32"
"48,39 : 5.1"
"48,40 : 30.07"
"48,41 : 30.15"
"48,42 : 18.03"
"48,43 : 28.3"
"48,44 : 25.0"
"48,45 : 23.02"
"48,46 : 10.05"
"48,47 : 19.85"
"48,48 : 0.0"
"48,49 : 12.17"
"49,0 : 23.09"
"49,1 : 16.16"
"49,2 : 38.28"
"49,3 : 14.42"
"49,4 : 41.77"
"49,5 : 7.07"
"49,6 : 21.38"
"49,7 : 18.03"
"49,8 : 17.8"
"49,9 : 34.23"
"49,10 : 3.16"
"49,11 : 11.18"
"49,12 : 28.43"
"49,13 : 26.83"
"49,14 : 8.54"
"49,15 : 45.45"
"49,16 : 32.76"
"49,17 : 11.18"
"49,18 : 33.24"
"49,19 : 18.11"
"49,20 : 22.2"
"49,21 : 24.35"
"49,22 : 3.61"
"49,23 : 17.03"
"49,24 : 11.05"
"49,25 : 13.42"
"49,26 : 35.74"
"49,27 : 17.46"
"49,28 : 27.89"
"49,29 : 10.77"
"49,30 : 21.95"
"49,31 : 30.36"
"49,32 : 33.06"
"49,33 : 30.08"
"49,34 : 13.6"
"49,35 : 10.3"
"49,36 : 23.09"
"49,37 : 23.85"
"49,38 : 26.02"
"49,39 : 7.62"
"49,40 : 31.3"
"49,41 : 31.76"
"49,42 : 25.55"
"49,43 : 39.81"
"49,44 : 15.0"
"49,45 : 11.05"
"49,46 : 13.6"
"49,47 : 13.04"
"49,48 : 12.17"
"49,49 : 0.0"
