x,y
4,27
40,9
8,45
26,21
0,13
44,27
3,15
19,33
35,14
9,27
17,48
38,0
49,17
7,23
12,11
5,8
40,31
1,7
18,5
38,47
6,17
11,5
0,3
33,27
50,5
50,16
30,45
41,0
37,27
45,50
29,26
49,15
42,1
16,6
15,1
21,39
8,8
40,7
30,5
12,2
3,14
24,17
21,8
49,0
18,4
33,27
35,7
46,39
12,8
38,23

Distanze
"0,0 : 0.0"
"0,1 : 40.25"
"0,2 : 18.44"
"0,3 : 22.8"
"0,4 : 14.56"
"0,5 : 40.0"
"0,6 : 12.04"
"0,7 : 16.16"
"0,8 : 33.62"
"0,9 : 5.0"
"0,10 : 24.7"
"0,11 : 43.42"
"0,12 : 46.1"
"0,13 : 5.0"
"0,14 : 17.89"
"0,15 : 19.03"
"0,16 : 36.22"
"0,17 : 20.22"
"0,18 : 26.08"
"0,19 : 39.45"
"0,20 : 10.2"
"0,21 : 23.09"
"0,22 : 24.33"
"0,23 : 29.0"
"0,24 : 50.99"
"0,25 : 47.3"
"0,26 : 31.62"
"0,27 : 45.8"
"0,28 : 33.0"
"0,29 : 47.01"
"0,30 : 25.02"
"0,31 : 46.57"
"0,32 : 46.04"
"0,33 : 24.19"
"0,34 : 28.23"
"0,35 : 20.81"
"0,36 : 19.42"
"0,37 : 41.18"
"0,38 : 34.06"
"0,39 : 26.25"
"0,40 : 13.04"
"0,41 : 22.36"
"0,42 : 25.5"
"0,43 : 52.48"
"0,44 : 26.93"
"0,45 : 29.0"
"0,46 : 36.89"
"0,47 : 43.68"
"0,48 : 20.62"
"0,49 : 34.23"
"1,0 : 40.25"
"1,1 : 0.0"
"1,2 : 48.17"
"1,3 : 18.44"
"1,4 : 40.2"
"1,5 : 18.44"
"1,6 : 37.48"
"1,7 : 31.89"
"1,8 : 7.07"
"1,9 : 35.85"
"1,10 : 45.28"
"1,11 : 9.22"
"1,12 : 12.04"
"1,13 : 35.85"
"1,14 : 28.07"
"1,15 : 35.01"
"1,16 : 22.0"
"1,17 : 39.05"
"1,18 : 22.36"
"1,19 : 38.05"
"1,20 : 34.93"
"1,21 : 29.27"
"1,22 : 40.45"
"1,23 : 19.31"
"1,24 : 10.77"
"1,25 : 12.21"
"1,26 : 37.36"
"1,27 : 9.06"
"1,28 : 18.25"
"1,29 : 41.3"
"1,30 : 20.25"
"1,31 : 10.82"
"1,32 : 8.25"
"1,33 : 24.19"
"1,34 : 26.25"
"1,35 : 35.51"
"1,36 : 32.02"
"1,37 : 2.0"
"1,38 : 10.77"
"1,39 : 28.86"
"1,40 : 37.34"
"1,41 : 17.89"
"1,42 : 19.03"
"1,43 : 12.73"
"1,44 : 22.56"
"1,45 : 19.31"
"1,46 : 5.39"
"1,47 : 30.59"
"1,48 : 28.02"
"1,49 : 14.14"
"2,0 : 18.44"
"2,1 : 48.17"
"2,2 : 0.0"
"2,3 : 30.0"
"2,4 : 32.98"
"2,5 : 40.25"
"2,6 : 30.41"
"2,7 : 16.28"
"2,8 : 41.11"
"2,9 : 18.03"
"2,10 : 9.49"
"2,11 : 54.08"
"2,12 : 49.65"
"2,13 : 22.02"
"2,14 : 34.23"
"2,15 : 37.12"
"2,16 : 34.93"
"2,17 : 38.64"
"2,18 : 41.23"
"2,19 : 30.07"
"2,20 : 28.07"
"2,21 : 40.11"
"2,22 : 42.76"
"2,23 : 30.81"
"2,24 : 58.0"
"2,25 : 51.04"
"2,26 : 22.0"
"2,27 : 55.8"
"2,28 : 34.13"
"2,29 : 37.34"
"2,30 : 28.32"
"2,31 : 50.8"
"2,32 : 55.61"
"2,33 : 39.81"
"2,34 : 44.55"
"2,35 : 14.32"
"2,36 : 37.0"
"2,37 : 49.68"
"2,38 : 45.65"
"2,39 : 43.19"
"2,40 : 31.4"
"2,41 : 32.25"
"2,42 : 39.22"
"2,43 : 60.88"
"2,44 : 42.2"
"2,45 : 30.81"
"2,46 : 46.62"
"2,47 : 38.47"
"2,48 : 37.22"
"2,49 : 37.2"
"3,0 : 22.8"
"3,1 : 18.44"
"3,2 : 30.0"
"3,3 : 0.0"
"3,4 : 27.2"
"3,5 : 18.97"
"3,6 : 23.77"
"3,7 : 13.89"
"3,8 : 11.4"
"3,9 : 18.03"
"3,10 : 28.46"
"3,11 : 24.19"
"3,12 : 23.35"
"3,13 : 19.1"
"3,14 : 17.2"
"3,15 : 24.7"
"3,16 : 17.2"
"3,17 : 28.65"
"3,18 : 17.89"
"3,19 : 28.64"
"3,20 : 20.4"
"3,21 : 21.93"
"3,22 : 31.62"
"3,23 : 9.22"
"3,24 : 28.84"
"3,25 : 24.52"
"3,26 : 24.33"
"3,27 : 25.81"
"3,28 : 12.53"
"3,29 : 34.67"
"3,30 : 5.83"
"3,31 : 23.77"
"3,32 : 25.61"
"3,33 : 18.03"
"3,34 : 22.83"
"3,35 : 18.68"
"3,36 : 22.2"
"3,37 : 19.8"
"3,38 : 16.49"
"3,39 : 23.6"
"3,40 : 24.04"
"3,41 : 4.47"
"3,42 : 13.93"
"3,43 : 31.14"
"3,44 : 18.79"
"3,45 : 9.22"
"3,46 : 16.64"
"3,47 : 26.91"
"3,48 : 19.1"
"3,49 : 12.17"
"4,0 : 14.56"
"4,1 : 40.2"
"4,2 : 32.98"
"4,3 : 27.2"
"4,4 : 0.0"
"4,5 : 46.17"
"4,6 : 3.61"
"4,7 : 27.59"
"4,8 : 35.01"
"4,9 : 16.64"
"4,10 : 38.91"
"4,11 : 40.16"
"4,12 : 49.16"
"4,13 : 12.21"
"4,14 : 12.17"
"4,15 : 7.07"
"4,16 : 43.86"
"4,17 : 6.08"
"4,18 : 19.7"
"4,19 : 50.99"
"4,20 : 7.21"
"4,21 : 13.6"
"4,22 : 10.0"
"4,23 : 35.85"
"4,24 : 50.64"
"4,25 : 50.09"
"4,26 : 43.86"
"4,27 : 43.01"
"4,28 : 39.56"
"4,29 : 58.26"
"4,30 : 31.78"
"4,31 : 49.04"
"4,32 : 43.68"
"4,33 : 17.46"
"4,34 : 19.21"
"4,35 : 33.42"
"4,36 : 9.43"
"4,37 : 40.45"
"4,38 : 31.05"
"4,39 : 16.28"
"4,40 : 3.16"
"4,41 : 24.33"
"4,42 : 21.59"
"4,43 : 50.7"
"4,44 : 20.12"
"4,45 : 35.85"
"4,46 : 35.51"
"4,47 : 52.84"
"4,48 : 13.0"
"4,49 : 39.29"
"5,0 : 40.0"
"5,1 : 18.44"
"5,2 : 40.25"
"5,3 : 18.97"
"5,4 : 46.17"
"5,5 : 0.0"
"5,6 : 42.72"
"5,7 : 25.71"
"5,8 : 15.81"
"5,9 : 35.0"
"5,10 : 34.21"
"5,11 : 27.66"
"5,12 : 11.18"
"5,13 : 37.22"
"5,14 : 35.78"
"5,15 : 43.38"
"5,16 : 5.66"
"5,17 : 47.42"
"5,18 : 34.06"
"5,19 : 20.88"
"5,20 : 39.29"
"5,21 : 39.66"
"5,22 : 50.12"
"5,23 : 11.0"
"5,24 : 22.8"
"5,25 : 12.53"
"5,26 : 22.8"
"5,27 : 27.17"
"5,28 : 7.0"
"5,29 : 23.02"
"5,30 : 15.03"
"5,31 : 13.0"
"5,32 : 26.08"
"5,33 : 35.0"
"5,34 : 38.95"
"5,35 : 25.94"
"5,36 : 40.71"
"5,37 : 20.4"
"5,38 : 26.08"
"5,39 : 40.61"
"5,40 : 43.01"
"5,41 : 22.36"
"5,42 : 29.83"
"5,43 : 27.46"
"5,44 : 34.71"
"5,45 : 11.0"
"5,46 : 21.93"
"5,47 : 12.17"
"5,48 : 37.22"
"5,49 : 7.21"
"6,0 : 12.04"
"6,1 : 37.48"
"6,2 : 30.41"
"6,3 : 23.77"
"6,4 : 3.61"
"6,5 : 42.72"
"6,6 : 0.0"
"6,7 : 24.08"
"6,8 : 32.02"
"6,9 : 13.42"
"6,10 : 35.85"
"6,11 : 38.08"
"6,12 : 46.04"
"6,13 : 8.94"
"6,14 : 9.85"
"6,15 : 7.28"
"6,16 : 40.31"
"6,17 : 8.25"
"6,18 : 18.03"
"6,19 : 47.42"
"6,20 : 3.61"
"6,21 : 12.81"
"6,22 : 12.37"
"6,23 : 32.31"
"6,24 : 48.05"
"6,25 : 47.01"
"6,26 : 40.36"
"6,27 : 40.85"
"6,28 : 36.06"
"6,29 : 54.67"
"6,30 : 28.23"
"6,31 : 46.0"
"6,32 : 41.44"
"6,33 : 15.81"
"6,34 : 18.44"
"6,35 : 30.0"
"6,36 : 8.6"
"6,37 : 37.85"
"6,38 : 28.79"
"6,39 : 15.81"
"6,40 : 1.0"
"6,41 : 21.1"
"6,42 : 19.31"
"6,43 : 48.38"
"6,44 : 18.6"
"6,45 : 32.31"
"6,46 : 32.98"
"6,47 : 49.24"
"6,48 : 11.4"
"6,49 : 35.9"
"7,0 : 16.16"
"7,1 : 31.89"
"7,2 : 16.28"
"7,3 : 13.89"
"7,4 : 27.59"
"7,5 : 25.71"
"7,6 : 24.08"
"7,7 : 0.0"
"7,8 : 24.84"
"7,9 : 11.66"
"7,10 : 15.13"
"7,11 : 38.08"
"7,12 : 34.0"
"7,13 : 15.62"
"7,14 : 23.09"
"7,15 : 28.65"
"7,16 : 21.1"
"7,17 : 31.62"
"7,18 : 28.02"
"7,19 : 23.6"
"7,20 : 20.62"
"7,21 : 29.12"
"7,22 : 35.51"
"7,23 : 15.23"
"7,24 : 41.77"
"7,25 : 35.36"
"7,26 : 16.28"
"7,27 : 39.66"
"7,28 : 18.97"
"7,29 : 31.06"
"7,30 : 12.21"
"7,31 : 34.99"
"7,32 : 39.41"
"7,33 : 27.17"
"7,34 : 32.25"
"7,35 : 6.32"
"7,36 : 27.31"
"7,37 : 33.42"
"7,38 : 30.08"
"7,39 : 31.78"
"7,40 : 24.84"
"7,41 : 16.76"
"7,42 : 25.08"
"7,43 : 44.6"
"7,44 : 29.02"
"7,45 : 15.23"
"7,46 : 30.53"
"7,47 : 27.66"
"7,48 : 25.96"
"7,49 : 21.47"
"8,0 : 33.62"
"8,1 : 7.07"
"8,2 : 41.11"
"8,3 : 11.4"
"8,4 : 35.01"
"8,5 : 15.81"
"8,6 : 32.02"
"8,7 : 24.84"
"8,8 : 0.0"
"8,9 : 29.07"
"8,10 : 38.47"
"8,11 : 14.32"
"8,12 : 14.32"
"8,13 : 29.41"
"8,14 : 23.19"
"8,15 : 30.59"
"8,16 : 17.72"
"8,17 : 34.71"
"8,18 : 19.24"
"8,19 : 33.14"
"8,20 : 29.15"
"8,21 : 25.63"
"8,22 : 36.69"
"8,23 : 13.15"
"8,24 : 17.49"
"8,25 : 15.13"
"8,26 : 31.4"
"8,27 : 15.23"
"8,28 : 13.15"
"8,29 : 37.36"
"8,30 : 13.42"
"8,31 : 14.04"
"8,32 : 14.76"
"8,33 : 20.62"
"8,34 : 23.85"
"8,35 : 28.65"
"8,36 : 27.66"
"8,37 : 8.6"
"8,38 : 10.3"
"8,39 : 25.94"
"8,40 : 32.0"
"8,41 : 11.4"
"8,42 : 15.23"
"8,43 : 19.8"
"8,44 : 19.72"
"8,45 : 13.15"
"8,46 : 7.0"
"8,47 : 27.31"
"8,48 : 23.77"
"8,49 : 9.49"
"9,0 : 5.0"
"9,1 : 35.85"
"9,2 : 18.03"
"9,3 : 18.03"
"9,4 : 16.64"
"9,5 : 35.0"
"9,6 : 13.42"
"9,7 : 11.66"
"9,8 : 29.07"
"9,9 : 0.0"
"9,10 : 22.47"
"9,11 : 39.62"
"9,12 : 41.23"
"9,13 : 4.47"
"9,14 : 16.28"
"9,15 : 19.42"
"9,16 : 31.26"
"9,17 : 21.54"
"9,18 : 23.77"
"9,19 : 35.23"
"9,20 : 10.44"
"9,21 : 22.09"
"9,22 : 25.63"
"9,23 : 24.0"
"9,24 : 46.53"
"9,25 : 42.45"
"9,26 : 27.66"
"9,27 : 41.87"
"9,28 : 28.0"
"9,29 : 42.72"
"9,30 : 20.02"
"9,31 : 41.76"
"9,32 : 42.01"
"9,33 : 22.14"
"9,34 : 26.68"
"9,35 : 16.97"
"9,36 : 19.03"
"9,37 : 36.89"
"9,38 : 30.41"
"9,39 : 25.18"
"9,40 : 14.32"
"9,41 : 18.03"
"9,42 : 22.47"
"9,43 : 48.26"
"9,44 : 24.7"
"9,45 : 24.0"
"9,46 : 32.8"
"9,47 : 38.9"
"9,48 : 19.24"
"9,49 : 29.27"
"10,0 : 24.7"
"10,1 : 45.28"
"10,2 : 9.49"
"10,3 : 28.46"
"10,4 : 38.91"
"10,5 : 34.21"
"10,6 : 35.85"
"10,7 : 15.13"
"10,8 : 38.47"
"10,9 : 22.47"
"10,10 : 0.0"
"10,11 : 52.39"
"10,12 : 44.55"
"10,13 : 26.93"
"10,14 : 37.34"
"10,15 : 41.76"
"10,16 : 28.6"
"10,17 : 44.01"
"10,18 : 43.01"
"10,19 : 21.02"
"10,20 : 32.89"
"10,21 : 43.42"
"10,22 : 48.1"
"10,23 : 26.4"
"10,24 : 54.2"
"10,25 : 45.97"
"10,26 : 13.34"
"10,27 : 53.67"
"10,28 : 29.0"
"10,29 : 28.07"
"10,30 : 25.06"
"10,31 : 45.97"
"10,32 : 53.24"
"10,33 : 42.01"
"10,34 : 47.04"
"10,35 : 9.85"
"10,36 : 41.0"
"10,37 : 47.01"
"10,38 : 44.92"
"10,39 : 46.27"
"10,40 : 36.77"
"10,41 : 31.78"
"10,42 : 40.2"
"10,43 : 57.69"
"10,44 : 44.01"
"10,45 : 26.4"
"10,46 : 44.78"
"10,47 : 30.36"
"10,48 : 40.31"
"10,49 : 32.65"
"11,0 : 43.42"
"11,1 : 9.22"
"11,2 : 54.08"
"11,3 : 24.19"
"11,4 : 40.16"
"11,5 : 27.66"
"11,6 : 38.08"
"11,7 : 38.08"
"11,8 : 14.32"
"11,9 : 39.62"
"11,10 : 52.39"
"11,11 : 0.0"
"11,12 : 20.25"
"11,13 : 38.6"
"11,14 : 28.23"
"11,15 : 33.96"
"11,16 : 31.06"
"11,17 : 37.66"
"11,18 : 20.62"
"11,19 : 47.0"
"11,20 : 36.24"
"11,21 : 27.46"
"11,22 : 38.12"
"11,23 : 27.46"
"11,24 : 13.0"
"11,25 : 20.0"
"11,26 : 45.71"
"11,27 : 3.0"
"11,28 : 27.02"
"11,29 : 50.49"
"11,30 : 27.51"
"11,31 : 18.6"
"11,32 : 4.12"
"11,33 : 22.8"
"11,34 : 23.02"
"11,35 : 42.54"
"11,36 : 31.05"
"11,37 : 7.28"
"11,38 : 9.43"
"11,39 : 26.08"
"11,40 : 37.7"
"11,41 : 22.02"
"11,42 : 18.79"
"11,43 : 11.0"
"11,44 : 20.4"
"11,45 : 27.46"
"11,46 : 7.62"
"11,47 : 39.81"
"11,48 : 27.2"
"11,49 : 23.0"
"12,0 : 46.1"
"12,1 : 12.04"
"12,2 : 49.65"
"12,3 : 23.35"
"12,4 : 49.16"
"12,5 : 11.18"
"12,6 : 46.04"
"12,7 : 34.0"
"12,8 : 14.32"
"12,9 : 41.23"
"12,10 : 44.55"
"12,11 : 20.25"
"12,12 : 0.0"
"12,13 : 42.43"
"12,14 : 37.48"
"12,15 : 44.91"
"12,16 : 16.64"
"12,17 : 49.03"
"12,18 : 33.24"
"12,19 : 31.95"
"12,20 : 43.0"
"12,21 : 39.85"
"12,22 : 50.96"
"12,23 : 18.87"
"12,24 : 12.04"
"12,25 : 1.41"
"12,26 : 33.84"
"12,27 : 18.79"
"12,28 : 15.62"
"12,29 : 33.24"
"12,30 : 21.93"
"12,31 : 2.0"
"12,32 : 17.46"
"12,33 : 34.79"
"12,34 : 37.58"
"12,35 : 35.61"
"12,36 : 41.98"
"12,37 : 13.45"
"12,38 : 22.47"
"12,39 : 39.92"
"12,40 : 46.1"
"12,41 : 25.0"
"12,42 : 29.41"
"12,43 : 17.0"
"12,44 : 33.62"
"12,45 : 18.87"
"12,46 : 17.2"
"12,47 : 22.2"
"12,48 : 38.08"
"12,49 : 12.53"
"13,0 : 5.0"
"13,1 : 35.85"
"13,2 : 22.02"
"13,3 : 19.1"
"13,4 : 12.21"
"13,5 : 37.22"
"13,6 : 8.94"
"13,7 : 15.62"
"13,8 : 29.41"
"13,9 : 4.47"
"13,10 : 26.93"
"13,11 : 38.6"
"13,12 : 42.43"
"13,13 : 0.0"
"13,14 : 13.0"
"13,15 : 15.13"
"13,16 : 33.96"
"13,17 : 17.09"
"13,18 : 21.1"
"13,19 : 39.2"
"13,20 : 6.08"
"13,21 : 18.44"
"13,22 : 21.19"
"13,23 : 26.31"
"13,24 : 46.62"
"13,25 : 43.57"
"13,26 : 31.83"
"13,27 : 41.05"
"13,28 : 30.27"
"13,29 : 46.62"
"13,30 : 22.2"
"13,31 : 42.76"
"13,32 : 41.34"
"13,33 : 19.24"
"13,34 : 23.41"
"13,35 : 21.26"
"13,36 : 15.03"
"13,37 : 36.67"
"13,38 : 29.21"
"13,39 : 21.59"
"13,40 : 9.85"
"13,41 : 18.03"
"13,42 : 20.52"
"13,43 : 47.89"
"13,44 : 21.95"
"13,45 : 26.31"
"13,46 : 32.25"
"13,47 : 42.15"
"13,48 : 15.81"
"13,49 : 31.0"
"14,0 : 17.89"
"14,1 : 28.07"
"14,2 : 34.23"
"14,3 : 17.2"
"14,4 : 12.17"
"14,5 : 35.78"
"14,6 : 9.85"
"14,7 : 23.09"
"14,8 : 23.19"
"14,9 : 16.28"
"14,10 : 37.34"
"14,11 : 28.23"
"14,12 : 37.48"
"14,13 : 13.0"
"14,14 : 0.0"
"14,15 : 7.62"
"14,16 : 34.41"
"14,17 : 11.7"
"14,18 : 8.49"
"14,19 : 44.41"
"14,20 : 8.49"
"14,21 : 6.08"
"14,22 : 14.42"
"14,23 : 26.4"
"14,24 : 38.47"
"14,25 : 38.33"
"14,26 : 38.47"
"14,27 : 31.02"
"14,28 : 29.68"
"14,29 : 51.09"
"14,30 : 22.67"
"14,31 : 37.22"
"14,32 : 31.62"
"14,33 : 6.4"
"14,34 : 10.44"
"14,35 : 29.41"
"14,36 : 5.0"
"14,37 : 28.28"
"14,38 : 18.97"
"14,39 : 9.0"
"14,40 : 9.49"
"14,41 : 13.42"
"14,42 : 9.49"
"14,43 : 38.6"
"14,44 : 9.22"
"14,45 : 26.4"
"14,46 : 23.35"
"14,47 : 44.05"
"14,48 : 3.0"
"14,49 : 28.64"
"15,0 : 19.03"
"15,1 : 35.01"
"15,2 : 37.12"
"15,3 : 24.7"
"15,4 : 7.07"
"15,5 : 43.38"
"15,6 : 7.28"
"15,7 : 28.65"
"15,8 : 30.59"
"15,9 : 19.42"
"15,10 : 41.76"
"15,11 : 33.96"
"15,12 : 44.91"
"15,13 : 15.13"
"15,14 : 7.62"
"15,15 : 0.0"
"15,16 : 41.88"
"15,17 : 4.12"
"15,18 : 13.34"
"15,19 : 51.09"
"15,20 : 9.06"
"15,21 : 6.71"
"15,22 : 7.07"
"15,23 : 33.84"
"15,24 : 45.1"
"15,25 : 45.71"
"15,26 : 44.65"
"15,27 : 36.88"
"15,28 : 37.22"
"15,29 : 58.0"
"15,30 : 30.0"
"15,31 : 44.55"
"15,32 : 37.66"
"15,33 : 11.18"
"15,34 : 12.21"
"15,35 : 34.89"
"15,36 : 3.0"
"15,37 : 35.01"
"15,38 : 25.18"
"15,39 : 9.22"
"15,40 : 6.32"
"15,41 : 21.02"
"15,42 : 16.0"
"15,43 : 44.72"
"15,44 : 13.6"
"15,45 : 33.84"
"15,46 : 30.02"
"15,47 : 51.4"
"15,48 : 7.0"
"15,49 : 36.25"
"16,0 : 36.22"
"16,1 : 22.0"
"16,2 : 34.93"
"16,3 : 17.2"
"16,4 : 43.86"
"16,5 : 5.66"
"16,6 : 40.31"
"16,7 : 21.1"
"16,8 : 17.72"
"16,9 : 31.26"
"16,10 : 28.6"
"16,11 : 31.06"
"16,12 : 16.64"
"16,13 : 33.96"
"16,14 : 34.41"
"16,15 : 41.88"
"16,16 : 0.0"
"16,17 : 45.79"
"16,18 : 34.06"
"16,19 : 16.12"
"16,20 : 36.77"
"16,21 : 38.95"
"16,22 : 48.83"
"16,23 : 8.06"
"16,24 : 27.86"
"16,25 : 18.03"
"16,26 : 17.2"
"16,27 : 31.02"
"16,28 : 5.0"
"16,29 : 19.65"
"16,30 : 12.08"
"16,31 : 18.36"
"16,32 : 30.07"
"16,33 : 34.66"
"16,34 : 39.05"
"16,35 : 20.62"
"16,36 : 39.41"
"16,37 : 24.0"
"16,38 : 27.86"
"16,39 : 40.31"
"16,40 : 40.72"
"16,41 : 21.26"
"16,42 : 29.83"
"16,43 : 32.28"
"16,44 : 34.83"
"16,45 : 8.06"
"16,46 : 24.52"
"16,47 : 10.0"
"16,48 : 36.24"
"16,49 : 8.25"
"17,0 : 20.22"
"17,1 : 39.05"
"17,2 : 38.64"
"17,3 : 28.65"
"17,4 : 6.08"
"17,5 : 47.42"
"17,6 : 8.25"
"17,7 : 31.62"
"17,8 : 34.71"
"17,9 : 21.54"
"17,10 : 44.01"
"17,11 : 37.66"
"17,12 : 49.03"
"17,13 : 17.09"
"17,14 : 11.7"
"17,15 : 4.12"
"17,16 : 45.79"
"17,17 : 0.0"
"17,18 : 17.12"
"17,19 : 54.49"
"17,20 : 11.18"
"17,21 : 10.2"
"17,22 : 4.12"
"17,23 : 37.74"
"17,24 : 49.04"
"17,25 : 49.82"
"17,26 : 47.8"
"17,27 : 40.61"
"17,28 : 41.18"
"17,29 : 61.52"
"17,30 : 33.84"
"17,31 : 48.66"
"17,32 : 41.44"
"17,33 : 15.03"
"17,34 : 15.23"
"17,35 : 37.74"
"17,36 : 7.07"
"17,37 : 39.0"
"17,38 : 29.07"
"17,39 : 12.08"
"17,40 : 7.28"
"17,41 : 25.08"
"17,42 : 20.02"
"17,43 : 48.51"
"17,44 : 17.26"
"17,45 : 37.74"
"17,46 : 34.0"
"17,47 : 55.22"
"17,48 : 11.05"
"17,49 : 40.31"
"18,0 : 26.08"
"18,1 : 22.36"
"18,2 : 41.23"
"18,3 : 17.89"
"18,4 : 19.7"
"18,5 : 34.06"
"18,6 : 18.03"
"18,7 : 28.02"
"18,8 : 19.24"
"18,9 : 23.77"
"18,10 : 43.01"
"18,11 : 20.62"
"18,12 : 33.24"
"18,13 : 21.1"
"18,14 : 8.49"
"18,15 : 13.34"
"18,16 : 34.06"
"18,17 : 17.12"
"18,18 : 0.0"
"18,19 : 46.52"
"18,20 : 16.97"
"18,21 : 7.0"
"18,22 : 18.11"
"18,23 : 26.63"
"18,24 : 32.0"
"18,25 : 33.84"
"18,26 : 41.76"
"18,27 : 23.54"
"18,28 : 29.07"
"18,29 : 52.48"
"18,30 : 23.71"
"18,31 : 32.57"
"18,32 : 24.33"
"18,33 : 2.24"
"18,34 : 5.0"
"18,35 : 34.13"
"18,36 : 10.44"
"18,37 : 22.09"
"18,38 : 12.0"
"18,39 : 6.71"
"18,40 : 17.49"
"18,41 : 13.42"
"18,42 : 4.24"
"18,43 : 31.4"
"18,44 : 1.0"
"18,45 : 26.63"
"18,46 : 17.12"
"18,47 : 44.05"
"18,48 : 6.71"
"18,49 : 26.91"
"19,0 : 39.45"
"19,1 : 38.05"
"19,2 : 30.07"
"19,3 : 28.64"
"19,4 : 50.99"
"19,5 : 20.88"
"19,6 : 47.42"
"19,7 : 23.6"
"19,8 : 33.14"
"19,9 : 35.23"
"19,10 : 21.02"
"19,11 : 47.0"
"19,12 : 31.95"
"19,13 : 39.2"
"19,14 : 44.41"
"19,15 : 51.09"
"19,16 : 16.12"
"19,17 : 54.49"
"19,18 : 46.52"
"19,19 : 0.0"
"19,20 : 43.86"
"19,21 : 49.93"
"19,22 : 58.14"
"19,23 : 20.62"
"19,24 : 43.68"
"19,25 : 33.24"
"19,26 : 8.25"
"19,27 : 47.1"
"19,28 : 20.02"
"19,29 : 7.62"
"19,30 : 22.85"
"19,31 : 33.84"
"19,32 : 46.17"
"19,33 : 46.53"
"19,34 : 51.43"
"19,35 : 18.79"
"19,36 : 49.2"
"19,37 : 40.05"
"19,38 : 42.76"
"19,39 : 51.97"
"19,40 : 48.1"
"19,41 : 33.11"
"19,42 : 42.54"
"19,43 : 48.27"
"19,44 : 47.42"
"19,45 : 20.62"
"19,46 : 40.11"
"19,47 : 11.31"
"19,48 : 46.87"
"19,49 : 24.0"
"20,0 : 10.2"
"20,1 : 34.93"
"20,2 : 28.07"
"20,3 : 20.4"
"20,4 : 7.21"
"20,5 : 39.29"
"20,6 : 3.61"
"20,7 : 20.62"
"20,8 : 29.15"
"20,9 : 10.44"
"20,10 : 32.89"
"20,11 : 36.24"
"20,12 : 43.0"
"20,13 : 6.08"
"20,14 : 8.49"
"20,15 : 9.06"
"20,16 : 36.77"
"20,17 : 11.18"
"20,18 : 16.97"
"20,19 : 43.86"
"20,20 : 0.0"
"20,21 : 13.0"
"20,22 : 15.23"
"20,23 : 28.79"
"20,24 : 45.61"
"20,25 : 44.01"
"20,26 : 36.88"
"20,27 : 38.91"
"20,28 : 32.57"
"20,29 : 51.09"
"20,30 : 24.7"
"20,31 : 43.05"
"20,32 : 39.4"
"20,33 : 14.87"
"20,34 : 18.36"
"20,35 : 26.63"
"20,36 : 9.22"
"20,37 : 35.44"
"20,38 : 26.83"
"20,39 : 16.16"
"20,40 : 4.24"
"20,41 : 18.0"
"20,42 : 17.49"
"20,43 : 46.24"
"20,44 : 17.69"
"20,45 : 28.79"
"20,46 : 30.68"
"20,47 : 45.65"
"20,48 : 10.82"
"20,49 : 32.56"
"21,0 : 23.09"
"21,1 : 29.27"
"21,2 : 40.11"
"21,3 : 21.93"
"21,4 : 13.6"
"21,5 : 39.66"
"21,6 : 12.81"
"21,7 : 29.12"
"21,8 : 25.63"
"21,9 : 22.09"
"21,10 : 43.42"
"21,11 : 27.46"
"21,12 : 39.85"
"21,13 : 18.44"
"21,14 : 6.08"
"21,15 : 6.71"
"21,16 : 38.95"
"21,17 : 10.2"
"21,18 : 7.0"
"21,19 : 49.93"
"21,20 : 13.0"
"21,21 : 0.0"
"21,22 : 11.18"
"21,23 : 31.11"
"21,24 : 39.0"
"21,25 : 40.52"
"21,26 : 44.28"
"21,27 : 30.41"
"21,28 : 34.06"
"21,29 : 56.4"
"21,30 : 27.66"
"21,31 : 39.29"
"21,32 : 31.26"
"21,33 : 5.1"
"21,34 : 5.66"
"21,35 : 35.44"
"21,36 : 4.24"
"21,37 : 29.07"
"21,38 : 19.0"
"21,39 : 3.16"
"21,40 : 12.04"
"21,41 : 17.69"
"21,42 : 10.44"
"21,43 : 38.33"
"21,44 : 7.07"
"21,45 : 31.11"
"21,46 : 24.08"
"21,47 : 48.8"
"21,48 : 3.16"
"21,49 : 32.45"
"22,0 : 24.33"
"22,1 : 40.45"
"22,2 : 42.76"
"22,3 : 31.62"
"22,4 : 10.0"
"22,5 : 50.12"
"22,6 : 12.37"
"22,7 : 35.51"
"22,8 : 36.69"
"22,9 : 25.63"
"22,10 : 48.1"
"22,11 : 38.12"
"22,12 : 50.96"
"22,13 : 21.19"
"22,14 : 14.42"
"22,15 : 7.07"
"22,16 : 48.83"
"22,17 : 4.12"
"22,18 : 18.11"
"22,19 : 58.14"
"22,20 : 15.23"
"22,21 : 11.18"
"22,22 : 0.0"
"22,23 : 40.8"
"22,24 : 50.04"
"22,25 : 51.66"
"22,26 : 51.61"
"22,27 : 41.11"
"22,28 : 44.1"
"22,29 : 65.07"
"22,30 : 37.01"
"22,31 : 50.45"
"22,32 : 42.05"
"22,33 : 16.28"
"22,34 : 15.13"
"22,35 : 41.68"
"22,36 : 9.43"
"22,37 : 40.2"
"22,38 : 30.07"
"22,39 : 12.04"
"22,40 : 11.4"
"22,41 : 27.78"
"22,42 : 21.59"
"22,43 : 49.09"
"22,44 : 18.03"
"22,45 : 40.8"
"22,46 : 35.23"
"22,47 : 58.41"
"22,48 : 13.0"
"22,49 : 42.94"
"23,0 : 29.0"
"23,1 : 19.31"
"23,2 : 30.81"
"23,3 : 9.22"
"23,4 : 35.85"
"23,5 : 11.0"
"23,6 : 32.31"
"23,7 : 15.23"
"23,8 : 13.15"
"23,9 : 24.0"
"23,10 : 26.4"
"23,11 : 27.46"
"23,12 : 18.87"
"23,13 : 26.31"
"23,14 : 26.4"
"23,15 : 33.84"
"23,16 : 8.06"
"23,17 : 37.74"
"23,18 : 26.63"
"23,19 : 20.62"
"23,20 : 28.79"
"23,21 : 31.11"
"23,22 : 40.8"
"23,23 : 0.0"
"23,24 : 27.8"
"23,25 : 20.25"
"23,26 : 18.25"
"23,27 : 28.16"
"23,28 : 4.0"
"23,29 : 25.94"
"23,30 : 4.12"
"23,31 : 20.0"
"23,32 : 27.51"
"23,33 : 27.02"
"23,34 : 31.62"
"23,35 : 16.97"
"23,36 : 31.4"
"23,37 : 21.19"
"23,38 : 22.2"
"23,39 : 32.65"
"23,40 : 32.7"
"23,41 : 13.45"
"23,42 : 22.47"
"23,43 : 31.38"
"23,44 : 27.46"
"23,45 : 0.0"
"23,46 : 20.1"
"23,47 : 17.69"
"23,48 : 28.32"
"23,49 : 6.4"
"24,0 : 50.99"
"24,1 : 10.77"
"24,2 : 58.0"
"24,3 : 28.84"
"24,4 : 50.64"
"24,5 : 22.8"
"24,6 : 48.05"
"24,7 : 41.77"
"24,8 : 17.49"
"24,9 : 46.53"
"24,10 : 54.2"
"24,11 : 13.0"
"24,12 : 12.04"
"24,13 : 46.62"
"24,14 : 38.47"
"24,15 : 45.1"
"24,16 : 27.86"
"24,17 : 49.04"
"24,18 : 32.0"
"24,19 : 43.68"
"24,20 : 45.61"
"24,21 : 39.0"
"24,22 : 50.04"
"24,23 : 27.8"
"24,24 : 0.0"
"24,25 : 11.0"
"24,26 : 44.72"
"24,27 : 10.3"
"24,28 : 25.55"
"24,29 : 45.28"
"24,30 : 29.7"
"24,31 : 10.05"
"24,32 : 8.94"
"24,33 : 34.01"
"24,34 : 35.23"
"24,35 : 44.69"
"24,36 : 42.11"
"24,37 : 10.2"
"24,38 : 20.0"
"24,39 : 38.12"
"24,40 : 47.85"
"24,41 : 28.64"
"24,42 : 29.15"
"24,43 : 5.1"
"24,44 : 32.02"
"24,45 : 27.8"
"24,46 : 15.13"
"24,47 : 34.23"
"24,48 : 38.12"
"24,49 : 21.63"
"25,0 : 47.3"
"25,1 : 12.21"
"25,2 : 51.04"
"25,3 : 24.52"
"25,4 : 50.09"
"25,5 : 12.53"
"25,6 : 47.01"
"25,7 : 35.36"
"25,8 : 15.13"
"25,9 : 42.45"
"25,10 : 45.97"
"25,11 : 20.0"
"25,12 : 1.41"
"25,13 : 43.57"
"25,14 : 38.33"
"25,15 : 45.71"
"25,16 : 18.03"
"25,17 : 49.82"
"25,18 : 33.84"
"25,19 : 33.24"
"25,20 : 44.01"
"25,21 : 40.52"
"25,22 : 51.66"
"25,23 : 20.25"
"25,24 : 11.0"
"25,25 : 0.0"
"25,26 : 35.23"
"25,27 : 18.36"
"25,28 : 17.03"
"25,29 : 34.37"
"25,30 : 23.26"
"25,31 : 1.41"
"25,32 : 17.0"
"25,33 : 35.44"
"25,34 : 38.08"
"25,35 : 37.01"
"25,36 : 42.76"
"25,37 : 13.45"
"25,38 : 22.83"
"25,39 : 40.5"
"25,40 : 47.04"
"25,41 : 26.02"
"25,42 : 30.08"
"25,43 : 16.03"
"25,44 : 34.18"
"25,45 : 20.25"
"25,46 : 17.49"
"25,47 : 23.35"
"25,48 : 38.83"
"25,49 : 13.89"
"26,0 : 31.62"
"26,1 : 37.36"
"26,2 : 22.0"
"26,3 : 24.33"
"26,4 : 43.86"
"26,5 : 22.8"
"26,6 : 40.36"
"26,7 : 16.28"
"26,8 : 31.4"
"26,9 : 27.66"
"26,10 : 13.34"
"26,11 : 45.71"
"26,12 : 33.84"
"26,13 : 31.83"
"26,14 : 38.47"
"26,15 : 44.65"
"26,16 : 17.2"
"26,17 : 47.8"
"26,18 : 41.76"
"26,19 : 8.25"
"26,20 : 36.88"
"26,21 : 44.28"
"26,22 : 51.61"
"26,23 : 18.25"
"26,24 : 44.72"
"26,25 : 35.23"
"26,26 : 0.0"
"26,27 : 46.32"
"26,28 : 19.31"
"26,29 : 15.81"
"26,30 : 19.03"
"26,31 : 35.51"
"26,32 : 45.61"
"26,33 : 41.44"
"26,34 : 46.49"
"26,35 : 10.82"
"26,36 : 43.05"
"26,37 : 39.29"
"26,38 : 40.0"
"26,39 : 46.62"
"26,40 : 41.11"
"26,41 : 28.64"
"26,42 : 38.08"
"26,43 : 48.85"
"26,44 : 42.72"
"26,45 : 18.25"
"26,46 : 38.33"
"26,47 : 17.09"
"26,48 : 41.15"
"26,49 : 23.41"
"27,0 : 45.8"
"27,1 : 9.06"
"27,2 : 55.8"
"27,3 : 25.81"
"27,4 : 43.01"
"27,5 : 27.17"
"27,6 : 40.85"
"27,7 : 39.66"
"27,8 : 15.23"
"27,9 : 41.87"
"27,10 : 53.67"
"27,11 : 3.0"
"27,12 : 18.79"
"27,13 : 41.05"
"27,14 : 31.02"
"27,15 : 36.88"
"27,16 : 31.02"
"27,17 : 40.61"
"27,18 : 23.54"
"27,19 : 47.1"
"27,20 : 38.91"
"27,21 : 30.41"
"27,22 : 41.11"
"27,23 : 28.16"
"27,24 : 10.3"
"27,25 : 18.36"
"27,26 : 46.32"
"27,27 : 0.0"
"27,28 : 27.29"
"27,29 : 50.16"
"27,30 : 28.64"
"27,31 : 17.0"
"27,32 : 1.41"
"27,33 : 25.71"
"27,34 : 26.02"
"27,35 : 43.83"
"27,36 : 33.96"
"27,37 : 7.07"
"27,38 : 12.08"
"27,39 : 29.07"
"27,40 : 40.5"
"27,41 : 24.04"
"27,42 : 21.54"
"27,43 : 8.0"
"27,44 : 23.35"
"27,45 : 28.16"
"27,46 : 9.22"
"27,47 : 39.32"
"27,48 : 30.08"
"27,49 : 23.19"
"28,0 : 33.0"
"28,1 : 18.25"
"28,2 : 34.13"
"28,3 : 12.53"
"28,4 : 39.56"
"28,5 : 7.0"
"28,6 : 36.06"
"28,7 : 18.97"
"28,8 : 13.15"
"28,9 : 28.0"
"28,10 : 29.0"
"28,11 : 27.02"
"28,12 : 15.62"
"28,13 : 30.27"
"28,14 : 29.68"
"28,15 : 37.22"
"28,16 : 5.0"
"28,17 : 41.18"
"28,18 : 29.07"
"28,19 : 20.02"
"28,20 : 32.57"
"28,21 : 34.06"
"28,22 : 44.1"
"28,23 : 4.0"
"28,24 : 25.55"
"28,25 : 17.03"
"28,26 : 19.31"
"28,27 : 27.29"
"28,28 : 0.0"
"28,29 : 24.35"
"28,30 : 8.06"
"28,31 : 16.97"
"28,32 : 26.48"
"28,33 : 29.7"
"28,34 : 34.06"
"28,35 : 20.0"
"28,36 : 34.67"
"28,37 : 20.22"
"28,38 : 23.09"
"28,39 : 35.36"
"28,40 : 36.4"
"28,41 : 16.4"
"28,42 : 24.84"
"28,43 : 29.55"
"28,44 : 29.83"
"28,45 : 4.0"
"28,46 : 20.1"
"28,47 : 15.0"
"28,48 : 31.4"
"28,49 : 4.12"
"29,0 : 47.01"
"29,1 : 41.3"
"29,2 : 37.34"
"29,3 : 34.67"
"29,4 : 58.26"
"29,5 : 23.02"
"29,6 : 54.67"
"29,7 : 31.06"
"29,8 : 37.36"
"29,9 : 42.72"
"29,10 : 28.07"
"29,11 : 50.49"
"29,12 : 33.24"
"29,13 : 46.62"
"29,14 : 51.09"
"29,15 : 58.0"
"29,16 : 19.65"
"29,17 : 61.52"
"29,18 : 52.48"
"29,19 : 7.62"
"29,20 : 51.09"
"29,21 : 56.4"
"29,22 : 65.07"
"29,23 : 25.94"
"29,24 : 45.28"
"29,25 : 34.37"
"29,26 : 15.81"
"29,27 : 50.16"
"29,28 : 24.35"
"29,29 : 0.0"
"29,30 : 28.84"
"29,31 : 35.23"
"29,32 : 49.09"
"29,33 : 52.7"
"29,34 : 57.45"
"29,35 : 26.4"
"29,36 : 55.97"
"29,37 : 43.29"
"29,38 : 47.43"
"29,39 : 58.25"
"29,40 : 55.32"
"29,41 : 39.12"
"29,42 : 48.37"
"29,43 : 50.16"
"29,44 : 53.34"
"29,45 : 25.94"
"29,46 : 44.15"
"29,47 : 11.05"
"29,48 : 53.41"
"29,49 : 27.89"
"30,0 : 25.02"
"30,1 : 20.25"
"30,2 : 28.32"
"30,3 : 5.83"
"30,4 : 31.78"
"30,5 : 15.03"
"30,6 : 28.23"
"30,7 : 12.21"
"30,8 : 13.42"
"30,9 : 20.02"
"30,10 : 25.06"
"30,11 : 27.51"
"30,12 : 21.93"
"30,13 : 22.2"
"30,14 : 22.67"
"30,15 : 30.0"
"30,16 : 12.08"
"30,17 : 33.84"
"30,18 : 23.71"
"30,19 : 22.85"
"30,20 : 24.7"
"30,21 : 27.66"
"30,22 : 37.01"
"30,23 : 4.12"
"30,24 : 29.7"
"30,25 : 23.26"
"30,26 : 19.03"
"30,27 : 28.64"
"30,28 : 8.06"
"30,29 : 28.84"
"30,30 : 0.0"
"30,31 : 22.83"
"30,32 : 28.18"
"30,33 : 23.85"
"30,34 : 28.65"
"30,35 : 15.26"
"30,36 : 27.66"
"30,37 : 21.95"
"30,38 : 21.02"
"30,39 : 29.41"
"30,40 : 28.64"
"30,41 : 10.3"
"30,42 : 19.7"
"30,43 : 32.8"
"30,44 : 24.6"
"30,45 : 4.12"
"30,46 : 19.92"
"30,47 : 21.4"
"30,48 : 24.76"
"30,49 : 9.49"
"31,0 : 46.57"
"31,1 : 10.82"
"31,2 : 50.8"
"31,3 : 23.77"
"31,4 : 49.04"
"31,5 : 13.0"
"31,6 : 46.0"
"31,7 : 34.99"
"31,8 : 14.04"
"31,9 : 41.76"
"31,10 : 45.97"
"31,11 : 18.6"
"31,12 : 2.0"
"31,13 : 42.76"
"31,14 : 37.22"
"31,15 : 44.55"
"31,16 : 18.36"
"31,17 : 48.66"
"31,18 : 32.57"
"31,19 : 33.84"
"31,20 : 43.05"
"31,21 : 39.29"
"31,22 : 50.45"
"31,23 : 20.0"
"31,24 : 10.05"
"31,25 : 1.41"
"31,26 : 35.51"
"31,27 : 17.0"
"31,28 : 16.97"
"31,29 : 35.23"
"31,30 : 22.83"
"31,31 : 0.0"
"31,32 : 15.65"
"31,33 : 34.21"
"31,34 : 36.77"
"31,35 : 36.88"
"31,36 : 41.59"
"31,37 : 12.04"
"31,38 : 21.47"
"31,39 : 39.22"
"31,40 : 46.01"
"31,41 : 25.08"
"31,42 : 28.86"
"31,43 : 15.0"
"31,44 : 32.89"
"31,45 : 20.0"
"31,46 : 16.12"
"31,47 : 24.19"
"31,48 : 37.66"
"31,49 : 13.6"
"32,0 : 46.04"
"32,1 : 8.25"
"32,2 : 55.61"
"32,3 : 25.61"
"32,4 : 43.68"
"32,5 : 26.08"
"32,6 : 41.44"
"32,7 : 39.41"
"32,8 : 14.76"
"32,9 : 42.01"
"32,10 : 53.24"
"32,11 : 4.12"
"32,12 : 17.46"
"32,13 : 41.34"
"32,14 : 31.62"
"32,15 : 37.66"
"32,16 : 30.07"
"32,17 : 41.44"
"32,18 : 24.33"
"32,19 : 46.17"
"32,20 : 39.4"
"32,21 : 31.26"
"32,22 : 42.05"
"32,23 : 27.51"
"32,24 : 8.94"
"32,25 : 17.0"
"32,26 : 45.61"
"32,27 : 1.41"
"32,28 : 26.48"
"32,29 : 49.09"
"32,30 : 28.18"
"32,31 : 15.65"
"32,32 : 0.0"
"32,33 : 26.48"
"32,34 : 27.0"
"32,35 : 43.42"
"32,36 : 34.71"
"32,37 : 6.32"
"32,38 : 12.65"
"32,39 : 30.02"
"32,40 : 41.11"
"32,41 : 24.08"
"32,42 : 22.14"
"32,43 : 7.07"
"32,44 : 24.19"
"32,45 : 27.51"
"32,46 : 9.22"
"32,47 : 38.21"
"32,48 : 30.81"
"32,49 : 22.36"
"33,0 : 24.19"
"33,1 : 24.19"
"33,2 : 39.81"
"33,3 : 18.03"
"33,4 : 17.46"
"33,5 : 35.0"
"33,6 : 15.81"
"33,7 : 27.17"
"33,8 : 20.62"
"33,9 : 22.14"
"33,10 : 42.01"
"33,11 : 22.8"
"33,12 : 34.79"
"33,13 : 19.24"
"33,14 : 6.4"
"33,15 : 11.18"
"33,16 : 34.66"
"33,17 : 15.03"
"33,18 : 2.24"
"33,19 : 46.53"
"33,20 : 14.87"
"33,21 : 5.1"
"33,22 : 16.28"
"33,23 : 27.02"
"33,24 : 34.01"
"33,25 : 35.44"
"33,26 : 41.44"
"33,27 : 25.71"
"33,28 : 29.7"
"33,29 : 52.7"
"33,30 : 23.85"
"33,31 : 34.21"
"33,32 : 26.48"
"33,33 : 0.0"
"33,34 : 5.1"
"33,35 : 33.38"
"33,36 : 8.25"
"33,37 : 24.02"
"33,38 : 14.04"
"33,39 : 5.66"
"33,40 : 15.26"
"33,41 : 13.6"
"33,42 : 5.39"
"33,43 : 33.54"
"33,44 : 2.83"
"33,45 : 27.02"
"33,46 : 19.03"
"33,47 : 44.6"
"33,48 : 4.47"
"33,49 : 27.8"
"34,0 : 28.23"
"34,1 : 26.25"
"34,2 : 44.55"
"34,3 : 22.83"
"34,4 : 19.21"
"34,5 : 38.95"
"34,6 : 18.44"
"34,7 : 32.25"
"34,8 : 23.85"
"34,9 : 26.68"
"34,10 : 47.04"
"34,11 : 23.02"
"34,12 : 37.58"
"34,13 : 23.41"
"34,14 : 10.44"
"34,15 : 12.21"
"34,16 : 39.05"
"34,17 : 15.23"
"34,18 : 5.0"
"34,19 : 51.43"
"34,20 : 18.36"
"34,21 : 5.66"
"34,22 : 15.13"
"34,23 : 31.62"
"34,24 : 35.23"
"34,25 : 38.08"
"34,26 : 46.49"
"34,27 : 26.02"
"34,28 : 34.06"
"34,29 : 57.45"
"34,30 : 28.65"
"34,31 : 36.77"
"34,32 : 27.0"
"34,33 : 5.1"
"34,34 : 0.0"
"34,35 : 38.47"
"34,36 : 9.9"
"34,37 : 25.71"
"34,38 : 15.52"
"34,39 : 3.16"
"34,40 : 17.69"
"34,41 : 18.36"
"34,42 : 9.22"
"34,43 : 34.01"
"34,44 : 4.24"
"34,45 : 31.62"
"34,46 : 20.88"
"34,47 : 49.04"
"34,48 : 7.62"
"34,49 : 31.83"
"35,0 : 20.81"
"35,1 : 35.51"
"35,2 : 14.32"
"35,3 : 18.68"
"35,4 : 33.42"
"35,5 : 25.94"
"35,6 : 30.0"
"35,7 : 6.32"
"35,8 : 28.65"
"35,9 : 16.97"
"35,10 : 9.85"
"35,11 : 42.54"
"35,12 : 35.61"
"35,13 : 21.26"
"35,14 : 29.41"
"35,15 : 34.89"
"35,16 : 20.62"
"35,17 : 37.74"
"35,18 : 34.13"
"35,19 : 18.79"
"35,20 : 26.63"
"35,21 : 35.44"
"35,22 : 41.68"
"35,23 : 16.97"
"35,24 : 44.69"
"35,25 : 37.01"
"35,26 : 10.82"
"35,27 : 43.83"
"35,28 : 20.0"
"35,29 : 26.4"
"35,30 : 15.26"
"35,31 : 36.88"
"35,32 : 43.42"
"35,33 : 33.38"
"35,34 : 38.47"
"35,35 : 0.0"
"35,36 : 33.62"
"35,37 : 37.22"
"35,38 : 35.17"
"35,39 : 38.08"
"35,40 : 30.81"
"35,41 : 22.2"
"35,42 : 31.0"
"35,43 : 48.01"
"35,44 : 35.13"
"35,45 : 16.97"
"35,46 : 34.93"
"35,47 : 25.0"
"35,48 : 32.28"
"35,49 : 23.35"
"36,0 : 19.42"
"36,1 : 32.02"
"36,2 : 37.0"
"36,3 : 22.2"
"36,4 : 9.43"
"36,5 : 40.71"
"36,6 : 8.6"
"36,7 : 27.31"
"36,8 : 27.66"
"36,9 : 19.03"
"36,10 : 41.0"
"36,11 : 31.05"
"36,12 : 41.98"
"36,13 : 15.03"
"36,14 : 5.0"
"36,15 : 3.0"
"36,16 : 39.41"
"36,17 : 7.07"
"36,18 : 10.44"
"36,19 : 49.2"
"36,20 : 9.22"
"36,21 : 4.24"
"36,22 : 9.43"
"36,23 : 31.4"
"36,24 : 42.11"
"36,25 : 42.76"
"36,26 : 43.05"
"36,27 : 33.96"
"36,28 : 34.67"
"36,29 : 55.97"
"36,30 : 27.66"
"36,31 : 41.59"
"36,32 : 34.71"
"36,33 : 8.25"
"36,34 : 9.9"
"36,35 : 33.62"
"36,36 : 0.0"
"36,37 : 32.02"
"36,38 : 22.2"
"36,39 : 7.21"
"36,40 : 7.81"
"36,41 : 18.36"
"36,42 : 13.0"
"36,43 : 41.77"
"36,44 : 10.77"
"36,45 : 31.4"
"36,46 : 27.02"
"36,47 : 49.04"
"36,48 : 4.0"
"36,49 : 33.54"
"37,0 : 41.18"
"37,1 : 2.0"
"37,2 : 49.68"
"37,3 : 19.8"
"37,4 : 40.45"
"37,5 : 20.4"
"37,6 : 37.85"
"37,7 : 33.42"
"37,8 : 8.6"
"37,9 : 36.89"
"37,10 : 47.01"
"37,11 : 7.28"
"37,12 : 13.45"
"37,13 : 36.67"
"37,14 : 28.28"
"37,15 : 35.01"
"37,16 : 24.0"
"37,17 : 39.0"
"37,18 : 22.09"
"37,19 : 40.05"
"37,20 : 35.44"
"37,21 : 29.07"
"37,22 : 40.2"
"37,23 : 21.19"
"37,24 : 10.2"
"37,25 : 13.45"
"37,26 : 39.29"
"37,27 : 7.07"
"37,28 : 20.22"
"37,29 : 43.29"
"37,30 : 21.95"
"37,31 : 12.04"
"37,32 : 6.32"
"37,33 : 24.02"
"37,34 : 25.71"
"37,35 : 37.22"
"37,36 : 32.02"
"37,37 : 0.0"
"37,38 : 10.2"
"37,39 : 28.44"
"37,40 : 37.66"
"37,41 : 18.87"
"37,42 : 19.03"
"37,43 : 11.4"
"37,44 : 22.2"
"37,45 : 21.19"
"37,46 : 5.0"
"37,47 : 32.56"
"37,48 : 28.02"
"37,49 : 16.12"
"38,0 : 34.06"
"38,1 : 10.77"
"38,2 : 45.65"
"38,3 : 16.49"
"38,4 : 31.05"
"38,5 : 26.08"
"38,6 : 28.79"
"38,7 : 30.08"
"38,8 : 10.3"
"38,9 : 30.41"
"38,10 : 44.92"
"38,11 : 9.43"
"38,12 : 22.47"
"38,13 : 29.21"
"38,14 : 18.97"
"38,15 : 25.18"
"38,16 : 27.86"
"38,17 : 29.07"
"38,18 : 12.0"
"38,19 : 42.76"
"38,20 : 26.83"
"38,21 : 19.0"
"38,22 : 30.07"
"38,23 : 22.2"
"38,24 : 20.0"
"38,25 : 22.83"
"38,26 : 40.0"
"38,27 : 12.08"
"38,28 : 23.09"
"38,29 : 47.43"
"38,30 : 21.02"
"38,31 : 21.47"
"38,32 : 12.65"
"38,33 : 14.04"
"38,34 : 15.52"
"38,35 : 35.17"
"38,36 : 22.2"
"38,37 : 10.2"
"38,38 : 0.0"
"38,39 : 18.25"
"38,40 : 28.46"
"38,41 : 13.42"
"38,42 : 9.49"
"38,43 : 19.65"
"38,44 : 12.04"
"38,45 : 22.2"
"38,46 : 5.39"
"38,47 : 37.58"
"38,48 : 18.25"
"38,49 : 19.7"
"39,0 : 26.25"
"39,1 : 28.86"
"39,2 : 43.19"
"39,3 : 23.6"
"39,4 : 16.28"
"39,5 : 40.61"
"39,6 : 15.81"
"39,7 : 31.78"
"39,8 : 25.94"
"39,9 : 25.18"
"39,10 : 46.27"
"39,11 : 26.08"
"39,12 : 39.92"
"39,13 : 21.59"
"39,14 : 9.0"
"39,15 : 9.22"
"39,16 : 40.31"
"39,17 : 12.08"
"39,18 : 6.71"
"39,19 : 51.97"
"39,20 : 16.16"
"39,21 : 3.16"
"39,22 : 12.04"
"39,23 : 32.65"
"39,24 : 38.12"
"39,25 : 40.5"
"39,26 : 46.62"
"39,27 : 29.07"
"39,28 : 35.36"
"39,29 : 58.25"
"39,30 : 29.41"
"39,31 : 39.22"
"39,32 : 30.02"
"39,33 : 5.66"
"39,34 : 3.16"
"39,35 : 38.08"
"39,36 : 7.21"
"39,37 : 28.44"
"39,38 : 18.25"
"39,39 : 0.0"
"39,40 : 15.0"
"39,41 : 19.21"
"39,42 : 10.82"
"39,43 : 37.05"
"39,44 : 6.32"
"39,45 : 32.65"
"39,46 : 23.54"
"39,47 : 50.25"
"39,48 : 6.0"
"39,49 : 33.42"
"40,0 : 13.04"
"40,1 : 37.34"
"40,2 : 31.4"
"40,3 : 24.04"
"40,4 : 3.16"
"40,5 : 43.01"
"40,6 : 1.0"
"40,7 : 24.84"
"40,8 : 32.0"
"40,9 : 14.32"
"40,10 : 36.77"
"40,11 : 37.7"
"40,12 : 46.1"
"40,13 : 9.85"
"40,14 : 9.49"
"40,15 : 6.32"
"40,16 : 40.72"
"40,17 : 7.28"
"40,18 : 17.49"
"40,19 : 48.1"
"40,20 : 4.24"
"40,21 : 12.04"
"40,22 : 11.4"
"40,23 : 32.7"
"40,24 : 47.85"
"40,25 : 47.04"
"40,26 : 41.11"
"40,27 : 40.5"
"40,28 : 36.4"
"40,29 : 55.32"
"40,30 : 28.64"
"40,31 : 46.01"
"40,32 : 41.11"
"40,33 : 15.26"
"40,34 : 17.69"
"40,35 : 30.81"
"40,36 : 7.81"
"40,37 : 37.66"
"40,38 : 28.46"
"40,39 : 15.0"
"40,40 : 0.0"
"40,41 : 21.21"
"40,42 : 18.97"
"40,43 : 48.08"
"40,44 : 18.03"
"40,45 : 32.7"
"40,46 : 32.76"
"40,47 : 49.74"
"40,48 : 10.82"
"40,49 : 36.14"
"41,0 : 22.36"
"41,1 : 17.89"
"41,2 : 32.25"
"41,3 : 4.47"
"41,4 : 24.33"
"41,5 : 22.36"
"41,6 : 21.1"
"41,7 : 16.76"
"41,8 : 11.4"
"41,9 : 18.03"
"41,10 : 31.78"
"41,11 : 22.02"
"41,12 : 25.0"
"41,13 : 18.03"
"41,14 : 13.42"
"41,15 : 21.02"
"41,16 : 21.26"
"41,17 : 25.08"
"41,18 : 13.42"
"41,19 : 33.11"
"41,20 : 18.0"
"41,21 : 17.69"
"41,22 : 27.78"
"41,23 : 13.45"
"41,24 : 28.64"
"41,25 : 26.02"
"41,26 : 28.64"
"41,27 : 24.04"
"41,28 : 16.4"
"41,29 : 39.12"
"41,30 : 10.3"
"41,31 : 25.08"
"41,32 : 24.08"
"41,33 : 13.6"
"41,34 : 18.36"
"41,35 : 22.2"
"41,36 : 18.36"
"41,37 : 18.87"
"41,38 : 13.42"
"41,39 : 19.21"
"41,40 : 21.21"
"41,41 : 0.0"
"41,42 : 9.49"
"41,43 : 30.23"
"41,44 : 14.32"
"41,45 : 13.45"
"41,46 : 14.87"
"41,47 : 31.11"
"41,48 : 15.0"
"41,49 : 15.23"
"42,0 : 25.5"
"42,1 : 19.03"
"42,2 : 39.22"
"42,3 : 13.93"
"42,4 : 21.59"
"42,5 : 29.83"
"42,6 : 19.31"
"42,7 : 25.08"
"42,8 : 15.23"
"42,9 : 22.47"
"42,10 : 40.2"
"42,11 : 18.79"
"42,12 : 29.41"
"42,13 : 20.52"
"42,14 : 9.49"
"42,15 : 16.0"
"42,16 : 29.83"
"42,17 : 20.02"
"42,18 : 4.24"
"42,19 : 42.54"
"42,20 : 17.49"
"42,21 : 10.44"
"42,22 : 21.59"
"42,23 : 22.47"
"42,24 : 29.15"
"42,25 : 30.08"
"42,26 : 38.08"
"42,27 : 21.54"
"42,28 : 24.84"
"42,29 : 48.37"
"42,30 : 19.7"
"42,31 : 28.86"
"42,32 : 22.14"
"42,33 : 5.39"
"42,34 : 9.22"
"42,35 : 31.0"
"42,36 : 13.0"
"42,37 : 19.03"
"42,38 : 9.49"
"42,39 : 10.82"
"42,40 : 18.97"
"42,41 : 9.49"
"42,42 : 0.0"
"42,43 : 29.12"
"42,44 : 5.0"
"42,45 : 22.47"
"42,46 : 14.04"
"42,47 : 39.82"
"42,48 : 9.0"
"42,49 : 22.67"
"43,0 : 52.48"
"43,1 : 12.73"
"43,2 : 60.88"
"43,3 : 31.14"
"43,4 : 50.7"
"43,5 : 27.46"
"43,6 : 48.38"
"43,7 : 44.6"
"43,8 : 19.8"
"43,9 : 48.26"
"43,10 : 57.69"
"43,11 : 11.0"
"43,12 : 17.0"
"43,13 : 47.89"
"43,14 : 38.6"
"43,15 : 44.72"
"43,16 : 32.28"
"43,17 : 48.51"
"43,18 : 31.4"
"43,19 : 48.27"
"43,20 : 46.24"
"43,21 : 38.33"
"43,22 : 49.09"
"43,23 : 31.38"
"43,24 : 5.1"
"43,25 : 16.03"
"43,26 : 48.85"
"43,27 : 8.0"
"43,28 : 29.55"
"43,29 : 50.16"
"43,30 : 32.8"
"43,31 : 15.0"
"43,32 : 7.07"
"43,33 : 33.54"
"43,34 : 34.01"
"43,35 : 48.01"
"43,36 : 41.77"
"43,37 : 11.4"
"43,38 : 19.65"
"43,39 : 37.05"
"43,40 : 48.08"
"43,41 : 30.23"
"43,42 : 29.12"
"43,43 : 0.0"
"43,44 : 31.26"
"43,45 : 31.38"
"43,46 : 15.65"
"43,47 : 39.12"
"43,48 : 37.85"
"43,49 : 25.5"
"44,0 : 26.93"
"44,1 : 22.56"
"44,2 : 42.2"
"44,3 : 18.79"
"44,4 : 20.12"
"44,5 : 34.71"
"44,6 : 18.6"
"44,7 : 29.02"
"44,8 : 19.72"
"44,9 : 24.7"
"44,10 : 44.01"
"44,11 : 20.4"
"44,12 : 33.62"
"44,13 : 21.95"
"44,14 : 9.22"
"44,15 : 13.6"
"44,16 : 34.83"
"44,17 : 17.26"
"44,18 : 1.0"
"44,19 : 47.42"
"44,20 : 17.69"
"44,21 : 7.07"
"44,22 : 18.03"
"44,23 : 27.46"
"44,24 : 32.02"
"44,25 : 34.18"
"44,26 : 42.72"
"44,27 : 23.35"
"44,28 : 29.83"
"44,29 : 53.34"
"44,30 : 24.6"
"44,31 : 32.89"
"44,32 : 24.19"
"44,33 : 2.83"
"44,34 : 4.24"
"44,35 : 35.13"
"44,36 : 10.77"
"44,37 : 22.2"
"44,38 : 12.04"
"44,39 : 6.32"
"44,40 : 18.03"
"44,41 : 14.32"
"44,42 : 5.0"
"44,43 : 31.26"
"44,44 : 0.0"
"44,45 : 27.46"
"44,46 : 17.26"
"44,47 : 44.82"
"44,48 : 7.21"
"44,49 : 27.59"
"45,0 : 29.0"
"45,1 : 19.31"
"45,2 : 30.81"
"45,3 : 9.22"
"45,4 : 35.85"
"45,5 : 11.0"
"45,6 : 32.31"
"45,7 : 15.23"
"45,8 : 13.15"
"45,9 : 24.0"
"45,10 : 26.4"
"45,11 : 27.46"
"45,12 : 18.87"
"45,13 : 26.31"
"45,14 : 26.4"
"45,15 : 33.84"
"45,16 : 8.06"
"45,17 : 37.74"
"45,18 : 26.63"
"45,19 : 20.62"
"45,20 : 28.79"
"45,21 : 31.11"
"45,22 : 40.8"
"45,23 : 0.0"
"45,24 : 27.8"
"45,25 : 20.25"
"45,26 : 18.25"
"45,27 : 28.16"
"45,28 : 4.0"
"45,29 : 25.94"
"45,30 : 4.12"
"45,31 : 20.0"
"45,32 : 27.51"
"45,33 : 27.02"
"45,34 : 31.62"
"45,35 : 16.97"
"45,36 : 31.4"
"45,37 : 21.19"
"45,38 : 22.2"
"45,39 : 32.65"
"45,40 : 32.7"
"45,41 : 13.45"
"45,42 : 22.47"
"45,43 : 31.38"
"45,44 : 27.46"
"45,45 : 0.0"
"45,46 : 20.1"
"45,47 : 17.69"
"45,48 : 28.32"
"45,49 : 6.4"
"46,0 : 36.89"
"46,1 : 5.39"
"46,2 : 46.62"
"46,3 : 16.64"
"46,4 : 35.51"
"46,5 : 21.93"
"46,6 : 32.98"
"46,7 : 30.53"
"46,8 : 7.0"
"46,9 : 32.8"
"46,10 : 44.78"
"46,11 : 7.62"
"46,12 : 17.2"
"46,13 : 32.25"
"46,14 : 23.35"
"46,15 : 30.02"
"46,16 : 24.52"
"46,17 : 34.0"
"46,18 : 17.12"
"46,19 : 40.11"
"46,20 : 30.68"
"46,21 : 24.08"
"46,22 : 35.23"
"46,23 : 20.1"
"46,24 : 15.13"
"46,25 : 17.49"
"46,26 : 38.33"
"46,27 : 9.22"
"46,28 : 20.1"
"46,29 : 44.15"
"46,30 : 19.92"
"46,31 : 16.12"
"46,32 : 9.22"
"46,33 : 19.03"
"46,34 : 20.88"
"46,35 : 34.93"
"46,36 : 27.02"
"46,37 : 5.0"
"46,38 : 5.39"
"46,39 : 23.54"
"46,40 : 32.76"
"46,41 : 14.87"
"46,42 : 14.04"
"46,43 : 15.65"
"46,44 : 17.26"
"46,45 : 20.1"
"46,46 : 0.0"
"46,47 : 33.84"
"46,48 : 23.02"
"46,49 : 16.28"
"47,0 : 43.68"
"47,1 : 30.59"
"47,2 : 38.47"
"47,3 : 26.91"
"47,4 : 52.84"
"47,5 : 12.17"
"47,6 : 49.24"
"47,7 : 27.66"
"47,8 : 27.31"
"47,9 : 38.9"
"47,10 : 30.36"
"47,11 : 39.81"
"47,12 : 22.2"
"47,13 : 42.15"
"47,14 : 44.05"
"47,15 : 51.4"
"47,16 : 10.0"
"47,17 : 55.22"
"47,18 : 44.05"
"47,19 : 11.31"
"47,20 : 45.65"
"47,21 : 48.8"
"47,22 : 58.41"
"47,23 : 17.69"
"47,24 : 34.23"
"47,25 : 23.35"
"47,26 : 17.09"
"47,27 : 39.32"
"47,28 : 15.0"
"47,29 : 11.05"
"47,30 : 21.4"
"47,31 : 24.19"
"47,32 : 38.21"
"47,33 : 44.6"
"47,34 : 49.04"
"47,35 : 25.0"
"47,36 : 49.04"
"47,37 : 32.56"
"47,38 : 37.58"
"47,39 : 50.25"
"47,40 : 49.74"
"47,41 : 31.11"
"47,42 : 39.82"
"47,43 : 39.12"
"47,44 : 44.82"
"47,45 : 17.69"
"47,46 : 33.84"
"47,47 : 0.0"
"47,48 : 46.01"
"47,49 : 17.89"
"48,0 : 20.62"
"48,1 : 28.02"
"48,2 : 37.22"
"48,3 : 19.1"
"48,4 : 13.0"
"48,5 : 37.22"
"48,6 : 11.4"
"48,7 : 25.96"
"48,8 : 23.77"
"48,9 : 19.24"
"48,10 : 40.31"
"48,11 : 27.2"
"48,12 : 38.08"
"48,13 : 15.81"
"48,14 : 3.0"
"48,15 : 7.0"
"48,16 : 36.24"
"48,17 : 11.05"
"48,18 : 6.71"
"48,19 : 46.87"
"48,20 : 10.82"
"48,21 : 3.16"
"48,22 : 13.0"
"48,23 : 28.32"
"48,24 : 38.12"
"48,25 : 38.83"
"48,26 : 41.15"
"48,27 : 30.08"
"48,28 : 31.4"
"48,29 : 53.41"
"48,30 : 24.76"
"48,31 : 37.66"
"48,32 : 30.81"
"48,33 : 4.47"
"48,34 : 7.62"
"48,35 : 32.28"
"48,36 : 4.0"
"48,37 : 28.02"
"48,38 : 18.25"
"48,39 : 6.0"
"48,40 : 10.82"
"48,41 : 15.0"
"48,42 : 9.0"
"48,43 : 37.85"
"48,44 : 7.21"
"48,45 : 28.32"
"48,46 : 23.02"
"48,47 : 46.01"
"48,48 : 0.0"
"48,49 : 30.02"
"49,0 : 34.23"
"49,1 : 14.14"
"49,2 : 37.2"
"49,3 : 12.17"
"49,4 : 39.29"
"49,5 : 7.21"
"49,6 : 35.9"
"49,7 : 21.47"
"49,8 : 9.49"
"49,9 : 29.27"
"49,10 : 32.65"
"49,11 : 23.0"
"49,12 : 12.53"
"49,13 : 31.0"
"49,14 : 28.64"
"49,15 : 36.25"
"49,16 : 8.25"
"49,17 : 40.31"
"49,18 : 26.91"
"49,19 : 24.0"
"49,20 : 32.56"
"49,21 : 32.45"
"49,22 : 42.94"
"49,23 : 6.4"
"49,24 : 21.63"
"49,25 : 13.89"
"49,26 : 23.41"
"49,27 : 23.19"
"49,28 : 4.12"
"49,29 : 27.89"
"49,30 : 9.49"
"49,31 : 13.6"
"49,32 : 22.36"
"49,33 : 27.8"
"49,34 : 31.83"
"49,35 : 23.35"
"49,36 : 33.54"
"49,37 : 16.12"
"49,38 : 19.7"
"49,39 : 33.42"
"49,40 : 36.14"
"49,41 : 15.23"
"49,42 : 22.67"
"49,43 : 25.5"
"49,44 : 27.59"
"49,45 : 6.4"
"49,46 : 16.28"
"49,47 : 17.89"
"49,48 : 30.02"
"49,49 : 0.0"
