x,y
28,5
42,35
1,28
34,30
30,47
29,28
17,17
6,7
6,23
39,4
30,42
0,46
35,31
40,37
7,13
36,48
17,31
33,30
14,50
3,29
10,41
1,44
21,24
11,6
19,1
26,7
35,41
14,24
27,38
39,17
12,16
50,44
45,17
23,1
30,23
15,23
45,45
48,30
3,35
1,25
22,33
23,33
32,34
8,1
41,37
39,11
10,47
3,14
44,6
3,50

Distanze
"0,0 : 0.0"
"0,1 : 33.11"
"0,2 : 35.47"
"0,3 : 25.71"
"0,4 : 42.05"
"0,5 : 23.02"
"0,6 : 16.28"
"0,7 : 22.09"
"0,8 : 28.43"
"0,9 : 11.05"
"0,10 : 37.05"
"0,11 : 49.65"
"0,12 : 26.93"
"0,13 : 34.18"
"0,14 : 22.47"
"0,15 : 43.74"
"0,16 : 28.23"
"0,17 : 25.5"
"0,18 : 47.13"
"0,19 : 34.66"
"0,20 : 40.25"
"0,21 : 47.43"
"0,22 : 20.25"
"0,23 : 17.03"
"0,24 : 9.85"
"0,25 : 2.83"
"0,26 : 36.67"
"0,27 : 23.6"
"0,28 : 33.02"
"0,29 : 16.28"
"0,30 : 19.42"
"0,31 : 44.78"
"0,32 : 20.81"
"0,33 : 6.4"
"0,34 : 18.11"
"0,35 : 22.2"
"0,36 : 43.46"
"0,37 : 32.02"
"0,38 : 39.05"
"0,39 : 33.6"
"0,40 : 28.64"
"0,41 : 28.44"
"0,42 : 29.27"
"0,43 : 20.4"
"0,44 : 34.54"
"0,45 : 12.53"
"0,46 : 45.69"
"0,47 : 26.57"
"0,48 : 16.03"
"0,49 : 51.48"
"1,0 : 33.11"
"1,1 : 0.0"
"1,2 : 41.59"
"1,3 : 9.43"
"1,4 : 16.97"
"1,5 : 14.76"
"1,6 : 30.81"
"1,7 : 45.61"
"1,8 : 37.95"
"1,9 : 31.14"
"1,10 : 13.89"
"1,11 : 43.42"
"1,12 : 8.06"
"1,13 : 2.83"
"1,14 : 41.34"
"1,15 : 14.32"
"1,16 : 25.32"
"1,17 : 10.3"
"1,18 : 31.76"
"1,19 : 39.46"
"1,20 : 32.56"
"1,21 : 41.98"
"1,22 : 23.71"
"1,23 : 42.45"
"1,24 : 41.05"
"1,25 : 32.25"
"1,26 : 9.22"
"1,27 : 30.08"
"1,28 : 15.3"
"1,29 : 18.25"
"1,30 : 35.51"
"1,31 : 12.04"
"1,32 : 18.25"
"1,33 : 38.95"
"1,34 : 16.97"
"1,35 : 29.55"
"1,36 : 10.44"
"1,37 : 7.81"
"1,38 : 39.0"
"1,39 : 42.2"
"1,40 : 20.1"
"1,41 : 19.1"
"1,42 : 10.05"
"1,43 : 48.08"
"1,44 : 2.24"
"1,45 : 24.19"
"1,46 : 34.18"
"1,47 : 44.29"
"1,48 : 29.07"
"1,49 : 41.79"
"2,0 : 35.47"
"2,1 : 41.59"
"2,2 : 0.0"
"2,3 : 33.06"
"2,4 : 34.67"
"2,5 : 28.0"
"2,6 : 19.42"
"2,7 : 21.59"
"2,8 : 7.07"
"2,9 : 44.94"
"2,10 : 32.2"
"2,11 : 18.03"
"2,12 : 34.13"
"2,13 : 40.02"
"2,14 : 16.16"
"2,15 : 40.31"
"2,16 : 16.28"
"2,17 : 32.06"
"2,18 : 25.55"
"2,19 : 2.24"
"2,20 : 15.81"
"2,21 : 16.0"
"2,22 : 20.4"
"2,23 : 24.17"
"2,24 : 32.45"
"2,25 : 32.65"
"2,26 : 36.4"
"2,27 : 13.6"
"2,28 : 27.86"
"2,29 : 39.56"
"2,30 : 16.28"
"2,31 : 51.55"
"2,32 : 45.35"
"2,33 : 34.83"
"2,34 : 29.43"
"2,35 : 14.87"
"2,36 : 47.17"
"2,37 : 47.04"
"2,38 : 7.28"
"2,39 : 3.0"
"2,40 : 21.59"
"2,41 : 22.56"
"2,42 : 31.58"
"2,43 : 27.89"
"2,44 : 41.0"
"2,45 : 41.63"
"2,46 : 21.02"
"2,47 : 14.14"
"2,48 : 48.3"
"2,49 : 22.09"
"3,0 : 25.71"
"3,1 : 9.43"
"3,2 : 33.06"
"3,3 : 0.0"
"3,4 : 17.46"
"3,5 : 5.39"
"3,6 : 21.4"
"3,7 : 36.24"
"3,8 : 28.86"
"3,9 : 26.48"
"3,10 : 12.65"
"3,11 : 37.58"
"3,12 : 1.41"
"3,13 : 9.22"
"3,14 : 31.91"
"3,15 : 18.11"
"3,16 : 17.03"
"3,17 : 1.0"
"3,18 : 28.28"
"3,19 : 31.02"
"3,20 : 26.4"
"3,21 : 35.85"
"3,22 : 14.32"
"3,23 : 33.24"
"3,24 : 32.65"
"3,25 : 24.35"
"3,26 : 11.05"
"3,27 : 20.88"
"3,28 : 10.63"
"3,29 : 13.93"
"3,30 : 26.08"
"3,31 : 21.26"
"3,32 : 17.03"
"3,33 : 31.02"
"3,34 : 8.06"
"3,35 : 20.25"
"3,36 : 18.6"
"3,37 : 14.0"
"3,38 : 31.4"
"3,39 : 33.38"
"3,40 : 12.37"
"3,41 : 11.4"
"3,42 : 4.47"
"3,43 : 38.95"
"3,44 : 9.9"
"3,45 : 19.65"
"3,46 : 29.41"
"3,47 : 34.89"
"3,48 : 26.0"
"3,49 : 36.89"
"4,0 : 42.05"
"4,1 : 16.97"
"4,2 : 34.67"
"4,3 : 17.46"
"4,4 : 0.0"
"4,5 : 19.03"
"4,6 : 32.7"
"4,7 : 46.65"
"4,8 : 33.94"
"4,9 : 43.93"
"4,10 : 5.0"
"4,11 : 30.02"
"4,12 : 16.76"
"4,13 : 14.14"
"4,14 : 41.05"
"4,15 : 6.08"
"4,16 : 20.62"
"4,17 : 17.26"
"4,18 : 16.28"
"4,19 : 32.45"
"4,20 : 20.88"
"4,21 : 29.15"
"4,22 : 24.7"
"4,23 : 45.19"
"4,24 : 47.3"
"4,25 : 40.2"
"4,26 : 7.81"
"4,27 : 28.02"
"4,28 : 9.49"
"4,29 : 31.32"
"4,30 : 35.85"
"4,31 : 20.22"
"4,32 : 33.54"
"4,33 : 46.53"
"4,34 : 24.0"
"4,35 : 28.3"
"4,36 : 15.13"
"4,37 : 24.76"
"4,38 : 29.55"
"4,39 : 36.4"
"4,40 : 16.12"
"4,41 : 15.65"
"4,42 : 13.15"
"4,43 : 50.99"
"4,44 : 14.87"
"4,45 : 37.11"
"4,46 : 20.0"
"4,47 : 42.64"
"4,48 : 43.32"
"4,49 : 27.17"
"5,0 : 23.02"
"5,1 : 14.76"
"5,2 : 28.0"
"5,3 : 5.39"
"5,4 : 19.03"
"5,5 : 0.0"
"5,6 : 16.28"
"5,7 : 31.14"
"5,8 : 23.54"
"5,9 : 26.0"
"5,10 : 14.04"
"5,11 : 34.13"
"5,12 : 6.71"
"5,13 : 14.21"
"5,14 : 26.63"
"5,15 : 21.19"
"5,16 : 12.37"
"5,17 : 4.47"
"5,18 : 26.63"
"5,19 : 26.02"
"5,20 : 23.02"
"5,21 : 32.25"
"5,22 : 8.94"
"5,23 : 28.43"
"5,24 : 28.79"
"5,25 : 21.21"
"5,26 : 14.32"
"5,27 : 15.52"
"5,28 : 10.2"
"5,29 : 14.87"
"5,30 : 20.81"
"5,31 : 26.4"
"5,32 : 19.42"
"5,33 : 27.66"
"5,34 : 5.1"
"5,35 : 14.87"
"5,36 : 23.35"
"5,37 : 19.1"
"5,38 : 26.93"
"5,39 : 28.16"
"5,40 : 8.6"
"5,41 : 7.81"
"5,42 : 6.71"
"5,43 : 34.21"
"5,44 : 15.0"
"5,45 : 19.72"
"5,46 : 26.87"
"5,47 : 29.53"
"5,48 : 26.63"
"5,49 : 34.06"
"6,0 : 16.28"
"6,1 : 30.81"
"6,2 : 19.42"
"6,3 : 21.4"
"6,4 : 32.7"
"6,5 : 16.28"
"6,6 : 0.0"
"6,7 : 14.87"
"6,8 : 12.53"
"6,9 : 25.55"
"6,10 : 28.18"
"6,11 : 33.62"
"6,12 : 22.8"
"6,13 : 30.48"
"6,14 : 10.77"
"6,15 : 36.36"
"6,16 : 14.0"
"6,17 : 20.62"
"6,18 : 33.14"
"6,19 : 18.44"
"6,20 : 25.0"
"6,21 : 31.38"
"6,22 : 8.06"
"6,23 : 12.53"
"6,24 : 16.12"
"6,25 : 13.45"
"6,26 : 30.0"
"6,27 : 7.62"
"6,28 : 23.26"
"6,29 : 22.0"
"6,30 : 5.1"
"6,31 : 42.64"
"6,32 : 28.0"
"6,33 : 17.09"
"6,34 : 14.32"
"6,35 : 6.32"
"6,36 : 39.6"
"6,37 : 33.62"
"6,38 : 22.8"
"6,39 : 17.89"
"6,40 : 16.76"
"6,41 : 17.09"
"6,42 : 22.67"
"6,43 : 18.36"
"6,44 : 31.24"
"6,45 : 22.8"
"6,46 : 30.81"
"6,47 : 14.32"
"6,48 : 29.15"
"6,49 : 35.85"
"7,0 : 22.09"
"7,1 : 45.61"
"7,2 : 21.59"
"7,3 : 36.24"
"7,4 : 46.65"
"7,5 : 31.14"
"7,6 : 14.87"
"7,7 : 0.0"
"7,8 : 16.0"
"7,9 : 33.14"
"7,10 : 42.44"
"7,11 : 39.46"
"7,12 : 37.64"
"7,13 : 45.34"
"7,14 : 6.08"
"7,15 : 50.8"
"7,16 : 26.4"
"7,17 : 35.47"
"7,18 : 43.74"
"7,19 : 22.2"
"7,20 : 34.23"
"7,21 : 37.34"
"7,22 : 22.67"
"7,23 : 5.1"
"7,24 : 14.32"
"7,25 : 20.0"
"7,26 : 44.69"
"7,27 : 18.79"
"7,28 : 37.44"
"7,29 : 34.48"
"7,30 : 10.82"
"7,31 : 57.49"
"7,32 : 40.26"
"7,33 : 18.03"
"7,34 : 28.84"
"7,35 : 18.36"
"7,36 : 54.45"
"7,37 : 47.89"
"7,38 : 28.16"
"7,39 : 18.68"
"7,40 : 30.53"
"7,41 : 31.06"
"7,42 : 37.48"
"7,43 : 6.32"
"7,44 : 46.1"
"7,45 : 33.24"
"7,46 : 40.2"
"7,47 : 7.62"
"7,48 : 38.01"
"7,49 : 43.1"
"8,0 : 28.43"
"8,1 : 37.95"
"8,2 : 7.07"
"8,3 : 28.86"
"8,4 : 33.94"
"8,5 : 23.54"
"8,6 : 12.53"
"8,7 : 16.0"
"8,8 : 0.0"
"8,9 : 38.08"
"8,10 : 30.61"
"8,11 : 23.77"
"8,12 : 30.08"
"8,13 : 36.77"
"8,14 : 10.05"
"8,15 : 39.05"
"8,16 : 13.6"
"8,17 : 27.89"
"8,18 : 28.16"
"8,19 : 6.71"
"8,20 : 18.44"
"8,21 : 21.59"
"8,22 : 15.03"
"8,23 : 17.72"
"8,24 : 25.55"
"8,25 : 25.61"
"8,26 : 34.13"
"8,27 : 8.06"
"8,28 : 25.81"
"8,29 : 33.54"
"8,30 : 9.22"
"8,31 : 48.75"
"8,32 : 39.46"
"8,33 : 27.8"
"8,34 : 24.0"
"8,35 : 9.0"
"8,36 : 44.78"
"8,37 : 42.58"
"8,38 : 12.37"
"8,39 : 5.39"
"8,40 : 18.87"
"8,41 : 19.72"
"8,42 : 28.23"
"8,43 : 22.09"
"8,44 : 37.7"
"8,45 : 35.11"
"8,46 : 24.33"
"8,47 : 9.49"
"8,48 : 41.63"
"8,49 : 27.17"
"9,0 : 11.05"
"9,1 : 31.14"
"9,2 : 44.94"
"9,3 : 26.48"
"9,4 : 43.93"
"9,5 : 26.0"
"9,6 : 25.55"
"9,7 : 33.14"
"9,8 : 38.08"
"9,9 : 0.0"
"9,10 : 39.05"
"9,11 : 57.31"
"9,12 : 27.29"
"9,13 : 33.02"
"9,14 : 33.24"
"9,15 : 44.1"
"9,16 : 34.83"
"9,17 : 26.68"
"9,18 : 52.35"
"9,19 : 43.83"
"9,20 : 47.01"
"9,21 : 55.17"
"9,22 : 26.91"
"9,23 : 28.07"
"9,24 : 20.22"
"9,25 : 13.34"
"9,26 : 37.22"
"9,27 : 32.02"
"9,28 : 36.06"
"9,29 : 13.0"
"9,30 : 29.55"
"9,31 : 41.48"
"9,32 : 14.32"
"9,33 : 16.28"
"9,34 : 21.02"
"9,35 : 30.61"
"9,36 : 41.44"
"9,37 : 27.51"
"9,38 : 47.51"
"9,39 : 43.42"
"9,40 : 33.62"
"9,41 : 33.12"
"9,42 : 30.81"
"9,43 : 31.14"
"9,44 : 33.06"
"9,45 : 7.0"
"9,46 : 51.87"
"9,47 : 37.36"
"9,48 : 5.39"
"9,49 : 58.41"
"10,0 : 37.05"
"10,1 : 13.89"
"10,2 : 32.2"
"10,3 : 12.65"
"10,4 : 5.0"
"10,5 : 14.04"
"10,6 : 28.18"
"10,7 : 42.44"
"10,8 : 30.61"
"10,9 : 39.05"
"10,10 : 0.0"
"10,11 : 30.27"
"10,12 : 12.08"
"10,13 : 11.18"
"10,14 : 37.01"
"10,15 : 8.49"
"10,16 : 17.03"
"10,17 : 12.37"
"10,18 : 17.89"
"10,19 : 29.97"
"10,20 : 20.02"
"10,21 : 29.07"
"10,22 : 20.12"
"10,23 : 40.71"
"10,24 : 42.45"
"10,25 : 35.23"
"10,26 : 5.1"
"10,27 : 24.08"
"10,28 : 5.0"
"10,29 : 26.57"
"10,30 : 31.62"
"10,31 : 20.1"
"10,32 : 29.15"
"10,33 : 41.59"
"10,34 : 19.0"
"10,35 : 24.21"
"10,36 : 15.3"
"10,37 : 21.63"
"10,38 : 27.89"
"10,39 : 33.62"
"10,40 : 12.04"
"10,41 : 11.4"
"10,42 : 8.25"
"10,43 : 46.53"
"10,44 : 12.08"
"10,45 : 32.28"
"10,46 : 20.62"
"10,47 : 38.9"
"10,48 : 38.63"
"10,49 : 28.16"
"11,0 : 49.65"
"11,1 : 43.42"
"11,2 : 18.03"
"11,3 : 37.58"
"11,4 : 30.02"
"11,5 : 34.13"
"11,6 : 33.62"
"11,7 : 39.46"
"11,8 : 23.77"
"11,9 : 57.31"
"11,10 : 30.27"
"11,11 : 0.0"
"11,12 : 38.08"
"11,13 : 41.0"
"11,14 : 33.73"
"11,15 : 36.06"
"11,16 : 22.67"
"11,17 : 36.67"
"11,18 : 14.56"
"11,19 : 17.26"
"11,20 : 11.18"
"11,21 : 2.24"
"11,22 : 30.41"
"11,23 : 41.48"
"11,24 : 48.85"
"11,25 : 46.87"
"11,26 : 35.36"
"11,27 : 26.08"
"11,28 : 28.16"
"11,29 : 48.6"
"11,30 : 32.31"
"11,31 : 50.04"
"11,32 : 53.54"
"11,33 : 50.54"
"11,34 : 37.8"
"11,35 : 27.46"
"11,36 : 45.01"
"11,37 : 50.6"
"11,38 : 11.4"
"11,39 : 21.02"
"11,40 : 25.55"
"11,41 : 26.42"
"11,42 : 34.18"
"11,43 : 45.71"
"11,44 : 41.98"
"11,45 : 52.4"
"11,46 : 10.05"
"11,47 : 32.14"
"11,48 : 59.46"
"11,49 : 5.0"
"12,0 : 26.93"
"12,1 : 8.06"
"12,2 : 34.13"
"12,3 : 1.41"
"12,4 : 16.76"
"12,5 : 6.71"
"12,6 : 22.8"
"12,7 : 37.64"
"12,8 : 30.08"
"12,9 : 27.29"
"12,10 : 12.08"
"12,11 : 38.08"
"12,12 : 0.0"
"12,13 : 7.81"
"12,14 : 33.29"
"12,15 : 17.03"
"12,16 : 18.0"
"12,17 : 2.24"
"12,18 : 28.32"
"12,19 : 32.06"
"12,20 : 26.93"
"12,21 : 36.4"
"12,22 : 15.65"
"12,23 : 34.66"
"12,24 : 34.0"
"12,25 : 25.63"
"12,26 : 10.0"
"12,27 : 22.14"
"12,28 : 10.63"
"12,29 : 14.56"
"12,30 : 27.46"
"12,31 : 19.85"
"12,32 : 17.2"
"12,33 : 32.31"
"12,34 : 9.43"
"12,35 : 21.54"
"12,36 : 17.2"
"12,37 : 13.04"
"12,38 : 32.25"
"12,39 : 34.53"
"12,40 : 13.15"
"12,41 : 12.17"
"12,42 : 4.24"
"12,43 : 40.36"
"12,44 : 8.49"
"12,45 : 20.4"
"12,46 : 29.68"
"12,47 : 36.24"
"12,48 : 26.57"
"12,49 : 37.22"
"13,0 : 34.18"
"13,1 : 2.83"
"13,2 : 40.02"
"13,3 : 9.22"
"13,4 : 14.14"
"13,5 : 14.21"
"13,6 : 30.48"
"13,7 : 45.34"
"13,8 : 36.77"
"13,9 : 33.02"
"13,10 : 11.18"
"13,11 : 41.0"
"13,12 : 7.81"
"13,13 : 0.0"
"13,14 : 40.8"
"13,15 : 11.7"
"13,16 : 23.77"
"13,17 : 9.9"
"13,18 : 29.07"
"13,19 : 37.85"
"13,20 : 30.27"
"13,21 : 39.62"
"13,22 : 23.02"
"13,23 : 42.45"
"13,24 : 41.68"
"13,25 : 33.11"
"13,26 : 6.4"
"13,27 : 29.07"
"13,28 : 13.04"
"13,29 : 20.02"
"13,30 : 35.0"
"13,31 : 12.21"
"13,32 : 20.62"
"13,33 : 39.81"
"13,34 : 17.2"
"13,35 : 28.65"
"13,36 : 9.43"
"13,37 : 10.63"
"13,38 : 37.05"
"13,39 : 40.8"
"13,40 : 18.44"
"13,41 : 17.46"
"13,42 : 8.54"
"13,43 : 48.17"
"13,44 : 1.0"
"13,45 : 26.02"
"13,46 : 31.62"
"13,47 : 43.57"
"13,48 : 31.26"
"13,49 : 39.22"
"14,0 : 22.47"
"14,1 : 41.34"
"14,2 : 16.16"
"14,3 : 31.91"
"14,4 : 41.05"
"14,5 : 26.63"
"14,6 : 10.77"
"14,7 : 6.08"
"14,8 : 10.05"
"14,9 : 33.24"
"14,10 : 37.01"
"14,11 : 33.73"
"14,12 : 33.29"
"14,13 : 40.8"
"14,14 : 0.0"
"14,15 : 45.45"
"14,16 : 20.59"
"14,17 : 31.06"
"14,18 : 37.66"
"14,19 : 16.49"
"14,20 : 28.16"
"14,21 : 31.58"
"14,22 : 17.8"
"14,23 : 8.06"
"14,24 : 16.97"
"14,25 : 19.92"
"14,26 : 39.6"
"14,27 : 13.04"
"14,28 : 32.02"
"14,29 : 32.25"
"14,30 : 5.83"
"14,31 : 53.01"
"14,32 : 38.21"
"14,33 : 20.0"
"14,34 : 25.08"
"14,35 : 12.81"
"14,36 : 49.68"
"14,37 : 44.38"
"14,38 : 22.36"
"14,39 : 13.42"
"14,40 : 25.0"
"14,41 : 25.61"
"14,42 : 32.65"
"14,43 : 12.04"
"14,44 : 41.62"
"14,45 : 32.06"
"14,46 : 34.13"
"14,47 : 4.12"
"14,48 : 37.66"
"14,49 : 37.22"
"15,0 : 43.74"
"15,1 : 14.32"
"15,2 : 40.31"
"15,3 : 18.11"
"15,4 : 6.08"
"15,5 : 21.19"
"15,6 : 36.36"
"15,7 : 50.8"
"15,8 : 39.05"
"15,9 : 44.1"
"15,10 : 8.49"
"15,11 : 36.06"
"15,12 : 17.03"
"15,13 : 11.7"
"15,14 : 45.45"
"15,15 : 0.0"
"15,16 : 25.5"
"15,17 : 18.25"
"15,18 : 22.09"
"15,19 : 38.08"
"15,20 : 26.93"
"15,21 : 35.23"
"15,22 : 28.3"
"15,23 : 48.88"
"15,24 : 49.98"
"15,25 : 42.2"
"15,26 : 7.07"
"15,27 : 32.56"
"15,28 : 13.45"
"15,29 : 31.14"
"15,30 : 40.0"
"15,31 : 14.56"
"15,32 : 32.28"
"15,33 : 48.76"
"15,34 : 25.71"
"15,35 : 32.65"
"15,36 : 9.49"
"15,37 : 21.63"
"15,38 : 35.47"
"15,39 : 41.88"
"15,40 : 20.52"
"15,41 : 19.85"
"15,42 : 14.56"
"15,43 : 54.71"
"15,44 : 12.08"
"15,45 : 37.12"
"15,46 : 26.02"
"15,47 : 47.38"
"15,48 : 42.76"
"15,49 : 33.06"
"16,0 : 28.23"
"16,1 : 25.32"
"16,2 : 16.28"
"16,3 : 17.03"
"16,4 : 20.62"
"16,5 : 12.37"
"16,6 : 14.0"
"16,7 : 26.4"
"16,8 : 13.6"
"16,9 : 34.83"
"16,10 : 17.03"
"16,11 : 22.67"
"16,12 : 18.0"
"16,13 : 23.77"
"16,14 : 20.59"
"16,15 : 25.5"
"16,16 : 0.0"
"16,17 : 16.03"
"16,18 : 19.24"
"16,19 : 14.14"
"16,20 : 12.21"
"16,21 : 20.62"
"16,22 : 8.06"
"16,23 : 25.71"
"16,24 : 30.07"
"16,25 : 25.63"
"16,26 : 20.59"
"16,27 : 7.62"
"16,28 : 12.21"
"16,29 : 26.08"
"16,30 : 15.81"
"16,31 : 35.47"
"16,32 : 31.3"
"16,33 : 30.59"
"16,34 : 15.26"
"16,35 : 8.25"
"16,36 : 31.3"
"16,37 : 31.02"
"16,38 : 14.56"
"16,39 : 17.09"
"16,40 : 5.39"
"16,41 : 6.32"
"16,42 : 15.3"
"16,43 : 31.32"
"16,44 : 24.74"
"16,45 : 29.73"
"16,46 : 17.46"
"16,47 : 22.02"
"16,48 : 36.8"
"16,49 : 23.6"
"17,0 : 25.5"
"17,1 : 10.3"
"17,2 : 32.06"
"17,3 : 1.0"
"17,4 : 17.26"
"17,5 : 4.47"
"17,6 : 20.62"
"17,7 : 35.47"
"17,8 : 27.89"
"17,9 : 26.68"
"17,10 : 12.37"
"17,11 : 36.67"
"17,12 : 2.24"
"17,13 : 9.9"
"17,14 : 31.06"
"17,15 : 18.25"
"17,16 : 16.03"
"17,17 : 0.0"
"17,18 : 27.59"
"17,19 : 30.02"
"17,20 : 25.5"
"17,21 : 34.93"
"17,22 : 13.42"
"17,23 : 32.56"
"17,24 : 32.2"
"17,25 : 24.04"
"17,26 : 11.18"
"17,27 : 19.92"
"17,28 : 10.0"
"17,29 : 14.32"
"17,30 : 25.24"
"17,31 : 22.02"
"17,32 : 17.69"
"17,33 : 30.68"
"17,34 : 7.62"
"17,35 : 19.31"
"17,36 : 19.21"
"17,37 : 15.0"
"17,38 : 30.41"
"17,39 : 32.39"
"17,40 : 11.4"
"17,41 : 10.44"
"17,42 : 4.12"
"17,43 : 38.29"
"17,44 : 10.63"
"17,45 : 19.92"
"17,46 : 28.6"
"17,47 : 34.0"
"17,48 : 26.4"
"17,49 : 36.06"
"18,0 : 47.13"
"18,1 : 31.76"
"18,2 : 25.55"
"18,3 : 28.28"
"18,4 : 16.28"
"18,5 : 26.63"
"18,6 : 33.14"
"18,7 : 43.74"
"18,8 : 28.16"
"18,9 : 52.35"
"18,10 : 17.89"
"18,11 : 14.56"
"18,12 : 28.32"
"18,13 : 29.07"
"18,14 : 37.66"
"18,15 : 22.09"
"18,16 : 19.24"
"18,17 : 27.59"
"18,18 : 0.0"
"18,19 : 23.71"
"18,20 : 9.85"
"18,21 : 14.32"
"18,22 : 26.93"
"18,23 : 44.1"
"18,24 : 49.25"
"18,25 : 44.64"
"18,26 : 22.85"
"18,27 : 26.0"
"18,28 : 17.69"
"18,29 : 41.4"
"18,30 : 34.06"
"18,31 : 36.5"
"18,32 : 45.28"
"18,33 : 49.82"
"18,34 : 31.38"
"18,35 : 27.02"
"18,36 : 31.4"
"18,37 : 39.45"
"18,38 : 18.6"
"18,39 : 28.18"
"18,40 : 18.79"
"18,41 : 19.24"
"18,42 : 24.08"
"18,43 : 49.37"
"18,44 : 29.97"
"18,45 : 46.32"
"18,46 : 5.0"
"18,47 : 37.64"
"18,48 : 53.25"
"18,49 : 11.0"
"19,0 : 34.66"
"19,1 : 39.46"
"19,2 : 2.24"
"19,3 : 31.02"
"19,4 : 32.45"
"19,5 : 26.02"
"19,6 : 18.44"
"19,7 : 22.2"
"19,8 : 6.71"
"19,9 : 43.83"
"19,10 : 29.97"
"19,11 : 17.26"
"19,12 : 32.06"
"19,13 : 37.85"
"19,14 : 16.49"
"19,15 : 38.08"
"19,16 : 14.14"
"19,17 : 30.02"
"19,18 : 23.71"
"19,19 : 0.0"
"19,20 : 13.89"
"19,21 : 15.13"
"19,22 : 18.68"
"19,23 : 24.35"
"19,24 : 32.25"
"19,25 : 31.83"
"19,26 : 34.18"
"19,27 : 12.08"
"19,28 : 25.63"
"19,29 : 37.95"
"19,30 : 15.81"
"19,31 : 49.34"
"19,32 : 43.68"
"19,33 : 34.41"
"19,34 : 27.66"
"19,35 : 13.42"
"19,36 : 44.94"
"19,37 : 45.01"
"19,38 : 6.0"
"19,39 : 4.47"
"19,40 : 19.42"
"19,41 : 20.4"
"19,42 : 29.43"
"19,43 : 28.44"
"19,44 : 38.83"
"19,45 : 40.25"
"19,46 : 19.31"
"19,47 : 15.0"
"19,48 : 47.01"
"19,49 : 21.0"
"20,0 : 40.25"
"20,1 : 32.56"
"20,2 : 15.81"
"20,3 : 26.4"
"20,4 : 20.88"
"20,5 : 23.02"
"20,6 : 25.0"
"20,7 : 34.23"
"20,8 : 18.44"
"20,9 : 47.01"
"20,10 : 20.02"
"20,11 : 11.18"
"20,12 : 26.93"
"20,13 : 30.27"
"20,14 : 28.16"
"20,15 : 26.93"
"20,16 : 12.21"
"20,17 : 25.5"
"20,18 : 9.85"
"20,19 : 13.89"
"20,20 : 0.0"
"20,21 : 9.49"
"20,22 : 20.25"
"20,23 : 35.01"
"20,24 : 41.0"
"20,25 : 37.58"
"20,26 : 25.0"
"20,27 : 17.46"
"20,28 : 17.26"
"20,29 : 37.64"
"20,30 : 25.08"
"20,31 : 40.11"
"20,32 : 42.44"
"20,33 : 42.06"
"20,34 : 26.91"
"20,35 : 18.68"
"20,36 : 35.23"
"20,37 : 39.56"
"20,38 : 9.22"
"20,39 : 18.36"
"20,40 : 14.42"
"20,41 : 15.26"
"20,42 : 23.09"
"20,43 : 40.05"
"20,44 : 31.26"
"20,45 : 41.73"
"20,46 : 6.0"
"20,47 : 27.89"
"20,48 : 48.8"
"20,49 : 11.4"
"21,0 : 47.43"
"21,1 : 41.98"
"21,2 : 16.0"
"21,3 : 35.85"
"21,4 : 29.15"
"21,5 : 32.25"
"21,6 : 31.38"
"21,7 : 37.34"
"21,8 : 21.59"
"21,9 : 55.17"
"21,10 : 29.07"
"21,11 : 2.24"
"21,12 : 36.4"
"21,13 : 39.62"
"21,14 : 31.58"
"21,15 : 35.23"
"21,16 : 20.62"
"21,17 : 34.93"
"21,18 : 14.32"
"21,19 : 15.13"
"21,20 : 9.49"
"21,21 : 0.0"
"21,22 : 28.28"
"21,23 : 39.29"
"21,24 : 46.62"
"21,25 : 44.65"
"21,26 : 34.13"
"21,27 : 23.85"
"21,28 : 26.68"
"21,29 : 46.62"
"21,30 : 30.08"
"21,31 : 49.0"
"21,32 : 51.62"
"21,33 : 48.3"
"21,34 : 35.81"
"21,35 : 25.24"
"21,36 : 44.01"
"21,37 : 49.04"
"21,38 : 9.22"
"21,39 : 19.0"
"21,40 : 23.71"
"21,41 : 24.6"
"21,42 : 32.57"
"21,43 : 43.57"
"21,44 : 40.61"
"21,45 : 50.33"
"21,46 : 9.49"
"21,47 : 30.07"
"21,48 : 57.38"
"21,49 : 6.32"
"22,0 : 20.25"
"22,1 : 23.71"
"22,2 : 20.4"
"22,3 : 14.32"
"22,4 : 24.7"
"22,5 : 8.94"
"22,6 : 8.06"
"22,7 : 22.67"
"22,8 : 15.03"
"22,9 : 26.91"
"22,10 : 20.12"
"22,11 : 30.41"
"22,12 : 15.65"
"22,13 : 23.02"
"22,14 : 17.8"
"22,15 : 28.3"
"22,16 : 8.06"
"22,17 : 13.42"
"22,18 : 26.93"
"22,19 : 18.68"
"22,20 : 20.25"
"22,21 : 28.28"
"22,22 : 0.0"
"22,23 : 20.59"
"22,24 : 23.09"
"22,25 : 17.72"
"22,26 : 22.02"
"22,27 : 7.0"
"22,28 : 15.23"
"22,29 : 19.31"
"22,30 : 12.04"
"22,31 : 35.23"
"22,32 : 25.0"
"22,33 : 23.09"
"22,34 : 9.06"
"22,35 : 6.08"
"22,36 : 31.89"
"22,37 : 27.66"
"22,38 : 21.1"
"22,39 : 20.02"
"22,40 : 9.06"
"22,41 : 9.22"
"22,42 : 14.87"
"22,43 : 26.42"
"22,44 : 23.85"
"22,45 : 22.2"
"22,46 : 25.5"
"22,47 : 20.59"
"22,48 : 29.21"
"22,49 : 31.62"
"23,0 : 17.03"
"23,1 : 42.45"
"23,2 : 24.17"
"23,3 : 33.24"
"23,4 : 45.19"
"23,5 : 28.43"
"23,6 : 12.53"
"23,7 : 5.1"
"23,8 : 17.72"
"23,9 : 28.07"
"23,10 : 40.71"
"23,11 : 41.48"
"23,12 : 34.66"
"23,13 : 42.45"
"23,14 : 8.06"
"23,15 : 48.88"
"23,16 : 25.71"
"23,17 : 32.56"
"23,18 : 44.1"
"23,19 : 24.35"
"23,20 : 35.01"
"23,21 : 39.29"
"23,22 : 20.59"
"23,23 : 0.0"
"23,24 : 9.43"
"23,25 : 15.03"
"23,26 : 42.44"
"23,27 : 18.25"
"23,28 : 35.78"
"23,29 : 30.08"
"23,30 : 10.05"
"23,31 : 54.45"
"23,32 : 35.74"
"23,33 : 13.0"
"23,34 : 25.5"
"23,35 : 17.46"
"23,36 : 51.74"
"23,37 : 44.1"
"23,38 : 30.08"
"23,39 : 21.47"
"23,40 : 29.15"
"23,41 : 29.55"
"23,42 : 35.0"
"23,43 : 5.83"
"23,44 : 43.14"
"23,45 : 28.44"
"23,46 : 41.01"
"23,47 : 11.31"
"23,48 : 33.0"
"23,49 : 44.72"
"24,0 : 9.85"
"24,1 : 41.05"
"24,2 : 32.45"
"24,3 : 32.65"
"24,4 : 47.3"
"24,5 : 28.79"
"24,6 : 16.12"
"24,7 : 14.32"
"24,8 : 25.55"
"24,9 : 20.22"
"24,10 : 42.45"
"24,11 : 48.85"
"24,12 : 34.0"
"24,13 : 41.68"
"24,14 : 16.97"
"24,15 : 49.98"
"24,16 : 30.07"
"24,17 : 32.2"
"24,18 : 49.25"
"24,19 : 32.25"
"24,20 : 41.0"
"24,21 : 46.62"
"24,22 : 23.09"
"24,23 : 9.43"
"24,24 : 0.0"
"24,25 : 9.22"
"24,26 : 43.08"
"24,27 : 23.54"
"24,28 : 37.85"
"24,29 : 25.61"
"24,30 : 16.55"
"24,31 : 53.01"
"24,32 : 30.53"
"24,33 : 4.0"
"24,34 : 24.6"
"24,35 : 22.36"
"24,36 : 51.11"
"24,37 : 41.01"
"24,38 : 37.58"
"24,39 : 30.0"
"24,40 : 32.14"
"24,41 : 32.25"
"24,42 : 35.47"
"24,43 : 11.0"
"24,44 : 42.19"
"24,45 : 22.36"
"24,46 : 46.87"
"24,47 : 20.62"
"24,48 : 25.5"
"24,49 : 51.55"
"25,0 : 2.83"
"25,1 : 32.25"
"25,2 : 32.65"
"25,3 : 24.35"
"25,4 : 40.2"
"25,5 : 21.21"
"25,6 : 13.45"
"25,7 : 20.0"
"25,8 : 25.61"
"25,9 : 13.34"
"25,10 : 35.23"
"25,11 : 46.87"
"25,12 : 25.63"
"25,13 : 33.11"
"25,14 : 19.92"
"25,15 : 42.2"
"25,16 : 25.63"
"25,17 : 24.04"
"25,18 : 44.64"
"25,19 : 31.83"
"25,20 : 37.58"
"25,21 : 44.65"
"25,22 : 17.72"
"25,23 : 15.03"
"25,24 : 9.22"
"25,25 : 0.0"
"25,26 : 35.17"
"25,27 : 20.81"
"25,28 : 31.02"
"25,29 : 16.4"
"25,30 : 16.64"
"25,31 : 44.1"
"25,32 : 21.47"
"25,33 : 6.71"
"25,34 : 16.49"
"25,35 : 19.42"
"25,36 : 42.49"
"25,37 : 31.83"
"25,38 : 36.24"
"25,39 : 30.81"
"25,40 : 26.31"
"25,41 : 26.17"
"25,42 : 27.66"
"25,43 : 18.97"
"25,44 : 33.54"
"25,45 : 13.6"
"25,46 : 43.08"
"25,47 : 24.04"
"25,48 : 18.03"
"25,49 : 48.76"
"26,0 : 36.67"
"26,1 : 9.22"
"26,2 : 36.4"
"26,3 : 11.05"
"26,4 : 7.81"
"26,5 : 14.32"
"26,6 : 30.0"
"26,7 : 44.69"
"26,8 : 34.13"
"26,9 : 37.22"
"26,10 : 5.1"
"26,11 : 35.36"
"26,12 : 10.0"
"26,13 : 6.4"
"26,14 : 39.6"
"26,15 : 7.07"
"26,16 : 20.59"
"26,17 : 11.18"
"26,18 : 22.85"
"26,19 : 34.18"
"26,20 : 25.0"
"26,21 : 34.13"
"26,22 : 22.02"
"26,23 : 42.44"
"26,24 : 43.08"
"26,25 : 35.17"
"26,26 : 0.0"
"26,27 : 27.02"
"26,28 : 8.54"
"26,29 : 24.33"
"26,30 : 33.97"
"26,31 : 15.3"
"26,32 : 26.0"
"26,33 : 41.76"
"26,34 : 18.68"
"26,35 : 26.91"
"26,36 : 10.77"
"26,37 : 17.03"
"26,38 : 32.56"
"26,39 : 37.58"
"26,40 : 15.26"
"26,41 : 14.42"
"26,42 : 7.62"
"26,43 : 48.26"
"26,44 : 7.21"
"26,45 : 30.27"
"26,46 : 25.71"
"26,47 : 41.87"
"26,48 : 36.14"
"26,49 : 33.24"
"27,0 : 23.6"
"27,1 : 30.08"
"27,2 : 13.6"
"27,3 : 20.88"
"27,4 : 28.02"
"27,5 : 15.52"
"27,6 : 7.62"
"27,7 : 18.79"
"27,8 : 8.06"
"27,9 : 32.02"
"27,10 : 24.08"
"27,11 : 26.08"
"27,12 : 22.14"
"27,13 : 29.07"
"27,14 : 13.04"
"27,15 : 32.56"
"27,16 : 7.62"
"27,17 : 19.92"
"27,18 : 26.0"
"27,19 : 12.08"
"27,20 : 17.46"
"27,21 : 23.85"
"27,22 : 7.0"
"27,23 : 18.25"
"27,24 : 23.54"
"27,25 : 20.81"
"27,26 : 27.02"
"27,27 : 0.0"
"27,28 : 19.1"
"27,29 : 25.96"
"27,30 : 8.25"
"27,31 : 41.18"
"27,32 : 31.78"
"27,33 : 24.7"
"27,34 : 16.03"
"27,35 : 1.41"
"27,36 : 37.44"
"27,37 : 34.53"
"27,38 : 15.56"
"27,39 : 13.04"
"27,40 : 12.04"
"27,41 : 12.73"
"27,42 : 20.59"
"27,43 : 23.77"
"27,44 : 29.97"
"27,45 : 28.18"
"27,46 : 23.35"
"27,47 : 14.87"
"27,48 : 34.99"
"27,49 : 28.23"
"28,0 : 33.02"
"28,1 : 15.3"
"28,2 : 27.86"
"28,3 : 10.63"
"28,4 : 9.49"
"28,5 : 10.2"
"28,6 : 23.26"
"28,7 : 37.44"
"28,8 : 25.81"
"28,9 : 36.06"
"28,10 : 5.0"
"28,11 : 28.16"
"28,12 : 10.63"
"28,13 : 13.04"
"28,14 : 32.02"
"28,15 : 13.45"
"28,16 : 12.21"
"28,17 : 10.0"
"28,18 : 17.69"
"28,19 : 25.63"
"28,20 : 17.26"
"28,21 : 26.68"
"28,22 : 15.23"
"28,23 : 35.78"
"28,24 : 37.85"
"28,25 : 31.02"
"28,26 : 8.54"
"28,27 : 19.1"
"28,28 : 0.0"
"28,29 : 24.19"
"28,30 : 26.63"
"28,31 : 23.77"
"28,32 : 27.66"
"28,33 : 37.22"
"28,34 : 15.3"
"28,35 : 19.21"
"28,36 : 19.31"
"28,37 : 22.47"
"28,38 : 24.19"
"28,39 : 29.07"
"28,40 : 7.07"
"28,41 : 6.4"
"28,42 : 6.4"
"28,43 : 41.59"
"28,44 : 14.04"
"28,45 : 29.55"
"28,46 : 19.24"
"28,47 : 33.94"
"28,48 : 36.24"
"28,49 : 26.83"
"29,0 : 16.28"
"29,1 : 18.25"
"29,2 : 39.56"
"29,3 : 13.93"
"29,4 : 31.32"
"29,5 : 14.87"
"29,6 : 22.0"
"29,7 : 34.48"
"29,8 : 33.54"
"29,9 : 13.0"
"29,10 : 26.57"
"29,11 : 48.6"
"29,12 : 14.56"
"29,13 : 20.02"
"29,14 : 32.25"
"29,15 : 31.14"
"29,16 : 26.08"
"29,17 : 14.32"
"29,18 : 41.4"
"29,19 : 37.95"
"29,20 : 37.64"
"29,21 : 46.62"
"29,22 : 19.31"
"29,23 : 30.08"
"29,24 : 25.61"
"29,25 : 16.4"
"29,26 : 24.33"
"29,27 : 25.96"
"29,28 : 24.19"
"29,29 : 0.0"
"29,30 : 27.02"
"29,31 : 29.15"
"29,32 : 6.0"
"29,33 : 22.63"
"29,34 : 10.82"
"29,35 : 24.74"
"29,36 : 28.64"
"29,37 : 15.81"
"29,38 : 40.25"
"29,39 : 38.83"
"29,40 : 23.35"
"29,41 : 22.63"
"29,42 : 18.38"
"29,43 : 34.89"
"29,44 : 20.1"
"29,45 : 6.0"
"29,46 : 41.73"
"29,47 : 36.12"
"29,48 : 12.08"
"29,49 : 48.84"
"30,0 : 19.42"
"30,1 : 35.51"
"30,2 : 16.28"
"30,3 : 26.08"
"30,4 : 35.85"
"30,5 : 20.81"
"30,6 : 5.1"
"30,7 : 10.82"
"30,8 : 9.22"
"30,9 : 29.55"
"30,10 : 31.62"
"30,11 : 32.31"
"30,12 : 27.46"
"30,13 : 35.0"
"30,14 : 5.83"
"30,15 : 40.0"
"30,16 : 15.81"
"30,17 : 25.24"
"30,18 : 34.06"
"30,19 : 15.81"
"30,20 : 25.08"
"30,21 : 30.08"
"30,22 : 12.04"
"30,23 : 10.05"
"30,24 : 16.55"
"30,25 : 16.64"
"30,26 : 33.97"
"30,27 : 8.25"
"30,28 : 26.63"
"30,29 : 27.02"
"30,30 : 0.0"
"30,31 : 47.2"
"30,32 : 33.02"
"30,33 : 18.6"
"30,34 : 19.31"
"30,35 : 7.62"
"30,36 : 43.93"
"30,37 : 38.63"
"30,38 : 21.02"
"30,39 : 14.21"
"30,40 : 19.72"
"30,41 : 20.25"
"30,42 : 26.91"
"30,43 : 15.52"
"30,44 : 35.81"
"30,45 : 27.46"
"30,46 : 31.06"
"30,47 : 9.22"
"30,48 : 33.53"
"30,49 : 35.17"
"31,0 : 44.78"
"31,1 : 12.04"
"31,2 : 51.55"
"31,3 : 21.26"
"31,4 : 20.22"
"31,5 : 26.4"
"31,6 : 42.64"
"31,7 : 57.49"
"31,8 : 48.75"
"31,9 : 41.48"
"31,10 : 20.1"
"31,11 : 50.04"
"31,12 : 19.85"
"31,13 : 12.21"
"31,14 : 53.01"
"31,15 : 14.56"
"31,16 : 35.47"
"31,17 : 22.02"
"31,18 : 36.5"
"31,19 : 49.34"
"31,20 : 40.11"
"31,21 : 49.0"
"31,22 : 35.23"
"31,23 : 54.45"
"31,24 : 53.01"
"31,25 : 44.1"
"31,26 : 15.3"
"31,27 : 41.18"
"31,28 : 23.77"
"31,29 : 29.15"
"31,30 : 47.2"
"31,31 : 0.0"
"31,32 : 27.46"
"31,33 : 50.77"
"31,34 : 29.0"
"31,35 : 40.82"
"31,36 : 5.1"
"31,37 : 14.14"
"31,38 : 47.85"
"31,39 : 52.55"
"31,40 : 30.08"
"31,41 : 29.15"
"31,42 : 20.59"
"31,43 : 60.11"
"31,44 : 11.4"
"31,45 : 34.79"
"31,46 : 40.11"
"31,47 : 55.76"
"31,48 : 38.47"
"31,49 : 47.38"
"32,0 : 20.81"
"32,1 : 18.25"
"32,2 : 45.35"
"32,3 : 17.03"
"32,4 : 33.54"
"32,5 : 19.42"
"32,6 : 28.0"
"32,7 : 40.26"
"32,8 : 39.46"
"32,9 : 14.32"
"32,10 : 29.15"
"32,11 : 53.54"
"32,12 : 17.2"
"32,13 : 20.62"
"32,14 : 38.21"
"32,15 : 32.28"
"32,16 : 31.3"
"32,17 : 17.69"
"32,18 : 45.28"
"32,19 : 43.68"
"32,20 : 42.44"
"32,21 : 51.62"
"32,22 : 25.0"
"32,23 : 35.74"
"32,24 : 30.53"
"32,25 : 21.47"
"32,26 : 26.0"
"32,27 : 31.78"
"32,28 : 27.66"
"32,29 : 6.0"
"32,30 : 33.02"
"32,31 : 27.46"
"32,32 : 0.0"
"32,33 : 27.2"
"32,34 : 16.16"
"32,35 : 30.59"
"32,36 : 28.0"
"32,37 : 13.34"
"32,38 : 45.69"
"32,39 : 44.72"
"32,40 : 28.02"
"32,41 : 27.2"
"32,42 : 21.4"
"32,43 : 40.31"
"32,44 : 20.4"
"32,45 : 8.49"
"32,46 : 46.1"
"32,47 : 42.11"
"32,48 : 11.05"
"32,49 : 53.41"
"33,0 : 6.4"
"33,1 : 38.95"
"33,2 : 34.83"
"33,3 : 31.02"
"33,4 : 46.53"
"33,5 : 27.66"
"33,6 : 17.09"
"33,7 : 18.03"
"33,8 : 27.8"
"33,9 : 16.28"
"33,10 : 41.59"
"33,11 : 50.54"
"33,12 : 32.31"
"33,13 : 39.81"
"33,14 : 20.0"
"33,15 : 48.76"
"33,16 : 30.59"
"33,17 : 30.68"
"33,18 : 49.82"
"33,19 : 34.41"
"33,20 : 42.06"
"33,21 : 48.3"
"33,22 : 23.09"
"33,23 : 13.0"
"33,24 : 4.0"
"33,25 : 6.71"
"33,26 : 41.76"
"33,27 : 24.7"
"33,28 : 37.22"
"33,29 : 22.63"
"33,30 : 18.6"
"33,31 : 50.77"
"33,32 : 27.2"
"33,33 : 0.0"
"33,34 : 23.09"
"33,35 : 23.41"
"33,36 : 49.19"
"33,37 : 38.29"
"33,38 : 39.45"
"33,39 : 32.56"
"33,40 : 32.02"
"33,41 : 32.0"
"33,42 : 34.21"
"33,43 : 15.0"
"33,44 : 40.25"
"33,45 : 18.87"
"33,46 : 47.8"
"33,47 : 23.85"
"33,48 : 21.59"
"33,49 : 52.92"
"34,0 : 18.11"
"34,1 : 16.97"
"34,2 : 29.43"
"34,3 : 8.06"
"34,4 : 24.0"
"34,5 : 5.1"
"34,6 : 14.32"
"34,7 : 28.84"
"34,8 : 24.0"
"34,9 : 21.02"
"34,10 : 19.0"
"34,11 : 37.8"
"34,12 : 9.43"
"34,13 : 17.2"
"34,14 : 25.08"
"34,15 : 25.71"
"34,16 : 15.26"
"34,17 : 7.62"
"34,18 : 31.38"
"34,19 : 27.66"
"34,20 : 26.91"
"34,21 : 35.81"
"34,22 : 9.06"
"34,23 : 25.5"
"34,24 : 24.6"
"34,25 : 16.49"
"34,26 : 18.68"
"34,27 : 16.03"
"34,28 : 15.3"
"34,29 : 10.82"
"34,30 : 19.31"
"34,31 : 29.0"
"34,32 : 16.16"
"34,33 : 23.09"
"34,34 : 0.0"
"34,35 : 15.0"
"34,36 : 26.63"
"34,37 : 19.31"
"34,38 : 29.55"
"34,39 : 29.07"
"34,40 : 12.81"
"34,41 : 12.21"
"34,42 : 11.18"
"34,43 : 31.11"
"34,44 : 17.8"
"34,45 : 15.0"
"34,46 : 31.24"
"34,47 : 28.46"
"34,48 : 22.02"
"34,49 : 38.18"
"35,0 : 22.2"
"35,1 : 29.55"
"35,2 : 14.87"
"35,3 : 20.25"
"35,4 : 28.3"
"35,5 : 14.87"
"35,6 : 6.32"
"35,7 : 18.36"
"35,8 : 9.0"
"35,9 : 30.61"
"35,10 : 24.21"
"35,11 : 27.46"
"35,12 : 21.54"
"35,13 : 28.65"
"35,14 : 12.81"
"35,15 : 32.65"
"35,16 : 8.25"
"35,17 : 19.31"
"35,18 : 27.02"
"35,19 : 13.42"
"35,20 : 18.68"
"35,21 : 25.24"
"35,22 : 6.08"
"35,23 : 17.46"
"35,24 : 22.36"
"35,25 : 19.42"
"35,26 : 26.91"
"35,27 : 1.41"
"35,28 : 19.21"
"35,29 : 24.74"
"35,30 : 7.62"
"35,31 : 40.82"
"35,32 : 30.59"
"35,33 : 23.41"
"35,34 : 15.0"
"35,35 : 0.0"
"35,36 : 37.2"
"35,37 : 33.73"
"35,38 : 16.97"
"35,39 : 14.14"
"35,40 : 12.21"
"35,41 : 12.81"
"35,42 : 20.25"
"35,43 : 23.09"
"35,44 : 29.53"
"35,45 : 26.83"
"35,46 : 24.52"
"35,47 : 15.0"
"35,48 : 33.62"
"35,49 : 29.55"
"36,0 : 43.46"
"36,1 : 10.44"
"36,2 : 47.17"
"36,3 : 18.6"
"36,4 : 15.13"
"36,5 : 23.35"
"36,6 : 39.6"
"36,7 : 54.45"
"36,8 : 44.78"
"36,9 : 41.44"
"36,10 : 15.3"
"36,11 : 45.01"
"36,12 : 17.2"
"36,13 : 9.43"
"36,14 : 49.68"
"36,15 : 9.49"
"36,16 : 31.3"
"36,17 : 19.21"
"36,18 : 31.4"
"36,19 : 44.94"
"36,20 : 35.23"
"36,21 : 44.01"
"36,22 : 31.89"
"36,23 : 51.74"
"36,24 : 51.11"
"36,25 : 42.49"
"36,26 : 10.77"
"36,27 : 37.44"
"36,28 : 19.31"
"36,29 : 28.64"
"36,30 : 43.93"
"36,31 : 5.1"
"36,32 : 28.0"
"36,33 : 49.19"
"36,34 : 26.63"
"36,35 : 37.2"
"36,36 : 0.0"
"36,37 : 15.3"
"36,38 : 43.17"
"36,39 : 48.33"
"36,40 : 25.94"
"36,41 : 25.06"
"36,42 : 17.03"
"36,43 : 57.49"
"36,44 : 8.94"
"36,45 : 34.53"
"36,46 : 35.06"
"36,47 : 52.2"
"36,48 : 39.01"
"36,49 : 42.3"
"37,0 : 32.02"
"37,1 : 7.81"
"37,2 : 47.04"
"37,3 : 14.0"
"37,4 : 24.76"
"37,5 : 19.1"
"37,6 : 33.62"
"37,7 : 47.89"
"37,8 : 42.58"
"37,9 : 27.51"
"37,10 : 21.63"
"37,11 : 50.6"
"37,12 : 13.04"
"37,13 : 10.63"
"37,14 : 44.38"
"37,15 : 21.63"
"37,16 : 31.02"
"37,17 : 15.0"
"37,18 : 39.45"
"37,19 : 45.01"
"37,20 : 39.56"
"37,21 : 49.04"
"37,22 : 27.66"
"37,23 : 44.1"
"37,24 : 41.01"
"37,25 : 31.83"
"37,26 : 17.03"
"37,27 : 34.53"
"37,28 : 22.47"
"37,29 : 15.81"
"37,30 : 38.63"
"37,31 : 14.14"
"37,32 : 13.34"
"37,33 : 38.29"
"37,34 : 19.31"
"37,35 : 33.73"
"37,36 : 15.3"
"37,37 : 0.0"
"37,38 : 45.28"
"37,39 : 47.27"
"37,40 : 26.17"
"37,41 : 25.18"
"37,42 : 16.49"
"37,43 : 49.41"
"37,44 : 9.9"
"37,45 : 21.02"
"37,46 : 41.63"
"37,47 : 47.76"
"37,48 : 24.33"
"37,49 : 49.24"
"38,0 : 39.05"
"38,1 : 39.0"
"38,2 : 7.28"
"38,3 : 31.4"
"38,4 : 29.55"
"38,5 : 26.93"
"38,6 : 22.8"
"38,7 : 28.16"
"38,8 : 12.37"
"38,9 : 47.51"
"38,10 : 27.89"
"38,11 : 11.4"
"38,12 : 32.25"
"38,13 : 37.05"
"38,14 : 22.36"
"38,15 : 35.47"
"38,16 : 14.56"
"38,17 : 30.41"
"38,18 : 18.6"
"38,19 : 6.0"
"38,20 : 9.22"
"38,21 : 9.22"
"38,22 : 21.1"
"38,23 : 30.08"
"38,24 : 37.58"
"38,25 : 36.24"
"38,26 : 32.56"
"38,27 : 15.56"
"38,28 : 24.19"
"38,29 : 40.25"
"38,30 : 21.02"
"38,31 : 47.85"
"38,32 : 45.69"
"38,33 : 39.45"
"38,34 : 29.55"
"38,35 : 16.97"
"38,36 : 43.17"
"38,37 : 45.28"
"38,38 : 0.0"
"38,39 : 10.2"
"38,40 : 19.1"
"38,41 : 20.1"
"38,42 : 29.02"
"38,43 : 34.37"
"38,44 : 38.05"
"38,45 : 43.27"
"38,46 : 13.89"
"38,47 : 21.0"
"38,48 : 50.22"
"38,49 : 15.0"
"39,0 : 33.6"
"39,1 : 42.2"
"39,2 : 3.0"
"39,3 : 33.38"
"39,4 : 36.4"
"39,5 : 28.16"
"39,6 : 17.89"
"39,7 : 18.68"
"39,8 : 5.39"
"39,9 : 43.42"
"39,10 : 33.62"
"39,11 : 21.02"
"39,12 : 34.53"
"39,13 : 40.8"
"39,14 : 13.42"
"39,15 : 41.88"
"39,16 : 17.09"
"39,17 : 32.39"
"39,18 : 28.18"
"39,19 : 4.47"
"39,20 : 18.36"
"39,21 : 19.0"
"39,22 : 20.02"
"39,23 : 21.47"
"39,24 : 30.0"
"39,25 : 30.81"
"39,26 : 37.58"
"39,27 : 13.04"
"39,28 : 29.07"
"39,29 : 38.83"
"39,30 : 14.21"
"39,31 : 52.55"
"39,32 : 44.72"
"39,33 : 32.56"
"39,34 : 29.07"
"39,35 : 14.14"
"39,36 : 48.33"
"39,37 : 47.27"
"39,38 : 10.2"
"39,39 : 0.0"
"39,40 : 22.47"
"39,41 : 23.41"
"39,42 : 32.28"
"39,43 : 25.0"
"39,44 : 41.76"
"39,45 : 40.5"
"39,46 : 23.77"
"39,47 : 11.18"
"39,48 : 47.01"
"39,49 : 25.08"
"40,0 : 28.64"
"40,1 : 20.1"
"40,2 : 21.59"
"40,3 : 12.37"
"40,4 : 16.12"
"40,5 : 8.6"
"40,6 : 16.76"
"40,7 : 30.53"
"40,8 : 18.87"
"40,9 : 33.62"
"40,10 : 12.04"
"40,11 : 25.55"
"40,12 : 13.15"
"40,13 : 18.44"
"40,14 : 25.0"
"40,15 : 20.52"
"40,16 : 5.39"
"40,17 : 11.4"
"40,18 : 18.79"
"40,19 : 19.42"
"40,20 : 14.42"
"40,21 : 23.71"
"40,22 : 9.06"
"40,23 : 29.15"
"40,24 : 32.14"
"40,25 : 26.31"
"40,26 : 15.26"
"40,27 : 12.04"
"40,28 : 7.07"
"40,29 : 23.35"
"40,30 : 19.72"
"40,31 : 30.08"
"40,32 : 28.02"
"40,33 : 32.02"
"40,34 : 12.81"
"40,35 : 12.21"
"40,36 : 25.94"
"40,37 : 26.17"
"40,38 : 19.1"
"40,39 : 22.47"
"40,40 : 0.0"
"40,41 : 1.0"
"40,42 : 10.05"
"40,43 : 34.93"
"40,44 : 19.42"
"40,45 : 27.8"
"40,46 : 18.44"
"40,47 : 26.87"
"40,48 : 34.83"
"40,49 : 25.5"
"41,0 : 28.44"
"41,1 : 19.1"
"41,2 : 22.56"
"41,3 : 11.4"
"41,4 : 15.65"
"41,5 : 7.81"
"41,6 : 17.09"
"41,7 : 31.06"
"41,8 : 19.72"
"41,9 : 33.12"
"41,10 : 11.4"
"41,11 : 26.42"
"41,12 : 12.17"
"41,13 : 17.46"
"41,14 : 25.61"
"41,15 : 19.85"
"41,16 : 6.32"
"41,17 : 10.44"
"41,18 : 19.24"
"41,19 : 20.4"
"41,20 : 15.26"
"41,21 : 24.6"
"41,22 : 9.22"
"41,23 : 29.55"
"41,24 : 32.25"
"41,25 : 26.17"
"41,26 : 14.42"
"41,27 : 12.73"
"41,28 : 6.4"
"41,29 : 22.63"
"41,30 : 20.25"
"41,31 : 29.15"
"41,32 : 27.2"
"41,33 : 32.0"
"41,34 : 12.21"
"41,35 : 12.81"
"41,36 : 25.06"
"41,37 : 25.18"
"41,38 : 20.1"
"41,39 : 23.41"
"41,40 : 1.0"
"41,41 : 0.0"
"41,42 : 9.06"
"41,43 : 35.34"
"41,44 : 18.44"
"41,45 : 27.2"
"41,46 : 19.1"
"41,47 : 27.59"
"41,48 : 34.21"
"41,49 : 26.25"
"42,0 : 29.27"
"42,1 : 10.05"
"42,2 : 31.58"
"42,3 : 4.47"
"42,4 : 13.15"
"42,5 : 6.71"
"42,6 : 22.67"
"42,7 : 37.48"
"42,8 : 28.23"
"42,9 : 30.81"
"42,10 : 8.25"
"42,11 : 34.18"
"42,12 : 4.24"
"42,13 : 8.54"
"42,14 : 32.65"
"42,15 : 14.56"
"42,16 : 15.3"
"42,17 : 4.12"
"42,18 : 24.08"
"42,19 : 29.43"
"42,20 : 23.09"
"42,21 : 32.57"
"42,22 : 14.87"
"42,23 : 35.0"
"42,24 : 35.47"
"42,25 : 27.66"
"42,26 : 7.62"
"42,27 : 20.59"
"42,28 : 6.4"
"42,29 : 18.38"
"42,30 : 26.91"
"42,31 : 20.59"
"42,32 : 21.4"
"42,33 : 34.21"
"42,34 : 11.18"
"42,35 : 20.25"
"42,36 : 17.03"
"42,37 : 16.49"
"42,38 : 29.02"
"42,39 : 32.28"
"42,40 : 10.05"
"42,41 : 9.06"
"42,42 : 0.0"
"42,43 : 40.8"
"42,44 : 9.49"
"42,45 : 24.04"
"42,46 : 25.55"
"42,47 : 35.23"
"42,48 : 30.46"
"42,49 : 33.12"
"43,0 : 20.4"
"43,1 : 48.08"
"43,2 : 27.89"
"43,3 : 38.95"
"43,4 : 50.99"
"43,5 : 34.21"
"43,6 : 18.36"
"43,7 : 6.32"
"43,8 : 22.09"
"43,9 : 31.14"
"43,10 : 46.53"
"43,11 : 45.71"
"43,12 : 40.36"
"43,13 : 48.17"
"43,14 : 12.04"
"43,15 : 54.71"
"43,16 : 31.32"
"43,17 : 38.29"
"43,18 : 49.37"
"43,19 : 28.44"
"43,20 : 40.05"
"43,21 : 43.57"
"43,22 : 26.42"
"43,23 : 5.83"
"43,24 : 11.0"
"43,25 : 18.97"
"43,26 : 48.26"
"43,27 : 23.77"
"43,28 : 41.59"
"43,29 : 34.89"
"43,30 : 15.52"
"43,31 : 60.11"
"43,32 : 40.31"
"43,33 : 15.0"
"43,34 : 31.11"
"43,35 : 23.09"
"43,36 : 57.49"
"43,37 : 49.41"
"43,38 : 34.37"
"43,39 : 25.0"
"43,40 : 34.93"
"43,41 : 35.34"
"43,42 : 40.8"
"43,43 : 0.0"
"43,44 : 48.84"
"43,45 : 32.57"
"43,46 : 46.04"
"43,47 : 13.93"
"43,48 : 36.35"
"43,49 : 49.25"
"44,0 : 34.54"
"44,1 : 2.24"
"44,2 : 41.0"
"44,3 : 9.9"
"44,4 : 14.87"
"44,5 : 15.0"
"44,6 : 31.24"
"44,7 : 46.1"
"44,8 : 37.7"
"44,9 : 33.06"
"44,10 : 12.08"
"44,11 : 41.98"
"44,12 : 8.49"
"44,13 : 1.0"
"44,14 : 41.62"
"44,15 : 12.08"
"44,16 : 24.74"
"44,17 : 10.63"
"44,18 : 29.97"
"44,19 : 38.83"
"44,20 : 31.26"
"44,21 : 40.61"
"44,22 : 23.85"
"44,23 : 43.14"
"44,24 : 42.19"
"44,25 : 33.54"
"44,26 : 7.21"
"44,27 : 29.97"
"44,28 : 14.04"
"44,29 : 20.1"
"44,30 : 35.81"
"44,31 : 11.4"
"44,32 : 20.4"
"44,33 : 40.25"
"44,34 : 17.8"
"44,35 : 29.53"
"44,36 : 8.94"
"44,37 : 9.9"
"44,38 : 38.05"
"44,39 : 41.76"
"44,40 : 19.42"
"44,41 : 18.44"
"44,42 : 9.49"
"44,43 : 48.84"
"44,44 : 0.0"
"44,45 : 26.08"
"44,46 : 32.57"
"44,47 : 44.42"
"44,48 : 31.14"
"44,49 : 40.16"
"45,0 : 12.53"
"45,1 : 24.19"
"45,2 : 41.63"
"45,3 : 19.65"
"45,4 : 37.11"
"45,5 : 19.72"
"45,6 : 22.8"
"45,7 : 33.24"
"45,8 : 35.11"
"45,9 : 7.0"
"45,10 : 32.28"
"45,11 : 52.4"
"45,12 : 20.4"
"45,13 : 26.02"
"45,14 : 32.06"
"45,15 : 37.12"
"45,16 : 29.73"
"45,17 : 19.92"
"45,18 : 46.32"
"45,19 : 40.25"
"45,20 : 41.73"
"45,21 : 50.33"
"45,22 : 22.2"
"45,23 : 28.44"
"45,24 : 22.36"
"45,25 : 13.6"
"45,26 : 30.27"
"45,27 : 28.18"
"45,28 : 29.55"
"45,29 : 6.0"
"45,30 : 27.46"
"45,31 : 34.79"
"45,32 : 8.49"
"45,33 : 18.87"
"45,34 : 15.0"
"45,35 : 26.83"
"45,36 : 34.53"
"45,37 : 21.02"
"45,38 : 43.27"
"45,39 : 40.5"
"45,40 : 27.8"
"45,41 : 27.2"
"45,42 : 24.04"
"45,43 : 32.57"
"45,44 : 26.08"
"45,45 : 0.0"
"45,46 : 46.23"
"45,47 : 36.12"
"45,48 : 7.07"
"45,49 : 53.08"
"46,0 : 45.69"
"46,1 : 34.18"
"46,2 : 21.02"
"46,3 : 29.41"
"46,4 : 20.0"
"46,5 : 26.87"
"46,6 : 30.81"
"46,7 : 40.2"
"46,8 : 24.33"
"46,9 : 51.87"
"46,10 : 20.62"
"46,11 : 10.05"
"46,12 : 29.68"
"46,13 : 31.62"
"46,14 : 34.13"
"46,15 : 26.02"
"46,16 : 17.46"
"46,17 : 28.6"
"46,18 : 5.0"
"46,19 : 19.31"
"46,20 : 6.0"
"46,21 : 9.49"
"46,22 : 25.5"
"46,23 : 41.01"
"46,24 : 46.87"
"46,25 : 43.08"
"46,26 : 25.71"
"46,27 : 23.35"
"46,28 : 19.24"
"46,29 : 41.73"
"46,30 : 31.06"
"46,31 : 40.11"
"46,32 : 46.1"
"46,33 : 47.8"
"46,34 : 31.24"
"46,35 : 24.52"
"46,36 : 35.06"
"46,37 : 41.63"
"46,38 : 13.89"
"46,39 : 23.77"
"46,40 : 18.44"
"46,41 : 19.1"
"46,42 : 25.55"
"46,43 : 46.04"
"46,44 : 32.57"
"46,45 : 46.23"
"46,46 : 0.0"
"46,47 : 33.73"
"46,48 : 53.26"
"46,49 : 7.62"
"47,0 : 26.57"
"47,1 : 44.29"
"47,2 : 14.14"
"47,3 : 34.89"
"47,4 : 42.64"
"47,5 : 29.53"
"47,6 : 14.32"
"47,7 : 7.62"
"47,8 : 9.49"
"47,9 : 37.36"
"47,10 : 38.9"
"47,11 : 32.14"
"47,12 : 36.24"
"47,13 : 43.57"
"47,14 : 4.12"
"47,15 : 47.38"
"47,16 : 22.02"
"47,17 : 34.0"
"47,18 : 37.64"
"47,19 : 15.0"
"47,20 : 27.89"
"47,21 : 30.07"
"47,22 : 20.59"
"47,23 : 11.31"
"47,24 : 20.62"
"47,25 : 24.04"
"47,26 : 41.87"
"47,27 : 14.87"
"47,28 : 33.94"
"47,29 : 36.12"
"47,30 : 9.22"
"47,31 : 55.76"
"47,32 : 42.11"
"47,33 : 23.85"
"47,34 : 28.46"
"47,35 : 15.0"
"47,36 : 52.2"
"47,37 : 47.76"
"47,38 : 21.0"
"47,39 : 11.18"
"47,40 : 26.87"
"47,41 : 27.59"
"47,42 : 35.23"
"47,43 : 13.93"
"47,44 : 44.42"
"47,45 : 36.12"
"47,46 : 33.73"
"47,47 : 0.0"
"47,48 : 41.77"
"47,49 : 36.0"
"48,0 : 16.03"
"48,1 : 29.07"
"48,2 : 48.3"
"48,3 : 26.0"
"48,4 : 43.32"
"48,5 : 26.63"
"48,6 : 29.15"
"48,7 : 38.01"
"48,8 : 41.63"
"48,9 : 5.39"
"48,10 : 38.63"
"48,11 : 59.46"
"48,12 : 26.57"
"48,13 : 31.26"
"48,14 : 37.66"
"48,15 : 42.76"
"48,16 : 36.8"
"48,17 : 26.4"
"48,18 : 53.25"
"48,19 : 47.01"
"48,20 : 48.8"
"48,21 : 57.38"
"48,22 : 29.21"
"48,23 : 33.0"
"48,24 : 25.5"
"48,25 : 18.03"
"48,26 : 36.14"
"48,27 : 34.99"
"48,28 : 36.24"
"48,29 : 12.08"
"48,30 : 33.53"
"48,31 : 38.47"
"48,32 : 11.05"
"48,33 : 21.59"
"48,34 : 22.02"
"48,35 : 33.62"
"48,36 : 39.01"
"48,37 : 24.33"
"48,38 : 50.22"
"48,39 : 47.01"
"48,40 : 34.83"
"48,41 : 34.21"
"48,42 : 30.46"
"48,43 : 36.35"
"48,44 : 31.14"
"48,45 : 7.07"
"48,46 : 53.26"
"48,47 : 41.77"
"48,48 : 0.0"
"48,49 : 60.14"
"49,0 : 51.48"
"49,1 : 41.79"
"49,2 : 22.09"
"49,3 : 36.89"
"49,4 : 27.17"
"49,5 : 34.06"
"49,6 : 35.85"
"49,7 : 43.1"
"49,8 : 27.17"
"49,9 : 58.41"
"49,10 : 28.16"
"49,11 : 5.0"
"49,12 : 37.22"
"49,13 : 39.22"
"49,14 : 37.22"
"49,15 : 33.06"
"49,16 : 23.6"
"49,17 : 36.06"
"49,18 : 11.0"
"49,19 : 21.0"
"49,20 : 11.4"
"49,21 : 6.32"
"49,22 : 31.62"
"49,23 : 44.72"
"49,24 : 51.55"
"49,25 : 48.76"
"49,26 : 33.24"
"49,27 : 28.23"
"49,28 : 26.83"
"49,29 : 48.84"
"49,30 : 35.17"
"49,31 : 47.38"
"49,32 : 53.41"
"49,33 : 52.92"
"49,34 : 38.18"
"49,35 : 29.55"
"49,36 : 42.3"
"49,37 : 49.24"
"49,38 : 15.0"
"49,39 : 25.08"
"49,40 : 25.5"
"49,41 : 26.25"
"49,42 : 33.12"
"49,43 : 49.25"
"49,44 : 40.16"
"49,45 : 53.08"
"49,46 : 7.62"
"49,47 : 36.0"
"49,48 : 60.14"
"49,49 : 0.0"
