x,y
16,25
37,26
19,18
43,31
16,5
34,17
18,32
24,35
18,6
13,50
19,48
39,33
47,14
39,45
18,47
11,33
20,32
3,49
31,21
19,35
46,6
19,29
28,7
49,43
32,19
4,15
40,27
36,13
22,17
13,38
24,29
45,49
23,8
23,39
2,3
3,50
18,33
31,3
17,10
13,9
27,41
17,15
17,24
1,9
23,17
15,33
0,0
6,31
14,14
41,0

Distanze
"0,0 : 0.0"
"0,1 : 32.06"
"0,2 : 31.06"
"0,3 : 2.0"
"0,4 : 15.13"
"0,5 : 29.07"
"0,6 : 29.21"
"0,7 : 13.6"
"0,8 : 14.14"
"0,9 : 34.21"
"0,10 : 21.26"
"0,11 : 26.68"
"0,12 : 16.16"
"0,13 : 15.26"
"0,14 : 41.05"
"0,15 : 42.54"
"0,16 : 6.4"
"0,17 : 1.41"
"0,18 : 7.07"
"0,19 : 22.36"
"0,20 : 43.91"
"0,21 : 44.65"
"0,22 : 3.16"
"0,23 : 19.72"
"0,24 : 20.88"
"0,25 : 27.73"
"0,26 : 27.46"
"0,27 : 31.4"
"0,28 : 34.06"
"0,29 : 26.68"
"0,30 : 23.6"
"0,31 : 7.28"
"0,32 : 9.43"
"0,33 : 43.05"
"0,34 : 33.29"
"0,35 : 25.63"
"0,36 : 0.0"
"0,37 : 19.24"
"0,38 : 15.56"
"0,39 : 15.81"
"0,40 : 22.67"
"0,41 : 31.91"
"0,42 : 37.95"
"0,43 : 13.0"
"0,44 : 38.6"
"0,45 : 28.0"
"0,46 : 8.0"
"0,47 : 27.59"
"0,48 : 14.87"
"0,49 : 11.4"
"1,0 : 32.06"
"1,1 : 0.0"
"1,2 : 16.16"
"1,3 : 34.06"
"1,4 : 32.7"
"1,5 : 3.0"
"1,6 : 18.36"
"1,7 : 43.42"
"1,8 : 18.44"
"1,9 : 11.05"
"1,10 : 25.46"
"1,11 : 7.21"
"1,12 : 40.16"
"1,13 : 26.4"
"1,14 : 21.1"
"1,15 : 23.54"
"1,16 : 37.48"
"1,17 : 31.02"
"1,18 : 32.28"
"1,19 : 10.2"
"1,20 : 20.88"
"1,21 : 27.46"
"1,22 : 35.13"
"1,23 : 26.63"
"1,24 : 34.06"
"1,25 : 51.62"
"1,26 : 8.6"
"1,27 : 22.14"
"1,28 : 20.88"
"1,29 : 10.0"
"1,30 : 17.69"
"1,31 : 34.37"
"1,32 : 24.19"
"1,33 : 24.52"
"1,34 : 20.4"
"1,35 : 34.71"
"1,36 : 32.06"
"1,37 : 27.46"
"1,38 : 24.7"
"1,39 : 21.95"
"1,40 : 19.85"
"1,41 : 19.65"
"1,42 : 14.56"
"1,43 : 35.34"
"1,44 : 10.3"
"1,45 : 4.47"
"1,46 : 32.56"
"1,47 : 24.19"
"1,48 : 42.95"
"1,49 : 37.34"
"2,0 : 31.06"
"2,1 : 16.16"
"2,2 : 0.0"
"2,3 : 32.76"
"2,4 : 24.08"
"2,5 : 15.3"
"2,6 : 3.16"
"2,7 : 38.08"
"2,8 : 22.47"
"2,9 : 26.93"
"2,10 : 35.11"
"2,11 : 11.0"
"2,12 : 32.06"
"2,13 : 18.44"
"2,14 : 10.0"
"2,15 : 39.56"
"2,16 : 37.44"
"2,17 : 29.68"
"2,18 : 34.66"
"2,19 : 13.6"
"2,20 : 13.0"
"2,21 : 43.42"
"2,22 : 34.13"
"2,23 : 16.0"
"2,24 : 42.06"
"2,25 : 56.64"
"2,26 : 22.02"
"2,27 : 36.01"
"2,28 : 5.0"
"2,29 : 23.0"
"2,30 : 7.62"
"2,31 : 29.73"
"2,32 : 21.63"
"2,33 : 40.52"
"2,34 : 35.06"
"2,35 : 44.38"
"2,36 : 31.06"
"2,37 : 17.0"
"2,38 : 31.76"
"2,39 : 29.07"
"2,40 : 9.22"
"2,41 : 34.01"
"2,42 : 30.68"
"2,43 : 39.7"
"2,44 : 12.53"
"2,45 : 17.12"
"2,46 : 27.51"
"2,47 : 36.5"
"2,48 : 36.5"
"2,49 : 40.31"
"3,0 : 2.0"
"3,1 : 34.06"
"3,2 : 32.76"
"3,3 : 0.0"
"3,4 : 15.52"
"3,5 : 31.06"
"3,6 : 30.81"
"3,7 : 12.04"
"3,8 : 16.12"
"3,9 : 36.14"
"3,10 : 22.63"
"3,11 : 28.64"
"3,12 : 15.52"
"3,13 : 16.4"
"3,14 : 42.72"
"3,15 : 44.29"
"3,16 : 5.0"
"3,17 : 3.16"
"3,18 : 7.62"
"3,19 : 24.33"
"3,20 : 45.65"
"3,21 : 46.32"
"3,22 : 1.41"
"3,23 : 20.81"
"3,24 : 21.54"
"3,25 : 26.93"
"3,26 : 29.43"
"3,27 : 33.02"
"3,28 : 35.61"
"3,29 : 28.64"
"3,30 : 25.24"
"3,31 : 7.0"
"3,32 : 11.18"
"3,33 : 44.78"
"3,34 : 34.99"
"3,35 : 26.4"
"3,36 : 2.0"
"3,37 : 20.25"
"3,38 : 17.03"
"3,39 : 17.49"
"3,40 : 24.21"
"3,41 : 33.62"
"3,42 : 39.85"
"3,43 : 13.15"
"3,44 : 40.52"
"3,45 : 30.0"
"3,46 : 8.25"
"3,47 : 29.07"
"3,48 : 13.6"
"3,49 : 11.05"
"4,0 : 15.13"
"4,1 : 32.7"
"4,2 : 24.08"
"4,3 : 15.52"
"4,4 : 0.0"
"4,5 : 29.97"
"4,6 : 21.21"
"4,7 : 14.76"
"4,8 : 20.81"
"4,9 : 39.2"
"4,10 : 33.24"
"4,11 : 25.63"
"4,12 : 8.0"
"4,13 : 6.32"
"4,14 : 32.98"
"4,15 : 50.21"
"4,16 : 20.25"
"4,17 : 14.04"
"4,18 : 22.02"
"4,19 : 22.83"
"4,20 : 36.67"
"4,21 : 53.15"
"4,22 : 16.76"
"4,23 : 8.25"
"4,24 : 35.23"
"4,25 : 42.38"
"4,26 : 32.02"
"4,27 : 41.05"
"4,28 : 25.0"
"4,29 : 31.89"
"4,30 : 17.03"
"4,31 : 8.94"
"4,32 : 11.66"
"4,33 : 50.93"
"4,34 : 42.01"
"4,35 : 39.62"
"4,36 : 15.13"
"4,37 : 7.28"
"4,38 : 27.51"
"4,39 : 26.4"
"4,40 : 15.0"
"4,41 : 40.61"
"4,42 : 43.42"
"4,43 : 28.07"
"4,44 : 35.23"
"4,45 : 30.02"
"4,46 : 7.28"
"4,47 : 38.47"
"4,48 : 12.65"
"4,49 : 26.48"
"5,0 : 29.07"
"5,1 : 3.0"
"5,2 : 15.3"
"5,3 : 31.06"
"5,4 : 29.97"
"5,5 : 0.0"
"5,6 : 17.09"
"5,7 : 40.45"
"5,8 : 15.52"
"5,9 : 11.7"
"5,10 : 23.43"
"5,11 : 5.0"
"5,12 : 37.34"
"5,13 : 23.71"
"5,14 : 21.59"
"5,15 : 24.35"
"5,16 : 34.53"
"5,17 : 28.02"
"5,18 : 29.41"
"5,19 : 7.28"
"5,20 : 21.93"
"5,21 : 28.16"
"5,22 : 32.14"
"5,23 : 24.21"
"5,24 : 31.83"
"5,25 : 49.09"
"5,26 : 7.28"
"5,27 : 21.38"
"5,28 : 20.22"
"5,29 : 8.54"
"5,30 : 15.62"
"5,31 : 31.4"
"5,32 : 21.21"
"5,33 : 25.3"
"5,34 : 20.02"
"5,35 : 32.8"
"5,36 : 29.07"
"5,37 : 25.0"
"5,38 : 22.2"
"5,39 : 19.42"
"5,40 : 17.69"
"5,41 : 19.1"
"5,42 : 15.65"
"5,43 : 32.65"
"5,44 : 12.04"
"5,45 : 2.24"
"5,46 : 29.61"
"5,47 : 22.85"
"5,48 : 40.02"
"5,49 : 34.54"
"6,0 : 29.21"
"6,1 : 18.36"
"6,2 : 3.16"
"6,3 : 30.81"
"6,4 : 21.21"
"6,5 : 17.09"
"6,6 : 0.0"
"6,7 : 35.44"
"6,8 : 21.93"
"6,9 : 28.79"
"6,10 : 35.17"
"6,11 : 12.37"
"6,12 : 29.15"
"6,13 : 15.81"
"6,14 : 12.08"
"6,15 : 41.44"
"6,16 : 35.61"
"6,17 : 27.8"
"6,18 : 33.3"
"6,19 : 14.04"
"6,20 : 15.52"
"6,21 : 45.22"
"6,22 : 32.2"
"6,23 : 13.04"
"6,24 : 41.63"
"6,25 : 55.44"
"6,26 : 23.35"
"6,27 : 37.05"
"6,28 : 5.0"
"6,29 : 24.19"
"6,30 : 5.66"
"6,31 : 27.31"
"6,32 : 19.85"
"6,33 : 42.38"
"6,34 : 36.35"
"6,35 : 44.27"
"6,36 : 29.21"
"6,37 : 14.04"
"6,38 : 31.38"
"6,39 : 28.79"
"6,40 : 6.71"
"6,41 : 35.23"
"6,42 : 32.7"
"6,43 : 38.6"
"6,44 : 15.65"
"6,45 : 18.68"
"6,46 : 25.08"
"6,47 : 37.12"
"6,48 : 33.73"
"6,49 : 38.95"
"7,0 : 13.6"
"7,1 : 43.42"
"7,2 : 38.08"
"7,3 : 12.04"
"7,4 : 14.76"
"7,5 : 40.45"
"7,6 : 35.44"
"7,7 : 0.0"
"7,8 : 26.93"
"7,9 : 47.17"
"7,10 : 34.66"
"7,11 : 37.05"
"7,12 : 8.6"
"7,13 : 19.65"
"7,14 : 47.43"
"7,15 : 56.08"
"7,16 : 13.42"
"7,17 : 13.89"
"7,18 : 19.21"
"7,19 : 33.24"
"7,20 : 50.96"
"7,21 : 58.25"
"7,22 : 12.04"
"7,23 : 22.85"
"7,24 : 32.76"
"7,25 : 33.02"
"7,26 : 40.16"
"7,27 : 45.0"
"7,28 : 39.56"
"7,29 : 39.56"
"7,30 : 30.59"
"7,31 : 9.06"
"7,32 : 19.24"
"7,33 : 56.6"
"7,34 : 46.87"
"7,35 : 37.74"
"7,36 : 13.6"
"7,37 : 21.93"
"7,38 : 29.07"
"7,39 : 29.41"
"7,40 : 28.86"
"7,41 : 45.49"
"7,42 : 51.08"
"7,43 : 23.71"
"7,44 : 48.09"
"7,45 : 39.81"
"7,46 : 11.0"
"7,47 : 41.11"
"7,48 : 3.16"
"7,49 : 20.62"
"8,0 : 14.14"
"8,1 : 18.44"
"8,2 : 22.47"
"8,3 : 16.12"
"8,4 : 20.81"
"8,5 : 15.52"
"8,6 : 21.93"
"8,7 : 26.93"
"8,8 : 0.0"
"8,9 : 20.25"
"8,10 : 14.0"
"8,11 : 14.42"
"8,12 : 26.25"
"8,13 : 16.16"
"8,14 : 32.02"
"8,15 : 29.83"
"8,16 : 19.1"
"8,17 : 13.34"
"8,18 : 13.93"
"8,19 : 10.0"
"8,20 : 33.94"
"8,21 : 32.53"
"8,22 : 17.03"
"8,23 : 19.42"
"8,24 : 19.7"
"8,25 : 34.71"
"8,26 : 13.34"
"8,27 : 20.25"
"8,28 : 26.83"
"8,29 : 12.65"
"8,30 : 16.76"
"8,31 : 18.36"
"8,32 : 9.22"
"8,33 : 30.48"
"8,34 : 21.26"
"8,35 : 22.56"
"8,36 : 14.14"
"8,37 : 19.65"
"8,38 : 9.49"
"8,39 : 7.07"
"8,40 : 17.26"
"8,41 : 19.85"
"8,42 : 24.17"
"8,43 : 17.8"
"8,44 : 26.42"
"8,45 : 14.14"
"8,46 : 17.2"
"8,47 : 18.03"
"8,48 : 27.29"
"8,49 : 19.24"
"9,0 : 34.21"
"9,1 : 11.05"
"9,2 : 26.93"
"9,3 : 36.14"
"9,4 : 39.2"
"9,5 : 11.7"
"9,6 : 28.79"
"9,7 : 47.17"
"9,8 : 20.25"
"9,9 : 0.0"
"9,10 : 20.25"
"9,11 : 16.55"
"9,12 : 45.79"
"9,13 : 33.3"
"9,14 : 32.02"
"9,15 : 12.65"
"9,16 : 38.33"
"9,17 : 33.53"
"9,18 : 32.06"
"9,19 : 17.03"
"9,20 : 31.4"
"9,21 : 16.49"
"9,22 : 36.88"
"9,23 : 34.71"
"9,24 : 29.15"
"9,25 : 47.76"
"9,26 : 7.21"
"9,27 : 12.81"
"9,28 : 31.78"
"9,29 : 7.62"
"9,30 : 26.93"
"9,31 : 38.48"
"9,32 : 28.65"
"9,33 : 13.6"
"9,34 : 10.3"
"9,35 : 28.3"
"9,36 : 34.21"
"9,37 : 35.38"
"9,38 : 22.09"
"9,39 : 20.0"
"9,40 : 28.84"
"9,41 : 10.0"
"9,42 : 4.24"
"9,43 : 33.24"
"9,44 : 20.4"
"9,45 : 10.3"
"9,46 : 37.12"
"9,47 : 16.4"
"9,48 : 47.42"
"9,49 : 36.06"
"10,0 : 21.26"
"10,1 : 25.46"
"10,2 : 35.11"
"10,3 : 22.63"
"10,4 : 33.24"
"10,5 : 23.43"
"10,6 : 35.17"
"10,7 : 34.66"
"10,8 : 14.0"
"10,9 : 20.25"
"10,10 : 0.0"
"10,11 : 25.06"
"10,12 : 36.89"
"10,13 : 29.61"
"10,14 : 43.83"
"10,15 : 23.54"
"10,16 : 22.47"
"10,17 : 21.4"
"10,18 : 15.81"
"10,19 : 21.54"
"10,20 : 44.94"
"10,21 : 24.7"
"10,22 : 22.67"
"10,23 : 33.24"
"10,24 : 8.94"
"10,25 : 27.51"
"10,26 : 17.03"
"10,27 : 11.4"
"10,28 : 39.85"
"10,29 : 15.62"
"10,30 : 30.41"
"10,31 : 28.02"
"10,32 : 21.84"
"10,33 : 23.77"
"10,34 : 14.14"
"10,35 : 9.43"
"10,36 : 21.26"
"10,37 : 33.38"
"10,38 : 5.83"
"10,39 : 7.07"
"10,40 : 31.14"
"10,41 : 13.04"
"10,42 : 22.36"
"10,43 : 14.32"
"10,44 : 35.47"
"10,45 : 21.26"
"10,46 : 27.78"
"10,47 : 6.71"
"10,48 : 36.12"
"10,49 : 17.72"
"11,0 : 26.68"
"11,1 : 7.21"
"11,2 : 11.0"
"11,3 : 28.64"
"11,4 : 25.63"
"11,5 : 5.0"
"11,6 : 12.37"
"11,7 : 37.05"
"11,8 : 14.42"
"11,9 : 16.55"
"11,10 : 25.06"
"11,11 : 0.0"
"11,12 : 33.24"
"11,13 : 19.31"
"11,14 : 18.79"
"11,15 : 29.15"
"11,16 : 32.57"
"11,17 : 25.5"
"11,18 : 28.18"
"11,19 : 4.47"
"11,20 : 20.0"
"11,21 : 32.89"
"11,22 : 29.83"
"11,23 : 19.42"
"11,24 : 32.8"
"11,25 : 49.04"
"11,26 : 11.05"
"11,27 : 25.02"
"11,28 : 16.0"
"11,29 : 12.0"
"11,30 : 10.63"
"11,31 : 28.02"
"11,32 : 18.03"
"11,33 : 30.08"
"11,34 : 24.08"
"11,35 : 34.48"
"11,36 : 26.68"
"11,37 : 20.25"
"11,38 : 22.67"
"11,39 : 19.85"
"11,40 : 12.73"
"11,41 : 23.02"
"11,42 : 20.59"
"11,43 : 32.2"
"11,44 : 12.08"
"11,45 : 6.32"
"11,46 : 26.08"
"11,47 : 25.71"
"11,48 : 36.35"
"11,49 : 33.62"
"12,0 : 16.16"
"12,1 : 40.16"
"12,2 : 32.06"
"12,3 : 15.52"
"12,4 : 8.0"
"12,5 : 37.34"
"12,6 : 29.15"
"12,7 : 8.6"
"12,8 : 26.25"
"12,9 : 45.79"
"12,10 : 36.89"
"12,11 : 33.24"
"12,12 : 0.0"
"12,13 : 14.14"
"12,14 : 40.79"
"12,15 : 56.08"
"12,16 : 19.03"
"12,17 : 15.65"
"12,18 : 23.09"
"12,19 : 30.08"
"12,20 : 44.55"
"12,21 : 58.73"
"12,22 : 16.28"
"12,23 : 16.12"
"12,24 : 37.0"
"12,25 : 40.45"
"12,26 : 38.59"
"12,27 : 46.01"
"12,28 : 32.76"
"12,29 : 38.28"
"12,30 : 25.02"
"12,31 : 8.94"
"12,32 : 17.2"
"12,33 : 56.73"
"12,34 : 47.38"
"12,35 : 41.79"
"12,36 : 16.16"
"12,37 : 15.13"
"12,38 : 31.06"
"12,39 : 30.61"
"12,40 : 23.0"
"12,41 : 45.97"
"12,42 : 49.93"
"12,43 : 28.64"
"12,44 : 43.19"
"12,45 : 37.16"
"12,46 : 9.22"
"12,47 : 42.8"
"12,48 : 5.66"
"12,49 : 26.17"
"13,0 : 15.26"
"13,1 : 26.4"
"13,2 : 18.44"
"13,3 : 16.4"
"13,4 : 6.32"
"13,5 : 23.71"
"13,6 : 15.81"
"13,7 : 19.65"
"13,8 : 16.16"
"13,9 : 33.3"
"13,10 : 29.61"
"13,11 : 19.31"
"13,12 : 14.14"
"13,13 : 0.0"
"13,14 : 27.86"
"13,15 : 44.69"
"13,16 : 21.4"
"13,17 : 13.89"
"13,18 : 21.19"
"13,19 : 16.64"
"13,20 : 31.32"
"13,21 : 47.8"
"13,22 : 17.8"
"13,23 : 4.47"
"13,24 : 33.06"
"13,25 : 42.94"
"13,26 : 26.17"
"13,27 : 36.24"
"13,28 : 20.12"
"13,29 : 26.17"
"13,30 : 11.05"
"13,31 : 11.66"
"13,32 : 8.0"
"13,33 : 45.45"
"13,34 : 36.89"
"13,35 : 37.01"
"13,36 : 15.26"
"13,37 : 4.12"
"13,38 : 24.19"
"13,39 : 22.56"
"13,40 : 9.22"
"13,41 : 35.51"
"13,42 : 37.54"
"13,43 : 27.2"
"13,44 : 29.07"
"13,45 : 23.85"
"13,46 : 9.43"
"13,47 : 34.18"
"13,48 : 18.11"
"13,49 : 26.4"
"14,0 : 41.05"
"14,1 : 21.1"
"14,2 : 10.0"
"14,3 : 42.72"
"14,4 : 32.98"
"14,5 : 21.59"
"14,6 : 12.08"
"14,7 : 47.43"
"14,8 : 32.02"
"14,9 : 32.02"
"14,10 : 43.83"
"14,11 : 18.79"
"14,12 : 40.79"
"14,13 : 27.86"
"14,14 : 0.0"
"14,15 : 44.1"
"14,16 : 47.43"
"14,17 : 39.66"
"14,18 : 44.6"
"14,19 : 22.47"
"14,20 : 4.12"
"14,21 : 48.09"
"14,22 : 44.1"
"14,23 : 24.74"
"14,24 : 51.31"
"14,25 : 66.48"
"14,26 : 28.86"
"14,27 : 42.95"
"14,28 : 8.06"
"14,29 : 30.08"
"14,30 : 17.49"
"14,31 : 39.4"
"14,32 : 31.62"
"14,33 : 45.1"
"14,34 : 41.44"
"14,35 : 53.24"
"14,36 : 41.05"
"14,37 : 25.71"
"14,38 : 41.05"
"14,39 : 38.28"
"14,40 : 18.79"
"14,41 : 40.61"
"14,42 : 35.06"
"14,43 : 49.52"
"14,44 : 12.37"
"14,45 : 23.77"
"14,46 : 37.16"
"14,47 : 44.27"
"14,48 : 45.61"
"14,49 : 50.25"
"15,0 : 42.54"
"15,1 : 23.54"
"15,2 : 39.56"
"15,3 : 44.29"
"15,4 : 50.21"
"15,5 : 24.35"
"15,6 : 41.44"
"15,7 : 56.08"
"15,8 : 29.83"
"15,9 : 12.65"
"15,10 : 23.54"
"15,11 : 29.15"
"15,12 : 56.08"
"15,13 : 44.69"
"15,14 : 44.1"
"15,15 : 0.0"
"15,16 : 45.31"
"15,17 : 42.19"
"15,18 : 38.63"
"15,19 : 29.15"
"15,20 : 43.01"
"15,21 : 4.0"
"15,22 : 44.72"
"15,23 : 46.62"
"15,24 : 31.02"
"15,25 : 49.16"
"15,26 : 18.87"
"15,27 : 12.17"
"15,28 : 44.38"
"15,29 : 18.6"
"15,30 : 39.36"
"15,31 : 48.01"
"15,32 : 38.95"
"15,33 : 1.0"
"15,34 : 9.49"
"15,35 : 28.16"
"15,36 : 42.54"
"15,37 : 47.2"
"15,38 : 27.86"
"15,39 : 26.83"
"15,40 : 41.18"
"15,41 : 10.77"
"15,42 : 9.06"
"15,43 : 37.85"
"15,44 : 32.0"
"15,45 : 22.85"
"15,46 : 47.01"
"15,47 : 17.12"
"15,48 : 56.86"
"15,49 : 41.23"
"16,0 : 6.4"
"16,1 : 37.48"
"16,2 : 37.44"
"16,3 : 5.0"
"16,4 : 20.25"
"16,5 : 34.53"
"16,6 : 35.61"
"16,7 : 13.42"
"16,8 : 19.1"
"16,9 : 38.33"
"16,10 : 22.47"
"16,11 : 32.57"
"16,12 : 19.03"
"16,13 : 21.4"
"16,14 : 47.43"
"16,15 : 45.31"
"16,16 : 0.0"
"16,17 : 7.81"
"16,18 : 6.71"
"16,19 : 28.16"
"16,20 : 50.25"
"16,21 : 46.96"
"16,22 : 3.61"
"16,23 : 25.81"
"16,24 : 19.42"
"16,25 : 22.14"
"16,26 : 32.02"
"16,27 : 33.54"
"16,28 : 40.46"
"16,29 : 31.06"
"16,30 : 30.0"
"16,31 : 11.4"
"16,32 : 15.81"
"16,33 : 45.69"
"16,34 : 35.85"
"16,35 : 24.41"
"16,36 : 6.4"
"16,37 : 25.24"
"16,38 : 17.46"
"16,39 : 18.68"
"16,40 : 29.07"
"16,41 : 34.54"
"16,42 : 41.77"
"16,43 : 10.3"
"16,44 : 44.6"
"16,45 : 33.24"
"16,46 : 13.0"
"16,47 : 29.15"
"16,48 : 15.81"
"16,49 : 7.28"
"17,0 : 1.41"
"17,1 : 31.02"
"17,2 : 29.68"
"17,3 : 3.16"
"17,4 : 14.04"
"17,5 : 28.02"
"17,6 : 27.8"
"17,7 : 13.89"
"17,8 : 13.34"
"17,9 : 33.53"
"17,10 : 21.4"
"17,11 : 25.5"
"17,12 : 15.65"
"17,13 : 13.89"
"17,14 : 39.66"
"17,15 : 42.19"
"17,16 : 7.81"
"17,17 : 0.0"
"17,18 : 8.0"
"17,19 : 21.21"
"17,20 : 42.54"
"17,21 : 44.41"
"17,22 : 4.47"
"17,23 : 18.36"
"17,24 : 21.59"
"17,25 : 29.07"
"17,26 : 26.68"
"17,27 : 31.24"
"17,28 : 32.65"
"17,29 : 25.96"
"17,30 : 22.2"
"17,31 : 6.71"
"17,32 : 8.06"
"17,33 : 42.72"
"17,34 : 33.02"
"17,35 : 26.25"
"17,36 : 1.41"
"17,37 : 17.89"
"17,38 : 15.62"
"17,39 : 15.62"
"17,40 : 21.26"
"17,41 : 31.62"
"17,42 : 37.34"
"17,43 : 14.04"
"17,44 : 37.36"
"17,45 : 27.02"
"17,46 : 7.07"
"17,47 : 27.59"
"17,48 : 14.87"
"17,49 : 12.65"
"18,0 : 7.07"
"18,1 : 32.28"
"18,2 : 34.66"
"18,3 : 7.62"
"18,4 : 22.02"
"18,5 : 29.41"
"18,6 : 33.3"
"18,7 : 19.21"
"18,8 : 13.93"
"18,9 : 32.06"
"18,10 : 15.81"
"18,11 : 28.18"
"18,12 : 23.09"
"18,13 : 21.19"
"18,14 : 44.6"
"18,15 : 38.63"
"18,16 : 6.71"
"18,17 : 8.0"
"18,18 : 0.0"
"18,19 : 23.71"
"18,20 : 47.01"
"18,21 : 40.25"
"18,22 : 7.21"
"18,23 : 25.63"
"18,24 : 13.93"
"18,25 : 22.2"
"18,26 : 26.08"
"18,27 : 26.83"
"18,28 : 38.29"
"18,29 : 25.02"
"18,30 : 27.66"
"18,31 : 14.32"
"18,32 : 13.89"
"18,33 : 39.0"
"18,34 : 29.15"
"18,35 : 18.79"
"18,36 : 7.07"
"18,37 : 25.3"
"18,38 : 10.77"
"18,39 : 12.17"
"18,40 : 27.2"
"18,41 : 27.86"
"18,42 : 35.36"
"18,43 : 6.08"
"18,44 : 40.25"
"18,45 : 27.89"
"18,46 : 15.03"
"18,47 : 22.47"
"18,48 : 21.1"
"18,49 : 5.66"
"19,0 : 22.36"
"19,1 : 10.2"
"19,2 : 13.6"
"19,3 : 24.33"
"19,4 : 22.83"
"19,5 : 7.28"
"19,6 : 14.04"
"19,7 : 33.24"
"19,8 : 10.0"
"19,9 : 17.03"
"19,10 : 21.54"
"19,11 : 4.47"
"19,12 : 30.08"
"19,13 : 16.64"
"19,14 : 22.47"
"19,15 : 29.15"
"19,16 : 28.16"
"19,17 : 21.21"
"19,18 : 23.71"
"19,19 : 0.0"
"19,20 : 24.08"
"19,21 : 32.65"
"19,22 : 25.5"
"19,23 : 17.69"
"19,24 : 28.84"
"19,25 : 44.69"
"19,26 : 10.3"
"19,27 : 23.19"
"19,28 : 18.44"
"19,29 : 10.77"
"19,30 : 10.44"
"19,31 : 24.19"
"19,32 : 14.04"
"19,33 : 30.02"
"19,34 : 22.8"
"19,35 : 30.87"
"19,36 : 22.36"
"19,37 : 18.38"
"19,38 : 18.6"
"19,39 : 15.81"
"19,40 : 12.08"
"19,41 : 21.59"
"19,42 : 21.26"
"19,43 : 27.8"
"19,44 : 16.55"
"19,45 : 7.21"
"19,46 : 22.36"
"19,47 : 23.09"
"19,48 : 32.76"
"19,49 : 29.15"
"20,0 : 43.91"
"20,1 : 20.88"
"20,2 : 13.0"
"20,3 : 45.65"
"20,4 : 36.67"
"20,5 : 21.93"
"20,6 : 15.52"
"20,7 : 50.96"
"20,8 : 33.94"
"20,9 : 31.4"
"20,10 : 44.94"
"20,11 : 20.0"
"20,12 : 44.55"
"20,13 : 31.32"
"20,14 : 4.12"
"20,15 : 43.01"
"20,16 : 50.25"
"20,17 : 42.54"
"20,18 : 47.01"
"20,19 : 24.08"
"20,20 : 0.0"
"20,21 : 47.01"
"20,22 : 47.01"
"20,23 : 28.44"
"20,24 : 52.8"
"20,25 : 68.62"
"20,26 : 29.15"
"20,27 : 43.01"
"20,28 : 12.0"
"20,29 : 30.46"
"20,30 : 20.62"
"20,31 : 42.72"
"20,32 : 34.48"
"20,33 : 44.01"
"20,34 : 41.23"
"20,35 : 54.38"
"20,36 : 43.91"
"20,37 : 29.43"
"20,38 : 42.64"
"20,39 : 39.82"
"20,40 : 22.14"
"20,41 : 40.52"
"20,42 : 34.06"
"20,43 : 51.66"
"20,44 : 11.05"
"20,45 : 24.17"
"20,46 : 40.5"
"20,47 : 44.78"
"20,48 : 49.24"
"20,49 : 52.63"
"21,0 : 44.65"
"21,1 : 27.46"
"21,2 : 43.42"
"21,3 : 46.32"
"21,4 : 53.15"
"21,5 : 28.16"
"21,6 : 45.22"
"21,7 : 58.25"
"21,8 : 32.53"
"21,9 : 16.49"
"21,10 : 24.7"
"21,11 : 32.89"
"21,12 : 58.73"
"21,13 : 47.8"
"21,14 : 48.09"
"21,15 : 4.0"
"21,16 : 46.96"
"21,17 : 44.41"
"21,18 : 40.25"
"21,19 : 32.65"
"21,20 : 47.01"
"21,21 : 0.0"
"21,22 : 46.65"
"21,23 : 49.93"
"21,24 : 31.4"
"21,25 : 49.0"
"21,26 : 22.36"
"21,27 : 13.42"
"21,28 : 48.27"
"21,29 : 21.95"
"21,30 : 42.95"
"21,31 : 50.45"
"21,32 : 41.73"
"21,33 : 3.0"
"21,34 : 11.4"
"21,35 : 28.02"
"21,36 : 44.65"
"21,37 : 50.48"
"21,38 : 29.53"
"21,39 : 28.84"
"21,40 : 44.72"
"21,41 : 12.81"
"21,42 : 13.04"
"21,43 : 38.9"
"21,44 : 36.0"
"21,45 : 26.57"
"21,46 : 49.58"
"21,47 : 18.03"
"21,48 : 59.2"
"21,49 : 42.38"
"22,0 : 3.16"
"22,1 : 35.13"
"22,2 : 34.13"
"22,3 : 1.41"
"22,4 : 16.76"
"22,5 : 32.14"
"22,6 : 32.2"
"22,7 : 12.04"
"22,8 : 17.03"
"22,9 : 36.88"
"22,10 : 22.67"
"22,11 : 29.83"
"22,12 : 16.28"
"22,13 : 17.8"
"22,14 : 44.1"
"22,15 : 44.72"
"22,16 : 3.61"
"22,17 : 4.47"
"22,18 : 7.21"
"22,19 : 25.5"
"22,20 : 47.01"
"22,21 : 46.65"
"22,22 : 0.0"
"22,23 : 22.2"
"22,24 : 21.02"
"22,25 : 25.63"
"22,26 : 30.27"
"22,27 : 33.29"
"22,28 : 37.01"
"22,29 : 29.43"
"22,30 : 26.63"
"22,31 : 8.06"
"22,32 : 12.53"
"22,33 : 45.18"
"22,34 : 35.36"
"22,35 : 25.94"
"22,36 : 3.16"
"22,37 : 21.63"
"22,38 : 17.2"
"22,39 : 17.89"
"22,40 : 25.61"
"22,41 : 34.0"
"22,42 : 40.52"
"22,43 : 12.37"
"22,44 : 41.76"
"22,45 : 31.02"
"22,46 : 9.49"
"22,47 : 29.21"
"22,48 : 13.89"
"22,49 : 10.0"
"23,0 : 19.72"
"23,1 : 26.63"
"23,2 : 16.0"
"23,3 : 20.81"
"23,4 : 8.25"
"23,5 : 24.21"
"23,6 : 13.04"
"23,7 : 22.85"
"23,8 : 19.42"
"23,9 : 34.71"
"23,10 : 33.24"
"23,11 : 19.42"
"23,12 : 16.12"
"23,13 : 4.47"
"23,14 : 24.74"
"23,15 : 46.62"
"23,16 : 25.81"
"23,17 : 18.36"
"23,18 : 25.63"
"23,19 : 17.69"
"23,20 : 28.44"
"23,21 : 49.93"
"23,22 : 22.2"
"23,23 : 0.0"
"23,24 : 37.22"
"23,25 : 47.41"
"23,26 : 27.8"
"23,27 : 39.0"
"23,28 : 16.76"
"23,29 : 28.02"
"23,30 : 9.49"
"23,31 : 15.62"
"23,32 : 12.17"
"23,33 : 47.43"
"23,34 : 39.36"
"23,35 : 41.01"
"23,36 : 19.72"
"23,37 : 1.0"
"23,38 : 28.02"
"23,39 : 26.17"
"23,40 : 7.28"
"23,41 : 38.01"
"23,42 : 38.95"
"23,43 : 31.62"
"23,44 : 27.66"
"23,45 : 24.76"
"23,46 : 13.45"
"23,47 : 37.36"
"23,48 : 20.88"
"23,49 : 30.87"
"24,0 : 20.88"
"24,1 : 34.06"
"24,2 : 42.06"
"24,3 : 21.54"
"24,4 : 35.23"
"24,5 : 31.83"
"24,6 : 41.63"
"24,7 : 32.76"
"24,8 : 19.7"
"24,9 : 29.15"
"24,10 : 8.94"
"24,11 : 32.8"
"24,12 : 37.0"
"24,13 : 33.06"
"24,14 : 51.31"
"24,15 : 31.02"
"24,16 : 19.42"
"24,17 : 21.59"
"24,18 : 13.93"
"24,19 : 28.84"
"24,20 : 52.8"
"24,21 : 31.4"
"24,22 : 21.02"
"24,23 : 37.22"
"24,24 : 0.0"
"24,25 : 18.68"
"24,26 : 25.81"
"24,27 : 19.03"
"24,28 : 46.52"
"24,29 : 24.41"
"24,30 : 36.4"
"24,31 : 28.16"
"24,32 : 25.08"
"24,33 : 31.06"
"24,34 : 22.09"
"24,35 : 5.0"
"24,36 : 20.88"
"24,37 : 37.12"
"24,38 : 10.3"
"24,39 : 13.04"
"24,40 : 36.69"
"24,41 : 21.21"
"24,42 : 31.05"
"24,43 : 9.22"
"24,44 : 43.84"
"24,45 : 29.73"
"24,46 : 28.64"
"24,47 : 14.04"
"24,48 : 34.89"
"24,49 : 12.73"
"25,0 : 27.73"
"25,1 : 51.62"
"25,2 : 56.64"
"25,3 : 26.93"
"25,4 : 42.38"
"25,5 : 49.09"
"25,6 : 55.44"
"25,7 : 33.02"
"25,8 : 34.71"
"25,9 : 47.76"
"25,10 : 27.51"
"25,11 : 49.04"
"25,12 : 40.45"
"25,13 : 42.94"
"25,14 : 66.48"
"25,15 : 49.16"
"25,16 : 22.14"
"25,17 : 29.07"
"25,18 : 22.2"
"25,19 : 44.69"
"25,20 : 68.62"
"25,21 : 49.0"
"25,22 : 25.63"
"25,23 : 47.41"
"25,24 : 18.68"
"25,25 : 0.0"
"25,26 : 43.83"
"25,27 : 37.48"
"25,28 : 60.44"
"25,29 : 42.49"
"25,30 : 49.82"
"25,31 : 33.53"
"25,32 : 36.06"
"25,33 : 49.09"
"25,34 : 40.61"
"25,35 : 21.02"
"25,36 : 27.73"
"25,37 : 46.96"
"25,38 : 26.93"
"25,39 : 29.68"
"25,40 : 49.41"
"25,41 : 39.81"
"25,42 : 49.73"
"25,43 : 16.97"
"25,44 : 60.8"
"25,45 : 47.17"
"25,46 : 35.11"
"25,47 : 32.56"
"25,48 : 36.06"
"25,49 : 16.64"
"26,0 : 27.46"
"26,1 : 8.6"
"26,2 : 22.02"
"26,3 : 29.43"
"26,4 : 32.02"
"26,5 : 7.28"
"26,6 : 23.35"
"26,7 : 40.16"
"26,8 : 13.34"
"26,9 : 7.21"
"26,10 : 17.03"
"26,11 : 11.05"
"26,12 : 38.59"
"26,13 : 26.17"
"26,14 : 28.86"
"26,15 : 18.87"
"26,16 : 32.02"
"26,17 : 26.68"
"26,18 : 26.08"
"26,19 : 10.3"
"26,20 : 29.15"
"26,21 : 22.36"
"26,22 : 30.27"
"26,23 : 27.8"
"26,24 : 25.81"
"26,25 : 43.83"
"26,26 : 0.0"
"26,27 : 14.14"
"26,28 : 27.02"
"26,29 : 1.41"
"26,30 : 20.62"
"26,31 : 31.38"
"26,32 : 21.47"
"26,33 : 19.72"
"26,34 : 13.04"
"26,35 : 26.17"
"26,36 : 27.46"
"26,37 : 28.43"
"26,38 : 17.09"
"26,39 : 14.56"
"26,40 : 22.36"
"26,41 : 12.0"
"26,42 : 11.4"
"26,43 : 28.16"
"26,44 : 18.87"
"26,45 : 5.1"
"26,46 : 29.97"
"26,47 : 15.65"
"26,48 : 40.31"
"26,49 : 30.59"
"27,0 : 31.4"
"27,1 : 22.14"
"27,2 : 36.01"
"27,3 : 33.02"
"27,4 : 41.05"
"27,5 : 21.38"
"27,6 : 37.05"
"27,7 : 45.0"
"27,8 : 20.25"
"27,9 : 12.81"
"27,10 : 11.4"
"27,11 : 25.02"
"27,12 : 46.01"
"27,13 : 36.24"
"27,14 : 42.95"
"27,15 : 12.17"
"27,16 : 33.54"
"27,17 : 31.24"
"27,18 : 26.83"
"27,19 : 23.19"
"27,20 : 43.01"
"27,21 : 13.42"
"27,22 : 33.29"
"27,23 : 39.0"
"27,24 : 19.03"
"27,25 : 37.48"
"27,26 : 14.14"
"27,27 : 0.0"
"27,28 : 41.01"
"27,29 : 13.04"
"27,30 : 33.54"
"27,31 : 37.48"
"27,32 : 29.41"
"27,33 : 12.37"
"27,34 : 3.16"
"27,35 : 16.76"
"27,36 : 31.4"
"27,37 : 39.4"
"27,38 : 16.12"
"27,39 : 15.62"
"27,40 : 34.93"
"27,41 : 2.83"
"27,42 : 13.04"
"27,43 : 25.71"
"27,44 : 32.31"
"27,45 : 19.24"
"27,46 : 36.8"
"27,47 : 5.0"
"27,48 : 46.1"
"27,49 : 29.12"
"28,0 : 34.06"
"28,1 : 20.88"
"28,2 : 5.0"
"28,3 : 35.61"
"28,4 : 25.0"
"28,5 : 20.22"
"28,6 : 5.0"
"28,7 : 39.56"
"28,8 : 26.83"
"28,9 : 31.78"
"28,10 : 39.85"
"28,11 : 16.0"
"28,12 : 32.76"
"28,13 : 20.12"
"28,14 : 8.06"
"28,15 : 44.38"
"28,16 : 40.46"
"28,17 : 32.65"
"28,18 : 38.29"
"28,19 : 18.44"
"28,20 : 12.0"
"28,21 : 48.27"
"28,22 : 37.01"
"28,23 : 16.76"
"28,24 : 46.52"
"28,25 : 60.44"
"28,26 : 27.02"
"28,27 : 41.01"
"28,28 : 0.0"
"28,29 : 28.0"
"28,30 : 10.63"
"28,31 : 31.76"
"28,32 : 24.76"
"28,33 : 45.35"
"28,34 : 40.05"
"28,35 : 49.04"
"28,36 : 34.06"
"28,37 : 17.72"
"28,38 : 36.25"
"28,39 : 33.62"
"28,40 : 11.4"
"28,41 : 39.01"
"28,42 : 35.44"
"28,43 : 43.6"
"28,44 : 15.56"
"28,45 : 22.09"
"28,46 : 29.53"
"28,47 : 41.44"
"28,48 : 37.64"
"28,49 : 43.93"
"29,0 : 26.68"
"29,1 : 10.0"
"29,2 : 23.0"
"29,3 : 28.64"
"29,4 : 31.89"
"29,5 : 8.54"
"29,6 : 24.19"
"29,7 : 39.56"
"29,8 : 12.65"
"29,9 : 7.62"
"29,10 : 15.62"
"29,11 : 12.0"
"29,12 : 38.28"
"29,13 : 26.17"
"29,14 : 30.08"
"29,15 : 18.6"
"29,16 : 31.06"
"29,17 : 25.96"
"29,18 : 25.02"
"29,19 : 10.77"
"29,20 : 30.46"
"29,21 : 21.95"
"29,22 : 29.43"
"29,23 : 28.02"
"29,24 : 24.41"
"29,25 : 42.49"
"29,26 : 1.41"
"29,27 : 13.04"
"29,28 : 28.0"
"29,29 : 0.0"
"29,30 : 21.19"
"29,31 : 30.87"
"29,32 : 21.1"
"29,33 : 19.42"
"29,34 : 12.17"
"29,35 : 24.76"
"29,36 : 26.68"
"29,37 : 28.6"
"29,38 : 15.81"
"29,39 : 13.34"
"29,40 : 22.85"
"29,41 : 11.05"
"29,42 : 11.66"
"29,43 : 26.93"
"29,44 : 20.25"
"29,45 : 6.32"
"29,46 : 29.53"
"29,47 : 14.32"
"29,48 : 39.81"
"29,49 : 29.43"
"30,0 : 23.6"
"30,1 : 17.69"
"30,2 : 7.62"
"30,3 : 25.24"
"30,4 : 17.03"
"30,5 : 15.62"
"30,6 : 5.66"
"30,7 : 30.59"
"30,8 : 16.76"
"30,9 : 26.93"
"30,10 : 30.41"
"30,11 : 10.63"
"30,12 : 25.02"
"30,13 : 11.05"
"30,14 : 17.49"
"30,15 : 39.36"
"30,16 : 30.0"
"30,17 : 22.2"
"30,18 : 27.66"
"30,19 : 10.44"
"30,20 : 20.62"
"30,21 : 42.95"
"30,22 : 26.63"
"30,23 : 9.49"
"30,24 : 36.4"
"30,25 : 49.82"
"30,26 : 20.62"
"30,27 : 33.54"
"30,28 : 10.63"
"30,29 : 21.19"
"30,30 : 0.0"
"30,31 : 22.14"
"30,32 : 14.21"
"30,33 : 40.25"
"30,34 : 33.24"
"30,35 : 39.29"
"30,36 : 23.6"
"30,37 : 10.44"
"30,38 : 26.25"
"30,39 : 23.77"
"30,40 : 2.24"
"30,41 : 32.02"
"30,42 : 31.06"
"30,43 : 33.02"
"30,44 : 18.25"
"30,45 : 16.64"
"30,46 : 19.92"
"30,47 : 33.02"
"30,48 : 29.15"
"30,49 : 33.3"
"31,0 : 7.28"
"31,1 : 34.37"
"31,2 : 29.73"
"31,3 : 7.0"
"31,4 : 8.94"
"31,5 : 31.4"
"31,6 : 27.31"
"31,7 : 9.06"
"31,8 : 18.36"
"31,9 : 38.48"
"31,10 : 28.02"
"31,11 : 28.02"
"31,12 : 8.94"
"31,13 : 11.66"
"31,14 : 39.4"
"31,15 : 48.01"
"31,16 : 11.4"
"31,17 : 6.71"
"31,18 : 14.32"
"31,19 : 24.19"
"31,20 : 42.72"
"31,21 : 50.45"
"31,22 : 8.06"
"31,23 : 15.62"
"31,24 : 28.16"
"31,25 : 33.53"
"31,26 : 31.38"
"31,27 : 37.48"
"31,28 : 31.76"
"31,29 : 30.87"
"31,30 : 22.14"
"31,31 : 0.0"
"31,32 : 10.2"
"31,33 : 48.6"
"31,34 : 39.05"
"31,35 : 32.89"
"31,36 : 7.28"
"31,37 : 14.87"
"31,38 : 22.2"
"31,39 : 21.93"
"31,40 : 20.62"
"31,41 : 37.64"
"31,42 : 42.49"
"31,43 : 20.1"
"31,44 : 39.2"
"31,45 : 30.81"
"31,46 : 2.24"
"31,47 : 34.06"
"31,48 : 8.94"
"31,49 : 18.03"
"32,0 : 9.43"
"32,1 : 24.19"
"32,2 : 21.63"
"32,3 : 11.18"
"32,4 : 11.66"
"32,5 : 21.21"
"32,6 : 19.85"
"32,7 : 19.24"
"32,8 : 9.22"
"32,9 : 28.65"
"32,10 : 21.84"
"32,11 : 18.03"
"32,12 : 17.2"
"32,13 : 8.0"
"32,14 : 31.62"
"32,15 : 38.95"
"32,16 : 15.81"
"32,17 : 8.06"
"32,18 : 13.89"
"32,19 : 14.04"
"32,20 : 34.48"
"32,21 : 41.73"
"32,22 : 12.53"
"32,23 : 12.17"
"32,24 : 25.08"
"32,25 : 36.06"
"32,26 : 21.47"
"32,27 : 29.41"
"32,28 : 24.76"
"32,29 : 21.1"
"32,30 : 14.21"
"32,31 : 10.2"
"32,32 : 0.0"
"32,33 : 39.62"
"32,34 : 30.48"
"32,35 : 29.02"
"32,36 : 9.43"
"32,37 : 12.04"
"32,38 : 16.28"
"32,39 : 14.87"
"32,40 : 13.45"
"32,41 : 29.07"
"32,42 : 32.76"
"32,43 : 19.7"
"32,44 : 29.61"
"32,45 : 20.62"
"32,46 : 8.54"
"32,47 : 26.83"
"32,48 : 18.97"
"32,49 : 19.42"
"33,0 : 43.05"
"33,1 : 24.52"
"33,2 : 40.52"
"33,3 : 44.78"
"33,4 : 50.93"
"33,5 : 25.3"
"33,6 : 42.38"
"33,7 : 56.6"
"33,8 : 30.48"
"33,9 : 13.6"
"33,10 : 23.77"
"33,11 : 30.08"
"33,12 : 56.73"
"33,13 : 45.45"
"33,14 : 45.1"
"33,15 : 1.0"
"33,16 : 45.69"
"33,17 : 42.72"
"33,18 : 39.0"
"33,19 : 30.02"
"33,20 : 44.01"
"33,21 : 3.0"
"33,22 : 45.18"
"33,23 : 47.43"
"33,24 : 31.06"
"33,25 : 49.09"
"33,26 : 19.72"
"33,27 : 12.37"
"33,28 : 45.35"
"33,29 : 19.42"
"33,30 : 40.25"
"33,31 : 48.6"
"33,32 : 39.62"
"33,33 : 0.0"
"33,34 : 9.85"
"33,35 : 28.07"
"33,36 : 43.05"
"33,37 : 48.01"
"33,38 : 28.23"
"33,39 : 27.29"
"33,40 : 42.06"
"33,41 : 11.18"
"33,42 : 10.05"
"33,43 : 38.08"
"33,44 : 33.0"
"33,45 : 23.77"
"33,46 : 47.63"
"33,47 : 17.26"
"33,48 : 57.43"
"33,49 : 41.48"
"34,0 : 33.29"
"34,1 : 20.4"
"34,2 : 35.06"
"34,3 : 34.99"
"34,4 : 42.01"
"34,5 : 20.02"
"34,6 : 36.35"
"34,7 : 46.87"
"34,8 : 21.26"
"34,9 : 10.3"
"34,10 : 14.14"
"34,11 : 24.08"
"34,12 : 47.38"
"34,13 : 36.89"
"34,14 : 41.44"
"34,15 : 9.49"
"34,16 : 35.85"
"34,17 : 33.02"
"34,18 : 29.15"
"34,19 : 22.8"
"34,20 : 41.23"
"34,21 : 11.4"
"34,22 : 35.36"
"34,23 : 39.36"
"34,24 : 22.09"
"34,25 : 40.61"
"34,26 : 13.04"
"34,27 : 3.16"
"34,28 : 40.05"
"34,29 : 12.17"
"34,30 : 33.24"
"34,31 : 39.05"
"34,32 : 30.48"
"34,33 : 9.85"
"34,34 : 0.0"
"34,35 : 19.92"
"34,36 : 33.29"
"34,37 : 39.82"
"34,38 : 18.38"
"34,39 : 17.49"
"34,40 : 34.79"
"34,41 : 1.41"
"34,42 : 10.0"
"34,43 : 28.44"
"34,44 : 30.36"
"34,45 : 18.0"
"34,46 : 38.21"
"34,47 : 8.06"
"34,48 : 47.8"
"34,49 : 31.78"
"35,0 : 25.63"
"35,1 : 34.71"
"35,2 : 44.38"
"35,3 : 26.4"
"35,4 : 39.62"
"35,5 : 32.8"
"35,6 : 44.27"
"35,7 : 37.74"
"35,8 : 22.56"
"35,9 : 28.3"
"35,10 : 9.43"
"35,11 : 34.48"
"35,12 : 41.79"
"35,13 : 37.01"
"35,14 : 53.24"
"35,15 : 28.16"
"35,16 : 24.41"
"35,17 : 26.25"
"35,18 : 18.79"
"35,19 : 30.87"
"35,20 : 54.38"
"35,21 : 28.02"
"35,22 : 25.94"
"35,23 : 41.01"
"35,24 : 5.0"
"35,25 : 21.02"
"35,26 : 26.17"
"35,27 : 16.76"
"35,28 : 49.04"
"35,29 : 24.76"
"35,30 : 39.29"
"35,31 : 32.89"
"35,32 : 29.02"
"35,33 : 28.07"
"35,34 : 19.92"
"35,35 : 0.0"
"35,36 : 25.63"
"35,37 : 41.0"
"35,38 : 13.15"
"35,39 : 15.52"
"35,40 : 39.81"
"35,41 : 19.31"
"35,42 : 29.55"
"35,43 : 14.21"
"35,44 : 44.82"
"35,45 : 30.61"
"35,46 : 33.24"
"35,47 : 12.08"
"35,48 : 39.82"
"35,49 : 17.69"
"36,0 : 0.0"
"36,1 : 32.06"
"36,2 : 31.06"
"36,3 : 2.0"
"36,4 : 15.13"
"36,5 : 29.07"
"36,6 : 29.21"
"36,7 : 13.6"
"36,8 : 14.14"
"36,9 : 34.21"
"36,10 : 21.26"
"36,11 : 26.68"
"36,12 : 16.16"
"36,13 : 15.26"
"36,14 : 41.05"
"36,15 : 42.54"
"36,16 : 6.4"
"36,17 : 1.41"
"36,18 : 7.07"
"36,19 : 22.36"
"36,20 : 43.91"
"36,21 : 44.65"
"36,22 : 3.16"
"36,23 : 19.72"
"36,24 : 20.88"
"36,25 : 27.73"
"36,26 : 27.46"
"36,27 : 31.4"
"36,28 : 34.06"
"36,29 : 26.68"
"36,30 : 23.6"
"36,31 : 7.28"
"36,32 : 9.43"
"36,33 : 43.05"
"36,34 : 33.29"
"36,35 : 25.63"
"36,36 : 0.0"
"36,37 : 19.24"
"36,38 : 15.56"
"36,39 : 15.81"
"36,40 : 22.67"
"36,41 : 31.91"
"36,42 : 37.95"
"36,43 : 13.0"
"36,44 : 38.6"
"36,45 : 28.0"
"36,46 : 8.0"
"36,47 : 27.59"
"36,48 : 14.87"
"36,49 : 11.4"
"37,0 : 19.24"
"37,1 : 27.46"
"37,2 : 17.0"
"37,3 : 20.25"
"37,4 : 7.28"
"37,5 : 25.0"
"37,6 : 14.04"
"37,7 : 21.93"
"37,8 : 19.65"
"37,9 : 35.38"
"37,10 : 33.38"
"37,11 : 20.25"
"37,12 : 15.13"
"37,13 : 4.12"
"37,14 : 25.71"
"37,15 : 47.2"
"37,16 : 25.24"
"37,17 : 17.89"
"37,18 : 25.3"
"37,19 : 18.38"
"37,20 : 29.43"
"37,21 : 50.48"
"37,22 : 21.63"
"37,23 : 1.0"
"37,24 : 37.12"
"37,25 : 46.96"
"37,26 : 28.43"
"37,27 : 39.4"
"37,28 : 17.72"
"37,29 : 28.6"
"37,30 : 10.44"
"37,31 : 14.87"
"37,32 : 12.04"
"37,33 : 48.01"
"37,34 : 39.82"
"37,35 : 41.0"
"37,36 : 19.24"
"37,37 : 0.0"
"37,38 : 28.07"
"37,39 : 26.31"
"37,40 : 8.25"
"37,41 : 38.47"
"37,42 : 39.62"
"37,43 : 31.32"
"37,44 : 28.64"
"37,45 : 25.5"
"37,46 : 12.73"
"37,47 : 37.64"
"37,48 : 19.92"
"37,49 : 30.46"
"38,0 : 15.56"
"38,1 : 24.7"
"38,2 : 31.76"
"38,3 : 17.03"
"38,4 : 27.51"
"38,5 : 22.2"
"38,6 : 31.38"
"38,7 : 29.07"
"38,8 : 9.49"
"38,9 : 22.09"
"38,10 : 5.83"
"38,11 : 22.67"
"38,12 : 31.06"
"38,13 : 24.19"
"38,14 : 41.05"
"38,15 : 27.86"
"38,16 : 17.46"
"38,17 : 15.62"
"38,18 : 10.77"
"38,19 : 18.6"
"38,20 : 42.64"
"38,21 : 29.53"
"38,22 : 17.2"
"38,23 : 28.02"
"38,24 : 10.3"
"38,25 : 26.93"
"38,26 : 17.09"
"38,27 : 16.12"
"38,28 : 36.25"
"38,29 : 15.81"
"38,30 : 26.25"
"38,31 : 22.2"
"38,32 : 16.28"
"38,33 : 28.23"
"38,34 : 18.38"
"38,35 : 13.15"
"38,36 : 15.56"
"38,37 : 28.07"
"38,38 : 0.0"
"38,39 : 2.83"
"38,40 : 26.68"
"38,41 : 17.09"
"38,42 : 25.02"
"38,43 : 11.18"
"38,44 : 34.06"
"38,45 : 20.25"
"38,46 : 21.95"
"38,47 : 12.04"
"38,48 : 30.41"
"38,49 : 14.0"
"39,0 : 15.81"
"39,1 : 21.95"
"39,2 : 29.07"
"39,3 : 17.49"
"39,4 : 26.4"
"39,5 : 19.42"
"39,6 : 28.79"
"39,7 : 29.41"
"39,8 : 7.07"
"39,9 : 20.0"
"39,10 : 7.07"
"39,11 : 19.85"
"39,12 : 30.61"
"39,13 : 22.56"
"39,14 : 38.28"
"39,15 : 26.83"
"39,16 : 18.68"
"39,17 : 15.62"
"39,18 : 12.17"
"39,19 : 15.81"
"39,20 : 39.82"
"39,21 : 28.84"
"39,22 : 17.89"
"39,23 : 26.17"
"39,24 : 13.04"
"39,25 : 29.68"
"39,26 : 14.56"
"39,27 : 15.62"
"39,28 : 33.62"
"39,29 : 13.34"
"39,30 : 23.77"
"39,31 : 21.93"
"39,32 : 14.87"
"39,33 : 27.29"
"39,34 : 17.49"
"39,35 : 15.52"
"39,36 : 15.81"
"39,37 : 26.31"
"39,38 : 2.83"
"39,39 : 0.0"
"39,40 : 24.33"
"39,41 : 16.12"
"39,42 : 23.19"
"39,43 : 13.6"
"39,44 : 31.24"
"39,45 : 17.49"
"39,46 : 21.4"
"39,47 : 12.21"
"39,48 : 30.48"
"39,49 : 16.12"
"40,0 : 22.67"
"40,1 : 19.85"
"40,2 : 9.22"
"40,3 : 24.21"
"40,4 : 15.0"
"40,5 : 17.69"
"40,6 : 6.71"
"40,7 : 28.86"
"40,8 : 17.26"
"40,9 : 28.84"
"40,10 : 31.14"
"40,11 : 12.73"
"40,12 : 23.0"
"40,13 : 9.22"
"40,14 : 18.79"
"40,15 : 41.18"
"40,16 : 29.07"
"40,17 : 21.26"
"40,18 : 27.2"
"40,19 : 12.08"
"40,20 : 22.14"
"40,21 : 44.72"
"40,22 : 25.61"
"40,23 : 7.28"
"40,24 : 36.69"
"40,25 : 49.41"
"40,26 : 22.36"
"40,27 : 34.93"
"40,28 : 11.4"
"40,29 : 22.85"
"40,30 : 2.24"
"40,31 : 20.62"
"40,32 : 13.45"
"40,33 : 42.06"
"40,34 : 34.79"
"40,35 : 39.81"
"40,36 : 22.67"
"40,37 : 8.25"
"40,38 : 26.68"
"40,39 : 24.33"
"40,40 : 0.0"
"40,41 : 33.53"
"40,42 : 33.02"
"40,43 : 32.76"
"40,44 : 20.4"
"40,45 : 18.6"
"40,46 : 18.38"
"40,47 : 34.13"
"40,48 : 27.29"
"40,49 : 32.8"
"41,0 : 31.91"
"41,1 : 19.65"
"41,2 : 34.01"
"41,3 : 33.62"
"41,4 : 40.61"
"41,5 : 19.1"
"41,6 : 35.23"
"41,7 : 45.49"
"41,8 : 19.85"
"41,9 : 10.0"
"41,10 : 13.04"
"41,11 : 23.02"
"41,12 : 45.97"
"41,13 : 35.51"
"41,14 : 40.61"
"41,15 : 10.77"
"41,16 : 34.54"
"41,17 : 31.62"
"41,18 : 27.86"
"41,19 : 21.59"
"41,20 : 40.52"
"41,21 : 12.81"
"41,22 : 34.0"
"41,23 : 38.01"
"41,24 : 21.21"
"41,25 : 39.81"
"41,26 : 12.0"
"41,27 : 2.83"
"41,28 : 39.01"
"41,29 : 11.05"
"41,30 : 32.02"
"41,31 : 37.64"
"41,32 : 29.07"
"41,33 : 11.18"
"41,34 : 1.41"
"41,35 : 19.31"
"41,36 : 31.91"
"41,37 : 38.47"
"41,38 : 17.09"
"41,39 : 16.12"
"41,40 : 33.53"
"41,41 : 0.0"
"41,42 : 10.3"
"41,43 : 27.29"
"41,44 : 29.73"
"41,45 : 17.03"
"41,46 : 36.8"
"41,47 : 7.28"
"41,48 : 46.4"
"41,49 : 30.59"
"42,0 : 37.95"
"42,1 : 14.56"
"42,2 : 30.68"
"42,3 : 39.85"
"42,4 : 43.42"
"42,5 : 15.65"
"42,6 : 32.7"
"42,7 : 51.08"
"42,8 : 24.17"
"42,9 : 4.24"
"42,10 : 22.36"
"42,11 : 20.59"
"42,12 : 49.93"
"42,13 : 37.54"
"42,14 : 35.06"
"42,15 : 9.06"
"42,16 : 41.77"
"42,17 : 37.34"
"42,18 : 35.36"
"42,19 : 21.26"
"42,20 : 34.06"
"42,21 : 13.04"
"42,22 : 40.52"
"42,23 : 38.95"
"42,24 : 31.05"
"42,25 : 49.73"
"42,26 : 11.4"
"42,27 : 13.04"
"42,28 : 35.44"
"42,29 : 11.66"
"42,30 : 31.06"
"42,31 : 42.49"
"42,32 : 32.76"
"42,33 : 10.05"
"42,34 : 10.0"
"42,35 : 29.55"
"42,36 : 37.95"
"42,37 : 39.62"
"42,38 : 25.02"
"42,39 : 23.19"
"42,40 : 33.02"
"42,41 : 10.3"
"42,42 : 0.0"
"42,43 : 36.01"
"42,44 : 23.02"
"42,45 : 14.42"
"42,46 : 41.18"
"42,47 : 17.46"
"42,48 : 51.43"
"42,49 : 39.01"
"43,0 : 13.0"
"43,1 : 35.34"
"43,2 : 39.7"
"43,3 : 13.15"
"43,4 : 28.07"
"43,5 : 32.65"
"43,6 : 38.6"
"43,7 : 23.71"
"43,8 : 17.8"
"43,9 : 33.24"
"43,10 : 14.32"
"43,11 : 32.2"
"43,12 : 28.64"
"43,13 : 27.2"
"43,14 : 49.52"
"43,15 : 37.85"
"43,16 : 10.3"
"43,17 : 14.04"
"43,18 : 6.08"
"43,19 : 27.8"
"43,20 : 51.66"
"43,21 : 38.9"
"43,22 : 12.37"
"43,23 : 31.62"
"43,24 : 9.22"
"43,25 : 16.97"
"43,26 : 28.16"
"43,27 : 25.71"
"43,28 : 43.6"
"43,29 : 26.93"
"43,30 : 33.02"
"43,31 : 20.1"
"43,32 : 19.7"
"43,33 : 38.08"
"43,34 : 28.44"
"43,35 : 14.21"
"43,36 : 13.0"
"43,37 : 31.32"
"43,38 : 11.18"
"43,39 : 13.6"
"43,40 : 32.76"
"43,41 : 27.29"
"43,42 : 36.01"
"43,43 : 0.0"
"43,44 : 44.1"
"43,45 : 30.87"
"43,46 : 21.0"
"43,47 : 20.88"
"43,48 : 26.0"
"43,49 : 3.61"
"44,0 : 38.6"
"44,1 : 10.3"
"44,2 : 12.53"
"44,3 : 40.52"
"44,4 : 35.23"
"44,5 : 12.04"
"44,6 : 15.65"
"44,7 : 48.09"
"44,8 : 26.42"
"44,9 : 20.4"
"44,10 : 35.47"
"44,11 : 12.08"
"44,12 : 43.19"
"44,13 : 29.07"
"44,14 : 12.37"
"44,15 : 32.0"
"44,16 : 44.6"
"44,17 : 37.36"
"44,18 : 40.25"
"44,19 : 16.55"
"44,20 : 11.05"
"44,21 : 36.0"
"44,22 : 41.76"
"44,23 : 27.66"
"44,24 : 43.84"
"44,25 : 60.8"
"44,26 : 18.87"
"44,27 : 32.31"
"44,28 : 15.56"
"44,29 : 20.25"
"44,30 : 18.25"
"44,31 : 39.2"
"44,32 : 29.61"
"44,33 : 33.0"
"44,34 : 30.36"
"44,35 : 44.82"
"44,36 : 38.6"
"44,37 : 28.64"
"44,38 : 34.06"
"44,39 : 31.24"
"44,40 : 20.4"
"44,41 : 29.73"
"44,42 : 23.02"
"44,43 : 44.1"
"44,44 : 0.0"
"44,45 : 14.21"
"44,46 : 37.12"
"44,47 : 34.48"
"44,48 : 47.0"
"44,49 : 45.65"
"45,0 : 28.0"
"45,1 : 4.47"
"45,2 : 17.12"
"45,3 : 30.0"
"45,4 : 30.02"
"45,5 : 2.24"
"45,6 : 18.68"
"45,7 : 39.81"
"45,8 : 14.14"
"45,9 : 10.3"
"45,10 : 21.26"
"45,11 : 6.32"
"45,12 : 37.16"
"45,13 : 23.85"
"45,14 : 23.77"
"45,15 : 22.85"
"45,16 : 33.24"
"45,17 : 27.02"
"45,18 : 27.89"
"45,19 : 7.21"
"45,20 : 24.17"
"45,21 : 26.57"
"45,22 : 31.02"
"45,23 : 24.76"
"45,24 : 29.73"
"45,25 : 47.17"
"45,26 : 5.1"
"45,27 : 19.24"
"45,28 : 22.09"
"45,29 : 6.32"
"45,30 : 16.64"
"45,31 : 30.81"
"45,32 : 20.62"
"45,33 : 23.77"
"45,34 : 18.0"
"45,35 : 30.61"
"45,36 : 28.0"
"45,37 : 25.5"
"45,38 : 20.25"
"45,39 : 17.49"
"45,40 : 18.6"
"45,41 : 17.03"
"45,42 : 14.42"
"45,43 : 30.87"
"45,44 : 14.21"
"45,45 : 0.0"
"45,46 : 29.12"
"45,47 : 20.62"
"45,48 : 39.56"
"45,49 : 32.89"
"46,0 : 8.0"
"46,1 : 32.56"
"46,2 : 27.51"
"46,3 : 8.25"
"46,4 : 7.28"
"46,5 : 29.61"
"46,6 : 25.08"
"46,7 : 11.0"
"46,8 : 17.2"
"46,9 : 37.12"
"46,10 : 27.78"
"46,11 : 26.08"
"46,12 : 9.22"
"46,13 : 9.43"
"46,14 : 37.16"
"46,15 : 47.01"
"46,16 : 13.0"
"46,17 : 7.07"
"46,18 : 15.03"
"46,19 : 22.36"
"46,20 : 40.5"
"46,21 : 49.58"
"46,22 : 9.49"
"46,23 : 13.45"
"46,24 : 28.64"
"46,25 : 35.11"
"46,26 : 29.97"
"46,27 : 36.8"
"46,28 : 29.53"
"46,29 : 29.53"
"46,30 : 19.92"
"46,31 : 2.24"
"46,32 : 8.54"
"46,33 : 47.63"
"46,34 : 38.21"
"46,35 : 33.24"
"46,36 : 8.0"
"46,37 : 12.73"
"46,38 : 21.95"
"46,39 : 21.4"
"46,40 : 18.38"
"46,41 : 36.8"
"46,42 : 41.18"
"46,43 : 21.0"
"46,44 : 37.12"
"46,45 : 29.12"
"46,46 : 0.0"
"46,47 : 33.6"
"46,48 : 10.44"
"46,49 : 19.24"
"47,0 : 27.59"
"47,1 : 24.19"
"47,2 : 36.5"
"47,3 : 29.07"
"47,4 : 38.47"
"47,5 : 22.85"
"47,6 : 37.12"
"47,7 : 41.11"
"47,8 : 18.03"
"47,9 : 16.4"
"47,10 : 6.71"
"47,11 : 25.71"
"47,12 : 42.8"
"47,13 : 34.18"
"47,14 : 44.27"
"47,15 : 17.12"
"47,16 : 29.15"
"47,17 : 27.59"
"47,18 : 22.47"
"47,19 : 23.09"
"47,20 : 44.78"
"47,21 : 18.03"
"47,22 : 29.21"
"47,23 : 37.36"
"47,24 : 14.04"
"47,25 : 32.56"
"47,26 : 15.65"
"47,27 : 5.0"
"47,28 : 41.44"
"47,29 : 14.32"
"47,30 : 33.02"
"47,31 : 34.06"
"47,32 : 26.83"
"47,33 : 17.26"
"47,34 : 8.06"
"47,35 : 12.08"
"47,36 : 27.59"
"47,37 : 37.64"
"47,38 : 12.04"
"47,39 : 12.21"
"47,40 : 34.13"
"47,41 : 7.28"
"47,42 : 17.46"
"47,43 : 20.88"
"47,44 : 34.48"
"47,45 : 20.62"
"47,46 : 33.6"
"47,47 : 0.0"
"47,48 : 42.43"
"47,49 : 24.35"
"48,0 : 14.87"
"48,1 : 42.95"
"48,2 : 36.5"
"48,3 : 13.6"
"48,4 : 12.65"
"48,5 : 40.02"
"48,6 : 33.73"
"48,7 : 3.16"
"48,8 : 27.29"
"48,9 : 47.42"
"48,10 : 36.12"
"48,11 : 36.35"
"48,12 : 5.66"
"48,13 : 18.11"
"48,14 : 45.61"
"48,15 : 56.86"
"48,16 : 15.81"
"48,17 : 14.87"
"48,18 : 21.1"
"48,19 : 32.76"
"48,20 : 49.24"
"48,21 : 59.2"
"48,22 : 13.89"
"48,23 : 20.88"
"48,24 : 34.89"
"48,25 : 36.06"
"48,26 : 40.31"
"48,27 : 46.1"
"48,28 : 37.64"
"48,29 : 39.81"
"48,30 : 29.15"
"48,31 : 8.94"
"48,32 : 18.97"
"48,33 : 57.43"
"48,34 : 47.8"
"48,35 : 39.82"
"48,36 : 14.87"
"48,37 : 19.92"
"48,38 : 30.41"
"48,39 : 30.48"
"48,40 : 27.29"
"48,41 : 46.4"
"48,42 : 51.43"
"48,43 : 26.0"
"48,44 : 47.0"
"48,45 : 39.56"
"48,46 : 10.44"
"48,47 : 42.43"
"48,48 : 0.0"
"48,49 : 23.09"
"49,0 : 11.4"
"49,1 : 37.34"
"49,2 : 40.31"
"49,3 : 11.05"
"49,4 : 26.48"
"49,5 : 34.54"
"49,6 : 38.95"
"49,7 : 20.62"
"49,8 : 19.24"
"49,9 : 36.06"
"49,10 : 17.72"
"49,11 : 33.62"
"49,12 : 26.17"
"49,13 : 26.4"
"49,14 : 50.25"
"49,15 : 41.23"
"49,16 : 7.28"
"49,17 : 12.65"
"49,18 : 5.66"
"49,19 : 29.15"
"49,20 : 52.63"
"49,21 : 42.38"
"49,22 : 10.0"
"49,23 : 30.87"
"49,24 : 12.73"
"49,25 : 16.64"
"49,26 : 30.59"
"49,27 : 29.12"
"49,28 : 43.93"
"49,29 : 29.43"
"49,30 : 33.3"
"49,31 : 18.03"
"49,32 : 19.42"
"49,33 : 41.48"
"49,34 : 31.78"
"49,35 : 17.69"
"49,36 : 11.4"
"49,37 : 30.46"
"49,38 : 14.0"
"49,39 : 16.12"
"49,40 : 32.8"
"49,41 : 30.59"
"49,42 : 39.01"
"49,43 : 3.61"
"49,44 : 45.65"
"49,45 : 32.89"
"49,46 : 19.24"
"49,47 : 24.35"
"49,48 : 23.09"
"49,49 : 0.0"
