x,y
31,42
33,14
23,8
49,29
7,2
16,17
48,6
9,36
27,9
23,48
45,45
8,1
34,4
36,40
22,8
42,2
11,13
49,33
49,7
40,27
37,19
31,39
24,6
35,0
6,12
5,15
37,47
23,39
47,38
20,14
43,42
12,17
14,30
49,49
20,27
42,16
1,15
29,27
36,36
39,16
4,50
9,45
8,35
32,10
12,2
41,25
31,7
10,9
2,47
30,25

Distanze
"0,0 : 0.0"
"0,1 : 28.07"
"0,2 : 34.93"
"0,3 : 22.2"
"0,4 : 46.65"
"0,5 : 29.15"
"0,6 : 39.81"
"0,7 : 22.8"
"0,8 : 33.24"
"0,9 : 10.0"
"0,10 : 14.32"
"0,11 : 47.01"
"0,12 : 38.12"
"0,13 : 5.39"
"0,14 : 35.17"
"0,15 : 41.48"
"0,16 : 35.23"
"0,17 : 20.12"
"0,18 : 39.36"
"0,19 : 17.49"
"0,20 : 23.77"
"0,21 : 3.0"
"0,22 : 36.67"
"0,23 : 42.19"
"0,24 : 39.05"
"0,25 : 37.48"
"0,26 : 7.81"
"0,27 : 8.54"
"0,28 : 16.49"
"0,29 : 30.08"
"0,30 : 12.0"
"0,31 : 31.4"
"0,32 : 20.81"
"0,33 : 19.31"
"0,34 : 18.6"
"0,35 : 28.23"
"0,36 : 40.36"
"0,37 : 15.13"
"0,38 : 7.81"
"0,39 : 27.2"
"0,40 : 28.16"
"0,41 : 22.2"
"0,42 : 24.04"
"0,43 : 32.02"
"0,44 : 44.28"
"0,45 : 19.72"
"0,46 : 35.0"
"0,47 : 39.12"
"0,48 : 29.43"
"0,49 : 17.03"
"1,0 : 28.07"
"1,1 : 0.0"
"1,2 : 11.66"
"1,3 : 21.93"
"1,4 : 28.64"
"1,5 : 17.26"
"1,6 : 17.0"
"1,7 : 32.56"
"1,8 : 7.81"
"1,9 : 35.44"
"1,10 : 33.24"
"1,11 : 28.18"
"1,12 : 10.05"
"1,13 : 26.17"
"1,14 : 12.53"
"1,15 : 15.0"
"1,16 : 22.02"
"1,17 : 24.84"
"1,18 : 17.46"
"1,19 : 14.76"
"1,20 : 6.4"
"1,21 : 25.08"
"1,22 : 12.04"
"1,23 : 14.14"
"1,24 : 27.07"
"1,25 : 28.02"
"1,26 : 33.24"
"1,27 : 26.93"
"1,28 : 27.78"
"1,29 : 13.0"
"1,30 : 29.73"
"1,31 : 21.21"
"1,32 : 24.84"
"1,33 : 38.48"
"1,34 : 18.38"
"1,35 : 9.22"
"1,36 : 32.02"
"1,37 : 13.6"
"1,38 : 22.2"
"1,39 : 6.32"
"1,40 : 46.23"
"1,41 : 39.2"
"1,42 : 32.65"
"1,43 : 4.12"
"1,44 : 24.19"
"1,45 : 13.6"
"1,46 : 7.28"
"1,47 : 23.54"
"1,48 : 45.28"
"1,49 : 11.4"
"2,0 : 34.93"
"2,1 : 11.66"
"2,2 : 0.0"
"2,3 : 33.42"
"2,4 : 17.09"
"2,5 : 11.4"
"2,6 : 25.08"
"2,7 : 31.3"
"2,8 : 4.12"
"2,9 : 40.0"
"2,10 : 43.05"
"2,11 : 16.55"
"2,12 : 11.7"
"2,13 : 34.54"
"2,14 : 1.0"
"2,15 : 19.92"
"2,16 : 13.0"
"2,17 : 36.07"
"2,18 : 26.02"
"2,19 : 25.5"
"2,20 : 17.8"
"2,21 : 32.02"
"2,22 : 2.24"
"2,23 : 14.42"
"2,24 : 17.46"
"2,25 : 19.31"
"2,26 : 41.44"
"2,27 : 31.0"
"2,28 : 38.42"
"2,29 : 6.71"
"2,30 : 39.45"
"2,31 : 14.21"
"2,32 : 23.77"
"2,33 : 48.55"
"2,34 : 19.24"
"2,35 : 20.62"
"2,36 : 23.09"
"2,37 : 19.92"
"2,38 : 30.87"
"2,39 : 17.89"
"2,40 : 46.1"
"2,41 : 39.56"
"2,42 : 30.89"
"2,43 : 9.22"
"2,44 : 12.53"
"2,45 : 24.76"
"2,46 : 8.06"
"2,47 : 13.04"
"2,48 : 44.29"
"2,49 : 18.38"
"3,0 : 22.2"
"3,1 : 21.93"
"3,2 : 33.42"
"3,3 : 0.0"
"3,4 : 49.93"
"3,5 : 35.11"
"3,6 : 23.02"
"3,7 : 40.61"
"3,8 : 29.73"
"3,9 : 32.2"
"3,10 : 16.49"
"3,11 : 49.65"
"3,12 : 29.15"
"3,13 : 17.03"
"3,14 : 34.21"
"3,15 : 27.89"
"3,16 : 41.23"
"3,17 : 4.0"
"3,18 : 22.0"
"3,19 : 9.22"
"3,20 : 15.62"
"3,21 : 20.59"
"3,22 : 33.97"
"3,23 : 32.2"
"3,24 : 46.24"
"3,25 : 46.17"
"3,26 : 21.63"
"3,27 : 27.86"
"3,28 : 9.22"
"3,29 : 32.65"
"3,30 : 14.32"
"3,31 : 38.9"
"3,32 : 35.01"
"3,33 : 20.0"
"3,34 : 29.07"
"3,35 : 14.76"
"3,36 : 50.0"
"3,37 : 20.1"
"3,38 : 14.76"
"3,39 : 16.4"
"3,40 : 49.66"
"3,41 : 43.08"
"3,42 : 41.44"
"3,43 : 25.5"
"3,44 : 45.8"
"3,45 : 8.94"
"3,46 : 28.43"
"3,47 : 43.83"
"3,48 : 50.33"
"3,49 : 19.42"
"4,0 : 46.65"
"4,1 : 28.64"
"4,2 : 17.09"
"4,3 : 49.93"
"4,4 : 0.0"
"4,5 : 17.49"
"4,6 : 41.19"
"4,7 : 34.06"
"4,8 : 21.19"
"4,9 : 48.7"
"4,10 : 57.38"
"4,11 : 1.41"
"4,12 : 27.07"
"4,13 : 47.8"
"4,14 : 16.16"
"4,15 : 35.0"
"4,16 : 11.7"
"4,17 : 52.2"
"4,18 : 42.3"
"4,19 : 41.4"
"4,20 : 34.48"
"4,21 : 44.1"
"4,22 : 17.46"
"4,23 : 28.07"
"4,24 : 10.05"
"4,25 : 13.15"
"4,26 : 54.08"
"4,27 : 40.31"
"4,28 : 53.81"
"4,29 : 17.69"
"4,30 : 53.81"
"4,31 : 15.81"
"4,32 : 28.86"
"4,33 : 63.03"
"4,34 : 28.18"
"4,35 : 37.7"
"4,36 : 14.32"
"4,37 : 33.3"
"4,38 : 44.69"
"4,39 : 34.93"
"4,40 : 48.09"
"4,41 : 43.05"
"4,42 : 33.02"
"4,43 : 26.25"
"4,44 : 5.0"
"4,45 : 41.05"
"4,46 : 24.52"
"4,47 : 7.62"
"4,48 : 45.28"
"4,49 : 32.53"
"5,0 : 29.15"
"5,1 : 17.26"
"5,2 : 11.4"
"5,3 : 35.11"
"5,4 : 17.49"
"5,5 : 0.0"
"5,6 : 33.84"
"5,7 : 20.25"
"5,8 : 13.6"
"5,9 : 31.78"
"5,10 : 40.31"
"5,11 : 17.89"
"5,12 : 22.2"
"5,13 : 30.48"
"5,14 : 10.82"
"5,15 : 30.02"
"5,16 : 6.4"
"5,17 : 36.67"
"5,18 : 34.48"
"5,19 : 26.0"
"5,20 : 21.1"
"5,21 : 26.63"
"5,22 : 13.6"
"5,23 : 25.5"
"5,24 : 11.18"
"5,25 : 11.18"
"5,26 : 36.62"
"5,27 : 23.09"
"5,28 : 37.44"
"5,29 : 5.0"
"5,30 : 36.8"
"5,31 : 4.0"
"5,32 : 13.15"
"5,33 : 45.97"
"5,34 : 10.77"
"5,35 : 26.02"
"5,36 : 15.13"
"5,37 : 16.4"
"5,38 : 27.59"
"5,39 : 23.02"
"5,40 : 35.11"
"5,41 : 28.86"
"5,42 : 19.7"
"5,43 : 17.46"
"5,44 : 15.52"
"5,45 : 26.25"
"5,46 : 18.03"
"5,47 : 10.0"
"5,48 : 33.11"
"5,49 : 16.12"
"6,0 : 39.81"
"6,1 : 17.0"
"6,2 : 25.08"
"6,3 : 23.02"
"6,4 : 41.19"
"6,5 : 33.84"
"6,6 : 0.0"
"6,7 : 49.2"
"6,8 : 21.21"
"6,9 : 48.88"
"6,10 : 39.12"
"6,11 : 40.31"
"6,12 : 14.14"
"6,13 : 36.06"
"6,14 : 26.08"
"6,15 : 7.21"
"6,16 : 37.66"
"6,17 : 27.02"
"6,18 : 1.41"
"6,19 : 22.47"
"6,20 : 17.03"
"6,21 : 37.12"
"6,22 : 24.0"
"6,23 : 14.32"
"6,24 : 42.43"
"6,25 : 43.93"
"6,26 : 42.45"
"6,27 : 41.4"
"6,28 : 32.02"
"6,29 : 29.12"
"6,30 : 36.35"
"6,31 : 37.64"
"6,32 : 41.62"
"6,33 : 43.01"
"6,34 : 35.0"
"6,35 : 11.66"
"6,36 : 47.85"
"6,37 : 28.32"
"6,38 : 32.31"
"6,39 : 13.45"
"6,40 : 62.23"
"6,41 : 55.15"
"6,42 : 49.41"
"6,43 : 16.49"
"6,44 : 36.22"
"6,45 : 20.25"
"6,46 : 17.03"
"6,47 : 38.12"
"6,48 : 61.62"
"6,49 : 26.17"
"7,0 : 22.8"
"7,1 : 32.56"
"7,2 : 31.3"
"7,3 : 40.61"
"7,4 : 34.06"
"7,5 : 20.25"
"7,6 : 49.2"
"7,7 : 0.0"
"7,8 : 32.45"
"7,9 : 18.44"
"7,10 : 37.11"
"7,11 : 35.01"
"7,12 : 40.61"
"7,13 : 27.29"
"7,14 : 30.87"
"7,15 : 47.38"
"7,16 : 23.09"
"7,17 : 40.11"
"7,18 : 49.41"
"7,19 : 32.28"
"7,20 : 32.76"
"7,21 : 22.2"
"7,22 : 33.54"
"7,23 : 44.41"
"7,24 : 24.19"
"7,25 : 21.38"
"7,26 : 30.08"
"7,27 : 14.32"
"7,28 : 38.05"
"7,29 : 24.6"
"7,30 : 34.53"
"7,31 : 19.24"
"7,32 : 7.81"
"7,33 : 42.06"
"7,34 : 14.21"
"7,35 : 38.59"
"7,36 : 22.47"
"7,37 : 21.93"
"7,38 : 27.0"
"7,39 : 36.06"
"7,40 : 14.87"
"7,41 : 9.0"
"7,42 : 1.41"
"7,43 : 34.71"
"7,44 : 34.13"
"7,45 : 33.84"
"7,46 : 36.4"
"7,47 : 27.02"
"7,48 : 13.04"
"7,49 : 23.71"
"8,0 : 33.24"
"8,1 : 7.81"
"8,2 : 4.12"
"8,3 : 29.73"
"8,4 : 21.19"
"8,5 : 13.6"
"8,6 : 21.21"
"8,7 : 32.45"
"8,8 : 0.0"
"8,9 : 39.2"
"8,10 : 40.25"
"8,11 : 20.62"
"8,12 : 8.6"
"8,13 : 32.28"
"8,14 : 5.1"
"8,15 : 16.55"
"8,16 : 16.49"
"8,17 : 32.56"
"8,18 : 22.09"
"8,19 : 22.2"
"8,20 : 14.14"
"8,21 : 30.27"
"8,22 : 4.24"
"8,23 : 12.04"
"8,24 : 21.21"
"8,25 : 22.8"
"8,26 : 39.29"
"8,27 : 30.27"
"8,28 : 35.23"
"8,29 : 8.6"
"8,30 : 36.67"
"8,31 : 17.0"
"8,32 : 24.7"
"8,33 : 45.65"
"8,34 : 19.31"
"8,35 : 16.55"
"8,36 : 26.68"
"8,37 : 18.11"
"8,38 : 28.46"
"8,39 : 13.89"
"8,40 : 47.01"
"8,41 : 40.25"
"8,42 : 32.2"
"8,43 : 5.1"
"8,44 : 16.55"
"8,45 : 21.26"
"8,46 : 4.47"
"8,47 : 17.0"
"8,48 : 45.49"
"8,49 : 16.28"
"9,0 : 10.0"
"9,1 : 35.44"
"9,2 : 40.0"
"9,3 : 32.2"
"9,4 : 48.7"
"9,5 : 31.78"
"9,6 : 48.88"
"9,7 : 18.44"
"9,8 : 39.2"
"9,9 : 0.0"
"9,10 : 22.2"
"9,11 : 49.34"
"9,12 : 45.35"
"9,13 : 15.26"
"9,14 : 40.01"
"9,15 : 49.77"
"9,16 : 37.0"
"9,17 : 30.02"
"9,18 : 48.55"
"9,19 : 27.02"
"9,20 : 32.2"
"9,21 : 12.04"
"9,22 : 42.01"
"9,23 : 49.48"
"9,24 : 39.81"
"9,25 : 37.59"
"9,26 : 14.04"
"9,27 : 9.0"
"9,28 : 26.0"
"9,29 : 34.13"
"9,30 : 20.88"
"9,31 : 32.89"
"9,32 : 20.12"
"9,33 : 26.02"
"9,34 : 21.21"
"9,35 : 37.22"
"9,36 : 39.66"
"9,37 : 21.84"
"9,38 : 17.69"
"9,39 : 35.78"
"9,40 : 19.1"
"9,41 : 14.32"
"9,42 : 19.85"
"9,43 : 39.05"
"9,44 : 47.3"
"9,45 : 29.21"
"9,46 : 41.77"
"9,47 : 41.11"
"9,48 : 21.02"
"9,49 : 24.04"
"10,0 : 14.32"
"10,1 : 33.24"
"10,2 : 43.05"
"10,3 : 16.49"
"10,4 : 57.38"
"10,5 : 40.31"
"10,6 : 39.12"
"10,7 : 37.11"
"10,8 : 40.25"
"10,9 : 22.2"
"10,10 : 0.0"
"10,11 : 57.49"
"10,12 : 42.45"
"10,13 : 10.3"
"10,14 : 43.57"
"10,15 : 43.1"
"10,16 : 46.69"
"10,17 : 12.65"
"10,18 : 38.21"
"10,19 : 18.68"
"10,20 : 27.2"
"10,21 : 15.23"
"10,22 : 44.29"
"10,23 : 46.1"
"10,24 : 51.09"
"10,25 : 50.0"
"10,26 : 8.25"
"10,27 : 22.8"
"10,28 : 7.28"
"10,29 : 39.82"
"10,30 : 3.61"
"10,31 : 43.28"
"10,32 : 34.44"
"10,33 : 5.66"
"10,34 : 30.81"
"10,35 : 29.15"
"10,36 : 53.25"
"10,37 : 24.08"
"10,38 : 12.73"
"10,39 : 29.61"
"10,40 : 41.3"
"10,41 : 36.0"
"10,42 : 38.33"
"10,43 : 37.34"
"10,44 : 54.2"
"10,45 : 20.4"
"10,46 : 40.5"
"10,47 : 50.21"
"10,48 : 43.05"
"10,49 : 25.0"
"11,0 : 47.01"
"11,1 : 28.18"
"11,2 : 16.55"
"11,3 : 49.65"
"11,4 : 1.41"
"11,5 : 17.89"
"11,6 : 40.31"
"11,7 : 35.01"
"11,8 : 20.62"
"11,9 : 49.34"
"11,10 : 57.49"
"11,11 : 0.0"
"11,12 : 26.17"
"11,13 : 48.01"
"11,14 : 15.65"
"11,15 : 34.01"
"11,16 : 12.37"
"11,17 : 52.01"
"11,18 : 41.44"
"11,19 : 41.23"
"11,20 : 34.13"
"11,21 : 44.42"
"11,22 : 16.76"
"11,23 : 27.02"
"11,24 : 11.18"
"11,25 : 14.32"
"11,26 : 54.38"
"11,27 : 40.85"
"11,28 : 53.76"
"11,29 : 17.69"
"11,30 : 53.91"
"11,31 : 16.49"
"11,32 : 29.61"
"11,33 : 63.13"
"11,34 : 28.64"
"11,35 : 37.16"
"11,36 : 15.65"
"11,37 : 33.42"
"11,38 : 44.82"
"11,39 : 34.44"
"11,40 : 49.16"
"11,41 : 44.01"
"11,42 : 34.0"
"11,43 : 25.63"
"11,44 : 4.12"
"11,45 : 40.8"
"11,46 : 23.77"
"11,47 : 8.25"
"11,48 : 46.39"
"11,49 : 32.56"
"12,0 : 38.12"
"12,1 : 10.05"
"12,2 : 11.7"
"12,3 : 29.15"
"12,4 : 27.07"
"12,5 : 22.2"
"12,6 : 14.14"
"12,7 : 40.61"
"12,8 : 8.6"
"12,9 : 45.35"
"12,10 : 42.45"
"12,11 : 26.17"
"12,12 : 0.0"
"12,13 : 36.06"
"12,14 : 12.65"
"12,15 : 8.25"
"12,16 : 24.7"
"12,17 : 32.65"
"12,18 : 15.3"
"12,19 : 23.77"
"12,20 : 15.3"
"12,21 : 35.13"
"12,22 : 10.2"
"12,23 : 4.12"
"12,24 : 29.12"
"12,25 : 31.02"
"12,26 : 43.1"
"12,27 : 36.69"
"12,28 : 36.4"
"12,29 : 17.2"
"12,30 : 39.05"
"12,31 : 25.55"
"12,32 : 32.8"
"12,33 : 47.43"
"12,34 : 26.93"
"12,35 : 14.42"
"12,36 : 34.79"
"12,37 : 23.54"
"12,38 : 32.06"
"12,39 : 13.0"
"12,40 : 54.92"
"12,41 : 48.02"
"12,42 : 40.46"
"12,43 : 6.32"
"12,44 : 22.09"
"12,45 : 22.14"
"12,46 : 4.24"
"12,47 : 24.52"
"12,48 : 53.6"
"12,49 : 21.38"
"13,0 : 5.39"
"13,1 : 26.17"
"13,2 : 34.54"
"13,3 : 17.03"
"13,4 : 47.8"
"13,5 : 30.48"
"13,6 : 36.06"
"13,7 : 27.29"
"13,8 : 32.28"
"13,9 : 15.26"
"13,10 : 10.3"
"13,11 : 48.01"
"13,12 : 36.06"
"13,13 : 0.0"
"13,14 : 34.93"
"13,15 : 38.47"
"13,16 : 36.8"
"13,17 : 14.76"
"13,18 : 35.47"
"13,19 : 13.6"
"13,20 : 21.02"
"13,21 : 5.1"
"13,22 : 36.06"
"13,23 : 40.01"
"13,24 : 41.04"
"13,25 : 39.82"
"13,26 : 7.07"
"13,27 : 13.04"
"13,28 : 11.18"
"13,29 : 30.53"
"13,30 : 7.28"
"13,31 : 33.24"
"13,32 : 24.17"
"13,33 : 15.81"
"13,34 : 20.62"
"13,35 : 24.74"
"13,36 : 43.01"
"13,37 : 14.76"
"13,38 : 4.0"
"13,39 : 24.19"
"13,40 : 33.53"
"13,41 : 27.46"
"13,42 : 28.44"
"13,43 : 30.27"
"13,44 : 44.94"
"13,45 : 15.81"
"13,46 : 33.38"
"13,47 : 40.46"
"13,48 : 34.71"
"13,49 : 16.16"
"14,0 : 35.17"
"14,1 : 12.53"
"14,2 : 1.0"
"14,3 : 34.21"
"14,4 : 16.16"
"14,5 : 10.82"
"14,6 : 26.08"
"14,7 : 30.87"
"14,8 : 5.1"
"14,9 : 40.01"
"14,10 : 43.57"
"14,11 : 15.65"
"14,12 : 12.65"
"14,13 : 34.93"
"14,14 : 0.0"
"14,15 : 20.88"
"14,16 : 12.08"
"14,17 : 36.8"
"14,18 : 27.02"
"14,19 : 26.17"
"14,20 : 18.6"
"14,21 : 32.28"
"14,22 : 2.83"
"14,23 : 15.26"
"14,24 : 16.49"
"14,25 : 18.38"
"14,26 : 41.79"
"14,27 : 31.02"
"14,28 : 39.05"
"14,29 : 6.32"
"14,30 : 39.96"
"14,31 : 13.45"
"14,32 : 23.41"
"14,33 : 49.09"
"14,34 : 19.1"
"14,35 : 21.54"
"14,36 : 22.14"
"14,37 : 20.25"
"14,38 : 31.3"
"14,39 : 18.79"
"14,40 : 45.69"
"14,41 : 39.22"
"14,42 : 30.41"
"14,43 : 10.2"
"14,44 : 11.66"
"14,45 : 25.5"
"14,46 : 9.06"
"14,47 : 12.04"
"14,48 : 43.83"
"14,49 : 18.79"
"15,0 : 41.48"
"15,1 : 15.0"
"15,2 : 19.92"
"15,3 : 27.89"
"15,4 : 35.0"
"15,5 : 30.02"
"15,6 : 7.21"
"15,7 : 47.38"
"15,8 : 16.55"
"15,9 : 49.77"
"15,10 : 43.1"
"15,11 : 34.01"
"15,12 : 8.25"
"15,13 : 38.47"
"15,14 : 20.88"
"15,15 : 0.0"
"15,16 : 32.89"
"15,17 : 31.78"
"15,18 : 8.6"
"15,19 : 25.08"
"15,20 : 17.72"
"15,21 : 38.6"
"15,22 : 18.44"
"15,23 : 7.28"
"15,24 : 37.36"
"15,25 : 39.22"
"15,26 : 45.28"
"15,27 : 41.59"
"15,28 : 36.35"
"15,29 : 25.06"
"15,30 : 40.01"
"15,31 : 33.54"
"15,32 : 39.6"
"15,33 : 47.52"
"15,34 : 33.3"
"15,35 : 14.0"
"15,36 : 43.01"
"15,37 : 28.18"
"15,38 : 34.53"
"15,39 : 14.32"
"15,40 : 61.22"
"15,41 : 54.2"
"15,42 : 47.38"
"15,43 : 12.81"
"15,44 : 30.0"
"15,45 : 23.02"
"15,46 : 12.08"
"15,47 : 32.76"
"15,48 : 60.21"
"15,49 : 25.94"
"16,0 : 35.23"
"16,1 : 22.02"
"16,2 : 13.0"
"16,3 : 41.23"
"16,4 : 11.7"
"16,5 : 6.4"
"16,6 : 37.66"
"16,7 : 23.09"
"16,8 : 16.49"
"16,9 : 37.0"
"16,10 : 46.69"
"16,11 : 12.37"
"16,12 : 24.7"
"16,13 : 36.8"
"16,14 : 12.08"
"16,15 : 32.89"
"16,16 : 0.0"
"16,17 : 42.94"
"16,18 : 38.47"
"16,19 : 32.2"
"16,20 : 26.68"
"16,21 : 32.8"
"16,22 : 14.76"
"16,23 : 27.29"
"16,24 : 5.1"
"16,25 : 6.32"
"16,26 : 42.8"
"16,27 : 28.64"
"16,28 : 43.83"
"16,29 : 9.06"
"16,30 : 43.19"
"16,31 : 4.12"
"16,32 : 17.26"
"16,33 : 52.35"
"16,34 : 16.64"
"16,35 : 31.14"
"16,36 : 10.2"
"16,37 : 22.8"
"16,38 : 33.97"
"16,39 : 28.16"
"16,40 : 37.66"
"16,41 : 32.06"
"16,42 : 22.2"
"16,43 : 21.21"
"16,44 : 11.05"
"16,45 : 32.31"
"16,46 : 20.88"
"16,47 : 4.12"
"16,48 : 35.17"
"16,49 : 22.47"
"17,0 : 20.12"
"17,1 : 24.84"
"17,2 : 36.07"
"17,3 : 4.0"
"17,4 : 52.2"
"17,5 : 36.67"
"17,6 : 27.02"
"17,7 : 40.11"
"17,8 : 32.56"
"17,9 : 30.02"
"17,10 : 12.65"
"17,11 : 52.01"
"17,12 : 32.65"
"17,13 : 14.76"
"17,14 : 36.8"
"17,15 : 31.78"
"17,16 : 42.94"
"17,17 : 0.0"
"17,18 : 26.0"
"17,19 : 10.82"
"17,20 : 18.44"
"17,21 : 18.97"
"17,22 : 36.8"
"17,23 : 35.85"
"17,24 : 47.85"
"17,25 : 47.54"
"17,26 : 18.44"
"17,27 : 26.68"
"17,28 : 5.39"
"17,29 : 34.67"
"17,30 : 10.82"
"17,31 : 40.31"
"17,32 : 35.13"
"17,33 : 16.0"
"17,34 : 29.61"
"17,35 : 18.38"
"17,36 : 51.26"
"17,37 : 20.88"
"17,38 : 13.34"
"17,39 : 19.72"
"17,40 : 48.1"
"17,41 : 41.76"
"17,42 : 41.05"
"17,43 : 28.6"
"17,44 : 48.27"
"17,45 : 11.31"
"17,46 : 31.62"
"17,47 : 45.79"
"17,48 : 49.04"
"17,49 : 20.62"
"18,0 : 39.36"
"18,1 : 17.46"
"18,2 : 26.02"
"18,3 : 22.0"
"18,4 : 42.3"
"18,5 : 34.48"
"18,6 : 1.41"
"18,7 : 49.41"
"18,8 : 22.09"
"18,9 : 48.55"
"18,10 : 38.21"
"18,11 : 41.44"
"18,12 : 15.3"
"18,13 : 35.47"
"18,14 : 27.02"
"18,15 : 8.6"
"18,16 : 38.47"
"18,17 : 26.0"
"18,18 : 0.0"
"18,19 : 21.93"
"18,20 : 16.97"
"18,21 : 36.72"
"18,22 : 25.02"
"18,23 : 15.65"
"18,24 : 43.29"
"18,25 : 44.72"
"18,26 : 41.76"
"18,27 : 41.23"
"18,28 : 31.06"
"18,29 : 29.83"
"18,30 : 35.51"
"18,31 : 38.33"
"18,32 : 41.88"
"18,33 : 42.0"
"18,34 : 35.23"
"18,35 : 11.4"
"18,36 : 48.66"
"18,37 : 28.28"
"18,38 : 31.78"
"18,39 : 13.45"
"18,40 : 62.24"
"18,41 : 55.17"
"18,42 : 49.65"
"18,43 : 17.26"
"18,44 : 37.34"
"18,45 : 19.7"
"18,46 : 18.0"
"18,47 : 39.05"
"18,48 : 61.72"
"18,49 : 26.17"
"19,0 : 17.49"
"19,1 : 14.76"
"19,2 : 25.5"
"19,3 : 9.22"
"19,4 : 41.4"
"19,5 : 26.0"
"19,6 : 22.47"
"19,7 : 32.28"
"19,8 : 22.2"
"19,9 : 27.02"
"19,10 : 18.68"
"19,11 : 41.23"
"19,12 : 23.77"
"19,13 : 13.6"
"19,14 : 26.17"
"19,15 : 25.08"
"19,16 : 32.2"
"19,17 : 10.82"
"19,18 : 21.93"
"19,19 : 0.0"
"19,20 : 8.54"
"19,21 : 15.0"
"19,22 : 26.4"
"19,23 : 27.46"
"19,24 : 37.16"
"19,25 : 37.0"
"19,26 : 20.22"
"19,27 : 20.81"
"19,28 : 13.04"
"19,29 : 23.85"
"19,30 : 15.3"
"19,31 : 29.73"
"19,32 : 26.17"
"19,33 : 23.77"
"19,34 : 20.0"
"19,35 : 11.18"
"19,36 : 40.8"
"19,37 : 11.0"
"19,38 : 9.85"
"19,39 : 11.05"
"19,40 : 42.72"
"19,41 : 35.85"
"19,42 : 32.98"
"19,43 : 18.79"
"19,44 : 37.54"
"19,45 : 2.24"
"19,46 : 21.93"
"19,47 : 34.99"
"19,48 : 42.94"
"19,49 : 10.2"
"20,0 : 23.77"
"20,1 : 6.4"
"20,2 : 17.8"
"20,3 : 15.62"
"20,4 : 34.48"
"20,5 : 21.1"
"20,6 : 17.03"
"20,7 : 32.76"
"20,8 : 14.14"
"20,9 : 32.2"
"20,10 : 27.2"
"20,11 : 34.13"
"20,12 : 15.3"
"20,13 : 21.02"
"20,14 : 18.6"
"20,15 : 17.72"
"20,16 : 26.68"
"20,17 : 18.44"
"20,18 : 16.97"
"20,19 : 8.54"
"20,20 : 0.0"
"20,21 : 20.88"
"20,22 : 18.38"
"20,23 : 19.1"
"20,24 : 31.78"
"20,25 : 32.25"
"20,26 : 28.0"
"20,27 : 24.41"
"20,28 : 21.47"
"20,29 : 17.72"
"20,30 : 23.77"
"20,31 : 25.08"
"20,32 : 25.5"
"20,33 : 32.31"
"20,34 : 18.79"
"20,35 : 5.83"
"20,36 : 36.22"
"20,37 : 11.31"
"20,38 : 17.03"
"20,39 : 3.61"
"20,40 : 45.28"
"20,41 : 38.21"
"20,42 : 33.12"
"20,43 : 10.3"
"20,44 : 30.23"
"20,45 : 7.21"
"20,46 : 13.42"
"20,47 : 28.79"
"20,48 : 44.82"
"20,49 : 9.22"
"21,0 : 3.0"
"21,1 : 25.08"
"21,2 : 32.02"
"21,3 : 20.59"
"21,4 : 44.1"
"21,5 : 26.63"
"21,6 : 37.12"
"21,7 : 22.2"
"21,8 : 30.27"
"21,9 : 12.04"
"21,10 : 15.23"
"21,11 : 44.42"
"21,12 : 35.13"
"21,13 : 5.1"
"21,14 : 32.28"
"21,15 : 38.6"
"21,16 : 32.8"
"21,17 : 18.97"
"21,18 : 36.72"
"21,19 : 15.0"
"21,20 : 20.88"
"21,21 : 0.0"
"21,22 : 33.73"
"21,23 : 39.2"
"21,24 : 36.8"
"21,25 : 35.38"
"21,26 : 10.0"
"21,27 : 8.0"
"21,28 : 16.03"
"21,29 : 27.31"
"21,30 : 12.37"
"21,31 : 29.07"
"21,32 : 19.24"
"21,33 : 20.59"
"21,34 : 16.28"
"21,35 : 25.5"
"21,36 : 38.42"
"21,37 : 12.17"
"21,38 : 5.83"
"21,39 : 24.35"
"21,40 : 29.15"
"21,41 : 22.8"
"21,42 : 23.35"
"21,43 : 29.02"
"21,44 : 41.59"
"21,45 : 17.2"
"21,46 : 32.0"
"21,47 : 36.62"
"21,48 : 30.08"
"21,49 : 14.04"
"22,0 : 36.67"
"22,1 : 12.04"
"22,2 : 2.24"
"22,3 : 33.97"
"22,4 : 17.46"
"22,5 : 13.6"
"22,6 : 24.0"
"22,7 : 33.54"
"22,8 : 4.24"
"22,9 : 42.01"
"22,10 : 44.29"
"22,11 : 16.76"
"22,12 : 10.2"
"22,13 : 36.06"
"22,14 : 2.83"
"22,15 : 18.44"
"22,16 : 14.76"
"22,17 : 36.8"
"22,18 : 25.02"
"22,19 : 26.4"
"22,20 : 18.38"
"22,21 : 33.73"
"22,22 : 0.0"
"22,23 : 12.53"
"22,24 : 18.97"
"22,25 : 21.02"
"22,26 : 43.01"
"22,27 : 33.02"
"22,28 : 39.41"
"22,29 : 8.94"
"22,30 : 40.71"
"22,31 : 16.28"
"22,32 : 26.0"
"22,33 : 49.74"
"22,34 : 21.38"
"22,35 : 20.59"
"22,36 : 24.7"
"22,37 : 21.59"
"22,38 : 32.31"
"22,39 : 18.03"
"22,40 : 48.33"
"22,41 : 41.79"
"22,42 : 33.12"
"22,43 : 8.94"
"22,44 : 12.65"
"22,45 : 25.5"
"22,46 : 7.07"
"22,47 : 14.32"
"22,48 : 46.53"
"22,49 : 19.92"
"23,0 : 42.19"
"23,1 : 14.14"
"23,2 : 14.42"
"23,3 : 32.2"
"23,4 : 28.07"
"23,5 : 25.5"
"23,6 : 14.32"
"23,7 : 44.41"
"23,8 : 12.04"
"23,9 : 49.48"
"23,10 : 46.1"
"23,11 : 27.02"
"23,12 : 4.12"
"23,13 : 40.01"
"23,14 : 15.26"
"23,15 : 7.28"
"23,16 : 27.29"
"23,17 : 35.85"
"23,18 : 15.65"
"23,19 : 27.46"
"23,20 : 19.1"
"23,21 : 39.2"
"23,22 : 12.53"
"23,23 : 0.0"
"23,24 : 31.38"
"23,25 : 33.54"
"23,26 : 47.04"
"23,27 : 40.8"
"23,28 : 39.85"
"23,29 : 20.52"
"23,30 : 42.76"
"23,31 : 28.6"
"23,32 : 36.62"
"23,33 : 50.96"
"23,34 : 30.89"
"23,35 : 17.46"
"23,36 : 37.16"
"23,37 : 27.66"
"23,38 : 36.01"
"23,39 : 16.49"
"23,40 : 58.83"
"23,41 : 51.97"
"23,42 : 44.2"
"23,43 : 10.44"
"23,44 : 23.09"
"23,45 : 25.71"
"23,46 : 8.06"
"23,47 : 26.57"
"23,48 : 57.43"
"23,49 : 25.5"
"24,0 : 39.05"
"24,1 : 27.07"
"24,2 : 17.46"
"24,3 : 46.24"
"24,4 : 10.05"
"24,5 : 11.18"
"24,6 : 42.43"
"24,7 : 24.19"
"24,8 : 21.21"
"24,9 : 39.81"
"24,10 : 51.09"
"24,11 : 11.18"
"24,12 : 29.12"
"24,13 : 41.04"
"24,14 : 16.49"
"24,15 : 37.36"
"24,16 : 5.1"
"24,17 : 47.85"
"24,18 : 43.29"
"24,19 : 37.16"
"24,20 : 31.78"
"24,21 : 36.8"
"24,22 : 18.97"
"24,23 : 31.38"
"24,24 : 0.0"
"24,25 : 3.16"
"24,26 : 46.75"
"24,27 : 31.91"
"24,28 : 48.55"
"24,29 : 14.14"
"24,30 : 47.63"
"24,31 : 7.81"
"24,32 : 19.7"
"24,33 : 56.73"
"24,34 : 20.52"
"24,35 : 36.22"
"24,36 : 5.83"
"24,37 : 27.46"
"24,38 : 38.42"
"24,39 : 33.24"
"24,40 : 38.05"
"24,41 : 33.14"
"24,42 : 23.09"
"24,43 : 26.08"
"24,44 : 11.66"
"24,45 : 37.34"
"24,46 : 25.5"
"24,47 : 5.0"
"24,48 : 35.23"
"24,49 : 27.29"
"25,0 : 37.48"
"25,1 : 28.02"
"25,2 : 19.31"
"25,3 : 46.17"
"25,4 : 13.15"
"25,5 : 11.18"
"25,6 : 43.93"
"25,7 : 21.38"
"25,8 : 22.8"
"25,9 : 37.59"
"25,10 : 50.0"
"25,11 : 14.32"
"25,12 : 31.02"
"25,13 : 39.82"
"25,14 : 18.38"
"25,15 : 39.22"
"25,16 : 6.32"
"25,17 : 47.54"
"25,18 : 44.72"
"25,19 : 37.0"
"25,20 : 32.25"
"25,21 : 35.38"
"25,22 : 21.02"
"25,23 : 33.54"
"25,24 : 3.16"
"25,25 : 0.0"
"25,26 : 45.25"
"25,27 : 30.0"
"25,28 : 47.89"
"25,29 : 15.03"
"25,30 : 46.62"
"25,31 : 7.28"
"25,32 : 17.49"
"25,33 : 55.61"
"25,34 : 19.21"
"25,35 : 37.01"
"25,36 : 4.0"
"25,37 : 26.83"
"25,38 : 37.44"
"25,39 : 34.01"
"25,40 : 35.01"
"25,41 : 30.27"
"25,42 : 20.22"
"25,43 : 27.46"
"25,44 : 14.76"
"25,45 : 37.36"
"25,46 : 27.2"
"25,47 : 7.81"
"25,48 : 32.14"
"25,49 : 26.93"
"26,0 : 7.81"
"26,1 : 33.24"
"26,2 : 41.44"
"26,3 : 21.63"
"26,4 : 54.08"
"26,5 : 36.62"
"26,6 : 42.45"
"26,7 : 30.08"
"26,8 : 39.29"
"26,9 : 14.04"
"26,10 : 8.25"
"26,11 : 54.38"
"26,12 : 43.1"
"26,13 : 7.07"
"26,14 : 41.79"
"26,15 : 45.28"
"26,16 : 42.8"
"26,17 : 18.44"
"26,18 : 41.76"
"26,19 : 20.22"
"26,20 : 28.0"
"26,21 : 10.0"
"26,22 : 43.01"
"26,23 : 47.04"
"26,24 : 46.75"
"26,25 : 45.25"
"26,26 : 0.0"
"26,27 : 16.12"
"26,28 : 13.45"
"26,29 : 37.12"
"26,30 : 7.81"
"26,31 : 39.05"
"26,32 : 28.6"
"26,33 : 12.17"
"26,34 : 26.25"
"26,35 : 31.4"
"26,36 : 48.17"
"26,37 : 21.54"
"26,38 : 11.05"
"26,39 : 31.06"
"26,40 : 33.14"
"26,41 : 28.07"
"26,42 : 31.38"
"26,43 : 37.34"
"26,44 : 51.48"
"26,45 : 22.36"
"26,46 : 40.45"
"26,47 : 46.62"
"26,48 : 35.0"
"26,49 : 23.09"
"27,0 : 8.54"
"27,1 : 26.93"
"27,2 : 31.0"
"27,3 : 27.86"
"27,4 : 40.31"
"27,5 : 23.09"
"27,6 : 41.4"
"27,7 : 14.32"
"27,8 : 30.27"
"27,9 : 9.0"
"27,10 : 22.8"
"27,11 : 40.85"
"27,12 : 36.69"
"27,13 : 13.04"
"27,14 : 31.02"
"27,15 : 41.59"
"27,16 : 28.64"
"27,17 : 26.68"
"27,18 : 41.23"
"27,19 : 20.81"
"27,20 : 24.41"
"27,21 : 8.0"
"27,22 : 33.02"
"27,23 : 40.8"
"27,24 : 31.91"
"27,25 : 30.0"
"27,26 : 16.12"
"27,27 : 0.0"
"27,28 : 24.02"
"27,29 : 25.18"
"27,30 : 20.22"
"27,31 : 24.6"
"27,32 : 12.73"
"27,33 : 27.86"
"27,34 : 12.37"
"27,35 : 29.83"
"27,36 : 32.56"
"27,37 : 13.42"
"27,38 : 13.34"
"27,39 : 28.02"
"27,40 : 21.95"
"27,41 : 15.23"
"27,42 : 15.52"
"27,43 : 30.36"
"27,44 : 38.6"
"27,45 : 22.8"
"27,46 : 32.98"
"27,47 : 32.7"
"27,48 : 22.47"
"27,49 : 15.65"
"28,0 : 16.49"
"28,1 : 27.78"
"28,2 : 38.42"
"28,3 : 9.22"
"28,4 : 53.81"
"28,5 : 37.44"
"28,6 : 32.02"
"28,7 : 38.05"
"28,8 : 35.23"
"28,9 : 26.0"
"28,10 : 7.28"
"28,11 : 53.76"
"28,12 : 36.4"
"28,13 : 11.18"
"28,14 : 39.05"
"28,15 : 36.35"
"28,16 : 43.83"
"28,17 : 5.39"
"28,18 : 31.06"
"28,19 : 13.04"
"28,20 : 21.47"
"28,21 : 16.03"
"28,22 : 39.41"
"28,23 : 39.85"
"28,24 : 48.55"
"28,25 : 47.89"
"28,26 : 13.45"
"28,27 : 24.02"
"28,28 : 0.0"
"28,29 : 36.12"
"28,30 : 5.66"
"28,31 : 40.82"
"28,32 : 33.96"
"28,33 : 11.18"
"28,34 : 29.15"
"28,35 : 22.56"
"28,36 : 51.43"
"28,37 : 21.1"
"28,38 : 11.18"
"28,39 : 23.41"
"28,40 : 44.64"
"28,41 : 38.64"
"28,42 : 39.12"
"28,43 : 31.76"
"28,44 : 50.21"
"28,45 : 14.32"
"28,46 : 34.89"
"28,47 : 47.01"
"28,48 : 45.89"
"28,49 : 21.4"
"29,0 : 30.08"
"29,1 : 13.0"
"29,2 : 6.71"
"29,3 : 32.65"
"29,4 : 17.69"
"29,5 : 5.0"
"29,6 : 29.12"
"29,7 : 24.6"
"29,8 : 8.6"
"29,9 : 34.13"
"29,10 : 39.82"
"29,11 : 17.69"
"29,12 : 17.2"
"29,13 : 30.53"
"29,14 : 6.32"
"29,15 : 25.06"
"29,16 : 9.06"
"29,17 : 34.67"
"29,18 : 29.83"
"29,19 : 23.85"
"29,20 : 17.72"
"29,21 : 27.31"
"29,22 : 8.94"
"29,23 : 20.52"
"29,24 : 14.14"
"29,25 : 15.03"
"29,26 : 37.12"
"29,27 : 25.18"
"29,28 : 36.12"
"29,29 : 0.0"
"29,30 : 36.24"
"29,31 : 8.54"
"29,32 : 17.09"
"29,33 : 45.45"
"29,34 : 13.0"
"29,35 : 22.09"
"29,36 : 19.03"
"29,37 : 15.81"
"29,38 : 27.2"
"29,39 : 19.1"
"29,40 : 39.4"
"29,41 : 32.89"
"29,42 : 24.19"
"29,43 : 12.65"
"29,44 : 14.42"
"29,45 : 23.71"
"29,46 : 13.04"
"29,47 : 11.18"
"29,48 : 37.59"
"29,49 : 14.87"
"30,0 : 12.0"
"30,1 : 29.73"
"30,2 : 39.45"
"30,3 : 14.32"
"30,4 : 53.81"
"30,5 : 36.8"
"30,6 : 36.35"
"30,7 : 34.53"
"30,8 : 36.67"
"30,9 : 20.88"
"30,10 : 3.61"
"30,11 : 53.91"
"30,12 : 39.05"
"30,13 : 7.28"
"30,14 : 39.96"
"30,15 : 40.01"
"30,16 : 43.19"
"30,17 : 10.82"
"30,18 : 35.51"
"30,19 : 15.3"
"30,20 : 23.77"
"30,21 : 12.37"
"30,22 : 40.71"
"30,23 : 42.76"
"30,24 : 47.63"
"30,25 : 46.62"
"30,26 : 7.81"
"30,27 : 20.22"
"30,28 : 5.66"
"30,29 : 36.24"
"30,30 : 0.0"
"30,31 : 39.82"
"30,32 : 31.38"
"30,33 : 9.22"
"30,34 : 27.46"
"30,35 : 26.02"
"30,36 : 49.93"
"30,37 : 20.52"
"30,38 : 9.22"
"30,39 : 26.31"
"30,40 : 39.81"
"30,41 : 34.13"
"30,42 : 35.69"
"30,43 : 33.84"
"30,44 : 50.61"
"30,45 : 17.12"
"30,46 : 37.0"
"30,47 : 46.67"
"30,48 : 41.3"
"30,49 : 21.4"
"31,0 : 31.4"
"31,1 : 21.21"
"31,2 : 14.21"
"31,3 : 38.9"
"31,4 : 15.81"
"31,5 : 4.0"
"31,6 : 37.64"
"31,7 : 19.24"
"31,8 : 17.0"
"31,9 : 32.89"
"31,10 : 43.28"
"31,11 : 16.49"
"31,12 : 25.55"
"31,13 : 33.24"
"31,14 : 13.45"
"31,15 : 33.54"
"31,16 : 4.12"
"31,17 : 40.31"
"31,18 : 38.33"
"31,19 : 29.73"
"31,20 : 25.08"
"31,21 : 29.07"
"31,22 : 16.28"
"31,23 : 28.6"
"31,24 : 7.81"
"31,25 : 7.28"
"31,26 : 39.05"
"31,27 : 24.6"
"31,28 : 40.82"
"31,29 : 8.54"
"31,30 : 39.82"
"31,31 : 0.0"
"31,32 : 13.15"
"31,33 : 48.92"
"31,34 : 12.81"
"31,35 : 30.02"
"31,36 : 11.18"
"31,37 : 19.72"
"31,38 : 30.61"
"31,39 : 27.02"
"31,40 : 33.96"
"31,41 : 28.16"
"31,42 : 18.44"
"31,43 : 21.19"
"31,44 : 15.0"
"31,45 : 30.08"
"31,46 : 21.47"
"31,47 : 8.25"
"31,48 : 31.62"
"31,49 : 19.7"
"32,0 : 20.81"
"32,1 : 24.84"
"32,2 : 23.77"
"32,3 : 35.01"
"32,4 : 28.86"
"32,5 : 13.15"
"32,6 : 41.62"
"32,7 : 7.81"
"32,8 : 24.7"
"32,9 : 20.12"
"32,10 : 34.44"
"32,11 : 29.61"
"32,12 : 32.8"
"32,13 : 24.17"
"32,14 : 23.41"
"32,15 : 39.6"
"32,16 : 17.26"
"32,17 : 35.13"
"32,18 : 41.88"
"32,19 : 26.17"
"32,20 : 25.5"
"32,21 : 19.24"
"32,22 : 26.0"
"32,23 : 36.62"
"32,24 : 19.7"
"32,25 : 17.49"
"32,26 : 28.6"
"32,27 : 12.73"
"32,28 : 33.96"
"32,29 : 17.09"
"32,30 : 31.38"
"32,31 : 13.15"
"32,32 : 0.0"
"32,33 : 39.82"
"32,34 : 6.71"
"32,35 : 31.3"
"32,36 : 19.85"
"32,37 : 15.3"
"32,38 : 22.8"
"32,39 : 28.65"
"32,40 : 22.36"
"32,41 : 15.81"
"32,42 : 7.81"
"32,43 : 26.91"
"32,44 : 28.07"
"32,45 : 27.46"
"32,46 : 28.6"
"32,47 : 21.38"
"32,48 : 20.81"
"32,49 : 16.76"
"33,0 : 19.31"
"33,1 : 38.48"
"33,2 : 48.55"
"33,3 : 20.0"
"33,4 : 63.03"
"33,5 : 45.97"
"33,6 : 43.01"
"33,7 : 42.06"
"33,8 : 45.65"
"33,9 : 26.02"
"33,10 : 5.66"
"33,11 : 63.13"
"33,12 : 47.43"
"33,13 : 15.81"
"33,14 : 49.09"
"33,15 : 47.52"
"33,16 : 52.35"
"33,17 : 16.0"
"33,18 : 42.0"
"33,19 : 23.77"
"33,20 : 32.31"
"33,21 : 20.59"
"33,22 : 49.74"
"33,23 : 50.96"
"33,24 : 56.73"
"33,25 : 55.61"
"33,26 : 12.17"
"33,27 : 27.86"
"33,28 : 11.18"
"33,29 : 45.45"
"33,30 : 9.22"
"33,31 : 48.92"
"33,32 : 39.82"
"33,33 : 0.0"
"33,34 : 36.4"
"33,35 : 33.73"
"33,36 : 58.82"
"33,37 : 29.73"
"33,38 : 18.38"
"33,39 : 34.48"
"33,40 : 45.01"
"33,41 : 40.2"
"33,42 : 43.32"
"33,43 : 42.54"
"33,44 : 59.82"
"33,45 : 25.3"
"33,46 : 45.69"
"33,47 : 55.87"
"33,48 : 47.04"
"33,49 : 30.61"
"34,0 : 18.6"
"34,1 : 18.38"
"34,2 : 19.24"
"34,3 : 29.07"
"34,4 : 28.18"
"34,5 : 10.77"
"34,6 : 35.0"
"34,7 : 14.21"
"34,8 : 19.31"
"34,9 : 21.21"
"34,10 : 30.81"
"34,11 : 28.64"
"34,12 : 26.93"
"34,13 : 20.62"
"34,14 : 19.1"
"34,15 : 33.3"
"34,16 : 16.64"
"34,17 : 29.61"
"34,18 : 35.23"
"34,19 : 20.0"
"34,20 : 18.79"
"34,21 : 16.28"
"34,22 : 21.38"
"34,23 : 30.89"
"34,24 : 20.52"
"34,25 : 19.21"
"34,26 : 26.25"
"34,27 : 12.37"
"34,28 : 29.15"
"34,29 : 13.0"
"34,30 : 27.46"
"34,31 : 12.81"
"34,32 : 6.71"
"34,33 : 36.4"
"34,34 : 0.0"
"34,35 : 24.6"
"34,36 : 22.47"
"34,37 : 9.0"
"34,38 : 18.36"
"34,39 : 21.95"
"34,40 : 28.02"
"34,41 : 21.1"
"34,42 : 14.42"
"34,43 : 20.81"
"34,44 : 26.25"
"34,45 : 21.1"
"34,46 : 22.83"
"34,47 : 20.59"
"34,48 : 26.91"
"34,49 : 10.2"
"35,0 : 28.23"
"35,1 : 9.22"
"35,2 : 20.62"
"35,3 : 14.76"
"35,4 : 37.7"
"35,5 : 26.02"
"35,6 : 11.66"
"35,7 : 38.59"
"35,8 : 16.55"
"35,9 : 37.22"
"35,10 : 29.15"
"35,11 : 37.16"
"35,12 : 14.42"
"35,13 : 24.74"
"35,14 : 21.54"
"35,15 : 14.0"
"35,16 : 31.14"
"35,17 : 18.38"
"35,18 : 11.4"
"35,19 : 11.18"
"35,20 : 5.83"
"35,21 : 25.5"
"35,22 : 20.59"
"35,23 : 17.46"
"35,24 : 36.22"
"35,25 : 37.01"
"35,26 : 31.4"
"35,27 : 29.83"
"35,28 : 22.56"
"35,29 : 22.09"
"35,30 : 26.02"
"35,31 : 30.02"
"35,32 : 31.3"
"35,33 : 33.73"
"35,34 : 24.6"
"35,35 : 0.0"
"35,36 : 41.01"
"35,37 : 17.03"
"35,38 : 20.88"
"35,39 : 3.0"
"35,40 : 50.99"
"35,41 : 43.93"
"35,42 : 38.95"
"35,43 : 11.66"
"35,44 : 33.11"
"35,45 : 9.06"
"35,46 : 14.21"
"35,47 : 32.76"
"35,48 : 50.61"
"35,49 : 15.0"
"36,0 : 40.36"
"36,1 : 32.02"
"36,2 : 23.09"
"36,3 : 50.0"
"36,4 : 14.32"
"36,5 : 15.13"
"36,6 : 47.85"
"36,7 : 22.47"
"36,8 : 26.68"
"36,9 : 39.66"
"36,10 : 53.25"
"36,11 : 15.65"
"36,12 : 34.79"
"36,13 : 43.01"
"36,14 : 22.14"
"36,15 : 43.01"
"36,16 : 10.2"
"36,17 : 51.26"
"36,18 : 48.66"
"36,19 : 40.8"
"36,20 : 36.22"
"36,21 : 38.42"
"36,22 : 24.7"
"36,23 : 37.16"
"36,24 : 5.83"
"36,25 : 4.0"
"36,26 : 48.17"
"36,27 : 32.56"
"36,28 : 51.43"
"36,29 : 19.03"
"36,30 : 49.93"
"36,31 : 11.18"
"36,32 : 19.85"
"36,33 : 58.82"
"36,34 : 22.47"
"36,35 : 41.01"
"36,36 : 0.0"
"36,37 : 30.46"
"36,38 : 40.82"
"36,39 : 38.01"
"36,40 : 35.13"
"36,41 : 31.05"
"36,42 : 21.19"
"36,43 : 31.4"
"36,44 : 17.03"
"36,45 : 41.23"
"36,46 : 31.05"
"36,47 : 10.82"
"36,48 : 32.02"
"36,49 : 30.68"
"37,0 : 15.13"
"37,1 : 13.6"
"37,2 : 19.92"
"37,3 : 20.1"
"37,4 : 33.3"
"37,5 : 16.4"
"37,6 : 28.32"
"37,7 : 21.93"
"37,8 : 18.11"
"37,9 : 21.84"
"37,10 : 24.08"
"37,11 : 33.42"
"37,12 : 23.54"
"37,13 : 14.76"
"37,14 : 20.25"
"37,15 : 28.18"
"37,16 : 22.8"
"37,17 : 20.88"
"37,18 : 28.28"
"37,19 : 11.0"
"37,20 : 11.31"
"37,21 : 12.17"
"37,22 : 21.59"
"37,23 : 27.66"
"37,24 : 27.46"
"37,25 : 26.83"
"37,26 : 21.54"
"37,27 : 13.42"
"37,28 : 21.1"
"37,29 : 15.81"
"37,30 : 20.52"
"37,31 : 19.72"
"37,32 : 15.3"
"37,33 : 29.73"
"37,34 : 9.0"
"37,35 : 17.03"
"37,36 : 30.46"
"37,37 : 0.0"
"37,38 : 11.4"
"37,39 : 14.87"
"37,40 : 33.97"
"37,41 : 26.91"
"37,42 : 22.47"
"37,43 : 17.26"
"37,44 : 30.23"
"37,45 : 12.17"
"37,46 : 20.1"
"37,47 : 26.17"
"37,48 : 33.6"
"37,49 : 2.24"
"38,0 : 7.81"
"38,1 : 22.2"
"38,2 : 30.87"
"38,3 : 14.76"
"38,4 : 44.69"
"38,5 : 27.59"
"38,6 : 32.31"
"38,7 : 27.0"
"38,8 : 28.46"
"38,9 : 17.69"
"38,10 : 12.73"
"38,11 : 44.82"
"38,12 : 32.06"
"38,13 : 4.0"
"38,14 : 31.3"
"38,15 : 34.53"
"38,16 : 33.97"
"38,17 : 13.34"
"38,18 : 31.78"
"38,19 : 9.85"
"38,20 : 17.03"
"38,21 : 5.83"
"38,22 : 32.31"
"38,23 : 36.01"
"38,24 : 38.42"
"38,25 : 37.44"
"38,26 : 11.05"
"38,27 : 13.34"
"38,28 : 11.18"
"38,29 : 27.2"
"38,30 : 9.22"
"38,31 : 30.61"
"38,32 : 22.8"
"38,33 : 18.38"
"38,34 : 18.36"
"38,35 : 20.88"
"38,36 : 40.82"
"38,37 : 11.4"
"38,38 : 0.0"
"38,39 : 20.22"
"38,40 : 34.93"
"38,41 : 28.46"
"38,42 : 28.02"
"38,43 : 26.31"
"38,44 : 41.62"
"38,45 : 12.08"
"38,46 : 29.43"
"38,47 : 37.48"
"38,48 : 35.74"
"38,49 : 12.53"
"39,0 : 27.2"
"39,1 : 6.32"
"39,2 : 17.89"
"39,3 : 16.4"
"39,4 : 34.93"
"39,5 : 23.02"
"39,6 : 13.45"
"39,7 : 36.06"
"39,8 : 13.89"
"39,9 : 35.78"
"39,10 : 29.61"
"39,11 : 34.44"
"39,12 : 13.0"
"39,13 : 24.19"
"39,14 : 18.79"
"39,15 : 14.32"
"39,16 : 28.16"
"39,17 : 19.72"
"39,18 : 13.45"
"39,19 : 11.05"
"39,20 : 3.61"
"39,21 : 24.35"
"39,22 : 18.03"
"39,23 : 16.49"
"39,24 : 33.24"
"39,25 : 34.01"
"39,26 : 31.06"
"39,27 : 28.02"
"39,28 : 23.41"
"39,29 : 19.1"
"39,30 : 26.31"
"39,31 : 27.02"
"39,32 : 28.65"
"39,33 : 34.48"
"39,34 : 21.95"
"39,35 : 3.0"
"39,36 : 38.01"
"39,37 : 14.87"
"39,38 : 20.22"
"39,39 : 0.0"
"39,40 : 48.8"
"39,41 : 41.73"
"39,42 : 36.36"
"39,43 : 9.22"
"39,44 : 30.41"
"39,45 : 9.22"
"39,46 : 12.04"
"39,47 : 29.83"
"39,48 : 48.27"
"39,49 : 12.73"
"40,0 : 28.16"
"40,1 : 46.23"
"40,2 : 46.1"
"40,3 : 49.66"
"40,4 : 48.09"
"40,5 : 35.11"
"40,6 : 62.23"
"40,7 : 14.87"
"40,8 : 47.01"
"40,9 : 19.1"
"40,10 : 41.3"
"40,11 : 49.16"
"40,12 : 54.92"
"40,13 : 33.53"
"40,14 : 45.69"
"40,15 : 61.22"
"40,16 : 37.66"
"40,17 : 48.1"
"40,18 : 62.24"
"40,19 : 42.72"
"40,20 : 45.28"
"40,21 : 29.15"
"40,22 : 48.33"
"40,23 : 58.83"
"40,24 : 38.05"
"40,25 : 35.01"
"40,26 : 33.14"
"40,27 : 21.95"
"40,28 : 44.64"
"40,29 : 39.4"
"40,30 : 39.81"
"40,31 : 33.96"
"40,32 : 22.36"
"40,33 : 45.01"
"40,34 : 28.02"
"40,35 : 50.99"
"40,36 : 35.13"
"40,37 : 33.97"
"40,38 : 34.93"
"40,39 : 48.8"
"40,40 : 0.0"
"40,41 : 7.07"
"40,42 : 15.52"
"40,43 : 48.83"
"40,44 : 48.66"
"40,45 : 44.65"
"40,46 : 50.77"
"40,47 : 41.44"
"40,48 : 3.61"
"40,49 : 36.07"
"41,0 : 22.2"
"41,1 : 39.2"
"41,2 : 39.56"
"41,3 : 43.08"
"41,4 : 43.05"
"41,5 : 28.86"
"41,6 : 55.15"
"41,7 : 9.0"
"41,8 : 40.25"
"41,9 : 14.32"
"41,10 : 36.0"
"41,11 : 44.01"
"41,12 : 48.02"
"41,13 : 27.46"
"41,14 : 39.22"
"41,15 : 54.2"
"41,16 : 32.06"
"41,17 : 41.76"
"41,18 : 55.17"
"41,19 : 35.85"
"41,20 : 38.21"
"41,21 : 22.8"
"41,22 : 41.79"
"41,23 : 51.97"
"41,24 : 33.14"
"41,25 : 30.27"
"41,26 : 28.07"
"41,27 : 15.23"
"41,28 : 38.64"
"41,29 : 32.89"
"41,30 : 34.13"
"41,31 : 28.16"
"41,32 : 15.81"
"41,33 : 40.2"
"41,34 : 21.1"
"41,35 : 43.93"
"41,36 : 31.05"
"41,37 : 26.91"
"41,38 : 28.46"
"41,39 : 41.73"
"41,40 : 7.07"
"41,41 : 0.0"
"41,42 : 10.05"
"41,43 : 41.88"
"41,44 : 43.1"
"41,45 : 37.74"
"41,46 : 43.91"
"41,47 : 36.01"
"41,48 : 7.28"
"41,49 : 29.0"
"42,0 : 24.04"
"42,1 : 32.65"
"42,2 : 30.89"
"42,3 : 41.44"
"42,4 : 33.02"
"42,5 : 19.7"
"42,6 : 49.41"
"42,7 : 1.41"
"42,8 : 32.2"
"42,9 : 19.85"
"42,10 : 38.33"
"42,11 : 34.0"
"42,12 : 40.46"
"42,13 : 28.44"
"42,14 : 30.41"
"42,15 : 47.38"
"42,16 : 22.2"
"42,17 : 41.05"
"42,18 : 49.65"
"42,19 : 32.98"
"42,20 : 33.12"
"42,21 : 23.35"
"42,22 : 33.12"
"42,23 : 44.2"
"42,24 : 23.09"
"42,25 : 20.22"
"42,26 : 31.38"
"42,27 : 15.52"
"42,28 : 39.12"
"42,29 : 24.19"
"42,30 : 35.69"
"42,31 : 18.44"
"42,32 : 7.81"
"42,33 : 43.32"
"42,34 : 14.42"
"42,35 : 38.95"
"42,36 : 21.19"
"42,37 : 22.47"
"42,38 : 28.02"
"42,39 : 36.36"
"42,40 : 15.52"
"42,41 : 10.05"
"42,42 : 0.0"
"42,43 : 34.66"
"42,44 : 33.24"
"42,45 : 34.48"
"42,46 : 36.24"
"42,47 : 26.08"
"42,48 : 13.42"
"42,49 : 24.17"
"43,0 : 32.02"
"43,1 : 4.12"
"43,2 : 9.22"
"43,3 : 25.5"
"43,4 : 26.25"
"43,5 : 17.46"
"43,6 : 16.49"
"43,7 : 34.71"
"43,8 : 5.1"
"43,9 : 39.05"
"43,10 : 37.34"
"43,11 : 25.63"
"43,12 : 6.32"
"43,13 : 30.27"
"43,14 : 10.2"
"43,15 : 12.81"
"43,16 : 21.21"
"43,17 : 28.6"
"43,18 : 17.26"
"43,19 : 18.79"
"43,20 : 10.3"
"43,21 : 29.02"
"43,22 : 8.94"
"43,23 : 10.44"
"43,24 : 26.08"
"43,25 : 27.46"
"43,26 : 37.34"
"43,27 : 30.36"
"43,28 : 31.76"
"43,29 : 12.65"
"43,30 : 33.84"
"43,31 : 21.19"
"43,32 : 26.91"
"43,33 : 42.54"
"43,34 : 20.81"
"43,35 : 11.66"
"43,36 : 31.4"
"43,37 : 17.26"
"43,38 : 26.31"
"43,39 : 9.22"
"43,40 : 48.83"
"43,41 : 41.88"
"43,42 : 34.66"
"43,43 : 0.0"
"43,44 : 21.54"
"43,45 : 17.49"
"43,46 : 3.16"
"43,47 : 22.02"
"43,48 : 47.63"
"43,49 : 15.13"
"44,0 : 44.28"
"44,1 : 24.19"
"44,2 : 12.53"
"44,3 : 45.8"
"44,4 : 5.0"
"44,5 : 15.52"
"44,6 : 36.22"
"44,7 : 34.13"
"44,8 : 16.55"
"44,9 : 47.3"
"44,10 : 54.2"
"44,11 : 4.12"
"44,12 : 22.09"
"44,13 : 44.94"
"44,14 : 11.66"
"44,15 : 30.0"
"44,16 : 11.05"
"44,17 : 48.27"
"44,18 : 37.34"
"44,19 : 37.54"
"44,20 : 30.23"
"44,21 : 41.59"
"44,22 : 12.65"
"44,23 : 23.09"
"44,24 : 11.66"
"44,25 : 14.76"
"44,26 : 51.48"
"44,27 : 38.6"
"44,28 : 50.21"
"44,29 : 14.42"
"44,30 : 50.61"
"44,31 : 15.0"
"44,32 : 28.07"
"44,33 : 59.82"
"44,34 : 26.25"
"44,35 : 33.11"
"44,36 : 17.03"
"44,37 : 30.23"
"44,38 : 41.62"
"44,39 : 30.41"
"44,40 : 48.66"
"44,41 : 43.1"
"44,42 : 33.24"
"44,43 : 21.54"
"44,44 : 0.0"
"44,45 : 37.01"
"44,46 : 19.65"
"44,47 : 7.28"
"44,48 : 46.1"
"44,49 : 29.21"
"45,0 : 19.72"
"45,1 : 13.6"
"45,2 : 24.76"
"45,3 : 8.94"
"45,4 : 41.05"
"45,5 : 26.25"
"45,6 : 20.25"
"45,7 : 33.84"
"45,8 : 21.26"
"45,9 : 29.21"
"45,10 : 20.4"
"45,11 : 40.8"
"45,12 : 22.14"
"45,13 : 15.81"
"45,14 : 25.5"
"45,15 : 23.02"
"45,16 : 32.31"
"45,17 : 11.31"
"45,18 : 19.7"
"45,19 : 2.24"
"45,20 : 7.21"
"45,21 : 17.2"
"45,22 : 25.5"
"45,23 : 25.71"
"45,24 : 37.34"
"45,25 : 37.36"
"45,26 : 22.36"
"45,27 : 22.8"
"45,28 : 14.32"
"45,29 : 23.71"
"45,30 : 17.12"
"45,31 : 30.08"
"45,32 : 27.46"
"45,33 : 25.3"
"45,34 : 21.1"
"45,35 : 9.06"
"45,36 : 41.23"
"45,37 : 12.17"
"45,38 : 12.08"
"45,39 : 9.22"
"45,40 : 44.65"
"45,41 : 37.74"
"45,42 : 34.48"
"45,43 : 17.49"
"45,44 : 37.01"
"45,45 : 0.0"
"45,46 : 20.59"
"45,47 : 34.89"
"45,48 : 44.78"
"45,49 : 11.0"
"46,0 : 35.0"
"46,1 : 7.28"
"46,2 : 8.06"
"46,3 : 28.43"
"46,4 : 24.52"
"46,5 : 18.03"
"46,6 : 17.03"
"46,7 : 36.4"
"46,8 : 4.47"
"46,9 : 41.77"
"46,10 : 40.5"
"46,11 : 23.77"
"46,12 : 4.24"
"46,13 : 33.38"
"46,14 : 9.06"
"46,15 : 12.08"
"46,16 : 20.88"
"46,17 : 31.62"
"46,18 : 18.0"
"46,19 : 21.93"
"46,20 : 13.42"
"46,21 : 32.0"
"46,22 : 7.07"
"46,23 : 8.06"
"46,24 : 25.5"
"46,25 : 27.2"
"46,26 : 40.45"
"46,27 : 32.98"
"46,28 : 34.89"
"46,29 : 13.04"
"46,30 : 37.0"
"46,31 : 21.47"
"46,32 : 28.6"
"46,33 : 45.69"
"46,34 : 22.83"
"46,35 : 14.21"
"46,36 : 31.05"
"46,37 : 20.1"
"46,38 : 29.43"
"46,39 : 12.04"
"46,40 : 50.77"
"46,41 : 43.91"
"46,42 : 36.24"
"46,43 : 3.16"
"46,44 : 19.65"
"46,45 : 20.59"
"46,46 : 0.0"
"46,47 : 21.1"
"46,48 : 49.41"
"46,49 : 18.03"
"47,0 : 39.12"
"47,1 : 23.54"
"47,2 : 13.04"
"47,3 : 43.83"
"47,4 : 7.62"
"47,5 : 10.0"
"47,6 : 38.12"
"47,7 : 27.02"
"47,8 : 17.0"
"47,9 : 41.11"
"47,10 : 50.21"
"47,11 : 8.25"
"47,12 : 24.52"
"47,13 : 40.46"
"47,14 : 12.04"
"47,15 : 32.76"
"47,16 : 4.12"
"47,17 : 45.79"
"47,18 : 39.05"
"47,19 : 34.99"
"47,20 : 28.79"
"47,21 : 36.62"
"47,22 : 14.32"
"47,23 : 26.57"
"47,24 : 5.0"
"47,25 : 7.81"
"47,26 : 46.62"
"47,27 : 32.7"
"47,28 : 47.01"
"47,29 : 11.18"
"47,30 : 46.67"
"47,31 : 8.25"
"47,32 : 21.38"
"47,33 : 55.87"
"47,34 : 20.59"
"47,35 : 32.76"
"47,36 : 10.82"
"47,37 : 26.17"
"47,38 : 37.48"
"47,39 : 29.83"
"47,40 : 41.44"
"47,41 : 36.01"
"47,42 : 26.08"
"47,43 : 22.02"
"47,44 : 7.28"
"47,45 : 34.89"
"47,46 : 21.1"
"47,47 : 0.0"
"47,48 : 38.83"
"47,49 : 25.61"
"48,0 : 29.43"
"48,1 : 45.28"
"48,2 : 44.29"
"48,3 : 50.33"
"48,4 : 45.28"
"48,5 : 33.11"
"48,6 : 61.62"
"48,7 : 13.04"
"48,8 : 45.49"
"48,9 : 21.02"
"48,10 : 43.05"
"48,11 : 46.39"
"48,12 : 53.6"
"48,13 : 34.71"
"48,14 : 43.83"
"48,15 : 60.21"
"48,16 : 35.17"
"48,17 : 49.04"
"48,18 : 61.72"
"48,19 : 42.94"
"48,20 : 44.82"
"48,21 : 30.08"
"48,22 : 46.53"
"48,23 : 57.43"
"48,24 : 35.23"
"48,25 : 32.14"
"48,26 : 35.0"
"48,27 : 22.47"
"48,28 : 45.89"
"48,29 : 37.59"
"48,30 : 41.3"
"48,31 : 31.62"
"48,32 : 20.81"
"48,33 : 47.04"
"48,34 : 26.91"
"48,35 : 50.61"
"48,36 : 32.02"
"48,37 : 33.6"
"48,38 : 35.74"
"48,39 : 48.27"
"48,40 : 3.61"
"48,41 : 7.28"
"48,42 : 13.42"
"48,43 : 47.63"
"48,44 : 46.1"
"48,45 : 44.78"
"48,46 : 49.41"
"48,47 : 38.83"
"48,48 : 0.0"
"48,49 : 35.61"
"49,0 : 17.03"
"49,1 : 11.4"
"49,2 : 18.38"
"49,3 : 19.42"
"49,4 : 32.53"
"49,5 : 16.12"
"49,6 : 26.17"
"49,7 : 23.71"
"49,8 : 16.28"
"49,9 : 24.04"
"49,10 : 25.0"
"49,11 : 32.56"
"49,12 : 21.38"
"49,13 : 16.16"
"49,14 : 18.79"
"49,15 : 25.94"
"49,16 : 22.47"
"49,17 : 20.62"
"49,18 : 26.17"
"49,19 : 10.2"
"49,20 : 9.22"
"49,21 : 14.04"
"49,22 : 19.92"
"49,23 : 25.5"
"49,24 : 27.29"
"49,25 : 26.93"
"49,26 : 23.09"
"49,27 : 15.65"
"49,28 : 21.4"
"49,29 : 14.87"
"49,30 : 21.4"
"49,31 : 19.7"
"49,32 : 16.76"
"49,33 : 30.61"
"49,34 : 10.2"
"49,35 : 15.0"
"49,36 : 30.68"
"49,37 : 2.24"
"49,38 : 12.53"
"49,39 : 12.73"
"49,40 : 36.07"
"49,41 : 29.0"
"49,42 : 24.17"
"49,43 : 15.13"
"49,44 : 29.21"
"49,45 : 11.0"
"49,46 : 18.03"
"49,47 : 25.61"
"49,48 : 35.61"
"49,49 : 0.0"
