x,y
251,726
654,942
967,901
853,689
273,846
799,939
61,15
554,156
648,74
695,950
561,224
151,804
618,489
472,460
631,267
207,61
524,884
552,419
289,377
346,996
653,218
913,21
320,960
867,826
770,218
300,213
538,135
592,814
64,920
397,90
30,632
551,710
765,623
488,412
262,619
668,611
668,181
120,763
150,326
988,656
213,955
987,42
372,292
927,128
747,545
364,749
774,964
141,43
772,555
53,971
188,998
199,155
477,307
795,210
886,893
838,290
83,966
161,428
217,495
933,292
496,395
77,864
791,615
566,653
210,503
268,100
646,234
282,791
720,191
885,858
703,42
51,134
338,308
112,750
24,898
551,193
147,426
49,29
892,679
752,291
192,604
278,205
929,262
934,859
627,923
860,679
58,770
463,692
756,636
779,599
607,866
603,960
885,149
392,593
760,73
173,780
42,260
204,144
308,250
539,293

Distanze
"0,0 : 0.0"
"0,1 : 457.24"
"0,2 : 737.08"
"0,3 : 603.14"
"0,4 : 122.0"
"0,5 : 587.94"
"0,6 : 735.95"
"0,7 : 645.53"
"0,8 : 763.36"
"0,9 : 497.3"
"0,10 : 590.0"
"0,11 : 126.82"
"0,12 : 436.87"
"0,13 : 345.83"
"0,14 : 595.89"
"0,15 : 666.45"
"0,16 : 315.43"
"0,17 : 429.94"
"0,18 : 351.06"
"0,19 : 286.23"
"0,20 : 647.82"
"0,21 : 967.09"
"0,22 : 243.96"
"0,23 : 624.06"
"0,24 : 726.24"
"0,25 : 515.33"
"0,26 : 657.0"
"0,27 : 352.17"
"0,28 : 269.45"
"0,29 : 652.54"
"0,30 : 240.16"
"0,31 : 300.43"
"0,32 : 524.22"
"0,33 : 393.4"
"0,34 : 107.56"
"0,35 : 432.57"
"0,36 : 686.23"
"0,37 : 136.12"
"0,38 : 412.55"
"0,39 : 740.32"
"0,40 : 232.13"
"0,41 : 1004.76"
"0,42 : 450.55"
"0,43 : 902.54"
"0,44 : 527.99"
"0,45 : 115.32"
"0,46 : 574.61"
"0,47 : 691.8"
"0,48 : 548.34"
"0,49 : 315.01"
"0,50 : 279.2"
"0,51 : 573.36"
"0,52 : 476.06"
"0,53 : 749.79"
"0,54 : 656.59"
"0,55 : 731.21"
"0,56 : 292.96"
"0,57 : 311.29"
"0,58 : 233.49"
"0,59 : 808.38"
"0,60 : 411.81"
"0,61 : 222.08"
"0,62 : 551.29"
"0,63 : 323.35"
"0,64 : 226.74"
"0,65 : 626.23"
"0,66 : 630.94"
"0,67 : 72.01"
"0,68 : 711.47"
"0,69 : 647.6"
"0,70 : 819.85"
"0,71 : 624.87"
"0,72 : 426.96"
"0,73 : 141.06"
"0,74 : 284.8"
"0,75 : 611.63"
"0,76 : 317.52"
"0,77 : 725.68"
"0,78 : 642.72"
"0,79 : 663.5"
"0,80 : 135.52"
"0,81 : 521.7"
"0,82 : 821.57"
"0,83 : 695.83"
"0,84 : 424.48"
"0,85 : 610.81"
"0,86 : 197.95"
"0,87 : 214.71"
"0,88 : 512.96"
"0,89 : 543.06"
"0,90 : 382.54"
"0,91 : 422.68"
"0,92 : 857.25"
"0,93 : 193.83"
"0,94 : 827.94"
"0,95 : 94.87"
"0,96 : 510.72"
"0,97 : 583.89"
"0,98 : 479.4"
"0,99 : 520.03"
"1,0 : 457.24"
"1,1 : 0.0"
"1,2 : 315.67"
"1,3 : 321.89"
"1,4 : 392.91"
"1,5 : 145.03"
"1,6 : 1100.44"
"1,7 : 792.34"
"1,8 : 868.02"
"1,9 : 41.77"
"1,10 : 724.0"
"1,11 : 521.59"
"1,12 : 454.43"
"1,13 : 515.22"
"1,14 : 675.39"
"1,15 : 987.91"
"1,16 : 142.35"
"1,17 : 532.85"
"1,18 : 672.64"
"1,19 : 312.7"
"1,20 : 724.0"
"1,21 : 956.72"
"1,22 : 334.48"
"1,23 : 242.54"
"1,24 : 733.23"
"1,25 : 810.41"
"1,26 : 815.29"
"1,27 : 142.23"
"1,28 : 590.41"
"1,29 : 889.92"
"1,30 : 696.76"
"1,31 : 253.84"
"1,32 : 337.76"
"1,33 : 555.39"
"1,34 : 507.93"
"1,35 : 331.3"
"1,36 : 761.13"
"1,37 : 563.2"
"1,38 : 795.91"
"1,39 : 439.72"
"1,40 : 441.19"
"1,41 : 959.63"
"1,42 : 708.54"
"1,43 : 858.56"
"1,44 : 407.75"
"1,45 : 348.35"
"1,46 : 122.0"
"1,47 : 1035.07"
"1,48 : 404.59"
"1,49 : 601.7"
"1,50 : 469.35"
"1,51 : 909.06"
"1,52 : 659.21"
"1,53 : 745.46"
"1,54 : 237.12"
"1,55 : 677.47"
"1,56 : 571.5"
"1,57 : 712.21"
"1,58 : 625.12"
"1,59 : 707.35"
"1,60 : 569.36"
"1,61 : 582.25"
"1,62 : 354.54"
"1,63 : 302.1"
"1,64 : 624.39"
"1,65 : 926.26"
"1,66 : 708.05"
"1,67 : 401.48"
"1,68 : 753.89"
"1,69 : 245.8"
"1,70 : 901.33"
"1,71 : 1008.2"
"1,72 : 708.39"
"1,73 : 575.0"
"1,74 : 631.53"
"1,75 : 756.05"
"1,76 : 723.4"
"1,77 : 1095.26"
"1,78 : 354.7"
"1,79 : 658.34"
"1,80 : 572.44"
"1,81 : 827.37"
"1,82 : 733.5"
"1,83 : 292.04"
"1,84 : 33.02"
"1,85 : 334.07"
"1,86 : 620.32"
"1,87 : 314.61"
"1,88 : 322.55"
"1,89 : 365.07"
"1,90 : 89.36"
"1,91 : 54.08"
"1,92 : 825.96"
"1,93 : 436.4"
"1,94 : 875.44"
"1,95 : 507.55"
"1,96 : 916.33"
"1,97 : 916.14"
"1,98 : 773.68"
"1,99 : 659.11"
"2,0 : 737.08"
"2,1 : 315.67"
"2,2 : 0.0"
"2,3 : 240.71"
"2,4 : 696.18"
"2,5 : 172.24"
"2,6 : 1267.21"
"2,7 : 851.82"
"2,8 : 886.39"
"2,9 : 276.38"
"2,10 : 789.41"
"2,11 : 821.75"
"2,12 : 539.95"
"2,13 : 662.95"
"2,14 : 717.53"
"2,15 : 1132.78"
"2,16 : 443.33"
"2,17 : 636.04"
"2,18 : 856.89"
"2,19 : 628.22"
"2,20 : 751.72"
"2,21 : 881.66"
"2,22 : 649.68"
"2,23 : 125.0"
"2,24 : 710.84"
"2,25 : 958.24"
"2,26 : 877.95"
"2,27 : 384.96"
"2,28 : 903.2"
"2,29 : 991.27"
"2,30 : 974.85"
"2,31 : 457.75"
"2,32 : 343.64"
"2,33 : 684.52"
"2,34 : 759.31"
"2,35 : 416.53"
"2,36 : 779.62"
"2,37 : 858.17"
"2,38 : 999.06"
"2,39 : 245.9"
"2,40 : 755.93"
"2,41 : 859.23"
"2,42 : 851.41"
"2,43 : 774.03"
"2,44 : 418.49"
"2,45 : 621.86"
"2,46 : 203.02"
"2,47 : 1190.98"
"2,48 : 397.17"
"2,49 : 916.68"
"2,50 : 785.02"
"2,51 : 1070.67"
"2,52 : 770.02"
"2,53 : 712.08"
"2,54 : 81.39"
"2,55 : 624.47"
"2,56 : 886.39"
"2,57 : 934.54"
"2,58 : 852.84"
"2,59 : 609.95"
"2,60 : 691.29"
"2,61 : 890.77"
"2,62 : 335.82"
"2,63 : 471.49"
"2,64 : 855.25"
"2,65 : 1063.11"
"2,66 : 740.22"
"2,67 : 693.78"
"2,68 : 751.74"
"2,69 : 92.59"
"2,70 : 898.65"
"2,71 : 1194.72"
"2,72 : 864.46"
"2,73 : 868.23"
"2,74 : 943.0"
"2,75 : 821.17"
"2,76 : 947.64"
"2,77 : 1266.14"
"2,78 : 234.33"
"2,79 : 646.78"
"2,80 : 829.96"
"2,81 : 979.36"
"2,82 : 640.13"
"2,83 : 53.41"
"2,84 : 340.71"
"2,85 : 246.44"
"2,86 : 918.39"
"2,87 : 545.62"
"2,88 : 338.74"
"2,89 : 355.74"
"2,90 : 361.7"
"2,91 : 368.75"
"2,92 : 756.46"
"2,93 : 652.3"
"2,94 : 853.48"
"2,95 : 803.17"
"2,96 : 1125.39"
"2,97 : 1074.81"
"2,98 : 926.33"
"2,99 : 743.54"
"3,0 : 603.14"
"3,1 : 321.89"
"3,2 : 240.71"
"3,3 : 0.0"
"3,4 : 600.87"
"3,5 : 255.77"
"3,6 : 1039.97"
"3,7 : 611.14"
"3,8 : 648.27"
"3,9 : 305.1"
"3,10 : 549.08"
"3,11 : 711.36"
"3,12 : 308.59"
"3,13 : 444.52"
"3,14 : 476.83"
"3,15 : 900.94"
"3,16 : 382.45"
"3,17 : 404.35"
"3,18 : 644.55"
"3,19 : 592.7"
"3,20 : 511.7"
"3,21 : 670.69"
"3,22 : 597.94"
"3,23 : 137.71"
"3,24 : 478.26"
"3,25 : 729.65"
"3,26 : 637.29"
"3,27 : 289.39"
"3,28 : 822.12"
"3,29 : 752.82"
"3,30 : 824.97"
"3,31 : 302.73"
"3,32 : 110.0"
"3,33 : 458.21"
"3,34 : 595.13"
"3,35 : 200.77"
"3,36 : 540.64"
"3,37 : 736.73"
"3,38 : 791.19"
"3,39 : 138.97"
"3,40 : 693.08"
"3,41 : 660.73"
"3,42 : 623.67"
"3,43 : 565.86"
"3,44 : 178.81"
"3,45 : 492.67"
"3,46 : 286.12"
"3,47 : 961.38"
"3,48 : 156.58"
"3,49 : 848.25"
"3,50 : 733.28"
"3,51 : 844.32"
"3,52 : 536.0"
"3,53 : 482.5"
"3,54 : 206.65"
"3,55 : 399.28"
"3,56 : 818.31"
"3,57 : 739.58"
"3,58 : 664.93"
"3,59 : 404.98"
"3,60 : 462.48"
"3,61 : 795.49"
"3,62 : 96.54"
"3,63 : 289.25"
"3,64 : 669.36"
"3,65 : 830.15"
"3,66 : 499.87"
"3,67 : 580.04"
"3,68 : 515.45"
"3,69 : 172.0"
"3,70 : 664.16"
"3,71 : 975.31"
"3,72 : 640.61"
"3,73 : 743.51"
"3,74 : 854.94"
"3,75 : 580.71"
"3,76 : 753.4"
"3,77 : 1040.2"
"3,78 : 40.26"
"3,79 : 410.62"
"3,80 : 666.44"
"3,81 : 751.59"
"3,82 : 433.71"
"3,83 : 188.31"
"3,84 : 325.32"
"3,85 : 12.21"
"3,86 : 799.12"
"3,87 : 390.01"
"3,88 : 110.54"
"3,89 : 116.52"
"3,90 : 303.06"
"3,91 : 368.7"
"3,92 : 540.95"
"3,93 : 470.89"
"3,94 : 622.98"
"3,95 : 686.06"
"3,96 : 917.48"
"3,97 : 847.48"
"3,98 : 699.82"
"3,99 : 505.38"
"4,0 : 122.0"
"4,1 : 392.91"
"4,2 : 696.18"
"4,3 : 600.87"
"4,4 : 0.0"
"4,5 : 534.16"
"4,6 : 857.62"
"4,7 : 745.02"
"4,8 : 858.26"
"4,9 : 434.63"
"4,10 : 685.44"
"4,11 : 129.03"
"4,12 : 496.46"
"4,13 : 434.28"
"4,14 : 680.74"
"4,15 : 787.77"
"4,16 : 253.86"
"4,17 : 510.07"
"4,18 : 469.27"
"4,19 : 166.82"
"4,20 : 734.02"
"4,21 : 1044.14"
"4,22 : 123.31"
"4,23 : 594.34"
"4,24 : 800.87"
"4,25 : 633.58"
"4,26 : 758.78"
"4,27 : 320.6"
"4,28 : 221.71"
"4,29 : 766.1"
"4,30 : 323.8"
"4,31 : 309.48"
"4,32 : 540.18"
"4,33 : 484.34"
"4,34 : 227.27"
"4,35 : 459.62"
"4,36 : 773.47"
"4,37 : 174.06"
"4,38 : 534.35"
"4,39 : 739.81"
"4,40 : 124.42"
"4,41 : 1075.27"
"4,42 : 562.78"
"4,43 : 971.21"
"4,44 : 561.5"
"4,45 : 133.0"
"4,46 : 514.71"
"4,47 : 813.78"
"4,48 : 577.65"
"4,49 : 253.03"
"4,50 : 174.15"
"4,51 : 694.95"
"4,52 : 576.31"
"4,53 : 822.79"
"4,54 : 614.8"
"4,55 : 792.69"
"4,56 : 224.72"
"4,57 : 432.74"
"4,58 : 355.44"
"4,59 : 861.69"
"4,60 : 503.12"
"4,61 : 196.82"
"4,62 : 567.17"
"4,63 : 350.85"
"4,64 : 348.74"
"4,65 : 746.02"
"4,66 : 716.71"
"4,67 : 55.73"
"4,68 : 792.99"
"4,69 : 612.12"
"4,70 : 911.77"
"4,71 : 745.81"
"4,72 : 541.91"
"4,73 : 187.45"
"4,74 : 254.37"
"4,75 : 709.71"
"4,76 : 438.49"
"4,77 : 847.15"
"4,78 : 641.13"
"4,79 : 733.12"
"4,80 : 255.2"
"4,81 : 641.02"
"4,82 : 878.29"
"4,83 : 661.13"
"4,84 : 362.28"
"4,85 : 610.29"
"4,86 : 228.04"
"4,87 : 244.57"
"4,88 : 526.68"
"4,89 : 563.07"
"4,90 : 334.6"
"4,91 : 349.14"
"4,92 : 927.55"
"4,93 : 279.59"
"4,94 : 913.62"
"4,95 : 119.82"
"4,96 : 629.89"
"4,97 : 705.38"
"4,98 : 597.03"
"4,99 : 613.65"
"5,0 : 587.94"
"5,1 : 145.03"
"5,2 : 172.24"
"5,3 : 255.77"
"5,4 : 534.16"
"5,5 : 0.0"
"5,6 : 1182.55"
"5,7 : 820.44"
"5,8 : 878.08"
"5,9 : 104.58"
"5,10 : 753.57"
"5,11 : 661.91"
"5,12 : 485.04"
"5,13 : 579.97"
"5,14 : 692.68"
"5,15 : 1058.94"
"5,16 : 280.45"
"5,17 : 575.68"
"5,18 : 758.91"
"5,19 : 456.57"
"5,20 : 735.63"
"5,21 : 925.05"
"5,22 : 479.46"
"5,23 : 131.88"
"5,24 : 721.58"
"5,25 : 880.95"
"5,26 : 845.3"
"5,27 : 241.81"
"5,28 : 735.25"
"5,29 : 939.36"
"5,30 : 828.02"
"5,31 : 337.56"
"5,32 : 317.82"
"5,33 : 611.92"
"5,34 : 625.12"
"5,35 : 353.19"
"5,36 : 769.24"
"5,37 : 701.44"
"5,38 : 892.73"
"5,39 : 340.31"
"5,40 : 586.22"
"5,41 : 916.49"
"5,42 : 775.2"
"5,43 : 821.04"
"5,44 : 397.42"
"5,45 : 474.68"
"5,46 : 35.36"
"5,47 : 1111.66"
"5,48 : 384.95"
"5,49 : 746.69"
"5,50 : 613.84"
"5,51 : 987.25"
"5,52 : 709.3"
"5,53 : 729.01"
"5,54 : 98.41"
"5,55 : 650.17"
"5,56 : 716.51"
"5,57 : 817.41"
"5,58 : 732.02"
"5,59 : 660.73"
"5,60 : 622.69"
"5,61 : 725.88"
"5,62 : 324.1"
"5,63 : 368.9"
"5,64 : 732.81"
"5,65 : 992.92"
"5,66 : 721.41"
"5,67 : 537.77"
"5,68 : 752.16"
"5,69 : 118.14"
"5,70 : 902.12"
"5,71 : 1098.88"
"5,72 : 781.46"
"5,73 : 712.52"
"5,74 : 776.08"
"5,75 : 786.14"
"5,76 : 829.62"
"5,77 : 1179.24"
"5,78 : 276.13"
"5,79 : 649.7"
"5,80 : 693.31"
"5,81 : 900.11"
"5,82 : 689.37"
"5,83 : 156.92"
"5,84 : 172.74"
"5,85 : 267.06"
"5,86 : 760.03"
"5,87 : 417.02"
"5,88 : 306.04"
"5,89 : 340.59"
"5,90 : 205.41"
"5,91 : 197.12"
"5,92 : 794.67"
"5,93 : 534.2"
"5,94 : 866.88"
"5,95 : 645.88"
"5,96 : 1016.9"
"5,97 : 993.0"
"5,98 : 846.05"
"5,99 : 696.36"
"6,0 : 735.95"
"6,1 : 1100.44"
"6,2 : 1267.21"
"6,3 : 1039.97"
"6,4 : 857.62"
"6,5 : 1182.55"
"6,6 : 0.0"
"6,7 : 512.77"
"6,8 : 589.96"
"6,9 : 1129.68"
"6,10 : 541.92"
"6,11 : 794.12"
"6,12 : 731.39"
"6,13 : 605.76"
"6,14 : 623.22"
"6,15 : 153.08"
"6,16 : 984.65"
"6,17 : 635.84"
"6,18 : 427.82"
"6,19 : 1021.56"
"6,20 : 625.84"
"6,21 : 852.02"
"6,22 : 979.85"
"6,23 : 1143.4"
"6,24 : 737.49"
"6,25 : 310.36"
"6,26 : 491.86"
"6,27 : 959.35"
"6,28 : 905.0"
"6,29 : 344.27"
"6,30 : 617.78"
"6,31 : 850.37"
"6,32 : 930.2"
"6,33 : 583.04"
"6,34 : 636.57"
"6,35 : 850.69"
"6,36 : 629.29"
"6,37 : 750.32"
"6,38 : 323.48"
"6,39 : 1127.04"
"6,40 : 952.21"
"6,41 : 926.39"
"6,42 : 416.47"
"6,43 : 873.34"
"6,44 : 866.89"
"6,45 : 794.08"
"6,46 : 1187.0"
"6,47 : 84.76"
"6,48 : 892.82"
"6,49 : 956.03"
"6,50 : 991.17"
"6,51 : 196.58"
"6,52 : 508.25"
"6,53 : 759.46"
"6,54 : 1204.79"
"6,55 : 824.23"
"6,56 : 951.25"
"6,57 : 424.93"
"6,58 : 504.71"
"6,59 : 914.94"
"6,60 : 577.6"
"6,61 : 849.15"
"6,62 : 944.93"
"6,63 : 813.68"
"6,64 : 510.24"
"6,65 : 223.77"
"6,66 : 624.65"
"6,67 : 806.86"
"6,68 : 682.1"
"6,69 : 1178.82"
"6,70 : 642.57"
"6,71 : 119.42"
"6,72 : 403.21"
"6,73 : 736.77"
"6,74 : 883.77"
"6,75 : 521.33"
"6,76 : 419.9"
"6,77 : 18.44"
"6,78 : 1063.7"
"6,79 : 744.08"
"6,80 : 603.39"
"6,81 : 288.43"
"6,82 : 902.46"
"6,83 : 1214.28"
"6,84 : 1069.96"
"6,85 : 1038.89"
"6,86 : 755.01"
"6,87 : 787.36"
"6,88 : 932.02"
"6,89 : 925.52"
"6,90 : 1011.1"
"6,91 : 1089.4"
"6,92 : 834.82"
"6,93 : 666.07"
"6,94 : 701.4"
"6,95 : 773.16"
"6,96 : 245.74"
"6,97 : 192.59"
"6,98 : 340.93"
"6,99 : 552.96"
"7,0 : 645.53"
"7,1 : 792.34"
"7,2 : 851.82"
"7,3 : 611.14"
"7,4 : 745.02"
"7,5 : 820.44"
"7,6 : 512.77"
"7,7 : 0.0"
"7,8 : 124.74"
"7,9 : 806.42"
"7,10 : 68.36"
"7,11 : 763.09"
"7,12 : 339.09"
"7,13 : 314.87"
"7,14 : 135.09"
"7,15 : 359.77"
"7,16 : 728.62"
"7,17 : 263.01"
"7,18 : 345.06"
"7,19 : 865.37"
"7,20 : 116.81"
"7,21 : 383.54"
"7,22 : 837.36"
"7,23 : 739.51"
"7,24 : 224.72"
"7,25 : 260.32"
"7,26 : 26.4"
"7,27 : 659.1"
"7,28 : 907.63"
"7,29 : 170.31"
"7,30 : 707.92"
"7,31 : 554.01"
"7,32 : 512.45"
"7,33 : 264.37"
"7,34 : 547.39"
"7,35 : 469.06"
"7,36 : 116.71"
"7,37 : 746.19"
"7,38 : 438.31"
"7,39 : 662.08"
"7,40 : 868.72"
"7,41 : 447.76"
"7,42 : 227.2"
"7,43 : 374.05"
"7,44 : 434.25"
"7,45 : 622.69"
"7,46 : 837.42"
"7,47 : 428.18"
"7,48 : 454.67"
"7,49 : 956.67"
"7,50 : 918.11"
"7,51 : 355.0"
"7,52 : 169.5"
"7,53 : 246.98"
"7,54 : 808.33"
"7,55 : 314.03"
"7,56 : 936.99"
"7,57 : 477.95"
"7,58 : 478.01"
"7,59 : 402.66"
"7,60 : 245.94"
"7,61 : 853.69"
"7,62 : 516.58"
"7,63 : 497.14"
"7,64 : 488.62"
"7,65 : 291.43"
"7,66 : 120.62"
"7,67 : 690.8"
"7,68 : 169.65"
"7,69 : 776.12"
"7,70 : 187.61"
"7,71 : 503.48"
"7,72 : 264.12"
"7,73 : 740.41"
"7,74 : 911.85"
"7,75 : 37.12"
"7,76 : 488.41"
"7,77 : 520.72"
"7,78 : 622.71"
"7,79 : 239.64"
"7,80 : 575.98"
"7,81 : 280.32"
"7,82 : 389.69"
"7,83 : 799.13"
"7,84 : 770.47"
"7,85 : 605.94"
"7,86 : 789.31"
"7,87 : 543.67"
"7,88 : 520.77"
"7,89 : 496.86"
"7,90 : 711.98"
"7,91 : 805.49"
"7,92 : 331.07"
"7,93 : 466.06"
"7,94 : 222.09"
"7,95 : 731.12"
"7,96 : 522.46"
"7,97 : 350.21"
"7,98 : 263.35"
"7,99 : 137.82"
"8,0 : 763.36"
"8,1 : 868.02"
"8,2 : 886.39"
"8,3 : 648.27"
"8,4 : 858.26"
"8,5 : 878.08"
"8,6 : 589.96"
"8,7 : 124.74"
"8,8 : 0.0"
"8,9 : 877.26"
"8,10 : 173.4"
"8,11 : 883.12"
"8,12 : 416.08"
"8,13 : 424.23"
"8,14 : 193.75"
"8,15 : 441.19"
"8,16 : 819.44"
"8,17 : 358.11"
"8,18 : 469.78"
"8,19 : 970.2"
"8,20 : 144.09"
"8,21 : 270.25"
"8,22 : 944.76"
"8,23 : 783.24"
"8,24 : 188.73"
"8,25 : 374.73"
"8,26 : 125.78"
"8,27 : 742.12"
"8,28 : 1027.99"
"8,29 : 251.51"
"8,30 : 832.64"
"8,31 : 643.35"
"8,32 : 561.33"
"8,33 : 373.96"
"8,34 : 667.85"
"8,35 : 537.37"
"8,36 : 108.85"
"8,37 : 868.05"
"8,38 : 558.13"
"8,39 : 674.04"
"8,40 : 982.54"
"8,41 : 340.51"
"8,42 : 351.71"
"8,43 : 284.18"
"8,44 : 481.29"
"8,45 : 732.31"
"8,46 : 898.87"
"8,47 : 507.95"
"8,48 : 496.73"
"8,49 : 1076.4"
"8,50 : 1032.17"
"8,51 : 456.25"
"8,52 : 289.02"
"8,53 : 200.26"
"8,54 : 852.88"
"8,55 : 287.67"
"8,56 : 1055.88"
"8,57 : 602.07"
"8,58 : 602.5"
"8,59 : 358.82"
"8,60 : 355.17"
"8,61 : 974.75"
"8,62 : 559.58"
"8,63 : 584.78"
"8,64 : 613.09"
"8,65 : 380.89"
"8,66 : 160.01"
"8,67 : 805.01"
"8,68 : 137.38"
"8,69 : 819.04"
"8,70 : 63.63"
"8,71 : 600.01"
"8,72 : 388.4"
"8,73 : 862.71"
"8,74 : 1033.61"
"8,75 : 153.53"
"8,76 : 612.29"
"8,77 : 600.69"
"8,78 : 652.35"
"8,79 : 240.63"
"8,80 : 699.17"
"8,81 : 392.51"
"8,82 : 338.09"
"8,83 : 835.48"
"8,84 : 849.26"
"8,85 : 641.07"
"8,86 : 912.42"
"8,87 : 645.1"
"8,88 : 572.28"
"8,89 : 541.1"
"8,90 : 793.06"
"8,91 : 887.14"
"8,92 : 248.58"
"8,93 : 578.7"
"8,94 : 112.0"
"8,95 : 850.92"
"8,96 : 633.9"
"8,97 : 449.48"
"8,98 : 382.85"
"8,99 : 244.63"
"9,0 : 497.3"
"9,1 : 41.77"
"9,2 : 276.38"
"9,3 : 305.1"
"9,4 : 434.63"
"9,5 : 104.58"
"9,6 : 1129.68"
"9,7 : 806.42"
"9,8 : 877.26"
"9,9 : 0.0"
"9,10 : 738.26"
"9,11 : 563.25"
"9,12 : 467.39"
"9,13 : 538.36"
"9,14 : 685.99"
"9,15 : 1014.13"
"9,16 : 183.29"
"9,17 : 549.92"
"9,18 : 702.26"
"9,19 : 352.02"
"9,20 : 733.2"
"9,21 : 954.24"
"9,22 : 375.13"
"9,23 : 212.04"
"9,24 : 735.83"
"9,25 : 836.18"
"9,26 : 829.98"
"9,27 : 170.6"
"9,28 : 631.71"
"9,29 : 910.17"
"9,30 : 737.12"
"9,31 : 279.89"
"9,32 : 334.41"
"9,33 : 576.45"
"9,34 : 545.02"
"9,35 : 340.07"
"9,36 : 769.47"
"9,37 : 604.64"
"9,38 : 828.49"
"9,39 : 415.07"
"9,40 : 482.03"
"9,41 : 953.8"
"9,42 : 733.0"
"9,43 : 854.11"
"9,44 : 408.32"
"9,45 : 387.25"
"9,46 : 80.23"
"9,47 : 1062.81"
"9,48 : 402.44"
"9,49 : 642.34"
"9,50 : 509.27"
"9,51 : 937.04"
"9,52 : 678.95"
"9,53 : 746.73"
"9,54 : 199.32"
"9,55 : 675.31"
"9,56 : 612.21"
"9,57 : 746.75"
"9,58 : 659.93"
"9,59 : 699.72"
"9,60 : 589.6"
"9,61 : 623.96"
"9,62 : 348.48"
"9,63 : 323.81"
"9,64 : 659.57"
"9,65 : 951.22"
"9,66 : 717.67"
"9,67 : 442.55"
"9,68 : 759.41"
"9,69 : 211.1"
"9,70 : 908.04"
"9,71 : 1039.52"
"9,72 : 734.58"
"9,73 : 616.35"
"9,74 : 673.01"
"9,75 : 770.57"
"9,76 : 758.21"
"9,77 : 1124.97"
"9,78 : 335.04"
"9,79 : 661.46"
"9,80 : 610.51"
"9,81 : 853.76"
"9,82 : 726.7"
"9,83 : 255.74"
"9,84 : 73.16"
"9,85 : 317.28"
"9,86 : 661.94"
"9,87 : 346.97"
"9,88 : 319.87"
"9,89 : 360.91"
"9,90 : 121.66"
"9,91 : 92.54"
"9,92 : 823.23"
"9,93 : 468.25"
"9,94 : 879.41"
"9,95 : 548.98"
"9,96 : 950.0"
"9,97 : 943.78"
"9,98 : 799.86"
"9,99 : 675.27"
"10,0 : 590.0"
"10,1 : 724.0"
"10,2 : 789.41"
"10,3 : 549.08"
"10,4 : 685.44"
"10,5 : 753.57"
"10,6 : 541.92"
"10,7 : 68.36"
"10,8 : 173.4"
"10,9 : 738.26"
"10,10 : 0.0"
"10,11 : 710.28"
"10,12 : 271.06"
"10,13 : 252.22"
"10,14 : 82.15"
"10,15 : 389.72"
"10,16 : 661.04"
"10,17 : 195.21"
"10,18 : 312.08"
"10,19 : 801.38"
"10,20 : 92.2"
"10,21 : 406.34"
"10,22 : 774.45"
"10,23 : 675.31"
"10,24 : 209.09"
"10,25 : 261.23"
"10,26 : 91.92"
"10,27 : 590.81"
"10,28 : 855.23"
"10,29 : 211.78"
"10,30 : 669.65"
"10,31 : 486.1"
"10,32 : 448.13"
"10,33 : 201.68"
"10,34 : 495.4"
"10,35 : 401.52"
"10,36 : 115.32"
"10,37 : 696.42"
"10,38 : 423.47"
"10,39 : 607.42"
"10,40 : 809.61"
"10,41 : 463.25"
"10,42 : 200.86"
"10,43 : 378.38"
"10,44 : 370.99"
"10,45 : 560.74"
"10,46 : 770.04"
"10,47 : 457.34"
"10,48 : 392.53"
"10,49 : 903.37"
"10,50 : 859.19"
"10,51 : 368.52"
"10,52 : 118.09"
"10,53 : 234.42"
"10,54 : 743.76"
"10,55 : 284.75"
"10,56 : 882.64"
"10,57 : 449.02"
"10,58 : 437.92"
"10,59 : 378.16"
"10,60 : 182.94"
"10,61 : 802.41"
"10,62 : 453.63"
"10,63 : 429.03"
"10,64 : 448.38"
"10,65 : 318.16"
"10,66 : 85.59"
"10,67 : 631.93"
"10,68 : 162.39"
"10,69 : 711.99"
"10,70 : 230.84"
"10,71 : 517.88"
"10,72 : 238.3"
"10,73 : 691.58"
"10,74 : 861.77"
"10,75 : 32.57"
"10,76 : 460.65"
"10,77 : 547.88"
"10,78 : 562.66"
"10,79 : 202.41"
"10,80 : 529.68"
"10,81 : 283.64"
"10,82 : 369.96"
"10,83 : 736.45"
"10,84 : 702.11"
"10,85 : 544.45"
"10,86 : 742.38"
"10,87 : 478.15"
"10,88 : 455.82"
"10,89 : 433.76"
"10,90 : 643.65"
"10,91 : 737.2"
"10,92 : 332.57"
"10,93 : 405.86"
"10,94 : 249.8"
"10,95 : 678.0"
"10,96 : 520.25"
"10,97 : 365.85"
"10,98 : 254.33"
"10,99 : 72.42"
"11,0 : 126.82"
"11,1 : 521.59"
"11,2 : 821.75"
"11,3 : 711.36"
"11,4 : 129.03"
"11,5 : 661.91"
"11,6 : 794.12"
"11,7 : 763.09"
"11,8 : 883.12"
"11,9 : 563.25"
"11,10 : 710.28"
"11,11 : 0.0"
"11,12 : 563.31"
"11,13 : 470.51"
"11,14 : 720.26"
"11,15 : 745.11"
"11,16 : 381.48"
"11,17 : 555.9"
"11,18 : 448.75"
"11,19 : 273.66"
"11,20 : 771.62"
"11,21 : 1092.58"
"11,22 : 229.99"
"11,23 : 716.34"
"11,24 : 852.38"
"11,25 : 609.49"
"11,26 : 772.87"
"11,27 : 441.11"
"11,28 : 145.0"
"11,29 : 755.19"
"11,30 : 210.3"
"11,31 : 410.9"
"11,32 : 640.12"
"11,33 : 516.95"
"11,34 : 215.75"
"11,35 : 551.85"
"11,36 : 809.58"
"11,37 : 51.4"
"11,38 : 478.0"
"11,39 : 849.98"
"11,40 : 163.23"
"11,41 : 1131.17"
"11,42 : 557.66"
"11,43 : 1029.15"
"11,44 : 649.84"
"11,45 : 219.99"
"11,46 : 643.22"
"11,47 : 761.07"
"11,48 : 669.06"
"11,49 : 193.63"
"11,50 : 197.5"
"11,51 : 650.77"
"11,52 : 594.38"
"11,53 : 876.11"
"11,54 : 740.37"
"11,55 : 858.0"
"11,56 : 175.69"
"11,57 : 376.13"
"11,58 : 315.97"
"11,59 : 934.7"
"11,60 : 535.08"
"11,61 : 95.27"
"11,62 : 667.32"
"11,63 : 441.62"
"11,64 : 306.73"
"11,65 : 713.66"
"11,66 : 754.93"
"11,67 : 131.64"
"11,68 : 836.38"
"11,69 : 735.98"
"11,70 : 940.93"
"11,71 : 677.42"
"11,72 : 530.08"
"11,73 : 66.61"
"11,74 : 158.0"
"11,75 : 730.29"
"11,76 : 378.02"
"11,77 : 781.68"
"11,78 : 751.47"
"11,79 : 790.17"
"11,80 : 204.16"
"11,81 : 612.32"
"11,82 : 948.18"
"11,83 : 784.93"
"11,84 : 490.65"
"11,85 : 719.93"
"11,86 : 99.02"
"11,87 : 331.49"
"11,88 : 627.89"
"11,89 : 660.61"
"11,90 : 460.2"
"11,91 : 478.16"
"11,92 : 983.76"
"11,93 : 320.32"
"11,94 : 951.44"
"11,95 : 32.56"
"11,96 : 554.81"
"11,97 : 662.12"
"11,98 : 575.82"
"11,99 : 641.61"
"12,0 : 436.87"
"12,1 : 454.43"
"12,2 : 539.95"
"12,3 : 308.59"
"12,4 : 496.46"
"12,5 : 485.04"
"12,6 : 731.39"
"12,7 : 339.09"
"12,8 : 416.08"
"12,9 : 467.39"
"12,10 : 271.06"
"12,11 : 563.31"
"12,12 : 0.0"
"12,13 : 148.85"
"12,14 : 222.38"
"12,15 : 593.38"
"12,16 : 406.03"
"12,17 : 96.21"
"12,18 : 347.54"
"12,19 : 575.35"
"12,20 : 273.25"
"12,21 : 553.22"
"12,22 : 557.36"
"12,23 : 419.01"
"12,24 : 310.72"
"12,25 : 421.07"
"12,26 : 362.93"
"12,27 : 326.04"
"12,28 : 701.91"
"12,29 : 456.12"
"12,30 : 605.14"
"12,31 : 230.93"
"12,32 : 198.91"
"12,33 : 151.09"
"12,34 : 378.99"
"12,35 : 131.85"
"12,36 : 312.03"
"12,37 : 568.4"
"12,38 : 495.57"
"12,39 : 405.94"
"12,40 : 617.4"
"12,41 : 579.63"
"12,42 : 315.16"
"12,43 : 475.19"
"12,44 : 140.63"
"12,45 : 363.48"
"12,46 : 499.96"
"12,47 : 653.03"
"12,48 : 167.55"
"12,49 : 742.66"
"12,50 : 666.32"
"12,51 : 535.83"
"12,52 : 230.23"
"12,53 : 330.41"
"12,54 : 484.81"
"12,55 : 296.65"
"12,56 : 716.77"
"12,57 : 461.05"
"12,58 : 401.04"
"12,59 : 371.53"
"12,60 : 154.01"
"12,61 : 658.26"
"12,62 : 214.02"
"12,63 : 172.05"
"12,64 : 408.24"
"12,65 : 523.28"
"12,66 : 256.53"
"12,67 : 451.77"
"12,68 : 314.97"
"12,69 : 455.47"
"12,70 : 455.01"
"12,71 : 668.96"
"12,72 : 333.41"
"12,73 : 569.35"
"12,74 : 721.19"
"12,75 : 303.49"
"12,76 : 475.19"
"12,77 : 731.68"
"12,78 : 333.43"
"12,79 : 239.08"
"12,80 : 441.25"
"12,81 : 443.01"
"12,82 : 385.03"
"12,83 : 486.58"
"12,84 : 434.09"
"12,85 : 307.68"
"12,86 : 626.55"
"12,87 : 255.41"
"12,88 : 201.63"
"12,89 : 194.99"
"12,90 : 377.16"
"12,91 : 471.24"
"12,92 : 432.31"
"12,93 : 248.78"
"12,94 : 439.57"
"12,95 : 531.7"
"12,96 : 619.85"
"12,97 : 538.91"
"12,98 : 391.43"
"12,99 : 211.32"
"13,0 : 345.83"
"13,1 : 515.22"
"13,2 : 662.95"
"13,3 : 444.52"
"13,4 : 434.28"
"13,5 : 579.97"
"13,6 : 605.76"
"13,7 : 314.87"
"13,8 : 424.23"
"13,9 : 538.36"
"13,10 : 252.22"
"13,11 : 470.51"
"13,12 : 148.85"
"13,13 : 0.0"
"13,14 : 250.06"
"13,15 : 478.98"
"13,16 : 427.18"
"13,17 : 89.89"
"13,18 : 200.94"
"13,19 : 550.61"
"13,20 : 302.2"
"13,21 : 622.26"
"13,22 : 522.59"
"13,23 : 538.5"
"13,24 : 383.89"
"13,25 : 300.99"
"13,26 : 331.63"
"13,27 : 373.79"
"13,28 : 614.87"
"13,29 : 377.52"
"13,30 : 474.29"
"13,31 : 262.19"
"13,32 : 335.29"
"13,33 : 50.6"
"13,34 : 263.4"
"13,35 : 247.42"
"13,36 : 340.96"
"13,37 : 464.45"
"13,38 : 348.77"
"13,39 : 551.97"
"13,40 : 558.66"
"13,41 : 663.29"
"13,42 : 195.51"
"13,43 : 563.25"
"13,44 : 287.84"
"13,45 : 308.52"
"13,46 : 587.55"
"13,47 : 532.4"
"13,48 : 314.68"
"13,49 : 660.82"
"13,50 : 608.36"
"13,51 : 409.33"
"13,52 : 153.08"
"13,53 : 408.45"
"13,54 : 599.07"
"13,55 : 403.55"
"13,56 : 638.25"
"13,57 : 312.64"
"13,58 : 257.39"
"13,59 : 490.66"
"13,60 : 69.29"
"13,61 : 565.01"
"13,62 : 354.66"
"13,63 : 214.67"
"13,64 : 265.51"
"13,65 : 413.78"
"13,66 : 285.22"
"13,67 : 381.66"
"13,68 : 365.88"
"13,69 : 573.56"
"13,70 : 477.58"
"13,71 : 532.46"
"13,72 : 202.63"
"13,73 : 462.28"
"13,74 : 626.54"
"13,75 : 278.44"
"13,76 : 326.77"
"13,77 : 603.9"
"13,78 : 473.67"
"13,79 : 327.05"
"13,80 : 314.86"
"13,81 : 320.41"
"13,82 : 498.05"
"13,83 : 610.45"
"13,84 : 488.26"
"13,85 : 445.54"
"13,86 : 517.2"
"13,87 : 232.17"
"13,88 : 334.11"
"13,89 : 337.0"
"13,90 : 427.86"
"13,91 : 516.88"
"13,92 : 517.0"
"13,93 : 155.21"
"13,94 : 482.4"
"13,95 : 437.95"
"13,96 : 474.24"
"13,97 : 414.34"
"13,98 : 266.45"
"13,99 : 179.94"
"14,0 : 595.89"
"14,1 : 675.39"
"14,2 : 717.53"
"14,3 : 476.83"
"14,4 : 680.74"
"14,5 : 692.68"
"14,6 : 623.22"
"14,7 : 135.09"
"14,8 : 193.75"
"14,9 : 685.99"
"14,10 : 82.15"
"14,11 : 720.26"
"14,12 : 222.38"
"14,13 : 250.06"
"14,14 : 0.0"
"14,15 : 471.39"
"14,16 : 626.21"
"14,17 : 171.3"
"14,18 : 359.25"
"14,19 : 782.73"
"14,20 : 53.71"
"14,21 : 374.22"
"14,22 : 759.59"
"14,23 : 606.78"
"14,24 : 147.38"
"14,25 : 335.38"
"14,26 : 161.47"
"14,27 : 548.39"
"14,28 : 864.81"
"14,29 : 293.4"
"14,30 : 703.15"
"14,31 : 450.17"
"14,32 : 380.38"
"14,33 : 203.65"
"14,34 : 509.97"
"14,35 : 345.98"
"14,36 : 93.62"
"14,37 : 712.14"
"14,38 : 484.6"
"14,39 : 527.99"
"14,40 : 805.03"
"14,41 : 421.14"
"14,42 : 260.2"
"14,43 : 327.01"
"14,44 : 301.23"
"14,45 : 551.01"
"14,46 : 711.52"
"14,47 : 538.77"
"14,48 : 320.66"
"14,49 : 910.88"
"14,50 : 854.76"
"14,51 : 446.28"
"14,52 : 159.11"
"14,53 : 173.62"
"14,54 : 675.94"
"14,55 : 208.27"
"14,56 : 888.2"
"14,57 : 496.81"
"14,58 : 472.63"
"14,59 : 303.03"
"14,60 : 186.03"
"14,61 : 814.45"
"14,62 : 383.02"
"14,63 : 391.43"
"14,64 : 482.64"
"14,65 : 399.57"
"14,66 : 36.25"
"14,67 : 629.58"
"14,68 : 117.03"
"14,69 : 643.27"
"14,70 : 236.24"
"14,71 : 595.05"
"14,72 : 295.85"
"14,73 : 708.98"
"14,74 : 875.56"
"14,75 : 108.98"
"14,76 : 509.45"
"14,77 : 628.78"
"14,78 : 487.71"
"14,79 : 123.36"
"14,80 : 553.43"
"14,81 : 358.4"
"14,82 : 298.04"
"14,83 : 665.04"
"14,84 : 656.01"
"14,85 : 471.37"
"14,86 : 762.46"
"14,87 : 457.0"
"14,88 : 389.6"
"14,89 : 363.49"
"14,90 : 599.48"
"14,91 : 693.57"
"14,92 : 280.07"
"14,93 : 404.22"
"14,94 : 232.97"
"14,95 : 687.7"
"14,96 : 589.04"
"14,97 : 444.36"
"14,98 : 323.45"
"14,99 : 95.6"
"15,0 : 666.45"
"15,1 : 987.91"
"15,2 : 1132.78"
"15,3 : 900.94"
"15,4 : 787.77"
"15,5 : 1058.94"
"15,6 : 153.08"
"15,7 : 359.77"
"15,8 : 441.19"
"15,9 : 1014.13"
"15,10 : 389.72"
"15,11 : 745.11"
"15,12 : 593.38"
"15,13 : 478.98"
"15,14 : 471.39"
"15,15 : 0.0"
"15,16 : 881.94"
"15,17 : 497.18"
"15,18 : 326.47"
"15,19 : 945.28"
"15,20 : 472.83"
"15,21 : 707.13"
"15,22 : 906.07"
"15,23 : 1010.36"
"15,24 : 584.48"
"15,25 : 178.19"
"15,26 : 339.17"
"15,27 : 845.72"
"15,28 : 870.82"
"15,29 : 192.2"
"15,30 : 597.8"
"15,31 : 734.53"
"15,32 : 791.96"
"15,33 : 449.62"
"15,34 : 560.7"
"15,35 : 717.65"
"15,36 : 476.36"
"15,37 : 707.37"
"15,38 : 271.06"
"15,39 : 981.83"
"15,40 : 894.02"
"15,41 : 780.23"
"15,42 : 283.88"
"15,43 : 723.11"
"15,44 : 725.16"
"15,45 : 705.69"
"15,46 : 1066.25"
"15,47 : 68.41"
"15,48 : 750.51"
"15,49 : 922.94"
"15,50 : 937.19"
"15,51 : 94.34"
"15,52 : 365.26"
"15,53 : 606.58"
"15,54 : 1073.9"
"15,55 : 671.27"
"15,56 : 913.46"
"15,57 : 369.87"
"15,58 : 434.12"
"15,59 : 761.86"
"15,60 : 441.68"
"15,61 : 813.45"
"15,62 : 804.97"
"15,63 : 692.35"
"15,64 : 442.01"
"15,65 : 72.4"
"15,66 : 471.86"
"15,67 : 733.84"
"15,68 : 529.22"
"15,69 : 1046.37"
"15,70 : 496.36"
"15,71 : 172.24"
"15,72 : 279.59"
"15,73 : 695.52"
"15,74 : 856.77"
"15,75 : 368.46"
"15,76 : 369.9"
"15,77 : 161.21"
"15,78 : 922.58"
"15,79 : 591.54"
"15,80 : 543.21"
"15,81 : 160.55"
"15,82 : 749.46"
"15,83 : 1079.51"
"15,84 : 958.88"
"15,85 : 899.07"
"15,86 : 724.49"
"15,87 : 680.95"
"15,88 : 795.0"
"15,89 : 785.26"
"15,90 : 898.9"
"15,91 : 982.35"
"15,92 : 683.69"
"15,93 : 563.25"
"15,94 : 553.13"
"15,95 : 719.8"
"15,96 : 258.51"
"15,97 : 83.05"
"15,98 : 214.29"
"15,99 : 405.03"
"16,0 : 315.43"
"16,1 : 142.35"
"16,2 : 443.33"
"16,3 : 382.45"
"16,4 : 253.86"
"16,5 : 280.45"
"16,6 : 984.65"
"16,7 : 728.62"
"16,8 : 819.44"
"16,9 : 183.29"
"16,10 : 661.04"
"16,11 : 381.48"
"16,12 : 406.03"
"16,13 : 427.18"
"16,14 : 626.21"
"16,15 : 881.94"
"16,16 : 0.0"
"16,17 : 465.84"
"16,18 : 558.81"
"16,19 : 210.3"
"16,20 : 678.38"
"16,21 : 946.62"
"16,22 : 217.7"
"16,23 : 347.87"
"16,24 : 709.98"
"16,25 : 707.4"
"16,26 : 749.13"
"16,27 : 97.59"
"16,28 : 461.41"
"16,29 : 804.09"
"16,30 : 554.56"
"16,31 : 176.08"
"16,32 : 355.25"
"16,33 : 473.37"
"16,34 : 372.65"
"16,35 : 308.65"
"16,36 : 717.6"
"16,37 : 421.73"
"16,38 : 671.74"
"16,39 : 516.99"
"16,40 : 319.0"
"16,41 : 960.9"
"16,42 : 611.2"
"16,43 : 856.71"
"16,44 : 405.77"
"16,45 : 209.34"
"16,46 : 262.49"
"16,47 : 924.1"
"16,48 : 412.0"
"16,49 : 478.97"
"16,50 : 354.81"
"16,51 : 798.16"
"16,52 : 578.91"
"16,53 : 726.44"
"16,54 : 362.11"
"16,55 : 671.89"
"16,56 : 448.56"
"16,57 : 582.84"
"16,58 : 495.55"
"16,59 : 719.54"
"16,60 : 489.8"
"16,61 : 447.45"
"16,62 : 379.01"
"16,63 : 234.79"
"16,64 : 493.72"
"16,65 : 824.74"
"16,66 : 661.35"
"16,67 : 259.25"
"16,68 : 720.18"
"16,69 : 361.94"
"16,70 : 860.82"
"16,71 : 886.7"
"16,72 : 605.29"
"16,73 : 433.24"
"16,74 : 500.2"
"16,75 : 691.53"
"16,76 : 593.21"
"16,77 : 978.08"
"16,78 : 421.25"
"16,79 : 635.32"
"16,80 : 434.31"
"16,81 : 722.19"
"16,82 : 742.23"
"16,83 : 410.76"
"16,84 : 110.14"
"16,85 : 393.6"
"16,86 : 479.74"
"16,87 : 201.46"
"16,88 : 339.6"
"16,89 : 382.43"
"16,90 : 84.93"
"16,91 : 109.62"
"16,92 : 818.87"
"16,93 : 319.54"
"16,94 : 844.64"
"16,95 : 366.08"
"16,96 : 788.48"
"16,97 : 806.23"
"16,98 : 669.79"
"16,99 : 591.19"
"17,0 : 429.94"
"17,1 : 532.85"
"17,2 : 636.04"
"17,3 : 404.35"
"17,4 : 510.07"
"17,5 : 575.68"
"17,6 : 635.84"
"17,7 : 263.01"
"17,8 : 358.11"
"17,9 : 549.92"
"17,10 : 195.21"
"17,11 : 555.9"
"17,12 : 96.21"
"17,13 : 89.89"
"17,14 : 171.3"
"17,15 : 497.18"
"17,16 : 465.84"
"17,17 : 0.0"
"17,18 : 266.33"
"17,19 : 612.67"
"17,20 : 224.95"
"17,21 : 537.33"
"17,22 : 588.65"
"17,23 : 514.66"
"17,24 : 296.52"
"17,25 : 325.48"
"17,26 : 284.34"
"17,27 : 397.02"
"17,28 : 699.39"
"17,29 : 363.68"
"17,30 : 563.78"
"17,31 : 291.0"
"17,32 : 294.93"
"17,33 : 64.38"
"17,34 : 352.28"
"17,35 : 224.32"
"17,36 : 264.76"
"17,37 : 552.23"
"17,38 : 412.62"
"17,39 : 496.25"
"17,40 : 634.21"
"17,41 : 575.63"
"17,42 : 220.29"
"17,43 : 474.66"
"17,44 : 232.17"
"17,45 : 379.79"
"17,46 : 588.48"
"17,47 : 557.04"
"17,48 : 258.64"
"17,49 : 744.11"
"17,50 : 683.91"
"17,51 : 440.8"
"17,52 : 134.79"
"17,53 : 320.52"
"17,54 : 579.86"
"17,55 : 313.75"
"17,56 : 720.53"
"17,57 : 391.1"
"17,58 : 343.51"
"17,59 : 401.61"
"17,60 : 60.93"
"17,61 : 650.88"
"17,62 : 309.09"
"17,63 : 234.42"
"17,64 : 352.16"
"17,65 : 427.1"
"17,66 : 207.51"
"17,67 : 459.66"
"17,68 : 283.21"
"17,69 : 551.01"
"17,70 : 406.12"
"17,71 : 576.39"
"17,72 : 241.07"
"17,73 : 550.6"
"17,74 : 712.9"
"17,75 : 226.0"
"17,76 : 405.06"
"17,77 : 636.48"
"17,78 : 428.02"
"17,79 : 237.45"
"17,80 : 404.75"
"17,81 : 347.67"
"17,82 : 408.38"
"17,83 : 582.69"
"17,84 : 509.55"
"17,85 : 403.07"
"17,86 : 606.0"
"17,87 : 287.14"
"17,88 : 297.83"
"17,89 : 289.71"
"17,90 : 450.37"
"17,91 : 543.4"
"17,92 : 428.71"
"17,93 : 236.38"
"17,94 : 403.71"
"17,95 : 523.41"
"17,96 : 534.21"
"17,97 : 443.54"
"17,98 : 296.81"
"17,99 : 126.67"
"18,0 : 351.06"
"18,1 : 672.64"
"18,2 : 856.89"
"18,3 : 644.55"
"18,4 : 469.27"
"18,5 : 758.91"
"18,6 : 427.82"
"18,7 : 345.06"
"18,8 : 469.78"
"18,9 : 702.26"
"18,10 : 312.08"
"18,11 : 448.75"
"18,12 : 347.54"
"18,13 : 200.94"
"18,14 : 359.25"
"18,15 : 326.47"
"18,16 : 558.81"
"18,17 : 266.33"
"18,18 : 0.0"
"18,19 : 621.62"
"18,20 : 397.21"
"18,21 : 718.41"
"18,22 : 583.82"
"18,23 : 731.91"
"18,24 : 506.6"
"18,25 : 164.37"
"18,26 : 347.22"
"18,27 : 531.77"
"18,28 : 587.77"
"18,29 : 306.65"
"18,30 : 363.46"
"18,31 : 423.71"
"18,32 : 535.81"
"18,33 : 202.05"
"18,34 : 243.5"
"18,35 : 445.42"
"18,36 : 426.68"
"18,37 : 421.38"
"18,38 : 148.06"
"18,39 : 752.62"
"18,40 : 582.98"
"18,41 : 774.23"
"18,42 : 118.8"
"18,43 : 684.87"
"18,44 : 487.84"
"18,45 : 379.49"
"18,46 : 761.44"
"18,47 : 365.32"
"18,48 : 514.76"
"18,49 : 639.17"
"18,50 : 629.16"
"18,51 : 239.55"
"18,52 : 200.61"
"18,53 : 532.85"
"18,54 : 789.09"
"18,55 : 555.85"
"18,56 : 623.98"
"18,57 : 137.79"
"18,58 : 138.23"
"18,59 : 649.59"
"18,60 : 207.78"
"18,61 : 531.14"
"18,62 : 555.56"
"18,63 : 391.03"
"18,64 : 148.72"
"18,65 : 277.79"
"18,66 : 384.58"
"18,67 : 414.06"
"18,68 : 469.42"
"18,69 : 765.88"
"18,70 : 532.56"
"18,71 : 340.14"
"18,72 : 84.63"
"18,73 : 412.87"
"18,74 : 584.52"
"18,75 : 320.16"
"18,76 : 150.22"
"18,77 : 422.73"
"18,78 : 674.4"
"18,79 : 470.92"
"18,80 : 246.86"
"18,81 : 172.35"
"18,82 : 650.25"
"18,83 : 805.2"
"18,84 : 642.15"
"18,85 : 645.95"
"18,86 : 455.86"
"18,87 : 359.86"
"18,88 : 534.01"
"18,89 : 537.94"
"18,90 : 583.31"
"18,91 : 662.18"
"18,92 : 638.12"
"18,93 : 239.3"
"18,94 : 560.59"
"18,95 : 419.36"
"18,96 : 273.31"
"18,97 : 248.02"
"18,98 : 128.41"
"18,99 : 263.73"
"19,0 : 286.23"
"19,1 : 312.7"
"19,2 : 628.22"
"19,3 : 592.7"
"19,4 : 166.82"
"19,5 : 456.57"
"19,6 : 1021.56"
"19,7 : 865.37"
"19,8 : 970.2"
"19,9 : 352.02"
"19,10 : 801.38"
"19,11 : 273.66"
"19,12 : 575.35"
"19,13 : 550.61"
"19,14 : 782.73"
"19,15 : 945.28"
"19,16 : 210.3"
"19,17 : 612.67"
"19,18 : 621.62"
"19,19 : 0.0"
"19,20 : 836.38"
"19,21 : 1127.88"
"19,22 : 44.41"
"19,23 : 548.03"
"19,24 : 886.04"
"19,25 : 784.35"
"19,26 : 882.15"
"19,27 : 306.01"
"19,28 : 292.06"
"19,29 : 907.43"
"19,30 : 482.03"
"19,31 : 351.88"
"19,32 : 560.97"
"19,33 : 601.02"
"19,34 : 386.24"
"19,35 : 501.91"
"19,36 : 876.3"
"19,37 : 324.6"
"19,38 : 698.08"
"19,39 : 726.47"
"19,40 : 139.18"
"19,41 : 1149.35"
"19,42 : 704.48"
"19,43 : 1044.5"
"19,44 : 603.49"
"19,45 : 247.66"
"19,46 : 429.19"
"19,47 : 974.8"
"19,48 : 613.15"
"19,49 : 294.06"
"19,50 : 158.01"
"19,51 : 853.75"
"19,52 : 701.34"
"19,53 : 905.21"
"19,54 : 549.74"
"19,55 : 860.52"
"19,56 : 264.71"
"19,57 : 597.37"
"19,58 : 517.34"
"19,59 : 916.62"
"19,60 : 619.44"
"19,61 : 299.64"
"19,62 : 585.82"
"19,63 : 407.49"
"19,64 : 511.41"
"19,65 : 899.39"
"19,66 : 818.93"
"19,67 : 214.76"
"19,68 : 887.64"
"19,69 : 556.39"
"19,70 : 1018.61"
"19,71 : 911.08"
"19,72 : 688.05"
"19,73 : 339.52"
"19,74 : 336.58"
"19,75 : 828.75"
"19,76 : 603.74"
"19,77 : 1011.58"
"19,78 : 631.35"
"19,79 : 813.55"
"19,80 : 421.17"
"19,81 : 793.92"
"19,82 : 937.36"
"19,83 : 603.75"
"19,84 : 290.33"
"19,85 : 603.89"
"19,86 : 366.09"
"19,87 : 325.74"
"19,88 : 545.62"
"19,89 : 587.45"
"19,90 : 291.58"
"19,91 : 259.51"
"19,92 : 1003.96"
"19,93 : 405.62"
"19,94 : 1011.6"
"19,95 : 276.74"
"19,96 : 796.31"
"19,97 : 863.75"
"19,98 : 746.97"
"19,99 : 729.01"
"20,0 : 647.82"
"20,1 : 724.0"
"20,2 : 751.72"
"20,3 : 511.7"
"20,4 : 734.02"
"20,5 : 735.63"
"20,6 : 625.84"
"20,7 : 116.81"
"20,8 : 144.09"
"20,9 : 733.2"
"20,10 : 92.2"
"20,11 : 771.62"
"20,12 : 273.25"
"20,13 : 302.2"
"20,14 : 53.71"
"20,15 : 472.83"
"20,16 : 678.38"
"20,17 : 224.95"
"20,18 : 397.21"
"20,19 : 836.38"
"20,20 : 0.0"
"20,21 : 326.2"
"20,22 : 813.3"
"20,23 : 644.56"
"20,24 : 117.0"
"20,25 : 353.04"
"20,26 : 141.82"
"20,27 : 599.11"
"20,28 : 916.37"
"20,29 : 286.22"
"20,30 : 748.01"
"20,31 : 502.46"
"20,32 : 420.2"
"20,33 : 254.68"
"20,34 : 560.07"
"20,35 : 393.29"
"20,36 : 39.92"
"20,37 : 762.31"
"20,38 : 514.46"
"20,39 : 551.42"
"20,40 : 858.35"
"20,41 : 377.53"
"20,42 : 290.58"
"20,43 : 288.4"
"20,44 : 340.24"
"20,45 : 604.55"
"20,46 : 755.75"
"20,47 : 541.08"
"20,48 : 357.39"
"20,49 : 962.81"
"20,50 : 908.09"
"20,51 : 458.35"
"20,52 : 197.22"
"20,53 : 142.23"
"20,54 : 714.08"
"20,55 : 198.52"
"20,56 : 940.43"
"20,57 : 534.94"
"20,58 : 516.55"
"20,59 : 289.61"
"20,60 : 236.6"
"20,61 : 865.5"
"20,62 : 420.3"
"20,63 : 443.61"
"20,64 : 526.76"
"20,65 : 402.68"
"20,66 : 17.46"
"20,67 : 682.62"
"20,68 : 72.24"
"20,69 : 680.75"
"20,70 : 182.96"
"20,71 : 607.83"
"20,72 : 327.6"
"20,73 : 758.75"
"20,74 : 926.31"
"20,75 : 105.02"
"20,76 : 547.08"
"20,77 : 632.88"
"20,78 : 519.27"
"20,79 : 123.0"
"20,80 : 601.26"
"20,81 : 375.23"
"20,82 : 279.49"
"20,83 : 699.89"
"20,84 : 705.48"
"20,85 : 505.34"
"20,86 : 811.62"
"20,87 : 510.66"
"20,88 : 430.5"
"20,89 : 401.29"
"20,90 : 649.63"
"20,91 : 743.68"
"20,92 : 242.04"
"20,93 : 456.89"
"20,94 : 180.21"
"20,95 : 739.08"
"20,96 : 612.44"
"20,97 : 455.06"
"20,98 : 346.48"
"20,99 : 136.46"
"21,0 : 967.09"
"21,1 : 956.72"
"21,2 : 881.66"
"21,3 : 670.69"
"21,4 : 1044.14"
"21,5 : 925.05"
"21,6 : 852.02"
"21,7 : 383.54"
"21,8 : 270.25"
"21,9 : 954.24"
"21,10 : 406.34"
"21,11 : 1092.58"
"21,12 : 553.22"
"21,13 : 622.26"
"21,14 : 374.22"
"21,15 : 707.13"
"21,16 : 946.62"
"21,17 : 537.33"
"21,18 : 718.41"
"21,19 : 1127.88"
"21,20 : 326.2"
"21,21 : 0.0"
"21,22 : 1110.57"
"21,23 : 806.31"
"21,24 : 243.43"
"21,25 : 642.37"
"21,26 : 391.95"
"21,27 : 855.51"
"21,28 : 1236.53"
"21,29 : 520.59"
"21,30 : 1073.78"
"21,31 : 778.31"
"21,32 : 619.93"
"21,33 : 577.5"
"21,34 : 883.97"
"21,35 : 638.85"
"21,36 : 292.62"
"21,37 : 1086.01"
"21,38 : 821.7"
"21,39 : 639.41"
"21,40 : 1167.2"
"21,41 : 76.92"
"21,42 : 605.08"
"21,43 : 107.91"
"21,44 : 549.67"
"21,45 : 911.8"
"21,46 : 953.19"
"21,47 : 772.31"
"21,48 : 552.3"
"21,49 : 1281.44"
"21,50 : 1216.62"
"21,51 : 726.47"
"21,52 : 521.43"
"21,53 : 222.81"
"21,54 : 872.42"
"21,55 : 279.26"
"21,56 : 1257.75"
"21,57 : 855.07"
"21,58 : 842.08"
"21,59 : 271.74"
"21,60 : 560.15"
"21,61 : 1187.24"
"21,62 : 606.4"
"21,63 : 720.99"
"21,64 : 852.37"
"21,65 : 649.82"
"21,66 : 341.55"
"21,67 : 995.52"
"21,68 : 257.19"
"21,69 : 837.47"
"21,70 : 211.05"
"21,71 : 869.38"
"21,72 : 642.65"
"21,73 : 1083.07"
"21,74 : 1248.78"
"21,75 : 400.78"
"21,76 : 866.48"
"21,77 : 864.04"
"21,78 : 658.34"
"21,79 : 314.36"
"21,80 : 927.22"
"21,81 : 661.12"
"21,82 : 241.53"
"21,83 : 838.26"
"21,84 : 946.26"
"21,85 : 660.13"
"21,86 : 1136.67"
"21,87 : 807.92"
"21,88 : 634.72"
"21,89 : 593.33"
"21,90 : 898.7"
"21,91 : 988.85"
"21,92 : 131.03"
"21,93 : 773.71"
"21,94 : 161.6"
"21,95 : 1060.04"
"21,96 : 903.2"
"21,97 : 719.59"
"21,98 : 646.89"
"21,99 : 462.45"
"22,0 : 243.96"
"22,1 : 334.48"
"22,2 : 649.68"
"22,3 : 597.94"
"22,4 : 123.31"
"22,5 : 479.46"
"22,6 : 979.85"
"22,7 : 837.36"
"22,8 : 944.76"
"22,9 : 375.13"
"22,10 : 774.45"
"22,11 : 229.99"
"22,12 : 557.36"
"22,13 : 522.59"
"22,14 : 759.59"
"22,15 : 906.07"
"22,16 : 217.7"
"22,17 : 588.65"
"22,18 : 583.82"
"22,19 : 44.41"
"22,20 : 813.3"
"22,21 : 1110.57"
"22,22 : 0.0"
"22,23 : 563.17"
"22,24 : 867.79"
"22,25 : 747.27"
"22,26 : 853.32"
"22,27 : 308.71"
"22,28 : 259.11"
"22,29 : 873.4"
"22,30 : 437.82"
"22,31 : 340.38"
"22,32 : 558.21"
"22,33 : 573.17"
"22,34 : 345.9"
"22,35 : 492.85"
"22,36 : 853.2"
"22,37 : 280.73"
"22,38 : 656.4"
"22,39 : 733.92"
"22,40 : 107.12"
"22,41 : 1134.73"
"22,42 : 670.02"
"22,43 : 1029.89"
"22,44 : 595.44"
"22,45 : 215.54"
"22,46 : 454.02"
"22,47 : 934.31"
"22,48 : 606.9"
"22,49 : 267.23"
"22,50 : 137.36"
"22,51 : 814.04"
"22,52 : 671.61"
"22,53 : 887.76"
"22,54 : 569.95"
"22,55 : 846.89"
"22,56 : 237.08"
"22,57 : 555.25"
"22,58 : 476.27"
"22,59 : 906.64"
"22,60 : 591.78"
"22,61 : 261.28"
"22,62 : 583.84"
"22,63 : 393.4"
"22,64 : 470.05"
"22,65 : 861.57"
"22,66 : 795.83"
"22,67 : 173.22"
"22,68 : 866.81"
"22,69 : 574.13"
"22,70 : 994.69"
"22,71 : 868.7"
"22,72 : 652.25"
"22,73 : 295.57"
"22,74 : 302.42"
"22,75 : 801.03"
"22,76 : 561.32"
"22,77 : 969.64"
"22,78 : 637.3"
"22,79 : 796.36"
"22,80 : 378.31"
"22,81 : 756.17"
"22,82 : 926.33"
"22,83 : 622.25"
"22,84 : 309.22"
"22,85 : 608.74"
"22,86 : 323.64"
"22,87 : 303.76"
"22,88 : 543.21"
"22,89 : 583.95"
"22,90 : 302.0"
"22,91 : 283.0"
"22,92 : 988.41"
"22,93 : 374.0"
"22,94 : 990.14"
"22,95 : 232.4"
"22,96 : 753.18"
"22,97 : 824.2"
"22,98 : 710.1"
"22,99 : 702.03"
"23,0 : 624.06"
"23,1 : 242.54"
"23,2 : 125.0"
"23,3 : 137.71"
"23,4 : 594.34"
"23,5 : 131.88"
"23,6 : 1143.4"
"23,7 : 739.51"
"23,8 : 783.24"
"23,9 : 212.04"
"23,10 : 675.31"
"23,11 : 716.34"
"23,12 : 419.01"
"23,13 : 538.5"
"23,14 : 606.78"
"23,15 : 1010.36"
"23,16 : 347.87"
"23,17 : 514.66"
"23,18 : 731.91"
"23,19 : 548.03"
"23,20 : 644.56"
"23,21 : 806.31"
"23,22 : 563.17"
"23,23 : 0.0"
"23,24 : 615.69"
"23,25 : 835.02"
"23,26 : 765.32"
"23,27 : 275.26"
"23,28 : 808.48"
"23,29 : 873.27"
"23,30 : 859.19"
"23,31 : 336.62"
"23,32 : 227.18"
"23,33 : 561.28"
"23,34 : 639.43"
"23,35 : 292.96"
"23,36 : 675.0"
"23,37 : 749.65"
"23,38 : 874.12"
"23,39 : 208.66"
"23,40 : 666.6"
"23,41 : 793.13"
"23,42 : 728.14"
"23,43 : 700.57"
"23,44 : 305.55"
"23,45 : 508.86"
"23,46 : 166.41"
"23,47 : 1067.79"
"23,48 : 287.17"
"23,49 : 826.81"
"23,50 : 700.45"
"23,51 : 946.82"
"23,52 : 649.2"
"23,53 : 620.19"
"23,54 : 69.64"
"23,55 : 536.78"
"23,56 : 796.4"
"23,57 : 810.46"
"23,58 : 729.43"
"23,59 : 538.06"
"23,60 : 568.68"
"23,61 : 790.91"
"23,62 : 224.27"
"23,63 : 347.17"
"23,64 : 732.11"
"23,65 : 941.21"
"23,66 : 631.91"
"23,67 : 586.05"
"23,68 : 651.79"
"23,69 : 36.72"
"23,70 : 800.97"
"23,71 : 1069.92"
"23,72 : 740.38"
"23,73 : 758.82"
"23,74 : 846.07"
"23,75 : 707.49"
"23,76 : 823.65"
"23,77 : 1142.07"
"23,78 : 149.11"
"23,79 : 547.22"
"23,80 : 710.57"
"23,81 : 855.9"
"23,82 : 567.4"
"23,83 : 74.69"
"23,84 : 258.86"
"23,85 : 147.17"
"23,86 : 810.94"
"23,87 : 425.64"
"23,88 : 220.05"
"23,89 : 243.46"
"23,90 : 263.06"
"23,91 : 296.06"
"23,92 : 677.24"
"23,93 : 529.07"
"23,94 : 760.56"
"23,95 : 695.52"
