x,y
526,986
924,688
739,870
364,88
116,368
826,187
175,105
142,146
138,47
484,434
356,560
632,488
777,360
513,735
240,743
629,712
497,270
962,348
225,19
925,618
851,73
308,198
379,972
612,235
791,427
154,661
179,615
540,914
745,788
681,977
459,746
130,78
331,269
294,969
433,415
971,519
663,708
133,109
222,561
751,62
217,439
608,883
246,511
747,569
751,513
814,465
421,365
480,535
328,169
231,645
684,813
501,176
641,480
502,586
189,701
88,412
656,434
180,277
295,330
870,407
440,425
702,185
848,122
4,650
330,308
414,670
905,323
410,234
718,601
919,47
274,862
92,716
806,966
257,848
883,410
704,412
307,813
302,856
231,877
678,213
308,733
272,789
743,729
265,491
336,857
263,404
109,311
298,627
408,547
655,775
736,280
795,214
781,37
561,443
957,150
676,354
285,661
549,671
126,134
569,695

Distanze
"0,0 : 0.0"
"0,1 : 497.2"
"0,2 : 242.54"
"0,3 : 912.5"
"0,4 : 741.64"
"0,5 : 853.46"
"0,6 : 948.35"
"0,7 : 923.61"
"0,8 : 1016.0"
"0,9 : 553.6"
"0,10 : 458.67"
"0,11 : 509.16"
"0,12 : 674.45"
"0,13 : 251.34"
"0,14 : 375.29"
"0,15 : 292.72"
"0,16 : 716.59"
"0,17 : 772.75"
"0,18 : 1012.76"
"0,19 : 542.79"
"0,20 : 969.12"
"0,21 : 817.6"
"0,22 : 147.67"
"0,23 : 755.91"
"0,24 : 618.63"
"0,25 : 493.97"
"0,26 : 507.99"
"0,27 : 73.35"
"0,28 : 295.24"
"0,29 : 155.26"
"0,30 : 249.18"
"0,31 : 990.6"
"0,32 : 743.04"
"0,33 : 232.62"
"0,34 : 578.52"
"0,35 : 645.07"
"0,36 : 309.92"
"0,37 : 961.03"
"0,38 : 522.53"
"0,39 : 951.0"
"0,40 : 628.24"
"0,41 : 131.65"
"0,42 : 551.38"
"0,43 : 471.94"
"0,44 : 523.79"
"0,45 : 595.3"
"0,46 : 629.81"
"0,47 : 453.34"
"0,48 : 840.65"
"0,49 : 450.89"
"0,50 : 234.29"
"0,51 : 810.39"
"0,52 : 518.9"
"0,53 : 400.72"
"0,54 : 441.35"
"0,55 : 722.02"
"0,56 : 567.1"
"0,57 : 788.92"
"0,58 : 695.48"
"0,59 : 673.48"
"0,60 : 567.55"
"0,61 : 820.11"
"0,62 : 922.05"
"0,63 : 620.79"
"0,64 : 705.76"
"0,65 : 335.26"
"0,66 : 763.68"
"0,67 : 760.89"
"0,68 : 430.22"
"0,69 : 1017.92"
"0,70 : 280.86"
"0,71 : 511.13"
"0,72 : 280.71"
"0,73 : 302.33"
"0,74 : 677.66"
"0,75 : 600.97"
"0,76 : 279.09"
"0,77 : 258.99"
"0,78 : 314.49"
"0,79 : 787.8"
"0,80 : 333.97"
"0,81 : 321.44"
"0,82 : 336.36"
"0,83 : 559.59"
"0,84 : 229.65"
"0,85 : 638.67"
"0,86 : 793.42"
"0,87 : 425.28"
"0,88 : 454.58"
"0,89 : 247.31"
"0,90 : 736.57"
"0,91 : 817.52"
"0,92 : 982.66"
"0,93 : 544.13"
"0,94 : 940.56"
"0,95 : 649.56"
"0,96 : 404.61"
"0,97 : 315.84"
"0,98 : 941.22"
"0,99 : 294.16"
"1,0 : 497.2"
"1,1 : 0.0"
"1,2 : 259.52"
"1,3 : 820.73"
"1,4 : 869.06"
"1,5 : 510.49"
"1,6 : 949.15"
"1,7 : 951.47"
"1,8 : 1014.24"
"1,9 : 508.05"
"1,10 : 582.24"
"1,11 : 353.93"
"1,12 : 359.43"
"1,13 : 413.68"
"1,14 : 686.21"
"1,15 : 295.97"
"1,16 : 597.54"
"1,17 : 342.12"
"1,18 : 967.55"
"1,19 : 70.01"
"1,20 : 619.32"
"1,21 : 787.12"
"1,22 : 614.56"
"1,23 : 550.05"
"1,24 : 292.93"
"1,25 : 770.47"
"1,26 : 748.57"
"1,27 : 445.57"
"1,28 : 205.04"
"1,29 : 377.58"
"1,30 : 468.6"
"1,31 : 1001.27"
"1,32 : 726.09"
"1,33 : 689.83"
"1,34 : 561.79"
"1,35 : 175.41"
"1,36 : 261.77"
"1,37 : 980.27"
"1,38 : 713.4"
"1,39 : 649.47"
"1,40 : 749.57"
"1,41 : 371.32"
"1,42 : 700.72"
"1,43 : 213.28"
"1,44 : 246.08"
"1,45 : 248.65"
"1,46 : 597.78"
"1,47 : 469.62"
"1,48 : 790.3"
"1,49 : 694.33"
"1,50 : 270.6"
"1,51 : 664.13"
"1,52 : 351.22"
"1,53 : 434.15"
"1,54 : 735.11"
"1,55 : 880.38"
"1,56 : 369.24"
"1,57 : 849.97"
"1,58 : 723.74"
"1,59 : 286.14"
"1,60 : 550.84"
"1,61 : 549.81"
"1,62 : 571.08"
"1,63 : 920.78"
"1,64 : 705.15"
"1,65 : 510.32"
"1,66 : 365.49"
"1,67 : 685.79"
"1,68 : 223.62"
"1,69 : 641.02"
"1,70 : 672.89"
"1,71 : 832.47"
"1,72 : 302.01"
"1,73 : 685.92"
"1,74 : 281.01"
"1,75 : 352.95"
"1,76 : 629.53"
"1,77 : 644.29"
"1,78 : 718.31"
"1,79 : 534.92"
"1,80 : 617.64"
"1,81 : 659.78"
"1,82 : 185.59"
"1,83 : 687.82"
"1,84 : 611.8"
"1,85 : 719.43"
"1,86 : 897.97"
"1,87 : 628.97"
"1,88 : 534.92"
"1,89 : 282.72"
"1,90 : 449.23"
"1,91 : 491.24"
"1,92 : 666.52"
"1,93 : 437.94"
"1,94 : 539.01"
"1,95 : 416.0"
"1,96 : 639.57"
"1,97 : 375.39"
"1,98 : 971.45"
"1,99 : 355.07"
"2,0 : 242.54"
"2,1 : 259.52"
"2,2 : 0.0"
"2,3 : 867.27"
"2,4 : 800.08"
"2,5 : 688.52"
"2,6 : 950.43"
"2,7 : 938.39"
"2,8 : 1019.08"
"2,9 : 505.1"
"2,10 : 492.74"
"2,11 : 396.7"
"2,12 : 511.41"
"2,13 : 263.25"
"2,14 : 514.91"
"2,15 : 192.52"
"2,16 : 646.97"
"2,17 : 567.64"
"2,18 : 994.18"
"2,19 : 313.21"
"2,20 : 804.83"
"2,21 : 798.34"
"2,22 : 374.17"
"2,23 : 647.58"
"2,24 : 446.04"
"2,25 : 621.21"
"2,26 : 615.33"
"2,27 : 203.81"
"2,28 : 82.22"
"2,29 : 121.71"
"2,30 : 306.23"
"2,31 : 999.07"
"2,32 : 726.41"
"2,33 : 455.88"
"2,34 : 548.33"
"2,35 : 420.74"
"2,36 : 178.94"
"2,37 : 972.81"
"2,38 : 602.3"
"2,39 : 808.09"
"2,40 : 676.94"
"2,41 : 131.64"
"2,42 : 609.86"
"2,43 : 301.11"
"2,44 : 357.2"
"2,45 : 411.89"
"2,46 : 596.78"
"2,47 : 423.45"
"2,48 : 812.6"
"2,49 : 555.6"
"2,50 : 79.21"
"2,51 : 733.68"
"2,52 : 402.12"
"2,53 : 369.9"
"2,54 : 575.38"
"2,55 : 795.97"
"2,56 : 443.83"
"2,57 : 814.94"
"2,58 : 699.1"
"2,59 : 481.18"
"2,60 : 536.12"
"2,61 : 686.0"
"2,62 : 755.9"
"2,63 : 767.22"
"2,64 : 695.07"
"2,65 : 381.61"
"2,66 : 571.63"
"2,67 : 716.06"
"2,68 : 269.82"
"2,69 : 842.45"
"2,70 : 465.07"
"2,71 : 665.08"
"2,72 : 117.07"
"2,73 : 482.5"
"2,74 : 482.01"
"2,75 : 459.34"
"2,76 : 435.74"
"2,77 : 437.22"
"2,78 : 508.05"
"2,79 : 659.83"
"2,80 : 452.25"
"2,81 : 473.97"
"2,82 : 141.06"
"2,83 : 606.89"
"2,84 : 403.21"
"2,85 : 666.13"
"2,86 : 842.25"
"2,87 : 503.52"
"2,88 : 462.48"
"2,89 : 126.81"
"2,90 : 590.01"
"2,91 : 658.39"
"2,92 : 834.06"
"2,93 : 462.62"
"2,94 : 752.28"
"2,95 : 519.83"
"2,96 : 499.8"
"2,97 : 275.14"
"2,98 : 957.84"
"2,99 : 243.98"
"3,0 : 912.5"
"3,1 : 820.73"
"3,2 : 867.27"
"3,3 : 0.0"
"3,4 : 374.04"
"3,5 : 472.49"
"3,6 : 189.76"
"3,7 : 229.45"
"3,8 : 229.69"
"3,9 : 366.22"
"3,10 : 472.07"
"3,11 : 481.48"
"3,12 : 494.52"
"3,13 : 663.94"
"3,14 : 666.63"
"3,15 : 677.94"
"3,16 : 225.42"
"3,17 : 652.08"
"3,18 : 155.18"
"3,19 : 771.76"
"3,20 : 487.23"
"3,21 : 123.43"
"3,22 : 884.13"
"3,23 : 288.29"
"3,24 : 545.21"
"3,25 : 610.27"
"3,26 : 558.53"
"3,27 : 844.54"
"3,28 : 796.97"
"3,29 : 943.83"
"3,30 : 664.82"
"3,31 : 234.21"
"3,32 : 183.98"
"3,33 : 883.78"
"3,34 : 334.2"
"3,35 : 744.45"
"3,36 : 688.33"
"3,37 : 231.95"
"3,38 : 493.86"
"3,39 : 387.87"
"3,40 : 380.54"
"3,41 : 831.6"
"3,42 : 439.15"
"3,43 : 614.86"
"3,44 : 574.8"
"3,45 : 587.05"
"3,46 : 282.8"
"3,47 : 461.81"
"3,48 : 88.64"
"3,49 : 572.66"
"3,50 : 792.48"
"3,51 : 162.83"
"3,52 : 479.99"
"3,53 : 516.77"
"3,54 : 637.49"
"3,55 : 425.62"
"3,56 : 452.75"
"3,57 : 263.77"
"3,58 : 251.64"
"3,59 : 598.16"
"3,60 : 345.46"
"3,61 : 351.64"
"3,62 : 485.19"
"3,63 : 667.42"
"3,64 : 222.61"
"3,65 : 584.14"
"3,66 : 589.84"
"3,67 : 153.08"
"3,68 : 623.29"
"3,69 : 556.51"
"3,70 : 779.21"
"3,71 : 684.37"
"3,72 : 982.98"
"3,73 : 767.5"
"3,74 : 610.77"
"3,75 : 469.66"
"3,76 : 727.24"
"3,77 : 770.5"
"3,78 : 800.13"
"3,79 : 337.97"
"3,80 : 647.43"
"3,81 : 707.01"
"3,82 : 744.66"
"3,83 : 414.98"
"3,84 : 769.51"
"3,85 : 331.75"
"3,86 : 338.75"
"3,87 : 543.03"
"3,88 : 461.1"
"3,89 : 746.09"
"3,90 : 418.63"
"3,91 : 449.04"
"3,92 : 420.11"
"3,93 : 406.0"
"3,94 : 596.23"
"3,95 : 410.0"
"3,96 : 578.42"
"3,97 : 611.65"
"3,98 : 242.4"
"3,99 : 640.68"
"4,0 : 741.64"
"4,1 : 869.06"
"4,2 : 800.08"
"4,3 : 374.04"
"4,4 : 0.0"
"4,5 : 732.71"
"4,6 : 269.54"
"4,7 : 223.52"
"4,8 : 321.75"
"4,9 : 373.87"
"4,10 : 307.35"
"4,11 : 529.77"
"4,12 : 661.05"
"4,13 : 540.65"
"4,14 : 394.97"
"4,15 : 617.66"
"4,16 : 393.4"
"4,17 : 846.24"
"4,18 : 365.63"
"4,19 : 846.75"
"4,20 : 791.99"
"4,21 : 256.44"
"4,22 : 658.78"
"4,23 : 513.52"
"4,24 : 677.57"
"4,25 : 295.45"
"4,26 : 254.91"
"4,27 : 691.3"
"4,28 : 756.33"
"4,29 : 830.73"
"4,30 : 510.42"
"4,31 : 290.34"
"4,32 : 236.7"
"4,33 : 626.81"
"4,34 : 320.47"
"4,35 : 868.23"
"4,36 : 644.06"
"4,37 : 259.56"
"4,38 : 220.19"
"4,39 : 704.88"
"4,40 : 123.46"
"4,41 : 712.24"
"4,42 : 193.26"
"4,43 : 662.24"
"4,44 : 651.34"
"4,45 : 704.71"
"4,46 : 305.01"
"4,47 : 400.48"
"4,48 : 290.77"
"4,49 : 299.92"
"4,50 : 721.56"
"4,51 : 430.22"
"4,52 : 536.81"
"4,53 : 443.31"
"4,54 : 340.91"
"4,55 : 52.15"
"4,56 : 544.02"
"4,57 : 111.25"
"4,58 : 182.99"
"4,59 : 755.01"
"4,60 : 328.98"
"4,61 : 613.91"
"4,62 : 772.23"
"4,63 : 303.43"
"4,64 : 222.25"
"4,65 : 424.27"
"4,66 : 790.28"
"4,67 : 323.1"
"4,68 : 645.52"
"4,69 : 864.78"
"4,70 : 518.65"
"4,71 : 348.83"
"4,72 : 913.07"
"4,73 : 500.28"
"4,74 : 768.15"
"4,75 : 589.64"
"4,76 : 484.26"
"4,77 : 522.25"
"4,78 : 521.83"
"4,79 : 582.98"
"4,80 : 412.42"
"4,81 : 448.97"
"4,82 : 723.5"
"4,83 : 193.21"
"4,84 : 536.21"
"4,85 : 151.34"
"4,86 : 57.43"
"4,87 : 316.55"
"4,88 : 342.5"
"4,89 : 675.4"
"4,90 : 626.21"
"4,91 : 696.24"
"4,92 : 742.82"
"4,93 : 451.28"
"4,94 : 868.8"
"4,95 : 560.17"
"4,96 : 338.25"
"4,97 : 528.49"
"4,98 : 234.21"
"4,99 : 558.69"
"5,0 : 853.46"
"5,1 : 510.49"
"5,2 : 688.52"
"5,3 : 472.49"
"5,4 : 732.71"
"5,5 : 0.0"
"5,6 : 656.14"
"5,7 : 685.23"
"5,8 : 702.1"
"5,9 : 421.87"
"5,10 : 600.02"
"5,11 : 358.1"
"5,12 : 179.81"
"5,13 : 631.09"
"5,14 : 807.79"
"5,15 : 560.74"
"5,16 : 339.31"
"5,17 : 210.75"
"5,18 : 624.04"
"5,19 : 442.22"
"5,20 : 116.71"
"5,21 : 518.12"
"5,22 : 903.35"
"5,23 : 219.32"
"5,24 : 242.54"
"5,25 : 822.35"
"5,26 : 775.75"
"5,27 : 781.23"
"5,28 : 606.43"
"5,29 : 803.2"
"5,30 : 668.71"
"5,31 : 704.48"
"5,32 : 501.75"
"5,33 : 945.81"
"5,34 : 454.35"
"5,35 : 362.28"
"5,36 : 545.9"
"5,37 : 697.38"
"5,38 : 710.42"
"5,39 : 145.77"
"5,40 : 659.08"
"5,41 : 729.34"
"5,42 : 664.36"
"5,43 : 390.08"
"5,44 : 334.52"
"5,45 : 278.26"
"5,46 : 442.39"
"5,47 : 490.73"
"5,48 : 498.33"
"5,49 : 750.86"
"5,50 : 641.9"
"5,51 : 325.19"
"5,52 : 346.52"
"5,53 : 513.98"
"5,54 : 818.51"
"5,55 : 771.54"
"5,56 : 299.85"
"5,57 : 652.24"
"5,58 : 549.92"
"5,59 : 224.36"
"5,60 : 453.48"
"5,61 : 124.02"
"5,62 : 68.62"
"5,63 : 943.43"
"5,64 : 510.55"
"5,65 : 634.85"
"5,66 : 157.28"
"5,67 : 418.65"
"5,68 : 427.86"
"5,69 : 168.07"
"5,70 : 871.97"
"5,71 : 904.76"
"5,72 : 779.26"
"5,73 : 872.17"
"5,74 : 230.17"
"5,75 : 255.95"
"5,76 : 813.16"
"5,77 : 849.79"
"5,78 : 911.11"
"5,79 : 150.27"
"5,80 : 752.62"
"5,81 : 818.12"
"5,82 : 548.32"
"5,83 : 638.07"
"5,84 : 830.06"
"5,85 : 603.37"
"5,86 : 727.64"
"5,87 : 687.3"
"5,88 : 551.66"
"5,89 : 612.36"
"5,90 : 129.42"
"5,91 : 41.11"
"5,92 : 156.6"
"5,93 : 368.46"
"5,94 : 136.12"
"5,95 : 224.47"
"5,96 : 719.28"
"5,97 : 557.66"
"5,98 : 702.0"
"5,99 : 569.31"
"6,0 : 948.35"
"6,1 : 949.15"
"6,2 : 950.43"
"6,3 : 189.76"
"6,4 : 269.54"
"6,5 : 656.14"
"6,6 : 0.0"
"6,7 : 52.63"
"6,8 : 68.8"
"6,9 : 451.36"
"6,10 : 489.68"
"6,11 : 596.27"
"6,12 : 653.78"
"6,13 : 714.94"
"6,14 : 641.3"
"6,15 : 758.0"
"6,16 : 361.81"
"6,17 : 823.66"
"6,18 : 99.48"
"6,19 : 908.66"
"6,20 : 676.76"
"6,21 : 162.29"
"6,22 : 890.68"
"6,23 : 455.93"
"6,24 : 695.08"
"6,25 : 556.4"
"6,26 : 510.02"
"6,27 : 887.53"
"6,28 : 889.6"
"6,29 : 1008.18"
"6,30 : 701.1"
"6,31 : 52.48"
"6,32 : 226.34"
"6,33 : 872.16"
"6,34 : 403.32"
"6,35 : 897.22"
"6,36 : 775.73"
"6,37 : 42.19"
"6,38 : 458.42"
"6,39 : 577.6"
"6,40 : 336.63"
"6,41 : 890.38"
"6,42 : 412.16"
"6,43 : 736.53"
"6,44 : 705.86"
"6,45 : 733.43"
"6,46 : 357.93"
"6,47 : 527.19"
"6,48 : 165.85"
"6,49 : 542.9"
"6,50 : 871.98"
"6,51 : 333.64"
"6,52 : 598.15"
"6,53 : 581.63"
"6,54 : 596.16"
"6,55 : 319.09"
"6,56 : 582.75"
"6,57 : 172.07"
"6,58 : 255.0"
"6,59 : 757.78"
"6,60 : 415.48"
"6,61 : 533.04"
"6,62 : 673.21"
"6,63 : 571.2"
"6,64 : 255.41"
"6,65 : 613.47"
"6,66 : 761.86"
"6,67 : 268.08"
"6,68 : 735.44"
"6,69 : 746.26"
"6,70 : 763.45"
"6,71 : 616.61"
"6,72 : 1067.47"
"6,73 : 747.51"
"6,74 : 770.9"
"6,75 : 611.63"
"6,76 : 720.2"
"6,77 : 761.66"
"6,78 : 774.03"
"6,79 : 514.46"
"6,80 : 641.93"
"6,81 : 690.84"
"6,82 : 843.8"
"6,83 : 396.35"
"6,84 : 769.04"
"6,85 : 311.68"
"6,86 : 216.31"
"6,87 : 536.3"
"6,88 : 499.65"
"6,89 : 824.2"
"6,90 : 587.66"
"6,91 : 629.51"
"6,92 : 609.8"
"6,93 : 513.07"
"6,94 : 783.29"
"6,95 : 559.47"
"6,96 : 566.78"
"6,97 : 678.4"
"6,98 : 56.94"
"6,99 : 709.46"
"7,0 : 923.61"
"7,1 : 951.47"
"7,2 : 938.39"
"7,3 : 229.45"
"7,4 : 223.52"
"7,5 : 685.23"
"7,6 : 52.63"
"7,7 : 0.0"
"7,8 : 99.08"
"7,9 : 447.11"
"7,10 : 466.04"
"7,11 : 597.55"
"7,12 : 670.09"
"7,13 : 696.1"
"7,14 : 604.99"
"7,15 : 746.68"
"7,16 : 376.03"
"7,17 : 844.51"
"7,18 : 151.72"
"7,19 : 914.26"
"7,20 : 712.75"
"7,21 : 173.95"
"7,22 : 859.33"
"7,23 : 478.35"
"7,24 : 707.22"
"7,25 : 515.14"
"7,26 : 470.46"
"7,27 : 865.0"
"7,28 : 880.78"
"7,29 : 990.5"
"7,30 : 678.59"
"7,31 : 69.05"
"7,32 : 225.5"
"7,33 : 836.92"
"7,34 : 396.29"
"7,35 : 909.05"
"7,36 : 766.35"
"7,37 : 38.08"
"7,38 : 422.64"
"7,39 : 614.77"
"7,40 : 302.45"
"7,41 : 871.97"
"7,42 : 379.53"
"7,43 : 738.21"
"7,44 : 711.03"
"7,45 : 743.87"
"7,46 : 354.69"
"7,47 : 515.33"
"7,48 : 187.42"
"7,49 : 506.87"
"7,50 : 859.45"
"7,51 : 360.25"
"7,52 : 600.46"
"7,53 : 568.51"
"7,54 : 556.99"
"7,55 : 271.43"
"7,56 : 589.19"
"7,57 : 136.4"
"7,58 : 239.3"
"7,59 : 773.37"
"7,60 : 408.22"
"7,61 : 561.36"
"7,62 : 706.41"
"7,63 : 522.55"
"7,64 : 248.17"
"7,65 : 590.39"
"7,66 : 783.26"
"7,67 : 282.08"
"7,68 : 734.03"
"7,69 : 783.28"
"7,70 : 728.07"
"7,71 : 572.19"
"7,72 : 1055.13"
"7,73 : 711.36"
"7,74 : 786.62"
"7,75 : 621.77"
"7,76 : 687.11"
"7,77 : 727.8"
"7,78 : 736.4"
"7,79 : 540.17"
"7,80 : 610.02"
"7,81 : 656.01"
"7,82 : 837.31"
"7,83 : 366.27"
"7,84 : 736.99"
"7,85 : 284.96"
"7,86 : 168.27"
"7,87 : 505.66"
"7,88 : 481.2"
"7,89 : 811.67"
"7,90 : 608.93"
"7,91 : 656.53"
"7,92 : 648.23"
"7,93 : 513.59"
"7,94 : 815.01"
"7,95 : 573.08"
"7,96 : 534.48"
"7,97 : 664.28"
"7,98 : 20.0"
"7,99 : 695.51"
"8,0 : 1016.0"
"8,1 : 1014.24"
"8,2 : 1019.08"
"8,3 : 229.69"
"8,4 : 321.75"
"8,5 : 702.1"
"8,6 : 68.8"
"8,7 : 99.08"
"8,8 : 0.0"
"8,9 : 519.12"
"8,10 : 557.4"
"8,11 : 662.21"
"8,12 : 711.54"
"8,13 : 783.56"
"8,14 : 703.43"
"8,15 : 826.62"
"8,16 : 422.62"
"8,17 : 877.26"
"8,18 : 91.39"
"8,19 : 972.32"
"8,20 : 713.47"
"8,21 : 227.38"
"8,22 : 955.88"
"8,23 : 509.92"
"8,24 : 755.52"
"8,25 : 614.21"
"8,26 : 569.48"
"8,27 : 955.66"
"8,28 : 957.88"
"8,29 : 1076.92"
"8,30 : 769.18"
"8,31 : 32.02"
"8,32 : 294.16"
"8,33 : 935.1"
"8,34 : 471.64"
"8,35 : 957.43"
"8,36 : 844.12"
"8,37 : 62.2"
"8,38 : 520.82"
"8,39 : 613.18"
"8,40 : 399.88"
"8,41 : 959.06"
"8,42 : 476.4"
"8,43 : 802.1"
"8,44 : 770.02"
"8,45 : 794.8"
"8,46 : 425.69"
"8,47 : 595.91"
"8,48 : 225.8"
"8,49 : 605.19"
"8,50 : 940.68"
"8,51 : 385.24"
"8,52 : 663.7"
"8,53 : 650.4"
"8,54 : 655.99"
"8,55 : 368.41"
"8,56 : 646.6"
"8,57 : 233.8"
"8,58 : 323.63"
"8,59 : 815.74"
"8,60 : 483.83"
"8,61 : 580.64"
"8,62 : 713.95"
"8,63 : 617.71"
"8,64 : 324.01"
"8,65 : 681.4"
"8,66 : 815.15"
"8,67 : 330.08"
"8,68 : 802.07"
"8,69 : 781.0"
"8,70 : 826.27"
"8,71 : 670.58"
"8,72 : 1136.13"
"8,73 : 809.79"
"8,74 : 828.73"
"8,75 : 673.48"
"8,76 : 784.42"
"8,77 : 825.46"
"8,78 : 835.19"
"8,79 : 564.94"
"8,80 : 706.75"
"8,81 : 754.0"
"8,82 : 911.67"
"8,83 : 461.81"
"8,84 : 833.85"
"8,85 : 378.25"
"8,86 : 265.59"
"8,87 : 601.66"
"8,88 : 568.24"
"8,89 : 892.9"
"8,90 : 641.79"
"8,91 : 677.89"
"8,92 : 643.08"
"8,93 : 579.44"
"8,94 : 825.45"
"8,95 : 619.43"
"8,96 : 631.35"
"8,97 : 747.19"
"8,98 : 87.82"
"8,99 : 778.24"
"9,0 : 553.6"
"9,1 : 508.05"
"9,2 : 505.1"
"9,3 : 366.22"
"9,4 : 373.87"
"9,5 : 421.87"
"9,6 : 451.36"
"9,7 : 447.11"
"9,8 : 519.12"
"9,9 : 0.0"
"9,10 : 179.61"
"9,11 : 157.54"
"9,12 : 302.2"
"9,13 : 302.39"
"9,14 : 393.72"
"9,15 : 313.54"
"9,16 : 164.51"
"9,17 : 485.67"
"9,18 : 489.19"
"9,19 : 477.85"
"9,20 : 514.79"
"9,21 : 294.4"
"9,22 : 548.15"
"9,23 : 236.61"
"9,24 : 307.08"
"9,25 : 400.54"
"9,26 : 354.66"
"9,27 : 483.26"
"9,28 : 439.81"
"9,29 : 577.63"
"9,30 : 313.0"
"9,31 : 502.05"
"9,32 : 225.02"
"9,33 : 567.74"
"9,34 : 54.42"
"9,35 : 494.36"
"9,36 : 327.29"
"9,37 : 478.36"
"9,38 : 291.16"
"9,39 : 457.9"
"9,40 : 267.05"
"9,41 : 465.81"
"9,42 : 250.15"
"9,43 : 295.62"
"9,44 : 278.44"
"9,45 : 331.45"
"9,46 : 93.43"
"9,47 : 101.08"
"9,48 : 307.51"
"9,49 : 329.44"
"9,50 : 428.53"
"9,51 : 258.56"
"9,52 : 163.6"
"9,53 : 153.06"
"9,54 : 397.89"
"9,55 : 396.61"
"9,56 : 172.0"
"9,57 : 342.15"
"9,58 : 215.72"
"9,59 : 386.94"
"9,60 : 44.91"
"9,61 : 330.95"
"9,62 : 479.42"
"9,63 : 526.36"
"9,64 : 198.98"
"9,65 : 246.16"
"9,66 : 435.39"
"9,67 : 213.25"
"9,68 : 287.48"
"9,69 : 582.23"
"9,70 : 476.74"
"9,71 : 482.9"
"9,72 : 621.86"
"9,73 : 472.15"
"9,74 : 399.72"
"9,75 : 221.1"
"9,76 : 418.29"
"9,77 : 459.57"
"9,78 : 510.15"
"9,79 : 294.07"
"9,80 : 346.95"
"9,81 : 413.48"
"9,82 : 392.56"
"9,83 : 226.3"
"9,84 : 448.14"
"9,85 : 223.03"
"9,86 : 394.66"
"9,87 : 268.04"
"9,88 : 136.18"
"9,89 : 381.47"
"9,90 : 295.33"
"9,91 : 380.95"
"9,92 : 495.8"
"9,93 : 77.52"
"9,94 : 551.71"
"9,95 : 208.0"
"9,96 : 301.88"
"9,97 : 245.75"
"9,98 : 467.08"
"9,99 : 274.49"
"10,0 : 458.67"
"10,1 : 582.24"
"10,2 : 492.74"
"10,3 : 472.07"
"10,4 : 307.35"
"10,5 : 600.02"
"10,6 : 489.68"
"10,7 : 466.04"
"10,8 : 557.4"
"10,9 : 179.61"
"10,10 : 0.0"
"10,11 : 285.24"
"10,12 : 466.09"
"10,13 : 235.1"
"10,14 : 216.67"
"10,15 : 312.46"
"10,16 : 322.46"
"10,17 : 642.01"
"10,18 : 556.63"
"10,19 : 571.95"
"10,20 : 694.4"
"10,21 : 365.17"
"10,22 : 412.64"
"10,23 : 413.72"
"10,24 : 454.88"
"10,25 : 225.84"
"10,26 : 185.35"
"10,27 : 398.96"
"10,28 : 450.89"
"10,29 : 528.69"
"10,30 : 212.61"
"10,31 : 532.35"
"10,32 : 292.07"
"10,33 : 413.67"
"10,34 : 164.18"
"10,35 : 616.37"
"10,36 : 340.81"
"10,37 : 503.12"
"10,38 : 134.0"
"10,39 : 635.63"
"10,40 : 184.29"
"10,41 : 409.67"
"10,42 : 120.42"
"10,43 : 391.1"
"10,44 : 397.79"
"10,45 : 467.75"
"10,46 : 205.55"
"10,47 : 126.5"
"10,48 : 392.0"
"10,49 : 151.16"
"10,50 : 414.24"
"10,51 : 410.46"
"10,52 : 296.02"
"10,53 : 148.3"
"10,54 : 218.56"
"10,55 : 306.15"
"10,56 : 325.39"
"10,57 : 333.26"
"10,58 : 237.95"
"10,59 : 536.29"
"10,60 : 159.0"
"10,61 : 510.24"
"10,62 : 658.72"
"10,63 : 363.32"
"10,64 : 253.34"
"10,65 : 124.35"
"10,66 : 597.97"
"10,67 : 330.44"
"10,68 : 364.31"
"10,69 : 761.67"
"10,70 : 312.93"
"10,71 : 306.65"
"10,72 : 606.08"
"10,73 : 304.54"
"10,74 : 547.93"
"10,75 : 378.16"
"10,76 : 257.7"
"10,77 : 300.89"
"10,78 : 340.76"
"10,79 : 473.38"
"10,80 : 179.54"
"10,81 : 243.92"
"10,82 : 422.29"
"10,83 : 114.2"
"10,84 : 297.67"
"10,85 : 181.62"
"10,86 : 350.73"
"10,87 : 88.62"
"10,88 : 53.6"
"10,89 : 368.27"
"10,90 : 472.02"
"10,91 : 558.96"
"10,92 : 673.91"
"10,93 : 236.04"
"10,94 : 727.53"
"10,95 : 380.57"
"10,96 : 123.46"
"10,97 : 222.64"
"10,98 : 484.12"
"10,99 : 252.18"
"11,0 : 509.16"
"11,1 : 353.93"
"11,2 : 396.7"
"11,3 : 481.48"
"11,4 : 529.77"
"11,5 : 358.1"
"11,6 : 596.27"
"11,7 : 597.55"
"11,8 : 662.21"
"11,9 : 157.54"
"11,10 : 285.24"
"11,11 : 0.0"
"11,12 : 193.41"
"11,13 : 274.17"
"11,14 : 467.64"
"11,15 : 224.02"
"11,16 : 256.42"
"11,17 : 358.47"
"11,18 : 620.98"
"11,19 : 320.54"
"11,20 : 469.24"
"11,21 : 434.83"
"11,22 : 546.14"
"11,23 : 253.79"
"11,24 : 170.3"
"11,25 : 508.34"
"11,26 : 470.47"
"11,27 : 435.82"
"11,28 : 320.58"
"11,29 : 491.45"
"11,30 : 310.63"
"11,31 : 648.15"
"11,32 : 372.24"
"11,33 : 587.88"
"11,34 : 211.97"
"11,35 : 340.41"
"11,36 : 222.17"
"11,37 : 626.61"
"11,38 : 416.45"
"11,39 : 442.31"
"11,40 : 417.88"
"11,41 : 395.73"
"11,42 : 386.68"
"11,43 : 140.66"
"11,44 : 121.6"
"11,45 : 183.45"
"11,46 : 244.23"
"11,47 : 159.1"
"11,48 : 440.66"
"11,49 : 430.64"
"11,50 : 329.13"
"11,51 : 338.39"
"11,52 : 12.04"
"11,53 : 162.8"
"11,54 : 491.55"
"11,55 : 549.28"
"11,56 : 59.09"
"11,57 : 498.82"
"11,58 : 372.2"
"11,59 : 251.41"
"11,60 : 202.07"
"11,61 : 310.98"
"11,62 : 424.98"
"11,63 : 648.56"
"11,64 : 351.57"
"11,65 : 283.99"
"11,66 : 318.99"
"11,67 : 337.34"
"11,68 : 142.0"
"11,69 : 526.17"
"11,70 : 517.73"
"11,71 : 586.16"
"11,72 : 508.68"
"11,73 : 519.83"
"11,74 : 262.84"
"11,75 : 104.69"
"11,76 : 459.62"
"11,77 : 494.29"
"11,78 : 558.68"
"11,79 : 278.82"
"11,80 : 406.2"
"11,81 : 469.26"
"11,82 : 265.33"
"11,83 : 367.01"
"11,84 : 473.05"
"11,85 : 378.44"
"11,86 : 552.14"
"11,87 : 361.77"
"11,88 : 231.64"
"11,89 : 287.92"
"11,90 : 232.55"
"11,91 : 318.82"
"11,92 : 474.98"
"11,93 : 84.06"
"11,94 : 468.9"
"11,95 : 141.04"
"11,96 : 387.73"
"11,97 : 200.94"
"11,98 : 617.54"
"11,99 : 216.37"
"12,0 : 674.45"
"12,1 : 359.43"
"12,2 : 511.41"
"12,3 : 494.52"
"12,4 : 661.05"
"12,5 : 179.81"
"12,6 : 653.78"
"12,7 : 670.09"
"12,8 : 711.54"
"12,9 : 302.2"
"12,10 : 466.09"
"12,11 : 193.41"
"12,12 : 0.0"
"12,13 : 458.61"
"12,14 : 659.59"
"12,15 : 381.85"
"12,16 : 294.11"
"12,17 : 185.39"
"12,18 : 648.83"
"12,19 : 297.44"
"12,20 : 296.39"
"12,21 : 496.19"
"12,22 : 730.03"
"12,23 : 207.0"
"12,24 : 68.45"
"12,25 : 691.9"
"12,26 : 650.1"
"12,27 : 602.57"
"12,28 : 429.19"
"12,29 : 624.42"
"12,30 : 500.12"
"12,31 : 705.79"
"12,32 : 455.19"
"12,33 : 777.28"
"12,34 : 348.37"
"12,35 : 250.83"
"12,36 : 366.2"
"12,37 : 691.19"
"12,38 : 590.28"
"12,39 : 299.13"
"12,40 : 565.54"
"12,41 : 549.63"
"12,42 : 552.05"
"12,43 : 211.14"
"12,44 : 155.19"
"12,45 : 111.33"
"12,46 : 356.04"
"12,47 : 344.72"
"12,48 : 487.94"
"12,49 : 615.91"
"12,50 : 462.45"
"12,51 : 331.71"
"12,52 : 181.37"
"12,53 : 355.95"
"12,54 : 679.72"
"12,55 : 690.96"
"12,56 : 141.83"
"12,57 : 602.74"
"12,58 : 482.93"
"12,59 : 104.2"
"12,60 : 343.21"
"12,61 : 190.39"
"12,62 : 248.36"
"12,63 : 825.61"
"12,64 : 450.01"
"12,65 : 477.36"
"12,66 : 133.24"
"12,67 : 388.03"
"12,68 : 248.12"
"12,69 : 343.7"
"12,70 : 710.64"
"12,71 : 771.99"
"12,72 : 606.69"
"12,73 : 713.12"
"12,74 : 117.2"
"12,75 : 89.63"
"12,76 : 652.77"
"12,77 : 686.76"
"12,78 : 751.93"
"12,79 : 177.23"
"12,80 : 599.24"
"12,81 : 662.62"
"12,82 : 370.56"
"12,83 : 528.49"
"12,84 : 664.45"
"12,85 : 515.88"
"12,86 : 669.79"
"12,87 : 548.39"
"12,88 : 413.68"
"12,89 : 432.56"
"12,90 : 89.89"
"12,91 : 147.11"
"12,92 : 323.02"
"12,93 : 231.4"
"12,94 : 276.59"
"12,95 : 101.18"
"12,96 : 576.77"
"12,97 : 385.62"
"12,98 : 689.11"
"12,99 : 394.32"
"13,0 : 251.34"
"13,1 : 413.68"
"13,2 : 263.25"
"13,3 : 663.94"
"13,4 : 540.65"
"13,5 : 631.09"
"13,6 : 714.94"
"13,7 : 696.1"
"13,8 : 783.56"
"13,9 : 302.39"
"13,10 : 235.1"
"13,11 : 274.17"
"13,12 : 458.61"
"13,13 : 0.0"
"13,14 : 273.12"
"13,15 : 118.26"
"13,16 : 465.28"
"13,17 : 592.76"
"13,18 : 771.75"
"13,19 : 428.29"
"13,20 : 743.3"
"13,21 : 574.8"
"13,22 : 272.26"
"13,23 : 509.71"
"13,24 : 414.91"
"13,25 : 366.55"
"13,26 : 354.9"
"13,27 : 181.02"
"13,28 : 237.98"
"13,29 : 294.6"
"13,30 : 55.11"
"13,31 : 760.49"
"13,32 : 500.28"
"13,33 : 320.49"
"13,34 : 329.85"
"13,35 : 506.38"
"13,36 : 152.41"
"13,37 : 732.31"
"13,38 : 339.05"
"13,39 : 713.84"
"13,40 : 418.61"
"13,41 : 175.87"
"13,42 : 348.52"
"13,43 : 286.9"
"13,44 : 325.47"
"13,45 : 404.35"
"13,46 : 381.27"
"13,47 : 202.7"
"13,48 : 595.47"
"13,49 : 296.01"
"13,50 : 187.95"
"13,51 : 559.13"
"13,52 : 285.32"
"13,53 : 149.41"
"13,54 : 325.78"
"13,55 : 533.81"
"13,56 : 333.24"
"13,57 : 566.26"
"13,58 : 459.94"
"13,59 : 484.8"
"13,60 : 318.48"
"13,61 : 581.57"
"13,62 : 698.57"
"13,63 : 516.05"
"13,64 : 464.56"
"13,65 : 118.43"
"13,66 : 568.69"
"13,67 : 511.48"
"13,68 : 244.91"
"13,69 : 798.86"
"13,70 : 270.65"
"13,71 : 421.43"
"13,72 : 373.11"
"13,73 : 279.83"
"13,74 : 492.47"
"13,75 : 375.25"
"13,76 : 220.27"
"13,77 : 243.23"
"13,78 : 315.73"
"13,79 : 547.46"
"13,80 : 205.01"
"13,81 : 246.98"
"13,82 : 230.08"
"13,83 : 347.91"
"13,84 : 214.97"
"13,85 : 414.8"
"13,86 : 585.66"
"13,87 : 240.6"
"13,88 : 215.33"
"13,89 : 147.53"
"13,90 : 506.71"
"13,91 : 592.42"
"13,92 : 747.68"
"13,93 : 295.92"
"13,94 : 734.41"
"13,95 : 414.4"
"13,96 : 239.71"
"13,97 : 73.43"
"13,98 : 714.82"
"13,99 : 68.82"
"14,0 : 375.29"
"14,1 : 686.21"
"14,2 : 514.91"
"14,3 : 666.63"
"14,4 : 394.97"
"14,5 : 807.79"
"14,6 : 641.3"
"14,7 : 604.99"
"14,8 : 703.43"
"14,9 : 393.72"
"14,10 : 216.67"
"14,11 : 467.64"
"14,12 : 659.59"
"14,13 : 273.12"
"14,14 : 0.0"
"14,15 : 390.23"
"14,16 : 538.31"
"14,17 : 822.99"
"14,18 : 724.16"
"14,19 : 696.31"
"14,20 : 906.76"
"14,21 : 549.23"
"14,22 : 267.88"
"14,23 : 629.64"
"14,24 : 635.18"
"14,25 : 118.83"
"14,26 : 141.79"
"14,27 : 345.31"
"14,28 : 507.0"
"14,29 : 499.24"
"14,30 : 219.02"
"14,31 : 674.04"
"14,32 : 482.66"
"14,33 : 232.36"
"14,34 : 380.57"
"14,35 : 764.55"
"14,36 : 424.45"
"14,37 : 642.97"
"14,38 : 182.89"
"14,39 : 851.4"
"14,40 : 304.87"
"14,41 : 393.73"
"14,42 : 232.08"
"14,43 : 536.03"
"14,44 : 560.38"
"14,45 : 637.78"
"14,46 : 419.1"
"14,47 : 317.59"
"14,48 : 580.71"
"14,49 : 98.41"
"14,50 : 449.48"
"14,51 : 624.19"
"14,52 : 479.55"
"14,53 : 305.44"
"14,54 : 66.07"
"14,55 : 364.23"
"14,56 : 518.21"
"14,57 : 469.85"
"14,58 : 416.65"
"14,59 : 714.0"
"14,60 : 375.66"
"14,61 : 724.44"
"14,62 : 869.08"
"14,63 : 253.66"
"14,64 : 444.21"
"14,65 : 188.69"
"14,66 : 786.53"
"14,67 : 536.64"
"14,68 : 498.65"
"14,69 : 972.35"
"14,70 : 123.76"
"14,71 : 150.44"
"14,72 : 608.35"
"14,73 : 106.37"
"14,74 : 724.11"
"14,75 : 569.96"
"14,76 : 96.9"
"14,77 : 128.89"
"14,78 : 134.3"
"14,79 : 687.56"
"14,80 : 68.73"
"14,81 : 56.04"
"14,82 : 503.19"
"14,83 : 253.24"
"14,84 : 149.04"
"14,85 : 339.78"
"14,86 : 451.43"
"14,87 : 129.69"
"14,88 : 258.15"
"14,89 : 416.23"
"14,90 : 678.52"
"14,91 : 766.72"
"14,92 : 889.45"
"14,93 : 439.36"
"14,94 : 930.45"
"14,95 : 584.31"
"14,96 : 93.54"
"14,97 : 317.28"
"14,98 : 619.58"
"14,99 : 332.48"
"15,0 : 292.72"
"15,1 : 295.97"
"15,2 : 192.52"
"15,3 : 677.94"
"15,4 : 617.66"
"15,5 : 560.74"
"15,6 : 758.0"
"15,7 : 746.68"
"15,8 : 826.62"
"15,9 : 313.54"
"15,10 : 312.46"
"15,11 : 224.02"
"15,12 : 381.85"
"15,13 : 118.26"
"15,14 : 390.23"
"15,15 : 0.0"
"15,16 : 461.29"
"15,17 : 493.34"
"15,18 : 802.16"
"15,19 : 310.57"
"15,20 : 676.47"
"15,21 : 606.0"
"15,22 : 360.69"
"15,23 : 477.3"
"15,24 : 327.82"
"15,25 : 477.73"
"15,26 : 460.34"
"15,27 : 220.74"
"15,28 : 138.68"
"15,29 : 270.05"
"15,30 : 173.37"
"15,31 : 806.82"
"15,32 : 533.9"
"15,33 : 422.23"
"15,34 : 355.84"
"15,35 : 392.7"
"15,36 : 34.23"
"15,37 : 780.78"
"15,38 : 434.11"
"15,39 : 661.35"
"15,40 : 494.24"
"15,41 : 172.28"
"15,42 : 432.54"
"15,43 : 185.4"
"15,44 : 233.42"
"15,45 : 308.6"
"15,46 : 404.57"
"15,47 : 231.37"
"15,48 : 620.85"
"15,49 : 403.6"
"15,50 : 115.0"
"15,51 : 551.07"
"15,52 : 232.31"
"15,53 : 178.9"
"15,54 : 440.14"
"15,55 : 618.61"
"15,56 : 279.31"
"15,57 : 625.16"
"15,58 : 507.42"
"15,59 : 388.72"
"15,60 : 343.64"
"15,61 : 532.03"
"15,62 : 629.33"
"15,63 : 628.07"
"15,64 : 502.61"
"15,65 : 219.06"
"15,66 : 476.97"
"15,67 : 525.78"
"15,68 : 142.27"
"15,69 : 725.48"
"15,70 : 385.39"
"15,71 : 537.01"
"15,72 : 309.59"
"15,73 : 396.08"
"15,74 : 394.61"
"15,75 : 309.23"
"15,76 : 337.47"
"15,77 : 357.3"
"15,78 : 430.85"
"15,79 : 501.4"
"15,80 : 321.69"
"15,81 : 365.21"
"15,82 : 115.26"
"15,83 : 425.84"
"15,84 : 326.92"
"15,85 : 478.35"
"15,86 : 656.66"
"15,87 : 341.74"
"15,88 : 275.8"
"15,89 : 68.15"
"15,90 : 445.05"
"15,91 : 524.94"
"15,92 : 691.9"
"15,93 : 277.46"
"15,94 : 650.71"
"15,95 : 361.07"
"15,96 : 347.76"
"15,97 : 89.89"
"15,98 : 766.22"
"15,99 : 62.36"
"16,0 : 716.59"
"16,1 : 597.54"
"16,2 : 646.97"
"16,3 : 225.42"
"16,4 : 393.4"
"16,5 : 339.31"
"16,6 : 361.81"
"16,7 : 376.03"
"16,8 : 422.62"
"16,9 : 164.51"
"16,10 : 322.46"
"16,11 : 256.42"
"16,12 : 294.11"
"16,13 : 465.28"
"16,14 : 538.31"
"16,15 : 461.29"
"16,16 : 0.0"
"16,17 : 471.5"
"16,18 : 370.11"
"16,19 : 551.62"
"16,20 : 405.12"
"16,21 : 202.25"
"16,22 : 711.85"
"16,23 : 120.21"
"16,24 : 333.29"
"16,25 : 520.12"
"16,26 : 469.2"
"16,27 : 645.43"
"16,28 : 574.31"
"16,29 : 730.55"
"16,30 : 477.51"
"16,31 : 414.19"
"16,32 : 166.0"
"16,33 : 727.88"
"16,34 : 158.5"
"16,35 : 535.42"
"16,36 : 468.4"
"16,37 : 398.02"
"16,38 : 400.38"
"16,39 : 328.3"
"16,40 : 327.05"
"16,41 : 622.97"
"16,42 : 347.97"
"16,43 : 389.74"
"16,44 : 351.52"
"16,45 : 372.17"
"16,46 : 121.66"
"16,47 : 265.54"
"16,48 : 196.88"
"16,49 : 459.76"
"16,50 : 574.3"
"16,51 : 94.09"
"16,52 : 254.63"
"16,53 : 316.04"
"16,54 : 529.74"
"16,55 : 432.95"
"16,56 : 228.42"
"16,57 : 317.08"
"16,58 : 210.72"
"16,59 : 397.36"
"16,60 : 165.15"
"16,61 : 221.92"
"16,62 : 380.93"
"16,63 : 622.45"
"16,64 : 171.27"
"16,65 : 408.52"
"16,66 : 411.43"
"16,67 : 94.15"
"16,68 : 398.0"
"16,69 : 477.3"
"16,70 : 632.61"
"16,71 : 602.45"
"16,72 : 761.51"
"16,73 : 625.85"
"16,74 : 410.6"
"16,75 : 251.02"
"16,76 : 575.28"
"16,77 : 617.59"
"16,78 : 662.73"
"16,79 : 189.76"
"16,80 : 500.09"
"16,81 : 565.67"
"16,82 : 520.77"
"16,83 : 320.41"
"16,84 : 608.68"
"16,85 : 269.65"
"16,86 : 390.16"
"16,87 : 408.72"
"16,88 : 290.95"
"16,89 : 529.14"
"16,90 : 239.21"
"16,91 : 303.22"
"16,92 : 367.35"
"16,93 : 184.46"
"16,94 : 475.39"
"16,95 : 197.73"
"16,96 : 444.78"
"16,97 : 404.36"
"16,98 : 395.14"
"16,99 : 431.06"
"17,0 : 772.75"
"17,1 : 342.12"
"17,2 : 567.64"
"17,3 : 652.08"
"17,4 : 846.24"
"17,5 : 210.75"
"17,6 : 823.66"
"17,7 : 844.51"
"17,8 : 877.26"
"17,9 : 485.67"
"17,10 : 642.01"
"17,11 : 358.47"
"17,12 : 185.39"
"17,13 : 592.76"
"17,14 : 822.99"
"17,15 : 493.34"
"17,16 : 471.5"
"17,17 : 0.0"
"17,18 : 807.1"
"17,19 : 272.52"
"17,20 : 296.56"
"17,21 : 670.98"
"17,22 : 853.97"
"17,23 : 367.79"
"17,24 : 188.37"
"17,25 : 866.51"
"17,26 : 827.27"
"17,27 : 706.0"
"17,28 : 490.6"
"17,29 : 688.91"
"17,30 : 641.41"
"17,31 : 874.71"
"17,32 : 635.93"
"17,33 : 912.07"
"17,34 : 533.23"
"17,35 : 171.24"
"17,36 : 467.98"
"17,37 : 862.76"
"17,38 : 770.04"
"17,39 : 355.41"
"17,40 : 750.54"
"17,41 : 641.51"
"17,42 : 734.32"
"17,43 : 308.33"
"17,44 : 267.85"
"17,45 : 188.66"
"17,46 : 541.27"
"17,47 : 517.0"
"17,48 : 658.78"
"17,49 : 789.03"
"17,50 : 541.76"
"17,51 : 492.04"
"17,52 : 347.08"
"17,53 : 517.92"
"17,54 : 849.79"
"17,55 : 876.34"
"17,56 : 317.86"
"17,57 : 785.22"
"17,58 : 667.24"
"17,59 : 109.29"
"17,60 : 527.65"
"17,61 : 306.87"
"17,62 : 253.12"
"17,63 : 1004.47"
"17,64 : 633.26"
"17,65 : 635.6"
"17,66 : 62.24"
"17,67 : 563.65"
"17,68 : 351.49"
"17,69 : 304.06"
"17,70 : 858.8"
"17,71 : 944.63"
"17,72 : 637.39"
"17,73 : 864.31"
"17,74 : 100.42"
"17,75 : 265.82"
"17,76 : 803.27"
"17,77 : 832.86"
"17,78 : 902.33"
"17,79 : 314.45"
"17,80 : 758.91"
"17,81 : 818.89"
"17,82 : 439.46"
"17,83 : 711.52"
"17,84 : 806.82"
"17,85 : 701.24"
"17,86 : 853.8"
"17,87 : 720.23"
"17,88 : 588.66"
"17,89 : 525.91"
"17,90 : 236.01"
"17,91 : 214.11"
"17,92 : 359.84"
"17,93 : 412.1"
"17,94 : 198.06"
"17,95 : 286.06"
"17,96 : 745.85"
"17,97 : 524.31"
"17,98 : 862.96"
"17,99 : 524.27"
"18,0 : 1012.76"
"18,1 : 967.55"
"18,2 : 994.18"
"18,3 : 155.18"
"18,4 : 365.63"
"18,5 : 624.04"
"18,6 : 99.48"
"18,7 : 151.72"
"18,8 : 91.39"
"18,9 : 489.19"
"18,10 : 556.63"
"18,11 : 620.98"
"18,12 : 648.83"
"18,13 : 771.75"
"18,14 : 724.16"
"18,15 : 802.16"
"18,16 : 370.11"
"18,17 : 807.1"
"18,18 : 0.0"
"18,19 : 921.3"
"18,20 : 628.32"
"18,21 : 197.31"
"18,22 : 965.36"
"18,23 : 443.2"
"18,24 : 697.72"
"18,25 : 645.91"
"18,26 : 597.77"
"18,27 : 948.82"
"18,28 : 928.31"
"18,29 : 1060.99"
"18,30 : 763.73"
"18,31 : 111.83"
"18,32 : 271.54"
"18,33 : 952.5"
"18,34 : 447.3"
"18,35 : 898.06"
"18,36 : 816.43"
"18,37 : 128.7"
"18,38 : 542.01"
"18,39 : 527.75"
"18,40 : 420.08"
"18,41 : 945.08"
"18,42 : 492.45"
"18,43 : 758.28"
"18,44 : 721.6"
"18,45 : 738.81"
"18,46 : 397.66"
"18,47 : 575.57"
"18,48 : 181.96"
"18,49 : 626.03"
"18,50 : 917.12"
"18,51 : 317.53"
"18,52 : 620.95"
"18,53 : 631.05"
"18,54 : 682.95"
"18,55 : 416.19"
"18,56 : 598.32"
"18,57 : 261.9"
"18,58 : 318.78"
"18,59 : 752.71"
"18,60 : 459.41"
"18,61 : 505.06"
"18,62 : 631.46"
"18,63 : 668.58"
"18,64 : 307.48"
"18,65 : 677.88"
"18,66 : 744.86"
"18,67 : 283.64"
"18,68 : 762.74"
"18,69 : 694.56"
"18,70 : 844.42"
"18,71 : 709.58"
"18,72 : 1111.02"
"18,73 : 829.62"
"18,74 : 765.41"
"18,75 : 619.59"
"18,76 : 798.22"
"18,77 : 840.53"
"18,78 : 858.02"
"18,79 : 492.79"
"18,80 : 718.81"
"18,81 : 771.43"
"18,82 : 878.88"
"18,83 : 473.69"
"18,84 : 845.32"
"18,85 : 386.87"
"18,86 : 314.2"
"18,87 : 612.37"
"18,88 : 558.81"
"18,89 : 869.73"
"18,90 : 573.8"
"18,91 : 602.43"
"18,92 : 556.29"
"18,93 : 540.99"
"18,94 : 743.63"
"18,95 : 561.81"
"18,96 : 644.8"
"18,97 : 728.07"
"18,98 : 151.74"
"18,99 : 758.49"
"19,0 : 542.79"
"19,1 : 70.01"
"19,2 : 313.21"
"19,3 : 771.76"
"19,4 : 846.75"
"19,5 : 442.22"
"19,6 : 908.66"
"19,7 : 914.26"
"19,8 : 972.32"
"19,9 : 477.85"
"19,10 : 571.95"
"19,11 : 320.54"
"19,12 : 297.44"
"19,13 : 428.29"
"19,14 : 696.31"
"19,15 : 310.57"
"19,16 : 551.62"
"19,17 : 272.52"
"19,18 : 921.3"
"19,19 : 0.0"
"19,20 : 550.0"
"19,21 : 746.38"
"19,22 : 650.72"
"19,23 : 494.63"
"19,24 : 233.32"
"19,25 : 772.2"
"19,26 : 746.01"
"19,27 : 485.63"
"19,28 : 247.59"
"19,29 : 434.07"
"19,30 : 483.26"
"19,31 : 961.05"
"19,32 : 688.94"
"19,33 : 722.05"
"19,34 : 532.23"
"19,35 : 109.17"
"19,36 : 277.03"
"19,37 : 941.46"
"19,38 : 705.31"
"19,39 : 582.59"
"19,40 : 730.28"
"19,41 : 413.18"
"19,42 : 687.38"
"19,43 : 184.62"
"19,44 : 203.23"
"19,45 : 189.02"
"19,46 : 563.94"
"19,47 : 452.67"
"19,48 : 747.0"
"19,49 : 694.53"
"19,50 : 310.01"
"19,51 : 612.49"
"19,52 : 315.75"
"19,53 : 424.21"
"19,54 : 740.67"
"19,55 : 861.98"
"19,56 : 325.91"
"19,57 : 819.33"
"19,58 : 692.71"
"19,59 : 218.05"
"19,60 : 521.99"
"19,61 : 487.05"
"19,62 : 501.94"
"19,63 : 921.56"
"19,64 : 670.91"
"19,65 : 513.64"
"19,66 : 295.68"
"19,67 : 642.4"
"19,68 : 207.7"
"19,69 : 571.03"
"19,70 : 695.22"
"19,71 : 838.74"
"19,72 : 367.78"
"19,73 : 706.49"
"19,74 : 212.2"
"19,75 : 302.12"
"19,76 : 648.03"
"19,77 : 666.91"
"19,78 : 740.75"
"19,79 : 474.38"
"19,80 : 627.63"
"19,81 : 675.02"
"19,82 : 213.18"
"19,83 : 672.11"
"19,84 : 635.64"
"19,85 : 695.73"
"19,86 : 871.84"
"19,87 : 627.06"
"19,88 : 521.85"
"19,89 : 312.33"
"19,90 : 387.25"
"19,91 : 424.4"
"19,92 : 598.58"
"19,93 : 403.88"
"19,94 : 469.09"
"19,95 : 362.9"
"19,96 : 641.44"
"19,97 : 379.72"
"19,98 : 934.16"
"19,99 : 364.23"
"20,0 : 969.12"
"20,1 : 619.32"
"20,2 : 804.83"
"20,3 : 487.23"
"20,4 : 791.99"
"20,5 : 116.71"
"20,6 : 676.76"
"20,7 : 712.75"
"20,8 : 713.47"
"20,9 : 514.79"
"20,10 : 694.4"
"20,11 : 469.24"
"20,12 : 296.39"
"20,13 : 743.3"
"20,14 : 906.76"
"20,15 : 676.47"
"20,16 : 405.12"
"20,17 : 296.56"
"20,18 : 628.32"
"20,19 : 550.0"
"20,20 : 0.0"
"20,21 : 557.2"
"20,22 : 1015.37"
"20,23 : 288.73"
"20,24 : 359.05"
"20,25 : 911.9"
"20,26 : 863.34"
"20,27 : 896.66"
"20,28 : 722.81"
"20,29 : 919.85"
"20,30 : 778.84"
"20,31 : 721.02"
"20,32 : 555.71"
"20,33 : 1055.02"
"20,34 : 540.08"
"20,35 : 461.86"
"20,36 : 662.25"
"20,37 : 718.9"
"20,38 : 796.11"
"20,39 : 100.6"
"20,40 : 732.06"
"20,41 : 845.66"
"20,42 : 746.91"
"20,43 : 506.79"
"20,44 : 451.22"
"20,45 : 393.74"
"20,46 : 519.77"
"20,47 : 592.52"
"20,48 : 531.74"
"20,49 : 843.55"
"20,50 : 758.61"
"20,51 : 364.84"
"20,52 : 457.98"
"20,53 : 620.46"
"20,54 : 912.48"
"20,55 : 834.92"
"20,56 : 410.3"
"20,57 : 701.33"
"20,58 : 612.52"
"20,59 : 334.54"
"20,60 : 541.13"
"20,61 : 186.4"
"20,62 : 49.09"
"20,63 : 1024.86"
"20,64 : 571.55"
"20,65 : 739.85"
"20,66 : 255.77"
"20,67 : 469.47"
"20,68 : 544.49"
"20,69 : 72.8"
"20,70 : 977.47"
"20,71 : 994.75"
"20,72 : 894.13"
"20,73 : 976.45"
"20,74 : 338.52"
"20,75 : 369.5"
"20,76 : 918.44"
"20,77 : 956.29"
"20,78 : 1015.29"
"20,79 : 222.55"
"20,80 : 854.66"
"20,81 : 920.81"
"20,82 : 664.83"
"20,83 : 719.81"
"20,84 : 938.02"
"20,85 : 674.76"
"20,86 : 779.24"
"20,87 : 782.77"
"20,88 : 648.79"
"20,89 : 728.85"
"20,90 : 236.8"
"20,91 : 151.71"
"20,92 : 78.71"
"20,93 : 470.11"
"20,94 : 131.02"
"20,95 : 331.04"
"20,96 : 816.15"
"20,97 : 669.93"
"20,98 : 727.56"
"20,99 : 682.94"
"21,0 : 817.6"
"21,1 : 787.12"
"21,2 : 798.34"
"21,3 : 123.43"
"21,4 : 256.44"
"21,5 : 518.12"
"21,6 : 162.29"
"21,7 : 173.95"
"21,8 : 227.38"
"21,9 : 294.4"
"21,10 : 365.17"
"21,11 : 434.83"
"21,12 : 496.19"
"21,13 : 574.8"
"21,14 : 549.23"
"21,15 : 606.0"
"21,16 : 202.25"
"21,17 : 670.98"
"21,18 : 197.31"
"21,19 : 746.38"
"21,20 : 557.2"
"21,21 : 0.0"
"21,22 : 777.25"
"21,23 : 306.24"
"21,24 : 534.54"
"21,25 : 487.94"
"21,26 : 436.5"
"21,27 : 752.65"
"21,28 : 734.21"
"21,29 : 863.7"
"21,30 : 568.42"
"21,31 : 214.67"
"21,32 : 74.63"
"21,33 : 771.13"
"21,34 : 250.43"
"21,35 : 736.62"
"21,36 : 621.39"
"21,37 : 196.33"
"21,38 : 373.05"
"21,39 : 463.41"
"21,40 : 257.61"
"21,41 : 747.81"
"21,42 : 319.08"
"21,43 : 574.77"
"21,44 : 543.58"
"21,45 : 572.12"
"21,46 : 201.64"
"21,47 : 378.36"
"21,48 : 35.23"
"21,49 : 453.58"
"21,50 : 720.83"
"21,51 : 194.25"
"21,52 : 436.36"
"21,53 : 433.8"
"21,54 : 516.88"
"21,55 : 306.91"
"21,56 : 420.48"
"21,57 : 150.42"
"21,58 : 132.64"
"21,59 : 599.6"
"21,60 : 262.59"
"21,61 : 394.21"
"21,62 : 545.32"
"21,63 : 544.72"
"21,64 : 112.18"
"21,65 : 483.76"
"21,66 : 609.95"
"21,67 : 108.17"
"21,68 : 574.9"
"21,69 : 629.38"
"21,70 : 664.87"
"21,71 : 561.23"
"21,72 : 915.33"
"21,73 : 652.0"
"21,74 : 612.84"
"21,75 : 450.12"
"21,76 : 615.0"
"21,77 : 658.03"
"21,78 : 683.35"
"21,79 : 370.3"
"21,80 : 535.0"
"21,81 : 592.1"
"21,82 : 686.43"
"21,83 : 296.14"
"21,84 : 659.59"
"21,85 : 210.86"
"21,86 : 228.84"
"21,87 : 429.12"
"21,88 : 363.04"
"21,89 : 673.3"
"21,90 : 435.78"
"21,91 : 487.26"
"21,92 : 499.65"
"21,93 : 352.18"
"21,94 : 650.77"
"21,95 : 399.7"
"21,96 : 463.57"
"21,97 : 530.86"
"21,98 : 192.92"
"21,99 : 561.36"
"22,0 : 147.67"
"22,1 : 614.56"
"22,2 : 374.17"
"22,3 : 884.13"
"22,4 : 658.78"
"22,5 : 903.35"
"22,6 : 890.68"
"22,7 : 859.33"
"22,8 : 955.88"
"22,9 : 548.15"
"22,10 : 412.64"
"22,11 : 546.14"
"22,12 : 730.03"
"22,13 : 272.26"
"22,14 : 267.88"
"22,15 : 360.69"
"22,16 : 711.85"
"22,17 : 853.97"
"22,18 : 965.36"
"22,19 : 650.72"
"22,20 : 1015.37"
"22,21 : 777.25"
"22,22 : 0.0"
"22,23 : 772.95"
"22,24 : 683.2"
"22,25 : 383.86"
"22,26 : 409.21"
"22,27 : 171.13"
"22,28 : 409.65"
"22,29 : 302.04"
"22,30 : 239.74"
"22,31 : 928.03"
"22,32 : 704.64"
"22,33 : 85.05"
"22,34 : 559.61"
"22,35 : 745.43"
"22,36 : 387.75"
"22,37 : 897.38"
"22,38 : 439.97"
"22,39 : 983.1"
"22,40 : 557.08"
"22,41 : 245.69"
"22,42 : 479.8"
"22,43 : 545.74"
"22,44 : 590.82"
"22,45 : 668.04"
"22,46 : 608.45"
"22,47 : 448.52"
"22,48 : 804.62"
"22,49 : 358.93"
"22,50 : 343.96"
"22,51 : 805.29"
"22,52 : 557.41"
"22,53 : 405.12"
"22,54 : 330.97"
"22,55 : 631.1"
"22,56 : 605.12"
"22,57 : 722.93"
"22,58 : 647.47"
"22,59 : 748.54"
"22,60 : 550.39"
"22,61 : 850.7"
"22,62 : 970.8"
"22,63 : 494.28"
"22,64 : 665.81"
"22,65 : 304.02"
"22,66 : 835.39"
"22,67 : 738.65"
"22,68 : 502.56"
"22,69 : 1071.09"
"22,70 : 152.07"
"22,71 : 384.58"
"22,72 : 427.04"
"22,73 : 173.95"
"22,74 : 754.89"
"22,75 : 647.48"
"22,76 : 174.54"
"22,77 : 139.23"
"22,78 : 175.87"
"22,79 : 815.77"
"22,80 : 249.32"
"22,81 : 211.99"
"22,82 : 437.66"
"22,83 : 494.32"
"22,84 : 122.78"
"22,85 : 579.72"
"22,86 : 714.02"
"22,87 : 354.38"
"22,88 : 425.99"
"22,89 : 339.09"
"22,90 : 778.66"
"22,91 : 864.65"
"22,92 : 1017.76"
"22,93 : 559.43"
"22,94 : 1004.87"
"22,95 : 685.66"
"22,96 : 324.9"
"22,97 : 345.69"
"22,98 : 875.36"
"22,99 : 335.9"
"23,0 : 755.91"
"23,1 : 550.05"
"23,2 : 647.58"
"23,3 : 288.29"
"23,4 : 513.52"
"23,5 : 219.32"
"23,6 : 455.93"
"23,7 : 478.35"
"23,8 : 509.92"
"23,9 : 236.61"
"23,10 : 413.72"
"23,11 : 253.79"
"23,12 : 207.0"
"23,13 : 509.71"
"23,14 : 629.64"
"23,15 : 477.3"
"23,16 : 120.21"
"23,17 : 367.79"
"23,18 : 443.2"
"23,19 : 494.63"
"23,20 : 288.73"
"23,21 : 306.24"
"23,22 : 772.95"
"23,23 : 0.0"
"23,24 : 262.5"
"23,25 : 625.49"
"23,26 : 576.1"
"23,27 : 682.81"
"23,28 : 568.77"
"23,29 : 745.2"
"23,30 : 533.41"
"23,31 : 506.93"
"23,32 : 283.05"
"23,33 : 799.92"
"23,34 : 253.85"
"23,35 : 457.75"
"23,36 : 475.74"
"23,37 : 495.29"
"23,38 : 508.31"
"23,39 : 221.92"
"23,40 : 444.57"
"23,41 : 648.01"
"23,42 : 458.4"
"23,43 : 360.25"
"23,44 : 310.81"
"23,45 : 306.11"
"23,46 : 231.04"
"23,47 : 327.76"
"23,48 : 291.57"
"23,49 : 559.7"
"23,50 : 582.47"
"23,51 : 125.71"
"23,52 : 246.71"
"23,53 : 367.83"
"23,54 : 629.35"
"23,55 : 553.09"
"23,56 : 203.81"
"23,57 : 434.04"
"23,58 : 330.93"
"23,59 : 310.08"
"23,60 : 256.29"
"23,61 : 102.96"
"23,62 : 261.66"
"23,63 : 736.13"
"23,64 : 291.3"
"23,65 : 477.94"
"23,66 : 305.93"
"23,67 : 202.0"
"23,68 : 381.04"
"23,69 : 359.99"
"23,70 : 712.3"
"23,71 : 708.35"
"23,72 : 756.3"
"23,73 : 708.37"
"23,74 : 322.59"
"23,75 : 199.48"
"23,76 : 653.54"
"23,77 : 694.08"
"23,78 : 746.54"
"23,79 : 69.57"
"23,80 : 583.46"
"23,81 : 650.01"
"23,82 : 511.07"
"23,83 : 431.21"
"23,84 : 680.49"
"23,85 : 387.77"
"23,86 : 508.71"
"23,87 : 502.25"
"23,88 : 372.77"
"23,89 : 541.71"
"23,90 : 131.91"
"23,91 : 184.2"
"23,92 : 260.32"
"23,93 : 214.16"
"23,94 : 355.32"
"23,95 : 135.12"
"23,96 : 537.03"
"23,97 : 440.53"
"23,98 : 496.38"
"23,99 : 462.01"
"24,0 : 618.63"
