x,y
451,704
368,222
56,557
400,780
493,956
212,234
890,968
620,800
574,969
199,261
337,804
100,179
585,973
389,474
733,639
671,467
825,824
432,368
38,704
894,602
374,230
646,788
218,301
584,683
353,646
347,344
389,967
675,7
983,927
509,396
586,530
821,366
539,887
169,999
363,31
758,582
150,416
997,198
709,966
446,871
5,966
344,907
761,778
864,682
402,53
499,368
489,55
739,742
684,333
558,295
753,547
347,898
797,229
435,135
287,508
628,131
644,288
667,153
846,522
963,124
817,510
27,647
73,704
601,18
150,143
836,194
101,747
300,222
438,48
602,160
582,692
331,97
283,708
263,917
285,329
882,213
884,713
992,919
396,612
710,927
448,746
385,344
857,968
948,908
144,693
459,557
138,88
79,581
232,516
965,634
801,130
684,43
322,850
75,996
38,51
181,490
988,785
567,604
41,174
407,125

Distanze
"0,0 : 0.0"
"0,1 : 489.09"
"0,2 : 421.47"
"0,3 : 91.53"
"0,4 : 255.48"
"0,5 : 527.28"
"0,6 : 512.27"
"0,7 : 194.36"
"0,8 : 292.15"
"0,9 : 509.66"
"0,10 : 151.64"
"0,11 : 631.53"
"0,12 : 300.53"
"0,13 : 238.21"
"0,14 : 289.39"
"0,15 : 323.37"
"0,16 : 392.78"
"0,17 : 336.54"
"0,18 : 413.0"
"0,19 : 454.59"
"0,20 : 480.21"
"0,21 : 212.32"
"0,22 : 465.51"
"0,23 : 134.65"
"0,24 : 113.88"
"0,25 : 374.72"
"0,26 : 270.21"
"0,27 : 732.11"
"0,28 : 576.85"
"0,29 : 313.41"
"0,30 : 220.23"
"0,31 : 501.14"
"0,32 : 203.06"
"0,33 : 408.1"
"0,34 : 678.73"
"0,35 : 330.35"
"0,36 : 416.59"
"0,37 : 744.41"
"0,38 : 367.71"
"0,39 : 167.07"
"0,40 : 517.26"
"0,41 : 229.47"
"0,42 : 318.71"
"0,43 : 413.59"
"0,44 : 652.84"
"0,45 : 339.41"
"0,46 : 650.11"
"0,47 : 290.5"
"0,48 : 438.1"
"0,49 : 422.76"
"0,50 : 340.37"
"0,51 : 220.12"
"0,52 : 587.66"
"0,53 : 569.22"
"0,54 : 255.56"
"0,55 : 599.71"
"0,56 : 458.59"
"0,57 : 591.83"
"0,58 : 434.91"
"0,59 : 773.66"
"0,60 : 414.24"
"0,61 : 427.81"
"0,62 : 378.0"
"0,63 : 702.21"
"0,64 : 636.65"
"0,65 : 639.0"
"0,66 : 352.63"
"0,67 : 505.1"
"0,68 : 656.13"
"0,69 : 564.57"
"0,70 : 131.55"
"0,71 : 618.75"
"0,72 : 168.05"
"0,73 : 284.1"
"0,74 : 410.1"
"0,75 : 653.33"
"0,76 : 433.09"
"0,77 : 582.16"
"0,78 : 107.19"
"0,79 : 341.77"
"0,80 : 42.11"
"0,81 : 366.0"
"0,82 : 484.29"
"0,83 : 537.24"
"0,84 : 307.2"
"0,85 : 147.22"
"0,86 : 690.96"
"0,87 : 391.81"
"0,88 : 288.63"
"0,89 : 518.74"
"0,90 : 672.29"
"0,91 : 700.86"
"0,92 : 194.83"
"0,93 : 476.07"
"0,94 : 772.64"
"0,95 : 344.52"
"0,96 : 543.07"
"0,97 : 153.15"
"0,98 : 670.07"
"0,99 : 580.67"
"1,0 : 489.09"
"1,1 : 0.0"
"1,2 : 457.79"
"1,3 : 558.92"
"1,4 : 744.57"
"1,5 : 156.46"
"1,6 : 910.49"
"1,7 : 630.55"
"1,8 : 774.88"
"1,9 : 173.44"
"1,10 : 582.83"
"1,11 : 271.43"
"1,12 : 781.72"
"1,13 : 252.87"
"1,14 : 554.18"
"1,15 : 389.66"
"1,16 : 755.81"
"1,17 : 159.41"
"1,18 : 584.14"
"1,19 : 648.9"
"1,20 : 10.0"
"1,21 : 630.59"
"1,22 : 169.53"
"1,23 : 509.09"
"1,24 : 424.27"
"1,25 : 123.79"
"1,26 : 745.3"
"1,27 : 374.8"
"1,28 : 935.55"
"1,29 : 223.96"
"1,30 : 377.34"
"1,31 : 475.34"
"1,32 : 686.63"
"1,33 : 802.08"
"1,34 : 191.07"
"1,35 : 530.75"
"1,36 : 291.82"
"1,37 : 629.46"
"1,38 : 818.42"
"1,39 : 653.67"
"1,40 : 827.83"
"1,41 : 685.42"
"1,42 : 680.87"
"1,43 : 676.47"
"1,44 : 172.39"
"1,45 : 196.16"
"1,46 : 206.23"
"1,47 : 638.78"
"1,48 : 334.93"
"1,49 : 203.54"
"1,50 : 503.84"
"1,51 : 676.33"
"1,52 : 429.06"
"1,53 : 109.81"
"1,54 : 297.25"
"1,55 : 275.47"
"1,56 : 283.78"
"1,57 : 306.86"
"1,58 : 564.34"
"1,59 : 603.02"
"1,60 : 533.43"
"1,61 : 544.89"
"1,62 : 565.11"
"1,63 : 309.69"
"1,64 : 231.87"
"1,65 : 468.84"
"1,66 : 588.99"
"1,67 : 68.0"
"1,68 : 187.55"
"1,69 : 242.07"
"1,70 : 516.43"
"1,71 : 130.36"
"1,72 : 493.38"
"1,73 : 702.89"
"1,74 : 135.42"
"1,75 : 514.08"
"1,76 : 712.28"
"1,77 : 935.51"
"1,78 : 391.0"
"1,79 : 783.57"
"1,80 : 530.07"
"1,81 : 123.18"
"1,82 : 891.98"
"1,83 : 898.33"
"1,84 : 521.55"
"1,85 : 347.14"
"1,86 : 266.19"
"1,87 : 460.87"
"1,88 : 323.93"
"1,89 : 725.36"
"1,90 : 442.67"
"1,91 : 363.18"
"1,92 : 629.68"
"1,93 : 827.6"
"1,94 : 371.67"
"1,95 : 326.79"
"1,96 : 837.48"
"1,97 : 430.73"
"1,98 : 330.5"
"1,99 : 104.55"
"2,0 : 421.47"
"2,1 : 457.79"
"2,2 : 0.0"
"2,3 : 409.96"
"2,4 : 591.75"
"2,5 : 358.7"
"2,6 : 929.77"
"2,7 : 614.12"
"2,8 : 661.87"
"2,9 : 328.73"
"2,10 : 374.13"
"2,11 : 380.55"
"2,12 : 672.98"
"2,13 : 343.19"
"2,14 : 681.95"
"2,15 : 621.55"
"2,16 : 814.03"
"2,17 : 420.83"
"2,18 : 148.1"
"2,19 : 839.21"
"2,20 : 456.13"
"2,21 : 633.61"
"2,22 : 302.95"
"2,23 : 542.83"
"2,24 : 310.05"
"2,25 : 360.62"
"2,26 : 528.19"
"2,27 : 828.05"
"2,28 : 998.11"
"2,29 : 480.76"
"2,30 : 530.69"
"2,31 : 788.48"
"2,32 : 584.97"
"2,33 : 456.22"
"2,34 : 609.04"
"2,35 : 702.45"
"2,36 : 169.46"
"2,37 : 1007.16"
"2,38 : 770.51"
"2,39 : 500.7"
"2,40 : 412.17"
"2,41 : 453.26"
"2,42 : 738.83"
"2,43 : 817.61"
"2,44 : 611.34"
"2,45 : 481.63"
"2,46 : 662.94"
"2,47 : 707.61"
"2,48 : 666.75"
"2,49 : 566.26"
"2,50 : 697.07"
"2,51 : 448.29"
"2,52 : 810.35"
"2,53 : 567.21"
"2,54 : 236.14"
"2,55 : 713.2"
"2,56 : 646.61"
"2,57 : 732.49"
"2,58 : 790.77"
"2,59 : 1005.06"
"2,60 : 762.45"
"2,61 : 94.56"
"2,62 : 147.98"
"2,63 : 766.52"
"2,64 : 424.54"
"2,65 : 860.33"
"2,66 : 195.26"
"2,67 : 414.44"
"2,68 : 636.4"
"2,69 : 675.07"
"2,70 : 543.05"
"2,71 : 535.93"
"2,72 : 272.64"
"2,73 : 415.27"
"2,74 : 323.15"
"2,75 : 894.77"
"2,76 : 842.57"
"2,77 : 1003.56"
"2,78 : 344.42"
"2,79 : 751.41"
"2,80 : 435.18"
"2,81 : 391.93"
"2,82 : 900.29"
"2,83 : 958.57"
"2,84 : 161.99"
"2,85 : 403.0"
"2,86 : 476.11"
"2,87 : 33.24"
"2,88 : 180.71"
"2,89 : 912.26"
"2,90 : 858.69"
"2,91 : 811.53"
"2,92 : 395.73"
"2,93 : 439.41"
"2,94 : 506.32"
"2,95 : 141.82"
"2,96 : 959.48"
"2,97 : 513.16"
"2,98 : 383.29"
"2,99 : 556.62"
"3,0 : 91.53"
"3,1 : 558.92"
"3,2 : 409.96"
"3,3 : 0.0"
"3,4 : 199.06"
"3,5 : 577.46"
"3,6 : 524.83"
"3,7 : 220.91"
"3,8 : 256.9"
"3,9 : 556.56"
"3,10 : 67.42"
"3,11 : 671.71"
"3,12 : 267.35"
"3,13 : 306.2"
"3,14 : 361.62"
"3,15 : 414.02"
"3,16 : 427.27"
"3,17 : 413.24"
"3,18 : 369.89"
"3,19 : 525.09"
"3,20 : 550.61"
"3,21 : 246.13"
"3,22 : 512.41"
"3,23 : 208.0"
"3,24 : 142.0"
"3,25 : 439.21"
"3,26 : 187.32"
"3,27 : 820.46"
"3,28 : 601.25"
"3,29 : 399.17"
"3,30 : 311.6"
"3,31 : 590.45"
"3,32 : 175.41"
"3,33 : 318.31"
"3,34 : 749.91"
"3,35 : 409.11"
"3,36 : 441.58"
"3,37 : 833.75"
"3,38 : 360.66"
"3,39 : 101.97"
"3,40 : 436.6"
"3,41 : 138.8"
"3,42 : 361.01"
"3,43 : 474.24"
"3,44 : 727.0"
"3,45 : 423.73"
"3,46 : 730.44"
"3,47 : 341.12"
"3,48 : 529.59"
"3,49 : 510.09"
"3,50 : 422.96"
"3,51 : 129.36"
"3,52 : 679.12"
"3,53 : 645.95"
"3,54 : 294.54"
"3,55 : 687.88"
"3,56 : 549.18"
"3,57 : 681.48"
"3,58 : 515.25"
"3,59 : 864.47"
"3,60 : 496.78"
"3,61 : 396.0"
"3,62 : 335.72"
"3,63 : 788.06"
"3,64 : 684.3"
"3,65 : 730.41"
"3,66 : 300.82"
"3,67 : 566.89"
"3,68 : 732.99"
"3,69 : 652.08"
"3,70 : 202.16"
"3,71 : 686.48"
"3,72 : 137.38"
"3,73 : 193.75"
"3,74 : 465.43"
"3,75 : 744.19"
"3,76 : 488.62"
"3,77 : 608.1"
"3,78 : 168.05"
"3,79 : 343.09"
"3,80 : 58.82"
"3,81 : 436.26"
"3,82 : 494.16"
"3,83 : 562.75"
"3,84 : 270.38"
"3,85 : 230.67"
"3,86 : 739.94"
"3,87 : 377.68"
"3,88 : 312.92"
"3,89 : 583.56"
"3,90 : 763.74"
"3,91 : 789.83"
"3,92 : 104.8"
"3,93 : 390.23"
"3,94 : 813.93"
"3,95 : 363.4"
"3,96 : 588.02"
"3,97 : 242.62"
"3,98 : 704.36"
"3,99 : 655.04"
"4,0 : 255.48"
"4,1 : 744.57"
"4,2 : 591.75"
"4,3 : 199.06"
"4,4 : 0.0"
"4,5 : 774.75"
"4,6 : 397.18"
"4,7 : 201.16"
"4,8 : 82.04"
"4,9 : 754.63"
"4,10 : 217.81"
"4,11 : 870.73"
"4,12 : 93.56"
"4,13 : 493.09"
"4,14 : 397.6"
"4,15 : 520.39"
"4,16 : 357.28"
"4,17 : 591.16"
"4,18 : 520.12"
"4,19 : 534.9"
"4,20 : 735.69"
"4,21 : 227.23"
"4,22 : 710.39"
"4,23 : 287.77"
"4,24 : 340.15"
"4,25 : 629.17"
"4,26 : 104.58"
"4,27 : 966.29"
"4,28 : 490.86"
"4,29 : 560.23"
"4,30 : 436.03"
"4,31 : 675.04"
"4,32 : 82.93"
"4,33 : 326.84"
"4,34 : 934.09"
"4,35 : 458.37"
"4,36 : 639.73"
"4,37 : 910.26"
"4,38 : 216.23"
"4,39 : 97.13"
"4,40 : 488.1"
"4,41 : 156.85"
"4,42 : 321.73"
"4,43 : 461.21"
"4,44 : 907.57"
"4,45 : 588.03"
"4,46 : 901.01"
"4,47 : 326.06"
"4,48 : 651.62"
"4,49 : 664.19"
"4,50 : 484.65"
"4,51 : 157.1"
"4,52 : 788.0"
"4,53 : 823.05"
"4,54 : 493.09"
"4,55 : 835.97"
"4,56 : 684.85"
"4,57 : 821.64"
"4,58 : 559.43"
"4,59 : 955.58"
"4,60 : 551.26"
"4,61 : 559.14"
"4,62 : 489.8"
"4,63 : 944.2"
"4,64 : 882.39"
"4,65 : 835.64"
"4,66 : 444.24"
"4,67 : 758.95"
"4,68 : 909.66"
"4,69 : 803.43"
"4,70 : 278.6"
"4,71 : 874.14"
"4,72 : 324.97"
"4,73 : 233.28"
"4,74 : 660.6"
"4,75 : 838.67"
"4,76 : 460.36"
"4,77 : 500.37"
"4,78 : 357.41"
"4,79 : 218.93"
"4,80 : 214.77"
"4,81 : 621.46"
"4,82 : 364.2"
"4,83 : 457.52"
"4,84 : 437.0"
"4,85 : 400.45"
"4,86 : 937.79"
"4,87 : 558.59"
"4,88 : 511.59"
"4,89 : 571.37"
"4,90 : 881.56"
"4,91 : 932.76"
"4,92 : 201.19"
"4,93 : 419.91"
"4,94 : 1012.94"
"4,95 : 560.8"
"4,96 : 523.7"
"4,97 : 359.69"
"4,98 : 903.23"
"4,99 : 835.44"
"5,0 : 527.28"
"5,1 : 156.46"
"5,2 : 358.7"
"5,3 : 577.46"
"5,4 : 774.75"
"5,5 : 0.0"
"5,6 : 999.22"
"5,7 : 697.72"
"5,8 : 819.31"
"5,9 : 29.97"
"5,10 : 583.55"
"5,11 : 124.78"
"5,12 : 827.8"
"5,13 : 298.21"
"5,14 : 659.9"
"5,15 : 514.75"
"5,16 : 850.8"
"5,17 : 257.6"
"5,18 : 501.17"
"5,19 : 774.95"
"5,20 : 162.05"
"5,21 : 703.76"
"5,22 : 67.27"
"5,23 : 583.08"
"5,24 : 435.46"
"5,25 : 174.14"
"5,26 : 754.07"
"5,27 : 515.65"
"5,28 : 1036.67"
"5,29 : 338.31"
"5,30 : 476.96"
"5,31 : 623.14"
"5,32 : 730.3"
"5,33 : 766.21"
"5,34 : 253.0"
"5,35 : 647.47"
"5,36 : 192.27"
"5,37 : 785.83"
"5,38 : 884.78"
"5,39 : 678.62"
"5,40 : 760.71"
"5,41 : 685.82"
"5,42 : 772.88"
"5,43 : 791.08"
"5,44 : 262.41"
"5,45 : 316.74"
"5,46 : 329.8"
"5,47 : 731.98"
"5,48 : 482.27"
"5,49 : 351.34"
"5,50 : 625.02"
"5,51 : 677.58"
"5,52 : 585.02"
"5,53 : 243.99"
"5,54 : 284.08"
"5,55 : 428.56"
"5,56 : 435.36"
"5,57 : 462.15"
"5,58 : 696.35"
"5,59 : 759.01"
"5,60 : 664.98"
"5,61 : 452.54"
"5,62 : 490.12"
"5,63 : 444.95"
"5,64 : 110.11"
"5,65 : 625.28"
"5,66 : 524.87"
"5,67 : 88.81"
"5,68 : 292.7"
"5,69 : 396.96"
"5,70 : 588.78"
"5,71 : 181.47"
"5,72 : 479.29"
"5,73 : 684.9"
"5,74 : 119.81"
"5,75 : 670.33"
"5,76 : 825.24"
"5,77 : 1038.09"
"5,78 : 420.4"
"5,79 : 853.38"
"5,80 : 563.77"
"5,81 : 205.01"
"5,82 : 977.13"
"5,83 : 997.98"
"5,84 : 464.01"
"5,85 : 406.62"
"5,86 : 163.68"
"5,87 : 371.62"
"5,88 : 282.71"
"5,89 : 852.65"
"5,90 : 598.11"
"5,91 : 509.18"
"5,92 : 625.74"
"5,93 : 774.22"
"5,94 : 252.52"
"5,95 : 257.87"
"5,96 : 951.72"
"5,97 : 512.76"
"5,98 : 181.22"
"5,99 : 223.4"
"6,0 : 512.27"
"6,1 : 910.49"
"6,2 : 929.77"
"6,3 : 524.83"
"6,4 : 397.18"
"6,5 : 999.22"
"6,6 : 0.0"
"6,7 : 318.0"
"6,8 : 316.0"
"6,9 : 988.6"
"6,10 : 576.81"
"6,11 : 1116.52"
"6,12 : 305.04"
"6,13 : 703.59"
"6,14 : 364.54"
"6,15 : 546.77"
"6,16 : 157.99"
"6,17 : 754.83"
"6,18 : 891.96"
"6,19 : 366.02"
"6,20 : 900.5"
"6,21 : 303.21"
"6,22 : 946.82"
"6,23 : 418.16"
"6,24 : 626.14"
"6,25 : 827.18"
"6,26 : 501.0"
"6,27 : 984.76"
"6,28 : 101.64"
"6,29 : 687.27"
"6,30 : 533.16"
"6,31 : 605.94"
"6,32 : 360.22"
"6,33 : 721.67"
"6,34 : 1075.03"
"6,35 : 407.95"
"6,36 : 923.2"
"6,37 : 777.4"
"6,38 : 181.01"
"6,39 : 454.47"
"6,40 : 885.0"
"6,41 : 549.4"
"6,42 : 229.65"
"6,43 : 287.18"
"6,44 : 1037.0"
"6,45 : 716.16"
"6,46 : 997.18"
"6,47 : 271.8"
"6,48 : 667.58"
"6,49 : 750.44"
"6,50 : 442.73"
"6,51 : 547.49"
"6,52 : 744.83"
"6,53 : 949.16"
"6,54 : 758.43"
"6,55 : 877.05"
"6,56 : 723.13"
"6,57 : 844.96"
"6,58 : 448.17"
"6,59 : 847.15"
"6,60 : 463.78"
"6,61 : 920.77"
"6,62 : 858.59"
"6,63 : 992.99"
"6,64 : 1108.25"
"6,65 : 775.88"
"6,66 : 819.37"
"6,67 : 951.11"
"6,68 : 1025.04"
"6,69 : 857.79"
"6,70 : 413.57"
"6,71 : 1034.95"
"6,72 : 660.34"
"6,73 : 629.07"
"6,74 : 879.97"
"6,75 : 755.04"
"6,76 : 255.07"
"6,77 : 113.16"
"6,78 : 608.91"
"6,79 : 184.61"
"6,80 : 494.62"
"6,81 : 802.75"
"6,82 : 33.0"
"6,83 : 83.45"
"6,84 : 795.07"
"6,85 : 595.55"
"6,86 : 1157.54"
"6,87 : 898.6"
"6,88 : 798.29"
"6,89 : 342.32"
"6,90 : 842.71"
"6,91 : 947.66"
"6,92 : 580.13"
"6,93 : 815.48"
"6,94 : 1251.72"
"6,95 : 855.08"
"6,96 : 207.59"
"6,97 : 486.65"
"6,98 : 1162.43"
"6,99 : 971.56"
"7,0 : 194.36"
"7,1 : 630.55"
"7,2 : 614.12"
"7,3 : 220.91"
"7,4 : 201.16"
"7,5 : 697.72"
"7,6 : 318.0"
"7,7 : 0.0"
"7,8 : 175.15"
"7,9 : 683.93"
"7,10 : 283.03"
"7,11 : 809.96"
"7,12 : 176.5"
"7,13 : 399.55"
"7,14 : 196.7"
"7,15 : 336.88"
"7,16 : 206.4"
"7,17 : 471.13"
"7,18 : 589.86"
"7,19 : 338.05"
"7,20 : 620.82"
"7,21 : 28.64"
"7,22 : 640.78"
"7,23 : 122.41"
"7,24 : 308.23"
"7,25 : 531.47"
"7,26 : 285.04"
"7,27 : 794.91"
"7,28 : 384.58"
"7,29 : 418.97"
"7,30 : 272.13"
"7,31 : 478.29"
"7,32 : 118.87"
"7,33 : 492.95"
"7,34 : 810.81"
"7,35 : 258.01"
"7,36 : 606.92"
"7,37 : 710.3"
"7,38 : 188.35"
"7,39 : 187.93"
"7,40 : 637.01"
"7,41 : 296.02"
"7,42 : 142.71"
"7,43 : 271.04"
"7,44 : 778.16"
"7,45 : 448.63"
"7,46 : 756.43"
"7,47 : 132.38"
"7,48 : 471.37"
"7,49 : 508.79"
"7,50 : 285.83"
"7,51 : 290.06"
"7,52 : 597.8"
"7,53 : 690.25"
"7,54 : 442.89"
"7,55 : 669.05"
"7,56 : 512.56"
"7,57 : 648.7"
"7,58 : 358.27"
"7,59 : 758.04"
"7,60 : 350.58"
"7,61 : 612.42"
"7,62 : 555.36"
"7,63 : 782.23"
"7,64 : 807.81"
"7,65 : 643.34"
"7,66 : 521.7"
"7,67 : 660.67"
"7,68 : 773.71"
"7,69 : 640.25"
"7,70 : 114.49"
"7,71 : 760.09"
"7,72 : 349.33"
"7,73 : 375.68"
"7,74 : 577.98"
"7,75 : 642.82"
"7,76 : 277.97"
"7,77 : 390.57"
"7,78 : 292.44"
"7,79 : 155.66"
"7,80 : 180.28"
"7,81 : 512.99"
"7,82 : 290.5"
"7,83 : 345.32"
"7,84 : 487.88"
"7,85 : 291.5"
"7,86 : 859.81"
"7,87 : 583.65"
"7,88 : 480.83"
"7,89 : 382.86"
"7,90 : 694.02"
"7,91 : 759.7"
"7,92 : 302.17"
"7,93 : 579.17"
"7,94 : 948.54"
"7,95 : 537.42"
"7,96 : 368.31"
"7,97 : 203.04"
"7,98 : 852.71"
"7,99 : 707.81"
"8,0 : 292.15"
"8,1 : 774.88"
"8,2 : 661.87"
"8,3 : 256.9"
"8,4 : 82.04"
"8,5 : 819.31"
"8,6 : 316.0"
"8,7 : 175.15"
"8,8 : 0.0"
"8,9 : 801.18"
"8,10 : 288.78"
"8,11 : 921.29"
"8,12 : 11.7"
"8,13 : 528.44"
"8,14 : 366.31"
"8,15 : 511.29"
"8,16 : 289.87"
"8,17 : 617.55"
"8,18 : 597.93"
"8,19 : 486.92"
"8,20 : 765.59"
"8,21 : 194.79"
"8,22 : 756.94"
"8,23 : 286.17"
"8,24 : 391.37"
"8,25 : 664.95"
"8,26 : 185.01"
"8,27 : 967.29"
"8,28 : 411.15"
"8,29 : 576.67"
"8,30 : 439.16"
"8,31 : 651.63"
"8,32 : 89.16"
"8,33 : 406.11"
"8,34 : 961.44"
"8,35 : 428.51"
"8,36 : 696.84"
"8,37 : 879.41"
"8,38 : 135.03"
"8,39 : 161.21"
"8,40 : 569.01"
"8,41 : 238.21"
"8,42 : 267.3"
"8,43 : 408.01"
"8,44 : 932.01"
"8,45 : 605.66"
"8,46 : 917.94"
"8,47 : 280.63"
"8,48 : 645.44"
"8,49 : 674.19"
"8,50 : 458.39"
"8,51 : 237.84"
"8,52 : 772.87"
"8,53 : 845.5"
"8,54 : 543.04"
"8,55 : 839.74"
"8,56 : 684.59"
"8,57 : 821.28"
"8,58 : 523.25"
"8,59 : 930.24"
"8,60 : 519.36"
"8,61 : 634.74"
"8,62 : 566.77"
"8,63 : 951.38"
"8,64 : 928.47"
"8,65 : 818.09"
"8,66 : 522.51"
"8,67 : 795.67"
"8,68 : 930.99"
"8,69 : 809.48"
"8,70 : 277.12"
"8,71 : 905.23"
"8,72 : 390.9"
"8,73 : 315.32"
"8,74 : 702.23"
"8,75 : 816.33"
"8,76 : 402.04"
"8,77 : 420.98"
"8,78 : 398.91"
"8,79 : 142.34"
"8,80 : 256.13"
"8,81 : 652.95"
"8,82 : 283.0"
"8,83 : 378.94"
"8,84 : 510.96"
"8,85 : 427.75"
"8,86 : 982.98"
"8,87 : 628.94"
"8,88 : 567.6"
"8,89 : 514.88"
"8,90 : 869.17"
"8,91 : 932.51"
"8,92 : 278.68"
"8,93 : 499.73"
"8,94 : 1063.02"
"8,95 : 619.59"
"8,96 : 453.05"
"8,97 : 365.07"
"8,98 : 957.14"
"8,99 : 860.36"
"9,0 : 509.66"
"9,1 : 173.44"
"9,2 : 328.73"
"9,3 : 556.56"
"9,4 : 754.63"
"9,5 : 29.97"
"9,6 : 988.6"
"9,7 : 683.93"
"9,8 : 801.18"
"9,9 : 0.0"
"9,10 : 560.26"
"9,11 : 128.55"
"9,12 : 809.9"
"9,13 : 285.43"
"9,14 : 654.25"
"9,15 : 515.0"
"9,16 : 841.93"
"9,17 : 256.39"
"9,18 : 471.35"
"9,19 : 774.15"
"9,20 : 177.72"
"9,21 : 691.04"
"9,22 : 44.28"
"9,23 : 571.23"
"9,24 : 414.66"
"9,25 : 169.69"
"9,26 : 731.12"
"9,27 : 539.53"
"9,28 : 1028.69"
"9,29 : 338.12"
"9,30 : 471.31"
"9,31 : 630.8"
"9,32 : 712.37"
"9,33 : 738.61"
"9,34 : 282.48"
"9,35 : 644.61"
"9,36 : 162.56"
"9,37 : 800.48"
"9,38 : 870.13"
"9,39 : 658.11"
"9,40 : 731.21"
"9,41 : 662.07"
"9,42 : 763.63"
"9,43 : 787.06"
"9,44 : 290.64"
"9,45 : 318.51"
"9,46 : 355.72"
"9,47 : 723.16"
"9,48 : 490.32"
"9,49 : 360.61"
"9,50 : 623.47"
"9,51 : 653.97"
"9,52 : 598.86"
"9,53 : 267.53"
"9,54 : 262.21"
"9,55 : 448.26"
"9,56 : 445.82"
"9,57 : 480.3"
"9,58 : 697.66"
"9,59 : 776.19"
"9,60 : 666.28"
"9,61 : 422.59"
"9,62 : 460.57"
"9,63 : 469.74"
"9,64 : 127.77"
"9,65 : 640.51"
"9,66 : 495.78"
"9,67 : 108.27"
"9,68 : 320.14"
"9,69 : 415.46"
"9,70 : 576.58"
"9,71 : 210.52"
"9,72 : 454.82"
"9,73 : 659.11"
"9,74 : 109.64"
"9,75 : 684.68"
"9,76 : 820.69"
"9,77 : 1030.44"
"9,78 : 402.5"
"9,79 : 839.45"
"9,80 : 545.18"
"9,81 : 203.68"
"9,82 : 965.82"
"9,83 : 989.75"
"9,84 : 435.49"
"9,85 : 393.97"
"9,86 : 183.44"
"9,87 : 341.76"
"9,88 : 257.13"
"9,89 : 851.99"
"9,90 : 616.09"
"9,91 : 531.74"
"9,92 : 601.71"
"9,93 : 745.39"
"9,94 : 264.61"
"9,95 : 229.71"
"9,96 : 947.15"
"9,97 : 503.06"
"9,98 : 180.37"
"9,99 : 248.52"
"10,0 : 151.64"
"10,1 : 582.83"
"10,2 : 374.13"
"10,3 : 67.42"
"10,4 : 217.81"
"10,5 : 583.55"
"10,6 : 576.81"
"10,7 : 283.03"
"10,8 : 288.78"
"10,9 : 560.26"
"10,10 : 0.0"
"10,11 : 668.43"
"10,12 : 300.11"
"10,13 : 334.07"
"10,14 : 429.0"
"10,15 : 474.47"
"10,16 : 488.41"
"10,17 : 446.23"
"10,18 : 315.28"
"10,19 : 592.5"
"10,20 : 575.19"
"10,21 : 309.41"
"10,22 : 516.88"
"10,23 : 275.05"
"10,24 : 158.81"
"10,25 : 460.11"
"10,26 : 171.09"
"10,27 : 865.71"
"10,28 : 657.61"
"10,29 : 442.77"
"10,30 : 370.24"
"10,31 : 652.76"
"10,32 : 218.39"
"10,33 : 257.39"
"10,34 : 773.44"
"10,35 : 475.95"
"10,36 : 430.71"
"10,37 : 896.01"
"10,38 : 405.74"
"10,39 : 127.95"
"10,40 : 369.42"
"10,41 : 103.24"
"10,42 : 424.8"
"10,43 : 540.94"
"10,44 : 753.81"
"10,45 : 465.12"
"10,46 : 764.27"
"10,47 : 406.75"
"10,48 : 585.02"
"10,49 : 554.91"
"10,50 : 488.98"
"10,51 : 94.53"
"10,52 : 736.36"
"10,53 : 676.14"
"10,54 : 300.19"
"10,55 : 733.22"
"10,56 : 600.42"
"10,57 : 729.86"
"10,58 : 581.9"
"10,59 : 924.27"
"10,60 : 562.88"
"10,61 : 347.49"
"10,62 : 282.3"
"10,63 : 829.15"
"10,64 : 686.94"
"10,65 : 788.1"
"10,66 : 242.79"
"10,67 : 583.17"
"10,68 : 762.72"
"10,69 : 696.39"
"10,70 : 269.39"
"10,71 : 707.03"
"10,72 : 110.15"
"10,73 : 135.07"
"10,74 : 477.84"
"10,75 : 803.93"
"10,76 : 554.52"
"10,77 : 665.02"
"10,78 : 200.86"
"10,79 : 392.76"
"10,80 : 125.24"
"10,81 : 462.5"
"10,82 : 545.25"
"10,83 : 619.79"
"10,84 : 222.64"
"10,85 : 275.49"
"10,86 : 743.14"
"10,87 : 341.02"
"10,88 : 306.54"
"10,89 : 650.6"
"10,90 : 818.27"
"10,91 : 836.38"
"10,92 : 48.38"
"10,93 : 324.82"
"10,94 : 810.19"
"10,95 : 350.62"
"10,96 : 651.28"
"10,97 : 304.8"
"10,98 : 696.07"
"10,99 : 682.6"
"11,0 : 631.53"
"11,1 : 271.43"
"11,2 : 380.55"
"11,3 : 671.71"
"11,4 : 870.73"
"11,5 : 124.78"
"11,6 : 1116.52"
"11,7 : 809.96"
"11,8 : 921.29"
"11,9 : 128.55"
"11,10 : 668.43"
"11,11 : 0.0"
"11,12 : 930.41"
"11,13 : 412.97"
"11,14 : 782.49"
"11,15 : 639.52"
"11,16 : 970.39"
"11,17 : 382.03"
"11,18 : 528.65"
"11,19 : 899.65"
"11,20 : 278.71"
"11,21 : 817.92"
"11,22 : 169.73"
"11,23 : 698.76"
"11,24 : 531.13"
"11,25 : 297.04"
"11,26 : 839.32"
"11,27 : 600.17"
"11,28 : 1157.24"
"11,29 : 463.0"
"11,30 : 599.5"
"11,31 : 744.86"
"11,32 : 833.06"
"11,33 : 822.9"
"11,34 : 301.78"
"11,35 : 771.6"
"11,36 : 242.22"
"11,37 : 897.2"
"11,38 : 995.11"
"11,39 : 773.68"
"11,40 : 792.71"
"11,41 : 767.8"
"11,42 : 892.03"
"11,43 : 914.72"
"11,44 : 327.23"
"11,45 : 441.5"
"11,46 : 408.29"
"11,47 : 851.64"
"11,48 : 603.96"
"11,49 : 472.46"
"11,50 : 749.56"
"11,51 : 760.24"
"11,52 : 698.79"
"11,53 : 337.88"
"11,54 : 378.43"
"11,55 : 530.18"
"11,56 : 554.81"
"11,57 : 567.6"
"11,58 : 821.08"
"11,59 : 864.75"
"11,60 : 789.72"
"11,61 : 473.66"
"11,62 : 525.69"
"11,63 : 526.23"
"11,64 : 61.61"
"11,65 : 736.15"
"11,66 : 568.0"
"11,67 : 204.57"
"11,68 : 362.5"
"11,69 : 502.36"
"11,70 : 703.91"
"11,71 : 245.12"
"11,72 : 559.76"
"11,73 : 755.79"
"11,74 : 238.17"
"11,75 : 782.74"
"11,76 : 948.58"
"11,77 : 1158.99"
"11,78 : 524.5"
"11,79 : 965.2"
"11,80 : 665.28"
"11,81 : 329.32"
"11,82 : 1093.42"
"11,83 : 1118.28"
"11,84 : 515.88"
"11,85 : 521.31"
"11,86 : 98.62"
"11,87 : 402.55"
"11,88 : 361.93"
"11,89 : 977.37"
"11,90 : 702.71"
"11,91 : 599.63"
"11,92 : 706.77"
"11,93 : 817.38"
"11,94 : 142.23"
"11,95 : 321.38"
"11,96 : 1075.07"
"11,97 : 631.44"
"11,98 : 59.21"
"11,99 : 311.71"
"12,0 : 300.53"
"12,1 : 781.72"
"12,2 : 672.98"
"12,3 : 267.35"
"12,4 : 93.56"
"12,5 : 827.8"
"12,6 : 305.04"
"12,7 : 176.5"
"12,8 : 11.7"
"12,9 : 809.9"
"12,10 : 300.11"
"12,11 : 930.41"
"12,12 : 0.0"
"12,13 : 536.11"
"12,14 : 365.32"
"12,15 : 513.26"
"12,16 : 282.49"
"12,17 : 624.05"
"12,18 : 609.57"
"12,19 : 482.83"
"12,20 : 772.38"
"12,21 : 194.8"
"12,22 : 765.68"
"12,23 : 290.0"
"12,24 : 400.94"
"12,25 : 672.52"
"12,26 : 196.09"
"12,27 : 970.18"
"12,28 : 400.65"
"12,29 : 581.98"
"12,30 : 443.0"
"12,31 : 651.26"
"12,32 : 97.53"
"12,33 : 416.81"
"12,34 : 967.81"
"12,35 : 427.56"
"12,36 : 706.73"
"12,37 : 877.71"
"12,38 : 124.2"
"12,39 : 172.41"
"12,40 : 580.04"
"12,41 : 249.87"
"12,42 : 262.68"
"12,43 : 403.14"
"12,44 : 938.02"
"12,45 : 611.08"
"12,46 : 923.01"
"12,47 : 277.63"
"12,48 : 647.61"
"12,49 : 678.54"
"12,50 : 457.93"
"12,51 : 249.54"
"12,52 : 773.61"
"12,53 : 851.32"
"12,54 : 552.29"
"12,55 : 843.1"
"12,56 : 687.54"
"12,57 : 824.09"
"12,58 : 521.08"
"12,59 : 929.35"
"12,60 : 517.87"
"12,61 : 646.25"
"12,62 : 578.36"
"12,63 : 955.13"
"12,64 : 937.08"
"12,65 : 818.44"
"12,66 : 534.16"
"12,67 : 803.26"
"12,68 : 936.61"
"12,69 : 813.18"
"12,70 : 281.02"
"12,71 : 912.08"
"12,72 : 401.78"
"12,73 : 326.83"
"12,74 : 710.45"
"12,75 : 815.97"
"12,76 : 396.23"
"12,77 : 410.57"
"12,78 : 407.48"
"12,79 : 133.2"
"12,80 : 265.14"
"12,81 : 660.03"
"12,82 : 272.05"
"12,83 : 368.77"
"12,84 : 522.38"
"12,85 : 434.66"
"12,86 : 991.48"
"12,87 : 640.08"
"12,88 : 577.46"
"12,89 : 509.24"
"12,90 : 870.23"
"12,91 : 935.25"
"12,92 : 290.34"
"12,93 : 510.52"
"12,94 : 1072.05"
"12,95 : 629.69"
"12,96 : 444.69"
"12,97 : 369.44"
"12,98 : 966.61"
"12,99 : 866.48"
"13,0 : 238.21"
"13,1 : 252.87"
"13,2 : 343.19"
"13,3 : 306.2"
"13,4 : 493.09"
"13,5 : 298.21"
"13,6 : 703.59"
"13,7 : 399.55"
"13,8 : 528.44"
"13,9 : 285.43"
"13,10 : 334.07"
"13,11 : 412.97"
"13,12 : 536.11"
"13,13 : 0.0"
"13,14 : 381.52"
"13,15 : 282.09"
"13,16 : 559.1"
"13,17 : 114.39"
"13,18 : 419.64"
"13,19 : 520.97"
"13,20 : 244.46"
"13,21 : 405.76"
"13,22 : 243.25"
"13,23 : 285.84"
"13,24 : 175.73"
"13,25 : 136.62"
"13,26 : 493.0"
"13,27 : 547.62"
"13,28 : 747.02"
"13,29 : 143.12"
"13,30 : 204.8"
"13,31 : 445.3"
"13,32 : 439.4"
"13,33 : 569.23"
"13,34 : 443.76"
"13,35 : 384.48"
"13,36 : 245.94"
"13,37 : 667.71"
"13,38 : 586.91"
"13,39 : 401.07"
"13,40 : 624.12"
"13,41 : 435.33"
"13,42 : 480.42"
"13,43 : 518.55"
"13,44 : 421.2"
"13,45 : 152.76"
"13,46 : 430.77"
"13,47 : 440.82"
"13,48 : 326.96"
"13,49 : 246.17"
"13,50 : 371.25"
"13,51 : 426.08"
"13,52 : 475.91"
"13,53 : 342.11"
"13,54 : 107.52"
"13,55 : 418.06"
"13,56 : 315.63"
"13,57 : 424.65"
"13,58 : 459.51"
"13,59 : 672.29"
"13,60 : 429.51"
"13,61 : 401.21"
"13,62 : 390.84"
"13,63 : 502.87"
"13,64 : 408.27"
"13,65 : 527.46"
"13,66 : 396.83"
"13,67 : 267.25"
"13,68 : 428.81"
"13,69 : 379.43"
"13,70 : 291.16"
"13,71 : 381.44"
"13,72 : 256.89"
"13,73 : 460.57"
"13,74 : 178.44"
"13,75 : 557.83"
"13,76 : 549.68"
"13,77 : 749.42"
"13,78 : 138.18"
"13,79 : 555.2"
"13,80 : 278.33"
"13,81 : 130.06"
"13,82 : 680.49"
"13,83 : 707.7"
"13,84 : 328.61"
"13,85 : 108.58"
"13,86 : 460.43"
"13,87 : 327.95"
"13,88 : 162.52"
"13,89 : 597.81"
"13,90 : 536.73"
"13,91 : 522.29"
"13,92 : 381.92"
"13,93 : 609.16"
"13,94 : 549.66"
"13,95 : 208.61"
"13,96 : 674.92"
"13,97 : 220.42"
"13,98 : 459.46"
"13,99 : 349.46"
"14,0 : 289.39"
"14,1 : 554.18"
"14,2 : 681.95"
"14,3 : 361.62"
"14,4 : 397.6"
"14,5 : 659.9"
"14,6 : 364.54"
"14,7 : 196.7"
"14,8 : 366.31"
"14,9 : 654.25"
"14,10 : 429.0"
"14,11 : 782.49"
"14,12 : 365.32"
"14,13 : 381.52"
"14,14 : 0.0"
"14,15 : 182.83"
"14,16 : 206.61"
"14,17 : 405.02"
"14,18 : 698.03"
"14,19 : 165.2"
"14,20 : 544.21"
"14,21 : 172.54"
"14,22 : 616.01"
"14,23 : 155.36"
"14,24 : 380.06"
"14,25 : 485.82"
"14,26 : 475.31"
"14,27 : 634.66"
"14,28 : 381.37"
"14,29 : 330.49"
"14,30 : 183.0"
"14,31 : 286.83"
"14,32 : 314.87"
"14,33 : 669.1"
"14,34 : 711.73"
"14,35 : 62.24"
"14,36 : 624.19"
"14,37 : 513.98"
"14,38 : 327.88"
"14,39 : 369.04"
"14,40 : 798.07"
"14,41 : 472.38"
"14,42 : 141.79"
"14,43 : 137.88"
"14,44 : 673.02"
"14,45 : 358.05"
"14,46 : 632.92"
"14,47 : 103.17"
"14,48 : 309.9"
"14,49 : 385.95"
"14,50 : 94.15"
"14,51 : 464.84"
"14,52 : 414.97"
"14,53 : 585.51"
"14,54 : 464.84"
"14,55 : 518.74"
"14,56 : 362.11"
"14,57 : 490.46"
"14,58 : 162.66"
"14,59 : 564.03"
"14,60 : 153.94"
"14,61 : 706.05"
"14,62 : 663.19"
"14,63 : 634.87"
"14,64 : 765.44"
"14,65 : 456.76"
"14,66 : 641.16"
"14,67 : 601.15"
"14,68 : 660.53"
"14,69 : 496.59"
"14,70 : 160.03"
"14,71 : 674.81"
"14,72 : 455.26"
"14,73 : 546.06"
"14,74 : 544.8"
"14,75 : 451.31"
"14,76 : 168.16"
"14,77 : 381.42"
"14,78 : 338.08"
"14,79 : 288.92"
"14,80 : 304.42"
"14,81 : 456.21"
"14,82 : 351.59"
"14,83 : 344.36"
"14,84 : 591.47"
"14,85 : 286.01"
"14,86 : 810.94"
"14,87 : 656.57"
"14,88 : 515.88"
"14,89 : 232.05"
"14,90 : 513.52"
"14,91 : 598.01"
"14,92 : 462.0"
"14,93 : 748.61"
"14,94 : 910.37"
"14,95 : 571.76"
"14,96 : 293.84"
"14,97 : 169.65"
"14,98 : 833.72"
"14,99 : 608.66"
"15,0 : 323.37"
"15,1 : 389.66"
"15,2 : 621.55"
"15,3 : 414.02"
"15,4 : 520.39"
"15,5 : 514.75"
"15,6 : 546.77"
"15,7 : 336.88"
"15,8 : 511.29"
"15,9 : 515.0"
"15,10 : 474.47"
"15,11 : 639.52"
"15,12 : 513.26"
"15,13 : 282.09"
"15,14 : 182.83"
"15,15 : 0.0"
"15,16 : 388.8"
"15,17 : 258.69"
"15,18 : 675.91"
"15,19 : 260.68"
"15,20 : 379.97"
"15,21 : 321.97"
"15,22 : 482.46"
"15,23 : 232.86"
"15,24 : 364.92"
"15,25 : 346.56"
"15,26 : 574.04"
"15,27 : 460.02"
"15,28 : 555.83"
"15,29 : 176.88"
"15,30 : 105.8"
"15,31 : 180.83"
"15,32 : 440.25"
"15,33 : 731.46"
"15,34 : 533.82"
"15,35 : 144.2"
"15,36 : 523.49"
"15,37 : 422.65"
"15,38 : 500.44"
"15,39 : 462.43"
"15,40 : 832.2"
"15,41 : 548.21"
"15,42 : 323.76"
"15,43 : 288.92"
"15,44 : 493.72"
"15,45 : 198.46"
"15,46 : 450.41"
"15,47 : 283.28"
"15,48 : 134.63"
"15,49 : 205.8"
"15,50 : 114.56"
"15,51 : 539.2"
"15,52 : 269.3"
"15,53 : 407.33"
"15,54 : 386.18"
"15,55 : 338.74"
"15,56 : 181.02"
"15,57 : 314.03"
"15,58 : 183.44"
"15,59 : 450.46"
"15,60 : 152.2"
"15,61 : 668.68"
"15,62 : 643.25"
"15,63 : 454.42"
"15,64 : 613.53"
"15,65 : 318.99"
"15,66 : 635.06"
"15,67 : 444.6"
"15,68 : 479.43"
"15,69 : 314.66"
"15,70 : 241.96"
"15,71 : 502.49"
"15,72 : 456.75"
"15,73 : 607.42"
"15,74 : 409.93"
"15,75 : 330.21"
"15,76 : 325.4"
"15,77 : 554.39"
"15,78 : 310.89"
"15,79 : 461.65"
"15,80 : 357.17"
"15,81 : 311.33"
"15,82 : 534.41"
"15,83 : 520.78"
"15,84 : 573.42"
"15,85 : 230.31"
"15,86 : 654.01"
"15,87 : 602.88"
"15,88 : 441.73"
"15,89 : 338.12"
"15,90 : 361.2"
"15,91 : 424.2"
"15,92 : 518.16"
"15,93 : 796.9"
"15,94 : 757.46"
"15,95 : 490.54"
"15,96 : 449.01"
"15,97 : 172.0"
"15,98 : 694.8"
"15,99 : 432.04"
"16,0 : 392.78"
"16,1 : 755.81"
"16,2 : 814.03"
"16,3 : 427.27"
"16,4 : 357.28"
"16,5 : 850.8"
"16,6 : 157.99"
"16,7 : 206.4"
"16,8 : 289.87"
"16,9 : 841.93"
"16,10 : 488.41"
"16,11 : 970.39"
"16,12 : 282.49"
"16,13 : 559.1"
"16,14 : 206.61"
"16,15 : 388.8"
"16,16 : 0.0"
"16,17 : 601.98"
"16,18 : 796.1"
"16,19 : 232.48"
"16,20 : 745.81"
"16,21 : 182.58"
"16,22 : 801.24"
"16,23 : 279.22"
"16,24 : 504.45"
"16,25 : 677.41"
"16,26 : 458.85"
"16,27 : 830.66"
"16,28 : 188.61"
"16,29 : 532.02"
"16,30 : 378.89"
"16,31 : 458.02"
"16,32 : 292.86"
"16,33 : 678.94"
"16,34 : 917.77"
"16,35 : 251.1"
"16,36 : 788.73"
"16,37 : 649.2"
"16,38 : 183.36"
"16,39 : 381.9"
"16,40 : 832.2"
"16,41 : 488.11"
"16,42 : 78.82"
"16,43 : 147.26"
"16,44 : 879.41"
"16,45 : 560.55"
"16,46 : 839.2"
"16,47 : 118.83"
"16,48 : 510.84"
"16,49 : 592.56"
"16,50 : 286.2"
"16,51 : 483.69"
"16,52 : 595.66"
"16,53 : 791.72"
"16,54 : 623.94"
"16,55 : 720.46"
"16,56 : 565.74"
"16,57 : 689.35"
"16,58 : 302.73"
"16,59 : 713.47"
"16,60 : 314.1"
"16,61 : 817.39"
"16,62 : 761.51"
"16,63 : 836.55"
"16,64 : 958.85"
"16,65 : 630.1"
"16,66 : 728.08"
"16,67 : 798.77"
"16,68 : 867.15"
"16,69 : 700.45"
"16,70 : 276.54"
"16,71 : 878.96"
"16,72 : 554.27"
"16,73 : 569.64"
"16,74 : 732.55"
"16,75 : 613.65"
"16,76 : 125.71"
"16,77 : 192.13"
"16,78 : 478.52"
"16,79 : 154.38"
"16,80 : 384.98"
"16,81 : 651.15"
"16,82 : 147.51"
"16,83 : 148.95"
"16,84 : 693.49"
"16,85 : 453.04"
"16,86 : 1006.81"
"16,87 : 784.58"
"16,88 : 668.22"
"16,89 : 236.01"
"16,90 : 694.41"
"16,91 : 793.63"
"16,92 : 503.67"
"16,93 : 769.47"
"16,94 : 1103.13"
"16,95 : 725.46"
"16,96 : 167.6"
"16,97 : 339.06"
"16,98 : 1018.41"
"16,99 : 814.45"
"17,0 : 336.54"
"17,1 : 159.41"
"17,2 : 420.83"
"17,3 : 413.24"
"17,4 : 591.16"
"17,5 : 257.6"
"17,6 : 754.83"
"17,7 : 471.13"
"17,8 : 617.55"
"17,9 : 256.39"
"17,10 : 446.23"
"17,11 : 382.03"
"17,12 : 624.05"
"17,13 : 114.39"
"17,14 : 405.02"
"17,15 : 258.69"
"17,16 : 601.98"
"17,17 : 0.0"
"17,18 : 517.81"
"17,19 : 517.88"
"17,20 : 149.69"
"17,21 : 471.38"
"17,22 : 224.24"
"17,23 : 349.76"
"17,24 : 289.01"
"17,25 : 88.32"
"17,26 : 600.54"
"17,27 : 435.17"
"17,28 : 784.91"
"17,29 : 81.93"
"17,30 : 223.52"
"17,31 : 389.01"
"17,32 : 529.92"
"17,33 : 683.62"
"17,34 : 343.99"
"17,35 : 389.96"
"17,36 : 286.06"
"17,37 : 590.02"
"17,38 : 659.04"
"17,39 : 503.19"
"17,40 : 734.8"
"17,41 : 546.14"
"17,42 : 525.68"
"17,43 : 534.06"
"17,44 : 316.43"
"17,45 : 67.0"
"17,46 : 318.15"
"17,47 : 483.86"
"17,48 : 254.42"
"17,49 : 145.62"
"17,50 : 367.54"
"17,51 : 536.77"
"17,52 : 390.57"
"17,53 : 233.02"
"17,54 : 201.56"
"17,55 : 307.55"
"17,56 : 226.59"
"17,57 : 318.51"
"17,58 : 441.71"
"17,59 : 584.38"
"17,60 : 410.35"
"17,61 : 491.8"
"17,62 : 491.71"
"17,63 : 388.67"
"17,64 : 360.76"
"17,65 : 439.88"
"17,66 : 503.19"
"17,67 : 196.82"
"17,68 : 320.06"
"17,69 : 268.63"
"17,70 : 357.04"
"17,71 : 289.21"
"17,72 : 371.22"
"17,73 : 574.42"
"17,74 : 152.09"
"17,75 : 475.95"
"17,76 : 568.62"
"17,77 : 785.62"
"17,78 : 246.64"
"17,79 : 624.31"
"17,80 : 378.34"
"17,81 : 52.77"
"17,82 : 735.27"
"17,83 : 746.9"
"17,84 : 434.25"
"17,85 : 190.92"
"17,86 : 406.0"
"17,87 : 412.28"
"17,88 : 248.81"
"17,89 : 595.69"
"17,90 : 439.1"
"17,91 : 411.25"
"17,92 : 494.39"
"17,93 : 722.38"
"17,94 : 505.69"
"17,95 : 279.08"
"17,96 : 695.0"
"17,97 : 271.88"
"17,98 : 436.48"
"17,99 : 244.28"
"18,0 : 413.0"
"18,1 : 584.14"
"18,2 : 148.1"
"18,3 : 369.89"
"18,4 : 520.12"
"18,5 : 501.17"
"18,6 : 891.96"
"18,7 : 589.86"
"18,8 : 597.93"
"18,9 : 471.35"
"18,10 : 315.28"
"18,11 : 528.65"
"18,12 : 609.57"
"18,13 : 419.64"
"18,14 : 698.03"
"18,15 : 675.91"
"18,16 : 796.1"
"18,17 : 517.81"
"18,18 : 0.0"
"18,19 : 862.06"
"18,20 : 581.01"
"18,21 : 613.78"
"18,22 : 441.37"
"18,23 : 546.4"
"18,24 : 320.3"
"18,25 : 474.43"
"18,26 : 438.6"
"18,27 : 944.23"
"18,28 : 970.96"
"18,29 : 562.77"
"18,30 : 574.96"
"18,31 : 852.84"
"18,32 : 533.38"
"18,33 : 322.78"
"18,34 : 747.36"
"18,35 : 730.26"
"18,36 : 309.01"
"18,37 : 1084.3"
"18,38 : 720.34"
"18,39 : 440.85"
"18,40 : 264.07"
"18,41 : 367.21"
"18,42 : 726.78"
"18,43 : 826.29"
"18,44 : 745.85"
"18,45 : 570.45"
"18,46 : 790.32"
"18,47 : 702.03"
"18,48 : 744.95"
"18,49 : 661.57"
"18,50 : 732.03"
"18,51 : 364.85"
"18,52 : 895.38"
"18,53 : 693.81"
"18,54 : 316.89"
"18,55 : 822.45"
"18,56 : 735.05"
"18,57 : 836.21"
"18,58 : 828.24"
"18,59 : 1091.8"
"18,60 : 802.79"
"18,61 : 58.05"
"18,62 : 35.0"
"18,63 : 887.45"
"18,64 : 572.07"
"18,65 : 947.05"
"18,66 : 76.28"
"18,67 : 548.61"
"18,68 : 768.33"
"18,69 : 783.6"
"18,70 : 544.13"
"18,71 : 674.02"
"18,72 : 245.03"
"18,73 : 309.83"
"18,74 : 449.04"
"18,75 : 976.43"
"18,76 : 846.05"
"18,77 : 977.93"
"18,78 : 369.63"
"18,79 : 708.03"
"18,80 : 412.15"
"18,81 : 500.01"
"18,82 : 860.5"
"18,83 : 932.59"
"18,84 : 106.57"
"18,85 : 445.93"
"18,86 : 624.06"
"18,87 : 129.65"
"18,88 : 270.15"
"18,89 : 929.64"
"18,90 : 954.8"
"18,91 : 924.25"
"18,92 : 319.33"
"18,93 : 294.33"
"18,94 : 653.0"
"18,95 : 257.38"
"18,96 : 953.45"
"18,97 : 538.37"
"18,98 : 530.01"
"18,99 : 686.59"
"19,0 : 454.59"
"19,1 : 648.9"
"19,2 : 839.21"
"19,3 : 525.09"
"19,4 : 534.9"
"19,5 : 774.95"
"19,6 : 366.02"
"19,7 : 338.05"
"19,8 : 486.92"
"19,9 : 774.15"
"19,10 : 592.5"
"19,11 : 899.65"
"19,12 : 482.83"
"19,13 : 520.97"
"19,14 : 165.2"
"19,15 : 260.68"
"19,16 : 232.48"
"19,17 : 517.88"
"19,18 : 862.06"
"19,19 : 0.0"
"19,20 : 639.36"
"19,21 : 310.0"
"19,22 : 739.98"
"19,23 : 320.41"
"19,24 : 542.79"
"19,25 : 604.79"
"19,26 : 623.1"
"19,27 : 634.02"
"19,28 : 336.97"
"19,29 : 436.65"
"19,30 : 316.3"
"19,31 : 247.03"
"19,32 : 455.25"
"19,33 : 826.58"
"19,34 : 779.74"
"19,35 : 137.46"
"19,36 : 766.9"
"19,37 : 416.92"
"19,38 : 408.31"
"19,39 : 522.56"
"19,40 : 960.63"
"19,41 : 628.91"
"19,42 : 220.6"
"19,43 : 85.44"
"19,44 : 737.2"
"19,45 : 459.11"
"19,46 : 680.61"
"19,47 : 208.87"
"19,48 : 341.26"
"19,49 : 455.13"
"19,50 : 151.35"
"19,51 : 621.95"
"19,52 : 385.41"
"19,53 : 654.81"
"19,54 : 614.24"
"19,55 : 540.92"
"19,56 : 401.37"
"19,57 : 503.12"
"19,58 : 93.3"
"19,59 : 482.95"
"19,60 : 119.97"
"19,61 : 868.17"
"19,62 : 827.31"
"19,63 : 653.38"
"19,64 : 874.2"
"19,65 : 412.1"
"19,66 : 806.15"
"19,67 : 705.15"
"19,68 : 717.53"
"19,69 : 529.74"
"19,70 : 324.72"
"19,71 : 756.3"
"19,72 : 620.13"
"19,73 : 705.26"
"19,74 : 667.39"
"19,75 : 389.19"
"19,76 : 111.45"
"19,77 : 331.8"
"19,78 : 498.1"
"19,79 : 373.47"
"19,80 : 468.67"
"19,81 : 570.65"
"19,82 : 367.87"
"19,83 : 310.73"
"19,84 : 755.5"
"19,85 : 437.32"
"19,86 : 914.18"
"19,87 : 815.27"
"19,88 : 667.56"
"19,89 : 77.88"
"19,90 : 481.07"
"19,91 : 597.14"
"19,92 : 623.45"
"19,93 : 908.84"
"19,94 : 1018.01"
"19,95 : 721.74"
"19,96 : 205.73"
"19,97 : 327.01"
"19,98 : 954.35"
"19,99 : 681.69"
"20,0 : 480.21"
"20,1 : 10.0"
"20,2 : 456.13"
"20,3 : 550.61"
"20,4 : 735.69"
"20,5 : 162.05"
"20,6 : 900.5"
"20,7 : 620.82"
"20,8 : 765.59"
"20,9 : 177.72"
"20,10 : 575.19"
"20,11 : 278.71"
"20,12 : 772.38"
"20,13 : 244.46"
"20,14 : 544.21"
"20,15 : 379.97"
"20,16 : 745.81"
"20,17 : 149.69"
"20,18 : 581.01"
"20,19 : 639.36"
"20,20 : 0.0"
"20,21 : 620.76"
"20,22 : 171.4"
"20,23 : 499.31"
"20,24 : 416.53"
"20,25 : 117.15"
"20,26 : 737.15"
"20,27 : 374.61"
"20,28 : 925.58"
"20,29 : 213.96"
"20,30 : 367.35"
"20,31 : 467.23"
"20,32 : 677.4"
"20,33 : 795.86"
"20,34 : 199.3"
"20,35 : 520.92"
"20,36 : 291.16"
"20,37 : 623.82"
"20,38 : 808.65"
"20,39 : 645.03"
"20,40 : 823.32"
"20,41 : 677.66"
"20,42 : 670.87"
"20,43 : 666.64"
"20,44 : 179.2"
"20,45 : 186.2"
"20,46 : 209.4"
"20,47 : 628.78"
"20,48 : 326.66"
"20,49 : 195.14"
"20,50 : 494.1"
"20,51 : 668.55"
"20,52 : 423.0"
"20,53 : 112.9"
"20,54 : 291.3"
"20,55 : 272.61"
"20,56 : 276.16"
"20,57 : 302.95"
"20,58 : 555.02"
"20,59 : 598.46"
"20,60 : 524.07"
"20,61 : 542.49"
"20,62 : 561.5"
"20,63 : 310.6"
"20,64 : 240.3"
"20,65 : 463.4"
"20,66 : 584.65"
"20,67 : 74.43"
"20,68 : 192.92"
"20,69 : 238.5"
"20,70 : 506.66"
"20,71 : 139.78"
"20,72 : 486.59"
"20,73 : 695.91"
"20,74 : 133.12"
"20,75 : 508.28"
"20,76 : 702.42"
"20,77 : 925.55"
"20,78 : 382.63"
"20,79 : 773.76"
"20,80 : 521.28"
"20,81 : 114.53"
"20,82 : 882.01"
"20,83 : 888.35"
"20,84 : 516.98"
"20,85 : 337.87"
"20,86 : 275.43"
"20,87 : 458.5"
"20,88 : 319.31"
"20,89 : 715.89"
"20,90 : 438.55"
"20,91 : 362.03"
"20,92 : 622.18"
"20,93 : 822.29"
"20,94 : 380.71"
"20,95 : 323.8"
"20,96 : 827.66"
"20,97 : 420.86"
"20,98 : 337.68"
"20,99 : 110.06"
"21,0 : 212.32"
"21,1 : 630.59"
"21,2 : 633.61"
"21,3 : 246.13"
"21,4 : 227.23"
"21,5 : 703.76"
"21,6 : 303.21"
"21,7 : 28.64"
"21,8 : 194.79"
"21,9 : 691.04"
"21,10 : 309.41"
"21,11 : 817.92"
"21,12 : 194.8"
"21,13 : 405.76"
"21,14 : 172.54"
"21,15 : 321.97"
"21,16 : 182.58"
"21,17 : 471.38"
"21,18 : 613.78"
"21,19 : 310.0"
"21,20 : 620.76"
"21,21 : 0.0"
"21,22 : 648.35"
"21,23 : 121.94"
"21,24 : 325.6"
"21,25 : 535.29"
"21,26 : 313.19"
"21,27 : 781.54"
"21,28 : 364.54"
"21,29 : 415.25"
"21,30 : 264.88"
"21,31 : 456.85"
"21,32 : 145.77"
"21,33 : 521.58"
"21,34 : 808.17"
"21,35 : 234.48"
"21,36 : 620.0"
"21,37 : 686.51"
"21,38 : 188.82"
"21,39 : 216.54"
"21,40 : 665.26"
"21,41 : 324.6"
"21,42 : 115.43"
"21,43 : 242.4"
"21,44 : 774.44"
"21,45 : 444.98"
"21,46 : 749.63"
"21,47 : 103.75"
"21,48 : 456.58"
"21,49 : 500.79"
"21,50 : 263.69"
"21,51 : 318.59"
"21,52 : 579.04"
"21,53 : 686.24"
"21,54 : 455.28"
"21,55 : 657.25"
"21,56 : 500.0"
"21,57 : 635.35"
"21,58 : 332.8"
"21,59 : 735.79"
"21,60 : 326.38"
"21,61 : 634.86"
"21,62 : 579.12"
"21,63 : 771.31"
"21,64 : 813.66"
"21,65 : 623.65"
"21,66 : 546.54"
"21,67 : 663.38"
"21,68 : 768.68"
"21,69 : 629.54"
"21,70 : 115.38"
"21,71 : 759.41"
"21,72 : 371.71"
"21,73 : 404.14"
"21,74 : 583.95"
"21,75 : 621.55"
"21,76 : 249.54"
"21,77 : 369.97"
"21,78 : 305.74"
"21,79 : 153.03"
"21,80 : 202.41"
"21,81 : 515.03"
"21,82 : 277.35"
"21,83 : 324.97"
"21,84 : 510.91"
"21,85 : 297.2"
"21,86 : 864.91"
"21,87 : 603.6"
"21,88 : 495.36"
"21,89 : 354.23"
"21,90 : 676.01"
"21,91 : 745.97"
"21,92 : 329.88"
"21,93 : 607.7"
"21,94 : 955.42"
"21,95 : 552.29"
"21,96 : 342.01"
"21,97 : 200.24"
"21,98 : 861.99"
"21,99 : 704.76"
"22,0 : 465.51"
"22,1 : 169.53"
"22,2 : 302.95"
"22,3 : 512.41"
"22,4 : 710.39"
"22,5 : 67.27"
"22,6 : 946.82"
"22,7 : 640.78"
"22,8 : 756.94"
"22,9 : 44.28"
"22,10 : 516.88"
"22,11 : 169.73"
"22,12 : 765.68"
"22,13 : 243.25"
"22,14 : 616.01"
"22,15 : 482.46"
"22,16 : 801.24"
"22,17 : 224.24"
"22,18 : 441.37"
"22,19 : 739.98"
"22,20 : 171.4"
"22,21 : 648.35"
"22,22 : 0.0"
"22,23 : 529.04"
"22,24 : 370.47"
"22,25 : 135.98"
"22,26 : 687.6"
"22,27 : 543.4"
"22,28 : 988.48"
"22,29 : 306.11"
"22,30 : 433.43"
"22,31 : 606.49"
"22,32 : 668.16"
"22,33 : 699.72"
"22,34 : 306.47"
"22,35 : 608.74"
"22,36 : 133.6"
"22,37 : 785.78"
"22,38 : 826.62"
"22,39 : 613.91"
"22,40 : 698.28"
"22,41 : 618.96"
"22,42 : 722.76"
"22,43 : 749.98"
"22,44 : 308.8"
"22,45 : 288.88"
"22,46 : 366.0"
"22,47 : 682.58"
"22,48 : 467.1"
"22,49 : 340.05"
"22,50 : 588.85"
"22,51 : 610.78"
"22,52 : 583.46"
"22,53 : 273.21"
"22,54 : 218.2"
"22,55 : 443.85"
"22,56 : 426.2"
"22,57 : 472.76"
"22,58 : 665.75"
"22,59 : 765.74"
"22,60 : 634.41"
"22,61 : 395.22"
"22,62 : 428.29"
"22,63 : 476.21"
"22,64 : 172.01"
"22,65 : 627.19"
"22,66 : 461.09"
"22,67 : 113.86"
"22,68 : 335.27"
"22,69 : 409.07"
"22,70 : 534.21"
"22,71 : 233.21"
"22,72 : 412.16"
"22,73 : 617.64"
"22,74 : 72.62"
"22,75 : 669.81"
"22,76 : 783.13"
"22,77 : 990.45"
"22,78 : 358.34"
"22,79 : 796.2"
"22,80 : 500.92"
"22,81 : 172.45"
"22,82 : 923.69"
"22,83 : 949.39"
"22,84 : 398.92"
"22,85 : 351.59"
"22,86 : 227.53"
"22,87 : 312.6"
"22,88 : 215.46"
"22,89 : 817.86"
"22,90 : 607.56"
"22,91 : 532.65"
"22,92 : 558.76"
"22,93 : 709.56"
"22,94 : 308.06"
"22,95 : 192.59"
"22,96 : 909.48"
"22,97 : 462.18"
"22,98 : 217.85"
"22,99 : 258.26"
"23,0 : 134.65"
"23,1 : 509.09"
"23,2 : 542.83"
"23,3 : 208.0"
"23,4 : 287.77"
"23,5 : 583.08"
"23,6 : 418.16"
"23,7 : 122.41"
"23,8 : 286.17"
"23,9 : 571.23"
"23,10 : 275.05"
"23,11 : 698.76"
"23,12 : 290.0"
"23,13 : 285.84"
"23,14 : 155.36"
"23,15 : 232.86"
"23,16 : 279.22"
"23,17 : 349.76"
"23,18 : 546.4"
"23,19 : 320.41"
"23,20 : 499.31"
"23,21 : 121.94"
"23,22 : 529.04"
"23,23 : 0.0"
"23,24 : 233.94"
"23,25 : 413.63"
"23,26 : 344.5"
"23,27 : 682.1"
"23,28 : 467.69"
"23,29 : 296.64"
"23,30 : 153.01"
"23,31 : 395.8"
"23,32 : 208.9"
"23,33 : 521.61"
"23,34 : 688.44"
"23,35 : 201.19"
"23,36 : 509.55"
"23,37 : 637.02"
"23,38 : 309.38"
"23,39 : 233.21"
"23,40 : 644.46"
"23,41 : 328.29"
"23,42 : 200.88"
"23,43 : 280.0"
"23,44 : 655.76"
"23,45 : 326.27"
"23,46 : 635.14"
"23,47 : 165.85"
"23,48 : 364.01"
"23,49 : 388.87"
"23,50 : 216.93"
"23,51 : 319.99"
"23,52 : 501.48"
"23,53 : 567.9"
"23,54 : 344.72"
"23,55 : 553.75"
"23,56 : 399.53"
"23,57 : 536.46"
"23,58 : 307.51"
"23,59 : 675.37"
"23,60 : 290.2"
"23,61 : 558.16"
"23,62 : 511.43"
"23,63 : 665.22"
"23,64 : 692.79"
"23,65 : 550.11"
"23,66 : 487.22"
"23,67 : 541.46"
"23,68 : 651.57"
"23,69 : 523.31"
"23,70 : 9.22"
"23,71 : 638.28"
"23,72 : 302.04"
"23,73 : 397.24"
"23,74 : 463.38"
"23,75 : 556.51"
"23,76 : 301.5"
"23,77 : 471.34"
"23,78 : 200.96"
"23,79 : 274.61"
"23,80 : 149.88"
"23,81 : 393.09"
"23,82 : 394.66"
"23,83 : 427.93"
"23,84 : 440.11"
"23,85 : 177.49"
"23,86 : 743.6"
"23,87 : 515.2"
"23,88 : 389.61"
"23,89 : 384.14"
"23,90 : 594.05"
"23,91 : 647.77"
"23,92 : 310.7"
"23,93 : 597.54"
"23,94 : 835.19"
"23,95 : 446.83"
"23,96 : 416.68"
"23,97 : 80.81"
"23,98 : 744.26"
"23,99 : 585.4"
"24,0 : 113.88"
