x,y
881,594
474,687
420,796
119,391
739,66
810,102
854,916
858,875
369,139
576,620
141,987
963,846
135,174
885,978
909,245
554,364
485,97
326,888
673,470
399,432
378,513
325,136
170,77
404,409
66,368
763,402
489,401
959,475
932,836
686,235
173,892
552,408
988,926
628,186
386,409
814,242
673,984
99,489
237,406
638,223
26,870
238,99
21,774
961,122
169,426
318,177
458,763
652,543
127,694
530,334
843,257
433,734
185,476
193,340
821,137
759,897
244,149
964,263
325,763
789,910
759,205
642,579
527,333
394,57
762,715
157,587
869,457
433,946
743,399
38,28
348,515
113,716
932,123
896,365
539,878
330,610
108,981
410,194
887,213
46,109
278,327
153,235
240,115
831,854
724,791
332,698
169,98
642,857
557,928
38,51
794,949
387,44
685,240
305,946
999,241
888,796
755,121
87,636
956,138
609,493

Distanze
"0,0 : 0.0"
"0,1 : 417.49"
"0,2 : 503.31"
"0,3 : 788.58"
"0,4 : 546.76"
"0,5 : 497.1"
"0,6 : 323.13"
"0,7 : 281.94"
"0,8 : 684.96"
"0,9 : 306.11"
"0,10 : 837.88"
"0,11 : 265.01"
"0,12 : 856.11"
"0,13 : 384.02"
"0,14 : 350.12"
"0,15 : 399.79"
"0,16 : 635.47"
"0,17 : 628.06"
"0,18 : 242.16"
"0,19 : 508.5"
"0,20 : 509.48"
"0,21 : 720.35"
"0,22 : 879.1"
"0,23 : 511.62"
"0,24 : 845.75"
"0,25 : 225.36"
"0,26 : 436.94"
"0,27 : 142.28"
"0,28 : 247.32"
"0,29 : 408.54"
"0,30 : 768.16"
"0,31 : 377.94"
"0,32 : 348.82"
"0,33 : 480.08"
"0,34 : 528.44"
"0,35 : 358.32"
"0,36 : 442.0"
"0,37 : 789.02"
"0,38 : 670.88"
"0,39 : 443.5"
"0,40 : 898.44"
"0,41 : 811.46"
"0,42 : 878.64"
"0,43 : 478.73"
"0,44 : 731.55"
"0,45 : 700.61"
"0,46 : 455.51"
"0,47 : 234.61"
"0,48 : 760.6"
"0,49 : 436.81"
"0,50 : 339.14"
"0,51 : 469.37"
"0,52 : 705.93"
"0,53 : 733.39"
"0,54 : 460.92"
"0,55 : 326.64"
"0,56 : 777.04"
"0,57 : 341.25"
"0,58 : 581.12"
"0,59 : 329.12"
"0,60 : 407.68"
"0,61 : 239.47"
"0,62 : 439.81"
"0,63 : 724.94"
"0,64 : 169.71"
"0,65 : 724.03"
"0,66 : 137.52"
"0,67 : 569.74"
"0,68 : 238.89"
"0,69 : 1015.38"
"0,70 : 538.82"
"0,71 : 777.63"
"0,72 : 473.75"
"0,73 : 229.49"
"0,74 : 444.54"
"0,75 : 551.23"
"0,76 : 864.46"
"0,77 : 617.93"
"0,78 : 381.05"
"0,79 : 965.63"
"0,80 : 659.47"
"0,81 : 811.7"
"0,82 : 800.2"
"0,83 : 264.76"
"0,84 : 251.91"
"0,85 : 558.76"
"0,86 : 867.73"
"0,87 : 355.37"
"0,88 : 465.33"
"0,89 : 1002.75"
"0,90 : 365.51"
"0,91 : 739.28"
"0,92 : 404.64"
"0,93 : 675.04"
"0,94 : 372.2"
"0,95 : 202.12"
"0,96 : 489.49"
"0,97 : 795.11"
"0,98 : 462.13"
"0,99 : 290.15"
"1,0 : 417.49"
"1,1 : 0.0"
"1,2 : 121.64"
"1,3 : 462.21"
"1,4 : 675.18"
"1,5 : 674.63"
"1,6 : 443.67"
"1,7 : 427.55"
"1,8 : 557.97"
"1,9 : 122.04"
"1,10 : 448.21"
"1,11 : 514.2"
"1,12 : 614.89"
"1,13 : 503.59"
"1,14 : 620.15"
"1,15 : 332.76"
"1,16 : 590.1"
"1,17 : 249.61"
"1,18 : 294.43"
"1,19 : 265.8"
"1,20 : 198.73"
"1,21 : 570.79"
"1,22 : 681.55"
"1,23 : 286.68"
"1,24 : 517.9"
"1,25 : 405.89"
"1,26 : 286.39"
"1,27 : 529.31"
"1,28 : 481.63"
"1,29 : 499.25"
"1,30 : 364.18"
"1,31 : 289.7"
"1,32 : 566.85"
"1,33 : 524.13"
"1,34 : 291.6"
"1,35 : 560.02"
"1,36 : 357.51"
"1,37 : 424.06"
"1,38 : 367.6"
"1,39 : 492.13"
"1,40 : 483.93"
"1,41 : 633.59"
"1,42 : 461.28"
"1,43 : 745.92"
"1,44 : 401.43"
"1,45 : 533.33"
"1,46 : 77.67"
"1,47 : 228.95"
"1,48 : 347.07"
"1,49 : 357.41"
"1,50 : 566.62"
"1,51 : 62.37"
"1,52 : 357.83"
"1,53 : 446.51"
"1,54 : 650.31"
"1,55 : 354.01"
"1,56 : 585.1"
"1,57 : 647.98"
"1,58 : 167.26"
"1,59 : 385.95"
"1,60 : 559.95"
"1,61 : 199.72"
"1,62 : 357.95"
"1,63 : 635.06"
"1,64 : 289.36"
"1,65 : 332.4"
"1,66 : 457.08"
"1,67 : 262.23"
"1,68 : 394.09"
"1,69 : 790.18"
"1,70 : 213.21"
"1,71 : 362.16"
"1,72 : 726.54"
"1,73 : 530.82"
"1,74 : 201.76"
"1,75 : 163.29"
"1,76 : 469.46"
"1,77 : 497.14"
"1,78 : 628.69"
"1,79 : 719.21"
"1,80 : 409.9"
"1,81 : 554.39"
"1,82 : 618.01"
"1,83 : 394.13"
"1,84 : 270.77"
"1,85 : 142.43"
"1,86 : 663.28"
"1,87 : 239.01"
"1,88 : 254.89"
"1,89 : 771.1"
"1,90 : 413.57"
"1,91 : 648.86"
"1,92 : 494.3"
"1,93 : 309.26"
"1,94 : 688.87"
"1,95 : 428.11"
"1,96 : 631.92"
"1,97 : 390.35"
"1,98 : 730.56"
"1,99 : 236.35"
"2,0 : 503.31"
"2,1 : 121.64"
"2,2 : 0.0"
"2,3 : 504.6"
"2,4 : 796.66"
"2,5 : 796.08"
"2,6 : 450.28"
"2,7 : 445.07"
"2,8 : 658.98"
"2,9 : 235.19"
"2,10 : 338.12"
"2,11 : 545.3"
"2,12 : 684.18"
"2,13 : 499.35"
"2,14 : 736.7"
"2,15 : 452.31"
"2,16 : 702.02"
"2,17 : 131.53"
"2,18 : 412.66"
"2,19 : 364.61"
"2,20 : 286.1"
"2,21 : 666.8"
"2,22 : 761.22"
"2,23 : 387.33"
"2,24 : 555.43"
"2,25 : 522.38"
"2,26 : 400.98"
"2,27 : 627.35"
"2,28 : 513.56"
"2,29 : 620.87"
"2,30 : 265.0"
"2,31 : 409.84"
"2,32 : 582.69"
"2,33 : 644.49"
"2,34 : 388.49"
"2,35 : 679.82"
"2,36 : 315.2"
"2,37 : 444.17"
"2,38 : 430.8"
"2,39 : 613.07"
"2,40 : 400.89"
"2,41 : 720.37"
"2,42 : 399.61"
"2,43 : 864.27"
"2,44 : 447.1"
"2,45 : 627.35"
"2,46 : 50.33"
"2,47 : 343.27"
"2,48 : 310.25"
"2,49 : 474.91"
"2,50 : 685.16"
"2,51 : 63.35"
"2,52 : 397.02"
"2,53 : 509.38"
"2,54 : 771.42"
"2,55 : 353.73"
"2,56 : 670.51"
"2,57 : 761.59"
"2,58 : 100.57"
"2,59 : 386.21"
"2,60 : 681.32"
"2,61 : 310.44"
"2,62 : 475.2"
"2,63 : 739.46"
"2,64 : 351.46"
"2,65 : 335.93"
"2,66 : 562.6"
"2,67 : 150.56"
"2,68 : 511.8"
"2,69 : 857.76"
"2,70 : 290.08"
"2,71 : 317.25"
"2,72 : 845.62"
"2,73 : 642.13"
"2,74 : 144.52"
"2,75 : 206.63"
"2,76 : 362.72"
"2,77 : 602.08"
"2,78 : 746.98"
"2,79 : 782.21"
"2,80 : 490.03"
"2,81 : 621.3"
"2,82 : 704.39"
"2,83 : 415.07"
"2,84 : 304.04"
"2,85 : 131.71"
"2,86 : 741.76"
"2,87 : 230.23"
"2,88 : 190.24"
"2,89 : 837.23"
"2,90 : 404.09"
"2,91 : 752.72"
"2,92 : 615.92"
"2,93 : 189.01"
"2,94 : 802.04"
"2,95 : 468.0"
"2,96 : 753.56"
"2,97 : 369.44"
"2,98 : 848.68"
"2,99 : 357.11"
"3,0 : 788.58"
"3,1 : 462.21"
"3,2 : 504.6"
"3,3 : 0.0"
"3,4 : 700.02"
"3,5 : 749.0"
"3,6 : 903.24"
"3,7 : 883.39"
"3,8 : 354.97"
"3,9 : 511.17"
"3,10 : 596.41"
"3,11 : 958.83"
"3,12 : 217.59"
"3,13 : 965.05"
"3,14 : 803.38"
"3,15 : 435.84"
"3,16 : 469.46"
"3,17 : 538.38"
"3,18 : 559.6"
"3,19 : 282.99"
"3,20 : 286.3"
"3,21 : 327.81"
"3,22 : 318.11"
"3,23 : 285.57"
"3,24 : 57.78"
"3,25 : 644.09"
"3,26 : 370.14"
"3,27 : 844.19"
"3,28 : 926.82"
"3,29 : 588.07"
"3,30 : 503.9"
"3,31 : 433.33"
"3,32 : 1020.48"
"3,33 : 548.73"
"3,34 : 267.61"
"3,35 : 710.79"
"3,36 : 811.52"
"3,37 : 100.02"
"3,38 : 118.95"
"3,39 : 545.51"
"3,40 : 487.94"
"3,41 : 315.32"
"3,42 : 395.34"
"3,43 : 883.93"
"3,44 : 61.03"
"3,45 : 292.23"
"3,46 : 503.29"
"3,47 : 554.25"
"3,48 : 303.11"
"3,49 : 414.93"
"3,50 : 736.3"
"3,51 : 465.02"
"3,52 : 107.62"
"3,53 : 89.87"
"3,54 : 746.54"
"3,55 : 815.87"
"3,56 : 272.38"
"3,57 : 854.64"
"3,58 : 425.23"
"3,59 : 847.5"
"3,60 : 666.48"
"3,61 : 555.76"
"3,62 : 412.1"
"3,63 : 432.64"
"3,64 : 720.02"
"3,65 : 199.65"
"3,66 : 752.9"
"3,67 : 637.67"
"3,68 : 624.05"
"3,69 : 371.93"
"3,70 : 260.42"
"3,71 : 325.06"
"3,72 : 856.03"
"3,73 : 777.43"
"3,74 : 643.09"
"3,75 : 304.11"
"3,76 : 590.1"
"3,77 : 351.41"
"3,78 : 788.36"
"3,79 : 291.3"
"3,80 : 171.4"
"3,81 : 159.66"
"3,82 : 301.36"
"3,83 : 849.3"
"3,84 : 725.28"
"3,85 : 373.65"
"3,86 : 297.24"
"3,87 : 700.49"
"3,88 : 692.97"
"3,89 : 349.52"
"3,90 : 875.78"
"3,91 : 438.44"
"3,92 : 585.8"
"3,93 : 585.34"
"3,94 : 892.69"
"3,95 : 869.13"
"3,96 : 690.94"
"3,97 : 247.08"
"3,98 : 874.4"
"3,99 : 500.5"
"4,0 : 546.76"
"4,1 : 675.18"
"4,2 : 796.66"
"4,3 : 700.02"
"4,4 : 0.0"
"4,5 : 79.61"
"4,6 : 857.74"
"4,7 : 817.71"
"4,8 : 377.13"
"4,9 : 577.48"
"4,10 : 1098.11"
"4,11 : 811.53"
"4,12 : 613.58"
"4,13 : 923.61"
"4,14 : 246.86"
"4,15 : 350.75"
"4,16 : 255.88"
"4,17 : 919.92"
"4,18 : 409.36"
"4,19 : 499.56"
"4,20 : 574.57"
"4,21 : 419.88"
"4,22 : 569.11"
"4,23 : 479.45"
"4,24 : 737.65"
"4,25 : 336.86"
"4,26 : 418.0"
"4,27 : 464.41"
"4,28 : 793.82"
"4,29 : 177.12"
"4,30 : 1001.32"
"4,31 : 389.79"
"4,32 : 895.32"
"4,33 : 163.47"
"4,34 : 492.2"
"4,35 : 191.31"
"4,36 : 920.37"
"4,37 : 767.16"
"4,38 : 606.3"
"4,39 : 186.68"
"4,40 : 1074.61"
"4,41 : 502.09"
"4,42 : 1008.36"
"4,43 : 228.95"
"4,44 : 674.17"
"4,45 : 435.39"
"4,46 : 751.51"
"4,47 : 484.87"
"4,48 : 876.89"
"4,49 : 339.86"
"4,50 : 217.48"
"4,51 : 734.75"
"4,52 : 689.21"
"4,53 : 610.89"
"4,54 : 108.47"
"4,55 : 831.24"
"4,56 : 501.91"
"4,57 : 299.06"
"4,58 : 810.68"
"4,59 : 845.48"
"4,60 : 140.43"
"4,61 : 522.09"
"4,62 : 340.93"
"4,63 : 345.12"
"4,64 : 649.41"
"4,65 : 781.13"
"4,66 : 412.04"
"4,67 : 931.68"
"4,68 : 333.02"
"4,69 : 702.03"
"4,70 : 595.38"
"4,71 : 902.43"
"4,72 : 201.24"
"4,73 : 337.71"
"4,74 : 836.27"
"4,75 : 680.6"
"4,76 : 1111.48"
"4,77 : 353.02"
"4,78 : 208.6"
"4,79 : 694.33"
"4,80 : 529.76"
"4,81 : 609.88"
"4,82 : 501.4"
"4,83 : 793.35"
"4,84 : 725.16"
"4,85 : 751.71"
"4,86 : 570.9"
"4,87 : 796.93"
"4,88 : 881.0"
"4,89 : 701.16"
"4,90 : 884.71"
"4,91 : 352.69"
"4,92 : 182.19"
"4,93 : 981.2"
"4,94 : 313.41"
"4,95 : 745.05"
"4,96 : 57.28"
"4,97 : 866.03"
"4,98 : 228.63"
"4,99 : 446.35"
"5,0 : 497.1"
"5,1 : 674.63"
"5,2 : 796.08"
"5,3 : 749.0"
"5,4 : 79.61"
"5,5 : 0.0"
"5,6 : 815.19"
"5,7 : 774.49"
"5,8 : 442.55"
"5,9 : 568.4"
"5,10 : 1109.41"
"5,11 : 759.57"
"5,12 : 678.83"
"5,13 : 879.2"
"5,14 : 173.93"
"5,15 : 366.31"
"5,16 : 325.04"
"5,17 : 923.07"
"5,18 : 392.67"
"5,19 : 527.09"
"5,20 : 596.28"
"5,21 : 486.19"
"5,22 : 640.49"
"5,23 : 509.0"
"5,24 : 790.12"
"5,25 : 303.66"
"5,26 : 438.68"
"5,27 : 401.66"
"5,28 : 744.07"
"5,29 : 181.84"
"5,30 : 1014.82"
"5,31 : 400.25"
"5,32 : 843.01"
"5,33 : 200.45"
"5,34 : 523.47"
"5,35 : 140.06"
"5,36 : 892.58"
"5,37 : 809.5"
"5,38 : 648.65"
"5,39 : 210.3"
"5,40 : 1097.49"
"5,41 : 572.01"
"5,42 : 1036.39"
"5,43 : 152.32"
"5,44 : 718.23"
"5,45 : 497.68"
"5,46 : 748.88"
"5,47 : 468.45"
"5,48 : 903.85"
"5,49 : 363.63"
"5,50 : 158.47"
"5,51 : 735.9"
"5,52 : 728.35"
"5,53 : 661.31"
"5,54 : 36.69"
"5,55 : 796.63"
"5,56 : 567.95"
"5,57 : 222.79"
"5,58 : 819.85"
"5,59 : 808.27"
"5,60 : 114.93"
"5,61 : 505.72"
"5,62 : 365.31"
"5,63 : 418.43"
"5,64 : 614.88"
"5,65 : 813.41"
"5,66 : 359.87"
"5,67 : 924.37"
"5,68 : 304.46"
"5,69 : 775.54"
"5,70 : 619.69"
"5,71 : 928.87"
"5,72 : 123.79"
"5,73 : 276.7"
"5,74 : 821.96"
"5,75 : 698.9"
"5,76 : 1124.92"
"5,77 : 410.44"
"5,78 : 135.09"
"5,79 : 764.03"
"5,80 : 577.62"
"5,81 : 670.33"
"5,82 : 570.15"
"5,83 : 752.29"
"5,84 : 694.35"
"5,85 : 764.0"
"5,86 : 641.01"
"5,87 : 773.47"
"5,88 : 863.88"
"5,89 : 773.68"
"5,90 : 847.15"
"5,91 : 426.96"
"5,92 : 186.2"
"5,93 : 983.55"
"5,94 : 234.61"
"5,95 : 698.37"
"5,96 : 58.19"
"5,97 : 898.82"
"5,98 : 150.37"
"5,99 : 439.64"
"6,0 : 323.13"
"6,1 : 443.67"
"6,2 : 450.28"
"6,3 : 903.24"
"6,4 : 857.74"
"6,5 : 815.19"
"6,6 : 0.0"
"6,7 : 41.19"
"6,8 : 915.94"
"6,9 : 406.08"
"6,10 : 716.53"
"6,11 : 129.54"
"6,12 : 1033.21"
"6,13 : 69.32"
"6,14 : 673.25"
"6,15 : 628.25"
"6,16 : 898.29"
"6,17 : 528.74"
"6,18 : 481.33"
"6,19 : 664.29"
"6,20 : 623.69"
"6,21 : 942.47"
"6,22 : 1082.49"
"6,23 : 677.9"
"6,24 : 959.82"
"6,25 : 521.99"
"6,26 : 631.23"
"6,27 : 453.33"
"6,28 : 111.73"
"6,29 : 701.42"
"6,30 : 681.42"
"6,31 : 590.99"
"6,32 : 134.37"
"6,33 : 764.18"
"6,34 : 689.98"
"6,35 : 675.19"
"6,36 : 193.35"
"6,37 : 867.38"
"6,38 : 800.49"
"6,39 : 725.88"
"6,40 : 829.28"
"6,41 : 1023.2"
"6,42 : 845.02"
"6,43 : 801.18"
"6,44 : 842.21"
"6,45 : 912.92"
"6,46 : 424.53"
"6,47 : 424.19"
"6,48 : 760.14"
"6,49 : 666.11"
"6,50 : 659.09"
"6,51 : 458.66"
"6,52 : 800.73"
"6,53 : 876.75"
"6,54 : 779.7"
"6,55 : 96.88"
"6,56 : 979.99"
"6,57 : 662.2"
"6,58 : 550.68"
"6,59 : 65.28"
"6,60 : 717.32"
"6,61 : 398.14"
"6,62 : 668.44"
"6,63 : 974.41"
"6,64 : 221.05"
"6,65 : 770.75"
"6,66 : 459.25"
"6,67 : 422.07"
"6,68 : 528.78"
"6,69 : 1205.99"
"6,70 : 645.63"
"6,71 : 767.52"
"6,72 : 796.83"
"6,73 : 552.6"
"6,74 : 317.28"
"6,75 : 606.8"
"6,76 : 748.83"
"6,77 : 847.6"
"6,78 : 703.77"
"6,79 : 1141.98"
"6,80 : 823.83"
"6,81 : 977.32"
"6,82 : 1009.26"
"6,83 : 66.13"
"6,84 : 180.35"
"6,85 : 565.69"
"6,86 : 1066.93"
"6,87 : 220.06"
"6,88 : 297.24"
"6,89 : 1189.15"
"6,90 : 68.48"
"6,91 : 989.18"
"6,92 : 696.8"
"6,93 : 549.82"
"6,94 : 690.4"
"6,95 : 124.72"
"6,96 : 801.14"
"6,97 : 816.51"
"6,98 : 784.66"
"6,99 : 488.83"
"7,0 : 281.94"
"7,1 : 427.55"
"7,2 : 445.07"
"7,3 : 883.39"
"7,4 : 817.71"
"7,5 : 774.49"
"7,6 : 41.19"
"7,7 : 0.0"
"7,8 : 883.64"
"7,9 : 380.2"
"7,10 : 725.69"
"7,11 : 108.93"
"7,12 : 1007.04"
"7,13 : 106.48"
"7,14 : 632.06"
"7,15 : 594.59"
"7,16 : 862.79"
"7,17 : 532.16"
"7,18 : 445.25"
"7,19 : 637.91"
"7,20 : 601.2"
"7,21 : 911.16"
"7,22 : 1053.64"
"7,23 : 650.59"
"7,24 : 940.38"
"7,25 : 482.45"
"7,26 : 600.7"
"7,27 : 412.55"
"7,28 : 83.65"
"7,29 : 662.71"
"7,30 : 685.21"
"7,31 : 558.32"
"7,32 : 139.65"
"7,33 : 726.38"
"7,34 : 663.28"
"7,35 : 634.53"
"7,36 : 214.72"
"7,37 : 851.51"
"7,38 : 778.2"
"7,39 : 688.12"
"7,40 : 832.02"
"7,41 : 993.27"
"7,42 : 843.07"
"7,43 : 760.01"
"7,44 : 822.39"
"7,45 : 882.5"
"7,46 : 415.38"
"7,47 : 390.72"
"7,48 : 753.08"
"7,49 : 632.66"
"7,50 : 618.18"
"7,51 : 447.78"
"7,52 : 782.39"
"7,53 : 853.49"
"7,54 : 738.93"
"7,55 : 101.41"
"7,56 : 950.83"
"7,57 : 621.11"
"7,58 : 544.64"
"7,59 : 77.37"
"7,60 : 677.27"
"7,61 : 366.43"
"7,62 : 635.08"
"7,63 : 940.44"
"7,64 : 186.59"
"7,65 : 757.86"
"7,66 : 418.14"
"7,67 : 430.89"
"7,68 : 489.69"
"7,69 : 1178.9"
"7,70 : 624.26"
"7,71 : 761.78"
"7,72 : 755.63"
"7,73 : 511.41"
"7,74 : 319.01"
"7,75 : 590.77"
"7,76 : 757.45"
"7,77 : 815.15"
"7,78 : 662.63"
"7,79 : 1116.29"
"7,80 : 797.94"
"7,81 : 952.17"
"7,82 : 979.55"
"7,83 : 34.21"
"7,84 : 158.15"
"7,85 : 554.98"
"7,86 : 1038.48"
"7,87 : 216.75"
"7,88 : 305.63"
"7,89 : 1162.49"
"7,90 : 97.84"
"7,91 : 955.2"
"7,92 : 658.14"
"7,93 : 557.54"
"7,94 : 649.49"
"7,95 : 84.5"
"7,96 : 761.0"
"7,97 : 807.19"
"7,98 : 743.49"
"7,99 : 455.99"
"8,0 : 684.96"
"8,1 : 557.97"
"8,2 : 658.98"
"8,3 : 354.97"
"8,4 : 377.13"
"8,5 : 442.55"
"8,6 : 915.94"
"8,7 : 883.64"
"8,8 : 0.0"
"8,9 : 523.65"
"8,10 : 878.12"
"8,11 : 923.41"
"8,12 : 236.6"
"8,13 : 984.98"
"8,14 : 550.31"
"8,15 : 291.29"
"8,16 : 123.37"
"8,17 : 750.23"
"8,18 : 449.42"
"8,19 : 294.53"
"8,20 : 374.11"
"8,21 : 44.1"
"8,22 : 208.43"
"8,23 : 272.26"
"8,24 : 379.8"
"8,25 : 473.71"
"8,26 : 288.17"
"8,27 : 678.97"
"8,28 : 895.98"
"8,29 : 331.22"
"8,30 : 778.09"
"8,31 : 325.35"
"8,32 : 1001.26"
"8,33 : 263.23"
"8,34 : 270.53"
"8,35 : 456.76"
"8,36 : 898.02"
"8,37 : 442.04"
"8,38 : 297.85"
"8,39 : 281.81"
"8,40 : 807.47"
"8,41 : 136.97"
"8,42 : 724.11"
"8,43 : 592.24"
"8,44 : 349.81"
"8,45 : 63.6"
"8,46 : 630.32"
"8,47 : 493.26"
"8,48 : 605.47"
"8,49 : 252.88"
"8,50 : 488.47"
"8,51 : 598.43"
"8,52 : 383.96"
"8,53 : 267.16"
"8,54 : 452.0"
"8,55 : 852.45"
"8,56 : 125.4"
"8,57 : 607.78"
"8,58 : 625.55"
"8,59 : 877.98"
"8,60 : 395.55"
"8,61 : 517.81"
"8,62 : 250.2"
"8,63 : 85.73"
"8,64 : 697.3"
"8,65 : 495.63"
"8,66 : 592.56"
"8,67 : 809.53"
"8,68 : 455.5"
"8,69 : 349.12"
"8,70 : 376.59"
"8,71 : 631.24"
"8,72 : 563.23"
"8,73 : 573.42"
"8,74 : 758.3"
"8,75 : 472.61"
"8,76 : 881.52"
"8,77 : 68.6"
"8,78 : 523.26"
"8,79 : 324.39"
"8,80 : 208.87"
"8,81 : 236.37"
"8,82 : 131.21"
"8,83 : 851.27"
"8,84 : 742.38"
"8,85 : 560.22"
"8,86 : 204.16"
"8,87 : 768.15"
"8,88 : 811.09"
"8,89 : 342.5"
"8,90 : 914.73"
"8,91 : 96.69"
"8,92 : 331.75"
"8,93 : 809.53"
"8,94 : 638.2"
"8,95 : 837.26"
"8,96 : 386.42"
"8,97 : 571.43"
"8,98 : 587.0"
"8,99 : 427.69"
"9,0 : 306.11"
"9,1 : 122.04"
"9,2 : 235.19"
"9,3 : 511.17"
"9,4 : 577.48"
"9,5 : 568.4"
"9,6 : 406.08"
"9,7 : 380.2"
"9,8 : 523.65"
"9,9 : 0.0"
"9,10 : 569.13"
"9,11 : 448.16"
"9,12 : 627.21"
"9,13 : 472.91"
"9,14 : 501.51"
"9,15 : 256.94"
"9,16 : 530.86"
"9,17 : 366.5"
"9,18 : 178.63"
"9,19 : 258.21"
"9,20 : 225.06"
"9,21 : 545.21"
"9,22 : 678.0"
"9,23 : 272.22"
"9,24 : 568.86"
"9,25 : 287.22"
"9,26 : 235.65"
"9,27 : 409.53"
"9,28 : 416.4"
"9,29 : 400.41"
"9,30 : 486.2"
"9,31 : 213.35"
"9,32 : 513.21"
"9,33 : 437.1"
"9,34 : 283.94"
"9,35 : 446.69"
"9,36 : 376.7"
"9,37 : 494.66"
"9,38 : 400.9"
"9,39 : 401.81"
"9,40 : 604.15"
"9,41 : 621.04"
"9,42 : 575.97"
"9,43 : 629.47"
"9,44 : 450.87"
"9,45 : 512.65"
"9,46 : 185.4"
"9,47 : 108.19"
"9,48 : 455.06"
"9,49 : 289.68"
"9,50 : 450.62"
"9,51 : 182.88"
"9,52 : 416.67"
"9,53 : 474.44"
"9,54 : 541.58"
"9,55 : 331.99"
"9,56 : 576.25"
"9,57 : 527.25"
"9,58 : 288.88"
"9,59 : 359.82"
"9,60 : 453.56"
"9,61 : 77.7"
"9,62 : 291.15"
"9,63 : 591.69"
"9,64 : 208.86"
"9,65 : 420.3"
"9,66 : 335.29"
"9,67 : 355.98"
"9,68 : 277.0"
"9,69 : 799.94"
"9,70 : 251.02"
"9,71 : 472.85"
"9,72 : 611.35"
"9,73 : 409.18"
"9,74 : 260.64"
"9,75 : 246.2"
"9,76 : 591.05"
"9,77 : 457.2"
"9,78 : 512.22"
"9,79 : 736.22"
"9,80 : 417.92"
"9,81 : 571.97"
"9,82 : 606.56"
"9,83 : 346.09"
"9,84 : 226.15"
"9,85 : 256.16"
"9,86 : 661.92"
"9,87 : 246.02"
"9,88 : 308.59"
"9,89 : 783.07"
"9,90 : 394.67"
"9,91 : 606.22"
"9,92 : 395.32"
"9,93 : 423.93"
"9,94 : 567.95"
"9,95 : 358.22"
"9,96 : 530.13"
"9,97 : 489.26"
"9,98 : 613.78"
"9,99 : 131.22"
"10,0 : 837.88"
"10,1 : 448.21"
"10,2 : 338.12"
"10,3 : 596.41"
"10,4 : 1098.11"
"10,5 : 1109.41"
"10,6 : 716.53"
"10,7 : 725.69"
"10,8 : 878.12"
"10,9 : 569.13"
"10,10 : 0.0"
"10,11 : 834.01"
"10,12 : 813.02"
"10,13 : 744.05"
"10,14 : 1067.89"
"10,15 : 747.46"
"10,16 : 954.17"
"10,17 : 209.82"
"10,18 : 741.83"
"10,19 : 612.04"
"10,20 : 529.95"
"10,21 : 870.66"
"10,22 : 910.46"
"10,23 : 635.02"
"10,24 : 623.53"
"10,25 : 853.88"
"10,26 : 681.54"
"10,27 : 965.02"
"10,28 : 805.28"
"10,29 : 928.72"
"10,30 : 100.24"
"10,31 : 710.04"
"10,32 : 849.19"
"10,33 : 937.43"
"10,34 : 627.78"
"10,35 : 1003.97"
"10,36 : 532.01"
"10,37 : 499.77"
"10,38 : 588.88"
"10,39 : 911.43"
"10,40 : 164.05"
"10,41 : 893.28"
"10,42 : 244.48"
"10,43 : 1191.9"
"10,44 : 561.7"
"10,45 : 829.11"
"10,46 : 388.16"
"10,47 : 676.95"
"10,48 : 293.33"
"10,49 : 760.09"
"10,50 : 1012.77"
"10,51 : 386.36"
"10,52 : 512.89"
"10,53 : 649.09"
"10,54 : 1088.53"
"10,55 : 624.52"
"10,56 : 844.31"
"10,57 : 1096.13"
"10,58 : 289.88"
"10,59 : 652.56"
"10,60 : 996.72"
"10,61 : 646.12"
"10,62 : 759.42"
"10,63 : 963.8"
"10,64 : 677.96"
"10,65 : 400.32"
"10,66 : 900.49"
"10,67 : 294.86"
"10,68 : 841.52"
"10,69 : 964.52"
"10,70 : 515.4"
"10,71 : 272.44"
"10,72 : 1171.4"
"10,73 : 978.22"
"10,74 : 412.66"
"10,75 : 421.72"
"10,76 : 33.54"
"10,77 : 837.38"
"10,78 : 1074.98"
"10,79 : 883.12"
"10,80 : 674.07"
"10,81 : 752.1"
"10,82 : 877.6"
"10,83 : 702.7"
"10,84 : 615.07"
"10,85 : 346.41"
"10,86 : 889.44"
"10,87 : 517.59"
"10,88 : 420.16"
"10,89 : 941.65"
"10,90 : 654.1"
"10,91 : 974.56"
"10,92 : 924.09"
"10,93 : 169.05"
"10,94 : 1136.96"
"10,95 : 771.03"
"10,96 : 1061.58"
"10,97 : 355.13"
"10,98 : 1176.87"
"10,99 : 680.49"
"11,0 : 265.01"
"11,1 : 514.2"
"11,2 : 545.3"
"11,3 : 958.83"
"11,4 : 811.53"
"11,5 : 759.57"
"11,6 : 129.54"
"11,7 : 108.93"
"11,8 : 923.41"
"11,9 : 448.16"
"11,10 : 834.01"
"11,11 : 0.0"
"11,12 : 1066.38"
"11,13 : 153.32"
"11,14 : 603.42"
"11,15 : 632.14"
"11,16 : 888.53"
"11,17 : 638.38"
"11,18 : 474.84"
"11,19 : 699.64"
"11,20 : 673.14"
"11,21 : 954.54"
"11,22 : 1104.63"
"11,23 : 709.54"
"11,24 : 1016.41"
"11,25 : 486.97"
"11,26 : 650.15"
"11,27 : 371.02"
"11,28 : 32.57"
"11,29 : 670.86"
"11,30 : 791.34"
"11,31 : 600.64"
"11,32 : 83.82"
"11,33 : 740.15"
"11,34 : 723.81"
"11,35 : 622.11"
"11,36 : 321.16"
"11,37 : 934.85"
"11,38 : 848.93"
"11,39 : 702.68"
"11,40 : 937.31"
"11,41 : 1040.98"
"11,42 : 944.75"
"11,43 : 724.0"
"11,44 : 898.24"
"11,45 : 929.29"
"11,46 : 511.78"
"11,47 : 434.2"
"11,48 : 849.71"
"11,49 : 670.55"
"11,50 : 601.1"
"11,51 : 541.7"
"11,52 : 861.5"
"11,53 : 921.38"
"11,54 : 723.08"
"11,55 : 210.28"
"11,56 : 1001.38"
"11,57 : 583.0"
"11,58 : 643.38"
"11,59 : 185.4"
"11,60 : 672.68"
"11,61 : 417.53"
"11,62 : 673.25"
"11,63 : 972.77"
"11,64 : 239.92"
"11,65 : 846.59"
"11,66 : 400.2"
"11,67 : 539.35"
"11,68 : 498.21"
"11,69 : 1234.81"
"11,70 : 698.42"
"11,71 : 859.88"
"11,72 : 723.66"
"11,73 : 485.64"
"11,74 : 425.21"
"11,75 : 675.56"
"11,76 : 865.59"
"11,77 : 854.93"
"11,78 : 637.55"
"11,79 : 1176.46"
"11,80 : 859.41"
"11,81 : 1014.6"
"11,82 : 1028.15"
"11,83 : 132.24"
"11,84 : 245.25"
"11,85 : 648.12"
"11,86 : 1090.84"
"11,87 : 321.19"
"11,88 : 414.2"
"11,89 : 1219.69"
"11,90 : 197.91"
"11,91 : 987.41"
"11,92 : 666.72"
"11,93 : 665.56"
"11,94 : 606.07"
"11,95 : 90.14"
"11,96 : 754.25"
"11,97 : 900.82"
"11,98 : 708.03"
"11,99 : 499.92"
"12,0 : 856.11"
"12,1 : 614.89"
"12,2 : 684.18"
"12,3 : 217.59"
"12,4 : 613.58"
"12,5 : 678.83"
"12,6 : 1033.21"
"12,7 : 1007.04"
"12,8 : 236.6"
"12,9 : 627.21"
"12,10 : 813.02"
"12,11 : 1066.38"
"12,12 : 0.0"
"12,13 : 1099.51"
"12,14 : 777.25"
"12,15 : 460.07"
"12,16 : 358.37"
"12,17 : 739.11"
"12,18 : 614.05"
"12,19 : 369.13"
"12,20 : 417.1"
"12,21 : 193.76"
"12,22 : 103.12"
"12,23 : 357.19"
"12,24 : 205.91"
"12,25 : 668.11"
"12,26 : 420.53"
"12,27 : 877.26"
"12,28 : 1036.08"
"12,29 : 554.37"
"12,30 : 719.0"
"12,31 : 478.17"
"12,32 : 1137.15"
"12,33 : 493.15"
"12,34 : 343.84"
"12,35 : 682.4"
"12,36 : 972.39"
"12,37 : 317.05"
"12,38 : 253.43"
"12,39 : 505.38"
"12,40 : 704.48"
"12,41 : 127.41"
"12,42 : 610.73"
"12,43 : 827.64"
"12,44 : 254.28"
"12,45 : 183.02"
"12,46 : 671.75"
"12,47 : 635.18"
"12,48 : 520.06"
"12,49 : 426.17"
"12,50 : 712.85"
"12,51 : 634.35"
"12,52 : 306.11"
"12,53 : 175.84"
"12,54 : 687.0"
"12,55 : 955.04"
"12,56 : 111.83"
"12,57 : 833.76"
"12,58 : 618.89"
"12,59 : 984.59"
"12,60 : 624.77"
"12,61 : 648.9"
"12,62 : 423.02"
"12,63 : 284.2"
"12,64 : 828.14"
"12,65 : 413.59"
"12,66 : 786.67"
"12,67 : 827.52"
"12,68 : 648.3"
"12,69 : 175.29"
"12,70 : 402.06"
"12,71 : 542.45"
"12,72 : 798.63"
"12,73 : 784.6"
"12,74 : 811.68"
"12,75 : 477.62"
"12,76 : 807.45"
"12,77 : 275.73"
"12,78 : 753.01"
"12,79 : 110.21"
"12,80 : 209.42"
"12,81 : 63.6"
"12,82 : 120.44"
"12,83 : 973.04"
"12,84 : 853.0"
"12,85 : 559.81"
"12,86 : 83.26"
"12,87 : 850.61"
"12,88 : 864.06"
"12,89 : 156.65"
"12,90 : 1017.3"
"12,91 : 283.56"
"12,92 : 553.95"
"12,93 : 790.5"
"12,94 : 866.59"
"12,95 : 976.67"
"12,96 : 622.26"
"12,97 : 464.49"
"12,98 : 821.79"
"12,99 : 571.35"
"13,0 : 384.02"
"13,1 : 503.59"
"13,2 : 499.35"
"13,3 : 965.05"
"13,4 : 923.61"
"13,5 : 879.2"
"13,6 : 69.32"
"13,7 : 106.48"
"13,8 : 984.98"
"13,9 : 472.91"
"13,10 : 744.05"
"13,11 : 153.32"
"13,12 : 1099.51"
"13,13 : 0.0"
"13,14 : 733.39"
"13,15 : 697.54"
"13,16 : 967.55"
"13,17 : 566.2"
"13,18 : 550.46"
"13,19 : 730.97"
"13,20 : 687.95"
"13,21 : 1011.22"
"13,22 : 1150.23"
"13,23 : 745.07"
"13,24 : 1021.21"
"13,25 : 588.78"
"13,26 : 699.82"
"13,27 : 508.41"
"13,28 : 149.58"
"13,29 : 769.19"
"13,30 : 717.18"
"13,31 : 660.14"
"13,32 : 115.38"
"13,33 : 832.65"
"13,34 : 756.81"
"13,35 : 739.42"
"13,36 : 212.08"
"13,37 : 925.7"
"13,38 : 864.34"
"13,39 : 794.38"
"13,40 : 865.76"
"13,41 : 1091.44"
"13,42 : 887.76"
"13,43 : 859.37"
"13,44 : 904.08"
"13,45 : 981.37"
"13,46 : 478.07"
"13,47 : 493.47"
"13,48 : 809.46"
"13,49 : 735.36"
"13,50 : 722.22"
"13,51 : 513.65"
"13,52 : 861.4"
"13,53 : 941.23"
"13,54 : 843.43"
"13,55 : 149.79"
"13,56 : 1047.91"
"13,57 : 719.35"
"13,58 : 599.85"
"13,59 : 117.64"
"13,60 : 783.2"
"13,61 : 467.17"
"13,62 : 737.69"
"13,63 : 1043.71"
"13,64 : 290.34"
"13,65 : 826.36"
"13,66 : 521.25"
"13,67 : 453.13"
"13,68 : 596.16"
"13,69 : 1272.76"
"13,70 : 709.04"
"13,71 : 815.25"
"13,72 : 856.29"
"13,73 : 613.1"
"13,74 : 360.16"
"13,75 : 665.92"
"13,76 : 777.01"
"13,77 : 916.67"
"13,78 : 765.0"
"13,79 : 1207.92"
"13,80 : 890.08"
"13,81 : 1043.01"
"13,82 : 1077.4"
"13,83 : 135.25"
"13,84 : 246.76"
"13,85 : 619.85"
"13,86 : 1134.48"
"13,87 : 271.46"
"13,88 : 331.79"
"13,89 : 1255.68"
"13,90 : 95.51"
"13,91 : 1058.47"
"13,92 : 764.62"
"13,93 : 580.88"
"13,94 : 745.76"
"13,95 : 182.02"
"13,96 : 866.8"
"13,97 : 868.2"
"13,98 : 843.0"
"13,99 : 558.03"
"14,0 : 350.12"
"14,1 : 620.15"
"14,2 : 736.7"
"14,3 : 803.38"
"14,4 : 246.86"
"14,5 : 173.93"
"14,6 : 673.25"
"14,7 : 632.06"
"14,8 : 550.31"
"14,9 : 501.51"
"14,10 : 1067.89"
"14,11 : 603.42"
"14,12 : 777.25"
"14,13 : 733.39"
"14,14 : 0.0"
"14,15 : 374.41"
"14,16 : 449.09"
"14,17 : 867.95"
"14,18 : 326.07"
"14,19 : 543.2"
"14,20 : 594.8"
"14,21 : 594.09"
"14,22 : 757.86"
"14,23 : 530.96"
"14,24 : 851.93"
"14,25 : 214.39"
"14,26 : 448.04"
"14,27 : 235.37"
"14,28 : 591.45"
"14,29 : 223.22"
"14,30 : 979.95"
"14,31 : 392.45"
"14,32 : 685.57"
"14,33 : 287.13"
"14,34 : 548.11"
"14,35 : 95.05"
"14,36 : 775.77"
"14,37 : 845.95"
"14,38 : 691.02"
"14,39 : 271.89"
"14,40 : 1081.81"
"14,41 : 686.7"
"14,42 : 1033.63"
"14,43 : 133.54"
"14,44 : 761.81"
"14,45 : 594.9"
"14,46 : 686.82"
"14,47 : 393.51"
"14,48 : 901.73"
"14,49 : 389.31"
"14,50 : 67.08"
"14,51 : 682.42"
"14,52 : 759.96"
"14,53 : 722.27"
"14,54 : 139.31"
"14,55 : 669.03"
"14,56 : 671.89"
"14,57 : 57.87"
"14,58 : 780.63"
"14,59 : 675.74"
"14,60 : 155.24"
"14,61 : 427.6"
"14,62 : 392.01"
"14,63 : 548.24"
"14,64 : 492.45"
"14,65 : 826.12"
"14,66 : 215.74"
"14,67 : 847.34"
"14,68 : 226.43"
"14,69 : 897.62"
"14,70 : 622.59"
"14,71 : 924.91"
"14,72 : 124.15"
"14,73 : 120.7"
"14,74 : 733.2"
"14,75 : 684.45"
"14,76 : 1087.79"
"14,77 : 501.6"
"14,78 : 38.83"
"14,79 : 873.65"
"14,80 : 636.31"
"14,81 : 756.07"
"14,82 : 681.51"
"14,83 : 613.97"
"14,84 : 576.49"
"14,85 : 733.58"
"14,86 : 754.46"
"14,87 : 667.71"
"14,88 : 768.37"
"14,89 : 892.34"
"14,90 : 713.33"
"14,91 : 559.36"
"14,92 : 224.06"
"14,93 : 925.32"
"14,94 : 90.09"
"14,95 : 551.4"
"14,96 : 197.72"
"14,97 : 910.26"
"14,98 : 116.87"
"14,99 : 389.24"
"15,0 : 399.79"
"15,1 : 332.76"
"15,2 : 452.31"
"15,3 : 435.84"
"15,4 : 350.75"
"15,5 : 366.31"
"15,6 : 628.25"
"15,7 : 594.59"
"15,8 : 291.29"
"15,9 : 256.94"
"15,10 : 747.46"
"15,11 : 632.14"
"15,12 : 460.07"
"15,13 : 697.54"
"15,14 : 374.41"
"15,15 : 0.0"
"15,16 : 275.77"
"15,17 : 571.45"
"15,18 : 159.36"
"15,19 : 169.26"
"15,20 : 230.6"
"15,21 : 323.15"
"15,22 : 479.4"
"15,23 : 156.6"
"15,24 : 488.02"
"15,25 : 212.43"
"15,26 : 74.79"
"15,27 : 419.94"
"15,28 : 604.7"
"15,29 : 184.57"
"15,30 : 651.11"
"15,31 : 44.05"
"15,32 : 710.07"
"15,33 : 192.77"
"15,34 : 173.92"
"15,35 : 287.2"
"15,36 : 631.32"
"15,37 : 471.86"
"15,38 : 319.77"
"15,39 : 164.12"
"15,40 : 731.31"
"15,41 : 412.41"
"15,42 : 672.45"
"15,43 : 473.51"
"15,44 : 389.96"
"15,45 : 301.11"
"15,46 : 410.39"
"15,47 : 204.07"
"15,48 : 539.66"
"15,49 : 38.42"
"15,50 : 308.17"
"15,51 : 389.28"
"15,52 : 385.62"
"15,53 : 361.8"
"15,54 : 350.45"
"15,55 : 571.06"
"15,56 : 377.26"
"15,57 : 422.26"
"15,58 : 460.05"
"15,59 : 594.42"
"15,60 : 259.43"
"15,61 : 232.31"
"15,62 : 41.11"
"15,63 : 346.19"
"15,64 : 408.0"
"15,65 : 455.34"
"15,66 : 328.44"
"15,67 : 594.45"
"15,68 : 192.21"
"15,69 : 615.75"
"15,70 : 255.42"
"15,71 : 564.26"
"15,72 : 448.29"
"15,73 : 342.0"
"15,74 : 514.22"
"15,75 : 332.7"
"15,76 : 761.32"
"15,77 : 222.79"
"15,78 : 365.64"
"15,79 : 568.41"
"15,80 : 278.47"
"15,81 : 421.24"
"15,82 : 400.75"
"15,83 : 562.88"
"15,84 : 459.6"
"15,85 : 401.05"
"15,86 : 467.95"
"15,87 : 500.79"
"15,88 : 564.01"
"15,89 : 603.51"
"15,90 : 632.32"
"15,91 : 360.96"
"15,92 : 180.38"
"15,93 : 633.03"
"15,94 : 461.69"
"15,95 : 546.06"
"15,96 : 315.36"
"15,97 : 540.44"
"15,98 : 461.17"
"15,99 : 140.24"
"16,0 : 635.47"
"16,1 : 590.1"
"16,2 : 702.02"
"16,3 : 469.46"
"16,4 : 255.88"
"16,5 : 325.04"
"16,6 : 898.29"
"16,7 : 862.79"
"16,8 : 123.37"
"16,9 : 530.86"
"16,10 : 954.17"
"16,11 : 888.53"
"16,12 : 358.37"
"16,13 : 967.55"
"16,14 : 449.09"
"16,15 : 275.77"
"16,16 : 0.0"
"16,17 : 806.82"
"16,18 : 417.7"
"16,19 : 345.86"
"16,20 : 429.54"
"16,21 : 164.68"
"16,22 : 315.63"
"16,23 : 322.34"
"16,24 : 499.0"
"16,25 : 412.69"
"16,26 : 304.03"
"16,27 : 606.27"
"16,28 : 863.67"
"16,29 : 243.81"
"16,30 : 854.03"
"16,31 : 318.14"
"16,32 : 969.66"
"16,33 : 168.43"
"16,34 : 327.33"
"16,35 : 359.54"
"16,36 : 906.7"
"16,37 : 550.15"
"16,38 : 396.21"
"16,39 : 198.2"
"16,40 : 899.01"
"16,41 : 247.01"
"16,42 : 820.75"
"16,43 : 476.66"
"16,44 : 456.18"
"16,45 : 185.17"
"16,46 : 666.55"
"16,47 : 476.24"
"16,48 : 696.11"
"16,49 : 241.23"
"16,50 : 392.13"
"16,51 : 639.12"
"16,52 : 483.36"
"16,53 : 379.89"
"16,54 : 338.37"
"16,55 : 845.62"
"16,56 : 246.55"
"16,57 : 506.95"
"16,58 : 684.95"
"16,59 : 867.98"
"16,60 : 294.52"
"16,61 : 506.93"
"16,62 : 239.71"
"16,63 : 99.4"
"16,64 : 677.24"
"16,65 : 589.65"
"16,66 : 526.36"
"16,67 : 850.59"
"16,68 : 397.2"
"16,69 : 452.29"
"16,70 : 439.88"
"16,71 : 722.18"
"16,72 : 447.76"
"16,73 : 490.66"
"16,74 : 782.86"
"16,75 : 535.9"
"16,76 : 961.03"
"16,77 : 122.61"
"16,78 : 418.4"
"16,79 : 439.16"
"16,80 : 309.43"
"16,81 : 359.54"
"16,82 : 245.66"
"16,83 : 832.33"
"16,84 : 734.0"
"16,85 : 620.17"
"16,86 : 316.0"
"16,87 : 776.05"
"16,88 : 834.11"
"16,89 : 449.36"
"16,90 : 906.3"
"16,91 : 111.41"
"16,92 : 245.86"
"16,93 : 867.87"
"16,94 : 533.79"
"16,95 : 806.85"
"16,96 : 271.06"
"16,97 : 670.02"
"16,98 : 472.78"
"16,99 : 414.96"
"17,0 : 628.06"
"17,1 : 249.61"
"17,2 : 131.53"
"17,3 : 538.38"
"17,4 : 919.92"
"17,5 : 923.07"
"17,6 : 528.74"
"17,7 : 532.16"
"17,8 : 750.23"
"17,9 : 366.5"
"17,10 : 209.82"
"17,11 : 638.38"
"17,12 : 739.11"
"17,13 : 566.2"
"17,14 : 867.95"
"17,15 : 571.45"
"17,16 : 806.82"
"17,17 : 0.0"
"17,18 : 543.26"
"17,19 : 461.81"
"17,20 : 378.59"
"17,21 : 752.0"
"17,22 : 825.87"
"17,23 : 485.31"
"17,24 : 581.38"
"17,25 : 653.58"
"17,26 : 513.55"
"17,27 : 755.82"
"17,28 : 608.23"
"17,29 : 745.66"
"17,30 : 153.05"
"17,31 : 530.54"
"17,32 : 663.09"
"17,33 : 764.2"
"17,34 : 482.74"
"17,35 : 809.6"
"17,36 : 360.03"
"17,37 : 459.05"
"17,38 : 490.15"
"17,39 : 734.55"
"17,40 : 300.54"
"17,41 : 793.89"
"17,42 : 325.61"
"17,43 : 994.98"
"17,44 : 487.95"
"17,45 : 711.05"
"17,46 : 181.79"
"17,47 : 474.66"
"17,48 : 277.92"
"17,49 : 590.37"
"17,50 : 815.75"
"17,51 : 187.52"
"17,52 : 435.46"
"17,53 : 563.91"
"17,54 : 899.46"
"17,55 : 433.09"
"17,56 : 743.54"
"17,57 : 893.12"
"17,58 : 125.0"
"17,59 : 463.52"
"17,60 : 808.69"
"17,61 : 441.97"
"17,62 : 590.28"
"17,63 : 833.78"
"17,64 : 469.07"
"17,65 : 345.2"
"17,66 : 693.26"
"17,67 : 121.71"
"17,68 : 642.66"
"17,69 : 906.94"
"17,70 : 373.65"
"17,71 : 273.78"
"17,72 : 975.94"
"17,73 : 773.58"
"17,74 : 213.23"
"17,75 : 278.03"
"17,76 : 237.01"
"17,77 : 699.07"
"17,78 : 877.69"
"17,79 : 827.79"
"17,80 : 563.05"
"17,81 : 675.53"
"17,82 : 777.77"
"17,83 : 506.14"
"17,84 : 409.65"
"17,85 : 190.09"
"17,86 : 805.45"
"17,87 : 317.52"
"17,88 : 234.44"
"17,89 : 885.16"
"17,90 : 471.96"
"17,91 : 846.2"
"17,92 : 740.8"
"17,93 : 61.68"
"17,94 : 933.56"
"17,95 : 569.48"
"17,96 : 878.82"
"17,97 : 347.31"
"17,98 : 979.49"
"17,99 : 485.92"
"18,0 : 242.16"
"18,1 : 294.43"
"18,2 : 412.66"
"18,3 : 559.6"
"18,4 : 409.36"
"18,5 : 392.67"
"18,6 : 481.33"
"18,7 : 445.25"
"18,8 : 449.42"
"18,9 : 178.63"
"18,10 : 741.83"
"18,11 : 474.84"
"18,12 : 614.05"
"18,13 : 550.46"
"18,14 : 326.07"
"18,15 : 159.36"
"18,16 : 417.7"
"18,17 : 543.26"
"18,18 : 0.0"
"18,19 : 276.62"
"18,20 : 298.12"
"18,21 : 482.35"
"18,22 : 638.32"
"18,23 : 275.83"
"18,24 : 615.51"
"18,25 : 112.8"
"18,26 : 196.51"
"18,27 : 286.04"
"18,28 : 448.37"
"18,29 : 235.36"
"18,30 : 654.28"
"18,31 : 135.96"
"18,32 : 554.22"
"18,33 : 287.54"
"18,34 : 293.41"
"18,35 : 268.08"
"18,36 : 514.0"
"18,37 : 574.31"
"18,38 : 440.67"
"18,39 : 249.47"
"18,40 : 760.66"
"18,41 : 571.72"
"18,42 : 719.39"
"18,43 : 451.72"
"18,44 : 505.92"
"18,45 : 460.3"
"18,46 : 363.42"
"18,47 : 75.96"
"18,48 : 590.16"
"18,49 : 197.34"
"18,50 : 272.52"
"18,51 : 356.79"
"18,52 : 488.04"
"18,53 : 497.29"
"18,54 : 364.41"
"18,55 : 435.57"
"18,56 : 535.8"
"18,57 : 357.11"
"18,58 : 454.92"
"18,59 : 455.03"
"18,60 : 278.61"
"18,61 : 113.32"
"18,62 : 200.21"
"18,63 : 498.41"
"18,64 : 260.66"
"18,65 : 529.1"
"18,66 : 196.43"
"18,67 : 533.08"
"18,68 : 99.7"
"18,69 : 773.69"
"18,70 : 328.1"
"18,71 : 611.65"
"18,72 : 433.0"
"18,73 : 246.48"
"18,74 : 429.44"
"18,75 : 370.47"
"18,76 : 761.8"
"18,77 : 381.24"
"18,78 : 334.43"
"18,79 : 723.5"
"18,80 : 420.09"
"18,81 : 570.64"
"18,82 : 559.92"
"18,83 : 415.23"
"18,84 : 325.03"
"18,85 : 410.2"
"18,86 : 626.42"
"18,87 : 388.24"
"18,88 : 472.46"
"18,89 : 760.78"
"18,90 : 494.05"
"18,91 : 513.1"
"18,92 : 230.31"
"18,93 : 601.66"
"18,94 : 398.39"
"18,95 : 390.51"
"18,96 : 358.5"
"18,97 : 609.06"
"18,98 : 436.25"
"18,99 : 68.01"
"19,0 : 508.5"
"19,1 : 265.8"
"19,2 : 364.61"
"19,3 : 282.99"
"19,4 : 499.56"
"19,5 : 527.09"
"19,6 : 664.29"
"19,7 : 637.91"
"19,8 : 294.53"
"19,9 : 258.21"
"19,10 : 612.04"
"19,11 : 699.64"
"19,12 : 369.13"
"19,13 : 730.97"
"19,14 : 543.2"
"19,15 : 169.26"
"19,16 : 345.86"
"19,17 : 461.81"
"19,18 : 276.62"
"19,19 : 0.0"
"19,20 : 83.68"
"19,21 : 305.11"
"19,22 : 422.45"
"19,23 : 23.54"
"19,24 : 339.09"
"19,25 : 365.23"
"19,26 : 95.19"
"19,27 : 561.65"
"19,28 : 668.81"
"19,29 : 348.11"
"19,30 : 512.52"
"19,31 : 154.87"
"19,32 : 768.74"
"19,33 : 336.09"
"19,34 : 26.42"
"19,35 : 456.43"
"19,36 : 616.26"
"19,37 : 305.37"
"19,38 : 164.07"
"19,39 : 317.49"
"19,40 : 575.3"
"19,41 : 369.88"
"19,42 : 509.75"
"19,43 : 641.83"
"19,44 : 230.08"
"19,45 : 267.56"
"19,46 : 336.22"
"19,47 : 276.28"
"19,48 : 377.66"
"19,49 : 163.6"
"19,50 : 477.24"
"19,51 : 303.91"
"19,52 : 218.48"
"19,53 : 225.61"
"19,54 : 514.89"
"19,55 : 588.07"
"19,56 : 322.67"
"19,57 : 589.73"
"19,58 : 339.17"
"19,59 : 616.91"
"19,60 : 425.59"
"19,61 : 284.0"
"19,62 : 161.82"
"19,63 : 375.03"
"19,64 : 460.28"
"19,65 : 287.38"
"19,66 : 470.66"
"19,67 : 515.12"
"19,68 : 345.58"
"19,69 : 541.79"
"19,70 : 97.42"
"19,71 : 403.05"
"19,72 : 616.09"
"19,73 : 501.5"
"19,74 : 467.46"
"19,75 : 190.91"
"19,76 : 621.35"
"19,77 : 238.25"
"19,78 : 534.89"
"19,79 : 478.47"
"19,80 : 160.21"
"19,81 : 315.16"
"19,82 : 354.64"
"19,83 : 603.91"
"19,84 : 484.26"
"19,85 : 274.31"
"19,86 : 405.53"
"19,87 : 489.57"
"19,88 : 520.56"
"19,89 : 524.86"
"19,90 : 650.63"
"19,91 : 388.19"
"19,92 : 344.47"
"19,93 : 522.52"
"19,94 : 629.67"
"19,95 : 609.6"
"19,96 : 472.71"
"19,97 : 372.77"
"19,98 : 629.83"
"19,99 : 218.68"
"20,0 : 509.48"
"20,1 : 198.73"
"20,2 : 286.1"
"20,3 : 286.3"
"20,4 : 574.57"
"20,5 : 596.28"
"20,6 : 623.69"
"20,7 : 601.2"
"20,8 : 374.11"
"20,9 : 225.06"
"20,10 : 529.95"
"20,11 : 673.14"
"20,12 : 417.1"
"20,13 : 687.95"
"20,14 : 594.8"
"20,15 : 230.6"
"20,16 : 429.54"
"20,17 : 378.59"
"20,18 : 298.12"
"20,19 : 83.68"
"20,20 : 0.0"
"20,21 : 380.71"
"20,22 : 483.07"
"20,23 : 107.2"
"20,24 : 344.05"
"20,25 : 400.68"
"20,26 : 157.69"
"20,27 : 582.24"
"20,28 : 641.28"
"20,29 : 414.91"
"20,30 : 430.89"
"20,31 : 203.23"
"20,32 : 736.66"
"20,33 : 411.62"
"20,34 : 104.31"
"20,35 : 513.36"
"20,36 : 555.76"
"20,37 : 280.03"
"20,38 : 177.0"
"20,39 : 389.49"
"20,40 : 501.35"
"20,41 : 437.03"
"20,42 : 442.23"
"20,43 : 701.98"
"20,44 : 226.38"
"20,45 : 341.32"
"20,46 : 262.49"
"20,47 : 275.64"
"20,48 : 309.45"
"20,49 : 234.83"
"20,50 : 530.81"
"20,51 : 227.74"
"20,52 : 196.51"
"20,53 : 253.29"
"20,54 : 581.06"
"20,55 : 540.94"
"20,56 : 387.88"
"20,57 : 637.1"
"20,58 : 255.56"
"20,59 : 571.43"
"20,60 : 489.92"
"20,61 : 272.12"
"20,62 : 233.67"
"20,63 : 456.28"
"20,64 : 433.89"
"20,65 : 233.06"
"20,66 : 494.18"
"20,67 : 436.48"
"20,68 : 382.39"
"20,69 : 592.3"
"20,70 : 30.07"
"20,71 : 333.82"
"20,72 : 677.51"
"20,73 : 538.73"
"20,74 : 398.93"
"20,75 : 108.23"
"20,76 : 540.3"
"20,77 : 320.6"
"20,78 : 590.83"
"20,79 : 522.91"
"20,80 : 211.18"
"20,81 : 357.64"
"20,82 : 421.25"
"20,83 : 567.0"
"20,84 : 443.85"
"20,85 : 190.63"
"20,86 : 464.66"
"20,87 : 433.63"
"20,88 : 451.96"
"20,89 : 573.62"
"20,90 : 602.62"
"20,91 : 469.09"
"20,92 : 410.83"
"20,93 : 439.11"
"20,94 : 677.96"
"20,95 : 583.26"
"20,96 : 543.87"
"20,97 : 315.93"
"20,98 : 688.99"
"20,99 : 231.86"
"21,0 : 720.35"
"21,1 : 570.79"
"21,2 : 666.8"
"21,3 : 327.81"
"21,4 : 419.88"
"21,5 : 486.19"
"21,6 : 942.47"
"21,7 : 911.16"
"21,8 : 44.1"
"21,9 : 545.21"
"21,10 : 870.66"
"21,11 : 954.54"
"21,12 : 193.76"
"21,13 : 1011.22"
"21,14 : 594.09"
"21,15 : 323.15"
"21,16 : 164.68"
"21,17 : 752.0"
"21,18 : 482.35"
"21,19 : 305.11"
"21,20 : 380.71"
"21,21 : 0.0"
"21,22 : 165.85"
"21,23 : 284.2"
"21,24 : 347.71"
"21,25 : 512.45"
"21,26 : 311.64"
"21,27 : 718.94"
"21,28 : 926.53"
"21,29 : 374.33"
"21,30 : 771.13"
"21,31 : 354.28"
"21,32 : 1031.34"
"21,33 : 307.1"
"21,34 : 279.73"
"21,35 : 500.36"
"21,36 : 916.63"
"21,37 : 419.15"
"21,38 : 283.98"
"21,39 : 324.87"
"21,40 : 792.56"
"21,41 : 94.54"
"21,42 : 706.72"
"21,43 : 636.15"
"21,44 : 329.3"
"21,45 : 41.59"
"21,46 : 640.95"
"21,47 : 522.09"
"21,48 : 592.09"
"21,49 : 285.01"
"21,50 : 531.94"
"21,51 : 607.67"
"21,52 : 367.7"
"21,53 : 242.98"
"21,54 : 496.0"
"21,55 : 876.06"
"21,56 : 82.04"
"21,57 : 651.5"
"21,58 : 627.0"
"21,59 : 902.43"
"21,60 : 439.45"
"21,61 : 544.74"
"21,62 : 282.16"
"21,63 : 104.89"
"21,64 : 725.4"
"21,65 : 481.27"
"21,66 : 631.65"
"21,67 : 817.17"
"21,68 : 493.86"
"21,69 : 306.65"
"21,70 : 379.7"
"21,71 : 617.53"
"21,72 : 607.14"
"21,73 : 615.21"
"21,74 : 772.24"
"21,75 : 474.03"
"21,76 : 872.42"
"21,77 : 102.9"
"21,78 : 567.25"
"21,79 : 280.3"
"21,80 : 196.7"
"21,81 : 198.46"
"21,82 : 87.56"
"21,83 : 878.38"
"21,84 : 766.96"
"21,85 : 562.04"
"21,86 : 160.56"
"21,87 : 787.61"
"21,88 : 825.28"
"21,89 : 299.32"
"21,90 : 938.58"
"21,91 : 110.94"
"21,92 : 374.72"
"21,93 : 810.25"
"21,94 : 682.13"
"21,95 : 867.51"
"21,96 : 430.26"
"21,97 : 553.75"
"21,98 : 631.0"
"21,99 : 456.19"
"22,0 : 879.1"
"22,1 : 681.55"
"22,2 : 761.22"
"22,3 : 318.11"
"22,4 : 569.11"
"22,5 : 640.49"
"22,6 : 1082.49"
"22,7 : 1053.64"
"22,8 : 208.43"
"22,9 : 678.0"
"22,10 : 910.46"
"22,11 : 1104.63"
"22,12 : 103.12"
"22,13 : 1150.23"
"22,14 : 757.86"
"22,15 : 479.4"
"22,16 : 315.63"
"22,17 : 825.87"
"22,18 : 638.32"
"22,19 : 422.45"
"22,20 : 483.07"
"22,21 : 165.85"
"22,22 : 0.0"
"22,23 : 406.18"
"22,24 : 309.03"
"22,25 : 676.22"
"22,26 : 454.68"
"22,27 : 883.7"
"22,28 : 1075.51"
"22,29 : 539.65"
"22,30 : 815.01"
"22,31 : 505.46"
"22,32 : 1178.95"
"22,33 : 470.79"
"22,34 : 396.08"
"22,35 : 664.8"
"22,36 : 1037.14"
"22,37 : 418.07"
"22,38 : 335.75"
"22,39 : 490.24"
"22,40 : 805.97"
"22,41 : 71.47"
"22,42 : 712.75"
"22,43 : 792.28"
"22,44 : 349.0"
"22,45 : 178.62"
"22,46 : 744.0"
"22,47 : 670.43"
"22,48 : 618.5"
"22,49 : 442.32"
"22,50 : 696.66"
"22,51 : 707.68"
"22,52 : 399.28"
"22,53 : 264.0"
"22,54 : 653.76"
"22,55 : 1009.61"
"22,56 : 103.25"
"22,57 : 815.49"
"22,58 : 703.29"
"22,59 : 1037.81"
"22,60 : 602.75"
"22,61 : 689.05"
"22,62 : 439.3"
"22,63 : 224.89"
"22,64 : 870.35"
"22,65 : 510.17"
"22,66 : 795.61"
"22,67 : 907.93"
"22,68 : 657.28"
"22,69 : 140.8"
"22,70 : 472.79"
"22,71 : 641.54"
"22,72 : 763.39"
"22,73 : 781.04"
"22,74 : 881.91"
"22,75 : 556.5"
"22,76 : 906.12"
"22,77 : 267.0"
"22,78 : 729.78"
"22,79 : 128.06"
"22,80 : 272.33"
"22,81 : 158.91"
"22,82 : 79.65"
"22,83 : 1020.12"
"22,84 : 903.72"
"22,85 : 641.78"
"22,86 : 21.02"
"22,87 : 911.69"
"22,88 : 934.86"
"22,89 : 134.54"
"22,90 : 1072.27"
"22,91 : 219.49"
"22,92 : 540.18"
"22,93 : 879.42"
"22,94 : 845.07"
"22,95 : 1016.11"
"22,96 : 586.65"
"22,97 : 565.13"
"22,98 : 788.36"
"22,99 : 604.8"
"23,0 : 511.62"
"23,1 : 286.68"
"23,2 : 387.33"
"23,3 : 285.57"
"23,4 : 479.45"
"23,5 : 509.0"
"23,6 : 677.9"
"23,7 : 650.59"
"23,8 : 272.26"
"23,9 : 272.22"
"23,10 : 635.02"
"23,11 : 709.54"
"23,12 : 357.19"
"23,13 : 745.07"
"23,14 : 530.96"
"23,15 : 156.6"
"23,16 : 322.34"
"23,17 : 485.31"
"23,18 : 275.83"
"23,19 : 23.54"
"23,20 : 107.2"
"23,21 : 284.2"
"23,22 : 406.18"
"23,23 : 0.0"
"23,24 : 340.48"
"23,25 : 359.07"
"23,26 : 85.38"
"23,27 : 558.91"
"23,28 : 679.05"
"23,29 : 331.36"
"23,30 : 535.4"
"23,31 : 148.0"
"23,32 : 779.96"
"23,33 : 316.08"
"23,34 : 18.0"
"23,35 : 442.71"
"23,36 : 634.81"
"23,37 : 315.32"
"23,38 : 167.03"
"23,39 : 298.92"
"23,40 : 596.16"
"23,41 : 351.65"
"23,42 : 529.07"
"23,43 : 626.59"
"23,44 : 235.61"
"23,45 : 247.43"
"23,46 : 358.09"
"23,47 : 281.89"
"23,48 : 397.43"
"23,49 : 146.63"
"23,50 : 464.57"
"23,51 : 326.29"
"23,52 : 229.02"
"23,53 : 222.0"
"23,54 : 497.87"
"23,55 : 603.46"
"23,56 : 305.29"
"23,57 : 578.72"
"23,58 : 362.71"
"23,59 : 631.84"
"23,60 : 409.44"
"23,61 : 292.48"
"23,62 : 144.59"
"23,63 : 352.14"
"23,64 : 470.96"
"23,65 : 304.46"
"23,66 : 467.47"
"23,67 : 537.78"
"23,68 : 339.15"
"23,69 : 528.32"
"23,70 : 119.88"
"23,71 : 423.0"
"23,72 : 600.48"
"23,73 : 493.96"
"23,74 : 488.04"
"23,75 : 214.19"
"23,76 : 644.05"
"23,77 : 215.08"
"23,78 : 521.25"
"23,79 : 467.08"
"23,80 : 150.33"
"23,81 : 305.41"
"23,82 : 336.65"
"23,83 : 616.73"
"23,84 : 498.32"
"23,85 : 297.83"
"23,86 : 389.8"
"23,87 : 507.29"
"23,88 : 541.08"
"23,89 : 511.98"
"23,90 : 666.11"
"23,91 : 365.4"
"23,92 : 327.91"
"23,93 : 546.05"
"23,94 : 618.26"
"23,95 : 619.7"
"23,96 : 454.03"
"23,97 : 389.89"
