x,y
116,531
412,558
878,156
723,656
469,887
527,568
989,505
588,872
503,683
632,304
629,70
106,986
935,745
625,26
696,173
591,296
884,828
504,955
845,853
63,236
71,822
550,304
282,656
172,997
130,467
647,484
199,840
822,367
399,53
551,87
78,595
212,635
489,973
614,806
804,190
551,987
181,402
19,751
903,941
430,460
659,896
281,933
105,169
277,5
790,762
230,411
150,372
635,764
914,290
99,501
270,913
217,716
530,685
831,311
12,585
818,420
710,730
338,249
71,674
168,870
612,122
182,222
740,979
40,577
433,685
110,750
82,125
893,677
624,977
777,699
557,900
871,429
172,621
858,796
277,758
227,806
445,697
483,867
685,698
623,556
735,995
602,437
521,585
169,751
112,760
438,66
976,895
930,813
866,16
579,106
45,123
359,309
898,84
392,798
500,318
227,657
885,25
80,589
427,434
276,501

Distanze
"0,0 : 0.0"
"0,1 : 397.57"
"0,2 : 725.34"
"0,3 : 771.62"
"0,4 : 375.25"
"0,5 : 155.21"
"0,6 : 820.12"
"0,7 : 401.18"
"0,8 : 105.54"
"0,9 : 376.35"
"0,10 : 602.69"
"0,11 : 764.59"
"0,12 : 116.21"
"0,13 : 151.33"
"0,14 : 457.35"
"0,15 : 641.33"
"0,16 : 396.13"
"0,17 : 701.99"
"0,18 : 751.43"
"0,19 : 225.5"
"0,20 : 627.39"
"0,21 : 232.5"
"0,22 : 446.0"
"0,23 : 291.68"
"0,24 : 509.19"
"0,25 : 208.39"
"0,26 : 781.85"
"0,27 : 509.87"
"0,28 : 472.56"
"0,29 : 257.45"
"0,30 : 474.38"
"0,31 : 352.78"
"0,32 : 552.01"
"0,33 : 474.61"
"0,34 : 526.68"
"0,35 : 460.9"
"0,36 : 364.32"
"0,37 : 635.61"
"0,38 : 675.44"
"0,39 : 165.13"
"0,40 : 615.08"
"0,41 : 788.63"
"0,42 : 178.14"
"0,43 : 760.21"
"0,44 : 267.9"
"0,45 : 602.98"
"0,46 : 584.87"
"0,47 : 167.48"
"0,48 : 298.82"
"0,49 : 486.01"
"0,50 : 315.35"
"0,51 : 354.49"
"0,52 : 356.93"
"0,53 : 556.32"
"0,54 : 570.73"
"0,55 : 704.61"
"0,56 : 121.26"
"0,57 : 708.66"
"0,58 : 495.26"
"0,59 : 682.68"
"0,60 : 123.57"
"0,61 : 101.2"
"0,62 : 29.73"
"0,63 : 208.25"
"0,64 : 669.22"
"0,65 : 434.61"
"0,66 : 381.43"
"0,67 : 389.96"
"0,68 : 683.73"
"0,69 : 512.96"
"0,70 : 433.98"
"0,71 : 499.43"
"0,72 : 444.62"
"0,73 : 560.26"
"0,74 : 244.81"
"0,75 : 362.5"
"0,76 : 333.29"
"0,77 : 279.03"
"0,78 : 221.77"
"0,79 : 345.05"
"0,80 : 402.18"
"0,81 : 467.63"
"0,82 : 394.35"
"0,83 : 39.29"
"0,84 : 921.36"
"0,85 : 756.67"
"0,86 : 955.16"
"0,87 : 257.7"
"0,88 : 333.4"
"0,89 : 291.69"
"0,90 : 194.76"
"0,91 : 720.26"
"0,92 : 961.07"
"0,93 : 668.62"
"0,94 : 684.89"
"0,95 : 350.19"
"0,96 : 630.85"
"0,97 : 433.79"
"0,98 : 863.92"
"0,99 : 260.77"
"1,0 : 397.57"
"1,1 : 0.0"
"1,2 : 977.52"
"1,3 : 569.83"
"1,4 : 243.95"
"1,5 : 549.21"
"1,6 : 622.66"
"1,7 : 797.21"
"1,8 : 293.91"
"1,9 : 190.07"
"1,10 : 512.52"
"1,11 : 984.19"
"1,12 : 505.08"
"1,13 : 276.02"
"1,14 : 851.52"
"1,15 : 731.39"
"1,16 : 367.48"
"1,17 : 726.9"
"1,18 : 929.15"
"1,19 : 618.0"
"1,20 : 591.48"
"1,21 : 179.55"
"1,22 : 473.53"
"1,23 : 485.63"
"1,24 : 755.15"
"1,25 : 204.01"
"1,26 : 948.17"
"1,27 : 554.81"
"1,28 : 869.91"
"1,29 : 222.09"
"1,30 : 859.38"
"1,31 : 76.94"
"1,32 : 549.86"
"1,33 : 148.01"
"1,34 : 557.72"
"1,35 : 821.71"
"1,36 : 716.96"
"1,37 : 436.68"
"1,38 : 871.17"
"1,39 : 517.23"
"1,40 : 965.01"
"1,41 : 890.18"
"1,42 : 291.38"
"1,43 : 653.15"
"1,44 : 408.71"
"1,45 : 883.4"
"1,46 : 831.06"
"1,47 : 477.42"
"1,48 : 105.3"
"1,49 : 710.92"
"1,50 : 226.38"
"1,51 : 517.37"
"1,52 : 618.36"
"1,53 : 912.4"
"1,54 : 735.2"
"1,55 : 895.45"
"1,56 : 320.0"
"1,57 : 952.27"
"1,58 : 890.65"
"1,59 : 570.73"
"1,60 : 412.17"
"1,61 : 484.93"
"1,62 : 425.56"
"1,63 : 193.31"
"1,64 : 648.41"
"1,65 : 400.98"
"1,66 : 529.1"
"1,67 : 142.06"
"1,68 : 518.68"
"1,69 : 875.92"
"1,70 : 386.79"
"1,71 : 612.81"
"1,72 : 805.95"
"1,73 : 852.16"
"1,74 : 288.65"
"1,75 : 167.15"
"1,76 : 425.34"
"1,77 : 673.51"
"1,78 : 348.52"
"1,79 : 498.22"
"1,80 : 337.29"
"1,81 : 162.0"
"1,82 : 791.48"
"1,83 : 366.78"
"1,84 : 1064.0"
"1,85 : 847.41"
"1,86 : 1141.49"
"1,87 : 336.79"
"1,88 : 363.88"
"1,89 : 149.89"
"1,90 : 492.01"
"1,91 : 933.87"
"1,92 : 1127.16"
"1,93 : 787.86"
"1,94 : 881.46"
"1,95 : 747.3"
"1,96 : 696.1"
"1,97 : 589.53"
"1,98 : 1001.8"
"1,99 : 404.8"
"2,0 : 725.34"
"2,1 : 977.52"
"2,2 : 0.0"
"2,3 : 884.88"
"2,4 : 765.25"
"2,5 : 705.25"
"2,6 : 899.17"
"2,7 : 593.0"
"2,8 : 793.79"
"2,9 : 1059.3"
"2,10 : 679.59"
"2,11 : 90.14"
"2,12 : 635.86"
"2,13 : 856.85"
"2,14 : 569.15"
"2,15 : 384.58"
"2,16 : 649.07"
"2,17 : 497.32"
"2,18 : 187.58"
"2,19 : 593.81"
"2,20 : 598.77"
"2,21 : 816.04"
"2,22 : 556.4"
"2,23 : 494.24"
"2,24 : 224.95"
"2,25 : 881.42"
"2,26 : 217.45"
"2,27 : 502.59"
"2,28 : 674.68"
"2,29 : 955.8"
"2,30 : 492.7"
"2,31 : 901.57"
"2,32 : 557.52"
"2,33 : 941.66"
"2,34 : 516.27"
"2,35 : 386.26"
"2,36 : 412.31"
"2,37 : 834.89"
"2,38 : 159.68"
"2,39 : 804.78"
"2,40 : 317.66"
"2,41 : 357.9"
"2,42 : 895.06"
"2,43 : 730.47"
"2,44 : 569.29"
"2,45 : 133.36"
"2,46 : 147.23"
"2,47 : 561.01"
"2,48 : 881.87"
"2,49 : 266.6"
"2,50 : 757.01"
"2,51 : 461.0"
"2,52 : 375.35"
"2,53 : 346.21"
"2,54 : 279.84"
"2,55 : 161.01"
"2,56 : 841.04"
"2,57 : 31.32"
"2,58 : 589.66"
"2,59 : 719.92"
"2,60 : 838.11"
"2,61 : 637.85"
"2,62 : 721.98"
"2,63 : 821.09"
"2,64 : 574.67"
"2,65 : 637.26"
"2,66 : 452.87"
"2,67 : 866.13"
"2,68 : 799.3"
"2,69 : 380.3"
"2,70 : 653.48"
"2,71 : 407.12"
"2,72 : 393.73"
"2,73 : 181.25"
"2,74 : 963.28"
"2,75 : 1037.83"
"2,76 : 557.35"
"2,77 : 697.28"
"2,78 : 633.17"
"2,79 : 480.36"
"2,80 : 1121.8"
"2,81 : 919.67"
"2,82 : 615.89"
"2,83 : 761.04"
"2,84 : 324.85"
"2,85 : 375.53"
"2,86 : 273.59"
"2,87 : 640.79"
"2,88 : 1058.43"
"2,89 : 956.83"
"2,90 : 535.24"
"2,91 : 102.59"
"2,92 : 309.23"
"2,93 : 322.89"
"2,94 : 153.95"
"2,95 : 664.83"
"2,96 : 431.45"
"2,97 : 397.35"
"2,98 : 305.03"
"2,99 : 573.65"
"3,0 : 771.62"
"3,1 : 569.83"
"3,2 : 884.88"
"3,3 : 0.0"
"3,4 : 405.28"
"3,5 : 907.98"
"3,6 : 53.04"
"3,7 : 1063.35"
"3,8 : 716.22"
"3,9 : 759.12"
"3,10 : 218.55"
"3,11 : 838.41"
"3,12 : 816.92"
"3,13 : 747.2"
"3,14 : 1095.48"
"3,15 : 503.64"
"3,16 : 386.48"
"3,17 : 407.49"
"3,18 : 737.94"
"3,19 : 903.04"
"3,20 : 286.23"
"3,21 : 588.44"
"3,22 : 397.15"
"3,23 : 590.55"
"3,24 : 735.94"
"3,25 : 694.6"
"3,26 : 733.8"
"3,27 : 405.26"
"3,28 : 1162.71"
"3,29 : 756.11"
"3,30 : 1061.69"
"3,31 : 529.03"
"3,32 : 339.59"
"3,33 : 423.87"
"3,34 : 385.89"
"3,35 : 968.73"
"3,36 : 880.1"
"3,37 : 140.73"
"3,38 : 727.85"
"3,39 : 936.1"
"3,40 : 1052.9"
"3,41 : 603.14"
"3,42 : 785.5"
"3,43 : 181.03"
"3,44 : 547.18"
"3,45 : 865.77"
"3,46 : 779.04"
"3,47 : 710.38"
"3,48 : 573.84"
"3,49 : 684.47"
"3,50 : 465.98"
"3,51 : 555.51"
"3,52 : 695.63"
"3,53 : 1026.02"
"3,54 : 610.72"
"3,55 : 735.66"
"3,56 : 778.57"
"3,57 : 853.56"
"3,58 : 1136.99"
"3,59 : 164.98"
"3,60 : 861.57"
"3,61 : 796.3"
"3,62 : 798.61"
"3,63 : 620.56"
"3,64 : 315.09"
"3,65 : 357.2"
"3,66 : 537.66"
"3,67 : 449.07"
"3,68 : 97.62"
"3,69 : 1013.97"
"3,70 : 351.15"
"3,71 : 501.94"
"3,72 : 958.41"
"3,73 : 863.83"
"3,74 : 817.18"
"3,75 : 735.06"
"3,76 : 489.78"
"3,77 : 1013.94"
"3,78 : 560.66"
"3,79 : 544.5"
"3,80 : 903.99"
"3,81 : 407.86"
"3,82 : 1070.57"
"3,83 : 767.32"
"3,84 : 782.23"
"3,85 : 562.02"
"3,86 : 905.27"
"3,87 : 521.65"
"3,88 : 914.46"
"3,89 : 693.01"
"3,90 : 700.41"
"3,91 : 794.73"
"3,92 : 864.3"
"3,93 : 570.83"
"3,94 : 735.4"
"3,95 : 1059.27"
"3,96 : 455.12"
"3,97 : 553.61"
"3,98 : 729.79"
"3,99 : 551.76"
"4,0 : 375.25"
"4,1 : 243.95"
"4,2 : 765.25"
"4,3 : 405.28"
"4,4 : 0.0"
"4,5 : 522.29"
"4,6 : 456.43"
"4,7 : 720.51"
"4,8 : 311.22"
"4,9 : 403.4"
"4,10 : 284.38"
"4,11 : 760.57"
"4,12 : 441.94"
"4,13 : 343.1"
"4,14 : 764.51"
"4,15 : 489.22"
"4,16 : 125.72"
"4,17 : 483.73"
"4,18 : 696.2"
"4,19 : 544.17"
"4,20 : 352.88"
"4,21 : 186.1"
"4,22 : 232.17"
"4,23 : 299.55"
"4,24 : 551.92"
"4,25 : 296.2"
"4,26 : 712.51"
"4,27 : 312.2"
"4,28 : 811.25"
"4,29 : 366.62"
"4,30 : 750.88"
"4,31 : 171.82"
"4,32 : 306.31"
"4,33 : 176.64"
"4,34 : 314.12"
"4,35 : 685.01"
"4,36 : 581.83"
"4,37 : 265.41"
"4,38 : 644.29"
"4,39 : 536.67"
"4,40 : 809.62"
"4,41 : 647.19"
"4,42 : 383.1"
"4,43 : 438.0"
"4,44 : 224.35"
"4,45 : 687.65"
"4,46 : 622.96"
"4,47 : 359.56"
"4,48 : 192.42"
"4,49 : 502.59"
"4,50 : 61.1"
"4,51 : 309.41"
"4,52 : 437.35"
"4,53 : 765.32"
"4,54 : 505.74"
"4,55 : 666.49"
"4,56 : 373.34"
"4,57 : 737.68"
"4,58 : 806.33"
"4,59 : 354.12"
"4,60 : 456.95"
"4,61 : 420.03"
"4,62 : 403.89"
"4,63 : 217.52"
"4,64 : 408.86"
"4,65 : 157.08"
"4,66 : 313.11"
"4,67 : 106.85"
"4,68 : 327.2"
"4,69 : 737.77"
"4,70 : 142.86"
"4,71 : 378.13"
"4,72 : 670.93"
"4,73 : 664.11"
"4,74 : 421.86"
"4,75 : 377.46"
"4,76 : 210.4"
"4,77 : 638.5"
"4,78 : 195.51"
"4,79 : 290.25"
"4,80 : 533.26"
"4,81 : 155.39"
"4,82 : 722.08"
"4,83 : 365.87"
"4,84 : 823.22"
"4,85 : 604.08"
"4,86 : 906.57"
"4,87 : 161.55"
"4,88 : 525.68"
"4,89 : 314.68"
"4,90 : 361.0"
"4,91 : 709.98"
"4,92 : 888.88"
"4,93 : 547.92"
"4,94 : 654.44"
"4,95 : 696.31"
"4,96 : 452.63"
"4,97 : 368.25"
"4,98 : 761.07"
"4,99 : 224.18"
"5,0 : 155.21"
"5,1 : 549.21"
"5,2 : 705.25"
"5,3 : 907.98"
"5,4 : 522.29"
"5,5 : 0.0"
"5,6 : 954.4"
"5,7 : 263.19"
"5,8 : 255.36"
"5,9 : 501.5"
"5,10 : 724.22"
"5,11 : 760.55"
"5,12 : 99.41"
"5,13 : 284.27"
"5,14 : 323.0"
"5,15 : 705.79"
"5,16 : 523.72"
"5,17 : 785.11"
"5,18 : 769.63"
"5,19 : 118.98"
"5,20 : 733.87"
"5,21 : 387.69"
"5,22 : 552.56"
"5,23 : 366.85"
"5,24 : 512.06"
"5,25 : 351.68"
"5,26 : 803.62"
"5,27 : 603.19"
"5,28 : 322.24"
"5,29 : 382.28"
"5,30 : 356.55"
"5,31 : 507.59"
"5,32 : 655.27"
"5,33 : 629.73"
"5,34 : 622.56"
"5,35 : 375.83"
"5,36 : 300.82"
"5,37 : 775.86"
"5,38 : 690.06"
"5,39 : 101.41"
"5,40 : 530.45"
"5,41 : 838.22"
"5,42 : 293.54"
"5,43 : 877.32"
"5,44 : 373.48"
"5,45 : 573.86"
"5,46 : 579.33"
"5,47 : 220.66"
"5,48 : 452.93"
"5,49 : 504.45"
"5,50 : 464.14"
"5,51 : 428.17"
"5,52 : 375.41"
"5,53 : 469.14"
"5,54 : 610.23"
"5,55 : 719.52"
"5,56 : 242.79"
"5,57 : 694.71"
"5,58 : 356.95"
"5,59 : 804.51"
"5,60 : 176.26"
"5,61 : 115.95"
"5,62 : 125.67"
"5,63 : 362.85"
"5,64 : 768.63"
"5,65 : 558.39"
"5,66 : 456.13"
"5,67 : 544.5"
"5,68 : 816.36"
"5,69 : 421.34"
"5,70 : 560.81"
"5,71 : 569.46"
"5,72 : 360.49"
"5,73 : 526.92"
"5,74 : 348.12"
"5,75 : 492.44"
"5,76 : 439.26"
"5,77 : 124.42"
"5,78 : 347.5"
"5,79 : 425.13"
"5,80 : 489.7"
"5,81 : 622.4"
"5,82 : 251.79"
"5,83 : 182.46"
"5,84 : 946.71"
"5,85 : 812.5"
"5,86 : 958.73"
"5,87 : 386.39"
"5,88 : 405.91"
"5,89 : 430.81"
"5,90 : 243.01"
"5,91 : 722.26"
"5,92 : 974.06"
"5,93 : 719.16"
"5,94 : 698.37"
"5,95 : 199.55"
"5,96 : 705.41"
"5,97 : 495.46"
"5,98 : 894.09"
"5,99 : 367.33"
"6,0 : 820.12"
"6,1 : 622.66"
"6,2 : 899.17"
"6,3 : 53.04"
"6,4 : 456.43"
"6,5 : 954.4"
"6,6 : 0.0"
"6,7 : 1103.26"
"6,8 : 766.91"
"6,9 : 812.05"
"6,10 : 250.35"
"6,11 : 848.18"
"6,12 : 862.18"
"6,13 : 798.9"
"6,14 : 1133.69"
"6,15 : 515.19"
"6,16 : 431.3"
"6,17 : 411.53"
"6,18 : 745.09"
"6,19 : 945.81"
"6,20 : 304.57"
"6,21 : 640.34"
"6,22 : 433.2"
"6,23 : 629.69"
"6,24 : 760.66"
"6,25 : 746.97"
"6,26 : 738.33"
"6,27 : 433.0"
"6,28 : 1203.4"
"6,29 : 808.94"
"6,30 : 1097.5"
"6,31 : 582.05"
"6,32 : 366.07"
"6,33 : 476.43"
"6,34 : 412.68"
"6,35 : 1001.89"
"6,36 : 915.76"
"6,37 : 193.04"
"6,38 : 740.62"
"6,39 : 984.91"
"6,40 : 1080.42"
"6,41 : 602.33"
"6,42 : 837.53"
"6,43 : 175.64"
"6,44 : 590.11"
"6,45 : 887.53"
"6,46 : 799.62"
"6,47 : 753.55"
"6,48 : 626.67"
"6,49 : 710.08"
"6,50 : 516.88"
"6,51 : 591.38"
"6,52 : 729.36"
"6,53 : 1055.9"
"6,54 : 629.44"
"6,55 : 746.42"
"6,56 : 829.76"
"6,57 : 867.88"
"6,58 : 1174.96"
"6,59 : 184.55"
"6,60 : 911.97"
"6,61 : 841.84"
"6,62 : 846.77"
"6,63 : 672.39"
"6,64 : 324.82"
"6,65 : 399.83"
"6,66 : 572.06"
"6,67 : 502.04"
"6,68 : 138.42"
"6,69 : 1045.84"
"6,70 : 395.05"
"6,71 : 527.26"
"6,72 : 992.1"
"6,73 : 888.19"
"6,74 : 869.82"
"6,75 : 788.03"
"6,76 : 530.79"
"6,77 : 1058.51"
"6,78 : 606.91"
"6,79 : 581.49"
"6,80 : 957.01"
"6,81 : 460.67"
"6,82 : 1111.2"
"6,83 : 816.82"
"6,84 : 777.21"
"6,85 : 563.0"
"6,86 : 903.53"
"6,87 : 568.07"
"6,88 : 967.38"
"6,89 : 746.0"
"6,90 : 742.48"
"6,91 : 806.21"
"6,92 : 860.06"
"6,93 : 580.52"
"6,94 : 747.66"
"6,95 : 1101.92"
"6,96 : 467.73"
"6,97 : 583.47"
"6,98 : 727.25"
"6,99 : 594.98"
"7,0 : 401.18"
"7,1 : 797.21"
"7,2 : 593.0"
"7,3 : 1063.35"
"7,4 : 720.51"
"7,5 : 263.19"
"7,6 : 1103.26"
"7,7 : 0.0"
"7,8 : 506.66"
"7,9 : 764.36"
"7,10 : 855.94"
"7,11 : 669.79"
"7,12 : 293.03"
"7,13 : 544.21"
"7,14 : 60.83"
"7,15 : 736.92"
"7,16 : 682.4"
"7,17 : 841.55"
"7,18 : 715.61"
"7,19 : 180.75"
"7,20 : 836.39"
"7,21 : 624.32"
"7,22 : 672.03"
"7,23 : 473.62"
"7,24 : 469.23"
"7,25 : 608.19"
"7,26 : 752.53"
"7,27 : 694.58"
"7,28 : 102.96"
"7,29 : 644.8"
"7,30 : 119.52"
"7,31 : 746.0"
"7,32 : 758.4"
"7,33 : 857.02"
"7,34 : 716.13"
"7,35 : 206.83"
"7,36 : 216.91"
"7,37 : 945.46"
"7,38 : 638.41"
"7,39 : 344.58"
"7,40 : 328.3"
"7,41 : 831.86"
"7,42 : 556.44"
"7,43 : 991.79"
"7,44 : 519.73"
"7,45 : 463.59"
"7,46 : 509.07"
"7,47 : 362.35"
"7,48 : 695.46"
"7,49 : 489.44"
"7,50 : 670.13"
"7,51 : 517.17"
"7,52 : 397.4"
"7,53 : 271.58"
"7,54 : 611.16"
"7,55 : 665.03"
"7,56 : 504.35"
"7,57 : 594.01"
"7,58 : 94.37"
"7,59 : 932.21"
"7,60 : 438.14"
"7,61 : 314.09"
"7,62 : 375.07"
"7,63 : 604.8"
"7,64 : 855.62"
"7,65 : 706.97"
"7,66 : 540.58"
"7,67 : 767.84"
"7,68 : 966.46"
"7,69 : 224.84"
"7,70 : 714.74"
"7,71 : 626.77"
"7,72 : 199.61"
"7,73 : 417.73"
"7,74 : 611.0"
"7,75 : 754.58"
"7,76 : 573.67"
"7,77 : 161.91"
"7,78 : 526.06"
"7,79 : 524.21"
"7,80 : 748.08"
"7,81 : 845.6"
"7,82 : 23.85"
"7,83 : 435.82"
"7,84 : 891.19"
"7,85 : 818.99"
"7,86 : 865.94"
"7,87 : 563.02"
"7,88 : 661.45"
"7,89 : 689.87"
"7,90 : 366.38"
"7,91 : 645.59"
"7,92 : 896.06"
"7,93 : 725.17"
"7,94 : 643.8"
"7,95 : 89.05"
"7,96 : 753.89"
"7,97 : 551.94"
"7,98 : 850.25"
"7,99 : 516.21"
"8,0 : 105.54"
"8,1 : 293.91"
"8,2 : 793.79"
"8,3 : 716.22"
"8,4 : 311.22"
"8,5 : 255.36"
"8,6 : 766.91"
"8,7 : 506.66"
"8,8 : 0.0"
"8,9 : 278.69"
"8,10 : 569.09"
"8,11 : 824.05"
"8,12 : 219.58"
"8,13 : 63.7"
"8,14 : 562.87"
"8,15 : 659.67"
"8,16 : 363.27"
"8,17 : 703.65"
"8,18 : 798.4"
"8,19 : 330.65"
"8,20 : 609.41"
"8,21 : 141.03"
"8,22 : 435.12"
"8,23 : 322.82"
"8,24 : 571.4"
"8,25 : 104.0"
"8,26 : 826.07"
"8,27 : 508.83"
"8,28 : 576.24"
"8,29 : 164.4"
"8,30 : 578.53"
"8,31 : 255.2"
"8,32 : 539.71"
"8,33 : 382.56"
"8,34 : 522.52"
"8,35 : 558.66"
"8,36 : 458.52"
"8,37 : 576.63"
"8,38 : 726.2"
"8,39 : 235.72"
"8,40 : 710.8"
"8,41 : 814.33"
"8,42 : 106.4"
"8,43 : 728.15"
"8,44 : 274.16"
"8,45 : 678.06"
"8,46 : 649.05"
"8,47 : 235.68"
"8,48 : 199.02"
"8,49 : 540.63"
"8,50 : 250.28"
"8,51 : 380.3"
"8,52 : 418.72"
"8,53 : 653.39"
"8,54 : 609.08"
"8,55 : 754.52"
"8,56 : 67.74"
"8,57 : 774.33"
"8,58 : 600.78"
"8,59 : 646.84"
"8,60 : 145.96"
"8,61 : 202.01"
"8,62 : 132.19"
"8,63 : 111.73"
"8,64 : 657.05"
"8,65 : 404.6"
"8,66 : 404.19"
"8,67 : 303.21"
"8,68 : 634.64"
"8,69 : 611.68"
"8,70 : 400.04"
"8,71 : 518.76"
"8,72 : 542.41"
"8,73 : 638.17"
"8,74 : 172.56"
"8,75 : 262.38"
"8,76 : 331.34"
"8,77 : 379.73"
"8,78 : 210.79"
"8,79 : 366.46"
"8,80 : 329.31"
"8,81 : 378.55"
"8,82 : 499.51"
"8,83 : 72.9"
"8,84 : 961.09"
"8,85 : 778.54"
"8,86 : 1007.63"
"8,87 : 236.25"
"8,88 : 277.03"
"8,89 : 188.02"
"8,90 : 259.73"
"8,91 : 777.23"
"8,92 : 1007.92"
"8,93 : 696.42"
"8,94 : 736.11"
"8,95 : 453.54"
"8,96 : 641.56"
"8,97 : 463.03"
"8,98 : 901.41"
"8,99 : 267.02"
"9,0 : 376.35"
"9,1 : 190.07"
"9,2 : 1059.3"
"9,3 : 759.12"
"9,4 : 403.4"
"9,5 : 501.5"
"9,6 : 812.05"
"9,7 : 764.36"
"9,8 : 278.69"
"9,9 : 0.0"
"9,10 : 685.62"
"9,11 : 1080.57"
"9,12 : 492.44"
"9,13 : 225.08"
"9,14 : 823.52"
"9,15 : 867.35"
"9,16 : 514.21"
"9,17 : 881.15"
"9,18 : 1041.06"
"9,19 : 598.21"
"9,20 : 755.95"
"9,21 : 254.62"
"9,22 : 614.23"
"9,23 : 569.68"
"9,24 : 834.53"
"9,25 : 179.57"
"9,26 : 1064.7"
"9,27 : 696.12"
"9,28 : 818.62"
"9,29 : 120.0"
"9,30 : 848.31"
"9,31 : 237.5"
"9,32 : 704.07"
"9,33 : 338.01"
"9,34 : 703.24"
"9,35 : 836.3"
"9,36 : 737.05"
"9,37 : 624.23"
"9,38 : 974.84"
"9,39 : 437.65"
"9,40 : 989.21"
"9,41 : 1027.11"
"9,42 : 207.96"
"9,43 : 833.3"
"9,44 : 502.29"
"9,45 : 949.68"
"9,46 : 912.54"
"9,47 : 511.1"
"9,48 : 212.66"
"9,49 : 797.75"
"9,50 : 364.73"
"9,51 : 616.48"
"9,52 : 685.13"
"9,53 : 931.37"
"9,54 : 846.45"
"9,55 : 1001.61"
"9,56 : 261.01"
"9,57 : 1037.56"
"9,58 : 858.37"
"9,59 : 749.78"
"9,60 : 331.69"
"9,61 : 477.18"
"9,62 : 396.61"
"9,63 : 241.4"
"9,64 : 811.42"
"9,65 : 553.0"
"9,66 : 634.81"
"9,67 : 318.13"
"9,68 : 704.16"
"9,69 : 888.86"
"9,70 : 541.25"
"9,71 : 736.1"
"9,72 : 820.02"
"9,73 : 911.85"
"9,74 : 162.12"
"9,75 : 25.94"
"9,76 : 539.6"
"9,77 : 617.87"
"9,78 : 434.0"
"9,79 : 599.08"
"9,80 : 148.22"
"9,81 : 351.75"
"9,82 : 753.26"
"9,83 : 337.52"
"9,84 : 1190.98"
"9,85 : 986.6"
"9,86 : 1253.79"
"9,87 : 438.92"
"9,88 : 192.21"
"9,89 : 103.6"
"9,90 : 533.16"
"9,91 : 1031.77"
"9,92 : 1246.84"
"9,93 : 916.46"
"9,94 : 985.05"
"9,95 : 697.88"
"9,96 : 838.18"
"9,97 : 696.78"
"9,98 : 1129.33"
"9,99 : 496.43"
"10,0 : 602.69"
"10,1 : 512.52"
"10,2 : 679.59"
"10,3 : 218.55"
"10,4 : 284.38"
"10,5 : 724.22"
"10,6 : 250.35"
"10,7 : 855.94"
"10,8 : 569.09"
"10,9 : 685.62"
"10,10 : 0.0"
"10,11 : 642.19"
"10,12 : 628.22"
"10,13 : 613.12"
"10,14 : 884.63"
"10,15 : 311.52"
"10,16 : 207.39"
"10,17 : 246.63"
"10,18 : 549.36"
"10,19 : 703.91"
"10,20 : 97.5"
"10,21 : 464.43"
"10,22 : 184.01"
"10,23 : 382.74"
"10,24 : 518.81"
"10,25 : 575.73"
"10,26 : 551.95"
"10,27 : 187.39"
"10,28 : 956.97"
"10,29 : 649.49"
"10,30 : 847.28"
"10,31 : 449.23"
"10,32 : 123.65"
"10,33 : 392.66"
"10,34 : 168.86"
"10,35 : 751.73"
"10,36 : 665.55"
"10,37 : 161.01"
"10,38 : 526.98"
"10,39 : 767.09"
"10,40 : 834.43"
"10,41 : 441.81"
"10,42 : 656.23"
"10,43 : 159.08"
"10,44 : 351.92"
"10,45 : 650.68"
"10,46 : 565.47"
"10,47 : 513.94"
"10,48 : 476.56"
"10,49 : 466.9"
"10,50 : 334.61"
"10,51 : 341.48"
"10,52 : 479.04"
"10,53 : 807.57"
"10,54 : 400.94"
"10,55 : 538.84"
"10,56 : 636.0"
"10,57 : 648.46"
"10,58 : 925.71"
"10,59 : 80.36"
"10,60 : 707.81"
"10,61 : 609.09"
"10,62 : 626.71"
"10,63 : 493.71"
"10,64 : 151.09"
"10,65 : 168.07"
"10,66 : 321.73"
"10,67 : 371.3"
"10,68 : 123.44"
"10,69 : 796.2"
"10,70 : 169.76"
"10,71 : 285.21"
"10,72 : 741.82"
"10,73 : 646.7"
"10,74 : 701.68"
"10,75 : 659.79"
"10,76 : 288.46"
"10,77 : 820.94"
"10,78 : 381.59"
"10,79 : 332.34"
"10,80 : 817.63"
"10,81 : 369.77"
"10,82 : 864.84"
"10,83 : 606.65"
"10,84 : 627.11"
"10,85 : 397.31"
"10,86 : 737.01"
"10,87 : 344.99"
"10,88 : 807.62"
"10,89 : 599.06"
"10,90 : 500.18"
"10,91 : 595.55"
"10,92 : 704.45"
"10,93 : 380.58"
"10,94 : 535.43"
"10,95 : 859.19"
"10,96 : 262.84"
"10,97 : 335.08"
"10,98 : 568.54"
"10,99 : 357.65"
"11,0 : 764.59"
"11,1 : 984.19"
"11,2 : 90.14"
"11,3 : 838.41"
"11,4 : 760.57"
"11,5 : 760.55"
"11,6 : 848.18"
"11,7 : 669.79"
"11,8 : 824.05"
"11,9 : 1080.57"
"11,10 : 642.19"
"11,11 : 0.0"
"11,12 : 684.0"
"11,13 : 887.7"
"11,14 : 649.94"
"11,15 : 334.89"
"11,16 : 639.2"
"11,17 : 438.93"
"11,18 : 109.29"
"11,19 : 653.95"
"11,20 : 554.96"
"11,21 : 831.32"
"11,22 : 539.71"
"11,23 : 510.91"
"11,24 : 255.43"
"11,25 : 905.57"
"11,26 : 132.97"
"11,27 : 476.23"
"11,28 : 755.38"
"11,29 : 982.62"
"11,30 : 574.54"
"11,31 : 907.42"
"11,32 : 524.0"
"11,33 : 935.01"
"11,34 : 486.81"
"11,35 : 464.43"
"11,36 : 477.62"
"11,37 : 801.28"
"11,38 : 118.23"
"11,39 : 857.86"
"11,40 : 406.72"
"11,41 : 279.87"
"11,42 : 928.04"
"11,43 : 675.66"
"11,44 : 581.23"
"11,45 : 206.34"
"11,46 : 181.82"
"11,47 : 597.52"
"11,48 : 893.21"
"11,49 : 283.82"
"11,50 : 759.54"
"11,51 : 468.31"
"11,52 : 408.01"
"11,53 : 432.26"
"11,54 : 256.74"
"11,55 : 103.39"
"11,56 : 875.95"
"11,57 : 77.06"
"11,58 : 672.64"
"11,59 : 674.06"
"11,60 : 881.84"
"11,61 : 683.42"
"11,62 : 764.44"
"11,63 : 839.75"
"11,64 : 524.0"
"11,65 : 621.9"
"11,66 : 455.1"
"11,67 : 864.72"
"11,68 : 757.73"
"11,69 : 463.57"
"11,70 : 638.38"
"11,71 : 387.53"
"11,72 : 470.29"
"11,73 : 252.24"
"11,74 : 995.85"
"11,75 : 1057.96"
"11,76 : 559.1"
"11,77 : 763.85"
"11,78 : 648.09"
"11,79 : 487.03"
"11,80 : 1153.37"
"11,81 : 912.24"
"11,82 : 692.12"
"11,83 : 798.33"
"11,84 : 235.15"
"11,85 : 303.56"
"11,86 : 199.62"
"11,87 : 650.33"
"11,88 : 1094.97"
"11,89 : 977.16"
"11,90 : 570.64"
"11,91 : 50.6"
"11,92 : 226.38"
"11,93 : 267.81"
"11,94 : 108.66"
"11,95 : 737.43"
"11,96 : 383.72"
"11,97 : 395.0"
"11,98 : 215.57"
"11,99 : 586.44"
"12,0 : 116.21"
"12,1 : 505.08"
"12,2 : 635.86"
"12,3 : 816.92"
"12,4 : 441.94"
"12,5 : 99.41"
"12,6 : 862.18"
"12,7 : 293.03"
"12,8 : 219.58"
"12,9 : 492.44"
"12,10 : 628.22"
"12,11 : 684.0"
"12,12 : 0.0"
"12,13 : 267.37"
"12,14 : 346.45"
"12,15 : 608.55"
"12,16 : 430.89"
"12,17 : 686.01"
"12,18 : 684.42"
"12,19 : 112.93"
"12,20 : 635.17"
"12,21 : 331.31"
"12,22 : 454.32"
"12,23 : 267.48"
"12,24 : 430.73"
"12,25 : 323.45"
"12,26 : 717.33"
"12,27 : 503.83"
"12,28 : 373.91"
"12,29 : 373.23"
"12,30 : 358.94"
"12,31 : 453.01"
"12,32 : 556.39"
"12,33 : 566.29"
"12,34 : 523.26"
"12,35 : 346.37"
"12,36 : 253.33"
"12,37 : 687.61"
"12,38 : 605.69"
"12,39 : 178.46"
"12,40 : 501.42"
"12,41 : 744.19"
"12,42 : 291.29"
"12,43 : 779.93"
"12,44 : 276.47"
"12,45 : 508.21"
"12,46 : 502.22"
"12,47 : 121.26"
"12,48 : 402.6"
"12,49 : 417.25"
"12,50 : 386.83"
"12,51 : 329.01"
"12,52 : 286.3"
"12,53 : 441.96"
"12,54 : 517.67"
"12,55 : 635.22"
"12,56 : 234.61"
"12,57 : 622.29"
"12,58 : 385.81"
"12,59 : 708.34"
"12,60 : 204.83"
"12,61 : 22.02"
"12,62 : 97.8"
"12,63 : 312.13"
"12,64 : 669.36"
"12,65 : 463.91"
"12,66 : 357.01"
"12,67 : 477.97"
"12,68 : 723.82"
"12,69 : 397.76"
"12,70 : 467.36"
"12,71 : 471.09"
"12,72 : 330.13"
"12,73 : 463.15"
"12,74 : 355.79"
"12,75 : 478.71"
"12,76 : 341.58"
"12,77 : 198.0"
"12,78 : 257.11"
"12,79 : 325.74"
"12,80 : 510.15"
"12,81 : 556.14"
"12,82 : 289.35"
"12,83 : 154.94"
"12,84 : 859.74"
"12,85 : 717.08"
"12,86 : 879.78"
"12,87 : 296.21"
"12,88 : 434.96"
"12,89 : 407.21"
"12,90 : 144.17"
"12,91 : 642.96"
"12,92 : 891.49"
"12,93 : 624.53"
"12,94 : 614.47"
"12,95 : 255.34"
"12,96 : 606.9"
"12,97 : 397.79"
"12,98 : 805.43"
"12,99 : 270.6"
"13,0 : 151.33"
"13,1 : 276.02"
"13,2 : 856.85"
"13,3 : 747.2"
"13,4 : 343.1"
"13,5 : 284.27"
"13,6 : 798.9"
"13,7 : 544.21"
"13,8 : 63.7"
"13,9 : 225.08"
"13,10 : 613.12"
"13,11 : 887.7"
"13,12 : 267.37"
"13,13 : 0.0"
"13,14 : 602.32"
"13,15 : 719.72"
"13,16 : 410.56"
"13,17 : 759.61"
"13,18 : 861.87"
"13,19 : 374.05"
"13,20 : 659.54"
"13,21 : 159.11"
"13,22 : 489.24"
"13,23 : 385.92"
"13,24 : 634.83"
"13,25 : 72.01"
"13,26 : 889.36"
"13,27 : 565.11"
"13,28 : 606.12"
"13,29 : 106.3"
"13,30 : 624.0"
"13,31 : 253.81"
"13,32 : 592.37"
"13,33 : 385.61"
"13,34 : 577.83"
"13,35 : 611.9"
"13,36 : 513.97"
"13,37 : 606.6"
"13,38 : 789.85"
"13,39 : 241.35"
"13,40 : 765.57"
"13,41 : 875.37"
"13,42 : 45.31"
"13,43 : 771.66"
"13,44 : 334.59"
"13,45 : 740.12"
"13,46 : 712.4"
"13,47 : 297.44"
"13,48 : 196.46"
"13,49 : 604.33"
"13,50 : 284.02"
"13,51 : 442.61"
"13,52 : 482.02"
"13,53 : 707.2"
"13,54 : 672.08"
"13,55 : 818.14"
"13,56 : 44.1"
"13,57 : 837.64"
"13,58 : 638.56"
"13,59 : 689.14"
"13,60 : 136.56"
"13,61 : 252.35"
"13,62 : 172.0"
"13,63 : 126.85"
"13,64 : 708.95"
"13,65 : 452.29"
"13,66 : 466.0"
"13,67 : 315.32"
"13,68 : 670.1"
"13,69 : 664.17"
"13,70 : 446.16"
"13,71 : 579.49"
"13,72 : 595.62"
"13,73 : 699.65"
"13,74 : 109.04"
"13,75 : 212.0"
"13,76 : 389.24"
"13,77 : 406.05"
"13,78 : 269.23"
"13,79 : 428.3"
"13,80 : 265.68"
"13,81 : 385.54"
"13,82 : 534.82"
"13,83 : 112.45"
"13,84 : 1023.9"
"13,85 : 838.97"
"13,86 : 1071.27"
"13,87 : 291.08"
"13,88 : 214.98"
"13,89 : 146.56"
"13,90 : 322.13"
"13,91 : 840.92"
"13,92 : 1071.31"
"13,93 : 758.01"
"13,94 : 799.76"
"13,95 : 483.65"
"13,96 : 700.06"
"13,97 : 525.41"
"13,98 : 964.03"
"13,99 : 327.57"
"14,0 : 457.35"
"14,1 : 851.52"
"14,2 : 569.15"
"14,3 : 1095.48"
"14,4 : 764.51"
"14,5 : 323.0"
"14,6 : 1133.69"
"14,7 : 60.83"
"14,8 : 562.87"
"14,9 : 823.52"
"14,10 : 884.63"
"14,11 : 649.94"
"14,12 : 346.45"
"14,13 : 602.32"
"14,14 : 0.0"
"14,15 : 745.19"
"14,16 : 718.92"
"14,17 : 853.89"
"14,18 : 704.1"
"14,19 : 233.52"
"14,20 : 858.99"
"14,21 : 676.85"
"14,22 : 700.75"
"14,23 : 505.03"
"14,24 : 467.55"
"14,25 : 665.19"
"14,26 : 741.1"
"14,27 : 716.96"
"14,28 : 105.55"
"14,29 : 703.78"
"14,30 : 77.49"
"14,31 : 798.23"
"14,32 : 782.22"
"14,33 : 906.26"
"14,34 : 738.6"
"14,35 : 187.02"
"14,36 : 226.74"
"14,37 : 981.53"
"14,38 : 629.09"
"14,39 : 405.41"
"14,40 : 285.38"
"14,41 : 829.89"
"14,42 : 615.73"
"14,43 : 1015.38"
"14,44 : 557.1"
"14,45 : 444.09"
"14,46 : 498.73"
"14,47 : 404.97"
"14,48 : 748.84"
"14,49 : 493.77"
"14,50 : 716.18"
"14,51 : 543.52"
"14,52 : 415.05"
"14,53 : 233.23"
"14,54 : 615.24"
"14,55 : 654.4"
"14,56 : 563.05"
"14,57 : 573.2"
"14,58 : 42.01"
"14,59 : 959.26"
"14,60 : 498.44"
"14,61 : 366.84"
"14,62 : 432.04"
"14,63 : 658.53"
"14,64 : 874.58"
"14,65 : 741.08"
"14,66 : 565.24"
"14,67 : 816.68"
"14,68 : 998.11"
"14,69 : 190.72"
"14,70 : 749.83"
"14,71 : 643.24"
"14,72 : 184.46"
"14,73 : 400.5"
"14,74 : 671.06"
"14,75 : 813.28"
"14,76 : 607.44"
"14,77 : 222.25"
"14,78 : 569.14"
"14,79 : 552.35"
"14,80 : 808.84"
"14,81 : 893.98"
"14,82 : 78.92"
"14,83 : 492.87"
"14,84 : 876.74"
"14,85 : 820.22"
"14,86 : 842.72"
"14,87 : 605.01"
"14,88 : 722.27"
"14,89 : 747.44"
"14,90 : 405.8"
"14,91 : 629.81"
"14,92 : 876.12"
"14,93 : 727.86"
"14,94 : 633.62"
"14,95 : 146.32"
"14,96 : 765.78"
"14,97 : 570.32"
"14,98 : 839.12"
"14,99 : 554.16"
"15,0 : 641.33"
"15,1 : 731.39"
"15,2 : 384.58"
"15,3 : 503.64"
"15,4 : 489.22"
"15,5 : 705.79"
"15,6 : 515.19"
"15,7 : 736.92"
"15,8 : 659.67"
"15,9 : 867.35"
"15,10 : 311.52"
"15,11 : 334.89"
"15,12 : 608.55"
"15,13 : 719.72"
"15,14 : 745.19"
"15,15 : 0.0"
"15,16 : 364.07"
"15,17 : 119.52"
"15,18 : 238.01"
"15,19 : 636.53"
"15,20 : 220.66"
"15,21 : 614.1"
"15,22 : 257.87"
"15,23 : 350.0"
"15,24 : 289.61"
"15,25 : 712.33"
"15,26 : 241.17"
"15,27 : 177.05"
"15,28 : 838.73"
"15,29 : 793.35"
"15,30 : 686.89"
"15,31 : 656.11"
"15,32 : 202.48"
"15,33 : 649.89"
"15,34 : 177.65"
"15,35 : 573.79"
"15,36 : 520.77"
"15,37 : 472.37"
"15,38 : 225.49"
"15,39 : 782.51"
"15,40 : 606.77"
"15,41 : 159.86"
"15,42 : 764.73"
"15,43 : 346.03"
"15,44 : 385.52"
"15,45 : 391.73"
"15,46 : 302.23"
"15,47 : 490.33"
"15,48 : 659.05"
"15,49 : 252.83"
"15,50 : 508.72"
"15,51 : 286.88"
"15,52 : 346.32"
"15,53 : 598.45"
"15,54 : 136.24"
"15,55 : 232.02"
"15,56 : 724.18"
"15,57 : 353.39"
"15,58 : 781.07"
"15,59 : 339.17"
"15,60 : 764.35"
"15,61 : 597.26"
"15,62 : 654.12"
"15,63 : 633.0"
"15,64 : 190.37"
"15,65 : 333.66"
"15,66 : 259.95"
"15,67 : 595.77"
"15,68 : 423.53"
"15,69 : 603.86"
"15,70 : 349.28"
"15,71 : 142.09"
"15,72 : 569.64"
"15,73 : 405.1"
"15,74 : 826.29"
"15,75 : 842.16"
"15,76 : 332.54"
"15,77 : 762.85"
"15,78 : 450.75"
"15,79 : 296.82"
"15,80 : 971.7"
"15,81 : 626.1"
"15,82 : 753.1"
"15,83 : 663.4"
"15,84 : 334.77"
"15,85 : 119.85"
"15,86 : 430.55"
"15,87 : 434.12"
"15,88 : 934.35"
"15,89 : 766.3"
"15,90 : 465.09"
"15,91 : 291.3"
"15,92 : 404.62"
"15,93 : 69.07"
"15,94 : 232.48"
"15,95 : 771.92"
"15,96 : 49.09"
"15,97 : 210.92"
"15,98 : 272.88"
"15,99 : 392.66"
"16,0 : 396.13"
"16,1 : 367.48"
"16,2 : 649.07"
"16,3 : 386.48"
"16,4 : 125.72"
"16,5 : 523.72"
"16,6 : 431.3"
"16,7 : 682.4"
"16,8 : 363.27"
"16,9 : 514.21"
"16,10 : 207.39"
"16,11 : 639.2"
"16,12 : 430.89"
"16,13 : 410.56"
"16,14 : 718.92"
"16,15 : 364.07"
"16,16 : 0.0"
"16,17 : 366.95"
"16,18 : 571.58"
"16,19 : 517.41"
"16,20 : 250.14"
"16,21 : 271.49"
"16,22 : 106.51"
"16,23 : 219.69"
"16,24 : 443.45"
"16,25 : 380.75"
"16,26 : 587.19"
"16,27 : 187.32"
"16,28 : 779.8"
"16,29 : 458.7"
"16,30 : 693.54"
"16,31 : 292.83"
"16,32 : 190.28"
"16,33 : 296.01"
"16,34 : 191.0"
"16,35 : 613.42"
"16,36 : 515.48"
"16,37 : 263.06"
"16,38 : 522.02"
"16,39 : 560.99"
"16,40 : 723.87"
"16,41 : 522.69"
"16,42 : 454.74"
"16,43 : 366.15"
"16,44 : 162.73"
"16,45 : 581.12"
"16,46 : 510.39"
"16,47 : 324.61"
"16,48 : 301.9"
"16,49 : 392.05"
"16,50 : 149.51"
"16,51 : 208.1"
"16,52 : 348.32"
"16,53 : 685.31"
"16,54 : 383.05"
"16,55 : 543.3"
"16,56 : 430.67"
"16,57 : 620.56"
"16,58 : 760.87"
"16,59 : 286.88"
"16,60 : 500.52"
"16,61 : 410.57"
"16,62 : 420.9"
"16,63 : 297.58"
"16,64 : 302.2"
"16,65 : 41.77"
"16,66 : 204.19"
"16,67 : 232.57"
"16,68 : 292.96"
"16,69 : 663.67"
"16,70 : 37.85"
"16,71 : 253.87"
"16,72 : 600.84"
"16,73 : 562.43"
"16,74 : 505.1"
"16,75 : 488.42"
"16,76 : 115.84"
"16,77 : 627.51"
"16,78 : 176.85"
"16,79 : 190.8"
"16,80 : 633.55"
"16,81 : 273.08"
"16,82 : 688.01"
"16,83 : 399.27"
"16,84 : 697.66"
"16,85 : 480.02"
"16,86 : 781.28"
"16,87 : 138.88"
"16,88 : 613.11"
"16,89 : 418.04"
"16,90 : 316.49"
"16,91 : 588.7"
"16,92 : 763.17"
"16,93 : 422.21"
"16,94 : 532.08"
"16,95 : 673.6"
"16,96 : 328.9"
"16,97 : 252.51"
"16,98 : 635.49"
"16,99 : 166.6"
"17,0 : 701.99"
"17,1 : 726.9"
"17,2 : 497.32"
"17,3 : 407.49"
"17,4 : 483.73"
"17,5 : 785.11"
"17,6 : 411.53"
"17,7 : 841.55"
"17,8 : 703.65"
"17,9 : 881.15"
"17,10 : 246.63"
"17,11 : 438.93"
"17,12 : 686.01"
"17,13 : 759.61"
"17,14 : 853.89"
"17,15 : 119.52"
"17,16 : 366.95"
"17,17 : 0.0"
"17,18 : 333.97"
"17,19 : 727.67"
"17,20 : 149.37"
"17,21 : 635.36"
"17,22 : 271.62"
"17,23 : 419.17"
"17,24 : 406.81"
"17,25 : 741.16"
"17,26 : 326.97"
"17,27 : 194.83"
"17,28 : 944.16"
"17,29 : 821.09"
"17,30 : 798.74"
"17,31 : 655.48"
"17,32 : 177.61"
"17,33 : 625.22"
"17,34 : 182.0"
"17,35 : 687.4"
"17,36 : 627.65"
"17,37 : 402.97"
"17,38 : 337.71"
"17,39 : 853.4"
"17,40 : 725.9"
"17,41 : 198.76"
"17,42 : 804.9"
"17,43 : 237.2"
"17,44 : 435.4"
"17,45 : 511.17"
"17,46 : 421.72"
"17,47 : 565.01"
"17,48 : 668.72"
"17,49 : 366.67"
"17,50 : 516.43"
"17,51 : 357.0"
"17,52 : 445.2"
"17,53 : 716.2"
"17,54 : 254.68"
"17,55 : 339.31"
"17,56 : 770.58"
"17,57 : 466.54"
"17,58 : 891.0"
"17,59 : 249.16"
"17,60 : 822.12"
"17,61 : 672.13"
"17,62 : 718.66"
"17,63 : 658.75"
"17,64 : 97.98"
"17,65 : 328.64"
"17,66 : 329.01"
"17,67 : 585.87"
"17,68 : 339.27"
"17,69 : 719.76"
"17,70 : 341.44"
"17,71 : 218.98"
"17,72 : 682.3"
"17,73 : 524.37"
"17,74 : 861.78"
"17,75 : 855.35"
"17,76 : 373.1"
"17,77 : 853.76"
"17,78 : 493.28"
"17,79 : 361.45"
"17,80 : 998.0"
"17,81 : 601.52"
"17,82 : 856.38"
"17,83 : 718.82"
"17,84 : 382.97"
"17,85 : 155.72"
"17,86 : 499.77"
"17,87 : 468.53"
"17,88 : 970.63"
"17,89 : 784.43"
"17,90 : 542.11"
"17,91 : 399.7"
"17,92 : 462.51"
"17,93 : 174.43"
"17,94 : 343.46"
"17,95 : 870.01"
"17,96 : 88.14"
"17,97 : 295.44"
"17,98 : 326.5"
"17,99 : 442.67"
"18,0 : 751.43"
"18,1 : 929.15"
"18,2 : 187.58"
"18,3 : 737.94"
"18,4 : 696.2"
"18,5 : 769.63"
"18,6 : 745.09"
"18,7 : 715.61"
"18,8 : 798.4"
"18,9 : 1041.06"
"18,10 : 549.36"
"18,11 : 109.29"
"18,12 : 684.42"
"18,13 : 861.87"
"18,14 : 704.1"
"18,15 : 238.01"
"18,16 : 571.58"
"18,17 : 333.97"
"18,18 : 0.0"
"18,19 : 672.3"
"18,20 : 458.25"
"18,21 : 787.63"
"18,22 : 467.47"
"18,23 : 476.59"
"18,24 : 259.31"
"18,25 : 871.32"
"18,26 : 37.0"
"18,27 : 396.17"
"18,28 : 808.02"
"18,29 : 950.69"
"18,30 : 632.14"
"18,31 : 852.26"
"18,32 : 436.15"
"18,33 : 866.66"
"18,34 : 403.49"
"18,35 : 517.22"
"18,36 : 508.84"
"18,37 : 710.02"
"18,38 : 80.01"
"18,39 : 862.23"
"18,40 : 487.03"
"18,41 : 171.41"
"18,42 : 904.37"
"18,43 : 571.17"
"18,44 : 538.91"
"18,45 : 267.71"
"18,46 : 206.55"
"18,47 : 584.67"
"18,48 : 844.27"
"18,49 : 267.42"
"18,50 : 702.78"
"18,51 : 424.86"
"18,52 : 398.65"
"18,53 : 502.52"
"18,54 : 195.06"
"18,55 : 51.2"
"18,56 : 855.42"
"18,57 : 162.53"
"18,58 : 731.39"
"18,59 : 574.83"
"18,60 : 872.82"
"18,61 : 680.33"
"18,62 : 755.53"
"18,63 : 799.86"
"18,64 : 422.86"
"18,65 : 549.1"
"18,66 : 406.43"
"18,67 : 802.39"
"18,68 : 660.88"
"18,69 : 526.54"
"18,70 : 565.52"
"18,71 : 318.07"
"18,72 : 520.0"
"18,73 : 305.68"
"18,74 : 970.9"
"18,75 : 1017.33"
"18,76 : 505.89"
"18,77 : 790.25"
"18,78 : 607.42"
"18,79 : 442.0"
"18,80 : 1125.74"
"18,81 : 843.31"
"18,82 : 736.53"
"18,83 : 782.02"
"18,84 : 178.57"
"18,85 : 194.36"
"18,86 : 213.08"
"18,87 : 603.41"
"18,88 : 1074.14"
"18,89 : 937.55"
"18,90 : 557.22"
"18,91 : 86.95"
"18,92 : 209.9"
"18,93 : 169.0"
"18,94 : 72.78"
"18,95 : 774.51"
"18,96 : 287.0"
"18,97 : 344.43"
"18,98 : 135.01"
"18,99 : 544.94"
"19,0 : 225.5"
"19,1 : 618.0"
"19,2 : 593.81"
"19,3 : 903.04"
"19,4 : 544.17"
"19,5 : 118.98"
"19,6 : 945.81"
"19,7 : 180.75"
"19,8 : 330.65"
"19,9 : 598.21"
"19,10 : 703.91"
"19,11 : 653.95"
"19,12 : 112.93"
"19,13 : 374.05"
"19,14 : 233.52"
"19,15 : 636.53"
"19,16 : 517.41"
"19,17 : 727.67"
"19,18 : 672.3"
"19,19 : 0.0"
"19,20 : 697.8"
"19,21 : 443.84"
"19,22 : 522.89"
"19,23 : 324.62"
"19,24 : 412.99"
"19,25 : 433.89"
"19,26 : 707.51"
"19,27 : 559.45"
"19,28 : 267.09"
"19,29 : 478.27"
"19,30 : 250.1"
"19,31 : 565.44"
"19,32 : 618.45"
"19,33 : 676.54"
"19,34 : 580.28"
"19,35 : 257.24"
"19,36 : 184.11"
"19,37 : 779.11"
"19,38 : 592.29"
"19,39 : 220.0"
"19,40 : 412.39"
"19,41 : 756.68"
"19,42 : 392.65"
"19,43 : 848.94"
"19,44 : 355.88"
"19,45 : 461.16"
"19,46 : 474.8"
"19,47 : 192.8"
"19,48 : 515.46"
"19,49 : 413.61"
"19,50 : 491.86"
"19,51 : 378.64"
"19,52 : 292.34"
"19,53 : 351.24"
"19,54 : 527.67"
"19,55 : 621.41"
"19,56 : 337.48"
"19,57 : 585.32"
"19,58 : 272.97"
"19,59 : 782.7"
"19,60 : 287.48"
"19,61 : 133.54"
"19,62 : 202.09"
"19,63 : 425.05"
"19,64 : 725.17"
"19,65 : 546.11"
"19,66 : 405.22"
"19,67 : 587.56"
"19,68 : 807.64"
"19,69 : 304.0"
"19,70 : 551.94"
"19,71 : 508.71"
"19,72 : 241.75"
"19,73 : 413.63"
"19,74 : 453.25"
"19,75 : 586.04"
"19,76 : 415.91"
"19,77 : 126.4"
"19,78 : 352.16"
"19,79 : 380.87"
"19,80 : 601.51"
"19,81 : 665.47"
"19,82 : 178.93"
"19,83 : 262.49"
"19,84 : 850.71"
"19,85 : 735.26"
"19,86 : 853.3"
"19,87 : 390.35"
"19,88 : 520.31"
"19,89 : 517.05"
"19,90 : 203.79"
"19,91 : 618.47"
"19,92 : 872.27"
"19,93 : 640.45"
"19,94 : 599.92"
"19,95 : 156.24"
"19,96 : 643.39"
"19,97 : 432.33"
"19,98 : 801.02"
"19,99 : 351.3"
"20,0 : 627.39"
"20,1 : 591.48"
"20,2 : 598.77"
"20,3 : 286.23"
"20,4 : 352.88"
"20,5 : 733.87"
"20,6 : 304.57"
"20,7 : 836.39"
"20,8 : 609.41"
"20,9 : 755.95"
"20,10 : 97.5"
"20,11 : 554.96"
"20,12 : 635.17"
"20,13 : 659.54"
"20,14 : 858.99"
"20,15 : 220.66"
"20,16 : 250.14"
"20,17 : 149.37"
"20,18 : 458.25"
"20,19 : 697.8"
"20,20 : 0.0"
"20,21 : 520.84"
"20,22 : 182.21"
"20,23 : 373.49"
"20,24 : 457.71"
"20,25 : 630.74"
"20,26 : 458.53"
"20,27 : 142.04"
"20,28 : 938.95"
"20,29 : 708.09"
"20,30 : 814.45"
"20,31 : 523.54"
"20,32 : 79.38"
"20,33 : 481.0"
"20,34 : 120.42"
"20,35 : 711.87"
"20,36 : 634.36"
"20,37 : 256.53"
"20,38 : 442.46"
"20,39 : 788.11"
"20,40 : 779.45"
"20,41 : 344.53"
"20,42 : 704.09"
"20,43 : 156.82"
"20,44 : 362.68"
"20,45 : 583.01"
"20,46 : 495.07"
"20,47 : 515.66"
"20,48 : 543.81"
"20,49 : 408.21"
"20,50 : 394.46"
"20,51 : 320.79"
"20,52 : 444.88"
"20,53 : 758.46"
"20,54 : 325.25"
"20,55 : 451.7"
"20,56 : 677.14"
"20,57 : 567.46"
"20,58 : 898.91"
"20,59 : 121.49"
"20,60 : 740.53"
"20,61 : 617.96"
"20,62 : 648.49"
"20,63 : 547.59"
"20,64 : 57.31"
"20,65 : 208.52"
"20,66 : 296.08"
"20,67 : 449.44"
"20,68 : 202.89"
"20,69 : 752.39"
"20,70 : 217.35"
"20,71 : 226.72"
"20,72 : 703.61"
"20,73 : 584.69"
"20,74 : 755.24"
"20,75 : 730.01"
"20,76 : 296.2"
"20,77 : 819.99"
"20,78 : 407.04"
"20,79 : 316.99"
"20,80 : 881.33"
"20,81 : 457.56"
"20,82 : 847.71"
"20,83 : 637.2"
"20,84 : 529.8"
"20,85 : 300.14"
"20,86 : 641.16"
"20,87 : 374.97"
"20,88 : 863.2"
"20,89 : 663.94"
"20,90 : 497.6"
"20,91 : 510.0"
"20,92 : 607.55"
"20,93 : 289.34"
"20,94 : 450.29"
"20,95 : 849.69"
"20,96 : 171.57"
"20,97 : 291.29"
"20,98 : 471.53"
"20,99 : 369.4"
"21,0 : 232.5"
"21,1 : 179.55"
"21,2 : 816.04"
"21,3 : 588.44"
"21,4 : 186.1"
"21,5 : 387.69"
"21,6 : 640.34"
"21,7 : 624.32"
"21,8 : 141.03"
"21,9 : 254.62"
"21,10 : 464.43"
"21,11 : 831.32"
"21,12 : 331.31"
"21,13 : 159.11"
"21,14 : 676.85"
"21,15 : 614.1"
"21,16 : 271.49"
"21,17 : 635.36"
"21,18 : 787.63"
"21,19 : 443.84"
"21,20 : 520.84"
"21,21 : 0.0"
"21,22 : 364.78"
"21,23 : 322.02"
"21,24 : 591.41"
"21,25 : 111.31"
"21,26 : 810.62"
"21,27 : 445.72"
"21,28 : 702.35"
"21,29 : 187.28"
"21,30 : 681.4"
"21,31 : 121.74"
"21,32 : 460.83"
"21,33 : 242.91"
"21,34 : 454.65"
"21,35 : 642.19"
"21,36 : 537.49"
"21,37 : 447.76"
"21,38 : 723.05"
"21,39 : 376.71"
"21,40 : 786.21"
"21,41 : 773.61"
"21,42 : 197.34"
"21,43 : 621.19"
"21,44 : 250.27"
"21,45 : 714.43"
"21,46 : 668.81"
"21,47 : 298.06"
"21,48 : 74.24"
"21,49 : 550.97"
"21,50 : 129.99"
"21,51 : 364.16"
"21,52 : 447.89"
"21,53 : 733.12"
"21,54 : 592.72"
"21,55 : 749.27"
"21,56 : 193.94"
"21,57 : 792.58"
"21,58 : 716.76"
"21,59 : 537.72"
"21,60 : 283.92"
"21,61 : 310.31"
"21,62 : 262.03"
"21,63 : 32.28"
"21,64 : 573.65"
"21,65 : 312.62"
"21,66 : 381.2"
"21,67 : 162.2"
"21,68 : 513.13"
"21,69 : 696.39"
"21,70 : 303.6"
"21,71 : 481.55"
"21,72 : 626.41"
"21,73 : 680.62"
"21,74 : 237.31"
"21,75 : 230.2"
"21,76 : 284.99"
"21,77 : 511.44"
"21,78 : 183.41"
"21,79 : 346.21"
"21,80 : 362.7"
"21,81 : 237.79"
"21,82 : 620.29"
"21,83 : 209.38"
"21,84 : 936.36"
"21,85 : 733.71"
"21,86 : 1000.6"
"21,87 : 184.5"
"21,88 : 343.51"
"21,89 : 152.31"
"21,90 : 313.46"
"21,91 : 781.86"
"21,92 : 992.58"
"21,93 : 662.03"
"21,94 : 733.31"
"21,95 : 580.86"
"21,96 : 586.82"
"21,97 : 443.21"
"21,98 : 874.73"
"21,99 : 244.9"
"22,0 : 446.0"
"22,1 : 473.53"
"22,2 : 556.4"
"22,3 : 397.15"
"22,4 : 232.17"
"22,5 : 552.56"
"22,6 : 433.2"
"22,7 : 672.03"
"22,8 : 435.12"
"22,9 : 614.23"
"22,10 : 184.01"
"22,11 : 539.71"
"22,12 : 454.32"
"22,13 : 489.24"
"22,14 : 700.75"
"22,15 : 257.87"
"22,16 : 106.51"
"22,17 : 271.62"
"22,18 : 467.47"
"22,19 : 522.89"
"22,20 : 182.21"
"22,21 : 364.78"
"22,22 : 0.0"
"22,23 : 199.46"
"22,24 : 363.9"
"22,25 : 469.6"
"22,26 : 481.85"
"22,27 : 82.13"
"22,28 : 773.26"
"22,29 : 549.68"
"22,30 : 664.72"
"22,31 : 398.3"
"22,32 : 106.12"
"22,33 : 399.25"
"22,34 : 89.94"
"22,35 : 572.28"
"22,36 : 483.04"
"22,37 : 300.61"
"22,38 : 421.72"
"22,39 : 605.98"
"22,40 : 665.47"
"22,41 : 416.99"
"22,42 : 534.43"
"22,43 : 326.67"
"22,44 : 180.47"
"22,45 : 501.28"
"22,46 : 423.89"
"22,47 : 336.16"
"22,48 : 403.49"
"22,49 : 311.08"
"22,50 : 251.83"
"22,51 : 158.42"
"22,52 : 299.2"
"22,53 : 633.69"
"22,54 : 283.01"
"22,55 : 441.51"
"22,56 : 502.64"
"22,57 : 526.85"
"22,58 : 741.9"
"22,59 : 260.68"
"22,60 : 561.14"
"22,61 : 436.61"
"22,62 : 466.57"
"22,63 : 387.36"
"22,64 : 223.73"
"22,65 : 82.23"
"22,66 : 141.24"
"22,67 : 339.0"
"22,68 : 299.55"
"22,69 : 618.69"
"22,70 : 98.72"
"22,71 : 152.19"
"22,72 : 561.62"
"22,73 : 488.88"
"22,74 : 590.33"
"22,75 : 588.68"
"22,76 : 113.99"
"22,77 : 642.52"
"22,78 : 227.61"
"22,79 : 148.39"
"22,80 : 727.01"
"22,81 : 375.86"
"22,82 : 681.18"
"22,83 : 457.5"
"22,84 : 591.16"
"22,85 : 374.79"
"22,86 : 675.9"
"22,87 : 198.88"
"22,88 : 699.17"
"22,89 : 515.34"
"22,90 : 320.0"
"22,91 : 489.53"
"22,92 : 656.9"
"22,93 : 315.77"
"22,94 : 431.59"
"22,95 : 677.24"
"22,96 : 224.47"
"22,97 : 169.8"
"22,98 : 528.99"
"22,99 : 187.18"
"23,0 : 291.68"
"23,1 : 485.63"
"23,2 : 494.24"
"23,3 : 590.55"
"23,4 : 299.55"
"23,5 : 366.85"
"23,6 : 629.69"
"23,7 : 473.62"
"23,8 : 322.82"
"23,9 : 569.68"
"23,10 : 382.74"
"23,11 : 510.91"
"23,12 : 267.48"
"23,13 : 385.92"
"23,14 : 505.03"
"23,15 : 350.0"
"23,16 : 219.69"
"23,17 : 419.17"
"23,18 : 476.59"
"23,19 : 324.62"
"23,20 : 373.49"
"23,21 : 322.02"
"23,22 : 199.46"
"23,23 : 0.0"
"23,24 : 270.15"
"23,25 : 395.92"
"23,26 : 503.51"
"23,27 : 237.5"
"23,28 : 574.28"
"23,29 : 474.52"
"23,30 : 475.11"
"23,31 : 410.98"
"23,32 : 294.11"
"23,33 : 471.51"
"23,34 : 257.61"
"23,35 : 394.01"
"23,36 : 295.94"
"23,37 : 478.67"
"23,38 : 406.65"
"23,39 : 435.12"
"23,40 : 510.78"
"23,41 : 497.56"
"23,42 : 429.17"
"23,43 : 524.45"
"23,44 : 78.31"
"23,45 : 398.32"
"23,46 : 347.08"
"23,47 : 146.22"
"23,48 : 387.88"
"23,49 : 229.01"
"23,50 : 274.22"
"23,51 : 63.35"
"23,52 : 138.23"
"23,53 : 468.68"
"23,54 : 286.28"
"23,55 : 434.25"
"23,56 : 382.74"
"23,57 : 470.56"
"23,58 : 546.65"
"23,59 : 460.13"
"23,60 : 415.05"
"23,61 : 253.0"
"23,62 : 304.17"
"23,63 : 328.94"
"23,64 : 403.63"
"23,65 : 237.0"
"23,66 : 91.08"
"23,67 : 387.13"
"23,68 : 493.32"
"23,69 : 444.84"
"23,70 : 247.0"
"23,71 : 208.6"
"23,72 : 381.25"
"23,73 : 369.57"
"23,74 : 494.93"
"23,75 : 547.08"
"23,76 : 104.29"
"23,77 : 446.58"
"23,78 : 138.92"
"23,79 : 58.31"
"23,80 : 649.15"
"23,81 : 452.36"
"23,82 : 482.12"
"23,83 : 315.75"
"23,84 : 638.4"
"23,85 : 465.02"
"23,86 : 687.47"
"23,87 : 150.47"
"23,88 : 599.65"
"23,89 : 466.26"
"23,90 : 125.13"
"23,91 : 462.14"
"23,92 : 685.63"
"23,93 : 377.9"
"23,94 : 416.76"
"23,95 : 478.07"
"23,96 : 342.52"
"23,97 : 142.66"
"23,98 : 579.04"
