x,y
353,345
244,233
310,568
860,869
129,807
263,831
360,199
504,322
469,440
588,842
828,439
368,22
256,439
195,234
529,569
890,234
206,13
762,705
513,241
780,613
625,214
361,176
624,945
33,262
875,526
347,281
787,23
567,461
417,675
322,641
370,572
265,185
520,103
307,45
957,23
711,563
920,363
126,469
69,343
182,513
706,18
400,935
751,591
852,265
287,160
646,449
449,63
457,6
690,360
489,479
364,565
770,213
845,168
596,587
854,358
86,990
672,913
888,666
207,567
253,272
94,85
940,213
822,962
387,1
594,256
334,960
32,553
377,357
406,814
928,901
4,278
106,282
923,676
228,994
771,95
647,944
737,626
210,631
872,856
243,550
517,162
360,59
941,754
707,563
206,343
163,711
904,734
440,547
629,387
445,243
531,583
661,490
456,398
489,224
924,41
147,858
563,108
498,80
709,414
65,718

Distanze
"0,0 : 0.0"
"0,1 : 156.28"
"0,2 : 227.11"
"0,3 : 729.13"
"0,4 : 513.44"
"0,5 : 494.26"
"0,6 : 146.17"
"0,7 : 152.74"
"0,8 : 149.94"
"0,9 : 549.76"
"0,10 : 484.21"
"0,11 : 323.35"
"0,12 : 135.07"
"0,13 : 193.09"
"0,14 : 284.87"
"0,15 : 548.35"
"0,16 : 363.09"
"0,17 : 544.87"
"0,18 : 190.83"
"0,19 : 504.14"
"0,20 : 301.9"
"0,21 : 169.19"
"0,22 : 658.36"
"0,23 : 330.59"
"0,24 : 552.49"
"0,25 : 64.28"
"0,26 : 540.41"
"0,27 : 243.42"
"0,28 : 336.15"
"0,29 : 297.62"
"0,30 : 227.64"
"0,31 : 182.6"
"0,32 : 294.03"
"0,33 : 303.51"
"0,34 : 684.47"
"0,35 : 419.15"
"0,36 : 567.29"
"0,37 : 258.66"
"0,38 : 284.01"
"0,39 : 239.72"
"0,40 : 481.18"
"0,41 : 591.87"
"0,42 : 467.89"
"0,43 : 505.37"
"0,44 : 196.42"
"0,45 : 310.91"
"0,46 : 297.89"
"0,47 : 354.59"
"0,48 : 337.33"
"0,49 : 190.92"
"0,50 : 220.27"
"0,51 : 437.39"
"0,52 : 522.87"
"0,53 : 342.95"
"0,54 : 501.17"
"0,55 : 698.08"
"0,56 : 651.45"
"0,57 : 623.91"
"0,58 : 265.71"
"0,59 : 123.81"
"0,60 : 366.99"
"0,61 : 601.66"
"0,62 : 775.02"
"0,63 : 345.68"
"0,64 : 256.91"
"0,65 : 615.29"
"0,66 : 382.5"
"0,67 : 26.83"
"0,68 : 471.99"
"0,69 : 799.85"
"0,70 : 355.37"
"0,71 : 254.91"
"0,72 : 659.14"
"0,73 : 660.93"
"0,74 : 487.06"
"0,75 : 667.26"
"0,76 : 475.83"
"0,77 : 319.76"
"0,78 : 728.34"
"0,79 : 232.65"
"0,80 : 245.73"
"0,81 : 286.09"
"0,82 : 716.26"
"0,83 : 415.74"
"0,84 : 147.01"
"0,85 : 412.38"
"0,86 : 674.48"
"0,87 : 219.94"
"0,88 : 279.18"
"0,89 : 137.36"
"0,90 : 297.2"
"0,91 : 340.42"
"0,92 : 115.84"
"0,93 : 182.04"
"0,94 : 646.88"
"0,95 : 552.82"
"0,96 : 316.65"
"0,97 : 302.08"
"0,98 : 362.63"
"0,99 : 471.25"
"1,0 : 156.28"
"1,1 : 0.0"
"1,2 : 341.44"
"1,3 : 885.41"
"1,4 : 585.41"
"1,5 : 598.3"
"1,6 : 120.88"
"1,7 : 274.81"
"1,8 : 305.74"
"1,9 : 699.44"
"1,10 : 619.27"
"1,11 : 244.74"
"1,12 : 206.35"
"1,13 : 49.01"
"1,14 : 440.59"
"1,15 : 646.0"
"1,16 : 223.26"
"1,17 : 700.79"
"1,18 : 269.12"
"1,19 : 657.04"
"1,20 : 381.47"
"1,21 : 130.15"
"1,22 : 807.06"
"1,23 : 212.98"
"1,24 : 695.71"
"1,25 : 113.64"
"1,26 : 582.19"
"1,27 : 395.36"
"1,28 : 474.65"
"1,29 : 415.39"
"1,30 : 361.66"
"1,31 : 52.39"
"1,32 : 305.08"
"1,33 : 198.28"
"1,34 : 743.28"
"1,35 : 571.83"
"1,36 : 688.39"
"1,37 : 263.86"
"1,38 : 206.7"
"1,39 : 286.78"
"1,40 : 509.58"
"1,41 : 719.12"
"1,42 : 620.66"
"1,43 : 608.84"
"1,44 : 84.72"
"1,45 : 456.36"
"1,46 : 266.32"
"1,47 : 311.28"
"1,48 : 463.73"
"1,49 : 347.19"
"1,50 : 353.02"
"1,51 : 526.38"
"1,52 : 604.5"
"1,53 : 499.22"
"1,54 : 622.68"
"1,55 : 773.31"
"1,56 : 803.48"
"1,57 : 776.03"
"1,58 : 336.04"
"1,59 : 40.02"
"1,60 : 210.72"
"1,61 : 696.29"
"1,62 : 930.34"
"1,63 : 272.53"
"1,64 : 350.75"
"1,65 : 732.55"
"1,66 : 383.85"
"1,67 : 181.84"
"1,68 : 603.16"
"1,69 : 956.08"
"1,70 : 244.18"
"1,71 : 146.44"
"1,72 : 810.73"
"1,73 : 761.17"
"1,74 : 544.77"
"1,75 : 817.27"
"1,76 : 630.47"
"1,77 : 399.45"
"1,78 : 884.6"
"1,79 : 317.0"
"1,80 : 282.08"
"1,81 : 209.12"
"1,82 : 870.2"
"1,83 : 568.57"
"1,84 : 116.38"
"1,85 : 484.81"
"1,86 : 828.61"
"1,87 : 370.15"
"1,88 : 414.66"
"1,89 : 201.25"
"1,90 : 452.62"
"1,91 : 489.83"
"1,92 : 268.64"
"1,93 : 245.17"
"1,94 : 706.59"
"1,95 : 632.48"
"1,96 : 342.62"
"1,97 : 296.52"
"1,98 : 498.98"
"1,99 : 516.98"
"2,0 : 227.11"
"2,1 : 341.44"
"2,2 : 0.0"
"2,3 : 626.98"
"2,4 : 299.8"
"2,5 : 267.17"
"2,6 : 372.37"
"2,7 : 313.29"
"2,8 : 204.12"
"2,9 : 390.33"
"2,10 : 533.82"
"2,11 : 549.07"
"2,12 : 139.85"
"2,13 : 353.24"
"2,14 : 219.0"
"2,15 : 669.3"
"2,16 : 564.66"
"2,17 : 472.31"
"2,18 : 384.89"
"2,19 : 472.15"
"2,20 : 473.86"
"2,21 : 395.3"
"2,22 : 490.64"
"2,23 : 412.75"
"2,24 : 566.56"
"2,25 : 289.38"
"2,26 : 724.26"
"2,27 : 278.38"
"2,28 : 151.32"
"2,29 : 73.98"
"2,30 : 60.13"
"2,31 : 385.63"
"2,32 : 510.22"
"2,33 : 523.01"
"2,34 : 845.95"
"2,35 : 401.03"
"2,36 : 643.53"
"2,37 : 208.94"
"2,38 : 329.71"
"2,39 : 139.32"
"2,40 : 677.73"
"2,41 : 377.87"
"2,42 : 441.6"
"2,43 : 620.95"
"2,44 : 408.65"
"2,45 : 356.45"
"2,46 : 523.78"
"2,47 : 580.91"
"2,48 : 433.2"
"2,49 : 199.9"
"2,50 : 54.08"
"2,51 : 581.06"
"2,52 : 668.0"
"2,53 : 286.63"
"2,54 : 583.13"
"2,55 : 477.77"
"2,56 : 500.07"
"2,57 : 586.25"
"2,58 : 103.0"
"2,59 : 301.44"
"2,60 : 529.1"
"2,61 : 723.14"
"2,62 : 646.05"
"2,63 : 572.2"
"2,64 : 421.9"
"2,65 : 392.73"
"2,66 : 278.4"
"2,67 : 221.38"
"2,68 : 264.07"
"2,69 : 702.01"
"2,70 : 421.59"
"2,71 : 351.3"
"2,72 : 622.44"
"2,73 : 433.82"
"2,74 : 660.49"
"2,75 : 504.92"
"2,76 : 430.92"
"2,77 : 118.19"
"2,78 : 631.5"
"2,79 : 69.38"
"2,80 : 455.72"
"2,81 : 511.45"
"2,82 : 657.84"
"2,83 : 397.03"
"2,84 : 247.87"
"2,85 : 205.08"
"2,86 : 616.76"
"2,87 : 131.69"
"2,88 : 366.77"
"2,89 : 351.92"
"2,90 : 221.51"
"2,91 : 359.56"
"2,92 : 224.09"
"2,93 : 387.78"
"2,94 : 809.15"
"2,95 : 332.67"
"2,96 : 524.98"
"2,97 : 522.96"
"2,98 : 427.69"
"2,99 : 287.27"
"3,0 : 729.13"
"3,1 : 885.41"
"3,2 : 626.98"
"3,3 : 0.0"
"3,4 : 733.62"
"3,5 : 598.21"
"3,6 : 836.0"
"3,7 : 652.64"
"3,8 : 580.45"
"3,9 : 273.34"
"3,10 : 431.19"
"3,11 : 979.53"
"3,12 : 741.43"
"3,13 : 919.48"
"3,14 : 446.72"
"3,15 : 635.71"
"3,16 : 1077.24"
"3,17 : 191.05"
"3,18 : 717.49"
"3,19 : 268.21"
"3,20 : 695.88"
"3,21 : 853.96"
"3,22 : 247.94"
"3,23 : 1025.85"
"3,24 : 343.33"
"3,25 : 780.33"
"3,26 : 849.14"
"3,27 : 502.31"
"3,28 : 483.62"
"3,29 : 584.32"
"3,30 : 572.98"
"3,31 : 906.58"
"3,32 : 838.07"
"3,33 : 992.36"
"3,34 : 851.54"
"3,35 : 340.35"
"3,36 : 509.54"
"3,37 : 835.92"
"3,38 : 949.92"
"3,39 : 765.78"
"3,40 : 864.82"
"3,41 : 464.71"
"3,42 : 298.61"
"3,43 : 604.05"
"3,44 : 911.6"
"3,45 : 471.38"
"3,46 : 904.74"
"3,47 : 952.46"
"3,48 : 536.64"
"3,49 : 538.28"
"3,50 : 581.75"
"3,51 : 662.14"
"3,52 : 701.16"
"3,53 : 386.29"
"3,54 : 511.04"
"3,55 : 783.4"
"3,56 : 193.08"
"3,57 : 204.92"
"3,58 : 719.45"
"3,59 : 851.39"
"3,60 : 1096.09"
"3,61 : 660.86"
"3,62 : 100.46"
"3,63 : 988.51"
"3,64 : 668.23"
"3,65 : 533.81"
"3,66 : 886.25"
"3,67 : 703.87"
"3,68 : 457.32"
"3,69 : 75.15"
"3,70 : 1040.2"
"3,71 : 955.55"
"3,72 : 203.02"
"3,73 : 644.24"
"3,74 : 779.1"
"3,75 : 225.82"
"3,76 : 272.36"
"3,77 : 692.2"
"3,78 : 17.69"
"3,79 : 694.59"
"3,80 : 785.81"
"3,81 : 951.89"
"3,82 : 140.66"
"3,83 : 342.12"
"3,84 : 839.28"
"3,85 : 714.68"
"3,86 : 141.99"
"3,87 : 529.23"
"3,88 : 534.5"
"3,89 : 751.07"
"3,90 : 435.93"
"3,91 : 428.07"
"3,92 : 620.53"
"3,93 : 744.09"
"3,94 : 830.47"
"3,95 : 713.08"
"3,96 : 816.9"
"3,97 : 868.08"
"3,98 : 479.4"
"3,99 : 809.21"
"4,0 : 513.44"
"4,1 : 585.41"
"4,2 : 299.8"
"4,3 : 733.62"
"4,4 : 0.0"
"4,5 : 136.13"
"4,6 : 650.4"
"4,7 : 613.07"
"4,8 : 500.29"
"4,9 : 460.33"
"4,10 : 789.95"
"4,11 : 820.58"
"4,12 : 389.3"
"4,13 : 576.79"
"4,14 : 465.45"
"4,15 : 952.6"
"4,16 : 797.72"
"4,17 : 641.17"
"4,18 : 683.97"
"4,19 : 679.29"
"4,20 : 773.09"
"4,21 : 672.3"
"4,22 : 513.88"
"4,23 : 553.39"
"4,24 : 797.17"
"4,25 : 569.39"
"4,26 : 1023.53"
"4,27 : 558.18"
"4,28 : 316.81"
"4,29 : 254.57"
"4,30 : 336.61"
"4,31 : 636.69"
"4,32 : 805.29"
"4,33 : 782.51"
"4,34 : 1140.28"
"4,35 : 631.08"
"4,36 : 907.09"
"4,37 : 338.01"
"4,38 : 467.86"
"4,39 : 298.74"
"4,40 : 977.47"
"4,41 : 299.71"
"4,42 : 658.44"
"4,43 : 903.6"
"4,44 : 666.01"
"4,45 : 628.85"
"4,46 : 809.9"
"4,47 : 865.55"
"4,48 : 717.31"
"4,49 : 487.02"
"4,50 : 337.33"
"4,51 : 873.91"
"4,52 : 959.68"
"4,53 : 516.23"
"4,54 : 852.78"
"4,55 : 187.98"
"4,56 : 553.25"
"4,57 : 771.99"
"4,58 : 252.36"
"4,59 : 549.18"
"4,60 : 722.85"
"4,61 : 1005.26"
"4,62 : 710.12"
"4,63 : 846.29"
"4,64 : 720.99"
"4,65 : 255.8"
"4,66 : 271.89"
"4,67 : 513.81"
"4,68 : 277.09"
"4,69 : 804.51"
"4,70 : 543.57"
"4,71 : 525.5"
"4,72 : 804.73"
"4,73 : 211.59"
"4,74 : 958.7"
"4,75 : 535.81"
"4,76 : 634.37"
"4,77 : 193.74"
"4,78 : 744.61"
"4,79 : 281.15"
"4,80 : 752.71"
"4,81 : 782.86"
"4,82 : 813.73"
"4,83 : 627.39"
"4,84 : 470.35"
"4,85 : 101.84"
"4,86 : 778.43"
"4,87 : 405.37"
"4,88 : 652.99"
"4,89 : 646.49"
"4,90 : 460.2"
"4,91 : 619.28"
"4,92 : 523.65"
"4,93 : 685.19"
"4,94 : 1103.98"
"4,95 : 54.08"
"4,96 : 822.77"
"4,97 : 815.29"
"4,98 : 700.61"
"4,99 : 109.62"
"5,0 : 494.26"
"5,1 : 598.3"
"5,2 : 267.17"
"5,3 : 598.21"
"5,4 : 136.13"
"5,5 : 0.0"
"5,6 : 639.4"
"5,7 : 563.17"
"5,8 : 441.95"
"5,9 : 325.19"
"5,10 : 687.67"
"5,11 : 815.79"
"5,12 : 392.06"
"5,13 : 600.86"
"5,14 : 373.36"
"5,15 : 865.76"
"5,16 : 819.98"
"5,17 : 514.66"
"5,18 : 640.78"
"5,19 : 561.08"
"5,20 : 715.36"
"5,21 : 662.29"
"5,22 : 378.57"
"5,23 : 613.73"
"5,24 : 683.79"
"5,25 : 556.38"
"5,26 : 963.04"
"5,27 : 478.87"
"5,28 : 219.21"
"5,29 : 198.95"
"5,30 : 280.23"
"5,31 : 646.0"
"5,32 : 772.03"
"5,33 : 787.23"
"5,34 : 1065.13"
"5,35 : 522.04"
"5,36 : 806.64"
"5,37 : 387.06"
"5,38 : 525.15"
"5,39 : 328.15"
"5,40 : 925.86"
"5,41 : 172.0"
"5,42 : 543.82"
"5,43 : 816.87"
"5,44 : 671.43"
"5,45 : 540.94"
"5,46 : 790.2"
"5,47 : 847.5"
"5,48 : 635.74"
"5,49 : 418.31"
"5,50 : 284.53"
"5,51 : 799.36"
"5,52 : 882.21"
"5,53 : 412.83"
"5,54 : 756.97"
"5,55 : 237.93"
"5,56 : 417.14"
"5,57 : 646.41"
"5,58 : 269.87"
"5,59 : 559.09"
"5,60 : 764.9"
"5,61 : 916.65"
"5,62 : 574.14"
"5,63 : 839.21"
"5,64 : 663.47"
"5,65 : 147.25"
"5,66 : 361.45"
"5,67 : 487.52"
"5,68 : 144.01"
"5,69 : 668.67"
"5,70 : 610.65"
"5,71 : 571.01"
"5,72 : 677.96"
"5,73 : 166.72"
"5,74 : 894.29"
"5,75 : 400.28"
"5,76 : 516.43"
"5,77 : 206.9"
"5,78 : 609.51"
"5,79 : 281.71"
"5,80 : 715.6"
"5,81 : 778.07"
"5,82 : 682.36"
"5,83 : 518.61"
"5,84 : 491.32"
"5,85 : 156.2"
"5,86 : 648.3"
"5,87 : 334.64"
"5,88 : 575.41"
"5,89 : 615.52"
"5,90 : 365.14"
"5,91 : 524.1"
"5,92 : 474.07"
"5,93 : 647.71"
"5,94 : 1030.06"
"5,95 : 119.1"
"5,96 : 782.77"
"5,97 : 786.91"
"5,98 : 610.58"
"5,99 : 227.98"
"6,0 : 146.17"
"6,1 : 120.88"
"6,2 : 372.37"
"6,3 : 836.0"
"6,4 : 650.4"
"6,5 : 639.4"
"6,6 : 0.0"
"6,7 : 189.38"
"6,8 : 264.5"
"6,9 : 682.23"
"6,10 : 525.95"
"6,11 : 177.18"
"6,12 : 261.56"
"6,13 : 168.67"
"6,14 : 406.77"
"6,15 : 531.15"
"6,16 : 241.48"
"6,17 : 646.25"
"6,18 : 158.66"
"6,19 : 589.74"
"6,20 : 265.42"
"6,21 : 23.02"
"6,22 : 791.34"
"6,23 : 333.01"
"6,24 : 610.04"
"6,25 : 83.02"
"6,26 : 461.85"
"6,27 : 333.91"
"6,28 : 479.4"
"6,29 : 443.63"
"6,30 : 373.13"
"6,31 : 96.03"
"6,32 : 186.59"
"6,33 : 162.86"
"6,34 : 622.4"
"6,35 : 505.66"
"6,36 : 583.52"
"6,37 : 357.29"
"6,38 : 324.68"
"6,39 : 360.94"
"6,40 : 390.48"
"6,41 : 737.09"
"6,42 : 553.67"
"6,43 : 496.41"
"6,44 : 82.76"
"6,45 : 379.86"
"6,46 : 162.53"
"6,47 : 216.0"
"6,48 : 367.18"
"6,49 : 308.29"
"6,50 : 366.02"
"6,51 : 410.24"
"6,52 : 485.99"
"6,53 : 454.14"
"6,54 : 518.96"
"6,55 : 837.11"
"6,56 : 779.19"
"6,57 : 704.89"
"6,58 : 398.54"
"6,59 : 129.53"
"6,60 : 289.4"
"6,61 : 580.17"
"6,62 : 891.97"
"6,63 : 199.83"
"6,64 : 240.84"
"6,65 : 761.44"
"6,66 : 482.6"
"6,67 : 158.91"
"6,68 : 616.72"
"6,69 : 903.01"
"6,70 : 364.66"
"6,71 : 267.22"
"6,72 : 737.9"
"6,73 : 805.88"
"6,74 : 423.95"
"6,75 : 798.37"
"6,76 : 569.61"
"6,77 : 457.3"
"6,78 : 832.94"
"6,79 : 369.99"
"6,80 : 161.3"
"6,81 : 140.0"
"6,82 : 803.48"
"6,83 : 502.9"
"6,84 : 210.84"
"6,85 : 548.59"
"6,86 : 762.99"
"6,87 : 357.08"
"6,88 : 328.18"
"6,89 : 95.71"
"6,90 : 420.35"
"6,91 : 418.67"
"6,92 : 220.95"
"6,93 : 131.4"
"6,94 : 585.71"
"6,95 : 692.57"
"6,96 : 222.46"
"6,97 : 182.22"
"6,98 : 409.91"
"6,99 : 596.98"
"7,0 : 152.74"
"7,1 : 274.81"
"7,2 : 313.29"
"7,3 : 652.64"
"7,4 : 613.07"
"7,5 : 563.17"
"7,6 : 189.38"
"7,7 : 0.0"
"7,8 : 123.08"
"7,9 : 526.74"
"7,10 : 344.48"
"7,11 : 329.39"
"7,12 : 274.21"
"7,13 : 321.29"
"7,14 : 248.26"
"7,15 : 395.9"
"7,16 : 429.28"
"7,17 : 461.79"
"7,18 : 81.5"
"7,19 : 401.07"
"7,20 : 162.19"
"7,21 : 204.36"
"7,22 : 634.45"
"7,23 : 474.81"
"7,24 : 423.39"
"7,25 : 162.27"
"7,26 : 411.69"
"7,27 : 152.61"
"7,28 : 363.56"
"7,29 : 367.27"
"7,30 : 283.65"
"7,31 : 275.48"
"7,32 : 219.58"
"7,33 : 339.91"
"7,34 : 542.78"
"7,35 : 317.69"
"7,36 : 418.02"
"7,37 : 405.58"
"7,38 : 435.51"
"7,39 : 374.39"
"7,40 : 364.99"
"7,41 : 621.76"
"7,42 : 365.2"
"7,43 : 352.64"
"7,44 : 270.8"
"7,45 : 190.51"
"7,46 : 264.78"
"7,47 : 319.48"
"7,48 : 189.84"
"7,49 : 157.71"
"7,50 : 280.44"
"7,51 : 287.47"
"7,52 : 374.16"
"7,53 : 280.52"
"7,54 : 351.85"
"7,55 : 788.0"
"7,56 : 614.41"
"7,57 : 515.55"
"7,58 : 385.01"
"7,59 : 255.93"
"7,60 : 473.57"
"7,61 : 449.42"
"7,62 : 714.65"
"7,63 : 341.66"
"7,64 : 111.61"
"7,65 : 660.26"
"7,66 : 525.5"
"7,67 : 131.73"
"7,68 : 501.67"
"7,69 : 717.65"
"7,70 : 501.93"
"7,71 : 400.0"
"7,72 : 548.52"
"7,73 : 726.47"
"7,74 : 350.45"
"7,75 : 638.23"
"7,76 : 383.02"
"7,77 : 426.52"
"7,78 : 648.52"
"7,79 : 346.56"
"7,80 : 160.53"
"7,81 : 299.84"
"7,82 : 614.49"
"7,83 : 315.1"
"7,84 : 298.74"
"7,85 : 517.3"
"7,86 : 574.23"
"7,87 : 233.93"
"7,88 : 140.89"
"7,89 : 98.6"
"7,90 : 262.39"
"7,91 : 229.94"
"7,92 : 89.89"
"7,93 : 99.14"
"7,94 : 505.33"
"7,95 : 644.01"
"7,96 : 221.98"
"7,97 : 242.07"
"7,98 : 224.7"
"7,99 : 591.22"
"8,0 : 149.94"
"8,1 : 305.74"
"8,2 : 204.12"
"8,3 : 580.45"
"8,4 : 500.29"
"8,5 : 441.95"
"8,6 : 264.5"
"8,7 : 123.08"
"8,8 : 0.0"
"8,9 : 419.24"
"8,10 : 359.0"
"8,11 : 430.03"
"8,12 : 213.0"
"8,13 : 342.8"
"8,14 : 142.27"
"8,15 : 468.7"
"8,16 : 501.5"
"8,17 : 395.06"
"8,18 : 203.81"
"8,19 : 355.88"
"8,20 : 274.61"
"8,21 : 285.24"
"8,22 : 528.25"
"8,23 : 470.94"
"8,24 : 415.01"
"8,25 : 200.41"
"8,26 : 524.42"
"8,27 : 100.22"
"8,28 : 240.68"
"8,29 : 249.02"
"8,30 : 165.0"
"8,31 : 326.56"
"8,32 : 340.84"
"8,33 : 426.93"
"8,34 : 641.9"
"8,35 : 271.46"
"8,36 : 457.53"
"8,37 : 344.22"
"8,38 : 411.59"
"8,39 : 296.14"
"8,40 : 484.0"
"8,41 : 499.79"
"8,42 : 319.88"
"8,43 : 421.09"
"8,44 : 333.95"
"8,45 : 177.23"
"8,46 : 377.53"
"8,47 : 434.17"
"8,48 : 235.03"
"8,49 : 43.83"
"8,50 : 163.25"
"8,51 : 377.0"
"8,52 : 464.07"
"8,53 : 194.26"
"8,54 : 393.64"
"8,55 : 670.22"
"8,56 : 514.72"
"8,57 : 476.06"
"8,58 : 291.16"
"8,59 : 273.64"
"8,60 : 516.38"
"8,61 : 522.85"
"8,62 : 630.15"
"8,63 : 446.59"
"8,64 : 222.44"
"8,65 : 537.24"
"8,66 : 451.37"
"8,67 : 123.91"
"8,68 : 379.27"
"8,69 : 650.54"
"8,70 : 492.41"
"8,71 : 395.9"
"8,72 : 511.68"
"8,73 : 604.15"
"8,74 : 458.51"
"8,75 : 534.51"
"8,76 : 326.22"
"8,77 : 321.81"
"8,78 : 579.19"
"8,79 : 251.35"
"8,80 : 282.11"
"8,81 : 396.29"
"8,82 : 566.9"
"8,83 : 267.9"
"8,84 : 280.32"
"8,85 : 408.75"
"8,86 : 525.03"
"8,87 : 110.86"
"8,88 : 168.55"
"8,89 : 198.46"
"8,90 : 155.86"
"8,91 : 198.4"
"8,92 : 43.97"
"8,93 : 216.92"
"8,94 : 605.17"
"8,95 : 527.64"
"8,96 : 345.05"
"8,97 : 361.17"
"8,98 : 241.4"
"8,99 : 490.41"
"9,0 : 549.76"
"9,1 : 699.44"
"9,2 : 390.33"
"9,3 : 273.34"
"9,4 : 460.33"
"9,5 : 325.19"
"9,6 : 682.23"
"9,7 : 526.74"
"9,8 : 419.24"
"9,9 : 0.0"
"9,10 : 469.05"
"9,11 : 849.0"
"9,12 : 522.14"
"9,13 : 723.96"
"9,14 : 279.3"
"9,15 : 678.87"
"9,16 : 912.78"
"9,17 : 221.46"
"9,18 : 605.66"
"9,19 : 298.84"
"9,20 : 629.09"
"9,21 : 703.62"
"9,22 : 109.11"
"9,23 : 802.76"
"9,24 : 426.88"
"9,25 : 610.58"
"9,26 : 842.83"
"9,27 : 381.58"
"9,28 : 239.02"
"9,29 : 333.4"
"9,30 : 347.02"
"9,31 : 732.11"
"9,32 : 742.12"
"9,33 : 845.09"
"9,34 : 898.29"
"9,35 : 304.91"
"9,36 : 582.81"
"9,37 : 593.78"
"9,38 : 719.97"
"9,39 : 522.57"
"9,40 : 832.41"
"9,41 : 209.75"
"9,42 : 299.28"
"9,43 : 634.53"
"9,44 : 745.47"
"9,45 : 397.26"
"9,46 : 791.3"
"9,47 : 846.2"
"9,48 : 492.67"
"9,49 : 376.26"
"9,50 : 356.24"
"9,51 : 654.8"
"9,52 : 721.34"
"9,53 : 255.13"
"9,54 : 552.28"
"9,55 : 523.36"
"9,56 : 109.99"
"9,57 : 347.82"
"9,58 : 469.88"
"9,59 : 661.15"
"9,60 : 903.93"
"9,61 : 720.79"
"9,62 : 262.98"
"9,63 : 864.69"
"9,64 : 586.03"
"9,65 : 280.07"
"9,66 : 626.62"
"9,67 : 528.91"
"9,68 : 184.14"
"9,69 : 345.08"
"9,70 : 811.88"
"9,71 : 738.87"
"9,72 : 373.87"
"9,73 : 390.77"
"9,74 : 769.09"
"9,75 : 117.83"
"9,76 : 262.41"
"9,77 : 432.9"
"9,78 : 284.34"
"9,79 : 451.98"
"9,80 : 683.7"
"9,81 : 815.52"
"9,82 : 363.8"
"9,83 : 303.32"
"9,84 : 628.43"
"9,85 : 444.73"
"9,86 : 333.95"
"9,87 : 330.04"
"9,88 : 456.84"
"9,89 : 615.83"
"9,90 : 265.2"
"9,91 : 359.49"
"9,92 : 463.21"
"9,93 : 625.88"
"9,94 : 868.62"
"9,95 : 441.29"
"9,96 : 734.43"
"9,97 : 767.3"
"9,98 : 444.78"
"9,99 : 537.5"
"10,0 : 484.21"
"10,1 : 619.27"
"10,2 : 533.82"
"10,3 : 431.19"
"10,4 : 789.95"
"10,5 : 687.67"
"10,6 : 525.95"
"10,7 : 344.48"
"10,8 : 359.0"
"10,9 : 469.05"
"10,10 : 0.0"
"10,11 : 620.88"
"10,12 : 572.0"
"10,13 : 665.37"
"10,14 : 326.04"
"10,15 : 214.17"
"10,16 : 753.9"
"10,17 : 274.07"
"10,18 : 372.06"
"10,19 : 180.5"
"10,20 : 303.04"
"10,21 : 535.96"
"10,22 : 545.57"
"10,23 : 814.47"
"10,24 : 98.88"
"10,25 : 506.29"
"10,26 : 418.02"
"10,27 : 261.93"
"10,28 : 473.94"
"10,29 : 544.83"
"10,30 : 476.92"
"10,31 : 617.64"
"10,32 : 455.81"
"10,33 : 653.21"
"10,34 : 435.54"
"10,35 : 170.48"
"10,36 : 119.33"
"10,37 : 702.64"
"10,38 : 765.05"
"10,39 : 650.22"
"10,40 : 438.32"
"10,41 : 655.13"
"10,42 : 170.39"
"10,43 : 175.65"
"10,44 : 608.71"
"10,45 : 182.27"
"10,46 : 533.87"
"10,47 : 570.2"
"10,48 : 159.01"
"10,49 : 341.35"
"10,50 : 480.8"
"10,51 : 233.32"
"10,52 : 271.53"
"10,53 : 275.19"
"10,54 : 85.07"
"10,55 : 924.21"
"10,56 : 499.01"
"10,57 : 234.8"
"10,58 : 634.05"
"10,59 : 598.76"
"10,60 : 814.91"
"10,61 : 252.23"
"10,62 : 523.03"
"10,63 : 621.55"
"10,64 : 297.06"
"10,65 : 717.97"
"10,66 : 804.12"
"10,67 : 458.39"
"10,68 : 564.54"
"10,69 : 472.7"
"10,70 : 839.58"
"10,71 : 738.87"
"10,72 : 255.33"
"10,73 : 817.33"
"10,74 : 348.69"
"10,75 : 536.46"
"10,76 : 207.97"
"10,77 : 647.14"
"10,78 : 419.31"
"10,79 : 595.44"
"10,80 : 416.47"
"10,81 : 602.85"
"10,82 : 334.66"
"10,83 : 173.25"
"10,84 : 629.36"
"10,85 : 718.48"
"10,86 : 304.63"
"10,87 : 402.75"
"10,88 : 205.68"
"10,89 : 430.24"
"10,90 : 330.07"
"10,91 : 174.61"
"10,92 : 374.25"
"10,93 : 401.43"
"10,94 : 409.41"
"10,95 : 799.58"
"10,96 : 424.01"
"10,97 : 487.63"
"10,98 : 121.6"
"10,99 : 812.41"
"11,0 : 323.35"
"11,1 : 244.74"
"11,2 : 549.07"
"11,3 : 979.53"
"11,4 : 820.58"
"11,5 : 815.79"
"11,6 : 177.18"
"11,7 : 329.39"
"11,8 : 430.03"
"11,9 : 849.0"
"11,10 : 620.88"
"11,11 : 0.0"
"11,12 : 431.78"
"11,13 : 273.63"
"11,14 : 570.2"
"11,15 : 563.41"
"11,16 : 162.25"
"11,17 : 788.5"
"11,18 : 262.65"
"11,19 : 720.43"
"11,20 : 320.8"
"11,21 : 154.16"
"11,22 : 957.84"
"11,23 : 412.1"
"11,24 : 714.89"
"11,25 : 259.85"
"11,26 : 419.0"
"11,27 : 482.0"
"11,28 : 654.84"
"11,29 : 620.71"
"11,30 : 550.0"
"11,31 : 192.82"
"11,32 : 172.24"
"11,33 : 65.19"
"11,34 : 589.0"
"11,35 : 640.57"
"11,36 : 648.83"
"11,37 : 508.3"
"11,38 : 438.68"
"11,39 : 525.05"
"11,40 : 338.02"
"11,41 : 913.56"
"11,42 : 685.89"
"11,43 : 541.58"
"11,44 : 160.02"
"11,45 : 509.52"
"11,46 : 90.79"
"11,47 : 90.43"
"11,48 : 466.83"
"11,49 : 472.75"
"11,50 : 543.01"
"11,51 : 445.07"
"11,52 : 498.84"
"11,53 : 609.27"
"11,54 : 590.84"
"11,55 : 1008.24"
"11,56 : 941.43"
"11,57 : 827.73"
"11,58 : 568.28"
"11,59 : 275.18"
"11,60 : 281.15"
"11,61 : 603.05"
"11,62 : 1043.89"
"11,63 : 28.32"
"11,64 : 325.32"
"11,65 : 938.62"
"11,66 : 628.38"
"11,67 : 335.12"
"11,68 : 792.91"
"11,69 : 1042.23"
"11,70 : 445.01"
"11,71 : 369.11"
"11,72 : 857.75"
"11,73 : 982.03"
"11,74 : 409.56"
"11,75 : 963.29"
"11,76 : 707.8"
"11,77 : 629.16"
"11,78 : 974.46"
"11,79 : 542.59"
"11,80 : 204.45"
"11,81 : 37.85"
"11,82 : 929.6"
"11,83 : 638.44"
"11,84 : 359.56"
"11,85 : 718.85"
"11,86 : 891.2"
"11,87 : 529.91"
"11,88 : 448.72"
"11,89 : 234.03"
"11,90 : 584.2"
"11,91 : 552.15"
"11,92 : 386.16"
"11,93 : 235.47"
"11,94 : 556.32"
"11,95 : 864.72"
"11,96 : 213.12"
"11,97 : 142.35"
"11,98 : 519.56"
"11,99 : 759.09"
"12,0 : 135.07"
"12,1 : 206.35"
"12,2 : 139.85"
"12,3 : 741.43"
"12,4 : 389.3"
"12,5 : 392.06"
"12,6 : 261.56"
"12,7 : 274.21"
"12,8 : 213.0"
"12,9 : 522.14"
"12,10 : 572.0"
"12,11 : 431.78"
"12,12 : 0.0"
"12,13 : 213.88"
"12,14 : 302.37"
"12,15 : 666.32"
"12,16 : 428.92"
"12,17 : 571.66"
"12,18 : 324.43"
"12,19 : 552.13"
"12,20 : 432.19"
"12,21 : 283.19"
"12,22 : 625.67"
"12,23 : 284.71"
"12,24 : 625.08"
"12,25 : 182.33"
"12,26 : 674.55"
"12,27 : 311.78"
"12,28 : 285.69"
"12,29 : 212.51"
"12,30 : 175.17"
"12,31 : 254.16"
"12,32 : 427.31"
"12,33 : 397.29"
"12,34 : 815.14"
"12,35 : 471.59"
"12,36 : 668.34"
"12,37 : 133.42"
"12,38 : 210.2"
"12,39 : 104.65"
"12,40 : 616.23"
"12,41 : 516.48"
"12,42 : 517.81"
"12,43 : 620.88"
"12,44 : 280.72"
"12,45 : 390.13"
"12,46 : 422.64"
"12,47 : 477.38"
"12,48 : 441.13"
"12,49 : 236.41"
"12,50 : 165.95"
"12,51 : 561.49"
"12,52 : 648.35"
"12,53 : 370.82"
"12,54 : 603.46"
"12,55 : 576.63"
"12,56 : 630.66"
"12,57 : 671.53"
"12,58 : 137.06"
"12,59 : 167.03"
"12,60 : 389.31"
"12,61 : 720.37"
"12,62 : 770.64"
"12,63 : 457.17"
"12,64 : 384.36"
"12,65 : 526.81"
"12,66 : 251.34"
"12,67 : 146.17"
"12,68 : 403.89"
"12,69 : 815.49"
"12,70 : 299.04"
"12,71 : 217.14"
"12,72 : 707.85"
"12,73 : 555.71"
"12,74 : 619.32"
"12,75 : 638.68"
"12,76 : 516.07"
"12,77 : 197.43"
"12,78 : 743.87"
"12,79 : 111.76"
"12,80 : 380.59"
"12,81 : 393.97"
"12,82 : 753.96"
"12,83 : 467.74"
"12,84 : 108.24"
"12,85 : 287.46"
"12,86 : 711.99"
"12,87 : 213.35"
"12,88 : 376.61"
"12,89 : 272.28"
"12,90 : 310.42"
"12,91 : 408.2"
"12,92 : 204.16"
"12,93 : 317.04"
"12,94 : 777.58"
"12,95 : 432.95"
"12,96 : 451.45"
"12,97 : 432.95"
"12,98 : 453.69"
"12,99 : 338.12"
"13,0 : 193.09"
"13,1 : 49.01"
"13,2 : 353.24"
"13,3 : 919.48"
"13,4 : 576.79"
"13,5 : 600.86"
"13,6 : 168.67"
"13,7 : 321.29"
"13,8 : 342.8"
"13,9 : 723.96"
"13,10 : 665.37"
"13,11 : 273.63"
"13,12 : 213.88"
"13,13 : 0.0"
"13,14 : 473.05"
"13,15 : 695.0"
"13,16 : 221.27"
"13,17 : 737.11"
"13,18 : 318.08"
"13,19 : 697.04"
"13,20 : 430.46"
"13,21 : 175.84"
"13,22 : 830.4"
"13,23 : 164.4"
"13,24 : 740.04"
"13,25 : 159.1"
"13,26 : 628.48"
"13,27 : 435.79"
"13,28 : 493.73"
"13,29 : 426.35"
"13,30 : 380.62"
"13,31 : 85.45"
"13,32 : 350.41"
"13,33 : 219.69"
"13,34 : 790.67"
"13,35 : 611.96"
"13,36 : 736.39"
"13,37 : 244.92"
"13,38 : 166.6"
"13,39 : 279.3"
"13,40 : 554.78"
"13,41 : 730.36"
"13,42 : 660.75"
"13,43 : 657.73"
"13,44 : 118.07"
"13,45 : 499.63"
"13,46 : 306.2"
"13,47 : 347.32"
"13,48 : 510.78"
"13,49 : 382.7"
"13,50 : 371.65"
"13,51 : 575.38"
"13,52 : 653.34"
"13,53 : 534.24"
"13,54 : 670.56"
"13,55 : 763.82"
"13,56 : 829.8"
"13,57 : 816.62"
"13,58 : 333.22"
"13,59 : 69.34"
"13,60 : 180.01"
"13,61 : 745.3"
"13,62 : 960.79"
"13,63 : 301.92"
"13,64 : 399.61"
"13,65 : 739.19"
"13,66 : 358.23"
"13,67 : 219.67"
"13,68 : 617.19"
"13,69 : 991.05"
"13,70 : 196.0"
"13,71 : 101.12"
"13,72 : 851.67"
"13,73 : 760.72"
"13,74 : 592.53"
"13,75 : 841.67"
"13,76 : 668.9"
"13,77 : 397.28"
"13,78 : 919.35"
"13,79 : 319.62"
"13,80 : 329.95"
"13,81 : 240.52"
"13,82 : 909.35"
"13,83 : 608.59"
"13,84 : 109.55"
"13,85 : 478.07"
"13,86 : 867.57"
"13,87 : 397.48"
"13,88 : 460.18"
"13,89 : 250.16"
"13,90 : 484.46"
"13,91 : 531.69"
"13,92 : 308.25"
"13,93 : 294.17"
"13,94 : 754.12"
"13,95 : 625.84"
"13,96 : 388.97"
"13,97 : 339.89"
"13,98 : 544.61"
"13,99 : 501.15"
"14,0 : 284.87"
"14,1 : 440.59"
"14,2 : 219.0"
"14,3 : 446.72"
"14,4 : 465.45"
"14,5 : 373.36"
"14,6 : 406.77"
"14,7 : 248.26"
"14,8 : 142.27"
"14,9 : 279.3"
"14,10 : 326.04"
"14,11 : 570.2"
"14,12 : 302.37"
"14,13 : 473.05"
"14,14 : 0.0"
"14,15 : 492.49"
"14,16 : 643.01"
"14,17 : 269.79"
"14,18 : 328.39"
"14,19 : 254.83"
"14,20 : 367.75"
"14,21 : 427.4"
"14,22 : 387.82"
"14,23 : 583.32"
"14,24 : 348.66"
"14,25 : 340.69"
"14,26 : 603.89"
"14,27 : 114.49"
"14,28 : 154.21"
"14,29 : 219.16"
"14,30 : 159.03"
"14,31 : 466.0"
"14,32 : 466.09"
"14,33 : 569.09"
"14,34 : 693.76"
"14,35 : 182.1"
"14,36 : 441.95"
"14,37 : 415.22"
"14,38 : 512.52"
"14,39 : 351.49"
"14,40 : 578.73"
"14,41 : 388.07"
"14,42 : 223.09"
"14,43 : 443.56"
"14,44 : 475.23"
"14,45 : 167.6"
"14,46 : 512.29"
"14,47 : 567.59"
"14,48 : 263.82"
"14,49 : 98.49"
"14,50 : 165.05"
"14,51 : 429.9"
"14,52 : 510.55"
"14,53 : 69.38"
"14,54 : 387.49"
"14,55 : 611.14"
"14,56 : 372.54"
"14,57 : 371.87"
"14,58 : 322.01"
"14,59 : 405.44"
"14,60 : 650.75"
"14,61 : 543.74"
"14,62 : 490.2"
"14,63 : 585.48"
"14,64 : 319.68"
"14,65 : 436.93"
"14,66 : 497.26"
"14,67 : 260.86"
"14,68 : 274.14"
"14,69 : 519.06"
"14,70 : 600.25"
"14,71 : 511.17"
"14,72 : 408.27"
"14,73 : 520.79"
"14,74 : 532.2"
"14,75 : 393.13"
"14,76 : 215.67"
"14,77 : 324.97"
"14,78 : 447.23"
"14,79 : 286.63"
"14,80 : 407.18"
"14,81 : 537.27"
"14,82 : 451.63"
"14,83 : 178.1"
"14,84 : 394.21"
"14,85 : 392.58"
"14,86 : 409.7"
"14,87 : 91.68"
"14,88 : 207.66"
"14,89 : 336.65"
"14,90 : 14.14"
"14,91 : 153.83"
"14,92 : 185.93"
"14,93 : 347.31"
"14,94 : 659.4"
"14,95 : 479.0"
"14,96 : 462.25"
"14,97 : 489.98"
"14,98 : 237.54"
"14,99 : 487.34"
"15,0 : 548.35"
"15,1 : 646.0"
"15,2 : 669.3"
"15,3 : 635.71"
"15,4 : 952.6"
"15,5 : 865.76"
"15,6 : 531.15"
"15,7 : 395.9"
"15,8 : 468.7"
"15,9 : 678.87"
"15,10 : 214.17"
"15,11 : 563.41"
"15,12 : 666.32"
"15,13 : 695.0"
"15,14 : 492.49"
"15,15 : 0.0"
"15,16 : 718.82"
"15,17 : 488.08"
"15,18 : 377.06"
"15,19 : 394.64"
"15,20 : 265.75"
"15,21 : 532.17"
"15,22 : 759.13"
"15,23 : 857.46"
"15,24 : 292.39"
"15,25 : 545.03"
"15,26 : 234.8"
"15,27 : 394.79"
"15,28 : 646.69"
"15,29 : 698.77"
"15,30 : 620.2"
"15,31 : 626.92"
"15,32 : 392.51"
"15,33 : 612.87"
"15,34 : 221.38"
"15,35 : 374.54"
"15,36 : 132.44"
"15,37 : 799.33"
"15,38 : 828.2"
"15,39 : 760.99"
"15,40 : 283.75"
"15,41 : 855.28"
"15,42 : 383.11"
"15,43 : 49.04"
"15,44 : 607.52"
"15,45 : 325.21"
"15,46 : 472.99"
"15,47 : 489.36"
"15,48 : 236.38"
"15,49 : 469.92"
"15,50 : 621.48"
"15,51 : 121.82"
"15,52 : 79.88"
"15,53 : 459.4"
"15,54 : 129.12"
"15,55 : 1103.61"
"15,56 : 713.14"
"15,57 : 432.0"
"15,58 : 759.85"
"15,59 : 638.13"
"15,60 : 809.83"
"15,61 : 54.23"
"15,62 : 731.17"
"15,63 : 554.34"
"15,64 : 296.82"
"15,65 : 914.45"
"15,66 : 915.38"
"15,67 : 527.54"
"15,68 : 755.42"
"15,69 : 668.08"
"15,70 : 887.09"
"15,71 : 785.47"
"15,72 : 443.23"
"15,73 : 1007.89"
"15,74 : 182.98"
"15,75 : 750.43"
"15,76 : 420.8"
"15,77 : 787.41"
"15,78 : 622.26"
"15,79 : 720.05"
"15,80 : 379.89"
"15,81 : 558.14"
"15,82 : 522.49"
"15,83 : 376.47"
"15,84 : 692.63"
"15,85 : 869.52"
"15,86 : 500.2"
"15,87 : 548.15"
"15,88 : 302.54"
"15,89 : 445.09"
"15,90 : 500.68"
"15,91 : 343.48"
"15,92 : 463.95"
"15,93 : 401.12"
"15,94 : 195.97"
"15,95 : 970.27"
"15,96 : 350.44"
"15,97 : 421.17"
"15,98 : 255.27"
"15,99 : 956.49"
"16,0 : 363.09"
"16,1 : 223.26"
"16,2 : 564.66"
"16,3 : 1077.24"
"16,4 : 797.72"
"16,5 : 819.98"
"16,6 : 241.48"
"16,7 : 429.28"
"16,8 : 501.5"
"16,9 : 912.78"
"16,10 : 753.9"
"16,11 : 162.25"
"16,12 : 428.92"
"16,13 : 221.27"
"16,14 : 643.01"
"16,15 : 718.82"
"16,16 : 0.0"
"16,17 : 887.69"
"16,18 : 382.4"
"16,19 : 830.35"
"16,20 : 464.72"
"16,21 : 224.93"
"16,22 : 1021.44"
"16,23 : 303.2"
"16,24 : 843.05"
"16,25 : 302.83"
"16,26 : 581.09"
"16,27 : 575.35"
"16,28 : 694.81"
"16,29 : 638.62"
"16,30 : 582.56"
"16,31 : 181.84"
"16,32 : 326.64"
"16,33 : 105.95"
"16,34 : 751.07"
"16,35 : 746.68"
"16,36 : 795.17"
"16,37 : 462.96"
"16,38 : 357.31"
"16,39 : 500.58"
"16,40 : 500.02"
"16,41 : 942.19"
"16,42 : 794.42"
"16,43 : 693.41"
"16,44 : 167.84"
"16,45 : 619.43"
"16,46 : 248.09"
"16,47 : 251.1"
"16,48 : 595.54"
"16,49 : 545.2"
"16,50 : 574.17"
"16,51 : 598.41"
"16,52 : 657.53"
"16,53 : 693.96"
"16,54 : 734.12"
"16,55 : 984.34"
"16,56 : 1013.49"
"16,57 : 944.21"
"16,58 : 554.0"
"16,59 : 263.23"
"16,60 : 133.15"
"16,61 : 760.76"
"16,62 : 1131.4"
"16,63 : 181.4"
"16,64 : 457.81"
"16,65 : 955.61"
"16,66 : 567.34"
"16,67 : 384.16"
"16,68 : 825.59"
"16,69 : 1144.48"
"16,70 : 333.21"
"16,71 : 286.99"
"16,72 : 976.55"
"16,73 : 981.25"
"16,74 : 570.92"
"16,75 : 1030.17"
"16,76 : 811.01"
"16,77 : 618.01"
"16,78 : 1074.34"
"16,79 : 538.27"
"16,80 : 344.85"
"16,81 : 160.72"
"16,82 : 1043.7"
"16,83 : 743.98"
"16,84 : 330.0"
"16,85 : 699.32"
"16,86 : 1003.52"
"16,87 : 583.02"
"16,88 : 564.63"
"16,89 : 331.69"
"16,90 : 656.14"
"16,91 : 659.21"
"16,92 : 459.05"
"16,93 : 353.0"
"16,94 : 718.55"
"16,95 : 847.06"
"16,96 : 369.42"
"16,97 : 299.59"
"16,98 : 643.28"
"16,99 : 718.96"
"17,0 : 544.87"
"17,1 : 700.79"
"17,2 : 472.31"
"17,3 : 191.05"
"17,4 : 641.17"
"17,5 : 514.66"
"17,6 : 646.25"
"17,7 : 461.79"
"17,8 : 395.06"
"17,9 : 221.46"
"17,10 : 274.07"
"17,11 : 788.5"
"17,12 : 571.66"
"17,13 : 737.11"
"17,14 : 269.79"
"17,15 : 488.08"
"17,16 : 887.69"
"17,17 : 0.0"
"17,18 : 526.59"
"17,19 : 93.74"
"17,20 : 509.75"
"17,21 : 663.81"
"17,22 : 276.85"
"17,23 : 853.05"
"17,24 : 211.68"
"17,25 : 593.3"
"17,26 : 682.46"
"17,27 : 312.35"
"17,28 : 346.3"
"17,29 : 444.63"
"17,30 : 413.95"
"17,31 : 719.31"
"17,32 : 648.82"
"17,33 : 801.64"
"17,34 : 709.33"
"17,35 : 150.88"
"17,36 : 376.73"
"17,37 : 678.37"
"17,38 : 781.85"
"17,39 : 610.95"
"17,40 : 689.28"
"17,41 : 428.89"
"17,42 : 114.53"
"17,43 : 449.11"
"17,44 : 722.95"
"17,45 : 281.06"
"17,46 : 714.24"
"17,47 : 762.64"
"17,48 : 352.43"
"17,49 : 354.41"
"17,50 : 421.91"
"17,51 : 492.07"
"17,52 : 543.38"
"17,53 : 203.67"
"17,54 : 358.99"
"17,55 : 733.62"
"17,56 : 226.64"
"17,57 : 131.9"
"17,58 : 571.9"
"17,59 : 668.26"
"17,60 : 911.39"
"17,61 : 523.21"
"17,62 : 263.91"
"17,63 : 797.65"
"17,64 : 479.4"
"17,65 : 498.21"
"17,66 : 745.66"
"17,67 : 518.97"
"17,68 : 372.31"
"17,69 : 256.85"
"17,70 : 870.0"
"17,71 : 780.55"
"17,72 : 163.59"
"17,73 : 607.19"
"17,74 : 610.07"
"17,75 : 265.23"
"17,76 : 82.86"
"17,77 : 556.94"
"17,78 : 186.82"
"17,79 : 541.65"
"17,80 : 595.71"
"17,81 : 760.87"
"17,82 : 185.59"
"17,83 : 152.28"
"17,84 : 663.46"
"17,85 : 599.03"
"17,86 : 144.93"
"17,87 : 358.68"
"17,88 : 344.69"
"17,89 : 560.3"
"17,90 : 261.24"
"17,91 : 237.54"
"17,92 : 433.46"
"17,93 : 553.07"
"17,94 : 683.48"
"17,95 : 633.75"
"17,96 : 629.29"
"17,97 : 678.47"
"17,98 : 295.79"
"17,99 : 697.12"
"18,0 : 190.83"
"18,1 : 269.12"
"18,2 : 384.89"
"18,3 : 717.49"
"18,4 : 683.97"
"18,5 : 640.78"
"18,6 : 158.66"
"18,7 : 81.5"
"18,8 : 203.81"
"18,9 : 605.66"
"18,10 : 372.06"
"18,11 : 262.65"
"18,12 : 324.43"
"18,13 : 318.08"
"18,14 : 328.39"
"18,15 : 377.06"
"18,16 : 382.4"
"18,17 : 526.59"
"18,18 : 0.0"
"18,19 : 457.9"
"18,20 : 115.21"
"18,21 : 165.31"
"18,22 : 712.7"
"18,23 : 480.46"
"18,24 : 460.73"
"18,25 : 170.75"
"18,26 : 350.14"
"18,27 : 226.53"
"18,28 : 444.49"
"18,29 : 443.26"
"18,30 : 360.57"
"18,31 : 254.24"
"18,32 : 138.18"
"18,33 : 284.34"
"18,34 : 494.63"
"18,35 : 378.01"
"18,36 : 424.89"
"18,37 : 449.17"
"18,38 : 455.57"
"18,39 : 428.42"
"18,40 : 294.92"
"18,41 : 703.14"
"18,42 : 423.25"
"18,43 : 339.85"
"18,44 : 240.08"
"18,45 : 246.89"
"18,46 : 189.16"
"18,47 : 241.58"
"18,48 : 213.28"
"18,49 : 239.21"
"18,50 : 356.62"
"18,51 : 258.52"
"18,52 : 339.93"
"18,53 : 355.82"
"18,54 : 360.51"
"18,55 : 862.17"
"18,56 : 690.55"
"18,57 : 566.79"
"18,58 : 447.12"
"18,59 : 261.84"
"18,60 : 447.1"
"18,61 : 427.92"
"18,62 : 784.42"
"18,63 : 271.06"
"18,64 : 82.38"
"18,65 : 740.95"
"18,66 : 573.33"
"18,67 : 178.75"
"18,68 : 582.9"
"18,69 : 779.63"
"18,70 : 510.34"
"18,71 : 409.06"
"18,72 : 597.77"
"18,73 : 805.13"
"18,74 : 296.45"
"18,75 : 715.66"
"18,76 : 445.42"
"18,77 : 493.87"
"18,78 : 712.11"
"18,79 : 410.34"
"18,80 : 79.1"
"18,81 : 237.77"
"18,82 : 668.1"
"18,83 : 375.93"
"18,84 : 323.5"
"18,85 : 586.0"
"18,86 : 629.23"
"18,87 : 314.59"
"18,88 : 186.47"
"18,89 : 68.03"
"18,90 : 342.47"
"18,91 : 289.66"
"18,92 : 167.03"
"18,93 : 29.41"
"18,94 : 457.08"
"18,95 : 717.39"
"18,96 : 142.09"
"18,97 : 161.7"
"18,98 : 261.43"
"18,99 : 654.4"
"19,0 : 504.14"
"19,1 : 657.04"
"19,2 : 472.15"
"19,3 : 268.21"
"19,4 : 679.29"
"19,5 : 561.08"
"19,6 : 589.74"
"19,7 : 401.07"
"19,8 : 355.88"
"19,9 : 298.84"
"19,10 : 180.5"
"19,11 : 720.43"
"19,12 : 552.13"
"19,13 : 697.04"
"19,14 : 254.83"
"19,15 : 394.64"
"19,16 : 830.35"
"19,17 : 93.74"
"19,18 : 457.9"
"19,19 : 0.0"
"19,20 : 428.05"
"19,21 : 605.42"
"19,22 : 366.82"
"19,23 : 825.35"
"19,24 : 128.82"
"19,25 : 545.63"
"19,26 : 590.04"
"19,27 : 261.67"
"19,28 : 368.26"
"19,29 : 458.86"
"19,30 : 412.04"
"19,31 : 669.63"
"19,32 : 572.45"
"19,33 : 739.16"
"19,34 : 615.98"
"19,35 : 85.21"
"19,36 : 286.53"
"19,37 : 669.67"
"19,38 : 760.54"
"19,39 : 606.3"
"19,40 : 599.58"
"19,41 : 498.08"
"19,42 : 36.4"
"19,43 : 355.37"
"19,44 : 669.52"
"19,45 : 211.78"
"19,46 : 641.92"
"19,47 : 687.59"
"19,48 : 268.53"
"19,49 : 320.37"
"19,50 : 418.76"
"19,51 : 400.12"
"19,52 : 449.72"
"19,53 : 185.83"
"19,54 : 265.52"
"19,55 : 789.79"
"19,56 : 318.85"
"19,57 : 120.3"
"19,58 : 574.84"
"19,59 : 627.7"
"19,60 : 865.67"
"19,61 : 430.81"
"19,62 : 351.52"
"19,63 : 727.32"
"19,64 : 402.55"
"19,65 : 565.09"
"19,66 : 750.4"
"19,67 : 477.44"
"19,68 : 424.59"
"19,69 : 323.8"
"19,70 : 845.22"
"19,71 : 750.89"
"19,72 : 156.26"
"19,73 : 670.72"
"19,74 : 518.08"
"19,75 : 356.72"
"19,76 : 44.92"
"19,77 : 570.28"
"19,78 : 259.83"
"19,79 : 540.68"
"19,80 : 522.08"
"19,81 : 695.21"
"19,82 : 214.01"
"19,83 : 88.48"
"19,84 : 634.33"
"19,85 : 624.73"
"19,86 : 173.25"
"19,87 : 346.35"
"19,88 : 271.8"
"19,89 : 499.12"
"19,90 : 250.8"
"19,91 : 171.14"
"19,92 : 388.85"
"19,93 : 485.8"
"19,94 : 589.85"
"19,95 : 678.76"
"19,96 : 549.65"
"19,97 : 603.0"
"19,98 : 211.29"
"19,99 : 722.67"
"20,0 : 301.9"
"20,1 : 381.47"
"20,2 : 473.86"
"20,3 : 695.88"
"20,4 : 773.09"
"20,5 : 715.36"
"20,6 : 265.42"
"20,7 : 162.19"
"20,8 : 274.61"
"20,9 : 629.09"
"20,10 : 303.04"
"20,11 : 320.8"
"20,12 : 432.19"
"20,13 : 430.46"
"20,14 : 367.75"
"20,15 : 265.75"
"20,16 : 464.72"
"20,17 : 509.75"
"20,18 : 115.21"
"20,19 : 428.05"
"20,20 : 0.0"
"20,21 : 266.72"
"20,22 : 731.0"
"20,23 : 593.94"
"20,24 : 399.8"
"20,25 : 285.96"
"20,26 : 250.45"
"20,27 : 253.72"
"20,28 : 505.75"
"20,29 : 523.58"
"20,30 : 439.53"
"20,31 : 361.17"
"20,32 : 152.79"
"20,33 : 360.12"
"20,34 : 383.02"
"20,35 : 359.44"
"20,36 : 330.49"
"20,37 : 560.38"
"20,38 : 570.77"
"20,39 : 534.46"
"20,40 : 212.08"
"20,41 : 755.29"
"20,42 : 397.5"
"20,43 : 232.66"
"20,44 : 342.29"
"20,45 : 235.94"
"20,46 : 231.9"
"20,47 : 267.37"
"20,48 : 159.82"
"20,49 : 297.86"
"20,50 : 437.4"
"20,51 : 145.0"
"20,52 : 224.76"
"20,53 : 374.13"
"20,54 : 270.51"
"20,55 : 944.83"
"20,56 : 700.58"
"20,57 : 522.95"
"20,58 : 547.11"
"20,59 : 376.49"
"20,60 : 546.44"
"20,61 : 315.0"
"20,62 : 773.51"
"20,63 : 319.39"
"20,64 : 52.2"
"20,65 : 800.75"
"20,66 : 683.06"
"20,67 : 286.27"
"20,68 : 638.72"
"20,69 : 750.85"
"20,70 : 624.29"
"20,71 : 523.44"
"20,72 : 549.77"
"20,73 : 875.22"
"20,74 : 188.35"
"20,75 : 730.33"
"20,76 : 426.95"
"20,77 : 588.31"
"20,78 : 687.88"
"20,79 : 508.74"
"20,80 : 119.87"
"20,81 : 307.0"
"20,82 : 625.66"
"20,83 : 358.5"
"20,84 : 438.41"
"20,85 : 678.57"
"20,86 : 590.12"
"20,87 : 380.94"
"20,88 : 173.05"
"20,89 : 182.32"
"20,90 : 380.78"
"20,91 : 278.34"
"20,92 : 249.83"
"20,93 : 136.37"
"20,94 : 345.44"
"20,95 : 802.01"
"20,96 : 122.8"
"20,97 : 184.62"
"20,98 : 216.92"
"20,99 : 753.4"
"21,0 : 169.19"
"21,1 : 130.15"
"21,2 : 395.3"
"21,3 : 853.96"
"21,4 : 672.3"
"21,5 : 662.29"
"21,6 : 23.02"
"21,7 : 204.36"
"21,8 : 285.24"
"21,9 : 703.62"
"21,10 : 535.96"
"21,11 : 154.16"
"21,12 : 283.19"
"21,13 : 175.84"
"21,14 : 427.4"
"21,15 : 532.17"
"21,16 : 224.93"
"21,17 : 663.81"
"21,18 : 165.31"
"21,19 : 605.42"
"21,20 : 266.72"
"21,21 : 0.0"
"21,22 : 812.73"
"21,23 : 339.09"
"21,24 : 621.85"
"21,25 : 105.93"
"21,26 : 452.64"
"21,27 : 351.65"
"21,28 : 502.13"
"21,29 : 466.63"
"21,30 : 396.1"
"21,31 : 96.42"
"21,32 : 174.96"
"21,33 : 141.69"
"21,34 : 615.33"
"21,35 : 521.79"
"21,36 : 589.45"
"21,37 : 375.6"
"21,38 : 336.38"
"21,39 : 381.59"
"21,40 : 379.46"
"21,41 : 760.0"
"21,42 : 569.5"
"21,43 : 499.0"
"21,44 : 75.71"
"21,45 : 394.66"
"21,46 : 143.22"
"21,47 : 195.23"
"21,48 : 376.96"
"21,49 : 328.93"
"21,50 : 389.01"
"21,51 : 410.67"
"21,52 : 484.07"
"21,53 : 473.44"
"21,54 : 525.52"
"21,55 : 859.2"
"21,56 : 799.93"
"21,57 : 719.6"
"21,58 : 420.23"
"21,59 : 144.5"
"21,60 : 282.08"
"21,61 : 580.18"
"21,62 : 911.22"
"21,63 : 176.92"
"21,64 : 246.35"
"21,65 : 784.46"
"21,66 : 500.37"
"21,67 : 181.71"
"21,68 : 639.59"
"21,69 : 920.39"
"21,70 : 371.29"
"21,71 : 276.15"
"21,72 : 752.23"
"21,73 : 828.74"
"21,74 : 417.92"
"21,75 : 819.52"
"21,76 : 586.41"
"21,77 : 479.4"
"21,78 : 850.6"
"21,79 : 392.17"
"21,80 : 156.63"
"21,81 : 117.0"
"21,82 : 818.83"
"21,83 : 519.12"
"21,84 : 227.85"
"21,85 : 570.46"
"21,86 : 778.6"
"21,87 : 379.32"
"21,88 : 341.09"
"21,89 : 107.45"
"21,90 : 441.08"
"21,91 : 434.28"
"21,92 : 241.47"
"21,93 : 136.7"
"21,94 : 578.96"
"21,95 : 714.79"
"21,96 : 213.14"
"21,97 : 167.29"
"21,98 : 421.6"
"21,99 : 617.56"
"22,0 : 658.36"
"22,1 : 807.06"
"22,2 : 490.64"
"22,3 : 247.94"
"22,4 : 513.88"
"22,5 : 378.57"
"22,6 : 791.34"
"22,7 : 634.45"
"22,8 : 528.25"
"22,9 : 109.11"
"22,10 : 545.57"
"22,11 : 957.84"
"22,12 : 625.67"
"22,13 : 830.4"
"22,14 : 387.82"
"22,15 : 759.13"
"22,16 : 1021.44"
"22,17 : 276.85"
"22,18 : 712.7"
"22,19 : 366.82"
"22,20 : 731.0"
"22,21 : 812.73"
"22,22 : 0.0"
"22,23 : 903.2"
"22,24 : 488.43"
"22,25 : 719.46"
"22,26 : 936.3"
"22,27 : 487.34"
"22,28 : 340.22"
"22,29 : 428.51"
"22,30 : 451.27"
"22,31 : 840.52"
"22,32 : 848.4"
"22,33 : 954.2"
"22,34 : 980.29"
"22,35 : 391.78"
"22,36 : 652.95"
"22,37 : 688.9"
"22,38 : 818.8"
"22,39 : 618.05"
"22,40 : 930.62"
"22,41 : 224.22"
"22,42 : 376.09"
"22,43 : 717.21"
"22,44 : 854.28"
"22,45 : 496.49"
"22,46 : 899.19"
"22,47 : 953.73"
"22,48 : 588.71"
"22,49 : 485.16"
"22,50 : 460.43"
"22,51 : 746.42"
"22,52 : 807.82"
"22,53 : 359.09"
"22,54 : 630.45"
"22,55 : 539.88"
"22,56 : 57.69"
"22,57 : 384.11"
"22,58 : 562.83"
"22,59 : 768.49"
"22,60 : 1010.2"
"22,61 : 797.3"
"22,62 : 198.73"
"22,63 : 973.3"
"22,64 : 689.65"
"22,65 : 290.39"
"22,66 : 710.02"
"22,67 : 637.77"
"22,68 : 254.33"
"22,69 : 307.17"
"22,70 : 910.65"
"22,71 : 841.36"
"22,72 : 402.2"
"22,73 : 399.02"
"22,74 : 862.62"
"22,75 : 23.02"
"22,76 : 338.42"
"22,77 : 519.61"
"22,78 : 263.49"
"22,79 : 548.8"
"22,80 : 790.28"
"22,81 : 924.5"
"22,82 : 370.09"
"22,83 : 390.91"
"22,84 : 732.89"
"22,85 : 516.99"
"22,86 : 350.6"
"22,87 : 438.47"
"22,88 : 558.02"
"22,89 : 724.46"
"22,90 : 373.76"
"22,91 : 456.5"
"22,92 : 572.22"
"22,93 : 733.53"
"22,94 : 952.48"
"22,95 : 484.87"
"22,96 : 839.22"
"22,97 : 874.13"
"22,98 : 537.76"
"22,99 : 603.33"
"23,0 : 330.59"
"23,1 : 212.98"
"23,2 : 412.75"
"23,3 : 1025.85"
"23,4 : 553.39"
"23,5 : 613.73"
"23,6 : 333.01"
"23,7 : 474.81"
"23,8 : 470.94"
"23,9 : 802.76"
"23,10 : 814.47"
"23,11 : 412.1"
"23,12 : 284.71"
"23,13 : 164.4"
"23,14 : 583.32"
"23,15 : 857.46"
"23,16 : 303.2"
"23,17 : 853.05"
"23,18 : 480.46"
"23,19 : 825.35"
"23,20 : 593.94"
"23,21 : 339.09"
"23,22 : 903.2"
"23,23 : 0.0"
"23,24 : 882.42"
"23,25 : 314.57"
"23,26 : 790.97"
"23,27 : 569.87"
"23,28 : 563.94"
"23,29 : 476.62"
"23,30 : 457.9"
"23,31 : 244.44"
"23,32 : 512.3"
"23,33 : 349.52"
"23,34 : 954.41"
"23,35 : 741.81"
"23,36 : 892.73"
"23,37 : 226.93"
"23,38 : 88.64"
"23,39 : 291.89"
"23,40 : 715.87"
"23,41 : 766.56"
"23,42 : 789.79"
"23,43 : 819.01"
"23,44 : 273.72"
"23,45 : 640.89"
"23,46 : 461.15"
"23,47 : 495.29"
"23,48 : 664.27"
"23,49 : 505.0"
"23,50 : 448.74"
"23,51 : 738.63"
"23,52 : 817.42"
"23,53 : 650.07"
"23,54 : 826.59"
"23,55 : 729.93"
"23,56 : 912.21"
"23,57 : 945.64"
"23,58 : 351.14"
"23,59 : 220.23"
"23,60 : 187.22"
"23,61 : 908.32"
"23,62 : 1054.76"
"23,63 : 439.81"
"23,64 : 561.03"
"23,65 : 760.13"
"23,66 : 291.0"
"23,67 : 356.88"
"23,68 : 666.21"
"23,69 : 1099.7"
"23,70 : 33.12"
"23,71 : 75.69"
"23,72 : 981.58"
"23,73 : 757.53"
"23,74 : 756.66"
"23,75 : 917.67"
"23,76 : 792.54"
"23,77 : 409.26"
"23,78 : 1027.99"
"23,79 : 356.43"
"23,80 : 494.22"
"23,81 : 384.89"
"23,82 : 1032.73"
"23,83 : 738.16"
"23,84 : 191.02"
"23,85 : 467.44"
"23,86 : 990.67"
"23,87 : 496.86"
"23,88 : 608.97"
"23,89 : 412.44"
"23,90 : 592.49"
"23,91 : 668.11"
"23,92 : 444.33"
"23,93 : 457.58"
"23,94 : 918.0"
"23,95 : 606.8"
"23,96 : 551.92"
"23,97 : 499.35"
"23,98 : 692.88"
"23,99 : 457.12"
"24,0 : 552.49"
"24,1 : 695.71"
