x,y
836,166
699,463
824,748
963,241
197,959
264,347
218,483
38,275
201,706
126,867
633,613
719,814
335,792
133,581
356,449
105,650
637,855
730,992
261,741
159,817
213,769
187,664
286,284
596,517
835,208
744,135
579,560
263,526
680,401
870,489
364,569
499,196
711,750
682,679
452,854
502,549
496,820
527,230
788,276
8,714
824,910
769,713
157,124
826,195
67,809
609,840
878,770
343,107
70,445
88,819
63,290
901,599
978,795
942,265
183,589
515,343
824,757
716,981
664,144
670,982
853,241
909,904
333,274
443,737
599,594
596,32
468,566
719,396
262,417
812,289
245,552
1,29
962,124
49,952
210,208
118,184
992,111
256,657
684,854
909,41
968,601
529,90
704,75
449,387
915,831
860,267
302,369
301,249
318,714
485,468
860,338
579,943
265,651
675,429
968,966
508,460
940,687
8,861
621,793
106,820

Distanze
"0,0 : 0.0"
"0,1 : 347.07"
"0,2 : 320.78"
"0,3 : 608.52"
"0,4 : 60.46"
"0,5 : 556.1"
"0,6 : 786.19"
"0,7 : 814.54"
"0,8 : 521.6"
"0,9 : 615.97"
"0,10 : 286.58"
"0,11 : 580.64"
"0,12 : 743.39"
"0,13 : 360.94"
"0,14 : 741.11"
"0,15 : 619.71"
"0,16 : 287.39"
"0,17 : 176.77"
"0,18 : 174.52"
"0,19 : 552.15"
"0,20 : 720.68"
"0,21 : 157.92"
"0,22 : 237.47"
"0,23 : 580.45"
"0,24 : 321.57"
"0,25 : 894.52"
"0,26 : 308.27"
"0,27 : 229.8"
"0,28 : 53.08"
"0,29 : 807.63"
"0,30 : 517.43"
"0,31 : 606.6"
"0,32 : 551.05"
"0,33 : 398.18"
"0,34 : 415.04"
"0,35 : 578.29"
"0,36 : 715.74"
"0,37 : 400.24"
"0,38 : 307.19"
"0,39 : 660.44"
"0,40 : 481.35"
"0,41 : 363.94"
"0,42 : 638.45"
"0,43 : 521.49"
"0,44 : 423.52"
"0,45 : 500.22"
"0,46 : 351.46"
"0,47 : 103.58"
"0,48 : 425.01"
"0,49 : 349.61"
"0,50 : 541.56"
"0,51 : 712.77"
"0,52 : 348.21"
"0,53 : 492.87"
"0,54 : 259.22"
"0,55 : 421.51"
"0,56 : 147.36"
"0,57 : 257.23"
"0,58 : 551.71"
"0,59 : 429.53"
"0,60 : 577.74"
"0,61 : 380.82"
"0,62 : 635.33"
"0,63 : 544.81"
"0,64 : 632.64"
"0,65 : 304.95"
"0,66 : 832.83"
"0,67 : 763.61"
"0,68 : 180.5"
"0,69 : 501.75"
"0,70 : 757.72"
"0,71 : 385.13"
"0,72 : 289.85"
"0,73 : 767.49"
"0,74 : 726.7"
"0,75 : 909.71"
"0,76 : 831.12"
"0,77 : 175.82"
"0,78 : 545.21"
"0,79 : 821.88"
"0,80 : 729.33"
"0,81 : 437.39"
"0,82 : 852.27"
"0,83 : 573.97"
"0,84 : 314.55"
"0,85 : 179.74"
"0,86 : 267.86"
"0,87 : 296.25"
"0,88 : 596.15"
"0,89 : 509.91"
"0,90 : 291.62"
"0,91 : 750.65"
"0,92 : 803.48"
"0,93 : 411.8"
"0,94 : 699.19"
"0,95 : 211.27"
"0,96 : 190.88"
"0,97 : 259.33"
"0,98 : 527.77"
"0,99 : 329.67"
"1,0 : 347.07"
"1,1 : 0.0"
"1,2 : 254.54"
"1,3 : 296.16"
"1,4 : 316.94"
"1,5 : 459.23"
"1,6 : 475.93"
"1,7 : 573.47"
"1,8 : 291.21"
"1,9 : 434.17"
"1,10 : 113.18"
"1,11 : 433.92"
"1,12 : 432.45"
"1,13 : 667.44"
"1,14 : 442.0"
"1,15 : 502.12"
"1,16 : 499.05"
"1,17 : 398.56"
"1,18 : 212.13"
"1,19 : 220.41"
"1,20 : 381.54"
"1,21 : 264.64"
"1,22 : 546.61"
"1,23 : 365.31"
"1,24 : 625.67"
"1,25 : 594.59"
"1,26 : 381.65"
"1,27 : 571.66"
"1,28 : 300.19"
"1,29 : 555.55"
"1,30 : 198.09"
"1,31 : 261.22"
"1,32 : 613.46"
"1,33 : 280.68"
"1,34 : 276.14"
"1,35 : 459.28"
"1,36 : 397.61"
"1,37 : 408.68"
"1,38 : 101.43"
"1,39 : 717.71"
"1,40 : 503.48"
"1,41 : 669.35"
"1,42 : 419.39"
"1,43 : 283.8"
"1,44 : 382.23"
"1,45 : 301.25"
"1,46 : 408.92"
"1,47 : 417.17"
"1,48 : 333.95"
"1,49 : 497.82"
"1,50 : 345.33"
"1,51 : 365.83"
"1,52 : 182.21"
"1,53 : 450.89"
"1,54 : 88.77"
"1,55 : 451.89"
"1,56 : 369.23"
"1,57 : 248.65"
"1,58 : 384.15"
"1,59 : 237.69"
"1,60 : 234.92"
"1,61 : 335.02"
"1,62 : 636.84"
"1,63 : 211.85"
"1,64 : 360.03"
"1,65 : 54.38"
"1,66 : 502.08"
"1,67 : 582.86"
"1,68 : 373.97"
"1,69 : 547.22"
"1,70 : 492.07"
"1,71 : 194.12"
"1,72 : 565.14"
"1,73 : 436.29"
"1,74 : 502.02"
"1,75 : 587.58"
"1,76 : 602.99"
"1,77 : 454.76"
"1,78 : 410.86"
"1,79 : 475.68"
"1,80 : 462.25"
"1,81 : 539.56"
"1,82 : 629.69"
"1,83 : 227.77"
"1,84 : 407.42"
"1,85 : 518.68"
"1,86 : 459.59"
"1,87 : 179.69"
"1,88 : 658.84"
"1,89 : 174.48"
"1,90 : 469.14"
"1,91 : 418.06"
"1,92 : 480.07"
"1,93 : 332.8"
"1,94 : 445.58"
"1,95 : 146.03"
"1,96 : 282.03"
"1,97 : 419.53"
"1,98 : 190.02"
"1,99 : 571.2"
"2,0 : 320.78"
"2,1 : 254.54"
"2,2 : 0.0"
"2,3 : 354.83"
"2,4 : 261.7"
"2,5 : 248.56"
"2,6 : 711.66"
"2,7 : 499.12"
"2,8 : 544.27"
"2,9 : 683.75"
"2,10 : 314.36"
"2,11 : 676.29"
"2,12 : 472.44"
"2,13 : 508.99"
"2,14 : 684.94"
"2,15 : 307.88"
"2,16 : 584.57"
"2,17 : 243.65"
"2,18 : 159.67"
"2,19 : 453.31"
"2,20 : 589.09"
"2,21 : 163.05"
"2,22 : 409.35"
"2,23 : 618.14"
"2,24 : 470.07"
"2,25 : 833.02"
"2,26 : 532.18"
"2,27 : 478.18"
"2,28 : 307.09"
"2,29 : 495.63"
"2,30 : 442.9"
"2,31 : 460.4"
"2,32 : 788.26"
"2,33 : 503.29"
"2,34 : 506.01"
"2,35 : 695.43"
"2,36 : 630.89"
"2,37 : 154.26"
"2,38 : 153.39"
"2,39 : 898.89"
"2,40 : 690.5"
"2,41 : 509.56"
"2,42 : 322.74"
"2,43 : 224.36"
"2,44 : 586.25"
"2,45 : 549.71"
"2,46 : 160.11"
"2,47 : 323.05"
"2,48 : 552.67"
"2,49 : 266.61"
"2,50 : 225.28"
"2,51 : 540.16"
"2,52 : 87.09"
"2,53 : 210.39"
"2,54 : 238.17"
"2,55 : 197.34"
"2,56 : 432.48"
"2,57 : 412.06"
"2,58 : 231.04"
"2,59 : 130.08"
"2,60 : 384.98"
"2,61 : 85.44"
"2,62 : 839.14"
"2,63 : 334.48"
"2,64 : 612.68"
"2,65 : 207.0"
"2,66 : 717.35"
"2,67 : 443.19"
"2,68 : 455.69"
"2,69 : 726.48"
"2,70 : 453.03"
"2,71 : 431.65"
"2,72 : 394.18"
"2,73 : 654.1"
"2,74 : 409.5"
"2,75 : 809.82"
"2,76 : 512.72"
"2,77 : 315.82"
"2,78 : 226.6"
"2,79 : 619.23"
"2,80 : 714.15"
"2,81 : 690.78"
"2,82 : 532.84"
"2,83 : 398.56"
"2,84 : 551.42"
"2,85 : 427.02"
"2,86 : 259.14"
"2,87 : 76.06"
"2,88 : 835.43"
"2,89 : 313.69"
"2,90 : 573.2"
"2,91 : 509.34"
"2,92 : 704.96"
"2,93 : 546.76"
"2,94 : 392.02"
"2,95 : 184.76"
"2,96 : 397.78"
"2,97 : 528.21"
"2,98 : 331.7"
"2,99 : 375.59"
"3,0 : 608.52"
"3,1 : 296.16"
"3,2 : 354.83"
"3,3 : 0.0"
"3,4 : 562.3"
"3,5 : 382.93"
"3,6 : 480.42"
"3,7 : 310.5"
"3,8 : 477.13"
"3,9 : 618.49"
"3,10 : 407.71"
"3,11 : 643.6"
"3,12 : 137.32"
"3,13 : 862.37"
"3,14 : 480.05"
"3,15 : 386.46"
"3,16 : 794.79"
"3,17 : 590.95"
"3,18 : 438.99"
"3,19 : 286.04"
"3,20 : 321.35"
"3,21 : 476.86"
"3,22 : 756.62"
"3,23 : 539.45"
"3,24 : 822.65"
"3,25 : 595.34"
"3,26 : 674.26"
"3,27 : 810.69"
"3,28 : 571.01"
"3,29 : 284.89"
"3,30 : 314.45"
"3,31 : 222.69"
"3,32 : 890.58"
"3,33 : 542.07"
"3,34 : 529.31"
"3,35 : 681.08"
"3,36 : 406.84"
"3,37 : 455.38"
"3,38 : 301.42"
"3,39 : 988.2"
"3,40 : 777.44"
"3,41 : 863.12"
"3,42 : 218.11"
"3,43 : 155.21"
"3,44 : 651.13"
"3,45 : 509.9"
"3,46 : 493.86"
"3,47 : 649.93"
"3,48 : 593.62"
"3,49 : 611.42"
"3,50 : 219.82"
"3,51 : 236.56"
"3,52 : 280.32"
"3,53 : 432.19"
"3,54 : 375.16"
"3,55 : 495.43"
"3,56 : 660.17"
"3,57 : 542.85"
"3,58 : 268.73"
"3,59 : 229.47"
"3,60 : 124.89"
"3,61 : 382.03"
"3,62 : 893.59"
"3,63 : 97.74"
"3,64 : 470.22"
"3,65 : 315.3"
"3,66 : 441.42"
"3,67 : 377.47"
"3,68 : 667.97"
"3,69 : 824.03"
"3,70 : 216.28"
"3,71 : 450.01"
"3,72 : 748.27"
"3,73 : 391.86"
"3,74 : 267.25"
"3,75 : 536.78"
"3,76 : 348.21"
"3,77 : 660.98"
"3,78 : 318.69"
"3,79 : 276.74"
"3,80 : 548.48"
"3,81 : 828.25"
"3,82 : 376.83"
"3,83 : 156.67"
"3,84 : 700.69"
"3,85 : 757.2"
"3,86 : 613.86"
"3,87 : 328.44"
"3,88 : 933.69"
"3,89 : 130.92"
"3,90 : 765.3"
"3,91 : 154.55"
"3,92 : 448.94"
"3,93 : 597.29"
"3,94 : 190.6"
"3,95 : 399.05"
"3,96 : 577.72"
"3,97 : 715.69"
"3,98 : 124.08"
"3,99 : 729.91"
"4,0 : 60.46"
"4,1 : 316.94"
"4,2 : 261.7"
"4,3 : 562.3"
"4,4 : 0.0"
"4,5 : 495.63"
"4,6 : 773.7"
"4,7 : 757.72"
"4,8 : 522.44"
"4,9 : 628.21"
"4,10 : 275.18"
"4,11 : 597.91"
"4,12 : 695.42"
"4,13 : 361.09"
"4,14 : 731.41"
"4,15 : 559.27"
"4,16 : 344.52"
"4,17 : 134.09"
"4,18 : 123.49"
"4,19 : 530.71"
"4,20 : 696.84"
"4,21 : 98.68"
"4,22 : 236.78"
"4,23 : 585.87"
"4,24 : 319.86"
"4,25 : 885.73"
"4,26 : 347.75"
"4,27 : 255.57"
"4,28 : 74.33"
"4,29 : 751.73"
"4,30 : 499.35"
"4,31 : 578.16"
"4,32 : 597.68"
"4,33 : 412.25"
"4,34 : 426.63"
"4,35 : 599.98"
"4,36 : 700.32"
"4,37 : 340.9"
"4,38 : 263.17"
"4,39 : 708.13"
"4,40 : 521.14"
"4,41 : 363.57"
"4,42 : 581.36"
"4,43 : 467.47"
"4,44 : 451.64"
"4,45 : 505.9"
"4,46 : 293.8"
"4,47 : 101.41"
"4,48 : 445.19"
"4,49 : 302.45"
"4,50 : 484.15"
"4,51 : 681.56"
"4,52 : 294.68"
"4,53 : 432.83"
"4,54 : 233.0"
"4,55 : 363.63"
"4,56 : 198.73"
"4,57 : 275.57"
"4,58 : 492.74"
"4,59 : 374.21"
"4,60 : 540.85"
"4,61 : 320.37"
"4,62 : 675.86"
"4,63 : 504.4"
"4,64 : 627.87"
"4,65 : 269.74"
"4,66 : 813.37"
"4,67 : 703.96"
"4,68 : 229.93"
"4,69 : 545.22"
"4,70 : 703.4"
"4,71 : 385.51"
"4,72 : 274.21"
"4,73 : 747.6"
"4,74 : 669.28"
"4,75 : 893.92"
"4,76 : 773.36"
"4,77 : 156.11"
"4,78 : 485.23"
"4,79 : 786.61"
"4,80 : 727.21"
"4,81 : 486.34"
"4,82 : 794.09"
"4,83 : 539.86"
"4,84 : 357.51"
"4,85 : 202.16"
"4,86 : 225.08"
"4,87 : 242.53"
"4,88 : 643.57"
"4,89 : 470.86"
"4,90 : 345.23"
"4,91 : 707.95"
"4,92 : 786.78"
"4,93 : 433.2"
"4,94 : 644.19"
"4,95 : 173.22"
"4,96 : 219.02"
"4,97 : 309.2"
"4,98 : 489.22"
"4,99 : 303.42"
"5,0 : 556.1"
"5,1 : 459.23"
"5,2 : 248.56"
"5,3 : 382.93"
"5,4 : 495.63"
"5,5 : 0.0"
"5,6 : 843.46"
"5,7 : 341.29"
"5,8 : 744.07"
"5,9 : 890.3"
"5,10 : 545.64"
"5,11 : 893.08"
"5,12 : 437.89"
"5,13 : 639.01"
"5,14 : 830.95"
"5,15 : 65.19"
"5,16 : 830.56"
"5,17 : 430.45"
"5,18 : 407.29"
"5,19 : 604.04"
"5,20 : 693.94"
"5,21 : 400.82"
"5,22 : 574.42"
"5,23 : 817.45"
"5,24 : 608.51"
"5,25 : 963.41"
"5,26 : 779.64"
"5,27 : 666.57"
"5,28 : 550.57"
"5,29 : 353.39"
"5,30 : 610.18"
"5,31 : 575.76"
"5,32 : 1034.62"
"5,33 : 733.1"
"5,34 : 732.01"
"5,35 : 918.09"
"5,36 : 764.31"
"5,37 : 177.72"
"5,38 : 371.85"
"5,39 : 1144.7"
"5,40 : 934.18"
"5,41 : 638.04"
"5,42 : 204.71"
"5,43 : 235.28"
"5,44 : 824.47"
"5,45 : 759.2"
"5,46 : 239.53"
"5,47 : 531.66"
"5,48 : 784.9"
"5,49 : 340.42"
"5,50 : 163.27"
"5,51 : 617.28"
"5,52 : 282.38"
"5,53 : 87.57"
"5,54 : 472.47"
"5,55 : 189.32"
"5,56 : 678.56"
"5,57 : 656.22"
"5,58 : 114.49"
"5,59 : 224.77"
"5,60 : 477.54"
"5,61 : 175.42"
"5,62 : 1079.78"
"5,63 : 425.31"
"5,64 : 786.12"
"5,65 : 426.09"
"5,66 : 819.37"
"5,67 : 230.43"
"5,68 : 703.07"
"5,69 : 971.85"
"5,70 : 344.19"
"5,71 : 651.96"
"5,72 : 528.8"
"5,73 : 764.6"
"5,74 : 256.18"
"5,75 : 915.24"
"5,76 : 336.22"
"5,77 : 496.97"
"5,78 : 64.26"
"5,79 : 653.19"
"5,80 : 881.02"
"5,81 : 938.95"
"5,82 : 346.67"
"5,83 : 503.72"
"5,84 : 799.46"
"5,85 : 622.39"
"5,86 : 392.59"
"5,87 : 310.94"
"5,88 : 1081.72"
"5,89 : 426.52"
"5,90 : 821.0"
"5,91 : 513.97"
"5,92 : 820.87"
"5,93 : 780.94"
"5,94 : 289.55"
"5,95 : 430.25"
"5,96 : 646.07"
"5,97 : 776.51"
"5,98 : 438.1"
"5,99 : 482.34"
"6,0 : 786.19"
"6,1 : 475.93"
"6,2 : 711.66"
"6,3 : 480.42"
"6,4 : 773.7"
"6,5 : 843.46"
"6,6 : 0.0"
"6,7 : 759.8"
"6,8 : 294.36"
"6,9 : 325.78"
"6,10 : 500.14"
"6,11 : 384.57"
"6,12 : 522.82"
"6,13 : 1133.93"
"6,14 : 56.32"
"6,15 : 859.46"
"6,16 : 803.97"
"6,17 : 872.07"
"6,18 : 685.21"
"6,19 : 258.96"
"6,20 : 162.81"
"6,21 : 738.4"
"6,22 : 1010.23"
"6,23 : 280.72"
"6,24 : 1092.35"
"6,25 : 121.76"
"6,26 : 637.36"
"6,27 : 1015.45"
"6,28 : 733.39"
"6,29 : 728.29"
"6,30 : 278.43"
"6,31 : 267.71"
"6,32 : 723.08"
"6,33 : 449.23"
"6,34 : 425.82"
"6,35 : 429.27"
"6,36 : 80.99"
"6,37 : 857.56"
"6,38 : 570.07"
"6,39 : 779.94"
"6,40 : 624.48"
"6,41 : 1136.21"
"6,42 : 698.52"
"6,43 : 609.27"
"6,44 : 523.84"
"6,45 : 335.26"
"6,46 : 871.72"
"6,47 : 874.71"
"6,48 : 467.66"
"6,49 : 970.24"
"6,50 : 684.49"
"6,51 : 258.92"
"6,52 : 626.08"
"6,53 : 870.46"
"6,54 : 545.18"
"6,55 : 901.8"
"6,56 : 739.85"
"6,57 : 564.77"
"6,58 : 734.94"
"6,59 : 635.34"
"6,60 : 367.31"
"6,61 : 778.58"
"6,62 : 661.05"
"6,63 : 418.37"
"6,64 : 175.0"
"6,65 : 530.3"
"6,66 : 105.12"
"6,67 : 854.35"
"6,68 : 724.59"
"6,69 : 669.59"
"6,70 : 663.82"
"6,71 : 412.24"
"6,72 : 1037.18"
"6,73 : 100.18"
"6,74 : 740.07"
"6,75 : 130.74"
"6,76 : 801.65"
"6,77 : 923.05"
"6,78 : 780.82"
"6,79 : 327.02"
"6,80 : 140.12"
"6,81 : 726.77"
"6,82 : 829.43"
"6,83 : 339.86"
"6,84 : 661.55"
"6,85 : 965.91"
"6,86 : 935.51"
"6,87 : 644.48"
"6,88 : 749.74"
"6,89 : 418.79"
"6,90 : 758.93"
"6,91 : 431.42"
"6,92 : 58.52"
"6,93 : 481.87"
"6,94 : 660.61"
"6,95 : 616.31"
"6,96 : 637.06"
"6,97 : 720.92"
"6,98 : 405.8"
"6,99 : 1046.69"
"7,0 : 814.54"
"7,1 : 573.47"
"7,2 : 499.12"
"7,3 : 310.5"
"7,4 : 757.72"
"7,5 : 341.29"
"7,6 : 759.8"
"7,7 : 0.0"
"7,8 : 787.41"
"7,9 : 928.91"
"7,10 : 685.71"
"7,11 : 953.71"
"7,12 : 238.1"
"7,13 : 970.59"
"7,14 : 770.76"
"7,15 : 292.58"
"7,16 : 1050.39"
"7,17 : 733.2"
"7,18 : 641.84"
"7,19 : 595.63"
"7,20 : 597.24"
"7,21 : 659.69"
"7,22 : 892.01"
"7,23 : 849.85"
"7,24 : 937.09"
"7,25 : 862.96"
"7,26 : 953.06"
"7,27 : 972.59"
"7,28 : 791.2"
"7,29 : 33.02"
"7,30 : 624.95"
"7,31 : 525.04"
"7,32 : 1185.52"
"7,33 : 842.14"
"7,34 : 831.65"
"7,35 : 990.53"
"7,36 : 695.44"
"7,37 : 505.87"
"7,38 : 536.22"
"7,39 : 1287.29"
"7,40 : 1073.98"
"7,41 : 970.03"
"7,42 : 176.5"
"7,43 : 300.61"
"7,44 : 949.47"
"7,45 : 819.2"
"7,46 : 565.19"
"7,47 : 821.4"
"7,48 : 894.92"
"7,49 : 676.37"
"7,50 : 273.98"
"7,51 : 500.9"
"7,52 : 469.66"
"7,53 : 427.66"
"7,54 : 633.82"
"7,55 : 527.04"
"7,56 : 903.54"
"7,57 : 819.62"
"7,58 : 276.01"
"7,59 : 386.12"
"7,60 : 433.65"
"7,61 : 468.0"
"7,62 : 1197.86"
"7,63 : 406.37"
"7,64 : 776.71"
"7,65 : 572.48"
"7,66 : 695.97"
"7,67 : 149.8"
"7,68 : 919.07"
"7,69 : 1119.01"
"7,70 : 97.17"
"7,71 : 749.97"
"7,72 : 857.03"
"7,73 : 662.16"
"7,74 : 91.01"
"7,75 : 783.89"
"7,76 : 42.3"
"7,77 : 804.76"
"7,78 : 305.76"
"7,79 : 469.05"
"7,80 : 847.72"
"7,81 : 1112.52"
"7,82 : 69.64"
"7,83 : 465.14"
"7,84 : 977.96"
"7,85 : 923.2"
"7,86 : 716.61"
"7,87 : 520.22"
"7,88 : 1230.19"
"7,89 : 434.83"
"7,90 : 1028.25"
"7,91 : 333.19"
"7,92 : 717.08"
"7,93 : 896.94"
"7,94 : 128.06"
"7,95 : 629.48"
"7,96 : 838.82"
"7,97 : 979.19"
"7,98 : 432.01"
"7,99 : 816.72"
"8,0 : 521.6"
"8,1 : 291.21"
"8,2 : 544.27"
"8,3 : 477.13"
"8,4 : 522.44"
"8,5 : 744.07"
"8,6 : 294.36"
"8,7 : 787.41"
"8,8 : 0.0"
"8,9 : 147.38"
"8,10 : 254.1"
"8,11 : 166.6"
"8,12 : 583.95"
"8,13 : 880.87"
"8,14 : 240.34"
"8,15 : 780.77"
"8,16 : 509.61"
"8,17 : 639.88"
"8,18 : 462.39"
"8,19 : 199.9"
"8,20 : 314.67"
"8,21 : 513.6"
"8,22 : 756.34"
"8,23 : 74.11"
"8,24 : 840.41"
"8,25 : 384.22"
"8,26 : 343.11"
"8,27 : 745.17"
"8,28 : 468.85"
"8,29 : 761.97"
"8,30 : 163.47"
"8,31 : 285.95"
"8,32 : 462.77"
"8,33 : 154.87"
"8,34 : 131.47"
"8,35 : 206.04"
"8,36 : 248.7"
"8,37 : 698.48"
"8,38 : 391.05"
"8,39 : 541.91"
"8,40 : 353.48"
"8,41 : 883.64"
"8,42 : 665.47"
"8,43 : 539.64"
"8,44 : 238.0"
"8,45 : 45.28"
"8,46 : 693.48"
"8,47 : 619.07"
"8,48 : 177.63"
"8,49 : 770.06"
"8,50 : 611.73"
"8,51 : 374.77"
"8,52 : 473.08"
"8,53 : 741.6"
"8,54 : 321.86"
"8,55 : 741.08"
"8,56 : 453.26"
"8,57 : 278.76"
"8,58 : 656.87"
"8,59 : 519.35"
"8,60 : 357.29"
"8,61 : 626.04"
"8,62 : 433.5"
"8,63 : 381.29"
"8,64 : 120.77"
"8,65 : 337.48"
"8,66 : 374.83"
"8,67 : 834.08"
"8,68 : 434.9"
"8,69 : 401.45"
"8,70 : 693.27"
"8,71 : 137.06"
"8,72 : 796.02"
"8,73 : 321.4"
"8,74 : 735.24"
"8,75 : 425.1"
"8,76 : 824.2"
"8,77 : 678.15"
"8,78 : 690.76"
"8,79 : 494.27"
"8,80 : 208.69"
"8,81 : 444.0"
"8,82 : 852.68"
"8,83 : 327.39"
"8,84 : 367.61"
"8,85 : 699.1"
"8,86 : 717.34"
"8,87 : 468.43"
"8,88 : 498.06"
"8,89 : 355.87"
"8,90 : 464.62"
"8,91 : 522.35"
"8,92 : 332.12"
"8,93 : 190.65"
"8,94 : 664.02"
"8,95 : 394.94"
"8,96 : 352.87"
"8,97 : 426.76"
"8,98 : 356.14"
"8,99 : 817.86"
"9,0 : 615.97"
"9,1 : 434.17"
"9,2 : 683.75"
"9,3 : 618.49"
"9,4 : 628.21"
"9,5 : 890.3"
"9,6 : 325.78"
"9,7 : 928.91"
"9,8 : 147.38"
"9,9 : 0.0"
"9,10 : 379.12"
"9,11 : 61.39"
"9,12 : 717.28"
"9,13 : 976.28"
"9,14 : 270.97"
"9,15 : 927.88"
"9,16 : 534.2"
"9,17 : 754.25"
"9,18 : 586.94"
"9,19 : 334.25"
"9,20 : 407.59"
"9,21 : 635.43"
"9,22 : 853.42"
"9,23 : 79.06"
"9,24 : 937.42"
"9,25 : 372.9"
"9,26 : 371.72"
"9,27 : 826.64"
"9,28 : 565.56"
"9,29 : 902.43"
"9,30 : 304.44"
"9,31 : 413.76"
"9,32 : 399.66"
"9,33 : 217.81"
"9,34 : 201.68"
"9,35 : 104.0"
"9,36 : 315.78"
"9,37 : 837.32"
"9,38 : 531.74"
"9,39 : 454.57"
"9,40 : 308.76"
"9,41 : 979.4"
"9,42 : 811.8"
"9,43 : 686.9"
"9,44 : 235.2"
"9,45 : 134.06"
"9,46 : 827.87"
"9,47 : 718.16"
"9,48 : 200.25"
"9,49 : 896.32"
"9,50 : 759.11"
"9,51 : 485.92"
"9,52 : 616.35"
"9,53 : 884.99"
"9,54 : 452.75"
"9,55 : 879.05"
"9,56 : 519.01"
"9,57 : 359.12"
"9,58 : 804.19"
"9,59 : 665.78"
"9,60 : 495.83"
"9,61 : 767.05"
"9,62 : 336.47"
"9,63 : 524.44"
"9,64 : 176.71"
"9,65 : 477.01"
"9,66 : 426.38"
"9,67 : 980.36"
"9,68 : 493.37"
"9,69 : 350.53"
"9,70 : 833.61"
"9,71 : 256.13"
"9,72 : 901.57"
"9,73 : 389.91"
"9,74 : 879.91"
"9,75 : 446.19"
"9,76 : 966.6"
"9,77 : 783.72"
"9,78 : 837.68"
"9,79 : 596.74"
"9,80 : 192.44"
"9,81 : 419.08"
"9,82 : 995.19"
"9,83 : 464.8"
"9,84 : 389.66"
"9,85 : 785.54"
"9,86 : 837.08"
"9,87 : 607.69"
"9,88 : 424.34"
"9,89 : 501.0"
"9,90 : 487.6"
"9,91 : 647.65"
"9,92 : 378.79"
"9,93 : 215.63"
"9,94 : 807.31"
"9,95 : 522.9"
"9,96 : 430.16"
"9,97 : 461.59"
"9,98 : 499.99"
"9,99 : 930.4"
"10,0 : 286.58"
"10,1 : 113.18"
"10,2 : 314.36"
"10,3 : 407.71"
"10,4 : 275.18"
"10,5 : 545.64"
"10,6 : 500.14"
"10,7 : 685.71"
"10,8 : 254.1"
"10,9 : 379.12"
"10,10 : 0.0"
"10,11 : 364.55"
"10,12 : 542.9"
"10,13 : 636.27"
"10,14 : 456.54"
"10,15 : 594.64"
"10,16 : 391.03"
"10,17 : 386.43"
"10,18 : 209.07"
"10,19 : 269.8"
"10,20 : 439.38"
"10,21 : 259.63"
"10,22 : 511.89"
"10,23 : 323.37"
"10,24 : 595.03"
"10,25 : 610.72"
"10,26 : 268.48"
"10,27 : 516.33"
"10,28 : 234.2"
"10,29 : 668.34"
"10,30 : 232.22"
"10,31 : 335.2"
"10,32 : 504.18"
"10,33 : 189.17"
"10,34 : 191.86"
"10,35 : 381.41"
"10,36 : 429.17"
"10,37 : 464.29"
"10,38 : 174.06"
"10,39 : 610.39"
"10,40 : 396.33"
"10,41 : 638.75"
"10,42 : 528.12"
"10,43 : 392.31"
"10,44 : 279.95"
"10,45 : 246.95"
"10,46 : 450.0"
"10,47 : 375.37"
"10,48 : 239.74"
"10,49 : 518.14"
"10,50 : 448.63"
"10,51 : 445.04"
"10,52 : 263.43"
"10,53 : 523.26"
"10,54 : 76.3"
"10,55 : 504.39"
"10,56 : 271.96"
"10,57 : 135.57"
"10,58 : 483.21"
"10,59 : 334.23"
"10,60 : 333.79"
"10,61 : 399.7"
"10,62 : 535.96"
"10,63 : 319.23"
"10,64 : 353.34"
"10,65 : 121.83"
"10,66 : 547.25"
"10,67 : 688.51"
"10,68 : 271.07"
"10,69 : 438.46"
"10,70 : 605.17"
"10,71 : 123.04"
"10,72 : 545.48"
"10,73 : 482.3"
"10,74 : 612.41"
"10,75 : 623.13"
"10,76 : 714.41"
"10,77 : 428.51"
"10,78 : 503.87"
"10,79 : 562.57"
"10,80 : 453.79"
"10,81 : 426.84"
"10,82 : 740.77"
"10,83 : 320.06"
"10,84 : 294.27"
"10,85 : 466.08"
"10,86 : 463.3"
"10,87 : 240.13"
"10,88 : 550.17"
"10,89 : 281.84"
"10,90 : 358.73"
"10,91 : 521.46"
"10,92 : 517.0"
"10,93 : 235.31"
"10,94 : 558.03"
"10,95 : 143.78"
"10,96 : 176.07"
"10,97 : 309.34"
"10,98 : 295.36"
"10,99 : 564.46"
"11,0 : 580.64"
"11,1 : 433.92"
"11,2 : 676.29"
"11,3 : 643.6"
"11,4 : 597.91"
"11,5 : 893.08"
"11,6 : 384.57"
"11,7 : 953.71"
"11,8 : 166.6"
"11,9 : 61.39"
"11,10 : 364.55"
"11,11 : 0.0"
"11,12 : 749.67"
"11,13 : 938.79"
"11,14 : 329.11"
"11,15 : 934.15"
"11,16 : 479.12"
"11,17 : 727.22"
"11,18 : 567.79"
"11,19 : 365.0"
"11,20 : 456.03"
"11,21 : 613.94"
"11,22 : 817.26"
"11,23 : 117.17"
"11,24 : 900.78"
"11,25 : 434.29"
"11,26 : 319.92"
"11,27 : 784.53"
"11,28 : 531.9"
"11,29 : 928.48"
"11,30 : 330.02"
"11,31 : 448.9"
"11,32 : 339.15"
"11,33 : 186.32"
"11,34 : 175.48"
"11,35 : 45.61"
"11,36 : 368.98"
"11,37 : 828.17"
"11,38 : 527.16"
"11,39 : 398.3"
"11,40 : 247.42"
"11,41 : 942.04"
"11,42 : 828.18"
"11,43 : 699.44"
"11,44 : 181.02"
"11,45 : 136.88"
"11,46 : 814.3"
"11,47 : 683.84"
"11,48 : 156.54"
"11,49 : 875.85"
"11,50 : 769.43"
"11,51 : 529.08"
"11,52 : 614.4"
"11,53 : 881.74"
"11,54 : 440.31"
"11,55 : 868.74"
"11,56 : 474.57"
"11,57 : 323.82"
"11,58 : 812.63"
"11,59 : 670.11"
"11,60 : 523.81"
"11,61 : 760.89"
"11,62 : 282.08"
"11,63 : 547.41"
"11,64 : 227.06"
"11,65 : 471.86"
"11,66 : 483.53"
"11,67 : 996.65"
"11,68 : 447.1"
"11,69 : 289.18"
"11,70 : 859.8"
"11,71 : 244.66"
"11,72 : 869.01"
"11,73 : 443.85"
"11,74 : 900.03"
"11,75 : 506.67"
"11,76 : 990.22"
"11,77 : 751.9"
"11,78 : 843.2"
"11,79 : 643.55"
"11,80 : 253.34"
"11,81 : 358.27"
"11,82 : 1018.65"
"11,83 : 493.72"
"11,84 : 335.97"
"11,85 : 745.51"
"11,86 : 812.63"
"11,87 : 600.63"
"11,88 : 365.23"
"11,89 : 520.9"
"11,90 : 432.67"
"11,91 : 685.0"
"11,92 : 436.23"
"11,93 : 170.88"
"11,94 : 829.78"
"11,95 : 507.02"
"11,96 : 391.43"
"11,97 : 409.55"
"11,98 : 522.02"
"11,99 : 901.28"
"12,0 : 743.39"
"12,1 : 432.45"
"12,2 : 472.44"
"12,3 : 137.32"
"12,4 : 695.42"
"12,5 : 437.89"
"12,6 : 522.82"
"12,7 : 238.1"
"12,8 : 583.95"
"12,9 : 717.28"
"12,10 : 542.9"
"12,11 : 749.67"
"12,12 : 0.0"
"12,13 : 981.06"
"12,14 : 536.65"
"12,15 : 420.72"
"12,16 : 931.45"
"12,17 : 714.29"
"12,18 : 571.93"
"12,19 : 384.69"
"12,20 : 360.89"
"12,21 : 606.86"
"12,22 : 880.5"
"12,23 : 638.94"
"12,24 : 942.44"
"12,25 : 624.86"
"12,26 : 807.58"
"12,27 : 940.24"
"12,28 : 707.16"
"12,29 : 205.98"
"12,30 : 421.28"
"12,31 : 303.96"
"12,32 : 1016.24"
"12,33 : 666.48"
"12,34 : 651.79"
"12,35 : 789.99"
"12,36 : 461.29"
"12,37 : 548.88"
"12,38 : 437.01"
"12,39 : 1110.53"
"12,40 : 902.65"
"12,41 : 981.51"
"12,42 : 237.15"
"12,43 : 251.44"
"12,44 : 775.89"
"12,45 : 621.11"
"12,46 : 595.62"
"12,47 : 779.92"
"12,48 : 716.45"
"12,49 : 714.69"
"12,50 : 289.39"
"12,51 : 264.05"
"12,52 : 406.55"
"12,53 : 505.16"
"12,54 : 512.44"
"12,55 : 584.43"
"12,56 : 797.48"
"12,57 : 677.36"
"12,58 : 328.1"
"12,59 : 342.53"
"12,60 : 229.47"
"12,61 : 483.32"
"12,62 : 1011.2"
"12,63 : 225.25"
"12,64 : 554.51"
"12,65 : 452.6"
"12,66 : 458.08"
"12,67 : 352.85"
"12,68 : 805.1"
"12,69 : 949.98"
"12,70 : 145.09"
"12,71 : 575.59"
"12,72 : 865.87"
"12,73 : 424.5"
"12,74 : 237.69"
"12,75 : 547.06"
"12,76 : 280.32"
"12,77 : 785.62"
"12,78 : 377.76"
"12,79 : 237.89"
"12,80 : 617.3"
"12,81 : 959.2"
"12,82 : 307.52"
"12,83 : 257.38"
"12,84 : 834.29"
"12,85 : 887.1"
"12,86 : 727.85"
"12,87 : 457.03"
"12,88 : 1058.17"
"12,89 : 261.95"
"12,90 : 901.27"
"12,91 : 96.02"
"12,92 : 479.1"
"12,93 : 721.5"
"12,94 : 163.87"
"12,95 : 535.16"
"12,96 : 714.38"
"12,97 : 851.71"
"12,98 : 250.8"
"12,99 : 841.61"
"13,0 : 360.94"
"13,1 : 667.44"
"13,2 : 508.99"
"13,3 : 862.37"
"13,4 : 361.09"
"13,5 : 639.01"
"13,6 : 1133.93"
"13,7 : 970.59"
"13,8 : 880.87"
"13,9 : 976.28"
"13,10 : 636.27"
"13,11 : 938.79"
"13,12 : 981.06"
"13,13 : 0.0"
"13,14 : 1092.36"
"13,15 : 700.29"
"13,16 : 550.18"
"13,17 : 274.96"
"13,18 : 455.94"
"13,19 : 886.43"
"13,20 : 1048.66"
"13,21 : 405.03"
"13,22 : 124.62"
"13,23 : 941.19"
"13,24 : 41.77"
"13,25 : 1246.73"
"13,26 : 643.51"
"13,27 : 175.07"
"13,28 : 412.8"
"13,29 : 975.67"
"13,30 : 857.76"
"13,31 : 925.05"
"13,32 : 849.04"
"13,33 : 758.51"
"13,34 : 775.83"
"13,35 : 932.99"
"13,36 : 1059.38"
"13,37 : 465.24"
"13,38 : 592.06"
"13,39 : 948.03"
"13,40 : 806.6"
"13,41 : 4.12"
"13,42 : 804.11"
"13,43 : 730.8"
"13,44 : 773.22"
"13,45 : 860.93"
"13,46 : 405.39"
"13,47 : 261.91"
"13,48 : 782.34"
"13,49 : 299.33"
"13,50 : 713.27"
"13,51 : 1022.08"
"13,52 : 583.17"
"13,53 : 552.04"
"13,54 : 589.73"
"13,55 : 450.07"
"13,56 : 472.8"
"13,57 : 617.16"
"13,58 : 697.11"
"13,59 : 638.58"
"13,60 : 872.12"
"13,61 : 508.18"
"13,62 : 952.73"
"13,63 : 827.66"
"13,64 : 988.61"
"13,65 : 615.47"
"13,66 : 1169.13"
"13,67 : 869.07"
"13,68 : 505.02"
"13,69 : 814.68"
"13,70 : 945.9"
"13,71 : 743.87"
"13,72 : 115.52"
"13,73 : 1103.28"
"13,74 : 880.28"
"13,75 : 1252.29"
"13,76 : 971.98"
"13,77 : 212.7"
"13,78 : 664.99"
"13,79 : 1116.29"
"13,80 : 1087.26"
"13,81 : 732.45"
"13,82 : 984.7"
"13,83 : 877.41"
"13,84 : 641.03"
"13,85 : 197.43"
"13,86 : 256.2"
"13,87 : 539.07"
"13,88 : 888.16"
"13,89 : 799.26"
"13,90 : 579.34"
"13,91 : 1016.33"
"13,92 : 1144.82"
"13,93 : 768.41"
"13,94 : 884.35"
"13,95 : 521.73"
"13,96 : 547.38"
"13,97 : 569.67"
"13,98 : 818.12"
"13,99 : 157.71"
"14,0 : 741.11"
"14,1 : 442.0"
"14,2 : 684.94"
"14,3 : 480.05"
"14,4 : 731.41"
"14,5 : 830.95"
"14,6 : 56.32"
"14,7 : 770.76"
"14,8 : 240.34"
"14,9 : 270.97"
"14,10 : 456.54"
"14,11 : 329.11"
"14,12 : 536.65"
"14,13 : 1092.36"
"14,14 : 0.0"
"14,15 : 851.05"
"14,16 : 749.66"
"14,17 : 834.15"
"14,18 : 647.89"
"14,19 : 232.69"
"14,20 : 178.02"
"14,21 : 701.14"
"14,22 : 968.19"
"14,23 : 224.4"
"14,24 : 1050.95"
"14,25 : 154.46"
"14,26 : 582.77"
"14,27 : 969.6"
"14,28 : 688.12"
"14,29 : 740.06"
"14,30 : 244.18"
"14,31 : 259.62"
"14,32 : 667.22"
"14,33 : 395.1"
"14,34 : 371.73"
"14,35 : 374.04"
"14,36 : 75.39"
"14,37 : 833.81"
"14,38 : 539.19"
"14,39 : 725.5"
"14,40 : 568.21"
"14,41 : 1094.76"
"14,42 : 696.96"
"14,43 : 599.21"
"14,44 : 467.81"
"14,45 : 280.24"
"14,46 : 844.4"
"14,47 : 831.9"
"14,48 : 412.08"
"14,49 : 939.22"
"14,50 : 675.13"
"14,51 : 274.19"
"14,52 : 600.84"
"14,53 : 852.58"
"14,54 : 506.14"
"14,55 : 878.07"
"14,56 : 689.24"
"14,57 : 513.97"
"14,58 : 725.28"
"14,59 : 617.07"
"14,60 : 360.87"
"14,61 : 755.36"
"14,62 : 606.99"
"14,63 : 409.01"
"14,64 : 119.97"
"14,65 : 496.25"
"14,66 : 155.96"
"14,67 : 857.07"
"14,68 : 672.97"
"14,69 : 613.39"
"14,70 : 673.89"
"14,71 : 362.61"
"14,72 : 998.0"
"14,73 : 131.5"
"14,74 : 744.51"
"14,75 : 185.72"
"14,76 : 812.08"
"14,77 : 882.7"
"14,78 : 769.44"
"14,79 : 358.56"
"14,80 : 92.66"
"14,81 : 670.5"
"14,82 : 840.27"
"14,83 : 331.22"
"14,84 : 606.68"
"14,85 : 920.81"
"14,86 : 900.73"
"14,87 : 615.31"
"14,88 : 694.34"
"14,89 : 404.43"
"14,90 : 704.39"
"14,91 : 449.12"
"14,92 : 108.17"
"14,93 : 426.43"
"14,94 : 665.54"
"14,95 : 578.56"
"14,96 : 586.92"
"14,97 : 667.08"
"14,98 : 393.41"
"14,99 : 1010.16"
"15,0 : 619.71"
"15,1 : 502.12"
"15,2 : 307.88"
"15,3 : 386.46"
"15,4 : 559.27"
"15,5 : 65.19"
"15,6 : 859.46"
"15,7 : 292.58"
"15,8 : 780.77"
"15,9 : 927.88"
"15,10 : 594.64"
"15,11 : 934.15"
"15,12 : 420.72"
"15,13 : 700.29"
"15,14 : 851.05"
"15,15 : 0.0"
"15,16 : 891.91"
"15,17 : 495.63"
"15,18 : 467.46"
"15,19 : 629.32"
"15,20 : 705.13"
"15,21 : 463.61"
"15,22 : 638.57"
"15,23 : 853.27"
"15,24 : 670.72"
"15,25 : 977.65"
"15,26 : 835.7"
"15,27 : 731.47"
"15,28 : 612.64"
"15,29 : 308.88"
"15,30 : 639.71"
"15,31 : 592.62"
"15,32 : 1089.21"
"15,33 : 779.96"
"15,34 : 777.45"
"15,35 : 961.18"
"15,36 : 781.88"
"15,37 : 242.1"
"15,38 : 420.69"
"15,39 : 1198.7"
"15,40 : 986.89"
"15,41 : 699.18"
"15,42 : 183.7"
"15,43 : 252.1"
"15,44 : 874.47"
"15,45 : 798.8"
"15,46 : 303.82"
"15,47 : 596.79"
"15,48 : 832.43"
"15,49 : 401.04"
"15,50 : 176.05"
"15,51 : 623.02"
"15,52 : 331.79"
"15,53 : 148.57"
"15,54 : 523.4"
"15,55 : 250.29"
"15,56 : 739.8"
"15,57 : 710.02"
"15,58 : 126.48"
"15,59 : 264.46"
"15,60 : 492.18"
"15,61 : 238.92"
"15,62 : 1130.36"
"15,63 : 442.16"
"15,64 : 814.54"
"15,65 : 473.51"
"15,66 : 827.61"
"15,67 : 169.24"
"15,68 : 763.52"
"15,69 : 1025.7"
"15,70 : 310.56"
"15,71 : 696.12"
"15,72 : 591.29"
"15,73 : 775.98"
"15,74 : 214.25"
"15,75 : 923.14"
"15,76 : 282.18"
"15,77 : 561.96"
"15,78 : 91.29"
"15,79 : 646.69"
"15,80 : 906.48"
"15,81 : 995.85"
"15,82 : 289.66"
"15,83 : 520.42"
"15,84 : 856.25"
"15,85 : 687.5"
"15,86 : 456.37"
"15,87 : 365.45"
"15,88 : 1136.2"
"15,89 : 448.7"
"15,90 : 881.09"
"15,91 : 504.06"
"15,92 : 832.84"
"15,93 : 829.29"
"15,94 : 262.38"
"15,95 : 486.04"
"15,96 : 703.55"
"15,97 : 835.92"
"15,98 : 458.09"
"15,99 : 543.02"
"16,0 : 287.39"
"16,1 : 499.05"
"16,2 : 584.57"
"16,3 : 794.79"
"16,4 : 344.52"
"16,5 : 830.56"
"16,6 : 803.97"
"16,7 : 1050.39"
"16,8 : 509.61"
"16,9 : 534.2"
"16,10 : 391.03"
"16,11 : 479.12"
"16,12 : 931.45"
"16,13 : 550.18"
"16,14 : 749.66"
"16,15 : 891.91"
"16,16 : 0.0"
"16,17 : 459.54"
"16,18 : 425.03"
"16,19 : 634.57"
"16,20 : 796.35"
"16,21 : 431.34"
"16,22 : 452.86"
"16,23 : 536.95"
"16,24 : 522.28"
"16,25 : 887.29"
"16,26 : 167.29"
"16,27 : 375.48"
"16,28 : 280.73"
"16,29 : 1037.72"
"16,30 : 590.27"
"16,31 : 713.34"
"16,32 : 299.31"
"16,33 : 354.75"
"16,34 : 378.16"
"16,35 : 454.67"
"16,36 : 753.16"
"16,37 : 684.66"
"16,38 : 514.37"
"16,39 : 398.55"
"16,40 : 275.54"
"16,41 : 554.15"
"16,42 : 879.89"
"16,43 : 749.78"
"16,44 : 299.01"
"16,45 : 469.82"
"16,46 : 638.25"
"16,47 : 362.86"
"16,48 : 342.48"
"16,49 : 631.92"
"16,50 : 787.63"
"16,51 : 822.88"
"16,52 : 584.95"
"16,53 : 774.4"
"16,54 : 421.86"
"16,55 : 708.14"
"16,56 : 152.12"
"16,57 : 264.0"
"16,58 : 807.94"
"16,59 : 668.83"
"16,60 : 724.32"
"16,61 : 656.07"
"16,62 : 408.19"
"16,63 : 709.64"
"16,64 : 629.71"
"16,65 : 483.52"
"16,66 : 879.93"
"16,67 : 1022.62"
"16,68 : 131.53"
"16,69 : 271.67"
"16,70 : 979.38"
"16,71 : 408.37"
"16,72 : 527.0"
"16,73 : 821.23"
"16,74 : 968.31"
"16,75 : 934.71"
"16,76 : 1073.35"
"16,77 : 436.5"
"16,78 : 810.6"
"16,79 : 944.28"
"16,80 : 703.36"
"16,81 : 183.81"
"16,82 : 1097.3"
"16,83 : 708.77"
"16,84 : 145.44"
"16,85 : 359.43"
"16,86 : 547.48"
"16,87 : 538.27"
"16,88 : 338.01"
"16,89 : 672.16"
"16,90 : 46.62"
"16,91 : 912.4"
"16,92 : 839.66"
"16,93 : 327.14"
"16,94 : 926.37"
"16,95 : 421.88"
"16,96 : 217.08"
"16,97 : 85.71"
"16,98 : 686.2"
"16,99 : 582.82"
"17,0 : 176.77"
"17,1 : 398.56"
"17,2 : 243.65"
"17,3 : 590.95"
"17,4 : 134.09"
"17,5 : 430.45"
"17,6 : 872.07"
"17,7 : 733.2"
"17,8 : 639.88"
"17,9 : 754.25"
"17,10 : 386.43"
"17,11 : 727.22"
"17,12 : 714.29"
"17,13 : 274.96"
"17,14 : 834.15"
"17,15 : 495.63"
"17,16 : 459.54"
"17,17 : 0.0"
"17,18 : 186.95"
"17,19 : 618.94"
"17,20 : 777.5"
"17,21 : 133.96"
"17,22 : 166.21"
"17,23 : 706.83"
"17,24 : 233.94"
"17,25 : 988.34"
"17,26 : 480.83"
"17,27 : 239.76"
"17,28 : 207.87"
"17,29 : 733.06"
"17,30 : 593.78"
"17,31 : 652.31"
"17,32 : 727.52"
"17,33 : 540.93"
"17,34 : 553.71"
"17,35 : 731.43"
"17,36 : 795.14"
"17,37 : 256.72"
"17,38 : 317.85"
"17,39 : 837.14"
"17,40 : 654.36"
"17,41 : 276.27"
"17,42 : 559.04"
"17,43 : 467.97"
"17,44 : 585.31"
"17,45 : 627.87"
"17,46 : 198.25"
"17,47 : 106.53"
"17,48 : 576.58"
"17,49 : 173.08"
"17,50 : 463.11"
"17,51 : 747.64"
"17,52 : 310.67"
"17,53 : 353.79"
"17,54 : 328.11"
"17,55 : 266.09"
"17,56 : 324.14"
"17,57 : 407.49"
"17,58 : 457.75"
"17,59 : 373.24"
"17,60 : 597.18"
"17,61 : 267.01"
"17,62 : 808.95"
"17,63 : 552.83"
"17,64 : 738.01"
"17,65 : 345.14"
"17,66 : 900.25"
"17,67 : 655.09"
"17,68 : 357.17"
"17,69 : 677.01"
"17,70 : 694.59"
"17,71 : 504.73"
"17,72 : 166.97"
"17,73 : 834.56"
"17,74 : 642.31"
"17,75 : 986.08"
"17,76 : 741.77"
"17,77 : 72.34"
"17,78 : 436.96"
"17,79 : 841.4"
"17,80 : 839.43"
"17,81 : 614.16"
"17,82 : 758.87"
"17,83 : 602.88"
"17,84 : 489.31"
"17,85 : 192.57"
"17,86 : 91.59"
"17,87 : 264.75"
"17,88 : 772.8"
"17,89 : 524.3"
"17,90 : 467.46"
"17,91 : 744.0"
"17,92 : 878.55"
"17,93 : 565.11"
"17,94 : 633.14"
"17,95 : 255.8"
"17,96 : 353.09"
"17,97 : 436.1"
"17,98 : 543.16"
"17,99 : 178.04"
"18,0 : 174.52"
"18,1 : 212.13"
"18,2 : 159.67"
"18,3 : 438.99"
"18,4 : 123.49"
"18,5 : 407.29"
"18,6 : 685.21"
"18,7 : 641.84"
"18,8 : 462.39"
"18,9 : 586.94"
"18,10 : 209.07"
"18,11 : 567.79"
"18,12 : 571.93"
"18,13 : 455.94"
"18,14 : 647.89"
"18,15 : 467.46"
"18,16 : 425.03"
"18,17 : 186.95"
"18,18 : 0.0"
"18,19 : 432.3"
"18,20 : 592.76"
"18,21 : 53.25"
"18,22 : 336.73"
"18,23 : 532.4"
"18,24 : 414.21"
"18,25 : 801.9"
"18,26 : 379.68"
"18,27 : 374.42"
"18,28 : 150.38"
"18,29 : 633.99"
"18,30 : 406.87"
"18,31 : 469.4"
"18,32 : 636.97"
"18,33 : 384.03"
"18,34 : 392.37"
"18,35 : 579.17"
"18,36 : 608.19"
"18,37 : 280.75"
"18,38 : 142.09"
"18,39 : 748.21"
"18,40 : 544.69"
"18,41 : 457.74"
"18,42 : 466.46"
"18,43 : 347.05"
"18,44 : 451.0"
"18,45 : 455.8"
"18,46 : 252.41"
"18,47 : 214.31"
"18,48 : 427.69"
"18,49 : 309.4"
"18,50 : 370.47"
"18,51 : 568.71"
"18,52 : 173.79"
"18,53 : 359.45"
"18,54 : 143.11"
"18,55 : 314.96"
"18,56 : 273.0"
"18,57 : 270.05"
"18,58 : 385.32"
"18,59 : 255.93"
"18,60 : 423.19"
"18,61 : 235.67"
"18,62 : 696.9"
"18,63 : 384.03"
"18,64 : 554.55"
"18,65 : 159.55"
"18,66 : 714.2"
"18,67 : 599.61"
"18,68 : 296.06"
"18,69 : 577.36"
"18,70 : 583.29"
"18,71 : 331.63"
"18,72 : 353.1"
"18,73 : 648.42"
"18,74 : 555.09"
"18,75 : 799.34"
"18,76 : 660.0"
"18,77 : 243.32"
"18,78 : 385.62"
"18,79 : 669.31"
"18,80 : 656.64"
"18,81 : 535.37"
"18,82 : 682.06"
"18,83 : 424.95"
"18,84 : 396.98"
"18,85 : 320.66"
"18,86 : 255.79"
"18,87 : 122.02"
"18,88 : 684.08"
"18,89 : 351.77"
"18,90 : 413.76"
"18,91 : 585.72"
"18,92 : 691.78"
"18,93 : 418.99"
"18,94 : 525.02"
"18,95 : 69.46"
"18,96 : 243.19"
"18,97 : 369.33"
"18,98 : 370.42"
"18,99 : 362.31"
"19,0 : 552.15"
"19,1 : 220.41"
"19,2 : 453.31"
"19,3 : 286.04"
"19,4 : 530.71"
"19,5 : 604.04"
"19,6 : 258.96"
"19,7 : 595.63"
"19,8 : 199.9"
"19,9 : 334.25"
"19,10 : 269.8"
"19,11 : 365.0"
"19,12 : 384.69"
"19,13 : 886.43"
"19,14 : 232.69"
"19,15 : 629.32"
"19,16 : 634.57"
"19,17 : 618.94"
"19,18 : 432.3"
"19,19 : 0.0"
"19,20 : 169.58"
"19,21 : 485.0"
"19,22 : 764.44"
"19,23 : 255.34"
"19,24 : 844.67"
"19,25 : 379.88"
"19,26 : 481.23"
"19,27 : 781.3"
"19,28 : 501.14"
"19,29 : 568.59"
"19,30 : 45.28"
"19,31 : 88.24"
"19,32 : 650.31"
"19,33 : 307.61"
"19,34 : 288.2"
"19,35 : 405.77"
"19,36 : 178.88"
"19,37 : 601.21"
"19,38 : 311.45"
"19,39 : 736.67"
"19,40 : 537.57"
"19,41 : 888.45"
"19,42 : 490.24"
"19,43 : 377.93"
"19,44 : 413.05"
"19,45 : 239.38"
"19,46 : 613.2"
"19,47 : 632.04"
"19,48 : 350.7"
"19,49 : 711.37"
"19,50 : 453.76"
"19,51 : 190.95"
"19,52 : 368.49"
"19,53 : 621.15"
"19,54 : 297.83"
"19,55 : 645.48"
"19,56 : 536.29"
"19,57 : 372.24"
"19,58 : 502.84"
"19,59 : 386.0"
"19,60 : 161.99"
"19,61 : 522.69"
"19,62 : 631.67"
"19,63 : 196.42"
"19,64 : 187.52"
"19,65 : 274.26"
"19,66 : 282.88"
"19,67 : 657.0"
"19,68 : 529.54"
"19,69 : 585.92"
"19,70 : 499.8"
"19,71 : 229.18"
"19,72 : 785.4"
"19,73 : 217.04"
"19,74 : 551.35"
"19,75 : 367.16"
"19,76 : 634.04"
"19,77 : 673.98"
"19,78 : 544.24"
"19,79 : 313.85"
"19,80 : 277.3"
"19,81 : 612.68"
"19,82 : 662.68"
"19,83 : 130.67"
"19,84 : 508.36"
"19,85 : 729.54"
"19,86 : 678.54"
"19,87 : 385.52"
"19,88 : 688.91"
"19,89 : 181.33"
"19,90 : 594.76"
"19,91 : 323.2"
"19,92 : 259.67"
"19,93 : 359.2"
"19,94 : 476.33"
"19,95 : 364.88"
"19,96 : 434.63"
"19,97 : 548.93"
"19,98 : 174.89"
"19,99 : 791.2"
"20,0 : 720.68"
"20,1 : 381.54"
"20,2 : 589.09"
"20,3 : 321.35"
"20,4 : 696.84"
"20,5 : 693.94"
"20,6 : 162.81"
"20,7 : 597.24"
"20,8 : 314.67"
"20,9 : 407.59"
"20,10 : 439.38"
"20,11 : 456.03"
"20,12 : 360.89"
"20,13 : 1048.66"
"20,14 : 178.02"
"20,15 : 705.13"
"20,16 : 796.35"
"20,17 : 777.5"
"20,18 : 592.76"
"20,19 : 169.58"
"20,20 : 0.0"
"20,21 : 644.36"
"20,22 : 928.15"
"20,23 : 339.09"
"20,24 : 1006.91"
"20,25 : 274.05"
"20,26 : 637.46"
"20,27 : 949.23"
"20,28 : 670.09"
"20,29 : 565.89"
"20,30 : 209.66"
"20,31 : 128.71"
"20,32 : 776.83"
"20,33 : 454.01"
"20,34 : 432.03"
"20,35 : 501.23"
"20,36 : 104.2"
"20,37 : 726.38"
"20,38 : 461.98"
"20,39 : 850.97"
"20,40 : 668.15"
"20,41 : 1050.49"
"20,42 : 539.06"
"20,43 : 458.66"
"20,44 : 550.56"
"20,45 : 359.87"
"20,46 : 748.04"
"20,47 : 797.81"
"20,48 : 488.56"
"20,49 : 854.32"
"20,50 : 532.26"
"20,51 : 96.93"
"20,52 : 502.0"
"20,53 : 728.51"
"20,54 : 464.01"
"20,55 : 770.13"
"20,56 : 704.56"
"20,57 : 537.23"
"20,58 : 582.67"
"20,59 : 496.91"
"20,60 : 217.27"
"20,61 : 647.3"
"20,62 : 737.42"
"20,63 : 270.7"
"20,64 : 230.89"
"20,65 : 433.21"
"20,66 : 128.83"
"20,67 : 692.45"
"20,68 : 696.42"
"20,69 : 716.08"
"20,70 : 501.1"
"20,71 : 387.99"
"20,72 : 944.48"
"20,73 : 70.86"
"20,74 : 577.76"
"20,75 : 223.62"
"20,76 : 639.03"
"20,77 : 835.97"
"20,78 : 630.29"
"20,79 : 189.71"
"20,80 : 265.19"
"20,81 : 755.86"
"20,82 : 666.89"
"20,83 : 194.74"
"20,84 : 664.04"
"20,85 : 897.06"
"20,86 : 830.29"
"20,87 : 529.43"
"20,88 : 810.67"
"20,89 : 279.51"
"20,90 : 754.79"
"20,91 : 271.47"
"20,92 : 127.77"
"20,93 : 499.84"
"20,94 : 498.26"
"20,95 : 527.57"
"20,96 : 602.22"
"20,97 : 710.7"
"20,98 : 263.59"
"20,99 : 945.36"
"21,0 : 157.92"
"21,1 : 264.64"
"21,2 : 163.05"
"21,3 : 476.86"
"21,4 : 98.68"
"21,5 : 400.82"
"21,6 : 738.4"
"21,7 : 659.69"
"21,8 : 513.6"
"21,9 : 635.43"
"21,10 : 259.63"
"21,11 : 613.94"
"21,12 : 606.86"
"21,13 : 405.03"
"21,14 : 701.14"
"21,15 : 463.61"
"21,16 : 431.34"
"21,17 : 133.96"
"21,18 : 53.25"
"21,19 : 485.0"
"21,20 : 644.36"
"21,21 : 0.0"
"21,22 : 287.78"
"21,23 : 582.84"
"21,24 : 363.4"
"21,25 : 855.15"
"21,26 : 406.15"
"21,27 : 333.86"
"21,28 : 150.62"
"21,29 : 654.31"
"21,30 : 460.03"
"21,31 : 520.06"
"21,32 : 662.6"
"21,33 : 428.73"
"21,34 : 438.53"
"21,35 : 623.21"
"21,36 : 661.25"
"21,37 : 256.55"
"21,38 : 188.16"
"21,39 : 773.94"
"21,40 : 575.54"
"21,41 : 406.7"
"21,42 : 483.22"
"21,43 : 372.3"
"21,44 : 488.89"
"21,45 : 505.45"
"21,46 : 218.94"
"21,47 : 173.17"
"21,48 : 470.07"
"21,49 : 261.93"
"21,50 : 385.88"
"21,51 : 617.66"
"21,52 : 201.42"
"21,53 : 343.33"
"21,54 : 196.01"
"21,55 : 285.77"
"21,56 : 280.3"
"21,57 : 307.03"
"21,58 : 394.09"
"21,59 : 277.95"
"21,60 : 469.84"
"21,61 : 225.51"
"21,62 : 729.29"
"21,63 : 428.38"
"21,64 : 607.34"
"21,65 : 211.44"
"21,66 : 766.52"
"21,67 : 605.7"
"21,68 : 307.51"
"21,69 : 605.37"
"21,70 : 607.41"
"21,71 : 381.28"
"21,72 : 300.54"
"21,73 : 700.79"
"21,74 : 570.94"
"21,75 : 852.13"
"21,76 : 674.85"
"21,77 : 193.04"
"21,78 : 387.48"
"21,79 : 715.57"
"21,80 : 709.3"
"21,81 : 556.67"
"21,82 : 695.46"
"21,83 : 473.3"
"21,84 : 420.87"
"21,85 : 280.45"
"21,86 : 203.77"
"21,87 : 149.97"
"21,88 : 709.43"
"21,89 : 397.59"
"21,90 : 425.75"
"21,91 : 626.56"
"21,92 : 744.59"
"21,93 : 460.43"
"21,94 : 547.64"
"21,95 : 122.64"
"21,96 : 269.67"
"21,97 : 384.55"
"21,98 : 416.39"
"21,99 : 309.1"
"22,0 : 237.47"
"22,1 : 546.61"
"22,2 : 409.35"
"22,3 : 756.62"
"22,4 : 236.78"
"22,5 : 574.42"
"22,6 : 1010.23"
"22,7 : 892.01"
"22,8 : 756.34"
"22,9 : 853.42"
"22,10 : 511.89"
"22,11 : 817.26"
"22,12 : 880.5"
"22,13 : 124.62"
"22,14 : 968.19"
"22,15 : 638.57"
"22,16 : 452.86"
"22,17 : 166.21"
"22,18 : 336.73"
"22,19 : 764.44"
"22,20 : 928.15"
"22,21 : 287.78"
"22,22 : 0.0"
"22,23 : 817.06"
"22,24 : 84.22"
"22,25 : 1122.51"
"22,26 : 529.06"
"22,27 : 107.52"
"22,28 : 288.76"
"22,29 : 893.73"
"22,30 : 734.78"
"22,31 : 805.95"
"22,32 : 747.64"
"22,33 : 635.61"
"22,34 : 652.49"
"22,35 : 813.05"
"22,36 : 936.21"
"22,37 : 396.7"
"22,38 : 475.94"
"22,39 : 850.77"
"22,40 : 696.43"
"22,41 : 127.31"
"22,42 : 720.0"
"22,43 : 633.69"
"22,44 : 654.94"
"22,45 : 736.8"
"22,46 : 334.89"
"22,47 : 137.31"
"22,48 : 661.1"
"22,49 : 253.58"
"22,50 : 625.42"
"22,51 : 905.17"
"22,52 : 476.32"
"22,53 : 491.02"
"22,54 : 467.0"
"22,55 : 392.44"
"22,56 : 357.9"
"22,57 : 494.49"
"22,58 : 616.02"
"22,59 : 539.22"
"22,60 : 757.51"
"22,61 : 424.03"
"22,62 : 845.95"
"22,63 : 715.1"
"22,64 : 864.03"
"22,65 : 495.62"
"22,66 : 1047.31"
"22,67 : 803.84"
"22,68 : 391.18"
"22,69 : 708.37"
"22,70 : 857.95"
"22,71 : 619.32"
"22,72 : 78.77"
"22,73 : 981.45"
"22,74 : 801.01"
"22,75 : 1129.46"
"22,76 : 897.85"
"22,77 : 95.85"
"22,78 : 590.22"
"22,79 : 1003.0"
"22,80 : 962.65"
"22,81 : 630.58"
"22,82 : 913.25"
"22,83 : 760.99"
"22,84 : 529.01"
"22,85 : 94.92"
"22,86 : 182.63"
"22,87 : 429.16"
"22,88 : 788.99"
"22,89 : 685.08"
"22,90 : 476.46"
"22,91 : 909.18"
"22,92 : 1022.1"
"22,93 : 647.47"
"22,94 : 796.34"
"22,95 : 400.59"
"22,96 : 426.04"
"22,97 : 460.73"
"22,98 : 703.91"
"22,99 : 143.22"
"23,0 : 580.45"
"23,1 : 365.31"
"23,2 : 618.14"
"23,3 : 539.45"
"23,4 : 585.87"
"23,5 : 817.45"
"23,6 : 280.72"
"23,7 : 849.85"
"23,8 : 74.11"
"23,9 : 79.06"
"23,10 : 323.37"
"23,11 : 117.17"
"23,12 : 638.94"
"23,13 : 941.19"
"23,14 : 224.4"
"23,15 : 853.27"
"23,16 : 536.95"
"23,17 : 706.83"
"23,18 : 532.4"
"23,19 : 255.34"
"23,20 : 339.09"
"23,21 : 582.84"
"23,22 : 817.06"
"23,23 : 0.0"
"23,24 : 901.28"
"23,25 : 350.82"
"23,26 : 370.0"
"23,27 : 799.53"
"23,28 : 528.39"
"23,29 : 823.38"
"23,30 : 225.52"
"23,31 : 335.91"
"23,32 : 445.98"
"23,33 : 191.73"
"23,34 : 170.45"
"23,35 : 162.16"
"23,36 : 255.0"
"23,37 : 772.31"
"23,38 : 465.0"
"23,39 : 513.04"
"23,40 : 344.21"
"23,41 : 944.1"
"23,42 : 733.84"
"23,43 : 610.18"
"23,44 : 245.73"
"23,45 : 80.26"
"23,46 : 766.51"
"23,47 : 680.21"
"23,48 : 194.55"
"23,49 : 841.05"
"23,50 : 683.08"
"23,51 : 412.34"
"23,52 : 547.19"
"23,53 : 815.67"
"23,54 : 393.46"
"23,55 : 814.8"
"23,56 : 499.22"
"23,57 : 329.07"
"23,58 : 728.84"
"23,59 : 592.68"
"23,60 : 416.81"
"23,61 : 700.09"
"23,62 : 398.41"
"23,63 : 445.57"
"23,64 : 112.45"
"23,65 : 411.24"
"23,66 : 374.26"
"23,67 : 902.32"
"23,68 : 477.35"
"23,69 : 390.01"
"23,70 : 754.57"
"23,71 : 202.14"
"23,72 : 860.06"
"23,73 : 330.13"
"23,74 : 801.21"
"23,75 : 408.52"
"23,76 : 887.58"
"23,77 : 741.97"
"23,78 : 763.56"
"23,79 : 526.38"
"23,80 : 166.41"
"23,81 : 446.35"
"23,82 : 916.17"
"23,83 : 385.83"
"23,84 : 391.8"
"23,85 : 755.38"
"23,86 : 786.25"
"23,87 : 542.24"
"23,88 : 476.11"
"23,89 : 422.62"
"23,90 : 490.71"
"23,91 : 570.85"
"23,92 : 328.0"
"23,93 : 209.82"
"23,94 : 728.37"
"23,95 : 465.86"
"23,96 : 402.95"
"23,97 : 458.03"
