x,y
471,181
163,400
678,271
492,703
954,250
874,969
748,377
988,611
951,734
618,39
662,476
959,690
791,348
14,173
939,718
924,731
529,939
89,471
784,141
83,582
69,159
111,16
537,832
894,175
960,229
749,878
471,129
260,870
443,911
976,132
514,355
340,267
849,313
162,598
886,507
247,272
61,198
638,807
501,728
838,324
109,508
430,543
812,259
222,274
16,106
82,918
960,217
88,83
578,635
720,83
566,875
640,569
539,402
705,73
848,470
90,745
560,125
578,112
336,102
540,193
533,238
559,187
77,569
800,354
694,774
989,449
548,562
335,623
18,44
674,492
397,206
432,214
131,21
876,97
639,753
654,638
155,734
195,252
269,664
742,736
663,872
952,512
486,893
178,578
694,239
410,222
62,495
659,186
359,121
532,582
317,437
917,614
853,153
797,648
247,715
425,185
911,761
401,894
698,931
530,170

Distanze
"0,0 : 0.0"
"0,1 : 377.92"
"0,2 : 225.72"
"0,3 : 522.42"
"0,4 : 487.9"
"0,5 : 885.07"
"0,6 : 339.33"
"0,7 : 672.45"
"0,8 : 732.26"
"0,9 : 204.38"
"0,10 : 351.43"
"0,11 : 705.14"
"0,12 : 360.96"
"0,13 : 457.07"
"0,14 : 712.32"
"0,15 : 712.54"
"0,16 : 760.22"
"0,17 : 479.61"
"0,18 : 315.55"
"0,19 : 557.98"
"0,20 : 402.6"
"0,21 : 396.01"
"0,22 : 654.34"
"0,23 : 423.04"
"0,24 : 491.35"
"0,25 : 750.4"
"0,26 : 52.0"
"0,27 : 720.58"
"0,28 : 730.54"
"0,29 : 507.37"
"0,30 : 179.23"
"0,31 : 156.71"
"0,32 : 400.38"
"0,33 : 519.01"
"0,34 : 527.73"
"0,35 : 241.78"
"0,36 : 410.35"
"0,37 : 647.89"
"0,38 : 547.82"
"0,39 : 393.88"
"0,40 : 487.82"
"0,41 : 364.31"
"0,42 : 349.81"
"0,43 : 265.8"
"0,44 : 461.14"
"0,45 : 833.36"
"0,46 : 490.32"
"0,47 : 395.34"
"0,48 : 466.44"
"0,49 : 267.59"
"0,50 : 700.47"
"0,51 : 423.21"
"0,52 : 231.22"
"0,53 : 257.72"
"0,54 : 475.03"
"0,55 : 680.63"
"0,56 : 105.15"
"0,57 : 127.32"
"0,58 : 156.42"
"0,59 : 70.04"
"0,60 : 84.22"
"0,61 : 88.2"
"0,62 : 552.97"
"0,63 : 371.71"
"0,64 : 633.54"
"0,65 : 583.22"
"0,66 : 388.7"
"0,67 : 462.45"
"0,68 : 473.26"
"0,69 : 371.39"
"0,70 : 78.11"
"0,71 : 51.09"
"0,72 : 375.77"
"0,73 : 413.62"
"0,74 : 596.16"
"0,75 : 492.28"
"0,76 : 636.92"
"0,77 : 284.99"
"0,78 : 523.54"
"0,79 : 617.63"
"0,80 : 717.18"
"0,81 : 583.89"
"0,82 : 712.16"
"0,83 : 493.41"
"0,84 : 230.42"
"0,85 : 73.5"
"0,86 : 515.63"
"0,87 : 188.07"
"0,88 : 127.06"
"0,89 : 405.61"
"0,90 : 298.75"
"0,91 : 621.61"
"0,92 : 383.02"
"0,93 : 569.53"
"0,94 : 579.08"
"0,95 : 46.17"
"0,96 : 728.01"
"0,97 : 716.43"
"0,98 : 783.6"
"0,99 : 60.02"
"1,0 : 377.92"
"1,1 : 0.0"
"1,2 : 530.91"
"1,3 : 447.27"
"1,4 : 805.1"
"1,5 : 910.65"
"1,6 : 585.45"
"1,7 : 851.56"
"1,8 : 855.86"
"1,9 : 580.81"
"1,10 : 504.75"
"1,11 : 847.18"
"1,12 : 630.15"
"1,13 : 271.53"
"1,14 : 838.63"
"1,15 : 829.87"
"1,16 : 651.52"
"1,17 : 102.55"
"1,18 : 672.85"
"1,19 : 198.81"
"1,20 : 258.68"
"1,21 : 387.5"
"1,22 : 571.4"
"1,23 : 764.84"
"1,24 : 815.14"
"1,25 : 756.23"
"1,26 : 410.25"
"1,27 : 479.91"
"1,28 : 582.68"
"1,29 : 856.03"
"1,30 : 353.87"
"1,31 : 221.4"
"1,32 : 691.49"
"1,33 : 198.0"
"1,34 : 730.87"
"1,35 : 153.1"
"1,36 : 226.29"
"1,37 : 625.52"
"1,38 : 470.99"
"1,39 : 679.27"
"1,40 : 120.75"
"1,41 : 302.88"
"1,42 : 664.14"
"1,43 : 139.13"
"1,44 : 328.7"
"1,45 : 524.29"
"1,46 : 817.74"
"1,47 : 325.75"
"1,48 : 476.92"
"1,49 : 640.89"
"1,50 : 622.92"
"1,51 : 506.05"
"1,52 : 376.01"
"1,53 : 633.0"
"1,54 : 688.57"
"1,55 : 352.64"
"1,56 : 482.94"
"1,57 : 505.14"
"1,58 : 344.58"
"1,59 : 430.09"
"1,60 : 403.91"
"1,61 : 449.65"
"1,62 : 189.62"
"1,63 : 638.66"
"1,64 : 649.49"
"1,65 : 827.45"
"1,66 : 417.69"
"1,67 : 281.63"
"1,68 : 384.4"
"1,69 : 519.22"
"1,70 : 303.96"
"1,71 : 327.04"
"1,72 : 380.35"
"1,73 : 774.71"
"1,74 : 592.61"
"1,75 : 545.64"
"1,76 : 334.1"
"1,77 : 151.42"
"1,78 : 284.49"
"1,79 : 669.43"
"1,80 : 687.59"
"1,81 : 796.91"
"1,82 : 589.39"
"1,83 : 178.63"
"1,84 : 554.87"
"1,85 : 304.46"
"1,86 : 138.66"
"1,87 : 540.2"
"1,88 : 340.96"
"1,89 : 411.44"
"1,90 : 158.38"
"1,91 : 783.78"
"1,92 : 732.88"
"1,93 : 680.78"
"1,94 : 326.01"
"1,95 : 338.92"
"1,96 : 830.56"
"1,97 : 548.34"
"1,98 : 753.78"
"1,99 : 433.12"
"2,0 : 225.72"
"2,1 : 530.91"
"2,2 : 0.0"
"2,3 : 470.34"
"2,4 : 276.8"
"2,5 : 725.0"
"2,6 : 127.03"
"2,7 : 460.11"
"2,8 : 537.49"
"2,9 : 239.63"
"2,10 : 205.62"
"2,11 : 504.5"
"2,12 : 136.74"
"2,13 : 671.19"
"2,14 : 517.62"
"2,15 : 521.65"
"2,16 : 684.42"
"2,17 : 622.03"
"2,18 : 167.74"
"2,19 : 671.38"
"2,20 : 619.21"
"2,21 : 621.7"
"2,22 : 578.45"
"2,23 : 236.37"
"2,24 : 285.11"
"2,25 : 611.14"
"2,26 : 251.02"
"2,27 : 730.43"
"2,28 : 681.78"
"2,29 : 328.82"
"2,30 : 184.26"
"2,31 : 338.02"
"2,32 : 176.08"
"2,33 : 610.89"
"2,34 : 314.58"
"2,35 : 431.0"
"2,36 : 621.3"
"2,37 : 537.49"
"2,38 : 490.08"
"2,39 : 168.55"
"2,40 : 616.38"
"2,41 : 368.09"
"2,42 : 134.54"
"2,43 : 456.01"
"2,44 : 682.25"
"2,45 : 879.67"
"2,46 : 287.12"
"2,47 : 619.23"
"2,48 : 377.49"
"2,49 : 192.63"
"2,50 : 614.3"
"2,51 : 300.41"
"2,52 : 191.0"
"2,53 : 199.83"
"2,54 : 261.73"
"2,55 : 755.26"
"2,56 : 187.72"
"2,57 : 187.83"
"2,58 : 381.48"
"2,59 : 158.52"
"2,60 : 148.71"
"2,61 : 145.66"
"2,62 : 670.82"
"2,63 : 147.56"
"2,64 : 503.25"
"2,65 : 358.34"
"2,66 : 318.72"
"2,67 : 491.48"
"2,68 : 697.95"
"2,69 : 221.04"
"2,70 : 288.42"
"2,71 : 252.52"
"2,72 : 601.42"
"2,73 : 263.59"
"2,74 : 483.58"
"2,75 : 367.78"
"2,76 : 698.5"
"2,77 : 483.37"
"2,78 : 567.21"
"2,79 : 469.38"
"2,80 : 601.19"
"2,81 : 364.91"
"2,82 : 650.96"
"2,83 : 586.73"
"2,84 : 35.78"
"2,85 : 272.44"
"2,86 : 655.46"
"2,87 : 87.1"
"2,88 : 352.51"
"2,89 : 343.57"
"2,90 : 397.34"
"2,91 : 418.06"
"2,92 : 211.07"
"2,93 : 395.34"
"2,94 : 618.79"
"2,95 : 267.22"
"2,96 : 542.58"
"2,97 : 681.8"
"2,98 : 660.3"
"2,99 : 179.18"
"3,0 : 522.42"
"3,1 : 447.27"
"3,2 : 470.34"
"3,3 : 0.0"
"3,4 : 647.03"
"3,5 : 465.49"
"3,6 : 414.5"
"3,7 : 504.46"
"3,8 : 460.05"
"3,9 : 675.85"
"3,10 : 283.6"
"3,11 : 467.18"
"3,12 : 464.14"
"3,13 : 713.71"
"3,14 : 447.25"
"3,15 : 432.91"
"3,16 : 238.88"
"3,17 : 465.01"
"3,18 : 633.33"
"3,19 : 426.52"
"3,20 : 689.1"
"3,21 : 785.58"
"3,22 : 136.62"
"3,23 : 663.62"
"3,24 : 666.11"
"3,25 : 310.92"
"3,26 : 574.38"
"3,27 : 285.85"
"3,28 : 213.69"
"3,29 : 748.53"
"3,30 : 348.69"
"3,31 : 461.74"
"3,32 : 528.72"
"3,33 : 346.3"
"3,34 : 440.06"
"3,35 : 495.77"
"3,36 : 663.92"
"3,37 : 179.25"
"3,38 : 26.57"
"3,39 : 513.18"
"3,40 : 429.78"
"3,41 : 171.59"
"3,42 : 547.3"
"3,43 : 506.89"
"3,44 : 763.53"
"3,45 : 462.95"
"3,46 : 674.7"
"3,47 : 740.01"
"3,48 : 109.64"
"3,49 : 660.59"
"3,50 : 187.24"
"3,51 : 199.65"
"3,52 : 304.65"
"3,53 : 665.03"
"3,54 : 425.47"
"3,55 : 404.19"
"3,56 : 581.99"
"3,57 : 597.22"
"3,58 : 620.92"
"3,59 : 512.25"
"3,60 : 466.8"
"3,61 : 520.33"
"3,62 : 436.1"
"3,63 : 465.47"
"3,64 : 214.11"
"3,65 : 558.14"
"3,66 : 151.71"
"3,67 : 176.21"
"3,68 : 811.76"
"3,69 : 278.65"
"3,70 : 506.0"
"3,71 : 492.67"
"3,72 : 771.65"
"3,73 : 717.42"
"3,74 : 155.27"
"3,75 : 174.55"
"3,76 : 338.42"
"3,77 : 540.01"
"3,78 : 226.38"
"3,79 : 252.17"
"3,80 : 240.42"
"3,81 : 498.08"
"3,82 : 190.09"
"3,83 : 337.97"
"3,84 : 506.06"
"3,85 : 487.94"
"3,86 : 477.67"
"3,87 : 543.3"
"3,88 : 597.0"
"3,89 : 127.44"
"3,90 : 318.4"
"3,91 : 434.22"
"3,92 : 657.89"
"3,93 : 309.92"
"3,94 : 245.29"
"3,95 : 522.32"
"3,96 : 423.0"
"3,97 : 211.57"
"3,98 : 307.28"
"3,99 : 534.35"
"4,0 : 487.9"
"4,1 : 805.1"
"4,2 : 276.8"
"4,3 : 647.03"
"4,4 : 0.0"
"4,5 : 723.44"
"4,6 : 242.0"
"4,7 : 362.6"
"4,8 : 484.01"
"4,9 : 396.76"
"4,10 : 369.24"
"4,11 : 440.03"
"4,12 : 190.19"
"4,13 : 943.15"
"4,14 : 468.24"
"4,15 : 481.93"
"4,16 : 809.53"
"4,17 : 892.79"
"4,18 : 201.94"
"4,19 : 932.13"
"4,20 : 889.67"
"4,21 : 874.87"
"4,22 : 715.97"
"4,23 : 96.05"
"4,24 : 21.84"
"4,25 : 660.61"
"4,26 : 497.93"
"4,27 : 930.61"
"4,28 : 835.49"
"4,29 : 120.03"
"4,30 : 452.35"
"4,31 : 614.24"
"4,32 : 122.45"
"4,33 : 865.08"
"4,34 : 265.84"
"4,35 : 707.34"
"4,36 : 894.51"
"4,37 : 640.39"
"4,38 : 658.55"
"4,39 : 137.59"
"4,40 : 883.51"
"4,41 : 600.35"
"4,42 : 142.28"
"4,43 : 732.39"
"4,44 : 948.99"
"4,45 : 1098.46"
"4,46 : 33.54"
"4,47 : 881.96"
"4,48 : 538.15"
"4,49 : 287.48"
"4,50 : 735.64"
"4,51 : 447.61"
"4,52 : 441.96"
"4,53 : 305.5"
"4,54 : 244.2"
"4,55 : 995.75"
"4,56 : 413.35"
"4,57 : 400.52"
"4,58 : 635.47"
"4,59 : 417.91"
"4,60 : 421.17"
"4,61 : 399.99"
"4,62 : 933.21"
"4,63 : 185.83"
"4,64 : 584.96"
"4,65 : 202.05"
"4,66 : 512.04"
"4,67 : 722.7"
"4,68 : 958.4"
"4,69 : 370.09"
"4,70 : 558.74"
"4,71 : 523.24"
"4,72 : 854.27"
"4,73 : 171.74"
"4,74 : 593.49"
"4,75 : 490.45"
"4,76 : 934.16"
"4,77 : 759.0"
"4,78 : 800.39"
"4,79 : 530.23"
"4,80 : 686.71"
"4,81 : 262.01"
"4,82 : 795.28"
"4,83 : 842.47"
"4,84 : 260.23"
"4,85 : 544.72"
"4,86 : 925.03"
"4,87 : 301.86"
"4,88 : 608.82"
"4,89 : 536.94"
"4,90 : 663.88"
"4,91 : 365.88"
"4,92 : 140.04"
"4,93 : 427.85"
"4,94 : 846.21"
"4,95 : 532.98"
"4,96 : 512.81"
"4,97 : 848.85"
"4,98 : 727.53"
"4,99 : 431.48"
"5,0 : 885.07"
"5,1 : 910.65"
"5,2 : 725.0"
"5,3 : 465.49"
"5,4 : 723.44"
"5,5 : 0.0"
"5,6 : 605.26"
"5,7 : 375.71"
"5,8 : 247.29"
"5,9 : 964.59"
"5,10 : 536.65"
"5,11 : 291.66"
"5,12 : 626.52"
"5,13 : 1171.84"
"5,14 : 259.28"
"5,15 : 243.2"
"5,16 : 346.3"
"5,17 : 929.64"
"5,18 : 832.88"
"5,19 : 880.6"
"5,20 : 1141.98"
"5,21 : 1220.81"
"5,22 : 363.78"
"5,23 : 794.25"
"5,24 : 744.98"
"5,25 : 154.62"
"5,26 : 931.67"
"5,27 : 621.93"
"5,28 : 434.89"
"5,29 : 843.19"
"5,30 : 711.76"
"5,31 : 882.02"
"5,32 : 656.48"
"5,33 : 802.86"
"5,34 : 462.16"
"5,35 : 937.52"
"5,36 : 1120.45"
"5,37 : 286.25"
"5,38 : 444.08"
"5,39 : 646.0"
"5,40 : 893.17"
"5,41 : 615.31"
"5,42 : 712.7"
"5,43 : 952.96"
"5,44 : 1216.94"
"5,45 : 793.64"
"5,46 : 756.9"
"5,47 : 1184.4"
"5,48 : 446.29"
"5,49 : 899.28"
"5,50 : 322.02"
"5,51 : 463.42"
"5,52 : 658.57"
"5,53 : 911.8"
"5,54 : 499.68"
"5,55 : 815.37"
"5,56 : 900.52"
"5,57 : 906.68"
"5,58 : 1020.36"
"5,59 : 844.83"
"5,60 : 806.62"
"5,61 : 843.06"
"5,62 : 891.74"
"5,63 : 619.44"
"5,64 : 265.38"
"5,65 : 532.56"
"5,66 : 521.46"
"5,67 : 640.5"
"5,68 : 1260.3"
"5,69 : 517.23"
"5,70 : 899.83"
"5,71 : 874.87"
"5,72 : 1204.47"
"5,73 : 872.0"
"5,74 : 319.19"
"5,75 : 397.44"
"5,76 : 756.43"
"5,77 : 987.49"
"5,78 : 677.53"
"5,79 : 267.79"
"5,80 : 232.23"
"5,81 : 463.61"
"5,82 : 395.37"
"5,83 : 798.31"
"5,84 : 751.86"
"5,85 : 879.38"
"5,86 : 940.22"
"5,87 : 811.98"
"5,88 : 992.13"
"5,89 : 516.46"
"5,90 : 770.24"
"5,91 : 357.59"
"5,92 : 816.27"
"5,93 : 330.11"
"5,94 : 676.49"
"5,95 : 903.47"
"5,96 : 211.27"
"5,97 : 478.91"
"5,98 : 180.06"
"5,99 : 869.91"
"6,0 : 339.33"
"6,1 : 585.45"
"6,2 : 127.03"
"6,3 : 414.5"
"6,4 : 242.0"
"6,5 : 605.26"
"6,6 : 0.0"
"6,7 : 335.2"
"6,8 : 410.68"
"6,9 : 362.14"
"6,10 : 131.14"
"6,11 : 377.48"
"6,12 : 51.87"
"6,13 : 761.82"
"6,14 : 390.85"
"6,15 : 395.34"
"6,16 : 603.16"
"6,17 : 665.67"
"6,18 : 238.73"
"6,19 : 695.88"
"6,20 : 713.14"
"6,21 : 732.18"
"6,22 : 501.54"
"6,23 : 249.24"
"6,24 : 258.55"
"6,25 : 501.0"
"6,26 : 371.8"
"6,27 : 693.68"
"6,28 : 614.96"
"6,29 : 334.68"
"6,30 : 235.03"
"6,31 : 422.57"
"6,32 : 119.57"
"6,33 : 626.29"
"6,34 : 189.59"
"6,35 : 511.88"
"6,36 : 709.94"
"6,37 : 443.85"
"6,38 : 429.2"
"6,39 : 104.45"
"6,40 : 652.29"
"6,41 : 358.72"
"6,42 : 134.24"
"6,43 : 535.99"
"6,44 : 780.55"
"6,45 : 858.04"
"6,46 : 265.6"
"6,47 : 722.52"
"6,48 : 308.97"
"6,49 : 295.33"
"6,50 : 530.22"
"6,51 : 220.29"
"6,52 : 210.49"
"6,53 : 307.03"
"6,54 : 136.56"
"6,55 : 753.92"
"6,56 : 314.4"
"6,57 : 314.84"
"6,58 : 495.35"
"6,59 : 277.7"
"6,60 : 256.02"
"6,61 : 267.99"
"6,62 : 697.93"
"6,63 : 56.86"
"6,64 : 400.66"
"6,65 : 251.53"
"6,66 : 272.44"
"6,67 : 480.71"
"6,68 : 802.36"
"6,69 : 136.75"
"6,70 : 390.44"
"6,71 : 355.56"
"6,72 : 712.34"
"6,73 : 307.87"
"6,74 : 391.48"
"6,75 : 277.41"
"6,76 : 692.17"
"6,77 : 566.95"
"6,78 : 558.4"
"6,79 : 359.05"
"6,80 : 502.24"
"6,81 : 244.62"
"6,82 : 578.71"
"6,83 : 604.4"
"6,84 : 148.19"
"6,85 : 371.85"
"6,86 : 696.07"
"6,87 : 210.72"
"6,88 : 465.68"
"6,89 : 297.79"
"6,90 : 435.16"
"6,91 : 291.08"
"6,92 : 247.39"
"6,93 : 275.39"
"6,94 : 604.36"
"6,95 : 375.76"
"6,96 : 417.16"
"6,97 : 622.65"
"6,98 : 556.25"
"6,99 : 300.62"
"7,0 : 672.45"
"7,1 : 851.56"
"7,2 : 460.11"
"7,3 : 504.46"
"7,4 : 362.6"
"7,5 : 375.71"
"7,6 : 335.2"
"7,7 : 0.0"
"7,8 : 128.44"
"7,9 : 681.24"
"7,10 : 352.85"
"7,11 : 84.15"
"7,12 : 328.6"
"7,13 : 1067.95"
"7,14 : 117.69"
"7,15 : 136.0"
"7,16 : 564.15"
"7,17 : 909.84"
"7,18 : 512.36"
"7,19 : 905.46"
"7,20 : 1024.14"
"7,21 : 1059.79"
"7,22 : 502.24"
"7,23 : 446.02"
"7,24 : 383.02"
"7,25 : 358.34"
"7,26 : 706.83"
"7,27 : 772.7"
"7,28 : 622.11"
"7,29 : 479.15"
"7,30 : 538.71"
"7,31 : 733.65"
"7,32 : 328.82"
"7,33 : 826.1"
"7,34 : 145.67"
"7,35 : 814.86"
"7,36 : 1014.84"
"7,37 : 401.14"
"7,38 : 500.86"
"7,39 : 323.83"
"7,40 : 885.01"
"7,41 : 562.13"
"7,42 : 393.55"
"7,43 : 836.85"
"7,44 : 1095.36"
"7,45 : 956.6"
"7,46 : 394.99"
"7,47 : 1043.45"
"7,48 : 410.7"
"7,49 : 592.12"
"7,50 : 497.78"
"7,51 : 350.53"
"7,52 : 495.26"
"7,53 : 607.89"
"7,54 : 198.7"
"7,55 : 907.94"
"7,56 : 647.6"
"7,57 : 645.83"
"7,58 : 827.15"
"7,59 : 612.72"
"7,60 : 588.35"
"7,61 : 603.17"
"7,62 : 911.97"
"7,63 : 318.42"
"7,64 : 336.16"
"7,65 : 162.0"
"7,66 : 442.72"
"7,67 : 653.11"
"7,68 : 1123.56"
"7,69 : 335.79"
"7,70 : 716.45"
"7,71 : 683.19"
"7,72 : 1040.46"
"7,73 : 526.06"
"7,74 : 376.78"
"7,75 : 335.09"
"7,76 : 842.03"
"7,77 : 870.48"
"7,78 : 720.95"
"7,79 : 275.94"
"7,80 : 416.83"
"7,81 : 105.34"
"7,82 : 575.78"
"7,83 : 810.67"
"7,84 : 474.15"
"7,85 : 696.71"
"7,86 : 933.24"
"7,87 : 537.46"
"7,88 : 797.33"
"7,89 : 456.92"
"7,90 : 693.19"
"7,91 : 71.06"
"7,92 : 477.48"
"7,93 : 194.55"
"7,94 : 748.26"
"7,95 : 706.01"
"7,96 : 168.61"
"7,97 : 651.66"
"7,98 : 431.86"
"7,99 : 635.8"
"8,0 : 732.26"
"8,1 : 855.86"
"8,2 : 537.49"
"8,3 : 460.05"
"8,4 : 484.01"
"8,5 : 247.29"
"8,6 : 410.68"
"8,7 : 128.44"
"8,8 : 0.0"
"8,9 : 770.66"
"8,10 : 387.41"
"8,11 : 44.72"
"8,12 : 417.85"
"8,13 : 1092.1"
"8,14 : 20.0"
"8,15 : 27.17"
"8,16 : 469.16"
"8,17 : 901.23"
"8,18 : 616.07"
"8,19 : 881.21"
"8,20 : 1052.88"
"8,21 : 1105.04"
"8,22 : 425.44"
"8,23 : 561.9"
"8,24 : 505.08"
"8,25 : 248.07"
"8,26 : 772.29"
"8,27 : 704.26"
"8,28 : 537.95"
"8,29 : 602.52"
"8,30 : 578.45"
"8,31 : 769.03"
"8,32 : 433.18"
"8,33 : 800.64"
"8,34 : 236.12"
"8,35 : 842.06"
"8,36 : 1038.94"
"8,37 : 321.4"
"8,38 : 450.04"
"8,39 : 425.29"
"8,40 : 871.8"
"8,41 : 554.91"
"8,42 : 494.92"
"8,43 : 862.0"
"8,44 : 1126.33"
"8,45 : 888.27"
"8,46 : 517.08"
"8,47 : 1081.0"
"8,48 : 385.91"
"8,49 : 690.77"
"8,50 : 410.01"
"8,51 : 352.06"
"8,52 : 529.12"
"8,53 : 705.29"
"8,54 : 283.38"
"8,55 : 861.07"
"8,56 : 723.71"
"8,57 : 725.27"
"8,58 : 881.84"
"8,59 : 679.41"
"8,60 : 648.64"
"8,61 : 672.96"
"8,62 : 889.44"
"8,63 : 408.9"
"8,64 : 260.09"
"8,65 : 287.52"
"8,66 : 438.17"
"8,67 : 625.92"
"8,68 : 1160.43"
"8,69 : 367.82"
"8,70 : 765.31"
"8,71 : 734.68"
"8,72 : 1086.63"
"8,73 : 641.4"
"8,74 : 312.58"
"8,75 : 312.13"
"8,76 : 796.0"
"8,77 : 896.58"
"8,78 : 685.58"
"8,79 : 209.01"
"8,80 : 319.36"
"8,81 : 222.0"
"8,82 : 491.43"
"8,83 : 788.58"
"8,84 : 557.74"
"8,85 : 744.87"
"8,86 : 920.57"
"8,87 : 620.94"
"8,88 : 852.19"
"8,89 : 445.72"
"8,90 : 700.12"
"8,91 : 124.72"
"8,92 : 589.21"
"8,93 : 176.39"
"8,94 : 704.26"
"8,95 : 760.31"
"8,96 : 48.26"
"8,97 : 572.8"
"8,98 : 320.65"
"8,99 : 703.8"
"9,0 : 204.38"
"9,1 : 580.81"
"9,2 : 239.63"
"9,3 : 675.85"
"9,4 : 396.76"
"9,5 : 964.59"
"9,6 : 362.14"
"9,7 : 681.24"
"9,8 : 770.66"
"9,9 : 0.0"
"9,10 : 439.21"
"9,11 : 734.9"
"9,12 : 354.13"
"9,13 : 618.69"
"9,14 : 751.05"
"9,15 : 756.64"
"9,16 : 904.39"
"9,17 : 682.98"
"9,18 : 194.83"
"9,19 : 762.28"
"9,20 : 561.96"
"9,21 : 507.52"
"9,22 : 797.13"
"9,23 : 307.69"
"9,24 : 391.23"
"9,25 : 849.17"
"9,26 : 172.36"
"9,27 : 904.83"
"9,28 : 889.39"
"9,29 : 369.88"
"9,30 : 332.67"
"9,31 : 359.54"
"9,32 : 358.38"
"9,33 : 721.4"
"9,34 : 539.3"
"9,35 : 438.1"
"9,36 : 579.25"
"9,37 : 768.26"
"9,38 : 698.86"
"9,39 : 360.03"
"9,40 : 692.13"
"9,41 : 537.92"
"9,42 : 293.32"
"9,43 : 460.48"
"9,44 : 605.72"
"9,45 : 1029.53"
"9,46 : 385.55"
"9,47 : 531.82"
"9,48 : 597.34"
"9,49 : 111.09"
"9,50 : 837.62"
"9,51 : 530.46"
"9,52 : 371.5"
"9,53 : 93.41"
"9,54 : 488.53"
"9,55 : 881.6"
"9,56 : 103.73"
"9,57 : 83.24"
"9,58 : 288.95"
"9,59 : 172.63"
"9,60 : 216.39"
"9,61 : 159.33"
"9,62 : 757.35"
"9,63 : 363.8"
"9,64 : 738.92"
"9,65 : 552.94"
"9,66 : 527.66"
"9,67 : 648.96"
"9,68 : 600.02"
"9,69 : 456.45"
"9,70 : 277.0"
"9,71 : 255.38"
"9,72 : 487.33"
"9,73 : 264.44"
"9,74 : 714.31"
"9,75 : 600.08"
"9,76 : 835.1"
"9,77 : 473.6"
"9,78 : 715.84"
"9,79 : 707.94"
"9,80 : 834.21"
"9,81 : 579.04"
"9,82 : 864.14"
"9,83 : 695.79"
"9,84 : 213.95"
"9,85 : 277.04"
"9,86 : 719.08"
"9,87 : 152.61"
"9,88 : 271.67"
"9,89 : 549.77"
"9,90 : 499.0"
"9,91 : 648.09"
"9,92 : 261.19"
"9,93 : 634.76"
"9,94 : 771.11"
"9,95 : 242.0"
"9,96 : 779.19"
"9,97 : 882.11"
"9,98 : 895.58"
"9,99 : 157.81"
"10,0 : 351.43"
"10,1 : 504.75"
"10,2 : 205.62"
"10,3 : 283.6"
"10,4 : 369.24"
"10,5 : 536.65"
"10,6 : 131.14"
"10,7 : 352.85"
"10,8 : 387.41"
"10,9 : 439.21"
"10,10 : 0.0"
"10,11 : 366.07"
"10,12 : 181.73"
"10,13 : 715.34"
"10,14 : 367.82"
"10,15 : 365.61"
"10,16 : 481.72"
"10,17 : 573.02"
"10,18 : 356.52"
"10,19 : 588.62"
"10,20 : 672.41"
"10,21 : 717.78"
"10,22 : 377.31"
"10,23 : 380.03"
"10,24 : 387.06"
"10,25 : 411.31"
"10,26 : 396.09"
"10,27 : 562.89"
"10,28 : 487.02"
"10,29 : 465.76"
"10,30 : 191.17"
"10,31 : 383.88"
"10,32 : 248.07"
"10,33 : 514.67"
"10,34 : 226.13"
"10,35 : 462.43"
"10,36 : 662.18"
"10,37 : 331.87"
"10,38 : 299.04"
"10,39 : 232.55"
"10,40 : 553.93"
"10,41 : 241.48"
"10,42 : 263.8"
"10,43 : 484.15"
"10,44 : 744.46"
"10,45 : 729.22"
"10,46 : 394.82"
"10,47 : 695.65"
"10,48 : 179.82"
"10,49 : 397.26"
"10,50 : 410.39"
"10,51 : 95.57"
"10,52 : 143.54"
"10,53 : 405.29"
"10,54 : 186.1"
"10,55 : 632.1"
"10,56 : 365.52"
"10,57 : 373.57"
"10,58 : 496.14"
"10,59 : 308.18"
"10,60 : 270.71"
"10,61 : 306.81"
"10,62 : 592.35"
"10,63 : 184.2"
"10,64 : 299.71"
"10,65 : 328.11"
"10,66 : 142.8"
"10,67 : 358.52"
"10,68 : 775.47"
"10,69 : 20.0"
"10,70 : 378.32"
"10,71 : 348.63"
"10,72 : 699.28"
"10,73 : 435.24"
"10,74 : 277.95"
"10,75 : 162.2"
"10,76 : 568.87"
"10,77 : 517.94"
"10,78 : 435.65"
"10,79 : 272.03"
"10,80 : 396.0"
"10,81 : 292.23"
"10,82 : 452.62"
"10,83 : 494.63"
"10,84 : 239.15"
"10,85 : 357.8"
"10,86 : 600.3"
"10,87 : 290.02"
"10,88 : 466.73"
"10,89 : 167.74"
"10,90 : 347.2"
"10,91 : 289.95"
"10,92 : 375.25"
"10,93 : 218.65"
"10,94 : 478.9"
"10,95 : 375.3"
"10,96 : 378.45"
"10,97 : 492.79"
"10,98 : 456.42"
"10,99 : 333.26"
"11,0 : 705.14"
"11,1 : 847.18"
"11,2 : 504.5"
"11,3 : 467.18"
"11,4 : 440.03"
"11,5 : 291.66"
"11,6 : 377.48"
"11,7 : 84.15"
"11,8 : 44.72"
"11,9 : 734.9"
"11,10 : 366.07"
"11,11 : 0.0"
"11,12 : 381.04"
"11,13 : 1077.18"
"11,14 : 34.41"
"11,15 : 53.91"
"11,16 : 496.89"
"11,17 : 897.14"
"11,18 : 576.22"
"11,19 : 882.63"
"11,20 : 1036.37"
"11,21 : 1083.23"
"11,22 : 445.25"
"11,23 : 519.09"
"11,24 : 461.0"
"11,25 : 281.86"
"11,26 : 743.55"
"11,27 : 721.8"
"11,28 : 561.34"
"11,29 : 558.26"
"11,30 : 557.0"
"11,31 : 749.73"
"11,32 : 392.72"
"11,33 : 802.29"
"11,34 : 197.02"
"11,35 : 825.63"
"11,36 : 1023.95"
"11,37 : 341.66"
"11,38 : 459.57"
"11,39 : 385.48"
"11,40 : 869.27"
"11,41 : 549.04"
"11,42 : 455.38"
"11,43 : 846.3"
"11,44 : 1109.19"
"11,45 : 906.15"
"11,46 : 473.0"
"11,47 : 1061.64"
"11,48 : 384.95"
"11,49 : 652.36"
"11,50 : 434.37"
"11,51 : 341.18"
"11,52 : 509.26"
"11,53 : 667.24"
"11,54 : 246.42"
"11,55 : 870.74"
"11,56 : 691.68"
"11,57 : 692.28"
"11,58 : 856.66"
"11,59 : 650.05"
"11,60 : 621.11"
"11,61 : 642.66"
"11,62 : 890.26"
"11,63 : 371.72"
"11,64 : 277.99"
"11,65 : 242.86"
"11,66 : 430.47"
"11,67 : 627.59"
"11,68 : 1141.4"
"11,69 : 347.03"
"11,70 : 741.69"
"11,71 : 710.14"
"11,72 : 1064.49"
"11,73 : 598.78"
"11,74 : 326.14"
"11,75 : 309.4"
"11,76 : 805.2"
"11,77 : 880.65"
"11,78 : 690.49"
"11,79 : 221.82"
"11,80 : 347.48"
"11,81 : 178.14"
"11,82 : 514.72"
"11,83 : 788.99"
"11,84 : 523.09"
"11,85 : 721.4"
"11,86 : 917.95"
"11,87 : 586.53"
"11,88 : 826.9"
"11,89 : 440.45"
"11,90 : 690.05"
"11,91 : 86.83"
"11,92 : 547.36"
"11,93 : 167.36"
"11,94 : 712.44"
"11,95 : 734.97"
"11,96 : 85.7"
"11,97 : 594.12"
"11,98 : 355.25"
"11,99 : 674.12"
"12,0 : 360.96"
"12,1 : 630.15"
"12,2 : 136.74"
"12,3 : 464.14"
"12,4 : 190.19"
"12,5 : 626.52"
"12,6 : 51.87"
"12,7 : 328.6"
"12,8 : 417.85"
"12,9 : 354.13"
"12,10 : 181.73"
"12,11 : 381.04"
"12,12 : 0.0"
"12,13 : 796.46"
"12,14 : 398.5"
"12,15 : 405.44"
"12,16 : 646.47"
"12,17 : 712.69"
"12,18 : 207.12"
"12,19 : 745.67"
"12,20 : 746.33"
"12,21 : 756.72"
"12,22 : 546.6"
"12,23 : 201.34"
"12,24 : 206.69"
"12,25 : 531.66"
"12,26 : 387.76"
"12,27 : 744.61"
"12,28 : 661.87"
"12,29 : 284.4"
"12,30 : 277.09"
"12,31 : 458.22"
"12,32 : 67.74"
"12,33 : 676.86"
"12,34 : 185.22"
"12,35 : 549.28"
"12,36 : 745.25"
"12,37 : 483.83"
"12,38 : 478.02"
"12,39 : 52.77"
"12,40 : 700.52"
"12,41 : 410.3"
"12,42 : 91.44"
"12,43 : 573.79"
"12,44 : 811.9"
"12,45 : 909.71"
"12,46 : 213.83"
"12,47 : 751.29"
"12,48 : 357.4"
"12,49 : 274.35"
"12,50 : 573.02"
"12,51 : 267.66"
"12,52 : 257.72"
"12,53 : 288.13"
"12,54 : 134.66"
"12,55 : 805.61"
"12,56 : 321.08"
"12,57 : 317.91"
"12,58 : 517.24"
"12,59 : 295.0"
"12,60 : 280.47"
"12,61 : 282.39"
"12,62 : 747.42"
"12,63 : 10.82"
"12,64 : 436.9"
"12,65 : 222.27"
"12,66 : 323.8"
"12,67 : 532.5"
"12,68 : 830.63"
"12,69 : 185.54"
"12,70 : 418.81"
"12,71 : 383.19"
"12,72 : 736.57"
"12,73 : 265.0"
"12,74 : 432.58"
"12,75 : 320.73"
"12,76 : 743.97"
"12,77 : 603.68"
"12,78 : 610.2"
"12,79 : 391.08"
"12,80 : 539.41"
"12,81 : 229.82"
"12,82 : 624.54"
"12,83 : 654.73"
"12,84 : 145.91"
"12,85 : 401.29"
"12,86 : 743.67"
"12,87 : 208.97"
"12,88 : 488.01"
"12,89 : 349.05"
"12,90 : 482.28"
"12,91 : 294.33"
"12,92 : 204.62"
"12,93 : 300.06"
"12,94 : 656.22"
"12,95 : 400.66"
"12,96 : 430.08"
"12,97 : 670.98"
"12,98 : 590.37"
"12,99 : 315.92"
"13,0 : 457.07"
"13,1 : 271.53"
"13,2 : 671.19"
"13,3 : 713.71"
"13,4 : 943.15"
"13,5 : 1171.84"
"13,6 : 761.82"
"13,7 : 1067.95"
"13,8 : 1092.1"
"13,9 : 618.69"
"13,10 : 715.34"
"13,11 : 1077.18"
"13,12 : 796.46"
"13,13 : 0.0"
"13,14 : 1073.62"
"13,15 : 1067.46"
"13,16 : 923.03"
"13,17 : 307.29"
"13,18 : 770.66"
"13,19 : 414.78"
"13,20 : 56.75"
"13,21 : 184.55"
"13,22 : 841.31"
"13,23 : 880.0"
"13,24 : 947.66"
"13,25 : 1018.45"
"13,26 : 459.11"
"13,27 : 739.14"
"13,28 : 853.63"
"13,29 : 962.87"
"13,30 : 532.09"
"13,31 : 339.28"
"13,32 : 846.66"
"13,33 : 450.03"
"13,34 : 933.78"
"13,35 : 253.16"
"13,36 : 53.24"
"13,37 : 889.57"
"13,38 : 738.37"
"13,39 : 837.72"
"13,40 : 348.21"
"13,41 : 556.74"
"13,42 : 802.62"
"13,43 : 231.22"
"13,44 : 67.03"
"13,45 : 748.1"
"13,46 : 947.02"
"13,47 : 116.52"
"13,48 : 729.07"
"13,49 : 711.71"
"13,50 : 893.03"
"13,51 : 740.74"
"13,52 : 572.77"
"13,53 : 698.2"
"13,54 : 885.31"
"13,55 : 577.03"
"13,56 : 548.11"
"13,57 : 567.29"
"13,58 : 329.73"
"13,59 : 526.38"
"13,60 : 523.05"
"13,61 : 545.18"
"13,62 : 400.98"
"13,63 : 806.57"
"13,64 : 907.52"
"13,65 : 1013.31"
"13,66 : 660.66"
"13,67 : 552.76"
"13,68 : 129.06"
"13,69 : 733.05"
"13,70 : 384.42"
"13,71 : 420.01"
"13,72 : 191.82"
"13,73 : 865.34"
"13,74 : 852.66"
"13,75 : 791.09"
"13,76 : 578.45"
"13,77 : 197.49"
"13,78 : 553.27"
"13,79 : 920.3"
"13,80 : 953.84"
"13,81 : 997.38"
"13,82 : 860.92"
"13,83 : 436.95"
"13,84 : 683.2"
"13,85 : 399.02"
"13,86 : 325.56"
"13,87 : 645.13"
"13,88 : 348.9"
"13,89 : 660.0"
"13,90 : 401.88"
"13,91 : 1004.93"
"13,92 : 839.24"
"13,93 : 915.81"
"13,94 : 589.96"
"13,95 : 411.18"
"13,96 : 1072.55"
"13,97 : 818.3"
"13,98 : 1020.99"
"13,99 : 516.01"
"14,0 : 712.32"
"14,1 : 838.63"
"14,2 : 517.62"
"14,3 : 447.25"
"14,4 : 468.24"
"14,5 : 259.28"
"14,6 : 390.85"
"14,7 : 117.69"
"14,8 : 20.0"
"14,9 : 751.05"
"14,10 : 367.82"
"14,11 : 34.41"
"14,12 : 398.5"
"14,13 : 1073.62"
"14,14 : 0.0"
"14,15 : 19.85"
"14,16 : 465.77"
"14,17 : 885.16"
"14,18 : 597.46"
"14,19 : 866.74"
"14,20 : 1034.11"
"14,21 : 1085.54"
"14,22 : 417.85"
"14,23 : 544.86"
"14,24 : 489.45"
"14,25 : 248.39"
"14,26 : 752.29"
"14,27 : 695.81"
"14,28 : 532.23"
"14,29 : 587.17"
"14,30 : 558.92"
"14,31 : 749.8"
"14,32 : 414.88"
"14,33 : 786.21"
"14,34 : 217.55"
"14,35 : 823.27"
"14,36 : 1020.43"
"14,37 : 313.88"
"14,38 : 438.11"
"14,39 : 406.74"
"14,40 : 856.15"
"14,41 : 538.24"
"14,42 : 476.25"
"14,43 : 843.34"
"14,44 : 1107.46"
"14,45 : 880.03"
"14,46 : 501.44"
"14,47 : 1061.8"
"14,48 : 370.42"
"14,49 : 671.7"
"14,50 : 404.69"
"14,51 : 334.07"
"14,52 : 509.76"
"14,53 : 686.13"
"14,54 : 264.17"
"14,55 : 849.43"
"14,56 : 703.77"
"14,57 : 705.38"
"14,58 : 862.01"
"14,59 : 659.41"
"14,60 : 628.68"
"14,61 : 652.96"
"14,62 : 874.78"
"14,63 : 389.64"
"14,64 : 251.32"
"14,65 : 273.61"
"14,66 : 420.97"
"14,67 : 611.43"
"14,68 : 1141.28"
"14,69 : 348.28"
"14,70 : 745.59"
"14,71 : 714.89"
"14,72 : 1067.09"
"14,73 : 624.19"
"14,74 : 302.03"
"14,75 : 296.02"
"14,76 : 784.16"
"14,77 : 877.89"
"14,78 : 672.17"
"14,79 : 197.82"
"14,80 : 316.06"
"14,81 : 206.41"
"14,82 : 485.63"
"14,83 : 773.77"
"14,84 : 538.02"
"14,85 : 725.16"
"14,86 : 904.91"
"14,87 : 601.19"
"14,88 : 832.35"
"14,89 : 429.12"
"14,90 : 682.53"
"14,91 : 106.3"
"14,92 : 571.51"
"14,93 : 158.32"
"14,94 : 692.01"
"14,95 : 740.46"
"14,96 : 51.31"
"14,97 : 566.06"
"14,98 : 321.64"
"14,99 : 683.8"
"15,0 : 712.54"
"15,1 : 829.87"
"15,2 : 521.65"
"15,3 : 432.91"
"15,4 : 481.93"
"15,5 : 243.2"
"15,6 : 395.34"
"15,7 : 136.0"
"15,8 : 27.17"
"15,9 : 756.64"
"15,10 : 365.61"
"15,11 : 53.91"
"15,12 : 405.44"
"15,13 : 1067.46"
"15,14 : 19.85"
"15,15 : 0.0"
"15,16 : 446.42"
"15,17 : 874.54"
"15,18 : 606.38"
"15,19 : 854.1"
"15,20 : 1028.69"
"15,21 : 1082.68"
"15,22 : 399.96"
"15,23 : 556.81"
"15,24 : 503.29"
"15,25 : 228.55"
"15,26 : 753.4"
"15,27 : 678.39"
"15,28 : 513.58"
"15,29 : 601.25"
"15,30 : 556.31"
"15,31 : 745.89"
"15,32 : 424.68"
"15,33 : 773.52"
"15,34 : 227.2"
"15,35 : 817.93"
"15,36 : 1014.33"
"15,37 : 295.93"
"15,38 : 423.01"
"15,39 : 415.99"
"15,40 : 844.96"
"15,41 : 528.56"
"15,42 : 485.11"
"15,43 : 837.65"
"15,44 : 1102.31"
"15,45 : 862.52"
"15,46 : 515.26"
"15,47 : 1057.73"
"15,48 : 359.07"
"15,49 : 679.35"
"15,50 : 385.88"
"15,51 : 326.96"
"15,52 : 506.42"
"15,53 : 693.49"
"15,54 : 271.84"
"15,55 : 834.12"
"15,56 : 706.92"
"15,57 : 709.14"
"15,58 : 861.04"
"15,59 : 660.98"
"15,60 : 629.23"
"15,61 : 655.1"
"15,62 : 862.35"
"15,63 : 396.87"
"15,64 : 233.99"
"15,65 : 289.39"
"15,66 : 412.23"
"15,67 : 598.82"
"15,68 : 1137.02"
"15,69 : 345.86"
"15,70 : 743.88"
"15,71 : 713.69"
"15,72 : 1064.4"
"15,73 : 635.81"
"15,74 : 285.85"
"15,75 : 285.57"
"15,76 : 769.01"
"15,77 : 872.29"
"15,78 : 658.42"
"15,79 : 182.07"
"15,80 : 296.65"
"15,81 : 220.78"
"15,82 : 467.0"
"15,83 : 761.53"
"15,84 : 543.11"
"15,85 : 723.38"
"15,86 : 893.72"
"15,87 : 606.01"
"15,88 : 831.46"
"15,89 : 419.36"
"15,90 : 674.45"
"15,91 : 117.21"
"15,92 : 582.34"
"15,93 : 151.72"
"15,94 : 677.19"
"15,95 : 739.67"
"15,96 : 32.7"
"15,97 : 547.81"
"15,98 : 301.79"
"15,99 : 685.53"
"16,0 : 760.22"
"16,1 : 651.52"
"16,2 : 684.42"
"16,3 : 238.88"
"16,4 : 809.53"
"16,5 : 346.3"
"16,6 : 603.16"
"16,7 : 564.15"
"16,8 : 469.16"
"16,9 : 904.39"
"16,10 : 481.72"
"16,11 : 496.89"
"16,12 : 646.47"
"16,13 : 923.03"
"16,14 : 465.77"
"16,15 : 446.42"
"16,16 : 0.0"
"16,17 : 642.36"
"16,18 : 837.75"
"16,19 : 571.28"
"16,20 : 905.54"
"16,21 : 1013.24"
"16,22 : 107.3"
"16,23 : 846.71"
"16,24 : 830.58"
"16,25 : 228.3"
"16,26 : 812.07"
"16,27 : 277.71"
"16,28 : 90.44"
"16,29 : 922.53"
"16,30 : 584.19"
"16,31 : 698.07"
"16,32 : 703.05"
"16,33 : 500.97"
"16,34 : 560.42"
"16,35 : 724.16"
"16,36 : 876.42"
"16,37 : 171.19"
"16,38 : 212.85"
"16,39 : 688.26"
"16,40 : 601.8"
"16,41 : 408.19"
"16,42 : 736.54"
"16,43 : 732.44"
"16,44 : 978.29"
"16,45 : 447.49"
"16,46 : 840.86"
"16,47 : 962.92"
"16,48 : 307.92"
"16,49 : 877.05"
"16,50 : 73.93"
"16,51 : 386.29"
"16,52 : 537.09"
"16,53 : 883.7"
"16,54 : 567.21"
"16,55 : 479.96"
"16,56 : 814.59"
"16,57 : 828.45"
"16,58 : 858.96"
"16,59 : 746.08"
"16,60 : 701.01"
"16,61 : 752.6"
"16,62 : 584.13"
"16,63 : 644.72"
"16,64 : 233.35"
"16,65 : 672.09"
"16,66 : 377.48"
"16,67 : 370.8"
"16,68 : 1030.6"
"16,69 : 469.93"
"16,70 : 744.79"
"16,71 : 731.46"
"16,72 : 1000.56"
"16,73 : 910.7"
"16,74 : 216.09"
"16,75 : 325.92"
"16,76 : 426.5"
"16,77 : 763.89"
"16,78 : 378.45"
"16,79 : 294.24"
"16,80 : 149.82"
"16,81 : 601.05"
"16,82 : 62.97"
"16,83 : 503.51"
"16,84 : 719.18"
"16,85 : 726.81"
"16,86 : 644.38"
"16,87 : 764.14"
"16,88 : 835.48"
"16,89 : 357.01"
"16,90 : 544.93"
"16,91 : 506.13"
"16,92 : 850.16"
"16,93 : 395.61"
"16,94 : 360.14"
"16,95 : 761.14"
"16,96 : 421.44"
"16,97 : 135.68"
"16,98 : 169.19"
"16,99 : 769.0"
"17,0 : 479.61"
"17,1 : 102.55"
"17,2 : 622.03"
"17,3 : 465.01"
"17,4 : 892.79"
"17,5 : 929.64"
"17,6 : 665.67"
"17,7 : 909.84"
"17,8 : 901.23"
"17,9 : 682.98"
"17,10 : 573.02"
"17,11 : 897.14"
"17,12 : 712.69"
"17,13 : 307.29"
"17,14 : 885.16"
"17,15 : 874.54"
"17,16 : 642.36"
"17,17 : 0.0"
"17,18 : 769.37"
"17,19 : 111.16"
"17,20 : 312.64"
"17,21 : 455.53"
"17,22 : 575.35"
"17,23 : 857.7"
"17,24 : 903.99"
"17,25 : 775.4"
"17,26 : 512.73"
"17,27 : 434.1"
"17,28 : 564.73"
"17,29 : 949.57"
"17,30 : 440.55"
"17,31 : 323.45"
"17,32 : 776.25"
"17,33 : 146.49"
"17,34 : 797.81"
"17,35 : 254.1"
"17,36 : 274.43"
"17,37 : 643.66"
"17,38 : 485.59"
"17,39 : 763.29"
"17,40 : 42.06"
"17,41 : 348.52"
"17,42 : 753.44"
"17,43 : 237.69"
"17,44 : 372.23"
"17,45 : 447.05"
"17,46 : 907.28"
"17,47 : 388.0"
"17,48 : 515.77"
"17,49 : 740.75"
"17,50 : 625.1"
"17,51 : 559.65"
"17,52 : 455.26"
"17,53 : 733.39"
"17,54 : 759.0"
"17,55 : 274.0"
"17,56 : 584.43"
"17,57 : 606.63"
"17,58 : 444.04"
"17,59 : 529.8"
"17,60 : 501.42"
"17,61 : 549.14"
"17,62 : 98.73"
"17,63 : 720.56"
"17,64 : 676.63"
"17,65 : 900.27"
"17,66 : 467.93"
"17,67 : 289.17"
"17,68 : 432.86"
"17,69 : 585.38"
"17,70 : 406.31"
"17,71 : 428.6"
"17,72 : 451.96"
"17,73 : 871.35"
"17,74 : 618.08"
"17,75 : 589.16"
"17,76 : 271.15"
"17,77 : 243.3"
"17,78 : 263.91"
"17,79 : 704.72"
"17,80 : 700.2"
"17,81 : 863.97"
"17,82 : 579.39"
"17,83 : 139.18"
"17,84 : 647.96"
"17,85 : 406.25"
"17,86 : 36.12"
"17,87 : 637.28"
"17,88 : 442.04"
"17,89 : 456.69"
"17,90 : 230.52"
"17,91 : 840.26"
"17,92 : 827.54"
"17,93 : 729.79"
"17,94 : 290.69"
"17,95 : 441.24"
"17,96 : 871.66"
"17,97 : 525.62"
"17,98 : 763.2"
"17,99 : 533.93"
"18,0 : 315.55"
"18,1 : 672.85"
"18,2 : 167.74"
"18,3 : 633.33"
"18,4 : 201.94"
"18,5 : 832.88"
"18,6 : 238.73"
"18,7 : 512.36"
"18,8 : 616.07"
"18,9 : 194.83"
"18,10 : 356.52"
"18,11 : 576.22"
"18,12 : 207.12"
"18,13 : 770.66"
"18,14 : 597.46"
"18,15 : 606.38"
"18,16 : 837.75"
"18,17 : 769.37"
"18,18 : 0.0"
"18,19 : 828.18"
"18,20 : 715.23"
"18,21 : 684.51"
"18,22 : 733.82"
"18,23 : 115.13"
"18,24 : 196.77"
"18,25 : 737.83"
"18,26 : 313.23"
"18,27 : 897.78"
"18,28 : 842.13"
"18,29 : 192.21"
"18,30 : 344.52"
"18,31 : 461.53"
"18,32 : 183.87"
"18,33 : 771.84"
"18,34 : 379.95"
"18,35 : 552.75"
"18,36 : 725.24"
"18,37 : 681.82"
"18,38 : 651.66"
"18,39 : 190.8"
"18,40 : 768.32"
"18,41 : 535.65"
"18,42 : 121.28"
"18,43 : 577.52"
"18,44 : 768.8"
"18,45 : 1047.15"
"18,46 : 191.71"
"18,47 : 698.41"
"18,48 : 535.23"
"18,49 : 86.37"
"18,50 : 765.69"
"18,51 : 451.58"
"18,52 : 357.97"
"18,53 : 104.24"
"18,54 : 335.17"
"18,55 : 920.03"
"18,56 : 224.57"
"18,57 : 208.03"
"18,58 : 449.69"
"18,59 : 249.48"
"18,60 : 269.09"
"18,61 : 229.65"
"18,62 : 826.46"
"18,63 : 213.6"
"18,64 : 639.37"
"18,65 : 369.99"
"18,66 : 482.64"
"18,67 : 658.73"
"18,68 : 772.12"
"18,69 : 367.83"
"18,70 : 392.42"
"18,71 : 359.49"
"18,72 : 663.93"
"18,73 : 101.98"
"18,74 : 628.94"
"18,75 : 513.72"
"18,76 : 864.46"
"18,77 : 599.37"
"18,78 : 734.0"
"18,79 : 596.48"
"18,80 : 740.95"
"18,81 : 407.27"
"18,82 : 808.89"
"18,83 : 747.13"
"18,84 : 133.06"
"18,85 : 382.67"
"18,86 : 804.11"
"18,87 : 132.85"
"18,88 : 425.47"
"18,89 : 507.92"
"18,90 : 552.91"
"18,91 : 491.34"
"18,92 : 70.04"
"18,93 : 507.17"
"18,94 : 786.03"
"18,95 : 361.69"
"18,96 : 632.87"
"18,97 : 844.81"
"18,98 : 794.67"
"18,99 : 255.65"
"19,0 : 557.98"
"19,1 : 198.81"
"19,2 : 671.38"
"19,3 : 426.52"
"19,4 : 932.13"
"19,5 : 880.6"
"19,6 : 695.88"
"19,7 : 905.46"
"19,8 : 881.21"
"19,9 : 762.28"
"19,10 : 588.62"
"19,11 : 882.63"
"19,12 : 745.67"
"19,13 : 414.78"
"19,14 : 866.74"
"19,15 : 854.1"
"19,16 : 571.28"
"19,17 : 111.16"
"19,18 : 828.18"
"19,19 : 0.0"
"19,20 : 423.23"
"19,21 : 566.69"
"19,22 : 518.28"
"19,23 : 907.4"
"19,24 : 945.38"
"19,25 : 728.82"
"19,26 : 596.45"
"19,27 : 338.04"
"19,28 : 487.69"
"19,29 : 999.97"
"19,30 : 487.12"
"19,31 : 406.54"
"19,32 : 811.86"
"19,33 : 80.6"
"19,34 : 806.49"
"19,35 : 350.71"
"19,36 : 384.63"
"19,37 : 598.87"
"19,38 : 442.76"
"19,39 : 797.87"
"19,40 : 78.43"
"19,41 : 349.18"
"19,42 : 797.35"
"19,43 : 337.91"
"19,44 : 480.69"
"19,45 : 336.0"
"19,46 : 949.92"
"19,47 : 499.03"
"19,48 : 497.83"
"19,49 : 809.18"
"19,50 : 564.92"
"19,51 : 557.15"
"19,52 : 490.24"
"19,53 : 803.72"
"19,54 : 773.16"
"19,55 : 163.15"
"19,56 : 660.59"
"19,57 : 682.59"
"19,58 : 542.59"
"19,59 : 600.14"
"19,60 : 566.42"
"19,61 : 618.55"
"19,62 : 14.32"
"19,63 : 752.38"
"19,64 : 640.46"
"19,65 : 915.71"
"19,66 : 465.43"
"19,67 : 255.31"
"19,68 : 541.91"
"19,69 : 597.81"
"19,70 : 489.87"
"19,71 : 507.17"
"19,72 : 563.05"
"19,73 : 929.56"
"19,74 : 581.7"
"19,75 : 573.74"
"19,76 : 168.19"
"19,77 : 348.49"
"19,78 : 203.27"
"19,79 : 676.75"
"19,80 : 648.46"
"19,81 : 871.81"
"19,82 : 509.05"
"19,83 : 95.08"
"19,84 : 700.69"
"19,85 : 486.34"
"19,86 : 89.5"
"19,87 : 698.99"
"19,88 : 537.31"
"19,89 : 449.0"
"19,90 : 275.28"
"19,91 : 834.61"
"19,92 : 881.44"
"19,93 : 717.04"
"19,94 : 211.15"
"19,95 : 524.0"
"19,96 : 847.13"
"19,97 : 445.5"
"19,98 : 707.13"
"19,99 : 607.91"
"20,0 : 402.6"
"20,1 : 258.68"
"20,2 : 619.21"
"20,3 : 689.1"
"20,4 : 889.67"
"20,5 : 1141.98"
"20,6 : 713.14"
"20,7 : 1024.14"
"20,8 : 1052.88"
"20,9 : 561.96"
"20,10 : 672.41"
"20,11 : 1036.37"
"20,12 : 746.33"
"20,13 : 56.75"
"20,14 : 1034.11"
"20,15 : 1028.69"
"20,16 : 905.54"
"20,17 : 312.64"
"20,18 : 715.23"
"20,19 : 423.23"
"20,20 : 0.0"
"20,21 : 149.04"
"20,22 : 819.73"
"20,23 : 825.16"
"20,24 : 893.75"
"20,25 : 989.63"
"20,26 : 403.12"
"20,27 : 736.21"
"20,28 : 839.87"
"20,29 : 907.4"
"20,30 : 486.25"
"20,31 : 291.73"
"20,32 : 795.06"
"20,33 : 448.74"
"20,34 : 888.03"
"20,35 : 210.84"
"20,36 : 39.81"
"20,37 : 862.36"
"20,38 : 714.41"
"20,39 : 786.5"
"20,40 : 351.28"
"20,41 : 527.05"
"20,42 : 749.7"
"20,43 : 191.4"
"20,44 : 74.95"
"20,45 : 759.11"
"20,46 : 892.89"
"20,47 : 78.34"
"20,48 : 696.89"
"20,49 : 655.42"
"20,50 : 871.59"
"20,51 : 702.95"
"20,52 : 529.1"
"20,53 : 641.79"
"20,54 : 838.79"
"20,55 : 586.38"
"20,56 : 492.18"
"20,57 : 511.17"
"20,58 : 273.02"
"20,59 : 472.23"
"20,60 : 470.68"
"20,61 : 490.8"
"20,62 : 410.08"
"20,63 : 756.56"
"20,64 : 876.84"
"20,65 : 964.62"
"20,66 : 625.98"
"20,67 : 534.84"
"20,68 : 125.8"
"20,69 : 690.59"
"20,70 : 331.35"
"20,71 : 367.14"
"20,72 : 151.29"
"20,73 : 809.38"
"20,74 : 823.25"
"20,75 : 756.09"
"20,76 : 581.4"
"20,77 : 156.6"
"20,78 : 543.16"
"20,79 : 886.49"
"20,80 : 928.01"
"20,81 : 950.95"
"20,82 : 844.18"
"20,83 : 432.95"
"20,84 : 630.1"
"20,85 : 346.77"
"20,86 : 336.07"
"20,87 : 590.62"
"20,88 : 292.48"
"20,89 : 627.13"
"20,90 : 372.54"
"20,91 : 962.36"
"20,92 : 784.02"
"20,93 : 876.99"
"20,94 : 583.8"
"20,95 : 356.95"
"20,96 : 1035.07"
"20,97 : 806.5"
"20,98 : 995.8"
"20,99 : 461.13"
"21,0 : 396.01"
"21,1 : 387.5"
"21,2 : 621.7"
"21,3 : 785.58"
"21,4 : 874.87"
"21,5 : 1220.81"
"21,6 : 732.18"
"21,7 : 1059.79"
"21,8 : 1105.04"
"21,9 : 507.52"
"21,10 : 717.78"
"21,11 : 1083.23"
"21,12 : 756.72"
"21,13 : 184.55"
"21,14 : 1085.54"
"21,15 : 1082.68"
"21,16 : 1013.24"
"21,17 : 455.53"
"21,18 : 684.51"
"21,19 : 566.69"
"21,20 : 149.04"
"21,21 : 0.0"
"21,22 : 920.51"
"21,23 : 798.98"
"21,24 : 875.31"
"21,25 : 1072.42"
"21,26 : 377.32"
"21,27 : 866.9"
"21,28 : 954.59"
"21,29 : 872.74"
"21,30 : 526.62"
"21,31 : 339.77"
"21,32 : 795.52"
"21,33 : 584.23"
"21,34 : 917.45"
"21,35 : 289.88"
"21,36 : 188.74"
"21,37 : 950.48"
"21,38 : 811.82"
"21,39 : 789.55"
"21,40 : 492.0"
"21,41 : 616.03"
"21,42 : 741.92"
"21,43 : 280.86"
"21,44 : 130.86"
"21,45 : 902.47"
"21,46 : 872.47"
"21,47 : 70.84"
"21,48 : 775.4"
"21,49 : 612.67"
"21,50 : 972.06"
"21,51 : 765.28"
"21,52 : 576.35"
"21,53 : 596.73"
"21,54 : 865.61"
"21,55 : 729.3"
"21,56 : 462.04"
"21,57 : 476.77"
"21,58 : 240.88"
"21,59 : 464.08"
"21,60 : 476.83"
"21,61 : 479.53"
"21,62 : 554.04"
"21,63 : 767.44"
"21,64 : 956.27"
"21,65 : 978.97"
"21,66 : 699.35"
"21,67 : 647.01"
"21,68 : 97.12"
"21,69 : 737.26"
"21,70 : 343.36"
"21,71 : 377.15"
"21,72 : 20.62"
"21,73 : 769.28"
"21,74 : 906.62"
"21,75 : 825.67"
"21,76 : 719.35"
"21,77 : 250.5"
"21,78 : 666.98"
"21,79 : 957.37"
"21,80 : 1018.55"
"21,81 : 976.37"
"21,82 : 953.81"
"21,83 : 565.98"
"21,84 : 624.19"
"21,85 : 363.09"
"21,86 : 481.5"
"21,87 : 573.76"
"21,88 : 269.31"
"21,89 : 705.41"
"21,90 : 468.7"
"21,91 : 1003.61"
"21,92 : 754.54"
"21,93 : 932.75"
"21,94 : 712.11"
"21,95 : 356.59"
"21,96 : 1093.17"
"21,97 : 924.65"
"21,98 : 1087.1"
"21,99 : 446.4"
"22,0 : 654.34"
"22,1 : 571.4"
"22,2 : 578.45"
"22,3 : 136.62"
"22,4 : 715.97"
"22,5 : 363.78"
"22,6 : 501.54"
"22,7 : 502.24"
"22,8 : 425.44"
"22,9 : 797.13"
"22,10 : 377.31"
"22,11 : 445.25"
"22,12 : 546.6"
"22,13 : 841.31"
"22,14 : 417.85"
"22,15 : 399.96"
"22,16 : 107.3"
"22,17 : 575.35"
"22,18 : 733.82"
"22,19 : 518.28"
"22,20 : 819.73"
"22,21 : 920.51"
"22,22 : 0.0"
"22,23 : 747.73"
"22,24 : 736.57"
"22,25 : 216.93"
"22,26 : 706.09"
"22,27 : 279.59"
"22,28 : 122.79"
"22,29 : 826.27"
"22,30 : 477.55"
"22,31 : 598.36"
"22,32 : 605.56"
"22,33 : 442.02"
"22,34 : 476.89"
"22,35 : 630.63"
"22,36 : 792.8"
"22,37 : 104.05"
"22,38 : 110.05"
"22,39 : 590.48"
"22,40 : 536.81"
"22,41 : 308.17"
"22,42 : 635.57"
"22,43 : 640.77"
"22,44 : 893.6"
"22,45 : 463.06"
"22,46 : 746.43"
"22,47 : 873.27"
"22,48 : 201.22"
"22,49 : 771.03"
"22,50 : 51.87"
"22,51 : 282.45"
"22,52 : 430.0"
"22,53 : 777.37"
"22,54 : 477.25"
"22,55 : 455.39"
"22,56 : 707.37"
"22,57 : 721.17"
"22,58 : 757.17"
"22,59 : 639.01"
"22,60 : 594.01"
"22,61 : 645.38"
"22,62 : 529.88"
"22,63 : 545.58"
"22,64 : 167.37"
"22,65 : 592.45"
"22,66 : 270.22"
"22,67 : 290.66"
"22,68 : 943.56"
"22,69 : 366.56"
"22,70 : 641.46"
"22,71 : 626.86"
"22,72 : 906.95"
"22,73 : 809.41"
"22,74 : 129.02"
"22,75 : 226.55"
"22,76 : 394.37"
"22,77 : 673.32"
"22,78 : 316.3"
"22,79 : 226.36"
"22,80 : 132.2"
"22,81 : 524.05"
"22,82 : 79.51"
"22,83 : 439.77"
"22,84 : 613.43"
"22,85 : 623.08"
"22,86 : 582.4"
"22,87 : 657.42"
"22,88 : 732.94"
"22,89 : 250.05"
"22,90 : 452.13"
"22,91 : 438.09"
"22,92 : 748.93"
"22,93 : 318.52"
"22,94 : 312.71"
"22,95 : 656.62"
"22,96 : 380.68"
"22,97 : 149.47"
"22,98 : 189.0"
"22,99 : 662.04"
"23,0 : 423.04"
"23,1 : 764.84"
"23,2 : 236.37"
"23,3 : 663.62"
"23,4 : 96.05"
"23,5 : 794.25"
"23,6 : 249.24"
"23,7 : 446.02"
"23,8 : 561.9"
"23,9 : 307.69"
"23,10 : 380.03"
"23,11 : 519.09"
"23,12 : 201.34"
"23,13 : 880.0"
"23,14 : 544.86"
"23,15 : 556.81"
"23,16 : 846.71"
"23,17 : 857.7"
"23,18 : 115.13"
"23,19 : 907.4"
"23,20 : 825.16"
"23,21 : 798.98"
"23,22 : 747.73"
"23,23 : 0.0"
"23,24 : 85.28"
"23,25 : 717.8"
"23,26 : 425.49"
"23,27 : 940.73"
"23,28 : 863.19"
"23,29 : 92.59"
"23,30 : 420.48"
"23,31 : 561.59"
"23,32 : 145.15"
"23,33 : 845.43"
"23,34 : 332.1"
"23,35 : 654.23"
"23,36 : 833.32"
"23,37 : 681.88"
"23,38 : 678.42"
"23,39 : 159.18"
"23,40 : 852.71"
"23,41 : 592.22"
"23,42 : 117.39"
"23,43 : 679.25"
"23,44 : 880.71"
"23,45 : 1100.63"
"23,46 : 78.23"
"23,47 : 811.23"
"23,48 : 558.08"
"23,49 : 196.82"
"23,50 : 773.04"
"23,51 : 468.78"
"23,52 : 421.37"
"23,53 : 214.77"
"23,54 : 298.56"
"23,55 : 985.55"
"23,56 : 337.72"
"23,57 : 322.22"
"23,58 : 562.75"
"23,59 : 354.46"
"23,60 : 366.46"
"23,61 : 335.21"
"23,62 : 907.04"
"23,63 : 202.18"
"23,64 : 631.51"
"23,65 : 290.0"
"23,66 : 519.12"
"23,67 : 716.37"
"23,68 : 885.74"
"23,69 : 385.86"
"23,70 : 497.97"
"23,71 : 463.64"
"23,72 : 778.39"
"23,73 : 80.05"
"23,74 : 631.75"
"23,75 : 521.51"
"23,76 : 926.61"
"23,77 : 703.23"
"23,78 : 793.57"
"23,79 : 581.23"
"23,80 : 734.28"
"23,81 : 341.95"
"23,82 : 825.83"
"23,83 : 821.62"
"23,84 : 209.99"
"23,85 : 486.28"
"23,86 : 891.42"
"23,87 : 235.26"
"23,88 : 537.72"
"23,89 : 544.7"
"23,90 : 633.7"
"23,91 : 439.6"
"23,92 : 46.53"
"23,93 : 482.84"
"23,94 : 842.74"
"23,95 : 469.11"
"23,96 : 586.25"
"23,97 : 871.79"
