x,y
990,130
9,21
808,778
120,786
382,453
328,976
609,175
81,613
859,385
694,932
261,397
792,373
995,140
771,399
400,795
758,881
989,107
81,293
252,422
923,561
968,560
829,53
263,778
529,623
166,651
648,832
152,264
278,586
169,679
294,491
608,3
163,695
963,685
915,894
603,504
859,420
599,560
793,798
603,577
227,901
919,850
29,94
186,990
885,2
550,805
492,937
515,665
483,964
808,213
806,643
735,642
560,926
773,14
714,259
28,403
849,581
855,323
8,259
531,775
197,744
676,608
325,148
106,185
32,755
161,958
21,347
76,362
449,667
199,735
762,424
455,701
884,821
639,788
554,422
800,70
622,13
944,913
87,858
717,825
156,744
975,217
797,310
682,295
889,30
348,30
741,886
856,766
366,348
292,209
547,319
787,434
377,242
407,585
12,693
268,819
265,931
820,618
612,398
670,32
480,677

Distanze
"0,0 : 0.0"
"0,1 : 987.04"
"0,2 : 673.07"
"0,3 : 1089.6"
"0,4 : 688.47"
"0,5 : 1074.23"
"0,6 : 383.65"
"0,7 : 1029.35"
"0,8 : 286.68"
"0,9 : 854.88"
"0,10 : 776.36"
"0,11 : 313.45"
"0,12 : 11.18"
"0,13 : 346.87"
"0,14 : 889.0"
"0,15 : 786.02"
"0,16 : 23.02"
"0,17 : 923.5"
"0,18 : 793.67"
"0,19 : 436.18"
"0,20 : 430.56"
"0,21 : 178.47"
"0,22 : 973.88"
"0,23 : 674.96"
"0,24 : 974.89"
"0,25 : 780.88"
"0,26 : 848.65"
"0,27 : 845.51"
"0,28 : 987.64"
"0,29 : 784.05"
"0,30 : 402.56"
"0,31 : 1001.58"
"0,32 : 555.66"
"0,33 : 767.67"
"0,34 : 538.19"
"0,35 : 318.22"
"0,36 : 581.19"
"0,37 : 696.44"
"0,38 : 591.25"
"0,39 : 1084.72"
"0,40 : 723.49"
"0,41 : 961.67"
"0,42 : 1177.29"
"0,43 : 165.56"
"0,44 : 805.74"
"0,45 : 948.29"
"0,46 : 715.44"
"0,47 : 976.01"
"0,48 : 200.03"
"0,49 : 545.0"
"0,50 : 571.99"
"0,51 : 904.72"
"0,52 : 246.06"
"0,53 : 304.66"
"0,54 : 999.99"
"0,55 : 472.53"
"0,56 : 235.53"
"0,57 : 990.44"
"0,58 : 791.65"
"0,59 : 1002.92"
"0,60 : 571.91"
"0,61 : 665.24"
"0,62 : 885.71"
"0,63 : 1143.85"
"0,64 : 1171.68"
"0,65 : 993.0"
"0,66 : 942.98"
"0,67 : 762.27"
"0,68 : 995.84"
"0,69 : 372.05"
"0,70 : 782.47"
"0,71 : 699.08"
"0,72 : 745.76"
"0,73 : 524.75"
"0,74 : 199.25"
"0,75 : 386.15"
"0,76 : 784.35"
"0,77 : 1159.91"
"0,78 : 746.7"
"0,79 : 1035.64"
"0,80 : 88.28"
"0,81 : 263.91"
"0,82 : 349.41"
"0,83 : 142.13"
"0,84 : 649.74"
"0,85 : 795.95"
"0,86 : 649.96"
"0,87 : 660.98"
"0,88 : 702.46"
"0,89 : 481.63"
"0,90 : 365.55"
"0,91 : 623.15"
"0,92 : 739.54"
"0,93 : 1128.47"
"0,94 : 998.0"
"0,95 : 1080.38"
"0,96 : 516.76"
"0,97 : 463.37"
"0,98 : 334.67"
"0,99 : 747.87"
"1,0 : 987.04"
"1,1 : 0.0"
"1,2 : 1100.66"
"1,3 : 773.01"
"1,4 : 570.75"
"1,5 : 1006.87"
"1,6 : 619.45"
"1,7 : 596.36"
"1,8 : 924.66"
"1,9 : 1139.8"
"1,10 : 452.64"
"1,11 : 858.48"
"1,12 : 993.16"
"1,13 : 850.6"
"1,14 : 867.15"
"1,15 : 1140.44"
"1,16 : 983.77"
"1,17 : 281.37"
"1,18 : 468.88"
"1,19 : 1061.6"
"1,20 : 1100.09"
"1,21 : 820.62"
"1,22 : 798.48"
"1,23 : 795.49"
"1,24 : 649.27"
"1,25 : 1032.49"
"1,26 : 281.95"
"1,27 : 625.77"
"1,28 : 677.17"
"1,29 : 549.66"
"1,30 : 599.27"
"1,31 : 691.37"
"1,32 : 1162.33"
"1,33 : 1258.16"
"1,34 : 765.59"
"1,35 : 938.99"
"1,36 : 799.14"
"1,37 : 1103.8"
"1,38 : 813.62"
"1,39 : 906.6"
"1,40 : 1230.99"
"1,41 : 75.69"
"1,42 : 985.03"
"1,43 : 876.21"
"1,44 : 952.54"
"1,45 : 1035.54"
"1,46 : 819.01"
"1,47 : 1055.43"
"1,48 : 821.75"
"1,49 : 1010.99"
"1,50 : 955.36"
"1,51 : 1059.54"
"1,52 : 764.03"
"1,53 : 744.09"
"1,54 : 382.47"
"1,55 : 1009.55"
"1,56 : 898.29"
"1,57 : 238.0"
"1,58 : 917.06"
"1,59 : 747.04"
"1,60 : 888.51"
"1,61 : 340.57"
"1,62 : 190.54"
"1,63 : 734.36"
"1,64 : 949.25"
"1,65 : 326.22"
"1,66 : 347.52"
"1,67 : 781.61"
"1,68 : 738.85"
"1,69 : 854.06"
"1,70 : 813.21"
"1,71 : 1185.59"
"1,72 : 992.57"
"1,73 : 676.63"
"1,74 : 792.52"
"1,75 : 613.05"
"1,76 : 1292.24"
"1,77 : 840.63"
"1,78 : 1071.3"
"1,79 : 737.79"
"1,80 : 985.68"
"1,81 : 839.32"
"1,82 : 726.64"
"1,83 : 880.05"
"1,84 : 339.12"
"1,85 : 1133.16"
"1,86 : 1128.02"
"1,87 : 484.13"
"1,88 : 339.75"
"1,89 : 615.02"
"1,90 : 880.83"
"1,91 : 429.26"
"1,92 : 690.29"
"1,93 : 672.01"
"1,94 : 838.98"
"1,95 : 945.32"
"1,96 : 1007.04"
"1,97 : 711.15"
"1,98 : 661.09"
"1,99 : 807.57"
"2,0 : 673.07"
"2,1 : 1100.66"
"2,2 : 0.0"
"2,3 : 688.05"
"2,4 : 535.82"
"2,5 : 519.23"
"2,6 : 634.99"
"2,7 : 745.49"
"2,8 : 396.3"
"2,9 : 191.6"
"2,10 : 666.61"
"2,11 : 405.32"
"2,12 : 664.84"
"2,13 : 380.8"
"2,14 : 408.35"
"2,15 : 114.49"
"2,16 : 694.98"
"2,17 : 873.93"
"2,18 : 660.21"
"2,19 : 245.59"
"2,20 : 270.41"
"2,21 : 725.3"
"2,22 : 545.0"
"2,23 : 319.16"
"2,24 : 654.44"
"2,25 : 168.87"
"2,26 : 833.39"
"2,27 : 563.71"
"2,28 : 646.62"
"2,29 : 588.7"
"2,30 : 800.39"
"2,31 : 650.32"
"2,32 : 180.76"
"2,33 : 157.81"
"2,34 : 342.2"
"2,35 : 361.61"
"2,36 : 302.0"
"2,37 : 25.0"
"2,38 : 287.1"
"2,39 : 593.88"
"2,40 : 132.31"
"2,41 : 1036.68"
"2,42 : 657.14"
"2,43 : 779.81"
"2,44 : 259.41"
"2,45 : 353.75"
"2,46 : 314.04"
"2,47 : 374.46"
"2,48 : 565.0"
"2,49 : 135.01"
"2,50 : 154.35"
"2,51 : 288.8"
"2,52 : 764.8"
"2,53 : 527.44"
"2,54 : 865.46"
"2,55 : 201.22"
"2,56 : 457.42"
"2,57 : 953.6"
"2,58 : 277.02"
"2,59 : 611.95"
"2,60 : 215.23"
"2,61 : 793.84"
"2,62 : 918.94"
"2,63 : 776.34"
"2,64 : 671.57"
"2,65 : 897.29"
"2,66 : 841.95"
"2,67 : 375.77"
"2,68 : 610.52"
"2,69 : 356.98"
"2,70 : 361.3"
"2,71 : 87.32"
"2,72 : 169.3"
"2,73 : 437.32"
"2,74 : 708.05"
"2,75 : 787.29"
"2,76 : 191.63"
"2,77 : 725.42"
"2,78 : 102.42"
"2,79 : 652.89"
"2,80 : 585.33"
"2,81 : 468.13"
"2,82 : 499.16"
"2,83 : 752.37"
"2,84 : 878.13"
"2,85 : 127.09"
"2,86 : 49.48"
"2,87 : 616.66"
"2,88 : 768.13"
"2,89 : 528.02"
"2,90 : 344.64"
"2,91 : 687.79"
"2,92 : 445.03"
"2,93 : 800.53"
"2,94 : 541.55"
"2,95 : 564.14"
"2,96 : 160.45"
"2,97 : 427.57"
"2,98 : 758.66"
"2,99 : 343.2"
"3,0 : 1089.6"
"3,1 : 773.01"
"3,2 : 688.05"
"3,3 : 0.0"
"3,4 : 423.71"
"3,5 : 281.72"
"3,6 : 782.59"
"3,7 : 177.34"
"3,8 : 840.79"
"3,9 : 592.28"
"3,10 : 413.77"
"3,11 : 788.77"
"3,12 : 1087.63"
"3,13 : 757.34"
"3,14 : 280.14"
"3,15 : 645.03"
"3,16 : 1102.82"
"3,17 : 494.54"
"3,18 : 387.2"
"3,19 : 833.93"
"3,20 : 877.6"
"3,21 : 1019.79"
"3,22 : 143.22"
"3,23 : 440.28"
"3,24 : 142.62"
"3,25 : 530.0"
"3,26 : 522.98"
"3,27 : 254.88"
"3,28 : 117.69"
"3,29 : 342.49"
"3,30 : 922.62"
"3,31 : 100.65"
"3,32 : 849.03"
"3,33 : 802.3"
"3,34 : 559.3"
"3,35 : 824.67"
"3,36 : 529.64"
"3,37 : 673.11"
"3,38 : 526.28"
"3,39 : 157.08"
"3,40 : 801.56"
"3,41 : 697.96"
"3,42 : 214.41"
"3,43 : 1095.39"
"3,44 : 430.42"
"3,45 : 401.48"
"3,46 : 413.12"
"3,47 : 404.29"
"3,48 : 895.36"
"3,49 : 700.75"
"3,50 : 631.63"
"3,51 : 461.74"
"3,52 : 1011.13"
"3,53 : 794.08"
"3,54 : 393.89"
"3,55 : 757.28"
"3,56 : 868.67"
"3,57 : 538.77"
"3,58 : 411.15"
"3,59 : 87.71"
"3,60 : 583.8"
"3,61 : 670.13"
"3,62 : 601.16"
"3,63 : 93.3"
"3,64 : 176.82"
"3,65 : 450.02"
"3,66 : 426.28"
"3,67 : 349.86"
"3,68 : 94.03"
"3,69 : 737.03"
"3,70 : 345.62"
"3,71 : 764.8"
"3,72 : 519.0"
"3,73 : 566.44"
"3,74 : 987.45"
"3,75 : 921.7"
"3,76 : 833.73"
"3,77 : 79.2"
"3,78 : 598.27"
"3,79 : 55.32"
"3,80 : 1027.03"
"3,81 : 827.59"
"3,82 : 746.27"
"3,83 : 1078.38"
"3,84 : 789.63"
"3,85 : 629.0"
"3,86 : 736.27"
"3,87 : 502.35"
"3,88 : 602.09"
"3,89 : 632.79"
"3,90 : 754.18"
"3,91 : 601.65"
"3,92 : 350.39"
"3,93 : 142.52"
"3,94 : 151.63"
"3,95 : 205.06"
"3,96 : 719.88"
"3,97 : 626.58"
"3,98 : 933.28"
"3,99 : 376.14"
"4,0 : 688.47"
"4,1 : 570.75"
"4,2 : 535.82"
"4,3 : 423.71"
"4,4 : 0.0"
"4,5 : 525.78"
"4,6 : 358.91"
"4,7 : 340.88"
"4,8 : 481.82"
"4,9 : 571.65"
"4,10 : 133.33"
"4,11 : 417.73"
"4,12 : 688.29"
"4,13 : 392.73"
"4,14 : 342.47"
"4,15 : 569.7"
"4,16 : 698.69"
"4,17 : 340.88"
"4,18 : 133.65"
"4,19 : 551.67"
"4,20 : 595.69"
"4,21 : 599.84"
"4,22 : 346.1"
"4,23 : 224.74"
"4,24 : 293.02"
"4,25 : 463.03"
"4,26 : 297.69"
"4,27 : 168.83"
"4,28 : 310.56"
"4,29 : 95.85"
"4,30 : 503.56"
"4,31 : 326.38"
"4,32 : 625.61"
"4,33 : 691.79"
"4,34 : 226.81"
"4,35 : 478.14"
"4,36 : 241.95"
"4,37 : 536.61"
"4,38 : 253.41"
"4,39 : 474.06"
"4,40 : 667.82"
"4,41 : 503.48"
"4,42 : 571.65"
"4,43 : 675.58"
"4,44 : 390.04"
"4,45 : 496.34"
"4,46 : 250.27"
"4,47 : 520.89"
"4,48 : 488.95"
"4,49 : 464.62"
"4,50 : 400.41"
"4,51 : 505.38"
"4,52 : 587.88"
"4,53 : 384.53"
"4,54 : 357.51"
"4,55 : 484.22"
"4,56 : 490.54"
"4,57 : 421.32"
"4,58 : 354.8"
"4,59 : 344.83"
"4,60 : 332.36"
"4,61 : 310.28"
"4,62 : 384.71"
"4,63 : 462.28"
"4,64 : 551.24"
"4,65 : 376.24"
"4,66 : 319.24"
"4,67 : 224.24"
"4,68 : 336.17"
"4,69 : 381.1"
"4,70 : 258.52"
"4,71 : 622.44"
"4,72 : 422.23"
"4,73 : 174.77"
"4,74 : 566.93"
"4,75 : 501.2"
"4,76 : 726.25"
"4,77 : 501.05"
"4,78 : 500.61"
"4,79 : 368.45"
"4,80 : 638.24"
"4,81 : 438.95"
"4,82 : 339.06"
"4,83 : 660.29"
"4,84 : 424.36"
"4,85 : 562.47"
"4,86 : 568.02"
"4,87 : 106.21"
"4,88 : 260.07"
"4,89 : 212.56"
"4,90 : 405.45"
"4,91 : 211.06"
"4,92 : 134.35"
"4,93 : 441.02"
"4,94 : 383.34"
"4,95 : 492.11"
"4,96 : 468.05"
"4,97 : 236.48"
"4,98 : 510.08"
"4,99 : 244.5"
"5,0 : 1074.23"
"5,1 : 1006.87"
"5,2 : 519.23"
"5,3 : 281.72"
"5,4 : 525.78"
"5,5 : 0.0"
"5,6 : 848.86"
"5,7 : 439.06"
"5,8 : 794.51"
"5,9 : 368.64"
"5,10 : 582.86"
"5,11 : 760.86"
"5,12 : 1069.48"
"5,13 : 727.45"
"5,14 : 194.79"
"5,15 : 440.37"
"5,16 : 1091.83"
"5,17 : 726.29"
"5,18 : 559.19"
"5,19 : 725.43"
"5,20 : 763.32"
"5,21 : 1050.2"
"5,22 : 208.4"
"5,23 : 406.21"
"5,24 : 363.14"
"5,25 : 350.91"
"5,26 : 733.43"
"5,27 : 393.19"
"5,28 : 336.88"
"5,29 : 486.19"
"5,30 : 1012.49"
"5,31 : 325.86"
"5,32 : 698.5"
"5,33 : 592.7"
"5,34 : 546.27"
"5,35 : 768.83"
"5,36 : 496.48"
"5,37 : 497.9"
"5,38 : 484.59"
"5,39 : 125.8"
"5,40 : 604.28"
"5,41 : 931.3"
"5,42 : 142.69"
"5,43 : 1122.02"
"5,44 : 280.22"
"5,45 : 168.57"
"5,46 : 362.89"
"5,47 : 155.46"
"5,48 : 901.43"
"5,49 : 582.56"
"5,50 : 526.5"
"5,51 : 237.33"
"5,52 : 1059.94"
"5,53 : 814.3"
"5,54 : 646.78"
"5,55 : 653.81"
"5,56 : 839.13"
"5,57 : 785.17"
"5,58 : 285.67"
"5,59 : 266.43"
"5,60 : 506.49"
"5,61 : 828.01"
"5,62 : 821.56"
"5,63 : 369.4"
"5,64 : 167.97"
"5,65 : 699.92"
"5,66 : 663.7"
"5,67 : 331.85"
"5,68 : 273.35"
"5,69 : 702.18"
"5,70 : 302.91"
"5,71 : 577.2"
"5,72 : 363.41"
"5,73 : 598.32"
"5,74 : 1021.58"
"5,75 : 1006.88"
"5,76 : 619.21"
"5,77 : 268.34"
"5,78 : 417.28"
"5,79 : 288.8"
"5,80 : 997.34"
"5,81 : 814.57"
"5,82 : 767.51"
"5,83 : 1099.83"
"5,84 : 946.21"
"5,85 : 422.69"
"5,86 : 568.23"
"5,87 : 629.15"
"5,88 : 767.84"
"5,89 : 692.54"
"5,90 : 710.24"
"5,91 : 735.63"
"5,92 : 398.9"
"5,93 : 424.2"
"5,94 : 168.07"
"5,95 : 77.42"
"5,96 : 608.46"
"5,97 : 644.0"
"5,98 : 1004.04"
"5,99 : 335.42"
"6,0 : 383.65"
"6,1 : 619.45"
"6,2 : 634.99"
"6,3 : 782.59"
"6,4 : 358.91"
"6,5 : 848.86"
"6,6 : 0.0"
"6,7 : 686.02"
"6,8 : 326.5"
"6,9 : 761.76"
"6,10 : 412.78"
"6,11 : 269.62"
"6,12 : 387.58"
"6,13 : 276.44"
"6,14 : 654.28"
"6,15 : 721.55"
"6,16 : 386.04"
"6,17 : 541.02"
"6,18 : 434.12"
"6,19 : 497.59"
"6,20 : 526.41"
"6,21 : 251.56"
"6,22 : 695.22"
"6,23 : 455.09"
"6,24 : 650.25"
"6,25 : 658.16"
"6,26 : 465.59"
"6,27 : 527.71"
"6,28 : 669.04"
"6,29 : 446.18"
"6,30 : 172.0"
"6,31 : 685.07"
"6,32 : 620.82"
"6,33 : 781.41"
"6,34 : 329.05"
"6,35 : 350.04"
"6,36 : 385.13"
"6,37 : 649.6"
"6,38 : 402.04"
"6,39 : 820.37"
"6,40 : 742.78"
"6,41 : 585.63"
"6,42 : 918.23"
"6,43 : 325.74"
"6,44 : 632.76"
"6,45 : 770.93"
"6,46 : 498.93"
"6,47 : 799.0"
"6,48 : 202.6"
"6,49 : 507.77"
"6,50 : 483.7"
"6,51 : 752.6"
"6,52 : 229.82"
"6,53 : 134.47"
"6,54 : 624.14"
"6,55 : 471.63"
"6,56 : 287.09"
"6,57 : 606.84"
"6,58 : 605.05"
"6,59 : 702.5"
"6,60 : 438.15"
"6,61 : 285.28"
"6,62 : 503.1"
"6,63 : 818.13"
"6,64 : 902.1"
"6,65 : 612.64"
"6,66 : 564.85"
"6,67 : 517.36"
"6,68 : 694.05"
"6,69 : 292.25"
"6,70 : 548.08"
"6,71 : 702.1"
"6,72 : 613.73"
"6,73 : 253.05"
"6,74 : 217.96"
"6,75 : 162.52"
"6,76 : 810.47"
"6,77 : 859.64"
"6,78 : 658.91"
"6,79 : 727.3"
"6,80 : 368.4"
"6,81 : 231.45"
"6,82 : 140.46"
"6,83 : 315.32"
"6,84 : 298.57"
"6,85 : 723.15"
"6,86 : 640.54"
"6,87 : 298.29"
"6,88 : 318.82"
"6,89 : 156.78"
"6,90 : 314.27"
"6,91 : 241.48"
"6,92 : 457.06"
"6,93 : 790.4"
"6,94 : 728.71"
"6,95 : 830.59"
"6,96 : 490.68"
"6,97 : 223.02"
"6,98 : 155.47"
"6,99 : 518.31"
"7,0 : 1029.35"
"7,1 : 596.36"
"7,2 : 745.49"
"7,3 : 177.34"
"7,4 : 340.88"
"7,5 : 439.06"
"7,6 : 686.02"
"7,7 : 0.0"
"7,8 : 810.72"
"7,9 : 691.04"
"7,10 : 281.17"
"7,11 : 750.41"
"7,12 : 1029.14"
"7,13 : 722.42"
"7,14 : 367.27"
"7,15 : 728.12"
"7,16 : 1039.47"
"7,17 : 320.0"
"7,18 : 256.36"
"7,19 : 843.6"
"7,20 : 888.58"
"7,21 : 934.4"
"7,22 : 245.66"
"7,23 : 448.11"
"7,24 : 93.11"
"7,25 : 607.82"
"7,26 : 356.15"
"7,27 : 198.84"
"7,28 : 110.0"
"7,29 : 245.46"
"7,30 : 806.12"
"7,31 : 115.97"
"7,32 : 884.93"
"7,33 : 880.07"
"7,34 : 533.26"
"7,35 : 801.58"
"7,36 : 520.7"
"7,37 : 735.64"
"7,38 : 523.24"
"7,39 : 322.89"
"7,40 : 870.87"
"7,41 : 521.6"
"7,42 : 391.35"
"7,43 : 1009.82"
"7,44 : 506.78"
"7,45 : 523.35"
"7,46 : 437.1"
"7,47 : 533.67"
"7,48 : 829.78"
"7,49 : 725.62"
"7,50 : 654.64"
"7,51 : 572.2"
"7,52 : 915.24"
"7,53 : 725.26"
"7,54 : 216.58"
"7,55 : 768.67"
"7,56 : 826.54"
"7,57 : 361.45"
"7,58 : 478.27"
"7,59 : 174.98"
"7,60 : 595.02"
"7,61 : 525.13"
"7,62 : 428.73"
"7,63 : 150.22"
"7,64 : 354.15"
"7,65 : 272.68"
"7,66 : 251.05"
"7,67 : 371.94"
"7,68 : 169.73"
"7,69 : 706.74"
"7,70 : 384.21"
"7,71 : 829.5"
"7,72 : 584.8"
"7,73 : 510.11"
"7,74 : 901.0"
"7,75 : 807.89"
"7,76 : 913.66"
"7,77 : 245.07"
"7,78 : 670.4"
"7,79 : 150.95"
"7,80 : 977.78"
"7,81 : 777.47"
"7,82 : 679.94"
"7,83 : 996.37"
"7,84 : 641.23"
"7,85 : 714.23"
"7,86 : 789.96"
"7,87 : 389.17"
"7,88 : 455.78"
"7,89 : 550.99"
"7,90 : 728.34"
"7,91 : 474.61"
"7,92 : 327.2"
"7,93 : 105.65"
"7,94 : 278.22"
"7,95 : 367.4"
"7,96 : 739.02"
"7,97 : 572.88"
"7,98 : 827.33"
"7,99 : 404.1"
"8,0 : 286.68"
"8,1 : 924.66"
"8,2 : 396.3"
"8,3 : 840.79"
"8,4 : 481.82"
"8,5 : 794.51"
"8,6 : 326.5"
"8,7 : 810.72"
"8,8 : 0.0"
"8,9 : 571.34"
"8,10 : 598.12"
"8,11 : 68.07"
"8,12 : 280.22"
"8,13 : 89.11"
"8,14 : 615.45"
"8,15 : 506.18"
"8,16 : 306.89"
"8,17 : 783.42"
"8,18 : 608.13"
"8,19 : 187.28"
"8,20 : 206.17"
"8,21 : 333.35"
"8,22 : 713.91"
"8,23 : 406.87"
"8,24 : 742.3"
"8,25 : 494.3"
"8,26 : 717.28"
"8,27 : 614.79"
"8,28 : 750.02"
"8,29 : 574.86"
"8,30 : 457.08"
"8,31 : 761.92"
"8,32 : 317.52"
"8,33 : 512.07"
"8,34 : 282.31"
"8,35 : 35.0"
"8,36 : 313.41"
"8,37 : 418.24"
"8,38 : 320.0"
"8,39 : 815.89"
"8,40 : 468.85"
"8,41 : 879.53"
"8,42 : 904.96"
"8,43 : 383.88"
"8,44 : 521.42"
"8,45 : 662.87"
"8,46 : 443.55"
"8,47 : 690.37"
"8,48 : 179.4"
"8,49 : 263.39"
"8,50 : 285.35"
"8,51 : 618.13"
"8,52 : 380.84"
"8,53 : 192.1"
"8,54 : 831.19"
"8,55 : 196.25"
"8,56 : 62.13"
"8,57 : 860.28"
"8,58 : 509.59"
"8,59 : 753.08"
"8,60 : 288.48"
"8,61 : 584.23"
"8,62 : 779.11"
"8,63 : 906.0"
"8,64 : 903.07"
"8,65 : 838.86"
"8,66 : 783.34"
"8,67 : 497.62"
"8,68 : 747.06"
"8,69 : 104.55"
"8,70 : 512.91"
"8,71 : 436.72"
"8,72 : 459.14"
"8,73 : 307.24"
"8,74 : 320.48"
"8,75 : 441.08"
"8,76 : 534.8"
"8,77 : 905.38"
"8,78 : 462.35"
"8,79 : 789.36"
"8,80 : 204.16"
"8,81 : 97.31"
"8,82 : 198.57"
"8,83 : 356.27"
"8,84 : 622.21"
"8,85 : 514.71"
"8,86 : 381.01"
"8,87 : 494.39"
"8,88 : 593.69"
"8,89 : 318.9"
"8,90 : 87.09"
"8,91 : 502.77"
"8,92 : 494.27"
"8,93 : 901.26"
"8,94 : 733.24"
"8,95 : 806.82"
"8,96 : 236.24"
"8,97 : 247.34"
"8,98 : 400.41"
"8,99 : 478.44"
"9,0 : 854.88"
"9,1 : 1139.8"
"9,2 : 191.6"
"9,3 : 592.28"
"9,4 : 571.65"
"9,5 : 368.64"
"9,6 : 761.76"
"9,7 : 691.04"
"9,8 : 571.34"
"9,9 : 0.0"
"9,10 : 688.27"
"9,11 : 567.53"
"9,12 : 847.27"
"9,13 : 538.53"
"9,14 : 324.35"
"9,15 : 81.84"
"9,16 : 876.16"
"9,17 : 885.49"
"9,18 : 674.88"
"9,19 : 435.98"
"9,20 : 462.02"
"9,21 : 889.31"
"9,22 : 457.69"
"9,23 : 350.29"
"9,24 : 598.12"
"9,25 : 110.07"
"9,26 : 860.23"
"9,27 : 541.08"
"9,28 : 582.78"
"9,29 : 595.38"
"9,30 : 932.97"
"9,31 : 581.49"
"9,32 : 365.2"
"9,33 : 224.24"
"9,34 : 437.57"
"9,35 : 537.93"
"9,36 : 383.94"
"9,37 : 166.6"
"9,38 : 366.48"
"9,39 : 468.03"
"9,40 : 239.48"
"9,41 : 1069.8"
"9,42 : 511.3"
"9,43 : 949.41"
"9,44 : 192.0"
"9,45 : 202.06"
"9,46 : 321.45"
"9,47 : 213.41"
"9,48 : 727.98"
"9,49 : 309.94"
"9,50 : 292.88"
"9,51 : 134.13"
"9,52 : 921.39"
"9,53 : 673.3"
"9,54 : 850.53"
"9,55 : 383.7"
"9,56 : 629.92"
"9,57 : 961.0"
"9,58 : 226.31"
"9,59 : 531.37"
"9,60 : 324.5"
"9,61 : 866.5"
"9,62 : 950.66"
"9,63 : 685.25"
"9,64 : 533.63"
"9,65 : 891.71"
"9,66 : 840.73"
"9,67 : 360.9"
"9,68 : 532.76"
"9,69 : 512.53"
"9,70 : 332.39"
"9,71 : 220.05"
"9,72 : 154.15"
"9,73 : 528.87"
"9,74 : 868.49"
"9,75 : 921.82"
"9,76 : 250.72"
"9,77 : 611.49"
"9,78 : 109.44"
"9,79 : 569.9"
"9,80 : 768.24"
"9,81 : 630.47"
"9,82 : 637.11"
"9,83 : 922.84"
"9,84 : 966.08"
"9,85 : 65.76"
"9,86 : 231.95"
"9,87 : 669.81"
"9,88 : 827.24"
"9,89 : 630.38"
"9,90 : 506.61"
"9,91 : 759.33"
"9,92 : 450.31"
"9,93 : 722.67"
"9,94 : 440.73"
"9,95 : 429.0"
"9,96 : 338.34"
"9,97 : 540.26"
"9,98 : 900.32"
"9,99 : 332.9"
"10,0 : 776.36"
"10,1 : 452.64"
"10,2 : 666.61"
"10,3 : 413.77"
"10,4 : 133.33"
"10,5 : 582.86"
"10,6 : 412.78"
"10,7 : 281.17"
"10,8 : 598.12"
"10,9 : 688.27"
"10,10 : 0.0"
"10,11 : 531.54"
"10,12 : 777.69"
"10,13 : 510.0"
"10,14 : 421.57"
"10,15 : 693.73"
"10,16 : 783.64"
"10,17 : 207.88"
"10,18 : 26.57"
"10,19 : 682.01"
"10,20 : 725.55"
"10,21 : 664.05"
"10,22 : 381.01"
"10,23 : 350.57"
"10,24 : 271.18"
"10,25 : 582.23"
"10,26 : 171.96"
"10,27 : 189.76"
"10,28 : 296.63"
"10,29 : 99.62"
"10,30 : 525.02"
"10,31 : 313.7"
"10,32 : 758.78"
"10,33 : 821.42"
"10,34 : 358.35"
"10,35 : 598.44"
"10,36 : 375.25"
"10,37 : 666.2"
"10,38 : 386.48"
"10,39 : 505.15"
"10,40 : 798.86"
"10,41 : 381.62"
"10,42 : 597.72"
"10,43 : 738.51"
"10,44 : 499.98"
"10,45 : 587.33"
"10,46 : 369.24"
"10,47 : 608.91"
"10,48 : 577.12"
"10,49 : 597.95"
"10,50 : 533.57"
"10,51 : 607.65"
"10,52 : 639.4"
"10,53 : 473.55"
"10,54 : 233.08"
"10,55 : 616.12"
"10,56 : 598.59"
"10,57 : 288.19"
"10,58 : 464.53"
"10,59 : 352.85"
"10,60 : 465.56"
"10,61 : 257.09"
"10,62 : 262.62"
"10,63 : 424.98"
"10,64 : 569.84"
"10,65 : 245.15"
"10,66 : 188.28"
"10,67 : 329.0"
"10,68 : 343.64"
"10,69 : 501.73"
"10,70 : 360.63"
"10,71 : 753.59"
"10,72 : 543.84"
"10,73 : 294.06"
"10,74 : 630.44"
"10,75 : 527.05"
"10,76 : 856.01"
"10,77 : 492.74"
"10,78 : 625.4"
"10,79 : 362.54"
"10,80 : 736.34"
"10,81 : 543.01"
"10,82 : 433.18"
"10,83 : 727.37"
"10,84 : 377.17"
"10,85 : 685.22"
"10,86 : 700.13"
"10,87 : 115.87"
"10,88 : 190.54"
"10,89 : 296.45"
"10,90 : 527.3"
"10,91 : 193.6"
"10,92 : 238.03"
"10,93 : 386.8"
"10,94 : 422.06"
"10,95 : 534.01"
"10,96 : 601.1"
"10,97 : 351.0"
"10,98 : 548.18"
"10,99 : 355.47"
"11,0 : 313.45"
"11,1 : 858.48"
"11,2 : 405.32"
"11,3 : 788.77"
"11,4 : 417.73"
"11,5 : 760.86"
"11,6 : 269.62"
"11,7 : 750.41"
"11,8 : 68.07"
"11,9 : 567.53"
"11,10 : 531.54"
"11,11 : 0.0"
"11,12 : 309.03"
"11,13 : 33.42"
"11,14 : 575.98"
"11,15 : 509.14"
"11,16 : 331.01"
"11,17 : 715.49"
"11,18 : 542.22"
"11,19 : 229.14"
"11,20 : 256.8"
"11,21 : 322.13"
"11,22 : 666.23"
"11,23 : 362.86"
"11,24 : 684.95"
"11,25 : 481.06"
"11,26 : 649.22"
"11,27 : 556.39"
"11,28 : 694.09"
"11,29 : 511.79"
"11,30 : 413.23"
"11,31 : 706.63"
"11,32 : 355.79"
"11,33 : 535.32"
"11,34 : 229.96"
"11,35 : 81.84"
"11,36 : 268.73"
"11,37 : 425.0"
"11,38 : 278.1"
"11,39 : 773.31"
"11,40 : 493.62"
"11,41 : 812.41"
"11,42 : 864.83"
"11,43 : 382.48"
"11,44 : 495.16"
"11,45 : 638.82"
"11,46 : 402.48"
"11,47 : 666.9"
"11,48 : 160.8"
"11,49 : 270.36"
"11,50 : 274.97"
"11,51 : 599.69"
"11,52 : 359.5"
"11,53 : 138.13"
"11,54 : 764.59"
"11,55 : 215.67"
"11,56 : 80.43"
"11,57 : 792.24"
"11,58 : 479.3"
"11,59 : 701.19"
"11,60 : 262.07"
"11,61 : 518.38"
"11,62 : 711.29"
"11,63 : 850.6"
"11,64 : 860.46"
"11,65 : 771.44"
"11,66 : 716.08"
"11,67 : 451.76"
"11,68 : 694.76"
"11,69 : 59.17"
"11,70 : 470.27"
"11,71 : 457.35"
"11,72 : 442.31"
"11,73 : 242.99"
"11,74 : 303.11"
"11,75 : 398.12"
"11,76 : 560.98"
"11,77 : 855.72"
"11,78 : 458.18"
"11,79 : 736.3"
"11,80 : 240.47"
"11,81 : 63.2"
"11,82 : 134.85"
"11,83 : 356.45"
"11,84 : 561.06"
"11,85 : 515.53"
"11,86 : 398.18"
"11,87 : 426.73"
"11,88 : 526.21"
"11,89 : 250.88"
"11,90 : 61.2"
"11,91 : 435.19"
"11,92 : 439.51"
"11,93 : 843.09"
"11,94 : 688.11"
"11,95 : 767.52"
"11,96 : 246.59"
"11,97 : 181.73"
"11,98 : 362.17"
"11,99 : 435.61"
"12,0 : 11.18"
"12,1 : 993.16"
"12,2 : 664.84"
"12,3 : 1087.63"
"12,4 : 688.29"
"12,5 : 1069.48"
"12,6 : 387.58"
"12,7 : 1029.14"
"12,8 : 280.22"
"12,9 : 847.27"
"12,10 : 777.69"
"12,11 : 309.03"
"12,12 : 0.0"
"12,13 : 342.43"
"12,14 : 884.9"
"12,15 : 777.98"
"12,16 : 33.54"
"12,17 : 926.72"
"12,18 : 794.72"
"12,19 : 427.11"
"12,20 : 420.87"
"12,21 : 187.42"
"12,22 : 971.01"
"12,23 : 671.15"
"12,24 : 973.84"
"12,25 : 774.13"
"12,26 : 852.07"
"12,27 : 844.4"
"12,28 : 986.3"
"12,29 : 783.97"
"12,30 : 410.53"
"12,31 : 1000.12"
"12,32 : 545.94"
"12,33 : 758.23"
"12,34 : 534.94"
"12,35 : 311.28"
"12,36 : 577.25"
"12,37 : 688.31"
"12,38 : 587.05"
"12,39 : 1081.18"
"12,40 : 714.06"
"12,41 : 967.09"
"12,42 : 1173.45"
"12,43 : 176.48"
"12,44 : 800.16"
"12,45 : 942.45"
"12,46 : 711.35"
"12,47 : 970.11"
"12,48 : 200.74"
"12,49 : 537.34"
"12,50 : 565.34"
"12,51 : 898.34"
"12,52 : 255.26"
"12,53 : 305.16"
"12,54 : 1002.13"
"12,55 : 464.54"
"12,56 : 230.41"
"12,57 : 994.15"
"12,58 : 786.46"
"12,59 : 1000.81"
"12,60 : 566.38"
"12,61 : 670.05"
"12,62 : 890.14"
"12,63 : 1142.63"
"12,64 : 1168.2"
"12,65 : 995.75"
"12,66 : 945.43"
"12,67 : 758.84"
"12,68 : 993.8"
"12,69 : 367.35"
"12,70 : 778.67"
"12,71 : 689.99"
"12,72 : 739.35"
"12,73 : 523.45"
"12,74 : 207.18"
"12,75 : 394.03"
"12,76 : 774.68"
"12,77 : 1157.58"
"12,78 : 739.26"
"12,79 : 1033.8"
"12,80 : 79.56"
"12,81 : 260.97"
"12,82 : 349.28"
"12,83 : 152.76"
"12,84 : 656.28"
"12,85 : 788.06"
"12,86 : 641.25"
"12,87 : 662.5"
"12,88 : 706.38"
"12,89 : 482.44"
"12,90 : 360.14"
"12,91 : 626.36"
"12,92 : 737.41"
"12,93 : 1127.87"
"12,94 : 994.77"
"12,95 : 1076.37"
"12,96 : 509.03"
"12,97 : 461.79"
"12,98 : 342.47"
"12,99 : 744.04"
"13,0 : 346.87"
"13,1 : 850.6"
"13,2 : 380.8"
"13,3 : 757.34"
"13,4 : 392.73"
"13,5 : 727.45"
"13,6 : 276.44"
"13,7 : 722.42"
"13,8 : 89.11"
"13,9 : 538.53"
"13,10 : 510.0"
"13,11 : 33.42"
"13,12 : 342.43"
"13,13 : 0.0"
"13,14 : 542.64"
"13,15 : 482.18"
"13,16 : 364.4"
"13,17 : 698.09"
"13,18 : 519.51"
"13,19 : 222.14"
"13,20 : 254.42"
"13,21 : 350.83"
"13,22 : 633.8"
"13,23 : 329.76"
"13,24 : 655.38"
"13,25 : 450.13"
"13,26 : 633.55"
"13,27 : 527.27"
"13,28 : 663.93"
"13,29 : 485.79"
"13,30 : 428.23"
"13,31 : 676.22"
"13,32 : 344.47"
"13,33 : 515.52"
"13,34 : 198.11"
"13,35 : 90.47"
"13,36 : 235.59"
"13,37 : 399.61"
"13,38 : 244.76"
"13,39 : 740.23"
"13,40 : 474.66"
"13,41 : 802.24"
"13,42 : 831.57"
"13,43 : 413.04"
"13,44 : 462.25"
"13,45 : 606.04"
"13,46 : 369.18"
"13,47 : 634.17"
"13,48 : 189.64"
"13,49 : 246.5"
"13,50 : 245.65"
"13,51 : 567.67"
"13,52 : 385.01"
"13,53 : 151.16"
"13,54 : 743.01"
"13,55 : 198.01"
"13,56 : 113.28"
"13,57 : 775.74"
"13,58 : 446.07"
"13,59 : 669.7"
"13,60 : 229.58"
"13,61 : 511.78"
"13,62 : 698.58"
"13,63 : 820.28"
"13,64 : 827.39"
"13,65 : 751.8"
"13,66 : 695.98"
"13,67 : 418.94"
"13,68 : 663.39"
"13,69 : 26.57"
"13,70 : 437.1"
"13,71 : 436.87"
"13,72 : 410.79"
"13,73 : 218.22"
"13,74 : 330.28"
"13,75 : 413.76"
"13,76 : 542.33"
"13,77 : 823.73"
"13,78 : 429.41"
"13,79 : 705.16"
"13,80 : 273.39"
"13,81 : 92.72"
"13,82 : 136.88"
"13,83 : 387.41"
"13,84 : 561.33"
"13,85 : 487.92"
"13,86 : 376.71"
"13,87 : 408.2"
"13,88 : 515.31"
"13,89 : 237.86"
"13,90 : 38.48"
"13,91 : 424.13"
"13,92 : 408.77"
"13,93 : 813.95"
"13,94 : 655.29"
"13,95 : 734.21"
"13,96 : 224.41"
"13,97 : 159.0"
"13,98 : 380.64"
"13,99 : 402.45"
"14,0 : 889.0"
"14,1 : 867.15"
"14,2 : 408.35"
"14,3 : 280.14"
"14,4 : 342.47"
"14,5 : 194.79"
"14,6 : 654.28"
"14,7 : 367.27"
"14,8 : 615.45"
"14,9 : 324.35"
"14,10 : 421.57"
"14,11 : 575.98"
"14,12 : 884.9"
"14,13 : 542.64"
"14,14 : 0.0"
"14,15 : 368.18"
"14,16 : 905.68"
"14,17 : 594.78"
"14,18 : 401.29"
"14,19 : 572.96"
"14,20 : 614.69"
"14,21 : 857.09"
"14,22 : 138.05"
"14,23 : 215.0"
"14,24 : 274.76"
"14,25 : 250.74"
"14,26 : 586.06"
"14,27 : 242.0"
"14,28 : 258.49"
"14,29 : 321.95"
"14,30 : 818.86"
"14,31 : 257.23"
"14,32 : 573.65"
"14,33 : 524.43"
"14,34 : 354.81"
"14,35 : 592.71"
"14,36 : 307.94"
"14,37 : 393.01"
"14,38 : 297.88"
"14,39 : 202.89"
"14,40 : 521.91"
"14,41 : 793.12"
"14,42 : 289.52"
"14,43 : 929.56"
"14,44 : 150.33"
"14,45 : 169.2"
"14,46 : 173.57"
"14,47 : 188.28"
"14,48 : 710.77"
"14,49 : 433.52"
"14,50 : 368.29"
"14,51 : 206.79"
"14,52 : 865.5"
"14,53 : 621.2"
"14,54 : 540.41"
"14,55 : 497.39"
"14,56 : 655.6"
"14,57 : 664.05"
"14,58 : 132.52"
"14,59 : 209.31"
"14,60 : 333.38"
"14,61 : 651.33"
"14,62 : 677.15"
"14,63 : 370.17"
"14,64 : 289.29"
"14,65 : 586.81"
"14,66 : 540.8"
"14,67 : 137.06"
"14,68 : 209.76"
"14,69 : 518.35"
"14,70 : 108.91"
"14,71 : 484.7"
"14,72 : 239.1"
"14,73 : 403.54"
"14,74 : 828.02"
"14,75 : 812.9"
"14,76 : 556.65"
"14,77 : 319.28"
"14,78 : 318.42"
"14,79 : 249.27"
"14,80 : 815.3"
"14,81 : 626.76"
"14,82 : 574.04"
"14,83 : 907.94"
"14,84 : 766.77"
"14,85 : 352.93"
"14,86 : 456.92"
"14,87 : 448.29"
"14,88 : 595.87"
"14,89 : 498.18"
"14,90 : 529.24"
"14,91 : 553.48"
"14,92 : 210.12"
"14,93 : 401.18"
"14,94 : 134.16"
"14,95 : 191.63"
"14,96 : 455.77"
"14,97 : 450.06"
"14,98 : 809.36"
"14,99 : 142.56"
"15,0 : 786.02"
"15,1 : 1140.44"
"15,2 : 114.49"
"15,3 : 645.03"
"15,4 : 569.7"
"15,5 : 440.37"
"15,6 : 721.55"
"15,7 : 728.12"
"15,8 : 506.18"
"15,9 : 81.84"
"15,10 : 693.73"
"15,11 : 509.14"
"15,12 : 777.98"
"15,13 : 482.18"
"15,14 : 368.18"
"15,15 : 0.0"
"15,16 : 807.74"
"15,17 : 896.7"
"15,18 : 683.17"
"15,19 : 360.03"
"15,20 : 383.59"
"15,21 : 831.04"
"15,22 : 505.6"
"15,23 : 344.97"
"15,24 : 635.11"
"15,25 : 120.42"
"15,26 : 864.83"
"15,27 : 563.4"
"15,28 : 622.68"
"15,29 : 606.13"
"15,30 : 890.72"
"15,31 : 623.39"
"15,32 : 283.62"
"15,33 : 157.54"
"15,34 : 407.62"
"15,35 : 471.93"
"15,36 : 358.22"
"15,37 : 90.08"
"15,38 : 341.23"
"15,39 : 531.38"
"15,40 : 163.96"
"15,41 : 1072.76"
"15,42 : 582.29"
"15,43 : 888.13"
"15,44 : 221.45"
"15,45 : 271.83"
"15,46 : 325.12"
"15,47 : 287.25"
"15,48 : 669.87"
"15,49 : 242.79"
"15,50 : 240.1"
"15,51 : 203.05"
"15,52 : 867.13"
"15,53 : 623.55"
"15,54 : 872.57"
"15,55 : 313.5"
"15,56 : 566.37"
"15,57 : 974.36"
"15,58 : 250.53"
"15,59 : 577.49"
"15,60 : 285.05"
"15,61 : 851.34"
"15,62 : 953.69"
"15,63 : 736.85"
"15,64 : 601.95"
"15,65 : 910.12"
"15,66 : 857.02"
"15,67 : 375.87"
"15,68 : 577.75"
"15,69 : 457.02"
"15,70 : 352.43"
"15,71 : 139.56"
"15,72 : 151.03"
"15,73 : 502.29"
"15,74 : 812.09"
"15,75 : 878.59"
"15,76 : 188.73"
"15,77 : 671.39"
"15,78 : 69.4"
"15,79 : 617.39"
"15,80 : 698.56"
"15,81 : 572.33"
"15,82 : 590.91"
"15,83 : 861.02"
"15,84 : 944.62"
"15,85 : 17.72"
"15,86 : 151.09"
"15,87 : 661.63"
"15,88 : 817.77"
"15,89 : 600.3"
"15,90 : 447.94"
"15,91 : 743.96"
"15,92 : 459.15"
"15,93 : 769.32"
"15,94 : 493.91"
"15,95 : 495.53"
"15,96 : 270.21"
"15,97 : 504.58"
"15,98 : 853.55"
"15,99 : 344.82"
"16,0 : 23.02"
"16,1 : 983.77"
"16,2 : 694.98"
"16,3 : 1102.82"
"16,4 : 698.69"
"16,5 : 1091.83"
"16,6 : 386.04"
"16,7 : 1039.47"
"16,8 : 306.89"
"16,9 : 876.16"
"16,10 : 783.64"
"16,11 : 331.01"
"16,12 : 33.54"
"16,13 : 364.4"
"16,14 : 905.68"
"16,15 : 807.74"
"16,16 : 0.0"
"16,17 : 926.85"
"16,18 : 801.49"
"16,19 : 458.77"
"16,20 : 453.49"
"16,21 : 168.87"
"16,22 : 988.59"
"16,23 : 691.27"
"16,24 : 986.54"
"16,25 : 801.19"
"16,26 : 851.6"
"16,27 : 857.3"
"16,28 : 999.79"
"16,29 : 794.03"
"16,30 : 394.94"
"16,31 : 1013.91"
"16,32 : 578.58"
"16,33 : 790.47"
"16,34 : 553.72"
"16,35 : 338.92"
"16,36 : 597.75"
"16,37 : 718.26"
"16,38 : 608.19"
"16,39 : 1100.49"
"16,40 : 746.29"
"16,41 : 960.09"
"16,42 : 1193.52"
"16,43 : 147.79"
"16,44 : 824.58"
"16,45 : 967.42"
"16,46 : 732.15"
"16,47 : 995.23"
"16,48 : 209.75"
"16,49 : 566.38"
"16,50 : 592.23"
"16,51 : 924.56"
"16,52 : 235.17"
"16,53 : 314.21"
"16,54 : 1005.55"
"16,55 : 494.24"
"16,56 : 254.19"
"16,57 : 992.71"
"16,58 : 809.93"
"16,59 : 1016.38"
"16,60 : 590.74"
"16,61 : 665.26"
"16,62 : 886.44"
"16,63 : 1155.75"
"16,64 : 1187.34"
"16,65 : 997.31"
"16,66 : 947.94"
"16,67 : 777.95"
"16,68 : 1009.2"
"16,69 : 389.89"
"16,70 : 798.74"
"16,71 : 721.68"
"16,72 : 765.68"
"16,73 : 537.08"
"16,74 : 192.59"
"16,75 : 378.85"
"16,76 : 807.26"
"16,77 : 1173.71"
"16,78 : 767.79"
"16,79 : 1048.65"
"16,80 : 110.89"
"16,81 : 279.42"
"16,82 : 359.99"
"16,83 : 126.21"
"16,84 : 645.61"
"16,85 : 817.52"
"16,86 : 672.29"
"16,87 : 667.99"
"16,88 : 704.42"
"16,89 : 490.21"
"16,90 : 384.36"
"16,91 : 626.71"
"16,92 : 753.13"
"16,93 : 1139.27"
"16,94 : 1013.3"
"16,95 : 1096.88"
"16,96 : 538.22"
"16,97 : 476.25"
"16,98 : 327.7"
"16,99 : 764.19"
"17,0 : 923.5"
"17,1 : 281.37"
"17,2 : 873.93"
"17,3 : 494.54"
"17,4 : 340.88"
"17,5 : 726.29"
"17,6 : 541.02"
"17,7 : 320.0"
"17,8 : 783.42"
"17,9 : 885.49"
"17,10 : 207.88"
"17,11 : 715.49"
"17,12 : 926.72"
"17,13 : 698.09"
"17,14 : 594.78"
"17,15 : 896.7"
"17,16 : 926.85"
"17,17 : 0.0"
"17,18 : 214.2"
"17,19 : 883.62"
"17,20 : 926.31"
"17,21 : 785.56"
"17,22 : 518.02"
"17,23 : 556.42"
"17,24 : 367.95"
"17,25 : 782.31"
"17,26 : 76.69"
"17,27 : 353.07"
"17,28 : 395.9"
"17,29 : 290.81"
"17,30 : 601.52"
"17,31 : 410.28"
"17,32 : 965.19"
"17,33 : 1027.99"
"17,34 : 563.03"
"17,35 : 788.3"
"17,36 : 582.76"
"17,37 : 872.91"
"17,38 : 594.26"
"17,39 : 625.28"
"17,40 : 1006.23"
"17,41 : 205.68"
"17,42 : 704.86"
"17,43 : 855.04"
"17,44 : 694.34"
"17,45 : 763.97"
"17,46 : 571.61"
"17,47 : 782.21"
"17,48 : 731.39"
"17,49 : 805.06"
"17,50 : 741.29"
"17,51 : 793.81"
"17,52 : 746.13"
"17,53 : 633.91"
"17,54 : 122.1"
"17,55 : 820.22"
"17,56 : 774.58"
"17,57 : 80.53"
"17,58 : 659.41"
"17,59 : 465.68"
"17,60 : 673.24"
"17,61 : 283.83"
"17,62 : 110.86"
"17,63 : 464.59"
"17,64 : 669.79"
"17,65 : 80.72"
"17,66 : 69.18"
"17,67 : 524.69"
"17,68 : 457.48"
"17,69 : 693.49"
"17,70 : 553.48"
"17,71 : 961.04"
"17,72 : 745.91"
"17,73 : 490.28"
"17,74 : 752.79"
"17,75 : 609.16"
"17,76 : 1062.62"
"17,77 : 565.03"
"17,78 : 829.17"
"17,79 : 457.19"
"17,80 : 897.22"
"17,81 : 716.2"
"17,82 : 601.0"
"17,83 : 849.73"
"17,84 : 374.78"
"17,85 : 887.27"
"17,86 : 907.94"
"17,87 : 290.26"
"17,88 : 227.11"
"17,89 : 466.72"
"17,90 : 719.94"
"17,91 : 300.36"
"17,92 : 437.65"
"17,93 : 405.91"
"17,94 : 558.25"
"17,95 : 664.0"
"17,96 : 807.31"
"17,97 : 541.28"
"17,98 : 644.24"
"17,99 : 553.77"
"18,0 : 793.67"
"18,1 : 468.88"
"18,2 : 660.21"
"18,3 : 387.2"
"18,4 : 133.65"
"18,5 : 559.19"
"18,6 : 434.12"
"18,7 : 256.36"
"18,8 : 608.13"
"18,9 : 674.88"
"18,10 : 26.57"
"18,11 : 542.22"
"18,12 : 794.72"
"18,13 : 519.51"
"18,14 : 401.29"
"18,15 : 683.17"
"18,16 : 801.49"
"18,17 : 214.2"
"18,18 : 0.0"
"18,19 : 685.25"
"18,20 : 729.18"
"18,21 : 684.9"
"18,22 : 356.17"
"18,23 : 342.24"
"18,24 : 244.62"
"18,25 : 570.01"
"18,26 : 186.99"
"18,27 : 166.05"
"18,28 : 270.07"
"18,29 : 80.78"
"18,30 : 549.82"
"18,31 : 287.14"
"18,32 : 758.08"
"18,33 : 813.85"
"18,34 : 360.45"
"18,35 : 607.0"
"18,36 : 373.43"
"18,37 : 658.83"
"18,38 : 383.7"
"18,39 : 479.65"
"18,40 : 792.51"
"18,41 : 396.63"
"18,42 : 571.82"
"18,43 : 759.66"
"18,44 : 485.28"
"18,45 : 568.18"
"18,46 : 358.08"
"18,47 : 589.17"
"18,48 : 593.98"
"18,49 : 596.45"
"18,50 : 530.74"
"18,51 : 590.66"
"18,52 : 661.74"
"18,53 : 489.91"
"18,54 : 224.8"
"18,55 : 617.81"
"18,56 : 611.07"
"18,57 : 293.44"
"18,58 : 449.94"
"18,59 : 326.66"
"18,60 : 463.0"
"18,61 : 283.56"
"18,62 : 278.36"
"18,63 : 399.11"
"18,64 : 543.67"
"18,65 : 242.87"
"18,66 : 185.95"
"18,67 : 314.38"
"18,68 : 317.46"
"18,69 : 510.0"
"18,70 : 345.04"
"18,71 : 747.41"
"18,72 : 532.66"
"18,73 : 302.0"
"18,74 : 651.31"
"18,75 : 551.53"
"18,76 : 848.5"
"18,77 : 466.18"
"18,78 : 615.33"
"18,79 : 336.01"
"18,80 : 751.5"
"18,81 : 556.39"
"18,82 : 448.36"
"18,83 : 747.95"
"18,84 : 403.58"
"18,85 : 674.1"
"18,86 : 695.09"
"18,87 : 135.91"
"18,88 : 216.72"
"18,89 : 312.46"
"18,90 : 535.13"
"18,91 : 219.15"
"18,92 : 224.93"
"18,93 : 362.0"
"18,94 : 397.32"
"18,95 : 509.17"
"18,96 : 600.87"
"18,97 : 360.8"
"18,98 : 571.69"
"18,99 : 342.07"
"19,0 : 436.18"
"19,1 : 1061.6"
"19,2 : 245.59"
"19,3 : 833.93"
"19,4 : 551.67"
"19,5 : 725.43"
"19,6 : 497.59"
"19,7 : 843.6"
"19,8 : 187.28"
"19,9 : 435.98"
"19,10 : 682.01"
"19,11 : 229.14"
"19,12 : 427.11"
"19,13 : 222.14"
"19,14 : 572.96"
"19,15 : 360.03"
"19,16 : 458.77"
"19,17 : 883.62"
"19,18 : 685.25"
"19,19 : 0.0"
"19,20 : 45.01"
"19,21 : 516.62"
"19,22 : 694.76"
"19,23 : 398.85"
"19,24 : 762.33"
"19,25 : 386.09"
"19,26 : 826.23"
"19,27 : 645.48"
"19,28 : 763.18"
"19,29 : 632.88"
"19,30 : 640.77"
"19,31 : 771.72"
"19,32 : 130.29"
"19,33 : 333.1"
"19,34 : 325.04"
"19,35 : 154.85"
"19,36 : 324.0"
"19,37 : 270.31"
"19,38 : 320.4"
"19,39 : 774.61"
"19,40 : 289.03"
"19,41 : 1008.63"
"19,42 : 852.77"
"19,43 : 560.29"
"19,44 : 445.72"
"19,45 : 571.96"
"19,46 : 421.05"
"19,47 : 596.66"
"19,48 : 366.51"
"19,49 : 142.87"
"19,50 : 204.71"
"19,51 : 514.78"
"19,52 : 567.19"
"19,53 : 367.27"
"19,54 : 908.84"
"19,55 : 76.66"
"19,56 : 247.52"
"19,57 : 963.55"
"19,58 : 446.61"
"19,59 : 748.71"
"19,60 : 251.43"
"19,61 : 726.76"
"19,62 : 899.37"
"19,63 : 911.88"
"19,64 : 859.22"
"19,65 : 927.04"
"19,66 : 870.06"
"19,67 : 485.71"
"19,68 : 744.62"
"19,69 : 211.4"
"19,70 : 488.49"
"19,71 : 262.91"
"19,72 : 363.57"
"19,73 : 394.31"
"19,74 : 506.17"
"19,75 : 625.22"
"19,76 : 352.63"
"19,77 : 887.19"
"19,78 : 334.86"
"19,79 : 788.53"
"19,80 : 347.91"
"19,81 : 280.85"
"19,82 : 358.94"
"19,83 : 532.09"
"19,84 : 782.68"
"19,85 : 372.49"
"19,86 : 215.67"
"19,87 : 596.34"
"19,88 : 722.54"
"19,89 : 447.15"
"19,90 : 186.08"
"19,91 : 632.36"
"19,92 : 516.56"
"19,93 : 920.51"
"19,94 : 703.98"
"19,95 : 754.89"
"19,96 : 117.72"
"19,97 : 351.13"
"19,98 : 586.39"
"19,99 : 457.94"
"20,0 : 430.56"
"20,1 : 1100.09"
"20,2 : 270.41"
"20,3 : 877.6"
"20,4 : 595.69"
"20,5 : 763.32"
"20,6 : 526.41"
"20,7 : 888.58"
"20,8 : 206.17"
"20,9 : 462.02"
"20,10 : 725.55"
"20,11 : 256.8"
"20,12 : 420.87"
"20,13 : 254.42"
"20,14 : 614.69"
"20,15 : 383.59"
"20,16 : 453.49"
"20,17 : 926.31"
"20,18 : 729.18"
"20,19 : 45.01"
"20,20 : 0.0"
"20,21 : 525.71"
"20,22 : 737.94"
"20,23 : 443.5"
"20,24 : 807.15"
"20,25 : 419.98"
"20,26 : 868.03"
"20,27 : 690.49"
"20,28 : 807.81"
"20,29 : 677.52"
"20,30 : 663.21"
"20,31 : 816.24"
"20,32 : 125.1"
"20,33 : 338.18"
"20,34 : 369.27"
"20,35 : 177.43"
"20,36 : 369.0"
"20,37 : 295.41"
"20,38 : 365.4"
"20,39 : 815.7"
"20,40 : 294.11"
"20,41 : 1048.27"
"20,42 : 892.43"
"20,43 : 564.14"
"20,44 : 484.51"
"20,45 : 607.21"
"20,46 : 465.01"
"20,47 : 631.22"
"20,48 : 382.11"
"20,49 : 182.02"
"20,50 : 247.01"
"20,51 : 548.11"
"20,52 : 579.78"
"20,53 : 393.85"
"20,54 : 953.02"
"20,55 : 120.84"
"20,56 : 262.56"
"20,57 : 1006.08"
"20,58 : 487.03"
"20,59 : 792.65"
"20,60 : 295.92"
"20,61 : 763.67"
"20,62 : 940.04"
"20,63 : 956.1"
"20,64 : 899.81"
"20,65 : 970.66"
"20,66 : 913.71"
"20,67 : 529.92"
"20,68 : 788.66"
"20,69 : 246.84"
"20,70 : 532.02"
"20,71 : 274.18"
"20,72 : 400.28"
"20,73 : 436.39"
"20,74 : 518.0"
"20,75 : 647.24"
"20,76 : 353.81"
"20,77 : 930.03"
"20,78 : 365.0"
"20,79 : 832.59"
"20,80 : 343.07"
"20,81 : 302.89"
"20,82 : 389.9"
"20,83 : 535.86"
"20,84 : 815.66"
"20,85 : 397.25"
"20,86 : 234.48"
"20,87 : 638.24"
"20,88 : 761.69"
"20,89 : 485.1"
"20,90 : 220.54"
"20,91 : 671.12"
"20,92 : 561.56"
"20,93 : 965.21"
"20,94 : 746.38"
"20,95 : 794.89"
"20,96 : 158.96"
"20,97 : 391.13"
"20,98 : 606.29"
"20,99 : 501.83"
"21,0 : 178.47"
"21,1 : 820.62"
"21,2 : 725.3"
"21,3 : 1019.79"
"21,4 : 599.84"
"21,5 : 1050.2"
"21,6 : 251.56"
"21,7 : 934.4"
"21,8 : 333.35"
"21,9 : 889.31"
"21,10 : 664.05"
"21,11 : 322.13"
"21,12 : 187.42"
"21,13 : 350.83"
"21,14 : 857.09"
"21,15 : 831.04"
"21,16 : 168.87"
"21,17 : 785.56"
"21,18 : 684.9"
"21,19 : 516.62"
"21,20 : 525.71"
"21,21 : 0.0"
"21,22 : 919.77"
"21,23 : 644.13"
"21,24 : 892.85"
"21,25 : 799.75"
"21,26 : 709.12"
"21,27 : 766.61"
"21,28 : 909.66"
"21,29 : 691.43"
"21,30 : 226.59"
"21,31 : 925.05"
"21,32 : 646.05"
"21,33 : 845.39"
"21,34 : 504.46"
"21,35 : 368.22"
"21,36 : 556.73"
"21,37 : 745.87"
"21,38 : 570.66"
"21,39 : 1039.96"
"21,40 : 802.07"
"21,41 : 801.05"
"21,42 : 1136.41"
"21,43 : 75.74"
"21,44 : 802.09"
"21,45 : 946.06"
"21,46 : 687.85"
"21,47 : 974.49"
"21,48 : 161.37"
"21,49 : 590.45"
"21,50 : 596.45"
"21,51 : 913.5"
"21,52 : 68.24"
"21,53 : 235.93"
"21,54 : 874.13"
"21,55 : 528.38"
"21,56 : 271.25"
"21,57 : 846.45"
"21,58 : 781.08"
"21,59 : 936.43"
"21,60 : 575.7"
"21,61 : 512.88"
"21,62 : 734.95"
"21,63 : 1062.08"
"21,64 : 1124.83"
"21,65 : 859.83"
"21,66 : 813.93"
"21,67 : 722.08"
"21,68 : 928.45"
"21,69 : 377.0"
"21,70 : 748.18"
"21,71 : 769.97"
"21,72 : 759.16"
"21,73 : 460.2"
"21,74 : 33.62"
"21,75 : 210.83"
"21,76 : 867.65"
"21,77 : 1094.8"
"21,78 : 780.08"
"21,79 : 964.58"
"21,80 : 219.57"
"21,81 : 258.98"
"21,82 : 283.15"
"21,83 : 64.26"
"21,84 : 481.55"
"21,85 : 837.64"
"21,86 : 713.51"
"21,87 : 548.99"
"21,88 : 559.2"
"21,89 : 387.66"
"21,90 : 383.31"
"21,91 : 489.92"
"21,92 : 679.05"
"21,93 : 1037.83"
"21,94 : 949.46"
"21,95 : 1043.54"
"21,96 : 565.07"
"21,97 : 407.57"
"21,98 : 160.38"
"21,99 : 714.97"
"22,0 : 973.88"
"22,1 : 798.48"
"22,2 : 545.0"
"22,3 : 143.22"
"22,4 : 346.1"
"22,5 : 208.4"
"22,6 : 695.22"
"22,7 : 245.66"
"22,8 : 713.91"
"22,9 : 457.69"
"22,10 : 381.01"
"22,11 : 666.23"
"22,12 : 971.01"
"22,13 : 633.8"
"22,14 : 138.05"
"22,15 : 505.6"
"22,16 : 988.59"
"22,17 : 518.02"
"22,18 : 356.17"
"22,19 : 694.76"
"22,20 : 737.94"
"22,21 : 919.77"
"22,22 : 0.0"
"22,23 : 307.87"
"22,24 : 159.81"
"22,25 : 388.77"
"22,26 : 525.85"
"22,27 : 192.59"
"22,28 : 136.52"
"22,29 : 288.67"
"22,30 : 848.32"
"22,31 : 129.96"
"22,32 : 706.15"
"22,33 : 662.24"
"22,34 : 436.66"
"22,35 : 695.26"
"22,36 : 400.52"
"22,37 : 530.38"
"22,38 : 394.97"
"22,39 : 128.16"
"22,40 : 659.94"
"22,41 : 722.92"
"22,42 : 225.55"
"22,43 : 994.51"
"22,44 : 288.27"
"22,45 : 278.79"
"22,46 : 276.18"
"22,47 : 288.09"
"22,48 : 785.02"
"22,49 : 559.53"
"22,50 : 491.2"
"22,51 : 331.83"
"22,52 : 918.58"
"22,53 : 687.58"
"22,54 : 442.55"
"22,55 : 618.23"
"22,56 : 746.65"
"22,57 : 578.26"
"22,58 : 268.02"
"22,59 : 74.24"
"22,60 : 446.62"
"22,61 : 633.04"
"22,62 : 613.43"
"22,63 : 232.14"
"22,64 : 206.89"
"22,65 : 494.29"
"22,66 : 456.1"
"22,67 : 216.6"
"22,68 : 77.1"
"22,69 : 611.81"
"22,70 : 206.86"
"22,71 : 622.49"
"22,72 : 376.13"
"22,73 : 459.8"
"22,74 : 888.61"
"22,75 : 845.05"
"22,76 : 694.25"
"22,77 : 193.33"
"22,78 : 456.43"
"22,79 : 112.27"
"22,80 : 906.46"
"22,81 : 710.06"
"22,82 : 639.41"
"22,83 : 975.39"
"22,84 : 752.81"
"22,85 : 490.05"
"22,86 : 593.12"
"22,87 : 442.16"
"22,88 : 569.74"
"22,89 : 539.76"
"22,90 : 626.83"
"22,91 : 547.99"
"22,92 : 240.8"
"22,93 : 265.0"
"22,94 : 41.3"
"22,95 : 153.01"
"22,96 : 579.52"
"22,97 : 515.95"
"22,98 : 849.8"
"22,99 : 239.35"
"23,0 : 674.96"
"23,1 : 795.49"
"23,2 : 319.16"
"23,3 : 440.28"
"23,4 : 224.74"
"23,5 : 406.21"
"23,6 : 455.09"
"23,7 : 448.11"
"23,8 : 406.87"
"23,9 : 350.29"
"23,10 : 350.57"
"23,11 : 362.86"
"23,12 : 671.15"
"23,13 : 329.76"
"23,14 : 215.0"
"23,15 : 344.97"
"23,16 : 691.27"
"23,17 : 556.42"
"23,18 : 342.24"
"23,19 : 398.85"
"23,20 : 443.5"
"23,21 : 644.13"
"23,22 : 307.87"
"23,23 : 0.0"
"23,24 : 364.08"
"23,25 : 240.5"
"23,26 : 520.59"
"23,27 : 253.71"
"23,28 : 364.33"
"23,29 : 269.53"
"23,30 : 625.01"
"23,31 : 373.01"
"23,32 : 438.41"
"23,33 : 471.63"
"23,34 : 140.13"
"23,35 : 387.44"
"23,36 : 94.18"
"23,37 : 316.73"
"23,38 : 87.13"
"23,39 : 410.47"
"23,40 : 451.25"
"23,41 : 727.9"
"23,42 : 502.33"
"23,43 : 715.81"
"23,44 : 183.21"
"23,45 : 316.17"
"23,46 : 44.27"
"23,47 : 344.09"
"23,48 : 495.92"
"23,49 : 277.72"
"23,50 : 206.87"
"23,51 : 304.58"
"23,52 : 656.06"
"23,53 : 408.31"
"23,54 : 547.18"
"23,55 : 322.74"
"23,56 : 443.03"
"23,57 : 635.56"
"23,58 : 152.01"
"23,59 : 353.36"
"23,60 : 147.76"
"23,61 : 516.95"
"23,62 : 608.91"
"23,63 : 514.23"
"23,64 : 497.64"
"23,65 : 578.13"
"23,66 : 522.81"
"23,67 : 91.3"
"23,68 : 348.49"
"23,69 : 306.41"
"23,70 : 107.52"
"23,71 : 406.48"
"23,72 : 198.31"
"23,73 : 202.55"
"23,74 : 615.83"
"23,75 : 617.05"
"23,76 : 506.29"
"23,77 : 500.59"
"23,78 : 275.95"
"23,79 : 392.14"
"23,80 : 603.12"
"23,81 : 412.06"
"23,82 : 361.93"
"23,83 : 693.72"
"23,84 : 620.01"
"23,85 : 337.81"
"23,86 : 356.9"
"23,87 : 319.68"
"23,88 : 477.04"
"23,89 : 304.53"
"23,90 : 319.82"
"23,91 : 410.2"
"23,92 : 127.78"
"23,93 : 521.72"
"23,94 : 326.4"
"23,95 : 405.66"
