x,y
118,771
939,109
565,831
437,111
21,793
27,115
312,22
806,62
736,410
565,822
331,847
854,518
913,574
635,200
959,652
107,840
148,487
324,591
632,316
226,927
240,782
132,954
924,811
711,343
528,348
688,330
514,43
805,959
381,414
490,538
823,451
0,646
544,171
211,226
81,941
260,422
458,990
511,139
227,276
504,782
738,529
193,706
110,245
642,468
309,147
451,879
87,194
103,19
221,960
708,638
785,171
823,294
58,306
178,41
527,786
582,725
731,960
908,45
705,398
174,943
416,549
543,1
84,823
138,24
712,607
596,341
807,230
718,841
436,939
769,742
81,285
137,604
15,869
398,680
238,354
720,831
229,980
258,128
427,423
622,78
304,635
333,863
156,561
651,752
759,342
843,296
583,114
969,563
653,79
376,650
300,869
653,253
237,625
433,309
281,140
247,89
136,723
65,665
688,66
290,224

Distanze
"0,0 : 0.0"
"0,1 : 1054.65"
"0,2 : 451.01"
"0,3 : 733.05"
"0,4 : 99.46"
"0,5 : 662.28"
"0,6 : 773.72"
"0,7 : 987.94"
"0,8 : 715.71"
"0,9 : 449.9"
"0,10 : 226.15"
"0,11 : 778.27"
"0,12 : 819.04"
"0,13 : 770.28"
"0,14 : 849.38"
"0,15 : 69.87"
"0,16 : 285.58"
"0,17 : 273.56"
"0,18 : 686.46"
"0,19 : 189.74"
"0,20 : 122.49"
"0,21 : 183.53"
"0,22 : 806.99"
"0,23 : 731.32"
"0,24 : 589.09"
"0,25 : 720.68"
"0,26 : 828.73"
"0,27 : 712.26"
"0,28 : 443.42"
"0,29 : 438.95"
"0,30 : 774.23"
"0,31 : 171.9"
"0,32 : 735.85"
"0,33 : 552.88"
"0,34 : 173.98"
"0,35 : 376.78"
"0,36 : 404.43"
"0,37 : 744.23"
"0,38 : 506.86"
"0,39 : 386.16"
"0,40 : 665.56"
"0,41 : 99.25"
"0,42 : 526.06"
"0,43 : 605.3"
"0,44 : 652.58"
"0,45 : 350.08"
"0,46 : 577.83"
"0,47 : 752.15"
"0,48 : 215.24"
"0,49 : 604.8"
"0,50 : 897.16"
"0,51 : 851.21"
"0,52 : 468.85"
"0,53 : 732.46"
"0,54 : 409.27"
"0,55 : 466.27"
"0,56 : 641.47"
"0,57 : 1072.93"
"0,58 : 695.48"
"0,59 : 180.89"
"0,60 : 371.6"
"0,61 : 879.5"
"0,62 : 62.13"
"0,63 : 747.27"
"0,64 : 616.22"
"0,65 : 642.95"
"0,66 : 876.01"
"0,67 : 604.07"
"0,68 : 359.65"
"0,69 : 651.65"
"0,70 : 487.41"
"0,71 : 168.08"
"0,72 : 142.17"
"0,73 : 294.42"
"0,74 : 433.92"
"0,75 : 604.98"
"0,76 : 236.65"
"0,77 : 658.06"
"0,78 : 465.39"
"0,79 : 856.89"
"0,80 : 230.42"
"0,81 : 233.86"
"0,82 : 213.41"
"0,83 : 533.34"
"0,84 : 771.31"
"0,85 : 866.75"
"0,86 : 804.91"
"0,87 : 876.05"
"0,88 : 874.69"
"0,89 : 284.96"
"0,90 : 206.71"
"0,91 : 744.68"
"0,92 : 188.35"
"0,93 : 559.17"
"0,94 : 651.71"
"0,95 : 694.09"
"0,96 : 51.26"
"0,97 : 118.51"
"0,98 : 906.6"
"0,99 : 573.4"
"1,0 : 1054.65"
"1,1 : 0.0"
"1,2 : 813.12"
"1,3 : 502.0"
"1,4 : 1144.81"
"1,5 : 912.02"
"1,6 : 633.01"
"1,7 : 141.06"
"1,8 : 363.06"
"1,9 : 805.14"
"1,10 : 956.19"
"1,11 : 417.74"
"1,12 : 465.73"
"1,13 : 317.33"
"1,14 : 543.37"
"1,15 : 1107.51"
"1,16 : 876.68"
"1,17 : 781.38"
"1,18 : 370.27"
"1,19 : 1085.12"
"1,20 : 970.32"
"1,21 : 1168.45"
"1,22 : 702.16"
"1,23 : 326.71"
"1,24 : 475.44"
"1,25 : 334.43"
"1,26 : 430.09"
"1,27 : 860.5"
"1,28 : 635.92"
"1,29 : 621.0"
"1,30 : 361.14"
"1,31 : 1081.71"
"1,32 : 399.84"
"1,33 : 737.34"
"1,34 : 1195.15"
"1,35 : 747.67"
"1,36 : 1003.75"
"1,37 : 429.05"
"1,38 : 731.32"
"1,39 : 801.35"
"1,40 : 465.62"
"1,41 : 955.47"
"1,42 : 840.08"
"1,43 : 465.93"
"1,44 : 631.14"
"1,45 : 911.62"
"1,46 : 856.23"
"1,47 : 840.83"
"1,48 : 1113.43"
"1,49 : 577.24"
"1,50 : 166.01"
"1,51 : 218.36"
"1,52 : 902.76"
"1,53 : 764.03"
"1,54 : 792.51"
"1,55 : 711.97"
"1,56 : 876.05"
"1,57 : 71.11"
"1,58 : 371.86"
"1,59 : 1131.72"
"1,60 : 683.47"
"1,61 : 410.46"
"1,62 : 1113.92"
"1,63 : 805.5"
"1,64 : 547.3"
"1,65 : 414.09"
"1,66 : 179.07"
"1,67 : 764.63"
"1,68 : 970.52"
"1,69 : 655.43"
"1,70 : 875.87"
"1,71 : 942.46"
"1,72 : 1196.4"
"1,73 : 786.59"
"1,74 : 742.58"
"1,75 : 754.48"
"1,76 : 1123.72"
"1,77 : 681.26"
"1,78 : 600.62"
"1,79 : 318.51"
"1,80 : 824.56"
"1,81 : 967.34"
"1,82 : 904.1"
"1,83 : 704.55"
"1,84 : 294.43"
"1,85 : 210.2"
"1,86 : 356.04"
"1,87 : 454.99"
"1,88 : 287.57"
"1,89 : 780.8"
"1,90 : 992.94"
"1,91 : 320.21"
"1,92 : 871.24"
"1,93 : 544.09"
"1,94 : 658.73"
"1,95 : 692.29"
"1,96 : 1010.84"
"1,97 : 1035.86"
"1,98 : 254.66"
"1,99 : 659.11"
"2,0 : 451.01"
"2,1 : 813.12"
"2,2 : 0.0"
"2,3 : 731.29"
"2,4 : 545.33"
"2,5 : 895.6"
"2,6 : 847.64"
"2,7 : 805.88"
"2,8 : 454.4"
"2,9 : 9.0"
"2,10 : 234.55"
"2,11 : 426.02"
"2,12 : 432.61"
"2,13 : 634.87"
"2,14 : 432.76"
"2,15 : 458.09"
"2,16 : 540.58"
"2,17 : 340.12"
"2,18 : 519.34"
"2,19 : 352.33"
"2,20 : 328.67"
"2,21 : 450.13"
"2,22 : 359.56"
"2,23 : 509.37"
"2,24 : 484.42"
"2,25 : 515.88"
"2,26 : 789.65"
"2,27 : 272.0"
"2,28 : 455.79"
"2,29 : 302.45"
"2,30 : 459.31"
"2,31 : 594.52"
"2,32 : 660.33"
"2,33 : 700.96"
"2,34 : 496.34"
"2,35 : 510.2"
"2,36 : 191.65"
"2,37 : 694.1"
"2,38 : 649.82"
"2,39 : 78.24"
"2,40 : 348.04"
"2,41 : 392.44"
"2,42 : 741.9"
"2,43 : 371.08"
"2,44 : 730.34"
"2,45 : 123.69"
"2,46 : 796.4"
"2,47 : 934.23"
"2,48 : 367.39"
"2,49 : 240.2"
"2,50 : 695.7"
"2,51 : 595.76"
"2,52 : 729.85"
"2,53 : 879.7"
"2,54 : 58.9"
"2,55 : 107.35"
"2,56 : 210.23"
"2,57 : 857.58"
"2,58 : 455.07"
"2,59 : 406.72"
"2,60 : 318.94"
"2,61 : 830.29"
"2,62 : 481.07"
"2,63 : 913.0"
"2,64 : 267.93"
"2,65 : 490.98"
"2,66 : 647.89"
"2,67 : 153.33"
"2,68 : 168.24"
"2,69 : 222.57"
"2,70 : 729.64"
"2,71 : 484.47"
"2,72 : 551.31"
"2,73 : 225.14"
"2,74 : 578.32"
"2,75 : 155.0"
"2,76 : 367.56"
"2,77 : 767.11"
"2,78 : 430.71"
"2,79 : 755.15"
"2,80 : 326.4"
"2,81 : 234.2"
"2,82 : 490.08"
"2,83 : 116.78"
"2,84 : 526.08"
"2,85 : 602.92"
"2,86 : 717.23"
"2,87 : 484.81"
"2,88 : 757.13"
"2,89 : 261.69"
"2,90 : 267.71"
"2,91 : 584.66"
"2,92 : 387.32"
"2,93 : 538.43"
"2,94 : 747.09"
"2,95 : 807.27"
"2,96 : 442.39"
"2,97 : 526.84"
"2,98 : 774.83"
"2,99 : 666.39"
"3,0 : 733.05"
"3,1 : 502.0"
"3,2 : 731.29"
"3,3 : 0.0"
"3,4 : 798.86"
"3,5 : 410.02"
"3,6 : 153.45"
"3,7 : 372.24"
"3,8 : 422.85"
"3,9 : 722.43"
"3,10 : 743.59"
"3,11 : 582.7"
"3,12 : 664.04"
"3,13 : 217.08"
"3,14 : 751.77"
"3,15 : 800.21"
"3,16 : 474.23"
"3,17 : 493.12"
"3,18 : 282.93"
"3,19 : 842.84"
"3,20 : 699.32"
"3,21 : 896.48"
"3,22 : 852.74"
"3,23 : 359.03"
"3,24 : 253.87"
"3,25 : 333.11"
"3,26 : 102.73"
"3,27 : 924.41"
"3,28 : 308.13"
"3,29 : 430.28"
"3,30 : 514.39"
"3,31 : 690.79"
"3,32 : 122.67"
"3,33 : 253.58"
"3,34 : 903.13"
"3,35 : 357.84"
"3,36 : 879.25"
"3,37 : 79.12"
"3,38 : 267.07"
"3,39 : 674.34"
"3,40 : 515.1"
"3,41 : 643.09"
"3,42 : 353.39"
"3,43 : 411.67"
"3,44 : 132.97"
"3,45 : 768.13"
"3,46 : 359.71"
"3,47 : 346.44"
"3,48 : 876.05"
"3,49 : 592.6"
"3,50 : 353.13"
"3,51 : 427.18"
"3,52 : 426.22"
"3,53 : 268.29"
"3,54 : 680.97"
"3,55 : 630.89"
"3,56 : 898.46"
"3,57 : 475.6"
"3,58 : 392.67"
"3,59 : 872.58"
"3,60 : 438.5"
"3,61 : 152.76"
"3,62 : 794.7"
"3,63 : 311.4"
"3,64 : 567.13"
"3,65 : 279.61"
"3,66 : 388.67"
"3,67 : 782.22"
"3,68 : 828.0"
"3,69 : 713.01"
"3,70 : 396.25"
"3,71 : 577.1"
"3,72 : 867.55"
"3,73 : 570.33"
"3,74 : 314.09"
"3,75 : 773.62"
"3,76 : 893.55"
"3,77 : 179.81"
"3,78 : 312.16"
"3,79 : 187.92"
"3,80 : 540.62"
"3,81 : 759.16"
"3,82 : 530.53"
"3,83 : 675.78"
"3,84 : 396.29"
"3,85 : 446.16"
"3,86 : 146.03"
"3,87 : 698.09"
"3,88 : 218.36"
"3,89 : 542.44"
"3,90 : 770.28"
"3,91 : 258.5"
"3,92 : 551.54"
"3,93 : 198.04"
"3,94 : 158.67"
"3,95 : 191.27"
"3,96 : 682.02"
"3,97 : 667.31"
"3,98 : 255.0"
"3,99 : 185.41"
"4,0 : 99.46"
"4,1 : 1144.81"
"4,2 : 545.33"
"4,3 : 798.86"
"4,4 : 0.0"
"4,5 : 678.03"
"4,6 : 824.09"
"4,7 : 1072.65"
"4,8 : 811.12"
"4,9 : 544.77"
"4,10 : 314.67"
"4,11 : 877.22"
"4,12 : 918.49"
"4,13 : 853.61"
"4,14 : 948.54"
"4,15 : 98.01"
"4,16 : 331.31"
"4,17 : 364.16"
"4,18 : 775.15"
"4,19 : 244.91"
"4,20 : 219.28"
"4,21 : 195.56"
"4,22 : 903.18"
"4,23 : 823.77"
"4,24 : 674.59"
"4,25 : 811.95"
"4,26 : 897.52"
"4,27 : 801.38"
"4,28 : 522.72"
"4,29 : 533.84"
"4,30 : 871.88"
"4,31 : 148.49"
"4,32 : 812.66"
"4,33 : 597.99"
"4,34 : 159.7"
"4,35 : 441.32"
"4,36 : 479.35"
"4,37 : 817.2"
"4,38 : 556.53"
"4,39 : 483.13"
"4,40 : 764.06"
"4,41 : 192.75"
"4,42 : 555.18"
"4,43 : 700.9"
"4,44 : 707.29"
"4,45 : 438.52"
"4,46 : 602.63"
"4,47 : 778.33"
"4,48 : 260.56"
"4,49 : 704.27"
"4,50 : 985.18"
"4,51 : 944.57"
"4,52 : 488.4"
"4,53 : 768.21"
"4,54 : 506.05"
"4,55 : 565.11"
"4,56 : 729.38"
"4,57 : 1160.29"
"4,58 : 789.86"
"4,59 : 214.26"
"4,60 : 464.29"
"4,61 : 948.55"
"4,62 : 69.78"
"4,63 : 777.85"
"4,64 : 715.6"
"4,65 : 731.39"
"4,66 : 966.83"
"4,67 : 698.65"
"4,68 : 439.93"
"4,69 : 749.74"
"4,70 : 511.53"
"4,71 : 221.76"
"4,72 : 76.24"
"4,73 : 393.57"
"4,74 : 489.7"
"4,75 : 700.03"
"4,76 : 279.7"
"4,77 : 705.97"
"4,78 : 549.31"
"4,79 : 934.04"
"4,80 : 324.12"
"4,81 : 319.76"
"4,82 : 268.42"
"4,83 : 631.33"
"4,84 : 864.9"
"4,85 : 960.57"
"4,86 : 881.41"
"4,87 : 975.5"
"4,88 : 953.53"
"4,89 : 382.72"
"4,90 : 289.17"
"4,91 : 831.28"
"4,92 : 273.64"
"4,93 : 635.61"
"4,94 : 702.86"
"4,95 : 739.39"
"4,96 : 134.63"
"4,97 : 135.35"
"4,98 : 986.62"
"4,99 : 629.38"
"5,0 : 662.28"
"5,1 : 912.02"
"5,2 : 895.6"
"5,3 : 410.02"
"5,4 : 678.03"
"5,5 : 0.0"
"5,6 : 299.79"
"5,7 : 780.8"
"5,8 : 767.92"
"5,9 : 888.42"
"5,10 : 792.62"
"5,11 : 919.97"
"5,12 : 997.84"
"5,13 : 613.91"
"5,14 : 1075.64"
"5,15 : 729.4"
"5,16 : 391.18"
"5,17 : 561.06"
"5,18 : 637.52"
"5,19 : 836.03"
"5,20 : 700.18"
"5,21 : 845.54"
"5,22 : 1135.35"
"5,23 : 721.0"
"5,24 : 552.53"
"5,25 : 695.09"
"5,26 : 492.29"
"5,27 : 1147.88"
"5,28 : 463.38"
"5,29 : 627.13"
"5,30 : 864.01"
"5,31 : 531.69"
"5,32 : 520.02"
"5,33 : 214.89"
"5,34 : 827.76"
"5,35 : 385.41"
"5,36 : 975.39"
"5,37 : 484.59"
"5,38 : 256.75"
"5,39 : 820.01"
"5,40 : 822.75"
"5,41 : 613.87"
"5,42 : 154.24"
"5,43 : 709.11"
"5,44 : 283.81"
"5,45 : 873.77"
"5,46 : 99.2"
"5,47 : 122.44"
"5,48 : 866.98"
"5,49 : 858.66"
"5,50 : 760.07"
"5,51 : 815.88"
"5,52 : 193.5"
"5,53 : 168.16"
"5,54 : 836.8"
"5,55 : 824.7"
"5,56 : 1099.84"
"5,57 : 883.78"
"5,58 : 734.69"
"5,59 : 840.95"
"5,60 : 582.82"
"5,61 : 528.44"
"5,62 : 710.29"
"5,63 : 143.53"
"5,64 : 843.38"
"5,65 : 612.24"
"5,66 : 788.43"
"5,67 : 1002.28"
"5,68 : 919.92"
"5,69 : 971.44"
"5,70 : 178.37"
"5,71 : 501.22"
"5,72 : 754.1"
"5,73 : 675.92"
"5,74 : 318.81"
"5,75 : 996.45"
"5,76 : 888.27"
"5,77 : 231.37"
"5,78 : 504.84"
"5,79 : 596.15"
"5,80 : 589.18"
"5,81 : 808.17"
"5,82 : 464.28"
"5,83 : 891.71"
"5,84 : 766.39"
"5,85 : 835.83"
"5,86 : 556.0"
"5,87 : 1043.1"
"5,88 : 627.03"
"5,89 : 638.77"
"5,90 : 801.9"
"5,91 : 641.03"
"5,92 : 551.54"
"5,93 : 449.97"
"5,94 : 255.23"
"5,95 : 221.53"
"5,96 : 617.69"
"5,97 : 551.31"
"5,98 : 662.81"
"5,99 : 284.69"
"6,0 : 773.72"
"6,1 : 633.01"
"6,2 : 847.64"
"6,3 : 153.45"
"6,4 : 824.09"
"6,5 : 299.79"
"6,6 : 0.0"
"6,7 : 495.62"
"6,8 : 574.73"
"6,9 : 839.05"
"6,10 : 825.22"
"6,11 : 734.7"
"6,12 : 816.03"
"6,13 : 368.8"
"6,14 : 903.06"
"6,15 : 843.3"
"6,16 : 493.07"
"6,17 : 569.13"
"6,18 : 434.55"
"6,19 : 909.08"
"6,20 : 763.4"
"6,21 : 949.22"
"6,22 : 998.53"
"6,23 : 512.1"
"6,24 : 391.07"
"6,25 : 486.05"
"6,26 : 203.09"
"6,27 : 1058.78"
"6,28 : 398.03"
"6,29 : 545.84"
"6,30 : 667.2"
"6,31 : 697.65"
"6,32 : 275.73"
"6,33 : 227.63"
"6,34 : 947.59"
"6,35 : 403.37"
"6,36 : 978.95"
"6,37 : 230.85"
"6,38 : 267.85"
"6,39 : 783.88"
"6,40 : 662.21"
"6,41 : 694.27"
"6,42 : 300.89"
"6,43 : 554.81"
"6,44 : 125.04"
"6,45 : 868.2"
"6,46 : 283.21"
"6,47 : 209.02"
"6,48 : 942.4"
"6,49 : 732.31"
"6,50 : 495.91"
"6,51 : 578.88"
"6,52 : 381.01"
"6,53 : 135.34"
"6,54 : 793.68"
"6,55 : 753.07"
"6,56 : 1027.33"
"6,57 : 596.44"
"6,58 : 543.9"
"6,59 : 931.28"
"6,60 : 537.16"
"6,61 : 231.95"
"6,62 : 832.82"
"6,63 : 174.01"
"6,64 : 708.68"
"6,65 : 427.1"
"6,66 : 536.93"
"6,67 : 914.11"
"6,68 : 925.35"
"6,69 : 852.79"
"6,70 : 350.04"
"6,71 : 607.74"
"6,72 : 897.56"
"6,73 : 663.6"
"6,74 : 340.15"
"6,75 : 906.06"
"6,76 : 961.59"
"6,77 : 118.96"
"6,78 : 417.16"
"6,79 : 315.02"
"6,80 : 613.05"
"6,81 : 841.26"
"6,82 : 561.12"
"6,83 : 804.87"
"6,84 : 549.74"
"6,85 : 597.53"
"6,86 : 286.19"
"6,87 : 851.08"
"6,88 : 345.73"
"6,89 : 631.25"
"6,90 : 847.09"
"6,91 : 411.88"
"6,92 : 607.65"
"6,93 : 311.46"
"6,94 : 122.0"
"6,95 : 93.35"
"6,96 : 722.76"
"6,97 : 688.81"
"6,98 : 378.57"
"6,99 : 203.19"
"7,0 : 987.94"
"7,1 : 141.06"
"7,2 : 805.88"
"7,3 : 372.24"
"7,4 : 1072.65"
"7,5 : 780.8"
"7,6 : 495.62"
"7,7 : 0.0"
"7,8 : 354.97"
"7,9 : 797.3"
"7,10 : 917.52"
"7,11 : 458.52"
"7,12 : 523.06"
"7,13 : 219.74"
"7,14 : 609.52"
"7,15 : 1045.89"
"7,16 : 783.32"
"7,17 : 715.66"
"7,18 : 307.88"
"7,19 : 1041.45"
"7,20 : 915.84"
"7,21 : 1118.01"
"7,22 : 758.24"
"7,23 : 296.62"
"7,24 : 398.85"
"7,25 : 292.83"
"7,26 : 292.62"
"7,27 : 897.0"
"7,28 : 551.84"
"7,29 : 571.34"
"7,30 : 389.37"
"7,31 : 995.34"
"7,32 : 283.77"
"7,33 : 617.19"
"7,34 : 1139.41"
"7,35 : 654.0"
"7,36 : 991.1"
"7,37 : 304.88"
"7,38 : 617.28"
"7,39 : 780.77"
"7,40 : 471.92"
"7,41 : 889.1"
"7,42 : 719.66"
"7,43 : 437.87"
"7,44 : 504.22"
"7,45 : 890.79"
"7,46 : 731.02"
"7,47 : 704.31"
"7,48 : 1071.74"
"7,49 : 584.28"
"7,50 : 111.0"
"7,51 : 232.62"
"7,52 : 786.79"
"7,53 : 628.35"
"7,54 : 775.9"
"7,55 : 699.82"
"7,56 : 901.13"
"7,57 : 103.41"
"7,58 : 350.85"
"7,59 : 1084.24"
"7,60 : 623.91"
"7,61 : 269.98"
"7,62 : 1049.0"
"7,63 : 669.08"
"7,64 : 553.05"
"7,65 : 349.2"
"7,66 : 168.0"
"7,67 : 783.95"
"7,68 : 951.86"
"7,69 : 681.01"
"7,70 : 758.52"
"7,71 : 861.0"
"7,72 : 1130.01"
"7,73 : 740.53"
"7,74 : 638.66"
"7,75 : 773.79"
"7,76 : 1084.28"
"7,77 : 551.96"
"7,78 : 523.41"
"7,79 : 184.69"
"7,80 : 761.8"
"7,81 : 930.23"
"7,82 : 819.45"
"7,83 : 707.2"
"7,84 : 283.92"
"7,85 : 236.91"
"7,86 : 228.98"
"7,87 : 526.85"
"7,88 : 153.94"
"7,89 : 728.45"
"7,90 : 952.52"
"7,91 : 244.72"
"7,92 : 800.46"
"7,93 : 447.37"
"7,94 : 530.76"
"7,95 : 559.65"
"7,96 : 941.18"
"7,97 : 955.35"
"7,98 : 118.07"
"7,99 : 540.83"
"8,0 : 715.71"
"8,1 : 363.06"
"8,2 : 454.4"
"8,3 : 422.85"
"8,4 : 811.12"
"8,5 : 767.92"
"8,6 : 574.73"
"8,7 : 354.97"
"8,8 : 0.0"
"8,9 : 446.08"
"8,10 : 595.81"
"8,11 : 159.96"
"8,12 : 241.3"
"8,13 : 233.03"
"8,14 : 329.08"
"8,15 : 761.93"
"8,16 : 593.02"
"8,17 : 450.01"
"8,18 : 140.19"
"8,19 : 726.22"
"8,20 : 620.0"
"8,21 : 812.87"
"8,22 : 442.88"
"8,23 : 71.51"
"8,24 : 217.04"
"8,25 : 93.3"
"8,26 : 428.92"
"8,27 : 553.32"
"8,28 : 355.02"
"8,29 : 277.31"
"8,30 : 96.18"
"8,31 : 772.91"
"8,32 : 306.57"
"8,33 : 556.31"
"8,34 : 843.2"
"8,35 : 476.15"
"8,36 : 643.18"
"8,37 : 352.23"
"8,38 : 526.34"
"8,39 : 438.42"
"8,40 : 119.02"
"8,41 : 618.44"
"8,42 : 647.38"
"8,43 : 110.45"
"8,44 : 501.5"
"8,45 : 548.8"
"8,46 : 684.0"
"8,47 : 744.02"
"8,48 : 753.48"
"8,49 : 229.71"
"8,50 : 243.97"
"8,51 : 145.0"
"8,52 : 685.93"
"8,53 : 668.97"
"8,54 : 430.18"
"8,55 : 350.63"
"8,56 : 550.02"
"8,57 : 403.5"
"8,58 : 33.24"
"8,59 : 774.55"
"8,60 : 348.89"
"8,61 : 452.25"
"8,62 : 771.8"
"8,63 : 711.76"
"8,64 : 198.46"
"8,65 : 156.08"
"8,66 : 193.5"
"8,67 : 431.38"
"8,68 : 608.15"
"8,69 : 333.64"
"8,70 : 666.82"
"8,71 : 629.63"
"8,72 : 854.71"
"8,73 : 432.6"
"8,74 : 501.14"
"8,75 : 421.3"
"8,76 : 762.86"
"8,77 : 554.98"
"8,78 : 309.27"
"8,79 : 351.03"
"8,80 : 487.08"
"8,81 : 606.32"
"8,82 : 599.33"
"8,83 : 352.4"
"8,84 : 71.78"
"8,85 : 156.35"
"8,86 : 333.2"
"8,87 : 278.74"
"8,88 : 341.25"
"8,89 : 432.67"
"8,90 : 633.07"
"8,91 : 177.59"
"8,92 : 543.35"
"8,93 : 319.39"
"8,94 : 529.08"
"8,95 : 584.95"
"8,96 : 676.73"
"8,97 : 717.82"
"8,98 : 347.33"
"8,99 : 483.23"
"9,0 : 449.9"
"9,1 : 805.14"
"9,2 : 9.0"
"9,3 : 722.43"
"9,4 : 544.77"
"9,5 : 888.42"
"9,6 : 839.05"
"9,7 : 797.3"
"9,8 : 446.08"
"9,9 : 0.0"
"9,10 : 235.33"
"9,11 : 419.45"
"9,12 : 427.33"
"9,13 : 625.93"
"9,14 : 429.11"
"9,15 : 458.35"
"9,16 : 534.9"
"9,17 : 333.83"
"9,18 : 510.42"
"9,19 : 354.89"
"9,20 : 327.45"
"9,21 : 452.67"
"9,22 : 359.17"
"9,23 : 500.76"
"9,24 : 475.44"
"9,25 : 507.14"
"9,26 : 780.67"
"9,27 : 276.35"
"9,28 : 447.57"
"9,29 : 293.74"
"9,30 : 451.89"
"9,31 : 591.78"
"9,32 : 651.34"
"9,33 : 693.2"
"9,34 : 498.41"
"9,35 : 503.02"
"9,36 : 199.18"
"9,37 : 685.13"
"9,38 : 642.15"
"9,39 : 72.95"
"9,40 : 340.26"
"9,41 : 389.67"
"9,42 : 734.82"
"9,43 : 362.28"
"9,44 : 721.91"
"9,45 : 127.46"
"9,46 : 789.22"
"9,47 : 926.42"
"9,48 : 370.65"
"9,49 : 233.03"
"9,50 : 687.17"
"9,51 : 587.66"
"9,52 : 723.4"
"9,53 : 871.62"
"9,54 : 52.35"
"9,55 : 98.48"
"9,56 : 215.87"
"9,57 : 849.34"
"9,58 : 446.52"
"9,59 : 409.29"
"9,60 : 311.01"
"9,61 : 821.29"
"9,62 : 481.0"
"9,63 : 905.06"
"9,64 : 260.45"
"9,65 : 482.0"
"9,66 : 639.55"
"9,67 : 154.18"
"9,68 : 174.16"
"9,69 : 219.13"
"9,70 : 722.93"
"9,71 : 480.32"
"9,72 : 552.0"
"9,73 : 219.21"
"9,74 : 570.92"
"9,75 : 155.26"
"9,76 : 371.3"
"9,77 : 758.87"
"9,78 : 422.19"
"9,79 : 746.18"
"9,80 : 321.08"
"9,81 : 235.59"
"9,82 : 485.18"
"9,83 : 110.89"
"9,84 : 517.72"
"9,85 : 594.95"
"9,86 : 708.23"
"9,87 : 479.89"
"9,88 : 748.19"
"9,89 : 255.55"
"9,90 : 269.14"
"9,91 : 575.76"
"9,92 : 382.61"
"9,93 : 529.71"
"9,94 : 738.77"
"9,95 : 799.01"
"9,96 : 440.27"
"9,97 : 524.07"
"9,98 : 765.94"
"9,99 : 658.2"
"10,0 : 226.15"
"10,1 : 956.19"
"10,2 : 234.55"
"10,3 : 743.59"
"10,4 : 314.67"
"10,5 : 792.62"
"10,6 : 825.22"
"10,7 : 917.52"
"10,8 : 595.81"
"10,9 : 235.33"
"10,10 : 0.0"
"10,11 : 617.88"
"10,12 : 642.85"
"10,13 : 714.86"
"10,14 : 657.58"
"10,15 : 224.11"
"10,16 : 403.84"
"10,17 : 256.1"
"10,18 : 610.38"
"10,19 : 132.0"
"10,20 : 111.83"
"10,21 : 225.94"
"10,22 : 594.09"
"10,23 : 631.2"
"10,24 : 536.48"
"10,25 : 628.28"
"10,26 : 824.56"
"10,27 : 487.05"
"10,28 : 435.88"
"10,29 : 347.51"
"10,30 : 631.57"
"10,31 : 387.25"
"10,32 : 708.76"
"10,33 : 632.49"
"10,34 : 267.09"
"10,35 : 430.89"
"10,36 : 191.25"
"10,37 : 730.52"
"10,38 : 580.39"
"10,39 : 184.81"
"10,40 : 516.5"
"10,41 : 197.29"
"10,42 : 641.28"
"10,43 : 490.27"
"10,44 : 700.35"
"10,45 : 124.19"
"10,46 : 697.1"
"10,47 : 858.82"
"10,48 : 157.7"
"10,49 : 431.06"
"10,50 : 814.3"
"10,51 : 740.18"
"10,52 : 605.98"
"10,53 : 820.39"
"10,54 : 205.27"
"10,55 : 279.08"
"10,56 : 415.65"
"10,57 : 987.99"
"10,58 : 584.36"
"10,59 : 184.02"
"10,60 : 309.89"
"10,61 : 872.16"
"10,62 : 248.16"
"10,63 : 845.33"
"10,64 : 450.29"
"10,65 : 571.19"
"10,66 : 779.27"
"10,67 : 387.05"
"10,68 : 139.6"
"10,69 : 450.41"
"10,70 : 615.1"
"10,71 : 310.94"
"10,72 : 316.76"
"10,73 : 179.94"
"10,74 : 501.7"
"10,75 : 389.33"
"10,76 : 167.61"
"10,77 : 722.7"
"10,78 : 434.73"
"10,79 : 822.22"
"10,80 : 213.71"
"10,81 : 16.12"
"10,82 : 335.29"
"10,83 : 333.8"
"10,84 : 661.97"
"10,85 : 752.16"
"10,86 : 775.11"
"10,87 : 698.36"
"10,88 : 832.77"
"10,89 : 202.07"
"10,90 : 38.01"
"10,91 : 675.66"
"10,92 : 241.08"
"10,93 : 547.58"
"10,94 : 708.77"
"10,95 : 762.64"
"10,96 : 231.09"
"10,97 : 322.3"
"10,98 : 858.73"
"10,99 : 624.35"
"11,0 : 778.27"
"11,1 : 417.74"
"11,2 : 426.02"
"11,3 : 582.7"
"11,4 : 877.22"
"11,5 : 919.97"
"11,6 : 734.7"
"11,7 : 458.52"
"11,8 : 159.96"
"11,9 : 419.45"
"11,10 : 617.88"
"11,11 : 0.0"
"11,12 : 81.34"
"11,13 : 386.12"
"11,14 : 170.24"
"11,15 : 813.45"
"11,16 : 706.68"
"11,17 : 535.0"
"11,18 : 300.15"
"11,19 : 749.44"
"11,20 : 668.35"
"11,21 : 843.43"
"11,22 : 301.25"
"11,23 : 226.0"
"11,24 : 367.66"
"11,25 : 250.8"
"11,26 : 584.14"
"11,27 : 443.71"
"11,28 : 484.3"
"11,29 : 364.55"
"11,30 : 73.82"
"11,31 : 863.54"
"11,32 : 465.31"
"11,33 : 706.2"
"11,34 : 881.17"
"11,35 : 601.71"
"11,36 : 616.12"
"11,37 : 511.17"
"11,38 : 672.08"
"11,39 : 438.4"
"11,40 : 116.52"
"11,41 : 687.22"
"11,42 : 792.51"
"11,43 : 217.82"
"11,44 : 659.29"
"11,45 : 541.05"
"11,46 : 832.63"
"11,47 : 901.67"
"11,48 : 772.04"
"11,49 : 188.99"
"11,50 : 353.79"
"11,51 : 226.13"
"11,52 : 823.75"
"11,53 : 827.35"
"11,54 : 422.79"
"11,55 : 341.81"
"11,56 : 458.8"
"11,57 : 476.07"
"11,58 : 191.31"
"11,59 : 801.89"
"11,60 : 439.1"
"11,61 : 603.33"
"11,62 : 828.21"
"11,63 : 869.88"
"11,64 : 167.59"
"11,65 : 312.88"
"11,66 : 291.81"
"11,67 : 350.46"
"11,68 : 593.27"
"11,69 : 239.59"
"11,70 : 807.35"
"11,71 : 722.14"
"11,72 : 909.46"
"11,73 : 483.92"
"11,74 : 637.46"
"11,75 : 340.48"
"11,76 : 777.22"
"11,77 : 712.26"
"11,78 : 437.44"
"11,79 : 497.42"
"11,80 : 562.31"
"11,81 : 624.87"
"11,82 : 699.32"
"11,83 : 309.78"
"11,84 : 200.0"
"11,85 : 222.27"
"11,86 : 486.47"
"11,87 : 123.49"
"11,88 : 482.83"
"11,89 : 495.89"
"11,90 : 655.83"
"11,91 : 332.6"
"11,92 : 626.21"
"11,93 : 470.02"
"11,94 : 686.45"
"11,95 : 743.3"
"11,96 : 746.69"
"11,97 : 802.58"
"11,98 : 481.52"
"11,99 : 636.03"
"12,0 : 819.04"
"12,1 : 465.73"
"12,2 : 432.61"
"12,3 : 664.04"
"12,4 : 918.49"
"12,5 : 997.84"
"12,6 : 816.03"
"12,7 : 523.06"
"12,8 : 241.3"
"12,9 : 427.33"
"12,10 : 642.85"
"12,11 : 81.34"
"12,12 : 0.0"
"12,13 : 466.0"
"12,14 : 90.55"
"12,15 : 848.76"
"12,16 : 769.93"
"12,17 : 589.25"
"12,18 : 381.48"
"12,19 : 772.38"
"12,20 : 704.41"
"12,21 : 868.54"
"12,22 : 237.26"
"12,23 : 306.86"
"12,24 : 446.43"
"12,25 : 331.91"
"12,26 : 664.2"
"12,27 : 399.86"
"12,28 : 555.54"
"12,29 : 424.53"
"12,30 : 152.41"
"12,31 : 915.83"
"12,32 : 546.42"
"12,33 : 783.52"
"12,34 : 909.35"
"12,35 : 670.46"
"12,36 : 616.51"
"12,37 : 592.31"
"12,38 : 747.93"
"12,39 : 458.85"
"12,40 : 180.69"
"12,41 : 732.0"
"12,42 : 867.78"
"12,43 : 290.99"
"12,44 : 739.69"
"12,45 : 553.6"
"12,46 : 909.22"
"12,47 : 981.9"
"12,48 : 792.38"
"12,49 : 214.76"
"12,50 : 422.84"
"12,51 : 294.11"
"12,52 : 896.02"
"12,53 : 907.92"
"12,54 : 440.39"
"12,55 : 363.82"
"12,56 : 426.76"
"12,57 : 529.02"
"12,58 : 272.47"
"12,59 : 826.0"
"12,60 : 497.63"
"12,61 : 682.08"
"12,62 : 865.59"
"12,63 : 950.33"
"12,64 : 203.69"
"12,65 : 393.42"
"12,66 : 359.96"
"12,67 : 330.63"
"12,68 : 600.63"
"12,69 : 221.27"
"12,70 : 880.76"
"12,71 : 776.58"
"12,72 : 945.21"
"12,73 : 525.8"
"12,74 : 709.95"
"12,75 : 321.4"
"12,76 : 795.42"
"12,77 : 792.43"
"12,78 : 508.92"
"12,79 : 575.06"
"12,80 : 612.05"
"12,81 : 648.01"
"12,82 : 757.11"
"12,83 : 316.75"
"12,84 : 278.46"
"12,85 : 286.68"
"12,86 : 566.13"
"12,87 : 57.07"
"12,88 : 559.13"
"12,89 : 542.35"
"12,90 : 680.29"
"12,91 : 413.09"
"12,92 : 677.92"
"12,93 : 548.29"
"12,94 : 766.67"
"12,95 : 823.88"
"12,96 : 791.16"
"12,97 : 852.87"
"12,98 : 555.6"
"12,99 : 714.58"
"13,0 : 770.28"
"13,1 : 317.33"
"13,2 : 634.87"
"13,3 : 217.08"
"13,4 : 853.61"
"13,5 : 613.91"
"13,6 : 368.8"
"13,7 : 219.74"
"13,8 : 233.03"
"13,9 : 625.93"
"13,10 : 714.86"
"13,11 : 386.12"
"13,12 : 466.0"
"13,13 : 0.0"
"13,14 : 556.13"
"13,15 : 829.69"
"13,16 : 565.28"
"13,17 : 499.6"
"13,18 : 116.04"
"13,19 : 834.15"
"13,20 : 703.38"
"13,21 : 906.38"
"13,22 : 675.9"
"13,23 : 161.94"
"13,24 : 182.63"
"13,25 : 140.39"
"13,26 : 198.22"
"13,27 : 777.81"
"13,28 : 332.13"
"13,29 : 367.79"
"13,30 : 313.6"
"13,31 : 775.98"
"13,32 : 95.51"
"13,33 : 424.8"
"13,34 : 925.2"
"13,35 : 435.79"
"13,36 : 809.59"
"13,37 : 138.19"
"13,38 : 415.02"
"13,39 : 596.56"
"13,40 : 344.75"
"13,41 : 671.86"
"13,42 : 526.93"
"13,43 : 268.09"
"13,44 : 330.28"
"13,45 : 703.49"
"13,46 : 548.03"
"13,47 : 561.95"
"13,48 : 865.45"
"13,49 : 444.04"
"13,50 : 152.78"
"13,51 : 210.19"
"13,52 : 586.66"
"13,53 : 483.87"
"13,54 : 595.87"
"13,55 : 527.67"
"13,56 : 766.04"
"13,57 : 313.93"
"13,58 : 210.01"
"13,59 : 874.4"
"13,60 : 412.02"
"13,61 : 219.24"
"13,62 : 831.7"
"13,63 : 527.24"
"13,64 : 414.22"
"13,65 : 146.29"
"13,66 : 174.6"
"13,67 : 646.35"
"13,68 : 765.32"
"13,69 : 558.32"
"13,70 : 560.48"
"13,71 : 641.26"
"13,72 : 912.12"
"13,73 : 535.32"
"13,74 : 425.82"
"13,75 : 636.7"
"13,76 : 879.34"
"13,77 : 383.81"
"13,78 : 304.95"
"13,79 : 122.69"
"13,80 : 546.61"
"13,81 : 728.54"
"13,82 : 599.8"
"13,83 : 552.23"
"13,84 : 188.52"
"13,85 : 229.09"
"13,86 : 100.5"
"13,87 : 493.28"
"13,88 : 122.33"
"13,89 : 519.21"
"13,90 : 748.19"
"13,91 : 55.97"
"13,92 : 582.26"
"13,93 : 229.53"
"13,94 : 359.05"
"13,95 : 403.57"
"13,96 : 722.86"
"13,97 : 735.61"
"13,98 : 144.1"
"13,99 : 345.83"
"14,0 : 849.38"
"14,1 : 543.37"
"14,2 : 432.76"
"14,3 : 751.77"
"14,4 : 948.54"
"14,5 : 1075.64"
"14,6 : 903.06"
"14,7 : 609.52"
"14,8 : 329.08"
"14,9 : 429.11"
"14,10 : 657.58"
"14,11 : 170.24"
"14,12 : 90.55"
"14,13 : 556.13"
"14,14 : 0.0"
"14,15 : 872.5"
"14,16 : 827.61"
"14,17 : 637.92"
"14,18 : 468.85"
"14,19 : 782.89"
"14,20 : 730.66"
"14,21 : 880.42"
"14,22 : 162.81"
"14,23 : 396.21"
"14,24 : 527.42"
"14,25 : 420.86"
"14,26 : 754.26"
"14,27 : 343.46"
"14,28 : 625.08"
"14,29 : 482.66"
"14,30 : 242.69"
"14,31 : 959.02"
"14,32 : 635.28"
"14,33 : 860.8"
"14,34 : 924.34"
"14,35 : 735.87"
"14,36 : 604.36"
"14,37 : 681.08"
"14,38 : 822.92"
"14,39 : 473.21"
"14,40 : 252.92"
"14,41 : 767.9"
"14,42 : 941.51"
"14,43 : 366.53"
"14,44 : 823.12"
"14,45 : 556.41"
"14,46 : 984.96"
"14,47 : 1064.62"
"14,48 : 799.69"
"14,49 : 251.39"
"14,50 : 511.5"
"14,51 : 382.96"
"14,52 : 965.15"
"14,53 : 991.61"
"14,54 : 452.31"
"14,55 : 384.0"
"14,56 : 383.21"
"14,57 : 609.14"
"14,58 : 359.21"
"14,59 : 837.2"
"14,60 : 552.68"
"14,61 : 772.57"
"14,62 : 891.55"
"14,63 : 1033.65"
"14,64 : 251.07"
"14,65 : 478.01"
"14,66 : 448.54"
"14,67 : 306.27"
"14,68 : 596.57"
"14,69 : 210.24"
"14,70 : 951.62"
"14,71 : 823.4"
"14,72 : 968.62"
"14,73 : 561.7"
"14,74 : 780.16"
"14,75 : 298.6"
"14,76 : 800.3"
"14,77 : 875.2"
"14,78 : 579.19"
"14,79 : 665.62"
"14,80 : 655.22"
"14,81 : 660.6"
"14,82 : 808.14"
"14,83 : 323.83"
"14,84 : 368.92"
"14,85 : 374.42"
"14,86 : 656.37"
"14,87 : 89.56"
"14,88 : 649.59"
"14,89 : 583.0"
"14,90 : 693.81"
"14,91 : 502.83"
"14,92 : 722.5"
"14,93 : 627.95"
"14,94 : 849.6"
"14,95 : 907.7"
"14,96 : 826.06"
"14,97 : 894.09"
"14,98 : 645.63"
"14,99 : 794.19"
"15,0 : 69.87"
"15,1 : 1107.51"
"15,2 : 458.09"
"15,3 : 800.21"
"15,4 : 98.01"
"15,5 : 729.4"
"15,6 : 843.3"
"15,7 : 1045.89"
"15,8 : 761.93"
"15,9 : 458.35"
"15,10 : 224.11"
"15,11 : 813.45"
"15,12 : 848.76"
"15,13 : 829.69"
"15,14 : 872.5"
"15,15 : 0.0"
"15,16 : 355.37"
"15,17 : 330.29"
"15,18 : 741.76"
"15,19 : 147.41"
"15,20 : 145.1"
"15,21 : 116.71"
"15,22 : 817.51"
"15,23 : 782.19"
"15,24 : 647.54"
"15,25 : 773.09"
"15,26 : 894.91"
"15,27 : 708.07"
"15,28 : 506.51"
"15,29 : 487.74"
"15,30 : 814.85"
"15,31 : 221.55"
"15,32 : 799.08"
"15,33 : 622.75"
"15,34 : 104.29"
"15,35 : 445.12"
"15,36 : 381.71"
"15,37 : 809.08"
"15,38 : 576.62"
"15,39 : 401.21"
"15,40 : 703.48"
"15,41 : 159.22"
"15,42 : 595.01"
"15,43 : 651.62"
"15,44 : 721.84"
"15,45 : 346.2"
"15,46 : 646.31"
"15,47 : 821.01"
"15,48 : 165.52"
"15,49 : 634.04"
"15,50 : 952.49"
"15,51 : 900.43"
"15,52 : 536.24"
"15,53 : 802.15"
"15,54 : 423.46"
"15,55 : 488.72"
"15,56 : 635.43"
"15,57 : 1128.55"
"15,58 : 743.62"
"15,59 : 122.87"
"15,60 : 424.45"
"15,61 : 945.52"
"15,62 : 28.6"
"15,63 : 816.59"
"15,64 : 648.32"
"15,65 : 698.66"
"15,66 : 928.49"
"15,67 : 611.0"
"15,68 : 343.57"
"15,69 : 669.21"
"15,70 : 555.61"
"15,71 : 237.9"
"15,72 : 96.46"
"15,73 : 332.09"
"15,74 : 503.35"
"15,75 : 613.07"
"15,76 : 185.7"
"15,77 : 727.84"
"15,78 : 525.63"
"15,79 : 919.71"
"15,80 : 284.31"
"15,81 : 227.17"
"15,82 : 283.27"
"15,83 : 551.07"
"15,84 : 820.43"
"15,85 : 915.22"
"15,86 : 868.13"
"15,87 : 905.41"
"15,88 : 936.61"
"15,89 : 329.33"
"15,90 : 195.17"
"15,91 : 801.68"
"15,92 : 251.25"
"15,93 : 623.09"
"15,94 : 721.3"
"15,95 : 763.94"
"15,96 : 120.54"
"15,97 : 179.97"
"15,98 : 967.8"
"15,99 : 642.61"
"16,0 : 285.58"
"16,1 : 876.68"
"16,2 : 540.58"
"16,3 : 474.23"
"16,4 : 331.31"
"16,5 : 391.18"
"16,6 : 493.07"
"16,7 : 783.32"
"16,8 : 593.02"
"16,9 : 534.9"
"16,10 : 403.84"
"16,11 : 706.68"
"16,12 : 769.93"
"16,13 : 565.28"
"16,14 : 827.61"
"16,15 : 355.37"
"16,16 : 0.0"
"16,17 : 204.43"
"16,18 : 513.32"
"16,19 : 446.86"
"16,20 : 309.01"
"16,21 : 467.27"
"16,22 : 840.92"
"16,23 : 581.12"
"16,24 : 404.62"
"16,25 : 562.36"
"16,26 : 575.41"
"16,27 : 808.97"
"16,28 : 244.17"
"16,29 : 345.78"
"16,30 : 675.96"
"16,31 : 217.22"
"16,32 : 506.63"
"16,33 : 268.5"
"16,34 : 458.92"
"16,35 : 129.5"
"16,36 : 590.85"
"16,37 : 502.86"
"16,38 : 225.3"
"16,39 : 462.34"
"16,40 : 591.49"
"16,41 : 223.58"
"16,42 : 244.97"
"16,43 : 494.37"
"16,44 : 376.19"
"16,45 : 495.45"
"16,46 : 299.28"
"16,47 : 470.16"
"16,48 : 478.6"
"16,49 : 580.0"
"16,50 : 711.07"
"16,51 : 702.05"
"16,52 : 202.14"
"16,53 : 447.01"
"16,54 : 482.74"
"16,55 : 494.97"
"16,56 : 750.74"
"16,57 : 879.18"
"16,58 : 564.07"
"16,59 : 456.74"
"16,60 : 275.08"
"16,61 : 626.28"
"16,62 : 342.04"
"16,63 : 463.11"
"16,64 : 576.62"
"16,65 : 471.19"
"16,66 : 707.34"
"16,67 : 670.98"
"16,68 : 535.96"
"16,69 : 671.32"
"16,70 : 212.82"
"16,71 : 117.52"
"16,72 : 404.49"
"16,73 : 315.83"
"16,74 : 160.59"
"16,75 : 667.47"
"16,76 : 499.61"
"16,77 : 375.47"
"16,78 : 286.25"
"16,79 : 626.06"
"16,80 : 215.03"
"16,81 : 419.05"
"16,82 : 74.43"
"16,83 : 568.54"
"16,84 : 627.97"
"16,85 : 720.77"
"16,86 : 573.02"
"16,87 : 824.51"
"16,88 : 649.22"
"16,89 : 280.27"
"16,90 : 411.13"
"16,91 : 556.58"
"16,92 : 164.21"
"16,93 : 336.02"
"16,94 : 371.62"
"16,95 : 410.13"
"16,96 : 236.3"
"16,97 : 196.4"
"16,98 : 684.72"
"16,99 : 298.89"
"17,0 : 273.56"
"17,1 : 781.38"
"17,2 : 340.12"
"17,3 : 493.12"
"17,4 : 364.16"
"17,5 : 561.06"
"17,6 : 569.13"
"17,7 : 715.66"
"17,8 : 450.01"
"17,9 : 333.83"
"17,10 : 256.1"
"17,11 : 535.0"
"17,12 : 589.25"
"17,13 : 499.6"
"17,14 : 637.92"
"17,15 : 330.29"
"17,16 : 204.43"
"17,17 : 0.0"
"17,18 : 412.9"
"17,19 : 350.0"
"17,20 : 208.66"
"17,21 : 410.65"
"17,22 : 639.06"
"17,23 : 459.64"
"17,24 : 317.28"
"17,25 : 447.9"
"17,26 : 580.0"
"17,27 : 605.63"
"17,28 : 185.95"
"17,29 : 174.26"
"17,30 : 518.27"
"17,31 : 328.64"
"17,32 : 474.13"
"17,33 : 382.09"
"17,34 : 426.09"
"17,35 : 180.71"
"17,36 : 420.9"
"17,37 : 489.16"
"17,38 : 329.6"
"17,39 : 262.45"
"17,40 : 418.62"
"17,41 : 174.32"
"17,42 : 406.83"
"17,43 : 340.96"
"17,44 : 444.25"
"17,45 : 314.76"
"17,46 : 462.36"
"17,47 : 613.21"
"17,48 : 383.11"
"17,49 : 386.87"
"17,50 : 623.64"
"17,51 : 580.7"
"17,52 : 389.85"
"17,53 : 569.05"
"17,54 : 281.49"
"17,55 : 290.72"
"17,56 : 549.37"
"17,57 : 799.48"
"17,58 : 427.09"
"17,59 : 382.63"
"17,60 : 101.13"
"17,61 : 629.33"
"17,62 : 333.8"
"17,63 : 596.73"
"17,64 : 388.33"
"17,65 : 369.44"
"17,66 : 603.0"
"17,67 : 466.62"
"17,68 : 365.58"
"17,69 : 469.92"
"17,70 : 390.75"
"17,71 : 187.45"
"17,72 : 415.65"
"17,73 : 115.75"
"17,74 : 252.12"
"17,75 : 463.05"
"17,76 : 400.43"
"17,77 : 467.68"
"17,78 : 197.06"
"17,79 : 593.27"
"17,80 : 48.33"
"17,81 : 272.15"
"17,82 : 170.66"
"17,83 : 364.49"
"17,84 : 501.22"
"17,85 : 596.98"
"17,86 : 542.78"
"17,87 : 645.61"
"17,88 : 608.59"
"17,89 : 78.64"
"17,90 : 279.03"
"17,91 : 471.68"
"17,92 : 93.41"
"17,93 : 302.33"
"17,94 : 453.05"
"17,95 : 507.87"
"17,96 : 229.71"
"17,97 : 269.36"
"17,98 : 638.84"
"17,99 : 368.57"
"18,0 : 686.46"
"18,1 : 370.27"
"18,2 : 519.34"
"18,3 : 282.93"
"18,4 : 775.15"
"18,5 : 637.52"
"18,6 : 434.55"
"18,7 : 307.88"
"18,8 : 140.19"
"18,9 : 510.42"
"18,10 : 610.38"
"18,11 : 300.15"
"18,12 : 381.48"
"18,13 : 116.04"
"18,14 : 468.85"
"18,15 : 741.76"
"18,16 : 513.32"
"18,17 : 412.9"
"18,18 : 0.0"
"18,19 : 733.59"
"18,20 : 608.95"
"18,21 : 810.58"
"18,22 : 574.71"
"18,23 : 83.49"
"18,24 : 108.81"
"18,25 : 57.72"
"18,26 : 297.41"
"18,27 : 665.87"
"18,28 : 269.45"
"18,29 : 263.53"
"18,30 : 233.89"
"18,31 : 712.97"
"18,32 : 169.61"
"18,33 : 430.51"
"18,34 : 833.2"
"18,35 : 386.81"
"18,36 : 696.1"
"18,37 : 214.41"
"18,38 : 406.97"
"18,39 : 483.26"
"18,40 : 237.92"
"18,41 : 587.21"
"18,42 : 526.81"
"18,43 : 152.33"
"18,44 : 364.54"
"18,45 : 591.38"
"18,46 : 558.49"
"18,47 : 606.67"
"18,48 : 763.97"
"18,49 : 330.85"
"18,50 : 210.79"
"18,51 : 192.26"
"18,52 : 574.09"
"18,53 : 530.79"
"18,54 : 481.59"
"18,55 : 412.04"
"18,56 : 651.57"
"18,57 : 386.8"
"18,58 : 109.79"
"18,59 : 776.46"
"18,60 : 317.72"
"18,61 : 327.33"
"18,62 : 746.56"
"18,63 : 573.85"
"18,64 : 301.8"
"18,65 : 43.83"
"18,66 : 194.99"
"18,67 : 532.0"
"18,68 : 653.1"
"18,69 : 447.49"
"18,70 : 551.87"
"18,71 : 572.69"
"18,72 : 828.55"
"18,73 : 432.73"
"18,74 : 395.83"
"18,75 : 522.46"
"18,76 : 776.73"
"18,77 : 418.59"
"18,78 : 231.24"
"18,79 : 238.21"
"18,80 : 457.54"
"18,81 : 623.39"
"18,82 : 535.35"
"18,83 : 436.41"
"18,84 : 129.63"
"18,85 : 211.95"
"18,86 : 207.86"
"18,87 : 417.83"
"18,88 : 237.93"
"18,89 : 420.82"
"18,90 : 645.01"
"18,91 : 66.41"
"18,92 : 501.5"
"18,93 : 199.12"
"18,94 : 392.65"
"18,95 : 446.94"
"18,96 : 641.61"
"18,97 : 665.8"
"18,98 : 256.2"
"18,99 : 354.16"
"19,0 : 189.74"
"19,1 : 1085.12"
"19,2 : 352.33"
"19,3 : 842.84"
"19,4 : 244.91"
"19,5 : 836.03"
"19,6 : 909.08"
"19,7 : 1041.45"
"19,8 : 726.22"
"19,9 : 354.89"
"19,10 : 132.0"
"19,11 : 749.44"
"19,12 : 772.38"
"19,13 : 834.15"
"19,14 : 782.89"
"19,15 : 147.41"
"19,16 : 446.86"
"19,17 : 350.0"
"19,18 : 733.59"
"19,19 : 0.0"
"19,20 : 145.67"
"19,21 : 97.8"
"19,22 : 707.57"
"19,23 : 759.13"
"19,24 : 653.03"
"19,25 : 754.89"
"19,26 : 929.73"
"19,27 : 579.88"
"19,28 : 535.9"
"19,29 : 470.12"
"19,30 : 763.53"
"19,31 : 360.61"
"19,32 : 820.16"
"19,33 : 701.16"
"19,34 : 145.67"
"19,35 : 506.14"
"19,36 : 240.4"
"19,37 : 837.96"
"19,38 : 651.0"
"19,39 : 313.54"
"19,40 : 648.5"
"19,41 : 223.45"
"19,42 : 691.79"
"19,43 : 619.47"
"19,44 : 784.4"
"19,45 : 230.06"
"19,46 : 746.06"
"19,47 : 916.29"
"19,48 : 33.38"
"19,49 : 562.0"
"19,50 : 940.22"
"19,51 : 870.11"
"19,52 : 643.32"
"19,53 : 887.3"
"19,54 : 332.39"
"19,55 : 409.32"
"19,56 : 506.08"
"19,57 : 1114.92"
"19,58 : 713.64"
"19,59 : 54.41"
"19,60 : 423.07"
"19,61 : 978.76"
"19,62 : 176.01"
"19,63 : 907.28"
"19,64 : 581.89"
"19,65 : 693.03"
"19,66 : 907.4"
"19,67 : 499.46"
"19,68 : 210.34"
"19,69 : 573.65"
"19,70 : 658.17"
"19,71 : 335.04"
"19,72 : 218.83"
"19,73 : 300.99"
"19,74 : 573.13"
"19,75 : 503.24"
"19,76 : 53.08"
"19,77 : 799.64"
"19,78 : 542.6"
"19,79 : 936.81"
"19,80 : 302.24"
"19,81 : 124.68"
"19,82 : 372.63"
"19,83 : 459.62"
"19,84 : 791.4"
"19,85 : 882.52"
"19,86 : 887.93"
"19,87 : 827.37"
"19,88 : 949.44"
"19,89 : 315.01"
"19,90 : 94.02"
"19,91 : 797.88"
"19,92 : 302.2"
"19,93 : 651.75"
"19,94 : 788.92"
"19,95 : 838.26"
"19,96 : 222.97"
"19,97 : 307.51"
"19,98 : 977.12"
"19,99 : 705.91"
"20,0 : 122.49"
"20,1 : 970.32"
"20,2 : 328.67"
"20,3 : 699.32"
"20,4 : 219.28"
"20,5 : 700.18"
"20,6 : 763.4"
"20,7 : 915.84"
"20,8 : 620.0"
"20,9 : 327.45"
"20,10 : 111.83"
"20,11 : 668.35"
"20,12 : 704.41"
"20,13 : 703.38"
"20,14 : 730.66"
"20,15 : 145.1"
"20,16 : 309.01"
"20,17 : 208.66"
"20,18 : 608.95"
"20,19 : 145.67"
"20,20 : 0.0"
"20,21 : 203.1"
"20,22 : 684.61"
"20,23 : 643.86"
"20,24 : 520.86"
"20,25 : 636.4"
"20,26 : 788.16"
"20,27 : 592.08"
"20,28 : 394.09"
"20,29 : 349.34"
"20,30 : 670.41"
"20,31 : 275.86"
"20,32 : 682.45"
"20,33 : 556.76"
"20,34 : 224.86"
"20,35 : 360.56"
"20,36 : 301.31"
"20,37 : 697.78"
"20,38 : 506.17"
"20,39 : 264.0"
"20,40 : 558.58"
"20,41 : 89.36"
"20,42 : 552.51"
"20,43 : 510.1"
"20,44 : 638.74"
"20,45 : 232.23"
"20,46 : 607.58"
"20,47 : 775.2"
"20,48 : 179.01"
"20,49 : 489.65"
"20,50 : 818.75"
"20,51 : 760.28"
"20,52 : 509.61"
"20,53 : 743.59"
"20,54 : 287.03"
"20,55 : 346.72"
"20,56 : 522.27"
"20,57 : 994.68"
"20,58 : 603.06"
"20,59 : 174.0"
"20,60 : 292.0"
"20,61 : 837.72"
"20,62 : 161.3"
"20,63 : 764.83"
"20,64 : 503.4"
"20,65 : 566.76"
"20,66 : 791.32"
"20,67 : 481.63"
"20,68 : 251.13"
"20,69 : 530.51"
"20,70 : 521.81"
"20,71 : 205.65"
"20,72 : 241.23"
"20,73 : 188.06"
"20,74 : 428.0"
"20,75 : 482.49"
"20,76 : 198.31"
"20,77 : 654.25"
"20,78 : 404.78"
"20,79 : 800.96"
"20,80 : 160.33"
"20,81 : 123.33"
"20,82 : 236.43"
"20,83 : 412.09"
"20,84 : 680.41"
"20,85 : 774.47"
"20,86 : 750.91"
"20,87 : 761.18"
"20,88 : 815.34"
"20,89 : 189.53"
"20,90 : 105.68"
"20,91 : 671.13"
"20,92 : 157.03"
"20,93 : 510.86"
"20,94 : 643.31"
"20,95 : 693.04"
"20,96 : 119.57"
"20,97 : 210.51"
"20,98 : 844.61"
"20,99 : 560.24"
"21,0 : 183.53"
"21,1 : 1168.45"
"21,2 : 450.13"
"21,3 : 896.48"
"21,4 : 195.56"
"21,5 : 845.54"
"21,6 : 949.22"
"21,7 : 1118.01"
"21,8 : 812.87"
"21,9 : 452.67"
"21,10 : 225.94"
"21,11 : 843.43"
"21,12 : 868.54"
"21,13 : 906.38"
"21,14 : 880.42"
"21,15 : 116.71"
"21,16 : 467.27"
"21,17 : 410.65"
"21,18 : 810.58"
"21,19 : 97.8"
"21,20 : 203.1"
"21,21 : 0.0"
"21,22 : 804.81"
"21,23 : 841.76"
"21,24 : 723.91"
"21,25 : 835.77"
"21,26 : 987.85"
"21,27 : 673.02"
"21,28 : 594.64"
"21,29 : 548.84"
"21,30 : 854.69"
"21,31 : 335.09"
"21,32 : 884.78"
"21,33 : 732.27"
"21,34 : 52.63"
"21,35 : 547.18"
"21,36 : 327.98"
"21,37 : 898.81"
"21,38 : 684.62"
"21,39 : 409.84"
"21,40 : 740.18"
"21,41 : 255.39"
"21,42 : 709.34"
"21,43 : 704.48"
"21,44 : 826.18"
"21,45 : 327.7"
"21,46 : 761.33"
"21,47 : 935.45"
"21,48 : 89.2"
"21,49 : 656.99"
"21,50 : 1019.56"
"21,51 : 955.55"
"21,52 : 652.21"
"21,53 : 914.16"
"21,54 : 429.24"
"21,55 : 504.92"
"21,56 : 599.03"
"21,57 : 1195.18"
"21,58 : 798.41"
"21,59 : 43.42"
"21,60 : 494.65"
"21,61 : 1037.85"
"21,62 : 139.52"
"21,63 : 930.02"
"21,64 : 675.88"
"21,65 : 768.81"
"21,66 : 989.85"
"21,67 : 596.8"
"21,68 : 304.37"
"21,69 : 671.35"
"21,70 : 670.94"
"21,71 : 350.04"
"21,72 : 144.62"
"21,73 : 381.88"
"21,74 : 609.29"
"21,75 : 600.73"
"21,76 : 100.42"
"21,77 : 835.55"
"21,78 : 607.44"
"21,79 : 1003.73"
"21,80 : 362.42"
"21,81 : 220.64"
"21,82 : 393.73"
"21,83 : 556.92"
"21,84 : 876.17"
"21,85 : 968.75"
"21,86 : 953.42"
"21,87 : 923.82"
"21,88 : 1018.36"
"21,89 : 389.81"
"21,90 : 188.28"
"21,91 : 873.41"
"21,92 : 345.35"
"21,93 : 711.78"
"21,94 : 827.52"
"21,95 : 872.61"
"21,96 : 231.03"
"21,97 : 296.66"
"21,98 : 1047.7"
"21,99 : 746.9"
"22,0 : 806.99"
"22,1 : 702.16"
"22,2 : 359.56"
"22,3 : 852.74"
"22,4 : 903.18"
"22,5 : 1135.35"
"22,6 : 998.53"
"22,7 : 758.24"
"22,8 : 442.88"
"22,9 : 359.17"
"22,10 : 594.09"
"22,11 : 301.25"
"22,12 : 237.26"
"22,13 : 675.9"
"22,14 : 162.81"
"22,15 : 817.51"
"22,16 : 840.92"
"22,17 : 639.06"
"22,18 : 574.71"
"22,19 : 707.57"
"22,20 : 684.61"
"22,21 : 804.81"
"22,22 : 0.0"
"22,23 : 514.19"
"22,24 : 609.25"
"22,25 : 535.78"
"22,26 : 870.59"
"22,27 : 189.91"
"22,28 : 672.65"
"22,29 : 512.72"
"22,30 : 373.9"
"22,31 : 938.62"
"22,32 : 744.31"
"22,33 : 922.28"
"22,34 : 852.96"
"22,35 : 769.56"
"22,36 : 499.2"
"22,37 : 788.77"
"22,38 : 878.65"
"22,39 : 421.0"
"22,40 : 337.82"
"22,41 : 738.5"
"22,42 : 991.44"
"22,43 : 444.04"
"22,44 : 905.05"
"22,45 : 477.86"
"22,46 : 1039.84"
"22,47 : 1140.75"
"22,48 : 718.62"
"22,49 : 276.74"
"22,50 : 654.92"
"22,51 : 526.77"
"22,52 : 1002.49"
"22,53 : 1072.11"
"22,54 : 397.79"
"22,55 : 352.65"
"22,56 : 243.82"
"22,57 : 766.17"
"22,58 : 467.47"
"22,59 : 761.53"
"22,60 : 571.58"
"22,61 : 895.13"
"22,62 : 840.09"
"22,63 : 1112.28"
"22,64 : 294.21"
"22,65 : 573.14"
"22,66 : 592.66"
"22,67 : 208.17"
"22,68 : 504.51"
"22,69 : 169.66"
"22,70 : 993.64"
"22,71 : 813.77"
"22,72 : 910.85"
"22,73 : 542.07"
"22,74 : 824.28"
"22,75 : 204.98"
"22,76 : 715.25"
"22,77 : 953.96"
"22,78 : 630.52"
"22,79 : 792.78"
"22,80 : 644.5"
"22,81 : 593.28"
"22,82 : 807.67"
"22,83 : 279.3"
"22,84 : 497.18"
"22,85 : 521.33"
"22,86 : 775.94"
"22,87 : 252.05"
"22,88 : 780.55"
"22,89 : 571.16"
"22,90 : 626.69"
"22,91 : 620.33"
"22,92 : 711.73"
"22,93 : 702.2"
"22,94 : 929.35"
"22,95 : 989.75"
"22,96 : 792.9"
"22,97 : 871.32"
"22,98 : 781.49"
"22,99 : 864.02"
"23,0 : 731.32"
"23,1 : 326.71"
"23,2 : 509.37"
"23,3 : 359.03"
"23,4 : 823.77"
"23,5 : 721.0"
"23,6 : 512.1"
"23,7 : 296.62"
"23,8 : 71.51"
"23,9 : 500.76"
"23,10 : 631.2"
"23,11 : 226.0"
"23,12 : 306.86"
"23,13 : 161.94"
"23,14 : 396.21"
"23,15 : 782.19"
"23,16 : 581.12"
"23,17 : 459.64"
"23,18 : 83.49"
"23,19 : 759.13"
"23,20 : 643.86"
"23,21 : 841.76"
"23,22 : 514.19"
"23,23 : 0.0"
"23,24 : 183.07"
"23,25 : 26.42"
"23,26 : 358.9"
"23,27 : 623.13"
"23,28 : 337.55"
"23,29 : 294.73"
"23,30 : 155.59"
"23,31 : 772.87"
"23,32 : 239.74"
"23,33 : 513.51"
"23,34 : 868.62"
"23,35 : 457.87"
"23,36 : 694.71"
"23,37 : 285.69"
"23,38 : 488.62"
"23,39 : 485.36"
"23,40 : 187.95"
"23,41 : 632.53"
"23,42 : 608.94"
"23,43 : 142.78"
"23,44 : 447.24"
"23,45 : 595.73"
"23,46 : 641.54"
"23,47 : 688.94"
"23,48 : 787.9"
"23,49 : 295.02"
"23,50 : 187.24"
"23,51 : 122.25"
"23,52 : 654.05"
"23,53 : 612.61"
"23,54 : 479.69"
"23,55 : 403.19"
"23,56 : 617.32"
"23,57 : 357.23"
"23,58 : 55.33"
"23,59 : 805.21"
"23,60 : 359.81"
"23,61 : 381.04"
"23,62 : 789.64"
"23,63 : 655.81"
"23,64 : 264.0"
"23,65 : 115.02"
"23,66 : 148.27"
"23,67 : 498.05"
"23,68 : 656.38"
"23,69 : 403.19"
"23,70 : 632.66"
"23,71 : 630.55"
"23,72 : 872.41"
"23,73 : 459.93"
"23,74 : 473.13"
"23,75 : 488.08"
"23,76 : 798.81"
"23,77 : 501.43"
"23,78 : 295.05"
"23,79 : 279.55"
"23,80 : 500.91"
"23,81 : 642.87"
"23,82 : 596.28"
"23,83 : 413.38"
"23,84 : 48.01"
"23,85 : 140.12"
"23,86 : 262.35"
"23,87 : 339.06"
"23,88 : 270.3"
"23,89 : 454.39"
"23,90 : 667.53"
"23,91 : 107.07"
"23,92 : 551.54"
"23,93 : 280.07"
"23,94 : 475.51"
"23,95 : 528.97"
"23,96 : 689.22"
"23,97 : 721.8"
"23,98 : 277.95"
"23,99 : 437.5"
