x,y
938,596
721,703
317,510
240,632
204,954
31,731
559,628
243,665
505,927
887,841
490,602
867,330
103,557
448,359
215,242
882,42
870,371
525,240
348,312
28,597
362,980
794,622
376,905
564,697
937,322
648,515
330,132
315,329
433,638
297,390
421,252
999,505
390,813
167,695
908,366
43,757
997,88
173,878
683,777
100,767
78,749
792,599
25,278
688,30
645,696
788,444
776,492
483,482
882,479
591,725
493,33
360,452
447,52
808,862
570,477
715,484
135,24
746,102
993,540
1,274
492,333
957,239
107,979
939,357
266,386
462,702
476,0
785,857
602,467
596,551
330,262
75,988
796,137
52,356
312,175
589,185
684,203
401,551
568,442
964,519
742,9
459,907
800,612
970,74
524,845
589,945
986,252
797,831
145,700
130,767
299,603
368,261
659,177
407,931
561,253
708,11
1000,999
804,884
331,584
333,319

Distanze
"0,0 : 0.0"
"0,1 : 241.95"
"0,2 : 626.93"
"0,3 : 698.93"
"0,4 : 816.65"
"0,5 : 916.99"
"0,6 : 380.35"
"0,7 : 698.42"
"0,8 : 545.02"
"0,9 : 250.25"
"0,10 : 448.04"
"0,11 : 275.31"
"0,12 : 835.91"
"0,13 : 544.31"
"0,14 : 805.01"
"0,15 : 556.82"
"0,16 : 235.05"
"0,17 : 545.26"
"0,18 : 654.79"
"0,19 : 910.0"
"0,20 : 692.27"
"0,21 : 146.33"
"0,22 : 641.35"
"0,23 : 387.4"
"0,24 : 274.0"
"0,25 : 301.1"
"0,26 : 764.83"
"0,27 : 677.8"
"0,28 : 506.74"
"0,29 : 673.29"
"0,30 : 620.99"
"0,31 : 109.55"
"0,32 : 589.4"
"0,33 : 777.33"
"0,34 : 231.95"
"0,35 : 909.37"
"0,36 : 511.41"
"0,37 : 815.32"
"0,38 : 312.71"
"0,39 : 855.27"
"0,40 : 873.5"
"0,41 : 146.03"
"0,42 : 966.8"
"0,43 : 618.75"
"0,44 : 309.59"
"0,45 : 213.55"
"0,46 : 192.51"
"0,47 : 469.06"
"0,48 : 129.71"
"0,49 : 370.2"
"0,50 : 717.63"
"0,51 : 595.67"
"0,52 : 732.81"
"0,53 : 296.07"
"0,54 : 386.76"
"0,55 : 249.55"
"0,56 : 985.9"
"0,57 : 530.0"
"0,58 : 78.49"
"0,59 : 990.78"
"0,60 : 517.77"
"0,61 : 357.51"
"0,62 : 915.01"
"0,63 : 239.0"
"0,64 : 704.05"
"0,65 : 487.66"
"0,66 : 754.1"
"0,67 : 302.54"
"0,68 : 359.91"
"0,69 : 344.95"
"0,70 : 693.7"
"0,71 : 947.86"
"0,72 : 480.46"
"0,73 : 917.93"
"0,74 : 754.4"
"0,75 : 539.19"
"0,76 : 467.94"
"0,77 : 538.88"
"0,78 : 400.77"
"0,79 : 81.27"
"0,80 : 618.86"
"0,81 : 571.11"
"0,82 : 138.92"
"0,83 : 522.98"
"0,84 : 483.11"
"0,85 : 493.56"
"0,86 : 347.33"
"0,87 : 274.05"
"0,88 : 799.79"
"0,89 : 825.9"
"0,90 : 639.04"
"0,91 : 661.15"
"0,92 : 503.39"
"0,93 : 627.84"
"0,94 : 509.68"
"0,95 : 628.59"
"0,96 : 407.74"
"0,97 : 317.65"
"0,98 : 607.12"
"0,99 : 665.4"
"1,0 : 241.95"
"1,1 : 0.0"
"1,2 : 447.73"
"1,3 : 486.21"
"1,4 : 574.71"
"1,5 : 690.57"
"1,6 : 178.52"
"1,7 : 479.51"
"1,8 : 311.18"
"1,9 : 215.87"
"1,10 : 252.12"
"1,11 : 400.56"
"1,12 : 635.01"
"1,13 : 439.16"
"1,14 : 684.51"
"1,15 : 680.32"
"1,16 : 363.9"
"1,17 : 502.78"
"1,18 : 540.38"
"1,19 : 701.06"
"1,20 : 453.44"
"1,21 : 109.04"
"1,22 : 399.79"
"1,23 : 157.11"
"1,24 : 437.97"
"1,25 : 201.68"
"1,26 : 692.04"
"1,27 : 552.01"
"1,28 : 295.24"
"1,29 : 527.02"
"1,30 : 541.67"
"1,31 : 341.3"
"1,32 : 348.8"
"1,33 : 554.06"
"1,34 : 385.41"
"1,35 : 680.15"
"1,36 : 674.09"
"1,37 : 575.26"
"1,38 : 83.19"
"1,39 : 624.29"
"1,40 : 644.64"
"1,41 : 125.92"
"1,42 : 815.5"
"1,43 : 673.81"
"1,44 : 76.32"
"1,45 : 267.53"
"1,46 : 218.05"
"1,47 : 324.78"
"1,48 : 275.86"
"1,49 : 131.85"
"1,50 : 707.73"
"1,51 : 439.68"
"1,52 : 706.31"
"1,53 : 181.25"
"1,54 : 271.8"
"1,55 : 219.08"
"1,56 : 896.9"
"1,57 : 601.52"
"1,58 : 317.1"
"1,59 : 838.12"
"1,60 : 435.13"
"1,61 : 520.57"
"1,62 : 673.18"
"1,63 : 408.95"
"1,64 : 554.54"
"1,65 : 259.0"
"1,66 : 744.47"
"1,67 : 166.77"
"1,68 : 264.3"
"1,69 : 196.8"
"1,70 : 589.37"
"1,71 : 706.07"
"1,72 : 570.95"
"1,73 : 753.64"
"1,74 : 667.88"
"1,75 : 534.55"
"1,76 : 501.37"
"1,77 : 354.27"
"1,78 : 302.54"
"1,79 : 304.8"
"1,80 : 694.32"
"1,81 : 332.05"
"1,82 : 120.51"
"1,83 : 676.49"
"1,84 : 242.84"
"1,85 : 275.66"
"1,86 : 523.09"
"1,87 : 148.86"
"1,88 : 576.01"
"1,89 : 594.46"
"1,90 : 433.69"
"1,91 : 565.66"
"1,92 : 529.64"
"1,93 : 388.05"
"1,94 : 477.6"
"1,95 : 692.12"
"1,96 : 406.76"
"1,97 : 199.12"
"1,98 : 407.75"
"1,99 : 545.89"
"2,0 : 626.93"
"2,1 : 447.73"
"2,2 : 0.0"
"2,3 : 144.27"
"2,4 : 458.15"
"2,5 : 361.44"
"2,6 : 269.24"
"2,7 : 171.76"
"2,8 : 457.42"
"2,9 : 659.14"
"2,10 : 195.94"
"2,11 : 578.71"
"2,12 : 219.1"
"2,13 : 199.9"
"2,14 : 286.75"
"2,15 : 733.65"
"2,16 : 570.2"
"2,17 : 340.83"
"2,18 : 200.41"
"2,19 : 301.81"
"2,20 : 472.15"
"2,21 : 489.97"
"2,22 : 399.38"
"2,23 : 309.8"
"2,24 : 647.88"
"2,25 : 331.04"
"2,26 : 378.22"
"2,27 : 181.01"
"2,28 : 172.74"
"2,29 : 121.66"
"2,30 : 278.17"
"2,31 : 682.02"
"2,32 : 311.67"
"2,33 : 238.17"
"2,34 : 608.29"
"2,35 : 368.9"
"2,36 : 800.3"
"2,37 : 395.17"
"2,38 : 453.04"
"2,39 : 336.36"
"2,40 : 338.0"
"2,41 : 483.27"
"2,42 : 372.95"
"2,43 : 606.66"
"2,44 : 377.07"
"2,45 : 475.6"
"2,46 : 459.35"
"2,47 : 168.34"
"2,48 : 565.85"
"2,49 : 348.28"
"2,50 : 508.43"
"2,51 : 72.2"
"2,52 : 476.09"
"2,53 : 604.14"
"2,54 : 255.14"
"2,55 : 398.85"
"2,56 : 518.96"
"2,57 : 592.03"
"2,58 : 676.67"
"2,59 : 394.4"
"2,60 : 248.91"
"2,61 : 695.01"
"2,62 : 513.87"
"2,63 : 640.54"
"2,64 : 134.08"
"2,65 : 240.6"
"2,66 : 534.21"
"2,67 : 582.61"
"2,68 : 288.23"
"2,69 : 282.0"
"2,70 : 248.34"
"2,71 : 535.77"
"2,72 : 607.1"
"2,73 : 306.5"
"2,74 : 335.04"
"2,75 : 423.8"
"2,76 : 478.47"
"2,77 : 93.47"
"2,78 : 260.05"
"2,79 : 647.06"
"2,80 : 656.98"
"2,81 : 421.63"
"2,82 : 493.65"
"2,83 : 785.18"
"2,84 : 393.79"
"2,85 : 513.04"
"2,86 : 717.03"
"2,87 : 577.44"
"2,88 : 256.29"
"2,89 : 317.83"
"2,90 : 94.73"
"2,91 : 254.17"
"2,92 : 477.34"
"2,93 : 430.51"
"2,94 : 354.38"
"2,95 : 633.94"
"2,96 : 840.01"
"2,97 : 614.04"
"2,98 : 75.31"
"2,99 : 191.67"
"3,0 : 698.93"
"3,1 : 486.21"
"3,2 : 144.27"
"3,3 : 0.0"
"3,4 : 324.01"
"3,5 : 231.26"
"3,6 : 319.03"
"3,7 : 33.14"
"3,8 : 396.55"
"3,9 : 679.92"
"3,10 : 251.79"
"3,11 : 695.94"
"3,12 : 156.19"
"3,13 : 343.21"
"3,14 : 390.8"
"3,15 : 871.93"
"3,16 : 681.92"
"3,17 : 484.65"
"3,18 : 337.73"
"3,19 : 214.87"
"3,20 : 368.77"
"3,21 : 554.09"
"3,22 : 305.0"
"3,23 : 330.46"
"3,24 : 762.83"
"3,25 : 424.44"
"3,26 : 508.04"
"3,27 : 312.14"
"3,28 : 193.09"
"3,29 : 248.62"
"3,30 : 420.9"
"3,31 : 769.55"
"3,32 : 235.08"
"3,33 : 96.43"
"3,34 : 719.01"
"3,35 : 233.31"
"3,36 : 932.19"
"3,37 : 254.96"
"3,38 : 466.13"
"3,39 : 194.49"
"3,40 : 199.83"
"3,41 : 552.99"
"3,42 : 414.18"
"3,43 : 750.41"
"3,44 : 410.03"
"3,45 : 579.35"
"3,46 : 553.98"
"3,47 : 285.57"
"3,48 : 659.98"
"3,49 : 363.11"
"3,50 : 650.24"
"3,51 : 216.33"
"3,52 : 615.83"
"3,53 : 612.8"
"3,54 : 364.59"
"3,55 : 497.52"
"3,56 : 617.0"
"3,57 : 732.76"
"3,58 : 758.6"
"3,59 : 430.45"
"3,60 : 391.03"
"3,61 : 817.64"
"3,62 : 371.62"
"3,63 : 751.15"
"3,64 : 247.37"
"3,65 : 232.77"
"3,66 : 674.63"
"3,67 : 589.62"
"3,68 : 397.83"
"3,69 : 365.1"
"3,70 : 380.79"
"3,71 : 392.38"
"3,72 : 744.42"
"3,73 : 333.95"
"3,74 : 462.64"
"3,75 : 567.11"
"3,76 : 617.4"
"3,77 : 180.23"
"3,78 : 379.06"
"3,79 : 732.77"
"3,80 : 800.08"
"3,81 : 351.55"
"3,82 : 560.36"
"3,83 : 918.84"
"3,84 : 355.0"
"3,85 : 468.8"
"3,86 : 837.21"
"3,87 : 591.48"
"3,88 : 116.83"
"3,89 : 174.14"
"3,90 : 65.74"
"3,91 : 392.46"
"3,92 : 618.54"
"3,93 : 342.48"
"3,94 : 496.67"
"3,95 : 777.6"
"3,96 : 843.97"
"3,97 : 617.74"
"3,98 : 102.88"
"3,99 : 326.52"
"4,0 : 816.65"
"4,1 : 574.71"
"4,2 : 458.15"
"4,3 : 324.01"
"4,4 : 0.0"
"4,5 : 282.24"
"4,6 : 481.98"
"4,7 : 291.62"
"4,8 : 302.21"
"4,9 : 692.28"
"4,10 : 453.54"
"4,11 : 910.46"
"4,12 : 409.65"
"4,13 : 643.09"
"4,14 : 712.08"
"4,15 : 1136.41"
"4,16 : 885.12"
"4,17 : 782.84"
"4,18 : 657.95"
"4,19 : 398.03"
"4,20 : 160.12"
"4,21 : 677.0"
"4,22 : 178.84"
"4,23 : 442.32"
"4,24 : 967.84"
"4,25 : 624.39"
"4,26 : 831.6"
"4,27 : 634.78"
"4,28 : 390.25"
"4,29 : 571.62"
"4,30 : 734.77"
"4,31 : 913.03"
"4,32 : 233.4"
"4,33 : 261.63"
"4,34 : 917.26"
"4,35 : 254.42"
"4,36 : 1174.23"
"4,37 : 82.08"
"4,38 : 510.66"
"4,39 : 213.97"
"4,40 : 240.63"
"4,41 : 686.85"
"4,42 : 699.3"
"4,43 : 1043.09"
"4,44 : 510.93"
"4,45 : 775.34"
"4,46 : 735.27"
"4,47 : 548.29"
"4,48 : 827.83"
"4,49 : 449.68"
"4,50 : 965.28"
"4,51 : 525.68"
"4,52 : 934.16"
"4,53 : 610.97"
"4,54 : 601.24"
"4,55 : 694.28"
"4,56 : 932.56"
"4,57 : 1009.79"
"4,58 : 891.02"
"4,59 : 709.65"
"4,60 : 684.53"
"4,61 : 1038.38"
"4,62 : 100.17"
"4,63 : 946.91"
"4,64 : 571.37"
"4,65 : 360.65"
"4,66 : 992.02"
"4,67 : 589.04"
"4,68 : 628.95"
"4,69 : 562.2"
"4,70 : 703.38"
"4,71 : 133.41"
"4,72 : 1008.94"
"4,73 : 617.02"
"4,74 : 786.45"
"4,75 : 859.99"
"4,76 : 891.29"
"4,77 : 448.57"
"4,78 : 628.2"
"4,79 : 875.69"
"4,80 : 1087.41"
"4,81 : 259.3"
"4,82 : 687.15"
"4,83 : 1166.69"
"4,84 : 338.05"
"4,85 : 385.11"
"4,86 : 1050.87"
"4,87 : 605.62"
"4,88 : 260.76"
"4,89 : 201.11"
"4,90 : 363.63"
"4,91 : 712.14"
"4,92 : 900.42"
"4,93 : 204.3"
"4,94 : 786.67"
"4,95 : 1069.24"
"4,96 : 797.27"
"4,97 : 604.07"
"4,98 : 391.19"
"4,99 : 647.97"
"5,0 : 916.99"
"5,1 : 690.57"
"5,2 : 361.44"
"5,3 : 231.26"
"5,4 : 282.24"
"5,5 : 0.0"
"5,6 : 537.95"
"5,7 : 222.04"
"5,8 : 512.92"
"5,9 : 863.04"
"5,10 : 476.78"
"5,11 : 927.2"
"5,12 : 188.31"
"5,13 : 558.81"
"5,14 : 522.47"
"5,15 : 1094.95"
"5,16 : 912.97"
"5,17 : 696.5"
"5,18 : 525.4"
"5,19 : 134.03"
"5,20 : 414.2"
"5,21 : 770.75"
"5,22 : 386.39"
"5,23 : 534.08"
"5,24 : 994.04"
"5,25 : 653.72"
"5,26 : 669.48"
"5,27 : 492.2"
"5,28 : 412.62"
"5,29 : 432.48"
"5,30 : 617.69"
"5,31 : 994.03"
"5,32 : 368.25"
"5,33 : 140.68"
"5,34 : 949.92"
"5,35 : 28.64"
"5,36 : 1160.43"
"5,37 : 204.38"
"5,38 : 653.62"
"5,39 : 77.83"
"5,40 : 50.33"
"5,41 : 772.36"
"5,42 : 453.04"
"5,43 : 960.75"
"5,44 : 615.0"
"5,45 : 809.58"
"5,46 : 782.4"
"5,47 : 516.05"
"5,48 : 887.53"
"5,49 : 560.03"
"5,50 : 837.05"
"5,51 : 431.37"
"5,52 : 796.3"
"5,53 : 787.97"
"5,54 : 595.85"
"5,55 : 727.23"
"5,56 : 714.61"
"5,57 : 952.3"
"5,58 : 980.78"
"5,59 : 457.98"
"5,60 : 609.04"
"5,61 : 1048.59"
"5,62 : 259.38"
"5,63 : 982.01"
"5,64 : 417.43"
"5,65 : 431.97"
"5,66 : 855.8"
"5,67 : 764.46"
"5,68 : 629.08"
"5,69 : 592.98"
"5,70 : 556.2"
"5,71 : 260.74"
"5,72 : 968.54"
"5,73 : 375.59"
"5,74 : 622.97"
"5,75 : 780.69"
"5,76 : 839.76"
"5,77 : 411.46"
"5,78 : 609.83"
"5,79 : 956.78"
"5,80 : 1013.31"
"5,81 : 462.77"
"5,82 : 778.15"
"5,83 : 1146.02"
"5,84 : 506.01"
"5,85 : 597.63"
"5,86 : 1068.39"
"5,87 : 772.5"
"5,88 : 118.14"
"5,89 : 105.34"
"5,90 : 297.0"
"5,91 : 578.33"
"5,92 : 837.44"
"5,93 : 425.88"
"5,94 : 713.71"
"5,95 : 988.3"
"5,96 : 1005.38"
"5,97 : 788.0"
"5,98 : 334.08"
"5,99 : 510.83"
"6,0 : 380.35"
"6,1 : 178.52"
"6,2 : 269.24"
"6,3 : 319.03"
"6,4 : 481.98"
"6,5 : 537.95"
"6,6 : 0.0"
"6,7 : 318.16"
"6,8 : 303.84"
"6,9 : 391.09"
"6,10 : 73.74"
"6,11 : 428.57"
"6,12 : 461.49"
"6,13 : 291.0"
"6,14 : 517.04"
"6,15 : 669.12"
"6,16 : 403.45"
"6,17 : 389.49"
"6,18 : 379.97"
"6,19 : 531.9"
"6,20 : 403.38"
"6,21 : 235.08"
"6,22 : 331.99"
"6,23 : 69.18"
"6,24 : 486.33"
"6,25 : 143.84"
"6,26 : 546.31"
"6,27 : 385.92"
"6,28 : 126.4"
"6,29 : 353.96"
"6,30 : 400.52"
"6,31 : 456.87"
"6,32 : 250.57"
"6,33 : 397.68"
"6,34 : 436.4"
"6,35 : 531.88"
"6,36 : 695.3"
"6,37 : 459.89"
"6,38 : 193.85"
"6,39 : 479.59"
"6,40 : 495.99"
"6,41 : 234.8"
"6,42 : 638.48"
"6,43 : 611.76"
"6,44 : 109.64"
"6,45 : 293.76"
"6,46 : 256.1"
"6,47 : 164.6"
"6,48 : 355.71"
"6,49 : 102.14"
"6,50 : 598.65"
"6,51 : 265.66"
"6,52 : 586.79"
"6,53 : 341.7"
"6,54 : 151.4"
"6,55 : 212.3"
"6,56 : 737.96"
"6,57 : 558.25"
"6,58 : 442.83"
"6,59 : 660.82"
"6,60 : 302.51"
"6,61 : 556.53"
"6,62 : 572.28"
"6,63 : 466.73"
"6,64 : 380.02"
"6,65 : 122.0"
"6,66 : 633.46"
"6,67 : 321.74"
"6,68 : 166.64"
"6,69 : 85.43"
"6,70 : 431.74"
"6,71 : 603.2"
"6,72 : 545.21"
"6,73 : 575.35"
"6,74 : 515.96"
"6,75 : 444.01"
"6,76 : 443.0"
"6,77 : 175.76"
"6,78 : 186.22"
"6,79 : 419.41"
"6,80 : 645.48"
"6,81 : 296.38"
"6,82 : 241.53"
"6,83 : 689.81"
"6,84 : 219.8"
"6,85 : 318.42"
"6,86 : 568.95"
"6,87 : 312.81"
"6,88 : 420.21"
"6,89 : 450.96"
"6,90 : 261.2"
"6,91 : 413.73"
"6,92 : 461.95"
"6,93 : 338.99"
"6,94 : 375.01"
"6,95 : 634.74"
"6,96 : 576.3"
"6,97 : 354.35"
"6,98 : 232.21"
"6,99 : 382.83"
"7,0 : 698.42"
"7,1 : 479.51"
"7,2 : 171.76"
"7,3 : 33.14"
"7,4 : 291.62"
"7,5 : 222.04"
"7,6 : 318.16"
"7,7 : 0.0"
"7,8 : 370.52"
"7,9 : 667.62"
"7,10 : 254.91"
"7,11 : 708.24"
"7,12 : 176.82"
"7,13 : 368.32"
"7,14 : 423.93"
"7,15 : 892.44"
"7,16 : 692.51"
"7,17 : 510.05"
"7,18 : 368.29"
"7,19 : 225.5"
"7,20 : 336.73"
"7,21 : 552.68"
"7,22 : 274.39"
"7,23 : 322.59"
"7,24 : 774.14"
"7,25 : 431.89"
"7,26 : 540.05"
"7,27 : 343.63"
"7,28 : 191.91"
"7,29 : 280.25"
"7,30 : 449.73"
"7,31 : 772.75"
"7,32 : 208.6"
"7,33 : 81.71"
"7,34 : 729.13"
"7,35 : 220.15"
"7,36 : 949.44"
"7,37 : 224.21"
"7,38 : 454.03"
"7,39 : 175.65"
"7,40 : 185.15"
"7,41 : 552.95"
"7,42 : 444.18"
"7,43 : 775.4"
"7,44 : 403.19"
"7,45 : 588.1"
"7,46 : 560.37"
"7,47 : 301.81"
"7,48 : 665.52"
"7,49 : 353.13"
"7,50 : 679.65"
"7,51 : 243.02"
"7,52 : 646.05"
"7,53 : 598.36"
"7,54 : 377.19"
"7,55 : 505.51"
"7,56 : 650.03"
"7,57 : 754.97"
"7,58 : 760.35"
"7,59 : 459.83"
"7,60 : 415.0"
"7,61 : 831.43"
"7,62 : 342.19"
"7,63 : 761.1"
"7,64 : 279.95"
"7,65 : 222.1"
"7,66 : 704.64"
"7,67 : 575.0"
"7,68 : 409.98"
"7,69 : 370.95"
"7,70 : 412.28"
"7,71 : 364.08"
"7,72 : 764.59"
"7,73 : 363.27"
"7,74 : 494.83"
"7,75 : 591.71"
"7,76 : 638.69"
"7,77 : 194.83"
"7,78 : 394.15"
"7,79 : 735.63"
"7,80 : 824.22"
"7,81 : 324.38"
"7,82 : 559.52"
"7,83 : 936.92"
"7,84 : 333.71"
"7,85 : 445.1"
"7,86 : 850.07"
"7,87 : 578.34"
"7,88 : 104.06"
"7,89 : 152.23"
"7,90 : 83.55"
"7,91 : 422.9"
"7,92 : 641.25"
"7,93 : 312.49"
"7,94 : 520.45"
"7,95 : 802.46"
"7,96 : 827.41"
"7,97 : 602.23"
"7,98 : 119.6"
"7,99 : 357.51"
"8,0 : 545.02"
"8,1 : 311.18"
"8,2 : 457.42"
"8,3 : 396.55"
"8,4 : 302.21"
"8,5 : 512.92"
"8,6 : 303.84"
"8,7 : 370.52"
"8,8 : 0.0"
"8,9 : 391.56"
"8,10 : 325.35"
"8,11 : 698.18"
"8,12 : 546.36"
"8,13 : 570.85"
"8,14 : 743.86"
"8,15 : 961.95"
"8,16 : 665.1"
"8,17 : 687.29"
"8,18 : 634.72"
"8,19 : 580.02"
"8,20 : 152.51"
"8,21 : 420.17"
"8,22 : 130.86"
"8,23 : 237.45"
"8,24 : 743.4"
"8,25 : 436.11"
"8,26 : 814.03"
"8,27 : 627.46"
"8,28 : 297.83"
"8,29 : 575.88"
"8,30 : 680.21"
"8,31 : 649.71"
"8,32 : 161.93"
"8,33 : 409.96"
"8,34 : 690.75"
"8,35 : 492.28"
"8,36 : 972.62"
"8,37 : 335.6"
"8,38 : 232.77"
"8,39 : 435.46"
"8,40 : 462.62"
"8,41 : 435.84"
"8,42 : 807.22"
"8,43 : 915.48"
"8,44 : 270.11"
"8,45 : 559.8"
"8,46 : 512.51"
"8,47 : 445.54"
"8,48 : 585.52"
"8,49 : 219.54"
"8,50 : 894.08"
"8,51 : 496.64"
"8,52 : 876.92"
"8,53 : 309.89"
"8,54 : 454.67"
"8,55 : 490.25"
"8,56 : 975.86"
"8,57 : 859.48"
"8,58 : 622.83"
"8,59 : 824.88"
"8,60 : 594.14"
"8,61 : 823.19"
"8,62 : 401.38"
"8,63 : 716.42"
"8,64 : 591.44"
"8,65 : 229.07"
"8,66 : 927.45"
"8,67 : 288.62"
"8,68 : 470.12"
"8,69 : 386.86"
"8,70 : 687.64"
"8,71 : 434.31"
"8,72 : 841.89"
"8,73 : 728.87"
"8,74 : 776.37"
"8,75 : 746.74"
"8,76 : 745.8"
"8,77 : 390.12"
"8,78 : 489.07"
"8,79 : 614.12"
"8,80 : 948.1"
"8,81 : 50.16"
"8,82 : 431.57"
"8,83 : 971.51"
"8,84 : 84.17"
"8,85 : 85.91"
"8,86 : 828.85"
"8,87 : 307.38"
"8,88 : 425.59"
"8,89 : 407.71"
"8,90 : 383.94"
"8,91 : 679.94"
"8,92 : 765.65"
"8,93 : 98.08"
"8,94 : 676.32"
"8,95 : 938.22"
"8,96 : 500.21"
"8,97 : 302.08"
"8,98 : 384.61"
"8,99 : 631.86"
"9,0 : 250.25"
"9,1 : 215.87"
"9,2 : 659.14"
"9,3 : 679.92"
"9,4 : 692.28"
"9,5 : 863.04"
"9,6 : 391.09"
"9,7 : 667.62"
"9,8 : 391.56"
"9,9 : 0.0"
"9,10 : 463.39"
"9,11 : 511.39"
"9,12 : 833.85"
"9,13 : 651.95"
"9,14 : 900.21"
"9,15 : 799.02"
"9,16 : 470.31"
"9,17 : 701.6"
"9,18 : 755.22"
"9,19 : 892.98"
"9,20 : 543.09"
"9,21 : 237.93"
"9,22 : 514.99"
"9,23 : 353.65"
"9,24 : 521.4"
"9,25 : 404.22"
"9,26 : 901.63"
"9,27 : 767.68"
"9,28 : 497.32"
"9,29 : 742.63"
"9,30 : 751.05"
"9,31 : 354.18"
"9,32 : 497.79"
"9,33 : 734.65"
"9,34 : 475.46"
"9,35 : 848.17"
"9,36 : 760.99"
"9,37 : 714.96"
"9,38 : 213.8"
"9,39 : 790.47"
"9,40 : 814.21"
"9,41 : 259.98"
"9,42 : 1029.57"
"9,43 : 835.06"
"9,44 : 282.12"
"9,45 : 409.16"
"9,46 : 366.23"
"9,47 : 540.46"
"9,48 : 362.03"
"9,49 : 317.92"
"9,50 : 898.94"
"9,51 : 655.02"
"9,52 : 903.39"
"9,53 : 81.74"
"9,54 : 482.69"
"9,55 : 396.27"
"9,56 : 1110.4"
"9,57 : 752.33"
"9,58 : 319.12"
"9,59 : 1051.9"
"9,60 : 643.5"
"9,61 : 606.06"
"9,62 : 792.11"
"9,63 : 486.79"
"9,64 : 769.85"
"9,65 : 447.15"
"9,66 : 936.06"
"9,67 : 103.25"
"9,68 : 470.21"
"9,69 : 410.83"
"9,70 : 803.42"
"9,71 : 825.2"
"9,72 : 709.86"
"9,73 : 965.63"
"9,74 : 879.88"
"9,75 : 720.51"
"9,76 : 669.52"
"9,77 : 565.95"
"9,78 : 510.84"
"9,79 : 331.08"
"9,80 : 844.54"
"9,81 : 433.06"
"9,82 : 244.97"
"9,83 : 771.48"
"9,84 : 363.02"
"9,85 : 315.63"
"9,86 : 597.26"
"9,87 : 90.55"
"9,88 : 755.28"
"9,89 : 760.61"
"9,90 : 634.34"
"9,91 : 778.31"
"9,92 : 702.05"
"9,93 : 488.36"
"9,94 : 672.32"
"9,95 : 849.08"
"9,96 : 194.25"
"9,97 : 93.48"
"9,98 : 612.52"
"9,99 : 761.18"
"10,0 : 448.04"
"10,1 : 252.12"
"10,2 : 195.94"
"10,3 : 251.79"
"10,4 : 453.54"
"10,5 : 476.78"
"10,6 : 73.74"
"10,7 : 254.91"
"10,8 : 325.35"
"10,9 : 463.39"
"10,10 : 0.0"
"10,11 : 464.88"
"10,12 : 389.61"
"10,13 : 246.6"
"10,14 : 453.02"
"10,15 : 683.57"
"10,16 : 444.7"
"10,17 : 363.69"
"10,18 : 322.9"
"10,19 : 462.03"
"10,20 : 399.08"
"10,21 : 304.66"
"10,22 : 323.74"
"10,23 : 120.42"
"10,24 : 527.46"
"10,25 : 180.37"
"10,26 : 496.49"
"10,27 : 324.27"
"10,28 : 67.42"
"10,29 : 286.69"
"10,30 : 356.74"
"10,31 : 518.16"
"10,32 : 233.5"
"10,33 : 336.12"
"10,34 : 480.02"
"10,35 : 473.11"
"10,36 : 721.97"
"10,37 : 420.32"
"10,38 : 260.53"
"10,39 : 423.47"
"10,40 : 437.44"
"10,41 : 302.01"
"10,42 : 566.75"
"10,43 : 605.3"
"10,44 : 181.28"
"10,45 : 337.3"
"10,46 : 306.42"
"10,47 : 120.2"
"10,48 : 410.84"
"10,49 : 159.15"
"10,50 : 569.01"
"10,51 : 198.49"
"10,52 : 551.68"
"10,53 : 410.76"
"10,54 : 148.41"
"10,55 : 254.06"
"10,56 : 678.31"
"10,57 : 561.73"
"10,58 : 506.81"
"10,59 : 588.82"
"10,60 : 269.01"
"10,61 : 591.49"
"10,62 : 537.42"
"10,63 : 511.49"
"10,64 : 311.18"
"10,65 : 103.85"
"10,66 : 602.16"
"10,67 : 389.94"
"10,68 : 175.41"
"10,69 : 117.63"
"10,70 : 375.77"
"10,71 : 566.76"
"10,72 : 556.65"
"10,73 : 502.35"
"10,74 : 462.62"
"10,75 : 428.59"
"10,76 : 443.66"
"10,77 : 102.58"
"10,78 : 178.0"
"10,79 : 481.21"
"10,80 : 644.32"
"10,81 : 306.57"
"10,82 : 310.16"
"10,83 : 713.57"
"10,84 : 245.37"
"10,85 : 357.0"
"10,86 : 607.06"
"10,87 : 383.0"
"10,88 : 358.65"
"10,89 : 396.01"
"10,90 : 191.0"
"10,91 : 362.17"
"10,92 : 457.37"
"10,93 : 339.31"
"10,94 : 356.15"
"10,95 : 629.92"
"10,96 : 646.3"
"10,97 : 422.04"
"10,98 : 160.02"
"10,99 : 323.63"
"11,0 : 275.31"
"11,1 : 400.56"
"11,2 : 578.71"
"11,3 : 695.94"
"11,4 : 910.46"
"11,5 : 927.2"
"11,6 : 428.57"
"11,7 : 708.24"
"11,8 : 698.18"
"11,9 : 511.39"
"11,10 : 464.88"
"11,11 : 0.0"
"11,12 : 797.01"
"11,13 : 420.0"
"11,14 : 657.91"
"11,15 : 288.39"
"11,16 : 41.11"
"11,17 : 353.64"
"11,18 : 519.31"
"11,19 : 880.46"
"11,20 : 823.12"
"11,21 : 300.99"
"11,22 : 756.11"
"11,23 : 475.92"
"11,24 : 70.46"
"11,25 : 286.68"
"11,26 : 572.34"
"11,27 : 552.0"
"11,28 : 532.18"
"11,29 : 573.15"
"11,30 : 452.77"
"11,31 : 219.2"
"11,32 : 678.84"
"11,33 : 789.45"
"11,34 : 54.56"
"11,35 : 928.07"
"11,36 : 274.71"
"11,37 : 884.27"
"11,38 : 483.39"
"11,39 : 882.76"
"11,40 : 893.35"
"11,41 : 279.26"
"11,42 : 843.6"
"11,43 : 349.34"
"11,44 : 428.07"
"11,45 : 138.7"
"11,46 : 185.81"
"11,47 : 412.99"
"11,48 : 149.75"
"11,49 : 481.87"
"11,50 : 477.58"
"11,51 : 521.47"
"11,52 : 503.67"
"11,53 : 535.26"
"11,54 : 331.39"
"11,55 : 216.38"
"11,56 : 793.39"
"11,57 : 258.12"
"11,58 : 244.9"
"11,59 : 867.81"
"11,60 : 375.01"
"11,61 : 127.99"
"11,62 : 999.4"
"11,63 : 76.9"
"11,64 : 603.6"
"11,65 : 549.92"
"11,66 : 511.65"
"11,67 : 533.34"
"11,68 : 298.32"
"11,69 : 349.69"
"11,70 : 541.29"
"11,71 : 1029.67"
"11,72 : 205.65"
"11,73 : 815.41"
"11,74 : 576.24"
"11,75 : 313.54"
"11,76 : 222.75"
"11,77 : 515.75"
"11,78 : 319.29"
"11,79 : 212.44"
"11,80 : 344.48"
"11,81 : 706.68"
"11,82 : 289.85"
"11,83 : 275.94"
"11,84 : 618.77"
"11,85 : 674.91"
"11,86 : 142.28"
"11,87 : 505.87"
"11,88 : 811.29"
"11,89 : 856.82"
"11,90 : 630.2"
"11,91 : 503.75"
"11,92 : 258.21"
"11,93 : 756.84"
"11,94 : 315.54"
"11,95 : 356.43"
"11,96 : 682.09"
"11,97 : 557.57"
"11,98 : 593.14"
"11,99 : 534.11"
"12,0 : 835.91"
"12,1 : 635.01"
"12,2 : 219.1"
"12,3 : 156.19"
"12,4 : 409.65"
"12,5 : 188.31"
"12,6 : 461.49"
"12,7 : 176.82"
"12,8 : 546.36"
"12,9 : 833.85"
"12,10 : 389.61"
"12,11 : 797.01"
"12,12 : 0.0"
"12,13 : 397.78"
"12,14 : 334.32"
"12,15 : 933.84"
"12,16 : 789.23"
"12,17 : 527.8"
"12,18 : 346.48"
"12,19 : 85.0"
"12,20 : 495.99"
"12,21 : 694.05"
"12,22 : 442.3"
"12,23 : 481.79"
"12,24 : 866.48"
"12,25 : 546.62"
"12,26 : 481.82"
"12,27 : 311.33"
"12,28 : 339.8"
"12,29 : 255.98"
"12,30 : 440.62"
"12,31 : 897.51"
"12,32 : 384.58"
"12,33 : 152.12"
"12,34 : 827.35"
"12,35 : 208.81"
"12,36 : 1009.55"
"12,37 : 328.54"
"12,38 : 620.32"
"12,39 : 210.02"
"12,40 : 193.62"
"12,41 : 690.28"
"12,42 : 289.7"
"12,43 : 787.37"
"12,44 : 559.54"
"12,45 : 694.26"
"12,46 : 676.13"
"12,47 : 387.33"
"12,48 : 782.9"
"12,49 : 516.11"
"12,50 : 653.2"
"12,51 : 277.62"
"12,52 : 611.03"
"12,53 : 768.15"
"12,54 : 473.8"
"12,55 : 616.34"
"12,56 : 533.96"
"12,57 : 787.7"
"12,58 : 890.16"
"12,59 : 300.82"
"12,60 : 448.88"
"12,61 : 911.28"
"12,62 : 422.02"
"12,63 : 859.59"
"12,64 : 236.24"
"12,65 : 387.18"
"12,66 : 670.36"
"12,67 : 745.07"
"12,68 : 507.05"
"12,69 : 493.04"
"12,70 : 372.23"
"12,71 : 431.91"
"12,72 : 810.34"
"12,73 : 207.37"
"12,74 : 435.44"
"12,75 : 612.03"
"12,76 : 680.35"
"12,77 : 298.06"
"12,78 : 479.01"
"12,79 : 861.84"
"12,80 : 841.8"
"12,81 : 499.24"
"12,82 : 699.17"
"12,83 : 992.46"
"12,84 : 510.08"
"12,85 : 621.88"
"12,86 : 934.19"
"12,87 : 746.13"
"12,88 : 149.04"
"12,89 : 211.73"
"12,90 : 201.33"
"12,91 : 397.29"
"12,92 : 673.45"
"12,93 : 481.97"
"12,94 : 549.71"
"12,95 : 814.95"
"12,96 : 999.99"
"12,97 : 773.52"
"12,98 : 229.59"
"12,99 : 330.97"
"13,0 : 544.31"
"13,1 : 439.16"
"13,2 : 199.9"
"13,3 : 343.21"
"13,4 : 643.09"
"13,5 : 558.81"
"13,6 : 291.0"
"13,7 : 368.32"
"13,8 : 570.85"
"13,9 : 651.95"
"13,10 : 246.6"
"13,11 : 420.0"
"13,12 : 397.78"
"13,13 : 0.0"
"13,14 : 260.73"
"13,15 : 537.44"
"13,16 : 422.17"
"13,17 : 141.74"
"13,18 : 110.49"
"13,19 : 482.75"
"13,20 : 626.93"
"13,21 : 434.61"
"13,22 : 550.73"
"13,23 : 357.35"
"13,24 : 490.4"
"13,25 : 253.65"
"13,26 : 255.84"
"13,27 : 136.34"
"13,28 : 279.4"
"13,29 : 154.15"
"13,30 : 110.35"
"13,31 : 570.01"
"13,32 : 457.69"
"13,33 : 438.01"
"13,34 : 460.05"
"13,35 : 567.83"
"13,36 : 612.24"
"13,37 : 587.36"
"13,38 : 479.53"
"13,39 : 536.25"
"13,40 : 537.59"
"13,41 : 419.45"
"13,42 : 430.69"
"13,43 : 407.24"
"13,44 : 390.36"
"13,45 : 350.46"
"13,46 : 353.94"
"13,47 : 127.88"
"13,48 : 450.28"
"13,49 : 392.94"
"13,50 : 329.09"
"13,51 : 128.04"
"13,52 : 307.0"
"13,53 : 618.55"
"13,54 : 169.73"
"13,55 : 294.81"
"13,56 : 458.47"
"13,57 : 393.51"
"13,58 : 574.27"
"13,59 : 455.01"
"13,60 : 51.11"
"13,61 : 522.95"
"13,62 : 707.59"
"13,63 : 491.0"
"13,64 : 183.99"
"13,65 : 343.29"
"13,66 : 360.09"
"13,67 : 601.31"
"13,68 : 188.1"
"13,69 : 242.42"
"13,70 : 152.75"
"13,71 : 731.28"
"13,72 : 412.78"
"13,73 : 396.01"
"13,74 : 228.81"
"13,75 : 223.96"
"13,76 : 282.9"
"13,77 : 197.67"
"13,78 : 145.91"
"13,79 : 540.24"
"13,80 : 457.1"
"13,81 : 548.11"
"13,82 : 433.49"
"13,83 : 594.73"
"13,84 : 491.91"
"13,85 : 602.72"
"13,86 : 548.54"
"13,87 : 587.01"
"13,88 : 456.17"
"13,89 : 517.29"
"13,90 : 285.9"
"13,91 : 126.51"
"13,92 : 278.65"
"13,93 : 573.47"
"13,94 : 154.94"
"13,95 : 434.4"
"13,96 : 845.17"
"13,97 : 634.32"
"13,98 : 253.6"
"13,99 : 121.76"
"14,0 : 805.01"
"14,1 : 684.51"
"14,2 : 286.75"
"14,3 : 390.8"
"14,4 : 712.08"
"14,5 : 522.47"
"14,6 : 517.04"
"14,7 : 423.93"
"14,8 : 743.86"
"14,9 : 900.21"
"14,10 : 453.02"
"14,11 : 657.91"
"14,12 : 334.32"
"14,13 : 260.73"
"14,14 : 0.0"
"14,15 : 696.34"
"14,16 : 667.58"
"14,17 : 310.01"
"14,18 : 150.3"
"14,19 : 401.24"
"14,20 : 752.5"
"14,21 : 692.56"
"14,22 : 682.27"
"14,23 : 573.43"
"14,24 : 726.42"
"14,25 : 511.88"
"14,26 : 159.14"
"14,27 : 132.55"
"14,28 : 452.04"
"14,29 : 169.2"
"14,30 : 206.24"
"14,31 : 826.94"
"14,32 : 597.22"
"14,33 : 455.54"
"14,34 : 704.01"
"14,35 : 542.96"
"14,36 : 797.02"
"14,37 : 637.39"
"14,38 : 710.81"
"14,39 : 537.45"
"14,40 : 525.18"
"14,41 : 678.51"
"14,42 : 193.38"
"14,43 : 518.34"
"14,44 : 625.31"
"14,45 : 607.56"
"14,46 : 614.18"
"14,47 : 359.76"
"14,48 : 707.85"
"14,49 : 612.1"
"14,50 : 347.8"
"14,51 : 255.2"
"14,52 : 299.87"
"14,53 : 857.93"
"14,54 : 425.73"
"14,55 : 555.49"
"14,56 : 232.22"
"14,57 : 549.15"
"14,58 : 833.12"
"14,59 : 216.38"
"14,60 : 291.56"
"14,61 : 742.01"
"14,62 : 744.87"
"14,63 : 733.08"
"14,64 : 152.76"
"14,65 : 522.12"
"14,66 : 355.93"
"14,67 : 838.53"
"14,68 : 447.65"
"14,69 : 490.55"
"14,70 : 116.73"
"14,71 : 759.02"
"14,72 : 590.41"
"14,73 : 198.91"
"14,74 : 117.89"
"14,75 : 378.32"
"14,76 : 470.62"
"14,77 : 360.66"
"14,78 : 405.72"
"14,79 : 798.58"
"14,80 : 576.21"
"14,81 : 708.35"
"14,82 : 692.19"
"14,83 : 773.47"
"14,84 : 677.56"
"14,85 : 796.29"
"14,86 : 771.06"
"14,87 : 828.04"
"14,88 : 463.32"
"14,89 : 531.84"
"14,90 : 370.64"
"14,91 : 154.18"
"14,92 : 448.73"
"14,93 : 715.25"
"14,94 : 346.17"
"14,95 : 544.44"
"14,96 : 1090.54"
"14,97 : 871.25"
"14,98 : 361.14"
"14,99 : 140.9"
"15,0 : 556.82"
"15,1 : 680.32"
"15,2 : 733.65"
"15,3 : 871.93"
"15,4 : 1136.41"
"15,5 : 1094.95"
"15,6 : 669.12"
"15,7 : 892.44"
"15,8 : 961.95"
"15,9 : 799.02"
"15,10 : 683.57"
"15,11 : 288.39"
"15,12 : 933.84"
"15,13 : 537.44"
"15,14 : 696.34"
"15,15 : 0.0"
"15,16 : 329.22"
"15,17 : 408.23"
"15,18 : 598.38"
"15,19 : 1018.5"
"15,20 : 1072.49"
"15,21 : 586.64"
"15,22 : 1000.4"
"15,23 : 728.11"
"15,24 : 285.35"
"15,25 : 527.72"
"15,26 : 559.29"
"15,27 : 635.5"
"15,28 : 746.2"
"15,29 : 680.68"
"15,30 : 506.58"
"15,31 : 477.55"
"15,32 : 914.61"
"15,33 : 968.32"
"15,34 : 325.04"
"15,35 : 1102.34"
"15,36 : 123.86"
"15,37 : 1096.16"
"15,38 : 761.46"
"15,39 : 1066.37"
"15,40 : 1070.64"
"15,41 : 564.22"
"15,42 : 888.9"
"15,43 : 194.37"
"15,44 : 695.62"
"15,45 : 412.84"
"15,46 : 462.32"
"15,47 : 593.97"
"15,48 : 437.0"
"15,49 : 742.41"
"15,50 : 389.1"
"15,51 : 663.77"
"15,52 : 435.11"
"15,53 : 823.33"
"15,54 : 535.32"
"15,55 : 472.5"
"15,56 : 747.22"
"15,57 : 148.65"
"15,58 : 510.22"
"15,59 : 911.04"
"15,60 : 486.6"
"15,61 : 210.79"
"15,62 : 1215.97"
"15,63 : 320.12"
"15,64 : 705.54"
"15,65 : 782.3"
"15,66 : 408.17"
"15,67 : 820.75"
"15,68 : 508.94"
"15,69 : 583.85"
"15,70 : 594.23"
"15,71 : 1243.45"
"15,72 : 128.14"
"15,73 : 887.41"
"15,74 : 585.31"
"15,75 : 326.03"
"15,76 : 255.2"
"15,77 : 700.32"
"15,78 : 508.52"
"15,79 : 484.0"
"15,80 : 143.84"
"15,81 : 962.89"
"15,82 : 575.87"
"15,83 : 93.64"
"15,84 : 879.19"
"15,85 : 949.35"
"15,86 : 234.34"
"15,87 : 793.57"
"15,88 : 987.99"
"15,89 : 1044.57"
"15,90 : 809.08"
"15,91 : 558.71"
"15,92 : 260.68"
"15,93 : 1007.94"
"15,94 : 384.14"
"15,95 : 176.74"
"15,96 : 964.25"
"15,97 : 845.61"
"15,98 : 772.89"
"15,99 : 614.92"
"16,0 : 235.05"
"16,1 : 363.9"
"16,2 : 570.2"
"16,3 : 681.92"
"16,4 : 885.12"
"16,5 : 912.97"
"16,6 : 403.45"
"16,7 : 692.51"
"16,8 : 665.1"
"16,9 : 470.31"
"16,10 : 444.7"
"16,11 : 41.11"
"16,12 : 789.23"
"16,13 : 422.17"
"16,14 : 667.58"
"16,15 : 329.22"
"16,16 : 0.0"
"16,17 : 369.03"
"16,18 : 525.32"
"16,19 : 871.8"
"16,20 : 793.06"
"16,21 : 262.25"
"16,22 : 727.46"
"16,23 : 447.12"
"16,24 : 83.01"
"16,25 : 264.61"
"16,26 : 590.53"
"16,27 : 556.59"
"16,28 : 512.11"
"16,29 : 573.31"
"16,30 : 464.5"
"16,31 : 186.0"
"16,32 : 652.51"
"16,33 : 774.07"
"16,34 : 38.33"
"16,35 : 912.65"
"16,36 : 310.19"
"16,37 : 861.89"
"16,38 : 447.0"
"16,39 : 865.86"
"16,40 : 877.58"
"16,41 : 240.97"
"16,42 : 850.1"
"16,43 : 386.53"
"16,44 : 395.28"
"16,45 : 109.79"
"16,46 : 153.22"
"16,47 : 402.6"
"16,48 : 108.66"
"16,49 : 450.73"
"16,50 : 506.33"
"16,51 : 516.39"
"16,52 : 529.8"
"16,53 : 494.9"
"16,54 : 318.18"
"16,55 : 191.82"
"16,56 : 812.79"
"16,57 : 296.2"
"16,58 : 209.02"
"16,59 : 874.4"
"16,60 : 379.91"
"16,61 : 158.09"
"16,62 : 975.62"
"16,63 : 70.41"
"16,64 : 604.19"
"16,65 : 525.38"
"16,66 : 541.18"
"16,67 : 493.38"
"16,68 : 284.68"
"16,69 : 327.84"
"16,70 : 550.89"
"16,71 : 1006.34"
"16,72 : 245.42"
"16,73 : 818.14"
"16,74 : 591.42"
"16,75 : 336.98"
"16,76 : 250.64"
"16,77 : 502.36"
"16,78 : 310.23"
"16,79 : 175.33"
"16,80 : 383.96"
"16,81 : 675.44"
"16,82 : 250.96"
"16,83 : 313.38"
"16,84 : 586.85"
"16,85 : 639.09"
"16,86 : 166.18"
"16,87 : 465.76"
"16,88 : 796.16"
"16,89 : 839.29"
"16,90 : 616.33"
"16,91 : 513.91"
"16,92 : 286.63"
"16,93 : 726.61"
"16,94 : 330.76"
"16,95 : 394.77"
"16,96 : 641.31"
"16,97 : 517.23"
"16,98 : 579.56"
"16,99 : 539.51"
"17,0 : 545.26"
"17,1 : 502.78"
"17,2 : 340.83"
"17,3 : 484.65"
"17,4 : 782.84"
"17,5 : 696.5"
"17,6 : 389.49"
"17,7 : 510.05"
"17,8 : 687.29"
"17,9 : 701.6"
"17,10 : 363.69"
"17,11 : 353.64"
"17,12 : 527.8"
"17,13 : 141.74"
"17,14 : 310.01"
"17,15 : 408.23"
"17,16 : 369.03"
"17,17 : 0.0"
"17,18 : 191.08"
"17,19 : 611.93"
"17,20 : 757.74"
"17,21 : 467.21"
"17,22 : 681.49"
"17,23 : 458.66"
"17,24 : 420.08"
"17,25 : 301.25"
"17,26 : 222.91"
"17,27 : 228.08"
"17,28 : 408.49"
"17,29 : 272.92"
"17,30 : 104.69"
"17,31 : 543.05"
"17,32 : 588.69"
"17,33 : 578.96"
"17,34 : 403.19"
"17,35 : 706.83"
"17,36 : 495.87"
"17,37 : 728.66"
"17,38 : 559.76"
"17,39 : 677.02"
"17,40 : 677.41"
"17,41 : 447.4"
"17,42 : 501.44"
"17,43 : 265.84"
"17,44 : 471.53"
"17,45 : 332.84"
"17,46 : 355.68"
"17,47 : 245.62"
"17,48 : 429.62"
"17,49 : 489.47"
"17,50 : 209.46"
"17,51 : 268.64"
"17,52 : 203.54"
"17,53 : 683.35"
"17,54 : 241.23"
"17,55 : 309.25"
"17,56 : 445.82"
"17,57 : 260.55"
"17,58 : 555.9"
"17,59 : 525.1"
"17,60 : 98.68"
"17,61 : 432.0"
"17,62 : 849.03"
"17,63 : 430.22"
"17,64 : 297.32"
"17,65 : 466.28"
"17,66 : 244.95"
"17,67 : 669.54"
"17,68 : 239.7"
"17,69 : 319.0"
"17,70 : 196.24"
"17,71 : 872.93"
"17,72 : 289.91"
"17,73 : 487.02"
"17,74 : 222.7"
"17,75 : 84.39"
"17,76 : 163.25"
"17,77 : 334.81"
"17,78 : 206.53"
"17,79 : 520.16"
"17,80 : 316.94"
"17,81 : 670.26"
"17,82 : 462.61"
"17,83 : 474.95"
"17,84 : 605.0"
"17,85 : 707.9"
"17,86 : 461.16"
"17,87 : 650.59"
"17,88 : 596.66"
"17,89 : 658.6"
"17,90 : 427.6"
"17,91 : 158.4"
"17,92 : 148.07"
"17,93 : 701.0"
"17,94 : 38.28"
"17,95 : 293.14"
"17,96 : 895.38"
"17,97 : 701.84"
"17,98 : 394.93"
"17,99 : 207.62"
"18,0 : 654.79"
"18,1 : 540.38"
"18,2 : 200.41"
"18,3 : 337.73"
"18,4 : 657.95"
"18,5 : 525.4"
"18,6 : 379.97"
"18,7 : 368.29"
"18,8 : 634.72"
"18,9 : 755.22"
"18,10 : 322.9"
"18,11 : 519.31"
"18,12 : 346.48"
"18,13 : 110.49"
"18,14 : 150.3"
"18,15 : 598.38"
"18,16 : 525.32"
"18,17 : 191.08"
"18,18 : 0.0"
"18,19 : 428.51"
"18,20 : 668.15"
"18,21 : 543.15"
"18,22 : 593.66"
"18,23 : 441.45"
"18,24 : 589.08"
"18,25 : 362.23"
"18,26 : 180.9"
"18,27 : 37.12"
"18,28 : 336.9"
"18,29 : 93.19"
"18,30 : 94.49"
"18,31 : 679.01"
"18,32 : 502.76"
"18,33 : 423.62"
"18,34 : 562.6"
"18,35 : 539.49"
"18,36 : 686.57"
"18,37 : 592.44"
"18,38 : 573.11"
"18,39 : 518.2"
"18,40 : 513.68"
"18,41 : 528.68"
"18,42 : 324.78"
"18,43 : 441.73"
"18,44 : 485.45"
"18,45 : 459.37"
"18,46 : 464.31"
"18,47 : 217.08"
"18,48 : 559.5"
"18,49 : 479.18"
"18,50 : 314.43"
"18,51 : 140.51"
"18,52 : 278.21"
"18,53 : 717.01"
"18,54 : 276.6"
"18,55 : 405.31"
"18,56 : 358.21"
"18,57 : 450.0"
"18,58 : 684.11"
"18,59 : 349.07"
"18,60 : 145.52"
"18,61 : 613.36"
"18,62 : 709.2"
"18,63 : 592.71"
"18,64 : 110.45"
"18,65 : 406.32"
"18,66 : 337.24"
"18,67 : 698.57"
"18,68 : 297.56"
"18,69 : 344.42"
"18,70 : 53.14"
"18,71 : 729.04"
"18,72 : 480.97"
"18,73 : 299.25"
"18,74 : 141.65"
"18,75 : 272.42"
"18,76 : 353.24"
"18,77 : 244.81"
"18,78 : 255.54"
"18,79 : 649.85"
"18,80 : 497.04"
"18,81 : 605.27"
"18,82 : 542.5"
"18,83 : 665.98"
"18,84 : 561.31"
"18,85 : 677.33"
"18,86 : 640.82"
"18,87 : 686.27"
"18,88 : 437.9"
"18,89 : 504.53"
"18,90 : 295.1"
"18,91 : 54.78"
"18,92 : 339.04"
"18,93 : 621.81"
"18,94 : 221.02"
"18,95 : 469.26"
"18,96 : 947.14"
"18,97 : 731.52"
"18,98 : 272.53"
"18,99 : 16.55"
"19,0 : 910.0"
"19,1 : 701.06"
"19,2 : 301.81"
"19,3 : 214.87"
"19,4 : 398.03"
"19,5 : 134.03"
"19,6 : 531.9"
"19,7 : 225.5"
"19,8 : 580.02"
"19,9 : 892.98"
"19,10 : 462.03"
"19,11 : 880.46"
"19,12 : 85.0"
"19,13 : 482.75"
"19,14 : 401.24"
"19,15 : 1018.5"
"19,16 : 871.8"
"19,17 : 611.93"
"19,18 : 428.51"
"19,19 : 0.0"
"19,20 : 508.18"
"19,21 : 766.41"
"19,22 : 464.72"
"19,23 : 545.25"
"19,24 : 949.69"
"19,25 : 625.4"
"19,26 : 554.46"
"19,27 : 392.67"
"19,28 : 407.07"
"19,29 : 339.43"
"19,30 : 522.95"
"19,31 : 975.35"
"19,32 : 421.54"
"19,33 : 170.07"
"19,34 : 909.81"
"19,35 : 160.7"
"19,36 : 1094.55"
"19,37 : 316.21"
"19,38 : 679.28"
"19,39 : 184.62"
"19,40 : 160.01"
"19,41 : 764.0"
"19,42 : 319.01"
"19,43 : 870.11"
"19,44 : 624.89"
"19,45 : 775.25"
"19,46 : 755.33"
"19,47 : 469.31"
"19,48 : 862.11"
"19,49 : 577.37"
"19,50 : 730.97"
"19,51 : 362.28"
"19,52 : 687.45"
"19,53 : 823.79"
"19,54 : 555.13"
"19,55 : 696.23"
"19,56 : 582.9"
"19,57 : 872.09"
"19,58 : 966.68"
"19,59 : 324.13"
"19,60 : 533.85"
"19,61 : 995.59"
"19,62 : 390.08"
"19,63 : 942.08"
"19,64 : 318.06"
"19,65 : 446.52"
"19,66 : 746.4"
"19,67 : 800.41"
"19,68 : 588.54"
"19,69 : 569.86"
"19,70 : 451.03"
"19,71 : 393.81"
"19,72 : 895.22"
"19,73 : 242.19"
"19,74 : 508.66"
"19,75 : 696.04"
"19,76 : 765.23"
"19,77 : 375.83"
"19,78 : 561.81"
"19,79 : 939.24"
"19,80 : 924.95"
"19,81 : 530.91"
"19,82 : 772.15"
"19,83 : 1077.45"
"19,84 : 554.54"
"19,85 : 660.17"
"19,86 : 1018.23"
"19,87 : 803.81"
"19,88 : 155.88"
"19,89 : 198.25"
"19,90 : 271.07"
"19,91 : 478.01"
"19,92 : 758.0"
"19,93 : 505.17"
"19,94 : 634.37"
"19,95 : 897.66"
"19,96 : 1051.85"
"19,97 : 827.37"
"19,98 : 303.28"
"19,99 : 412.69"
"20,0 : 692.27"
"20,1 : 453.44"
"20,2 : 472.15"
"20,3 : 368.77"
"20,4 : 160.12"
"20,5 : 414.2"
"20,6 : 403.38"
"20,7 : 336.73"
"20,8 : 152.51"
"20,9 : 543.09"
"20,10 : 399.08"
"20,11 : 823.12"
"20,12 : 495.99"
"20,13 : 626.93"
"20,14 : 752.5"
"20,15 : 1072.49"
"20,16 : 793.06"
"20,17 : 757.74"
"20,18 : 668.15"
"20,19 : 508.18"
"20,20 : 0.0"
"20,21 : 561.06"
"20,22 : 76.3"
"20,23 : 347.7"
"20,24 : 873.84"
"20,25 : 545.91"
"20,26 : 848.6"
"20,27 : 652.69"
"20,28 : 349.29"
"20,29 : 593.57"
"20,30 : 730.39"
"20,31 : 794.6"
"20,32 : 169.33"
"20,33 : 345.33"
"20,34 : 821.65"
"20,35 : 389.22"
"20,36 : 1094.94"
"20,37 : 214.77"
"20,38 : 379.8"
"20,39 : 337.66"
"20,40 : 366.08"
"20,41 : 574.51"
"20,42 : 778.7"
"20,43 : 1004.38"
"20,44 : 400.93"
"20,45 : 684.67"
"20,46 : 639.95"
"20,47 : 512.49"
"20,48 : 722.08"
"20,49 : 342.73"
"20,50 : 956.02"
"20,51 : 528.0"
"20,52 : 931.88"
"20,53 : 461.35"
"20,54 : 544.31"
"20,55 : 608.79"
"20,56 : 982.58"
"20,57 : 958.3"
"20,58 : 769.26"
"20,59 : 792.94"
"20,60 : 659.93"
"20,61 : 950.32"
"20,62 : 255.0"
"20,63 : 849.15"
"20,64 : 601.71"
"20,65 : 295.44"
"20,66 : 986.61"
"20,67 : 440.52"
"20,68 : 566.36"
"20,69 : 488.67"
"20,70 : 718.71"
"20,71 : 287.11"
"20,72 : 948.16"
"20,73 : 696.76"
"20,74 : 806.55"
"20,75 : 826.77"
"20,76 : 841.08"
"20,77 : 430.77"
"20,78 : 576.09"
"20,79 : 758.24"
"20,80 : 1042.71"
"20,81 : 121.4"
"20,82 : 572.07"
"20,83 : 1091.1"
"20,84 : 210.88"
"20,85 : 229.68"
"20,86 : 958.83"
"20,87 : 459.81"
"20,88 : 354.24"
"20,89 : 314.95"
"20,90 : 382.23"
"20,91 : 719.03"
"20,92 : 856.16"
"20,93 : 66.53"
"20,94 : 753.74"
"20,95 : 1028.92"
"20,96 : 638.28"
"20,97 : 452.31"
"20,98 : 397.21"
"20,99 : 661.64"
"21,0 : 146.33"
"21,1 : 109.04"
"21,2 : 489.97"
"21,3 : 554.09"
"21,4 : 677.0"
"21,5 : 770.75"
"21,6 : 235.08"
"21,7 : 552.68"
"21,8 : 420.17"
"21,9 : 237.93"
"21,10 : 304.66"
"21,11 : 300.99"
"21,12 : 694.05"
"21,13 : 434.61"
"21,14 : 692.56"
"21,15 : 586.64"
"21,16 : 262.25"
"21,17 : 467.21"
"21,18 : 543.15"
"21,19 : 766.41"
"21,20 : 561.06"
"21,21 : 0.0"
"21,22 : 504.79"
"21,23 : 241.92"
"21,24 : 332.34"
"21,25 : 181.01"
"21,26 : 674.83"
"21,27 : 561.51"
"21,28 : 361.35"
"21,29 : 548.48"
"21,30 : 525.38"
"21,31 : 236.04"
"21,32 : 446.87"
"21,33 : 631.24"
"21,34 : 280.24"
"21,35 : 763.04"
"21,36 : 571.28"
"21,37 : 671.7"
"21,38 : 190.65"
"21,39 : 708.99"
"21,40 : 727.18"
"21,41 : 23.09"
"21,42 : 842.44"
"21,43 : 601.41"
"21,44 : 166.36"
"21,45 : 178.1"
"21,46 : 131.24"
"21,47 : 341.06"
"21,48 : 167.91"
"21,49 : 227.64"
"21,50 : 661.45"
"21,51 : 466.11"
"21,52 : 667.31"
"21,53 : 240.41"
"21,54 : 266.84"
"21,55 : 159.01"
"21,56 : 889.88"
"21,57 : 522.21"
"21,58 : 215.23"
"21,59 : 866.0"
"21,60 : 418.0"
"21,61 : 416.24"
"21,62 : 774.22"
"21,63 : 302.08"
"21,64 : 578.34"
"21,65 : 341.5"
"21,66 : 698.58"
"21,67 : 235.17"
"21,68 : 246.76"
"21,69 : 210.34"
"21,70 : 587.28"
"21,71 : 806.79"
"21,72 : 485.0"
"21,73 : 788.24"
"21,74 : 657.37"
"21,75 : 482.69"
"21,76 : 433.2"
"21,77 : 399.36"
"21,78 : 288.92"
"21,79 : 198.77"
"21,80 : 615.2"
"21,81 : 439.83"
"21,82 : 11.66"
"21,83 : 575.57"
"21,84 : 350.18"
"21,85 : 382.56"
"21,86 : 416.85"
"21,87 : 209.02"
"21,88 : 653.67"
"21,89 : 679.65"
"21,90 : 495.36"
"21,91 : 558.39"
"21,92 : 465.03"
"21,93 : 495.23"
"21,94 : 436.41"
"21,95 : 617.02"
"21,96 : 429.61"
"21,97 : 262.19"
"21,98 : 464.56"
"21,99 : 551.66"
"22,0 : 641.35"
"22,1 : 399.79"
"22,2 : 399.38"
"22,3 : 305.0"
"22,4 : 178.84"
"22,5 : 386.39"
"22,6 : 331.99"
"22,7 : 274.39"
"22,8 : 130.86"
"22,9 : 514.99"
"22,10 : 323.74"
"22,11 : 756.11"
"22,12 : 442.3"
"22,13 : 550.73"
"22,14 : 682.27"
"22,15 : 1000.4"
"22,16 : 727.46"
"22,17 : 681.49"
"22,18 : 593.66"
"22,19 : 464.72"
"22,20 : 76.3"
"22,21 : 504.79"
"22,22 : 0.0"
"22,23 : 280.37"
"22,24 : 809.08"
"22,25 : 475.48"
"22,26 : 774.37"
"22,27 : 579.22"
"22,28 : 273.02"
"22,29 : 521.02"
"22,30 : 654.55"
"22,31 : 740.36"
"22,32 : 93.06"
"22,33 : 296.28"
"22,34 : 757.33"
"22,35 : 364.41"
"22,36 : 1026.22"
"22,37 : 204.79"
"22,38 : 332.62"
"22,39 : 308.58"
"22,40 : 336.36"
"22,41 : 516.42"
"22,42 : 718.56"
"22,43 : 928.96"
"22,44 : 340.65"
"22,45 : 618.28"
"22,46 : 574.95"
"22,47 : 436.32"
"22,48 : 661.45"
"22,49 : 280.4"
"22,50 : 879.81"
"22,51 : 453.28"
"22,52 : 855.95"
"22,53 : 434.13"
"22,54 : 469.91"
"22,55 : 540.52"
"22,56 : 913.37"
"22,57 : 884.14"
"22,58 : 716.88"
"22,59 : 734.02"
"22,60 : 583.64"
"22,61 : 883.81"
"22,62 : 278.99"
"22,63 : 785.67"
"22,64 : 530.53"
"22,65 : 220.47"
"22,66 : 910.51"
"22,67 : 411.81"
"22,68 : 492.87"
"22,69 : 416.79"
"22,70 : 644.64"
"22,71 : 312.23"
"22,72 : 875.34"
"22,73 : 637.48"
"22,74 : 732.8"
"22,75 : 750.85"
"22,76 : 766.6"
"22,77 : 354.88"
"22,78 : 501.23"
"22,79 : 703.38"
"22,80 : 967.87"
"22,81 : 83.02"
"22,82 : 515.39"
"22,83 : 1021.47"
"22,84 : 159.7"
"22,85 : 216.72"
"22,86 : 893.59"
"22,87 : 427.45"
"22,88 : 308.85"
"22,89 : 282.06"
"22,90 : 311.66"
"22,91 : 644.05"
"22,92 : 781.07"
"22,93 : 40.46"
"22,94 : 677.74"
"22,95 : 953.66"
"22,96 : 631.04"
"22,97 : 428.51"
"22,98 : 324.14"
"22,99 : 587.58"
"23,0 : 387.4"
"23,1 : 157.11"
"23,2 : 309.8"
"23,3 : 330.46"
"23,4 : 442.32"
"23,5 : 534.08"
"23,6 : 69.18"
"23,7 : 322.59"
"23,8 : 237.45"
"23,9 : 353.65"
"23,10 : 120.42"
"23,11 : 475.92"
"23,12 : 481.79"
"23,13 : 357.35"
"23,14 : 573.43"
"23,15 : 728.11"
"23,16 : 447.12"
"23,17 : 458.66"
"23,18 : 441.45"
"23,19 : 545.25"
"23,20 : 347.7"
"23,21 : 241.92"
"23,22 : 280.37"
"23,23 : 0.0"
"23,24 : 528.92"
"23,25 : 200.45"
"23,26 : 611.54"
"23,27 : 444.33"
"23,28 : 143.67"
"23,29 : 406.86"
"23,30 : 467.41"
"23,31 : 475.49"
"23,32 : 209.12"
"23,33 : 397.01"
"23,34 : 477.39"
"23,35 : 524.44"
"23,36 : 747.24"
"23,37 : 430.86"
"23,38 : 143.39"
"23,39 : 469.25"
"23,40 : 488.77"
"23,41 : 248.17"
"23,42 : 682.7"
"23,43 : 678.43"
"23,44 : 81.01"
"23,45 : 337.91"
"23,46 : 294.91"
"23,47 : 229.75"
"23,48 : 385.55"
"23,49 : 38.9"
"23,50 : 667.79"
"23,51 : 318.81"
"23,52 : 655.53"
"23,53 : 294.55"
"23,54 : 220.08"
"23,55 : 261.09"
"23,56 : 798.1"
"23,57 : 622.21"
"23,58 : 456.83"
"23,59 : 704.2"
"23,60 : 371.05"
"23,61 : 603.5"
"23,62 : 537.0"
"23,63 : 506.19"
"23,64 : 430.73"
"23,65 : 102.12"
"23,66 : 702.53"
"23,67 : 272.84"
"23,68 : 233.12"
"23,69 : 149.47"
"23,70 : 493.94"
"23,71 : 569.04"
"23,72 : 606.16"
"23,73 : 615.16"
"23,74 : 579.64"
"23,75 : 512.61"
"23,76 : 508.37"
"23,77 : 218.83"
"23,78 : 255.03"
"23,79 : 437.82"
"23,80 : 710.65"
"23,81 : 234.79"
"23,82 : 250.84"
"23,83 : 743.62"
"23,84 : 153.31"
"23,85 : 249.26"
"23,86 : 613.28"
"23,87 : 268.78"
"23,88 : 419.01"
"23,89 : 439.61"
"23,90 : 281.18"
"23,91 : 478.03"
"23,92 : 528.61"
"23,93 : 281.79"
"23,94 : 444.01"
"23,95 : 700.95"
"23,96 : 530.38"
"23,97 : 304.25"
"23,98 : 258.96"
"23,99 : 443.0"
