x,y
618,124
635,62
550,22
230,480
50,987
96,448
955,933
164,363
268,123
352,283
271,948
838,128
856,395
42,339
432,466
127,346
809,159
101,925
946,966
400,472
809,429
51,379
43,74
936,273
247,794
635,64
821,751
410,408
767,188
743,815
575,830
691,889
830,195
231,843
739,86
747,359
394,21
821,516
66,154
635,644
361,315
936,688
542,923
991,526
689,29
211,381
119,305
715,47
359,586
252,112
43,956
154,882
557,931
688,555
204,707
653,808
504,816
150,667
535,821
229,912
317,213
857,186
88,360
134,680
394,712
509,920
955,54
493,125
427,412
186,426
14,925
142,516
832,472
152,682
448,188
82,315
253,730
567,945
22,657
677,241
19,956
168,368
982,859
628,799
160,586
85,736
57,893
872,10
488,907
244,469
864,530
957,394
931,514
339,910
753,800
912,953
679,790
387,776
263,851
355,598

Distanze
"0,0 : 0.0"
"0,1 : 538.81"
"0,2 : 210.75"
"0,3 : 458.11"
"0,4 : 219.94"
"0,5 : 440.93"
"0,6 : 267.69"
"0,7 : 360.23"
"0,8 : 300.17"
"0,9 : 650.82"
"0,10 : 86.65"
"0,11 : 504.21"
"0,12 : 359.03"
"0,13 : 218.96"
"0,14 : 510.99"
"0,15 : 358.07"
"0,16 : 475.84"
"0,17 : 462.73"
"0,18 : 212.88"
"0,19 : 331.73"
"0,20 : 577.48"
"0,21 : 261.55"
"0,22 : 351.4"
"0,23 : 421.1"
"0,24 : 535.9"
"0,25 : 201.4"
"0,26 : 688.15"
"0,27 : 421.01"
"0,28 : 503.06"
"0,29 : 388.46"
"0,30 : 325.48"
"0,31 : 571.78"
"0,32 : 572.18"
"0,33 : 159.15"
"0,34 : 692.25"
"0,35 : 294.96"
"0,36 : 380.67"
"0,37 : 451.11"
"0,38 : 297.32"
"0,39 : 410.93"
"0,40 : 104.71"
"0,41 : 361.81"
"0,42 : 623.2"
"0,43 : 384.25"
"0,44 : 724.86"
"0,45 : 275.04"
"0,46 : 397.55"
"0,47 : 505.22"
"0,48 : 446.16"
"0,49 : 510.82"
"0,50 : 383.08"
"0,51 : 604.71"
"0,52 : 537.33"
"0,53 : 273.66"
"0,54 : 158.38"
"0,55 : 590.6"
"0,56 : 596.81"
"0,57 : 354.81"
"0,58 : 470.03"
"0,59 : 314.2"
"0,60 : 724.85"
"0,61 : 277.97"
"0,62 : 289.38"
"0,63 : 205.3"
"0,64 : 505.64"
"0,65 : 555.03"
"0,66 : 53.85"
"0,67 : 324.23"
"0,68 : 308.19"
"0,69 : 337.63"
"0,70 : 611.0"
"0,71 : 705.23"
"0,72 : 816.65"
"0,73 : 283.8"
"0,74 : 199.74"
"0,75 : 314.56"
"0,76 : 198.81"
"0,77 : 621.59"
"0,78 : 308.97"
"0,79 : 216.39"
"0,80 : 315.51"
"0,81 : 299.95"
"0,82 : 322.47"
"0,83 : 259.63"
"0,84 : 231.01"
"0,85 : 655.06"
"0,86 : 848.12"
"0,87 : 200.32"
"0,88 : 259.33"
"0,89 : 466.34"
"0,90 : 289.94"
"0,91 : 664.05"
"0,92 : 709.61"
"0,93 : 449.7"
"0,94 : 393.21"
"0,95 : 232.36"
"0,96 : 764.81"
"0,97 : 232.88"
"0,98 : 134.18"
"0,99 : 400.28"
"1,0 : 538.81"
"1,1 : 0.0"
"1,2 : 534.1"
"1,3 : 629.33"
"1,4 : 758.45"
"1,5 : 269.16"
"1,6 : 403.49"
"1,7 : 470.09"
"1,8 : 813.4"
"1,9 : 172.29"
"1,10 : 495.71"
"1,11 : 964.97"
"1,12 : 870.83"
"1,13 : 531.39"
"1,14 : 394.01"
"1,15 : 340.48"
"1,16 : 538.01"
"1,17 : 655.9"
"1,18 : 616.05"
"1,19 : 859.96"
"1,20 : 760.59"
"1,21 : 717.16"
"1,22 : 641.58"
"1,23 : 913.63"
"1,24 : 1067.43"
"1,25 : 477.21"
"1,26 : 694.38"
"1,27 : 442.32"
"1,28 : 1011.79"
"1,29 : 677.54"
"1,30 : 234.96"
"1,31 : 293.52"
"1,32 : 904.03"
"1,33 : 688.82"
"1,34 : 822.62"
"1,35 : 552.95"
"1,36 : 285.59"
"1,37 : 456.45"
"1,38 : 751.67"
"1,39 : 946.84"
"1,40 : 533.1"
"1,41 : 538.34"
"1,42 : 704.39"
"1,43 : 463.52"
"1,44 : 846.69"
"1,45 : 316.28"
"1,46 : 461.17"
"1,47 : 579.4"
"1,48 : 974.54"
"1,49 : 743.32"
"1,50 : 321.31"
"1,51 : 976.1"
"1,52 : 217.69"
"1,53 : 413.41"
"1,54 : 496.73"
"1,55 : 128.41"
"1,56 : 908.5"
"1,57 : 881.89"
"1,58 : 716.54"
"1,59 : 839.34"
"1,60 : 259.0"
"1,61 : 783.81"
"1,62 : 770.02"
"1,63 : 488.11"
"1,64 : 70.94"
"1,65 : 279.21"
"1,66 : 589.03"
"1,67 : 467.02"
"1,68 : 844.25"
"1,69 : 264.94"
"1,70 : 514.21"
"1,71 : 905.39"
"1,72 : 980.39"
"1,73 : 352.16"
"1,74 : 691.18"
"1,75 : 714.61"
"1,76 : 348.6"
"1,77 : 434.33"
"1,78 : 814.14"
"1,79 : 699.38"
"1,80 : 761.45"
"1,81 : 508.61"
"1,82 : 811.72"
"1,83 : 719.37"
"1,84 : 321.47"
"1,85 : 965.4"
"1,86 : 1023.01"
"1,87 : 340.82"
"1,88 : 651.44"
"1,89 : 1005.11"
"1,90 : 648.96"
"1,91 : 806.13"
"1,92 : 793.51"
"1,93 : 179.04"
"1,94 : 575.81"
"1,95 : 434.82"
"1,96 : 950.28"
"1,97 : 771.03"
"1,98 : 476.4"
"1,99 : 604.91"
"2,0 : 210.75"
"2,1 : 534.1"
"2,2 : 0.0"
"2,3 : 655.46"
"2,4 : 344.28"
"2,5 : 542.11"
"2,6 : 422.81"
"2,7 : 533.33"
"2,8 : 312.16"
"2,9 : 684.49"
"2,10 : 133.81"
"2,11 : 690.88"
"2,12 : 362.1"
"2,13 : 9.22"
"2,14 : 646.35"
"2,15 : 235.48"
"2,16 : 275.68"
"2,17 : 663.67"
"2,18 : 86.68"
"2,19 : 475.88"
"2,20 : 781.65"
"2,21 : 190.69"
"2,22 : 558.81"
"2,23 : 595.7"
"2,24 : 656.02"
"2,25 : 386.12"
"2,26 : 869.39"
"2,27 : 580.64"
"2,28 : 659.05"
"2,29 : 597.08"
"2,30 : 390.6"
"2,31 : 667.35"
"2,32 : 782.0"
"2,33 : 242.0"
"2,34 : 893.47"
"2,35 : 493.51"
"2,36 : 282.58"
"2,37 : 611.4"
"2,38 : 498.2"
"2,39 : 473.23"
"2,40 : 310.65"
"2,41 : 551.6"
"2,42 : 814.85"
"2,43 : 553.38"
"2,44 : 925.86"
"2,45 : 383.89"
"2,46 : 214.04"
"2,47 : 688.16"
"2,48 : 579.35"
"2,49 : 718.06"
"2,50 : 264.61"
"2,51 : 810.46"
"2,52 : 612.72"
"2,53 : 432.95"
"2,54 : 351.15"
"2,55 : 624.91"
"2,56 : 807.26"
"2,57 : 498.63"
"2,58 : 677.41"
"2,59 : 350.78"
"2,60 : 768.85"
"2,61 : 279.08"
"2,62 : 249.01"
"2,63 : 46.07"
"2,64 : 528.16"
"2,65 : 648.6"
"2,66 : 245.46"
"2,67 : 499.36"
"2,68 : 434.06"
"2,69 : 430.03"
"2,70 : 763.94"
"2,71 : 913.43"
"2,72 : 1023.53"
"2,73 : 415.77"
"2,74 : 395.89"
"2,75 : 181.34"
"2,76 : 217.02"
"2,77 : 751.24"
"2,78 : 304.93"
"2,79 : 191.51"
"2,80 : 229.11"
"2,81 : 98.48"
"2,82 : 291.45"
"2,83 : 461.65"
"2,84 : 229.21"
"2,85 : 865.22"
"2,86 : 1056.17"
"2,87 : 237.3"
"2,88 : 117.34"
"2,89 : 548.76"
"2,90 : 500.4"
"2,91 : 865.94"
"2,92 : 905.03"
"2,93 : 387.02"
"2,94 : 183.05"
"2,95 : 100.9"
"2,96 : 972.72"
"2,97 : 333.66"
"2,98 : 318.0"
"2,99 : 189.64"
"3,0 : 458.11"
"3,1 : 629.33"
"3,2 : 655.46"
"3,3 : 0.0"
"3,4 : 537.11"
"3,5 : 366.11"
"3,6 : 269.03"
"3,7 : 164.21"
"3,8 : 695.17"
"3,9 : 618.59"
"3,10 : 521.94"
"3,11 : 464.9"
"3,12 : 744.55"
"3,13 : 662.05"
"3,14 : 286.5"
"3,15 : 694.83"
"3,16 : 881.78"
"3,17 : 29.41"
"3,18 : 670.95"
"3,19 : 535.62"
"3,20 : 139.29"
"3,21 : 708.16"
"3,22 : 135.07"
"3,23 : 480.94"
"3,24 : 697.88"
"3,25 : 270.6"
"3,26 : 250.58"
"3,27 : 191.09"
"3,28 : 583.27"
"3,29 : 127.95"
"3,30 : 431.94"
"3,31 : 426.52"
"3,32 : 296.95"
"3,33 : 563.45"
"3,34 : 239.3"
"3,35 : 163.23"
"3,36 : 681.24"
"3,37 : 187.49"
"3,38 : 339.16"
"3,39 : 717.67"
"3,40 : 353.65"
"3,41 : 110.11"
"3,42 : 168.47"
"3,43 : 166.11"
"3,44 : 271.28"
"3,45 : 359.24"
"3,46 : 789.28"
"3,47 : 99.82"
"3,48 : 613.37"
"3,49 : 116.35"
"3,50 : 706.1"
"3,51 : 382.9"
"3,52 : 461.06"
"3,53 : 255.99"
"3,54 : 304.58"
"3,55 : 580.88"
"3,56 : 291.04"
"3,57 : 545.09"
"3,58 : 101.13"
"3,59 : 683.66"
"3,60 : 644.81"
"3,61 : 687.38"
"3,62 : 719.34"
"3,63 : 633.62"
"3,64 : 560.55"
"3,65 : 423.79"
"3,66 : 451.89"
"3,67 : 181.62"
"3,68 : 563.56"
"3,69 : 379.79"
"3,70 : 276.48"
"3,71 : 286.22"
"3,72 : 382.23"
"3,73 : 309.96"
"3,74 : 382.01"
"3,75 : 770.46"
"3,76 : 503.59"
"3,77 : 356.95"
"3,78 : 713.09"
"3,79 : 656.45"
"3,80 : 760.16"
"3,81 : 725.9"
"3,82 : 740.62"
"3,83 : 339.17"
"3,84 : 523.5"
"3,85 : 343.0"
"3,86 : 420.52"
"3,87 : 483.0"
"3,88 : 717.37"
"3,89 : 724.71"
"3,90 : 213.46"
"3,91 : 212.98"
"3,92 : 251.51"
"3,93 : 674.53"
"3,94 : 826.72"
"3,95 : 631.89"
"3,96 : 339.42"
"3,97 : 572.42"
"3,98 : 337.54"
"3,99 : 840.5"
"4,0 : 219.94"
"4,1 : 758.45"
"4,2 : 344.28"
"4,3 : 537.11"
"4,4 : 0.0"
"4,5 : 636.25"
"4,6 : 442.62"
"4,7 : 500.85"
"4,8 : 167.16"
"4,9 : 864.18"
"4,10 : 281.18"
"4,11 : 368.05"
"4,12 : 209.3"
"4,13 : 353.36"
"4,14 : 679.15"
"4,15 : 553.09"
"4,16 : 615.61"
"4,17 : 529.44"
"4,18 : 285.46"
"4,19 : 131.86"
"4,20 : 620.21"
"4,21 : 243.56"
"4,22 : 403.97"
"4,23 : 263.46"
"4,24 : 321.36"
"4,25 : 355.17"
"4,26 : 787.02"
"4,27 : 572.06"
"4,28 : 315.3"
"4,29 : 425.99"
"4,30 : 539.63"
"4,31 : 764.07"
"4,32 : 528.91"
"4,33 : 103.1"
"4,34 : 739.42"
"4,35 : 395.89"
"4,36 : 585.33"
"4,37 : 598.55"
"4,38 : 233.03"
"4,39 : 202.05"
"4,40 : 251.96"
"4,41 : 472.83"
"4,42 : 703.44"
"4,43 : 527.38"
"4,44 : 771.06"
"4,45 : 478.6"
"4,46 : 558.09"
"4,47 : 613.56"
"4,48 : 237.45"
"4,49 : 543.06"
"4,50 : 580.74"
"4,51 : 527.73"
"4,52 : 740.21"
"4,53 : 443.65"
"4,54 : 312.24"
"4,55 : 804.69"
"4,56 : 562.23"
"4,57 : 154.39"
"4,58 : 505.6"
"4,59 : 147.23"
"4,60 : 934.44"
"4,61 : 171.41"
"4,62 : 220.32"
"4,63 : 366.0"
"4,64 : 723.04"
"4,65 : 749.02"
"4,66 : 169.78"
"4,67 : 467.08"
"4,68 : 92.42"
"4,69 : 543.01"
"4,70 : 755.74"
"4,71 : 716.6"
"4,72 : 831.56"
"4,73 : 474.27"
"4,74 : 155.63"
"4,75 : 325.33"
"4,76 : 417.17"
"4,77 : 788.68"
"4,78 : 188.74"
"4,79 : 194.26"
"4,80 : 278.66"
"4,81 : 442.09"
"4,82 : 224.15"
"4,83 : 211.9"
"4,84 : 448.65"
"4,85 : 611.48"
"4,86 : 854.18"
"4,87 : 420.08"
"4,88 : 308.63"
"4,89 : 247.75"
"4,90 : 324.96"
"4,91 : 710.34"
"4,92 : 774.58"
"4,93 : 664.85"
"4,94 : 509.38"
"4,95 : 412.99"
"4,96 : 775.39"
"4,97 : 36.69"
"4,98 : 310.66"
"4,99 : 503.72"
"5,0 : 440.93"
"5,1 : 269.16"
"5,2 : 542.11"
"5,3 : 366.11"
"5,4 : 636.25"
"5,5 : 0.0"
"5,6 : 199.41"
"5,7 : 217.37"
"5,8 : 741.1"
"5,9 : 263.58"
"5,10 : 443.23"
"5,11 : 753.57"
"5,12 : 799.92"
"5,13 : 544.0"
"5,14 : 136.52"
"5,15 : 452.95"
"5,16 : 668.16"
"5,17 : 394.0"
"5,18 : 602.07"
"5,19 : 706.66"
"5,20 : 493.21"
"5,21 : 684.77"
"5,22 : 402.88"
"5,23 : 723.79"
"5,24 : 909.05"
"5,25 : 289.93"
"5,26 : 434.61"
"5,27 : 175.64"
"5,28 : 828.45"
"5,29 : 433.42"
"5,30 : 157.71"
"5,31 : 130.97"
"5,32 : 652.82"
"5,33 : 599.05"
"5,34 : 553.72"
"5,35 : 323.45"
"5,36 : 415.64"
"5,37 : 187.48"
"5,38 : 555.93"
"5,39 : 837.94"
"5,40 : 384.55"
"5,41 : 287.54"
"5,42 : 436.21"
"5,43 : 204.3"
"5,44 : 578.31"
"5,45 : 167.33"
"5,46 : 575.02"
"5,47 : 310.31"
"5,48 : 814.83"
"5,49 : 482.0"
"5,50 : 450.47"
"5,51 : 731.32"
"5,52 : 110.94"
"5,53 : 202.73"
"5,54 : 327.39"
"5,55 : 217.89"
"5,56 : 652.92"
"5,57 : 725.51"
"5,58 : 459.19"
"5,59 : 753.11"
"5,60 : 312.37"
"5,61 : 718.32"
"5,62 : 723.83"
"5,63 : 501.1"
"5,64 : 198.49"
"5,65 : 114.13"
"5,66 : 476.0"
"5,67 : 226.18"
"5,68 : 706.7"
"5,69 : 112.16"
"5,70 : 266.96"
"5,71 : 636.91"
"5,72 : 711.42"
"5,73 : 161.98"
"5,74 : 524.68"
"5,75 : 712.97"
"5,76 : 326.15"
"5,77 : 218.2"
"5,78 : 749.49"
"5,79 : 648.93"
"5,80 : 737.26"
"5,81 : 565.58"
"5,82 : 760.21"
"5,83 : 530.88"
"5,84 : 321.75"
"5,85 : 707.55"
"5,86 : 753.95"
"5,87 : 305.0"
"5,88 : 647.69"
"5,89 : 878.9"
"5,90 : 431.3"
"5,91 : 536.98"
"5,92 : 526.82"
"5,93 : 362.06"
"5,94 : 659.25"
"5,95 : 467.02"
"5,96 : 681.17"
"5,97 : 659.78"
"5,98 : 325.61"
"5,99 : 683.1"
"6,0 : 267.69"
"6,1 : 403.49"
"6,2 : 422.81"
"6,3 : 269.03"
"6,4 : 442.62"
"6,5 : 199.41"
"6,6 : 0.0"
"6,7 : 115.6"
"6,8 : 561.84"
"6,9 : 452.93"
"6,10 : 298.56"
"6,11 : 566.83"
"6,12 : 619.53"
"6,13 : 427.57"
"6,14 : 243.77"
"6,15 : 426.75"
"6,16 : 620.73"
"6,17 : 288.28"
"6,18 : 461.46"
"6,19 : 507.41"
"6,20 : 408.1"
"6,21 : 527.16"
"6,22 : 241.47"
"6,23 : 528.23"
"6,24 : 709.71"
"6,25 : 90.61"
"6,26 : 449.5"
"6,27 : 158.47"
"6,28 : 631.8"
"6,29 : 279.95"
"6,30 : 176.56"
"6,31 : 322.7"
"6,32 : 507.77"
"6,33 : 418.01"
"6,34 : 503.01"
"6,35 : 151.03"
"6,36 : 412.24"
"6,37 : 189.27"
"6,38 : 360.94"
"6,39 : 644.64"
"6,40 : 191.51"
"6,41 : 159.88"
"6,42 : 406.4"
"6,43 : 131.95"
"6,44 : 533.58"
"6,45 : 95.13"
"6,46 : 526.72"
"6,47 : 272.72"
"6,48 : 615.46"
"6,49 : 367.7"
"6,50 : 437.23"
"6,51 : 575.01"
"6,52 : 309.13"
"6,53 : 13.04"
"6,54 : 130.51"
"6,55 : 399.37"
"6,56 : 516.9"
"6,57 : 526.13"
"6,58 : 333.62"
"6,59 : 568.15"
"6,60 : 510.06"
"6,61 : 542.76"
"6,62 : 557.04"
"6,63 : 391.7"
"6,64 : 343.93"
"6,65 : 308.64"
"6,66 : 291.76"
"6,67 : 88.09"
"6,68 : 509.01"
"6,69 : 138.85"
"6,70 : 346.22"
"6,71 : 554.19"
"6,72 : 650.89"
"6,73 : 51.35"
"6,74 : 325.3"
"6,75 : 570.95"
"6,76 : 240.21"
"6,77 : 354.6"
"6,78 : 573.17"
"6,79 : 483.91"
"6,80 : 581.12"
"6,81 : 477.02"
"6,82 : 589.37"
"6,83 : 333.65"
"6,84 : 256.7"
"6,85 : 575.99"
"6,86 : 689.52"
"6,87 : 218.34"
"6,88 : 509.26"
"6,89 : 681.79"
"6,90 : 246.45"
"6,91 : 478.73"
"6,92 : 500.47"
"6,93 : 412.54"
"6,94 : 578.02"
"6,95 : 378.15"
"6,96 : 608.36"
"6,97 : 468.76"
"6,98 : 137.09"
"6,99 : 595.7"
"7,0 : 360.23"
"7,1 : 470.09"
"7,2 : 533.33"
"7,3 : 164.21"
"7,4 : 500.85"
"7,5 : 217.37"
"7,6 : 115.6"
"7,7 : 0.0"
"7,8 : 638.78"
"7,9 : 479.88"
"7,10 : 404.82"
"7,11 : 545.39"
"7,12 : 694.14"
"7,13 : 538.62"
"7,14 : 188.5"
"7,15 : 540.03"
"7,16 : 736.24"
"7,17 : 188.22"
"7,18 : 565.12"
"7,19 : 539.72"
"7,20 : 302.49"
"7,21 : 621.62"
"7,22 : 187.54"
"7,23 : 529.01"
"7,24 : 730.15"
"7,25 : 159.25"
"7,26 : 336.18"
"7,27 : 73.06"
"7,28 : 635.06"
"7,29 : 216.21"
"7,30 : 267.87"
"7,31 : 308.69"
"7,32 : 436.74"
"7,33 : 496.7"
"7,34 : 390.29"
"7,35 : 120.34"
"7,36 : 522.2"
"7,37 : 97.72"
"7,38 : 363.92"
"7,39 : 698.97"
"7,40 : 266.19"
"7,41 : 70.21"
"7,42 : 290.91"
"7,43 : 26.57"
"7,44 : 420.22"
"7,45 : 197.77"
"7,46 : 642.13"
"7,47 : 157.26"
"7,48 : 638.03"
"7,49 : 274.23"
"7,50 : 549.03"
"7,51 : 514.04"
"7,52 : 323.29"
"7,53 : 103.47"
"7,54 : 204.02"
"7,55 : 435.2"
"7,56 : 439.0"
"7,57 : 555.13"
"7,58 : 246.46"
"7,59 : 638.16"
"7,60 : 520.15"
"7,61 : 623.77"
"7,62 : 645.01"
"7,63 : 504.47"
"7,64 : 403.04"
"7,65 : 300.31"
"7,66 : 372.19"
"7,67 : 36.06"
"7,68 : 552.53"
"7,69 : 215.71"
"7,70 : 256.3"
"7,71 : 449.81"
"7,72 : 541.25"
"7,73 : 148.45"
"7,74 : 360.93"
"7,75 : 672.3"
"7,76 : 355.76"
"7,77 : 292.36"
"7,78 : 652.86"
"7,79 : 574.63"
"7,80 : 675.49"
"7,81 : 591.54"
"7,82 : 673.62"
"7,83 : 346.6"
"7,84 : 371.43"
"7,85 : 495.4"
"7,86 : 581.05"
"7,87 : 333.79"
"7,88 : 612.92"
"7,89 : 724.49"
"7,90 : 229.26"
"7,91 : 367.11"
"7,92 : 385.18"
"7,93 : 510.63"
"7,94 : 692.69"
"7,95 : 493.24"
"7,96 : 501.47"
"7,97 : 531.65"
"7,98 : 226.42"
"7,99 : 709.74"
"8,0 : 300.17"
"8,1 : 813.4"
"8,2 : 312.16"
"8,3 : 695.17"
"8,4 : 167.16"
"8,5 : 741.1"
"8,6 : 561.84"
"8,7 : 638.78"
"8,8 : 0.0"
"8,9 : 942.04"
"8,10 : 318.6"
"8,11 : 512.06"
"8,12 : 59.06"
"8,13 : 319.36"
"8,14 : 805.22"
"8,15 : 546.75"
"8,16 : 547.75"
"8,17 : 689.88"
"8,18 : 228.41"
"8,19 : 258.8"
"8,20 : 785.12"
"8,21 : 135.83"
"8,22 : 564.71"
"8,23 : 403.85"
"8,24 : 376.65"
"8,25 : 482.9"
"8,26 : 942.85"
"8,27 : 706.42"
"8,28 : 423.97"
"8,29 : 589.51"
"8,30 : 619.48"
"8,31 : 871.92"
"8,32 : 693.88"
"8,33 : 143.84"
"8,34 : 904.47"
"8,35 : 545.01"
"8,36 : 590.81"
"8,37 : 734.98"
"8,38 : 400.06"
"8,39 : 167.32"
"8,40 : 374.23"
"8,41 : 621.07"
"8,42 : 863.04"
"8,43 : 664.72"
"8,44 : 936.35"
"8,45 : 574.95"
"8,46 : 513.6"
"8,47 : 765.05"
"8,48 : 323.11"
"8,49 : 708.51"
"8,50 : 575.9"
"8,51 : 686.86"
"8,52 : 836.34"
"8,53 : 565.84"
"8,54 : 437.56"
"8,55 : 881.33"
"8,56 : 727.84"
"8,57 : 274.2"
"8,58 : 670.39"
"8,59 : 46.69"
"8,60 : 1019.53"
"8,61 : 33.24"
"8,62 : 81.74"
"8,63 : 350.37"
"8,64 : 791.04"
"8,65 : 855.2"
"8,66 : 270.19"
"8,67 : 603.33"
"8,68 : 204.24"
"8,69 : 636.83"
"8,70 : 894.95"
"8,71 : 883.73"
"8,72 : 998.71"
"8,73 : 583.01"
"8,74 : 318.94"
"8,75 : 207.63"
"8,76 : 465.55"
"8,77 : 916.06"
"8,78 : 23.35"
"8,79 : 120.93"
"8,80 : 141.48"
"8,81 : 395.61"
"8,82 : 62.63"
"8,83 : 378.65"
"8,84 : 491.93"
"8,85 : 775.63"
"8,86 : 1021.27"
"8,87 : 476.25"
"8,88 : 224.24"
"8,89 : 248.34"
"8,90 : 486.4"
"8,91 : 875.36"
"8,92 : 937.44"
"8,93 : 688.32"
"8,94 : 432.67"
"8,95 : 406.41"
"8,96 : 942.54"
"8,97 : 130.68"
"8,98 : 424.76"
"8,99 : 418.14"
"9,0 : 650.82"
"9,1 : 172.29"
"9,2 : 684.49"
"9,3 : 618.59"
"9,4 : 864.18"
"9,5 : 263.58"
"9,6 : 452.93"
"9,7 : 479.88"
"9,8 : 942.04"
"9,9 : 0.0"
"9,10 : 624.7"
"9,11 : 1015.9"
"9,12 : 1000.75"
"9,13 : 683.01"
"9,14 : 341.07"
"9,15 : 508.67"
"9,16 : 710.03"
"9,17 : 647.57"
"9,18 : 761.8"
"9,19 : 950.43"
"9,20 : 734.13"
"9,21 : 858.89"
"9,22 : 666.32"
"9,23 : 981.15"
"9,24 : 1156.51"
"9,25 : 540.28"
"9,26 : 618.95"
"9,27 : 428.97"
"9,28 : 1084.41"
"9,29 : 696.05"
"9,30 : 325.4"
"9,31 : 204.36"
"9,32 : 911.74"
"9,33 : 808.22"
"9,34 : 772.63"
"9,35 : 586.55"
"9,36 : 454.85"
"9,37 : 431.57"
"9,38 : 813.82"
"9,39 : 1061.24"
"9,40 : 620.32"
"9,41 : 549.72"
"9,42 : 652.18"
"9,43 : 464.46"
"9,44 : 791.75"
"9,45 : 388.74"
"9,46 : 631.53"
"9,47 : 546.07"
"9,48 : 1062.21"
"9,49 : 734.78"
"9,50 : 491.32"
"9,51 : 992.47"
"9,52 : 157.88"
"9,53 : 458.94"
"9,54 : 571.2"
"9,55 : 60.75"
"9,56 : 909.16"
"9,57 : 970.78"
"9,58 : 716.0"
"9,59 : 962.62"
"9,60 : 87.46"
"9,61 : 914.7"
"9,62 : 907.83"
"9,63 : 638.61"
"9,64 : 156.37"
"9,65 : 200.36"
"9,66 : 695.69"
"9,67 : 489.72"
"9,68 : 943.26"
"9,69 : 325.0"
"9,70 : 433.0"
"9,71 : 870.16"
"9,72 : 928.2"
"9,73 : 406.6"
"9,74 : 771.8"
"9,75 : 865.77"
"9,76 : 480.51"
"9,77 : 336.28"
"9,78 : 945.78"
"9,79 : 834.52"
"9,80 : 906.52"
"9,81 : 670.61"
"9,82 : 948.22"
"9,83 : 786.31"
"9,84 : 459.29"
"9,85 : 961.52"
"9,86 : 971.61"
"9,87 : 467.04"
"9,88 : 800.97"
"9,89 : 1111.57"
"9,90 : 693.36"
"9,91 : 761.51"
"9,92 : 731.71"
"9,93 : 351.05"
"9,94 : 743.59"
"9,95 : 588.87"
"9,96 : 906.99"
"9,97 : 882.22"
"9,98 : 560.33"
"9,99 : 772.22"
"10,0 : 86.65"
"10,1 : 495.71"
"10,2 : 133.81"
"10,3 : 521.94"
"10,4 : 281.18"
"10,5 : 443.23"
"10,6 : 298.56"
"10,7 : 404.82"
"10,8 : 318.6"
"10,9 : 624.7"
"10,10 : 0.0"
"10,11 : 589.38"
"10,12 : 376.81"
"10,13 : 140.87"
"10,14 : 533.02"
"10,15 : 276.8"
"10,16 : 390.12"
"10,17 : 529.88"
"10,18 : 163.44"
"10,19 : 403.8"
"10,20 : 647.88"
"10,21 : 241.9"
"10,22 : 425.83"
"10,23 : 503.36"
"10,24 : 602.42"
"10,25 : 253.57"
"10,26 : 739.82"
"10,27 : 456.97"
"10,28 : 580.71"
"10,29 : 464.57"
"10,30 : 306.23"
"10,31 : 573.13"
"10,32 : 656.25"
"10,33 : 196.09"
"10,34 : 759.72"
"10,35 : 359.75"
"10,36 : 304.87"
"10,37 : 487.76"
"10,38 : 383.94"
"10,39 : 454.22"
"10,40 : 178.39"
"10,41 : 419.06"
"10,42 : 682.47"
"10,43 : 426.25"
"10,44 : 792.13"
"10,45 : 277.05"
"10,46 : 310.91"
"10,47 : 557.65"
"10,48 : 516.12"
"10,49 : 584.82"
"10,50 : 303.15"
"10,51 : 690.82"
"10,52 : 528.34"
"10,53 : 307.52"
"10,54 : 217.45"
"10,55 : 563.95"
"10,56 : 679.84"
"10,57 : 427.14"
"10,58 : 544.27"
"10,59 : 343.68"
"10,60 : 703.91"
"10,61 : 290.27"
"10,62 : 285.03"
"10,63 : 120.37"
"10,64 : 472.61"
"10,65 : 555.17"
"10,66 : 134.73"
"10,67 : 370.0"
"10,68 : 373.16"
"10,69 : 332.78"
"10,70 : 644.11"
"10,71 : 780.43"
"10,72 : 890.07"
"10,73 : 300.0"
"10,74 : 285.59"
"10,75 : 274.07"
"10,76 : 147.19"
"10,77 : 641.34"
"10,78 : 321.22"
"10,79 : 210.64"
"10,80 : 294.05"
"10,81 : 215.87"
"10,82 : 324.3"
"10,83 : 346.27"
"10,84 : 175.07"
"10,85 : 738.6"
"10,86 : 923.04"
"10,87 : 157.87"
"10,88 : 211.05"
"10,89 : 518.48"
"10,90 : 370.14"
"10,91 : 732.15"
"10,92 : 772.0"
"10,93 : 385.06"
"10,94 : 312.19"
"10,95 : 146.11"
"10,96 : 839.56"
"10,97 : 284.88"
"10,98 : 184.84"
"10,99 : 322.01"
"11,0 : 504.21"
"11,1 : 964.97"
"11,2 : 690.88"
"11,3 : 464.9"
"11,4 : 368.05"
"11,5 : 753.57"
"11,6 : 566.83"
"11,7 : 545.39"
"11,8 : 512.06"
"11,9 : 1015.9"
"11,10 : 589.38"
"11,11 : 0.0"
"11,12 : 528.93"
"11,13 : 700.08"
"11,14 : 726.42"
"11,15 : 861.02"
"11,16 : 966.54"
"11,17 : 439.96"
"11,18 : 646.82"
"11,19 : 253.34"
"11,20 : 458.02"
"11,21 : 611.2"
"11,22 : 360.8"
"11,23 : 108.25"
"11,24 : 282.18"
"11,25 : 487.77"
"11,26 : 681.42"
"11,27 : 611.35"
"11,28 : 149.05"
"11,29 : 343.89"
"11,30 : 730.35"
"11,31 : 854.04"
"11,32 : 255.23"
"11,33 : 465.15"
"11,34 : 555.49"
"11,35 : 430.41"
"11,36 : 878.23"
"11,37 : 623.78"
"11,38 : 217.22"
"11,39 : 421.54"
"11,40 : 450.81"
"11,41 : 480.92"
"11,42 : 582.42"
"11,43 : 566.64"
"11,44 : 579.67"
"11,45 : 648.76"
"11,46 : 896.9"
"11,47 : 564.72"
"11,48 : 235.72"
"11,49 : 390.36"
"11,50 : 884.84"
"11,51 : 202.07"
"11,52 : 863.77"
"11,53 : 559.13"
"11,54 : 471.48"
"11,55 : 964.84"
"11,56 : 291.76"
"11,57 : 239.89"
"11,58 : 375.05"
"11,59 : 473.06"
"11,60 : 1063.76"
"11,61 : 528.02"
"11,62 : 581.61"
"11,63 : 700.52"
"11,64 : 909.47"
"11,65 : 845.57"
"11,66 : 454.91"
"11,67 : 528.67"
"11,68 : 307.88"
"11,69 : 704.27"
"11,70 : 741.02"
"11,71 : 480.61"
"11,72 : 583.01"
"11,73 : 616.77"
"11,74 : 304.69"
"11,75 : 693.13"
"11,76 : 682.16"
"11,77 : 814.81"
"11,78 : 535.4"
"11,79 : 562.25"
"11,80 : 642.44"
"11,81 : 788.73"
"11,82 : 574.6"
"11,83 : 253.44"
"11,84 : 714.34"
"11,85 : 314.95"
"11,86 : 590.36"
"11,87 : 673.96"
"11,88 : 674.85"
"11,89 : 378.51"
"11,90 : 322.54"
"11,91 : 531.0"
"11,92 : 613.23"
"11,93 : 928.63"
"11,94 : 867.63"
"11,95 : 735.36"
"11,96 : 528.27"
"11,97 : 396.07"
"11,98 : 497.81"
"11,99 : 865.39"
"12,0 : 359.03"
"12,1 : 870.83"
"12,2 : 362.1"
"12,3 : 744.55"
"12,4 : 209.3"
"12,5 : 799.92"
"12,6 : 619.53"
"12,7 : 694.14"
"12,8 : 59.06"
"12,9 : 1000.75"
"12,10 : 376.81"
"12,11 : 528.93"
"12,12 : 0.0"
"12,13 : 368.72"
"12,14 : 862.59"
"12,15 : 597.54"
"12,16 : 583.64"
"12,17 : 737.92"
"12,18 : 276.35"
"12,19 : 277.61"
"12,20 : 829.4"
"12,21 : 176.23"
"12,22 : 612.46"
"12,23 : 421.17"
"12,24 : 361.47"
"12,25 : 539.4"
"12,26 : 993.48"
"12,27 : 762.53"
"12,28 : 426.66"
"12,29 : 635.24"
"12,30 : 678.46"
"12,31 : 930.71"
"12,32 : 725.84"
"12,33 : 201.76"
"12,34 : 948.54"
"12,35 : 597.52"
"12,36 : 643.2"
"12,37 : 790.78"
"12,38 : 438.29"
"12,39 : 141.44"
"12,40 : 430.83"
"12,41 : 674.02"
"12,42 : 911.7"
"12,43 : 720.24"
"12,44 : 980.1"
"12,45 : 633.91"
"12,46 : 556.65"
"12,47 : 817.22"
"12,48 : 321.82"
"12,49 : 752.1"
"12,50 : 626.69"
"12,51 : 712.25"
"12,52 : 895.39"
"12,53 : 623.24"
"12,54 : 494.17"
"12,55 : 940.03"
"12,56 : 760.75"
"12,57 : 289.08"
"12,58 : 714.84"
"12,59 : 62.64"
"12,60 : 1078.45"
"12,61 : 87.05"
"12,62 : 116.46"
"12,63 : 402.33"
"12,64 : 849.4"
"12,65 : 914.04"
"12,66 : 327.77"
"12,67 : 658.91"
"12,68 : 224.4"
"12,69 : 695.86"
"12,70 : 950.44"
"12,71 : 922.53"
"12,72 : 1037.2"
"12,73 : 641.51"
"12,74 : 364.58"
"12,75 : 235.44"
"12,76 : 523.5"
"12,77 : 973.39"
"12,78 : 57.63"
"12,79 : 173.88"
"12,80 : 164.51"
"12,81 : 440.27"
"12,82 : 78.09"
"12,83 : 420.32"
"12,84 : 549.39"
"12,85 : 806.08"
"12,86 : 1058.09"
"12,87 : 534.6"
"12,88 : 264.77"
"12,89 : 223.43"
"12,90 : 533.61"
"12,91 : 919.48"
"12,92 : 983.81"
"12,93 : 742.74"
"12,94 : 467.74"
"12,95 : 458.85"
"12,96 : 980.72"
"12,97 : 172.97"
"12,98 : 482.46"
"12,99 : 450.43"
"13,0 : 218.96"
"13,1 : 531.39"
"13,2 : 9.22"
"13,3 : 662.05"
"13,4 : 353.36"
"13,5 : 544.0"
"13,6 : 427.57"
"13,7 : 538.62"
"13,8 : 319.36"
"13,9 : 683.01"
"13,10 : 140.87"
"13,11 : 700.08"
"13,12 : 368.72"
"13,13 : 0.0"
"13,14 : 649.55"
"13,15 : 229.14"
"13,16 : 266.48"
"13,17 : 670.52"
"13,18 : 92.66"
"13,19 : 484.99"
"13,20 : 788.74"
"13,21 : 196.31"
"13,22 : 566.32"
"13,23 : 604.91"
"13,24 : 664.71"
"13,25 : 392.39"
"13,26 : 874.77"
"13,27 : 585.16"
"13,28 : 668.19"
"13,29 : 604.73"
"13,30 : 391.66"
"13,31 : 668.65"
"13,32 : 790.49"
"13,33 : 251.0"
"13,34 : 900.25"
"13,35 : 500.33"
"13,36 : 277.04"
"13,37 : 615.89"
"13,38 : 507.14"
"13,39 : 481.04"
"13,40 : 318.28"
"13,41 : 557.79"
"13,42 : 820.93"
"13,43 : 558.43"
"13,44 : 932.62"
"13,45 : 386.87"
"13,46 : 205.09"
"13,47 : 693.79"
"13,48 : 588.28"
"13,49 : 725.49"
"13,50 : 258.23"
"13,51 : 819.28"
"13,52 : 613.25"
"13,53 : 437.86"
"13,54 : 357.93"
"13,55 : 623.6"
"13,56 : 815.62"
"13,57 : 507.72"
"13,58 : 684.88"
"13,59 : 358.41"
"13,60 : 767.65"
"13,61 : 286.23"
"13,62 : 255.05"
"13,63 : 44.64"
"13,64 : 526.64"
"13,65 : 649.85"
"13,66 : 254.28"
"13,67 : 504.84"
"13,68 : 443.03"
"13,69 : 432.02"
"13,70 : 767.83"
"13,71 : 920.96"
"13,72 : 1030.87"
"13,73 : 419.55"
"13,74 : 404.88"
"13,75 : 183.36"
"13,76 : 218.33"
"13,77 : 753.98"
"13,78 : 311.7"
"13,79 : 198.93"
"13,80 : 233.31"
"13,81 : 89.27"
"13,82 : 297.41"
"13,83 : 470.55"
"13,84 : 229.26"
"13,85 : 873.66"
"13,86 : 1063.66"
"13,87 : 239.02"
"13,88 : 120.37"
"13,89 : 556.86"
"13,90 : 508.41"
"13,91 : 872.79"
"13,92 : 911.34"
"13,93 : 382.43"
"13,94 : 174.5"
"13,95 : 97.08"
"13,96 : 980.19"
"13,97 : 342.53"
"13,98 : 324.52"
"13,99 : 181.74"
"14,0 : 510.99"
"14,1 : 394.01"
"14,2 : 646.35"
"14,3 : 286.5"
"14,4 : 679.15"
"14,5 : 136.52"
"14,6 : 243.77"
"14,7 : 188.5"
"14,8 : 805.22"
"14,9 : 341.07"
"14,10 : 533.02"
"14,11 : 726.42"
"14,12 : 862.59"
"14,13 : 649.55"
"14,14 : 0.0"
"14,15 : 583.56"
"14,16 : 796.99"
"14,17 : 315.91"
"14,18 : 696.18"
"14,19 : 726.78"
"14,20 : 393.56"
"14,21 : 768.43"
"14,22 : 365.65"
"14,23 : 716.38"
"14,24 : 918.64"
"14,25 : 324.83"
"14,26 : 301.04"
"14,27 : 116.69"
"14,28 : 822.43"
"14,29 : 385.63"
"14,30 : 283.54"
"14,31 : 141.06"
"14,32 : 583.44"
"14,33 : 661.4"
"14,34 : 435.27"
"14,35 : 308.7"
"14,36 : 549.18"
"14,37 : 103.25"
"14,38 : 552.21"
"14,39 : 879.91"
"14,40 : 432.38"
"14,41 : 246.11"
"14,42 : 315.06"
"14,43 : 163.6"
"14,44 : 456.87"
"14,45 : 262.88"
"14,46 : 702.84"
"14,47 : 205.62"
"14,48 : 826.4"
"14,49 : 400.43"
"14,50 : 583.12"
"14,51 : 668.71"
"14,52 : 189.64"
"14,53 : 239.38"
"14,54 : 369.36"
"14,55 : 313.41"
"14,56 : 576.58"
"14,57 : 742.75"
"14,58 : 387.2"
"14,59 : 810.0"
"14,60 : 359.03"
"14,61 : 786.5"
"14,62 : 800.31"
"14,63 : 608.95"
"14,64 : 323.47"
"14,65 : 141.09"
"14,66 : 535.03"
"14,67 : 216.67"
"14,68 : 736.96"
"14,69 : 228.62"
"14,70 : 131.02"
"14,71 : 529.37"
"14,72 : 592.51"
"14,73 : 233.02"
"14,74 : 546.27"
"14,75 : 807.06"
"14,76 : 437.54"
"14,77 : 110.86"
"14,78 : 816.85"
"14,79 : 726.72"
"14,80 : 822.19"
"14,81 : 682.18"
"14,82 : 833.07"
"14,83 : 535.02"
"14,84 : 439.57"
"14,85 : 626.02"
"14,86 : 635.71"
"14,87 : 415.02"
"14,88 : 743.42"
"14,89 : 909.71"
"14,90 : 416.66"
"14,91 : 422.19"
"14,92 : 400.87"
"14,93 : 498.57"
"14,94 : 779.28"
"14,95 : 581.87"
"14,96 : 567.86"
"14,97 : 707.63"
"14,98 : 380.61"
"14,99 : 801.36"
"15,0 : 358.07"
"15,1 : 340.48"
"15,2 : 235.48"
"15,3 : 694.83"
"15,4 : 553.09"
"15,5 : 452.95"
"15,6 : 426.75"
"15,7 : 540.03"
"15,8 : 546.75"
"15,9 : 508.67"
"15,10 : 276.8"
"15,11 : 861.02"
"15,12 : 597.54"
"15,13 : 229.14"
"15,14 : 583.56"
"15,15 : 0.0"
"15,16 : 215.98"
"15,17 : 712.02"
"15,18 : 321.79"
"15,19 : 679.4"
"15,20 : 833.07"
"15,21 : 425.2"
"15,22 : 637.73"
"15,23 : 779.0"
"15,24 : 873.62"
"15,25 : 440.18"
"15,26 : 858.96"
"15,27 : 559.92"
"15,28 : 857.46"
"15,29 : 678.88"
"15,30 : 300.31"
"15,31 : 554.24"
"15,32 : 894.52"
"15,33 : 457.84"
"15,34 : 929.66"
"15,35 : 552.83"
"15,36 : 55.71"
"15,37 : 587.53"
"15,38 : 648.99"
"15,39 : 704.46"
"15,40 : 419.84"
"15,41 : 584.8"
"15,42 : 829.44"
"15,43 : 550.84"
"15,44 : 960.01"
"15,45 : 345.3"
"15,46 : 126.15"
"15,47 : 693.72"
"15,48 : 790.18"
"15,49 : 785.36"
"15,50 : 29.15"
"15,51 : 942.22"
"15,52 : 484.21"
"15,53 : 439.68"
"15,54 : 426.55"
"15,55 : 454.86"
"15,56 : 912.33"
"15,57 : 702.74"
"15,58 : 747.75"
"15,59 : 583.61"
"15,60 : 596.12"
"15,61 : 513.88"
"15,62 : 484.17"
"15,63 : 196.77"
"15,64 : 359.03"
"15,65 : 535.36"
"15,66 : 410.06"
"15,67 : 514.84"
"15,68 : 645.49"
"15,69 : 357.02"
"15,70 : 713.7"
"15,71 : 977.43"
"15,72 : 1077.06"
"15,73 : 393.15"
"15,74 : 556.44"
"15,75 : 399.91"
"15,76 : 196.33"
"15,77 : 670.39"
"15,78 : 540.28"
"15,79 : 425.82"
"15,80 : 458.76"
"15,81 : 176.96"
"15,82 : 526.49"
"15,83 : 611.22"
"15,84 : 171.97"
"15,85 : 972.46"
"15,86 : 1115.04"
"15,87 : 214.22"
"15,88 : 344.07"
"15,89 : 776.98"
"15,90 : 603.35"
"15,91 : 905.48"
"15,92 : 924.2"
"15,93 : 167.94"
"15,94 : 235.34"
"15,95 : 142.44"
"15,96 : 1033.09"
"15,97 : 550.82"
"15,98 : 391.29"
"15,99 : 264.44"
"16,0 : 475.84"
"16,1 : 538.01"
"16,2 : 275.68"
"16,3 : 881.78"
"16,4 : 615.61"
"16,5 : 668.16"
"16,6 : 620.73"
"16,7 : 736.24"
"16,8 : 547.75"
"16,9 : 710.03"
"16,10 : 390.12"
"16,11 : 966.54"
"16,12 : 583.64"
"16,13 : 266.48"
"16,14 : 796.99"
"16,15 : 215.98"
"16,16 : 0.0"
"16,17 : 895.45"
"16,18 : 332.66"
"16,19 : 747.41"
"16,20 : 1016.61"
"16,21 : 411.92"
"16,22 : 805.49"
"16,23 : 870.99"
"16,24 : 916.01"
"16,25 : 614.63"
"16,26 : 1064.3"
"16,27 : 764.68"
"16,28 : 930.84"
"16,29 : 845.81"
"16,30 : 513.51"
"16,31 : 769.91"
"16,32 : 1045.83"
"16,33 : 512.52"
"16,34 : 1120.38"
"16,35 : 728.4"
"16,36 : 261.44"
"16,37 : 793.51"
"16,38 : 770.78"
"16,39 : 715.07"
"16,40 : 564.79"
"16,41 : 772.32"
"16,42 : 1027.12"
"16,43 : 750.25"
"16,44 : 1151.76"
"16,45 : 549.16"
"16,46 : 94.87"
"16,47 : 892.87"
"16,48 : 845.86"
"16,49 : 961.05"
"16,50 : 224.16"
"16,51 : 1080.52"
"16,52 : 699.03"
"16,53 : 633.15"
"16,54 : 590.19"
"16,55 : 660.21"
"16,56 : 1068.48"
"16,57 : 769.66"
"16,58 : 921.5"
"16,59 : 592.65"
"16,60 : 797.0"
"16,61 : 515.63"
"16,62 : 469.04"
"16,63 : 270.6"
"16,64 : 567.51"
"16,65 : 751.09"
"16,66 : 517.39"
"16,67 : 707.43"
"16,68 : 702.4"
"16,69 : 568.89"
"16,70 : 926.26"
"16,71 : 1156.46"
"16,72 : 1261.56"
"16,73 : 594.37"
"16,74 : 669.44"
"16,75 : 349.78"
"16,76 : 380.53"
"16,77 : 885.98"
"16,78 : 533.04"
"16,79 : 439.02"
"16,80 : 420.8"
"16,81 : 178.06"
"16,82 : 505.6"
"16,83 : 733.62"
"16,84 : 366.53"
"16,85 : 1127.66"
"16,86 : 1297.35"
"16,87 : 402.46"
"16,88 : 324.04"
"16,89 : 795.73"
"16,90 : 757.2"
"16,91 : 1094.68"
"16,92 : 1121.12"
"16,93 : 359.0"
"16,94 : 115.95"
"16,95 : 253.21"
"16,96 : 1214.21"
"16,97 : 600.52"
"16,98 : 554.26"
"16,99 : 136.69"
"17,0 : 462.73"
"17,1 : 655.9"
"17,2 : 663.67"
"17,3 : 29.41"
"17,4 : 529.44"
"17,5 : 394.0"
"17,6 : 288.28"
"17,7 : 188.22"
"17,8 : 689.88"
"17,9 : 647.57"
"17,10 : 529.88"
"17,11 : 439.96"
"17,12 : 737.92"
"17,13 : 670.52"
"17,14 : 315.91"
"17,15 : 712.02"
"17,16 : 895.45"
"17,17 : 0.0"
"17,18 : 675.47"
"17,19 : 521.18"
"17,20 : 121.38"
"17,21 : 708.53"
"17,22 : 125.48"
"17,23 : 460.25"
"17,24 : 678.2"
"17,25 : 281.66"
"17,26 : 262.88"
"17,27 : 219.51"
"17,28 : 561.41"
"17,29 : 110.11"
"17,30 : 454.86"
"17,31 : 455.91"
"17,32 : 267.54"
"17,33 : 561.01"
"17,34 : 229.94"
"17,35 : 170.21"
"17,36 : 700.23"
"17,37 : 216.72"
"17,38 : 323.99"
"17,39 : 705.73"
"17,40 : 358.02"
"17,41 : 128.41"
"17,42 : 174.1"
"17,43 : 192.38"
"17,44 : 262.46"
"17,45 : 380.3"
"17,46 : 803.65"
"17,47 : 126.15"
"17,48 : 595.2"
"17,49 : 88.0"
"17,50 : 724.17"
"17,51 : 353.65"
"17,52 : 489.94"
"17,53 : 275.26"
"17,54 : 312.62"
"17,55 : 609.38"
"17,56 : 261.82"
"17,57 : 529.64"
"17,58 : 72.01"
"17,59 : 676.49"
"17,60 : 674.2"
"17,61 : 683.47"
"17,62 : 717.27"
"17,63 : 643.6"
"17,64 : 587.49"
"17,65 : 453.1"
"17,66 : 453.1"
"17,67 : 202.27"
"17,68 : 551.36"
"17,69 : 403.84"
"17,70 : 302.91"
"17,71 : 265.99"
"17,72 : 366.32"
"17,73 : 331.31"
"17,74 : 373.84"
"17,75 : 772.89"
"17,76 : 519.13"
"17,77 : 385.32"
"17,78 : 708.41"
"17,79 : 656.17"
"17,80 : 759.9"
"17,81 : 736.8"
"17,82 : 737.05"
"17,83 : 326.96"
"17,84 : 540.24"
"17,85 : 314.25"
"17,86 : 403.27"
"17,87 : 499.05"
"17,88 : 721.36"
"17,89 : 709.76"
"17,90 : 204.48"
"17,91 : 202.27"
"17,92 : 249.84"
"17,93 : 696.91"
"17,94 : 837.23"
"17,95 : 644.29"
"17,96 : 321.08"
"17,97 : 565.22"
"17,98 : 346.71"
"17,99 : 850.13"
"18,0 : 212.88"
"18,1 : 616.05"
"18,2 : 86.68"
"18,3 : 670.95"
"18,4 : 285.46"
"18,5 : 602.07"
"18,6 : 461.46"
"18,7 : 565.12"
"18,8 : 228.41"
"18,9 : 761.8"
"18,10 : 163.44"
"18,11 : 646.82"
"18,12 : 276.35"
"18,13 : 92.66"
"18,14 : 696.18"
"18,15 : 321.79"
"18,16 : 332.66"
"18,17 : 675.47"
"18,18 : 0.0"
"18,19 : 416.56"
"18,20 : 789.24"
"18,21 : 104.06"
"18,22 : 561.97"
"18,23 : 546.21"
"18,24 : 584.58"
"18,25 : 409.54"
"18,26 : 897.87"
"18,27 : 619.64"
"18,28 : 599.62"
"18,29 : 597.55"
"18,30 : 456.94"
"18,31 : 730.43"
"18,32 : 764.11"
"18,33 : 183.14"
"18,34 : 904.75"
"18,35 : 507.76"
"18,36 : 369.26"
"18,37 : 650.37"
"18,38 : 469.81"
"18,39 : 392.58"
"18,40 : 317.53"
"18,41 : 573.15"
"18,42 : 835.54"
"18,43 : 587.45"
"18,44 : 937.39"
"18,45 : 437.96"
"18,46 : 287.13"
"18,47 : 715.01"
"18,48 : 513.19"
"18,49 : 720.85"
"18,50 : 350.89"
"18,51 : 783.28"
"18,52 : 680.57"
"18,53 : 470.02"
"18,54 : 369.03"
"18,55 : 701.65"
"18,56 : 792.17"
"18,57 : 438.36"
"18,58 : 680.07"
"18,59 : 269.25"
"18,60 : 844.83"
"18,61 : 195.17"
"18,62 : 162.41"
"18,63 : 130.23"
"18,64 : 605.98"
"18,65 : 712.06"
"18,66 : 229.44"
"18,67 : 529.71"
"18,68 : 370.13"
"18,69 : 490.32"
"18,70 : 807.37"
"18,71 : 913.61"
"18,72 : 1026.26"
"18,73 : 463.18"
"18,74 : 367.23"
"18,75 : 111.16"
"18,76 : 284.93"
"18,77 : 804.05"
"18,78 : 219.6"
"18,79 : 109.88"
"18,80 : 145.44"
"18,81 : 168.34"
"18,82 : 204.8"
"18,83 : 435.57"
"18,84 : 302.79"
"18,85 : 848.18"
"18,86 : 1056.4"
"18,87 : 302.5"
"18,88 : 47.85"
"18,89 : 470.32"
"18,90 : 495.63"
"18,91 : 876.43"
"18,92 : 922.44"
"18,93 : 473.08"
"18,94 : 223.99"
"18,95 : 186.68"
"18,96 : 973.44"
"18,97 : 268.16"
"18,98 : 340.33"
"18,99 : 218.89"
"19,0 : 331.73"
"19,1 : 859.96"
"19,2 : 475.88"
"19,3 : 535.62"
"19,4 : 131.86"
"19,5 : 706.66"
"19,6 : 507.41"
"19,7 : 539.72"
"19,8 : 258.8"
"19,9 : 950.43"
"19,10 : 403.8"
"19,11 : 253.34"
"19,12 : 277.61"
"19,13 : 484.99"
"19,14 : 726.78"
"19,15 : 679.4"
"19,16 : 747.41"
"19,17 : 521.18"
"19,18 : 416.56"
"19,19 : 0.0"
"19,20 : 591.0"
"19,21 : 365.07"
"19,22 : 401.44"
"19,23 : 145.1"
"19,24 : 207.55"
"19,25 : 416.8"
"19,26 : 784.06"
"19,27 : 612.78"
"19,28 : 183.45"
"19,29 : 411.33"
"19,30 : 631.89"
"19,31 : 828.53"
"19,32 : 455.41"
"19,33 : 234.92"
"19,34 : 706.77"
"19,35 : 422.64"
"19,36 : 708.5"
"19,37 : 635.44"
"19,38 : 197.29"
"19,39 : 192.35"
"19,40 : 330.6"
"19,41 : 496.32"
"19,42 : 692.36"
"19,43 : 565.85"
"19,44 : 736.57"
"19,45 : 561.76"
"19,46 : 689.45"
"19,47 : 624.65"
"19,48 : 114.97"
"19,49 : 513.02"
"19,50 : 706.42"
"19,51 : 435.34"
"19,52 : 815.3"
"19,53 : 505.26"
"19,54 : 380.59"
"19,55 : 892.7"
"19,56 : 491.52"
"19,57 : 23.35"
"19,58 : 480.82"
"19,59 : 220.05"
"19,60 : 1014.61"
"19,61 : 276.0"
"19,62 : 330.35"
"19,63 : 496.15"
"19,64 : 817.93"
"19,65 : 815.34"
"19,66 : 278.02"
"19,67 : 510.11"
"19,68 : 54.56"
"19,69 : 625.46"
"19,70 : 784.06"
"19,71 : 664.08"
"19,72 : 776.86"
"19,73 : 547.42"
"19,74 : 182.45"
"19,75 : 446.8"
"19,76 : 530.08"
"19,77 : 832.04"
"19,78 : 282.12"
"19,79 : 320.13"
"19,80 : 391.78"
"19,81 : 573.85"
"19,82 : 321.39"
"19,83 : 198.64"
"19,84 : 562.51"
"19,85 : 532.98"
"19,86 : 793.85"
"19,87 : 529.56"
"19,88 : 437.09"
"19,89 : 189.28"
"19,90 : 326.68"
"19,91 : 678.46"
"19,92 : 751.17"
"19,93 : 781.43"
"19,94 : 640.54"
"19,95 : 541.22"
"19,96 : 720.11"
"19,97 : 150.55"
"19,98 : 390.29"
"19,99 : 634.0"
"20,0 : 577.48"
"20,1 : 760.59"
"20,2 : 781.65"
"20,3 : 139.29"
"20,4 : 620.21"
"20,5 : 493.21"
"20,6 : 408.1"
"20,7 : 302.49"
"20,8 : 785.12"
"20,9 : 734.13"
"20,10 : 647.88"
"20,11 : 458.02"
"20,12 : 829.4"
"20,13 : 788.74"
"20,14 : 393.56"
"20,15 : 833.07"
"20,16 : 1016.61"
"20,17 : 121.38"
"20,18 : 789.24"
"20,19 : 591.0"
"20,20 : 0.0"
"20,21 : 815.63"
"20,22 : 228.09"
"20,23 : 504.27"
"20,24 : 722.51"
"20,25 : 402.34"
"20,26 : 227.61"
"20,27 : 318.3"
"20,28 : 596.14"
"20,29 : 196.76"
"20,30 : 570.32"
"20,31 : 533.9"
"20,32 : 229.84"
"20,33 : 663.62"
"20,34 : 119.37"
"20,35 : 289.59"
"20,36 : 820.35"
"20,37 : 306.78"
"20,38 : 397.21"
"20,39 : 781.61"
"20,40 : 473.17"
"20,41 : 248.51"
"20,42 : 129.56"
"20,43 : 301.42"
"20,44 : 151.48"
"20,45 : 498.49"
"20,46 : 924.96"
"20,47 : 188.07"
"20,48 : 648.24"
"20,49 : 78.16"
"20,50 : 844.86"
"20,51 : 319.66"
"20,52 : 579.22"
"20,53 : 395.07"
"20,54 : 431.49"
"20,55 : 701.98"
"20,56 : 208.04"
"20,57 : 595.41"
"20,58 : 114.73"
"20,59 : 767.01"
"20,60 : 749.83"
"20,61 : 781.98"
"20,62 : 819.59"
"20,63 : 763.05"
"20,64 : 690.73"
"20,65 : 534.63"
"20,66 : 563.18"
"20,67 : 320.89"
"20,68 : 628.41"
"20,69 : 517.17"
"20,70 : 340.57"
"20,71 : 147.33"
"20,72 : 244.99"
"20,73 : 449.18"
"20,74 : 466.18"
"20,75 : 883.29"
"20,76 : 640.49"
"20,77 : 437.45"
"20,78 : 804.97"
"20,79 : 762.37"
"20,80 : 865.62"
"20,81 : 856.8"
"20,82 : 836.01"
"20,83 : 409.68"
"20,84 : 661.4"
"20,85 : 244.2"
"20,86 : 282.0"
"20,87 : 620.35"
"20,88 : 834.27"
"20,89 : 774.68"
"20,90 : 301.62"
"20,91 : 90.25"
"20,92 : 160.9"
"20,93 : 813.12"
"20,94 : 956.91"
"20,95 : 765.09"
"20,96 : 200.26"
"20,97 : 656.76"
"20,98 : 466.22"
"20,99 : 969.14"
"21,0 : 261.55"
"21,1 : 717.16"
"21,2 : 190.69"
"21,3 : 708.16"
"21,4 : 243.56"
"21,5 : 684.77"
"21,6 : 527.16"
"21,7 : 621.62"
"21,8 : 135.83"
"21,9 : 858.89"
"21,10 : 241.9"
"21,11 : 611.2"
"21,12 : 176.23"
"21,13 : 196.31"
"21,14 : 768.43"
"21,15 : 425.2"
"21,16 : 411.92"
"21,17 : 708.53"
"21,18 : 104.06"
"21,19 : 365.07"
"21,20 : 815.63"
"21,21 : 0.0"
"21,22 : 588.0"
"21,23 : 505.32"
"21,24 : 508.91"
"21,25 : 462.5"
"21,26 : 946.1"
"21,27 : 682.29"
"21,28 : 542.68"
"21,29 : 619.54"
"21,30 : 546.71"
"21,31 : 814.92"
"21,32 : 760.57"
"21,33 : 158.05"
"21,34 : 933.86"
"21,35 : 547.67"
"21,36 : 473.24"
"21,37 : 712.51"
"21,38 : 460.87"
"21,39 : 303.15"
"21,40 : 359.3"
"21,41 : 618.96"
"21,42 : 875.96"
"21,43 : 645.79"
"21,44 : 966.42"
"21,45 : 517.96"
"21,46 : 380.53"
"21,47 : 763.7"
"21,48 : 447.49"
"21,49 : 742.84"
"21,50 : 454.22"
"21,51 : 767.71"
"21,52 : 769.71"
"21,53 : 534.0"
"21,54 : 418.5"
"21,55 : 798.39"
"21,56 : 791.65"
"21,57 : 384.47"
"21,58 : 702.68"
"21,59 : 181.14"
"21,60 : 940.55"
"21,61 : 104.04"
"21,62 : 59.93"
"21,63 : 234.05"
"21,64 : 703.91"
"21,65 : 797.02"
"21,66 : 256.46"
"21,67 : 585.59"
"21,68 : 313.09"
"21,69 : 574.65"
"21,70 : 872.15"
"21,71 : 929.79"
"21,72 : 1044.26"
"21,73 : 536.83"
"21,74 : 363.64"
"21,75 : 81.99"
"21,76 : 378.82"
"21,77 : 878.22"
"21,78 : 122.0"
"21,79 : 54.08"
"21,80 : 54.01"
"21,81 : 264.09"
"21,82 : 101.55"
"21,83 : 431.25"
"21,84 : 399.89"
"21,85 : 844.41"
"21,86 : 1071.2"
"21,87 : 394.18"
"21,88 : 89.02"
"21,89 : 384.02"
"21,90 : 514.78"
"21,91 : 904.96"
"21,92 : 958.25"
"21,93 : 577.0"
"21,94 : 296.89"
"21,95 : 290.64"
"21,96 : 989.6"
"21,97 : 215.72"
"21,98 : 395.73"
"21,99 : 283.03"
"22,0 : 351.4"
"22,1 : 641.58"
"22,2 : 558.81"
"22,3 : 135.07"
"22,4 : 403.97"
"22,5 : 402.88"
"22,6 : 241.47"
"22,7 : 187.54"
"22,8 : 564.71"
"22,9 : 666.32"
"22,10 : 425.83"
"22,11 : 360.8"
"22,12 : 612.46"
"22,13 : 566.32"
"22,14 : 365.65"
"22,15 : 637.73"
"22,16 : 805.49"
"22,17 : 125.48"
"22,18 : 561.97"
"22,19 : 401.44"
"22,20 : 228.09"
"22,21 : 588.0"
"22,22 : 0.0"
"22,23 : 358.05"
"22,24 : 570.83"
"22,25 : 197.8"
"22,26 : 385.5"
"22,27 : 250.73"
"22,28 : 463.09"
"22,29 : 41.15"
"22,30 : 418.01"
"22,31 : 494.66"
"22,32 : 266.72"
"22,33 : 437.75"
"22,34 : 345.86"
"22,35 : 90.8"
"22,36 : 634.52"
"22,37 : 263.25"
"22,38 : 206.34"
"22,39 : 582.59"
"22,40 : 248.28"
"22,41 : 120.42"
"22,42 : 299.48"
"22,43 : 206.89"
"22,44 : 378.43"
"22,45 : 335.83"
"22,46 : 716.91"
"22,47 : 224.32"
"22,48 : 483.55"
"22,49 : 159.46"
"22,50 : 653.73"
"22,51 : 334.54"
"22,52 : 510.48"
"22,53 : 230.14"
"22,54 : 215.42"
"22,55 : 619.65"
"22,56 : 278.3"
"22,57 : 411.75"
"22,58 : 118.7"
"22,59 : 551.01"
"22,60 : 707.63"
"22,61 : 558.93"
"22,62 : 594.05"
"22,63 : 543.9"
"22,64 : 578.37"
"22,65 : 487.18"
"22,66 : 335.12"
"22,67 : 177.79"
"22,68 : 428.51"
"22,69 : 377.22"
"22,70 : 392.23"
"22,71 : 354.63"
"22,72 : 465.28"
"22,73 : 292.14"
"22,74 : 248.39"
"22,75 : 655.2"
"22,76 : 441.42"
"22,77 : 456.97"
"22,78 : 583.46"
"22,79 : 534.99"
"22,80 : 638.48"
"22,81 : 639.0"
"22,82 : 612.68"
"22,83 : 204.2"
"22,84 : 467.18"
"22,85 : 338.21"
"22,86 : 497.36"
"22,87 : 424.09"
"22,88 : 606.59"
"22,89 : 590.7"
"22,90 : 79.06"
"22,91 : 316.99"
"22,92 : 373.28"
"22,93 : 649.96"
"22,94 : 737.52"
"22,95 : 552.28"
"22,96 : 413.92"
"22,97 : 439.73"
"22,98 : 251.45"
"22,99 : 747.82"
"23,0 : 421.1"
"23,1 : 913.63"
"23,2 : 595.7"
"23,3 : 480.94"
"23,4 : 263.46"
"23,5 : 723.79"
"23,6 : 528.23"
"23,7 : 529.01"
"23,8 : 403.85"
"23,9 : 981.15"
"23,10 : 503.36"
"23,11 : 108.25"
"23,12 : 421.17"
"23,13 : 604.91"
"23,14 : 716.38"
"23,15 : 779.0"
"23,16 : 870.99"
"23,17 : 460.25"
"23,18 : 546.21"
"23,19 : 145.1"
"23,20 : 504.27"
"23,21 : 505.32"
"23,22 : 358.05"
"23,23 : 0.0"
"23,24 : 219.15"
"23,25 : 442.0"
"23,26 : 716.81"
"23,27 : 599.69"
"23,28 : 106.07"
"23,29 : 353.26"
"23,30 : 679.15"
"23,31 : 834.56"
"23,32 : 332.42"
"23,33 : 363.3"
"23,34 : 612.49"
"23,35 : 409.0"
"23,36 : 800.82"
"23,37 : 616.86"
"23,38 : 167.86"
"23,39 : 318.92"
"23,40 : 384.5"
"23,41 : 471.87"
"23,42 : 619.81"
"23,43 : 552.96"
"23,44 : 639.73"
"23,45 : 600.8"
"23,46 : 805.45"
"23,47 : 578.31"
"23,48 : 147.03"
"23,49 : 429.59"
"23,50 : 804.18"
"23,51 : 298.02"
"23,52 : 834.72"
"23,53 : 522.61"
"23,54 : 417.16"
"23,55 : 926.92"
"23,56 : 369.58"
"23,57 : 132.14"
"23,58 : 405.15"
"23,59 : 364.87"
"23,60 : 1036.16"
"23,61 : 420.22"
"23,62 : 474.07"
"23,63 : 609.1"
"23,64 : 863.12"
"23,65 : 823.99"
"23,66 : 369.03"
"23,67 : 506.21"
"23,68 : 199.65"
"23,69 : 660.59"
"23,70 : 749.99"
"23,71 : 552.76"
"23,72 : 661.38"
"23,73 : 575.3"
"23,74 : 227.9"
"23,75 : 587.31"
"23,76 : 609.53"
"23,77 : 813.3"
"23,78 : 427.19"
"23,79 : 457.51"
"23,80 : 535.12"
"23,81 : 694.1"
"23,82 : 466.41"
"23,83 : 195.44"
"23,84 : 642.22"
"23,85 : 403.44"
"23,86 : 673.59"
"23,87 : 604.1"
"23,88 : 571.85"
"23,89 : 285.35"
"23,90 : 299.82"
"23,91 : 585.77"
"23,92 : 664.48"
"23,93 : 860.26"
"23,94 : 768.89"
"23,95 : 647.86"
"23,96 : 605.18"
"23,97 : 289.66"
"23,98 : 438.0"
