x,y
14,45
202,681
205,200
862,776
233,967
51,675
133,879
308,384
608,406
333,872
913,948
932,636
208,130
999,55
485,320
979,616
356,520
879,533
118,686
965,779
272,848
362,199
138,534
972,617
266,207
935,945
87,346
875,929
204,895
427,687
544,377
708,900
221,666
283,769
255,166
341,492
830,930
201,653
263,158
479,908
876,694
537,880
385,623
648,106
934,721
603,882
466,312
517,38
114,283
930,776
670,551
665,971
869,46
984,569
51,80
407,151
407,261
659,983
657,414
590,186
28,14
972,692
377,900
478,159
311,56
869,468
642,62
824,572
338,994
310,303
893,243
214,199
365,914
136,254
750,925
634,159
4,316
830,948
890,585
952,279
904,173
430,891
571,458
476,42
520,46
848,803
179,843
913,619
472,709
475,643
61,14
877,840
908,744
10,703
116,571
931,433
466,760
502,389
468,253
272,885

Distanze
"0,0 : 0.0"
"0,1 : 663.2"
"0,2 : 245.98"
"0,3 : 1119.58"
"0,4 : 947.65"
"0,5 : 631.09"
"0,6 : 842.45"
"0,7 : 448.73"
"0,8 : 695.09"
"0,9 : 886.39"
"0,10 : 1274.21"
"0,11 : 1091.79"
"0,12 : 211.8"
"0,13 : 985.05"
"0,14 : 545.4"
"0,15 : 1121.28"
"0,16 : 585.31"
"0,17 : 993.16"
"0,18 : 649.38"
"0,19 : 1201.31"
"0,20 : 843.43"
"0,21 : 380.55"
"0,22 : 504.48"
"0,23 : 1115.77"
"0,24 : 299.58"
"0,25 : 1287.73"
"0,26 : 309.73"
"0,27 : 1234.01"
"0,28 : 870.98"
"0,29 : 763.37"
"0,30 : 625.4"
"0,31 : 1101.21"
"0,32 : 654.59"
"0,33 : 772.36"
"0,34 : 269.67"
"0,35 : 553.84"
"0,36 : 1203.78"
"0,37 : 636.11"
"0,38 : 273.44"
"0,39 : 980.3"
"0,40 : 1079.0"
"0,41 : 985.27"
"0,42 : 686.82"
"0,43 : 636.93"
"0,44 : 1141.65"
"0,45 : 1023.47"
"0,46 : 524.97"
"0,47 : 503.05"
"0,48 : 258.15"
"0,49 : 1171.93"
"0,50 : 828.48"
"0,51 : 1131.94"
"0,52 : 855.0"
"0,53 : 1102.49"
"0,54 : 50.93"
"0,55 : 407.04"
"0,56 : 448.45"
"0,57 : 1138.36"
"0,58 : 741.36"
"0,59 : 593.01"
"0,60 : 34.01"
"0,61 : 1156.02"
"0,62 : 928.87"
"0,63 : 477.8"
"0,64 : 297.2"
"0,65 : 953.92"
"0,66 : 628.23"
"0,67 : 966.35"
"0,68 : 1002.78"
"0,69 : 392.66"
"0,70 : 901.02"
"0,71 : 252.42"
"0,72 : 937.21"
"0,73 : 242.0"
"0,74 : 1147.21"
"0,75 : 630.39"
"0,76 : 271.18"
"0,77 : 1217.07"
"0,78 : 1029.07"
"0,79 : 966.75"
"0,80 : 899.16"
"0,81 : 942.75"
"0,82 : 693.41"
"0,83 : 462.01"
"0,84 : 506.0"
"0,85 : 1127.0"
"0,86 : 814.88"
"0,87 : 1066.62"
"0,88 : 806.63"
"0,89 : 755.07"
"0,90 : 56.3"
"0,91 : 1173.37"
"0,92 : 1134.83"
"0,93 : 658.01"
"0,94 : 535.8"
"0,95 : 995.71"
"0,96 : 845.89"
"0,97 : 597.06"
"0,98 : 499.38"
"0,99 : 878.73"
"1,0 : 663.2"
"1,1 : 0.0"
"1,2 : 481.01"
"1,3 : 666.8"
"1,4 : 287.68"
"1,5 : 151.12"
"1,6 : 209.68"
"1,7 : 315.35"
"1,8 : 490.37"
"1,9 : 231.61"
"1,10 : 759.48"
"1,11 : 731.39"
"1,12 : 551.03"
"1,13 : 1013.45"
"1,14 : 458.7"
"1,15 : 779.71"
"1,16 : 222.79"
"1,17 : 692.99"
"1,18 : 84.15"
"1,19 : 769.27"
"1,20 : 181.08"
"1,21 : 507.86"
"1,22 : 160.33"
"1,23 : 772.66"
"1,24 : 478.3"
"1,25 : 779.09"
"1,26 : 354.19"
"1,27 : 717.24"
"1,28 : 214.01"
"1,29 : 225.08"
"1,30 : 457.58"
"1,31 : 551.36"
"1,32 : 24.21"
"1,33 : 119.6"
"1,34 : 517.72"
"1,35 : 234.61"
"1,36 : 675.56"
"1,37 : 28.02"
"1,38 : 526.55"
"1,39 : 358.13"
"1,40 : 674.13"
"1,41 : 389.65"
"1,42 : 191.97"
"1,43 : 727.7"
"1,44 : 733.09"
"1,45 : 448.56"
"1,46 : 453.71"
"1,47 : 716.01"
"1,48 : 407.61"
"1,49 : 734.17"
"1,50 : 485.72"
"1,51 : 546.32"
"1,52 : 920.93"
"1,53 : 789.98"
"1,54 : 619.68"
"1,55 : 568.26"
"1,56 : 467.36"
"1,57 : 547.77"
"1,58 : 527.55"
"1,59 : 628.94"
"1,60 : 689.32"
"1,61 : 770.08"
"1,62 : 280.33"
"1,63 : 590.47"
"1,64 : 634.43"
"1,65 : 700.18"
"1,66 : 759.45"
"1,67 : 631.48"
"1,68 : 341.27"
"1,69 : 393.13"
"1,70 : 818.12"
"1,71 : 482.15"
"1,72 : 284.36"
"1,73 : 432.07"
"1,74 : 599.87"
"1,75 : 677.58"
"1,76 : 415.25"
"1,77 : 682.4"
"1,78 : 694.67"
"1,79 : 850.94"
"1,80 : 866.53"
"1,81 : 309.97"
"1,82 : 431.15"
"1,83 : 695.27"
"1,84 : 710.18"
"1,85 : 657.42"
"1,86 : 163.62"
"1,87 : 713.7"
"1,88 : 271.45"
"1,89 : 275.63"
"1,90 : 681.74"
"1,91 : 693.47"
"1,92 : 708.81"
"1,93 : 193.26"
"1,94 : 139.63"
"1,95 : 770.03"
"1,96 : 275.57"
"1,97 : 418.65"
"1,98 : 503.92"
"1,99 : 215.68"
"2,0 : 245.98"
"2,1 : 481.01"
"2,2 : 0.0"
"2,3 : 873.74"
"2,4 : 767.51"
"2,5 : 499.34"
"2,6 : 682.81"
"2,7 : 210.87"
"2,8 : 452.6"
"2,9 : 684.08"
"2,10 : 1029.94"
"2,11 : 847.72"
"2,12 : 70.06"
"2,13 : 807.13"
"2,14 : 304.63"
"2,15 : 878.71"
"2,16 : 353.84"
"2,17 : 751.77"
"2,18 : 493.73"
"2,19 : 955.43"
"2,20 : 651.45"
"2,21 : 157.0"
"2,22 : 340.65"
"2,23 : 873.03"
"2,24 : 61.4"
"2,25 : 1043.04"
"2,26 : 187.72"
"2,27 : 990.12"
"2,28 : 695.0"
"2,29 : 535.21"
"2,30 : 382.43"
"2,31 : 861.98"
"2,32 : 466.27"
"2,33 : 574.32"
"2,34 : 60.46"
"2,35 : 322.12"
"2,36 : 961.0"
"2,37 : 453.02"
"2,38 : 71.61"
"2,39 : 759.17"
"2,40 : 833.23"
"2,41 : 756.72"
"2,42 : 459.71"
"2,43 : 452.86"
"2,44 : 896.04"
"2,45 : 789.64"
"2,46 : 284.02"
"2,47 : 351.55"
"2,48 : 123.17"
"2,49 : 925.96"
"2,50 : 582.6"
"2,51 : 897.8"
"2,52 : 681.62"
"2,53 : 861.98"
"2,54 : 195.23"
"2,55 : 207.86"
"2,56 : 211.01"
"2,57 : 905.1"
"2,58 : 500.1"
"2,59 : 385.25"
"2,60 : 256.76"
"2,61 : 911.24"
"2,62 : 720.82"
"2,63 : 276.06"
"2,64 : 178.81"
"2,65 : 716.04"
"2,66 : 458.27"
"2,67 : 722.18"
"2,68 : 805.06"
"2,69 : 147.09"
"2,70 : 689.34"
"2,71 : 9.06"
"2,72 : 731.71"
"2,73 : 87.62"
"2,74 : 907.0"
"2,75 : 430.95"
"2,76 : 232.07"
"2,77 : 974.75"
"2,78 : 785.78"
"2,79 : 751.17"
"2,80 : 699.52"
"2,81 : 726.71"
"2,82 : 447.79"
"2,83 : 313.7"
"2,84 : 350.63"
"2,85 : 881.51"
"2,86 : 643.53"
"2,87 : 822.69"
"2,88 : 574.78"
"2,89 : 518.8"
"2,90 : 235.23"
"2,91 : 928.0"
"2,92 : 888.9"
"2,93 : 539.48"
"2,94 : 381.53"
"2,95 : 762.47"
"2,96 : 617.84"
"2,97 : 352.04"
"2,98 : 268.29"
"2,99 : 688.27"
"3,0 : 1119.58"
"3,1 : 666.8"
"3,2 : 873.74"
"3,3 : 0.0"
"3,4 : 657.36"
"3,5 : 817.26"
"3,6 : 736.24"
"3,7 : 678.66"
"3,8 : 448.79"
"3,9 : 537.64"
"3,10 : 179.4"
"3,11 : 156.52"
"3,12 : 919.26"
"3,13 : 733.9"
"3,14 : 591.66"
"3,15 : 198.21"
"3,16 : 567.07"
"3,17 : 243.59"
"3,18 : 749.42"
"3,19 : 103.04"
"3,20 : 594.38"
"3,21 : 763.5"
"3,22 : 763.37"
"3,23 : 193.34"
"3,24 : 824.0"
"3,25 : 184.09"
"3,26 : 886.3"
"3,27 : 153.55"
"3,28 : 668.67"
"3,29 : 444.01"
"3,30 : 510.22"
"3,31 : 197.72"
"3,32 : 650.37"
"3,33 : 579.04"
"3,34 : 860.55"
"3,35 : 593.38"
"3,36 : 157.29"
"3,37 : 672.35"
"3,38 : 860.65"
"3,39 : 405.11"
"3,40 : 83.19"
"3,41 : 341.23"
"3,42 : 500.94"
"3,43 : 703.35"
"3,44 : 90.6"
"3,45 : 279.85"
"3,46 : 610.01"
"3,47 : 814.66"
"3,48 : 895.85"
"3,49 : 68.0"
"3,50 : 295.79"
"3,51 : 277.19"
"3,52 : 730.03"
"3,53 : 240.28"
"3,54 : 1068.71"
"3,55 : 773.08"
"3,56 : 687.2"
"3,57 : 289.93"
"3,58 : 416.02"
"3,59 : 649.68"
"3,60 : 1129.69"
"3,61 : 138.41"
"3,62 : 500.6"
"3,63 : 726.74"
"3,64 : 906.64"
"3,65 : 308.08"
"3,66 : 747.13"
"3,67 : 207.51"
"3,68 : 567.54"
"3,69 : 726.93"
"3,70 : 533.9"
"3,71 : 867.66"
"3,72 : 515.8"
"3,73 : 894.18"
"3,74 : 186.4"
"3,75 : 657.78"
"3,76 : 973.53"
"3,77 : 174.95"
"3,78 : 193.04"
"3,79 : 505.08"
"3,80 : 604.46"
"3,81 : 447.04"
"3,82 : 431.05"
"3,83 : 829.31"
"3,84 : 806.14"
"3,85 : 30.41"
"3,86 : 686.28"
"3,87 : 165.08"
"3,88 : 395.71"
"3,89 : 409.22"
"3,90 : 1105.55"
"3,91 : 65.73"
"3,92 : 56.04"
"3,93 : 855.12"
"3,94 : 773.65"
"3,95 : 349.87"
"3,96 : 396.32"
"3,97 : 528.55"
"3,98 : 654.8"
"3,99 : 599.98"
"4,0 : 947.65"
"4,1 : 287.68"
"4,2 : 767.51"
"4,3 : 657.36"
"4,4 : 0.0"
"4,5 : 344.08"
"4,6 : 133.21"
"4,7 : 587.8"
"4,8 : 674.79"
"4,9 : 137.93"
"4,10 : 680.27"
"4,11 : 773.41"
"4,12 : 837.37"
"4,13 : 1191.01"
"4,14 : 694.34"
"4,15 : 824.45"
"4,16 : 463.61"
"4,17 : 778.25"
"4,18 : 303.62"
"4,19 : 755.76"
"4,20 : 125.23"
"4,21 : 778.76"
"4,22 : 443.3"
"4,23 : 817.69"
"4,24 : 760.72"
"4,25 : 702.34"
"4,26 : 637.93"
"4,27 : 643.12"
"4,28 : 77.62"
"4,29 : 340.64"
"4,30 : 666.95"
"4,31 : 479.7"
"4,32 : 301.24"
"4,33 : 204.22"
"4,34 : 801.3"
"4,35 : 487.12"
"4,36 : 598.15"
"4,37 : 315.63"
"4,38 : 809.56"
"4,39 : 252.98"
"4,40 : 698.55"
"4,41 : 316.2"
"4,42 : 376.09"
"4,43 : 955.8"
"4,44 : 742.91"
"4,45 : 379.64"
"4,46 : 695.21"
"4,47 : 971.44"
"4,48 : 694.27"
"4,49 : 722.7"
"4,50 : 603.34"
"4,51 : 432.02"
"4,52 : 1119.26"
"4,53 : 849.94"
"4,54 : 905.48"
"4,55 : 834.35"
"4,56 : 727.13"
"4,57 : 426.3"
"4,58 : 696.84"
"4,59 : 858.73"
"4,60 : 974.8"
"4,61 : 788.51"
"4,62 : 158.82"
"4,63 : 844.33"
"4,64 : 914.33"
"4,65 : 808.39"
"4,66 : 993.13"
"4,67 : 710.85"
"4,68 : 108.42"
"4,69 : 668.45"
"4,70 : 979.68"
"4,71 : 768.23"
"4,72 : 142.24"
"4,73 : 719.57"
"4,74 : 518.7"
"4,75 : 902.03"
"4,76 : 690.1"
"4,77 : 597.3"
"4,78 : 759.98"
"4,79 : 995.14"
"4,80 : 1039.56"
"4,81 : 211.15"
"4,82 : 611.0"
"4,83 : 956.39"
"4,84 : 964.68"
"4,85 : 636.49"
"4,86 : 135.25"
"4,87 : 763.87"
"4,88 : 351.69"
"4,89 : 404.4"
"4,90 : 968.4"
"4,91 : 656.4"
"4,92 : 710.88"
"4,93 : 345.58"
"4,94 : 412.92"
"4,95 : 878.84"
"4,96 : 311.67"
"4,97 : 637.53"
"4,98 : 751.68"
"4,99 : 90.8"
"5,0 : 631.09"
"5,1 : 151.12"
"5,2 : 499.34"
"5,3 : 817.26"
"5,4 : 344.08"
"5,5 : 0.0"
"5,6 : 219.86"
"5,7 : 388.24"
"5,8 : 618.55"
"5,9 : 344.0"
"5,10 : 904.2"
"5,11 : 881.86"
"5,12 : 567.16"
"5,13 : 1132.74"
"5,14 : 560.7"
"5,15 : 929.87"
"5,16 : 342.13"
"5,17 : 840.09"
"5,18 : 67.9"
"5,19 : 919.9"
"5,20 : 280.66"
"5,21 : 568.59"
"5,22 : 165.68"
"5,23 : 922.82"
"5,24 : 515.02"
"5,25 : 924.31"
"5,26 : 330.96"
"5,27 : 862.26"
"5,28 : 267.97"
"5,29 : 376.19"
"5,30 : 576.07"
"5,31 : 694.46"
"5,32 : 170.24"
"5,33 : 250.32"
"5,34 : 548.36"
"5,35 : 342.91"
"5,36 : 819.67"
"5,37 : 151.6"
"5,38 : 558.78"
"5,39 : 487.31"
"5,40 : 825.22"
"5,41 : 527.47"
"5,42 : 338.02"
"5,43 : 824.72"
"5,44 : 884.2"
"5,45 : 589.54"
"5,46 : 551.36"
"5,47 : 789.26"
"5,48 : 397.03"
"5,49 : 884.78"
"5,50 : 631.3"
"5,51 : 681.62"
"5,52 : 1031.87"
"5,53 : 939.0"
"5,54 : 595.0"
"5,55 : 633.49"
"5,56 : 546.01"
"5,57 : 681.56"
"5,58 : 659.82"
"5,59 : 727.77"
"5,60 : 661.4"
"5,61 : 921.16"
"5,62 : 396.11"
"5,63 : 669.76"
"5,64 : 671.39"
"5,65 : 843.78"
"5,66 : 851.5"
"5,67 : 779.83"
"5,68 : 429.1"
"5,69 : 453.28"
"5,70 : 946.36"
"5,71 : 503.14"
"5,72 : 394.61"
"5,73 : 429.5"
"5,74 : 742.36"
"5,75 : 778.55"
"5,76 : 362.06"
"5,77 : 825.45"
"5,78 : 843.81"
"5,79 : 984.18"
"5,80 : 989.75"
"5,81 : 436.23"
"5,82 : 563.46"
"5,83 : 762.44"
"5,84 : 784.6"
"5,85 : 807.21"
"5,86 : 211.21"
"5,87 : 863.82"
"5,88 : 422.37"
"5,89 : 425.21"
"5,90 : 661.08"
"5,91 : 842.32"
"5,92 : 859.77"
"5,93 : 49.65"
"5,94 : 122.64"
"5,95 : 912.67"
"5,96 : 423.62"
"5,97 : 534.04"
"5,98 : 593.27"
"5,99 : 304.86"
"6,0 : 842.45"
"6,1 : 209.68"
"6,2 : 682.81"
"6,3 : 736.24"
"6,4 : 133.21"
"6,5 : 219.86"
"6,6 : 0.0"
"6,7 : 525.02"
"6,8 : 670.34"
"6,9 : 200.12"
"6,10 : 783.05"
"6,11 : 835.13"
"6,12 : 752.75"
"6,13 : 1195.38"
"6,14 : 660.59"
"6,15 : 885.94"
"6,16 : 422.62"
"6,17 : 822.33"
"6,18 : 193.58"
"6,19 : 837.99"
"6,20 : 142.41"
"6,21 : 717.52"
"6,22 : 345.04"
"6,23 : 878.96"
"6,24 : 685.04"
"6,25 : 804.71"
"6,26 : 534.98"
"6,27 : 743.68"
"6,28 : 72.78"
"6,29 : 351.14"
"6,30 : 648.79"
"6,31 : 575.38"
"6,32 : 230.46"
"6,33 : 186.01"
"6,34 : 723.36"
"6,35 : 439.36"
"6,36 : 698.86"
"6,37 : 236.01"
"6,38 : 732.63"
"6,39 : 347.21"
"6,40 : 765.69"
"6,41 : 404.0"
"6,42 : 359.22"
"6,43 : 928.85"
"6,44 : 816.43"
"6,45 : 470.01"
"6,46 : 657.55"
"6,47 : 924.52"
"6,48 : 596.3"
"6,49 : 803.63"
"6,50 : 629.25"
"6,51 : 539.9"
"6,52 : 1111.57"
"6,53 : 905.7"
"6,54 : 803.2"
"6,55 : 777.86"
"6,56 : 676.02"
"6,57 : 536.18"
"6,58 : 700.57"
"6,59 : 830.12"
"6,60 : 871.35"
"6,61 : 859.59"
"6,62 : 244.9"
"6,63 : 798.39"
"6,64 : 842.03"
"6,65 : 842.98"
"6,66 : 962.59"
"6,67 : 756.13"
"6,68 : 235.05"
"6,69 : 602.58"
"6,70 : 991.01"
"6,71 : 684.81"
"6,72 : 234.63"
"6,73 : 625.01"
"6,74 : 618.71"
"6,75 : 877.16"
"6,76 : 577.59"
"6,77 : 700.41"
"6,78 : 812.09"
"6,79 : 1015.26"
"6,80 : 1045.41"
"6,81 : 297.24"
"6,82 : 607.52"
"6,83 : 904.55"
"6,84 : 918.51"
"6,85 : 719.03"
"6,86 : 58.41"
"6,87 : 822.19"
"6,88 : 379.24"
"6,89 : 415.52"
"6,90 : 867.99"
"6,91 : 745.02"
"6,92 : 786.67"
"6,93 : 214.72"
"6,94 : 308.47"
"6,95 : 914.18"
"6,96 : 353.62"
"6,97 : 613.4"
"6,98 : 710.0"
"6,99 : 139.13"
"7,0 : 448.73"
"7,1 : 315.35"
"7,2 : 210.87"
"7,3 : 678.66"
"7,4 : 587.8"
"7,5 : 388.24"
"7,6 : 525.02"
"7,7 : 0.0"
"7,8 : 300.81"
"7,9 : 488.64"
"7,10 : 827.12"
"7,11 : 672.96"
"7,12 : 272.98"
"7,13 : 765.32"
"7,14 : 188.22"
"7,15 : 709.98"
"7,16 : 144.22"
"7,17 : 590.12"
"7,18 : 356.8"
"7,19 : 766.6"
"7,20 : 465.39"
"7,21 : 192.72"
"7,22 : 226.72"
"7,23 : 703.69"
"7,24 : 181.91"
"7,25 : 841.34"
"7,26 : 224.24"
"7,27 : 786.46"
"7,28 : 521.48"
"7,29 : 325.53"
"7,30 : 236.1"
"7,31 : 652.88"
"7,32 : 295.12"
"7,33 : 385.81"
"7,34 : 224.35"
"7,35 : 112.93"
"7,36 : 755.38"
"7,37 : 289.5"
"7,38 : 230.44"
"7,39 : 551.2"
"7,40 : 647.09"
"7,41 : 546.31"
"7,42 : 251.1"
"7,43 : 439.19"
"7,44 : 710.95"
"7,45 : 578.82"
"7,46 : 173.63"
"7,47 : 404.22"
"7,48 : 218.72"
"7,49 : 735.22"
"7,50 : 398.66"
"7,51 : 687.04"
"7,52 : 654.95"
"7,53 : 700.86"
"7,54 : 398.08"
"7,55 : 253.16"
"7,56 : 157.89"
"7,57 : 694.26"
"7,58 : 350.29"
"7,59 : 344.57"
"7,60 : 464.0"
"7,61 : 731.96"
"7,62 : 520.59"
"7,63 : 282.0"
"7,64 : 328.01"
"7,65 : 567.25"
"7,66 : 463.94"
"7,67 : 549.18"
"7,68 : 610.74"
"7,69 : 81.02"
"7,70 : 601.75"
"7,71 : 207.51"
"7,72 : 533.06"
"7,73 : 215.6"
"7,74 : 698.6"
"7,75 : 396.11"
"7,76 : 311.51"
"7,77 : 768.49"
"7,78 : 615.73"
"7,79 : 652.5"
"7,80 : 632.25"
"7,81 : 521.47"
"7,82 : 273.21"
"7,83 : 381.04"
"7,84 : 398.98"
"7,85 : 683.49"
"7,86 : 476.78"
"7,87 : 649.04"
"7,88 : 364.03"
"7,89 : 308.17"
"7,90 : 444.87"
"7,91 : 729.18"
"7,92 : 699.71"
"7,93 : 436.54"
"7,94 : 268.02"
"7,95 : 624.92"
"7,96 : 407.85"
"7,97 : 194.06"
"7,98 : 206.79"
"7,99 : 502.29"
"8,0 : 695.09"
"8,1 : 490.37"
"8,2 : 452.6"
"8,3 : 448.79"
"8,4 : 674.79"
"8,5 : 618.55"
"8,6 : 670.34"
"8,7 : 300.81"
"8,8 : 0.0"
"8,9 : 541.09"
"8,10 : 621.92"
"8,11 : 397.34"
"8,12 : 485.98"
"8,13 : 525.44"
"8,14 : 150.08"
"8,15 : 426.31"
"8,16 : 276.59"
"8,17 : 299.28"
"8,18 : 564.36"
"8,19 : 516.31"
"8,20 : 555.21"
"8,21 : 321.5"
"8,22 : 487.12"
"8,23 : 420.73"
"8,24 : 395.68"
"8,25 : 630.44"
"8,26 : 524.44"
"8,27 : 587.21"
"8,28 : 634.3"
"8,29 : 334.25"
"8,30 : 70.26"
"8,31 : 504.02"
"8,32 : 466.23"
"8,33 : 487.23"
"8,34 : 426.86"
"8,35 : 280.51"
"8,36 : 569.09"
"8,37 : 476.09"
"8,38 : 424.89"
"8,39 : 518.31"
"8,40 : 393.41"
"8,41 : 479.29"
"8,42 : 311.16"
"8,43 : 302.65"
"8,44 : 453.32"
"8,45 : 476.03"
"8,46 : 170.29"
"8,47 : 379.08"
"8,48 : 509.08"
"8,49 : 490.49"
"8,50 : 157.7"
"8,51 : 567.87"
"8,52 : 444.66"
"8,53 : 409.81"
"8,54 : 645.39"
"8,55 : 324.69"
"8,56 : 247.84"
"8,57 : 579.25"
"8,58 : 49.65"
"8,59 : 220.74"
"8,60 : 700.05"
"8,61 : 462.92"
"8,62 : 545.34"
"8,63 : 279.12"
"8,64 : 459.03"
"8,65 : 268.26"
"8,66 : 345.68"
"8,67 : 272.42"
"8,68 : 647.03"
"8,69 : 315.3"
"8,70 : 328.32"
"8,71 : 445.07"
"8,72 : 563.13"
"8,73 : 495.87"
"8,74 : 538.08"
"8,75 : 248.36"
"8,76 : 610.67"
"8,77 : 585.7"
"8,78 : 334.01"
"8,79 : 366.69"
"8,80 : 376.7"
"8,81 : 516.63"
"8,82 : 63.82"
"8,83 : 387.2"
"8,84 : 370.6"
"8,85 : 463.91"
"8,86 : 612.38"
"8,87 : 372.01"
"8,88 : 332.12"
"8,89 : 271.77"
"8,90 : 672.96"
"8,91 : 510.6"
"8,92 : 451.93"
"8,93 : 667.69"
"8,94 : 518.93"
"8,95 : 324.13"
"8,96 : 381.42"
"8,97 : 107.35"
"8,98 : 207.39"
"8,99 : 585.1"
"9,0 : 886.39"
"9,1 : 231.61"
"9,2 : 684.08"
"9,3 : 537.64"
"9,4 : 137.93"
"9,5 : 344.0"
"9,6 : 200.12"
"9,7 : 488.64"
"9,8 : 541.09"
"9,9 : 0.0"
"9,10 : 584.96"
"9,11 : 643.81"
"9,12 : 752.46"
"9,13 : 1054.06"
"9,14 : 572.55"
"9,15 : 694.88"
"9,16 : 352.75"
"9,17 : 642.68"
"9,18 : 284.29"
"9,19 : 638.81"
"9,20 : 65.55"
"9,21 : 673.62"
"9,22 : 390.22"
"9,23 : 688.0"
"9,24 : 668.37"
"9,25 : 606.41"
"9,26 : 580.68"
"9,27 : 544.99"
"9,28 : 131.03"
"9,29 : 207.51"
"9,30 : 538.09"
"9,31 : 376.04"
"9,32 : 234.48"
"9,33 : 114.49"
"9,34 : 710.3"
"9,35 : 380.08"
"9,36 : 500.37"
"9,37 : 255.7"
"9,38 : 717.42"
"9,39 : 150.37"
"9,40 : 571.43"
"9,41 : 204.16"
"9,42 : 254.37"
"9,43 : 828.24"
"9,44 : 619.68"
"9,45 : 270.19"
"9,46 : 575.58"
"9,47 : 854.06"
"9,48 : 628.4"
"9,49 : 604.67"
"9,50 : 465.41"
"9,51 : 346.45"
"9,52 : 984.67"
"9,53 : 718.06"
"9,54 : 840.71"
"9,55 : 724.79"
"9,56 : 615.46"
"9,57 : 344.38"
"9,58 : 561.02"
"9,59 : 732.56"
"9,60 : 910.6"
"9,61 : 663.87"
"9,62 : 52.15"
"9,63 : 727.59"
"9,64 : 816.3"
"9,65 : 671.2"
"9,66 : 866.94"
"9,67 : 575.4"
"9,68 : 122.1"
"9,69 : 569.46"
"9,70 : 842.16"
"9,71 : 683.44"
"9,72 : 52.8"
"9,73 : 648.64"
"9,74 : 420.35"
"9,75 : 773.93"
"9,76 : 646.05"
"9,77 : 502.78"
"9,78 : 626.59"
"9,79 : 857.21"
"9,80 : 902.58"
"9,81 : 98.84"
"9,82 : 477.54"
"9,83 : 842.23"
"9,84 : 846.9"
"9,85 : 519.6"
"9,86 : 156.71"
"9,87 : 632.78"
"9,88 : 214.22"
"9,89 : 269.45"
"9,90 : 900.08"
"9,91 : 544.94"
"9,92 : 589.07"
"9,93 : 364.54"
"9,94 : 371.07"
"9,95 : 741.84"
"9,96 : 173.88"
"9,97 : 511.71"
"9,98 : 633.55"
"9,99 : 62.37"
"10,0 : 1274.21"
"10,1 : 759.48"
"10,2 : 1029.94"
"10,3 : 179.4"
"10,4 : 680.27"
"10,5 : 904.2"
"10,6 : 783.05"
"10,7 : 827.12"
"10,8 : 621.92"
"10,9 : 584.96"
"10,10 : 0.0"
"10,11 : 312.58"
"10,12 : 1079.88"
"10,13 : 897.13"
"10,14 : 759.98"
"10,15 : 338.5"
"10,16 : 702.45"
"10,17 : 416.39"
"10,18 : 837.06"
"10,19 : 176.82"
"10,20 : 648.75"
"10,21 : 929.84"
"10,22 : 878.65"
"10,23 : 336.22"
"10,24 : 983.71"
"10,25 : 22.2"
"10,26 : 1022.1"
"10,27 : 42.49"
"10,28 : 710.98"
"10,29 : 551.65"
"10,30 : 679.85"
"10,31 : 210.54"
"10,32 : 747.25"
"10,33 : 654.94"
"10,34 : 1022.0"
"10,35 : 731.52"
"10,36 : 84.93"
"10,37 : 770.69"
"10,38 : 1023.03"
"10,39 : 435.84"
"10,40 : 256.68"
"10,41 : 382.1"
"10,42 : 620.01"
"10,43 : 882.72"
"10,44 : 227.97"
"10,45 : 316.95"
"10,46 : 777.37"
"10,47 : 992.43"
"10,48 : 1039.53"
"10,49 : 172.84"
"10,50 : 465.47"
"10,51 : 249.06"
"10,52 : 903.07"
"10,53 : 385.59"
"10,54 : 1223.3"
"10,55 : 944.06"
"10,56 : 853.23"
"10,57 : 256.4"
"10,58 : 592.19"
"10,59 : 827.63"
"10,60 : 1286.69"
"10,61 : 262.71"
"10,62 : 538.14"
"10,63 : 900.97"
"10,64 : 1076.14"
"10,65 : 482.01"
"10,66 : 926.52"
"10,67 : 386.39"
"10,68 : 576.84"
"10,69 : 882.97"
"10,70 : 705.28"
"10,71 : 1024.5"
"10,72 : 549.05"
"10,73 : 1041.81"
"10,74 : 164.61"
"10,75 : 836.88"
"10,76 : 1107.12"
"10,77 : 83.0"
"10,78 : 363.73"
"10,79 : 670.14"
"10,80 : 775.05"
"10,81 : 486.35"
"10,82 : 597.55"
"10,83 : 1005.89"
"10,84 : 983.9"
"10,85 : 158.9"
"10,86 : 741.47"
"10,87 : 329.0"
"10,88 : 501.6"
"10,89 : 533.73"
"10,90 : 1264.22"
"10,91 : 113.84"
"10,92 : 204.06"
"10,93 : 935.65"
"10,94 : 881.67"
"10,95 : 515.31"
"10,96 : 484.93"
"10,97 : 693.83"
"10,98 : 825.26"
"10,99 : 644.09"
"11,0 : 1091.79"
"11,1 : 731.39"
"11,2 : 847.72"
"11,3 : 156.52"
"11,4 : 773.41"
"11,5 : 881.86"
"11,6 : 835.13"
"11,7 : 672.96"
"11,8 : 397.34"
"11,9 : 643.81"
"11,10 : 312.58"
"11,11 : 0.0"
"11,12 : 883.3"
"11,13 : 584.85"
"11,14 : 547.42"
"11,15 : 51.08"
"11,16 : 587.56"
"11,17 : 115.84"
"11,18 : 815.53"
"11,19 : 146.76"
"11,20 : 693.21"
"11,21 : 718.24"
"11,22 : 800.52"
"11,23 : 44.28"
"11,24 : 792.21"
"11,25 : 309.01"
"11,26 : 893.38"
"11,27 : 298.49"
"11,28 : 772.7"
"11,29 : 507.57"
"11,30 : 466.5"
"11,31 : 346.23"
"11,32 : 711.63"
"11,33 : 662.49"
"11,34 : 824.15"
"11,35 : 608.29"
"11,36 : 311.19"
"11,37 : 731.2"
"11,38 : 822.22"
"11,39 : 528.39"
"11,40 : 80.62"
"11,41 : 464.29"
"11,42 : 547.15"
"11,43 : 601.3"
"11,44 : 85.02"
"11,45 : 410.8"
"11,46 : 567.57"
"11,47 : 727.89"
"11,48 : 890.92"
"11,49 : 140.01"
"11,50 : 275.44"
"11,51 : 428.39"
"11,52 : 593.35"
"11,53 : 84.81"
"11,54 : 1041.78"
"11,55 : 714.74"
"11,56 : 645.17"
"11,57 : 441.52"
"11,58 : 353.42"
"11,59 : 565.21"
"11,60 : 1097.31"
"11,61 : 68.82"
"11,62 : 614.59"
"11,63 : 658.52"
"11,64 : 849.73"
"11,65 : 179.42"
"11,66 : 643.1"
"11,67 : 125.54"
"11,68 : 693.54"
"11,69 : 705.53"
"11,70 : 394.93"
"11,71 : 840.53"
"11,72 : 631.48"
"11,73 : 882.92"
"11,74 : 341.53"
"11,75 : 562.43"
"11,76 : 981.62"
"11,77 : 328.25"
"11,78 : 66.07"
"11,79 : 357.56"
"11,80 : 463.85"
"11,81 : 563.05"
"11,82 : 402.5"
"11,83 : 748.85"
"11,84 : 719.61"
"11,85 : 186.94"
"11,86 : 780.93"
"11,87 : 25.5"
"11,88 : 465.76"
"11,89 : 457.05"
"11,90 : 1070.29"
"11,91 : 211.28"
"11,92 : 110.63"
"11,93 : 924.43"
"11,94 : 818.58"
"11,95 : 203.0"
"11,96 : 482.22"
"11,97 : 495.89"
"11,98 : 601.65"
"11,99 : 705.41"
"12,0 : 211.8"
"12,1 : 551.03"
"12,2 : 70.06"
"12,3 : 919.26"
"12,4 : 837.37"
"12,5 : 567.16"
"12,6 : 752.75"
"12,7 : 272.98"
"12,8 : 485.98"
"12,9 : 752.46"
"12,10 : 1079.88"
"12,11 : 883.3"
"12,12 : 0.0"
"12,13 : 794.55"
"12,14 : 335.9"
"12,15 : 911.39"
"12,16 : 417.14"
"12,17 : 782.72"
"12,18 : 563.24"
"12,19 : 997.12"
"12,20 : 720.85"
"12,21 : 168.75"
"12,22 : 410.02"
"12,23 : 906.02"
"12,24 : 96.4"
"12,25 : 1092.13"
"12,26 : 247.58"
"12,27 : 1040.81"
"12,28 : 765.01"
"12,29 : 598.51"
"12,30 : 417.02"
"12,31 : 918.1"
"12,32 : 536.16"
"12,33 : 643.39"
"12,34 : 59.2"
"12,35 : 385.66"
"12,36 : 1013.35"
"12,37 : 523.05"
"12,38 : 61.72"
"12,39 : 823.85"
"12,40 : 874.25"
"12,41 : 818.99"
"12,42 : 523.81"
"12,43 : 440.65"
"12,44 : 936.14"
"12,45 : 849.43"
"12,46 : 315.73"
"12,47 : 322.41"
"12,48 : 179.57"
"12,49 : 968.81"
"12,50 : 625.05"
"12,51 : 957.15"
"12,52 : 666.32"
"12,53 : 891.57"
"12,54 : 164.77"
"12,55 : 200.1"
"12,56 : 238.25"
"12,57 : 964.89"
"12,58 : 531.28"
"12,59 : 386.08"
"12,60 : 214.14"
"12,61 : 948.44"
"12,62 : 788.33"
"12,63 : 271.55"
"12,64 : 126.83"
"12,65 : 742.4"
"12,66 : 439.29"
"12,67 : 758.17"
"12,68 : 873.73"
"12,69 : 200.83"
"12,70 : 694.26"
"12,71 : 69.26"
"12,72 : 799.57"
"12,73 : 143.39"
"12,74 : 962.18"
"12,75 : 426.99"
"12,76 : 276.07"
"12,77 : 1027.62"
"12,78 : 819.85"
"12,79 : 758.77"
"12,80 : 697.33"
"12,81 : 792.72"
"12,82 : 489.24"
"12,83 : 282.08"
"12,84 : 323.11"
"12,85 : 928.72"
"12,86 : 713.59"
"12,87 : 857.99"
"12,88 : 636.35"
"12,89 : 578.32"
"12,90 : 187.26"
"12,91 : 975.53"
"12,92 : 931.13"
"12,93 : 606.24"
"12,94 : 450.49"
"12,95 : 783.92"
"12,96 : 680.78"
"12,97 : 391.81"
"12,98 : 287.63"
"12,99 : 757.71"
"13,0 : 985.05"
"13,1 : 1013.45"
"13,2 : 807.13"
"13,3 : 733.9"
"13,4 : 1191.01"
"13,5 : 1132.74"
"13,6 : 1195.38"
"13,7 : 765.32"
"13,8 : 525.44"
"13,9 : 1054.06"
"13,10 : 897.13"
"13,11 : 584.85"
"13,12 : 794.55"
"13,13 : 0.0"
"13,14 : 578.29"
"13,15 : 561.36"
"13,16 : 793.52"
"13,17 : 492.83"
"13,18 : 1083.66"
"13,19 : 724.8"
"13,20 : 1075.82"
"13,21 : 653.07"
"13,22 : 985.27"
"13,23 : 562.65"
"13,24 : 748.59"
"13,25 : 892.3"
"13,26 : 957.3"
"13,27 : 882.75"
"13,28 : 1156.56"
"13,29 : 852.41"
"13,30 : 557.41"
"13,31 : 893.7"
"13,32 : 989.24"
"13,33 : 1011.16"
"13,34 : 752.23"
"13,35 : 789.89"
"13,36 : 891.17"
"13,37 : 997.2"
"13,38 : 743.17"
"13,39 : 999.0"
"13,40 : 650.73"
"13,41 : 945.55"
"13,42 : 836.43"
"13,43 : 354.69"
"13,44 : 669.16"
"13,45 : 916.92"
"13,46 : 591.72"
"13,47 : 482.3"
"13,48 : 913.9"
"13,49 : 724.29"
"13,50 : 595.19"
"13,51 : 974.99"
"13,52 : 130.31"
"13,53 : 514.22"
"13,54 : 948.33"
"13,55 : 599.73"
"13,56 : 626.82"
"13,57 : 988.32"
"13,58 : 495.83"
"13,59 : 429.47"
"13,60 : 971.87"
"13,61 : 637.57"
"13,62 : 1049.24"
"13,63 : 531.28"
"13,64 : 688.0"
"13,65 : 432.98"
"13,66 : 357.07"
"13,67 : 545.81"
"13,68 : 1148.32"
"13,69 : 732.27"
"13,70 : 215.82"
"13,71 : 798.1"
"13,72 : 1067.63"
"13,73 : 885.65"
"13,74 : 904.93"
"13,75 : 379.53"
"13,76 : 1028.66"
"13,77 : 908.85"
"13,78 : 541.09"
"13,79 : 228.88"
"13,80 : 151.49"
"13,81 : 1011.27"
"13,82 : 587.87"
"13,83 : 523.16"
"13,84 : 479.08"
"13,85 : 763.09"
"13,86 : 1137.25"
"13,87 : 570.52"
"13,88 : 839.91"
"13,89 : 787.6"
"13,90 : 938.9"
"13,91 : 794.42"
"13,92 : 694.98"
"13,93 : 1182.38"
"13,94 : 1022.71"
"13,95 : 384.07"
"13,96 : 883.81"
"13,97 : 598.8"
"13,98 : 566.71"
"13,99 : 1103.37"
"14,0 : 545.4"
"14,1 : 458.7"
"14,2 : 304.63"
"14,3 : 591.66"
"14,4 : 694.34"
"14,5 : 560.7"
"14,6 : 660.59"
"14,7 : 188.22"
"14,8 : 150.08"
"14,9 : 572.55"
"14,10 : 759.98"
"14,11 : 547.42"
"14,12 : 335.9"
"14,13 : 578.29"
"14,14 : 0.0"
"14,15 : 575.89"
"14,16 : 237.99"
"14,17 : 447.89"
"14,18 : 518.31"
"14,19 : 664.14"
"14,20 : 569.34"
"14,21 : 172.54"
"14,22 : 407.68"
"14,23 : 570.42"
"14,24 : 246.43"
"14,25 : 770.15"
"14,26 : 398.85"
"14,27 : 723.17"
"14,28 : 639.99"
"14,29 : 371.55"
"14,30 : 82.04"
"14,31 : 621.39"
"14,32 : 435.21"
"14,33 : 492.35"
"14,34 : 276.8"
"14,35 : 224.32"
"14,36 : 700.8"
"14,37 : 437.66"
"14,38 : 274.82"
"14,39 : 588.03"
"14,40 : 541.07"
"14,41 : 562.41"
"14,42 : 319.08"
"14,43 : 269.01"
"14,44 : 602.0"
"14,45 : 574.25"
"14,46 : 20.62"
"14,47 : 283.81"
"14,48 : 372.84"
"14,49 : 637.15"
"14,50 : 295.95"
"14,51 : 675.43"
"14,52 : 471.73"
"14,53 : 557.68"
"14,54 : 495.94"
"14,55 : 186.13"
"14,56 : 97.8"
"14,57 : 685.45"
"14,58 : 196.01"
"14,59 : 170.24"
"14,60 : 549.99"
"14,61 : 612.82"
"14,62 : 589.97"
"14,63 : 161.15"
"14,64 : 316.18"
"14,65 : 411.53"
"14,66 : 302.01"
"14,67 : 422.4"
"14,68 : 689.84"
"14,69 : 175.82"
"14,70 : 415.2"
"14,71 : 296.79"
"14,72 : 606.0"
"14,73 : 355.19"
"14,74 : 660.49"
"14,75 : 219.37"
"14,76 : 481.02"
"14,77 : 716.53"
"14,78 : 483.99"
"14,79 : 468.8"
"14,80 : 444.04"
"14,81 : 573.64"
"14,82 : 162.6"
"14,83 : 278.15"
"14,84 : 276.23"
"14,85 : 604.2"
"14,86 : 605.94"
"14,87 : 522.1"
"14,88 : 389.22"
"14,89 : 323.15"
"14,90 : 522.89"
"14,91 : 651.2"
"14,92 : 598.92"
"14,93 : 610.18"
"14,94 : 446.28"
"14,95 : 460.09"
"14,96 : 440.41"
"14,97 : 71.06"
"14,98 : 69.12"
"14,99 : 603.82"
"15,0 : 1121.28"
"15,1 : 779.71"
"15,2 : 878.71"
"15,3 : 198.21"
"15,4 : 824.45"
"15,5 : 929.87"
"15,6 : 885.94"
"15,7 : 709.98"
"15,8 : 426.31"
"15,9 : 694.88"
"15,10 : 338.5"
"15,11 : 51.08"
"15,12 : 911.39"
"15,13 : 561.36"
"15,14 : 575.89"
"15,15 : 0.0"
"15,16 : 630.35"
"15,17 : 129.96"
"15,18 : 863.84"
"15,19 : 163.6"
"15,20 : 744.09"
"15,21 : 744.7"
"15,22 : 844.99"
"15,23 : 7.07"
"15,24 : 821.98"
"15,25 : 331.93"
"15,26 : 931.97"
"15,27 : 329.83"
"15,28 : 823.69"
"15,29 : 556.55"
"15,30 : 496.33"
"15,31 : 392.55"
"15,32 : 759.65"
"15,33 : 712.62"
"15,34 : 852.45"
"15,35 : 649.94"
"15,36 : 347.56"
"15,37 : 778.88"
"15,38 : 849.95"
"15,39 : 579.02"
"15,40 : 129.2"
"15,41 : 514.84"
"15,42 : 594.04"
"15,43 : 608.0"
"15,44 : 114.24"
"15,45 : 460.58"
"15,46 : 596.31"
"15,47 : 739.95"
"15,48 : 926.88"
"15,49 : 167.33"
"15,50 : 315.76"
"15,51 : 473.94"
"15,52 : 580.52"
"15,53 : 47.27"
"15,54 : 1071.67"
"15,55 : 737.16"
"15,56 : 673.21"
"15,57 : 486.92"
"15,58 : 380.12"
"15,59 : 579.85"
"15,60 : 1125.52"
"15,61 : 76.32"
"15,62 : 665.63"
"15,63 : 678.12"
"15,64 : 871.68"
"15,65 : 184.4"
"15,66 : 648.45"
"15,67 : 161.12"
"15,68 : 744.15"
"15,69 : 738.6"
"15,70 : 382.79"
"15,71 : 871.27"
"15,72 : 682.5"
"15,73 : 917.44"
"15,74 : 384.61"
"15,75 : 572.6"
"15,76 : 1020.11"
"15,77 : 363.9"
"15,78 : 94.24"
"15,79 : 338.08"
"15,80 : 449.3"
"15,81 : 614.02"
"15,82 : 437.52"
"15,83 : 763.21"
"15,84 : 731.83"
"15,85 : 228.32"
"15,86 : 831.58"
"15,87 : 66.07"
"15,88 : 515.46"
"15,89 : 504.72"
"15,90 : 1097.78"
"15,91 : 246.13"
"15,92 : 146.37"
"15,93 : 972.9"
"15,94 : 864.17"
"15,95 : 189.19"
"15,96 : 532.83"
"15,97 : 528.26"
"15,98 : 626.81"
"15,99 : 756.45"
"16,0 : 585.31"
"16,1 : 222.79"
"16,2 : 353.84"
"16,3 : 567.07"
"16,4 : 463.61"
"16,5 : 342.13"
"16,6 : 422.62"
"16,7 : 144.22"
"16,8 : 276.59"
"16,9 : 352.75"
"16,10 : 702.45"
"16,11 : 587.56"
"16,12 : 417.14"
"16,13 : 793.52"
"16,14 : 237.99"
"16,15 : 630.35"
"16,16 : 0.0"
"16,17 : 523.16"
"16,18 : 290.17"
"16,19 : 661.79"
"16,20 : 338.59"
"16,21 : 321.06"
"16,22 : 218.45"
"16,23 : 623.59"
"16,24 : 325.68"
"16,25 : 718.24"
"16,26 : 320.37"
"16,27 : 660.79"
"16,28 : 404.63"
"16,29 : 181.47"
"16,30 : 236.21"
"16,31 : 517.98"
"16,32 : 198.85"
"16,33 : 259.48"
"16,34 : 368.13"
"16,35 : 31.76"
"16,36 : 626.72"
"16,37 : 204.24"
"16,38 : 373.76"
"16,39 : 407.03"
"16,40 : 548.34"
"16,41 : 402.94"
"16,42 : 107.0"
"16,43 : 506.62"
"16,44 : 611.95"
"16,45 : 438.24"
"16,46 : 235.3"
"16,47 : 508.18"
"16,48 : 338.72"
"16,49 : 628.5"
"16,50 : 315.53"
"16,51 : 546.7"
"16,52 : 698.46"
"16,53 : 629.91"
"16,54 : 535.37"
"16,55 : 372.51"
"16,56 : 263.97"
"16,57 : 553.33"
"16,58 : 319.12"
"16,59 : 407.81"
"16,60 : 603.01"
"16,61 : 639.56"
"16,62 : 380.58"
"16,63 : 381.06"
"16,64 : 466.18"
"16,65 : 515.63"
"16,66 : 539.96"
"16,67 : 470.88"
"16,68 : 474.34"
"16,69 : 221.82"
"16,70 : 604.23"
"16,71 : 351.01"
"16,72 : 394.1"
"16,73 : 345.19"
"16,74 : 565.03"
"16,75 : 455.64"
"16,76 : 406.84"
"16,77 : 638.64"
"16,78 : 537.94"
"16,79 : 642.88"
"16,80 : 648.62"
"16,81 : 378.31"
"16,82 : 223.76"
"16,83 : 492.83"
"16,84 : 501.57"
"16,85 : 567.59"
"16,86 : 368.32"
"16,87 : 565.73"
"16,88 : 221.76"
"16,89 : 171.14"
"16,90 : 585.71"
"16,91 : 611.43"
"16,92 : 595.72"
"16,93 : 391.41"
"16,94 : 245.36"
"16,95 : 581.54"
"16,96 : 264.01"
"16,97 : 196.16"
"16,98 : 289.54"
"16,99 : 374.54"
"17,0 : 993.16"
"17,1 : 692.99"
"17,2 : 751.77"
"17,3 : 243.59"
"17,4 : 778.25"
"17,5 : 840.09"
"17,6 : 822.33"
"17,7 : 590.12"
"17,8 : 299.28"
"17,9 : 642.68"
"17,10 : 416.39"
"17,11 : 115.84"
"17,12 : 782.72"
"17,13 : 492.83"
"17,14 : 447.89"
"17,15 : 129.96"
"17,16 : 523.16"
"17,17 : 0.0"
"17,18 : 776.23"
"17,19 : 260.6"
"17,20 : 683.87"
"17,21 : 615.5"
"17,22 : 741.0"
"17,23 : 125.32"
"17,24 : 694.29"
"17,25 : 415.79"
"17,26 : 813.78"
"17,27 : 396.02"
"17,28 : 765.94"
"17,29 : 477.51"
"17,30 : 369.54"
"17,31 : 404.88"
"17,32 : 671.31"
"17,33 : 641.02"
"17,34 : 723.92"
"17,35 : 539.56"
"17,36 : 400.01"
"17,37 : 688.54"
"17,38 : 721.17"
"17,39 : 548.29"
"17,40 : 161.03"
"17,41 : 487.21"
"17,42 : 502.13"
"17,43 : 485.48"
"17,44 : 195.88"
"17,45 : 444.95"
"17,46 : 468.41"
"17,47 : 613.24"
"17,48 : 804.81"
"17,49 : 248.29"
"17,50 : 209.77"
"17,51 : 487.48"
"17,52 : 487.1"
"17,53 : 111.0"
"17,54 : 943.82"
"17,55 : 607.21"
"17,56 : 544.76"
"17,57 : 500.9"
"17,58 : 251.88"
"17,59 : 451.59"
"17,60 : 996.78"
"17,61 : 184.2"
"17,62 : 621.85"
"17,63 : 548.34"
"17,64 : 741.72"
"17,65 : 65.76"
"17,66 : 527.27"
"17,67 : 67.42"
"17,68 : 710.78"
"17,69 : 613.73"
"17,70 : 290.34"
"17,71 : 744.16"
"17,72 : 639.81"
"17,73 : 793.66"
"17,74 : 412.68"
"17,75 : 447.1"
"17,76 : 901.51"
"17,77 : 417.88"
"17,78 : 53.15"
"17,79 : 264.28"
"17,80 : 360.87"
"17,81 : 574.25"
"17,82 : 317.0"
"17,83 : 635.21"
"17,84 : 605.02"
"17,85 : 271.77"
"17,86 : 765.57"
"17,87 : 92.48"
"17,88 : 443.42"
"17,89 : 418.71"
"17,90 : 968.75"
"17,91 : 307.01"
"17,92 : 212.98"
"17,93 : 885.47"
"17,94 : 763.95"
"17,95 : 112.71"
"17,96 : 471.27"
"17,97 : 403.57"
"17,98 : 497.31"
"17,99 : 701.68"
"18,0 : 649.38"
"18,1 : 84.15"
"18,2 : 493.73"
"18,3 : 749.42"
"18,4 : 303.62"
"18,5 : 67.9"
"18,6 : 193.58"
"18,7 : 356.8"
"18,8 : 564.36"
"18,9 : 284.29"
"18,10 : 837.06"
"18,11 : 815.53"
"18,12 : 563.24"
"18,13 : 1083.66"
"18,14 : 518.31"
"18,15 : 863.84"
"18,16 : 290.17"
"18,17 : 776.23"
"18,18 : 0.0"
"18,19 : 852.09"
"18,20 : 223.52"
"18,21 : 544.71"
"18,22 : 153.31"
"18,23 : 856.78"
"18,24 : 501.34"
"18,25 : 857.07"
"18,26 : 341.41"
"18,27 : 795.05"
"18,28 : 226.0"
"18,29 : 309.0"
"18,30 : 526.27"
"18,31 : 627.61"
"18,32 : 104.92"
"18,33 : 184.7"
"18,34 : 537.74"
"18,35 : 295.58"
"18,36 : 752.65"
"18,37 : 89.32"
"18,38 : 547.55"
"18,39 : 423.8"
"18,40 : 758.04"
"18,41 : 461.73"
"18,42 : 274.33"
"18,43 : 785.68"
"18,44 : 816.75"
"18,45 : 523.11"
"18,46 : 510.86"
"18,47 : 760.99"
"18,48 : 403.02"
"18,49 : 816.97"
"18,50 : 568.27"
"18,51 : 616.79"
"18,52 : 986.71"
"18,53 : 873.87"
"18,54 : 609.69"
"18,55 : 608.07"
"18,56 : 513.95"
"18,57 : 617.16"
"18,58 : 603.74"
"18,59 : 687.59"
"18,60 : 678.0"
"18,61 : 854.02"
"18,62 : 335.97"
"18,63 : 638.22"
"18,64 : 658.9"
"18,65 : 782.0"
"18,66 : 814.83"
"18,67 : 715.14"
"18,68 : 378.5"
"18,69 : 428.43"
"18,70 : 892.68"
"18,71 : 496.37"
"18,72 : 336.14"
"18,73 : 432.37"
"18,74 : 675.68"
"18,75 : 737.55"
"18,76 : 387.16"
"18,77 : 758.68"
"18,78 : 778.58"
"18,79 : 928.01"
"18,80 : 938.6"
"18,81 : 373.32"
"18,82 : 507.14"
"18,83 : 736.82"
"18,84 : 755.78"
"18,85 : 739.32"
"18,86 : 168.43"
"18,87 : 797.82"
"18,88 : 354.75"
"18,89 : 359.58"
"18,90 : 674.41"
"18,91 : 774.47"
"18,92 : 792.13"
"18,93 : 109.33"
"18,94 : 115.02"
"18,95 : 851.46"
"18,96 : 355.78"
"18,97 : 485.45"
"18,98 : 556.77"
"18,99 : 251.63"
"19,0 : 1201.31"
"19,1 : 769.27"
"19,2 : 955.43"
"19,3 : 103.04"
"19,4 : 755.76"
"19,5 : 919.9"
"19,6 : 837.99"
"19,7 : 766.6"
"19,8 : 516.31"
"19,9 : 638.81"
"19,10 : 176.82"
"19,11 : 146.76"
"19,12 : 997.12"
"19,13 : 724.8"
"19,14 : 664.14"
"19,15 : 163.6"
"19,16 : 661.79"
"19,17 : 260.6"
"19,18 : 852.09"
"19,19 : 0.0"
"19,20 : 696.43"
"19,21 : 836.67"
"19,22 : 862.53"
"19,23 : 162.15"
"19,24 : 903.21"
"19,25 : 168.69"
"19,26 : 978.97"
"19,27 : 174.93"
"19,28 : 769.79"
"19,29 : 545.81"
"19,30 : 582.1"
"19,31 : 284.06"
"19,32 : 752.53"
"19,33 : 682.07"
"19,34 : 938.01"
"19,35 : 686.84"
"19,36 : 202.55"
"19,37 : 774.32"
"19,38 : 937.25"
"19,39 : 502.83"
"19,40 : 123.07"
"19,41 : 439.76"
"19,42 : 600.61"
"19,43 : 743.92"
"19,44 : 65.76"
"19,45 : 376.37"
"19,46 : 683.44"
"19,47 : 865.9"
"19,48 : 985.0"
"19,49 : 35.13"
"19,50 : 372.84"
"19,51 : 356.18"
"19,52 : 739.26"
"19,53 : 210.86"
"19,54 : 1150.65"
"19,55 : 840.09"
"19,56 : 761.37"
"19,57 : 367.77"
"19,58 : 477.59"
"19,59 : 701.62"
"19,60 : 1209.63"
"19,61 : 87.28"
"19,62 : 600.32"
"19,63 : 788.4"
"19,64 : 974.91"
"19,65 : 325.48"
"19,66 : 786.4"
"19,67 : 250.46"
"19,68 : 662.84"
"19,69 : 809.69"
"19,70 : 540.81"
"19,71 : 948.89"
"19,72 : 615.0"
"19,73 : 981.26"
"19,74 : 259.89"
"19,75 : 702.82"
"19,76 : 1066.72"
"19,77 : 216.3"
"19,78 : 207.99"
"19,79 : 500.17"
"19,80 : 609.06"
"19,81 : 546.6"
"19,82 : 508.21"
"19,83 : 884.47"
"19,84 : 857.5"
"19,85 : 119.44"
"19,86 : 788.6"
"19,87 : 168.24"
"19,88 : 497.94"
"19,89 : 508.52"
"19,90 : 1184.25"
"19,91 : 107.07"
"19,92 : 66.89"
"19,93 : 958.02"
"19,94 : 874.11"
"19,95 : 347.67"
"19,96 : 499.36"
"19,97 : 605.37"
"19,98 : 723.66"
"19,99 : 701.06"
"20,0 : 843.43"
"20,1 : 181.08"
"20,2 : 651.45"
"20,3 : 594.38"
"20,4 : 125.23"
"20,5 : 280.66"
"20,6 : 142.41"
"20,7 : 465.39"
"20,8 : 555.21"
"20,9 : 65.55"
"20,10 : 648.75"
"20,11 : 693.21"
"20,12 : 720.85"
"20,13 : 1075.82"
"20,14 : 569.34"
"20,15 : 744.09"
"20,16 : 338.59"
"20,17 : 683.87"
"20,18 : 223.52"
"20,19 : 696.43"
"20,20 : 0.0"
"20,21 : 655.21"
"20,22 : 341.4"
"20,23 : 737.13"
"20,24 : 641.03"
"20,25 : 670.06"
"20,26 : 535.0"
"20,27 : 608.42"
"20,28 : 82.66"
"20,29 : 223.49"
"20,30 : 543.9"
"20,31 : 439.09"
"20,32 : 189.01"
"20,33 : 79.76"
"20,34 : 682.21"
"20,35 : 362.63"
"20,36 : 563.99"
"20,37 : 207.52"
"20,38 : 690.06"
"20,39 : 215.52"
"20,40 : 623.32"
"20,41 : 266.93"
"20,42 : 251.78"
"20,43 : 831.83"
"20,44 : 674.07"
"20,45 : 332.74"
"20,46 : 570.03"
"20,47 : 846.24"
"20,48 : 586.68"
"20,49 : 661.93"
"20,50 : 496.6"
"20,51 : 411.8"
"20,52 : 999.81"
"20,53 : 764.71"
"20,54 : 799.17"
"20,55 : 709.95"
"20,56 : 602.32"
"20,57 : 409.87"
"20,58 : 580.16"
"20,59 : 734.42"
"20,60 : 868.96"
"20,61 : 717.17"
"20,62 : 117.17"
"20,63 : 719.14"
"20,64 : 792.96"
"20,65 : 707.68"
"20,66 : 868.73"
"20,67 : 617.15"
"20,68 : 160.22"
"20,69 : 546.32"
"20,70 : 866.99"
"20,71 : 651.59"
"20,72 : 114.04"
"20,73 : 609.37"
"20,74 : 484.16"
"20,75 : 778.31"
"20,76 : 595.69"
"20,77 : 566.89"
"20,78 : 671.63"
"20,79 : 886.66"
"20,80 : 924.69"
"20,81 : 163.75"
"20,82 : 491.43"
"20,83 : 831.42"
"20,84 : 839.47"
"20,85 : 577.76"
"20,86 : 93.13"
"20,87 : 680.68"
"20,88 : 243.56"
"20,89 : 288.5"
"20,90 : 860.28"
"20,91 : 605.05"
"20,92 : 644.45"
"20,93 : 299.45"
"20,94 : 317.91"
"20,95 : 778.78"
"20,96 : 213.03"
"20,97 : 513.4"
"20,98 : 626.45"
"20,99 : 37.0"
"21,0 : 380.55"
"21,1 : 507.86"
"21,2 : 157.0"
"21,3 : 763.5"
"21,4 : 778.76"
"21,5 : 568.59"
"21,6 : 717.52"
"21,7 : 192.72"
"21,8 : 321.5"
"21,9 : 673.62"
"21,10 : 929.84"
"21,11 : 718.24"
"21,12 : 168.75"
"21,13 : 653.07"
"21,14 : 172.54"
"21,15 : 744.7"
"21,16 : 321.06"
"21,17 : 615.5"
"21,18 : 544.71"
"21,19 : 836.67"
"21,20 : 655.21"
"21,21 : 0.0"
"21,22 : 402.99"
"21,23 : 739.48"
"21,24 : 96.33"
"21,25 : 940.66"
"21,26 : 311.82"
"21,27 : 892.23"
"21,28 : 713.71"
"21,29 : 492.31"
"21,30 : 254.57"
"21,31 : 781.74"
"21,32 : 487.82"
"21,33 : 575.45"
"21,34 : 111.97"
"21,35 : 293.75"
"21,36 : 867.98"
"21,37 : 481.7"
"21,38 : 107.15"
"21,39 : 718.59"
"21,40 : 713.6"
"21,41 : 703.13"
"21,42 : 424.62"
"21,43 : 300.74"
"21,44 : 774.38"
"21,45 : 724.27"
"21,46 : 153.57"
"21,47 : 223.49"
"21,48 : 261.84"
"21,49 : 809.66"
"21,50 : 467.73"
"21,51 : 829.33"
"21,52 : 529.58"
"21,53 : 723.73"
"21,54 : 332.99"
"21,55 : 65.8"
"21,56 : 76.61"
"21,57 : 838.37"
"21,58 : 365.03"
"21,59 : 228.37"
"21,60 : 381.81"
"21,61 : 784.31"
"21,62 : 701.16"
"21,63 : 122.7"
"21,64 : 151.82"
"21,65 : 573.94"
"21,66 : 311.72"
"21,67 : 593.78"
"21,68 : 795.36"
"21,69 : 116.28"
"21,70 : 532.82"
"21,71 : 148.0"
"21,72 : 715.01"
"21,73 : 232.6"
"21,74 : 823.18"
"21,75 : 274.93"
"21,76 : 376.63"
"21,77 : 883.19"
"21,78 : 654.05"
"21,79 : 595.4"
"21,80 : 542.62"
"21,81 : 695.33"
"21,82 : 332.81"
"21,83 : 194.02"
"21,84 : 219.94"
"21,85 : 775.25"
"21,86 : 669.5"
"21,87 : 692.82"
"21,88 : 521.73"
"21,89 : 458.15"
"21,90 : 353.31"
"21,91 : 822.26"
"21,92 : 771.45"
"21,93 : 614.75"
"21,94 : 445.98"
"21,95 : 615.24"
"21,96 : 570.56"
"21,97 : 236.01"
"21,98 : 118.96"
"21,99 : 691.88"
"22,0 : 504.48"
"22,1 : 160.33"
"22,2 : 340.65"
"22,3 : 763.37"
"22,4 : 443.3"
"22,5 : 165.68"
"22,6 : 345.04"
"22,7 : 226.72"
"22,8 : 487.12"
"22,9 : 390.22"
"22,10 : 878.65"
"22,11 : 800.52"
"22,12 : 410.02"
"22,13 : 985.27"
"22,14 : 407.68"
"22,15 : 844.99"
"22,16 : 218.45"
"22,17 : 741.0"
"22,18 : 153.31"
"22,19 : 862.53"
"22,20 : 341.4"
"22,21 : 402.99"
"22,22 : 0.0"
"22,23 : 838.12"
"22,24 : 351.16"
"22,25 : 896.73"
"22,26 : 194.79"
"22,27 : 836.18"
"22,28 : 366.98"
"22,29 : 327.0"
"22,30 : 435.3"
"22,31 : 677.39"
"22,32 : 155.93"
"22,33 : 276.13"
"22,34 : 386.15"
"22,35 : 207.3"
"22,36 : 797.3"
"22,37 : 134.65"
"22,38 : 396.23"
"22,39 : 506.12"
"22,40 : 755.15"
"22,41 : 528.13"
"22,42 : 262.55"
"22,43 : 665.8"
"22,44 : 817.67"
"22,45 : 580.8"
"22,46 : 396.07"
"22,47 : 624.23"
"22,48 : 252.14"
"22,49 : 828.15"
"22,50 : 532.27"
"22,51 : 684.62"
"22,52 : 878.92"
"22,53 : 846.72"
"22,54 : 462.26"
"22,55 : 468.03"
"22,56 : 383.26"
"22,57 : 687.78"
"22,58 : 532.69"
"22,59 : 570.45"
"22,60 : 531.51"
"22,61 : 848.83"
"22,62 : 437.12"
"22,63 : 506.19"
"22,64 : 508.34"
"22,65 : 733.97"
"22,66 : 690.51"
"22,67 : 687.05"
"22,68 : 501.6"
"22,69 : 288.0"
"22,70 : 809.14"
"22,71 : 343.51"
"22,72 : 442.64"
"22,73 : 280.01"
"22,74 : 726.24"
"22,75 : 621.8"
"22,76 : 255.89"
"22,77 : 806.39"
"22,78 : 753.73"
"22,79 : 853.01"
"22,80 : 846.8"
"22,81 : 461.21"
"22,82 : 439.62"
"22,83 : 596.92"
"22,84 : 619.73"
"22,85 : 759.25"
"22,86 : 311.71"
"22,87 : 779.65"
"22,88 : 377.07"
"22,89 : 354.19"
"22,90 : 525.67"
"22,91 : 799.85"
"22,92 : 798.12"
"22,93 : 212.0"
"22,94 : 43.05"
"22,95 : 799.41"
"22,96 : 398.32"
"22,97 : 391.82"
"22,98 : 433.43"
"22,99 : 375.71"
"23,0 : 1115.77"
"23,1 : 772.66"
"23,2 : 873.03"
"23,3 : 193.34"
"23,4 : 817.69"
"23,5 : 922.82"
"23,6 : 878.96"
"23,7 : 703.69"
"23,8 : 420.73"
"23,9 : 688.0"
"23,10 : 336.22"
"23,11 : 44.28"
"23,12 : 906.02"
"23,13 : 562.65"
"23,14 : 570.42"
"23,15 : 7.07"
"23,16 : 623.59"
"23,17 : 125.32"
"23,18 : 856.78"
"23,19 : 162.15"
"23,20 : 737.13"
"23,21 : 739.48"
"23,22 : 838.12"
"23,23 : 0.0"
"23,24 : 816.42"
"23,25 : 330.08"
"23,26 : 925.56"
"23,27 : 326.73"
"23,28 : 816.77"
"23,29 : 549.48"
"23,30 : 490.7"
"23,31 : 387.02"
"23,32 : 752.6"
"23,33 : 705.57"
"23,34 : 847.05"
"23,35 : 643.26"
"23,36 : 343.7"
"23,37 : 771.84"
"23,38 : 844.61"
"23,39 : 572.48"
"23,40 : 123.07"
"23,41 : 508.32"
"23,42 : 587.03"
"23,43 : 605.06"
"23,44 : 110.72"
"23,45 : 454.3"
"23,46 : 590.81"
"23,47 : 736.39"
"23,48 : 920.72"
"23,49 : 164.45"
"23,50 : 309.13"
"23,51 : 468.58"
"23,52 : 580.22"
"23,53 : 49.48"
"23,54 : 1066.12"
"23,55 : 732.38"
"23,56 : 667.8"
"23,57 : 481.59"
"23,58 : 374.75"
"23,59 : 575.92"
"23,60 : 1120.15"
"23,61 : 75.0"
"23,62 : 658.87"
"23,63 : 673.65"
"23,64 : 866.97"
"23,65 : 181.14"
"23,66 : 645.7"
"23,67 : 154.69"
"23,68 : 737.62"
"23,69 : 732.69"
"23,70 : 382.25"
"23,71 : 865.61"
"23,72 : 675.76"
"23,73 : 911.41"
"23,74 : 379.67"
"23,75 : 569.22"
"23,76 : 1013.72"
"23,77 : 360.17"
"23,78 : 88.02"
"23,79 : 338.59"
"23,80 : 449.18"
"23,81 : 607.32"
"23,82 : 431.37"
"23,83 : 759.37"
"23,84 : 728.25"
"23,85 : 223.54"
"23,86 : 824.58"
"23,87 : 59.03"
"23,88 : 508.39"
"23,89 : 497.68"
"23,90 : 1092.49"
"23,91 : 242.39"
"23,92 : 142.21"
"23,93 : 965.84"
"23,94 : 857.24"
"23,95 : 188.51"
"23,96 : 525.82"
"23,97 : 522.38"
"23,98 : 621.7"
