x,y
525,446
725,315
819,503
371,371
741,876
318,226
826,526
795,776
18,859
41,846
911,410
678,543
811,826
51,12
330,463
175,295
478,573
539,10
381,249
531,107
800,926
566,106
981,843
142,5
276,685
55,345
201,109
990,413
446,763
524,993
143,154
908,669
785,855
573,448
365,48
561,583
465,374
416,680
697,815
113,115
983,15
948,415
812,840
298,964
962,819
915,662
20,744
685,361
636,229
540,489
740,613
889,297
747,90
301,114
39,592
804,725
905,300
1000,43
596,281
380,777
621,267
885,633
235,97
626,938
425,865
915,610
841,314
428,828
142,96
543,917
533,129
790,509
403,274
806,706
807,145
303,2
595,992
304,293
938,696
658,234
113,257
361,905
639,767
669,500
936,965
932,801
451,788
749,342
577,164
944,599
614,530
49,764
216,257
960,151
675,751
877,122
813,733
418,411
48,778
50,458

Distanze
"0,0 : 0.0"
"0,1 : 239.08"
"0,2 : 299.47"
"0,3 : 171.29"
"0,4 : 481.2"
"0,5 : 302.07"
"0,6 : 311.45"
"0,7 : 426.38"
"0,8 : 653.93"
"0,9 : 627.9"
"0,10 : 387.68"
"0,11 : 181.16"
"0,12 : 475.6"
"0,13 : 642.68"
"0,14 : 195.74"
"0,15 : 381.18"
"0,16 : 135.42"
"0,17 : 436.22"
"0,18 : 244.02"
"0,19 : 339.05"
"0,20 : 553.2"
"0,21 : 342.46"
"0,22 : 604.6"
"0,23 : 584.1"
"0,24 : 345.14"
"0,25 : 480.73"
"0,26 : 467.49"
"0,27 : 466.17"
"0,28 : 326.7"
"0,29 : 547.0"
"0,30 : 480.82"
"0,31 : 443.19"
"0,32 : 484.65"
"0,33 : 48.04"
"0,34 : 428.96"
"0,35 : 141.65"
"0,36 : 93.72"
"0,37 : 258.14"
"0,38 : 407.12"
"0,39 : 528.49"
"0,40 : 628.91"
"0,41 : 424.13"
"0,42 : 487.45"
"0,43 : 565.56"
"0,44 : 574.54"
"0,45 : 445.82"
"0,46 : 586.37"
"0,47 : 181.18"
"0,48 : 243.74"
"0,49 : 45.54"
"0,50 : 272.24"
"0,51 : 393.32"
"0,52 : 419.55"
"0,53 : 400.5"
"0,54 : 507.46"
"0,55 : 394.57"
"0,56 : 407.08"
"0,57 : 622.92"
"0,58 : 179.63"
"0,59 : 361.37"
"0,60 : 203.12"
"0,61 : 405.67"
"0,62 : 453.76"
"0,63 : 502.26"
"0,64 : 430.77"
"0,65 : 423.08"
"0,66 : 342.46"
"0,67 : 394.12"
"0,68 : 518.83"
"0,69 : 471.34"
"0,70 : 317.1"
"0,71 : 272.39"
"0,72 : 210.87"
"0,73 : 382.83"
"0,74 : 412.46"
"0,75 : 496.41"
"0,76 : 550.47"
"0,77 : 268.79"
"0,78 : 482.77"
"0,79 : 250.27"
"0,80 : 453.28"
"0,81 : 487.42"
"0,82 : 340.64"
"0,83 : 153.79"
"0,84 : 662.03"
"0,85 : 540.07"
"0,86 : 349.91"
"0,87 : 246.97"
"0,88 : 286.75"
"0,89 : 446.06"
"0,90 : 122.38"
"0,91 : 572.45"
"0,92 : 362.22"
"0,93 : 525.59"
"0,94 : 339.89"
"0,95 : 478.41"
"0,96 : 406.59"
"0,97 : 112.58"
"0,98 : 581.17"
"0,99 : 475.15"
"1,0 : 239.08"
"1,1 : 0.0"
"1,2 : 210.19"
"1,3 : 358.4"
"1,4 : 561.23"
"1,5 : 416.62"
"1,6 : 233.93"
"1,7 : 466.28"
"1,8 : 892.07"
"1,9 : 865.92"
"1,10 : 208.86"
"1,11 : 232.79"
"1,12 : 518.19"
"1,13 : 738.98"
"1,14 : 421.82"
"1,15 : 550.36"
"1,16 : 357.17"
"1,17 : 357.24"
"1,18 : 350.27"
"1,19 : 284.43"
"1,20 : 615.59"
"1,21 : 262.61"
"1,22 : 586.79"
"1,23 : 660.29"
"1,24 : 581.81"
"1,25 : 670.67"
"1,26 : 563.04"
"1,27 : 282.54"
"1,28 : 527.77"
"1,29 : 707.17"
"1,30 : 603.86"
"1,31 : 398.5"
"1,32 : 543.32"
"1,33 : 201.97"
"1,34 : 448.21"
"1,35 : 314.2"
"1,36 : 266.61"
"1,37 : 478.23"
"1,38 : 500.78"
"1,39 : 643.85"
"1,40 : 395.68"
"1,41 : 244.4"
"1,42 : 532.16"
"1,43 : 776.87"
"1,44 : 556.94"
"1,45 : 395.61"
"1,46 : 825.27"
"1,47 : 60.96"
"1,48 : 123.76"
"1,49 : 253.97"
"1,50 : 298.38"
"1,51 : 164.98"
"1,52 : 226.07"
"1,53 : 469.23"
"1,54 : 739.81"
"1,55 : 417.54"
"1,56 : 180.62"
"1,57 : 386.79"
"1,58 : 133.41"
"1,59 : 576.6"
"1,60 : 114.54"
"1,61 : 355.98"
"1,62 : 536.31"
"1,63 : 630.82"
"1,64 : 626.5"
"1,65 : 350.89"
"1,66 : 116.0"
"1,67 : 592.77"
"1,68 : 622.78"
"1,69 : 628.91"
"1,70 : 267.32"
"1,71 : 204.6"
"1,72 : 324.6"
"1,73 : 399.3"
"1,74 : 188.74"
"1,75 : 525.41"
"1,76 : 689.37"
"1,77 : 421.57"
"1,78 : 436.5"
"1,79 : 105.12"
"1,80 : 614.74"
"1,81 : 693.25"
"1,82 : 460.11"
"1,83 : 193.29"
"1,84 : 683.39"
"1,85 : 528.25"
"1,86 : 546.63"
"1,87 : 36.12"
"1,88 : 211.44"
"1,89 : 358.63"
"1,90 : 241.96"
"1,91 : 811.53"
"1,92 : 512.29"
"1,93 : 286.57"
"1,94 : 438.86"
"1,95 : 245.67"
"1,96 : 427.16"
"1,97 : 321.66"
"1,98 : 820.18"
"1,99 : 689.98"
"2,0 : 299.47"
"2,1 : 210.19"
"2,2 : 0.0"
"2,3 : 467.04"
"2,4 : 381.07"
"2,5 : 572.48"
"2,6 : 24.04"
"2,7 : 274.05"
"2,8 : 876.55"
"2,9 : 850.25"
"2,10 : 130.82"
"2,11 : 146.56"
"2,12 : 323.1"
"2,13 : 911.54"
"2,14 : 490.63"
"2,15 : 676.76"
"2,16 : 348.11"
"2,17 : 566.96"
"2,18 : 506.32"
"2,19 : 489.65"
"2,20 : 423.43"
"2,21 : 470.76"
"2,22 : 376.62"
"2,23 : 840.44"
"2,24 : 572.69"
"2,25 : 780.17"
"2,26 : 732.91"
"2,27 : 193.24"
"2,28 : 454.67"
"2,29 : 571.95"
"2,30 : 760.77"
"2,31 : 188.35"
"2,32 : 353.64"
"2,33 : 252.07"
"2,34 : 642.76"
"2,35 : 270.12"
"2,36 : 376.77"
"2,37 : 440.16"
"2,38 : 335.0"
"2,39 : 805.59"
"2,40 : 514.82"
"2,41 : 156.16"
"2,42 : 337.07"
"2,43 : 695.67"
"2,44 : 346.85"
"2,45 : 185.73"
"2,46 : 834.55"
"2,47 : 195.24"
"2,48 : 329.49"
"2,49 : 279.35"
"2,50 : 135.43"
"2,51 : 217.57"
"2,52 : 419.23"
"2,53 : 647.8"
"2,54 : 785.06"
"2,55 : 222.51"
"2,56 : 220.47"
"2,57 : 494.33"
"2,58 : 314.66"
"2,59 : 517.49"
"2,60 : 308.06"
"2,61 : 145.79"
"2,62 : 711.26"
"2,63 : 475.89"
"2,64 : 535.05"
"2,65 : 143.75"
"2,66 : 190.28"
"2,67 : 508.43"
"2,68 : 789.92"
"2,69 : 497.57"
"2,70 : 470.82"
"2,71 : 29.61"
"2,72 : 474.87"
"2,73 : 203.42"
"2,74 : 358.2"
"2,75 : 719.21"
"2,76 : 537.86"
"2,77 : 556.17"
"2,78 : 226.74"
"2,79 : 313.5"
"2,80 : 747.63"
"2,81 : 609.4"
"2,82 : 319.52"
"2,83 : 150.03"
"2,84 : 476.58"
"2,85 : 318.71"
"2,86 : 465.46"
"2,87 : 175.56"
"2,88 : 416.52"
"2,89 : 157.61"
"2,90 : 206.77"
"2,91 : 813.03"
"2,92 : 651.25"
"2,93 : 379.19"
"2,94 : 286.78"
"2,95 : 385.39"
"2,96 : 230.08"
"2,97 : 411.42"
"2,98 : 818.58"
"2,99 : 770.32"
"3,0 : 171.29"
"3,1 : 358.4"
"3,2 : 467.04"
"3,3 : 0.0"
"3,4 : 626.04"
"3,5 : 154.38"
"3,6 : 480.68"
"3,7 : 586.35"
"3,8 : 602.29"
"3,9 : 578.38"
"3,10 : 541.41"
"3,11 : 351.9"
"3,12 : 632.95"
"3,13 : 480.92"
"3,14 : 100.72"
"3,15 : 210.22"
"3,16 : 228.59"
"3,17 : 398.18"
"3,18 : 122.41"
"3,19 : 308.7"
"3,20 : 701.47"
"3,21 : 329.01"
"3,22 : 771.29"
"3,23 : 431.74"
"3,24 : 328.06"
"3,25 : 317.07"
"3,26 : 312.32"
"3,27 : 620.42"
"3,28 : 399.11"
"3,29 : 640.54"
"3,30 : 314.76"
"3,31 : 614.14"
"3,32 : 636.91"
"3,33 : 216.18"
"3,34 : 323.06"
"3,35 : 284.68"
"3,36 : 94.05"
"3,37 : 312.26"
"3,38 : 550.83"
"3,39 : 363.46"
"3,40 : 708.01"
"3,41 : 578.68"
"3,42 : 643.77"
"3,43 : 597.48"
"3,44 : 741.61"
"3,45 : 616.94"
"3,46 : 512.18"
"3,47 : 314.16"
"3,48 : 300.65"
"3,49 : 206.12"
"3,50 : 441.28"
"3,51 : 523.26"
"3,52 : 469.4"
"3,53 : 266.36"
"3,54 : 398.83"
"3,55 : 559.29"
"3,56 : 538.7"
"3,57 : 709.38"
"3,58 : 242.33"
"3,59 : 406.1"
"3,60 : 270.77"
"3,61 : 576.92"
"3,62 : 305.9"
"3,63 : 621.7"
"3,64 : 496.94"
"3,65 : 594.19"
"3,66 : 473.44"
"3,67 : 460.54"
"3,68 : 357.86"
"3,69 : 572.45"
"3,70 : 291.22"
"3,71 : 441.14"
"3,72 : 102.14"
"3,73 : 549.04"
"3,74 : 491.09"
"3,75 : 375.21"
"3,76 : 660.16"
"3,77 : 102.83"
"3,78 : 653.54"
"3,79 : 318.02"
"3,80 : 282.06"
"3,81 : 534.09"
"3,82 : 478.16"
"3,83 : 324.72"
"3,84 : 819.79"
"3,85 : 706.84"
"3,86 : 424.6"
"3,87 : 379.11"
"3,88 : 292.04"
"3,89 : 616.7"
"3,90 : 290.4"
"3,91 : 508.07"
"3,92 : 192.41"
"3,93 : 628.75"
"3,94 : 486.64"
"3,95 : 563.95"
"3,96 : 571.32"
"3,97 : 61.72"
"3,98 : 519.59"
"3,99 : 332.58"
"4,0 : 481.2"
"4,1 : 561.23"
"4,2 : 381.07"
"4,3 : 626.04"
"4,4 : 0.0"
"4,5 : 775.52"
"4,6 : 360.17"
"4,7 : 113.65"
"4,8 : 723.2"
"4,9 : 700.64"
"4,10 : 496.04"
"4,11 : 338.91"
"4,12 : 86.02"
"4,13 : 1105.71"
"4,14 : 582.66"
"4,15 : 811.12"
"4,16 : 401.22"
"4,17 : 889.25"
"4,18 : 723.0"
"4,19 : 797.16"
"4,20 : 77.34"
"4,21 : 789.64"
"4,22 : 242.26"
"4,23 : 1057.09"
"4,24 : 502.7"
"4,25 : 867.5"
"4,26 : 938.02"
"4,27 : 525.71"
"4,28 : 315.9"
"4,29 : 246.53"
"4,30 : 937.49"
"4,31 : 265.97"
"4,32 : 48.75"
"4,33 : 459.79"
"4,34 : 909.37"
"4,35 : 343.87"
"4,36 : 572.87"
"4,37 : 379.53"
"4,38 : 75.21"
"4,39 : 986.66"
"4,40 : 894.36"
"4,41 : 505.34"
"4,42 : 79.61"
"4,43 : 451.66"
"4,44 : 228.23"
"4,45 : 275.81"
"4,46 : 732.98"
"4,47 : 518.04"
"4,48 : 655.46"
"4,49 : 436.08"
"4,50 : 263.0"
"4,51 : 597.62"
"4,52 : 786.02"
"4,53 : 879.91"
"4,54 : 757.27"
"4,55 : 163.62"
"4,56 : 598.89"
"4,57 : 872.34"
"4,58 : 612.41"
"4,59 : 374.33"
"4,60 : 620.71"
"4,61 : 282.46"
"4,62 : 928.91"
"4,63 : 130.65"
"4,64 : 316.19"
"4,65 : 317.86"
"4,66 : 570.83"
"4,67 : 316.66"
"4,68 : 983.46"
"4,69 : 202.2"
"4,70 : 775.42"
"4,71 : 370.26"
"4,72 : 690.4"
"4,73 : 182.0"
"4,74 : 733.97"
"4,75 : 977.61"
"4,76 : 186.47"
"4,77 : 728.6"
"4,78 : 266.85"
"4,79 : 647.34"
"4,80 : 881.79"
"4,81 : 381.1"
"4,82 : 149.28"
"4,83 : 382.83"
"4,84 : 214.35"
"4,85 : 205.2"
"4,86 : 303.06"
"4,87 : 534.06"
"4,88 : 730.64"
"4,89 : 343.42"
"4,90 : 368.57"
"4,91 : 701.0"
"4,92 : 811.66"
"4,93 : 757.35"
"4,94 : 141.35"
"4,95 : 766.17"
"4,96 : 160.1"
"4,97 : 566.17"
"4,98 : 699.89"
"4,99 : 807.59"
"5,0 : 302.07"
"5,1 : 416.62"
"5,2 : 572.48"
"5,3 : 154.38"
"5,4 : 775.52"
"5,5 : 0.0"
"5,6 : 589.97"
"5,7 : 728.03"
"5,8 : 700.49"
"5,9 : 679.06"
"5,10 : 620.89"
"5,11 : 479.68"
"5,12 : 776.56"
"5,13 : 342.18"
"5,14 : 237.3"
"5,15 : 158.78"
"5,16 : 382.11"
"5,17 : 309.03"
"5,18 : 67.07"
"5,19 : 243.99"
"5,20 : 849.9"
"5,21 : 275.51"
"5,22 : 905.68"
"5,23 : 282.52"
"5,24 : 460.92"
"5,25 : 288.67"
"5,26 : 165.46"
"5,27 : 697.53"
"5,28 : 552.04"
"5,29 : 794.18"
"5,30 : 189.23"
"5,31 : 737.8"
"5,32 : 783.41"
"5,33 : 338.1"
"5,34 : 184.1"
"5,35 : 431.85"
"5,36 : 208.6"
"5,37 : 464.46"
"5,38 : 700.4"
"5,39 : 233.12"
"5,40 : 697.67"
"5,41 : 657.74"
"5,42 : 788.06"
"5,43 : 738.27"
"5,44 : 875.43"
"5,45 : 739.26"
"5,46 : 597.6"
"5,47 : 391.04"
"5,48 : 318.01"
"5,49 : 344.17"
"5,50 : 572.58"
"5,51 : 575.4"
"5,52 : 450.04"
"5,53 : 113.28"
"5,54 : 460.21"
"5,55 : 696.56"
"5,56 : 591.65"
"5,57 : 706.13"
"5,58 : 283.39"
"5,59 : 554.48"
"5,60 : 305.76"
"5,61 : 697.95"
"5,62 : 153.39"
"5,63 : 775.76"
"5,64 : 647.9"
"5,65 : 709.83"
"5,66 : 530.35"
"5,67 : 611.97"
"5,68 : 218.81"
"5,69 : 726.71"
"5,70 : 235.87"
"5,71 : 550.34"
"5,72 : 97.62"
"5,73 : 684.5"
"5,74 : 495.66"
"5,75 : 224.5"
"5,76 : 814.55"
"5,77 : 68.45"
"5,78 : 778.01"
"5,79 : 340.09"
"5,80 : 207.33"
"5,81 : 680.36"
"5,82 : 629.06"
"5,83 : 445.28"
"5,84 : 963.35"
"5,85 : 841.2"
"5,86 : 577.52"
"5,87 : 446.34"
"5,88 : 266.32"
"5,89 : 728.7"
"5,90 : 424.3"
"5,91 : 601.5"
"5,92 : 106.61"
"5,93 : 646.37"
"5,94 : 634.88"
"5,95 : 568.59"
"5,96 : 708.57"
"5,97 : 210.3"
"5,98 : 614.49"
"5,99 : 354.47"
"6,0 : 311.45"
"6,1 : 233.93"
"6,2 : 24.04"
"6,3 : 480.68"
"6,4 : 360.17"
"6,5 : 589.97"
"6,6 : 0.0"
"6,7 : 251.91"
"6,8 : 873.93"
"6,9 : 847.72"
"6,10 : 143.81"
"6,11 : 148.97"
"6,12 : 300.37"
"6,13 : 929.96"
"6,14 : 499.98"
"6,15 : 690.77"
"6,16 : 351.16"
"6,17 : 590.44"
"6,18 : 524.17"
"6,19 : 512.43"
"6,20 : 400.84"
"6,21 : 493.96"
"6,22 : 352.87"
"6,23 : 859.82"
"6,24 : 572.52"
"6,25 : 791.96"
"6,26 : 751.34"
"6,27 : 199.16"
"6,28 : 447.85"
"6,29 : 556.14"
"6,30 : 777.74"
"6,31 : 164.84"
"6,32 : 331.54"
"6,33 : 264.75"
"6,34 : 664.08"
"6,35 : 271.06"
"6,36 : 391.7"
"6,37 : 437.97"
"6,38 : 316.48"
"6,39 : 822.98"
"6,40 : 534.57"
"6,41 : 164.94"
"6,42 : 314.31"
"6,43 : 686.02"
"6,44 : 323.02"
"6,45 : 162.53"
"6,46 : 834.96"
"6,47 : 217.04"
"6,48 : 352.57"
"6,49 : 288.38"
"6,50 : 122.33"
"6,51 : 237.51"
"6,52 : 443.1"
"6,53 : 667.36"
"6,54 : 789.76"
"6,55 : 200.21"
"6,56 : 239.41"
"6,57 : 513.39"
"6,58 : 336.04"
"6,59 : 511.78"
"6,60 : 330.31"
"6,61 : 122.19"
"6,62 : 730.29"
"6,63 : 457.98"
"6,64 : 525.09"
"6,65 : 122.38"
"6,66 : 212.53"
"6,67 : 499.61"
"6,68 : 807.93"
"6,69 : 482.67"
"6,70 : 493.41"
"6,71 : 39.81"
"6,72 : 492.37"
"6,73 : 181.11"
"6,74 : 381.47"
"6,75 : 740.34"
"6,76 : 520.11"
"6,77 : 571.64"
"6,78 : 203.58"
"6,79 : 336.88"
"6,80 : 762.06"
"6,81 : 599.89"
"6,82 : 305.04"
"6,83 : 159.14"
"6,84 : 452.57"
"6,85 : 294.72"
"6,86 : 457.46"
"6,87 : 199.46"
"6,88 : 439.37"
"6,89 : 138.76"
"6,90 : 212.04"
"6,91 : 812.63"
"6,92 : 666.68"
"6,93 : 398.22"
"6,94 : 270.97"
"6,95 : 407.21"
"6,96 : 207.41"
"6,97 : 423.9"
"6,98 : 817.79"
"6,99 : 778.97"
"7,0 : 426.38"
"7,1 : 466.28"
"7,2 : 274.05"
"7,3 : 586.35"
"7,4 : 113.65"
"7,5 : 728.03"
"7,6 : 251.91"
"7,7 : 0.0"
"7,8 : 781.42"
"7,9 : 757.24"
"7,10 : 383.94"
"7,11 : 260.73"
"7,12 : 52.5"
"7,13 : 1066.41"
"7,14 : 560.53"
"7,15 : 784.7"
"7,16 : 376.43"
"7,17 : 807.65"
"7,18 : 670.17"
"7,19 : 719.21"
"7,20 : 150.08"
"7,21 : 708.05"
"7,22 : 197.7"
"7,23 : 1010.37"
"7,24 : 526.92"
"7,25 : 856.36"
"7,26 : 893.15"
"7,27 : 412.06"
"7,28 : 349.24"
"7,29 : 347.17"
"7,30 : 901.1"
"7,31 : 155.62"
"7,32 : 79.63"
"7,33 : 396.07"
"7,34 : 845.51"
"7,35 : 303.32"
"7,36 : 520.1"
"7,37 : 390.97"
"7,38 : 105.48"
"7,39 : 949.76"
"7,40 : 783.88"
"7,41 : 392.08"
"7,42 : 66.22"
"7,43 : 531.37"
"7,44 : 172.45"
"7,45 : 165.52"
"7,46 : 775.66"
"7,47 : 429.33"
"7,48 : 569.64"
"7,49 : 383.92"
"7,50 : 172.03"
"7,51 : 488.14"
"7,52 : 687.68"
"7,53 : 826.0"
"7,54 : 778.07"
"7,55 : 51.79"
"7,56 : 488.54"
"7,57 : 761.13"
"7,58 : 533.5"
"7,59 : 415.0"
"7,60 : 537.92"
"7,61 : 168.96"
"7,62 : 880.14"
"7,63 : 234.1"
"7,64 : 380.55"
"7,65 : 204.83"
"7,66 : 464.28"
"7,67 : 370.67"
"7,68 : 942.77"
"7,69 : 288.76"
"7,70 : 698.04"
"7,71 : 267.05"
"7,72 : 636.92"
"7,73 : 70.86"
"7,74 : 631.11"
"7,75 : 917.14"
"7,76 : 294.37"
"7,77 : 688.75"
"7,78 : 163.86"
"7,79 : 559.05"
"7,80 : 857.02"
"7,81 : 452.77"
"7,82 : 156.26"
"7,83 : 303.4"
"7,84 : 235.8"
"7,85 : 139.26"
"7,86 : 344.21"
"7,87 : 436.43"
"7,88 : 649.67"
"7,89 : 231.37"
"7,90 : 305.41"
"7,91 : 746.1"
"7,92 : 777.56"
"7,93 : 646.41"
"7,94 : 122.58"
"7,95 : 659.12"
"7,96 : 46.62"
"7,97 : 524.74"
"7,98 : 747.0"
"7,99 : 810.03"
"8,0 : 653.93"
"8,1 : 892.07"
"8,2 : 876.55"
"8,3 : 602.29"
"8,4 : 723.2"
"8,5 : 700.49"
"8,6 : 873.93"
"8,7 : 781.42"
"8,8 : 0.0"
"8,9 : 26.42"
"8,10 : 999.52"
"8,11 : 731.75"
"8,12 : 793.69"
"8,13 : 847.64"
"8,14 : 504.14"
"8,15 : 585.44"
"8,16 : 541.66"
"8,17 : 996.11"
"8,18 : 709.84"
"8,19 : 910.31"
"8,20 : 784.86"
"8,21 : 931.3"
"8,22 : 963.13"
"8,23 : 862.96"
"8,24 : 311.19"
"8,25 : 515.33"
"8,26 : 772.0"
"8,27 : 1069.44"
"8,28 : 438.63"
"8,29 : 523.44"
"8,30 : 716.0"
"8,31 : 910.05"
"8,32 : 767.01"
"8,33 : 690.61"
"8,34 : 882.12"
"8,35 : 609.12"
"8,36 : 659.57"
"8,37 : 436.4"
"8,38 : 680.42"
"8,39 : 750.04"
"8,40 : 1282.01"
"8,41 : 1030.55"
"8,42 : 794.23"
"8,43 : 299.04"
"8,44 : 944.85"
"8,45 : 918.38"
"8,46 : 115.02"
"8,47 : 832.4"
"8,48 : 882.51"
"8,49 : 639.83"
"8,50 : 762.76"
"8,51 : 1036.57"
"8,52 : 1059.62"
"8,53 : 796.94"
"8,54 : 267.82"
"8,55 : 797.34"
"8,56 : 1048.45"
"8,57 : 1276.79"
"8,58 : 817.42"
"8,59 : 371.17"
"8,60 : 845.03"
"8,61 : 895.97"
"8,62 : 792.3"
"8,63 : 613.11"
"8,64 : 407.04"
"8,65 : 930.92"
"8,66 : 987.09"
"8,67 : 411.17"
"8,68 : 773.01"
"8,69 : 528.19"
"8,70 : 893.38"
"8,71 : 847.63"
"8,72 : 700.32"
"8,73 : 802.72"
"8,74 : 1064.1"
"8,75 : 903.15"
"8,76 : 592.13"
"8,77 : 634.15"
"8,78 : 934.33"
"8,79 : 894.55"
"8,80 : 609.45"
"8,81 : 346.07"
"8,82 : 627.78"
"8,83 : 743.43"
"8,84 : 924.1"
"8,85 : 915.84"
"8,86 : 438.78"
"8,87 : 895.35"
"8,88 : 891.91"
"8,89 : 961.81"
"8,90 : 680.78"
"8,91 : 99.93"
"8,92 : 633.73"
"8,93 : 1178.4"
"8,94 : 665.82"
"8,95 : 1131.83"
"8,96 : 804.92"
"8,97 : 600.59"
"8,98 : 86.38"
"8,99 : 402.27"
"9,0 : 627.9"
"9,1 : 865.92"
"9,2 : 850.25"
"9,3 : 578.38"
"9,4 : 700.64"
"9,5 : 679.06"
"9,6 : 847.72"
"9,7 : 757.24"
"9,8 : 26.42"
"9,9 : 0.0"
"9,10 : 973.14"
"9,11 : 705.39"
"9,12 : 770.26"
"9,13 : 834.06"
"9,14 : 479.8"
"9,15 : 567.06"
"9,16 : 515.26"
"9,17 : 973.09"
"9,18 : 687.03"
"9,19 : 886.69"
"9,20 : 763.2"
"9,21 : 907.32"
"9,22 : 940.0"
"9,23 : 847.04"
"9,24 : 284.86"
"9,25 : 501.2"
"9,26 : 754.17"
"9,27 : 1043.12"
"9,28 : 413.42"
"9,29 : 504.87"
"9,30 : 699.48"
"9,31 : 884.88"
"9,32 : 744.05"
"9,33 : 664.4"
"9,34 : 861.27"
"9,35 : 582.73"
"9,36 : 634.48"
"9,37 : 410.1"
"9,38 : 656.73"
"9,39 : 734.54"
"9,40 : 1256.15"
"9,41 : 1004.2"
"9,42 : 771.02"
"9,43 : 282.79"
"9,44 : 921.4"
"9,45 : 893.16"
"9,46 : 104.14"
"9,47 : 806.2"
"9,48 : 857.15"
"9,49 : 613.56"
"9,50 : 736.81"
"9,51 : 1010.2"
"9,52 : 1034.39"
"9,53 : 776.8"
"9,54 : 254.01"
"9,55 : 772.53"
"9,56 : 1022.06"
"9,57 : 1250.8"
"9,58 : 791.99"
"9,59 : 345.95"
"9,60 : 819.54"
"9,61 : 870.46"
"9,62 : 773.72"
"9,63 : 592.19"
"9,64 : 384.47"
"9,65 : 905.3"
"9,66 : 960.74"
"9,67 : 387.42"
"9,68 : 756.77"
"9,69 : 507.0"
"9,70 : 869.57"
"9,71 : 821.32"
"9,72 : 676.93"
"9,73 : 777.7"
"9,74 : 1038.34"
"9,75 : 883.73"
"9,76 : 572.92"
"9,77 : 612.35"
"9,78 : 909.46"
"9,79 : 869.04"
"9,80 : 593.38"
"9,81 : 325.39"
"9,82 : 603.2"
"9,83 : 717.01"
"9,84 : 902.88"
"9,85 : 892.14"
"9,86 : 414.08"
"9,87 : 869.07"
"9,88 : 867.42"
"9,89 : 936.17"
"9,90 : 654.36"
"9,91 : 82.39"
"9,92 : 614.45"
"9,93 : 1152.21"
"9,94 : 641.08"
"9,95 : 1105.93"
"9,96 : 780.23"
"9,97 : 575.63"
"9,98 : 68.36"
"9,99 : 388.1"
"10,0 : 387.68"
"10,1 : 208.86"
"10,2 : 130.82"
"10,3 : 541.41"
"10,4 : 496.04"
"10,5 : 620.89"
"10,6 : 143.81"
"10,7 : 383.94"
"10,8 : 999.52"
"10,9 : 973.14"
"10,10 : 0.0"
"10,11 : 268.29"
"10,12 : 427.85"
"10,13 : 947.63"
"10,14 : 583.41"
"10,15 : 744.93"
"10,16 : 462.66"
"10,17 : 546.25"
"10,18 : 553.91"
"10,19 : 486.01"
"10,20 : 527.8"
"10,21 : 459.83"
"10,22 : 438.62"
"10,23 : 869.13"
"10,24 : 691.99"
"10,25 : 858.46"
"10,26 : 771.17"
"10,27 : 79.06"
"10,28 : 583.81"
"10,29 : 699.76"
"10,30 : 809.54"
"10,31 : 259.02"
"10,32 : 462.49"
"10,33 : 340.13"
"10,34 : 655.1"
"10,35 : 390.42"
"10,36 : 447.45"
"10,37 : 563.85"
"10,38 : 458.06"
"10,39 : 850.78"
"10,40 : 401.51"
"10,41 : 37.34"
"10,42 : 441.25"
"10,43 : 826.25"
"10,44 : 412.17"
"10,45 : 252.03"
"10,46 : 951.54"
"10,47 : 231.25"
"10,48 : 329.22"
"10,49 : 379.32"
"10,50 : 265.42"
"10,51 : 115.12"
"10,52 : 359.58"
"10,53 : 678.02"
"10,54 : 890.79"
"10,55 : 332.68"
"10,56 : 110.16"
"10,57 : 377.64"
"10,58 : 340.39"
"10,59 : 645.48"
"10,60 : 323.34"
"10,61 : 224.51"
"10,62 : 744.95"
"10,63 : 600.01"
"10,64 : 665.75"
"10,65 : 200.04"
"10,66 : 118.81"
"10,67 : 638.76"
"10,68 : 830.64"
"10,69 : 626.48"
"10,70 : 471.0"
"10,71 : 156.34"
"10,72 : 525.89"
"10,73 : 314.07"
"10,74 : 284.68"
"10,75 : 732.21"
"10,76 : 662.25"
"10,77 : 618.17"
"10,78 : 287.27"
"10,79 : 308.2"
"10,80 : 812.53"
"10,81 : 739.95"
"10,82 : 448.81"
"10,83 : 258.19"
"10,84 : 555.56"
"10,85 : 391.56"
"10,86 : 595.39"
"10,87 : 175.69"
"10,88 : 414.82"
"10,89 : 191.86"
"10,90 : 320.33"
"10,91 : 931.86"
"10,92 : 711.64"
"10,93 : 263.59"
"10,94 : 414.7"
"10,95 : 290.0"
"10,96 : 337.54"
"10,97 : 493.0"
"10,98 : 938.19"
"10,99 : 862.34"
"11,0 : 181.16"
"11,1 : 232.79"
"11,2 : 146.56"
"11,3 : 351.9"
"11,4 : 338.91"
"11,5 : 479.68"
"11,6 : 148.97"
"11,7 : 260.73"
"11,8 : 731.75"
"11,9 : 705.39"
"11,10 : 268.29"
"11,11 : 0.0"
"11,12 : 312.69"
"11,13 : 821.64"
"11,14 : 357.08"
"11,15 : 560.81"
"11,16 : 202.24"
"11,17 : 550.83"
"11,18 : 417.91"
"11,19 : 460.11"
"11,20 : 401.96"
"11,21 : 451.12"
"11,22 : 426.39"
"11,23 : 759.43"
"11,24 : 426.34"
"11,25 : 653.71"
"11,26 : 644.89"
"11,27 : 338.0"
"11,28 : 319.72"
"11,29 : 475.62"
"11,30 : 661.47"
"11,31 : 262.25"
"11,32 : 329.84"
"11,33 : 141.6"
"11,34 : 585.66"
"11,35 : 123.65"
"11,36 : 271.9"
"11,37 : 295.66"
"11,38 : 272.66"
"11,39 : 708.81"
"11,40 : 609.76"
"11,41 : 298.8"
"11,42 : 325.83"
"11,43 : 567.13"
"11,44 : 396.02"
"11,45 : 265.2"
"11,46 : 688.02"
"11,47 : 182.13"
"11,48 : 316.8"
"11,49 : 148.19"
"11,50 : 93.51"
"11,51 : 324.09"
"11,52 : 458.22"
"11,53 : 571.11"
"11,54 : 640.88"
"11,55 : 221.36"
"11,56 : 332.53"
"11,57 : 594.71"
"11,58 : 274.53"
"11,59 : 378.89"
"11,60 : 281.82"
"11,61 : 225.72"
"11,62 : 628.62"
"11,63 : 398.41"
"11,64 : 409.5"
"11,65 : 246.29"
"11,66 : 281.09"
"11,67 : 379.11"
"11,68 : 697.93"
"11,69 : 397.62"
"11,70 : 438.66"
"11,71 : 117.05"
"11,72 : 384.69"
"11,73 : 207.25"
"11,74 : 418.38"
"11,75 : 658.26"
"11,76 : 456.61"
"11,77 : 449.86"
"11,78 : 301.68"
"11,79 : 309.65"
"11,80 : 633.26"
"11,81 : 481.18"
"11,82 : 227.37"
"11,83 : 43.93"
"11,84 : 494.62"
"11,85 : 362.05"
"11,86 : 334.0"
"11,87 : 213.17"
"11,88 : 392.23"
"11,89 : 271.83"
"11,90 : 65.31"
"11,91 : 666.69"
"11,92 : 543.36"
"11,93 : 482.9"
"11,94 : 208.02"
"11,95 : 465.66"
"11,96 : 233.08"
"11,97 : 291.59"
"11,98 : 672.4"
"11,99 : 633.73"
"12,0 : 475.6"
"12,1 : 518.19"
"12,2 : 323.1"
"12,3 : 632.95"
"12,4 : 86.02"
"12,5 : 776.56"
"12,6 : 300.37"
"12,7 : 52.5"
"12,8 : 793.69"
"12,9 : 770.26"
"12,10 : 427.85"
"12,11 : 312.69"
"12,12 : 0.0"
"12,13 : 1113.64"
"12,14 : 602.6"
"12,15 : 828.53"
"12,16 : 418.21"
"12,17 : 860.14"
"12,18 : 719.6"
"12,19 : 771.6"
"12,20 : 100.6"
"12,21 : 760.54"
"12,22 : 170.85"
"12,23 : 1059.06"
"12,24 : 553.27"
"12,25 : 896.05"
"12,26 : 941.38"
"12,27 : 450.12"
"12,28 : 370.4"
"12,29 : 332.05"
"12,30 : 947.53"
"12,31 : 184.55"
"12,32 : 38.95"
"12,33 : 446.69"
"12,34 : 896.77"
"12,35 : 348.64"
"12,36 : 569.23"
"12,37 : 421.12"
"12,38 : 114.53"
"12,39 : 996.36"
"12,40 : 829.04"
"12,41 : 433.23"
"12,42 : 14.04"
"12,43 : 531.24"
"12,44 : 151.16"
"12,45 : 194.2"
"12,46 : 795.24"
"12,47 : 481.77"
"12,48 : 622.12"
"12,49 : 432.45"
"12,50 : 224.52"
"12,51 : 534.72"
"12,52 : 738.78"
"12,53 : 875.81"
"12,54 : 806.68"
"12,55 : 101.24"
"12,56 : 534.33"
"12,57 : 805.49"
"12,58 : 585.88"
"12,59 : 433.78"
"12,60 : 590.41"
"12,61 : 206.7"
"12,62 : 929.09"
"12,63 : 216.26"
"12,64 : 387.97"
"12,65 : 239.73"
"12,66 : 512.88"
"12,67 : 383.01"
"12,68 : 990.18"
"12,69 : 283.03"
"12,70 : 750.4"
"12,71 : 317.69"
"12,72 : 686.42"
"12,73 : 120.1"
"12,74 : 681.01"
"12,75 : 968.01"
"12,76 : 272.42"
"12,77 : 735.62"
"12,78 : 181.74"
"12,79 : 611.45"
"12,80 : 900.54"
"12,81 : 456.88"
"12,82 : 181.84"
"12,83 : 355.58"
"12,84 : 186.94"
"12,85 : 123.56"
"12,86 : 362.0"
"12,87 : 487.95"
"12,88 : 702.14"
"12,89 : 263.09"
"12,90 : 355.56"
"12,91 : 764.52"
"12,92 : 823.28"
"12,93 : 691.25"
"12,94 : 155.31"
"12,95 : 707.09"
"12,96 : 93.02"
"12,97 : 571.55"
"12,98 : 764.51"
"12,99 : 845.31"
"13,0 : 642.68"
"13,1 : 738.98"
"13,2 : 911.54"
"13,3 : 480.92"
"13,4 : 1105.71"
"13,5 : 342.18"
"13,6 : 929.96"
"13,7 : 1066.41"
"13,8 : 847.64"
"13,9 : 834.06"
"13,10 : 947.63"
"13,11 : 821.64"
"13,12 : 1113.64"
"13,13 : 0.0"
"13,14 : 530.32"
"13,15 : 308.97"
"13,16 : 705.02"
"13,17 : 488.0"
"13,18 : 406.29"
"13,19 : 489.31"
"13,20 : 1181.69"
"13,21 : 523.51"
"13,22 : 1247.18"
"13,23 : 91.27"
"13,24 : 709.62"
"13,25 : 333.02"
"13,26 : 178.63"
"13,27 : 1021.04"
"13,28 : 848.54"
"13,29 : 1089.08"
"13,30 : 169.2"
"13,31 : 1079.86"
"13,32 : 1117.77"
"13,33 : 680.13"
"13,34 : 316.06"
"13,35 : 765.6"
"13,36 : 549.95"
"13,37 : 761.22"
"13,38 : 1030.59"
"13,39 : 120.22"
"13,40 : 932.0"
"13,41 : 983.37"
"13,42 : 1124.59"
"13,43 : 983.52"
"13,44 : 1217.03"
"13,45 : 1081.2"
"13,46 : 732.66"
"13,47 : 723.71"
"13,48 : 623.95"
"13,49 : 683.12"
"13,50 : 914.29"
"13,51 : 885.14"
"13,52 : 700.36"
"13,53 : 270.01"
"13,54 : 580.12"
"13,55 : 1037.0"
"13,56 : 901.25"
"13,57 : 949.51"
"13,58 : 607.77"
"13,59 : 832.75"
"13,60 : 624.44"
"13,61 : 1039.81"
"13,62 : 202.68"
"13,63 : 1090.0"
"13,64 : 931.39"
"13,65 : 1050.76"
"13,66 : 845.76"
"13,67 : 898.88"
"13,68 : 123.84"
"13,69 : 1030.09"
"13,70 : 496.0"
"13,71 : 890.58"
"13,72 : 438.8"
"13,73 : 1025.51"
"13,74 : 767.61"
"13,75 : 252.2"
"13,76 : 1120.86"
"13,77 : 378.11"
"13,78 : 1120.1"
"13,79 : 646.32"
"13,80 : 252.72"
"13,81 : 945.28"
"13,82 : 956.96"
"13,83 : 787.44"
"13,84 : 1300.55"
"13,85 : 1182.66"
"13,86 : 873.03"
"13,87 : 772.08"
"13,88 : 547.52"
"13,89 : 1068.65"
"13,90 : 765.04"
"13,91 : 752.0"
"13,92 : 295.38"
"13,93 : 919.57"
"13,94 : 967.21"
"13,95 : 833.29"
"13,96 : 1049.04"
"13,97 : 542.12"
"13,98 : 766.01"
"13,99 : 446.0"
"14,0 : 195.74"
"14,1 : 421.82"
"14,2 : 490.63"
"14,3 : 100.72"
"14,4 : 582.66"
"14,5 : 237.3"
"14,6 : 499.98"
"14,7 : 560.53"
"14,8 : 504.14"
"14,9 : 479.8"
"14,10 : 583.41"
"14,11 : 357.08"
"14,12 : 602.6"
"14,13 : 530.32"
"14,14 : 0.0"
"14,15 : 228.58"
"14,16 : 184.4"
"14,17 : 498.89"
"14,18 : 219.99"
"14,19 : 408.82"
"14,20 : 659.75"
"14,21 : 427.95"
"14,22 : 753.79"
"14,23 : 495.08"
"14,24 : 228.47"
"14,25 : 299.25"
"14,26 : 376.77"
"14,27 : 661.89"
"14,28 : 321.65"
"14,29 : 564.39"
"14,30 : 361.18"
"14,31 : 613.61"
"14,32 : 600.57"
"14,33 : 243.46"
"14,34 : 416.47"
"14,35 : 260.31"
"14,36 : 161.7"
"14,37 : 233.42"
"14,38 : 508.52"
"14,39 : 410.11"
"14,40 : 791.9"
"14,41 : 619.86"
"14,42 : 611.93"
"14,43 : 502.02"
"14,44 : 725.37"
"14,45 : 617.92"
"14,46 : 418.4"
"14,47 : 369.36"
"14,48 : 385.22"
"14,49 : 211.6"
"14,50 : 436.58"
"14,51 : 583.13"
"14,52 : 559.48"
"14,53 : 350.2"
"14,54 : 318.31"
"14,55 : 541.59"
"14,56 : 597.66"
"14,57 : 790.76"
"14,58 : 322.3"
"14,59 : 317.96"
"14,60 : 350.85"
"14,61 : 580.45"
"14,62 : 378.13"
"14,63 : 559.68"
"14,64 : 413.07"
"14,65 : 603.19"
"14,66 : 532.28"
"14,67 : 377.93"
"14,68 : 412.35"
"14,69 : 501.48"
"14,70 : 390.85"
"14,71 : 462.29"
"14,72 : 202.61"
"14,73 : 534.44"
"14,74 : 573.28"
"14,75 : 461.79"
"14,76 : 591.66"
"14,77 : 171.98"
"14,78 : 651.12"
"14,79 : 400.03"
"14,80 : 299.21"
"14,81 : 443.09"
"14,82 : 433.47"
"14,83 : 341.01"
"14,84 : 786.92"
"14,85 : 690.4"
"14,86 : 346.79"
"14,87 : 436.12"
"14,88 : 387.83"
"14,89 : 628.88"
"14,90 : 291.8"
"14,91 : 411.78"
"14,92 : 235.44"
"14,93 : 703.02"
"14,94 : 449.41"
"14,95 : 644.59"
"14,96 : 553.34"
"14,97 : 102.22"
"14,98 : 422.79"
"14,99 : 280.04"
"15,0 : 381.18"
"15,1 : 550.36"
"15,2 : 676.76"
"15,3 : 210.22"
"15,4 : 811.12"
"15,5 : 158.78"
"15,6 : 690.77"
"15,7 : 784.7"
"15,8 : 585.44"
"15,9 : 567.06"
"15,10 : 744.93"
"15,11 : 560.81"
"15,12 : 828.53"
"15,13 : 308.97"
"15,14 : 228.58"
"15,15 : 0.0"
"15,16 : 411.21"
"15,17 : 462.3"
"15,18 : 211.07"
"15,19 : 402.59"
"15,20 : 888.14"
"15,21 : 434.28"
"15,22 : 974.65"
"15,23 : 291.87"
"15,24 : 402.87"
"15,25 : 130.0"
"15,26 : 187.81"
"15,27 : 823.5"
"15,28 : 540.8"
"15,29 : 780.39"
"15,30 : 144.59"
"15,31 : 822.9"
"15,32 : 828.07"
"15,33 : 426.4"
"15,34 : 311.62"
"15,35 : 481.6"
"15,36 : 300.57"
"15,37 : 454.21"
"15,38 : 736.81"
"15,39 : 190.38"
"15,40 : 855.14"
"15,41 : 782.26"
"15,42 : 838.33"
"15,43 : 680.21"
"15,44 : 945.49"
"15,45 : 826.01"
"15,46 : 475.0"
"15,47 : 514.25"
"15,48 : 465.7"
"15,49 : 413.35"
"15,50 : 648.34"
"15,51 : 714.0"
"15,52 : 607.63"
"15,53 : 220.54"
"15,54 : 326.66"
"15,55 : 761.93"
"15,56 : 730.02"
"15,57 : 862.63"
"15,58 : 421.23"
"15,59 : 523.78"
"15,60 : 446.88"
"15,61 : 786.35"
"15,62 : 206.89"
"15,63 : 785.4"
"15,64 : 622.41"
"15,65 : 804.25"
"15,66 : 666.27"
"15,67 : 590.0"
"15,68 : 201.72"
"15,69 : 722.71"
"15,70 : 394.61"
"15,71 : 651.17"
"15,72 : 228.97"
"15,73 : 753.05"
"15,74 : 649.56"
"15,75 : 319.74"
"15,76 : 813.76"
"15,77 : 129.02"
"15,78 : 861.96"
"15,79 : 486.84"
"15,80 : 72.72"
"15,81 : 637.73"
"15,82 : 661.88"
"15,83 : 534.85"
"15,84 : 1013.91"
"15,85 : 910.54"
"15,86 : 565.0"
"15,87 : 575.92"
"15,88 : 422.81"
"15,89 : 826.91"
"15,90 : 497.94"
"15,91 : 485.63"
"15,92 : 55.9"
"15,93 : 798.1"
"15,94 : 676.71"
"15,95 : 723.0"
"15,96 : 773.88"
"15,97 : 269.27"
"15,98 : 499.42"
"15,99 : 205.41"
"16,0 : 135.42"
"16,1 : 357.17"
"16,2 : 348.11"
"16,3 : 228.59"
"16,4 : 401.22"
"16,5 : 382.11"
"16,6 : 351.16"
"16,7 : 376.43"
"16,8 : 541.66"
"16,9 : 515.26"
"16,10 : 462.66"
"16,11 : 202.24"
"16,12 : 418.21"
"16,13 : 705.02"
"16,14 : 184.4"
"16,15 : 411.21"
"16,16 : 0.0"
"16,17 : 566.29"
"16,18 : 338.21"
"16,19 : 469.0"
"16,20 : 477.8"
"16,21 : 475.22"
"16,22 : 570.88"
"16,23 : 659.94"
"16,24 : 230.97"
"16,25 : 480.53"
"16,26 : 540.39"
"16,27 : 536.42"
"16,28 : 192.68"
"16,29 : 422.51"
"16,30 : 536.46"
"16,31 : 440.59"
"16,32 : 416.86"
"16,33 : 157.0"
"16,34 : 537.02"
"16,35 : 83.6"
"16,36 : 199.42"
"16,37 : 123.66"
"16,38 : 326.38"
"16,39 : 585.65"
"16,40 : 752.59"
"16,41 : 495.85"
"16,42 : 427.6"
"16,43 : 430.44"
"16,44 : 542.93"
"16,45 : 445.97"
"16,46 : 488.88"
"16,47 : 296.3"
"16,48 : 378.55"
"16,49 : 104.4"
"16,50 : 265.04"
"16,51 : 495.07"
"16,52 : 552.86"
"16,53 : 491.95"
"16,54 : 439.41"
"16,55 : 359.69"
"16,56 : 506.81"
"16,57 : 743.9"
"16,58 : 314.94"
"16,59 : 226.32"
"16,60 : 337.76"
"16,61 : 411.4"
"16,62 : 534.44"
"16,63 : 393.86"
"16,64 : 296.77"
"16,65 : 438.56"
"16,66 : 445.93"
"16,67 : 259.86"
"16,68 : 583.46"
"16,69 : 350.09"
"16,70 : 447.39"
"16,71 : 318.5"
"16,72 : 308.26"
"16,73 : 353.94"
"16,74 : 539.84"
"16,75 : 597.22"
"16,76 : 435.03"
"16,77 : 329.66"
"16,78 : 476.16"
"16,79 : 383.82"
"16,80 : 482.78"
"16,81 : 352.01"
"16,82 : 252.11"
"16,83 : 204.47"
"16,84 : 602.85"
"16,85 : 508.04"
"16,86 : 216.69"
"16,87 : 356.09"
"16,88 : 420.81"
"16,89 : 466.72"
"16,90 : 142.64"
"16,91 : 469.6"
"16,92 : 410.49"
"16,93 : 640.63"
"16,94 : 265.51"
"16,95 : 602.16"
"16,96 : 371.25"
"16,97 : 172.75"
"16,98 : 476.37"
"16,99 : 443.18"
"17,0 : 436.22"
"17,1 : 357.24"
"17,2 : 566.96"
"17,3 : 398.18"
"17,4 : 889.25"
"17,5 : 309.03"
"17,6 : 590.44"
"17,7 : 807.65"
"17,8 : 996.11"
"17,9 : 973.09"
"17,10 : 546.25"
"17,11 : 550.83"
"17,12 : 860.14"
"17,13 : 488.0"
"17,14 : 498.89"
"17,15 : 462.3"
"17,16 : 566.29"
"17,17 : 0.0"
"17,18 : 286.5"
"17,19 : 97.33"
"17,20 : 952.46"
"17,21 : 99.72"
"17,22 : 943.0"
"17,23 : 397.03"
"17,24 : 724.43"
"17,25 : 588.63"
"17,26 : 352.2"
"17,27 : 604.82"
"17,28 : 758.72"
"17,29 : 983.11"
"17,30 : 421.37"
"17,31 : 755.28"
"17,32 : 880.08"
"17,33 : 439.32"
"17,34 : 178.1"
"17,35 : 573.42"
"17,36 : 371.45"
"17,37 : 681.2"
"17,38 : 820.36"
"17,39 : 438.75"
"17,40 : 444.03"
"17,41 : 575.59"
"17,42 : 873.74"
"17,43 : 983.97"
"17,44 : 912.91"
"17,45 : 752.65"
"17,46 : 898.95"
"17,47 : 380.15"
"17,48 : 239.52"
"17,49 : 479.0"
"17,50 : 635.62"
"17,51 : 452.62"
"17,52 : 222.85"
"17,53 : 259.73"
"17,54 : 767.28"
"17,55 : 762.53"
"17,56 : 466.96"
"17,57 : 462.18"
"17,58 : 276.93"
"17,59 : 783.31"
"17,60 : 269.76"
"17,61 : 712.63"
"17,62 : 316.2"
"17,63 : 932.07"
"17,64 : 862.57"
"17,65 : 708.08"
"17,66 : 428.51"
"17,67 : 825.5"
"17,68 : 406.21"
"17,69 : 907.01"
"17,70 : 119.15"
"17,71 : 558.57"
"17,72 : 296.97"
"17,73 : 745.46"
"17,74 : 300.08"
"17,75 : 236.14"
"17,76 : 983.6"
"17,77 : 367.85"
"17,78 : 793.6"
"17,79 : 253.65"
"17,80 : 492.43"
"17,81 : 912.53"
"17,82 : 763.58"
"17,83 : 506.95"
"17,84 : 1034.23"
"17,85 : 883.25"
"17,86 : 782.96"
"17,87 : 392.84"
"17,88 : 158.62"
"17,89 : 714.8"
"17,90 : 525.38"
"17,91 : 899.23"
"17,92 : 406.62"
"17,93 : 443.98"
"17,94 : 753.38"
"17,95 : 356.07"
"17,96 : 773.18"
"17,97 : 418.86"
"17,98 : 911.54"
"17,99 : 663.19"
"18,0 : 244.02"
"18,1 : 350.27"
"18,2 : 506.32"
"18,3 : 122.41"
"18,4 : 723.0"
"18,5 : 67.07"
"18,6 : 524.17"
"18,7 : 670.17"
"18,8 : 709.84"
"18,9 : 687.03"
"18,10 : 553.91"
"18,11 : 417.91"
"18,12 : 719.6"
"18,13 : 406.29"
"18,14 : 219.99"
"18,15 : 211.07"
"18,16 : 338.21"
"18,17 : 286.5"
"18,18 : 0.0"
"18,19 : 206.55"
"18,20 : 796.17"
"18,21 : 233.82"
"18,22 : 844.3"
"18,23 : 341.55"
"18,24 : 448.47"
"18,25 : 339.84"
"18,26 : 228.04"
"18,27 : 630.7"
"18,28 : 518.09"
"18,29 : 757.62"
"18,30 : 256.26"
"18,31 : 673.89"
"18,32 : 728.32"
"18,33 : 276.52"
"18,34 : 201.64"
"18,35 : 379.42"
"18,36 : 150.6"
"18,37 : 432.42"
"18,38 : 648.24"
"18,39 : 299.63"
"18,40 : 645.88"
"18,41 : 590.8"
"18,42 : 731.47"
"18,43 : 719.8"
"18,44 : 813.92"
"18,45 : 675.07"
"18,46 : 612.65"
"18,47 : 323.98"
"18,48 : 255.78"
"18,49 : 287.89"
"18,50 : 511.25"
"18,51 : 510.26"
"18,52 : 399.05"
"18,53 : 156.92"
"18,54 : 484.37"
"18,55 : 636.79"
"18,56 : 526.48"
"18,57 : 652.38"
"18,58 : 217.37"
"18,59 : 528.0"
"18,60 : 240.67"
"18,61 : 633.62"
"18,62 : 210.76"
"18,63 : 731.26"
"18,64 : 617.57"
"18,65 : 644.58"
"18,66 : 464.57"
"18,67 : 580.9"
"18,68 : 283.78"
"18,69 : 687.36"
"18,70 : 193.66"
"18,71 : 484.65"
"18,72 : 33.3"
"18,73 : 624.08"
"18,74 : 438.51"
"18,75 : 259.02"
"18,76 : 773.2"
"18,77 : 88.68"
"18,78 : 714.18"
"18,79 : 277.41"
"18,80 : 268.12"
"18,81 : 656.3"
"18,82 : 578.7"
"18,83 : 382.03"
"18,84 : 905.91"
"18,85 : 779.94"
"18,86 : 543.53"
"18,87 : 379.57"
"18,88 : 213.64"
"18,89 : 662.92"
"18,90 : 365.03"
"18,91 : 612.74"
"18,92 : 165.19"
"18,93 : 587.24"
"18,94 : 581.76"
"18,95 : 512.0"
"18,96 : 648.75"
"18,97 : 166.17"
"18,98 : 625.08"
"18,99 : 391.46"
"19,0 : 339.05"
"19,1 : 284.43"
"19,2 : 489.65"
"19,3 : 308.7"
"19,4 : 797.16"
"19,5 : 243.99"
"19,6 : 512.43"
"19,7 : 719.21"
"19,8 : 910.31"
"19,9 : 886.69"
"19,10 : 486.01"
"19,11 : 460.11"
"19,12 : 771.6"
"19,13 : 489.31"
"19,14 : 408.82"
"19,15 : 402.59"
"19,16 : 469.0"
"19,17 : 97.33"
"19,18 : 206.55"
"19,19 : 0.0"
"19,20 : 862.05"
"19,21 : 35.01"
"19,22 : 862.67"
"19,23 : 402.15"
"19,24 : 631.75"
"19,25 : 532.18"
"19,26 : 330.01"
"19,27 : 551.65"
"19,28 : 661.48"
"19,29 : 886.03"
"19,30 : 390.84"
"19,31 : 676.74"
"19,32 : 789.95"
"19,33 : 343.58"
"19,34 : 176.17"
"19,35 : 476.94"
"19,36 : 275.04"
"19,37 : 584.43"
"19,38 : 727.2"
"19,39 : 418.08"
"19,40 : 461.27"
"19,41 : 518.41"
"19,42 : 785.02"
"19,43 : 888.11"
"19,44 : 832.29"
"19,45 : 674.89"
"19,46 : 816.63"
"19,47 : 297.04"
"19,48 : 160.96"
"19,49 : 382.11"
"19,50 : 547.46"
"19,51 : 405.29"
"19,52 : 216.67"
"19,53 : 230.11"
"19,54 : 690.86"
"19,55 : 675.61"
"19,56 : 420.86"
"19,57 : 473.35"
"19,58 : 185.74"
"19,59 : 686.8"
"19,60 : 183.58"
"19,61 : 634.03"
"19,62 : 296.17"
"19,63 : 836.41"
"19,64 : 765.38"
"19,65 : 632.82"
"19,66 : 372.76"
"19,67 : 728.32"
"19,68 : 389.16"
"19,69 : 810.09"
"19,70 : 22.09"
"19,71 : 478.21"
"19,72 : 210.41"
"19,73 : 659.11"
"19,74 : 278.6"
"19,75 : 251.02"
"19,76 : 887.31"
"19,77 : 293.47"
"19,78 : 715.94"
"19,79 : 179.61"
"19,80 : 444.1"
"19,81 : 815.91"
"19,82 : 668.78"
"19,83 : 416.52"
"19,84 : 948.78"
"19,85 : 801.52"
"19,86 : 685.68"
"19,87 : 320.54"
"19,88 : 73.25"
"19,89 : 642.37"
"19,90 : 431.07"
"19,91 : 814.85"
"19,92 : 348.89"
"19,93 : 431.25"
"19,94 : 659.9"
"19,95 : 346.32"
"19,96 : 686.59"
"19,97 : 324.32"
"19,98 : 826.76"
"19,99 : 595.45"
"20,0 : 553.2"
"20,1 : 615.59"
"20,2 : 423.43"
"20,3 : 701.47"
"20,4 : 77.34"
"20,5 : 849.9"
"20,6 : 400.84"
"20,7 : 150.08"
"20,8 : 784.86"
"20,9 : 763.2"
"20,10 : 527.8"
"20,11 : 401.96"
"20,12 : 100.6"
"20,13 : 1181.69"
"20,14 : 659.75"
"20,15 : 888.14"
"20,16 : 477.8"
"20,17 : 952.46"
"20,18 : 796.17"
"20,19 : 862.05"
"20,20 : 0.0"
"20,21 : 852.73"
"20,22 : 199.12"
"20,23 : 1131.9"
"20,24 : 576.76"
"20,25 : 944.77"
"20,26 : 1013.06"
"20,27 : 547.05"
"20,28 : 389.72"
"20,29 : 284.02"
"20,30 : 1013.72"
"20,31 : 278.77"
"20,32 : 72.57"
"20,33 : 529.16"
"20,34 : 979.85"
"20,35 : 418.06"
"20,36 : 645.7"
"20,37 : 456.04"
"20,38 : 151.43"
"20,39 : 1062.87"
"20,40 : 929.2"
"20,41 : 532.0"
"20,42 : 86.83"
"20,43 : 503.44"
"20,44 : 194.15"
"20,45 : 287.96"
"20,46 : 800.95"
"20,47 : 576.58"
"20,48 : 716.03"
"20,49 : 508.5"
"20,50 : 318.7"
"20,51 : 635.27"
"20,52 : 837.68"
"20,53 : 953.07"
"20,54 : 831.07"
"20,55 : 201.04"
"20,56 : 634.74"
"20,57 : 905.37"
"20,58 : 676.49"
"20,59 : 445.65"
"20,60 : 682.88"
"20,61 : 305.08"
"20,62 : 1003.23"
"20,63 : 174.41"
"20,64 : 379.93"
"20,65 : 336.28"
"20,66 : 613.37"
"20,67 : 384.69"
"20,68 : 1059.18"
"20,69 : 257.16"
"20,70 : 840.53"
"20,71 : 417.12"
"20,72 : 763.36"
"20,73 : 220.08"
"20,74 : 781.03"
"20,75 : 1049.18"
"20,76 : 215.36"
"20,77 : 804.18"
"20,78 : 268.22"
"20,79 : 706.42"
"20,80 : 958.92"
"20,81 : 439.5"
"20,82 : 226.28"
"20,83 : 445.69"
"20,84 : 141.48"
"20,85 : 181.79"
"20,86 : 375.29"
"20,87 : 586.22"
"20,88 : 793.96"
"20,89 : 357.3"
"20,90 : 437.51"
"20,91 : 768.27"
"20,92 : 888.04"
"20,93 : 791.34"
"20,94 : 215.06"
"20,95 : 807.68"
"20,96 : 193.44"
"20,97 : 641.21"
"20,98 : 766.43"
"20,99 : 884.04"
"21,0 : 342.46"
"21,1 : 262.61"
"21,2 : 470.76"
"21,3 : 329.01"
"21,4 : 789.64"
"21,5 : 275.51"
"21,6 : 493.96"
"21,7 : 708.05"
"21,8 : 931.3"
"21,9 : 907.32"
"21,10 : 459.83"
"21,11 : 451.12"
"21,12 : 760.54"
"21,13 : 523.51"
"21,14 : 427.95"
"21,15 : 434.28"
"21,16 : 475.22"
"21,17 : 99.72"
"21,18 : 233.82"
"21,19 : 35.01"
"21,20 : 852.73"
"21,21 : 0.0"
"21,22 : 845.81"
"21,23 : 435.86"
"21,24 : 647.57"
"21,25 : 564.13"
"21,26 : 365.01"
"21,27 : 523.47"
"21,28 : 667.87"
"21,29 : 887.99"
"21,30 : 425.71"
"21,31 : 658.74"
"21,32 : 780.36"
"21,33 : 342.07"
"21,34 : 209.2"
"21,35 : 477.03"
"21,36 : 286.4"
"21,37 : 593.28"
"21,38 : 721.0"
"21,39 : 453.09"
"21,40 : 426.81"
"21,41 : 491.33"
"21,42 : 774.13"
"21,43 : 898.88"
"21,44 : 815.59"
"21,45 : 656.46"
"21,46 : 839.74"
"21,47 : 281.4"
"21,48 : 141.52"
"21,49 : 383.88"
"21,50 : 536.03"
"21,51 : 375.25"
"21,52 : 181.71"
"21,53 : 265.12"
"21,54 : 716.89"
"21,55 : 663.18"
"21,56 : 390.59"
"21,57 : 438.55"
"21,58 : 177.55"
"21,59 : 696.3"
"21,60 : 170.14"
"21,61 : 616.03"
"21,62 : 331.12"
"21,63 : 834.16"
"21,64 : 771.99"
"21,65 : 613.04"
"21,66 : 344.8"
"21,67 : 735.07"
"21,68 : 424.12"
"21,69 : 811.33"
"21,70 : 40.22"
"21,71 : 461.07"
"21,72 : 234.08"
"21,73 : 646.22"
"21,74 : 244.14"
"21,75 : 282.82"
"21,76 : 886.47"
"21,77 : 321.89"
"21,78 : 697.48"
"21,79 : 157.63"
"21,80 : 477.5"
"21,81 : 824.88"
"21,82 : 665.02"
"21,83 : 407.24"
"21,84 : 935.3"
"21,85 : 785.48"
"21,86 : 691.63"
"21,87 : 298.64"
"21,88 : 59.03"
"21,89 : 621.24"
"21,90 : 426.71"
"21,91 : 836.81"
"21,92 : 381.18"
"21,93 : 396.56"
"21,94 : 654.15"
"21,95 : 311.41"
"21,96 : 673.9"
"21,97 : 339.01"
"21,98 : 848.47"
"21,99 : 624.63"
"22,0 : 604.6"
"22,1 : 586.79"
"22,2 : 376.62"
"22,3 : 771.29"
"22,4 : 242.26"
"22,5 : 905.68"
"22,6 : 352.87"
"22,7 : 197.7"
"22,8 : 963.13"
"22,9 : 940.0"
"22,10 : 438.62"
"22,11 : 426.39"
"22,12 : 170.85"
"22,13 : 1247.18"
"22,14 : 753.79"
"22,15 : 974.65"
"22,16 : 570.88"
"22,17 : 943.0"
"22,18 : 844.3"
"22,19 : 862.67"
"22,20 : 199.12"
"22,21 : 845.81"
"22,22 : 0.0"
"22,23 : 1185.82"
"22,24 : 722.49"
"22,25 : 1051.42"
"22,26 : 1071.05"
"22,27 : 430.09"
"22,28 : 540.95"
"22,29 : 480.99"
"22,30 : 1084.88"
"22,31 : 188.69"
"22,32 : 196.37"
"22,33 : 567.88"
"22,34 : 1005.72"
"22,35 : 493.96"
"22,36 : 697.29"
"22,37 : 588.04"
"22,38 : 285.38"
"22,39 : 1132.88"
"22,40 : 828.0"
"22,41 : 429.27"
"22,42 : 169.03"
"22,43 : 693.64"
"22,44 : 30.61"
"22,45 : 192.66"
"22,46 : 966.09"
"22,47 : 565.63"
"22,48 : 704.29"
"22,49 : 565.51"
"22,50 : 333.14"
"22,51 : 553.7"
"22,52 : 788.52"
"22,53 : 996.92"
"22,54 : 974.87"
"22,55 : 212.73"
"22,56 : 548.29"
"22,57 : 800.23"
"22,58 : 681.23"
"22,59 : 604.61"
"22,60 : 679.25"
"22,61 : 230.9"
"22,62 : 1055.0"
"22,63 : 367.49"
"22,64 : 556.44"
"22,65 : 242.17"
"22,66 : 547.21"
"22,67 : 553.2"
"22,68 : 1123.36"
"22,69 : 444.21"
"22,70 : 842.91"
"22,71 : 384.76"
"22,72 : 811.08"
"22,73 : 222.25"
"22,74 : 719.36"
"22,75 : 1080.26"
"22,76 : 413.76"
"22,77 : 872.26"
"22,78 : 153.16"
"22,79 : 689.35"
"22,80 : 1047.29"
"22,81 : 623.09"
"22,82 : 350.34"
"22,83 : 463.67"
"22,84 : 130.03"
"22,85 : 64.54"
"22,86 : 532.85"
"22,87 : 552.11"
"22,88 : 790.1"
"22,89 : 246.79"
"22,90 : 482.35"
"22,91 : 935.34"
"22,92 : 963.65"
"22,93 : 692.32"
"22,94 : 319.53"
"22,95 : 728.46"
"22,96 : 200.81"
"22,97 : 709.64"
"22,98 : 935.26"
"22,99 : 1007.47"
"23,0 : 584.1"
"23,1 : 660.29"
"23,2 : 840.44"
"23,3 : 431.74"
"23,4 : 1057.09"
"23,5 : 282.52"
"23,6 : 859.82"
"23,7 : 1010.37"
"23,8 : 862.96"
"23,9 : 847.04"
"23,10 : 869.13"
"23,11 : 759.43"
"23,12 : 1059.06"
"23,13 : 91.27"
"23,14 : 495.08"
"23,15 : 291.87"
"23,16 : 659.94"
"23,17 : 397.03"
"23,18 : 341.55"
"23,19 : 402.15"
"23,20 : 1131.9"
"23,21 : 435.86"
"23,22 : 1185.82"
"23,23 : 0.0"
"23,24 : 693.08"
"23,25 : 350.95"
"23,26 : 119.57"
"23,27 : 941.05"
"23,28 : 816.69"
"23,29 : 1059.28"
"23,30 : 149.0"
"23,31 : 1013.73"
"23,32 : 1065.81"
"23,33 : 618.07"
"23,34 : 227.11"
"23,35 : 713.89"
"23,36 : 490.4"
"23,37 : 728.49"
"23,38 : 981.9"
"23,39 : 113.76"
"23,40 : 841.06"
"23,41 : 904.29"
"23,42 : 1070.57"
"23,43 : 971.61"
"23,44 : 1155.42"
"23,45 : 1014.48"
"23,46 : 749.0"
"23,47 : 649.3"
"23,48 : 542.41"
"23,49 : 626.63"
"23,50 : 852.8"
"23,51 : 802.04"
"23,52 : 610.94"
"23,53 : 192.77"
"23,54 : 595.97"
"23,55 : 978.08"
"23,56 : 818.04"
"23,57 : 858.84"
"23,58 : 531.31"
"23,59 : 807.85"
"23,60 : 545.97"
"23,61 : 972.85"
"23,62 : 130.82"
"23,63 : 1051.07"
"23,64 : 905.37"
"23,65 : 981.61"
"23,66 : 764.25"
"23,67 : 871.28"
"23,68 : 91.0"
"23,69 : 996.27"
"23,70 : 410.19"
"23,71 : 820.93"
"23,72 : 374.81"
"23,73 : 965.56"
"23,74 : 679.58"
"23,75 : 161.03"
"23,76 : 1085.99"
"23,77 : 330.44"
"23,78 : 1054.09"
"23,79 : 564.53"
"23,80 : 253.66"
"23,81 : 926.26"
"23,82 : 909.75"
"23,83 : 723.02"
"23,84 : 1245.81"
"23,85 : 1121.48"
"23,86 : 841.77"
"23,87 : 694.28"
"23,88 : 463.15"
"23,89 : 998.02"
"23,90 : 705.98"
"23,91 : 764.68"
"23,92 : 262.64"
"23,93 : 830.93"
"23,94 : 916.85"
"23,95 : 744.25"
"23,96 : 990.06"
"23,97 : 490.93"
