x,y
400,506
549,638
472,787
467,793
907,789
601,722
546,809
377,970
194,110
728,521
49,131
856,629
221,85
158,453
390,833
379,308
764,763
776,606
731,602
535,979
465,672
595,45
414,439
971,159
200,910
737,338
296,509
536,395
411,677
45,523
953,792
527,236
923,216
30,124
347,682
693,15
787,902
277,309
557,123
591,42
60,985
573,129
354,30
498,132
553,777
528,165
868,32
247,232
379,753
617,510
305,971
508,247
233,649
30,968
796,336
905,177
465,127
879,287
315,196
0,615
305,156
77,357
581,476
183,57
606,201
978,451
104,966
583,646
673,354
132,544
844,275
855,904
633,434
899,257
342,345
691,517
976,416
117,108
143,540
266,313
242,949
947,885
265,997
895,627
623,518
834,603
766,465
900,22
492,950
45,353
783,877
12,755
64,312
258,963
151,646
1,399
717,679
905,827
834,116
306,320

Distanze
"0,0 : 0.0"
"0,1 : 199.06"
"0,2 : 290.08"
"0,3 : 294.72"
"0,4 : 580.64"
"0,5 : 295.05"
"0,6 : 336.34"
"0,7 : 464.57"
"0,8 : 446.38"
"0,9 : 328.34"
"0,10 : 513.64"
"0,11 : 472.3"
"0,12 : 457.47"
"0,13 : 247.74"
"0,14 : 327.15"
"0,15 : 199.11"
"0,16 : 445.58"
"0,17 : 389.07"
"0,18 : 344.64"
"0,19 : 491.89"
"0,20 : 178.27"
"0,21 : 500.55"
"0,22 : 68.45"
"0,23 : 668.17"
"0,24 : 450.79"
"0,25 : 376.55"
"0,26 : 104.04"
"0,27 : 175.55"
"0,28 : 171.35"
"0,29 : 355.41"
"0,30 : 622.58"
"0,31 : 298.38"
"0,32 : 598.02"
"0,33 : 531.81"
"0,34 : 183.81"
"0,35 : 571.78"
"0,36 : 553.7"
"0,37 : 232.25"
"0,38 : 413.93"
"0,39 : 501.77"
"0,40 : 587.4"
"0,41 : 414.8"
"0,42 : 478.22"
"0,43 : 386.63"
"0,44 : 311.21"
"0,45 : 364.23"
"0,46 : 666.11"
"0,47 : 313.82"
"0,48 : 247.89"
"0,49 : 217.04"
"0,50 : 474.61"
"0,51 : 280.62"
"0,52 : 219.86"
"0,53 : 591.9"
"0,54 : 430.95"
"0,55 : 602.72"
"0,56 : 384.53"
"0,57 : 526.69"
"0,58 : 321.44"
"0,59 : 414.59"
"0,60 : 362.66"
"0,61 : 355.71"
"0,62 : 183.47"
"0,63 : 498.69"
"0,64 : 368.05"
"0,65 : 580.61"
"0,66 : 547.01"
"0,67 : 230.41"
"0,68 : 312.46"
"0,69 : 270.68"
"0,70 : 500.5"
"0,71 : 604.51"
"0,72 : 243.87"
"0,73 : 557.68"
"0,74 : 171.13"
"0,75 : 291.21"
"0,76 : 582.99"
"0,77 : 488.36"
"0,78 : 259.24"
"0,79 : 234.96"
"0,80 : 470.33"
"0,81 : 665.47"
"0,82 : 509.22"
"0,83 : 509.57"
"0,84 : 223.32"
"0,85 : 444.71"
"0,86 : 368.29"
"0,87 : 695.89"
"0,88 : 453.43"
"0,89 : 386.57"
"0,90 : 533.23"
"0,91 : 461.03"
"0,92 : 387.98"
"0,93 : 478.55"
"0,94 : 285.66"
"0,95 : 413.1"
"0,96 : 361.13"
"0,97 : 598.39"
"0,98 : 583.49"
"0,99 : 208.4"
"1,0 : 199.06"
"1,1 : 0.0"
"1,2 : 167.72"
"1,3 : 175.35"
"1,4 : 388.54"
"1,5 : 98.79"
"1,6 : 171.03"
"1,7 : 373.91"
"1,8 : 636.25"
"1,9 : 213.85"
"1,10 : 712.07"
"1,11 : 307.13"
"1,12 : 642.96"
"1,13 : 432.56"
"1,14 : 251.61"
"1,15 : 371.21"
"1,16 : 248.7"
"1,17 : 229.24"
"1,18 : 185.53"
"1,19 : 341.29"
"1,20 : 90.62"
"1,21 : 594.78"
"1,22 : 240.47"
"1,23 : 638.38"
"1,24 : 442.48"
"1,25 : 354.04"
"1,26 : 283.99"
"1,27 : 243.35"
"1,28 : 143.41"
"1,29 : 516.95"
"1,30 : 432.36"
"1,31 : 402.6"
"1,32 : 563.88"
"1,33 : 730.45"
"1,34 : 206.74"
"1,35 : 639.43"
"1,36 : 355.44"
"1,37 : 426.88"
"1,38 : 515.06"
"1,39 : 597.48"
"1,40 : 599.61"
"1,41 : 509.57"
"1,42 : 638.51"
"1,43 : 508.56"
"1,44 : 139.06"
"1,45 : 473.47"
"1,46 : 684.83"
"1,47 : 506.0"
"1,48 : 205.24"
"1,49 : 144.94"
"1,50 : 412.83"
"1,51 : 393.14"
"1,52 : 316.19"
"1,53 : 615.03"
"1,54 : 390.14"
"1,55 : 582.46"
"1,56 : 517.86"
"1,57 : 481.77"
"1,58 : 500.12"
"1,59 : 549.48"
"1,60 : 540.24"
"1,61 : 549.31"
"1,62 : 165.13"
"1,63 : 686.67"
"1,64 : 440.7"
"1,65 : 467.99"
"1,66 : 552.82"
"1,67 : 34.93"
"1,68 : 309.89"
"1,69 : 427.46"
"1,70 : 467.75"
"1,71 : 405.45"
"1,72 : 220.62"
"1,73 : 517.36"
"1,74 : 358.75"
"1,75 : 186.56"
"1,76 : 481.26"
"1,77 : 683.76"
"1,78 : 417.66"
"1,79 : 430.95"
"1,80 : 437.0"
"1,81 : 468.42"
"1,82 : 457.75"
"1,83 : 346.17"
"1,84 : 140.98"
"1,85 : 287.14"
"1,86 : 277.52"
"1,87 : 708.98"
"1,88 : 317.16"
"1,89 : 579.0"
"1,90 : 334.48"
"1,91 : 549.6"
"1,92 : 584.38"
"1,93 : 436.24"
"1,94 : 398.08"
"1,95 : 597.85"
"1,96 : 172.93"
"1,97 : 403.06"
"1,98 : 594.73"
"1,99 : 400.22"
"2,0 : 290.08"
"2,1 : 167.72"
"2,2 : 0.0"
"2,3 : 7.81"
"2,4 : 435.0"
"2,5 : 144.45"
"2,6 : 77.2"
"2,7 : 206.19"
"2,8 : 731.86"
"2,9 : 369.18"
"2,10 : 780.55"
"2,11 : 415.23"
"2,12 : 745.52"
"2,13 : 458.42"
"2,14 : 94.02"
"2,15 : 487.94"
"2,16 : 292.98"
"2,17 : 353.8"
"2,18 : 318.29"
"2,19 : 202.07"
"2,20 : 115.21"
"2,21 : 752.13"
"2,22 : 352.8"
"2,23 : 802.11"
"2,24 : 298.52"
"2,25 : 521.37"
"2,26 : 329.03"
"2,27 : 397.19"
"2,28 : 125.78"
"2,29 : 502.02"
"2,30 : 481.03"
"2,31 : 553.74"
"2,32 : 727.63"
"2,33 : 796.83"
"2,34 : 163.25"
"2,35 : 803.01"
"2,36 : 335.34"
"2,37 : 516.25"
"2,38 : 669.42"
"2,39 : 754.44"
"2,40 : 457.11"
"2,41 : 665.71"
"2,42 : 766.14"
"2,43 : 655.52"
"2,44 : 81.61"
"2,45 : 624.52"
"2,46 : 852.55"
"2,47 : 598.87"
"2,48 : 99.02"
"2,49 : 312.66"
"2,50 : 248.49"
"2,51 : 541.2"
"2,52 : 275.98"
"2,53 : 477.62"
"2,54 : 555.32"
"2,55 : 748.06"
"2,56 : 660.04"
"2,57 : 644.71"
"2,58 : 611.5"
"2,59 : 502.36"
"2,60 : 652.73"
"2,61 : 583.89"
"2,62 : 329.55"
"2,63 : 785.12"
"2,64 : 601.13"
"2,65 : 607.4"
"2,66 : 409.22"
"2,67 : 179.45"
"2,68 : 477.38"
"2,69 : 417.91"
"2,70 : 632.87"
"2,71 : 400.47"
"2,72 : 387.98"
"2,73 : 680.61"
"2,74 : 460.72"
"2,75 : 347.65"
"2,76 : 625.83"
"2,77 : 766.2"
"2,78 : 411.4"
"2,79 : 516.83"
"2,80 : 281.33"
"2,81 : 485.0"
"2,82 : 294.87"
"2,83 : 452.25"
"2,84 : 308.48"
"2,85 : 406.08"
"2,86 : 436.03"
"2,87 : 876.59"
"2,88 : 164.22"
"2,89 : 608.84"
"2,90 : 323.76"
"2,91 : 461.11"
"2,92 : 626.17"
"2,93 : 277.08"
"2,94 : 350.6"
"2,95 : 610.23"
"2,96 : 267.75"
"2,97 : 434.84"
"2,98 : 762.42"
"2,99 : 495.63"
"3,0 : 294.72"
"3,1 : 175.35"
"3,2 : 7.81"
"3,3 : 0.0"
"3,4 : 440.02"
"3,5 : 151.65"
"3,6 : 80.6"
"3,7 : 198.57"
"3,8 : 735.54"
"3,9 : 376.97"
"3,10 : 782.92"
"3,11 : 422.16"
"3,12 : 749.52"
"3,13 : 459.44"
"3,14 : 86.77"
"3,15 : 492.92"
"3,16 : 298.51"
"3,17 : 361.18"
"3,18 : 325.85"
"3,19 : 198.04"
"3,20 : 121.02"
"3,21 : 758.87"
"3,22 : 357.95"
"3,23 : 809.92"
"3,24 : 291.51"
"3,25 : 529.08"
"3,26 : 331.51"
"3,27 : 403.94"
"3,28 : 128.81"
"3,29 : 500.98"
"3,30 : 486.0"
"3,31 : 560.22"
"3,32 : 735.44"
"3,33 : 799.08"
"3,34 : 163.47"
"3,35 : 810.16"
"3,36 : 338.05"
"3,37 : 519.96"
"3,38 : 676.02"
"3,39 : 761.17"
"3,40 : 450.01"
"3,41 : 672.41"
"3,42 : 771.32"
"3,43 : 661.73"
"3,44 : 87.48"
"3,45 : 630.96"
"3,46 : 860.19"
"3,47 : 602.6"
"3,48 : 96.66"
"3,49 : 320.3"
"3,50 : 240.68"
"3,51 : 547.54"
"3,52 : 274.76"
"3,53 : 470.74"
"3,54 : 563.11"
"3,55 : 755.84"
"3,56 : 666.0"
"3,57 : 652.52"
"3,58 : 616.05"
"3,59 : 499.77"
"3,60 : 657.28"
"3,61 : 584.98"
"3,62 : 336.88"
"3,63 : 788.89"
"3,64 : 608.1"
"3,65 : 614.89"
"3,66 : 402.12"
"3,67 : 187.26"
"3,68 : 484.93"
"3,69 : 417.4"
"3,70 : 640.67"
"3,71 : 403.57"
"3,72 : 395.52"
"3,73 : 688.42"
"3,74 : 465.11"
"3,75 : 355.46"
"3,76 : 633.41"
"3,77 : 769.24"
"3,78 : 411.08"
"3,79 : 520.39"
"3,80 : 273.79"
"3,81 : 488.74"
"3,82 : 287.09"
"3,83 : 459.06"
"3,84 : 316.17"
"3,85 : 413.27"
"3,86 : 443.83"
"3,87 : 884.27"
"3,88 : 158.98"
"3,89 : 609.66"
"3,90 : 326.97"
"3,91 : 456.58"
"3,92 : 627.51"
"3,93 : 269.41"
"3,94 : 348.52"
"3,95 : 610.24"
"3,96 : 274.77"
"3,97 : 439.32"
"3,98 : 770.08"
"3,99 : 499.65"
"4,0 : 580.64"
"4,1 : 388.54"
"4,2 : 435.0"
"4,3 : 440.02"
"4,4 : 0.0"
"4,5 : 313.25"
"4,6 : 361.55"
"4,7 : 560.05"
"4,8 : 984.59"
"4,9 : 322.28"
"4,10 : 1081.26"
"4,11 : 167.93"
"4,12 : 982.96"
"4,13 : 820.91"
"4,14 : 518.87"
"4,15 : 714.24"
"4,16 : 145.34"
"4,17 : 225.06"
"4,18 : 256.8"
"4,19 : 417.71"
"4,20 : 457.22"
"4,21 : 806.77"
"4,22 : 604.61"
"4,23 : 633.24"
"4,24 : 717.28"
"4,25 : 481.98"
"4,26 : 672.1"
"4,27 : 541.18"
"4,28 : 508.49"
"4,29 : 902.11"
"4,30 : 46.1"
"4,31 : 670.98"
"4,32 : 573.22"
"4,33 : 1100.62"
"4,34 : 570.13"
"4,35 : 803.04"
"4,36 : 164.83"
"4,37 : 792.02"
"4,38 : 752.37"
"4,39 : 811.09"
"4,40 : 869.38"
"4,41 : 739.7"
"4,42 : 939.09"
"4,43 : 773.91"
"4,44 : 354.2"
"4,45 : 730.08"
"4,46 : 758.0"
"4,47 : 863.63"
"4,48 : 529.23"
"4,49 : 402.42"
"4,50 : 628.91"
"4,51 : 673.03"
"4,52 : 688.39"
"4,53 : 895.08"
"4,54 : 466.4"
"4,55 : 612.0"
"4,56 : 795.99"
"4,57 : 502.78"
"4,58 : 837.92"
"4,59 : 923.54"
"4,60 : 873.55"
"4,61 : 935.69"
"4,62 : 451.93"
"4,63 : 1029.56"
"4,64 : 660.56"
"4,65 : 345.38"
"4,66 : 822.28"
"4,67 : 354.15"
"4,68 : 493.94"
"4,69 : 812.8"
"4,70 : 517.85"
"4,71 : 126.21"
"4,72 : 448.44"
"4,73 : 532.06"
"4,74 : 718.58"
"4,75 : 347.33"
"4,76 : 379.33"
"4,77 : 1043.01"
"4,78 : 803.55"
"4,79 : 798.41"
"4,80 : 683.98"
"4,81 : 104.0"
"4,82 : 674.85"
"4,83 : 162.44"
"4,84 : 392.55"
"4,85 : 199.81"
"4,86 : 353.35"
"4,87 : 767.03"
"4,88 : 445.14"
"4,89 : 965.99"
"4,90 : 152.05"
"4,91 : 895.65"
"4,92 : 968.6"
"4,93 : 671.92"
"4,94 : 769.41"
"4,95 : 986.38"
"4,96 : 219.54"
"4,97 : 38.05"
"4,98 : 676.95"
"4,99 : 762.34"
"5,0 : 295.05"
"5,1 : 98.79"
"5,2 : 144.45"
"5,3 : 151.65"
"5,4 : 313.25"
"5,5 : 0.0"
"5,6 : 102.93"
"5,7 : 334.19"
"5,8 : 734.98"
"5,9 : 237.76"
"5,10 : 808.69"
"5,11 : 271.43"
"5,12 : 741.73"
"5,13 : 518.28"
"5,14 : 238.42"
"5,15 : 469.77"
"5,16 : 168.08"
"5,17 : 209.95"
"5,18 : 176.92"
"5,19 : 265.34"
"5,20 : 144.9"
"5,21 : 677.03"
"5,22 : 339.2"
"5,23 : 673.7"
"5,24 : 442.88"
"5,25 : 407.37"
"5,26 : 372.01"
"5,27 : 333.4"
"5,28 : 195.26"
"5,29 : 590.54"
"5,30 : 358.89"
"5,31 : 491.6"
"5,32 : 599.77"
"5,33 : 826.83"
"5,34 : 257.13"
"5,35 : 712.96"
"5,36 : 258.84"
"5,37 : 524.92"
"5,38 : 600.61"
"5,39 : 680.07"
"5,40 : 601.54"
"5,41 : 593.66"
"5,42 : 734.76"
"5,43 : 598.92"
"5,44 : 73.0"
"5,45 : 561.76"
"5,46 : 739.86"
"5,47 : 604.5"
"5,48 : 224.15"
"5,49 : 212.6"
"5,50 : 386.8"
"5,51 : 484.02"
"5,52 : 375.17"
"5,53 : 621.74"
"5,54 : 432.46"
"5,55 : 624.05"
"5,56 : 610.34"
"5,57 : 516.25"
"5,58 : 598.73"
"5,59 : 610.45"
"5,60 : 638.73"
"5,61 : 638.59"
"5,62 : 246.81"
"5,63 : 785.46"
"5,64 : 521.02"
"5,65 : 464.3"
"5,66 : 553.67"
"5,67 : 78.1"
"5,68 : 374.98"
"5,69 : 501.64"
"5,70 : 508.78"
"5,71 : 312.47"
"5,72 : 289.77"
"5,73 : 552.29"
"5,74 : 457.39"
"5,75 : 223.89"
"5,76 : 484.01"
"5,77 : 781.83"
"5,78 : 492.84"
"5,79 : 528.68"
"5,80 : 424.75"
"5,81 : 382.47"
"5,82 : 434.19"
"5,83 : 308.97"
"5,84 : 205.18"
"5,85 : 261.63"
"5,86 : 305.41"
"5,87 : 761.18"
"5,88 : 252.72"
"5,89 : 667.31"
"5,90 : 239.06"
"5,91 : 589.92"
"5,92 : 675.62"
"5,93 : 419.2"
"5,94 : 456.37"
"5,95 : 681.42"
"5,96 : 123.71"
"5,97 : 321.62"
"5,98 : 649.25"
"5,99 : 498.63"
"6,0 : 336.34"
"6,1 : 171.03"
"6,2 : 77.2"
"6,3 : 80.6"
"6,4 : 361.55"
"6,5 : 102.93"
"6,6 : 0.0"
"6,7 : 233.41"
"6,8 : 782.63"
"6,9 : 340.69"
"6,10 : 840.65"
"6,11 : 358.47"
"6,12 : 793.6"
"6,13 : 526.57"
"6,14 : 157.84"
"6,15 : 528.1"
"6,16 : 222.8"
"6,17 : 306.77"
"6,18 : 277.62"
"6,19 : 170.36"
"6,20 : 159.15"
"6,21 : 765.57"
"6,22 : 392.84"
"6,23 : 776.61"
"6,24 : 360.44"
"6,25 : 508.25"
"6,26 : 390.51"
"6,27 : 414.12"
"6,28 : 188.81"
"6,29 : 576.89"
"6,30 : 407.35"
"6,31 : 573.31"
"6,32 : 702.69"
"6,33 : 857.6"
"6,34 : 236.07"
"6,35 : 807.49"
"6,36 : 258.32"
"6,37 : 567.77"
"6,38 : 686.09"
"6,39 : 768.32"
"6,40 : 516.89"
"6,41 : 680.54"
"6,42 : 802.31"
"6,43 : 678.7"
"6,44 : 32.76"
"6,45 : 644.25"
"6,46 : 841.08"
"6,47 : 649.87"
"6,48 : 176.14"
"6,49 : 307.31"
"6,50 : 290.39"
"6,51 : 563.28"
"6,52 : 351.52"
"6,53 : 539.94"
"6,54 : 535.0"
"6,55 : 726.85"
"6,56 : 686.79"
"6,57 : 619.17"
"6,58 : 655.08"
"6,59 : 579.44"
"6,60 : 696.05"
"6,61 : 651.36"
"6,62 : 334.83"
"6,63 : 835.03"
"6,64 : 610.95"
"6,65 : 561.06"
"6,66 : 469.06"
"6,67 : 167.15"
"6,68 : 472.39"
"6,69 : 491.55"
"6,70 : 611.52"
"6,71 : 323.27"
"6,72 : 384.96"
"6,73 : 655.22"
"6,74 : 506.86"
"6,75 : 326.02"
"6,76 : 582.54"
"6,77 : 821.85"
"6,78 : 484.53"
"6,79 : 569.58"
"6,80 : 334.69"
"6,81 : 408.14"
"6,82 : 338.09"
"6,83 : 393.61"
"6,84 : 301.01"
"6,85 : 354.09"
"6,86 : 408.33"
"6,87 : 862.95"
"6,88 : 150.99"
"6,89 : 677.45"
"6,90 : 246.56"
"6,91 : 536.72"
"6,92 : 692.34"
"6,93 : 326.59"
"6,94 : 427.31"
"6,95 : 682.0"
"6,96 : 214.8"
"6,97 : 359.45"
"6,98 : 750.46"
"6,99 : 544.72"
"7,0 : 464.57"
"7,1 : 373.91"
"7,2 : 206.19"
"7,3 : 198.57"
"7,4 : 560.05"
"7,5 : 334.19"
"7,6 : 233.41"
"7,7 : 0.0"
"7,8 : 879.25"
"7,9 : 569.91"
"7,10 : 900.84"
"7,11 : 587.98"
"7,12 : 898.64"
"7,13 : 561.47"
"7,14 : 137.62"
"7,15 : 662.0"
"7,16 : 438.88"
"7,17 : 540.09"
"7,18 : 510.63"
"7,19 : 158.26"
"7,20 : 310.72"
"7,21 : 950.34"
"7,22 : 532.29"
"7,23 : 1005.26"
"7,24 : 186.89"
"7,25 : 727.34"
"7,26 : 468.06"
"7,27 : 596.58"
"7,28 : 294.97"
"7,29 : 556.81"
"7,30 : 602.88"
"7,31 : 749.17"
"7,32 : 930.93"
"7,33 : 914.4"
"7,34 : 289.56"
"7,35 : 1005.92"
"7,36 : 415.6"
"7,37 : 668.52"
"7,38 : 865.92"
"7,39 : 952.35"
"7,40 : 317.35"
"7,41 : 863.54"
"7,42 : 940.28"
"7,43 : 846.69"
"7,44 : 261.2"
"7,45 : 819.04"
"7,46 : 1058.74"
"7,47 : 749.36"
"7,48 : 217.01"
"7,49 : 518.84"
"7,50 : 72.01"
"7,51 : 734.77"
"7,52 : 351.82"
"7,53 : 347.01"
"7,54 : 759.95"
"7,55 : 952.7"
"7,56 : 847.58"
"7,57 : 847.64"
"7,58 : 776.48"
"7,59 : 517.84"
"7,60 : 817.18"
"7,61 : 682.47"
"7,62 : 534.46"
"7,63 : 933.38"
"7,64 : 802.37"
"7,65 : 794.08"
"7,66 : 273.03"
"7,67 : 383.94"
"7,68 : 683.43"
"7,69 : 491.43"
"7,70 : 837.33"
"7,71 : 482.53"
"7,72 : 594.0"
"7,73 : 883.66"
"7,74 : 625.98"
"7,75 : 551.19"
"7,76 : 815.91"
"7,77 : 900.36"
"7,78 : 489.55"
"7,79 : 666.31"
"7,80 : 136.62"
"7,81 : 576.3"
"7,82 : 115.21"
"7,83 : 621.27"
"7,84 : 514.61"
"7,85 : 586.12"
"7,86 : 637.45"
"7,87 : 1082.7"
"7,88 : 116.73"
"7,89 : 700.65"
"7,90 : 416.52"
"7,91 : 423.62"
"7,92 : 728.65"
"7,93 : 119.21"
"7,94 : 395.03"
"7,95 : 683.68"
"7,96 : 447.53"
"7,97 : 547.02"
"7,98 : 968.59"
"7,99 : 653.87"
"8,0 : 446.38"
"8,1 : 636.25"
"8,2 : 731.86"
"8,3 : 735.54"
"8,4 : 984.59"
"8,5 : 734.98"
"8,6 : 782.63"
"8,7 : 879.25"
"8,8 : 0.0"
"8,9 : 673.85"
"8,10 : 146.51"
"8,11 : 841.19"
"8,12 : 36.8"
"8,13 : 344.88"
"8,14 : 749.1"
"8,15 : 270.98"
"8,16 : 866.78"
"8,17 : 764.68"
"8,18 : 728.31"
"8,19 : 933.51"
"8,20 : 623.93"
"8,21 : 406.23"
"8,22 : 395.78"
"8,23 : 778.54"
"8,24 : 800.02"
"8,25 : 588.93"
"8,26 : 411.83"
"8,27 : 445.18"
"8,28 : 607.11"
"8,29 : 439.06"
"8,30 : 1020.39"
"8,31 : 356.04"
"8,32 : 736.67"
"8,33 : 164.6"
"8,34 : 592.11"
"8,35 : 507.96"
"8,36 : 989.4"
"8,37 : 215.62"
"8,38 : 363.23"
"8,39 : 402.78"
"8,40 : 885.2"
"8,41 : 379.48"
"8,42 : 178.89"
"8,43 : 304.8"
"8,44 : 757.48"
"8,45 : 338.5"
"8,46 : 678.5"
"8,47 : 133.02"
"8,48 : 669.08"
"8,49 : 582.18"
"8,50 : 868.13"
"8,51 : 342.59"
"8,52 : 540.41"
"8,53 : 873.53"
"8,54 : 643.02"
"8,55 : 714.15"
"8,56 : 271.53"
"8,57 : 707.5"
"8,58 : 148.45"
"8,59 : 540.98"
"8,60 : 120.15"
"8,61 : 273.31"
"8,62 : 532.66"
"8,63 : 54.13"
"8,64 : 421.93"
"8,65 : 854.95"
"8,66 : 860.72"
"8,67 : 662.28"
"8,68 : 537.57"
"8,69 : 438.41"
"8,70 : 670.62"
"8,71 : 1033.13"
"8,72 : 545.62"
"8,73 : 720.16"
"8,74 : 277.72"
"8,75 : 642.38"
"8,76 : 839.74"
"8,77 : 77.03"
"8,78 : 433.01"
"8,79 : 215.39"
"8,80 : 840.37"
"8,81 : 1080.57"
"8,82 : 889.84"
"8,83 : 871.03"
"8,84 : 592.03"
"8,85 : 807.87"
"8,86 : 673.21"
"8,87 : 711.46"
"8,88 : 891.29"
"8,89 : 285.04"
"8,90 : 967.06"
"8,91 : 670.19"
"8,92 : 240.22"
"8,93 : 855.4"
"8,94 : 537.72"
"8,95 : 347.52"
"8,96 : 772.85"
"8,97 : 1009.76"
"8,98 : 640.03"
"8,99 : 238.0"
"9,0 : 328.34"
"9,1 : 213.85"
"9,2 : 369.18"
"9,3 : 376.97"
"9,4 : 322.28"
"9,5 : 237.76"
"9,6 : 340.69"
"9,7 : 569.91"
"9,8 : 673.85"
"9,9 : 0.0"
"9,10 : 783.03"
"9,11 : 167.48"
"9,12 : 668.69"
"9,13 : 574.04"
"9,14 : 459.99"
"9,15 : 408.86"
"9,16 : 244.66"
"9,17 : 97.62"
"9,18 : 81.06"
"9,19 : 497.0"
"9,20 : 303.27"
"9,21 : 494.23"
"9,22 : 324.53"
"9,23 : 436.0"
"9,24 : 655.82"
"9,25 : 183.22"
"9,26 : 432.17"
"9,27 : 229.65"
"9,28 : 353.31"
"9,29 : 683.0"
"9,30 : 352.23"
"9,31 : 348.75"
"9,32 : 362.01"
"9,33 : 803.0"
"9,34 : 413.62"
"9,35 : 507.21"
"9,36 : 385.54"
"9,37 : 498.34"
"9,38 : 433.18"
"9,39 : 498.21"
"9,40 : 813.34"
"9,41 : 421.53"
"9,42 : 617.22"
"9,43 : 451.91"
"9,44 : 310.1"
"9,45 : 408.33"
"9,46 : 508.65"
"9,47 : 561.14"
"9,48 : 419.08"
"9,49 : 111.54"
"9,50 : 617.6"
"9,51 : 351.39"
"9,52 : 511.28"
"9,53 : 828.86"
"9,54 : 197.1"
"9,55 : 386.87"
"9,56 : 473.71"
"9,57 : 278.49"
"9,58 : 525.54"
"9,59 : 734.04"
"9,60 : 558.71"
"9,61 : 671.34"
"9,62 : 153.73"
"9,63 : 715.77"
"9,64 : 342.47"
"9,65 : 259.62"
"9,66 : 766.42"
"9,67 : 191.44"
"9,68 : 175.82"
"9,69 : 596.44"
"9,70 : 271.98"
"9,71 : 403.51"
"9,72 : 128.82"
"9,73 : 314.54"
"9,74 : 424.23"
"9,75 : 37.22"
"9,76 : 269.31"
"9,77 : 737.49"
"9,78 : 585.31"
"9,79 : 506.66"
"9,80 : 647.6"
"9,81 : 424.8"
"9,82 : 664.04"
"9,83 : 197.8"
"9,84 : 105.04"
"9,85 : 134.01"
"9,86 : 67.68"
"9,87 : 527.81"
"9,88 : 489.63"
"9,89 : 703.36"
"9,90 : 360.22"
"9,91 : 753.27"
"9,92 : 696.12"
"9,93 : 645.19"
"9,94 : 590.38"
"9,95 : 737.17"
"9,96 : 158.38"
"9,97 : 353.5"
"9,98 : 418.64"
"9,99 : 467.42"
"10,0 : 513.64"
"10,1 : 712.07"
"10,2 : 780.55"
"10,3 : 782.92"
"10,4 : 1081.26"
"10,5 : 808.69"
"10,6 : 840.65"
"10,7 : 900.84"
"10,8 : 146.51"
"10,9 : 783.03"
"10,10 : 0.0"
"10,11 : 948.29"
"10,12 : 178.04"
"10,13 : 339.95"
"10,14 : 780.44"
"10,15 : 374.47"
"10,16 : 954.28"
"10,17 : 868.42"
"10,18 : 828.83"
"10,19 : 977.39"
"10,20 : 682.45"
"10,21 : 552.73"
"10,22 : 477.59"
"10,23 : 922.43"
"10,24 : 793.5"
"10,25 : 718.47"
"10,26 : 451.55"
"10,27 : 553.95"
"10,28 : 655.1"
"10,29 : 392.02"
"10,30 : 1119.88"
"10,31 : 489.4"
"10,32 : 878.12"
"10,33 : 20.25"
"10,34 : 626.42"
"10,35 : 654.36"
"10,36 : 1067.28"
"10,37 : 289.25"
"10,38 : 508.06"
"10,39 : 549.26"
"10,40 : 854.07"
"10,41 : 524.0"
"10,42 : 321.29"
"10,43 : 449.0"
"10,44 : 819.35"
"10,45 : 480.21"
"10,46 : 824.96"
"10,47 : 222.27"
"10,48 : 704.12"
"10,49 : 682.84"
"10,50 : 878.14"
"10,51 : 473.43"
"10,52 : 549.71"
"10,53 : 837.22"
"10,54 : 774.62"
"10,55 : 857.24"
"10,56 : 416.02"
"10,57 : 844.53"
"10,58 : 273.83"
"10,59 : 486.47"
"10,60 : 257.22"
"10,61 : 227.73"
"10,62 : 634.07"
"10,63 : 153.08"
"10,64 : 561.38"
"10,65 : 982.57"
"10,66 : 836.81"
"10,67 : 741.88"
"10,68 : 662.65"
"10,69 : 421.26"
"10,70 : 807.94"
"10,71 : 1116.77"
"10,72 : 657.92"
"10,73 : 859.29"
"10,74 : 362.83"
"10,75 : 749.11"
"10,76 : 969.82"
"10,77 : 71.78"
"10,78 : 419.66"
"10,79 : 283.22"
"10,80 : 840.46"
"10,81 : 1172.57"
"10,82 : 892.53"
"10,83 : 980.68"
"10,84 : 692.28"
"10,85 : 915.97"
"10,86 : 790.98"
"10,87 : 857.95"
"10,88 : 931.13"
"10,89 : 222.04"
"10,90 : 1046.55"
"10,91 : 625.1"
"10,92 : 181.62"
"10,93 : 857.85"
"10,94 : 525.0"
"10,95 : 272.26"
"10,96 : 864.02"
"10,97 : 1103.25"
"10,98 : 785.14"
"10,99 : 319.01"
"11,0 : 472.3"
"11,1 : 307.13"
"11,2 : 415.23"
"11,3 : 422.16"
"11,4 : 167.93"
"11,5 : 271.43"
"11,6 : 358.47"
"11,7 : 587.98"
"11,8 : 841.19"
"11,9 : 167.48"
"11,10 : 948.29"
"11,11 : 0.0"
"11,12 : 836.16"
"11,13 : 719.85"
"11,14 : 508.7"
"11,15 : 574.95"
"11,16 : 162.54"
"11,17 : 83.24"
"11,18 : 127.88"
"11,19 : 474.91"
"11,20 : 393.36"
"11,21 : 639.67"
"11,22 : 481.11"
"11,23 : 483.86"
"11,24 : 713.65"
"11,25 : 314.39"
"11,26 : 572.71"
"11,27 : 396.43"
"11,28 : 447.58"
"11,29 : 817.9"
"11,30 : 189.68"
"11,31 : 512.53"
"11,32 : 418.4"
"11,33 : 968.14"
"11,34 : 511.75"
"11,35 : 635.27"
"11,36 : 281.58"
"11,37 : 661.54"
"11,38 : 587.74"
"11,39 : 644.05"
"11,40 : 871.98"
"11,41 : 574.53"
"11,42 : 781.54"
"11,43 : 612.51"
"11,44 : 337.21"
"11,45 : 568.23"
"11,46 : 597.12"
"11,47 : 726.97"
"11,48 : 492.85"
"11,49 : 266.99"
"11,50 : 648.51"
"11,51 : 516.75"
"11,52 : 623.32"
"11,53 : 892.86"
"11,54 : 299.08"
"11,55 : 454.65"
"11,56 : 636.31"
"11,57 : 342.77"
"11,58 : 692.94"
"11,59 : 856.11"
"11,60 : 726.17"
"11,61 : 825.12"
"11,62 : 314.7"
"11,63 : 883.24"
"11,64 : 495.67"
"11,65 : 215.8"
"11,66 : 824.06"
"11,67 : 273.53"
"11,68 : 330.32"
"11,69 : 728.97"
"11,70 : 354.2"
"11,71 : 275.0"
"11,72 : 296.23"
"11,73 : 374.48"
"11,74 : 587.24"
"11,75 : 199.42"
"11,76 : 244.48"
"11,77 : 904.19"
"11,78 : 718.53"
"11,79 : 669.3"
"11,80 : 692.38"
"11,81 : 271.69"
"11,82 : 696.21"
"11,83 : 39.05"
"11,84 : 258.09"
"11,85 : 34.06"
"11,86 : 187.07"
"11,87 : 608.59"
"11,88 : 485.32"
"11,89 : 856.68"
"11,90 : 258.52"
"11,91 : 853.35"
"11,92 : 853.08"
"11,93 : 684.95"
"11,94 : 705.2"
"11,95 : 885.4"
"11,96 : 147.72"
"11,97 : 203.97"
"11,98 : 513.47"
"11,99 : 630.86"
"12,0 : 457.47"
"12,1 : 642.96"
"12,2 : 745.52"
"12,3 : 749.52"
"12,4 : 982.96"
"12,5 : 741.73"
"12,6 : 793.6"
"12,7 : 898.64"
"12,8 : 36.8"
"12,9 : 668.69"
"12,10 : 178.04"
"12,11 : 836.16"
"12,12 : 0.0"
"12,13 : 373.35"
"12,14 : 766.85"
"12,15 : 273.3"
"12,16 : 868.64"
"12,17 : 761.23"
"12,18 : 726.22"
"12,19 : 947.54"
"12,20 : 635.69"
"12,21 : 376.13"
"12,22 : 403.19"
"12,23 : 753.64"
"12,24 : 825.27"
"12,25 : 574.69"
"12,26 : 430.58"
"12,27 : 441.96"
"12,28 : 621.74"
"12,29 : 472.04"
"12,30 : 1017.68"
"12,31 : 341.23"
"12,32 : 714.12"
"12,33 : 194.94"
"12,34 : 610.15"
"12,35 : 477.16"
"12,36 : 993.9"
"12,37 : 230.89"
"12,38 : 338.14"
"12,39 : 372.49"
"12,40 : 914.29"
"12,41 : 354.74"
"12,42 : 143.92"
"12,43 : 280.96"
"12,44 : 767.52"
"12,45 : 317.25"
"12,46 : 649.17"
"12,47 : 149.28"
"12,48 : 686.43"
"12,49 : 580.9"
"12,50 : 889.97"
"12,51 : 329.56"
"12,52 : 564.13"
"12,53 : 903.42"
"12,54 : 627.4"
"12,55 : 690.16"
"12,56 : 247.59"
"12,57 : 688.31"
"12,58 : 145.45"
"12,59 : 574.23"
"12,60 : 109.99"
"12,61 : 307.77"
"12,62 : 531.49"
"12,63 : 47.2"
"12,64 : 402.1"
"12,65 : 840.84"
"12,66 : 888.74"
"12,67 : 667.66"
"12,68 : 525.99"
"12,69 : 467.55"
"12,70 : 651.33"
"12,71 : 1035.72"
"12,72 : 539.95"
"12,73 : 699.48"
"12,74 : 286.78"
"12,75 : 638.38"
"12,76 : 824.37"
"12,77 : 106.51"
"12,78 : 461.64"
"12,79 : 232.4"
"12,80 : 864.26"
"12,81 : 1080.31"
"12,82 : 913.06"
"12,83 : 864.89"
"12,84 : 590.84"
"12,85 : 802.55"
"12,86 : 664.4"
"12,87 : 681.92"
"12,88 : 906.46"
"12,89 : 320.62"
"12,90 : 971.14"
"12,91 : 701.84"
"12,92 : 276.0"
"12,93 : 878.78"
"12,94 : 565.35"
"12,95 : 383.4"
"12,96 : 773.86"
"12,97 : 1009.17"
"12,98 : 613.78"
"12,99 : 249.9"
"13,0 : 247.74"
"13,1 : 432.56"
"13,2 : 458.42"
"13,3 : 459.44"
"13,4 : 820.91"
"13,5 : 518.28"
"13,6 : 526.57"
"13,7 : 561.47"
"13,8 : 344.88"
"13,9 : 574.04"
"13,10 : 339.95"
"13,11 : 719.85"
"13,12 : 373.35"
"13,13 : 0.0"
"13,14 : 445.22"
"13,15 : 264.32"
"13,16 : 680.69"
"13,17 : 636.66"
"13,18 : 592.06"
"13,19 : 647.15"
"13,20 : 377.11"
"13,21 : 597.86"
"13,22 : 256.38"
"13,23 : 864.53"
"13,24 : 458.93"
"13,25 : 590.31"
"13,26 : 148.93"
"13,27 : 382.42"
"13,28 : 337.91"
"13,29 : 132.92"
"13,30 : 864.26"
"13,31 : 428.08"
"13,32 : 800.87"
"13,33 : 353.02"
"13,34 : 296.92"
"13,35 : 691.43"
"13,36 : 772.81"
"13,37 : 186.81"
"13,38 : 517.78"
"13,39 : 597.0"
"13,40 : 540.95"
"13,41 : 526.5"
"13,42 : 466.2"
"13,43 : 467.59"
"13,44 : 510.88"
"13,45 : 468.88"
"13,46 : 825.43"
"13,47 : 238.25"
"13,48 : 372.61"
"13,49 : 462.53"
"13,50 : 538.45"
"13,51 : 406.12"
"13,52 : 209.86"
"13,53 : 530.67"
"13,54 : 648.64"
"13,55 : 796.36"
"13,56 : 447.8"
"13,57 : 739.86"
"13,58 : 301.16"
"13,59 : 226.29"
"13,60 : 331.39"
"13,61 : 125.61"
"13,62 : 423.62"
"13,63 : 396.79"
"13,64 : 514.01"
"13,65 : 820.0"
"13,66 : 515.83"
"13,67 : 466.77"
"13,68 : 524.43"
"13,69 : 94.64"
"13,70 : 708.72"
"13,71 : 830.19"
"13,72 : 475.38"
"13,73 : 766.48"
"13,74 : 213.35"
"13,75 : 536.83"
"13,76 : 818.84"
"13,77 : 347.43"
"13,78 : 88.28"
"13,79 : 176.82"
"13,80 : 503.06"
"13,81 : 899.52"
"13,82 : 554.42"
"13,83 : 757.26"
"13,84 : 469.52"
"13,85 : 692.44"
"13,86 : 608.12"
"13,87 : 858.09"
"13,88 : 598.8"
"13,89 : 150.89"
"13,90 : 755.25"
"13,91 : 335.44"
"13,92 : 169.46"
"13,93 : 519.71"
"13,94 : 193.13"
"13,95 : 166.03"
"13,96 : 602.96"
"13,97 : 835.4"
"13,98 : 755.34"
"13,99 : 198.98"
"14,0 : 327.15"
"14,1 : 251.61"
"14,2 : 94.02"
"14,3 : 86.77"
"14,4 : 518.87"
"14,5 : 238.42"
"14,6 : 157.84"
"14,7 : 137.62"
"14,8 : 749.1"
"14,9 : 459.99"
"14,10 : 780.44"
"14,11 : 508.7"
"14,12 : 766.85"
"14,13 : 445.22"
"14,14 : 0.0"
"14,15 : 525.12"
"14,16 : 380.49"
"14,17 : 447.8"
"14,18 : 411.88"
"14,19 : 205.77"
"14,20 : 177.61"
"14,21 : 814.23"
"14,22 : 394.73"
"14,23 : 889.85"
"14,24 : 205.01"
"14,25 : 604.51"
"14,26 : 337.36"
"14,27 : 461.69"
"14,28 : 157.41"
"14,29 : 463.82"
"14,30 : 564.49"
"14,31 : 612.52"
"14,32 : 815.34"
"14,33 : 795.16"
"14,34 : 157.0"
"14,35 : 872.31"
"14,36 : 402.95"
"14,37 : 536.05"
"14,38 : 729.38"
"14,39 : 816.14"
"14,40 : 363.32"
"14,41 : 727.4"
"14,42 : 803.81"
"14,43 : 709.27"
"14,44 : 172.35"
"14,45 : 682.11"
"14,46 : 932.78"
"14,47 : 617.78"
"14,48 : 80.75"
"14,49 : 394.79"
"14,50 : 162.08"
"14,51 : 597.76"
"14,52 : 241.88"
"14,53 : 384.48"
"14,54 : 641.75"
"14,55 : 834.0"
"14,56 : 709.97"
"14,57 : 732.96"
"14,58 : 641.4"
"14,59 : 446.79"
"14,60 : 682.32"
"14,61 : 569.69"
"14,62 : 404.88"
"14,63 : 803.13"
"14,64 : 667.89"
"14,65 : 701.19"
"14,66 : 315.41"
"14,67 : 268.73"
"14,68 : 556.35"
"14,69 : 387.41"
"14,70 : 719.36"
"14,71 : 470.39"
"14,72 : 467.17"
"14,73 : 768.67"
"14,74 : 490.35"
"14,75 : 436.41"
"14,76 : 719.23"
"14,77 : 774.7"
"14,78 : 383.22"
"14,79 : 534.58"
"14,80 : 188.04"
"14,81 : 559.42"
"14,82 : 206.21"
"14,83 : 545.4"
"14,84 : 391.81"
"14,85 : 500.04"
"14,86 : 526.12"
"14,87 : 958.03"
"14,88 : 155.22"
"14,89 : 591.12"
"14,90 : 395.46"
"14,91 : 385.96"
"14,92 : 614.59"
"14,93 : 185.27"
"14,94 : 303.46"
"14,95 : 582.82"
"14,96 : 361.45"
"14,97 : 515.03"
"14,98 : 843.34"
"14,99 : 519.83"
"15,0 : 199.11"
"15,1 : 371.21"
"15,2 : 487.94"
"15,3 : 492.92"
"15,4 : 714.24"
"15,5 : 469.77"
"15,6 : 528.1"
"15,7 : 662.0"
"15,8 : 270.98"
"15,9 : 408.86"
"15,10 : 374.47"
"15,11 : 574.95"
"15,12 : 273.3"
"15,13 : 264.32"
"15,14 : 525.12"
"15,15 : 0.0"
"15,16 : 596.03"
"15,17 : 496.4"
"15,18 : 458.63"
"15,19 : 688.9"
"15,20 : 374.02"
"15,21 : 340.33"
"15,22 : 135.59"
"15,23 : 610.46"
"15,24 : 628.05"
"15,25 : 359.25"
"15,26 : 217.46"
"15,27 : 179.49"
"15,28 : 370.38"
"15,29 : 397.22"
"15,30 : 750.82"
"15,31 : 164.58"
"15,32 : 551.72"
"15,33 : 394.53"
"15,34 : 375.37"
"15,35 : 429.47"
"15,36 : 720.62"
"15,37 : 102.0"
"15,38 : 256.73"
"15,39 : 340.15"
"15,40 : 748.39"
"15,41 : 263.96"
"15,42 : 279.12"
"15,43 : 212.45"
"15,44 : 500.24"
"15,45 : 206.52"
"15,46 : 561.51"
"15,47 : 152.32"
"15,48 : 445.0"
"15,49 : 312.17"
"15,50 : 667.12"
"15,51 : 142.7"
"15,52 : 370.94"
"15,53 : 746.59"
"15,54 : 417.94"
"15,55 : 542.07"
"15,56 : 200.39"
"15,57 : 500.44"
"15,58 : 129.0"
"15,59 : 487.74"
"15,60 : 169.06"
"15,61 : 305.95"
"15,62 : 262.73"
"15,63 : 318.46"
"15,64 : 250.95"
"15,65 : 615.83"
"15,66 : 713.15"
"15,67 : 394.79"
"15,68 : 297.58"
"15,69 : 341.62"
"15,70 : 466.17"
"15,71 : 762.75"
"15,72 : 283.53"
"15,73 : 522.49"
"15,74 : 52.33"
"15,75 : 375.53"
"15,76 : 606.69"
"15,77 : 329.61"
"15,78 : 330.94"
"15,79 : 113.11"
"15,80 : 655.48"
"15,81 : 809.66"
"15,82 : 698.37"
"15,83 : 606.64"
"15,84 : 321.93"
"15,85 : 542.26"
"15,86 : 417.63"
"15,87 : 594.34"
"15,88 : 651.87"
"15,89 : 337.02"
"15,90 : 697.84"
"15,91 : 578.36"
"15,92 : 315.03"
"15,93 : 666.08"
"15,94 : 407.71"
"15,95 : 388.8"
"15,96 : 501.88"
"15,97 : 738.94"
"15,98 : 493.85"
"15,99 : 73.98"
"16,0 : 445.58"
"16,1 : 248.7"
"16,2 : 292.98"
"16,3 : 298.51"
"16,4 : 145.34"
"16,5 : 168.08"
"16,6 : 222.8"
"16,7 : 438.88"
"16,8 : 866.78"
"16,9 : 244.66"
"16,10 : 954.28"
"16,11 : 162.54"
"16,12 : 868.64"
"16,13 : 680.69"
"16,14 : 380.49"
"16,15 : 596.03"
"16,16 : 0.0"
"16,17 : 157.46"
"16,18 : 164.35"
"16,19 : 314.8"
"16,20 : 312.54"
"16,21 : 737.62"
"16,22 : 476.94"
"16,23 : 638.49"
"16,24 : 582.84"
"16,25 : 425.86"
"16,26 : 532.48"
"16,27 : 432.91"
"16,28 : 363.32"
"16,29 : 758.0"
"16,30 : 191.21"
"16,31 : 577.84"
"16,32 : 569.64"
"16,33 : 973.18"
"16,34 : 424.79"
"16,35 : 751.36"
"16,36 : 140.89"
"16,37 : 665.8"
"16,38 : 672.64"
"16,39 : 741.46"
"16,40 : 738.17"
"16,41 : 662.15"
"16,42 : 839.87"
"16,43 : 684.78"
"16,44 : 211.46"
"16,45 : 642.88"
"16,46 : 738.36"
"16,47 : 741.11"
"16,48 : 385.13"
"16,49 : 292.61"
"16,50 : 503.93"
"16,51 : 576.01"
"16,52 : 543.1"
"16,53 : 762.09"
"16,54 : 428.2"
"16,55 : 602.72"
"16,56 : 702.78"
"16,57 : 489.69"
"16,58 : 723.25"
"16,59 : 778.2"
"16,60 : 761.01"
"16,61 : 798.0"
"16,62 : 340.38"
"16,63 : 914.33"
"16,64 : 583.79"
"16,65 : 378.34"
"16,66 : 690.51"
"16,67 : 215.52"
"16,68 : 419.0"
"16,69 : 668.87"
"16,70 : 494.51"
"16,71 : 167.82"
"16,72 : 354.12"
"16,73 : 523.7"
"16,74 : 593.98"
"16,75 : 256.6"
"16,76 : 406.64"
"16,77 : 920.67"
"16,78 : 659.83"
"16,79 : 671.2"
"16,80 : 554.15"
"16,81 : 219.94"
"16,82 : 551.14"
"16,83 : 188.83"
"16,84 : 282.68"
"16,85 : 174.64"
"16,86 : 298.01"
"16,87 : 753.38"
"16,88 : 330.08"
"16,89 : 827.68"
"16,90 : 115.57"
"16,91 : 752.04"
"16,92 : 832.71"
"16,93 : 544.09"
"16,94 : 624.07"
"16,95 : 845.38"
"16,96 : 96.25"
"16,97 : 154.85"
"16,98 : 650.78"
"16,99 : 637.19"
"17,0 : 389.07"
"17,1 : 229.24"
"17,2 : 353.8"
"17,3 : 361.18"
"17,4 : 225.06"
"17,5 : 209.95"
"17,6 : 306.77"
"17,7 : 540.09"
"17,8 : 764.68"
"17,9 : 97.62"
"17,10 : 868.42"
"17,11 : 83.24"
"17,12 : 761.23"
"17,13 : 636.66"
"17,14 : 447.8"
"17,15 : 496.4"
"17,16 : 157.46"
"17,17 : 0.0"
"17,18 : 45.18"
"17,19 : 444.08"
"17,20 : 317.93"
"17,21 : 589.48"
"17,22 : 398.66"
"17,23 : 487.68"
"17,24 : 651.3"
"17,25 : 270.82"
"17,26 : 489.7"
"17,27 : 319.56"
"17,28 : 371.84"
"17,29 : 735.7"
"17,30 : 256.76"
"17,31 : 445.98"
"17,32 : 416.78"
"17,33 : 888.17"
"17,34 : 435.68"
"17,35 : 596.8"
"17,36 : 296.2"
"17,37 : 580.7"
"17,38 : 530.33"
"17,39 : 593.57"
"17,40 : 810.12"
"17,41 : 518.4"
"17,42 : 714.04"
"17,43 : 549.51"
"17,44 : 281.02"
"17,45 : 505.95"
"17,46 : 581.33"
"17,47 : 647.86"
"17,48 : 423.34"
"17,49 : 185.73"
"17,50 : 595.87"
"17,51 : 448.0"
"17,52 : 544.7"
"17,53 : 829.19"
"17,54 : 270.74"
"17,55 : 447.98"
"17,56 : 571.11"
"17,57 : 335.22"
"17,58 : 616.94"
"17,59 : 776.05"
"17,60 : 651.41"
"17,61 : 742.03"
"17,62 : 234.36"
"17,63 : 808.12"
"17,64 : 439.23"
"17,65 : 254.62"
"17,66 : 762.35"
"17,67 : 197.1"
"17,68 : 272.24"
"17,69 : 646.98"
"17,70 : 337.91"
"17,71 : 308.29"
"17,72 : 223.68"
"17,73 : 370.04"
"17,74 : 506.44"
"17,75 : 123.07"
"17,76 : 275.86"
"17,77 : 826.01"
"17,78 : 636.43"
"17,79 : 588.17"
"17,80 : 634.67"
"17,81 : 327.23"
"17,82 : 643.43"
"17,83 : 120.84"
"17,84 : 176.5"
"17,85 : 58.08"
"17,86 : 141.35"
"17,87 : 597.02"
"17,88 : 446.09"
"17,89 : 773.54"
"17,90 : 271.09"
"17,91 : 778.39"
"17,92 : 770.31"
"17,93 : 629.1"
"17,94 : 626.28"
"17,95 : 802.17"
"17,96 : 93.86"
"17,97 : 255.89"
"17,98 : 493.42"
"17,99 : 550.18"
"18,0 : 344.64"
"18,1 : 185.53"
"18,2 : 318.29"
"18,3 : 325.85"
"18,4 : 256.8"
"18,5 : 176.92"
"18,6 : 277.62"
"18,7 : 510.63"
"18,8 : 728.31"
"18,9 : 81.06"
"18,10 : 828.83"
"18,11 : 127.88"
"18,12 : 726.22"
"18,13 : 592.06"
"18,14 : 411.88"
"18,15 : 458.63"
"18,16 : 164.35"
"18,17 : 45.18"
"18,18 : 0.0"
"18,19 : 424.91"
"18,20 : 275.06"
"18,21 : 573.36"
"18,22 : 356.45"
"18,23 : 503.83"
"18,24 : 613.86"
"18,25 : 264.07"
"18,26 : 444.83"
"18,27 : 284.38"
"18,28 : 328.67"
"18,29 : 690.53"
"18,30 : 292.21"
"18,31 : 419.01"
"18,32 : 431.11"
"18,33 : 848.46"
"18,34 : 392.24"
"18,35 : 588.23"
"18,36 : 305.18"
"18,37 : 540.34"
"18,38 : 509.62"
"18,39 : 577.23"
"18,40 : 772.61"
"18,41 : 498.69"
"18,42 : 685.06"
"18,43 : 524.58"
"18,44 : 249.62"
"18,45 : 481.85"
"18,46 : 586.23"
"18,47 : 609.23"
"18,48 : 383.02"
"18,49 : 146.49"
"18,50 : 563.59"
"18,51 : 419.23"
"18,52 : 500.21"
"18,53 : 790.8"
"18,54 : 273.83"
"18,55 : 459.24"
"18,56 : 544.41"
"18,57 : 348.04"
"18,58 : 581.28"
"18,59 : 731.12"
"18,60 : 616.76"
"18,61 : 698.38"
"18,62 : 195.9"
"18,63 : 772.87"
"18,64 : 420.03"
"18,65 : 289.5"
"18,66 : 725.0"
"18,67 : 154.4"
"18,68 : 254.69"
"18,69 : 601.8"
"18,70 : 345.97"
"18,71 : 326.47"
"18,72 : 194.49"
"18,73 : 383.73"
"18,74 : 466.23"
"18,75 : 93.94"
"18,76 : 307.61"
"18,77 : 788.06"
"18,78 : 591.26"
"18,79 : 547.49"
"18,80 : 599.61"
"18,81 : 356.01"
"18,82 : 610.89"
"18,83 : 165.89"
"18,84 : 136.82"
"18,85 : 103.0"
"18,86 : 141.4"
"18,87 : 604.12"
"18,88 : 422.17"
"18,89 : 729.79"
"18,90 : 279.87"
"18,91 : 735.1"
"18,92 : 727.32"
"18,93 : 595.02"
"18,94 : 581.67"
"18,95 : 757.7"
"18,96 : 78.26"
"18,97 : 284.43"
"18,98 : 496.79"
"18,99 : 510.05"
"19,0 : 491.89"
"19,1 : 341.29"
"19,2 : 202.07"
"19,3 : 198.04"
"19,4 : 417.71"
"19,5 : 265.34"
"19,6 : 170.36"
"19,7 : 158.26"
"19,8 : 933.51"
"19,9 : 497.0"
"19,10 : 977.39"
"19,11 : 474.91"
"19,12 : 947.54"
"19,13 : 647.15"
"19,14 : 205.77"
"19,15 : 688.9"
"19,16 : 314.8"
"19,17 : 444.08"
"19,18 : 424.91"
"19,19 : 0.0"
"19,20 : 314.88"
"19,21 : 935.93"
"19,22 : 553.39"
"19,23 : 928.71"
"19,24 : 342.03"
"19,25 : 672.08"
"19,26 : 527.28"
"19,27 : 584.0"
"19,28 : 326.47"
"19,29 : 669.35"
"19,30 : 457.92"
"19,31 : 743.04"
"19,32 : 855.99"
"19,33 : 993.0"
"19,34 : 351.5"
"19,35 : 976.86"
"19,36 : 263.5"
"19,37 : 717.96"
"19,38 : 856.28"
"19,39 : 938.67"
"19,40 : 475.04"
"19,41 : 850.85"
"19,42 : 966.11"
"19,43 : 847.81"
"19,44 : 202.8"
"19,45 : 814.03"
"19,46 : 1003.84"
"19,47 : 800.6"
"19,48 : 274.61"
"19,49 : 476.11"
"19,50 : 230.14"
"19,51 : 732.5"
"19,52 : 447.33"
"19,53 : 505.12"
"19,54 : 693.95"
"19,55 : 883.23"
"19,56 : 854.87"
"19,57 : 772.79"
"19,58 : 813.32"
"19,59 : 647.09"
"19,60 : 854.53"
"19,61 : 772.43"
"19,62 : 505.1"
"19,63 : 986.91"
"19,64 : 781.23"
"19,65 : 689.23"
"19,66 : 431.2"
"19,67 : 336.44"
"19,68 : 640.05"
"19,69 : 592.99"
"19,70 : 768.83"
"19,71 : 328.67"
"19,72 : 553.74"
"19,73 : 808.57"
"19,74 : 662.73"
"19,75 : 487.63"
"19,76 : 715.16"
"19,77 : 966.11"
"19,78 : 588.54"
"19,79 : 718.27"
"19,80 : 294.53"
"19,81 : 422.59"
"19,82 : 270.6"
"19,83 : 503.49"
"19,84 : 469.32"
"19,85 : 480.39"
"19,86 : 563.52"
"19,87 : 1024.24"
"19,88 : 51.87"
"19,89 : 794.97"
"19,90 : 268.16"
"19,91 : 568.95"
"19,92 : 816.54"
"19,93 : 277.46"
"19,94 : 508.28"
"19,95 : 788.39"
"19,96 : 350.89"
"19,97 : 400.0"
"19,98 : 913.33"
"19,99 : 697.65"
"20,0 : 178.27"
"20,1 : 90.62"
"20,2 : 115.21"
"20,3 : 121.02"
"20,4 : 457.22"
"20,5 : 144.9"
"20,6 : 159.15"
"20,7 : 310.72"
"20,8 : 623.93"
"20,9 : 303.27"
"20,10 : 682.45"
"20,11 : 393.36"
"20,12 : 635.69"
"20,13 : 377.11"
"20,14 : 177.61"
"20,15 : 374.02"
"20,16 : 312.54"
"20,17 : 317.93"
"20,18 : 275.06"
"20,19 : 314.88"
"20,20 : 0.0"
"20,21 : 640.34"
"20,22 : 238.52"
"20,23 : 720.56"
"20,24 : 356.19"
"20,25 : 430.74"
"20,26 : 234.8"
"20,27 : 285.95"
"20,28 : 54.23"
"20,29 : 445.65"
"20,30 : 502.54"
"20,31 : 440.39"
"20,32 : 646.3"
"20,33 : 699.66"
"20,34 : 118.42"
"20,35 : 695.44"
"20,36 : 395.71"
"20,37 : 408.79"
"20,38 : 556.66"
"20,39 : 642.48"
"20,40 : 511.85"
"20,41 : 553.64"
"20,42 : 651.53"
"20,43 : 541.01"
"20,44 : 137.0"
"20,45 : 510.9"
"20,46 : 756.31"
"20,47 : 491.04"
"20,48 : 118.14"
"20,49 : 222.14"
"20,50 : 339.12"
"20,51 : 427.17"
"20,52 : 233.14"
"20,53 : 526.16"
"20,54 : 471.65"
"20,55 : 662.29"
"20,56 : 545.0"
"20,57 : 565.35"
"20,58 : 499.08"
"20,59 : 468.48"
"20,60 : 540.24"
"20,61 : 499.77"
"20,62 : 227.75"
"20,63 : 676.57"
"20,64 : 491.65"
"20,65 : 558.58"
"20,66 : 465.57"
"20,67 : 120.83"
"20,68 : 379.98"
"20,69 : 356.75"
"20,70 : 548.86"
"20,71 : 453.79"
"20,72 : 291.32"
"20,73 : 600.48"
"20,74 : 349.37"
"20,75 : 274.05"
"20,76 : 571.54"
"20,77 : 662.72"
"20,78 : 348.01"
"20,79 : 410.47"
"20,80 : 355.61"
"20,81 : 526.97"
"20,82 : 381.61"
"20,83 : 432.35"
"20,84 : 220.64"
"20,85 : 375.4"
"20,86 : 365.31"
"20,87 : 782.13"
"20,88 : 279.31"
"20,89 : 527.41"
"20,90 : 378.35"
"20,91 : 460.54"
"20,92 : 538.89"
"20,93 : 357.11"
"20,94 : 315.07"
"20,95 : 538.35"
"20,96 : 252.1"
"20,97 : 466.5"
"20,98 : 667.31"
"20,99 : 386.24"
"21,0 : 500.55"
"21,1 : 594.78"
"21,2 : 752.13"
"21,3 : 758.87"
"21,4 : 806.77"
"21,5 : 677.03"
"21,6 : 765.57"
"21,7 : 950.34"
"21,8 : 406.23"
"21,9 : 494.23"
"21,10 : 552.73"
"21,11 : 639.67"
"21,12 : 376.13"
"21,13 : 597.86"
"21,14 : 814.23"
"21,15 : 340.33"
"21,16 : 737.62"
"21,17 : 589.48"
"21,18 : 573.36"
"21,19 : 935.93"
"21,20 : 640.34"
"21,21 : 0.0"
"21,22 : 433.59"
"21,23 : 392.9"
"21,24 : 950.92"
"21,25 : 325.6"
"21,26 : 551.99"
"21,27 : 354.94"
"21,28 : 658.24"
"21,29 : 728.69"
"21,30 : 828.36"
"21,31 : 202.74"
"21,32 : 369.9"
"21,33 : 570.5"
"21,34 : 683.57"
"21,35 : 102.49"
"21,36 : 878.24"
"21,37 : 413.3"
"21,38 : 86.76"
"21,39 : 5.0"
"21,40 : 1081.58"
"21,41 : 86.83"
"21,42 : 241.47"
"21,43 : 130.3"
"21,44 : 733.2"
"21,45 : 137.44"
"21,46 : 273.31"
"21,47 : 395.06"
"21,48 : 740.22"
"21,49 : 465.52"
"21,50 : 970.35"
"21,51 : 219.94"
"21,52 : 704.17"
"21,53 : 1082.2"
"21,54 : 353.67"
"21,55 : 336.93"
"21,56 : 153.7"
"21,57 : 373.12"
"21,58 : 318.12"
"21,59 : 823.97"
"21,60 : 310.52"
"21,61 : 604.7"
"21,62 : 431.23"
"21,63 : 412.17"
"21,64 : 156.39"
"21,65 : 558.14"
"21,66 : 1043.71"
"21,67 : 601.12"
"21,68 : 318.69"
"21,69 : 680.71"
"21,70 : 338.97"
"21,71 : 897.49"
"21,72 : 390.85"
"21,73 : 370.62"
"21,74 : 392.44"
"21,75 : 481.66"
"21,76 : 531.79"
"21,77 : 482.13"
"21,78 : 670.32"
"21,79 : 424.34"
"21,80 : 970.48"
"21,81 : 910.77"
"21,82 : 1007.57"
"21,83 : 654.77"
"21,84 : 473.83"
"21,85 : 607.03"
"21,86 : 453.48"
"21,87 : 305.87"
"21,88 : 910.84"
"21,89 : 630.37"
"21,90 : 852.98"
"21,91 : 918.69"
"21,92 : 594.35"
"21,93 : 977.9"
"21,94 : 747.22"
"21,95 : 691.49"
"21,96 : 645.63"
"21,97 : 841.2"
"21,98 : 249.32"
"21,99 : 398.93"
"22,0 : 68.45"
"22,1 : 240.47"
"22,2 : 352.8"
"22,3 : 357.95"
"22,4 : 604.61"
"22,5 : 339.2"
"22,6 : 392.84"
"22,7 : 532.29"
"22,8 : 395.78"
"22,9 : 324.53"
"22,10 : 477.59"
"22,11 : 481.11"
"22,12 : 403.19"
"22,13 : 256.38"
"22,14 : 394.73"
"22,15 : 135.59"
"22,16 : 476.94"
"22,17 : 398.66"
"22,18 : 356.45"
"22,19 : 553.39"
"22,20 : 238.52"
"22,21 : 433.59"
"22,22 : 0.0"
"22,23 : 623.42"
"22,24 : 517.34"
"22,25 : 338.42"
"22,26 : 137.2"
"22,27 : 129.69"
"22,28 : 238.02"
"22,29 : 378.44"
"22,30 : 644.31"
"22,31 : 232.33"
"22,32 : 555.71"
"22,33 : 496.67"
"22,34 : 252.07"
"22,35 : 507.56"
"22,36 : 594.56"
"22,37 : 188.86"
"22,38 : 346.85"
"22,39 : 434.67"
"22,40 : 650.72"
"22,41 : 348.4"
"22,42 : 413.38"
"22,43 : 318.28"
"22,44 : 365.47"
"22,45 : 296.77"
"22,46 : 609.73"
"22,47 : 265.97"
"22,48 : 315.94"
"22,49 : 215.06"
"22,50 : 543.05"
"22,51 : 213.78"
"22,52 : 277.24"
"22,53 : 653.68"
"22,54 : 395.64"
"22,55 : 556.53"
"22,56 : 316.14"
"22,57 : 489.21"
"22,58 : 262.39"
"22,59 : 449.86"
"22,60 : 303.27"
"22,61 : 346.83"
"22,62 : 171.05"
"22,63 : 446.41"
"22,64 : 305.79"
"22,65 : 564.13"
"22,66 : 611.42"
"22,67 : 267.23"
"22,68 : 272.59"
"22,69 : 300.91"
"22,70 : 460.21"
"22,71 : 640.86"
"22,72 : 219.06"
"22,73 : 518.02"
"22,74 : 118.41"
"22,75 : 287.77"
"22,76 : 562.47"
"22,77 : 444.71"
"22,78 : 289.21"
"22,79 : 194.37"
"22,80 : 538.22"
"22,81 : 694.99"
"22,82 : 577.55"
"22,83 : 516.43"
"22,84 : 223.43"
"22,85 : 450.88"
"22,86 : 352.96"
"22,87 : 640.38"
"22,88 : 516.92"
"22,89 : 378.89"
"22,90 : 572.72"
"22,91 : 511.33"
"22,92 : 372.33"
"22,93 : 546.73"
"22,94 : 334.69"
"22,95 : 414.93"
"22,96 : 386.53"
"22,97 : 625.8"
"22,98 : 529.84"
"22,99 : 160.7"
"23,0 : 668.17"
"23,1 : 638.38"
"23,2 : 802.11"
"23,3 : 809.92"
"23,4 : 633.24"
"23,5 : 673.7"
"23,6 : 776.61"
"23,7 : 1005.26"
"23,8 : 778.54"
"23,9 : 436.0"
"23,10 : 922.43"
"23,11 : 483.86"
"23,12 : 753.64"
"23,13 : 864.53"
"23,14 : 889.85"
"23,15 : 610.46"
"23,16 : 638.49"
"23,17 : 487.68"
"23,18 : 503.83"
"23,19 : 928.71"
"23,20 : 720.56"
"23,21 : 392.9"
"23,22 : 623.42"
"23,23 : 0.0"
"23,24 : 1076.31"
"23,25 : 294.61"
"23,26 : 760.35"
"23,27 : 494.89"
"23,28 : 762.84"
"23,29 : 994.97"
"23,30 : 633.26"
"23,31 : 450.63"
"23,32 : 74.52"
"23,33 : 941.65"
"23,34 : 814.19"
"23,35 : 313.08"
"23,36 : 765.44"
"23,37 : 710.03"
"23,38 : 415.56"
"23,39 : 397.6"
"23,40 : 1229.71"
"23,41 : 399.13"
"23,42 : 630.34"
"23,43 : 473.77"
"23,44 : 746.09"
"23,45 : 443.04"
"23,46 : 163.52"
"23,47 : 727.67"
"23,48 : 838.63"
"23,49 : 498.51"
"23,50 : 1050.19"
"23,51 : 471.29"
"23,52 : 885.86"
"23,53 : 1240.95"
"23,54 : 248.91"
"23,55 : 68.41"
"23,56 : 507.01"
"23,57 : 157.63"
"23,58 : 657.04"
"23,59 : 1072.74"
"23,60 : 666.01"
"23,61 : 915.66"
"23,62 : 502.58"
"23,63 : 794.57"
"23,64 : 367.41"
"23,65 : 292.08"
"23,66 : 1184.46"
"23,67 : 622.67"
"23,68 : 356.13"
"23,69 : 923.12"
"23,70 : 172.0"
"23,71 : 753.98"
"23,72 : 435.74"
"23,73 : 121.61"
"23,74 : 655.92"
"23,75 : 454.49"
"23,76 : 257.05"
"23,77 : 855.52"
"23,78 : 911.45"
"23,79 : 721.62"
"23,80 : 1074.96"
"23,81 : 726.4"
"23,82 : 1095.76"
"23,83 : 474.13"
"23,84 : 499.98"
"23,85 : 464.66"
"23,86 : 368.32"
"23,87 : 154.3"
"23,88 : 924.73"
"23,89 : 946.1"
"23,90 : 742.2"
"23,91 : 1129.11"
"23,92 : 919.81"
"23,93 : 1074.61"
"23,94 : 953.71"
"23,95 : 999.25"
"23,96 : 578.72"
"23,97 : 671.25"
"23,98 : 143.59"
