x,y
594,713
359,18
170,705
271,980
466,520
870,444
838,859
283,684
660,642
522,432
694,560
14,224
28,131
926,417
512,135
725,212
745,126
923,721
422,389
301,885
699,167
672,449
473,83
339,347
411,27
113,506
977,337
232,472
731,58
108,918
529,816
432,846
545,188
111,83
137,464
654,975
789,930
288,751
401,744
275,999
194,173
847,882
109,119
69,322
602,963
156,891
589,17
675,288
387,400
289,251
331,470
838,223
161,75
655,711
201,306
667,953
242,313
17,841
659,635
679,895
936,550
691,876
496,816
372,310
26,457
58,835
842,964
465,569
428,972
733,32
923,96
457,767
718,127
764,975
960,191
187,399
248,689
393,13
640,460
183,927
854,137
809,124
162,221
576,185
261,619
539,702
875,638
77,526
36,372
835,551
68,36
283,914
926,969
424,358
687,911
874,698
740,61
467,165
137,340
966,250

Distanze
"0,0 : 0.0"
"0,1 : 733.66"
"0,2 : 424.08"
"0,3 : 419.07"
"0,4 : 231.59"
"0,5 : 385.4"
"0,6 : 284.34"
"0,7 : 312.35"
"0,8 : 96.94"
"0,9 : 290.08"
"0,10 : 182.78"
"0,11 : 758.63"
"0,12 : 811.84"
"0,13 : 444.79"
"0,14 : 583.79"
"0,15 : 517.84"
"0,16 : 606.11"
"0,17 : 329.1"
"0,18 : 366.82"
"0,19 : 339.75"
"0,20 : 556.0"
"0,21 : 275.28"
"0,22 : 641.51"
"0,23 : 446.07"
"0,24 : 709.99"
"0,25 : 523.65"
"0,26 : 536.72"
"0,27 : 434.89"
"0,28 : 669.17"
"0,29 : 527.47"
"0,30 : 121.79"
"0,31 : 209.6"
"0,32 : 527.28"
"0,33 : 793.84"
"0,34 : 520.43"
"0,35 : 268.78"
"0,36 : 291.74"
"0,37 : 308.35"
"0,38 : 195.47"
"0,39 : 428.44"
"0,40 : 672.01"
"0,41 : 304.25"
"0,42 : 766.85"
"0,43 : 654.6"
"0,44 : 250.13"
"0,45 : 472.79"
"0,46 : 696.02"
"0,47 : 432.65"
"0,48 : 375.26"
"0,49 : 553.6"
"0,50 : 358.08"
"0,51 : 547.39"
"0,52 : 771.06"
"0,53 : 61.03"
"0,54 : 565.77"
"0,55 : 250.86"
"0,56 : 532.83"
"0,57 : 591.03"
"0,58 : 101.53"
"0,59 : 200.87"
"0,60 : 378.86"
"0,61 : 189.68"
"0,62 : 142.17"
"0,63 : 460.1"
"0,64 : 623.02"
"0,65 : 549.71"
"0,66 : 352.85"
"0,67 : 193.33"
"0,68 : 307.63"
"0,69 : 695.04"
"0,70 : 699.24"
"0,71 : 147.26"
"0,72 : 598.98"
"0,73 : 312.32"
"0,74 : 637.53"
"0,75 : 514.05"
"0,76 : 346.83"
"0,77 : 728.29"
"0,78 : 257.15"
"0,79 : 463.38"
"0,80 : 631.96"
"0,81 : 627.01"
"0,82 : 654.74"
"0,83 : 528.31"
"0,84 : 346.01"
"0,85 : 56.09"
"0,86 : 290.84"
"0,87 : 549.78"
"0,88 : 653.95"
"0,89 : 290.39"
"0,90 : 857.32"
"0,91 : 370.3"
"0,92 : 419.24"
"0,93 : 393.61"
"0,94 : 218.75"
"0,95 : 280.4"
"0,96 : 668.15"
"0,97 : 562.52"
"0,98 : 589.9"
"0,99 : 593.93"
"1,0 : 733.66"
"1,1 : 0.0"
"1,2 : 712.52"
"1,3 : 966.02"
"1,4 : 513.28"
"1,5 : 665.28"
"1,6 : 967.84"
"1,7 : 670.32"
"1,8 : 692.8"
"1,9 : 444.93"
"1,10 : 637.17"
"1,11 : 401.82"
"1,12 : 349.76"
"1,13 : 693.32"
"1,14 : 192.61"
"1,15 : 414.24"
"1,16 : 400.82"
"1,17 : 901.28"
"1,18 : 376.31"
"1,19 : 868.94"
"1,20 : 371.22"
"1,21 : 532.66"
"1,22 : 131.23"
"1,23 : 329.61"
"1,24 : 52.77"
"1,25 : 546.5"
"1,26 : 695.47"
"1,27 : 471.43"
"1,28 : 374.14"
"1,29 : 934.35"
"1,30 : 815.91"
"1,31 : 831.21"
"1,32 : 251.98"
"1,33 : 256.38"
"1,34 : 498.2"
"1,35 : 1001.44"
"1,36 : 1008.29"
"1,37 : 736.43"
"1,38 : 727.21"
"1,39 : 984.59"
"1,40 : 226.38"
"1,41 : 992.29"
"1,42 : 269.63"
"1,43 : 420.14"
"1,44 : 975.74"
"1,45 : 896.29"
"1,46 : 230.0"
"1,47 : 415.64"
"1,48 : 383.02"
"1,49 : 243.29"
"1,50 : 452.87"
"1,51 : 521.02"
"1,52 : 206.04"
"1,53 : 753.57"
"1,54 : 328.49"
"1,55 : 984.42"
"1,56 : 317.35"
"1,57 : 891.23"
"1,58 : 686.07"
"1,59 : 933.56"
"1,60 : 784.83"
"1,61 : 919.99"
"1,62 : 809.67"
"1,63 : 292.29"
"1,64 : 551.01"
"1,65 : 870.68"
"1,66 : 1062.17"
"1,67 : 561.1"
"1,68 : 956.49"
"1,69 : 374.26"
"1,70 : 569.37"
"1,71 : 755.38"
"1,72 : 375.18"
"1,73 : 1039.17"
"1,74 : 625.4"
"1,75 : 418.03"
"1,76 : 680.12"
"1,77 : 34.37"
"1,78 : 523.76"
"1,79 : 925.88"
"1,80 : 509.1"
"1,81 : 462.32"
"1,82 : 282.87"
"1,83 : 273.82"
"1,84 : 608.94"
"1,85 : 707.29"
"1,86 : 806.63"
"1,87 : 581.02"
"1,88 : 479.21"
"1,89 : 714.61"
"1,90 : 291.56"
"1,91 : 899.22"
"1,92 : 1107.2"
"1,93 : 346.16"
"1,94 : 951.33"
"1,95 : 853.01"
"1,96 : 383.42"
"1,97 : 182.41"
"1,98 : 391.11"
"1,99 : 649.83"
"2,0 : 424.08"
"2,1 : 712.52"
"2,2 : 0.0"
"2,3 : 292.96"
"2,4 : 349.06"
"2,5 : 747.07"
"2,6 : 685.52"
"2,7 : 114.93"
"2,8 : 494.03"
"2,9 : 445.46"
"2,10 : 543.69"
"2,11 : 505.66"
"2,12 : 591.3"
"2,13 : 809.0"
"2,14 : 664.73"
"2,15 : 742.34"
"2,16 : 816.01"
"2,17 : 753.17"
"2,18 : 404.18"
"2,19 : 222.62"
"2,20 : 754.51"
"2,21 : 563.51"
"2,22 : 691.88"
"2,23 : 395.89"
"2,24 : 719.56"
"2,25 : 207.0"
"2,26 : 886.95"
"2,27 : 241.11"
"2,28 : 856.35"
"2,29 : 221.84"
"2,30 : 375.77"
"2,31 : 297.53"
"2,32 : 638.68"
"2,33 : 624.79"
"2,34 : 243.25"
"2,35 : 554.22"
"2,36 : 658.62"
"2,37 : 126.65"
"2,38 : 234.27"
"2,39 : 312.19"
"2,40 : 532.54"
"2,41 : 699.76"
"2,42 : 589.17"
"2,43 : 396.09"
"2,44 : 503.18"
"2,45 : 186.53"
"2,46 : 805.55"
"2,47 : 654.92"
"2,48 : 374.32"
"2,49 : 469.34"
"2,50 : 284.86"
"2,51 : 823.74"
"2,52 : 630.06"
"2,53 : 485.04"
"2,54 : 400.2"
"2,55 : 555.44"
"2,56 : 398.56"
"2,57 : 204.71"
"2,58 : 493.98"
"2,59 : 543.31"
"2,60 : 781.52"
"2,61 : 548.34"
"2,62 : 344.38"
"2,63 : 443.65"
"2,64 : 286.78"
"2,65 : 171.59"
"2,66 : 720.18"
"2,67 : 324.84"
"2,68 : 371.29"
"2,69 : 877.44"
"2,70 : 968.45"
"2,71 : 293.62"
"2,72 : 796.48"
"2,73 : 652.48"
"2,74 : 942.49"
"2,75 : 306.47"
"2,76 : 79.62"
"2,77 : 727.04"
"2,78 : 530.02"
"2,79 : 222.38"
"2,80 : 889.09"
"2,81 : 863.64"
"2,82 : 484.07"
"2,83 : 659.72"
"2,84 : 125.21"
"2,85 : 369.01"
"2,86 : 708.18"
"2,87 : 201.72"
"2,88 : 358.95"
"2,89 : 682.6"
"2,90 : 676.73"
"2,91 : 237.59"
"2,92 : 800.77"
"2,93 : 430.03"
"2,94 : 556.53"
"2,95 : 704.03"
"2,96 : 860.02"
"2,97 : 616.29"
"2,98 : 366.49"
"2,99 : 916.86"
"3,0 : 419.07"
"3,1 : 966.02"
"3,2 : 292.96"
"3,3 : 0.0"
"3,4 : 499.62"
"3,5 : 803.8"
"3,6 : 579.77"
"3,7 : 296.24"
"3,8 : 515.33"
"3,9 : 602.75"
"3,10 : 596.09"
"3,11 : 798.49"
"3,12 : 883.09"
"3,13 : 863.71"
"3,14 : 878.7"
"3,15 : 892.15"
"3,16 : 976.73"
"3,17 : 701.56"
"3,18 : 609.99"
"3,19 : 99.62"
"3,20 : 918.78"
"3,21 : 665.4"
"3,22 : 919.46"
"3,23 : 636.64"
"3,24 : 963.23"
"3,25 : 499.64"
"3,26 : 954.93"
"3,27 : 509.49"
"3,28 : 1030.38"
"3,29 : 174.39"
"3,30 : 305.71"
"3,31 : 209.47"
"3,32 : 838.06"
"3,33 : 911.16"
"3,34 : 533.12"
"3,35 : 383.03"
"3,36 : 520.41"
"3,37 : 229.63"
"3,38 : 269.44"
"3,39 : 19.42"
"3,40 : 810.67"
"3,41 : 584.28"
"3,42 : 876.11"
"3,43 : 688.31"
"3,44 : 331.44"
"3,45 : 145.42"
"3,46 : 1014.15"
"3,47 : 801.3"
"3,48 : 591.49"
"3,49 : 729.22"
"3,50 : 513.52"
"3,51 : 945.8"
"3,52 : 911.66"
"3,53 : 468.85"
"3,54 : 677.63"
"3,55 : 396.92"
"3,56 : 667.63"
"3,57 : 289.55"
"3,58 : 519.2"
"3,59 : 416.76"
"3,60 : 791.91"
"3,61 : 432.68"
"3,62 : 278.43"
"3,63 : 677.57"
"3,64 : 577.54"
"3,65 : 257.67"
"3,66 : 571.22"
"3,67 : 454.49"
"3,68 : 157.2"
"3,69 : 1054.58"
"3,70 : 1098.44"
"3,71 : 282.78"
"3,72 : 963.03"
"3,73 : 493.03"
"3,74 : 1047.49"
"3,75 : 587.04"
"3,76 : 291.91"
"3,77 : 974.67"
"3,78 : 637.62"
"3,79 : 102.73"
"3,80 : 1024.96"
"3,81 : 1011.03"
"3,82 : 766.79"
"3,83 : 851.5"
"3,84 : 361.14"
"3,85 : 386.15"
"3,86 : 694.1"
"3,87 : 493.71"
"3,88 : 651.84"
"3,89 : 708.62"
"3,90 : 965.58"
"3,91 : 67.08"
"3,92 : 655.09"
"3,93 : 640.54"
"3,94 : 421.68"
"3,95 : 665.68"
"3,96 : 1031.76"
"3,97 : 838.24"
"3,98 : 653.88"
"3,99 : 1007.93"
"4,0 : 231.59"
"4,1 : 513.28"
"4,2 : 349.06"
"4,3 : 499.62"
"4,4 : 0.0"
"4,5 : 411.09"
"4,6 : 503.29"
"4,7 : 245.73"
"4,8 : 229.17"
"4,9 : 104.31"
"4,10 : 231.48"
"4,11 : 540.3"
"4,12 : 585.8"
"4,13 : 471.39"
"4,14 : 387.74"
"4,15 : 402.42"
"4,16 : 482.78"
"4,17 : 499.25"
"4,18 : 138.19"
"4,19 : 400.56"
"4,20 : 422.96"
"4,21 : 217.89"
"4,22 : 437.06"
"4,23 : 214.61"
"4,24 : 496.06"
"4,25 : 353.28"
"4,26 : 542.78"
"4,27 : 238.87"
"4,28 : 532.61"
"4,29 : 535.32"
"4,30 : 302.63"
"4,31 : 327.77"
"4,32 : 341.27"
"4,33 : 563.02"
"4,34 : 333.73"
"4,35 : 492.31"
"4,36 : 521.95"
"4,37 : 291.62"
"4,38 : 233.24"
"4,39 : 515.68"
"4,40 : 440.9"
"4,41 : 525.55"
"4,42 : 536.89"
"4,43 : 443.64"
"4,44 : 463.41"
"4,45 : 483.47"
"4,46 : 517.82"
"4,47 : 312.26"
"4,48 : 143.67"
"4,49 : 322.01"
"4,50 : 143.96"
"4,51 : 476.02"
"4,52 : 539.49"
"4,53 : 268.7"
"4,54 : 340.62"
"4,55 : 477.38"
"4,56 : 305.0"
"4,57 : 551.94"
"4,58 : 224.66"
"4,59 : 431.27"
"4,60 : 470.96"
"4,61 : 421.14"
"4,62 : 297.52"
"4,63 : 230.08"
"4,64 : 444.49"
"4,65 : 515.45"
"4,66 : 581.82"
"4,67 : 49.01"
"4,68 : 453.59"
"4,69 : 556.27"
"4,70 : 623.4"
"4,71 : 247.16"
"4,72 : 466.85"
"4,73 : 543.9"
"4,74 : 593.53"
"4,75 : 304.11"
"4,76 : 275.84"
"4,77 : 512.23"
"4,78 : 184.05"
"4,79 : 495.72"
"4,80 : 545.19"
"4,81 : 523.89"
"4,82 : 426.4"
"4,83 : 352.6"
"4,84 : 227.65"
"4,85 : 196.09"
"4,86 : 425.68"
"4,87 : 389.05"
"4,88 : 454.76"
"4,89 : 370.3"
"4,90 : 626.63"
"4,91 : 434.42"
"4,92 : 642.81"
"4,93 : 167.36"
"4,94 : 449.13"
"4,95 : 445.14"
"4,96 : 534.56"
"4,97 : 355.0"
"4,98 : 375.02"
"4,99 : 568.24"
"5,0 : 385.4"
"5,1 : 665.28"
"5,2 : 747.07"
"5,3 : 803.8"
"5,4 : 411.09"
"5,5 : 0.0"
"5,6 : 416.23"
"5,7 : 634.17"
"5,8 : 288.62"
"5,9 : 348.21"
"5,10 : 210.79"
"5,11 : 883.82"
"5,12 : 898.29"
"5,13 : 62.17"
"5,14 : 472.91"
"5,15 : 273.59"
"5,16 : 341.69"
"5,17 : 282.02"
"5,18 : 451.36"
"5,19 : 719.89"
"5,20 : 325.53"
"5,21 : 198.06"
"5,22 : 536.59"
"5,23 : 539.79"
"5,24 : 620.14"
"5,25 : 759.53"
"5,26 : 151.32"
"5,27 : 638.61"
"5,28 : 410.26"
"5,29 : 897.4"
"5,30 : 504.64"
"5,31 : 594.51"
"5,32 : 413.72"
"5,33 : 840.48"
"5,34 : 733.27"
"5,35 : 573.25"
"5,36 : 492.7"
"5,37 : 658.01"
"5,38 : 556.74"
"5,39 : 813.66"
"5,40 : 728.3"
"5,41 : 438.6"
"5,42 : 827.49"
"5,43 : 810.24"
"5,44 : 584.11"
"5,45 : 842.38"
"5,46 : 511.17"
"5,47 : 249.72"
"5,48 : 485.0"
"5,49 : 612.22"
"5,50 : 539.63"
"5,51 : 223.3"
"5,52 : 799.28"
"5,53 : 342.8"
"5,54 : 683.08"
"5,55 : 547.99"
"5,56 : 641.52"
"5,57 : 940.86"
"5,58 : 284.61"
"5,59 : 489.78"
"5,60 : 124.87"
"5,61 : 467.62"
"5,62 : 527.5"
"5,63 : 515.71"
"5,64 : 844.1"
"5,65 : 901.24"
"5,66 : 520.75"
"5,67 : 423.85"
"5,68 : 688.58"
"5,69 : 434.18"
"5,70 : 352.01"
"5,71 : 524.31"
"5,72 : 351.56"
"5,73 : 541.48"
"5,74 : 268.53"
"5,75 : 684.48"
"5,76 : 668.51"
"5,77 : 642.88"
"5,78 : 230.56"
"5,79 : 839.8"
"5,80 : 307.42"
"5,81 : 325.76"
"5,82 : 742.29"
"5,83 : 391.81"
"5,84 : 633.65"
"5,85 : 419.67"
"5,86 : 194.06"
"5,87 : 797.23"
"5,88 : 837.1"
"5,89 : 112.58"
"5,90 : 899.82"
"5,91 : 751.98"
"5,92 : 527.98"
"5,93 : 454.22"
"5,94 : 501.58"
"5,95 : 254.03"
"5,96 : 404.46"
"5,97 : 490.15"
"5,98 : 740.34"
"5,99 : 216.45"
"6,0 : 284.34"
"6,1 : 967.84"
"6,2 : 685.52"
"6,3 : 579.77"
"6,4 : 503.29"
"6,5 : 416.23"
"6,6 : 0.0"
"6,7 : 581.94"
"6,8 : 280.67"
"6,9 : 531.21"
"6,10 : 331.87"
"6,11 : 1040.29"
"6,12 : 1089.07"
"6,13 : 450.68"
"6,14 : 794.01"
"6,15 : 656.79"
"6,16 : 738.88"
"6,17 : 162.08"
"6,18 : 627.66"
"6,19 : 537.63"
"6,20 : 705.82"
"6,21 : 442.33"
"6,22 : 857.56"
"6,23 : 714.94"
"6,24 : 935.18"
"6,25 : 806.37"
"6,26 : 540.19"
"6,27 : 719.03"
"6,28 : 808.12"
"6,29 : 732.38"
"6,30 : 311.98"
"6,31 : 406.21"
"6,32 : 732.18"
"6,33 : 1063.35"
"6,34 : 804.63"
"6,35 : 217.51"
"6,36 : 86.27"
"6,37 : 560.5"
"6,38 : 451.88"
"6,39 : 580.15"
"6,40 : 940.92"
"6,41 : 24.7"
"6,42 : 1038.77"
"6,43 : 937.94"
"6,44 : 257.9"
"6,45 : 682.75"
"6,46 : 878.05"
"6,47 : 593.81"
"6,48 : 643.49"
"6,49 : 819.19"
"6,50 : 639.04"
"6,51 : 636.0"
"6,52 : 1035.85"
"6,53 : 235.36"
"6,54 : 843.55"
"6,55 : 195.13"
"6,56 : 808.29"
"6,57 : 821.2"
"6,58 : 286.74"
"6,59 : 163.02"
"6,60 : 324.17"
"6,61 : 147.98"
"6,62 : 344.69"
"6,63 : 720.11"
"6,64 : 906.06"
"6,65 : 780.37"
"6,66 : 105.08"
"6,67 : 472.47"
"6,68 : 425.29"
"6,69 : 833.64"
"6,70 : 767.72"
"6,71 : 391.95"
"6,72 : 741.77"
"6,73 : 137.59"
"6,74 : 679.05"
"6,75 : 797.12"
"6,76 : 614.0"
"6,77 : 955.9"
"6,78 : 445.43"
"6,79 : 658.52"
"6,80 : 722.18"
"6,81 : 735.57"
"6,82 : 929.53"
"6,83 : 723.13"
"6,84 : 624.92"
"6,85 : 337.71"
"6,86 : 224.08"
"6,87 : 830.67"
"6,88 : 938.28"
"6,89 : 308.01"
"6,90 : 1127.04"
"6,91 : 557.72"
"6,92 : 140.87"
"6,93 : 649.92"
"6,94 : 159.7"
"6,95 : 164.98"
"6,96 : 804.0"
"6,97 : 786.94"
"6,98 : 872.22"
"6,99 : 622.31"
"7,0 : 312.35"
"7,1 : 670.32"
"7,2 : 114.93"
"7,3 : 296.24"
"7,4 : 245.73"
"7,5 : 634.17"
"7,6 : 581.94"
"7,7 : 0.0"
"7,8 : 379.33"
"7,9 : 347.31"
"7,10 : 429.3"
"7,11 : 532.88"
"7,12 : 608.96"
"7,13 : 696.23"
"7,14 : 594.85"
"7,15 : 646.64"
"7,16 : 724.44"
"7,17 : 641.07"
"7,18 : 326.11"
"7,19 : 201.8"
"7,20 : 663.58"
"7,21 : 454.47"
"7,22 : 630.32"
"7,23 : 341.62"
"7,24 : 669.35"
"7,25 : 246.14"
"7,26 : 775.92"
"7,27 : 218.05"
"7,28 : 769.79"
"7,29 : 292.2"
"7,30 : 279.18"
"7,31 : 220.1"
"7,32 : 560.95"
"7,33 : 625.13"
"7,34 : 264.04"
"7,35 : 471.51"
"7,36 : 562.63"
"7,37 : 67.19"
"7,38 : 132.38"
"7,39 : 315.1"
"7,40 : 518.69"
"7,41 : 597.75"
"7,42 : 591.19"
"7,43 : 420.52"
"7,44 : 423.79"
"7,45 : 242.85"
"7,46 : 733.84"
"7,47 : 557.21"
"7,48 : 302.44"
"7,49 : 433.04"
"7,50 : 219.32"
"7,51 : 721.49"
"7,52 : 621.1"
"7,53 : 372.98"
"7,54 : 386.79"
"7,55 : 468.85"
"7,56 : 373.26"
"7,57 : 308.88"
"7,58 : 379.18"
"7,59 : 448.71"
"7,60 : 666.61"
"7,61 : 450.92"
"7,62 : 250.59"
"7,63 : 384.44"
"7,64 : 342.9"
"7,65 : 270.97"
"7,66 : 625.2"
"7,67 : 215.29"
"7,68 : 322.44"
"7,69 : 792.21"
"7,70 : 869.11"
"7,71 : 192.78"
"7,72 : 706.73"
"7,73 : 562.18"
"7,74 : 837.48"
"7,75 : 300.73"
"7,76 : 35.36"
"7,77 : 679.96"
"7,78 : 421.46"
"7,79 : 262.77"
"7,80 : 790.73"
"7,81 : 768.29"
"7,82 : 478.55"
"7,83 : 578.66"
"7,84 : 68.62"
"7,85 : 256.63"
"7,86 : 593.78"
"7,87 : 259.62"
"7,88 : 397.94"
"7,89 : 567.8"
"7,90 : 682.74"
"7,91 : 230.0"
"7,92 : 703.33"
"7,93 : 355.19"
"7,94 : 463.41"
"7,95 : 591.17"
"7,96 : 772.64"
"7,97 : 550.65"
"7,98 : 373.7"
"7,99 : 809.22"
"8,0 : 96.94"
"8,1 : 692.8"
"8,2 : 494.03"
"8,3 : 515.33"
"8,4 : 229.17"
"8,5 : 288.62"
"8,6 : 280.67"
"8,7 : 379.33"
"8,8 : 0.0"
"8,9 : 251.28"
"8,10 : 88.77"
"8,11 : 769.44"
"8,12 : 812.74"
"8,13 : 348.4"
"8,14 : 528.16"
"8,15 : 434.89"
"8,16 : 522.95"
"8,17 : 274.61"
"8,18 : 347.35"
"8,19 : 433.51"
"8,20 : 476.6"
"8,21 : 193.37"
"8,22 : 589.45"
"8,23 : 435.97"
"8,24 : 663.5"
"8,25 : 563.65"
"8,26 : 439.9"
"8,27 : 460.53"
"8,28 : 588.3"
"8,29 : 617.15"
"8,30 : 217.8"
"8,31 : 305.94"
"8,32 : 468.34"
"8,33 : 783.51"
"8,34 : 552.46"
"8,35 : 333.05"
"8,36 : 315.57"
"8,37 : 387.64"
"8,38 : 278.36"
"8,39 : 525.05"
"8,40 : 661.15"
"8,41 : 304.25"
"8,42 : 759.69"
"8,43 : 672.07"
"8,44 : 326.2"
"8,45 : 562.15"
"8,46 : 629.02"
"8,47 : 354.32"
"8,48 : 364.82"
"8,49 : 539.0"
"8,50 : 371.25"
"8,51 : 455.24"
"8,52 : 755.31"
"8,53 : 69.18"
"8,54 : 568.84"
"8,55 : 311.08"
"8,56 : 531.94"
"8,57 : 673.09"
"8,58 : 7.07"
"8,59 : 253.71"
"8,60 : 290.93"
"8,61 : 236.04"
"8,62 : 239.11"
"8,63 : 439.51"
"8,64 : 660.44"
"8,65 : 632.18"
"8,66 : 369.88"
"8,67 : 208.22"
"8,68 : 403.39"
"8,69 : 614.35"
"8,70 : 606.04"
"8,71 : 238.4"
"8,72 : 518.26"
"8,73 : 348.86"
"8,74 : 541.67"
"8,75 : 531.77"
"8,76 : 414.67"
"8,77 : 683.32"
"8,78 : 183.1"
"8,79 : 555.66"
"8,80 : 540.98"
"8,81 : 539.0"
"8,82 : 652.11"
"8,83 : 464.66"
"8,84 : 399.66"
"8,85 : 135.06"
"8,86 : 215.04"
"8,87 : 594.43"
"8,88 : 679.91"
"8,89 : 197.25"
"8,90 : 847.17"
"8,91 : 464.88"
"8,92 : 421.53"
"8,93 : 369.26"
"8,94 : 270.35"
"8,95 : 221.21"
"8,96 : 586.48"
"8,97 : 514.57"
"8,98 : 603.93"
"8,99 : 497.29"
"9,0 : 290.08"
"9,1 : 444.93"
"9,2 : 445.46"
"9,3 : 602.75"
"9,4 : 104.31"
"9,5 : 348.21"
"9,6 : 531.21"
"9,7 : 347.31"
"9,8 : 251.28"
"9,9 : 0.0"
"9,10 : 214.4"
"9,11 : 548.93"
"9,12 : 578.48"
"9,13 : 404.28"
"9,14 : 297.17"
"9,15 : 299.35"
"9,16 : 378.64"
"9,17 : 494.29"
"9,18 : 108.85"
"9,19 : 504.03"
"9,20 : 318.68"
"9,21 : 150.96"
"9,22 : 352.42"
"9,23 : 201.78"
"9,24 : 419.94"
"9,25 : 415.64"
"9,26 : 464.81"
"9,27 : 292.75"
"9,28 : 428.44"
"9,29 : 638.43"
"9,30 : 384.06"
"9,31 : 423.67"
"9,32 : 245.08"
"9,33 : 539.19"
"9,34 : 386.33"
"9,35 : 558.81"
"9,36 : 565.06"
"9,37 : 395.62"
"9,38 : 334.64"
"9,39 : 618.46"
"9,40 : 417.93"
"9,41 : 555.09"
"9,42 : 518.21"
"9,43 : 466.16"
"9,44 : 536.99"
"9,45 : 587.06"
"9,46 : 420.37"
"9,47 : 210.11"
"9,48 : 138.74"
"9,49 : 295.04"
"9,50 : 194.74"
"9,51 : 378.86"
"9,52 : 507.71"
"9,53 : 309.08"
"9,54 : 344.84"
"9,55 : 540.8"
"9,56 : 304.24"
"9,57 : 649.85"
"9,58 : 244.9"
"9,59 : 488.89"
"9,60 : 430.49"
"9,61 : 475.08"
"9,62 : 384.88"
"9,63 : 193.35"
"9,64 : 496.63"
"9,65 : 614.58"
"9,66 : 620.83"
"9,67 : 148.38"
"9,68 : 548.12"
"9,69 : 452.24"
"9,70 : 523.16"
"9,71 : 341.25"
"9,72 : 362.55"
"9,73 : 594.49"
"9,74 : 499.92"
"9,75 : 336.62"
"9,76 : 375.67"
"9,77 : 438.41"
"9,78 : 121.28"
"9,79 : 599.95"
"9,80 : 444.13"
"9,81 : 420.99"
"9,82 : 417.28"
"9,83 : 252.83"
"9,84 : 321.08"
"9,85 : 270.53"
"9,86 : 408.71"
"9,87 : 454.82"
"9,88 : 489.69"
"9,89 : 334.86"
"9,90 : 602.44"
"9,91 : 538.0"
"9,92 : 672.0"
"9,93 : 122.8"
"9,94 : 506.62"
"9,95 : 441.2"
"9,96 : 430.31"
"9,97 : 272.61"
"9,98 : 395.84"
"9,99 : 479.85"
"10,0 : 182.78"
"10,1 : 637.17"
"10,2 : 543.69"
"10,3 : 596.09"
"10,4 : 231.48"
"10,5 : 210.79"
"10,6 : 331.87"
"10,7 : 429.3"
"10,8 : 88.77"
"10,9 : 214.4"
"10,10 : 0.0"
"10,11 : 758.48"
"10,12 : 792.21"
"10,13 : 272.53"
"10,14 : 462.33"
"10,15 : 349.38"
"10,16 : 436.99"
"10,17 : 279.93"
"10,18 : 321.29"
"10,19 : 509.97"
"10,20 : 393.03"
"10,21 : 113.16"
"10,22 : 525.71"
"10,23 : 414.0"
"10,24 : 603.47"
"10,25 : 583.5"
"10,26 : 360.3"
"10,27 : 470.31"
"10,28 : 503.36"
"10,29 : 686.7"
"10,30 : 304.57"
"10,31 : 387.87"
"10,32 : 400.73"
"10,33 : 753.27"
"10,34 : 565.21"
"10,35 : 416.92"
"10,36 : 382.0"
"10,37 : 448.68"
"10,38 : 345.98"
"10,39 : 606.86"
"10,40 : 632.27"
"10,41 : 356.5"
"10,42 : 732.6"
"10,43 : 668.78"
"10,44 : 413.37"
"10,45 : 631.67"
"10,46 : 553.06"
"10,47 : 272.66"
"10,48 : 346.19"
"10,49 : 509.42"
"10,50 : 373.99"
"10,51 : 366.48"
"10,52 : 720.63"
"10,53 : 155.96"
"10,54 : 554.59"
"10,55 : 393.93"
"10,56 : 515.09"
"10,57 : 733.0"
"10,58 : 82.76"
"10,59 : 335.34"
"10,60 : 242.21"
"10,61 : 316.01"
"10,62 : 323.64"
"10,63 : 407.66"
"10,64 : 675.89"
"10,65 : 692.91"
"10,66 : 430.26"
"10,67 : 229.18"
"10,68 : 490.41"
"10,69 : 529.44"
"10,70 : 517.43"
"10,71 : 314.67"
"10,72 : 433.66"
"10,73 : 420.86"
"10,74 : 454.88"
"10,75 : 531.95"
"10,76 : 464.28"
"10,77 : 624.35"
"10,78 : 113.65"
"10,79 : 629.13"
"10,80 : 452.25"
"10,81 : 450.91"
"10,82 : 630.83"
"10,83 : 393.13"
"10,84 : 437.0"
"10,85 : 210.21"
"10,86 : 197.09"
"10,87 : 617.94"
"10,88 : 684.33"
"10,89 : 141.29"
"10,90 : 816.37"
"10,91 : 542.44"
"10,92 : 470.22"
"10,93 : 337.2"
"10,94 : 351.07"
"10,95 : 226.81"
"10,96 : 501.12"
"10,97 : 455.58"
"10,98 : 598.87"
"10,99 : 412.41"
"11,0 : 758.63"
"11,1 : 401.82"
"11,2 : 505.66"
"11,3 : 798.49"
"11,4 : 540.3"
"11,5 : 883.82"
"11,6 : 1040.29"
"11,7 : 532.88"
"11,8 : 769.44"
"11,9 : 548.93"
"11,10 : 758.48"
"11,11 : 0.0"
"11,12 : 94.05"
"11,13 : 932.2"
"11,14 : 505.89"
"11,15 : 711.1"
"11,16 : 737.54"
"11,17 : 1036.0"
"11,18 : 440.1"
"11,19 : 720.62"
"11,20 : 687.37"
"11,21 : 695.41"
"11,22 : 480.17"
"11,23 : 347.5"
"11,24 : 443.19"
"11,25 : 298.87"
"11,26 : 969.61"
"11,27 : 330.19"
"11,28 : 735.97"
"11,29 : 700.34"
"11,30 : 784.66"
"11,31 : 749.41"
"11,32 : 532.22"
"11,33 : 171.14"
"11,34 : 269.68"
"11,35 : 986.71"
"11,36 : 1048.36"
"11,37 : 593.97"
"11,38 : 648.2"
"11,39 : 817.77"
"11,40 : 187.09"
"11,41 : 1061.53"
"11,42 : 141.6"
"11,43 : 112.38"
"11,44 : 944.39"
"11,45 : 681.95"
"11,46 : 611.13"
"11,47 : 664.09"
"11,48 : 412.44"
"11,49 : 276.32"
"11,50 : 401.25"
"11,51 : 824.0"
"11,52 : 209.31"
"11,53 : 805.02"
"11,54 : 204.19"
"11,55 : 978.7"
"11,56 : 244.75"
"11,57 : 617.01"
"11,58 : 764.82"
"11,59 : 944.7"
"11,60 : 977.94"
"11,61 : 939.91"
"11,62 : 763.41"
"11,63 : 368.18"
"11,64 : 233.31"
"11,65 : 612.58"
"11,66 : 1110.49"
"11,67 : 567.83"
"11,68 : 854.93"
"11,69 : 744.19"
"11,70 : 917.97"
"11,71 : 700.78"
"11,72 : 710.65"
"11,73 : 1061.37"
"11,74 : 946.58"
"11,75 : 246.08"
"11,76 : 520.56"
"11,77 : 433.78"
"11,78 : 669.01"
"11,79 : 723.03"
"11,80 : 844.49"
"11,81 : 801.26"
"11,82 : 148.03"
"11,83 : 563.35"
"11,84 : 465.87"
"11,85 : 710.01"
"11,86 : 955.36"
"11,87 : 308.5"
"11,88 : 149.63"
"11,89 : 883.73"
"11,90 : 195.6"
"11,91 : 740.58"
"11,92 : 1177.61"
"11,93 : 431.34"
"11,94 : 961.72"
"11,95 : 981.98"
"11,96 : 744.07"
"11,97 : 456.83"
"11,98 : 169.07"
"11,99 : 952.35"
"12,0 : 811.84"
"12,1 : 349.76"
"12,2 : 591.3"
"12,3 : 883.09"
"12,4 : 585.8"
"12,5 : 898.29"
"12,6 : 1089.07"
"12,7 : 608.96"
"12,8 : 812.74"
"12,9 : 578.48"
"12,10 : 792.21"
"12,11 : 94.05"
"12,12 : 0.0"
"12,13 : 942.44"
"12,14 : 484.02"
"12,15 : 701.69"
"12,16 : 717.02"
"12,17 : 1071.97"
"12,18 : 470.96"
"12,19 : 801.9"
"12,20 : 671.97"
"12,21 : 718.23"
"12,22 : 447.58"
"12,23 : 378.65"
"12,24 : 396.87"
"12,25 : 384.51"
"12,26 : 971.1"
"12,27 : 397.36"
"12,28 : 706.78"
"12,29 : 791.06"
"12,30 : 848.66"
"12,31 : 821.24"
"12,32 : 520.13"
"12,33 : 95.88"
"12,34 : 350.39"
"12,35 : 1050.81"
"12,36 : 1103.41"
"12,37 : 672.31"
"12,38 : 717.56"
"12,39 : 902.46"
"12,40 : 171.23"
"12,41 : 1111.2"
"12,42 : 81.88"
"12,43 : 195.35"
"12,44 : 1010.79"
"12,45 : 770.7"
"12,46 : 572.47"
"12,47 : 665.78"
"12,48 : 448.6"
"12,49 : 287.26"
"12,50 : 454.68"
"12,51 : 815.21"
"12,52 : 144.31"
"12,53 : 854.12"
"12,54 : 246.08"
"12,55 : 1041.16"
"12,56 : 280.93"
"12,57 : 710.09"
"12,58 : 807.57"
"12,59 : 1003.74"
"12,60 : 1000.01"
"12,61 : 997.29"
"12,62 : 829.61"
"12,63 : 387.78"
"12,64 : 326.01"
"12,65 : 704.64"
"12,66 : 1164.68"
"12,67 : 618.72"
"12,68 : 931.28"
"12,69 : 711.92"
"12,70 : 895.68"
"12,71 : 767.16"
"12,72 : 690.01"
"12,73 : 1119.84"
"12,74 : 933.93"
"12,75 : 311.62"
"12,76 : 599.8"
"12,77 : 383.6"
"12,78 : 694.83"
"12,79 : 810.95"
"12,80 : 826.02"
"12,81 : 781.03"
"12,82 : 161.42"
"12,83 : 550.65"
"12,84 : 540.77"
"12,85 : 766.26"
"12,86 : 987.15"
"12,87 : 398.03"
"12,88 : 241.13"
"12,89 : 909.75"
"12,90 : 103.08"
"12,91 : 823.48"
"12,92 : 1228.27"
"12,93 : 456.45"
"12,94 : 1021.12"
"12,95 : 1018.43"
"12,96 : 715.43"
"12,97 : 440.31"
"12,98 : 235.72"
"12,99 : 945.52"
"13,0 : 444.79"
"13,1 : 693.32"
"13,2 : 809.0"
"13,3 : 863.71"
"13,4 : 471.39"
"13,5 : 62.17"
"13,6 : 450.68"
"13,7 : 696.23"
"13,8 : 348.4"
"13,9 : 404.28"
"13,10 : 272.53"
"13,11 : 932.2"
"13,12 : 942.44"
"13,13 : 0.0"
"13,14 : 500.92"
"13,15 : 287.1"
"13,16 : 342.7"
"13,17 : 304.01"
"13,18 : 504.78"
"13,19 : 780.8"
"13,20 : 337.68"
"13,21 : 256.01"
"13,22 : 562.82"
"13,23 : 591.16"
"13,24 : 646.01"
"13,25 : 817.86"
"13,26 : 94.87"
"13,27 : 696.18"
"13,28 : 408.54"
"13,29 : 959.23"
"13,30 : 562.86"
"13,31 : 654.28"
"13,32 : 444.52"
"13,33 : 880.78"
"13,34 : 790.4"
"13,35 : 620.76"
"13,36 : 530.98"
"13,37 : 720.14"
"13,38 : 618.51"
"13,39 : 873.23"
"13,40 : 771.6"
"13,41 : 471.66"
"13,42 : 869.65"
"13,43 : 862.25"
"13,44 : 634.9"
"13,45 : 904.2"
"13,46 : 523.04"
"13,47 : 282.21"
"13,48 : 539.27"
"13,49 : 658.27"
"13,50 : 597.36"
"13,51 : 213.03"
"13,52 : 837.97"
"13,53 : 399.85"
"13,54 : 733.45"
"13,55 : 595.3"
"13,56 : 691.86"
"13,57 : 1003.02"
"13,58 : 344.69"
"13,59 : 538.05"
"13,60 : 133.38"
"13,61 : 515.66"
"13,62 : 586.6"
"13,63 : 564.24"
"13,64 : 900.89"
"13,65 : 963.4"
"13,66 : 553.41"
"13,67 : 485.41"
"13,68 : 745.67"
"13,69 : 430.67"
"13,70 : 321.01"
"13,71 : 585.2"
"13,72 : 356.88"
"13,73 : 581.04"
"13,74 : 228.54"
"13,75 : 739.22"
"13,76 : 730.53"
"13,77 : 668.81"
"13,78 : 289.21"
"13,79 : 901.19"
"13,80 : 289.11"
"13,81 : 315.5"
"13,82 : 788.74"
"13,83 : 419.91"
"13,84 : 695.0"
"13,85 : 480.62"
"13,86 : 226.81"
"13,87 : 855.97"
"13,88 : 891.14"
"13,89 : 161.98"
"13,90 : 938.79"
"13,91 : 812.69"
"13,92 : 552.0"
"13,93 : 505.46"
"13,94 : 548.78"
"13,95 : 285.77"
"13,96 : 401.66"
"13,97 : 523.63"
"13,98 : 792.75"
"13,99 : 171.72"
"14,0 : 583.79"
"14,1 : 192.61"
"14,2 : 664.73"
"14,3 : 878.7"
"14,4 : 387.74"
"14,5 : 472.91"
"14,6 : 794.01"
"14,7 : 594.85"
"14,8 : 528.16"
"14,9 : 297.17"
"14,10 : 462.33"
"14,11 : 505.89"
"14,12 : 484.02"
"14,13 : 500.92"
"14,14 : 0.0"
"14,15 : 226.49"
"14,16 : 233.17"
"14,17 : 715.76"
"14,18 : 269.47"
"14,19 : 779.12"
"14,20 : 189.72"
"14,21 : 352.41"
"14,22 : 65.0"
"14,23 : 273.63"
"14,24 : 147.87"
"14,25 : 544.83"
"14,26 : 506.98"
"14,27 : 438.14"
"14,28 : 232.14"
"14,29 : 881.08"
"14,30 : 681.21"
"14,31 : 715.49"
"14,32 : 62.43"
"14,33 : 404.36"
"14,34 : 498.86"
"14,35 : 851.92"
"14,36 : 841.88"
"14,37 : 655.46"
"14,38 : 619.03"
"14,39 : 895.92"
"14,40 : 320.26"
"14,41 : 818.68"
"14,42 : 403.32"
"14,43 : 480.85"
"14,44 : 832.88"
"14,45 : 835.63"
"14,46 : 140.9"
"14,47 : 223.56"
"14,48 : 293.0"
"14,49 : 251.37"
"14,50 : 380.77"
"14,51 : 337.67"
"14,52 : 356.09"
"14,53 : 593.49"
"14,54 : 354.91"
"14,55 : 832.56"
"14,56 : 323.39"
"14,57 : 862.24"
"14,58 : 521.16"
"14,59 : 778.13"
"14,60 : 593.3"
"14,61 : 762.31"
"14,62 : 681.19"
"14,63 : 224.11"
"14,64 : 582.99"
"14,65 : 834.34"
"14,66 : 892.27"
"14,67 : 436.54"
"14,68 : 841.2"
"14,69 : 243.82"
"14,70 : 412.85"
"14,71 : 634.39"
"14,72 : 206.16"
"14,73 : 876.99"
"14,74 : 451.49"
"14,75 : 418.71"
"14,76 : 613.69"
"14,77 : 170.43"
"14,78 : 349.3"
"14,79 : 857.62"
"14,80 : 342.01"
"14,81 : 297.2"
"14,82 : 360.41"
"14,83 : 81.22"
"14,84 : 545.21"
"14,85 : 567.64"
"14,86 : 620.3"
"14,87 : 584.9"
"14,88 : 531.74"
"14,89 : 526.67"
"14,90 : 454.9"
"14,91 : 811.96"
"14,92 : 931.1"
"14,93 : 239.74"
"14,94 : 795.49"
"14,95 : 669.34"
"14,96 : 239.71"
"14,97 : 54.08"
"14,98 : 427.38"
"14,99 : 468.34"
"15,0 : 517.84"
"15,1 : 414.24"
"15,2 : 742.34"
"15,3 : 892.15"
"15,4 : 402.42"
"15,5 : 273.59"
"15,6 : 656.79"
"15,7 : 646.64"
"15,8 : 434.89"
"15,9 : 299.35"
"15,10 : 349.38"
"15,11 : 711.1"
"15,12 : 701.69"
"15,13 : 287.1"
"15,14 : 226.49"
"15,15 : 0.0"
"15,16 : 88.29"
"15,17 : 546.15"
"15,18 : 350.91"
"15,19 : 795.43"
"15,20 : 51.97"
"15,21 : 242.85"
"15,22 : 283.1"
"15,23 : 408.93"
"15,24 : 364.45"
"15,25 : 678.96"
"15,26 : 281.3"
"15,27 : 557.36"
"15,28 : 154.12"
"15,29 : 937.62"
"15,30 : 635.01"
"15,31 : 698.43"
"15,32 : 181.59"
"15,33 : 627.4"
"15,34 : 639.72"
"15,35 : 766.3"
"15,36 : 720.85"
"15,37 : 693.89"
"15,38 : 622.9"
"15,39 : 906.57"
"15,40 : 532.43"
"15,41 : 681.02"
"15,42 : 622.98"
"15,43 : 665.16"
"15,44 : 761.01"
"15,45 : 885.89"
"15,46 : 237.74"
"15,47 : 90.97"
"15,48 : 386.77"
"15,49 : 437.74"
"15,50 : 470.96"
"15,51 : 113.53"
"15,52 : 580.4"
"15,53 : 503.89"
"15,54 : 532.36"
"15,55 : 743.27"
"15,56 : 493.45"
"15,57 : 947.05"
"15,58 : 428.12"
"15,59 : 684.55"
"15,60 : 398.45"
"15,61 : 664.87"
"15,62 : 645.95"
"15,63 : 366.35"
"15,64 : 740.69"
"15,65 : 912.7"
"15,66 : 761.05"
"15,67 : 441.64"
"15,68 : 815.97"
"15,69 : 180.18"
"15,70 : 229.48"
"15,71 : 616.32"
"15,72 : 85.29"
"15,73 : 764.0"
"15,74 : 235.94"
"15,75 : 569.57"
"15,76 : 674.58"
"15,77 : 387.07"
"15,78 : 262.16"
"15,79 : 897.21"
"15,80 : 149.22"
"15,81 : 121.66"
"15,82 : 563.07"
"15,83 : 151.43"
"15,84 : 617.21"
"15,85 : 524.11"
"15,86 : 451.64"
"15,87 : 720.07"
"15,88 : 707.33"
"15,89 : 356.4"
"15,90 : 680.17"
"15,91 : 829.56"
"15,92 : 783.23"
"15,93 : 334.54"
"15,94 : 700.03"
"15,95 : 508.33"
"15,96 : 151.74"
"15,97 : 262.25"
"15,98 : 601.77"
"15,99 : 243.98"
"16,0 : 606.11"
"16,1 : 400.82"
"16,2 : 816.01"
"16,3 : 976.73"
"16,4 : 482.78"
"16,5 : 341.69"
"16,6 : 738.88"
"16,7 : 724.44"
"16,8 : 522.95"
"16,9 : 378.64"
"16,10 : 436.99"
"16,11 : 737.54"
"16,12 : 717.02"
"16,13 : 342.7"
"16,14 : 233.17"
"16,15 : 88.29"
"16,16 : 0.0"
"16,17 : 621.05"
"16,18 : 416.53"
"16,19 : 879.33"
"16,20 : 61.62"
"16,21 : 331.15"
"16,22 : 275.38"
"16,23 : 462.25"
"16,24 : 348.36"
"16,25 : 737.44"
"16,26 : 313.6"
"16,27 : 618.78"
"16,28 : 69.43"
"16,29 : 1016.38"
"16,30 : 723.02"
"16,31 : 785.09"
"16,32 : 209.39"
"16,33 : 635.46"
"16,34 : 695.63"
"16,35 : 853.86"
"16,36 : 805.2"
"16,37 : 774.26"
"16,38 : 707.29"
"16,39 : 991.48"
"16,40 : 553.0"
"16,41 : 762.85"
"16,42 : 636.04"
"16,43 : 703.84"
"16,44 : 849.13"
"16,45 : 965.48"
"16,46 : 190.31"
"16,47 : 176.48"
"16,48 : 450.82"
"16,49 : 472.82"
"16,50 : 538.27"
"16,51 : 134.38"
"16,52 : 586.22"
"16,53 : 591.88"
"16,54 : 573.01"
"16,55 : 830.67"
"16,56 : 536.64"
"16,57 : 1020.4"
"16,58 : 516.21"
"16,59 : 771.83"
"16,60 : 465.03"
"16,61 : 751.94"
"16,62 : 733.55"
"16,63 : 415.91"
"16,64 : 791.53"
"16,65 : 987.24"
"16,66 : 843.6"
"16,67 : 524.07"
"16,68 : 903.44"
"16,69 : 94.76"
"16,70 : 180.51"
"16,71 : 702.73"
"16,72 : 27.02"
"16,73 : 849.21"
"16,74 : 224.61"
"16,75 : 621.2"
"16,76 : 750.98"
"16,77 : 369.69"
"16,78 : 350.12"
"16,79 : 978.49"
"16,80 : 109.55"
"16,81 : 64.03"
"16,82 : 590.69"
"16,83 : 179.0"
"16,84 : 690.87"
"16,85 : 611.73"
"16,86 : 528.25"
"16,87 : 778.6"
"16,88 : 750.46"
"16,89 : 434.42"
"16,90 : 682.96"
"16,91 : 913.45"
"16,92 : 862.21"
"16,93 : 396.06"
"16,94 : 787.14"
"16,95 : 586.37"
"16,96 : 65.19"
"16,97 : 280.72"
"16,98 : 644.56"
"16,99 : 253.41"
"17,0 : 329.1"
"17,1 : 901.28"
"17,2 : 753.17"
"17,3 : 701.56"
"17,4 : 499.25"
"17,5 : 282.02"
"17,6 : 162.08"
"17,7 : 641.07"
"17,8 : 274.61"
"17,9 : 494.29"
"17,10 : 279.93"
"17,11 : 1036.0"
"17,12 : 1071.97"
"17,13 : 304.01"
"17,14 : 715.76"
"17,15 : 546.15"
"17,16 : 621.05"
"17,17 : 0.0"
"17,18 : 601.02"
"17,19 : 643.26"
"17,20 : 597.57"
"17,21 : 370.11"
"17,22 : 780.73"
"17,23 : 693.49"
"17,24 : 862.43"
"17,25 : 838.05"
"17,26 : 387.78"
"17,27 : 734.49"
"17,28 : 690.24"
"17,29 : 838.47"
"17,30 : 405.29"
"17,31 : 506.66"
"17,32 : 653.43"
"17,33 : 1032.66"
"17,34 : 826.95"
"17,35 : 369.97"
"17,36 : 248.27"
"17,37 : 635.71"
"17,38 : 522.51"
"17,39 : 705.12"
"17,40 : 912.0"
"17,41 : 178.04"
"17,42 : 1012.42"
"17,43 : 942.61"
"17,44 : 402.0"
"17,45 : 785.61"
"17,46 : 779.21"
"17,47 : 498.99"
"17,48 : 624.77"
"17,49 : 789.21"
"17,50 : 643.01"
"17,51 : 505.2"
"17,52 : 998.98"
"17,53 : 268.19"
"17,54 : 832.77"
"17,55 : 345.49"
"17,56 : 793.87"
"17,57 : 913.91"
"17,58 : 277.65"
"17,59 : 299.69"
"17,60 : 171.49"
"17,61 : 279.01"
"17,62 : 437.44"
"17,63 : 687.4"
"17,64 : 935.04"
"17,65 : 872.48"
"17,66 : 256.14"
"17,67 : 482.56"
"17,68 : 555.0"
"17,69 : 714.72"
"17,70 : 625.0"
"17,71 : 468.26"
"17,72 : 628.38"
"17,73 : 299.66"
"17,74 : 531.29"
"17,75 : 803.36"
"17,76 : 675.76"
"17,77 : 884.4"
"17,78 : 384.98"
"17,79 : 768.14"
"17,80 : 588.06"
"17,81 : 607.79"
"17,82 : 910.56"
"17,83 : 638.52"
"17,84 : 669.81"
"17,85 : 384.47"
"17,86 : 95.88"
"17,87 : 868.18"
"17,88 : 953.19"
"17,89 : 191.43"
"17,90 : 1095.56"
"17,91 : 668.47"
"17,92 : 248.02"
"17,93 : 617.07"
"17,94 : 302.98"
"17,95 : 54.13"
"17,96 : 684.9"
"17,97 : 719.08"
"17,98 : 873.47"
"17,99 : 472.96"
"18,0 : 366.82"
"18,1 : 376.31"
"18,2 : 404.18"
"18,3 : 609.99"
"18,4 : 138.19"
"18,5 : 451.36"
"18,6 : 627.66"
"18,7 : 326.11"
"18,8 : 347.35"
"18,9 : 108.85"
"18,10 : 321.29"
"18,11 : 440.1"
"18,12 : 470.96"
"18,13 : 504.78"
"18,14 : 269.47"
"18,15 : 350.91"
"18,16 : 416.53"
"18,17 : 601.02"
"18,18 : 0.0"
"18,19 : 510.55"
"18,20 : 354.98"
"18,21 : 257.1"
"18,22 : 310.22"
"18,23 : 93.02"
"18,24 : 362.17"
"18,25 : 330.41"
"18,26 : 557.43"
"18,27 : 207.34"
"18,28 : 452.82"
"18,29 : 615.17"
"18,30 : 440.2"
"18,31 : 457.11"
"18,32 : 235.65"
"18,33 : 436.3"
"18,34 : 294.7"
"18,35 : 630.25"
"18,36 : 653.74"
"18,37 : 386.01"
"18,38 : 355.62"
"18,39 : 627.46"
"18,40 : 314.07"
"18,41 : 650.9"
"18,42 : 413.36"
"18,43 : 359.3"
"18,44 : 601.56"
"18,45 : 568.12"
"18,46 : 407.77"
"18,47 : 272.42"
"18,48 : 36.69"
"18,49 : 191.66"
"18,50 : 121.83"
"18,51 : 447.9"
"18,52 : 408.31"
"18,53 : 397.46"
"18,54 : 236.07"
"18,55 : 614.92"
"18,56 : 195.39"
"18,57 : 606.9"
"18,58 : 341.59"
"18,59 : 567.53"
"18,60 : 538.63"
"18,61 : 556.35"
"18,62 : 433.36"
"18,63 : 93.49"
"18,64 : 401.8"
"18,65 : 575.68"
"18,66 : 712.06"
"18,67 : 185.06"
"18,68 : 583.03"
"18,69 : 473.47"
"18,70 : 580.39"
"18,71 : 379.62"
"18,72 : 395.3"
"18,73 : 678.5"
"18,74 : 573.28"
"18,75 : 235.21"
"18,76 : 346.81"
"18,77 : 377.12"
"18,78 : 229.27"
"18,79 : 588.7"
"18,80 : 500.13"
"18,81 : 469.04"
"18,82 : 309.55"
"18,83 : 255.6"
"18,84 : 280.75"
"18,85 : 334.15"
"18,86 : 516.92"
"18,87 : 371.21"
"18,88 : 386.37"
"18,89 : 443.64"
"18,90 : 499.92"
"18,91 : 543.09"
"18,92 : 768.39"
"18,93 : 31.06"
"18,94 : 585.41"
"18,95 : 547.53"
"18,96 : 456.85"
"18,97 : 228.48"
"18,98 : 289.18"
"18,99 : 561.48"
"19,0 : 339.75"
"19,1 : 868.94"
"19,2 : 222.62"
"19,3 : 99.62"
"19,4 : 400.56"
"19,5 : 719.89"
"19,6 : 537.63"
"19,7 : 201.8"
"19,8 : 433.51"
"19,9 : 504.03"
"19,10 : 509.97"
"19,11 : 720.62"
"19,12 : 801.9"
"19,13 : 780.8"
"19,14 : 779.12"
"19,15 : 795.43"
"19,16 : 879.33"
"19,17 : 643.26"
"19,18 : 510.55"
"19,19 : 0.0"
"19,20 : 820.93"
"19,21 : 572.48"
"19,22 : 820.24"
"19,23 : 539.34"
"19,24 : 865.02"
"19,25 : 423.07"
"19,26 : 870.22"
"19,27 : 418.72"
"19,28 : 932.11"
"19,29 : 195.8"
"19,30 : 238.21"
"19,31 : 136.68"
"19,32 : 738.47"
"19,33 : 824.2"
"19,34 : 451.82"
"19,35 : 364.29"
"19,36 : 490.07"
"19,37 : 134.63"
"19,38 : 172.86"
"19,39 : 116.93"
"19,40 : 720.0"
"19,41 : 546.01"
"19,42 : 789.7"
"19,43 : 608.93"
"19,44 : 310.94"
"19,45 : 145.12"
"19,46 : 914.53"
"19,47 : 704.47"
"19,48 : 492.57"
"19,49 : 634.11"
"19,50 : 416.08"
"19,51 : 852.42"
"19,52 : 822.01"
"19,53 : 394.45"
"19,54 : 587.57"
"19,55 : 372.26"
"19,56 : 575.03"
"19,57 : 287.39"
"19,58 : 436.65"
"19,59 : 378.13"
"19,60 : 717.95"
"19,61 : 390.1"
"19,62 : 206.85"
"19,63 : 579.37"
"19,64 : 508.73"
"19,65 : 248.09"
"19,66 : 546.74"
"19,67 : 356.02"
"19,68 : 153.94"
"19,69 : 956.16"
"19,70 : 1004.69"
"19,71 : 195.6"
"19,72 : 865.13"
"19,73 : 471.67"
"19,74 : 957.04"
"19,75 : 499.19"
"19,76 : 203.04"
"19,77 : 876.84"
"19,78 : 543.64"
"19,79 : 125.25"
"19,80 : 930.22"
"19,81 : 914.98"
"19,82 : 678.39"
"19,83 : 752.08"
"19,84 : 268.99"
"19,85 : 300.22"
"19,86 : 624.89"
"19,87 : 423.15"
"19,88 : 577.4"
"19,89 : 629.85"
"19,90 : 880.39"
"19,91 : 34.13"
"19,92 : 630.62"
"19,93 : 541.16"
"19,94 : 386.87"
"19,95 : 602.74"
"19,96 : 933.65"
"19,97 : 738.89"
"19,98 : 569.14"
"19,99 : 919.48"
"20,0 : 556.0"
"20,1 : 371.22"
"20,2 : 754.51"
"20,3 : 918.78"
"20,4 : 422.96"
"20,5 : 325.53"
"20,6 : 705.82"
"20,7 : 663.58"
"20,8 : 476.6"
"20,9 : 318.68"
"20,10 : 393.03"
"20,11 : 687.37"
"20,12 : 671.97"
"20,13 : 337.68"
"20,14 : 189.72"
"20,15 : 51.97"
"20,16 : 61.62"
"20,17 : 597.57"
"20,18 : 354.98"
"20,19 : 820.93"
"20,20 : 0.0"
"20,21 : 283.29"
"20,22 : 241.11"
"20,23 : 402.49"
"20,24 : 320.22"
"20,25 : 676.99"
"20,26 : 325.86"
"20,27 : 557.78"
"20,28 : 113.6"
"20,29 : 955.66"
"20,30 : 670.9"
"20,31 : 729.61"
"20,32 : 155.43"
"20,33 : 593.97"
"20,34 : 635.65"
"20,35 : 809.25"
"20,36 : 768.29"
"20,37 : 714.13"
"20,38 : 649.41"
"20,39 : 933.81"
"20,40 : 505.04"
"20,41 : 730.16"
"20,42 : 591.95"
"20,43 : 648.79"
"20,44 : 801.89"
"20,45 : 905.0"
"20,46 : 186.01"
"20,47 : 123.36"
"20,48 : 389.4"
"20,49 : 418.52"
"20,50 : 476.69"
"20,51 : 149.86"
"20,52 : 545.81"
"20,53 : 545.78"
"20,54 : 517.03"
"20,55 : 786.65"
"20,56 : 479.76"
"20,57 : 958.85"
"20,58 : 469.71"
"20,59 : 728.27"
"20,60 : 450.4"
"20,61 : 709.05"
"20,62 : 680.01"
"20,63 : 356.9"
"20,64 : 732.82"
"20,65 : 925.8"
"20,66 : 809.73"
"20,67 : 465.15"
"20,68 : 849.39"
"20,69 : 139.22"
"20,70 : 234.98"
"20,71 : 646.97"
"20,72 : 44.28"
"20,73 : 810.61"
"20,74 : 262.1"
"20,75 : 562.11"
"20,76 : 689.84"
"20,77 : 342.57"
"20,78 : 298.88"
"20,79 : 918.62"
"20,80 : 157.88"
"20,81 : 118.11"
"20,82 : 539.71"
"20,83 : 124.31"
"20,84 : 629.4"
"20,85 : 558.41"
"20,86 : 502.81"
"20,87 : 718.17"
"20,88 : 693.97"
"20,89 : 407.37"
"20,90 : 644.45"
"20,91 : 855.02"
"20,92 : 833.51"
"20,93 : 334.82"
"20,94 : 744.1"
"20,95 : 559.09"
"20,96 : 113.65"
"20,97 : 232.01"
"20,98 : 588.02"
"20,99 : 279.6"
"21,0 : 275.28"
"21,1 : 532.66"
"21,2 : 563.51"
"21,3 : 665.4"
"21,4 : 217.89"
"21,5 : 198.06"
"21,6 : 442.33"
"21,7 : 454.47"
"21,8 : 193.37"
"21,9 : 150.96"
"21,10 : 113.16"
"21,11 : 695.41"
"21,12 : 718.23"
"21,13 : 256.01"
"21,14 : 352.41"
"21,15 : 242.85"
"21,16 : 331.15"
"21,17 : 370.11"
"21,18 : 257.1"
"21,19 : 572.48"
"21,20 : 283.29"
"21,21 : 0.0"
"21,22 : 416.6"
"21,23 : 348.27"
"21,24 : 496.19"
"21,25 : 561.9"
"21,26 : 324.91"
"21,27 : 440.6"
"21,28 : 395.43"
"21,29 : 733.52"
"21,30 : 393.88"
"21,31 : 463.91"
"21,32 : 290.26"
"21,33 : 669.83"
"21,34 : 535.21"
"21,35 : 526.31"
"21,36 : 495.03"
"21,37 : 488.53"
"21,38 : 400.58"
"21,39 : 678.31"
"21,40 : 551.96"
"21,41 : 467.03"
"21,42 : 652.59"
"21,43 : 616.23"
"21,44 : 518.74"
"21,45 : 679.43"
"21,46 : 439.9"
"21,47 : 161.03"
"21,48 : 289.18"
"21,49 : 431.15"
"21,50 : 341.65"
"21,51 : 280.41"
"21,52 : 633.24"
"21,53 : 262.55"
"21,54 : 492.23"
"21,55 : 504.02"
"21,56 : 450.99"
"21,57 : 763.34"
"21,58 : 186.45"
"21,59 : 446.05"
"21,60 : 282.66"
"21,61 : 427.42"
"21,62 : 407.02"
"21,63 : 330.64"
"21,64 : 646.05"
"21,65 : 725.25"
"21,66 : 542.33"
"21,67 : 239.27"
"21,68 : 577.12"
"21,69 : 421.44"
"21,70 : 433.14"
"21,71 : 383.86"
"21,72 : 325.27"
"21,73 : 533.99"
"21,74 : 386.66"
"21,75 : 487.57"
"21,76 : 487.21"
"21,77 : 517.63"
"21,78 : 33.84"
"21,79 : 683.82"
"21,80 : 361.2"
"21,81 : 352.7"
"21,82 : 558.64"
"21,83 : 280.91"
"21,84 : 444.77"
"21,85 : 285.83"
"21,86 : 277.36"
"21,87 : 599.96"
"21,88 : 640.64"
"21,89 : 192.28"
"21,90 : 731.7"
"21,91 : 606.26"
"21,92 : 578.72"
"21,93 : 264.17"
"21,94 : 462.24"
"21,95 : 320.63"
"21,96 : 393.91"
"21,97 : 350.26"
"21,98 : 545.99"
"21,99 : 355.02"
"22,0 : 641.51"
"22,1 : 131.23"
"22,2 : 691.88"
"22,3 : 919.46"
"22,4 : 437.06"
"22,5 : 536.59"
"22,6 : 857.56"
"22,7 : 630.32"
"22,8 : 589.45"
"22,9 : 352.42"
"22,10 : 525.71"
"22,11 : 480.17"
"22,12 : 447.58"
"22,13 : 562.82"
"22,14 : 65.0"
"22,15 : 283.1"
"22,16 : 275.38"
"22,17 : 780.73"
"22,18 : 310.22"
"22,19 : 820.24"
"22,20 : 241.11"
"22,21 : 416.6"
"22,22 : 0.0"
"22,23 : 296.06"
"22,24 : 83.55"
"22,25 : 555.45"
"22,26 : 564.39"
"22,27 : 457.6"
"22,28 : 259.21"
"22,29 : 911.29"
"22,30 : 735.14"
"22,31 : 764.1"
"22,32 : 127.31"
"22,33 : 362.0"
"22,34 : 507.99"
"22,35 : 910.18"
"22,36 : 904.03"
"22,37 : 693.14"
"22,38 : 664.91"
"22,39 : 937.16"
"22,40 : 293.16"
"22,41 : 882.2"
"22,42 : 365.78"
"22,43 : 469.4"
"22,44 : 889.4"
"22,45 : 867.96"
"22,46 : 133.46"
"22,47 : 287.8"
"22,48 : 328.46"
"22,49 : 249.16"
"22,50 : 412.23"
"22,51 : 390.93"
"22,52 : 312.1"
"22,53 : 653.84"
"22,54 : 351.73"
"22,55 : 891.37"
"22,56 : 325.98"
"22,57 : 884.59"
"22,58 : 582.49"
"22,59 : 837.72"
"22,60 : 657.62"
"22,61 : 822.42"
"22,62 : 733.36"
"22,63 : 248.46"
"22,64 : 582.83"
"22,65 : 858.91"
"22,66 : 955.16"
"22,67 : 486.07"
"22,68 : 890.14"
"22,69 : 264.95"
"22,70 : 450.19"
"22,71 : 684.19"
"22,72 : 248.92"
"22,73 : 938.27"
"22,74 : 498.83"
"22,75 : 426.21"
"22,76 : 646.42"
"22,77 : 106.3"
"22,78 : 412.33"
"22,79 : 892.43"
"22,80 : 384.81"
"22,81 : 338.49"
"22,82 : 340.24"
"22,83 : 144.96"
"22,84 : 576.4"
"22,85 : 622.51"
"22,86 : 685.29"
"22,87 : 594.19"
"22,88 : 523.92"
"22,89 : 591.67"
"22,90 : 407.72"
"22,91 : 852.44"
"22,92 : 995.09"
"22,93 : 279.33"
"22,94 : 855.21"
"22,95 : 734.18"
"22,96 : 267.9"
"22,97 : 82.22"
"22,98 : 423.02"
"22,99 : 520.52"
"23,0 : 446.07"
"23,1 : 329.61"
"23,2 : 395.89"
"23,3 : 636.64"
"23,4 : 214.61"
"23,5 : 539.79"
"23,6 : 714.94"
"23,7 : 341.62"
"23,8 : 435.97"
"23,9 : 201.78"
"23,10 : 414.0"
"23,11 : 347.5"
"23,12 : 378.65"
"23,13 : 591.16"
"23,14 : 273.63"
"23,15 : 408.93"
"23,16 : 462.25"
"23,17 : 693.49"
"23,18 : 93.02"
"23,19 : 539.34"
"23,20 : 402.49"
"23,21 : 348.27"
"23,22 : 296.06"
"23,23 : 0.0"
"23,24 : 328.0"
"23,25 : 276.33"
"23,26 : 638.08"
"23,27 : 164.54"
"23,28 : 487.02"
"23,29 : 615.96"
"23,30 : 506.02"
"23,31 : 507.59"
"23,32 : 260.22"
"23,33 : 348.83"
"23,34 : 233.44"
"23,35 : 702.57"
"23,36 : 736.47"
"23,37 : 407.21"
"23,38 : 401.81"
"23,39 : 655.13"
"23,40 : 226.5"
"23,41 : 737.76"
"23,42 : 323.86"
"23,43 : 271.15"
"23,44 : 669.79"
"23,45 : 573.96"
"23,46 : 414.0"
"23,47 : 341.14"
"23,48 : 71.51"
"23,49 : 108.24"
"23,50 : 123.26"
"23,51 : 514.18"
"23,52 : 325.07"
"23,53 : 482.03"
"23,54 : 143.96"
"23,55 : 689.07"
"23,56 : 102.79"
"23,57 : 589.68"
"23,58 : 430.52"
"23,59 : 644.91"
"23,60 : 630.57"
"23,61 : 635.41"
"23,62 : 494.58"
"23,63 : 49.58"
"23,64 : 331.77"
"23,65 : 563.12"
"23,66 : 796.05"
"23,67 : 255.26"
"23,68 : 631.3"
"23,69 : 504.44"
"23,70 : 635.65"
"23,71 : 436.26"
"23,72 : 438.22"
"23,73 : 758.29"
"23,74 : 640.29"
"23,75 : 160.65"
"23,76 : 353.9"
"23,77 : 338.34"
"23,78 : 321.51"
"23,79 : 600.61"
"23,80 : 556.17"
"23,81 : 520.22"
"23,82 : 217.27"
"23,83 : 287.08"
"23,84 : 282.96"
"23,85 : 407.46"
"23,86 : 609.9"
"23,87 : 317.31"
"23,88 : 304.03"
"23,89 : 536.31"
"23,90 : 412.51"
"23,91 : 569.76"
"23,92 : 855.25"
"23,93 : 85.71"
"23,94 : 662.72"
"23,95 : 639.86"
"23,96 : 492.54"
"23,97 : 222.5"
"23,98 : 202.12"
