x,y
132,692
945,295
392,958
322,513
812,289
856,667
495,12
587,60
523,371
650,478
815,312
891,618
587,80
693,273
263,45
115,643
360,542
886,382
778,827
776,699
606,143
274,113
167,673
886,317
549,80
20,647
931,660
87,574
361,746
310,391
213,593
577,489
443,18
336,759
645,866
357,662
119,158
726,623
216,746
891,603
906,166
575,667
92,913
367,457
244,40
626,457
985,14
205,342
175,606
666,54
663,666
514,524
452,492
877,360
985,322
948,416
229,870
798,34
573,6
102,792
63,879
258,747
168,56
941,598
873,960
412,412
188,995
340,128
154,932
162,121
851,434
182,43
358,938
867,16
384,208
22,205
982,502
423,334
346,28
175,275
763,274
2,274
87,756
117,934
611,647
161,133
727,158
442,817
821,266
35,562
33,407
163,455
475,423
339,922
802,654
54,367
780,763
912,933
75,826
677,186

Distanze
"0,0 : 0.0"
"0,1 : 904.75"
"0,2 : 371.96"
"0,3 : 261.04"
"0,4 : 790.45"
"0,5 : 724.43"
"0,6 : 770.82"
"0,7 : 778.75"
"0,8 : 505.89"
"0,9 : 560.46"
"0,10 : 781.59"
"0,11 : 762.6"
"0,12 : 762.61"
"0,13 : 700.2"
"0,14 : 660.13"
"0,15 : 51.87"
"0,16 : 272.92"
"0,17 : 815.24"
"0,18 : 659.96"
"0,19 : 644.04"
"0,20 : 725.31"
"0,21 : 596.16"
"0,22 : 39.82"
"0,23 : 842.11"
"0,24 : 740.56"
"0,25 : 120.7"
"0,26 : 799.64"
"0,27 : 126.29"
"0,28 : 235.28"
"0,29 : 349.69"
"0,30 : 127.91"
"0,31 : 489.12"
"0,32 : 742.29"
"0,33 : 214.72"
"0,34 : 541.71"
"0,35 : 226.99"
"0,36 : 534.16"
"0,37 : 597.99"
"0,38 : 99.86"
"0,39 : 764.2"
"0,40 : 935.82"
"0,41 : 443.7"
"0,42 : 224.59"
"0,43 : 332.34"
"0,44 : 661.55"
"0,45 : 547.05"
"0,46 : 1089.63"
"0,47 : 357.53"
"0,48 : 96.15"
"0,49 : 831.99"
"0,50 : 531.64"
"0,51 : 417.31"
"0,52 : 377.36"
"0,53 : 815.63"
"0,54 : 929.79"
"0,55 : 861.41"
"0,56 : 202.71"
"0,57 : 936.23"
"0,58 : 815.52"
"0,59 : 104.4"
"0,60 : 199.32"
"0,61 : 137.48"
"0,62 : 637.02"
"0,63 : 814.44"
"0,64 : 787.98"
"0,65 : 395.98"
"0,66 : 308.13"
"0,67 : 601.13"
"0,68 : 241.01"
"0,69 : 571.79"
"0,70 : 763.89"
"0,71 : 650.92"
"0,72 : 334.05"
"0,73 : 998.6"
"0,74 : 545.67"
"0,75 : 499.27"
"0,76 : 870.98"
"0,77 : 461.35"
"0,78 : 697.63"
"0,79 : 419.21"
"0,80 : 756.89"
"0,81 : 437.75"
"0,82 : 78.24"
"0,83 : 242.46"
"0,84 : 481.11"
"0,85 : 559.75"
"0,86 : 799.49"
"0,87 : 334.25"
"0,88 : 810.06"
"0,89 : 162.2"
"0,90 : 301.71"
"0,91 : 239.02"
"0,92 : 435.9"
"0,93 : 309.43"
"0,94 : 671.08"
"0,95 : 334.23"
"0,96 : 651.88"
"0,97 : 816.38"
"0,98 : 145.62"
"0,99 : 743.68"
"1,0 : 904.75"
"1,1 : 0.0"
"1,2 : 863.35"
"1,3 : 660.04"
"1,4 : 133.14"
"1,5 : 382.5"
"1,6 : 531.59"
"1,7 : 428.24"
"1,8 : 428.79"
"1,9 : 347.15"
"1,10 : 131.11"
"1,11 : 327.48"
"1,12 : 417.6"
"1,13 : 252.96"
"1,14 : 726.38"
"1,15 : 900.0"
"1,16 : 635.01"
"1,17 : 105.12"
"1,18 : 557.6"
"1,19 : 437.92"
"1,20 : 371.52"
"1,21 : 695.24"
"1,22 : 864.97"
"1,23 : 62.97"
"1,24 : 450.6"
"1,25 : 989.71"
"1,26 : 365.27"
"1,27 : 902.22"
"1,28 : 737.87"
"1,29 : 642.22"
"1,30 : 790.33"
"1,31 : 416.0"
"1,32 : 573.35"
"1,33 : 765.62"
"1,34 : 645.01"
"1,35 : 693.13"
"1,36 : 837.28"
"1,37 : 394.39"
"1,38 : 857.23"
"1,39 : 312.7"
"1,40 : 134.77"
"1,41 : 524.68"
"1,42 : 1053.34"
"1,43 : 600.27"
"1,44 : 745.94"
"1,45 : 357.78"
"1,46 : 283.83"
"1,47 : 741.49"
"1,48 : 830.43"
"1,49 : 368.68"
"1,50 : 466.01"
"1,51 : 488.06"
"1,52 : 530.9"
"1,53 : 94.07"
"1,54 : 48.26"
"1,55 : 121.04"
"1,56 : 918.3"
"1,57 : 299.55"
"1,58 : 471.07"
"1,59 : 978.6"
"1,60 : 1057.82"
"1,61 : 822.36"
"1,62 : 812.93"
"1,63 : 303.03"
"1,64 : 668.89"
"1,65 : 545.69"
"1,66 : 1031.04"
"1,67 : 627.63"
"1,68 : 1015.6"
"1,69 : 802.1"
"1,70 : 167.8"
"1,71 : 803.54"
"1,72 : 870.64"
"1,73 : 289.7"
"1,74 : 567.71"
"1,75 : 927.38"
"1,76 : 210.28"
"1,77 : 523.45"
"1,78 : 655.81"
"1,79 : 770.26"
"1,80 : 183.21"
"1,81 : 943.23"
"1,82 : 974.0"
"1,83 : 1045.9"
"1,84 : 485.24"
"1,85 : 800.56"
"1,86 : 257.47"
"1,87 : 724.91"
"1,88 : 127.35"
"1,89 : 948.36"
"1,90 : 918.85"
"1,91 : 798.2"
"1,92 : 487.12"
"1,93 : 871.99"
"1,94 : 386.43"
"1,95 : 893.9"
"1,96 : 496.23"
"1,97 : 638.85"
"1,98 : 1019.25"
"1,99 : 289.32"
"2,0 : 371.96"
"2,1 : 863.35"
"2,2 : 0.0"
"2,3 : 450.47"
"2,4 : 789.91"
"2,5 : 547.7"
"2,6 : 951.59"
"2,7 : 918.93"
"2,8 : 601.44"
"2,9 : 544.94"
"2,10 : 772.17"
"2,11 : 603.82"
"2,12 : 899.39"
"2,13 : 748.22"
"2,14 : 922.07"
"2,15 : 419.47"
"2,16 : 417.23"
"2,17 : 758.82"
"2,18 : 407.62"
"2,19 : 463.18"
"2,20 : 842.63"
"2,21 : 853.2"
"2,22 : 363.11"
"2,23 : 809.27"
"2,24 : 891.93"
"2,25 : 484.88"
"2,26 : 615.89"
"2,27 : 490.39"
"2,28 : 214.25"
"2,29 : 572.9"
"2,30 : 406.53"
"2,31 : 504.17"
"2,32 : 941.38"
"2,33 : 206.73"
"2,34 : 269.21"
"2,35 : 298.06"
"2,36 : 845.3"
"2,37 : 473.05"
"2,38 : 275.54"
"2,39 : 612.39"
"2,40 : 944.17"
"2,41 : 343.76"
"2,42 : 303.36"
"2,43 : 501.62"
"2,44 : 929.85"
"2,45 : 552.95"
"2,46 : 1114.8"
"2,47 : 643.76"
"2,48 : 413.51"
"2,49 : 944.61"
"2,50 : 398.38"
"2,51 : 450.82"
"2,52 : 469.85"
"2,53 : 769.95"
"2,54 : 869.57"
"2,55 : 776.47"
"2,56 : 185.24"
"2,57 : 1009.26"
"2,58 : 969.05"
"2,59 : 334.15"
"2,60 : 338.35"
"2,61 : 249.95"
"2,62 : 929.4"
"2,63 : 656.51"
"2,64 : 481.0"
"2,65 : 546.37"
"2,66 : 207.33"
"2,67 : 831.63"
"2,68 : 239.42"
"2,69 : 868.03"
"2,70 : 696.6"
"2,71 : 938.79"
"2,72 : 39.45"
"2,73 : 1054.98"
"2,74 : 750.04"
"2,75 : 838.99"
"2,76 : 745.68"
"2,77 : 624.77"
"2,78 : 931.14"
"2,79 : 716.64"
"2,80 : 778.14"
"2,81 : 787.37"
"2,82 : 365.83"
"2,83 : 276.05"
"2,84 : 380.37"
"2,85 : 856.73"
"2,86 : 867.31"
"2,87 : 149.6"
"2,88 : 814.19"
"2,89 : 533.17"
"2,90 : 657.63"
"2,91 : 552.68"
"2,92 : 541.4"
"2,93 : 64.07"
"2,94 : 510.41"
"2,95 : 680.83"
"2,96 : 434.25"
"2,97 : 520.6"
"2,98 : 343.38"
"2,99 : 822.93"
"3,0 : 261.04"
"3,1 : 660.04"
"3,2 : 450.47"
"3,3 : 0.0"
"3,4 : 538.77"
"3,5 : 555.76"
"3,6 : 530.03"
"3,7 : 524.82"
"3,8 : 246.1"
"3,9 : 329.86"
"3,10 : 532.4"
"3,11 : 578.61"
"3,12 : 507.66"
"3,13 : 441.86"
"3,14 : 471.7"
"3,15 : 244.44"
"3,16 : 47.8"
"3,17 : 579.01"
"3,18 : 553.65"
"3,19 : 490.62"
"3,20 : 466.43"
"3,21 : 402.87"
"3,22 : 222.77"
"3,23 : 597.09"
"3,24 : 488.89"
"3,25 : 330.39"
"3,26 : 626.49"
"3,27 : 242.79"
"3,28 : 236.24"
"3,29 : 122.59"
"3,30 : 135.21"
"3,31 : 256.13"
"3,32 : 509.57"
"3,33 : 246.4"
"3,34 : 478.47"
"3,35 : 153.06"
"3,36 : 408.94"
"3,37 : 418.71"
"3,38 : 255.98"
"3,39 : 576.07"
"3,40 : 679.31"
"3,41 : 296.18"
"3,42 : 461.41"
"3,43 : 71.84"
"3,44 : 479.39"
"3,45 : 309.11"
"3,46 : 829.8"
"3,47 : 207.2"
"3,48 : 173.95"
"3,49 : 573.6"
"3,50 : 373.75"
"3,51 : 192.31"
"3,52 : 131.69"
"3,53 : 575.7"
"3,54 : 689.96"
"3,55 : 633.47"
"3,56 : 368.91"
"3,57 : 675.29"
"3,58 : 565.73"
"3,59 : 355.3"
"3,60 : 448.37"
"3,61 : 242.59"
"3,62 : 482.25"
"3,63 : 624.81"
"3,64 : 709.51"
"3,65 : 135.28"
"3,66 : 500.28"
"3,67 : 385.42"
"3,68 : 451.43"
"3,69 : 423.4"
"3,70 : 534.87"
"3,71 : 490.41"
"3,72 : 426.52"
"3,73 : 737.59"
"3,74 : 311.24"
"3,75 : 429.96"
"3,76 : 660.09"
"3,77 : 205.53"
"3,78 : 485.59"
"3,79 : 279.74"
"3,80 : 501.6"
"3,81 : 399.4"
"3,82 : 338.04"
"3,83 : 468.26"
"3,84 : 318.55"
"3,85 : 412.7"
"3,86 : 538.56"
"3,87 : 326.83"
"3,88 : 556.79"
"3,89 : 291.15"
"3,90 : 307.83"
"3,91 : 169.25"
"3,92 : 177.51"
"3,93 : 409.35"
"3,94 : 500.28"
"3,95 : 305.19"
"3,96 : 521.79"
"3,97 : 724.22"
"3,98 : 398.72"
"3,99 : 482.65"
"4,0 : 790.45"
"4,1 : 133.14"
"4,2 : 789.91"
"4,3 : 538.77"
"4,4 : 0.0"
"4,5 : 380.55"
"4,6 : 420.97"
"4,7 : 321.04"
"4,8 : 300.41"
"4,9 : 248.93"
"4,10 : 23.19"
"4,11 : 338.35"
"4,12 : 307.09"
"4,13 : 120.07"
"4,14 : 600.78"
"4,15 : 781.74"
"4,16 : 517.99"
"4,17 : 118.85"
"4,18 : 539.07"
"4,19 : 411.58"
"4,20 : 252.49"
"4,21 : 566.06"
"4,22 : 750.65"
"4,23 : 79.12"
"4,24 : 335.93"
"4,25 : 869.15"
"4,26 : 389.62"
"4,27 : 779.01"
"4,28 : 642.07"
"4,29 : 512.26"
"4,30 : 671.73"
"4,31 : 308.59"
"4,32 : 457.82"
"4,33 : 668.94"
"4,34 : 600.68"
"4,35 : 588.35"
"4,36 : 705.27"
"4,37 : 344.89"
"4,38 : 751.04"
"4,39 : 323.79"
"4,40 : 154.81"
"4,41 : 446.15"
"4,42 : 952.77"
"4,43 : 475.66"
"4,44 : 620.18"
"4,45 : 250.64"
"4,46 : 324.89"
"4,47 : 609.31"
"4,48 : 711.52"
"4,49 : 276.66"
"4,50 : 405.38"
"4,51 : 379.51"
"4,52 : 413.29"
"4,53 : 96.26"
"4,54 : 176.12"
"4,55 : 186.08"
"4,56 : 823.07"
"4,57 : 255.38"
"4,58 : 370.42"
"4,59 : 870.12"
"4,60 : 953.47"
"4,61 : 718.8"
"4,62 : 684.85"
"4,63 : 334.85"
"4,64 : 673.77"
"4,65 : 418.48"
"4,66 : 942.24"
"4,67 : 498.7"
"4,68 : 920.01"
"4,69 : 671.36"
"4,70 : 150.15"
"4,71 : 676.33"
"4,72 : 792.03"
"4,73 : 278.49"
"4,74 : 435.6"
"4,75 : 794.45"
"4,76 : 272.52"
"4,77 : 391.59"
"4,78 : 534.11"
"4,79 : 637.15"
"4,80 : 51.24"
"4,81 : 810.14"
"4,82 : 862.39"
"4,83 : 948.18"
"4,84 : 410.57"
"4,85 : 669.43"
"4,86 : 156.16"
"4,87 : 644.74"
"4,88 : 24.7"
"4,89 : 823.56"
"4,90 : 787.89"
"4,91 : 669.89"
"4,92 : 362.66"
"4,93 : 790.2"
"4,94 : 365.14"
"4,95 : 762.0"
"4,96 : 475.08"
"4,97 : 651.72"
"4,98 : 911.89"
"4,99 : 169.81"
"5,0 : 724.43"
"5,1 : 382.5"
"5,2 : 547.7"
"5,3 : 555.76"
"5,4 : 380.55"
"5,5 : 0.0"
"5,6 : 747.89"
"5,7 : 663.94"
"5,8 : 445.54"
"5,9 : 279.57"
"5,10 : 357.36"
"5,11 : 60.22"
"5,12 : 645.7"
"5,13 : 426.39"
"5,14 : 859.38"
"5,15 : 741.39"
"5,16 : 511.51"
"5,17 : 286.57"
"5,18 : 178.0"
"5,19 : 86.16"
"5,20 : 580.58"
"5,21 : 803.52"
"5,22 : 689.03"
"5,23 : 351.28"
"5,24 : 662.43"
"5,25 : 836.24"
"5,26 : 75.33"
"5,27 : 774.6"
"5,28 : 501.26"
"5,29 : 611.79"
"5,30 : 647.24"
"5,31 : 330.95"
"5,32 : 769.27"
"5,33 : 528.08"
"5,34 : 290.04"
"5,35 : 499.03"
"5,36 : 895.68"
"5,37 : 137.24"
"5,38 : 644.86"
"5,39 : 72.95"
"5,40 : 503.49"
"5,41 : 281.0"
"5,42 : 802.63"
"5,43 : 532.19"
"5,44 : 876.17"
"5,45 : 311.45"
"5,46 : 665.62"
"5,47 : 727.62"
"5,48 : 683.73"
"5,49 : 641.77"
"5,50 : 193.0"
"5,51 : 370.69"
"5,52 : 440.27"
"5,53 : 307.72"
"5,54 : 368.33"
"5,55 : 267.33"
"5,56 : 659.04"
"5,57 : 635.65"
"5,58 : 719.03"
"5,59 : 764.29"
"5,60 : 820.85"
"5,61 : 603.33"
"5,62 : 920.14"
"5,63 : 109.48"
"5,64 : 293.49"
"5,65 : 512.02"
"5,66 : 744.18"
"5,67 : 746.17"
"5,68 : 750.35"
"5,69 : 883.04"
"5,70 : 233.05"
"5,71 : 918.51"
"5,72 : 566.96"
"5,73 : 651.09"
"5,74 : 658.38"
"5,75 : 953.41"
"5,76 : 207.61"
"5,77 : 546.24"
"5,78 : 817.57"
"5,79 : 785.76"
"5,80 : 403.85"
"5,81 : 940.09"
"5,82 : 774.13"
"5,83 : 785.75"
"5,84 : 245.81"
"5,85 : 876.46"
"5,86 : 525.09"
"5,87 : 440.34"
"5,88 : 402.52"
"5,89 : 827.69"
"5,90 : 863.09"
"5,91 : 724.7"
"5,92 : 452.43"
"5,93 : 576.47"
"5,94 : 55.54"
"5,95 : 856.27"
"5,96 : 122.44"
"5,97 : 271.83"
"5,98 : 797.02"
"5,99 : 513.23"
"6,0 : 770.82"
"6,1 : 531.59"
"6,2 : 951.59"
"6,3 : 530.03"
"6,4 : 420.97"
"6,5 : 747.89"
"6,6 : 0.0"
"6,7 : 103.77"
"6,8 : 360.09"
"6,9 : 491.1"
"6,10 : 438.63"
"6,11 : 723.91"
"6,12 : 114.4"
"6,13 : 327.6"
"6,14 : 234.34"
"6,15 : 736.59"
"6,16 : 546.92"
"6,17 : 538.31"
"6,18 : 862.74"
"6,19 : 742.25"
"6,20 : 171.7"
"6,21 : 242.99"
"6,22 : 737.91"
"6,23 : 495.89"
"6,24 : 86.83"
"6,25 : 793.0"
"6,26 : 781.02"
"6,27 : 694.48"
"6,28 : 746.13"
"6,29 : 421.74"
"6,30 : 645.82"
"6,31 : 484.0"
"6,32 : 52.35"
"6,33 : 763.73"
"6,34 : 867.07"
"6,35 : 664.49"
"6,36 : 403.35"
"6,37 : 653.21"
"6,38 : 785.24"
"6,39 : 711.4"
"6,40 : 438.9"
"6,41 : 659.87"
"6,42 : 987.02"
"6,43 : 463.04"
"6,44 : 252.56"
"6,45 : 463.88"
"6,46 : 490.0"
"6,47 : 439.32"
"6,48 : 674.71"
"6,49 : 176.08"
"6,50 : 675.23"
"6,51 : 512.35"
"6,52 : 481.92"
"6,53 : 516.75"
"6,54 : 579.83"
"6,55 : 606.98"
"6,56 : 898.29"
"6,57 : 303.8"
"6,58 : 78.23"
"6,59 : 873.41"
"6,60 : 968.67"
"6,61 : 772.27"
"6,62 : 329.95"
"6,63 : 736.42"
"6,64 : 1020.58"
"6,65 : 408.52"
"6,66 : 1029.82"
"6,67 : 193.6"
"6,68 : 981.16"
"6,69 : 350.39"
"6,70 : 552.11"
"6,71 : 314.53"
"6,72 : 936.08"
"6,73 : 372.02"
"6,74 : 225.25"
"6,75 : 510.86"
"6,76 : 690.85"
"6,77 : 329.95"
"6,78 : 149.86"
"6,79 : 414.21"
"6,80 : 374.79"
"6,81 : 558.29"
"6,82 : 848.53"
"6,83 : 996.48"
"6,84 : 645.51"
"6,85 : 355.24"
"6,86 : 274.12"
"6,87 : 806.74"
"6,88 : 413.27"
"6,89 : 717.01"
"6,90 : 607.84"
"6,91 : 553.6"
"6,92 : 411.49"
"6,93 : 923.27"
"6,94 : 711.63"
"6,95 : 566.13"
"6,96 : 803.26"
"6,97 : 1011.0"
"6,98 : 915.97"
"6,99 : 251.79"
"7,0 : 778.75"
"7,1 : 428.24"
"7,2 : 918.93"
"7,3 : 524.82"
"7,4 : 321.04"
"7,5 : 663.94"
"7,6 : 103.77"
"7,7 : 0.0"
"7,8 : 317.52"
"7,9 : 422.72"
"7,10 : 339.84"
"7,11 : 635.44"
"7,12 : 20.0"
"7,13 : 237.92"
"7,14 : 324.35"
"7,15 : 750.12"
"7,16 : 532.78"
"7,17 : 439.41"
"7,18 : 790.42"
"7,19 : 666.36"
"7,20 : 85.15"
"7,21 : 317.46"
"7,22 : 743.08"
"7,23 : 394.27"
"7,24 : 42.94"
"7,25 : 816.12"
"7,26 : 691.62"
"7,27 : 717.07"
"7,28 : 722.27"
"7,29 : 431.61"
"7,30 : 651.13"
"7,31 : 429.12"
"7,32 : 150.0"
"7,33 : 742.7"
"7,34 : 808.08"
"7,35 : 644.44"
"7,36 : 478.15"
"7,37 : 579.91"
"7,38 : 779.9"
"7,39 : 622.31"
"7,40 : 336.15"
"7,41 : 607.12"
"7,42 : 986.22"
"7,43 : 453.88"
"7,44 : 343.58"
"7,45 : 398.91"
"7,46 : 400.65"
"7,47 : 474.81"
"7,48 : 684.0"
"7,49 : 79.23"
"7,50 : 610.75"
"7,51 : 469.71"
"7,52 : 452.6"
"7,53 : 417.25"
"7,54 : 476.5"
"7,55 : 507.01"
"7,56 : 885.59"
"7,57 : 212.6"
"7,58 : 55.79"
"7,59 : 878.09"
"7,60 : 972.28"
"7,61 : 761.72"
"7,62 : 419.02"
"7,63 : 644.02"
"7,64 : 944.35"
"7,65 : 393.1"
"7,66 : 1016.58"
"7,67 : 256.19"
"7,68 : 973.59"
"7,69 : 429.36"
"7,70 : 457.79"
"7,71 : 405.36"
"7,72 : 907.37"
"7,73 : 283.44"
"7,74 : 251.22"
"7,75 : 583.31"
"7,76 : 592.78"
"7,77 : 319.33"
"7,78 : 243.12"
"7,79 : 464.72"
"7,80 : 277.08"
"7,81 : 622.91"
"7,82 : 856.98"
"7,83 : 992.36"
"7,84 : 587.49"
"7,85 : 432.21"
"7,86 : 170.89"
"7,87 : 770.76"
"7,88 : 311.76"
"7,89 : 746.13"
"7,90 : 653.7"
"7,91 : 579.48"
"7,92 : 379.89"
"7,93 : 896.97"
"7,94 : 631.71"
"7,95 : 615.09"
"7,96 : 729.01"
"7,97 : 931.53"
"7,98 : 921.36"
"7,99 : 154.84"
"8,0 : 505.89"
"8,1 : 428.79"
"8,2 : 601.44"
"8,3 : 246.1"
"8,4 : 300.41"
"8,5 : 445.54"
"8,6 : 360.09"
"8,7 : 317.52"
"8,8 : 0.0"
"8,9 : 166.07"
"8,10 : 297.9"
"8,11 : 443.21"
"8,12 : 297.95"
"8,13 : 196.22"
"8,14 : 416.98"
"8,15 : 490.35"
"8,16 : 236.24"
"8,17 : 363.17"
"8,18 : 522.46"
"8,19 : 414.24"
"8,20 : 242.64"
"8,21 : 358.56"
"8,22 : 466.84"
"8,23 : 366.99"
"8,24 : 292.16"
"8,25 : 573.75"
"8,26 : 499.98"
"8,27 : 480.94"
"8,28 : 408.5"
"8,29 : 213.94"
"8,30 : 381.29"
"8,31 : 129.77"
"8,32 : 361.95"
"8,33 : 430.71"
"8,34 : 509.81"
"8,35 : 335.02"
"8,36 : 456.71"
"8,37 : 323.59"
"8,38 : 484.64"
"8,39 : 435.03"
"8,40 : 434.41"
"8,41 : 300.53"
"8,42 : 692.48"
"8,43 : 178.13"
"8,44 : 432.9"
"8,45 : 134.18"
"8,46 : 583.86"
"8,47 : 319.32"
"8,48 : 419.92"
"8,49 : 347.76"
"8,50 : 326.53"
"8,51 : 153.26"
"8,52 : 140.29"
"8,53 : 354.17"
"8,54 : 464.59"
"8,55 : 427.38"
"8,56 : 579.17"
"8,57 : 434.96"
"8,58 : 368.41"
"8,59 : 595.38"
"8,60 : 685.32"
"8,61 : 460.0"
"8,62 : 474.61"
"8,63 : 475.66"
"8,64 : 685.14"
"8,65 : 118.33"
"8,66 : 708.24"
"8,67 : 304.2"
"8,68 : 671.48"
"8,69 : 439.11"
"8,70 : 334.0"
"8,71 : 473.14"
"8,72 : 590.52"
"8,73 : 494.33"
"8,74 : 214.22"
"8,75 : 527.78"
"8,76 : 477.33"
"8,77 : 106.63"
"8,78 : 385.98"
"8,79 : 361.0"
"8,80 : 258.86"
"8,81 : 529.95"
"8,82 : 581.65"
"8,83 : 694.12"
"8,84 : 289.69"
"8,85 : 433.23"
"8,86 : 294.93"
"8,87 : 453.3"
"8,88 : 315.96"
"8,89 : 524.05"
"8,90 : 491.32"
"8,91 : 369.67"
"8,92 : 70.77"
"8,93 : 580.91"
"8,94 : 397.4"
"8,95 : 469.02"
"8,96 : 468.74"
"8,97 : 683.49"
"8,98 : 638.54"
"8,99 : 240.71"
"9,0 : 560.46"
"9,1 : 347.15"
"9,2 : 544.94"
"9,3 : 329.86"
"9,4 : 248.93"
"9,5 : 279.57"
"9,6 : 491.1"
"9,7 : 422.72"
"9,8 : 166.07"
"9,9 : 0.0"
"9,10 : 234.05"
"9,11 : 278.71"
"9,12 : 402.96"
"9,13 : 209.46"
"9,14 : 580.74"
"9,15 : 559.87"
"9,16 : 296.98"
"9,17 : 254.78"
"9,18 : 371.73"
"9,19 : 254.4"
"9,20 : 337.88"
"9,21 : 524.02"
"9,22 : 520.88"
"9,23 : 285.69"
"9,24 : 410.62"
"9,25 : 652.27"
"9,26 : 334.79"
"9,27 : 571.13"
"9,28 : 394.14"
"9,29 : 350.95"
"9,30 : 451.88"
"9,31 : 73.82"
"9,32 : 504.43"
"9,33 : 421.38"
"9,34 : 388.03"
"9,35 : 345.98"
"9,36 : 619.97"
"9,37 : 163.71"
"9,38 : 510.08"
"9,39 : 271.49"
"9,40 : 403.58"
"9,41 : 203.34"
"9,42 : 707.52"
"9,43 : 283.78"
"9,44 : 597.23"
"9,45 : 31.89"
"9,46 : 572.29"
"9,47 : 465.32"
"9,48 : 491.94"
"9,49 : 424.3"
"9,50 : 188.45"
"9,51 : 143.57"
"9,52 : 198.49"
"9,53 : 255.84"
"9,54 : 369.54"
"9,55 : 304.38"
"9,56 : 575.24"
"9,57 : 468.02"
"9,58 : 478.24"
"9,59 : 631.59"
"9,60 : 710.89"
"9,61 : 475.42"
"9,62 : 640.63"
"9,63 : 314.77"
"9,64 : 531.09"
"9,65 : 246.98"
"9,66 : 693.35"
"9,67 : 467.55"
"9,68 : 672.41"
"9,69 : 604.64"
"9,70 : 205.76"
"9,71 : 638.94"
"9,72 : 544.85"
"9,73 : 510.42"
"9,74 : 379.02"
"9,75 : 684.77"
"9,76 : 332.87"
"9,77 : 268.82"
"9,78 : 543.06"
"9,79 : 516.56"
"9,80 : 233.21"
"9,81 : 679.35"
"9,82 : 627.9"
"9,83 : 701.44"
"9,84 : 173.44"
"9,85 : 598.45"
"9,86 : 329.13"
"9,87 : 397.72"
"9,88 : 272.37"
"9,89 : 620.71"
"9,90 : 621.07"
"9,91 : 487.54"
"9,92 : 183.44"
"9,93 : 542.09"
"9,94 : 232.55"
"9,95 : 606.25"
"9,96 : 313.25"
"9,97 : 525.04"
"9,98 : 672.11"
"9,99 : 293.25"
"10,0 : 781.59"
"10,1 : 131.11"
"10,2 : 772.17"
"10,3 : 532.4"
"10,4 : 23.19"
"10,5 : 357.36"
"10,6 : 438.63"
"10,7 : 339.84"
"10,8 : 297.9"
"10,9 : 234.05"
"10,10 : 0.0"
"10,11 : 315.3"
"10,12 : 325.28"
"10,13 : 128.08"
"10,14 : 613.18"
"10,15 : 774.31"
"10,16 : 509.83"
"10,17 : 99.7"
"10,18 : 516.33"
"10,19 : 388.96"
"10,20 : 268.78"
"10,21 : 576.44"
"10,22 : 741.77"
"10,23 : 71.18"
"10,24 : 352.96"
"10,25 : 862.7"
"10,26 : 366.82"
"10,27 : 773.71"
"10,28 : 628.07"
"10,29 : 511.14"
"10,30 : 664.35"
"10,31 : 296.6"
"10,32 : 474.15"
"10,33 : 655.17"
"10,34 : 579.5"
"10,35 : 576.42"
"10,36 : 712.83"
"10,37 : 323.48"
"10,38 : 739.7"
"10,39 : 300.76"
"10,40 : 172.04"
"10,41 : 428.51"
"10,42 : 940.18"
"10,43 : 470.88"
"10,44 : 632.48"
"10,45 : 238.21"
"10,46 : 343.08"
"10,47 : 610.74"
"10,48 : 704.3"
"10,49 : 297.93"
"10,50 : 385.25"
"10,51 : 368.16"
"10,52 : 405.18"
"10,53 : 78.41"
"10,54 : 170.29"
"10,55 : 168.83"
"10,56 : 809.17"
"10,57 : 278.52"
"10,58 : 390.13"
"10,59 : 859.52"
"10,60 : 941.8"
"10,61 : 706.73"
"10,62 : 695.81"
"10,63 : 312.53"
"10,64 : 650.59"
"10,65 : 415.22"
"10,66 : 927.16"
"10,67 : 509.39"
"10,68 : 906.27"
"10,69 : 680.36"
"10,70 : 127.2"
"10,71 : 687.79"
"10,72 : 775.06"
"10,73 : 300.53"
"10,74 : 443.37"
"10,75 : 800.19"
"10,76 : 252.96"
"10,77 : 392.62"
"10,78 : 548.29"
"10,79 : 641.07"
"10,80 : 64.4"
"10,81 : 813.89"
"10,82 : 852.71"
"10,83 : 934.93"
"10,84 : 392.23"
"10,85 : 678.05"
"10,86 : 177.37"
"10,87 : 627.82"
"10,88 : 46.39"
"10,89 : 819.08"
"10,90 : 787.75"
"10,91 : 667.5"
"10,92 : 357.66"
"10,93 : 773.74"
"10,94 : 342.25"
"10,95 : 762.98"
"10,96 : 452.36"
"10,97 : 628.53"
"10,98 : 901.0"
"10,99 : 186.87"
"11,0 : 762.6"
"11,1 : 327.48"
"11,2 : 603.82"
"11,3 : 578.61"
"11,4 : 338.35"
"11,5 : 60.22"
"11,6 : 723.91"
"11,7 : 635.44"
"11,8 : 443.21"
"11,9 : 278.71"
"11,10 : 315.3"
"11,11 : 0.0"
"11,12 : 617.95"
"11,13 : 397.78"
"11,14 : 850.13"
"11,15 : 776.4"
"11,16 : 536.41"
"11,17 : 236.05"
"11,18 : 237.59"
"11,19 : 140.66"
"11,20 : 553.94"
"11,21 : 797.32"
"11,22 : 726.09"
"11,23 : 301.04"
"11,24 : 637.5"
"11,25 : 871.48"
"11,26 : 58.0"
"11,27 : 805.2"
"11,28 : 545.24"
"11,29 : 623.77"
"11,30 : 678.46"
"11,31 : 339.47"
"11,32 : 748.8"
"11,33 : 572.63"
"11,34 : 349.31"
"11,35 : 535.81"
"11,36 : 898.66"
"11,37 : 165.08"
"11,38 : 687.03"
"11,39 : 15.0"
"11,40 : 452.25"
"11,41 : 319.78"
"11,42 : 851.72"
"11,43 : 548.18"
"11,44 : 867.58"
"11,45 : 310.07"
"11,46 : 611.27"
"11,47 : 739.44"
"11,48 : 716.1"
"11,49 : 607.22"
"11,50 : 233.0"
"11,51 : 388.54"
"11,52 : 456.72"
"11,53 : 258.38"
"11,54 : 310.57"
"11,55 : 209.89"
"11,56 : 708.34"
"11,57 : 591.36"
"11,58 : 689.69"
"11,59 : 807.96"
"11,60 : 868.16"
"11,61 : 646.01"
"11,62 : 915.74"
"11,63 : 53.85"
"11,64 : 342.47"
"11,65 : 521.42"
"11,66 : 797.71"
"11,67 : 737.36"
"11,68 : 801.1"
"11,69 : 882.3"
"11,70 : 188.3"
"11,71 : 912.86"
"11,72 : 621.68"
"11,73 : 602.48"
"11,74 : 652.03"
"11,75 : 962.15"
"11,76 : 147.43"
"11,77 : 547.43"
"11,78 : 803.2"
"11,79 : 793.92"
"11,80 : 367.04"
"11,81 : 953.24"
"11,82 : 815.76"
"11,83 : 836.02"
"11,84 : 281.5"
"11,85 : 876.43"
"11,86 : 488.36"
"11,87 : 491.12"
"11,88 : 358.89"
"11,89 : 857.83"
"11,90 : 883.56"
"11,91 : 746.02"
"11,92 : 459.44"
"11,93 : 630.17"
"11,94 : 96.01"
"11,95 : 873.82"
"11,96 : 182.61"
"11,97 : 315.7"
"11,98 : 842.09"
"11,99 : 482.1"
"12,0 : 762.61"
"12,1 : 417.6"
"12,2 : 899.39"
"12,3 : 507.66"
"12,4 : 307.09"
"12,5 : 645.7"
"12,6 : 114.4"
"12,7 : 20.0"
"12,8 : 297.95"
"12,9 : 402.96"
"12,10 : 325.28"
"12,11 : 617.95"
"12,12 : 0.0"
"12,13 : 220.19"
"12,14 : 325.88"
"12,15 : 734.68"
"12,16 : 514.76"
"12,17 : 424.98"
"12,18 : 771.03"
"12,19 : 647.21"
"12,20 : 65.8"
"12,21 : 314.73"
"12,22 : 726.67"
"12,23 : 381.54"
"12,24 : 38.0"
"12,25 : 801.86"
"12,26 : 674.34"
"12,27 : 702.88"
"12,28 : 703.3"
"12,29 : 416.47"
"12,30 : 634.86"
"12,31 : 409.12"
"12,32 : 156.78"
"12,33 : 723.91"
"12,34 : 788.14"
"12,35 : 625.8"
"12,36 : 474.46"
"12,37 : 560.51"
"12,38 : 762.36"
"12,39 : 604.93"
"12,40 : 330.39"
"12,41 : 587.12"
"12,42 : 968.98"
"12,43 : 436.5"
"12,44 : 345.32"
"12,45 : 379.01"
"12,46 : 403.44"
"12,47 : 463.21"
"12,48 : 668.15"
"12,49 : 83.17"
"12,50 : 590.91"
"12,51 : 449.96"
"12,52 : 433.55"
"12,53 : 403.11"
"12,54 : 465.8"
"12,55 : 493.17"
"12,56 : 867.33"
"12,57 : 215.96"
"12,58 : 75.31"
"12,59 : 861.49"
"12,60 : 955.5"
"12,61 : 743.73"
"12,62 : 419.69"
"12,63 : 627.41"
"12,64 : 925.31"
"12,65 : 375.3"
"12,66 : 998.21"
"12,67 : 251.62"
"12,68 : 955.72"
"12,69 : 426.97"
"12,70 : 441.6"
"12,71 : 406.69"
"12,72 : 888.03"
"12,73 : 287.22"
"12,74 : 239.99"
"12,75 : 578.66"
"12,76 : 578.02"
"12,77 : 302.34"
"12,78 : 246.55"
"12,79 : 455.82"
"12,80 : 261.94"
"12,81 : 616.33"
"12,82 : 840.82"
"12,83 : 974.79"
"12,84 : 567.51"
"12,85 : 429.28"
"12,86 : 160.26"
"12,87 : 751.13"
"12,88 : 298.92"
"12,89 : 732.82"
"12,90 : 643.31"
"12,91 : 566.04"
"12,92 : 360.82"
"12,93 : 877.76"
"12,94 : 612.94"
"12,95 : 605.36"
"12,96 : 709.75"
"12,97 : 912.82"
"12,98 : 904.8"
"12,99 : 139.05"
"13,0 : 700.2"
"13,1 : 252.96"
"13,2 : 748.22"
"13,3 : 441.86"
"13,4 : 120.07"
"13,5 : 426.39"
"13,6 : 327.6"
"13,7 : 237.92"
"13,8 : 196.22"
"13,9 : 209.46"
"13,10 : 128.08"
"13,11 : 397.78"
"13,12 : 220.19"
"13,13 : 0.0"
"13,14 : 486.71"
"13,15 : 686.28"
"13,16 : 428.08"
"13,17 : 221.65"
"13,18 : 560.48"
"13,19 : 434.01"
"13,20 : 156.43"
"13,21 : 448.51"
"13,22 : 660.81"
"13,23 : 197.95"
"13,24 : 240.8"
"13,25 : 769.94"
"13,26 : 454.33"
"13,27 : 676.64"
"13,28 : 577.89"
"13,29 : 400.77"
"13,30 : 576.89"
"13,31 : 245.18"
"13,32 : 357.11"
"13,33 : 603.03"
"13,34 : 594.94"
"13,35 : 514.02"
"13,36 : 585.41"
"13,37 : 351.55"
"13,38 : 671.76"
"13,39 : 384.84"
"13,40 : 238.37"
"13,41 : 411.29"
"13,42 : 877.95"
"13,43 : 374.34"
"13,44 : 505.86"
"13,45 : 195.82"
"13,46 : 390.31"
"13,47 : 492.85"
"13,48 : 615.8"
"13,49 : 220.66"
"13,50 : 394.14"
"13,51 : 308.29"
"13,52 : 325.64"
"13,53 : 203.53"
"13,54 : 296.08"
"13,55 : 292.36"
"13,56 : 756.11"
"13,57 : 261.05"
"13,58 : 292.73"
"13,59 : 786.54"
"13,60 : 874.15"
"13,61 : 643.35"
"13,62 : 568.08"
"13,63 : 408.81"
"13,64 : 710.19"
"13,65 : 313.5"
"13,66 : 881.08"
"13,67 : 381.62"
"13,68 : 851.35"
"13,69 : 552.33"
"13,70 : 225.58"
"13,71 : 560.38"
"13,72 : 744.61"
"13,73 : 310.36"
"13,74 : 315.76"
"13,75 : 674.44"
"13,76 : 368.73"
"13,77 : 276.8"
"13,78 : 424.78"
"13,79 : 518.0"
"13,80 : 70.01"
"13,81 : 691.0"
"13,82 : 774.94"
"13,83 : 876.75"
"13,84 : 382.88"
"13,85 : 550.11"
"13,86 : 119.92"
"13,87 : 599.11"
"13,88 : 128.19"
"13,89 : 718.67"
"13,90 : 673.47"
"13,91 : 560.38"
"13,92 : 264.62"
"13,93 : 739.27"
"13,94 : 396.29"
"13,95 : 645.88"
"13,96 : 497.66"
"13,97 : 695.39"
"13,98 : 829.3"
"13,99 : 88.46"
"14,0 : 660.13"
"14,1 : 726.38"
"14,2 : 922.07"
"14,3 : 471.7"
"14,4 : 600.78"
"14,5 : 859.38"
"14,6 : 234.34"
"14,7 : 324.35"
"14,8 : 416.98"
"14,9 : 580.74"
"14,10 : 613.18"
"14,11 : 850.13"
"14,12 : 325.88"
"14,13 : 486.71"
"14,14 : 0.0"
"14,15 : 616.04"
"14,16 : 506.38"
"14,17 : 708.31"
"14,18 : 936.35"
"14,19 : 831.19"
"14,20 : 356.73"
"14,21 : 68.88"
"14,22 : 635.3"
"14,23 : 679.79"
"14,24 : 288.13"
"14,25 : 649.19"
"14,26 : 907.99"
"14,27 : 557.51"
"14,28 : 707.82"
"14,29 : 349.18"
"14,30 : 550.28"
"14,31 : 543.81"
"14,32 : 182.01"
"14,33 : 717.72"
"14,34 : 905.52"
"14,35 : 624.12"
"14,36 : 183.04"
"14,37 : 740.58"
"14,38 : 702.57"
"14,39 : 840.09"
"14,40 : 654.29"
"14,41 : 695.86"
"14,42 : 884.68"
"14,43 : 424.92"
"14,44 : 19.65"
"14,45 : 549.1"
"14,46 : 722.67"
"14,47 : 302.61"
"14,48 : 567.86"
"14,49 : 403.1"
"14,50 : 738.68"
"14,51 : 540.78"
"14,52 : 485.31"
"14,53 : 690.09"
"14,54 : 773.31"
"14,55 : 779.02"
"14,56 : 825.7"
"14,57 : 535.11"
"14,58 : 312.44"
"14,59 : 764.15"
"14,60 : 857.65"
"14,61 : 702.02"
"14,62 : 95.63"
"14,63 : 874.92"
"14,64 : 1099.69"
"14,65 : 396.09"
"14,66 : 952.96"
"14,67 : 113.22"
"14,68 : 893.67"
"14,69 : 126.4"
"14,70 : 705.03"
"14,71 : 81.02"
"14,72 : 898.04"
"14,73 : 604.7"
"14,74 : 203.0"
"14,75 : 289.28"
"14,76 : 851.94"
"14,77 : 330.33"
"14,78 : 84.72"
"14,79 : 246.26"
"14,80 : 549.95"
"14,81 : 347.22"
"14,82 : 732.46"
"14,83 : 900.91"
"14,84 : 695.35"
"14,85 : 134.71"
"14,86 : 477.56"
"14,87 : 792.48"
"14,88 : 600.17"
"14,89 : 565.04"
"14,90 : 428.89"
"14,91 : 422.02"
"14,92 : 433.39"
"14,93 : 880.29"
"14,94 : 813.27"
"14,95 : 383.88"
"14,96 : 884.77"
"14,97 : 1099.88"
"14,98 : 803.31"
"14,99 : 437.35"
"15,0 : 51.87"
"15,1 : 900.0"
"15,2 : 419.47"
"15,3 : 244.44"
"15,4 : 781.74"
"15,5 : 741.39"
"15,6 : 736.59"
"15,7 : 750.12"
"15,8 : 490.35"
"15,9 : 559.87"
"15,10 : 774.31"
"15,11 : 776.4"
"15,12 : 734.68"
"15,13 : 686.28"
"15,14 : 616.04"
"15,15 : 0.0"
"15,16 : 265.0"
"15,17 : 813.98"
"15,18 : 688.06"
"15,19 : 663.37"
"15,20 : 700.77"
"15,21 : 553.34"
"15,22 : 60.03"
"15,23 : 837.09"
"15,24 : 710.86"
"15,25 : 95.08"
"15,26 : 816.18"
"15,27 : 74.46"
"15,28 : 266.69"
"15,29 : 318.64"
"15,30 : 110.02"
"15,31 : 486.99"
"15,32 : 705.84"
"15,33 : 249.59"
"15,34 : 575.0"
"15,35 : 242.74"
"15,36 : 485.02"
"15,37 : 611.33"
"15,38 : 144.26"
"15,39 : 777.03"
"15,40 : 923.69"
"15,41 : 460.63"
"15,42 : 270.98"
"15,43 : 313.21"
"15,44 : 616.64"
"15,45 : 543.8"
"15,46 : 1073.56"
"15,47 : 314.17"
"15,48 : 70.49"
"15,49 : 806.55"
"15,50 : 548.48"
"15,51 : 416.37"
"15,52 : 369.28"
"15,53 : 812.85"
"15,54 : 927.33"
"15,55 : 863.38"
"15,56 : 254.02"
"15,57 : 915.08"
"15,58 : 784.56"
"15,59 : 149.57"
"15,60 : 241.66"
"15,61 : 176.82"
"15,62 : 589.39"
"15,63 : 827.22"
"15,64 : 821.62"
"15,65 : 376.26"
"15,66 : 359.49"
"15,67 : 562.01"
"15,68 : 291.62"
"15,69 : 524.11"
"15,70 : 765.1"
"15,71 : 603.73"
"15,72 : 382.2"
"15,73 : 979.1"
"15,74 : 511.45"
"15,75 : 447.76"
"15,76 : 878.39"
"15,77 : 436.29"
"15,78 : 656.95"
"15,79 : 372.86"
"15,80 : 745.7"
"15,81 : 385.91"
"15,82 : 116.42"
"15,83 : 291.01"
"15,84 : 496.02"
"15,85 : 512.07"
"15,86 : 780.88"
"15,87 : 370.41"
"15,88 : 800.35"
"15,89 : 113.85"
"15,90 : 249.84"
"15,91 : 194.03"
"15,92 : 421.9"
"15,93 : 357.79"
"15,94 : 687.09"
"15,95 : 282.66"
"15,96 : 675.74"
"15,97 : 848.12"
"15,98 : 187.32"
"15,99 : 724.36"
"16,0 : 272.92"
"16,1 : 635.01"
"16,2 : 417.23"
"16,3 : 47.8"
"16,4 : 517.99"
"16,5 : 511.51"
"16,6 : 546.92"
"16,7 : 532.78"
"16,8 : 236.24"
"16,9 : 296.98"
"16,10 : 509.83"
"16,11 : 536.41"
"16,12 : 514.76"
"16,13 : 428.08"
"16,14 : 506.38"
"16,15 : 265.0"
"16,16 : 0.0"
"16,17 : 549.8"
"16,18 : 505.91"
"16,19 : 444.64"
"16,20 : 468.74"
"16,21 : 437.54"
"16,22 : 233.26"
"16,23 : 572.1"
"16,24 : 499.16"
"16,25 : 355.84"
"16,26 : 583.07"
"16,27 : 274.87"
"16,28 : 204.0"
"16,29 : 159.06"
"16,30 : 155.6"
"16,31 : 223.38"
"16,32 : 530.53"
"16,33 : 218.32"
"16,34 : 431.51"
"16,35 : 120.04"
"16,36 : 453.36"
"16,37 : 374.86"
"16,38 : 249.7"
"16,39 : 534.49"
"16,40 : 662.94"
"16,41 : 248.7"
"16,42 : 457.67"
"16,43 : 85.29"
"16,44 : 515.23"
"16,45 : 279.25"
"16,46 : 818.17"
"16,47 : 253.03"
"16,48 : 195.76"
"16,49 : 576.0"
"16,50 : 327.39"
"16,51 : 155.05"
"16,52 : 104.71"
"16,53 : 548.1"
"16,54 : 662.59"
"16,55 : 601.35"
"16,56 : 353.19"
"16,57 : 670.75"
"16,58 : 576.77"
"16,59 : 359.25"
"16,60 : 449.2"
"16,61 : 228.97"
"16,62 : 522.55"
"16,63 : 583.69"
"16,64 : 661.73"
"16,65 : 140.01"
"16,66 : 484.55"
"16,67 : 414.48"
"16,68 : 441.06"
"16,69 : 465.24"
"16,70 : 502.74"
"16,71 : 529.8"
"16,72 : 396.01"
"16,73 : 730.56"
"16,74 : 334.86"
"16,75 : 477.3"
"16,76 : 623.28"
"16,77 : 217.33"
"16,78 : 514.19"
"16,79 : 324.83"
"16,80 : 483.98"
"16,81 : 447.2"
"16,82 : 346.88"
"16,83 : 461.21"
"16,84 : 272.08"
"16,85 : 454.84"
"16,86 : 531.17"
"16,87 : 286.97"
"16,88 : 537.31"
"16,89 : 325.61"
"16,90 : 353.77"
"16,91 : 215.36"
"16,92 : 165.49"
"16,93 : 380.58"
"16,94 : 455.97"
"16,95 : 352.51"
"16,96 : 474.6"
"16,97 : 676.45"
"16,98 : 402.34"
"16,99 : 476.68"
"17,0 : 815.24"
"17,1 : 105.12"
"17,2 : 758.82"
"17,3 : 579.01"
"17,4 : 118.85"
"17,5 : 286.57"
"17,6 : 538.31"
"17,7 : 439.41"
"17,8 : 363.17"
"17,9 : 254.78"
"17,10 : 99.7"
"17,11 : 236.05"
"17,12 : 424.98"
"17,13 : 221.65"
"17,14 : 708.31"
"17,15 : 813.98"
"17,16 : 549.8"
"17,17 : 0.0"
"17,18 : 457.92"
"17,19 : 335.54"
"17,20 : 368.13"
"17,21 : 668.51"
"17,22 : 775.66"
"17,23 : 65.0"
"17,24 : 452.52"
"17,25 : 905.64"
"17,26 : 281.62"
"17,27 : 821.75"
"17,28 : 638.84"
"17,29 : 576.07"
"17,30 : 705.3"
"17,31 : 327.0"
"17,32 : 573.36"
"17,33 : 666.81"
"17,34 : 540.68"
"17,35 : 598.53"
"17,36 : 799.04"
"17,37 : 289.28"
"17,38 : 762.49"
"17,39 : 221.06"
"17,40 : 216.92"
"17,41 : 421.84"
"17,42 : 955.19"
"17,43 : 524.39"
"17,44 : 727.41"
"17,45 : 270.6"
"17,46 : 381.08"
"17,47 : 682.17"
"17,48 : 745.45"
"17,49 : 394.95"
"17,50 : 361.09"
"17,51 : 398.18"
"17,52 : 447.72"
"17,53 : 23.77"
"17,54 : 115.76"
"17,55 : 70.71"
"17,56 : 818.41"
"17,57 : 358.95"
"17,58 : 489.23"
"17,59 : 884.73"
"17,60 : 961.42"
"17,61 : 726.37"
"17,62 : 788.54"
"17,63 : 222.89"
"17,64 : 578.15"
"17,65 : 474.95"
"17,66 : 928.96"
"17,67 : 602.19"
"17,68 : 915.6"
"17,69 : 769.61"
"17,70 : 62.68"
"17,71 : 781.37"
"17,72 : 766.76"
"17,73 : 366.49"
"17,74 : 531.3"
"17,75 : 881.94"
"17,76 : 153.67"
"17,77 : 465.48"
"17,78 : 645.69"
"17,79 : 719.01"
"17,80 : 163.69"
"17,81 : 890.57"
"17,82 : 882.2"
"17,83 : 946.61"
"17,84 : 381.9"
"17,85 : 766.57"
"17,86 : 274.69"
"17,87 : 621.58"
"17,88 : 132.97"
"17,89 : 869.83"
"17,90 : 853.37"
"17,91 : 726.68"
"17,92 : 413.04"
"17,93 : 768.64"
"17,94 : 284.68"
"17,95 : 832.14"
"17,96 : 395.47"
"17,97 : 551.61"
"17,98 : 924.58"
"17,99 : 286.53"
"18,0 : 659.96"
"18,1 : 557.6"
"18,2 : 407.62"
"18,3 : 553.65"
"18,4 : 539.07"
"18,5 : 178.0"
"18,6 : 862.74"
"18,7 : 790.42"
"18,8 : 522.46"
"18,9 : 371.73"
"18,10 : 516.33"
"18,11 : 237.59"
"18,12 : 771.03"
"18,13 : 560.48"
"18,14 : 936.35"
"18,15 : 688.06"
"18,16 : 505.91"
"18,17 : 457.92"
"18,18 : 0.0"
"18,19 : 128.02"
"18,20 : 705.29"
"18,21 : 873.96"
"18,22 : 630.11"
"18,23 : 521.31"
"18,24 : 781.31"
"18,25 : 779.08"
"18,26 : 226.49"
"18,27 : 735.86"
"18,28 : 424.79"
"18,29 : 639.62"
"18,30 : 611.54"
"18,31 : 393.25"
"18,32 : 875.62"
"18,33 : 447.2"
"18,34 : 138.6"
"18,35 : 452.18"
"18,36 : 939.06"
"18,37 : 210.52"
"18,38 : 567.81"
"18,39 : 250.89"
"18,40 : 673.28"
"18,41 : 258.47"
"18,42 : 691.37"
"18,43 : 553.01"
"18,44 : 951.07"
"18,45 : 400.0"
"18,46 : 838.94"
"18,47 : 750.7"
"18,48 : 642.22"
"18,49 : 781.07"
"18,50 : 197.85"
"18,51 : 401.88"
"18,52 : 467.44"
"18,53 : 477.38"
"18,54 : 545.78"
"18,55 : 444.77"
"18,56 : 550.68"
"18,57 : 793.25"
"18,58 : 846.21"
"18,59 : 676.91"
"18,60 : 716.89"
"18,61 : 526.12"
"18,62 : 983.13"
"18,63 : 281.09"
"18,64 : 163.44"
"18,65 : 553.34"
"18,66 : 613.45"
"18,67 : 824.89"
"18,68 : 632.77"
"18,69 : 936.96"
"18,70 : 399.72"
"18,71 : 984.82"
"18,72 : 434.42"
"18,73 : 815.87"
"18,74 : 733.76"
"18,75 : 978.99"
"18,76 : 383.72"
"18,77 : 607.51"
"18,78 : 908.31"
"18,79 : 817.5"
"18,80 : 553.2"
"18,81 : 952.88"
"18,82 : 694.64"
"18,83 : 669.6"
"18,84 : 245.54"
"18,85 : 928.61"
"18,86 : 670.94"
"18,87 : 336.15"
"18,88 : 562.65"
"18,89 : 788.84"
"18,90 : 855.23"
"18,91 : 718.76"
"18,92 : 505.0"
"18,93 : 449.16"
"18,94 : 174.66"
"18,95 : 857.77"
"18,96 : 64.03"
"18,97 : 170.86"
"18,98 : 703.0"
"18,99 : 648.91"
"19,0 : 644.04"
"19,1 : 437.92"
"19,2 : 463.18"
"19,3 : 490.62"
"19,4 : 411.58"
"19,5 : 86.16"
"19,6 : 742.25"
"19,7 : 666.36"
"19,8 : 414.24"
"19,9 : 254.4"
"19,10 : 388.96"
"19,11 : 140.66"
"19,12 : 647.21"
"19,13 : 434.01"
"19,14 : 831.19"
"19,15 : 663.37"
"19,16 : 444.64"
"19,17 : 335.54"
"19,18 : 128.02"
"19,19 : 0.0"
"19,20 : 581.41"
"19,21 : 771.62"
"19,22 : 609.55"
"19,23 : 397.52"
"19,24 : 659.31"
"19,25 : 757.79"
"19,26 : 159.83"
"19,27 : 700.25"
"19,28 : 417.65"
"19,29 : 558.59"
"19,30 : 572.89"
"19,31 : 289.31"
"19,32 : 758.06"
"19,33 : 444.07"
"19,34 : 212.25"
"19,35 : 420.63"
"19,36 : 851.08"
"19,37 : 90.97"
"19,38 : 561.97"
"19,39 : 149.8"
"19,40 : 548.62"
"19,41 : 203.53"
"19,42 : 716.7"
"19,43 : 475.23"
"19,44 : 846.94"
"19,45 : 284.72"
"19,46 : 716.17"
"19,47 : 673.42"
"19,48 : 608.15"
"19,49 : 654.31"
"19,50 : 117.72"
"19,51 : 315.07"
"19,52 : 384.48"
"19,53 : 353.73"
"19,54 : 431.06"
"19,55 : 331.17"
"19,56 : 573.11"
"19,57 : 665.36"
"19,58 : 722.12"
"19,59 : 680.39"
"19,60 : 735.37"
"19,61 : 520.22"
"19,62 : 884.94"
"19,63 : 193.46"
"19,64 : 278.44"
"19,65 : 463.54"
"19,66 : 658.3"
"19,67 : 718.43"
"19,68 : 664.21"
"19,69 : 843.26"
"19,70 : 275.41"
"19,71 : 884.97"
"19,72 : 481.5"
"19,73 : 689.04"
"19,74 : 628.29"
"19,75 : 901.42"
"19,76 : 285.04"
"19,77 : 507.77"
"19,78 : 796.96"
"19,79 : 735.51"
"19,80 : 425.2"
"19,81 : 883.01"
"19,82 : 691.35"
"19,83 : 699.65"
"19,84 : 173.0"
"19,85 : 835.81"
"19,86 : 543.21"
"19,87 : 354.23"
"19,88 : 435.33"
"19,89 : 753.56"
"19,90 : 798.32"
"19,91 : 659.78"
"19,92 : 408.38"
"19,93 : 490.61"
"19,94 : 51.97"
"19,95 : 794.67"
"19,96 : 64.12"
"19,97 : 270.65"
"19,98 : 712.41"
"19,99 : 522.47"
"20,0 : 725.31"
"20,1 : 371.52"
"20,2 : 842.63"
"20,3 : 466.43"
"20,4 : 252.49"
"20,5 : 580.58"
"20,6 : 171.7"
"20,7 : 85.15"
"20,8 : 242.64"
"20,9 : 337.88"
"20,10 : 268.78"
"20,11 : 553.94"
"20,12 : 65.8"
"20,13 : 156.43"
"20,14 : 356.73"
"20,15 : 700.77"
"20,16 : 468.74"
"20,17 : 368.13"
"20,18 : 705.29"
"20,19 : 581.41"
"20,20 : 0.0"
"20,21 : 333.35"
"20,22 : 688.2"
"20,23 : 329.66"
"20,24 : 84.96"
"20,25 : 772.92"
"20,26 : 610.67"
"20,27 : 674.63"
"20,28 : 650.87"
"20,29 : 386.16"
"20,30 : 597.45"
"20,31 : 347.21"
"20,32 : 205.41"
"20,33 : 672.57"
"20,34 : 724.05"
"20,35 : 575.64"
"20,36 : 487.23"
"20,37 : 494.77"
"20,38 : 718.13"
"20,39 : 541.13"
"20,40 : 300.88"
"20,41 : 524.92"
"20,42 : 925.79"
"20,43 : 394.61"
"20,44 : 376.37"
"20,45 : 314.64"
"20,46 : 400.35"
"20,47 : 447.66"
"20,48 : 632.56"
"20,49 : 107.34"
"20,50 : 526.1"
"20,51 : 391.95"
"20,52 : 381.47"
"20,53 : 347.17"
"20,54 : 419.14"
"20,55 : 437.6"
"20,56 : 818.94"
"20,57 : 220.78"
"20,58 : 140.92"
"20,59 : 821.72"
"20,60 : 914.63"
"20,61 : 697.08"
"20,62 : 446.56"
"20,63 : 565.02"
"20,64 : 859.52"
"20,65 : 331.66"
"20,66 : 949.01"
"20,67 : 266.42"
"20,68 : 909.3"
"20,69 : 444.54"
"20,70 : 380.4"
"20,71 : 435.63"
"20,72 : 832.78"
"20,73 : 290.26"
"20,74 : 231.32"
"20,75 : 587.28"
"20,76 : 519.86"
"20,77 : 264.52"
"20,78 : 284.3"
"20,79 : 450.76"
"20,80 : 204.47"
"20,81 : 618.04"
"20,82 : 803.2"
"20,83 : 929.95"
"20,84 : 504.02"
"20,85 : 445.11"
"20,86 : 121.93"
"20,87 : 693.67"
"20,88 : 247.7"
"20,89 : 708.24"
"20,90 : 630.89"
"20,91 : 541.84"
"20,92 : 309.13"
"20,93 : 823.49"
"20,94 : 547.3"
"20,95 : 595.72"
"20,96 : 643.95"
"20,97 : 847.19"
"20,98 : 865.13"
"20,99 : 83.01"
"21,0 : 596.16"
"21,1 : 695.24"
"21,2 : 853.2"
"21,3 : 402.87"
"21,4 : 566.06"
"21,5 : 803.52"
"21,6 : 242.99"
"21,7 : 317.46"
"21,8 : 358.56"
"21,9 : 524.02"
"21,10 : 576.44"
"21,11 : 797.32"
"21,12 : 314.73"
"21,13 : 448.51"
"21,14 : 68.88"
"21,15 : 553.34"
"21,16 : 437.54"
"21,17 : 668.51"
"21,18 : 873.96"
"21,19 : 771.62"
"21,20 : 333.35"
"21,21 : 0.0"
"21,22 : 570.13"
"21,23 : 645.1"
"21,24 : 276.97"
"21,25 : 591.33"
"21,26 : 854.9"
"21,27 : 497.48"
"21,28 : 638.95"
"21,29 : 280.32"
"21,30 : 483.86"
"21,31 : 482.89"
"21,32 : 193.87"
"21,33 : 648.97"
"21,34 : 839.43"
"21,35 : 555.24"
"21,36 : 161.4"
"21,37 : 681.47"
"21,38 : 635.65"
"21,39 : 787.9"
"21,40 : 634.22"
"21,41 : 630.49"
"21,42 : 820.44"
"21,43 : 356.35"
"21,44 : 78.92"
"21,45 : 492.18"
"21,46 : 717.86"
"21,47 : 239.17"
"21,48 : 502.84"
"21,49 : 396.42"
"21,50 : 676.11"
"21,51 : 475.94"
"21,52 : 418.72"
"21,53 : 651.63"
"21,54 : 741.08"
"21,55 : 738.98"
"21,56 : 758.34"
"21,57 : 529.92"
"21,58 : 317.57"
"21,59 : 700.45"
"21,60 : 794.53"
"21,61 : 634.2"
"21,62 : 120.35"
"21,63 : 824.69"
"21,64 : 1037.41"
"21,65 : 329.31"
"21,66 : 886.18"
"21,67 : 67.68"
"21,68 : 827.74"
"21,69 : 112.29"
"21,70 : 660.28"
"21,71 : 115.6"
"21,72 : 829.27"
"21,73 : 600.88"
"21,74 : 145.34"
"21,75 : 268.27"
"21,76 : 807.83"
"21,77 : 266.54"
"21,78 : 111.4"
"21,79 : 189.86"
"21,80 : 514.82"
"21,81 : 316.08"
"21,82 : 669.64"
"21,83 : 835.88"
"21,84 : 631.45"
"21,85 : 114.76"
"21,86 : 455.23"
"21,87 : 723.77"
"21,88 : 567.99"
"21,89 : 508.65"
"21,90 : 380.15"
"21,91 : 359.56"
"21,92 : 369.46"
"21,93 : 811.61"
"21,94 : 755.95"
"21,95 : 336.03"
"21,96 : 823.73"
"21,97 : 1038.96"
"21,98 : 740.25"
"21,99 : 409.56"
"22,0 : 39.82"
"22,1 : 864.97"
"22,2 : 363.11"
"22,3 : 222.77"
"22,4 : 750.65"
"22,5 : 689.03"
"22,6 : 737.91"
"22,7 : 743.08"
"22,8 : 466.84"
"22,9 : 520.88"
"22,10 : 741.77"
"22,11 : 726.09"
"22,12 : 726.67"
"22,13 : 660.81"
"22,14 : 635.3"
"22,15 : 60.03"
"22,16 : 233.26"
"22,17 : 775.66"
"22,18 : 630.11"
"22,19 : 609.55"
"22,20 : 688.2"
"22,21 : 570.13"
"22,22 : 0.0"
"22,23 : 802.31"
"22,24 : 705.39"
"22,25 : 149.28"
"22,26 : 764.11"
"22,27 : 127.28"
"22,28 : 207.28"
"22,29 : 316.19"
"22,30 : 92.28"
"22,31 : 449.4"
"22,32 : 710.77"
"22,33 : 189.62"
"22,34 : 515.49"
"22,35 : 190.32"
"22,36 : 517.23"
"22,37 : 561.23"
"22,38 : 87.92"
"22,39 : 727.38"
"22,40 : 896.2"
"22,41 : 408.04"
"22,42 : 251.45"
"22,43 : 294.37"
"22,44 : 637.67"
"22,45 : 507.28"
"22,46 : 1050.43"
"22,47 : 333.17"
"22,48 : 67.48"
"22,49 : 795.09"
"22,50 : 496.05"
"22,51 : 377.64"
"22,52 : 337.62"
"22,53 : 775.93"
"22,54 : 890.13"
"22,55 : 822.2"
"22,56 : 206.53"
"22,57 : 898.04"
"22,58 : 780.85"
"22,59 : 135.59"
"22,60 : 230.76"
"22,61 : 117.29"
"22,62 : 617.0"
"22,63 : 777.63"
"22,64 : 762.11"
"22,65 : 357.97"
"22,66 : 322.68"
"22,67 : 571.8"
"22,68 : 259.33"
"22,69 : 552.02"
"22,70 : 724.55"
"22,71 : 630.18"
"22,72 : 326.66"
"22,73 : 960.03"
"22,74 : 513.14"
"22,75 : 489.95"
"22,76 : 832.75"
"22,77 : 424.8"
"22,78 : 669.38"
"22,79 : 398.08"
"22,80 : 717.23"
"22,81 : 431.77"
"22,82 : 115.28"
"22,83 : 265.75"
"22,84 : 444.76"
"22,85 : 540.03"
"22,86 : 760.81"
"22,87 : 310.42"
"22,88 : 770.3"
"22,89 : 172.47"
"22,90 : 297.85"
"22,91 : 218.04"
"22,92 : 396.69"
"22,93 : 302.63"
"22,94 : 635.28"
"22,95 : 326.2"
"22,96 : 619.57"
"22,97 : 789.07"
"22,98 : 178.53"
"22,99 : 705.17"
"23,0 : 842.11"
"23,1 : 62.97"
"23,2 : 809.27"
"23,3 : 597.09"
"23,4 : 79.12"
"23,5 : 351.28"
"23,6 : 495.89"
"23,7 : 394.27"
"23,8 : 366.99"
"23,9 : 285.69"
"23,10 : 71.18"
"23,11 : 301.04"
"23,12 : 381.54"
"23,13 : 197.95"
"23,14 : 679.79"
"23,15 : 837.09"
"23,16 : 572.1"
"23,17 : 65.0"
"23,18 : 521.31"
"23,19 : 397.52"
"23,20 : 329.66"
"23,21 : 645.1"
"23,22 : 802.31"
"23,23 : 0.0"
"23,24 : 411.99"
"23,25 : 926.74"
"23,26 : 345.94"
"23,27 : 839.32"
"23,28 : 677.99"
"23,29 : 580.73"
"23,30 : 727.4"
"23,31 : 353.65"
"23,32 : 534.46"
"23,33 : 705.59"
"23,34 : 599.57"
"23,35 : 631.56"
"23,36 : 783.31"
"23,37 : 345.31"
"23,38 : 795.58"
"23,39 : 286.04"
"23,40 : 152.32"
"23,41 : 468.21"
"23,42 : 992.8"
"23,43 : 537.55"
"23,44 : 699.21"
"23,45 : 295.3"
"23,46 : 318.76"
"23,47 : 681.46"
"23,48 : 767.49"
"23,49 : 342.88"
"23,50 : 414.16"
"23,51 : 425.71"
"23,52 : 467.95"
"23,53 : 43.93"
"23,54 : 99.13"
"23,55 : 116.81"
"23,56 : 858.75"
"23,57 : 296.37"
"23,58 : 441.24"
"23,59 : 916.67"
"23,60 : 996.58"
"23,61 : 761.11"
"23,62 : 763.97"
"23,63 : 286.33"
"23,64 : 643.13"
"23,65 : 483.43"
"23,66 : 973.08"
"23,67 : 577.79"
"23,68 : 956.06"
"23,69 : 750.06"
"23,70 : 122.12"
"23,71 : 755.44"
"23,72 : 815.12"
"23,73 : 301.6"
"23,74 : 513.7"
"23,75 : 871.23"
"23,76 : 208.43"
"23,77 : 463.31"
"23,78 : 612.47"
"23,79 : 712.24"
"23,80 : 130.3"
"23,81 : 885.05"
"23,82 : 911.66"
"23,83 : 985.93"
"23,84 : 429.56"
"23,85 : 747.98"
"23,86 : 224.86"
"23,87 : 668.68"
"23,88 : 82.62"
"23,89 : 885.57"
"23,90 : 857.73"
"23,91 : 736.05"
"23,92 : 424.45"
"23,93 : 815.62"
"23,94 : 347.31"
"23,95 : 833.5"
"23,96 : 458.42"
"23,97 : 616.55"
"23,98 : 957.5"
"23,99 : 246.66"
"24,0 : 740.56"
"24,1 : 450.6"
"24,2 : 891.93"
