x,y
178,598
185,855
716,547
318,812
538,576
430,913
677,18
943,559
79,47
285,803
515,47
179,833
20,393
925,789
291,390
365,375
846,905
667,149
123,688
134,956
493,482
788,29
67,354
451,681
216,399
550,553
785,495
747,818
258,642
885,276
104,124
283,299
497,272
535,487
609,80
788,706
446,651
220,854
932,191
2,85
849,51
474,814
232,87
140,377
416,495
346,442
838,581
881,908
683,1
686,824
474,947
613,75
569,580
953,688
583,179
501,541
526,666
391,589
818,225
553,962
538,15
713,890
747,168
479,848
454,912
782,95
602,214
960,930
746,507
960,580
272,581
900,940
312,636
27,530
76,544
138,133
71,739
946,493
873,744
361,228
575,448
43,303
19,715
612,580
922,646
164,322
795,672
919,188
802,119
484,186
368,170
310,528
197,220
470,366
715,890
844,725
293,746
353,739
378,741
763,569

Distanze
"0,0 : 0.0"
"0,1 : 257.1"
"0,2 : 540.41"
"0,3 : 255.73"
"0,4 : 360.67"
"0,5 : 403.4"
"0,6 : 765.12"
"0,7 : 765.99"
"0,8 : 559.82"
"0,9 : 231.24"
"0,10 : 645.89"
"0,11 : 235.0"
"0,12 : 258.82"
"0,13 : 771.03"
"0,14 : 236.71"
"0,15 : 291.03"
"0,16 : 735.17"
"0,17 : 663.87"
"0,18 : 105.48"
"0,19 : 360.69"
"0,20 : 335.68"
"0,21 : 834.18"
"0,22 : 268.06"
"0,23 : 285.34"
"0,24 : 202.6"
"0,25 : 374.71"
"0,26 : 615.68"
"0,27 : 610.05"
"0,28 : 91.3"
"0,29 : 776.87"
"0,30 : 479.74"
"0,31 : 316.9"
"0,32 : 456.11"
"0,33 : 373.86"
"0,34 : 673.86"
"0,35 : 619.49"
"0,36 : 273.19"
"0,37 : 259.42"
"0,38 : 856.83"
"0,39 : 542.35"
"0,40 : 865.71"
"0,41 : 366.43"
"0,42 : 513.85"
"0,43 : 224.24"
"0,44 : 259.33"
"0,45 : 229.26"
"0,46 : 660.22"
"0,47 : 768.32"
"0,48 : 781.94"
"0,49 : 556.0"
"0,50 : 457.62"
"0,51 : 680.26"
"0,52 : 391.41"
"0,53 : 780.21"
"0,54 : 582.74"
"0,55 : 327.99"
"0,56 : 354.58"
"0,57 : 213.19"
"0,58 : 740.76"
"0,59 : 522.61"
"0,60 : 685.19"
"0,61 : 609.5"
"0,62 : 713.2"
"0,63 : 391.28"
"0,64 : 418.06"
"0,65 : 786.02"
"0,66 : 572.04"
"0,67 : 849.56"
"0,68 : 575.24"
"0,69 : 782.21"
"0,70 : 95.52"
"0,71 : 798.9"
"0,72 : 139.28"
"0,73 : 165.6"
"0,74 : 115.41"
"0,75 : 466.72"
"0,76 : 177.0"
"0,77 : 775.14"
"0,78 : 710.17"
"0,79 : 412.78"
"0,80 : 424.39"
"0,81 : 324.42"
"0,82 : 197.41"
"0,83 : 434.37"
"0,84 : 745.55"
"0,85 : 276.35"
"0,86 : 621.42"
"0,87 : 846.87"
"0,88 : 786.65"
"0,89 : 513.21"
"0,90 : 468.28"
"0,91 : 149.41"
"0,92 : 378.48"
"0,93 : 372.95"
"0,94 : 611.26"
"0,95 : 678.0"
"0,96 : 187.43"
"0,97 : 224.74"
"0,98 : 245.86"
"0,99 : 585.72"
"1,0 : 257.1"
"1,1 : 0.0"
"1,2 : 613.86"
"1,3 : 139.78"
"1,4 : 449.94"
"1,5 : 251.77"
"1,6 : 970.89"
"1,7 : 813.74"
"1,8 : 814.92"
"1,9 : 112.71"
"1,10 : 872.79"
"1,11 : 22.8"
"1,12 : 490.58"
"1,13 : 742.94"
"1,14 : 476.93"
"1,15 : 512.64"
"1,16 : 662.89"
"1,17 : 854.85"
"1,18 : 178.14"
"1,19 : 113.15"
"1,20 : 483.73"
"1,21 : 1022.69"
"1,22 : 514.71"
"1,23 : 317.86"
"1,24 : 457.05"
"1,25 : 473.74"
"1,26 : 699.71"
"1,27 : 563.22"
"1,28 : 225.16"
"1,29 : 908.43"
"1,30 : 735.47"
"1,31 : 564.57"
"1,32 : 661.24"
"1,33 : 507.86"
"1,34 : 883.4"
"1,35 : 621.14"
"1,36 : 331.27"
"1,37 : 35.01"
"1,38 : 999.45"
"1,39 : 791.45"
"1,40 : 1042.74"
"1,41 : 291.89"
"1,42 : 769.44"
"1,43 : 480.11"
"1,44 : 427.74"
"1,45 : 443.27"
"1,46 : 708.16"
"1,47 : 698.02"
"1,48 : 988.59"
"1,49 : 501.96"
"1,50 : 303.29"
"1,51 : 889.71"
"1,52 : 472.31"
"1,53 : 785.95"
"1,54 : 784.46"
"1,55 : 445.48"
"1,56 : 389.87"
"1,57 : 336.44"
"1,58 : 893.08"
"1,59 : 383.24"
"1,60 : 911.16"
"1,61 : 529.16"
"1,62 : 887.59"
"1,63 : 294.08"
"1,64 : 274.97"
"1,65 : 966.44"
"1,66 : 764.7"
"1,67 : 778.62"
"1,68 : 660.17"
"1,69 : 822.34"
"1,70 : 287.48"
"1,71 : 720.03"
"1,72 : 253.16"
"1,73 : 361.37"
"1,74 : 329.55"
"1,75 : 723.53"
"1,76 : 162.64"
"1,77 : 842.71"
"1,78 : 696.9"
"1,79 : 651.23"
"1,80 : 563.69"
"1,81 : 569.97"
"1,82 : 217.15"
"1,83 : 507.89"
"1,84 : 766.06"
"1,85 : 533.41"
"1,86 : 636.86"
"1,87 : 991.79"
"1,88 : 960.41"
"1,89 : 732.78"
"1,90 : 709.02"
"1,91 : 350.08"
"1,92 : 635.11"
"1,93 : 565.99"
"1,94 : 531.15"
"1,95 : 671.7"
"1,96 : 153.44"
"1,97 : 204.16"
"1,98 : 224.15"
"1,99 : 644.89"
"2,0 : 540.41"
"2,1 : 613.86"
"2,2 : 0.0"
"2,3 : 478.15"
"2,4 : 180.35"
"2,5 : 464.49"
"2,6 : 530.44"
"2,7 : 227.32"
"2,8 : 809.8"
"2,9 : 501.3"
"2,10 : 538.89"
"2,11 : 608.41"
"2,12 : 712.83"
"2,13 : 319.76"
"2,14 : 453.07"
"2,15 : 390.88"
"2,16 : 380.87"
"2,17 : 401.0"
"2,18 : 609.53"
"2,19 : 711.34"
"2,20 : 232.28"
"2,21 : 522.98"
"2,22 : 677.09"
"2,23 : 296.95"
"2,24 : 521.44"
"2,25 : 166.11"
"2,26 : 86.4"
"2,27 : 272.77"
"2,28 : 467.75"
"2,29 : 319.38"
"2,30 : 743.96"
"2,31 : 498.99"
"2,32 : 351.55"
"2,33 : 190.69"
"2,34 : 479.1"
"2,35 : 174.54"
"2,36 : 289.34"
"2,37 : 583.32"
"2,38 : 416.4"
"2,39 : 850.44"
"2,40 : 513.52"
"2,41 : 360.35"
"2,42 : 667.72"
"2,43 : 600.56"
"2,44 : 304.47"
"2,45 : 384.61"
"2,46 : 126.65"
"2,47 : 396.92"
"2,48 : 547.0"
"2,49 : 278.62"
"2,50 : 467.51"
"2,51 : 483.11"
"2,52 : 150.66"
"2,53 : 275.77"
"2,54 : 391.3"
"2,55 : 215.08"
"2,56 : 224.19"
"2,57 : 327.7"
"2,58 : 337.77"
"2,59 : 445.86"
"2,60 : 560.99"
"2,61 : 343.01"
"2,62 : 380.27"
"2,63 : 383.11"
"2,64 : 449.3"
"2,65 : 456.79"
"2,66 : 351.97"
"2,67 : 454.12"
"2,68 : 50.0"
"2,69 : 246.22"
"2,70 : 445.3"
"2,71 : 433.94"
"2,72 : 413.69"
"2,73 : 689.21"
"2,74 : 640.01"
"2,75 : 710.97"
"2,76 : 672.97"
"2,77 : 236.25"
"2,78 : 251.91"
"2,79 : 477.27"
"2,80 : 172.28"
"2,81 : 715.87"
"2,82 : 716.96"
"2,83 : 109.11"
"2,84 : 228.55"
"2,85 : 596.09"
"2,86 : 147.87"
"2,87 : 412.42"
"2,88 : 436.55"
"2,89 : 429.12"
"2,90 : 513.06"
"2,91 : 406.44"
"2,92 : 613.42"
"2,93 : 305.41"
"2,94 : 343.0"
"2,95 : 219.24"
"2,96 : 467.47"
"2,97 : 410.65"
"2,98 : 389.72"
"2,99 : 51.89"
"3,0 : 255.73"
"3,1 : 139.78"
"3,2 : 478.15"
"3,3 : 0.0"
"3,4 : 322.64"
"3,5 : 150.81"
"3,6 : 871.39"
"3,7 : 674.27"
"3,8 : 801.46"
"3,9 : 34.21"
"3,10 : 789.96"
"3,11 : 140.58"
"3,12 : 514.16"
"3,13 : 607.44"
"3,14 : 422.86"
"3,15 : 439.52"
"3,16 : 536.13"
"3,17 : 749.25"
"3,18 : 231.09"
"3,19 : 233.65"
"3,20 : 373.53"
"3,21 : 913.23"
"3,22 : 522.27"
"3,23 : 186.68"
"3,24 : 425.41"
"3,25 : 347.71"
"3,26 : 564.43"
"3,27 : 429.04"
"3,28 : 180.28"
"3,29 : 780.25"
"3,30 : 720.51"
"3,31 : 514.19"
"3,32 : 568.89"
"3,33 : 390.79"
"3,34 : 787.72"
"3,35 : 481.8"
"3,36 : 205.68"
"3,37 : 106.62"
"3,38 : 873.29"
"3,39 : 792.71"
"3,40 : 927.95"
"3,41 : 156.01"
"3,42 : 730.08"
"3,43 : 470.01"
"3,44 : 331.8"
"3,45 : 371.06"
"3,46 : 569.0"
"3,47 : 571.13"
"3,48 : 889.35"
"3,49 : 368.2"
"3,50 : 206.3"
"3,51 : 793.85"
"3,52 : 341.8"
"3,53 : 646.99"
"3,54 : 686.23"
"3,55 : 327.0"
"3,56 : 254.13"
"3,57 : 234.64"
"3,58 : 771.08"
"3,59 : 278.79"
"3,60 : 826.81"
"3,61 : 402.63"
"3,62 : 773.81"
"3,63 : 164.98"
"3,64 : 168.81"
"3,65 : 854.04"
"3,66 : 662.01"
"3,67 : 652.75"
"3,68 : 525.56"
"3,69 : 682.63"
"3,70 : 235.54"
"3,71 : 595.91"
"3,72 : 176.1"
"3,73 : 405.22"
"3,74 : 361.09"
"3,75 : 702.45"
"3,76 : 257.56"
"3,77 : 704.38"
"3,78 : 559.15"
"3,79 : 585.58"
"3,80 : 445.58"
"3,81 : 578.54"
"3,82 : 314.34"
"3,83 : 374.51"
"3,84 : 626.4"
"3,85 : 513.63"
"3,86 : 497.12"
"3,87 : 866.36"
"3,88 : 845.28"
"3,89 : 647.64"
"3,90 : 643.94"
"3,91 : 284.11"
"3,92 : 604.24"
"3,93 : 471.19"
"3,94 : 404.59"
"3,95 : 533.15"
"3,96 : 70.58"
"3,97 : 80.96"
"3,98 : 92.96"
"3,99 : 507.02"
"4,0 : 360.67"
"4,1 : 449.94"
"4,2 : 180.35"
"4,3 : 322.64"
"4,4 : 0.0"
"4,5 : 353.88"
"4,6 : 575.05"
"4,7 : 405.36"
"4,8 : 700.37"
"4,9 : 339.91"
"4,10 : 529.5"
"4,11 : 441.51"
"4,12 : 549.38"
"4,13 : 441.74"
"4,14 : 309.2"
"4,15 : 265.2"
"4,16 : 450.67"
"4,17 : 446.06"
"4,18 : 429.85"
"4,19 : 554.63"
"4,20 : 104.22"
"4,21 : 601.42"
"4,22 : 520.7"
"4,23 : 136.36"
"4,24 : 367.44"
"4,25 : 25.94"
"4,26 : 259.94"
"4,27 : 319.76"
"4,28 : 287.67"
"4,29 : 458.7"
"4,30 : 626.63"
"4,31 : 376.5"
"4,32 : 306.75"
"4,33 : 89.05"
"4,34 : 501.06"
"4,35 : 281.78"
"4,36 : 118.7"
"4,37 : 422.38"
"4,38 : 550.87"
"4,39 : 726.9"
"4,40 : 610.2"
"4,41 : 246.45"
"4,42 : 576.85"
"4,43 : 444.98"
"4,44 : 146.44"
"4,45 : 234.14"
"4,46 : 300.04"
"4,47 : 477.36"
"4,48 : 593.0"
"4,49 : 288.8"
"4,50 : 376.48"
"4,51 : 506.58"
"4,52 : 31.26"
"4,53 : 429.85"
"4,54 : 399.54"
"4,55 : 50.93"
"4,56 : 90.8"
"4,57 : 147.57"
"4,58 : 449.0"
"4,59 : 386.29"
"4,60 : 561.0"
"4,61 : 359.47"
"4,62 : 458.42"
"4,63 : 278.33"
"4,64 : 346.34"
"4,65 : 539.35"
"4,66 : 367.61"
"4,67 : 550.82"
"4,68 : 219.15"
"4,69 : 422.02"
"4,70 : 266.05"
"4,71 : 513.36"
"4,72 : 233.83"
"4,73 : 513.07"
"4,74 : 463.11"
"4,75 : 596.87"
"4,76 : 494.63"
"4,77 : 416.36"
"4,78 : 374.77"
"4,79 : 390.43"
"4,80 : 133.24"
"4,81 : 565.29"
"4,82 : 537.29"
"4,83 : 74.11"
"4,84 : 390.33"
"4,85 : 452.1"
"4,86 : 274.34"
"4,87 : 543.79"
"4,88 : 527.77"
"4,89 : 393.72"
"4,90 : 440.15"
"4,91 : 233.0"
"4,92 : 492.97"
"4,93 : 220.74"
"4,94 : 360.45"
"4,95 : 340.35"
"4,96 : 298.2"
"4,97 : 246.56"
"4,98 : 229.84"
"4,99 : 225.11"
"5,0 : 403.4"
"5,1 : 251.77"
"5,2 : 464.49"
"5,3 : 150.81"
"5,4 : 353.88"
"5,5 : 0.0"
"5,6 : 928.46"
"5,7 : 623.29"
"5,8 : 934.43"
"5,9 : 182.0"
"5,10 : 870.16"
"5,11 : 263.44"
"5,12 : 662.19"
"5,13 : 510.3"
"5,14 : 541.16"
"5,15 : 541.91"
"5,16 : 416.08"
"5,17 : 799.92"
"5,18 : 380.62"
"5,19 : 299.11"
"5,20 : 435.58"
"5,21 : 953.74"
"5,22 : 666.52"
"5,23 : 232.95"
"5,24 : 556.77"
"5,25 : 379.47"
"5,26 : 548.41"
"5,27 : 330.93"
"5,28 : 320.98"
"5,29 : 782.81"
"5,30 : 853.7"
"5,31 : 631.35"
"5,32 : 644.49"
"5,33 : 438.75"
"5,34 : 852.02"
"5,35 : 413.54"
"5,36 : 262.49"
"5,37 : 218.13"
"5,38 : 879.37"
"5,39 : 932.08"
"5,40 : 958.44"
"5,41 : 108.34"
"5,42 : 849.4"
"5,43 : 609.42"
"5,44 : 418.23"
"5,45 : 478.43"
"5,46 : 526.01"
"5,47 : 451.03"
"5,48 : 946.44"
"5,49 : 271.03"
"5,50 : 55.61"
"5,51 : 857.75"
"5,52 : 360.85"
"5,53 : 569.35"
"5,54 : 749.78"
"5,55 : 378.71"
"5,56 : 265.0"
"5,57 : 326.34"
"5,58 : 789.87"
"5,59 : 132.4"
"5,60 : 904.47"
"5,61 : 283.93"
"5,62 : 809.64"
"5,63 : 81.4"
"5,64 : 24.02"
"5,65 : 890.52"
"5,66 : 719.85"
"5,67 : 530.27"
"5,68 : 514.48"
"5,69 : 625.93"
"5,70 : 367.68"
"5,71 : 470.77"
"5,72 : 301.09"
"5,73 : 555.97"
"5,74 : 511.35"
"5,75 : 832.86"
"5,76 : 398.94"
"5,77 : 665.32"
"5,78 : 474.14"
"5,79 : 688.47"
"5,80 : 487.08"
"5,81 : 722.41"
"5,82 : 456.21"
"5,83 : 379.49"
"5,84 : 559.78"
"5,85 : 648.1"
"5,86 : 437.39"
"5,87 : 874.5"
"5,88 : 876.82"
"5,89 : 729.0"
"5,90 : 745.58"
"5,91 : 403.27"
"5,92 : 731.12"
"5,93 : 548.46"
"5,94 : 285.93"
"5,95 : 454.69"
"5,96 : 216.0"
"5,97 : 190.28"
"5,98 : 179.69"
"5,99 : 478.77"
"6,0 : 765.12"
"6,1 : 970.89"
"6,2 : 530.44"
"6,3 : 871.39"
"6,4 : 575.05"
"6,5 : 928.46"
"6,6 : 0.0"
"6,7 : 602.86"
"6,8 : 598.7"
"6,9 : 877.43"
"6,10 : 164.58"
"6,11 : 955.11"
"6,12 : 756.49"
"6,13 : 809.9"
"6,14 : 536.08"
"6,15 : 474.12"
"6,16 : 902.96"
"6,17 : 131.38"
"6,18 : 869.38"
"6,19 : 1083.83"
"6,20 : 499.15"
"6,21 : 111.54"
"6,22 : 696.42"
"6,23 : 700.46"
"6,24 : 598.07"
"6,25 : 549.87"
"6,26 : 489.07"
"6,27 : 803.06"
"6,28 : 751.62"
"6,29 : 331.4"
"6,30 : 582.72"
"6,31 : 483.94"
"6,32 : 311.31"
"6,33 : 490.03"
"6,34 : 92.02"
"6,35 : 696.9"
"6,36 : 673.83"
"6,37 : 952.76"
"6,38 : 308.15"
"6,39 : 678.32"
"6,40 : 175.14"
"6,41 : 821.48"
"6,42 : 450.32"
"6,43 : 645.95"
"6,44 : 543.74"
"6,45 : 537.9"
"6,46 : 585.57"
"6,47 : 913.08"
"6,48 : 18.03"
"6,49 : 806.05"
"6,50 : 950.92"
"6,51 : 85.7"
"6,52 : 572.28"
"6,53 : 724.62"
"6,54 : 186.43"
"6,55 : 551.82"
"6,56 : 665.36"
"6,57 : 638.62"
"6,58 : 250.46"
"6,59 : 952.11"
"6,60 : 139.03"
"6,61 : 872.74"
"6,62 : 165.53"
"6,63 : 853.29"
"6,64 : 921.39"
"6,65 : 130.21"
"6,66 : 209.86"
"6,67 : 954.9"
"6,68 : 493.84"
"6,69 : 629.23"
"6,70 : 693.54"
"6,71 : 948.58"
"6,72 : 717.74"
"6,73 : 827.43"
"6,74 : 798.67"
"6,75 : 551.13"
"6,76 : 941.85"
"6,77 : 545.88"
"6,78 : 751.99"
"6,79 : 379.42"
"6,80 : 441.93"
"6,81 : 695.11"
"6,82 : 958.53"
"6,83 : 565.75"
"6,84 : 674.1"
"6,85 : 596.31"
"6,86 : 664.56"
"6,87 : 295.74"
"6,88 : 160.7"
"6,89 : 255.88"
"6,90 : 344.36"
"6,91 : 628.32"
"6,92 : 520.77"
"6,93 : 404.91"
"6,94 : 872.83"
"6,95 : 726.46"
"6,96 : 823.07"
"6,97 : 790.45"
"6,98 : 782.39"
"6,99 : 557.67"
"7,0 : 765.99"
"7,1 : 813.74"
"7,2 : 227.32"
"7,3 : 674.27"
"7,4 : 405.36"
"7,5 : 623.29"
"7,6 : 602.86"
"7,7 : 0.0"
"7,8 : 1004.31"
"7,9 : 701.78"
"7,10 : 667.33"
"7,11 : 811.65"
"7,12 : 937.81"
"7,13 : 230.7"
"7,14 : 673.55"
"7,15 : 606.58"
"7,16 : 359.34"
"7,17 : 494.24"
"7,18 : 830.08"
"7,19 : 901.16"
"7,20 : 456.54"
"7,21 : 552.2"
"7,22 : 899.67"
"7,23 : 506.9"
"7,24 : 744.4"
"7,25 : 393.05"
"7,26 : 170.47"
"7,27 : 324.8"
"7,28 : 690.01"
"7,29 : 288.88"
"7,30 : 945.06"
"7,31 : 709.37"
"7,32 : 530.36"
"7,33 : 414.3"
"7,34 : 583.95"
"7,35 : 213.62"
"7,36 : 505.44"
"7,37 : 780.87"
"7,38 : 368.16"
"7,39 : 1053.64"
"7,40 : 516.62"
"7,41 : 533.84"
"7,42 : 853.41"
"7,43 : 823.37"
"7,44 : 530.87"
"7,45 : 608.36"
"7,46 : 107.28"
"7,47 : 354.46"
"7,48 : 615.6"
"7,49 : 369.15"
"7,50 : 608.69"
"7,51 : 585.8"
"7,52 : 374.59"
"7,53 : 129.39"
"7,54 : 523.45"
"7,55 : 442.37"
"7,56 : 430.51"
"7,57 : 552.81"
"7,58 : 356.62"
"7,59 : 560.81"
"7,60 : 678.2"
"7,61 : 403.06"
"7,62 : 437.38"
"7,63 : 546.64"
"7,64 : 603.1"
"7,65 : 491.14"
"7,66 : 485.08"
"7,67 : 371.39"
"7,68 : 203.75"
"7,69 : 27.02"
"7,70 : 671.36"
"7,71 : 383.42"
"7,72 : 635.68"
"7,73 : 916.46"
"7,74 : 867.13"
"7,75 : 910.77"
"7,76 : 890.38"
"7,77 : 66.07"
"7,78 : 197.8"
"7,79 : 669.54"
"7,80 : 384.38"
"7,81 : 935.7"
"7,82 : 937.08"
"7,83 : 331.67"
"7,84 : 89.5"
"7,85 : 814.25"
"7,86 : 186.21"
"7,87 : 371.78"
"7,88 : 462.04"
"7,89 : 591.45"
"7,90 : 694.22"
"7,91 : 633.76"
"7,92 : 819.41"
"7,93 : 510.86"
"7,94 : 401.93"
"7,95 : 193.28"
"7,96 : 676.36"
"7,97 : 616.85"
"7,98 : 593.59"
"7,99 : 180.28"
"8,0 : 559.82"
"8,1 : 814.92"
"8,2 : 809.8"
"8,3 : 801.46"
"8,4 : 700.37"
"8,5 : 934.43"
"8,6 : 598.7"
"8,7 : 1004.31"
"8,8 : 0.0"
"8,9 : 783.56"
"8,10 : 436.0"
"8,11 : 792.34"
"8,12 : 350.99"
"8,13 : 1125.29"
"8,14 : 403.23"
"8,15 : 435.18"
"8,16 : 1150.85"
"8,17 : 596.78"
"8,18 : 642.51"
"8,19 : 910.66"
"8,20 : 600.52"
"8,21 : 709.23"
"8,22 : 307.23"
"8,23 : 735.08"
"8,24 : 377.72"
"8,25 : 691.29"
"8,26 : 836.15"
"8,27 : 1020.13"
"8,28 : 621.34"
"8,29 : 837.9"
"8,30 : 80.96"
"8,31 : 324.22"
"8,32 : 474.71"
"8,33 : 633.67"
"8,34 : 531.03"
"8,35 : 967.97"
"8,36 : 706.76"
"8,37 : 819.23"
"8,38 : 865.07"
"8,39 : 85.87"
"8,40 : 770.01"
"8,41 : 862.74"
"8,42 : 158.14"
"8,43 : 335.59"
"8,44 : 560.6"
"8,45 : 476.77"
"8,46 : 928.03"
"8,47 : 1176.66"
"8,48 : 605.75"
"8,49 : 985.99"
"8,50 : 982.87"
"8,51 : 534.73"
"8,52 : 724.01"
"8,53 : 1083.86"
"8,54 : 521.0"
"8,55 : 649.71"
"8,56 : 763.52"
"8,57 : 625.39"
"8,58 : 760.13"
"8,59 : 1030.49"
"8,60 : 460.11"
"8,61 : 1054.8"
"8,62 : 678.87"
"8,63 : 895.32"
"8,64 : 942.79"
"8,65 : 704.64"
"8,66 : 549.02"
"8,67 : 1247.34"
"8,68 : 810.24"
"8,69 : 1029.68"
"8,70 : 567.81"
"8,71 : 1213.05"
"8,72 : 633.41"
"8,73 : 485.79"
"8,74 : 497.01"
"8,75 : 104.29"
"8,76 : 692.05"
"8,77 : 974.99"
"8,78 : 1056.52"
"8,79 : 335.09"
"8,80 : 637.82"
"8,81 : 258.52"
"8,82 : 670.69"
"8,83 : 753.78"
"8,84 : 1034.14"
"8,85 : 287.84"
"8,86 : 950.41"
"8,87 : 851.75"
"8,88 : 726.58"
"8,89 : 428.19"
"8,90 : 314.09"
"8,91 : 533.59"
"8,92 : 209.41"
"8,93 : 504.62"
"8,94 : 1056.0"
"8,95 : 1022.21"
"8,96 : 731.02"
"8,97 : 744.27"
"8,98 : 755.67"
"8,99 : 860.43"
"9,0 : 231.24"
"9,1 : 112.71"
"9,2 : 501.3"
"9,3 : 34.21"
"9,4 : 339.91"
"9,5 : 182.0"
"9,6 : 877.43"
"9,7 : 701.78"
"9,8 : 783.56"
"9,9 : 0.0"
"9,10 : 790.21"
"9,11 : 110.16"
"9,12 : 488.19"
"9,13 : 640.15"
"9,14 : 413.04"
"9,15 : 435.41"
"9,16 : 570.2"
"9,17 : 757.39"
"9,18 : 198.67"
"9,19 : 214.97"
"9,20 : 382.5"
"9,21 : 923.08"
"9,22 : 499.12"
"9,23 : 206.01"
"9,24 : 409.85"
"9,25 : 364.31"
"9,26 : 587.25"
"9,27 : 462.24"
"9,28 : 163.25"
"9,29 : 798.58"
"9,30 : 702.71"
"9,31 : 504.0"
"9,32 : 571.76"
"9,33 : 402.93"
"9,34 : 792.28"
"9,35 : 512.27"
"9,36 : 221.42"
"9,37 : 82.62"
"9,38 : 890.59"
"9,39 : 771.76"
"9,40 : 940.0"
"9,41 : 189.32"
"9,42 : 717.96"
"9,43 : 450.0"
"9,44 : 334.7"
"9,45 : 366.12"
"9,46 : 595.9"
"9,47 : 605.18"
"9,48 : 895.33"
"9,49 : 401.55"
"9,50 : 237.61"
"9,51 : 798.48"
"9,52 : 361.09"
"9,53 : 677.83"
"9,54 : 691.51"
"9,55 : 339.56"
"9,56 : 277.22"
"9,57 : 238.81"
"9,58 : 786.24"
"9,59 : 311.62"
"9,60 : 827.62"
"9,61 : 436.75"
"9,62 : 785.28"
"9,63 : 199.15"
"9,64 : 201.1"
"9,65 : 865.03"
"9,66 : 668.89"
"9,67 : 686.84"
"9,68 : 547.85"
"9,69 : 710.88"
"9,70 : 222.38"
"9,71 : 630.07"
"9,72 : 169.17"
"9,73 : 375.62"
"9,74 : 332.81"
"9,75 : 685.94"
"9,76 : 223.37"
"9,77 : 730.08"
"9,78 : 590.95"
"9,79 : 580.0"
"9,80 : 458.39"
"9,81 : 555.49"
"9,82 : 280.18"
"9,83 : 395.8"
"9,84 : 656.06"
"9,85 : 495.99"
"9,86 : 526.56"
"9,87 : 883.28"
"9,88 : 857.41"
"9,89 : 648.3"
"9,90 : 638.42"
"9,91 : 276.13"
"9,92 : 589.6"
"9,93 : 474.55"
"9,94 : 438.71"
"9,95 : 564.42"
"9,96 : 57.56"
"9,97 : 93.38"
"9,98 : 111.77"
"9,99 : 532.2"
"10,0 : 645.89"
"10,1 : 872.79"
"10,2 : 538.89"
"10,3 : 789.96"
"10,4 : 529.5"
"10,5 : 870.16"
"10,6 : 164.58"
"10,7 : 667.33"
"10,8 : 436.0"
"10,9 : 790.21"
"10,10 : 0.0"
"10,11 : 854.81"
"10,12 : 603.94"
"10,13 : 847.74"
"10,14 : 409.66"
"10,15 : 360.67"
"10,16 : 919.63"
"10,17 : 183.05"
"10,18 : 751.36"
"10,19 : 985.62"
"10,20 : 435.56"
"10,21 : 273.59"
"10,22 : 543.1"
"10,23 : 637.22"
"10,24 : 461.85"
"10,25 : 507.21"
"10,26 : 523.07"
"10,27 : 805.15"
"10,28 : 648.13"
"10,29 : 435.13"
"10,30 : 418.15"
"10,31 : 342.53"
"10,32 : 225.72"
"10,33 : 440.45"
"10,34 : 99.62"
"10,35 : 713.31"
"10,36 : 607.93"
"10,37 : 859.23"
"10,38 : 441.16"
"10,39 : 514.41"
"10,40 : 334.02"
"10,41 : 768.1"
"10,42 : 285.81"
"10,43 : 499.52"
"10,44 : 458.81"
"10,45 : 429.63"
"10,46 : 624.09"
"10,47 : 935.56"
"10,48 : 174.18"
"10,49 : 795.59"
"10,50 : 900.93"
"10,51 : 101.92"
"10,52 : 535.73"
"10,53 : 776.35"
"10,54 : 148.49"
"10,55 : 494.2"
"10,56 : 619.1"
"10,57 : 556.0"
"10,58 : 351.42"
"10,59 : 915.79"
"10,60 : 39.41"
"10,61 : 865.94"
"10,62 : 261.66"
"10,63 : 801.81"
"10,64 : 867.15"
"10,65 : 271.28"
"10,66 : 188.3"
"10,67 : 988.79"
"10,68 : 514.74"
"10,69 : 694.34"
"10,70 : 586.69"
"10,71 : 972.46"
"10,72 : 623.0"
"10,73 : 686.61"
"10,74 : 663.12"
"10,75 : 386.68"
"10,76 : 822.19"
"10,77 : 620.22"
"10,78 : 783.56"
"10,79 : 237.65"
"10,80 : 405.46"
"10,81 : 536.95"
"10,82 : 832.01"
"10,83 : 541.75"
"10,84 : 724.19"
"10,85 : 445.9"
"10,86 : 684.85"
"10,87 : 427.9"
"10,88 : 295.89"
"10,89 : 142.41"
"10,90 : 191.67"
"10,91 : 522.86"
"10,92 : 362.01"
"10,93 : 322.16"
"10,94 : 866.4"
"10,95 : 753.61"
"10,96 : 733.41"
"10,97 : 710.71"
"10,98 : 707.39"
"10,99 : 577.92"
"11,0 : 235.0"
"11,1 : 22.8"
"11,2 : 608.41"
"11,3 : 140.58"
"11,4 : 441.51"
"11,5 : 263.44"
"11,6 : 955.11"
"11,7 : 811.65"
"11,8 : 792.34"
"11,9 : 110.16"
"11,10 : 854.81"
"11,11 : 0.0"
"11,12 : 467.85"
"11,13 : 747.3"
"11,14 : 456.94"
"11,15 : 494.33"
"11,16 : 670.87"
"11,17 : 840.24"
"11,18 : 155.44"
"11,19 : 130.97"
"11,20 : 470.95"
"11,21 : 1008.61"
"11,22 : 491.92"
"11,23 : 311.59"
"11,24 : 435.57"
"11,25 : 464.8"
"11,26 : 693.89"
"11,27 : 568.2"
"11,28 : 206.69"
"11,29 : 899.27"
"11,30 : 712.96"
"11,31 : 544.03"
"11,32 : 644.86"
"11,33 : 496.44"
"11,34 : 867.13"
"11,35 : 622.1"
"11,36 : 323.13"
"11,37 : 46.07"
"11,38 : 989.53"
"11,39 : 768.66"
"11,40 : 1029.77"
"11,41 : 295.61"
"11,42 : 747.88"
"11,43 : 457.66"
"11,44 : 412.81"
"11,45 : 425.17"
"11,46 : 705.54"
"11,47 : 706.0"
"11,48 : 972.75"
"11,49 : 507.08"
"11,50 : 316.26"
"11,51 : 873.45"
"11,52 : 464.88"
"11,53 : 787.46"
"11,54 : 768.72"
"11,55 : 434.68"
"11,56 : 385.09"
"11,57 : 323.23"
"11,58 : 882.03"
"11,59 : 395.62"
"11,60 : 893.31"
"11,61 : 537.03"
"11,62 : 874.56"
"11,63 : 300.37"
"11,64 : 286.12"
"11,65 : 953.02"
"11,66 : 749.73"
"11,67 : 787.0"
"11,68 : 654.04"
"11,69 : 820.96"
"11,70 : 268.61"
"11,71 : 728.9"
"11,72 : 237.69"
"11,73 : 338.99"
"11,74 : 306.81"
"11,75 : 701.2"
"11,76 : 143.18"
"11,77 : 838.98"
"11,78 : 699.68"
"11,79 : 631.78"
"11,80 : 552.31"
"11,81 : 547.17"
"11,82 : 198.81"
"11,83 : 501.5"
"11,84 : 766.17"
"11,85 : 511.22"
"11,86 : 636.69"
"11,87 : 981.64"
"11,88 : 947.59"
"11,89 : 715.29"
"11,90 : 689.41"
"11,91 : 331.94"
"11,92 : 613.26"
"11,93 : 550.25"
"11,94 : 539.02"
"11,95 : 673.71"
"11,96 : 143.41"
"11,97 : 197.77"
"11,98 : 219.24"
"11,99 : 640.9"
"12,0 : 258.82"
"12,1 : 490.58"
"12,2 : 712.83"
"12,3 : 514.16"
"12,4 : 549.38"
"12,5 : 662.19"
"12,6 : 756.49"
"12,7 : 937.81"
"12,8 : 350.99"
"12,9 : 488.19"
"12,10 : 603.94"
"12,11 : 467.85"
"12,12 : 0.0"
"12,13 : 987.85"
"12,14 : 271.02"
"12,15 : 345.47"
"12,16 : 971.81"
"12,17 : 691.48"
"12,18 : 312.46"
"12,19 : 574.43"
"12,20 : 481.3"
"12,21 : 849.89"
"12,22 : 61.07"
"12,23 : 518.37"
"12,24 : 196.09"
"12,25 : 553.62"
"12,26 : 771.77"
"12,27 : 842.11"
"12,28 : 344.45"
"12,29 : 872.88"
"12,30 : 281.81"
"12,31 : 279.29"
"12,32 : 492.11"
"12,33 : 523.51"
"12,34 : 667.0"
"12,35 : 829.33"
"12,36 : 498.04"
"12,37 : 502.51"
"12,38 : 934.1"
"12,39 : 308.53"
"12,40 : 896.77"
"12,41 : 619.16"
"12,42 : 372.26"
"12,43 : 121.06"
"12,44 : 408.93"
"12,45 : 329.66"
"12,46 : 839.33"
"12,47 : 1003.27"
"12,48 : 770.22"
"12,49 : 793.3"
"12,50 : 716.26"
"12,51 : 672.88"
"12,52 : 579.97"
"12,53 : 978.53"
"12,54 : 602.3"
"12,55 : 503.25"
"12,56 : 574.95"
"12,57 : 419.59"
"12,58 : 815.49"
"12,59 : 779.65"
"12,60 : 641.26"
"12,61 : 852.79"
"12,62 : 761.02"
"12,63 : 646.3"
"12,64 : 676.55"
"12,65 : 818.2"
"12,66 : 608.9"
"12,67 : 1082.58"
"12,68 : 734.9"
"12,69 : 958.42"
"12,70 : 314.4"
"12,71 : 1036.15"
"12,72 : 379.89"
"12,73 : 137.18"
"12,74 : 161.05"
"12,75 : 285.52"
"12,76 : 349.74"
"12,77 : 931.38"
"12,78 : 922.39"
"12,79 : 378.82"
"12,80 : 557.72"
"12,81 : 92.89"
"12,82 : 322.0"
"12,83 : 620.83"
"12,84 : 936.81"
"12,85 : 160.55"
"12,86 : 823.69"
"12,87 : 922.08"
"12,88 : 828.61"
"12,89 : 508.08"
"12,90 : 413.32"
"12,91 : 319.88"
"12,92 : 247.5"
"12,93 : 450.81"
"12,94 : 854.42"
"12,95 : 888.37"
"12,96 : 446.25"
"12,97 : 480.21"
"12,98 : 499.27"
"12,99 : 763.56"
"13,0 : 771.03"
"13,1 : 742.94"
"13,2 : 319.76"
"13,3 : 607.44"
"13,4 : 441.74"
"13,5 : 510.3"
"13,6 : 809.9"
"13,7 : 230.7"
"13,8 : 1125.29"
"13,9 : 640.15"
"13,10 : 847.74"
"13,11 : 747.3"
"13,12 : 987.85"
"13,13 : 0.0"
"13,14 : 749.1"
"13,15 : 696.42"
"13,16 : 140.35"
"13,17 : 690.05"
"13,18 : 808.33"
"13,19 : 808.44"
"13,20 : 529.97"
"13,21 : 772.25"
"13,22 : 961.97"
"13,23 : 486.15"
"13,24 : 809.19"
"13,25 : 443.08"
"13,26 : 325.63"
"13,27 : 180.35"
"13,28 : 683.01"
"13,29 : 514.56"
"13,30 : 1056.53"
"13,31 : 807.63"
"13,32 : 671.17"
"13,33 : 493.26"
"13,34 : 776.23"
"13,35 : 160.18"
"13,36 : 498.48"
"13,37 : 707.99"
"13,38 : 598.04"
"13,39 : 1160.84"
"13,40 : 741.9"
"13,41 : 451.69"
"13,42 : 986.43"
"13,43 : 886.55"
"13,44 : 587.81"
"13,45 : 675.02"
"13,46 : 225.46"
"13,47 : 126.87"
"13,48 : 824.32"
"13,49 : 241.55"
"13,50 : 477.88"
"13,51 : 779.19"
"13,52 : 412.82"
"13,53 : 104.81"
"13,54 : 699.33"
"13,55 : 491.2"
"13,56 : 417.53"
"13,57 : 570.22"
"13,58 : 574.06"
"13,59 : 410.26"
"13,60 : 865.36"
"13,61 : 234.83"
"13,62 : 646.01"
"13,63 : 449.89"
"13,64 : 486.8"
"13,65 : 708.58"
"13,66 : 659.51"
"13,67 : 145.28"
"13,68 : 334.01"
"13,69 : 211.91"
"13,70 : 685.33"
"13,71 : 153.06"
"13,72 : 631.81"
"13,73 : 934.6"
"13,74 : 883.64"
"13,75 : 1024.55"
"13,76 : 855.46"
"13,77 : 296.74"
"13,78 : 68.77"
"13,79 : 795.5"
"13,80 : 488.65"
"13,81 : 1007.04"
"13,82 : 909.02"
"13,83 : 376.36"
"13,84 : 143.03"
"13,85 : 892.87"
"13,86 : 174.9"
"13,87 : 601.03"
"13,88 : 681.2"
"13,89 : 747.05"
"13,90 : 832.71"
"13,91 : 668.09"
"13,92 : 923.98"
"13,93 : 621.25"
"13,94 : 233.03"
"13,95 : 103.23"
"13,96 : 633.46"
"13,97 : 574.18"
"13,98 : 549.1"
"13,99 : 273.21"
"14,0 : 236.71"
"14,1 : 476.93"
"14,2 : 453.07"
"14,3 : 422.86"
"14,4 : 309.2"
"14,5 : 541.16"
"14,6 : 536.08"
"14,7 : 673.55"
"14,8 : 403.23"
"14,9 : 413.04"
"14,10 : 409.66"
"14,11 : 456.94"
"14,12 : 271.02"
"14,13 : 749.1"
"14,14 : 0.0"
"14,15 : 75.5"
"14,16 : 757.13"
"14,17 : 446.61"
"14,18 : 342.09"
"14,19 : 587.37"
"14,20 : 221.96"
"14,21 : 614.27"
"14,22 : 226.87"
"14,23 : 332.09"
"14,24 : 75.54"
"14,25 : 306.02"
"14,26 : 505.04"
"14,27 : 625.4"
"14,28 : 254.15"
"14,29 : 604.84"
"14,30 : 325.15"
"14,31 : 91.35"
"14,32 : 237.4"
"14,33 : 262.57"
"14,34 : 444.1"
"14,35 : 588.95"
"14,36 : 303.56"
"14,37 : 469.4"
"14,38 : 671.18"
"14,39 : 420.17"
"14,40 : 652.91"
"14,41 : 461.81"
"14,42 : 308.69"
"14,43 : 151.56"
"14,44 : 163.25"
"14,45 : 75.69"
"14,46 : 579.39"
"14,47 : 785.13"
"14,48 : 552.25"
"14,49 : 586.84"
"14,50 : 586.29"
"14,51 : 450.45"
"14,52 : 336.73"
"14,53 : 725.98"
"14,54 : 360.26"
"14,55 : 258.65"
"14,56 : 362.49"
"14,57 : 222.71"
"14,58 : 552.23"
"14,59 : 629.15"
"14,60 : 449.04"
"14,61 : 654.28"
"14,62 : 507.17"
"14,63 : 495.08"
"14,64 : 546.86"
"14,65 : 572.81"
"14,66 : 357.35"
"14,67 : 859.74"
"14,68 : 469.8"
"14,69 : 695.46"
"14,70 : 191.94"
"14,71 : 820.6"
"14,72 : 246.89"
"14,73 : 298.82"
"14,74 : 264.46"
"14,75 : 299.1"
"14,76 : 412.55"
"14,77 : 663.05"
"14,78 : 681.2"
"14,79 : 176.48"
"14,80 : 289.86"
"14,81 : 262.82"
"14,82 : 423.8"
"14,83 : 373.02"
"14,84 : 680.95"
"14,85 : 144.06"
"14,86 : 577.53"
"14,87 : 659.69"
"14,88 : 578.41"
"14,89 : 280.83"
"14,90 : 233.09"
"14,91 : 139.3"
"14,92 : 194.26"
"14,93 : 180.6"
"14,94 : 655.57"
"14,95 : 646.56"
"14,96 : 356.01"
"14,97 : 354.46"
"14,98 : 361.62"
"14,99 : 504.8"
"15,0 : 291.03"
"15,1 : 512.64"
"15,2 : 390.88"
"15,3 : 439.52"
"15,4 : 265.2"
"15,5 : 541.91"
"15,6 : 474.12"
"15,7 : 606.58"
"15,8 : 435.18"
"15,9 : 435.41"
"15,10 : 360.67"
"15,11 : 494.33"
"15,12 : 345.47"
"15,13 : 696.42"
"15,14 : 75.5"
"15,15 : 0.0"
"15,16 : 715.72"
"15,17 : 377.2"
"15,18 : 395.64"
"15,19 : 625.24"
"15,20 : 166.83"
"15,21 : 546.48"
"15,22 : 298.74"
"15,23 : 317.86"
"15,24 : 150.92"
"15,25 : 256.73"
"15,26 : 436.81"
"15,27 : 584.96"
"15,28 : 287.64"
"15,29 : 529.34"
"15,30 : 362.11"
"15,31 : 111.8"
"15,32 : 167.43"
"15,33 : 203.58"
"15,34 : 382.83"
"15,35 : 537.11"
"15,36 : 287.64"
"15,37 : 500.47"
"15,38 : 596.11"
"15,39 : 464.62"
"15,40 : 582.44"
"15,41 : 452.33"
"15,42 : 317.23"
"15,43 : 225.01"
"15,44 : 130.39"
"15,45 : 69.64"
"15,46 : 515.91"
"15,47 : 741.85"
"15,48 : 490.92"
"15,49 : 551.94"
"15,50 : 582.29"
"15,51 : 389.24"
"15,52 : 289.21"
"15,53 : 666.12"
"15,54 : 293.16"
"15,55 : 214.6"
"15,56 : 332.57"
"15,57 : 215.57"
"15,58 : 477.19"
"15,59 : 616.37"
"15,60 : 399.41"
"15,61 : 621.55"
"15,62 : 434.48"
"15,63 : 486.54"
"15,64 : 544.33"
"15,65 : 502.28"
"15,66 : 286.51"
"15,67 : 813.66"
"15,68 : 403.22"
"15,69 : 629.33"
"15,70 : 226.02"
"15,71 : 778.11"
"15,72 : 266.33"
"15,73 : 371.85"
"15,74 : 334.79"
"15,75 : 331.8"
"15,76 : 467.9"
"15,77 : 592.86"
"15,78 : 627.87"
"15,79 : 147.05"
"15,80 : 222.33"
"15,81 : 329.95"
"15,82 : 485.09"
"15,83 : 320.99"
"15,84 : 619.43"
"15,85 : 207.87"
"15,86 : 522.6"
"15,87 : 584.71"
"15,88 : 506.46"
"15,89 : 223.34"
"15,90 : 205.02"
"15,91 : 162.59"
"15,92 : 228.58"
"15,93 : 105.39"
"15,94 : 622.68"
"15,95 : 593.25"
"15,96 : 377.92"
"15,97 : 364.2"
"15,98 : 366.23"
"15,99 : 442.76"
"16,0 : 735.17"
"16,1 : 662.89"
"16,2 : 380.87"
"16,3 : 536.13"
"16,4 : 450.67"
"16,5 : 416.08"
"16,6 : 902.96"
"16,7 : 359.34"
"16,8 : 1150.85"
"16,9 : 570.2"
"16,10 : 919.63"
"16,11 : 670.87"
"16,12 : 971.81"
"16,13 : 140.35"
"16,14 : 757.13"
"16,15 : 715.72"
"16,16 : 0.0"
"16,17 : 776.9"
"16,18 : 754.86"
"16,19 : 713.82"
"16,20 : 550.94"
"16,21 : 877.92"
"16,22 : 954.17"
"16,23 : 454.09"
"16,24 : 808.04"
"16,25 : 459.91"
"16,26 : 414.51"
"16,27 : 131.8"
"16,28 : 644.14"
"16,29 : 630.21"
"16,30 : 1077.28"
"16,31 : 827.17"
"16,32 : 722.83"
"16,33 : 521.0"
"16,34 : 858.37"
"16,35 : 207.28"
"16,36 : 473.83"
"16,37 : 628.07"
"16,38 : 719.16"
"16,39 : 1176.75"
"16,40 : 854.01"
"16,41 : 382.97"
"16,42 : 1022.8"
"16,43 : 881.6"
"16,44 : 594.14"
"16,45 : 681.45"
"16,46 : 324.1"
"16,47 : 35.13"
"16,48 : 918.58"
"16,49 : 179.33"
"16,50 : 374.36"
"16,51 : 862.08"
"16,52 : 427.03"
"16,53 : 241.95"
"16,54 : 772.17"
"16,55 : 501.52"
"16,56 : 399.4"
"16,57 : 553.97"
"16,58 : 680.58"
"16,59 : 298.49"
"16,60 : 941.79"
"16,61 : 133.84"
"16,62 : 743.62"
"16,63 : 371.4"
"16,64 : 392.06"
"16,65 : 812.52"
"16,66 : 732.81"
"16,67 : 116.71"
"16,68 : 410.37"
"16,69 : 344.41"
"16,70 : 659.13"
"16,71 : 64.35"
"16,72 : 597.93"
"16,73 : 900.77"
"16,74 : 850.42"
"16,75 : 1047.5"
"16,76 : 792.58"
"16,77 : 423.96"
"16,78 : 163.25"
"16,79 : 832.8"
"16,80 : 531.31"
"16,81 : 1003.6"
"16,82 : 848.55"
"16,83 : 400.48"
"16,84 : 269.92"
"16,85 : 897.23"
"16,86 : 238.52"
"16,87 : 720.71"
"16,88 : 787.23"
"16,89 : 804.99"
"16,90 : 876.76"
"16,91 : 655.31"
"16,92 : 943.62"
"16,93 : 657.19"
"16,94 : 131.86"
"16,95 : 180.01"
"16,96 : 575.4"
"16,97 : 520.2"
"16,98 : 495.9"
"16,99 : 346.1"
"17,0 : 663.87"
"17,1 : 854.85"
"17,2 : 401.0"
"17,3 : 749.25"
"17,4 : 446.06"
"17,5 : 799.92"
"17,6 : 131.38"
"17,7 : 494.24"
"17,8 : 596.78"
"17,9 : 757.39"
"17,10 : 183.05"
"17,11 : 840.24"
"17,12 : 691.48"
"17,13 : 690.05"
"17,14 : 446.61"
"17,15 : 377.2"
"17,16 : 776.9"
"17,17 : 0.0"
"17,18 : 765.8"
"17,19 : 967.13"
"17,20 : 375.72"
"17,21 : 170.41"
"17,22 : 634.05"
"17,23 : 574.18"
"17,24 : 515.66"
"17,25 : 420.6"
"17,26 : 365.57"
"17,27 : 673.77"
"17,28 : 640.57"
"17,29 : 252.3"
"17,30 : 563.55"
"17,31 : 412.26"
"17,32 : 209.83"
"17,33 : 362.86"
"17,34 : 90.14"
"17,35 : 569.99"
"17,36 : 548.49"
"17,37 : 834.77"
"17,38 : 268.31"
"17,39 : 668.07"
"17,40 : 206.71"
"17,41 : 692.44"
"17,42 : 439.4"
"17,43 : 574.21"
"17,44 : 427.45"
"17,45 : 434.61"
"17,46 : 464.61"
"17,47 : 788.59"
"17,48 : 148.86"
"17,49 : 675.27"
"17,50 : 821.01"
"17,51 : 91.61"
"17,52 : 442.0"
"17,53 : 610.18"
"17,54 : 89.2"
"17,55 : 425.7"
"17,56 : 535.88"
"17,57 : 519.4"
"17,58 : 169.05"
"17,59 : 820.95"
"17,60 : 186.0"
"17,61 : 742.43"
"17,62 : 82.23"
"17,63 : 723.84"
"17,64 : 792.17"
"17,65 : 127.05"
"17,66 : 91.92"
"17,67 : 834.15"
"17,68 : 366.61"
"17,69 : 521.16"
"17,70 : 585.36"
"17,71 : 824.6"
"17,72 : 602.66"
"17,73 : 744.82"
"17,74 : 710.85"
"17,75 : 529.24"
"17,76 : 838.64"
"17,77 : 442.92"
"17,78 : 629.65"
"17,79 : 316.03"
"17,80 : 312.83"
"17,81 : 642.72"
"17,82 : 860.38"
"17,83 : 434.5"
"17,84 : 558.6"
"17,85 : 531.92"
"17,86 : 538.44"
"17,87 : 255.0"
"17,88 : 138.29"
"17,89 : 186.7"
"17,90 : 299.74"
"17,91 : 520.66"
"17,92 : 475.33"
"17,93 : 293.08"
"17,94 : 742.55"
"17,95 : 602.58"
"17,96 : 704.47"
"17,97 : 668.35"
"17,98 : 658.78"
"17,99 : 430.83"
"18,0 : 105.48"
"18,1 : 178.14"
"18,2 : 609.53"
"18,3 : 231.09"
"18,4 : 429.85"
"18,5 : 380.62"
"18,6 : 869.38"
"18,7 : 830.08"
"18,8 : 642.51"
"18,9 : 198.67"
"18,10 : 751.36"
"18,11 : 155.44"
"18,12 : 312.46"
"18,13 : 808.33"
"18,14 : 342.09"
"18,15 : 395.64"
"18,16 : 754.86"
"18,17 : 765.8"
"18,18 : 0.0"
"18,19 : 268.23"
"18,20 : 423.48"
"18,21 : 936.22"
"18,22 : 338.66"
"18,23 : 328.07"
"18,24 : 303.6"
"18,25 : 447.83"
"18,26 : 689.56"
"18,27 : 637.4"
"18,28 : 142.62"
"18,29 : 866.25"
"18,30 : 564.32"
"18,31 : 420.62"
"18,32 : 559.4"
"18,33 : 458.42"
"18,34 : 778.37"
"18,35 : 665.24"
"18,36 : 325.11"
"18,37 : 192.26"
"18,38 : 949.47"
"18,39 : 615.02"
"18,40 : 965.84"
"18,41 : 372.93"
"18,42 : 610.8"
"18,43 : 311.46"
"18,44 : 350.85"
"18,45 : 332.03"
"18,46 : 722.96"
"18,47 : 789.28"
"18,48 : 886.32"
"18,49 : 579.19"
"18,50 : 436.21"
"18,51 : 784.77"
"18,52 : 458.89"
"18,53 : 830.0"
"18,54 : 686.06"
"18,55 : 405.58"
"18,56 : 403.6"
"18,57 : 285.7"
"18,58 : 835.1"
"18,59 : 509.88"
"18,60 : 790.67"
"18,61 : 623.62"
"18,62 : 812.27"
"18,63 : 390.3"
"18,64 : 399.67"
"18,65 : 886.53"
"18,66 : 673.88"
"18,67 : 871.28"
"18,68 : 648.76"
"18,69 : 843.94"
"18,70 : 183.44"
"18,71 : 816.84"
"18,72 : 196.02"
"18,73 : 184.88"
"18,74 : 151.48"
"18,75 : 555.2"
"18,76 : 72.84"
"18,77 : 845.79"
"18,78 : 752.09"
"18,79 : 517.92"
"18,80 : 511.77"
"18,81 : 393.22"
"18,82 : 107.45"
"18,83 : 500.78"
"18,84 : 800.1"
"18,85 : 368.29"
"18,86 : 672.19"
"18,87 : 940.01"
"18,88 : 885.89"
"18,89 : 618.32"
"18,90 : 573.02"
"18,91 : 246.11"
"18,92 : 473.81"
"18,93 : 473.38"
"18,94 : 625.51"
"18,95 : 721.95"
"18,96 : 179.62"
"18,97 : 235.59"
"18,98 : 260.45"
"18,99 : 650.97"
"19,0 : 360.69"
"19,1 : 113.15"
"19,2 : 711.34"
"19,3 : 233.65"
"19,4 : 554.63"
"19,5 : 299.11"
"19,6 : 1083.83"
"19,7 : 901.16"
"19,8 : 910.66"
"19,9 : 214.97"
"19,10 : 985.62"
"19,11 : 130.97"
"19,12 : 574.43"
"19,13 : 808.44"
"19,14 : 587.37"
"19,15 : 625.24"
"19,16 : 713.82"
"19,17 : 967.13"
"19,18 : 268.23"
"19,19 : 0.0"
"19,20 : 594.61"
"19,21 : 1134.48"
"19,22 : 605.72"
"19,23 : 419.66"
"19,24 : 563.0"
"19,25 : 579.19"
"19,26 : 797.7"
"19,27 : 628.34"
"19,28 : 337.6"
"19,29 : 1013.11"
"19,30 : 832.54"
"19,31 : 673.68"
"19,32 : 774.35"
"19,33 : 617.06"
"19,34 : 996.49"
"19,35 : 700.15"
"19,36 : 436.31"
"19,37 : 133.42"
"19,38 : 1105.45"
"19,39 : 880.95"
"19,40 : 1153.36"
"19,41 : 368.46"
"19,42 : 874.51"
"19,43 : 579.03"
"19,44 : 540.41"
"19,45 : 556.0"
"19,46 : 797.65"
"19,47 : 748.54"
"19,48 : 1101.56"
"19,49 : 567.56"
"19,50 : 340.12"
"19,51 : 1002.8"
"19,52 : 574.98"
"19,53 : 861.73"
"19,54 : 897.4"
"19,55 : 554.0"
"19,56 : 487.61"
"19,57 : 448.04"
"19,58 : 1001.11"
"19,59 : 419.04"
"19,60 : 1024.06"
"19,61 : 582.75"
"19,62 : 998.36"
"19,63 : 361.51"
"19,64 : 323.01"
"19,65 : 1077.6"
"19,66 : 877.26"
"19,67 : 826.41"
"19,68 : 759.04"
"19,69 : 907.55"
"19,70 : 399.59"
"19,71 : 766.17"
"19,72 : 366.17"
"19,73 : 439.23"
"19,74 : 416.06"
"19,75 : 823.01"
"19,76 : 225.96"
"19,77 : 934.73"
"19,78 : 768.81"
"19,79 : 762.57"
"19,80 : 672.71"
"19,81 : 659.31"
"19,82 : 267.03"
"19,83 : 608.16"
"19,84 : 846.78"
"19,85 : 634.71"
"19,86 : 719.43"
"19,87 : 1098.2"
"19,88 : 1070.88"
"19,89 : 845.81"
"19,90 : 820.09"
"19,91 : 462.77"
"19,92 : 738.69"
"19,93 : 678.97"
"19,94 : 584.74"
"19,95 : 746.63"
"19,96 : 263.4"
"19,97 : 308.3"
"19,98 : 325.21"
"19,99 : 738.52"
"20,0 : 335.68"
"20,1 : 483.73"
"20,2 : 232.28"
"20,3 : 373.53"
"20,4 : 104.22"
"20,5 : 435.58"
"20,6 : 499.15"
"20,7 : 456.54"
"20,8 : 600.52"
"20,9 : 382.5"
"20,10 : 435.56"
"20,11 : 470.95"
"20,12 : 481.3"
"20,13 : 529.97"
"20,14 : 221.96"
"20,15 : 166.83"
"20,16 : 550.94"
"20,17 : 375.72"
"20,18 : 423.48"
"20,19 : 594.61"
"20,20 : 0.0"
"20,21 : 540.59"
"20,22 : 444.81"
"20,23 : 203.38"
"20,24 : 289.17"
"20,25 : 91.05"
"20,26 : 292.29"
"20,27 : 421.2"
"20,28 : 284.3"
"20,29 : 442.83"
"20,30 : 528.66"
"20,31 : 278.55"
"20,32 : 210.04"
"20,33 : 42.3"
"20,34 : 418.4"
"20,35 : 370.41"
"20,36 : 175.41"
"20,37 : 461.42"
"20,38 : 526.69"
"20,39 : 631.42"
"20,40 : 559.01"
"20,41 : 332.54"
"20,42 : 473.44"
"20,43 : 368.29"
"20,44 : 78.09"
"20,45 : 152.35"
"20,46 : 358.92"
"20,47 : 576.21"
"20,48 : 517.17"
"20,49 : 392.7"
"20,50 : 465.39"
"20,51 : 424.32"
"20,52 : 124.02"
"20,53 : 504.02"
"20,54 : 316.08"
"20,55 : 59.54"
"20,56 : 186.94"
"20,57 : 147.83"
"20,58 : 414.34"
"20,59 : 483.74"
"20,60 : 469.16"
"20,61 : 463.53"
"20,62 : 403.87"
"20,63 : 366.27"
"20,64 : 431.76"
"20,65 : 483.0"
"20,66 : 289.32"
"20,67 : 647.14"
"20,68 : 254.23"
"20,69 : 477.17"
"20,70 : 242.16"
"20,71 : 612.71"
"20,72 : 237.65"
"20,73 : 468.47"
"20,74 : 421.58"
"20,75 : 497.82"
"20,76 : 494.1"
"20,77 : 453.13"
"20,78 : 461.57"
"20,79 : 286.25"
"20,80 : 88.77"
"20,81 : 484.29"
"20,82 : 528.17"
"20,83 : 154.16"
"20,84 : 459.28"
"20,85 : 365.84"
"20,86 : 356.8"
"20,87 : 517.6"
"20,88 : 476.71"
"20,89 : 296.14"
"20,90 : 336.11"
"20,91 : 188.69"
"20,92 : 395.3"
"20,93 : 118.26"
"20,94 : 464.49"
"20,95 : 426.91"
"20,96 : 331.2"
"20,97 : 292.66"
"20,98 : 283.38"
"20,99 : 283.67"
"21,0 : 834.18"
"21,1 : 1022.69"
"21,2 : 522.98"
"21,3 : 913.23"
"21,4 : 601.42"
"21,5 : 953.74"
"21,6 : 111.54"
"21,7 : 552.2"
"21,8 : 709.23"
"21,9 : 923.08"
"21,10 : 273.59"
"21,11 : 1008.61"
"21,12 : 849.89"
"21,13 : 772.25"
"21,14 : 614.27"
"21,15 : 546.48"
"21,16 : 877.92"
"21,17 : 170.41"
"21,18 : 936.22"
"21,19 : 1134.48"
"21,20 : 540.59"
"21,21 : 0.0"
"21,22 : 790.86"
"21,23 : 733.94"
"21,24 : 681.24"
"21,25 : 575.52"
"21,26 : 466.01"
"21,27 : 790.06"
"21,28 : 810.35"
"21,29 : 265.36"
"21,30 : 690.57"
"21,31 : 572.65"
"21,32 : 379.12"
"21,33 : 523.23"
"21,34 : 186.12"
"21,35 : 677.0"
"21,36 : 709.82"
"21,37 : 1001.62"
"21,38 : 216.75"
"21,39 : 787.99"
"21,40 : 64.85"
"21,41 : 845.47"
"21,42 : 559.02"
"21,43 : 735.53"
"21,44 : 596.27"
"21,45 : 604.92"
"21,46 : 554.26"
"21,47 : 883.91"
"21,48 : 108.67"
"21,49 : 801.52"
"21,50 : 970.22"
"21,51 : 180.94"
"21,52 : 592.93"
"21,53 : 679.34"
"21,54 : 254.02"
"21,55 : 586.95"
"21,56 : 688.78"
"21,57 : 686.45"
"21,58 : 198.28"
"21,59 : 962.14"
"21,60 : 250.39"
"21,61 : 864.26"
"21,62 : 144.92"
"21,63 : 875.35"
"21,64 : 944.06"
"21,65 : 66.27"
"21,66 : 262.34"
"21,67 : 917.27"
"21,68 : 479.84"
"21,69 : 577.22"
"21,70 : 755.62"
"21,71 : 917.86"
"21,72 : 771.38"
"21,73 : 911.11"
"21,74 : 878.73"
"21,75 : 658.27"
"21,76 : 1009.05"
"21,77 : 490.16"
"21,78 : 720.03"
"21,79 : 471.09"
"21,80 : 470.03"
"21,81 : 793.79"
"21,82 : 1030.51"
"21,83 : 578.43"
"21,84 : 631.38"
"21,85 : 689.37"
"21,86 : 643.04"
"21,87 : 206.01"
"21,88 : 91.08"
"21,89 : 342.15"
"21,90 : 443.04"
"21,91 : 691.0"
"21,92 : 621.1"
"21,93 : 463.35"
"21,94 : 864.09"
"21,95 : 698.25"
"21,96 : 871.27"
"21,97 : 832.66"
"21,98 : 821.61"
"21,99 : 540.58"
"22,0 : 268.06"
"22,1 : 514.71"
"22,2 : 677.09"
"22,3 : 522.27"
"22,4 : 520.7"
"22,5 : 666.52"
"22,6 : 696.42"
"22,7 : 899.67"
"22,8 : 307.23"
"22,9 : 499.12"
"22,10 : 543.1"
"22,11 : 491.92"
"22,12 : 61.07"
"22,13 : 961.97"
"22,14 : 226.87"
"22,15 : 298.74"
"22,16 : 954.17"
"22,17 : 634.05"
"22,18 : 338.66"
"22,19 : 605.72"
"22,20 : 444.81"
"22,21 : 790.86"
"22,22 : 0.0"
"22,23 : 504.37"
"22,24 : 155.65"
"22,25 : 522.39"
"22,26 : 731.71"
"22,27 : 823.22"
"22,28 : 345.58"
"22,29 : 821.71"
"22,30 : 232.96"
"22,31 : 222.89"
"22,32 : 437.75"
"22,33 : 486.53"
"22,34 : 607.32"
"22,35 : 802.34"
"22,36 : 481.51"
"22,37 : 522.89"
"22,38 : 880.22"
"22,39 : 276.74"
"22,40 : 838.65"
"22,41 : 614.21"
"22,42 : 313.87"
"22,43 : 76.54"
"22,44 : 376.41"
"22,45 : 292.55"
"22,46 : 803.72"
"22,47 : 984.64"
"22,48 : 709.98"
"22,49 : 777.21"
"22,50 : 719.23"
"22,51 : 613.15"
"22,52 : 550.53"
"22,53 : 946.86"
"22,54 : 544.87"
"22,55 : 472.57"
"22,56 : 555.0"
"22,57 : 400.25"
"22,58 : 762.0"
"22,59 : 778.37"
"22,60 : 580.31"
"22,61 : 839.41"
"22,62 : 704.98"
"22,63 : 643.26"
"22,64 : 679.07"
"22,65 : 760.46"
"22,66 : 553.01"
"22,67 : 1062.65"
"22,68 : 696.02"
"22,69 : 921.15"
"22,70 : 305.87"
"22,71 : 1018.47"
"22,72 : 373.56"
"22,73 : 180.49"
"22,74 : 190.21"
"22,75 : 232.12"
"22,76 : 385.02"
"22,77 : 889.92"
"22,78 : 895.4"
"22,79 : 319.86"
"22,80 : 516.62"
"22,81 : 56.36"
"22,82 : 364.18"
"22,83 : 590.0"
"22,84 : 903.49"
"22,85 : 102.14"
"22,86 : 794.42"
"22,87 : 868.02"
"22,88 : 771.65"
"22,89 : 449.57"
"22,90 : 352.78"
"22,91 : 298.87"
"22,92 : 186.7"
"22,93 : 403.18"
"22,94 : 840.95"
"22,95 : 861.03"
"22,96 : 452.48"
"22,97 : 479.61"
"22,98 : 496.48"
"22,99 : 728.45"
"23,0 : 285.34"
"23,1 : 317.86"
"23,2 : 296.95"
"23,3 : 186.68"
"23,4 : 136.36"
"23,5 : 232.95"
"23,6 : 700.46"
"23,7 : 506.9"
"23,8 : 735.08"
"23,9 : 206.01"
"23,10 : 637.22"
"23,11 : 311.59"
"23,12 : 518.37"
"23,13 : 486.15"
"23,14 : 332.09"
"23,15 : 317.86"
"23,16 : 454.09"
"23,17 : 574.18"
"23,18 : 328.07"
"23,19 : 419.66"
"23,20 : 203.38"
"23,21 : 733.94"
"23,22 : 504.37"
"23,23 : 0.0"
"23,24 : 367.08"
"23,25 : 161.82"
"23,26 : 382.3"
"23,27 : 326.17"
"23,28 : 196.9"
"23,29 : 593.62"
"23,30 : 656.25"
"23,31 : 417.31"
"23,32 : 411.58"
"23,33 : 211.4"
"23,34 : 621.42"
"23,35 : 337.93"
"23,36 : 30.41"
"23,37 : 288.6"
"23,38 : 686.63"
"23,39 : 746.2"
"23,40 : 745.19"
"23,41 : 134.97"
"23,42 : 633.09"
"23,43 : 434.9"
"23,44 : 189.26"
"23,45 : 261.05"
"23,46 : 399.71"
"23,47 : 486.24"
"23,48 : 718.49"
"23,49 : 275.09"
"23,50 : 266.99"
"23,51 : 627.28"
"23,52 : 155.32"
"23,53 : 502.05"
"23,54 : 519.06"
"23,55 : 148.66"
"23,56 : 76.49"
"23,57 : 109.84"
"23,58 : 585.34"
"23,59 : 298.94"
"23,60 : 671.66"
"23,61 : 335.15"
"23,62 : 592.27"
"23,63 : 169.33"
"23,64 : 231.02"
"23,65 : 673.02"
"23,66 : 490.81"
"23,67 : 566.64"
"23,68 : 342.49"
"23,69 : 518.92"
"23,70 : 205.04"
"23,71 : 518.35"
"23,72 : 146.1"
"23,73 : 450.09"
"23,74 : 399.24"
"23,75 : 631.09"
"23,76 : 384.4"
"23,77 : 529.5"
"23,78 : 426.68"
"23,79 : 461.85"
"23,80 : 263.94"
"23,81 : 556.19"
"23,82 : 433.34"
"23,83 : 190.06"
"23,84 : 472.3"
"23,85 : 459.62"
"23,86 : 344.12"
"23,87 : 679.76"
"23,88 : 662.6"
"23,89 : 496.1"
"23,90 : 517.7"
"23,91 : 208.06"
"23,92 : 526.34"
"23,93 : 315.57"
"23,94 : 336.72"
"23,95 : 395.46"
"23,96 : 170.85"
"23,97 : 113.88"
"23,98 : 94.49"
"23,99 : 331.49"
