x,y
568,954
383,234
576,633
405,555
639,489
626,895
757,253
633,276
416,268
250,930
533,895
140,404
828,706
196,39
857,530
888,414
52,689
31,548
879,714
934,159
273,970
328,193
477,603
945,73
893,208
329,570
73,257
469,777
61,755
600,842
442,529
896,258
515,45
363,869
76,454
60,264
564,313
339,665
768,58
996,679
204,304
280,229
508,317
499,19
602,381
971,30
90,985
307,777
635,726
470,743
654,0
863,621
880,660
135,817
801,868
85,465
262,829
765,939
297,110
813,34
815,273
796,723
357,627
378,164
333,689
193,706
22,570
912,505
457,981
284,280
476,909
229,656
266,261
670,825
719,362
985,268
726,344
59,169
485,33
658,959
307,667
776,620
514,206
414,712
605,210
578,247
471,219
876,350
669,9
582,364
583,860
992,18
326,464
523,65
853,981
700,209
748,973
544,290
86,235
466,69

Distanze
"0,0 : 0.0"
"0,1 : 865.65"
"0,2 : 768.72"
"0,3 : 272.15"
"0,4 : 246.07"
"0,5 : 474.27"
"0,6 : 292.1"
"0,7 : 811.05"
"0,8 : 364.19"
"0,9 : 263.49"
"0,10 : 182.12"
"0,11 : 616.89"
"0,12 : 484.53"
"0,13 : 286.25"
"0,14 : 900.88"
"0,15 : 467.8"
"0,16 : 652.01"
"0,17 : 146.03"
"0,18 : 631.97"
"0,19 : 194.86"
"0,20 : 126.85"
"0,21 : 495.55"
"0,22 : 33.29"
"0,23 : 474.45"
"0,24 : 843.1"
"0,25 : 398.91"
"0,26 : 678.16"
"0,27 : 184.97"
"0,28 : 320.66"
"0,29 : 73.76"
"0,30 : 300.76"
"0,31 : 297.48"
"0,32 : 516.73"
"0,33 : 700.4"
"0,34 : 512.08"
"0,35 : 545.6"
"0,36 : 226.43"
"0,37 : 247.7"
"0,38 : 476.51"
"0,39 : 88.84"
"0,40 : 401.14"
"0,41 : 369.12"
"0,42 : 512.29"
"0,43 : 775.28"
"0,44 : 214.22"
"0,45 : 512.02"
"0,46 : 745.07"
"0,47 : 435.86"
"0,48 : 667.02"
"0,49 : 246.13"
"0,50 : 558.49"
"0,51 : 458.67"
"0,52 : 762.13"
"0,53 : 375.0"
"0,54 : 221.82"
"0,55 : 529.06"
"0,56 : 135.59"
"0,57 : 275.96"
"0,58 : 582.92"
"0,59 : 764.36"
"0,60 : 576.0"
"0,61 : 232.96"
"0,62 : 485.44"
"0,63 : 505.4"
"0,64 : 124.02"
"0,65 : 940.33"
"0,66 : 376.18"
"0,67 : 728.14"
"0,68 : 175.31"
"0,69 : 738.08"
"0,70 : 732.4"
"0,71 : 225.25"
"0,72 : 722.85"
"0,73 : 164.2"
"0,74 : 139.71"
"0,75 : 262.59"
"0,76 : 657.4"
"0,77 : 781.55"
"0,78 : 691.12"
"0,79 : 611.44"
"0,80 : 571.45"
"0,81 : 559.56"
"0,82 : 248.21"
"0,83 : 772.93"
"0,84 : 701.01"
"0,85 : 832.15"
"0,86 : 635.39"
"0,87 : 376.56"
"0,88 : 198.96"
"0,89 : 179.1"
"0,90 : 604.43"
"0,91 : 315.83"
"0,92 : 709.48"
"0,93 : 615.65"
"0,94 : 248.85"
"0,95 : 251.32"
"0,96 : 340.84"
"0,97 : 191.55"
"0,98 : 904.76"
"0,99 : 419.91"
"1,0 : 865.65"
"1,1 : 0.0"
"1,2 : 436.59"
"1,3 : 766.97"
"1,4 : 863.91"
"1,5 : 667.86"
"1,6 : 738.33"
"1,7 : 132.0"
"1,8 : 628.56"
"1,9 : 715.73"
"1,10 : 924.31"
"1,11 : 896.59"
"1,12 : 383.42"
"1,13 : 657.12"
"1,14 : 255.95"
"1,15 : 558.15"
"1,16 : 441.49"
"1,17 : 995.65"
"1,18 : 829.81"
"1,19 : 999.07"
"1,20 : 967.24"
"1,21 : 605.29"
"1,22 : 869.0"
"1,23 : 665.62"
"1,24 : 233.11"
"1,25 : 712.65"
"1,26 : 984.71"
"1,27 : 991.02"
"1,28 : 816.0"
"1,29 : 922.92"
"1,30 : 871.72"
"1,31 : 1139.81"
"1,32 : 523.55"
"1,33 : 263.05"
"1,34 : 365.03"
"1,35 : 526.27"
"1,36 : 963.8"
"1,37 : 907.54"
"1,38 : 396.43"
"1,39 : 951.22"
"1,40 : 1227.71"
"1,41 : 610.45"
"1,42 : 691.13"
"1,43 : 237.23"
"1,44 : 761.04"
"1,45 : 428.0"
"1,46 : 397.45"
"1,47 : 611.28"
"1,48 : 560.08"
"1,49 : 1111.35"
"1,50 : 376.69"
"1,51 : 412.81"
"1,52 : 581.42"
"1,53 : 563.72"
"1,54 : 1003.73"
"1,55 : 536.66"
"1,56 : 963.25"
"1,57 : 956.47"
"1,58 : 657.27"
"1,59 : 101.79"
"1,60 : 815.49"
"1,61 : 847.98"
"1,62 : 901.93"
"1,63 : 368.11"
"1,64 : 742.0"
"1,65 : 179.05"
"1,66 : 676.23"
"1,67 : 297.47"
"1,68 : 690.43"
"1,69 : 380.79"
"1,70 : 155.87"
"1,71 : 870.81"
"1,72 : 574.14"
"1,73 : 1029.63"
"1,74 : 731.44"
"1,75 : 664.46"
"1,76 : 503.65"
"1,77 : 567.0"
"1,78 : 245.94"
"1,79 : 688.54"
"1,80 : 344.8"
"1,81 : 402.0"
"1,82 : 790.58"
"1,83 : 741.94"
"1,84 : 205.62"
"1,85 : 150.63"
"1,86 : 267.62"
"1,87 : 509.51"
"1,88 : 895.39"
"1,89 : 958.1"
"1,90 : 336.66"
"1,91 : 715.47"
"1,92 : 436.48"
"1,93 : 490.93"
"1,94 : 1114.47"
"1,95 : 734.93"
"1,96 : 818.0"
"1,97 : 925.56"
"1,98 : 125.63"
"1,99 : 761.39"
"2,0 : 768.72"
"2,1 : 436.59"
"2,2 : 0.0"
"2,3 : 549.5"
"2,4 : 643.65"
"2,5 : 831.78"
"2,6 : 518.32"
"2,7 : 522.04"
"2,8 : 727.52"
"2,9 : 759.2"
"2,10 : 736.11"
"2,11 : 516.14"
"2,12 : 399.08"
"2,13 : 484.99"
"2,14 : 239.01"
"2,15 : 306.53"
"2,16 : 116.85"
"2,17 : 852.23"
"2,18 : 439.6"
"2,19 : 820.25"
"2,20 : 894.23"
"2,21 : 784.59"
"2,22 : 754.96"
"2,23 : 829.83"
"2,24 : 218.22"
"2,25 : 833.33"
"2,26 : 594.01"
"2,27 : 943.33"
"2,28 : 885.88"
"2,29 : 796.0"
"2,30 : 624.43"
"2,31 : 1065.71"
"2,32 : 715.51"
"2,33 : 205.12"
"2,34 : 354.17"
"2,35 : 230.56"
"2,36 : 758.22"
"2,37 : 685.89"
"2,38 : 482.66"
"2,39 : 832.26"
"2,40 : 1169.85"
"2,41 : 710.07"
"2,42 : 356.2"
"2,43 : 199.8"
"2,44 : 778.42"
"2,45 : 599.1"
"2,46 : 728.71"
"2,47 : 755.26"
"2,48 : 161.62"
"2,49 : 995.2"
"2,50 : 575.82"
"2,51 : 484.5"
"2,52 : 894.33"
"2,53 : 655.64"
"2,54 : 971.88"
"2,55 : 736.84"
"2,56 : 899.41"
"2,57 : 725.02"
"2,58 : 877.08"
"2,59 : 409.19"
"2,60 : 445.07"
"2,61 : 635.55"
"2,62 : 571.79"
"2,63 : 367.2"
"2,64 : 659.66"
"2,65 : 340.28"
"2,66 : 785.66"
"2,67 : 150.6"
"2,68 : 626.73"
"2,69 : 64.41"
"2,70 : 466.05"
"2,71 : 660.43"
"2,72 : 871.28"
"2,73 : 910.24"
"2,74 : 677.28"
"2,75 : 507.0"
"2,76 : 128.28"
"2,77 : 890.46"
"2,78 : 541.2"
"2,79 : 917.02"
"2,80 : 543.68"
"2,81 : 610.23"
"2,82 : 826.57"
"2,83 : 1028.9"
"2,84 : 278.18"
"2,85 : 289.25"
"2,86 : 505.15"
"2,87 : 419.38"
"2,88 : 697.38"
"2,89 : 923.2"
"2,90 : 569.29"
"2,91 : 489.34"
"2,92 : 745.27"
"2,93 : 158.39"
"2,94 : 992.96"
"2,95 : 772.62"
"2,96 : 554.54"
"2,97 : 732.7"
"2,98 : 352.88"
"2,99 : 887.64"
"3,0 : 272.15"
"3,1 : 766.97"
"3,2 : 549.5"
"3,3 : 0.0"
"3,4 : 99.4"
"3,5 : 622.38"
"3,6 : 31.62"
"3,7 : 754.01"
"3,8 : 489.33"
"3,9 : 432.95"
"3,10 : 186.72"
"3,11 : 355.51"
"3,12 : 403.36"
"3,13 : 115.85"
"3,14 : 728.21"
"3,15 : 246.4"
"3,16 : 438.91"
"3,17 : 310.46"
"3,18 : 361.69"
"3,19 : 270.87"
"3,20 : 393.3"
"3,21 : 616.52"
"3,22 : 245.49"
"3,23 : 621.64"
"3,24 : 676.24"
"3,25 : 568.86"
"3,26 : 428.07"
"3,27 : 455.94"
"3,28 : 538.64"
"3,29 : 268.51"
"3,30 : 108.66"
"3,31 : 545.27"
"3,32 : 600.54"
"3,33 : 543.0"
"3,34 : 406.96"
"3,35 : 319.19"
"3,36 : 211.07"
"3,37 : 143.78"
"3,38 : 446.12"
"3,39 : 305.48"
"3,40 : 652.16"
"3,41 : 483.39"
"3,42 : 244.53"
"3,43 : 612.4"
"3,44 : 410.1"
"3,45 : 540.62"
"3,46 : 781.24"
"3,47 : 557.99"
"3,48 : 421.04"
"3,49 : 457.31"
"3,50 : 568.6"
"3,51 : 429.29"
"3,52 : 858.02"
"3,53 : 456.6"
"3,54 : 493.79"
"3,55 : 619.88"
"3,56 : 405.39"
"3,57 : 190.72"
"3,58 : 720.7"
"3,59 : 674.64"
"3,60 : 306.04"
"3,61 : 87.37"
"3,62 : 242.2"
"3,63 : 407.28"
"3,64 : 227.27"
"3,65 : 792.04"
"3,66 : 529.09"
"3,67 : 552.12"
"3,68 : 244.01"
"3,69 : 535.02"
"3,70 : 669.02"
"3,71 : 112.33"
"3,72 : 820.44"
"3,73 : 375.83"
"3,74 : 271.53"
"3,75 : 120.81"
"3,76 : 425.54"
"3,77 : 870.72"
"3,78 : 664.26"
"3,79 : 757.55"
"3,80 : 564.63"
"3,81 : 585.57"
"3,82 : 460.48"
"3,83 : 916.26"
"3,84 : 570.35"
"3,85 : 690.08"
"3,86 : 602.47"
"3,87 : 269.6"
"3,88 : 147.92"
"3,89 : 451.01"
"3,90 : 604.22"
"3,91 : 60.31"
"3,92 : 760.79"
"3,93 : 391.14"
"3,94 : 452.98"
"3,95 : 432.35"
"3,96 : 88.46"
"3,97 : 183.21"
"3,98 : 769.2"
"3,99 : 608.52"
"4,0 : 246.07"
"4,1 : 863.91"
"4,2 : 643.65"
"4,3 : 99.4"
"4,4 : 0.0"
"4,5 : 663.15"
"4,6 : 130.59"
"4,7 : 846.09"
"4,8 : 533.98"
"4,9 : 460.37"
"4,10 : 102.32"
"4,11 : 376.04"
"4,12 : 494.54"
"4,13 : 207.63"
"4,14 : 827.15"
"4,15 : 343.93"
"4,16 : 535.2"
"4,17 : 237.78"
"4,18 : 401.76"
"4,19 : 182.85"
"4,20 : 350.56"
"4,21 : 666.03"
"4,22 : 213.8"
"4,23 : 662.71"
"4,24 : 775.48"
"4,25 : 600.68"
"4,26 : 432.7"
"4,27 : 416.89"
"4,28 : 549.97"
"4,29 : 216.23"
"4,30 : 54.71"
"4,31 : 482.66"
"4,32 : 660.64"
"4,33 : 642.38"
"4,34 : 501.63"
"4,35 : 414.5"
"4,36 : 114.63"
"4,37 : 44.38"
"4,38 : 529.3"
"4,39 : 250.05"
"4,40 : 588.64"
"4,41 : 531.2"
"4,42 : 318.31"
"4,43 : 711.78"
"4,44 : 426.62"
"4,45 : 613.45"
"4,46 : 856.28"
"4,47 : 605.74"
"4,48 : 508.06"
"4,49 : 383.63"
"4,50 : 646.26"
"4,51 : 511.77"
"4,52 : 918.59"
"4,53 : 512.97"
"4,54 : 457.36"
"4,55 : 678.43"
"4,56 : 366.03"
"4,57 : 92.57"
"4,58 : 766.66"
"4,59 : 770.25"
"4,60 : 346.34"
"4,61 : 19.7"
"4,62 : 240.15"
"4,63 : 501.03"
"4,64 : 250.05"
"4,65 : 891.44"
"4,66 : 565.92"
"4,67 : 651.25"
"4,68 : 284.32"
"4,69 : 632.05"
"4,70 : 761.33"
"4,71 : 23.09"
"4,72 : 880.12"
"4,73 : 308.37"
"4,74 : 295.84"
"4,75 : 205.0"
"4,76 : 517.8"
"4,77 : 933.31"
"4,78 : 750.73"
"4,79 : 801.2"
"4,80 : 645.79"
"4,81 : 660.0"
"4,82 : 472.4"
"4,83 : 962.55"
"4,84 : 668.85"
"4,85 : 789.33"
"4,86 : 689.22"
"4,87 : 360.67"
"4,88 : 62.64"
"4,89 : 420.32"
"4,90 : 684.73"
"4,91 : 158.15"
"4,92 : 832.01"
"4,93 : 485.77"
"4,94 : 377.36"
"4,95 : 455.55"
"4,96 : 109.48"
"4,97 : 95.71"
"4,98 : 868.37"
"4,99 : 633.97"
"5,0 : 474.27"
"5,1 : 667.86"
"5,2 : 831.78"
"5,3 : 622.38"
"5,4 : 663.15"
"5,5 : 0.0"
"5,6 : 618.15"
"5,7 : 555.55"
"5,8 : 133.84"
"5,9 : 211.21"
"5,10 : 642.02"
"5,11 : 957.68"
"5,12 : 432.91"
"5,13 : 537.66"
"5,14 : 833.84"
"5,15 : 641.22"
"5,16 : 734.91"
"5,17 : 613.02"
"5,18 : 937.28"
"5,19 : 669.09"
"5,20 : 492.67"
"5,21 : 63.41"
"5,22 : 501.79"
"5,23 : 2.24"
"5,24 : 777.81"
"5,25 : 83.01"
"5,26 : 1040.42"
"5,27 : 473.03"
"5,28 : 206.71"
"5,29 : 547.17"
"5,30 : 709.25"
"5,31 : 616.44"
"5,32 : 144.4"
"5,33 : 659.83"
"5,34 : 477.65"
"5,35 : 693.28"
"5,36 : 690.5"
"5,37 : 686.03"
"5,38 : 350.02"
"5,39 : 550.46"
"5,40 : 668.92"
"5,41 : 143.21"
"5,42 : 772.07"
"5,43 : 720.58"
"5,44 : 261.2"
"5,45 : 250.41"
"5,46 : 357.76"
"5,47 : 77.67"
"5,48 : 820.27"
"5,49 : 650.7"
"5,50 : 295.26"
"5,51 : 347.28"
"5,52 : 302.01"
"5,53 : 187.62"
"5,54 : 461.1"
"5,55 : 133.69"
"5,56 : 477.22"
"5,57 : 727.62"
"5,58 : 108.78"
"5,59 : 579.57"
"5,60 : 888.92"
"5,61 : 644.06"
"5,62 : 863.26"
"5,63 : 464.62"
"5,64 : 413.85"
"5,65 : 816.9"
"5,66 : 98.88"
"5,67 : 713.12"
"5,68 : 380.94"
"5,69 : 774.02"
"5,70 : 512.6"
"5,71 : 650.82"
"5,72 : 264.32"
"5,73 : 598.82"
"5,74 : 368.91"
"5,75 : 517.46"
"5,76 : 778.81"
"5,77 : 325.44"
"5,78 : 423.9"
"5,79 : 138.76"
"5,80 : 330.06"
"5,81 : 266.56"
"5,82 : 241.87"
"5,83 : 300.98"
"5,84 : 611.69"
"5,85 : 722.06"
"5,86 : 403.71"
"5,87 : 460.44"
"5,88 : 642.96"
"5,89 : 434.0"
"5,90 : 331.43"
"5,91 : 621.59"
"5,92 : 308.48"
"5,93 : 734.07"
"5,94 : 660.46"
"5,95 : 223.08"
"5,96 : 710.83"
"5,97 : 649.94"
"5,98 : 764.77"
"5,99 : 105.48"
"6,0 : 292.1"
"6,1 : 738.33"
"6,2 : 518.32"
"6,3 : 31.62"
"6,4 : 130.59"
"6,5 : 618.15"
"6,6 : 0.0"
"6,7 : 728.15"
"6,8 : 484.49"
"6,9 : 434.75"
"6,10 : 217.79"
"6,11 : 348.59"
"6,12 : 378.62"
"6,13 : 94.58"
"6,14 : 696.72"
"6,15 : 214.8"
"6,16 : 407.42"
"6,17 : 339.31"
"6,18 : 348.11"
"6,19 : 301.94"
"6,20 : 415.58"
"6,21 : 609.12"
"6,22 : 267.31"
"6,23 : 617.3"
"6,24 : 644.89"
"6,25 : 568.07"
"6,26 : 425.38"
"6,27 : 476.87"
"6,28 : 544.83"
"6,29 : 294.15"
"6,30 : 134.13"
"6,31 : 571.22"
"6,32 : 589.14"
"6,33 : 512.15"
"6,34 : 380.13"
"6,35 : 287.9"
"6,36 : 242.69"
"6,37 : 174.9"
"6,38 : 425.41"
"6,39 : 331.28"
"6,40 : 678.04"
"6,41 : 477.41"
"6,42 : 220.64"
"6,43 : 581.23"
"6,44 : 415.78"
"6,45 : 524.22"
"6,46 : 763.22"
"6,47 : 551.55"
"6,48 : 391.69"
"6,49 : 485.73"
"6,50 : 549.98"
"6,51 : 409.0"
"6,52 : 845.66"
"6,53 : 447.53"
"6,54 : 513.85"
"6,55 : 609.01"
"6,56 : 426.78"
"6,57 : 221.11"
"6,58 : 714.19"
"6,59 : 646.88"
"6,60 : 293.23"
"6,61 : 118.98"
"6,62 : 245.39"
"6,63 : 381.01"
"6,64 : 234.68"
"6,65 : 761.08"
"6,66 : 526.81"
"6,67 : 520.71"
"6,68 : 244.6"
"6,69 : 503.44"
"6,70 : 643.13"
"6,71 : 143.95"
"6,72 : 808.5"
"6,73 : 403.41"
"6,74 : 277.06"
"6,75 : 105.39"
"6,76 : 394.82"
"6,77 : 857.55"
"6,78 : 641.33"
"6,79 : 751.75"
"6,80 : 544.43"
"6,81 : 568.3"
"6,82 : 467.11"
"6,83 : 909.09"
"6,84 : 540.62"
"6,85 : 659.49"
"6,86 : 579.52"
"6,87 : 245.65"
"6,88 : 179.3"
"6,89 : 469.9"
"6,90 : 584.2"
"6,91 : 29.0"
"6,92 : 744.4"
"6,93 : 359.93"
"6,94 : 481.78"
"6,95 : 435.59"
"6,96 : 98.01"
"6,97 : 214.52"
"6,98 : 738.73"
"6,99 : 609.68"
"7,0 : 811.05"
"7,1 : 132.0"
"7,2 : 522.04"
"7,3 : 754.01"
"7,4 : 846.09"
"7,5 : 555.55"
"7,6 : 728.15"
"7,7 : 0.0"
"7,8 : 534.08"
"7,9 : 630.65"
"7,10 : 893.72"
"7,11 : 934.0"
"7,12 : 351.57"
"7,13 : 639.23"
"7,14 : 376.95"
"7,15 : 575.56"
"7,16 : 499.78"
"7,17 : 948.82"
"7,18 : 873.81"
"7,19 : 962.58"
"7,20 : 901.67"
"7,21 : 492.2"
"7,22 : 819.13"
"7,23 : 553.34"
"7,24 : 343.01"
"7,25 : 608.31"
"7,26 : 1024.49"
"7,27 : 917.86"
"7,28 : 719.55"
"7,29 : 874.25"
"7,30 : 862.05"
"7,31 : 1069.29"
"7,32 : 411.81"
"7,33 : 324.22"
"7,34 : 348.9"
"7,35 : 561.01"
"7,36 : 936.85"
"7,37 : 888.03"
"7,38 : 334.91"
"7,39 : 899.08"
"7,40 : 1150.98"
"7,41 : 517.01"
"7,42 : 721.01"
"7,43 : 326.44"
"7,44 : 680.4"
"7,45 : 330.98"
"7,46 : 265.61"
"7,47 : 506.26"
"7,48 : 621.54"
"7,49 : 1053.0"
"7,50 : 277.58"
"7,51 : 352.98"
"7,52 : 449.49"
"7,53 : 476.15"
"7,54 : 926.03"
"7,55 : 422.17"
"7,56 : 895.34"
"7,57 : 937.92"
"7,58 : 534.39"
"7,59 : 113.28"
"7,60 : 851.59"
"7,61 : 828.57"
"7,62 : 919.07"
"7,63 : 347.21"
"7,64 : 690.39"
"7,65 : 310.09"
"7,66 : 576.3"
"7,67 : 372.7"
"7,68 : 637.22"
"7,69 : 460.35"
"7,70 : 85.02"
"7,71 : 849.57"
"7,72 : 442.95"
"7,73 : 974.72"
"7,74 : 672.44"
"7,75 : 641.44"
"7,76 : 563.85"
"7,77 : 435.0"
"7,78 : 134.36"
"7,79 : 563.6"
"7,80 : 251.59"
"7,81 : 296.3"
"7,82 : 703.6"
"7,83 : 610.47"
"7,84 : 252.03"
"7,85 : 260.03"
"7,86 : 178.06"
"7,87 : 485.45"
"7,88 : 869.12"
"7,89 : 882.7"
"7,90 : 232.09"
"7,91 : 708.91"
"7,92 : 305.81"
"7,93 : 541.41"
"7,94 : 1057.54"
"7,95 : 650.31"
"7,96 : 816.36"
"7,97 : 896.33"
"7,98 : 255.65"
"7,99 : 653.93"
"8,0 : 364.19"
"8,1 : 628.56"
"8,2 : 727.52"
"8,3 : 489.33"
"8,4 : 533.98"
"8,5 : 133.84"
"8,6 : 484.49"
"8,7 : 534.08"
"8,8 : 0.0"
"8,9 : 110.32"
"8,10 : 520.78"
"8,11 : 824.09"
"8,12 : 331.59"
"8,13 : 403.97"
"8,14 : 759.5"
"8,15 : 514.65"
"8,16 : 624.08"
"8,17 : 508.56"
"8,18 : 804.91"
"8,19 : 556.32"
"8,20 : 408.49"
"8,21 : 133.82"
"8,22 : 388.1"
"8,23 : 132.91"
"8,24 : 701.23"
"8,25 : 106.0"
"8,26 : 906.61"
"8,27 : 405.22"
"8,28 : 187.45"
"8,29 : 437.93"
"8,30 : 578.51"
"8,31 : 556.6"
"8,32 : 158.15"
"8,33 : 572.12"
"8,34 : 376.49"
"8,35 : 571.29"
"8,36 : 569.74"
"8,37 : 559.26"
"8,38 : 259.99"
"8,39 : 447.27"
"8,40 : 626.63"
"8,41 : 18.79"
"8,42 : 640.95"
"8,43 : 639.11"
"8,44 : 166.6"
"8,45 : 203.22"
"8,46 : 396.57"
"8,47 : 73.01"
"8,48 : 700.85"
"8,49 : 568.96"
"8,50 : 256.53"
"8,51 : 251.64"
"8,52 : 398.28"
"8,53 : 73.25"
"8,54 : 404.45"
"8,55 : 167.0"
"8,56 : 396.42"
"8,57 : 602.72"
"8,58 : 232.8"
"8,59 : 531.61"
"8,60 : 755.97"
"8,61 : 514.64"
"8,62 : 729.72"
"8,63 : 363.82"
"8,64 : 287.31"
"8,65 : 758.11"
"8,66 : 58.14"
"8,67 : 621.51"
"8,68 : 250.0"
"8,69 : 673.42"
"8,70 : 474.18"
"8,71 : 522.92"
"8,72 : 358.99"
"8,73 : 506.01"
"8,74 : 244.25"
"8,75 : 383.63"
"8,76 : 663.0"
"8,77 : 417.38"
"8,78 : 400.14"
"8,79 : 268.49"
"8,80 : 284.99"
"8,81 : 240.47"
"8,82 : 173.99"
"8,83 : 428.81"
"8,84 : 534.63"
"8,85 : 656.09"
"8,86 : 362.17"
"8,87 : 335.44"
"8,88 : 518.06"
"8,89 : 366.95"
"8,90 : 302.35"
"8,91 : 487.74"
"8,92 : 354.99"
"8,93 : 617.43"
"8,94 : 577.0"
"8,95 : 128.86"
"8,96 : 577.71"
"8,97 : 528.1"
"8,98 : 709.46"
"8,99 : 160.15"
"9,0 : 263.49"
"9,1 : 715.73"
"9,2 : 759.2"
"9,3 : 432.95"
"9,4 : 460.37"
"9,5 : 211.21"
"9,6 : 434.75"
"9,7 : 630.65"
"9,8 : 110.32"
"9,9 : 0.0"
"9,10 : 431.86"
"9,11 : 782.67"
"9,12 : 381.09"
"9,13 : 368.49"
"9,14 : 821.63"
"9,15 : 510.73"
"9,16 : 648.6"
"9,17 : 404.6"
"9,18 : 773.62"
"9,19 : 458.13"
"9,20 : 298.32"
"9,21 : 234.1"
"9,22 : 290.59"
"9,23 : 211.29"
"9,24 : 762.42"
"9,25 : 140.72"
"9,26 : 859.91"
"9,27 : 295.99"
"9,28 : 127.48"
"9,29 : 336.79"
"9,30 : 509.45"
"9,31 : 447.94"
"9,32 : 268.43"
"9,33 : 625.93"
"9,34 : 423.33"
"9,35 : 577.01"
"9,36 : 480.05"
"9,37 : 479.64"
"9,38 : 327.2"
"9,39 : 342.44"
"9,40 : 521.97"
"9,41 : 121.84"
"9,42 : 618.26"
"9,43 : 697.22"
"9,44 : 56.32"
"9,45 : 301.68"
"9,46 : 506.76"
"9,47 : 176.41"
"9,48 : 709.0"
"9,49 : 458.84"
"9,50 : 354.68"
"9,51 : 314.27"
"9,52 : 501.26"
"9,53 : 154.51"
"9,54 : 297.85"
"9,55 : 276.46"
"9,56 : 286.1"
"9,57 : 519.29"
"9,58 : 319.62"
"9,59 : 615.92"
"9,60 : 721.4"
"9,61 : 441.94"
"9,62 : 674.89"
"9,63 : 411.83"
"9,64 : 210.89"
"9,65 : 831.9"
"9,66 : 112.72"
"9,67 : 670.18"
"9,68 : 190.18"
"9,69 : 710.77"
"9,70 : 564.67"
"9,71 : 446.13"
"9,72 : 462.13"
"9,73 : 397.5"
"9,74 : 164.88"
"9,75 : 344.48"
"9,76 : 678.56"
"9,77 : 521.85"
"9,78 : 498.46"
"9,79 : 349.32"
"9,80 : 379.08"
"9,81 : 343.46"
"9,82 : 75.29"
"9,83 : 511.42"
"9,84 : 599.05"
"9,85 : 726.41"
"9,86 : 454.49"
"9,87 : 344.31"
"9,88 : 435.0"
"9,89 : 258.19"
"9,90 : 401.82"
"9,91 : 444.13"
"9,92 : 465.28"
"9,93 : 632.53"
"9,94 : 467.03"
"9,95 : 19.72"
"9,96 : 520.46"
"9,97 : 440.01"
"9,98 : 786.21"
"9,99 : 175.65"
"10,0 : 182.12"
"10,1 : 924.31"
"10,2 : 736.11"
"10,3 : 186.72"
"10,4 : 102.32"
"10,5 : 642.02"
"10,6 : 217.79"
"10,7 : 893.72"
"10,8 : 520.78"
"10,9 : 431.86"
"10,10 : 0.0"
"10,11 : 470.11"
"10,12 : 544.93"
"10,13 : 272.35"
"10,14 : 908.66"
"10,15 : 431.7"
"10,16 : 624.75"
"10,17 : 136.5"
"10,18 : 501.26"
"10,19 : 84.15"
"10,20 : 263.74"
"10,21 : 654.6"
"10,22 : 149.28"
"10,23 : 641.92"
"10,24 : 854.94"
"10,25 : 571.62"
"10,26 : 518.74"
"10,27 : 330.65"
"10,28 : 502.05"
"10,29 : 130.17"
"10,30 : 148.49"
"10,31 : 382.69"
"10,32 : 661.86"
"10,33 : 717.72"
"10,34 : 559.28"
"10,35 : 505.66"
"10,36 : 49.04"
"10,37 : 78.06"
"10,38 : 565.15"
"10,39 : 158.47"
"10,40 : 488.0"
"10,41 : 521.62"
"10,42 : 419.72"
"10,43 : 789.5"
"10,44 : 388.8"
"10,45 : 632.23"
"10,46 : 874.27"
"10,47 : 593.78"
"10,48 : 606.01"
"10,49 : 281.44"
"10,50 : 671.19"
"10,51 : 547.0"
"10,52 : 916.39"
"10,53 : 513.88"
"10,54 : 371.97"
"10,55 : 677.37"
"10,56 : 281.16"
"10,57 : 94.3"
"10,58 : 749.25"
"10,59 : 827.16"
"10,60 : 446.36"
"10,61 : 103.46"
"10,62 : 329.39"
"10,63 : 556.59"
"10,64 : 235.94"
"10,65 : 966.57"
"10,66 : 543.16"
"10,67 : 732.01"
"10,68 : 283.21"
"10,69 : 720.08"
"10,70 : 810.19"
"10,71 : 80.5"
"10,72 : 877.26"
"10,73 : 208.03"
"10,74 : 276.7"
"10,75 : 260.91"
"10,76 : 612.21"
"10,77 : 933.51"
"10,78 : 788.23"
"10,79 : 780.67"
"10,80 : 676.02"
"10,81 : 680.04"
"10,82 : 427.85"
"10,83 : 942.91"
"10,84 : 736.77"
"10,85 : 861.86"
"10,86 : 728.01"
"10,87 : 414.84"
"10,88 : 40.31"
"10,89 : 340.19"
"10,90 : 713.28"
"10,91 : 246.78"
"10,92 : 844.87"
"10,93 : 577.73"
"10,94 : 275.05"
"10,95 : 422.96"
"10,96 : 211.57"
"10,97 : 9.85"
"10,98 : 939.67"
"10,99 : 597.55"
"11,0 : 616.89"
"11,1 : 896.59"
"11,2 : 516.14"
"11,3 : 355.51"
"11,4 : 376.04"
"11,5 : 957.68"
"11,6 : 348.59"
"11,7 : 934.0"
"11,8 : 824.09"
"11,9 : 782.67"
"11,10 : 470.11"
"11,11 : 0.0"
"11,12 : 629.59"
"11,13 : 420.19"
"11,14 : 752.42"
"11,15 : 367.19"
"11,16 : 460.3"
"11,17 : 605.07"
"11,18 : 78.75"
"11,19 : 534.47"
"11,20 : 726.57"
"11,21 : 941.1"
"11,22 : 586.26"
"11,23 : 956.62"
"11,24 : 720.43"
"11,25 : 913.41"
"11,26 : 91.3"
"11,27 : 792.75"
"11,28 : 893.16"
"11,29 : 592.22"
"11,30 : 323.19"
"11,31 : 851.33"
"11,32 : 908.28"
"11,33 : 634.05"
"11,34 : 608.17"
"11,35 : 373.47"
"11,36 : 456.45"
"11,37 : 392.22"
"11,38 : 703.76"
"11,39 : 625.42"
"11,40 : 955.04"
"11,41 : 814.78"
"11,42 : 215.18"
"11,43 : 677.06"
"11,44 : 764.2"
"11,45 : 822.66"
"11,46 : 1042.8"
"11,47 : 886.8"
"11,48 : 356.24"
"11,49 : 743.62"
"11,50 : 834.09"
"11,51 : 691.57"
"11,52 : 1155.8"
"11,53 : 777.75"
"11,54 : 832.99"
"11,55 : 929.71"
"11,56 : 741.8"
"11,57 : 397.03"
"11,58 : 1047.46"
"11,59 : 829.49"
"11,60 : 82.46"
"11,61 : 385.75"
"11,62 : 143.38"
"11,63 : 615.69"
"11,64 : 582.16"
"11,65 : 847.31"
"11,66 : 870.37"
"11,67 : 609.39"
"11,68 : 592.56"
"11,69 : 544.09"
"11,70 : 854.31"
"11,71 : 398.85"
"11,72 : 1121.18"
"11,73 : 677.12"
"11,74 : 625.41"
"11,75 : 441.49"
"11,76 : 404.45"
"11,77 : 1163.58"
"11,78 : 886.12"
"11,79 : 1086.59"
"11,80 : 818.03"
"11,81 : 859.94"
"11,82 : 815.24"
"11,83 : 1238.78"
"11,84 : 693.84"
"11,85 : 771.87"
"11,86 : 828.08"
"11,87 : 524.55"
"11,88 : 435.11"
"11,89 : 794.51"
"11,90 : 856.92"
"11,91 : 338.88"
"11,92 : 1035.11"
"11,93 : 407.22"
"11,94 : 734.98"
"11,95 : 784.04"
"11,96 : 276.37"
"11,97 : 461.21"
"11,98 : 847.6"
"11,99 : 956.83"
"12,0 : 484.53"
"12,1 : 383.42"
"12,2 : 399.08"
"12,3 : 403.36"
"12,4 : 494.54"
"12,5 : 432.91"
"12,6 : 378.62"
"12,7 : 351.57"
"12,8 : 331.59"
"12,9 : 381.09"
"12,10 : 544.93"
"12,11 : 629.59"
"12,12 : 0.0"
"12,13 : 288.02"
"12,14 : 441.62"
"12,15 : 263.93"
"12,16 : 304.03"
"12,17 : 612.26"
"12,18 : 584.11"
"12,19 : 617.22"
"12,20 : 592.37"
"12,21 : 387.83"
"12,22 : 486.24"
"12,23 : 430.98"
"12,24 : 382.27"
"12,25 : 436.48"
"12,26 : 720.57"
"12,27 : 623.69"
"12,28 : 502.46"
"12,29 : 539.79"
"12,30 : 511.82"
"12,31 : 767.62"
"12,32 : 324.45"
"12,33 : 244.9"
"12,34 : 45.1"
"12,35 : 287.25"
"12,36 : 586.76"
"12,37 : 536.49"
"12,38 : 88.02"
"12,39 : 568.8"
"12,40 : 861.4"
"12,41 : 313.54"
"12,42 : 416.2"
"12,43 : 316.36"
"12,44 : 413.4"
"12,45 : 213.77"
"12,46 : 413.42"
"12,47 : 356.2"
"12,48 : 400.98"
"12,49 : 730.66"
"12,50 : 209.78"
"12,51 : 86.15"
"12,52 : 541.24"
"12,53 : 258.66"
"12,54 : 642.13"
"12,55 : 346.59"
"12,56 : 590.6"
"12,57 : 586.37"
"12,58 : 485.03"
"12,59 : 283.73"
"12,60 : 548.92"
"12,61 : 477.01"
"12,62 : 587.22"
"12,63 : 32.25"
"12,64 : 360.51"
"12,65 : 462.46"
"12,66 : 389.49"
"12,67 : 291.08"
"12,68 : 310.41"
"12,69 : 342.71"
"12,70 : 266.91"
"12,71 : 498.13"
"12,72 : 510.71"
"12,73 : 647.84"
"12,74 : 354.83"
"12,75 : 289.91"
"12,76 : 353.29"
"12,77 : 544.82"
"12,78 : 265.52"
"12,79 : 525.68"
"12,80 : 189.38"
"12,81 : 240.0"
"12,82 : 454.48"
"12,83 : 652.97"
"12,84 : 223.23"
"12,85 : 354.38"
"12,86 : 204.28"
"12,87 : 134.0"
"12,88 : 518.68"
"12,89 : 594.3"
"12,90 : 227.61"
"12,91 : 361.37"
"12,92 : 408.86"
"12,93 : 311.08"
"12,94 : 733.16"
"12,95 : 397.59"
"12,96 : 470.21"
"12,97 : 546.97"
"12,98 : 422.8"
"12,99 : 490.93"
"13,0 : 286.25"
"13,1 : 657.12"
"13,2 : 484.99"
"13,3 : 115.85"
"13,4 : 207.63"
"13,5 : 537.66"
"13,6 : 94.58"
"13,7 : 639.23"
"13,8 : 403.97"
"13,9 : 368.49"
"13,10 : 272.35"
"13,11 : 420.19"
"13,12 : 288.02"
"13,13 : 0.0"
"13,14 : 638.91"
"13,15 : 181.57"
"13,16 : 369.01"
"13,17 : 371.38"
"13,18 : 405.48"
"13,19 : 352.94"
"13,20 : 412.98"
"13,21 : 523.69"
"13,22 : 270.3"
"13,23 : 536.64"
"13,24 : 584.1"
"13,25 : 494.35"
"13,26 : 503.04"
"13,27 : 467.17"
"13,28 : 487.28"
"13,29 : 311.42"
"13,30 : 224.51"
"13,31 : 581.56"
"13,32 : 498.82"
"13,33 : 445.66"
"13,34 : 294.02"
"13,35 : 259.42"
"13,36 : 308.08"
"13,37 : 250.71"
"13,38 : 331.1"
"13,39 : 347.41"
"13,40 : 686.6"
"13,41 : 395.03"
"13,42 : 251.87"
"13,43 : 518.02"
"13,44 : 359.49"
"13,45 : 430.22"
"13,46 : 668.69"
"13,47 : 467.85"
"13,48 : 382.01"
"13,49 : 511.31"
"13,50 : 455.41"
"13,51 : 314.56"
"13,52 : 754.02"
"13,53 : 360.67"
"13,54 : 499.89"
"13,55 : 519.19"
"13,56 : 420.24"
"13,57 : 300.1"
"13,58 : 629.65"
"13,59 : 562.74"
"13,60 : 354.19"
"13,61 : 191.05"
"13,62 : 332.96"
"13,63 : 293.44"
"13,64 : 192.94"
"13,65 : 694.29"
"13,66 : 450.54"
"13,67 : 462.4"
"13,68 : 183.0"
"13,69 : 459.37"
"13,70 : 554.33"
"13,71 : 213.69"
"13,72 : 717.28"
"13,73 : 425.98"
"13,74 : 226.32"
"13,75 : 26.02"
"13,76 : 371.21"
"13,77 : 765.25"
"13,78 : 548.43"
"13,79 : 668.15"
"13,80 : 450.0"
"13,81 : 473.97"
"13,82 : 412.07"
"13,83 : 823.15"
"13,84 : 465.24"
"13,85 : 589.53"
"13,86 : 486.63"
"13,87 : 154.05"
"13,88 : 239.94"
"13,89 : 452.65"
"13,90 : 489.74"
"13,91 : 87.01"
"13,92 : 650.29"
"13,93 : 329.97"
"13,94 : 509.75"
"13,95 : 372.69"
"13,96 : 192.01"
"13,97 : 272.12"
"13,98 : 667.49"
"13,99 : 539.61"
"14,0 : 900.88"
"14,1 : 255.95"
"14,2 : 239.01"
"14,3 : 728.21"
"14,4 : 827.15"
"14,5 : 833.84"
"14,6 : 696.72"
"14,7 : 376.95"
"14,8 : 759.5"
"14,9 : 821.63"
"14,10 : 908.66"
"14,11 : 752.42"
"14,12 : 441.62"
"14,13 : 638.91"
"14,14 : 0.0"
"14,15 : 484.81"
"14,16 : 305.66"
"14,17 : 1008.26"
"14,18 : 677.0"
"14,19 : 990.99"
"14,20 : 1019.06"
"14,21 : 776.31"
"14,22 : 894.66"
"14,23 : 831.65"
"14,24 : 59.36"
"14,25 : 858.68"
"14,26 : 832.22"
"14,27 : 1057.46"
"14,28 : 939.75"
"14,29 : 943.0"
"14,30 : 818.65"
"14,31 : 1195.03"
"14,32 : 696.86"
"14,33 : 201.42"
"14,34 : 402.19"
"14,35 : 423.25"
"14,36 : 938.8"
"14,37 : 871.27"
"14,38 : 499.88"
"14,39 : 976.7"
"14,40 : 1293.49"
"14,41 : 740.74"
"14,42 : 575.95"
"14,43 : 126.66"
"14,44 : 855.0"
"14,45 : 583.59"
"14,46 : 630.47"
"14,47 : 764.73"
"14,48 : 396.18"
"14,49 : 1142.3"
"14,50 : 542.85"
"14,51 : 510.0"
"14,52 : 812.18"
"14,53 : 687.01"
"14,54 : 1079.13"
"14,55 : 714.81"
"14,56 : 1020.05"
"14,57 : 915.49"
"14,58 : 849.79"
"14,59 : 283.43"
"14,60 : 678.4"
"14,61 : 815.41"
"14,62 : 795.51"
"14,63 : 412.43"
"14,64 : 780.21"
"14,65 : 106.44"
"14,66 : 814.96"
"14,67 : 176.67"
"14,68 : 736.3"
"14,69 : 210.92"
"14,70 : 356.82"
"14,71 : 840.24"
"14,72 : 798.41"
"14,73 : 1056.92"
"14,74 : 784.88"
"14,75 : 655.26"
"14,76 : 350.77"
"14,77 : 801.49"
"14,78 : 451.69"
"14,79 : 885.99"
"14,80 : 507.34"
"14,81 : 575.46"
"14,82 : 895.66"
"14,83 : 965.63"
"14,84 : 224.88"
"14,85 : 120.81"
"14,86 : 442.47"
"14,87 : 524.77"
"14,88 : 873.02"
"14,89 : 1030.64"
"14,90 : 517.33"
"14,91 : 669.04"
"14,92 : 661.4"
"14,93 : 361.39"
"14,94 : 1142.41"
"14,95 : 838.62"
"14,96 : 753.18"
"14,97 : 907.17"
"14,98 : 138.11"
"14,99 : 912.01"
"15,0 : 467.8"
"15,1 : 558.15"
"15,2 : 306.53"
"15,3 : 246.4"
"15,4 : 343.93"
"15,5 : 641.22"
"15,6 : 214.8"
"15,7 : 575.56"
"15,8 : 514.65"
"15,9 : 510.73"
"15,10 : 431.7"
"15,11 : 367.19"
"15,12 : 263.93"
"15,13 : 181.57"
"15,14 : 484.81"
"15,15 : 0.0"
"15,16 : 193.15"
"15,17 : 545.7"
"15,18 : 320.32"
"15,19 : 515.63"
"15,20 : 594.47"
"15,21 : 611.34"
"15,22 : 451.49"
"15,23 : 639.73"
"15,24 : 435.27"
"15,25 : 616.77"
"15,26 : 458.45"
"15,27 : 647.71"
"15,28 : 636.76"
"15,29 : 490.41"
"15,30 : 333.95"
"15,31 : 762.81"
"15,32 : 564.44"
"15,33 : 310.65"
"15,34 : 241.0"
"15,35 : 77.9"
"15,36 : 457.32"
"15,37 : 387.64"
"15,38 : 343.01"
"15,39 : 526.97"
"15,40 : 868.08"
"15,41 : 500.91"
"15,42 : 152.55"
"15,43 : 374.46"
"15,44 : 515.19"
"15,45 : 466.84"
"15,46 : 677.22"
"15,47 : 564.77"
"15,48 : 203.96"
"15,49 : 689.0"
"15,50 : 471.87"
"15,51 : 333.02"
"15,52 : 800.08"
"15,53 : 453.65"
"15,54 : 679.34"
"15,55 : 586.66"
"15,56 : 601.4"
"15,57 : 430.89"
"15,58 : 716.24"
"15,59 : 478.01"
"15,60 : 285.7"
"15,61 : 333.64"
"15,62 : 345.08"
"15,63 : 248.57"
"15,64 : 368.13"
"15,65 : 555.75"
"15,66 : 569.31"
"15,67 : 310.67"
"15,68 : 345.49"
"15,69 : 288.64"
"15,70 : 493.19"
"15,71 : 358.64"
"15,72 : 767.5"
"15,73 : 604.27"
"15,74 : 394.26"
"15,75 : 205.51"
"15,76 : 189.65"
"15,77 : 805.53"
"15,78 : 519.27"
"15,79 : 756.84"
"15,80 : 453.26"
"15,81 : 499.95"
"15,82 : 567.03"
"15,83 : 898.65"
"15,84 : 353.01"
"15,85 : 459.31"
"15,86 : 460.91"
"15,87 : 180.94"
"15,88 : 393.88"
"15,89 : 631.51"
"15,90 : 491.51"
"15,91 : 186.23"
"15,92 : 672.25"
"15,93 : 149.26"
"15,94 : 686.57"
"15,95 : 519.6"
"15,96 : 270.07"
"15,97 : 428.92"
"15,98 : 539.13"
"15,99 : 667.71"
"16,0 : 652.01"
"16,1 : 441.49"
"16,2 : 116.85"
"16,3 : 438.91"
"16,4 : 535.2"
"16,5 : 734.91"
"16,6 : 407.42"
"16,7 : 499.78"
"16,8 : 624.08"
"16,9 : 648.6"
"16,10 : 624.75"
"16,11 : 460.3"
"16,12 : 304.03"
"16,13 : 369.01"
"16,14 : 305.66"
"16,15 : 193.15"
"16,16 : 0.0"
"16,17 : 737.87"
"16,18 : 390.08"
"16,19 : 708.73"
"16,20 : 777.42"
"16,21 : 691.71"
"16,22 : 638.59"
"16,23 : 733.05"
"16,24 : 264.71"
"16,25 : 730.07"
"16,26 : 546.05"
"16,27 : 826.53"
"16,28 : 775.84"
"16,29 : 680.34"
"16,30 : 520.33"
"16,31 : 949.12"
"16,32 : 627.63"
"16,33 : 179.51"
"16,34 : 261.01"
"16,35 : 121.26"
"16,36 : 649.29"
"16,37 : 578.33"
"16,38 : 391.22"
"16,39 : 716.42"
"16,40 : 1053.11"
"16,41 : 607.27"
"16,42 : 270.93"
"16,43 : 216.83"
"16,44 : 665.31"
"16,45 : 513.87"
"16,46 : 672.43"
"16,47 : 657.52"
"16,48 : 121.76"
"16,49 : 879.92"
"16,50 : 498.23"
"16,51 : 390.08"
"16,52 : 826.5"
"16,53 : 553.71"
"16,54 : 855.27"
"16,55 : 649.58"
"16,56 : 782.57"
"16,57 : 619.65"
"16,58 : 788.74"
"16,59 : 388.1"
"16,60 : 381.69"
"16,61 : 525.84"
"16,62 : 490.6"
"16,63 : 273.84"
"16,64 : 542.92"
"16,65 : 391.31"
"16,66 : 682.03"
"16,67 : 149.09"
"16,68 : 510.66"
"16,69 : 97.95"
"16,70 : 430.33"
"16,71 : 550.83"
"16,72 : 800.07"
"16,73 : 794.77"
"16,74 : 561.18"
"16,75 : 390.61"
"16,76 : 64.07"
"16,77 : 825.63"
"16,78 : 489.94"
"16,79 : 829.29"
"16,80 : 469.13"
"16,81 : 531.79"
"16,82 : 714.29"
"16,83 : 951.13"
"16,84 : 248.16"
"16,85 : 311.58"
"16,86 : 444.3"
"16,87 : 305.88"
"16,88 : 586.69"
"16,89 : 806.62"
"16,90 : 499.74"
"16,91 : 378.61"
"16,92 : 682.0"
"16,93 : 55.9"
"16,94 : 877.96"
"16,95 : 661.25"
"16,96 : 452.36"
"16,97 : 621.83"
"16,98 : 387.68"
"16,99 : 784.01"
"17,0 : 146.03"
"17,1 : 995.65"
"17,2 : 852.23"
"17,3 : 310.46"
"17,4 : 237.78"
"17,5 : 613.02"
"17,6 : 339.31"
"17,7 : 948.82"
"17,8 : 508.56"
"17,9 : 404.6"
"17,10 : 136.5"
"17,11 : 605.07"
"17,12 : 612.26"
"17,13 : 371.38"
"17,14 : 1008.26"
"17,15 : 545.7"
"17,16 : 737.87"
"17,17 : 0.0"
"17,18 : 637.73"
"17,19 : 81.02"
"17,20 : 154.3"
"17,21 : 638.38"
"17,22 : 130.42"
"17,23 : 613.39"
"17,24 : 952.25"
"17,25 : 534.57"
"17,26 : 649.49"
"17,27 : 216.78"
"17,28 : 441.19"
"17,29 : 75.13"
"17,30 : 284.9"
"17,31 : 246.48"
"17,32 : 662.37"
"17,33 : 811.31"
"17,34 : 634.77"
"17,35 : 622.35"
"17,36 : 152.32"
"17,37 : 213.24"
"17,38 : 614.0"
"17,39 : 62.63"
"17,40 : 351.51"
"17,41 : 514.28"
"17,42 : 551.44"
"17,43 : 885.2"
"17,44 : 351.92"
"17,45 : 656.84"
"17,46 : 891.03"
"17,47 : 579.41"
"17,48 : 730.99"
"17,49 : 147.17"
"17,50 : 702.32"
"17,51 : 595.88"
"17,52 : 905.47"
"17,53 : 521.02"
"17,54 : 257.5"
"17,55 : 674.3"
"17,56 : 174.0"
"17,57 : 213.71"
"17,58 : 721.77"
"17,59 : 895.39"
"17,60 : 582.86"
"17,61 : 235.72"
"17,62 : 463.11"
"17,63 : 629.68"
"17,64 : 258.79"
"17,65 : 1057.0"
"17,66 : 516.42"
"17,67 : 832.37"
"17,68 : 312.14"
"17,69 : 830.2"
"17,70 : 868.36"
"17,71 : 215.13"
"17,72 : 866.25"
"17,73 : 72.06"
"17,74 : 283.49"
"17,75 : 353.27"
"17,76 : 732.0"
"17,77 : 925.47"
"17,78 : 832.26"
"17,79 : 748.08"
"17,80 : 713.75"
"17,81 : 704.56"
"17,82 : 377.12"
"17,83 : 908.05"
"17,84 : 820.62"
"17,85 : 949.89"
"17,86 : 775.14"
"17,87 : 492.72"
"17,88 : 175.15"
"17,89 : 237.12"
"17,90 : 747.74"
"17,91 : 367.78"
"17,92 : 855.49"
"17,93 : 694.53"
"17,94 : 142.52"
"17,95 : 390.55"
"17,96 : 347.25"
"17,97 : 144.68"
"17,98 : 1025.22"
"17,99 : 548.85"
"18,0 : 631.97"
"18,1 : 829.81"
"18,2 : 439.6"
"18,3 : 361.69"
"18,4 : 401.76"
"18,5 : 937.28"
"18,6 : 348.11"
"18,7 : 873.81"
"18,8 : 804.91"
"18,9 : 773.62"
"18,10 : 501.26"
"18,11 : 78.75"
"18,12 : 584.11"
"18,13 : 405.48"
"18,14 : 677.0"
"18,15 : 320.32"
"18,16 : 390.08"
"18,17 : 637.73"
"18,18 : 0.0"
"18,19 : 572.41"
"18,20 : 748.13"
"18,21 : 915.84"
"18,22 : 603.24"
"18,23 : 936.06"
"18,24 : 646.86"
"18,25 : 898.97"
"18,26 : 156.28"
"18,27 : 813.0"
"18,28 : 889.6"
"18,29 : 616.11"
"18,30 : 352.85"
"18,31 : 883.84"
"18,32 : 877.07"
"18,33 : 566.76"
"18,34 : 558.62"
"18,35 : 313.51"
"18,36 : 494.66"
"18,37 : 425.21"
"18,38 : 662.73"
"18,39 : 651.08"
"18,40 : 989.24"
"18,41 : 794.1"
"18,42 : 169.85"
"18,43 : 605.98"
"18,44 : 760.66"
"18,45 : 785.07"
"18,46 : 997.02"
"18,47 : 864.01"
"18,48 : 281.22"
"18,49 : 780.64"
"18,50 : 792.07"
"18,51 : 651.95"
"18,52 : 1118.82"
"18,53 : 753.34"
"18,54 : 852.15"
"18,55 : 898.94"
"18,56 : 762.0"
"18,57 : 438.29"
"18,58 : 1022.12"
"18,59 : 766.94"
"18,60 : 56.01"
"18,61 : 408.03"
"18,62 : 193.46"
"18,63 : 567.22"
"18,64 : 582.09"
"18,65 : 773.43"
"18,66 : 854.2"
"18,67 : 538.8"
"18,68 : 585.38"
"18,69 : 470.23"
"18,70 : 796.04"
"18,71 : 424.84"
"18,72 : 1085.42"
"18,73 : 709.22"
"18,74 : 622.93"
"18,75 : 429.14"
"18,76 : 331.8"
"18,77 : 1125.02"
"18,78 : 833.85"
"18,79 : 1061.98"
"18,80 : 773.49"
"18,81 : 819.7"
"18,82 : 812.72"
"18,83 : 1210.23"
"18,84 : 629.36"
"18,85 : 701.17"
"18,86 : 777.48"
"18,87 : 490.0"
"18,88 : 463.58"
"18,89 : 811.04"
"18,90 : 811.53"
"18,91 : 332.42"
"18,92 : 992.56"
"18,93 : 338.9"
"18,94 : 772.97"
"18,95 : 776.95"
"18,96 : 294.44"
"18,97 : 493.1"
"18,98 : 775.74"
"18,99 : 944.98"
"19,0 : 194.86"
"19,1 : 999.07"
"19,2 : 820.25"
"19,3 : 270.87"
"19,4 : 182.85"
"19,5 : 669.09"
"19,6 : 301.94"
"19,7 : 962.58"
"19,8 : 556.32"
"19,9 : 458.13"
"19,10 : 84.15"
"19,11 : 534.47"
"19,12 : 617.22"
"19,13 : 352.94"
"19,14 : 990.99"
"19,15 : 515.63"
"19,16 : 708.73"
"19,17 : 81.02"
"19,18 : 572.41"
"19,19 : 0.0"
"19,20 : 233.53"
"19,21 : 688.9"
"19,22 : 168.29"
"19,23 : 669.26"
"19,24 : 936.77"
"19,25 : 593.57"
"19,26 : 574.11"
"19,27 : 297.32"
"19,28 : 508.83"
"19,29 : 123.17"
"19,30 : 221.92"
"19,31 : 319.06"
"19,32 : 705.09"
"19,33 : 798.56"
"19,34 : 634.48"
"19,35 : 589.79"
"19,36 : 78.09"
"19,37 : 148.93"
"19,38 : 630.35"
"19,39 : 132.25"
"19,40 : 421.0"
"19,41 : 559.79"
"19,42 : 501.12"
"19,43 : 870.92"
"19,44 : 408.93"
"19,45 : 687.12"
"19,46 : 926.43"
"19,47 : 628.72"
"19,48 : 689.55"
"19,49 : 209.16"
"19,50 : 729.27"
"19,51 : 612.11"
"19,52 : 954.59"
"19,53 : 559.46"
"19,54 : 338.24"
"19,55 : 718.82"
"19,56 : 252.98"
"19,57 : 138.13"
"19,58 : 777.69"
"19,59 : 900.69"
"19,60 : 518.68"
"19,61 : 186.64"
"19,62 : 391.37"
"19,63 : 630.97"
"19,64 : 284.21"
"19,65 : 1046.95"
"19,66 : 570.85"
"19,67 : 814.32"
"19,68 : 336.0"
"19,69 : 803.85"
"19,70 : 880.03"
"19,71 : 162.63"
"19,72 : 915.3"
"19,73 : 149.05"
"19,74 : 318.2"
"19,75 : 339.45"
"19,76 : 696.31"
"19,77 : 973.3"
"19,78 : 852.37"
"19,79 : 806.29"
"19,80 : 737.05"
"19,81 : 735.13"
"19,82 : 440.25"
"19,83 : 967.68"
"19,84 : 815.08"
"19,85 : 941.51"
"19,86 : 793.23"
"19,87 : 490.08"
"19,88 : 123.56"
"19,89 : 315.85"
"19,90 : 773.04"
"19,91 : 330.93"
"19,92 : 893.95"
"19,93 : 661.87"
"19,94 : 200.82"
"19,95 : 446.18"
"19,96 : 289.8"
"19,97 : 88.24"
"19,98 : 1018.76"
"19,99 : 612.64"
"20,0 : 126.85"
"20,1 : 967.24"
"20,2 : 894.23"
"20,3 : 393.3"
"20,4 : 350.56"
"20,5 : 492.67"
"20,6 : 415.58"
"20,7 : 901.67"
"20,8 : 408.49"
"20,9 : 298.32"
"20,10 : 263.74"
"20,11 : 726.57"
"20,12 : 592.37"
"20,13 : 412.98"
"20,14 : 1019.06"
"20,15 : 594.47"
"20,16 : 777.42"
"20,17 : 154.3"
"20,18 : 748.13"
"20,19 : 233.53"
"20,20 : 0.0"
"20,21 : 528.09"
"20,22 : 148.28"
"20,23 : 493.42"
"20,24 : 960.67"
"20,25 : 410.56"
"20,26 : 780.84"
"20,27 : 66.94"
"20,28 : 302.65"
"20,29 : 134.97"
"20,30 : 404.11"
"20,31 : 176.07"
"20,32 : 566.63"
"20,33 : 817.81"
"20,34 : 623.85"
"20,35 : 672.22"
"20,36 : 295.18"
"20,37 : 340.15"
"20,38 : 571.97"
"20,39 : 106.04"
"20,40 : 276.33"
"20,41 : 418.62"
"20,42 : 636.22"
"20,43 : 892.77"
"20,44 : 242.0"
"20,45 : 585.67"
"20,46 : 804.09"
"20,47 : 473.27"
"20,48 : 793.85"
"20,49 : 160.53"
"20,50 : 636.08"
"20,51 : 554.97"
"20,52 : 793.05"
"20,53 : 439.58"
"20,54 : 108.24"
"20,55 : 574.69"
"20,56 : 19.8"
"20,57 : 354.4"
"20,58 : 599.57"
"20,59 : 865.45"
"20,60 : 692.16"
"20,61 : 341.33"
"20,62 : 589.46"
"20,63 : 615.99"
"20,64 : 239.18"
"20,65 : 1053.18"
"20,66 : 402.21"
"20,67 : 848.37"
"20,68 : 283.66"
"20,69 : 862.02"
"20,70 : 826.9"
"20,71 : 327.87"
"20,72 : 754.47"
"20,73 : 110.92"
"20,74 : 237.54"
"20,75 : 389.08"
"20,76 : 784.01"
"20,77 : 815.13"
"20,78 : 775.54"
"20,79 : 621.4"
"20,80 : 654.24"
"20,81 : 631.21"
"20,82 : 250.8"
"20,83 : 777.32"
"20,84 : 813.18"
"20,85 : 944.81"
"20,86 : 723.8"
"20,87 : 494.54"
"20,88 : 293.47"
"20,89 : 82.88"
"20,90 : 683.32"
"20,91 : 440.45"
"20,92 : 763.44"
"20,93 : 742.0"
"20,94 : 169.03"
"20,95 : 280.58"
"20,96 : 454.0"
"20,97 : 273.48"
"20,98 : 1015.09"
"20,99 : 415.24"
"21,0 : 495.55"
"21,1 : 605.29"
"21,2 : 784.59"
"21,3 : 616.52"
"21,4 : 666.03"
"21,5 : 63.41"
"21,6 : 609.12"
"21,7 : 492.2"
"21,8 : 133.82"
"21,9 : 234.1"
"21,10 : 654.6"
"21,11 : 941.1"
"21,12 : 387.83"
"21,13 : 523.69"
"21,14 : 776.31"
"21,15 : 611.34"
"21,16 : 691.71"
"21,17 : 638.38"
"21,18 : 915.84"
"21,19 : 688.9"
"21,20 : 528.09"
"21,21 : 0.0"
"21,22 : 520.61"
"21,23 : 61.22"
"21,24 : 721.0"
"21,25 : 132.23"
"21,26 : 1026.08"
"21,27 : 514.95"
"21,28 : 257.85"
"21,29 : 569.25"
"21,30 : 709.23"
"21,31 : 662.06"
"21,32 : 81.86"
"21,33 : 606.84"
"21,34 : 431.77"
"21,35 : 658.37"
"21,36 : 703.55"
"21,37 : 692.36"
"21,38 : 302.03"
"21,39 : 576.4"
"21,40 : 720.16"
"21,41 : 134.83"
"21,42 : 748.26"
"21,43 : 665.32"
"21,44 : 288.78"
"21,45 : 193.19"
"21,46 : 299.21"
"21,47 : 60.84"
"21,48 : 782.49"
"21,49 : 688.01"
"21,50 : 234.98"
"21,51 : 301.69"
"21,52 : 267.17"
"21,53 : 163.38"
"21,54 : 506.79"
"21,55 : 70.29"
"21,56 : 514.02"
"21,57 : 736.25"
"21,58 : 106.4"
"21,59 : 518.15"
"21,60 : 869.47"
"21,61 : 646.57"
"21,62 : 854.33"
"21,63 : 418.77"
"21,64 : 420.86"
"21,65 : 756.36"
"21,66 : 126.04"
"21,67 : 661.19"
"21,68 : 381.72"
"21,69 : 725.4"
"21,70 : 450.35"
"21,71 : 655.64"
"21,72 : 228.02"
"21,73 : 630.67"
"21,74 : 378.06"
"21,75 : 505.59"
"21,76 : 738.55"
"21,77 : 287.9"
"21,78 : 360.84"
"21,79 : 146.18"
"21,80 : 270.2"
"21,81 : 205.01"
"21,82 : 279.72"
"21,83 : 299.98"
"21,84 : 555.79"
"21,85 : 663.06"
"21,86 : 342.42"
"21,87 : 430.77"
"21,88 : 651.65"
"21,89 : 475.85"
"21,90 : 269.32"
"21,91 : 609.61"
"21,92 : 251.2"
"21,93 : 694.64"
"21,94 : 697.04"
"21,95 : 249.58"
"21,96 : 704.41"
"21,97 : 661.92"
"21,98 : 703.82"
"21,99 : 166.33"
"22,0 : 33.29"
"22,1 : 869.0"
"22,2 : 754.96"
"22,3 : 245.49"
"22,4 : 213.8"
"22,5 : 501.79"
"22,6 : 267.31"
"22,7 : 819.13"
"22,8 : 388.1"
"22,9 : 290.59"
"22,10 : 149.28"
"22,11 : 586.26"
"22,12 : 486.24"
"22,13 : 270.3"
"22,14 : 894.66"
"22,15 : 451.49"
"22,16 : 638.59"
"22,17 : 130.42"
"22,18 : 603.24"
"22,19 : 168.29"
"22,20 : 148.28"
"22,21 : 520.61"
"22,22 : 0.0"
"22,23 : 501.89"
"22,24 : 837.44"
"22,25 : 427.86"
"22,26 : 646.31"
"22,27 : 210.54"
"22,28 : 352.93"
"22,29 : 55.32"
"22,30 : 268.51"
"22,31 : 311.33"
"22,32 : 538.13"
"22,33 : 695.16"
"22,34 : 511.34"
"22,35 : 529.38"
"22,36 : 194.37"
"22,37 : 214.46"
"22,38 : 484.22"
"22,39 : 82.93"
"22,40 : 416.82"
"22,41 : 391.89"
"22,42 : 487.94"
"22,43 : 769.8"
"22,44 : 243.37"
"22,45 : 527.23"
"22,46 : 763.21"
"22,47 : 460.44"
"22,48 : 648.2"
"22,49 : 247.88"
"22,50 : 572.18"
"22,51 : 466.15"
"22,52 : 786.39"
"22,53 : 394.07"
"22,54 : 249.0"
"22,55 : 551.33"
"22,56 : 159.91"
"22,57 : 242.89"
"22,58 : 610.18"
"22,59 : 768.2"
"22,60 : 547.23"
"22,61 : 201.33"
"22,62 : 453.62"
"22,63 : 505.41"
"22,64 : 128.74"
"22,65 : 937.64"
"22,66 : 403.24"
"22,67 : 720.56"
"22,68 : 182.0"
"22,69 : 726.68"
"22,70 : 739.2"
"22,71 : 192.66"
"22,72 : 747.09"
"22,73 : 163.0"
"22,74 : 154.05"
"22,75 : 247.99"
"22,76 : 641.05"
"22,77 : 805.25"
"22,78 : 701.88"
"22,79 : 639.58"
"22,80 : 583.35"
"22,81 : 575.07"
"22,82 : 279.55"
"22,83 : 801.41"
"22,84 : 699.25"
"22,85 : 829.78"
"22,86 : 644.94"
"22,87 : 372.41"
"22,88 : 165.71"
"22,89 : 208.39"
"22,90 : 617.45"
"22,91 : 292.26"
"22,92 : 729.0"
"22,93 : 600.25"
"22,94 : 248.81"
"22,95 : 279.52"
"22,96 : 310.76"
"22,97 : 158.62"
"22,98 : 903.61"
"22,99 : 450.58"
"23,0 : 474.45"
"23,1 : 665.62"
"23,2 : 829.83"
"23,3 : 621.64"
"23,4 : 662.71"
"23,5 : 2.24"
"23,6 : 617.3"
"23,7 : 553.34"
"23,8 : 132.91"
"23,9 : 211.29"
"23,10 : 641.92"
"23,11 : 956.62"
"23,12 : 430.98"
"23,13 : 536.64"
"23,14 : 831.65"
"23,15 : 639.73"
"23,16 : 733.05"
"23,17 : 613.39"
"23,18 : 936.06"
"23,19 : 669.26"
"23,20 : 493.42"
"23,21 : 61.22"
"23,22 : 501.89"
"23,23 : 0.0"
"23,24 : 775.64"
"23,25 : 84.05"
"23,26 : 1039.44"
"23,27 : 474.05"
"23,28 : 208.08"
"23,29 : 547.4"
"23,30 : 708.72"
"23,31 : 617.64"
"23,32 : 142.17"
"23,33 : 657.74"
"23,34 : 475.71"
"23,35 : 691.65"
"23,36 : 690.43"
"23,37 : 685.71"
"23,38 : 348.01"
"23,39 : 550.85"
"23,40 : 670.39"
"23,41 : 142.04"
"23,42 : 770.77"
"23,43 : 718.43"
"23,44 : 261.54"
"23,45 : 248.21"
"23,46 : 355.87"
"23,47 : 75.93"
"23,48 : 818.57"
"23,49 : 651.56"
"23,50 : 293.03"
"23,51 : 345.33"
"23,52 : 301.0"
"23,53 : 186.1"
"23,54 : 462.29"
"23,55 : 131.5"
"23,56 : 478.03"
"23,57 : 727.39"
"23,58 : 108.5"
"23,59 : 577.34"
"23,60 : 887.76"
"23,61 : 643.6"
"23,62 : 862.44"
"23,63 : 462.68"
"23,64 : 413.49"
"23,65 : 814.68"
"23,66 : 98.84"
"23,67 : 711.05"
"23,68 : 380.35"
"23,69 : 772.03"
"23,70 : 510.37"
"23,71 : 650.45"
"23,72 : 263.23"
"23,73 : 599.45"
"23,74 : 368.61"
"23,75 : 516.5"
"23,76 : 777.03"
"23,77 : 324.35"
"23,78 : 421.68"
"23,79 : 138.97"
"23,80 : 327.83"
"23,81 : 264.33"
"23,82 : 242.62"
"23,83 : 301.16"
"23,84 : 609.53"
"23,85 : 719.86"
"23,86 : 401.47"
"23,87 : 458.92"
"23,88 : 642.72"
"23,89 : 435.02"
"23,90 : 329.19"
"23,91 : 620.64"
"23,92 : 306.63"
"23,93 : 732.32"
"23,94 : 661.29"
"23,95 : 223.33"
"23,96 : 710.08"
"23,97 : 649.82"
"23,98 : 762.54"
"23,99 : 107.38"
"24,0 : 843.1"
