x,y
945,663
990,525
200,695
145,907
62,80
45,846
672,619
880,217
427,407
331,319
861,493
997,324
121,999
352,282
363,809
531,732
185,267
283,662
790,508
229,839
147,595
910,897
550,133
19,484
980,669
891,56
903,201
430,189
410,572
516,515
172,146
945,364
51,954
411,355
45,769
147,63
271,496
746,39
565,474
899,254
807,705
259,403
840,735
610,126
91,64
865,457
496,745
107,729
299,633
24,712
840,261
314,346
367,152
326,759
609,503
209,225
218,86
272,425
383,495
478,322
259,795
246,383
67,792
391,726
329,929
933,403
982,114
727,286
296,311
550,232
389,754
665,327
248,200
23,530
713,377
69,790
911,301
269,394
310,79
775,668
973,160
860,237
358,608
620,957
575,797
431,109
16,277
110,590
653,386
81,371
964,90
837,225
914,760
509,287
326,60
995,89
621,405
173,795
575,512
390,239

Distanze
"0,0 : 0.0"
"0,1 : 145.15"
"0,2 : 745.69"
"0,3 : 836.38"
"0,4 : 1058.1"
"0,5 : 918.42"
"0,6 : 276.52"
"0,7 : 450.71"
"0,8 : 577.81"
"0,9 : 703.8"
"0,10 : 189.62"
"0,11 : 342.97"
"0,12 : 889.87"
"0,13 : 704.85"
"0,14 : 600.03"
"0,15 : 419.71"
"0,16 : 856.98"
"0,17 : 662.0"
"0,18 : 219.2"
"0,19 : 737.31"
"0,20 : 800.89"
"0,21 : 236.6"
"0,22 : 661.0"
"0,23 : 943.14"
"0,24 : 35.51"
"0,25 : 609.4"
"0,26 : 463.91"
"0,27 : 699.93"
"0,28 : 542.68"
"0,29 : 453.81"
"0,30 : 929.96"
"0,31 : 299.0"
"0,32 : 940.17"
"0,33 : 616.46"
"0,34 : 906.22"
"0,35 : 998.4"
"0,36 : 694.38"
"0,37 : 654.96"
"0,38 : 424.41"
"0,39 : 411.58"
"0,40 : 144.25"
"0,41 : 733.62"
"0,42 : 127.31"
"0,43 : 632.92"
"0,44 : 1043.13"
"0,45 : 220.99"
"0,46 : 456.43"
"0,47 : 840.6"
"0,48 : 646.7"
"0,49 : 922.3"
"0,50 : 415.49"
"0,51 : 706.15"
"0,52 : 771.5"
"0,53 : 626.4"
"0,54 : 372.15"
"0,55 : 856.47"
"0,56 : 928.15"
"0,57 : 713.84"
"0,58 : 586.57"
"0,59 : 578.25"
"0,60 : 698.58"
"0,61 : 752.99"
"0,62 : 887.43"
"0,63 : 557.57"
"0,64 : 670.98"
"0,65 : 260.28"
"0,66 : 550.25"
"0,67 : 435.49"
"0,68 : 738.31"
"0,69 : 584.62"
"0,70 : 563.4"
"0,71 : 437.37"
"0,72 : 836.77"
"0,73 : 931.54"
"0,74 : 368.27"
"0,75 : 885.16"
"0,76 : 363.59"
"0,77 : 727.56"
"0,78 : 862.72"
"0,79 : 170.07"
"0,80 : 503.78"
"0,81 : 434.4"
"0,82 : 589.57"
"0,83 : 438.25"
"0,84 : 393.52"
"0,85 : 755.72"
"0,86 : 1006.0"
"0,87 : 838.18"
"0,88 : 402.48"
"0,89 : 912.01"
"0,90 : 573.31"
"0,91 : 451.12"
"0,92 : 101.83"
"0,93 : 575.74"
"0,94 : 864.16"
"0,95 : 576.17"
"0,96 : 414.17"
"0,97 : 783.2"
"0,98 : 399.63"
"0,99 : 698.43"
"1,0 : 145.15"
"1,1 : 0.0"
"1,2 : 808.08"
"1,3 : 927.33"
"1,4 : 1029.18"
"1,5 : 998.03"
"1,6 : 331.6"
"1,7 : 327.05"
"1,8 : 575.23"
"1,9 : 690.45"
"1,10 : 132.91"
"1,11 : 201.12"
"1,12 : 989.87"
"1,13 : 682.71"
"1,14 : 688.32"
"1,15 : 503.52"
"1,16 : 845.33"
"1,17 : 720.15"
"1,18 : 200.72"
"1,19 : 823.24"
"1,20 : 845.9"
"1,21 : 380.5"
"1,22 : 589.29"
"1,23 : 971.87"
"1,24 : 144.35"
"1,25 : 479.33"
"1,26 : 335.48"
"1,27 : 653.07"
"1,28 : 581.9"
"1,29 : 474.11"
"1,30 : 901.53"
"1,31 : 167.17"
"1,32 : 1032.36"
"1,33 : 603.44"
"1,34 : 975.99"
"1,35 : 961.3"
"1,36 : 719.58"
"1,37 : 543.81"
"1,38 : 428.05"
"1,39 : 285.87"
"1,40 : 256.69"
"1,41 : 741.11"
"1,42 : 258.07"
"1,43 : 551.0"
"1,44 : 1010.31"
"1,45 : 142.3"
"1,46 : 540.77"
"1,47 : 906.26"
"1,48 : 699.39"
"1,49 : 983.93"
"1,50 : 303.64"
"1,51 : 699.3"
"1,52 : 726.13"
"1,53 : 704.03"
"1,54 : 381.63"
"1,55 : 836.64"
"1,56 : 888.09"
"1,57 : 724.93"
"1,58 : 607.74"
"1,59 : 550.77"
"1,60 : 779.27"
"1,61 : 757.43"
"1,62 : 960.84"
"1,63 : 631.82"
"1,64 : 774.69"
"1,65 : 134.66"
"1,66 : 411.08"
"1,67 : 355.37"
"1,68 : 726.25"
"1,69 : 528.63"
"1,70 : 643.15"
"1,71 : 380.56"
"1,72 : 810.05"
"1,73 : 967.01"
"1,74 : 314.06"
"1,75 : 958.37"
"1,76 : 237.52"
"1,77 : 732.8"
"1,78 : 813.21"
"1,79 : 258.21"
"1,80 : 365.4"
"1,81 : 315.98"
"1,82 : 637.43"
"1,83 : 568.79"
"1,84 : 496.19"
"1,85 : 696.8"
"1,86 : 1005.08"
"1,87 : 882.4"
"1,88 : 364.54"
"1,89 : 921.95"
"1,90 : 435.78"
"1,91 : 336.76"
"1,92 : 246.98"
"1,93 : 536.66"
"1,94 : 810.63"
"1,95 : 436.03"
"1,96 : 388.02"
"1,97 : 860.46"
"1,98 : 415.2"
"1,99 : 664.68"
"2,0 : 745.69"
"2,1 : 808.08"
"2,2 : 0.0"
"2,3 : 219.02"
"2,4 : 630.29"
"2,5 : 216.39"
"2,6 : 478.08"
"2,7 : 831.19"
"2,8 : 366.71"
"2,9 : 398.17"
"2,10 : 691.18"
"2,11 : 879.12"
"2,12 : 314.1"
"2,13 : 440.08"
"2,14 : 198.91"
"2,15 : 333.06"
"2,16 : 428.26"
"2,17 : 89.32"
"2,18 : 618.93"
"2,19 : 146.89"
"2,20 : 113.18"
"2,21 : 738.18"
"2,22 : 662.08"
"2,23 : 278.0"
"2,24 : 780.43"
"2,25 : 941.17"
"2,26 : 859.21"
"2,27 : 555.82"
"2,28 : 243.37"
"2,29 : 363.67"
"2,30 : 549.71"
"2,31 : 815.22"
"2,32 : 298.8"
"2,33 : 400.15"
"2,34 : 171.76"
"2,35 : 634.22"
"2,36 : 211.29"
"2,37 : 853.49"
"2,38 : 426.69"
"2,39 : 826.49"
"2,40 : 607.08"
"2,41 : 297.9"
"2,42 : 641.25"
"2,43 : 701.33"
"2,44 : 640.35"
"2,45 : 706.31"
"2,46 : 300.19"
"2,47 : 99.02"
"2,48 : 116.81"
"2,49 : 176.82"
"2,50 : 773.28"
"2,51 : 367.15"
"2,52 : 568.1"
"2,53 : 141.32"
"2,54 : 451.82"
"2,55 : 470.09"
"2,56 : 609.27"
"2,57 : 279.44"
"2,58 : 271.09"
"2,59 : 465.2"
"2,60 : 116.11"
"2,61 : 315.37"
"2,62 : 164.61"
"2,63 : 193.5"
"2,64 : 267.2"
"2,65 : 789.02"
"2,66 : 974.21"
"2,67 : 667.09"
"2,68 : 395.82"
"2,69 : 580.4"
"2,70 : 197.99"
"2,71 : 593.0"
"2,72 : 497.32"
"2,73 : 241.98"
"2,74 : 603.57"
"2,75 : 161.82"
"2,76 : 812.87"
"2,77 : 308.81"
"2,78 : 625.74"
"2,79 : 575.63"
"2,80 : 940.08"
"2,81 : 803.35"
"2,82 : 180.37"
"2,83 : 495.02"
"2,84 : 388.62"
"2,85 : 629.89"
"2,86 : 456.71"
"2,87 : 138.29"
"2,88 : 548.35"
"2,89 : 345.16"
"2,90 : 974.54"
"2,91 : 791.62"
"2,92 : 716.95"
"2,93 : 511.81"
"2,94 : 647.38"
"2,95 : 999.63"
"2,96 : 511.22"
"2,97 : 103.58"
"2,98 : 417.27"
"2,99 : 494.0"
"3,0 : 836.38"
"3,1 : 927.33"
"3,2 : 219.02"
"3,3 : 0.0"
"3,4 : 831.15"
"3,5 : 117.14"
"3,6 : 600.56"
"3,7 : 1008.13"
"3,8 : 574.04"
"3,9 : 616.72"
"3,10 : 827.07"
"3,11 : 1032.37"
"3,12 : 95.08"
"3,13 : 658.39"
"3,14 : 239.01"
"3,15 : 423.82"
"3,16 : 641.25"
"3,17 : 281.19"
"3,18 : 758.44"
"3,19 : 108.07"
"3,20 : 312.01"
"3,21 : 765.07"
"3,22 : 873.56"
"3,23 : 441.37"
"3,24 : 868.26"
"3,25 : 1131.69"
"3,26 : 1035.86"
"3,27 : 772.5"
"3,28 : 427.14"
"3,29 : 539.73"
"3,30 : 761.48"
"3,31 : 966.88"
"3,32 : 105.1"
"3,33 : 612.75"
"3,34 : 170.42"
"3,35 : 844.0"
"3,36 : 429.88"
"3,37 : 1055.76"
"3,38 : 603.23"
"3,39 : 997.46"
"3,40 : 692.13"
"3,41 : 516.73"
"3,42 : 715.97"
"3,43 : 908.95"
"3,44 : 844.73"
"3,45 : 849.06"
"3,46 : 386.58"
"3,47 : 182.01"
"3,48 : 314.31"
"3,49 : 229.49"
"3,50 : 948.86"
"3,51 : 585.9"
"3,52 : 786.96"
"3,53 : 233.81"
"3,54 : 615.23"
"3,55 : 685.0"
"3,56 : 824.24"
"3,57 : 498.45"
"3,58 : 475.8"
"3,59 : 673.14"
"3,60 : 159.81"
"3,61 : 533.65"
"3,62 : 138.96"
"3,63 : 305.41"
"3,64 : 185.31"
"3,65 : 935.39"
"3,66 : 1153.0"
"3,67 : 851.1"
"3,68 : 614.83"
"3,69 : 787.18"
"3,70 : 288.0"
"3,71 : 778.97"
"3,72 : 714.46"
"3,73 : 396.25"
"3,74 : 776.87"
"3,75 : 139.52"
"3,76 : 976.73"
"3,77 : 527.77"
"3,78 : 844.28"
"3,79 : 673.81"
"3,80 : 1115.17"
"3,81 : 979.86"
"3,82 : 367.11"
"3,83 : 477.62"
"3,84 : 443.85"
"3,85 : 847.7"
"3,86 : 643.07"
"3,87 : 318.93"
"3,88 : 727.67"
"3,89 : 539.81"
"3,90 : 1156.83"
"3,91 : 971.59"
"3,92 : 782.92"
"3,93 : 718.95"
"3,94 : 866.12"
"3,95 : 1179.67"
"3,96 : 691.79"
"3,97 : 115.45"
"3,98 : 583.89"
"3,99 : 711.51"
"4,0 : 1058.1"
"4,1 : 1029.18"
"4,2 : 630.29"
"4,3 : 831.15"
"4,4 : 0.0"
"4,5 : 766.19"
"4,6 : 814.02"
"4,7 : 829.39"
"4,8 : 490.06"
"4,9 : 359.84"
"4,10 : 899.43"
"4,11 : 966.31"
"4,12 : 920.89"
"4,13 : 353.42"
"4,14 : 788.7"
"4,15 : 803.16"
"4,16 : 223.83"
"4,17 : 622.55"
"4,18 : 844.49"
"4,19 : 777.16"
"4,20 : 521.97"
"4,21 : 1177.54"
"4,22 : 490.87"
"4,23 : 406.28"
"4,24 : 1090.71"
"4,25 : 829.35"
"4,26 : 849.66"
"4,27 : 383.8"
"4,28 : 602.63"
"4,29 : 628.76"
"4,30 : 128.28"
"4,31 : 927.55"
"4,32 : 874.07"
"4,33 : 444.33"
"4,34 : 689.21"
"4,35 : 86.68"
"4,36 : 465.55"
"4,37 : 685.23"
"4,38 : 638.94"
"4,39 : 854.89"
"4,40 : 972.45"
"4,41 : 378.34"
"4,42 : 1017.01"
"4,43 : 549.93"
"4,44 : 33.12"
"4,45 : 887.1"
"4,46 : 794.09"
"4,47 : 650.56"
"4,48 : 601.65"
"4,49 : 633.14"
"4,50 : 798.78"
"4,51 : 366.42"
"4,52 : 313.38"
"4,53 : 728.52"
"4,54 : 691.48"
"4,55 : 206.48"
"4,56 : 156.12"
"4,57 : 403.89"
"4,58 : 524.66"
"4,59 : 481.27"
"4,60 : 741.64"
"4,61 : 354.49"
"4,62 : 712.02"
"4,63 : 724.95"
"4,64 : 889.99"
"4,65 : 928.96"
"4,66 : 920.63"
"4,67 : 696.18"
"4,68 : 328.81"
"4,69 : 511.12"
"4,70 : 749.14"
"4,71 : 651.63"
"4,72 : 221.35"
"4,73 : 451.69"
"4,74 : 715.55"
"4,75 : 710.03"
"4,76 : 877.29"
"4,77 : 376.09"
"4,78 : 248.0"
"4,79 : 924.18"
"4,80 : 914.51"
"4,81 : 813.3"
"4,82 : 605.31"
"4,83 : 1039.47"
"4,84 : 881.62"
"4,85 : 370.14"
"4,86 : 202.3"
"4,87 : 512.25"
"4,88 : 665.52"
"4,89 : 291.62"
"4,90 : 902.06"
"4,91 : 788.45"
"4,92 : 1090.09"
"4,93 : 492.6"
"4,94 : 264.76"
"4,95 : 933.04"
"4,96 : 646.61"
"4,97 : 723.56"
"4,98 : 670.67"
"4,99 : 364.51"
"5,0 : 918.42"
"5,1 : 998.03"
"5,2 : 216.39"
"5,3 : 117.14"
"5,4 : 766.19"
"5,5 : 0.0"
"5,6 : 666.83"
"5,7 : 1045.4"
"5,8 : 581.93"
"5,9 : 599.6"
"5,10 : 889.08"
"5,11 : 1085.72"
"5,12 : 170.84"
"5,13 : 642.14"
"5,14 : 320.15"
"5,15 : 499.19"
"5,16 : 595.69"
"5,17 : 300.83"
"5,18 : 818.09"
"5,19 : 184.13"
"5,20 : 270.93"
"5,21 : 866.5"
"5,22 : 873.72"
"5,23 : 362.93"
"5,24 : 951.61"
"5,25 : 1157.5"
"5,26 : 1073.4"
"5,27 : 761.49"
"5,28 : 456.4"
"5,29 : 575.68"
"5,30 : 711.43"
"5,31 : 1020.94"
"5,32 : 108.17"
"5,33 : 612.4"
"5,34 : 77.0"
"5,35 : 789.62"
"5,36 : 416.62"
"5,37 : 1068.95"
"5,38 : 639.36"
"5,39 : 1039.12"
"5,40 : 774.94"
"5,41 : 491.98"
"5,42 : 802.71"
"5,43 : 915.22"
"5,44 : 783.35"
"5,45 : 907.59"
"5,46 : 462.17"
"5,47 : 132.41"
"5,48 : 331.49"
"5,49 : 135.64"
"5,50 : 987.04"
"5,51 : 567.77"
"5,52 : 765.06"
"5,53 : 294.16"
"5,54 : 660.11"
"5,55 : 642.29"
"5,56 : 779.44"
"5,57 : 478.3"
"5,58 : 487.28"
"5,59 : 679.75"
"5,60 : 219.99"
"5,61 : 504.75"
"5,62 : 58.31"
"5,63 : 366.22"
"5,64 : 295.88"
"5,65 : 992.37"
"5,66 : 1189.03"
"5,67 : 882.45"
"5,68 : 590.95"
"5,69 : 795.0"
"5,70 : 356.09"
"5,71 : 808.55"
"5,72 : 677.14"
"5,73 : 316.76"
"5,74 : 816.2"
"5,75 : 60.93"
"5,76 : 1023.22"
"5,77 : 504.46"
"5,78 : 811.49"
"5,79 : 751.39"
"5,80 : 1154.03"
"5,81 : 1017.4"
"5,82 : 393.21"
"5,83 : 585.62"
"5,84 : 532.26"
"5,85 : 831.96"
"5,86 : 569.74"
"5,87 : 264.12"
"5,88 : 762.41"
"5,89 : 476.36"
"5,90 : 1190.0"
"5,91 : 1006.43"
"5,92 : 873.25"
"5,93 : 726.48"
"5,94 : 834.72"
"5,95 : 1214.72"
"5,96 : 725.44"
"5,97 : 137.79"
"5,98 : 626.46"
"5,99 : 698.19"
"6,0 : 276.52"
"6,1 : 331.6"
"6,2 : 478.08"
"6,3 : 600.56"
"6,4 : 814.02"
"6,5 : 666.83"
"6,6 : 0.0"
"6,7 : 452.62"
"6,8 : 323.99"
"6,9 : 454.18"
"6,10 : 227.15"
"6,11 : 438.92"
"6,12 : 669.33"
"6,13 : 464.72"
"6,14 : 362.74"
"6,15 : 180.69"
"6,16 : 600.89"
"6,17 : 391.37"
"6,18 : 162.0"
"6,19 : 494.62"
"6,20 : 525.55"
"6,21 : 365.96"
"6,22 : 501.08"
"6,23 : 666.81"
"6,24 : 312.03"
"6,25 : 604.09"
"6,26 : 477.58"
"6,27 : 493.42"
"6,28 : 266.18"
"6,29 : 187.49"
"6,30 : 688.28"
"6,31 : 373.57"
"6,32 : 705.6"
"6,33 : 371.24"
"6,34 : 644.69"
"6,35 : 764.7"
"6,36 : 419.44"
"6,37 : 584.7"
"6,38 : 180.21"
"6,39 : 429.83"
"6,40 : 160.07"
"6,41 : 466.07"
"6,42 : 204.16"
"6,43 : 496.88"
"6,44 : 803.48"
"6,45 : 251.98"
"6,46 : 216.45"
"6,47 : 575.61"
"6,48 : 373.26"
"6,49 : 654.64"
"6,50 : 395.46"
"6,51 : 450.21"
"6,52 : 557.78"
"6,53 : 373.25"
"6,54 : 132.0"
"6,55 : 607.95"
"6,56 : 700.15"
"6,57 : 444.56"
"6,58 : 314.48"
"6,59 : 354.75"
"6,60 : 448.94"
"6,61 : 487.0"
"6,62 : 629.25"
"6,63 : 300.68"
"6,64 : 462.33"
"6,65 : 338.79"
"6,66 : 592.56"
"6,67 : 337.51"
"6,68 : 486.05"
"6,69 : 405.77"
"6,70 : 313.55"
"6,71 : 292.08"
"6,72 : 596.1"
"6,73 : 655.07"
"6,74 : 245.45"
"6,75 : 626.78"
"6,76 : 397.8"
"6,77 : 461.56"
"6,78 : 650.11"
"6,79 : 114.06"
"6,80 : 548.89"
"6,81 : 425.76"
"6,82 : 314.19"
"6,83 : 341.98"
"6,84 : 202.71"
"6,85 : 564.08"
"6,86 : 739.8"
"6,87 : 562.75"
"6,88 : 233.77"
"6,89 : 640.93"
"6,90 : 604.24"
"6,91 : 427.15"
"6,92 : 280.08"
"6,93 : 369.86"
"6,94 : 657.42"
"6,95 : 620.67"
"6,96 : 219.99"
"6,97 : 529.13"
"6,98 : 144.42"
"6,99 : 473.21"
"7,0 : 450.71"
"7,1 : 327.05"
"7,2 : 831.19"
"7,3 : 1008.13"
"7,4 : 829.39"
"7,5 : 1045.4"
"7,6 : 452.62"
"7,7 : 0.0"
"7,8 : 491.23"
"7,9 : 558.4"
"7,10 : 276.65"
"7,11 : 158.55"
"7,12 : 1089.77"
"7,13 : 531.99"
"7,14 : 785.97"
"7,15 : 622.11"
"7,16 : 696.8"
"7,17 : 744.6"
"7,18 : 304.6"
"7,19 : 900.38"
"7,20 : 824.73"
"7,21 : 680.66"
"7,22 : 340.52"
"7,23 : 901.45"
"7,24 : 462.93"
"7,25 : 161.38"
"7,26 : 28.02"
"7,27 : 450.87"
"7,28 : 589.0"
"7,29 : 470.43"
"7,30 : 711.55"
"7,31 : 160.73"
"7,32 : 1109.24"
"7,33 : 488.88"
"7,34 : 1000.96"
"7,35 : 749.0"
"7,36 : 669.87"
"7,37 : 222.8"
"7,38 : 406.54"
"7,39 : 41.59"
"7,40 : 493.43"
"7,41 : 648.26"
"7,42 : 519.54"
"7,43 : 284.92"
"7,44 : 803.7"
"7,45 : 240.47"
"7,46 : 652.87"
"7,47 : 927.19"
"7,48 : 714.57"
"7,49 : 988.82"
"7,50 : 59.46"
"7,51 : 580.51"
"7,52 : 517.1"
"7,53 : 775.04"
"7,54 : 394.0"
"7,55 : 671.05"
"7,56 : 674.84"
"7,57 : 642.59"
"7,58 : 569.47"
"7,59 : 415.49"
"7,60 : 848.37"
"7,61 : 655.37"
"7,62 : 995.79"
"7,63 : 705.83"
"7,64 : 900.3"
"7,65 : 193.4"
"7,66 : 144.96"
"7,67 : 167.84"
"7,68 : 591.52"
"7,69 : 330.34"
"7,70 : 727.63"
"7,71 : 241.51"
"7,72 : 632.23"
"7,73 : 912.37"
"7,74 : 231.28"
"7,75 : 993.0"
"7,76 : 89.54"
"7,77 : 636.12"
"7,78 : 586.47"
"7,79 : 463.06"
"7,80 : 109.08"
"7,81 : 28.28"
"7,82 : 652.2"
"7,83 : 784.35"
"7,84 : 655.31"
"7,85 : 461.81"
"7,86 : 866.08"
"7,87 : 855.59"
"7,88 : 283.0"
"7,89 : 813.71"
"7,90 : 152.27"
"7,91 : 43.74"
"7,92 : 544.06"
"7,93 : 377.55"
"7,94 : 575.82"
"7,95 : 172.07"
"7,96 : 320.04"
"7,97 : 913.2"
"7,98 : 424.32"
"7,99 : 490.49"
"8,0 : 577.81"
"8,1 : 575.23"
"8,2 : 366.71"
"8,3 : 574.04"
"8,4 : 490.06"
"8,5 : 581.93"
"8,6 : 323.99"
"8,7 : 491.23"
"8,8 : 0.0"
"8,9 : 130.23"
"8,10 : 442.44"
"8,11 : 576.01"
"8,12 : 666.41"
"8,13 : 145.77"
"8,14 : 407.06"
"8,15 : 341.23"
"8,16 : 279.58"
"8,17 : 292.85"
"8,18 : 376.79"
"8,19 : 475.21"
"8,20 : 337.26"
"8,21 : 688.03"
"8,22 : 300.34"
"8,23 : 415.2"
"8,24 : 611.93"
"8,25 : 581.8"
"8,26 : 518.66"
"8,27 : 218.02"
"8,28 : 165.87"
"8,29 : 139.95"
"8,30 : 364.89"
"8,31 : 519.78"
"8,32 : 663.77"
"8,33 : 54.41"
"8,34 : 526.28"
"8,35 : 443.55"
"8,36 : 179.6"
"8,37 : 487.02"
"8,38 : 153.4"
"8,39 : 496.18"
"8,40 : 482.91"
"8,41 : 168.05"
"8,42 : 527.4"
"8,43 : 335.34"
"8,44 : 480.15"
"8,45 : 440.84"
"8,46 : 344.97"
"8,47 : 453.96"
"8,48 : 259.73"
"8,49 : 505.4"
"8,50 : 438.05"
"8,51 : 128.41"
"8,52 : 261.96"
"8,53 : 366.2"
"8,54 : 205.77"
"8,55 : 283.99"
"8,56 : 383.04"
"8,57 : 156.04"
"8,58 : 98.39"
"8,59 : 99.13"
"8,60 : 422.81"
"8,61 : 182.58"
"8,62 : 527.09"
"8,63 : 321.02"
"8,64 : 531.12"
"8,65 : 506.02"
"8,66 : 627.59"
"8,67 : 323.48"
"8,68 : 162.41"
"8,69 : 213.9"
"8,70 : 349.07"
"8,71 : 251.09"
"8,72 : 273.66"
"8,73 : 422.31"
"8,74 : 287.57"
"8,75 : 524.26"
"8,76 : 495.47"
"8,77 : 158.53"
"8,78 : 348.24"
"8,79 : 435.0"
"8,80 : 599.27"
"8,81 : 465.18"
"8,82 : 212.51"
"8,83 : 582.88"
"8,84 : 417.14"
"8,85 : 298.03"
"8,86 : 431.07"
"8,87 : 366.03"
"8,88 : 226.97"
"8,89 : 347.87"
"8,90 : 623.58"
"8,91 : 448.58"
"8,92 : 601.48"
"8,93 : 145.34"
"8,94 : 361.4"
"8,95 : 650.96"
"8,96 : 194.01"
"8,97 : 463.75"
"8,98 : 181.46"
"8,99 : 172.03"
"9,0 : 703.8"
"9,1 : 690.45"
"9,2 : 398.17"
"9,3 : 616.72"
"9,4 : 359.84"
"9,5 : 599.6"
"9,6 : 454.18"
"9,7 : 558.4"
"9,8 : 130.23"
"9,9 : 0.0"
"9,10 : 557.83"
"9,11 : 666.02"
"9,12 : 711.69"
"9,13 : 42.54"
"9,14 : 491.04"
"9,15 : 458.88"
"9,16 : 154.98"
"9,17 : 346.34"
"9,18 : 496.39"
"9,19 : 529.91"
"9,20 : 331.71"
"9,21 : 818.12"
"9,22 : 287.33"
"9,23 : 352.94"
"9,24 : 737.36"
"9,25 : 618.68"
"9,26 : 584.04"
"9,27 : 163.4"
"9,28 : 265.05"
"9,29 : 269.52"
"9,30 : 234.97"
"9,31 : 615.65"
"9,32 : 693.99"
"9,33 : 87.73"
"9,34 : 533.19"
"9,35 : 315.26"
"9,36 : 186.89"
"9,37 : 500.62"
"9,38 : 280.68"
"9,39 : 571.71"
"9,40 : 612.84"
"9,41 : 110.63"
"9,42 : 657.37"
"9,43 : 339.25"
"9,44 : 350.18"
"9,45 : 551.54"
"9,46 : 456.84"
"9,47 : 467.2"
"9,48 : 315.63"
"9,49 : 498.7"
"9,50 : 512.29"
"9,51 : 31.91"
"9,52 : 170.84"
"9,53 : 440.03"
"9,54 : 333.38"
"9,55 : 154.01"
"9,56 : 258.96"
"9,57 : 121.31"
"9,58 : 183.52"
"9,59 : 147.03"
"9,60 : 481.41"
"9,61 : 106.4"
"9,62 : 541.69"
"9,63 : 411.4"
"9,64 : 610.0"
"9,65 : 607.83"
"9,66 : 682.51"
"9,67 : 397.37"
"9,68 : 35.9"
"9,69 : 235.65"
"9,70 : 438.85"
"9,71 : 334.1"
"9,72 : 145.09"
"9,73 : 373.34"
"9,74 : 386.38"
"9,75 : 538.97"
"9,76 : 580.28"
"9,77 : 97.31"
"9,78 : 240.92"
"9,79 : 564.75"
"9,80 : 661.4"
"9,81 : 535.32"
"9,82 : 290.26"
"9,83 : 700.4"
"9,84 : 536.67"
"9,85 : 232.59"
"9,86 : 317.79"
"9,87 : 349.69"
"9,88 : 328.9"
"9,89 : 255.35"
"9,90 : 673.15"
"9,91 : 514.66"
"9,92 : 731.01"
"9,93 : 180.85"
"9,94 : 259.05"
"9,95 : 702.71"
"9,96 : 302.48"
"9,97 : 501.54"
"9,98 : 311.1"
"9,99 : 99.4"
"10,0 : 189.62"
"10,1 : 132.91"
"10,2 : 691.18"
"10,3 : 827.07"
"10,4 : 899.43"
"10,5 : 889.08"
"10,6 : 227.15"
"10,7 : 276.65"
"10,8 : 442.44"
"10,9 : 557.83"
"10,10 : 0.0"
"10,11 : 216.93"
"10,12 : 896.46"
"10,13 : 551.0"
"10,14 : 589.8"
"10,15 : 407.46"
"10,16 : 712.78"
"10,17 : 602.2"
"10,18 : 72.57"
"10,19 : 720.51"
"10,20 : 721.25"
"10,21 : 406.96"
"10,22 : 475.73"
"10,23 : 842.05"
"10,24 : 212.45"
"10,25 : 438.03"
"10,26 : 295.01"
"10,27 : 527.42"
"10,28 : 457.87"
"10,29 : 345.7"
"10,30 : 771.45"
"10,31 : 153.94"
"10,32 : 932.0"
"10,33 : 470.68"
"10,34 : 861.41"
"10,35 : 833.48"
"10,36 : 590.01"
"10,37 : 468.34"
"10,38 : 296.61"
"10,39 : 242.0"
"10,40 : 218.77"
"10,41 : 608.69"
"10,42 : 242.91"
"10,43 : 444.62"
"10,44 : 881.44"
"10,45 : 36.22"
"10,46 : 443.54"
"10,47 : 790.07"
"10,48 : 579.18"
"10,49 : 865.18"
"10,50 : 232.95"
"10,51 : 566.41"
"10,52 : 600.26"
"10,53 : 597.48"
"10,54 : 252.2"
"10,55 : 704.93"
"10,56 : 760.98"
"10,57 : 592.91"
"10,58 : 478.0"
"10,59 : 419.44"
"10,60 : 673.5"
"10,61 : 624.76"
"10,62 : 848.43"
"10,63 : 524.58"
"10,64 : 687.84"
"10,65 : 115.26"
"10,66 : 397.85"
"10,67 : 246.59"
"10,68 : 593.59"
"10,69 : 406.01"
"10,70 : 539.36"
"10,71 : 256.85"
"10,72 : 679.42"
"10,73 : 838.82"
"10,74 : 188.04"
"10,75 : 845.86"
"10,76 : 198.4"
"10,77 : 600.22"
"10,78 : 689.2"
"10,79 : 194.99"
"10,80 : 351.33"
"10,81 : 256.0"
"10,82 : 515.98"
"10,83 : 522.85"
"10,84 : 417.39"
"10,85 : 576.5"
"10,86 : 872.17"
"10,87 : 757.24"
"10,88 : 233.91"
"10,89 : 789.48"
"10,90 : 415.95"
"10,91 : 269.07"
"10,92 : 272.21"
"10,93 : 407.85"
"10,94 : 688.27"
"10,95 : 425.64"
"10,96 : 255.62"
"10,97 : 751.36"
"10,98 : 286.63"
"10,99 : 535.12"
"11,0 : 342.97"
"11,1 : 201.12"
"11,2 : 879.12"
"11,3 : 1032.37"
"11,4 : 966.31"
"11,5 : 1085.72"
"11,6 : 438.92"
"11,7 : 158.55"
"11,8 : 576.01"
"11,9 : 666.02"
"11,10 : 216.93"
"11,11 : 0.0"
"11,12 : 1105.89"
"11,13 : 646.37"
"11,14 : 798.24"
"11,15 : 619.37"
"11,16 : 814.0"
"11,17 : 789.96"
"11,18 : 276.96"
"11,19 : 924.69"
"11,20 : 892.16"
"11,21 : 579.57"
"11,22 : 486.1"
"11,23 : 991.0"
"11,24 : 345.42"
"11,25 : 288.2"
"11,26 : 154.81"
"11,27 : 582.85"
"11,28 : 637.24"
"11,29 : 517.53"
"11,30 : 843.98"
"11,31 : 65.6"
"11,32 : 1136.58"
"11,33 : 586.82"
"11,34 : 1050.87"
"11,35 : 889.17"
"11,36 : 746.1"
"11,37 : 379.77"
"11,38 : 457.3"
"11,39 : 120.43"
"11,40 : 425.75"
"11,41 : 742.22"
"11,42 : 439.97"
"11,43 : 434.71"
"11,44 : 942.57"
"11,45 : 187.38"
"11,46 : 654.4"
"11,47 : 977.82"
"11,48 : 763.34"
"11,49 : 1047.51"
"11,50 : 169.17"
"11,51 : 683.35"
"11,52 : 653.06"
"11,53 : 799.67"
"11,54 : 427.3"
"11,55 : 794.19"
"11,56 : 814.55"
"11,57 : 732.0"
"11,58 : 637.37"
"11,59 : 519.0"
"11,60 : 875.49"
"11,61 : 753.31"
"11,62 : 1041.12"
"11,63 : 727.21"
"11,64 : 901.25"
"11,65 : 101.67"
"11,66 : 210.54"
"11,67 : 272.66"
"11,68 : 701.12"
"11,69 : 456.37"
"11,70 : 744.69"
"11,71 : 332.01"
"11,72 : 759.19"
"11,73 : 995.55"
"11,74 : 288.9"
"11,75 : 1038.43"
"11,76 : 89.02"
"11,77 : 731.36"
"11,78 : 729.38"
"11,79 : 409.41"
"11,80 : 165.75"
"11,81 : 162.29"
"11,82 : 699.27"
"11,83 : 736.76"
"11,84 : 633.89"
"11,85 : 605.46"
"11,86 : 982.13"
"11,87 : 926.03"
"11,88 : 349.54"
"11,89 : 917.2"
"11,90 : 236.32"
"11,91 : 188.15"
"11,92 : 443.83"
"11,93 : 489.4"
"11,94 : 721.07"
"11,95 : 235.01"
"11,96 : 384.63"
"11,97 : 949.11"
"11,98 : 461.98"
"11,99 : 612.92"
"12,0 : 889.87"
"12,1 : 989.87"
"12,2 : 314.1"
"12,3 : 95.08"
"12,4 : 920.89"
"12,5 : 170.84"
"12,6 : 669.33"
"12,7 : 1089.77"
"12,8 : 666.41"
"12,9 : 711.69"
"12,10 : 896.46"
"12,11 : 1105.89"
"12,12 : 0.0"
"12,13 : 753.29"
"12,14 : 307.68"
"12,15 : 489.27"
"12,16 : 734.79"
"12,17 : 373.92"
"12,18 : 829.84"
"12,19 : 193.04"
"12,20 : 404.84"
"12,21 : 795.57"
"12,22 : 966.44"
"12,23 : 525.0"
"12,24 : 920.21"
"12,25 : 1217.44"
"12,26 : 1117.29"
"12,27 : 866.94"
"12,28 : 515.61"
"12,29 : 624.72"
"12,30 : 854.52"
"12,31 : 1040.29"
"12,32 : 83.22"
"12,33 : 706.28"
"12,34 : 242.23"
"12,35 : 936.36"
"12,36 : 524.89"
"12,37 : 1145.52"
"12,38 : 687.58"
"12,39 : 1077.18"
"12,40 : 746.35"
"12,41 : 611.77"
"12,42 : 765.94"
"12,43 : 1000.62"
"12,44 : 935.48"
"12,45 : 920.49"
"12,46 : 452.92"
"12,47 : 270.36"
"12,48 : 406.99"
"12,49 : 302.95"
"12,50 : 1030.34"
"12,51 : 680.92"
"12,52 : 882.0"
"12,53 : 315.63"
"12,54 : 695.82"
"12,55 : 778.99"
"12,56 : 918.14"
"12,57 : 593.53"
"12,58 : 568.03"
"12,59 : 765.36"
"12,60 : 246.29"
"12,61 : 628.55"
"12,62 : 213.93"
"12,63 : 383.96"
"12,64 : 219.46"
"12,65 : 1007.25"
"12,66 : 1234.73"
"12,67 : 935.74"
"12,68 : 709.91"
"12,69 : 878.82"
"12,70 : 363.11"
"12,71 : 864.59"
"12,72 : 809.03"
"12,73 : 479.13"
"12,74 : 858.69"
"12,75 : 215.37"
"12,76 : 1054.18"
"12,77 : 622.84"
"12,78 : 939.21"
"12,79 : 732.99"
"12,80 : 1195.75"
"12,81 : 1061.49"
"12,82 : 457.22"
"12,83 : 500.76"
"12,84 : 496.91"
"12,85 : 942.44"
"12,86 : 729.6"
"12,87 : 409.15"
"12,88 : 811.66"
"12,89 : 629.27"
"12,90 : 1239.73"
"12,91 : 1054.39"
"12,92 : 828.23"
"12,93 : 810.86"
"12,94 : 961.12"
"12,95 : 1261.74"
"12,96 : 776.43"
"12,97 : 210.52"
"12,98 : 665.8"
"12,99 : 806.2"
"13,0 : 704.85"
"13,1 : 682.71"
"13,2 : 440.08"
"13,3 : 658.39"
"13,4 : 353.42"
"13,5 : 642.14"
"13,6 : 464.72"
"13,7 : 531.99"
"13,8 : 145.77"
"13,9 : 42.54"
"13,10 : 551.0"
"13,11 : 646.37"
"13,12 : 753.29"
"13,13 : 0.0"
"13,14 : 527.11"
"13,15 : 484.29"
"13,16 : 167.67"
"13,17 : 386.21"
"13,18 : 492.87"
"13,19 : 570.42"
"13,20 : 374.16"
"13,21 : 830.41"
"13,22 : 247.8"
"13,23 : 389.48"
"13,24 : 737.67"
"13,25 : 584.46"
"13,26 : 556.92"
"13,27 : 121.38"
"13,28 : 295.74"
"13,29 : 284.93"
"13,30 : 225.6"
"13,31 : 598.64"
"13,32 : 736.33"
"13,33 : 93.86"
"13,34 : 575.69"
"13,35 : 299.98"
"13,36 : 228.82"
"13,37 : 462.91"
"13,38 : 286.76"
"13,39 : 547.72"
"13,40 : 621.25"
"13,41 : 152.61"
"13,42 : 665.85"
"13,43 : 301.5"
"13,44 : 340.07"
"13,45 : 542.03"
"13,46 : 484.88"
"13,47 : 509.74"
"13,48 : 354.98"
"13,49 : 540.82"
"13,50 : 488.45"
"13,51 : 74.43"
"13,52 : 130.86"
"13,53 : 477.71"
"13,54 : 338.95"
"13,55 : 153.94"
"13,56 : 237.43"
"13,57 : 163.86"
"13,58 : 215.24"
"13,59 : 132.2"
"13,60 : 521.36"
"13,61 : 146.41"
"13,62 : 584.23"
"13,63 : 445.71"
"13,64 : 647.41"
"13,65 : 593.47"
"13,66 : 652.02"
"13,67 : 375.02"
"13,68 : 63.06"
"13,69 : 204.22"
"13,70 : 473.45"
"13,71 : 316.22"
"13,72 : 132.44"
"13,73 : 412.0"
"13,74 : 373.29"
"13,75 : 581.51"
"13,76 : 559.32"
"13,77 : 139.4"
"13,78 : 207.3"
"13,79 : 572.65"
"13,80 : 632.87"
"13,81 : 509.99"
"13,82 : 326.06"
"13,83 : 726.26"
"13,84 : 561.21"
"13,85 : 190.18"
"13,86 : 336.04"
"13,87 : 391.7"
"13,88 : 318.46"
"13,89 : 285.24"
"13,90 : 641.41"
"13,91 : 488.34"
"13,92 : 737.79"
"13,93 : 157.08"
"13,94 : 223.52"
"13,95 : 671.34"
"13,96 : 295.79"
"13,97 : 543.33"
"13,98 : 320.36"
"13,99 : 57.38"
"14,0 : 600.03"
"14,1 : 688.32"
"14,2 : 198.91"
"14,3 : 239.01"
"14,4 : 788.7"
"14,5 : 320.15"
"14,6 : 362.74"
"14,7 : 785.97"
"14,8 : 407.06"
"14,9 : 491.04"
"14,10 : 589.8"
"14,11 : 798.24"
"14,12 : 307.68"
"14,13 : 527.11"
"14,14 : 0.0"
"14,15 : 184.81"
"14,16 : 570.48"
"14,17 : 167.36"
"14,18 : 522.43"
"14,19 : 137.32"
"14,20 : 304.06"
"14,21 : 554.03"
"14,22 : 701.39"
"14,23 : 473.25"
"14,24 : 632.68"
"14,25 : 919.67"
"14,26 : 813.18"
"14,27 : 623.61"
"14,28 : 241.62"
"14,29 : 331.43"
"14,30 : 689.96"
"14,31 : 732.63"
"14,32 : 344.05"
"14,33 : 456.53"
"14,34 : 320.51"
"14,35 : 776.64"
"14,36 : 326.24"
"14,37 : 859.99"
"14,38 : 391.19"
"14,39 : 771.57"
"14,40 : 456.02"
"14,41 : 419.11"
"14,42 : 482.71"
"14,43 : 726.29"
"14,44 : 793.1"
"14,45 : 613.11"
"14,46 : 147.6"
"14,47 : 268.21"
"14,48 : 187.28"
"14,49 : 352.6"
"14,50 : 726.52"
"14,51 : 465.59"
"14,52 : 657.01"
"14,53 : 62.2"
"14,54 : 392.62"
"14,55 : 603.96"
"14,56 : 737.4"
"14,57 : 394.64"
"14,58 : 314.64"
"14,59 : 500.39"
"14,60 : 104.94"
"14,61 : 441.77"
"14,62 : 296.49"
"14,63 : 87.6"
"14,64 : 124.72"
"14,65 : 699.81"
"14,66 : 930.69"
"14,67 : 637.2"
"14,68 : 502.49"
"14,69 : 606.55"
"14,70 : 60.84"
"14,71 : 568.8"
"14,72 : 619.76"
"14,73 : 439.82"
"14,74 : 555.99"
"14,75 : 294.61"
"14,76 : 747.24"
"14,77 : 425.51"
"14,78 : 731.92"
"14,79 : 435.46"
"14,80 : 890.67"
"14,81 : 757.76"
"14,82 : 201.06"
"14,83 : 296.57"
"14,84 : 212.34"
"14,85 : 703.3"
"14,86 : 635.16"
"14,87 : 334.62"
"14,88 : 512.86"
"14,89 : 520.93"
"14,90 : 937.1"
"14,91 : 752.15"
"14,92 : 553.17"
"14,93 : 542.03"
"14,94 : 749.91"
"14,95 : 958.03"
"14,96 : 479.35"
"14,97 : 190.52"
"14,98 : 364.9"
"14,99 : 570.64"
"15,0 : 419.71"
"15,1 : 503.52"
"15,2 : 333.06"
"15,3 : 423.82"
"15,4 : 803.16"
"15,5 : 499.19"
"15,6 : 180.69"
"15,7 : 622.11"
"15,8 : 341.23"
"15,9 : 458.88"
"15,10 : 407.46"
"15,11 : 619.37"
"15,12 : 489.27"
"15,13 : 484.29"
"15,14 : 184.81"
"15,15 : 0.0"
"15,16 : 579.6"
"15,17 : 257.69"
"15,18 : 342.43"
"15,19 : 320.4"
"15,20 : 407.71"
"15,21 : 413.36"
"15,22 : 599.3"
"15,23 : 568.9"
"15,24 : 453.4"
"15,25 : 765.88"
"15,26 : 648.34"
"15,27 : 552.31"
"15,28 : 200.6"
"15,29 : 217.52"
"15,30 : 687.22"
"15,31 : 553.91"
"15,32 : 528.85"
"15,33 : 395.64"
"15,34 : 487.41"
"15,35 : 771.37"
"15,36 : 351.14"
"15,37 : 725.59"
"15,38 : 260.23"
"15,39 : 603.25"
"15,40 : 277.32"
"15,41 : 426.88"
"15,42 : 309.01"
"15,43 : 611.13"
"15,44 : 799.89"
"15,45 : 432.64"
"15,46 : 37.34"
"15,47 : 424.01"
"15,48 : 252.24"
"15,49 : 507.39"
"15,50 : 563.31"
"15,51 : 442.81"
"15,52 : 602.74"
"15,53 : 206.77"
"15,54 : 241.92"
"15,55 : 600.61"
"15,56 : 717.83"
"15,57 : 401.66"
"15,58 : 279.42"
"15,59 : 413.41"
"15,60 : 279.2"
"15,61 : 450.58"
"15,62 : 467.86"
"15,63 : 140.13"
"15,64 : 282.16"
"15,65 : 519.47"
"15,66 : 765.07"
"15,67 : 487.17"
"15,68 : 482.15"
"15,69 : 500.36"
"15,70 : 143.69"
"15,71 : 426.59"
"15,72 : 602.59"
"15,73 : 546.69"
"15,74 : 398.93"
"15,75 : 465.63"
"15,76 : 574.6"
"15,77 : 427.65"
"15,78 : 689.38"
"15,79 : 252.25"
"15,80 : 722.87"
"15,81 : 594.36"
"15,82 : 212.85"
"15,83 : 241.96"
"15,84 : 78.49"
"15,85 : 630.97"
"15,86 : 687.2"
"15,87 : 444.3"
"15,88 : 366.88"
"15,89 : 576.91"
"15,90 : 774.37"
"15,91 : 592.19"
"15,92 : 384.02"
"15,93 : 445.54"
"15,94 : 702.57"
"15,95 : 792.93"
"15,96 : 339.16"
"15,97 : 363.5"
"15,98 : 224.36"
"15,99 : 512.77"
"16,0 : 856.98"
"16,1 : 845.33"
"16,2 : 428.26"
"16,3 : 641.25"
"16,4 : 223.83"
"16,5 : 595.69"
"16,6 : 600.89"
"16,7 : 696.8"
"16,8 : 279.58"
"16,9 : 154.98"
"16,10 : 712.78"
"16,11 : 814.0"
"16,12 : 734.79"
"16,13 : 167.67"
"16,14 : 570.48"
"16,15 : 579.6"
"16,16 : 0.0"
"16,17 : 406.98"
"16,18 : 651.23"
"16,19 : 573.69"
"16,20 : 330.19"
"16,21 : 960.48"
"16,22 : 388.82"
"16,23 : 273.21"
"16,24 : 890.86"
"16,25 : 736.86"
"16,26 : 721.03"
"16,27 : 257.12"
"16,28 : 379.01"
"16,29 : 413.6"
"16,30 : 121.7"
"16,31 : 766.17"
"16,32 : 699.95"
"16,33 : 242.53"
"16,34 : 521.16"
"16,35 : 207.51"
"16,36 : 244.62"
"16,37 : 605.56"
"16,38 : 432.72"
"16,39 : 714.12"
"16,40 : 760.74"
"16,41 : 154.83"
"16,42 : 805.01"
"16,43 : 447.78"
"16,44 : 223.71"
"16,45 : 706.05"
"16,46 : 570.27"
"16,47 : 468.54"
"16,48 : 383.34"
"16,49 : 473.23"
"16,50 : 655.03"
"16,51 : 151.27"
"16,52 : 215.29"
"16,53 : 511.81"
"16,54 : 485.25"
"16,55 : 48.37"
"16,56 : 183.98"
"16,57 : 180.37"
"16,58 : 301.97"
"16,59 : 298.12"
"16,60 : 533.16"
"16,61 : 131.06"
"16,62 : 538.1"
"16,63 : 503.11"
"16,64 : 677.48"
"16,65 : 760.26"
"16,66 : 811.55"
"16,67 : 542.33"
"16,68 : 119.4"
"16,69 : 366.67"
"16,70 : 528.0"
"16,71 : 483.74"
"16,72 : 91.97"
"16,73 : 308.89"
"16,74 : 539.34"
"16,75 : 535.71"
"16,76 : 726.8"
"16,77 : 152.27"
"16,78 : 225.76"
"16,79 : 713.37"
"16,80 : 795.23"
"16,81 : 675.67"
"16,82 : 382.37"
"16,83 : 815.67"
"16,84 : 658.03"
"16,85 : 292.37"
"16,86 : 169.3"
"16,87 : 331.59"
"16,88 : 482.89"
"16,89 : 147.08"
"16,90 : 798.86"
"16,91 : 653.35"
"16,92 : 880.05"
"16,93 : 324.62"
"16,94 : 250.46"
"16,95 : 829.33"
"16,96 : 457.32"
"16,97 : 528.14"
"16,98 : 460.57"
"16,99 : 206.9"
"17,0 : 662.0"
"17,1 : 720.15"
"17,2 : 89.32"
"17,3 : 281.19"
"17,4 : 622.55"
"17,5 : 300.83"
"17,6 : 391.37"
"17,7 : 744.6"
"17,8 : 292.85"
"17,9 : 346.34"
"17,10 : 602.2"
"17,11 : 789.96"
"17,12 : 373.92"
"17,13 : 386.21"
"17,14 : 167.36"
"17,15 : 257.69"
"17,16 : 406.98"
"17,17 : 0.0"
"17,18 : 529.87"
"17,19 : 185.05"
"17,20 : 151.61"
"17,21 : 669.59"
"17,22 : 592.56"
"17,23 : 318.4"
"17,24 : 697.04"
"17,25 : 858.43"
"17,26 : 772.61"
"17,27 : 495.32"
"17,28 : 155.66"
"17,29 : 275.5"
"17,30 : 527.8"
"17,31 : 725.98"
"17,32 : 372.95"
"17,33 : 332.62"
"17,34 : 260.95"
"17,35 : 614.25"
"17,36 : 166.43"
"17,37 : 776.21"
"17,38 : 338.92"
"17,39 : 738.86"
"17,40 : 525.76"
"17,41 : 260.11"
"17,42 : 561.76"
"17,43 : 627.87"
"17,44 : 628.07"
"17,45 : 617.05"
"17,46 : 228.6"
"17,47 : 188.32"
"17,48 : 33.12"
"17,49 : 263.78"
"17,50 : 686.33"
"17,51 : 317.52"
"17,52 : 516.87"
"17,53 : 106.1"
"17,54 : 362.71"
"17,55 : 443.22"
"17,56 : 579.66"
"17,57 : 237.26"
"17,58 : 194.65"
"17,59 : 391.95"
"17,60 : 135.15"
"17,61 : 281.44"
"17,62 : 252.1"
"17,63 : 125.54"
"17,64 : 270.93"
"17,65 : 699.7"
"17,66 : 888.2"
"17,67 : 581.82"
"17,68 : 351.24"
"17,69 : 506.15"
"17,70 : 140.36"
"17,71 : 508.08"
"17,72 : 463.32"
"17,73 : 291.59"
"17,74 : 515.87"
"17,75 : 249.36"
"17,76 : 724.37"
"17,77 : 268.37"
"17,78 : 583.62"
"17,79 : 492.04"
"17,80 : 853.29"
"17,81 : 716.63"
"17,82 : 92.42"
"17,83 : 447.88"
"17,84 : 321.7"
"17,85 : 572.46"
"17,86 : 468.52"
"17,87 : 187.38"
"17,88 : 461.6"
"17,89 : 354.24"
"17,90 : 889.35"
"17,91 : 705.61"
"17,92 : 638.56"
"17,93 : 437.84"
"17,94 : 603.53"
"17,95 : 913.93"
"17,96 : 424.61"
"17,97 : 172.59"
"17,98 : 328.27"
"17,99 : 436.32"
"18,0 : 219.2"
"18,1 : 200.72"
"18,2 : 618.93"
"18,3 : 758.44"
"18,4 : 844.49"
"18,5 : 818.09"
"18,6 : 162.0"
"18,7 : 304.6"
"18,8 : 376.79"
"18,9 : 496.39"
"18,10 : 72.57"
"18,11 : 276.96"
"18,12 : 829.84"
"18,13 : 492.87"
"18,14 : 522.43"
"18,15 : 342.43"
"18,16 : 651.23"
"18,17 : 529.87"
"18,18 : 0.0"
"18,19 : 651.37"
"18,20 : 648.86"
"18,21 : 407.09"
"18,22 : 445.22"
"18,23 : 771.37"
"18,24 : 249.04"
"18,25 : 463.15"
"18,26 : 327.14"
"18,27 : 481.0"
"18,28 : 385.35"
"18,29 : 274.09"
"18,30 : 716.22"
"18,31 : 211.57"
"18,32 : 863.16"
"18,33 : 408.72"
"18,34 : 789.4"
"18,35 : 781.97"
"18,36 : 519.14"
"18,37 : 471.06"
"18,38 : 227.55"
"18,39 : 276.4"
"18,40 : 197.73"
"18,41 : 541.28"
"18,42 : 232.44"
"18,43 : 422.28"
"18,44 : 828.09"
"18,45 : 90.7"
"18,46 : 377.63"
"18,47 : 717.86"
"18,48 : 506.66"
"18,49 : 792.7"
"18,50 : 252.01"
"18,51 : 502.81"
"18,52 : 552.87"
"18,53 : 527.54"
"18,54 : 181.07"
"18,55 : 646.26"
"18,56 : 710.82"
"18,57 : 524.61"
"18,58 : 407.21"
"18,59 : 363.24"
"18,60 : 603.6"
"18,61 : 558.18"
"18,62 : 776.78"
"18,63 : 454.67"
"18,64 : 624.31"
"18,65 : 177.41"
"18,66 : 438.29"
"18,67 : 230.77"
"18,68 : 531.83"
"18,69 : 365.75"
"18,70 : 470.44"
"18,71 : 219.97"
"18,72 : 623.4"
"18,73 : 767.32"
"18,74 : 151.95"
"18,75 : 774.19"
"18,76 : 239.77"
"18,77 : 533.33"
"18,78 : 643.77"
"18,79 : 160.7"
"18,80 : 393.18"
"18,81 : 279.89"
"18,82 : 443.42"
"18,83 : 480.11"
"18,84 : 360.2"
"18,85 : 536.73"
"18,86 : 807.74"
"18,87 : 684.93"
"18,88 : 183.45"
"18,89 : 722.11"
"18,90 : 452.77"
"18,91 : 286.88"
"18,92 : 280.86"
"18,93 : 357.49"
"18,94 : 644.98"
"18,95 : 466.46"
"18,96 : 197.91"
"18,97 : 680.48"
"18,98 : 215.04"
"18,99 : 482.04"
"19,0 : 737.31"
"19,1 : 823.24"
"19,2 : 146.89"
"19,3 : 108.07"
"19,4 : 777.16"
"19,5 : 184.13"
"19,6 : 494.62"
"19,7 : 900.38"
"19,8 : 475.21"
"19,9 : 529.91"
"19,10 : 720.51"
"19,11 : 924.69"
"19,12 : 193.04"
"19,13 : 570.42"
"19,14 : 137.32"
"19,15 : 320.4"
"19,16 : 573.69"
"19,17 : 185.05"
"19,18 : 651.37"
"19,19 : 0.0"
"19,20 : 257.41"
"19,21 : 683.47"
"19,22 : 775.55"
"19,23 : 412.46"
"19,24 : 770.0"
"19,25 : 1025.35"
"19,26 : 928.07"
"19,27 : 680.37"
"19,28 : 322.57"
"19,29 : 432.83"
"19,30 : 695.34"
"19,31 : 859.23"
"19,32 : 211.92"
"19,33 : 517.09"
"19,34 : 196.87"
"19,35 : 780.32"
"19,36 : 345.56"
"19,37 : 952.52"
"19,38 : 496.11"
"19,39 : 889.45"
"19,40 : 593.33"
"19,41 : 437.03"
"19,42 : 619.79"
"19,43 : 808.41"
"19,44 : 787.19"
"19,45 : 741.9"
"19,46 : 283.06"
"19,47 : 164.27"
"19,48 : 217.57"
"19,49 : 241.15"
"19,50 : 841.07"
"19,51 : 500.27"
"19,52 : 700.72"
"19,53 : 125.73"
"19,54 : 507.24"
"19,55 : 614.33"
"19,56 : 753.08"
"19,57 : 416.23"
"19,58 : 376.9"
"19,59 : 573.84"
"19,60 : 53.25"
"19,61 : 456.32"
"19,62 : 168.68"
"19,63 : 197.52"
"19,64 : 134.54"
"19,65 : 828.08"
"19,66 : 1045.29"
"19,67 : 744.19"
"19,68 : 532.23"
"19,69 : 686.65"
"19,70 : 181.18"
"19,71 : 672.49"
"19,72 : 639.28"
"19,73 : 371.37"
"19,74 : 669.1"
"19,75 : 167.33"
"19,76 : 868.66"
"19,77 : 446.79"
"19,78 : 764.3"
"19,79 : 572.15"
"19,80 : 1007.26"
"19,81 : 872.1"
"19,82 : 264.58"
"19,83 : 408.42"
"19,84 : 348.54"
"19,85 : 757.43"
"19,86 : 601.01"
"19,87 : 275.97"
"19,88 : 620.47"
"19,89 : 490.84"
"19,90 : 1049.39"
"19,91 : 864.09"
"19,92 : 689.54"
"19,93 : 618.95"
"19,94 : 785.02"
"19,95 : 1072.03"
"19,96 : 584.82"
"19,97 : 71.22"
"19,98 : 476.07"
"19,99 : 621.23"
"20,0 : 800.89"
"20,1 : 845.9"
"20,2 : 113.18"
"20,3 : 312.01"
"20,4 : 521.97"
"20,5 : 270.93"
"20,6 : 525.55"
"20,7 : 824.73"
"20,8 : 337.26"
"20,9 : 331.71"
"20,10 : 721.25"
"20,11 : 892.16"
"20,12 : 404.84"
"20,13 : 374.16"
"20,14 : 304.06"
"20,15 : 407.71"
"20,16 : 330.19"
"20,17 : 151.61"
"20,18 : 648.86"
"20,19 : 257.41"
"20,20 : 0.0"
"20,21 : 820.59"
"20,22 : 613.07"
"20,23 : 169.43"
"20,24 : 836.28"
"20,25 : 918.73"
"20,26 : 852.51"
"20,27 : 494.9"
"20,28 : 264.0"
"20,29 : 377.57"
"20,30 : 449.7"
"20,31 : 830.76"
"20,32 : 371.61"
"20,33 : 356.79"
"20,34 : 201.69"
"20,35 : 532.0"
"20,36 : 158.67"
"20,37 : 817.27"
"20,38 : 435.16"
"20,39 : 825.7"
"20,40 : 669.1"
"20,41 : 222.28"
"20,42 : 707.0"
"20,43 : 659.04"
"20,44 : 533.94"
"20,45 : 731.14"
"20,46 : 379.87"
"20,47 : 139.84"
"20,48 : 156.68"
"20,49 : 169.76"
"20,50 : 769.29"
"20,51 : 299.82"
"20,52 : 494.62"
"20,53 : 242.77"
"20,54 : 471.07"
"20,55 : 375.16"
"20,56 : 513.93"
"20,57 : 211.01"
"20,58 : 256.31"
"20,59 : 429.06"
"20,60 : 229.22"
"20,61 : 233.98"
"20,62 : 212.62"
"20,63 : 276.94"
"20,64 : 380.37"
"20,65 : 809.11"
"20,66 : 963.63"
"20,67 : 657.18"
"20,68 : 320.71"
"20,69 : 542.38"
"20,70 : 289.56"
"20,71 : 583.22"
"20,72 : 407.71"
"20,73 : 140.0"
"20,74 : 606.53"
"20,75 : 210.02"
"20,76 : 818.62"
"20,77 : 235.13"
"20,78 : 541.13"
"20,79 : 632.23"
"20,80 : 933.54"
"20,81 : 797.83"
"20,82 : 211.4"
"20,83 : 595.63"
"20,84 : 473.27"
"20,85 : 562.9"
"20,86 : 343.93"
"20,87 : 37.34"
"20,88 : 547.46"
"20,89 : 233.52"
"20,90 : 960.48"
"20,91 : 782.94"
"20,92 : 784.55"
"20,93 : 475.3"
"20,94 : 564.15"
"20,95 : 987.49"
"20,96 : 510.66"
"20,97 : 201.68"
"20,98 : 435.97"
"20,99 : 431.03"
"21,0 : 236.6"
"21,1 : 380.5"
"21,2 : 738.18"
"21,3 : 765.07"
"21,4 : 1177.54"
"21,5 : 866.5"
"21,6 : 365.96"
"21,7 : 680.66"
"21,8 : 688.03"
"21,9 : 818.12"
"21,10 : 406.96"
"21,11 : 579.57"
"21,12 : 795.57"
"21,13 : 830.41"
"21,14 : 554.03"
"21,15 : 413.36"
"21,16 : 960.48"
"21,17 : 669.59"
"21,18 : 407.09"
"21,19 : 683.47"
"21,20 : 820.59"
"21,21 : 0.0"
"21,22 : 844.57"
"21,23 : 982.06"
"21,24 : 238.5"
"21,25 : 841.21"
"21,26 : 696.04"
"21,27 : 855.37"
"21,28 : 596.34"
"21,29 : 548.78"
"21,30 : 1052.92"
"21,31 : 534.15"
"21,32 : 860.89"
"21,33 : 736.73"
"21,34 : 874.42"
"21,35 : 1130.36"
"21,36 : 754.4"
"21,37 : 873.53"
"21,38 : 545.85"
"21,39 : 643.09"
"21,40 : 217.88"
"21,41 : 817.21"
"21,42 : 176.48"
"21,43 : 827.31"
"21,44 : 1168.18"
"21,45 : 442.3"
"21,46 : 441.02"
"21,47 : 820.39"
"21,48 : 665.6"
"21,49 : 905.11"
"21,50 : 639.84"
"21,51 : 811.68"
"21,52 : 921.89"
"21,53 : 600.08"
"21,54 : 495.82"
"21,55 : 971.07"
"21,56 : 1066.11"
"21,57 : 793.62"
"21,58 : 662.82"
"21,59 : 719.2"
"21,60 : 658.94"
"21,61 : 839.7"
"21,62 : 849.51"
"21,63 : 546.44"
"21,64 : 581.88"
"21,65 : 494.54"
"21,66 : 786.3"
"21,67 : 637.82"
"21,68 : 848.76"
"21,69 : 756.19"
"21,70 : 540.27"
"21,71 : 620.42"
"21,72 : 961.28"
"21,73 : 959.93"
"21,74 : 556.07"
"21,75 : 847.78"
"21,76 : 596.0"
"21,77 : 814.79"
"21,78 : 1014.46"
"21,79 : 265.83"
"21,80 : 739.69"
"21,81 : 661.89"
"21,82 : 623.08"
"21,83 : 296.14"
"21,84 : 349.61"
"21,85 : 922.16"
"21,86 : 1087.95"
"21,87 : 856.88"
"21,88 : 571.99"
"21,89 : 981.79"
"21,90 : 808.8"
"21,91 : 675.95"
"21,92 : 137.06"
"21,93 : 730.0"
"21,94 : 1020.6"
"21,95 : 812.46"
"21,96 : 570.6"
"21,97 : 744.02"
"21,98 : 510.34"
"21,99 : 838.67"
"22,0 : 661.0"
"22,1 : 589.29"
"22,2 : 662.08"
"22,3 : 873.56"
"22,4 : 490.87"
"22,5 : 873.72"
"22,6 : 501.08"
"22,7 : 340.52"
"22,8 : 300.34"
"22,9 : 287.33"
"22,10 : 475.73"
"22,11 : 486.1"
"22,12 : 966.44"
"22,13 : 247.8"
"22,14 : 701.39"
"22,15 : 599.3"
"22,16 : 388.82"
"22,17 : 592.56"
"22,18 : 445.22"
"22,19 : 775.55"
"22,20 : 613.07"
"22,21 : 844.57"
"22,22 : 0.0"
"22,23 : 636.52"
"22,24 : 687.17"
"22,25 : 349.59"
"22,26 : 359.49"
"22,27 : 132.42"
"22,28 : 460.78"
"22,29 : 383.51"
"22,30 : 378.22"
"22,31 : 457.59"
"22,32 : 960.75"
"22,33 : 261.93"
"22,34 : 812.11"
"22,35 : 409.03"
"22,36 : 457.83"
"22,37 : 217.38"
"22,38 : 341.33"
"22,39 : 369.38"
"22,40 : 627.08"
"22,41 : 396.96"
"22,42 : 668.21"
"22,43 : 60.41"
"22,44 : 464.16"
"22,45 : 451.89"
"22,46 : 614.38"
"22,47 : 742.61"
"22,48 : 559.46"
"22,49 : 782.25"
"22,50 : 316.99"
"22,51 : 317.91"
"22,52 : 183.98"
"22,53 : 664.87"
"22,54 : 374.67"
"22,55 : 353.19"
"22,56 : 335.31"
"22,57 : 403.17"
"22,58 : 398.66"
"22,59 : 202.25"
"22,60 : 723.14"
"22,61 : 393.59"
"22,62 : 817.05"
"22,63 : 613.95"
"22,64 : 826.11"
"22,65 : 468.6"
"22,66 : 432.42"
"22,67 : 233.96"
"22,68 : 310.16"
"22,69 : 99.0"
"22,70 : 641.53"
"22,71 : 225.52"
"22,72 : 309.34"
"22,73 : 659.8"
"22,74 : 293.44"
"22,75 : 814.25"
"22,76 : 398.18"
"22,77 : 383.51"
"22,78 : 246.0"
"22,79 : 580.39"
"22,80 : 423.86"
"22,81 : 326.98"
"22,82 : 512.34"
"22,83 : 826.97"
"22,84 : 664.47"
"22,85 : 121.4"
"22,86 : 553.08"
"22,87 : 634.39"
"22,88 : 273.16"
"22,89 : 525.93"
"22,90 : 416.23"
"22,91 : 301.39"
"22,92 : 725.0"
"22,93 : 159.36"
"22,94 : 235.59"
"22,95 : 447.17"
"22,96 : 281.11"
"22,97 : 761.82"
"22,98 : 379.82"
"22,99 : 191.93"
"23,0 : 943.14"
"23,1 : 971.87"
"23,2 : 278.0"
"23,3 : 441.37"
"23,4 : 406.28"
"23,5 : 362.93"
"23,6 : 666.81"
"23,7 : 901.45"
"23,8 : 415.2"
"23,9 : 352.94"
"23,10 : 842.05"
"23,11 : 991.0"
"23,12 : 525.0"
"23,13 : 389.48"
"23,14 : 473.25"
"23,15 : 568.9"
"23,16 : 273.21"
"23,17 : 318.4"
"23,18 : 771.37"
"23,19 : 412.46"
"23,20 : 169.43"
"23,21 : 982.06"
"23,22 : 636.52"
"23,23 : 0.0"
"23,24 : 978.64"
"23,25 : 971.37"
"23,26 : 928.19"
"23,27 : 505.91"
"23,28 : 400.78"
"23,29 : 497.97"
"23,30 : 371.02"
"23,31 : 933.74"
"23,32 : 471.09"
"23,33 : 412.68"
"23,34 : 286.18"
"23,35 : 440.03"
"23,36 : 252.29"
"23,37 : 852.38"
"23,38 : 546.09"
"23,39 : 909.56"
"23,40 : 818.4"
"23,41 : 253.3"
"23,42 : 858.51"
"23,43 : 690.97"
"23,44 : 426.13"
"23,45 : 846.43"
"23,46 : 543.74"
"23,47 : 260.32"
"23,48 : 317.18"
"23,49 : 228.05"
"23,50 : 850.75"
"23,51 : 325.68"
"23,52 : 480.97"
"23,53 : 412.16"
"23,54 : 590.31"
"23,55 : 321.22"
"23,56 : 444.98"
"23,57 : 259.79"
"23,58 : 364.17"
"23,59 : 486.75"
"23,60 : 392.84"
"23,61 : 248.46"
"23,62 : 311.72"
"23,63 : 443.79"
"23,64 : 542.33"
"23,65 : 917.58"
"23,66 : 1031.63"
"23,67 : 735.17"
"23,68 : 326.59"
"23,69 : 587.76"
"23,70 : 458.04"
"23,71 : 664.8"
"23,72 : 364.82"
"23,73 : 46.17"
"23,74 : 702.2"
"23,75 : 310.06"
"23,76 : 910.58"
"23,77 : 265.71"
"23,78 : 498.7"
"23,79 : 778.07"
"23,80 : 1007.52"
"23,81 : 876.52"
"23,82 : 360.97"
"23,83 : 764.81"
"23,84 : 638.05"
"23,85 : 557.11"
"23,86 : 207.02"
"23,87 : 139.7"
"23,88 : 641.53"
"23,89 : 128.89"
"23,90 : 1023.85"
"23,91 : 858.02"
"23,92 : 936.59"
"23,93 : 528.12"
"23,94 : 523.47"
"23,95 : 1052.9"
"23,96 : 607.16"
"23,97 : 347.04"
