x,y
194,212
390,221
560,898
911,970
741,822
403,276
615,496
295,815
428,306
889,279
744,772
330,313
621,505
979,550
425,977
450,546
134,398
353,152
131,715
516,110
66,931
626,424
973,981
149,349
983,577
447,943
225,828
795,148
106,617
225,557
23,147
280,696
792,276
743,444
31,567
496,645
390,70
1000,381
247,939
991,691
286,663
257,850
424,549
571,129
734,813
759,813
983,34
642,783
519,703
52,54
915,945
115,109
722,950
830,276
459,675
336,736
592,553
236,513
242,4
305,330
896,127
307,782
987,288
109,236
151,808
850,749
484,939
904,124
978,934
120,449
928,878
82,36
820,370
697,691
306,224
668,516
260,633
104,909
468,954
882,653
260,705
2,348
837,925
30,157
656,505
829,828
310,515
320,58
651,418
842,912
244,660
682,112
765,17
886,62
713,831
267,169
872,67
648,318
802,447
269,590

Distanze
"0,0 : 0.0"
"0,1 : 753.89"
"0,2 : 635.02"
"0,3 : 241.3"
"0,4 : 640.2"
"0,5 : 372.8"
"0,6 : 594.54"
"0,7 : 326.55"
"0,8 : 413.63"
"0,9 : 240.52"
"0,10 : 593.33"
"0,11 : 186.64"
"0,12 : 413.88"
"0,13 : 213.55"
"0,14 : 172.79"
"0,15 : 347.83"
"0,16 : 272.24"
"0,17 : 184.55"
"0,18 : 143.45"
"0,19 : 512.08"
"0,20 : 479.2"
"0,21 : 546.44"
"0,22 : 616.03"
"0,23 : 107.0"
"0,24 : 758.98"
"0,25 : 500.24"
"0,26 : 334.63"
"0,27 : 360.94"
"0,28 : 655.77"
"0,29 : 539.89"
"0,30 : 469.43"
"0,31 : 374.75"
"0,32 : 343.28"
"0,33 : 642.28"
"0,34 : 485.85"
"0,35 : 231.22"
"0,36 : 133.65"
"0,37 : 574.53"
"0,38 : 147.11"
"0,39 : 148.43"
"0,40 : 59.54"
"0,41 : 773.82"
"0,42 : 306.14"
"0,43 : 91.61"
"0,44 : 487.31"
"0,45 : 682.57"
"0,46 : 629.93"
"0,47 : 505.59"
"0,48 : 762.39"
"0,49 : 642.65"
"0,50 : 415.27"
"0,51 : 504.02"
"0,52 : 708.57"
"0,53 : 989.64"
"0,54 : 118.73"
"0,55 : 729.87"
"0,56 : 626.58"
"0,57 : 277.97"
"0,58 : 730.07"
"0,59 : 158.68"
"0,60 : 456.43"
"0,61 : 295.81"
"0,62 : 410.35"
"0,63 : 642.51"
"0,64 : 163.36"
"0,65 : 759.4"
"0,66 : 104.74"
"0,67 : 519.13"
"0,68 : 484.7"
"0,69 : 621.69"
"0,70 : 238.6"
"0,71 : 295.45"
"0,72 : 407.22"
"0,73 : 556.54"
"0,74 : 194.0"
"0,75 : 297.62"
"0,76 : 674.69"
"0,77 : 540.68"
"0,78 : 214.03"
"0,79 : 663.0"
"0,80 : 207.93"
"0,81 : 473.21"
"0,82 : 514.81"
"0,83 : 586.55"
"0,84 : 309.74"
"0,85 : 758.78"
"0,86 : 181.22"
"0,87 : 863.3"
"0,88 : 89.68"
"0,89 : 108.06"
"0,90 : 24.7"
"0,91 : 392.85"
"0,92 : 638.53"
"0,93 : 439.88"
"0,94 : 479.05"
"0,95 : 527.3"
"0,96 : 704.0"
"0,97 : 359.57"
"0,98 : 266.83"
"0,99 : 688.39"
"1,0 : 753.89"
"1,1 : 0.0"
"1,2 : 704.24"
"1,3 : 733.25"
"1,4 : 215.36"
"1,5 : 737.91"
"1,6 : 493.88"
"1,7 : 553.32"
"1,8 : 564.01"
"1,9 : 929.03"
"1,10 : 321.31"
"1,11 : 833.34"
"1,12 : 793.83"
"1,13 : 546.77"
"1,14 : 710.48"
"1,15 : 1086.02"
"1,16 : 490.15"
"1,17 : 849.19"
"1,18 : 817.67"
"1,19 : 743.38"
"1,20 : 742.03"
"1,21 : 795.07"
"1,22 : 139.6"
"1,23 : 817.16"
"1,24 : 593.72"
"1,25 : 255.81"
"1,26 : 748.43"
"1,27 : 815.79"
"1,28 : 505.29"
"1,29 : 354.54"
"1,30 : 423.62"
"1,31 : 379.15"
"1,32 : 555.23"
"1,33 : 750.71"
"1,34 : 827.7"
"1,35 : 627.0"
"1,36 : 808.63"
"1,37 : 757.31"
"1,38 : 648.26"
"1,39 : 868.48"
"1,40 : 716.44"
"1,41 : 697.7"
"1,42 : 581.69"
"1,43 : 845.38"
"1,44 : 785.72"
"1,45 : 331.89"
"1,46 : 533.18"
"1,47 : 526.86"
"1,48 : 709.56"
"1,49 : 384.23"
"1,50 : 580.0"
"1,51 : 340.24"
"1,52 : 163.96"
"1,53 : 260.35"
"1,54 : 647.57"
"1,55 : 394.51"
"1,56 : 357.69"
"1,57 : 850.34"
"1,58 : 350.18"
"1,59 : 879.24"
"1,60 : 299.29"
"1,61 : 630.75"
"1,62 : 365.2"
"1,63 : 158.24"
"1,64 : 659.79"
"1,65 : 264.84"
"1,66 : 652.9"
"1,67 : 320.78"
"1,68 : 610.38"
"1,69 : 823.51"
"1,70 : 775.58"
"1,71 : 568.8"
"1,72 : 731.18"
"1,73 : 526.81"
"1,74 : 807.42"
"1,75 : 705.86"
"1,76 : 811.16"
"1,77 : 753.41"
"1,78 : 951.25"
"1,79 : 157.28"
"1,80 : 957.55"
"1,81 : 401.0"
"1,82 : 412.42"
"1,83 : 646.58"
"1,84 : 587.64"
"1,85 : 733.14"
"1,86 : 859.41"
"1,87 : 157.15"
"1,88 : 699.52"
"1,89 : 654.81"
"1,90 : 774.1"
"1,91 : 576.92"
"1,92 : 293.47"
"1,93 : 314.08"
"1,94 : 708.05"
"1,95 : 228.53"
"1,96 : 275.63"
"1,97 : 794.89"
"1,98 : 758.61"
"1,99 : 552.6"
"2,0 : 635.02"
"2,1 : 704.24"
"2,2 : 0.0"
"2,3 : 825.94"
"2,4 : 488.89"
"2,5 : 284.25"
"2,6 : 949.66"
"2,7 : 770.72"
"2,8 : 248.78"
"2,9 : 599.59"
"2,10 : 824.36"
"2,11 : 530.74"
"2,12 : 988.87"
"2,13 : 517.94"
"2,14 : 465.0"
"2,15 : 930.48"
"2,16 : 499.15"
"2,17 : 550.46"
"2,18 : 556.92"
"2,19 : 1037.19"
"2,20 : 1012.74"
"2,21 : 162.05"
"2,22 : 645.13"
"2,23 : 741.87"
"2,24 : 1118.87"
"2,25 : 555.45"
"2,26 : 907.29"
"2,27 : 350.09"
"2,28 : 999.6"
"2,29 : 361.13"
"2,30 : 795.0"
"2,31 : 555.84"
"2,32 : 788.36"
"2,33 : 1131.38"
"2,34 : 246.99"
"2,35 : 410.67"
"2,36 : 766.93"
"2,37 : 1088.31"
"2,38 : 676.93"
"2,39 : 778.0"
"2,40 : 576.68"
"2,41 : 1187.55"
"2,42 : 347.8"
"2,43 : 689.05"
"2,44 : 206.63"
"2,45 : 388.97"
"2,46 : 999.63"
"2,47 : 904.9"
"2,48 : 1187.08"
"2,49 : 326.2"
"2,50 : 238.81"
"2,51 : 752.37"
"2,52 : 797.53"
"2,53 : 790.03"
"2,54 : 543.28"
"2,55 : 358.62"
"2,56 : 348.52"
"2,57 : 460.24"
"2,58 : 398.0"
"2,59 : 622.87"
"2,60 : 543.79"
"2,61 : 805.46"
"2,62 : 647.54"
"2,63 : 728.01"
"2,64 : 475.43"
"2,65 : 491.69"
"2,66 : 567.18"
"2,67 : 749.73"
"2,68 : 162.31"
"2,69 : 138.75"
"2,70 : 844.2"
"2,71 : 754.07"
"2,72 : 247.16"
"2,73 : 182.33"
"2,74 : 498.93"
"2,75 : 855.73"
"2,76 : 107.2"
"2,77 : 1062.58"
"2,78 : 820.44"
"2,79 : 750.7"
"2,80 : 791.4"
"2,81 : 346.6"
"2,82 : 309.81"
"2,83 : 1037.57"
"2,84 : 341.09"
"2,85 : 1197.62"
"2,86 : 816.24"
"2,87 : 690.26"
"2,88 : 547.02"
"2,89 : 629.23"
"2,90 : 657.55"
"2,91 : 848.81"
"2,92 : 412.39"
"2,93 : 560.09"
"2,94 : 995.07"
"2,95 : 567.07"
"2,96 : 449.16"
"2,97 : 334.07"
"2,98 : 396.59"
"2,99 : 1050.32"
"3,0 : 241.3"
"3,1 : 733.25"
"3,2 : 825.94"
"3,3 : 0.0"
"3,4 : 688.03"
"3,5 : 592.83"
"3,6 : 420.28"
"3,7 : 186.47"
"3,8 : 582.29"
"3,9 : 468.85"
"3,10 : 483.04"
"3,11 : 427.57"
"3,12 : 174.01"
"3,13 : 316.07"
"3,14 : 395.29"
"3,15 : 399.52"
"3,16 : 355.41"
"3,17 : 423.88"
"3,18 : 383.99"
"3,19 : 274.12"
"3,20 : 240.44"
"3,21 : 763.92"
"3,22 : 596.48"
"3,23 : 185.95"
"3,24 : 562.07"
"3,25 : 512.06"
"3,26 : 93.35"
"3,27 : 595.41"
"3,28 : 477.16"
"3,29 : 633.59"
"3,30 : 345.14"
"3,31 : 392.09"
"3,32 : 191.67"
"3,33 : 408.51"
"3,34 : 713.63"
"3,35 : 418.9"
"3,36 : 149.91"
"3,37 : 337.14"
"3,38 : 149.25"
"3,39 : 213.94"
"3,40 : 279.8"
"3,41 : 556.44"
"3,42 : 478.28"
"3,43 : 274.05"
"3,44 : 708.07"
"3,45 : 769.69"
"3,46 : 443.0"
"3,47 : 325.76"
"3,48 : 542.07"
"3,49 : 747.84"
"3,50 : 589.41"
"3,51 : 412.53"
"3,52 : 638.43"
"3,53 : 990.43"
"3,54 : 287.17"
"3,55 : 831.74"
"3,56 : 723.87"
"3,57 : 519.02"
"3,58 : 819.16"
"3,59 : 382.79"
"3,60 : 474.17"
"3,61 : 112.38"
"3,62 : 370.0"
"3,63 : 589.79"
"3,64 : 361.4"
"3,65 : 820.53"
"3,66 : 263.28"
"3,67 : 432.02"
"3,68 : 665.36"
"3,69 : 837.29"
"3,70 : 43.42"
"3,71 : 165.49"
"3,72 : 623.42"
"3,73 : 709.14"
"3,74 : 434.87"
"3,75 : 64.13"
"3,76 : 882.87"
"3,77 : 302.54"
"3,78 : 288.63"
"3,79 : 603.98"
"3,80 : 321.31"
"3,81 : 579.52"
"3,82 : 629.68"
"3,83 : 368.77"
"3,84 : 484.86"
"3,85 : 534.28"
"3,86 : 168.86"
"3,87 : 871.23"
"3,88 : 302.6"
"3,89 : 198.16"
"3,90 : 233.4"
"3,91 : 208.93"
"3,92 : 714.37"
"3,93 : 449.65"
"3,94 : 245.16"
"3,95 : 534.59"
"3,96 : 772.65"
"3,97 : 591.1"
"3,98 : 497.68"
"3,99 : 497.58"
"4,0 : 640.2"
"4,1 : 215.36"
"4,2 : 488.89"
"4,3 : 688.03"
"4,4 : 0.0"
"4,5 : 544.17"
"4,6 : 581.04"
"4,7 : 535.2"
"4,8 : 365.57"
"4,9 : 775.28"
"4,10 : 415.62"
"4,11 : 678.62"
"4,12 : 792.2"
"4,13 : 427.14"
"4,14 : 556.09"
"4,15 : 986.91"
"4,16 : 368.9"
"4,17 : 696.75"
"4,18 : 671.69"
"4,19 : 777.09"
"4,20 : 766.26"
"4,21 : 583.89"
"4,22 : 186.99"
"4,23 : 723.45"
"4,24 : 721.0"
"4,25 : 183.45"
"4,26 : 729.33"
"4,27 : 626.57"
"4,28 : 612.64"
"4,29 : 146.87"
"4,30 : 458.93"
"4,31 : 296.01"
"4,32 : 544.33"
"4,33 : 820.97"
"4,34 : 622.82"
"4,35 : 466.4"
"4,36 : 724.75"
"4,37 : 807.2"
"4,38 : 569.2"
"4,39 : 774.6"
"4,40 : 591.85"
"4,41 : 813.02"
"4,42 : 406.55"
"4,43 : 730.04"
"4,44 : 579.17"
"4,45 : 133.45"
"4,46 : 628.71"
"4,47 : 579.13"
"4,48 : 819.85"
"4,49 : 173.1"
"4,50 : 380.59"
"4,51 : 382.91"
"4,52 : 327.45"
"4,53 : 365.82"
"4,54 : 523.35"
"4,55 : 206.66"
"4,56 : 144.25"
"4,57 : 677.74"
"4,58 : 169.92"
"4,59 : 739.71"
"4,60 : 215.24"
"4,61 : 605.39"
"4,62 : 337.62"
"4,63 : 271.01"
"4,64 : 513.87"
"4,65 : 133.96"
"4,66 : 535.48"
"4,67 : 369.54"
"4,68 : 401.06"
"4,69 : 609.14"
"4,70 : 725.87"
"4,71 : 539.17"
"4,72 : 532.35"
"4,73 : 312.06"
"4,74 : 648.95"
"4,75 : 679.25"
"4,76 : 595.8"
"4,77 : 794.08"
"4,78 : 851.5"
"4,79 : 288.98"
"4,80 : 848.04"
"4,81 : 206.18"
"4,82 : 204.41"
"4,83 : 714.99"
"4,84 : 410.75"
"4,85 : 838.65"
"4,86 : 779.54"
"4,87 : 241.4"
"4,88 : 568.86"
"4,89 : 557.65"
"4,90 : 663.4"
"4,91 : 586.05"
"4,92 : 81.4"
"4,93 : 240.85"
"4,94 : 736.39"
"4,95 : 169.0"
"4,96 : 97.67"
"4,97 : 604.93"
"4,98 : 583.54"
"4,99 : 664.6"
"5,0 : 372.8"
"5,1 : 737.91"
"5,2 : 284.25"
"5,3 : 592.83"
"5,4 : 544.17"
"5,5 : 0.0"
"5,6 : 820.35"
"5,7 : 589.21"
"5,8 : 179.12"
"5,9 : 317.51"
"5,10 : 739.14"
"5,11 : 246.78"
"5,12 : 765.09"
"5,13 : 328.44"
"5,14 : 200.86"
"5,15 : 646.93"
"5,16 : 341.6"
"5,17 : 266.33"
"5,18 : 275.31"
"5,19 : 838.05"
"5,20 : 809.0"
"5,21 : 173.66"
"5,22 : 632.2"
"5,23 : 476.49"
"5,24 : 996.3"
"5,25 : 511.89"
"5,26 : 682.4"
"5,27 : 86.09"
"5,28 : 878.24"
"5,29 : 398.54"
"5,30 : 665.26"
"5,31 : 446.75"
"5,32 : 608.35"
"5,33 : 951.5"
"5,34 : 125.9"
"5,35 : 187.45"
"5,36 : 506.33"
"5,37 : 895.88"
"5,38 : 451.53"
"5,39 : 506.58"
"5,40 : 319.29"
"5,41 : 1043.53"
"5,42 : 174.9"
"5,43 : 413.09"
"5,44 : 115.45"
"5,45 : 508.04"
"5,46 : 867.0"
"5,47 : 753.62"
"5,48 : 1038.1"
"5,49 : 445.92"
"5,50 : 165.08"
"5,51 : 651.28"
"5,52 : 774.57"
"5,53 : 903.47"
"5,54 : 307.88"
"5,55 : 519.31"
"5,56 : 448.68"
"5,57 : 179.98"
"5,58 : 541.6"
"5,59 : 339.17"
"5,60 : 480.13"
"5,61 : 601.44"
"5,62 : 534.58"
"5,63 : 699.05"
"5,64 : 232.47"
"5,65 : 612.36"
"5,66 : 331.04"
"5,67 : 656.25"
"5,68 : 181.04"
"5,69 : 248.91"
"5,70 : 602.0"
"5,71 : 565.0"
"5,72 : 37.34"
"5,73 : 292.06"
"5,74 : 215.57"
"5,75 : 635.21"
"5,76 : 304.14"
"5,77 : 865.67"
"5,78 : 541.05"
"5,79 : 723.37"
"5,80 : 509.57"
"5,81 : 339.48"
"5,82 : 343.75"
"5,83 : 871.38"
"5,84 : 166.65"
"5,85 : 1042.57"
"5,86 : 550.72"
"5,87 : 783.39"
"5,88 : 292.55"
"5,89 : 397.08"
"5,90 : 392.67"
"5,91 : 669.74"
"5,92 : 495.36"
"5,93 : 483.63"
"5,94 : 798.58"
"5,95 : 534.34"
"5,96 : 556.23"
"5,97 : 64.35"
"5,98 : 114.07"
"5,99 : 923.74"
"6,0 : 594.54"
"6,1 : 493.88"
"6,2 : 949.66"
"6,3 : 420.28"
"6,4 : 581.04"
"6,5 : 820.35"
"6,6 : 0.0"
"6,7 : 268.04"
"6,8 : 714.54"
"6,9 : 833.25"
"6,10 : 174.03"
"6,11 : 761.65"
"6,12 : 377.46"
"6,13 : 495.65"
"6,14 : 673.15"
"6,15 : 818.8"
"6,16 : 479.59"
"6,17 : 766.94"
"6,18 : 724.8"
"6,19 : 279.71"
"6,20 : 292.04"
"6,21 : 958.94"
"6,22 : 404.78"
"6,23 : 589.57"
"6,24 : 175.97"
"6,25 : 419.05"
"6,26 : 375.41"
"6,27 : 862.74"
"6,28 : 61.39"
"6,29 : 623.4"
"6,30 : 156.85"
"6,31 : 394.63"
"6,32 : 251.88"
"6,33 : 257.29"
"6,34 : 944.1"
"6,35 : 637.46"
"6,36 : 560.15"
"6,37 : 274.64"
"6,38 : 447.46"
"6,39 : 628.17"
"6,40 : 597.63"
"6,41 : 239.63"
"6,42 : 651.11"
"6,43 : 663.55"
"6,44 : 919.25"
"6,45 : 708.53"
"6,46 : 50.22"
"6,47 : 94.54"
"6,48 : 242.47"
"6,49 : 723.92"
"6,50 : 728.98"
"6,51 : 204.42"
"6,52 : 339.17"
"6,53 : 740.61"
"6,54 : 555.33"
"6,55 : 782.93"
"6,56 : 692.29"
"6,57 : 830.35"
"6,58 : 750.17"
"6,59 : 753.21"
"6,60 : 414.78"
"6,61 : 315.25"
"6,62 : 302.23"
"6,63 : 340.0"
"6,64 : 617.8"
"6,65 : 701.91"
"6,66 : 541.56"
"6,67 : 213.77"
"6,68 : 797.62"
"6,69 : 1018.39"
"6,70 : 459.36"
"6,71 : 299.17"
"6,72 : 836.61"
"6,73 : 779.4"
"6,74 : 753.38"
"6,75 : 361.7"
"6,76 : 1039.48"
"6,77 : 280.17"
"6,78 : 707.39"
"6,79 : 336.79"
"6,80 : 736.24"
"6,81 : 610.08"
"6,82 : 656.49"
"6,83 : 155.9"
"6,84 : 659.71"
"6,85 : 258.69"
"6,86 : 588.56"
"6,87 : 650.96"
"6,88 : 602.48"
"6,89 : 493.65"
"6,90 : 600.81"
"6,91 : 212.6"
"6,92 : 648.06"
"6,93 : 394.15"
"6,94 : 257.45"
"6,95 : 421.0"
"6,96 : 678.32"
"6,97 : 849.25"
"6,98 : 769.05"
"6,99 : 103.47"
"7,0 : 326.55"
"7,1 : 553.32"
"7,2 : 770.72"
"7,3 : 186.47"
"7,4 : 535.2"
"7,5 : 589.21"
"7,6 : 268.04"
"7,7 : 0.0"
"7,8 : 522.46"
"7,9 : 565.81"
"7,10 : 298.41"
"7,11 : 497.46"
"7,12 : 257.13"
"7,13 : 263.03"
"7,14 : 419.49"
"7,15 : 577.12"
"7,16 : 271.59"
"7,17 : 501.42"
"7,18 : 459.09"
"7,19 : 268.27"
"7,20 : 247.39"
"7,21 : 745.43"
"7,22 : 419.89"
"7,23 : 328.34"
"7,24 : 434.37"
"7,25 : 352.43"
"7,26 : 197.49"
"7,27 : 618.1"
"7,28 : 329.23"
"7,29 : 510.73"
"7,30 : 161.06"
"7,31 : 251.13"
"7,32 : 19.21"
"7,33 : 364.68"
"7,34 : 715.1"
"7,35 : 401.76"
"7,36 : 303.3"
"7,37 : 317.59"
"7,38 : 179.52"
"7,39 : 371.61"
"7,40 : 332.68"
"7,41 : 461.19"
"7,42 : 435.6"
"7,43 : 397.05"
"7,44 : 697.67"
"7,45 : 634.57"
"7,46 : 304.14"
"7,47 : 180.08"
"7,48 : 453.22"
"7,49 : 625.16"
"7,50 : 533.89"
"7,51 : 226.15"
"7,52 : 452.11"
"7,53 : 812.7"
"7,54 : 298.3"
"7,55 : 703.0"
"7,56 : 597.37"
"7,57 : 572.04"
"7,58 : 683.11"
"7,59 : 485.22"
"7,60 : 321.17"
"7,61 : 77.62"
"7,62 : 199.86"
"7,63 : 405.55"
"7,64 : 367.84"
"7,65 : 669.15"
"7,66 : 281.3"
"7,67 : 245.73"
"7,68 : 609.29"
"7,69 : 812.63"
"7,70 : 229.89"
"7,71 : 31.14"
"7,72 : 611.83"
"7,73 : 624.25"
"7,74 : 492.01"
"7,75 : 152.55"
"7,76 : 845.95"
"7,77 : 292.55"
"7,78 : 454.51"
"7,79 : 418.72"
"7,80 : 478.01"
"7,81 : 470.09"
"7,82 : 521.67"
"7,83 : 282.58"
"7,84 : 443.81"
"7,85 : 455.2"
"7,86 : 341.01"
"7,87 : 697.0"
"7,88 : 340.75"
"7,89 : 227.71"
"7,90 : 332.94"
"7,91 : 80.66"
"7,92 : 575.32"
"7,93 : 295.15"
"7,94 : 225.66"
"7,95 : 371.16"
"7,96 : 626.93"
"7,97 : 607.46"
"7,98 : 520.6"
"7,99 : 362.86"
"8,0 : 413.63"
"8,1 : 564.01"
"8,2 : 248.78"
"8,3 : 582.29"
"8,4 : 365.57"
"8,5 : 179.12"
"8,6 : 714.54"
"8,7 : 522.46"
"8,8 : 0.0"
"8,9 : 453.52"
"8,10 : 606.26"
"8,11 : 363.42"
"8,12 : 741.84"
"8,13 : 270.07"
"8,14 : 260.65"
"8,15 : 741.11"
"8,16 : 250.93"
"8,17 : 383.86"
"8,18 : 373.97"
"8,19 : 788.46"
"8,20 : 763.96"
"8,21 : 251.37"
"8,22 : 467.55"
"8,23 : 519.47"
"8,24 : 887.58"
"8,25 : 354.49"
"8,26 : 660.87"
"8,27 : 263.35"
"8,28 : 767.83"
"8,29 : 219.49"
"8,30 : 557.98"
"8,31 : 320.99"
"8,32 : 540.3"
"8,33 : 884.56"
"8,34 : 265.59"
"8,35 : 182.58"
"8,36 : 539.27"
"8,37 : 839.99"
"8,38 : 433.08"
"8,39 : 561.71"
"8,40 : 354.12"
"8,41 : 949.28"
"8,42 : 108.23"
"8,43 : 483.33"
"8,44 : 226.77"
"8,45 : 333.48"
"8,46 : 763.81"
"8,47 : 662.74"
"8,48 : 947.33"
"8,49 : 274.43"
"8,50 : 16.49"
"8,51 : 525.68"
"8,52 : 615.62"
"8,53 : 724.49"
"8,54 : 308.03"
"8,55 : 354.3"
"8,56 : 273.2"
"8,57 : 332.34"
"8,58 : 370.83"
"8,59 : 445.93"
"8,60 : 330.22"
"8,61 : 556.9"
"8,62 : 413.82"
"8,63 : 540.93"
"8,64 : 250.45"
"8,65 : 435.62"
"8,66 : 331.01"
"8,67 : 526.41"
"8,68 : 86.83"
"8,69 : 304.54"
"8,70 : 603.68"
"8,71 : 505.36"
"8,72 : 167.51"
"8,73 : 145.4"
"8,74 : 330.0"
"8,75 : 608.8"
"8,76 : 326.75"
"8,77 : 813.96"
"8,78 : 617.51"
"8,79 : 565.11"
"8,80 : 596.92"
"8,81 : 163.08"
"8,82 : 164.81"
"8,83 : 792.81"
"8,84 : 103.95"
"8,85 : 956.23"
"8,86 : 591.95"
"8,87 : 604.29"
"8,88 : 324.05"
"8,89 : 388.86"
"8,90 : 437.82"
"8,91 : 601.1"
"8,92 : 316.8"
"8,93 : 340.15"
"8,94 : 746.4"
"8,95 : 373.63"
"8,96 : 378.82"
"8,97 : 241.46"
"8,98 : 240.57"
"8,99 : 817.03"
"9,0 : 240.52"
"9,1 : 929.03"
"9,2 : 599.59"
"9,3 : 468.85"
"9,4 : 775.28"
"9,5 : 317.51"
"9,6 : 833.25"
"9,7 : 565.81"
"9,8 : 453.52"
"9,9 : 0.0"
"9,10 : 817.41"
"9,11 : 96.75"
"9,12 : 632.74"
"9,13 : 391.13"
"9,14 : 220.07"
"9,15 : 348.97"
"9,16 : 442.72"
"9,17 : 79.85"
"9,18 : 115.12"
"9,19 : 742.97"
"9,20 : 709.24"
"9,21 : 463.28"
"9,22 : 798.79"
"9,23 : 289.2"
"9,24 : 999.25"
"9,25 : 674.69"
"9,26 : 559.68"
"9,27 : 252.62"
"9,28 : 894.61"
"9,29 : 646.05"
"9,30 : 701.58"
"9,31 : 562.68"
"9,32 : 583.0"
"9,33 : 876.61"
"9,34 : 379.71"
"9,35 : 308.89"
"9,36 : 327.8"
"9,37 : 805.99"
"9,38 : 386.46"
"9,39 : 287.31"
"9,40 : 239.13"
"9,41 : 1013.61"
"9,42 : 373.57"
"9,43 : 198.22"
"9,44 : 403.8"
"9,45 : 779.05"
"9,46 : 869.78"
"9,47 : 745.49"
"9,48 : 1001.7"
"9,49 : 724.8"
"9,50 : 446.22"
"9,51 : 725.75"
"9,52 : 912.54"
"9,53 : 1140.04"
"9,54 : 296.84"
"9,55 : 807.19"
"9,56 : 718.62"
"9,57 : 139.56"
"9,58 : 820.45"
"9,59 : 86.09"
"9,60 : 632.46"
"9,61 : 535.74"
"9,62 : 620.55"
"9,63 : 841.2"
"9,64 : 269.31"
"9,65 : 873.66"
"9,66 : 302.17"
"9,67 : 738.63"
"9,68 : 489.83"
"9,69 : 534.49"
"9,70 : 454.36"
"9,71 : 534.86"
"9,72 : 353.56"
"9,73 : 592.61"
"9,74 : 127.0"
"9,75 : 529.99"
"9,76 : 599.94"
"9,77 : 771.37"
"9,78 : 277.31"
"9,79 : 863.71"
"9,80 : 233.79"
"9,81 : 577.2"
"9,82 : 603.1"
"9,83 : 825.87"
"9,84 : 371.31"
"9,85 : 997.16"
"9,86 : 345.11"
"9,87 : 1013.87"
"9,88 : 243.0"
"9,89 : 340.12"
"9,90 : 239.55"
"9,91 : 633.37"
"9,92 : 749.89"
"9,93 : 622.69"
"9,94 : 712.9"
"9,95 : 701.69"
"9,96 : 815.87"
"9,97 : 266.2"
"9,98 : 215.54"
"9,99 : 928.37"
"10,0 : 593.33"
"10,1 : 321.31"
"10,2 : 824.36"
"10,3 : 483.04"
"10,4 : 415.62"
"10,5 : 739.14"
"10,6 : 174.03"
"10,7 : 298.41"
"10,8 : 606.26"
"10,9 : 817.41"
"10,10 : 0.0"
"10,11 : 733.33"
"10,12 : 497.83"
"10,13 : 438.85"
"10,14 : 626.63"
"10,15 : 874.96"
"10,16 : 404.06"
"10,17 : 743.01"
"10,18 : 703.07"
"10,19 : 428.59"
"10,20 : 431.71"
"10,21 : 857.23"
"10,22 : 233.57"
"10,23 : 619.19"
"10,24 : 306.86"
"10,25 : 271.9"
"10,26 : 469.73"
"10,27 : 795.32"
"10,28 : 197.33"
"10,29 : 477.96"
"10,30 : 137.91"
"10,31 : 292.47"
"10,32 : 291.4"
"10,33 : 429.68"
"10,34 : 856.66"
"10,35 : 570.45"
"10,36 : 598.13"
"10,37 : 437.39"
"10,38 : 453.79"
"10,39 : 665.62"
"10,40 : 579.0"
"10,41 : 397.62"
"10,42 : 564.34"
"10,43 : 676.17"
"10,44 : 825.56"
"10,45 : 546.58"
"10,46 : 217.37"
"10,47 : 211.14"
"10,48 : 405.26"
"10,49 : 569.11"
"10,50 : 622.03"
"10,51 : 92.27"
"10,52 : 174.87"
"10,53 : 573.17"
"10,54 : 522.05"
"10,55 : 620.92"
"10,56 : 537.21"
"10,57 : 785.46"
"10,58 : 585.54"
"10,59 : 746.29"
"10,60 : 280.81"
"10,61 : 370.84"
"10,62 : 206.89"
"10,63 : 166.01"
"10,64 : 569.2"
"10,65 : 531.4"
"10,66 : 515.25"
"10,67 : 83.24"
"10,68 : 682.99"
"10,69 : 909.15"
"10,70 : 526.22"
"10,71 : 324.78"
"10,72 : 748.62"
"10,73 : 646.37"
"10,74 : 717.81"
"10,75 : 438.27"
"10,76 : 921.18"
"10,77 : 435.89"
"10,78 : 749.66"
"10,79 : 164.07"
"10,80 : 769.38"
"10,81 : 477.94"
"10,82 : 519.05"
"10,83 : 325.27"
"10,84 : 572.68"
"10,85 : 425.41"
"10,86 : 638.75"
"10,87 : 478.44"
"10,88 : 575.01"
"10,89 : 485.37"
"10,90 : 606.2"
"10,91 : 288.56"
"10,92 : 487.51"
"10,93 : 266.84"
"10,94 : 396.73"
"10,95 : 266.81"
"10,96 : 511.59"
"10,97 : 778.74"
"10,98 : 710.24"
"10,99 : 249.06"
"11,0 : 186.64"
"11,1 : 833.34"
"11,2 : 530.74"
"11,3 : 427.57"
"11,4 : 678.62"
"11,5 : 246.78"
"11,6 : 761.65"
"11,7 : 497.46"
"11,8 : 363.42"
"11,9 : 96.75"
"11,10 : 733.33"
"11,11 : 0.0"
"11,12 : 598.99"
"11,13 : 300.17"
"11,14 : 123.44"
"11,15 : 400.22"
"11,16 : 349.37"
"11,17 : 20.59"
"11,18 : 43.86"
"11,19 : 698.62"
"11,20 : 665.81"
"11,21 : 409.08"
"11,22 : 704.2"
"11,23 : 266.26"
"11,24 : 931.63"
"11,25 : 579.66"
"11,26 : 520.78"
"11,27 : 201.4"
"11,28 : 822.98"
"11,29 : 550.36"
"11,30 : 623.28"
"11,31 : 470.31"
"11,32 : 515.61"
"11,33 : 827.96"
"11,34 : 333.47"
"11,35 : 212.22"
"11,36 : 302.83"
"11,37 : 760.96"
"11,38 : 321.77"
"11,39 : 281.78"
"11,40 : 164.81"
"11,41 : 954.06"
"11,42 : 278.37"
"11,43 : 184.09"
"11,44 : 348.04"
"11,45 : 684.73"
"11,46 : 800.87"
"11,47 : 677.36"
"11,48 : 943.72"
"11,49 : 631.78"
"11,50 : 357.51"
"11,51 : 641.18"
"11,52 : 821.17"
"11,53 : 1043.3"
"11,54 : 211.53"
"11,55 : 715.23"
"11,56 : 624.47"
"11,57 : 97.06"
"11,58 : 726.94"
"11,59 : 92.54"
"11,60 : 537.82"
"11,61 : 477.77"
"11,62 : 532.68"
"11,63 : 748.97"
"11,64 : 174.45"
"11,65 : 778.11"
"11,66 : 221.29"
"11,67 : 653.0"
"11,68 : 407.54"
"11,69 : 483.55"
"11,70 : 421.59"
"11,71 : 467.25"
"11,72 : 284.08"
"11,73 : 505.51"
"11,74 : 33.62"
"11,75 : 484.2"
"11,76 : 545.04"
"11,77 : 727.22"
"11,78 : 300.17"
"11,79 : 771.8"
"11,80 : 265.02"
"11,81 : 481.34"
"11,82 : 508.63"
"11,83 : 768.31"
"11,84 : 276.59"
"11,85 : 941.51"
"11,86 : 334.59"
"11,87 : 917.12"
"11,88 : 160.12"
"11,89 : 269.9"
"11,90 : 195.16"
"11,91 : 570.01"
"11,92 : 654.22"
"11,93 : 528.97"
"11,94 : 665.11"
"11,95 : 606.53"
"11,96 : 720.35"
"11,97 : 208.29"
"11,98 : 134.77"
"11,99 : 859.69"
"12,0 : 413.88"
"12,1 : 793.83"
"12,2 : 988.87"
"12,3 : 174.01"
"12,4 : 792.2"
"12,5 : 765.09"
"12,6 : 377.46"
"12,7 : 257.13"
"12,8 : 741.84"
"12,9 : 632.74"
"12,10 : 497.83"
"12,11 : 598.99"
"12,12 : 0.0"
"12,13 : 471.84"
"12,14 : 568.86"
"12,15 : 488.45"
"12,16 : 500.97"
"12,17 : 593.97"
"12,18 : 555.18"
"12,19 : 132.02"
"12,20 : 100.98"
"12,21 : 934.94"
"12,22 : 667.22"
"12,23 : 343.68"
"12,24 : 473.9"
"12,25 : 609.14"
"12,26 : 82.76"
"12,27 : 769.4"
"12,28 : 420.98"
"12,29 : 763.0"
"12,30 : 371.86"
"12,31 : 506.01"
"12,32 : 248.17"
"12,33 : 267.05"
"12,34 : 886.84"
"12,35 : 587.33"
"12,36 : 305.1"
"12,37 : 189.93"
"12,38 : 315.32"
"12,39 : 355.98"
"12,40 : 453.81"
"12,41 : 438.5"
"12,42 : 641.63"
"12,43 : 434.69"
"12,44 : 880.03"
"12,45 : 890.52"
"12,46 : 380.3"
"12,47 : 294.93"
"12,48 : 420.06"
"12,49 : 878.0"
"12,50 : 750.44"
"12,51 : 454.01"
"12,52 : 670.15"
"12,53 : 1054.08"
"12,54 : 457.78"
"12,55 : 957.79"
"12,56 : 851.21"
"12,57 : 691.83"
"12,58 : 939.33"
"12,59 : 547.01"
"12,60 : 578.28"
"12,61 : 193.17"
"12,62 : 455.57"
"12,63 : 638.55"
"12,64 : 532.86"
"12,65 : 926.11"
"12,66 : 434.26"
"12,67 : 473.76"
"12,68 : 826.95"
"12,69 : 1007.58"
"12,70 : 178.66"
"12,71 : 257.16"
"12,72 : 794.82"
"12,73 : 860.2"
"12,74 : 607.85"
"12,75 : 133.14"
"12,76 : 1050.89"
"12,77 : 155.72"
"12,78 : 411.58"
"12,79 : 646.91"
"12,80 : 453.25"
"12,81 : 716.89"
"12,82 : 768.35"
"12,83 : 267.17"
"12,84 : 648.76"
"12,85 : 405.4"
"12,86 : 299.53"
"12,87 : 943.71"
"12,88 : 476.3"
"12,89 : 368.32"
"12,90 : 403.86"
"12,91 : 216.91"
"12,92 : 831.76"
"12,93 : 552.27"
"12,94 : 127.47"
"12,95 : 627.0"
"12,96 : 884.03"
"12,97 : 764.92"
"12,98 : 671.56"
"12,99 : 423.23"
"13,0 : 213.55"
"13,1 : 546.77"
"13,2 : 517.94"
"13,3 : 316.07"
"13,4 : 427.14"
"13,5 : 328.44"
"13,6 : 495.65"
"13,7 : 263.03"
"13,8 : 270.07"
"13,9 : 391.13"
"13,10 : 438.85"
"13,11 : 300.17"
"13,12 : 471.84"
"13,13 : 0.0"
"13,14 : 187.86"
"13,15 : 559.79"
"13,16 : 58.73"
"13,17 : 312.7"
"13,18 : 276.49"
"13,19 : 522.59"
"13,20 : 496.53"
"13,21 : 482.46"
"13,22 : 411.83"
"13,23 : 298.94"
"13,24 : 671.36"
"13,25 : 291.11"
"13,26 : 391.21"
"13,27 : 367.16"
"13,28 : 555.0"
"13,29 : 336.15"
"13,30 : 343.93"
"13,31 : 172.05"
"13,32 : 281.94"
"13,33 : 627.54"
"13,34 : 454.04"
"13,35 : 142.28"
"13,36 : 305.55"
"13,37 : 576.89"
"13,38 : 169.07"
"13,39 : 349.28"
"13,40 : 170.04"
"13,41 : 715.21"
"13,42 : 174.07"
"13,43 : 304.38"
"13,44 : 434.92"
"13,45 : 478.36"
"13,46 : 540.94"
"13,47 : 425.47"
"13,48 : 709.66"
"13,49 : 445.62"
"13,50 : 279.15"
"13,51 : 346.77"
"13,52 : 521.48"
"13,53 : 776.99"
"13,54 : 100.85"
"13,55 : 532.22"
"13,56 : 425.68"
"13,57 : 346.63"
"13,58 : 527.08"
"13,59 : 333.54"
"13,60 : 247.49"
"13,61 : 288.06"
"13,62 : 234.17"
"13,63 : 450.15"
"13,64 : 130.46"
"13,65 : 548.88"
"13,66 : 108.98"
"13,67 : 356.72"
"13,68 : 355.69"
"13,69 : 550.32"
"13,70 : 342.09"
"13,71 : 241.45"
"13,72 : 349.34"
"13,73 : 393.07"
"13,74 : 281.09"
"13,75 : 338.9"
"13,76 : 586.31"
"13,77 : 548.99"
"13,78 : 424.5"
"13,79 : 472.59"
"13,80 : 421.46"
"13,81 : 273.94"
"13,82 : 321.17"
"13,83 : 543.8"
"13,84 : 182.0"
"13,85 : 714.29"
"13,86 : 361.09"
"13,87 : 650.43"
"13,88 : 153.11"
"13,89 : 137.57"
"13,90 : 236.38"
"13,91 : 343.65"
"13,92 : 430.29"
"13,93 : 234.25"
"13,94 : 481.25"
"13,95 : 318.4"
"13,96 : 494.62"
"13,97 : 353.65"
"13,98 : 275.19"
"13,99 : 598.51"
"14,0 : 172.79"
"14,1 : 710.48"
"14,2 : 465.0"
"14,3 : 395.29"
"14,4 : 556.09"
"14,5 : 200.86"
"14,6 : 673.15"
"14,7 : 419.49"
"14,8 : 260.65"
"14,9 : 220.07"
"14,10 : 626.63"
"14,11 : 123.44"
"14,12 : 568.86"
"14,13 : 187.86"
"14,14 : 0.0"
"14,15 : 480.69"
"14,16 : 231.05"
"14,17 : 140.8"
"14,18 : 118.14"
"14,19 : 650.66"
"14,20 : 620.01"
"14,21 : 374.41"
"14,22 : 582.64"
"14,23 : 278.34"
"14,24 : 847.11"
"14,25 : 457.69"
"14,26 : 486.63"
"14,27 : 202.95"
"14,28 : 733.75"
"14,29 : 430.99"
"14,30 : 526.52"
"14,31 : 352.64"
"14,32 : 438.54"
"14,33 : 771.41"
"14,34 : 318.52"
"14,35 : 90.69"
"14,36 : 306.41"
"14,37 : 710.67"
"14,38 : 260.95"
"14,39 : 313.0"
"14,40 : 118.47"
"14,41 : 880.65"
"14,42 : 163.0"
"14,43 : 226.21"
"14,44 : 316.06"
"14,45 : 568.23"
"14,46 : 715.82"
"14,47 : 595.24"
"14,48 : 872.59"
"14,49 : 518.35"
"14,50 : 258.44"
"14,51 : 534.47"
"14,52 : 703.68"
"14,53 : 920.26"
"14,54 : 121.49"
"14,55 : 603.62"
"14,56 : 508.57"
"14,57 : 159.25"
"14,58 : 612.07"
"14,59 : 189.62"
"14,60 : 416.43"
"14,61 : 417.14"
"14,62 : 421.86"
"14,63 : 630.46"
"14,64 : 57.43"
"14,65 : 658.64"
"14,66 : 141.11"
"14,67 : 544.59"
"14,68 : 321.04"
"14,69 : 449.44"
"14,70 : 402.05"
"14,71 : 391.64"
"14,72 : 234.62"
"14,73 : 406.0"
"14,74 : 97.27"
"14,75 : 441.82"
"14,76 : 501.89"
"14,77 : 678.88"
"14,78 : 359.9"
"14,79 : 653.68"
"14,80 : 336.79"
"14,81 : 361.7"
"14,82 : 392.56"
"14,83 : 700.13"
"14,84 : 163.08"
"14,85 : 873.67"
"14,86 : 352.88"
"14,87 : 793.96"
"14,88 : 92.78"
"14,89 : 205.1"
"14,90 : 193.89"
"14,91 : 497.57"
"14,92 : 534.65"
"14,93 : 408.94"
"14,94 : 613.11"
"14,95 : 484.37"
"14,96 : 601.03"
"14,97 : 196.47"
"14,98 : 103.97"
"14,99 : 774.33"
"15,0 : 347.83"
"15,1 : 1086.02"
"15,2 : 930.48"
"15,3 : 399.52"
"15,4 : 986.91"
"15,5 : 646.93"
"15,6 : 818.8"
"15,7 : 577.12"
"15,8 : 741.11"
"15,9 : 348.97"
"15,10 : 874.96"
"15,11 : 400.22"
"15,12 : 488.45"
"15,13 : 559.79"
"15,14 : 480.69"
"15,15 : 0.0"
"15,16 : 618.05"
"15,17 : 381.04"
"15,18 : 374.49"
"15,19 : 620.29"
"15,20 : 588.04"
"15,21 : 806.55"
"15,22 : 946.48"
"15,23 : 268.89"
"15,24 : 950.16"
"15,25 : 838.25"
"15,26 : 452.0"
"15,27 : 595.61"
"15,28 : 874.23"
"15,29 : 886.99"
"15,30 : 738.16"
"15,31 : 710.39"
"15,32 : 586.25"
"15,33 : 754.93"
"15,34 : 726.07"
"15,35 : 562.38"
"15,36 : 280.17"
"15,37 : 677.7"
"15,38 : 438.6"
"15,39 : 217.55"
"15,40 : 401.21"
"15,41 : 926.0"
"15,42 : 639.0"
"15,43 : 262.09"
"15,44 : 745.89"
"15,45 : 1029.42"
"15,46 : 838.22"
"15,47 : 724.49"
"15,48 : 908.11"
"15,49 : 987.19"
"15,50 : 739.12"
"15,51 : 796.09"
"15,52 : 1017.54"
"15,53 : 1330.33"
"15,54 : 466.39"
"15,55 : 1074.16"
"15,56 : 972.6"
"15,57 : 482.18"
"15,58 : 1076.44"
"15,59 : 307.77"
"15,60 : 794.94"
"15,61 : 509.89"
"15,62 : 725.97"
"15,63 : 959.4"
"15,64 : 497.32"
"15,65 : 1107.21"
"15,66 : 452.04"
"15,67 : 814.33"
"15,68 : 799.12"
"15,69 : 879.7"
"15,70 : 359.45"
"15,71 : 550.19"
"15,72 : 684.26"
"15,73 : 886.51"
"15,74 : 431.57"
"15,75 : 457.22"
"15,76 : 943.24"
"15,77 : 644.01"
"15,78 : 135.79"
"15,79 : 977.13"
"15,80 : 144.51"
"15,81 : 819.59"
"15,82 : 859.19"
"15,83 : 746.81"
"15,84 : 640.68"
"15,85 : 893.85"
"15,86 : 236.21"
"15,87 : 1204.92"
"15,88 : 428.43"
"15,89 : 433.5"
"15,90 : 324.01"
"15,91 : 608.41"
"15,92 : 986.27"
"15,93 : 775.67"
"15,94 : 608.4"
"15,95 : 864.64"
"15,96 : 1051.81"
"15,97 : 605.83"
"15,98 : 533.89"
"15,99 : 890.24"
"16,0 : 272.24"
"16,1 : 490.15"
"16,2 : 499.15"
"16,3 : 355.41"
"16,4 : 368.9"
"16,5 : 341.6"
"16,6 : 479.59"
"16,7 : 271.59"
"16,8 : 250.93"
"16,9 : 442.72"
"16,10 : 404.06"
"16,11 : 349.37"
"16,12 : 500.97"
"16,13 : 58.73"
"16,14 : 231.05"
"16,15 : 618.05"
"16,16 : 0.0"
"16,17 : 363.37"
"16,18 : 329.22"
"16,19 : 538.44"
"16,20 : 514.94"
"16,21 : 482.38"
"16,22 : 356.75"
"16,23 : 355.58"
"16,24 : 655.38"
"16,25 : 234.34"
"16,26 : 422.97"
"16,27 : 391.81"
"16,28 : 536.89"
"16,29 : 283.67"
"16,30 : 323.83"
"16,31 : 121.59"
"16,32 : 289.37"
"16,33 : 634.03"
"16,34 : 464.58"
"16,35 : 166.4"
"16,36 : 360.01"
"16,37 : 589.18"
"16,38 : 214.44"
"16,39 : 406.36"
"16,40 : 228.08"
"16,41 : 707.47"
"16,42 : 171.96"
"16,43 : 363.11"
"16,44 : 440.11"
"16,45 : 424.69"
"16,46 : 527.02"
"16,47 : 418.0"
"16,48 : 703.76"
"16,49 : 395.61"
"16,50 : 262.69"
"16,51 : 313.5"
"16,52 : 472.7"
"16,53 : 718.4"
"16,54 : 158.69"
"16,55 : 481.33"
"16,56 : 373.94"
"16,57 : 386.13"
"16,58 : 473.79"
"16,59 : 389.13"
"16,60 : 191.09"
"16,61 : 310.74"
"16,62 : 197.19"
"16,63 : 399.82"
"16,64 : 175.41"
"16,65 : 491.95"
"16,66 : 167.71"
"16,67 : 320.89"
"16,68 : 337.75"
"16,69 : 546.03"
"16,70 : 385.39"
"16,71 : 255.54"
"16,72 : 357.02"
"16,73 : 359.29"
"16,74 : 327.39"
"16,75 : 369.87"
"16,76 : 575.78"
"16,77 : 563.56"
"16,78 : 482.6"
"16,79 : 422.87"
"16,80 : 480.13"
"16,81 : 225.06"
"16,82 : 274.54"
"16,83 : 544.17"
"16,84 : 180.54"
"16,85 : 710.74"
"16,86 : 415.46"
"16,87 : 591.8"
"16,88 : 209.51"
"16,89 : 191.43"
"16,90 : 294.97"
"16,91 : 350.23"
"16,92 : 374.77"
"16,93 : 179.98"
"16,94 : 496.17"
"16,95 : 261.62"
"16,96 : 438.35"
"16,97 : 375.94"
"16,98 : 306.62"
"16,99 : 583.06"
"17,0 : 184.55"
"17,1 : 849.19"
"17,2 : 550.46"
"17,3 : 423.88"
"17,4 : 696.75"
"17,5 : 266.33"
"17,6 : 766.94"
"17,7 : 501.42"
"17,8 : 383.86"
"17,9 : 79.85"
"17,10 : 743.01"
"17,11 : 20.59"
"17,12 : 593.97"
"17,13 : 312.7"
"17,14 : 140.8"
"17,15 : 381.04"
"17,16 : 363.37"
"17,17 : 0.0"
"17,18 : 42.38"
"17,19 : 696.27"
"17,20 : 663.19"
"17,21 : 427.0"
"17,22 : 719.12"
"17,23 : 257.42"
"17,24 : 935.8"
"17,25 : 594.92"
"17,26 : 516.79"
"17,27 : 218.01"
"17,28 : 828.32"
"17,29 : 569.51"
"17,30 : 630.72"
"17,31 : 483.76"
"17,32 : 519.3"
"17,33 : 826.83"
"17,34 : 350.07"
"17,35 : 230.53"
"17,36 : 294.74"
"17,37 : 758.85"
"17,38 : 324.09"
"17,39 : 269.67"
"17,40 : 169.32"
"17,41 : 955.91"
"17,42 : 297.88"
"17,43 : 172.31"
"17,44 : 366.03"
"17,45 : 704.39"
"17,46 : 805.35"
"17,47 : 681.49"
"17,48 : 945.13"
"17,49 : 651.77"
"17,50 : 378.03"
"17,51 : 651.01"
"17,52 : 834.15"
"17,53 : 1061.06"
"17,54 : 221.02"
"17,55 : 735.39"
"17,56 : 644.19"
"17,57 : 109.73"
"17,58 : 746.81"
"17,59 : 74.0"
"17,60 : 552.77"
"17,61 : 478.6"
"17,62 : 543.86"
"17,63 : 762.41"
"17,64 : 189.5"
"17,65 : 797.29"
"17,66 : 228.88"
"17,67 : 663.27"
"17,68 : 428.09"
"17,69 : 501.17"
"17,70 : 415.87"
"17,71 : 470.92"
"17,72 : 303.59"
"17,73 : 526.08"
"17,74 : 54.2"
"17,75 : 481.81"
"17,76 : 563.26"
"17,77 : 724.86"
"17,78 : 283.75"
"17,79 : 785.06"
"17,80 : 247.34"
"17,81 : 500.4"
"17,82 : 528.29"
"17,83 : 769.47"
"17,84 : 296.29"
"17,85 : 942.29"
"17,86 : 323.79"
"17,87 : 934.75"
"17,88 : 168.19"
"17,89 : 273.76"
"17,90 : 190.54"
"17,91 : 572.57"
"17,92 : 673.35"
"17,93 : 543.27"
"17,94 : 663.58"
"17,95 : 621.89"
"17,96 : 739.55"
"17,97 : 226.0"
"17,98 : 154.95"
"17,99 : 864.14"
"18,0 : 143.45"
"18,1 : 817.67"
"18,2 : 556.92"
"18,3 : 383.99"
"18,4 : 671.69"
"18,5 : 275.31"
"18,6 : 724.8"
"18,7 : 459.09"
"18,8 : 373.97"
"18,9 : 115.12"
"18,10 : 703.07"
"18,11 : 43.86"
"18,12 : 555.18"
"18,13 : 276.49"
"18,14 : 118.14"
"18,15 : 374.49"
"18,16 : 329.22"
"18,17 : 42.38"
"18,18 : 0.0"
"18,19 : 655.52"
"18,20 : 622.61"
"18,21 : 442.63"
"18,22 : 685.88"
"18,23 : 223.13"
"18,24 : 893.46"
"18,25 : 562.48"
"18,26 : 477.14"
"18,27 : 238.92"
"18,28 : 786.18"
"18,29 : 548.9"
"18,30 : 589.38"
"18,31 : 448.36"
"18,32 : 476.94"
"18,33 : 785.46"
"18,34 : 370.31"
"18,35 : 208.61"
"18,36 : 259.37"
"18,37 : 717.97"
"18,38 : 281.73"
"18,39 : 241.02"
"18,40 : 127.28"
"18,41 : 913.64"
"18,42 : 280.67"
"18,43 : 143.59"
"18,44 : 381.61"
"18,45 : 686.37"
"18,46 : 763.05"
"18,47 : 639.16"
"18,48 : 902.93"
"18,49 : 636.12"
"18,50 : 369.87"
"18,51 : 611.24"
"18,52 : 797.68"
"18,53 : 1034.41"
"18,54 : 181.8"
"18,55 : 721.04"
"18,56 : 626.67"
"18,57 : 139.82"
"18,58 : 730.1"
"18,59 : 72.11"
"18,60 : 519.8"
"18,61 : 436.5"
"18,62 : 505.46"
"18,63 : 726.64"
"18,64 : 159.01"
"18,65 : 776.41"
"18,66 : 188.1"
"18,67 : 623.87"
"18,68 : 425.73"
"18,69 : 517.72"
"18,70 : 377.72"
"18,71 : 428.56"
"18,72 : 312.52"
"18,73 : 518.38"
"18,74 : 62.37"
"18,75 : 441.06"
"18,76 : 577.46"
"18,77 : 684.12"
"18,78 : 266.07"
"18,79 : 749.02"
"18,80 : 234.56"
"18,81 : 479.59"
"18,82 : 510.65"
"18,83 : 727.32"
"18,84 : 280.22"
"18,85 : 900.24"
"18,86 : 292.53"
"18,87 : 907.79"
"18,88 : 128.14"
"18,89 : 231.46"
"18,90 : 151.33"
"18,91 : 530.21"
"18,92 : 652.45"
"18,93 : 509.13"
"18,94 : 622.39"
"18,95 : 589.62"
"18,96 : 718.87"
"18,97 : 243.48"
"18,98 : 161.25"
"18,99 : 821.83"
"19,0 : 512.08"
"19,1 : 743.38"
"19,2 : 1037.19"
"19,3 : 274.12"
"19,4 : 777.09"
"19,5 : 838.05"
"19,6 : 279.71"
"19,7 : 268.27"
"19,8 : 788.46"
"19,9 : 742.97"
"19,10 : 428.59"
"19,11 : 698.62"
"19,12 : 132.02"
"19,13 : 522.59"
"19,14 : 650.66"
"19,15 : 620.29"
"19,16 : 538.44"
"19,17 : 696.27"
"19,18 : 655.52"
"19,19 : 0.0"
"19,20 : 34.18"
"19,21 : 1001.94"
"19,22 : 629.05"
"19,23 : 457.68"
"19,24 : 348.0"
"19,25 : 595.1"
"19,26 : 185.15"
"19,27 : 853.61"
"19,28 : 311.76"
"19,29 : 772.71"
"19,30 : 324.52"
"19,31 : 512.84"
"19,32 : 252.05"
"19,33 : 137.53"
"19,34 : 962.87"
"19,35 : 653.09"
"19,36 : 419.95"
"19,37 : 63.06"
"19,38 : 389.72"
"19,39 : 477.22"
"19,40 : 542.71"
"19,41 : 306.59"
"19,42 : 696.65"
"19,43 : 547.39"
"19,44 : 950.61"
"19,45 : 888.38"
"19,46 : 269.99"
"19,47 : 217.64"
"19,48 : 288.04"
"19,49 : 885.59"
"19,50 : 799.2"
"19,51 : 407.73"
"19,52 : 603.33"
"19,53 : 1000.2"
"19,54 : 532.17"
"19,55 : 959.52"
"19,56 : 856.49"
"19,57 : 787.05"
"19,58 : 935.5"
"19,59 : 656.9"
"19,60 : 571.93"
"19,61 : 236.81"
"19,62 : 443.02"
"19,63 : 585.16"
"19,64 : 607.19"
"19,65 : 908.88"
"19,66 : 510.36"
"19,67 : 425.84"
"19,68 : 875.2"
"19,69 : 1071.74"
"19,70 : 293.03"
"19,71 : 283.11"
"19,72 : 864.42"
"19,73 : 892.47"
"19,74 : 702.97"
"19,75 : 214.48"
"19,76 : 1108.88"
"19,77 : 28.6"
"19,78 : 538.86"
"19,79 : 588.93"
"19,80 : 578.78"
"19,81 : 736.36"
"19,82 : 787.76"
"19,83 : 143.76"
"19,84 : 704.52"
"19,85 : 273.73"
"19,86 : 423.08"
"19,87 : 898.55"
"19,88 : 560.84"
"19,89 : 445.56"
"19,90 : 506.46"
"19,91 : 196.51"
"19,92 : 827.7"
"19,93 : 546.2"
"19,94 : 42.72"
"19,95 : 608.14"
"19,96 : 873.02"
"19,97 : 846.44"
"19,98 : 754.63"
"19,99 : 304.44"
"20,0 : 479.2"
"20,1 : 742.03"
"20,2 : 1012.74"
"20,3 : 240.44"
"20,4 : 766.26"
"20,5 : 809.0"
"20,6 : 292.04"
"20,7 : 247.39"
"20,8 : 763.96"
"20,9 : 709.24"
"20,10 : 431.71"
"20,11 : 665.81"
"20,12 : 100.98"
"20,13 : 496.53"
"20,14 : 620.01"
"20,15 : 588.04"
"20,16 : 514.94"
"20,17 : 663.19"
"20,18 : 622.61"
"20,19 : 34.18"
"20,20 : 0.0"
"20,21 : 974.06"
"20,22 : 623.85"
"20,23 : 423.62"
"20,24 : 374.11"
"20,25 : 583.38"
"20,26 : 151.0"
"20,27 : 822.88"
"20,28 : 329.23"
"20,29 : 755.91"
"20,30 : 319.78"
"20,31 : 495.69"
"20,32 : 232.4"
"20,33 : 171.56"
"20,34 : 933.47"
"20,35 : 624.89"
"20,36 : 385.83"
"20,37 : 97.08"
"20,38 : 359.26"
"20,39 : 443.05"
"20,40 : 510.91"
"20,41 : 338.07"
"20,42 : 670.39"
"20,43 : 513.42"
"20,44 : 922.08"
"20,45 : 874.62"
"20,46 : 287.72"
"20,47 : 221.06"
"20,48 : 320.08"
"20,49 : 869.54"
"20,50 : 774.31"
"20,51 : 403.57"
"20,52 : 606.5"
"20,53 : 1000.34"
"20,54 : 502.3"
"20,55 : 944.97"
"20,56 : 840.91"
"20,57 : 754.82"
"20,58 : 922.24"
"20,59 : 623.15"
"20,60 : 558.2"
"20,61 : 209.06"
"20,62 : 430.0"
"20,63 : 584.15"
"20,64 : 577.53"
"20,65 : 898.89"
"20,66 : 480.18"
"20,67 : 422.31"
"20,68 : 850.55"
"20,69 : 1044.42"
"20,70 : 258.86"
"20,71 : 259.48"
"20,72 : 835.95"
"20,73 : 871.02"
"20,74 : 670.67"
"20,75 : 181.64"
"20,76 : 1082.7"
"20,77 : 62.18"
"20,78 : 505.04"
"20,79 : 589.31"
"20,80 : 544.77"
"20,81 : 717.29"
"20,82 : 768.83"
"20,83 : 167.72"
"20,84 : 678.15"
"20,85 : 306.67"
"20,86 : 389.01"
"20,87 : 896.02"
"20,88 : 529.63"
"20,89 : 414.98"
"20,90 : 473.17"
"20,91 : 181.07"
"20,92 : 814.27"
"20,93 : 532.27"
"20,94 : 35.23"
"20,95 : 597.7"
"20,96 : 861.39"
"20,97 : 816.09"
"20,98 : 723.95"
"20,99 : 326.47"
"21,0 : 546.44"
"21,1 : 795.07"
"21,2 : 162.05"
"21,3 : 763.92"
"21,4 : 583.89"
"21,5 : 173.66"
"21,6 : 958.94"
"21,7 : 745.43"
"21,8 : 251.37"
"21,9 : 463.28"
"21,10 : 857.23"
"21,11 : 409.08"
"21,12 : 934.94"
"21,13 : 482.46"
"21,14 : 374.41"
"21,15 : 806.55"
"21,16 : 482.38"
"21,17 : 427.0"
"21,18 : 442.63"
"21,19 : 1001.94"
"21,20 : 974.06"
"21,21 : 0.0"
"21,22 : 712.14"
"21,23 : 649.76"
"21,24 : 1133.6"
"21,25 : 604.09"
"21,26 : 852.18"
"21,27 : 211.26"
"21,28 : 1014.07"
"21,29 : 440.53"
"21,30 : 802.12"
"21,31 : 569.16"
"21,32 : 764.27"
"21,33 : 1110.0"
"21,34 : 88.55"
"21,35 : 349.28"
"21,36 : 679.94"
"21,37 : 1058.06"
"21,38 : 619.97"
"21,39 : 678.52"
"21,40 : 492.74"
"21,41 : 1189.71"
"21,42 : 311.18"
"21,43 : 583.65"
"21,44 : 61.07"
"21,45 : 508.79"
"21,46 : 1007.4"
"21,47 : 900.38"
"21,48 : 1186.14"
"21,49 : 443.06"
"21,50 : 235.36"
"21,51 : 775.23"
"21,52 : 862.67"
"21,53 : 916.5"
"21,54 : 477.22"
"21,55 : 494.66"
"21,56 : 457.68"
"21,57 : 325.11"
"21,58 : 528.57"
"21,59 : 501.0"
"21,60 : 581.42"
"21,61 : 765.24"
"21,62 : 661.46"
"21,63 : 788.84"
"21,64 : 402.52"
"21,65 : 615.76"
"21,66 : 500.88"
"21,67 : 776.78"
"21,68 : 185.37"
"21,69 : 75.5"
"21,70 : 774.62"
"21,71 : 723.58"
"21,72 : 140.63"
"21,73 : 277.65"
"21,74 : 380.82"
"21,75 : 803.76"
"21,76 : 136.82"
"21,77 : 1029.04"
"21,78 : 708.37"
"21,79 : 812.8"
"21,80 : 674.09"
"21,81 : 401.64"
"21,82 : 382.73"
"21,83 : 1024.71"
"21,84 : 302.72"
"21,85 : 1192.89"
"21,86 : 723.82"
"21,87 : 807.15"
"21,88 : 465.6"
"21,89 : 566.68"
"21,90 : 566.15"
"21,91 : 825.98"
"21,92 : 517.0"
"21,93 : 591.47"
"21,94 : 961.48"
"21,95 : 621.73"
"21,96 : 566.12"
"21,97 : 201.02"
"21,98 : 283.92"
"21,99 : 1062.14"
"22,0 : 616.03"
"22,1 : 139.6"
"22,2 : 645.13"
"22,3 : 596.48"
"22,4 : 186.99"
"22,5 : 632.2"
"22,6 : 404.78"
"22,7 : 419.89"
"22,8 : 467.55"
"22,9 : 798.79"
"22,10 : 233.57"
"22,11 : 704.2"
"22,12 : 667.22"
"22,13 : 411.83"
"22,14 : 582.64"
"22,15 : 946.48"
"22,16 : 356.75"
"22,17 : 719.12"
"22,18 : 685.88"
"22,19 : 629.05"
"22,20 : 623.85"
"22,21 : 712.14"
"22,22 : 0.0"
"22,23 : 677.65"
"22,24 : 535.73"
"22,25 : 125.32"
"22,26 : 616.76"
"22,27 : 705.02"
"22,28 : 430.64"
"22,29 : 284.04"
"22,30 : 304.57"
"22,31 : 241.66"
"22,32 : 423.51"
"22,33 : 654.34"
"22,34 : 732.91"
"22,35 : 503.12"
"22,36 : 669.04"
"22,37 : 650.42"
"22,38 : 508.66"
"22,39 : 728.93"
"22,40 : 580.48"
"22,41 : 630.58"
"22,42 : 466.39"
"22,43 : 707.34"
"22,44 : 694.1"
"22,45 : 320.34"
"22,46 : 450.29"
"22,47 : 418.15"
"22,48 : 638.73"
"22,49 : 353.01"
"22,50 : 484.02"
"22,51 : 221.47"
"22,52 : 152.5"
"22,53 : 393.97"
"22,54 : 512.18"
"22,55 : 393.6"
"22,56 : 321.75"
"22,57 : 728.62"
"22,58 : 355.6"
"22,59 : 745.3"
"22,60 : 166.38"
"22,61 : 496.68"
"22,62 : 226.92"
"22,63 : 85.56"
"22,64 : 529.8"
"22,65 : 297.83"
"22,66 : 516.24"
"22,67 : 204.08"
"22,68 : 527.47"
"22,69 : 750.77"
"22,70 : 638.4"
"22,71 : 433.27"
"22,72 : 630.6"
"22,73 : 462.82"
"22,74 : 679.91"
"22,75 : 572.18"
"22,76 : 749.11"
"22,77 : 642.2"
"22,78 : 811.82"
"22,79 : 106.4"
"22,80 : 818.66"
"22,81 : 310.57"
"22,82 : 336.81"
"22,83 : 548.15"
"22,84 : 473.21"
"22,85 : 658.97"
"22,86 : 719.95"
"22,87 : 277.27"
"22,88 : 564.94"
"22,89 : 515.8"
"22,90 : 635.81"
"22,91 : 451.31"
"22,92 : 264.71"
"22,93 : 177.61"
"22,94 : 591.15"
"22,95 : 99.61"
"22,96 : 280.07"
"22,97 : 685.01"
"22,98 : 639.41"
"22,99 : 481.96"
"23,0 : 107.0"
"23,1 : 817.16"
"23,2 : 741.87"
"23,3 : 185.95"
"23,4 : 723.45"
"23,5 : 476.49"
"23,6 : 589.57"
"23,7 : 328.34"
"23,8 : 519.47"
"23,9 : 289.2"
"23,10 : 619.19"
"23,11 : 266.26"
"23,12 : 343.68"
"23,13 : 298.94"
"23,14 : 278.34"
"23,15 : 268.89"
"23,16 : 355.58"
"23,17 : 257.42"
"23,18 : 223.13"
"23,19 : 457.68"
"23,20 : 423.62"
"23,21 : 649.76"
"23,22 : 677.65"
"23,23 : 0.0"
"23,24 : 741.94"
"23,25 : 569.93"
"23,26 : 272.8"
"23,27 : 457.08"
"23,28 : 649.13"
"23,29 : 633.71"
"23,30 : 485.89"
"23,31 : 441.96"
"23,32 : 341.25"
"23,33 : 593.54"
"23,34 : 585.43"
"23,35 : 337.52"
"23,36 : 38.6"
"23,37 : 520.7"
"23,38 : 170.99"
"23,39 : 51.62"
"23,40 : 166.19"
"23,41 : 741.7"
"23,42 : 411.55"
"23,43 : 91.02"
"23,44 : 589.92"
"23,45 : 776.37"
"23,46 : 618.18"
"23,47 : 496.08"
"23,48 : 727.7"
"23,49 : 740.08"
"23,50 : 521.6"
"23,51 : 535.62"
"23,52 : 753.01"
"23,53 : 1062.08"
"23,54 : 216.67"
"23,55 : 827.24"
"23,56 : 722.18"
"23,57 : 362.94"
"23,58 : 824.7"
"23,59 : 203.84"
"23,60 : 526.83"
"23,61 : 275.01"
"23,62 : 458.5"
"23,63 : 692.6"
"23,64 : 269.82"
"23,65 : 847.5"
"23,66 : 197.22"
"23,67 : 552.96"
"23,68 : 591.57"
"23,69 : 725.21"
"23,70 : 165.85"
"23,71 : 298.51"
"23,72 : 511.67"
"23,73 : 661.35"
"23,74 : 282.67"
"23,75 : 249.72"
"23,76 : 779.67"
"23,77 : 485.74"
"23,78 : 134.53"
"23,79 : 711.05"
"23,80 : 150.28"
"23,81 : 569.0"
"23,82 : 613.0"
"23,83 : 553.61"
"23,84 : 415.52"
"23,85 : 720.22"
"23,86 : 74.55"
"23,87 : 937.06"
"23,88 : 196.31"
"23,89 : 166.19"
"23,90 : 84.48"
"23,91 : 378.0"
"23,92 : 729.2"
"23,93 : 507.11"
"23,94 : 430.71"
"23,95 : 596.16"
"23,96 : 793.52"
"23,97 : 458.11"
"23,98 : 367.24"
