x,y
272,726
370,993
326,900
668,957
298,738
327,452
702,384
801,605
515,348
175,816
731,288
659,762
724,986
270,993
702,274
650,404
241,769
577,157
378,245
520,334
94,989
572,223
915,1000
525,443
49,254
811,284
709,255
662,758
632,163
359,539
455,466
366,33
891,759
656,43
732,683
148,762
614,565
696,220
732,476
838,450
335,440
307,938
945,280
170,730
82,836
233,729
385,93
469,104
965,998
142,801
255,119
929,612
640,490
888,346
935,765
260,482
273,323
151,274
264,94
991,957
354,754
903,289
169,436
449,590
444,479
232,975
974,337
477,758
178,363
458,417
928,396
207,234
530,226
309,461
358,180
146,434
990,708
595,712
132,393
605,739
844,68
752,910
584,404
111,625
98,666
123,538
144,107
98,441
432,282
296,391
77,605
1000,361
559,120
328,194
151,911
972,554
668,514
568,412
6,784
956,336

Distanze
"0,0 : 0.0"
"0,1 : 149.4"
"0,2 : 697.69"
"0,3 : 100.77"
"0,4 : 614.04"
"0,5 : 841.29"
"0,6 : 358.09"
"0,7 : 589.0"
"0,8 : 839.78"
"0,9 : 320.76"
"0,10 : 372.82"
"0,11 : 753.06"
"0,12 : 533.79"
"0,13 : 129.69"
"0,14 : 477.21"
"0,15 : 127.14"
"0,16 : 922.21"
"0,17 : 854.18"
"0,18 : 98.62"
"0,19 : 252.52"
"0,20 : 659.99"
"0,21 : 563.69"
"0,22 : 609.16"
"0,23 : 642.7"
"0,24 : 681.82"
"0,25 : 625.75"
"0,26 : 798.46"
"0,27 : 384.21"
"0,28 : 675.43"
"0,29 : 865.3"
"0,30 : 731.91"
"0,31 : 791.62"
"0,32 : 929.4"
"0,33 : 502.67"
"0,34 : 122.81"
"0,35 : 599.5"
"0,36 : 332.79"
"0,37 : 819.54"
"0,38 : 741.19"
"0,39 : 566.39"
"0,40 : 144.35"
"0,41 : 885.61"
"0,42 : 758.79"
"0,43 : 797.76"
"0,44 : 690.43"
"0,45 : 532.28"
"0,46 : 684.69"
"0,47 : 585.03"
"0,48 : 299.35"
"0,49 : 174.73"
"0,50 : 542.24"
"0,51 : 668.95"
"0,52 : 337.76"
"0,53 : 321.5"
"0,54 : 435.99"
"0,55 : 80.61"
"0,56 : 709.91"
"0,57 : 826.51"
"0,58 : 34.66"
"0,59 : 702.97"
"0,60 : 571.21"
"0,61 : 615.65"
"0,62 : 994.46"
"0,63 : 206.55"
"0,64 : 503.91"
"0,65 : 856.02"
"0,66 : 757.39"
"0,67 : 783.87"
"0,68 : 352.28"
"0,69 : 348.01"
"0,70 : 232.31"
"0,71 : 182.58"
"0,72 : 444.93"
"0,73 : 745.27"
"0,74 : 885.99"
"0,75 : 147.05"
"0,76 : 403.83"
"0,77 : 990.73"
"0,78 : 332.34"
"0,79 : 503.49"
"0,80 : 143.42"
"0,81 : 947.47"
"0,82 : 499.65"
"0,83 : 399.91"
"0,84 : 203.08"
"0,85 : 287.87"
"0,86 : 603.88"
"0,87 : 360.42"
"0,88 : 630.68"
"0,89 : 49.2"
"0,90 : 436.81"
"0,91 : 295.1"
"0,92 : 590.44"
"0,93 : 708.78"
"0,94 : 905.83"
"0,95 : 814.62"
"0,96 : 726.81"
"0,97 : 467.62"
"0,98 : 209.4"
"0,99 : 456.98"
"1,0 : 149.4"
"1,1 : 0.0"
"1,2 : 842.01"
"1,3 : 213.96"
"1,4 : 570.4"
"1,5 : 945.5"
"1,6 : 475.29"
"1,7 : 530.31"
"1,8 : 783.29"
"1,9 : 469.52"
"1,10 : 522.21"
"1,11 : 857.95"
"1,12 : 510.36"
"1,13 : 203.06"
"1,14 : 590.7"
"1,15 : 243.53"
"1,16 : 1020.04"
"1,17 : 898.73"
"1,18 : 53.24"
"1,19 : 130.0"
"1,20 : 686.71"
"1,21 : 655.76"
"1,22 : 694.26"
"1,23 : 696.24"
"1,24 : 824.41"
"1,25 : 761.28"
"1,26 : 803.54"
"1,27 : 410.53"
"1,28 : 728.57"
"1,29 : 811.63"
"1,30 : 837.28"
"1,31 : 852.15"
"1,32 : 971.08"
"1,33 : 583.6"
"1,34 : 266.42"
"1,35 : 602.03"
"1,36 : 482.19"
"1,37 : 832.59"
"1,38 : 845.89"
"1,39 : 503.84"
"1,40 : 290.17"
"1,41 : 945.48"
"1,42 : 765.64"
"1,43 : 836.79"
"1,44 : 690.67"
"1,45 : 681.6"
"1,46 : 680.21"
"1,47 : 715.34"
"1,48 : 374.32"
"1,49 : 60.01"
"1,50 : 596.8"
"1,51 : 660.74"
"1,52 : 262.37"
"1,53 : 426.76"
"1,54 : 407.98"
"1,55 : 203.09"
"1,56 : 844.52"
"1,57 : 794.7"
"1,58 : 135.51"
"1,59 : 745.29"
"1,60 : 576.44"
"1,61 : 727.2"
"1,62 : 1060.21"
"1,63 : 354.69"
"1,64 : 417.43"
"1,65 : 833.79"
"1,66 : 845.82"
"1,67 : 910.16"
"1,68 : 496.04"
"1,69 : 434.18"
"1,70 : 236.86"
"1,71 : 38.21"
"1,72 : 378.43"
"1,73 : 696.02"
"1,74 : 826.14"
"1,75 : 103.23"
"1,76 : 536.43"
"1,77 : 1059.96"
"1,78 : 428.95"
"1,79 : 534.18"
"1,80 : 171.48"
"1,81 : 994.24"
"1,82 : 465.41"
"1,83 : 406.08"
"1,84 : 346.07"
"1,85 : 187.01"
"1,86 : 728.56"
"1,87 : 508.57"
"1,88 : 774.06"
"1,89 : 195.48"
"1,90 : 585.85"
"1,91 : 320.41"
"1,92 : 552.83"
"1,93 : 660.09"
"1,94 : 937.59"
"1,95 : 936.67"
"1,96 : 852.32"
"1,97 : 536.4"
"1,98 : 355.07"
"1,99 : 606.32"
"2,0 : 697.69"
"2,1 : 842.01"
"2,2 : 0.0"
"2,3 : 633.67"
"2,4 : 986.25"
"2,5 : 456.13"
"2,6 : 420.6"
"2,7 : 1012.83"
"2,8 : 1185.81"
"2,9 : 385.97"
"2,10 : 353.57"
"2,11 : 413.42"
"2,12 : 882.66"
"2,13 : 665.53"
"2,14 : 368.21"
"2,15 : 672.18"
"2,16 : 544.53"
"2,17 : 797.82"
"2,18 : 795.25"
"2,19 : 948.81"
"2,20 : 774.88"
"2,21 : 461.5"
"2,22 : 500.36"
"2,23 : 657.87"
"2,24 : 35.85"
"2,25 : 147.0"
"2,26 : 933.87"
"2,27 : 698.95"
"2,28 : 671.19"
"2,29 : 1195.71"
"2,30 : 403.34"
"2,31 : 686.62"
"2,32 : 857.6"
"2,33 : 516.38"
"2,34 : 576.09"
"2,35 : 834.52"
"2,36 : 388.04"
"2,37 : 915.0"
"2,38 : 410.9"
"2,39 : 1008.32"
"2,40 : 553.4"
"2,41 : 740.98"
"2,42 : 903.11"
"2,43 : 791.41"
"2,44 : 888.83"
"2,45 : 224.89"
"2,46 : 902.43"
"2,47 : 212.36"
"2,48 : 581.08"
"2,49 : 845.5"
"2,50 : 627.93"
"2,51 : 906.54"
"2,52 : 896.67"
"2,53 : 484.12"
"2,54 : 849.18"
"2,55 : 640.53"
"2,56 : 144.28"
"2,57 : 1090.16"
"2,58 : 723.17"
"2,59 : 729.99"
"2,60 : 812.97"
"2,61 : 345.23"
"2,62 : 778.67"
"2,63 : 493.15"
"2,64 : 1025.01"
"2,65 : 1076.15"
"2,66 : 520.31"
"2,67 : 254.28"
"2,68 : 346.0"
"2,69 : 530.84"
"2,70 : 736.94"
"2,71 : 868.63"
"2,72 : 941.43"
"2,73 : 1091.77"
"2,74 : 1233.28"
"2,75 : 787.05"
"2,76 : 326.81"
"2,77 : 757.37"
"2,78 : 505.03"
"2,79 : 706.13"
"2,80 : 716.8"
"2,81 : 844.78"
"2,82 : 894.72"
"2,83 : 753.43"
"2,84 : 496.0"
"2,85 : 904.54"
"2,86 : 251.02"
"2,87 : 343.82"
"2,88 : 69.63"
"2,89 : 660.82"
"2,90 : 284.89"
"2,91 : 698.21"
"2,92 : 954.28"
"2,93 : 1064.32"
"2,94 : 888.53"
"2,95 : 306.47"
"2,96 : 242.1"
"2,97 : 567.1"
"2,98 : 535.1"
"2,99 : 279.96"
"3,0 : 100.77"
"3,1 : 213.96"
"3,2 : 633.67"
"3,3 : 0.0"
"3,4 : 554.69"
"3,5 : 744.14"
"3,6 : 264.5"
"3,7 : 539.54"
"3,8 : 783.65"
"3,9 : 279.59"
"3,10 : 339.19"
"3,11 : 655.96"
"3,12 : 465.59"
"3,13 : 54.2"
"3,14 : 382.43"
"3,15 : 198.34"
"3,16 : 823.61"
"3,17 : 756.61"
"3,18 : 175.86"
"3,19 : 335.79"
"3,20 : 568.02"
"3,21 : 463.61"
"3,22 : 508.55"
"3,23 : 544.26"
"3,24 : 614.18"
"3,25 : 547.62"
"3,26 : 712.62"
"3,27 : 297.89"
"3,28 : 576.92"
"3,29 : 807.13"
"3,30 : 634.91"
"3,31 : 691.76"
"3,32 : 832.18"
"3,33 : 401.91"
"3,34 : 79.2"
"3,35 : 517.25"
"3,36 : 300.82"
"3,37 : 730.66"
"3,38 : 644.02"
"3,39 : 520.16"
"3,40 : 103.59"
"3,41 : 785.68"
"3,42 : 672.66"
"3,43 : 701.56"
"3,44 : 607.69"
"3,45 : 492.48"
"3,46 : 604.03"
"3,47 : 501.44"
"3,48 : 200.0"
"3,49 : 211.85"
"3,50 : 444.16"
"3,51 : 590.17"
"3,52 : 314.67"
"3,53 : 222.85"
"3,54 : 374.42"
"3,55 : 21.54"
"3,56 : 630.66"
"3,57 : 756.79"
"3,58 : 135.37"
"3,59 : 606.49"
"3,60 : 488.37"
"3,61 : 520.52"
"3,62 : 893.95"
"3,63 : 168.36"
"3,64 : 476.94"
"3,65 : 781.23"
"3,66 : 657.18"
"3,67 : 697.13"
"3,68 : 289.84"
"3,69 : 247.24"
"3,70 : 173.07"
"3,71 : 236.36"
"3,72 : 406.88"
"3,73 : 686.33"
"3,74 : 831.29"
"3,75 : 156.04"
"3,76 : 322.59"
"3,77 : 890.06"
"3,78 : 232.09"
"3,79 : 412.28"
"3,80 : 100.66"
"3,81 : 849.26"
"3,82 : 438.65"
"3,83 : 322.05"
"3,84 : 144.22"
"3,85 : 289.64"
"3,86 : 515.77"
"3,87 : 313.56"
"3,88 : 564.85"
"3,89 : 110.11"
"3,90 : 394.79"
"3,91 : 214.6"
"3,92 : 528.29"
"3,93 : 650.2"
"3,94 : 810.92"
"3,95 : 725.07"
"3,96 : 639.46"
"3,97 : 367.72"
"3,98 : 216.98"
"3,99 : 418.94"
"4,0 : 614.04"
"4,1 : 570.4"
"4,2 : 986.25"
"4,3 : 554.69"
"4,4 : 0.0"
"4,5 : 799.75"
"4,6 : 586.93"
"4,7 : 69.89"
"4,8 : 229.33"
"4,9 : 773.01"
"4,10 : 833.74"
"4,11 : 738.59"
"4,12 : 104.69"
"4,13 : 501.81"
"4,14 : 618.29"
"4,15 : 739.75"
"4,16 : 826.54"
"4,17 : 512.3"
"4,18 : 594.04"
"4,19 : 662.83"
"4,20 : 308.86"
"4,21 : 555.31"
"4,22 : 545.01"
"4,23 : 417.12"
"4,24 : 953.68"
"4,25 : 846.89"
"4,26 : 308.87"
"4,27 : 301.01"
"4,28 : 432.23"
"4,29 : 252.48"
"4,30 : 726.43"
"4,31 : 539.24"
"4,32 : 559.38"
"4,33 : 479.89"
"4,34 : 626.2"
"4,35 : 186.32"
"4,36 : 804.86"
"4,37 : 355.64"
"4,38 : 729.07"
"4,39 : 95.48"
"4,40 : 645.0"
"4,41 : 605.47"
"4,42 : 285.66"
"4,43 : 446.56"
"4,44 : 214.11"
"4,45 : 949.56"
"4,46 : 191.71"
"4,47 : 779.85"
"4,48 : 440.6"
"4,49 : 510.65"
"4,50 : 382.69"
"4,51 : 167.87"
"4,52 : 311.71"
"4,53 : 530.66"
"4,54 : 180.28"
"4,55 : 571.44"
"4,56 : 902.08"
"4,57 : 226.77"
"4,58 : 635.19"
"4,59 : 399.45"
"4,60 : 193.19"
"4,61 : 684.55"
"4,62 : 720.46"
"4,63 : 693.63"
"4,64 : 212.93"
"4,65 : 274.45"
"4,66 : 652.56"
"4,67 : 895.87"
"4,68 : 733.87"
"4,69 : 469.57"
"4,70 : 384.42"
"4,71 : 545.01"
"4,72 : 199.61"
"4,73 : 131.73"
"4,74 : 277.6"
"4,75 : 485.41"
"4,76 : 685.22"
"4,77 : 733.91"
"4,78 : 502.49"
"4,79 : 285.79"
"4,80 : 471.47"
"4,81 : 596.01"
"4,82 : 116.06"
"4,83 : 252.16"
"4,84 : 652.24"
"4,85 : 395.8"
"4,86 : 755.17"
"4,87 : 788.08"
"4,88 : 922.63"
"4,89 : 651.12"
"4,90 : 862.71"
"4,91 : 349.73"
"4,92 : 32.02"
"4,93 : 95.51"
"4,94 : 498.89"
"4,95 : 890.25"
"4,96 : 847.19"
"4,97 : 421.89"
"4,98 : 766.92"
"4,99 : 891.46"
"5,0 : 841.29"
"5,1 : 945.5"
"5,2 : 456.13"
"5,3 : 744.14"
"5,4 : 799.75"
"5,5 : 0.0"
"5,6 : 484.77"
"5,7 : 852.67"
"5,8 : 936.45"
"5,9 : 644.41"
"5,10 : 656.9"
"5,11 : 88.23"
"5,12 : 716.48"
"5,13 : 742.75"
"5,14 : 365.8"
"5,15 : 884.98"
"5,16 : 94.7"
"5,17 : 411.27"
"5,18 : 917.19"
"5,19 : 1074.27"
"5,20 : 503.16"
"5,21 : 295.38"
"5,22 : 273.25"
"5,23 : 383.6"
"5,24 : 425.06"
"5,25 : 347.86"
"5,26 : 616.77"
"5,27 : 608.58"
"5,28 : 373.76"
"5,29 : 935.08"
"5,30 : 109.4"
"5,31 : 310.41"
"5,32 : 449.47"
"5,33 : 377.75"
"5,34 : 732.38"
"5,35 : 614.39"
"5,36 : 669.34"
"5,37 : 580.14"
"5,38 : 100.12"
"5,39 : 861.57"
"5,40 : 722.01"
"5,41 : 323.91"
"5,42 : 600.27"
"5,43 : 435.44"
"5,44 : 623.92"
"5,45 : 618.42"
"5,46 : 644.87"
"5,47 : 326.84"
"5,48 : 575.7"
"5,49 : 919.3"
"5,50 : 430.09"
"5,51 : 660.02"
"5,52 : 865.88"
"5,53 : 521.54"
"5,54 : 738.98"
"5,55 : 761.93"
"5,56 : 312.01"
"5,57 : 809.9"
"5,58 : 875.35"
"5,59 : 421.37"
"5,60 : 607.03"
"5,61 : 229.14"
"5,62 : 329.89"
"5,63 : 694.55"
"5,64 : 929.09"
"5,65 : 773.67"
"5,66 : 148.76"
"5,67 : 208.9"
"5,68 : 566.63"
"5,69 : 513.09"
"5,70 : 743.12"
"5,71 : 955.71"
"5,72 : 852.13"
"5,73 : 861.57"
"5,74 : 976.62"
"5,75 : 853.89"
"5,76 : 471.43"
"5,77 : 306.36"
"5,78 : 516.63"
"5,79 : 534.05"
"5,80 : 777.27"
"5,81 : 425.52"
"5,82 : 754.04"
"5,83 : 653.09"
"5,84 : 667.07"
"5,85 : 914.46"
"5,86 : 281.36"
"5,87 : 613.42"
"5,88 : 444.67"
"5,89 : 828.19"
"5,90 : 613.51"
"5,91 : 666.47"
"5,92 : 772.24"
"5,93 : 846.22"
"5,94 : 499.93"
"5,95 : 163.27"
"5,96 : 215.33"
"5,97 : 438.85"
"5,98 : 780.3"
"5,99 : 629.16"
"6,0 : 358.09"
"6,1 : 475.29"
"6,2 : 420.6"
"6,3 : 264.5"
"6,4 : 586.93"
"6,5 : 484.77"
"6,6 : 0.0"
"6,7 : 603.62"
"6,8 : 803.39"
"6,9 : 228.32"
"6,10 : 276.93"
"6,11 : 396.69"
"6,12 : 482.32"
"6,13 : 275.08"
"6,14 : 119.28"
"6,15 : 404.14"
"6,16 : 568.81"
"6,17 : 582.98"
"6,18 : 440.27"
"6,19 : 600.01"
"6,20 : 453.84"
"6,21 : 227.63"
"6,22 : 281.39"
"6,23 : 377.02"
"6,24 : 393.07"
"6,25 : 304.38"
"6,26 : 620.0"
"6,27 : 287.87"
"6,28 : 405.54"
"6,29 : 818.66"
"6,30 : 375.45"
"6,31 : 494.07"
"6,32 : 658.34"
"6,33 : 200.64"
"6,34 : 247.89"
"6,35 : 465.93"
"6,36 : 262.62"
"6,37 : 620.02"
"6,38 : 385.01"
"6,39 : 595.83"
"6,40 : 239.21"
"6,41 : 583.15"
"6,42 : 582.0"
"6,43 : 543.3"
"6,44 : 541.25"
"6,45 : 365.03"
"6,46 : 547.95"
"6,47 : 248.01"
"6,48 : 160.64"
"6,49 : 460.87"
"6,50 : 296.25"
"6,51 : 544.41"
"6,52 : 478.3"
"6,53 : 63.57"
"6,54 : 434.12"
"6,55 : 280.43"
"6,56 : 382.16"
"6,57 : 731.48"
"6,58 : 391.69"
"6,59 : 453.19"
"6,60 : 439.23"
"6,61 : 257.66"
"6,62 : 677.48"
"6,63 : 224.5"
"6,64 : 604.85"
"6,65 : 734.1"
"6,66 : 416.09"
"6,67 : 435.93"
"6,68 : 162.36"
"6,69 : 117.39"
"6,70 : 321.31"
"6,71 : 492.35"
"6,72 : 521.48"
"6,73 : 705.0"
"6,74 : 852.33"
"6,75 : 396.53"
"6,76 : 99.02"
"6,77 : 668.59"
"6,78 : 86.27"
"6,79 : 331.89"
"6,80 : 319.9"
"6,81 : 665.47"
"6,82 : 485.14"
"6,83 : 340.93"
"6,84 : 188.88"
"6,85 : 495.04"
"6,86 : 254.37"
"6,87 : 224.35"
"6,88 : 352.04"
"6,89 : 343.43"
"6,90 : 285.79"
"6,91 : 277.62"
"6,92 : 555.15"
"6,93 : 673.57"
"6,94 : 656.6"
"6,95 : 461.38"
"6,96 : 377.92"
"6,97 : 209.57"
"6,98 : 318.94"
"6,99 : 314.39"
"7,0 : 589.0"
"7,1 : 530.31"
"7,2 : 1012.83"
"7,3 : 539.54"
"7,4 : 69.89"
"7,5 : 852.67"
"7,6 : 603.62"
"7,7 : 0.0"
"7,8 : 253.44"
"7,9 : 775.26"
"7,10 : 836.95"
"7,11 : 787.8"
"7,12 : 138.0"
"7,13 : 485.56"
"7,14 : 647.17"
"7,15 : 715.98"
"7,16 : 884.05"
"7,17 : 579.85"
"7,18 : 558.79"
"7,19 : 614.05"
"7,20 : 371.21"
"7,21 : 596.55"
"7,22 : 591.51"
"7,23 : 473.01"
"7,24 : 981.32"
"7,25 : 877.02"
"7,26 : 378.74"
"7,27 : 316.01"
"7,28 : 490.64"
"7,29 : 281.35"
"7,30 : 774.5"
"7,31 : 602.03"
"7,32 : 628.43"
"7,33 : 517.32"
"7,34 : 614.56"
"7,35 : 245.6"
"7,36 : 805.81"
"7,37 : 425.52"
"7,38 : 777.81"
"7,39 : 29.15"
"7,40 : 635.13"
"7,41 : 671.21"
"7,42 : 355.37"
"7,43 : 513.55"
"7,44 : 282.79"
"7,45 : 960.98"
"7,46 : 260.73"
"7,47 : 810.54"
"7,48 : 449.78"
"7,49 : 470.31"
"7,50 : 428.14"
"7,51 : 236.64"
"7,52 : 268.03"
"7,53 : 544.21"
"7,54 : 173.88"
"7,55 : 554.51"
"7,56 : 936.53"
"7,57 : 282.58"
"7,58 : 607.13"
"7,59 : 461.81"
"7,60 : 247.0"
"7,61 : 724.22"
"7,62 : 787.21"
"7,63 : 688.27"
"7,64 : 147.03"
"7,65 : 335.65"
"7,66 : 707.02"
"7,67 : 937.72"
"7,68 : 742.63"
"7,69 : 486.86"
"7,70 : 366.55"
"7,71 : 502.06"
"7,72 : 152.0"
"7,73 : 167.59"
"7,74 : 297.93"
"7,75 : 452.77"
"7,76 : 702.63"
"7,77 : 799.99"
"7,78 : 517.65"
"7,79 : 326.53"
"7,80 : 449.48"
"7,81 : 664.75"
"7,82 : 118.6"
"7,83 : 262.73"
"7,84 : 648.74"
"7,85 : 348.9"
"7,86 : 789.37"
"7,87 : 793.78"
"7,88 : 947.45"
"7,89 : 629.3"
"7,90 : 870.98"
"7,91 : 347.23"
"7,92 : 85.15"
"7,93 : 133.2"
"7,94 : 568.49"
"7,95 : 935.23"
"7,96 : 887.13"
"7,97 : 456.31"
"7,98 : 755.37"
"7,99 : 899.46"
"8,0 : 839.78"
"8,1 : 783.29"
"8,2 : 1185.81"
"8,3 : 783.65"
"8,4 : 229.33"
"8,5 : 936.45"
"8,6 : 803.39"
"8,7 : 253.44"
"8,8 : 0.0"
"8,9 : 998.83"
"8,10 : 1058.88"
"8,11 : 890.13"
"8,12 : 327.33"
"8,13 : 730.49"
"8,14 : 819.1"
"8,15 : 966.26"
"8,16 : 942.85"
"8,17 : 574.54"
"8,18 : 812.23"
"8,19 : 862.02"
"8,20 : 436.52"
"8,21 : 734.57"
"8,22 : 711.59"
"8,23 : 561.27"
"8,24 : 1151.82"
"8,25 : 1041.97"
"8,26 : 337.62"
"8,27 : 523.85"
"8,28 : 564.64"
"8,29 : 31.78"
"8,30 : 881.91"
"8,31 : 639.81"
"8,32 : 594.3"
"8,33 : 669.9"
"8,34 : 855.53"
"8,35 : 351.59"
"8,36 : 1031.23"
"8,37 : 385.63"
"8,38 : 882.39"
"8,39 : 279.46"
"8,40 : 874.31"
"8,41 : 679.38"
"8,42 : 341.88"
"8,43 : 521.65"
"8,44 : 314.03"
"8,45 : 1168.27"
"8,46 : 294.77"
"8,47 : 974.9"
"8,48 : 664.62"
"8,49 : 723.34"
"8,50 : 560.82"
"8,51 : 284.4"
"8,52 : 520.92"
"8,53 : 750.61"
"8,54 : 409.32"
"8,55 : 800.08"
"8,56 : 1088.27"
"8,57 : 140.17"
"8,58 : 859.19"
"8,59 : 515.1"
"8,60 : 372.94"
"8,61 : 863.49"
"8,62 : 778.16"
"8,63 : 922.34"
"8,64 : 379.58"
"8,65 : 199.65"
"8,66 : 788.28"
"8,67 : 1065.11"
"8,68 : 955.84"
"8,69 : 687.2"
"8,70 : 612.44"
"8,71 : 754.24"
"8,72 : 404.9"
"8,73 : 99.48"
"8,74 : 49.09"
"8,75 : 705.85"
"8,76 : 899.85"
"8,77 : 797.77"
"8,78 : 721.47"
"8,79 : 480.84"
"8,80 : 698.33"
"8,81 : 634.28"
"8,82 : 345.27"
"8,83 : 478.37"
"8,84 : 880.57"
"8,85 : 600.0"
"8,86 : 944.15"
"8,87 : 1011.88"
"8,88 : 1125.5"
"8,89 : 878.38"
"8,90 : 1084.42"
"8,91 : 578.66"
"8,92 : 257.66"
"8,93 : 134.24"
"8,94 : 524.55"
"8,95 : 1051.07"
"8,96 : 1022.06"
"8,97 : 619.59"
"8,98 : 996.26"
"8,99 : 1113.26"
"9,0 : 320.76"
"9,1 : 469.52"
"9,2 : 385.97"
"9,3 : 279.59"
"9,4 : 773.01"
"9,5 : 644.41"
"9,6 : 228.32"
"9,7 : 775.26"
"9,8 : 998.83"
"9,9 : 0.0"
"9,10 : 62.24"
"9,11 : 562.23"
"9,12 : 671.59"
"9,13 : 325.51"
"9,14 : 308.24"
"9,15 : 286.81"
"9,16 : 736.95"
"9,17 : 808.54"
"9,18 : 419.36"
"9,19 : 567.0"
"9,20 : 679.8"
"9,21 : 441.07"
"9,22 : 496.76"
"9,23 : 605.05"
"9,24 : 375.68"
"9,25 : 346.7"
"9,26 : 844.7"
"9,27 : 475.35"
"9,28 : 633.06"
"9,29 : 1017.52"
"9,30 : 541.94"
"9,31 : 714.99"
"9,32 : 883.2"
"9,33 : 428.02"
"9,34 : 206.83"
"9,35 : 678.72"
"9,36 : 34.53"
"9,37 : 846.98"
"9,38 : 552.23"
"9,39 : 761.33"
"9,40 : 181.6"
"9,41 : 800.61"
"9,42 : 806.01"
"9,43 : 771.02"
"9,44 : 759.77"
"9,45 : 213.77"
"9,46 : 764.03"
"9,47 : 329.54"
"9,48 : 334.65"
"9,49 : 484.09"
"9,50 : 523.68"
"9,51 : 757.61"
"9,52 : 585.77"
"9,53 : 259.2"
"9,54 : 601.49"
"9,55 : 279.15"
"9,56 : 428.94"
"9,57 : 941.87"
"9,58 : 342.42"
"9,59 : 681.46"
"9,60 : 650.54"
"9,61 : 422.03"
"9,62 : 886.14"
"9,63 : 115.21"
"9,64 : 740.17"
"9,65 : 950.66"
"9,66 : 612.8"
"9,67 : 525.54"
"9,68 : 79.2"
"9,69 : 324.52"
"9,70 : 428.92"
"9,71 : 500.36"
"9,72 : 662.79"
"9,73 : 899.36"
"9,74 : 1047.87"
"9,75 : 434.34"
"9,76 : 179.57"
"9,77 : 874.15"
"9,78 : 289.17"
"9,79 : 547.76"
"9,80 : 377.45"
"9,81 : 887.98"
"9,82 : 661.34"
"9,83 : 521.0"
"9,84 : 136.86"
"9,85 : 568.89"
"9,86 : 366.84"
"9,87 : 42.2"
"9,88 : 323.21"
"9,89 : 279.26"
"9,90 : 116.66"
"9,91 : 428.08"
"9,92 : 742.65"
"9,93 : 865.42"
"9,94 : 884.14"
"9,95 : 567.45"
"9,96 : 474.69"
"9,97 : 436.15"
"9,98 : 152.54"
"9,99 : 139.46"
"10,0 : 372.82"
"10,1 : 522.21"
"10,2 : 353.57"
"10,3 : 339.19"
"10,4 : 833.74"
"10,5 : 656.9"
"10,6 : 276.93"
"10,7 : 836.95"
"10,8 : 1058.88"
"10,9 : 62.24"
"10,10 : 0.0"
"10,11 : 578.31"
"10,12 : 731.84"
"10,13 : 386.4"
"10,14 : 341.47"
"10,15 : 322.9"
"10,16 : 750.84"
"10,17 : 849.21"
"10,18 : 470.89"
"10,19 : 613.51"
"10,20 : 730.73"
"10,21 : 477.03"
"10,22 : 532.64"
"10,23 : 650.16"
"10,24 : 348.52"
"10,25 : 338.1"
"10,26 : 896.65"
"10,27 : 535.08"
"10,28 : 676.96"
"10,29 : 1077.14"
"10,30 : 558.81"
"10,31 : 752.08"
"10,32 : 922.91"
"10,33 : 472.78"
"10,34 : 264.2"
"10,35 : 735.23"
"10,36 : 40.02"
"10,37 : 896.88"
"10,38 : 569.08"
"10,39 : 823.25"
"10,40 : 238.72"
"10,41 : 834.96"
"10,42 : 858.41"
"10,43 : 814.93"
"10,44 : 814.69"
"10,45 : 159.81"
"10,46 : 819.77"
"10,47 : 333.18"
"10,48 : 394.28"
"10,49 : 540.22"
"10,50 : 573.08"
"10,51 : 814.15"
"10,52 : 647.44"
"10,53 : 314.57"
"10,54 : 663.11"
"10,55 : 337.34"
"10,56 : 416.2"
"10,57 : 999.33"
"10,58 : 391.62"
"10,59 : 727.38"
"10,60 : 707.35"
"10,61 : 442.19"
"10,62 : 915.09"
"10,63 : 171.9"
"10,64 : 802.34"
"10,65 : 1006.44"
"10,66 : 638.88"
"10,67 : 520.43"
"10,68 : 115.62"
"10,69 : 380.12"
"10,70 : 491.03"
"10,71 : 554.4"
"10,72 : 725.04"
"10,73 : 959.43"
"10,74 : 1107.94"
"10,75 : 492.68"
"10,76 : 211.05"
"10,77 : 901.64"
"10,78 : 344.65"
"10,79 : 603.11"
"10,80 : 438.02"
"10,81 : 925.55"
"10,82 : 722.61"
"10,83 : 581.61"
"10,84 : 198.09"
"10,85 : 628.82"
"10,86 : 375.76"
"10,87 : 53.15"
"10,88 : 296.51"
"10,89 : 328.64"
"10,90 : 69.43"
"10,91 : 489.87"
"10,92 : 803.21"
"10,93 : 925.73"
"10,94 : 927.45"
"10,95 : 565.65"
"10,96 : 473.47"
"10,97 : 486.47"
"10,98 : 184.32"
"10,99 : 84.59"
"11,0 : 753.06"
"11,1 : 857.95"
"11,2 : 413.42"
"11,3 : 655.96"
"11,4 : 738.59"
"11,5 : 88.23"
"11,6 : 396.69"
"11,7 : 787.8"
"11,8 : 890.13"
"11,9 : 562.23"
"11,10 : 578.31"
"11,11 : 0.0"
"11,12 : 650.28"
"11,13 : 655.07"
"11,14 : 277.89"
"11,15 : 797.7"
"11,16 : 175.41"
"11,17 : 401.76"
"11,18 : 829.2"
"11,19 : 986.54"
"11,20 : 453.64"
"11,21 : 212.05"
"11,22 : 198.2"
"11,23 : 329.46"
"11,24 : 379.61"
"11,25 : 288.06"
"11,26 : 583.8"
"11,27 : 529.64"
"11,28 : 326.18"
"11,29 : 891.4"
"11,30 : 21.26"
"11,31 : 292.36"
"11,32 : 452.66"
"11,33 : 296.25"
"11,34 : 644.42"
"11,35 : 555.93"
"11,36 : 588.43"
"11,37 : 552.41"
"11,38 : 12.08"
"11,39 : 794.7"
"11,40 : 634.33"
"11,41 : 331.16"
"11,42 : 562.48"
"11,43 : 412.25"
"11,44 : 576.11"
"11,45 : 552.88"
"11,46 : 595.71"
"11,47 : 255.15"
"11,48 : 489.49"
"11,49 : 832.59"
"11,50 : 360.46"
"11,51 : 608.55"
"11,52 : 785.22"
"11,53 : 433.43"
"11,54 : 665.01"
"11,55 : 673.71"
"11,56 : 271.29"
"11,57 : 769.56"
"11,58 : 787.12"
"11,59 : 379.8"
"11,60 : 545.47"
"11,61 : 142.52"
"11,62 : 366.92"
"11,63 : 608.17"
"11,64 : 856.02"
"11,65 : 738.96"
"11,66 : 116.21"
"11,67 : 192.61"
"11,68 : 483.74"
"11,69 : 426.48"
"11,70 : 658.4"
"11,71 : 868.68"
"11,72 : 777.31"
"11,73 : 810.02"
"11,74 : 932.46"
"11,75 : 767.11"
"11,76 : 386.81"
"11,77 : 347.07"
"11,78 : 429.0"
"11,79 : 464.09"
"11,80 : 690.27"
"11,81 : 435.55"
"11,82 : 684.55"
"11,83 : 576.25"
"11,84 : 579.84"
"11,85 : 831.1"
"11,86 : 206.6"
"11,87 : 532.96"
"11,88 : 390.29"
"11,89 : 740.12"
"11,90 : 539.02"
"11,91 : 583.31"
"11,92 : 709.81"
"11,93 : 791.9"
"11,94 : 493.19"
"11,95 : 164.45"
"11,96 : 174.63"
"11,97 : 358.96"
"11,98 : 695.13"
"11,99 : 556.64"
"12,0 : 533.79"
"12,1 : 510.36"
"12,2 : 882.66"
"12,3 : 465.59"
"12,4 : 104.69"
"12,5 : 716.48"
"12,6 : 482.32"
"12,7 : 138.0"
"12,8 : 327.33"
"12,9 : 671.59"
"12,10 : 731.84"
"12,11 : 650.28"
"12,12 : 0.0"
"12,13 : 414.45"
"12,14 : 515.1"
"12,15 : 656.85"
"12,16 : 751.18"
"12,17 : 471.47"
"12,18 : 526.54"
"12,19 : 615.65"
"12,20 : 250.7"
"12,21 : 458.85"
"12,22 : 453.62"
"12,23 : 340.32"
"12,24 : 850.36"
"12,25 : 744.31"
"12,26 : 306.8"
"12,27 : 197.41"
"12,28 : 360.69"
"12,29 : 347.13"
"12,30 : 636.75"
"12,31 : 478.29"
"12,32 : 529.06"
"12,33 : 380.54"
"12,34 : 533.52"
"12,35 : 125.78"
"12,36 : 703.91"
"12,37 : 345.46"
"12,38 : 640.18"
"12,39 : 145.12"
"12,40 : 550.87"
"12,41 : 554.49"
"12,42 : 273.63"
"12,43 : 403.76"
"12,44 : 194.76"
"12,45 : 845.38"
"12,46 : 178.62"
"12,47 : 677.43"
"12,48 : 337.82"
"12,49 : 452.39"
"12,50 : 290.26"
"12,51 : 156.06"
"12,52 : 268.56"
"12,53 : 426.5"
"12,54 : 102.39"
"12,55 : 483.71"
"12,56 : 801.41"
"12,57 : 292.75"
"12,58 : 558.02"
"12,59 : 339.0"
"12,60 : 117.44"
"12,61 : 586.96"
"12,62 : 673.09"
"12,63 : 596.26"
"12,64 : 231.62"
"12,65 : 324.89"
"12,66 : 572.02"
"12,67 : 800.06"
"12,68 : 630.4"
"12,69 : 365.0"
"12,70 : 301.48"
"12,71 : 490.03"
"12,72 : 179.21"
"12,73 : 227.86"
"12,74 : 376.32"
"12,75 : 416.78"
"12,76 : 580.55"
"12,77 : 683.37"
"12,78 : 398.12"
"12,79 : 188.6"
"12,80 : 390.42"
"12,81 : 562.27"
"12,82 : 54.45"
"12,83 : 151.16"
"12,84 : 554.0"
"12,85 : 352.85"
"12,86 : 654.28"
"12,87 : 685.4"
"12,88 : 818.62"
"12,89 : 567.09"
"12,90 : 759.22"
"12,91 : 254.26"
"12,92 : 72.84"
"12,93 : 193.89"
"12,94 : 476.71"
"12,95 : 797.24"
"12,96 : 749.89"
"12,97 : 320.65"
"12,98 : 673.26"
"12,99 : 788.01"
"13,0 : 129.69"
"13,1 : 203.06"
"13,2 : 665.53"
"13,3 : 54.2"
"13,4 : 501.81"
"13,5 : 742.75"
"13,6 : 275.08"
"13,7 : 485.56"
"13,8 : 730.49"
"13,9 : 325.51"
"13,10 : 386.4"
"13,11 : 655.07"
"13,12 : 414.45"
"13,13 : 0.0"
"13,14 : 388.4"
"13,15 : 244.03"
"13,16 : 818.47"
"13,17 : 726.59"
"13,18 : 176.82"
"13,19 : 331.55"
"13,20 : 530.32"
"13,21 : 454.88"
"13,22 : 495.91"
"13,23 : 516.43"
"13,24 : 643.99"
"13,25 : 570.51"
"13,26 : 669.76"
"13,27 : 254.95"
"13,28 : 549.19"
"13,29 : 754.29"
"13,30 : 634.35"
"13,31 : 667.87"
"13,32 : 801.45"
"13,33 : 386.39"
"13,34 : 132.28"
"13,35 : 471.96"
"13,36 : 348.99"
"13,37 : 690.1"
"13,38 : 643.02"
"13,39 : 466.01"
"13,40 : 155.67"
"13,41 : 761.9"
"13,42 : 629.98"
"13,43 : 669.19"
"13,44 : 562.79"
"13,45 : 536.26"
"13,46 : 557.98"
"13,47 : 519.95"
"13,48 : 177.55"
"13,49 : 186.12"
"13,50 : 415.74"
"13,51 : 543.16"
"13,52 : 262.84"
"13,53 : 223.95"
"13,54 : 321.56"
"13,55 : 69.64"
"13,56 : 652.0"
"13,57 : 706.5"
"13,58 : 161.38"
"13,59 : 574.67"
"13,60 : 443.39"
"13,61 : 524.31"
"13,62 : 873.03"
"13,63 : 218.05"
"13,64 : 423.7"
"13,65 : 732.7"
"13,66 : 646.72"
"13,67 : 711.01"
"13,68 : 326.81"
"13,69 : 233.65"
"13,70 : 119.01"
"13,71 : 217.44"
"13,72 : 352.85"
"13,73 : 633.52"
"13,74 : 777.98"
"13,75 : 123.07"
"13,76 : 346.0"
"13,77 : 870.66"
"13,78 : 226.12"
"13,79 : 373.81"
"13,80 : 52.55"
"13,81 : 820.49"
"13,82 : 385.85"
"13,83 : 274.0"
"13,84 : 188.66"
"13,85 : 244.77"
"13,86 : 529.42"
"13,87 : 356.9"
"13,88 : 596.12"
"13,89 : 154.0"
"13,90 : 438.72"
"13,91 : 167.36"
"13,92 : 475.86"
"13,93 : 597.3"
"13,94 : 776.62"
"13,95 : 735.61"
"13,96 : 652.99"
"13,97 : 345.19"
"13,98 : 271.15"
"13,99 : 463.94"
"14,0 : 477.21"
"14,1 : 590.7"
"14,2 : 368.21"
"14,3 : 382.43"
"14,4 : 618.29"
"14,5 : 365.8"
"14,6 : 119.28"
"14,7 : 647.17"
"14,8 : 819.1"
"14,9 : 308.24"
"14,10 : 341.47"
"14,11 : 277.89"
"14,12 : 515.1"
"14,13 : 388.4"
"14,14 : 0.0"
"14,15 : 520.5"
"14,16 : 451.14"
"14,17 : 510.47"
"14,18 : 557.72"
"14,19 : 716.96"
"14,20 : 424.59"
"14,21 : 136.03"
"14,22 : 191.38"
"14,23 : 322.98"
"14,24 : 335.39"
"14,25 : 229.9"
"14,26 : 590.36"
"14,27 : 338.02"
"14,28 : 345.68"
"14,29 : 830.19"
"14,30 : 256.63"
"14,31 : 410.89"
"14,32 : 583.0"
"14,33 : 155.4"
"14,34 : 366.58"
"14,35 : 468.97"
"14,36 : 339.56"
"14,37 : 580.9"
"14,38 : 266.33"
"14,39 : 644.44"
"14,40 : 356.56"
"14,41 : 493.69"
"14,42 : 555.59"
"14,43 : 481.69"
"14,44 : 530.09"
"14,45 : 381.39"
"14,46 : 541.5"
"14,47 : 163.88"
"14,48 : 244.0"
"14,49 : 572.24"
"14,50 : 268.48"
"14,51 : 543.3"
"14,52 : 564.72"
"14,53 : 164.84"
"14,54 : 488.94"
"14,55 : 399.02"
"14,56 : 294.78"
"14,57 : 729.49"
"14,58 : 510.91"
"14,59 : 400.68"
"14,60 : 446.23"
"14,61 : 138.44"
"14,62 : 578.07"
"14,63 : 334.01"
"14,64 : 672.8"
"14,65 : 721.67"
"14,66 : 307.24"
"14,67 : 328.28"
"14,68 : 230.18"
"14,69 : 182.54"
"14,70 : 416.58"
"14,71 : 605.58"
"14,72 : 589.14"
"14,73 : 724.17"
"14,74 : 866.99"
"14,75 : 507.03"
"14,76 : 130.54"
"14,77 : 566.61"
"14,78 : 170.06"
"14,79 : 338.5"
"14,80 : 429.59"
"14,81 : 584.37"
"14,82 : 529.97"
"14,83 : 392.38"
"14,84 : 303.04"
"14,85 : 593.09"
"14,86 : 151.85"
"14,87 : 289.52"
"14,88 : 306.41"
"14,89 : 462.47"
"14,90 : 326.12"
"14,91 : 356.92"
"14,92 : 586.36"
"14,93 : 696.28"
"14,94 : 592.15"
"14,95 : 348.31"
"14,96 : 270.6"
"14,97 : 199.53"
"14,98 : 424.85"
"14,99 : 351.64"
"15,0 : 127.14"
"15,1 : 243.53"
"15,2 : 672.18"
"15,3 : 198.34"
"15,4 : 739.75"
"15,5 : 884.98"
"15,6 : 404.14"
"15,7 : 715.98"
"15,8 : 966.26"
"15,9 : 286.81"
"15,10 : 322.9"
"15,11 : 797.7"
"15,12 : 656.85"
"15,13 : 244.03"
"15,14 : 520.5"
"15,15 : 0.0"
"15,16 : 971.63"
"15,17 : 947.13"
"15,18 : 191.73"
"15,19 : 301.27"
"15,20 : 765.13"
"15,21 : 627.16"
"15,22 : 677.57"
"15,23 : 733.7"
"15,24 : 662.49"
"15,25 : 626.24"
"15,26 : 910.96"
"15,27 : 496.14"
"15,28 : 765.99"
"15,29 : 991.49"
"15,30 : 776.47"
"15,31 : 875.2"
"15,32 : 1023.18"
"15,33 : 578.3"
"15,34 : 161.62"
"15,35 : 715.06"
"15,36 : 285.41"
"15,37 : 928.69"
"15,38 : 786.33"
"15,39 : 693.5"
"15,40 : 165.24"
"15,41 : 968.28"
"15,42 : 870.99"
"15,43 : 894.61"
"15,44 : 805.68"
"15,45 : 479.13"
"15,46 : 801.52"
"15,47 : 597.5"
"15,48 : 391.22"
"15,49 : 286.36"
"15,50 : 635.14"
"15,51 : 787.05"
"15,52 : 463.82"
"15,53 : 385.42"
"15,54 : 560.77"
"15,55 : 177.63"
"15,56 : 710.17"
"15,57 : 949.47"
"15,58 : 115.68"
"15,59 : 799.43"
"15,60 : 686.29"
"15,61 : 655.85"
"15,62 : 1071.54"
"15,63 : 194.73"
"15,64 : 629.68"
"15,65 : 976.66"
"15,66 : 819.09"
"15,67 : 798.2"
"15,68 : 343.48"
"15,69 : 427.72"
"15,70 : 356.12"
"15,71 : 281.47"
"15,72 : 572.0"
"15,73 : 871.22"
"15,74 : 1012.68"
"15,75 : 271.53"
"15,76 : 420.7"
"15,77 : 1065.19"
"15,78 : 404.07"
"15,79 : 610.0"
"15,80 : 268.29"
"15,81 : 1038.0"
"15,82 : 624.76"
"15,83 : 518.01"
"15,84 : 217.9"
"15,85 : 408.83"
"15,86 : 625.57"
"15,87 : 328.99"
"15,88 : 610.02"
"15,89 : 90.05"
"15,90 : 392.07"
"15,91 : 411.06"
"15,92 : 715.48"
"15,93 : 834.76"
"15,94 : 1005.34"
"15,95 : 835.17"
"15,96 : 743.7"
"15,97 : 553.86"
"15,98 : 138.61"
"15,99 : 405.77"
"16,0 : 922.21"
"16,1 : 1020.04"
"16,2 : 544.53"
"16,3 : 823.61"
"16,4 : 826.54"
"16,5 : 94.7"
"16,6 : 568.81"
"16,7 : 884.05"
"16,8 : 942.85"
"16,9 : 736.95"
"16,10 : 750.84"
"16,11 : 175.41"
"16,12 : 751.18"
"16,13 : 818.47"
"16,14 : 451.14"
"16,15 : 971.63"
"16,16 : 0.0"
"16,17 : 388.13"
"16,18 : 994.41"
"16,19 : 1149.6"
"16,20 : 520.7"
"16,21 : 364.45"
"16,22 : 331.55"
"16,23 : 411.18"
"16,24 : 514.72"
"16,25 : 441.7"
"16,26 : 612.15"
"16,27 : 664.15"
"16,28 : 394.32"
"16,29 : 938.29"
"16,30 : 196.31"
"16,31 : 303.35"
"16,32 : 411.26"
"16,33 : 441.5"
"16,34 : 816.65"
"16,35 : 640.28"
"16,36 : 762.5"
"16,37 : 570.54"
"16,38 : 186.17"
"16,39 : 895.72"
"16,40 : 807.56"
"16,41 : 288.53"
"16,42 : 601.52"
"16,43 : 425.82"
"16,44 : 636.4"
"16,45 : 712.64"
"16,46 : 658.59"
"16,47 : 421.49"
"16,48 : 646.84"
"16,49 : 990.52"
"16,50 : 475.01"
"16,51 : 676.29"
"16,52 : 922.57"
"16,53 : 600.87"
"16,54 : 784.95"
"16,55 : 842.15"
"16,56 : 401.36"
"16,57 : 810.52"
"16,58 : 956.57"
"16,59 : 432.76"
"16,60 : 637.08"
"16,61 : 317.82"
"16,62 : 263.09"
"16,63 : 783.15"
"16,64 : 972.14"
"16,65 : 768.24"
"16,66 : 184.1"
"16,67 : 292.17"
"16,68 : 658.73"
"16,69 : 585.88"
"16,70 : 809.28"
"16,71 : 1028.0"
"16,72 : 898.54"
"16,73 : 875.2"
"16,74 : 980.05"
"16,75 : 925.56"
"16,76 : 562.2"
"16,77 : 237.19"
"16,78 : 593.12"
"16,79 : 576.88"
"16,80 : 849.97"
"16,81 : 381.28"
"16,82 : 793.05"
"16,83 : 704.59"
"16,84 : 754.0"
"16,85 : 976.59"
"16,86 : 375.67"
"16,87 : 706.75"
"16,88 : 536.94"
"16,89 : 911.67"
"16,90 : 708.11"
"16,91 : 729.55"
"16,92 : 801.06"
"16,93 : 863.52"
"16,94 : 470.17"
"16,95 : 242.0"
"16,96 : 306.62"
"16,97 : 498.59"
"16,98 : 870.52"
"16,99 : 723.86"
"17,0 : 854.18"
"17,1 : 898.73"
"17,2 : 797.82"
"17,3 : 756.61"
"17,4 : 512.3"
"17,5 : 411.27"
"17,6 : 582.98"
"17,7 : 579.85"
"17,8 : 574.54"
"17,9 : 808.54"
"17,10 : 849.21"
"17,11 : 401.76"
"17,12 : 471.47"
"17,13 : 726.59"
"17,14 : 510.47"
"17,15 : 947.13"
"17,16 : 388.13"
"17,17 : 0.0"
"17,18 : 892.98"
"17,19 : 1023.62"
"17,20 : 224.8"
"17,21 : 374.83"
"17,22 : 320.81"
"17,23 : 213.51"
"17,24 : 762.24"
"17,25 : 656.15"
"17,26 : 236.93"
"17,27 : 488.4"
"17,28 : 181.53"
"17,29 : 565.13"
"17,30 : 404.5"
"17,31 : 111.36"
"17,32 : 76.24"
"17,33 : 382.73"
"17,34 : 787.51"
"17,35 : 345.69"
"17,36 : 842.0"
"17,37 : 189.72"
"17,38 : 399.66"
"17,39 : 599.8"
"17,40 : 790.67"
"17,41 : 105.54"
"17,42 : 238.76"
"17,43 : 67.74"
"17,44 : 298.9"
"17,45 : 884.0"
"17,46 : 321.89"
"17,47 : 601.13"
"17,48 : 557.14"
"17,49 : 851.47"
"17,50 : 312.53"
"17,51 : 344.92"
"17,52 : 714.03"
"17,53 : 573.36"
"17,54 : 545.02"
"17,55 : 778.12"
"17,56 : 663.74"
"17,57 : 436.29"
"17,58 : 887.33"
"17,59 : 153.45"
"17,60 : 358.34"
"17,61 : 457.62"
"17,62 : 209.48"
"17,63 : 798.63"
"17,64 : 702.18"
"17,65 : 387.09"
"17,66 : 285.69"
"17,67 : 594.27"
"17,68 : 734.65"
"17,69 : 521.17"
"17,70 : 662.01"
"17,71 : 892.08"
"17,72 : 647.71"
"17,73 : 522.98"
"17,74 : 606.49"
"17,75 : 795.5"
"17,76 : 639.0"
"17,77 : 225.8"
"17,78 : 549.04"
"17,79 : 365.45"
"17,80 : 734.91"
"17,81 : 95.78"
"17,82 : 524.27"
"17,83 : 501.6"
"17,84 : 756.96"
"17,85 : 789.31"
"17,86 : 553.72"
"17,87 : 796.33"
"17,88 : 759.3"
"17,89 : 864.92"
"17,90 : 836.44"
"17,91 : 578.46"
"17,92 : 495.46"
"17,93 : 520.46"
"17,94 : 91.59"
"17,95 : 561.45"
"17,96 : 572.13"
"17,97 : 394.02"
"17,98 : 894.12"
"17,99 : 861.46"
"18,0 : 98.62"
"18,1 : 53.24"
"18,2 : 795.25"
"18,3 : 175.86"
"18,4 : 594.04"
"18,5 : 917.19"
"18,6 : 440.27"
"18,7 : 558.79"
"18,8 : 812.23"
"18,9 : 419.36"
"18,10 : 470.89"
"18,11 : 829.2"
"18,12 : 526.54"
"18,13 : 176.82"
"18,14 : 557.72"
"18,15 : 191.73"
"18,16 : 994.41"
"18,17 : 892.98"
"18,18 : 0.0"
"18,19 : 160.03"
"18,20 : 686.51"
"18,21 : 631.4"
"18,22 : 672.72"
"18,23 : 686.42"
"18,24 : 778.67"
"18,25 : 719.17"
"18,26 : 811.55"
"18,27 : 407.88"
"18,28 : 719.04"
"18,29 : 839.72"
"18,30 : 808.29"
"18,31 : 840.39"
"18,32 : 966.58"
"18,33 : 563.05"
"18,34 : 219.23"
"18,35 : 609.86"
"18,36 : 430.87"
"18,37 : 837.9"
"18,38 : 817.19"
"18,39 : 533.44"
"18,40 : 242.0"
"18,41 : 934.23"
"18,42 : 772.86"
"18,43 : 832.83"
"18,44 : 699.85"
"18,45 : 630.52"
"18,46 : 690.99"
"18,47 : 675.6"
"18,48 : 353.73"
"18,49 : 97.62"
"18,50 : 586.01"
"18,51 : 672.71"
"18,52 : 293.41"
"18,53 : 395.92"
"18,54 : 424.61"
"18,55 : 161.68"
"18,56 : 802.93"
"18,57 : 815.41"
"18,58 : 82.29"
"18,59 : 739.77"
"18,60 : 583.13"
"18,61 : 695.45"
"18,62 : 1047.03"
"18,63 : 305.11"
"18,64 : 454.42"
"18,65 : 851.38"
"18,66 : 823.51"
"18,67 : 872.48"
"18,68 : 449.4"
"18,69 : 410.43"
"18,70 : 237.14"
"18,71 : 90.21"
"18,72 : 408.21"
"18,73 : 722.22"
"18,74 : 856.31"
"18,75 : 109.77"
"18,76 : 495.3"
"18,77 : 1045.47"
"18,78 : 401.33"
"18,79 : 531.47"
"18,80 : 158.09"
"18,81 : 987.95"
"18,82 : 484.93"
"18,83 : 410.53"
"18,84 : 299.54"
"18,85 : 225.72"
"18,86 : 691.33"
"18,87 : 459.02"
"18,88 : 727.84"
"18,89 : 143.0"
"18,90 : 535.32"
"18,91 : 316.24"
"18,92 : 574.28"
"18,93 : 685.95"
"18,94 : 936.58"
"18,95 : 900.89"
"18,96 : 814.93"
"18,97 : 519.98"
"18,98 : 302.01"
"18,99 : 555.21"
"19,0 : 252.52"
"19,1 : 130.0"
"19,2 : 948.81"
"19,3 : 335.79"
"19,4 : 662.83"
"19,5 : 1074.27"
"19,6 : 600.01"
"19,7 : 614.05"
"19,8 : 862.02"
"19,9 : 567.0"
"19,10 : 613.51"
"19,11 : 986.54"
"19,12 : 615.65"
"19,13 : 331.55"
"19,14 : 716.96"
"19,15 : 301.27"
"19,16 : 1149.6"
"19,17 : 1023.62"
"19,18 : 160.03"
"19,19 : 0.0"
"19,20 : 808.21"
"19,21 : 785.47"
"19,22 : 824.25"
"19,23 : 823.71"
"19,24 : 933.81"
"19,25 : 877.81"
"19,26 : 916.49"
"19,27 : 535.37"
"19,28 : 855.84"
"19,29 : 891.91"
"19,30 : 965.77"
"19,31 : 980.22"
"19,32 : 1095.01"
"19,33 : 713.6"
"19,34 : 375.33"
"19,35 : 716.52"
"19,36 : 574.01"
"19,37 : 948.36"
"19,38 : 974.49"
"19,39 : 585.82"
"19,40 : 396.43"
"19,41 : 1073.24"
"19,42 : 879.67"
"19,43 : 960.61"
"19,44 : 802.95"
"19,45 : 772.91"
"19,46 : 790.65"
"19,47 : 835.29"
"19,48 : 504.29"
"19,49 : 172.2"
"19,50 : 724.86"
"19,51 : 769.86"
"19,52 : 351.71"
"19,53 : 554.1"
"19,54 : 514.62"
"19,55 : 321.62"
"19,56 : 961.8"
"19,57 : 889.54"
"19,58 : 225.64"
"19,59 : 870.36"
"19,60 : 692.34"
"19,61 : 854.28"
"19,62 : 1188.66"
"19,63 : 455.8"
"19,64 : 484.05"
"19,65 : 933.5"
"19,66 : 975.79"
"19,67 : 1032.48"
"19,68 : 604.3"
"19,69 : 563.86"
"19,70 : 362.28"
"19,71 : 131.61"
"19,72 : 464.04"
"19,73 : 781.64"
"19,74 : 901.57"
"19,75 : 230.52"
"19,76 : 654.66"
"19,77 : 1188.85"
"19,78 : 557.66"
"19,79 : 658.24"
"19,80 : 301.44"
"19,81 : 1119.33"
"19,82 : 566.68"
"19,83 : 525.87"
"19,84 : 455.57"
"19,85 : 267.06"
"19,86 : 851.36"
"19,87 : 608.08"
"19,88 : 882.4"
"19,89 : 288.25"
"19,90 : 680.62"
"19,91 : 446.87"
"19,92 : 649.38"
"19,93 : 746.91"
"19,94 : 1058.94"
"19,95 : 1060.87"
"19,96 : 974.95"
"19,97 : 666.09"
"19,98 : 433.9"
"19,99 : 698.02"
"20,0 : 659.99"
"20,1 : 686.71"
"20,2 : 774.88"
"20,3 : 568.02"
"20,4 : 308.86"
"20,5 : 503.16"
"20,6 : 453.84"
"20,7 : 371.21"
"20,8 : 436.52"
"20,9 : 679.8"
"20,10 : 730.73"
"20,11 : 453.64"
"20,12 : 250.7"
"20,13 : 530.32"
"20,14 : 424.59"
"20,15 : 765.13"
"20,16 : 520.7"
"20,17 : 224.8"
"20,18 : 686.51"
"20,19 : 808.21"
"20,20 : 0.0"
"20,21 : 313.46"
"20,22 : 280.82"
"20,23 : 125.2"
"20,24 : 739.55"
"20,25 : 628.03"
"20,26 : 167.03"
"20,27 : 278.82"
"20,28 : 129.4"
"20,29 : 438.59"
"20,30 : 445.49"
"20,31 : 230.82"
"20,32 : 289.97"
"20,33 : 269.68"
"20,34 : 612.51"
"20,35 : 126.65"
"20,36 : 714.32"
"20,37 : 168.19"
"20,38 : 445.88"
"20,39 : 387.36"
"20,40 : 620.81"
"20,41 : 303.8"
"20,42 : 131.03"
"20,43 : 157.61"
"20,44 : 122.54"
"20,45 : 802.68"
"20,46 : 142.24"
"20,47 : 562.85"
"20,48 : 377.46"
"20,49 : 636.26"
"20,50 : 159.09"
"20,51 : 156.92"
"20,52 : 489.84"
"20,53 : 423.19"
"20,54 : 320.22"
"20,55 : 589.37"
"20,56 : 663.65"
"20,57 : 320.65"
"20,58 : 691.33"
"20,59 : 90.67"
"20,60 : 134.65"
"20,61 : 437.18"
"20,62 : 422.49"
"20,63 : 643.01"
"20,64 : 482.31"
"20,65 : 301.32"
"20,66 : 354.4"
"20,67 : 630.72"
"20,68 : 616.04"
"20,69 : 360.5"
"20,70 : 450.6"
"20,71 : 676.74"
"20,72 : 423.97"
"20,73 : 358.42"
"20,74 : 479.33"
"20,75 : 583.96"
"20,76 : 534.57"
"20,77 : 432.71"
"20,78 : 394.3"
"20,79 : 156.54"
"20,80 : 530.11"
"20,81 : 319.0"
"20,82 : 301.88"
"20,83 : 282.48"
"20,84 : 599.0"
"20,85 : 566.55"
"20,86 : 525.36"
"20,87 : 678.19"
"20,88 : 721.25"
"20,89 : 678.13"
"20,90 : 735.24"
"20,91 : 370.52"
"20,92 : 286.25"
"20,93 : 343.79"
"20,94 : 250.91"
"20,95 : 614.85"
"20,96 : 590.4"
"20,97 : 244.27"
"20,98 : 735.36"
"20,99 : 763.06"
"21,0 : 563.69"
"21,1 : 655.76"
"21,2 : 461.5"
"21,3 : 463.61"
"21,4 : 555.31"
"21,5 : 295.38"
"21,6 : 227.63"
"21,7 : 596.55"
"21,8 : 734.57"
"21,9 : 441.07"
"21,10 : 477.03"
"21,11 : 212.05"
"21,12 : 458.85"
"21,13 : 454.88"
"21,14 : 136.03"
"21,15 : 627.16"
"21,16 : 364.45"
"21,17 : 374.83"
"21,18 : 631.4"
"21,19 : 785.47"
"21,20 : 313.46"
"21,21 : 0.0"
"21,22 : 55.73"
"21,23 : 198.34"
"21,24 : 426.11"
"21,25 : 314.59"
"21,26 : 473.44"
"21,27 : 319.4"
"21,28 : 216.34"
"21,29 : 741.56"
"21,30 : 193.66"
"21,31 : 275.05"
"21,32 : 447.01"
"21,33 : 85.09"
"21,34 : 466.86"
"21,35 : 384.57"
"21,36 : 473.33"
"21,37 : 458.02"
"21,38 : 200.24"
"21,39 : 599.8"
"21,40 : 462.14"
"21,41 : 359.56"
"21,42 : 441.81"
"21,43 : 349.01"
"21,44 : 429.42"
"21,45 : 511.86"
"21,46 : 444.5"
"21,47 : 249.83"
"21,48 : 282.45"
"21,49 : 626.29"
"21,50 : 174.77"
"21,51 : 451.07"
"21,52 : 573.43"
"21,53 : 243.74"
"21,54 : 460.01"
"21,55 : 483.1"
"21,56 : 353.82"
"21,57 : 630.93"
"21,58 : 598.32"
"21,59 : 273.86"
"21,60 : 367.36"
"21,61 : 129.77"
"21,62 : 450.01"
"21,63 : 452.13"
"21,64 : 651.08"
"21,65 : 614.78"
"21,66 : 193.75"
"21,67 : 341.21"
"21,68 : 364.33"
"21,69 : 221.61"
"21,70 : 447.8"
"21,71 : 663.6"
"21,72 : 570.51"
"21,73 : 645.11"
"21,74 : 780.6"
"21,75 : 561.22"
"21,76 : 266.0"
"21,77 : 440.96"
"21,78 : 231.54"
"21,79 : 270.42"
"21,80 : 485.52"
"21,81 : 448.53"
"21,82 : 486.47"
"21,83 : 368.09"
"21,84 : 415.64"
"21,85 : 619.36"
"21,86 : 212.15"
"21,87 : 424.72"
"21,88 : 409.41"
"21,89 : 558.41"
"21,90 : 461.62"
"21,91 : 371.44"
"21,92 : 524.59"
"21,93 : 621.54"
"21,94 : 457.86"
"21,95 : 340.63"
"21,96 : 291.91"
"21,97 : 149.0"
"21,98 : 546.39"
"21,99 : 486.65"
"22,0 : 609.16"
"22,1 : 694.26"
"22,2 : 500.36"
"22,3 : 508.55"
"22,4 : 545.01"
"22,5 : 273.25"
"22,6 : 281.39"
"22,7 : 591.51"
"22,8 : 711.59"
"22,9 : 496.76"
"22,10 : 532.64"
"22,11 : 198.2"
"22,12 : 453.62"
"22,13 : 495.91"
"22,14 : 191.38"
"22,15 : 677.57"
"22,16 : 331.55"
"22,17 : 320.81"
"22,18 : 672.72"
"22,19 : 824.25"
"22,20 : 280.82"
"22,21 : 55.73"
"22,22 : 0.0"
"22,23 : 158.62"
"22,24 : 464.61"
"22,25 : 353.66"
"22,26 : 434.17"
"22,27 : 335.6"
"22,28 : 170.99"
"22,29 : 716.42"
"22,30 : 183.45"
"22,31 : 219.51"
"22,32 : 392.18"
"22,33 : 110.98"
"22,34 : 516.53"
"22,35 : 366.64"
"22,36 : 529.06"
"22,37 : 414.78"
"22,38 : 187.52"
"22,39 : 597.44"
"22,40 : 513.04"
"22,41 : 303.94"
"22,42 : 404.95"
"22,43 : 298.53"
"22,44 : 401.0"
"22,45 : 563.86"
"22,46 : 418.0"
"22,47 : 291.71"
"22,48 : 320.0"
"22,49 : 661.55"
"22,50 : 163.37"
"22,51 : 427.21"
"22,52 : 593.49"
"22,53 : 292.48"
"22,54 : 467.15"
"22,55 : 528.61"
"22,56 : 383.25"
"22,57 : 601.3"
"22,58 : 643.82"
"22,59 : 229.71"
"22,60 : 353.02"
"22,61 : 157.21"
"22,62 : 396.27"
"22,63 : 505.67"
"22,64 : 658.01"
"22,65 : 580.54"
"22,66 : 151.72"
"22,67 : 354.22"
"22,68 : 420.06"
"22,69 : 262.61"
"22,70 : 478.07"
"22,71 : 699.81"
"22,72 : 579.83"
"22,73 : 625.7"
"22,74 : 756.36"
"22,75 : 597.18"
"22,76 : 321.6"
"22,77 : 388.23"
"22,78 : 277.24"
"22,79 : 266.31"
"22,80 : 523.0"
"22,81 : 393.0"
"22,82 : 486.58"
"22,83 : 379.92"
"22,84 : 468.27"
"22,85 : 645.25"
"22,86 : 249.34"
"22,87 : 480.39"
"22,88 : 452.29"
"22,89 : 606.43"
"22,90 : 516.22"
"22,91 : 398.0"
"22,92 : 515.38"
"22,93 : 604.57"
"22,94 : 405.38"
"22,95 : 345.33"
"22,96 : 310.63"
"22,97 : 167.3"
"22,98 : 600.33"
"22,99 : 540.89"
"23,0 : 642.7"
"23,1 : 696.24"
"23,2 : 657.87"
"23,3 : 544.26"
"23,4 : 417.12"
"23,5 : 383.6"
"23,6 : 377.02"
"23,7 : 473.01"
"23,8 : 561.27"
"23,9 : 605.05"
"23,10 : 650.16"
"23,11 : 329.46"
"23,12 : 340.32"
"23,13 : 516.43"
"23,14 : 322.98"
"23,15 : 733.7"
"23,16 : 411.18"
"23,17 : 213.51"
"23,18 : 686.42"
"23,19 : 823.71"
"23,20 : 125.2"
"23,21 : 198.34"
"23,22 : 158.62"
"23,23 : 0.0"
"23,24 : 622.22"
"23,25 : 510.91"
"23,26 : 276.01"
"23,27 : 291.56"
"23,28 : 32.76"
"23,29 : 563.76"
"23,30 : 320.66"
"23,31 : 157.61"
"23,32 : 289.68"
"23,33 : 177.41"
"23,34 : 574.01"
"23,35 : 231.09"
"23,36 : 639.15"
"23,37 : 259.83"
"23,38 : 321.36"
"23,39 : 484.59"
"23,40 : 577.38"
"23,41 : 249.62"
"23,42 : 246.33"
"23,43 : 166.59"
"23,44 : 247.58"
"23,45 : 704.35"
"23,46 : 266.54"
"23,47 : 447.39"
"23,48 : 344.38"
"23,49 : 652.71"
"23,50 : 100.7"
"23,51 : 279.1"
"23,52 : 538.69"
"23,53 : 361.71"
"23,54 : 383.69"
"23,55 : 565.73"
"23,56 : 541.69"
"23,57 : 445.25"
"23,58 : 676.24"
"23,59 : 77.88"
"23,60 : 226.01"
"23,61 : 315.83"
"23,62 : 366.61"
"23,63 : 587.28"
"23,64 : 565.11"
"23,65 : 422.21"
"23,66 : 235.61"
"23,67 : 505.61"
"23,68 : 534.57"
"23,69 : 307.85"
"23,70 : 461.78"
"23,71 : 693.08"
"23,72 : 495.91"
"23,73 : 480.69"
"23,74 : 604.44"
"23,75 : 593.53"
"23,76 : 444.21"
"23,77 : 369.61"
"23,78 : 336.47"
"23,79 : 178.47"
"23,80 : 528.62"
"23,81 : 305.01"
"23,82 : 384.07"
"23,83 : 317.28"
"23,84 : 545.01"
"23,85 : 605.83"
"23,86 : 407.0"
"23,87 : 597.01"
"23,88 : 607.49"
"23,89 : 651.99"
"23,90 : 645.44"
"23,91 : 376.97"
"23,92 : 390.62"
"23,93 : 463.49"
"23,94 : 280.03"
"23,95 : 489.83"
"23,96 : 466.02"
"23,97 : 180.65"
