x,y
493,163
335,171
363,269
803,886
196,696
384,740
197,961
548,896
315,513
476,87
61,847
746,847
165,351
41,312
864,492
870,49
517,170
376,438
748,775
763,164
679,602
928,871
772,914
428,742
781,984
79,453
263,57
140,14
621,48
609,530
715,908
328,687
826,561
854,347
202,738
239,996
609,981
612,106
881,675
605,242
64,968
561,905
509,981
902,362
455,785
118,699
122,934
638,300
759,233
250,264
435,665
92,489
943,753
393,892
374,839
684,150
515,617
372,560
558,847
436,341
858,724
917,206
827,748
39,908
946,778
397,918
782,486
359,618
948,723
568,394
982,678
833,235
401,1000
160,183
828,365
801,502
396,594
458,887
981,899
12,670
851,787
744,597
402,968
153,270
715,686
460,798
806,516
207,783
270,411
717,121
385,897
966,670
825,495
478,493
646,357
725,201
405,185
344,263
437,308
962,379

Distanze
"0,0 : 0.0"
"0,1 : 158.2"
"0,2 : 167.74"
"0,3 : 786.66"
"0,4 : 610.16"
"0,5 : 587.21"
"0,6 : 851.13"
"0,7 : 735.06"
"0,8 : 392.66"
"0,9 : 77.88"
"0,10 : 809.0"
"0,11 : 729.29"
"0,12 : 378.06"
"0,13 : 475.93"
"0,14 : 495.86"
"0,15 : 393.86"
"0,16 : 25.0"
"0,17 : 298.85"
"0,18 : 663.0"
"0,19 : 270.0"
"0,20 : 476.78"
"0,21 : 830.96"
"0,22 : 801.15"
"0,23 : 582.64"
"0,24 : 870.05"
"0,25 : 505.47"
"0,26 : 253.25"
"0,27 : 383.16"
"0,28 : 172.07"
"0,29 : 384.9"
"0,30 : 777.37"
"0,31 : 549.36"
"0,32 : 518.93"
"0,33 : 405.19"
"0,34 : 644.44"
"0,35 : 870.86"
"0,36 : 826.18"
"0,37 : 131.95"
"0,38 : 642.41"
"0,39 : 137.06"
"0,40 : 912.18"
"0,41 : 745.11"
"0,42 : 818.16"
"0,43 : 454.84"
"0,44 : 623.16"
"0,45 : 654.16"
"0,46 : 855.62"
"0,47 : 199.48"
"0,48 : 275.06"
"0,49 : 263.15"
"0,50 : 505.34"
"0,51 : 516.79"
"0,52 : 742.02"
"0,53 : 735.83"
"0,54 : 686.39"
"0,55 : 191.44"
"0,56 : 454.53"
"0,57 : 415.03"
"0,58 : 687.08"
"0,59 : 186.9"
"0,60 : 669.29"
"0,61 : 426.17"
"0,62 : 673.63"
"0,63 : 872.43"
"0,64 : 763.83"
"0,65 : 761.08"
"0,66 : 433.42"
"0,67 : 474.32"
"0,68 : 721.54"
"0,69 : 242.87"
"0,70 : 710.17"
"0,71 : 347.54"
"0,72 : 842.04"
"0,73 : 333.6"
"0,74 : 391.19"
"0,75 : 458.02"
"0,76 : 441.78"
"0,77 : 724.85"
"0,78 : 883.09"
"0,79 : 698.86"
"0,80 : 719.4"
"0,81 : 501.36"
"0,82 : 810.13"
"0,83 : 356.44"
"0,84 : 568.17"
"0,85 : 635.86"
"0,86 : 471.78"
"0,87 : 682.79"
"0,88 : 333.52"
"0,89 : 227.9"
"0,90 : 741.9"
"0,91 : 693.38"
"0,92 : 469.52"
"0,93 : 330.34"
"0,94 : 247.07"
"0,95 : 235.09"
"0,96 : 90.71"
"0,97 : 179.45"
"0,98 : 155.44"
"0,99 : 516.35"
"1,0 : 158.2"
"1,1 : 0.0"
"1,2 : 101.92"
"1,3 : 854.55"
"1,4 : 543.09"
"1,5 : 571.11"
"1,6 : 801.96"
"1,7 : 755.64"
"1,8 : 342.58"
"1,9 : 164.12"
"1,10 : 729.42"
"1,11 : 791.14"
"1,12 : 247.59"
"1,13 : 326.06"
"1,14 : 618.77"
"1,15 : 548.73"
"1,16 : 182.0"
"1,17 : 270.13"
"1,18 : 731.7"
"1,19 : 428.06"
"1,20 : 551.45"
"1,21 : 917.41"
"1,22 : 861.98"
"1,23 : 578.52"
"1,24 : 927.3"
"1,25 : 380.87"
"1,26 : 134.83"
"1,27 : 250.35"
"1,28 : 311.33"
"1,29 : 451.62"
"1,30 : 829.2"
"1,31 : 516.05"
"1,32 : 627.04"
"1,33 : 548.03"
"1,34 : 582.39"
"1,35 : 830.57"
"1,36 : 855.09"
"1,37 : 284.52"
"1,38 : 743.06"
"1,39 : 279.18"
"1,40 : 841.81"
"1,41 : 768.01"
"1,42 : 828.48"
"1,43 : 598.31"
"1,44 : 625.62"
"1,45 : 570.85"
"1,46 : 792.17"
"1,47 : 329.32"
"1,48 : 428.51"
"1,49 : 125.99"
"1,50 : 504.02"
"1,51 : 400.22"
"1,52 : 841.66"
"1,53 : 723.33"
"1,54 : 669.14"
"1,55 : 349.63"
"1,56 : 480.95"
"1,57 : 390.76"
"1,58 : 711.83"
"1,59 : 197.74"
"1,60 : 761.14"
"1,61 : 583.05"
"1,62 : 758.28"
"1,63 : 794.22"
"1,64 : 861.26"
"1,65 : 749.57"
"1,66 : 546.84"
"1,67 : 447.64"
"1,68 : 824.91"
"1,69 : 322.52"
"1,70 : 821.98"
"1,71 : 502.1"
"1,72 : 831.62"
"1,73 : 175.41"
"1,74 : 529.8"
"1,75 : 571.59"
"1,76 : 427.38"
"1,77 : 726.49"
"1,78 : 973.29"
"1,79 : 594.42"
"1,80 : 803.56"
"1,81 : 590.56"
"1,82 : 799.81"
"1,83 : 207.18"
"1,84 : 640.02"
"1,85 : 639.34"
"1,86 : 583.84"
"1,87 : 625.24"
"1,88 : 248.65"
"1,89 : 385.26"
"1,90 : 727.72"
"1,91 : 804.46"
"1,92 : 587.43"
"1,93 : 352.33"
"1,94 : 362.38"
"1,95 : 391.15"
"1,96 : 71.39"
"1,97 : 92.44"
"1,98 : 170.8"
"1,99 : 660.6"
"2,0 : 167.74"
"2,1 : 101.92"
"2,2 : 0.0"
"2,3 : 757.82"
"2,4 : 458.5"
"2,5 : 471.47"
"2,6 : 711.63"
"2,7 : 653.72"
"2,8 : 248.68"
"2,9 : 214.23"
"2,10 : 652.14"
"2,11 : 693.38"
"2,12 : 214.31"
"2,13 : 324.86"
"2,14 : 548.39"
"2,15 : 552.67"
"2,16 : 183.08"
"2,17 : 169.5"
"2,18 : 635.82"
"2,19 : 413.55"
"2,20 : 459.07"
"2,21 : 825.61"
"2,22 : 763.74"
"2,23 : 477.45"
"2,24 : 828.22"
"2,25 : 338.4"
"2,26 : 234.4"
"2,27 : 338.75"
"2,28 : 339.71"
"2,29 : 358.66"
"2,30 : 729.54"
"2,31 : 419.46"
"2,32 : 547.39"
"2,33 : 497.16"
"2,34 : 495.86"
"2,35 : 737.5"
"2,36 : 753.3"
"2,37 : 297.61"
"2,38 : 658.15"
"2,39 : 243.5"
"2,40 : 760.26"
"2,41 : 666.11"
"2,42 : 726.81"
"2,43 : 546.96"
"2,44 : 524.14"
"2,45 : 494.9"
"2,46 : 707.32"
"2,47 : 276.74"
"2,48 : 397.63"
"2,49 : 113.11"
"2,50 : 402.49"
"2,51 : 349.06"
"2,52 : 755.42"
"2,53 : 623.72"
"2,54 : 570.11"
"2,55 : 342.35"
"2,56 : 379.75"
"2,57 : 291.14"
"2,58 : 610.01"
"2,59 : 102.53"
"2,60 : 672.35"
"2,61 : 557.57"
"2,62 : 666.89"
"2,63 : 716.45"
"2,64 : 773.93"
"2,65 : 649.89"
"2,66 : 471.86"
"2,67 : 349.02"
"2,68 : 740.5"
"2,69 : 240.1"
"2,70 : 741.92"
"2,71 : 471.23"
"2,72 : 731.99"
"2,73 : 220.47"
"2,74 : 474.81"
"2,75 : 496.12"
"2,76 : 326.67"
"2,77 : 625.26"
"2,78 : 882.51"
"2,79 : 532.92"
"2,80 : 711.67"
"2,81 : 502.74"
"2,82 : 700.09"
"2,83 : 210.0"
"2,84 : 545.7"
"2,85 : 537.82"
"2,86 : 507.21"
"2,87 : 537.15"
"2,88 : 169.74"
"2,89 : 383.69"
"2,90 : 628.39"
"2,91 : 724.16"
"2,92 : 514.32"
"2,93 : 251.8"
"2,94 : 296.37"
"2,95 : 368.33"
"2,96 : 93.91"
"2,97 : 19.92"
"2,98 : 83.65"
"2,99 : 609.02"
"3,0 : 786.66"
"3,1 : 854.55"
"3,2 : 757.82"
"3,3 : 0.0"
"3,4 : 636.04"
"3,5 : 443.71"
"3,6 : 610.62"
"3,7 : 255.2"
"3,8 : 614.23"
"3,9 : 863.32"
"3,10 : 743.02"
"3,11 : 69.07"
"3,12 : 832.63"
"3,13 : 954.0"
"3,14 : 398.69"
"3,15 : 839.68"
"3,16 : 771.01"
"3,17 : 618.9"
"3,18 : 123.88"
"3,19 : 723.11"
"3,20 : 309.89"
"3,21 : 125.9"
"3,22 : 41.77"
"3,23 : 401.7"
"3,24 : 100.44"
"3,25 : 843.6"
"3,26 : 989.36"
"3,27 : 1095.42"
"3,28 : 857.54"
"3,29 : 405.43"
"3,30 : 90.71"
"3,31 : 515.0"
"3,32 : 325.81"
"3,33 : 541.41"
"3,34 : 618.95"
"3,35 : 574.63"
"3,36 : 216.01"
"3,37 : 803.04"
"3,38 : 224.96"
"3,39 : 673.75"
"3,40 : 743.54"
"3,41 : 242.74"
"3,42 : 308.97"
"3,43 : 533.27"
"3,44 : 362.36"
"3,45 : 710.07"
"3,46 : 682.69"
"3,47 : 608.79"
"3,48 : 654.48"
"3,49 : 832.28"
"3,50 : 429.26"
"3,51 : 814.33"
"3,52 : 193.1"
"3,53 : 410.04"
"3,54 : 431.57"
"3,55 : 745.56"
"3,56 : 394.09"
"3,57 : 540.4"
"3,58 : 248.08"
"3,59 : 657.05"
"3,60 : 171.08"
"3,61 : 689.49"
"3,62 : 140.07"
"3,63 : 764.32"
"3,64 : 179.2"
"3,65 : 407.26"
"3,66 : 400.55"
"3,67 : 518.61"
"3,68 : 218.16"
"3,69 : 545.24"
"3,70 : 274.42"
"3,71 : 651.69"
"3,72 : 417.85"
"3,73 : 952.71"
"3,74 : 521.6"
"3,75 : 384.01"
"3,76 : 500.91"
"3,77 : 345.0"
"3,78 : 178.47"
"3,79 : 819.96"
"3,80 : 110.02"
"3,81 : 294.96"
"3,82 : 409.3"
"3,83 : 895.52"
"3,84 : 218.5"
"3,85 : 354.11"
"3,86 : 370.01"
"3,87 : 604.83"
"3,88 : 713.94"
"3,89 : 769.82"
"3,90 : 418.14"
"3,91 : 270.6"
"3,92 : 391.62"
"3,93 : 509.97"
"3,94 : 551.81"
"3,95 : 689.43"
"3,96 : 806.1"
"3,97 : 773.83"
"3,98 : 684.13"
"3,99 : 531.35"
"4,0 : 610.16"
"4,1 : 543.09"
"4,2 : 458.5"
"4,3 : 636.04"
"4,4 : 0.0"
"4,5 : 193.08"
"4,6 : 265.0"
"4,7 : 404.85"
"4,8 : 218.29"
"4,9 : 670.28"
"4,10 : 202.55"
"4,11 : 570.35"
"4,12 : 346.39"
"4,13 : 414.1"
"4,14 : 698.46"
"4,15 : 934.28"
"4,16 : 616.21"
"4,17 : 314.59"
"4,18 : 557.62"
"4,19 : 777.5"
"4,20 : 492.06"
"4,21 : 752.63"
"4,22 : 615.87"
"4,23 : 236.52"
"4,24 : 652.05"
"4,25 : 269.7"
"4,26 : 642.5"
"4,27 : 684.3"
"4,28 : 774.94"
"4,29 : 445.11"
"4,30 : 560.63"
"4,31 : 132.31"
"4,32 : 644.3"
"4,33 : 744.83"
"4,34 : 42.43"
"4,35 : 303.07"
"4,36 : 501.79"
"4,37 : 721.91"
"4,38 : 685.32"
"4,39 : 611.06"
"4,40 : 302.34"
"4,41 : 420.6"
"4,42 : 423.31"
"4,43 : 781.02"
"4,44 : 273.86"
"4,45 : 78.06"
"4,46 : 249.24"
"4,47 : 593.45"
"4,48 : 728.93"
"4,49 : 435.36"
"4,50 : 241.0"
"4,51 : 231.66"
"4,52 : 749.17"
"4,53 : 277.89"
"4,54 : 228.33"
"4,55 : 732.3"
"4,56 : 328.64"
"4,57 : 222.42"
"4,58 : 392.23"
"4,59 : 428.51"
"4,60 : 662.59"
"4,61 : 871.75"
"4,62 : 633.14"
"4,63 : 263.8"
"4,64 : 754.47"
"4,65 : 299.47"
"4,66 : 622.49"
"4,67 : 180.7"
"4,68 : 752.48"
"4,69 : 479.15"
"4,70 : 786.21"
"4,71 : 786.31"
"4,72 : 366.66"
"4,73 : 514.26"
"4,74 : 713.43"
"4,75 : 635.34"
"4,76 : 224.51"
"4,77 : 324.23"
"4,78 : 810.82"
"4,79 : 185.83"
"4,80 : 661.29"
"4,81 : 556.87"
"4,82 : 341.2"
"4,83 : 428.16"
"4,84 : 519.1"
"4,85 : 283.02"
"4,86 : 636.0"
"4,87 : 87.69"
"4,88 : 294.45"
"4,89 : 775.93"
"4,90 : 275.9"
"4,91 : 770.44"
"4,92 : 660.33"
"4,93 : 347.47"
"4,94 : 563.4"
"4,95 : 724.48"
"4,96 : 552.09"
"4,97 : 457.59"
"4,98 : 456.75"
"4,99 : 829.0"
"5,0 : 587.21"
"5,1 : 571.11"
"5,2 : 471.47"
"5,3 : 443.71"
"5,4 : 193.08"
"5,5 : 0.0"
"5,6 : 289.5"
"5,7 : 226.34"
"5,8 : 237.26"
"5,9 : 659.45"
"5,10 : 340.26"
"5,11 : 377.48"
"5,12 : 446.41"
"5,13 : 548.48"
"5,14 : 540.28"
"5,15 : 844.79"
"5,16 : 585.31"
"5,17 : 302.11"
"5,18 : 365.68"
"5,19 : 689.5"
"5,20 : 325.68"
"5,21 : 559.55"
"5,22 : 425.23"
"5,23 : 44.05"
"5,24 : 465.99"
"5,25 : 418.8"
"5,26 : 693.64"
"5,27 : 765.91"
"5,28 : 731.46"
"5,29 : 307.77"
"5,30 : 371.19"
"5,31 : 77.1"
"5,32 : 476.87"
"5,33 : 612.66"
"5,34 : 182.01"
"5,35 : 294.21"
"5,36 : 329.71"
"5,37 : 673.75"
"5,38 : 501.23"
"5,39 : 544.83"
"5,40 : 392.92"
"5,41 : 241.98"
"5,42 : 271.49"
"5,43 : 641.26"
"5,44 : 84.06"
"5,45 : 269.14"
"5,46 : 326.01"
"5,47 : 508.05"
"5,48 : 630.61"
"5,49 : 494.5"
"5,50 : 90.7"
"5,51 : 385.05"
"5,52 : 559.15"
"5,53 : 152.27"
"5,54 : 99.5"
"5,55 : 661.89"
"5,56 : 179.69"
"5,57 : 180.4"
"5,58 : 204.27"
"5,59 : 402.37"
"5,60 : 474.27"
"5,61 : 754.48"
"5,62 : 443.07"
"5,63 : 383.73"
"5,64 : 563.28"
"5,65 : 178.47"
"5,66 : 472.14"
"5,67 : 124.54"
"5,68 : 564.26"
"5,69 : 391.88"
"5,70 : 601.21"
"5,71 : 675.74"
"5,72 : 260.56"
"5,73 : 600.35"
"5,74 : 581.17"
"5,75 : 480.14"
"5,76 : 146.49"
"5,77 : 164.58"
"5,78 : 617.81"
"5,79 : 378.53"
"5,80 : 469.36"
"5,81 : 387.36"
"5,82 : 228.71"
"5,83 : 523.7"
"5,84 : 335.38"
"5,85 : 95.6"
"5,86 : 477.77"
"5,87 : 182.15"
"5,88 : 348.19"
"5,89 : 702.89"
"5,90 : 157.0"
"5,91 : 586.19"
"5,92 : 504.49"
"5,93 : 264.28"
"5,94 : 464.04"
"5,95 : 637.81"
"5,96 : 555.4"
"5,97 : 478.67"
"5,98 : 435.24"
"5,99 : 681.47"
"6,0 : 851.13"
"6,1 : 801.96"
"6,2 : 711.63"
"6,3 : 610.62"
"6,4 : 265.0"
"6,5 : 289.5"
"6,6 : 0.0"
"6,7 : 356.97"
"6,8 : 463.28"
"6,9 : 917.45"
"6,10 : 177.46"
"6,11 : 560.71"
"6,12 : 610.84"
"6,13 : 667.49"
"6,14 : 815.38"
"6,15 : 1133.43"
"6,16 : 853.28"
"6,17 : 552.78"
"6,18 : 581.55"
"6,19 : 977.53"
"6,20 : 601.0"
"6,21 : 736.52"
"6,22 : 576.92"
"6,23 : 318.31"
"6,24 : 584.45"
"6,25 : 521.52"
"6,26 : 906.41"
"6,27 : 948.71"
"6,28 : 1006.65"
"6,29 : 596.24"
"6,30 : 520.7"
"6,31 : 303.71"
"6,32 : 745.41"
"6,33 : 899.25"
"6,34 : 223.06"
"6,35 : 54.67"
"6,36 : 412.49"
"6,37 : 950.39"
"6,38 : 741.39"
"6,39 : 826.7"
"6,40 : 133.18"
"6,41 : 368.28"
"6,42 : 312.64"
"6,43 : 925.11"
"6,44 : 312.31"
"6,45 : 273.65"
"6,46 : 79.71"
"6,47 : 794.61"
"6,48 : 919.69"
"6,49 : 699.01"
"6,50 : 379.82"
"6,51 : 483.54"
"6,52 : 774.45"
"6,53 : 207.79"
"6,54 : 214.97"
"6,55 : 945.99"
"6,56 : 468.47"
"6,57 : 437.52"
"6,58 : 378.57"
"6,59 : 664.47"
"6,60 : 702.2"
"6,61 : 1043.28"
"6,62 : 665.03"
"6,63 : 166.65"
"6,64 : 771.03"
"6,65 : 204.57"
"6,66 : 753.56"
"6,67 : 379.33"
"6,68 : 787.81"
"6,69 : 677.59"
"6,70 : 834.45"
"6,71 : 965.18"
"6,72 : 207.69"
"6,73 : 778.88"
"6,74 : 867.97"
"6,75 : 758.62"
"6,76 : 417.48"
"6,77 : 271.29"
"6,78 : 786.45"
"6,79 : 344.83"
"6,80 : 676.75"
"6,81 : 657.04"
"6,82 : 205.12"
"6,83 : 692.4"
"6,84 : 586.47"
"6,85 : 309.42"
"6,86 : 754.26"
"6,87 : 178.28"
"6,88 : 554.82"
"6,89 : 987.93"
"6,90 : 198.6"
"6,91 : 822.22"
"6,92 : 782.01"
"6,93 : 545.88"
"6,94 : 752.61"
"6,95 : 925.41"
"6,96 : 803.39"
"6,97 : 713.31"
"6,98 : 695.71"
"6,99 : 961.22"
"7,0 : 735.06"
"7,1 : 755.64"
"7,2 : 653.72"
"7,3 : 255.2"
"7,4 : 404.85"
"7,5 : 226.34"
"7,6 : 356.97"
"7,7 : 0.0"
"7,8 : 448.31"
"7,9 : 812.2"
"7,10 : 489.46"
"7,11 : 203.97"
"7,12 : 666.12"
"7,13 : 773.37"
"7,14 : 512.91"
"7,15 : 906.14"
"7,16 : 726.66"
"7,17 : 489.23"
"7,18 : 233.75"
"7,19 : 762.92"
"7,20 : 321.86"
"7,21 : 380.82"
"7,22 : 224.72"
"7,23 : 195.23"
"7,24 : 249.06"
"7,25 : 645.14"
"7,26 : 886.08"
"7,27 : 971.8"
"7,28 : 851.14"
"7,29 : 371.05"
"7,30 : 167.43"
"7,31 : 303.45"
"7,32 : 435.33"
"7,33 : 628.52"
"7,34 : 380.37"
"7,35 : 324.78"
"7,36 : 104.62"
"7,37 : 792.59"
"7,38 : 399.66"
"7,39 : 656.48"
"7,40 : 489.33"
"7,41 : 15.81"
"7,42 : 93.52"
"7,43 : 640.68"
"7,44 : 144.81"
"7,45 : 472.98"
"7,46 : 427.69"
"7,47 : 602.76"
"7,48 : 695.77"
"7,49 : 698.73"
"7,50 : 257.16"
"7,51 : 611.22"
"7,52 : 420.09"
"7,53 : 155.05"
"7,54 : 183.1"
"7,55 : 758.3"
"7,56 : 280.94"
"7,57 : 379.3"
"7,58 : 50.01"
"7,59 : 566.19"
"7,60 : 354.52"
"7,61 : 782.47"
"7,62 : 315.82"
"7,63 : 509.14"
"7,64 : 415.12"
"7,65 : 152.59"
"7,66 : 472.08"
"7,67 : 336.16"
"7,68 : 435.81"
"7,69 : 502.4"
"7,70 : 485.67"
"7,71 : 719.82"
"7,72 : 180.07"
"7,73 : 811.73"
"7,74 : 600.3"
"7,75 : 468.24"
"7,76 : 338.09"
"7,77 : 90.45"
"7,78 : 433.01"
"7,79 : 581.7"
"7,80 : 322.01"
"7,81 : 357.52"
"7,82 : 162.79"
"7,83 : 740.2"
"7,84 : 268.31"
"7,85 : 131.71"
"7,86 : 459.31"
"7,87 : 359.24"
"7,88 : 559.03"
"7,89 : 793.21"
"7,90 : 163.0"
"7,91 : 475.18"
"7,92 : 487.37"
"7,93 : 409.03"
"7,94 : 547.84"
"7,95 : 717.18"
"7,96 : 725.24"
"7,97 : 665.06"
"7,98 : 598.39"
"7,99 : 662.33"
"8,0 : 392.66"
"8,1 : 342.58"
"8,2 : 248.68"
"8,3 : 614.23"
"8,4 : 218.29"
"8,5 : 237.26"
"8,6 : 463.28"
"8,7 : 448.31"
"8,8 : 0.0"
"8,9 : 455.41"
"8,10 : 419.61"
"8,11 : 545.27"
"8,12 : 220.78"
"8,13 : 339.82"
"8,14 : 549.4"
"8,15 : 723.41"
"8,16 : 398.06"
"8,17 : 96.67"
"8,18 : 506.1"
"8,19 : 567.9"
"8,20 : 374.72"
"8,21 : 709.88"
"8,22 : 607.99"
"8,23 : 255.36"
"8,24 : 662.57"
"8,25 : 243.51"
"8,26 : 458.96"
"8,27 : 528.8"
"8,28 : 556.65"
"8,29 : 294.49"
"8,30 : 562.16"
"8,31 : 174.48"
"8,32 : 513.25"
"8,33 : 563.98"
"8,34 : 251.78"
"8,35 : 488.94"
"8,36 : 552.68"
"8,37 : 503.84"
"8,38 : 588.73"
"8,39 : 396.91"
"8,40 : 519.64"
"8,41 : 462.8"
"8,42 : 506.62"
"8,43 : 606.11"
"8,44 : 305.92"
"8,45 : 270.93"
"8,46 : 463.13"
"8,47 : 386.91"
"8,48 : 524.92"
"8,49 : 257.34"
"8,50 : 193.66"
"8,51 : 224.29"
"8,52 : 672.3"
"8,53 : 386.94"
"8,54 : 331.3"
"8,55 : 517.62"
"8,56 : 225.42"
"8,57 : 73.88"
"8,58 : 413.04"
"8,59 : 210.3"
"8,60 : 582.55"
"8,61 : 675.76"
"8,62 : 563.36"
"8,63 : 481.87"
"8,64 : 684.39"
"8,65 : 413.22"
"8,66 : 467.78"
"8,67 : 113.85"
"8,68 : 666.93"
"8,69 : 279.59"
"8,70 : 687.11"
"8,71 : 587.88"
"8,72 : 494.54"
"8,73 : 364.59"
"8,74 : 533.92"
"8,75 : 486.12"
"8,76 : 114.55"
"8,77 : 400.41"
"8,78 : 769.77"
"8,79 : 341.26"
"8,80 : 601.97"
"8,81 : 437.15"
"8,82 : 463.24"
"8,83 : 292.05"
"8,84 : 435.81"
"8,85 : 319.77"
"8,86 : 491.01"
"8,87 : 290.8"
"8,88 : 111.49"
"8,89 : 561.49"
"8,90 : 390.33"
"8,91 : 669.66"
"8,92 : 510.32"
"8,93 : 164.22"
"8,94 : 365.92"
"8,95 : 515.21"
"8,96 : 340.12"
"8,97 : 251.68"
"8,98 : 238.56"
"8,99 : 660.73"
"9,0 : 77.88"
"9,1 : 164.12"
"9,2 : 214.23"
"9,3 : 863.32"
"9,4 : 670.28"
"9,5 : 659.45"
"9,6 : 917.45"
"9,7 : 812.2"
"9,8 : 455.41"
"9,9 : 0.0"
"9,10 : 865.92"
"9,11 : 806.54"
"9,12 : 407.94"
"9,13 : 489.74"
"9,14 : 560.86"
"9,15 : 395.83"
"9,16 : 92.57"
"9,17 : 364.97"
"9,18 : 739.82"
"9,19 : 297.15"
"9,20 : 553.56"
"9,21 : 904.96"
"9,22 : 878.38"
"9,23 : 656.76"
"9,24 : 947.44"
"9,25 : 539.97"
"9,26 : 215.1"
"9,27 : 343.84"
"9,28 : 150.15"
"9,29 : 462.53"
"9,30 : 855.08"
"9,31 : 617.98"
"9,32 : 589.22"
"9,33 : 458.79"
"9,34 : 706.31"
"9,35 : 939.39"
"9,36 : 903.84"
"9,37 : 137.32"
"9,38 : 713.98"
"9,39 : 201.66"
"9,40 : 972.58"
"9,41 : 822.4"
"9,42 : 894.61"
"9,43 : 507.05"
"9,44 : 698.32"
"9,45 : 709.02"
"9,46 : 918.0"
"9,47 : 267.61"
"9,48 : 318.44"
"9,49 : 287.06"
"9,50 : 579.45"
"9,51 : 555.93"
"9,52 : 813.42"
"9,53 : 809.27"
"9,54 : 758.89"
"9,55 : 217.33"
"9,56 : 531.43"
"9,57 : 484.3"
"9,58 : 764.41"
"9,59 : 257.13"
"9,60 : 742.76"
"9,61 : 456.77"
"9,62 : 748.41"
"9,63 : 930.06"
"9,64 : 835.69"
"9,65 : 834.75"
"9,66 : 502.83"
"9,67 : 543.74"
"9,68 : 792.01"
"9,69 : 320.49"
"9,70 : 778.02"
"9,71 : 386.46"
"9,72 : 916.08"
"9,73 : 330.26"
"9,74 : 448.54"
"9,75 : 527.11"
"9,76 : 513.27"
"9,77 : 800.2"
"9,78 : 956.23"
"9,79 : 745.11"
"9,80 : 794.12"
"9,81 : 576.13"
"9,82 : 884.1"
"9,83 : 371.24"
"9,84 : 644.92"
"9,85 : 711.18"
"9,86 : 541.24"
"9,87 : 746.17"
"9,88 : 383.94"
"9,89 : 243.39"
"9,90 : 815.1"
"9,91 : 761.57"
"9,92 : 536.9"
"9,93 : 406.0"
"9,94 : 319.06"
"9,95 : 273.86"
"9,96 : 121.02"
"9,97 : 220.0"
"9,98 : 224.41"
"9,99 : 566.97"
"10,0 : 809.0"
"10,1 : 729.42"
"10,2 : 652.14"
"10,3 : 743.02"
"10,4 : 202.55"
"10,5 : 340.26"
"10,6 : 177.46"
"10,7 : 489.46"
"10,8 : 419.61"
"10,9 : 865.92"
"10,10 : 0.0"
"10,11 : 685.0"
"10,12 : 506.79"
"10,13 : 535.37"
"10,14 : 877.97"
"10,15 : 1136.35"
"10,16 : 816.25"
"10,17 : 516.24"
"10,18 : 690.76"
"10,19 : 979.44"
"10,20 : 664.79"
"10,21 : 867.33"
"10,22 : 714.15"
"10,23 : 381.73"
"10,24 : 732.92"
"10,25 : 394.41"
"10,26 : 815.42"
"10,27 : 836.74"
"10,28 : 975.71"
"10,29 : 633.08"
"10,30 : 656.84"
"10,31 : 311.27"
"10,32 : 816.71"
"10,33 : 937.47"
"10,34 : 178.22"
"10,35 : 232.13"
"10,36 : 564.15"
"10,37 : 923.41"
"10,38 : 837.84"
"10,39 : 813.61"
"10,40 : 121.04"
"10,41 : 503.35"
"10,42 : 467.61"
"10,43 : 970.83"
"10,44 : 398.85"
"10,45 : 158.6"
"10,46 : 106.25"
"10,47 : 795.07"
"10,48 : 929.62"
"10,49 : 612.87"
"10,50 : 415.93"
"10,51 : 359.34"
"10,52 : 886.99"
"10,53 : 335.04"
"10,54 : 313.1"
"10,55 : 934.85"
"10,56 : 508.94"
"10,57 : 423.19"
"10,58 : 497.0"
"10,59 : 629.81"
"10,60 : 806.44"
"10,61 : 1069.4"
"10,62 : 772.37"
"10,63 : 64.85"
"10,64 : 887.69"
"10,65 : 343.42"
"10,66 : 806.33"
"10,67 : 375.83"
"10,68 : 895.63"
"10,69 : 679.9"
"10,70 : 936.38"
"10,71 : 985.15"
"10,72 : 372.84"
"10,73 : 671.34"
"10,74 : 905.88"
"10,75 : 816.47"
"10,76 : 419.8"
"10,77 : 399.01"
"10,78 : 921.47"
"10,79 : 183.66"
"10,80 : 792.28"
"10,81 : 727.32"
"10,82 : 361.83"
"10,83 : 584.29"
"10,84 : 673.53"
"10,85 : 402.0"
"10,86 : 815.22"
"10,87 : 159.41"
"10,88 : 483.5"
"10,89 : 978.47"
"10,90 : 327.84"
"10,91 : 922.15"
"10,92 : 841.19"
"10,93 : 547.0"
"10,94 : 763.1"
"10,95 : 926.4"
"10,96 : 746.04"
"10,97 : 648.96"
"10,98 : 657.19"
"10,99 : 1015.3"
"11,0 : 729.29"
"11,1 : 791.14"
"11,2 : 693.38"
"11,3 : 69.07"
"11,4 : 570.35"
"11,5 : 377.48"
"11,6 : 560.71"
"11,7 : 203.97"
"11,8 : 545.27"
"11,9 : 806.54"
"11,10 : 685.0"
"11,11 : 0.0"
"11,12 : 763.92"
"11,13 : 885.01"
"11,14 : 374.1"
"11,15 : 807.58"
"11,16 : 714.68"
"11,17 : 551.53"
"11,18 : 72.03"
"11,19 : 683.21"
"11,20 : 254.0"
"11,21 : 183.58"
"11,22 : 71.87"
"11,23 : 334.89"
"11,24 : 141.4"
"11,25 : 774.68"
"11,26 : 925.95"
"11,27 : 1030.11"
"11,28 : 808.72"
"11,29 : 345.34"
"11,30 : 68.43"
"11,31 : 447.58"
"11,32 : 296.98"
"11,33 : 511.53"
"11,34 : 554.81"
"11,35 : 528.44"
"11,36 : 191.64"
"11,37 : 753.02"
"11,38 : 218.65"
"11,39 : 621.21"
"11,40 : 692.65"
"11,41 : 193.88"
"11,42 : 272.26"
"11,43 : 509.47"
"11,44 : 297.53"
"11,45 : 645.2"
"11,46 : 630.04"
"11,47 : 557.56"
"11,48 : 614.14"
"11,49 : 765.44"
"11,50 : 360.34"
"11,51 : 745.57"
"11,52 : 218.28"
"11,53 : 355.86"
"11,54 : 372.09"
"11,55 : 699.75"
"11,56 : 325.98"
"11,57 : 471.43"
"11,58 : 188.0"
"11,59 : 593.41"
"11,60 : 166.35"
"11,61 : 663.42"
"11,62 : 127.91"
"11,63 : 709.63"
"11,64 : 211.57"
"11,65 : 356.15"
"11,66 : 362.79"
"11,67 : 449.68"
"11,68 : 237.02"
"11,69 : 486.72"
"11,70 : 290.27"
"11,71 : 618.15"
"11,72 : 377.4"
"11,73 : 885.6"
"11,74 : 488.93"
"11,75 : 349.36"
"11,76 : 431.87"
"11,77 : 290.76"
"11,78 : 240.68"
"11,79 : 755.04"
"11,80 : 120.93"
"11,81 : 250.01"
"11,82 : 364.66"
"11,83 : 827.39"
"11,84 : 163.96"
"11,85 : 290.17"
"11,86 : 336.39"
"11,87 : 542.79"
"11,88 : 645.5"
"11,89 : 726.58"
"11,90 : 364.45"
"11,91 : 282.36"
"11,92 : 360.76"
"11,93 : 444.0"
"11,94 : 500.1"
"11,95 : 646.34"
"11,96 : 744.66"
"11,97 : 708.99"
"11,98 : 621.29"
"11,99 : 515.44"
"12,0 : 378.06"
"12,1 : 247.59"
"12,2 : 214.31"
"12,3 : 832.63"
"12,4 : 346.39"
"12,5 : 446.41"
"12,6 : 610.84"
"12,7 : 666.12"
"12,8 : 220.78"
"12,9 : 407.94"
"12,10 : 506.79"
"12,11 : 763.92"
"12,12 : 0.0"
"12,13 : 129.99"
"12,14 : 713.08"
"12,15 : 766.96"
"12,16 : 395.81"
"12,17 : 228.23"
"12,18 : 720.88"
"12,19 : 626.56"
"12,20 : 572.01"
"12,21 : 923.35"
"12,22 : 827.9"
"12,23 : 471.22"
"12,24 : 883.26"
"12,25 : 133.42"
"12,26 : 309.9"
"12,27 : 337.93"
"12,28 : 547.49"
"12,29 : 478.72"
"12,30 : 782.78"
"12,31 : 373.45"
"12,32 : 693.56"
"12,33 : 689.01"
"12,34 : 388.76"
"12,35 : 649.23"
"12,36 : 770.74"
"12,37 : 509.74"
"12,38 : 785.9"
"12,39 : 453.3"
"12,40 : 625.21"
"12,41 : 680.98"
"12,42 : 717.8"
"12,43 : 737.08"
"12,44 : 521.97"
"12,45 : 351.16"
"12,46 : 584.58"
"12,47 : 475.74"
"12,48 : 605.61"
"12,49 : 121.63"
"12,50 : 414.12"
"12,51 : 156.12"
"12,52 : 875.72"
"12,53 : 587.08"
"12,54 : 530.87"
"12,55 : 556.56"
"12,56 : 439.61"
"12,57 : 294.16"
"12,58 : 632.82"
"12,59 : 271.18"
"12,60 : 787.01"
"12,61 : 765.85"
"12,62 : 771.92"
"12,63 : 571.07"
"12,64 : 890.11"
"12,65 : 612.63"
"12,66 : 631.6"
"12,67 : 330.04"
"12,68 : 866.88"
"12,69 : 405.29"
"12,70 : 880.01"
"12,71 : 678.0"
"12,72 : 690.58"
"12,73 : 168.07"
"12,74 : 663.15"
"12,75 : 653.68"
"12,76 : 335.28"
"12,77 : 610.86"
"12,78 : 982.93"
"12,79 : 353.79"
"12,80 : 812.83"
"12,81 : 629.09"
"12,82 : 660.95"
"12,83 : 81.88"
"12,84 : 643.99"
"12,85 : 535.57"
"12,86 : 661.9"
"12,87 : 434.04"
"12,88 : 120.93"
"12,89 : 598.0"
"12,90 : 588.66"
"12,91 : 862.18"
"12,92 : 675.53"
"12,93 : 343.7"
"12,94 : 481.04"
"12,95 : 579.74"
"12,96 : 291.82"
"12,97 : 199.46"
"12,98 : 275.38"
"12,99 : 797.49"
"13,0 : 475.93"
"13,1 : 326.06"
"13,2 : 324.86"
"13,3 : 954.0"
"13,4 : 414.1"
"13,5 : 548.48"
"13,6 : 667.49"
"13,7 : 773.37"
"13,8 : 339.82"
"13,9 : 489.74"
"13,10 : 535.37"
"13,11 : 885.01"
"13,12 : 129.99"
"13,13 : 0.0"
"13,14 : 842.45"
"13,15 : 869.72"
"13,16 : 496.73"
"13,17 : 357.91"
"13,18 : 845.11"
"13,19 : 737.01"
"13,20 : 700.82"
"13,21 : 1048.45"
"13,22 : 946.98"
"13,23 : 578.51"
"13,24 : 999.59"
"13,25 : 146.03"
"13,26 : 338.1"
"13,27 : 314.01"
"13,28 : 637.26"
"13,29 : 608.4"
"13,30 : 899.72"
"13,31 : 472.22"
"13,32 : 823.54"
"13,33 : 813.75"
"13,34 : 455.41"
"13,35 : 712.08"
"13,36 : 877.6"
"13,37 : 607.02"
"13,38 : 915.08"
"13,39 : 568.33"
"13,40 : 656.4"
"13,41 : 788.7"
"13,42 : 816.45"
"13,43 : 862.45"
"13,44 : 628.59"
"13,45 : 394.59"
"13,46 : 627.25"
"13,47 : 597.12"
"13,48 : 722.33"
"13,49 : 214.44"
"13,50 : 529.0"
"13,51 : 184.2"
"13,52 : 1004.03"
"13,53 : 678.46"
"13,54 : 623.39"
"13,55 : 663.09"
"13,56 : 563.65"
"13,57 : 413.6"
"13,58 : 743.99"
"13,59 : 396.06"
"13,60 : 915.0"
"13,61 : 882.39"
"13,62 : 898.83"
"13,63 : 596.0"
"13,64 : 1017.93"
"13,65 : 702.83"
"13,66 : 761.16"
"13,67 : 441.32"
"13,68 : 995.78"
"13,69 : 533.34"
"13,70 : 1009.67"
"13,71 : 795.73"
"13,72 : 776.49"
"13,73 : 175.5"
"13,74 : 788.78"
"13,75 : 783.39"
"13,76 : 453.38"
"13,77 : 710.29"
"13,78 : 1108.23"
"13,79 : 359.17"
"13,80 : 939.0"
"13,81 : 758.57"
"13,82 : 748.77"
"13,83 : 119.62"
"13,84 : 770.81"
"13,85 : 641.68"
"13,86 : 791.73"
"13,87 : 499.4"
"13,88 : 249.48"
"13,89 : 702.46"
"13,90 : 678.65"
"13,91 : 991.86"
"13,92 : 805.07"
"13,93 : 473.0"
"13,94 : 606.67"
"13,95 : 692.95"
"13,96 : 385.52"
"13,97 : 306.94"
"13,98 : 396.02"
"13,99 : 923.43"
"14,0 : 495.86"
"14,1 : 618.77"
"14,2 : 548.39"
"14,3 : 398.69"
"14,4 : 698.46"
"14,5 : 540.28"
"14,6 : 815.38"
"14,7 : 512.91"
"14,8 : 549.4"
"14,9 : 560.86"
"14,10 : 877.97"
"14,11 : 374.1"
"14,12 : 713.08"
"14,13 : 842.45"
"14,14 : 0.0"
"14,15 : 443.04"
"14,16 : 473.38"
"14,17 : 490.98"
"14,18 : 305.85"
"14,19 : 343.2"
"14,20 : 215.23"
"14,21 : 384.37"
"14,22 : 431.91"
"14,23 : 502.59"
"14,24 : 498.95"
"14,25 : 785.97"
"14,26 : 741.91"
"14,27 : 867.56"
"14,28 : 506.15"
"14,29 : 257.82"
"14,30 : 441.88"
"14,31 : 570.37"
"14,32 : 78.77"
"14,33 : 145.34"
"14,34 : 706.23"
"14,35 : 802.9"
"14,36 : 551.49"
"14,37 : 460.98"
"14,38 : 183.79"
"14,39 : 359.97"
"14,40 : 930.9"
"14,41 : 512.23"
"14,42 : 604.27"
"14,43 : 135.44"
"14,44 : 503.12"
"14,45 : 774.19"
"14,46 : 863.67"
"14,47 : 296.55"
"14,48 : 279.47"
"14,49 : 654.97"
"14,50 : 462.57"
"14,51 : 772.01"
"14,52 : 272.69"
"14,53 : 617.93"
"14,54 : 600.42"
"14,55 : 386.48"
"14,56 : 370.71"
"14,57 : 496.68"
"14,58 : 468.68"
"14,59 : 453.86"
"14,60 : 232.08"
"14,61 : 290.87"
"14,62 : 258.66"
"14,63 : 923.95"
"14,64 : 297.52"
"14,65 : 632.11"
"14,66 : 82.22"
"14,67 : 520.48"
"14,68 : 245.8"
"14,69 : 311.8"
"14,70 : 220.27"
"14,71 : 258.86"
"14,72 : 687.34"
"14,73 : 768.83"
"14,74 : 132.0"
"14,75 : 63.79"
"14,76 : 478.99"
"14,77 : 566.45"
"14,78 : 423.48"
"14,79 : 870.4"
"14,80 : 295.29"
"14,81 : 159.45"
"14,82 : 663.34"
"14,83 : 744.85"
"14,84 : 244.62"
"14,85 : 506.81"
"14,86 : 62.77"
"14,87 : 718.56"
"14,88 : 599.5"
"14,89 : 399.06"
"14,90 : 627.27"
"14,91 : 205.15"
"14,92 : 39.12"
"14,93 : 386.0"
"14,94 : 256.42"
"14,95 : 322.49"
"14,96 : 552.2"
"14,97 : 568.19"
"14,98 : 464.96"
"14,99 : 149.58"
"15,0 : 393.86"
"15,1 : 548.73"
"15,2 : 552.67"
"15,3 : 839.68"
"15,4 : 934.28"
"15,5 : 844.79"
"15,6 : 1133.43"
"15,7 : 906.14"
"15,8 : 723.41"
"15,9 : 395.83"
"15,10 : 1136.35"
"15,11 : 807.58"
"15,12 : 766.96"
"15,13 : 869.72"
"15,14 : 443.04"
"15,15 : 0.0"
"15,16 : 373.16"
"15,17 : 628.77"
"15,18 : 736.18"
"15,19 : 157.08"
"15,20 : 585.06"
"15,21 : 824.04"
"15,22 : 870.53"
"15,23 : 821.96"
"15,24 : 939.23"
"15,25 : 888.2"
"15,26 : 607.05"
"15,27 : 730.84"
"15,28 : 249.0"
"15,29 : 547.25"
"15,30 : 872.87"
"15,31 : 837.14"
"15,32 : 513.89"
"15,33 : 298.43"
"15,34 : 959.66"
"15,35 : 1137.97"
"15,36 : 967.86"
"15,37 : 264.22"
"15,38 : 626.1"
"15,39 : 327.83"
"15,40 : 1222.37"
"15,41 : 910.06"
"15,42 : 999.47"
"15,43 : 314.63"
"15,44 : 844.94"
"15,45 : 993.98"
"15,46 : 1158.76"
"15,47 : 341.8"
"15,48 : 214.89"
"15,49 : 656.22"
"15,50 : 754.11"
"15,51 : 893.8"
"15,52 : 707.77"
"15,53 : 968.6"
"15,54 : 932.8"
"15,55 : 211.65"
"15,56 : 669.81"
"15,57 : 713.53"
"15,58 : 856.82"
"15,59 : 523.09"
"15,60 : 675.11"
"15,61 : 163.88"
"15,62 : 700.32"
"15,63 : 1195.17"
"15,64 : 732.95"
"15,65 : 989.39"
"15,66 : 445.77"
"15,67 : 764.78"
"15,68 : 678.5"
"15,69 : 458.51"
"15,70 : 638.89"
"15,71 : 189.64"
"15,72 : 1060.36"
"15,73 : 722.53"
"15,74 : 318.78"
"15,75 : 458.22"
"15,76 : 722.29"
"15,77 : 933.8"
"15,78 : 857.22"
"15,79 : 1059.15"
"15,80 : 738.24"
"15,81 : 562.3"
"15,82 : 1031.3"
"15,83 : 750.29"
"15,84 : 655.59"
"15,85 : 853.87"
"15,86 : 471.37"
"15,87 : 989.1"
"15,88 : 700.75"
"15,89 : 169.09"
"15,90 : 976.9"
"15,91 : 628.38"
"15,92 : 448.26"
"15,93 : 592.28"
"15,94 : 380.84"
"15,95 : 210.07"
"15,96 : 484.48"
"15,97 : 567.87"
"15,98 : 504.55"
"15,99 : 342.58"
"16,0 : 25.0"
"16,1 : 182.0"
"16,2 : 183.08"
"16,3 : 771.01"
"16,4 : 616.21"
"16,5 : 585.31"
"16,6 : 853.28"
"16,7 : 726.66"
"16,8 : 398.06"
"16,9 : 92.57"
"16,10 : 816.25"
"16,11 : 714.68"
"16,12 : 395.81"
"16,13 : 496.73"
"16,14 : 473.38"
"16,15 : 373.16"
"16,16 : 0.0"
"16,17 : 302.83"
"16,18 : 647.6"
"16,19 : 246.07"
"16,20 : 461.38"
"16,21 : 812.6"
"16,22 : 786.49"
"16,23 : 578.88"
"16,24 : 855.74"
"16,25 : 521.47"
"16,26 : 278.0"
"16,27 : 408.0"
"16,28 : 160.31"
"16,29 : 371.57"
"16,30 : 764.1"
"16,31 : 550.46"
"16,32 : 498.36"
"16,33 : 380.65"
"16,34 : 649.5"
"16,35 : 871.53"
"16,36 : 816.2"
"16,37 : 114.55"
"16,38 : 622.51"
"16,39 : 113.7"
"16,40 : 917.61"
"16,41 : 736.32"
"16,42 : 811.04"
"16,43 : 430.22"
"16,44 : 618.12"
"16,45 : 662.6"
"16,46 : 860.07"
"16,47 : 177.6"
"16,48 : 250.07"
"16,49 : 283.06"
"16,50 : 501.75"
"16,51 : 531.4"
"16,52 : 722.06"
"16,53 : 732.57"
"16,54 : 684.11"
"16,55 : 168.19"
"16,56 : 447.0"
"16,57 : 416.08"
"16,58 : 678.24"
"16,59 : 189.21"
"16,60 : 650.54"
"16,61 : 401.62"
"16,62 : 655.88"
"16,63 : 879.28"
"16,64 : 744.11"
"16,65 : 757.56"
"16,66 : 412.41"
"16,67 : 475.05"
"16,68 : 701.12"
"16,69 : 229.73"
"16,70 : 688.69"
"16,71 : 322.62"
"16,72 : 838.07"
"16,73 : 357.24"
"16,74 : 367.08"
"16,75 : 436.9"
"16,76 : 440.93"
"16,77 : 719.42"
"16,78 : 864.14"
"16,79 : 710.65"
"16,80 : 701.6"
"16,81 : 483.59"
"16,82 : 806.24"
"16,83 : 377.49"
"16,84 : 552.68"
"16,85 : 630.58"
"16,86 : 450.82"
"16,87 : 686.93"
"16,88 : 345.09"
"16,89 : 205.92"
"16,90 : 738.89"
"16,91 : 672.01"
"16,92 : 447.76"
"16,93 : 325.35"
"16,94 : 227.18"
"16,95 : 210.3"
"16,96 : 113.0"
"16,97 : 196.41"
"16,98 : 159.51"
"16,99 : 491.64"
"17,0 : 298.85"
"17,1 : 270.13"
"17,2 : 169.5"
"17,3 : 618.9"
"17,4 : 314.59"
"17,5 : 302.11"
"17,6 : 552.78"
"17,7 : 489.23"
"17,8 : 96.67"
"17,9 : 364.97"
"17,10 : 516.24"
"17,11 : 551.53"
"17,12 : 228.23"
"17,13 : 357.91"
"17,14 : 490.98"
"17,15 : 628.77"
"17,16 : 302.83"
"17,17 : 0.0"
"17,18 : 501.95"
"17,19 : 474.18"
"17,20 : 344.54"
"17,21 : 701.56"
"17,22 : 619.19"
"17,23 : 308.42"
"17,24 : 679.81"
"17,25 : 297.38"
"17,26 : 397.4"
"17,27 : 485.25"
"17,28 : 460.57"
"17,29 : 250.51"
"17,30 : 579.5"
"17,31 : 253.58"
"17,32 : 466.51"
"17,33 : 486.59"
"17,34 : 346.81"
"17,35 : 574.57"
"17,36 : 590.88"
"17,37 : 407.33"
"17,38 : 557.85"
"17,39 : 301.42"
"17,40 : 615.02"
"17,41 : 502.31"
"17,42 : 559.05"
"17,43 : 531.46"
"17,44 : 355.88"
"17,45 : 366.99"
"17,46 : 557.25"
"17,47 : 296.12"
"17,48 : 434.41"
"17,49 : 214.83"
"17,50 : 234.54"
"17,51 : 288.54"
"17,52 : 648.62"
"17,53 : 454.32"
"17,54 : 401.0"
"17,55 : 421.67"
"17,56 : 226.63"
"17,57 : 122.07"
"17,58 : 447.67"
"17,59 : 114.06"
"17,60 : 560.46"
"17,61 : 588.65"
"17,62 : 547.27"
"17,63 : 578.33"
"17,64 : 663.7"
"17,65 : 480.46"
"17,66 : 408.83"
"17,67 : 180.8"
"17,68 : 639.07"
"17,69 : 196.98"
"17,70 : 651.79"
"17,71 : 500.06"
"17,72 : 562.56"
"17,73 : 334.19"
"17,74 : 457.86"
"17,75 : 429.79"
"17,76 : 157.28"
"17,77 : 456.43"
"17,78 : 760.62"
"17,79 : 431.65"
"17,80 : 589.43"
"17,81 : 400.88"
"17,82 : 530.64"
"17,83 : 279.2"
"17,84 : 420.03"
"17,85 : 369.67"
"17,86 : 437.02"
"17,87 : 384.17"
"17,88 : 109.38"
"17,89 : 465.59"
"17,90 : 459.09"
"17,91 : 633.97"
"17,92 : 452.6"
"17,93 : 115.88"
"17,94 : 281.89"
"17,95 : 421.86"
"17,96 : 254.66"
"17,97 : 177.9"
"17,98 : 143.6"
"17,99 : 588.96"
"18,0 : 663.0"
"18,1 : 731.7"
"18,2 : 635.82"
"18,3 : 123.88"
"18,4 : 557.62"
"18,5 : 365.68"
"18,6 : 581.55"
"18,7 : 233.75"
"18,8 : 506.1"
"18,9 : 739.82"
"18,10 : 690.76"
"18,11 : 72.03"
"18,12 : 720.88"
"18,13 : 845.11"
"18,14 : 305.85"
"18,15 : 736.18"
"18,16 : 647.6"
"18,17 : 501.95"
"18,18 : 0.0"
"18,19 : 611.18"
"18,20 : 186.25"
"18,21 : 204.0"
"18,22 : 141.06"
"18,23 : 321.7"
"18,24 : 211.59"
"18,25 : 742.46"
"18,26 : 866.46"
"18,27 : 974.06"
"18,28 : 738.01"
"18,29 : 281.68"
"18,30 : 137.03"
"18,31 : 429.12"
"18,32 : 227.77"
"18,33 : 440.93"
"18,34 : 547.25"
"18,35 : 554.91"
"18,36 : 248.51"
"18,37 : 682.68"
"18,38 : 166.4"
"18,39 : 551.85"
"18,40 : 710.71"
"18,41 : 227.75"
"18,42 : 315.53"
"18,43 : 440.78"
"18,44 : 293.17"
"18,45 : 634.57"
"18,46 : 645.88"
"18,47 : 487.57"
"18,48 : 542.11"
"18,49 : 713.53"
"18,50 : 331.77"
"18,51 : 715.63"
"18,52 : 196.24"
"18,53 : 373.78"
"18,54 : 379.44"
"18,55 : 628.27"
"18,56 : 281.52"
"18,57 : 433.13"
"18,58 : 203.18"
"18,59 : 534.51"
"18,60 : 121.25"
"18,61 : 593.57"
"18,62 : 83.49"
"18,63 : 721.37"
"18,64 : 198.02"
"18,65 : 379.01"
"18,66 : 290.99"
"18,67 : 419.49"
"18,68 : 206.65"
"18,69 : 421.38"
"18,70 : 253.31"
"18,71 : 546.65"
"18,72 : 413.56"
"18,73 : 834.39"
"18,74 : 417.73"
"18,75 : 278.1"
"18,76 : 395.81"
"18,77 : 310.88"
"18,78 : 263.94"
"18,79 : 743.45"
"18,80 : 103.7"
"18,81 : 178.04"
"18,82 : 396.19"
"18,83 : 780.42"
"18,84 : 94.92"
"18,85 : 288.92"
"18,86 : 265.41"
"18,87 : 541.06"
"18,88 : 600.82"
"18,89 : 654.73"
"18,90 : 382.95"
"18,91 : 241.97"
"18,92 : 290.39"
"18,93 : 390.42"
"18,94 : 430.27"
"18,95 : 574.46"
"18,96 : 682.46"
"18,97 : 652.2"
"18,98 : 561.08"
"18,99 : 450.12"
"19,0 : 270.0"
"19,1 : 428.06"
"19,2 : 413.55"
"19,3 : 723.11"
"19,4 : 777.5"
"19,5 : 689.5"
"19,6 : 977.53"
"19,7 : 762.92"
"19,8 : 567.9"
"19,9 : 297.15"
"19,10 : 979.44"
"19,11 : 683.21"
"19,12 : 626.56"
"19,13 : 737.01"
"19,14 : 343.2"
"19,15 : 157.08"
"19,16 : 246.07"
"19,17 : 474.18"
"19,18 : 611.18"
"19,19 : 0.0"
"19,20 : 445.98"
"19,21 : 726.0"
"19,22 : 750.05"
"19,23 : 668.06"
"19,24 : 820.2"
"19,25 : 742.55"
"19,26 : 511.32"
"19,27 : 640.8"
"19,28 : 183.36"
"19,29 : 397.08"
"19,30 : 745.55"
"19,31 : 680.26"
"19,32 : 401.97"
"19,33 : 204.38"
"19,34 : 802.62"
"19,35 : 983.26"
"19,36 : 831.39"
"19,37 : 161.76"
"19,38 : 524.45"
"19,39 : 176.2"
"19,40 : 1065.37"
"19,41 : 768.04"
"19,42 : 855.57"
"19,43 : 241.92"
"19,44 : 693.18"
"19,45 : 838.0"
"19,46 : 1001.89"
"19,47 : 184.72"
"19,48 : 69.12"
"19,49 : 522.66"
"19,50 : 598.82"
"19,51 : 745.56"
"19,52 : 615.89"
"19,53 : 816.63"
"19,54 : 779.07"
"19,55 : 80.23"
"19,56 : 516.44"
"19,57 : 556.5"
"19,58 : 713.1"
"19,59 : 371.83"
"19,60 : 568.0"
"19,61 : 159.62"
"19,62 : 587.5"
"19,63 : 1038.13"
"19,64 : 640.69"
"19,65 : 838.14"
"19,66 : 322.56"
"19,67 : 607.73"
"19,68 : 588.82"
"19,69 : 301.54"
"19,70 : 558.71"
"19,71 : 99.7"
"19,72 : 911.01"
"19,73 : 603.3"
"19,74 : 211.25"
"19,75 : 340.13"
"19,76 : 565.32"
"19,77 : 784.7"
"19,78 : 766.65"
"19,79 : 905.56"
"19,80 : 629.18"
"19,81 : 433.42"
"19,82 : 881.33"
"19,83 : 619.14"
"19,84 : 524.2"
"19,85 : 702.68"
"19,86 : 354.62"
"19,87 : 832.04"
"19,88 : 551.41"
"19,89 : 62.97"
"19,90 : 824.73"
"19,91 : 545.2"
"19,92 : 336.76"
"19,93 : 435.28"
"19,94 : 225.69"
"19,95 : 53.04"
"19,96 : 358.62"
"19,97 : 430.54"
"19,98 : 356.39"
"19,99 : 292.96"
"20,0 : 476.78"
"20,1 : 551.45"
"20,2 : 459.07"
"20,3 : 309.89"
"20,4 : 492.06"
"20,5 : 325.68"
"20,6 : 601.0"
"20,7 : 321.86"
"20,8 : 374.72"
"20,9 : 553.56"
"20,10 : 664.79"
"20,11 : 254.0"
"20,12 : 572.01"
"20,13 : 700.82"
"20,14 : 215.23"
"20,15 : 585.06"
"20,16 : 461.38"
"20,17 : 344.54"
"20,18 : 186.25"
"20,19 : 445.98"
"20,20 : 0.0"
"20,21 : 366.55"
"20,22 : 325.57"
"20,23 : 287.4"
"20,24 : 395.38"
"20,25 : 618.22"
"20,26 : 685.62"
"20,27 : 797.66"
"20,28 : 557.03"
"20,29 : 100.42"
"20,30 : 308.11"
"20,31 : 361.15"
"20,32 : 152.61"
"20,33 : 309.27"
"20,34 : 496.01"
"20,35 : 590.62"
"20,36 : 385.41"
"20,37 : 500.5"
"20,38 : 214.79"
"20,39 : 367.53"
"20,40 : 715.67"
"20,41 : 325.17"
"20,42 : 415.38"
"20,43 : 327.61"
"20,44 : 289.25"
"20,45 : 569.32"
"20,46 : 648.44"
"20,47 : 304.77"
"20,48 : 377.57"
"20,49 : 546.15"
"20,50 : 252.0"
"20,51 : 597.78"
"20,52 : 304.13"
"20,53 : 407.3"
"20,54 : 386.26"
"20,55 : 452.03"
"20,56 : 164.68"
"20,57 : 309.86"
"20,58 : 273.25"
"20,59 : 356.61"
"20,60 : 216.62"
"20,61 : 462.02"
"20,62 : 207.89"
"20,63 : 709.39"
"20,64 : 319.79"
"20,65 : 423.53"
"20,66 : 155.13"
"20,67 : 320.4"
"20,68 : 294.96"
"20,69 : 235.76"
"20,70 : 312.39"
"20,71 : 398.0"
"20,72 : 485.48"
"20,73 : 667.02"
"20,74 : 279.95"
"20,75 : 157.75"
"20,76 : 283.11"
"20,77 : 360.65"
"20,78 : 423.57"
"20,79 : 670.46"
"20,80 : 252.6"
"20,81 : 65.19"
"20,82 : 459.0"
"20,83 : 622.01"
"20,84 : 91.39"
"20,85 : 293.9"
"20,86 : 153.38"
"20,87 : 505.51"
"20,88 : 451.4"
"20,89 : 482.5"
"20,90 : 416.49"
"20,91 : 294.95"
"20,92 : 181.01"
"20,93 : 228.65"
"20,94 : 247.21"
"20,95 : 403.63"
"20,96 : 498.96"
"20,97 : 476.6"
"20,98 : 380.79"
"20,99 : 360.3"
"21,0 : 830.96"
"21,1 : 917.41"
"21,2 : 825.61"
"21,3 : 125.9"
"21,4 : 752.63"
"21,5 : 559.55"
"21,6 : 736.52"
"21,7 : 380.82"
"21,8 : 709.88"
"21,9 : 904.96"
"21,10 : 867.33"
"21,11 : 183.58"
"21,12 : 923.35"
"21,13 : 1048.45"
"21,14 : 384.37"
"21,15 : 824.04"
"21,16 : 812.6"
"21,17 : 701.56"
"21,18 : 204.0"
"21,19 : 726.0"
"21,20 : 366.55"
"21,21 : 0.0"
"21,22 : 161.82"
"21,23 : 516.37"
"21,24 : 185.41"
"21,25 : 946.32"
"21,26 : 1051.1"
"21,27 : 1164.21"
"21,28 : 878.4"
"21,29 : 466.95"
"21,30 : 216.19"
"21,31 : 627.58"
"21,32 : 326.35"
"21,33 : 529.2"
"21,34 : 738.08"
"21,35 : 700.25"
"21,36 : 337.43"
"21,37 : 827.7"
"21,38 : 201.56"
"21,39 : 707.09"
"21,40 : 869.43"
"21,41 : 368.57"
"21,42 : 433.2"
"21,43 : 509.66"
"21,44 : 480.75"
"21,45 : 828.06"
"21,46 : 808.46"
"21,47 : 640.42"
"21,48 : 660.0"
"21,49 : 910.02"
"21,50 : 534.31"
"21,51 : 919.14"
"21,52 : 118.95"
"21,53 : 535.41"
"21,54 : 554.92"
"21,55 : 761.17"
"21,56 : 484.86"
"21,57 : 637.07"
"21,58 : 370.78"
"21,59 : 723.16"
"21,60 : 162.82"
"21,61 : 665.09"
"21,62 : 159.15"
"21,63 : 889.77"
"21,64 : 94.73"
"21,65 : 533.08"
"21,66 : 411.75"
"21,67 : 622.71"
"21,68 : 149.35"
"21,69 : 597.6"
"21,70 : 200.41"
"21,71 : 643.06"
"21,72 : 542.56"
"21,73 : 1031.1"
"21,74 : 515.79"
"21,75 : 390.24"
"21,76 : 599.79"
"21,77 : 470.27"
"21,78 : 59.94"
"21,79 : 937.79"
"21,80 : 113.95"
"21,81 : 330.05"
"21,82 : 534.87"
"21,83 : 980.73"
"21,84 : 282.12"
"21,85 : 473.66"
"21,86 : 375.38"
"21,87 : 726.35"
"21,88 : 802.85"
"21,89 : 779.12"
"21,90 : 543.62"
"21,91 : 204.56"
"21,92 : 389.85"
"21,93 : 587.69"
"21,94 : 586.28"
"21,95 : 700.08"
"21,96 : 862.63"
"21,97 : 843.04"
"21,98 : 747.03"
"21,99 : 493.17"
"22,0 : 801.15"
"22,1 : 861.98"
"22,2 : 763.74"
"22,3 : 41.77"
"22,4 : 615.87"
"22,5 : 425.23"
"22,6 : 576.92"
"22,7 : 224.72"
"22,8 : 607.99"
"22,9 : 878.38"
"22,10 : 714.15"
"22,11 : 71.87"
"22,12 : 827.9"
"22,13 : 946.98"
"22,14 : 431.91"
"22,15 : 870.53"
"22,16 : 786.49"
"22,17 : 619.19"
"22,18 : 141.06"
"22,19 : 750.05"
"22,20 : 325.57"
"22,21 : 161.82"
"22,22 : 0.0"
"22,23 : 384.6"
"22,24 : 70.58"
"22,25 : 832.33"
"22,26 : 996.76"
"22,27 : 1099.74"
"22,28 : 879.07"
"22,29 : 417.16"
"22,30 : 57.31"
"22,31 : 498.66"
"22,32 : 357.11"
"22,33 : 572.9"
"22,34 : 596.55"
"22,35 : 539.27"
"22,36 : 176.23"
"22,37 : 823.69"
"22,38 : 262.68"
"22,39 : 692.44"
"22,40 : 710.06"
"22,41 : 211.19"
"22,42 : 271.4"
"22,43 : 567.1"
"22,44 : 342.24"
"22,45 : 688.43"
"22,46 : 650.31"
"22,47 : 628.45"
"22,48 : 681.12"
"22,49 : 833.66"
"22,50 : 419.01"
"22,51 : 801.89"
"22,52 : 234.87"
"22,53 : 379.64"
"22,54 : 405.0"
"22,55 : 769.05"
"22,56 : 392.76"
"22,57 : 534.15"
"22,58 : 224.24"
"22,59 : 664.25"
"22,60 : 208.56"
"22,61 : 722.7"
"22,62 : 174.87"
"22,63 : 733.02"
"22,64 : 220.84"
"22,65 : 375.02"
"22,66 : 428.12"
"22,67 : 508.12"
"22,68 : 259.72"
"22,69 : 558.58"
"22,70 : 315.91"
"22,71 : 681.73"
"22,72 : 380.84"
"22,73 : 953.37"
"22,74 : 551.85"
"22,75 : 413.02"
"22,76 : 493.74"
"22,77 : 315.16"
"22,78 : 209.54"
"22,79 : 798.21"
"22,80 : 149.57"
"22,81 : 318.23"
"22,82 : 373.92"
"22,83 : 893.25"
"22,84 : 235.02"
"22,85 : 332.87"
"22,86 : 399.45"
"22,87 : 579.99"
"22,88 : 710.64"
"22,89 : 794.91"
"22,90 : 387.37"
"22,91 : 311.72"
"22,92 : 422.34"
"22,93 : 513.49"
"22,94 : 571.07"
"22,95 : 714.55"
"22,96 : 816.17"
"22,97 : 779.09"
"22,98 : 692.43"
"22,99 : 567.74"
"23,0 : 582.64"
"23,1 : 578.52"
"23,2 : 477.45"
"23,3 : 401.7"
"23,4 : 236.52"
"23,5 : 44.05"
"23,6 : 318.31"
"23,7 : 195.23"
"23,8 : 255.36"
"23,9 : 656.76"
"23,10 : 381.73"
"23,11 : 334.89"
"23,12 : 471.22"
"23,13 : 578.51"
"23,14 : 502.59"
"23,15 : 821.96"
"23,16 : 578.88"
"23,17 : 308.42"
"23,18 : 321.7"
"23,19 : 668.06"
"23,20 : 287.4"
"23,21 : 516.37"
"23,22 : 384.6"
"23,23 : 0.0"
"23,24 : 427.99"
"23,25 : 453.12"
"23,26 : 704.59"
"23,27 : 782.9"
"23,28 : 720.34"
"23,29 : 278.76"
"23,30 : 331.55"
"23,31 : 114.13"
"23,32 : 437.22"
"23,33 : 580.95"
"23,34 : 226.04"
"23,35 : 316.6"
"23,36 : 299.8"
"23,37 : 662.08"
"23,38 : 457.93"
"23,39 : 530.4"
"23,40 : 428.45"
"23,41 : 210.38"
"23,42 : 252.35"
"23,43 : 607.52"
"23,44 : 50.77"
"23,45 : 312.97"
"23,46 : 361.25"
"23,47 : 489.35"
"23,48 : 607.16"
"23,49 : 510.07"
"23,50 : 77.32"
"23,51 : 420.6"
"23,52 : 515.12"
"23,53 : 154.03"
"23,54 : 111.02"
"23,55 : 644.98"
"23,56 : 152.3"
"23,57 : 190.42"
"23,58 : 167.11"
"23,59 : 401.08"
"23,60 : 430.38"
"23,61 : 725.55"
"23,62 : 399.05"
"23,63 : 422.94"
"23,64 : 519.25"
"23,65 : 178.71"
"23,66 : 436.87"
"23,67 : 141.9"
"23,68 : 520.35"
"23,69 : 375.11"
"23,70 : 557.68"
"23,71 : 648.9"
"23,72 : 259.41"
"23,73 : 619.92"
"23,74 : 549.66"
"23,75 : 443.54"
"23,76 : 151.42"
"23,77 : 148.07"
"23,78 : 574.85"
"23,79 : 422.18"
"23,80 : 425.39"
"23,81 : 347.68"
"23,82 : 227.49"
"23,83 : 546.27"
"23,84 : 292.41"
"23,85 : 64.5"
"23,86 : 440.41"
"23,87 : 224.77"
"23,88 : 366.78"
"23,89 : 684.95"
"23,90 : 160.85"
"23,91 : 542.8"
"23,92 : 467.57"
"23,93 : 253.97"
"23,94 : 442.44"
"23,95 : 617.16"
"23,96 : 557.47"
"23,97 : 486.31"
"23,98 : 434.09"
"23,99 : 645.7"
"24,0 : 870.05"
"24,1 : 927.3"
