x,y
18,783
183,29
839,978
106,797
953,665
64,622
322,17
606,97
664,305
281,582
610,793
302,456
828,154
811,907
951,94
958,533
699,935
909,347
154,134
374,112
900,564
857,479
204,629
61,62
565,624
866,204
570,296
890,930
549,748
817,176
960,86
886,873
835,798
10,480
300,651
793,488
24,453
221,916
987,946
75,728
359,210
233,394
826,999
499,639
241,178
150,831
200,675
485,264
153,411
368,470
656,15
21,414
777,713
836,150
577,190
149,616
463,244
487,155
784,962
836,464
515,156
244,227
528,672
767,533
581,210
753,226
741,371
295,520
932,753
827,142
557,756
94,239
436,275
212,582
608,213
929,394
583,106
65,351
388,858
367,428
686,818
455,854
969,240
986,292
786,52
926,558
547,582
972,865
381,207
405,918
174,327
816,286
763,756
229,27
239,105
599,375
108,801
549,427
456,419
177,692

Distanze
"0,0 : 0.0"
"0,1 : 771.84"
"0,2 : 843.84"
"0,3 : 89.11"
"0,4 : 942.42"
"0,5 : 167.44"
"0,6 : 824.12"
"0,7 : 903.52"
"0,8 : 803.62"
"0,9 : 331.01"
"0,10 : 592.08"
"0,11 : 433.11"
"0,12 : 1025.54"
"0,13 : 802.64"
"0,14 : 1159.83"
"0,15 : 972.68"
"0,16 : 697.76"
"0,17 : 991.96"
"0,18 : 663.1"
"0,19 : 759.59"
"0,20 : 908.78"
"0,21 : 892.38"
"0,22 : 241.48"
"0,23 : 722.28"
"0,24 : 569.64"
"0,25 : 1026.81"
"0,26 : 736.12"
"0,27 : 884.3"
"0,28 : 532.15"
"0,29 : 1003.42"
"0,30 : 1171.82"
"0,31 : 872.65"
"0,32 : 817.14"
"0,33 : 303.11"
"0,34 : 311.36"
"0,35 : 829.25"
"0,36 : 330.05"
"0,37 : 242.69"
"0,38 : 982.61"
"0,39 : 79.21"
"0,40 : 666.79"
"0,41 : 444.46"
"0,42 : 836.37"
"0,43 : 502.09"
"0,44 : 644.79"
"0,45 : 140.46"
"0,46 : 211.63"
"0,47 : 698.18"
"0,48 : 395.74"
"0,49 : 469.54"
"0,50 : 998.43"
"0,51 : 369.01"
"0,52 : 762.22"
"0,53 : 1034.32"
"0,54 : 814.94"
"0,55 : 212.25"
"0,56 : 698.96"
"0,57 : 783.8"
"0,58 : 786.64"
"0,59 : 878.0"
"0,60 : 800.09"
"0,61 : 600.18"
"0,62 : 521.94"
"0,63 : 789.62"
"0,64 : 803.3"
"0,65 : 922.21"
"0,66 : 832.15"
"0,67 : 381.97"
"0,68 : 914.49"
"0,69 : 1032.16"
"0,70 : 539.68"
"0,71 : 549.28"
"0,72 : 657.87"
"0,73 : 279.35"
"0,74 : 820.37"
"0,75 : 990.58"
"0,76 : 881.79"
"0,77 : 434.55"
"0,78 : 377.52"
"0,79 : 497.82"
"0,80 : 668.92"
"0,81 : 442.73"
"0,82 : 1095.1"
"0,83 : 1085.41"
"0,84 : 1060.28"
"0,85 : 935.46"
"0,86 : 565.9"
"0,87 : 957.52"
"0,88 : 680.84"
"0,89 : 409.87"
"0,90 : 481.95"
"0,91 : 940.11"
"0,92 : 745.49"
"0,93 : 784.89"
"0,94 : 713.11"
"0,95 : 709.95"
"0,96 : 91.78"
"0,97 : 639.29"
"0,98 : 569.51"
"0,99 : 183.2"
"1,0 : 771.84"
"1,1 : 0.0"
"1,2 : 1153.66"
"1,3 : 771.85"
"1,4 : 998.7"
"1,5 : 604.82"
"1,6 : 139.52"
"1,7 : 428.43"
"1,8 : 554.56"
"1,9 : 561.62"
"1,10 : 875.23"
"1,11 : 443.27"
"1,12 : 657.0"
"1,13 : 1079.48"
"1,14 : 770.75"
"1,15 : 924.47"
"1,16 : 1042.64"
"1,17 : 792.59"
"1,18 : 108.93"
"1,19 : 208.25"
"1,20 : 894.6"
"1,21 : 810.42"
"1,22 : 600.37"
"1,23 : 126.38"
"1,24 : 707.07"
"1,25 : 705.06"
"1,26 : 470.17"
"1,27 : 1145.27"
"1,28 : 806.79"
"1,29 : 650.82"
"1,30 : 779.09"
"1,31 : 1098.43"
"1,32 : 1008.2"
"1,33 : 483.04"
"1,34 : 632.91"
"1,35 : 763.4"
"1,36 : 452.83"
"1,37 : 887.81"
"1,38 : 1219.55"
"1,39 : 707.29"
"1,40 : 252.46"
"1,41 : 368.41"
"1,42 : 1163.77"
"1,43 : 686.99"
"1,44 : 159.89"
"1,45 : 802.68"
"1,46 : 646.22"
"1,47 : 382.66"
"1,48 : 383.18"
"1,49 : 478.23"
"1,50 : 473.21"
"1,51 : 417.69"
"1,52 : 905.92"
"1,53 : 664.12"
"1,54 : 425.63"
"1,55 : 587.98"
"1,56 : 353.02"
"1,57 : 329.08"
"1,58 : 1109.82"
"1,59 : 784.62"
"1,60 : 355.46"
"1,61 : 207.18"
"1,62 : 729.71"
"1,63 : 771.41"
"1,64 : 437.22"
"1,65 : 603.08"
"1,66 : 654.47"
"1,67 : 503.61"
"1,68 : 1041.72"
"1,69 : 653.84"
"1,70 : 817.56"
"1,71 : 228.08"
"1,72 : 352.88"
"1,73 : 553.76"
"1,74 : 463.12"
"1,75 : 830.51"
"1,76 : 407.34"
"1,77 : 342.94"
"1,78 : 853.97"
"1,79 : 439.38"
"1,80 : 935.7"
"1,81 : 868.68"
"1,82 : 813.83"
"1,83 : 844.97"
"1,84 : 603.44"
"1,85 : 912.08"
"1,86 : 662.05"
"1,87 : 1149.53"
"1,88 : 266.25"
"1,89 : 916.3"
"1,90 : 298.14"
"1,91 : 683.18"
"1,92 : 930.02"
"1,93 : 46.04"
"1,94 : 94.4"
"1,95 : 541.08"
"1,96 : 775.63"
"1,97 : 540.7"
"1,98 : 476.06"
"1,99 : 663.03"
"2,0 : 843.84"
"2,1 : 1153.66"
"2,2 : 0.0"
"2,3 : 755.02"
"2,4 : 333.11"
"2,5 : 852.85"
"2,6 : 1091.24"
"2,7 : 911.29"
"2,8 : 695.38"
"2,9 : 684.24"
"2,10 : 294.39"
"2,11 : 748.9"
"2,12 : 824.07"
"2,13 : 76.32"
"2,14 : 891.07"
"2,15 : 460.64"
"2,16 : 146.45"
"2,17 : 634.87"
"2,18 : 1087.0"
"2,19 : 982.95"
"2,20 : 418.47"
"2,21 : 499.32"
"2,22 : 724.59"
"2,23 : 1201.81"
"2,24 : 447.65"
"2,25 : 774.47"
"2,26 : 733.13"
"2,27 : 70.04"
"2,28 : 370.14"
"2,29 : 802.3"
"2,30 : 900.17"
"2,31 : 115.04"
"2,32 : 180.04"
"2,33 : 967.08"
"2,34 : 630.44"
"2,35 : 492.15"
"2,36 : 969.46"
"2,37 : 621.1"
"2,38 : 151.42"
"2,39 : 803.86"
"2,40 : 905.66"
"2,41 : 841.6"
"2,42 : 24.7"
"2,43 : 480.13"
"2,44 : 998.8"
"2,45 : 704.51"
"2,46 : 707.2"
"2,47 : 796.94"
"2,48 : 889.99"
"2,49 : 692.75"
"2,50 : 980.23"
"2,51 : 993.59"
"2,52 : 272.16"
"2,53 : 828.01"
"2,54 : 830.41"
"2,55 : 779.19"
"2,56 : 824.7"
"2,57 : 895.12"
"2,58 : 57.28"
"2,59 : 514.01"
"2,60 : 883.55"
"2,61 : 958.14"
"2,62 : 436.3"
"2,63 : 450.79"
"2,64 : 810.18"
"2,65 : 756.9"
"2,66 : 614.86"
"2,67 : 711.13"
"2,68 : 243.46"
"2,69 : 836.09"
"2,70 : 358.9"
"2,71 : 1049.36"
"2,72 : 810.32"
"2,73 : 741.58"
"2,74 : 799.12"
"2,75 : 590.89"
"2,76 : 908.8"
"2,77 : 996.09"
"2,78 : 466.69"
"2,79 : 724.76"
"2,80 : 221.38"
"2,81 : 403.52"
"2,82 : 749.36"
"2,83 : 701.57"
"2,84 : 927.52"
"2,85 : 428.92"
"2,86 : 492.02"
"2,87 : 174.52"
"2,88 : 896.77"
"2,89 : 438.13"
"2,90 : 930.61"
"2,91 : 692.38"
"2,92 : 234.65"
"2,93 : 1129.82"
"2,94 : 1059.31"
"2,95 : 649.01"
"2,96 : 752.12"
"2,97 : 622.66"
"2,98 : 677.62"
"2,99 : 721.14"
"3,0 : 89.11"
"3,1 : 771.85"
"3,2 : 755.02"
"3,3 : 0.0"
"3,4 : 857.22"
"3,5 : 179.97"
"3,6 : 809.36"
"3,7 : 860.23"
"3,8 : 743.93"
"3,9 : 277.22"
"3,10 : 504.02"
"3,11 : 393.32"
"3,12 : 966.82"
"3,13 : 713.53"
"3,14 : 1099.2"
"3,15 : 891.96"
"3,16 : 608.85"
"3,17 : 920.49"
"3,18 : 664.74"
"3,19 : 735.56"
"3,20 : 827.48"
"3,21 : 815.55"
"3,22 : 194.49"
"3,23 : 736.38"
"3,24 : 490.52"
"3,25 : 963.98"
"3,26 : 682.86"
"3,27 : 795.2"
"3,28 : 445.7"
"3,29 : 944.01"
"3,30 : 1111.23"
"3,31 : 783.69"
"3,32 : 729.0"
"3,33 : 331.22"
"3,34 : 242.8"
"3,35 : 753.29"
"3,36 : 353.64"
"3,37 : 165.49"
"3,38 : 893.51"
"3,39 : 75.64"
"3,40 : 639.2"
"3,41 : 422.54"
"3,42 : 747.8"
"3,43 : 423.57"
"3,44 : 633.55"
"3,45 : 55.61"
"3,46 : 154.01"
"3,47 : 654.01"
"3,48 : 388.85"
"3,49 : 419.01"
"3,50 : 956.05"
"3,51 : 392.32"
"3,52 : 676.24"
"3,53 : 975.45"
"3,54 : 768.3"
"3,55 : 186.04"
"3,56 : 658.22"
"3,57 : 746.54"
"3,58 : 697.79"
"3,59 : 802.36"
"3,60 : 760.37"
"3,61 : 586.47"
"3,62 : 440.12"
"3,63 : 711.77"
"3,64 : 755.11"
"3,65 : 862.93"
"3,66 : 764.66"
"3,67 : 335.34"
"3,68 : 827.17"
"3,69 : 974.1"
"3,70 : 452.86"
"3,71 : 558.13"
"3,72 : 617.56"
"3,73 : 239.71"
"3,74 : 770.1"
"3,75 : 916.37"
"3,76 : 839.65"
"3,77 : 447.88"
"3,78 : 288.52"
"3,79 : 451.98"
"3,80 : 580.38"
"3,81 : 353.62"
"3,82 : 1027.14"
"3,83 : 1014.61"
"3,84 : 1008.67"
"3,85 : 854.12"
"3,86 : 490.62"
"3,87 : 868.67"
"3,88 : 650.94"
"3,89 : 322.56"
"3,90 : 474.89"
"3,91 : 874.77"
"3,92 : 658.28"
"3,93 : 779.76"
"3,94 : 704.67"
"3,95 : 648.95"
"3,96 : 4.47"
"3,97 : 577.19"
"3,98 : 515.15"
"3,99 : 126.75"
"4,0 : 942.42"
"4,1 : 998.7"
"4,2 : 333.11"
"4,3 : 857.22"
"4,4 : 0.0"
"4,5 : 890.04"
"4,6 : 904.47"
"4,7 : 665.61"
"4,8 : 461.65"
"4,9 : 677.11"
"4,10 : 366.11"
"4,11 : 683.73"
"4,12 : 526.07"
"4,13 : 280.59"
"4,14 : 571.0"
"4,15 : 132.09"
"4,16 : 370.7"
"4,17 : 321.03"
"4,18 : 959.35"
"4,19 : 800.66"
"4,20 : 114.06"
"4,21 : 209.31"
"4,22 : 749.86"
"4,23 : 1076.7"
"4,24 : 390.16"
"4,25 : 469.14"
"4,26 : 531.84"
"4,27 : 272.39"
"4,28 : 412.44"
"4,29 : 507.56"
"4,30 : 579.04"
"4,31 : 218.52"
"4,32 : 177.8"
"4,33 : 960.98"
"4,34 : 653.15"
"4,35 : 238.6"
"4,36 : 952.88"
"4,37 : 773.84"
"4,38 : 283.05"
"4,39 : 880.26"
"4,40 : 748.24"
"4,41 : 769.31"
"4,42 : 357.33"
"4,43 : 454.74"
"4,44 : 862.62"
"4,45 : 819.98"
"4,46 : 753.07"
"4,47 : 616.3"
"4,48 : 839.35"
"4,49 : 616.64"
"4,50 : 714.64"
"4,51 : 965.21"
"4,52 : 182.43"
"4,53 : 528.12"
"4,54 : 605.81"
"4,55 : 805.49"
"4,56 : 646.02"
"4,57 : 690.84"
"4,58 : 341.72"
"4,59 : 232.57"
"4,60 : 671.51"
"4,61 : 833.38"
"4,62 : 425.06"
"4,63 : 228.08"
"4,64 : 587.72"
"4,65 : 482.41"
"4,66 : 362.46"
"4,67 : 673.79"
"4,68 : 90.47"
"4,69 : 537.96"
"4,70 : 406.32"
"4,71 : 958.83"
"4,72 : 647.6"
"4,73 : 745.63"
"4,74 : 568.62"
"4,75 : 272.06"
"4,76 : 670.36"
"4,77 : 941.88"
"4,78 : 597.05"
"4,79 : 632.11"
"4,80 : 307.73"
"4,81 : 532.66"
"4,82 : 425.3"
"4,83 : 374.46"
"4,84 : 635.34"
"4,85 : 110.35"
"4,86 : 414.4"
"4,87 : 200.9"
"4,88 : 732.77"
"4,89 : 603.58"
"4,90 : 849.17"
"4,91 : 403.0"
"4,92 : 210.67"
"4,93 : 965.0"
"4,94 : 907.41"
"4,95 : 457.62"
"4,96 : 855.87"
"4,97 : 468.89"
"4,98 : 554.55"
"4,99 : 776.47"
"5,0 : 167.44"
"5,1 : 604.82"
"5,2 : 852.85"
"5,3 : 179.97"
"5,4 : 890.04"
"5,5 : 0.0"
"5,6 : 657.71"
"5,7 : 754.58"
"5,8 : 678.59"
"5,9 : 220.66"
"5,10 : 572.15"
"5,11 : 290.17"
"5,12 : 895.95"
"5,13 : 799.52"
"5,14 : 1032.26"
"5,15 : 898.42"
"5,16 : 707.95"
"5,17 : 888.62"
"5,18 : 496.23"
"5,19 : 596.82"
"5,20 : 838.01"
"5,21 : 805.79"
"5,22 : 140.17"
"5,23 : 560.01"
"5,24 : 501.0"
"5,25 : 904.39"
"5,26 : 601.92"
"5,27 : 881.56"
"5,28 : 501.1"
"5,29 : 875.17"
"5,30 : 1044.08"
"5,31 : 859.47"
"5,32 : 790.83"
"5,33 : 151.92"
"5,34 : 237.78"
"5,35 : 741.21"
"5,36 : 173.67"
"5,37 : 333.29"
"5,38 : 978.22"
"5,39 : 106.57"
"5,40 : 506.72"
"5,41 : 283.8"
"5,42 : 850.16"
"5,43 : 435.33"
"5,44 : 477.98"
"5,45 : 226.0"
"5,46 : 145.96"
"5,47 : 552.63"
"5,48 : 229.0"
"5,49 : 339.88"
"5,50 : 847.89"
"5,51 : 212.4"
"5,52 : 718.78"
"5,53 : 904.86"
"5,54 : 670.67"
"5,55 : 85.21"
"5,56 : 549.62"
"5,57 : 630.09"
"5,58 : 796.24"
"5,59 : 788.0"
"5,60 : 648.5"
"5,61 : 434.08"
"5,62 : 466.69"
"5,63 : 708.61"
"5,64 : 661.08"
"5,65 : 794.69"
"5,66 : 722.03"
"5,67 : 252.52"
"5,68 : 877.83"
"5,69 : 901.43"
"5,70 : 510.89"
"5,71 : 384.17"
"5,72 : 508.72"
"5,73 : 153.31"
"5,74 : 680.6"
"5,75 : 894.54"
"5,76 : 731.86"
"5,77 : 271.0"
"5,78 : 400.84"
"5,79 : 359.78"
"5,80 : 652.15"
"5,81 : 454.65"
"5,82 : 982.32"
"5,83 : 979.28"
"5,84 : 919.88"
"5,85 : 864.37"
"5,86 : 484.65"
"5,87 : 939.95"
"5,88 : 522.22"
"5,89 : 451.55"
"5,90 : 314.84"
"5,91 : 823.65"
"5,92 : 711.73"
"5,93 : 617.45"
"5,94 : 545.81"
"5,95 : 589.27"
"5,96 : 184.33"
"5,97 : 522.73"
"5,98 : 441.44"
"5,99 : 132.92"
"6,0 : 824.12"
"6,1 : 139.52"
"6,2 : 1091.24"
"6,3 : 809.36"
"6,4 : 904.47"
"6,5 : 657.71"
"6,6 : 0.0"
"6,7 : 295.05"
"6,8 : 447.11"
"6,9 : 566.49"
"6,10 : 827.72"
"6,11 : 439.46"
"6,12 : 524.22"
"6,13 : 1015.49"
"6,14 : 633.7"
"6,15 : 818.99"
"6,16 : 992.4"
"6,17 : 673.4"
"6,18 : 204.73"
"6,19 : 108.3"
"6,20 : 795.8"
"6,21 : 706.87"
"6,22 : 623.27"
"6,23 : 264.85"
"6,24 : 653.83"
"6,25 : 575.24"
"6,26 : 373.29"
"6,27 : 1075.26"
"6,28 : 765.43"
"6,29 : 519.91"
"6,30 : 641.72"
"6,31 : 1025.1"
"6,32 : 934.41"
"6,33 : 558.31"
"6,34 : 634.38"
"6,35 : 666.09"
"6,36 : 528.11"
"6,37 : 904.66"
"6,38 : 1142.48"
"6,39 : 752.68"
"6,40 : 196.51"
"6,41 : 387.36"
"6,42 : 1103.78"
"6,43 : 646.69"
"6,44 : 180.23"
"6,45 : 831.97"
"6,46 : 669.21"
"6,47 : 295.94"
"6,48 : 428.72"
"6,49 : 455.33"
"6,50 : 334.01"
"6,51 : 498.21"
"6,52 : 831.53"
"6,53 : 530.93"
"6,54 : 308.15"
"6,55 : 623.48"
"6,56 : 267.23"
"6,57 : 215.1"
"6,58 : 1051.89"
"6,59 : 681.18"
"6,60 : 237.84"
"6,61 : 224.02"
"6,62 : 686.63"
"6,63 : 681.38"
"6,64 : 323.0"
"6,65 : 479.0"
"6,66 : 548.52"
"6,67 : 503.72"
"6,68 : 955.93"
"6,69 : 520.24"
"6,70 : 775.47"
"6,71 : 318.23"
"6,72 : 282.06"
"6,73 : 575.61"
"6,74 : 346.72"
"6,75 : 714.55"
"6,76 : 275.76"
"6,77 : 421.43"
"6,78 : 843.59"
"6,79 : 413.46"
"6,80 : 879.83"
"6,81 : 847.5"
"6,82 : 684.35"
"6,83 : 718.69"
"6,84 : 465.32"
"6,85 : 810.86"
"6,86 : 608.15"
"6,87 : 1068.46"
"6,88 : 198.95"
"6,89 : 904.81"
"6,90 : 343.52"
"6,91 : 562.49"
"6,92 : 860.58"
"6,93 : 93.54"
"6,94 : 120.97"
"6,95 : 452.65"
"6,96 : 812.68"
"6,97 : 468.65"
"6,98 : 423.75"
"6,99 : 690.4"
"7,0 : 903.52"
"7,1 : 428.43"
"7,2 : 911.29"
"7,3 : 860.23"
"7,4 : 665.61"
"7,5 : 754.58"
"7,6 : 295.05"
"7,7 : 0.0"
"7,8 : 215.94"
"7,9 : 583.82"
"7,10 : 696.01"
"7,11 : 470.42"
"7,12 : 229.2"
"7,13 : 835.54"
"7,14 : 345.01"
"7,15 : 560.36"
"7,16 : 843.14"
"7,17 : 392.82"
"7,18 : 453.51"
"7,19 : 232.48"
"7,20 : 551.84"
"7,21 : 457.08"
"7,22 : 666.8"
"7,23 : 546.12"
"7,24 : 528.59"
"7,25 : 281.16"
"7,26 : 202.23"
"7,27 : 880.08"
"7,28 : 653.49"
"7,29 : 225.3"
"7,30 : 354.17"
"7,31 : 824.97"
"7,32 : 737.46"
"7,33 : 708.45"
"7,34 : 632.89"
"7,35 : 433.42"
"7,36 : 682.25"
"7,37 : 904.98"
"7,38 : 930.57"
"7,39 : 824.7"
"7,40 : 271.62"
"7,41 : 476.8"
"7,42 : 928.44"
"7,43 : 552.46"
"7,44 : 373.88"
"7,45 : 864.11"
"7,46 : 706.34"
"7,47 : 206.23"
"7,48 : 551.19"
"7,49 : 442.46"
"7,50 : 96.04"
"7,51 : 665.37"
"7,52 : 639.29"
"7,53 : 236.03"
"7,54 : 97.42"
"7,55 : 691.53"
"7,56 : 205.08"
"7,57 : 132.38"
"7,58 : 883.12"
"7,59 : 433.12"
"7,60 : 108.45"
"7,61 : 384.63"
"7,62 : 580.27"
"7,63 : 464.78"
"7,64 : 115.73"
"7,65 : 195.58"
"7,66 : 305.45"
"7,67 : 525.02"
"7,68 : 732.54"
"7,69 : 225.53"
"7,70 : 660.82"
"7,71 : 531.33"
"7,72 : 246.14"
"7,73 : 624.87"
"7,74 : 116.02"
"7,75 : 438.79"
"7,76 : 24.7"
"7,77 : 597.66"
"7,78 : 791.61"
"7,79 : 408.27"
"7,80 : 725.42"
"7,81 : 771.91"
"7,82 : 390.15"
"7,83 : 427.11"
"7,84 : 185.54"
"7,85 : 561.18"
"7,86 : 488.58"
"7,87 : 850.75"
"7,88 : 250.45"
"7,89 : 845.25"
"7,90 : 489.41"
"7,91 : 282.53"
"7,92 : 677.44"
"7,93 : 383.44"
"7,94 : 367.09"
"7,95 : 278.09"
"7,96 : 862.33"
"7,97 : 334.89"
"7,98 : 355.22"
"7,99 : 733.53"
"8,0 : 803.62"
"8,1 : 554.56"
"8,2 : 695.38"
"8,3 : 743.93"
"8,4 : 461.65"
"8,5 : 678.59"
"8,6 : 447.11"
"8,7 : 215.94"
"8,8 : 0.0"
"8,9 : 472.67"
"8,10 : 490.98"
"8,11 : 392.23"
"8,12 : 222.93"
"8,13 : 619.69"
"8,14 : 356.22"
"8,15 : 372.05"
"8,16 : 630.97"
"8,17 : 248.57"
"8,18 : 537.9"
"8,19 : 348.35"
"8,20 : 350.4"
"8,21 : 259.86"
"8,22 : 562.65"
"8,23 : 650.12"
"8,24 : 334.01"
"8,25 : 225.84"
"8,26 : 94.43"
"8,27 : 664.61"
"8,28 : 457.68"
"8,29 : 200.12"
"8,30 : 368.21"
"8,31 : 609.84"
"8,32 : 521.81"
"8,33 : 677.01"
"8,34 : 502.21"
"8,35 : 223.9"
"8,36 : 656.89"
"8,37 : 754.7"
"8,38 : 717.78"
"8,39 : 725.16"
"8,40 : 319.45"
"8,41 : 440.09"
"8,42 : 712.66"
"8,43 : 372.53"
"8,44 : 441.65"
"8,45 : 735.44"
"8,46 : 593.46"
"8,47 : 183.64"
"8,48 : 521.88"
"8,49 : 338.88"
"8,50 : 290.11"
"8,51 : 652.17"
"8,52 : 423.36"
"8,53 : 231.54"
"8,54 : 144.2"
"8,55 : 601.62"
"8,56 : 210.05"
"8,57 : 232.01"
"8,58 : 667.87"
"8,59 : 234.23"
"8,60 : 210.72"
"8,61 : 427.18"
"8,62 : 391.39"
"8,63 : 250.19"
"8,64 : 126.15"
"8,65 : 119.0"
"8,66 : 101.41"
"8,67 : 427.07"
"8,68 : 522.04"
"8,69 : 230.52"
"8,70 : 463.52"
"8,71 : 573.81"
"8,72 : 229.97"
"8,73 : 530.13"
"8,74 : 107.7"
"8,75 : 279.55"
"8,76 : 214.85"
"8,77 : 600.76"
"8,78 : 618.05"
"8,79 : 321.46"
"8,80 : 513.47"
"8,81 : 587.44"
"8,82 : 311.85"
"8,83 : 322.26"
"8,84 : 280.88"
"8,85 : 364.22"
"8,86 : 300.7"
"8,87 : 639.11"
"8,88 : 299.49"
"8,89 : 665.47"
"8,90 : 490.49"
"8,91 : 153.18"
"8,92 : 461.74"
"8,93 : 516.25"
"8,94 : 469.71"
"8,95 : 95.52"
"8,96 : 745.09"
"8,97 : 167.66"
"8,98 : 237.19"
"8,99 : 622.04"
"9,0 : 331.01"
"9,1 : 561.62"
"9,2 : 684.24"
"9,3 : 277.22"
"9,4 : 677.11"
"9,5 : 220.66"
"9,6 : 566.49"
"9,7 : 583.82"
"9,8 : 472.67"
"9,9 : 0.0"
"9,10 : 390.85"
"9,11 : 127.74"
"9,12 : 694.55"
"9,13 : 621.71"
"9,14 : 828.88"
"9,15 : 678.77"
"9,16 : 547.11"
"9,17 : 670.53"
"9,18 : 465.65"
"9,19 : 479.11"
"9,20 : 619.26"
"9,21 : 585.14"
"9,22 : 90.21"
"9,23 : 564.62"
"9,24 : 287.09"
"9,25 : 696.5"
"9,26 : 406.59"
"9,27 : 701.42"
"9,28 : 315.25"
"9,29 : 672.41"
"9,30 : 840.87"
"9,31 : 671.35"
"9,32 : 594.62"
"9,33 : 289.56"
"9,34 : 71.57"
"9,35 : 520.56"
"9,36 : 287.56"
"9,37 : 339.35"
"9,38 : 794.31"
"9,39 : 252.49"
"9,40 : 380.09"
"9,41 : 194.03"
"9,42 : 686.23"
"9,43 : 225.33"
"9,44 : 405.98"
"9,45 : 281.36"
"9,46 : 123.33"
"9,47 : 377.81"
"9,48 : 213.6"
"9,49 : 141.82"
"9,50 : 679.79"
"9,51 : 309.55"
"9,52 : 513.01"
"9,53 : 703.31"
"9,54 : 491.2"
"9,55 : 136.31"
"9,56 : 383.89"
"9,57 : 474.09"
"9,58 : 630.4"
"9,59 : 567.41"
"9,60 : 486.04"
"9,61 : 356.92"
"9,62 : 262.89"
"9,63 : 488.46"
"9,64 : 477.9"
"9,65 : 591.2"
"9,66 : 506.08"
"9,67 : 63.56"
"9,68 : 673.08"
"9,69 : 701.22"
"9,70 : 326.27"
"9,71 : 390.66"
"9,72 : 343.91"
"9,73 : 69.0"
"9,74 : 493.04"
"9,75 : 674.72"
"9,76 : 563.72"
"9,77 : 316.25"
"9,78 : 296.02"
"9,79 : 176.39"
"9,80 : 468.74"
"9,81 : 322.89"
"9,82 : 768.32"
"9,83 : 762.32"
"9,84 : 732.07"
"9,85 : 645.45"
"9,86 : 266.0"
"9,87 : 746.71"
"9,88 : 388.1"
"9,89 : 358.15"
"9,90 : 276.54"
"9,91 : 611.43"
"9,92 : 512.45"
"9,93 : 557.43"
"9,94 : 478.85"
"9,95 : 379.44"
"9,96 : 279.09"
"9,97 : 309.59"
"9,98 : 239.15"
"9,99 : 151.38"
"10,0 : 592.08"
"10,1 : 875.23"
"10,2 : 294.39"
"10,3 : 504.02"
"10,4 : 366.11"
"10,5 : 572.15"
"10,6 : 827.72"
"10,7 : 696.01"
"10,8 : 490.98"
"10,9 : 390.85"
"10,10 : 0.0"
"10,11 : 456.54"
"10,12 : 675.16"
"10,13 : 231.08"
"10,14 : 777.74"
"10,15 : 434.4"
"10,16 : 167.59"
"10,17 : 536.95"
"10,18 : 801.38"
"10,19 : 720.73"
"10,20 : 369.51"
"10,21 : 399.51"
"10,22 : 437.87"
"10,23 : 914.2"
"10,24 : 174.89"
"10,25 : 642.23"
"10,26 : 498.61"
"10,27 : 311.72"
"10,28 : 75.8"
"10,29 : 650.8"
"10,30 : 788.89"
"10,31 : 287.36"
"10,32 : 225.06"
"10,33 : 676.73"
"10,34 : 340.98"
"10,35 : 355.69"
"10,36 : 677.49"
"10,37 : 407.98"
"10,38 : 406.86"
"10,39 : 538.93"
"10,40 : 634.74"
"10,41 : 548.94"
"10,42 : 298.48"
"10,43 : 189.83"
"10,44 : 717.21"
"10,45 : 461.57"
"10,46 : 426.64"
"10,47 : 543.57"
"10,48 : 595.63"
"10,49 : 403.6"
"10,50 : 779.36"
"10,51 : 700.4"
"10,52 : 185.17"
"10,53 : 681.56"
"10,54 : 603.9"
"10,55 : 493.81"
"10,56 : 568.34"
"10,57 : 649.75"
"10,58 : 242.56"
"10,59 : 399.15"
"10,60 : 644.05"
"10,61 : 674.03"
"10,62 : 146.17"
"10,63 : 303.73"
"10,64 : 583.72"
"10,65 : 584.75"
"10,66 : 441.87"
"10,67 : 416.84"
"10,68 : 324.47"
"10,69 : 686.21"
"10,70 : 64.64"
"10,71 : 757.08"
"10,72 : 546.44"
"10,73 : 450.47"
"10,74 : 580.0"
"10,75 : 510.84"
"10,76 : 687.53"
"10,77 : 701.7"
"10,78 : 231.32"
"10,79 : 438.49"
"10,80 : 80.01"
"10,81 : 166.57"
"10,82 : 659.31"
"10,83 : 626.4"
"10,84 : 761.61"
"10,85 : 393.8"
"10,86 : 220.2"
"10,87 : 369.09"
"10,88 : 629.16"
"10,89 : 240.1"
"10,90 : 638.16"
"10,91 : 547.25"
"10,92 : 157.41"
"10,93 : 855.52"
"10,94 : 781.66"
"10,95 : 418.14"
"10,96 : 502.06"
"10,97 : 371.05"
"10,98 : 404.47"
"10,99 : 444.62"
"11,0 : 433.11"
"11,1 : 443.27"
"11,2 : 748.9"
"11,3 : 393.32"
"11,4 : 683.73"
"11,5 : 290.17"
"11,6 : 439.46"
"11,7 : 470.42"
"11,8 : 392.23"
"11,9 : 127.74"
"11,10 : 456.54"
"11,11 : 0.0"
"11,12 : 606.53"
"11,13 : 680.06"
"11,14 : 743.13"
"11,15 : 660.5"
"11,16 : 622.13"
"11,17 : 616.71"
"11,18 : 354.38"
"11,19 : 351.45"
"11,20 : 607.67"
"11,21 : 555.48"
"11,22 : 198.83"
"11,23 : 461.86"
"11,24 : 312.08"
"11,25 : 617.74"
"11,26 : 312.13"
"11,27 : 755.26"
"11,28 : 382.46"
"11,29 : 586.2"
"11,30 : 754.89"
"11,31 : 717.6"
"11,32 : 633.29"
"11,33 : 292.98"
"11,34 : 195.01"
"11,35 : 492.04"
"11,36 : 278.02"
"11,37 : 467.08"
"11,38 : 842.21"
"11,39 : 354.28"
"11,40 : 252.52"
"11,41 : 92.76"
"11,42 : 754.6"
"11,43 : 268.88"
"11,44 : 284.61"
"11,45 : 404.63"
"11,46 : 241.59"
"11,47 : 265.24"
"11,48 : 155.65"
"11,49 : 67.47"
"11,50 : 565.51"
"11,51 : 284.12"
"11,52 : 540.07"
"11,53 : 615.46"
"11,54 : 382.6"
"11,55 : 221.38"
"11,56 : 266.2"
"11,57 : 353.31"
"11,58 : 698.83"
"11,59 : 534.06"
"11,60 : 367.93"
"11,61 : 236.23"
"11,62 : 312.62"
"11,63 : 471.33"
"11,64 : 371.96"
"11,65 : 506.26"
"11,66 : 447.15"
"11,67 : 64.38"
"11,68 : 696.5"
"11,69 : 611.74"
"11,70 : 393.73"
"11,71 : 300.59"
"11,72 : 225.2"
"11,73 : 154.84"
"11,74 : 390.75"
"11,75 : 630.06"
"11,76 : 448.84"
"11,77 : 259.22"
"11,78 : 411.1"
"11,79 : 70.77"
"11,80 : 527.73"
"11,81 : 426.4"
"11,82 : 701.1"
"11,83 : 703.39"
"11,84 : 630.45"
"11,85 : 632.28"
"11,86 : 275.5"
"11,87 : 784.97"
"11,88 : 261.23"
"11,89 : 473.34"
"11,90 : 181.73"
"11,91 : 541.38"
"11,92 : 550.02"
"11,93 : 435.17"
"11,94 : 356.61"
"11,95 : 307.85"
"11,96 : 395.8"
"11,97 : 248.7"
"11,98 : 158.38"
"11,99 : 267.06"
"12,0 : 1025.54"
"12,1 : 657.0"
"12,2 : 824.07"
"12,3 : 966.82"
"12,4 : 526.07"
"12,5 : 895.95"
"12,6 : 524.22"
"12,7 : 229.2"
"12,8 : 222.93"
"12,9 : 694.55"
"12,10 : 675.16"
"12,11 : 606.53"
"12,12 : 0.0"
"12,13 : 753.19"
"12,14 : 136.85"
"12,15 : 400.68"
"12,16 : 791.58"
"12,17 : 209.31"
"12,18 : 674.3"
"12,19 : 455.94"
"12,20 : 416.27"
"12,21 : 326.29"
"12,22 : 784.22"
"12,23 : 772.5"
"12,24 : 538.58"
"12,25 : 62.8"
"12,26 : 294.5"
"12,27 : 778.47"
"12,28 : 656.26"
"12,29 : 24.6"
"12,30 : 148.49"
"12,31 : 721.34"
"12,32 : 644.04"
"12,33 : 880.57"
"12,34 : 725.12"
"12,35 : 335.83"
"12,36 : 857.8"
"12,37 : 974.21"
"12,38 : 807.8"
"12,39 : 946.83"
"12,40 : 472.33"
"12,41 : 641.58"
"12,42 : 845.0"
"12,43 : 586.06"
"12,44 : 587.49"
"12,45 : 958.13"
"12,46 : 815.98"
"12,47 : 360.21"
"12,48 : 722.27"
"12,49 : 558.08"
"12,50 : 221.14"
"12,51 : 847.85"
"12,52 : 561.32"
"12,53 : 8.94"
"12,54 : 253.57"
"12,55 : 821.27"
"12,56 : 375.93"
"12,57 : 341.0"
"12,58 : 809.2"
"12,59 : 310.1"
"12,60 : 313.01"
"12,61 : 588.54"
"12,62 : 598.6"
"12,63 : 383.88"
"12,64 : 253.27"
"12,65 : 103.97"
"12,66 : 233.79"
"12,67 : 646.56"
"12,68 : 607.96"
"12,69 : 12.04"
"12,70 : 660.19"
"12,71 : 738.91"
"12,72 : 410.25"
"12,73 : 750.09"
"12,74 : 227.77"
"12,75 : 260.39"
"12,76 : 249.66"
"12,77 : 788.02"
"12,78 : 830.19"
"12,79 : 536.28"
"12,80 : 679.01"
"12,81 : 793.18"
"12,82 : 165.16"
"12,83 : 209.78"
"12,84 : 110.31"
"12,85 : 415.72"
"12,86 : 512.0"
"12,87 : 725.44"
"12,88 : 450.13"
"12,89 : 873.28"
"12,90 : 676.49"
"12,91 : 132.54"
"12,92 : 605.5"
"12,93 : 612.32"
"12,94 : 591.03"
"12,95 : 318.25"
"12,96 : 967.99"
"12,97 : 390.35"
"12,98 : 456.74"
"12,99 : 844.54"
"13,0 : 802.64"
"13,1 : 1079.48"
"13,2 : 76.32"
"13,3 : 713.53"
"13,4 : 280.59"
"13,5 : 799.52"
"13,6 : 1015.49"
"13,7 : 835.54"
"13,8 : 619.69"
"13,9 : 621.71"
"13,10 : 231.08"
"13,11 : 680.06"
"13,12 : 753.19"
"13,13 : 0.0"
"13,14 : 824.97"
"13,15 : 401.85"
"13,16 : 115.45"
"13,17 : 568.51"
"13,18 : 1014.48"
"13,19 : 907.19"
"13,20 : 354.36"
"13,21 : 430.46"
"13,22 : 667.63"
"13,23 : 1129.83"
"13,24 : 374.97"
"13,25 : 705.15"
"13,26 : 656.81"
"13,27 : 82.28"
"13,28 : 306.47"
"13,29 : 731.02"
"13,30 : 834.41"
"13,31 : 82.35"
"13,32 : 111.61"
"13,33 : 907.71"
"13,34 : 571.54"
"13,35 : 419.39"
"13,36 : 908.56"
"13,37 : 590.07"
"13,38 : 180.27"
"13,39 : 757.45"
"13,40 : 830.73"
"13,41 : 772.82"
"13,42 : 93.21"
"13,43 : 411.3"
"13,44 : 925.39"
"13,45 : 665.35"
"13,46 : 653.56"
"13,47 : 720.92"
"13,48 : 824.0"
"13,49 : 622.27"
"13,50 : 905.37"
"13,51 : 931.21"
"13,52 : 196.96"
"13,53 : 757.41"
"13,54 : 754.22"
"13,55 : 723.14"
"13,56 : 748.78"
"13,57 : 818.83"
"13,58 : 61.27"
"13,59 : 443.7"
"13,60 : 807.23"
"13,61 : 885.38"
"13,62 : 367.85"
"13,63 : 376.58"
"13,64 : 733.97"
"13,65 : 683.47"
"13,66 : 540.55"
"13,67 : 645.0"
"13,68 : 195.85"
"13,69 : 765.17"
"13,70 : 295.49"
"13,71 : 979.96"
"13,72 : 734.88"
"13,73 : 681.49"
"13,74 : 723.08"
"13,75 : 526.4"
"13,76 : 832.82"
"13,77 : 930.4"
"13,78 : 425.83"
"13,79 : 653.13"
"13,80 : 153.45"
"13,81 : 359.92"
"13,82 : 685.46"
"13,83 : 639.41"
"13,84 : 855.37"
"13,85 : 367.46"
"13,86 : 418.71"
"13,87 : 166.39"
"13,88 : 821.52"
"13,89 : 406.15"
"13,90 : 861.49"
"13,91 : 621.02"
"13,92 : 158.45"
"13,93 : 1055.05"
"13,94 : 985.08"
"13,95 : 572.68"
"13,96 : 710.95"
"13,97 : 546.85"
"13,98 : 603.46"
"13,99 : 669.46"
"14,0 : 1159.83"
"14,1 : 770.75"
"14,2 : 891.07"
"14,3 : 1099.2"
"14,4 : 571.0"
"14,5 : 1032.26"
"14,6 : 633.7"
"14,7 : 345.01"
"14,8 : 356.22"
"14,9 : 828.88"
"14,10 : 777.74"
"14,11 : 743.13"
"14,12 : 136.85"
"14,13 : 824.97"
"14,14 : 0.0"
"14,15 : 439.06"
"14,16 : 877.94"
"14,17 : 256.46"
"14,18 : 798.0"
"14,19 : 577.28"
"14,20 : 472.76"
"14,21 : 396.31"
"14,22 : 918.82"
"14,23 : 890.58"
"14,24 : 655.66"
"14,25 : 139.01"
"14,26 : 431.24"
"14,27 : 838.22"
"14,28 : 767.67"
"14,29 : 157.1"
"14,30 : 12.04"
"14,31 : 781.71"
"14,32 : 713.49"
"14,33 : 1017.09"
"14,34 : 856.77"
"14,35 : 424.5"
"14,36 : 994.09"
"14,37 : 1099.36"
"14,38 : 852.76"
"14,39 : 1081.36"
"14,40 : 603.26"
"14,41 : 778.15"
"14,42 : 913.59"
"14,43 : 708.05"
"14,44 : 714.95"
"14,45 : 1088.47"
"14,46 : 949.51"
"14,47 : 496.04"
"14,48 : 858.66"
"14,49 : 693.73"
"14,50 : 305.39"
"14,51 : 983.51"
"14,52 : 642.99"
"14,53 : 127.91"
"14,54 : 386.12"
"14,55 : 956.92"
"14,56 : 510.53"
"14,57 : 467.99"
"14,58 : 883.92"
"14,59 : 387.46"
"14,60 : 440.39"
"14,61 : 719.4"
"14,62 : 716.25"
"14,63 : 476.0"
"14,64 : 387.76"
"14,65 : 237.97"
"14,66 : 347.6"
"14,67 : 782.18"
"14,68 : 659.27"
"14,69 : 132.97"
"14,70 : 770.38"
"14,71 : 869.18"
"14,72 : 545.88"
"14,73 : 885.59"
"14,74 : 363.06"
"14,75 : 300.81"
"14,76 : 368.2"
"14,77 : 922.52"
"14,78 : 949.03"
"14,79 : 672.76"
"14,80 : 770.97"
"14,81 : 907.53"
"14,82 : 147.11"
"14,83 : 201.07"
"14,84 : 170.26"
"14,85 : 464.67"
"14,86 : 633.53"
"14,87 : 771.29"
"14,88 : 581.09"
"14,89 : 988.48"
"14,90 : 811.18"
"14,91 : 234.71"
"14,92 : 688.18"
"14,93 : 725.1"
"14,94 : 712.08"
"14,95 : 450.41"
"14,96 : 1100.23"
"14,97 : 522.01"
"14,98 : 592.16"
"14,99 : 978.1"
"15,0 : 972.68"
"15,1 : 924.47"
"15,2 : 460.64"
"15,3 : 891.96"
"15,4 : 132.09"
"15,5 : 898.42"
"15,6 : 818.99"
"15,7 : 560.36"
"15,8 : 372.05"
"15,9 : 678.77"
"15,10 : 434.4"
"15,11 : 660.5"
"15,12 : 400.68"
"15,13 : 401.85"
"15,14 : 439.06"
"15,15 : 0.0"
"15,16 : 478.21"
"15,17 : 192.35"
"15,18 : 897.56"
"15,19 : 719.93"
"15,20 : 65.76"
"15,21 : 114.53"
"15,22 : 760.09"
"15,23 : 1013.14"
"15,24 : 403.4"
"15,25 : 341.62"
"15,26 : 454.66"
"15,27 : 402.78"
"15,28 : 462.07"
"15,29 : 383.84"
"15,30 : 447.0"
"15,31 : 347.54"
"15,32 : 292.15"
"15,33 : 949.48"
"15,34 : 668.5"
"15,35 : 171.03"
"15,36 : 937.42"
"15,37 : 830.58"
"15,38 : 414.02"
"15,39 : 904.28"
"15,40 : 680.54"
"15,41 : 738.2"
"15,42 : 484.33"
"15,43 : 471.08"
"15,44 : 800.07"
"15,45 : 861.2"
"15,46 : 771.19"
"15,47 : 544.14"
"15,48 : 814.19"
"15,49 : 593.35"
"15,50 : 599.61"
"15,51 : 944.53"
"15,52 : 255.27"
"15,53 : 401.96"
"15,54 : 512.65"
"15,55 : 813.25"
"15,56 : 573.19"
"15,57 : 603.92"
"15,58 : 462.94"
"15,59 : 140.16"
"15,60 : 581.7"
"15,61 : 776.81"
"15,62 : 451.91"
"15,63 : 191.0"
"15,64 : 496.45"
"15,65 : 369.15"
"15,66 : 270.8"
"15,67 : 663.13"
"15,68 : 221.53"
"15,69 : 412.36"
"15,70 : 458.84"
"15,71 : 912.65"
"15,72 : 582.28"
"15,73 : 747.61"
"15,74 : 474.24"
"15,75 : 141.99"
"15,76 : 568.29"
"15,77 : 911.36"
"15,78 : 656.14"
"15,79 : 600.25"
"15,80 : 393.97"
"15,81 : 596.7"
"15,82 : 293.21"
"15,83 : 242.62"
"15,84 : 510.83"
"15,85 : 40.61"
"15,86 : 413.91"
"15,87 : 332.3"
"15,88 : 662.73"
"15,89 : 673.82"
"15,90 : 810.61"
"15,91 : 284.91"
"15,92 : 296.23"
"15,93 : 887.4"
"15,94 : 836.75"
"15,95 : 392.23"
"15,96 : 891.25"
"15,97 : 422.51"
"15,98 : 514.78"
"15,99 : 797.02"
"16,0 : 697.76"
"16,1 : 1042.64"
"16,2 : 146.45"
"16,3 : 608.85"
"16,4 : 370.7"
"16,5 : 707.95"
"16,6 : 992.4"
"16,7 : 843.14"
"16,8 : 630.97"
"16,9 : 547.11"
"16,10 : 167.59"
"16,11 : 622.13"
"16,12 : 791.58"
"16,13 : 115.45"
"16,14 : 877.94"
"16,15 : 478.21"
"16,16 : 0.0"
"16,17 : 624.37"
"16,18 : 968.83"
"16,19 : 884.85"
"16,20 : 421.95"
"16,21 : 482.6"
"16,22 : 581.95"
"16,23 : 1081.28"
"16,24 : 338.64"
"16,25 : 749.83"
"16,26 : 651.89"
"16,27 : 191.07"
"16,28 : 239.73"
"16,29 : 768.12"
"16,30 : 888.21"
"16,31 : 197.01"
"16,32 : 193.04"
"16,33 : 825.68"
"16,34 : 489.75"
"16,35 : 456.78"
"16,36 : 829.43"
"16,37 : 478.38"
"16,38 : 288.21"
"16,39 : 657.44"
"16,40 : 800.77"
"16,41 : 714.03"
"16,42 : 142.21"
"16,43 : 357.23"
"16,44 : 884.77"
"16,45 : 558.76"
"16,46 : 562.67"
"16,47 : 704.3"
"16,48 : 756.76"
"16,49 : 570.78"
"16,50 : 921.0"
"16,51 : 855.06"
"16,52 : 235.3"
"16,53 : 796.87"
"16,54 : 754.92"
"16,55 : 635.82"
"16,56 : 730.19"
"16,57 : 808.3"
"16,58 : 89.19"
"16,59 : 490.52"
"16,60 : 800.44"
"16,61 : 841.6"
"16,62 : 313.7"
"16,63 : 407.71"
"16,64 : 734.54"
"16,65 : 711.05"
"16,66 : 565.56"
"16,67 : 579.17"
"16,68 : 295.66"
"16,69 : 803.26"
"16,70 : 228.48"
"16,71 : 922.19"
"16,72 : 710.47"
"16,73 : 601.48"
"16,74 : 727.71"
"16,75 : 587.86"
"16,76 : 837.08"
"16,77 : 861.98"
"16,78 : 320.39"
"16,79 : 606.03"
"16,80 : 117.72"
"16,81 : 257.09"
"16,82 : 745.6"
"16,83 : 704.14"
"16,84 : 887.28"
"16,85 : 440.07"
"16,86 : 384.33"
"16,87 : 281.83"
"16,88 : 794.42"
"16,89 : 294.49"
"16,90 : 803.3"
"16,91 : 659.46"
"16,92 : 190.1"
"16,93 : 1022.43"
"16,94 : 948.95"
"16,95 : 568.86"
"16,96 : 606.0"
"16,97 : 529.68"
"16,98 : 570.36"
"16,99 : 575.79"
"17,0 : 991.96"
"17,1 : 792.59"
"17,2 : 634.87"
"17,3 : 920.49"
"17,4 : 321.03"
"17,5 : 888.62"
"17,6 : 673.4"
"17,7 : 392.82"
"17,8 : 248.57"
"17,9 : 670.53"
"17,10 : 536.95"
"17,11 : 616.71"
"17,12 : 209.31"
"17,13 : 568.51"
"17,14 : 256.46"
"17,15 : 192.35"
"17,16 : 624.37"
"17,17 : 0.0"
"17,18 : 784.47"
"17,19 : 584.34"
"17,20 : 217.19"
"17,21 : 141.87"
"17,22 : 759.31"
"17,23 : 894.61"
"17,24 : 441.66"
"17,25 : 149.33"
"17,26 : 342.81"
"17,27 : 583.31"
"17,28 : 538.89"
"17,29 : 194.18"
"17,30 : 265.94"
"17,31 : 526.5"
"17,32 : 457.03"
"17,33 : 908.78"
"17,34 : 680.66"
"17,35 : 182.58"
"17,36 : 891.33"
"17,37 : 892.81"
"17,38 : 604.06"
"17,39 : 916.91"
"17,40 : 566.81"
"17,41 : 677.63"
"17,42 : 657.26"
"17,43 : 503.35"
"17,44 : 689.05"
"17,45 : 900.19"
"17,46 : 781.19"
"17,47 : 432.05"
"17,48 : 758.7"
"17,49 : 554.81"
"17,50 : 417.41"
"17,51 : 890.52"
"17,52 : 389.08"
"17,53 : 210.09"
"17,54 : 367.25"
"17,55 : 806.2"
"17,56 : 457.74"
"17,57 : 463.62"
"17,58 : 627.57"
"17,59 : 137.91"
"17,60 : 437.85"
"17,61 : 675.74"
"17,62 : 500.79"
"17,63 : 234.01"
"17,64 : 355.46"
"17,65 : 197.43"
"17,66 : 169.71"
"17,67 : 637.91"
"17,68 : 406.65"
"17,69 : 220.79"
"17,70 : 539.62"
"17,71 : 822.12"
"17,72 : 478.45"
"17,73 : 735.55"
"17,74 : 329.48"
"17,75 : 51.08"
"17,76 : 405.41"
"17,77 : 844.01"
"17,78 : 729.77"
"17,79 : 548.02"
"17,80 : 521.12"
"17,81 : 680.56"
"17,82 : 122.67"
"17,83 : 94.63"
"17,84 : 319.62"
"17,85 : 211.68"
"17,86 : 431.59"
"17,87 : 521.82"
"17,88 : 546.25"
"17,89 : 761.61"
"17,90 : 735.27"
"17,91 : 111.22"
"17,92 : 434.28"
"17,93 : 751.53"
"17,94 : 712.37"
"17,95 : 311.26"
"17,96 : 920.72"
"17,97 : 368.78"
"17,98 : 458.69"
"17,99 : 809.23"
"18,0 : 663.1"
"18,1 : 108.93"
"18,2 : 1087.0"
"18,3 : 664.74"
"18,4 : 959.35"
"18,5 : 496.23"
"18,6 : 204.73"
"18,7 : 453.51"
"18,8 : 537.9"
"18,9 : 465.65"
"18,10 : 801.38"
"18,11 : 354.38"
"18,12 : 674.3"
"18,13 : 1014.48"
"18,14 : 798.0"
"18,15 : 897.56"
"18,16 : 968.83"
"18,17 : 784.47"
"18,18 : 0.0"
"18,19 : 221.1"
"18,20 : 861.06"
"18,21 : 783.09"
"18,22 : 497.52"
"18,23 : 117.61"
"18,24 : 639.55"
"18,25 : 715.43"
"18,26 : 446.43"
"18,27 : 1084.12"
"18,28 : 730.08"
"18,29 : 664.33"
"18,30 : 807.43"
"18,31 : 1040.17"
"18,32 : 951.13"
"18,33 : 374.77"
"18,34 : 537.22"
"18,35 : 730.5"
"18,36 : 344.47"
"18,37 : 784.86"
"18,38 : 1163.29"
"18,39 : 599.23"
"18,40 : 218.63"
"18,41 : 271.74"
"18,42 : 1095.36"
"18,43 : 611.6"
"18,44 : 97.49"
"18,45 : 697.01"
"18,46 : 542.95"
"18,47 : 355.61"
"18,48 : 277.0"
"18,49 : 398.36"
"18,50 : 515.91"
"18,51 : 309.98"
"18,52 : 850.51"
"18,53 : 682.19"
"18,54 : 426.69"
"18,55 : 482.03"
"18,56 : 328.0"
"18,57 : 333.66"
"18,58 : 1040.42"
"18,59 : 757.64"
"18,60 : 361.67"
"18,61 : 129.42"
"18,62 : 655.23"
"18,63 : 731.42"
"18,64 : 433.71"
"18,65 : 606.02"
"18,66 : 633.04"
"18,67 : 410.95"
"18,68 : 994.21"
"18,69 : 673.05"
"18,70 : 741.14"
"18,71 : 120.93"
"18,72 : 315.29"
"18,73 : 451.74"
"18,74 : 460.82"
"18,75 : 817.45"
"18,76 : 429.91"
"18,77 : 234.54"
"18,78 : 760.88"
"18,79 : 363.05"
"18,80 : 866.53"
"18,81 : 780.39"
"18,82 : 821.86"
"18,83 : 846.87"
"18,84 : 637.3"
"18,85 : 880.77"
"18,86 : 595.95"
"18,87 : 1097.03"
"18,88 : 238.45"
"18,89 : 823.2"
"18,90 : 194.03"
"18,91 : 679.23"
"18,92 : 870.5"
"18,93 : 130.67"
"18,94 : 89.81"
"18,95 : 506.07"
"18,96 : 668.58"
"18,97 : 491.81"
"18,98 : 415.25"
"18,99 : 558.47"
"19,0 : 759.59"
"19,1 : 208.25"
"19,2 : 982.95"
"19,3 : 735.56"
"19,4 : 800.66"
"19,5 : 596.82"
"19,6 : 108.3"
"19,7 : 232.48"
"19,8 : 348.35"
"19,9 : 479.11"
"19,10 : 720.73"
"19,11 : 351.45"
"19,12 : 455.94"
"19,13 : 907.19"
"19,14 : 577.28"
"19,15 : 719.93"
"19,16 : 884.85"
"19,17 : 584.34"
"19,18 : 221.1"
"19,19 : 0.0"
"19,20 : 693.53"
"19,21 : 606.61"
"19,22 : 544.23"
"19,23 : 316.97"
"19,24 : 546.47"
"19,25 : 500.53"
"19,26 : 268.83"
"19,27 : 967.15"
"19,28 : 659.64"
"19,29 : 447.6"
"19,30 : 586.58"
"19,31 : 917.2"
"19,32 : 826.51"
"19,33 : 517.61"
"19,34 : 544.06"
"19,35 : 562.97"
"19,36 : 488.65"
"19,37 : 818.43"
"19,38 : 1035.05"
"19,39 : 684.73"
"19,40 : 99.14"
"19,41 : 315.29"
"19,42 : 995.53"
"19,43 : 541.62"
"19,44 : 148.48"
"19,45 : 753.08"
"19,46 : 589.27"
"19,47 : 188.22"
"19,48 : 371.81"
"19,49 : 358.05"
"19,50 : 298.22"
"19,51 : 464.56"
"19,52 : 723.61"
"19,53 : 463.56"
"19,54 : 217.47"
"19,55 : 551.94"
"19,56 : 159.2"
"19,57 : 120.9"
"19,58 : 943.72"
"19,59 : 580.82"
"19,60 : 147.71"
"19,61 : 173.57"
"19,62 : 580.79"
"19,63 : 575.93"
"19,64 : 229.03"
"19,65 : 395.77"
"19,66 : 449.19"
"19,67 : 415.58"
"19,68 : 849.85"
"19,69 : 453.99"
"19,70 : 669.5"
"19,71 : 307.46"
"19,72 : 174.39"
"19,73 : 497.14"
"19,74 : 254.87"
"19,75 : 622.53"
"19,76 : 209.09"
"19,77 : 390.64"
"19,78 : 746.13"
"19,79 : 316.08"
"19,80 : 771.87"
"19,81 : 746.41"
"19,82 : 608.61"
"19,83 : 637.92"
"19,84 : 416.35"
"19,85 : 709.66"
"19,86 : 500.83"
"19,87 : 961.57"
"19,88 : 95.26"
"19,89 : 806.6"
"19,90 : 293.64"
"19,91 : 475.02"
"19,92 : 752.37"
"19,93 : 168.08"
"19,94 : 135.18"
"19,95 : 346.11"
"19,96 : 738.56"
"19,97 : 360.35"
"19,98 : 317.76"
"19,99 : 612.54"
"20,0 : 908.78"
"20,1 : 894.6"
"20,2 : 418.47"
"20,3 : 827.48"
"20,4 : 114.06"
"20,5 : 838.01"
"20,6 : 795.8"
"20,7 : 551.84"
"20,8 : 350.4"
"20,9 : 619.26"
"20,10 : 369.51"
"20,11 : 607.67"
"20,12 : 416.27"
"20,13 : 354.36"
"20,14 : 472.76"
"20,15 : 65.76"
"20,16 : 421.95"
"20,17 : 217.19"
"20,18 : 861.06"
"20,19 : 693.53"
"20,20 : 0.0"
"20,21 : 95.26"
"20,22 : 699.03"
"20,23 : 977.71"
"20,24 : 340.33"
"20,25 : 361.6"
"20,26 : 425.12"
"20,27 : 366.14"
"20,28 : 396.3"
"20,29 : 396.78"
"20,30 : 481.75"
"20,31 : 309.32"
"20,32 : 242.86"
"20,33 : 893.96"
"20,34 : 606.27"
"20,35 : 131.24"
"20,36 : 883.0"
"20,37 : 764.82"
"20,38 : 391.78"
"20,39 : 841.14"
"20,40 : 646.53"
"20,41 : 688.32"
"20,42 : 441.25"
"20,43 : 407.95"
"20,44 : 763.73"
"20,45 : 796.11"
"20,46 : 708.75"
"20,47 : 512.08"
"20,48 : 762.51"
"20,49 : 540.24"
"20,50 : 600.78"
"20,51 : 891.71"
"20,52 : 193.21"
"20,53 : 418.92"
"20,54 : 494.17"
"20,55 : 752.8"
"20,56 : 541.64"
"20,57 : 581.25"
"20,58 : 414.56"
"20,59 : 118.73"
"20,60 : 560.97"
"20,61 : 737.5"
"20,62 : 387.36"
"20,63 : 136.57"
"20,64 : 476.53"
"20,65 : 368.58"
"20,66 : 250.06"
"20,67 : 606.6"
"20,68 : 191.69"
"20,69 : 428.27"
"20,70 : 393.08"
"20,71 : 869.06"
"20,72 : 546.64"
"20,73 : 688.24"
"20,74 : 456.58"
"20,75 : 172.46"
"20,76 : 557.0"
"20,77 : 861.74"
"20,78 : 590.41"
"20,79 : 550.08"
"20,80 : 332.13"
"20,81 : 531.15"
"20,82 : 331.27"
"20,83 : 285.27"
"20,84 : 524.54"
"20,85 : 26.68"
"20,86 : 353.46"
"20,87 : 309.49"
"20,88 : 629.93"
"20,89 : 608.56"
"20,90 : 763.7"
"20,91 : 290.41"
"20,92 : 235.87"
"20,93 : 859.42"
"20,94 : 804.74"
"20,95 : 355.42"
"20,96 : 826.7"
"20,97 : 376.79"
"20,98 : 467.08"
"20,99 : 734.24"
"21,0 : 892.38"
"21,1 : 810.42"
"21,2 : 499.32"
"21,3 : 815.55"
"21,4 : 209.31"
"21,5 : 805.79"
"21,6 : 706.87"
"21,7 : 457.08"
"21,8 : 259.86"
"21,9 : 585.14"
"21,10 : 399.51"
"21,11 : 555.48"
"21,12 : 326.29"
"21,13 : 430.46"
"21,14 : 396.31"
"21,15 : 114.53"
"21,16 : 482.6"
"21,17 : 141.87"
"21,18 : 783.09"
"21,19 : 606.61"
"21,20 : 95.26"
"21,21 : 0.0"
"21,22 : 670.01"
"21,23 : 898.61"
"21,24 : 326.02"
"21,25 : 275.15"
"21,26 : 340.38"
"21,27 : 452.21"
"21,28 : 408.93"
"21,29 : 305.63"
"21,30 : 406.27"
"21,31 : 395.07"
"21,32 : 319.76"
"21,33 : 847.0"
"21,34 : 582.95"
"21,35 : 64.63"
"21,36 : 833.41"
"21,37 : 771.66"
"21,38 : 484.76"
"21,39 : 820.69"
"21,40 : 566.01"
"21,41 : 629.76"
"21,42 : 520.92"
"21,43 : 392.13"
"21,44 : 685.61"
"21,45 : 789.78"
"21,46 : 685.61"
"21,47 : 429.66"
"21,48 : 707.28"
"21,49 : 489.08"
"21,50 : 505.66"
"21,51 : 838.52"
"21,52 : 247.3"
"21,53 : 329.67"
"21,54 : 402.39"
"21,55 : 721.13"
"21,56 : 458.76"
"21,57 : 491.81"
"21,58 : 488.49"
"21,59 : 25.81"
"21,60 : 470.42"
"21,61 : 662.78"
"21,62 : 381.43"
"21,63 : 104.96"
"21,64 : 385.4"
"21,65 : 273.54"
"21,66 : 158.49"
"21,67 : 563.49"
"21,68 : 284.08"
"21,69 : 338.33"
"21,70 : 408.32"
"21,71 : 799.86"
"21,72 : 467.82"
"21,73 : 653.17"
"21,74 : 364.36"
"21,75 : 111.4"
"21,76 : 462.82"
"21,77 : 802.28"
"21,78 : 602.99"
"21,79 : 492.65"
"21,80 : 379.69"
"21,81 : 549.75"
"21,82 : 263.94"
"21,83 : 227.18"
"21,84 : 432.86"
"21,85 : 104.89"
"21,86 : 326.66"
"21,87 : 402.77"
"21,88 : 548.23"
"21,89 : 630.1"
"21,90 : 699.71"
"21,91 : 197.31"
"21,92 : 292.51"
"21,93 : 773.75"
"21,94 : 722.36"
"21,95 : 278.17"
"21,96 : 815.28"
"21,97 : 312.36"
"21,98 : 405.46"
"21,99 : 712.58"
"22,0 : 241.48"
"22,1 : 600.37"
"22,2 : 724.59"
"22,3 : 194.49"
"22,4 : 749.86"
"22,5 : 140.17"
"22,6 : 623.27"
"22,7 : 666.8"
"22,8 : 562.65"
"22,9 : 90.21"
"22,10 : 437.87"
"22,11 : 198.83"
"22,12 : 784.22"
"22,13 : 667.63"
"22,14 : 918.82"
"22,15 : 760.09"
"22,16 : 581.95"
"22,17 : 759.31"
"22,18 : 497.52"
"22,19 : 544.23"
"22,20 : 699.03"
"22,21 : 670.01"
"22,22 : 0.0"
"22,23 : 584.75"
"22,24 : 361.03"
"22,25 : 786.68"
"22,26 : 494.82"
"22,27 : 749.13"
"22,28 : 364.95"
"22,29 : 762.22"
"22,30 : 930.8"
"22,31 : 724.33"
"22,32 : 653.24"
"22,33 : 244.62"
"22,34 : 98.49"
"22,35 : 605.64"
"22,36 : 251.75"
"22,37 : 287.5"
"22,38 : 844.74"
"22,39 : 162.61"
"22,40 : 446.75"
"22,41 : 236.78"
"22,42 : 723.73"
"22,43 : 295.17"
"22,44 : 452.52"
"22,45 : 209.09"
"22,46 : 46.17"
"22,47 : 460.64"
"22,48 : 223.89"
"22,49 : 228.42"
"22,50 : 762.43"
"22,51 : 282.34"
"22,52 : 579.12"
"22,53 : 793.01"
"22,54 : 576.06"
"22,55 : 56.52"
"22,56 : 464.01"
"22,57 : 552.06"
"22,58 : 668.8"
"22,59 : 653.18"
"22,60 : 566.08"
"22,61 : 403.99"
"22,62 : 326.84"
"22,63 : 571.13"
"22,64 : 563.64"
"22,65 : 681.04"
"22,66 : 595.76"
"22,67 : 141.99"
"22,68 : 738.48"
"22,69 : 790.76"
"22,70 : 375.15"
"22,71 : 405.22"
"22,72 : 423.25"
"22,73 : 47.68"
"22,74 : 579.89"
"22,75 : 762.14"
"22,76 : 645.89"
"22,77 : 310.81"
"22,78 : 293.76"
"22,79 : 258.79"
"22,80 : 517.73"
"22,81 : 337.08"
"22,82 : 858.22"
"22,83 : 851.52"
"22,84 : 819.54"
"22,85 : 725.48"
"22,86 : 346.21"
"22,87 : 803.44"
"22,88 : 457.62"
"22,89 : 352.03"
"22,90 : 303.49"
"22,91 : 701.56"
"22,92 : 573.25"
"22,93 : 602.52"
"22,94 : 525.17"
"22,95 : 469.62"
"22,96 : 196.98"
"22,97 : 399.79"
"22,98 : 328.03"
"22,99 : 68.54"
"23,0 : 722.28"
"23,1 : 126.38"
"23,2 : 1201.81"
"23,3 : 736.38"
"23,4 : 1076.7"
"23,5 : 560.01"
"23,6 : 264.85"
"23,7 : 546.12"
"23,8 : 650.12"
"23,9 : 564.62"
"23,10 : 914.2"
"23,11 : 461.86"
"23,12 : 772.5"
"23,13 : 1129.83"
"23,14 : 890.58"
"23,15 : 1013.14"
"23,16 : 1081.28"
"23,17 : 894.61"
"23,18 : 117.61"
"23,19 : 316.97"
"23,20 : 977.71"
"23,21 : 898.61"
"23,22 : 584.75"
"23,23 : 0.0"
"23,24 : 754.89"
"23,25 : 817.43"
"23,26 : 560.21"
"23,27 : 1200.28"
"23,28 : 841.87"
"23,29 : 764.55"
"23,30 : 899.32"
"23,31 : 1156.87"
"23,32 : 1068.07"
"23,33 : 421.1"
"23,34 : 635.64"
"23,35 : 846.94"
"23,36 : 392.75"
"23,37 : 868.86"
"23,38 : 1280.21"
"23,39 : 666.15"
"23,40 : 332.73"
"23,41 : 373.91"
"23,42 : 1209.63"
"23,43 : 724.41"
"23,44 : 214.14"
"23,45 : 774.13"
"23,46 : 628.56"
"23,47 : 469.66"
"23,48 : 360.92"
"23,49 : 510.6"
"23,50 : 596.85"
"23,51 : 354.27"
"23,52 : 967.71"
"23,53 : 779.98"
"23,54 : 531.64"
"23,55 : 560.95"
"23,56 : 441.28"
"23,57 : 436.03"
"23,58 : 1154.44"
"23,59 : 873.06"
"23,60 : 463.63"
"23,61 : 246.4"
"23,62 : 768.24"
"23,63 : 848.69"
"23,64 : 540.65"
"23,65 : 711.17"
"23,66 : 746.91"
"23,67 : 514.32"
"23,68 : 1111.81"
"23,69 : 770.17"
"23,70 : 853.03"
"23,71 : 180.05"
"23,72 : 431.27"
"23,73 : 541.48"
"23,74 : 567.46"
"23,75 : 929.33"
"23,76 : 523.85"
"23,77 : 289.03"
"23,78 : 860.55"
"23,79 : 477.07"
"23,80 : 980.9"
"23,81 : 884.59"
"23,82 : 925.28"
"23,83 : 953.17"
"23,84 : 725.07"
"23,85 : 997.12"
"23,86 : 711.76"
"23,87 : 1214.38"
"23,88 : 351.32"
"23,89 : 922.54"
"23,90 : 288.09"
"23,91 : 787.53"
"23,92 : 987.14"
"23,93 : 171.61"
"23,94 : 183.12"
"23,95 : 622.43"
