x,y
450,49
720,726
335,100
131,587
838,619
624,280
252,714
488,423
437,915
151,399
387,286
860,152
513,338
188,425
693,83
180,55
636,832
809,285
609,680
188,127
898,324
128,43
954,487
410,141
468,149
156,916
278,8
794,142
0,332
240,956
203,211
659,700
446,246
738,564
551,195
874,623
89,452
993,989
301,518
584,991
961,822
563,581
172,423
644,549
39,754
124,529
912,330
917,48
604,41
649,272
347,93
624,457
974,861
400,997
192,579
888,4
122,303
679,634
227,610
864,789
790,26
268,39
114,99
339,227
994,56
962,180
393,549
938,421
744,365
73,627
500,485
348,332
156,224
163,9
460,264
710,165
271,323
633,54
839,907
16,4
854,134
428,979
679,573
597,187
273,663
38,721
954,514
897,750
550,454
502,831
183,313
741,970
109,572
836,442
153,638
800,796
939,19
96,859
754,481
266,92

Distanze
"0,0 : 0.0"
"0,1 : 412.44"
"0,2 : 489.04"
"0,3 : 308.29"
"0,4 : 418.72"
"0,5 : 709.07"
"0,6 : 381.32"
"0,7 : 1048.78"
"0,8 : 211.57"
"0,9 : 444.15"
"0,10 : 568.5"
"0,11 : 528.98"
"0,12 : 610.94"
"0,13 : 798.12"
"0,14 : 712.64"
"0,15 : 1034.65"
"0,16 : 846.61"
"0,17 : 510.91"
"0,18 : 167.05"
"0,19 : 352.51"
"0,20 : 851.07"
"0,21 : 426.88"
"0,22 : 621.76"
"0,23 : 679.99"
"0,24 : 240.0"
"0,25 : 678.34"
"0,26 : 269.48"
"0,27 : 606.36"
"0,28 : 283.01"
"0,29 : 429.66"
"0,30 : 623.75"
"0,31 : 679.69"
"0,32 : 523.4"
"0,33 : 711.68"
"0,34 : 534.69"
"0,35 : 833.17"
"0,36 : 338.86"
"0,37 : 691.56"
"0,38 : 400.03"
"0,39 : 353.96"
"0,40 : 470.79"
"0,41 : 757.0"
"0,42 : 464.54"
"0,43 : 182.92"
"0,44 : 631.48"
"0,45 : 549.86"
"0,46 : 833.56"
"0,47 : 706.02"
"0,48 : 904.72"
"0,49 : 551.69"
"0,50 : 904.04"
"0,51 : 925.68"
"0,52 : 650.5"
"0,53 : 599.55"
"0,54 : 368.76"
"0,55 : 187.46"
"0,56 : 767.71"
"0,57 : 815.88"
"0,58 : 211.24"
"0,59 : 779.28"
"0,60 : 804.49"
"0,61 : 794.26"
"0,62 : 977.96"
"0,63 : 424.75"
"0,64 : 488.2"
"0,65 : 246.13"
"0,66 : 660.34"
"0,67 : 185.99"
"0,68 : 462.52"
"0,69 : 934.62"
"0,70 : 836.6"
"0,71 : 418.56"
"0,72 : 609.53"
"0,73 : 142.28"
"0,74 : 408.25"
"0,75 : 587.75"
"0,76 : 681.16"
"0,77 : 666.63"
"0,78 : 480.59"
"0,79 : 947.73"
"0,80 : 314.04"
"0,81 : 778.57"
"0,82 : 744.1"
"0,83 : 779.5"
"0,84 : 243.1"
"0,85 : 365.58"
"0,86 : 715.91"
"0,87 : 232.96"
"0,88 : 612.18"
"0,89 : 776.21"
"0,90 : 750.79"
"0,91 : 682.64"
"0,92 : 950.43"
"0,93 : 378.32"
"0,94 : 499.77"
"0,95 : 168.43"
"0,96 : 172.04"
"0,97 : 471.81"
"0,98 : 587.73"
"0,99 : 656.48"
"1,0 : 412.44"
"1,1 : 0.0"
"1,2 : 316.3"
"1,3 : 265.8"
"1,4 : 116.97"
"1,5 : 384.05"
"1,6 : 325.74"
"1,7 : 695.01"
"1,8 : 402.49"
"1,9 : 549.68"
"1,10 : 306.57"
"1,11 : 347.7"
"1,12 : 749.06"
"1,13 : 442.39"
"1,14 : 309.87"
"1,15 : 679.32"
"1,16 : 578.12"
"1,17 : 250.49"
"1,18 : 278.88"
"1,19 : 254.66"
"1,20 : 468.52"
"1,21 : 47.85"
"1,22 : 368.78"
"1,23 : 431.73"
"1,24 : 183.81"
"1,25 : 554.16"
"1,26 : 187.96"
"1,27 : 279.85"
"1,28 : 252.93"
"1,29 : 40.36"
"1,30 : 255.21"
"1,31 : 777.81"
"1,32 : 277.33"
"1,33 : 406.78"
"1,34 : 665.71"
"1,35 : 428.78"
"1,36 : 230.16"
"1,37 : 332.06"
"1,38 : 430.81"
"1,39 : 517.4"
"1,40 : 297.41"
"1,41 : 345.77"
"1,42 : 595.3"
"1,43 : 446.12"
"1,44 : 402.38"
"1,45 : 573.36"
"1,46 : 846.18"
"1,47 : 328.59"
"1,48 : 632.91"
"1,49 : 223.14"
"1,50 : 550.12"
"1,51 : 546.14"
"1,52 : 638.5"
"1,53 : 382.21"
"1,54 : 576.03"
"1,55 : 599.89"
"1,56 : 364.41"
"1,57 : 431.17"
"1,58 : 299.11"
"1,59 : 720.31"
"1,60 : 652.56"
"1,61 : 383.19"
"1,62 : 627.08"
"1,63 : 258.15"
"1,64 : 280.47"
"1,65 : 654.27"
"1,66 : 250.14"
"1,67 : 310.0"
"1,68 : 558.68"
"1,69 : 552.76"
"1,70 : 510.31"
"1,71 : 632.98"
"1,72 : 262.27"
"1,73 : 547.22"
"1,74 : 48.08"
"1,75 : 321.4"
"1,76 : 354.29"
"1,77 : 258.79"
"1,78 : 623.15"
"1,79 : 629.16"
"1,80 : 285.11"
"1,81 : 471.64"
"1,82 : 742.7"
"1,83 : 852.65"
"1,84 : 642.61"
"1,85 : 143.22"
"1,86 : 635.68"
"1,87 : 643.44"
"1,88 : 288.17"
"1,89 : 447.0"
"1,90 : 343.42"
"1,91 : 406.51"
"1,92 : 603.38"
"1,93 : 226.01"
"1,94 : 94.02"
"1,95 : 434.42"
"1,96 : 584.06"
"1,97 : 294.55"
"1,98 : 359.48"
"1,99 : 365.03"
"2,0 : 489.04"
"2,1 : 316.3"
"2,2 : 0.0"
"2,3 : 531.2"
"2,4 : 199.42"
"2,5 : 678.33"
"2,6 : 610.71"
"2,7 : 591.8"
"2,8 : 602.1"
"2,9 : 320.35"
"2,10 : 621.81"
"2,11 : 661.94"
"2,12 : 495.0"
"2,13 : 366.77"
"2,14 : 530.41"
"2,15 : 579.86"
"2,16 : 358.47"
"2,17 : 97.42"
"2,18 : 326.39"
"2,19 : 539.22"
"2,20 : 450.46"
"2,21 : 272.25"
"2,22 : 683.2"
"2,23 : 744.98"
"2,24 : 300.28"
"2,25 : 240.3"
"2,26 : 249.72"
"2,27 : 582.86"
"2,28 : 507.14"
"2,29 : 355.29"
"2,30 : 537.25"
"2,31 : 500.08"
"2,32 : 80.16"
"2,33 : 247.4"
"2,34 : 421.52"
"2,35 : 491.2"
"2,36 : 511.79"
"2,37 : 290.06"
"2,38 : 204.78"
"2,39 : 343.43"
"2,40 : 608.13"
"2,41 : 469.94"
"2,42 : 368.11"
"2,43 : 619.14"
"2,44 : 143.03"
"2,45 : 288.62"
"2,46 : 536.17"
"2,47 : 328.55"
"2,48 : 416.29"
"2,49 : 181.66"
"2,50 : 457.39"
"2,51 : 509.97"
"2,52 : 332.05"
"2,53 : 698.48"
"2,54 : 409.54"
"2,55 : 643.55"
"2,56 : 435.46"
"2,57 : 425.38"
"2,58 : 512.02"
"2,59 : 404.11"
"2,60 : 350.04"
"2,61 : 497.27"
"2,62 : 522.53"
"2,63 : 72.0"
"2,64 : 42.06"
"2,65 : 665.55"
"2,66 : 455.72"
"2,67 : 304.18"
"2,68 : 320.02"
"2,69 : 521.77"
"2,70 : 372.41"
"2,71 : 452.95"
"2,72 : 225.32"
"2,73 : 570.63"
"2,74 : 362.93"
"2,75 : 125.0"
"2,76 : 242.9"
"2,77 : 383.65"
"2,78 : 396.01"
"2,79 : 471.76"
"2,80 : 176.82"
"2,81 : 307.18"
"2,82 : 433.27"
"2,83 : 559.09"
"2,84 : 635.69"
"2,85 : 191.21"
"2,86 : 319.38"
"2,87 : 664.91"
"2,88 : 591.35"
"2,89 : 321.22"
"2,90 : 541.13"
"2,91 : 715.79"
"2,92 : 493.48"
"2,93 : 522.43"
"2,94 : 373.36"
"2,95 : 391.31"
"2,96 : 637.35"
"2,97 : 22.8"
"2,98 : 102.07"
"2,99 : 672.76"
"3,0 : 308.29"
"3,1 : 265.8"
"3,2 : 531.2"
"3,3 : 0.0"
"3,4 : 356.36"
"3,5 : 416.75"
"3,6 : 87.8"
"3,7 : 958.14"
"3,8 : 171.73"
"3,9 : 654.7"
"3,10 : 267.48"
"3,11 : 220.78"
"3,12 : 849.1"
"3,13 : 707.17"
"3,14 : 479.8"
"3,15 : 942.27"
"3,16 : 837.53"
"3,17 : 494.0"
"3,18 : 294.32"
"3,19 : 46.04"
"3,20 : 725.65"
"3,21 : 309.13"
"3,22 : 315.99"
"3,23 : 372.37"
"3,24 : 246.91"
"3,25 : 768.38"
"3,26 : 296.01"
"3,27 : 323.83"
"3,28 : 29.7"
"3,29 : 251.02"
"3,30 : 363.94"
"3,31 : 900.67"
"3,32 : 518.16"
"3,33 : 669.6"
"3,34 : 765.44"
"3,35 : 668.41"
"3,36 : 46.4"
"3,37 : 597.38"
"3,38 : 561.51"
"3,39 : 586.91"
"3,40 : 162.79"
"3,41 : 571.95"
"3,42 : 690.45"
"3,43 : 230.83"
"3,44 : 646.31"
"3,45 : 722.77"
"3,46 : 1013.9"
"3,47 : 590.75"
"3,48 : 893.67"
"3,49 : 485.15"
"3,50 : 814.28"
"3,51 : 803.2"
"3,52 : 809.05"
"3,53 : 291.34"
"3,54 : 625.85"
"3,55 : 468.0"
"3,56 : 608.25"
"3,57 : 688.06"
"3,58 : 98.62"
"3,59 : 915.38"
"3,60 : 881.18"
"3,61 : 608.08"
"3,62 : 891.15"
"3,63 : 460.49"
"3,64 : 506.11"
"3,65 : 539.78"
"3,66 : 451.15"
"3,67 : 346.04"
"3,68 : 669.55"
"3,69 : 808.6"
"3,70 : 776.02"
"3,71 : 682.64"
"3,72 : 527.77"
"3,73 : 445.53"
"3,74 : 227.16"
"3,75 : 572.42"
"3,76 : 619.12"
"3,77 : 500.9"
"3,78 : 713.81"
"3,79 : 894.87"
"3,80 : 415.46"
"3,81 : 735.64"
"3,82 : 913.23"
"3,83 : 991.13"
"3,84 : 545.77"
"3,85 : 341.47"
"3,86 : 836.11"
"3,87 : 522.22"
"3,88 : 327.77"
"3,89 : 712.63"
"3,90 : 524.59"
"3,91 : 378.34"
"3,92 : 868.1"
"3,93 : 82.28"
"3,94 : 307.59"
"3,95 : 429.62"
"3,96 : 447.05"
"3,97 : 508.5"
"3,98 : 600.56"
"3,99 : 356.68"
"4,0 : 418.72"
"4,1 : 116.97"
"4,2 : 199.42"
"4,3 : 356.36"
"4,4 : 0.0"
"4,5 : 488.26"
"4,6 : 427.6"
"4,7 : 637.45"
"4,8 : 464.25"
"4,9 : 455.13"
"4,10 : 422.61"
"4,11 : 463.97"
"4,12 : 650.84"
"4,13 : 383.6"
"4,14 : 373.07"
"4,15 : 622.63"
"4,16 : 482.26"
"4,17 : 138.92"
"4,18 : 258.79"
"4,19 : 355.27"
"4,20 : 432.36"
"4,21 : 73.59"
"4,22 : 484.32"
"4,23 : 546.59"
"4,24 : 180.48"
"4,25 : 437.38"
"4,26 : 152.01"
"4,27 : 388.33"
"4,28 : 337.04"
"4,29 : 155.9"
"4,30 : 351.06"
"4,31 : 672.81"
"4,32 : 164.58"
"4,33 : 319.1"
"4,34 : 569.34"
"4,35 : 422.71"
"4,36 : 328.67"
"4,37 : 274.53"
"4,38 : 332.58"
"4,39 : 437.6"
"4,40 : 411.99"
"4,41 : 362.17"
"4,42 : 502.49"
"4,43 : 496.95"
"4,44 : 292.23"
"4,45 : 464.76"
"4,46 : 731.64"
"4,47 : 287.33"
"4,48 : 539.08"
"4,49 : 139.19"
"4,50 : 491.38"
"4,51 : 507.14"
"4,52 : 524.67"
"4,53 : 499.06"
"4,54 : 500.76"
"4,55 : 600.83"
"4,56 : 357.61"
"4,57 : 397.32"
"4,58 : 363.35"
"4,59 : 603.51"
"4,60 : 537.97"
"4,61 : 397.32"
"4,62 : 567.18"
"4,63 : 144.59"
"4,64 : 163.69"
"4,65 : 644.17"
"4,66 : 301.92"
"4,67 : 270.93"
"4,68 : 461.82"
"4,69 : 515.95"
"4,70 : 435.22"
"4,71 : 555.18"
"4,72 : 193.6"
"4,73 : 538.27"
"4,74 : 164.13"
"4,75 : 216.08"
"4,76 : 275.51"
"4,77 : 267.29"
"4,78 : 530.96"
"4,79 : 552.41"
"4,80 : 201.64"
"4,81 : 386.76"
"4,82 : 628.22"
"4,83 : 743.24"
"4,84 : 625.22"
"4,85 : 59.48"
"4,86 : 518.78"
"4,87 : 636.97"
"4,88 : 396.8"
"4,89 : 372.08"
"4,90 : 396.14"
"4,91 : 519.06"
"4,92 : 540.94"
"4,93 : 332.64"
"4,94 : 182.24"
"4,95 : 393.73"
"4,96 : 588.33"
"4,97 : 177.86"
"4,98 : 247.59"
"4,99 : 476.61"
"5,0 : 709.07"
"5,1 : 384.05"
"5,2 : 678.33"
"5,3 : 416.75"
"5,4 : 488.26"
"5,5 : 0.0"
"5,6 : 384.04"
"5,7 : 811.63"
"5,8 : 583.31"
"5,9 : 933.65"
"5,10 : 153.44"
"5,11 : 240.74"
"5,12 : 1133.11"
"5,13 : 616.49"
"5,14 : 221.77"
"5,15 : 795.77"
"5,16 : 829.86"
"5,17 : 591.22"
"5,18 : 629.17"
"5,19 : 371.1"
"5,20 : 575.15"
"5,21 : 416.31"
"5,22 : 134.36"
"5,23 : 139.14"
"5,24 : 539.45"
"5,25 : 899.42"
"5,26 : 561.74"
"5,27 : 107.56"
"5,28 : 434.66"
"5,29 : 344.84"
"5,30 : 142.52"
"5,31 : 1160.17"
"5,32 : 617.56"
"5,33 : 661.88"
"5,34 : 1049.73"
"5,35 : 468.18"
"5,36 : 376.24"
"5,37 : 541.39"
"5,38 : 814.69"
"5,39 : 897.16"
"5,40 : 269.82"
"5,41 : 370.39"
"5,42 : 978.98"
"5,43 : 644.43"
"5,44 : 720.2"
"5,45 : 953.0"
"5,46 : 1214.4"
"5,47 : 504.68"
"5,48 : 871.97"
"5,49 : 524.28"
"5,50 : 696.9"
"5,51 : 637.62"
"5,52 : 1009.81"
"5,53 : 184.62"
"5,54 : 952.62"
"5,55 : 881.7"
"5,56 : 439.45"
"5,57 : 544.99"
"5,58 : 512.29"
"5,59 : 1074.91"
"5,60 : 974.81"
"5,61 : 389.16"
"5,62 : 762.11"
"5,63 : 632.41"
"5,64 : 637.53"
"5,65 : 950.84"
"5,66 : 270.25"
"5,67 : 671.97"
"5,68 : 942.73"
"5,69 : 636.18"
"5,70 : 711.1"
"5,71 : 1010.42"
"5,72 : 522.69"
"5,73 : 851.0"
"5,74 : 351.12"
"5,75 : 635.87"
"5,76 : 601.54"
"5,77 : 374.2"
"5,78 : 1006.68"
"5,79 : 814.68"
"5,80 : 668.6"
"5,81 : 706.62"
"5,82 : 1111.6"
"5,83 : 1231.4"
"5,84 : 952.0"
"5,85 : 526.5"
"5,86 : 989.22"
"5,87 : 934.56"
"5,88 : 100.17"
"5,89 : 660.94"
"5,90 : 257.0"
"5,91 : 91.18"
"5,92 : 750.24"
"5,93 : 336.39"
"5,94 : 306.44"
"5,95 : 787.9"
"5,96 : 861.36"
"5,97 : 659.26"
"5,98 : 687.7"
"5,99 : 72.35"
"6,0 : 381.32"
"6,1 : 325.74"
"6,2 : 610.71"
"6,3 : 87.8"
"6,4 : 427.6"
"6,5 : 384.04"
"6,6 : 0.0"
"6,7 : 1004.38"
"6,8 : 207.09"
"6,9 : 742.46"
"6,10 : 230.63"
"6,11 : 158.08"
"6,12 : 936.5"
"6,13 : 757.98"
"6,14 : 487.63"
"6,15 : 988.27"
"6,16 : 903.64"
"6,17 : 566.48"
"6,18 : 381.76"
"6,19 : 72.34"
"6,20 : 766.56"
"6,21 : 372.23"
"6,22 : 265.84"
"6,23 : 314.08"
"6,24 : 333.36"
"6,25 : 849.58"
"6,26 : 381.52"
"6,27 : 306.47"
"6,28 : 117.29"
"6,29 : 302.5"
"6,30 : 362.26"
"6,31 : 988.46"
"6,32 : 591.69"
"6,33 : 732.46"
"6,34 : 852.96"
"6,35 : 698.19"
"6,36 : 99.3"
"6,37 : 650.47"
"6,38 : 648.94"
"6,39 : 673.92"
"6,40 : 114.23"
"6,41 : 597.42"
"6,42 : 777.98"
"6,43 : 268.37"
"6,44 : 719.71"
"6,45 : 809.99"
"6,46 : 1100.76"
"6,47 : 638.49"
"6,48 : 958.64"
"6,49 : 548.82"
"6,50 : 863.1"
"6,51 : 843.25"
"6,52 : 895.36"
"6,53 : 231.05"
"6,54 : 711.56"
"6,55 : 525.68"
"6,56 : 641.76"
"6,57 : 729.23"
"6,58 : 171.35"
"6,59 : 999.78"
"6,60 : 959.86"
"6,61 : 631.82"
"6,62 : 939.39"
"6,63 : 541.07"
"6,64 : 583.28"
"6,65 : 600.22"
"6,66 : 472.05"
"6,67 : 433.5"
"6,68 : 757.34"
"6,69 : 847.51"
"6,70 : 832.62"
"6,71 : 767.97"
"6,72 : 586.35"
"6,73 : 512.49"
"6,74 : 281.31"
"6,75 : 642.75"
"6,76 : 679.09"
"6,77 : 536.54"
"6,78 : 801.16"
"6,79 : 951.19"
"6,80 : 502.0"
"6,81 : 796.87"
"6,82 : 999.77"
"6,83 : 1078.89"
"6,84 : 610.74"
"6,85 : 419.66"
"6,86 : 919.63"
"6,87 : 581.25"
"6,88 : 308.25"
"6,89 : 769.88"
"6,90 : 533.84"
"6,91 : 329.46"
"6,92 : 917.85"
"6,93 : 101.87"
"6,94 : 346.97"
"6,95 : 513.21"
"6,96 : 503.95"
"6,97 : 587.91"
"6,98 : 674.64"
"6,99 : 316.66"
"7,0 : 1048.78"
"7,1 : 695.01"
"7,2 : 591.8"
"7,3 : 958.14"
"7,4 : 637.45"
"7,5 : 811.63"
"7,6 : 1004.38"
"7,7 : 0.0"
"7,8 : 1094.54"
"7,9 : 875.01"
"7,10 : 871.23"
"7,11 : 959.82"
"7,12 : 991.17"
"7,13 : 254.52"
"7,14 : 591.01"
"7,15 : 16.28"
"7,16 : 295.76"
"7,17 : 540.96"
"7,18 : 882.4"
"7,19 : 939.03"
"7,20 : 242.84"
"7,21 : 657.31"
"7,22 : 907.26"
"7,23 : 943.08"
"7,24 : 816.62"
"7,25 : 574.6"
"7,26 : 779.95"
"7,27 : 783.22"
"7,28 : 947.57"
"7,29 : 707.23"
"7,30 : 705.64"
"7,31 : 952.84"
"7,32 : 533.58"
"7,33 : 345.19"
"7,34 : 943.72"
"7,35 : 343.53"
"7,36 : 918.08"
"7,37 : 365.31"
"7,38 : 782.55"
"7,39 : 924.25"
"7,40 : 935.98"
"7,41 : 443.11"
"7,42 : 916.27"
"7,43 : 1132.31"
"7,44 : 462.55"
"7,45 : 784.59"
"7,46 : 861.08"
"7,47 : 367.4"
"7,48 : 270.09"
"7,49 : 499.22"
"7,50 : 146.18"
"7,51 : 174.05"
"7,52 : 749.78"
"7,53 : 949.76"
"7,54 : 987.61"
"7,55 : 1221.4"
"7,56 : 378.81"
"7,57 : 278.49"
"7,58 : 991.31"
"7,59 : 698.35"
"7,60 : 525.12"
"7,61 : 422.52"
"7,62 : 70.84"
"7,63 : 637.83"
"7,64 : 575.63"
"7,65 : 1251.77"
"7,66 : 561.55"
"7,67 : 876.85"
"7,68 : 867.11"
"7,69 : 175.82"
"7,70 : 219.4"
"7,71 : 1021.44"
"7,72 : 444.04"
"7,73 : 1151.89"
"7,74 : 730.99"
"7,75 : 471.5"
"7,76 : 367.73"
"7,77 : 473.34"
"7,78 : 939.69"
"7,79 : 146.87"
"7,80 : 759.05"
"7,81 : 285.67"
"7,82 : 795.74"
"7,83 : 955.72"
"7,84 : 1224.44"
"7,85 : 684.89"
"7,86 : 646.74"
"7,87 : 1249.01"
"7,88 : 788.68"
"7,89 : 274.39"
"7,90 : 554.92"
"7,91 : 896.0"
"7,92 : 99.04"
"7,93 : 903.0"
"7,94 : 657.44"
"7,95 : 979.48"
"7,96 : 1212.04"
"7,97 : 600.66"
"7,98 : 492.37"
"7,99 : 858.31"
"8,0 : 211.57"
"8,1 : 402.49"
"8,2 : 602.1"
"8,3 : 171.73"
"8,4 : 464.25"
"8,5 : 583.31"
"8,6 : 207.09"
"8,7 : 1094.54"
"8,8 : 0.0"
"8,9 : 638.86"
"8,10 : 430.94"
"8,11 : 365.17"
"8,12 : 816.69"
"8,13 : 840.31"
"8,14 : 649.3"
"8,15 : 1079.12"
"8,16 : 940.41"
"8,17 : 590.44"
"8,18 : 294.77"
"8,19 : 214.67"
"8,20 : 871.02"
"8,21 : 437.36"
"8,22 : 471.76"
"8,23 : 521.16"
"8,24 : 302.83"
"8,25 : 823.41"
"8,26 : 352.51"
"8,27 : 494.39"
"8,28 : 164.61"
"8,29 : 399.37"
"8,30 : 535.53"
"8,31 : 881.08"
"8,32 : 610.51"
"8,33 : 782.93"
"8,34 : 737.69"
"8,35 : 824.91"
"8,36 : 217.48"
"8,37 : 729.37"
"8,38 : 572.14"
"8,39 : 554.83"
"8,40 : 317.35"
"8,41 : 732.6"
"8,42 : 665.09"
"8,43 : 61.52"
"8,44 : 734.33"
"8,45 : 731.49"
"8,46 : 1022.06"
"8,47 : 730.24"
"8,48 : 998.27"
"8,49 : 602.57"
"8,50 : 948.69"
"8,51 : 948.63"
"8,52 : 827.77"
"8,53 : 438.14"
"8,54 : 576.99"
"8,55 : 323.07"
"8,56 : 762.4"
"8,57 : 833.65"
"8,58 : 103.46"
"8,59 : 948.46"
"8,60 : 945.03"
"8,61 : 769.46"
"8,62 : 1025.48"
"8,63 : 530.52"
"8,64 : 587.24"
"8,65 : 399.06"
"8,66 : 615.88"
"8,67 : 339.8"
"8,68 : 656.27"
"8,69 : 955.23"
"8,70 : 898.93"
"8,71 : 628.62"
"8,72 : 652.97"
"8,73 : 321.11"
"8,74 : 374.53"
"8,75 : 671.48"
"8,76 : 739.26"
"8,77 : 654.93"
"8,78 : 683.7"
"8,79 : 1016.55"
"8,80 : 449.07"
"8,81 : 850.78"
"8,82 : 927.2"
"8,83 : 978.7"
"8,84 : 414.33"
"8,85 : 430.11"
"8,86 : 876.68"
"8,87 : 379.08"
"8,88 : 497.92"
"8,89 : 835.54"
"8,90 : 693.42"
"8,91 : 535.37"
"8,92 : 1000.53"
"8,93 : 253.74"
"8,94 : 463.92"
"8,95 : 373.32"
"8,96 : 301.01"
"8,97 : 580.88"
"8,98 : 688.01"
"8,99 : 519.33"
"9,0 : 444.15"
"9,1 : 549.68"
"9,2 : 320.35"
"9,3 : 654.7"
"9,4 : 455.13"
"9,5 : 933.65"
"9,6 : 742.46"
"9,7 : 875.01"
"9,8 : 638.86"
"9,9 : 0.0"
"9,10 : 839.32"
"9,11 : 847.17"
"9,12 : 200.55"
"9,13 : 676.98"
"9,14 : 825.58"
"9,15 : 865.6"
"9,16 : 596.34"
"9,17 : 413.24"
"9,18 : 361.65"
"9,19 : 683.17"
"9,20 : 766.45"
"9,21 : 521.42"
"9,22 : 902.26"
"9,23 : 966.66"
"9,24 : 418.9"
"9,25 : 333.78"
"9,26 : 381.26"
"9,27 : 828.44"
"9,28 : 625.17"
"9,29 : 588.83"
"9,30 : 802.45"
"9,31 : 246.22"
"9,32 : 400.12"
"9,33 : 547.52"
"9,34 : 116.28"
"9,35 : 811.52"
"9,36 : 657.95"
"9,37 : 609.67"
"9,38 : 123.45"
"9,39 : 96.13"
"9,40 : 785.99"
"9,41 : 785.22"
"9,42 : 48.37"
"9,43 : 624.23"
"9,44 : 416.52"
"9,45 : 127.24"
"9,46 : 390.15"
"9,47 : 648.89"
"9,48 : 645.08"
"9,49 : 496.91"
"9,50 : 755.23"
"9,51 : 820.26"
"9,52 : 226.55"
"9,53 : 902.3"
"9,54 : 130.38"
"9,55 : 510.97"
"9,56 : 755.02"
"9,57 : 743.62"
"9,58 : 588.42"
"9,59 : 362.4"
"9,60 : 449.01"
"9,61 : 814.54"
"9,62 : 810.42"
"9,63 : 325.04"
"9,64 : 357.04"
"9,65 : 495.29"
"9,66 : 752.35"
"9,67 : 310.16"
"9,68 : 19.0"
"9,69 : 832.64"
"9,70 : 661.47"
"9,71 : 148.12"
"9,72 : 545.01"
"9,73 : 438.83"
"9,74 : 584.3"
"9,75 : 439.68"
"9,76 : 557.33"
"9,77 : 694.85"
"9,78 : 76.94"
"9,79 : 737.6"
"9,80 : 265.48"
"9,81 : 593.9"
"9,82 : 306.0"
"9,83 : 340.47"
"9,84 : 454.4"
"9,85 : 408.59"
"9,86 : 323.41"
"9,87 : 504.91"
"9,88 : 836.62"
"9,89 : 621.92"
"9,90 : 843.86"
"9,91 : 948.82"
"9,92 : 781.55"
"9,93 : 685.23"
"9,94 : 633.82"
"9,95 : 277.31"
"9,96 : 516.12"
"9,97 : 326.08"
"9,98 : 397.79"
"9,99 : 909.7"
"10,0 : 568.5"
"10,1 : 306.57"
"10,2 : 621.81"
"10,3 : 267.48"
"10,4 : 422.61"
"10,5 : 153.44"
"10,6 : 230.63"
"10,7 : 871.23"
"10,8 : 430.94"
"10,9 : 839.32"
"10,10 : 0.0"
"10,11 : 98.47"
"10,12 : 1039.84"
"10,13 : 647.34"
"10,14 : 296.62"
"10,15 : 854.98"
"10,16 : 836.59"
"10,17 : 547.52"
"10,18 : 508.55"
"10,19 : 221.44"
"10,20 : 628.49"
"10,21 : 349.57"
"10,22 : 63.13"
"10,23 : 127.44"
"10,24 : 426.59"
"10,25 : 856.84"
"10,26 : 458.48"
"10,27 : 93.47"
"10,28 : 288.04"
"10,29 : 266.81"
"10,30 : 168.88"
"10,31 : 1076.15"
"10,32 : 574.81"
"10,33 : 662.16"
"10,34 : 955.33"
"10,35 : 537.22"
"10,36 : 230.31"
"10,37 : 553.83"
"10,38 : 726.61"
"10,39 : 791.23"
"10,40 : 116.47"
"10,41 : 433.18"
"10,42 : 882.04"
"10,43 : 492.26"
"10,44 : 692.29"
"10,45 : 876.23"
"10,46 : 1152.55"
"10,47 : 526.97"
"10,48 : 885.21"
"10,49 : 497.29"
"10,50 : 741.73"
"10,51 : 699.68"
"10,52 : 944.67"
"10,53 : 82.76"
"10,54 : 841.68"
"10,55 : 735.17"
"10,56 : 492.74"
"10,57 : 593.74"
"10,58 : 365.03"
"10,59 : 1025.85"
"10,60 : 947.72"
"10,61 : 461.58"
"10,62 : 813.6"
"10,63 : 564.65"
"10,64 : 584.38"
"10,65 : 806.1"
"10,66 : 309.9"
"10,67 : 555.56"
"10,68 : 850.6"
"10,69 : 700.97"
"10,70 : 735.79"
"10,71 : 899.82"
"10,72 : 513.08"
"10,73 : 709.06"
"10,74 : 262.55"
"10,75 : 607.59"
"10,76 : 602.42"
"10,77 : 402.1"
"10,78 : 908.6"
"10,79 : 848.68"
"10,80 : 575.36"
"10,81 : 717.16"
"10,82 : 1049.08"
"10,83 : 1155.23"
"10,84 : 809.94"
"10,85 : 446.31"
"10,86 : 940.81"
"10,87 : 789.0"
"10,88 : 91.07"
"10,89 : 678.35"
"10,90 : 341.81"
"10,91 : 115.52"
"10,92 : 797.0"
"10,93 : 190.44"
"10,94 : 260.16"
"10,95 : 663.53"
"10,96 : 714.37"
"10,97 : 600.45"
"10,98 : 653.38"
"10,99 : 89.2"
"11,0 : 528.98"
"11,1 : 347.7"
"11,2 : 661.94"
"11,3 : 220.78"
"11,4 : 463.97"
"11,5 : 240.74"
"11,6 : 158.08"
"11,7 : 959.82"
"11,8 : 365.17"
"11,9 : 847.17"
"11,10 : 98.47"
"11,11 : 0.0"
"11,12 : 1046.18"
"11,13 : 728.84"
"11,14 : 393.57"
"11,15 : 943.54"
"11,16 : 906.52"
"11,17 : 597.5"
"11,18 : 498.14"
"11,19 : 178.08"
"11,20 : 717.07"
"11,21 : 394.61"
"11,22 : 111.43"
"11,23 : 156.01"
"11,24 : 428.29"
"11,25 : 901.24"
"11,26 : 468.24"
"11,27 : 191.4"
"11,28 : 247.43"
"11,29 : 311.58"
"11,30 : 264.6"
"11,31 : 1089.65"
"11,32 : 624.55"
"11,33 : 731.59"
"11,34 : 961.61"
"11,35 : 630.38"
"11,36 : 197.29"
"11,37 : 630.23"
"11,38 : 741.59"
"11,39 : 789.41"
"11,40 : 61.85"
"11,41 : 526.28"
"11,42 : 887.03"
"11,43 : 426.42"
"11,44 : 747.58"
"11,45 : 897.54"
"11,46 : 1181.57"
"11,47 : 607.47"
"11,48 : 957.45"
"11,49 : 557.88"
"11,50 : 826.8"
"11,51 : 789.95"
"11,52 : 973.46"
"11,53 : 73.0"
"11,54 : 834.27"
"11,55 : 682.1"
"11,56 : 582.91"
"11,57 : 681.43"
"11,58 : 318.21"
"11,59 : 1064.34"
"11,60 : 999.9"
"11,61 : 556.1"
"11,62 : 900.17"
"11,63 : 598.89"
"11,64 : 627.62"
"11,65 : 755.87"
"11,66 : 400.99"
"11,67 : 548.34"
"11,68 : 860.14"
"11,69 : 791.91"
"11,70 : 814.04"
"11,71 : 891.98"
"11,72 : 581.39"
"11,73 : 664.85"
"11,74 : 299.93"
"11,75 : 664.45"
"11,76 : 673.19"
"11,77 : 487.35"
"11,78 : 912.26"
"11,79 : 929.26"
"11,80 : 589.73"
"11,81 : 790.11"
"11,82 : 1078.55"
"11,83 : 1174.03"
"11,84 : 764.38"
"11,85 : 476.15"
"11,86 : 980.62"
"11,87 : 737.35"
"11,88 : 189.45"
"11,89 : 754.56"
"11,90 : 439.18"
"11,91 : 174.04"
"11,92 : 882.24"
"11,93 : 163.68"
"11,94 : 324.73"
"11,95 : 644.59"
"11,96 : 660.55"
"11,97 : 639.66"
"11,98 : 705.97"
"11,99 : 169.1"
"12,0 : 610.94"
"12,1 : 749.06"
"12,2 : 495.0"
"12,3 : 849.1"
"12,4 : 650.84"
"12,5 : 1133.11"
"12,6 : 936.5"
"12,7 : 991.17"
"12,8 : 816.69"
"12,9 : 200.55"
"12,10 : 1039.84"
"12,11 : 1046.18"
"12,12 : 0.0"
"12,13 : 825.02"
"12,14 : 1017.06"
"12,15 : 984.22"
"12,16 : 697.67"
"12,17 : 592.0"
"12,18 : 554.78"
"12,19 : 879.65"
"12,20 : 920.18"
"12,21 : 719.12"
"12,22 : 1102.75"
"12,23 : 1167.15"
"12,24 : 618.05"
"12,25 : 417.17"
"12,26 : 581.6"
"12,27 : 1028.34"
"12,28 : 819.42"
"12,29 : 788.5"
"12,30 : 1000.42"
"12,31 : 87.32"
"12,32 : 574.49"
"12,33 : 692.04"
"12,34 : 84.65"
"12,35 : 979.69"
"12,36 : 855.02"
"12,37 : 774.1"
"12,38 : 318.86"
"12,39 : 264.01"
"12,40 : 984.76"
"12,41 : 964.9"
"12,42 : 159.23"
"12,43 : 793.85"
"12,44 : 558.52"
"12,45 : 215.02"
"12,46 : 286.56"
"12,47 : 816.93"
"12,48 : 736.34"
"12,49 : 676.5"
"12,50 : 888.32"
"12,51 : 964.66"
"12,52 : 246.48"
"12,53 : 1102.28"
"12,54 : 243.31"
"12,55 : 631.65"
"12,56 : 927.66"
"12,57 : 902.12"
"12,58 : 776.99"
"12,59 : 350.4"
"12,60 : 497.63"
"12,61 : 991.66"
"12,62 : 932.8"
"12,63 : 514.26"
"12,64 : 535.39"
"12,65 : 594.28"
"12,66 : 942.99"
"12,67 : 503.06"
"12,68 : 190.39"
"12,69 : 977.53"
"12,70 : 791.26"
"12,71 : 202.62"
"12,72 : 718.62"
"12,73 : 568.99"
"12,74 : 784.51"
"12,75 : 602.08"
"12,76 : 714.23"
"12,77 : 878.03"
"12,78 : 135.37"
"12,79 : 846.34"
"12,80 : 465.78"
"12,81 : 725.92"
"12,82 : 252.51"
"12,83 : 186.04"
"12,84 : 551.24"
"12,85 : 607.01"
"12,86 : 359.78"
"12,87 : 609.58"
"12,88 : 1036.56"
"12,89 : 762.95"
"12,90 : 1032.35"
"12,91 : 1149.34"
"12,92 : 905.17"
"12,93 : 883.56"
"12,94 : 831.4"
"12,95 : 443.8"
"12,96 : 642.5"
"12,97 : 505.69"
"12,98 : 552.44"
"12,99 : 1110.12"
"13,0 : 798.12"
"13,1 : 442.39"
"13,2 : 366.77"
"13,3 : 707.17"
"13,4 : 383.6"
"13,5 : 616.49"
"13,6 : 757.98"
"13,7 : 254.52"
"13,8 : 840.31"
"13,9 : 676.98"
"13,10 : 647.34"
"13,11 : 728.84"
"13,12 : 825.02"
"13,13 : 0.0"
"13,14 : 398.3"
"13,15 : 239.38"
"13,16 : 232.77"
"13,17 : 298.46"
"13,18 : 632.86"
"13,19 : 690.59"
"13,20 : 98.72"
"13,21 : 403.39"
"13,22 : 691.45"
"13,23 : 736.01"
"13,24 : 563.47"
"13,25 : 434.2"
"13,26 : 528.66"
"13,27 : 566.4"
"13,28 : 695.31"
"13,29 : 457.28"
"13,30 : 491.3"
"13,31 : 805.2"
"13,32 : 296.83"
"13,33 : 133.03"
"13,34 : 763.81"
"13,35 : 197.43"
"13,36 : 668.51"
"13,37 : 110.94"
"13,38 : 569.54"
"13,39 : 709.86"
"13,40 : 698.32"
"13,41 : 257.3"
"13,42 : 722.53"
"13,43 : 877.8"
"13,44 : 266.54"
"13,45 : 610.18"
"13,46 : 763.17"
"13,47 : 121.5"
"13,48 : 262.57"
"13,49 : 246.56"
"13,50 : 108.41"
"13,51 : 143.59"
"13,52 : 604.4"
"13,53 : 728.99"
"13,54 : 775.67"
"13,55 : 974.35"
"13,56 : 186.59"
"13,57 : 96.02"
"13,58 : 737.18"
"13,59 : 597.7"
"13,60 : 442.83"
"13,61 : 256.4"
"13,62 : 185.18"
"13,63 : 399.83"
"13,64 : 341.77"
"13,65 : 1009.05"
"13,66 : 348.11"
"13,67 : 631.38"
"13,68 : 672.89"
"13,69 : 155.77"
"13,70 : 96.15"
"13,71 : 816.75"
"13,72 : 190.0"
"13,73 : 906.78"
"13,74 : 480.38"
"13,75 : 241.78"
"13,76 : 124.82"
"13,77 : 246.83"
"13,78 : 748.78"
"13,79 : 201.42"
"13,80 : 520.04"
"13,81 : 120.44"
"13,82 : 677.05"
"13,83 : 832.72"
"13,84 : 984.2"
"13,85 : 432.83"
"13,86 : 524.62"
"13,87 : 1004.85"
"13,88 : 573.05"
"13,89 : 69.08"
"13,90 : 375.23"
"13,91 : 691.71"
"13,92 : 161.0"
"13,93 : 656.14"
"13,94 : 413.24"
"13,95 : 740.51"
"13,96 : 963.92"
"13,97 : 370.31"
"13,98 : 279.2"
"13,99 : 650.37"
"14,0 : 712.64"
"14,1 : 309.87"
"14,2 : 530.41"
"14,3 : 479.8"
"14,4 : 373.07"
"14,5 : 221.77"
"14,6 : 487.63"
"14,7 : 591.01"
"14,8 : 649.3"
"14,9 : 825.58"
"14,10 : 296.62"
"14,11 : 393.57"
"14,12 : 1017.06"
"14,13 : 398.3"
"14,14 : 0.0"
"14,15 : 575.04"
"14,16 : 619.32"
"14,17 : 434.41"
"14,18 : 588.67"
"14,19 : 442.65"
"14,20 : 353.39"
"14,21 : 317.27"
"14,22 : 321.28"
"14,23 : 352.36"
"14,24 : 493.43"
"14,25 : 725.76"
"14,26 : 495.23"
"14,27 : 203.34"
"14,28 : 484.81"
"14,29 : 284.61"
"14,30 : 129.5"
"14,31 : 1029.66"
"14,32 : 457.45"
"14,33 : 458.85"
"14,34 : 937.78"
"14,35 : 248.45"
"14,36 : 433.4"
"14,37 : 334.51"
"14,38 : 702.19"
"14,39 : 810.39"
"14,40 : 389.22"
"14,41 : 148.66"
"14,42 : 873.48"
"14,43 : 704.79"
"14,44 : 538.38"
"14,45 : 818.18"
"14,46 : 1054.44"
"14,47 : 293.11"
"14,48 : 657.78"
"14,49 : 354.57"
"14,50 : 475.3"
"14,51 : 417.0"
"14,52 : 858.19"
"14,53 : 367.58"
"14,54 : 872.83"
"14,55 : 898.73"
"14,56 : 217.89"
"14,57 : 323.43"
"14,58 : 555.56"
"14,59 : 903.64"
"14,60 : 785.01"
"14,61 : 169.85"
"14,62 : 540.41"
"14,63 : 502.81"
"14,64 : 488.38"
"14,65 : 957.96"
"14,66 : 74.69"
"14,67 : 618.99"
"14,68 : 830.82"
"14,69 : 416.2"
"14,70 : 493.96"
"14,71 : 927.87"
"14,72 : 335.09"
"14,73 : 851.64"
"14,74 : 304.69"
"14,75 : 458.7"
"14,76 : 400.29"
"14,77 : 167.6"
"14,78 : 902.08"
"14,79 : 594.24"
"14,80 : 574.03"
"14,81 : 496.04"
"14,82 : 954.38"
"14,83 : 1088.67"
"14,84 : 949.14"
"14,85 : 426.94"
"14,86 : 819.18"
"14,87 : 945.57"
"14,88 : 206.85"
"14,89 : 447.66"
"14,90 : 46.4"
"14,91 : 305.04"
"14,92 : 528.49"
"14,93 : 401.54"
"14,94 : 216.38"
"14,95 : 743.89"
"14,96 : 881.2"
"14,97 : 515.6"
"14,98 : 513.81"
"14,99 : 268.36"
"15,0 : 1034.65"
"15,1 : 679.32"
"15,2 : 579.86"
"15,3 : 942.27"
"15,4 : 622.63"
"15,5 : 795.77"
"15,6 : 988.27"
"15,7 : 16.28"
"15,8 : 1079.12"
"15,9 : 865.6"
"15,10 : 854.98"
"15,11 : 943.54"
"15,12 : 984.22"
"15,13 : 239.38"
"15,14 : 575.04"
"15,15 : 0.0"
"15,16 : 290.66"
"15,17 : 527.52"
"15,18 : 868.41"
"15,19 : 923.01"
"15,20 : 226.57"
"15,21 : 641.83"
"15,22 : 891.09"
"15,23 : 927.04"
"15,24 : 802.0"
"15,25 : 568.18"
"15,26 : 765.67"
"15,27 : 767.02"
"15,28 : 931.8"
"15,29 : 691.33"
"15,30 : 689.44"
"15,31 : 947.1"
"15,32 : 520.61"
"15,33 : 332.84"
"15,34 : 935.72"
"15,35 : 327.74"
"15,36 : 902.12"
"15,37 : 350.04"
"15,38 : 771.87"
"15,39 : 913.64"
"15,40 : 919.72"
"15,41 : 427.06"
"15,42 : 907.23"
"15,43 : 1117.13"
"15,44 : 452.04"
"15,45 : 776.69"
"15,46 : 858.46"
"15,47 : 351.52"
"15,48 : 267.99"
"15,49 : 484.61"
"15,50 : 131.24"
"15,51 : 158.15"
"15,52 : 743.73"
"15,53 : 933.54"
"15,54 : 977.26"
"15,55 : 1207.82"
"15,56 : 362.6"
"15,57 : 262.21"
"15,58 : 975.85"
"15,59 : 695.03"
"15,60 : 522.02"
"15,61 : 406.71"
"15,62 : 57.49"
"15,63 : 624.92"
"15,64 : 562.98"
"15,65 : 1238.73"
"15,66 : 545.31"
"15,67 : 863.38"
"15,68 : 857.96"
"15,69 : 160.25"
"15,70 : 207.74"
"15,71 : 1011.69"
"15,72 : 429.12"
"15,73 : 1138.55"
"15,74 : 715.12"
"15,75 : 458.89"
"15,76 : 353.84"
"15,77 : 457.07"
"15,78 : 930.89"
"15,79 : 143.0"
"15,80 : 746.18"
"15,81 : 274.57"
"15,82 : 791.58"
"15,83 : 951.65"
"15,84 : 1211.67"
"15,85 : 670.46"
"15,86 : 641.83"
"15,87 : 1235.8"
"15,88 : 772.49"
"15,89 : 261.27"
"15,90 : 539.14"
"15,91 : 880.0"
"15,92 : 86.4"
"15,93 : 886.92"
"15,94 : 641.33"
"15,95 : 966.75"
"15,96 : 1198.32"
"15,97 : 588.33"
"15,98 : 480.94"
"15,99 : 842.24"
"16,0 : 846.61"
"16,1 : 578.12"
"16,2 : 358.47"
"16,3 : 837.53"
"16,4 : 482.26"
"16,5 : 829.86"
"16,6 : 903.64"
"16,7 : 295.76"
"16,8 : 940.41"
"16,9 : 596.34"
"16,10 : 836.59"
"16,11 : 906.52"
"16,12 : 697.67"
"16,13 : 232.77"
"16,14 : 619.32"
"16,15 : 290.66"
"16,16 : 0.0"
"16,17 : 349.99"
"16,18 : 681.81"
"16,19 : 832.01"
"16,20 : 319.8"
"16,21 : 531.42"
"16,22 : 887.78"
"16,23 : 938.73"
"16,24 : 639.8"
"16,25 : 280.51"
"16,26 : 593.36"
"16,27 : 765.59"
"16,28 : 819.15"
"16,29 : 605.27"
"16,30 : 695.48"
"16,31 : 657.19"
"16,32 : 330.49"
"16,33 : 174.94"
"16,34 : 654.6"
"16,35 : 429.34"
"16,36 : 806.55"
"16,37 : 288.57"
"16,38 : 519.34"
"16,39 : 657.47"
"16,40 : 866.08"
"16,41 : 486.15"
"16,42 : 634.09"
"16,43 : 965.45"
"16,44 : 215.45"
"16,45 : 495.75"
"16,46 : 572.05"
"16,47 : 326.47"
"16,48 : 58.31"
"16,49 : 355.02"
"16,50 : 226.15"
"16,51 : 322.09"
"16,52 : 454.53"
"16,53 : 919.35"
"16,54 : 717.03"
"16,55 : 1000.96"
"16,56 : 417.04"
"16,57 : 327.48"
"16,58 : 842.56"
"16,59 : 406.77"
"16,60 : 235.76"
"16,61 : 488.46"
"16,62 : 245.07"
"16,63 : 422.28"
"16,64 : 359.65"
"16,65 : 1018.97"
"16,66 : 559.97"
"16,67 : 662.51"
"16,68 : 586.2"
"16,69 : 334.46"
"16,70 : 143.22"
"16,71 : 744.42"
"16,72 : 325.13"
"16,73 : 927.31"
"16,74 : 624.0"
"16,75 : 268.97"
"16,76 : 234.18"
"16,77 : 456.01"
"16,78 : 655.55"
"16,79 : 149.25"
"16,80 : 535.26"
"16,81 : 123.44"
"16,82 : 501.36"
"16,83 : 661.47"
"16,84 : 986.66"
"16,85 : 510.31"
"16,86 : 351.17"
"16,87 : 1019.81"
"16,88 : 773.08"
"16,89 : 172.51"
"16,90 : 601.69"
"16,91 : 897.49"
"16,92 : 221.0"
"16,93 : 804.06"
"16,94 : 581.81"
"16,95 : 745.2"
"16,96 : 995.37"
"16,97 : 374.83"
"16,98 : 258.96"
"16,99 : 854.45"
"17,0 : 510.91"
"17,1 : 250.49"
"17,2 : 97.42"
"17,3 : 494.0"
"17,4 : 138.92"
"17,5 : 591.22"
"17,6 : 566.48"
"17,7 : 540.96"
"17,8 : 590.44"
"17,9 : 413.24"
"17,10 : 547.52"
"17,11 : 597.5"
"17,12 : 592.0"
"17,13 : 298.46"
"17,14 : 434.41"
"17,15 : 527.52"
"17,16 : 349.99"
"17,17 : 0.0"
"17,18 : 343.86"
"17,19 : 494.15"
"17,20 : 371.86"
"17,21 : 203.03"
"17,22 : 607.11"
"17,23 : 667.04"
"17,24 : 290.99"
"17,25 : 310.5"
"17,26 : 246.87"
"17,27 : 500.1"
"17,28 : 473.47"
"17,29 : 285.97"
"17,30 : 449.01"
"17,31 : 597.27"
"17,32 : 27.29"
"17,33 : 200.81"
"17,34 : 517.46"
"17,35 : 400.32"
"17,36 : 467.47"
"17,37 : 206.58"
"17,38 : 293.38"
"17,39 : 425.97"
"17,40 : 547.88"
"17,41 : 373.38"
"17,42 : 461.43"
"17,43 : 616.69"
"17,44 : 153.31"
"17,45 : 385.91"
"17,46 : 625.08"
"17,47 : 239.85"
"17,48 : 407.84"
"17,49 : 84.53"
"17,50 : 398.96"
"17,51 : 437.76"
"17,52 : 424.63"
"17,53 : 627.01"
"17,54 : 492.45"
"17,55 : 680.49"
"17,56 : 342.12"
"17,57 : 343.14"
"17,58 : 492.84"
"17,59 : 484.0"
"17,60 : 402.42"
"17,61 : 401.62"
"17,62 : 470.23"
"17,63 : 102.46"
"17,64 : 56.72"
"17,65 : 711.86"
"17,66 : 359.78"
"17,67 : 335.89"
"17,68 : 414.32"
"17,69 : 448.71"
"17,70 : 325.94"
"17,71 : 539.56"
"17,72 : 133.09"
"17,73 : 611.05"
"17,74 : 298.57"
"17,75 : 81.04"
"17,76 : 174.92"
"17,77 : 286.27"
"17,78 : 489.69"
"17,79 : 437.25"
"17,80 : 221.61"
"17,81 : 268.08"
"17,82 : 523.26"
"17,83 : 654.27"
"17,84 : 686.12"
"17,85 : 160.33"
"17,86 : 398.3"
"17,87 : 708.47"
"17,88 : 508.52"
"17,89 : 266.74"
"17,90 : 444.01"
"17,91 : 634.81"
"17,92 : 442.01"
"17,93 : 471.33"
"17,94 : 291.08"
"17,95 : 442.09"
"17,96 : 671.42"
"17,97 : 87.28"
"17,98 : 109.14"
"17,99 : 591.2"
"18,0 : 167.05"
"18,1 : 278.88"
"18,2 : 326.39"
"18,3 : 294.32"
"18,4 : 258.79"
"18,5 : 629.17"
"18,6 : 381.76"
"18,7 : 882.4"
"18,8 : 294.77"
"18,9 : 361.65"
"18,10 : 508.55"
"18,11 : 498.14"
"18,12 : 554.78"
"18,13 : 632.86"
"18,14 : 588.67"
"18,15 : 868.41"
"18,16 : 681.81"
"18,17 : 343.86"
"18,18 : 0.0"
"18,19 : 326.16"
"18,20 : 689.55"
"18,21 : 280.82"
"18,22 : 569.08"
"18,23 : 632.38"
"18,24 : 95.34"
"18,25 : 532.41"
"18,26 : 106.78"
"18,27 : 521.83"
"18,28 : 264.64"
"18,29 : 306.28"
"18,30 : 520.39"
"18,31 : 607.88"
"18,32 : 356.59"
"18,33 : 544.63"
"18,34 : 471.21"
"18,35 : 680.06"
"18,36 : 302.68"
"18,37 : 527.75"
"18,38 : 279.57"
"18,39 : 293.08"
"18,40 : 436.29"
"18,41 : 611.71"
"18,42 : 396.23"
"18,43 : 299.33"
"18,44 : 467.46"
"18,45 : 440.84"
"18,46 : 733.0"
"18,47 : 545.0"
"18,48 : 740.06"
"18,49 : 387.07"
"18,50 : 738.08"
"18,51 : 762.98"
"18,52 : 534.66"
"18,53 : 560.02"
"18,54 : 336.17"
"18,55 : 342.8"
"18,56 : 614.65"
"18,57 : 655.2"
"18,58 : 228.53"
"18,59 : 653.74"
"18,60 : 656.31"
"18,61 : 648.27"
"18,62 : 811.56"
"18,63 : 259.54"
"18,64 : 322.44"
"18,65 : 385.8"
"18,66 : 527.96"
"18,67 : 51.74"
"18,68 : 377.21"
"18,69 : 772.34"
"18,70 : 669.61"
"18,71 : 394.0"
"18,72 : 445.54"
"18,73 : 279.55"
"18,74 : 290.06"
"18,75 : 420.93"
"18,76 : 514.67"
"18,77 : 518.4"
"18,78 : 419.49"
"18,79 : 780.74"
"18,80 : 157.81"
"18,81 : 611.57"
"18,82 : 635.74"
"18,83 : 700.56"
"18,84 : 368.85"
"18,85 : 202.43"
"18,86 : 582.2"
"18,87 : 378.21"
"18,88 : 529.02"
"18,89 : 609.4"
"18,90 : 621.98"
"18,91 : 623.38"
"18,92 : 783.88"
"18,93 : 334.48"
"18,94 : 372.38"
"18,95 : 159.39"
"18,96 : 331.36"
"18,97 : 307.88"
"18,98 : 422.91"
"18,99 : 589.49"
"19,0 : 352.51"
"19,1 : 254.66"
"19,2 : 539.22"
"19,3 : 46.04"
"19,4 : 355.27"
"19,5 : 371.1"
"19,6 : 72.34"
"19,7 : 939.03"
"19,8 : 214.67"
"19,9 : 683.17"
"19,10 : 221.44"
"19,11 : 178.08"
"19,12 : 879.65"
"19,13 : 690.59"
"19,14 : 442.65"
"19,15 : 923.01"
"19,16 : 832.01"
"19,17 : 494.15"
"19,18 : 326.16"
"19,19 : 0.0"
"19,20 : 703.32"
"19,21 : 300.67"
"19,22 : 270.35"
"19,23 : 327.51"
"19,24 : 268.23"
"19,25 : 778.52"
"19,26 : 314.56"
"19,27 : 279.73"
"19,28 : 69.64"
"19,29 : 233.57"
"19,30 : 323.43"
"19,31 : 928.35"
"19,32 : 519.36"
"19,33 : 661.4"
"19,34 : 795.52"
"19,35 : 640.41"
"19,36 : 27.51"
"19,37 : 582.13"
"19,38 : 585.19"
"19,39 : 619.19"
"19,40 : 118.41"
"19,41 : 541.81"
"19,42 : 720.55"
"19,43 : 274.8"
"19,44 : 647.37"
"19,45 : 745.26"
"19,46 : 1034.84"
"19,47 : 572.12"
"19,48 : 887.24"
"19,49 : 477.44"
"19,50 : 796.58"
"19,51 : 780.5"
"19,52 : 828.51"
"19,53 : 247.25"
"19,54 : 660.8"
"19,55 : 514.0"
"19,56 : 581.91"
"19,57 : 665.81"
"19,58 : 144.28"
"19,59 : 930.57"
"19,60 : 888.01"
"19,61 : 577.28"
"19,62 : 873.17"
"19,63 : 470.02"
"19,64 : 511.28"
"19,65 : 585.62"
"19,66 : 418.69"
"19,67 : 377.45"
"19,68 : 697.36"
"19,69 : 785.31"
"19,70 : 763.32"
"19,71 : 718.08"
"19,72 : 516.21"
"19,73 : 490.73"
"19,74 : 211.42"
"19,75 : 570.51"
"19,76 : 608.69"
"19,77 : 475.35"
"19,78 : 744.68"
"19,79 : 882.05"
"19,80 : 436.19"
"19,81 : 726.24"
"19,82 : 933.24"
"19,83 : 1016.88"
"19,84 : 591.16"
"19,85 : 348.05"
"19,86 : 849.78"
"19,87 : 568.15"
"19,88 : 283.35"
"19,89 : 700.33"
"19,90 : 488.06"
"19,91 : 332.49"
"19,92 : 851.01"
"19,93 : 41.11"
"19,94 : 283.11"
"19,95 : 467.74"
"19,96 : 493.08"
"19,97 : 516.42"
"19,98 : 602.32"
"19,99 : 310.64"
"20,0 : 851.07"
"20,1 : 468.52"
"20,2 : 450.46"
"20,3 : 725.65"
"20,4 : 432.36"
"20,5 : 575.15"
"20,6 : 766.56"
"20,7 : 242.84"
"20,8 : 871.02"
"20,9 : 766.45"
"20,10 : 628.49"
"20,11 : 717.07"
"20,12 : 920.18"
"20,13 : 98.72"
"20,14 : 353.39"
"20,15 : 226.57"
"20,16 : 319.8"
"20,17 : 371.86"
"20,18 : 689.55"
"20,19 : 703.32"
"20,20 : 0.0"
"20,21 : 436.37"
"20,22 : 665.55"
"20,23 : 703.44"
"20,24 : 612.04"
"20,25 : 532.85"
"20,26 : 583.16"
"20,27 : 541.07"
"20,28 : 717.59"
"20,29 : 475.3"
"20,30 : 463.62"
"20,31 : 902.49"
"20,32 : 375.38"
"20,33 : 229.87"
"20,34 : 856.95"
"20,35 : 117.24"
"20,36 : 683.79"
"20,37 : 165.92"
"20,38 : 655.09"
"20,39 : 793.46"
"20,40 : 694.28"
"20,41 : 204.79"
"20,42 : 812.83"
"20,43 : 913.47"
"20,44 : 362.05"
"20,45 : 705.16"
"20,46 : 861.67"
"20,47 : 145.1"
"20,48 : 339.56"
"20,49 : 305.49"
"20,50 : 124.31"
"20,51 : 77.7"
"20,52 : 702.41"
"20,53 : 707.38"
"20,54 : 859.76"
"20,55 : 1032.33"
"20,56 : 137.0"
"20,57 : 37.59"
"20,58 : 767.62"
"20,59 : 696.02"
"20,60 : 539.06"
"20,61 : 191.02"
"20,62 : 187.27"
"20,63 : 474.28"
"20,64 : 420.92"
"20,65 : 1072.14"
"20,66 : 319.06"
"20,67 : 694.21"
"20,68 : 763.41"
"20,69 : 84.5"
"20,70 : 176.64"
"20,71 : 903.21"
"20,72 : 246.46"
"20,73 : 967.69"
"20,74 : 499.77"
"20,75 : 327.15"
"20,76 : 209.12"
"20,77 : 231.6"
"20,78 : 839.62"
"20,79 : 249.11"
"20,80 : 591.23"
"20,81 : 217.08"
"20,82 : 775.77"
"20,83 : 931.28"
"20,84 : 1049.91"
"20,85 : 487.12"
"20,86 : 623.32"
"20,87 : 1066.36"
"20,88 : 546.72"
"20,89 : 167.33"
"20,90 : 321.49"
"20,91 : 656.99"
"20,92 : 175.52"
"20,93 : 665.99"
"20,94 : 420.26"
"20,95 : 809.08"
"20,96 : 1020.36"
"20,97 : 450.96"
"20,98 : 370.17"
"20,99 : 618.16"
"21,0 : 426.88"
"21,1 : 47.85"
"21,2 : 272.25"
"21,3 : 309.13"
"21,4 : 73.59"
"21,5 : 416.31"
"21,6 : 372.23"
"21,7 : 657.31"
"21,8 : 437.36"
"21,9 : 521.42"
"21,10 : 349.57"
"21,11 : 394.61"
"21,12 : 719.12"
"21,13 : 403.39"
"21,14 : 317.27"
"21,15 : 641.83"
"21,16 : 531.42"
"21,17 : 203.03"
"21,18 : 280.82"
"21,19 : 300.67"
"21,20 : 436.37"
"21,21 : 0.0"
"21,22 : 411.01"
"21,23 : 473.1"
"21,24 : 189.27"
"21,25 : 508.47"
"21,26 : 180.19"
"21,27 : 315.23"
"21,28 : 294.16"
"21,29 : 83.65"
"21,30 : 281.3"
"21,31 : 743.91"
"21,32 : 229.99"
"21,33 : 361.07"
"21,34 : 636.69"
"21,35 : 406.75"
"21,36 : 275.53"
"21,37 : 292.49"
"21,38 : 400.26"
"21,39 : 496.34"
"21,40 : 345.05"
"21,41 : 331.71"
"21,42 : 568.04"
"21,43 : 477.45"
"21,44 : 354.59"
"21,45 : 537.0"
"21,46 : 805.24"
"21,47 : 293.53"
"21,48 : 586.58"
"21,49 : 176.82"
"21,50 : 511.65"
"21,51 : 513.52"
"21,52 : 598.22"
"21,53 : 426.86"
"21,54 : 557.33"
"21,55 : 613.48"
"21,56 : 341.43"
"21,57 : 399.49"
"21,58 : 334.03"
"21,59 : 676.28"
"21,60 : 605.34"
"21,61 : 368.64"
"21,62 : 588.54"
"21,63 : 217.9"
"21,64 : 235.13"
"21,65 : 663.74"
"21,66 : 250.8"
"21,67 : 304.8"
"21,68 : 529.21"
"21,69 : 520.87"
"21,70 : 467.52"
"21,71 : 613.26"
"21,72 : 219.17"
"21,73 : 556.65"
"21,74 : 95.8"
"21,75 : 273.56"
"21,76 : 310.01"
"21,77 : 239.91"
"21,78 : 596.28"
"21,79 : 586.29"
"21,80 : 260.58"
"21,81 : 426.64"
"21,82 : 701.81"
"21,83 : 815.87"
"21,84 : 649.11"
"21,85 : 113.22"
"21,86 : 591.31"
"21,87 : 654.3"
"21,88 : 323.68"
"21,89 : 404.01"
"21,90 : 345.83"
"21,91 : 445.5"
"21,92 : 564.08"
"21,93 : 273.22"
"21,94 : 112.4"
"21,95 : 430.09"
"21,96 : 598.87"
"21,97 : 251.02"
"21,98 : 311.88"
"21,99 : 403.11"
"22,0 : 621.76"
"22,1 : 368.78"
"22,2 : 683.2"
"22,3 : 315.99"
"22,4 : 484.32"
"22,5 : 134.36"
"22,6 : 265.84"
"22,7 : 907.26"
"22,8 : 471.76"
"22,9 : 902.26"
"22,10 : 63.13"
"22,11 : 111.43"
"22,12 : 1102.75"
"22,13 : 691.45"
"22,14 : 321.28"
"22,15 : 891.09"
"22,16 : 887.78"
"22,17 : 607.11"
"22,18 : 569.08"
"22,19 : 270.35"
"22,20 : 665.55"
"22,21 : 411.01"
"22,22 : 0.0"
"22,23 : 64.4"
"22,24 : 488.62"
"22,25 : 917.07"
"22,26 : 521.28"
"22,27 : 125.2"
"22,28 : 339.13"
"22,29 : 328.8"
"22,30 : 202.02"
"22,31 : 1139.28"
"22,32 : 634.38"
"22,33 : 714.16"
"22,34 : 1018.22"
"22,35 : 568.1"
"22,36 : 283.01"
"22,37 : 602.28"
"22,38 : 789.73"
"22,39 : 853.38"
"22,40 : 155.08"
"22,41 : 465.15"
"22,42 : 944.83"
"22,43 : 533.27"
"22,44 : 749.98"
"22,45 : 939.25"
"22,46 : 1214.95"
"22,47 : 572.62"
"22,48 : 934.98"
"22,49 : 553.93"
"22,50 : 782.14"
"22,51 : 734.16"
"22,52 : 1007.18"
"22,53 : 50.61"
"22,54 : 903.18"
"22,55 : 783.4"
"22,56 : 528.69"
"22,57 : 632.06"
"22,58 : 414.57"
"22,59 : 1087.03"
"22,60 : 1005.86"
"22,61 : 490.42"
"22,62 : 852.17"
"22,63 : 626.93"
"22,64 : 645.31"
"22,65 : 855.71"
"22,66 : 347.0"
"22,67 : 616.72"
"22,68 : 913.61"
"22,69 : 734.48"
"22,70 : 782.06"
"22,71 : 961.3"
"22,72 : 566.38"
"22,73 : 760.95"
"22,74 : 325.32"
"22,75 : 665.02"
"22,76 : 653.97"
"22,77 : 444.71"
"22,78 : 971.31"
"22,79 : 892.77"
"22,80 : 638.44"
"22,81 : 767.0"
"22,82 : 1111.47"
"22,83 : 1218.28"
"22,84 : 861.48"
"22,85 : 509.15"
"22,86 : 1001.84"
"22,87 : 837.96"
"22,88 : 119.0"
"22,89 : 726.28"
"22,90 : 363.89"
"22,91 : 63.64"
"22,92 : 837.04"
"22,93 : 244.05"
"22,94 : 317.55"
"22,95 : 722.77"
"22,96 : 762.21"
"22,97 : 662.03"
"22,98 : 711.97"
"22,99 : 62.37"
"23,0 : 679.99"
"23,1 : 431.73"
"23,2 : 744.98"
"23,3 : 372.37"
"23,4 : 546.59"
"23,5 : 139.14"
"23,6 : 314.08"
"23,7 : 943.08"
"23,8 : 521.16"
"23,9 : 966.66"
"23,10 : 127.44"
"23,11 : 156.01"
"23,12 : 1167.15"
"23,13 : 736.01"
"23,14 : 352.36"
"23,15 : 927.04"
"23,16 : 938.73"
"23,17 : 667.04"
"23,18 : 632.38"
"23,19 : 327.51"
"23,20 : 703.44"
"23,21 : 473.1"
"23,22 : 64.4"
"23,23 : 0.0"
"23,24 : 552.74"
"23,25 : 977.4"
"23,26 : 585.67"
"23,27 : 173.35"
"23,28 : 396.99"
"23,29 : 391.57"
"23,30 : 244.95"
"23,31 : 1203.55"
"23,32 : 694.23"
"23,33 : 766.32"
"23,34 : 1082.62"
"23,35 : 600.8"
"23,36 : 342.32"
"23,37 : 651.39"
"23,38 : 854.03"
"23,39 : 917.52"
"23,40 : 209.61"
"23,41 : 500.0"
"23,42 : 1009.21"
"23,43 : 582.38"
"23,44 : 807.74"
"23,45 : 1003.12"
"23,46 : 1277.82"
"23,47 : 619.23"
"23,48 : 984.41"
"23,49 : 611.01"
"23,50 : 822.73"
"23,51 : 769.17"
"23,52 : 1070.23"
"23,53 : 83.02"
"23,54 : 966.96"
"23,55 : 837.37"
"23,56 : 566.55"
"23,57 : 671.38"
"23,58 : 470.85"
"23,59 : 1148.41"
"23,60 : 1063.86"
"23,61 : 522.04"
"23,62 : 890.69"
"23,63 : 689.78"
"23,64 : 706.6"
"23,65 : 910.66"
"23,66 : 388.36"
"23,67 : 680.36"
"23,68 : 978.01"
"23,69 : 768.55"
"23,70 : 828.4"
"23,71 : 1025.07"
"23,72 : 620.24"
"23,73 : 817.89"
"23,74 : 388.93"
"23,75 : 722.67"
"23,76 : 705.87"
"23,77 : 489.53"
"23,78 : 1035.68"
"23,79 : 936.63"
"23,80 : 702.8"
"23,81 : 816.88"
"23,82 : 1174.35"
"23,83 : 1282.23"
"23,84 : 917.98"
"23,85 : 572.77"
"23,86 : 1063.06"
"23,87 : 892.42"
"23,88 : 165.7"
"23,89 : 774.42"
"23,90 : 391.48"
"23,91 : 48.27"
"23,92 : 877.05"
"23,93 : 304.24"
"23,94 : 376.3"
"23,95 : 785.16"
"23,96 : 815.92"
