x,y
952,527
62,58
565,966
713,313
433,23
604,590
20,423
909,549
913,477
666,10
850,237
808,977
715,917
608,824
883,110
847,441
61,571
28,659
591,421
668,862
1,988
375,128
843,283
85,106
448,475
820,141
621,364
927,146
415,992
706,835
47,931
517,669
627,781
93,98
177,755
556,213
865,921
216,116
224,519
791,165
580,537
653,781
714,206
627,889
370,847
633,501
480,38
56,98
104,152
849,956
246,581
536,783
449,61
842,431
312,338
626,48
245,237
440,472
643,408
663,759
858,761
219,64
85,994
83,721
214,350
582,584
84,493
65,471
440,983
273,25
70,130
231,976
970,531
908,735
953,156
3,878
480,637
576,278
158,704
332,16
910,540
231,912
151,580
573,562
268,328
995,85
665,271
223,110
425,309
756,826
356,484
700,741
669,586
363,678
540,697
941,284
510,227
155,80
791,568
778,744

Distanze
"0,0 : 0.0"
"0,1 : 208.09"
"0,2 : 764.77"
"0,3 : 569.25"
"0,4 : 458.21"
"0,5 : 699.8"
"0,6 : 692.28"
"0,7 : 592.76"
"0,8 : 536.12"
"0,9 : 366.44"
"0,10 : 223.57"
"0,11 : 375.11"
"0,12 : 136.12"
"0,13 : 350.68"
"0,14 : 372.4"
"0,15 : 557.26"
"0,16 : 443.6"
"0,17 : 556.79"
"0,18 : 418.27"
"0,19 : 306.66"
"0,20 : 480.93"
"0,21 : 350.85"
"0,22 : 319.23"
"0,23 : 780.93"
"0,24 : 501.5"
"0,25 : 376.89"
"0,26 : 587.0"
"0,27 : 623.77"
"0,28 : 592.98"
"0,29 : 502.24"
"0,30 : 407.2"
"0,31 : 233.82"
"0,32 : 652.77"
"0,33 : 763.93"
"0,34 : 349.28"
"0,35 : 471.43"
"0,36 : 173.0"
"0,37 : 260.07"
"0,38 : 796.38"
"0,39 : 333.05"
"0,40 : 589.16"
"0,41 : 523.63"
"0,42 : 329.2"
"0,43 : 97.2"
"0,44 : 412.35"
"0,45 : 220.51"
"0,46 : 200.87"
"0,47 : 293.74"
"0,48 : 137.57"
"0,49 : 273.4"
"0,50 : 454.58"
"0,51 : 132.1"
"0,52 : 151.71"
"0,53 : 634.72"
"0,54 : 469.78"
"0,55 : 292.07"
"0,56 : 774.32"
"0,57 : 90.05"
"0,58 : 384.66"
"0,59 : 186.36"
"0,60 : 460.2"
"0,61 : 135.37"
"0,62 : 450.47"
"0,63 : 436.03"
"0,64 : 277.05"
"0,65 : 521.14"
"0,66 : 682.11"
"0,67 : 463.2"
"0,68 : 323.54"
"0,69 : 700.12"
"0,70 : 506.02"
"0,71 : 476.27"
"0,72 : 721.84"
"0,73 : 335.29"
"0,74 : 302.21"
"0,75 : 702.77"
"0,76 : 419.0"
"0,77 : 255.64"
"0,78 : 344.54"
"0,79 : 274.19"
"0,80 : 334.0"
"0,81 : 173.4"
"0,82 : 608.76"
"0,83 : 624.54"
"0,84 : 186.23"
"0,85 : 423.22"
"0,86 : 906.52"
"0,87 : 391.05"
"0,88 : 814.69"
"0,89 : 443.93"
"0,90 : 306.45"
"0,91 : 245.28"
"0,92 : 673.27"
"0,93 : 200.0"
"0,94 : 589.48"
"0,95 : 453.28"
"0,96 : 321.4"
"0,97 : 613.19"
"0,98 : 740.26"
"0,99 : 564.9"
"1,0 : 208.09"
"1,1 : 0.0"
"1,2 : 601.07"
"1,3 : 361.73"
"1,4 : 350.41"
"1,5 : 507.9"
"1,6 : 484.34"
"1,7 : 578.7"
"1,8 : 621.72"
"1,9 : 527.55"
"1,10 : 375.99"
"1,11 : 419.24"
"1,12 : 339.48"
"1,13 : 165.08"
"1,14 : 520.34"
"1,15 : 377.48"
"1,16 : 435.4"
"1,17 : 378.87"
"1,18 : 509.91"
"1,19 : 256.64"
"1,20 : 446.88"
"1,21 : 216.39"
"1,22 : 370.64"
"1,23 : 607.6"
"1,24 : 631.73"
"1,25 : 541.9"
"1,26 : 379.08"
"1,27 : 721.01"
"1,28 : 554.15"
"1,29 : 301.08"
"1,30 : 333.95"
"1,31 : 201.76"
"1,32 : 464.49"
"1,33 : 576.78"
"1,34 : 496.61"
"1,35 : 412.12"
"1,36 : 35.36"
"1,37 : 102.53"
"1,38 : 625.5"
"1,39 : 505.19"
"1,40 : 680.88"
"1,41 : 323.48"
"1,42 : 422.12"
"1,43 : 171.92"
"1,44 : 361.55"
"1,45 : 403.89"
"1,46 : 107.91"
"1,47 : 99.02"
"1,48 : 85.0"
"1,49 : 364.28"
"1,50 : 591.45"
"1,51 : 117.0"
"1,52 : 83.6"
"1,53 : 452.13"
"1,54 : 353.77"
"1,55 : 88.6"
"1,56 : 591.51"
"1,57 : 298.02"
"1,58 : 211.95"
"1,59 : 135.33"
"1,60 : 369.13"
"1,61 : 236.32"
"1,62 : 288.43"
"1,63 : 309.74"
"1,64 : 69.87"
"1,65 : 406.66"
"1,66 : 492.41"
"1,67 : 345.69"
"1,68 : 128.14"
"1,69 : 522.77"
"1,70 : 298.0"
"1,71 : 470.86"
"1,72 : 575.45"
"1,73 : 178.53"
"1,74 : 255.74"
"1,75 : 520.47"
"1,76 : 245.45"
"1,77 : 131.86"
"1,78 : 300.24"
"1,79 : 98.27"
"1,80 : 388.93"
"1,81 : 381.03"
"1,82 : 424.53"
"1,83 : 718.45"
"1,84 : 128.35"
"1,85 : 427.68"
"1,86 : 752.97"
"1,87 : 418.23"
"1,88 : 653.55"
"1,89 : 512.41"
"1,90 : 418.67"
"1,91 : 341.74"
"1,92 : 553.38"
"1,93 : 278.15"
"1,94 : 464.18"
"1,95 : 329.8"
"1,96 : 492.97"
"1,97 : 476.22"
"1,98 : 566.2"
"1,99 : 450.52"
"2,0 : 764.77"
"2,1 : 601.07"
"2,2 : 0.0"
"2,3 : 455.96"
"2,4 : 819.29"
"2,5 : 187.67"
"2,6 : 397.86"
"2,7 : 522.25"
"2,8 : 782.1"
"2,9 : 1121.99"
"2,10 : 789.63"
"2,11 : 622.9"
"2,12 : 897.66"
"2,13 : 606.87"
"2,14 : 861.8"
"2,15 : 229.92"
"2,16 : 520.02"
"2,17 : 226.45"
"2,18 : 741.69"
"2,19 : 818.75"
"2,20 : 462.28"
"2,21 : 712.24"
"2,22 : 963.44"
"2,23 : 797.57"
"2,24 : 892.04"
"2,25 : 912.97"
"2,26 : 439.01"
"2,27 : 868.36"
"2,28 : 451.64"
"2,29 : 536.99"
"2,30 : 852.85"
"2,31 : 787.78"
"2,32 : 651.13"
"2,33 : 709.23"
"2,34 : 1094.88"
"2,35 : 411.35"
"2,36 : 629.52"
"2,37 : 651.04"
"2,38 : 49.04"
"2,39 : 1094.13"
"2,40 : 830.02"
"2,41 : 330.92"
"2,42 : 711.2"
"2,43 : 767.6"
"2,44 : 446.21"
"2,45 : 984.31"
"2,46 : 564.15"
"2,47 : 503.06"
"2,48 : 634.39"
"2,49 : 691.96"
"2,50 : 881.78"
"2,51 : 717.07"
"2,52 : 617.89"
"2,53 : 675.25"
"2,54 : 808.29"
"2,55 : 570.83"
"2,56 : 741.77"
"2,57 : 838.8"
"2,58 : 389.72"
"2,59 : 580.06"
"2,60 : 360.1"
"2,61 : 687.87"
"2,62 : 686.06"
"2,63 : 337.83"
"2,64 : 563.47"
"2,65 : 842.78"
"2,66 : 654.22"
"2,67 : 322.87"
"2,68 : 476.1"
"2,69 : 732.02"
"2,70 : 447.25"
"2,71 : 526.85"
"2,72 : 89.55"
"2,73 : 432.3"
"2,74 : 502.58"
"2,75 : 707.26"
"2,76 : 645.49"
"2,77 : 691.69"
"2,78 : 483.37"
"2,79 : 505.89"
"2,80 : 638.04"
"2,81 : 922.2"
"2,82 : 656.84"
"2,83 : 858.39"
"2,84 : 724.17"
"2,85 : 546.37"
"2,86 : 157.87"
"2,87 : 590.79"
"2,88 : 53.25"
"2,89 : 695.01"
"2,90 : 1019.73"
"2,91 : 942.74"
"2,92 : 199.45"
"2,93 : 879.11"
"2,94 : 857.7"
"2,95 : 782.37"
"2,96 : 894.23"
"2,97 : 838.45"
"2,98 : 63.95"
"2,99 : 258.16"
"3,0 : 569.25"
"3,1 : 361.73"
"3,2 : 455.96"
"3,3 : 0.0"
"3,4 : 394.18"
"3,5 : 279.25"
"3,6 : 135.52"
"3,7 : 742.01"
"3,8 : 893.62"
"3,9 : 845.6"
"3,10 : 719.81"
"3,11 : 683.57"
"3,12 : 696.74"
"3,13 : 245.41"
"3,14 : 851.78"
"3,15 : 269.71"
"3,16 : 641.41"
"3,17 : 277.5"
"3,18 : 800.1"
"3,19 : 453.79"
"3,20 : 616.95"
"3,21 : 327.34"
"3,22 : 619.1"
"3,23 : 364.73"
"3,24 : 943.06"
"3,25 : 883.23"
"3,26 : 23.43"
"3,27 : 995.6"
"3,28 : 687.61"
"3,29 : 100.5"
"3,30 : 448.45"
"3,31 : 457.93"
"3,32 : 204.47"
"3,33 : 291.24"
"3,34 : 805.49"
"3,35 : 558.95"
"3,36 : 396.41"
"3,37 : 333.1"
"3,38 : 450.88"
"3,39 : 834.0"
"3,40 : 953.2"
"3,41 : 156.39"
"3,42 : 725.54"
"3,43 : 514.63"
"3,44 : 540.94"
"3,45 : 746.88"
"3,46 : 417.82"
"3,47 : 295.2"
"3,48 : 441.96"
"3,49 : 675.95"
"3,50 : 910.61"
"3,51 : 456.53"
"3,52 : 434.18"
"3,53 : 222.81"
"3,54 : 378.8"
"3,55 : 278.12"
"3,56 : 319.31"
"3,57 : 659.3"
"3,58 : 287.7"
"3,59 : 451.27"
"3,60 : 485.21"
"3,61 : 579.3"
"3,62 : 258.61"
"3,63 : 397.15"
"3,64 : 292.25"
"3,65 : 402.62"
"3,66 : 216.18"
"3,67 : 426.99"
"3,68 : 272.12"
"3,69 : 287.45"
"3,70 : 66.73"
"3,71 : 670.43"
"3,72 : 488.5"
"3,73 : 329.51"
"3,74 : 493.13"
"3,75 : 266.96"
"3,76 : 234.1"
"3,77 : 362.46"
"3,78 : 516.16"
"3,79 : 327.95"
"3,80 : 669.4"
"3,81 : 741.02"
"3,82 : 202.0"
"3,83 : 989.87"
"3,84 : 428.0"
"3,85 : 650.25"
"3,86 : 607.3"
"3,87 : 666.84"
"3,88 : 504.1"
"3,89 : 781.77"
"3,90 : 708.79"
"3,91 : 635.9"
"3,92 : 538.94"
"3,93 : 578.38"
"3,94 : 406.43"
"3,95 : 356.24"
"3,96 : 839.96"
"3,97 : 383.94"
"3,98 : 395.43"
"3,99 : 485.23"
"4,0 : 458.21"
"4,1 : 350.41"
"4,2 : 819.29"
"4,3 : 394.18"
"4,4 : 0.0"
"4,5 : 662.6"
"4,6 : 519.72"
"4,7 : 925.0"
"4,8 : 963.53"
"4,9 : 558.66"
"4,10 : 678.46"
"4,11 : 767.2"
"4,12 : 527.9"
"4,13 : 228.43"
"4,14 : 828.49"
"4,15 : 596.19"
"4,16 : 784.74"
"4,17 : 601.71"
"4,18 : 848.06"
"4,19 : 162.83"
"4,20 : 791.53"
"4,21 : 135.37"
"4,22 : 295.08"
"4,23 : 371.65"
"4,24 : 953.36"
"4,25 : 835.09"
"4,26 : 417.16"
"4,27 : 1059.88"
"4,28 : 894.21"
"4,29 : 295.27"
"4,30 : 79.01"
"4,31 : 228.04"
"4,32 : 312.62"
"4,33 : 395.98"
"4,34 : 510.88"
"4,35 : 750.38"
"4,36 : 358.85"
"4,37 : 247.92"
"4,38 : 825.3"
"4,39 : 566.2"
"4,40 : 1021.35"
"4,41 : 488.39"
"4,42 : 757.71"
"4,43 : 362.26"
"4,44 : 705.05"
"4,45 : 522.36"
"4,46 : 458.29"
"4,47 : 393.74"
"4,48 : 414.19"
"4,49 : 698.56"
"4,50 : 908.35"
"4,51 : 332.96"
"4,52 : 422.24"
"4,53 : 278.61"
"4,54 : 20.4"
"4,55 : 301.7"
"4,56 : 390.68"
"4,57 : 527.4"
"4,58 : 491.59"
"4,59 : 483.93"
"4,60 : 695.66"
"4,61 : 556.39"
"4,62 : 136.46"
"4,63 : 619.0"
"4,64 : 323.29"
"4,65 : 63.03"
"4,66 : 339.95"
"4,67 : 657.0"
"4,68 : 403.1"
"4,69 : 312.26"
"4,70 : 377.34"
"4,71 : 820.06"
"4,72 : 826.92"
"4,73 : 488.92"
"4,74 : 604.67"
"4,75 : 329.29"
"4,76 : 173.82"
"4,77 : 223.61"
"4,78 : 647.82"
"4,79 : 419.91"
"4,80 : 734.34"
"4,81 : 580.37"
"4,82 : 266.95"
"4,83 : 1058.51"
"4,84 : 276.12"
"4,85 : 777.95"
"4,86 : 976.69"
"4,87 : 768.04"
"4,88 : 871.39"
"4,89 : 857.33"
"4,90 : 407.11"
"4,91 : 357.3"
"4,92 : 840.61"
"4,93 : 328.15"
"4,94 : 133.14"
"4,95 : 38.01"
"4,96 : 779.36"
"4,97 : 164.0"
"4,98 : 765.7"
"4,99 : 752.53"
"5,0 : 699.8"
"5,1 : 507.9"
"5,2 : 187.67"
"5,3 : 279.25"
"5,4 : 662.6"
"5,5 : 0.0"
"5,6 : 210.28"
"5,7 : 621.79"
"5,8 : 845.91"
"5,9 : 1034.65"
"5,10 : 777.4"
"5,11 : 657.19"
"5,12 : 835.92"
"5,13 : 469.26"
"5,14 : 877.43"
"5,15 : 153.08"
"5,16 : 574.27"
"5,17 : 157.01"
"5,18 : 781.33"
"5,19 : 688.21"
"5,20 : 527.23"
"5,21 : 570.69"
"5,22 : 844.61"
"5,23 : 610.25"
"5,24 : 934.12"
"5,25 : 922.14"
"5,26 : 259.79"
"5,27 : 941.48"
"5,28 : 554.44"
"5,29 : 369.91"
"5,30 : 706.2"
"5,31 : 670.43"
"5,32 : 466.55"
"5,33 : 521.58"
"5,34 : 1001.61"
"5,35 : 467.61"
"5,36 : 541.17"
"5,37 : 532.0"
"5,38 : 173.4"
"5,39 : 1013.09"
"5,40 : 900.32"
"5,41 : 190.26"
"5,42 : 730.56"
"5,43 : 679.81"
"5,44 : 480.71"
"5,45 : 910.21"
"5,46 : 504.4"
"5,47 : 410.55"
"5,48 : 562.47"
"5,49 : 697.32"
"5,50 : 914.29"
"5,51 : 623.79"
"5,52 : 548.1"
"5,53 : 492.44"
"5,54 : 649.32"
"5,55 : 454.8"
"5,56 : 554.15"
"5,57 : 783.61"
"5,58 : 318.02"
"5,59 : 529.22"
"5,60 : 397.54"
"5,61 : 654.01"
"5,62 : 526.44"
"5,63 : 335.04"
"5,64 : 454.58"
"5,65 : 678.32"
"5,66 : 468.07"
"5,67 : 341.25"
"5,68 : 380.58"
"5,69 : 546.37"
"5,70 : 285.38"
"5,71 : 591.83"
"5,72 : 246.44"
"5,73 : 371.1"
"5,74 : 495.06"
"5,75 : 521.03"
"5,76 : 491.5"
"5,77 : 570.65"
"5,78 : 492.97"
"5,79 : 425.8"
"5,80 : 660.49"
"5,81 : 869.32"
"5,82 : 475.84"
"5,83 : 932.99"
"5,84 : 617.39"
"5,85 : 594.64"
"5,86 : 330.22"
"5,87 : 629.76"
"5,88 : 230.05"
"5,89 : 744.65"
"5,90 : 916.03"
"5,91 : 839.1"
"5,92 : 333.29"
"5,93 : 776.31"
"5,94 : 685.6"
"5,95 : 624.76"
"5,96 : 892.61"
"5,97 : 662.91"
"5,98 : 123.79"
"5,99 : 333.79"
"6,0 : 692.28"
"6,1 : 484.34"
"6,2 : 397.86"
"6,3 : 135.52"
"6,4 : 519.72"
"6,5 : 210.28"
"6,6 : 0.0"
"6,7 : 778.76"
"6,8 : 964.02"
"6,9 : 980.1"
"6,10 : 825.02"
"6,11 : 758.96"
"6,12 : 823.05"
"6,13 : 380.31"
"6,14 : 948.48"
"6,15 : 277.32"
"6,16 : 699.48"
"6,17 : 285.16"
"6,18 : 880.41"
"6,19 : 588.92"
"6,20 : 664.72"
"6,21 : 462.2"
"6,22 : 754.43"
"6,23 : 402.0"
"6,24 : 1028.76"
"6,25 : 984.59"
"6,26 : 112.92"
"6,27 : 1064.54"
"6,28 : 717.18"
"6,29 : 233.55"
"6,30 : 578.99"
"6,31 : 593.16"
"6,32 : 268.68"
"6,33 : 311.92"
"6,34 : 940.45"
"6,35 : 604.24"
"6,36 : 519.62"
"6,37 : 466.08"
"6,38 : 379.3"
"6,39 : 967.5"
"6,40 : 1022.21"
"6,41 : 201.78"
"6,42 : 813.35"
"6,43 : 644.27"
"6,44 : 598.86"
"6,45 : 877.93"
"6,46 : 525.04"
"6,47 : 405.77"
"6,48 : 560.0"
"6,49 : 768.6"
"6,50 : 1000.47"
"6,51 : 585.85"
"6,52 : 550.18"
"6,53 : 299.28"
"6,54 : 502.86"
"6,55 : 405.57"
"6,56 : 344.7"
"6,57 : 781.97"
"6,58 : 365.67"
"6,59 : 556.92"
"6,60 : 529.14"
"6,61 : 687.32"
"6,62 : 387.11"
"6,63 : 446.84"
"6,64 : 416.66"
"6,65 : 519.92"
"6,66 : 264.85"
"6,67 : 468.53"
"6,68 : 378.71"
"6,69 : 343.76"
"6,70 : 188.66"
"6,71 : 724.34"
"6,72 : 452.52"
"6,73 : 415.99"
"6,74 : 573.8"
"6,75 : 316.93"
"6,76 : 367.49"
"6,77 : 496.9"
"6,78 : 588.09"
"6,79 : 434.66"
"6,80 : 751.08"
"6,81 : 865.37"
"6,82 : 288.53"
"6,83 : 1057.63"
"6,84 : 560.71"
"6,85 : 713.3"
"6,86 : 534.08"
"6,87 : 737.71"
"6,88 : 438.17"
"6,89 : 854.79"
"6,90 : 844.18"
"6,91 : 771.01"
"6,92 : 527.0"
"6,93 : 712.97"
"6,94 : 511.79"
"6,95 : 482.3"
"6,96 : 945.15"
"6,97 : 482.55"
"6,98 : 333.92"
"6,99 : 499.86"
"7,0 : 592.76"
"7,1 : 578.7"
"7,2 : 522.25"
"7,3 : 742.01"
"7,4 : 925.0"
"7,5 : 621.79"
"7,6 : 778.76"
"7,7 : 0.0"
"7,8 : 283.32"
"7,9 : 933.62"
"7,10 : 463.02"
"7,11 : 235.67"
"7,12 : 677.42"
"7,13 : 707.87"
"7,14 : 447.44"
"7,15 : 502.1"
"7,16 : 150.08"
"7,17 : 494.45"
"7,18 : 296.81"
"7,19 : 829.63"
"7,20 : 134.1"
"7,21 : 789.65"
"7,22 : 902.45"
"7,23 : 1096.39"
"7,24 : 418.57"
"7,25 : 504.6"
"7,26 : 741.05"
"7,27 : 354.01"
"7,28 : 70.6"
"7,29 : 759.16"
"7,30 : 912.53"
"7,31 : 764.17"
"7,32 : 933.35"
"7,33 : 1031.91"
"7,34 : 928.69"
"7,35 : 184.94"
"7,36 : 579.83"
"7,37 : 679.15"
"7,38 : 571.28"
"7,39 : 891.27"
"7,40 : 319.76"
"7,41 : 591.16"
"7,42 : 326.44"
"7,43 : 660.61"
"7,44 : 220.6"
"7,45 : 780.49"
"7,46 : 473.95"
"7,47 : 536.12"
"7,48 : 537.01"
"7,49 : 352.68"
"7,50 : 427.65"
"7,51 : 644.11"
"7,52 : 523.19"
"7,53 : 938.96"
"7,54 : 925.56"
"7,55 : 625.87"
"7,56 : 1058.09"
"7,57 : 615.52"
"7,58 : 467.94"
"7,59 : 456.19"
"7,60 : 256.91"
"7,61 : 459.16"
"7,62 : 835.19"
"7,63 : 345.33"
"7,64 : 602.96"
"7,65 : 976.71"
"7,66 : 951.93"
"7,67 : 315.32"
"7,68 : 534.76"
"7,69 : 1012.14"
"7,70 : 687.84"
"7,71 : 116.5"
"7,72 : 433.66"
"7,73 : 447.9"
"7,74 : 323.59"
"7,75 : 997.82"
"7,76 : 785.9"
"7,77 : 710.52"
"7,78 : 278.47"
"7,79 : 506.5"
"7,80 : 276.42"
"7,81 : 671.27"
"7,82 : 911.75"
"7,83 : 343.07"
"7,84 : 688.42"
"7,85 : 169.8"
"7,86 : 573.01"
"7,87 : 208.97"
"7,88 : 541.32"
"7,89 : 238.43"
"7,90 : 898.87"
"7,91 : 836.92"
"7,92 : 324.1"
"7,93 : 785.32"
"7,94 : 1025.71"
"7,95 : 899.81"
"7,96 : 514.78"
"7,97 : 1028.32"
"7,98 : 553.19"
"7,99 : 288.0"
"8,0 : 536.12"
"8,1 : 621.72"
"8,2 : 782.1"
"8,3 : 893.62"
"8,4 : 963.53"
"8,5 : 845.91"
"8,6 : 964.02"
"8,7 : 283.32"
"8,8 : 0.0"
"8,9 : 801.52"
"8,10 : 328.2"
"8,11 : 211.1"
"8,12 : 564.43"
"8,13 : 781.5"
"8,14 : 228.0"
"8,15 : 704.23"
"8,16 : 271.64"
"8,17 : 697.86"
"8,18 : 117.95"
"8,19 : 831.43"
"8,20 : 322.42"
"8,21 : 834.64"
"8,22 : 851.6"
"8,23 : 1214.33"
"8,24 : 144.01"
"8,25 : 276.88"
"8,26 : 899.44"
"8,27 : 102.18"
"8,28 : 346.93"
"8,29 : 880.19"
"8,30 : 928.29"
"8,31 : 758.46"
"8,32 : 1058.1"
"8,33 : 1166.68"
"8,34 : 810.89"
"8,35 : 379.6"
"8,36 : 606.53"
"8,37 : 721.44"
"8,38 : 830.34"
"8,39 : 755.03"
"8,40 : 60.11"
"8,41 : 763.02"
"8,42 : 208.36"
"8,43 : 628.09"
"8,44 : 368.07"
"8,45 : 659.25"
"8,46 : 517.9"
"8,47 : 624.44"
"8,48 : 549.66"
"8,49 : 266.95"
"8,50 : 170.0"
"8,51 : 637.26"
"8,52 : 542.94"
"8,53 : 1054.36"
"8,54 : 970.03"
"8,55 : 696.56"
"8,56 : 1187.66"
"8,57 : 515.39"
"8,58 : 606.48"
"8,59 : 487.02"
"8,60 : 448.43"
"8,61 : 411.92"
"8,62 : 909.0"
"8,63 : 520.27"
"8,64 : 672.22"
"8,65 : 1023.37"
"8,66 : 1082.03"
"8,67 : 506.23"
"8,68 : 636.66"
"8,69 : 1128.02"
"8,70 : 830.14"
"8,71 : 256.91"
"8,72 : 697.39"
"8,73 : 565.04"
"8,74 : 401.78"
"8,75 : 1120.08"
"8,76 : 863.66"
"8,77 : 740.26"
"8,78 : 378.04"
"8,79 : 589.14"
"8,80 : 233.81"
"8,81 : 537.49"
"8,82 : 1026.08"
"8,83 : 97.62"
"8,84 : 692.37"
"8,85 : 252.63"
"8,86 : 851.19"
"8,87 : 227.15"
"8,88 : 808.8"
"8,89 : 112.54"
"8,90 : 812.68"
"8,91 : 769.06"
"8,92 : 592.05"
"8,93 : 733.73"
"8,94 : 1084.41"
"8,95 : 947.9"
"8,96 : 311.96"
"8,97 : 1097.88"
"8,98 : 801.85"
"8,99 : 527.56"
"9,0 : 366.44"
"9,1 : 527.55"
"9,2 : 1121.99"
"9,3 : 845.6"
"9,4 : 558.66"
"9,5 : 1034.65"
"9,6 : 980.1"
"9,7 : 933.62"
"9,8 : 801.52"
"9,9 : 0.0"
"9,10 : 483.39"
"9,11 : 700.5"
"9,12 : 256.39"
"9,13 : 600.22"
"9,14 : 581.12"
"9,15 : 903.83"
"9,16 : 790.31"
"9,17 : 904.68"
"9,18 : 695.78"
"9,19 : 414.32"
"9,20 : 835.52"
"9,21 : 534.46"
"9,22 : 264.46"
"9,23 : 930.28"
"9,24 : 709.59"
"9,25 : 548.06"
"9,26 : 867.43"
"9,27 : 863.03"
"9,28 : 944.99"
"9,29 : 755.15"
"9,30 : 480.02"
"9,31 : 389.28"
"9,32 : 852.56"
"9,33 : 949.09"
"9,34 : 48.76"
"9,35 : 833.25"
"9,36 : 495.72"
"9,37 : 515.12"
"9,38 : 1149.92"
"9,39 : 47.04"
"9,40 : 840.05"
"9,41 : 847.26"
"9,42 : 624.12"
"9,43 : 356.2"
"9,44 : 774.14"
"9,45 : 153.4"
"9,46 : 560.84"
"9,47 : 626.26"
"9,48 : 488.06"
"9,49 : 584.11"
"9,50 : 661.22"
"9,51 : 410.96"
"9,52 : 504.85"
"9,53 : 823.12"
"9,54 : 578.32"
"9,55 : 584.53"
"9,56 : 947.21"
"9,57 : 319.31"
"9,58 : 733.67"
"9,59 : 551.27"
"9,60 : 826.37"
"9,61 : 483.14"
"9,62 : 635.98"
"9,63 : 800.57"
"9,64 : 581.25"
"9,65 : 609.95"
"9,66 : 882.25"
"9,67 : 829.0"
"9,68 : 655.67"
"9,69 : 868.13"
"9,70 : 793.71"
"9,71 : 819.5"
"9,72 : 1084.88"
"9,73 : 689.75"
"9,74 : 667.06"
"9,75 : 882.06"
"9,76 : 631.32"
"9,77 : 483.22"
"9,78 : 707.55"
"9,79 : 617.6"
"9,80 : 658.59"
"9,81 : 267.29"
"9,82 : 804.47"
"9,83 : 868.19"
"9,84 : 422.08"
"9,85 : 765.7"
"9,86 : 1268.27"
"9,87 : 724.79"
"9,88 : 1173.27"
"9,89 : 740.31"
"9,90 : 151.56"
"9,91 : 212.43"
"9,92 : 1039.64"
"9,93 : 267.22"
"9,94 : 677.36"
"9,95 : 579.12"
"9,96 : 498.02"
"9,97 : 716.04"
"9,98 : 1091.6"
"9,99 : 931.28"
"10,0 : 223.57"
"10,1 : 375.99"
"10,2 : 789.63"
"10,3 : 719.81"
"10,4 : 678.46"
"10,5 : 777.4"
"10,6 : 825.02"
"10,7 : 463.02"
"10,8 : 328.2"
"10,9 : 483.39"
"10,10 : 0.0"
"10,11 : 227.75"
"10,12 : 237.08"
"10,13 : 539.43"
"10,14 : 150.07"
"10,15 : 624.52"
"10,16 : 333.86"
"10,17 : 621.2"
"10,18 : 215.19"
"10,19 : 530.07"
"10,20 : 390.02"
"10,21 : 562.63"
"10,22 : 527.48"
"10,23 : 981.27"
"10,24 : 278.0"
"10,25 : 165.95"
"10,26 : 733.05"
"10,27 : 407.04"
"10,28 : 488.1"
"10,29 : 673.78"
"10,30 : 630.41"
"10,31 : 456.97"
"10,32 : 840.47"
"10,33 : 952.76"
"10,34 : 487.49"
"10,35 : 409.66"
"10,36 : 348.43"
"10,37 : 458.81"
"10,38 : 830.36"
"10,39 : 438.35"
"10,40 : 375.77"
"10,41 : 631.95"
"10,42 : 141.4"
"10,43 : 320.62"
"10,44 : 357.1"
"10,45 : 335.17"
"10,46 : 302.06"
"10,47 : 424.61"
"10,48 : 291.24"
"10,49 : 113.17"
"10,50 : 231.04"
"10,51 : 345.98"
"10,52 : 293.37"
"10,53 : 827.65"
"10,54 : 688.75"
"10,55 : 463.8"
"10,56 : 967.29"
"10,57 : 187.58"
"10,58 : 468.52"
"10,59 : 268.97"
"10,60 : 435.4"
"10,61 : 141.32"
"10,62 : 654.65"
"10,63 : 455.51"
"10,64 : 442.33"
"10,65 : 741.02"
"10,66 : 868.3"
"10,67 : 466.77"
"10,68 : 448.69"
"10,69 : 897.36"
"10,70 : 653.16"
"10,71 : 356.24"
"10,72 : 725.47"
"10,73 : 414.75"
"10,74 : 288.38"
"10,75 : 896.08"
"10,76 : 616.64"
"10,77 : 465.09"
"10,78 : 307.33"
"10,79 : 392.43"
"10,80 : 188.99"
"10,81 : 216.1"
"10,82 : 800.23"
"10,83 : 409.18"
"10,84 : 402.73"
"10,85 : 305.2"
"10,86 : 908.07"
"10,87 : 257.53"
"10,88 : 832.51"
"10,89 : 256.96"
"10,90 : 484.49"
"10,91 : 442.54"
"10,92 : 647.96"
"10,93 : 411.89"
"10,94 : 807.87"
"10,95 : 670.43"
"10,96 : 120.3"
"10,97 : 828.83"
"10,98 : 782.93"
"10,99 : 546.54"
"11,0 : 375.11"
"11,1 : 419.24"
"11,2 : 622.9"
"11,3 : 683.57"
"11,4 : 767.2"
"11,5 : 657.19"
"11,6 : 758.96"
"11,7 : 235.67"
"11,8 : 211.1"
"11,9 : 700.5"
"11,10 : 227.75"
"11,11 : 0.0"
"11,12 : 445.28"
"11,13 : 574.78"
"11,14 : 243.18"
"11,15 : 509.14"
"11,16 : 114.13"
"11,17 : 503.51"
"11,18 : 124.2"
"11,19 : 646.74"
"11,20 : 175.33"
"11,21 : 635.04"
"11,22 : 693.26"
"11,23 : 1004.03"
"11,24 : 276.93"
"11,25 : 298.04"
"11,26 : 690.08"
"11,27 : 313.26"
"11,28 : 262.34"
"11,29 : 669.18"
"11,30 : 739.34"
"11,31 : 575.81"
"11,32 : 847.19"
"11,33 : 955.6"
"11,34 : 698.08"
"11,35 : 213.38"
"11,36 : 408.38"
"11,37 : 521.01"
"11,38 : 668.58"
"11,39 : 657.36"
"11,40 : 271.15"
"11,41 : 557.23"
"11,42 : 98.18"
"11,43 : 455.64"
"11,44 : 179.18"
"11,45 : 548.03"
"11,46 : 312.64"
"11,47 : 414.24"
"11,48 : 354.64"
"11,49 : 117.17"
"11,50 : 260.03"
"11,51 : 452.59"
"11,52 : 345.23"
"11,53 : 843.94"
"11,54 : 771.99"
"11,55 : 489.41"
"11,56 : 976.7"
"11,57 : 384.95"
"11,58 : 397.4"
"11,59 : 284.02"
"11,60 : 266.07"
"11,61 : 240.0"
"11,62 : 703.36"
"11,63 : 323.31"
"11,64 : 465.0"
"11,65 : 825.16"
"11,66 : 870.98"
"11,67 : 316.93"
"11,68 : 425.72"
"11,69 : 917.72"
"11,70 : 619.6"
"11,71 : 130.14"
"11,72 : 546.5"
"11,73 : 354.4"
"11,74 : 190.85"
"11,75 : 909.36"
"11,76 : 656.94"
"11,77 : 543.87"
"11,78 : 170.91"
"11,79 : 379.11"
"11,80 : 42.2"
"11,81 : 436.31"
"11,82 : 815.67"
"11,83 : 308.46"
"11,84 : 504.4"
"11,85 : 84.12"
"11,86 : 719.64"
"11,87 : 34.01"
"11,88 : 658.27"
"11,89 : 98.6"
"11,90 : 676.29"
"11,91 : 619.93"
"11,92 : 453.63"
"11,93 : 574.11"
"11,94 : 883.4"
"11,95 : 748.64"
"11,96 : 293.75"
"11,97 : 894.38"
"11,98 : 631.01"
"11,99 : 365.57"
"12,0 : 136.12"
"12,1 : 339.48"
"12,2 : 897.66"
"12,3 : 696.74"
"12,4 : 527.9"
"12,5 : 835.92"
"12,6 : 823.05"
"12,7 : 677.42"
"12,8 : 564.43"
"12,9 : 256.39"
"12,10 : 237.08"
"12,11 : 445.28"
"12,12 : 0.0"
"12,13 : 466.48"
"12,14 : 360.73"
"12,15 : 692.99"
"12,16 : 533.98"
"12,17 : 692.37"
"12,18 : 452.25"
"12,19 : 365.56"
"12,20 : 580.03"
"12,21 : 444.0"
"12,22 : 310.46"
"12,23 : 877.0"
"12,24 : 495.05"
"12,25 : 344.2"
"12,26 : 715.55"
"12,27 : 637.89"
"12,28 : 688.89"
"12,29 : 623.04"
"12,30 : 463.0"
"12,31 : 302.32"
"12,32 : 761.54"
"12,33 : 870.27"
"12,34 : 253.21"
"12,35 : 580.62"
"12,36 : 304.14"
"12,37 : 373.26"
"12,38 : 930.43"
"12,39 : 215.59"
"12,40 : 609.48"
"12,41 : 658.94"
"12,42 : 373.92"
"12,43 : 187.26"
"12,44 : 521.81"
"12,45 : 103.08"
"12,46 : 335.48"
"12,47 : 428.98"
"12,48 : 273.58"
"12,49 : 329.87"
"12,50 : 445.6"
"12,51 : 242.53"
"12,52 : 287.84"
"12,53 : 739.81"
"12,54 : 543.03"
"12,55 : 418.69"
"12,56 : 877.27"
"12,57 : 63.82"
"12,58 : 520.48"
"12,59 : 317.61"
"12,60 : 579.94"
"12,61 : 229.4"
"12,62 : 549.43"
"12,63 : 565.02"
"12,64 : 406.39"
"12,65 : 590.03"
"12,66 : 791.47"
"12,67 : 589.63"
"12,68 : 458.92"
"12,69 : 800.39"
"12,70 : 635.3"
"12,71 : 563.11"
"12,72 : 851.28"
"12,73 : 470.47"
"12,74 : 418.85"
"12,75 : 806.45"
"12,76 : 525.51"
"12,77 : 358.16"
"12,78 : 456.71"
"12,79 : 410.26"
"12,80 : 403.19"
"12,81 : 52.48"
"12,82 : 715.49"
"12,83 : 641.21"
"12,84 : 284.4"
"12,85 : 509.31"
"12,86 : 1036.61"
"12,87 : 468.76"
"12,88 : 946.88"
"12,89 : 491.8"
"12,90 : 249.9"
"12,91 : 220.07"
"12,92 : 796.26"
"12,93 : 210.02"
"12,94 : 660.91"
"12,95 : 531.8"
"12,96 : 287.31"
"12,97 : 690.51"
"12,98 : 874.95"
"12,99 : 688.21"
"13,0 : 350.68"
"13,1 : 165.08"
"13,2 : 606.87"
"13,3 : 245.41"
"13,4 : 228.43"
"13,5 : 469.26"
"13,6 : 380.31"
"13,7 : 707.87"
"13,8 : 781.5"
"13,9 : 600.22"
"13,10 : 539.43"
"13,11 : 574.78"
"13,12 : 466.48"
"13,13 : 0.0"
"13,14 : 685.05"
"13,15 : 378.39"
"13,16 : 574.21"
"13,17 : 383.02"
"13,18 : 672.01"
"13,19 : 219.24"
"13,20 : 573.76"
"13,21 : 105.6"
"13,22 : 379.9"
"13,23 : 442.61"
"13,24 : 796.6"
"13,25 : 705.03"
"13,26 : 267.44"
"13,27 : 881.92"
"13,28 : 672.17"
"13,29 : 158.46"
"13,30 : 247.16"
"13,31 : 213.03"
"13,32 : 303.32"
"13,33 : 415.29"
"13,34 : 560.16"
"13,35 : 528.57"
"13,36 : 191.05"
"13,37 : 93.26"
"13,38 : 619.07"
"13,39 : 589.38"
"13,40 : 841.16"
"13,41 : 281.81"
"13,42 : 585.51"
"13,43 : 279.65"
"13,44 : 487.34"
"13,45 : 506.19"
"13,46 : 263.64"
"13,47 : 171.75"
"13,48 : 248.51"
"13,49 : 528.29"
"13,50 : 756.52"
"13,51 : 224.29"
"13,52 : 248.65"
"13,53 : 288.38"
"13,54 : 224.08"
"13,55 : 85.44"
"13,56 : 428.25"
"13,57 : 438.55"
"13,58 : 263.19"
"13,59 : 295.31"
"13,60 : 470.11"
"13,61 : 400.94"
"13,62 : 129.29"
"13,63 : 391.29"
"13,64 : 109.84"
"13,65 : 272.01"
"13,66 : 332.21"
"13,67 : 429.23"
"13,68 : 176.5"
"13,69 : 358.06"
"13,70 : 197.4"
"13,71 : 608.77"
"13,72 : 605.58"
"13,73 : 263.7"
"13,74 : 396.23"
"13,75 : 356.86"
"13,76 : 82.2"
"13,77 : 117.39"
"13,78 : 435.81"
"13,79 : 202.62"
"13,80 : 547.73"
"13,81 : 514.5"
"13,82 : 261.24"
"13,83 : 878.8"
"13,84 : 186.39"
"13,85 : 571.54"
"13,86 : 764.66"
"13,87 : 569.57"
"13,88 : 659.89"
"13,89 : 670.6"
"13,90 : 464.33"
"13,91 : 390.71"
"13,92 : 613.23"
"13,93 : 333.01"
"13,94 : 317.84"
"13,95 : 197.16"
"13,96 : 654.67"
"13,97 : 322.54"
"13,98 : 558.36"
"13,99 : 524.1"
"14,0 : 372.4"
"14,1 : 520.34"
"14,2 : 861.8"
"14,3 : 851.78"
"14,4 : 828.49"
"14,5 : 877.43"
"14,6 : 948.48"
"14,7 : 447.44"
"14,8 : 228.0"
"14,9 : 581.12"
"14,10 : 150.07"
"14,11 : 243.18"
"14,12 : 360.73"
"14,13 : 685.05"
"14,14 : 0.0"
"14,15 : 725.09"
"14,16 : 355.98"
"14,17 : 720.6"
"14,18 : 151.38"
"14,19 : 679.05"
"14,20 : 417.64"
"14,21 : 712.24"
"14,22 : 665.72"
"14,23 : 1127.61"
"14,24 : 134.41"
"14,25 : 57.2"
"14,26 : 863.18"
"14,27 : 282.04"
"14,28 : 491.95"
"14,29 : 813.35"
"14,30 : 779.6"
"14,31 : 606.2"
"14,32 : 983.6"
"14,33 : 1095.72"
"14,34 : 595.03"
"14,35 : 455.81"
"14,36 : 494.8"
"14,37 : 607.02"
"14,38 : 906.25"
"14,39 : 534.18"
"14,40 : 259.74"
"14,41 : 749.99"
"14,42 : 150.62"
"14,43 : 469.61"
"14,44 : 415.6"
"14,45 : 446.4"
"14,46 : 436.5"
"14,47 : 558.47"
"14,48 : 436.64"
"14,49 : 181.33"
"14,50 : 85.09"
"14,51 : 496.05"
"14,52 : 436.83"
"14,53 : 972.39"
"14,54 : 838.82"
"14,55 : 606.75"
"14,56 : 1111.5"
"14,57 : 324.1"
"14,58 : 584.34"
"14,59 : 402.52"
"14,60 : 501.91"
"14,61 : 284.11"
"14,62 : 802.81"
"14,63 : 544.02"
"14,64 : 584.31"
"14,65 : 891.08"
"14,66 : 1010.82"
"14,67 : 546.0"
"14,68 : 579.77"
"14,69 : 1043.05"
"14,70 : 785.12"
"14,71 : 364.94"
"14,72 : 788.0"
"14,73 : 532.65"
"14,74 : 383.31"
"14,75 : 1040.64"
"14,76 : 763.62"
"14,77 : 614.66"
"14,78 : 386.02"
"14,79 : 524.44"
"14,80 : 223.75"
"14,81 : 324.87"
"14,82 : 944.68"
"14,83 : 287.06"
"14,84 : 552.8"
"14,85 : 326.31"
"14,86 : 962.71"
"14,87 : 277.03"
"14,88 : 899.2"
"14,89 : 209.61"
"14,90 : 610.05"
"14,91 : 577.63"
"14,92 : 696.77"
"14,93 : 553.69"
"14,94 : 957.93"
"14,95 : 820.45"
"14,96 : 84.53"
"14,97 : 978.65"
"14,98 : 865.09"
"14,99 : 606.45"
"15,0 : 557.26"
"15,1 : 377.48"
"15,2 : 229.92"
"15,3 : 269.71"
"15,4 : 596.19"
"15,5 : 153.08"
"15,6 : 277.32"
"15,7 : 502.1"
"15,8 : 704.23"
"15,9 : 903.83"
"15,10 : 624.52"
"15,11 : 509.14"
"15,12 : 692.99"
"15,13 : 378.39"
"15,14 : 725.09"
"15,15 : 0.0"
"15,16 : 433.89"
"15,17 : 8.06"
"15,18 : 633.29"
"15,19 : 588.84"
"15,20 : 392.94"
"15,21 : 483.98"
"15,22 : 734.56"
"15,23 : 633.78"
"15,24 : 785.61"
"15,25 : 769.29"
"15,26 : 260.6"
"15,27 : 802.22"
"15,28 : 439.88"
"15,29 : 329.05"
"15,30 : 625.26"
"15,31 : 558.75"
"15,32 : 474.16"
"15,33 : 555.85"
"15,34 : 873.99"
"15,35 : 332.21"
"15,36 : 408.21"
"15,37 : 421.43"
"15,38 : 248.91"
"15,39 : 878.98"
"15,40 : 760.41"
"15,41 : 117.21"
"15,42 : 579.14"
"15,43 : 547.66"
"15,44 : 336.3"
"15,45 : 772.51"
"15,46 : 358.23"
"15,47 : 278.49"
"15,48 : 421.55"
"15,49 : 544.62"
"15,50 : 764.02"
"15,51 : 494.45"
"15,52 : 406.13"
"15,53 : 490.77"
"15,54 : 586.68"
"15,55 : 341.26"
"15,56 : 585.71"
"15,57 : 638.25"
"15,58 : 172.63"
"15,59 : 380.74"
"15,60 : 258.27"
"15,61 : 502.95"
"15,62 : 466.51"
"15,63 : 185.85"
"15,64 : 334.93"
"15,65 : 624.89"
"15,66 : 485.17"
"15,67 : 198.56"
"15,68 : 250.05"
"15,69 : 557.11"
"15,70 : 239.05"
"15,71 : 455.24"
"15,72 : 231.61"
"15,73 : 223.22"
"15,74 : 342.25"
"15,75 : 536.53"
"15,76 : 422.93"
"15,77 : 462.0"
"15,78 : 342.13"
"15,79 : 286.84"
"15,80 : 510.0"
"15,81 : 723.66"
"15,82 : 467.82"
"15,83 : 794.39"
"15,84 : 497.1"
"15,85 : 451.62"
"15,86 : 387.07"
"15,87 : 483.27"
"15,88 : 283.18"
"15,89 : 599.59"
"15,90 : 794.72"
"15,91 : 717.51"
"15,92 : 269.32"
"15,93 : 653.92"
"15,94 : 647.58"
"15,95 : 560.16"
"15,96 : 739.53"
"15,97 : 633.58"
"15,98 : 188.96"
"15,99 : 223.66"
"16,0 : 443.6"
"16,1 : 435.4"
"16,2 : 520.02"
"16,3 : 641.41"
"16,4 : 784.74"
"16,5 : 574.27"
"16,6 : 699.48"
"16,7 : 150.08"
"16,8 : 271.64"
"16,9 : 790.31"
"16,10 : 333.86"
"16,11 : 114.13"
"16,12 : 533.98"
"16,13 : 574.21"
"16,14 : 355.98"
"16,15 : 433.89"
"16,16 : 0.0"
"16,17 : 427.3"
"16,18 : 222.64"
"16,19 : 682.6"
"16,20 : 61.68"
"16,21 : 649.6"
"16,22 : 752.37"
"16,23 : 982.42"
"16,24 : 372.01"
"16,25 : 411.53"
"16,26 : 644.29"
"16,27 : 368.37"
"16,28 : 155.87"
"16,29 : 643.6"
"16,30 : 767.96"
"16,31 : 615.94"
"16,32 : 821.2"
"16,33 : 925.11"
"16,34 : 783.1"
"16,35 : 109.66"
"16,36 : 433.75"
"16,37 : 537.24"
"16,38 : 567.07"
"16,39 : 749.17"
"16,40 : 326.7"
"16,41 : 501.01"
"16,42 : 212.14"
"16,43 : 510.55"
"16,44 : 101.04"
"16,45 : 636.91"
"16,46 : 328.71"
"16,47 : 403.85"
"16,48 : 388.62"
"16,49 : 220.69"
"16,50 : 363.59"
"16,51 : 495.04"
"16,52 : 375.37"
"16,53 : 822.8"
"16,54 : 786.61"
"16,55 : 490.05"
"16,56 : 949.02"
"16,57 : 471.09"
"16,58 : 355.44"
"16,59 : 308.56"
"16,60 : 176.85"
"16,61 : 311.17"
"16,62 : 703.14"
"16,63 : 252.72"
"16,64 : 466.31"
"16,65 : 838.65"
"16,66 : 842.36"
"16,67 : 235.37"
"16,68 : 407.34"
"16,69 : 896.75"
"16,70 : 581.58"
"16,71 : 35.51"
"16,72 : 439.91"
"16,73 : 324.26"
"16,74 : 180.08"
"16,75 : 885.06"
"16,76 : 654.51"
"16,77 : 566.59"
"16,78 : 138.4"
"16,79 : 371.62"
"16,80 : 146.0"
"16,81 : 532.23"
"16,82 : 794.91"
"16,83 : 360.5"
"16,84 : 540.63"
"16,85 : 30.02"
"16,86 : 608.77"
"16,87 : 80.26"
"16,88 : 552.18"
"16,89 : 175.23"
"16,90 : 749.99"
"16,91 : 687.19"
"16,92 : 342.76"
"16,93 : 635.27"
"16,94 : 891.0"
"16,95 : 761.49"
"16,96 : 407.68"
"16,97 : 896.65"
"16,98 : 534.16"
"16,99 : 262.03"
"17,0 : 556.79"
"17,1 : 378.87"
"17,2 : 226.45"
"17,3 : 277.5"
"17,4 : 601.71"
"17,5 : 157.01"
"17,6 : 285.16"
"17,7 : 494.45"
"17,8 : 697.86"
"17,9 : 904.68"
"17,10 : 621.2"
"17,11 : 503.51"
"17,12 : 692.37"
"17,13 : 383.02"
"17,14 : 720.6"
"17,15 : 8.06"
"17,16 : 427.3"
"17,17 : 0.0"
"17,18 : 627.68"
"17,19 : 592.56"
"17,20 : 385.88"
"17,21 : 488.62"
"17,22 : 737.38"
"17,23 : 641.67"
"17,24 : 780.11"
"17,25 : 765.13"
"17,26 : 268.53"
"17,27 : 795.66"
"17,28 : 432.07"
"17,29 : 336.01"
"17,30 : 630.03"
"17,31 : 561.62"
"17,32 : 481.92"
"17,33 : 563.85"
"17,34 : 875.2"
"17,35 : 325.16"
"17,36 : 409.24"
"17,37 : 424.61"
"17,38 : 246.86"
"17,39 : 879.48"
"17,40 : 753.89"
"17,41 : 124.49"
"17,42 : 574.28"
"17,43 : 548.6"
"17,44 : 330.06"
"17,45 : 772.61"
"17,46 : 357.3"
"17,47 : 279.96"
"17,48 : 421.47"
"17,49 : 540.33"
"17,50 : 758.87"
"17,51 : 495.76"
"17,52 : 405.91"
"17,53 : 498.38"
"17,54 : 592.37"
"17,55 : 344.4"
"17,56 : 593.69"
"17,57 : 637.24"
"17,58 : 172.41"
"17,59 : 379.25"
"17,60 : 251.41"
"17,61 : 500.62"
"17,62 : 472.49"
"17,63 : 180.21"
"17,64 : 337.54"
"17,65 : 630.91"
"17,66 : 493.05"
"17,67 : 191.93"
"17,68 : 251.83"
"17,69 : 564.87"
"17,70 : 246.16"
"17,71 : 448.37"
"17,72 : 225.61"
"17,73 : 222.17"
"17,74 : 338.05"
"17,75 : 544.36"
"17,76 : 428.62"
"17,77 : 465.24"
"17,78 : 337.04"
"17,79 : 287.34"
"17,80 : 504.87"
"17,81 : 722.56"
"17,82 : 475.33"
"17,83 : 787.78"
"17,84 : 499.32"
"17,85 : 445.3"
"17,86 : 383.19"
"17,87 : 477.38"
"17,88 : 279.69"
"17,89 : 593.56"
"17,90 : 796.57"
"17,91 : 719.38"
"17,92 : 261.63"
"17,93 : 655.77"
"17,94 : 654.14"
"17,95 : 565.8"
"17,96 : 735.83"
"17,97 : 640.41"
"17,98 : 187.32"
"17,99 : 215.64"
"18,0 : 418.27"
"18,1 : 509.91"
"18,2 : 741.69"
"18,3 : 800.1"
"18,4 : 848.06"
"18,5 : 781.33"
"18,6 : 880.41"
"18,7 : 296.81"
"18,8 : 117.95"
"18,9 : 695.78"
"18,10 : 215.19"
"18,11 : 124.2"
"18,12 : 452.25"
"18,13 : 672.01"
"18,14 : 151.38"
"18,15 : 633.29"
"18,16 : 222.64"
"18,17 : 627.68"
"18,18 : 0.0"
"18,19 : 713.99"
"18,20 : 283.1"
"18,21 : 720.58"
"18,22 : 734.47"
"18,23 : 1109.14"
"18,24 : 152.9"
"18,25 : 208.28"
"18,26 : 807.85"
"18,27 : 211.92"
"18,28 : 344.82"
"18,29 : 778.84"
"18,30 : 811.28"
"18,31 : 640.91"
"18,32 : 955.59"
"18,33 : 1065.6"
"18,34 : 702.02"
"18,35 : 330.34"
"18,36 : 492.78"
"18,37 : 608.1"
"18,38 : 788.21"
"18,39 : 649.94"
"18,40 : 173.54"
"18,41 : 678.66"
"18,42 : 90.8"
"18,43 : 510.16"
"18,44 : 302.15"
"18,45 : 549.76"
"18,46 : 408.83"
"18,47 : 520.86"
"18,48 : 435.17"
"18,49 : 149.83"
"18,50 : 141.06"
"18,51 : 520.15"
"18,52 : 429.44"
"18,53 : 949.82"
"18,54 : 855.1"
"18,55 : 587.87"
"18,56 : 1085.2"
"18,57 : 400.6"
"18,58 : 516.58"
"18,59 : 376.7"
"18,60 : 388.49"
"18,61 : 294.46"
"18,62 : 798.18"
"18,63 : 447.48"
"18,64 : 563.72"
"18,65 : 908.42"
"18,66 : 980.53"
"18,67 : 440.76"
"18,68 : 535.82"
"18,69 : 1022.99"
"18,70 : 735.07"
"18,71 : 223.76"
"18,72 : 662.5"
"18,73 : 470.77"
"18,74 : 307.83"
"18,75 : 1016.48"
"18,76 : 753.9"
"18,77 : 625.31"
"18,78 : 293.56"
"18,79 : 485.4"
"18,80 : 130.7"
"18,81 : 429.21"
"18,82 : 921.57"
"18,83 : 210.49"
"18,84 : 575.6"
"18,85 : 195.37"
"18,86 : 830.22"
"18,87 : 152.64"
"18,88 : 774.74"
"18,89 : 58.41"
"18,90 : 698.6"
"18,91 : 652.82"
"18,92 : 564.66"
"18,93 : 616.3"
"18,94 : 970.48"
"18,95 : 833.46"
"18,96 : 225.49"
"18,97 : 985.22"
"18,98 : 752.64"
"18,99 : 483.55"
"19,0 : 306.66"
"19,1 : 256.64"
"19,2 : 818.75"
"19,3 : 453.79"
"19,4 : 162.83"
"19,5 : 688.21"
"19,6 : 588.92"
"19,7 : 829.63"
"19,8 : 831.43"
"19,9 : 414.32"
"19,10 : 530.07"
"19,11 : 646.74"
"19,12 : 365.56"
"19,13 : 219.24"
"19,14 : 679.05"
"19,15 : 588.84"
"19,16 : 682.6"
"19,17 : 592.56"
"19,18 : 713.99"
"19,19 : 0.0"
"19,20 : 700.1"
"19,21 : 127.01"
"19,22 : 166.02"
"19,23 : 525.85"
"19,24 : 807.68"
"19,25 : 681.18"
"19,26 : 476.94"
"19,27 : 923.98"
"19,28 : 809.16"
"19,29 : 356.02"
"19,30 : 100.77"
"19,31 : 73.43"
"19,32 : 438.24"
"19,33 : 536.37"
"19,34 : 368.88"
"19,35 : 668.14"
"19,36 : 250.07"
"19,37 : 171.77"
"19,38 : 834.21"
"19,39 : 415.24"
"19,40 : 887.29"
"19,41 : 499.62"
"19,42 : 623.22"
"19,43 : 209.48"
"19,44 : 616.07"
"19,45 : 361.58"
"19,46 : 356.11"
"19,47 : 333.62"
"19,48 : 294.93"
"19,49 : 564.49"
"19,50 : 761.11"
"19,51 : 194.81"
"19,52 : 307.36"
"19,53 : 409.12"
"19,54 : 179.11"
"19,55 : 250.44"
"19,56 : 536.62"
"19,57 : 368.6"
"19,58 : 447.72"
"19,59 : 374.04"
"19,60 : 625.41"
"19,61 : 419.54"
"19,62 : 222.27"
"19,63 : 561.51"
"19,64 : 262.94"
"19,65 : 224.51"
"19,66 : 467.96"
"19,67 : 598.58"
"19,68 : 353.77"
"19,69 : 457.52"
"19,70 : 414.06"
"19,71 : 718.03"
"19,72 : 808.59"
"19,73 : 427.48"
"19,74 : 506.4"
"19,75 : 469.56"
"19,76 : 224.15"
"19,77 : 131.58"
"19,78 : 552.2"
"19,79 : 348.31"
"19,80 : 610.15"
"19,81 : 418.01"
"19,82 : 390.16"
"19,83 : 923.72"
"19,84 : 142.77"
"19,85 : 670.9"
"19,86 : 975.74"
"19,87 : 652.97"
"19,88 : 872.0"
"19,89 : 730.32"
"19,90 : 266.01"
"19,91 : 204.06"
"19,92 : 800.77"
"19,93 : 166.68"
"19,94 : 295.49"
"19,95 : 171.99"
"19,96 : 624.59"
"19,97 : 326.53"
"19,98 : 773.41"
"19,99 : 701.78"
"20,0 : 480.93"
"20,1 : 446.88"
"20,2 : 462.28"
"20,3 : 616.95"
"20,4 : 791.53"
"20,5 : 527.23"
"20,6 : 664.72"
"20,7 : 134.1"
"20,8 : 322.42"
"20,9 : 835.52"
"20,10 : 390.02"
"20,11 : 175.33"
"20,12 : 580.03"
"20,13 : 573.76"
"20,14 : 417.64"
"20,15 : 392.94"
"20,16 : 61.68"
"20,17 : 385.88"
"20,18 : 283.1"
"20,19 : 700.1"
"20,20 : 0.0"
"20,21 : 656.21"
"20,22 : 781.46"
"20,23 : 966.64"
"20,24 : 430.67"
"20,25 : 473.1"
"20,26 : 617.75"
"20,27 : 414.89"
"20,28 : 112.54"
"20,29 : 628.39"
"20,30 : 780.81"
"20,31 : 636.45"
"20,32 : 804.05"
"20,33 : 904.82"
"20,34 : 825.73"
"20,35 : 60.75"
"20,36 : 450.04"
"20,37 : 546.45"
"20,38 : 509.88"
"20,39 : 795.62"
"20,40 : 374.32"
"20,41 : 470.38"
"20,42 : 272.95"
"20,43 : 540.11"
"20,44 : 86.59"
"20,45 : 682.33"
"20,46 : 344.01"
"20,47 : 402.02"
"20,48 : 410.58"
"20,49 : 277.24"
"20,50 : 424.16"
"20,51 : 518.61"
"20,52 : 395.85"
"20,53 : 808.3"
"20,54 : 791.81"
"20,55 : 491.89"
"20,56 : 930.12"
"20,57 : 516.48"
"20,58 : 337.08"
"20,59 : 329.11"
"20,60 : 135.6"
"20,61 : 352.85"
"20,62 : 701.15"
"20,63 : 220.62"
"20,64 : 469.08"
"20,65 : 842.81"
"20,66 : 823.61"
"20,67 : 196.21"
"20,68 : 400.92"
"20,69 : 881.81"
"20,70 : 560.21"
"20,71 : 65.51"
"20,72 : 380.53"
"20,73 : 314.36"
"20,74 : 194.16"
"20,75 : 868.38"
"20,76 : 651.89"
"20,77 : 578.72"
"20,78 : 148.03"
"20,79 : 372.54"
"20,80 : 204.73"
"20,81 : 581.94"
"20,82 : 780.83"
"20,83 : 406.1"
"20,84 : 560.23"
"20,85 : 91.39"
"20,86 : 547.46"
"20,87 : 141.33"
"20,88 : 492.8"
"20,89 : 233.31"
"20,90 : 786.78"
"20,91 : 721.03"
"20,92 : 281.62"
"20,93 : 666.42"
"20,94 : 891.6"
"20,95 : 765.97"
"20,96 : 468.24"
"20,97 : 894.34"
"20,98 : 479.55"
"20,99 : 205.53"
"21,0 : 350.85"
"21,1 : 216.39"
"21,2 : 712.24"
"21,3 : 327.34"
"21,4 : 135.37"
"21,5 : 570.69"
"21,6 : 462.2"
"21,7 : 789.65"
"21,8 : 834.64"
"21,9 : 534.46"
"21,10 : 562.63"
"21,11 : 635.04"
"21,12 : 444.0"
"21,13 : 105.6"
"21,14 : 712.24"
"21,15 : 483.98"
"21,16 : 649.6"
"21,17 : 488.62"
"21,18 : 720.58"
"21,19 : 127.01"
"21,20 : 656.21"
"21,21 : 0.0"
"21,22 : 293.0"
"21,23 : 433.46"
"21,24 : 832.79"
"21,25 : 724.21"
"21,26 : 350.6"
"21,27 : 932.46"
"21,28 : 759.35"
"21,29 : 229.06"
"21,30 : 141.74"
"21,31 : 150.21"
"21,32 : 323.82"
"21,33 : 428.79"
"21,34 : 490.72"
"21,35 : 615.59"
"21,36 : 228.11"
"21,37 : 114.06"
"21,38 : 723.66"
"21,39 : 530.66"
"21,40 : 893.15"
"21,41 : 385.52"
"21,42 : 630.99"
"21,43 : 261.63"
"21,44 : 569.76"
"21,45 : 462.6"
"21,46 : 324.24"
"21,47 : 260.09"
"21,48 : 285.43"
"21,49 : 572.07"
"21,50 : 789.38"
"21,51 : 219.24"
"21,52 : 291.73"
"21,53 : 298.56"
"21,54 : 137.42"
"21,55 : 168.01"
"21,56 : 433.91"
"21,57 : 430.24"
"21,58 : 363.04"
"21,59 : 351.09"
"21,60 : 562.29"
"21,61 : 433.21"
"21,62 : 106.53"
"21,63 : 487.86"
"21,64 : 188.68"
"21,65 : 190.28"
"21,66 : 353.96"
"21,67 : 525.86"
"21,68 : 271.81"
"21,69 : 356.51"
"21,70 : 290.81"
"21,71 : 684.88"
"21,72 : 710.92"
"21,73 : 356.0"
"21,74 : 469.53"
"21,75 : 363.68"
"21,76 : 97.72"
"21,77 : 97.59"
"21,78 : 512.5"
"21,79 : 285.04"
"21,80 : 603.46"
"21,81 : 495.45"
"21,82 : 276.23"
"21,83 : 930.55"
"21,84 : 164.98"
"21,85 : 643.24"
"21,86 : 870.06"
"21,87 : 634.61"
"21,88 : 765.21"
"21,89 : 726.85"
"21,90 : 389.59"
"21,91 : 322.06"
"21,92 : 715.89"
"21,93 : 273.07"
"21,94 : 249.9"
"21,95 : 113.6"
"21,96 : 670.26"
"21,97 : 266.79"
"21,98 : 663.05"
"21,99 : 623.9"
"22,0 : 319.23"
"22,1 : 370.64"
"22,2 : 963.44"
"22,3 : 619.1"
"22,4 : 295.08"
"22,5 : 844.61"
"22,6 : 754.43"
"22,7 : 902.45"
"22,8 : 851.6"
"22,9 : 264.46"
"22,10 : 527.48"
"22,11 : 693.26"
"22,12 : 310.46"
"22,13 : 379.9"
"22,14 : 665.72"
"22,15 : 734.56"
"22,16 : 752.37"
"22,17 : 737.38"
"22,18 : 734.47"
"22,19 : 166.02"
"22,20 : 781.46"
"22,21 : 293.0"
"22,22 : 0.0"
"22,23 : 666.32"
"22,24 : 799.82"
"22,25 : 653.84"
"22,26 : 642.13"
"22,27 : 934.47"
"22,28 : 893.74"
"22,29 : 521.9"
"22,30 : 216.15"
"22,31 : 175.82"
"22,32 : 596.78"
"22,33 : 688.75"
"22,34 : 216.23"
"22,35 : 760.13"
"22,36 : 350.41"
"22,37 : 314.07"
"22,38 : 982.87"
"22,39 : 276.74"
"22,40 : 902.23"
"22,41 : 654.54"
"22,42 : 646.93"
"22,43 : 241.87"
"22,44 : 703.44"
"22,45 : 261.34"
"22,46 : 448.09"
"22,47 : 463.45"
"22,48 : 374.44"
"22,49 : 592.27"
"22,50 : 750.77"
"22,51 : 267.54"
"22,52 : 390.7"
"22,53 : 565.54"
"22,54 : 315.01"
"22,55 : 393.72"
"22,56 : 685.19"
"22,57 : 342.0"
"22,58 : 579.67"
"22,59 : 455.0"
"22,60 : 730.05"
"22,61 : 453.36"
"22,62 : 385.16"
"22,63 : 678.96"
"22,64 : 399.96"
"22,65 : 345.49"
"22,66 : 625.88"
"22,67 : 713.81"
"22,68 : 488.48"
"22,69 : 606.36"
"22,70 : 576.9"
"22,71 : 786.58"
"22,72 : 944.4"
"22,73 : 549.17"
"22,74 : 589.73"
"22,75 : 621.7"
"22,76 : 390.11"
"22,77 : 274.36"
"22,78 : 635.72"
"22,79 : 468.85"
"22,80 : 652.64"
"22,81 : 357.23"
"22,82 : 549.0"
"22,83 : 936.35"
"22,84 : 242.51"
"22,85 : 735.06"
"22,86 : 1118.4"
"22,87 : 707.1"
"22,88 : 1016.55"
"22,89 : 762.81"
"22,90 : 113.36"
"22,91 : 91.02"
"22,92 : 923.5"
"22,93 : 119.27"
"22,94 : 413.22"
"22,95 : 317.91"
"22,96 : 596.58"
"22,97 : 451.62"
"22,98 : 922.3"
"22,99 : 819.26"
"23,0 : 780.93"
"23,1 : 607.6"
"23,2 : 797.57"
"23,3 : 364.73"
"23,4 : 371.65"
"23,5 : 610.25"
"23,6 : 402.0"
"23,7 : 1096.39"
"23,8 : 1214.33"
"23,9 : 930.28"
"23,10 : 981.27"
"23,11 : 1004.03"
"23,12 : 877.0"
"23,13 : 442.61"
"23,14 : 1127.61"
"23,15 : 633.78"
"23,16 : 982.42"
"23,17 : 641.67"
"23,18 : 1109.14"
"23,19 : 525.85"
"23,20 : 966.64"
"23,21 : 433.46"
"23,22 : 666.32"
"23,23 : 0.0"
"23,24 : 1238.27"
"23,25 : 1146.36"
"23,26 : 373.36"
"23,27 : 1316.01"
"23,28 : 1046.14"
"23,29 : 338.86"
"23,30 : 450.29"
"23,31 : 577.17"
"23,32 : 163.29"
"23,33 : 93.62"
"23,34 : 882.4"
"23,35 : 911.54"
"23,36 : 633.03"
"23,37 : 523.93"
"23,38 : 781.18"
"23,39 : 937.37"
"23,40 : 1274.41"
"23,41 : 520.95"
"23,42 : 1024.95"
"23,43 : 694.8"
"23,44 : 885.19"
"23,45 : 886.71"
"23,46 : 701.15"
"23,47 : 589.9"
"23,48 : 690.98"
"23,49 : 968.81"
"23,50 : 1198.86"
"23,51 : 648.93"
"23,52 : 691.2"
"23,53 : 160.21"
"23,54 : 352.17"
"23,55 : 523.29"
"23,56 : 61.35"
"23,57 : 863.05"
"23,58 : 629.6"
"23,59 : 734.23"
"23,60 : 840.34"
"23,61 : 843.51"
"23,62 : 330.49"
"23,63 : 751.9"
"23,64 : 546.88"
"23,65 : 323.08"
"23,66 : 148.63"
"23,67 : 784.71"
"23,68 : 579.21"
"23,69 : 86.31"
"23,70 : 410.11"
"23,71 : 1014.26"
"23,72 : 843.73"
"23,73 : 658.43"
"23,74 : 815.99"
"23,75 : 98.84"
"23,76 : 364.77"
"23,77 : 525.48"
"23,78 : 848.18"
"23,79 : 625.18"
"23,80 : 981.46"
"23,81 : 928.69"
"23,82 : 188.43"
"23,83 : 1311.94"
"23,84 : 597.3"
"23,85 : 986.27"
"23,86 : 936.03"
"23,87 : 993.69"
"23,88 : 839.69"
"23,89 : 1102.04"
"23,90 : 778.72"
"23,91 : 727.31"
"23,92 : 902.32"
"23,93 : 691.99"
"23,94 : 263.06"
"23,95 : 354.2"
"23,96 : 1094.78"
"23,97 : 220.91"
"23,98 : 733.92"
"23,99 : 849.4"
"24,0 : 501.5"
"24,1 : 631.73"
