x,y
270,81
156,469
926,634
193,656
135,427
647,310
619,593
513,49
544,358
479,979
711,6
960,268
519,928
654,190
735,561
68,528
741,408
524,595
656,512
944,972
535,761
718,172
774,99
590,861
114,953
382,129
955,178
822,111
818,859
789,292
881,940
172,253
108,518
658,824
114,244
626,521
866,160
832,127
347,804
797,746
202,756
540,738
479,986
204,28
248,624
972,913
283,769
819,903
281,132
327,717
528,663
464,569
512,956
282,430
885,839
489,252
348,0
856,294
133,307
980,355
764,432
882,208
945,699
322,317
220,200
133,881
626,390
171,679
425,885
793,63
248,532
564,217
346,28
24,706
254,389
451,986
66,122
896,886
21,643
586,701
593,712
179,597
984,520
476,765
166,415
812,944
248,868
639,509
858,240
989,957
983,682
351,847
123,416
611,815
317,668
361,117
779,470
317,217
415,899
619,735

Distanze
"0,0 : 0.0"
"0,1 : 652.29"
"0,2 : 483.29"
"0,3 : 247.84"
"0,4 : 687.81"
"0,5 : 585.81"
"0,6 : 445.76"
"0,7 : 442.09"
"0,8 : 548.8"
"0,9 : 341.42"
"0,10 : 357.01"
"0,11 : 642.2"
"0,12 : 762.33"
"0,13 : 578.0"
"0,14 : 162.79"
"0,15 : 896.09"
"0,16 : 827.54"
"0,17 : 202.73"
"0,18 : 253.55"
"0,19 : 814.42"
"0,20 : 734.03"
"0,21 : 317.84"
"0,22 : 508.06"
"0,23 : 456.16"
"0,24 : 544.94"
"0,25 : 170.32"
"0,26 : 793.4"
"0,27 : 781.28"
"0,28 : 513.75"
"0,29 : 541.98"
"0,30 : 607.63"
"0,31 : 666.15"
"0,32 : 825.96"
"0,33 : 505.22"
"0,34 : 606.17"
"0,35 : 529.67"
"0,36 : 394.0"
"0,37 : 558.68"
"0,38 : 596.74"
"0,39 : 398.7"
"0,40 : 234.61"
"0,41 : 267.53"
"0,42 : 740.4"
"0,43 : 338.42"
"0,44 : 860.43"
"0,45 : 705.36"
"0,46 : 842.63"
"0,47 : 636.45"
"0,48 : 918.38"
"0,49 : 331.31"
"0,50 : 958.44"
"0,51 : 808.22"
"0,52 : 804.96"
"0,53 : 553.72"
"0,54 : 276.01"
"0,55 : 745.86"
"0,56 : 230.0"
"0,57 : 692.23"
"0,58 : 409.44"
"0,59 : 454.12"
"0,60 : 311.79"
"0,61 : 411.76"
"0,62 : 790.98"
"0,63 : 316.18"
"0,64 : 671.74"
"0,65 : 348.79"
"0,66 : 195.88"
"0,67 : 189.28"
"0,68 : 425.06"
"0,69 : 312.14"
"0,70 : 760.03"
"0,71 : 822.23"
"0,72 : 18.79"
"0,73 : 850.65"
"0,74 : 876.29"
"0,75 : 378.73"
"0,76 : 450.12"
"0,77 : 864.28"
"0,78 : 667.34"
"0,79 : 562.0"
"0,80 : 141.41"
"0,81 : 401.87"
"0,82 : 369.91"
"0,83 : 363.74"
"0,84 : 687.82"
"0,85 : 392.78"
"0,86 : 464.31"
"0,87 : 835.94"
"0,88 : 811.45"
"0,89 : 263.03"
"0,90 : 669.21"
"0,91 : 473.14"
"0,92 : 753.68"
"0,93 : 734.28"
"0,94 : 212.96"
"0,95 : 66.19"
"0,96 : 496.97"
"0,97 : 356.02"
"0,98 : 81.4"
"0,99 : 922.22"
"1,0 : 652.29"
"1,1 : 0.0"
"1,2 : 848.59"
"1,3 : 593.26"
"1,4 : 402.12"
"1,5 : 97.65"
"1,6 : 838.47"
"1,7 : 578.66"
"1,8 : 170.07"
"1,9 : 806.06"
"1,10 : 308.97"
"1,11 : 304.11"
"1,12 : 122.41"
"1,13 : 734.79"
"1,14 : 687.26"
"1,15 : 361.66"
"1,16 : 520.2"
"1,17 : 551.59"
"1,18 : 789.27"
"1,19 : 245.37"
"1,20 : 547.32"
"1,21 : 379.44"
"1,22 : 895.2"
"1,23 : 243.18"
"1,24 : 451.56"
"1,25 : 496.49"
"1,26 : 154.63"
"1,27 : 478.65"
"1,28 : 689.5"
"1,29 : 686.0"
"1,30 : 721.8"
"1,31 : 382.82"
"1,32 : 293.82"
"1,33 : 474.78"
"1,34 : 66.85"
"1,35 : 807.16"
"1,36 : 618.32"
"1,37 : 372.33"
"1,38 : 529.74"
"1,39 : 370.47"
"1,40 : 840.28"
"1,41 : 480.23"
"1,42 : 248.0"
"1,43 : 600.7"
"1,44 : 319.45"
"1,45 : 582.96"
"1,46 : 205.8"
"1,47 : 614.12"
"1,48 : 378.31"
"1,49 : 663.38"
"1,50 : 635.74"
"1,51 : 156.63"
"1,52 : 303.07"
"1,53 : 762.44"
"1,54 : 508.75"
"1,55 : 253.69"
"1,56 : 684.49"
"1,57 : 347.37"
"1,58 : 479.76"
"1,59 : 200.81"
"1,60 : 530.46"
"1,61 : 282.48"
"1,62 : 184.76"
"1,63 : 601.51"
"1,64 : 434.04"
"1,65 : 305.22"
"1,66 : 500.12"
"1,67 : 463.81"
"1,68 : 821.34"
"1,69 : 592.08"
"1,70 : 109.04"
"1,71 : 237.95"
"1,72 : 637.25"
"1,73 : 428.85"
"1,74 : 470.77"
"1,75 : 277.58"
"1,76 : 380.2"
"1,77 : 230.23"
"1,78 : 415.74"
"1,79 : 769.95"
"1,80 : 716.79"
"1,81 : 316.27"
"1,82 : 689.14"
"1,83 : 632.85"
"1,84 : 579.13"
"1,85 : 377.89"
"1,86 : 566.12"
"1,87 : 521.08"
"1,88 : 339.92"
"1,89 : 698.39"
"1,90 : 558.82"
"1,91 : 265.96"
"1,92 : 642.78"
"1,93 : 638.86"
"1,94 : 439.93"
"1,95 : 586.61"
"1,96 : 155.33"
"1,97 : 512.52"
"1,98 : 594.14"
"1,99 : 655.64"
"2,0 : 483.29"
"2,1 : 848.59"
"2,2 : 0.0"
"2,3 : 296.65"
"2,4 : 617.99"
"2,5 : 752.39"
"2,6 : 41.68"
"2,7 : 904.9"
"2,8 : 838.54"
"2,9 : 153.94"
"2,10 : 573.92"
"2,11 : 990.7"
"2,12 : 911.12"
"2,13 : 226.86"
"2,14 : 320.5"
"2,15 : 1188.22"
"2,16 : 691.56"
"2,17 : 363.79"
"2,18 : 715.25"
"2,19 : 879.91"
"2,20 : 558.34"
"2,21 : 692.86"
"2,22 : 47.43"
"2,23 : 773.0"
"2,24 : 457.26"
"2,25 : 468.88"
"2,26 : 1002.01"
"2,27 : 665.23"
"2,28 : 210.92"
"2,29 : 238.84"
"2,30 : 271.67"
"2,31 : 610.94"
"2,32 : 857.82"
"2,33 : 412.38"
"2,34 : 782.77"
"2,35 : 100.28"
"2,36 : 867.59"
"2,37 : 945.99"
"2,38 : 431.48"
"2,39 : 787.72"
"2,40 : 346.21"
"2,41 : 700.36"
"2,42 : 1039.95"
"2,43 : 811.48"
"2,44 : 1146.5"
"2,45 : 498.03"
"2,46 : 1052.36"
"2,47 : 397.79"
"2,48 : 1208.33"
"2,49 : 198.12"
"2,50 : 782.0"
"2,51 : 972.96"
"2,52 : 1107.77"
"2,53 : 173.28"
"2,54 : 362.1"
"2,55 : 785.25"
"2,56 : 712.97"
"2,57 : 662.18"
"2,58 : 371.83"
"2,59 : 675.41"
"2,60 : 767.83"
"2,61 : 572.73"
"2,62 : 1030.06"
"2,63 : 790.25"
"2,64 : 578.12"
"2,65 : 604.17"
"2,66 : 624.96"
"2,67 : 522.39"
"2,68 : 59.48"
"2,69 : 784.5"
"2,70 : 930.0"
"2,71 : 1078.58"
"2,72 : 473.95"
"2,73 : 789.01"
"2,74 : 791.9"
"2,75 : 668.41"
"2,76 : 474.51"
"2,77 : 1077.09"
"2,78 : 587.6"
"2,79 : 174.96"
"2,80 : 349.7"
"2,81 : 535.49"
"2,82 : 163.37"
"2,83 : 841.01"
"2,84 : 481.58"
"2,85 : 785.22"
"2,86 : 922.58"
"2,87 : 701.6"
"2,88 : 1129.97"
"2,89 : 224.18"
"2,90 : 477.91"
"2,91 : 583.46"
"2,92 : 507.89"
"2,93 : 487.54"
"2,94 : 558.13"
"2,95 : 486.37"
"2,96 : 724.64"
"2,97 : 805.54"
"2,98 : 546.0"
"2,99 : 716.96"
"3,0 : 247.84"
"3,1 : 593.26"
"3,2 : 296.65"
"3,3 : 0.0"
"3,4 : 490.76"
"3,5 : 503.72"
"3,6 : 271.47"
"3,7 : 620.01"
"3,8 : 554.4"
"3,9 : 214.11"
"3,10 : 293.52"
"3,11 : 698.34"
"3,12 : 677.66"
"3,13 : 334.08"
"3,14 : 134.77"
"3,15 : 910.6"
"3,16 : 615.46"
"3,17 : 68.47"
"3,18 : 501.38"
"3,19 : 685.3"
"3,20 : 506.76"
"3,21 : 396.29"
"3,22 : 336.18"
"3,23 : 481.77"
"3,24 : 328.99"
"3,25 : 174.52"
"3,26 : 747.51"
"3,27 : 573.43"
"3,28 : 268.56"
"3,29 : 295.3"
"3,30 : 361.06"
"3,31 : 473.21"
"3,32 : 680.52"
"3,33 : 282.71"
"3,34 : 531.82"
"3,35 : 309.01"
"3,36 : 590.7"
"3,37 : 649.57"
"3,38 : 363.77"
"3,39 : 491.11"
"3,40 : 284.25"
"3,41 : 410.59"
"3,42 : 758.06"
"3,43 : 535.59"
"3,44 : 869.94"
"3,45 : 469.79"
"3,46 : 798.81"
"3,47 : 392.97"
"3,48 : 931.59"
"3,49 : 102.59"
"3,50 : 739.09"
"3,51 : 734.9"
"3,52 : 826.18"
"3,53 : 316.53"
"3,54 : 85.43"
"3,55 : 600.25"
"3,56 : 465.09"
"3,57 : 511.39"
"3,58 : 190.25"
"3,59 : 402.08"
"3,60 : 483.15"
"3,61 : 311.12"
"3,62 : 765.59"
"3,63 : 515.93"
"3,64 : 465.01"
"3,65 : 316.9"
"3,66 : 338.04"
"3,67 : 227.11"
"3,68 : 250.91"
"3,69 : 508.84"
"3,70 : 688.27"
"3,71 : 809.61"
"3,72 : 231.59"
"3,73 : 665.48"
"3,74 : 683.59"
"3,75 : 378.16"
"3,76 : 268.9"
"3,77 : 823.01"
"3,78 : 465.21"
"3,79 : 325.3"
"3,80 : 181.89"
"3,81 : 280.41"
"3,82 : 143.28"
"3,83 : 568.66"
"3,84 : 451.67"
"3,85 : 488.7"
"3,86 : 635.31"
"3,87 : 624.71"
"3,88 : 844.96"
"3,89 : 105.15"
"3,90 : 435.13"
"3,91 : 345.41"
"3,92 : 513.21"
"3,93 : 493.08"
"3,94 : 262.19"
"3,95 : 220.63"
"3,96 : 452.41"
"3,97 : 517.35"
"3,98 : 282.79"
"3,99 : 694.56"
"4,0 : 687.81"
"4,1 : 402.12"
"4,2 : 617.99"
"4,3 : 490.76"
"4,4 : 0.0"
"4,5 : 325.27"
"4,6 : 627.2"
"4,7 : 849.79"
"4,8 : 516.37"
"4,9 : 650.26"
"4,10 : 389.63"
"4,11 : 685.68"
"4,12 : 387.41"
"4,13 : 427.69"
"4,14 : 624.49"
"4,15 : 753.38"
"4,16 : 150.01"
"4,17 : 497.97"
"4,18 : 913.72"
"4,19 : 292.36"
"4,20 : 146.7"
"4,21 : 582.38"
"4,22 : 663.86"
"4,23 : 526.62"
"4,24 : 168.5"
"4,25 : 524.35"
"4,26 : 514.23"
"4,27 : 100.45"
"4,28 : 411.73"
"4,29 : 391.47"
"4,30 : 397.05"
"4,31 : 25.0"
"4,32 : 253.54"
"4,33 : 217.52"
"4,34 : 348.13"
"4,35 : 540.3"
"4,36 : 861.3"
"4,37 : 718.62"
"4,38 : 191.91"
"4,39 : 636.12"
"4,40 : 773.91"
"4,41 : 670.52"
"4,42 : 650.06"
"4,43 : 821.74"
"4,44 : 712.67"
"4,45 : 193.2"
"4,46 : 553.4"
"4,47 : 258.84"
"4,48 : 767.03"
"4,49 : 496.73"
"4,50 : 285.7"
"4,51 : 447.9"
"4,52 : 704.0"
"4,53 : 473.32"
"4,54 : 423.09"
"4,55 : 199.72"
"4,56 : 835.4"
"4,57 : 60.84"
"4,58 : 301.04"
"4,59 : 382.06"
"4,60 : 747.24"
"4,61 : 324.1"
"4,62 : 568.55"
"4,63 : 811.91"
"4,64 : 43.86"
"4,65 : 427.85"
"4,66 : 640.83"
"4,67 : 533.07"
"4,68 : 617.98"
"4,69 : 802.04"
"4,70 : 422.12"
"4,71 : 624.64"
"4,72 : 669.02"
"4,73 : 177.14"
"4,74 : 192.84"
"4,75 : 467.7"
"4,76 : 237.69"
"4,77 : 575.95"
"4,78 : 30.46"
"4,79 : 477.82"
"4,80 : 670.15"
"4,81 : 309.89"
"4,82 : 498.66"
"4,83 : 859.41"
"4,84 : 195.36"
"4,85 : 640.35"
"4,86 : 848.72"
"4,87 : 156.28"
"4,88 : 741.83"
"4,89 : 574.31"
"4,90 : 180.6"
"4,91 : 258.01"
"4,92 : 246.98"
"4,93 : 247.39"
"4,94 : 537.29"
"4,95 : 630.12"
"4,96 : 396.31"
"4,97 : 753.41"
"4,98 : 673.68"
"4,99 : 276.14"
"5,0 : 585.81"
"5,1 : 97.65"
"5,2 : 752.39"
"5,3 : 503.72"
"5,4 : 325.27"
"5,5 : 0.0"
"5,6 : 743.27"
"5,7 : 579.12"
"5,8 : 196.4"
"5,9 : 714.82"
"5,10 : 231.22"
"5,11 : 360.98"
"5,12 : 178.51"
"5,13 : 637.56"
"5,14 : 604.89"
"5,15 : 456.82"
"5,16 : 456.65"
"5,17 : 466.69"
"5,18 : 746.78"
"5,19 : 247.54"
"5,20 : 466.35"
"5,21 : 345.78"
"5,22 : 799.18"
"5,23 : 234.44"
"5,24 : 356.52"
"5,25 : 422.53"
"5,26 : 249.62"
"5,27 : 411.4"
"5,28 : 591.87"
"5,29 : 588.6"
"5,30 : 625.34"
"5,31 : 303.59"
"5,32 : 280.42"
"5,33 : 377.9"
"5,34 : 30.81"
"5,35 : 709.66"
"5,36 : 608.79"
"5,37 : 405.03"
"5,38 : 436.53"
"5,39 : 361.62"
"5,40 : 760.23"
"5,41 : 447.73"
"5,42 : 332.58"
"5,43 : 582.87"
"5,44 : 414.4"
"5,45 : 496.61"
"5,46 : 300.08"
"5,47 : 521.16"
"5,48 : 474.18"
"5,49 : 569.47"
"5,50 : 581.17"
"5,51 : 231.91"
"5,52 : 392.68"
"5,53 : 664.82"
"5,54 : 418.5"
"5,55 : 217.79"
"5,56 : 646.84"
"5,57 : 276.54"
"5,58 : 382.59"
"5,59 : 134.84"
"5,60 : 509.02"
"5,61 : 193.21"
"5,62 : 282.35"
"5,63 : 580.05"
"5,64 : 352.28"
"5,65 : 238.01"
"5,66 : 453.23"
"5,67 : 396.73"
"5,68 : 726.51"
"5,69 : 570.2"
"5,70 : 184.7"
"5,71 : 335.02"
"5,72 : 569.57"
"5,73 : 385.95"
"5,74 : 426.29"
"5,75 : 229.53"
"5,76 : 282.61"
"5,77 : 324.78"
"5,78 : 334.48"
"5,79 : 672.35"
"5,80 : 637.44"
"5,81 : 223.88"
"5,82 : 593.97"
"5,83 : 617.75"
"5,84 : 491.32"
"5,85 : 368.0"
"5,86 : 571.06"
"5,87 : 459.05"
"5,88 : 426.76"
"5,89 : 608.76"
"5,90 : 470.24"
"5,91 : 169.04"
"5,92 : 557.81"
"5,93 : 552.27"
"5,94 : 378.08"
"5,95 : 519.62"
"5,96 : 107.33"
"5,97 : 499.3"
"5,98 : 535.34"
"5,99 : 591.72"
"6,0 : 445.76"
"6,1 : 838.47"
"6,2 : 41.68"
"6,3 : 271.47"
"6,4 : 627.2"
"6,5 : 743.27"
"6,6 : 0.0"
"6,7 : 871.62"
"6,8 : 820.48"
"6,9 : 112.54"
"6,10 : 556.21"
"6,11 : 969.09"
"6,12 : 905.86"
"6,13 : 254.44"
"6,14 : 283.18"
"6,15 : 1172.9"
"6,16 : 708.46"
"6,17 : 336.86"
"6,18 : 675.02"
"6,19 : 881.46"
"6,20 : 576.54"
"6,21 : 665.98"
"6,22 : 65.52"
"6,23 : 751.86"
"6,24 : 463.07"
"6,25 : 440.51"
"6,26 : 992.6"
"6,27 : 679.81"
"6,28 : 229.0"
"6,29 : 259.49"
"6,30 : 299.29"
"6,31 : 618.58"
"6,32 : 862.03"
"6,33 : 416.52"
"6,34 : 773.33"
"6,35 : 133.84"
"6,36 : 832.69"
"6,37 : 920.59"
"6,38 : 444.7"
"6,39 : 760.9"
"6,40 : 304.57"
"6,41 : 669.03"
"6,42 : 1023.0"
"6,43 : 776.55"
"6,44 : 1131.47"
"6,45 : 518.02"
"6,46 : 1043.3"
"6,47 : 418.14"
"6,48 : 1193.31"
"6,49 : 178.4"
"6,50 : 803.81"
"6,51 : 967.02"
"6,52 : 1091.0"
"6,53 : 202.39"
"6,54 : 342.6"
"6,55 : 787.73"
"6,56 : 674.95"
"6,57 : 668.64"
"6,58 : 366.93"
"6,59 : 660.16"
"6,60 : 734.83"
"6,61 : 559.56"
"6,62 : 1018.28"
"6,63 : 755.11"
"6,64 : 588.65"
"6,65 : 584.4"
"6,66 : 593.06"
"6,67 : 494.3"
"6,68 : 21.38"
"6,69 : 749.6"
"6,70 : 923.15"
"6,71 : 1065.69"
"6,72 : 437.09"
"6,73 : 800.59"
"6,74 : 805.56"
"6,75 : 647.59"
"6,76 : 469.6"
"6,77 : 1067.97"
"6,78 : 597.01"
"6,79 : 205.41"
"6,80 : 310.39"
"6,81 : 523.26"
"6,82 : 149.34"
"6,83 : 805.42"
"6,84 : 501.01"
"6,85 : 758.08"
"6,86 : 889.92"
"6,87 : 718.51"
"6,88 : 1111.94"
"6,89 : 190.38"
"6,90 : 495.63"
"6,91 : 575.01"
"6,92 : 532.11"
"6,93 : 511.41"
"6,94 : 530.47"
"6,95 : 451.77"
"6,96 : 709.9"
"6,97 : 773.41"
"6,98 : 510.52"
"6,99 : 740.61"
"7,0 : 442.09"
"7,1 : 578.66"
"7,2 : 904.9"
"7,3 : 620.01"
"7,4 : 849.79"
"7,5 : 579.12"
"7,6 : 871.62"
"7,7 : 0.0"
"7,8 : 409.42"
"7,9 : 776.25"
"7,10 : 469.62"
"7,11 : 363.61"
"7,12 : 698.35"
"7,13 : 938.19"
"7,14 : 594.29"
"7,15 : 626.69"
"7,16 : 998.65"
"7,17 : 552.13"
"7,18 : 355.41"
"7,19 : 818.34"
"7,20 : 957.31"
"7,21 : 271.46"
"7,22 : 936.49"
"7,23 : 344.84"
"7,24 : 777.37"
"7,25 : 447.81"
"7,26 : 651.8"
"7,27 : 949.31"
"7,28 : 872.48"
"7,29 : 891.7"
"7,30 : 954.18"
"7,31 : 824.8"
"7,32 : 858.11"
"7,33 : 760.32"
"7,34 : 577.6"
"7,35 : 929.0"
"7,36 : 70.24"
"7,37 : 248.65"
"7,38 : 856.64"
"7,39 : 218.51"
"7,40 : 669.38"
"7,41 : 211.6"
"7,42 : 500.03"
"7,43 : 110.8"
"7,44 : 606.05"
"7,45 : 956.99"
"7,46 : 685.42"
"7,47 : 925.98"
"7,48 : 647.43"
"7,49 : 722.03"
"7,50 : 1132.85"
"7,51 : 711.95"
"7,52 : 542.05"
"7,53 : 931.19"
"7,54 : 588.6"
"7,55 : 796.33"
"7,56 : 261.82"
"7,57 : 821.48"
"7,58 : 686.8"
"7,59 : 472.91"
"7,60 : 137.23"
"7,61 : 530.29"
"7,62 : 613.49"
"7,63 : 132.57"
"7,64 : 857.01"
"7,65 : 427.38"
"7,66 : 282.0"
"7,67 : 399.77"
"7,68 : 850.28"
"7,69 : 133.46"
"7,70 : 673.62"
"7,71 : 614.5"
"7,72 : 444.64"
"7,73 : 957.55"
"7,74 : 995.5"
"7,75 : 382.11"
"7,76 : 656.95"
"7,77 : 697.76"
"7,78 : 844.02"
"7,79 : 940.16"
"7,80 : 582.45"
"7,81 : 554.59"
"7,82 : 763.02"
"7,83 : 106.78"
"7,84 : 943.57"
"7,85 : 212.87"
"7,86 : 28.3"
"7,87 : 1003.8"
"7,88 : 526.02"
"7,89 : 681.32"
"7,90 : 921.04"
"7,91 : 592.71"
"7,92 : 1017.58"
"7,93 : 1003.18"
"7,94 : 370.74"
"7,95 : 420.74"
"7,96 : 475.43"
"7,97 : 105.54"
"7,98 : 365.76"
"7,99 : 1124.66"
"8,0 : 548.8"
"8,1 : 170.07"
"8,2 : 838.54"
"8,3 : 554.4"
"8,4 : 516.37"
"8,5 : 196.4"
"8,6 : 820.48"
"8,7 : 409.42"
"8,8 : 0.0"
"8,9 : 766.52"
"8,10 : 264.61"
"8,11 : 174.03"
"8,12 : 288.95"
"8,13 : 768.89"
"8,14 : 619.86"
"8,15 : 358.2"
"8,16 : 652.27"
"8,17 : 498.55"
"8,18 : 646.2"
"8,19 : 413.92"
"8,20 : 651.87"
"8,21 : 241.62"
"8,22 : 882.54"
"8,23 : 94.59"
"8,24 : 514.48"
"8,25 : 417.6"
"8,26 : 261.02"
"8,27 : 606.24"
"8,28 : 713.73"
"8,29 : 718.25"
"8,30 : 765.69"
"8,31 : 493.35"
"8,32 : 459.0"
"8,33 : 522.46"
"8,34 : 183.33"
"8,35 : 816.65"
"8,36 : 452.03"
"8,37 : 209.46"
"8,38 : 599.08"
"8,39 : 208.28"
"8,40 : 761.69"
"8,41 : 334.34"
"8,42 : 203.82"
"8,43 : 438.99"
"8,44 : 318.94"
"8,45 : 674.37"
"8,46 : 305.03"
"8,47 : 682.38"
"8,48 : 379.77"
"8,49 : 642.2"
"8,50 : 777.57"
"8,51 : 306.73"
"8,52 : 271.9"
"8,53 : 785.73"
"8,54 : 477.9"
"8,55 : 407.91"
"8,56 : 538.01"
"8,57 : 471.22"
"8,58 : 495.1"
"8,59 : 170.79"
"8,60 : 372.54"
"8,61 : 277.35"
"8,62 : 244.97"
"8,63 : 442.25"
"8,64 : 538.8"
"8,65 : 237.54"
"8,66 : 371.34"
"8,67 : 372.52"
"8,68 : 801.09"
"8,69 : 433.26"
"8,70 : 265.57"
"8,71 : 273.44"
"8,72 : 536.73"
"8,73 : 580.25"
"8,74 : 621.17"
"8,75 : 180.28"
"8,76 : 412.5"
"8,77 : 323.87"
"8,78 : 521.87"
"8,79 : 794.14"
"8,80 : 639.92"
"8,81 : 316.29"
"8,82 : 675.17"
"8,83 : 469.14"
"8,84 : 666.51"
"8,85 : 216.12"
"8,86 : 396.23"
"8,87 : 654.95"
"8,88 : 291.51"
"8,89 : 655.28"
"8,90 : 644.31"
"8,91 : 301.92"
"8,92 : 736.91"
"8,93 : 728.75"
"8,94 : 340.48"
"8,95 : 487.02"
"8,96 : 130.65"
"8,97 : 349.33"
"8,98 : 479.15"
"8,99 : 786.9"
"9,0 : 341.42"
"9,1 : 806.06"
"9,2 : 153.94"
"9,3 : 214.11"
"9,4 : 650.26"
"9,5 : 714.82"
"9,6 : 112.54"
"9,7 : 776.25"
"9,8 : 766.52"
"9,9 : 0.0"
"9,10 : 507.47"
"9,11 : 904.19"
"9,12 : 885.91"
"9,13 : 334.79"
"9,14 : 182.02"
"9,15 : 1123.71"
"9,16 : 750.35"
"9,17 : 268.63"
"9,18 : 563.72"
"9,19 : 880.2"
"9,20 : 624.02"
"9,21 : 589.31"
"9,22 : 168.86"
"9,23 : 690.16"
"9,24 : 481.81"
"9,25 : 363.58"
"9,26 : 960.56"
"9,27 : 716.04"
"9,28 : 291.56"
"9,29 : 324.97"
"9,30 : 377.59"
"9,31 : 637.69"
"9,32 : 868.13"
"9,33 : 432.9"
"9,34 : 743.58"
"9,35 : 232.73"
"9,36 : 733.31"
"9,37 : 845.81"
"9,38 : 483.13"
"9,39 : 683.41"
"9,40 : 194.91"
"9,41 : 579.96"
"9,42 : 970.34"
"9,43 : 677.28"
"9,44 : 1083.29"
"9,45 : 571.3"
"9,46 : 1011.82"
"9,47 : 475.13"
"9,48 : 1144.84"
"9,49 : 155.71"
"9,50 : 857.51"
"9,51 : 944.63"
"9,52 : 1038.41"
"9,53 : 288.88"
"9,54 : 297.41"
"9,55 : 790.14"
"9,56 : 568.35"
"9,57 : 683.61"
"9,58 : 362.08"
"9,59 : 616.19"
"9,60 : 640.8"
"9,61 : 523.58"
"9,62 : 979.62"
"9,63 : 655.41"
"9,64 : 616.0"
"9,65 : 529.14"
"9,66 : 503.12"
"9,67 : 416.89"
"9,68 : 95.38"
"9,69 : 650.54"
"9,70 : 898.7"
"9,71 : 1023.71"
"9,72 : 334.73"
"9,73 : 827.14"
"9,74 : 837.61"
"9,75 : 588.22"
"9,76 : 459.5"
"9,77 : 1036.14"
"9,78 : 621.26"
"9,79 : 294.2"
"9,80 : 202.2"
"9,81 : 490.95"
"9,82 : 153.03"
"9,83 : 704.39"
"9,84 : 553.3"
"9,85 : 679.77"
"9,86 : 796.08"
"9,87 : 760.27"
"9,88 : 1055.82"
"9,89 : 111.29"
"9,90 : 543.77"
"9,91 : 551.8"
"9,92 : 595.77"
"9,93 : 574.6"
"9,94 : 453.6"
"9,95 : 355.82"
"9,96 : 666.52"
"9,97 : 681.48"
"9,98 : 411.33"
"9,99 : 799.83"
"10,0 : 357.01"
"10,1 : 308.97"
"10,2 : 573.92"
"10,3 : 293.52"
"10,4 : 389.63"
"10,5 : 231.22"
"10,6 : 556.21"
"10,7 : 469.62"
"10,8 : 264.61"
"10,9 : 507.47"
"10,10 : 0.0"
"10,11 : 422.4"
"10,12 : 409.57"
"10,13 : 519.01"
"10,14 : 378.39"
"10,15 : 617.78"
"10,16 : 539.6"
"10,17 : 244.62"
"10,18 : 542.62"
"10,19 : 458.73"
"10,20 : 487.96"
"10,21 : 198.18"
"10,22 : 617.98"
"10,23 : 206.65"
"10,24 : 309.36"
"10,25 : 191.37"
"10,26 : 460.42"
"10,27 : 490.07"
"10,28 : 459.46"
"10,29 : 468.56"
"10,30 : 522.61"
"10,31 : 364.87"
"10,32 : 474.68"
"10,33 : 298.3"
"10,34 : 254.53"
"10,35 : 554.92"
"10,36 : 474.07"
"10,37 : 400.28"
"10,38 : 391.2"
"10,39 : 270.73"
"10,40 : 531.5"
"10,41 : 280.98"
"10,42 : 466.81"
"10,43 : 432.56"
"10,44 : 576.82"
"10,45 : 488.23"
"10,46 : 511.58"
"10,47 : 466.19"
"10,48 : 638.57"
"10,49 : 377.83"
"10,50 : 675.33"
"10,51 : 460.18"
"10,52 : 534.84"
"10,53 : 529.57"
"10,54 : 213.96"
"10,55 : 396.56"
"10,56 : 453.72"
"10,57 : 373.0"
"10,58 : 244.39"
"10,59 : 110.14"
"10,60 : 358.57"
"10,61 : 66.4"
"10,62 : 473.63"
"10,63 : 422.31"
"10,64 : 391.08"
"10,65 : 43.42"
"10,66 : 255.57"
"10,67 : 170.18"
"10,68 : 537.03"
"10,69 : 412.46"
"10,70 : 412.06"
"10,71 : 516.4"
"10,72 : 340.15"
"10,73 : 525.3"
"10,74 : 557.75"
"10,75 : 106.17"
"10,76 : 189.47"
"10,77 : 535.21"
"10,78 : 379.64"
"10,79 : 538.26"
"10,80 : 408.13"
"10,81 : 84.97"
"10,82 : 410.56"
"10,83 : 470.31"
"10,84 : 475.43"
"10,85 : 272.62"
"10,86 : 472.75"
"10,87 : 545.89"
"10,88 : 556.09"
"10,89 : 397.09"
"10,90 : 452.75"
"10,91 : 134.85"
"10,92 : 549.53"
"10,93 : 536.06"
"10,94 : 159.7"
"10,95 : 291.02"
"10,96 : 160.08"
"10,97 : 368.57"
"10,98 : 314.38"
"10,99 : 659.72"
"11,0 : 642.2"
"11,1 : 304.11"
"11,2 : 990.7"
"11,3 : 698.34"
"11,4 : 685.68"
"11,5 : 360.98"
"11,6 : 969.09"
"11,7 : 363.61"
"11,8 : 174.03"
"11,9 : 904.19"
"11,10 : 422.4"
"11,11 : 0.0"
"11,12 : 398.59"
"11,13 : 937.17"
"11,14 : 742.79"
"11,15 : 270.43"
"11,16 : 816.48"
"11,17 : 636.52"
"11,18 : 676.24"
"11,19 : 542.58"
"11,20 : 823.85"
"11,21 : 326.25"
"11,22 : 1032.89"
"11,23 : 217.81"
"11,24 : 688.28"
"11,25 : 542.56"
"11,26 : 312.88"
"11,27 : 772.03"
"11,28 : 879.96"
"11,29 : 886.48"
"11,30 : 936.07"
"11,31 : 663.35"
"11,32 : 595.19"
"11,33 : 694.98"
"11,34 : 341.37"
"11,35 : 977.13"
"11,36 : 425.17"
"11,37 : 115.04"
"11,38 : 772.98"
"11,39 : 245.51"
"11,40 : 870.64"
"11,41 : 386.38"
"11,42 : 137.12"
"11,43 : 434.36"
"11,44 : 244.72"
"11,45 : 847.94"
"11,46 : 335.86"
"11,47 : 856.11"
"11,48 : 292.32"
"11,49 : 792.65"
"11,50 : 937.16"
"11,51 : 389.65"
"11,52 : 181.18"
"11,53 : 951.02"
"11,54 : 628.78"
"11,55 : 557.49"
"11,56 : 567.38"
"11,57 : 637.39"
"11,58 : 662.0"
"11,59 : 341.3"
"11,60 : 388.71"
"11,61 : 446.02"
"11,62 : 262.07"
"11,63 : 445.97"
"11,64 : 710.25"
"11,65 : 387.66"
"11,66 : 447.9"
"11,67 : 491.15"
"11,68 : 948.87"
"11,69 : 439.39"
"11,70 : 363.85"
"11,71 : 253.45"
"11,72 : 634.04"
"11,73 : 732.6"
"11,74 : 774.41"
"11,75 : 322.46"
"11,76 : 584.13"
"11,77 : 343.93"
"11,78 : 692.96"
"11,79 : 959.61"
"11,80 : 754.5"
"11,81 : 484.42"
"11,82 : 828.24"
"11,83 : 453.59"
"11,84 : 840.31"
"11,85 : 252.29"
"11,86 : 340.91"
"11,87 : 818.37"
"11,88 : 174.38"
"11,89 : 793.55"
"11,90 : 818.18"
"11,91 : 475.44"
"11,92 : 910.37"
"11,93 : 902.5"
"11,94 : 455.13"
"11,95 : 588.47"
"11,96 : 304.42"
"11,97 : 349.75"
"11,98 : 563.84"
"11,99 : 951.91"
"12,0 : 762.33"
"12,1 : 122.41"
"12,2 : 911.12"
"12,3 : 677.66"
"12,4 : 387.41"
"12,5 : 178.51"
"12,6 : 905.86"
"12,7 : 698.35"
"12,8 : 288.95"
"12,9 : 885.91"
"12,10 : 409.57"
"12,11 : 398.59"
"12,12 : 0.0"
"12,13 : 771.51"
"12,14 : 782.68"
"12,15 : 375.11"
"12,16 : 476.66"
"12,17 : 643.85"
"12,18 : 909.69"
"12,19 : 148.93"
"12,20 : 533.03"
"12,21 : 500.62"
"12,22 : 958.44"
"12,23 : 365.58"
"12,24 : 480.28"
"12,25 : 600.7"
"12,26 : 131.1"
"12,27 : 442.81"
"12,28 : 734.37"
"12,29 : 725.52"
"12,30 : 751.91"
"12,31 : 374.01"
"12,32 : 206.53"
"12,33 : 513.32"
"12,34 : 156.16"
"12,35 : 858.48"
"12,36 : 739.8"
"12,37 : 481.81"
"12,38 : 548.23"
"12,39 : 492.52"
"12,40 : 938.43"
"12,41 : 601.88"
"12,42 : 307.54"
"12,43 : 723.0"
"12,44 : 337.15"
"12,45 : 579.56"
"12,46 : 166.09"
"12,47 : 629.35"
"12,48 : 386.09"
"12,49 : 736.6"
"12,50 : 575.52"
"12,51 : 63.41"
"12,52 : 344.05"
"12,53 : 805.81"
"12,54 : 592.23"
"12,55 : 198.91"
"12,56 : 805.73"
"12,57 : 326.99"
"12,58 : 539.48"
"12,59 : 308.37"
"12,60 : 652.87"
"12,61 : 369.86"
"12,62 : 192.84"
"12,63 : 723.92"
"12,64 : 426.73"
"12,65 : 413.57"
"12,66 : 618.79"
"12,67 : 573.05"
"12,68 : 890.35"
"12,69 : 714.49"
"12,70 : 39.81"
"12,71 : 247.1"
"12,72 : 746.46"
"12,73 : 362.47"
"12,74 : 403.94"
"12,75 : 394.41"
"12,76 : 436.69"
"12,77 : 188.56"
"12,78 : 408.54"
"12,79 : 812.52"
"12,80 : 815.8"
"12,81 : 397.42"
"12,82 : 757.63"
"12,83 : 754.93"
"12,84 : 579.59"
"12,85 : 500.0"
"12,86 : 684.69"
"12,87 : 475.24"
"12,88 : 386.12"
"12,89 : 782.18"
"12,90 : 561.96"
"12,91 : 334.15"
"12,92 : 634.36"
"12,93 : 634.48"
"12,94 : 552.17"
"12,95 : 696.21"
"12,96 : 269.03"
"12,97 : 634.61"
"12,98 : 708.44"
"12,99 : 608.03"
"13,0 : 578.0"
"13,1 : 734.79"
"13,2 : 226.86"
"13,3 : 334.08"
"13,4 : 427.69"
"13,5 : 637.56"
"13,6 : 254.44"
"13,7 : 938.19"
"13,8 : 768.89"
"13,9 : 334.79"
"13,10 : 519.01"
"13,11 : 937.17"
"13,12 : 771.51"
"13,13 : 0.0"
"13,14 : 432.02"
"13,15 : 1093.01"
"13,16 : 476.42"
"13,17 : 395.34"
"13,18 : 830.31"
"13,19 : 711.42"
"13,20 : 342.05"
"13,21 : 687.05"
"13,22 : 264.01"
"13,23 : 725.06"
"13,24 : 291.45"
"13,25 : 493.09"
"13,26 : 880.03"
"13,27 : 456.34"
"13,28 : 66.22"
"13,29 : 50.7"
"13,30 : 44.91"
"13,31 : 426.81"
"13,32 : 679.42"
"13,33 : 260.46"
"13,34 : 668.18"
"13,35 : 129.0"
"13,36 : 916.55"
"13,37 : 918.48"
"13,38 : 236.1"
"13,39 : 776.4"
"13,40 : 521.5"
"13,41 : 726.63"
"13,42 : 957.15"
"13,43 : 862.79"
"13,44 : 1050.52"
"13,45 : 278.76"
"13,46 : 927.45"
"13,47 : 180.28"
"13,48 : 1111.05"
"13,49 : 248.78"
"13,50 : 557.75"
"13,51 : 834.91"
"13,52 : 1022.26"
"13,53 : 54.01"
"13,54 : 349.59"
"13,55 : 615.43"
"13,56 : 799.16"
"13,57 : 480.6"
"13,58 : 275.39"
"13,59 : 598.1"
"13,60 : 804.11"
"13,61 : 491.76"
"13,62 : 919.43"
"13,63 : 844.27"
"13,64 : 384.57"
"13,65 : 558.92"
"13,66 : 660.33"
"13,67 : 538.59"
"13,68 : 256.83"
"13,69 : 836.53"
"13,70 : 797.4"
"13,71 : 972.57"
"13,72 : 563.05"
"13,73 : 586.78"
"13,74 : 583.7"
"13,75 : 624.66"
"13,76 : 359.78"
"13,77 : 951.96"
"13,78 : 397.72"
"13,79 : 54.59"
"13,80 : 475.86"
"13,81 : 453.02"
"13,82 : 214.6"
"13,83 : 897.39"
"13,84 : 263.91"
"13,85 : 776.19"
"13,86 : 950.04"
"13,87 : 486.34"
"13,88 : 1051.22"
"13,89 : 332.66"
"13,90 : 264.77"
"13,91 : 475.8"
"13,92 : 282.0"
"13,93 : 262.07"
"13,94 : 567.85"
"13,95 : 554.67"
"13,96 : 641.46"
"13,97 : 833.03"
"13,98 : 616.73"
"13,99 : 491.07"
"14,0 : 162.79"
"14,1 : 687.26"
"14,2 : 320.5"
"14,3 : 134.77"
"14,4 : 624.49"
"14,5 : 604.89"
"14,6 : 283.18"
"14,7 : 594.29"
"14,8 : 619.86"
"14,9 : 182.02"
"14,10 : 378.39"
"14,11 : 742.79"
"14,12 : 782.68"
"14,13 : 432.02"
"14,14 : 0.0"
"14,15 : 977.56"
"14,16 : 750.22"
"14,17 : 140.04"
"14,18 : 403.51"
"14,19 : 805.11"
"14,20 : 640.28"
"14,21 : 420.03"
"14,22 : 346.09"
"14,23 : 535.67"
"14,24 : 463.73"
"14,25 : 202.63"
"14,26 : 838.57"
"14,27 : 708.14"
"14,28 : 371.18"
"14,29 : 402.2"
"14,30 : 466.31"
"14,31 : 606.33"
"14,32 : 804.88"
"14,33 : 417.43"
"14,34 : 630.62"
"14,35 : 370.45"
"14,36 : 551.61"
"14,37 : 675.35"
"14,38 : 496.53"
"14,39 : 512.0"
"14,40 : 157.33"
"14,41 : 400.55"
"14,42 : 821.84"
"14,43 : 495.52"
"14,44 : 938.77"
"14,45 : 600.96"
"14,46 : 889.63"
"14,47 : 519.25"
"14,48 : 999.33"
"14,49 : 183.86"
"14,50 : 873.34"
"14,51 : 836.42"
"14,52 : 889.18"
"14,53 : 401.51"
"14,54 : 206.01"
"14,55 : 724.02"
"14,56 : 392.59"
"14,57 : 642.71"
"14,58 : 324.76"
"14,59 : 487.94"
"14,60 : 459.16"
"14,61 : 413.05"
"14,62 : 848.45"
"14,63 : 473.75"
"14,64 : 599.55"
"14,65 : 389.02"
"14,66 : 323.69"
"14,67 : 251.87"
"14,68 : 262.37"
"14,69 : 468.73"
"14,70 : 788.65"
"14,71 : 887.56"
"14,72 : 154.0"
"14,73 : 798.2"
"14,74 : 817.33"
"14,75 : 439.67"
"14,76 : 397.36"
"14,77 : 913.06"
"14,78 : 599.39"
"14,79 : 409.32"
"14,80 : 47.89"
"14,81 : 389.08"
"14,82 : 218.0"
"14,83 : 523.24"
"14,84 : 582.68"
"14,85 : 507.65"
"14,86 : 614.34"
"14,87 : 759.48"
"14,88 : 902.4"
"14,89 : 103.08"
"14,90 : 567.09"
"14,91 : 459.13"
"14,92 : 641.28"
"14,93 : 620.72"
"14,94 : 287.67"
"14,95 : 174.32"
"14,96 : 536.95"
"14,97 : 500.39"
"14,98 : 229.39"
"14,99 : 827.49"
"15,0 : 896.09"
"15,1 : 361.66"
"15,2 : 1188.22"
"15,3 : 910.6"
"15,4 : 753.38"
"15,5 : 456.82"
"15,6 : 1172.9"
"15,7 : 626.69"
"15,8 : 358.2"
"15,9 : 1123.71"
"15,10 : 617.78"
"15,11 : 270.43"
"15,12 : 375.11"
"15,13 : 1093.01"
"15,14 : 977.56"
"15,15 : 0.0"
"15,16 : 851.68"
"15,17 : 856.37"
"15,18 : 946.56"
"15,19 : 515.15"
"15,20 : 900.07"
"15,21 : 578.75"
"15,22 : 1233.41"
"15,23 : 443.42"
"15,24 : 812.98"
"15,25 : 775.02"
"15,26 : 244.03"
"15,27 : 816.75"
"15,28 : 1044.53"
"15,29 : 1043.47"
"15,30 : 1082.01"
"15,31 : 736.64"
"15,32 : 574.45"
"15,33 : 834.35"
"15,34 : 426.77"
"15,35 : 1157.05"
"15,36 : 691.53"
"15,37 : 382.39"
"15,38 : 891.36"
"15,39 : 509.47"
"15,40 : 1116.58"
"15,41 : 651.41"
"15,42 : 156.24"
"15,43 : 704.06"
"15,44 : 42.49"
"15,45 : 940.57"
"15,46 : 219.49"
"15,47 : 975.67"
"15,48 : 22.36"
"15,49 : 994.61"
"15,50 : 948.1"
"15,51 : 326.38"
"15,52 : 91.71"
"15,53 : 1117.58"
"15,54 : 831.61"
"15,55 : 573.68"
"15,56 : 837.53"
"15,57 : 694.76"
"15,58 : 829.25"
"15,59 : 512.91"
"15,60 : 658.92"
"15,61 : 616.23"
"15,62 : 184.98"
"15,63 : 716.2"
"15,64 : 789.09"
"15,65 : 594.68"
"15,66 : 706.72"
"15,67 : 728.24"
"15,68 : 1154.13"
"15,69 : 709.74"
"15,70 : 336.43"
"15,71 : 129.0"
"15,72 : 885.85"
"15,73 : 735.14"
"15,74 : 775.88"
"15,75 : 538.38"
"15,76 : 734.4"
"15,77 : 205.77"
"15,78 : 770.65"
"15,79 : 1125.43"
"15,80 : 996.03"
"15,81 : 654.34"
"15,82 : 1025.37"
"15,83 : 721.68"
"15,84 : 937.96"
"15,85 : 516.85"
"15,86 : 601.8"
"15,87 : 850.34"
"15,88 : 101.0"
"15,89 : 1012.61"
"15,90 : 918.29"
"15,91 : 618.13"
"15,92 : 998.76"
"15,93 : 996.39"
"15,94 : 694.64"
"15,95 : 837.62"
"15,96 : 463.6"
"15,97 : 620.17"
"15,98 : 821.03"
"15,99 : 983.0"
"16,0 : 827.54"
"16,1 : 520.2"
"16,2 : 691.56"
"16,3 : 615.46"
"16,4 : 150.01"
"16,5 : 456.65"
"16,6 : 708.46"
"16,7 : 998.65"
"16,8 : 652.27"
"16,9 : 750.35"
"16,10 : 539.6"
"16,11 : 816.48"
"16,12 : 476.66"
"16,13 : 476.42"
"16,14 : 750.22"
"16,15 : 851.68"
"16,16 : 0.0"
"16,17 : 631.86"
"16,18 : 1059.23"
"16,19 : 347.57"
"16,20 : 134.37"
"16,21 : 732.12"
"16,22 : 734.21"
"16,23 : 670.87"
"16,24 : 286.9"
"16,25 : 668.03"
"16,26 : 607.74"
"16,27 : 49.58"
"16,28 : 480.76"
"16,29 : 453.25"
"16,30 : 436.74"
"16,31 : 174.9"
"16,32 : 292.25"
"16,33 : 332.85"
"16,34 : 475.13"
"16,35 : 601.91"
"16,36 : 1011.13"
"16,37 : 858.5"
"16,38 : 267.27"
"16,39 : 783.79"
"16,40 : 893.0"
"16,41 : 820.52"
"16,42 : 765.67"
"16,43 : 971.75"
"16,44 : 813.14"
"16,45 : 198.28"
"16,46 : 639.18"
"16,47 : 296.38"
"16,48 : 862.69"
"16,49 : 603.73"
"16,50 : 135.77"
"16,51 : 529.88"
"16,52 : 813.48"
"16,53 : 528.51"
"16,54 : 556.22"
"16,55 : 278.06"
"16,56 : 983.43"
"16,57 : 181.66"
"16,58 : 426.41"
"16,59 : 528.52"
"16,60 : 897.23"
"16,61 : 474.12"
"16,62 : 668.04"
"16,63 : 961.9"
"16,64 : 156.06"
"16,65 : 577.84"
"16,66 : 789.93"
"16,67 : 680.0"
"16,68 : 703.03"
"16,69 : 952.03"
"16,70 : 515.28"
"16,71 : 723.22"
"16,72 : 808.77"
"16,73 : 138.97"
"16,74 : 116.93"
"16,75 : 616.6"
"16,76 : 380.28"
"16,77 : 659.17"
"16,78 : 162.8"
"16,79 : 530.68"
"16,80 : 797.23"
"16,81 : 459.25"
"16,82 : 597.48"
"16,83 : 1009.41"
"16,84 : 212.51"
"16,85 : 788.26"
"16,86 : 996.94"
"16,87 : 10.05"
"16,88 : 853.63"
"16,89 : 688.2"
"16,90 : 213.72"
"16,91 : 407.83"
"16,92 : 217.51"
"16,93 : 230.5"
"16,94 : 685.77"
"16,95 : 772.29"
"16,96 : 538.46"
"16,97 : 903.01"
"16,98 : 818.47"
"16,99 : 135.59"
"17,0 : 202.73"
"17,1 : 551.59"
"17,2 : 363.79"
"17,3 : 68.47"
"17,4 : 497.97"
"17,5 : 466.69"
"17,6 : 336.86"
"17,7 : 552.13"
"17,8 : 498.55"
"17,9 : 268.63"
"17,10 : 244.62"
"17,11 : 636.52"
"17,12 : 643.85"
"17,13 : 395.34"
"17,14 : 140.04"
"17,15 : 856.37"
"17,16 : 631.86"
"17,17 : 0.0"
"17,18 : 452.86"
"17,19 : 665.45"
"17,20 : 532.89"
"17,21 : 329.27"
"17,22 : 402.06"
"17,23 : 421.62"
"17,24 : 346.15"
"17,25 : 106.07"
"17,26 : 704.41"
"17,27 : 587.17"
"17,28 : 329.2"
"17,29 : 353.56"
"17,30 : 419.0"
"17,31 : 478.09"
"17,32 : 666.51"
"17,33 : 304.24"
"17,34 : 493.17"
"17,35 : 377.13"
"17,36 : 524.25"
"17,37 : 583.83"
"17,38 : 394.24"
"17,39 : 424.19"
"17,40 : 297.32"
"17,41 : 342.29"
"17,42 : 702.31"
"17,43 : 469.52"
"17,44 : 816.36"
"17,45 : 502.73"
"17,46 : 755.66"
"17,47 : 434.75"
"17,48 : 877.7"
"17,49 : 171.06"
"17,50 : 760.32"
"17,51 : 698.55"
"17,52 : 770.31"
"17,53 : 381.58"
"17,54 : 75.64"
"17,55 : 585.53"
"17,56 : 407.06"
"17,57 : 510.64"
"17,58 : 208.2"
"17,59 : 354.75"
"17,60 : 415.48"
"17,61 : 274.0"
"17,62 : 718.07"
"17,63 : 450.29"
"17,64 : 477.45"
"17,65 : 261.87"
"17,66 : 270.31"
"17,67 : 158.9"
"17,68 : 315.93"
"17,69 : 442.92"
"17,70 : 651.05"
"17,71 : 759.81"
"17,72 : 184.72"
"17,73 : 667.99"
"17,74 : 689.83"
"17,75 : 319.66"
"17,76 : 264.04"
"17,77 : 779.46"
"17,78 : 475.0"
"17,79 : 390.45"
"17,80 : 179.1"
"17,81 : 249.09"
"17,82 : 211.68"
"17,83 : 503.24"
"17,84 : 485.14"
"17,85 : 421.54"
"17,86 : 567.13"
"17,87 : 640.64"
"17,88 : 787.24"
"17,89 : 157.43"
"17,90 : 466.68"
"17,91 : 319.13"
"17,92 : 551.08"
"17,93 : 531.79"
"17,94 : 194.37"
"17,95 : 163.13"
"17,96 : 404.67"
"17,97 : 449.13"
"17,98 : 223.65"
"17,99 : 721.34"
"18,0 : 253.55"
"18,1 : 789.27"
"18,2 : 715.25"
"18,3 : 501.38"
"18,4 : 913.72"
"18,5 : 746.78"
"18,6 : 675.02"
"18,7 : 355.41"
"18,8 : 646.2"
"18,9 : 563.72"
"18,10 : 542.62"
"18,11 : 676.24"
"18,12 : 909.69"
"18,13 : 830.31"
"18,14 : 403.51"
"18,15 : 946.56"
"18,16 : 1059.23"
"18,17 : 452.86"
"18,18 : 0.0"
"18,19 : 991.61"
"18,20 : 975.91"
"18,21 : 410.17"
"18,22 : 732.16"
"18,23 : 554.03"
"18,24 : 784.51"
"18,25 : 392.0"
"18,26 : 907.09"
"18,27 : 1011.23"
"18,28 : 766.63"
"18,29 : 795.27"
"18,30 : 860.84"
"18,31 : 890.45"
"18,32 : 1014.16"
"18,33 : 748.58"
"18,34 : 759.46"
"18,35 : 773.61"
"18,36 : 286.11"
"18,37 : 567.81"
"18,38 : 843.1"
"18,39 : 445.79"
"18,40 : 397.05"
"18,41 : 312.0"
"18,42 : 801.38"
"18,43 : 251.56"
"18,44 : 918.49"
"18,45 : 952.03"
"18,46 : 950.88"
"18,47 : 887.59"
"18,48 : 968.53"
"18,49 : 582.2"
"18,50 : 1193.06"
"18,51 : 943.45"
"18,52 : 856.22"
"18,53 : 803.65"
"18,54 : 522.56"
"18,55 : 937.84"
"18,56 : 109.66"
"18,57 : 908.65"
"18,58 : 654.35"
"18,59 : 612.89"
"18,60 : 287.68"
"18,61 : 607.08"
"18,62 : 887.09"
"18,63 : 234.83"
"18,64 : 903.46"
"18,65 : 517.66"
"18,66 : 293.71"
"18,67 : 381.42"
"18,68 : 655.78"
"18,69 : 239.64"
"18,70 : 897.48"
"18,71 : 904.25"
"18,72 : 270.0"
"18,73 : 1064.82"
"18,74 : 1094.77"
"18,75 : 517.75"
"18,76 : 679.07"
"18,77 : 968.8"
"18,78 : 896.67"
"18,79 : 811.69"
"18,80 : 366.84"
"18,81 : 609.2"
"18,82 : 619.41"
"18,83 : 248.82"
"18,84 : 934.92"
"18,85 : 437.86"
"18,86 : 383.64"
"18,87 : 1066.97"
"18,88 : 849.79"
"18,89 : 506.58"
"18,90 : 915.39"
"18,91 : 674.69"
"18,92 : 1002.78"
"18,93 : 983.86"
"18,94 : 383.3"
"18,95 : 292.8"
"18,96 : 643.18"
"18,97 : 327.33"
"18,98 : 241.01"
"18,99 : 1162.56"
"19,0 : 814.42"
"19,1 : 245.37"
"19,2 : 879.91"
"19,3 : 685.3"
"19,4 : 292.36"
"19,5 : 247.54"
"19,6 : 881.46"
"19,7 : 818.34"
"19,8 : 413.92"
"19,9 : 880.2"
"19,10 : 458.73"
"19,11 : 542.58"
"19,12 : 148.93"
"19,13 : 711.42"
"19,14 : 805.11"
"19,15 : 515.15"
"19,16 : 347.57"
"19,17 : 665.45"
"19,18 : 991.61"
"19,19 : 0.0"
"19,20 : 427.67"
"19,21 : 593.32"
"19,22 : 927.16"
"19,23 : 475.1"
"19,24 : 425.77"
"19,25 : 645.31"
"19,26 : 273.79"
"19,27 : 321.86"
"19,28 : 685.4"
"19,29 : 670.34"
"19,30 : 684.73"
"19,31 : 287.17"
"19,32 : 59.3"
"19,33 : 468.03"
"19,34 : 242.24"
"19,35 : 813.85"
"19,36 : 852.71"
"19,37 : 617.56"
"19,38 : 476.84"
"19,39 : 604.03"
"19,40 : 962.39"
"19,41 : 695.24"
"19,42 : 456.46"
"19,43 : 829.17"
"19,44 : 479.56"
"19,45 : 482.87"
"19,46 : 297.11"
"19,47 : 550.11"
"19,48 : 523.7"
"19,49 : 725.3"
"19,50 : 433.3"
"19,51 : 188.77"
"19,52 : 491.5"
"19,53 : 752.69"
"19,54 : 602.28"
"19,55 : 96.05"
"19,56 : 893.38"
"19,57 : 233.62"
"19,58 : 519.2"
"19,59 : 379.01"
"19,60 : 755.84"
"19,61 : 403.12"
"19,62 : 338.2"
"19,63 : 827.02"
"19,64 : 335.84"
"19,65 : 475.98"
"19,66 : 697.96"
"19,67 : 628.91"
"19,68 : 868.6"
"19,69 : 817.22"
"19,70 : 188.22"
"19,71 : 390.12"
"19,72 : 797.0"
"19,73 : 221.08"
"19,74 : 261.09"
"19,75 : 476.27"
"19,76 : 420.9"
"19,77 : 315.13"
"19,78 : 319.56"
"19,79 : 758.24"
"19,80 : 843.92"
"19,81 : 418.81"
"19,82 : 738.88"
"19,83 : 863.47"
"19,84 : 486.86"
"19,85 : 610.88"
"19,86 : 807.61"
"19,87 : 344.4"
"19,88 : 533.92"
"19,89 : 785.32"
"19,90 : 472.91"
"19,91 : 347.13"
"19,92 : 530.52"
"19,93 : 534.58"
"19,94 : 615.51"
"19,95 : 748.88"
"19,96 : 354.67"
"19,97 : 744.11"
"19,98 : 772.31"
"19,99 : 472.65"
"20,0 : 734.03"
"20,1 : 547.32"
"20,2 : 558.34"
"20,3 : 506.76"
"20,4 : 146.7"
"20,5 : 466.35"
"20,6 : 576.54"
"20,7 : 957.31"
"20,8 : 651.87"
"20,9 : 624.02"
"20,10 : 487.96"
"20,11 : 823.85"
"20,12 : 533.03"
"20,13 : 342.05"
"20,14 : 640.28"
"20,15 : 900.07"
"20,16 : 134.37"
"20,17 : 532.89"
"20,18 : 975.91"
"20,19 : 427.67"
"20,20 : 0.0"
"20,21 : 686.04"
"20,22 : 600.48"
"20,23 : 651.25"
"20,24 : 191.73"
"20,25 : 584.82"
"20,26 : 660.67"
"20,27 : 120.21"
"20,28 : 347.97"
"20,29 : 319.64"
"20,30 : 302.65"
"20,31 : 164.51"
"20,32 : 380.86"
"20,33 : 228.83"
"20,34 : 491.0"
"20,35 : 467.74"
"20,36 : 960.81"
"20,37 : 848.18"
"20,38 : 144.52"
"20,39 : 750.75"
"20,40 : 776.17"
"20,41 : 764.77"
"20,42 : 794.86"
"20,43 : 916.64"
"20,44 : 859.32"
"20,45 : 64.85"
"20,46 : 699.12"
"20,47 : 162.05"
"20,48 : 913.72"
"20,49 : 482.4"
"20,50 : 235.05"
"20,51 : 592.65"
"20,52 : 849.87"
"20,53 : 394.18"
"20,54 : 458.19"
"20,55 : 340.35"
"20,56 : 909.36"
"20,57 : 206.2"
"20,58 : 324.78"
"20,59 : 504.45"
"20,60 : 844.25"
"20,61 : 427.54"
"20,62 : 715.24"
"20,63 : 904.25"
"20,64 : 114.07"
"20,65 : 529.94"
"20,66 : 723.67"
"20,67 : 605.61"
"20,68 : 572.01"
"20,69 : 894.68"
"20,70 : 568.34"
"20,71 : 771.33"
"20,72 : 715.52"
"20,73 : 254.61"
"20,74 : 244.63"
"20,75 : 579.57"
"20,76 : 306.27"
"20,77 : 721.37"
"20,78 : 132.0"
"20,79 : 396.31"
"20,80 : 688.0"
"20,81 : 403.19"
"20,82 : 472.16"
"20,83 : 954.41"
"20,84 : 78.16"
"20,85 : 754.03"
"20,86 : 959.31"
"20,87 : 144.31"
"20,88 : 887.24"
"20,89 : 569.81"
"20,90 : 81.0"
"20,91 : 369.54"
"20,92 : 102.88"
"20,93 : 108.07"
"20,94 : 617.65"
"20,95 : 684.05"
"20,96 : 526.49"
"20,97 : 856.47"
"20,98 : 735.55"
"20,99 : 188.48"
"21,0 : 317.84"
"21,1 : 379.44"
"21,2 : 692.86"
"21,3 : 396.29"
"21,4 : 582.38"
"21,5 : 345.78"
"21,6 : 665.98"
"21,7 : 271.46"
"21,8 : 241.62"
"21,9 : 589.31"
"21,10 : 198.18"
"21,11 : 326.25"
"21,12 : 500.62"
"21,13 : 687.05"
"21,14 : 420.03"
"21,15 : 578.75"
"21,16 : 732.12"
"21,17 : 329.27"
"21,18 : 410.17"
"21,19 : 593.32"
"21,20 : 686.04"
"21,21 : 0.0"
"21,22 : 731.27"
"21,23 : 147.14"
"21,24 : 506.32"
"21,25 : 226.36"
"21,26 : 499.94"
"21,27 : 682.57"
"21,28 : 623.07"
"21,29 : 638.35"
"21,30 : 697.94"
"21,31 : 557.4"
"21,32 : 623.44"
"21,33 : 491.15"
"21,34 : 354.23"
"21,35 : 697.57"
"21,36 : 279.12"
"21,37 : 256.52"
"21,38 : 586.52"
"21,39 : 94.92"
"21,40 : 544.39"
"21,41 : 102.14"
"21,42 : 423.6"
"21,43 : 243.17"
"21,44 : 543.86"
"21,45 : 685.77"
"21,46 : 545.77"
"21,47 : 658.09"
"21,48 : 601.07"
"21,49 : 497.29"
"21,50 : 867.29"
"21,51 : 533.29"
"21,52 : 487.4"
"21,53 : 687.54"
"21,54 : 343.58"
"21,55 : 553.08"
"21,56 : 305.12"
"21,57 : 558.63"
"21,58 : 423.34"
"21,59 : 219.21"
"21,60 : 167.89"
"21,61 : 259.89"
"21,62 : 486.47"
"21,63 : 237.13"
"21,64 : 587.24"
"21,65 : 156.25"
"21,66 : 130.29"
"21,67 : 172.63"
"21,68 : 644.95"
"21,69 : 227.15"
"21,70 : 487.37"
"21,71 : 511.66"
"21,72 : 308.6"
"21,73 : 702.68"
"21,74 : 738.47"
"21,75 : 120.67"
"21,76 : 385.92"
"21,77 : 565.21"
"21,78 : 574.86"
"21,79 : 696.52"
"21,80 : 428.9"
"21,81 : 283.13"
"21,82 : 536.49"
"21,83 : 280.06"
"21,84 : 672.55"
"21,85 : 92.44"
"21,86 : 275.41"
"21,87 : 737.79"
"21,88 : 493.71"
"21,89 : 481.27"
"21,90 : 649.97"
"21,91 : 324.37"
"21,92 : 746.62"
"21,93 : 732.57"
"21,94 : 135.99"
"21,95 : 262.27"
"21,96 : 238.88"
"21,97 : 171.23"
"21,98 : 242.42"
"21,99 : 855.59"
"22,0 : 508.06"
"22,1 : 895.2"
"22,2 : 47.43"
"22,3 : 336.18"
"22,4 : 663.86"
"22,5 : 799.18"
"22,6 : 65.52"
"22,7 : 936.49"
"22,8 : 882.54"
"22,9 : 168.86"
"22,10 : 617.98"
"22,11 : 1032.89"
"22,12 : 958.44"
"22,13 : 264.01"
"22,14 : 346.09"
"22,15 : 1233.41"
"22,16 : 734.21"
"22,17 : 402.06"
"22,18 : 732.16"
"22,19 : 927.16"
"22,20 : 600.48"
"22,21 : 731.27"
"22,22 : 0.0"
"22,23 : 815.41"
"22,24 : 504.06"
"22,25 : 505.96"
"22,26 : 1048.79"
"22,27 : 709.06"
"22,28 : 254.66"
"22,29 : 280.96"
"22,30 : 308.2"
"22,31 : 657.23"
"22,32 : 904.72"
"22,33 : 459.47"
"22,34 : 829.5"
"22,35 : 135.01"
"22,36 : 896.81"
"22,37 : 985.62"
"22,38 : 476.24"
"22,39 : 826.19"
"22,40 : 351.24"
"22,41 : 734.42"
"22,42 : 1084.47"
"22,43 : 840.67"
"22,44 : 1191.78"
"22,45 : 539.24"
"22,46 : 1099.21"
"22,47 : 439.09"
"22,48 : 1253.62"
"22,49 : 240.63"
"22,50 : 821.44"
"22,51 : 1020.22"
"22,52 : 1152.38"
"22,53 : 210.0"
"22,54 : 405.13"
"22,55 : 832.41"
"22,56 : 736.38"
"22,57 : 708.71"
"22,58 : 419.07"
"22,59 : 720.5"
"22,60 : 799.83"
"22,61 : 618.47"
"22,62 : 1076.32"
"22,63 : 819.13"
"22,64 : 623.62"
"22,65 : 647.26"
"22,66 : 658.37"
"22,67 : 559.73"
"22,68 : 86.83"
"22,69 : 813.76"
"22,70 : 977.16"
"22,71 : 1124.54"
"22,72 : 500.08"
"22,73 : 833.98"
"22,74 : 836.03"
"22,75 : 710.97"
"22,76 : 521.79"
"22,77 : 1123.93"
"22,78 : 633.43"
"22,79 : 210.24"
"22,80 : 370.56"
"22,81 : 581.49"
"22,82 : 208.04"
"22,83 : 869.11"
"22,84 : 523.18"
"22,85 : 823.43"
"22,86 : 954.99"
"22,87 : 744.23"
"22,88 : 1174.04"
"22,89 : 255.55"
"22,90 : 520.49"
"22,91 : 630.32"
"22,92 : 546.01"
"22,93 : 526.02"
"22,94 : 595.86"
"22,95 : 516.27"
"22,96 : 769.94"
"22,97 : 838.64"
"22,98 : 574.46"
"22,99 : 755.07"
"23,0 : 456.16"
"23,1 : 243.18"
"23,2 : 773.0"
"23,3 : 481.77"
"23,4 : 526.62"
"23,5 : 234.44"
"23,6 : 751.86"
"23,7 : 344.84"
"23,8 : 94.59"
"23,9 : 690.16"
"23,10 : 206.65"
"23,11 : 217.81"
"23,12 : 365.58"
"23,13 : 725.06"
"23,14 : 535.67"
"23,15 : 443.42"
"23,16 : 670.87"
"23,17 : 421.62"
"23,18 : 554.03"
"23,19 : 475.1"
"23,20 : 651.25"
"23,21 : 147.14"
"23,22 : 815.41"
"23,23 : 0.0"
"23,24 : 493.85"
"23,25 : 333.14"
"23,26 : 353.51"
"23,27 : 622.66"
"23,28 : 666.05"
"23,29 : 674.5"
"23,30 : 726.97"
"23,31 : 502.2"
"23,32 : 513.4"
"23,33 : 493.02"
"23,34 : 233.26"
"23,35 : 760.07"
"23,36 : 377.83"
"23,37 : 200.0"
"23,38 : 578.72"
"23,39 : 129.0"
"23,40 : 673.19"
"23,41 : 242.1"
"23,42 : 287.2"
"23,43 : 357.69"
"23,44 : 406.04"
"23,45 : 664.85"
"23,46 : 398.78"
"23,47 : 658.93"
"23,48 : 465.47"
"23,49 : 575.02"
"23,50 : 801.8"
"23,51 : 391.93"
"23,52 : 353.91"
"23,53 : 736.21"
"23,54 : 411.0"
"23,55 : 452.04"
"23,56 : 446.7"
"23,57 : 489.83"
"23,58 : 449.81"
"23,59 : 146.84"
"23,60 : 287.36"
"23,61 : 240.0"
"23,62 : 339.56"
"23,63 : 358.35"
"23,64 : 542.02"
"23,65 : 170.1"
"23,66 : 276.74"
"23,67 : 285.03"
"23,68 : 731.79"
"23,69 : 348.94"
"23,70 : 347.75"
"23,71 : 366.75"
"23,72 : 444.71"
"23,73 : 616.64"
"23,74 : 655.78"
"23,75 : 104.65"
"23,76 : 381.02"
"23,77 : 418.08"
"23,78 : 526.64"
"23,79 : 744.9"
"23,80 : 552.73"
"23,81 : 276.35"
"23,82 : 610.45"
"23,83 : 390.4"
"23,84 : 654.72"
"23,85 : 136.0"
"23,86 : 336.69"
"23,87 : 674.88"
"23,88 : 367.02"
"23,89 : 579.04"
"23,90 : 632.0"
"23,91 : 283.99"
"23,92 : 727.59"
"23,93 : 716.98"
"23,94 : 251.22"
"23,95 : 395.55"
