x,y
641,948
359,680
351,390
250,976
55,586
929,835
0,343
763,701
842,919
921,351
546,286
118,207
120,200
249,732
278,185
500,816
912,198
649,357
912,812
659,135
649,379
522,153
498,379
901,598
988,611
885,381
305,307
874,458
481,139
598,50
296,261
396,575
953,296
282,818
50,934
580,18
898,498
854,965
76,0
633,359
797,653
718,320
437,292
968,418
69,628
271,699
886,248
768,270
159,883
718,477
378,597
214,507
734,989
563,471
263,696
428,334
36,428
259,257
871,26
422,34
217,263
650,143
436,484
689,574
877,145
413,185
413,536
315,258
356,146
182,94
500,264
561,843
607,991
271,153
707,590
924,437
428,461
568,992
854,784
689,589
913,503
671,639
161,574
964,115
231,629
809,977
261,642
196,172
873,191
487,472
757,236
983,132
629,431
467,226
356,586
237,653
248,432
611,275
486,704
591,833

Distanze
"0,0 : 0.0"
"0,1 : 389.03"
"0,2 : 628.86"
"0,3 : 392.0"
"0,4 : 688.8"
"0,5 : 309.38"
"0,6 : 881.42"
"0,7 : 275.49"
"0,8 : 203.08"
"0,9 : 659.4"
"0,10 : 668.78"
"0,11 : 906.98"
"0,12 : 911.56"
"0,13 : 447.57"
"0,14 : 844.95"
"0,15 : 193.15"
"0,16 : 797.46"
"0,17 : 591.05"
"0,18 : 303.21"
"0,19 : 813.2"
"0,20 : 569.06"
"0,21 : 803.86"
"0,22 : 586.69"
"0,23 : 436.0"
"0,24 : 483.71"
"0,25 : 617.27"
"0,26 : 723.72"
"0,27 : 542.58"
"0,28 : 824.67"
"0,29 : 899.03"
"0,30 : 768.76"
"0,31 : 446.27"
"0,32 : 722.81"
"0,33 : 381.81"
"0,34 : 591.17"
"0,35 : 932.0"
"0,36 : 518.22"
"0,37 : 213.68"
"0,38 : 1103.6"
"0,39 : 589.05"
"0,40 : 333.71"
"0,41 : 632.7"
"0,42 : 686.99"
"0,43 : 622.76"
"0,44 : 655.43"
"0,45 : 445.98"
"0,46 : 741.64"
"0,47 : 689.79"
"0,48 : 486.36"
"0,49 : 477.25"
"0,50 : 438.6"
"0,51 : 613.85"
"0,52 : 101.64"
"0,53 : 483.34"
"0,54 : 454.3"
"0,55 : 649.9"
"0,56 : 797.76"
"0,57 : 789.56"
"0,58 : 950.25"
"0,59 : 939.87"
"0,60 : 805.61"
"0,61 : 805.05"
"0,62 : 507.27"
"0,63 : 377.07"
"0,64 : 836.96"
"0,65 : 796.34"
"0,66 : 470.88"
"0,67 : 763.14"
"0,68 : 851.13"
"0,69 : 969.53"
"0,70 : 698.38"
"0,71 : 132.0"
"0,72 : 54.82"
"0,73 : 876.88"
"0,74 : 364.03"
"0,75 : 584.13"
"0,76 : 531.54"
"0,77 : 85.23"
"0,78 : 268.82"
"0,79 : 362.19"
"0,80 : 521.54"
"0,81 : 310.45"
"0,82 : 608.5"
"0,83 : 893.43"
"0,84 : 519.48"
"0,85 : 170.48"
"0,86 : 487.89"
"0,87 : 894.54"
"0,88 : 791.75"
"0,89 : 500.29"
"0,90 : 721.39"
"0,91 : 884.77"
"0,92 : 517.14"
"0,93 : 742.67"
"0,94 : 460.73"
"0,95 : 500.24"
"0,96 : 648.62"
"0,97 : 673.67"
"0,98 : 289.07"
"0,99 : 125.4"
"1,0 : 389.03"
"1,1 : 0.0"
"1,2 : 290.11"
"1,3 : 315.43"
"1,4 : 318.2"
"1,5 : 590.7"
"1,6 : 492.39"
"1,7 : 404.55"
"1,8 : 538.9"
"1,9 : 651.22"
"1,10 : 436.12"
"1,11 : 530.86"
"1,12 : 536.21"
"1,13 : 121.67"
"1,14 : 501.58"
"1,15 : 195.9"
"1,16 : 733.58"
"1,17 : 434.08"
"1,18 : 568.54"
"1,19 : 622.11"
"1,20 : 417.97"
"1,21 : 551.63"
"1,22 : 331.54"
"1,23 : 548.17"
"1,24 : 632.77"
"1,25 : 605.04"
"1,26 : 376.89"
"1,27 : 560.81"
"1,28 : 554.59"
"1,29 : 673.81"
"1,30 : 423.71"
"1,31 : 111.33"
"1,32 : 707.31"
"1,33 : 158.03"
"1,34 : 400.0"
"1,35 : 697.91"
"1,36 : 568.9"
"1,37 : 571.18"
"1,38 : 736.54"
"1,39 : 422.04"
"1,40 : 438.83"
"1,41 : 508.41"
"1,42 : 395.76"
"1,43 : 662.97"
"1,44 : 294.63"
"1,45 : 90.03"
"1,46 : 681.43"
"1,47 : 579.12"
"1,48 : 284.97"
"1,49 : 412.42"
"1,50 : 85.15"
"1,51 : 225.73"
"1,52 : 485.91"
"1,53 : 292.06"
"1,54 : 97.32"
"1,55 : 352.81"
"1,56 : 409.67"
"1,57 : 434.66"
"1,58 : 830.58"
"1,59 : 649.06"
"1,60 : 440.51"
"1,61 : 610.78"
"1,62 : 210.58"
"1,63 : 346.61"
"1,64 : 744.68"
"1,65 : 497.94"
"1,66 : 153.79"
"1,67 : 424.29"
"1,68 : 534.01"
"1,69 : 612.15"
"1,70 : 439.25"
"1,71 : 259.56"
"1,72 : 397.78"
"1,73 : 534.3"
"1,74 : 359.45"
"1,75 : 615.04"
"1,76 : 229.61"
"1,77 : 375.53"
"1,78 : 505.81"
"1,79 : 342.32"
"1,80 : 581.59"
"1,81 : 314.68"
"1,82 : 224.59"
"1,83 : 827.8"
"1,84 : 137.79"
"1,85 : 539.17"
"1,86 : 105.11"
"1,87 : 533.51"
"1,88 : 709.45"
"1,89 : 244.23"
"1,90 : 596.27"
"1,91 : 830.47"
"1,92 : 367.29"
"1,93 : 466.67"
"1,94 : 94.05"
"1,95 : 124.95"
"1,96 : 271.71"
"1,97 : 477.0"
"1,98 : 129.25"
"1,99 : 277.91"
"2,0 : 628.86"
"2,1 : 290.11"
"2,2 : 0.0"
"2,3 : 594.64"
"2,4 : 355.01"
"2,5 : 729.46"
"2,6 : 354.13"
"2,7 : 516.2"
"2,8 : 721.75"
"2,9 : 571.33"
"2,10 : 221.0"
"2,11 : 296.27"
"2,12 : 299.1"
"2,13 : 356.89"
"2,14 : 217.61"
"2,15 : 451.31"
"2,16 : 592.95"
"2,17 : 299.82"
"2,18 : 702.0"
"2,19 : 399.86"
"2,20 : 298.2"
"2,21 : 292.25"
"2,22 : 147.41"
"2,23 : 588.02"
"2,24 : 674.25"
"2,25 : 534.08"
"2,26 : 94.89"
"2,27 : 527.4"
"2,28 : 282.67"
"2,29 : 420.25"
"2,30 : 140.24"
"2,31 : 190.39"
"2,32 : 609.29"
"2,33 : 433.53"
"2,34 : 621.72"
"2,35 : 436.84"
"2,36 : 557.56"
"2,37 : 763.96"
"2,38 : 477.21"
"2,39 : 283.7"
"2,40 : 517.77"
"2,41 : 373.62"
"2,42 : 130.38"
"2,43 : 617.64"
"2,44 : 369.01"
"2,45 : 319.19"
"2,46 : 553.52"
"2,47 : 433.92"
"2,48 : 529.07"
"2,49 : 377.17"
"2,50 : 208.75"
"2,51 : 180.16"
"2,52 : 710.98"
"2,53 : 226.95"
"2,54 : 318.4"
"2,55 : 95.21"
"2,56 : 317.28"
"2,57 : 161.72"
"2,58 : 634.74"
"2,59 : 363.01"
"2,60 : 184.62"
"2,61 : 387.83"
"2,62 : 126.73"
"2,63 : 384.84"
"2,64 : 580.26"
"2,65 : 214.17"
"2,66 : 158.62"
"2,67 : 136.82"
"2,68 : 244.05"
"2,69 : 340.85"
"2,70 : 195.13"
"2,71 : 499.31"
"2,72 : 653.25"
"2,73 : 250.14"
"2,74 : 408.33"
"2,75 : 574.92"
"2,76 : 104.74"
"2,77 : 639.92"
"2,78 : 638.94"
"2,79 : 392.23"
"2,80 : 573.25"
"2,81 : 405.46"
"2,82 : 264.49"
"2,83 : 671.86"
"2,84 : 267.43"
"2,85 : 744.54"
"2,86 : 267.59"
"2,87 : 267.49"
"2,88 : 558.65"
"2,89 : 158.81"
"2,90 : 434.23"
"2,91 : 682.63"
"2,92 : 281.01"
"2,93 : 200.88"
"2,94 : 196.06"
"2,95 : 286.64"
"2,96 : 111.23"
"2,97 : 284.3"
"2,98 : 341.79"
"2,99 : 503.83"
"3,0 : 392.0"
"3,1 : 315.43"
"3,2 : 594.64"
"3,3 : 0.0"
"3,4 : 436.03"
"3,5 : 693.49"
"3,6 : 680.58"
"3,7 : 582.06"
"3,8 : 594.74"
"3,9 : 916.99"
"3,10 : 750.81"
"3,11 : 780.25"
"3,12 : 786.81"
"3,13 : 244.0"
"3,14 : 791.5"
"3,15 : 296.82"
"3,16 : 1021.53"
"3,17 : 736.45"
"3,18 : 682.01"
"3,19 : 935.18"
"3,20 : 718.06"
"3,21 : 866.78"
"3,22 : 646.46"
"3,23 : 752.78"
"3,24 : 823.33"
"3,25 : 870.2"
"3,26 : 671.26"
"3,27 : 810.99"
"3,28 : 868.29"
"3,29 : 989.23"
"3,30 : 716.48"
"3,31 : 426.75"
"3,32 : 978.06"
"3,33 : 161.21"
"3,34 : 204.36"
"3,35 : 1013.24"
"3,36 : 805.23"
"3,37 : 604.1"
"3,38 : 991.39"
"3,39 : 726.21"
"3,40 : 635.25"
"3,41 : 805.83"
"3,42 : 709.1"
"3,43 : 909.33"
"3,44 : 392.26"
"3,45 : 277.79"
"3,46 : 966.69"
"3,47 : 875.65"
"3,48 : 130.12"
"3,49 : 684.12"
"3,50 : 400.03"
"3,51 : 470.38"
"3,52 : 484.17"
"3,53 : 594.13"
"3,54 : 280.3"
"3,55 : 666.22"
"3,56 : 588.3"
"3,57 : 719.06"
"3,58 : 1134.96"
"3,59 : 957.57"
"3,60 : 713.76"
"3,61 : 924.06"
"3,62 : 525.98"
"3,63 : 595.25"
"3,64 : 1041.0"
"3,65 : 807.62"
"3,66 : 469.22"
"3,67 : 720.94"
"3,68 : 836.74"
"3,69 : 884.62"
"3,70 : 754.62"
"3,71 : 338.25"
"3,72 : 357.31"
"3,73 : 823.27"
"3,74 : 598.2"
"3,75 : 863.02"
"3,76 : 544.89"
"3,77 : 318.4"
"3,78 : 633.78"
"3,79 : 585.23"
"3,80 : 814.43"
"3,81 : 539.27"
"3,82 : 411.73"
"3,83 : 1118.53"
"3,84 : 347.52"
"3,85 : 559.0"
"3,86 : 334.18"
"3,87 : 805.81"
"3,88 : 1002.17"
"3,89 : 556.94"
"3,90 : 897.02"
"3,91 : 1117.87"
"3,92 : 663.83"
"3,93 : 780.76"
"3,94 : 404.15"
"3,95 : 323.26"
"3,96 : 544.0"
"3,97 : 788.49"
"3,98 : 360.11"
"3,99 : 369.77"
"4,0 : 688.8"
"4,1 : 318.2"
"4,2 : 355.01"
"4,3 : 436.03"
"4,4 : 0.0"
"4,5 : 908.78"
"4,6 : 249.15"
"4,7 : 717.28"
"4,8 : 854.55"
"4,9 : 897.32"
"4,10 : 575.4"
"4,11 : 384.2"
"4,12 : 391.43"
"4,13 : 242.8"
"4,14 : 458.84"
"4,15 : 500.92"
"4,16 : 940.74"
"4,17 : 636.61"
"4,18 : 886.3"
"4,19 : 753.8"
"4,20 : 629.03"
"4,21 : 636.85"
"4,22 : 488.98"
"4,23 : 846.09"
"4,24 : 933.33"
"4,25 : 854.94"
"4,26 : 374.62"
"4,27 : 828.94"
"4,28 : 617.48"
"4,29 : 762.98"
"4,30 : 404.61"
"4,31 : 341.18"
"4,32 : 943.67"
"4,33 : 324.58"
"4,34 : 348.04"
"4,35 : 773.47"
"4,36 : 847.58"
"4,37 : 884.33"
"4,38 : 586.38"
"4,39 : 620.98"
"4,40 : 745.02"
"4,41 : 714.37"
"4,42 : 482.04"
"4,43 : 928.33"
"4,44 : 44.27"
"4,45 : 243.77"
"4,46 : 897.11"
"4,47 : 779.89"
"4,48 : 314.68"
"4,49 : 671.9"
"4,50 : 323.19"
"4,51 : 177.54"
"4,52 : 789.59"
"4,53 : 520.85"
"4,54 : 235.3"
"4,55 : 450.15"
"4,56 : 159.14"
"4,57 : 387.11"
"4,58 : 989.67"
"4,59 : 662.87"
"4,60 : 361.35"
"4,61 : 741.8"
"4,62 : 394.42"
"4,63 : 634.11"
"4,64 : 932.83"
"4,65 : 537.55"
"4,66 : 361.47"
"4,67 : 418.55"
"4,68 : 533.11"
"4,69 : 508.13"
"4,70 : 549.28"
"4,71 : 567.53"
"4,72 : 684.64"
"4,73 : 483.89"
"4,74 : 652.01"
"4,75 : 881.68"
"4,76 : 393.39"
"4,77 : 654.22"
"4,78 : 823.17"
"4,79 : 634.01"
"4,80 : 862.01"
"4,81 : 618.28"
"4,82 : 106.68"
"4,83 : 1023.78"
"4,84 : 181.18"
"4,85 : 849.35"
"4,86 : 213.48"
"4,87 : 437.35"
"4,88 : 908.38"
"4,89 : 446.79"
"4,90 : 784.41"
"4,91 : 1033.1"
"4,92 : 594.56"
"4,93 : 547.12"
"4,94 : 301.0"
"4,95 : 193.94"
"4,96 : 246.91"
"4,97 : 637.07"
"4,98 : 446.86"
"4,99 : 590.17"
"5,0 : 309.38"
"5,1 : 590.7"
"5,2 : 729.46"
"5,3 : 693.49"
"5,4 : 908.78"
"5,5 : 0.0"
"5,6 : 1051.24"
"5,7 : 213.34"
"5,8 : 120.93"
"5,9 : 484.07"
"5,10 : 669.4"
"5,11 : 1025.72"
"5,12 : 1028.45"
"5,13 : 687.76"
"5,14 : 919.95"
"5,15 : 429.42"
"5,16 : 637.23"
"5,17 : 553.97"
"5,18 : 28.6"
"5,19 : 750.27"
"5,20 : 535.1"
"5,21 : 794.21"
"5,22 : 627.45"
"5,23 : 238.65"
"5,24 : 231.64"
"5,25 : 456.13"
"5,26 : 817.41"
"5,27 : 380.99"
"5,28 : 827.72"
"5,29 : 851.93"
"5,30 : 854.5"
"5,31 : 593.03"
"5,32 : 539.53"
"5,33 : 647.22"
"5,34 : 884.56"
"5,35 : 888.42"
"5,36 : 338.42"
"5,37 : 150.08"
"5,38 : 1193.66"
"5,39 : 560.53"
"5,40 : 224.83"
"5,41 : 556.55"
"5,42 : 732.74"
"5,43 : 418.82"
"5,44 : 884.56"
"5,45 : 671.91"
"5,46 : 588.57"
"5,47 : 587.49"
"5,48 : 771.49"
"5,49 : 415.55"
"5,50 : 600.2"
"5,51 : 786.64"
"5,52 : 248.48"
"5,53 : 516.19"
"5,54 : 680.35"
"5,55 : 708.52"
"5,56 : 981.38"
"5,57 : 884.86"
"5,58 : 811.08"
"5,59 : 947.97"
"5,60 : 913.31"
"5,61 : 746.13"
"5,62 : 605.19"
"5,63 : 354.57"
"5,64 : 691.96"
"5,65 : 829.91"
"5,66 : 596.37"
"5,67 : 842.57"
"5,68 : 896.13"
"5,69 : 1052.18"
"5,70 : 714.2"
"5,71 : 368.09"
"5,72 : 357.8"
"5,73 : 947.68"
"5,74 : 330.62"
"5,75 : 398.03"
"5,76 : 625.2"
"5,77 : 393.66"
"5,78 : 90.7"
"5,79 : 343.68"
"5,80 : 332.39"
"5,81 : 324.01"
"5,82 : 811.14"
"5,83 : 720.85"
"5,84 : 727.76"
"5,85 : 185.91"
"5,86 : 695.32"
"5,87 : 988.36"
"5,88 : 646.43"
"5,89 : 571.96"
"5,90 : 623.21"
"5,91 : 705.07"
"5,92 : 503.21"
"5,93 : 764.41"
"5,94 : 624.76"
"5,95 : 715.53"
"5,96 : 791.31"
"5,97 : 643.99"
"5,98 : 461.96"
"5,99 : 338.01"
"6,0 : 881.42"
"6,1 : 492.39"
"6,2 : 354.13"
"6,3 : 680.58"
"6,4 : 249.15"
"6,5 : 1051.24"
"6,6 : 0.0"
"6,7 : 842.81"
"6,8 : 1020.17"
"6,9 : 921.03"
"6,10 : 548.97"
"6,11 : 180.06"
"6,12 : 186.68"
"6,13 : 461.87"
"6,14 : 319.76"
"6,15 : 688.28"
"6,16 : 923.45"
"6,17 : 649.15"
"6,18 : 1025.53"
"6,19 : 691.05"
"6,20 : 650.0"
"6,21 : 555.5"
"6,22 : 499.3"
"6,23 : 936.39"
"6,24 : 1023.7"
"6,25 : 885.82"
"6,26 : 307.12"
"6,27 : 881.53"
"6,28 : 522.47"
"6,29 : 665.92"
"6,30 : 307.15"
"6,31 : 458.96"
"6,32 : 954.16"
"6,33 : 552.4"
"6,34 : 593.11"
"6,35 : 664.85"
"6,36 : 911.28"
"6,37 : 1056.5"
"6,38 : 351.32"
"6,39 : 633.2"
"6,40 : 855.17"
"6,41 : 718.37"
"6,42 : 439.97"
"6,43 : 970.9"
"6,44 : 293.23"
"6,45 : 447.41"
"6,46 : 891.08"
"6,47 : 771.46"
"6,48 : 562.92"
"6,49 : 730.4"
"6,50 : 455.41"
"6,51 : 269.61"
"6,52 : 977.79"
"6,53 : 577.37"
"6,54 : 440.2"
"6,55 : 428.09"
"6,56 : 92.31"
"6,57 : 272.9"
"6,58 : 926.89"
"6,59 : 523.03"
"6,60 : 231.28"
"6,61 : 680.07"
"6,62 : 458.23"
"6,63 : 726.69"
"6,64 : 899.07"
"6,65 : 442.19"
"6,66 : 455.87"
"6,67 : 326.27"
"6,68 : 406.87"
"6,69 : 308.42"
"6,70 : 506.2"
"6,71 : 751.48"
"6,72 : 887.89"
"6,73 : 330.97"
"6,74 : 748.9"
"6,75 : 928.77"
"6,76 : 443.97"
"6,77 : 862.45"
"6,78 : 961.14"
"6,79 : 731.6"
"6,80 : 926.91"
"6,81 : 733.39"
"6,82 : 281.57"
"6,83 : 990.6"
"6,84 : 367.64"
"6,85 : 1027.83"
"6,86 : 396.89"
"6,87 : 260.11"
"6,88 : 886.13"
"6,89 : 503.8"
"6,90 : 764.52"
"6,91 : 1005.39"
"6,92 : 635.13"
"6,93 : 481.43"
"6,94 : 431.03"
"6,95 : 390.22"
"6,96 : 263.49"
"6,97 : 614.77"
"6,98 : 605.41"
"6,99 : 767.71"
"7,0 : 275.49"
"7,1 : 404.55"
"7,2 : 516.2"
"7,3 : 582.06"
"7,4 : 717.28"
"7,5 : 213.34"
"7,6 : 842.81"
"7,7 : 0.0"
"7,8 : 231.87"
"7,9 : 384.01"
"7,10 : 468.31"
"7,11 : 812.44"
"7,12 : 815.14"
"7,13 : 514.93"
"7,14 : 708.15"
"7,15 : 287.04"
"7,16 : 524.6"
"7,17 : 362.4"
"7,18 : 185.8"
"7,19 : 575.48"
"7,20 : 341.58"
"7,21 : 598.65"
"7,22 : 417.02"
"7,23 : 172.2"
"7,24 : 242.33"
"7,25 : 342.47"
"7,26 : 604.15"
"7,27 : 267.15"
"7,28 : 628.78"
"7,29 : 671.58"
"7,30 : 641.63"
"7,31 : 388.03"
"7,32 : 447.35"
"7,33 : 495.03"
"7,34 : 750.11"
"7,35 : 707.09"
"7,36 : 243.79"
"7,37 : 279.24"
"7,38 : 981.51"
"7,39 : 365.87"
"7,40 : 58.82"
"7,41 : 383.65"
"7,42 : 523.03"
"7,43 : 349.45"
"7,44 : 697.83"
"7,45 : 492.0"
"7,46 : 469.4"
"7,47 : 431.03"
"7,48 : 630.82"
"7,49 : 228.48"
"7,50 : 398.8"
"7,51 : 582.27"
"7,52 : 289.46"
"7,53 : 304.8"
"7,54 : 500.02"
"7,55 : 496.9"
"7,56 : 776.57"
"7,57 : 671.68"
"7,58 : 683.59"
"7,59 : 749.11"
"7,60 : 699.97"
"7,61 : 569.33"
"7,62 : 392.45"
"7,63 : 146.99"
"7,64 : 567.57"
"7,65 : 623.5"
"7,66 : 386.94"
"7,67 : 630.04"
"7,68 : 688.24"
"7,69 : 840.24"
"7,70 : 510.04"
"7,71 : 246.92"
"7,72 : 329.3"
"7,73 : 736.46"
"7,74 : 124.33"
"7,75 : 309.22"
"7,76 : 412.1"
"7,77 : 350.29"
"7,78 : 123.17"
"7,79 : 134.24"
"7,80 : 248.4"
"7,81 : 110.94"
"7,82 : 615.25"
"7,83 : 619.51"
"7,84 : 536.85"
"7,85 : 279.81"
"7,86 : 505.46"
"7,87 : 775.45"
"7,88 : 521.73"
"7,89 : 358.63"
"7,90 : 465.04"
"7,91 : 610.05"
"7,92 : 301.42"
"7,93 : 559.68"
"7,94 : 422.93"
"7,95 : 528.19"
"7,96 : 581.02"
"7,97 : 452.31"
"7,98 : 277.02"
"7,99 : 216.81"
"8,0 : 203.08"
"8,1 : 538.9"
"8,2 : 721.75"
"8,3 : 594.74"
"8,4 : 854.55"
"8,5 : 120.93"
"8,6 : 1020.17"
"8,7 : 231.87"
"8,8 : 0.0"
"8,9 : 573.47"
"8,10 : 698.79"
"8,11 : 1015.44"
"8,12 : 1018.94"
"8,13 : 621.79"
"8,14 : 925.66"
"8,15 : 357.17"
"8,16 : 724.39"
"8,17 : 594.22"
"8,18 : 127.86"
"8,19 : 805.07"
"8,20 : 573.45"
"8,21 : 830.15"
"8,22 : 640.26"
"8,23 : 326.38"
"8,24 : 340.85"
"8,25 : 539.72"
"8,26 : 814.19"
"8,27 : 462.11"
"8,28 : 859.49"
"8,29 : 902.61"
"8,30 : 855.03"
"8,31 : 563.25"
"8,32 : 632.81"
"8,33 : 569.04"
"8,34 : 792.14"
"8,35 : 938.32"
"8,36 : 424.71"
"8,37 : 47.54"
"8,38 : 1196.38"
"8,39 : 597.73"
"8,40 : 269.78"
"8,41 : 611.7"
"8,42 : 746.43"
"8,43 : 516.6"
"8,44 : 825.96"
"8,45 : 611.92"
"8,46 : 672.44"
"8,47 : 653.21"
"8,48 : 683.95"
"8,49 : 459.06"
"8,50 : 564.78"
"8,51 : 751.08"
"8,52 : 128.7"
"8,53 : 527.77"
"8,54 : 620.46"
"8,55 : 716.67"
"8,56 : 943.78"
"8,57 : 882.12"
"8,58 : 893.47"
"8,59 : 979.6"
"8,60 : 906.07"
"8,61 : 799.4"
"8,62 : 595.03"
"8,63 : 377.4"
"8,64 : 774.79"
"8,65 : 850.17"
"8,66 : 575.09"
"8,67 : 845.37"
"8,68 : 913.09"
"8,69 : 1056.52"
"8,70 : 738.91"
"8,71 : 291.1"
"8,72 : 245.78"
"8,73 : 955.4"
"8,74 : 355.62"
"8,75 : 488.93"
"8,76 : 617.38"
"8,77 : 283.56"
"8,78 : 135.53"
"8,79 : 363.74"
"8,80 : 422.02"
"8,81 : 328.09"
"8,82 : 763.4"
"8,83 : 813.2"
"8,84 : 676.33"
"8,85 : 66.73"
"8,86 : 643.65"
"8,87 : 987.59"
"8,88 : 728.66"
"8,89 : 570.82"
"8,90 : 688.27"
"8,91 : 799.53"
"8,92 : 532.46"
"8,93 : 787.96"
"8,94 : 589.14"
"8,95 : 660.89"
"8,96 : 768.12"
"8,97 : 684.18"
"8,98 : 415.89"
"8,99 : 265.32"
"9,0 : 659.4"
"9,1 : 651.22"
"9,2 : 571.33"
"9,3 : 916.99"
"9,4 : 897.32"
"9,5 : 484.07"
"9,6 : 921.03"
"9,7 : 384.01"
"9,8 : 573.47"
"9,9 : 0.0"
"9,10 : 380.59"
"9,11 : 815.81"
"9,12 : 815.11"
"9,13 : 772.49"
"9,14 : 664.08"
"9,15 : 627.27"
"9,16 : 153.26"
"9,17 : 272.07"
"9,18 : 461.09"
"9,19 : 339.56"
"9,20 : 273.44"
"9,21 : 445.43"
"9,22 : 423.93"
"9,23 : 247.81"
"9,24 : 268.49"
"9,25 : 46.86"
"9,26 : 617.57"
"9,27 : 116.87"
"9,28 : 488.41"
"9,29 : 441.51"
"9,30 : 631.45"
"9,31 : 570.79"
"9,32 : 63.63"
"9,33 : 791.46"
"9,34 : 1048.11"
"9,35 : 476.62"
"9,36 : 148.79"
"9,37 : 617.64"
"9,38 : 915.0"
"9,39 : 288.11"
"9,40 : 326.47"
"9,41 : 205.35"
"9,42 : 487.58"
"9,43 : 81.84"
"9,44 : 895.9"
"9,45 : 737.3"
"9,46 : 108.78"
"9,47 : 173.12"
"9,48 : 929.34"
"9,49 : 238.92"
"9,50 : 596.12"
"9,51 : 724.01"
"9,52 : 664.84"
"9,53 : 377.58"
"9,54 : 742.96"
"9,55 : 493.29"
"9,56 : 888.34"
"9,57 : 668.64"
"9,58 : 328.82"
"9,59 : 591.18"
"9,60 : 709.48"
"9,61 : 341.62"
"9,62 : 502.91"
"9,63 : 321.8"
"9,64 : 210.65"
"9,65 : 534.43"
"9,66 : 540.64"
"9,67 : 613.09"
"9,68 : 601.04"
"9,69 : 782.41"
"9,70 : 429.9"
"9,71 : 609.64"
"9,72 : 712.88"
"9,73 : 679.49"
"9,74 : 320.81"
"9,75 : 86.05"
"9,76 : 505.12"
"9,77 : 731.77"
"9,78 : 438.15"
"9,79 : 332.37"
"9,80 : 152.21"
"9,81 : 381.37"
"9,82 : 792.04"
"9,83 : 239.89"
"9,84 : 743.9"
"9,85 : 635.94"
"9,86 : 721.31"
"9,87 : 746.77"
"9,88 : 167.04"
"9,89 : 450.55"
"9,90 : 200.3"
"9,91 : 227.61"
"9,92 : 302.76"
"9,93 : 470.89"
"9,94 : 611.92"
"9,95 : 747.7"
"9,96 : 677.86"
"9,97 : 319.18"
"9,98 : 560.21"
"9,99 : 584.14"
"10,0 : 668.78"
"10,1 : 436.12"
"10,2 : 221.0"
"10,3 : 750.81"
"10,4 : 575.4"
"10,5 : 669.4"
"10,6 : 548.97"
"10,7 : 468.31"
"10,8 : 698.79"
"10,9 : 380.59"
"10,10 : 0.0"
"10,11 : 435.23"
"10,12 : 434.59"
"10,13 : 535.84"
"10,14 : 286.4"
"10,15 : 531.99"
"10,16 : 376.43"
"10,17 : 125.1"
"10,18 : 640.81"
"10,19 : 188.6"
"10,20 : 138.77"
"10,21 : 135.15"
"10,22 : 104.66"
"10,23 : 472.62"
"10,24 : 548.62"
"10,25 : 352.06"
"10,26 : 241.91"
"10,27 : 370.36"
"10,28 : 160.73"
"10,29 : 241.66"
"10,30 : 251.25"
"10,31 : 325.61"
"10,32 : 407.12"
"10,33 : 593.9"
"10,34 : 816.04"
"10,35 : 270.15"
"10,36 : 410.91"
"10,37 : 745.59"
"10,38 : 550.18"
"10,39 : 113.57"
"10,40 : 444.62"
"10,41 : 175.33"
"10,42 : 109.17"
"10,43 : 442.16"
"10,44 : 586.94"
"10,45 : 496.18"
"10,46 : 342.12"
"10,47 : 222.58"
"10,48 : 711.46"
"10,49 : 257.03"
"10,50 : 353.48"
"10,51 : 398.83"
"10,52 : 727.7"
"10,53 : 185.78"
"10,54 : 498.19"
"10,55 : 127.39"
"10,56 : 529.4"
"10,57 : 288.46"
"10,58 : 416.2"
"10,59 : 280.86"
"10,60 : 329.8"
"10,61 : 176.82"
"10,62 : 226.5"
"10,63 : 321.55"
"10,64 : 359.78"
"10,65 : 167.0"
"10,66 : 283.18"
"10,67 : 232.69"
"10,68 : 236.01"
"10,69 : 411.53"
"10,70 : 50.99"
"10,71 : 557.2"
"10,72 : 707.63"
"10,73 : 305.47"
"10,74 : 344.0"
"10,75 : 407.04"
"10,76 : 211.07"
"10,77 : 706.34"
"10,78 : 585.55"
"10,79 : 335.05"
"10,80 : 426.35"
"10,81 : 374.48"
"10,82 : 480.8"
"10,83 : 451.62"
"10,84 : 465.7"
"10,85 : 739.36"
"10,86 : 456.03"
"10,87 : 368.1"
"10,88 : 340.52"
"10,89 : 195.13"
"10,90 : 216.84"
"10,91 : 463.34"
"10,92 : 167.07"
"10,93 : 99.2"
"10,94 : 355.11"
"10,95 : 479.76"
"10,96 : 331.84"
"10,97 : 65.92"
"10,98 : 422.28"
"10,99 : 548.85"
"11,0 : 906.98"
"11,1 : 530.86"
"11,2 : 296.27"
"11,3 : 780.25"
"11,4 : 384.2"
"11,5 : 1025.72"
"11,6 : 180.06"
"11,7 : 812.44"
"11,8 : 1015.44"
"11,9 : 815.81"
"11,10 : 435.23"
"11,11 : 0.0"
"11,12 : 7.28"
"11,13 : 541.1"
"11,14 : 161.51"
"11,15 : 718.89"
"11,16 : 794.05"
"11,17 : 551.78"
"11,18 : 998.23"
"11,19 : 545.77"
"11,20 : 558.16"
"11,21 : 407.59"
"11,22 : 417.11"
"11,23 : 875.2"
"11,24 : 959.23"
"11,25 : 786.49"
"11,26 : 212.06"
"11,27 : 796.58"
"11,28 : 369.31"
"11,29 : 505.02"
"11,30 : 186.01"
"11,31 : 461.2"
"11,32 : 839.73"
"11,33 : 632.63"
"11,34 : 730.17"
"11,35 : 499.16"
"11,36 : 832.51"
"11,37 : 1056.53"
"11,38 : 211.22"
"11,39 : 536.96"
"11,40 : 812.38"
"11,41 : 610.55"
"11,42 : 330.13"
"11,43 : 875.8"
"11,44 : 423.84"
"11,45 : 515.24"
"11,46 : 769.09"
"11,47 : 653.05"
"11,48 : 677.24"
"11,49 : 657.95"
"11,50 : 468.72"
"11,51 : 314.99"
"11,52 : 995.48"
"11,53 : 517.42"
"11,54 : 510.05"
"11,55 : 335.01"
"11,56 : 235.72"
"11,57 : 149.6"
"11,58 : 774.45"
"11,59 : 349.78"
"11,60 : 113.74"
"11,61 : 535.84"
"11,62 : 421.73"
"11,63 : 678.77"
"11,64 : 761.53"
"11,65 : 295.82"
"11,66 : 441.89"
"11,67 : 203.49"
"11,68 : 245.69"
"11,69 : 129.87"
"11,70 : 386.23"
"11,71 : 775.08"
"11,72 : 924.0"
"11,73 : 162.25"
"11,74 : 702.57"
"11,75 : 838.17"
"11,76 : 400.77"
"11,77 : 904.83"
"11,78 : 935.21"
"11,79 : 687.0"
"11,80 : 848.32"
"11,81 : 701.74"
"11,82 : 369.51"
"11,83 : 850.99"
"11,84 : 436.87"
"11,85 : 1034.59"
"11,86 : 457.9"
"11,87 : 85.49"
"11,88 : 755.17"
"11,89 : 454.3"
"11,90 : 639.66"
"11,91 : 868.25"
"11,92 : 557.94"
"11,93 : 349.52"
"11,94 : 447.53"
"11,95 : 461.6"
"11,96 : 259.86"
"11,97 : 497.67"
"11,98 : 618.41"
"11,99 : 784.6"
"12,0 : 911.56"
"12,1 : 536.21"
"12,2 : 299.1"
"12,3 : 786.81"
"12,4 : 391.43"
"12,5 : 1028.45"
"12,6 : 186.68"
"12,7 : 815.14"
"12,8 : 1018.94"
"12,9 : 815.11"
"12,10 : 434.59"
"12,11 : 7.28"
"12,12 : 0.0"
"12,13 : 547.42"
"12,14 : 158.71"
"12,15 : 723.78"
"12,16 : 792.0"
"12,17 : 551.81"
"12,18 : 1000.9"
"12,19 : 542.91"
"12,20 : 558.46"
"12,21 : 404.74"
"12,22 : 418.24"
"12,23 : 876.56"
"12,24 : 960.39"
"12,25 : 786.12"
"12,26 : 213.71"
"12,27 : 796.92"
"12,28 : 366.12"
"12,29 : 500.98"
"12,30 : 186.27"
"12,31 : 465.62"
"12,32 : 838.51"
"12,33 : 638.88"
"12,34 : 737.33"
"12,35 : 494.7"
"12,36 : 833.12"
"12,37 : 1060.18"
"12,38 : 204.78"
"12,39 : 537.08"
"12,40 : 814.58"
"12,41 : 609.92"
"12,42 : 330.08"
"12,43 : 875.57"
"12,44 : 431.03"
"12,45 : 521.35"
"12,46 : 767.5"
"12,47 : 651.77"
"12,48 : 684.11"
"12,49 : 659.04"
"12,50 : 473.47"
"12,51 : 321.07"
"12,52 : 999.76"
"12,53 : 519.32"
"12,54 : 516.2"
"12,55 : 335.89"
"12,56 : 242.98"
"12,57 : 150.23"
"12,58 : 770.89"
"12,59 : 344.62"
"12,60 : 115.66"
"12,61 : 533.06"
"12,62 : 424.87"
"12,63 : 680.91"
"12,64 : 759.0"
"12,65 : 293.38"
"12,66 : 445.81"
"12,67 : 203.44"
"12,68 : 242.1"
"12,69 : 122.8"
"12,70 : 385.35"
"12,71 : 779.7"
"12,72 : 928.9"
"12,73 : 158.15"
"12,74 : 704.75"
"12,75 : 838.2"
"12,76 : 403.71"
"12,77 : 909.93"
"12,78 : 937.98"
"12,79 : 689.26"
"12,80 : 848.92"
"12,81 : 704.5"
"12,82 : 376.24"
"12,83 : 848.27"
"12,84 : 443.13"
"12,85 : 1038.48"
"12,86 : 463.95"
"12,87 : 80.99"
"12,88 : 753.05"
"12,89 : 456.81"
"12,90 : 638.02"
"12,91 : 865.67"
"12,92 : 558.97"
"12,93 : 347.97"
"12,94 : 452.43"
"12,95 : 467.87"
"12,96 : 264.97"
"12,97 : 496.7"
"12,98 : 622.87"
"12,99 : 789.01"
"13,0 : 447.57"
"13,1 : 121.67"
"13,2 : 356.89"
"13,3 : 244.0"
"13,4 : 242.8"
"13,5 : 687.76"
"13,6 : 461.87"
"13,7 : 514.93"
"13,8 : 621.79"
"13,9 : 772.49"
"13,10 : 535.84"
"13,11 : 541.1"
"13,12 : 547.42"
"13,13 : 0.0"
"13,14 : 547.77"
"13,15 : 264.68"
"13,16 : 851.31"
"13,17 : 548.29"
"13,18 : 667.81"
"13,19 : 724.23"
"13,20 : 533.49"
"13,21 : 640.13"
"13,22 : 431.98"
"13,23 : 665.63"
"13,24 : 748.84"
"13,25 : 726.43"
"13,26 : 428.67"
"13,27 : 682.42"
"13,28 : 636.77"
"13,29 : 766.11"
"13,30 : 473.34"
"13,31 : 215.08"
"13,32 : 828.08"
"13,33 : 92.11"
"13,34 : 283.56"
"13,35 : 786.99"
"13,36 : 689.9"
"13,37 : 648.32"
"13,38 : 752.17"
"13,39 : 535.34"
"13,40 : 553.67"
"13,41 : 624.26"
"13,42 : 478.48"
"13,43 : 784.57"
"13,44 : 207.88"
"13,45 : 39.66"
"13,46 : 800.02"
"13,47 : 694.84"
"13,48 : 175.79"
"13,49 : 533.84"
"13,50 : 186.72"
"13,51 : 227.71"
"13,52 : 548.88"
"13,53 : 408.31"
"13,54 : 38.63"
"13,55 : 436.4"
"13,56 : 371.19"
"13,57 : 475.11"
"13,58 : 940.91"
"13,59 : 719.12"
"13,60 : 470.09"
"13,61 : 712.55"
"13,62 : 310.6"
"13,63 : 467.51"
"13,64 : 859.62"
"13,65 : 571.06"
"13,66 : 255.56"
"13,67 : 478.57"
"13,68 : 595.69"
"13,69 : 641.51"
"13,70 : 531.06"
"13,71 : 331.16"
"13,72 : 441.87"
"13,73 : 579.42"
"13,74 : 479.51"
"13,75 : 736.65"
"13,76 : 324.78"
"13,77 : 411.53"
"13,78 : 607.23"
"13,79 : 462.65"
"13,80 : 702.38"
"13,81 : 432.13"
"13,82 : 180.85"
"13,83 : 944.41"
"13,84 : 104.56"
"13,85 : 611.25"
"13,86 : 90.8"
"13,87 : 562.5"
"13,88 : 825.87"
"13,89 : 352.48"
"13,90 : 709.99"
"13,91 : 948.03"
"13,92 : 484.77"
"13,93 : 550.96"
"13,94 : 181.01"
"13,95 : 79.91"
"13,96 : 300.0"
"13,97 : 583.0"
"13,98 : 238.65"
"13,99 : 356.6"
"14,0 : 844.95"
"14,1 : 501.58"
"14,2 : 217.61"
"14,3 : 791.5"
"14,4 : 458.84"
"14,5 : 919.95"
"14,6 : 319.76"
"14,7 : 708.15"
"14,8 : 925.66"
"14,9 : 664.08"
"14,10 : 286.4"
"14,11 : 161.51"
"14,12 : 158.71"
"14,13 : 547.77"
"14,14 : 0.0"
"14,15 : 668.91"
"14,16 : 634.13"
"14,17 : 408.93"
"14,18 : 891.68"
"14,19 : 384.27"
"14,20 : 418.66"
"14,21 : 246.09"
"14,22 : 293.32"
"14,23 : 747.46"
"14,24 : 828.0"
"14,25 : 637.86"
"14,26 : 124.95"
"14,27 : 655.55"
"14,28 : 208.15"
"14,29 : 347.31"
"14,30 : 78.1"
"14,31 : 407.46"
"14,32 : 684.07"
"14,33 : 633.01"
"14,34 : 782.93"
"14,35 : 345.1"
"14,36 : 694.53"
"14,37 : 969.63"
"14,38 : 273.91"
"14,39 : 395.35"
"14,40 : 698.85"
"14,41 : 460.24"
"14,42 : 191.65"
"14,43 : 728.28"
"14,44 : 489.83"
"14,45 : 514.05"
"14,46 : 611.26"
"14,47 : 497.32"
"14,48 : 708.07"
"14,49 : 528.08"
"14,50 : 423.96"
"14,51 : 328.3"
"14,52 : 924.31"
"14,53 : 403.76"
"14,54 : 511.22"
"14,55 : 211.43"
"14,56 : 342.95"
"14,57 : 74.46"
"14,58 : 613.95"
"14,59 : 208.66"
"14,60 : 99.02"
"14,61 : 374.36"
"14,62 : 338.18"
"14,63 : 565.9"
"14,64 : 600.33"
"14,65 : 135.0"
"14,66 : 376.07"
"14,67 : 81.84"
"14,68 : 87.21"
"14,69 : 132.28"
"14,70 : 235.64"
"14,71 : 716.28"
"14,72 : 870.56"
"14,73 : 32.76"
"14,74 : 589.97"
"14,75 : 693.41"
"14,76 : 314.13"
"14,77 : 857.52"
"14,78 : 831.01"
"14,79 : 576.31"
"14,80 : 710.18"
"14,81 : 600.47"
"14,82 : 406.21"
"14,83 : 689.56"
"14,84 : 446.48"
"14,85 : 953.53"
"14,86 : 457.32"
"14,87 : 83.02"
"14,88 : 595.03"
"14,89 : 355.04"
"14,90 : 481.71"
"14,91 : 706.99"
"14,92 : 428.62"
"14,93 : 193.4"
"14,94 : 408.52"
"14,95 : 469.79"
"14,96 : 248.82"
"14,97 : 344.95"
"14,98 : 559.13"
"14,99 : 719.63"
"15,0 : 193.15"
"15,1 : 195.9"
"15,2 : 451.31"
"15,3 : 296.82"
"15,4 : 500.92"
"15,5 : 429.42"
"15,6 : 688.28"
"15,7 : 287.04"
"15,8 : 357.17"
"15,9 : 627.27"
"15,10 : 531.99"
"15,11 : 718.89"
"15,12 : 723.78"
"15,13 : 264.68"
"15,14 : 668.91"
"15,15 : 0.0"
"15,16 : 742.74"
"15,17 : 482.58"
"15,18 : 412.02"
"15,19 : 699.32"
"15,20 : 461.7"
"15,21 : 663.36"
"15,22 : 437.0"
"15,23 : 456.43"
"15,24 : 529.31"
"15,25 : 580.9"
"15,26 : 545.07"
"15,27 : 517.73"
"15,28 : 677.27"
"15,29 : 772.24"
"15,30 : 591.3"
"15,31 : 262.48"
"15,32 : 689.64"
"15,33 : 218.01"
"15,34 : 465.21"
"15,35 : 802.0"
"15,36 : 509.44"
"15,37 : 384.08"
"15,38 : 919.58"
"15,39 : 475.96"
"15,40 : 338.79"
"15,41 : 541.79"
"15,42 : 527.77"
"15,43 : 614.35"
"15,44 : 470.22"
"15,45 : 257.16"
"15,46 : 686.75"
"15,47 : 608.23"
"15,48 : 347.52"
"15,49 : 403.04"
"15,50 : 250.69"
"15,51 : 421.04"
"15,52 : 291.01"
"15,53 : 350.71"
"15,54 : 265.65"
"15,55 : 487.35"
"15,56 : 604.85"
"15,57 : 608.74"
"15,58 : 872.78"
"15,59 : 785.88"
"15,60 : 621.21"
"15,61 : 689.51"
"15,62 : 338.11"
"15,63 : 307.06"
"15,64 : 769.66"
"15,65 : 636.97"
"15,66 : 293.2"
"15,67 : 587.87"
"15,68 : 685.3"
"15,69 : 788.93"
"15,70 : 552.0"
"15,71 : 66.71"
"15,72 : 205.12"
"15,73 : 701.43"
"15,74 : 306.47"
"15,75 : 568.7"
"15,76 : 362.23"
"15,77 : 188.68"
"15,78 : 355.44"
"15,79 : 295.38"
"15,80 : 518.21"
"15,81 : 246.11"
"15,82 : 416.52"
"15,83 : 840.65"
"15,84 : 327.61"
"15,85 : 348.43"
"15,86 : 295.63"
"15,87 : 712.15"
"15,88 : 727.84"
"15,89 : 344.25"
"15,90 : 634.39"
"15,91 : 837.34"
"15,92 : 406.04"
"15,93 : 590.92"
"15,94 : 271.36"
"15,95 : 309.42"
"15,96 : 459.3"
"15,97 : 552.27"
"15,98 : 112.87"
"15,99 : 92.57"
"16,0 : 797.46"
"16,1 : 733.58"
"16,2 : 592.95"
"16,3 : 1021.53"
"16,4 : 940.74"
"16,5 : 637.23"
"16,6 : 923.45"
"16,7 : 524.6"
"16,8 : 724.39"
"16,9 : 153.26"
"16,10 : 376.43"
"16,11 : 794.05"
"16,12 : 792.0"
"16,13 : 851.31"
"16,14 : 634.13"
"16,15 : 742.74"
"16,16 : 0.0"
"16,17 : 307.33"
"16,18 : 614.0"
"16,19 : 260.73"
"16,20 : 319.26"
"16,21 : 392.59"
"16,22 : 451.84"
"16,23 : 400.15"
"16,24 : 419.93"
"16,25 : 184.98"
"16,26 : 616.71"
"16,27 : 262.76"
"16,28 : 435.02"
"16,29 : 347.13"
"16,30 : 619.21"
"16,31 : 639.05"
"16,32 : 106.23"
"16,33 : 883.91"
"16,34 : 1133.46"
"16,35 : 377.66"
"16,36 : 300.33"
"16,37 : 769.19"
"16,38 : 859.13"
"16,39 : 322.12"
"16,40 : 469.31"
"16,41 : 229.17"
"16,42 : 484.21"
"16,43 : 227.02"
"16,44 : 946.33"
"16,45 : 813.56"
"16,46 : 56.36"
"16,47 : 161.0"
"16,48 : 1017.96"
"16,49 : 339.82"
"16,50 : 666.6"
"16,51 : 763.34"
"16,52 : 810.78"
"16,53 : 443.09"
"16,54 : 818.05"
"16,55 : 502.74"
"16,56 : 905.69"
"16,57 : 655.66"
"16,58 : 176.82"
"16,59 : 516.72"
"16,60 : 698.03"
"16,61 : 267.71"
"16,62 : 555.31"
"16,63 : 437.16"
"16,64 : 63.51"
"16,65 : 499.17"
"16,66 : 602.7"
"16,67 : 600.01"
"16,68 : 558.43"
"16,69 : 737.37"
"16,70 : 417.25"
"16,71 : 734.32"
"16,72 : 849.63"
"16,73 : 642.58"
"16,74 : 442.37"
"16,75 : 239.3"
"16,76 : 550.84"
"16,77 : 865.32"
"16,78 : 588.86"
"16,79 : 450.12"
"16,80 : 305.0"
"16,81 : 502.56"
"16,82 : 839.87"
"16,83 : 97.94"
"16,84 : 805.93"
"16,85 : 785.78"
"16,86 : 788.0"
"16,87 : 716.47"
"16,88 : 39.62"
"16,89 : 505.67"
"16,90 : 159.59"
"16,91 : 96.94"
"16,92 : 366.58"
"16,93 : 445.88"
"16,94 : 678.0"
"16,95 : 814.03"
"16,96 : 704.03"
"16,97 : 310.69"
"16,98 : 661.45"
"16,99 : 711.52"
"17,0 : 591.05"
"17,1 : 434.08"
"17,2 : 299.82"
"17,3 : 736.45"
"17,4 : 636.61"
"17,5 : 553.97"
"17,6 : 649.15"
"17,7 : 362.4"
"17,8 : 594.22"
"17,9 : 272.07"
"17,10 : 125.1"
"17,11 : 551.78"
"17,12 : 551.81"
"17,13 : 548.29"
"17,14 : 408.93"
"17,15 : 482.58"
"17,16 : 307.33"
"17,17 : 0.0"
"17,18 : 525.54"
"17,19 : 222.23"
"17,20 : 22.0"
"17,21 : 240.3"
"17,22 : 152.59"
"17,23 : 348.69"
"17,24 : 423.6"
"17,25 : 237.22"
"17,26 : 347.61"
"17,27 : 246.63"
"17,28 : 275.22"
"17,29 : 311.21"
"17,30 : 365.82"
"17,31 : 333.97"
"17,32 : 310.06"
"17,33 : 589.25"
"17,34 : 831.7"
"17,35 : 345.95"
"17,36 : 286.15"
"17,37 : 641.63"
"17,38 : 675.11"
"17,39 : 16.12"
"17,40 : 330.94"
"17,41 : 78.29"
"17,42 : 221.74"
"17,43 : 324.78"
"17,44 : 640.19"
"17,45 : 509.75"
"17,46 : 260.86"
"17,47 : 147.41"
"17,48 : 718.87"
"17,49 : 138.42"
"17,50 : 362.0"
"17,51 : 460.14"
"17,52 : 637.69"
"17,53 : 142.8"
"17,54 : 513.73"
"17,55 : 222.19"
"17,56 : 617.1"
"17,57 : 402.62"
"17,58 : 398.55"
"17,59 : 394.79"
"17,60 : 442.11"
"17,61 : 214.0"
"17,62 : 247.99"
"17,63 : 220.66"
"17,64 : 311.33"
"17,65 : 292.03"
"17,66 : 296.2"
"17,67 : 348.36"
"17,68 : 361.07"
"17,69 : 535.96"
"17,70 : 175.64"
"17,71 : 493.9"
"17,72 : 635.39"
"17,73 : 429.53"
"17,74 : 240.11"
"17,75 : 286.4"
"17,76 : 244.25"
"17,77 : 640.15"
"17,78 : 473.66"
"17,79 : 235.42"
"17,80 : 301.68"
"17,81 : 282.86"
"17,82 : 534.07"
"17,83 : 397.23"
"17,84 : 498.71"
"17,85 : 640.31"
"17,86 : 481.42"
"17,87 : 489.32"
"17,88 : 278.8"
"17,89 : 198.67"
"17,90 : 162.19"
"17,91 : 402.72"
"17,92 : 76.66"
"17,93 : 224.24"
"17,94 : 371.87"
"17,95 : 507.31"
"17,96 : 407.95"
"17,97 : 90.38"
"17,98 : 383.38"
"17,99 : 479.52"
"18,0 : 303.21"
"18,1 : 568.54"
"18,2 : 702.0"
"18,3 : 682.01"
"18,4 : 886.3"
"18,5 : 28.6"
"18,6 : 1025.53"
"18,7 : 185.8"
"18,8 : 127.86"
"18,9 : 461.09"
"18,10 : 640.81"
"18,11 : 998.23"
"18,12 : 1000.9"
"18,13 : 667.81"
"18,14 : 891.68"
"18,15 : 412.02"
"18,16 : 614.0"
"18,17 : 525.54"
"18,18 : 0.0"
"18,19 : 722.73"
"18,20 : 506.61"
"18,21 : 765.76"
"18,22 : 599.07"
"18,23 : 214.28"
"18,24 : 214.89"
"18,25 : 431.84"
"18,26 : 789.6"
"18,27 : 356.03"
"18,28 : 799.18"
"18,29 : 824.16"
"18,30 : 826.47"
"18,31 : 567.82"
"18,32 : 517.63"
"18,33 : 630.03"
"18,34 : 870.59"
"18,35 : 860.62"
"18,36 : 314.31"
"18,37 : 163.62"
"18,38 : 1165.44"
"18,39 : 532.02"
"18,40 : 196.23"
"18,41 : 528.87"
"18,42 : 704.29"
"18,43 : 397.96"
"18,44 : 862.85"
"18,45 : 650.88"
"18,46 : 564.6"
"18,47 : 560.8"
"18,48 : 756.34"
"18,49 : 387.12"
"18,50 : 575.66"
"18,51 : 761.73"
"18,52 : 251.02"
"18,53 : 487.94"
"18,54 : 659.29"
"18,55 : 680.25"
"18,56 : 956.47"
"18,57 : 856.99"
"18,58 : 787.07"
"18,59 : 919.45"
"18,60 : 885.68"
"18,61 : 718.47"
"18,62 : 578.07"
"18,63 : 326.15"
"18,64 : 667.92"
"18,65 : 801.33"
"18,66 : 570.24"
"18,67 : 814.45"
"18,68 : 867.58"
"18,69 : 1023.93"
"18,70 : 685.6"
"18,71 : 352.37"
"18,72 : 353.65"
"18,73 : 919.33"
"18,74 : 302.17"
"18,75 : 375.19"
"18,76 : 597.88"
"18,77 : 388.25"
"18,78 : 64.4"
"18,79 : 315.37"
"18,80 : 309.0"
"18,81 : 296.66"
"18,82 : 787.81"
"18,83 : 698.94"
"18,84 : 705.16"
"18,85 : 194.51"
"18,86 : 672.83"
"18,87 : 960.34"
"18,88 : 622.22"
"18,89 : 544.27"
"18,90 : 596.49"
"18,91 : 683.7"
"18,92 : 474.61"
"18,93 : 735.81"
"18,94 : 600.18"
"18,95 : 693.47"
"18,96 : 765.05"
"18,97 : 615.61"
"18,98 : 439.48"
"18,99 : 321.69"
"19,0 : 813.2"
"19,1 : 622.11"
"19,2 : 399.86"
"19,3 : 935.18"
"19,4 : 753.8"
"19,5 : 750.27"
"19,6 : 691.05"
"19,7 : 575.48"
"19,8 : 805.07"
"19,9 : 339.56"
"19,10 : 188.6"
"19,11 : 545.77"
"19,12 : 542.91"
"19,13 : 724.23"
"19,14 : 384.27"
"19,15 : 699.32"
"19,16 : 260.73"
"19,17 : 222.23"
"19,18 : 722.73"
"19,19 : 0.0"
"19,20 : 244.2"
"19,21 : 138.18"
"19,22 : 292.33"
"19,23 : 522.43"
"19,24 : 578.63"
"19,25 : 334.05"
"19,26 : 393.57"
"19,27 : 388.01"
"19,28 : 178.04"
"19,29 : 104.62"
"19,30 : 384.25"
"19,31 : 512.61"
"19,32 : 335.2"
"19,33 : 780.14"
"19,34 : 1004.63"
"19,35 : 141.17"
"19,36 : 434.61"
"19,37 : 852.6"
"19,38 : 598.43"
"19,39 : 225.5"
"19,40 : 536.07"
"19,41 : 194.18"
"19,42 : 271.91"
"19,43 : 419.01"
"19,44 : 768.86"
"19,45 : 684.57"
"19,46 : 253.57"
"19,47 : 173.51"
"19,48 : 899.72"
"19,49 : 347.05"
"19,50 : 540.74"
"19,51 : 580.01"
"19,52 : 857.29"
"19,53 : 349.45"
"19,54 : 686.69"
"19,55 : 304.9"
"19,56 : 688.46"
"19,57 : 418.19"
"19,58 : 238.38"
"19,59 : 257.62"
"19,60 : 460.16"
"19,61 : 12.04"
"19,62 : 414.16"
"19,63 : 440.02"
"19,64 : 218.23"
"19,65 : 251.03"
"19,66 : 470.44"
"19,67 : 365.33"
"19,68 : 303.2"
"19,69 : 478.76"
"19,70 : 204.75"
"19,71 : 714.75"
"19,72 : 857.58"
"19,73 : 388.42"
"19,74 : 457.52"
"19,75 : 401.78"
"19,76 : 399.55"
"19,77 : 861.82"
"19,78 : 677.66"
"19,79 : 454.99"
"19,80 : 447.15"
"19,81 : 504.14"
"19,82 : 663.87"
"19,83 : 305.66"
"19,84 : 653.62"
"19,85 : 855.26"
"19,86 : 644.56"
"19,87 : 464.48"
"19,88 : 221.21"
"19,89 : 378.36"
"19,90 : 140.73"
"19,91 : 324.01"
"19,92 : 297.52"
"19,93 : 212.47"
"19,94 : 543.33"
"19,95 : 668.14"
"19,96 : 507.08"
"19,97 : 148.0"
"19,98 : 594.72"
"19,99 : 701.3"
"20,0 : 569.06"
"20,1 : 417.97"
"20,2 : 298.2"
"20,3 : 718.06"
"20,4 : 629.03"
"20,5 : 535.1"
"20,6 : 650.0"
"20,7 : 341.58"
"20,8 : 573.45"
"20,9 : 273.44"
"20,10 : 138.77"
"20,11 : 558.16"
"20,12 : 558.46"
"20,13 : 533.49"
"20,14 : 418.66"
"20,15 : 461.7"
"20,16 : 319.26"
"20,17 : 22.0"
"20,18 : 506.61"
"20,19 : 244.2"
"20,20 : 0.0"
"20,21 : 259.24"
"20,22 : 151.0"
"20,23 : 333.86"
"20,24 : 410.79"
"20,25 : 236.01"
"20,26 : 351.45"
"20,27 : 238.47"
"20,28 : 292.96"
"20,29 : 332.93"
"20,30 : 372.2"
"20,31 : 320.04"
"20,32 : 315.13"
"20,33 : 572.2"
"20,34 : 816.59"
"20,35 : 367.54"
"20,36 : 275.97"
"20,37 : 620.82"
"20,38 : 687.0"
"20,39 : 25.61"
"20,40 : 311.42"
"20,41 : 90.79"
"20,42 : 229.16"
"20,43 : 321.38"
"20,44 : 631.19"
"20,45 : 495.26"
"20,46 : 270.8"
"20,47 : 161.38"
"20,48 : 702.93"
"20,49 : 119.85"
"20,50 : 347.8"
"20,51 : 453.44"
"20,52 : 615.89"
"20,53 : 125.94"
"20,54 : 499.48"
"20,55 : 225.53"
"20,56 : 614.96"
"20,57 : 408.64"
"20,58 : 417.0"
"20,59 : 412.98"
"20,60 : 447.3"
"20,61 : 236.0"
"20,62 : 237.47"
"20,63 : 199.06"
"20,64 : 326.71"
"20,65 : 305.5"
"20,66 : 283.45"
"20,67 : 355.24"
"20,68 : 374.35"
"20,69 : 547.1"
"20,70 : 188.22"
"20,71 : 472.27"
"20,72 : 613.44"
"20,73 : 440.41"
"20,74 : 218.83"
"20,75 : 281.05"
"20,76 : 235.72"
"20,77 : 618.33"
"20,78 : 453.93"
"20,79 : 213.78"
"20,80 : 291.67"
"20,81 : 260.93"
"20,82 : 525.52"
"20,83 : 411.0"
"20,84 : 487.06"
"20,85 : 619.03"
"20,86 : 468.74"
"20,87 : 498.05"
"20,88 : 292.44"
"20,89 : 186.8"
"20,90 : 179.2"
"20,91 : 415.41"
"20,92 : 55.71"
"20,93 : 237.77"
"20,94 : 358.75"
"20,95 : 494.79"
"20,96 : 404.49"
"20,97 : 110.72"
"20,98 : 363.58"
"20,99 : 457.69"
"21,0 : 803.86"
"21,1 : 551.63"
"21,2 : 292.25"
"21,3 : 866.78"
"21,4 : 636.85"
"21,5 : 794.21"
"21,6 : 555.5"
"21,7 : 598.65"
"21,8 : 830.15"
"21,9 : 445.43"
"21,10 : 135.15"
"21,11 : 407.59"
"21,12 : 404.74"
"21,13 : 640.13"
"21,14 : 246.09"
"21,15 : 663.36"
"21,16 : 392.59"
"21,17 : 240.3"
"21,18 : 765.76"
"21,19 : 138.18"
"21,20 : 259.24"
"21,21 : 0.0"
"21,22 : 227.27"
"21,23 : 584.52"
"21,24 : 653.39"
"21,25 : 428.66"
"21,26 : 266.09"
"21,27 : 465.76"
"21,28 : 43.32"
"21,29 : 128.0"
"21,30 : 250.48"
"21,31 : 440.41"
"21,32 : 454.1"
"21,33 : 706.98"
"21,34 : 912.55"
"21,35 : 146.93"
"21,36 : 510.3"
"21,37 : 877.25"
"21,38 : 471.51"
"21,39 : 234.0"
"21,40 : 570.64"
"21,41 : 257.5"
"21,42 : 162.93"
"21,43 : 518.79"
"21,44 : 656.38"
"21,45 : 600.93"
"21,46 : 376.19"
"21,47 : 272.41"
"21,48 : 815.27"
"21,49 : 378.67"
"21,50 : 466.77"
"21,51 : 469.23"
"21,52 : 862.46"
"21,53 : 320.63"
"21,54 : 601.61"
"21,55 : 203.95"
"21,56 : 558.41"
"21,57 : 282.82"
"21,58 : 371.39"
"21,59 : 155.44"
"21,60 : 324.23"
"21,61 : 128.39"
"21,62 : 341.99"
"21,63 : 452.91"
"21,64 : 355.09"
"21,65 : 113.6"
"21,66 : 398.21"
"21,67 : 232.11"
"21,68 : 166.15"
"21,69 : 345.08"
"21,70 : 113.16"
"21,71 : 691.1"
"21,72 : 842.3"
"21,73 : 251.0"
"21,74 : 474.55"
"21,75 : 492.2"
"21,76 : 322.02"
"21,77 : 840.26"
"21,78 : 713.01"
"21,79 : 466.89"
"21,80 : 524.77"
"21,81 : 508.33"
"21,82 : 554.58"
"21,83 : 443.63"
"21,84 : 557.9"
"21,85 : 872.55"
"21,86 : 554.29"
"21,87 : 326.55"
"21,88 : 353.05"
"21,89 : 320.91"
"21,90 : 249.23"
"21,91 : 461.48"
"21,92 : 297.88"
"21,93 : 91.4"
"21,94 : 463.73"
"21,95 : 575.52"
"21,96 : 391.05"
"21,97 : 151.01"
"21,98 : 552.17"
"21,99 : 683.49"
"22,0 : 586.69"
"22,1 : 331.54"
"22,2 : 147.41"
"22,3 : 646.46"
"22,4 : 488.98"
"22,5 : 627.45"
"22,6 : 499.3"
"22,7 : 417.02"
"22,8 : 640.26"
"22,9 : 423.93"
"22,10 : 104.66"
"22,11 : 417.11"
"22,12 : 418.24"
"22,13 : 431.98"
"22,14 : 293.32"
"22,15 : 437.0"
"22,16 : 451.84"
"22,17 : 152.59"
"22,18 : 599.07"
"22,19 : 292.33"
"22,20 : 151.0"
"22,21 : 227.27"
"22,22 : 0.0"
"22,23 : 458.66"
"22,24 : 542.15"
"22,25 : 387.01"
"22,26 : 205.99"
"22,27 : 384.21"
"22,28 : 240.6"
"22,29 : 343.86"
"22,30 : 233.94"
"22,31 : 220.95"
"22,32 : 462.51"
"22,33 : 489.26"
"22,34 : 713.25"
"22,35 : 370.2"
"22,36 : 417.33"
"22,37 : 685.66"
"22,38 : 567.21"
"22,39 : 136.47"
"22,40 : 405.56"
"22,41 : 227.77"
"22,42 : 106.25"
"22,43 : 471.62"
"22,44 : 496.03"
"22,45 : 392.34"
"22,46 : 409.52"
"22,47 : 291.17"
"22,48 : 607.4"
"22,49 : 240.84"
"22,50 : 248.85"
"22,51 : 311.51"
"22,52 : 654.06"
"22,53 : 112.65"
"22,54 : 394.61"
"22,55 : 83.22"
"22,56 : 464.59"
"22,57 : 268.34"
"22,58 : 513.55"
"22,59 : 353.27"
"22,60 : 304.0"
"22,61 : 280.71"
"22,62 : 121.94"
"22,63 : 272.96"
"22,64 : 445.42"
"22,65 : 211.8"
"22,66 : 178.53"
"22,67 : 219.39"
"22,68 : 272.86"
"22,69 : 425.54"
"22,70 : 115.02"
"22,71 : 468.26"
"22,72 : 621.63"
"22,73 : 320.32"
"22,74 : 296.99"
"22,75 : 429.93"
"22,76 : 107.81"
"22,77 : 616.98"
"22,78 : 539.22"
"22,79 : 283.87"
"22,80 : 433.13"
"22,81 : 312.3"
"22,82 : 389.35"
"22,83 : 535.59"
"22,84 : 365.77"
"22,85 : 674.04"
"22,86 : 354.03"
"22,87 : 366.13"
"22,88 : 419.49"
"22,89 : 93.65"
"22,90 : 295.85"
"22,91 : 544.27"
"22,92 : 140.94"
"22,93 : 156.11"
"22,94 : 251.02"
"22,95 : 378.41"
"22,96 : 255.56"
"22,97 : 153.57"
"22,98 : 325.22"
"22,99 : 463.43"
"23,0 : 436.0"
"23,1 : 548.17"
"23,2 : 588.02"
"23,3 : 752.78"
"23,4 : 846.09"
"23,5 : 238.65"
"23,6 : 936.39"
"23,7 : 172.2"
"23,8 : 326.38"
"23,9 : 247.81"
"23,10 : 472.62"
"23,11 : 875.2"
"23,12 : 876.56"
"23,13 : 665.63"
"23,14 : 747.46"
"23,15 : 456.43"
"23,16 : 400.15"
"23,17 : 348.69"
"23,18 : 214.28"
"23,19 : 522.43"
"23,20 : 333.86"
"23,21 : 584.52"
"23,22 : 458.66"
"23,23 : 0.0"
"23,24 : 87.97"
"23,25 : 217.59"
"23,26 : 663.25"
"23,27 : 142.58"
"23,28 : 622.16"
"23,29 : 626.19"
"23,30 : 692.53"
"23,31 : 505.52"
"23,32 : 306.44"
"23,33 : 656.93"
"23,34 : 914.93"
"23,35 : 662.9"
"23,36 : 100.04"
"23,37 : 370.0"
"23,38 : 1018.94"
"23,39 : 359.09"
"23,40 : 117.65"
"23,41 : 332.83"
"23,42 : 555.82"
"23,43 : 192.07"
"23,44 : 832.54"
"23,45 : 638.04"
"23,46 : 350.32"
"23,47 : 353.94"
"23,48 : 794.85"
"23,49 : 219.39"
"23,50 : 523.0"
"23,51 : 693.0"
"23,52 : 425.17"
"23,53 : 361.07"
"23,54 : 645.48"
"23,55 : 541.69"
"23,56 : 881.55"
"23,57 : 726.94"
"23,58 : 572.79"
"23,59 : 739.96"
"23,60 : 761.63"
"23,61 : 519.64"
"23,62 : 478.77"
"23,63 : 213.35"
"23,64 : 453.64"
"23,65 : 639.31"
"23,66 : 491.92"
"23,67 : 677.49"
"23,68 : 708.05"
"23,69 : 878.05"
"23,70 : 521.88"
"23,71 : 419.08"
"23,72 : 490.8"
"23,73 : 771.31"
"23,74 : 194.16"
"23,75 : 162.63"
"23,76 : 492.44"
"23,77 : 515.87"
"23,78 : 191.85"
"23,79 : 212.19"
"23,80 : 95.75"
"23,81 : 233.63"
"23,82 : 740.39"
"23,83 : 487.09"
"23,84 : 670.72"
"23,85 : 390.01"
"23,86 : 641.51"
"23,87 : 823.71"
"23,88 : 407.96"
"23,89 : 432.75"
"23,90 : 389.59"
"23,91 : 473.16"
"23,92 : 319.18"
"23,93 : 571.61"
"23,94 : 545.13"
"23,95 : 666.27"
"23,96 : 673.77"
"23,97 : 434.08"
"23,98 : 428.32"
"23,99 : 389.01"
"24,0 : 483.71"
