x,y
145,567
351,342
842,511
821,15
715,70
305,60
55,820
687,898
237,529
309,649
101,811
539,324
298,755
728,555
10,53
847,298
125,981
720,454
290,170
938,513
137,265
351,44
970,106
646,828
75,998
561,812
448,32
640,781
746,276
38,765
445,589
36,331
534,909
26,614
665,954
527,917
100,568
636,635
32,496
351,388
78,32
609,719
175,268
170,677
499,238
781,331
584,165
117,38
720,600
697,154
413,374
738,294
610,445
225,109
824,4
422,927
800,187
102,481
986,706
118,651
45,418
600,166
486,721
652,372
167,214
141,911
172,997
14,974
571,564
49,843
765,544
885,482
927,476
959,416
664,597
651,848
816,402
528,549
989,166
974,266
395,760
195,663
831,603
295,600
326,816
470,392
861,850
682,734
381,763
554,344
481,705
427,565
110,370
196,169
126,611
864,668
728,336
695,450
637,991
993,638

Distanze
"0,0 : 0.0"
"0,1 : 269.45"
"0,2 : 576.75"
"0,3 : 506.23"
"0,4 : 194.83"
"0,5 : 153.1"
"0,6 : 554.25"
"0,7 : 389.01"
"0,8 : 535.6"
"0,9 : 732.93"
"0,10 : 224.2"
"0,11 : 310.11"
"0,12 : 629.21"
"0,13 : 585.02"
"0,14 : 470.74"
"0,15 : 720.38"
"0,16 : 622.69"
"0,17 : 674.36"
"0,18 : 528.05"
"0,19 : 227.27"
"0,20 : 600.83"
"0,21 : 827.73"
"0,22 : 584.4"
"0,23 : 194.54"
"0,24 : 159.97"
"0,25 : 592.56"
"0,26 : 186.63"
"0,27 : 763.84"
"0,28 : 841.48"
"0,29 : 154.06"
"0,30 : 375.79"
"0,31 : 185.8"
"0,32 : 663.82"
"0,33 : 199.32"
"0,34 : 288.4"
"0,35 : 630.89"
"0,36 : 484.33"
"0,37 : 694.85"
"0,38 : 693.22"
"0,39 : 809.71"
"0,40 : 197.99"
"0,41 : 606.05"
"0,42 : 402.95"
"0,43 : 452.41"
"0,44 : 618.05"
"0,45 : 546.1"
"0,46 : 134.32"
"0,47 : 729.65"
"0,48 : 265.66"
"0,49 : 575.14"
"0,50 : 198.34"
"0,51 : 110.89"
"0,52 : 418.0"
"0,53 : 858.26"
"0,54 : 542.04"
"0,55 : 361.51"
"0,56 : 465.19"
"0,57 : 421.43"
"0,58 : 481.41"
"0,59 : 620.72"
"0,60 : 286.34"
"0,61 : 249.19"
"0,62 : 470.74"
"0,63 : 447.15"
"0,64 : 444.05"
"0,65 : 303.29"
"0,66 : 373.63"
"0,67 : 541.37"
"0,68 : 676.65"
"0,69 : 451.35"
"0,70 : 499.87"
"0,71 : 357.14"
"0,72 : 611.49"
"0,73 : 734.34"
"0,74 : 768.5"
"0,75 : 57.27"
"0,76 : 488.48"
"0,77 : 399.66"
"0,78 : 438.81"
"0,79 : 257.53"
"0,80 : 78.71"
"0,81 : 149.04"
"0,82 : 788.75"
"0,83 : 612.43"
"0,84 : 253.15"
"0,85 : 643.13"
"0,86 : 191.94"
"0,87 : 373.89"
"0,88 : 539.84"
"0,89 : 555.44"
"0,90 : 438.0"
"0,91 : 684.66"
"0,92 : 300.12"
"0,93 : 776.73"
"0,94 : 865.42"
"0,95 : 726.18"
"0,96 : 707.4"
"0,97 : 577.81"
"0,98 : 510.66"
"0,99 : 91.0"
"1,0 : 269.45"
"1,1 : 0.0"
"1,2 : 771.83"
"1,3 : 577.96"
"1,4 : 409.31"
"1,5 : 313.31"
"1,6 : 560.41"
"1,7 : 149.16"
"1,8 : 373.02"
"1,9 : 738.63"
"1,10 : 478.72"
"1,11 : 216.19"
"1,12 : 604.15"
"1,13 : 704.79"
"1,14 : 392.23"
"1,15 : 593.63"
"1,16 : 683.83"
"1,17 : 637.42"
"1,18 : 673.58"
"1,19 : 153.95"
"1,20 : 595.76"
"1,21 : 862.5"
"1,22 : 801.49"
"1,23 : 75.15"
"1,24 : 233.83"
"1,25 : 375.29"
"1,26 : 325.89"
"1,27 : 592.04"
"1,28 : 710.18"
"1,29 : 126.51"
"1,30 : 146.29"
"1,31 : 283.92"
"1,32 : 632.36"
"1,33 : 178.84"
"1,34 : 383.74"
"1,35 : 459.62"
"1,36 : 301.04"
"1,37 : 682.32"
"1,38 : 824.05"
"1,39 : 786.67"
"1,40 : 464.42"
"1,41 : 563.13"
"1,42 : 506.44"
"1,43 : 635.84"
"1,44 : 764.74"
"1,45 : 387.0"
"1,46 : 234.73"
"1,47 : 553.7"
"1,48 : 534.69"
"1,49 : 659.22"
"1,50 : 301.6"
"1,51 : 180.07"
"1,52 : 194.14"
"1,53 : 674.99"
"1,54 : 433.23"
"1,55 : 624.89"
"1,56 : 196.29"
"1,57 : 606.22"
"1,58 : 418.24"
"1,59 : 525.33"
"1,60 : 17.0"
"1,61 : 356.24"
"1,62 : 217.71"
"1,63 : 178.77"
"1,64 : 188.99"
"1,65 : 78.1"
"1,66 : 104.18"
"1,67 : 552.9"
"1,68 : 722.34"
"1,69 : 209.12"
"1,70 : 684.37"
"1,71 : 621.29"
"1,72 : 623.03"
"1,73 : 562.86"
"1,74 : 655.78"
"1,75 : 284.32"
"1,76 : 583.95"
"1,77 : 663.81"
"1,78 : 251.77"
"1,79 : 522.42"
"1,80 : 332.56"
"1,81 : 262.62"
"1,82 : 894.82"
"1,83 : 707.82"
"1,84 : 383.69"
"1,85 : 722.29"
"1,86 : 456.03"
"1,87 : 590.7"
"1,88 : 772.43"
"1,89 : 398.0"
"1,90 : 285.27"
"1,91 : 738.52"
"1,92 : 566.68"
"1,93 : 666.57"
"1,94 : 950.69"
"1,95 : 613.37"
"1,96 : 499.54"
"1,97 : 761.86"
"1,98 : 423.14"
"1,99 : 339.0"
"2,0 : 576.75"
"2,1 : 771.83"
"2,2 : 0.0"
"2,3 : 347.55"
"2,4 : 383.01"
"2,5 : 702.0"
"2,6 : 482.96"
"2,7 : 807.31"
"2,8 : 770.15"
"2,9 : 543.04"
"2,10 : 583.6"
"2,11 : 884.31"
"2,12 : 564.06"
"2,13 : 229.19"
"2,14 : 617.19"
"2,15 : 805.01"
"2,16 : 378.65"
"2,17 : 605.49"
"2,18 : 167.8"
"2,19 : 796.53"
"2,20 : 515.33"
"2,21 : 530.83"
"2,22 : 87.98"
"2,23 : 715.95"
"2,24 : 538.0"
"2,25 : 896.8"
"2,26 : 734.29"
"2,27 : 922.14"
"2,28 : 891.65"
"2,29 : 705.12"
"2,30 : 787.07"
"2,31 : 751.84"
"2,32 : 590.03"
"2,33 : 773.53"
"2,34 : 405.6"
"2,35 : 836.13"
"2,36 : 777.72"
"2,37 : 564.34"
"2,38 : 230.5"
"2,39 : 645.96"
"2,40 : 440.88"
"2,41 : 590.85"
"2,42 : 318.3"
"2,43 : 136.78"
"2,44 : 159.01"
"2,45 : 769.57"
"2,46 : 709.9"
"2,47 : 907.39"
"2,48 : 485.06"
"2,49 : 317.72"
"2,50 : 759.46"
"2,51 : 679.8"
"2,52 : 960.09"
"2,53 : 1014.29"
"2,54 : 685.62"
"2,55 : 355.62"
"2,56 : 946.18"
"2,57 : 165.66"
"2,58 : 594.89"
"2,59 : 694.08"
"2,60 : 784.36"
"2,61 : 422.14"
"2,62 : 882.44"
"2,63 : 933.3"
"2,64 : 867.56"
"2,65 : 751.64"
"2,66 : 858.05"
"2,67 : 470.62"
"2,68 : 430.46"
"2,69 : 849.15"
"2,70 : 90.05"
"2,71 : 363.08"
"2,72 : 484.3"
"2,73 : 901.56"
"2,74 : 806.29"
"2,75 : 617.21"
"2,76 : 299.64"
"2,77 : 355.76"
"2,78 : 999.23"
"2,79 : 402.61"
"2,80 : 587.06"
"2,81 : 719.29"
"2,82 : 345.68"
"2,83 : 294.7"
"2,84 : 390.96"
"2,85 : 341.43"
"2,86 : 541.85"
"2,87 : 206.65"
"2,88 : 153.06"
"2,89 : 771.38"
"2,90 : 1008.29"
"2,91 : 414.78"
"2,92 : 519.36"
"2,93 : 806.21"
"2,94 : 444.09"
"2,95 : 781.23"
"2,96 : 957.17"
"2,97 : 38.59"
"2,98 : 640.68"
"2,99 : 596.66"
"3,0 : 506.23"
"3,1 : 577.96"
"3,2 : 347.55"
"3,3 : 0.0"
"3,4 : 355.73"
"3,5 : 659.22"
"3,6 : 136.01"
"3,7 : 554.34"
"3,8 : 448.01"
"3,9 : 252.35"
"3,10 : 640.8"
"3,11 : 755.81"
"3,12 : 222.07"
"3,13 : 154.03"
"3,14 : 293.11"
"3,15 : 457.48"
"3,16 : 116.47"
"3,17 : 267.73"
"3,18 : 180.7"
"3,19 : 665.46"
"3,20 : 173.42"
"3,21 : 323.11"
"3,22 : 426.75"
"3,23 : 550.44"
"3,24 : 378.98"
"3,25 : 582.38"
"3,26 : 692.86"
"3,27 : 576.58"
"3,28 : 546.61"
"3,29 : 567.64"
"3,30 : 534.54"
"3,31 : 687.83"
"3,32 : 252.24"
"3,33 : 657.85"
"3,34 : 219.65"
"3,35 : 500.62"
"3,36 : 474.2"
"3,37 : 243.82"
"3,38 : 267.71"
"3,39 : 349.72"
"3,40 : 496.01"
"3,41 : 243.81"
"3,42 : 109.46"
"3,43 : 255.98"
"3,44 : 240.41"
"3,45 : 444.33"
"3,46 : 627.71"
"3,47 : 564.16"
"3,48 : 585.81"
"3,49 : 81.84"
"3,50 : 702.3"
"3,51 : 569.33"
"3,52 : 770.25"
"3,53 : 667.39"
"3,54 : 349.89"
"3,55 : 528.1"
"3,56 : 707.94"
"3,57 : 253.78"
"3,58 : 265.12"
"3,59 : 347.45"
"3,60 : 584.57"
"3,61 : 258.49"
"3,62 : 613.51"
"3,63 : 700.12"
"3,64 : 606.85"
"3,65 : 528.08"
"3,66 : 634.75"
"3,67 : 123.17"
"3,68 : 172.24"
"3,69 : 578.41"
"3,70 : 274.9"
"3,71 : 532.25"
"3,72 : 151.82"
"3,73 : 557.31"
"3,74 : 460.64"
"3,75 : 562.67"
"3,76 : 50.21"
"3,77 : 553.0"
"3,78 : 829.25"
"3,79 : 499.98"
"3,80 : 560.44"
"3,81 : 649.8"
"3,82 : 318.45"
"3,83 : 132.82"
"3,84 : 253.95"
"3,85 : 144.97"
"3,86 : 590.64"
"3,87 : 335.95"
"3,88 : 459.63"
"3,89 : 443.88"
"3,90 : 857.03"
"3,91 : 178.49"
"3,92 : 633.75"
"3,93 : 461.35"
"3,94 : 374.14"
"3,95 : 434.07"
"3,96 : 623.9"
"3,97 : 314.4"
"3,98 : 307.47"
"3,99 : 574.17"
"4,0 : 194.83"
"4,1 : 409.31"
"4,2 : 383.01"
"4,3 : 355.73"
"4,4 : 0.0"
"4,5 : 332.66"
"4,6 : 440.43"
"4,7 : 483.39"
"4,8 : 545.91"
"4,9 : 603.03"
"4,10 : 285.3"
"4,11 : 501.36"
"4,12 : 527.6"
"4,13 : 403.94"
"4,14 : 431.6"
"4,15 : 681.91"
"4,16 : 468.06"
"4,17 : 576.28"
"4,18 : 339.68"
"4,19 : 414.16"
"4,20 : 488.93"
"4,21 : 676.55"
"4,22 : 397.67"
"4,23 : 344.36"
"4,24 : 188.22"
"4,25 : 640.39"
"4,26 : 366.54"
"4,27 : 757.47"
"4,28 : 797.55"
"4,29 : 325.48"
"4,30 : 465.11"
"4,31 : 376.2"
"4,32 : 563.05"
"4,33 : 390.53"
"4,34 : 173.85"
"4,35 : 635.8"
"4,36 : 518.66"
"4,37 : 579.01"
"4,38 : 505.46"
"4,39 : 692.78"
"4,40 : 147.0"
"4,41 : 519.25"
"4,42 : 246.27"
"4,43 : 257.69"
"4,44 : 427.39"
"4,45 : 552.2"
"4,46 : 329.01"
"4,47 : 729.32"
"4,48 : 243.85"
"4,49 : 411.36"
"4,50 : 386.25"
"4,51 : 297.0"
"4,52 : 587.37"
"4,53 : 855.7"
"4,54 : 511.43"
"4,55 : 249.83"
"4,56 : 599.14"
"4,57 : 226.77"
"4,58 : 428.89"
"4,59 : 569.32"
"4,60 : 424.08"
"4,61 : 147.28"
"4,62 : 566.34"
"4,63 : 583.54"
"4,64 : 544.74"
"4,65 : 409.72"
"4,66 : 506.48"
"4,67 : 425.63"
"4,68 : 527.08"
"4,69 : 538.24"
"4,70 : 305.04"
"4,71 : 249.44"
"4,72 : 487.64"
"4,73 : 729.92"
"4,74 : 715.63"
"4,75 : 240.42"
"4,76 : 325.61"
"4,77 : 287.61"
"4,78 : 620.15"
"4,79 : 172.53"
"4,80 : 220.77"
"4,81 : 341.32"
"4,82 : 607.03"
"4,83 : 440.78"
"4,84 : 123.69"
"4,85 : 477.77"
"4,86 : 235.17"
"4,87 : 184.89"
"4,88 : 363.32"
"4,89 : 558.92"
"4,90 : 626.2"
"4,91 : 530.14"
"4,92 : 292.51"
"4,93 : 721.36"
"4,94 : 689.79"
"4,95 : 676.79"
"4,96 : 736.73"
"4,97 : 383.03"
"4,98 : 470.0"
"4,99 : 233.09"
"5,0 : 153.1"
"5,1 : 313.31"
"5,2 : 702.0"
"5,3 : 659.22"
"5,4 : 332.66"
"5,5 : 0.0"
"5,6 : 705.05"
"5,7 : 458.48"
"5,8 : 647.64"
"5,9 : 884.84"
"5,10 : 198.84"
"5,11 : 237.78"
"5,12 : 777.34"
"5,13 : 733.09"
"5,14 : 605.9"
"5,15 : 848.28"
"5,16 : 775.66"
"5,17 : 821.34"
"5,18 : 672.03"
"5,19 : 191.94"
"5,20 : 750.99"
"5,21 : 980.82"
"5,22 : 696.33"
"5,23 : 247.51"
"5,24 : 303.2"
"5,25 : 680.33"
"5,26 : 34.13"
"5,27 : 876.37"
"5,28 : 969.43"
"5,29 : 190.91"
"5,30 : 450.92"
"5,31 : 59.21"
"5,32 : 811.46"
"5,33 : 154.43"
"5,34 : 441.46"
"5,35 : 741.69"
"5,36 : 586.46"
"5,37 : 845.02"
"5,38 : 837.82"
"5,39 : 959.48"
"5,40 : 273.79"
"5,41 : 751.29"
"5,42 : 555.19"
"5,43 : 586.91"
"5,44 : 760.03"
"5,45 : 659.73"
"5,46 : 78.64"
"5,47 : 840.01"
"5,48 : 292.34"
"5,49 : 727.28"
"5,50 : 59.62"
"5,51 : 142.35"
"5,52 : 392.94"
"5,53 : 966.73"
"5,54 : 671.64"
"5,55 : 426.69"
"5,56 : 487.41"
"5,57 : 556.59"
"5,58 : 620.32"
"5,59 : 755.53"
"5,60 : 329.08"
"5,61 : 402.25"
"5,62 : 531.01"
"5,63 : 468.21"
"5,64 : 502.3"
"5,65 : 374.73"
"5,66 : 407.45"
"5,67 : 692.51"
"5,68 : 829.75"
"5,69 : 520.56"
"5,70 : 632.31"
"5,71 : 420.33"
"5,72 : 763.17"
"5,73 : 846.64"
"5,74 : 901.03"
"5,75 : 96.66"
"5,76 : 640.45"
"5,77 : 459.57"
"5,78 : 385.86"
"5,79 : 329.12"
"5,80 : 114.98"
"5,81 : 53.25"
"5,82 : 936.92"
"5,83 : 763.37"
"5,84 : 405.74"
"5,85 : 795.22"
"5,86 : 202.31"
"5,87 : 495.39"
"5,88 : 640.86"
"5,89 : 669.93"
"5,90 : 365.14"
"5,91 : 837.68"
"5,92 : 304.59"
"5,93 : 910.04"
"5,94 : 1015.84"
"5,95 : 858.15"
"5,96 : 801.97"
"5,97 : 708.14"
"5,98 : 644.89"
"5,99 : 105.68"
"6,0 : 554.25"
"6,1 : 560.41"
"6,2 : 482.96"
"6,3 : 136.01"
"6,4 : 440.43"
"6,5 : 705.05"
"6,6 : 0.0"
"6,7 : 502.41"
"6,8 : 346.66"
"6,9 : 182.54"
"6,10 : 721.67"
"6,11 : 759.74"
"6,12 : 91.3"
"6,13 : 275.0"
"6,14 : 203.06"
"6,15 : 322.9"
"6,16 : 158.32"
"6,17 : 139.99"
"6,18 : 315.43"
"6,19 : 673.51"
"6,20 : 48.51"
"6,21 : 302.42"
"6,22 : 562.75"
"6,23 : 550.53"
"6,24 : 404.68"
"6,25 : 482.69"
"6,26 : 737.05"
"6,27 : 445.93"
"6,28 : 410.76"
"6,29 : 580.17"
"6,30 : 484.37"
"6,31 : 723.49"
"6,32 : 125.4"
"6,33 : 673.49"
"6,34 : 274.09"
"6,35 : 383.06"
"6,36 : 389.08"
"6,37 : 141.17"
"6,38 : 372.84"
"6,39 : 256.33"
"6,40 : 586.98"
"6,41 : 107.91"
"6,42 : 213.82"
"6,43 : 389.62"
"6,44 : 364.74"
"6,45 : 339.89"
"6,46 : 660.04"
"6,47 : 436.68"
"6,48 : 682.08"
"6,49 : 182.58"
"6,50 : 739.81"
"6,51 : 594.22"
"6,52 : 743.24"
"6,53 : 534.31"
"6,54 : 237.66"
"6,55 : 643.65"
"6,56 : 656.61"
"6,57 : 384.29"
"6,58 : 170.91"
"6,59 : 216.48"
"6,60 : 563.17"
"6,61 : 311.06"
"6,62 : 547.08"
"6,63 : 652.18"
"6,64 : 546.38"
"6,65 : 497.28"
"6,66 : 596.24"
"6,67 : 15.23"
"6,68 : 172.19"
"6,69 : 512.63"
"6,70 : 410.74"
"6,71 : 646.96"
"6,72 : 62.68"
"6,73 : 428.57"
"6,74 : 324.69"
"6,75 : 611.43"
"6,76 : 185.69"
"6,77 : 671.89"
"6,78 : 809.85"
"6,79 : 601.42"
"6,80 : 619.78"
"6,81 : 685.77"
"6,82 : 389.03"
"6,83 : 229.96"
"6,84 : 321.14"
"6,85 : 212.36"
"6,86 : 672.25"
"6,87 : 459.85"
"6,88 : 594.46"
"6,89 : 337.04"
"6,90 : 845.65"
"6,91 : 193.64"
"6,92 : 730.81"
"6,93 : 325.61"
"6,94 : 415.04"
"6,95 : 298.28"
"6,96 : 506.36"
"6,97 : 449.03"
"6,98 : 202.28"
"6,99 : 633.82"
"7,0 : 389.01"
"7,1 : 149.16"
"7,2 : 807.31"
"7,3 : 554.34"
"7,4 : 483.39"
"7,5 : 458.48"
"7,6 : 502.41"
"7,7 : 0.0"
"7,8 : 242.32"
"7,9 : 667.66"
"7,10 : 609.8"
"7,11 : 350.69"
"7,12 : 525.59"
"7,13 : 698.1"
"7,14 : 307.77"
"7,15 : 466.51"
"7,16 : 645.76"
"7,17 : 550.4"
"7,18 : 683.8"
"7,19 : 301.44"
"7,20 : 528.5"
"7,21 : 801.0"
"7,22 : 851.12"
"7,23 : 211.4"
"7,24 : 295.22"
"7,25 : 226.24"
"7,26 : 473.35"
"7,27 : 449.14"
"7,28 : 577.89"
"7,29 : 267.84"
"7,30 : 20.4"
"7,31 : 432.5"
"7,32 : 548.48"
"7,33 : 327.94"
"7,34 : 401.9"
"7,35 : 320.16"
"7,36 : 166.51"
"7,37 : 605.08"
"7,38 : 817.42"
"7,39 : 699.0"
"7,40 : 570.27"
"7,41 : 478.38"
"7,42 : 508.36"
"7,43 : 671.13"
"7,44 : 770.33"
"7,45 : 256.87"
"7,46 : 380.57"
"7,47 : 410.33"
"7,48 : 651.61"
"7,49 : 635.54"
"7,50 : 450.35"
"7,51 : 319.38"
"7,52 : 259.54"
"7,53 : 528.55"
"7,54 : 325.38"
"7,55 : 721.61"
"7,56 : 154.78"
"7,57 : 644.38"
"7,58 : 338.71"
"7,59 : 416.36"
"7,60 : 136.3"
"7,61 : 387.01"
"7,62 : 83.77"
"7,63 : 149.8"
"7,64 : 61.66"
"7,65 : 86.31"
"7,66 : 106.04"
"7,67 : 498.6"
"7,68 : 673.41"
"7,69 : 62.94"
"7,70 : 717.35"
"7,71 : 719.24"
"7,72 : 562.5"
"7,73 : 420.58"
"7,74 : 532.2"
"7,75 : 416.52"
"7,76 : 572.93"
"7,77 : 760.8"
"7,78 : 335.0"
"7,79 : 624.12"
"7,80 : 461.24"
"7,81 : 409.39"
"7,82 : 870.9"
"7,83 : 687.13"
"7,84 : 420.06"
"7,85 : 691.65"
"7,86 : 580.88"
"7,87 : 649.89"
"7,88 : 834.87"
"7,89 : 267.81"
"7,90 : 384.2"
"7,91 : 693.08"
"7,92 : 688.66"
"7,93 : 543.69"
"7,94 : 913.05"
"7,95 : 491.37"
"7,96 : 350.7"
"7,97 : 790.61"
"7,98 : 328.6"
"7,99 : 469.88"
"8,0 : 535.6"
"8,1 : 373.02"
"8,2 : 770.15"
"8,3 : 448.01"
"8,4 : 545.91"
"8,5 : 647.64"
"8,6 : 346.66"
"8,7 : 242.32"
"8,8 : 0.0"
"8,9 : 475.57"
"8,10 : 756.42"
"8,11 : 586.93"
"8,12 : 333.29"
"8,13 : 602.0"
"8,14 : 155.39"
"8,15 : 224.2"
"8,16 : 504.83"
"8,17 : 343.42"
"8,18 : 616.35"
"8,19 : 525.1"
"8,20 : 353.82"
"8,21 : 615.23"
"8,22 : 834.34"
"8,23 : 411.35"
"8,24 : 388.42"
"8,25 : 136.13"
"8,26 : 670.05"
"8,27 : 229.16"
"8,28 : 337.59"
"8,29 : 464.34"
"8,30 : 234.63"
"8,31 : 636.5"
"8,32 : 346.13"
"8,33 : 544.26"
"8,34 : 397.28"
"8,35 : 95.29"
"8,36 : 75.96"
"8,37 : 408.1"
"8,38 : 711.9"
"8,39 : 483.83"
"8,40 : 672.61"
"8,41 : 281.49"
"8,42 : 452.09"
"8,43 : 645.78"
"8,44 : 687.61"
"8,45 : 14.56"
"8,46 : 576.14"
"8,47 : 194.1"
"8,48 : 767.21"
"8,49 : 518.62"
"8,50 : 654.94"
"8,51 : 506.21"
"8,52 : 499.35"
"8,53 : 322.67"
"8,54 : 113.16"
"8,55 : 795.14"
"8,56 : 369.63"
"8,57 : 626.67"
"8,58 : 183.07"
"8,59 : 188.86"
"8,60 : 365.17"
"8,61 : 406.18"
"8,62 : 242.14"
"8,63 : 372.99"
"8,64 : 254.92"
"8,65 : 295.11"
"8,66 : 347.67"
"8,67 : 349.72"
"8,68 : 513.25"
"8,69 : 215.13"
"8,70 : 683.58"
"8,71 : 795.11"
"8,72 : 394.68"
"8,73 : 199.46"
"8,74 : 290.13"
"8,75 : 580.33"
"8,76 : 484.57"
"8,77 : 832.1"
"8,78 : 575.88"
"8,79 : 714.23"
"8,80 : 614.3"
"8,81 : 606.22"
"8,82 : 735.67"
"8,83 : 569.76"
"8,84 : 438.49"
"8,85 : 558.21"
"8,86 : 716.71"
"8,87 : 665.98"
"8,88 : 840.77"
"8,89 : 25.5"
"8,90 : 626.31"
"8,91 : 536.67"
"8,92 : 811.79"
"8,93 : 301.73"
"8,94 : 755.74"
"8,95 : 249.9"
"8,96 : 193.49"
"8,97 : 743.68"
"8,98 : 144.54"
"8,99 : 626.2"
"9,0 : 732.93"
"9,1 : 738.63"
"9,2 : 543.04"
"9,3 : 252.35"
"9,4 : 603.03"
"9,5 : 884.84"
"9,6 : 182.54"
"9,7 : 667.66"
"9,8 : 475.57"
"9,9 : 0.0"
"9,10 : 888.03"
"9,11 : 941.18"
"9,12 : 143.84"
"9,13 : 313.91"
"9,14 : 359.93"
"9,15 : 360.01"
"9,16 : 166.53"
"9,17 : 136.93"
"9,18 : 385.42"
"9,19 : 855.59"
"9,20 : 142.89"
"9,21 : 139.98"
"9,22 : 630.35"
"9,23 : 732.14"
"9,24 : 586.35"
"9,25 : 604.63"
"9,26 : 917.27"
"9,27 : 495.17"
"9,28 : 397.56"
"9,29 : 762.64"
"9,30 : 651.04"
"9,31 : 905.06"
"9,32 : 130.68"
"9,33 : 855.99"
"9,34 : 447.32"
"9,35 : 480.15"
"9,36 : 533.8"
"9,37 : 68.03"
"9,38 : 359.78"
"9,39 : 103.46"
"9,40 : 746.3"
"9,41 : 194.73"
"9,42 : 359.34"
"9,43 : 489.4"
"9,44 : 392.46"
"9,45 : 465.01"
"9,46 : 841.87"
"9,47 : 500.35"
"9,48 : 837.53"
"9,49 : 232.65"
"9,50 : 921.16"
"9,51 : 776.53"
"9,52 : 916.75"
"9,53 : 563.22"
"9,54 : 363.09"
"9,55 : 778.31"
"9,56 : 819.04"
"9,57 : 494.7"
"9,58 : 329.02"
"9,59 : 297.67"
"9,60 : 740.3"
"9,61 : 485.82"
"9,62 : 701.51"
"9,63 : 816.71"
"9,64 : 705.17"
"9,65 : 672.22"
"9,66 : 766.53"
"9,67 : 193.54"
"9,68 : 113.15"
"9,69 : 668.58"
"9,70 : 493.75"
"9,71 : 782.78"
"9,72 : 121.84"
"9,73 : 487.95"
"9,74 : 325.58"
"9,75 : 790.21"
"9,76 : 294.96"
"9,77 : 801.37"
"9,78 : 985.64"
"9,79 : 752.22"
"9,80 : 795.5"
"9,81 : 867.22"
"9,82 : 318.45"
"9,83 : 248.39"
"9,84 : 490.8"
"9,85 : 202.95"
"9,86 : 838.01"
"9,87 : 582.81"
"9,88 : 680.15"
"9,89 : 458.74"
"9,90 : 1023.7"
"9,91 : 132.44"
"9,92 : 885.66"
"9,93 : 319.77"
"9,94 : 300.73"
"9,95 : 322.19"
"9,96 : 594.24"
"9,97 : 504.85"
"9,98 : 343.78"
"9,99 : 809.5"
"10,0 : 224.2"
"10,1 : 478.72"
"10,2 : 583.6"
"10,3 : 640.8"
"10,4 : 285.3"
"10,5 : 198.84"
"10,6 : 721.67"
"10,7 : 609.8"
"10,8 : 756.42"
"10,9 : 888.03"
"10,10 : 0.0"
"10,11 : 436.61"
"10,12 : 806.0"
"10,13 : 673.03"
"10,14 : 676.89"
"10,15 : 930.17"
"10,16 : 751.9"
"10,17 : 853.91"
"10,18 : 599.37"
"10,19 : 384.55"
"10,20 : 770.1"
"10,21 : 960.12"
"10,22 : 557.21"
"10,23 : 404.66"
"10,24 : 370.33"
"10,25 : 816.75"
"10,26 : 215.01"
"10,27 : 983.1"
"10,28 : 1050.16"
"10,29 : 352.88"
"10,30 : 597.77"
"10,31 : 256.94"
"10,32 : 841.49"
"10,33 : 347.32"
"10,34 : 448.39"
"10,35 : 851.53"
"10,36 : 707.81"
"10,37 : 861.76"
"10,38 : 760.09"
"10,39 : 976.23"
"10,40 : 151.82"
"10,41 : 791.92"
"10,42 : 531.36"
"10,43 : 494.22"
"10,44 : 676.86"
"10,45 : 766.26"
"10,46 : 263.43"
"10,47 : 949.93"
"10,48 : 108.91"
"10,49 : 692.95"
"10,50 : 252.03"
"10,51 : 299.46"
"10,52 : 588.11"
"10,53 : 1078.73"
"10,54 : 752.52"
"10,55 : 255.48"
"10,56 : 667.76"
"10,57 : 467.87"
"10,58 : 682.42"
"10,59 : 824.46"
"10,60 : 495.63"
"10,61 : 413.63"
"10,62 : 689.74"
"10,63 : 648.85"
"10,64 : 662.18"
"10,65 : 523.52"
"10,66 : 580.77"
"10,67 : 707.22"
"10,68 : 811.57"
"10,69 : 672.61"
"10,70 : 531.88"
"10,71 : 248.04"
"10,72 : 771.47"
"10,73 : 953.84"
"10,74 : 973.08"
"10,75 : 194.61"
"10,76 : 608.69"
"10,77 : 281.3"
"10,78 : 584.61"
"10,79 : 181.02"
"10,80 : 148.6"
"10,81 : 247.65"
"10,82 : 870.39"
"10,83 : 717.7"
"10,84 : 400.53"
"10,85 : 757.79"
"10,86 : 50.16"
"10,87 : 385.62"
"10,88 : 490.39"
"10,89 : 775.19"
"10,90 : 563.22"
"10,91 : 813.61"
"10,92 : 107.3"
"10,93 : 980.31"
"10,94 : 959.44"
"10,95 : 931.86"
"10,96 : 931.27"
"10,97 : 599.08"
"10,98 : 717.03"
"10,99 : 140.25"
"11,0 : 310.11"
"11,1 : 216.19"
"11,2 : 884.31"
"11,3 : 755.81"
"11,4 : 501.36"
"11,5 : 237.78"
"11,6 : 759.74"
"11,7 : 350.69"
"11,8 : 586.93"
"11,9 : 941.18"
"11,10 : 436.61"
"11,11 : 0.0"
"11,12 : 811.77"
"11,13 : 864.07"
"11,14 : 604.95"
"11,15 : 809.06"
"11,16 : 868.23"
"11,17 : 847.72"
"11,18 : 818.39"
"11,19 : 91.29"
"11,20 : 798.76"
"11,21 : 1058.42"
"11,22 : 894.5"
"11,23 : 209.25"
"11,24 : 379.08"
"11,25 : 571.0"
"11,26 : 225.58"
"11,27 : 799.82"
"11,28 : 924.52"
"11,29 : 189.51"
"11,30 : 354.01"
"11,31 : 180.24"
"11,32 : 841.62"
"11,33 : 110.98"
"11,34 : 542.41"
"11,35 : 670.11"
"11,36 : 513.14"
"11,37 : 888.43"
"11,38 : 979.33"
"11,39 : 996.0"
"11,40 : 491.76"
"11,41 : 773.46"
"11,42 : 668.22"
"11,43 : 755.79"
"11,44 : 910.3"
"11,45 : 601.14"
"11,46 : 186.43"
"11,47 : 760.99"
"11,48 : 527.0"
"11,49 : 834.04"
"11,50 : 188.32"
"11,51 : 204.66"
"11,52 : 172.9"
"11,53 : 877.52"
"11,54 : 649.19"
"11,55 : 653.17"
"11,56 : 306.37"
"11,57 : 724.75"
"11,58 : 629.24"
"11,59 : 741.15"
"11,60 : 222.09"
"11,61 : 507.08"
"11,62 : 395.59"
"11,63 : 288.59"
"11,64 : 368.47"
"11,65 : 293.87"
"11,66 : 258.07"
"11,67 : 750.55"
"11,68 : 912.89"
"11,69 : 400.48"
"11,70 : 804.18"
"11,71 : 647.48"
"11,72 : 822.23"
"11,73 : 771.26"
"11,74 : 871.75"
"11,75 : 282.24"
"11,76 : 751.97"
"11,77 : 688.47"
"11,78 : 148.93"
"11,79 : 550.91"
"11,80 : 327.11"
"11,81 : 192.0"
"11,82 : 1063.5"
"11,83 : 878.73"
"11,84 : 525.41"
"11,85 : 900.38"
"11,86 : 437.04"
"11,87 : 683.53"
"11,88 : 848.8"
"11,89 : 612.18"
"11,90 : 130.39"
"11,91 : 926.52"
"11,92 : 542.13"
"11,93 : 882.61"
"11,94 : 1129.25"
"11,95 : 829.44"
"11,96 : 695.23"
"11,97 : 882.78"
"11,98 : 637.49"
"11,99 : 324.48"
"12,0 : 629.21"
"12,1 : 604.15"
"12,2 : 564.06"
"12,3 : 222.07"
"12,4 : 527.6"
"12,5 : 777.34"
"12,6 : 91.3"
"12,7 : 525.59"
"12,8 : 333.29"
"12,9 : 143.84"
"12,10 : 806.0"
"12,11 : 811.77"
"12,12 : 0.0"
"12,13 : 345.71"
"12,14 : 218.05"
"12,15 : 253.69"
"12,16 : 206.9"
"12,17 : 49.04"
"12,18 : 396.4"
"12,19 : 728.95"
"12,20 : 48.92"
"12,21 : 282.4"
"12,22 : 646.26"
"12,23 : 604.26"
"12,24 : 474.34"
"12,25 : 464.7"
"12,26 : 808.38"
"12,27 : 384.95"
"12,28 : 327.84"
"12,29 : 639.5"
"12,30 : 509.47"
"12,31 : 791.35"
"12,32 : 35.51"
"12,33 : 732.72"
"12,34 : 357.65"
"12,35 : 346.77"
"12,36 : 390.03"
"12,37 : 79.51"
"12,38 : 429.05"
"12,39 : 185.0"
"12,40 : 674.53"
"12,41 : 51.89"
"12,42 : 305.12"
"12,43 : 477.87"
"12,44 : 434.79"
"12,45 : 323.34"
"12,46 : 727.2"
"12,47 : 382.33"
"12,48 : 770.41"
"12,49 : 251.37"
"12,50 : 808.3"
"12,51 : 659.06"
"12,52 : 777.49"
"12,53 : 466.34"
"12,54 : 220.29"
"12,55 : 734.82"
"12,56 : 676.0"
"12,57 : 473.99"
"12,58 : 188.22"
"12,59 : 165.22"
"12,60 : 604.57"
"12,61 : 392.84"
"12,62 : 557.74"
"12,63 : 674.1"
"12,64 : 561.74"
"12,65 : 534.88"
"12,66 : 625.97"
"12,67 : 106.47"
"12,68 : 192.17"
"12,69 : 524.93"
"12,70 : 496.17"
"12,71 : 738.07"
"12,72 : 83.82"
"12,73 : 371.98"
"12,74 : 243.23"
"12,75 : 685.9"
"12,76 : 272.28"
"12,77 : 763.18"
"12,78 : 847.86"
"12,79 : 690.96"
"12,80 : 698.01"
"12,81 : 754.18"
"12,82 : 422.17"
"12,83 : 291.08"
"12,84 : 406.25"
"12,85 : 261.08"
"12,86 : 757.03"
"12,87 : 550.91"
"12,88 : 681.65"
"12,89 : 317.72"
"12,90 : 888.02"
"12,91 : 217.11"
"12,92 : 819.18"
"12,93 : 242.44"
"12,94 : 427.4"
"12,95 : 223.08"
"12,96 : 466.01"
"12,97 : 528.67"
"12,98 : 200.01"
"12,99 : 712.01"
"13,0 : 585.02"
"13,1 : 704.79"
"13,2 : 229.19"
"13,3 : 154.03"
"13,4 : 403.94"
"13,5 : 733.09"
"13,6 : 275.0"
"13,7 : 698.1"
"13,8 : 602.0"
"13,9 : 313.91"
"13,10 : 673.03"
"13,11 : 864.07"
"13,12 : 345.71"
"13,13 : 0.0"
"13,14 : 447.14"
"13,15 : 595.72"
"13,16 : 149.93"
"13,17 : 383.19"
"13,18 : 81.5"
"13,19 : 772.79"
"13,20 : 298.44"
"13,21 : 316.83"
"13,22 : 316.44"
"13,23 : 667.03"
"13,24 : 486.16"
"13,25 : 736.39"
"13,26 : 767.22"
"13,27 : 720.88"
"13,28 : 672.53"
"13,29 : 674.69"
"13,30 : 677.93"
"13,31 : 770.82"
"13,32 : 368.05"
"13,33 : 759.44"
"13,34 : 323.82"
"13,35 : 652.43"
"13,36 : 627.26"
"13,37 : 337.01"
"13,38 : 119.87"
"13,39 : 417.0"
"13,40 : 521.35"
"13,41 : 379.8"
"13,42 : 198.6"
"13,43 : 197.43"
"13,44 : 89.81"
"13,45 : 598.16"
"13,46 : 715.92"
"13,47 : 711.36"
"13,48 : 596.85"
"13,49 : 94.37"
"13,50 : 783.05"
"13,51 : 666.39"
"13,52 : 898.89"
"13,53 : 808.17"
"13,54 : 502.4"
"13,55 : 504.17"
"13,56 : 849.57"
"13,57 : 214.39"
"13,58 : 419.03"
"13,59 : 491.48"
"13,60 : 713.44"
"13,61 : 357.29"
"13,62 : 761.55"
"13,63 : 840.36"
"13,64 : 753.03"
"13,65 : 663.22"
"13,66 : 771.52"
"13,67 : 265.58"
"13,68 : 201.7"
"13,69 : 726.55"
"13,70 : 187.21"
"13,71 : 510.06"
"13,72 : 262.83"
"13,73 : 703.49"
"13,74 : 588.77"
"13,75 : 637.66"
"13,76 : 125.23"
"13,77 : 519.41"
"13,78 : 952.44"
"13,79 : 507.23"
"13,80 : 624.02"
"13,81 : 733.81"
"13,82 : 203.86"
"13,83 : 66.04"
"13,84 : 339.44"
"13,85 : 114.06"
"13,86 : 624.23"
"13,87 : 307.2"
"13,88 : 369.06"
"13,89 : 597.52"
"13,90 : 974.54"
"13,91 : 187.56"
"13,92 : 641.08"
"13,93 : 587.44"
"13,94 : 286.9"
"13,95 : 567.9"
"13,96 : 775.96"
"13,97 : 191.18"
"13,98 : 460.79"
"13,99 : 636.69"
"14,0 : 470.74"
"14,1 : 392.23"
"14,2 : 617.19"
"14,3 : 293.11"
"14,4 : 431.6"
"14,5 : 605.9"
"14,6 : 203.06"
"14,7 : 307.77"
"14,8 : 155.39"
"14,9 : 359.93"
"14,10 : 676.89"
"14,11 : 604.95"
"14,12 : 218.05"
"14,13 : 447.14"
"14,14 : 0.0"
"14,15 : 253.67"
"14,16 : 357.97"
"14,17 : 246.33"
"14,18 : 461.34"
"14,19 : 527.08"
"14,20 : 222.42"
"14,21 : 494.5"
"14,22 : 684.11"
"14,23 : 402.65"
"14,24 : 311.17"
"14,25 : 289.29"
"14,26 : 633.71"
"14,27 : 329.08"
"14,28 : 373.27"
"14,29 : 445.17"
"14,30 : 291.45"
"14,31 : 609.1"
"14,32 : 242.69"
"14,33 : 536.11"
"14,34 : 265.89"
"14,35 : 221.42"
"14,36 : 186.6"
"14,37 : 297.56"
"14,38 : 558.56"
"14,39 : 395.92"
"14,40 : 570.75"
"14,41 : 172.57"
"14,42 : 300.48"
"14,43 : 496.18"
"14,44 : 532.3"
"14,45 : 153.06"
"14,46 : 545.01"
"14,47 : 304.8"
"14,48 : 668.35"
"14,49 : 365.72"
"14,50 : 627.04"
"14,51 : 474.11"
"14,52 : 560.04"
"14,53 : 427.24"
"14,54 : 80.06"
"14,55 : 674.28"
"14,56 : 459.44"
"14,57 : 479.13"
"14,58 : 32.25"
"14,59 : 150.1"
"14,60 : 390.99"
"14,61 : 284.71"
"14,62 : 345.3"
"14,63 : 456.8"
"14,64 : 346.55"
"14,65 : 319.79"
"14,66 : 408.02"
"14,67 : 202.97"
"14,68 : 374.88"
"14,69 : 311.31"
"14,70 : 531.9"
"14,71 : 675.3"
"14,72 : 259.08"
"14,73 : 303.07"
"14,74 : 297.83"
"14,75 : 523.45"
"14,76 : 329.19"
"14,77 : 709.26"
"14,78 : 631.34"
"14,79 : 604.05"
"14,80 : 547.17"
"14,81 : 574.01"
"14,82 : 589.17"
"14,83 : 417.41"
"14,84 : 312.93"
"14,85 : 409.61"
"14,86 : 632.11"
"14,87 : 526.98"
"14,88 : 695.43"
"14,89 : 154.26"
"14,90 : 673.29"
"14,91 : 396.69"
"14,92 : 715.56"
"14,93 : 305.98"
"14,94 : 618.05"
"14,95 : 255.77"
"14,96 : 340.26"
"14,97 : 589.73"
"14,98 : 40.16"
"14,99 : 560.5"
"15,0 : 720.38"
"15,1 : 593.63"
"15,2 : 805.01"
"15,3 : 457.48"
"15,4 : 681.91"
"15,5 : 848.28"
"15,6 : 322.9"
"15,7 : 466.51"
"15,8 : 224.2"
"15,9 : 360.01"
"15,10 : 930.17"
"15,11 : 809.06"
"15,12 : 253.69"
"15,13 : 595.72"
"15,14 : 253.67"
"15,15 : 0.0"
"15,16 : 460.59"
"15,17 : 229.56"
"15,18 : 637.94"
"15,19 : 743.13"
"15,20 : 298.2"
"15,21 : 492.3"
"15,22 : 882.87"
"15,23 : 624.46"
"15,24 : 562.27"
"15,25 : 303.6"
"15,26 : 873.81"
"15,27 : 135.18"
"15,28 : 121.28"
"15,29 : 674.17"
"15,30 : 458.57"
"15,31 : 844.47"
"15,32 : 241.51"
"15,33 : 759.26"
"15,34 : 511.14"
"15,35 : 163.93"
"15,36 : 300.04"
"15,37 : 297.0"
"15,38 : 682.74"
"15,39 : 323.74"
"15,40 : 823.37"
"15,41 : 216.0"
"15,42 : 511.53"
"15,43 : 703.24"
"15,44 : 685.44"
"15,45 : 209.67"
"15,46 : 781.81"
"15,47 : 143.57"
"15,48 : 921.17"
"15,49 : 501.64"
"15,50 : 862.81"
"15,51 : 710.65"
"15,52 : 722.5"
"15,53 : 212.85"
"15,54 : 178.37"
"15,55 : 918.81"
"15,56 : 587.21"
"15,57 : 692.94"
"15,58 : 253.02"
"15,59 : 115.97"
"15,60 : 586.97"
"15,61 : 534.66"
"15,62 : 458.79"
"15,63 : 592.56"
"15,64 : 475.2"
"15,65 : 515.55"
"15,66 : 571.66"
"15,67 : 334.59"
"15,68 : 441.32"
"15,69 : 435.56"
"15,70 : 729.49"
"15,71 : 920.48"
"15,72 : 337.23"
"15,73 : 129.81"
"15,74 : 68.6"
"15,75 : 771.06"
"15,76 : 505.76"
"15,77 : 952.11"
"15,78 : 799.32"
"15,79 : 854.34"
"15,80 : 797.9"
"15,81 : 811.63"
"15,82 : 669.87"
"15,83 : 543.99"
"15,84 : 560.3"
"15,85 : 514.71"
"15,86 : 885.7"
"15,87 : 755.99"
"15,88 : 908.6"
"15,89 : 198.71"
"15,90 : 850.34"
"15,91 : 466.26"
"15,92 : 968.65"
"15,93 : 80.78"
"15,94 : 660.75"
"15,95 : 40.31"
"15,96 : 248.57"
"15,97 : 771.65"
"15,98 : 213.78"
"15,99 : 810.95"
"16,0 : 622.69"
"16,1 : 683.83"
"16,2 : 378.65"
"16,3 : 116.47"
"16,4 : 468.06"
"16,5 : 775.66"
"16,6 : 158.32"
"16,7 : 645.76"
"16,8 : 504.83"
"16,9 : 166.53"
"16,10 : 751.9"
"16,11 : 868.23"
"16,12 : 206.9"
"16,13 : 149.93"
"16,14 : 357.97"
"16,15 : 460.59"
"16,16 : 0.0"
"16,17 : 238.52"
"16,18 : 218.89"
"16,19 : 778.45"
"16,20 : 164.35"
"16,21 : 208.49"
"16,22 : 465.32"
"16,23 : 661.18"
"16,24 : 493.54"
"16,25 : 640.91"
"16,26 : 809.31"
"16,27 : 590.95"
"16,28 : 528.17"
"16,29 : 681.11"
"16,30 : 626.69"
"16,31 : 804.16"
"16,32 : 224.01"
"16,33 : 772.15"
"16,34 : 335.86"
"16,35 : 539.37"
"16,36 : 544.57"
"16,37 : 187.61"
"16,38 : 222.17"
"16,39 : 269.98"
"16,40 : 604.53"
"16,41 : 248.94"
"16,42 : 223.14"
"16,43 : 324.41"
"16,44 : 234.39"
"16,45 : 498.2"
"16,46 : 743.81"
"16,47 : 586.08"
"16,48 : 691.0"
"16,49 : 67.07"
"16,50 : 818.71"
"16,51 : 684.63"
"16,52 : 873.74"
"16,53 : 673.23"
"16,54 : 395.84"
"16,55 : 619.92"
"16,56 : 800.51"
"16,57 : 331.89"
"16,58 : 326.38"
"16,59 : 365.49"
"16,60 : 689.19"
"16,61 : 374.82"
"16,62 : 697.23"
"16,63 : 794.35"
"16,64 : 694.02"
"16,65 : 628.81"
"16,66 : 733.0"
"16,67 : 155.5"
"16,68 : 61.52"
"16,69 : 662.32"
"16,70 : 327.23"
"16,71 : 624.86"
"16,72 : 123.56"
"16,73 : 576.58"
"16,74 : 446.31"
"16,75 : 679.09"
"16,76 : 143.42"
"16,77 : 640.78"
"16,78 : 935.6"
"16,79 : 603.24"
"16,80 : 676.19"
"16,81 : 766.12"
"16,82 : 231.32"
"16,83 : 87.37"
"16,84 : 370.2"
"16,85 : 55.08"
"16,86 : 701.79"
"16,87 : 422.29"
"16,88 : 513.67"
"16,89 : 495.34"
"16,90 : 965.93"
"16,91 : 62.36"
"16,92 : 738.11"
"16,93 : 443.93"
"16,94 : 268.21"
"16,95 : 429.47"
"16,96 : 662.05"
"16,97 : 340.9"
"16,98 : 360.32"
"16,99 : 689.85"
"17,0 : 674.36"
"17,1 : 637.42"
"17,2 : 605.49"
"17,3 : 267.73"
"17,4 : 576.28"
"17,5 : 821.34"
"17,6 : 139.99"
"17,7 : 550.4"
"17,8 : 343.42"
"17,9 : 136.93"
"17,10 : 853.91"
"17,11 : 847.72"
"17,12 : 49.04"
"17,13 : 383.19"
"17,14 : 246.33"
"17,15 : 229.56"
"17,16 : 238.52"
"17,17 : 0.0"
"17,18 : 438.42"
"17,19 : 766.54"
"17,20 : 94.87"
"17,21 : 276.15"
"17,22 : 688.89"
"17,23 : 641.63"
"17,24 : 518.14"
"17,25 : 469.52"
"17,26 : 851.98"
"17,27 : 364.11"
"17,28 : 289.84"
"17,29 : 678.94"
"17,30 : 535.32"
"17,31 : 833.68"
"17,32 : 15.56"
"17,33 : 771.84"
"17,34 : 405.74"
"17,35 : 343.29"
"17,36 : 406.18"
"17,37 : 69.63"
"17,38 : 458.57"
"17,39 : 149.59"
"17,40 : 723.24"
"17,41 : 74.32"
"17,42 : 353.76"
"17,43 : 523.68"
"17,44 : 471.09"
"17,45 : 332.04"
"17,46 : 769.39"
"17,47 : 366.23"
"17,48 : 819.26"
"17,49 : 289.56"
"17,50 : 850.84"
"17,51 : 700.55"
"17,52 : 805.74"
"17,53 : 439.34"
"17,54 : 233.11"
"17,55 : 783.64"
"17,56 : 697.83"
"17,57 : 520.8"
"17,58 : 219.18"
"17,59 : 161.14"
"17,60 : 636.84"
"17,61 : 440.45"
"17,62 : 576.3"
"17,63 : 697.16"
"17,64 : 582.54"
"17,65 : 566.01"
"17,66 : 652.95"
"17,67 : 155.21"
"17,68 : 212.43"
"17,69 : 544.62"
"17,70 : 540.23"
"17,71 : 786.93"
"17,72 : 121.21"
"17,73 : 354.51"
"17,74 : 207.99"
"17,75 : 730.79"
"17,76 : 317.8"
"17,77 : 811.8"
"17,78 : 877.56"
"17,79 : 739.97"
"17,80 : 744.13"
"17,81 : 796.79"
"17,82 : 440.31"
"17,83 : 325.13"
"17,84 : 454.6"
"17,85 : 290.5"
"17,86 : 805.08"
"17,87 : 598.91"
"17,88 : 726.53"
"17,89 : 325.07"
"17,90 : 919.56"
"17,91 : 237.23"
"17,92 : 868.03"
"17,93 : 205.41"
"17,94 : 434.74"
"17,95 : 194.65"
"17,96 : 457.68"
"17,97 : 569.42"
"17,98 : 221.81"
"17,99 : 758.11"
"18,0 : 528.05"
"18,1 : 673.58"
"18,2 : 167.8"
"18,3 : 180.7"
"18,4 : 339.68"
"18,5 : 672.03"
"18,6 : 315.43"
"18,7 : 683.8"
"18,8 : 616.35"
"18,9 : 385.42"
"18,10 : 599.37"
"18,11 : 818.39"
"18,12 : 396.4"
"18,13 : 81.5"
"18,14 : 461.34"
"18,15 : 637.94"
"18,16 : 218.89"
"18,17 : 438.42"
"18,18 : 0.0"
"18,19 : 727.45"
"18,20 : 347.61"
"18,21 : 397.92"
"18,22 : 250.57"
"18,23 : 628.89"
"18,24 : 446.08"
"18,25 : 747.18"
"18,26 : 706.01"
"18,27 : 757.0"
"18,28 : 723.88"
"18,29 : 630.45"
"18,30 : 663.41"
"18,31 : 713.17"
"18,32 : 422.92"
"18,33 : 711.01"
"18,34 : 290.19"
"18,35 : 676.43"
"18,36 : 632.05"
"18,37 : 400.2"
"18,38 : 165.8"
"18,39 : 488.87"
"18,40 : 447.58"
"18,41 : 423.26"
"18,42 : 175.76"
"18,43 : 116.07"
"18,44 : 92.09"
"18,45 : 614.39"
"18,46 : 661.23"
"18,47 : 743.72"
"18,48 : 519.35"
"18,49 : 154.01"
"18,50 : 724.31"
"18,51 : 616.74"
"18,52 : 867.15"
"18,53 : 848.09"
"18,54 : 525.34"
"18,55 : 423.02"
"18,56 : 831.11"
"18,57 : 134.81"
"18,58 : 436.55"
"18,59 : 528.1"
"18,60 : 683.77"
"18,61 : 318.2"
"18,62 : 752.95"
"18,63 : 820.34"
"18,64 : 741.52"
"18,65 : 639.85"
"18,66 : 748.42"
"18,67 : 303.36"
"18,68 : 275.94"
"18,69 : 718.47"
"18,70 : 108.67"
"18,71 : 429.0"
"18,72 : 317.4"
"18,73 : 737.27"
"18,74 : 638.49"
"18,75 : 578.22"
"18,76 : 134.71"
"18,77 : 437.92"
"18,78 : 915.99"
"18,79 : 429.8"
"18,80 : 560.36"
"18,81 : 676.99"
"18,82 : 271.15"
"18,83 : 143.89"
"18,84 : 294.55"
"18,85 : 192.27"
"18,86 : 551.33"
"18,87 : 226.88"
"18,88 : 294.82"
"18,89 : 615.2"
"18,90 : 933.87"
"18,91 : 264.62"
"18,92 : 562.69"
"18,93 : 638.44"
"18,94 : 361.0"
"18,95 : 613.62"
"18,96 : 798.86"
"18,97 : 133.72"
"18,98 : 481.27"
"18,99 : 572.47"
"19,0 : 227.27"
"19,1 : 153.95"
"19,2 : 796.53"
"19,3 : 665.46"
"19,4 : 414.16"
"19,5 : 191.94"
"19,6 : 673.51"
"19,7 : 301.44"
"19,8 : 525.1"
"19,9 : 855.59"
"19,10 : 384.55"
"19,11 : 91.29"
"19,12 : 728.95"
"19,13 : 772.79"
"19,14 : 527.08"
"19,15 : 743.13"
"19,16 : 778.45"
"19,17 : 766.54"
"19,18 : 727.45"
"19,19 : 0.0"
"19,20 : 713.73"
"19,21 : 970.51"
"19,22 : 809.77"
"19,23 : 124.92"
"19,24 : 287.99"
"19,25 : 527.47"
"19,26 : 192.88"
"19,27 : 745.88"
"19,28 : 861.11"
"19,29 : 98.31"
"19,30 : 300.04"
"19,31 : 146.0"
"19,32 : 759.72"
"19,33 : 37.58"
"19,34 : 451.28"
"19,35 : 613.11"
"19,36 : 454.34"
"19,37 : 804.54"
"19,38 : 888.12"
"19,39 : 913.75"
"19,40 : 417.75"
"19,41 : 692.57"
"19,42 : 577.03"
"19,43 : 666.7"
"19,44 : 819.41"
"19,45 : 538.84"
"19,46 : 121.3"
"19,47 : 707.6"
"19,48 : 464.29"
"19,49 : 743.31"
"19,50 : 161.22"
"19,51 : 117.65"
"19,52 : 203.75"
"19,53 : 828.84"
"19,54 : 577.02"
"19,55 : 581.34"
"19,56 : 299.29"
"19,57 : 635.71"
"19,58 : 549.58"
"19,59 : 667.93"
"19,60 : 165.25"
"19,61 : 415.82"
"19,62 : 361.38"
"19,63 : 280.14"
"19,64 : 332.73"
"19,65 : 230.47"
"19,66 : 227.71"
"19,67 : 663.83"
"19,68 : 824.03"
"19,69 : 358.58"
"19,70 : 715.26"
"19,71 : 576.17"
"19,72 : 735.75"
"19,73 : 716.65"
"19,74 : 803.5"
"19,75 : 209.02"
"19,76 : 660.93"
"19,77 : 618.04"
"19,78 : 212.36"
"19,79 : 477.65"
"19,80 : 257.56"
"19,81 : 139.09"
"19,82 : 972.3"
"19,83 : 787.71"
"19,84 : 434.19"
"19,85 : 809.85"
"19,86 : 376.2"
"19,87 : 597.78"
"19,88 : 767.0"
"19,89 : 549.77"
"19,90 : 212.08"
"19,91 : 837.18"
"19,92 : 485.62"
"19,93 : 813.93"
"19,94 : 1038.56"
"19,95 : 760.71"
"19,96 : 652.08"
"19,97 : 793.94"
"19,98 : 561.48"
"19,99 : 257.87"
"20,0 : 600.83"
"20,1 : 595.76"
"20,2 : 515.33"
"20,3 : 173.42"
"20,4 : 488.93"
"20,5 : 750.99"
"20,6 : 48.51"
"20,7 : 528.5"
"20,8 : 353.82"
"20,9 : 142.89"
"20,10 : 770.1"
"20,11 : 798.76"
"20,12 : 48.92"
"20,13 : 298.44"
"20,14 : 222.42"
"20,15 : 298.2"
"20,16 : 164.35"
"20,17 : 94.87"
"20,18 : 347.61"
"20,19 : 713.73"
"20,20 : 0.0"
"20,21 : 272.5"
"20,22 : 597.37"
"20,23 : 589.9"
"20,24 : 449.49"
"20,25 : 488.29"
"20,26 : 782.74"
"20,27 : 426.96"
"20,28 : 376.38"
"20,29 : 621.71"
"20,30 : 511.28"
"20,31 : 768.11"
"20,32 : 79.61"
"20,33 : 715.12"
"20,34 : 322.3"
"20,35 : 378.23"
"20,36 : 403.87"
"20,37 : 94.05"
"20,38 : 385.97"
"20,39 : 208.96"
"20,40 : 635.43"
"20,41 : 84.59"
"20,42 : 260.03"
"20,43 : 429.35"
"20,44 : 387.88"
"20,45 : 345.33"
"20,46 : 704.39"
"20,47 : 421.74"
"20,48 : 730.42"
"20,49 : 204.09"
"20,50 : 784.64"
"20,51 : 637.73"
"20,52 : 774.88"
"20,53 : 511.04"
"20,54 : 241.28"
"20,55 : 690.14"
"20,56 : 681.38"
"20,57 : 426.01"
"20,58 : 190.54"
"20,59 : 201.36"
"20,60 : 597.55"
"20,61 : 359.0"
"20,62 : 567.41"
"20,63 : 678.12"
"20,64 : 568.96"
"20,65 : 529.84"
"20,66 : 625.6"
"20,67 : 63.35"
"20,68 : 160.08"
"20,69 : 533.63"
"20,70 : 447.27"
"20,71 : 693.59"
"20,72 : 42.19"
"20,73 : 412.24"
"20,74 : 291.4"
"20,75 : 657.91"
"20,76 : 223.61"
"20,77 : 717.78"
"20,78 : 843.2"
"20,79 : 649.44"
"20,80 : 667.2"
"20,81 : 730.54"
"20,82 : 387.51"
"20,83 : 245.88"
"20,84 : 369.57"
"20,85 : 219.32"
"20,86 : 720.71"
"20,87 : 504.21"
"20,88 : 632.88"
"20,89 : 340.99"
"20,90 : 880.88"
"20,91 : 184.18"
"20,92 : 779.14"
"20,93 : 290.95"
"20,94 : 401.92"
"20,95 : 269.47"
"20,96 : 499.84"
"20,97 : 480.09"
"20,98 : 212.9"
"20,99 : 681.23"
"21,0 : 827.73"
"21,1 : 862.5"
"21,2 : 530.83"
"21,3 : 323.11"
"21,4 : 676.55"
"21,5 : 980.82"
"21,6 : 302.42"
"21,7 : 801.0"
"21,8 : 615.23"
"21,9 : 139.98"
"21,10 : 960.12"
"21,11 : 1058.42"
"21,12 : 282.4"
"21,13 : 316.83"
"21,14 : 494.5"
"21,15 : 492.3"
"21,16 : 208.49"
"21,17 : 276.15"
"21,18 : 397.92"
"21,19 : 970.51"
"21,20 : 272.5"
"21,21 : 0.0"
"21,22 : 618.2"
"21,23 : 849.35"
"21,24 : 691.44"
"21,25 : 744.61"
"21,26 : 1014.21"
"21,27 : 626.55"
"21,28 : 512.77"
"21,29 : 874.95"
"21,30 : 783.69"
"21,31 : 1006.77"
"21,32 : 270.6"
"21,33 : 967.52"
"21,34 : 539.45"
"21,35 : 619.32"
"21,36 : 672.11"
"21,37 : 207.97"
"21,38 : 312.62"
"21,39 : 182.58"
"21,40 : 812.05"
"21,41 : 333.92"
"21,42 : 431.37"
"21,43 : 512.76"
"21,44 : 371.85"
"21,45 : 604.82"
"21,46 : 945.19"
"21,47 : 634.74"
"21,48 : 896.81"
"21,49 : 268.42"
"21,50 : 1021.89"
"21,51 : 883.29"
"21,52 : 1045.46"
"21,53 : 687.49"
"21,54 : 502.49"
"21,55 : 817.23"
"21,56 : 953.8"
"21,57 : 526.1"
"21,58 : 462.84"
"21,59 : 437.25"
"21,60 : 865.52"
"21,61 : 578.66"
"21,62 : 838.47"
"21,63 : 950.62"
"21,64 : 840.95"
"21,65 : 799.62"
"21,66 : 897.42"
"21,67 : 309.61"
"21,68 : 151.17"
"21,69 : 805.08"
"21,70 : 503.54"
"21,71 : 822.71"
"21,72 : 240.17"
"21,73 : 621.7"
"21,74 : 450.07"
"21,75 : 884.54"
"21,76 : 351.43"
"21,77 : 834.67"
"21,78 : 1112.26"
"21,79 : 808.27"
"21,80 : 883.5"
"21,81 : 968.69"
"21,82 : 231.21"
"21,83 : 255.41"
"21,84 : 576.71"
"21,85 : 208.69"
"21,86 : 910.05"
"21,87 : 618.82"
"21,88 : 679.91"
"21,89 : 598.65"
"21,90 : 1147.62"
"21,91 : 146.51"
"21,92 : 943.33"
"21,93 : 442.5"
"21,94 : 179.97"
"21,95 : 453.08"
"21,96 : 731.69"
"21,97 : 492.55"
"21,98 : 481.27"
"21,99 : 897.25"
"22,0 : 584.4"
"22,1 : 801.49"
"22,2 : 87.98"
"22,3 : 426.75"
"22,4 : 397.67"
"22,5 : 696.33"
"22,6 : 562.75"
"22,7 : 851.12"
"22,8 : 834.34"
"22,9 : 630.35"
"22,10 : 557.21"
"22,11 : 894.5"
"22,12 : 646.26"
"22,13 : 316.44"
"22,14 : 684.11"
"22,15 : 882.87"
"22,16 : 465.32"
"22,17 : 688.89"
"22,18 : 250.57"
"22,19 : 809.77"
"22,20 : 597.37"
"22,21 : 618.2"
"22,22 : 0.0"
"22,23 : 740.41"
"22,24 : 569.5"
"22,25 : 957.07"
"22,26 : 727.02"
"22,27 : 996.56"
"22,28 : 973.01"
"22,29 : 723.08"
"22,30 : 831.19"
"22,31 : 749.67"
"22,32 : 673.37"
"22,33 : 783.64"
"22,34 : 454.1"
"22,35 : 904.9"
"22,36 : 835.95"
"22,37 : 649.94"
"22,38 : 314.01"
"22,39 : 733.43"
"22,40 : 425.47"
"22,41 : 670.54"
"22,42 : 383.68"
"22,43 : 188.6"
"22,44 : 246.42"
"22,45 : 834.84"
"22,46 : 713.91"
"22,47 : 979.99"
"22,48 : 452.52"
"22,49 : 403.14"
"22,50 : 755.28"
"22,51 : 692.12"
"22,52 : 984.36"
"22,53 : 1090.18"
"22,54 : 755.67"
"22,55 : 311.89"
"22,56 : 983.49"
"22,57 : 210.11"
"22,58 : 663.92"
"22,59 : 770.28"
"22,60 : 815.15"
"22,61 : 464.28"
"22,62 : 929.19"
"22,63 : 969.47"
"22,64 : 912.29"
"22,65 : 789.28"
"22,66 : 893.05"
"22,67 : 549.79"
"22,68 : 518.0"
"22,69 : 896.94"
"22,70 : 153.88"
"22,71 : 319.68"
"22,72 : 567.95"
"22,73 : 974.93"
"22,74 : 887.22"
"22,75 : 618.5"
"22,76 : 377.48"
"22,77 : 303.36"
"22,78 : 1017.61"
"22,79 : 378.45"
"22,80 : 582.84"
"22,81 : 719.72"
"22,82 : 426.57"
"22,83 : 382.2"
"22,84 : 431.06"
"22,85 : 429.2"
"22,86 : 520.22"
"22,87 : 212.78"
"22,88 : 78.85"
"22,89 : 837.44"
"22,90 : 1021.66"
"22,91 : 502.61"
"22,92 : 480.6"
"22,93 : 887.63"
"22,94 : 524.6"
"22,95 : 860.67"
"22,96 : 1024.21"
"22,97 : 126.57"
"22,98 : 710.24"
"22,99 : 590.81"
"23,0 : 194.54"
"23,1 : 75.15"
"23,2 : 715.95"
"23,3 : 550.44"
"23,4 : 344.36"
"23,5 : 247.51"
"23,6 : 550.53"
"23,7 : 211.4"
"23,8 : 411.35"
"23,9 : 732.14"
"23,10 : 404.66"
"23,11 : 209.25"
"23,12 : 604.26"
"23,13 : 667.03"
"23,14 : 402.65"
"23,15 : 624.46"
"23,16 : 661.18"
"23,17 : 641.63"
"23,18 : 628.89"
"23,19 : 124.92"
"23,20 : 589.9"
"23,21 : 849.35"
"23,22 : 740.41"
"23,23 : 0.0"
"23,24 : 182.83"
"23,25 : 433.12"
"23,26 : 264.37"
"23,27 : 637.16"
"23,28 : 743.82"
"23,29 : 56.6"
"23,30 : 203.42"
"23,31 : 226.74"
"23,32 : 634.87"
"23,33 : 135.06"
"23,34 : 343.21"
"23,35 : 502.8"
"23,36 : 344.78"
"23,37 : 680.19"
"23,38 : 784.79"
"23,39 : 788.98"
"23,40 : 390.48"
"23,41 : 567.65"
"23,42 : 468.83"
"23,43 : 581.47"
"23,44 : 720.83"
"23,45 : 424.48"
"23,46 : 170.42"
"23,47 : 599.74"
"23,48 : 459.57"
"23,49 : 630.03"
"23,50 : 245.08"
"23,51 : 108.3"
"23,52 : 244.36"
"23,53 : 724.48"
"23,54 : 454.99"
"23,55 : 551.95"
"23,56 : 270.69"
"23,57 : 551.15"
"23,58 : 424.76"
"23,59 : 545.09"
"23,60 : 92.14"
"23,61 : 311.19"
"23,62 : 287.09"
"23,63 : 252.77"
"23,64 : 258.9"
"23,65 : 127.26"
"23,66 : 179.23"
"23,67 : 541.3"
"23,68 : 704.48"
"23,69 : 273.93"
"23,70 : 630.3"
"23,71 : 548.15"
"23,72 : 612.99"
"23,73 : 607.55"
"23,74 : 683.09"
"23,75 : 210.06"
"23,76 : 550.34"
"23,77 : 590.71"
"23,78 : 287.14"
"23,79 : 448.95"
"23,80 : 257.79"
"23,81 : 199.92"
"23,82 : 862.68"
"23,83 : 676.42"
"23,84 : 334.8"
"23,85 : 695.39"
"23,86 : 381.04"
"23,87 : 528.17"
"23,88 : 707.42"
"23,89 : 435.19"
"23,90 : 307.82"
"23,91 : 718.67"
"23,92 : 491.6"
"23,93 : 693.23"
"23,94 : 924.56"
"23,95 : 640.13"
"23,96 : 555.52"
"23,97 : 708.61"
"23,98 : 437.63"
"23,99 : 264.62"
"24,0 : 159.97"
"24,1 : 233.83"
"24,2 : 538.0"
