x,y
219,219
791,888
712,870
158,367
79,47
792,925
477,967
90,643
583,701
670,953
464,660
621,712
134,193
117,982
838,415
307,427
990,87
203,668
128,622
756,982
461,115
448,749
819,836
934,887
546,179
552,832
531,874
873,5
727,489
296,525
789,348
490,419
78,35
686,670
183,522
967,794
63,556
601,905
268,816
830,91
503,446
941,909
564,165
32,963
615,226
692,983
451,975
699,249
72,145
552,285
145,830
510,792
531,841
999,95
219,654
850,44
538,558
983,442
170,672
575,239
195,991
457,15
818,234
973,808
304,730
263,489
796,249
597,143
236,6
86,444
541,989
629,952
929,715
146,788
193,759
666,191
288,588
395,95
984,222
675,630
660,263
430,347
572,602
569,475
850,809
340,726
691,643
346,633
382,944
961,171
710,334
760,737
732,906
959,703
327,646
632,959
249,313
815,170
201,822
643,691

Distanze
"0,0 : 0.0"
"0,1 : 880.2"
"0,2 : 816.61"
"0,3 : 160.08"
"0,4 : 221.77"
"0,5 : 909.27"
"0,6 : 791.24"
"0,7 : 443.19"
"0,8 : 604.0"
"0,9 : 861.49"
"0,10 : 504.49"
"0,11 : 636.12"
"0,12 : 88.89"
"0,13 : 769.79"
"0,14 : 649.29"
"0,15 : 225.85"
"0,16 : 782.22"
"0,17 : 449.28"
"0,18 : 413.15"
"0,19 : 933.03"
"0,20 : 263.4"
"0,21 : 577.36"
"0,22 : 860.63"
"0,23 : 978.49"
"0,24 : 329.44"
"0,25 : 697.61"
"0,26 : 725.51"
"0,27 : 688.12"
"0,28 : 575.29"
"0,29 : 315.54"
"0,30 : 584.42"
"0,31 : 336.81"
"0,32 : 231.81"
"0,33 : 649.22"
"0,34 : 305.13"
"0,35 : 943.47"
"0,36 : 371.36"
"0,37 : 785.19"
"0,38 : 599.01"
"0,39 : 624.26"
"0,40 : 363.57"
"0,41 : 998.69"
"0,42 : 349.2"
"0,43 : 767.14"
"0,44 : 396.06"
"0,45 : 898.57"
"0,46 : 790.8"
"0,47 : 480.94"
"0,48 : 164.58"
"0,49 : 339.48"
"0,50 : 615.46"
"0,51 : 642.66"
"0,52 : 695.86"
"0,53 : 789.79"
"0,54 : 435.0"
"0,55 : 654.82"
"0,56 : 465.49"
"0,57 : 795.88"
"0,58 : 455.64"
"0,59 : 356.56"
"0,60 : 772.37"
"0,61 : 313.46"
"0,62 : 599.19"
"0,63 : 956.78"
"0,64 : 518.02"
"0,65 : 273.56"
"0,66 : 577.78"
"0,67 : 385.56"
"0,68 : 213.68"
"0,69 : 261.37"
"0,70 : 834.62"
"0,71 : 839.87"
"0,72 : 866.09"
"0,73 : 573.66"
"0,74 : 540.63"
"0,75 : 447.88"
"0,76 : 375.4"
"0,77 : 215.3"
"0,78 : 765.01"
"0,79 : 613.89"
"0,80 : 443.19"
"0,81 : 246.79"
"0,82 : 520.86"
"0,83 : 433.63"
"0,84 : 863.86"
"0,85 : 521.24"
"0,86 : 634.48"
"0,87 : 433.04"
"0,88 : 743.1"
"0,89 : 743.55"
"0,90 : 504.29"
"0,91 : 749.0"
"0,92 : 857.4"
"0,93 : 884.23"
"0,94 : 440.45"
"0,95 : 847.45"
"0,96 : 98.67"
"0,97 : 598.01"
"0,98 : 603.27"
"0,99 : 634.48"
"1,0 : 880.2"
"1,1 : 0.0"
"1,2 : 81.02"
"1,3 : 819.84"
"1,4 : 1101.92"
"1,5 : 37.01"
"1,6 : 323.79"
"1,7 : 742.58"
"1,8 : 279.7"
"1,9 : 137.35"
"1,10 : 398.64"
"1,11 : 244.7"
"1,12 : 956.39"
"1,13 : 680.52"
"1,14 : 475.33"
"1,15 : 668.41"
"1,16 : 825.35"
"1,17 : 627.81"
"1,18 : 714.37"
"1,19 : 100.3"
"1,20 : 840.49"
"1,21 : 370.09"
"1,22 : 59.06"
"1,23 : 143.0"
"1,24 : 750.14"
"1,25 : 245.47"
"1,26 : 260.38"
"1,27 : 886.8"
"1,28 : 404.1"
"1,29 : 613.84"
"1,30 : 540.0"
"1,31 : 557.28"
"1,32 : 1111.75"
"1,33 : 241.97"
"1,34 : 709.66"
"1,35 : 199.53"
"1,36 : 800.13"
"1,37 : 190.76"
"1,38 : 527.93"
"1,39 : 797.95"
"1,40 : 527.55"
"1,41 : 151.46"
"1,42 : 757.8"
"1,43 : 762.7"
"1,44 : 685.0"
"1,45 : 137.21"
"1,46 : 350.95"
"1,47 : 645.59"
"1,48 : 1033.93"
"1,49 : 648.64"
"1,50 : 648.6"
"1,51 : 296.95"
"1,52 : 264.21"
"1,53 : 819.82"
"1,54 : 618.01"
"1,55 : 846.06"
"1,56 : 415.82"
"1,57 : 485.57"
"1,58 : 657.49"
"1,59 : 684.0"
"1,60 : 604.83"
"1,61 : 934.71"
"1,62 : 654.56"
"1,63 : 198.81"
"1,64 : 511.99"
"1,65 : 661.8"
"1,66 : 639.02"
"1,67 : 769.84"
"1,68 : 1042.09"
"1,69 : 833.16"
"1,70 : 269.63"
"1,71 : 174.18"
"1,72 : 221.3"
"1,73 : 652.71"
"1,74 : 611.76"
"1,75 : 708.12"
"1,76 : 585.67"
"1,77 : 886.38"
"1,78 : 693.4"
"1,79 : 282.88"
"1,80 : 638.58"
"1,81 : 650.39"
"1,82 : 360.22"
"1,83 : 468.88"
"1,84 : 98.6"
"1,85 : 479.21"
"1,86 : 264.62"
"1,87 : 512.88"
"1,88 : 412.82"
"1,89 : 736.88"
"1,90 : 559.89"
"1,91 : 154.15"
"1,92 : 61.68"
"1,93 : 249.9"
"1,94 : 523.32"
"1,95 : 174.13"
"1,96 : 790.18"
"1,97 : 718.4"
"1,98 : 593.68"
"1,99 : 246.4"
"2,0 : 816.61"
"2,1 : 81.02"
"2,2 : 0.0"
"2,3 : 748.28"
"2,4 : 1038.28"
"2,5 : 97.08"
"2,6 : 254.23"
"2,7 : 662.13"
"2,8 : 212.61"
"2,9 : 93.02"
"2,10 : 324.97"
"2,11 : 182.33"
"2,12 : 890.18"
"2,13 : 605.45"
"2,14 : 472.12"
"2,15 : 600.23"
"2,16 : 830.89"
"2,17 : 547.62"
"2,18 : 634.48"
"2,19 : 120.33"
"2,20 : 795.63"
"2,21 : 290.41"
"2,22 : 112.27"
"2,23 : 222.65"
"2,24 : 710.66"
"2,25 : 164.45"
"2,26 : 181.04"
"2,27 : 879.86"
"2,28 : 381.3"
"2,29 : 540.45"
"2,30 : 527.65"
"2,31 : 502.68"
"2,32 : 1048.42"
"2,33 : 201.68"
"2,34 : 633.2"
"2,35 : 266.08"
"2,36 : 720.97"
"2,37 : 116.39"
"2,38 : 447.27"
"2,39 : 787.89"
"2,40 : 472.71"
"2,41 : 232.3"
"2,42 : 720.37"
"2,43 : 686.33"
"2,44 : 651.26"
"2,45 : 114.76"
"2,46 : 281.33"
"2,47 : 621.14"
"2,48 : 967.07"
"2,49 : 606.49"
"2,50 : 568.41"
"2,51 : 216.54"
"2,52 : 183.31"
"2,53 : 826.43"
"2,54 : 538.24"
"2,55 : 837.45"
"2,56 : 357.24"
"2,57 : 506.58"
"2,58 : 577.03"
"2,59 : 645.7"
"2,60 : 530.97"
"2,61 : 892.22"
"2,62 : 644.77"
"2,63 : 268.26"
"2,64 : 431.35"
"2,65 : 588.87"
"2,66 : 626.66"
"2,67 : 736.04"
"2,68 : 986.44"
"2,69 : 757.2"
"2,70 : 208.33"
"2,71 : 116.67"
"2,72 : 266.67"
"2,73 : 571.91"
"2,74 : 530.74"
"2,75 : 680.56"
"2,76 : 509.22"
"2,77 : 837.33"
"2,78 : 702.77"
"2,79 : 242.84"
"2,80 : 609.22"
"2,81 : 594.18"
"2,82 : 302.36"
"2,83 : 420.09"
"2,84 : 150.88"
"2,85 : 398.9"
"2,86 : 227.97"
"2,87 : 436.03"
"2,88 : 338.2"
"2,89 : 742.03"
"2,90 : 536.0"
"2,91 : 141.4"
"2,92 : 41.18"
"2,93 : 298.16"
"2,94 : 445.42"
"2,95 : 119.67"
"2,96 : 724.31"
"2,97 : 707.54"
"2,98 : 513.25"
"2,99 : 191.84"
"3,0 : 160.08"
"3,1 : 819.84"
"3,2 : 748.28"
"3,3 : 0.0"
"3,4 : 329.61"
"3,5 : 844.58"
"3,6 : 679.53"
"3,7 : 284.25"
"3,8 : 540.54"
"3,9 : 778.16"
"3,10 : 423.66"
"3,11 : 577.4"
"3,12 : 175.65"
"3,13 : 616.37"
"3,14 : 681.69"
"3,15 : 160.63"
"3,16 : 877.85"
"3,17 : 304.35"
"3,18 : 256.76"
"3,19 : 857.8"
"3,20 : 394.1"
"3,21 : 479.61"
"3,22 : 810.48"
"3,23 : 934.12"
"3,24 : 431.15"
"3,25 : 609.48"
"3,26 : 629.43"
"3,27 : 801.42"
"3,28 : 581.93"
"3,29 : 209.78"
"3,30 : 631.29"
"3,31 : 336.05"
"3,32 : 341.5"
"3,33 : 608.76"
"3,34 : 157.0"
"3,35 : 914.77"
"3,36 : 211.53"
"3,37 : 696.92"
"3,38 : 462.28"
"3,39 : 726.47"
"3,40 : 353.93"
"3,41 : 952.29"
"3,42 : 453.48"
"3,43 : 609.17"
"3,44 : 478.26"
"3,45 : 815.24"
"3,46 : 674.92"
"3,47 : 553.72"
"3,48 : 238.08"
"3,49 : 402.44"
"3,50 : 463.18"
"3,51 : 551.84"
"3,52 : 603.16"
"3,53 : 883.89"
"3,54 : 293.41"
"3,55 : 763.67"
"3,56 : 425.3"
"3,57 : 828.4"
"3,58 : 305.24"
"3,59 : 436.2"
"3,60 : 625.1"
"3,61 : 461.85"
"3,62 : 673.27"
"3,63 : 926.66"
"3,64 : 391.26"
"3,65 : 160.96"
"3,66 : 648.82"
"3,67 : 492.85"
"3,68 : 369.33"
"3,69 : 105.42"
"3,70 : 730.46"
"3,71 : 751.04"
"3,72 : 845.9"
"3,73 : 421.17"
"3,74 : 393.56"
"3,75 : 537.62"
"3,76 : 256.4"
"3,77 : 360.77"
"3,78 : 838.63"
"3,79 : 580.05"
"3,80 : 512.66"
"3,81 : 272.73"
"3,82 : 476.05"
"3,83 : 424.95"
"3,84 : 821.11"
"3,85 : 402.5"
"3,86 : 600.22"
"3,87 : 325.73"
"3,88 : 618.95"
"3,89 : 826.57"
"3,90 : 552.99"
"3,91 : 706.61"
"3,92 : 787.4"
"3,93 : 868.62"
"3,94 : 326.19"
"3,95 : 758.38"
"3,96 : 105.82"
"3,97 : 685.9"
"3,98 : 457.03"
"3,99 : 583.27"
"4,0 : 221.77"
"4,1 : 1101.92"
"4,2 : 1038.28"
"4,3 : 329.61"
"4,4 : 0.0"
"4,5 : 1131.04"
"4,6 : 1002.4"
"4,7 : 596.1"
"4,8 : 825.67"
"4,9 : 1081.72"
"4,10 : 723.87"
"4,11 : 857.9"
"4,12 : 156.02"
"4,13 : 935.77"
"4,14 : 843.51"
"4,15 : 443.15"
"4,16 : 911.88"
"4,17 : 633.26"
"4,18 : 577.08"
"4,19 : 1154.36"
"4,20 : 388.01"
"4,21 : 793.07"
"4,22 : 1081.72"
"4,23 : 1198.59"
"4,24 : 485.3"
"4,25 : 916.49"
"4,26 : 942.46"
"4,27 : 795.11"
"4,28 : 784.39"
"4,29 : 524.95"
"4,30 : 771.17"
"4,31 : 554.35"
"4,32 : 12.04"
"4,33 : 869.81"
"4,34 : 486.25"
"4,35 : 1160.41"
"4,36 : 509.25"
"4,37 : 1004.31"
"4,38 : 791.89"
"4,39 : 752.29"
"4,40 : 582.22"
"4,41 : 1219.05"
"4,42 : 499.15"
"4,43 : 917.2"
"4,44 : 565.1"
"4,45 : 1118.87"
"4,46 : 999.78"
"4,47 : 652.08"
"4,48 : 98.25"
"4,49 : 529.5"
"4,50 : 785.78"
"4,51 : 860.69"
"4,52 : 913.64"
"4,53 : 921.25"
"4,54 : 622.94"
"4,55 : 771.01"
"4,56 : 686.88"
"4,57 : 986.53"
"4,58 : 631.59"
"4,59 : 531.86"
"4,60 : 951.1"
"4,61 : 379.35"
"4,62 : 762.29"
"4,63 : 1174.03"
"4,64 : 719.11"
"4,65 : 478.77"
"4,66 : 744.91"
"4,67 : 526.82"
"4,68 : 162.27"
"4,69 : 397.06"
"4,70 : 1049.19"
"4,71 : 1059.02"
"4,72 : 1081.08"
"4,73 : 744.02"
"4,74 : 721.07"
"4,75 : 604.4"
"4,76 : 579.97"
"4,77 : 319.62"
"4,78 : 921.76"
"4,79 : 833.73"
"4,80 : 619.85"
"4,81 : 461.74"
"4,82 : 742.34"
"4,83 : 650.6"
"4,84 : 1084.01"
"4,85 : 727.44"
"4,86 : 854.26"
"4,87 : 643.96"
"4,88 : 946.79"
"4,89 : 890.67"
"4,90 : 693.2"
"4,91 : 969.46"
"4,92 : 1079.02"
"4,93 : 1097.6"
"4,94 : 648.31"
"4,95 : 1066.56"
"4,96 : 315.68"
"4,97 : 746.21"
"4,98 : 784.54"
"4,99 : 856.06"
"5,0 : 909.27"
"5,1 : 37.01"
"5,2 : 97.08"
"5,3 : 844.58"
"5,4 : 1131.04"
"5,5 : 0.0"
"5,6 : 317.79"
"5,7 : 756.52"
"5,8 : 306.36"
"5,9 : 125.17"
"5,10 : 421.67"
"5,11 : 273.15"
"5,12 : 984.27"
"5,13 : 677.4"
"5,14 : 512.07"
"5,15 : 695.15"
"5,16 : 861.07"
"5,17 : 642.63"
"5,18 : 729.87"
"5,19 : 67.42"
"5,20 : 875.02"
"5,21 : 386.41"
"5,22 : 93.01"
"5,23 : 147.0"
"5,24 : 785.51"
"5,25 : 257.39"
"5,26 : 265.94"
"5,27 : 923.56"
"5,28 : 440.82"
"5,29 : 637.19"
"5,30 : 577.01"
"5,31 : 589.27"
"5,32 : 1141.01"
"5,33 : 276.15"
"5,34 : 730.27"
"5,35 : 218.6"
"5,36 : 817.07"
"5,37 : 192.04"
"5,38 : 535.22"
"5,39 : 834.87"
"5,40 : 559.43"
"5,41 : 149.86"
"5,42 : 793.46"
"5,43 : 760.95"
"5,44 : 721.06"
"5,45 : 115.6"
"5,46 : 344.65"
"5,47 : 682.37"
"5,48 : 1061.51"
"5,49 : 683.52"
"5,50 : 653.94"
"5,51 : 311.79"
"5,52 : 274.18"
"5,53 : 855.42"
"5,54 : 633.85"
"5,55 : 882.91"
"5,56 : 446.32"
"5,57 : 519.39"
"5,58 : 671.49"
"5,59 : 719.5"
"5,60 : 600.64"
"5,61 : 969.7"
"5,62 : 691.49"
"5,63 : 215.52"
"5,64 : 525.52"
"5,65 : 685.52"
"5,66 : 676.01"
"5,67 : 805.95"
"5,68 : 1074.1"
"5,69 : 854.28"
"5,70 : 259.03"
"5,71 : 165.22"
"5,72 : 250.74"
"5,73 : 660.37"
"5,74 : 621.58"
"5,75 : 744.74"
"5,76 : 606.29"
"5,77 : 920.06"
"5,78 : 728.75"
"5,79 : 317.35"
"5,80 : 675.03"
"5,81 : 682.0"
"5,82 : 390.81"
"5,83 : 502.22"
"5,84 : 129.69"
"5,85 : 493.87"
"5,86 : 299.54"
"5,87 : 533.09"
"5,88 : 410.44"
"5,89 : 772.71"
"5,90 : 596.66"
"5,91 : 190.7"
"5,92 : 62.94"
"5,93 : 277.8"
"5,94 : 542.28"
"5,95 : 163.57"
"5,96 : 818.16"
"5,97 : 755.35"
"5,98 : 599.91"
"5,99 : 277.41"
"6,0 : 791.24"
"6,1 : 323.79"
"6,2 : 254.23"
"6,3 : 679.53"
"6,4 : 1002.4"
"6,5 : 317.79"
"6,6 : 0.0"
"6,7 : 504.72"
"6,8 : 286.34"
"6,9 : 193.51"
"6,10 : 307.28"
"6,11 : 292.85"
"6,12 : 846.6"
"6,13 : 360.31"
"6,14 : 659.56"
"6,15 : 566.13"
"6,16 : 1018.61"
"6,17 : 405.56"
"6,18 : 490.74"
"6,19 : 279.4"
"6,20 : 852.15"
"6,21 : 219.92"
"6,22 : 366.23"
"6,23 : 463.95"
"6,24 : 791.02"
"6,25 : 154.43"
"6,26 : 107.54"
"6,27 : 1040.32"
"6,28 : 539.43"
"6,29 : 477.62"
"6,30 : 693.18"
"6,31 : 548.15"
"6,32 : 1013.82"
"6,33 : 363.17"
"6,34 : 533.35"
"6,35 : 519.64"
"6,36 : 583.37"
"6,37 : 138.64"
"6,38 : 257.84"
"6,39 : 944.45"
"6,40 : 521.65"
"6,41 : 467.61"
"6,42 : 806.71"
"6,43 : 445.02"
"6,44 : 753.74"
"6,45 : 215.59"
"6,46 : 27.2"
"6,47 : 751.54"
"6,48 : 916.36"
"6,49 : 686.11"
"6,50 : 359.16"
"6,51 : 178.08"
"6,52 : 137.08"
"6,53 : 1016.3"
"6,54 : 405.63"
"6,55 : 995.52"
"6,56 : 413.52"
"6,57 : 729.15"
"6,58 : 425.76"
"6,59 : 734.57"
"6,60 : 283.02"
"6,61 : 952.21"
"6,62 : 808.44"
"6,63 : 520.86"
"6,64 : 293.42"
"6,65 : 523.72"
"6,66 : 785.67"
"6,67 : 832.69"
"6,68 : 990.76"
"6,69 : 653.0"
"6,70 : 67.68"
"6,71 : 152.74"
"6,72 : 517.5"
"6,73 : 376.3"
"6,74 : 352.02"
"6,75 : 798.68"
"6,76 : 423.51"
"6,77 : 875.85"
"6,78 : 901.15"
"6,79 : 390.86"
"6,80 : 727.4"
"6,81 : 621.78"
"6,82 : 377.16"
"6,83 : 500.53"
"6,84 : 405.08"
"6,85 : 277.22"
"6,86 : 388.29"
"6,87 : 358.77"
"6,88 : 97.74"
"6,89 : 931.6"
"6,90 : 674.52"
"6,91 : 364.68"
"6,92 : 262.19"
"6,93 : 549.56"
"6,94 : 354.32"
"6,95 : 155.21"
"6,96 : 692.6"
"6,97 : 865.71"
"6,98 : 311.77"
"6,99 : 322.07"
"7,0 : 443.19"
"7,1 : 742.58"
"7,2 : 662.13"
"7,3 : 284.25"
"7,4 : 596.1"
"7,5 : 756.52"
"7,6 : 504.72"
"7,7 : 0.0"
"7,8 : 496.4"
"7,9 : 657.65"
"7,10 : 374.39"
"7,11 : 535.46"
"7,12 : 452.15"
"7,13 : 340.07"
"7,14 : 781.98"
"7,15 : 306.18"
"7,16 : 1057.89"
"7,17 : 115.73"
"7,18 : 43.42"
"7,19 : 747.31"
"7,20 : 645.31"
"7,21 : 373.36"
"7,22 : 754.12"
"7,23 : 878.56"
"7,24 : 650.56"
"7,25 : 499.16"
"7,26 : 497.84"
"7,27 : 1010.02"
"7,28 : 655.35"
"7,29 : 237.4"
"7,30 : 758.7"
"7,31 : 458.45"
"7,32 : 608.12"
"7,33 : 596.61"
"7,34 : 152.61"
"7,35 : 889.9"
"7,36 : 91.09"
"7,37 : 574.25"
"7,38 : 248.22"
"7,39 : 923.2"
"7,40 : 457.58"
"7,41 : 891.6"
"7,42 : 673.17"
"7,43 : 325.21"
"7,44 : 670.46"
"7,45 : 691.38"
"7,46 : 490.45"
"7,47 : 725.34"
"7,48 : 498.33"
"7,49 : 584.47"
"7,50 : 194.92"
"7,51 : 445.65"
"7,52 : 483.41"
"7,53 : 1061.41"
"7,54 : 129.47"
"7,55 : 967.68"
"7,56 : 455.99"
"7,57 : 915.34"
"7,58 : 85.09"
"7,59 : 631.22"
"7,60 : 363.5"
"7,61 : 727.37"
"7,62 : 835.02"
"7,63 : 898.28"
"7,64 : 231.01"
"7,65 : 231.61"
"7,66 : 808.5"
"7,67 : 712.07"
"7,68 : 653.52"
"7,69 : 199.04"
"7,70 : 568.43"
"7,71 : 621.29"
"7,72 : 842.08"
"7,73 : 155.44"
"7,74 : 155.13"
"7,75 : 732.17"
"7,76 : 205.5"
"7,77 : 627.16"
"7,78 : 988.17"
"7,79 : 585.14"
"7,80 : 685.05"
"7,81 : 450.79"
"7,82 : 483.74"
"7,83 : 507.61"
"7,84 : 777.92"
"7,85 : 263.42"
"7,86 : 601.0"
"7,87 : 256.2"
"7,88 : 419.36"
"7,89 : 990.67"
"7,90 : 692.73"
"7,91 : 676.56"
"7,92 : 693.78"
"7,93 : 871.07"
"7,94 : 237.02"
"7,95 : 627.39"
"7,96 : 366.31"
"7,97 : 865.65"
"7,98 : 210.62"
"7,99 : 555.08"
"8,0 : 604.0"
"8,1 : 279.7"
"8,2 : 212.61"
"8,3 : 540.54"
"8,4 : 825.67"
"8,5 : 306.36"
"8,6 : 286.34"
"8,7 : 496.4"
"8,8 : 0.0"
"8,9 : 266.6"
"8,10 : 125.87"
"8,11 : 39.56"
"8,12 : 677.99"
"8,13 : 544.17"
"8,14 : 383.17"
"8,15 : 388.91"
"8,16 : 736.64"
"8,17 : 381.43"
"8,18 : 461.81"
"8,19 : 329.98"
"8,20 : 598.56"
"8,21 : 143.28"
"8,22 : 271.88"
"8,23 : 397.24"
"8,24 : 523.31"
"8,25 : 134.62"
"8,26 : 180.65"
"8,27 : 754.0"
"8,28 : 256.28"
"8,29 : 336.67"
"8,30 : 408.71"
"8,31 : 296.94"
"8,32 : 835.81"
"8,33 : 107.56"
"8,34 : 438.22"
"8,35 : 395.1"
"8,36 : 539.84"
"8,37 : 204.79"
"8,38 : 335.34"
"8,39 : 658.11"
"8,40 : 267.25"
"8,41 : 414.04"
"8,42 : 536.34"
"8,43 : 610.12"
"8,44 : 476.08"
"8,45 : 302.33"
"8,46 : 304.14"
"8,47 : 466.65"
"8,48 : 755.15"
"8,49 : 417.15"
"8,50 : 456.6"
"8,51 : 116.66"
"8,52 : 149.35"
"8,53 : 735.05"
"8,54 : 367.02"
"8,55 : 709.18"
"8,56 : 149.91"
"8,57 : 476.53"
"8,58 : 414.02"
"8,59 : 462.07"
"8,60 : 484.4"
"8,61 : 697.48"
"8,62 : 522.79"
"8,63 : 404.41"
"8,64 : 280.5"
"8,65 : 383.85"
"8,66 : 499.67"
"8,67 : 558.18"
"8,68 : 776.81"
"8,69 : 559.52"
"8,70 : 291.05"
"8,71 : 255.18"
"8,72 : 346.28"
"8,73 : 445.58"
"8,74 : 394.29"
"8,75 : 516.71"
"8,76 : 315.9"
"8,77 : 634.49"
"8,78 : 624.69"
"8,79 : 116.21"
"8,80 : 444.72"
"8,81 : 385.65"
"8,82 : 99.61"
"8,83 : 226.43"
"8,84 : 288.02"
"8,85 : 244.28"
"8,86 : 122.59"
"8,87 : 246.56"
"8,88 : 315.36"
"8,89 : 650.99"
"8,90 : 388.35"
"8,91 : 180.62"
"8,92 : 253.43"
"8,93 : 376.01"
"8,94 : 261.84"
"8,95 : 262.61"
"8,96 : 511.96"
"8,97 : 579.47"
"8,98 : 400.71"
"8,99 : 60.83"
"9,0 : 861.49"
"9,1 : 137.35"
"9,2 : 93.02"
"9,3 : 778.16"
"9,4 : 1081.72"
"9,5 : 125.17"
"9,6 : 193.51"
"9,7 : 657.65"
"9,8 : 266.6"
"9,9 : 0.0"
"9,10 : 358.17"
"9,11 : 245.93"
"9,12 : 930.0"
"9,13 : 553.76"
"9,14 : 563.62"
"9,15 : 639.1"
"9,16 : 923.23"
"9,17 : 547.1"
"9,18 : 635.08"
"9,19 : 90.76"
"9,20 : 863.67"
"9,21 : 301.5"
"9,22 : 189.45"
"9,23 : 272.12"
"9,24 : 783.87"
"9,25 : 169.01"
"9,26 : 159.88"
"9,27 : 969.49"
"9,28 : 467.49"
"9,29 : 568.38"
"9,30 : 616.59"
"9,31 : 563.52"
"9,32 : 1092.33"
"9,33 : 283.45"
"9,34 : 650.33"
"9,35 : 336.88"
"9,36 : 725.3"
"9,37 : 84.05"
"9,38 : 424.7"
"9,39 : 876.72"
"9,40 : 533.8"
"9,41 : 274.55"
"9,42 : 795.1"
"9,43 : 638.08"
"9,44 : 729.08"
"9,45 : 37.2"
"9,46 : 220.1"
"9,47 : 704.6"
"9,48 : 1005.22"
"9,49 : 678.34"
"9,50 : 539.22"
"9,51 : 226.98"
"9,52 : 178.51"
"9,53 : 918.92"
"9,54 : 541.11"
"9,55 : 926.65"
"9,56 : 416.47"
"9,57 : 599.24"
"9,58 : 573.55"
"9,59 : 720.29"
"9,60 : 476.52"
"9,61 : 961.88"
"9,62 : 734.07"
"9,63 : 335.91"
"9,64 : 428.58"
"9,65 : 617.21"
"9,66 : 715.19"
"9,67 : 813.28"
"9,68 : 1041.71"
"9,69 : 774.69"
"9,70 : 133.93"
"9,71 : 41.01"
"9,72 : 351.75"
"9,73 : 549.36"
"9,74 : 514.94"
"9,75 : 762.01"
"9,76 : 528.35"
"9,77 : 900.99"
"9,78 : 795.59"
"9,79 : 323.04"
"9,80 : 690.07"
"9,81 : 651.79"
"9,82 : 364.42"
"9,83 : 488.55"
"9,84 : 230.51"
"9,85 : 400.54"
"9,86 : 310.71"
"9,87 : 455.39"
"9,88 : 288.14"
"9,89 : 834.39"
"9,90 : 620.29"
"9,91 : 234.0"
"9,92 : 77.8"
"9,93 : 382.13"
"9,94 : 460.32"
"9,95 : 38.47"
"9,96 : 766.06"
"9,97 : 796.31"
"9,98 : 486.95"
"9,99 : 263.39"
"10,0 : 504.49"
"10,1 : 398.64"
"10,2 : 324.97"
"10,3 : 423.66"
"10,4 : 723.87"
"10,5 : 421.67"
"10,6 : 307.28"
"10,7 : 374.39"
"10,8 : 125.87"
"10,9 : 358.17"
"10,10 : 0.0"
"10,11 : 165.39"
"10,12 : 571.83"
"10,13 : 473.38"
"10,14 : 447.1"
"10,15 : 280.96"
"10,16 : 777.82"
"10,17 : 261.12"
"10,18 : 338.14"
"10,19 : 434.68"
"10,20 : 545.01"
"10,21 : 90.43"
"10,22 : 396.23"
"10,23 : 521.95"
"10,24 : 487.94"
"10,25 : 193.2"
"10,26 : 224.24"
"10,27 : 772.21"
"10,28 : 313.7"
"10,29 : 215.52"
"10,30 : 450.52"
"10,31 : 242.4"
"10,32 : 734.59"
"10,33 : 222.23"
"10,34 : 313.06"
"10,35 : 520.54"
"10,36 : 414.27"
"10,37 : 280.7"
"10,38 : 250.5"
"10,39 : 676.55"
"10,40 : 217.52"
"10,41 : 538.08"
"10,42 : 505.0"
"10,43 : 527.67"
"10,44 : 459.52"
"10,45 : 395.36"
"10,46 : 315.27"
"10,47 : 473.44"
"10,48 : 647.22"
"10,49 : 385.19"
"10,50 : 361.47"
"10,51 : 139.79"
"10,52 : 193.0"
"10,53 : 778.11"
"10,54 : 245.07"
"10,55 : 726.95"
"10,56 : 126.02"
"10,57 : 562.93"
"10,58 : 294.24"
"10,59 : 435.39"
"10,60 : 426.52"
"10,61 : 645.04"
"10,62 : 553.89"
"10,63 : 530.08"
"10,64 : 174.64"
"10,65 : 263.9"
"10,66 : 528.34"
"10,67 : 533.83"
"10,68 : 692.6"
"10,69 : 435.36"
"10,70 : 337.89"
"10,71 : 335.39"
"10,72 : 468.24"
"10,73 : 342.79"
"10,74 : 288.52"
"10,75 : 510.65"
"10,76 : 190.16"
"10,77 : 569.2"
"10,78 : 679.89"
"10,79 : 213.12"
"10,80 : 442.75"
"10,81 : 314.84"
"10,82 : 122.59"
"10,83 : 212.72"
"10,84 : 413.76"
"10,85 : 140.47"
"10,86 : 227.64"
"10,87 : 121.05"
"10,88 : 295.6"
"10,89 : 697.23"
"10,90 : 408.4"
"10,91 : 305.85"
"10,92 : 363.79"
"10,93 : 496.86"
"10,94 : 137.71"
"10,95 : 342.97"
"10,96 : 408.21"
"10,97 : 602.74"
"10,98 : 308.89"
"10,99 : 181.66"
"11,0 : 636.12"
"11,1 : 244.7"
"11,2 : 182.33"
"11,3 : 577.4"
"11,4 : 857.9"
"11,5 : 273.15"
"11,6 : 292.85"
"11,7 : 535.46"
"11,8 : 39.56"
"11,9 : 245.93"
"11,10 : 165.39"
"11,11 : 0.0"
"11,12 : 711.71"
"11,13 : 571.77"
"11,14 : 367.83"
"11,15 : 424.05"
"11,16 : 725.8"
"11,17 : 420.31"
"11,18 : 501.15"
"11,19 : 301.87"
"11,20 : 618.07"
"11,21 : 176.91"
"11,22 : 233.62"
"11,23 : 358.6"
"11,24 : 538.25"
"11,25 : 138.42"
"11,26 : 185.32"
"11,27 : 750.57"
"11,28 : 246.91"
"11,29 : 374.96"
"11,30 : 400.9"
"11,31 : 320.95"
"11,32 : 867.86"
"11,33 : 77.39"
"11,34 : 477.43"
"11,35 : 355.58"
"11,36 : 579.4"
"11,37 : 194.03"
"11,38 : 368.0"
"11,39 : 655.23"
"11,40 : 291.0"
"11,41 : 375.78"
"11,42 : 549.96"
"11,43 : 640.25"
"11,44 : 486.04"
"11,45 : 280.15"
"11,46 : 313.16"
"11,47 : 469.52"
"11,48 : 789.23"
"11,49 : 432.54"
"11,50 : 490.41"
"11,51 : 136.82"
"11,52 : 157.29"
"11,53 : 723.58"
"11,54 : 406.16"
"11,55 : 706.16"
"11,56 : 174.94"
"11,57 : 451.6"
"11,58 : 452.77"
"11,59 : 475.23"
"11,60 : 509.23"
"11,61 : 716.03"
"11,62 : 517.0"
"11,63 : 364.86"
"11,64 : 317.51"
"11,65 : 421.77"
"11,66 : 494.97"
"11,67 : 569.51"
"11,68 : 804.15"
"11,69 : 598.37"
"11,70 : 288.32"
"11,71 : 240.13"
"11,72 : 308.01"
"11,73 : 481.04"
"11,74 : 430.57"
"11,75 : 522.94"
"11,76 : 355.34"
"11,77 : 657.09"
"11,78 : 609.81"
"11,79 : 98.18"
"11,80 : 450.69"
"11,81 : 411.95"
"11,82 : 120.42"
"11,83 : 242.64"
"11,84 : 248.7"
"11,85 : 281.35"
"11,86 : 98.29"
"11,87 : 286.12"
"11,88 : 333.08"
"11,89 : 638.97"
"11,90 : 388.34"
"11,91 : 141.23"
"11,92 : 223.51"
"11,93 : 338.12"
"11,94 : 301.32"
"11,95 : 247.24"
"11,96 : 545.51"
"11,97 : 575.67"
"11,98 : 434.17"
"11,99 : 30.41"
"12,0 : 88.89"
"12,1 : 956.39"
"12,2 : 890.18"
"12,3 : 175.65"
"12,4 : 156.02"
"12,5 : 984.27"
"12,6 : 846.6"
"12,7 : 452.15"
"12,8 : 677.99"
"12,9 : 930.0"
"12,10 : 571.83"
"12,11 : 711.71"
"12,12 : 0.0"
"12,13 : 789.18"
"12,14 : 738.17"
"12,15 : 291.01"
"12,16 : 862.54"
"12,17 : 479.99"
"12,18 : 429.04"
"12,19 : 1004.69"
"12,20 : 336.17"
"12,21 : 638.54"
"12,22 : 939.51"
"12,23 : 1059.07"
"12,24 : 412.24"
"12,25 : 763.57"
"12,26 : 788.27"
"12,27 : 762.54"
"12,28 : 662.77"
"12,29 : 369.42"
"12,30 : 673.09"
"12,31 : 421.68"
"12,32 : 167.63"
"12,33 : 729.54"
"12,34 : 332.63"
"12,35 : 1027.18"
"12,36 : 369.88"
"12,37 : 851.49"
"12,38 : 637.25"
"12,39 : 703.43"
"12,40 : 447.4"
"12,41 : 1078.84"
"12,42 : 430.91"
"12,43 : 776.73"
"12,44 : 482.13"
"12,45 : 967.19"
"12,46 : 843.81"
"12,47 : 567.77"
"12,48 : 78.41"
"12,49 : 428.0"
"12,50 : 637.09"
"12,51 : 707.23"
"12,52 : 759.94"
"12,53 : 870.53"
"12,54 : 468.77"
"12,55 : 731.34"
"12,56 : 544.46"
"12,57 : 884.76"
"12,58 : 480.35"
"12,59 : 443.39"
"12,60 : 800.33"
"12,61 : 368.8"
"12,62 : 685.23"
"12,63 : 1040.26"
"12,64 : 563.27"
"12,65 : 322.89"
"12,66 : 664.36"
"12,67 : 465.69"
"12,68 : 213.01"
"12,69 : 255.55"
"12,70 : 894.02"
"12,71 : 906.15"
"12,72 : 951.06"
"12,73 : 595.12"
"12,74 : 569.07"
"12,75 : 532.0"
"12,76 : 423.96"
"12,77 : 278.79"
"12,78 : 850.49"
"12,79 : 695.45"
"12,80 : 530.64"
"12,81 : 333.66"
"12,82 : 599.27"
"12,83 : 518.41"
"12,84 : 944.52"
"12,85 : 571.42"
"12,86 : 716.06"
"12,87 : 488.41"
"12,88 : 790.89"
"12,89 : 827.29"
"12,90 : 593.01"
"12,91 : 829.34"
"12,92 : 930.58"
"12,93 : 969.91"
"12,94 : 492.4"
"12,95 : 913.65"
"12,96 : 166.21"
"12,97 : 681.39"
"12,98 : 632.56"
"12,99 : 712.1"
"13,0 : 769.79"
"13,1 : 680.52"
"13,2 : 605.45"
"13,3 : 616.37"
"13,4 : 935.77"
"13,5 : 677.4"
"13,6 : 360.31"
"13,7 : 340.07"
"13,8 : 544.17"
"13,9 : 553.76"
"13,10 : 473.38"
"13,11 : 571.77"
"13,12 : 789.18"
"13,13 : 0.0"
"13,14 : 917.24"
"13,15 : 586.62"
"13,16 : 1250.26"
"13,17 : 325.56"
"13,18 : 360.17"
"13,19 : 639.0"
"13,20 : 932.75"
"13,21 : 404.78"
"13,22 : 717.02"
"13,23 : 822.5"
"13,24 : 910.41"
"13,25 : 460.14"
"13,26 : 427.86"
"13,27 : 1235.34"
"13,28 : 784.31"
"13,29 : 490.81"
"13,30 : 923.87"
"13,31 : 675.35"
"13,32 : 947.8"
"13,33 : 648.93"
"13,34 : 464.71"
"13,35 : 870.54"
"13,36 : 429.41"
"13,37 : 490.09"
"13,38 : 224.4"
"13,39 : 1141.16"
"13,40 : 660.52"
"13,41 : 827.23"
"13,42 : 931.29"
"13,43 : 87.1"
"13,44 : 905.28"
"13,45 : 575.0"
"13,46 : 334.07"
"13,47 : 935.96"
"13,48 : 838.21"
"13,49 : 821.6"
"13,50 : 154.56"
"13,51 : 436.52"
"13,52 : 437.35"
"13,53 : 1250.88"
"13,54 : 343.49"
"13,55 : 1190.43"
"13,56 : 597.51"
"13,57 : 1020.57"
"13,58 : 314.5"
"13,59 : 872.82"
"13,60 : 78.52"
"13,61 : 1025.03"
"13,62 : 1025.14"
"13,63 : 873.51"
"13,64 : 313.8"
"13,65 : 514.16"
"13,66 : 999.16"
"13,67 : 966.6"
"13,68 : 983.23"
"13,69 : 538.89"
"13,70 : 424.06"
"13,71 : 512.88"
"13,72 : 854.77"
"13,73 : 196.16"
"13,74 : 235.59"
"13,75 : 962.85"
"13,76 : 429.51"
"13,77 : 929.54"
"13,78 : 1152.95"
"13,79 : 659.75"
"13,80 : 901.0"
"13,81 : 707.95"
"13,82 : 592.81"
"13,83 : 679.23"
"13,84 : 753.14"
"13,85 : 339.51"
"13,86 : 666.63"
"13,87 : 417.42"
"13,88 : 267.71"
"13,89 : 1170.49"
"13,90 : 878.38"
"13,91 : 688.09"
"13,92 : 619.68"
"13,93 : 887.02"
"13,94 : 396.23"
"13,95 : 515.51"
"13,96 : 681.9"
"13,97 : 1070.77"
"13,98 : 180.71"
"13,99 : 601.13"
"14,0 : 649.29"
"14,1 : 475.33"
"14,2 : 472.12"
"14,3 : 681.69"
"14,4 : 843.51"
"14,5 : 512.07"
"14,6 : 659.56"
"14,7 : 781.98"
"14,8 : 383.17"
"14,9 : 563.62"
"14,10 : 447.1"
"14,11 : 367.83"
"14,12 : 738.17"
"14,13 : 917.24"
"14,14 : 0.0"
"14,15 : 531.14"
"14,16 : 361.51"
"14,17 : 683.55"
"14,18 : 739.56"
"14,19 : 572.9"
"14,20 : 481.8"
"14,21 : 513.47"
"14,22 : 421.43"
"14,23 : 481.66"
"14,24 : 375.45"
"14,25 : 505.65"
"14,26 : 552.2"
"14,27 : 411.49"
"14,28 : 133.41"
"14,29 : 553.05"
"14,30 : 83.01"
"14,31 : 348.02"
"14,32 : 849.71"
"14,33 : 296.87"
"14,34 : 663.68"
"14,35 : 400.35"
"14,36 : 787.72"
"14,37 : 544.31"
"14,38 : 696.92"
"14,39 : 324.1"
"14,40 : 336.43"
"14,41 : 504.62"
"14,42 : 370.91"
"14,43 : 974.65"
"14,44 : 292.32"
"14,45 : 586.46"
"14,46 : 680.71"
"14,47 : 216.51"
"14,48 : 812.19"
"14,49 : 314.16"
"14,50 : 807.76"
"14,51 : 499.71"
"14,52 : 525.1"
"14,53 : 358.22"
"14,54 : 663.54"
"14,55 : 371.19"
"14,56 : 332.34"
"14,57 : 147.49"
"14,58 : 715.73"
"14,59 : 316.46"
"14,60 : 863.26"
"14,61 : 552.41"
"14,62 : 182.1"
"14,63 : 415.54"
"14,64 : 619.98"
"14,65 : 579.74"
"14,66 : 171.23"
"14,67 : 363.41"
"14,68 : 727.79"
"14,69 : 752.56"
"14,70 : 646.29"
"14,71 : 576.24"
"14,72 : 313.5"
"14,73 : 786.13"
"14,74 : 731.0"
"14,75 : 282.42"
"14,76 : 576.57"
"14,77 : 546.49"
"14,78 : 242.0"
"14,79 : 269.8"
"14,80 : 234.07"
"14,81 : 413.63"
"14,82 : 325.15"
"14,83 : 275.61"
"14,84 : 394.18"
"14,85 : 587.13"
"14,86 : 271.28"
"14,87 : 538.13"
"14,88 : 698.41"
"14,89 : 273.25"
"14,90 : 151.48"
"14,91 : 331.31"
"14,92 : 502.31"
"14,93 : 312.39"
"14,94 : 560.79"
"14,95 : 581.7"
"14,96 : 597.77"
"14,97 : 246.08"
"14,98 : 755.92"
"14,99 : 337.94"
"15,0 : 225.85"
"15,1 : 668.41"
"15,2 : 600.23"
"15,3 : 160.63"
"15,4 : 443.15"
"15,5 : 695.15"
"15,6 : 566.13"
"15,7 : 306.18"
"15,8 : 388.91"
"15,9 : 639.1"
"15,10 : 280.96"
"15,11 : 424.05"
"15,12 : 291.01"
"15,13 : 586.62"
"15,14 : 531.14"
"15,15 : 0.0"
"15,16 : 762.95"
"15,17 : 262.48"
"15,18 : 264.7"
"15,19 : 713.88"
"15,20 : 347.94"
"15,21 : 351.52"
"15,22 : 655.31"
"15,23 : 777.64"
"15,24 : 344.42"
"15,25 : 473.34"
"15,26 : 499.98"
"15,27 : 706.0"
"15,28 : 424.55"
"15,29 : 98.62"
"15,30 : 488.43"
"15,31 : 183.17"
"15,32 : 453.99"
"15,33 : 450.21"
"15,34 : 156.21"
"15,35 : 755.17"
"15,36 : 276.0"
"15,37 : 561.18"
"15,38 : 390.95"
"15,39 : 621.63"
"15,40 : 196.92"
"15,41 : 796.42"
"15,42 : 367.01"
"15,43 : 602.43"
"15,44 : 367.78"
"15,45 : 676.28"
"15,46 : 566.6"
"15,47 : 430.52"
"15,48 : 367.08"
"15,49 : 283.18"
"15,50 : 434.34"
"15,51 : 417.65"
"15,52 : 470.71"
"15,53 : 767.52"
"15,54 : 243.46"
"15,55 : 664.48"
"15,56 : 265.56"
"15,57 : 676.17"
"15,58 : 280.7"
"15,59 : 327.37"
"15,60 : 575.01"
"15,61 : 438.46"
"15,62 : 546.23"
"15,63 : 767.28"
"15,64 : 303.01"
"15,65 : 76.03"
"15,66 : 520.39"
"15,67 : 405.9"
"15,68 : 426.94"
"15,69 : 221.65"
"15,70 : 608.77"
"15,71 : 615.88"
"15,72 : 685.44"
"15,73 : 395.27"
"15,74 : 351.03"
"15,75 : 429.62"
"15,76 : 162.12"
"15,77 : 343.46"
"15,78 : 707.36"
"15,79 : 420.28"
"15,80 : 389.24"
"15,81 : 146.73"
"15,82 : 317.57"
"15,83 : 266.36"
"15,84 : 663.91"
"15,85 : 300.82"
"15,86 : 440.58"
"15,87 : 209.66"
"15,88 : 522.41"
"15,89 : 702.32"
"15,90 : 413.59"
"15,91 : 548.92"
"15,92 : 640.36"
"15,93 : 708.01"
"15,94 : 219.91"
"15,95 : 623.42"
"15,96 : 127.91"
"15,97 : 569.31"
"15,98 : 408.98"
"15,99 : 427.31"
"16,0 : 782.22"
"16,1 : 825.35"
"16,2 : 830.89"
"16,3 : 877.85"
"16,4 : 911.88"
"16,5 : 861.07"
"16,6 : 1018.61"
"16,7 : 1057.89"
"16,8 : 736.64"
"16,9 : 923.23"
"16,10 : 777.82"
"16,11 : 725.8"
"16,12 : 862.54"
"16,13 : 1250.26"
"16,14 : 361.51"
"16,15 : 762.95"
"16,16 : 0.0"
"16,17 : 978.23"
"16,18 : 1014.53"
"16,19 : 925.08"
"16,20 : 529.74"
"16,21 : 855.57"
"16,22 : 768.27"
"16,23 : 801.96"
"16,24 : 453.43"
"16,25 : 864.22"
"16,26 : 911.07"
"16,27 : 142.87"
"16,28 : 480.39"
"16,29 : 820.66"
"16,30 : 329.43"
"16,31 : 600.19"
"16,32 : 913.48"
"16,33 : 657.5"
"16,34 : 916.77"
"16,35 : 707.37"
"16,36 : 1038.89"
"16,37 : 905.78"
"16,38 : 1026.02"
"16,39 : 160.05"
"16,40 : 605.02"
"16,41 : 823.46"
"16,42 : 433.08"
"16,43 : 1298.13"
"16,44 : 399.93"
"16,45 : 944.26"
"16,46 : 1038.78"
"16,47 : 333.05"
"16,48 : 919.83"
"16,49 : 480.67"
"16,50 : 1125.2"
"16,51 : 852.89"
"16,52 : 882.72"
"16,53 : 12.04"
"16,54 : 957.04"
"16,55 : 146.45"
"16,56 : 652.8"
"16,57 : 355.07"
"16,58 : 1007.29"
"16,59 : 441.96"
"16,60 : 1203.84"
"16,61 : 537.84"
"16,62 : 226.26"
"16,63 : 721.2"
"16,64 : 940.24"
"16,65 : 830.74"
"16,66 : 252.74"
"16,67 : 396.97"
"16,68 : 758.34"
"16,69 : 971.94"
"16,70 : 1007.57"
"16,71 : 937.31"
"16,72 : 630.96"
"16,73 : 1097.15"
"16,74 : 1042.49"
"16,75 : 340.28"
"16,76 : 862.44"
"16,77 : 595.05"
"16,78 : 135.13"
"16,79 : 627.75"
"16,80 : 374.0"
"16,81 : 617.41"
"16,82 : 663.29"
"16,83 : 572.53"
"16,84 : 735.45"
"16,85 : 911.49"
"16,86 : 631.3"
"16,87 : 844.31"
"16,88 : 1050.77"
"16,89 : 88.87"
"16,90 : 373.38"
"16,91 : 689.49"
"16,92 : 858.68"
"16,93 : 616.78"
"16,94 : 867.21"
"16,95 : 942.63"
"16,96 : 774.7"
"16,97 : 193.69"
"16,98 : 1078.31"
"16,99 : 696.58"
"17,0 : 449.28"
"17,1 : 627.81"
"17,2 : 547.62"
"17,3 : 304.35"
"17,4 : 633.26"
"17,5 : 642.63"
"17,6 : 405.56"
"17,7 : 115.73"
"17,8 : 381.43"
"17,9 : 547.1"
"17,10 : 261.12"
"17,11 : 420.31"
"17,12 : 479.99"
"17,13 : 325.56"
"17,14 : 683.55"
"17,15 : 262.48"
"17,16 : 978.23"
"17,17 : 0.0"
"17,18 : 87.98"
"17,19 : 635.93"
"17,20 : 610.22"
"17,21 : 258.04"
"17,22 : 638.5"
"17,23 : 763.1"
"17,24 : 597.3"
"17,25 : 385.61"
"17,26 : 387.32"
"17,27 : 942.59"
"17,28 : 553.73"
"17,29 : 170.58"
"17,30 : 667.68"
"17,31 : 379.96"
"17,32 : 645.22"
"17,33 : 483.0"
"17,34 : 147.36"
"17,35 : 774.32"
"17,36 : 179.29"
"17,37 : 463.22"
"17,38 : 161.64"
"17,39 : 852.09"
"17,40 : 373.21"
"17,41 : 776.35"
"17,42 : 619.14"
"17,43 : 340.98"
"17,44 : 604.24"
"17,45 : 581.68"
"17,46 : 394.66"
"17,47 : 649.29"
"17,48 : 539.16"
"17,49 : 518.16"
"17,50 : 172.07"
"17,51 : 331.1"
"17,52 : 370.83"
"17,53 : 980.79"
"17,54 : 21.26"
"17,55 : 898.88"
"17,56 : 352.6"
"17,57 : 812.08"
"17,58 : 33.24"
"17,59 : 567.82"
"17,60 : 323.1"
"17,61 : 700.66"
"17,62 : 752.72"
"17,63 : 782.62"
"17,64 : 118.51"
"17,65 : 188.79"
"17,66 : 726.09"
"17,67 : 656.4"
"17,68 : 662.82"
"17,69 : 252.72"
"17,70 : 466.14"
"17,71 : 511.99"
"17,72 : 727.52"
"17,73 : 132.85"
"17,74 : 91.55"
"17,75 : 664.75"
"17,76 : 116.73"
"17,77 : 604.31"
"17,78 : 899.38"
"17,79 : 473.53"
"17,80 : 610.63"
"17,81 : 393.15"
"17,82 : 374.86"
"17,83 : 413.77"
"17,84 : 662.19"
"17,85 : 148.77"
"17,86 : 488.64"
"17,87 : 147.22"
"17,88 : 328.96"
"17,89 : 906.41"
"17,90 : 607.13"
"17,91 : 561.26"
"17,92 : 580.07"
"17,93 : 756.81"
"17,94 : 125.94"
"17,95 : 518.38"
"17,96 : 357.97"
"17,97 : 789.02"
"17,98 : 154.01"
"17,99 : 440.6"
"18,0 : 413.15"
"18,1 : 714.37"
"18,2 : 634.48"
"18,3 : 256.76"
"18,4 : 577.08"
"18,5 : 729.87"
"18,6 : 490.74"
"18,7 : 43.42"
"18,8 : 461.81"
"18,9 : 635.08"
"18,10 : 338.14"
"18,11 : 501.15"
"18,12 : 429.04"
"18,13 : 360.17"
"18,14 : 739.56"
"18,15 : 264.7"
"18,16 : 1014.53"
"18,17 : 87.98"
"18,18 : 0.0"
"18,19 : 723.87"
"18,20 : 606.58"
"18,21 : 344.28"
"18,22 : 723.38"
"18,23 : 848.45"
"18,24 : 609.08"
"18,25 : 473.16"
"18,26 : 475.3"
"18,27 : 967.32"
"18,28 : 613.59"
"18,29 : 193.99"
"18,30 : 715.54"
"18,31 : 415.03"
"18,32 : 589.13"
"18,33 : 560.06"
"18,34 : 114.13"
"18,35 : 856.45"
"18,36 : 92.63"
"18,37 : 551.2"
"18,38 : 239.24"
"18,39 : 880.21"
"18,40 : 414.25"
"18,41 : 862.17"
"18,42 : 631.62"
"18,43 : 354.26"
"18,44 : 627.68"
"18,45 : 669.64"
"18,46 : 478.47"
"18,47 : 682.03"
"18,48 : 480.28"
"18,49 : 541.61"
"18,50 : 208.69"
"18,51 : 418.12"
"18,52 : 458.66"
"18,53 : 1018.02"
"18,54 : 96.46"
"18,55 : 924.86"
"18,56 : 414.97"
"18,57 : 873.74"
"18,58 : 65.3"
"18,59 : 588.64"
"18,60 : 375.03"
"18,61 : 690.43"
"18,62 : 791.61"
"18,63 : 865.23"
"18,64 : 206.49"
"18,65 : 189.51"
"18,66 : 765.08"
"18,67 : 670.37"
"18,68 : 625.4"
"18,69 : 182.89"
"18,70 : 552.5"
"18,71 : 599.92"
"18,72 : 806.38"
"18,73 : 166.97"
"18,74 : 151.64"
"18,75 : 689.35"
"18,76 : 163.57"
"18,77 : 590.78"
"18,78 : 944.85"
"18,79 : 547.06"
"18,80 : 641.8"
"18,81 : 408.45"
"18,82 : 444.45"
"18,83 : 464.85"
"18,84 : 745.82"
"18,85 : 236.14"
"18,86 : 563.39"
"18,87 : 218.28"
"18,88 : 410.12"
"18,89 : 947.25"
"18,90 : 649.36"
"18,91 : 642.38"
"18,92 : 667.44"
"18,93 : 834.94"
"18,94 : 200.44"
"18,95 : 606.29"
"18,96 : 331.85"
"18,97 : 822.36"
"18,98 : 212.91"
"18,99 : 519.6"
"19,0 : 933.03"
"19,1 : 100.3"
"19,2 : 120.33"
"19,3 : 857.8"
"19,4 : 1154.36"
"19,5 : 67.42"
"19,6 : 279.4"
"19,7 : 747.31"
"19,8 : 329.98"
"19,9 : 90.76"
"19,10 : 434.68"
"19,11 : 301.87"
"19,12 : 1004.69"
"19,13 : 639.0"
"19,14 : 572.9"
"19,15 : 713.88"
"19,16 : 925.08"
"19,17 : 635.93"
"19,18 : 723.87"
"19,19 : 0.0"
"19,20 : 915.81"
"19,21 : 386.2"
"19,22 : 159.01"
"19,23 : 201.76"
"19,24 : 830.01"
"19,25 : 253.21"
"19,26 : 249.58"
"19,27 : 983.98"
"19,28 : 493.85"
"19,29 : 648.42"
"19,30 : 634.86"
"19,31 : 622.68"
"19,32 : 1164.69"
"19,33 : 319.76"
"19,34 : 734.8"
"19,35 : 282.6"
"19,36 : 813.46"
"19,37 : 173.07"
"19,38 : 515.46"
"19,39 : 894.07"
"19,40 : 592.71"
"19,41 : 198.88"
"19,42 : 839.26"
"19,43 : 724.25"
"19,44 : 769.04"
"19,45 : 64.01"
"19,46 : 305.08"
"19,47 : 735.21"
"19,48 : 1080.94"
"19,49 : 726.24"
"19,50 : 629.62"
"19,51 : 310.83"
"19,52 : 265.53"
"19,53 : 919.68"
"19,54 : 629.25"
"19,55 : 942.7"
"19,56 : 476.76"
"19,57 : 585.77"
"19,58 : 662.94"
"19,59 : 764.73"
"19,60 : 561.07"
"19,61 : 1012.17"
"19,62 : 750.57"
"19,63 : 278.15"
"19,64 : 517.5"
"19,65 : 697.21"
"19,66 : 734.09"
"19,67 : 853.93"
"19,68 : 1105.88"
"19,69 : 859.27"
"19,70 : 215.11"
"19,71 : 130.5"
"19,72 : 318.15"
"19,73 : 640.11"
"19,74 : 605.56"
"19,75 : 796.1"
"19,76 : 611.77"
"19,77 : 957.65"
"19,78 : 793.46"
"19,79 : 361.2"
"19,80 : 725.38"
"19,81 : 713.79"
"19,82 : 422.2"
"19,83 : 540.39"
"19,84 : 196.89"
"19,85 : 488.46"
"19,86 : 345.18"
"19,87 : 538.42"
"19,88 : 375.93"
"19,89 : 836.51"
"19,90 : 649.63"
"19,91 : 245.03"
"19,92 : 79.7"
"19,93 : 345.04"
"19,94 : 544.92"
"19,95 : 126.12"
"19,96 : 839.41"
"19,97 : 814.14"
"19,98 : 577.6"
"19,99 : 312.17"
"20,0 : 263.4"
"20,1 : 840.49"
"20,2 : 795.63"
"20,3 : 394.1"
"20,4 : 388.01"
"20,5 : 875.02"
"20,6 : 852.15"
"20,7 : 645.31"
"20,8 : 598.56"
"20,9 : 863.67"
"20,10 : 545.01"
"20,11 : 618.07"
"20,12 : 336.17"
"20,13 : 932.75"
"20,14 : 481.8"
"20,15 : 347.94"
"20,16 : 529.74"
"20,17 : 610.22"
"20,18 : 606.58"
"20,19 : 915.81"
"20,20 : 0.0"
"20,21 : 634.13"
"20,22 : 804.99"
"20,23 : 905.38"
"20,24 : 106.4"
"20,25 : 722.75"
"20,26 : 762.22"
"20,27 : 426.43"
"20,28 : 458.95"
"20,29 : 441.96"
"20,30 : 402.33"
"20,31 : 305.38"
"20,32 : 391.27"
"20,33 : 598.87"
"20,34 : 492.88"
"20,35 : 846.8"
"20,36 : 594.04"
"20,37 : 802.31"
"20,38 : 727.08"
"20,39 : 369.78"
"20,40 : 333.65"
"20,41 : 927.81"
"20,42 : 114.49"
"20,43 : 950.34"
"20,44 : 189.83"
"20,45 : 898.21"
"20,46 : 860.06"
"20,47 : 273.13"
"20,48 : 390.16"
"20,49 : 192.82"
"20,50 : 781.72"
"20,51 : 678.77"
"20,52 : 729.37"
"20,53 : 538.37"
"20,54 : 590.83"
"20,55 : 395.43"
"20,56 : 449.64"
"20,57 : 615.97"
"20,58 : 628.43"
"20,59 : 168.44"
"20,60 : 915.5"
"20,61 : 100.08"
"20,62 : 376.31"
"20,63 : 861.62"
"20,64 : 634.72"
"20,65 : 423.18"
"20,66 : 360.81"
"20,67 : 138.85"
"20,68 : 250.01"
"20,69 : 498.86"
"20,70 : 877.65"
"20,71 : 853.69"
"20,72 : 760.94"
"20,73 : 743.07"
"20,74 : 697.54"
"20,75 : 218.63"
"20,76 : 503.64"
"20,77 : 68.96"
"20,78 : 533.83"
"20,79 : 557.69"
"20,80 : 248.0"
"20,81 : 234.06"
"20,82 : 499.49"
"20,83 : 375.85"
"20,84 : 795.59"
"20,85 : 622.87"
"20,86 : 575.92"
"20,87 : 530.61"
"20,88 : 832.76"
"20,89 : 503.13"
"20,90 : 331.61"
"20,91 : 690.13"
"20,92 : 836.14"
"20,93 : 770.55"
"20,94 : 547.65"
"20,95 : 861.15"
"20,96 : 290.08"
"20,97 : 358.25"
"20,98 : 753.29"
"20,99 : 604.07"
"21,0 : 577.36"
"21,1 : 370.09"
"21,2 : 290.41"
"21,3 : 479.61"
"21,4 : 793.07"
"21,5 : 386.41"
"21,6 : 219.92"
"21,7 : 373.36"
"21,8 : 143.28"
"21,9 : 301.5"
"21,10 : 90.43"
"21,11 : 176.91"
"21,12 : 638.54"
"21,13 : 404.78"
"21,14 : 513.47"
"21,15 : 351.52"
"21,16 : 855.57"
"21,17 : 258.04"
"21,18 : 344.28"
"21,19 : 386.2"
"21,20 : 634.13"
"21,21 : 0.0"
"21,22 : 381.06"
"21,23 : 505.21"
"21,24 : 578.36"
"21,25 : 133.06"
"21,26 : 150.05"
"21,27 : 856.83"
"21,28 : 381.37"
"21,29 : 270.7"
"21,30 : 526.39"
"21,31 : 332.66"
"21,32 : 804.17"
"21,33 : 250.77"
"21,34 : 348.93"
"21,35 : 520.95"
"21,36 : 430.67"
"21,37 : 218.51"
"21,38 : 192.07"
"21,39 : 760.85"
"21,40 : 307.95"
"21,41 : 518.31"
"21,42 : 595.41"
"21,43 : 467.82"
"21,44 : 549.02"
"21,45 : 338.07"
"21,46 : 226.02"
"21,47 : 559.46"
"21,48 : 711.47"
"21,49 : 475.51"
"21,50 : 313.64"
"21,51 : 75.45"
"21,52 : 123.91"
"21,53 : 855.17"
"21,54 : 247.92"
"21,55 : 811.56"
"21,56 : 211.14"
"21,57 : 616.83"
"21,58 : 288.47"
"21,59 : 525.57"
"21,60 : 350.1"
"21,61 : 734.06"
"21,62 : 634.13"
"21,63 : 528.3"
"21,64 : 145.25"
"21,65 : 319.1"
"21,66 : 609.18"
"21,67 : 624.05"
"21,68 : 772.65"
"21,69 : 473.36"
"21,70 : 257.39"
"21,71 : 271.97"
"21,72 : 482.2"
"21,73 : 304.51"
"21,74 : 255.2"
"21,75 : 599.07"
"21,76 : 226.98"
"21,77 : 656.14"
"21,78 : 751.68"
"21,79 : 256.3"
"21,80 : 530.23"
"21,81 : 402.4"
"21,82 : 192.31"
"21,83 : 299.53"
"21,84 : 406.45"
"21,85 : 110.42"
"21,86 : 265.11"
"21,87 : 154.47"
"21,88 : 205.87"
"21,89 : 772.82"
"21,90 : 490.78"
"21,91 : 312.23"
"21,92 : 324.51"
"21,93 : 513.07"
"21,94 : 158.9"
"21,95 : 279.21"
"21,96 : 479.27"
"21,97 : 685.51"
"21,98 : 257.56"
"21,99 : 203.44"
"22,0 : 860.63"
"22,1 : 59.06"
"22,2 : 112.27"
"22,3 : 810.48"
"22,4 : 1081.72"
"22,5 : 93.01"
"22,6 : 366.23"
"22,7 : 754.12"
"22,8 : 271.88"
"22,9 : 189.45"
"22,10 : 396.23"
"22,11 : 233.62"
"22,12 : 939.51"
"22,13 : 717.02"
"22,14 : 421.43"
"22,15 : 655.31"
"22,16 : 768.27"
"22,17 : 638.5"
"22,18 : 723.38"
"22,19 : 159.01"
"22,20 : 804.99"
"22,21 : 381.06"
"22,22 : 0.0"
"22,23 : 125.8"
"22,24 : 711.46"
"22,25 : 267.03"
"22,26 : 290.5"
"22,27 : 832.75"
"22,28 : 358.99"
"22,29 : 608.48"
"22,30 : 488.92"
"22,31 : 531.16"
"22,32 : 1091.18"
"22,33 : 212.71"
"22,34 : 709.29"
"22,35 : 153.84"
"22,36 : 806.19"
"22,37 : 228.66"
"22,38 : 551.36"
"22,39 : 745.08"
"22,40 : 501.95"
"22,41 : 142.17"
"22,42 : 717.82"
"22,43 : 797.18"
"22,44 : 643.21"
"22,45 : 194.26"
"22,46 : 393.38"
"22,47 : 599.14"
"22,48 : 1017.59"
"22,49 : 612.28"
"22,50 : 674.03"
"22,51 : 312.12"
"22,52 : 288.04"
"22,53 : 762.55"
"22,54 : 627.0"
"22,55 : 792.61"
"22,56 : 395.28"
"22,57 : 426.77"
"22,58 : 669.4"
"22,59 : 644.94"
"22,60 : 642.96"
"22,61 : 897.27"
"22,62 : 602.0"
"22,63 : 156.52"
"22,64 : 525.8"
"22,65 : 655.4"
"22,66 : 587.45"
"22,67 : 727.69"
"22,68 : 1014.29"
"22,69 : 831.24"
"22,70 : 317.32"
"22,71 : 222.61"
"22,72 : 163.53"
"22,73 : 674.71"
"22,74 : 630.72"
"22,75 : 662.9"
"22,76 : 586.06"
"22,77 : 853.73"
"22,78 : 635.78"
"22,79 : 251.34"
"22,80 : 594.65"
"22,81 : 624.85"
"22,82 : 340.24"
"22,83 : 439.11"
"22,84 : 41.11"
"22,85 : 491.47"
"22,86 : 231.59"
"22,87 : 514.72"
"22,88 : 450.15"
"22,89 : 679.99"
"22,90 : 513.7"
"22,91 : 115.25"
"22,92 : 111.66"
"22,93 : 193.1"
"22,94 : 527.41"
"22,95 : 223.83"
"22,96 : 773.58"
"22,97 : 666.01"
"22,98 : 618.16"
"22,99 : 228.04"
"23,0 : 978.49"
"23,1 : 143.0"
"23,2 : 222.65"
"23,3 : 934.12"
"23,4 : 1198.59"
"23,5 : 147.0"
"23,6 : 463.95"
"23,7 : 878.56"
"23,8 : 397.24"
"23,9 : 272.12"
"23,10 : 521.95"
"23,11 : 358.6"
"23,12 : 1059.07"
"23,13 : 822.5"
"23,14 : 481.66"
"23,15 : 777.64"
"23,16 : 801.96"
"23,17 : 763.1"
"23,18 : 848.45"
"23,19 : 201.76"
"23,20 : 905.38"
"23,21 : 505.21"
"23,22 : 125.8"
"23,23 : 0.0"
"23,24 : 807.35"
"23,25 : 385.94"
"23,26 : 403.21"
"23,27 : 884.11"
"23,28 : 448.61"
"23,29 : 733.54"
"23,30 : 558.16"
"23,31 : 645.1"
"23,32 : 1207.74"
"23,33 : 329.53"
"23,34 : 835.0"
"23,35 : 98.68"
"23,36 : 931.77"
"23,37 : 333.49"
"23,38 : 669.77"
"23,39 : 802.77"
"23,40 : 616.64"
"23,41 : 23.09"
"23,42 : 811.29"
"23,43 : 905.2"
"23,44 : 733.95"
"23,45 : 260.35"
"23,46 : 490.95"
"23,47 : 679.9"
"23,48 : 1137.37"
"23,49 : 712.97"
"23,50 : 791.06"
"23,51 : 434.51"
"23,52 : 405.62"
"23,53 : 794.66"
"23,54 : 752.01"
"23,55 : 847.17"
"23,56 : 514.84"
"23,57 : 447.69"
"23,58 : 793.68"
"23,59 : 740.8"
"23,60 : 746.28"
"23,61 : 993.94"
"23,62 : 663.22"
"23,63 : 88.1"
"23,64 : 649.27"
"23,65 : 780.16"
"23,66 : 652.75"
"23,67 : 816.76"
"23,68 : 1124.0"
"23,69 : 956.74"
"23,70 : 406.02"
"23,71 : 311.85"
"23,72 : 172.07"
"23,73 : 794.19"
"23,74 : 751.97"
"23,75 : 745.81"
"23,76 : 711.84"
"23,77 : 958.01"
"23,78 : 666.88"
"23,79 : 364.87"
"23,80 : 681.51"
"23,81 : 738.66"
"23,82 : 460.73"
"23,83 : 550.43"
"23,84 : 114.63"
"23,85 : 615.43"
"23,86 : 344.36"
"23,87 : 640.52"
"23,88 : 554.94"
"23,89 : 716.51"
"23,90 : 596.64"
"23,91 : 229.73"
"23,92 : 202.89"
"23,93 : 185.69"
"23,94 : 653.09"
"23,95 : 310.46"
"23,96 : 893.7"
"23,97 : 726.81"
