x,y
639,411
982,190
983,750
509,654
794,944
570,389
124,595
274,973
577,854
640,931
57,171
516,449
766,838
796,405
510,281
17,340
293,569
873,636
450,300
448,639
498,729
973,392
7,742
682,662
245,458
770,444
243,329
429,592
683,707
487,508
362,727
364,764
59,615
465,673
609,303
602,75
395,625
308,502
664,719
251,482
997,184
463,657
724,503
741,821
324,476
550,701
591,724
929,527
418,587
230,359
395,591
104,801
785,11
6,357
755,39
476,807
11,598
560,466
115,30
160,97
644,823
14,521
688,616
240,657
192,815
233,836
80,503
739,576
445,73
776,519
292,1000
958,55
750,994
406,888
377,547
424,532
876,816
538,950
884,59
868,694
456,461
973,759
535,52
475,978
565,961
295,837
176,963
457,769
137,771
332,997
25,32
628,668
547,316
74,57
996,127
179,582
590,411
502,587
992,34
198,486

Distanze
"0,0 : 0.0"
"0,1 : 408.03"
"0,2 : 482.97"
"0,3 : 275.59"
"0,4 : 555.08"
"0,5 : 72.42"
"0,6 : 546.88"
"0,7 : 670.13"
"0,8 : 447.32"
"0,9 : 520.0"
"0,10 : 629.54"
"0,11 : 128.74"
"0,12 : 445.49"
"0,13 : 157.11"
"0,14 : 183.14"
"0,15 : 626.04"
"0,16 : 380.37"
"0,17 : 324.62"
"0,18 : 219.18"
"0,19 : 297.43"
"0,20 : 347.86"
"0,21 : 334.54"
"0,22 : 713.43"
"0,23 : 254.66"
"0,24 : 396.79"
"0,25 : 135.09"
"0,26 : 404.4"
"0,27 : 277.24"
"0,28 : 299.25"
"0,29 : 180.31"
"0,30 : 420.22"
"0,31 : 447.48"
"0,32 : 614.83"
"0,33 : 314.52"
"0,34 : 112.09"
"0,35 : 338.03"
"0,36 : 324.55"
"0,37 : 343.28"
"0,38 : 309.01"
"0,39 : 394.44"
"0,40 : 423.9"
"0,41 : 302.48"
"0,42 : 125.26"
"0,43 : 422.5"
"0,44 : 321.64"
"0,45 : 303.35"
"0,46 : 316.66"
"0,47 : 312.34"
"0,48 : 282.52"
"0,49 : 412.29"
"0,50 : 303.21"
"0,51 : 662.06"
"0,52 : 425.81"
"0,53 : 635.3"
"0,54 : 389.67"
"0,55 : 428.23"
"0,56 : 655.25"
"0,57 : 96.26"
"0,58 : 647.87"
"0,59 : 572.75"
"0,60 : 412.03"
"0,61 : 634.61"
"0,62 : 210.77"
"0,63 : 468.74"
"0,64 : 602.52"
"0,65 : 587.76"
"0,66 : 566.52"
"0,67 : 192.94"
"0,68 : 389.72"
"0,69 : 174.45"
"0,70 : 683.62"
"0,71 : 478.01"
"0,72 : 593.47"
"0,73 : 530.87"
"0,74 : 295.19"
"0,75 : 246.71"
"0,76 : 469.25"
"0,77 : 548.38"
"0,78 : 428.87"
"0,79 : 364.05"
"0,80 : 189.71"
"0,81 : 482.35"
"0,82 : 373.76"
"0,83 : 590.24"
"0,84 : 554.96"
"0,85 : 547.55"
"0,86 : 720.47"
"0,87 : 401.61"
"0,88 : 617.74"
"0,89 : 661.55"
"0,90 : 721.55"
"0,91 : 257.24"
"0,92 : 132.25"
"0,93 : 666.74"
"0,94 : 456.19"
"0,95 : 490.76"
"0,96 : 49.0"
"0,97 : 223.04"
"0,98 : 516.47"
"0,99 : 447.33"
"1,0 : 408.03"
"1,1 : 0.0"
"1,2 : 560.0"
"1,3 : 662.59"
"1,4 : 777.08"
"1,5 : 457.54"
"1,6 : 948.78"
"1,7 : 1055.63"
"1,8 : 777.77"
"1,9 : 816.12"
"1,10 : 925.2"
"1,11 : 533.14"
"1,12 : 683.05"
"1,13 : 284.29"
"1,14 : 480.69"
"1,15 : 976.59"
"1,16 : 786.36"
"1,17 : 459.13"
"1,18 : 543.25"
"1,19 : 697.68"
"1,20 : 724.41"
"1,21 : 202.2"
"1,22 : 1120.41"
"1,23 : 559.27"
"1,24 : 784.21"
"1,25 : 330.85"
"1,26 : 751.96"
"1,27 : 683.68"
"1,28 : 597.24"
"1,29 : 588.34"
"1,30 : 820.22"
"1,31 : 843.45"
"1,32 : 1016.15"
"1,33 : 707.52"
"1,34 : 389.74"
"1,35 : 397.02"
"1,36 : 730.61"
"1,37 : 742.71"
"1,38 : 617.22"
"1,39 : 787.16"
"1,40 : 16.16"
"1,41 : 698.18"
"1,42 : 405.63"
"1,43 : 675.46"
"1,44 : 717.47"
"1,45 : 669.14"
"1,46 : 661.84"
"1,47 : 341.14"
"1,48 : 689.71"
"1,49 : 770.76"
"1,50 : 710.89"
"1,51 : 1069.68"
"1,52 : 266.18"
"1,53 : 990.18"
"1,54 : 272.64"
"1,55 : 797.95"
"1,56 : 1053.24"
"1,57 : 504.24"
"1,58 : 881.64"
"1,59 : 827.24"
"1,60 : 717.59"
"1,61 : 1023.03"
"1,62 : 517.6"
"1,63 : 876.73"
"1,64 : 1007.34"
"1,65 : 989.1"
"1,66 : 954.76"
"1,67 : 456.12"
"1,68 : 549.6"
"1,69 : 388.17"
"1,70 : 1064.05"
"1,71 : 137.12"
"1,72 : 836.8"
"1,73 : 904.98"
"1,74 : 702.48"
"1,75 : 654.47"
"1,76 : 634.91"
"1,77 : 880.19"
"1,78 : 163.6"
"1,79 : 516.73"
"1,80 : 591.71"
"1,81 : 569.07"
"1,82 : 467.82"
"1,83 : 937.01"
"1,84 : 876.54"
"1,85 : 943.7"
"1,86 : 1116.77"
"1,87 : 781.58"
"1,88 : 1025.47"
"1,89 : 1036.22"
"1,90 : 969.96"
"1,91 : 594.81"
"1,92 : 452.88"
"1,93 : 917.69"
"1,94 : 64.54"
"1,95 : 893.57"
"1,96 : 450.01"
"1,97 : 622.9"
"1,98 : 156.32"
"1,99 : 838.02"
"2,0 : 482.97"
"2,1 : 560.0"
"2,2 : 0.0"
"2,3 : 483.62"
"2,4 : 270.84"
"2,5 : 548.53"
"2,6 : 872.87"
"2,7 : 743.24"
"2,8 : 419.11"
"2,9 : 387.83"
"2,10 : 1092.12"
"2,11 : 555.6"
"2,12 : 234.16"
"2,13 : 392.42"
"2,14 : 666.1"
"2,15 : 1049.41"
"2,16 : 713.34"
"2,17 : 158.42"
"2,18 : 697.56"
"2,19 : 546.39"
"2,20 : 485.45"
"2,21 : 358.14"
"2,22 : 976.03"
"2,23 : 313.6"
"2,24 : 793.67"
"2,25 : 372.83"
"2,26 : 851.38"
"2,27 : 576.09"
"2,28 : 303.07"
"2,29 : 551.89"
"2,30 : 621.43"
"2,31 : 619.16"
"2,32 : 933.81"
"2,33 : 523.69"
"2,34 : 582.83"
"2,35 : 775.1"
"2,36 : 601.14"
"2,37 : 719.12"
"2,38 : 320.5"
"2,39 : 779.52"
"2,40 : 566.17"
"2,41 : 528.25"
"2,42 : 357.9"
"2,43 : 252.2"
"2,44 : 713.69"
"2,45 : 435.76"
"2,46 : 392.86"
"2,47 : 229.44"
"2,48 : 588.04"
"2,49 : 848.46"
"2,50 : 609.12"
"2,51 : 880.48"
"2,52 : 765.07"
"2,53 : 1053.08"
"2,54 : 746.66"
"2,55 : 510.19"
"2,56 : 983.81"
"2,57 : 509.49"
"2,58 : 1127.75"
"2,59 : 1050.59"
"2,60 : 346.77"
"2,61 : 995.69"
"2,62 : 324.01"
"2,63 : 748.8"
"2,64 : 793.67"
"2,65 : 754.91"
"2,66 : 936.17"
"2,67 : 299.69"
"2,68 : 864.74"
"2,69 : 310.18"
"2,70 : 734.83"
"2,71 : 695.45"
"2,72 : 337.38"
"2,73 : 593.27"
"2,74 : 639.1"
"2,75 : 600.0"
"2,76 : 125.72"
"2,77 : 487.88"
"2,78 : 698.06"
"2,79 : 127.91"
"2,80 : 601.04"
"2,81 : 13.45"
"2,82 : 829.4"
"2,83 : 556.82"
"2,84 : 468.24"
"2,85 : 693.48"
"2,86 : 834.64"
"2,87 : 526.34"
"2,88 : 846.26"
"2,89 : 696.28"
"2,90 : 1197.2"
"2,91 : 364.35"
"2,92 : 615.18"
"2,93 : 1143.04"
"2,94 : 623.14"
"2,95 : 821.36"
"2,96 : 519.01"
"2,97 : 507.87"
"2,98 : 716.06"
"2,99 : 828.2"
"3,0 : 275.59"
"3,1 : 662.59"
"3,2 : 483.62"
"3,3 : 0.0"
"3,4 : 406.6"
"3,5 : 271.93"
"3,6 : 389.49"
"3,7 : 396.21"
"3,8 : 211.24"
"3,9 : 306.41"
"3,10 : 661.51"
"3,11 : 205.12"
"3,12 : 316.08"
"3,13 : 379.96"
"3,14 : 373.0"
"3,15 : 583.66"
"3,16 : 232.12"
"3,17 : 364.44"
"3,18 : 358.88"
"3,19 : 62.82"
"3,20 : 75.8"
"3,21 : 532.86"
"3,22 : 509.65"
"3,23 : 173.18"
"3,24 : 328.8"
"3,25 : 334.99"
"3,26 : 419.98"
"3,27 : 101.21"
"3,28 : 181.89"
"3,29 : 147.65"
"3,30 : 164.13"
"3,31 : 182.0"
"3,32 : 451.69"
"3,33 : 47.93"
"3,34 : 364.97"
"3,35 : 586.42"
"3,36 : 117.63"
"3,37 : 252.0"
"3,38 : 168.08"
"3,39 : 310.08"
"3,40 : 677.53"
"3,41 : 46.1"
"3,42 : 262.73"
"3,43 : 285.85"
"3,44 : 256.73"
"3,45 : 62.37"
"3,46 : 107.81"
"3,47 : 438.78"
"3,48 : 113.0"
"3,49 : 406.04"
"3,50 : 130.25"
"3,51 : 430.85"
"3,52 : 699.73"
"3,53 : 584.14"
"3,54 : 662.38"
"3,55 : 156.52"
"3,56 : 501.14"
"3,57 : 194.79"
"3,58 : 737.98"
"3,59 : 657.31"
"3,60 : 216.3"
"3,61 : 512.56"
"3,62 : 182.99"
"3,63 : 269.02"
"3,64 : 355.54"
"3,65 : 330.61"
"3,66 : 454.8"
"3,67 : 242.87"
"3,68 : 584.51"
"3,69 : 299.19"
"3,70 : 408.42"
"3,71 : 748.6"
"3,72 : 416.75"
"3,73 : 255.67"
"3,74 : 169.92"
"3,75 : 148.69"
"3,76 : 401.16"
"3,77 : 297.42"
"3,78 : 703.31"
"3,79 : 361.22"
"3,80 : 200.14"
"3,81 : 475.73"
"3,82 : 602.56"
"3,83 : 325.78"
"3,84 : 312.07"
"3,85 : 281.58"
"3,86 : 454.28"
"3,87 : 126.21"
"3,88 : 389.97"
"3,89 : 385.98"
"3,90 : 788.12"
"3,91 : 119.82"
"3,92 : 340.13"
"3,93 : 738.67"
"3,94 : 717.56"
"3,95 : 337.76"
"3,96 : 256.14"
"3,97 : 67.36"
"3,98 : 785.93"
"3,99 : 353.48"
"4,0 : 555.08"
"4,1 : 777.08"
"4,2 : 270.84"
"4,3 : 406.6"
"4,4 : 0.0"
"4,5 : 598.5"
"4,6 : 755.45"
"4,7 : 520.81"
"4,8 : 234.92"
"4,9 : 154.55"
"4,10 : 1068.03"
"4,11 : 567.72"
"4,12 : 109.64"
"4,13 : 539.0"
"4,14 : 721.27"
"4,15 : 984.15"
"4,16 : 625.8"
"4,17 : 317.97"
"4,18 : 730.12"
"4,19 : 461.24"
"4,20 : 365.84"
"4,21 : 580.3"
"4,22 : 812.51"
"4,23 : 303.43"
"4,24 : 733.21"
"4,25 : 500.58"
"4,26 : 825.73"
"4,27 : 507.08"
"4,28 : 261.71"
"4,29 : 533.24"
"4,30 : 483.44"
"4,31 : 466.15"
"4,32 : 805.27"
"4,33 : 426.24"
"4,34 : 667.16"
"4,35 : 889.96"
"4,36 : 510.84"
"4,37 : 656.93"
"4,38 : 259.86"
"4,39 : 712.95"
"4,40 : 786.64"
"4,41 : 438.1"
"4,42 : 446.52"
"4,43 : 133.93"
"4,44 : 663.27"
"4,45 : 344.36"
"4,46 : 299.35"
"4,47 : 438.31"
"4,48 : 518.48"
"4,49 : 812.6"
"4,50 : 532.74"
"4,51 : 704.66"
"4,52 : 933.04"
"4,53 : 982.61"
"4,54 : 905.84"
"4,55 : 346.26"
"4,56 : 856.04"
"4,57 : 532.2"
"4,58 : 1138.61"
"4,59 : 1058.0"
"4,60 : 192.72"
"4,61 : 887.32"
"4,62 : 344.7"
"4,63 : 623.93"
"4,64 : 615.67"
"4,65 : 571.3"
"4,66 : 839.21"
"4,67 : 372.09"
"4,68 : 938.32"
"4,69 : 425.38"
"4,70 : 505.11"
"4,71 : 904.0"
"4,72 : 66.6"
"4,73 : 392.02"
"4,74 : 575.76"
"4,75 : 553.75"
"4,76 : 152.01"
"4,77 : 256.07"
"4,78 : 889.56"
"4,79 : 260.72"
"4,80 : 589.52"
"4,81 : 257.42"
"4,82 : 928.84"
"4,83 : 320.81"
"4,84 : 229.63"
"4,85 : 510.34"
"4,86 : 618.29"
"4,87 : 379.73"
"4,88 : 679.4"
"4,89 : 465.03"
"4,90 : 1192.94"
"4,91 : 322.07"
"4,92 : 674.83"
"4,93 : 1142.44"
"4,94 : 841.6"
"4,95 : 713.63"
"4,96 : 570.71"
"4,97 : 461.21"
"4,98 : 931.29"
"4,99 : 751.65"
"5,0 : 72.42"
"5,1 : 457.54"
"5,2 : 548.53"
"5,3 : 271.93"
"5,4 : 598.5"
"5,5 : 0.0"
"5,6 : 491.28"
"5,7 : 654.73"
"5,8 : 465.05"
"5,9 : 546.5"
"5,10 : 557.4"
"5,11 : 80.72"
"5,12 : 489.92"
"5,13 : 226.57"
"5,14 : 123.55"
"5,15 : 555.17"
"5,16 : 330.35"
"5,17 : 390.92"
"5,18 : 149.4"
"5,19 : 278.18"
"5,20 : 347.54"
"5,21 : 403.01"
"5,22 : 664.51"
"5,23 : 295.08"
"5,24 : 332.24"
"5,25 : 207.42"
"5,26 : 332.46"
"5,27 : 247.16"
"5,28 : 337.48"
"5,29 : 145.09"
"5,30 : 396.87"
"5,31 : 427.86"
"5,32 : 558.75"
"5,33 : 302.79"
"5,34 : 94.43"
"5,35 : 315.63"
"5,36 : 293.8"
"5,37 : 285.33"
"5,38 : 343.13"
"5,39 : 332.28"
"5,40 : 473.66"
"5,41 : 288.57"
"5,42 : 191.6"
"5,43 : 464.61"
"5,44 : 260.93"
"5,45 : 312.64"
"5,46 : 335.66"
"5,47 : 384.61"
"5,48 : 249.62"
"5,49 : 341.32"
"5,50 : 267.26"
"5,51 : 622.01"
"5,52 : 434.87"
"5,53 : 564.91"
"5,54 : 395.89"
"5,55 : 428.44"
"5,56 : 596.79"
"5,57 : 77.65"
"5,58 : 579.57"
"5,59 : 503.35"
"5,60 : 440.26"
"5,61 : 571.45"
"5,62 : 255.84"
"5,63 : 425.12"
"5,64 : 569.53"
"5,65 : 559.8"
"5,66 : 503.09"
"5,67 : 252.05"
"5,68 : 339.82"
"5,69 : 243.59"
"5,70 : 671.27"
"5,71 : 511.96"
"5,72 : 631.21"
"5,73 : 525.26"
"5,74 : 249.43"
"5,75 : 204.36"
"5,76 : 525.32"
"5,77 : 561.91"
"5,78 : 455.52"
"5,79 : 426.41"
"5,80 : 134.83"
"5,81 : 547.09"
"5,82 : 338.81"
"5,83 : 596.61"
"5,84 : 572.02"
"5,85 : 525.67"
"5,86 : 696.21"
"5,87 : 396.45"
"5,88 : 577.42"
"5,89 : 652.92"
"5,90 : 651.52"
"5,91 : 284.96"
"5,92 : 76.54"
"5,93 : 596.86"
"5,94 : 500.12"
"5,95 : 436.04"
"5,96 : 29.73"
"5,97 : 209.35"
"5,98 : 551.46"
"5,99 : 384.44"
"6,0 : 546.88"
"6,1 : 948.78"
"6,2 : 872.87"
"6,3 : 389.49"
"6,4 : 755.45"
"6,5 : 491.28"
"6,6 : 0.0"
"6,7 : 406.67"
"6,8 : 521.81"
"6,9 : 615.75"
"6,10 : 429.26"
"6,11 : 418.31"
"6,12 : 686.45"
"6,13 : 698.34"
"6,14 : 497.59"
"6,15 : 276.54"
"6,16 : 170.99"
"6,17 : 750.12"
"6,18 : 439.66"
"6,19 : 326.97"
"6,20 : 397.28"
"6,21 : 872.93"
"6,22 : 187.88"
"6,23 : 562.01"
"6,24 : 182.78"
"6,25 : 663.41"
"6,26 : 291.41"
"6,27 : 305.01"
"6,28 : 570.11"
"6,29 : 373.28"
"6,30 : 272.15"
"6,31 : 293.53"
"6,32 : 68.01"
"6,33 : 349.81"
"6,34 : 566.12"
"6,35 : 706.32"
"6,36 : 272.66"
"6,37 : 206.17"
"6,38 : 554.05"
"6,39 : 169.99"
"6,40 : 964.91"
"6,41 : 344.62"
"6,42 : 607.01"
"6,43 : 657.09"
"6,44 : 232.73"
"6,45 : 438.99"
"6,46 : 484.49"
"6,47 : 807.87"
"6,48 : 294.11"
"6,49 : 258.71"
"6,50 : 271.03"
"6,51 : 206.97"
"6,52 : 882.03"
"6,53 : 265.65"
"6,54 : 841.01"
"6,55 : 410.91"
"6,56 : 113.04"
"6,57 : 454.68"
"6,58 : 565.07"
"6,59 : 499.3"
"6,60 : 567.79"
"6,61 : 132.57"
"6,62 : 564.39"
"6,63 : 131.53"
"6,64 : 230.27"
"6,65 : 264.5"
"6,66 : 101.98"
"6,67 : 615.29"
"6,68 : 612.8"
"6,69 : 656.41"
"6,70 : 438.46"
"6,71 : 993.56"
"6,72 : 742.35"
"6,73 : 406.66"
"6,74 : 257.51"
"6,75 : 306.54"
"6,76 : 783.8"
"6,77 : 545.36"
"6,78 : 930.0"
"6,79 : 750.56"
"6,80 : 358.02"
"6,81 : 864.69"
"6,82 : 681.01"
"6,83 : 519.51"
"6,84 : 573.09"
"6,85 : 296.32"
"6,86 : 371.66"
"6,87 : 375.72"
"6,88 : 176.48"
"6,89 : 452.62"
"6,90 : 571.64"
"6,91 : 509.26"
"6,92 : 506.72"
"6,93 : 540.32"
"6,94 : 989.65"
"6,95 : 56.52"
"6,96 : 501.01"
"6,97 : 378.08"
"6,98 : 1033.51"
"6,99 : 131.75"
"7,0 : 670.13"
"7,1 : 1055.63"
"7,2 : 743.24"
"7,3 : 396.21"
"7,4 : 520.81"
"7,5 : 654.73"
"7,6 : 406.67"
"7,7 : 0.0"
"7,8 : 325.53"
"7,9 : 368.4"
"7,10 : 830.84"
"7,11 : 577.18"
"7,12 : 510.19"
"7,13 : 771.43"
"7,14 : 731.14"
"7,15 : 683.18"
"7,16 : 404.45"
"7,17 : 687.29"
"7,18 : 695.63"
"7,19 : 376.61"
"7,20 : 331.23"
"7,21 : 908.93"
"7,22 : 353.06"
"7,23 : 513.02"
"7,24 : 515.82"
"7,25 : 725.16"
"7,26 : 644.75"
"7,27 : 411.32"
"7,28 : 487.89"
"7,29 : 511.46"
"7,30 : 261.27"
"7,31 : 227.55"
"7,32 : 417.6"
"7,33 : 355.64"
"7,34 : 749.08"
"7,35 : 956.03"
"7,36 : 368.44"
"7,37 : 472.23"
"7,38 : 465.42"
"7,39 : 491.54"
"7,40 : 1070.16"
"7,41 : 368.21"
"7,42 : 650.69"
"7,43 : 491.11"
"7,44 : 499.51"
"7,45 : 387.5"
"7,46 : 403.1"
"7,47 : 792.43"
"7,48 : 411.99"
"7,49 : 615.57"
"7,50 : 400.71"
"7,51 : 241.83"
"7,52 : 1089.3"
"7,53 : 671.77"
"7,54 : 1050.58"
"7,55 : 261.46"
"7,56 : 458.03"
"7,57 : 582.1"
"7,58 : 956.31"
"7,59 : 883.39"
"7,60 : 399.25"
"7,61 : 521.44"
"7,62 : 546.67"
"7,63 : 317.82"
"7,64 : 178.01"
"7,65 : 143.0"
"7,66 : 508.46"
"7,67 : 611.42"
"7,68 : 916.1"
"7,69 : 676.85"
"7,70 : 32.45"
"7,71 : 1144.81"
"7,72 : 476.46"
"7,73 : 157.0"
"7,74 : 438.28"
"7,75 : 465.81"
"7,76 : 622.14"
"7,77 : 265.0"
"7,78 : 1098.86"
"7,79 : 656.26"
"7,80 : 543.39"
"7,81 : 731.02"
"7,82 : 957.27"
"7,83 : 201.06"
"7,84 : 291.25"
"7,85 : 137.61"
"7,86 : 98.51"
"7,87 : 274.05"
"7,88 : 244.08"
"7,89 : 62.77"
"7,90 : 973.39"
"7,91 : 467.27"
"7,92 : 711.46"
"7,93 : 937.58"
"7,94 : 1112.21"
"7,95 : 402.38"
"7,96 : 644.75"
"7,97 : 448.31"
"7,98 : 1182.05"
"7,99 : 492.89"
"8,0 : 447.32"
"8,1 : 777.77"
"8,2 : 419.11"
"8,3 : 211.24"
"8,4 : 234.92"
"8,5 : 465.05"
"8,6 : 521.81"
"8,7 : 325.53"
"8,8 : 0.0"
"8,9 : 99.49"
"8,10 : 858.42"
"8,11 : 409.57"
"8,12 : 189.68"
"8,13 : 499.56"
"8,14 : 576.9"
"8,15 : 760.13"
"8,16 : 402.34"
"8,17 : 367.61"
"8,18 : 568.37"
"8,19 : 250.73"
"8,20 : 147.87"
"8,21 : 608.49"
"8,22 : 580.9"
"8,23 : 218.84"
"8,24 : 516.76"
"8,25 : 453.15"
"8,26 : 622.24"
"8,27 : 300.91"
"8,28 : 181.23"
"8,29 : 357.51"
"8,30 : 249.71"
"8,31 : 231.23"
"8,32 : 570.48"
"8,33 : 212.85"
"8,34 : 551.93"
"8,35 : 779.4"
"8,36 : 292.51"
"8,37 : 443.02"
"8,38 : 160.61"
"8,39 : 494.63"
"8,40 : 790.76"
"8,41 : 227.61"
"8,42 : 380.54"
"8,43 : 167.29"
"8,44 : 454.85"
"8,45 : 155.36"
"8,46 : 130.75"
"8,47 : 480.45"
"8,48 : 310.76"
"8,49 : 604.51"
"8,50 : 319.83"
"8,51 : 475.96"
"8,52 : 868.28"
"8,53 : 757.0"
"8,54 : 834.21"
"8,55 : 111.4"
"8,56 : 621.2"
"8,57 : 388.37"
"8,58 : 944.68"
"8,59 : 864.26"
"8,60 : 73.82"
"8,61 : 654.11"
"8,62 : 262.61"
"8,63 : 390.36"
"8,64 : 386.97"
"8,65 : 344.47"
"8,66 : 608.45"
"8,67 : 321.76"
"8,68 : 792.08"
"8,69 : 389.65"
"8,70 : 320.22"
"8,71 : 885.19"
"8,72 : 222.55"
"8,73 : 174.35"
"8,74 : 366.4"
"8,75 : 356.5"
"8,76 : 301.41"
"8,77 : 103.62"
"8,78 : 852.22"
"8,79 : 332.09"
"8,80 : 411.21"
"8,81 : 407.24"
"8,82 : 803.1"
"8,83 : 160.56"
"8,84 : 107.67"
"8,85 : 282.51"
"8,86 : 415.55"
"8,87 : 147.05"
"8,88 : 447.76"
"8,89 : 283.68"
"8,90 : 990.15"
"8,91 : 192.87"
"8,92 : 538.84"
"8,93 : 942.45"
"8,94 : 839.1"
"8,95 : 482.07"
"8,96 : 443.19"
"8,97 : 277.33"
"8,98 : 919.03"
"8,99 : 528.27"
"9,0 : 520.0"
"9,1 : 816.12"
"9,2 : 387.83"
"9,3 : 306.41"
"9,4 : 154.55"
"9,5 : 546.5"
"9,6 : 615.75"
"9,7 : 368.4"
"9,8 : 99.49"
"9,9 : 0.0"
"9,10 : 957.86"
"9,11 : 497.69"
"9,12 : 156.6"
"9,13 : 548.65"
"9,14 : 662.87"
"9,15 : 858.73"
"9,16 : 501.45"
"9,17 : 375.92"
"9,18 : 658.98"
"9,19 : 349.47"
"9,20 : 246.92"
"9,21 : 633.57"
"9,22 : 660.61"
"9,23 : 272.26"
"9,24 : 616.24"
"9,25 : 504.05"
"9,26 : 721.12"
"9,27 : 399.3"
"9,28 : 228.09"
"9,29 : 449.82"
"9,30 : 344.82"
"9,31 : 322.59"
"9,32 : 661.38"
"9,33 : 311.75"
"9,34 : 628.76"
"9,35 : 856.84"
"9,36 : 392.0"
"9,37 : 542.46"
"9,38 : 213.35"
"9,39 : 594.07"
"9,40 : 827.92"
"9,41 : 326.2"
"9,42 : 436.17"
"9,43 : 149.34"
"9,44 : 553.97"
"9,45 : 246.98"
"9,46 : 212.72"
"9,47 : 496.73"
"9,48 : 409.41"
"9,49 : 703.76"
"9,50 : 419.08"
"9,51 : 551.54"
"9,52 : 931.36"
"9,53 : 855.24"
"9,54 : 899.38"
"9,55 : 205.6"
"9,56 : 711.71"
"9,57 : 471.83"
"9,58 : 1042.8"
"9,59 : 962.27"
"9,60 : 108.07"
"9,61 : 748.32"
"9,62 : 318.64"
"9,63 : 484.85"
"9,64 : 462.77"
"9,65 : 417.94"
"9,66 : 704.83"
"9,67 : 368.55"
"9,68 : 879.88"
"9,69 : 433.87"
"9,70 : 354.77"
"9,71 : 931.93"
"9,72 : 126.76"
"9,73 : 237.92"
"9,74 : 465.43"
"9,75 : 453.71"
"9,76 : 262.53"
"9,77 : 103.75"
"9,78 : 905.49"
"9,79 : 328.87"
"9,80 : 504.73"
"9,81 : 374.8"
"9,82 : 885.25"
"9,83 : 171.56"
"9,84 : 80.78"
"9,85 : 357.58"
"9,86 : 465.1"
"9,87 : 244.4"
"9,88 : 527.83"
"9,89 : 314.99"
"9,90 : 1089.23"
"9,91 : 263.27"
"9,92 : 621.99"
"9,93 : 1041.26"
"9,94 : 879.29"
"9,95 : 578.21"
"9,96 : 522.4"
"9,97 : 370.65"
"9,98 : 963.59"
"9,99 : 627.21"
"10,0 : 629.54"
"10,1 : 925.2"
"10,2 : 1092.12"
"10,3 : 661.51"
"10,4 : 1068.03"
"10,5 : 557.4"
"10,6 : 429.26"
"10,7 : 830.84"
"10,8 : 858.42"
"10,9 : 957.86"
"10,10 : 0.0"
"10,11 : 536.62"
"10,12 : 973.43"
"10,13 : 775.16"
"10,14 : 466.16"
"10,15 : 173.67"
"10,16 : 462.71"
"10,17 : 939.19"
"10,18 : 413.63"
"10,19 : 609.84"
"10,20 : 711.23"
"10,21 : 942.28"
"10,22 : 573.18"
"10,23 : 794.8"
"10,24 : 343.09"
"10,25 : 763.48"
"10,26 : 244.05"
"10,27 : 561.81"
"10,28 : 824.12"
"10,29 : 546.32"
"10,30 : 634.16"
"10,31 : 667.76"
"10,32 : 444.0"
"10,33 : 646.89"
"10,34 : 567.56"
"10,35 : 553.39"
"10,36 : 566.0"
"10,37 : 415.41"
"10,38 : 817.77"
"10,39 : 366.55"
"10,40 : 940.09"
"10,41 : 633.27"
"10,42 : 745.06"
"10,43 : 943.59"
"10,44 : 405.36"
"10,45 : 723.84"
"10,46 : 768.74"
"10,47 : 941.87"
"10,48 : 550.8"
"10,49 : 255.49"
"10,50 : 539.11"
"10,51 : 631.75"
"10,52 : 745.38"
"10,53 : 192.87"
"10,54 : 710.37"
"10,55 : 761.61"
"10,56 : 429.47"
"10,57 : 583.12"
"10,58 : 152.46"
"10,59 : 126.83"
"10,60 : 877.31"
"10,61 : 352.63"
"10,62 : 772.13"
"10,63 : 519.31"
"10,64 : 658.0"
"10,65 : 687.9"
"10,66 : 332.8"
"10,67 : 793.19"
"10,68 : 400.18"
"10,69 : 798.79"
"10,70 : 861.66"
"10,71 : 908.44"
"10,72 : 1075.91"
"10,73 : 797.43"
"10,74 : 493.74"
"10,75 : 514.79"
"10,76 : 1042.49"
"10,77 : 915.53"
"10,78 : 834.55"
"10,79 : 965.01"
"10,80 : 493.26"
"10,81 : 1088.49"
"10,82 : 492.59"
"10,83 : 908.83"
"10,84 : 939.24"
"10,85 : 707.25"
"10,86 : 800.89"
"10,87 : 719.45"
"10,88 : 605.31"
"10,89 : 870.58"
"10,90 : 142.64"
"10,91 : 757.0"
"10,92 : 511.0"
"10,93 : 115.26"
"10,94 : 940.03"
"10,95 : 428.72"
"10,96 : 584.54"
"10,97 : 609.16"
"10,98 : 944.98"
"10,99 : 345.12"
"11,0 : 128.74"
"11,1 : 533.14"
"11,2 : 555.6"
"11,3 : 205.12"
"11,4 : 567.72"
"11,5 : 80.72"
"11,6 : 418.31"
"11,7 : 577.18"
"11,8 : 409.57"
"11,9 : 497.69"
"11,10 : 536.62"
"11,11 : 0.0"
"11,12 : 462.41"
"11,13 : 283.44"
"11,14 : 168.11"
"11,15 : 510.77"
"11,16 : 253.24"
"11,17 : 403.01"
"11,18 : 162.96"
"11,19 : 201.8"
"11,20 : 280.58"
"11,21 : 460.54"
"11,22 : 587.31"
"11,23 : 270.05"
"11,24 : 271.15"
"11,25 : 254.05"
"11,26 : 298.21"
"11,27 : 167.39"
"11,28 : 307.33"
"11,29 : 65.74"
"11,30 : 317.8"
"11,31 : 349.76"
"11,32 : 486.21"
"11,33 : 229.73"
"11,34 : 173.1"
"11,35 : 383.76"
"11,36 : 213.58"
"11,37 : 214.65"
"11,38 : 307.9"
"11,39 : 267.05"
"11,40 : 549.17"
"11,41 : 214.65"
"11,42 : 214.9"
"11,43 : 434.75"
"11,44 : 193.89"
"11,45 : 254.28"
"11,46 : 285.04"
"11,47 : 420.3"
"11,48 : 169.26"
"11,49 : 299.83"
"11,50 : 186.56"
"11,51 : 541.89"
"11,52 : 514.01"
"11,53 : 518.23"
"11,54 : 474.57"
"11,55 : 360.23"
"11,56 : 526.52"
"11,57 : 47.17"
"11,58 : 579.97"
"11,59 : 500.64"
"11,60 : 395.3"
"11,61 : 507.14"
"11,62 : 239.74"
"11,63 : 345.6"
"11,64 : 488.81"
"11,65 : 479.44"
"11,66 : 439.33"
"11,67 : 256.63"
"11,68 : 382.64"
"11,69 : 269.26"
"11,70 : 594.79"
"11,71 : 592.11"
"11,72 : 593.11"
"11,73 : 452.57"
"11,74 : 170.07"
"11,75 : 123.91"
"11,76 : 514.09"
"11,77 : 501.48"
"11,78 : 536.21"
"11,79 : 428.87"
"11,80 : 61.19"
"11,81 : 552.22"
"11,82 : 397.45"
"11,83 : 530.59"
"11,84 : 514.34"
"11,85 : 446.53"
"11,86 : 616.28"
"11,87 : 325.39"
"11,88 : 497.32"
"11,89 : 578.07"
"11,90 : 644.18"
"11,91 : 245.98"
"11,92 : 136.57"
"11,93 : 590.79"
"11,94 : 578.0"
"11,95 : 362.3"
"11,96 : 83.19"
"11,97 : 138.71"
"11,98 : 631.51"
"11,99 : 320.15"
"12,0 : 445.49"
"12,1 : 683.05"
"12,2 : 234.16"
"12,3 : 316.08"
"12,4 : 109.64"
"12,5 : 489.92"
"12,6 : 686.45"
"12,7 : 510.19"
"12,8 : 189.68"
"12,9 : 156.6"
"12,10 : 973.43"
"12,11 : 462.41"
"12,12 : 0.0"
"12,13 : 434.04"
"12,14 : 613.01"
"12,15 : 899.45"
"12,16 : 544.14"
"12,17 : 228.59"
"12,18 : 623.94"
"12,19 : 375.13"
"12,20 : 289.32"
"12,21 : 491.7"
"12,22 : 765.05"
"12,23 : 195.02"
"12,24 : 644.86"
"12,25 : 394.02"
"12,26 : 729.8"
"12,27 : 417.23"
"12,28 : 155.08"
"12,29 : 432.14"
"12,30 : 418.97"
"12,31 : 408.75"
"12,32 : 741.34"
"12,33 : 343.26"
"12,34 : 557.56"
"12,35 : 780.43"
"12,36 : 427.8"
"12,37 : 568.03"
"12,38 : 156.73"
"12,39 : 626.07"
"12,40 : 693.6"
"12,41 : 352.94"
"12,42 : 337.62"
"12,43 : 30.23"
"12,44 : 571.32"
"12,45 : 255.78"
"12,46 : 208.86"
"12,47 : 351.13"
"12,48 : 429.07"
"12,49 : 718.84"
"12,50 : 445.7"
"12,51 : 663.03"
"12,52 : 827.22"
"12,53 : 899.42"
"12,54 : 799.08"
"12,55 : 291.65"
"12,56 : 792.23"
"12,57 : 425.23"
"12,58 : 1037.62"
"12,59 : 957.24"
"12,60 : 122.92"
"12,61 : 816.08"
"12,62 : 235.3"
"12,63 : 556.27"
"12,64 : 574.46"
"12,65 : 533.0"
"12,66 : 763.43"
"12,67 : 263.39"
"12,68 : 829.62"
"12,69 : 319.16"
"12,70 : 500.92"
"12,71 : 806.2"
"12,72 : 156.82"
"12,73 : 363.46"
"12,74 : 485.8"
"12,75 : 458.91"
"12,76 : 112.18"
"12,77 : 254.02"
"12,78 : 787.89"
"12,79 : 176.47"
"12,80 : 488.09"
"12,81 : 221.56"
"12,82 : 819.24"
"12,83 : 322.93"
"12,84 : 235.65"
"12,85 : 471.0"
"12,86 : 603.1"
"12,87 : 316.61"
"12,88 : 632.56"
"12,89 : 462.21"
"12,90 : 1094.86"
"12,91 : 218.96"
"12,92 : 566.08"
"12,93 : 1043.47"
"12,94 : 747.28"
"12,95 : 640.39"
"12,96 : 461.85"
"12,97 : 364.28"
"12,98 : 835.16"
"12,99 : 668.23"
"13,0 : 157.11"
"13,1 : 284.29"
"13,2 : 392.42"
"13,3 : 379.96"
"13,4 : 539.0"
"13,5 : 226.57"
"13,6 : 698.34"
"13,7 : 771.43"
"13,8 : 499.56"
"13,9 : 548.65"
"13,10 : 775.16"
"13,11 : 283.44"
"13,12 : 434.04"
"13,13 : 0.0"
"13,14 : 311.72"
"13,15 : 781.71"
"13,16 : 529.06"
"13,17 : 243.5"
"13,18 : 361.58"
"13,19 : 419.36"
"13,20 : 440.2"
"13,21 : 177.48"
"13,22 : 857.96"
"13,23 : 281.15"
"13,24 : 553.54"
"13,25 : 46.87"
"13,26 : 558.2"
"13,27 : 411.9"
"13,28 : 322.45"
"13,29 : 325.71"
"13,30 : 540.41"
"13,31 : 561.7"
"13,32 : 766.33"
"13,33 : 425.89"
"13,34 : 213.01"
"13,35 : 382.8"
"13,36 : 457.38"
"13,37 : 497.55"
"13,38 : 340.62"
"13,39 : 550.41"
"13,40 : 298.73"
"13,41 : 417.6"
"13,42 : 121.61"
"13,43 : 419.62"
"13,44 : 477.31"
"13,45 : 384.88"
"13,46 : 379.19"
"13,47 : 180.48"
"13,48 : 419.53"
"13,49 : 567.87"
"13,50 : 442.04"
"13,51 : 797.3"
"13,52 : 394.15"
"13,53 : 791.46"
"13,54 : 368.29"
"13,55 : 513.81"
"13,56 : 808.38"
"13,57 : 243.76"
"13,58 : 777.42"
"13,59 : 706.65"
"13,60 : 444.78"
"13,61 : 790.56"
"13,62 : 237.03"
"13,63 : 610.44"
"13,64 : 730.01"
"13,65 : 709.03"
"13,66 : 722.68"
"13,67 : 180.25"
"13,68 : 483.14"
"13,69 : 115.74"
"13,70 : 779.77"
"13,71 : 385.67"
"13,72 : 590.79"
"13,73 : 620.8"
"13,74 : 442.41"
"13,75 : 393.08"
"13,76 : 418.71"
"13,77 : 602.98"
"13,78 : 357.02"
"13,79 : 297.83"
"13,80 : 344.58"
"13,81 : 395.78"
"13,82 : 439.01"
"13,83 : 656.79"
"13,84 : 602.08"
"13,85 : 661.53"
"13,86 : 834.12"
"13,87 : 497.41"
"13,88 : 753.81"
"13,89 : 752.17"
"13,90 : 856.49"
"13,91 : 312.08"
"13,92 : 264.43"
"13,93 : 801.49"
"13,94 : 342.47"
"13,95 : 641.89"
"13,96 : 206.09"
"13,97 : 345.77"
"13,98 : 419.59"
"13,99 : 603.46"
"14,0 : 183.14"
"14,1 : 480.69"
"14,2 : 666.1"
"14,3 : 373.0"
"14,4 : 721.27"
"14,5 : 123.55"
"14,6 : 497.59"
"14,7 : 731.14"
"14,8 : 576.9"
"14,9 : 662.87"
"14,10 : 466.16"
"14,11 : 168.11"
"14,12 : 613.01"
"14,13 : 311.72"
"14,14 : 0.0"
"14,15 : 496.52"
"14,16 : 360.6"
"14,17 : 507.73"
"14,18 : 62.94"
"14,19 : 363.33"
"14,20 : 448.16"
"14,21 : 476.12"
"14,22 : 682.3"
"14,23 : 418.03"
"14,24 : 318.68"
"14,25 : 306.87"
"14,26 : 271.28"
"14,27 : 321.38"
"14,28 : 459.79"
"14,29 : 228.16"
"14,30 : 469.91"
"14,31 : 504.58"
"14,32 : 561.21"
"14,33 : 394.57"
"14,34 : 101.41"
"14,35 : 225.61"
"14,36 : 362.71"
"14,37 : 299.41"
"14,38 : 464.28"
"14,39 : 327.84"
"14,40 : 496.57"
"14,41 : 378.93"
"14,42 : 308.35"
"14,43 : 587.33"
"14,44 : 269.48"
"14,45 : 421.9"
"14,46 : 450.34"
"14,47 : 485.88"
"14,48 : 319.53"
"14,49 : 290.66"
"14,50 : 330.64"
"14,51 : 659.72"
"14,52 : 385.39"
"14,53 : 509.7"
"14,54 : 344.37"
"14,55 : 527.1"
"14,56 : 591.18"
"14,57 : 191.64"
"14,58 : 468.0"
"14,59 : 395.42"
"14,60 : 558.32"
"14,61 : 551.01"
"14,62 : 379.35"
"14,63 : 462.9"
"14,64 : 621.51"
"14,65 : 620.29"
"14,66 : 483.93"
"14,67 : 373.45"
"14,68 : 217.92"
"14,69 : 356.93"
"14,70 : 751.32"
"14,71 : 501.78"
"14,72 : 752.31"
"14,73 : 615.84"
"14,74 : 297.4"
"14,75 : 265.32"
"14,76 : 648.21"
"14,77 : 669.59"
"14,78 : 434.93"
"14,79 : 546.56"
"14,80 : 187.93"
"14,81 : 665.47"
"14,82 : 230.36"
"14,83 : 697.88"
"14,84 : 682.22"
"14,85 : 596.12"
"14,86 : 759.39"
"14,87 : 490.87"
"14,88 : 615.82"
"14,89 : 737.79"
"14,90 : 545.18"
"14,91 : 404.59"
"14,92 : 50.93"
"14,93 : 490.18"
"14,94 : 509.82"
"14,95 : 447.39"
"14,96 : 152.64"
"14,97 : 306.1"
"14,98 : 541.6"
"14,99 : 373.32"
"15,0 : 626.04"
"15,1 : 976.59"
"15,2 : 1049.41"
"15,3 : 583.66"
"15,4 : 984.15"
"15,5 : 555.17"
"15,6 : 276.54"
"15,7 : 683.18"
"15,8 : 760.13"
"15,9 : 858.73"
"15,10 : 173.67"
"15,11 : 510.77"
"15,12 : 899.45"
"15,13 : 781.71"
"15,14 : 496.52"
"15,15 : 0.0"
"15,16 : 358.63"
"15,17 : 905.73"
"15,18 : 434.84"
"15,19 : 524.56"
"15,20 : 618.61"
"15,21 : 957.41"
"15,22 : 402.12"
"15,23 : 738.86"
"15,24 : 256.73"
"15,25 : 760.15"
"15,26 : 226.27"
"15,27 : 482.96"
"15,28 : 760.42"
"15,29 : 499.12"
"15,30 : 518.45"
"15,31 : 547.89"
"15,32 : 278.19"
"15,33 : 558.21"
"15,34 : 593.16"
"15,35 : 642.22"
"15,36 : 473.4"
"15,37 : 333.05"
"15,38 : 749.83"
"15,39 : 273.72"
"15,40 : 992.34"
"15,41 : 547.18"
"15,42 : 725.55"
"15,43 : 869.22"
"15,44 : 335.78"
"15,45 : 643.75"
"15,46 : 690.6"
"15,47 : 930.97"
"15,48 : 470.97"
"15,49 : 213.85"
"15,50 : 453.75"
"15,51 : 469.14"
"15,52 : 835.5"
"15,53 : 20.25"
"15,54 : 797.02"
"15,55 : 654.81"
"15,56 : 258.07"
"15,57 : 557.43"
"15,58 : 325.12"
"15,59 : 281.95"
"15,60 : 791.47"
"15,61 : 181.02"
"15,62 : 725.55"
"15,63 : 387.58"
"15,64 : 506.21"
"15,65 : 540.99"
"15,66 : 174.75"
"15,67 : 759.59"
"15,68 : 504.45"
"15,69 : 779.82"
"15,70 : 715.0"
"15,71 : 983.21"
"15,72 : 982.35"
"15,73 : 672.03"
"15,74 : 415.27"
"15,75 : 450.01"
"15,76 : 982.07"
"15,77 : 802.21"
"15,78 : 911.4"
"15,79 : 921.69"
"15,80 : 455.37"
"15,81 : 1043.79"
"15,82 : 592.68"
"15,83 : 785.37"
"15,84 : 828.22"
"15,85 : 569.47"
"15,86 : 642.97"
"15,87 : 614.53"
"15,88 : 447.39"
"15,89 : 728.61"
"15,90 : 308.1"
"15,91 : 693.47"
"15,92 : 530.54"
"15,93 : 288.68"
"15,94 : 1001.9"
"15,95 : 291.22"
"15,96 : 577.38"
"15,97 : 544.27"
"15,98 : 1021.89"
"15,99 : 232.54"
"16,0 : 380.37"
"16,1 : 786.36"
"16,2 : 713.34"
"16,3 : 232.12"
"16,4 : 625.8"
"16,5 : 330.35"
"16,6 : 170.99"
"16,7 : 404.45"
"16,8 : 402.34"
"16,9 : 501.45"
"16,10 : 462.71"
"16,11 : 253.24"
"16,12 : 544.14"
"16,13 : 529.06"
"16,14 : 360.6"
"16,15 : 358.63"
"16,16 : 0.0"
"16,17 : 583.86"
"16,18 : 311.46"
"16,19 : 170.07"
"16,20 : 260.05"
"16,21 : 702.66"
"16,22 : 334.25"
"16,23 : 399.96"
"16,24 : 120.93"
"16,25 : 493.11"
"16,26 : 245.15"
"16,27 : 137.93"
"16,28 : 413.7"
"16,29 : 203.36"
"16,30 : 172.41"
"16,31 : 207.52"
"16,32 : 238.48"
"16,33 : 201.0"
"16,34 : 413.05"
"16,35 : 582.68"
"16,36 : 116.36"
"16,37 : 68.66"
"16,38 : 400.18"
"16,39 : 96.61"
"16,40 : 802.4"
"16,41 : 191.43"
"16,42 : 436.02"
"16,43 : 514.01"
"16,44 : 98.03"
"16,45 : 288.92"
"16,46 : 335.9"
"16,47 : 637.39"
"16,48 : 126.29"
"16,49 : 219.25"
"16,50 : 104.35"
"16,51 : 299.24"
"16,52 : 743.93"
"16,53 : 356.81"
"16,54 : 703.1"
"16,55 : 300.22"
"16,56 : 283.49"
"16,57 : 286.18"
"16,58 : 567.63"
"16,59 : 490.38"
"16,60 : 433.26"
"16,61 : 283.1"
"16,62 : 397.79"
"16,63 : 102.73"
"16,64 : 265.93"
"16,65 : 273.66"
"16,66 : 222.99"
"16,67 : 446.05"
"16,68 : 518.77"
"16,69 : 485.58"
"16,70 : 431.0"
"16,71 : 840.49"
"16,72 : 624.08"
"16,73 : 338.42"
"16,74 : 86.83"
"16,75 : 136.12"
"16,76 : 633.17"
"16,77 : 452.97"
"16,78 : 780.63"
"16,79 : 588.43"
"16,80 : 195.53"
"16,81 : 706.05"
"16,82 : 570.84"
"16,83 : 447.67"
"16,84 : 477.12"
"16,85 : 268.01"
"16,86 : 411.0"
"16,87 : 258.64"
"16,88 : 255.23"
"16,89 : 429.77"
"16,90 : 600.16"
"16,91 : 349.32"
"16,92 : 358.5"
"16,93 : 556.87"
"16,94 : 830.41"
"16,95 : 114.74"
"16,96 : 336.41"
"16,97 : 209.77"
"16,98 : 880.24"
"16,99 : 126.15"
"17,0 : 324.62"
"17,1 : 459.13"
"17,2 : 158.42"
"17,3 : 364.44"
"17,4 : 317.97"
"17,5 : 390.92"
"17,6 : 750.12"
"17,7 : 687.29"
"17,8 : 367.61"
"17,9 : 375.92"
"17,10 : 939.19"
"17,11 : 403.01"
"17,12 : 228.59"
"17,13 : 243.5"
"17,14 : 507.73"
"17,15 : 905.73"
"17,16 : 583.86"
"17,17 : 0.0"
"17,18 : 540.21"
"17,19 : 425.01"
"17,20 : 386.36"
"17,21 : 263.7"
"17,22 : 872.46"
"17,23 : 192.76"
"17,24 : 652.74"
"17,25 : 217.88"
"17,26 : 700.82"
"17,27 : 446.17"
"17,28 : 202.83"
"17,29 : 406.67"
"17,30 : 519.04"
"17,31 : 524.85"
"17,32 : 814.27"
"17,33 : 409.67"
"17,34 : 424.95"
"17,35 : 623.03"
"17,36 : 478.13"
"17,37 : 580.67"
"17,38 : 224.88"
"17,39 : 640.78"
"17,40 : 468.7"
"17,41 : 410.54"
"17,42 : 199.72"
"17,43 : 227.26"
"17,44 : 571.84"
"17,45 : 329.48"
"17,46 : 295.41"
"17,47 : 122.54"
"17,48 : 457.63"
"17,49 : 700.13"
"17,50 : 480.11"
"17,51 : 786.5"
"17,52 : 631.16"
"17,53 : 910.79"
"17,54 : 608.55"
"17,55 : 432.26"
"17,56 : 862.84"
"17,57 : 356.19"
"17,58 : 970.46"
"17,59 : 893.81"
"17,60 : 295.65"
"17,61 : 866.66"
"17,62 : 186.08"
"17,63 : 633.35"
"17,64 : 704.13"
"17,65 : 670.52"
"17,66 : 804.08"
"17,67 : 146.82"
"17,68 : 707.21"
"17,69 : 151.98"
"17,70 : 685.61"
"17,71 : 587.18"
"17,72 : 378.54"
"17,73 : 530.65"
"17,74 : 503.92"
"17,75 : 460.89"
"17,76 : 180.02"
"17,77 : 459.15"
"17,78 : 577.1"
"17,79 : 58.22"
"17,80 : 452.23"
"17,81 : 158.52"
"17,82 : 674.76"
"17,83 : 524.76"
"17,84 : 447.76"
"17,85 : 611.95"
"17,86 : 769.89"
"17,87 : 436.74"
"17,88 : 748.28"
"17,89 : 650.39"
"17,90 : 1041.11"
"17,91 : 247.08"
"17,92 : 456.81"
"17,93 : 986.73"
"17,94 : 523.65"
"17,95 : 696.1"
"17,96 : 361.54"
"17,97 : 374.22"
"17,98 : 613.65"
"17,99 : 691.47"
"18,0 : 219.18"
"18,1 : 543.25"
"18,2 : 697.56"
"18,3 : 358.88"
"18,4 : 730.12"
"18,5 : 149.4"
"18,6 : 439.66"
"18,7 : 695.63"
"18,8 : 568.37"
"18,9 : 658.98"
"18,10 : 413.63"
"18,11 : 162.96"
"18,12 : 623.94"
"18,13 : 361.58"
"18,14 : 62.94"
"18,15 : 434.84"
"18,16 : 311.46"
"18,17 : 540.21"
"18,18 : 0.0"
"18,19 : 339.01"
"18,20 : 431.68"
"18,21 : 531.03"
"18,22 : 625.79"
"18,23 : 429.96"
"18,24 : 258.82"
"18,25 : 350.91"
"18,26 : 209.02"
"18,27 : 292.75"
"18,28 : 468.98"
"18,29 : 211.27"
"18,30 : 435.97"
"18,31 : 471.9"
"18,32 : 502.1"
"18,33 : 373.3"
"18,34 : 159.03"
"18,35 : 271.53"
"18,36 : 329.62"
"18,37 : 246.92"
"18,38 : 470.49"
"18,39 : 269.68"
"18,40 : 559.16"
"18,41 : 357.24"
"18,42 : 341.01"
"18,43 : 596.76"
"18,44 : 216.45"
"18,45 : 413.28"
"18,46 : 446.83"
"18,47 : 530.07"
"18,48 : 288.78"
"18,49 : 227.77"
"18,50 : 296.15"
"18,51 : 608.87"
"18,52 : 442.43"
"18,53 : 447.64"
"18,54 : 401.43"
"18,55 : 507.67"
"18,56 : 530.59"
"18,57 : 199.14"
"18,58 : 430.26"
"18,59 : 353.99"
"18,60 : 557.82"
"18,61 : 488.81"
"18,62 : 395.6"
"18,63 : 414.18"
"18,64 : 576.01"
"18,65 : 578.26"
"18,66 : 422.03"
"18,67 : 399.62"
"18,68 : 227.06"
"18,69 : 392.73"
"18,70 : 717.61"
"18,71 : 563.99"
"18,72 : 756.07"
"18,73 : 589.64"
"18,74 : 257.56"
"18,75 : 233.45"
"18,76 : 669.13"
"18,77 : 655.93"
"18,78 : 496.42"
"18,79 : 574.42"
"18,80 : 161.11"
"18,81 : 695.85"
"18,82 : 262.16"
"18,83 : 678.46"
"18,84 : 670.93"
"18,85 : 558.92"
"18,86 : 717.39"
"18,87 : 469.05"
"18,88 : 565.52"
"18,89 : 706.92"
"18,90 : 502.44"
"18,91 : 408.79"
"18,92 : 98.31"
"18,93 : 447.69"
"18,94 : 572.75"
"18,95 : 391.11"
"18,96 : 178.66"
"18,97 : 291.67"
"18,98 : 603.75"
"18,99 : 313.21"
"19,0 : 297.43"
"19,1 : 697.68"
"19,2 : 546.39"
"19,3 : 62.82"
"19,4 : 461.24"
"19,5 : 278.18"
"19,6 : 326.97"
"19,7 : 376.61"
"19,8 : 250.73"
"19,9 : 349.47"
"19,10 : 609.84"
"19,11 : 201.8"
"19,12 : 375.13"
"19,13 : 419.36"
"19,14 : 363.33"
"19,15 : 524.56"
"19,16 : 170.07"
"19,17 : 425.01"
"19,18 : 339.01"
"19,19 : 0.0"
"19,20 : 102.96"
"19,21 : 580.2"
"19,22 : 452.87"
"19,23 : 235.13"
"19,24 : 271.97"
"19,25 : 376.44"
"19,26 : 371.65"
"19,27 : 50.7"
"19,28 : 244.64"
"19,29 : 136.68"
"19,30 : 123.04"
"19,31 : 150.6"
"19,32 : 389.74"
"19,33 : 38.01"
"19,34 : 372.58"
"19,35 : 584.65"
"19,36 : 54.82"
"19,37 : 195.88"
"19,38 : 230.34"
"19,39 : 251.91"
"19,40 : 713.04"
"19,41 : 23.43"
"19,42 : 307.69"
"19,43 : 344.92"
"19,44 : 204.8"
"19,45 : 119.36"
"19,46 : 166.36"
"19,47 : 493.87"
"19,48 : 60.03"
"19,49 : 354.86"
"19,50 : 71.51"
"19,51 : 380.24"
"19,52 : 712.71"
"19,53 : 524.3"
"19,54 : 673.98"
"19,55 : 170.32"
"19,56 : 438.92"
"19,57 : 206.09"
"19,58 : 694.1"
"19,59 : 613.77"
"19,60 : 268.83"
"19,61 : 449.76"
"19,62 : 241.1"
"19,63 : 208.78"
"19,64 : 310.66"
"19,65 : 291.61"
"19,66 : 392.33"
"19,67 : 297.74"
"19,68 : 566.01"
"19,69 : 349.26"
"19,70 : 393.26"
"19,71 : 775.34"
"19,72 : 466.08"
"19,73 : 252.52"
"19,74 : 116.21"
"19,75 : 109.66"
"19,76 : 463.16"
"19,77 : 323.76"
"19,78 : 725.6"
"19,79 : 423.59"
"19,80 : 178.18"
"19,81 : 538.54"
"19,82 : 593.41"
"19,83 : 340.07"
"19,84 : 342.6"
"19,85 : 250.23"
"19,86 : 423.04"
"19,87 : 130.31"
"19,88 : 337.85"
"19,89 : 376.32"
"19,90 : 739.85"
"19,91 : 182.32"
"19,92 : 337.83"
"19,93 : 691.81"
"19,94 : 749.97"
"19,95 : 274.97"
"19,96 : 268.6"
"19,97 : 74.97"
"19,98 : 813.61"
"19,99 : 293.1"
"20,0 : 347.86"
"20,1 : 724.41"
"20,2 : 485.45"
"20,3 : 75.8"
"20,4 : 365.84"
"20,5 : 347.54"
"20,6 : 397.28"
"20,7 : 331.23"
"20,8 : 147.87"
"20,9 : 246.92"
"20,10 : 711.23"
"20,11 : 280.58"
"20,12 : 289.32"
"20,13 : 440.2"
"20,14 : 448.16"
"20,15 : 618.61"
"20,16 : 260.05"
"20,17 : 386.36"
"20,18 : 431.68"
"20,19 : 102.96"
"20,20 : 0.0"
"20,21 : 582.4"
"20,22 : 491.17"
"20,23 : 195.82"
"20,24 : 370.74"
"20,25 : 393.97"
"20,26 : 474.37"
"20,27 : 153.39"
"20,28 : 186.3"
"20,29 : 221.27"
"20,30 : 136.01"
"20,31 : 138.5"
"20,32 : 453.56"
"20,33 : 65.0"
"20,34 : 440.22"
"20,35 : 662.22"
"20,36 : 146.37"
"20,37 : 296.02"
"20,38 : 166.3"
"20,39 : 349.31"
"20,40 : 738.94"
"20,41 : 80.06"
"20,42 : 319.61"
"20,43 : 259.83"
"20,44 : 307.06"
"20,45 : 59.06"
"20,46 : 93.13"
"20,47 : 475.99"
"20,48 : 162.98"
"20,49 : 456.86"
"20,50 : 172.2"
"20,51 : 400.52"
"20,52 : 773.24"
"20,53 : 616.8"
"20,54 : 736.31"
"20,55 : 81.04"
"20,56 : 504.31"
"20,57 : 270.21"
"20,58 : 797.05"
"20,59 : 716.71"
"20,60 : 173.64"
"20,61 : 526.8"
"20,62 : 221.06"
"20,63 : 267.86"
"20,64 : 317.86"
"20,65 : 285.79"
"20,66 : 475.18"
"20,67 : 285.46"
"20,68 : 658.14"
"20,69 : 348.4"
"20,70 : 340.41"
"20,71 : 816.01"
"20,72 : 365.69"
"20,73 : 183.7"
"20,74 : 218.55"
"20,75 : 210.44"
"20,76 : 387.88"
"20,77 : 224.59"
"20,78 : 773.24"
"20,79 : 371.65"
"20,80 : 271.27"
"20,81 : 475.95"
"20,82 : 678.01"
"20,83 : 250.06"
"20,84 : 241.48"
"20,85 : 229.94"
"20,86 : 398.05"
"20,87 : 57.28"
"20,88 : 363.44"
"20,89 : 315.25"
"20,90 : 842.34"
"20,91 : 143.6"
"20,92 : 415.9"
"20,93 : 794.58"
"20,94 : 781.29"
"20,95 : 351.24"
"20,96 : 331.04"
"20,97 : 142.06"
"20,98 : 852.68"
"20,99 : 386.07"
"21,0 : 334.54"
"21,1 : 202.2"
"21,2 : 358.14"
"21,3 : 532.86"
"21,4 : 580.3"
"21,5 : 403.01"
"21,6 : 872.93"
"21,7 : 908.93"
"21,8 : 608.49"
"21,9 : 633.57"
"21,10 : 942.28"
"21,11 : 460.54"
"21,12 : 491.7"
"21,13 : 177.48"
"21,14 : 476.12"
"21,15 : 957.41"
"21,16 : 702.66"
"21,17 : 263.7"
"21,18 : 531.03"
"21,19 : 580.2"
"21,20 : 582.4"
"21,21 : 0.0"
"21,22 : 1027.45"
"21,23 : 396.96"
"21,24 : 730.99"
"21,25 : 209.55"
"21,26 : 732.71"
"21,27 : 579.6"
"21,28 : 428.16"
"21,29 : 499.65"
"21,30 : 696.81"
"21,31 : 713.63"
"21,32 : 940.81"
"21,33 : 580.54"
"21,34 : 374.72"
"21,35 : 487.99"
"21,36 : 623.2"
"21,37 : 674.04"
"21,38 : 449.9"
"21,39 : 727.59"
"21,40 : 209.38"
"21,41 : 574.74"
"21,42 : 272.62"
"21,43 : 487.71"
"21,44 : 654.41"
"21,45 : 523.84"
"21,46 : 506.11"
"21,47 : 141.99"
"21,48 : 588.26"
"21,49 : 743.73"
"21,50 : 611.3"
"21,51 : 960.44"
"21,52 : 424.86"
"21,53 : 967.63"
"21,54 : 414.89"
"21,55 : 647.48"
"21,56 : 983.81"
"21,57 : 419.58"
"21,58 : 931.24"
"21,59 : 864.87"
"21,60 : 542.22"
"21,61 : 967.64"
"21,62 : 362.49"
"21,63 : 779.43"
"21,64 : 888.19"
"21,65 : 862.98"
"21,66 : 899.87"
"21,67 : 297.68"
"21,68 : 616.88"
"21,69 : 234.39"
"21,70 : 912.92"
"21,71 : 337.33"
"21,72 : 641.98"
"21,73 : 753.33"
"21,74 : 615.83"
"21,75 : 566.57"
"21,76 : 434.95"
"21,77 : 707.52"
"21,78 : 344.69"
"21,79 : 319.73"
"21,80 : 521.58"
"21,81 : 367.0"
"21,82 : 554.48"
"21,83 : 769.03"
"21,84 : 700.16"
"21,85 : 810.99"
"21,86 : 980.43"
"21,87 : 639.05"
"21,88 : 917.9"
"21,89 : 881.42"
"21,90 : 1014.05"
"21,91 : 441.82"
"21,92 : 432.73"
"21,93 : 959.39"
"21,94 : 266.0"
"21,95 : 816.42"
"21,96 : 383.47"
"21,97 : 509.77"
"21,98 : 358.5"
"21,99 : 780.68"
"22,0 : 713.43"
"22,1 : 1120.41"
"22,2 : 976.03"
"22,3 : 509.65"
"22,4 : 812.51"
"22,5 : 664.51"
"22,6 : 187.88"
"22,7 : 353.06"
"22,8 : 580.9"
"22,9 : 660.61"
"22,10 : 573.18"
"22,11 : 587.31"
"22,12 : 765.05"
"22,13 : 857.96"
"22,14 : 682.3"
"22,15 : 402.12"
"22,16 : 334.25"
"22,17 : 872.46"
"22,18 : 625.79"
"22,19 : 452.87"
"22,20 : 491.17"
"22,21 : 1027.45"
"22,22 : 0.0"
"22,23 : 679.72"
"22,24 : 370.54"
"22,25 : 819.13"
"22,26 : 475.67"
"22,27 : 447.87"
"22,28 : 676.91"
"22,29 : 534.0"
"22,30 : 355.32"
"22,31 : 357.68"
"22,32 : 137.23"
"22,33 : 463.17"
"22,34 : 745.07"
"22,35 : 893.82"
"22,36 : 405.26"
"22,37 : 384.97"
"22,38 : 657.4"
"22,39 : 356.56"
"22,40 : 1136.43"
"22,41 : 463.85"
"22,42 : 755.78"
"22,43 : 738.24"
"22,44 : 413.82"
"22,45 : 544.55"
"22,46 : 584.28"
"22,47 : 946.74"
"22,48 : 439.26"
"22,49 : 443.19"
"22,50 : 416.35"
"22,51 : 113.53"
"22,52 : 1067.54"
"22,53 : 385.0"
"22,54 : 1026.51"
"22,55 : 473.48"
"22,56 : 144.06"
"22,57 : 618.05"
"22,58 : 720.14"
"22,59 : 662.9"
"22,60 : 642.13"
"22,61 : 221.11"
"22,62 : 692.56"
"22,63 : 248.02"
"22,64 : 198.88"
"22,65 : 244.77"
"22,66 : 249.9"
"22,67 : 750.59"
"22,68 : 799.63"
"22,69 : 800.68"
"22,70 : 384.43"
"22,71 : 1173.19"
"22,72 : 784.57"
"22,73 : 424.87"
"22,74 : 418.24"
"22,75 : 466.89"
"22,76 : 872.15"
"22,77 : 570.29"
"22,78 : 1111.58"
"22,79 : 862.34"
"22,80 : 529.68"
"22,81 : 966.15"
"22,82 : 868.84"
"22,83 : 524.14"
"22,84 : 599.44"
"22,85 : 303.26"
"22,86 : 278.21"
"22,87 : 450.81"
"22,88 : 133.2"
"22,89 : 413.1"
"22,90 : 710.23"
"22,91 : 625.39"
"22,92 : 687.81"
"22,93 : 688.27"
"22,94 : 1164.62"
"22,95 : 234.91"
"22,96 : 670.41"
"22,97 : 518.7"
"22,98 : 1213.05"
"22,99 : 319.4"
"23,0 : 254.66"
"23,1 : 559.27"
"23,2 : 313.6"
"23,3 : 173.18"
"23,4 : 303.43"
"23,5 : 295.08"
"23,6 : 562.01"
"23,7 : 513.02"
"23,8 : 218.84"
"23,9 : 272.26"
"23,10 : 794.8"
"23,11 : 270.05"
"23,12 : 195.02"
"23,13 : 281.15"
"23,14 : 418.03"
"23,15 : 738.86"
"23,16 : 399.96"
"23,17 : 192.76"
"23,18 : 429.96"
"23,19 : 235.13"
"23,20 : 195.82"
"23,21 : 396.96"
"23,22 : 679.72"
"23,23 : 0.0"
"23,24 : 482.27"
"23,25 : 235.09"
"23,26 : 551.01"
"23,27 : 262.51"
"23,28 : 45.01"
"23,29 : 248.48"
"23,30 : 326.53"
"23,31 : 333.96"
"23,32 : 624.77"
"23,33 : 217.28"
"23,34 : 366.35"
"23,35 : 592.43"
"23,36 : 289.38"
"23,37 : 406.79"
"23,38 : 59.77"
"23,39 : 467.08"
"23,40 : 572.46"
"23,41 : 219.06"
"23,42 : 164.45"
"23,43 : 169.59"
"23,44 : 403.44"
"23,45 : 137.64"
"23,46 : 110.11"
"23,47 : 281.49"
"23,48 : 274.45"
"23,49 : 544.16"
"23,50 : 295.65"
"23,51 : 594.48"
"23,52 : 659.1"
"23,53 : 741.62"
"23,54 : 627.26"
"23,55 : 251.91"
"23,56 : 674.05"
"23,57 : 230.87"
"23,58 : 849.07"
"23,59 : 769.23"
"23,60 : 165.42"
"23,61 : 682.72"
"23,62 : 46.39"
"23,63 : 442.03"
"23,64 : 513.33"
"23,65 : 481.54"
"23,66 : 622.64"
"23,67 : 103.17"
"23,68 : 634.89"
"23,69 : 171.13"
"23,70 : 516.09"
"23,71 : 666.8"
"23,72 : 338.89"
"23,73 : 356.72"
"23,74 : 325.96"
"23,75 : 288.9"
"23,76 : 247.69"
"23,77 : 321.99"
"23,78 : 635.93"
"23,79 : 188.73"
"23,80 : 302.45"
"23,81 : 306.74"
"23,82 : 627.46"
"23,83 : 377.76"
"23,84 : 321.08"
"23,85 : 424.73"
"23,86 : 588.76"
"23,87 : 249.15"
"23,88 : 555.79"
"23,89 : 484.48"
"23,90 : 910.25"
"23,91 : 54.33"
"23,92 : 371.4"
"23,93 : 857.72"
"23,94 : 620.34"
"23,95 : 509.32"
"23,96 : 267.33"
"23,97 : 195.0"
