x,y
208,85
972,794
466,735
249,947
411,620
827,334
695,718
17,735
765,328
723,753
492,561
711,35
877,690
550,325
125,266
959,501
864,925
327,416
727,552
936,437
795,588
688,762
928,945
191,462
245,862
845,697
373,487
552,116
375,74
341,113
279,150
531,377
351,909
39,294
230,219
194,556
346,967
973,250
43,307
436,60
11,610
951,963
478,456
475,733
702,202
182,836
319,119
225,458
881,472
512,228
750,416
67,742
670,381
973,239
536,790
908,867
963,288
566,406
833,860
51,34
778,415
994,47
564,904
126,876
181,106
994,336
293,275
521,819
750,776
777,966
84,486
497,972
288,775
652,983
259,372
425,465
52,696
896,755
102,168
822,330
393,613
290,771
927,388
557,983
881,861
438,765
388,162
412,189
533,905
477,194
289,652
242,179
83,390
944,611
462,732
976,129
310,240
75,814
633,392
610,341

Distanze
"0,0 : 0.0"
"0,1 : 654.05"
"0,2 : 974.06"
"0,3 : 837.34"
"0,4 : 335.02"
"0,5 : 408.59"
"0,6 : 792.06"
"0,7 : 859.21"
"0,8 : 652.11"
"0,9 : 852.01"
"0,10 : 484.45"
"0,11 : 468.37"
"0,12 : 887.45"
"0,13 : 693.85"
"0,14 : 400.34"
"0,15 : 159.15"
"0,16 : 343.0"
"0,17 : 918.11"
"0,18 : 428.49"
"0,19 : 970.88"
"0,20 : 660.72"
"0,21 : 615.73"
"0,22 : 436.49"
"0,23 : 218.69"
"0,24 : 406.36"
"0,25 : 553.97"
"0,26 : 553.52"
"0,27 : 299.47"
"0,28 : 502.82"
"0,29 : 223.38"
"0,30 : 764.11"
"0,31 : 274.24"
"0,32 : 909.63"
"0,33 : 764.48"
"0,34 : 893.4"
"0,35 : 565.44"
"0,36 : 464.15"
"0,37 : 913.07"
"0,38 : 283.24"
"0,39 : 963.1"
"0,40 : 267.81"
"0,41 : 457.02"
"0,42 : 84.15"
"0,43 : 530.81"
"0,44 : 758.4"
"0,45 : 383.53"
"0,46 : 722.53"
"0,47 : 637.09"
"0,48 : 650.5"
"0,49 : 348.78"
"0,50 : 501.15"
"0,51 : 912.83"
"0,52 : 812.2"
"0,53 : 453.85"
"0,54 : 962.91"
"0,55 : 740.85"
"0,56 : 680.69"
"0,57 : 686.86"
"0,58 : 534.81"
"0,59 : 431.27"
"0,60 : 569.23"
"0,61 : 689.73"
"0,62 : 335.26"
"0,63 : 354.83"
"0,64 : 706.25"
"0,65 : 279.12"
"0,66 : 901.16"
"0,67 : 875.62"
"0,68 : 738.22"
"0,69 : 972.12"
"0,70 : 176.37"
"0,71 : 645.23"
"0,72 : 668.82"
"0,73 : 124.33"
"0,74 : 236.23"
"0,75 : 763.82"
"0,76 : 461.08"
"0,77 : 777.77"
"0,78 : 736.65"
"0,79 : 939.73"
"0,80 : 23.77"
"0,81 : 929.42"
"0,82 : 380.83"
"0,83 : 1006.6"
"0,84 : 549.6"
"0,85 : 650.54"
"0,86 : 466.19"
"0,87 : 470.21"
"0,88 : 836.06"
"0,89 : 1035.96"
"0,90 : 459.03"
"0,91 : 129.29"
"0,92 : 697.41"
"0,93 : 543.07"
"0,94 : 642.36"
"0,95 : 373.48"
"0,96 : 289.03"
"0,97 : 564.61"
"0,98 : 82.3"
"0,99 : 915.0"
"1,0 : 654.05"
"1,1 : 0.0"
"1,2 : 915.57"
"1,3 : 454.58"
"1,4 : 677.19"
"1,5 : 245.46"
"1,6 : 627.29"
"1,7 : 319.31"
"1,8 : 582.09"
"1,9 : 654.38"
"1,10 : 960.83"
"1,11 : 617.68"
"1,12 : 839.16"
"1,13 : 384.81"
"1,14 : 625.55"
"1,15 : 721.72"
"1,16 : 505.53"
"1,17 : 1022.83"
"1,18 : 303.21"
"1,19 : 996.29"
"1,20 : 409.48"
"1,21 : 716.63"
"1,22 : 1040.24"
"1,23 : 460.05"
"1,24 : 421.74"
"1,25 : 814.59"
"1,26 : 134.18"
"1,27 : 848.39"
"1,28 : 156.6"
"1,29 : 490.79"
"1,30 : 592.3"
"1,31 : 766.53"
"1,32 : 842.06"
"1,33 : 129.54"
"1,34 : 505.6"
"1,35 : 176.15"
"1,36 : 479.43"
"1,37 : 705.83"
"1,38 : 828.94"
"1,39 : 560.86"
"1,40 : 566.08"
"1,41 : 771.04"
"1,42 : 617.07"
"1,43 : 325.75"
"1,44 : 174.43"
"1,45 : 995.82"
"1,46 : 429.2"
"1,47 : 83.49"
"1,48 : 598.5"
"1,49 : 316.55"
"1,50 : 470.18"
"1,51 : 669.94"
"1,52 : 990.52"
"1,53 : 223.24"
"1,54 : 938.99"
"1,55 : 218.28"
"1,56 : 649.62"
"1,57 : 128.28"
"1,58 : 853.34"
"1,59 : 289.18"
"1,60 : 398.5"
"1,61 : 839.1"
"1,62 : 400.82"
"1,63 : 347.54"
"1,64 : 926.57"
"1,65 : 495.02"
"1,66 : 331.05"
"1,67 : 274.87"
"1,68 : 500.27"
"1,69 : 388.86"
"1,70 : 772.74"
"1,71 : 940.18"
"1,72 : 247.07"
"1,73 : 663.71"
"1,74 : 435.07"
"1,75 : 511.41"
"1,76 : 234.92"
"1,77 : 503.8"
"1,78 : 887.92"
"1,79 : 613.61"
"1,80 : 632.73"
"1,81 : 881.93"
"1,82 : 350.96"
"1,83 : 511.08"
"1,84 : 231.16"
"1,85 : 856.17"
"1,86 : 412.4"
"1,87 : 198.32"
"1,88 : 638.66"
"1,89 : 472.51"
"1,90 : 327.84"
"1,91 : 528.42"
"1,92 : 847.05"
"1,93 : 119.04"
"1,94 : 244.83"
"1,95 : 423.85"
"1,96 : 687.63"
"1,97 : 951.63"
"1,98 : 640.7"
"1,99 : 445.93"
"2,0 : 974.06"
"2,1 : 915.57"
"2,2 : 0.0"
"2,3 : 521.59"
"2,4 : 654.64"
"2,5 : 882.71"
"2,6 : 289.15"
"2,7 : 727.33"
"2,8 : 363.02"
"2,9 : 276.07"
"2,10 : 753.57"
"2,11 : 505.76"
"2,12 : 88.55"
"2,13 : 532.85"
"2,14 : 574.6"
"2,15 : 866.63"
"2,16 : 649.45"
"2,17 : 240.64"
"2,18 : 722.03"
"2,19 : 130.38"
"2,20 : 506.49"
"2,21 : 361.68"
"2,22 : 990.76"
"2,23 : 825.65"
"2,24 : 636.0"
"2,25 : 487.34"
"2,26 : 812.78"
"2,27 : 844.37"
"2,28 : 922.92"
"2,29 : 786.53"
"2,30 : 323.43"
"2,31 : 778.88"
"2,32 : 74.95"
"2,33 : 881.92"
"2,34 : 507.19"
"2,35 : 754.82"
"2,36 : 1226.56"
"2,37 : 249.36"
"2,38 : 839.02"
"2,39 : 513.1"
"2,40 : 708.11"
"2,41 : 571.13"
"2,42 : 1025.31"
"2,43 : 622.25"
"2,44 : 804.76"
"2,45 : 990.54"
"2,46 : 490.99"
"2,47 : 832.09"
"2,48 : 354.24"
"2,49 : 824.78"
"2,50 : 527.8"
"2,51 : 299.22"
"2,52 : 338.6"
"2,53 : 965.43"
"2,54 : 50.61"
"2,55 : 735.32"
"2,56 : 308.88"
"2,57 : 800.94"
"2,58 : 547.48"
"2,59 : 735.45"
"2,60 : 540.23"
"2,61 : 333.62"
"2,62 : 725.1"
"2,63 : 759.15"
"2,64 : 401.4"
"2,65 : 719.43"
"2,66 : 773.21"
"2,67 : 825.28"
"2,68 : 417.5"
"2,69 : 805.24"
"2,70 : 904.2"
"2,71 : 502.14"
"2,72 : 671.77"
"2,73 : 862.0"
"2,74 : 972.95"
"2,75 : 410.99"
"2,76 : 995.16"
"2,77 : 424.41"
"2,78 : 315.63"
"2,79 : 407.15"
"2,80 : 974.69"
"2,81 : 44.64"
"2,82 : 1049.0"
"2,83 : 656.15"
"2,84 : 704.6"
"2,85 : 400.25"
"2,86 : 592.52"
"2,87 : 821.74"
"2,88 : 288.05"
"2,89 : 780.19"
"2,90 : 1097.16"
"2,91 : 953.95"
"2,92 : 330.08"
"2,93 : 853.63"
"2,94 : 670.91"
"2,95 : 1116.16"
"2,96 : 707.41"
"2,97 : 627.76"
"2,98 : 893.75"
"2,99 : 617.2"
"3,0 : 837.34"
"3,1 : 454.58"
"3,2 : 521.59"
"3,3 : 0.0"
"3,4 : 654.37"
"3,5 : 540.17"
"3,6 : 254.16"
"3,7 : 205.88"
"3,8 : 319.41"
"3,9 : 246.34"
"3,10 : 904.41"
"3,11 : 502.86"
"3,12 : 466.74"
"3,13 : 143.57"
"3,14 : 560.48"
"3,15 : 814.59"
"3,16 : 519.41"
"3,17 : 698.01"
"3,18 : 423.51"
"3,19 : 631.73"
"3,20 : 182.83"
"3,21 : 495.97"
"3,22 : 1077.78"
"3,23 : 623.11"
"3,24 : 435.31"
"3,25 : 658.27"
"3,26 : 402.31"
"3,27 : 881.6"
"3,28 : 528.14"
"3,29 : 614.44"
"3,30 : 233.94"
"3,31 : 791.68"
"3,32 : 457.96"
"3,33 : 382.69"
"3,34 : 59.03"
"3,35 : 348.78"
"3,36 : 882.11"
"3,37 : 278.51"
"3,38 : 866.3"
"3,39 : 128.39"
"3,40 : 609.83"
"3,41 : 672.84"
"3,42 : 846.24"
"3,43 : 308.5"
"3,44 : 304.38"
"3,45 : 1051.02"
"3,46 : 123.0"
"3,47 : 378.32"
"3,48 : 337.65"
"3,49 : 532.45"
"3,50 : 367.02"
"3,51 : 233.12"
"3,52 : 718.42"
"3,53 : 593.02"
"3,54 : 558.55"
"3,55 : 240.83"
"3,56 : 368.92"
"3,57 : 326.55"
"3,58 : 720.83"
"3,59 : 427.13"
"3,60 : 273.7"
"3,61 : 595.14"
"3,62 : 502.64"
"3,63 : 494.72"
"3,64 : 700.2"
"3,65 : 567.0"
"3,66 : 252.23"
"3,67 : 304.32"
"3,68 : 157.42"
"3,69 : 292.17"
"3,70 : 868.16"
"3,71 : 760.35"
"3,72 : 222.63"
"3,73 : 775.47"
"3,74 : 710.48"
"3,75 : 142.3"
"3,76 : 619.5"
"3,77 : 119.92"
"3,78 : 627.73"
"3,79 : 159.2"
"3,80 : 825.15"
"3,81 : 500.11"
"3,82 : 713.85"
"3,83 : 196.94"
"3,84 : 325.3"
"3,85 : 644.32"
"3,86 : 377.22"
"3,87 : 456.4"
"3,88 : 236.6"
"3,89 : 291.89"
"3,90 : 730.08"
"3,91 : 751.33"
"3,92 : 600.22"
"3,93 : 443.68"
"3,94 : 239.64"
"3,95 : 792.57"
"3,96 : 695.29"
"3,97 : 832.61"
"3,98 : 780.71"
"3,99 : 115.69"
"4,0 : 335.02"
"4,1 : 677.19"
"4,2 : 654.64"
"4,3 : 654.37"
"4,4 : 0.0"
"4,5 : 477.71"
"4,6 : 524.73"
"4,7 : 753.02"
"4,8 : 382.08"
"4,9 : 585.9"
"4,10 : 284.68"
"4,11 : 168.68"
"4,12 : 571.46"
"4,13 : 521.89"
"4,14 : 97.58"
"4,15 : 211.99"
"4,16 : 173.0"
"4,17 : 583.09"
"4,18 : 374.72"
"4,19 : 639.24"
"4,20 : 474.37"
"4,21 : 293.1"
"4,22 : 423.43"
"4,23 : 281.85"
"4,24 : 265.92"
"4,25 : 222.25"
"4,26 : 544.77"
"4,27 : 228.78"
"4,28 : 571.04"
"4,29 : 231.16"
"4,30 : 505.74"
"4,31 : 141.55"
"4,32 : 596.34"
"4,33 : 744.16"
"4,34 : 700.16"
"4,35 : 520.87"
"4,36 : 715.65"
"4,37 : 641.02"
"4,38 : 215.13"
"4,39 : 763.84"
"4,40 : 123.98"
"4,41 : 130.21"
"4,42 : 403.02"
"4,43 : 404.57"
"4,44 : 704.45"
"4,45 : 398.06"
"4,46 : 531.5"
"4,47 : 621.63"
"4,48 : 373.27"
"4,49 : 388.62"
"4,50 : 289.28"
"4,51 : 653.96"
"4,52 : 479.32"
"4,53 : 562.65"
"4,54 : 637.89"
"4,55 : 658.63"
"4,56 : 387.32"
"4,57 : 645.49"
"4,58 : 218.18"
"4,59 : 388.2"
"4,60 : 391.37"
"4,61 : 355.13"
"4,62 : 279.12"
"4,63 : 335.66"
"4,64 : 375.29"
"4,65 : 191.44"
"4,66 : 805.15"
"4,67 : 805.76"
"4,68 : 515.71"
"4,69 : 873.62"
"4,70 : 252.07"
"4,71 : 328.67"
"4,72 : 566.36"
"4,73 : 213.53"
"4,74 : 432.96"
"4,75 : 540.23"
"4,76 : 585.35"
"4,77 : 560.0"
"4,78 : 401.63"
"4,79 : 710.19"
"4,80 : 341.97"
"4,81 : 610.4"
"4,82 : 567.81"
"4,83 : 847.89"
"4,84 : 476.78"
"4,85 : 316.31"
"4,86 : 303.15"
"4,87 : 483.61"
"4,88 : 572.71"
"4,89 : 914.67"
"4,90 : 643.02"
"4,91 : 362.35"
"4,92 : 362.69"
"4,93 : 560.28"
"4,94 : 542.11"
"4,95 : 603.74"
"4,96 : 53.04"
"4,97 : 288.37"
"4,98 : 252.8"
"4,99 : 757.76"
"5,0 : 408.59"
"5,1 : 245.46"
"5,2 : 882.71"
"5,3 : 540.17"
"5,4 : 477.71"
"5,5 : 0.0"
"5,6 : 617.07"
"5,7 : 490.28"
"5,8 : 520.38"
"5,9 : 662.9"
"5,10 : 751.24"
"5,11 : 469.3"
"5,12 : 796.82"
"5,13 : 415.65"
"5,14 : 451.88"
"5,15 : 484.31"
"5,16 : 321.6"
"5,17 : 932.37"
"5,18 : 161.23"
"5,19 : 934.48"
"5,20 : 410.08"
"5,21 : 602.19"
"5,22 : 804.44"
"5,23 : 223.26"
"5,24 : 269.65"
"5,25 : 655.16"
"5,26 : 160.98"
"5,27 : 618.81"
"5,28 : 99.62"
"5,29 : 262.43"
"5,30 : 581.21"
"5,31 : 543.05"
"5,32 : 808.04"
"5,33 : 359.86"
"5,34 : 598.99"
"5,35 : 197.57"
"5,36 : 352.51"
"5,37 : 723.59"
"5,38 : 599.17"
"5,39 : 666.44"
"5,40 : 356.0"
"5,41 : 591.04"
"5,42 : 374.51"
"5,43 : 267.69"
"5,44 : 366.78"
"5,45 : 757.86"
"5,46 : 458.88"
"5,47 : 237.4"
"5,48 : 531.14"
"5,49 : 89.09"
"5,50 : 363.25"
"5,51 : 701.85"
"5,52 : 871.74"
"5,53 : 90.38"
"5,54 : 893.42"
"5,55 : 367.95"
"5,56 : 580.55"
"5,57 : 294.96"
"5,58 : 679.54"
"5,59 : 147.32"
"5,60 : 346.99"
"5,61 : 719.64"
"5,62 : 205.43"
"5,63 : 149.58"
"5,64 : 789.31"
"5,65 : 286.3"
"5,66 : 522.36"
"5,67 : 484.34"
"5,68 : 510.31"
"5,69 : 590.54"
"5,70 : 533.26"
"5,71 : 779.71"
"5,72 : 325.02"
"5,73 : 425.04"
"5,74 : 197.29"
"5,75 : 530.93"
"5,76 : 118.34"
"5,77 : 533.97"
"5,78 : 771.78"
"5,79 : 682.74"
"5,80 : 387.33"
"5,81 : 842.33"
"5,82 : 176.46"
"5,83 : 665.58"
"5,84 : 215.38"
"5,85 : 718.51"
"5,86 : 295.68"
"5,87 : 85.05"
"5,88 : 645.48"
"5,89 : 664.71"
"5,90 : 214.46"
"5,91 : 283.59"
"5,92 : 728.18"
"5,93 : 138.68"
"5,94 : 303.2"
"5,95 : 253.69"
"5,96 : 475.77"
"5,97 : 764.79"
"5,98 : 398.33"
"5,99 : 581.38"
"6,0 : 792.06"
"6,1 : 627.29"
"6,2 : 289.15"
"6,3 : 254.16"
"6,4 : 524.73"
"6,5 : 617.07"
"6,6 : 0.0"
"6,7 : 453.23"
"6,8 : 143.75"
"6,9 : 61.39"
"6,10 : 724.85"
"6,11 : 356.09"
"6,12 : 219.78"
"6,13 : 243.71"
"6,14 : 428.02"
"6,15 : 722.25"
"6,16 : 449.09"
"6,17 : 444.04"
"6,18 : 461.53"
"6,19 : 384.5"
"6,20 : 220.1"
"6,21 : 283.87"
"6,22 : 930.7"
"6,23 : 606.87"
"6,24 : 402.51"
"6,25 : 455.2"
"6,26 : 529.62"
"6,27 : 748.92"
"6,28 : 645.18"
"6,29 : 578.44"
"6,30 : 36.24"
"6,31 : 665.66"
"6,32 : 217.38"
"6,33 : 593.98"
"6,34 : 261.01"
"6,35 : 470.95"
"6,36 : 968.28"
"6,37 : 121.0"
"6,38 : 737.49"
"6,39 : 297.43"
"6,40 : 529.16"
"6,41 : 497.89"
"6,42 : 825.81"
"6,43 : 349.76"
"6,44 : 517.55"
"6,45 : 914.62"
"6,46 : 202.14"
"6,47 : 543.84"
"6,48 : 151.48"
"6,49 : 572.15"
"6,50 : 295.3"
"6,51 : 129.62"
"6,52 : 468.7"
"6,53 : 694.0"
"6,54 : 317.38"
"6,55 : 447.93"
"6,56 : 150.42"
"6,57 : 511.79"
"6,58 : 522.2"
"6,59 : 472.88"
"6,60 : 270.41"
"6,61 : 358.97"
"6,62 : 491.39"
"6,63 : 512.29"
"6,64 : 463.61"
"6,65 : 515.19"
"6,66 : 503.36"
"6,67 : 548.29"
"6,68 : 128.41"
"6,69 : 546.33"
"6,70 : 770.23"
"6,71 : 537.4"
"6,72 : 382.66"
"6,73 : 699.41"
"6,74 : 737.15"
"6,75 : 124.33"
"6,76 : 723.53"
"6,77 : 141.23"
"6,78 : 383.94"
"6,79 : 208.47"
"6,80 : 786.69"
"6,81 : 258.81"
"6,82 : 790.27"
"6,83 : 428.18"
"6,84 : 423.45"
"6,85 : 417.1"
"6,86 : 347.8"
"6,87 : 548.03"
"6,88 : 48.33"
"6,89 : 540.11"
"6,90 : 829.84"
"6,91 : 741.44"
"6,92 : 362.58"
"6,93 : 571.43"
"6,94 : 382.46"
"6,95 : 862.68"
"6,96 : 575.01"
"6,97 : 630.08"
"6,98 : 719.54"
"6,99 : 364.87"
"7,0 : 859.21"
"7,1 : 319.31"
"7,2 : 727.33"
"7,3 : 205.88"
"7,4 : 753.02"
"7,5 : 490.28"
"7,6 : 453.23"
"7,7 : 0.0"
"7,8 : 485.85"
"7,9 : 451.62"
"7,10 : 1026.08"
"7,11 : 627.46"
"7,12 : 670.2"
"7,13 : 252.77"
"7,14 : 669.72"
"7,15 : 874.4"
"7,16 : 592.04"
"7,17 : 896.01"
"7,18 : 432.12"
"7,19 : 835.5"
"7,20 : 303.26"
"7,21 : 659.71"
"7,22 : 1168.2"
"7,23 : 641.19"
"7,24 : 496.68"
"7,25 : 807.23"
"7,26 : 329.87"
"7,27 : 968.31"
"7,28 : 441.39"
"7,29 : 649.01"
"7,30 : 427.79"
"7,31 : 878.16"
"7,32 : 662.74"
"7,33 : 210.2"
"7,34 : 232.57"
"7,35 : 298.62"
"7,36 : 792.28"
"7,37 : 483.76"
"7,38 : 950.83"
"7,39 : 266.6"
"7,40 : 678.16"
"7,41 : 801.51"
"7,42 : 847.71"
"7,43 : 352.42"
"7,44 : 144.93"
"7,45 : 1133.83"
"7,46 : 271.4"
"7,47 : 267.23"
"7,48 : 505.08"
"7,49 : 517.19"
"7,50 : 470.62"
"7,51 : 437.12"
"7,52 : 904.71"
"7,53 : 513.16"
"7,54 : 763.56"
"7,55 : 122.41"
"7,56 : 545.88"
"7,57 : 204.16"
"7,58 : 863.87"
"7,59 : 428.13"
"7,60 : 366.4"
"7,61 : 770.54"
"7,62 : 534.48"
"7,63 : 504.89"
"7,64 : 873.31"
"7,65 : 619.54"
"7,66 : 54.71"
"7,67 : 98.9"
"7,68 : 337.07"
"7,69 : 120.6"
"7,70 : 929.06"
"7,71 : 920.57"
"7,72 : 193.72"
"7,73 : 825.55"
"7,74 : 684.03"
"7,75 : 331.49"
"7,76 : 533.68"
"7,77 : 312.35"
"7,78 : 808.84"
"7,79 : 348.37"
"7,80 : 842.44"
"7,81 : 704.93"
"7,82 : 644.04"
"7,83 : 191.88"
"7,84 : 309.85"
"7,85 : 811.32"
"7,86 : 450.57"
"7,87 : 407.95"
"7,88 : 441.03"
"7,89 : 177.1"
"7,90 : 638.05"
"7,91 : 751.4"
"7,92 : 776.64"
"7,93 : 360.91"
"7,94 : 220.23"
"7,95 : 722.11"
"7,96 : 784.1"
"7,97 : 974.53"
"7,98 : 818.97"
"7,99 : 139.18"
"8,0 : 652.11"
"8,1 : 582.09"
"8,2 : 363.02"
"8,3 : 319.41"
"8,4 : 382.08"
"8,5 : 520.38"
"8,6 : 143.75"
"8,7 : 485.85"
"8,8 : 0.0"
"8,9 : 205.14"
"8,10 : 597.61"
"8,11 : 213.93"
"8,12 : 276.48"
"8,13 : 236.41"
"8,14 : 284.93"
"8,15 : 578.53"
"8,16 : 310.21"
"8,17 : 441.21"
"8,18 : 359.36"
"8,19 : 419.78"
"8,20 : 190.17"
"8,21 : 177.0"
"8,22 : 793.46"
"8,23 : 476.14"
"8,24 : 277.0"
"8,25 : 340.15"
"8,26 : 465.15"
"8,27 : 607.99"
"8,28 : 566.44"
"8,29 : 443.44"
"8,30 : 123.98"
"8,31 : 523.41"
"8,32 : 288.88"
"8,33 : 579.05"
"8,34 : 349.4"
"8,35 : 410.14"
"8,36 : 863.73"
"8,37 : 263.39"
"8,38 : 595.93"
"8,39 : 403.17"
"8,40 : 387.06"
"8,41 : 366.58"
"8,42 : 689.99"
"8,43 : 266.58"
"8,44 : 509.97"
"8,45 : 775.03"
"8,46 : 215.13"
"8,47 : 500.49"
"8,48 : 19.24"
"8,49 : 462.09"
"8,50 : 167.29"
"8,51 : 272.12"
"8,52 : 424.34"
"8,53 : 604.6"
"8,54 : 373.36"
"8,55 : 443.02"
"8,56 : 67.68"
"8,57 : 484.34"
"8,58 : 404.34"
"8,59 : 373.06"
"8,60 : 186.08"
"8,61 : 284.82"
"8,62 : 367.05"
"8,63 : 397.2"
"8,64 : 387.56"
"8,65 : 378.28"
"8,66 : 540.11"
"8,67 : 569.86"
"8,68 : 162.11"
"8,69 : 595.88"
"8,70 : 626.5"
"8,71 : 441.37"
"8,72 : 358.23"
"8,73 : 556.51"
"8,74 : 615.74"
"8,75 : 180.65"
"8,76 : 634.28"
"8,77 : 203.33"
"8,78 : 325.15"
"8,79 : 333.65"
"8,80 : 647.88"
"8,81 : 322.03"
"8,82 : 686.04"
"8,83 : 514.1"
"8,84 : 356.37"
"8,85 : 327.3"
"8,86 : 229.94"
"8,87 : 463.15"
"8,88 : 191.13"
"8,89 : 609.42"
"8,90 : 734.71"
"8,91 : 609.27"
"8,92 : 291.11"
"8,93 : 503.51"
"8,94 : 348.04"
"8,95 : 753.89"
"8,96 : 431.79"
"8,97 : 515.6"
"8,98 : 578.0"
"8,99 : 434.69"
"9,0 : 852.01"
"9,1 : 654.38"
"9,2 : 276.07"
"9,3 : 246.34"
"9,4 : 585.9"
"9,5 : 662.9"
"9,6 : 61.39"
"9,7 : 451.62"
"9,8 : 205.14"
"9,9 : 0.0"
"9,10 : 781.35"
"9,11 : 417.23"
"9,12 : 222.14"
"9,13 : 270.17"
"9,14 : 489.31"
"9,15 : 783.61"
"9,16 : 509.02"
"9,17 : 460.18"
"9,18 : 510.69"
"9,19 : 386.18"
"9,20 : 256.67"
"9,21 : 338.4"
"9,22 : 990.15"
"9,23 : 663.98"
"9,24 : 459.0"
"9,25 : 509.28"
"9,26 : 565.28"
"9,27 : 809.58"
"9,28 : 684.49"
"9,29 : 636.97"
"9,30 : 88.57"
"9,31 : 726.71"
"9,32 : 211.75"
"9,33 : 609.63"
"9,34 : 239.13"
"9,35 : 506.39"
"9,36 : 1015.18"
"9,37 : 62.59"
"9,38 : 798.33"
"9,39 : 262.55"
"9,40 : 589.96"
"9,41 : 556.18"
"9,42 : 884.27"
"9,43 : 395.34"
"9,44 : 531.69"
"9,45 : 974.82"
"9,46 : 225.22"
"9,47 : 571.52"
"9,48 : 212.64"
"9,49 : 622.78"
"9,50 : 353.36"
"9,51 : 69.97"
"9,52 : 500.08"
"9,53 : 736.7"
"9,54 : 312.22"
"9,55 : 462.78"
"9,56 : 207.52"
"9,57 : 534.01"
"9,58 : 576.6"
"9,59 : 521.18"
"9,60 : 319.03"
"9,61 : 403.0"
"9,62 : 546.97"
"9,63 : 564.94"
"9,64 : 505.89"
"9,65 : 574.42"
"9,66 : 498.53"
"9,67 : 549.32"
"9,68 : 156.97"
"9,69 : 534.57"
"9,70 : 831.62"
"9,71 : 585.06"
"9,72 : 407.42"
"9,73 : 760.43"
"9,74 : 790.79"
"9,75 : 143.01"
"9,76 : 765.97"
"9,77 : 151.99"
"9,78 : 422.47"
"9,79 : 163.71"
"9,80 : 846.24"
"9,81 : 253.84"
"9,82 : 837.7"
"9,83 : 400.71"
"9,84 : 462.09"
"9,85 : 464.45"
"9,86 : 402.85"
"9,87 : 590.53"
"9,88 : 17.46"
"9,89 : 518.87"
"9,90 : 873.8"
"9,91 : 798.75"
"9,92 : 405.7"
"9,93 : 607.7"
"9,94 : 410.93"
"9,95 : 911.48"
"9,96 : 636.31"
"9,97 : 682.88"
"9,98 : 780.08"
"9,99 : 348.07"
"10,0 : 484.45"
"10,1 : 960.83"
"10,2 : 753.57"
"10,3 : 904.41"
"10,4 : 284.68"
"10,5 : 751.24"
"10,6 : 724.85"
"10,7 : 1026.08"
"10,8 : 597.61"
"10,9 : 781.35"
"10,10 : 0.0"
"10,11 : 402.84"
"10,12 : 688.75"
"10,13 : 783.75"
"10,14 : 356.75"
"10,15 : 326.31"
"10,16 : 457.67"
"10,17 : 591.22"
"10,18 : 659.11"
"10,19 : 688.36"
"10,20 : 733.62"
"10,21 : 443.61"
"10,22 : 243.02"
"10,23 : 537.13"
"10,24 : 549.63"
"10,25 : 276.38"
"10,26 : 829.04"
"10,27 : 190.42"
"10,28 : 847.9"
"10,29 : 491.1"
"10,30 : 716.69"
"10,31 : 220.84"
"10,32 : 717.54"
"10,33 : 1028.53"
"10,34 : 942.77"
"10,35 : 805.43"
"10,36 : 936.12"
"10,37 : 825.08"
"10,38 : 203.42"
"10,39 : 1000.07"
"10,40 : 397.11"
"10,41 : 231.97"
"10,42 : 568.32"
"10,43 : 684.42"
"10,44 : 986.9"
"10,45 : 257.39"
"10,46 : 784.8"
"10,47 : 906.3"
"10,48 : 582.79"
"10,49 : 662.91"
"10,50 : 555.55"
"10,51 : 851.21"
"10,52 : 461.62"
"10,53 : 831.24"
"10,54 : 719.77"
"10,55 : 938.28"
"10,56 : 574.5"
"10,57 : 929.42"
"10,58 : 210.09"
"10,59 : 672.33"
"10,60 : 659.85"
"10,61 : 420.88"
"10,62 : 560.7"
"10,63 : 616.01"
"10,64 : 363.61"
"10,65 : 468.41"
"10,66 : 1079.45"
"10,67 : 1084.95"
"10,68 : 753.16"
"10,69 : 1146.08"
"10,70 : 314.61"
"10,71 : 264.02"
"10,72 : 844.81"
"10,73 : 375.77"
"10,74 : 666.18"
"10,75 : 774.99"
"10,76 : 851.0"
"10,77 : 796.92"
"10,78 : 440.43"
"10,79 : 929.11"
"10,80 : 502.91"
"10,81 : 714.98"
"10,82 : 813.34"
"10,83 : 1101.25"
"10,84 : 760.54"
"10,85 : 353.39"
"10,86 : 581.92"
"10,87 : 765.48"
"10,88 : 772.23"
"10,89 : 1180.04"
"10,90 : 892.44"
"10,91 : 570.98"
"10,92 : 423.79"
"10,93 : 843.15"
"10,94 : 821.56"
"10,95 : 832.51"
"10,96 : 275.75"
"10,97 : 134.54"
"10,98 : 421.85"
"10,99 : 1014.67"
"11,0 : 468.37"
"11,1 : 617.68"
"11,2 : 505.76"
"11,3 : 502.86"
"11,4 : 168.68"
"11,5 : 469.3"
"11,6 : 356.09"
"11,7 : 627.46"
"11,8 : 213.93"
"11,9 : 417.23"
"11,10 : 402.84"
"11,11 : 0.0"
"11,12 : 419.1"
"11,13 : 381.36"
"11,14 : 73.33"
"11,15 : 372.44"
"11,16 : 161.32"
"11,17 : 480.88"
"11,18 : 325.3"
"11,19 : 512.1"
"11,20 : 330.97"
"11,21 : 152.86"
"11,22 : 582.22"
"11,23 : 337.77"
"11,24 : 203.3"
"11,25 : 197.01"
"11,26 : 484.34"
"11,27 : 394.19"
"11,28 : 546.44"
"11,29 : 292.03"
"11,30 : 337.85"
"11,31 : 309.63"
"11,32 : 441.65"
"11,33 : 658.04"
"11,34 : 544.03"
"11,35 : 445.09"
"11,36 : 770.36"
"11,37 : 472.51"
"11,38 : 382.0"
"11,39 : 604.74"
"11,40 : 202.97"
"11,41 : 174.15"
"11,42 : 521.08"
"11,43 : 303.51"
"11,44 : 605.14"
"11,45 : 561.83"
"11,46 : 382.23"
"11,47 : 548.3"
"11,48 : 204.62"
"11,49 : 387.48"
"11,50 : 160.06"
"11,51 : 485.43"
"11,52 : 404.81"
"11,53 : 559.66"
"11,54 : 496.36"
"11,55 : 549.32"
"11,56 : 220.66"
"11,57 : 556.92"
"11,58 : 241.88"
"11,59 : 341.04"
"11,60 : 262.09"
"11,61 : 255.67"
"11,62 : 268.57"
"11,63 : 320.66"
"11,64 : 320.15"
"11,65 : 226.63"
"11,66 : 681.56"
"11,67 : 693.35"
"11,68 : 355.76"
"11,69 : 746.45"
"11,70 : 417.38"
"11,71 : 322.5"
"11,72 : 455.11"
"11,73 : 359.23"
"11,74 : 494.58"
"11,75 : 379.2"
"11,76 : 586.97"
"11,77 : 400.12"
"11,78 : 308.03"
"11,79 : 544.9"
"11,80 : 469.01"
"11,81 : 461.12"
"11,82 : 602.66"
"11,83 : 699.31"
"11,84 : 392.73"
"11,85 : 249.23"
"11,86 : 206.06"
"11,87 : 445.08"
"11,88 : 404.14"
"11,89 : 777.54"
"11,90 : 667.91"
"11,91 : 456.02"
"11,92 : 264.26"
"11,93 : 511.1"
"11,94 : 434.5"
"11,95 : 656.06"
"11,96 : 219.66"
"11,97 : 349.44"
"11,98 : 388.54"
"11,99 : 612.02"
"12,0 : 887.45"
"12,1 : 839.16"
"12,2 : 88.55"
"12,3 : 466.74"
"12,4 : 571.46"
"12,5 : 796.82"
"12,6 : 219.78"
"12,7 : 670.2"
"12,8 : 276.48"
"12,9 : 222.14"
"12,10 : 688.75"
"12,11 : 419.1"
"12,12 : 0.0"
"12,13 : 460.34"
"12,14 : 488.93"
"12,15 : 783.3"
"12,16 : 561.08"
"12,17 : 243.04"
"12,18 : 635.84"
"12,19 : 165.33"
"12,20 : 429.8"
"12,21 : 278.58"
"12,22 : 921.67"
"12,23 : 737.12"
"12,24 : 547.85"
"12,25 : 416.45"
"12,26 : 732.21"
"12,27 : 767.76"
"12,28 : 839.77"
"12,29 : 698.16"
"12,30 : 251.08"
"12,31 : 699.01"
"12,32 : 29.07"
"12,33 : 812.85"
"12,34 : 461.0"
"12,35 : 674.85"
"12,36 : 1139.21"
"12,37 : 214.65"
"12,38 : 761.39"
"12,39 : 478.01"
"12,40 : 620.88"
"12,41 : 494.74"
"12,42 : 937.62"
"12,43 : 538.81"
"12,44 : 736.91"
"12,45 : 918.4"
"12,46 : 420.79"
"12,47 : 755.79"
"12,48 : 266.81"
"12,49 : 737.4"
"12,50 : 440.01"
"12,51 : 263.19"
"12,52 : 309.7"
"12,53 : 880.47"
"12,54 : 99.86"
"12,55 : 667.27"
"12,56 : 220.59"
"12,57 : 728.06"
"12,58 : 479.68"
"12,59 : 649.5"
"12,60 : 456.83"
"12,61 : 268.7"
"12,62 : 636.79"
"12,63 : 671.45"
"12,64 : 351.15"
"12,65 : 631.08"
"12,66 : 718.71"
"12,67 : 766.53"
"12,68 : 346.88"
"12,69 : 756.59"
"12,70 : 822.34"
"12,71 : 447.89"
"12,72 : 598.38"
"12,73 : 776.72"
"12,74 : 884.49"
"12,75 : 344.09"
"12,76 : 910.19"
"12,77 : 360.21"
"12,78 : 262.1"
"12,79 : 373.25"
"12,80 : 887.63"
"12,81 : 45.61"
"12,82 : 961.88"
"12,83 : 619.42"
"12,84 : 623.5"
"12,85 : 337.08"
"12,86 : 505.21"
"12,87 : 737.69"
"12,88 : 230.25"
"12,89 : 739.88"
"12,90 : 1011.18"
"12,91 : 865.62"
"12,92 : 266.83"
"12,93 : 772.45"
"12,94 : 595.5"
"12,95 : 1028.47"
"12,96 : 624.43"
"12,97 : 568.09"
"12,98 : 807.55"
"12,99 : 570.2"
"13,0 : 693.85"
"13,1 : 384.81"
"13,2 : 532.85"
"13,3 : 143.57"
"13,4 : 521.89"
"13,5 : 415.65"
"13,6 : 243.71"
"13,7 : 252.77"
"13,8 : 236.41"
"13,9 : 270.17"
"13,10 : 783.75"
"13,11 : 381.36"
"13,12 : 460.34"
"13,13 : 0.0"
"13,14 : 431.51"
"13,15 : 673.26"
"13,16 : 378.53"
"13,17 : 665.43"
"13,18 : 285.0"
"13,19 : 622.27"
"13,20 : 50.99"
"13,21 : 407.54"
"13,22 : 944.51"
"13,23 : 480.31"
"13,24 : 292.23"
"13,25 : 555.24"
"13,26 : 298.43"
"13,27 : 746.47"
"13,28 : 421.35"
"13,29 : 470.88"
"13,30 : 209.82"
"13,31 : 656.06"
"13,32 : 460.5"
"13,33 : 353.57"
"13,34 : 199.9"
"13,35 : 239.99"
"13,36 : 765.59"
"13,37 : 324.32"
"13,38 : 730.48"
"13,39 : 269.87"
"13,40 : 468.88"
"13,41 : 555.13"
"13,42 : 704.13"
"13,43 : 166.87"
"13,44 : 279.65"
"13,45 : 915.38"
"13,46 : 45.8"
"13,47 : 301.66"
"13,48 : 255.57"
"13,49 : 396.73"
"13,50 : 232.64"
"13,51 : 293.75"
"13,52 : 660.01"
"13,53 : 479.45"
"13,54 : 559.47"
"13,55 : 210.65"
"13,56 : 300.11"
"13,57 : 268.17"
"13,58 : 613.22"
"13,59 : 290.39"
"13,60 : 132.88"
"13,61 : 520.81"
"13,62 : 359.44"
"13,63 : 354.19"
"13,64 : 622.29"
"13,65 : 423.91"
"13,66 : 307.47"
"13,67 : 333.54"
"13,68 : 115.68"
"13,69 : 368.18"
"13,70 : 727.17"
"13,71 : 667.8"
"13,72 : 138.97"
"13,73 : 632.84"
"13,74 : 574.35"
"13,75 : 127.29"
"13,76 : 507.76"
"13,77 : 123.15"
"13,78 : 561.51"
"13,79 : 267.71"
"13,80 : 681.84"
"13,81 : 501.38"
"13,82 : 591.94"
"13,83 : 327.42"
"13,84 : 202.41"
"13,85 : 559.16"
"13,86 : 234.88"
"13,87 : 335.68"
"13,88 : 254.14"
"13,89 : 396.29"
"13,90 : 617.84"
"13,91 : 609.81"
"13,92 : 527.28"
"13,93 : 341.14"
"13,94 : 140.76"
"13,95 : 669.28"
"13,96 : 559.8"
"13,97 : 724.49"
"13,98 : 637.31"
"13,99 : 236.24"
"14,0 : 400.34"
"14,1 : 625.55"
"14,2 : 574.6"
"14,3 : 560.48"
"14,4 : 97.58"
"14,5 : 451.88"
"14,6 : 428.02"
"14,7 : 669.72"
"14,8 : 284.93"
"14,9 : 489.31"
"14,10 : 356.75"
"14,11 : 73.33"
"14,12 : 488.93"
"14,13 : 431.51"
"14,14 : 0.0"
"14,15 : 299.2"
"14,16 : 130.36"
"14,17 : 531.33"
"14,18 : 324.0"
"14,19 : 572.88"
"14,20 : 382.69"
"14,21 : 215.47"
"14,22 : 518.21"
"14,23 : 291.29"
"14,24 : 203.89"
"14,25 : 204.27"
"14,26 : 491.39"
"14,27 : 325.87"
"14,28 : 537.29"
"14,29 : 242.1"
"14,30 : 408.38"
"14,31 : 239.12"
"14,32 : 512.29"
"14,33 : 679.36"
"14,34 : 604.83"
"14,35 : 459.38"
"14,36 : 730.02"
"14,37 : 545.27"
"14,38 : 312.6"
"14,39 : 667.68"
"14,40 : 141.48"
"14,41 : 145.5"
"14,42 : 457.5"
"14,43 : 329.26"
"14,44 : 632.99"
"14,45 : 494.77"
"14,46 : 438.06"
"14,47 : 562.41"
"14,48 : 276.74"
"14,49 : 365.27"
"14,50 : 200.0"
"14,51 : 557.0"
"14,52 : 442.54"
"14,53 : 541.08"
"14,54 : 562.57"
"14,55 : 582.22"
"14,56 : 293.98"
"14,57 : 578.86"
"14,58 : 229.87"
"14,59 : 339.04"
"14,60 : 304.11"
"14,61 : 301.66"
"14,62 : 246.45"
"14,63 : 302.74"
"14,64 : 347.54"
"14,65 : 182.22"
"14,66 : 722.88"
"14,67 : 728.58"
"14,68 : 419.1"
"14,69 : 789.94"
"14,70 : 344.09"
"14,71 : 327.88"
"14,72 : 488.45"
"14,73 : 287.86"
"14,74 : 449.28"
"14,75 : 443.4"
"14,76 : 566.7"
"14,77 : 463.46"
"14,78 : 352.55"
"14,79 : 612.68"
"14,80 : 402.59"
"14,81 : 530.0"
"14,82 : 568.82"
"14,83 : 755.35"
"14,84 : 410.62"
"14,85 : 279.8"
"14,86 : 226.83"
"14,87 : 441.02"
"14,88 : 475.85"
"14,89 : 826.78"
"14,90 : 638.65"
"14,91 : 399.2"
"14,92 : 310.0"
"14,93 : 513.0"
"14,94 : 465.64"
"14,95 : 615.89"
"14,96 : 147.0"
"14,97 : 326.34"
"14,98 : 319.36"
"14,99 : 666.15"
"15,0 : 159.15"
"15,1 : 721.72"
"15,2 : 866.63"
"15,3 : 814.59"
"15,4 : 211.99"
"15,5 : 484.31"
"15,6 : 722.25"
"15,7 : 874.4"
"15,8 : 578.53"
"15,9 : 783.61"
"15,10 : 326.31"
"15,11 : 372.44"
"15,12 : 783.3"
"15,13 : 673.26"
"15,14 : 299.2"
"15,15 : 0.0"
"15,16 : 295.19"
"15,17 : 783.95"
"15,18 : 449.03"
"15,19 : 847.87"
"15,20 : 631.95"
"15,21 : 505.07"
"15,22 : 320.15"
"15,23 : 262.09"
"15,24 : 383.3"
"15,25 : 414.63"
"15,26 : 603.24"
"15,27 : 147.67"
"15,28 : 583.83"
"15,29 : 233.66"
"15,30 : 699.28"
"15,31 : 116.73"
"15,32 : 807.95"
"15,33 : 816.45"
"15,34 : 866.3"
"15,35 : 599.61"
"15,36 : 613.05"
"15,37 : 841.49"
"15,38 : 129.4"
"15,39 : 933.8"
"15,40 : 204.82"
"15,41 : 316.74"
"15,42 : 242.4"
"15,43 : 525.21"
"15,44 : 795.27"
"15,45 : 274.16"
"15,46 : 693.18"
"15,47 : 687.35"
"15,48 : 572.62"
"15,49 : 405.25"
"15,50 : 452.55"
"15,51 : 849.43"
"15,52 : 670.96"
"15,53 : 549.74"
"15,54 : 849.38"
"15,55 : 764.38"
"15,56 : 593.03"
"15,57 : 727.3"
"15,58 : 386.37"
"15,59 : 457.1"
"15,60 : 541.02"
"15,61 : 560.7"
"15,62 : 342.38"
"15,63 : 383.4"
"15,64 : 563.49"
"15,65 : 255.05"
"15,66 : 921.91"
"15,67 : 907.93"
"15,68 : 692.89"
"15,69 : 992.89"
"15,70 : 54.67"
"15,71 : 494.49"
"15,72 : 680.72"
"15,73 : 59.91"
"15,74 : 355.14"
"15,75 : 718.43"
"15,76 : 563.8"
"15,77 : 735.77"
"15,78 : 603.88"
"15,79 : 893.66"
"15,80 : 176.71"
"15,81 : 822.39"
"15,82 : 505.29"
"15,83 : 998.75"
"15,84 : 570.01"
"15,85 : 513.78"
"15,86 : 438.53"
"15,87 : 525.13"
"15,88 : 769.18"
"15,89 : 1046.84"
"15,90 : 585.31"
"15,91 : 251.8"
"15,92 : 567.74"
"15,93 : 603.8"
"15,94 : 654.32"
"15,95 : 513.75"
"15,96 : 159.3"
"15,97 : 406.9"
"15,98 : 99.32"
"15,99 : 906.55"
"16,0 : 343.0"
"16,1 : 505.53"
"16,2 : 649.45"
"16,3 : 519.41"
"16,4 : 173.0"
"16,5 : 321.6"
"16,6 : 449.09"
"16,7 : 592.04"
"16,8 : 310.21"
"16,9 : 509.02"
"16,10 : 457.67"
"16,11 : 161.32"
"16,12 : 561.08"
"16,13 : 378.53"
"16,14 : 130.36"
"16,15 : 295.19"
"16,16 : 0.0"
"16,17 : 642.05"
"16,18 : 202.41"
"16,19 : 668.51"
"16,20 : 336.76"
"16,21 : 311.64"
"16,22 : 576.19"
"16,23 : 178.62"
"16,24 : 96.02"
"16,25 : 334.32"
"16,26 : 372.43"
"16,27 : 376.29"
"16,28 : 408.49"
"16,29 : 137.08"
"16,30 : 421.23"
"16,31 : 286.3"
"16,32 : 580.41"
"16,33 : 571.42"
"16,34 : 571.26"
"16,35 : 347.98"
"16,36 : 609.14"
"16,37 : 570.09"
"16,38 : 358.81"
"16,39 : 639.08"
"16,40 : 90.43"
"16,41 : 271.15"
"16,42 : 380.5"
"16,43 : 239.71"
"16,44 : 533.77"
"16,45 : 542.37"
"16,46 : 398.08"
"16,47 : 448.65"
"16,48 : 310.1"
"16,49 : 234.96"
"16,50 : 160.85"
"16,51 : 570.4"
"16,52 : 564.04"
"16,53 : 410.72"
"16,54 : 645.95"
"16,55 : 491.23"
"16,56 : 345.11"
"16,57 : 473.25"
"16,58 : 358.56"
"16,59 : 216.38"
"16,60 : 245.96"
"16,61 : 416.64"
"16,62 : 116.18"
"16,63 : 172.8"
"16,64 : 473.9"
"16,65 : 70.01"
"16,66 : 642.49"
"16,67 : 638.18"
"16,68 : 401.7"
"16,69 : 712.32"
"16,70 : 348.79"
"16,71 : 458.24"
"16,72 : 401.08"
"16,73 : 259.02"
"16,74 : 333.86"
"16,75 : 427.4"
"16,76 : 436.39"
"16,77 : 443.48"
"16,78 : 468.88"
"16,79 : 603.68"
"16,80 : 337.85"
"16,81 : 605.25"
"16,82 : 442.93"
"16,83 : 705.07"
"16,84 : 305.01"
"16,85 : 404.4"
"16,86 : 144.81"
"16,87 : 315.08"
"16,88 : 493.12"
"16,89 : 759.77"
"16,90 : 510.54"
"16,91 : 304.55"
"16,92 : 425.21"
"16,93 : 389.86"
"16,94 : 375.8"
"16,95 : 494.83"
"16,96 : 193.89"
"16,97 : 449.0"
"16,98 : 272.52"
"16,99 : 613.11"
"17,0 : 918.11"
"17,1 : 1022.83"
"17,2 : 240.64"
"17,3 : 698.01"
"17,4 : 583.09"
"17,5 : 932.37"
"17,6 : 444.04"
"17,7 : 896.01"
"17,8 : 441.21"
"17,9 : 460.18"
"17,10 : 591.22"
"17,11 : 480.88"
"17,12 : 243.04"
"17,13 : 665.43"
"17,14 : 531.33"
"17,15 : 783.95"
"17,16 : 642.05"
"17,17 : 0.0"
"17,18 : 774.49"
"17,19 : 119.81"
"17,20 : 625.51"
"17,21 : 332.66"
"17,22 : 834.22"
"17,23 : 818.18"
"17,24 : 664.2"
"17,25 : 369.72"
"17,26 : 902.38"
"17,27 : 723.26"
"17,28 : 993.92"
"17,29 : 771.11"
"17,30 : 468.24"
"17,31 : 677.93"
"17,32 : 263.15"
"17,33 : 1016.95"
"17,34 : 698.76"
"17,35 : 849.29"
"17,36 : 1250.25"
"17,37 : 457.68"
"17,38 : 723.14"
"17,39 : 720.02"
"17,40 : 672.63"
"17,41 : 467.32"
"17,42 : 983.88"
"17,43 : 701.87"
"17,44 : 944.85"
"17,45 : 845.16"
"17,46 : 632.33"
"17,47 : 941.6"
"17,48 : 424.39"
"17,49 : 858.38"
"17,50 : 571.79"
"17,51 : 506.01"
"17,52 : 130.25"
"17,53 : 1021.49"
"17,54 : 190.41"
"17,55 : 876.07"
"17,56 : 373.54"
"17,57 : 924.5"
"17,58 : 410.13"
"17,59 : 789.82"
"17,60 : 624.77"
"17,61 : 230.05"
"17,62 : 743.42"
"17,63 : 790.14"
"17,64 : 230.98"
"17,65 : 706.99"
"17,66 : 946.98"
"17,67 : 989.17"
"17,68 : 561.02"
"17,69 : 990.09"
"17,70 : 809.69"
"17,71 : 327.26"
"17,72 : 796.63"
"17,73 : 795.88"
"17,74 : 975.41"
"17,75 : 564.56"
"17,76 : 1050.4"
"17,77 : 583.82"
"17,78 : 181.47"
"17,79 : 615.88"
"17,80 : 924.55"
"17,81 : 229.03"
"17,82 : 1079.67"
"17,83 : 860.42"
"17,84 : 794.71"
"17,85 : 270.23"
"17,86 : 638.97"
"17,87 : 889.12"
"17,88 : 465.55"
"17,89 : 978.92"
"17,90 : 1140.53"
"17,91 : 930.48"
"17,92 : 221.93"
"17,93 : 938.71"
"17,94 : 788.3"
"17,95 : 1136.12"
"17,96 : 630.63"
"17,97 : 457.02"
"17,98 : 835.87"
"17,99 : 806.37"
"18,0 : 428.49"
"18,1 : 303.21"
"18,2 : 722.03"
"18,3 : 423.51"
"18,4 : 374.72"
"18,5 : 161.23"
"18,6 : 461.53"
"18,7 : 432.12"
"18,8 : 359.36"
"18,9 : 510.69"
"18,10 : 659.11"
"18,11 : 325.3"
"18,12 : 635.84"
"18,13 : 285.0"
"18,14 : 324.0"
"18,15 : 449.03"
"18,16 : 202.41"
"18,17 : 774.49"
"18,18 : 0.0"
"18,19 : 773.57"
"18,20 : 266.99"
"18,21 : 447.22"
"18,22 : 757.46"
"18,23 : 209.82"
"18,24 : 122.48"
"18,25 : 519.44"
"18,26 : 170.07"
"18,27 : 559.95"
"18,28 : 222.65"
"18,29 : 218.16"
"18,30 : 426.24"
"18,31 : 473.67"
"18,32 : 647.5"
"18,33 : 374.32"
"18,34 : 482.01"
"18,35 : 152.01"
"18,36 : 507.47"
"18,37 : 572.51"
"18,38 : 541.08"
"18,39 : 551.85"
"18,40 : 269.27"
"18,41 : 469.15"
"18,42 : 425.96"
"18,43 : 120.21"
"18,44 : 346.55"
"18,45 : 717.65"
"18,46 : 323.13"
"18,47 : 248.28"
"18,48 : 369.93"
"18,49 : 113.56"
"18,50 : 203.21"
"18,51 : 555.25"
"18,52 : 720.1"
"18,53 : 247.86"
"18,54 : 732.23"
"18,55 : 317.04"
"18,56 : 419.34"
"18,57 : 280.13"
"18,58 : 553.36"
"18,59 : 15.81"
"18,60 : 191.71"
"18,61 : 567.17"
"18,62 : 107.2"
"18,63 : 73.93"
"18,64 : 643.68"
"18,65 : 200.83"
"18,66 : 476.51"
"18,67 : 459.03"
"18,68 : 363.63"
"18,69 : 547.73"
"18,70 : 503.17"
"18,71 : 645.45"
"18,72 : 240.39"
"18,73 : 396.72"
"18,74 : 289.69"
"18,75 : 386.39"
"18,76 : 277.22"
"18,77 : 393.1"
"18,78 : 618.74"
"18,79 : 550.28"
"18,80 : 412.92"
"18,81 : 681.38"
"18,82 : 329.28"
"18,83 : 580.19"
"18,84 : 122.61"
"18,85 : 572.51"
"18,86 : 135.67"
"18,87 : 119.82"
"18,88 : 493.23"
"18,89 : 608.23"
"18,90 : 375.37"
"18,91 : 329.87"
"18,92 : 575.6"
"18,93 : 189.0"
"18,94 : 213.89"
"18,95 : 401.18"
"18,96 : 388.85"
"18,97 : 649.17"
"18,98 : 387.23"
"18,99 : 489.52"
"19,0 : 970.88"
"19,1 : 996.29"
"19,2 : 130.38"
"19,3 : 631.73"
"19,4 : 639.24"
"19,5 : 934.48"
"19,6 : 384.5"
"19,7 : 835.5"
"19,8 : 419.78"
"19,9 : 386.18"
"19,10 : 688.36"
"19,11 : 512.1"
"19,12 : 165.33"
"19,13 : 622.27"
"19,14 : 572.88"
"19,15 : 847.87"
"19,16 : 668.51"
"19,17 : 119.81"
"19,18 : 773.57"
"19,19 : 0.0"
"19,20 : 588.72"
"19,21 : 359.33"
"19,22 : 930.57"
"19,23 : 847.12"
"19,24 : 673.65"
"19,25 : 442.8"
"19,26 : 884.08"
"19,27 : 803.87"
"19,28 : 985.81"
"19,29 : 803.33"
"19,30 : 414.58"
"19,31 : 749.07"
"19,32 : 175.14"
"19,33 : 975.66"
"19,34 : 623.87"
"19,35 : 828.02"
"19,36 : 1267.19"
"19,37 : 370.54"
"19,38 : 801.44"
"19,39 : 636.02"
"19,40 : 713.12"
"19,41 : 536.4"
"19,42 : 1030.38"
"19,43 : 686.35"
"19,44 : 900.39"
"19,45 : 937.0"
"19,46 : 584.11"
"19,47 : 913.34"
"19,48 : 406.2"
"19,49 : 867.75"
"19,50 : 571.55"
"19,51 : 420.43"
"19,52 : 239.14"
"19,53 : 1021.09"
"19,54 : 80.78"
"19,55 : 830.79"
"19,56 : 355.3"
"19,57 : 888.74"
"19,58 : 493.69"
"19,59 : 788.14"
"19,60 : 605.46"
"19,61 : 288.52"
"19,62 : 758.93"
"19,63 : 800.04"
"19,64 : 325.0"
"19,65 : 736.93"
"19,66 : 883.84"
"19,67 : 931.85"
"19,68 : 510.39"
"19,69 : 920.66"
"19,70 : 879.2"
"19,71 : 426.24"
"19,72 : 759.09"
"19,73 : 852.3"
"19,74 : 1001.0"
"19,75 : 508.79"
"19,76 : 1050.61"
"19,77 : 525.33"
"19,78 : 252.64"
"19,79 : 530.16"
"19,80 : 974.67"
"19,81 : 134.03"
"19,82 : 1092.26"
"19,83 : 778.66"
"19,84 : 775.09"
"19,85 : 345.49"
"19,86 : 638.94"
"19,87 : 881.97"
"19,88 : 395.13"
"19,89 : 901.0"
"19,90 : 1147.21"
"19,91 : 968.12"
"19,92 : 282.21"
"19,93 : 923.02"
"19,94 : 754.58"
"19,95 : 1154.29"
"19,96 : 690.01"
"19,97 : 556.3"
"19,98 : 888.85"
"19,99 : 733.57"
"20,0 : 660.72"
"20,1 : 409.48"
"20,2 : 506.49"
"20,3 : 182.83"
"20,4 : 474.37"
"20,5 : 410.08"
"20,6 : 220.1"
"20,7 : 303.26"
"20,8 : 190.17"
"20,9 : 256.67"
"20,10 : 733.62"
"20,11 : 330.97"
"20,12 : 429.8"
"20,13 : 50.99"
"20,14 : 382.69"
"20,15 : 631.95"
"20,16 : 336.76"
"20,17 : 625.51"
"20,18 : 266.99"
"20,19 : 588.72"
"20,20 : 0.0"
"20,21 : 358.23"
"20,22 : 897.56"
"20,23 : 451.12"
"20,24 : 255.27"
"20,25 : 504.35"
"20,26 : 309.87"
"20,27 : 700.29"
"20,28 : 427.82"
"20,29 : 437.35"
"20,30 : 184.29"
"20,31 : 610.08"
"20,32 : 432.68"
"20,33 : 391.45"
"20,34 : 234.92"
"20,35 : 251.07"
"20,36 : 762.42"
"20,37 : 315.39"
"20,38 : 684.64"
"20,39 : 303.64"
"20,40 : 427.14"
"20,41 : 504.53"
"20,42 : 675.95"
"20,43 : 146.89"
"20,44 : 320.47"
"20,45 : 869.52"
"20,46 : 61.98"
"20,47 : 326.06"
"20,48 : 209.06"
"20,49 : 380.49"
"20,50 : 185.4"
"20,51 : 291.77"
"20,52 : 614.51"
"20,53 : 480.77"
"20,54 : 529.59"
"20,55 : 252.96"
"20,56 : 255.77"
"20,57 : 300.47"
"20,58 : 562.23"
"20,59 : 274.85"
"20,60 : 92.03"
"20,61 : 473.08"
"20,62 : 329.44"
"20,63 : 331.44"
"20,64 : 573.66"
"20,65 : 386.46"
"20,66 : 357.97"
"20,67 : 381.84"
"20,68 : 100.72"
"20,69 : 419.14"
"20,70 : 685.41"
"20,71 : 617.44"
"20,72 : 171.4"
"20,73 : 593.78"
"20,74 : 555.93"
"20,75 : 120.9"
"20,76 : 509.87"
"20,77 : 126.12"
"20,78 : 515.0"
"20,79 : 285.03"
"20,80 : 649.93"
"20,81 : 472.45"
"20,82 : 586.24"
"20,83 : 373.56"
"20,84 : 205.42"
"20,85 : 509.74"
"20,86 : 196.09"
"20,87 : 334.8"
"20,88 : 239.61"
"20,89 : 446.58"
"20,90 : 618.44"
"20,91 : 583.24"
"20,92 : 479.76"
"20,93 : 351.95"
"20,94 : 165.92"
"20,95 : 661.98"
"20,96 : 513.69"
"20,97 : 673.5"
"20,98 : 600.83"
"20,99 : 283.56"
"21,0 : 615.73"
"21,1 : 716.63"
"21,2 : 361.68"
"21,3 : 495.97"
"21,4 : 293.1"
"21,5 : 602.19"
"21,6 : 283.87"
"21,7 : 659.71"
"21,8 : 177.0"
"21,9 : 338.4"
"21,10 : 443.61"
"21,11 : 152.86"
"21,12 : 278.58"
"21,13 : 407.54"
"21,14 : 215.47"
"21,15 : 505.07"
"21,16 : 311.64"
"21,17 : 332.66"
"21,18 : 447.22"
"21,19 : 359.33"
"21,20 : 358.23"
"21,21 : 0.0"
"21,22 : 660.82"
"21,23 : 489.66"
"21,24 : 332.83"
"21,25 : 171.33"
"21,26 : 588.6"
"21,27 : 494.02"
"21,28 : 669.25"
"21,29 : 444.68"
"21,30 : 280.93"
"21,31 : 421.52"
"21,32 : 304.04"
"21,33 : 733.74"
"21,34 : 523.0"
"21,35 : 540.49"
"21,36 : 918.01"
"21,37 : 381.66"
"21,38 : 486.23"
"21,39 : 572.22"
"21,40 : 354.2"
"21,41 : 225.16"
"21,42 : 672.1"
"21,43 : 390.91"
"21,44 : 670.15"
"21,45 : 651.36"
"21,46 : 390.88"
"21,47 : 639.7"
"21,48 : 158.4"
"21,49 : 526.21"
"21,50 : 248.9"
"21,51 : 408.04"
"21,52 : 274.8"
"21,53 : 692.0"
"21,54 : 347.32"
"21,55 : 606.26"
"21,56 : 134.47"
"21,57 : 634.82"
"21,58 : 238.41"
"21,59 : 462.87"
"21,60 : 324.04"
"21,61 : 122.48"
"21,62 : 410.76"
"21,63 : 458.04"
"21,64 : 216.33"
"21,65 : 378.8"
"21,66 : 714.27"
"21,67 : 739.99"
"21,68 : 338.55"
"21,69 : 771.76"
"21,70 : 543.77"
"21,71 : 264.43"
"21,72 : 516.06"
"21,73 : 501.08"
"21,74 : 645.48"
"21,75 : 355.49"
"21,76 : 720.5"
"21,77 : 378.32"
"21,78 : 172.41"
"21,79 : 491.44"
"21,80 : 618.02"
"21,81 : 317.35"
"21,82 : 747.01"
"21,83 : 689.39"
"21,84 : 485.49"
"21,85 : 151.63"
"21,86 : 313.56"
"21,87 : 564.84"
"21,88 : 330.21"
"21,89 : 786.41"
"21,90 : 808.41"
"21,91 : 608.82"
"21,92 : 130.51"
"21,93 : 621.41"
"21,94 : 501.2"
"21,95 : 804.02"
"21,96 : 345.98"
"21,97 : 346.53"
"21,98 : 534.46"
"21,99 : 611.45"
"22,0 : 436.49"
"22,1 : 1040.24"
"22,2 : 990.76"
"22,3 : 1077.78"
"22,4 : 423.43"
"22,5 : 804.44"
"22,6 : 930.7"
"22,7 : 1168.2"
"22,8 : 793.46"
"22,9 : 990.15"
"22,10 : 243.02"
"22,11 : 582.22"
"22,12 : 921.67"
"22,13 : 944.51"
"22,14 : 518.21"
"22,15 : 320.15"
"22,16 : 576.19"
"22,17 : 834.22"
"22,18 : 757.46"
"22,19 : 930.57"
"22,20 : 897.56"
"22,21 : 660.82"
"22,22 : 0.0"
"22,23 : 581.82"
"22,24 : 671.84"
"22,25 : 505.21"
"22,26 : 918.48"
"22,27 : 199.9"
"22,28 : 903.97"
"22,29 : 549.68"
"22,30 : 916.9"
"22,31 : 290.13"
"22,32 : 950.01"
"22,33 : 1130.18"
"22,34 : 1123.01"
"22,35 : 909.46"
"22,36 : 896.18"
"22,37 : 1039.41"
"22,38 : 217.71"
"22,39 : 1185.73"
"22,40 : 492.04"
"22,41 : 436.02"
"22,42 : 514.05"
"22,43 : 815.89"
"22,44 : 1103.01"
"22,45 : 54.59"
"22,46 : 954.92"
"22,47 : 1001.77"
"22,48 : 781.5"
"22,49 : 724.34"
"22,50 : 712.22"
"22,51 : 1059.9"
"22,52 : 704.52"
"22,53 : 868.77"
"22,54 : 959.13"
"22,55 : 1065.63"
"22,56 : 783.31"
"22,57 : 1037.59"
"22,58 : 443.28"
"22,59 : 767.35"
"22,60 : 812.84"
"22,61 : 657.14"
"22,62 : 650.47"
"22,63 : 697.08"
"22,64 : 606.27"
"22,65 : 556.95"
"22,66 : 1218.61"
"22,67 : 1211.82"
"22,68 : 936.87"
"22,69 : 1288.51"
"22,70 : 273.48"
"22,71 : 507.04"
"22,72 : 976.92"
"22,73 : 379.68"
"22,74 : 665.24"
"22,75 : 960.83"
"22,76 : 881.58"
"22,77 : 981.28"
"22,78 : 680.82"
"22,79 : 1126.58"
"22,80 : 459.92"
"22,81 : 950.77"
"22,82 : 814.1"
"22,83 : 1271.12"
"22,84 : 874.32"
"22,85 : 591.29"
"22,86 : 718.69"
"22,87 : 842.61"
"22,88 : 978.98"
"22,89 : 1334.41"
"22,90 : 893.41"
"22,91 : 557.5"
"22,92 : 660.88"
"22,93 : 921.72"
"22,94 : 951.34"
"22,95 : 809.87"
"22,96 : 385.38"
"22,97 : 377.3"
"22,98 : 411.69"
"22,99 : 1180.66"
"23,0 : 218.69"
"23,1 : 460.05"
"23,2 : 825.65"
"23,3 : 623.11"
"23,4 : 281.85"
"23,5 : 223.26"
"23,6 : 606.87"
"23,7 : 641.19"
"23,8 : 476.14"
"23,9 : 663.98"
"23,10 : 537.13"
"23,11 : 337.77"
"23,12 : 737.12"
"23,13 : 480.31"
"23,14 : 291.29"
"23,15 : 262.09"
"23,16 : 178.62"
"23,17 : 818.18"
"23,18 : 209.82"
"23,19 : 847.12"
"23,20 : 451.12"
"23,21 : 489.66"
"23,22 : 581.82"
"23,23 : 0.0"
"23,24 : 205.18"
"23,25 : 489.72"
"23,26 : 345.7"
"23,27 : 395.84"
"23,28 : 322.87"
"23,29 : 50.99"
"23,30 : 575.46"
"23,31 : 322.8"
"23,32 : 755.32"
"23,33 : 559.29"
"23,34 : 680.2"
"23,35 : 350.45"
"23,36 : 439.37"
"23,37 : 726.38"
"23,38 : 376.19"
"23,39 : 750.19"
"23,40 : 159.68"
"23,41 : 408.45"
"23,42 : 224.89"
"23,43 : 314.87"
"23,44 : 545.62"
"23,45 : 536.21"
"23,46 : 512.09"
"23,47 : 430.2"
"23,48 : 479.11"
"23,49 : 143.54"
"23,50 : 311.85"
"23,51 : 719.51"
"23,52 : 733.79"
"23,53 : 295.74"
"23,54 : 823.75"
"23,55 : 523.93"
"23,56 : 518.54"
"23,57 : 475.19"
"23,58 : 498.14"
"23,59 : 213.06"
"23,60 : 361.73"
"23,61 : 590.44"
"23,62 : 121.7"
"23,63 : 136.34"
"23,64 : 637.87"
"23,65 : 111.2"
"23,66 : 684.14"
"23,67 : 661.64"
"23,68 : 536.01"
"23,69 : 755.26"
"23,70 : 312.69"
"23,71 : 606.45"
"23,72 : 450.2"
"23,73 : 203.68"
"23,74 : 158.04"
"23,75 : 561.09"
"23,76 : 314.16"
"23,77 : 572.79"
"23,78 : 642.15"
"23,79 : 734.64"
"23,80 : 203.71"
"23,81 : 781.74"
"23,82 : 285.95"
"23,83 : 788.48"
"23,84 : 331.36"
"23,85 : 570.98"
"23,86 : 263.27"
"23,87 : 265.05"
"23,88 : 647.15"
"23,89 : 817.71"
"23,90 : 361.7"
"23,91 : 134.84"
"23,92 : 598.93"
"23,93 : 342.84"
"23,94 : 423.71"
"23,95 : 325.66"
"23,96 : 266.49"
