x,y
385,259
494,120
226,586
313,218
848,872
579,252
287,319
165,738
300,628
448,78
517,987
676,964
93,598
335,970
708,728
175,157
848,653
222,124
517,868
798,53
607,306
763,968
603,811
855,429
387,483
373,60
69,868
201,709
453,222
744,970
130,334
393,92
982,176
339,81
313,777
551,229
612,200
522,10
722,260
52,306
9,394
675,857
750,497
824,838
951,278
907,531
580,430
610,379
5,247
928,910
478,487
914,948
9,192
321,317
988,680
348,259
739,146
943,876
357,940
221,832
88,424
180,756
859,699
83,606
578,263
280,90
965,520
850,661
809,671
951,974
328,129
396,564
583,439
984,718
761,402
605,152
560,199
700,851
997,644
98,48
859,560
410,321
665,84
808,576
449,951
86,144
7,260
503,645
724,666
25,738
271,554
636,593
476,15
843,578
448,466
556,305
186,782
992,688
778,520
279,341

Distanze
"0,0 : 0.0"
"0,1 : 176.64"
"0,2 : 363.61"
"0,3 : 82.86"
"0,4 : 768.2"
"0,5 : 194.13"
"0,6 : 114.91"
"0,7 : 527.11"
"0,8 : 378.66"
"0,9 : 191.65"
"0,10 : 739.87"
"0,11 : 762.7"
"0,12 : 447.42"
"0,13 : 712.76"
"0,14 : 569.46"
"0,15 : 233.46"
"0,16 : 607.95"
"0,17 : 211.65"
"0,18 : 623.14"
"0,19 : 461.52"
"0,20 : 226.92"
"0,21 : 803.47"
"0,22 : 593.49"
"0,23 : 499.8"
"0,24 : 224.01"
"0,25 : 199.36"
"0,26 : 686.1"
"0,27 : 486.16"
"0,28 : 77.41"
"0,29 : 796.49"
"0,30 : 265.8"
"0,31 : 167.19"
"0,32 : 602.74"
"0,33 : 183.85"
"0,34 : 522.98"
"0,35 : 168.69"
"0,36 : 234.54"
"0,37 : 284.2"
"0,38 : 337.0"
"0,39 : 336.3"
"0,40 : 399.5"
"0,41 : 664.61"
"0,42 : 435.74"
"0,43 : 726.61"
"0,44 : 566.32"
"0,45 : 588.62"
"0,46 : 259.36"
"0,47 : 255.0"
"0,48 : 380.19"
"0,49 : 847.73"
"0,50 : 246.24"
"0,51 : 868.66"
"0,52 : 381.92"
"0,53 : 86.37"
"0,54 : 735.43"
"0,55 : 37.0"
"0,56 : 371.6"
"0,57 : 831.9"
"0,58 : 681.58"
"0,59 : 596.01"
"0,60 : 339.76"
"0,61 : 537.62"
"0,62 : 646.74"
"0,63 : 460.01"
"0,64 : 193.04"
"0,65 : 198.96"
"0,66 : 636.02"
"0,67 : 614.68"
"0,68 : 591.2"
"0,69 : 911.91"
"0,70 : 141.95"
"0,71 : 305.2"
"0,72 : 267.59"
"0,73 : 754.64"
"0,74 : 402.27"
"0,75 : 244.64"
"0,76 : 185.0"
"0,77 : 670.59"
"0,78 : 723.03"
"0,79 : 356.22"
"0,80 : 561.5"
"0,81 : 66.85"
"0,82 : 330.19"
"0,83 : 528.6"
"0,84 : 694.95"
"0,85 : 320.35"
"0,86 : 378.0"
"0,87 : 403.63"
"0,88 : 529.69"
"0,89 : 599.2"
"0,90 : 316.26"
"0,91 : 417.8"
"0,92 : 260.42"
"0,93 : 558.14"
"0,94 : 216.37"
"0,95 : 177.08"
"0,96 : 559.58"
"0,97 : 743.3"
"0,98 : 471.77"
"0,99 : 134.01"
"1,0 : 176.64"
"1,1 : 0.0"
"1,2 : 537.57"
"1,3 : 205.83"
"1,4 : 831.16"
"1,5 : 157.0"
"1,6 : 287.14"
"1,7 : 700.12"
"1,8 : 543.78"
"1,9 : 62.29"
"1,10 : 867.31"
"1,11 : 863.4"
"1,12 : 623.93"
"1,13 : 864.74"
"1,14 : 644.56"
"1,15 : 321.14"
"1,16 : 639.85"
"1,17 : 272.03"
"1,18 : 748.35"
"1,19 : 311.3"
"1,20 : 217.64"
"1,21 : 889.64"
"1,22 : 699.54"
"1,23 : 475.19"
"1,24 : 378.44"
"1,25 : 135.06"
"1,26 : 860.31"
"1,27 : 657.85"
"1,28 : 109.93"
"1,29 : 886.0"
"1,30 : 422.25"
"1,31 : 104.81"
"1,32 : 491.2"
"1,33 : 159.83"
"1,34 : 681.48"
"1,35 : 123.0"
"1,36 : 142.56"
"1,37 : 113.51"
"1,38 : 267.55"
"1,39 : 479.54"
"1,40 : 557.05"
"1,41 : 758.9"
"1,42 : 455.7"
"1,43 : 790.21"
"1,44 : 483.54"
"1,45 : 582.66"
"1,46 : 321.71"
"1,47 : 283.79"
"1,48 : 505.22"
"1,49 : 901.36"
"1,50 : 367.35"
"1,51 : 928.43"
"1,52 : 490.32"
"1,53 : 262.18"
"1,54 : 746.75"
"1,55 : 201.59"
"1,56 : 246.38"
"1,57 : 879.28"
"1,58 : 831.37"
"1,59 : 762.54"
"1,60 : 507.2"
"1,61 : 709.29"
"1,62 : 684.45"
"1,63 : 636.49"
"1,64 : 165.85"
"1,65 : 216.09"
"1,66 : 617.93"
"1,67 : 647.62"
"1,68 : 634.69"
"1,69 : 968.59"
"1,70 : 166.24"
"1,71 : 454.69"
"1,72 : 331.18"
"1,73 : 773.11"
"1,74 : 388.35"
"1,75 : 115.52"
"1,76 : 102.94"
"1,77 : 759.47"
"1,78 : 726.35"
"1,79 : 402.49"
"1,80 : 571.69"
"1,81 : 217.85"
"1,82 : 174.75"
"1,83 : 553.65"
"1,84 : 832.22"
"1,85 : 408.71"
"1,86 : 506.72"
"1,87 : 525.08"
"1,88 : 592.47"
"1,89 : 775.81"
"1,90 : 487.94"
"1,91 : 493.86"
"1,92 : 106.53"
"1,93 : 575.82"
"1,94 : 349.04"
"1,95 : 195.11"
"1,96 : 730.14"
"1,97 : 755.4"
"1,98 : 490.57"
"1,99 : 308.33"
"2,0 : 363.61"
"2,1 : 537.57"
"2,2 : 0.0"
"2,3 : 378.14"
"2,4 : 684.6"
"2,5 : 485.97"
"2,6 : 273.88"
"2,7 : 163.78"
"2,8 : 85.09"
"2,9 : 554.39"
"2,10 : 495.46"
"2,11 : 587.69"
"2,12 : 133.54"
"2,13 : 399.17"
"2,14 : 502.48"
"2,15 : 432.02"
"2,16 : 625.6"
"2,17 : 462.02"
"2,18 : 405.22"
"2,19 : 781.84"
"2,20 : 472.82"
"2,21 : 659.01"
"2,22 : 439.04"
"2,23 : 648.3"
"2,24 : 191.13"
"2,25 : 546.15"
"2,26 : 322.76"
"2,27 : 125.51"
"2,28 : 428.98"
"2,29 : 644.81"
"2,30 : 269.67"
"2,31 : 521.46"
"2,32 : 860.02"
"2,33 : 517.49"
"2,34 : 209.88"
"2,35 : 482.78"
"2,36 : 545.89"
"2,37 : 647.6"
"2,38 : 593.54"
"2,39 : 329.66"
"2,40 : 289.75"
"2,41 : 524.44"
"2,42 : 531.5"
"2,43 : 648.93"
"2,44 : 787.71"
"2,45 : 683.22"
"2,46 : 386.85"
"2,47 : 436.24"
"2,48 : 404.68"
"2,49 : 773.16"
"2,50 : 270.75"
"2,51 : 777.42"
"2,52 : 449.81"
"2,53 : 285.28"
"2,54 : 767.78"
"2,55 : 349.02"
"2,56 : 675.85"
"2,57 : 773.43"
"2,58 : 377.46"
"2,59 : 246.05"
"2,60 : 212.81"
"2,61 : 176.11"
"2,62 : 643.01"
"2,63 : 144.39"
"2,64 : 477.74"
"2,65 : 498.93"
"2,66 : 741.94"
"2,67 : 628.49"
"2,68 : 589.16"
"2,69 : 822.29"
"2,70 : 468.24"
"2,71 : 171.42"
"2,72 : 386.08"
"2,73 : 769.41"
"2,74 : 565.76"
"2,75 : 576.19"
"2,76 : 511.2"
"2,77 : 543.05"
"2,78 : 773.18"
"2,79 : 553.02"
"2,80 : 633.53"
"2,81 : 322.62"
"2,82 : 666.88"
"2,83 : 582.09"
"2,84 : 427.73"
"2,85 : 463.64"
"2,86 : 392.73"
"2,87 : 283.21"
"2,88 : 504.38"
"2,89 : 252.0"
"2,90 : 55.22"
"2,91 : 410.06"
"2,92 : 623.33"
"2,93 : 617.05"
"2,94 : 252.36"
"2,95 : 433.43"
"2,96 : 200.04"
"2,97 : 772.76"
"2,98 : 555.93"
"2,99 : 250.67"
"3,0 : 82.86"
"3,1 : 205.83"
"3,2 : 378.14"
"3,3 : 0.0"
"3,4 : 844.95"
"3,5 : 268.16"
"3,6 : 104.29"
"3,7 : 540.65"
"3,8 : 410.21"
"3,9 : 194.49"
"3,10 : 795.6"
"3,11 : 829.63"
"3,12 : 439.09"
"3,13 : 752.32"
"3,14 : 645.08"
"3,15 : 150.88"
"3,16 : 689.53"
"3,17 : 130.83"
"3,18 : 681.26"
"3,19 : 512.3"
"3,20 : 306.89"
"3,21 : 874.64"
"3,22 : 660.11"
"3,23 : 581.62"
"3,24 : 275.14"
"3,25 : 169.01"
"3,26 : 694.29"
"3,27 : 503.61"
"3,28 : 140.06"
"3,29 : 866.76"
"3,30 : 216.67"
"3,31 : 149.25"
"3,32 : 670.32"
"3,33 : 139.45"
"3,34 : 559.0"
"3,35 : 238.25"
"3,36 : 299.54"
"3,37 : 294.86"
"3,38 : 411.15"
"3,39 : 275.44"
"3,40 : 351.27"
"3,41 : 734.41"
"3,42 : 518.47"
"3,43 : 803.44"
"3,44 : 640.82"
"3,45 : 671.42"
"3,46 : 340.93"
"3,47 : 337.83"
"3,48 : 309.36"
"3,49 : 925.79"
"3,50 : 315.57"
"3,51 : 945.57"
"3,52 : 305.11"
"3,53 : 99.32"
"3,54 : 817.97"
"3,55 : 53.91"
"3,56 : 432.04"
"3,57 : 910.97"
"3,58 : 723.34"
"3,59 : 620.85"
"3,60 : 305.06"
"3,61 : 554.2"
"3,62 : 727.65"
"3,63 : 451.05"
"3,64 : 268.79"
"3,65 : 132.19"
"3,66 : 718.55"
"3,67 : 696.15"
"3,68 : 671.73"
"3,69 : 989.23"
"3,70 : 90.26"
"3,71 : 355.82"
"3,72 : 348.91"
"3,73 : 836.8"
"3,74 : 484.31"
"3,75 : 299.37"
"3,76 : 247.73"
"3,77 : 741.93"
"3,78 : 805.81"
"3,79 : 274.09"
"3,80 : 644.27"
"3,81 : 141.48"
"3,82 : 376.64"
"3,83 : 610.89"
"3,84 : 745.51"
"3,85 : 238.76"
"3,86 : 308.87"
"3,87 : 467.36"
"3,88 : 607.97"
"3,89 : 594.43"
"3,90 : 338.61"
"3,91 : 494.93"
"3,92 : 260.34"
"3,93 : 640.7"
"3,94 : 282.36"
"3,95 : 258.1"
"3,96 : 578.12"
"3,97 : 825.8"
"3,98 : 554.46"
"3,99 : 127.61"
"4,0 : 768.2"
"4,1 : 831.16"
"4,2 : 684.6"
"4,3 : 844.95"
"4,4 : 0.0"
"4,5 : 675.84"
"4,6 : 787.74"
"4,7 : 696.02"
"4,8 : 599.87"
"4,9 : 889.06"
"4,10 : 350.41"
"4,11 : 195.06"
"4,12 : 803.18"
"4,13 : 522.28"
"4,14 : 200.84"
"4,15 : 981.91"
"4,16 : 219.0"
"4,17 : 975.39"
"4,18 : 331.02"
"4,19 : 820.52"
"4,20 : 615.17"
"4,21 : 128.22"
"4,22 : 252.48"
"4,23 : 443.06"
"4,24 : 603.19"
"4,25 : 940.73"
"4,26 : 779.01"
"4,27 : 667.22"
"4,28 : 760.61"
"4,29 : 142.9"
"4,30 : 897.2"
"4,31 : 903.01"
"4,32 : 708.78"
"4,33 : 940.62"
"4,34 : 543.37"
"4,35 : 708.28"
"4,36 : 712.24"
"4,37 : 921.59"
"4,38 : 624.84"
"4,39 : 976.71"
"4,40 : 965.61"
"4,41 : 173.65"
"4,42 : 387.59"
"4,43 : 41.62"
"4,44 : 602.86"
"4,45 : 346.07"
"4,46 : 516.9"
"4,47 : 547.44"
"4,48 : 1049.42"
"4,49 : 88.57"
"4,50 : 533.97"
"4,51 : 100.66"
"4,52 : 1079.96"
"4,53 : 765.35"
"4,54 : 237.62"
"4,55 : 791.06"
"4,56 : 734.14"
"4,57 : 95.08"
"4,58 : 495.69"
"4,59 : 628.27"
"4,60 : 882.22"
"4,61 : 678.0"
"4,62 : 173.35"
"4,63 : 809.93"
"4,64 : 666.17"
"4,65 : 966.51"
"4,66 : 370.94"
"4,67 : 211.01"
"4,68 : 204.75"
"4,69 : 144.96"
"4,70 : 906.89"
"4,71 : 546.96"
"4,72 : 507.66"
"4,73 : 205.46"
"4,74 : 477.98"
"4,75 : 759.9"
"4,76 : 732.03"
"4,77 : 149.48"
"4,78 : 272.37"
"4,79 : 1114.22"
"4,80 : 312.19"
"4,81 : 703.88"
"4,82 : 808.97"
"4,83 : 298.69"
"4,84 : 406.75"
"4,85 : 1053.86"
"4,86 : 1040.11"
"4,87 : 412.98"
"4,88 : 240.44"
"4,89 : 833.84"
"4,90 : 658.83"
"4,91 : 350.41"
"4,92 : 934.26"
"4,93 : 294.04"
"4,94 : 569.94"
"4,95 : 637.77"
"4,96 : 668.09"
"4,97 : 233.65"
"4,98 : 358.89"
"4,99 : 778.28"
"5,0 : 194.13"
"5,1 : 157.0"
"5,2 : 485.97"
"5,3 : 268.16"
"5,4 : 675.84"
"5,5 : 0.0"
"5,6 : 299.59"
"5,7 : 638.43"
"5,8 : 468.21"
"5,9 : 217.8"
"5,10 : 737.61"
"5,11 : 718.58"
"5,12 : 596.58"
"5,13 : 758.33"
"5,14 : 493.17"
"5,15 : 415.02"
"5,16 : 482.87"
"5,17 : 379.25"
"5,18 : 619.11"
"5,19 : 295.91"
"5,20 : 60.83"
"5,21 : 739.26"
"5,22 : 559.51"
"5,23 : 327.88"
"5,24 : 300.37"
"5,25 : 281.6"
"5,26 : 799.72"
"5,27 : 593.07"
"5,28 : 129.52"
"5,29 : 736.72"
"5,30 : 456.43"
"5,31 : 245.35"
"5,32 : 410.1"
"5,33 : 294.69"
"5,34 : 588.54"
"5,35 : 36.24"
"5,36 : 61.59"
"5,37 : 248.62"
"5,38 : 143.22"
"5,39 : 529.76"
"5,40 : 587.42"
"5,41 : 612.57"
"5,42 : 298.77"
"5,43 : 635.15"
"5,44 : 372.91"
"5,45 : 430.61"
"5,46 : 178.0"
"5,47 : 130.73"
"5,48 : 574.02"
"5,49 : 744.83"
"5,50 : 255.79"
"5,51 : 772.43"
"5,52 : 573.15"
"5,53 : 266.06"
"5,54 : 592.0"
"5,55 : 231.11"
"5,56 : 191.93"
"5,57 : 722.41"
"5,58 : 722.93"
"5,59 : 681.59"
"5,60 : 520.25"
"5,61 : 642.82"
"5,62 : 527.46"
"5,63 : 609.37"
"5,64 : 11.05"
"5,65 : 340.07"
"5,66 : 469.91"
"5,67 : 490.63"
"5,68 : 477.98"
"5,69 : 812.2"
"5,70 : 279.52"
"5,71 : 361.71"
"5,72 : 187.04"
"5,73 : 617.4"
"5,74 : 235.85"
"5,75 : 103.32"
"5,76 : 56.3"
"5,77 : 611.1"
"5,78 : 573.05"
"5,79 : 522.47"
"5,80 : 416.25"
"5,81 : 182.54"
"5,82 : 188.73"
"5,83 : 396.76"
"5,84 : 710.99"
"5,85 : 504.69"
"5,86 : 572.06"
"5,87 : 400.28"
"5,88 : 438.66"
"5,89 : 736.96"
"5,90 : 431.36"
"5,91 : 345.73"
"5,92 : 258.41"
"5,93 : 419.49"
"5,94 : 250.91"
"5,95 : 57.78"
"5,96 : 659.81"
"5,97 : 600.55"
"5,98 : 333.8"
"5,99 : 312.92"
"6,0 : 114.91"
"6,1 : 287.14"
"6,2 : 273.88"
"6,3 : 104.29"
"6,4 : 787.74"
"6,5 : 299.59"
"6,6 : 0.0"
"6,7 : 436.4"
"6,8 : 309.27"
"6,9 : 289.83"
"6,10 : 706.49"
"6,11 : 753.22"
"6,12 : 339.82"
"6,13 : 652.77"
"6,14 : 586.96"
"6,15 : 196.95"
"6,16 : 652.9"
"6,17 : 205.55"
"6,18 : 595.23"
"6,19 : 576.09"
"6,20 : 320.26"
"6,21 : 804.85"
"6,22 : 584.74"
"6,23 : 578.55"
"6,24 : 192.08"
"6,25 : 272.9"
"6,26 : 590.7"
"6,27 : 399.37"
"6,28 : 192.26"
"6,29 : 795.39"
"6,30 : 157.71"
"6,31 : 250.53"
"6,32 : 709.56"
"6,33 : 243.61"
"6,34 : 458.74"
"6,35 : 278.92"
"6,36 : 346.1"
"6,37 : 388.21"
"6,38 : 438.98"
"6,39 : 235.36"
"6,40 : 287.94"
"6,41 : 663.32"
"6,42 : 496.04"
"6,43 : 746.81"
"6,44 : 665.26"
"6,45 : 655.24"
"6,46 : 313.32"
"6,47 : 328.53"
"6,48 : 291.05"
"6,49 : 871.87"
"6,50 : 254.37"
"6,51 : 888.13"
"6,52 : 305.64"
"6,53 : 34.06"
"6,54 : 788.49"
"6,55 : 85.56"
"6,56 : 483.98"
"6,57 : 860.57"
"6,58 : 624.93"
"6,59 : 517.23"
"6,60 : 225.0"
"6,61 : 449.91"
"6,62 : 686.72"
"6,63 : 352.12"
"6,64 : 296.34"
"6,65 : 229.11"
"6,66 : 707.17"
"6,67 : 658.74"
"6,68 : 629.59"
"6,69 : 932.7"
"6,70 : 194.37"
"6,71 : 268.15"
"6,72 : 319.4"
"6,73 : 803.13"
"6,74 : 481.21"
"6,75 : 359.18"
"6,76 : 298.21"
"6,77 : 673.49"
"6,78 : 780.85"
"6,79 : 330.4"
"6,80 : 620.7"
"6,81 : 123.02"
"6,82 : 445.09"
"6,83 : 580.94"
"6,84 : 652.43"
"6,85 : 266.51"
"6,86 : 286.15"
"6,87 : 391.07"
"6,88 : 558.01"
"6,89 : 494.17"
"6,90 : 235.54"
"6,91 : 443.71"
"6,92 : 357.96"
"6,93 : 613.37"
"6,94 : 218.01"
"6,95 : 269.36"
"6,96 : 473.89"
"6,97 : 795.73"
"6,98 : 530.55"
"6,99 : 23.41"
"7,0 : 527.11"
"7,1 : 700.12"
"7,2 : 163.78"
"7,3 : 540.65"
"7,4 : 696.02"
"7,5 : 638.43"
"7,6 : 436.4"
"7,7 : 0.0"
"7,8 : 174.14"
"7,9 : 718.11"
"7,10 : 431.17"
"7,11 : 558.75"
"7,12 : 157.43"
"7,13 : 287.62"
"7,14 : 543.09"
"7,15 : 581.09"
"7,16 : 688.27"
"7,17 : 616.64"
"7,18 : 375.24"
"7,19 : 932.69"
"7,20 : 618.05"
"7,21 : 640.71"
"7,22 : 444.04"
"7,23 : 756.03"
"7,24 : 338.1"
"7,25 : 709.19"
"7,26 : 161.6"
"7,27 : 46.23"
"7,28 : 590.93"
"7,29 : 623.75"
"7,30 : 405.51"
"7,31 : 685.05"
"7,32 : 991.63"
"7,33 : 679.65"
"7,34 : 153.05"
"7,35 : 638.81"
"7,36 : 699.47"
"7,37 : 810.82"
"7,38 : 733.98"
"7,39 : 446.53"
"7,40 : 377.72"
"7,41 : 523.7"
"7,42 : 632.7"
"7,43 : 666.54"
"7,44 : 910.71"
"7,45 : 770.33"
"7,46 : 516.81"
"7,47 : 571.76"
"7,48 : 516.41"
"7,49 : 782.15"
"7,50 : 401.21"
"7,51 : 777.88"
"7,52 : 567.85"
"7,53 : 448.97"
"7,54 : 825.04"
"7,55 : 512.77"
"7,56 : 824.58"
"7,57 : 790.14"
"7,58 : 278.69"
"7,59 : 109.42"
"7,60 : 323.3"
"7,61 : 23.43"
"7,62 : 695.09"
"7,63 : 155.4"
"7,64 : 629.44"
"7,65 : 658.13"
"7,66 : 829.17"
"7,67 : 689.31"
"7,68 : 647.48"
"7,69 : 820.67"
"7,70 : 630.44"
"7,71 : 289.2"
"7,72 : 513.93"
"7,73 : 819.24"
"7,74 : 684.19"
"7,75 : 732.8"
"7,76 : 668.24"
"7,77 : 546.8"
"7,78 : 837.29"
"7,79 : 693.25"
"7,80 : 716.46"
"7,81 : 483.65"
"7,82 : 823.24"
"7,83 : 663.09"
"7,84 : 355.0"
"7,85 : 599.23"
"7,86 : 503.44"
"7,87 : 350.56"
"7,88 : 563.62"
"7,89 : 140.0"
"7,90 : 212.35"
"7,91 : 492.81"
"7,92 : 787.05"
"7,93 : 696.62"
"7,94 : 392.52"
"7,95 : 583.41"
"7,96 : 48.75"
"7,97 : 828.51"
"7,98 : 650.61"
"7,99 : 413.04"
"8,0 : 378.66"
"8,1 : 543.78"
"8,2 : 85.09"
"8,3 : 410.21"
"8,4 : 599.87"
"8,5 : 468.21"
"8,6 : 309.27"
"8,7 : 174.14"
"8,8 : 0.0"
"8,9 : 569.56"
"8,10 : 419.49"
"8,11 : 504.25"
"8,12 : 209.16"
"8,13 : 343.79"
"8,14 : 420.08"
"8,15 : 487.3"
"8,16 : 548.57"
"8,17 : 510.0"
"8,18 : 323.56"
"8,19 : 760.68"
"8,20 : 444.9"
"8,21 : 574.43"
"8,22 : 353.97"
"8,23 : 589.6"
"8,24 : 169.1"
"8,25 : 572.67"
"8,26 : 333.11"
"8,27 : 127.91"
"8,28 : 433.87"
"8,29 : 560.45"
"8,30 : 339.61"
"8,31 : 544.01"
"8,32 : 818.19"
"8,33 : 548.39"
"8,34 : 149.57"
"8,35 : 471.38"
"8,36 : 529.65"
"8,37 : 656.66"
"8,38 : 559.92"
"8,39 : 406.43"
"8,40 : 373.41"
"8,41 : 439.39"
"8,42 : 468.68"
"8,43 : 564.51"
"8,44 : 739.12"
"8,45 : 614.7"
"8,46 : 342.93"
"8,47 : 397.62"
"8,48 : 481.86"
"8,49 : 688.41"
"8,50 : 227.08"
"8,51 : 692.38"
"8,52 : 524.19"
"8,53 : 311.71"
"8,54 : 689.96"
"8,55 : 372.11"
"8,56 : 651.95"
"8,57 : 689.17"
"8,58 : 317.16"
"8,59 : 218.76"
"8,60 : 294.21"
"8,61 : 175.45"
"8,62 : 563.49"
"8,63 : 218.11"
"8,64 : 458.81"
"8,65 : 538.37"
"8,66 : 673.71"
"8,67 : 550.99"
"8,68 : 510.81"
"8,69 : 737.24"
"8,70 : 499.78"
"8,71 : 115.38"
"8,72 : 340.31"
"8,73 : 689.9"
"8,74 : 513.42"
"8,75 : 565.33"
"8,76 : 501.64"
"8,77 : 457.96"
"8,78 : 697.18"
"8,79 : 614.17"
"8,80 : 563.12"
"8,81 : 326.11"
"8,82 : 655.1"
"8,83 : 510.65"
"8,84 : 355.71"
"8,85 : 529.2"
"8,86 : 470.4"
"8,87 : 203.71"
"8,88 : 425.7"
"8,89 : 296.18"
"8,90 : 79.48"
"8,91 : 337.82"
"8,92 : 637.77"
"8,93 : 545.3"
"8,94 : 219.43"
"8,95 : 412.15"
"8,96 : 191.6"
"8,97 : 694.6"
"8,98 : 490.05"
"8,99 : 287.77"
"9,0 : 191.65"
"9,1 : 62.29"
"9,2 : 554.39"
"9,3 : 194.49"
"9,4 : 889.06"
"9,5 : 217.8"
"9,6 : 289.83"
"9,7 : 718.11"
"9,8 : 569.56"
"9,9 : 0.0"
"9,10 : 911.62"
"9,11 : 914.87"
"9,12 : 629.62"
"9,13 : 899.13"
"9,14 : 700.07"
"9,15 : 284.2"
"9,16 : 700.45"
"9,17 : 230.63"
"9,18 : 793.01"
"9,19 : 350.89"
"9,20 : 277.97"
"9,21 : 944.1"
"9,22 : 749.21"
"9,23 : 537.45"
"9,24 : 409.57"
"9,25 : 77.13"
"9,26 : 876.21"
"9,27 : 677.62"
"9,28 : 144.09"
"9,29 : 939.83"
"9,30 : 408.24"
"9,31 : 56.75"
"9,32 : 542.92"
"9,33 : 109.04"
"9,34 : 711.92"
"9,35 : 182.78"
"9,36 : 204.4"
"9,37 : 100.5"
"9,38 : 328.94"
"9,39 : 456.95"
"9,40 : 540.9"
"9,41 : 811.4"
"9,42 : 516.49"
"9,43 : 847.92"
"9,44 : 541.3"
"9,45 : 644.9"
"9,46 : 375.94"
"9,47 : 341.83"
"9,48 : 474.14"
"9,49 : 960.53"
"9,50 : 410.1"
"9,51 : 986.94"
"9,52 : 453.56"
"9,53 : 270.65"
"9,54 : 808.71"
"9,55 : 206.79"
"9,56 : 298.84"
"9,57 : 939.06"
"9,58 : 866.79"
"9,59 : 787.43"
"9,60 : 499.32"
"9,61 : 729.05"
"9,62 : 744.69"
"9,63 : 641.88"
"9,64 : 226.11"
"9,65 : 168.43"
"9,66 : 680.19"
"9,67 : 708.16"
"9,68 : 694.24"
"9,69 : 1027.53"
"9,70 : 130.39"
"9,71 : 488.77"
"9,72 : 385.42"
"9,73 : 834.8"
"9,74 : 450.49"
"9,75 : 173.57"
"9,76 : 164.88"
"9,77 : 813.04"
"9,78 : 788.52"
"9,79 : 351.28"
"9,80 : 633.44"
"9,81 : 245.95"
"9,82 : 217.08"
"9,83 : 614.49"
"9,84 : 873.0"
"9,85 : 367.97"
"9,86 : 477.08"
"9,87 : 569.66"
"9,88 : 649.55"
"9,89 : 783.92"
"9,90 : 507.84"
"9,91 : 548.24"
"9,92 : 68.94"
"9,93 : 637.2"
"9,94 : 388.0"
"9,95 : 251.38"
"9,96 : 751.17"
"9,97 : 817.33"
"9,98 : 551.6"
"9,99 : 312.62"
"10,0 : 739.87"
"10,1 : 867.31"
"10,2 : 495.46"
"10,3 : 795.6"
"10,4 : 350.41"
"10,5 : 737.61"
"10,6 : 706.49"
"10,7 : 431.17"
"10,8 : 419.49"
"10,9 : 911.62"
"10,10 : 0.0"
"10,11 : 160.65"
"10,12 : 575.41"
"10,13 : 182.79"
"10,14 : 321.81"
"10,15 : 897.7"
"10,16 : 470.23"
"10,17 : 912.03"
"10,18 : 119.0"
"10,19 : 975.35"
"10,20 : 686.92"
"10,21 : 246.73"
"10,22 : 195.89"
"10,23 : 652.39"
"10,24 : 520.5"
"10,25 : 938.12"
"10,26 : 463.54"
"10,27 : 420.88"
"10,28 : 767.67"
"10,29 : 227.64"
"10,30 : 759.06"
"10,31 : 903.55"
"10,32 : 934.85"
"10,33 : 923.32"
"10,34 : 292.77"
"10,35 : 758.76"
"10,36 : 792.71"
"10,37 : 977.01"
"10,38 : 755.35"
"10,39 : 824.61"
"10,40 : 780.84"
"10,41 : 204.61"
"10,42 : 542.58"
"10,43 : 341.25"
"10,44 : 831.29"
"10,45 : 600.03"
"10,46 : 560.55"
"10,47 : 615.07"
"10,48 : 899.86"
"10,49 : 418.15"
"10,50 : 501.52"
"10,51 : 398.91"
"10,52 : 943.45"
"10,53 : 698.08"
"10,54 : 562.22"
"10,55 : 747.36"
"10,56 : 869.81"
"10,57 : 440.22"
"10,58 : 166.76"
"10,59 : 334.13"
"10,60 : 707.82"
"10,61 : 408.57"
"10,62 : 447.11"
"10,63 : 577.51"
"10,64 : 726.57"
"10,65 : 927.78"
"10,66 : 647.14"
"10,67 : 466.01"
"10,68 : 430.26"
"10,69 : 434.19"
"10,70 : 878.57"
"10,71 : 439.97"
"10,72 : 551.96"
"10,73 : 538.93"
"10,74 : 633.85"
"10,75 : 839.62"
"10,76 : 789.17"
"10,77 : 228.0"
"10,78 : 589.96"
"10,79 : 1028.24"
"10,80 : 547.08"
"10,81 : 674.54"
"10,82 : 915.05"
"10,83 : 503.59"
"10,84 : 76.94"
"10,85 : 946.79"
"10,86 : 888.05"
"10,87 : 342.29"
"10,88 : 381.96"
"10,89 : 551.42"
"10,90 : 498.0"
"10,91 : 411.58"
"10,92 : 972.86"
"10,93 : 523.03"
"10,94 : 525.55"
"10,95 : 683.11"
"10,96 : 389.34"
"10,97 : 561.27"
"10,98 : 534.99"
"10,99 : 688.45"
"11,0 : 762.7"
"11,1 : 863.4"
"11,2 : 587.69"
"11,3 : 829.63"
"11,4 : 195.06"
"11,5 : 718.58"
"11,6 : 753.22"
"11,7 : 558.75"
"11,8 : 504.25"
"11,9 : 914.87"
"11,10 : 160.65"
"11,11 : 0.0"
"11,12 : 688.36"
"11,13 : 341.05"
"11,14 : 238.16"
"11,15 : 949.87"
"11,16 : 355.39"
"11,17 : 954.84"
"11,18 : 185.73"
"11,19 : 919.13"
"11,20 : 661.61"
"11,21 : 87.09"
"11,22 : 169.52"
"11,23 : 564.15"
"11,24 : 561.14"
"11,25 : 953.43"
"11,26 : 614.54"
"11,27 : 539.12"
"11,28 : 774.79"
"11,29 : 68.26"
"11,30 : 833.68"
"11,31 : 916.77"
"11,32 : 845.33"
"11,33 : 945.12"
"11,34 : 408.34"
"11,35 : 745.55"
"11,36 : 766.68"
"11,37 : 966.35"
"11,38 : 705.5"
"11,39 : 906.83"
"11,40 : 877.38"
"11,41 : 107.0"
"11,42 : 472.83"
"11,43 : 194.37"
"11,44 : 739.07"
"11,45 : 490.76"
"11,46 : 542.56"
"11,47 : 588.71"
"11,48 : 982.0"
"11,49 : 257.72"
"11,50 : 516.46"
"11,51 : 238.54"
"11,52 : 1020.23"
"11,53 : 737.99"
"11,54 : 421.9"
"11,55 : 777.57"
"11,56 : 820.42"
"11,57 : 281.13"
"11,58 : 319.9"
"11,59 : 473.76"
"11,60 : 798.34"
"11,61 : 537.85"
"11,62 : 322.05"
"11,63 : 692.69"
"11,64 : 707.82"
"11,65 : 959.53"
"11,66 : 529.77"
"11,67 : 349.41"
"11,68 : 321.77"
"11,69 : 275.18"
"11,70 : 904.62"
"11,71 : 488.26"
"11,72 : 533.17"
"11,73 : 394.18"
"11,74 : 568.39"
"11,75 : 815.1"
"11,76 : 773.74"
"11,77 : 115.52"
"11,78 : 453.26"
"11,79 : 1083.12"
"11,80 : 443.51"
"11,81 : 695.85"
"11,82 : 880.07"
"11,83 : 409.84"
"11,84 : 227.37"
"11,85 : 1010.2"
"11,86 : 971.17"
"11,87 : 362.89"
"11,88 : 301.84"
"11,89 : 689.11"
"11,90 : 576.3"
"11,91 : 373.15"
"11,92 : 969.85"
"11,93 : 420.58"
"11,94 : 547.71"
"11,95 : 669.84"
"11,96 : 522.71"
"11,97 : 419.56"
"11,98 : 455.57"
"11,99 : 738.74"
"12,0 : 447.42"
"12,1 : 623.93"
"12,2 : 133.54"
"12,3 : 439.09"
"12,4 : 803.18"
"12,5 : 596.58"
"12,6 : 339.82"
"12,7 : 157.43"
"12,8 : 209.16"
"12,9 : 629.62"
"12,10 : 575.41"
"12,11 : 688.36"
"12,12 : 0.0"
"12,13 : 443.79"
"12,14 : 628.59"
"12,15 : 448.56"
"12,16 : 757.0"
"12,17 : 491.24"
"12,18 : 502.67"
"12,19 : 891.09"
"12,20 : 591.15"
"12,21 : 765.38"
"12,22 : 552.69"
"12,23 : 780.52"
"12,24 : 315.69"
"12,25 : 606.5"
"12,26 : 271.06"
"12,27 : 154.87"
"12,28 : 520.55"
"12,29 : 749.79"
"12,30 : 266.58"
"12,31 : 588.25"
"12,32 : 984.08"
"12,33 : 572.54"
"12,34 : 283.62"
"12,35 : 588.15"
"12,36 : 654.04"
"12,37 : 727.86"
"12,38 : 714.06"
"12,39 : 294.86"
"12,40 : 220.62"
"12,41 : 637.03"
"12,42 : 664.72"
"12,43 : 769.39"
"12,44 : 915.73"
"12,45 : 816.75"
"12,46 : 515.16"
"12,47 : 561.47"
"12,48 : 361.86"
"12,49 : 891.39"
"12,50 : 400.68"
"12,51 : 892.49"
"12,52 : 414.6"
"12,53 : 361.86"
"12,54 : 898.75"
"12,55 : 424.2"
"12,56 : 788.43"
"12,57 : 894.31"
"12,58 : 432.04"
"12,59 : 266.72"
"12,60 : 174.07"
"12,61 : 180.37"
"12,62 : 772.63"
"12,63 : 12.81"
"12,64 : 589.45"
"12,65 : 541.33"
"12,66 : 875.48"
"12,67 : 759.62"
"12,68 : 719.71"
"12,69 : 936.77"
"12,70 : 524.58"
"12,71 : 304.9"
"12,72 : 515.15"
"12,73 : 899.04"
"12,74 : 696.16"
"12,75 : 679.01"
"12,76 : 614.24"
"12,77 : 657.62"
"12,78 : 905.17"
"12,79 : 550.02"
"12,80 : 766.94"
"12,81 : 420.97"
"12,82 : 769.01"
"12,83 : 715.34"
"12,84 : 501.34"
"12,85 : 454.05"
"12,86 : 348.77"
"12,87 : 412.69"
"12,88 : 634.65"
"12,89 : 155.64"
"12,90 : 183.36"
"12,91 : 543.02"
"12,92 : 697.55"
"12,93 : 750.27"
"12,94 : 378.75"
"12,95 : 547.92"
"12,96 : 206.17"
"12,97 : 903.49"
"12,98 : 689.43"
"12,99 : 317.25"
"13,0 : 712.76"
"13,1 : 864.74"
"13,2 : 399.17"
"13,3 : 752.32"
"13,4 : 522.28"
"13,5 : 758.33"
"13,6 : 652.77"
"13,7 : 287.62"
"13,8 : 343.79"
"13,9 : 899.13"
"13,10 : 182.79"
"13,11 : 341.05"
"13,12 : 443.79"
"13,13 : 0.0"
"13,14 : 444.63"
"13,15 : 828.59"
"13,16 : 603.04"
"13,17 : 853.51"
"13,18 : 208.63"
"13,19 : 1027.26"
"13,20 : 717.55"
"13,21 : 428.0"
"13,22 : 311.62"
"13,23 : 750.39"
"13,24 : 489.77"
"13,25 : 910.79"
"13,26 : 284.89"
"13,27 : 293.39"
"13,28 : 757.25"
"13,29 : 409.0"
"13,30 : 668.22"
"13,31 : 879.91"
"13,32 : 1024.23"
"13,33 : 889.01"
"13,34 : 194.25"
"13,35 : 771.84"
"13,36 : 818.31"
"13,37 : 978.04"
"13,38 : 808.62"
"13,39 : 721.79"
"13,40 : 661.85"
"13,41 : 358.29"
"13,42 : 629.25"
"13,43 : 506.5"
"13,44 : 926.46"
"13,45 : 721.04"
"13,46 : 592.98"
"13,47 : 651.85"
"13,48 : 794.75"
"13,49 : 596.03"
"13,50 : 503.72"
"13,51 : 579.42"
"13,52 : 843.54"
"13,53 : 653.15"
"13,54 : 714.5"
"13,55 : 711.12"
"13,56 : 917.71"
"13,57 : 615.22"
"13,58 : 37.2"
"13,59 : 179.0"
"13,60 : 599.27"
"13,61 : 264.24"
"13,62 : 589.93"
"13,63 : 442.72"
"13,64 : 747.59"
"13,65 : 881.72"
"13,66 : 774.21"
"13,67 : 600.59"
"13,68 : 560.43"
"13,69 : 616.01"
"13,70 : 841.03"
"13,71 : 410.56"
"13,72 : 586.06"
"13,73 : 696.21"
"13,74 : 710.0"
"13,75 : 861.41"
"13,76 : 803.16"
"13,77 : 383.91"
"13,78 : 737.92"
"13,79 : 951.97"
"13,80 : 665.34"
"13,81 : 653.32"
"13,82 : 945.46"
"13,83 : 615.6"
"13,84 : 115.57"
"13,85 : 862.71"
"13,86 : 782.1"
"13,87 : 365.85"
"13,88 : 493.7"
"13,89 : 387.2"
"13,90 : 420.89"
"13,91 : 482.42"
"13,92 : 965.35"
"13,93 : 641.66"
"13,94 : 516.51"
"13,95 : 700.76"
"13,96 : 239.89"
"13,97 : 714.96"
"13,98 : 631.47"
"13,99 : 631.49"
"14,0 : 569.46"
"14,1 : 644.56"
"14,2 : 502.48"
"14,3 : 645.08"
"14,4 : 200.84"
"14,5 : 493.17"
"14,6 : 586.96"
"14,7 : 543.09"
"14,8 : 420.08"
"14,9 : 700.07"
"14,10 : 321.81"
"14,11 : 238.16"
"14,12 : 628.59"
"14,13 : 444.63"
"14,14 : 0.0"
"14,15 : 781.11"
"14,16 : 158.82"
"14,17 : 775.25"
"14,18 : 236.81"
"14,19 : 680.97"
"14,20 : 433.92"
"14,21 : 246.22"
"14,22 : 133.84"
"14,23 : 333.18"
"14,24 : 403.81"
"14,25 : 747.29"
"14,26 : 654.16"
"14,27 : 507.36"
"14,28 : 566.62"
"14,29 : 244.66"
"14,30 : 699.51"
"14,31 : 709.73"
"14,32 : 616.26"
"14,33 : 744.83"
"14,34 : 398.03"
"14,35 : 523.12"
"14,36 : 536.66"
"14,37 : 741.7"
"14,38 : 468.21"
"14,39 : 780.01"
"14,40 : 774.7"
"14,41 : 133.15"
"14,42 : 234.79"
"14,43 : 159.86"
"14,44 : 511.42"
"14,45 : 280.02"
"14,46 : 324.33"
"14,47 : 362.5"
"14,48 : 851.8"
"14,49 : 285.52"
"14,50 : 333.14"
"14,51 : 301.39"
"14,52 : 880.85"
"14,53 : 564.53"
"14,54 : 284.08"
"14,55 : 591.24"
"14,56 : 582.83"
"14,57 : 277.72"
"14,58 : 410.05"
"14,59 : 497.98"
"14,60 : 690.52"
"14,61 : 528.74"
"14,62 : 153.76"
"14,63 : 636.8"
"14,64 : 482.83"
"14,65 : 768.26"
"14,66 : 330.63"
"14,67 : 157.01"
"14,68 : 115.97"
"14,69 : 345.78"
"14,70 : 709.37"
"14,71 : 352.48"
"14,72 : 314.87"
"14,73 : 276.18"
"14,74 : 330.28"
"14,75 : 585.14"
"14,76 : 549.31"
"14,77 : 123.26"
"14,78 : 300.96"
"14,79 : 913.51"
"14,80 : 225.89"
"14,81 : 504.43"
"14,82 : 645.43"
"14,83 : 181.95"
"14,84 : 341.77"
"14,85 : 853.19"
"14,86 : 842.87"
"14,87 : 221.17"
"14,88 : 64.03"
"14,89 : 683.07"
"14,90 : 470.37"
"14,91 : 153.0"
"14,92 : 749.8"
"14,93 : 201.8"
"14,94 : 369.11"
"14,95 : 449.48"
"14,96 : 524.79"
"14,97 : 286.8"
"14,98 : 219.46"
"14,99 : 577.76"
"15,0 : 233.46"
"15,1 : 321.14"
"15,2 : 432.02"
"15,3 : 150.88"
"15,4 : 981.91"
"15,5 : 415.02"
"15,6 : 196.95"
"15,7 : 581.09"
"15,8 : 487.3"
"15,9 : 284.2"
"15,10 : 897.7"
"15,11 : 949.87"
"15,12 : 448.56"
"15,13 : 828.59"
"15,14 : 781.11"
"15,15 : 0.0"
"15,16 : 836.03"
"15,17 : 57.43"
"15,18 : 788.98"
"15,19 : 631.62"
"15,20 : 456.97"
"15,21 : 1001.73"
"15,22 : 781.6"
"15,23 : 732.38"
"15,24 : 388.87"
"15,25 : 220.48"
"15,26 : 718.86"
"15,27 : 552.61"
"15,28 : 285.5"
"15,29 : 992.34"
"15,30 : 182.63"
"15,31 : 227.48"
"15,32 : 807.22"
"15,33 : 180.75"
"15,34 : 635.17"
"15,35 : 382.83"
"15,36 : 439.11"
"15,37 : 376.85"
"15,38 : 556.61"
"15,39 : 193.21"
"15,40 : 289.35"
"15,41 : 860.23"
"15,42 : 668.0"
"15,43 : 940.72"
"15,44 : 785.38"
"15,45 : 822.01"
"15,46 : 488.42"
"15,47 : 488.37"
"15,48 : 192.35"
"15,49 : 1064.9"
"15,50 : 448.01"
"15,51 : 1082.5"
"15,52 : 169.65"
"15,53 : 216.6"
"15,54 : 966.69"
"15,55 : 200.83"
"15,56 : 564.11"
"15,57 : 1052.04"
"15,58 : 803.87"
"15,59 : 676.57"
"15,60 : 280.82"
"15,61 : 599.02"
"15,62 : 872.71"
"15,63 : 458.33"
"15,64 : 416.71"
"15,65 : 124.56"
"15,66 : 869.41"
"15,67 : 842.4"
"15,68 : 816.18"
"15,69 : 1126.79"
"15,70 : 155.54"
"15,71 : 463.13"
"15,72 : 495.97"
"15,73 : 984.48"
"15,74 : 635.15"
"15,75 : 430.03"
"15,76 : 387.28"
"15,77 : 870.21"
"15,78 : 955.43"
"15,79 : 133.45"
"15,80 : 793.89"
"15,81 : 286.57"
"15,82 : 495.41"
"15,83 : 759.11"
"15,84 : 839.95"
"15,85 : 89.94"
"15,86 : 197.06"
"15,87 : 587.99"
"15,88 : 748.65"
"15,89 : 600.05"
"15,90 : 408.44"
"15,91 : 634.52"
"15,92 : 332.81"
"15,93 : 789.6"
"15,94 : 412.32"
"15,95 : 408.74"
"15,96 : 625.1"
"15,97 : 974.4"
"15,98 : 703.83"
"15,99 : 211.36"
"16,0 : 607.95"
"16,1 : 639.85"
"16,2 : 625.6"
"16,3 : 689.53"
"16,4 : 219.0"
"16,5 : 482.87"
"16,6 : 652.9"
"16,7 : 688.27"
"16,8 : 548.57"
"16,9 : 700.45"
"16,10 : 470.23"
"16,11 : 355.39"
"16,12 : 757.0"
"16,13 : 603.04"
"16,14 : 158.82"
"16,15 : 836.03"
"16,16 : 0.0"
"16,17 : 819.58"
"16,18 : 394.7"
"16,19 : 602.08"
"16,20 : 422.48"
"16,21 : 326.27"
"16,22 : 291.53"
"16,23 : 224.11"
"16,24 : 491.35"
"16,25 : 759.79"
"16,26 : 808.12"
"16,27 : 649.42"
"16,28 : 584.62"
"16,29 : 333.62"
"16,30 : 785.67"
"16,31 : 722.32"
"16,32 : 495.46"
"16,33 : 765.68"
"16,34 : 549.18"
"16,35 : 517.67"
"16,36 : 510.79"
"16,37 : 720.92"
"16,38 : 412.7"
"16,39 : 868.35"
"16,40 : 878.07"
"16,41 : 267.48"
"16,42 : 184.23"
"16,43 : 186.55"
"16,44 : 388.89"
"16,45 : 135.52"
"16,46 : 348.64"
"16,47 : 362.93"
"16,48 : 935.67"
"16,49 : 269.16"
"16,50 : 405.53"
"16,51 : 302.29"
"16,52 : 957.31"
"16,53 : 625.0"
"16,54 : 142.58"
"16,55 : 636.58"
"16,56 : 518.58"
"16,57 : 242.39"
"16,58 : 568.73"
"16,59 : 652.05"
"16,60 : 793.75"
"16,61 : 675.89"
"16,62 : 47.3"
"16,63 : 766.44"
"16,64 : 474.34"
"16,65 : 799.75"
"16,66 : 177.14"
"16,67 : 8.25"
"16,68 : 42.95"
"16,69 : 337.12"
"16,70 : 738.22"
"16,71 : 460.68"
"16,72 : 340.62"
"16,73 : 150.73"
"16,74 : 265.65"
"16,75 : 556.82"
"16,76 : 537.64"
"16,77 : 247.2"
"16,78 : 149.27"
"16,79 : 963.6"
"16,80 : 93.65"
"16,81 : 549.61"
"16,82 : 597.7"
"16,83 : 86.77"
"16,84 : 498.0"
"16,85 : 916.37"
"16,86 : 928.29"
"16,87 : 345.09"
"16,88 : 124.68"
"16,89 : 827.38"
"16,90 : 585.43"
"16,91 : 220.33"
"16,92 : 738.53"
"16,93 : 75.17"
"16,94 : 441.55"
"16,95 : 454.28"
"16,96 : 674.45"
"16,97 : 148.19"
"16,98 : 150.3"
"16,99 : 648.93"
"17,0 : 211.65"
"17,1 : 272.03"
"17,2 : 462.02"
"17,3 : 130.83"
"17,4 : 975.39"
"17,5 : 379.25"
"17,6 : 205.55"
"17,7 : 616.64"
"17,8 : 510.0"
"17,9 : 230.63"
"17,10 : 912.03"
"17,11 : 954.84"
"17,12 : 491.24"
"17,13 : 853.51"
"17,14 : 775.25"
"17,15 : 57.43"
"17,16 : 819.58"
"17,17 : 0.0"
"17,18 : 800.35"
"17,19 : 580.36"
"17,20 : 425.85"
"17,21 : 1002.51"
"17,22 : 785.58"
"17,23 : 702.65"
"17,24 : 395.1"
"17,25 : 164.0"
"17,26 : 759.57"
"17,27 : 585.38"
"17,28 : 250.93"
"17,29 : 994.08"
"17,30 : 229.27"
"17,31 : 173.97"
"17,32 : 761.78"
"17,33 : 124.65"
"17,34 : 659.31"
"17,35 : 345.35"
"17,36 : 397.34"
"17,37 : 320.93"
"17,38 : 518.17"
"17,39 : 249.05"
"17,40 : 343.9"
"17,41 : 861.68"
"17,42 : 646.46"
"17,43 : 933.92"
"17,44 : 745.09"
"17,45 : 796.79"
"17,46 : 470.96"
"17,47 : 464.29"
"17,48 : 249.44"
"17,49 : 1056.52"
"17,50 : 444.19"
"17,51 : 1076.03"
"17,52 : 223.59"
"17,53 : 216.91"
"17,54 : 946.52"
"17,55 : 184.66"
"17,56 : 517.47"
"17,57 : 1041.8"
"17,58 : 827.09"
"17,59 : 708.0"
"17,60 : 328.57"
"17,61 : 633.39"
"17,62 : 858.13"
"17,63 : 501.64"
"17,64 : 382.17"
"17,65 : 67.23"
"17,66 : 841.94"
"17,67 : 826.29"
"17,68 : 802.36"
"17,69 : 1119.8"
"17,70 : 106.12"
"17,71 : 473.16"
"17,72 : 479.11"
"17,73 : 966.17"
"17,74 : 606.47"
"17,75 : 384.02"
"17,76 : 346.22"
"17,77 : 870.06"
"17,78 : 933.29"
"17,79 : 145.44"
"17,80 : 771.92"
"17,81 : 272.31"
"17,82 : 444.8"
"17,83 : 740.07"
"17,84 : 857.59"
"17,85 : 137.46"
"17,86 : 254.4"
"17,87 : 591.95"
"17,88 : 738.76"
"17,89 : 644.83"
"17,90 : 432.78"
"17,91 : 625.59"
"17,92 : 276.4"
"17,93 : 769.26"
"17,94 : 409.93"
"17,95 : 379.89"
"17,96 : 658.98"
"17,97 : 954.46"
"17,98 : 682.61"
"17,99 : 224.36"
"18,0 : 623.14"
"18,1 : 748.35"
"18,2 : 405.22"
"18,3 : 681.26"
"18,4 : 331.02"
"18,5 : 619.11"
"18,6 : 595.23"
"18,7 : 375.24"
"18,8 : 323.56"
"18,9 : 793.01"
"18,10 : 119.0"
"18,11 : 185.73"
"18,12 : 502.67"
"18,13 : 208.63"
"18,14 : 236.81"
"18,15 : 788.98"
"18,16 : 394.7"
"18,17 : 800.35"
"18,18 : 0.0"
"18,19 : 862.08"
"18,20 : 569.16"
"18,21 : 265.55"
"18,22 : 103.17"
"18,23 : 554.04"
"18,24 : 406.36"
"18,25 : 820.73"
"18,26 : 448.0"
"18,27 : 353.75"
"18,28 : 649.16"
"18,29 : 248.86"
"18,30 : 659.49"
"18,31 : 785.84"
"18,32 : 833.72"
"18,33 : 806.88"
"18,34 : 223.38"
"18,35 : 639.9"
"18,36 : 674.72"
"18,37 : 858.01"
"18,38 : 641.63"
"18,39 : 729.43"
"18,40 : 694.79"
"18,41 : 158.38"
"18,42 : 438.1"
"18,43 : 308.46"
"18,44 : 732.43"
"18,45 : 515.43"
"18,46 : 442.51"
"18,47 : 497.77"
"18,48 : 804.85"
"18,49 : 413.14"
"18,50 : 382.99"
"18,51 : 404.98"
"18,52 : 845.6"
"18,53 : 584.82"
"18,54 : 507.13"
"18,55 : 632.01"
"18,56 : 755.36"
"18,57 : 426.08"
"18,58 : 175.45"
"18,59 : 298.18"
"18,60 : 617.4"
"18,61 : 355.12"
"18,62 : 381.48"
"18,63 : 506.95"
"18,64 : 608.07"
"18,65 : 813.3"
"18,66 : 567.28"
"18,67 : 392.09"
"18,68 : 352.24"
"18,69 : 446.76"
"18,70 : 762.79"
"18,71 : 327.2"
"18,72 : 434.05"
"18,73 : 490.5"
"18,74 : 526.02"
"18,75 : 721.39"
"18,76 : 670.38"
"18,77 : 183.79"
"18,78 : 529.69"
"18,79 : 920.85"
"18,80 : 460.25"
"18,81 : 557.37"
"18,82 : 797.85"
"18,83 : 412.24"
"18,84 : 107.3"
"18,85 : 842.58"
"18,86 : 793.58"
"18,87 : 223.44"
"18,88 : 289.23"
"18,89 : 508.89"
"18,90 : 398.89"
"18,91 : 299.64"
"18,92 : 853.98"
"18,93 : 436.32"
"18,94 : 407.88"
"18,95 : 564.35"
"18,96 : 341.99"
"18,97 : 507.96"
"18,98 : 435.0"
"18,99 : 578.25"
"19,0 : 461.52"
"19,1 : 311.3"
"19,2 : 781.84"
"19,3 : 512.3"
"19,4 : 820.52"
"19,5 : 295.91"
"19,6 : 576.09"
"19,7 : 932.69"
"19,8 : 760.68"
"19,9 : 350.89"
"19,10 : 975.35"
"19,11 : 919.13"
"19,12 : 891.09"
"19,13 : 1027.26"
"19,14 : 680.97"
"19,15 : 631.62"
"19,16 : 602.08"
"19,17 : 580.36"
"19,18 : 862.08"
"19,19 : 0.0"
"19,20 : 317.0"
"19,21 : 915.67"
"19,22 : 782.68"
"19,23 : 380.3"
"19,24 : 594.83"
"19,25 : 425.06"
"19,26 : 1093.47"
"19,27 : 886.99"
"19,28 : 384.17"
"19,29 : 918.59"
"19,30 : 724.7"
"19,31 : 406.87"
"19,32 : 221.33"
"19,33 : 459.85"
"19,34 : 871.44"
"19,35 : 303.29"
"19,36 : 237.08"
"19,37 : 279.33"
"19,38 : 220.51"
"19,39 : 787.73"
"19,40 : 859.54"
"19,41 : 813.35"
"19,42 : 446.59"
"19,43 : 785.43"
"19,44 : 272.09"
"19,45 : 490.27"
"19,46 : 435.49"
"19,47 : 376.32"
"19,48 : 816.39"
"19,49 : 866.8"
"19,50 : 539.22"
"19,51 : 902.49"
"19,52 : 801.15"
"19,53 : 545.18"
"19,54 : 655.16"
"19,55 : 494.91"
"19,56 : 110.14"
"19,57 : 835.68"
"19,58 : 990.58"
"19,59 : 969.42"
"19,60 : 801.09"
"19,61 : 936.02"
"19,62 : 648.87"
"19,63 : 903.9"
"19,64 : 304.14"
"19,65 : 519.32"
"19,66 : 495.96"
"19,67 : 610.22"
"19,68 : 618.1"
"19,69 : 933.62"
"19,70 : 476.11"
"19,71 : 650.17"
"19,72 : 441.84"
"19,73 : 690.52"
"19,74 : 350.96"
"19,75 : 216.91"
"19,76 : 279.21"
"19,77 : 804.0"
"19,78 : 623.6"
"19,79 : 700.02"
"19,80 : 510.66"
"19,81 : 471.56"
"19,82 : 136.57"
"19,83 : 523.1"
"19,84 : 963.43"
"19,85 : 717.79"
"19,86 : 817.64"
"19,87 : 661.43"
"19,88 : 617.45"
"19,89 : 1032.84"
"19,90 : 727.14"
"19,91 : 563.78"
"19,92 : 324.23"
"19,93 : 526.93"
"19,94 : 541.36"
"19,95 : 349.38"
"19,96 : 951.83"
"19,97 : 663.97"
"19,98 : 467.43"
"19,99 : 593.55"
"20,0 : 226.92"
"20,1 : 217.64"
"20,2 : 472.82"
"20,3 : 306.89"
"20,4 : 615.17"
"20,5 : 60.83"
"20,6 : 320.26"
"20,7 : 618.05"
"20,8 : 444.9"
"20,9 : 277.97"
"20,10 : 686.92"
"20,11 : 661.61"
"20,12 : 591.15"
"20,13 : 717.55"
"20,14 : 433.92"
"20,15 : 456.97"
"20,16 : 422.48"
"20,17 : 425.85"
"20,18 : 569.16"
"20,19 : 317.0"
"20,20 : 0.0"
"20,21 : 680.13"
"20,22 : 505.02"
"20,23 : 276.83"
"20,24 : 282.36"
"20,25 : 339.52"
"20,26 : 778.0"
"20,27 : 572.05"
"20,28 : 175.42"
"20,29 : 677.99"
"20,30 : 477.82"
"20,31 : 302.64"
"20,32 : 396.89"
"20,33 : 349.93"
"20,34 : 555.23"
"20,35 : 95.21"
"20,36 : 106.12"
"20,37 : 307.96"
"20,38 : 123.86"
"20,39 : 555.0"
"20,40 : 604.44"
"20,41 : 555.18"
"20,42 : 238.6"
"20,43 : 574.55"
"20,44 : 345.14"
"20,45 : 375.0"
"20,46 : 126.91"
"20,47 : 73.06"
"20,48 : 604.88"
"20,49 : 684.0"
"20,50 : 222.27"
"20,51 : 711.63"
"20,52 : 608.77"
"20,53 : 286.21"
"20,54 : 533.89"
"20,55 : 263.23"
"20,56 : 207.42"
"20,57 : 661.66"
"20,58 : 681.51"
"20,59 : 652.44"
"20,60 : 532.25"
"20,61 : 620.35"
"20,62 : 466.85"
"20,63 : 603.8"
"20,64 : 51.87"
"20,65 : 391.9"
"20,66 : 417.09"
"20,67 : 430.2"
"20,68 : 417.17"
"20,69 : 751.37"
"20,70 : 330.41"
"20,71 : 333.29"
"20,72 : 135.15"
"20,73 : 558.46"
"20,74 : 181.47"
"20,75 : 154.01"
"20,76 : 116.87"
"20,77 : 552.88"
"20,78 : 516.09"
"20,79 : 570.65"
"20,80 : 357.8"
"20,81 : 197.57"
"20,82 : 229.45"
"20,83 : 336.6"
"20,84 : 664.07"
"20,85 : 545.61"
"20,86 : 601.76"
"20,87 : 354.59"
"20,88 : 378.54"
"20,89 : 724.81"
"20,90 : 417.61"
"20,91 : 288.46"
"20,92 : 319.13"
"20,93 : 360.11"
"20,94 : 225.57"
"20,95 : 51.01"
"20,96 : 635.47"
"20,97 : 542.36"
"20,98 : 273.93"
"20,99 : 329.86"
"21,0 : 803.47"
"21,1 : 889.64"
"21,2 : 659.01"
"21,3 : 874.64"
"21,4 : 128.22"
"21,5 : 739.26"
"21,6 : 804.85"
"21,7 : 640.71"
"21,8 : 574.43"
"21,9 : 944.1"
"21,10 : 246.73"
"21,11 : 87.09"
"21,12 : 765.38"
"21,13 : 428.0"
"21,14 : 246.22"
"21,15 : 1001.73"
"21,16 : 326.27"
"21,17 : 1002.51"
"21,18 : 265.55"
"21,19 : 915.67"
"21,20 : 680.13"
"21,21 : 0.0"
"21,22 : 224.16"
"21,23 : 546.8"
"21,24 : 613.68"
"21,25 : 988.21"
"21,26 : 701.17"
"21,27 : 618.81"
"21,28 : 807.85"
"21,29 : 19.1"
"21,30 : 895.9"
"21,31 : 950.93"
"21,32 : 821.72"
"21,33 : 983.13"
"21,34 : 488.86"
"21,35 : 768.81"
"21,36 : 782.7"
"21,37 : 987.85"
"21,38 : 709.19"
"21,39 : 971.48"
"21,40 : 947.62"
"21,41 : 141.65"
"21,42 : 471.18"
"21,43 : 143.6"
"21,44 : 715.15"
"21,45 : 460.11"
"21,46 : 568.27"
"21,47 : 608.55"
"21,48 : 1046.14"
"21,49 : 174.9"
"21,50 : 559.09"
"21,51 : 152.32"
"21,52 : 1081.99"
"21,53 : 786.87"
"21,54 : 365.47"
"21,55 : 821.53"
"21,56 : 822.35"
"21,57 : 202.15"
"21,58 : 406.96"
"21,59 : 558.8"
"21,60 : 866.93"
"21,61 : 620.35"
"21,62 : 285.62"
"21,63 : 770.35"
"21,64 : 728.87"
"21,65 : 1002.08"
"21,66 : 491.43"
"21,67 : 319.09"
"21,68 : 300.54"
"21,69 : 188.1"
"21,70 : 945.06"
"21,71 : 545.81"
"21,72 : 558.79"
"21,73 : 333.68"
"21,74 : 566.0"
"21,75 : 831.16"
"21,76 : 795.34"
"21,77 : 132.88"
"21,78 : 399.66"
"21,79 : 1135.18"
"21,80 : 419.14"
"21,81 : 737.03"
"21,82 : 889.42"
"21,83 : 394.57"
"21,84 : 314.46"
"21,85 : 1066.45"
"21,86 : 1035.76"
"21,87 : 414.64"
"21,88 : 304.51"
"21,89 : 773.01"
"21,90 : 643.01"
"21,91 : 395.92"
"21,92 : 995.28"
"21,93 : 398.12"
"21,94 : 592.65"
"21,95 : 694.56"
"21,96 : 606.24"
"21,97 : 361.72"
"21,98 : 448.25"
"21,99 : 792.08"
"22,0 : 593.49"
"22,1 : 699.54"
"22,2 : 439.04"
"22,3 : 660.11"
"22,4 : 252.48"
"22,5 : 559.51"
"22,6 : 584.74"
"22,7 : 444.04"
"22,8 : 353.97"
"22,9 : 749.21"
"22,10 : 195.89"
"22,11 : 169.52"
"22,12 : 552.69"
"22,13 : 311.62"
"22,14 : 133.84"
"22,15 : 781.6"
"22,16 : 291.53"
"22,17 : 785.58"
"22,18 : 103.17"
"22,19 : 782.68"
"22,20 : 505.02"
"22,21 : 224.16"
"22,22 : 0.0"
"22,23 : 457.63"
"22,24 : 392.73"
"22,25 : 785.43"
"22,26 : 537.03"
"22,27 : 414.74"
"22,28 : 607.8"
"22,29 : 212.51"
"22,30 : 671.76"
"22,31 : 749.04"
"22,32 : 739.5"
"22,33 : 776.27"
"22,34 : 291.99"
"22,35 : 584.32"
"22,36 : 611.07"
"22,37 : 805.09"
"22,38 : 563.7"
"22,39 : 747.41"
"22,40 : 725.76"
"22,41 : 85.44"
"22,42 : 346.71"
"22,43 : 222.64"
"22,44 : 636.55"
"22,45 : 413.3"
"22,46 : 381.69"
"22,47 : 432.06"
"22,48 : 822.01"
"22,49 : 339.74"
"22,50 : 347.28"
"22,51 : 339.84"
"22,52 : 857.9"
"22,53 : 568.82"
"22,54 : 406.68"
"22,55 : 608.05"
"22,56 : 678.76"
"22,57 : 346.16"
"22,58 : 277.77"
"22,59 : 382.58"
"22,60 : 644.2"
"22,61 : 426.56"
"22,62 : 279.43"
"22,63 : 558.95"
"22,64 : 548.57"
"22,65 : 790.04"
"22,66 : 464.46"
"22,67 : 288.98"
"22,68 : 249.07"
"22,69 : 384.28"
"22,70 : 735.36"
"22,71 : 322.27"
"22,72 : 372.54"
"22,73 : 392.19"
"22,74 : 438.46"
"22,75 : 659.0"
"22,76 : 613.51"
"22,77 : 104.92"
"22,78 : 427.93"
"22,79 : 914.98"
"22,80 : 358.52"
"22,81 : 526.64"
"22,82 : 729.64"
"22,83 : 311.85"
"22,84 : 208.12"
"22,85 : 843.91"
"22,86 : 811.68"
"22,87 : 193.79"
"22,88 : 188.85"
"22,89 : 582.59"
"22,90 : 419.85"
"22,91 : 220.48"
"22,92 : 806.07"
"22,93 : 334.5"
"22,94 : 378.22"
"22,95 : 508.18"
"22,96 : 418.01"
"22,97 : 407.98"
"22,98 : 339.57"
"22,99 : 570.86"
"23,0 : 499.8"
"23,1 : 475.19"
"23,2 : 648.3"
"23,3 : 581.62"
"23,4 : 443.06"
"23,5 : 327.88"
"23,6 : 578.55"
"23,7 : 756.03"
"23,8 : 589.6"
"23,9 : 537.45"
"23,10 : 652.39"
"23,11 : 564.15"
"23,12 : 780.52"
"23,13 : 750.39"
"23,14 : 333.18"
"23,15 : 732.38"
"23,16 : 224.11"
"23,17 : 702.65"
"23,18 : 554.04"
"23,19 : 380.3"
"23,20 : 276.83"
"23,21 : 546.8"
"23,22 : 457.63"
"23,23 : 0.0"
"23,24 : 471.11"
"23,25 : 607.03"
"23,26 : 900.29"
"23,27 : 711.42"
"23,28 : 452.16"
"23,29 : 552.27"
"23,30 : 731.2"
"23,31 : 571.85"
"23,32 : 283.09"
"23,33 : 622.38"
"23,34 : 644.1"
"23,35 : 363.89"
"23,36 : 333.9"
"23,37 : 535.21"
"23,38 : 215.06"
"23,39 : 812.37"
"23,40 : 846.72"
"23,41 : 464.31"
"23,42 : 125.1"
"23,43 : 410.17"
"23,44 : 178.93"
"23,45 : 114.49"
"23,46 : 275.0"
"23,47 : 250.05"
"23,48 : 869.27"
"23,49 : 486.51"
"23,50 : 381.44"
"23,51 : 522.34"
"23,52 : 878.57"
"23,53 : 545.62"
"23,54 : 284.06"
"23,55 : 534.74"
"23,56 : 305.85"
"23,57 : 455.58"
"23,58 : 713.53"
"23,59 : 751.24"
"23,60 : 767.02"
"23,61 : 750.04"
"23,62 : 270.03"
"23,63 : 792.03"
"23,64 : 322.93"
"23,65 : 667.49"
"23,66 : 142.76"
"23,67 : 232.05"
"23,68 : 246.33"
"23,69 : 553.39"
"23,70 : 606.41"
"23,71 : 478.44"
"23,72 : 272.18"
"23,73 : 316.48"
"23,74 : 97.8"
"23,75 : 373.13"
"23,76 : 374.07"
"23,77 : 449.57"
"23,78 : 257.66"
"23,79 : 847.47"
"23,80 : 131.06"
"23,81 : 457.92"
"23,82 : 393.86"
"23,83 : 154.33"
"23,84 : 661.3"
"23,85 : 820.11"
"23,86 : 864.68"
"23,87 : 412.99"
"23,88 : 270.8"
"23,89 : 885.65"
"23,90 : 597.23"
"23,91 : 273.6"
"23,92 : 561.28"
"23,93 : 149.48"
"23,94 : 408.68"
"23,95 : 323.69"
"23,96 : 756.42"
"23,97 : 293.0"
"23,98 : 119.21"
"23,99 : 582.68"
