x,y
52,34
540,991
957,746
320,12
932,755
309,686
130,323
789,656
278,832
436,705
626,652
121,888
370,360
417,889
294,189
67,825
476,349
806,869
526,925
52,802
951,153
194,301
867,610
572,168
525,746
826,446
495,218
334,453
781,519
545,343
510,818
834,90
115,882
530,824
11,208
149,392
792,488
427,540
181,877
632,355
821,25
147,108
316,711
150,819
973,902
946,889
776,467
406,365
890,95
509,612
765,826
601,778
787,222
346,267
685,538
701,729
2,842
921,890
144,243
849,775
125,47
333,271
273,316
354,351
650,659
571,444
659,763
360,806
274,622
344,354
647,481
540,478
497,149
679,44
401,314
623,184
412,623
713,683
308,243
519,597
666,273
555,585
379,877
275,65
711,983
776,797
499,478
61,809
253,592
881,639
951,876
14,193
497,596
944,82
890,468
832,349
339,53
415,716
931,606
769,711

Distanze
"0,0 : 0.0"
"0,1 : 1074.24"
"0,2 : 1151.51"
"0,3 : 268.9"
"0,4 : 1137.65"
"0,5 : 700.82"
"0,6 : 299.34"
"0,7 : 964.39"
"0,8 : 829.39"
"0,9 : 773.11"
"0,10 : 843.45"
"0,11 : 856.78"
"0,12 : 455.41"
"0,13 : 929.65"
"0,14 : 287.38"
"0,15 : 791.14"
"0,16 : 528.21"
"0,17 : 1125.05"
"0,18 : 1009.24"
"0,19 : 768.0"
"0,20 : 906.84"
"0,21 : 302.41"
"0,22 : 998.0"
"0,23 : 536.99"
"0,24 : 854.79"
"0,25 : 876.82"
"0,26 : 479.69"
"0,27 : 505.06"
"0,28 : 875.59"
"0,29 : 581.83"
"0,30 : 907.98"
"0,31 : 784.0"
"0,32 : 850.34"
"0,33 : 923.35"
"0,34 : 178.77"
"0,35 : 370.91"
"0,36 : 868.17"
"0,37 : 629.81"
"0,38 : 852.81"
"0,39 : 662.9"
"0,40 : 769.05"
"0,41 : 120.42"
"0,42 : 726.65"
"0,43 : 791.09"
"0,44 : 1265.57"
"0,45 : 1237.04"
"0,46 : 843.6"
"0,47 : 484.64"
"0,48 : 840.22"
"0,49 : 736.84"
"0,50 : 1065.66"
"0,51 : 924.63"
"0,52 : 758.66"
"0,53 : 375.13"
"0,54 : 809.14"
"0,55 : 950.91"
"0,56 : 809.55"
"0,57 : 1219.79"
"0,58 : 228.35"
"0,59 : 1088.25"
"0,60 : 74.15"
"0,61 : 367.6"
"0,62 : 358.28"
"0,63 : 437.83"
"0,64 : 865.0"
"0,65 : 661.41"
"0,66 : 948.63"
"0,67 : 831.17"
"0,68 : 628.51"
"0,69 : 433.2"
"0,70 : 744.2"
"0,71 : 659.76"
"0,72 : 459.62"
"0,73 : 627.08"
"0,74 : 447.44"
"0,75 : 590.37"
"0,76 : 690.31"
"0,77 : 926.35"
"0,78 : 330.48"
"0,79 : 731.48"
"0,80 : 658.88"
"0,81 : 746.06"
"0,82 : 904.2"
"0,83 : 225.14"
"0,84 : 1155.37"
"0,85 : 1051.83"
"0,86 : 630.04"
"0,87 : 775.05"
"0,88 : 593.1"
"0,89 : 1026.29"
"0,90 : 1231.73"
"0,91 : 163.48"
"0,92 : 716.85"
"0,93 : 893.29"
"0,94 : 943.72"
"0,95 : 841.2"
"0,96 : 287.63"
"0,97 : 772.59"
"0,98 : 1048.73"
"0,99 : 986.11"
"1,0 : 1074.24"
"1,1 : 0.0"
"1,2 : 483.65"
"1,3 : 1003.41"
"1,4 : 457.56"
"1,5 : 382.6"
"1,6 : 783.79"
"1,7 : 417.4"
"1,8 : 306.47"
"1,9 : 304.32"
"1,10 : 349.74"
"1,11 : 431.47"
"1,12 : 653.5"
"1,13 : 159.79"
"1,14 : 838.88"
"1,15 : 501.28"
"1,16 : 645.18"
"1,17 : 292.64"
"1,18 : 67.47"
"1,19 : 523.32"
"1,20 : 933.36"
"1,21 : 771.89"
"1,22 : 502.09"
"1,23 : 823.62"
"1,24 : 245.46"
"1,25 : 615.48"
"1,26 : 774.31"
"1,27 : 576.09"
"1,28 : 529.97"
"1,29 : 648.02"
"1,30 : 175.58"
"1,31 : 947.75"
"1,32 : 438.76"
"1,33 : 167.3"
"1,34 : 944.95"
"1,35 : 715.32"
"1,36 : 562.59"
"1,37 : 464.94"
"1,38 : 376.67"
"1,39 : 642.62"
"1,40 : 1006.04"
"1,41 : 966.51"
"1,42 : 358.57"
"1,43 : 426.24"
"1,44 : 442.05"
"1,45 : 418.62"
"1,46 : 574.69"
"1,47 : 640.18"
"1,48 : 961.93"
"1,49 : 380.27"
"1,50 : 279.02"
"1,51 : 221.56"
"1,52 : 807.69"
"1,53 : 749.54"
"1,54 : 475.64"
"1,55 : 307.51"
"1,56 : 558.25"
"1,57 : 394.16"
"1,58 : 846.36"
"1,59 : 377.01"
"1,60 : 1031.19"
"1,61 : 749.17"
"1,62 : 725.89"
"1,63 : 666.48"
"1,64 : 349.75"
"1,65 : 547.88"
"1,66 : 257.19"
"1,67 : 258.12"
"1,68 : 454.88"
"1,69 : 666.47"
"1,70 : 521.1"
"1,71 : 513.0"
"1,72 : 843.1"
"1,73 : 957.15"
"1,74 : 691.12"
"1,75 : 811.26"
"1,76 : 389.63"
"1,77 : 353.26"
"1,78 : 783.15"
"1,79 : 394.56"
"1,80 : 728.97"
"1,81 : 406.28"
"1,82 : 197.27"
"1,83 : 963.17"
"1,84 : 171.19"
"1,85 : 305.5"
"1,86 : 514.64"
"1,87 : 512.41"
"1,88 : 491.5"
"1,89 : 490.09"
"1,90 : 426.79"
"1,91 : 955.76"
"1,92 : 397.33"
"1,93 : 994.73"
"1,94 : 629.31"
"1,95 : 705.29"
"1,96 : 959.29"
"1,97 : 302.08"
"1,98 : 548.73"
"1,99 : 361.72"
"2,0 : 1151.51"
"2,1 : 483.65"
"2,2 : 0.0"
"2,3 : 971.87"
"2,4 : 26.57"
"2,5 : 650.77"
"2,6 : 928.9"
"2,7 : 190.59"
"2,8 : 684.42"
"2,9 : 522.61"
"2,10 : 344.09"
"2,11 : 847.97"
"2,12 : 702.54"
"2,13 : 558.61"
"2,14 : 865.92"
"2,15 : 893.5"
"2,16 : 623.67"
"2,17 : 194.76"
"2,18 : 466.69"
"2,19 : 906.73"
"2,20 : 593.03"
"2,21 : 883.29"
"2,22 : 163.08"
"2,23 : 694.48"
"2,24 : 432.0"
"2,25 : 327.35"
"2,26 : 701.59"
"2,27 : 688.46"
"2,28 : 287.24"
"2,29 : 576.33"
"2,30 : 452.76"
"2,31 : 667.43"
"2,32 : 852.91"
"2,33 : 434.07"
"2,34 : 1088.28"
"2,35 : 882.15"
"2,36 : 306.25"
"2,37 : 568.63"
"2,38 : 786.98"
"2,39 : 508.43"
"2,40 : 733.71"
"2,41 : 1031.09"
"2,42 : 641.95"
"2,43 : 810.3"
"2,44 : 156.82"
"2,45 : 143.42"
"2,46 : 332.57"
"2,47 : 669.9"
"2,48 : 654.44"
"2,49 : 467.61"
"2,50 : 208.0"
"2,51 : 357.44"
"2,52 : 550.89"
"2,53 : 776.38"
"2,54 : 342.41"
"2,55 : 256.56"
"2,56 : 959.81"
"2,57 : 148.43"
"2,58 : 956.02"
"2,59 : 111.83"
"2,60 : 1086.66"
"2,61 : 784.22"
"2,62 : 807.93"
"2,63 : 720.86"
"2,64 : 319.09"
"2,65 : 490.1"
"2,66 : 298.48"
"2,67 : 600.01"
"2,68 : 694.16"
"2,69 : 727.62"
"2,70 : 407.83"
"2,71 : 495.69"
"2,72 : 753.66"
"2,73 : 755.04"
"2,74 : 704.1"
"2,75 : 653.76"
"2,76 : 558.71"
"2,77 : 252.0"
"2,78 : 821.1"
"2,79 : 462.65"
"2,80 : 555.35"
"2,81 : 433.04"
"2,82 : 592.66"
"2,83 : 963.79"
"2,84 : 341.59"
"2,85 : 188.05"
"2,86 : 530.65"
"2,87 : 898.21"
"2,88 : 720.65"
"2,89 : 131.24"
"2,90 : 130.14"
"2,91 : 1093.19"
"2,92 : 483.84"
"2,93 : 664.13"
"2,94 : 285.96"
"2,95 : 416.21"
"2,96 : 928.53"
"2,97 : 542.83"
"2,98 : 142.39"
"2,99 : 191.23"
"3,0 : 268.9"
"3,1 : 1003.41"
"3,2 : 971.87"
"3,3 : 0.0"
"3,4 : 962.6"
"3,5 : 674.09"
"3,6 : 364.45"
"3,7 : 796.68"
"3,8 : 821.07"
"3,9 : 702.64"
"3,10 : 709.39"
"3,11 : 898.32"
"3,12 : 351.57"
"3,13 : 882.35"
"3,14 : 178.9"
"3,15 : 851.46"
"3,16 : 371.36"
"3,17 : 985.21"
"3,18 : 935.95"
"3,19 : 834.22"
"3,20 : 646.56"
"3,21 : 315.27"
"3,22 : 810.44"
"3,23 : 296.38"
"3,24 : 762.09"
"3,25 : 666.63"
"3,26 : 270.3"
"3,27 : 441.22"
"3,28 : 685.25"
"3,29 : 400.23"
"3,30 : 828.09"
"3,31 : 519.88"
"3,32 : 893.83"
"3,33 : 838.72"
"3,34 : 365.92"
"3,35 : 416.7"
"3,36 : 670.34"
"3,37 : 538.73"
"3,38 : 876.1"
"3,39 : 463.67"
"3,40 : 501.17"
"3,41 : 197.85"
"3,42 : 699.01"
"3,43 : 824.71"
"3,44 : 1103.86"
"3,45 : 1077.5"
"3,46 : 644.17"
"3,47 : 363.32"
"3,48 : 576.01"
"3,49 : 629.06"
"3,50 : 927.7"
"3,51 : 815.91"
"3,52 : 512.04"
"3,53 : 256.32"
"3,54 : 640.24"
"3,55 : 811.94"
"3,56 : 888.83"
"3,57 : 1063.99"
"3,58 : 290.41"
"3,59 : 928.44"
"3,60 : 198.12"
"3,61 : 259.33"
"3,62 : 307.61"
"3,63 : 340.7"
"3,64 : 726.3"
"3,65 : 499.62"
"3,66 : 823.97"
"3,67 : 795.01"
"3,68 : 611.73"
"3,69 : 342.84"
"3,70 : 571.74"
"3,71 : 515.32"
"3,72 : 223.83"
"3,73 : 360.42"
"3,74 : 312.67"
"3,75 : 348.41"
"3,76 : 617.89"
"3,77 : 777.62"
"3,78 : 231.31"
"3,79 : 617.92"
"3,80 : 433.4"
"3,81 : 619.32"
"3,82 : 867.01"
"3,83 : 69.53"
"3,84 : 1046.77"
"3,85 : 907.83"
"3,86 : 499.2"
"3,87 : 838.03"
"3,88 : 583.86"
"3,89 : 841.34"
"3,90 : 1069.89"
"3,91 : 355.52"
"3,92 : 610.23"
"3,93 : 627.91"
"3,94 : 729.96"
"3,95 : 612.95"
"3,96 : 45.19"
"3,97 : 710.38"
"3,98 : 852.15"
"3,99 : 830.78"
"4,0 : 1137.65"
"4,1 : 457.56"
"4,2 : 26.57"
"4,3 : 962.6"
"4,4 : 0.0"
"4,5 : 626.81"
"4,6 : 910.95"
"4,7 : 173.93"
"4,8 : 658.52"
"4,9 : 498.51"
"4,10 : 322.87"
"4,11 : 821.83"
"4,12 : 686.93"
"4,13 : 532.15"
"4,14 : 852.88"
"4,15 : 867.83"
"4,16 : 610.55"
"4,17 : 169.92"
"4,18 : 440.15"
"4,19 : 881.25"
"4,20 : 602.3"
"4,21 : 866.46"
"4,22 : 158.9"
"4,23 : 688.6"
"4,24 : 407.1"
"4,25 : 326.68"
"4,26 : 692.34"
"4,27 : 669.93"
"4,28 : 280.17"
"4,29 : 565.25"
"4,30 : 426.68"
"4,31 : 672.18"
"4,32 : 826.81"
"4,33 : 407.88"
"4,34 : 1071.19"
"4,35 : 863.05"
"4,36 : 301.48"
"4,37 : 548.86"
"4,38 : 760.84"
"4,39 : 500.0"
"4,40 : 738.39"
"4,41 : 1017.27"
"4,42 : 617.57"
"4,43 : 784.61"
"4,44 : 152.61"
"4,45 : 134.73"
"4,46 : 327.54"
"4,47 : 654.81"
"4,48 : 661.34"
"4,49 : 446.52"
"4,50 : 181.47"
"4,51 : 331.8"
"4,52 : 552.37"
"4,53 : 762.59"
"4,54 : 328.78"
"4,55 : 232.46"
"4,56 : 934.06"
"4,57 : 135.45"
"4,58 : 939.73"
"4,59 : 85.38"
"4,60 : 1073.55"
"4,61 : 770.1"
"4,62 : 791.83"
"4,63 : 705.2"
"4,64 : 297.89"
"4,65 : 476.49"
"4,66 : 273.12"
"4,67 : 574.27"
"4,68 : 671.31"
"4,69 : 711.72"
"4,70 : 395.35"
"4,71 : 479.99"
"4,72 : 745.96"
"4,73 : 754.67"
"4,74 : 690.25"
"4,75 : 649.25"
"4,76 : 536.49"
"4,77 : 230.53"
"4,78 : 807.17"
"4,79 : 442.19"
"4,80 : 550.53"
"4,81 : 413.56"
"4,82 : 566.3"
"4,83 : 952.76"
"4,84 : 317.53"
"4,85 : 161.55"
"4,86 : 514.02"
"4,87 : 872.67"
"4,88 : 698.29"
"4,89 : 126.72"
"4,90 : 122.48"
"4,91 : 1076.37"
"4,92 : 463.15"
"4,93 : 673.11"
"4,94 : 290.06"
"4,95 : 418.13"
"4,96 : 918.94"
"4,97 : 518.47"
"4,98 : 149.0"
"4,99 : 168.83"
"5,0 : 700.82"
"5,1 : 382.6"
"5,2 : 650.77"
"5,3 : 674.09"
"5,4 : 626.81"
"5,5 : 0.0"
"5,6 : 404.73"
"5,7 : 480.94"
"5,8 : 149.25"
"5,9 : 128.41"
"5,10 : 318.82"
"5,11 : 275.95"
"5,12 : 331.66"
"5,13 : 229.94"
"5,14 : 497.23"
"5,15 : 279.08"
"5,16 : 376.11"
"5,17 : 529.62"
"5,18 : 322.82"
"5,19 : 281.97"
"5,20 : 834.42"
"5,21 : 401.81"
"5,22 : 563.15"
"5,23 : 580.94"
"5,24 : 224.18"
"5,25 : 569.99"
"5,26 : 503.61"
"5,27 : 234.34"
"5,28 : 500.67"
"5,29 : 416.35"
"5,30 : 240.47"
"5,31 : 794.25"
"5,32 : 275.78"
"5,33 : 260.55"
"5,34 : 563.28"
"5,35 : 334.72"
"5,36 : 522.01"
"5,37 : 187.72"
"5,38 : 229.92"
"5,39 : 462.48"
"5,40 : 836.1"
"5,41 : 600.27"
"5,42 : 25.96"
"5,43 : 207.29"
"5,44 : 698.25"
"5,45 : 668.56"
"5,46 : 515.8"
"5,47 : 335.34"
"5,48 : 828.76"
"5,49 : 213.25"
"5,50 : 477.01"
"5,51 : 306.15"
"5,52 : 666.17"
"5,53 : 420.63"
"5,54 : 404.08"
"5,55 : 394.35"
"5,56 : 344.36"
"5,57 : 645.1"
"5,58 : 472.73"
"5,59 : 547.29"
"5,60 : 664.96"
"5,61 : 415.69"
"5,62 : 371.75"
"5,63 : 338.01"
"5,64 : 342.07"
"5,65 : 356.66"
"5,66 : 358.37"
"5,67 : 130.39"
"5,68 : 72.95"
"5,69 : 333.84"
"5,70 : 395.31"
"5,71 : 310.85"
"5,72 : 568.96"
"5,73 : 740.99"
"5,74 : 383.21"
"5,75 : 592.11"
"5,76 : 120.74"
"5,77 : 404.01"
"5,78 : 443.0"
"5,79 : 228.08"
"5,80 : 545.91"
"5,81 : 265.93"
"5,82 : 203.42"
"5,83 : 621.93"
"5,84 : 499.81"
"5,85 : 480.01"
"5,86 : 281.72"
"5,87 : 276.83"
"5,88 : 109.42"
"5,89 : 573.93"
"5,90 : 669.53"
"5,91 : 574.52"
"5,92 : 208.43"
"5,93 : 876.38"
"5,94 : 620.55"
"5,95 : 622.17"
"5,96 : 633.71"
"5,97 : 110.16"
"5,98 : 627.12"
"5,99 : 460.68"
"6,0 : 299.34"
"6,1 : 783.79"
"6,2 : 928.9"
"6,3 : 364.45"
"6,4 : 910.95"
"6,5 : 404.73"
"6,6 : 0.0"
"6,7 : 738.36"
"6,8 : 530.08"
"6,9 : 489.45"
"6,10 : 595.19"
"6,11 : 565.07"
"6,12 : 242.84"
"6,13 : 634.61"
"6,14 : 211.78"
"6,15 : 505.94"
"6,16 : 346.98"
"6,17 : 868.96"
"6,18 : 720.57"
"6,19 : 485.31"
"6,20 : 838.42"
"6,21 : 67.68"
"6,22 : 790.91"
"6,23 : 468.39"
"6,24 : 578.75"
"6,25 : 706.78"
"6,26 : 379.8"
"6,27 : 241.9"
"6,28 : 679.87"
"6,29 : 415.48"
"6,30 : 624.04"
"6,31 : 741.56"
"6,32 : 559.2"
"6,33 : 641.09"
"6,34 : 165.49"
"6,35 : 71.57"
"6,36 : 682.25"
"6,37 : 367.83"
"6,38 : 556.34"
"6,39 : 503.02"
"6,40 : 752.52"
"6,41 : 215.67"
"6,42 : 430.28"
"6,43 : 496.4"
"6,44 : 1022.69"
"6,45 : 993.08"
"6,46 : 661.85"
"6,47 : 279.18"
"6,48 : 793.46"
"6,49 : 476.62"
"6,50 : 810.08"
"6,51 : 654.88"
"6,52 : 664.72"
"6,53 : 223.14"
"6,54 : 595.19"
"6,55 : 700.63"
"6,56 : 534.55"
"6,57 : 973.23"
"6,58 : 81.22"
"6,59 : 849.27"
"6,60 : 276.05"
"6,61 : 209.55"
"6,62 : 143.17"
"6,63 : 225.74"
"6,64 : 619.11"
"6,65 : 457.3"
"6,66 : 688.07"
"6,67 : 534.97"
"6,68 : 331.87"
"6,69 : 216.23"
"6,70 : 540.6"
"6,71 : 438.32"
"6,72 : 406.16"
"6,73 : 615.83"
"6,74 : 271.15"
"6,75 : 512.22"
"6,76 : 411.73"
"6,77 : 685.19"
"6,78 : 195.15"
"6,79 : 475.81"
"6,80 : 538.33"
"6,81 : 499.27"
"6,82 : 607.39"
"6,83 : 295.95"
"6,84 : 879.3"
"6,85 : 801.24"
"6,86 : 400.23"
"6,87 : 490.87"
"6,88 : 295.79"
"6,89 : 814.77"
"6,90 : 989.87"
"6,91 : 174.23"
"6,92 : 457.4"
"6,93 : 848.93"
"6,94 : 773.71"
"6,95 : 702.48"
"6,96 : 341.44"
"6,97 : 485.46"
"6,98 : 849.52"
"6,99 : 747.57"
"7,0 : 964.39"
"7,1 : 417.4"
"7,2 : 190.59"
"7,3 : 796.68"
"7,4 : 173.93"
"7,5 : 480.94"
"7,6 : 738.36"
"7,7 : 0.0"
"7,8 : 540.46"
"7,9 : 356.38"
"7,10 : 163.05"
"7,11 : 707.14"
"7,12 : 513.01"
"7,13 : 438.95"
"7,14 : 680.52"
"7,15 : 741.52"
"7,16 : 438.43"
"7,17 : 213.68"
"7,18 : 376.2"
"7,19 : 751.32"
"7,20 : 528.44"
"7,21 : 692.86"
"7,22 : 90.55"
"7,23 : 534.07"
"7,24 : 278.92"
"7,25 : 213.23"
"7,26 : 527.52"
"7,27 : 498.23"
"7,28 : 137.23"
"7,29 : 396.87"
"7,30 : 322.62"
"7,31 : 567.79"
"7,32 : 710.88"
"7,33 : 308.72"
"7,34 : 897.77"
"7,35 : 692.31"
"7,36 : 168.03"
"7,37 : 380.13"
"7,38 : 646.92"
"7,39 : 339.48"
"7,40 : 631.81"
"7,41 : 844.08"
"7,42 : 476.19"
"7,43 : 659.46"
"7,44 : 307.2"
"7,45 : 280.96"
"7,46 : 189.45"
"7,47 : 481.01"
"7,48 : 570.02"
"7,49 : 283.44"
"7,50 : 171.69"
"7,51 : 224.12"
"7,52 : 434.0"
"7,53 : 589.55"
"7,54 : 157.29"
"7,55 : 114.34"
"7,56 : 808.68"
"7,57 : 268.66"
"7,58 : 765.89"
"7,59 : 133.27"
"7,60 : 900.99"
"7,61 : 596.79"
"7,62 : 617.94"
"7,63 : 531.27"
"7,64 : 139.03"
"7,65 : 304.09"
"7,66 : 168.37"
"7,67 : 454.47"
"7,68 : 516.12"
"7,69 : 537.8"
"7,70 : 225.36"
"7,71 : 306.08"
"7,72 : 585.08"
"7,73 : 621.81"
"7,74 : 517.21"
"7,75 : 500.34"
"7,76 : 378.44"
"7,77 : 80.65"
"7,78 : 633.98"
"7,79 : 276.37"
"7,80 : 402.27"
"7,81 : 244.53"
"7,82 : 465.77"
"7,83 : 783.25"
"7,84 : 336.17"
"7,85 : 141.6"
"7,86 : 340.27"
"7,87 : 743.9"
"7,88 : 539.81"
"7,89 : 93.56"
"7,90 : 273.21"
"7,91 : 902.77"
"7,92 : 298.1"
"7,93 : 594.56"
"7,94 : 213.41"
"7,95 : 310.0"
"7,96 : 752.4"
"7,97 : 378.78"
"7,98 : 150.55"
"7,99 : 58.52"
"8,0 : 829.39"
"8,1 : 306.47"
"8,2 : 684.42"
"8,3 : 821.07"
"8,4 : 658.52"
"8,5 : 149.25"
"8,6 : 530.08"
"8,7 : 540.46"
"8,8 : 0.0"
"8,9 : 202.71"
"8,10 : 391.8"
"8,11 : 166.69"
"8,12 : 480.88"
"8,13 : 150.23"
"8,14 : 643.2"
"8,15 : 211.12"
"8,16 : 522.01"
"8,17 : 529.29"
"8,18 : 264.86"
"8,19 : 227.98"
"8,20 : 956.02"
"8,21 : 537.6"
"8,22 : 629.45"
"8,23 : 726.18"
"8,24 : 261.54"
"8,25 : 670.3"
"8,26 : 651.22"
"8,27 : 383.11"
"8,28 : 592.43"
"8,29 : 557.14"
"8,30 : 232.42"
"8,31 : 927.2"
"8,32 : 170.5"
"8,33 : 252.13"
"8,34 : 678.72"
"8,35 : 458.52"
"8,36 : 618.49"
"8,37 : 327.82"
"8,38 : 106.93"
"8,39 : 594.01"
"8,40 : 972.68"
"8,41 : 735.76"
"8,42 : 126.83"
"8,43 : 128.66"
"8,44 : 698.52"
"8,45 : 670.43"
"8,46 : 617.44"
"8,47 : 484.22"
"8,48 : 957.97"
"8,49 : 319.0"
"8,50 : 487.04"
"8,51 : 327.48"
"8,52 : 794.47"
"8,53 : 569.08"
"8,54 : 502.08"
"8,55 : 435.36"
"8,56 : 276.18"
"8,57 : 645.61"
"8,58 : 604.05"
"8,59 : 573.84"
"8,60 : 799.77"
"8,61 : 563.69"
"8,62 : 516.02"
"8,63 : 486.97"
"8,64 : 410.26"
"8,65 : 486.2"
"8,66 : 387.2"
"8,67 : 86.02"
"8,68 : 210.04"
"8,69 : 482.53"
"8,70 : 509.28"
"8,71 : 440.41"
"8,72 : 717.25"
"8,73 : 884.16"
"8,74 : 532.4"
"8,75 : 734.12"
"8,76 : 248.27"
"8,77 : 459.81"
"8,78 : 589.76"
"8,79 : 336.61"
"8,80 : 680.46"
"8,81 : 371.13"
"8,82 : 110.57"
"8,83 : 767.01"
"8,84 : 458.57"
"8,85 : 499.23"
"8,86 : 417.32"
"8,87 : 218.22"
"8,88 : 241.3"
"8,89 : 633.13"
"8,90 : 674.44"
"8,91 : 691.39"
"8,92 : 321.96"
"8,93 : 1003.02"
"8,94 : 712.07"
"8,95 : 734.99"
"8,96 : 781.38"
"8,97 : 179.51"
"8,98 : 691.0"
"8,99 : 505.69"
"9,0 : 773.11"
"9,1 : 304.32"
"9,2 : 522.61"
"9,3 : 702.64"
"9,4 : 498.51"
"9,5 : 128.41"
"9,6 : 489.45"
"9,7 : 356.38"
"9,8 : 202.71"
"9,9 : 0.0"
"9,10 : 197.25"
"9,11 : 364.3"
"9,12 : 351.26"
"9,13 : 184.98"
"9,14 : 535.18"
"9,15 : 388.02"
"9,16 : 358.24"
"9,17 : 404.72"
"9,18 : 237.7"
"9,19 : 396.06"
"9,20 : 754.94"
"9,21 : 470.94"
"9,22 : 441.35"
"9,23 : 553.95"
"9,24 : 97.99"
"9,25 : 468.17"
"9,26 : 490.56"
"9,27 : 271.86"
"9,28 : 391.95"
"9,29 : 378.05"
"9,30 : 135.07"
"9,31 : 732.55"
"9,32 : 366.57"
"9,33 : 151.65"
"9,34 : 653.94"
"9,35 : 424.66"
"9,36 : 416.92"
"9,37 : 165.25"
"9,38 : 307.59"
"9,39 : 401.14"
"9,40 : 781.42"
"9,41 : 663.27"
"9,42 : 120.15"
"9,43 : 307.88"
"9,44 : 571.99"
"9,45 : 542.18"
"9,46 : 415.02"
"9,47 : 341.32"
"9,48 : 760.41"
"9,49 : 118.23"
"9,50 : 350.55"
"9,51 : 180.43"
"9,52 : 597.07"
"9,53 : 447.15"
"9,54 : 299.82"
"9,55 : 266.08"
"9,56 : 455.11"
"9,57 : 519.09"
"9,58 : 546.54"
"9,59 : 418.89"
"9,60 : 727.79"
"9,61 : 446.05"
"9,62 : 421.77"
"9,63 : 363.37"
"9,64 : 218.89"
"9,65 : 293.85"
"9,66 : 230.42"
"9,67 : 126.4"
"9,68 : 182.02"
"9,69 : 362.86"
"9,70 : 307.73"
"9,71 : 249.69"
"9,72 : 559.34"
"9,73 : 704.25"
"9,74 : 392.56"
"9,75 : 553.54"
"9,76 : 85.44"
"9,77 : 277.87"
"9,78 : 479.4"
"9,79 : 136.21"
"9,80 : 489.41"
"9,81 : 169.0"
"9,82 : 181.2"
"9,83 : 659.94"
"9,84 : 391.04"
"9,85 : 352.23"
"9,86 : 235.58"
"9,87 : 389.15"
"9,88 : 215.08"
"9,89 : 449.87"
"9,90 : 542.65"
"9,91 : 663.5"
"9,92 : 124.91"
"9,93 : 803.86"
"9,94 : 512.14"
"9,95 : 532.5"
"9,96 : 659.18"
"9,97 : 23.71"
"9,98 : 504.8"
"9,99 : 333.05"
"10,0 : 843.45"
"10,1 : 349.74"
"10,2 : 344.09"
"10,3 : 709.39"
"10,4 : 322.87"
"10,5 : 318.82"
"10,6 : 595.19"
"10,7 : 163.05"
"10,8 : 391.8"
"10,9 : 197.25"
"10,10 : 0.0"
"10,11 : 557.42"
"10,12 : 388.33"
"10,13 : 315.99"
"10,14 : 569.73"
"10,15 : 585.16"
"10,16 : 338.1"
"10,17 : 281.94"
"10,18 : 290.74"
"10,19 : 593.28"
"10,20 : 595.5"
"10,21 : 556.62"
"10,22 : 244.63"
"10,23 : 487.0"
"10,24 : 137.97"
"10,25 : 287.12"
"10,26 : 453.34"
"10,27 : 353.36"
"10,28 : 204.24"
"10,29 : 319.44"
"10,30 : 202.51"
"10,31 : 599.26"
"10,32 : 560.38"
"10,33 : 196.98"
"10,34 : 758.53"
"10,35 : 543.26"
"10,36 : 233.35"
"10,37 : 228.35"
"10,38 : 498.65"
"10,39 : 297.06"
"10,40 : 656.62"
"10,41 : 724.83"
"10,42 : 315.56"
"10,43 : 504.45"
"10,44 : 427.68"
"10,45 : 398.21"
"10,46 : 238.17"
"10,47 : 361.62"
"10,48 : 616.4"
"10,49 : 123.65"
"10,50 : 222.7"
"10,51 : 128.46"
"10,52 : 459.15"
"10,53 : 476.05"
"10,54 : 128.36"
"10,55 : 107.49"
"10,56 : 652.29"
"10,57 : 379.04"
"10,58 : 632.14"
"10,59 : 254.67"
"10,60 : 785.51"
"10,61 : 480.63"
"10,62 : 487.34"
"10,63 : 405.69"
"10,64 : 25.0"
"10,65 : 215.15"
"10,66 : 115.8"
"10,67 : 307.36"
"10,68 : 353.28"
"10,69 : 410.28"
"10,70 : 172.28"
"10,71 : 194.09"
"10,72 : 519.28"
"10,73 : 610.31"
"10,74 : 406.04"
"10,75 : 468.01"
"10,76 : 215.96"
"10,77 : 92.36"
"10,78 : 518.08"
"10,79 : 120.31"
"10,80 : 381.1"
"10,81 : 97.62"
"10,82 : 334.12"
"10,83 : 683.94"
"10,84 : 341.74"
"10,85 : 208.63"
"10,86 : 215.42"
"10,87 : 586.41"
"10,88 : 377.79"
"10,89 : 255.33"
"10,90 : 394.72"
"10,91 : 765.0"
"10,92 : 140.63"
"10,93 : 652.71"
"10,94 : 321.79"
"10,95 : 366.39"
"10,96 : 664.21"
"10,97 : 220.49"
"10,98 : 308.45"
"10,99 : 154.69"
"11,0 : 856.78"
"11,1 : 431.47"
"11,2 : 847.97"
"11,3 : 898.32"
"11,4 : 821.83"
"11,5 : 275.95"
"11,6 : 565.07"
"11,7 : 707.14"
"11,8 : 166.69"
"11,9 : 364.3"
"11,10 : 557.42"
"11,11 : 0.0"
"11,12 : 583.77"
"11,13 : 296.0"
"11,14 : 720.09"
"11,15 : 82.98"
"11,16 : 645.4"
"11,17 : 685.26"
"11,18 : 406.69"
"11,19 : 110.26"
"11,20 : 1108.66"
"11,21 : 591.52"
"11,22 : 796.12"
"11,23 : 849.59"
"11,24 : 428.23"
"11,25 : 832.1"
"11,26 : 767.32"
"11,27 : 484.35"
"11,28 : 756.15"
"11,29 : 690.51"
"11,30 : 395.25"
"11,31 : 1070.13"
"11,32 : 8.49"
"11,33 : 413.98"
"11,34 : 688.84"
"11,35 : 496.79"
"11,36 : 781.18"
"11,37 : 463.4"
"11,38 : 61.0"
"11,39 : 738.38"
"11,40 : 1111.2"
"11,41 : 780.43"
"11,42 : 263.35"
"11,43 : 74.85"
"11,44 : 852.12"
"11,45 : 825.0"
"11,46 : 778.63"
"11,47 : 595.61"
"11,48 : 1104.63"
"11,49 : 476.15"
"11,50 : 646.98"
"11,51 : 492.44"
"11,52 : 941.87"
"11,53 : 660.5"
"11,54 : 663.77"
"11,55 : 601.4"
"11,56 : 127.58"
"11,57 : 800.0"
"11,58 : 645.41"
"11,59 : 736.72"
"11,60 : 841.01"
"11,61 : 652.41"
"11,62 : 591.85"
"11,63 : 585.37"
"11,64 : 576.44"
"11,65 : 632.17"
"11,66 : 552.33"
"11,67 : 252.68"
"11,68 : 306.86"
"11,69 : 578.69"
"11,70 : 665.08"
"11,71 : 586.23"
"11,72 : 829.15"
"11,73 : 1011.78"
"11,74 : 638.65"
"11,75 : 864.65"
"11,76 : 393.58"
"11,77 : 626.49"
"11,78 : 671.56"
"11,79 : 493.04"
"11,80 : 821.74"
"11,81 : 529.31"
"11,82 : 258.23"
"11,83 : 837.28"
"11,84 : 597.6"
"11,85 : 661.29"
"11,86 : 557.66"
"11,87 : 99.2"
"11,88 : 324.1"
"11,89 : 799.75"
"11,90 : 830.09"
"11,91 : 703.19"
"11,92 : 476.07"
"11,93 : 1151.94"
"11,94 : 876.22"
"11,95 : 892.21"
"11,96 : 862.99"
"11,97 : 340.62"
"11,98 : 857.69"
"11,99 : 671.74"
"12,0 : 455.41"
"12,1 : 653.5"
"12,2 : 702.54"
"12,3 : 351.57"
"12,4 : 686.93"
"12,5 : 331.66"
"12,6 : 242.84"
"12,7 : 513.01"
"12,8 : 480.88"
"12,9 : 351.26"
"12,10 : 388.33"
"12,11 : 583.77"
"12,12 : 0.0"
"12,13 : 531.08"
"12,14 : 187.13"
"12,15 : 555.01"
"12,16 : 106.57"
"12,17 : 670.21"
"12,18 : 586.14"
"12,19 : 544.51"
"12,20 : 616.77"
"12,21 : 185.63"
"12,22 : 556.34"
"12,23 : 278.69"
"12,24 : 415.96"
"12,25 : 464.04"
"12,26 : 189.18"
"12,27 : 99.72"
"12,28 : 440.68"
"12,29 : 175.82"
"12,30 : 478.92"
"12,31 : 536.84"
"12,32 : 580.96"
"12,33 : 490.81"
"12,34 : 389.85"
"12,35 : 223.3"
"12,36 : 440.99"
"12,37 : 188.81"
"12,38 : 550.46"
"12,39 : 262.05"
"12,40 : 561.81"
"12,41 : 336.5"
"12,42 : 355.13"
"12,43 : 509.0"
"12,44 : 810.79"
"12,45 : 782.06"
"12,46 : 419.86"
"12,47 : 36.35"
"12,48 : 583.63"
"12,49 : 287.79"
"12,50 : 610.89"
"12,51 : 477.58"
"12,52 : 439.24"
"12,53 : 96.05"
"12,54 : 361.81"
"12,55 : 495.7"
"12,56 : 606.42"
"12,57 : 764.53"
"12,58 : 254.49"
"12,59 : 633.77"
"12,60 : 397.48"
"12,61 : 96.38"
"12,62 : 106.51"
"12,63 : 18.36"
"12,64 : 409.64"
"12,65 : 217.85"
"12,66 : 495.91"
"12,67 : 446.11"
"12,68 : 279.03"
"12,69 : 26.68"
"12,70 : 302.27"
"12,71 : 206.94"
"12,72 : 246.27"
"12,73 : 441.97"
"12,74 : 55.47"
"12,75 : 308.2"
"12,76 : 266.33"
"12,77 : 471.15"
"12,78 : 132.41"
"12,79 : 279.95"
"12,80 : 308.52"
"12,81 : 291.29"
"12,82 : 517.08"
"12,83 : 309.92"
"12,84 : 710.22"
"12,85 : 596.49"
"12,86 : 174.83"
"12,87 : 545.05"
"12,88 : 259.83"
"12,89 : 582.2"
"12,90 : 777.06"
"12,91 : 393.22"
"12,92 : 268.0"
"12,93 : 637.78"
"12,94 : 531.1"
"12,95 : 462.13"
"12,96 : 308.56"
"12,97 : 358.83"
"12,98 : 612.57"
"12,99 : 531.42"
"13,0 : 929.65"
"13,1 : 159.79"
"13,2 : 558.61"
"13,3 : 882.35"
"13,4 : 532.15"
"13,5 : 229.94"
"13,6 : 634.61"
"13,7 : 438.95"
"13,8 : 150.23"
"13,9 : 184.98"
"13,10 : 315.99"
"13,11 : 296.0"
"13,12 : 531.08"
"13,13 : 0.0"
"13,14 : 710.72"
"13,15 : 355.8"
"13,16 : 543.21"
"13,17 : 389.51"
"13,18 : 114.79"
"13,19 : 375.23"
"13,20 : 909.31"
"13,21 : 628.87"
"13,22 : 529.47"
"13,23 : 737.47"
"13,24 : 179.2"
"13,25 : 602.93"
"13,26 : 675.52"
"13,27 : 443.83"
"13,28 : 519.03"
"13,29 : 560.8"
"13,30 : 117.0"
"13,31 : 901.27"
"13,32 : 302.08"
"13,33 : 130.36"
"13,34 : 792.84"
"13,35 : 564.65"
"13,36 : 549.02"
"13,37 : 349.14"
"13,38 : 236.3"
"13,39 : 575.66"
"13,40 : 953.79"
"13,41 : 826.35"
"13,42 : 204.66"
"13,43 : 276.02"
"13,44 : 556.15"
"13,45 : 529.0"
"13,46 : 554.04"
"13,47 : 524.12"
"13,48 : 924.21"
"13,49 : 291.88"
"13,50 : 353.66"
"13,51 : 214.89"
"13,52 : 762.75"
"13,53 : 626.04"
"13,54 : 441.62"
"13,55 : 325.97"
"13,56 : 417.65"
"13,57 : 504.0"
"13,58 : 701.32"
"13,59 : 446.79"
"13,60 : 891.19"
"13,61 : 623.68"
"13,62 : 590.82"
"13,63 : 541.68"
"13,64 : 327.4"
"13,65 : 470.89"
"13,66 : 272.84"
"13,67 : 100.69"
"13,68 : 302.88"
"13,69 : 539.96"
"13,70 : 468.36"
"13,71 : 429.01"
"13,72 : 744.31"
"13,73 : 884.69"
"13,74 : 575.22"
"13,75 : 734.48"
"13,76 : 266.05"
"13,77 : 360.63"
"13,78 : 655.13"
"13,79 : 309.3"
"13,80 : 664.42"
"13,81 : 333.86"
"13,82 : 39.85"
"13,83 : 836.15"
"13,84 : 308.66"
"13,85 : 370.6"
"13,86 : 419.1"
"13,87 : 364.88"
"13,88 : 339.27"
"13,89 : 527.06"
"13,90 : 534.16"
"13,91 : 804.25"
"13,92 : 303.73"
"13,93 : 963.84"
"13,94 : 633.22"
"13,95 : 681.05"
"13,96 : 839.63"
"13,97 : 173.01"
"13,98 : 586.76"
"13,99 : 394.45"
"14,0 : 287.38"
"14,1 : 838.88"
"14,2 : 865.92"
"14,3 : 178.9"
"14,4 : 852.88"
"14,5 : 497.23"
"14,6 : 211.78"
"14,7 : 680.52"
"14,8 : 643.2"
"14,9 : 535.18"
"14,10 : 569.73"
"14,11 : 720.09"
"14,12 : 187.13"
"14,13 : 710.72"
"14,14 : 0.0"
"14,15 : 675.3"
"14,16 : 242.33"
"14,17 : 851.2"
"14,18 : 771.7"
"14,19 : 659.04"
"14,20 : 657.99"
"14,21 : 150.15"
"14,22 : 711.03"
"14,23 : 278.79"
"14,24 : 603.0"
"14,25 : 590.82"
"14,26 : 203.08"
"14,27 : 267.01"
"14,28 : 588.28"
"14,29 : 294.48"
"14,30 : 665.05"
"14,31 : 549.0"
"14,32 : 715.74"
"14,33 : 677.44"
"14,34 : 283.64"
"14,35 : 249.47"
"14,36 : 580.87"
"14,37 : 375.35"
"14,38 : 697.22"
"14,39 : 376.56"
"14,40 : 551.93"
"14,41 : 167.84"
"14,42 : 522.46"
"14,43 : 646.25"
"14,44 : 984.59"
"14,45 : 956.61"
"14,46 : 556.42"
"14,47 : 208.61"
"14,48 : 603.37"
"14,49 : 474.5"
"14,50 : 792.22"
"14,51 : 664.21"
"14,52 : 494.1"
"14,53 : 93.74"
"14,54 : 524.1"
"14,55 : 676.2"
"14,56 : 715.31"
"14,57 : 940.49"
"14,58 : 159.42"
"14,59 : 807.11"
"14,60 : 220.74"
"14,61 : 90.8"
"14,62 : 128.72"
"14,63 : 172.75"
"14,64 : 589.61"
"14,65 : 376.5"
"14,66 : 680.22"
"14,67 : 620.52"
"14,68 : 433.46"
"14,69 : 172.41"
"14,70 : 458.12"
"14,71 : 379.52"
"14,72 : 206.9"
"14,73 : 411.4"
"14,74 : 164.54"
"14,75 : 329.04"
"14,76 : 449.76"
"14,77 : 647.76"
"14,78 : 55.79"
"14,79 : 465.93"
"14,80 : 381.37"
"14,81 : 474.28"
"14,82 : 693.23"
"14,83 : 125.45"
"14,84 : 896.84"
"14,85 : 775.88"
"14,86 : 354.32"
"14,87 : 662.34"
"14,88 : 405.08"
"14,89 : 739.64"
"14,90 : 950.59"
"14,91 : 280.03"
"14,92 : 454.82"
"14,93 : 658.75"
"14,94 : 658.07"
"14,95 : 561.29"
"14,96 : 143.25"
"14,97 : 540.71"
"14,98 : 761.35"
"14,99 : 705.77"
"15,0 : 791.14"
"15,1 : 501.28"
"15,2 : 893.5"
"15,3 : 851.46"
"15,4 : 867.83"
"15,5 : 279.08"
"15,6 : 505.94"
"15,7 : 741.52"
"15,8 : 211.12"
"15,9 : 388.02"
"15,10 : 585.16"
"15,11 : 82.98"
"15,12 : 555.01"
"15,13 : 355.8"
"15,14 : 675.3"
"15,15 : 0.0"
"15,16 : 627.58"
"15,17 : 740.31"
"15,18 : 469.77"
"15,19 : 27.46"
"15,20 : 1110.42"
"15,21 : 539.17"
"15,22 : 828.39"
"15,23 : 828.66"
"15,24 : 464.76"
"15,25 : 848.36"
"15,26 : 742.72"
"15,27 : 457.9"
"15,28 : 776.81"
"15,29 : 678.83"
"15,30 : 443.06"
"15,31 : 1062.32"
"15,32 : 74.52"
"15,33 : 463.0"
"15,34 : 619.54"
"15,35 : 440.7"
"15,36 : 799.5"
"15,37 : 459.16"
"15,38 : 125.3"
"15,39 : 734.93"
"15,40 : 1099.33"
"15,41 : 721.45"
"15,42 : 273.86"
"15,43 : 83.22"
"15,44 : 909.27"
"15,45 : 881.33"
"15,46 : 794.26"
"15,47 : 571.42"
"15,48 : 1100.1"
"15,49 : 490.65"
"15,50 : 698.0"
"15,51 : 536.06"
"15,52 : 939.15"
"15,53 : 623.86"
"15,54 : 681.39"
"15,55 : 641.23"
"15,56 : 67.19"
"15,57 : 856.47"
"15,58 : 587.07"
"15,59 : 783.6"
"15,60 : 780.16"
"15,61 : 614.55"
"15,62 : 549.11"
"15,63 : 554.12"
"15,64 : 606.17"
"15,65 : 631.8"
"15,66 : 595.24"
"15,67 : 293.62"
"15,68 : 289.93"
"15,69 : 546.42"
"15,70 : 674.34"
"15,71 : 586.63"
"15,72 : 801.17"
"15,73 : 992.22"
"15,74 : 610.47"
"15,75 : 848.54"
"15,76 : 399.79"
"15,77 : 661.42"
"15,78 : 629.92"
"15,79 : 506.25"
"15,80 : 814.56"
"15,81 : 543.82"
"15,82 : 316.3"
"15,83 : 787.95"
"15,84 : 663.1"
"15,85 : 709.55"
"15,86 : 554.11"
"15,87 : 17.09"
"15,88 : 298.14"
"15,89 : 834.98"
"15,90 : 885.47"
"15,91 : 634.22"
"15,92 : 487.18"
"15,93 : 1149.43"
"15,94 : 897.09"
"15,95 : 901.0"
"15,96 : 818.52"
"15,97 : 364.67"
"15,98 : 891.32"
"15,99 : 711.2"
"16,0 : 528.21"
"16,1 : 645.18"
"16,2 : 623.67"
"16,3 : 371.36"
"16,4 : 610.55"
"16,5 : 376.11"
"16,6 : 346.98"
"16,7 : 438.43"
"16,8 : 522.01"
"16,9 : 358.24"
"16,10 : 338.1"
"16,11 : 645.4"
"16,12 : 106.57"
"16,13 : 543.21"
"16,14 : 242.33"
"16,15 : 627.58"
"16,16 : 0.0"
"16,17 : 615.87"
"16,18 : 578.17"
"16,19 : 620.47"
"16,20 : 513.85"
"16,21 : 286.06"
"16,22 : 470.11"
"16,23 : 204.88"
"16,24 : 400.01"
"16,25 : 363.19"
"16,26 : 132.37"
"16,27 : 176.01"
"16,28 : 349.18"
"16,29 : 69.26"
"16,30 : 470.23"
"16,31 : 441.87"
"16,32 : 643.75"
"16,33 : 478.06"
"16,34 : 485.91"
"16,35 : 329.82"
"16,36 : 345.22"
"16,37 : 197.19"
"16,38 : 604.82"
"16,39 : 156.12"
"16,40 : 473.29"
"16,41 : 407.83"
"16,42 : 395.78"
"16,43 : 571.99"
"16,44 : 743.52"
"16,45 : 715.89"
"16,46 : 322.37"
"16,47 : 71.81"
"16,48 : 485.71"
"16,49 : 265.06"
"16,50 : 557.72"
"16,51 : 446.84"
"16,52 : 335.93"
"16,53 : 153.7"
"16,54 : 281.78"
"16,55 : 441.62"
"16,56 : 683.9"
"16,57 : 700.5"
"16,58 : 348.51"
"16,59 : 566.22"
"16,60 : 463.04"
"16,61 : 162.89"
"16,62 : 205.66"
"16,63 : 122.02"
"16,64 : 355.49"
"16,65 : 134.35"
"16,66 : 452.64"
"16,67 : 471.49"
"16,68 : 339.61"
"16,69 : 132.09"
"16,70 : 216.02"
"16,71 : 144.0"
"16,72 : 201.1"
"16,73 : 366.38"
"16,74 : 82.76"
"16,75 : 220.98"
"16,76 : 281.38"
"16,77 : 409.54"
"16,78 : 198.65"
"16,79 : 251.7"
"16,80 : 204.64"
"16,81 : 248.87"
"16,82 : 536.84"
"16,83 : 347.93"
"16,84 : 676.15"
"16,85 : 539.17"
"16,86 : 131.03"
"16,87 : 619.54"
"16,88 : 329.82"
"16,89 : 498.12"
"16,90 : 709.47"
"16,91 : 487.63"
"16,92 : 247.89"
"16,93 : 538.81"
"16,94 : 430.76"
"16,95 : 356.0"
"16,96 : 326.17"
"16,97 : 372.03"
"16,98 : 522.56"
"16,99 : 465.72"
"17,0 : 1125.05"
"17,1 : 292.64"
"17,2 : 194.76"
"17,3 : 985.21"
"17,4 : 169.92"
"17,5 : 529.62"
"17,6 : 868.96"
"17,7 : 213.68"
"17,8 : 529.29"
"17,9 : 404.72"
"17,10 : 281.94"
"17,11 : 685.26"
"17,12 : 670.21"
"17,13 : 389.51"
"17,14 : 851.2"
"17,15 : 740.31"
"17,16 : 615.87"
"17,17 : 0.0"
"17,18 : 285.55"
"17,19 : 756.97"
"17,20 : 730.53"
"17,21 : 834.97"
"17,22 : 266.09"
"17,23 : 739.02"
"17,24 : 306.74"
"17,25 : 423.47"
"17,26 : 721.47"
"17,27 : 629.16"
"17,28 : 350.89"
"17,29 : 587.19"
"17,30 : 300.36"
"17,31 : 779.5"
"17,32 : 691.12"
"17,33 : 279.64"
"17,34 : 1033.9"
"17,35 : 811.9"
"17,36 : 381.26"
"17,37 : 501.88"
"17,38 : 625.05"
"17,39 : 542.65"
"17,40 : 844.13"
"17,41 : 1006.68"
"17,42 : 514.84"
"17,43 : 657.9"
"17,44 : 170.23"
"17,45 : 141.42"
"17,46 : 403.12"
"17,47 : 643.44"
"17,48 : 778.54"
"17,49 : 392.76"
"17,50 : 59.41"
"17,51 : 224.29"
"17,52 : 647.28"
"17,53 : 757.63"
"17,54 : 352.42"
"17,55 : 175.0"
"17,56 : 804.45"
"17,57 : 116.9"
"17,58 : 911.11"
"17,59 : 103.37"
"17,60 : 1067.45"
"17,61 : 762.45"
"17,62 : 768.05"
"17,63 : 687.48"
"17,64 : 261.6"
"17,65 : 485.64"
"17,66 : 181.23"
"17,67 : 450.43"
"17,68 : 586.54"
"17,69 : 691.86"
"17,70 : 419.31"
"17,71 : 472.9"
"17,72 : 783.51"
"17,73 : 834.72"
"17,74 : 687.06"
"17,75 : 709.02"
"17,76 : 464.49"
"17,77 : 207.95"
"17,78 : 799.92"
"17,79 : 395.41"
"17,80 : 612.22"
"17,81 : 379.02"
"17,82 : 427.07"
"17,83 : 963.52"
"17,84 : 148.39"
"17,85 : 78.0"
"17,86 : 497.12"
"17,87 : 747.41"
"17,88 : 618.5"
"17,89 : 241.92"
"17,90 : 145.17"
"17,91 : 1041.27"
"17,92 : 412.32"
"17,93 : 799.01"
"17,94 : 409.7"
"17,95 : 520.65"
"17,96 : 940.18"
"17,97 : 419.87"
"17,98 : 291.19"
"17,99 : 162.27"
"18,0 : 1009.24"
"18,1 : 67.47"
"18,2 : 466.69"
"18,3 : 935.95"
"18,4 : 440.15"
"18,5 : 322.82"
"18,6 : 720.57"
"18,7 : 376.2"
"18,8 : 264.86"
"18,9 : 237.7"
"18,10 : 290.74"
"18,11 : 406.69"
"18,12 : 586.14"
"18,13 : 114.79"
"18,14 : 771.7"
"18,15 : 469.77"
"18,16 : 578.17"
"18,17 : 285.55"
"18,18 : 0.0"
"18,19 : 489.7"
"18,20 : 881.25"
"18,21 : 706.82"
"18,22 : 464.23"
"18,23 : 758.4"
"18,24 : 179.0"
"18,25 : 565.19"
"18,26 : 707.68"
"18,27 : 509.56"
"18,28 : 479.44"
"18,29 : 582.31"
"18,30 : 108.19"
"18,31 : 889.99"
"18,32 : 413.24"
"18,33 : 101.08"
"18,34 : 882.79"
"18,35 : 652.85"
"18,36 : 511.59"
"18,37 : 397.52"
"18,38 : 348.32"
"18,39 : 579.77"
"18,40 : 947.11"
"18,41 : 900.63"
"18,42 : 299.83"
"18,43 : 390.66"
"18,44 : 447.59"
"18,45 : 421.54"
"18,46 : 521.79"
"18,47 : 572.71"
"18,48 : 906.31"
"18,49 : 313.46"
"18,50 : 258.69"
"18,51 : 165.03"
"18,52 : 749.89"
"18,53 : 682.18"
"18,54 : 418.39"
"18,55 : 262.76"
"18,56 : 530.53"
"18,57 : 396.55"
"18,58 : 781.7"
"18,59 : 356.13"
"18,60 : 965.24"
"18,61 : 681.88"
"18,62 : 659.46"
"18,63 : 599.22"
"18,64 : 293.48"
"18,65 : 483.1"
"18,66 : 209.6"
"18,67 : 204.25"
"18,68 : 394.1"
"18,69 : 599.3"
"18,70 : 460.19"
"18,71 : 447.22"
"18,72 : 776.54"
"18,73 : 894.19"
"18,74 : 623.66"
"18,75 : 747.32"
"18,76 : 322.8"
"18,77 : 305.83"
"18,78 : 715.99"
"18,79 : 328.07"
"18,80 : 666.86"
"18,81 : 341.23"
"18,82 : 154.64"
"18,83 : 895.88"
"18,84 : 193.88"
"18,85 : 280.86"
"18,86 : 447.81"
"18,87 : 479.25"
"18,88 : 430.6"
"18,89 : 455.87"
"18,90 : 427.82"
"18,91 : 893.29"
"18,92 : 330.28"
"18,93 : 940.94"
"18,94 : 584.25"
"18,95 : 652.24"
"18,96 : 891.83"
"18,97 : 236.65"
"18,98 : 515.54"
"18,99 : 323.8"
"19,0 : 768.0"
"19,1 : 523.32"
"19,2 : 906.73"
"19,3 : 834.22"
"19,4 : 881.25"
"19,5 : 281.97"
"19,6 : 485.31"
"19,7 : 751.32"
"19,8 : 227.98"
"19,9 : 396.06"
"19,10 : 593.28"
"19,11 : 110.26"
"19,12 : 544.51"
"19,13 : 375.23"
"19,14 : 659.04"
"19,15 : 27.46"
"19,16 : 620.47"
"19,17 : 756.97"
"19,18 : 489.7"
"19,19 : 0.0"
"19,20 : 1108.78"
"19,21 : 520.74"
"19,22 : 837.31"
"19,23 : 819.97"
"19,24 : 476.3"
"19,25 : 851.95"
"19,26 : 733.01"
"19,27 : 448.69"
"19,28 : 782.0"
"19,29 : 673.59"
"19,30 : 458.28"
"19,31 : 1057.58"
"19,32 : 101.83"
"19,33 : 478.51"
"19,34 : 595.41"
"19,35 : 421.32"
"19,36 : 803.86"
"19,37 : 457.46"
"19,38 : 149.22"
"19,39 : 732.26"
"19,40 : 1093.2"
"19,41 : 700.47"
"19,42 : 279.24"
"19,43 : 99.46"
"19,44 : 926.41"
"19,45 : 898.22"
"19,46 : 797.75"
"19,47 : 562.39"
"19,48 : 1096.4"
"19,49 : 494.92"
"19,50 : 713.4"
"19,51 : 549.52"
"19,52 : 936.28"
"19,53 : 610.46"
"19,54 : 685.85"
"19,55 : 653.09"
"19,56 : 64.03"
"19,57 : 873.44"
"19,58 : 566.52"
"19,59 : 797.46"
"19,60 : 758.52"
"19,61 : 600.77"
"19,62 : 533.89"
"19,63 : 542.78"
"19,64 : 614.86"
"19,65 : 630.5"
"19,66 : 608.25"
"19,67 : 308.03"
"19,68 : 285.8"
"19,69 : 534.76"
"19,70 : 676.07"
"19,71 : 585.76"
"19,72 : 790.21"
"19,73 : 983.71"
"19,74 : 599.95"
"19,75 : 841.41"
"19,76 : 402.05"
"19,77 : 671.63"
"19,78 : 614.83"
"19,79 : 510.01"
"19,80 : 810.45"
"19,81 : 547.81"
"19,82 : 335.49"
"19,83 : 770.0"
"19,84 : 683.4"
"19,85 : 724.02"
"19,86 : 552.07"
"19,87 : 11.4"
"19,88 : 290.69"
"19,89 : 844.87"
"19,90 : 902.04"
"19,91 : 610.18"
"19,92 : 490.37"
"19,93 : 1146.33"
"19,94 : 902.11"
"19,95 : 902.0"
"19,96 : 802.1"
"19,97 : 373.05"
"19,98 : 900.59"
"19,99 : 722.75"
"20,0 : 906.84"
"20,1 : 933.36"
"20,2 : 593.03"
"20,3 : 646.56"
"20,4 : 602.3"
"20,5 : 834.42"
"20,6 : 838.42"
"20,7 : 528.44"
"20,8 : 956.02"
"20,9 : 754.94"
"20,10 : 595.5"
"20,11 : 1108.66"
"20,12 : 616.77"
"20,13 : 909.31"
"20,14 : 657.99"
"20,15 : 1110.42"
"20,16 : 513.85"
"20,17 : 730.53"
"20,18 : 881.25"
"20,19 : 1108.78"
"20,20 : 0.0"
"20,21 : 771.33"
"20,22 : 464.66"
"20,23 : 379.3"
"20,24 : 730.15"
"20,25 : 318.55"
"20,26 : 460.61"
"20,27 : 686.07"
"20,28 : 403.55"
"20,29 : 448.26"
"20,30 : 797.94"
"20,31 : 132.88"
"20,32 : 1109.21"
"20,33 : 792.14"
"20,34 : 941.61"
"20,35 : 836.85"
"20,36 : 370.82"
"20,37 : 651.42"
"20,38 : 1056.92"
"20,39 : 377.58"
"20,40 : 182.44"
"20,41 : 805.26"
"20,42 : 845.33"
"20,43 : 1041.71"
"20,44 : 749.32"
"20,45 : 736.02"
"20,46 : 359.47"
"20,47 : 584.78"
"20,48 : 84.17"
"20,49 : 637.22"
"20,50 : 698.23"
"20,51 : 716.33"
"20,52 : 177.92"
"20,53 : 615.65"
"20,54 : 467.95"
"20,55 : 627.91"
"20,56 : 1172.74"
"20,57 : 737.61"
"20,58 : 812.0"
"20,59 : 630.31"
"20,60 : 832.77"
"20,61 : 629.16"
"20,62 : 697.32"
"20,63 : 628.98"
"20,64 : 588.76"
"20,65 : 478.62"
"20,66 : 676.29"
"20,67 : 880.73"
"20,68 : 823.58"
"20,69 : 639.41"
"20,70 : 447.21"
"20,71 : 523.97"
"20,72 : 454.02"
"20,73 : 293.03"
"20,74 : 573.08"
"20,75 : 329.46"
"20,76 : 715.14"
"20,77 : 580.99"
"20,78 : 649.27"
"20,79 : 619.48"
"20,80 : 309.23"
"20,81 : 586.04"
"20,82 : 922.69"
"20,83 : 681.7"
"20,84 : 864.0"
"20,85 : 667.35"
"20,86 : 556.71"
"20,87 : 1105.64"
"20,88 : 824.58"
"20,89 : 491.02"
"20,90 : 723.0"
"20,91 : 937.85"
"20,92 : 634.32"
"20,93 : 71.34"
"20,94 : 320.85"
"20,95 : 229.3"
"20,96 : 620.12"
"20,97 : 777.34"
"20,98 : 453.44"
"20,99 : 586.93"
"21,0 : 302.41"
"21,1 : 771.89"
"21,2 : 883.29"
"21,3 : 315.27"
"21,4 : 866.46"
"21,5 : 401.81"
"21,6 : 67.68"
"21,7 : 692.86"
"21,8 : 537.6"
"21,9 : 470.94"
"21,10 : 556.62"
"21,11 : 591.52"
"21,12 : 185.63"
"21,13 : 628.87"
"21,14 : 150.15"
"21,15 : 539.17"
"21,16 : 286.06"
"21,17 : 834.97"
"21,18 : 706.82"
"21,19 : 520.74"
"21,20 : 771.33"
"21,21 : 0.0"
"21,22 : 740.55"
"21,23 : 400.72"
"21,24 : 554.6"
"21,25 : 648.42"
"21,26 : 312.23"
"21,27 : 206.65"
"21,28 : 626.17"
"21,29 : 353.5"
"21,30 : 605.92"
"21,31 : 673.89"
"21,32 : 586.35"
"21,33 : 621.63"
"21,34 : 205.28"
"21,35 : 101.52"
"21,36 : 626.56"
"21,37 : 333.78"
"21,38 : 576.15"
"21,39 : 441.32"
"21,40 : 685.06"
"21,41 : 198.64"
"21,42 : 427.77"
"21,43 : 519.87"
"21,44 : 983.89"
"21,45 : 954.59"
"21,46 : 605.21"
"21,47 : 221.45"
"21,48 : 725.85"
"21,49 : 442.66"
"21,50 : 775.67"
"21,51 : 627.04"
"21,52 : 598.24"
"21,53 : 155.76"
"21,54 : 545.21"
"21,55 : 663.5"
"21,56 : 574.06"
"21,57 : 935.65"
"21,58 : 76.58"
"21,59 : 808.52"
"21,60 : 263.21"
"21,61 : 142.2"
"21,62 : 80.41"
"21,63 : 167.63"
"21,64 : 579.74"
"21,65 : 403.21"
"21,66 : 655.49"
"21,67 : 531.58"
"21,68 : 330.82"
"21,69 : 159.09"
"21,70 : 487.45"
"21,71 : 388.65"
"21,72 : 338.99"
"21,73 : 548.88"
"21,74 : 207.41"
"21,75 : 444.67"
"21,76 : 388.85"
"21,77 : 644.43"
"21,78 : 127.91"
"21,79 : 439.59"
"21,80 : 472.83"
"21,81 : 459.32"
"21,82 : 604.98"
"21,83 : 249.51"
"21,84 : 855.81"
"21,85 : 764.68"
"21,86 : 352.64"
"21,87 : 525.12"
"21,88 : 296.92"
"21,89 : 765.65"
"21,90 : 950.62"
"21,91 : 209.91"
"21,92 : 422.89"
"21,93 : 781.32"
"21,94 : 715.75"
"21,95 : 639.8"
"21,96 : 287.28"
"21,97 : 470.18"
"21,98 : 797.62"
"21,99 : 706.2"
"22,0 : 998.0"
"22,1 : 502.09"
"22,2 : 163.08"
"22,3 : 810.44"
"22,4 : 158.9"
"22,5 : 563.15"
"22,6 : 790.91"
"22,7 : 90.55"
"22,8 : 629.45"
"22,9 : 441.35"
"22,10 : 244.63"
"22,11 : 796.12"
"22,12 : 556.34"
"22,13 : 529.47"
"22,14 : 711.03"
"22,15 : 828.39"
"22,16 : 470.11"
"22,17 : 266.09"
"22,18 : 464.23"
"22,19 : 837.31"
"22,20 : 464.66"
"22,21 : 740.55"
"22,22 : 0.0"
"22,23 : 531.4"
"22,24 : 368.05"
"22,25 : 169.05"
"22,26 : 540.41"
"22,27 : 555.64"
"22,28 : 125.21"
"22,29 : 418.3"
"22,30 : 413.17"
"22,31 : 521.05"
"22,32 : 799.68"
"22,33 : 399.21"
"22,34 : 945.7"
"22,35 : 750.37"
"22,36 : 143.21"
"22,37 : 445.53"
"22,38 : 736.13"
"22,39 : 346.77"
"22,40 : 586.81"
"22,41 : 877.73"
"22,42 : 560.18"
"22,43 : 746.84"
"22,44 : 310.64"
"22,45 : 289.97"
"22,46 : 169.5"
"22,47 : 522.06"
"22,48 : 515.51"
"22,49 : 358.01"
"22,50 : 238.87"
"22,51 : 314.61"
"22,52 : 396.16"
"22,53 : 623.77"
"22,54 : 195.72"
"22,55 : 204.25"
"22,56 : 895.57"
"22,57 : 285.16"
"22,58 : 810.81"
"22,59 : 165.98"
"22,60 : 931.41"
"22,61 : 632.52"
"22,62 : 662.78"
"22,63 : 574.67"
"22,64 : 222.46"
"22,65 : 339.37"
"22,66 : 258.21"
"22,67 : 543.57"
"22,68 : 593.12"
"22,69 : 582.29"
"22,70 : 255.03"
"22,71 : 352.64"
"22,72 : 591.12"
"22,73 : 596.41"
"22,74 : 552.06"
"22,75 : 490.93"
"22,76 : 455.19"
"22,77 : 170.43"
"22,78 : 668.71"
"22,79 : 348.24"
"22,80 : 392.39"
"22,81 : 313.0"
"22,82 : 556.27"
"22,83 : 804.67"
"22,84 : 404.31"
"22,85 : 207.97"
"22,86 : 390.96"
"22,87 : 830.2"
"22,88 : 614.26"
"22,89 : 32.2"
"22,90 : 278.95"
"22,91 : 949.47"
"22,92 : 370.26"
"22,93 : 533.59"
"22,94 : 143.85"
"22,95 : 263.34"
"22,96 : 767.48"
"22,97 : 464.26"
"22,98 : 64.12"
"22,99 : 140.73"
"23,0 : 536.99"
"23,1 : 823.62"
"23,2 : 694.48"
"23,3 : 296.38"
"23,4 : 688.6"
"23,5 : 580.94"
"23,6 : 468.39"
"23,7 : 534.07"
"23,8 : 726.18"
"23,9 : 553.95"
"23,10 : 487.0"
"23,11 : 849.59"
"23,12 : 278.69"
"23,13 : 737.47"
"23,14 : 278.79"
"23,15 : 828.66"
"23,16 : 204.88"
"23,17 : 739.02"
"23,18 : 758.4"
"23,19 : 819.97"
"23,20 : 379.3"
"23,21 : 400.72"
"23,22 : 531.4"
"23,23 : 0.0"
"23,24 : 579.91"
"23,25 : 376.56"
"23,26 : 91.81"
"23,27 : 371.31"
"23,28 : 408.51"
"23,29 : 177.07"
"23,30 : 652.95"
"23,31 : 273.36"
"23,32 : 847.73"
"23,33 : 657.34"
"23,34 : 562.42"
"23,35 : 478.65"
"23,36 : 388.33"
"23,37 : 399.26"
"23,38 : 809.67"
"23,39 : 196.39"
"23,40 : 287.14"
"23,41 : 429.21"
"23,42 : 600.32"
"23,43 : 775.81"
"23,44 : 836.4"
"23,45 : 812.23"
"23,46 : 361.96"
"23,47 : 257.61"
"23,48 : 326.27"
"23,49 : 448.45"
"23,50 : 685.72"
"23,51 : 610.69"
"23,52 : 221.68"
"23,53 : 246.73"
"23,54 : 386.87"
"23,55 : 575.64"
"23,56 : 882.71"
"23,57 : 801.93"
"23,58 : 434.52"
"23,59 : 667.22"
"23,60 : 463.09"
"23,61 : 260.25"
"23,62 : 333.62"
"23,63 : 284.63"
"23,64 : 497.16"
"23,65 : 276.0"
"23,66 : 601.33"
"23,67 : 672.3"
"23,68 : 543.07"
"23,69 : 294.24"
"23,70 : 321.86"
"23,71 : 311.65"
"23,72 : 77.37"
"23,73 : 163.78"
"23,74 : 224.85"
"23,75 : 53.45"
"23,76 : 482.31"
"23,77 : 533.95"
"23,78 : 274.45"
"23,79 : 432.26"
"23,80 : 140.93"
"23,81 : 417.35"
"23,82 : 734.8"
"23,83 : 314.35"
"23,84 : 826.77"
"23,85 : 661.25"
"23,86 : 318.48"
"23,87 : 819.76"
"23,88 : 530.6"
"23,89 : 563.31"
"23,90 : 803.06"
"23,91 : 558.56"
"23,92 : 434.52"
"23,93 : 381.81"
"23,94 : 437.18"
"23,95 : 316.8"
"23,96 : 259.83"
"23,97 : 570.05"
