x,y
761,549
955,162
61,848
219,348
71,445
239,183
957,695
382,69
625,232
34,812
358,301
676,955
417,840
937,123
559,581
212,760
609,654
907,5
754,412
497,943
957,400
584,413
138,14
518,995
93,237
753,685
131,468
81,627
823,785
903,736
830,118
729,157
106,838
751,762
515,285
574,279
316,455
34,906
250,981
713,756
863,350
415,675
268,443
740,126
673,96
61,416
546,595
499,340
845,332
939,951
275,868
145,684
623,289
729,21
968,215
586,797
208,292
132,567
731,585
758,712
662,12
873,978
590,757
768,305
506,542
152,28
933,421
637,107
524,203
508,938
98,368
617,470
363,822
179,184
44,290
112,353
678,867
666,571
467,321
804,489
925,845
971,832
148,321
429,892
755,199
862,964
967,944
271,857
184,451
664,484
454,995
963,833
762,415
944,641
718,257
588,674
128,862
331,745
370,409
441,232

Distanze
"0,0 : 0.0"
"0,1 : 558.63"
"0,2 : 605.58"
"0,3 : 636.04"
"0,4 : 968.47"
"0,5 : 858.01"
"0,6 : 211.05"
"0,7 : 473.42"
"0,8 : 426.66"
"0,9 : 210.69"
"0,10 : 794.64"
"0,11 : 643.75"
"0,12 : 363.0"
"0,13 : 412.05"
"0,14 : 128.02"
"0,15 : 254.95"
"0,16 : 1024.12"
"0,17 : 992.99"
"0,18 : 888.51"
"0,19 : 491.41"
"0,20 : 657.29"
"0,21 : 654.68"
"0,22 : 383.89"
"0,23 : 394.17"
"0,24 : 1000.89"
"0,25 : 616.23"
"0,26 : 564.99"
"0,27 : 1013.09"
"0,28 : 711.88"
"0,29 : 133.45"
"0,30 : 756.7"
"0,31 : 914.57"
"0,32 : 709.02"
"0,33 : 699.22"
"0,34 : 639.19"
"0,35 : 920.1"
"0,36 : 161.25"
"0,37 : 634.04"
"0,38 : 198.4"
"0,39 : 694.06"
"0,40 : 372.15"
"0,41 : 494.04"
"0,42 : 877.11"
"0,43 : 667.63"
"0,44 : 619.92"
"0,45 : 214.19"
"0,46 : 471.04"
"0,47 : 729.6"
"0,48 : 511.74"
"0,49 : 156.08"
"0,50 : 798.82"
"0,51 : 249.9"
"0,52 : 753.59"
"0,53 : 112.2"
"0,54 : 548.32"
"0,55 : 607.88"
"0,56 : 708.47"
"0,57 : 464.61"
"0,58 : 976.82"
"0,59 : 329.61"
"0,60 : 289.56"
"0,61 : 772.13"
"0,62 : 924.1"
"0,63 : 955.62"
"0,64 : 677.79"
"0,65 : 737.96"
"0,66 : 310.79"
"0,67 : 472.63"
"0,68 : 549.6"
"0,69 : 590.59"
"0,70 : 918.13"
"0,71 : 98.08"
"0,72 : 745.32"
"0,73 : 266.66"
"0,74 : 625.14"
"0,75 : 599.43"
"0,76 : 1035.3"
"0,77 : 987.57"
"0,78 : 566.08"
"0,79 : 1000.96"
"0,80 : 561.7"
"0,81 : 637.13"
"0,82 : 645.85"
"0,83 : 546.23"
"0,84 : 582.36"
"0,85 : 331.49"
"0,86 : 798.22"
"0,87 : 781.54"
"0,88 : 817.13"
"0,89 : 232.47"
"0,90 : 837.0"
"0,91 : 515.38"
"0,92 : 155.71"
"0,93 : 365.07"
"0,94 : 728.64"
"0,95 : 631.0"
"0,96 : 522.85"
"0,97 : 479.98"
"0,98 : 464.54"
"0,99 : 495.73"
"1,0 : 558.63"
"1,1 : 0.0"
"1,2 : 568.34"
"1,3 : 516.08"
"1,4 : 523.47"
"1,5 : 312.46"
"1,6 : 699.58"
"1,7 : 91.07"
"1,8 : 146.71"
"1,9 : 701.91"
"1,10 : 490.8"
"1,11 : 535.18"
"1,12 : 363.85"
"1,13 : 493.47"
"1,14 : 484.6"
"1,15 : 319.41"
"1,16 : 497.36"
"1,17 : 526.67"
"1,18 : 333.54"
"1,19 : 335.79"
"1,20 : 188.72"
"1,21 : 97.25"
"1,22 : 390.68"
"1,23 : 630.55"
"1,24 : 770.28"
"1,25 : 596.65"
"1,26 : 97.45"
"1,27 : 833.38"
"1,28 : 554.81"
"1,29 : 473.21"
"1,30 : 390.47"
"1,31 : 378.13"
"1,32 : 229.61"
"1,33 : 396.34"
"1,34 : 508.82"
"1,35 : 385.02"
"1,36 : 624.14"
"1,37 : 129.88"
"1,38 : 367.78"
"1,39 : 439.61"
"1,40 : 284.52"
"1,41 : 443.07"
"1,42 : 397.55"
"1,43 : 546.47"
"1,44 : 558.55"
"1,45 : 387.66"
"1,46 : 93.98"
"1,47 : 322.94"
"1,48 : 473.51"
"1,49 : 402.55"
"1,50 : 240.21"
"1,51 : 374.73"
"1,52 : 307.33"
"1,53 : 543.8"
"1,54 : 298.62"
"1,55 : 252.96"
"1,56 : 152.43"
"1,57 : 147.41"
"1,58 : 737.2"
"1,59 : 273.74"
"1,60 : 415.93"
"1,61 : 272.77"
"1,62 : 385.16"
"1,63 : 399.53"
"1,64 : 123.71"
"1,65 : 205.18"
"1,66 : 254.8"
"1,67 : 189.45"
"1,68 : 633.9"
"1,69 : 121.26"
"1,70 : 512.71"
"1,71 : 511.2"
"1,72 : 678.59"
"1,73 : 603.52"
"1,74 : 595.61"
"1,75 : 43.05"
"1,76 : 537.24"
"1,77 : 534.44"
"1,78 : 417.14"
"1,79 : 450.44"
"1,80 : 331.02"
"1,81 : 128.0"
"1,82 : 448.69"
"1,83 : 279.87"
"1,84 : 293.34"
"1,85 : 272.88"
"1,86 : 432.39"
"1,87 : 240.11"
"1,88 : 608.14"
"1,89 : 704.48"
"1,90 : 412.06"
"1,91 : 629.1"
"1,92 : 406.87"
"1,93 : 303.42"
"1,94 : 299.21"
"1,95 : 412.42"
"1,96 : 214.46"
"1,97 : 246.94"
"1,98 : 167.07"
"1,99 : 313.81"
"2,0 : 605.58"
"2,1 : 568.34"
"2,2 : 0.0"
"2,3 : 87.66"
"2,4 : 563.5"
"2,5 : 668.59"
"2,6 : 554.36"
"2,7 : 509.39"
"2,8 : 470.94"
"2,9 : 558.36"
"2,10 : 311.84"
"2,11 : 75.66"
"2,12 : 285.35"
"2,13 : 193.58"
"2,14 : 655.33"
"2,15 : 585.87"
"2,16 : 733.55"
"2,17 : 608.33"
"2,18 : 726.42"
"2,19 : 811.63"
"2,20 : 465.52"
"2,21 : 601.31"
"2,22 : 784.57"
"2,23 : 285.22"
"2,24 : 411.39"
"2,25 : 29.02"
"2,26 : 480.75"
"2,27 : 409.5"
"2,28 : 142.24"
"2,29 : 476.87"
"2,30 : 954.81"
"2,31 : 893.06"
"2,32 : 485.37"
"2,33 : 284.06"
"2,34 : 98.74"
"2,35 : 901.04"
"2,36 : 512.72"
"2,37 : 697.78"
"2,38 : 572.83"
"2,39 : 231.87"
"2,40 : 344.86"
"2,41 : 889.73"
"2,42 : 554.1"
"2,43 : 93.19"
"2,44 : 25.61"
"2,45 : 635.52"
"2,46 : 566.99"
"2,47 : 890.05"
"2,48 : 110.39"
"2,49 : 540.94"
"2,50 : 702.08"
"2,51 : 660.34"
"2,52 : 455.41"
"2,53 : 500.35"
"2,54 : 274.99"
"2,55 : 802.94"
"2,56 : 671.1"
"2,57 : 632.48"
"2,58 : 393.58"
"2,59 : 401.78"
"2,60 : 734.64"
"2,61 : 532.63"
"2,62 : 692.87"
"2,63 : 856.17"
"2,64 : 657.88"
"2,65 : 573.84"
"2,66 : 471.21"
"2,67 : 384.13"
"2,68 : 128.43"
"2,69 : 473.21"
"2,70 : 484.07"
"2,71 : 507.55"
"2,72 : 142.69"
"2,73 : 391.01"
"2,74 : 27.73"
"2,75 : 599.18"
"2,76 : 686.53"
"2,77 : 586.93"
"2,78 : 155.32"
"2,79 : 786.23"
"2,80 : 245.52"
"2,81 : 695.37"
"2,82 : 967.77"
"2,83 : 798.33"
"2,84 : 294.01"
"2,85 : 400.47"
"2,86 : 377.51"
"2,87 : 613.06"
"2,88 : 245.73"
"2,89 : 536.42"
"2,90 : 461.85"
"2,91 : 157.78"
"2,92 : 569.43"
"2,93 : 697.56"
"2,94 : 428.84"
"2,95 : 198.08"
"2,96 : 734.35"
"2,97 : 323.89"
"2,98 : 411.13"
"2,99 : 255.52"
"3,0 : 636.04"
"3,1 : 516.08"
"3,2 : 87.66"
"3,3 : 0.0"
"3,4 : 476.29"
"3,5 : 588.22"
"3,6 : 610.97"
"3,7 : 467.69"
"3,8 : 436.62"
"3,9 : 614.92"
"3,10 : 225.97"
"3,11 : 19.42"
"3,12 : 287.76"
"3,13 : 235.48"
"3,14 : 669.81"
"3,15 : 579.97"
"3,16 : 646.67"
"3,17 : 520.84"
"3,18 : 646.87"
"3,19 : 785.07"
"3,20 : 394.0"
"3,21 : 538.0"
"3,22 : 771.08"
"3,23 : 355.71"
"3,24 : 365.02"
"3,25 : 112.26"
"3,26 : 423.43"
"3,27 : 382.63"
"3,28 : 76.24"
"3,29 : 503.5"
"3,30 : 906.2"
"3,31 : 821.97"
"3,32 : 408.59"
"3,33 : 198.16"
"3,34 : 11.18"
"3,35 : 830.01"
"3,36 : 561.8"
"3,37 : 643.42"
"3,38 : 575.5"
"3,39 : 144.53"
"3,40 : 329.61"
"3,41 : 870.46"
"3,42 : 467.53"
"3,43 : 35.0"
"3,44 : 63.53"
"3,45 : 636.68"
"3,46 : 527.6"
"3,47 : 838.98"
"3,48 : 125.32"
"3,49 : 551.36"
"3,50 : 629.1"
"3,51 : 657.38"
"3,52 : 372.54"
"3,53 : 537.43"
"3,54 : 217.46"
"3,55 : 759.86"
"3,56 : 605.82"
"3,57 : 597.06"
"3,58 : 342.07"
"3,59 : 390.03"
"3,60 : 730.82"
"3,61 : 452.1"
"3,62 : 609.09"
"3,63 : 778.97"
"3,64 : 595.37"
"3,65 : 499.05"
"3,66 : 458.09"
"3,67 : 341.76"
"3,68 : 214.31"
"3,69 : 411.62"
"3,70 : 397.42"
"3,71 : 538.57"
"3,72 : 162.79"
"3,73 : 447.33"
"3,74 : 104.18"
"3,75 : 542.97"
"3,76 : 598.87"
"3,77 : 499.71"
"3,78 : 102.42"
"3,79 : 702.14"
"3,80 : 185.16"
"3,81 : 640.46"
"3,82 : 934.99"
"3,83 : 763.06"
"3,84 : 228.01"
"3,85 : 388.42"
"3,86 : 289.86"
"3,87 : 536.21"
"3,88 : 184.02"
"3,89 : 595.44"
"3,90 : 374.46"
"3,91 : 240.21"
"3,92 : 578.66"
"3,93 : 680.09"
"3,94 : 346.93"
"3,95 : 118.15"
"3,96 : 697.27"
"3,97 : 282.08"
"3,98 : 370.01"
"3,99 : 215.23"
"4,0 : 968.47"
"4,1 : 523.47"
"4,2 : 563.5"
"4,3 : 476.29"
"4,4 : 0.0"
"4,5 : 308.33"
"4,6 : 1021.91"
"4,7 : 558.43"
"4,8 : 578.12"
"4,9 : 1025.5"
"4,10 : 253.81"
"4,11 : 488.23"
"4,12 : 623.08"
"4,13 : 663.46"
"4,14 : 942.8"
"4,15 : 792.65"
"4,16 : 220.2"
"4,17 : 49.48"
"4,18 : 356.26"
"4,19 : 857.41"
"4,20 : 342.69"
"4,21 : 457.56"
"4,22 : 910.98"
"4,23 : 811.54"
"4,24 : 415.78"
"4,25 : 585.36"
"4,26 : 450.96"
"4,27 : 510.49"
"4,28 : 435.19"
"4,29 : 843.52"
"4,30 : 825.8"
"4,31 : 581.42"
"4,32 : 295.1"
"4,33 : 298.06"
"4,34 : 465.47"
"4,35 : 588.4"
"4,36 : 956.66"
"4,37 : 586.12"
"4,38 : 822.2"
"4,39 : 336.69"
"4,40 : 596.58"
"4,41 : 965.73"
"4,42 : 132.97"
"4,43 : 475.0"
"4,44 : 538.4"
"4,45 : 864.93"
"4,46 : 604.01"
"4,47 : 754.12"
"4,48 : 560.66"
"4,49 : 830.88"
"4,50 : 421.75"
"4,51 : 865.0"
"4,52 : 225.02"
"4,53 : 902.2"
"4,54 : 426.36"
"4,55 : 743.77"
"4,56 : 479.27"
"4,57 : 669.54"
"4,58 : 387.01"
"4,59 : 641.11"
"4,60 : 921.25"
"4,61 : 254.34"
"4,62 : 265.0"
"4,63 : 483.65"
"4,64 : 495.51"
"4,65 : 336.51"
"4,66 : 678.38"
"4,67 : 502.05"
"4,68 : 690.45"
"4,69 : 419.82"
"4,70 : 82.76"
"4,71 : 885.83"
"4,72 : 559.56"
"4,73 : 869.98"
"4,74 : 575.45"
"4,75 : 512.02"
"4,76 : 136.69"
"4,77 : 23.43"
"4,78 : 464.01"
"4,79 : 327.61"
"4,80 : 422.18"
"4,81 : 580.26"
"4,82 : 947.57"
"4,83 : 792.42"
"4,84 : 389.86"
"4,85 : 639.15"
"4,86 : 191.31"
"4,87 : 328.18"
"4,88 : 378.65"
"4,89 : 1013.56"
"4,90 : 131.47"
"4,91 : 714.23"
"4,92 : 848.53"
"4,93 : 819.37"
"4,94 : 244.74"
"4,95 : 390.29"
"4,96 : 731.8"
"4,97 : 488.53"
"4,98 : 517.33"
"4,99 : 483.47"
"5,0 : 858.01"
"5,1 : 312.46"
"5,2 : 668.59"
"5,3 : 588.22"
"5,4 : 308.33"
"5,5 : 0.0"
"5,6 : 971.8"
"5,7 : 386.94"
"5,8 : 431.34"
"5,9 : 974.69"
"5,10 : 435.82"
"5,11 : 606.33"
"5,12 : 584.91"
"5,13 : 681.85"
"5,14 : 794.6"
"5,15 : 630.03"
"5,16 : 192.01"
"5,17 : 285.41"
"5,18 : 60.13"
"5,19 : 609.21"
"5,20 : 225.49"
"5,21 : 217.8"
"5,22 : 689.66"
"5,23 : 836.08"
"5,24 : 686.39"
"5,25 : 696.69"
"5,26 : 294.61"
"5,27 : 772.93"
"5,28 : 586.41"
"5,29 : 756.19"
"5,30 : 526.59"
"5,31 : 277.71"
"5,32 : 188.04"
"5,33 : 395.92"
"5,34 : 577.54"
"5,35 : 285.17"
"5,36 : 897.99"
"5,37 : 317.98"
"5,38 : 675.3"
"5,39 : 453.93"
"5,40 : 523.45"
"5,41 : 717.71"
"5,42 : 184.76"
"5,43 : 605.06"
"5,44 : 648.75"
"5,45 : 699.52"
"5,46 : 406.43"
"5,47 : 457.11"
"5,48 : 613.0"
"5,49 : 703.66"
"5,50 : 119.51"
"5,51 : 687.19"
"5,52 : 218.23"
"5,53 : 824.94"
"5,54 : 420.0"
"5,55 : 470.12"
"5,56 : 201.72"
"5,57 : 451.47"
"5,58 : 653.83"
"5,59 : 541.36"
"5,60 : 725.92"
"5,61 : 136.13"
"5,62 : 75.11"
"5,63 : 198.28"
"5,64 : 228.0"
"5,65 : 121.83"
"5,66 : 547.25"
"5,67 : 405.94"
"5,68 : 775.07"
"5,69 : 272.64"
"5,70 : 346.43"
"5,71 : 797.33"
"5,72 : 726.47"
"5,73 : 848.26"
"5,74 : 690.53"
"5,75 : 280.86"
"5,76 : 257.16"
"5,77 : 306.77"
"5,78 : 521.51"
"5,79 : 143.68"
"5,80 : 438.8"
"5,81 : 311.92"
"5,82 : 668.41"
"5,83 : 532.26"
"5,84 : 388.15"
"5,85 : 539.83"
"5,86 : 347.33"
"5,87 : 76.61"
"5,88 : 583.37"
"5,89 : 971.58"
"5,90 : 269.76"
"5,91 : 785.16"
"5,92 : 711.97"
"5,93 : 609.73"
"5,94 : 241.75"
"5,95 : 471.07"
"5,96 : 482.0"
"5,97 : 431.81"
"5,98 : 403.61"
"5,99 : 470.11"
"6,0 : 211.05"
"6,1 : 699.58"
"6,2 : 554.36"
"6,3 : 610.97"
"6,4 : 1021.91"
"6,5 : 971.8"
"6,6 : 0.0"
"6,7 : 608.84"
"6,8 : 554.65"
"6,9 : 4.0"
"6,10 : 810.0"
"6,11 : 612.37"
"6,12 : 401.85"
"6,13 : 376.95"
"6,14 : 338.53"
"6,15 : 437.25"
"6,16 : 1117.2"
"6,17 : 1054.53"
"6,18 : 1011.45"
"6,19 : 694.26"
"6,20 : 752.99"
"6,21 : 789.31"
"6,22 : 592.24"
"6,23 : 281.13"
"6,24 : 965.75"
"6,25 : 555.07"
"6,26 : 679.76"
"6,27 : 957.76"
"6,28 : 685.42"
"6,29 : 228.35"
"6,30 : 951.25"
"6,31 : 1073.16"
"6,32 : 801.17"
"6,33 : 729.63"
"6,34 : 617.48"
"6,35 : 1079.45"
"6,36 : 75.45"
"6,37 : 796.26"
"6,38 : 381.08"
"6,39 : 707.74"
"6,40 : 449.7"
"6,41 : 704.16"
"6,42 : 952.82"
"6,43 : 635.98"
"6,44 : 575.13"
"6,45 : 414.4"
"6,46 : 623.74"
"6,47 : 917.06"
"6,48 : 489.53"
"6,49 : 326.08"
"6,50 : 933.54"
"6,51 : 452.0"
"6,52 : 827.64"
"6,53 : 158.78"
"6,54 : 597.74"
"6,55 : 796.04"
"6,56 : 851.89"
"6,57 : 635.61"
"6,58 : 947.23"
"6,59 : 432.67"
"6,60 : 499.01"
"6,61 : 865.52"
"6,62 : 1029.91"
"6,63 : 1097.73"
"6,64 : 823.17"
"6,65 : 850.06"
"6,66 : 446.01"
"6,67 : 566.39"
"6,68 : 460.33"
"6,69 : 699.36"
"6,70 : 958.8"
"6,71 : 196.09"
"6,72 : 678.15"
"6,73 : 163.88"
"6,74 : 566.02"
"6,75 : 742.48"
"6,76 : 1110.57"
"6,77 : 1043.35"
"6,78 : 571.46"
"6,79 : 1115.01"
"6,80 : 599.72"
"6,81 : 798.31"
"6,82 : 852.97"
"6,83 : 741.23"
"6,84 : 635.06"
"6,85 : 434.01"
"6,86 : 836.29"
"6,87 : 895.95"
"6,88 : 793.71"
"6,89 : 26.87"
"6,90 : 893.3"
"6,91 : 422.28"
"6,92 : 339.84"
"6,93 : 562.69"
"6,94 : 799.72"
"6,95 : 645.14"
"6,96 : 709.0"
"6,97 : 551.04"
"6,98 : 568.51"
"6,99 : 539.84"
"7,0 : 473.42"
"7,1 : 91.07"
"7,2 : 509.39"
"7,3 : 467.69"
"7,4 : 558.43"
"7,5 : 386.94"
"7,6 : 608.84"
"7,7 : 0.0"
"7,8 : 56.08"
"7,9 : 611.21"
"7,10 : 482.26"
"7,11 : 486.03"
"7,12 : 280.58"
"7,13 : 414.1"
"7,14 : 408.72"
"7,15 : 245.78"
"7,16 : 563.2"
"7,17 : 569.06"
"7,18 : 415.12"
"7,19 : 331.81"
"7,20 : 216.08"
"7,21 : 182.46"
"7,22 : 357.56"
"7,23 : 545.35"
"7,24 : 755.8"
"7,25 : 536.68"
"7,26 : 108.02"
"7,27 : 810.32"
"7,28 : 516.16"
"7,29 : 383.1"
"7,30 : 446.97"
"7,31 : 468.72"
"7,32 : 266.15"
"7,33 : 380.82"
"7,34 : 461.87"
"7,35 : 475.51"
"7,36 : 533.41"
"7,37 : 207.51"
"7,38 : 288.53"
"7,39 : 414.67"
"7,40 : 199.81"
"7,41 : 431.27"
"7,42 : 441.71"
"7,43 : 500.38"
"7,44 : 502.81"
"7,45 : 317.25"
"7,46 : 60.88"
"7,47 : 385.41"
"7,48 : 407.75"
"7,49 : 317.87"
"7,50 : 327.4"
"7,51 : 310.85"
"7,52 : 334.06"
"7,53 : 453.64"
"7,54 : 255.2"
"7,55 : 293.64"
"7,56 : 243.07"
"7,57 : 133.87"
"7,58 : 723.67"
"7,59 : 183.31"
"7,60 : 363.09"
"7,61 : 321.45"
"7,62 : 456.2"
"7,63 : 489.36"
"7,64 : 214.76"
"7,65 : 270.19"
"7,66 : 165.46"
"7,67 : 126.18"
"7,68 : 562.26"
"7,69 : 139.0"
"7,70 : 534.52"
"7,71 : 421.72"
"7,72 : 629.98"
"7,73 : 513.31"
"7,74 : 537.08"
"7,75 : 134.11"
"7,76 : 591.52"
"7,77 : 572.42"
"7,78 : 365.67"
"7,79 : 528.73"
"7,80 : 287.68"
"7,81 : 207.33"
"7,82 : 469.9"
"7,83 : 297.06"
"7,84 : 261.14"
"7,85 : 182.54"
"7,86 : 438.25"
"7,87 : 311.28"
"7,88 : 583.1"
"7,89 : 613.5"
"7,90 : 436.32"
"7,91 : 554.04"
"7,92 : 325.1"
"7,93 : 263.4"
"7,94 : 318.51"
"7,95 : 376.11"
"7,96 : 230.41"
"7,97 : 186.5"
"7,98 : 98.41"
"7,99 : 254.92"
"8,0 : 426.66"
"8,1 : 146.71"
"8,2 : 470.94"
"8,3 : 436.62"
"8,4 : 578.12"
"8,5 : 431.34"
"8,6 : 554.65"
"8,7 : 56.08"
"8,8 : 0.0"
"8,9 : 557.11"
"8,10 : 476.62"
"8,11 : 454.22"
"8,12 : 228.02"
"8,13 : 363.24"
"8,14 : 371.97"
"8,15 : 214.93"
"8,16 : 601.15"
"8,17 : 593.04"
"8,18 : 463.39"
"8,19 : 350.02"
"8,20 : 241.42"
"8,21 : 234.83"
"8,22 : 356.5"
"8,23 : 490.93"
"8,24 : 743.42"
"8,25 : 497.35"
"8,26 : 139.85"
"8,27 : 792.27"
"8,28 : 490.81"
"8,29 : 330.35"
"8,30 : 492.47"
"8,31 : 524.69"
"8,32 : 293.41"
"8,33 : 373.01"
"8,34 : 431.82"
"8,35 : 531.51"
"8,36 : 479.32"
"8,37 : 262.07"
"8,38 : 250.28"
"8,39 : 399.94"
"8,40 : 147.03"
"8,41 : 442.2"
"8,42 : 468.37"
"8,43 : 470.4"
"8,44 : 466.51"
"8,45 : 287.37"
"8,46 : 99.04"
"8,47 : 433.78"
"8,48 : 365.85"
"8,49 : 272.88"
"8,50 : 379.53"
"8,51 : 287.17"
"8,52 : 353.32"
"8,53 : 400.64"
"8,54 : 233.32"
"8,55 : 334.96"
"8,56 : 297.9"
"8,57 : 161.62"
"8,58 : 712.12"
"8,59 : 127.24"
"8,60 : 347.22"
"8,61 : 353.16"
"8,62 : 498.01"
"8,63 : 543.07"
"8,64 : 270.15"
"8,65 : 311.59"
"8,66 : 115.94"
"8,67 : 100.21"
"8,68 : 515.45"
"8,69 : 167.93"
"8,70 : 546.64"
"8,71 : 369.87"
"8,72 : 597.18"
"8,73 : 457.23"
"8,74 : 498.66"
"8,75 : 189.71"
"8,76 : 622.37"
"8,77 : 593.76"
"8,78 : 334.25"
"8,79 : 574.42"
"8,80 : 264.34"
"8,81 : 262.21"
"8,82 : 498.7"
"8,83 : 327.74"
"8,84 : 246.97"
"8,85 : 126.46"
"8,86 : 442.39"
"8,87 : 354.89"
"8,88 : 565.63"
"8,89 : 558.72"
"8,90 : 451.54"
"8,91 : 505.21"
"8,92 : 283.39"
"8,93 : 261.19"
"8,94 : 334.07"
"8,95 : 354.8"
"8,96 : 263.41"
"8,97 : 155.67"
"8,98 : 73.06"
"8,99 : 221.4"
"9,0 : 210.69"
"9,1 : 701.91"
"9,2 : 558.36"
"9,3 : 614.92"
"9,4 : 1025.5"
"9,5 : 974.69"
"9,6 : 4.0"
"9,7 : 611.21"
"9,8 : 557.11"
"9,9 : 0.0"
"9,10 : 813.81"
"9,11 : 616.34"
"9,12 : 405.26"
"9,13 : 380.86"
"9,14 : 338.33"
"9,15 : 438.41"
"9,16 : 1120.4"
"9,17 : 1058.06"
"9,18 : 1014.21"
"9,19 : 694.8"
"9,20 : 756.06"
"9,21 : 791.8"
"9,22 : 592.37"
"9,23 : 285.07"
"9,24 : 969.74"
"9,25 : 559.07"
"9,26 : 682.52"
"9,27 : 961.75"
"9,28 : 689.39"
"9,29 : 230.34"
"9,30 : 952.26"
"9,31 : 1075.26"
"9,32 : 804.3"
"9,33 : 733.33"
"9,34 : 621.43"
"9,35 : 1081.54"
"9,36 : 77.8"
"9,37 : 798.2"
"9,38 : 382.14"
"9,39 : 711.54"
"9,40 : 452.75"
"9,41 : 704.09"
"9,42 : 956.18"
"9,43 : 639.95"
"9,44 : 579.12"
"9,45 : 414.93"
"9,46 : 625.8"
"9,47 : 918.33"
"9,48 : 493.45"
"9,49 : 327.3"
"9,50 : 936.08"
"9,51 : 452.48"
"9,52 : 830.98"
"9,53 : 160.56"
"9,54 : 601.23"
"9,55 : 797.26"
"9,56 : 854.25"
"9,57 : 637.26"
"9,58 : 951.22"
"9,59 : 435.35"
"9,60 : 499.0"
"9,61 : 868.66"
"9,62 : 1032.93"
"9,63 : 1100.18"
"9,64 : 825.48"
"9,65 : 852.94"
"9,66 : 448.2"
"9,67 : 569.36"
"9,68 : 464.29"
"9,69 : 702.22"
"9,70 : 962.48"
"9,71 : 197.62"
"9,72 : 682.14"
"9,73 : 167.86"
"9,74 : 570.02"
"9,75 : 744.8"
"9,76 : 1113.97"
"9,77 : 1046.93"
"9,78 : 575.26"
"9,79 : 1117.93"
"9,80 : 603.32"
"9,81 : 800.28"
"9,82 : 853.26"
"9,83 : 742.17"
"9,84 : 638.54"
"9,85 : 436.7"
"9,86 : 839.97"
"9,87 : 898.81"
"9,88 : 797.68"
"9,89 : 29.83"
"9,90 : 896.84"
"9,91 : 426.24"
"9,92 : 340.77"
"9,93 : 563.45"
"9,94 : 803.09"
"9,95 : 648.92"
"9,96 : 710.25"
"9,97 : 554.28"
"9,98 : 571.35"
"9,99 : 543.34"
"10,0 : 794.64"
"10,1 : 490.8"
"10,2 : 311.84"
"10,3 : 225.97"
"10,4 : 253.81"
"10,5 : 435.82"
"10,6 : 810.0"
"10,7 : 482.26"
"10,8 : 476.62"
"10,9 : 813.81"
"10,10 : 0.0"
"10,11 : 236.19"
"10,12 : 432.11"
"10,13 : 436.4"
"10,14 : 797.8"
"10,15 : 671.74"
"10,16 : 444.78"
"10,17 : 300.64"
"10,18 : 495.71"
"10,19 : 813.21"
"10,20 : 312.82"
"10,21 : 470.0"
"10,22 : 833.09"
"10,23 : 574.56"
"10,24 : 280.14"
"10,25 : 332.45"
"10,26 : 395.0"
"10,27 : 351.41"
"10,28 : 181.62"
"10,29 : 662.4"
"10,30 : 864.45"
"10,31 : 702.8"
"10,32 : 296.94"
"10,33 : 104.06"
"10,34 : 215.63"
"10,35 : 710.73"
"10,36 : 751.86"
"10,37 : 597.97"
"10,38 : 685.68"
"10,39 : 102.61"
"10,40 : 433.89"
"10,41 : 913.45"
"10,42 : 275.43"
"10,43 : 221.63"
"10,44 : 286.42"
"10,45 : 739.57"
"10,46 : 540.88"
"10,47 : 792.26"
"10,48 : 326.06"
"10,49 : 678.52"
"10,50 : 511.7"
"10,51 : 750.13"
"10,52 : 226.95"
"10,53 : 710.93"
"10,54 : 257.11"
"10,55 : 742.55"
"10,56 : 523.25"
"10,57 : 614.34"
"10,58 : 246.81"
"10,59 : 490.57"
"10,60 : 817.45"
"10,61 : 310.87"
"10,62 : 434.02"
"10,63 : 634.1"
"10,64 : 524.56"
"10,65 : 384.77"
"10,66 : 546.19"
"10,67 : 379.02"
"10,68 : 439.9"
"10,69 : 369.57"
"10,70 : 172.73"
"10,71 : 702.57"
"10,72 : 311.49"
"10,73 : 650.17"
"10,74 : 322.27"
"10,75 : 500.83"
"10,76 : 383.26"
"10,77 : 277.15"
"10,78 : 238.6"
"10,79 : 521.61"
"10,80 : 236.12"
"10,81 : 593.33"
"10,82 : 939.2"
"10,83 : 768.53"
"10,84 : 232.43"
"10,85 : 488.59"
"10,86 : 89.14"
"10,87 : 407.33"
"10,88 : 147.76"
"10,89 : 797.9"
"10,90 : 175.82"
"10,91 : 466.08"
"10,92 : 701.67"
"10,93 : 737.75"
"10,94 : 214.71"
"10,95 : 166.11"
"10,96 : 701.74"
"10,97 : 338.34"
"10,98 : 404.03"
"10,99 : 301.66"
"11,0 : 643.75"
"11,1 : 535.18"
"11,2 : 75.66"
"11,3 : 19.42"
"11,4 : 488.23"
"11,5 : 606.33"
"11,6 : 612.37"
"11,7 : 486.03"
"11,8 : 454.22"
"11,9 : 616.34"
"11,10 : 236.19"
"11,11 : 0.0"
"11,12 : 299.67"
"11,13 : 239.03"
"11,14 : 680.7"
"11,15 : 594.14"
"11,16 : 661.97"
"11,17 : 533.4"
"11,18 : 665.12"
"11,19 : 802.15"
"11,20 : 413.24"
"11,21 : 557.42"
"11,22 : 786.54"
"11,23 : 352.42"
"11,24 : 358.71"
"11,25 : 97.64"
"11,26 : 442.72"
"11,27 : 371.84"
"11,28 : 73.16"
"11,29 : 511.75"
"11,30 : 925.2"
"11,31 : 841.15"
"11,32 : 427.38"
"11,33 : 214.72"
"11,34 : 29.02"
"11,35 : 849.19"
"11,36 : 565.11"
"11,37 : 662.65"
"11,38 : 588.31"
"11,39 : 159.82"
"11,40 : 344.55"
"11,41 : 886.73"
"11,42 : 483.22"
"11,43 : 24.08"
"11,44 : 50.25"
"11,45 : 649.82"
"11,46 : 545.79"
"11,47 : 858.1"
"11,48 : 132.0"
"11,49 : 562.8"
"11,50 : 648.17"
"11,51 : 671.2"
"11,52 : 390.15"
"11,53 : 543.53"
"11,54 : 236.58"
"11,55 : 778.47"
"11,56 : 625.22"
"11,57 : 614.94"
"11,58 : 337.09"
"11,59 : 404.68"
"11,60 : 744.85"
"11,61 : 470.24"
"11,62 : 626.23"
"11,63 : 797.57"
"11,64 : 614.78"
"11,65 : 518.01"
"11,66 : 473.1"
"11,67 : 359.99"
"11,68 : 203.96"
"11,69 : 431.01"
"11,70 : 408.52"
"11,71 : 545.99"
"11,72 : 144.06"
"11,73 : 448.51"
"11,74 : 88.59"
"11,75 : 562.25"
"11,76 : 612.41"
"11,77 : 511.66"
"11,78 : 120.42"
"11,79 : 719.14"
"11,80 : 204.36"
"11,81 : 659.71"
"11,82 : 952.78"
"11,83 : 781.02"
"11,84 : 247.42"
"11,85 : 403.1"
"11,86 : 303.59"
"11,87 : 554.92"
"11,88 : 181.34"
"11,89 : 596.14"
"11,90 : 389.18"
"11,91 : 231.92"
"11,92 : 590.36"
"11,93 : 696.0"
"11,94 : 364.84"
"11,95 : 137.01"
"11,96 : 715.36"
"11,97 : 300.12"
"11,98 : 388.17"
"11,99 : 232.85"
"12,0 : 363.0"
"12,1 : 363.85"
"12,2 : 285.35"
"12,3 : 287.76"
"12,4 : 623.08"
"12,5 : 584.91"
"12,6 : 401.85"
"12,7 : 280.58"
"12,8 : 228.02"
"12,9 : 405.26"
"12,10 : 432.11"
"12,11 : 299.67"
"12,12 : 0.0"
"12,13 : 136.69"
"12,14 : 382.69"
"12,15 : 300.59"
"12,16 : 717.9"
"12,17 : 653.84"
"12,18 : 631.01"
"12,19 : 538.08"
"12,20 : 360.32"
"12,21 : 433.42"
"12,22 : 500.79"
"12,23 : 267.03"
"12,24 : 646.57"
"12,25 : 306.22"
"12,26 : 308.87"
"12,27 : 670.34"
"12,28 : 360.37"
"12,29 : 230.31"
"12,30 : 717.58"
"12,31 : 736.27"
"12,32 : 405.19"
"12,33 : 339.48"
"12,34 : 288.39"
"12,35 : 743.6"
"12,36 : 334.07"
"12,37 : 487.9"
"12,38 : 289.31"
"12,39 : 331.1"
"12,40 : 81.0"
"12,41 : 608.69"
"12,42 : 551.1"
"12,43 : 322.02"
"12,44 : 290.6"
"12,45 : 351.46"
"12,46 : 325.81"
"12,47 : 661.05"
"12,48 : 175.7"
"12,49 : 263.7"
"12,50 : 568.42"
"12,51 : 375.16"
"12,52 : 426.09"
"12,53 : 281.34"
"12,54 : 196.89"
"12,55 : 557.41"
"12,56 : 503.75"
"12,57 : 378.0"
"12,58 : 620.42"
"12,59 : 123.0"
"12,60 : 449.41"
"12,61 : 468.85"
"12,62 : 636.75"
"12,63 : 735.22"
"12,64 : 480.49"
"12,65 : 465.58"
"12,66 : 190.71"
"12,67 : 186.13"
"12,68 : 296.77"
"12,69 : 320.14"
"12,70 : 564.65"
"12,71 : 270.56"
"12,72 : 426.36"
"12,73 : 263.96"
"12,74 : 311.18"
"12,75 : 404.47"
"12,76 : 708.72"
"12,77 : 643.94"
"12,78 : 205.18"
"12,79 : 725.52"
"12,80 : 203.3"
"12,81 : 487.47"
"12,82 : 700.18"
"12,83 : 537.59"
"12,84 : 233.9"
"12,85 : 122.16"
"12,86 : 442.58"
"12,87 : 511.72"
"12,88 : 460.84"
"12,89 : 396.52"
"12,90 : 493.09"
"12,91 : 281.46"
"12,92 : 290.9"
"12,93 : 416.66"
"12,94 : 398.0"
"12,95 : 268.0"
"12,96 : 478.8"
"12,97 : 153.64"
"12,98 : 200.2"
"12,99 : 139.65"
"13,0 : 412.05"
"13,1 : 493.47"
"13,2 : 193.58"
"13,3 : 235.48"
"13,4 : 663.46"
"13,5 : 681.85"
"13,6 : 376.95"
"13,7 : 414.1"
"13,8 : 363.24"
"13,9 : 380.86"
"13,10 : 436.4"
"13,11 : 239.03"
"13,12 : 136.69"
"13,13 : 0.0"
"13,14 : 467.62"
"13,15 : 420.12"
"13,16 : 792.01"
"13,17 : 701.2"
"13,18 : 732.98"
"13,19 : 670.45"
"13,20 : 457.51"
"13,21 : 554.59"
"13,22 : 623.8"
"13,23 : 155.21"
"13,24 : 597.27"
"13,25 : 204.92"
"13,26 : 427.62"
"13,27 : 602.32"
"13,28 : 311.13"
"13,29 : 284.49"
"13,30 : 854.11"
"13,31 : 858.44"
"13,32 : 494.95"
"13,33 : 365.56"
"13,34 : 241.3"
"13,35 : 866.01"
"13,36 : 326.34"
"13,37 : 620.21"
"13,38 : 396.96"
"13,39 : 335.53"
"13,40 : 216.69"
"13,41 : 735.24"
"13,42 : 615.91"
"13,43 : 263.07"
"13,44 : 209.06"
"13,45 : 459.8"
"13,46 : 461.72"
"13,47 : 796.93"
"13,48 : 112.59"
"13,49 : 358.05"
"13,50 : 681.84"
"13,51 : 488.75"
"13,52 : 496.45"
"13,53 : 307.17"
"13,54 : 264.12"
"13,55 : 694.09"
"13,56 : 626.07"
"13,57 : 514.67"
"13,58 : 576.12"
"13,59 : 257.73"
"13,60 : 562.55"
"13,61 : 554.98"
"13,62 : 724.75"
"13,63 : 847.05"
"13,64 : 605.18"
"13,65 : 568.12"
"13,66 : 322.62"
"13,67 : 307.26"
"13,68 : 164.83"
"13,69 : 432.98"
"13,70 : 593.78"
"13,71 : 314.07"
"13,72 : 333.78"
"13,73 : 214.56"
"13,74 : 213.38"
"13,75 : 532.39"
"13,76 : 767.26"
"13,77 : 686.03"
"13,78 : 200.57"
"13,79 : 816.85"
"13,80 : 252.79"
"13,81 : 619.39"
"13,82 : 834.14"
"13,83 : 673.46"
"13,84 : 299.43"
"13,85 : 257.12"
"13,86 : 472.99"
"13,87 : 613.14"
"13,88 : 419.39"
"13,89 : 362.93"
"13,90 : 541.15"
"13,91 : 145.5"
"13,92 : 387.01"
"13,93 : 544.79"
"13,94 : 467.38"
"13,95 : 275.26"
"13,96 : 615.31"
"13,97 : 259.38"
"13,98 : 326.67"
"13,99 : 211.74"
"14,0 : 128.02"
"14,1 : 484.6"
"14,2 : 655.33"
"14,3 : 669.81"
"14,4 : 942.8"
"14,5 : 794.6"
"14,6 : 338.53"
"14,7 : 408.72"
"14,8 : 371.97"
"14,9 : 338.33"
"14,10 : 797.8"
"14,11 : 680.7"
"14,12 : 382.69"
"14,13 : 467.62"
"14,14 : 0.0"
"14,15 : 165.22"
"14,16 : 971.49"
"14,17 : 961.57"
"14,18 : 818.12"
"14,19 : 367.48"
"14,20 : 612.89"
"14,21 : 581.81"
"14,22 : 256.54"
"14,23 : 486.43"
"14,24 : 1028.72"
"14,25 : 670.73"
"14,26 : 511.07"
"14,27 : 1052.35"
"14,28 : 743.04"
"14,29 : 191.0"
"14,30 : 637.13"
"14,31 : 818.85"
"14,32 : 665.03"
"14,33 : 696.68"
"14,34 : 670.88"
"14,35 : 823.78"
"14,36 : 282.88"
"14,37 : 540.46"
"14,38 : 121.75"
"14,39 : 702.16"
"14,40 : 363.92"
"14,41 : 366.02"
"14,42 : 839.1"
"14,43 : 703.63"
"14,44 : 665.47"
"14,45 : 102.53"
"14,46 : 391.72"
"14,47 : 615.23"
"14,48 : 551.52"
"14,49 : 120.07"
"14,50 : 721.96"
"14,51 : 131.76"
"14,52 : 720.4"
"14,53 : 213.94"
"14,54 : 541.87"
"14,55 : 494.29"
"14,56 : 627.38"
"14,57 : 369.33"
"14,58 : 1001.91"
"14,59 : 308.42"
"14,60 : 161.79"
"14,61 : 725.13"
"14,62 : 864.79"
"14,63 : 870.85"
"14,64 : 596.05"
"14,65 : 678.9"
"14,66 : 264.46"
"14,67 : 441.0"
"14,68 : 621.63"
"14,69 : 539.84"
"14,70 : 901.8"
"14,71 : 181.11"
"14,72 : 797.93"
"14,73 : 369.01"
"14,74 : 678.14"
"14,75 : 522.04"
"14,76 : 994.17"
"14,77 : 959.98"
"14,78 : 586.12"
"14,79 : 934.7"
"14,80 : 561.76"
"14,81 : 544.3"
"14,82 : 518.75"
"14,83 : 427.98"
"14,84 : 571.5"
"14,85 : 310.41"
"14,86 : 787.03"
"14,87 : 719.58"
"14,88 : 842.79"
"14,89 : 359.02"
"14,90 : 812.85"
"14,91 : 591.08"
"14,92 : 96.25"
"14,93 : 247.7"
"14,94 : 698.36"
"14,95 : 641.89"
"14,96 : 412.33"
"14,97 : 464.18"
"14,98 : 425.84"
"14,99 : 496.85"
"15,0 : 254.95"
"15,1 : 319.41"
"15,2 : 585.87"
"15,3 : 579.97"
"15,4 : 792.65"
"15,5 : 630.03"
"15,6 : 437.25"
"15,7 : 245.78"
"15,8 : 214.93"
"15,9 : 438.41"
"15,10 : 671.74"
"15,11 : 594.14"
"15,12 : 300.59"
"15,13 : 420.12"
"15,14 : 165.22"
"15,15 : 0.0"
"15,16 : 808.93"
"15,17 : 807.97"
"15,18 : 652.92"
"15,19 : 270.9"
"15,20 : 455.8"
"15,21 : 416.6"
"15,22 : 203.94"
"15,23 : 491.11"
"15,24 : 922.37"
"15,25 : 606.7"
"15,26 : 350.89"
"15,27 : 958.17"
"15,28 : 647.24"
"15,29 : 220.38"
"15,30 : 514.56"
"15,31 : 660.88"
"15,32 : 507.51"
"15,33 : 568.04"
"15,34 : 578.57"
"15,35 : 666.22"
"15,36 : 366.3"
"15,37 : 380.64"
"15,38 : 57.25"
"15,39 : 583.36"
"15,40 : 251.43"
"15,41 : 317.53"
"15,42 : 682.92"
"15,43 : 614.94"
"15,44 : 590.16"
"15,45 : 72.44"
"15,46 : 226.55"
"15,47 : 480.24"
"15,48 : 475.86"
"15,49 : 111.32"
"15,50 : 556.98"
"15,51 : 78.92"
"15,52 : 568.08"
"15,53 : 281.62"
"15,54 : 415.56"
"15,55 : 358.92"
"15,56 : 462.9"
"15,57 : 210.11"
"15,58 : 893.15"
"15,59 : 190.54"
"15,60 : 150.94"
"15,61 : 565.66"
"15,62 : 700.82"
"15,63 : 707.68"
"15,64 : 431.64"
"15,65 : 515.54"
"15,66 : 126.29"
"15,67 : 297.57"
"15,68 : 584.71"
"15,69 : 380.68"
"15,70 : 758.22"
"15,71 : 242.64"
"15,72 : 726.17"
"15,73 : 403.79"
"15,74 : 611.77"
"15,75 : 356.91"
"15,76 : 835.65"
"15,77 : 808.55"
"15,78 : 484.87"
"15,79 : 769.66"
"15,80 : 440.78"
"15,81 : 384.04"
"15,82 : 437.16"
"15,83 : 305.64"
"15,84 : 439.72"
"15,85 : 192.26"
"15,86 : 648.99"
"15,87 : 555.42"
"15,88 : 737.93"
"15,89 : 450.64"
"15,90 : 665.0"
"15,91 : 561.51"
"15,92 : 100.24"
"15,93 : 135.64"
"15,94 : 548.15"
"15,95 : 528.12"
"15,96 : 272.12"
"15,97 : 333.52"
"15,98 : 277.52"
"15,99 : 380.86"
"16,0 : 1024.12"
"16,1 : 497.36"
"16,2 : 733.55"
"16,3 : 646.67"
"16,4 : 220.2"
"16,5 : 192.01"
"16,6 : 1117.2"
"16,7 : 563.2"
"16,8 : 601.15"
"16,9 : 1120.4"
"16,10 : 444.78"
"16,11 : 661.97"
"16,12 : 717.9"
"16,13 : 792.01"
"16,14 : 971.49"
"16,15 : 808.93"
"16,16 : 0.0"
"16,17 : 174.55"
"16,18 : 205.57"
"16,19 : 801.2"
"16,20 : 367.9"
"16,21 : 406.34"
"16,22 : 880.46"
"16,23 : 946.69"
"16,24 : 635.98"
"16,25 : 758.92"
"16,26 : 461.31"
"16,27 : 730.64"
"16,28 : 621.97"
"16,29 : 912.89"
"16,30 : 702.38"
"16,31 : 409.82"
"16,32 : 317.37"
"16,33 : 449.9"
"16,34 : 635.49"
"16,35 : 415.41"
"16,36 : 1045.88"
"16,37 : 509.72"
"16,38 : 850.43"
"16,39 : 502.24"
"16,40 : 669.02"
"16,41 : 909.64"
"16,42 : 179.9"
"16,43 : 653.79"
"16,44 : 710.18"
"16,45 : 879.98"
"16,46 : 590.41"
"16,47 : 636.25"
"16,48 : 704.26"
"16,49 : 873.21"
"16,50 : 305.29"
"16,51 : 870.52"
"16,52 : 295.74"
"16,53 : 978.96"
"16,54 : 530.34"
"16,55 : 660.03"
"16,56 : 393.46"
"16,57 : 640.36"
"16,58 : 607.15"
"16,59 : 697.95"
"16,60 : 913.15"
"16,61 : 253.14"
"16,62 : 117.15"
"16,63 : 297.47"
"16,64 : 420.01"
"16,65 : 293.82"
"16,66 : 715.13"
"16,67 : 555.68"
"16,68 : 853.89"
"16,69 : 434.08"
"16,70 : 294.24"
"16,71 : 955.08"
"16,72 : 756.11"
"16,73 : 980.19"
"16,74 : 750.47"
"16,75 : 469.38"
"16,76 : 98.62"
"16,77 : 204.56"
"16,78 : 606.24"
"16,79 : 121.92"
"16,80 : 539.22"
"16,81 : 503.67"
"16,82 : 855.37"
"16,83 : 723.8"
"16,84 : 493.66"
"16,85 : 696.21"
"16,86 : 361.66"
"16,87 : 257.61"
"16,88 : 584.69"
"16,89 : 1113.71"
"16,90 : 273.54"
"16,91 : 871.48"
"16,92 : 884.54"
"16,93 : 798.62"
"16,94 : 324.78"
"16,95 : 540.61"
"16,96 : 674.01"
"16,97 : 566.24"
"16,98 : 560.26"
"16,99 : 586.98"
"17,0 : 992.99"
"17,1 : 526.67"
"17,2 : 608.33"
"17,3 : 520.84"
"17,4 : 49.48"
"17,5 : 285.41"
"17,6 : 1054.53"
"17,7 : 569.06"
"17,8 : 593.04"
"17,9 : 1058.06"
"17,10 : 300.64"
"17,11 : 533.4"
"17,12 : 653.84"
"17,13 : 701.2"
"17,14 : 961.57"
"17,15 : 807.97"
"17,16 : 174.55"
"17,17 : 0.0"
"17,18 : 328.1"
"17,19 : 857.1"
"17,20 : 353.28"
"17,21 : 453.88"
"17,22 : 916.73"
"17,23 : 851.07"
"17,24 : 462.4"
"17,25 : 630.82"
"17,26 : 461.04"
"17,27 : 557.65"
"17,28 : 482.26"
"17,29 : 870.34"
"17,30 : 809.67"
"17,31 : 551.92"
"17,32 : 303.0"
"17,33 : 337.34"
"17,34 : 509.91"
"17,35 : 558.61"
"17,36 : 987.91"
"17,37 : 578.91"
"17,38 : 840.27"
"17,39 : 379.39"
"17,40 : 622.43"
"17,41 : 966.0"
"17,42 : 129.12"
"17,43 : 520.95"
"17,44 : 583.43"
"17,45 : 880.41"
"17,46 : 611.12"
"17,47 : 738.89"
"17,48 : 600.75"
"17,49 : 852.0"
"17,50 : 402.72"
"17,51 : 878.42"
"17,52 : 241.23"
"17,53 : 930.77"
"17,54 : 457.06"
"17,55 : 736.42"
"17,56 : 468.28"
"17,57 : 673.89"
"17,58 : 434.29"
"17,59 : 664.02"
"17,60 : 932.0"
"17,61 : 254.01"
"17,62 : 233.31"
"17,63 : 449.68"
"17,64 : 487.14"
"17,65 : 331.04"
"17,66 : 697.3"
"17,67 : 522.73"
"17,68 : 734.56"
"17,69 : 430.09"
"17,70 : 131.67"
"17,71 : 912.81"
"17,72 : 608.13"
"17,73 : 905.03"
"17,74 : 621.12"
"17,75 : 511.32"
"17,76 : 87.3"
"17,77 : 30.15"
"17,78 : 503.19"
"17,79 : 287.04"
"17,80 : 455.67"
"17,81 : 572.93"
"17,82 : 939.44"
"17,83 : 788.88"
"17,84 : 419.95"
"17,85 : 662.1"
"17,86 : 232.69"
"17,87 : 316.08"
"17,88 : 427.9"
"17,89 : 1047.1"
"17,90 : 161.38"
"17,91 : 757.37"
"17,92 : 868.41"
"17,93 : 826.77"
"17,94 : 264.62"
"17,95 : 430.44"
"17,96 : 730.28"
"17,97 : 514.33"
"17,98 : 535.85"
"17,99 : 514.8"
"18,0 : 888.51"
"18,1 : 333.54"
"18,2 : 726.42"
"18,3 : 646.87"
"18,4 : 356.26"
"18,5 : 60.13"
"18,6 : 1011.45"
"18,7 : 415.12"
"18,8 : 463.39"
"18,9 : 1014.21"
"18,10 : 495.71"
"18,11 : 665.12"
"18,12 : 631.01"
"18,13 : 732.98"
"18,14 : 818.12"
"18,15 : 652.92"
"18,16 : 205.57"
"18,17 : 328.1"
"18,18 : 0.0"
"18,19 : 606.6"
"18,20 : 275.49"
"18,21 : 236.32"
"18,22 : 695.24"
"18,23 : 886.36"
"18,24 : 743.59"
"18,25 : 754.67"
"18,26 : 331.69"
"18,27 : 831.06"
"18,28 : 646.25"
"18,29 : 792.14"
"18,30 : 497.31"
"18,31 : 225.2"
"18,32 : 242.92"
"18,33 : 455.58"
"18,34 : 636.26"
"18,35 : 232.26"
"18,36 : 936.98"
"18,37 : 314.95"
"18,38 : 700.93"
"18,39 : 513.61"
"18,40 : 565.98"
"18,41 : 713.55"
"18,42 : 239.3"
"18,43 : 664.29"
"18,44 : 706.96"
"18,45 : 720.46"
"18,46 : 426.68"
"18,47 : 430.71"
"18,48 : 667.92"
"18,49 : 732.97"
"18,50 : 105.57"
"18,51 : 705.27"
"18,52 : 278.06"
"18,53 : 861.72"
"18,54 : 473.34"
"18,55 : 458.8"
"18,56 : 201.64"
"18,57 : 463.62"
"18,58 : 711.27"
"18,59 : 579.12"
"18,60 : 738.71"
"18,61 : 195.03"
"18,62 : 96.83"
"18,63 : 138.46"
"18,64 : 231.64"
"18,65 : 165.68"
"18,66 : 578.96"
"18,67 : 448.54"
"18,68 : 831.02"
"18,69 : 313.31"
"18,70 : 400.74"
"18,71 : 832.54"
"18,72 : 786.31"
"18,73 : 893.0"
"18,74 : 748.73"
"18,75 : 297.05"
"18,76 : 286.57"
"18,77 : 352.03"
"18,78 : 577.9"
"18,79 : 119.82"
"18,80 : 493.65"
"18,81 : 309.1"
"18,82 : 650.97"
"18,83 : 526.12"
"18,84 : 442.76"
"18,85 : 577.71"
"18,86 : 407.06"
"18,87 : 119.95"
"18,88 : 643.33"
"18,89 : 1012.44"
"18,90 : 328.16"
"18,91 : 840.04"
"18,92 : 739.22"
"18,93 : 620.38"
"18,94 : 301.04"
"18,95 : 529.37"
"18,96 : 481.51"
"18,97 : 479.23"
"18,98 : 443.3"
"18,99 : 521.51"
"19,0 : 491.41"
"19,1 : 335.79"
"19,2 : 811.63"
"19,3 : 785.07"
"19,4 : 857.41"
"19,5 : 609.21"
"19,6 : 694.26"
"19,7 : 331.81"
"19,8 : 350.02"
"19,9 : 694.8"
"19,10 : 813.21"
"19,11 : 802.15"
"19,12 : 538.08"
"19,13 : 670.45"
"19,14 : 367.48"
"19,15 : 270.9"
"19,16 : 801.2"
"19,17 : 857.1"
"19,18 : 606.6"
"19,19 : 0.0"
"19,20 : 523.93"
"19,21 : 404.11"
"19,22 : 122.44"
"19,23 : 758.65"
"19,24 : 1087.6"
"19,25 : 836.21"
"19,26 : 422.67"
"19,27 : 1140.74"
"19,28 : 840.82"
"19,29 : 489.37"
"19,30 : 274.43"
"19,31 : 521.98"
"19,32 : 565.18"
"19,33 : 712.49"
"19,34 : 780.8"
"19,35 : 524.58"
"19,36 : 627.99"
"19,37 : 292.14"
"19,38 : 320.06"
"19,39 : 745.9"
"19,40 : 467.78"
"19,41 : 109.18"
"19,42 : 728.59"
"19,43 : 819.27"
"19,44 : 810.23"
"19,45 : 279.87"
"19,46 : 272.36"
"19,47 : 268.2"
"19,48 : 702.54"
"19,49 : 377.03"
"19,50 : 501.09"
"19,51 : 242.49"
"19,52 : 643.08"
"19,53 : 545.53"
"19,54 : 582.42"
"19,55 : 163.25"
"19,56 : 408.0"
"19,57 : 198.88"
"19,58 : 1055.48"
"19,59 : 415.18"
"19,60 : 211.98"
"19,61 : 603.92"
"19,62 : 684.11"
"19,63 : 606.33"
"19,64 : 381.3"
"19,65 : 527.0"
"19,66 : 347.99"
"19,67 : 449.21"
"19,68 : 834.13"
"19,69 : 451.71"
"19,70 : 848.45"
"19,71 : 506.4"
"19,72 : 943.64"
"19,73 : 674.64"
"19,74 : 839.03"
"19,75 : 345.86"
"19,76 : 857.21"
"19,77 : 867.11"
"19,78 : 683.06"
"19,79 : 724.79"
"19,80 : 613.97"
"19,81 : 298.11"
"19,82 : 166.72"
"19,83 : 85.62"
"19,84 : 592.08"
"19,85 : 416.12"
"19,86 : 763.59"
"19,87 : 550.39"
"19,88 : 913.6"
"19,89 : 710.86"
"19,90 : 747.83"
"19,91 : 815.55"
"19,92 : 357.36"
"19,93 : 135.45"
"19,94 : 633.98"
"19,95 : 704.11"
"19,96 : 127.77"
"19,97 : 505.64"
"19,98 : 421.04"
"19,99 : 570.19"
"20,0 : 657.29"
"20,1 : 188.72"
"20,2 : 465.52"
"20,3 : 394.0"
"20,4 : 342.69"
"20,5 : 225.49"
"20,6 : 752.99"
"20,7 : 216.08"
"20,8 : 241.42"
"20,9 : 756.06"
"20,10 : 312.82"
"20,11 : 413.24"
"20,12 : 360.32"
"20,13 : 457.51"
"20,14 : 612.89"
"20,15 : 455.8"
"20,16 : 367.9"
"20,17 : 353.28"
"20,18 : 275.49"
"20,19 : 523.93"
"20,20 : 0.0"
"20,21 : 157.84"
"20,22 : 569.15"
"20,23 : 611.14"
"20,24 : 592.56"
"20,25 : 494.45"
"20,26 : 108.3"
"20,27 : 662.76"
"20,28 : 412.33"
"20,29 : 545.06"
"20,30 : 551.67"
"20,31 : 428.17"
"20,32 : 52.2"
"20,33 : 230.36"
"20,34 : 384.42"
"20,35 : 436.19"
"20,36 : 680.45"
"20,37 : 285.35"
"20,38 : 491.14"
"20,39 : 283.13"
"20,40 : 303.32"
"20,41 : 630.27"
"20,42 : 227.13"
"20,43 : 417.77"
"20,44 : 449.0"
"20,45 : 528.21"
"20,46 : 262.01"
"20,47 : 479.61"
"20,48 : 396.06"
"20,49 : 508.68"
"20,50 : 236.61"
"20,51 : 525.24"
"20,52 : 120.07"
"20,53 : 611.57"
"20,54 : 199.72"
"20,55 : 433.56"
"20,56 : 217.35"
"20,57 : 329.97"
"20,58 : 559.07"
"20,59 : 330.06"
"20,60 : 579.17"
"20,61 : 114.95"
"20,62 : 277.28"
"20,63 : 394.85"
"20,64 : 213.89"
"20,65 : 111.63"
"20,66 : 351.01"
"20,67 : 188.05"
"20,68 : 560.98"
"20,69 : 77.16"
"20,70 : 324.83"
"20,71 : 587.21"
"20,72 : 548.2"
"20,73 : 624.17"
"20,74 : 490.1"
"20,75 : 190.39"
"20,76 : 381.34"
"20,77 : 356.36"
"20,78 : 311.65"
"20,79 : 365.2"
"20,80 : 223.26"
"20,81 : 280.62"
"20,82 : 634.26"
"20,83 : 467.88"
"20,84 : 172.68"
"20,85 : 328.32"
"20,86 : 246.13"
"20,87 : 155.76"
"20,88 : 443.9"
"20,89 : 751.18"
"20,90 : 224.54"
"20,91 : 567.44"
"20,92 : 522.22"
"20,93 : 476.87"
"20,94 : 110.54"
"20,95 : 277.09"
"20,96 : 403.06"
"20,97 : 206.79"
"20,98 : 192.78"
"20,99 : 246.06"
"21,0 : 654.68"
"21,1 : 97.25"
"21,2 : 601.31"
"21,3 : 538.0"
"21,4 : 457.56"
"21,5 : 217.8"
"21,6 : 789.31"
"21,7 : 182.46"
"21,8 : 234.83"
"21,9 : 791.8"
"21,10 : 470.0"
"21,11 : 557.42"
"21,12 : 433.42"
"21,13 : 554.59"
"21,14 : 581.81"
"21,15 : 416.6"
"21,16 : 406.34"
"21,17 : 453.88"
"21,18 : 236.32"
"21,19 : 404.11"
"21,20 : 157.84"
"21,21 : 0.0"
"21,22 : 474.71"
"21,23 : 699.54"
"21,24 : 749.05"
"21,25 : 630.26"
"21,26 : 127.1"
"21,27 : 820.49"
"21,28 : 564.58"
"21,29 : 564.98"
"21,30 : 394.74"
"21,31 : 303.9"
"21,32 : 179.3"
"21,33 : 387.48"
"21,34 : 529.32"
"21,35 : 311.44"
"21,36 : 714.03"
"21,37 : 132.2"
"21,38 : 464.93"
"21,39 : 438.55"
"21,40 : 358.44"
"21,41 : 513.26"
"21,42 : 326.35"
"21,43 : 564.88"
"21,44 : 587.89"
"21,45 : 484.45"
"21,46 : 190.55"
"21,47 : 322.34"
"21,48 : 517.14"
"21,49 : 498.7"
"21,50 : 144.96"
"21,51 : 470.41"
"21,52 : 259.42"
"21,53 : 635.38"
"21,54 : 326.38"
"21,55 : 287.89"
"21,56 : 71.7"
"21,57 : 234.1"
"21,58 : 715.49"
"21,59 : 358.36"
"21,60 : 508.13"
"21,61 : 203.39"
"21,62 : 291.82"
"21,63 : 308.64"
"21,64 : 57.57"
"21,65 : 123.0"
"21,66 : 347.91"
"21,67 : 248.36"
"21,68 : 681.9"
"21,69 : 128.25"
"21,70 : 459.83"
"21,71 : 604.0"
"21,72 : 697.0"
"21,73 : 684.68"
"21,74 : 627.5"
"21,75 : 63.15"
"21,76 : 454.2"
"21,77 : 465.49"
"21,78 : 446.16"
"21,79 : 353.65"
"21,80 : 356.12"
"21,81 : 126.82"
"21,82 : 491.71"
"21,83 : 335.22"
"21,84 : 310.06"
"21,85 : 357.23"
"21,86 : 398.87"
"21,87 : 149.27"
"21,88 : 601.45"
"21,89 : 792.81"
"21,90 : 360.28"
"21,91 : 681.92"
"21,92 : 503.75"
"21,93 : 392.42"
"21,94 : 260.23"
"21,95 : 425.0"
"21,96 : 276.73"
"21,97 : 296.59"
"21,98 : 233.62"
"21,99 : 356.51"
"22,0 : 383.89"
"22,1 : 390.68"
"22,2 : 784.57"
"22,3 : 771.08"
"22,4 : 910.98"
"22,5 : 689.66"
"22,6 : 592.24"
"22,7 : 357.56"
"22,8 : 356.5"
"22,9 : 592.37"
"22,10 : 833.09"
"22,11 : 786.54"
"22,12 : 500.79"
"22,13 : 623.8"
"22,14 : 256.54"
"22,15 : 203.94"
"22,16 : 880.46"
"22,17 : 916.73"
"22,18 : 695.24"
"22,19 : 122.44"
"22,20 : 569.15"
"22,21 : 474.71"
"22,22 : 0.0"
"22,23 : 690.8"
"22,24 : 1098.01"
"22,25 : 806.63"
"22,26 : 461.74"
"22,27 : 1142.02"
"22,28 : 834.03"
"22,29 : 404.32"
"22,30 : 396.34"
"22,31 : 634.23"
"22,32 : 615.91"
"22,33 : 729.51"
"22,34 : 768.48"
"22,35 : 637.46"
"22,36 : 530.64"
"22,37 : 382.69"
"22,38 : 238.54"
"22,39 : 754.63"
"22,40 : 442.3"
"22,41 : 116.48"
"22,42 : 787.68"
"22,43 : 806.02"
"22,44 : 787.01"
"22,45 : 184.55"
"22,46 : 307.15"
"22,47 : 389.63"
"22,48 : 674.18"
"22,49 : 292.44"
"22,50 : 590.27"
"22,51 : 147.22"
"22,52 : 688.96"
"22,53 : 452.0"
"22,54 : 586.02"
"22,55 : 278.6"
"22,56 : 493.62"
"22,57 : 243.3"
"22,58 : 1067.2"
"22,59 : 383.25"
"22,60 : 95.13"
"22,61 : 663.2"
"22,62 : 764.63"
"22,63 : 710.77"
"22,64 : 464.12"
"22,65 : 594.0"
"22,66 : 314.01"
"22,67 : 455.36"
"22,68 : 788.51"
"22,69 : 492.67"
"22,70 : 891.56"
"22,71 : 413.81"
"22,72 : 922.82"
"22,73 : 593.25"
"22,74 : 811.05"
"22,75 : 412.24"
"22,76 : 927.03"
"22,77 : 923.23"
"22,78 : 672.03"
"22,79 : 814.93"
"22,80 : 615.12"
"22,81 : 388.19"
"22,82 : 262.23"
"22,83 : 201.66"
"22,84 : 602.92"
"22,85 : 384.68"
"22,86 : 795.06"
"22,87 : 623.98"
"22,88 : 917.31"
"22,89 : 611.0"
"22,90 : 792.56"
"22,91 : 765.44"
"22,92 : 267.81"
"22,93 : 95.34"
"22,94 : 675.23"
"22,95 : 705.39"
"22,96 : 218.94"
"22,97 : 504.45"
"22,98 : 429.33"
"22,99 : 562.07"
"23,0 : 394.17"
"23,1 : 630.55"
"23,2 : 285.22"
"23,3 : 355.71"
"23,4 : 811.54"
"23,5 : 836.08"
"23,6 : 281.13"
"23,7 : 545.35"
"23,8 : 490.93"
"23,9 : 285.07"
"23,10 : 574.56"
"23,11 : 352.42"
"23,12 : 267.03"
"23,13 : 155.21"
"23,14 : 486.43"
"23,15 : 491.11"
"23,16 : 946.69"
"23,17 : 851.07"
"23,18 : 886.36"
"23,19 : 758.65"
"23,20 : 611.14"
"23,21 : 699.54"
"23,22 : 690.8"
"23,23 : 0.0"
"23,24 : 693.35"
"23,25 : 280.72"
"23,26 : 573.73"
"23,27 : 679.07"
"23,28 : 424.69"
"23,29 : 297.04"
"23,30 : 969.78"
"23,31 : 1002.94"
"23,32 : 649.7"
"23,33 : 513.84"
"23,34 : 364.31"
"23,35 : 1010.33"
"23,36 : 258.57"
"23,37 : 752.79"
"23,38 : 452.48"
"23,39 : 477.6"
"23,40 : 346.16"
"23,41 : 806.7"
"23,42 : 769.85"
"23,43 : 374.41"
"23,44 : 308.65"
"23,45 : 510.74"
"23,46 : 585.51"
"23,47 : 918.09"
"23,48 : 251.01"
"23,49 : 401.15"
"23,50 : 831.39"
"23,51 : 545.56"
"23,52 : 651.33"
"23,53 : 282.39"
"23,54 : 419.31"
"23,55 : 807.85"
"23,56 : 770.29"
"23,57 : 628.23"
"23,58 : 677.49"
"23,59 : 370.19"
"23,60 : 614.5"
"23,61 : 710.07"
"23,62 : 879.87"
"23,63 : 997.54"
"23,64 : 747.43"
"23,65 : 721.02"
"23,66 : 423.37"
"23,67 : 451.26"
"23,68 : 179.63"
"23,69 : 582.0"
"23,70 : 738.78"
"23,71 : 307.43"
"23,72 : 399.05"
"23,73 : 131.23"
"23,74 : 292.18"
"23,75 : 671.43"
"23,76 : 919.55"
"23,77 : 834.45"
"23,78 : 347.88"
"23,79 : 971.84"
"23,80 : 407.54"
"23,81 : 752.68"
"23,82 : 925.29"
"23,83 : 776.14"
"23,84 : 454.61"
"23,85 : 370.26"
"23,86 : 620.26"
"23,87 : 766.42"
"23,88 : 530.63"
"23,89 : 259.62"
"23,90 : 692.38"
"23,91 : 141.51"
"23,92 : 428.53"
"23,93 : 625.4"
"23,94 : 622.27"
"23,95 : 421.25"
"23,96 : 724.25"
"23,97 : 409.09"
"23,98 : 467.04"
"23,99 : 366.23"
