x,y
154,199
930,355
899,916
349,32
709,562
740,928
159,675
134,747
498,183
277,501
255,929
583,84
898,271
442,719
632,913
604,963
67,353
478,758
2,857
160,615
646,323
474,135
372,780
996,158
46,220
312,523
811,507
244,971
182,827
843,311
169,111
727,480
505,642
187,862
79,647
187,220
272,524
39,422
953,611
494,736
87,421
676,506
773,552
143,530
226,165
820,898
947,635
933,757
23,487
179,14
645,322
471,454
478,595
969,815
52,14
833,642
695,853
256,535
284,570
825,761
750,769
93,591
94,425
759,702
529,970
561,555
888,995
549,775
388,137
839,740
296,304
311,180
250,726
556,959
638,217
525,327
556,623
271,120
617,976
653,184
692,980
643,605
507,283
597,873
83,341
903,868
357,642
989,370
224,434
792,279
539,607
645,866
83,97
959,921
645,407
367,529
577,9
955,641
667,672
735,57

Distanze
"0,0 : 0.0"
"0,1 : 791.53"
"0,2 : 1033.98"
"0,3 : 256.74"
"0,4 : 663.17"
"0,5 : 935.33"
"0,6 : 476.03"
"0,7 : 548.36"
"0,8 : 344.37"
"0,9 : 326.09"
"0,10 : 736.95"
"0,11 : 444.15"
"0,12 : 747.48"
"0,13 : 594.43"
"0,14 : 859.23"
"0,15 : 886.68"
"0,16 : 176.88"
"0,17 : 646.11"
"0,18 : 675.33"
"0,19 : 416.04"
"0,20 : 507.39"
"0,21 : 326.34"
"0,22 : 620.55"
"0,23 : 843.0"
"0,24 : 110.02"
"0,25 : 360.47"
"0,26 : 725.61"
"0,27 : 777.23"
"0,28 : 628.62"
"0,29 : 698.04"
"0,30 : 89.27"
"0,31 : 638.19"
"0,32 : 565.2"
"0,33 : 663.82"
"0,34 : 454.23"
"0,35 : 39.12"
"0,36 : 345.76"
"0,37 : 250.91"
"0,38 : 898.97"
"0,39 : 635.59"
"0,40 : 231.89"
"0,41 : 605.58"
"0,42 : 712.58"
"0,43 : 331.18"
"0,44 : 79.62"
"0,45 : 965.48"
"0,46 : 904.96"
"0,47 : 958.23"
"0,48 : 316.39"
"0,49 : 186.68"
"0,50 : 506.17"
"0,51 : 406.83"
"0,52 : 511.66"
"0,53 : 1021.61"
"0,54 : 211.26"
"0,55 : 810.73"
"0,56 : 848.76"
"0,57 : 351.14"
"0,58 : 393.12"
"0,59 : 875.26"
"0,60 : 824.69"
"0,61 : 396.72"
"0,62 : 233.83"
"0,63 : 786.79"
"0,64 : 857.36"
"0,65 : 540.73"
"0,66 : 1082.76"
"0,67 : 698.43"
"0,68 : 242.07"
"0,69 : 872.87"
"0,70 : 176.6"
"0,71 : 158.15"
"0,72 : 535.67"
"0,73 : 859.77"
"0,74 : 484.33"
"0,75 : 392.46"
"0,76 : 584.28"
"0,77 : 141.17"
"0,78 : 904.49"
"0,79 : 499.23"
"0,80 : 948.37"
"0,81 : 635.58"
"0,82 : 362.86"
"0,83 : 806.55"
"0,84 : 158.76"
"0,85 : 1004.27"
"0,86 : 487.3"
"0,87 : 852.33"
"0,88 : 245.2"
"0,89 : 643.0"
"0,90 : 560.97"
"0,91 : 828.23"
"0,92 : 124.28"
"0,93 : 1081.35"
"0,94 : 533.24"
"0,95 : 392.77"
"0,96 : 463.71"
"0,97 : 914.86"
"0,98 : 697.78"
"0,99 : 598.1"
"1,0 : 791.53"
"1,1 : 0.0"
"1,2 : 561.86"
"1,3 : 664.75"
"1,4 : 302.8"
"1,5 : 603.68"
"1,6 : 834.77"
"1,7 : 887.29"
"1,8 : 464.98"
"1,9 : 669.12"
"1,10 : 886.06"
"1,11 : 440.28"
"1,12 : 89.89"
"1,13 : 608.8"
"1,14 : 632.59"
"1,15 : 689.88"
"1,16 : 863.0"
"1,17 : 605.57"
"1,18 : 1055.08"
"1,19 : 812.71"
"1,20 : 285.8"
"1,21 : 506.3"
"1,22 : 701.42"
"1,23 : 207.76"
"1,24 : 894.25"
"1,25 : 640.43"
"1,26 : 193.04"
"1,27 : 921.98"
"1,28 : 884.47"
"1,29 : 97.49"
"1,30 : 799.16"
"1,31 : 238.4"
"1,32 : 512.83"
"1,33 : 899.5"
"1,34 : 899.7"
"1,35 : 755.16"
"1,36 : 679.36"
"1,37 : 893.52"
"1,38 : 257.03"
"1,39 : 579.01"
"1,40 : 845.58"
"1,41 : 295.49"
"1,42 : 251.91"
"1,43 : 806.22"
"1,44 : 729.19"
"1,45 : 554.03"
"1,46 : 280.52"
"1,47 : 402.01"
"1,48 : 916.55"
"1,49 : 824.79"
"1,50 : 286.9"
"1,51 : 469.56"
"1,52 : 511.77"
"1,53 : 461.65"
"1,54 : 941.89"
"1,55 : 302.95"
"1,56 : 550.66"
"1,57 : 697.62"
"1,58 : 680.84"
"1,59 : 419.36"
"1,60 : 451.44"
"1,61 : 869.63"
"1,62 : 838.93"
"1,63 : 386.85"
"1,64 : 734.18"
"1,65 : 419.72"
"1,66 : 641.38"
"1,67 : 567.06"
"1,68 : 584.2"
"1,69 : 395.61"
"1,70 : 636.05"
"1,71 : 643.26"
"1,72 : 774.62"
"1,73 : 710.42"
"1,74 : 322.97"
"1,75 : 405.97"
"1,76 : 460.11"
"1,77 : 699.65"
"1,78 : 695.42"
"1,79 : 325.53"
"1,80 : 668.78"
"1,81 : 380.62"
"1,82 : 429.08"
"1,83 : 615.8"
"1,84 : 847.12"
"1,85 : 513.71"
"1,86 : 640.86"
"1,87 : 60.88"
"1,88 : 710.41"
"1,89 : 157.54"
"1,90 : 465.17"
"1,91 : 585.1"
"1,92 : 885.42"
"1,93 : 566.74"
"1,94 : 289.71"
"1,95 : 589.27"
"1,96 : 494.29"
"1,97 : 287.09"
"1,98 : 411.9"
"1,99 : 356.13"
"2,0 : 1033.98"
"2,1 : 561.86"
"2,2 : 0.0"
"2,3 : 1041.13"
"2,4 : 401.77"
"2,5 : 159.45"
"2,6 : 778.26"
"2,7 : 783.44"
"2,8 : 835.52"
"2,9 : 747.74"
"2,10 : 644.13"
"2,11 : 889.99"
"2,12 : 645.0"
"2,13 : 497.65"
"2,14 : 267.02"
"2,15 : 298.72"
"2,16 : 1004.59"
"2,17 : 449.67"
"2,18 : 898.94"
"2,19 : 797.95"
"2,20 : 644.72"
"2,21 : 889.15"
"2,22 : 544.27"
"2,23 : 764.18"
"2,24 : 1100.92"
"2,25 : 706.41"
"2,26 : 418.36"
"2,27 : 657.31"
"2,28 : 722.5"
"2,29 : 607.59"
"2,30 : 1086.7"
"2,31 : 468.7"
"2,32 : 479.91"
"2,33 : 714.04"
"2,34 : 863.0"
"2,35 : 995.67"
"2,36 : 739.45"
"2,37 : 991.78"
"2,38 : 309.74"
"2,39 : 443.2"
"2,40 : 950.98"
"2,41 : 466.72"
"2,42 : 385.19"
"2,43 : 848.84"
"2,44 : 1008.43"
"2,45 : 81.02"
"2,46 : 285.07"
"2,47 : 162.59"
"2,48 : 975.41"
"2,49 : 1154.12"
"2,50 : 646.03"
"2,51 : 629.78"
"2,52 : 529.42"
"2,53 : 122.89"
"2,54 : 1237.34"
"2,55 : 281.84"
"2,56 : 213.51"
"2,57 : 747.4"
"2,58 : 705.65"
"2,59 : 171.76"
"2,60 : 209.31"
"2,61 : 869.06"
"2,62 : 942.92"
"2,63 : 255.73"
"2,64 : 373.92"
"2,65 : 494.54"
"2,66 : 79.76"
"2,67 : 377.33"
"2,68 : 931.64"
"2,69 : 185.95"
"2,70 : 859.16"
"2,71 : 942.04"
"2,72 : 676.24"
"2,73 : 345.68"
"2,74 : 746.14"
"2,75 : 697.71"
"2,76 : 451.11"
"2,77 : 1013.9"
"2,78 : 288.31"
"2,79 : 772.23"
"2,80 : 216.67"
"2,81 : 402.81"
"2,82 : 744.55"
"2,83 : 305.05"
"2,84 : 998.24"
"2,85 : 48.17"
"2,86 : 607.32"
"2,87 : 553.37"
"2,88 : 829.43"
"2,89 : 645.92"
"2,90 : 474.43"
"2,91 : 258.87"
"2,92 : 1156.12"
"2,93 : 60.21"
"2,94 : 568.86"
"2,95 : 657.87"
"2,96 : 962.46"
"2,97 : 280.64"
"2,98 : 336.69"
"2,99 : 874.52"
"3,0 : 256.74"
"3,1 : 664.75"
"3,2 : 1041.13"
"3,3 : 0.0"
"3,4 : 640.7"
"3,5 : 977.6"
"3,6 : 670.48"
"3,7 : 746.63"
"3,8 : 212.14"
"3,9 : 474.49"
"3,10 : 901.91"
"3,11 : 239.71"
"3,12 : 598.77"
"3,13 : 693.27"
"3,14 : 925.34"
"3,15 : 965.29"
"3,16 : 427.28"
"3,17 : 737.37"
"3,18 : 895.01"
"3,19 : 612.87"
"3,20 : 415.8"
"3,21 : 161.97"
"3,22 : 748.35"
"3,23 : 659.15"
"3,24 : 356.59"
"3,25 : 492.39"
"3,26 : 662.62"
"3,27 : 944.85"
"3,28 : 812.35"
"3,29 : 567.34"
"3,30 : 196.57"
"3,31 : 586.16"
"3,32 : 629.63"
"3,33 : 845.66"
"3,34 : 671.66"
"3,35 : 248.17"
"3,36 : 497.99"
"3,37 : 498.2"
"3,38 : 836.69"
"3,39 : 718.78"
"3,40 : 469.0"
"3,41 : 575.85"
"3,42 : 670.95"
"3,43 : 538.92"
"3,44 : 181.16"
"3,45 : 985.8"
"3,46 : 849.24"
"3,47 : 930.96"
"3,48 : 559.73"
"3,49 : 170.95"
"3,50 : 414.39"
"3,51 : 439.28"
"3,52 : 577.59"
"3,53 : 998.74"
"3,54 : 297.54"
"3,55 : 778.69"
"3,56 : 890.93"
"3,57 : 511.53"
"3,58 : 541.91"
"3,59 : 870.64"
"3,60 : 839.03"
"3,61 : 614.83"
"3,62 : 468.48"
"3,63 : 785.49"
"3,64 : 955.11"
"3,65 : 564.33"
"3,66 : 1103.58"
"3,67 : 769.45"
"3,68 : 112.01"
"3,69 : 861.02"
"3,70 : 277.12"
"3,71 : 152.8"
"3,72 : 701.03"
"3,73 : 949.83"
"3,74 : 343.14"
"3,75 : 343.51"
"3,76 : 626.2"
"3,77 : 117.59"
"3,78 : 981.31"
"3,79 : 339.88"
"3,80 : 1008.14"
"3,81 : 644.02"
"3,82 : 296.59"
"3,83 : 876.8"
"3,84 : 407.72"
"3,85 : 1002.9"
"3,86 : 610.05"
"3,87 : 723.77"
"3,88 : 420.99"
"3,89 : 507.21"
"3,90 : 605.58"
"3,91 : 884.97"
"3,92 : 273.83"
"3,93 : 1078.16"
"3,94 : 477.75"
"3,95 : 497.33"
"3,96 : 229.16"
"3,97 : 859.14"
"3,98 : 714.65"
"3,99 : 386.81"
"4,0 : 663.17"
"4,1 : 302.8"
"4,2 : 401.77"
"4,3 : 640.7"
"4,4 : 0.0"
"4,5 : 367.31"
"4,6 : 561.49"
"4,7 : 604.03"
"4,8 : 433.78"
"4,9 : 436.29"
"4,10 : 583.79"
"4,11 : 494.33"
"4,12 : 346.99"
"4,13 : 309.74"
"4,14 : 359.35"
"4,15 : 414.52"
"4,16 : 675.16"
"4,17 : 302.95"
"4,18 : 766.08"
"4,19 : 551.55"
"4,20 : 247.16"
"4,21 : 487.4"
"4,22 : 401.36"
"4,23 : 495.57"
"4,24 : 746.01"
"4,25 : 398.91"
"4,26 : 115.88"
"4,27 : 619.28"
"4,28 : 589.88"
"4,29 : 284.53"
"4,30 : 703.56"
"4,31 : 83.95"
"4,32 : 219.13"
"4,33 : 602.07"
"4,34 : 635.71"
"4,35 : 624.06"
"4,36 : 438.65"
"4,37 : 684.47"
"4,38 : 248.87"
"4,39 : 276.59"
"4,40 : 637.78"
"4,41 : 65.0"
"4,42 : 64.78"
"4,43 : 566.9"
"4,44 : 625.22"
"4,45 : 353.86"
"4,46 : 248.94"
"4,47 : 296.99"
"4,48 : 690.09"
"4,49 : 762.37"
"4,50 : 248.39"
"4,51 : 261.36"
"4,52 : 233.35"
"4,53 : 362.78"
"4,54 : 855.54"
"4,55 : 147.57"
"4,56 : 291.34"
"4,57 : 453.8"
"4,58 : 425.08"
"4,59 : 230.34"
"4,60 : 211.02"
"4,61 : 616.68"
"4,62 : 630.07"
"4,63 : 148.66"
"4,64 : 445.94"
"4,65 : 148.17"
"4,66 : 468.54"
"4,67 : 266.4"
"4,68 : 532.6"
"4,69 : 220.42"
"4,70 : 486.96"
"4,71 : 551.66"
"4,72 : 487.42"
"4,73 : 425.46"
"4,74 : 352.23"
"4,75 : 298.46"
"4,76 : 164.71"
"4,77 : 622.26"
"4,78 : 424.1"
"4,79 : 382.13"
"4,80 : 418.35"
"4,81 : 78.77"
"4,82 : 344.45"
"4,83 : 330.55"
"4,84 : 663.87"
"4,85 : 362.31"
"4,86 : 360.98"
"4,87 : 339.51"
"4,88 : 501.61"
"4,89 : 294.92"
"4,90 : 175.86"
"4,91 : 310.66"
"4,92 : 779.81"
"4,93 : 437.47"
"4,94 : 167.69"
"4,95 : 343.59"
"4,96 : 568.54"
"4,97 : 258.37"
"4,98 : 117.75"
"4,99 : 505.67"
"5,0 : 935.33"
"5,1 : 603.68"
"5,2 : 159.45"
"5,3 : 977.6"
"5,4 : 367.31"
"5,5 : 0.0"
"5,6 : 633.7"
"5,7 : 632.45"
"5,8 : 783.32"
"5,9 : 629.84"
"5,10 : 485.0"
"5,11 : 858.48"
"5,12 : 675.73"
"5,13 : 363.98"
"5,14 : 109.04"
"5,15 : 140.43"
"5,16 : 885.19"
"5,17 : 312.32"
"5,18 : 741.41"
"5,19 : 659.07"
"5,20 : 612.26"
"5,21 : 836.42"
"5,22 : 396.65"
"5,23 : 811.44"
"5,24 : 991.41"
"5,25 : 589.24"
"5,26 : 426.94"
"5,27 : 497.86"
"5,28 : 567.07"
"5,29 : 625.54"
"5,30 : 996.76"
"5,31 : 448.19"
"5,32 : 370.16"
"5,33 : 556.92"
"5,34 : 718.25"
"5,35 : 898.37"
"5,36 : 618.26"
"5,37 : 864.54"
"5,38 : 381.91"
"5,39 : 312.06"
"5,40 : 826.72"
"5,41 : 426.83"
"5,42 : 377.45"
"5,43 : 717.5"
"5,44 : 919.98"
"5,45 : 85.44"
"5,46 : 358.75"
"5,47 : 257.86"
"5,48 : 841.77"
"5,49 : 1072.44"
"5,50 : 613.4"
"5,51 : 545.01"
"5,52 : 423.71"
"5,53 : 255.36"
"5,54 : 1144.0"
"5,55 : 300.74"
"5,56 : 87.46"
"5,57 : 623.46"
"5,58 : 579.74"
"5,59 : 187.39"
"5,60 : 159.31"
"5,61 : 729.51"
"5,62 : 818.73"
"5,63 : 226.8"
"5,64 : 215.14"
"5,65 : 413.73"
"5,66 : 162.46"
"5,67 : 244.72"
"5,68 : 865.79"
"5,69 : 212.47"
"5,70 : 765.84"
"5,71 : 862.29"
"5,72 : 530.0"
"5,73 : 186.59"
"5,74 : 718.28"
"5,75 : 638.3"
"5,76 : 356.2"
"5,77 : 934.25"
"5,78 : 132.03"
"5,79 : 749.07"
"5,80 : 70.77"
"5,81 : 337.25"
"5,82 : 685.79"
"5,83 : 153.21"
"5,84 : 881.03"
"5,85 : 173.69"
"5,86 : 478.0"
"5,87 : 611.04"
"5,88 : 714.35"
"5,89 : 651.08"
"5,90 : 378.74"
"5,91 : 113.44"
"5,92 : 1059.34"
"5,93 : 219.11"
"5,94 : 529.59"
"5,95 : 546.2"
"5,96 : 933.34"
"5,97 : 358.6"
"5,98 : 266.2"
"5,99 : 871.01"
"6,0 : 476.03"
"6,1 : 834.77"
"6,2 : 778.26"
"6,3 : 670.48"
"6,4 : 561.49"
"6,5 : 633.7"
"6,6 : 0.0"
"6,7 : 76.22"
"6,8 : 597.48"
"6,9 : 210.24"
"6,10 : 271.54"
"6,11 : 727.36"
"6,12 : 842.22"
"6,13 : 286.4"
"6,14 : 529.5"
"6,15 : 530.07"
"6,16 : 334.89"
"6,17 : 329.62"
"6,18 : 240.36"
"6,19 : 60.01"
"6,20 : 600.89"
"6,21 : 625.16"
"6,22 : 237.47"
"6,23 : 983.8"
"6,24 : 468.82"
"6,25 : 215.67"
"6,26 : 673.3"
"6,27 : 307.96"
"6,28 : 153.73"
"6,29 : 774.82"
"6,30 : 564.09"
"6,31 : 600.54"
"6,32 : 347.57"
"6,33 : 189.08"
"6,34 : 84.76"
"6,35 : 455.86"
"6,36 : 188.6"
"6,37 : 280.02"
"6,38 : 796.58"
"6,39 : 340.51"
"6,40 : 264.01"
"6,41 : 543.92"
"6,42 : 626.2"
"6,43 : 145.88"
"6,44 : 514.38"
"6,45 : 697.6"
"6,46 : 789.01"
"6,47 : 778.33"
"6,48 : 232.03"
"6,49 : 661.3"
"6,50 : 600.67"
"6,51 : 382.34"
"6,52 : 328.88"
"6,53 : 822.01"
"6,54 : 669.6"
"6,55 : 674.81"
"6,56 : 564.78"
"6,57 : 170.32"
"6,58 : 163.25"
"6,59 : 671.53"
"6,60 : 598.43"
"6,61 : 106.83"
"6,62 : 258.31"
"6,63 : 600.61"
"6,64 : 473.21"
"6,65 : 419.53"
"6,66 : 796.14"
"6,67 : 402.62"
"6,68 : 584.71"
"6,69 : 683.1"
"6,70 : 395.49"
"6,71 : 517.81"
"6,72 : 104.32"
"6,73 : 488.12"
"6,74 : 662.73"
"6,75 : 505.03"
"6,76 : 400.39"
"6,77 : 566.19"
"6,78 : 548.06"
"6,79 : 696.5"
"6,80 : 614.1"
"6,81 : 489.04"
"6,82 : 524.18"
"6,83 : 480.67"
"6,84 : 342.54"
"6,85 : 768.63"
"6,86 : 200.73"
"6,87 : 884.27"
"6,88 : 249.61"
"6,89 : 746.66"
"6,90 : 386.04"
"6,91 : 522.18"
"6,92 : 582.98"
"6,93 : 836.97"
"6,94 : 555.0"
"6,95 : 254.13"
"6,96 : 786.31"
"6,97 : 796.73"
"6,98 : 508.01"
"6,99 : 844.81"
"7,0 : 548.36"
"7,1 : 887.29"
"7,2 : 783.44"
"7,3 : 746.63"
"7,4 : 604.03"
"7,5 : 632.45"
"7,6 : 76.22"
"7,7 : 0.0"
"7,8 : 671.26"
"7,9 : 284.54"
"7,10 : 218.55"
"7,11 : 800.73"
"7,12 : 900.15"
"7,13 : 309.27"
"7,14 : 524.94"
"7,15 : 517.26"
"7,16 : 399.66"
"7,17 : 344.18"
"7,18 : 171.83"
"7,19 : 134.54"
"7,20 : 664.77"
"7,21 : 700.1"
"7,22 : 240.28"
"7,23 : 1044.01"
"7,24 : 534.3"
"7,25 : 286.11"
"7,26 : 718.28"
"7,27 : 249.55"
"7,28 : 93.3"
"7,29 : 832.33"
"7,30 : 636.96"
"7,31 : 650.34"
"7,32 : 385.57"
"7,33 : 126.63"
"7,34 : 114.13"
"7,35 : 529.66"
"7,36 : 262.25"
"7,37 : 338.6"
"7,38 : 830.22"
"7,39 : 360.17"
"7,40 : 329.37"
"7,41 : 593.17"
"7,42 : 668.09"
"7,43 : 217.19"
"7,44 : 589.23"
"7,45 : 702.42"
"7,46 : 820.68"
"7,47 : 799.06"
"7,48 : 282.7"
"7,49 : 734.38"
"7,50 : 664.64"
"7,51 : 446.56"
"7,52 : 376.09"
"7,53 : 837.76"
"7,54 : 737.57"
"7,55 : 706.84"
"7,56 : 570.93"
"7,57 : 244.6"
"7,58 : 232.01"
"7,59 : 691.14"
"7,60 : 616.39"
"7,61 : 161.3"
"7,62 : 324.47"
"7,63 : 626.62"
"7,64 : 453.6"
"7,65 : 468.18"
"7,66 : 793.74"
"7,67 : 415.94"
"7,68 : 660.77"
"7,69 : 705.03"
"7,70 : 471.69"
"7,71 : 593.98"
"7,72 : 117.89"
"7,73 : 472.26"
"7,74 : 731.38"
"7,75 : 573.83"
"7,76 : 439.84"
"7,77 : 641.79"
"7,78 : 534.54"
"7,79 : 765.72"
"7,80 : 604.69"
"7,81 : 528.44"
"7,82 : 595.34"
"7,83 : 479.84"
"7,84 : 409.19"
"7,85 : 778.46"
"7,86 : 246.48"
"7,87 : 934.43"
"7,88 : 325.68"
"7,89 : 807.46"
"7,90 : 428.51"
"7,91 : 524.67"
"7,92 : 652.0"
"7,93 : 843.15"
"7,94 : 613.78"
"7,95 : 319.08"
"7,96 : 860.75"
"7,97 : 827.81"
"7,98 : 538.25"
"7,99 : 915.04"
"8,0 : 344.37"
"8,1 : 464.98"
"8,2 : 835.52"
"8,3 : 212.14"
"8,4 : 433.78"
"8,5 : 783.32"
"8,6 : 597.48"
"8,7 : 671.26"
"8,8 : 0.0"
"8,9 : 387.25"
"8,10 : 784.58"
"8,11 : 130.48"
"8,12 : 409.57"
"8,13 : 538.92"
"8,14 : 742.2"
"8,15 : 787.17"
"8,16 : 463.32"
"8,17 : 575.35"
"8,18 : 836.83"
"8,19 : 548.51"
"8,20 : 203.73"
"8,21 : 53.67"
"8,22 : 610.15"
"8,23 : 498.63"
"8,24 : 453.51"
"8,25 : 387.55"
"8,26 : 450.49"
"8,27 : 827.93"
"8,28 : 717.35"
"8,29 : 367.98"
"8,30 : 336.79"
"8,31 : 375.03"
"8,32 : 459.05"
"8,33 : 746.83"
"8,34 : 625.19"
"8,35 : 313.19"
"8,36 : 409.09"
"8,37 : 517.5"
"8,38 : 624.67"
"8,39 : 553.01"
"8,40 : 474.94"
"8,41 : 368.8"
"8,42 : 460.2"
"8,43 : 496.42"
"8,44 : 272.59"
"8,45 : 784.16"
"8,46 : 637.11"
"8,47 : 720.21"
"8,48 : 563.95"
"8,49 : 361.0"
"8,50 : 202.31"
"8,51 : 272.34"
"8,52 : 412.49"
"8,53 : 788.2"
"8,54 : 476.95"
"8,55 : 568.25"
"8,56 : 698.36"
"8,57 : 427.16"
"8,58 : 442.23"
"8,59 : 664.09"
"8,60 : 637.89"
"8,61 : 574.88"
"8,62 : 470.94"
"8,63 : 580.93"
"8,64 : 787.61"
"8,65 : 377.3"
"8,66 : 900.8"
"8,67 : 594.19"
"8,68 : 119.23"
"8,69 : 653.09"
"8,70 : 235.47"
"8,71 : 187.02"
"8,72 : 596.95"
"8,73 : 778.16"
"8,74 : 144.07"
"8,75 : 146.51"
"8,76 : 443.81"
"8,77 : 235.58"
"8,78 : 801.88"
"8,79 : 155.0"
"8,80 : 820.27"
"8,81 : 446.22"
"8,82 : 100.4"
"8,83 : 697.07"
"8,84 : 444.06"
"8,85 : 795.77"
"8,86 : 480.17"
"8,87 : 525.4"
"8,88 : 371.59"
"8,89 : 309.28"
"8,90 : 425.98"
"8,91 : 698.64"
"8,92 : 423.82"
"8,93 : 870.15"
"8,94 : 267.93"
"8,95 : 369.97"
"8,96 : 191.09"
"8,97 : 647.0"
"8,98 : 517.38"
"8,99 : 268.41"
"9,0 : 326.09"
"9,1 : 669.12"
"9,2 : 747.74"
"9,3 : 474.49"
"9,4 : 436.29"
"9,5 : 629.84"
"9,6 : 210.24"
"9,7 : 284.54"
"9,8 : 387.25"
"9,9 : 0.0"
"9,10 : 428.57"
"9,11 : 517.23"
"9,12 : 662.22"
"9,13 : 273.4"
"9,14 : 543.85"
"9,15 : 566.02"
"9,16 : 256.91"
"9,17 : 326.27"
"9,18 : 449.85"
"9,19 : 163.36"
"9,20 : 409.69"
"9,21 : 415.65"
"9,22 : 294.73"
"9,23 : 796.62"
"9,24 : 363.76"
"9,25 : 41.34"
"9,26 : 534.03"
"9,27 : 471.16"
"9,28 : 339.56"
"9,29 : 597.04"
"9,30 : 404.68"
"9,31 : 450.49"
"9,32 : 268.08"
"9,33 : 372.05"
"9,34 : 246.01"
"9,35 : 295.06"
"9,36 : 23.54"
"9,37 : 250.77"
"9,38 : 684.89"
"9,39 : 319.87"
"9,40 : 206.16"
"9,41 : 399.03"
"9,42 : 498.62"
"9,43 : 137.1"
"9,44 : 339.85"
"9,45 : 672.65"
"9,46 : 683.27"
"9,47 : 704.18"
"9,48 : 254.39"
"9,49 : 496.76"
"9,50 : 409.22"
"9,51 : 199.61"
"9,52 : 221.89"
"9,53 : 759.91"
"9,54 : 536.46"
"9,55 : 573.6"
"9,56 : 546.47"
"9,57 : 39.96"
"9,58 : 69.35"
"9,59 : 606.55"
"9,60 : 543.65"
"9,61 : 204.83"
"9,62 : 198.15"
"9,63 : 522.23"
"9,64 : 532.41"
"9,65 : 289.09"
"9,66 : 785.72"
"9,67 : 386.08"
"9,68 : 380.55"
"9,69 : 610.71"
"9,70 : 197.91"
"9,71 : 322.8"
"9,72 : 226.61"
"9,73 : 536.29"
"9,74 : 459.32"
"9,75 : 302.95"
"9,76 : 304.51"
"9,77 : 381.05"
"9,78 : 584.14"
"9,79 : 491.8"
"9,80 : 633.77"
"9,81 : 380.49"
"9,82 : 316.9"
"9,83 : 490.7"
"9,84 : 251.47"
"9,85 : 725.65"
"9,86 : 162.11"
"9,87 : 723.95"
"9,88 : 85.43"
"9,89 : 560.81"
"9,90 : 282.63"
"9,91 : 518.31"
"9,92 : 448.17"
"9,93 : 800.95"
"9,94 : 379.82"
"9,95 : 94.25"
"9,96 : 576.25"
"9,97 : 692.3"
"9,98 : 425.84"
"9,99 : 637.89"
"10,0 : 736.95"
"10,1 : 886.06"
"10,2 : 644.13"
"10,3 : 901.91"
"10,4 : 583.79"
"10,5 : 485.0"
"10,6 : 271.54"
"10,7 : 218.55"
"10,8 : 784.58"
"10,9 : 428.57"
"10,10 : 0.0"
"10,11 : 906.43"
"10,12 : 920.01"
"10,13 : 281.19"
"10,14 : 377.34"
"10,15 : 350.65"
"10,16 : 605.9"
"10,17 : 281.02"
"10,18 : 263.05"
"10,19 : 328.06"
"10,20 : 721.19"
"10,21 : 823.65"
"10,22 : 189.45"
"10,23 : 1069.36"
"10,24 : 739.16"
"10,25 : 409.98"
"10,26 : 698.01"
"10,27 : 43.42"
"10,28 : 125.43"
"10,29 : 853.03"
"10,30 : 822.51"
"10,31 : 651.45"
"10,32 : 380.62"
"10,33 : 95.46"
"10,34 : 332.42"
"10,35 : 712.25"
"10,36 : 405.36"
"10,37 : 551.09"
"10,38 : 767.03"
"10,39 : 307.2"
"10,40 : 535.06"
"10,41 : 596.8"
"10,42 : 640.67"
"10,43 : 414.42"
"10,44 : 764.55"
"10,45 : 565.85"
"10,46 : 751.86"
"10,47 : 699.48"
"10,48 : 499.19"
"10,49 : 918.15"
"10,50 : 721.49"
"10,51 : 521.81"
"10,52 : 401.6"
"10,53 : 723.04"
"10,54 : 937.25"
"10,55 : 645.33"
"10,56 : 446.52"
"10,57 : 394.0"
"10,58 : 360.17"
"10,59 : 594.24"
"10,60 : 520.22"
"10,61 : 374.82"
"10,62 : 529.09"
"10,63 : 552.76"
"10,64 : 277.05"
"10,65 : 483.23"
"10,66 : 636.43"
"10,67 : 331.89"
"10,68 : 803.09"
"10,69 : 613.82"
"10,70 : 626.34"
"10,71 : 751.09"
"10,72 : 203.06"
"10,73 : 302.49"
"10,74 : 808.48"
"10,75 : 659.78"
"10,76 : 429.23"
"10,77 : 809.16"
"10,78 : 365.04"
"10,79 : 844.65"
"10,80 : 439.97"
"10,81 : 505.49"
"10,82 : 693.41"
"10,83 : 346.55"
"10,84 : 612.64"
"10,85 : 650.86"
"10,86 : 304.59"
"10,87 : 922.63"
"10,88 : 495.97"
"10,89 : 843.13"
"10,90 : 429.35"
"10,91 : 395.06"
"10,92 : 849.59"
"10,93 : 704.05"
"10,94 : 651.6"
"10,95 : 415.38"
"10,96 : 974.72"
"10,97 : 756.93"
"10,98 : 485.59"
"10,99 : 995.38"
"11,0 : 444.15"
"11,1 : 440.28"
"11,2 : 889.99"
"11,3 : 239.71"
"11,4 : 494.33"
"11,5 : 858.48"
"11,6 : 727.36"
"11,7 : 800.73"
"11,8 : 130.48"
"11,9 : 517.23"
"11,10 : 906.43"
"11,11 : 0.0"
"11,12 : 366.32"
"11,13 : 650.47"
"11,14 : 830.45"
"11,15 : 879.25"
"11,16 : 581.91"
"11,17 : 682.13"
"11,18 : 967.0"
"11,19 : 678.89"
"11,20 : 247.16"
"11,21 : 120.34"
"11,22 : 727.28"
"11,23 : 419.58"
"11,24 : 553.95"
"11,25 : 515.91"
"11,26 : 480.53"
"11,27 : 949.57"
"11,28 : 844.3"
"11,29 : 345.15"
"11,30 : 414.88"
"11,31 : 421.37"
"11,32 : 563.43"
"11,33 : 872.98"
"11,34 : 755.64"
"11,35 : 418.7"
"11,36 : 538.81"
"11,37 : 640.45"
"11,38 : 643.92"
"11,39 : 658.05"
"11,40 : 599.65"
"11,41 : 432.13"
"11,42 : 505.1"
"11,43 : 626.51"
"11,44 : 366.07"
"11,45 : 847.8"
"11,46 : 660.38"
"11,47 : 758.57"
"11,48 : 689.93"
"11,49 : 410.02"
"11,50 : 245.94"
"11,51 : 386.58"
"11,52 : 521.68"
"11,53 : 826.65"
"11,54 : 535.59"
"11,55 : 611.44"
"11,56 : 777.11"
"11,57 : 557.07"
"11,58 : 570.61"
"11,59 : 718.95"
"11,60 : 705.06"
"11,61 : 705.09"
"11,62 : 596.16"
"11,63 : 642.57"
"11,64 : 887.64"
"11,65 : 471.51"
"11,66 : 960.7"
"11,67 : 691.84"
"11,68 : 202.07"
"11,69 : 704.18"
"11,70 : 361.62"
"11,71 : 288.44"
"11,72 : 723.22"
"11,73 : 875.42"
"11,74 : 143.92"
"11,75 : 249.83"
"11,76 : 539.68"
"11,77 : 314.07"
"11,78 : 892.65"
"11,79 : 122.07"
"11,80 : 902.61"
"11,81 : 524.44"
"11,82 : 213.02"
"11,83 : 789.12"
"11,84 : 562.18"
"11,85 : 846.79"
"11,86 : 602.03"
"11,87 : 496.62"
"11,88 : 501.38"
"11,89 : 285.84"
"11,90 : 524.85"
"11,91 : 784.45"
"11,92 : 500.17"
"11,93 : 917.58"
"11,94 : 328.9"
"11,95 : 494.65"
"11,96 : 75.24"
"11,97 : 669.8"
"11,98 : 593.97"
"11,99 : 154.38"
"12,0 : 747.48"
"12,1 : 89.89"
"12,2 : 645.0"
"12,3 : 598.77"
"12,4 : 346.99"
"12,5 : 675.73"
"12,6 : 842.22"
"12,7 : 900.15"
"12,8 : 409.57"
"12,9 : 662.22"
"12,10 : 920.01"
"12,11 : 366.32"
"12,12 : 0.0"
"12,13 : 639.25"
"12,14 : 694.92"
"12,15 : 751.86"
"12,16 : 835.04"
"12,17 : 643.09"
"12,18 : 1070.61"
"12,19 : 814.24"
"12,20 : 257.31"
"12,21 : 445.28"
"12,22 : 731.95"
"12,23 : 149.58"
"12,24 : 853.53"
"12,25 : 637.89"
"12,26 : 251.53"
"12,27 : 957.97"
"12,28 : 906.53"
"12,29 : 68.01"
"12,30 : 746.35"
"12,31 : 270.04"
"12,32 : 540.45"
"12,33 : 924.56"
"12,34 : 901.19"
"12,35 : 712.83"
"12,36 : 675.19"
"12,37 : 872.17"
"12,38 : 344.42"
"12,39 : 615.99"
"12,40 : 824.76"
"12,41 : 323.28"
"12,42 : 307.55"
"12,43 : 798.19"
"12,44 : 680.31"
"12,45 : 631.83"
"12,46 : 367.28"
"12,47 : 487.26"
"12,48 : 901.27"
"12,49 : 763.55"
"12,50 : 258.09"
"12,51 : 464.56"
"12,52 : 530.45"
"12,53 : 548.61"
"12,54 : 884.17"
"12,55 : 376.65"
"12,56 : 616.39"
"12,57 : 694.16"
"12,58 : 682.93"
"12,59 : 495.41"
"12,60 : 519.53"
"12,61 : 866.27"
"12,62 : 818.62"
"12,63 : 452.86"
"12,64 : 790.42"
"12,65 : 440.71"
"12,66 : 724.07"
"12,67 : 613.04"
"12,68 : 527.31"
"12,69 : 472.7"
"12,70 : 602.9"
"12,71 : 594.01"
"12,72 : 791.79"
"12,73 : 768.32"
"12,74 : 265.55"
"12,75 : 377.18"
"12,76 : 490.78"
"12,77 : 644.93"
"12,78 : 758.94"
"12,79 : 259.99"
"12,80 : 738.32"
"12,81 : 420.22"
"12,82 : 391.18"
"12,83 : 673.06"
"12,84 : 818.0"
"12,85 : 597.02"
"12,86 : 655.99"
"12,87 : 134.47"
"12,88 : 693.43"
"12,89 : 106.3"
"12,90 : 491.71"
"12,91 : 646.56"
"12,92 : 833.37"
"12,93 : 652.86"
"12,94 : 287.24"
"12,95 : 590.36"
"12,96 : 414.35"
"12,97 : 374.36"
"12,98 : 462.78"
"12,99 : 269.01"
"13,0 : 594.43"
"13,1 : 608.8"
"13,2 : 497.65"
"13,3 : 693.27"
"13,4 : 309.74"
"13,5 : 363.98"
"13,6 : 286.4"
"13,7 : 309.27"
"13,8 : 538.92"
"13,9 : 273.4"
"13,10 : 281.19"
"13,11 : 650.47"
"13,12 : 639.25"
"13,13 : 0.0"
"13,14 : 271.54"
"13,15 : 292.88"
"13,16 : 524.0"
"13,17 : 53.08"
"13,18 : 461.13"
"13,19 : 300.57"
"13,20 : 445.46"
"13,21 : 584.88"
"13,22 : 92.85"
"13,23 : 788.44"
"13,24 : 637.04"
"13,25 : 235.19"
"13,26 : 425.56"
"13,27 : 320.48"
"13,28 : 281.54"
"13,29 : 572.07"
"13,30 : 666.48"
"13,31 : 371.95"
"13,32 : 99.49"
"13,33 : 292.36"
"13,34 : 370.07"
"13,35 : 560.38"
"13,36 : 258.7"
"13,37 : 500.62"
"13,38 : 522.29"
"13,39 : 54.71"
"13,40 : 463.5"
"13,41 : 316.43"
"13,42 : 370.74"
"13,43 : 353.73"
"13,44 : 594.62"
"13,45 : 418.24"
"13,46 : 511.94"
"13,47 : 492.47"
"13,48 : 478.94"
"13,49 : 752.46"
"13,50 : 445.89"
"13,51 : 266.58"
"13,52 : 129.12"
"13,53 : 535.67"
"13,54 : 805.68"
"13,55 : 398.51"
"13,56 : 286.3"
"13,57 : 261.63"
"13,58 : 217.18"
"13,59 : 385.3"
"13,60 : 312.03"
"13,61 : 371.73"
"13,62 : 455.57"
"13,63 : 317.46"
"13,64 : 265.65"
"13,65 : 202.63"
"13,66 : 524.49"
"13,67 : 120.77"
"13,68 : 584.5"
"13,69 : 397.56"
"13,70 : 439.93"
"13,71 : 554.69"
"13,72 : 192.13"
"13,73 : 265.7"
"13,74 : 538.91"
"13,75 : 400.69"
"13,76 : 149.04"
"13,77 : 622.93"
"13,78 : 310.92"
"13,79 : 575.11"
"13,80 : 361.42"
"13,81 : 231.08"
"13,82 : 440.82"
"13,83 : 218.5"
"13,84 : 521.31"
"13,85 : 484.48"
"13,86 : 114.69"
"13,87 : 648.85"
"13,88 : 358.82"
"13,89 : 562.23"
"13,90 : 148.17"
"13,91 : 250.64"
"13,92 : 718.17"
"13,93 : 555.06"
"13,94 : 372.23"
"13,95 : 204.27"
"13,96 : 722.72"
"13,97 : 518.9"
"13,98 : 229.86"
"13,99 : 723.94"
"14,0 : 859.23"
"14,1 : 632.59"
"14,2 : 267.02"
"14,3 : 925.34"
"14,4 : 359.35"
"14,5 : 109.04"
"14,6 : 529.5"
"14,7 : 524.94"
"14,8 : 742.2"
"14,9 : 543.85"
"14,10 : 377.34"
"14,11 : 830.45"
"14,12 : 694.92"
"14,13 : 271.54"
"14,14 : 0.0"
"14,15 : 57.31"
"14,16 : 795.5"
"14,17 : 218.5"
"14,18 : 632.48"
"14,19 : 558.2"
"14,20 : 590.17"
"14,21 : 793.88"
"14,22 : 292.04"
"14,23 : 838.17"
"14,24 : 907.55"
"14,25 : 504.48"
"14,26 : 443.71"
"14,27 : 392.31"
"14,28 : 458.14"
"14,29 : 637.91"
"14,30 : 926.05"
"14,31 : 443.3"
"14,32 : 299.28"
"14,33 : 447.91"
"14,34 : 613.65"
"14,35 : 823.57"
"14,36 : 530.02"
"14,37 : 769.89"
"14,38 : 440.73"
"14,39 : 224.44"
"14,40 : 734.23"
"14,41 : 409.37"
"14,42 : 387.56"
"14,43 : 621.14"
"14,44 : 851.08"
"14,45 : 188.6"
"14,46 : 420.13"
"14,47 : 339.02"
"14,48 : 743.21"
"14,49 : 1006.68"
"14,50 : 591.14"
"14,51 : 486.42"
"14,52 : 353.33"
"14,53 : 350.96"
"14,54 : 1069.86"
"14,55 : 337.4"
"14,56 : 87.0"
"14,57 : 533.16"
"14,58 : 488.62"
"14,59 : 245.67"
"14,60 : 186.17"
"14,61 : 627.86"
"14,62 : 726.35"
"14,63 : 246.27"
"14,64 : 117.72"
"14,65 : 364.97"
"14,66 : 268.81"
"14,67 : 161.04"
"14,68 : 813.46"
"14,69 : 269.77"
"14,70 : 695.54"
"14,71 : 800.21"
"14,72 : 425.32"
"14,73 : 88.84"
"14,74 : 696.03"
"14,75 : 595.69"
"14,76 : 299.79"
"14,77 : 871.3"
"14,78 : 64.76"
"14,79 : 729.3"
"14,80 : 89.94"
"14,81 : 308.2"
"14,82 : 642.28"
"14,83 : 53.15"
"14,84 : 792.83"
"14,85 : 274.71"
"14,86 : 386.09"
"14,87 : 649.84"
"14,88 : 629.21"
"14,89 : 653.88"
"14,90 : 319.82"
"14,91 : 48.76"
"14,92 : 983.49"
"14,93 : 327.1"
"14,94 : 506.17"
"14,95 : 466.56"
"14,96 : 905.67"
"14,97 : 422.27"
"14,98 : 243.53"
"14,99 : 862.17"
"15,0 : 886.68"
"15,1 : 689.88"
"15,2 : 298.72"
"15,3 : 965.29"
"15,4 : 414.52"
"15,5 : 140.43"
"15,6 : 530.07"
"15,7 : 517.26"
"15,8 : 787.17"
"15,9 : 566.02"
"15,10 : 350.65"
"15,11 : 879.25"
"15,12 : 751.86"
"15,13 : 292.88"
"15,14 : 57.31"
"15,15 : 0.0"
"15,16 : 812.69"
"15,17 : 240.63"
"15,18 : 611.26"
"15,19 : 564.13"
"15,20 : 641.38"
"15,21 : 838.14"
"15,22 : 295.49"
"15,23 : 895.37"
"15,24 : 929.2"
"15,25 : 528.08"
"15,26 : 500.78"
"15,27 : 360.09"
"15,28 : 443.37"
"15,29 : 694.42"
"15,30 : 956.62"
"15,31 : 498.42"
"15,32 : 335.92"
"15,33 : 429.06"
"15,34 : 612.77"
"15,35 : 852.02"
"15,36 : 550.4"
"15,37 : 782.24"
"15,38 : 495.69"
"15,39 : 252.25"
"15,40 : 749.03"
"15,41 : 462.64"
"15,42 : 444.39"
"15,43 : 632.46"
"15,44 : 883.0"
"15,45 : 225.57"
"15,46 : 474.59"
"15,47 : 388.17"
"15,48 : 751.09"
"15,49 : 1039.82"
"15,50 : 642.31"
"15,51 : 526.09"
"15,52 : 388.97"
"15,53 : 393.86"
"15,54 : 1097.86"
"15,55 : 394.31"
"15,56 : 142.76"
"15,57 : 551.62"
"15,58 : 506.8"
"15,59 : 299.41"
"15,60 : 242.8"
"15,61 : 632.06"
"15,62 : 741.31"
"15,63 : 303.56"
"15,64 : 75.33"
"15,65 : 410.26"
"15,66 : 285.8"
"15,67 : 195.88"
"15,68 : 853.78"
"15,69 : 323.97"
"15,70 : 727.42"
"15,71 : 836.03"
"15,72 : 426.01"
"15,73 : 48.17"
"15,74 : 746.77"
"15,75 : 640.89"
"15,76 : 343.37"
"15,77 : 906.39"
"15,78 : 18.38"
"15,79 : 780.54"
"15,80 : 89.63"
"15,81 : 360.12"
"15,82 : 686.88"
"15,83 : 90.27"
"15,84 : 811.37"
"15,85 : 313.73"
"15,86 : 405.03"
"15,87 : 707.02"
"15,88 : 651.34"
"15,89 : 709.37"
"15,90 : 361.89"
"15,91 : 105.31"
"15,92 : 1010.64"
"15,93 : 357.48"
"15,94 : 557.51"
"15,95 : 494.49"
"15,96 : 954.38"
"15,97 : 476.32"
"15,98 : 297.74"
"15,99 : 915.42"
"16,0 : 176.88"
"16,1 : 863.0"
"16,2 : 1004.59"
"16,3 : 427.28"
"16,4 : 675.16"
"16,5 : 885.19"
"16,6 : 334.89"
"16,7 : 399.66"
"16,8 : 463.32"
"16,9 : 256.91"
"16,10 : 605.9"
"16,11 : 581.91"
"16,12 : 835.04"
"16,13 : 524.0"
"16,14 : 795.5"
"16,15 : 812.69"
"16,16 : 0.0"
"16,17 : 577.01"
"16,18 : 508.17"
"16,19 : 278.02"
"16,20 : 579.78"
"16,21 : 461.71"
"16,22 : 524.74"
"16,23 : 949.24"
"16,24 : 134.65"
"16,25 : 298.2"
"16,26 : 759.77"
"16,27 : 642.85"
"16,28 : 487.75"
"16,29 : 777.14"
"16,30 : 262.62"
"16,31 : 672.11"
"16,32 : 524.75"
"16,33 : 522.95"
"16,34 : 294.24"
"16,35 : 179.13"
"16,36 : 266.96"
"16,37 : 74.46"
"16,38 : 922.8"
"16,39 : 573.6"
"16,40 : 70.88"
"16,41 : 627.93"
"16,42 : 733.51"
"16,43 : 192.63"
"16,44 : 246.22"
"16,45 : 929.53"
"16,46 : 924.08"
"16,47 : 955.6"
"16,48 : 141.04"
"16,49 : 357.02"
"16,50 : 578.83"
"16,51 : 416.43"
"16,52 : 476.95"
"16,53 : 1013.43"
"16,54 : 339.33"
"16,55 : 818.7"
"16,56 : 802.74"
"16,57 : 262.38"
"16,58 : 306.88"
"16,59 : 860.83"
"16,60 : 799.72"
"16,61 : 239.42"
"16,62 : 76.9"
"16,63 : 775.03"
"16,64 : 770.8"
"16,65 : 533.7"
"16,66 : 1042.21"
"16,67 : 640.63"
"16,68 : 386.91"
"16,69 : 863.57"
"16,70 : 234.18"
"16,71 : 299.11"
"16,72 : 415.47"
"16,73 : 778.69"
"16,74 : 586.97"
"16,75 : 458.74"
"16,76 : 558.59"
"16,77 : 309.69"
"16,78 : 831.04"
"16,79 : 609.88"
"16,80 : 885.3"
"16,81 : 628.71"
"16,82 : 445.53"
"16,83 : 742.5"
"16,84 : 20.0"
"16,85 : 981.9"
"16,86 : 409.42"
"16,87 : 922.16"
"16,88 : 176.66"
"16,89 : 728.77"
"16,90 : 536.0"
"16,91 : 772.82"
"16,92 : 256.5"
"16,93 : 1057.49"
"16,94 : 580.52"
"16,95 : 347.82"
"16,96 : 615.17"
"16,97 : 933.54"
"16,98 : 679.53"
"16,99 : 730.64"
"17,0 : 646.11"
"17,1 : 605.57"
"17,2 : 449.67"
"17,3 : 737.37"
"17,4 : 302.95"
"17,5 : 312.32"
"17,6 : 329.62"
"17,7 : 344.18"
"17,8 : 575.35"
"17,9 : 326.27"
"17,10 : 281.02"
"17,11 : 682.13"
"17,12 : 643.09"
"17,13 : 53.08"
"17,14 : 218.5"
"17,15 : 240.63"
"17,16 : 577.01"
"17,17 : 0.0"
"17,18 : 486.19"
"17,19 : 348.67"
"17,20 : 466.31"
"17,21 : 623.01"
"17,22 : 108.26"
"17,23 : 792.67"
"17,24 : 689.98"
"17,25 : 287.72"
"17,26 : 417.0"
"17,27 : 316.43"
"17,28 : 303.94"
"17,29 : 577.09"
"17,30 : 717.0"
"17,31 : 373.21"
"17,32 : 119.1"
"17,33 : 309.03"
"17,34 : 414.15"
"17,35 : 611.66"
"17,36 : 311.76"
"17,37 : 552.83"
"17,38 : 497.23"
"17,39 : 27.2"
"17,40 : 516.19"
"17,41 : 320.48"
"17,42 : 359.81"
"17,43 : 405.23"
"17,44 : 644.32"
"17,45 : 369.55"
"17,46 : 484.86"
"17,47 : 455.0"
"17,48 : 529.59"
"17,49 : 801.83"
"17,50 : 466.89"
"17,51 : 304.08"
"17,52 : 163.0"
"17,53 : 494.3"
"17,54 : 857.33"
"17,55 : 373.47"
"17,56 : 236.88"
"17,57 : 314.66"
"17,58 : 270.15"
"17,59 : 347.01"
"17,60 : 272.22"
"17,61 : 419.66"
"17,62 : 508.28"
"17,63 : 286.53"
"17,64 : 218.05"
"17,65 : 219.31"
"17,66 : 473.57"
"17,67 : 73.01"
"17,68 : 627.49"
"17,69 : 361.45"
"17,70 : 489.12"
"17,71 : 601.64"
"17,72 : 230.23"
"17,73 : 215.6"
"17,74 : 564.16"
"17,75 : 433.56"
"17,76 : 155.91"
"17,77 : 670.74"
"17,78 : 258.54"
"17,79 : 600.08"
"17,80 : 308.35"
"17,81 : 225.02"
"17,82 : 475.88"
"17,83 : 165.49"
"17,84 : 574.38"
"17,85 : 439.0"
"17,86 : 167.62"
"17,87 : 641.61"
"17,88 : 411.69"
"17,89 : 572.75"
"17,90 : 162.86"
"17,91 : 198.88"
"17,92 : 770.03"
"17,93 : 507.87"
"17,94 : 388.7"
"17,95 : 254.48"
"17,96 : 755.51"
"17,97 : 491.14"
"17,98 : 207.65"
"17,99 : 746.63"
"18,0 : 675.33"
"18,1 : 1055.08"
"18,2 : 898.94"
"18,3 : 895.01"
"18,4 : 766.08"
"18,5 : 741.41"
"18,6 : 240.36"
"18,7 : 171.83"
"18,8 : 836.83"
"18,9 : 449.85"
"18,10 : 263.05"
"18,11 : 967.0"
"18,12 : 1070.61"
"18,13 : 461.13"
"18,14 : 632.48"
"18,15 : 611.26"
"18,16 : 508.17"
"18,17 : 486.19"
"18,18 : 0.0"
"18,19 : 289.01"
"18,20 : 836.6"
"18,21 : 862.59"
"18,22 : 377.93"
"18,23 : 1215.17"
"18,24 : 638.52"
"18,25 : 455.69"
"18,26 : 881.47"
"18,27 : 267.51"
"18,28 : 182.48"
"18,29 : 1002.69"
"18,30 : 764.46"
"18,31 : 817.16"
"18,32 : 547.02"
"18,33 : 185.07"
"18,34 : 223.67"
"18,35 : 663.32"
"18,36 : 428.71"
"18,37 : 436.57"
"18,38 : 982.3"
"18,39 : 506.66"
"18,40 : 444.21"
"18,41 : 759.92"
"18,42 : 829.14"
"18,43 : 356.1"
"18,44 : 727.35"
"18,45 : 819.03"
"18,46 : 970.73"
"18,47 : 936.36"
"18,48 : 370.6"
"18,49 : 861.38"
"18,50 : 836.47"
"18,51 : 618.36"
"18,52 : 543.34"
"18,53 : 967.91"
"18,54 : 844.48"
"18,55 : 858.36"
"18,56 : 693.01"
"18,57 : 410.12"
"18,58 : 402.36"
"18,59 : 828.58"
"18,60 : 753.16"
"18,61 : 281.14"
"18,62 : 441.69"
"18,63 : 772.71"
"18,64 : 538.98"
"18,65 : 635.36"
"18,66 : 896.68"
"18,67 : 553.11"
"18,68 : 816.94"
"18,69 : 845.14"
"18,70 : 626.29"
"18,71 : 744.18"
"18,72 : 280.47"
"18,73 : 563.31"
"18,74 : 902.27"
"18,75 : 744.6"
"18,76 : 601.39"
"18,77 : 784.56"
"18,78 : 626.41"
"18,79 : 936.34"
"18,80 : 700.88"
"18,81 : 688.76"
"18,82 : 764.53"
"18,83 : 595.22"
"18,84 : 522.32"
"18,85 : 901.07"
"18,86 : 415.03"
"18,87 : 1100.61"
"18,88 : 477.72"
"18,89 : 978.87"
"18,90 : 592.34"
"18,91 : 643.06"
"18,92 : 764.3"
"18,93 : 959.14"
"18,94 : 784.82"
"18,95 : 490.72"
"18,96 : 1024.56"
"18,97 : 977.17"
"18,98 : 690.25"
"18,99 : 1085.03"
"19,0 : 416.04"
"19,1 : 812.71"
"19,2 : 797.95"
"19,3 : 612.87"
"19,4 : 551.55"
"19,5 : 659.07"
"19,6 : 60.01"
"19,7 : 134.54"
"19,8 : 548.51"
"19,9 : 163.36"
"19,10 : 328.06"
"19,11 : 678.89"
"19,12 : 814.24"
"19,13 : 300.57"
"19,14 : 558.2"
"19,15 : 564.13"
"19,16 : 278.02"
"19,17 : 348.67"
"19,18 : 289.01"
"19,19 : 0.0"
"19,20 : 566.97"
"19,21 : 573.58"
"19,22 : 268.64"
"19,23 : 952.76"
"19,24 : 411.12"
"19,25 : 177.67"
"19,26 : 659.9"
"19,27 : 365.78"
"19,28 : 213.14"
"19,29 : 747.6"
"19,30 : 504.08"
"19,31 : 582.85"
"19,32 : 346.05"
"19,33 : 248.47"
"19,34 : 87.09"
"19,35 : 395.92"
"19,36 : 144.31"
"19,37 : 227.79"
"19,38 : 793.01"
"19,39 : 355.24"
"19,40 : 207.28"
"19,41 : 527.39"
"19,42 : 616.23"
"19,43 : 86.68"
"19,44 : 454.81"
"19,45 : 718.11"
"19,46 : 787.25"
"19,47 : 785.93"
"19,48 : 187.49"
"19,49 : 601.3"
"19,50 : 566.63"
"19,51 : 350.2"
"19,52 : 318.63"
"19,53 : 833.36"
"19,54 : 610.63"
"19,55 : 673.54"
"19,56 : 585.55"
"19,57 : 124.96"
"19,58 : 131.91"
"19,59 : 680.84"
"19,60 : 609.77"
"19,61 : 71.17"
"19,62 : 201.14"
"19,63 : 605.29"
"19,64 : 512.04"
"19,65 : 405.46"
"19,66 : 821.21"
"19,67 : 420.62"
"19,68 : 529.59"
"19,69 : 690.41"
"19,70 : 339.44"
"19,71 : 460.46"
"19,72 : 142.9"
"19,73 : 524.55"
"19,74 : 622.0"
"19,75 : 464.94"
"19,76 : 396.08"
"19,77 : 507.29"
"19,78 : 582.38"
"19,79 : 654.84"
"19,80 : 645.17"
"19,81 : 483.1"
"19,82 : 480.24"
"19,83 : 507.48"
"19,84 : 284.61"
"19,85 : 784.89"
"19,86 : 198.84"
"19,87 : 864.45"
"19,88 : 191.98"
"19,89 : 715.77"
"19,90 : 379.08"
"19,91 : 546.1"
"19,92 : 523.69"
"19,93 : 855.59"
"19,94 : 527.72"
"19,95 : 224.15"
"19,96 : 735.61"
"19,97 : 795.43"
"19,98 : 510.19"
"19,99 : 801.24"
"20,0 : 507.39"
"20,1 : 285.8"
"20,2 : 644.72"
"20,3 : 415.8"
"20,4 : 247.16"
"20,5 : 612.26"
"20,6 : 600.89"
"20,7 : 664.77"
"20,8 : 203.73"
"20,9 : 409.69"
"20,10 : 721.19"
"20,11 : 247.16"
"20,12 : 257.31"
"20,13 : 445.46"
"20,14 : 590.17"
"20,15 : 641.38"
"20,16 : 579.78"
"20,17 : 466.31"
"20,18 : 836.6"
"20,19 : 566.97"
"20,20 : 0.0"
"20,21 : 254.81"
"20,22 : 532.85"
"20,23 : 386.94"
"20,24 : 608.78"
"20,25 : 389.3"
"20,26 : 247.15"
"20,27 : 762.57"
"20,28 : 685.06"
"20,29 : 197.37"
"20,30 : 521.99"
"20,31 : 176.66"
"20,32 : 348.77"
"20,33 : 707.96"
"20,34 : 653.04"
"20,35 : 470.41"
"20,36 : 424.59"
"20,37 : 615.02"
"20,38 : 420.94"
"20,39 : 440.08"
"20,40 : 567.53"
"20,41 : 185.44"
"20,42 : 261.86"
"20,43 : 543.93"
"20,44 : 448.74"
"20,45 : 600.75"
"20,46 : 433.53"
"20,47 : 520.31"
"20,48 : 644.22"
"20,49 : 559.97"
"20,50 : 1.41"
"20,51 : 218.6"
"20,52 : 319.7"
"20,53 : 588.55"
"20,54 : 669.56"
"20,55 : 369.77"
"20,56 : 532.26"
"20,57 : 443.9"
"20,58 : 438.24"
"20,59 : 473.16"
"20,60 : 457.97"
"20,61 : 614.52"
"20,62 : 561.34"
"20,63 : 395.49"
"20,64 : 657.49"
"20,65 : 247.08"
"20,66 : 714.25"
"20,67 : 462.29"
"20,68 : 318.06"
"20,69 : 459.5"
"20,70 : 350.52"
"20,71 : 364.24"
"20,72 : 565.0"
"20,73 : 642.34"
"20,74 : 106.3"
"20,75 : 121.07"
"20,76 : 313.21"
"20,77 : 426.42"
"20,78 : 653.64"
"20,79 : 139.18"
"20,80 : 658.61"
"20,81 : 282.02"
"20,82 : 144.64"
"20,83 : 552.18"
"20,84 : 563.29"
"20,85 : 602.56"
"20,86 : 430.44"
"20,87 : 346.21"
"20,88 : 436.35"
"20,89 : 152.49"
"20,90 : 303.49"
"20,91 : 543.0"
"20,92 : 606.67"
"20,93 : 674.96"
"20,94 : 84.01"
"20,95 : 346.81"
"20,96 : 321.49"
"20,97 : 443.4"
"20,98 : 349.63"
"20,99 : 280.49"
"21,0 : 326.34"
"21,1 : 506.3"
"21,2 : 889.15"
"21,3 : 161.97"
"21,4 : 487.4"
"21,5 : 836.42"
"21,6 : 625.16"
"21,7 : 700.1"
"21,8 : 53.67"
"21,9 : 415.65"
"21,10 : 823.65"
"21,11 : 120.34"
"21,12 : 445.28"
"21,13 : 584.88"
"21,14 : 793.88"
"21,15 : 838.14"
"21,16 : 461.71"
"21,17 : 623.01"
"21,18 : 862.59"
"21,19 : 573.58"
"21,20 : 254.81"
"21,21 : 0.0"
"21,22 : 653.02"
"21,23 : 522.51"
"21,24 : 436.36"
"21,25 : 420.46"
"21,26 : 501.95"
"21,27 : 867.06"
"21,28 : 751.08"
"21,29 : 408.82"
"21,30 : 305.94"
"21,31 : 427.82"
"21,32 : 507.95"
"21,33 : 781.6"
"21,34 : 646.66"
"21,35 : 299.32"
"21,36 : 438.32"
"21,37 : 521.15"
"21,38 : 675.29"
"21,39 : 601.33"
"21,40 : 481.21"
"21,41 : 422.43"
"21,42 : 513.12"
"21,43 : 515.35"
"21,44 : 249.81"
"21,45 : 837.79"
"21,46 : 688.28"
"21,47 : 773.02"
"21,48 : 572.11"
"21,49 : 318.85"
"21,50 : 253.4"
"21,51 : 319.01"
"21,52 : 460.02"
"21,53 : 841.09"
"21,54 : 439.0"
"21,55 : 621.23"
"21,56 : 751.24"
"21,57 : 455.55"
"21,58 : 474.68"
"21,59 : 717.69"
"21,60 : 691.47"
"21,61 : 594.22"
"21,62 : 478.02"
"21,63 : 634.6"
"21,64 : 836.81"
"21,65 : 428.92"
"21,66 : 954.46"
"21,67 : 644.38"
"21,68 : 86.02"
"21,69 : 706.58"
"21,70 : 245.45"
"21,71 : 169.1"
"21,72 : 632.03"
"21,73 : 828.07"
"21,74 : 183.36"
"21,75 : 198.66"
"21,76 : 494.84"
"21,77 : 203.55"
"21,78 : 853.07"
"21,79 : 185.59"
"21,80 : 872.67"
"21,81 : 499.46"
"21,82 : 151.63"
"21,83 : 748.18"
"21,84 : 441.95"
"21,85 : 849.31"
"21,86 : 520.32"
"21,87 : 566.08"
"21,88 : 389.74"
"21,89 : 349.08"
"21,90 : 476.45"
"21,91 : 750.73"
"21,92 : 392.84"
"21,93 : 923.59"
"21,94 : 321.29"
"21,95 : 408.27"
"21,96 : 162.74"
"21,97 : 698.14"
"21,98 : 570.63"
"21,99 : 272.41"
"22,0 : 620.55"
"22,1 : 701.42"
"22,2 : 544.27"
"22,3 : 748.35"
"22,4 : 401.36"
"22,5 : 396.65"
"22,6 : 237.47"
"22,7 : 240.28"
"22,8 : 610.15"
"22,9 : 294.73"
"22,10 : 189.45"
"22,11 : 727.28"
"22,12 : 731.95"
"22,13 : 92.85"
"22,14 : 292.04"
"22,15 : 295.49"
"22,16 : 524.74"
"22,17 : 108.26"
"22,18 : 377.93"
"22,19 : 268.64"
"22,20 : 532.85"
"22,21 : 653.02"
"22,22 : 0.0"
"22,23 : 881.06"
"22,24 : 647.98"
"22,25 : 263.91"
"22,26 : 516.96"
"22,27 : 229.92"
"22,28 : 195.73"
"22,29 : 664.68"
"22,30 : 699.12"
"22,31 : 464.78"
"22,32 : 191.66"
"22,33 : 202.36"
"22,34 : 321.77"
"22,35 : 589.77"
"22,36 : 274.84"
"22,37 : 488.93"
"22,38 : 605.08"
"22,39 : 129.69"
"22,40 : 458.37"
"22,41 : 409.26"
"22,42 : 461.29"
"22,43 : 339.03"
"22,44 : 632.09"
"22,45 : 463.28"
"22,46 : 593.0"
"22,47 : 561.47"
"22,48 : 455.69"
"22,49 : 789.94"
"22,50 : 533.19"
"22,51 : 340.7"
"22,52 : 213.22"
"22,53 : 598.03"
"22,54 : 830.15"
"22,55 : 481.21"
"22,56 : 331.15"
"22,57 : 271.07"
"22,58 : 227.69"
"22,59 : 453.4"
"22,60 : 378.16"
"22,61 : 336.99"
"22,62 : 450.9"
"22,63 : 394.78"
"22,64 : 246.47"
"22,65 : 293.85"
"22,66 : 559.0"
"22,67 : 177.07"
"22,68 : 643.2"
"22,69 : 468.71"
"22,70 : 482.03"
"22,71 : 603.09"
"22,72 : 133.42"
"22,73 : 256.7"
"22,74 : 622.68"
"22,75 : 478.14"
"22,76 : 241.88"
"22,77 : 667.68"
"22,78 : 313.75"
"22,79 : 658.92"
"22,80 : 377.36"
"22,81 : 322.59"
"22,82 : 515.01"
"22,83 : 243.46"
"22,84 : 525.59"
"22,85 : 538.24"
"22,86 : 138.81"
"22,87 : 740.8"
"22,88 : 376.32"
"22,89 : 653.76"
"22,90 : 240.45"
"22,91 : 286.23"
"22,92 : 741.63"
"22,93 : 603.7"
"22,94 : 462.23"
"22,95 : 251.05"
"22,96 : 797.79"
"22,97 : 599.34"
"22,98 : 314.15"
"22,99 : 809.01"
"23,0 : 843.0"
"23,1 : 207.76"
"23,2 : 764.18"
"23,3 : 659.15"
"23,4 : 495.57"
"23,5 : 811.44"
"23,6 : 983.8"
"23,7 : 1044.01"
"23,8 : 498.63"
"23,9 : 796.62"
"23,10 : 1069.36"
"23,11 : 419.58"
"23,12 : 149.58"
"23,13 : 788.44"
"23,14 : 838.17"
"23,15 : 895.37"
"23,16 : 949.24"
"23,17 : 792.67"
"23,18 : 1215.17"
"23,19 : 952.76"
"23,20 : 386.94"
"23,21 : 522.51"
"23,22 : 881.06"
"23,23 : 0.0"
"23,24 : 952.02"
"23,25 : 775.29"
"23,26 : 395.0"
"23,27 : 1107.46"
"23,28 : 1053.64"
"23,29 : 216.37"
"23,30 : 828.33"
"23,31 : 419.58"
"23,32 : 689.45"
"23,33 : 1072.43"
"23,34 : 1039.24"
"23,35 : 811.37"
"23,36 : 811.25"
"23,37 : 992.75"
"23,38 : 455.04"
"23,39 : 765.56"
"23,40 : 946.28"
"23,41 : 472.76"
"23,42 : 452.73"
"23,43 : 930.59"
"23,44 : 770.03"
"23,45 : 760.64"
"23,46 : 479.51"
"23,47 : 602.3"
"23,48 : 1027.12"
"23,49 : 829.59"
"23,50 : 387.42"
"23,51 : 602.69"
"23,52 : 677.71"
"23,53 : 657.55"
"23,54 : 954.92"
"23,55 : 510.71"
"23,56 : 757.38"
"23,57 : 830.5"
"23,58 : 822.61"
"23,59 : 626.78"
"23,60 : 658.66"
"23,61 : 1001.45"
"23,62 : 940.69"
"23,63 : 593.38"
"23,64 : 936.71"
"23,65 : 588.93"
"23,66 : 843.94"
"23,67 : 761.9"
"23,68 : 608.36"
"23,69 : 602.8"
"23,70 : 715.06"
"23,71 : 685.35"
"23,72 : 937.62"
"23,73 : 913.89"
"23,74 : 362.83"
"23,75 : 500.4"
"23,76 : 640.18"
"23,77 : 726.0"
"23,78 : 901.53"
"23,79 : 343.98"
"23,80 : 876.41"
"23,81 : 569.58"
"23,82 : 504.72"
"23,83 : 818.8"
"23,84 : 931.16"
"23,85 : 716.06"
"23,86 : 801.61"
"23,87 : 212.12"
"23,88 : 819.85"
"23,89 : 237.19"
"23,90 : 640.66"
"23,91 : 790.23"
"23,92 : 915.04"
"23,93 : 763.9"
"23,94 : 430.35"
"23,95 : 730.26"
"23,96 : 444.7"
"23,97 : 484.74"
