x,y
966,708
668,779
859,937
630,156
387,453
739,704
631,228
23,825
180,780
121,814
522,703
723,699
219,462
465,760
116,762
366,315
535,631
189,571
981,877
323,518
600,728
441,660
917,437
345,34
274,124
450,709
880,176
781,617
524,818
202,833
206,5
312,177
802,879
685,437
134,168
153,318
74,714
642,597
987,458
80,598
241,835
710,241
225,222
443,769
792,460
38,521
95,117
167,981
400,250
91,36
263,275
18,939
802,767
629,94
155,283
276,844
182,259
230,587
168,8
875,396
114,872
697,334
556,504
917,348
723,794
102,212
91,454
799,911
711,980
127,779
996,909
495,573
9,102
368,88
169,546
155,978
203,753
588,151
713,265
73,470
412,87
739,788
109,666
611,784
130,11
198,873
514,39
248,111
973,73
427,543
158,875
910,46
166,855
883,36
941,256
392,503
800,109
661,314
55,821
864,276

Distanze
"0,0 : 0.0"
"0,1 : 291.93"
"0,2 : 747.77"
"0,3 : 827.51"
"0,4 : 806.59"
"0,5 : 498.26"
"0,6 : 299.92"
"0,7 : 517.49"
"0,8 : 459.57"
"0,9 : 483.45"
"0,10 : 420.84"
"0,11 : 921.83"
"0,12 : 595.62"
"0,13 : 552.91"
"0,14 : 408.2"
"0,15 : 592.95"
"0,16 : 669.94"
"0,17 : 216.12"
"0,18 : 755.36"
"0,19 : 323.29"
"0,20 : 281.03"
"0,21 : 252.93"
"0,22 : 751.9"
"0,23 : 660.51"
"0,24 : 370.99"
"0,25 : 508.3"
"0,26 : 228.65"
"0,27 : 241.3"
"0,28 : 773.06"
"0,29 : 538.31"
"0,30 : 672.09"
"0,31 : 491.14"
"0,32 : 657.23"
"0,33 : 683.41"
"0,34 : 471.94"
"0,35 : 333.54"
"0,36 : 268.22"
"0,37 : 144.36"
"0,38 : 604.74"
"0,39 : 885.94"
"0,40 : 608.0"
"0,41 : 662.13"
"0,42 : 709.65"
"0,43 : 142.02"
"0,44 : 215.41"
"0,45 : 251.98"
"0,46 : 607.12"
"0,47 : 621.17"
"0,48 : 225.06"
"0,49 : 538.67"
"0,50 : 517.5"
"0,51 : 388.85"
"0,52 : 170.84"
"0,53 : 273.38"
"0,54 : 299.69"
"0,55 : 368.57"
"0,56 : 405.84"
"0,57 : 700.03"
"0,58 : 343.31"
"0,59 : 596.66"
"0,60 : 225.89"
"0,61 : 333.65"
"0,62 : 188.32"
"0,63 : 382.7"
"0,64 : 478.05"
"0,65 : 795.83"
"0,66 : 677.74"
"0,67 : 275.41"
"0,68 : 212.2"
"0,69 : 97.45"
"0,70 : 509.43"
"0,71 : 348.9"
"0,72 : 244.86"
"0,73 : 459.49"
"0,74 : 504.25"
"0,75 : 198.44"
"0,76 : 587.18"
"0,77 : 189.48"
"0,78 : 434.2"
"0,79 : 370.31"
"0,80 : 528.35"
"0,81 : 697.4"
"0,82 : 565.64"
"0,83 : 646.18"
"0,84 : 272.84"
"0,85 : 835.69"
"0,86 : 783.16"
"0,87 : 589.21"
"0,88 : 867.08"
"0,89 : 852.22"
"0,90 : 638.19"
"0,91 : 653.29"
"0,92 : 774.55"
"0,93 : 235.72"
"0,94 : 418.11"
"0,95 : 524.96"
"0,96 : 578.16"
"0,97 : 730.75"
"0,98 : 735.85"
"0,99 : 305.83"
"1,0 : 291.93"
"1,1 : 0.0"
"1,2 : 759.92"
"1,3 : 603.19"
"1,4 : 585.02"
"1,5 : 206.52"
"1,6 : 227.11"
"1,7 : 582.58"
"1,8 : 590.39"
"1,9 : 201.01"
"1,10 : 527.55"
"1,11 : 685.86"
"1,12 : 608.77"
"1,13 : 662.05"
"1,14 : 147.73"
"1,15 : 354.99"
"1,16 : 384.41"
"1,17 : 327.94"
"1,18 : 469.84"
"1,19 : 164.77"
"1,20 : 135.37"
"1,21 : 213.08"
"1,22 : 476.94"
"1,23 : 732.14"
"1,24 : 290.4"
"1,25 : 442.79"
"1,26 : 267.59"
"1,27 : 252.34"
"1,28 : 536.01"
"1,29 : 420.28"
"1,30 : 590.48"
"1,31 : 369.45"
"1,32 : 387.66"
"1,33 : 406.76"
"1,34 : 330.82"
"1,35 : 563.4"
"1,36 : 358.15"
"1,37 : 297.62"
"1,38 : 486.31"
"1,39 : 635.96"
"1,40 : 318.95"
"1,41 : 399.11"
"1,42 : 739.93"
"1,43 : 181.73"
"1,44 : 441.45"
"1,45 : 537.49"
"1,46 : 700.02"
"1,47 : 430.59"
"1,48 : 414.29"
"1,49 : 664.47"
"1,50 : 349.38"
"1,51 : 132.48"
"1,52 : 127.41"
"1,53 : 535.5"
"1,54 : 367.75"
"1,55 : 174.45"
"1,56 : 140.53"
"1,57 : 650.88"
"1,58 : 628.03"
"1,59 : 717.83"
"1,60 : 303.32"
"1,61 : 424.84"
"1,62 : 242.89"
"1,63 : 356.81"
"1,64 : 300.25"
"1,65 : 617.54"
"1,66 : 589.78"
"1,67 : 527.14"
"1,68 : 315.29"
"1,69 : 211.91"
"1,70 : 514.07"
"1,71 : 215.36"
"1,72 : 535.87"
"1,73 : 303.15"
"1,74 : 273.1"
"1,75 : 160.12"
"1,76 : 393.62"
"1,77 : 481.39"
"1,78 : 482.46"
"1,79 : 78.39"
"1,80 : 236.58"
"1,81 : 406.1"
"1,82 : 283.02"
"1,83 : 495.87"
"1,84 : 230.25"
"1,85 : 634.53"
"1,86 : 585.67"
"1,87 : 328.76"
"1,88 : 615.68"
"1,89 : 582.7"
"1,90 : 396.47"
"1,91 : 368.57"
"1,92 : 823.35"
"1,93 : 393.42"
"1,94 : 211.48"
"1,95 : 240.75"
"1,96 : 309.68"
"1,97 : 545.88"
"1,98 : 609.98"
"1,99 : 427.8"
"2,0 : 747.77"
"2,1 : 759.92"
"2,2 : 0.0"
"2,3 : 649.78"
"2,4 : 632.95"
"2,5 : 842.56"
"2,6 : 535.35"
"2,7 : 240.0"
"2,8 : 352.95"
"2,9 : 894.0"
"2,10 : 349.14"
"2,11 : 734.02"
"2,12 : 155.35"
"2,13 : 274.17"
"2,14 : 890.72"
"2,15 : 634.6"
"2,16 : 1006.11"
"2,17 : 531.9"
"2,18 : 880.76"
"2,19 : 917.91"
"2,20 : 878.08"
"2,21 : 562.57"
"2,22 : 813.71"
"2,23 : 160.24"
"2,24 : 470.03"
"2,25 : 328.34"
"2,26 : 937.79"
"2,27 : 938.09"
"2,28 : 671.73"
"2,29 : 1178.2"
"2,30 : 255.89"
"2,31 : 426.69"
"2,32 : 750.06"
"2,33 : 791.57"
"2,34 : 469.31"
"2,35 : 575.81"
"2,36 : 1004.66"
"2,37 : 603.68"
"2,38 : 361.49"
"2,39 : 768.92"
"2,40 : 836.13"
"2,41 : 726.26"
"2,42 : 54.71"
"2,43 : 808.33"
"2,44 : 596.01"
"2,45 : 889.18"
"2,46 : 222.28"
"2,47 : 517.0"
"2,48 : 551.18"
"2,49 : 311.43"
"2,50 : 493.17"
"2,51 : 881.54"
"2,52 : 771.0"
"2,53 : 662.01"
"2,54 : 1031.81"
"2,55 : 934.28"
"2,56 : 700.82"
"2,57 : 170.16"
"2,58 : 775.2"
"2,59 : 287.39"
"2,60 : 952.52"
"2,61 : 415.64"
"2,62 : 894.87"
"2,63 : 1079.23"
"2,64 : 1059.6"
"2,65 : 501.0"
"2,66 : 268.69"
"2,67 : 633.33"
"2,68 : 946.47"
"2,69 : 692.46"
"2,70 : 249.59"
"2,71 : 967.04"
"2,72 : 846.9"
"2,73 : 1062.88"
"2,74 : 619.94"
"2,75 : 843.92"
"2,76 : 1146.26"
"2,77 : 802.0"
"2,78 : 313.6"
"2,79 : 780.71"
"2,80 : 857.08"
"2,81 : 913.53"
"2,82 : 777.2"
"2,83 : 420.1"
"2,84 : 944.07"
"2,85 : 580.01"
"2,86 : 552.45"
"2,87 : 698.96"
"2,88 : 764.96"
"2,89 : 837.44"
"2,90 : 1116.29"
"2,91 : 999.03"
"2,92 : 108.17"
"2,93 : 983.25"
"2,94 : 969.87"
"2,95 : 772.27"
"2,96 : 723.27"
"2,97 : 506.29"
"2,98 : 353.24"
"2,99 : 450.01"
"3,0 : 827.51"
"3,1 : 603.19"
"3,2 : 649.78"
"3,3 : 0.0"
"3,4 : 22.2"
"3,5 : 500.06"
"3,6 : 538.3"
"3,7 : 675.85"
"3,8 : 784.95"
"3,9 : 570.0"
"3,10 : 723.58"
"3,11 : 101.55"
"3,12 : 592.5"
"3,13 : 783.04"
"3,14 : 631.67"
"3,15 : 248.24"
"3,16 : 554.68"
"3,17 : 695.21"
"3,18 : 327.91"
"3,19 : 740.97"
"3,20 : 729.01"
"3,21 : 583.23"
"3,22 : 249.33"
"3,23 : 751.06"
"3,24 : 486.49"
"3,25 : 443.03"
"3,26 : 870.77"
"3,27 : 855.08"
"3,28 : 77.93"
"3,29 : 936.0"
"3,30 : 399.15"
"3,31 : 378.91"
"3,32 : 264.33"
"3,33 : 282.42"
"3,34 : 375.63"
"3,35 : 921.93"
"3,36 : 961.32"
"3,37 : 733.06"
"3,38 : 329.97"
"3,39 : 119.52"
"3,40 : 397.03"
"3,41 : 237.84"
"3,42 : 676.0"
"3,43 : 771.13"
"3,44 : 845.6"
"3,45 : 1072.77"
"3,46 : 773.52"
"3,47 : 216.51"
"3,48 : 791.55"
"3,49 : 812.72"
"3,50 : 321.18"
"3,51 : 637.96"
"3,52 : 712.1"
"3,53 : 955.42"
"3,54 : 970.22"
"3,55 : 720.84"
"3,56 : 463.28"
"3,57 : 480.46"
"3,58 : 1080.23"
"3,59 : 833.48"
"3,60 : 906.14"
"3,61 : 678.08"
"3,62 : 844.36"
"3,63 : 941.18"
"3,64 : 798.06"
"3,65 : 154.33"
"3,66 : 385.06"
"3,67 : 932.36"
"3,68 : 916.8"
"3,69 : 730.31"
"3,70 : 559.42"
"3,71 : 785.05"
"3,72 : 1052.98"
"3,73 : 821.79"
"3,74 : 332.53"
"3,75 : 762.12"
"3,76 : 829.57"
"3,77 : 993.54"
"3,78 : 625.76"
"3,79 : 552.75"
"3,80 : 489.41"
"3,81 : 413.39"
"3,82 : 375.02"
"3,83 : 256.89"
"3,84 : 828.7"
"3,85 : 85.6"
"3,86 : 97.33"
"3,87 : 288.01"
"3,88 : 118.6"
"3,89 : 210.87"
"3,90 : 736.49"
"3,91 : 558.62"
"3,92 : 757.17"
"3,93 : 991.9"
"3,94 : 723.25"
"3,95 : 407.71"
"3,96 : 316.84"
"3,97 : 149.11"
"3,98 : 297.07"
"3,99 : 717.23"
"4,0 : 806.59"
"4,1 : 585.02"
"4,2 : 632.95"
"4,3 : 22.2"
"4,4 : 0.0"
"4,5 : 487.1"
"4,6 : 516.64"
"4,7 : 654.94"
"4,8 : 763.39"
"4,9 : 557.23"
"4,10 : 701.81"
"4,11 : 123.71"
"4,12 : 572.76"
"4,13 : 762.32"
"4,14 : 617.03"
"4,15 : 230.5"
"4,16 : 548.59"
"4,17 : 673.15"
"4,18 : 326.79"
"4,19 : 724.69"
"4,20 : 711.85"
"4,21 : 561.7"
"4,22 : 247.68"
"4,23 : 731.89"
"4,24 : 464.41"
"4,25 : 421.38"
"4,26 : 852.57"
"4,27 : 837.15"
"4,28 : 70.68"
"4,29 : 923.18"
"4,30 : 381.01"
"4,31 : 356.71"
"4,32 : 254.58"
"4,33 : 275.53"
"4,34 : 353.53"
"4,35 : 899.74"
"4,36 : 943.06"
"4,37 : 711.29"
"4,38 : 309.08"
"4,39 : 136.13"
"4,40 : 387.56"
"4,41 : 227.2"
"4,42 : 658.15"
"4,43 : 751.72"
"4,44 : 823.47"
"4,45 : 1051.42"
"4,46 : 753.48"
"4,47 : 194.37"
"4,48 : 769.39"
"4,49 : 791.76"
"4,50 : 299.17"
"4,51 : 622.83"
"4,52 : 692.71"
"4,53 : 933.27"
"4,54 : 952.4"
"4,55 : 705.51"
"4,56 : 445.49"
"4,57 : 463.25"
"4,58 : 1058.12"
"4,59 : 813.06"
"4,60 : 887.68"
"4,61 : 655.93"
"4,62 : 825.65"
"4,63 : 925.12"
"4,64 : 785.04"
"4,65 : 142.27"
"4,66 : 367.05"
"4,67 : 910.18"
"4,68 : 898.04"
"4,69 : 709.46"
"4,70 : 538.33"
"4,71 : 769.26"
"4,72 : 1031.4"
"4,73 : 808.2"
"4,74 : 313.47"
"4,75 : 743.57"
"4,76 : 818.97"
"4,77 : 971.97"
"4,78 : 604.03"
"4,79 : 536.05"
"4,80 : 477.51"
"4,81 : 408.82"
"4,82 : 362.67"
"4,83 : 236.02"
"4,84 : 811.38"
"4,85 : 82.01"
"4,86 : 81.74"
"4,87 : 273.47"
"4,88 : 132.57"
"4,89 : 219.05"
"4,90 : 728.11"
"4,91 : 551.87"
"4,92 : 740.05"
"4,93 : 972.73"
"4,94 : 709.07"
"4,95 : 394.05"
"4,96 : 303.04"
"4,97 : 129.56"
"4,98 : 281.13"
"4,99 : 695.04"
"5,0 : 498.26"
"5,1 : 206.52"
"5,2 : 842.56"
"5,3 : 500.06"
"5,4 : 487.1"
"5,5 : 0.0"
"5,6 : 363.46"
"5,7 : 710.26"
"5,8 : 747.38"
"5,9 : 70.26"
"5,10 : 679.78"
"5,11 : 561.92"
"5,12 : 705.52"
"5,13 : 804.44"
"5,14 : 141.36"
"5,15 : 274.61"
"5,16 : 188.66"
"5,17 : 508.07"
"5,18 : 281.58"
"5,19 : 267.68"
"5,20 : 274.65"
"5,21 : 373.08"
"5,22 : 310.1"
"5,23 : 851.0"
"5,24 : 394.89"
"5,25 : 514.61"
"5,26 : 428.51"
"5,27 : 407.3"
"5,28 : 423.47"
"5,29 : 436.07"
"5,30 : 626.1"
"5,31 : 416.7"
"5,32 : 241.85"
"5,33 : 242.98"
"5,34 : 373.68"
"5,35 : 756.17"
"5,36 : 514.76"
"5,37 : 492.39"
"5,38 : 508.81"
"5,39 : 497.23"
"5,40 : 129.25"
"5,41 : 264.49"
"5,42 : 835.0"
"5,43 : 378.67"
"5,44 : 637.81"
"5,45 : 741.11"
"5,46 : 832.01"
"5,47 : 394.06"
"5,48 : 604.0"
"5,49 : 814.32"
"5,50 : 359.83"
"5,51 : 153.83"
"5,52 : 330.53"
"5,53 : 736.96"
"5,54 : 513.43"
"5,55 : 234.46"
"5,56 : 149.56"
"5,57 : 703.01"
"5,58 : 833.62"
"5,59 : 862.42"
"5,60 : 467.98"
"5,61 : 582.82"
"5,62 : 418.27"
"5,63 : 457.18"
"5,64 : 298.01"
"5,65 : 564.38"
"5,66 : 620.63"
"5,67 : 726.42"
"5,68 : 485.84"
"5,69 : 416.92"
"5,70 : 617.66"
"5,71 : 301.94"
"5,72 : 741.52"
"5,73 : 322.22"
"5,74 : 235.48"
"5,75 : 341.26"
"5,76 : 340.28"
"5,77 : 687.63"
"5,78 : 613.6"
"5,79 : 128.44"
"5,80 : 30.08"
"5,81 : 203.67"
"5,82 : 125.57"
"5,83 : 487.98"
"5,84 : 369.01"
"5,85 : 555.25"
"5,86 : 515.74"
"5,87 : 215.57"
"5,88 : 476.36"
"5,89 : 418.67"
"5,90 : 277.68"
"5,91 : 175.33"
"5,92 : 923.73"
"5,93 : 567.83"
"5,94 : 226.37"
"5,95 : 94.37"
"5,96 : 184.61"
"5,97 : 494.92"
"5,98 : 607.12"
"5,99 : 596.61"
"6,0 : 299.92"
"6,1 : 227.11"
"6,2 : 535.35"
"6,3 : 538.3"
"6,4 : 516.64"
"6,5 : 363.46"
"6,6 : 0.0"
"6,7 : 358.05"
"6,8 : 383.92"
"6,9 : 393.65"
"6,10 : 316.55"
"6,11 : 636.45"
"6,12 : 382.61"
"6,13 : 444.53"
"6,14 : 367.66"
"6,15 : 324.3"
"6,16 : 550.91"
"6,17 : 169.92"
"6,18 : 540.71"
"6,19 : 382.56"
"6,20 : 343.26"
"6,21 : 47.01"
"6,22 : 513.12"
"6,23 : 506.26"
"6,24 : 77.1"
"6,25 : 232.23"
"6,26 : 423.02"
"6,27 : 418.15"
"6,28 : 492.47"
"6,29 : 642.9"
"6,30 : 393.14"
"6,31 : 192.57"
"6,32 : 417.19"
"6,33 : 453.05"
"6,34 : 172.19"
"6,35 : 421.7"
"6,36 : 502.96"
"6,37 : 195.21"
"6,38 : 309.86"
"6,39 : 610.95"
"6,40 : 421.12"
"6,41 : 412.44"
"6,42 : 513.35"
"6,43 : 295.15"
"6,44 : 321.11"
"6,45 : 536.27"
"6,46 : 477.67"
"6,47 : 325.63"
"6,48 : 272.98"
"6,49 : 451.98"
"6,50 : 220.23"
"6,51 : 355.44"
"6,52 : 246.55"
"6,53 : 431.37"
"6,54 : 524.33"
"6,55 : 400.28"
"6,56 : 216.36"
"6,57 : 440.24"
"6,58 : 550.54"
"6,59 : 501.91"
"6,60 : 446.45"
"6,61 : 219.86"
"6,62 : 383.31"
"6,63 : 551.84"
"6,64 : 527.18"
"6,65 : 496.11"
"6,66 : 395.92"
"6,67 : 412.39"
"6,68 : 447.16"
"6,69 : 208.13"
"6,70 : 287.61"
"6,71 : 431.84"
"6,72 : 514.84"
"6,73 : 528.44"
"6,74 : 242.16"
"6,75 : 318.47"
"6,76 : 619.84"
"6,77 : 455.44"
"6,78 : 258.23"
"6,79 : 264.11"
"6,80 : 387.88"
"6,81 : 516.39"
"6,82 : 363.01"
"6,83 : 346.59"
"6,84 : 416.16"
"6,85 : 538.72"
"6,86 : 486.03"
"6,87 : 344.14"
"6,88 : 593.86"
"6,89 : 599.42"
"6,90 : 610.2"
"6,91 : 538.43"
"6,92 : 596.27"
"6,93 : 505.29"
"6,94 : 438.59"
"6,95 : 334.04"
"6,96 : 345.86"
"6,97 : 432.03"
"6,98 : 441.52"
"6,99 : 238.02"
"7,0 : 517.49"
"7,1 : 582.58"
"7,2 : 240.0"
"7,3 : 675.85"
"7,4 : 654.94"
"7,5 : 710.26"
"7,6 : 358.05"
"7,7 : 0.0"
"7,8 : 130.6"
"7,9 : 748.47"
"7,10 : 109.46"
"7,11 : 774.13"
"7,12 : 116.5"
"7,13 : 108.66"
"7,14 : 725.6"
"7,15 : 569.63"
"7,16 : 891.53"
"7,17 : 305.47"
"7,18 : 821.83"
"7,19 : 727.4"
"7,20 : 684.21"
"7,21 : 370.74"
"7,22 : 769.44"
"7,23 : 150.99"
"7,24 : 315.41"
"7,25 : 241.6"
"7,26 : 721.39"
"7,27 : 724.77"
"7,28 : 669.94"
"7,29 : 986.63"
"7,30 : 307.83"
"7,31 : 336.79"
"7,32 : 686.58"
"7,33 : 728.41"
"7,34 : 369.12"
"7,35 : 344.14"
"7,36 : 781.02"
"7,37 : 375.8"
"7,38 : 345.88"
"7,39 : 785.29"
"7,40 : 738.59"
"7,41 : 669.51"
"7,42 : 195.02"
"7,43 : 594.87"
"7,44 : 356.02"
"7,45 : 649.25"
"7,46 : 121.85"
"7,47 : 484.91"
"7,48 : 312.08"
"7,49 : 136.93"
"7,50 : 414.95"
"7,51 : 712.97"
"7,52 : 566.01"
"7,53 : 425.41"
"7,54 : 810.04"
"7,55 : 751.8"
"7,56 : 560.81"
"7,57 : 271.28"
"7,58 : 543.3"
"7,59 : 164.05"
"7,60 : 731.64"
"7,61 : 184.49"
"7,62 : 677.87"
"7,63 : 869.36"
"7,64 : 879.93"
"7,65 : 555.09"
"7,66 : 321.55"
"7,67 : 396.57"
"7,68 : 723.09"
"7,69 : 473.94"
"7,70 : 117.55"
"7,71 : 773.75"
"7,72 : 607.25"
"7,73 : 877.6"
"7,74 : 522.92"
"7,75 : 637.15"
"7,76 : 976.2"
"7,77 : 562.0"
"7,78 : 100.12"
"7,79 : 621.54"
"7,80 : 731.05"
"7,81 : 828.09"
"7,82 : 677.19"
"7,83 : 418.96"
"7,84 : 737.07"
"7,85 : 629.23"
"7,86 : 586.17"
"7,87 : 621.15"
"7,88 : 775.25"
"7,89 : 822.98"
"7,90 : 967.48"
"7,91 : 881.08"
"7,92 : 257.72"
"7,93 : 752.95"
"7,94 : 793.17"
"7,95 : 660.0"
"7,96 : 637.18"
"7,97 : 528.1"
"7,98 : 419.69"
"7,99 : 213.43"
"8,0 : 459.57"
"8,1 : 590.39"
"8,2 : 352.95"
"8,3 : 784.95"
"8,4 : 763.39"
"8,5 : 747.38"
"8,6 : 383.92"
"8,7 : 130.6"
"8,8 : 0.0"
"8,9 : 775.05"
"8,10 : 69.18"
"8,11 : 885.14"
"8,12 : 246.92"
"8,13 : 96.46"
"8,14 : 737.91"
"8,15 : 649.87"
"8,16 : 934.49"
"8,17 : 272.37"
"8,18 : 896.13"
"8,19 : 716.6"
"8,20 : 671.42"
"8,21 : 380.4"
"8,22 : 851.58"
"8,23 : 218.92"
"8,24 : 366.15"
"8,25 : 342.11"
"8,26 : 680.39"
"8,27 : 687.87"
"8,28 : 770.77"
"8,29 : 968.57"
"8,30 : 434.52"
"8,31 : 422.83"
"8,32 : 762.76"
"8,33 : 803.36"
"8,34 : 446.7"
"8,35 : 223.09"
"8,36 : 727.78"
"8,37 : 331.76"
"8,38 : 457.52"
"8,39 : 889.24"
"8,40 : 795.81"
"8,41 : 749.33"
"8,42 : 301.35"
"8,43 : 562.16"
"8,44 : 265.32"
"8,45 : 548.4"
"8,46 : 155.54"
"8,47 : 582.55"
"8,48 : 235.93"
"8,49 : 79.51"
"8,50 : 498.82"
"8,51 : 722.84"
"8,52 : 545.57"
"8,53 : 312.16"
"8,54 : 759.15"
"8,55 : 748.02"
"8,56 : 599.55"
"8,57 : 401.87"
"8,58 : 422.27"
"8,59 : 137.44"
"8,60 : 683.83"
"8,61 : 166.23"
"8,62 : 637.25"
"8,63 : 833.48"
"8,64 : 875.27"
"8,65 : 673.83"
"8,66 : 447.76"
"8,67 : 284.02"
"8,68 : 671.54"
"8,69 : 439.86"
"8,70 : 230.55"
"8,71 : 758.7"
"8,72 : 503.59"
"8,73 : 867.82"
"8,74 : 590.04"
"8,75 : 611.47"
"8,76 : 977.81"
"8,77 : 464.93"
"8,78 : 161.05"
"8,79 : 642.88"
"8,80 : 771.53"
"8,81 : 889.17"
"8,82 : 735.26"
"8,83 : 529.76"
"8,84 : 707.81"
"8,85 : 745.24"
"8,86 : 699.51"
"8,87 : 693.07"
"8,88 : 877.48"
"8,89 : 915.68"
"8,90 : 985.88"
"8,91 : 922.24"
"8,92 : 339.24"
"8,93 : 688.42"
"8,94 : 793.43"
"8,95 : 711.71"
"8,96 : 704.28"
"8,97 : 640.19"
"8,98 : 544.23"
"8,99 : 166.64"
"9,0 : 483.45"
"9,1 : 201.01"
"9,2 : 894.0"
"9,3 : 570.0"
"9,4 : 557.23"
"9,5 : 70.26"
"9,6 : 393.65"
"9,7 : 748.47"
"9,8 : 775.05"
"9,9 : 0.0"
"9,10 : 709.01"
"9,11 : 630.17"
"9,12 : 752.64"
"9,13 : 838.14"
"9,14 : 87.86"
"9,15 : 343.96"
"9,16 : 186.51"
"9,17 : 523.24"
"9,18 : 335.8"
"9,19 : 216.39"
"9,20 : 232.74"
"9,21 : 395.28"
"9,22 : 372.87"
"9,23 : 892.8"
"9,24 : 435.46"
"9,25 : 565.73"
"9,26 : 383.64"
"9,27 : 361.17"
"9,28 : 493.2"
"9,29 : 366.01"
"9,30 : 685.63"
"9,31 : 471.3"
"9,32 : 310.21"
"9,33 : 308.04"
"9,34 : 428.12"
"9,35 : 763.91"
"9,36 : 466.03"
"9,37 : 498.09"
"9,38 : 569.4"
"9,39 : 563.92"
"9,40 : 189.5"
"9,41 : 333.73"
"9,42 : 883.36"
"9,43 : 353.24"
"9,44 : 642.38"
"9,45 : 717.17"
"9,46 : 869.51"
"9,47 : 461.15"
"9,48 : 613.78"
"9,49 : 845.22"
"9,50 : 419.91"
"9,51 : 105.21"
"9,52 : 312.64"
"9,53 : 735.98"
"9,54 : 461.32"
"9,55 : 176.82"
"9,56 : 193.26"
"9,57 : 760.11"
"9,58 : 824.8"
"9,59 : 895.56"
"9,60 : 423.24"
"9,61 : 608.99"
"9,62 : 379.43"
"9,63 : 395.78"
"9,64 : 228.14"
"9,65 : 633.81"
"9,66 : 680.92"
"9,67 : 728.07"
"9,68 : 442.92"
"9,69 : 411.33"
"9,70 : 662.2"
"9,71 : 243.79"
"9,72 : 721.95"
"9,73 : 253.29"
"9,74 : 299.19"
"9,75 : 308.59"
"9,76 : 272.25"
"9,77 : 670.73"
"9,78 : 649.89"
"9,79 : 133.15"
"9,80 : 83.93"
"9,81 : 246.87"
"9,82 : 195.09"
"9,83 : 552.77"
"9,84 : 319.62"
"9,85 : 625.49"
"9,86 : 585.76"
"9,87 : 285.8"
"9,88 : 543.1"
"9,89 : 480.6"
"9,90 : 222.4"
"9,91 : 169.86"
"9,92 : 971.11"
"9,93 : 524.82"
"9,94 : 160.7"
"9,95 : 164.48"
"9,96 : 254.87"
"9,97 : 563.96"
"9,98 : 672.22"
"9,99 : 618.12"
"10,0 : 420.84"
"10,1 : 527.55"
"10,2 : 349.14"
"10,3 : 723.58"
"10,4 : 701.81"
"10,5 : 679.78"
"10,6 : 316.55"
"10,7 : 109.46"
"10,8 : 69.18"
"10,9 : 709.01"
"10,10 : 0.0"
"10,11 : 824.35"
"10,12 : 219.49"
"10,13 : 137.89"
"10,14 : 674.56"
"10,15 : 581.76"
"10,16 : 866.46"
"10,17 : 219.1"
"10,18 : 827.24"
"10,19 : 659.39"
"10,20 : 614.68"
"10,21 : 315.75"
"10,22 : 783.41"
"10,23 : 240.1"
"10,24 : 296.97"
"10,25 : 280.85"
"10,26 : 634.5"
"10,27 : 640.21"
"10,28 : 706.45"
"10,29 : 914.43"
"10,30 : 388.82"
"10,31 : 356.53"
"10,32 : 694.1"
"10,33 : 734.57"
"10,34 : 378.87"
"10,35 : 239.71"
"10,36 : 687.87"
"10,37 : 284.56"
"10,38 : 399.25"
"10,39 : 825.65"
"10,40 : 726.72"
"10,41 : 681.01"
"10,42 : 302.54"
"10,43 : 512.15"
"10,44 : 247.4"
"10,45 : 540.06"
"10,46 : 187.22"
"10,47 : 517.98"
"10,48 : 206.2"
"10,49 : 136.95"
"10,50 : 431.67"
"10,51 : 660.0"
"10,52 : 490.78"
"10,53 : 317.0"
"10,54 : 718.17"
"10,55 : 688.8"
"10,56 : 531.5"
"10,57 : 367.92"
"10,58 : 437.16"
"10,59 : 191.01"
"10,60 : 641.1"
"10,61 : 103.23"
"10,62 : 591.01"
"10,63 : 785.86"
"10,64 : 816.65"
"10,65 : 618.24"
"10,66 : 401.2"
"10,67 : 288.14"
"10,68 : 630.59"
"10,69 : 389.51"
"10,70 : 179.61"
"10,71 : 703.01"
"10,72 : 497.85"
"10,73 : 810.73"
"10,74 : 521.0"
"10,75 : 558.97"
"10,76 : 917.63"
"10,77 : 453.13"
"10,78 : 97.95"
"10,79 : 577.43"
"10,80 : 703.58"
"10,81 : 820.01"
"10,82 : 666.12"
"10,83 : 470.4"
"10,84 : 657.1"
"10,85 : 687.54"
"10,86 : 640.47"
"10,87 : 624.18"
"10,88 : 813.35"
"10,89 : 849.08"
"10,90 : 921.72"
"10,91 : 854.38"
"10,92 : 356.73"
"10,93 : 654.46"
"10,94 : 733.21"
"10,95 : 642.8"
"10,96 : 635.18"
"10,97 : 580.77"
"10,98 : 494.64"
"10,99 : 115.97"
"11,0 : 921.83"
"11,1 : 685.86"
"11,2 : 734.02"
"11,3 : 101.55"
"11,4 : 123.71"
"11,5 : 561.92"
"11,6 : 636.45"
"11,7 : 774.13"
"11,8 : 885.14"
"11,9 : 630.17"
"11,10 : 824.35"
"11,11 : 0.0"
"11,12 : 687.13"
"11,13 : 880.64"
"11,14 : 699.17"
"11,15 : 333.28"
"11,16 : 586.42"
"11,17 : 795.39"
"11,18 : 345.13"
"11,19 : 814.84"
"11,20 : 806.78"
"11,21 : 680.71"
"11,22 : 274.24"
"11,23 : 843.39"
"11,24 : 586.81"
"11,25 : 543.59"
"11,26 : 952.64"
"11,27 : 935.77"
"11,28 : 150.46"
"11,29 : 993.73"
"11,30 : 489.34"
"11,31 : 480.38"
"11,32 : 320.09"
"11,33 : 326.15"
"11,34 : 476.2"
"11,35 : 1023.43"
"11,36 : 1043.23"
"11,37 : 831.57"
"11,38 : 428.72"
"11,39 : 79.71"
"11,40 : 446.59"
"11,41 : 298.39"
"11,42 : 763.84"
"11,43 : 858.62"
"11,44 : 946.21"
"11,45 : 1168.99"
"11,46 : 868.86"
"11,47 : 317.42"
"11,48 : 892.38"
"11,49 : 911.05"
"11,50 : 421.28"
"11,51 : 707.48"
"11,52 : 799.67"
"11,53 : 1056.21"
"11,54 : 1050.12"
"11,55 : 790.67"
"11,56 : 545.34"
"11,57 : 566.96"
"11,58 : 1180.67"
"11,59 : 930.04"
"11,60 : 989.07"
"11,61 : 779.63"
"11,62 : 928.53"
"11,63 : 1013.27"
"11,64 : 857.39"
"11,65 : 233.11"
"11,66 : 474.93"
"11,67 : 1033.35"
"11,68 : 1001.02"
"11,69 : 824.41"
"11,70 : 658.37"
"11,71 : 856.54"
"11,72 : 1150.41"
"11,73 : 883.46"
"11,74 : 420.93"
"11,75 : 845.85"
"11,76 : 878.06"
"11,77 : 1090.94"
"11,78 : 726.46"
"11,79 : 629.58"
"11,80 : 547.0"
"11,81 : 441.9"
"11,82 : 436.77"
"11,83 : 355.82"
"11,84 : 906.74"
"11,85 : 154.01"
"11,86 : 188.69"
"11,87 : 360.56"
"11,88 : 96.57"
"11,89 : 195.89"
"11,90 : 775.93"
"11,91 : 593.15"
"11,92 : 842.09"
"11,93 : 1077.84"
"11,94 : 788.08"
"11,95 : 473.94"
"11,96 : 385.72"
"11,97 : 246.03"
"11,98 : 381.47"
"11,99 : 818.74"
"12,0 : 595.62"
"12,1 : 608.77"
"12,2 : 155.35"
"12,3 : 592.5"
"12,4 : 572.76"
"12,5 : 705.52"
"12,6 : 382.61"
"12,7 : 116.5"
"12,8 : 246.92"
"12,9 : 752.64"
"12,10 : 219.49"
"12,11 : 687.13"
"12,12 : 0.0"
"12,13 : 203.32"
"12,14 : 743.27"
"12,15 : 524.31"
"12,16 : 877.19"
"12,17 : 379.51"
"12,18 : 776.84"
"12,19 : 764.71"
"12,20 : 724.25"
"12,21 : 408.0"
"12,22 : 716.81"
"12,23 : 162.79"
"12,24 : 321.08"
"12,25 : 195.56"
"12,26 : 782.52"
"12,27 : 782.74"
"12,28 : 597.24"
"12,29 : 1025.28"
"12,30 : 203.68"
"12,31 : 298.61"
"12,32 : 642.36"
"12,33 : 684.55"
"12,34 : 338.55"
"12,35 : 458.39"
"12,36 : 850.1"
"12,37 : 451.27"
"12,38 : 269.0"
"12,39 : 706.99"
"12,40 : 713.24"
"12,41 : 621.67"
"12,42 : 131.55"
"12,43 : 653.0"
"12,44 : 457.82"
"12,45 : 751.38"
"12,46 : 182.0"
"12,47 : 421.41"
"12,48 : 408.89"
"12,49 : 239.02"
"12,50 : 372.93"
"12,51 : 733.11"
"12,52 : 615.83"
"12,53 : 536.0"
"12,54 : 876.95"
"12,55 : 782.69"
"12,56 : 559.75"
"12,57 : 155.72"
"12,58 : 656.6"
"12,59 : 245.69"
"12,60 : 797.61"
"12,61 : 267.23"
"12,62 : 739.65"
"12,63 : 923.98"
"12,64 : 908.98"
"12,65 : 460.14"
"12,66 : 218.1"
"12,67 : 507.17"
"12,68 : 791.93"
"12,69 : 537.6"
"12,70 : 95.13"
"12,71 : 813.48"
"12,72 : 711.35"
"12,73 : 911.0"
"12,74 : 494.35"
"12,75 : 688.71"
"12,76 : 998.33"
"12,77 : 662.91"
"12,78 : 162.6"
"12,79 : 634.32"
"12,80 : 722.53"
"12,81 : 796.86"
"12,82 : 652.6"
"12,83 : 339.59"
"12,84 : 788.91"
"12,85 : 537.22"
"12,86 : 498.55"
"12,87 : 583.49"
"12,88 : 699.17"
"12,89 : 757.52"
"12,90 : 974.87"
"12,91 : 868.68"
"12,92 : 218.49"
"12,93 : 830.52"
"12,94 : 819.7"
"12,95 : 642.41"
"12,96 : 604.26"
"12,97 : 443.4"
"12,98 : 317.4"
"12,99 : 305.2"
"13,0 : 552.91"
"13,1 : 662.05"
"13,2 : 274.17"
"13,3 : 783.04"
"13,4 : 762.32"
"13,5 : 804.44"
"13,6 : 444.53"
"13,7 : 108.66"
"13,8 : 96.46"
"13,9 : 838.14"
"13,10 : 137.89"
"13,11 : 880.64"
"13,12 : 203.32"
"13,13 : 0.0"
"13,14 : 808.16"
"13,15 : 676.71"
"13,16 : 988.57"
"13,17 : 356.72"
"13,18 : 928.2"
"13,19 : 796.9"
"13,20 : 752.31"
"13,21 : 449.13"
"13,22 : 877.11"
"13,23 : 126.32"
"13,24 : 412.16"
"13,25 : 350.2"
"13,26 : 770.6"
"13,27 : 776.96"
"13,28 : 778.43"
"13,29 : 1052.31"
"13,30 : 405.83"
"13,31 : 444.14"
"13,32 : 793.12"
"13,33 : 834.77"
"13,34 : 474.95"
"13,35 : 312.1"
"13,36 : 821.0"
"13,37 : 420.64"
"13,38 : 453.3"
"13,39 : 893.36"
"13,40 : 840.3"
"13,41 : 776.7"
"13,42 : 220.06"
"13,43 : 649.49"
"13,44 : 361.77"
"13,45 : 643.33"
"13,46 : 60.13"
"13,47 : 593.57"
"13,48 : 330.97"
"13,49 : 38.01"
"13,50 : 522.25"
"13,51 : 794.19"
"13,52 : 628.67"
"13,53 : 404.45"
"13,54 : 851.94"
"13,55 : 825.58"
"13,56 : 654.99"
"13,57 : 356.09"
"13,58 : 508.43"
"13,59 : 58.24"
"13,60 : 775.76"
"13,61 : 240.36"
"13,62 : 727.21"
"13,63 : 922.67"
"13,64 : 953.6"
"13,65 : 658.7"
"13,66 : 420.06"
"13,67 : 376.9"
"13,68 : 764.28"
"13,69 : 526.82"
"13,70 : 226.13"
"13,71 : 840.79"
"13,72 : 597.99"
"13,73 : 948.2"
"13,74 : 626.87"
"13,75 : 696.76"
"13,76 : 1053.71"
"13,77 : 560.7"
"13,78 : 192.17"
"13,79 : 708.18"
"13,80 : 826.68"
"13,81 : 931.17"
"13,82 : 779.0"
"13,83 : 526.31"
"13,84 : 794.66"
"13,85 : 734.08"
"13,86 : 692.26"
"13,87 : 726.64"
"13,88 : 883.54"
"13,89 : 931.62"
"13,90 : 1053.85"
"13,91 : 977.39"
"13,92 : 246.0"
"13,93 : 783.52"
"13,94 : 869.42"
"13,95 : 759.63"
"13,96 : 741.51"
"13,97 : 634.76"
"13,98 : 519.27"
"13,99 : 252.24"
"14,0 : 408.2"
"14,1 : 147.73"
"14,2 : 890.72"
"14,3 : 631.67"
"14,4 : 617.03"
"14,5 : 141.36"
"14,6 : 367.66"
"14,7 : 725.6"
"14,8 : 737.91"
"14,9 : 87.86"
"14,10 : 674.56"
"14,11 : 699.17"
"14,12 : 743.27"
"14,13 : 808.16"
"14,14 : 0.0"
"14,15 : 393.18"
"14,16 : 267.62"
"14,17 : 475.11"
"14,18 : 420.21"
"14,19 : 128.97"
"14,20 : 145.77"
"14,21 : 359.12"
"14,22 : 451.47"
"14,23 : 873.81"
"14,24 : 422.19"
"14,25 : 565.8"
"14,26 : 295.79"
"14,27 : 273.31"
"14,28 : 556.78"
"14,29 : 315.42"
"14,30 : 700.18"
"14,31 : 479.69"
"14,32 : 380.22"
"14,33 : 384.02"
"14,34 : 437.48"
"14,35 : 704.95"
"14,36 : 378.49"
"14,37 : 440.5"
"14,38 : 587.87"
"14,39 : 636.77"
"14,40 : 269.92"
"14,41 : 400.78"
"14,42 : 874.82"
"14,43 : 272.62"
"14,44 : 581.53"
"14,45 : 634.8"
"14,46 : 844.46"
"14,47 : 498.72"
"14,48 : 558.4"
"14,49 : 811.51"
"14,50 : 440.48"
"14,51 : 19.42"
"14,52 : 238.47"
"14,53 : 669.3"
"14,54 : 374.68"
"14,55 : 93.11"
"14,56 : 203.16"
"14,57 : 768.73"
"14,58 : 751.38"
"14,59 : 864.37"
"14,60 : 335.38"
"14,61 : 572.12"
"14,62 : 292.45"
"14,63 : 316.13"
"14,64 : 179.62"
"14,65 : 679.61"
"14,66 : 697.23"
"14,67 : 663.74"
"14,68 : 355.14"
"14,69 : 344.91"
"14,70 : 649.86"
"14,71 : 160.58"
"14,72 : 641.92"
"14,73 : 195.63"
"14,74 : 332.24"
"14,75 : 224.51"
"14,76 : 255.56"
"14,77 : 592.55"
"14,78 : 625.61"
"14,79 : 110.68"
"14,80 : 164.51"
"14,81 : 334.05"
"14,82 : 263.05"
"14,83 : 581.89"
"14,84 : 232.04"
"14,85 : 680.0"
"14,86 : 636.66"
"14,87 : 343.69"
"14,88 : 615.89"
"14,89 : 560.03"
"14,90 : 248.85"
"14,91 : 250.32"
"14,92 : 960.34"
"14,93 : 437.0"
"14,94 : 93.65"
"14,95 : 225.34"
"14,96 : 315.23"
"14,97 : 608.15"
"14,98 : 700.78"
"14,99 : 575.52"
"15,0 : 592.95"
"15,1 : 354.99"
"15,2 : 634.6"
"15,3 : 248.24"
"15,4 : 230.5"
"15,5 : 274.61"
"15,6 : 324.3"
"15,7 : 569.63"
"15,8 : 649.87"
"15,9 : 343.96"
"15,10 : 581.76"
"15,11 : 333.28"
"15,12 : 524.31"
"15,13 : 676.71"
"15,14 : 393.18"
"15,15 : 0.0"
"15,16 : 388.82"
"15,17 : 493.0"
"15,18 : 253.21"
"15,19 : 495.41"
"15,20 : 481.45"
"15,21 : 363.74"
"15,22 : 201.72"
"15,23 : 685.23"
"15,24 : 296.01"
"15,25 : 332.46"
"15,26 : 622.57"
"15,27 : 606.84"
"15,28 : 182.83"
"15,29 : 705.55"
"15,30 : 389.79"
"15,31 : 232.86"
"15,32 : 118.13"
"15,33 : 160.33"
"15,34 : 203.35"
"15,35 : 739.47"
"15,36 : 713.14"
"15,37 : 516.49"
"15,38 : 274.4"
"15,39 : 293.02"
"15,40 : 212.36"
"15,41 : 100.02"
"15,42 : 641.02"
"15,43 : 525.38"
"15,44 : 645.03"
"15,45 : 842.99"
"15,46 : 686.06"
"15,47 : 128.89"
"15,48 : 595.24"
"15,49 : 698.0"
"15,50 : 154.73"
"15,51 : 397.06"
"15,52 : 466.41"
"15,53 : 755.5"
"15,54 : 722.01"
"15,55 : 478.71"
"15,56 : 215.06"
"15,57 : 474.91"
"15,58 : 874.59"
"15,59 : 733.51"
"15,60 : 658.11"
"15,61 : 509.82"
"15,62 : 596.66"
"15,63 : 696.08"
"15,64 : 567.33"
"15,65 : 289.85"
"15,66 : 380.8"
"15,67 : 735.88"
"15,68 : 669.14"
"15,69 : 495.63"
"15,70 : 456.23"
"15,71 : 541.01"
"15,72 : 827.9"
"15,73 : 587.65"
"15,74 : 88.73"
"15,75 : 514.23"
"15,76 : 614.73"
"15,77 : 768.67"
"15,78 : 491.45"
"15,79 : 306.28"
"15,80 : 272.98"
"15,81 : 279.74"
"15,82 : 163.27"
"15,83 : 231.25"
"15,84 : 580.91"
"15,85 : 287.25"
"15,86 : 243.59"
"15,87 : 68.68"
"15,88 : 274.37"
"15,89 : 276.18"
"15,90 : 541.13"
"15,91 : 385.92"
"15,92 : 730.55"
"15,93 : 745.1"
"15,94 : 486.54"
"15,95 : 180.89"
"15,96 : 99.05"
"15,97 : 220.43"
"15,98 : 345.14"
"15,99 : 541.44"
"16,0 : 669.94"
"16,1 : 384.41"
"16,2 : 1006.11"
"16,3 : 554.68"
"16,4 : 548.59"
"16,5 : 188.66"
"16,6 : 550.91"
"16,7 : 891.53"
"16,8 : 934.49"
"16,9 : 186.51"
"16,10 : 866.46"
"16,11 : 586.42"
"16,12 : 877.19"
"16,13 : 988.57"
"16,14 : 267.62"
"16,15 : 388.82"
"16,16 : 0.0"
"16,17 : 696.42"
"16,18 : 244.2"
"16,19 : 387.59"
"16,20 : 412.39"
"16,21 : 561.73"
"16,22 : 312.43"
"16,23 : 1028.24"
"16,24 : 576.79"
"16,25 : 682.57"
"16,26 : 556.6"
"16,27 : 533.19"
"16,28 : 478.11"
"16,29 : 448.29"
"16,30 : 773.49"
"16,31 : 580.67"
"16,32 : 299.84"
"16,33 : 273.16"
"16,34 : 539.19"
"16,35 : 943.04"
"16,36 : 632.2"
"16,37 : 678.11"
"16,38 : 655.69"
"16,39 : 509.66"
"16,40 : 176.48"
"16,41 : 328.98"
"16,42 : 1003.84"
"16,43 : 538.85"
"16,44 : 823.32"
"16,45 : 902.15"
"16,46 : 1013.35"
"16,47 : 517.71"
"16,48 : 791.33"
"16,49 : 999.97"
"16,50 : 513.41"
"16,51 : 286.71"
"16,52 : 499.15"
"16,53 : 919.75"
"16,54 : 622.0"
"16,55 : 341.42"
"16,56 : 334.96"
"16,57 : 855.8"
"16,58 : 1010.89"
"16,59 : 1046.73"
"16,60 : 595.55"
"16,61 : 770.65"
"16,62 : 558.2"
"16,63 : 536.06"
"16,64 : 332.04"
"16,65 : 658.38"
"16,66 : 765.78"
"16,67 : 910.66"
"16,68 : 616.93"
"16,69 : 596.12"
"16,70 : 793.36"
"16,71 : 401.7"
"16,72 : 908.01"
"16,73 : 365.84"
"16,74 : 386.19"
"16,75 : 492.1"
"16,76 : 310.31"
"16,77 : 857.16"
"16,78 : 796.78"
"16,79 : 310.23"
"16,80 : 163.02"
"16,81 : 144.53"
"16,82 : 230.49"
"16,83 : 619.7"
"16,84 : 488.69"
"16,85 : 627.64"
"16,86 : 600.22"
"16,87 : 320.14"
"16,88 : 490.6"
"16,89 : 403.06"
"16,90 : 193.58"
"16,91 : 17.49"
"16,92 : 1093.49"
"16,93 : 697.59"
"16,94 : 306.78"
"16,95 : 234.8"
"16,96 : 290.66"
"16,97 : 596.89"
"16,98 : 733.67"
"16,99 : 785.18"
"17,0 : 216.12"
"17,1 : 327.94"
"17,2 : 531.9"
"17,3 : 695.21"
"17,4 : 673.15"
"17,5 : 508.07"
"17,6 : 169.92"
"17,7 : 305.47"
"17,8 : 272.37"
"17,9 : 523.24"
"17,10 : 219.1"
"17,11 : 795.39"
"17,12 : 379.51"
"17,13 : 356.72"
"17,14 : 475.11"
"17,15 : 493.0"
"17,16 : 696.42"
"17,17 : 0.0"
"17,18 : 708.84"
"17,19 : 444.53"
"17,20 : 399.22"
"17,21 : 139.74"
"17,22 : 683.01"
"17,23 : 452.93"
"17,24 : 208.74"
"17,25 : 311.33"
"17,26 : 417.0"
"17,27 : 421.75"
"17,28 : 655.61"
"17,29 : 696.55"
"17,30 : 470.52"
"17,31 : 323.59"
"17,32 : 586.96"
"17,33 : 622.34"
"17,34 : 319.72"
"17,35 : 253.78"
"17,36 : 475.72"
"17,37 : 71.81"
"17,38 : 421.88"
"17,39 : 775.5"
"17,40 : 582.85"
"17,41 : 582.34"
"17,42 : 494.92"
"17,43 : 293.14"
"17,44 : 152.32"
"17,45 : 403.33"
"17,46 : 405.41"
"17,47 : 478.94"
"17,48 : 103.12"
"17,49 : 350.7"
"17,50 : 374.13"
"17,51 : 458.7"
"17,52 : 273.23"
"17,53 : 262.99"
"17,54 : 504.57"
"17,55 : 477.28"
"17,56 : 370.98"
"17,57 : 489.25"
"17,58 : 385.44"
"17,59 : 407.49"
"17,60 : 426.2"
"17,61 : 121.31"
"17,62 : 373.44"
"17,63 : 567.23"
"17,64 : 603.81"
"17,65 : 632.16"
"17,66 : 478.02"
"17,67 : 242.89"
"17,68 : 417.71"
"17,69 : 170.6"
"17,70 : 294.49"
"17,71 : 486.33"
"17,72 : 373.02"
"17,73 : 595.61"
"17,74 : 412.04"
"17,75 : 340.14"
"17,76 : 707.65"
"17,77 : 315.9"
"17,78 : 218.3"
"17,79 : 390.33"
"17,80 : 535.45"
"17,81 : 678.35"
"17,82 : 527.09"
"17,83 : 476.25"
"17,84 : 438.0"
"17,85 : 684.96"
"17,86 : 632.73"
"17,87 : 513.93"
"17,88 : 759.15"
"17,89 : 768.76"
"17,90 : 723.91"
"17,91 : 682.3"
"17,92 : 563.17"
"17,93 : 451.36"
"17,94 : 523.72"
"17,95 : 494.65"
"17,96 : 514.65"
"17,97 : 575.14"
"17,98 : 548.09"
"17,99 : 105.76"
"18,0 : 755.36"
"18,1 : 469.84"
"18,2 : 880.76"
"18,3 : 327.91"
"18,4 : 326.79"
"18,5 : 281.58"
"18,6 : 540.71"
"18,7 : 821.83"
"18,8 : 896.13"
"18,9 : 335.8"
"18,10 : 827.24"
"18,11 : 345.13"
"18,12 : 776.84"
"18,13 : 928.2"
"18,14 : 420.21"
"18,15 : 253.21"
"18,16 : 244.2"
"18,17 : 708.84"
"18,18 : 0.0"
"18,19 : 548.47"
"18,20 : 555.99"
"18,21 : 570.1"
"18,22 : 79.2"
"18,23 : 938.22"
"18,24 : 532.82"
"18,25 : 585.67"
"18,26 : 709.9"
"18,27 : 688.84"
"18,28 : 257.42"
"18,29 : 676.45"
"18,30 : 628.91"
"18,31 : 485.51"
"18,32 : 135.34"
"18,33 : 93.43"
"18,34 : 453.28"
"18,35 : 962.14"
"18,36 : 796.33"
"18,37 : 715.37"
"18,38 : 519.44"
"18,39 : 266.92"
"18,40 : 153.48"
"18,41 : 155.36"
"18,42 : 890.81"
"18,43 : 650.56"
"18,44 : 855.72"
"18,45 : 1005.4"
"18,46 : 939.05"
"18,47 : 363.85"
"18,48 : 811.67"
"18,49 : 948.12"
"18,50 : 407.59"
"18,51 : 434.44"
"18,52 : 597.22"
"18,53 : 963.21"
"18,54 : 794.47"
"18,55 : 512.1"
"18,56 : 351.96"
"18,57 : 715.82"
"18,58 : 1073.05"
"18,59 : 985.4"
"18,60 : 749.29"
"18,61 : 747.29"
"18,62 : 698.02"
"18,63 : 731.13"
"18,64 : 547.11"
"18,65 : 455.46"
"18,66 : 618.06"
"18,67 : 947.42"
"18,68 : 766.71"
"18,69 : 664.26"
"18,70 : 709.27"
"18,71 : 579.4"
"18,72 : 1000.01"
"18,73 : 577.6"
"18,74 : 306.79"
"18,75 : 618.84"
"18,76 : 547.89"
"18,77 : 943.18"
"18,78 : 740.42"
"18,79 : 394.38"
"18,80 : 255.86"
"18,81 : 101.6"
"18,82 : 189.9"
"18,83 : 463.76"
"18,84 : 650.44"
"18,85 : 408.73"
"18,86 : 392.78"
"18,87 : 203.06"
"18,88 : 248.62"
"18,89 : 159.03"
"18,90 : 437.03"
"18,91 : 253.05"
"18,92 : 979.77"
"18,93 : 848.53"
"18,94 : 494.65"
"18,95 : 230.49"
"18,96 : 195.16"
"18,97 : 406.68"
"18,98 : 561.38"
"18,99 : 774.05"
"19,0 : 323.29"
"19,1 : 164.77"
"19,2 : 917.91"
"19,3 : 740.97"
"19,4 : 724.69"
"19,5 : 267.68"
"19,6 : 382.56"
"19,7 : 727.4"
"19,8 : 716.6"
"19,9 : 216.39"
"19,10 : 659.39"
"19,11 : 814.84"
"19,12 : 764.71"
"19,13 : 796.9"
"19,14 : 128.97"
"19,15 : 495.41"
"19,16 : 387.59"
"19,17 : 444.53"
"19,18 : 548.47"
"19,19 : 0.0"
"19,20 : 45.65"
"19,21 : 358.57"
"19,22 : 576.3"
"19,23 : 878.32"
"19,24 : 451.31"
"19,25 : 605.82"
"19,26 : 169.19"
"19,27 : 146.01"
"19,28 : 668.68"
"19,29 : 260.63"
"19,30 : 755.19"
"19,31 : 534.21"
"19,32 : 499.71"
"19,33 : 507.59"
"19,34 : 495.36"
"19,35 : 645.76"
"19,36 : 249.63"
"19,37 : 393.78"
"19,38 : 650.74"
"19,39 : 756.23"
"19,40 : 396.92"
"19,41 : 517.76"
"19,42 : 894.77"
"19,43 : 181.33"
"19,44 : 521.93"
"19,45 : 525.95"
"19,46 : 840.24"
"19,47 : 586.14"
"19,48 : 510.3"
"19,49 : 794.18"
"19,50 : 511.45"
"19,51 : 114.04"
"19,52 : 173.59"
"19,53 : 595.6"
"19,54 : 246.01"
"19,55 : 48.51"
"19,56 : 285.11"
"19,57 : 814.52"
"19,58 : 662.19"
"19,59 : 850.09"
"19,60 : 208.43"
"19,61 : 556.54"
"19,62 : 173.01"
"19,63 : 200.69"
"19,64 : 160.56"
"19,65 : 772.02"
"19,66 : 754.55"
"19,67 : 594.94"
"19,68 : 229.4"
"19,69 : 286.3"
"19,70 : 669.59"
"19,71 : 50.6"
"19,72 : 538.97"
"19,73 : 151.34"
"19,74 : 422.3"
"19,75 : 124.9"
"19,76 : 267.96"
"19,77 : 494.85"
"19,78 : 628.24"
"19,79 : 189.28"
"19,80 : 292.62"
"19,81 : 463.0"
"19,82 : 383.6"
"19,83 : 657.61"
"19,84 : 103.25"
"19,85 : 781.64"
"19,86 : 735.14"
"19,87 : 454.84"
"19,88 : 735.41"
"19,89 : 685.01"
"19,90 : 317.08"
"19,91 : 370.09"
"19,92 : 975.65"
"19,93 : 310.5"
"19,94 : 96.08"
"19,95 : 343.17"
"19,96 : 429.16"
"19,97 : 700.03"
"19,98 : 773.15"
"19,99 : 550.02"
"20,0 : 281.03"
"20,1 : 135.37"
"20,2 : 878.08"
"20,3 : 729.01"
"20,4 : 711.85"
"20,5 : 274.65"
"20,6 : 343.26"
"20,7 : 684.21"
"20,8 : 671.42"
"20,9 : 232.74"
"20,10 : 614.68"
"20,11 : 806.78"
"20,12 : 724.25"
"20,13 : 752.31"
"20,14 : 145.77"
"20,15 : 481.45"
"20,16 : 412.39"
"20,17 : 399.22"
"20,18 : 555.99"
"20,19 : 45.65"
"20,20 : 0.0"
"20,21 : 316.89"
"20,22 : 577.77"
"20,23 : 835.19"
"20,24 : 414.06"
"20,25 : 569.72"
"20,26 : 153.91"
"20,27 : 133.22"
"20,28 : 658.71"
"20,29 : 302.55"
"20,30 : 722.01"
"20,31 : 502.3"
"20,32 : 496.45"
"20,33 : 508.06"
"20,34 : 464.8"
"20,35 : 600.84"
"20,36 : 241.57"
"20,37 : 348.13"
"20,38 : 620.32"
"20,39 : 751.38"
"20,40 : 402.81"
"20,41 : 512.37"
"20,42 : 853.76"
"20,43 : 139.18"
"20,44 : 476.89"
"20,45 : 492.72"
"20,46 : 796.22"
"20,47 : 564.65"
"20,48 : 464.72"
"20,49 : 749.17"
"20,50 : 484.74"
"20,51 : 127.58"
"20,52 : 127.94"
"20,53 : 552.23"
"20,54 : 244.2"
"20,55 : 87.57"
"20,56 : 267.34"
"20,57 : 778.81"
"20,58 : 622.03"
"20,59 : 805.22"
"20,60 : 193.33"
"20,61 : 511.98"
"20,62 : 146.73"
"20,63 : 221.44"
"20,64 : 206.19"
"20,65 : 751.41"
"20,66 : 722.0"
"20,67 : 550.91"
"20,68 : 211.48"
"20,69 : 240.75"
"20,70 : 629.14"
"20,71 : 89.64"
"20,72 : 503.05"
"20,73 : 196.4"
"20,74 : 403.9"
"20,75 : 84.29"
"20,76 : 313.31"
"20,77 : 456.86"
"20,78 : 585.4"
"20,79 : 177.2"
"20,80 : 301.94"
"20,81 : 475.65"
"20,82 : 382.61"
"20,83 : 631.23"
"20,84 : 99.96"
"20,85 : 765.28"
"20,86 : 717.45"
"20,87 : 446.28"
"20,88 : 730.7"
"20,89 : 686.14"
"20,90 : 357.31"
"20,91 : 394.98"
"20,92 : 933.81"
"20,93 : 293.55"
"20,94 : 137.19"
"20,95 : 340.85"
"20,96 : 422.69"
"20,97 : 679.56"
"20,98 : 745.02"
"20,99 : 504.8"
"21,0 : 252.93"
"21,1 : 213.08"
"21,2 : 562.57"
"21,3 : 583.23"
"21,4 : 561.7"
"21,5 : 373.08"
"21,6 : 47.01"
"21,7 : 370.74"
"21,8 : 380.4"
"21,9 : 395.28"
"21,10 : 315.75"
"21,11 : 680.71"
"21,12 : 408.0"
"21,13 : 449.13"
"21,14 : 359.12"
"21,15 : 363.74"
"21,16 : 561.73"
"21,17 : 139.74"
"21,18 : 570.1"
"21,19 : 358.57"
"21,20 : 316.89"
"21,21 : 0.0"
"21,22 : 547.3"
"21,23 : 521.14"
"21,24 : 120.93"
"21,25 : 271.66"
"21,26 : 384.29"
"21,27 : 381.04"
"21,28 : 535.49"
"21,29 : 619.04"
"21,30 : 434.56"
"21,31 : 239.01"
"21,32 : 450.81"
"21,33 : 484.91"
"21,34 : 219.18"
"21,35 : 393.46"
"21,36 : 461.72"
"21,37 : 152.8"
"21,38 : 355.28"
"21,39 : 653.07"
"21,40 : 443.18"
"21,41 : 448.19"
"21,42 : 536.95"
"21,43 : 255.0"
"21,44 : 286.18"
"21,45 : 490.24"
"21,46 : 487.12"
"21,47 : 371.69"
"21,48 : 241.81"
"21,49 : 452.66"
"21,50 : 266.6"
"21,51 : 345.06"
"21,52 : 210.34"
"21,53 : 395.18"
"21,54 : 484.32"
"21,55 : 381.14"
"21,56 : 232.05"
"21,57 : 477.25"
"21,58 : 511.41"
"21,59 : 505.25"
"21,60 : 405.74"
"21,61 : 214.16"
"21,62 : 343.46"
"21,63 : 518.31"
"21,64 : 509.21"
"21,65 : 543.11"
"21,66 : 438.07"
"21,67 : 377.93"
"21,68 : 405.19"
"21,69 : 161.83"
"21,70 : 313.06"
"21,71 : 406.43"
"21,72 : 469.8"
"21,73 : 507.6"
"21,74 : 278.86"
"21,75 : 283.24"
"21,76 : 606.11"
"21,77 : 410.34"
"21,78 : 270.84"
"21,79 : 262.64"
"21,80 : 399.43"
"21,81 : 538.7"
"21,82 : 387.38"
"21,83 : 393.45"
"21,84 : 382.63"
"21,85 : 585.23"
"21,86 : 532.55"
"21,87 : 378.06"
"21,88 : 635.58"
"21,89 : 636.97"
"21,90 : 605.98"
"21,91 : 548.27"
"21,92 : 617.1"
"21,93 : 460.91"
"21,94 : 422.58"
"21,95 : 355.04"
"21,96 : 376.77"
"21,97 : 478.85"
"21,98 : 486.95"
"21,99 : 223.78"
"22,0 : 751.9"
"22,1 : 476.94"
"22,2 : 813.71"
"22,3 : 249.33"
"22,4 : 247.68"
"22,5 : 310.1"
"22,6 : 513.12"
"22,7 : 769.44"
"22,8 : 851.58"
"22,9 : 372.87"
"22,10 : 783.41"
"22,11 : 274.24"
"22,12 : 716.81"
"22,13 : 877.11"
"22,14 : 451.47"
"22,15 : 201.72"
"22,16 : 312.43"
"22,17 : 683.01"
"22,18 : 79.2"
"22,19 : 576.3"
"22,20 : 577.77"
"22,21 : 547.3"
"22,22 : 0.0"
"22,23 : 879.22"
"22,24 : 494.71"
"22,25 : 529.75"
"22,26 : 730.62"
"22,27 : 710.85"
"22,28 : 178.22"
"22,29 : 728.12"
"22,30 : 559.69"
"22,31 : 433.01"
"22,32 : 96.6"
"22,33 : 70.29"
"22,34 : 405.04"
"22,35 : 933.82"
"22,36 : 819.33"
"22,37 : 697.25"
"22,38 : 453.98"
"22,39 : 199.02"
"22,40 : 183.41"
"22,41 : 102.77"
"22,42 : 826.54"
"22,43 : 658.55"
"22,44 : 833.14"
"22,45 : 1003.74"
"22,46 : 884.1"
"22,47 : 297.67"
"22,48 : 786.09"
"22,49 : 899.16"
"22,50 : 355.01"
"22,51 : 463.31"
"22,52 : 602.46"
"22,53 : 942.48"
"22,54 : 820.62"
"22,55 : 544.57"
"22,56 : 346.47"
"22,57 : 646.78"
"22,58 : 1056.97"
"22,59 : 933.48"
"22,60 : 769.34"
"22,61 : 709.56"
"22,62 : 714.28"
"22,63 : 767.1"
"22,64 : 594.61"
"22,65 : 376.89"
"22,66 : 548.23"
"22,67 : 924.79"
"22,68 : 785.02"
"22,69 : 657.51"
"22,70 : 654.55"
"22,71 : 612.04"
"22,72 : 994.62"
"22,73 : 623.1"
"22,74 : 271.64"
"22,75 : 632.83"
"22,76 : 606.52"
"22,77 : 936.55"
"22,78 : 693.04"
"22,79 : 406.53"
"22,80 : 289.21"
"22,81 : 168.12"
"22,82 : 195.8"
"22,83 : 394.24"
"22,84 : 675.53"
"22,85 : 329.58"
"22,86 : 314.01"
"22,87 : 169.26"
"22,88 : 179.23"
"22,89 : 108.71"
"22,90 : 501.85"
"22,91 : 318.91"
"22,92 : 914.73"
"22,93 : 865.85"
"22,94 : 533.57"
"22,95 : 238.21"
"22,96 : 174.18"
"22,97 : 330.26"
"22,98 : 486.89"
"22,99 : 739.49"
"23,0 : 660.51"
"23,1 : 732.14"
"23,2 : 160.24"
"23,3 : 751.06"
"23,4 : 731.89"
"23,5 : 851.0"
"23,6 : 506.26"
"23,7 : 150.99"
"23,8 : 218.92"
"23,9 : 892.8"
"23,10 : 240.1"
"23,11 : 843.39"
"23,12 : 162.79"
"23,13 : 126.32"
"23,14 : 873.81"
"23,15 : 685.23"
"23,16 : 1028.24"
"23,17 : 452.93"
"23,18 : 938.22"
"23,19 : 878.32"
"23,20 : 835.19"
"23,21 : 521.14"
"23,22 : 879.22"
"23,23 : 0.0"
"23,24 : 457.42"
"23,25 : 353.57"
"23,26 : 869.87"
"23,27 : 873.99"
"23,28 : 759.0"
"23,29 : 1137.62"
"23,30 : 354.39"
"23,31 : 456.06"
"23,32 : 803.36"
"23,33 : 845.56"
"23,34 : 493.82"
"23,35 : 438.33"
"23,36 : 926.65"
"23,37 : 521.71"
"23,38 : 431.34"
"23,39 : 867.01"
"23,40 : 868.73"
"23,41 : 783.31"
"23,42 : 106.22"
"23,43 : 744.41"
"23,44 : 481.15"
"23,45 : 767.29"
"23,46 : 67.27"
"23,47 : 584.19"
"23,48 : 444.97"
"23,49 : 160.03"
"23,50 : 532.29"
"23,51 : 861.69"
"23,52 : 716.73"
"23,53 : 530.09"
"23,54 : 956.41"
"23,55 : 902.28"
"23,56 : 702.46"
"23,57 : 284.76"
"23,58 : 634.65"
"23,59 : 127.77"
"23,60 : 878.63"
"23,61 : 331.69"
"23,62 : 826.31"
"23,63 : 1018.99"
"23,64 : 1030.32"
"23,65 : 612.88"
"23,66 : 368.9"
"23,67 : 502.29"
"23,68 : 869.05"
"23,69 : 622.78"
"23,70 : 235.05"
"23,71 : 924.73"
"23,72 : 722.5"
"23,73 : 1028.38"
"23,74 : 650.17"
"23,75 : 787.61"
"23,76 : 1125.68"
"23,77 : 683.36"
"23,78 : 250.32"
"23,79 : 768.2"
"23,80 : 870.18"
"23,81 : 954.69"
"23,82 : 807.6"
"23,83 : 501.02"
"23,84 : 887.33"
"23,85 : 691.33"
"23,86 : 655.66"
"23,87 : 742.72"
"23,88 : 859.88"
"23,89 : 920.05"
"23,90 : 1113.34"
"23,91 : 1018.75"
"23,92 : 120.34"
"23,93 : 894.54"
"23,94 : 943.16"
"23,95 : 794.34"
"23,96 : 762.12"
"23,97 : 602.34"
"23,98 : 465.91"
