x,y
548,41
161,763
935,751
258,112
254,90
922,392
882,643
314,855
557,115
502,839
979,542
536,247
464,739
576,232
400,452
23,581
301,456
594,631
928,719
832,770
505,457
315,282
260,226
944,399
45,46
667,549
362,187
841,411
689,754
275,54
186,639
545,409
586,365
7,667
427,757
797,423
211,994
713,880
169,858
399,835
376,590
621,456
784,405
465,845
445,487
732,821
494,81
126,404
645,641
827,93
432,332
427,457
676,964
216,90
278,937
578,345
99,790
537,976
342,845
243,112
351,754
672,541
608,500
269,381
887,673
400,552
335,426
694,616
245,632
52,815
756,417
322,752
455,631
15,223
626,789
757,0
317,537
776,66
996,468
916,17
32,141
522,244
438,716
931,192
318,781
733,407
77,849
776,203
440,318
672,957
632,449
88,924
46,502
9,801
797,481
356,725
23,724
757,908
645,862
545,989

Distanze
"0,0 : 0.0"
"0,1 : 819.18"
"0,2 : 808.62"
"0,3 : 298.56"
"0,4 : 298.06"
"0,5 : 512.91"
"0,6 : 688.45"
"0,7 : 846.97"
"0,8 : 74.55"
"0,9 : 799.32"
"0,10 : 660.88"
"0,11 : 206.35"
"0,12 : 703.04"
"0,13 : 193.04"
"0,14 : 436.84"
"0,15 : 753.14"
"0,16 : 482.94"
"0,17 : 591.79"
"0,18 : 777.23"
"0,19 : 782.37"
"0,20 : 418.22"
"0,21 : 335.22"
"0,22 : 342.3"
"0,23 : 533.84"
"0,24 : 503.02"
"0,25 : 521.75"
"0,26 : 236.46"
"0,27 : 471.96"
"0,28 : 726.81"
"0,29 : 273.31"
"0,30 : 699.03"
"0,31 : 368.01"
"0,32 : 326.22"
"0,33 : 827.38"
"0,34 : 726.15"
"0,35 : 455.99"
"0,36 : 1010.83"
"0,37 : 855.07"
"0,38 : 900.63"
"0,39 : 807.86"
"0,40 : 575.31"
"0,41 : 421.37"
"0,42 : 433.81"
"0,43 : 808.27"
"0,44 : 457.74"
"0,45 : 801.41"
"0,46 : 67.2"
"0,47 : 556.64"
"0,48 : 607.79"
"0,49 : 283.8"
"0,50 : 313.27"
"0,51 : 433.24"
"0,52 : 931.83"
"0,53 : 335.6"
"0,54 : 935.8"
"0,55 : 305.48"
"0,56 : 873.27"
"0,57 : 935.06"
"0,58 : 829.97"
"0,59 : 313.15"
"0,60 : 739.71"
"0,61 : 515.15"
"0,62 : 462.9"
"0,63 : 439.82"
"0,64 : 717.18"
"0,65 : 532.0"
"0,66 : 439.99"
"0,67 : 593.25"
"0,68 : 664.15"
"0,69 : 919.29"
"0,70 : 429.7"
"0,71 : 746.05"
"0,72 : 597.28"
"0,73 : 563.22"
"0,74 : 752.06"
"0,75 : 212.98"
"0,76 : 547.15"
"0,77 : 229.37"
"0,78 : 618.9"
"0,79 : 368.78"
"0,80 : 525.6"
"0,81 : 204.66"
"0,82 : 683.9"
"0,83 : 411.69"
"0,84 : 774.92"
"0,85 : 410.1"
"0,86 : 935.26"
"0,87 : 279.69"
"0,88 : 297.31"
"0,89 : 924.35"
"0,90 : 416.56"
"0,91 : 995.63"
"0,92 : 681.56"
"0,93 : 931.73"
"0,94 : 505.57"
"0,95 : 710.44"
"0,96 : 861.46"
"0,97 : 891.84"
"0,98 : 826.71"
"0,99 : 948.0"
"1,0 : 819.18"
"1,1 : 0.0"
"1,2 : 774.09"
"1,3 : 658.19"
"1,4 : 679.4"
"1,5 : 846.62"
"1,6 : 730.92"
"1,7 : 178.53"
"1,8 : 759.42"
"1,9 : 349.37"
"1,10 : 847.33"
"1,11 : 637.87"
"1,12 : 303.95"
"1,13 : 673.93"
"1,14 : 392.23"
"1,15 : 228.4"
"1,16 : 337.42"
"1,17 : 452.67"
"1,18 : 768.26"
"1,19 : 671.04"
"1,20 : 460.4"
"1,21 : 505.05"
"1,22 : 546.05"
"1,23 : 863.47"
"1,24 : 726.32"
"1,25 : 549.39"
"1,26 : 610.06"
"1,27 : 765.7"
"1,28 : 528.08"
"1,29 : 718.11"
"1,30 : 126.5"
"1,31 : 522.28"
"1,32 : 582.26"
"1,33 : 181.47"
"1,34 : 266.07"
"1,35 : 721.18"
"1,36 : 236.35"
"1,37 : 564.26"
"1,38 : 95.34"
"1,39 : 248.65"
"1,40 : 275.96"
"1,41 : 553.04"
"1,42 : 718.54"
"1,43 : 314.87"
"1,44 : 396.02"
"1,45 : 573.94"
"1,46 : 758.96"
"1,47 : 360.7"
"1,48 : 499.14"
"1,49 : 944.7"
"1,50 : 509.12"
"1,51 : 405.45"
"1,52 : 552.83"
"1,53 : 675.24"
"1,54 : 209.68"
"1,55 : 590.43"
"1,56 : 67.62"
"1,57 : 432.14"
"1,58 : 198.71"
"1,59 : 656.14"
"1,60 : 190.21"
"1,61 : 557.14"
"1,62 : 518.63"
"1,63 : 396.97"
"1,64 : 731.56"
"1,65 : 318.81"
"1,66 : 379.27"
"1,67 : 552.9"
"1,68 : 155.62"
"1,69 : 120.77"
"1,70 : 688.29"
"1,71 : 161.38"
"1,72 : 322.27"
"1,73 : 559.39"
"1,74 : 465.73"
"1,75 : 968.19"
"1,76 : 274.61"
"1,77 : 929.53"
"1,78 : 885.58"
"1,79 : 1061.39"
"1,80 : 635.24"
"1,81 : 632.2"
"1,82 : 280.96"
"1,83 : 958.61"
"1,84 : 158.03"
"1,85 : 673.74"
"1,86 : 120.22"
"1,87 : 831.76"
"1,88 : 525.23"
"1,89 : 546.59"
"1,90 : 566.07"
"1,91 : 176.78"
"1,92 : 285.21"
"1,93 : 156.68"
"1,94 : 695.72"
"1,95 : 198.67"
"1,96 : 143.41"
"1,97 : 613.38"
"1,98 : 494.02"
"1,99 : 445.57"
"2,0 : 808.62"
"2,1 : 774.09"
"2,2 : 0.0"
"2,3 : 930.94"
"2,4 : 949.04"
"2,5 : 359.24"
"2,6 : 120.3"
"2,7 : 629.65"
"2,8 : 739.85"
"2,9 : 441.85"
"2,10 : 213.58"
"2,11 : 642.82"
"2,12 : 471.15"
"2,13 : 631.06"
"2,14 : 612.88"
"2,15 : 927.71"
"2,16 : 699.27"
"2,17 : 361.5"
"2,18 : 32.76"
"2,19 : 104.74"
"2,20 : 520.9"
"2,21 : 777.41"
"2,22 : 855.13"
"2,23 : 352.12"
"2,24 : 1135.4"
"2,25 : 335.6"
"2,26 : 804.01"
"2,27 : 352.75"
"2,28 : 246.02"
"2,29 : 959.9"
"2,30 : 757.33"
"2,31 : 518.71"
"2,32 : 520.38"
"2,33 : 931.79"
"2,34 : 508.04"
"2,35 : 355.85"
"2,36 : 763.69"
"2,37 : 256.76"
"2,38 : 773.44"
"2,39 : 542.54"
"2,40 : 581.72"
"2,41 : 430.84"
"2,42 : 377.51"
"2,43 : 479.31"
"2,44 : 556.59"
"2,45 : 214.73"
"2,46 : 802.11"
"2,47 : 880.28"
"2,48 : 310.16"
"2,49 : 666.8"
"2,50 : 654.65"
"2,51 : 586.94"
"2,52 : 335.34"
"2,53 : 976.67"
"2,54 : 682.82"
"2,55 : 540.63"
"2,56 : 836.91"
"2,57 : 457.2"
"2,58 : 600.4"
"2,59 : 941.9"
"2,60 : 584.01"
"2,61 : 336.55"
"2,62 : 412.23"
"2,63 : 761.88"
"2,64 : 91.59"
"2,65 : 570.81"
"2,66 : 682.37"
"2,67 : 276.24"
"2,68 : 700.19"
"2,69 : 885.32"
"2,70 : 378.94"
"2,71 : 613.0"
"2,72 : 494.77"
"2,73 : 1060.75"
"2,74 : 311.33"
"2,75 : 771.81"
"2,76 : 654.0"
"2,77 : 703.21"
"2,78 : 289.5"
"2,79 : 734.25"
"2,80 : 1089.73"
"2,81 : 653.93"
"2,82 : 498.23"
"2,83 : 559.01"
"2,84 : 617.73"
"2,85 : 398.92"
"2,86 : 863.58"
"2,87 : 570.6"
"2,88 : 657.66"
"2,89 : 334.07"
"2,90 : 427.8"
"2,91 : 864.49"
"2,92 : 923.21"
"2,93 : 927.35"
"2,94 : 303.22"
"2,95 : 579.58"
"2,96 : 912.4"
"2,97 : 237.35"
"2,98 : 310.52"
"2,99 : 456.89"
"3,0 : 298.56"
"3,1 : 658.19"
"3,2 : 930.94"
"3,3 : 0.0"
"3,4 : 22.36"
"3,5 : 720.62"
"3,6 : 819.35"
"3,7 : 745.11"
"3,8 : 299.02"
"3,9 : 766.85"
"3,10 : 839.49"
"3,11 : 309.05"
"3,12 : 659.97"
"3,13 : 339.89"
"3,14 : 368.46"
"3,15 : 524.58"
"3,16 : 346.68"
"3,17 : 618.27"
"3,18 : 904.07"
"3,19 : 873.18"
"3,20 : 424.3"
"3,21 : 179.3"
"3,22 : 114.02"
"3,23 : 743.62"
"3,24 : 222.99"
"3,25 : 598.54"
"3,26 : 128.22"
"3,27 : 655.2"
"3,28 : 773.26"
"3,29 : 60.44"
"3,30 : 531.9"
"3,31 : 413.01"
"3,32 : 414.24"
"3,33 : 609.12"
"3,34 : 666.77"
"3,35 : 622.29"
"3,36 : 883.25"
"3,37 : 892.66"
"3,38 : 751.29"
"3,39 : 736.62"
"3,40 : 492.35"
"3,41 : 500.1"
"3,42 : 602.1"
"3,43 : 761.67"
"3,44 : 419.04"
"3,45 : 852.85"
"3,46 : 238.03"
"3,47 : 320.45"
"3,48 : 655.45"
"3,49 : 569.32"
"3,50 : 280.49"
"3,51 : 384.17"
"3,52 : 949.01"
"3,53 : 47.41"
"3,54 : 825.24"
"3,55 : 395.84"
"3,56 : 696.39"
"3,57 : 907.93"
"3,58 : 737.8"
"3,59 : 15.0"
"3,60 : 648.7"
"3,61 : 596.19"
"3,62 : 522.54"
"3,63 : 269.22"
"3,64 : 842.83"
"3,65 : 462.35"
"3,66 : 323.3"
"3,67 : 666.42"
"3,68 : 520.16"
"3,69 : 732.56"
"3,70 : 583.98"
"3,71 : 643.19"
"3,72 : 555.13"
"3,73 : 267.15"
"3,74 : 770.55"
"3,75 : 511.41"
"3,76 : 429.08"
"3,77 : 520.04"
"3,78 : 819.38"
"3,79 : 664.82"
"3,80 : 227.85"
"3,81 : 295.16"
"3,82 : 630.25"
"3,83 : 677.74"
"3,84 : 671.69"
"3,85 : 559.15"
"3,86 : 758.9"
"3,87 : 525.93"
"3,88 : 274.88"
"3,89 : 940.97"
"3,90 : 503.43"
"3,91 : 829.6"
"3,92 : 443.9"
"3,93 : 732.61"
"3,94 : 653.21"
"3,95 : 620.78"
"3,96 : 655.57"
"3,97 : 939.48"
"3,98 : 843.96"
"3,99 : 922.77"
"4,0 : 298.06"
"4,1 : 679.4"
"4,2 : 949.04"
"4,3 : 22.36"
"4,4 : 0.0"
"4,5 : 733.09"
"4,6 : 836.78"
"4,7 : 767.35"
"4,8 : 304.03"
"4,9 : 788.99"
"4,10 : 854.36"
"4,11 : 322.76"
"4,12 : 682.13"
"4,13 : 351.92"
"4,14 : 390.33"
"4,15 : 542.63"
"4,16 : 369.01"
"4,17 : 638.97"
"4,18 : 921.91"
"4,19 : 892.46"
"4,20 : 444.62"
"4,21 : 201.46"
"4,22 : 136.13"
"4,23 : 756.03"
"4,24 : 213.58"
"4,25 : 617.45"
"4,26 : 145.17"
"4,27 : 669.04"
"4,28 : 793.8"
"4,29 : 41.68"
"4,30 : 553.2"
"4,31 : 431.79"
"4,32 : 431.1"
"4,33 : 627.64"
"4,34 : 689.07"
"4,35 : 636.98"
"4,36 : 905.02"
"4,37 : 913.66"
"4,38 : 772.69"
"4,39 : 758.98"
"4,40 : 514.67"
"4,41 : 518.31"
"4,42 : 616.54"
"4,43 : 783.93"
"4,44 : 440.56"
"4,45 : 873.41"
"4,46 : 240.17"
"4,47 : 339.09"
"4,48 : 675.63"
"4,49 : 573.01"
"4,50 : 300.41"
"4,51 : 405.73"
"4,52 : 970.55"
"4,53 : 38.0"
"4,54 : 847.34"
"4,55 : 412.31"
"4,56 : 716.96"
"4,57 : 930.1"
"4,58 : 760.11"
"4,59 : 24.6"
"4,60 : 671.05"
"4,61 : 614.92"
"4,62 : 541.68"
"4,63 : 291.39"
"4,64 : 860.57"
"4,65 : 484.52"
"4,66 : 345.63"
"4,67 : 685.77"
"4,68 : 542.07"
"4,69 : 752.61"
"4,70 : 599.11"
"4,71 : 665.48"
"4,72 : 577.13"
"4,73 : 273.51"
"4,74 : 791.82"
"4,75 : 510.99"
"4,76 : 451.42"
"4,77 : 522.55"
"4,78 : 832.74"
"4,79 : 666.01"
"4,80 : 227.78"
"4,81 : 309.1"
"4,82 : 652.48"
"4,83 : 684.64"
"4,84 : 693.96"
"4,85 : 574.4"
"4,86 : 779.37"
"4,87 : 534.09"
"4,88 : 294.24"
"4,89 : 962.5"
"4,90 : 521.31"
"4,91 : 850.36"
"4,92 : 461.53"
"4,93 : 752.03"
"4,94 : 669.13"
"4,95 : 643.14"
"4,96 : 674.77"
"4,97 : 960.28"
"4,98 : 865.37"
"4,99 : 944.92"
"5,0 : 512.91"
"5,1 : 846.62"
"5,2 : 359.24"
"5,3 : 720.62"
"5,4 : 733.09"
"5,5 : 0.0"
"5,6 : 254.17"
"5,7 : 764.22"
"5,8 : 458.21"
"5,9 : 613.36"
"5,10 : 160.46"
"5,11 : 412.34"
"5,12 : 574.61"
"5,13 : 381.2"
"5,14 : 525.44"
"5,15 : 918.65"
"5,16 : 624.29"
"5,17 : 405.84"
"5,18 : 327.06"
"5,19 : 388.57"
"5,20 : 422.04"
"5,21 : 616.89"
"5,22 : 682.5"
"5,23 : 23.09"
"5,24 : 942.79"
"5,25 : 299.46"
"5,26 : 596.34"
"5,27 : 83.2"
"5,28 : 430.5"
"5,29 : 729.97"
"5,30 : 776.34"
"5,31 : 377.38"
"5,32 : 337.08"
"5,33 : 955.43"
"5,34 : 615.02"
"5,35 : 128.79"
"5,36 : 931.62"
"5,37 : 530.87"
"5,38 : 885.53"
"5,39 : 685.4"
"5,40 : 580.79"
"5,41 : 307.73"
"5,42 : 138.61"
"5,43 : 643.47"
"5,44 : 486.37"
"5,45 : 469.19"
"5,46 : 529.06"
"5,47 : 796.09"
"5,48 : 372.46"
"5,49 : 313.73"
"5,50 : 493.66"
"5,51 : 499.25"
"5,52 : 622.66"
"5,53 : 767.88"
"5,54 : 843.66"
"5,55 : 347.2"
"5,56 : 914.18"
"5,57 : 699.49"
"5,58 : 735.94"
"5,59 : 734.47"
"5,60 : 676.08"
"5,61 : 291.03"
"5,62 : 332.05"
"5,63 : 653.09"
"5,64 : 283.17"
"5,65 : 545.97"
"5,66 : 587.98"
"5,67 : 319.62"
"5,68 : 718.28"
"5,69 : 967.38"
"5,70 : 167.87"
"5,71 : 699.71"
"5,72 : 524.6"
"5,73 : 922.61"
"5,74 : 495.2"
"5,75 : 425.31"
"5,76 : 622.13"
"5,77 : 357.2"
"5,78 : 106.08"
"5,79 : 375.05"
"5,80 : 924.72"
"5,81 : 426.5"
"5,82 : 582.44"
"5,83 : 200.2"
"5,84 : 718.43"
"5,85 : 189.59"
"5,86 : 960.66"
"5,87 : 238.82"
"5,88 : 487.65"
"5,89 : 617.84"
"5,90 : 295.55"
"5,91 : 989.23"
"5,92 : 882.88"
"5,93 : 1000.42"
"5,94 : 153.45"
"5,95 : 656.69"
"5,96 : 958.34"
"5,97 : 541.74"
"5,98 : 545.55"
"5,99 : 706.07"
"6,0 : 688.45"
"6,1 : 730.92"
"6,2 : 120.3"
"6,3 : 819.35"
"6,4 : 836.78"
"6,5 : 254.17"
"6,6 : 0.0"
"6,7 : 606.27"
"6,8 : 620.01"
"6,9 : 427.57"
"6,10 : 140.04"
"6,11 : 525.86"
"6,12 : 428.88"
"6,13 : 512.4"
"6,14 : 518.46"
"6,15 : 861.23"
"6,16 : 610.35"
"6,17 : 288.25"
"6,18 : 88.84"
"6,19 : 136.49"
"6,20 : 420.39"
"6,21 : 672.17"
"6,22 : 748.85"
"6,23 : 251.75"
"6,24 : 1028.09"
"6,25 : 234.65"
"6,26 : 691.62"
"6,27 : 235.59"
"6,28 : 222.64"
"6,29 : 845.8"
"6,30 : 696.01"
"6,31 : 410.27"
"6,32 : 406.08"
"6,33 : 875.33"
"6,34 : 469.06"
"6,35 : 235.85"
"6,36 : 757.26"
"6,37 : 291.08"
"6,38 : 744.71"
"6,39 : 519.76"
"6,40 : 508.77"
"6,41 : 321.08"
"6,42 : 257.39"
"6,43 : 463.35"
"6,44 : 464.01"
"6,45 : 232.77"
"6,46 : 682.93"
"6,47 : 792.88"
"6,48 : 237.01"
"6,49 : 552.74"
"6,50 : 547.01"
"6,51 : 491.55"
"6,52 : 381.41"
"6,53 : 865.66"
"6,54 : 671.75"
"6,55 : 425.7"
"6,56 : 796.68"
"6,57 : 479.49"
"6,58 : 576.54"
"6,59 : 830.83"
"6,60 : 542.48"
"6,61 : 233.46"
"6,62 : 309.07"
"6,63 : 666.64"
"6,64 : 30.41"
"6,65 : 490.52"
"6,66 : 588.47"
"6,67 : 189.93"
"6,68 : 637.09"
"6,69 : 847.63"
"6,70 : 258.75"
"6,71 : 570.51"
"6,72 : 427.17"
"6,73 : 963.37"
"6,74 : 294.71"
"6,75 : 655.04"
"6,76 : 574.86"
"6,77 : 586.66"
"6,78 : 208.86"
"6,79 : 626.92"
"6,80 : 987.17"
"6,81 : 537.4"
"6,82 : 449.96"
"6,83 : 453.65"
"6,84 : 580.64"
"6,85 : 279.1"
"6,86 : 830.94"
"6,87 : 452.59"
"6,88 : 548.62"
"6,89 : 377.75"
"6,90 : 316.44"
"6,91 : 842.26"
"6,92 : 847.81"
"6,93 : 887.18"
"6,94 : 182.95"
"6,95 : 532.35"
"6,96 : 862.81"
"6,97 : 293.0"
"6,98 : 322.69"
"6,99 : 483.0"
"7,0 : 846.97"
"7,1 : 178.53"
"7,2 : 629.65"
"7,3 : 745.11"
"7,4 : 767.35"
"7,5 : 764.22"
"7,6 : 606.27"
"7,7 : 0.0"
"7,8 : 778.88"
"7,9 : 188.68"
"7,10 : 734.98"
"7,11 : 647.26"
"7,12 : 189.62"
"7,13 : 675.85"
"7,14 : 412.07"
"7,15 : 399.7"
"7,16 : 399.21"
"7,17 : 358.57"
"7,18 : 628.88"
"7,19 : 524.93"
"7,20 : 441.46"
"7,21 : 573.0"
"7,22 : 631.31"
"7,23 : 777.71"
"7,24 : 852.55"
"7,25 : 467.17"
"7,26 : 669.72"
"7,27 : 689.1"
"7,28 : 388.36"
"7,29 : 801.95"
"7,30 : 251.08"
"7,31 : 502.27"
"7,32 : 560.43"
"7,33 : 359.99"
"7,34 : 149.58"
"7,35 : 648.01"
"7,36 : 173.0"
"7,37 : 399.78"
"7,38 : 145.03"
"7,39 : 87.32"
"7,40 : 272.16"
"7,41 : 503.44"
"7,42 : 650.69"
"7,43 : 151.33"
"7,44 : 390.62"
"7,45 : 419.38"
"7,46 : 794.65"
"7,47 : 488.62"
"7,48 : 394.15"
"7,49 : 918.59"
"7,50 : 536.15"
"7,51 : 413.73"
"7,52 : 378.05"
"7,53 : 771.25"
"7,54 : 89.55"
"7,55 : 574.28"
"7,56 : 224.61"
"7,57 : 253.71"
"7,58 : 29.73"
"7,59 : 746.38"
"7,60 : 107.56"
"7,61 : 476.19"
"7,62 : 460.93"
"7,63 : 476.13"
"7,64 : 601.21"
"7,65 : 314.97"
"7,66 : 429.51"
"7,67 : 448.91"
"7,68 : 233.43"
"7,69 : 265.04"
"7,70 : 622.26"
"7,71 : 103.31"
"7,72 : 264.68"
"7,73 : 699.16"
"7,74 : 318.9"
"7,75 : 962.95"
"7,76 : 318.01"
"7,77 : 914.31"
"7,78 : 784.15"
"7,79 : 1031.82"
"7,80 : 767.67"
"7,81 : 645.43"
"7,82 : 186.27"
"7,83 : 905.68"
"7,84 : 74.11"
"7,85 : 613.4"
"7,86 : 237.08"
"7,87 : 799.09"
"7,88 : 551.58"
"7,89 : 372.25"
"7,90 : 515.71"
"7,91 : 236.3"
"7,92 : 443.21"
"7,93 : 309.74"
"7,94 : 610.87"
"7,95 : 136.62"
"7,96 : 319.13"
"7,97 : 446.16"
"7,98 : 331.07"
"7,99 : 267.05"
"8,0 : 74.55"
"8,1 : 759.42"
"8,2 : 739.85"
"8,3 : 299.02"
"8,4 : 304.03"
"8,5 : 458.21"
"8,6 : 620.01"
"8,7 : 778.88"
"8,8 : 0.0"
"8,9 : 726.09"
"8,10 : 600.34"
"8,11 : 133.66"
"8,12 : 630.89"
"8,13 : 118.53"
"8,14 : 371.78"
"8,15 : 708.74"
"8,16 : 426.4"
"8,17 : 517.32"
"8,18 : 708.84"
"8,19 : 710.39"
"8,20 : 345.93"
"8,21 : 294.03"
"8,22 : 317.06"
"8,23 : 480.03"
"8,24 : 516.63"
"8,25 : 447.72"
"8,26 : 207.87"
"8,27 : 410.21"
"8,28 : 652.49"
"8,29 : 288.52"
"8,30 : 642.04"
"8,31 : 294.24"
"8,32 : 251.68"
"8,33 : 779.23"
"8,34 : 655.03"
"8,35 : 390.47"
"8,36 : 944.65"
"8,37 : 780.74"
"8,38 : 838.21"
"8,39 : 737.13"
"8,40 : 508.32"
"8,41 : 346.95"
"8,42 : 368.28"
"8,43 : 735.77"
"8,44 : 388.49"
"8,45 : 727.37"
"8,46 : 71.59"
"8,47 : 518.92"
"8,48 : 533.31"
"8,49 : 270.89"
"8,50 : 250.43"
"8,51 : 365.87"
"8,52 : 857.3"
"8,53 : 341.92"
"8,54 : 868.06"
"8,55 : 230.96"
"8,56 : 815.71"
"8,57 : 861.23"
"8,58 : 761.0"
"8,59 : 314.01"
"8,60 : 671.38"
"8,61 : 441.25"
"8,62 : 388.36"
"8,63 : 392.05"
"8,64 : 648.28"
"8,65 : 464.35"
"8,66 : 382.11"
"8,67 : 519.39"
"8,68 : 603.85"
"8,69 : 863.15"
"8,70 : 361.67"
"8,71 : 678.97"
"8,72 : 525.98"
"8,73 : 552.66"
"8,74 : 677.52"
"8,75 : 230.71"
"8,76 : 485.47"
"8,77 : 224.41"
"8,78 : 563.32"
"8,79 : 372.14"
"8,80 : 525.64"
"8,81 : 133.66"
"8,82 : 612.67"
"8,83 : 381.84"
"8,84 : 707.59"
"8,85 : 340.94"
"8,86 : 877.02"
"8,87 : 236.02"
"8,88 : 234.3"
"8,89 : 849.82"
"8,90 : 342.32"
"8,91 : 935.12"
"8,92 : 641.01"
"8,93 : 878.01"
"8,94 : 437.67"
"8,95 : 642.26"
"8,96 : 809.96"
"8,97 : 817.83"
"8,98 : 752.17"
"8,99 : 874.08"
"9,0 : 799.32"
"9,1 : 349.37"
"9,2 : 441.85"
"9,3 : 766.85"
"9,4 : 788.99"
"9,5 : 613.36"
"9,6 : 427.57"
"9,7 : 188.68"
"9,8 : 726.09"
"9,9 : 0.0"
"9,10 : 561.91"
"9,11 : 592.98"
"9,12 : 106.98"
"9,13 : 611.49"
"9,14 : 400.22"
"9,15 : 544.06"
"9,16 : 432.54"
"9,17 : 227.44"
"9,18 : 442.58"
"9,19 : 337.14"
"9,20 : 382.01"
"9,21 : 587.55"
"9,22 : 659.04"
"9,23 : 623.67"
"9,24 : 915.26"
"9,25 : 333.65"
"9,26 : 666.86"
"9,27 : 545.99"
"9,28 : 205.41"
"9,29 : 817.16"
"9,30 : 373.97"
"9,31 : 432.14"
"9,32 : 481.39"
"9,33 : 524.03"
"9,34 : 111.13"
"9,35 : 509.98"
"9,36 : 329.71"
"9,37 : 214.95"
"9,38 : 333.54"
"9,39 : 103.08"
"9,40 : 279.06"
"9,41 : 401.06"
"9,42 : 517.57"
"9,43 : 37.48"
"9,44 : 356.59"
"9,45 : 230.7"
"9,46 : 758.04"
"9,47 : 574.98"
"9,48 : 244.24"
"9,49 : 813.72"
"9,50 : 511.81"
"9,51 : 389.29"
"9,52 : 214.25"
"9,53 : 801.75"
"9,54 : 244.5"
"9,55 : 499.81"
"9,56 : 405.97"
"9,57 : 141.4"
"9,58 : 160.11"
"9,59 : 771.76"
"9,60 : 173.28"
"9,61 : 343.08"
"9,62 : 355.19"
"9,63 : 513.86"
"9,64 : 419.26"
"9,65 : 304.59"
"9,66 : 445.49"
"9,67 : 294.27"
"9,68 : 330.0"
"9,69 : 450.64"
"9,70 : 492.54"
"9,71 : 199.92"
"9,72 : 213.24"
"9,73 : 785.25"
"9,74 : 133.7"
"9,75 : 876.9"
"9,76 : 354.16"
"9,77 : 820.12"
"9,78 : 617.8"
"9,79 : 920.37"
"9,80 : 841.49"
"9,81 : 595.34"
"9,82 : 138.65"
"9,83 : 776.31"
"9,84 : 192.92"
"9,85 : 489.88"
"9,86 : 425.12"
"9,87 : 692.51"
"9,88 : 524.68"
"9,89 : 206.94"
"9,90 : 411.1"
"9,91 : 422.64"
"9,92 : 567.01"
"9,93 : 494.46"
"9,94 : 463.88"
"9,95 : 185.23"
"9,96 : 492.61"
"9,97 : 264.17"
"9,98 : 144.84"
"9,99 : 156.04"
"10,0 : 660.88"
"10,1 : 847.33"
"10,2 : 213.58"
"10,3 : 839.49"
"10,4 : 854.36"
"10,5 : 160.46"
"10,6 : 140.04"
"10,7 : 734.98"
"10,8 : 600.34"
"10,9 : 561.91"
"10,10 : 0.0"
"10,11 : 532.23"
"10,12 : 551.39"
"10,13 : 508.44"
"10,14 : 585.95"
"10,15 : 956.8"
"10,16 : 683.43"
"10,17 : 395.15"
"10,18 : 184.2"
"10,19 : 271.28"
"10,20 : 481.56"
"10,21 : 713.09"
"10,22 : 785.38"
"10,23 : 147.22"
"10,24 : 1057.53"
"10,25 : 312.08"
"10,26 : 711.84"
"10,27 : 190.28"
"10,28 : 359.23"
"10,29 : 856.6"
"10,30 : 798.91"
"10,31 : 453.92"
"10,32 : 431.02"
"10,33 : 980.0"
"10,34 : 592.39"
"10,35 : 217.45"
"10,36 : 891.14"
"10,37 : 430.12"
"10,38 : 869.46"
"10,39 : 649.81"
"10,40 : 604.91"
"10,41 : 368.18"
"10,42 : 238.31"
"10,43 : 596.66"
"10,44 : 536.82"
"10,45 : 372.63"
"10,46 : 669.14"
"10,47 : 864.09"
"10,48 : 348.36"
"10,49 : 474.03"
"10,50 : 585.93"
"10,51 : 558.51"
"10,52 : 519.51"
"10,53 : 886.83"
"10,54 : 804.63"
"10,55 : 446.78"
"10,56 : 914.28"
"10,57 : 619.45"
"10,58 : 705.39"
"10,59 : 852.41"
"10,60 : 662.82"
"10,61 : 307.0"
"10,62 : 373.37"
"10,63 : 728.03"
"10,64 : 160.08"
"10,65 : 579.09"
"10,66 : 654.36"
"10,67 : 294.45"
"10,68 : 739.5"
"10,69 : 966.36"
"10,70 : 255.64"
"10,71 : 689.75"
"10,72 : 531.5"
"10,73 : 1015.41"
"10,74 : 430.83"
"10,75 : 585.7"
"10,76 : 662.02"
"10,77 : 517.48"
"10,78 : 75.93"
"10,79 : 528.77"
"10,80 : 1028.4"
"10,81 : 545.58"
"10,82 : 568.29"
"10,83 : 353.28"
"10,84 : 702.88"
"10,85 : 280.61"
"10,86 : 952.81"
"10,87 : 395.13"
"10,88 : 583.69"
"10,89 : 516.21"
"10,90 : 359.25"
"10,91 : 969.44"
"10,92 : 933.86"
"10,93 : 1003.98"
"10,94 : 191.95"
"10,95 : 649.32"
"10,96 : 973.17"
"10,97 : 428.07"
"10,98 : 462.55"
"10,99 : 623.03"
"11,0 : 206.35"
"11,1 : 637.87"
"11,2 : 642.82"
"11,3 : 309.05"
"11,4 : 322.76"
"11,5 : 412.34"
"11,6 : 525.86"
"11,7 : 647.26"
"11,8 : 133.66"
"11,9 : 592.98"
"11,10 : 532.23"
"11,11 : 0.0"
"11,12 : 497.24"
"11,13 : 42.72"
"11,14 : 246.01"
"11,15 : 612.15"
"11,16 : 314.49"
"11,17 : 388.36"
"11,18 : 613.55"
"11,19 : 600.95"
"11,20 : 212.28"
"11,21 : 223.75"
"11,22 : 276.8"
"11,23 : 435.39"
"11,24 : 530.55"
"11,25 : 329.19"
"11,26 : 184.05"
"11,27 : 346.3"
"11,28 : 529.58"
"11,29 : 324.61"
"11,30 : 525.51"
"11,31 : 162.25"
"11,32 : 128.16"
"11,33 : 675.46"
"11,34 : 521.52"
"11,35 : 314.8"
"11,36 : 814.64"
"11,37 : 657.28"
"11,38 : 712.75"
"11,39 : 603.75"
"11,40 : 378.48"
"11,41 : 225.62"
"11,42 : 294.05"
"11,43 : 602.2"
"11,44 : 256.67"
"11,45 : 606.54"
"11,46 : 171.23"
"11,47 : 439.03"
"11,48 : 408.8"
"11,49 : 329.24"
"11,50 : 134.32"
"11,51 : 236.6"
"11,52 : 730.54"
"11,53 : 356.44"
"11,54 : 736.66"
"11,55 : 106.62"
"11,56 : 697.01"
"11,57 : 729.0"
"11,58 : 628.68"
"11,59 : 322.61"
"11,60 : 539.7"
"11,61 : 323.93"
"11,62 : 263.05"
"11,63 : 298.74"
"11,64 : 551.98"
"11,65 : 333.95"
"11,66 : 269.15"
"11,67 : 401.4"
"11,68 : 482.6"
"11,69 : 746.24"
"11,70 : 278.03"
"11,71 : 548.47"
"11,72 : 392.45"
"11,73 : 521.55"
"11,74 : 549.42"
"11,75 : 331.44"
"11,76 : 363.4"
"11,77 : 300.6"
"11,78 : 510.33"
"11,79 : 444.18"
"11,80 : 515.03"
"11,81 : 14.32"
"11,82 : 479.13"
"11,83 : 398.81"
"11,84 : 576.78"
"11,85 : 253.79"
"11,86 : 757.02"
"11,87 : 244.0"
"11,88 : 119.4"
"11,89 : 722.91"
"11,90 : 223.65"
"11,91 : 811.81"
"11,92 : 552.38"
"11,93 : 764.62"
"11,94 : 350.54"
"11,95 : 510.77"
"11,96 : 700.5"
"11,97 : 696.97"
"11,98 : 624.58"
"11,99 : 742.05"
"12,0 : 703.04"
"12,1 : 303.95"
"12,2 : 471.15"
"12,3 : 659.97"
"12,4 : 682.13"
"12,5 : 574.61"
"12,6 : 428.88"
"12,7 : 189.62"
"12,8 : 630.89"
"12,9 : 106.98"
"12,10 : 551.39"
"12,11 : 497.24"
"12,12 : 0.0"
"12,13 : 519.22"
"12,14 : 294.05"
"12,15 : 468.45"
"12,16 : 326.59"
"12,17 : 169.01"
"12,18 : 464.43"
"12,19 : 369.3"
"12,20 : 284.96"
"12,21 : 480.68"
"12,22 : 552.07"
"12,23 : 588.22"
"12,24 : 809.82"
"12,25 : 278.04"
"12,26 : 561.34"
"12,27 : 499.71"
"12,28 : 225.5"
"12,29 : 710.6"
"12,30 : 295.44"
"12,31 : 339.8"
"12,32 : 393.4"
"12,33 : 462.64"
"12,34 : 41.15"
"12,35 : 459.07"
"12,36 : 359.21"
"12,37 : 286.15"
"12,38 : 318.1"
"12,39 : 115.94"
"12,40 : 173.05"
"12,41 : 323.63"
"12,42 : 462.55"
"12,43 : 106.0"
"12,44 : 252.72"
"12,45 : 280.26"
"12,46 : 658.68"
"12,47 : 475.89"
"12,48 : 205.83"
"12,49 : 741.0"
"12,50 : 408.26"
"12,51 : 284.42"
"12,52 : 309.14"
"12,53 : 694.77"
"12,54 : 271.66"
"12,55 : 410.16"
"12,56 : 368.55"
"12,57 : 247.99"
"12,58 : 161.62"
"12,59 : 664.81"
"12,60 : 113.99"
"12,61 : 287.17"
"12,62 : 279.03"
"12,63 : 407.66"
"12,64 : 428.12"
"12,65 : 197.65"
"12,66 : 338.54"
"12,67 : 260.82"
"12,68 : 243.74"
"12,69 : 418.95"
"12,70 : 434.68"
"12,71 : 142.59"
"12,72 : 108.37"
"12,73 : 684.0"
"12,74 : 169.54"
"12,75 : 794.97"
"12,76 : 249.83"
"12,77 : 741.8"
"12,78 : 597.05"
"12,79 : 851.81"
"12,80 : 737.72"
"12,81 : 498.39"
"12,82 : 34.71"
"12,83 : 719.23"
"12,84 : 151.92"
"12,85 : 427.3"
"12,86 : 402.33"
"12,87 : 620.19"
"12,88 : 421.68"
"12,89 : 301.31"
"12,90 : 335.15"
"12,91 : 419.05"
"12,92 : 480.51"
"12,93 : 459.2"
"12,94 : 421.25"
"12,95 : 108.9"
"12,96 : 441.26"
"12,97 : 338.25"
"12,98 : 218.84"
"12,99 : 262.79"
"13,0 : 193.04"
"13,1 : 673.93"
"13,2 : 631.06"
"13,3 : 339.89"
"13,4 : 351.92"
"13,5 : 381.2"
"13,6 : 512.4"
"13,7 : 675.85"
"13,8 : 118.53"
"13,9 : 611.49"
"13,10 : 508.44"
"13,11 : 42.72"
"13,12 : 519.22"
"13,13 : 0.0"
"13,14 : 281.74"
"13,15 : 653.92"
"13,16 : 354.68"
"13,17 : 399.41"
"13,18 : 600.89"
"13,19 : 595.8"
"13,20 : 235.94"
"13,21 : 265.75"
"13,22 : 316.06"
"13,23 : 404.12"
"13,24 : 562.63"
"13,25 : 329.8"
"13,26 : 218.68"
"13,27 : 319.79"
"13,28 : 534.09"
"13,29 : 349.69"
"13,30 : 563.69"
"13,31 : 179.69"
"13,32 : 133.38"
"13,33 : 716.23"
"13,34 : 545.73"
"13,35 : 292.1"
"13,36 : 844.91"
"13,37 : 662.32"
"13,38 : 746.68"
"13,39 : 628.44"
"13,40 : 410.08"
"13,41 : 228.48"
"13,42 : 270.54"
"13,43 : 622.97"
"13,44 : 286.68"
"13,45 : 609.31"
"13,46 : 171.83"
"13,47 : 481.75"
"13,48 : 414.78"
"13,49 : 286.92"
"13,50 : 175.32"
"13,51 : 269.86"
"13,52 : 738.8"
"13,53 : 386.99"
"13,54 : 765.39"
"13,55 : 113.02"
"13,56 : 734.09"
"13,57 : 745.02"
"13,58 : 656.14"
"13,59 : 353.96"
"13,60 : 568.43"
"13,61 : 323.57"
"13,62 : 269.9"
"13,63 : 341.25"
"13,64 : 539.63"
"13,65 : 365.21"
"13,66 : 309.38"
"13,67 : 401.72"
"13,68 : 519.19"
"13,69 : 783.88"
"13,70 : 258.12"
"13,71 : 578.72"
"13,72 : 416.94"
"13,73 : 561.07"
"13,74 : 559.24"
"13,75 : 294.25"
"13,76 : 400.13"
"13,77 : 259.92"
"13,78 : 481.76"
"13,79 : 402.27"
"13,80 : 551.56"
"13,81 : 55.32"
"13,82 : 503.29"
"13,83 : 357.25"
"13,84 : 606.6"
"13,85 : 235.1"
"13,86 : 793.53"
"13,87 : 202.09"
"13,88 : 160.91"
"13,89 : 731.33"
"13,90 : 224.11"
"13,91 : 846.76"
"13,92 : 594.81"
"13,93 : 803.27"
"13,94 : 332.93"
"13,95 : 539.86"
"13,96 : 740.18"
"13,97 : 699.81"
"13,98 : 633.77"
"13,99 : 757.63"
"14,0 : 436.84"
"14,1 : 392.23"
"14,2 : 612.88"
"14,3 : 368.46"
"14,4 : 390.33"
"14,5 : 525.44"
"14,6 : 518.46"
"14,7 : 412.07"
"14,8 : 371.78"
"14,9 : 400.22"
"14,10 : 585.95"
"14,11 : 246.01"
"14,12 : 294.05"
"14,13 : 281.74"
"14,14 : 0.0"
"14,15 : 398.46"
"14,16 : 99.08"
"14,17 : 263.96"
"14,18 : 591.67"
"14,19 : 536.42"
"14,20 : 105.12"
"14,21 : 190.07"
"14,22 : 265.85"
"14,23 : 546.58"
"14,24 : 539.32"
"14,25 : 284.07"
"14,26 : 267.71"
"14,27 : 442.9"
"14,28 : 418.0"
"14,29 : 417.17"
"14,30 : 284.19"
"14,31 : 151.24"
"14,32 : 205.34"
"14,33 : 447.97"
"14,34 : 306.19"
"14,35 : 398.06"
"14,36 : 574.01"
"14,37 : 530.24"
"14,38 : 467.12"
"14,39 : 383.0"
"14,40 : 140.07"
"14,41 : 221.04"
"14,42 : 386.87"
"14,43 : 398.34"
"14,44 : 57.01"
"14,45 : 496.37"
"14,46 : 382.72"
"14,47 : 278.17"
"14,48 : 309.43"
"14,49 : 557.86"
"14,50 : 124.19"
"14,51 : 27.46"
"14,52 : 581.65"
"14,53 : 406.08"
"14,54 : 500.11"
"14,55 : 207.68"
"14,56 : 452.6"
"14,57 : 541.61"
"14,58 : 397.26"
"14,59 : 374.5"
"14,60 : 305.95"
"14,61 : 286.19"
"14,62 : 213.47"
"14,63 : 149.0"
"14,64 : 534.8"
"14,65 : 100.0"
"14,66 : 70.01"
"14,67 : 336.65"
"14,68 : 237.54"
"14,69 : 502.86"
"14,70 : 357.72"
"14,71 : 309.97"
"14,72 : 187.26"
"14,73 : 447.96"
"14,74 : 405.76"
"14,75 : 575.98"
"14,76 : 118.8"
"14,77 : 538.86"
"14,78 : 596.21"
"14,79 : 674.89"
"14,80 : 481.81"
"14,81 : 241.14"
"14,82 : 266.72"
"14,83 : 591.24"
"14,84 : 339.06"
"14,85 : 336.03"
"14,86 : 511.8"
"14,87 : 450.97"
"14,88 : 139.84"
"14,89 : 573.59"
"14,90 : 232.02"
"14,91 : 565.8"
"14,92 : 357.51"
"14,93 : 524.1"
"14,94 : 398.06"
"14,95 : 276.52"
"14,96 : 464.88"
"14,97 : 579.12"
"14,98 : 477.62"
"14,99 : 556.23"
"15,0 : 753.14"
"15,1 : 228.4"
"15,2 : 927.71"
"15,3 : 524.58"
"15,4 : 542.63"
"15,5 : 918.65"
"15,6 : 861.23"
"15,7 : 399.7"
"15,8 : 708.74"
"15,9 : 544.06"
"15,10 : 956.8"
"15,11 : 612.15"
"15,12 : 468.45"
"15,13 : 653.92"
"15,14 : 398.46"
"15,15 : 0.0"
"15,16 : 304.81"
"15,17 : 573.18"
"15,18 : 915.46"
"15,19 : 830.78"
"15,20 : 497.69"
"15,21 : 417.93"
"15,22 : 426.84"
"15,23 : 938.81"
"15,24 : 535.45"
"15,25 : 644.79"
"15,26 : 519.77"
"15,27 : 835.48"
"15,28 : 688.1"
"15,29 : 584.15"
"15,30 : 173.01"
"15,31 : 549.61"
"15,32 : 603.01"
"15,33 : 87.48"
"15,34 : 440.67"
"15,35 : 789.96"
"15,36 : 453.78"
"15,37 : 752.0"
"15,38 : 313.12"
"15,39 : 453.75"
"15,40 : 353.11"
"15,41 : 610.92"
"15,42 : 781.09"
"15,43 : 514.84"
"15,44 : 432.34"
"15,45 : 748.52"
"15,46 : 686.91"
"15,47 : 204.79"
"15,48 : 624.89"
"15,49 : 940.51"
"15,50 : 478.83"
"15,51 : 422.6"
"15,52 : 757.03"
"15,53 : 527.57"
"15,54 : 437.91"
"15,55 : 603.09"
"15,56 : 222.39"
"15,57 : 648.24"
"15,58 : 414.07"
"15,59 : 518.04"
"15,60 : 370.83"
"15,61 : 650.23"
"15,62 : 590.58"
"15,63 : 317.04"
"15,64 : 868.88"
"15,65 : 378.11"
"15,66 : 348.38"
"15,67 : 671.91"
"15,68 : 227.78"
"15,69 : 235.79"
"15,70 : 751.12"
"15,71 : 344.44"
"15,72 : 434.88"
"15,73 : 358.09"
"15,74 : 637.87"
"15,75 : 936.12"
"15,76 : 297.27"
"15,77 : 912.27"
"15,78 : 979.54"
"15,79 : 1056.19"
"15,80 : 440.09"
"15,81 : 602.14"
"15,82 : 436.41"
"15,83 : 987.82"
"15,84 : 356.41"
"15,85 : 731.01"
"15,86 : 273.39"
"15,87 : 842.55"
"15,88 : 493.01"
"15,89 : 750.05"
"15,90 : 623.14"
"15,91 : 349.1"
"15,92 : 82.28"
"15,93 : 220.45"
"15,94 : 780.43"
"15,95 : 362.8"
"15,96 : 143.0"
"15,97 : 803.55"
"15,98 : 682.53"
"15,99 : 662.53"
"16,0 : 482.94"
"16,1 : 337.42"
"16,2 : 699.27"
"16,3 : 346.68"
"16,4 : 369.01"
"16,5 : 624.29"
"16,6 : 610.35"
"16,7 : 399.21"
"16,8 : 426.4"
"16,9 : 432.54"
"16,10 : 683.43"
"16,11 : 314.49"
"16,12 : 326.59"
"16,13 : 354.68"
"16,14 : 99.08"
"16,15 : 304.81"
"16,16 : 0.0"
"16,17 : 341.28"
"16,18 : 679.92"
"16,19 : 616.89"
"16,20 : 204.0"
"16,21 : 174.56"
"16,22 : 233.63"
"16,23 : 645.52"
"16,24 : 483.36"
"16,25 : 377.63"
"16,26 : 275.83"
"16,27 : 541.87"
"16,28 : 489.23"
"16,29 : 402.84"
"16,30 : 216.13"
"16,31 : 248.49"
"16,32 : 299.18"
"16,33 : 361.88"
"16,34 : 326.31"
"16,35 : 497.1"
"16,36 : 545.48"
"16,37 : 591.2"
"16,38 : 423.12"
"16,39 : 391.47"
"16,40 : 153.56"
"16,41 : 320.0"
"16,42 : 485.69"
"16,43 : 422.16"
"16,44 : 147.3"
"16,45 : 564.79"
"16,46 : 421.75"
"16,47 : 182.56"
"16,48 : 390.59"
"16,49 : 639.1"
"16,50 : 180.38"
"16,51 : 126.0"
"16,52 : 631.42"
"16,53 : 375.74"
"16,54 : 481.55"
"16,55 : 298.41"
"16,56 : 390.33"
"16,57 : 571.05"
"16,58 : 391.15"
"16,59 : 348.86"
"16,60 : 302.17"
"16,61 : 380.61"
"16,62 : 310.14"
"16,63 : 81.54"
"16,64 : 624.89"
"16,65 : 137.9"
"16,66 : 45.34"
"16,67 : 424.32"
"16,68 : 184.69"
"16,69 : 436.9"
"16,70 : 456.67"
"16,71 : 296.74"
"16,72 : 233.11"
"16,73 : 368.9"
"16,74 : 465.31"
"16,75 : 644.88"
"16,76 : 82.57"
"16,77 : 614.59"
"16,78 : 695.1"
"16,79 : 755.61"
"16,80 : 414.23"
"16,81 : 306.24"
"16,82 : 293.89"
"16,83 : 683.08"
"16,84 : 325.44"
"16,85 : 434.77"
"16,86 : 452.35"
"16,87 : 538.18"
"16,88 : 195.87"
"16,89 : 623.41"
"16,90 : 331.07"
"16,91 : 514.19"
"16,92 : 259.12"
"16,93 : 451.98"
"16,94 : 496.63"
"16,95 : 274.57"
"16,96 : 386.15"
"16,97 : 642.06"
"16,98 : 532.14"
"16,99 : 586.2"
"17,0 : 591.79"
"17,1 : 452.67"
"17,2 : 361.5"
"17,3 : 618.27"
"17,4 : 638.97"
"17,5 : 405.84"
"17,6 : 288.25"
"17,7 : 358.57"
"17,8 : 517.32"
"17,9 : 227.44"
"17,10 : 395.15"
"17,11 : 388.36"
"17,12 : 169.01"
"17,13 : 399.41"
"17,14 : 263.96"
"17,15 : 573.18"
"17,16 : 341.28"
"17,17 : 0.0"
"17,18 : 345.4"
"17,19 : 275.62"
"17,20 : 195.44"
"17,21 : 446.81"
"17,22 : 524.96"
"17,23 : 419.91"
"17,24 : 802.26"
"17,25 : 109.79"
"17,26 : 500.96"
"17,27 : 330.77"
"17,28 : 155.42"
"17,29 : 659.31"
"17,30 : 408.08"
"17,31 : 227.34"
"17,32 : 266.12"
"17,33 : 588.1"
"17,34 : 209.2"
"17,35 : 290.64"
"17,36 : 527.69"
"17,37 : 275.97"
"17,38 : 481.82"
"17,39 : 282.21"
"17,40 : 221.82"
"17,41 : 177.07"
"17,42 : 295.26"
"17,43 : 249.87"
"17,44 : 207.21"
"17,45 : 234.83"
"17,46 : 559.02"
"17,47 : 520.15"
"17,48 : 51.97"
"17,49 : 586.29"
"17,50 : 340.07"
"17,51 : 241.17"
"17,52 : 342.95"
"17,53 : 659.97"
"17,54 : 439.88"
"17,55 : 286.45"
"17,56 : 519.91"
"17,57 : 349.68"
"17,58 : 330.61"
"17,59 : 626.55"
"17,60 : 272.36"
"17,61 : 119.1"
"17,62 : 131.75"
"17,63 : 410.03"
"17,64 : 295.99"
"17,65 : 209.47"
"17,66 : 330.31"
"17,67 : 101.12"
"17,68 : 349.0"
"17,69 : 572.38"
"17,70 : 268.4"
"17,71 : 297.7"
"17,72 : 139.0"
"17,73 : 708.31"
"17,74 : 161.21"
"17,75 : 651.71"
"17,76 : 292.51"
"17,77 : 593.59"
"17,78 : 433.79"
"17,79 : 693.31"
"17,80 : 745.62"
"17,81 : 393.64"
"17,82 : 177.65"
"17,83 : 553.43"
"17,84 : 314.13"
"17,85 : 263.62"
"17,86 : 561.08"
"17,87 : 465.09"
"17,88 : 348.83"
"17,89 : 335.2"
"17,90 : 185.92"
"17,91 : 584.71"
"17,92 : 562.98"
"17,93 : 609.2"
"17,94 : 252.41"
"17,95 : 255.89"
"17,96 : 578.52"
"17,97 : 321.4"
"17,98 : 236.56"
"17,99 : 361.34"
"18,0 : 777.23"
"18,1 : 768.26"
"18,2 : 32.76"
"18,3 : 904.07"
"18,4 : 921.91"
"18,5 : 327.06"
"18,6 : 88.84"
"18,7 : 628.88"
"18,8 : 708.84"
"18,9 : 442.58"
"18,10 : 184.2"
"18,11 : 613.55"
"18,12 : 464.43"
"18,13 : 600.89"
"18,14 : 591.67"
"18,15 : 915.46"
"18,16 : 679.92"
"18,17 : 345.4"
"18,18 : 0.0"
"18,19 : 108.71"
"18,20 : 497.57"
"18,21 : 752.82"
"18,22 : 830.22"
"18,23 : 320.4"
"18,24 : 1110.23"
"18,25 : 311.48"
"18,26 : 776.78"
"18,27 : 320.05"
"18,28 : 241.55"
"18,29 : 932.01"
"18,30 : 746.3"
"18,31 : 492.74"
"18,32 : 492.22"
"18,33 : 922.47"
"18,34 : 502.44"
"18,35 : 323.69"
"18,36 : 767.93"
"18,37 : 268.6"
"18,38 : 771.62"
"18,39 : 541.57"
"18,40 : 566.87"
"18,41 : 404.25"
"18,42 : 345.44"
"18,43 : 479.84"
"18,44 : 535.83"
"18,45 : 220.95"
"18,46 : 771.62"
"18,47 : 861.64"
"18,48 : 293.55"
"18,49 : 634.1"
"18,50 : 629.11"
"18,51 : 565.37"
"18,52 : 351.47"
"18,53 : 950.04"
"18,54 : 685.58"
"18,55 : 512.23"
"18,56 : 832.03"
"18,57 : 467.9"
"18,58 : 599.39"
"18,59 : 915.25"
"18,60 : 578.06"
"18,61 : 311.8"
"18,62 : 387.76"
"18,63 : 740.62"
"18,64 : 61.62"
"18,65 : 553.78"
"18,66 : 661.44"
"18,67 : 255.67"
"18,68 : 688.52"
"18,69 : 881.24"
"18,70 : 347.55"
"18,71 : 606.9"
"18,72 : 481.12"
"18,73 : 1039.03"
"18,74 : 310.01"
"18,75 : 739.05"
"18,76 : 637.53"
"18,77 : 670.46"
"18,78 : 260.05"
"18,79 : 702.1"
"18,80 : 1066.26"
"18,81 : 624.87"
"18,82 : 490.01"
"18,83 : 527.01"
"18,84 : 613.14"
"18,85 : 367.93"
"18,86 : 860.87"
"18,87 : 537.92"
"18,88 : 631.62"
"18,89 : 349.54"
"18,90 : 400.64"
"18,91 : 864.65"
"18,92 : 908.3"
"18,93 : 922.65"
"18,94 : 271.67"
"18,95 : 572.03"
"18,96 : 905.01"
"18,97 : 254.88"
"18,98 : 317.08"
"18,99 : 468.6"
"19,0 : 782.37"
"19,1 : 671.04"
"19,2 : 104.74"
"19,3 : 873.18"
"19,4 : 892.46"
"19,5 : 388.57"
"19,6 : 136.49"
"19,7 : 524.93"
"19,8 : 710.39"
"19,9 : 337.14"
"19,10 : 271.28"
"19,11 : 600.95"
"19,12 : 369.3"
"19,13 : 595.8"
"19,14 : 536.42"
"19,15 : 830.78"
"19,16 : 616.89"
"19,17 : 275.62"
"19,18 : 108.71"
"19,19 : 0.0"
"19,20 : 452.66"
"19,21 : 710.94"
"19,22 : 789.38"
"19,23 : 387.54"
"19,24 : 1069.37"
"19,25 : 275.8"
"19,26 : 748.86"
"19,27 : 359.11"
"19,28 : 143.89"
"19,29 : 907.14"
"19,30 : 659.15"
"19,31 : 461.18"
"19,32 : 473.86"
"19,33 : 831.4"
"19,34 : 405.21"
"19,35 : 348.76"
"19,36 : 660.16"
"19,37 : 162.05"
"19,38 : 668.81"
"19,39 : 437.85"
"19,40 : 490.24"
"19,41 : 378.31"
"19,42 : 368.14"
"19,43 : 374.59"
"19,44 : 479.44"
"19,45 : 112.25"
"19,46 : 767.44"
"19,47 : 795.23"
"19,48 : 227.18"
"19,49 : 677.02"
"19,50 : 593.16"
"19,51 : 511.85"
"19,52 : 248.94"
"19,53 : 917.53"
"19,54 : 578.62"
"19,55 : 495.12"
"19,56 : 733.27"
"19,57 : 359.81"
"19,58 : 495.71"
"19,59 : 883.11"
"19,60 : 481.27"
"19,61 : 279.36"
"19,62 : 350.82"
"19,63 : 684.32"
"19,64 : 111.51"
"19,65 : 483.89"
"19,66 : 604.44"
"19,67 : 206.78"
"19,68 : 603.0"
"19,69 : 781.3"
"19,70 : 361.09"
"19,71 : 510.32"
"19,72 : 401.81"
"19,73 : 983.21"
"19,74 : 206.87"
"19,75 : 773.64"
"19,76 : 565.26"
"19,77 : 706.22"
"19,78 : 343.66"
"19,79 : 757.67"
"19,80 : 1017.66"
"19,81 : 610.55"
"19,82 : 397.68"
"19,83 : 586.42"
"19,84 : 514.12"
"19,85 : 376.26"
"19,86 : 759.12"
"19,87 : 569.76"
"19,88 : 598.3"
"19,89 : 246.11"
"19,90 : 378.21"
"19,91 : 759.77"
"19,92 : 830.43"
"19,93 : 823.58"
"19,94 : 291.11"
"19,95 : 478.12"
"19,96 : 810.31"
"19,97 : 157.06"
"19,98 : 208.41"
"19,99 : 361.01"
"20,0 : 418.22"
"20,1 : 460.4"
"20,2 : 520.9"
"20,3 : 424.3"
"20,4 : 444.62"
"20,5 : 422.04"
"20,6 : 420.39"
"20,7 : 441.46"
"20,8 : 345.93"
"20,9 : 382.01"
"20,10 : 481.56"
"20,11 : 212.28"
"20,12 : 284.96"
"20,13 : 235.94"
"20,14 : 105.12"
"20,15 : 497.69"
"20,16 : 204.0"
"20,17 : 195.44"
"20,18 : 497.57"
"20,19 : 452.66"
"20,20 : 0.0"
"20,21 : 258.31"
"20,22 : 336.73"
"20,23 : 442.81"
"20,24 : 616.86"
"20,25 : 186.3"
"20,26 : 305.53"
"20,27 : 339.13"
"20,28 : 349.38"
"20,29 : 464.01"
"20,30 : 367.27"
"20,31 : 62.48"
"20,32 : 122.58"
"20,33 : 540.47"
"20,34 : 309.97"
"20,35 : 293.97"
"20,36 : 612.21"
"20,37 : 471.37"
"20,38 : 523.16"
"20,39 : 392.58"
"20,40 : 185.28"
"20,41 : 116.0"
"20,42 : 283.8"
"20,43 : 390.06"
"20,44 : 67.08"
"20,45 : 428.98"
"20,46 : 376.16"
"20,47 : 382.69"
"20,48 : 231.21"
"20,49 : 485.98"
"20,50 : 144.75"
"20,51 : 78.0"
"20,52 : 535.06"
"20,53 : 467.13"
"20,54 : 530.97"
"20,55 : 133.69"
"20,56 : 525.1"
"20,57 : 519.99"
"20,58 : 420.85"
"20,59 : 433.21"
"20,60 : 334.55"
"20,61 : 186.94"
"20,62 : 111.62"
"20,63 : 247.94"
"20,64 : 438.84"
"20,65 : 141.6"
"20,66 : 172.8"
"20,67 : 246.99"
"20,68 : 313.41"
"20,69 : 577.38"
"20,70 : 254.17"
"20,71 : 347.15"
"20,72 : 181.04"
"20,73 : 543.01"
"20,74 : 353.36"
"20,75 : 521.87"
"20,76 : 204.31"
"20,77 : 475.73"
"20,78 : 491.12"
"20,79 : 602.1"
"20,80 : 568.85"
"20,81 : 213.68"
"20,82 : 267.53"
"20,83 : 501.7"
"20,84 : 374.09"
"20,85 : 233.42"
"20,86 : 580.39"
"20,87 : 371.43"
"20,88 : 153.45"
"20,89 : 527.15"
"20,90 : 127.25"
"20,91 : 626.08"
"20,92 : 461.2"
"20,93 : 603.62"
"20,94 : 292.98"
"20,95 : 306.63"
"20,96 : 551.01"
"20,97 : 516.63"
"20,98 : 428.51"
"20,99 : 533.5"
"21,0 : 335.22"
"21,1 : 505.05"
"21,2 : 777.41"
"21,3 : 179.3"
"21,4 : 201.46"
"21,5 : 616.89"
"21,6 : 672.17"
"21,7 : 573.0"
"21,8 : 294.03"
"21,9 : 587.55"
"21,10 : 713.09"
"21,11 : 223.75"
"21,12 : 480.68"
"21,13 : 265.75"
"21,14 : 190.07"
"21,15 : 417.93"
"21,16 : 174.56"
"21,17 : 446.81"
"21,18 : 752.82"
"21,19 : 710.94"
"21,20 : 258.31"
"21,21 : 0.0"
"21,22 : 78.49"
"21,23 : 639.79"
"21,24 : 358.6"
"21,25 : 441.81"
"21,26 : 105.99"
"21,27 : 541.59"
"21,28 : 602.21"
"21,29 : 231.48"
"21,30 : 379.59"
"21,31 : 262.73"
"21,32 : 283.43"
"21,33 : 493.04"
"21,34 : 488.03"
"21,35 : 502.2"
"21,36 : 719.56"
"21,37 : 718.34"
"21,38 : 594.22"
"21,39 : 559.34"
"21,40 : 313.98"
"21,41 : 352.01"
"21,42 : 484.86"
"21,43 : 582.64"
"21,44 : 242.74"
"21,45 : 681.48"
"21,46 : 269.15"
"21,47 : 224.96"
"21,48 : 487.63"
"21,49 : 545.77"
"21,50 : 127.24"
"21,51 : 207.77"
"21,52 : 771.65"
"21,53 : 216.02"
"21,54 : 656.04"
"21,55 : 270.44"
"21,56 : 552.01"
"21,57 : 728.64"
"21,58 : 563.65"
"21,59 : 184.62"
"21,60 : 473.37"
"21,61 : 441.06"
"21,62 : 365.2"
"21,63 : 109.17"
"21,64 : 692.87"
"21,65 : 283.06"
"21,66 : 145.38"
"21,67 : 505.17"
"21,68 : 356.93"
"21,69 : 594.36"
"21,70 : 461.2"
"21,71 : 470.05"
"21,72 : 376.03"
"21,73 : 305.75"
"21,74 : 594.79"
"21,75 : 524.3"
"21,76 : 255.01"
"21,77 : 509.09"
"21,78 : 705.94"
"21,79 : 656.83"
"21,80 : 316.18"
"21,81 : 210.46"
"21,82 : 451.09"
"21,83 : 622.54"
"21,84 : 499.01"
"21,85 : 436.29"
"21,86 : 614.93"
"21,87 : 467.72"
"21,88 : 130.08"
"21,89 : 763.59"
"21,90 : 358.3"
"21,91 : 680.95"
"21,92 : 347.51"
"21,93 : 602.49"
"21,94 : 521.46"
"21,95 : 444.89"
"21,96 : 529.74"
"21,97 : 766.32"
"21,98 : 667.31"
"21,99 : 743.47"
"22,0 : 342.3"
"22,1 : 546.05"
"22,2 : 855.13"
"22,3 : 114.02"
"22,4 : 136.13"
"22,5 : 682.5"
"22,6 : 748.85"
"22,7 : 631.31"
"22,8 : 317.06"
"22,9 : 659.04"
"22,10 : 785.38"
"22,11 : 276.8"
"22,12 : 552.07"
"22,13 : 316.06"
"22,14 : 265.85"
"22,15 : 426.84"
"22,16 : 233.63"
"22,17 : 524.96"
"22,18 : 830.22"
"22,19 : 789.38"
"22,20 : 336.73"
"22,21 : 78.49"
"22,22 : 0.0"
"22,23 : 705.54"
"22,24 : 280.4"
"22,25 : 519.59"
"22,26 : 109.2"
"22,27 : 609.74"
"22,28 : 680.31"
"22,29 : 172.65"
"22,30 : 419.58"
"22,31 : 338.69"
"22,32 : 354.4"
"22,33 : 508.42"
"22,34 : 556.64"
"22,35 : 571.99"
"22,36 : 769.56"
"22,37 : 795.57"
"22,38 : 638.52"
"22,39 : 624.66"
"22,40 : 382.04"
"22,41 : 428.04"
"22,42 : 553.73"
"22,43 : 652.06"
"22,44 : 319.92"
"22,45 : 759.48"
"22,46 : 275.28"
"22,47 : 222.8"
"22,48 : 566.08"
"22,49 : 582.39"
"22,50 : 202.04"
"22,51 : 285.04"
"22,52 : 847.17"
"22,53 : 142.94"
"22,54 : 711.23"
"22,55 : 339.54"
"22,56 : 586.53"
"22,57 : 799.52"
"22,58 : 624.41"
"22,59 : 115.26"
"22,60 : 535.78"
"22,61 : 518.62"
"22,62 : 442.92"
"22,63 : 155.26"
"22,64 : 770.02"
"22,65 : 354.79"
"22,66 : 213.6"
"22,67 : 583.49"
"22,68 : 406.28"
"22,69 : 624.65"
"22,70 : 531.5"
"22,71 : 529.64"
"22,72 : 449.5"
"22,73 : 245.02"
"22,74 : 671.51"
"22,75 : 545.97"
"22,76 : 316.18"
"22,77 : 540.24"
"22,78 : 774.76"
"22,79 : 688.49"
"22,80 : 243.33"
"22,81 : 262.62"
"22,82 : 521.33"
"22,83 : 671.86"
"22,84 : 558.02"
"22,85 : 506.45"
"22,86 : 649.32"
"22,87 : 516.51"
"22,88 : 202.15"
"22,89 : 839.11"
"22,90 : 433.72"
"22,91 : 718.88"
"22,92 : 349.24"
"22,93 : 627.4"
"22,94 : 594.47"
"22,95 : 508.15"
"22,96 : 551.52"
"22,97 : 843.88"
"22,98 : 743.45"
"22,99 : 814.49"
"23,0 : 533.84"
"23,1 : 863.47"
"23,2 : 352.12"
"23,3 : 743.62"
"23,4 : 756.03"
"23,5 : 23.09"
"23,6 : 251.75"
"23,7 : 777.71"
"23,8 : 480.03"
"23,9 : 623.67"
"23,10 : 147.22"
"23,11 : 435.39"
"23,12 : 588.22"
"23,13 : 404.12"
"23,14 : 546.58"
"23,15 : 938.81"
"23,16 : 645.52"
"23,17 : 419.91"
"23,18 : 320.4"
"23,19 : 387.54"
"23,20 : 442.81"
"23,21 : 639.79"
"23,22 : 705.54"
"23,23 : 0.0"
"23,24 : 965.82"
"23,25 : 315.01"
"23,26 : 619.41"
"23,27 : 103.7"
"23,28 : 437.09"
"23,29 : 752.72"
"23,30 : 795.09"
"23,31 : 399.13"
"23,32 : 359.61"
"23,33 : 974.57"
"23,34 : 628.85"
"23,35 : 148.95"
"23,36 : 944.09"
"23,37 : 533.59"
"23,38 : 900.73"
"23,39 : 697.94"
"23,40 : 599.25"
"23,41 : 327.99"
"23,42 : 160.11"
"23,43 : 654.49"
"23,44 : 506.7"
"23,45 : 472.26"
"23,46 : 551.02"
"23,47 : 818.02"
"23,48 : 384.66"
"23,49 : 327.6"
"23,50 : 516.37"
"23,51 : 520.24"
"23,52 : 625.34"
"23,53 : 790.86"
"23,54 : 856.15"
"23,55 : 369.96"
"23,56 : 931.08"
"23,57 : 706.1"
"23,58 : 749.21"
"23,59 : 757.48"
"23,60 : 691.14"
"23,61 : 306.84"
"23,62 : 350.85"
"23,63 : 675.24"
"23,64 : 279.87"
"23,65 : 565.11"
"23,66 : 609.6"
"23,67 : 331.04"
"23,68 : 736.81"
"23,69 : 984.24"
"23,70 : 188.86"
"23,71 : 715.19"
"23,72 : 541.24"
"23,73 : 945.52"
"23,74 : 503.21"
"23,75 : 440.65"
"23,76 : 642.01"
"23,77 : 372.98"
"23,78 : 86.4"
"23,79 : 383.02"
"23,80 : 947.79"
"23,81 : 449.57"
"23,82 : 597.1"
"23,83 : 207.41"
"23,84 : 733.35"
"23,85 : 211.15"
"23,86 : 976.83"
"23,87 : 258.15"
"23,88 : 510.47"
"23,89 : 620.76"
"23,90 : 315.98"
"23,91 : 1004.17"
"23,92 : 903.89"
"23,93 : 1017.76"
"23,94 : 168.32"
"23,95 : 672.32"
"23,96 : 976.66"
"23,97 : 542.26"
"23,98 : 551.15"
"23,99 : 712.25"
