x,y
472,922
270,292
553,379
909,629
260,481
448,864
771,128
309,218
110,312
224,577
879,416
564,212
465,998
156,409
716,593
741,431
525,293
354,419
966,89
734,441
737,947
324,113
251,544
581,661
92,319
709,199
50,311
51,883
89,327
670,663
435,537
146,15
802,207
356,806
491,11
460,737
157,740
167,149
424,667
833,90
697,666
868,669
263,477
744,896
768,123
740,830
424,997
671,301
663,307
847,946
292,266
124,201
618,192
64,936
503,779
97,743
751,376
382,230
384,344
434,780
340,689
54,596
185,909
976,970
376,342
340,45
119,982
883,994
307,294
223,356
497,55
187,654
786,46
680,784
991,604
177,979
420,832
765,584
605,631
106,735
747,246
11,341
639,579
997,877
662,464
417,730
123,289
985,880
484,277
184,751
305,792
637,577
475,84
962,978
720,115
598,429
361,115
207,138
356,719
167,289

Distanze
"0,0 : 0.0"
"0,1 : 661.59"
"0,2 : 549.01"
"0,3 : 526.13"
"0,4 : 489.31"
"0,5 : 62.77"
"0,6 : 848.43"
"0,7 : 722.62"
"0,8 : 709.33"
"0,9 : 424.89"
"0,10 : 649.37"
"0,11 : 715.94"
"0,12 : 76.32"
"0,13 : 602.52"
"0,14 : 409.61"
"0,15 : 559.86"
"0,16 : 631.23"
"0,17 : 516.66"
"0,18 : 968.47"
"0,19 : 547.73"
"0,20 : 266.18"
"0,21 : 822.43"
"0,22 : 437.86"
"0,23 : 282.85"
"0,24 : 712.75"
"0,25 : 760.85"
"0,26 : 742.57"
"0,27 : 422.8"
"0,28 : 707.61"
"0,29 : 326.01"
"0,30 : 386.77"
"0,31 : 963.81"
"0,32 : 787.48"
"0,33 : 164.05"
"0,34 : 911.2"
"0,35 : 185.39"
"0,36 : 363.8"
"0,37 : 831.0"
"0,38 : 259.48"
"0,39 : 906.94"
"0,40 : 340.82"
"0,41 : 469.92"
"0,42 : 491.64"
"0,43 : 273.24"
"0,44 : 852.07"
"0,45 : 283.35"
"0,46 : 89.04"
"0,47 : 652.11"
"0,48 : 643.98"
"0,49 : 375.77"
"0,50 : 680.25"
"0,51 : 800.59"
"0,52 : 744.46"
"0,53 : 408.24"
"0,54 : 146.32"
"0,55 : 415.53"
"0,56 : 613.15"
"0,57 : 697.83"
"0,58 : 584.66"
"0,59 : 147.0"
"0,60 : 267.79"
"0,61 : 530.09"
"0,62 : 287.29"
"0,63 : 506.28"
"0,64 : 587.89"
"0,65 : 886.88"
"0,66 : 358.06"
"0,67 : 417.26"
"0,68 : 649.31"
"0,69 : 618.35"
"0,70 : 867.36"
"0,71 : 391.21"
"0,72 : 930.58"
"0,73 : 249.62"
"0,74 : 608.67"
"0,75 : 300.46"
"0,76 : 103.94"
"0,77 : 447.32"
"0,78 : 319.95"
"0,79 : 411.0"
"0,80 : 729.8"
"0,81 : 741.68"
"0,82 : 381.49"
"0,83 : 526.93"
"0,84 : 495.85"
"0,85 : 199.72"
"0,86 : 722.83"
"0,87 : 514.72"
"0,88 : 645.11"
"0,89 : 334.94"
"0,90 : 211.63"
"0,91 : 382.43"
"0,92 : 838.01"
"0,93 : 493.19"
"0,94 : 844.25"
"0,95 : 508.85"
"0,96 : 814.6"
"0,97 : 827.58"
"0,98 : 233.81"
"0,99 : 702.65"
"1,0 : 661.59"
"1,1 : 0.0"
"1,2 : 296.07"
"1,3 : 722.42"
"1,4 : 189.26"
"1,5 : 599.06"
"1,6 : 527.16"
"1,7 : 83.65"
"1,8 : 161.25"
"1,9 : 288.69"
"1,10 : 621.5"
"1,11 : 304.69"
"1,12 : 732.43"
"1,13 : 163.36"
"1,14 : 538.07"
"1,15 : 491.08"
"1,16 : 255.0"
"1,17 : 152.27"
"1,18 : 725.0"
"1,19 : 487.34"
"1,20 : 804.43"
"1,21 : 186.97"
"1,22 : 252.72"
"1,23 : 482.58"
"1,24 : 180.04"
"1,25 : 448.74"
"1,26 : 220.82"
"1,27 : 630.27"
"1,28 : 184.35"
"1,29 : 545.56"
"1,30 : 295.38"
"1,31 : 303.49"
"1,32 : 538.75"
"1,33 : 521.14"
"1,34 : 357.49"
"1,35 : 483.86"
"1,36 : 462.03"
"1,37 : 176.23"
"1,38 : 405.39"
"1,39 : 598.14"
"1,40 : 567.63"
"1,41 : 706.92"
"1,42 : 185.13"
"1,43 : 767.78"
"1,44 : 525.89"
"1,45 : 714.38"
"1,46 : 721.62"
"1,47 : 401.1"
"1,48 : 393.29"
"1,49 : 872.15"
"1,50 : 34.06"
"1,51 : 172.04"
"1,52 : 362.08"
"1,53 : 676.14"
"1,54 : 539.87"
"1,55 : 483.04"
"1,56 : 488.28"
"1,57 : 128.02"
"1,58 : 125.3"
"1,59 : 514.82"
"1,60 : 403.12"
"1,61 : 372.92"
"1,62 : 622.83"
"1,63 : 978.84"
"1,64 : 117.2"
"1,65 : 256.73"
"1,66 : 706.33"
"1,67 : 931.97"
"1,68 : 37.05"
"1,69 : 79.4"
"1,70 : 328.17"
"1,71 : 371.39"
"1,72 : 571.64"
"1,73 : 640.44"
"1,74 : 785.61"
"1,75 : 693.27"
"1,76 : 560.45"
"1,77 : 574.71"
"1,78 : 476.6"
"1,79 : 472.38"
"1,80 : 479.21"
"1,81 : 263.59"
"1,82 : 467.47"
"1,83 : 933.14"
"1,84 : 428.07"
"1,85 : 462.01"
"1,86 : 147.03"
"1,87 : 925.73"
"1,88 : 214.53"
"1,89 : 466.99"
"1,90 : 501.22"
"1,91 : 464.67"
"1,92 : 292.04"
"1,93 : 974.4"
"1,94 : 483.56"
"1,95 : 355.46"
"1,96 : 199.02"
"1,97 : 166.39"
"1,98 : 435.57"
"1,99 : 103.04"
"2,0 : 549.01"
"2,1 : 296.07"
"2,2 : 0.0"
"2,3 : 435.01"
"2,4 : 310.25"
"2,5 : 496.24"
"2,6 : 332.45"
"2,7 : 292.33"
"2,8 : 448.04"
"2,9 : 383.99"
"2,10 : 328.09"
"2,11 : 167.36"
"2,12 : 625.22"
"2,13 : 398.13"
"2,14 : 269.01"
"2,15 : 195.06"
"2,16 : 90.44"
"2,17 : 202.98"
"2,18 : 504.65"
"2,19 : 191.32"
"2,20 : 597.06"
"2,21 : 350.99"
"2,22 : 344.14"
"2,23 : 283.39"
"2,24 : 464.89"
"2,25 : 238.19"
"2,26 : 507.58"
"2,27 : 711.35"
"2,28 : 466.9"
"2,29 : 307.16"
"2,30 : 197.2"
"2,31 : 546.03"
"2,32 : 302.63"
"2,33 : 470.25"
"2,34 : 373.19"
"2,35 : 369.88"
"2,36 : 535.85"
"2,37 : 449.33"
"2,38 : 315.57"
"2,39 : 402.39"
"2,40 : 321.1"
"2,41 : 428.16"
"2,42 : 306.11"
"2,43 : 551.15"
"2,44 : 334.31"
"2,45 : 488.23"
"2,46 : 631.32"
"2,47 : 141.45"
"2,48 : 131.47"
"2,49 : 638.69"
"2,50 : 284.41"
"2,51 : 464.46"
"2,52 : 197.97"
"2,53 : 741.19"
"2,54 : 403.11"
"2,55 : 583.47"
"2,56 : 198.02"
"2,57 : 226.81"
"2,58 : 172.59"
"2,59 : 418.28"
"2,60 : 376.12"
"2,61 : 544.14"
"2,62 : 645.23"
"2,63 : 726.78"
"2,64 : 180.83"
"2,65 : 396.14"
"2,66 : 742.94"
"2,67 : 697.94"
"2,68 : 260.27"
"2,69 : 330.8"
"2,70 : 328.8"
"2,71 : 457.8"
"2,72 : 406.42"
"2,73 : 424.45"
"2,74 : 492.41"
"2,75 : 708.08"
"2,76 : 472.12"
"2,77 : 294.91"
"2,78 : 257.31"
"2,79 : 571.44"
"2,80 : 235.21"
"2,81 : 543.33"
"2,82 : 217.71"
"2,83 : 667.19"
"2,84 : 138.22"
"2,85 : 376.43"
"2,86 : 439.32"
"2,87 : 661.53"
"2,88 : 123.15"
"2,89 : 523.97"
"2,90 : 481.74"
"2,91 : 215.08"
"2,92 : 305.14"
"2,93 : 725.32"
"2,94 : 312.39"
"2,95 : 67.27"
"2,96 : 326.44"
"2,97 : 421.66"
"2,98 : 392.95"
"2,99 : 396.35"
"3,0 : 526.13"
"3,1 : 722.42"
"3,2 : 435.01"
"3,3 : 0.0"
"3,4 : 665.66"
"3,5 : 517.44"
"3,6 : 519.66"
"3,7 : 727.27"
"3,8 : 859.59"
"3,9 : 686.97"
"3,10 : 215.1"
"3,11 : 541.22"
"3,12 : 577.32"
"3,13 : 784.48"
"3,14 : 196.33"
"3,15 : 259.67"
"3,16 : 510.25"
"3,17 : 593.4"
"3,18 : 543.0"
"3,19 : 256.84"
"3,20 : 361.54"
"3,21 : 780.05"
"3,22 : 663.47"
"3,23 : 329.56"
"3,24 : 873.84"
"3,25 : 474.24"
"3,26 : 915.97"
"3,27 : 894.81"
"3,28 : 873.84"
"3,29 : 241.41"
"3,30 : 482.85"
"3,31 : 979.37"
"3,32 : 435.35"
"3,33 : 580.64"
"3,34 : 746.09"
"3,35 : 461.81"
"3,36 : 760.15"
"3,37 : 883.72"
"3,38 : 486.49"
"3,39 : 544.33"
"3,40 : 215.2"
"3,41 : 57.28"
"3,42 : 663.64"
"3,43 : 313.87"
"3,44 : 525.28"
"3,45 : 262.61"
"3,46 : 608.81"
"3,47 : 405.25"
"3,48 : 405.22"
"3,49 : 323.01"
"3,50 : 715.86"
"3,51 : 894.1"
"3,52 : 525.02"
"3,53 : 899.04"
"3,54 : 432.82"
"3,55 : 819.96"
"3,56 : 298.28"
"3,57 : 661.01"
"3,58 : 597.37"
"3,59 : 498.42"
"3,60 : 572.15"
"3,61 : 855.64"
"3,62 : 776.26"
"3,63 : 347.52"
"3,64 : 605.36"
"3,65 : 815.36"
"3,66 : 865.28"
"3,67 : 365.92"
"3,68 : 688.93"
"3,69 : 738.33"
"3,70 : 706.56"
"3,71 : 722.43"
"3,72 : 595.83"
"3,73 : 276.52"
"3,74 : 85.73"
"3,75 : 811.37"
"3,76 : 529.46"
"3,77 : 150.87"
"3,78 : 304.01"
"3,79 : 809.97"
"3,80 : 415.85"
"3,81 : 943.05"
"3,82 : 274.59"
"3,83 : 263.15"
"3,84 : 297.04"
"3,85 : 502.26"
"3,86 : 856.39"
"3,87 : 262.25"
"3,88 : 551.84"
"3,89 : 735.19"
"3,90 : 625.61"
"3,91 : 276.93"
"3,92 : 696.69"
"3,93 : 353.0"
"3,94 : 547.65"
"3,95 : 369.76"
"3,96 : 751.33"
"3,97 : 856.67"
"3,98 : 560.28"
"3,99 : 816.19"
"4,0 : 489.31"
"4,1 : 189.26"
"4,2 : 310.25"
"4,3 : 665.66"
"4,4 : 0.0"
"4,5 : 426.65"
"4,6 : 621.07"
"4,7 : 267.53"
"4,8 : 225.97"
"4,9 : 102.53"
"4,10 : 622.4"
"4,11 : 405.93"
"4,12 : 556.16"
"4,13 : 126.49"
"4,14 : 469.55"
"4,15 : 483.59"
"4,16 : 324.91"
"4,17 : 112.61"
"4,18 : 807.53"
"4,19 : 475.68"
"4,20 : 666.85"
"4,21 : 373.52"
"4,22 : 63.64"
"4,23 : 368.02"
"4,24 : 233.38"
"4,25 : 530.21"
"4,26 : 270.19"
"4,27 : 453.08"
"4,28 : 230.12"
"4,29 : 448.58"
"4,30 : 183.74"
"4,31 : 479.74"
"4,32 : 607.32"
"4,33 : 338.88"
"4,34 : 523.7"
"4,35 : 324.86"
"4,36 : 278.73"
"4,37 : 344.78"
"4,38 : 247.98"
"4,39 : 693.69"
"4,40 : 474.55"
"4,41 : 636.4"
"4,42 : 5.0"
"4,43 : 637.56"
"4,44 : 621.47"
"4,45 : 593.47"
"4,46 : 541.44"
"4,47 : 448.69"
"4,48 : 438.96"
"4,49 : 748.86"
"4,50 : 217.37"
"4,51 : 311.28"
"4,52 : 460.09"
"4,53 : 495.42"
"4,54 : 384.52"
"4,55 : 308.57"
"4,56 : 502.1"
"4,57 : 279.08"
"4,58 : 184.78"
"4,59 : 345.94"
"4,60 : 222.85"
"4,61 : 235.93"
"4,62 : 434.52"
"4,63 : 867.05"
"4,64 : 181.04"
"4,65 : 443.28"
"4,66 : 520.46"
"4,67 : 807.03"
"4,68 : 192.82"
"4,69 : 130.36"
"4,70 : 487.49"
"4,71 : 187.77"
"4,72 : 682.57"
"4,73 : 517.89"
"4,74 : 741.28"
"4,75 : 504.87"
"4,76 : 385.75"
"4,77 : 515.4"
"4,78 : 376.2"
"4,79 : 297.04"
"4,80 : 540.73"
"4,81 : 285.66"
"4,82 : 391.47"
"4,83 : 836.65"
"4,84 : 402.36"
"4,85 : 294.36"
"4,86 : 235.87"
"4,87 : 827.54"
"4,88 : 302.97"
"4,89 : 280.49"
"4,90 : 314.24"
"4,91 : 389.03"
"4,92 : 451.48"
"4,93 : 860.12"
"4,94 : 587.84"
"4,95 : 341.98"
"4,96 : 379.68"
"4,97 : 347.07"
"4,98 : 256.63"
"4,99 : 213.34"
"5,0 : 62.77"
"5,1 : 599.06"
"5,2 : 496.24"
"5,3 : 517.44"
"5,4 : 426.65"
"5,5 : 0.0"
"5,6 : 803.76"
"5,7 : 660.79"
"5,8 : 647.26"
"5,9 : 364.07"
"5,10 : 621.66"
"5,11 : 662.24"
"5,12 : 135.07"
"5,13 : 540.64"
"5,14 : 381.14"
"5,15 : 522.82"
"5,16 : 576.17"
"5,17 : 454.82"
"5,18 : 932.17"
"5,19 : 510.61"
"5,20 : 300.68"
"5,21 : 761.17"
"5,22 : 375.78"
"5,23 : 242.69"
"5,24 : 650.97"
"5,25 : 714.39"
"5,26 : 681.33"
"5,27 : 397.45"
"5,28 : 645.95"
"5,29 : 299.47"
"5,30 : 327.26"
"5,31 : 901.11"
"5,32 : 746.3"
"5,33 : 108.76"
"5,34 : 854.08"
"5,35 : 127.57"
"5,36 : 316.32"
"5,37 : 768.24"
"5,38 : 198.46"
"5,39 : 864.47"
"5,40 : 318.13"
"5,41 : 463.06"
"5,42 : 428.95"
"5,43 : 297.72"
"5,44 : 807.14"
"5,45 : 293.97"
"5,46 : 135.15"
"5,47 : 605.56"
"5,48 : 597.05"
"5,49 : 407.34"
"5,50 : 618.01"
"5,51 : 737.93"
"5,52 : 693.17"
"5,53 : 390.69"
"5,54 : 101.24"
"5,55 : 371.27"
"5,56 : 574.42"
"5,57 : 637.43"
"5,58 : 523.92"
"5,59 : 85.16"
"5,60 : 205.64"
"5,61 : 476.51"
"5,62 : 266.82"
"5,63 : 538.54"
"5,64 : 526.94"
"5,65 : 826.09"
"5,66 : 349.52"
"5,67 : 454.01"
"5,68 : 587.18"
"5,69 : 555.6"
"5,70 : 810.48"
"5,71 : 334.99"
"5,72 : 885.08"
"5,73 : 245.41"
"5,74 : 602.04"
"5,75 : 294.39"
"5,76 : 42.52"
"5,77 : 422.95"
"5,78 : 280.96"
"5,79 : 365.52"
"5,80 : 686.53"
"5,81 : 681.54"
"5,82 : 343.08"
"5,83 : 549.15"
"5,84 : 453.65"
"5,85 : 137.54"
"5,86 : 660.49"
"5,87 : 537.24"
"5,88 : 588.1"
"5,89 : 287.17"
"5,90 : 160.1"
"5,91 : 343.64"
"5,92 : 780.47"
"5,93 : 526.49"
"5,94 : 796.86"
"5,95 : 460.14"
"5,96 : 754.04"
"5,97 : 764.96"
"5,98 : 171.72"
"5,99 : 639.99"
"6,0 : 848.43"
"6,1 : 527.16"
"6,2 : 332.45"
"6,3 : 519.66"
"6,4 : 621.07"
"6,5 : 803.76"
"6,6 : 0.0"
"6,7 : 470.68"
"6,8 : 686.13"
"6,9 : 707.68"
"6,10 : 307.58"
"6,11 : 223.39"
"6,12 : 922.25"
"6,13 : 676.16"
"6,14 : 468.24"
"6,15 : 304.48"
"6,16 : 296.21"
"6,17 : 508.5"
"6,18 : 198.86"
"6,19 : 315.18"
"6,20 : 819.71"
"6,21 : 447.25"
"6,22 : 665.92"
"6,23 : 565.85"
"6,24 : 705.35"
"6,25 : 94.26"
"6,26 : 743.86"
"6,27 : 1043.28"
"6,28 : 710.44"
"6,29 : 544.45"
"6,30 : 529.32"
"6,31 : 635.13"
"6,32 : 84.86"
"6,33 : 794.93"
"6,34 : 303.46"
"6,35 : 683.81"
"6,36 : 866.91"
"6,37 : 604.36"
"6,38 : 641.04"
"6,39 : 72.72"
"6,40 : 543.07"
"6,41 : 549.63"
"6,42 : 616.33"
"6,43 : 768.47"
"6,44 : 5.83"
"6,45 : 702.68"
"6,46 : 935.72"
"6,47 : 199.82"
"6,48 : 209.06"
"6,49 : 821.52"
"6,50 : 498.48"
"6,51 : 651.11"
"6,52 : 165.85"
"6,53 : 1073.64"
"6,54 : 704.01"
"6,55 : 912.41"
"6,56 : 248.81"
"6,57 : 402.15"
"6,58 : 443.2"
"6,59 : 733.94"
"6,60 : 707.45"
"6,61 : 856.22"
"6,62 : 976.4"
"6,63 : 866.6"
"6,64 : 449.24"
"6,65 : 438.92"
"6,66 : 1074.44"
"6,67 : 873.21"
"6,68 : 492.8"
"6,69 : 593.54"
"6,70 : 283.56"
"6,71 : 785.96"
"6,72 : 83.36"
"6,73 : 662.28"
"6,74 : 524.38"
"6,75 : 1037.8"
"6,76 : 786.65"
"6,77 : 456.04"
"6,78 : 529.68"
"6,79 : 900.37"
"6,80 : 120.42"
"6,81 : 789.28"
"6,82 : 469.92"
"6,83 : 782.35"
"6,84 : 353.24"
"6,85 : 698.37"
"6,86 : 667.7"
"6,87 : 781.86"
"6,88 : 323.37"
"6,89 : 855.98"
"6,90 : 811.2"
"6,91 : 468.57"
"6,92 : 299.25"
"6,93 : 871.2"
"6,94 : 52.63"
"6,95 : 347.17"
"6,96 : 410.21"
"6,97 : 564.09"
"6,98 : 722.15"
"6,99 : 625.09"
"7,0 : 722.62"
"7,1 : 83.65"
"7,2 : 292.33"
"7,3 : 727.27"
"7,4 : 267.53"
"7,5 : 660.79"
"7,6 : 470.68"
"7,7 : 0.0"
"7,8 : 220.08"
"7,9 : 368.93"
"7,10 : 603.41"
"7,11 : 255.07"
"7,12 : 795.45"
"7,13 : 244.72"
"7,14 : 553.42"
"7,15 : 481.66"
"7,16 : 228.65"
"7,17 : 205.98"
"7,18 : 669.54"
"7,19 : 479.95"
"7,20 : 845.35"
"7,21 : 106.07"
"7,22 : 331.12"
"7,23 : 519.84"
"7,24 : 239.35"
"7,25 : 400.45"
"7,26 : 275.19"
"7,27 : 713.29"
"7,28 : 245.52"
"7,29 : 573.01"
"7,30 : 342.98"
"7,31 : 260.34"
"7,32 : 493.12"
"7,33 : 589.88"
"7,34 : 275.63"
"7,35 : 540.52"
"7,36 : 543.68"
"7,37 : 157.88"
"7,38 : 463.49"
"7,39 : 539.41"
"7,40 : 592.66"
"7,41 : 718.25"
"7,42 : 263.05"
"7,43 : 805.55"
"7,44 : 468.73"
"7,45 : 748.54"
"7,46 : 787.44"
"7,47 : 371.39"
"7,48 : 365.02"
"7,49 : 905.22"
"7,50 : 50.92"
"7,51 : 185.78"
"7,52 : 310.09"
"7,53 : 758.65"
"7,54 : 593.6"
"7,55 : 566.19"
"7,56 : 469.39"
"7,57 : 73.98"
"7,58 : 146.63"
"7,59 : 575.73"
"7,60 : 472.02"
"7,61 : 455.97"
"7,62 : 702.04"
"7,63 : 1005.18"
"7,64 : 140.94"
"7,65 : 175.76"
"7,66 : 787.27"
"7,67 : 965.22"
"7,68 : 76.03"
"7,69 : 162.6"
"7,70 : 248.82"
"7,71 : 452.75"
"7,72 : 507.06"
"7,73 : 676.75"
"7,74 : 783.66"
"7,75 : 772.36"
"7,76 : 623.95"
"7,77 : 584.72"
"7,78 : 508.12"
"7,79 : 555.43"
"7,80 : 438.89"
"7,81 : 322.39"
"7,82 : 489.1"
"7,83 : 952.69"
"7,84 : 430.26"
"7,85 : 523.27"
"7,86 : 199.09"
"7,87 : 946.16"
"7,88 : 184.68"
"7,89 : 547.46"
"7,90 : 574.01"
"7,91 : 486.28"
"7,92 : 213.34"
"7,93 : 1002.0"
"7,94 : 423.71"
"7,95 : 357.83"
"7,96 : 115.38"
"7,97 : 129.63"
"7,98 : 503.2"
"7,99 : 158.76"
"8,0 : 709.33"
"8,1 : 161.25"
"8,2 : 448.04"
"8,3 : 859.59"
"8,4 : 225.97"
"8,5 : 647.26"
"8,6 : 686.13"
"8,7 : 220.08"
"8,8 : 0.0"
"8,9 : 288.48"
"8,10 : 776.0"
"8,11 : 464.88"
"8,12 : 772.41"
"8,13 : 107.35"
"8,14 : 667.98"
"8,15 : 642.12"
"8,16 : 415.43"
"8,17 : 266.43"
"8,18 : 884.57"
"8,19 : 637.19"
"8,20 : 892.39"
"8,21 : 292.23"
"8,22 : 271.49"
"8,23 : 586.21"
"8,24 : 19.31"
"8,25 : 609.57"
"8,26 : 60.01"
"8,27 : 574.04"
"8,28 : 25.81"
"8,29 : 660.91"
"8,30 : 395.28"
"8,31 : 299.17"
"8,32 : 699.92"
"8,33 : 551.86"
"8,34 : 485.55"
"8,35 : 550.57"
"8,36 : 430.57"
"8,37 : 172.68"
"8,38 : 473.94"
"8,39 : 756.32"
"8,40 : 685.48"
"8,41 : 837.86"
"8,42 : 225.02"
"8,43 : 861.98"
"8,44 : 684.61"
"8,45 : 815.61"
"8,46 : 753.54"
"8,47 : 561.11"
"8,48 : 553.02"
"8,49 : 972.18"
"8,50 : 187.72"
"8,51 : 111.88"
"8,52 : 521.98"
"8,53 : 625.69"
"8,54 : 610.36"
"8,55 : 431.2"
"8,56 : 644.19"
"8,57 : 284.09"
"8,58 : 275.86"
"8,59 : 569.21"
"8,60 : 441.62"
"8,61 : 289.47"
"8,62 : 601.69"
"8,63 : 1087.62"
"8,64 : 267.69"
"8,65 : 352.4"
"8,66 : 670.06"
"8,67 : 1030.85"
"8,68 : 197.82"
"8,69 : 121.26"
"8,70 : 464.56"
"8,71 : 350.56"
"8,72 : 726.45"
"8,73 : 740.06"
"8,74 : 928.13"
"8,75 : 670.36"
"8,76 : 605.39"
"8,77 : 709.23"
"8,78 : 588.89"
"8,79 : 423.02"
"8,80 : 640.41"
"8,81 : 103.16"
"8,82 : 592.56"
"8,83 : 1051.66"
"8,84 : 572.55"
"8,85 : 518.63"
"8,86 : 26.42"
"8,87 : 1043.19"
"8,88 : 375.63"
"8,89 : 445.19"
"8,90 : 518.1"
"8,91 : 589.88"
"8,92 : 430.36"
"8,93 : 1081.42"
"8,94 : 641.02"
"8,95 : 501.83"
"8,96 : 319.08"
"8,97 : 199.21"
"8,98 : 475.57"
"8,99 : 61.47"
"9,0 : 424.89"
"9,1 : 288.69"
"9,2 : 383.99"
"9,3 : 686.97"
"9,4 : 102.53"
"9,5 : 364.07"
"9,6 : 707.68"
"9,7 : 368.93"
"9,8 : 288.48"
"9,9 : 0.0"
"9,10 : 674.5"
"9,11 : 498.82"
"9,12 : 485.1"
"9,13 : 181.24"
"9,14 : 492.26"
"9,15 : 537.22"
"9,16 : 413.83"
"9,17 : 204.61"
"9,18 : 888.09"
"9,19 : 527.82"
"9,20 : 632.51"
"9,21 : 474.65"
"9,22 : 42.64"
"9,23 : 366.75"
"9,24 : 289.81"
"9,25 : 614.91"
"9,26 : 317.86"
"9,27 : 351.52"
"9,28 : 284.12"
"9,29 : 454.22"
"9,30 : 214.76"
"9,31 : 567.39"
"9,32 : 686.28"
"9,33 : 264.32"
"9,34 : 625.82"
"9,35 : 285.12"
"9,36 : 176.23"
"9,37 : 431.78"
"9,38 : 219.32"
"9,39 : 779.78"
"9,40 : 481.3"
"9,41 : 650.54"
"9,42 : 107.34"
"9,43 : 610.05"
"9,44 : 708.56"
"9,45 : 574.69"
"9,46 : 465.19"
"9,47 : 525.34"
"9,48 : 515.38"
"9,49 : 724.08"
"9,50 : 318.35"
"9,51 : 389.07"
"9,52 : 550.87"
"9,53 : 393.04"
"9,54 : 344.45"
"9,55 : 209.01"
"9,56 : 564.03"
"9,57 : 381.28"
"9,58 : 282.65"
"9,59 : 292.08"
"9,60 : 161.25"
"9,61 : 171.06"
"9,62 : 334.28"
"9,63 : 848.5"
"9,64 : 279.87"
"9,65 : 544.5"
"9,66 : 418.39"
"9,67 : 779.85"
"9,68 : 294.92"
"9,69 : 221.0"
"9,70 : 589.08"
"9,71 : 85.43"
"9,72 : 773.18"
"9,73 : 500.78"
"9,74 : 767.48"
"9,75 : 404.74"
"9,76 : 321.62"
"9,77 : 541.05"
"9,78 : 384.81"
"9,79 : 197.2"
"9,80 : 618.94"
"9,81 : 317.91"
"9,82 : 415.0"
"9,83 : 829.17"
"9,84 : 452.34"
"9,85 : 246.29"
"9,86 : 305.2"
"9,87 : 819.1"
"9,88 : 396.99"
"9,89 : 178.54"
"9,90 : 229.75"
"9,91 : 413.0"
"9,92 : 553.22"
"9,93 : 839.91"
"9,94 : 677.83"
"9,95 : 402.22"
"9,96 : 481.88"
"9,97 : 439.33"
"9,98 : 193.88"
"9,99 : 293.59"
"10,0 : 649.37"
"10,1 : 621.5"
"10,2 : 328.09"
"10,3 : 215.1"
"10,4 : 622.4"
"10,5 : 621.66"
"10,6 : 307.58"
"10,7 : 603.41"
"10,8 : 776.0"
"10,9 : 674.5"
"10,10 : 0.0"
"10,11 : 375.29"
"10,12 : 714.23"
"10,13 : 723.03"
"10,14 : 240.62"
"10,15 : 138.81"
"10,16 : 374.76"
"10,17 : 525.01"
"10,18 : 338.38"
"10,19 : 147.14"
"10,20 : 549.66"
"10,21 : 632.32"
"10,22 : 640.91"
"10,23 : 385.78"
"10,24 : 792.96"
"10,25 : 275.66"
"10,26 : 835.62"
"10,27 : 950.62"
"10,28 : 795.0"
"10,29 : 323.56"
"10,30 : 460.19"
"10,31 : 835.52"
"10,32 : 222.73"
"10,33 : 652.4"
"10,34 : 560.86"
"10,35 : 527.83"
"10,36 : 791.37"
"10,37 : 760.42"
"10,38 : 519.64"
"10,39 : 329.23"
"10,40 : 309.23"
"10,41 : 253.24"
"10,42 : 619.01"
"10,43 : 498.62"
"10,44 : 313.32"
"10,45 : 436.71"
"10,46 : 737.96"
"10,47 : 237.67"
"10,48 : 241.94"
"10,49 : 530.97"
"10,50 : 605.86"
"10,51 : 785.02"
"10,52 : 343.94"
"10,53 : 966.76"
"10,54 : 522.63"
"10,55 : 847.62"
"10,56 : 134.1"
"10,57 : 530.66"
"10,58 : 500.21"
"10,59 : 574.91"
"10,60 : 604.19"
"10,61 : 844.41"
"10,62 : 851.28"
"10,63 : 562.43"
"10,64 : 508.41"
"10,65 : 654.34"
"10,66 : 947.61"
"10,67 : 578.01"
"10,68 : 584.87"
"10,69 : 658.74"
"10,70 : 525.59"
"10,71 : 731.78"
"10,72 : 381.51"
"10,73 : 418.36"
"10,74 : 218.83"
"10,75 : 899.87"
"10,76 : 619.47"
"10,77 : 203.03"
"10,78 : 348.28"
"10,79 : 836.24"
"10,80 : 215.23"
"10,81 : 871.23"
"10,82 : 290.12"
"10,83 : 475.86"
"10,84 : 222.25"
"10,85 : 558.61"
"10,86 : 766.59"
"10,87 : 475.95"
"10,88 : 418.74"
"10,89 : 771.52"
"10,90 : 686.19"
"10,91 : 290.66"
"10,92 : 522.91"
"10,93 : 568.1"
"10,94 : 340.41"
"10,95 : 281.3"
"10,96 : 599.1"
"10,97 : 727.23"
"10,98 : 604.43"
"10,99 : 723.24"
"11,0 : 715.94"
"11,1 : 304.69"
"11,2 : 167.36"
"11,3 : 541.22"
"11,4 : 405.93"
"11,5 : 662.24"
"11,6 : 223.39"
"11,7 : 255.07"
"11,8 : 464.88"
"11,9 : 498.82"
"11,10 : 375.29"
"11,11 : 0.0"
"11,12 : 792.21"
"11,13 : 453.07"
"11,14 : 410.2"
"11,15 : 281.58"
"11,16 : 89.9"
"11,17 : 294.87"
"11,18 : 420.4"
"11,19 : 285.2"
"11,20 : 755.09"
"11,21 : 259.62"
"11,22 : 456.28"
"11,23 : 449.32"
"11,24 : 483.98"
"11,25 : 145.58"
"11,26 : 523.45"
"11,27 : 844.64"
"11,28 : 488.72"
"11,29 : 463.29"
"11,30 : 349.67"
"11,31 : 462.1"
"11,32 : 238.05"
"11,33 : 629.36"
"11,34 : 213.85"
"11,35 : 535.2"
"11,36 : 666.66"
"11,37 : 401.97"
"11,38 : 476.05"
"11,39 : 295.37"
"11,40 : 473.08"
"11,41 : 548.88"
"11,42 : 401.03"
"11,43 : 707.29"
"11,44 : 222.57"
"11,45 : 642.57"
"11,46 : 797.39"
"11,47 : 139.18"
"11,48 : 137.21"
"11,49 : 786.67"
"11,50 : 277.31"
"11,51 : 440.14"
"11,52 : 57.58"
"11,53 : 879.87"
"11,54 : 570.27"
"11,55 : 707.14"
"11,56 : 248.73"
"11,57 : 182.89"
"11,58 : 223.21"
"11,59 : 582.69"
"11,60 : 526.98"
"11,61 : 638.4"
"11,62 : 793.38"
"11,63 : 862.73"
"11,64 : 228.57"
"11,65 : 279.4"
"11,66 : 889.34"
"11,67 : 844.56"
"11,68 : 269.76"
"11,69 : 370.16"
"11,70 : 170.7"
"11,71 : 580.94"
"11,72 : 277.2"
"11,73 : 583.64"
"11,74 : 579.65"
"11,75 : 859.1"
"11,76 : 636.5"
"11,77 : 422.83"
"11,78 : 421.0"
"11,79 : 695.19"
"11,80 : 186.13"
"11,81 : 567.85"
"11,82 : 374.59"
"11,83 : 793.55"
"11,84 : 270.38"
"11,85 : 538.45"
"11,86 : 447.67"
"11,87 : 789.6"
"11,88 : 103.08"
"11,89 : 659.49"
"11,90 : 635.2"
"11,91 : 372.23"
"11,92 : 155.9"
"11,93 : 863.23"
"11,94 : 183.7"
"11,95 : 219.65"
"11,96 : 224.98"
"11,97 : 364.59"
"11,98 : 548.01"
"11,99 : 404.4"
"12,0 : 76.32"
"12,1 : 732.43"
"12,2 : 625.22"
"12,3 : 577.32"
"12,4 : 556.16"
"12,5 : 135.07"
"12,6 : 922.25"
"12,7 : 795.45"
"12,8 : 772.41"
"12,9 : 485.1"
"12,10 : 714.23"
"12,11 : 792.21"
"12,12 : 0.0"
"12,13 : 665.13"
"12,14 : 476.47"
"12,15 : 630.61"
"12,16 : 707.55"
"12,17 : 589.54"
"12,18 : 1037.92"
"12,19 : 618.55"
"12,20 : 276.74"
"12,21 : 896.16"
"12,22 : 501.91"
"12,23 : 356.41"
"12,24 : 774.71"
"12,25 : 835.43"
"12,26 : 802.62"
"12,27 : 429.68"
"12,28 : 769.17"
"12,29 : 392.75"
"12,30 : 461.98"
"12,31 : 1033.47"
"12,32 : 859.8"
"12,33 : 220.78"
"12,34 : 987.34"
"12,35 : 261.05"
"12,36 : 401.78"
"12,37 : 899.78"
"12,38 : 333.53"
"12,39 : 979.74"
"12,40 : 405.03"
"12,41 : 520.24"
"12,42 : 558.79"
"12,43 : 297.06"
"12,44 : 925.98"
"12,45 : 322.26"
"12,46 : 41.01"
"12,47 : 726.8"
"12,48 : 718.81"
"12,49 : 385.52"
"12,50 : 752.17"
"12,51 : 866.89"
"12,52 : 820.39"
"12,53 : 405.76"
"12,54 : 222.27"
"12,55 : 447.72"
"12,56 : 684.6"
"12,57 : 772.47"
"12,58 : 659.0"
"12,59 : 220.19"
"12,60 : 333.33"
"12,61 : 574.91"
"12,62 : 293.8"
"12,63 : 511.77"
"12,64 : 662.01"
"12,65 : 961.16"
"12,66 : 346.37"
"12,67 : 418.02"
"12,68 : 721.51"
"12,69 : 686.1"
"12,70 : 943.54"
"12,71 : 442.29"
"12,72 : 1004.66"
"12,73 : 303.35"
"12,74 : 657.2"
"12,75 : 288.63"
"12,76 : 171.99"
"12,77 : 511.27"
"12,78 : 392.8"
"12,79 : 445.03"
"12,80 : 803.14"
"12,81 : 798.6"
"12,82 : 453.69"
"12,83 : 545.59"
"12,84 : 569.18"
"12,85 : 272.26"
"12,86 : 787.18"
"12,87 : 533.22"
"12,88 : 721.25"
"12,89 : 374.13"
"12,90 : 260.84"
"12,91 : 454.78"
"12,92 : 914.05"
"12,93 : 497.4"
"12,94 : 919.08"
"12,95 : 584.34"
"12,96 : 889.1"
"12,97 : 897.87"
"12,98 : 299.54"
"12,99 : 769.08"
"13,0 : 602.52"
"13,1 : 163.36"
"13,2 : 398.13"
"13,3 : 784.48"
"13,4 : 126.49"
"13,5 : 540.64"
"13,6 : 676.16"
"13,7 : 244.72"
"13,8 : 107.35"
"13,9 : 181.24"
"13,10 : 723.03"
"13,11 : 453.07"
"13,12 : 665.13"
"13,13 : 0.0"
"13,14 : 589.45"
"13,15 : 585.41"
"13,16 : 386.8"
"13,17 : 198.25"
"13,18 : 870.92"
"13,19 : 578.89"
"13,20 : 791.84"
"13,21 : 340.35"
"13,22 : 165.08"
"13,23 : 494.09"
"13,24 : 110.44"
"13,25 : 591.53"
"13,26 : 144.36"
"13,27 : 485.49"
"13,28 : 105.89"
"13,29 : 573.33"
"13,30 : 306.96"
"13,31 : 394.13"
"13,32 : 676.85"
"13,33 : 444.53"
"13,34 : 520.22"
"13,35 : 447.21"
"13,36 : 331.0"
"13,37 : 260.23"
"13,38 : 372.01"
"13,39 : 748.39"
"13,40 : 598.94"
"13,41 : 757.99"
"13,42 : 126.78"
"13,43 : 763.49"
"13,44 : 675.53"
"13,45 : 719.93"
"13,46 : 646.2"
"13,47 : 526.2"
"13,48 : 517.16"
"13,49 : 875.13"
"13,50 : 197.34"
"13,51 : 210.45"
"13,52 : 510.42"
"13,53 : 534.97"
"13,54 : 507.26"
"13,55 : 339.17"
"13,56 : 595.91"
"13,57 : 288.3"
"13,58 : 237.08"
"13,59 : 463.6"
"13,60 : 335.05"
"13,61 : 213.01"
"13,62 : 500.84"
"13,63 : 993.54"
"13,64 : 229.98"
"13,65 : 407.86"
"13,66 : 574.19"
"13,67 : 933.14"
"13,68 : 189.81"
"13,69 : 85.43"
"13,70 : 491.53"
"13,71 : 246.95"
"13,72 : 727.1"
"13,73 : 644.36"
"13,74 : 857.47"
"13,75 : 570.39"
"13,76 : 498.62"
"13,77 : 633.65"
"13,78 : 500.88"
"13,79 : 329.81"
"13,80 : 613.07"
"13,81 : 160.15"
"13,82 : 512.04"
"13,83 : 962.45"
"13,84 : 508.98"
"13,85 : 413.72"
"13,86 : 124.45"
"13,87 : 953.46"
"13,88 : 353.56"
"13,89 : 343.14"
"13,90 : 410.96"
"13,91 : 509.49"
"13,92 : 455.4"
"13,93 : 986.61"
"13,94 : 636.03"
"13,95 : 442.45"
"13,96 : 358.41"
"13,97 : 275.76"
"13,98 : 368.92"
"13,99 : 120.5"
"14,0 : 409.61"
"14,1 : 538.07"
"14,2 : 269.01"
"14,3 : 196.33"
"14,4 : 469.55"
"14,5 : 381.14"
"14,6 : 468.24"
"14,7 : 553.42"
"14,8 : 667.98"
"14,9 : 492.26"
"14,10 : 240.62"
"14,11 : 410.2"
"14,12 : 476.47"
"14,13 : 589.45"
"14,14 : 0.0"
"14,15 : 163.92"
"14,16 : 355.64"
"14,17 : 401.65"
"14,18 : 562.6"
"14,19 : 153.06"
"14,20 : 354.62"
"14,21 : 619.73"
"14,22 : 467.57"
"14,23 : 151.16"
"14,24 : 681.51"
"14,25 : 394.06"
"14,26 : 723.24"
"14,27 : 725.48"
"14,28 : 681.09"
"14,29 : 83.76"
"14,30 : 286.53"
"14,31 : 811.78"
"14,32 : 395.46"
"14,33 : 418.29"
"14,34 : 623.98"
"14,35 : 293.72"
"14,36 : 578.01"
"14,37 : 706.07"
"14,38 : 301.23"
"14,39 : 516.43"
"14,40 : 75.43"
"14,41 : 169.94"
"14,42 : 467.62"
"14,43 : 304.29"
"14,44 : 472.87"
"14,45 : 238.21"
"14,46 : 498.48"
"14,47 : 295.45"
"14,48 : 290.87"
"14,49 : 376.52"
"14,50 : 535.45"
"14,51 : 710.02"
"14,52 : 412.8"
"14,53 : 736.72"
"14,54 : 282.78"
"14,55 : 636.92"
"14,56 : 219.8"
"14,57 : 493.28"
"14,58 : 415.0"
"14,59 : 338.37"
"14,60 : 388.06"
"14,61 : 662.01"
"14,62 : 617.91"
"14,63 : 457.96"
"14,64 : 422.61"
"14,65 : 664.59"
"14,66 : 712.55"
"14,67 : 434.38"
"14,68 : 506.64"
"14,69 : 547.01"
"14,70 : 580.87"
"14,71 : 532.51"
"14,72 : 551.46"
"14,73 : 194.36"
"14,74 : 275.22"
"14,75 : 662.96"
"14,76 : 380.44"
"14,77 : 49.82"
"14,78 : 117.32"
"14,79 : 626.31"
"14,80 : 348.38"
"14,81 : 748.68"
"14,82 : 78.26"
"14,83 : 399.52"
"14,84 : 139.85"
"14,85 : 328.89"
"14,86 : 666.38"
"14,87 : 393.36"
"14,88 : 392.02"
"14,89 : 554.97"
"14,90 : 456.64"
"14,91 : 80.6"
"14,92 : 563.17"
"14,93 : 456.88"
"14,94 : 478.02"
"14,95 : 202.04"
"14,96 : 595.41"
"14,97 : 682.72"
"14,98 : 381.41"
"14,99 : 627.55"
"15,0 : 559.86"
"15,1 : 491.08"
"15,2 : 195.06"
"15,3 : 259.67"
"15,4 : 483.59"
"15,5 : 522.82"
"15,6 : 304.48"
"15,7 : 481.66"
"15,8 : 642.12"
"15,9 : 537.22"
"15,10 : 138.81"
"15,11 : 281.58"
"15,12 : 630.61"
"15,13 : 585.41"
"15,14 : 163.92"
"15,15 : 0.0"
"15,16 : 256.32"
"15,17 : 387.19"
"15,18 : 409.38"
"15,19 : 12.21"
"15,20 : 516.02"
"15,21 : 524.42"
"15,22 : 502.86"
"15,23 : 280.18"
"15,24 : 658.59"
"15,25 : 234.2"
"15,26 : 701.34"
"15,27 : 824.87"
"15,28 : 660.24"
"15,29 : 242.62"
"15,30 : 323.84"
"15,31 : 726.0"
"15,32 : 232.16"
"15,33 : 537.45"
"15,34 : 488.77"
"15,35 : 415.45"
"15,36 : 660.71"
"15,37 : 639.53"
"15,38 : 395.2"
"15,39 : 353.19"
"15,40 : 239.08"
"15,41 : 269.76"
"15,42 : 480.21"
"15,43 : 465.01"
"15,44 : 309.18"
"15,45 : 399.0"
"15,46 : 648.73"
"15,47 : 147.65"
"15,48 : 146.49"
"15,49 : 525.8"
"15,50 : 478.36"
"15,51 : 658.47"
"15,52 : 268.79"
"15,53 : 844.6"
"15,54 : 421.6"
"15,55 : 715.6"
"15,56 : 55.9"
"15,57 : 411.44"
"15,58 : 367.45"
"15,59 : 464.81"
"15,60 : 476.83"
"15,61 : 706.54"
"15,62 : 733.23"
"15,63 : 588.0"
"15,64 : 375.69"
"15,65 : 556.59"
"15,66 : 830.95"
"15,67 : 580.63"
"15,68 : 455.11"
"15,69 : 523.4"
"15,70 : 448.23"
"15,71 : 597.2"
"15,72 : 387.62"
"15,73 : 358.23"
"15,74 : 304.02"
"15,75 : 786.38"
"15,76 : 513.66"
"15,77 : 154.87"
"15,78 : 241.86"
"15,79 : 704.02"
"15,80 : 185.1"
"15,81 : 735.53"
"15,82 : 179.74"
"15,83 : 514.25"
"15,84 : 85.62"
"15,85 : 440.88"
"15,86 : 634.1"
"15,87 : 511.02"
"15,88 : 299.61"
"15,89 : 642.38"
"15,90 : 566.05"
"15,91 : 179.25"
"15,92 : 437.22"
"15,93 : 589.96"
"15,94 : 316.7"
"15,95 : 143.01"
"15,96 : 494.22"
"15,97 : 609.1"
"15,98 : 480.8"
"15,99 : 591.3"
"16,0 : 631.23"
"16,1 : 255.0"
"16,2 : 90.44"
"16,3 : 510.25"
"16,4 : 324.91"
"16,5 : 576.17"
"16,6 : 296.21"
"16,7 : 228.65"
"16,8 : 415.43"
"16,9 : 413.83"
"16,10 : 374.76"
"16,11 : 89.9"
"16,12 : 707.55"
"16,13 : 386.8"
"16,14 : 355.64"
"16,15 : 256.32"
"16,16 : 0.0"
"16,17 : 212.41"
"16,18 : 485.9"
"16,19 : 256.1"
"16,20 : 687.5"
"16,21 : 269.82"
"16,22 : 371.59"
"16,23 : 372.24"
"16,24 : 433.78"
"16,25 : 206.62"
"16,26 : 475.34"
"16,27 : 756.82"
"16,28 : 437.32"
"16,29 : 397.4"
"16,30 : 260.07"
"16,31 : 470.03"
"16,32 : 290.04"
"16,33 : 540.12"
"16,34 : 284.04"
"16,35 : 448.73"
"16,36 : 578.99"
"16,37 : 385.88"
"16,38 : 387.4"
"16,39 : 368.88"
"16,40 : 410.75"
"16,41 : 508.94"
"16,42 : 320.16"
"16,43 : 641.54"
"16,44 : 296.56"
"16,45 : 578.44"
"16,46 : 711.21"
"16,47 : 146.22"
"16,48 : 138.71"
"16,49 : 728.07"
"16,50 : 234.56"
"16,51 : 411.42"
"16,52 : 137.3"
"16,53 : 791.18"
"16,54 : 486.5"
"16,55 : 621.03"
"16,56 : 240.76"
"16,57 : 156.26"
"16,58 : 149.94"
"16,59 : 495.43"
"16,60 : 437.08"
"16,61 : 560.04"
"16,62 : 703.6"
"16,63 : 813.47"
"16,64 : 156.85"
"16,65 : 309.4"
"16,66 : 799.72"
"16,67 : 787.12"
"16,68 : 218.0"
"16,69 : 308.5"
"16,70 : 239.64"
"16,71 : 494.54"
"16,72 : 359.35"
"16,73 : 514.88"
"16,74 : 560.25"
"16,75 : 769.22"
"16,76 : 549.13"
"16,77 : 377.2"
"16,78 : 347.34"
"16,79 : 609.04"
"16,80 : 226.92"
"16,81 : 516.24"
"16,82 : 307.88"
"16,83 : 750.89"
"16,84 : 219.11"
"16,85 : 450.15"
"16,86 : 402.02"
"16,87 : 745.77"
"16,88 : 44.01"
"16,89 : 571.0"
"16,90 : 545.34"
"16,91 : 305.29"
"16,92 : 214.9"
"16,93 : 812.52"
"16,94 : 264.02"
"16,95 : 154.35"
"16,96 : 242.03"
"16,97 : 353.76"
"16,98 : 458.3"
"16,99 : 358.02"
"17,0 : 516.66"
"17,1 : 152.27"
"17,2 : 202.98"
"17,3 : 593.4"
"17,4 : 112.61"
"17,5 : 454.82"
"17,6 : 508.5"
"17,7 : 205.98"
"17,8 : 266.43"
"17,9 : 204.61"
"17,10 : 525.01"
"17,11 : 294.87"
"17,12 : 589.54"
"17,13 : 198.25"
"17,14 : 401.65"
"17,15 : 387.19"
"17,16 : 212.41"
"17,17 : 0.0"
"17,18 : 695.3"
"17,19 : 380.64"
"17,20 : 652.28"
"17,21 : 307.47"
"17,22 : 161.97"
"17,23 : 331.8"
"17,24 : 280.44"
"17,25 : 417.64"
"17,26 : 322.61"
"17,27 : 554.17"
"17,28 : 280.52"
"17,29 : 399.24"
"17,30 : 143.13"
"17,31 : 454.4"
"17,32 : 495.63"
"17,33 : 387.01"
"17,34 : 430.39"
"17,35 : 335.2"
"17,36 : 376.63"
"17,37 : 328.43"
"17,38 : 257.69"
"17,39 : 581.1"
"17,40 : 422.68"
"17,41 : 571.57"
"17,42 : 107.91"
"17,43 : 616.14"
"17,44 : 508.93"
"17,45 : 563.84"
"17,46 : 582.22"
"17,47 : 338.25"
"17,48 : 328.67"
"17,49 : 721.65"
"17,50 : 165.08"
"17,51 : 316.9"
"17,52 : 348.17"
"17,53 : 592.78"
"17,54 : 389.62"
"17,55 : 413.55"
"17,56 : 399.32"
"17,57 : 191.06"
"17,58 : 80.78"
"17,59 : 369.76"
"17,60 : 270.36"
"17,61 : 348.32"
"17,62 : 518.33"
"17,63 : 830.95"
"17,64 : 80.08"
"17,65 : 374.26"
"17,66 : 610.08"
"17,67 : 781.32"
"17,68 : 133.54"
"17,69 : 145.36"
"17,70 : 391.08"
"17,71 : 288.29"
"17,72 : 570.75"
"17,73 : 489.39"
"17,74 : 663.32"
"17,75 : 587.31"
"17,76 : 418.24"
"17,77 : 442.88"
"17,78 : 328.55"
"17,79 : 401.7"
"17,80 : 429.39"
"17,81 : 351.76"
"17,82 : 326.84"
"17,83 : 789.44"
"17,84 : 311.27"
"17,85 : 317.32"
"17,86 : 265.07"
"17,87 : 781.46"
"17,88 : 192.52"
"17,89 : 372.99"
"17,90 : 376.2"
"17,91 : 324.12"
"17,92 : 356.18"
"17,93 : 825.92"
"17,94 : 475.79"
"17,95 : 244.2"
"17,96 : 304.08"
"17,97 : 317.13"
"17,98 : 300.01"
"17,99 : 227.75"
"18,0 : 968.47"
"18,1 : 725.0"
"18,2 : 504.65"
"18,3 : 543.0"
"18,4 : 807.53"
"18,5 : 932.17"
"18,6 : 198.86"
"18,7 : 669.54"
"18,8 : 884.57"
"18,9 : 888.09"
"18,10 : 338.38"
"18,11 : 420.4"
"18,12 : 1037.92"
"18,13 : 870.92"
"18,14 : 562.6"
"18,15 : 409.38"
"18,16 : 485.9"
"18,17 : 695.3"
"18,18 : 0.0"
"18,19 : 421.58"
"18,20 : 888.03"
"18,21 : 642.45"
"18,22 : 847.5"
"18,23 : 689.5"
"18,24 : 903.76"
"18,25 : 279.55"
"18,26 : 942.52"
"18,27 : 1211.47"
"18,28 : 908.72"
"18,29 : 645.83"
"18,30 : 694.74"
"18,31 : 823.33"
"18,32 : 202.04"
"18,33 : 941.38"
"18,34 : 481.36"
"18,35 : 822.16"
"18,36 : 1038.4"
"18,37 : 801.25"
"18,38 : 792.37"
"18,39 : 133.0"
"18,40 : 636.62"
"18,41 : 588.22"
"18,42 : 802.97"
"18,43 : 836.98"
"18,44 : 200.9"
"18,45 : 774.7"
"18,46 : 1057.46"
"18,47 : 363.28"
"18,48 : 373.27"
"18,49 : 865.22"
"18,50 : 696.85"
"18,51 : 849.42"
"18,52 : 362.92"
"18,53 : 1237.34"
"18,54 : 830.94"
"18,55 : 1087.6"
"18,56 : 358.6"
"18,57 : 600.78"
"18,58 : 635.41"
"18,59 : 872.07"
"18,60 : 867.11"
"18,61 : 1043.45"
"18,62 : 1132.41"
"18,63 : 881.06"
"18,64 : 641.96"
"18,65 : 627.54"
"18,66 : 1230.8"
"18,67 : 908.8"
"18,68 : 690.15"
"18,69 : 789.52"
"18,70 : 470.23"
"18,71 : 962.32"
"18,72 : 185.06"
"18,73 : 751.55"
"18,74 : 515.61"
"18,75 : 1189.38"
"18,76 : 922.04"
"18,77 : 534.25"
"18,78 : 651.22"
"18,79 : 1075.6"
"18,80 : 269.46"
"18,81 : 987.69"
"18,82 : 589.09"
"18,83 : 788.61"
"18,84 : 482.74"
"18,85 : 843.97"
"18,86 : 866.4"
"18,87 : 791.23"
"18,88 : 517.37"
"18,89 : 1024.58"
"18,90 : 964.95"
"18,91 : 588.54"
"18,92 : 491.03"
"18,93 : 889.01"
"18,94 : 247.37"
"18,95 : 501.02"
"18,96 : 605.56"
"18,97 : 760.58"
"18,98 : 876.93"
"18,99 : 823.65"
"19,0 : 547.73"
"19,1 : 487.34"
"19,2 : 191.32"
"19,3 : 256.84"
"19,4 : 475.68"
"19,5 : 510.61"
"19,6 : 315.18"
"19,7 : 479.95"
"19,8 : 637.19"
"19,9 : 527.82"
"19,10 : 147.14"
"19,11 : 285.2"
"19,12 : 618.55"
"19,13 : 578.89"
"19,14 : 153.06"
"19,15 : 12.21"
"19,16 : 256.1"
"19,17 : 380.64"
"19,18 : 421.58"
"19,19 : 0.0"
"19,20 : 506.01"
"19,21 : 525.06"
"19,22 : 493.86"
"19,23 : 267.97"
"19,24 : 653.49"
"19,25 : 243.29"
"19,26 : 696.24"
"19,27 : 813.54"
"19,28 : 655.0"
"19,29 : 231.04"
"19,30 : 314.03"
"19,31 : 726.1"
"19,32 : 243.68"
"19,33 : 525.46"
"19,34 : 493.91"
"19,35 : 403.35"
"19,36 : 649.87"
"19,37 : 637.77"
"19,38 : 383.64"
"19,39 : 364.69"
"19,40 : 228.02"
"19,41 : 264.46"
"19,42 : 472.37"
"19,43 : 455.11"
"19,44 : 319.81"
"19,45 : 389.05"
"19,46 : 636.58"
"19,47 : 153.52"
"19,48 : 151.65"
"19,49 : 517.49"
"19,50 : 475.38"
"19,51 : 655.52"
"19,52 : 274.69"
"19,53 : 833.02"
"19,54 : 409.4"
"19,55 : 704.96"
"19,56 : 67.19"
"19,57 : 410.4"
"19,58 : 363.19"
"19,59 : 452.68"
"19,60 : 465.55"
"19,61 : 697.44"
"19,62 : 721.4"
"19,63 : 581.73"
"19,64 : 371.44"
"19,65 : 558.62"
"19,66 : 819.09"
"19,67 : 572.72"
"19,68 : 451.59"
"19,69 : 518.02"
"19,70 : 452.95"
"19,71 : 587.01"
"19,72 : 398.41"
"19,73 : 347.22"
"19,74 : 304.33"
"19,75 : 774.4"
"19,76 : 501.47"
"19,77 : 146.32"
"19,78 : 229.65"
"19,79 : 693.41"
"19,80 : 195.43"
"19,81 : 729.88"
"19,82 : 167.54"
"19,83 : 509.18"
"19,84 : 75.58"
"19,85 : 428.96"
"19,86 : 629.62"
"19,87 : 505.69"
"19,88 : 298.99"
"19,89 : 631.35"
"19,90 : 554.29"
"19,91 : 167.05"
"19,92 : 441.06"
"19,93 : 583.4"
"19,94 : 326.3"
"19,95 : 136.53"
"19,96 : 495.38"
"19,97 : 607.9"
"19,98 : 469.22"
"19,99 : 587.02"
"20,0 : 266.18"
"20,1 : 804.43"
"20,2 : 597.06"
"20,3 : 361.54"
"20,4 : 666.85"
"20,5 : 300.68"
"20,6 : 819.71"
"20,7 : 845.35"
"20,8 : 892.39"
"20,9 : 632.51"
"20,10 : 549.66"
"20,11 : 755.09"
"20,12 : 276.74"
"20,13 : 791.84"
"20,14 : 354.62"
"20,15 : 516.02"
"20,16 : 687.5"
"20,17 : 652.28"
"20,18 : 888.03"
"20,19 : 506.01"
"20,20 : 0.0"
"20,21 : 930.66"
"20,22 : 631.35"
"20,23 : 325.78"
"20,24 : 900.23"
"20,25 : 748.52"
"20,26 : 936.2"
"20,27 : 688.98"
"20,28 : 896.83"
"20,29 : 291.8"
"20,30 : 509.22"
"20,31 : 1103.59"
"20,32 : 742.85"
"20,33 : 406.25"
"20,34 : 967.79"
"20,35 : 347.6"
"20,36 : 615.83"
"20,37 : 980.67"
"20,38 : 419.96"
"20,39 : 862.36"
"20,40 : 283.83"
"20,41 : 307.32"
"20,42 : 667.51"
"20,43 : 51.48"
"20,44 : 824.58"
"20,45 : 117.04"
"20,46 : 316.97"
"20,47 : 649.36"
"20,48 : 644.26"
"20,49 : 110.0"
"20,50 : 813.5"
"20,51 : 965.55"
"20,52 : 764.32"
"20,53 : 673.09"
"20,54 : 288.06"
"20,55 : 671.73"
"20,56 : 571.17"
"20,57 : 800.07"
"20,58 : 698.73"
"20,59 : 345.97"
"20,60 : 473.47"
"20,61 : 767.91"
"20,62 : 553.31"
"20,63 : 240.1"
"20,64 : 704.52"
"20,65 : 985.5"
"20,66 : 618.99"
"20,67 : 153.38"
"20,68 : 781.86"
"20,69 : 783.25"
"20,70 : 923.72"
"20,71 : 623.18"
"20,72 : 902.33"
"20,73 : 172.68"
"20,74 : 426.81"
"20,75 : 560.91"
"20,76 : 337.22"
"20,77 : 364.08"
"20,78 : 342.46"
"20,79 : 665.66"
"20,80 : 701.07"
"20,81 : 945.68"
"20,82 : 380.83"
"20,83 : 269.26"
"20,84 : 488.79"
"20,85 : 386.64"
"20,86 : 899.98"
"20,87 : 256.89"
"20,88 : 716.18"
"20,89 : 586.71"
"20,90 : 458.97"
"20,91 : 383.28"
"20,92 : 901.89"
"20,93 : 227.13"
"20,94 : 832.17"
"20,95 : 536.33"
"20,96 : 913.02"
"20,97 : 967.15"
"20,98 : 444.01"
"20,99 : 870.55"
"21,0 : 822.43"
"21,1 : 186.97"
"21,2 : 350.99"
"21,3 : 780.05"
"21,4 : 373.52"
"21,5 : 761.17"
"21,6 : 447.25"
"21,7 : 106.07"
"21,8 : 292.23"
"21,9 : 474.65"
"21,10 : 632.32"
"21,11 : 259.62"
"21,12 : 896.16"
"21,13 : 340.35"
"21,14 : 619.73"
"21,15 : 524.42"
"21,16 : 269.82"
"21,17 : 307.47"
"21,18 : 642.45"
"21,19 : 525.06"
"21,20 : 930.66"
"21,21 : 0.0"
"21,22 : 437.14"
"21,23 : 605.27"
"21,24 : 310.26"
"21,25 : 394.49"
"21,26 : 338.05"
"21,27 : 816.96"
"21,28 : 317.84"
"21,29 : 649.78"
"21,30 : 438.29"
"21,31 : 203.19"
"21,32 : 487.16"
"21,33 : 693.74"
"21,34 : 195.69"
"21,35 : 638.65"
"21,36 : 648.86"
"21,37 : 161.07"
"21,38 : 562.95"
"21,39 : 509.52"
"21,40 : 667.04"
"21,41 : 777.86"
"21,42 : 369.08"
"21,43 : 888.53"
"21,44 : 444.11"
"21,45 : 828.94"
"21,46 : 889.64"
"21,47 : 394.66"
"21,48 : 390.59"
"21,49 : 983.57"
"21,50 : 156.31"
"21,51 : 218.5"
"21,52 : 304.43"
"21,53 : 863.09"
"21,54 : 689.64"
"21,55 : 669.65"
"21,56 : 501.5"
"21,57 : 130.59"
"21,58 : 238.67"
"21,59 : 676.01"
"21,60 : 576.22"
"21,61 : 553.34"
"21,62 : 808.05"
"21,63 : 1076.83"
"21,64 : 234.83"
"21,65 : 69.86"
"21,66 : 892.85"
"21,67 : 1043.38"
"21,68 : 181.8"
"21,69 : 263.15"
"21,70 : 182.46"
"21,71 : 558.08"
"21,72 : 466.83"
"21,73 : 759.59"
"21,74 : 828.23"
"21,75 : 878.39"
"21,76 : 725.38"
"21,77 : 645.23"
"21,78 : 589.31"
"21,79 : 659.1"
"21,80 : 443.42"
"21,81 : 387.24"
"21,82 : 562.48"
"21,83 : 1018.15"
"21,84 : 487.28"
"21,85 : 623.97"
"21,86 : 267.16"
"21,87 : 1012.53"
"21,88 : 229.12"
"21,89 : 653.18"
"21,90 : 679.27"
"21,91 : 559.7"
"21,92 : 153.76"
"21,93 : 1074.83"
"21,94 : 396.01"
"21,95 : 418.25"
"21,96 : 37.05"
"21,97 : 119.64"
"21,98 : 606.84"
"21,99 : 235.85"
"22,0 : 437.86"
"22,1 : 252.72"
"22,2 : 344.14"
"22,3 : 663.47"
"22,4 : 63.64"
"22,5 : 375.78"
"22,6 : 665.92"
"22,7 : 331.12"
"22,8 : 271.49"
"22,9 : 42.64"
"22,10 : 640.91"
"22,11 : 456.28"
"22,12 : 501.91"
"22,13 : 165.08"
"22,14 : 467.57"
"22,15 : 502.86"
"22,16 : 371.59"
"22,17 : 161.97"
"22,18 : 847.5"
"22,19 : 493.86"
"22,20 : 631.35"
"22,21 : 437.14"
"22,22 : 0.0"
"22,23 : 350.13"
"22,24 : 275.51"
"22,25 : 573.4"
"22,26 : 307.72"
"22,27 : 393.6"
"22,28 : 270.8"
"22,29 : 435.57"
"22,30 : 184.13"
"22,31 : 539.32"
"22,32 : 645.89"
"22,33 : 282.26"
"22,34 : 584.54"
"22,35 : 284.48"
"22,36 : 217.38"
"22,37 : 403.83"
"22,38 : 212.27"
"22,39 : 738.13"
"22,40 : 462.39"
"22,41 : 629.53"
"22,42 : 68.07"
"22,43 : 605.77"
"22,44 : 666.73"
"22,45 : 566.5"
"22,46 : 484.91"
"22,47 : 485.23"
"22,48 : 475.3"
"22,49 : 718.9"
"22,50 : 281.01"
"22,51 : 365.76"
"22,52 : 508.52"
"22,53 : 434.32"
"22,54 : 344.57"
"22,55 : 251.63"
"22,56 : 527.47"
"22,57 : 340.23"
"22,58 : 240.19"
"22,59 : 298.64"
"22,60 : 170.14"
"22,61 : 203.75"
"22,62 : 370.92"
"22,63 : 840.89"
"22,64 : 237.55"
"22,65 : 506.87"
"22,66 : 457.46"
"22,67 : 775.84"
"22,68 : 256.2"
"22,69 : 190.07"
"22,70 : 547.39"
"22,71 : 127.26"
"22,72 : 730.91"
"22,73 : 491.57"
"22,74 : 742.43"
"22,75 : 441.25"
"22,76 : 333.92"
"22,77 : 515.55"
"22,78 : 364.53"
"22,79 : 239.8"
"22,80 : 578.64"
"22,81 : 314.34"
"22,82 : 389.58"
"22,83 : 816.95"
"22,84 : 418.71"
"22,85 : 249.3"
"22,86 : 285.32"
"22,87 : 807.25"
"22,88 : 354.37"
"22,89 : 217.57"
"22,90 : 253.81"
"22,91 : 387.41"
"22,92 : 511.64"
"22,93 : 832.99"
"22,94 : 635.61"
"22,95 : 365.56"
"22,96 : 442.88"
"22,97 : 408.38"
"22,98 : 204.08"
"22,99 : 268.48"
"23,0 : 282.85"
"23,1 : 482.58"
"23,2 : 283.39"
"23,3 : 329.56"
"23,4 : 368.02"
"23,5 : 242.69"
"23,6 : 565.85"
"23,7 : 519.84"
"23,8 : 586.21"
"23,9 : 366.75"
"23,10 : 385.78"
"23,11 : 449.32"
"23,12 : 356.41"
"23,13 : 494.09"
"23,14 : 151.16"
"23,15 : 280.18"
"23,16 : 372.24"
"23,17 : 331.8"
"23,18 : 689.5"
"23,19 : 267.97"
"23,20 : 325.78"
"23,21 : 605.27"
"23,22 : 350.13"
"23,23 : 0.0"
"23,24 : 596.73"
"23,25 : 479.4"
"23,26 : 635.97"
"23,27 : 574.62"
"23,28 : 594.66"
"23,29 : 89.02"
"23,30 : 191.55"
"23,31 : 778.81"
"23,32 : 504.93"
"23,33 : 267.68"
"23,34 : 656.2"
"23,35 : 142.89"
"23,36 : 431.3"
"23,37 : 658.44"
"23,38 : 157.11"
"23,39 : 624.14"
"23,40 : 116.11"
"23,41 : 287.11"
"23,42 : 367.4"
"23,43 : 286.0"
"23,44 : 569.57"
"23,45 : 232.04"
"23,46 : 370.87"
"23,47 : 371.08"
"23,48 : 363.37"
"23,49 : 389.85"
"23,50 : 489.43"
"23,51 : 648.42"
"23,52 : 470.46"
"23,53 : 585.59"
"23,54 : 141.45"
"23,55 : 490.9"
"23,56 : 331.85"
"23,57 : 474.72"
"23,58 : 373.23"
"23,59 : 189.13"
"23,60 : 242.62"
"23,61 : 530.99"
"23,62 : 467.25"
"23,63 : 501.5"
"23,64 : 379.19"
"23,65 : 661.47"
"23,66 : 562.57"
"23,67 : 449.55"
"23,68 : 458.0"
"23,69 : 470.31"
"23,70 : 611.79"
"23,71 : 394.06"
"23,72 : 648.27"
"23,73 : 157.89"
"23,74 : 413.94"
"23,75 : 514.14"
"23,76 : 234.87"
"23,77 : 199.46"
"23,78 : 38.42"
"23,79 : 480.73"
"23,80 : 446.97"
"23,81 : 653.68"
"23,82 : 100.44"
"23,83 : 468.73"
"23,84 : 213.0"
"23,85 : 177.92"
"23,86 : 590.04"
"23,87 : 459.54"
"23,88 : 396.06"
"23,89 : 407.07"
"23,90 : 305.51"
"23,91 : 100.96"
"23,92 : 586.66"
"23,93 : 495.63"
"23,94 : 563.42"
"23,95 : 232.62"
"23,96 : 588.66"
"23,97 : 642.97"
