x,y
481,554
374,752
979,754
884,590
388,11
934,171
773,822
532,405
449,796
876,570
54,578
223,702
140,478
130,175
954,779
76,209
227,472
52,420
535,702
985,165
398,51
228,457
360,191
351,163
190,945
569,92
54,70
33,441
313,23
866,481
904,805
921,992
249,58
34,317
663,985
730,951
522,936
760,634
26,743
182,243
63,396
900,413
545,704
85,916
114,614
6,871
405,157
332,176
64,155
767,856
591,125
676,250
810,350
8,882
942,495
141,763
441,6
349,905
812,565
925,19
925,731
913,307
925,170
708,607
756,814
561,103
284,260
99,655
613,976
456,8
202,658
819,21
888,450
43,374
194,483
83,308
317,325
632,596
300,87
493,914
577,97
187,938
123,784
763,703
802,584
971,540
523,810
497,683
586,233
656,124
680,557
595,127
888,586
550,750
892,595
498,306
249,147
861,499
288,645
584,848

Distanze
"0,0 : 0.0"
"0,1 : 225.06"
"0,2 : 536.66"
"0,3 : 404.6"
"0,4 : 550.91"
"0,5 : 593.21"
"0,6 : 396.34"
"0,7 : 157.49"
"0,8 : 244.11"
"0,9 : 395.32"
"0,10 : 427.67"
"0,11 : 297.44"
"0,12 : 349.37"
"0,13 : 516.57"
"0,14 : 523.79"
"0,15 : 532.02"
"0,16 : 266.91"
"0,17 : 449.44"
"0,18 : 157.54"
"0,19 : 636.66"
"0,20 : 509.8"
"0,21 : 270.96"
"0,22 : 382.64"
"0,23 : 412.04"
"0,24 : 487.4"
"0,25 : 470.31"
"0,26 : 645.43"
"0,27 : 462.03"
"0,28 : 556.94"
"0,29 : 391.86"
"0,30 : 491.86"
"0,31 : 620.84"
"0,32 : 547.58"
"0,33 : 505.94"
"0,34 : 467.85"
"0,35 : 468.63"
"0,36 : 384.19"
"0,37 : 290.24"
"0,38 : 492.69"
"0,39 : 431.42"
"0,40 : 446.86"
"0,41 : 442.09"
"0,42 : 163.08"
"0,43 : 536.53"
"0,44 : 371.87"
"0,45 : 571.06"
"0,46 : 404.21"
"0,47 : 406.31"
"0,48 : 577.14"
"0,49 : 415.93"
"0,50 : 442.88"
"0,51 : 361.17"
"0,52 : 387.11"
"0,53 : 575.6"
"0,54 : 464.76"
"0,55 : 399.1"
"0,56 : 549.46"
"0,57 : 375.0"
"0,58 : 331.18"
"0,59 : 695.24"
"0,60 : 477.98"
"0,61 : 497.63"
"0,62 : 587.02"
"0,63 : 233.11"
"0,64 : 378.45"
"0,65 : 458.04"
"0,66 : 353.9"
"0,67 : 395.13"
"0,68 : 442.16"
"0,69 : 546.57"
"0,70 : 297.75"
"0,71 : 631.14"
"0,72 : 420.08"
"0,73 : 473.54"
"0,74 : 295.65"
"0,75 : 467.89"
"0,76 : 281.67"
"0,77 : 156.73"
"0,78 : 500.85"
"0,79 : 360.2"
"0,80 : 466.97"
"0,81 : 483.62"
"0,82 : 425.52"
"0,83 : 318.94"
"0,84 : 322.4"
"0,85 : 490.2"
"0,86 : 259.42"
"0,87 : 129.99"
"0,88 : 337.74"
"0,89 : 464.25"
"0,90 : 199.02"
"0,91 : 441.96"
"0,92 : 408.26"
"0,93 : 207.79"
"0,94 : 413.04"
"0,95 : 248.58"
"0,96 : 468.48"
"0,97 : 383.96"
"0,98 : 213.38"
"0,99 : 311.52"
"1,0 : 225.06"
"1,1 : 0.0"
"1,2 : 605.0"
"1,3 : 535.11"
"1,4 : 741.13"
"1,5 : 806.95"
"1,6 : 405.09"
"1,7 : 381.28"
"1,8 : 86.95"
"1,9 : 533.97"
"1,10 : 364.25"
"1,11 : 159.06"
"1,12 : 360.32"
"1,13 : 626.47"
"1,14 : 580.63"
"1,15 : 619.4"
"1,16 : 316.24"
"1,17 : 462.5"
"1,18 : 168.59"
"1,19 : 847.28"
"1,20 : 701.41"
"1,21 : 329.15"
"1,22 : 561.17"
"1,23 : 589.45"
"1,24 : 266.66"
"1,25 : 688.2"
"1,26 : 753.34"
"1,27 : 461.52"
"1,28 : 731.55"
"1,29 : 561.7"
"1,30 : 532.64"
"1,31 : 597.33"
"1,32 : 705.17"
"1,33 : 552.11"
"1,34 : 371.23"
"1,35 : 407.84"
"1,36 : 236.14"
"1,37 : 403.63"
"1,38 : 348.12"
"1,39 : 544.01"
"1,40 : 472.71"
"1,41 : 625.78"
"1,42 : 177.61"
"1,43 : 332.29"
"1,44 : 294.35"
"1,45 : 386.76"
"1,46 : 595.81"
"1,47 : 577.53"
"1,48 : 672.69"
"1,49 : 406.53"
"1,50 : 663.49"
"1,51 : 585.84"
"1,52 : 593.04"
"1,53 : 388.4"
"1,54 : 623.44"
"1,55 : 233.26"
"1,56 : 749.0"
"1,57 : 155.03"
"1,58 : 476.25"
"1,59 : 917.0"
"1,60 : 551.4"
"1,61 : 698.96"
"1,62 : 801.45"
"1,63 : 364.12"
"1,64 : 387.0"
"1,65 : 675.4"
"1,66 : 500.16"
"1,67 : 291.61"
"1,68 : 327.56"
"1,69 : 748.51"
"1,70 : 196.01"
"1,71 : 855.8"
"1,72 : 596.15"
"1,73 : 502.44"
"1,74 : 323.67"
"1,75 : 530.86"
"1,76 : 430.79"
"1,77 : 301.5"
"1,78 : 669.1"
"1,79 : 201.01"
"1,80 : 685.74"
"1,81 : 263.75"
"1,82 : 253.03"
"1,83 : 392.07"
"1,84 : 459.79"
"1,85 : 633.52"
"1,86 : 159.89"
"1,87 : 141.03"
"1,88 : 560.63"
"1,89 : 688.41"
"1,90 : 362.85"
"1,91 : 662.92"
"1,92 : 540.14"
"1,93 : 176.01"
"1,94 : 541.27"
"1,95 : 462.92"
"1,96 : 617.78"
"1,97 : 548.8"
"1,98 : 137.28"
"1,99 : 230.9"
"2,0 : 536.66"
"2,1 : 605.0"
"2,2 : 0.0"
"2,3 : 189.53"
"2,4 : 949.38"
"2,5 : 584.73"
"2,6 : 216.93"
"2,7 : 567.11"
"2,8 : 531.66"
"2,9 : 210.87"
"2,10 : 941.59"
"2,11 : 757.79"
"2,12 : 883.23"
"2,13 : 1027.64"
"2,14 : 35.36"
"2,15 : 1054.72"
"2,16 : 803.14"
"2,17 : 985.33"
"2,18 : 447.03"
"2,19 : 589.03"
"2,20 : 912.01"
"2,21 : 807.6"
"2,22 : 836.74"
"2,23 : 862.36"
"2,24 : 811.79"
"2,25 : 778.68"
"2,26 : 1150.43"
"2,27 : 996.44"
"2,28 : 988.9"
"2,29 : 295.46"
"2,30 : 90.7"
"2,31 : 244.97"
"2,32 : 1008.62"
"2,33 : 1041.15"
"2,34 : 391.43"
"2,35 : 317.51"
"2,36 : 491.91"
"2,37 : 249.72"
"2,38 : 953.06"
"2,39 : 946.75"
"2,40 : 983.47"
"2,41 : 350.03"
"2,42 : 436.87"
"2,43 : 908.56"
"2,44 : 876.26"
"2,45 : 980.01"
"2,46 : 828.18"
"2,47 : 867.58"
"2,48 : 1093.63"
"2,49 : 235.26"
"2,50 : 739.04"
"2,51 : 588.07"
"2,52 : 437.92"
"2,53 : 979.4"
"2,54 : 261.63"
"2,55 : 838.05"
"2,56 : 921.38"
"2,57 : 647.84"
"2,58 : 252.21"
"2,59 : 736.98"
"2,60 : 58.69"
"2,61 : 451.85"
"2,62 : 586.49"
"2,63 : 308.3"
"2,64 : 230.93"
"2,65 : 773.64"
"2,66 : 852.68"
"2,67 : 885.55"
"2,68 : 428.07"
"2,69 : 911.07"
"2,70 : 782.91"
"2,71 : 750.26"
"2,72 : 317.33"
"2,73 : 1010.2"
"2,74 : 830.46"
"2,75 : 1000.87"
"2,76 : 788.85"
"2,77 : 381.28"
"2,78 : 951.8"
"2,79 : 511.66"
"2,80 : 770.23"
"2,81 : 813.09"
"2,82 : 856.53"
"2,83 : 221.94"
"2,84 : 245.42"
"2,85 : 214.15"
"2,86 : 459.43"
"2,87 : 487.2"
"2,88 : 652.6"
"2,89 : 707.98"
"2,90 : 358.06"
"2,91 : 735.24"
"2,92 : 191.06"
"2,93 : 429.02"
"2,94 : 181.25"
"2,95 : 657.32"
"2,96 : 949.39"
"2,97 : 280.98"
"2,98 : 699.54"
"2,99 : 406.03"
"3,0 : 404.6"
"3,1 : 535.11"
"3,2 : 189.53"
"3,3 : 0.0"
"3,4 : 762.4"
"3,5 : 421.97"
"3,6 : 257.19"
"3,7 : 397.65"
"3,8 : 481.31"
"3,9 : 21.54"
"3,10 : 830.09"
"3,11 : 670.42"
"3,12 : 752.38"
"3,13 : 860.66"
"3,14 : 201.55"
"3,15 : 893.32"
"3,16 : 667.51"
"3,17 : 849.19"
"3,18 : 366.53"
"3,19 : 436.84"
"3,20 : 725.75"
"3,21 : 669.35"
"3,22 : 658.62"
"3,23 : 682.95"
"3,24 : 779.53"
"3,25 : 589.26"
"3,26 : 979.44"
"3,27 : 863.95"
"3,28 : 804.69"
"3,29 : 110.48"
"3,30 : 215.93"
"3,31 : 403.7"
"3,32 : 828.4"
"3,33 : 892.76"
"3,34 : 452.62"
"3,35 : 392.48"
"3,36 : 500.76"
"3,37 : 131.58"
"3,38 : 871.53"
"3,39 : 783.08"
"3,40 : 843.61"
"3,41 : 177.72"
"3,42 : 357.65"
"3,43 : 862.95"
"3,44 : 770.37"
"3,45 : 921.87"
"3,46 : 645.7"
"3,47 : 690.0"
"3,48 : 928.24"
"3,49 : 290.59"
"3,50 : 549.61"
"3,51 : 398.58"
"3,52 : 251.15"
"3,53 : 923.39"
"3,54 : 111.31"
"3,55 : 762.87"
"3,56 : 733.01"
"3,57 : 620.85"
"3,58 : 76.22"
"3,59 : 572.47"
"3,60 : 146.84"
"3,61 : 284.48"
"3,62 : 422.0"
"3,63 : 176.82"
"3,64 : 257.99"
"3,65 : 584.38"
"3,66 : 684.76"
"3,67 : 787.69"
"3,68 : 471.63"
"3,69 : 722.43"
"3,70 : 685.38"
"3,71 : 572.7"
"3,72 : 140.06"
"3,73 : 868.3"
"3,74 : 698.25"
"3,75 : 849.19"
"3,76 : 625.87"
"3,77 : 252.07"
"3,78 : 770.76"
"3,79 : 507.8"
"3,80 : 580.77"
"3,81 : 779.05"
"3,82 : 785.34"
"3,83 : 165.56"
"3,84 : 82.22"
"3,85 : 100.34"
"3,86 : 422.75"
"3,87 : 398.02"
"3,88 : 465.03"
"3,89 : 518.79"
"3,90 : 206.65"
"3,91 : 545.79"
"3,92 : 5.66"
"3,93 : 370.35"
"3,94 : 9.43"
"3,95 : 479.22"
"3,96 : 774.26"
"3,97 : 93.86"
"3,98 : 598.53"
"3,99 : 395.68"
"4,0 : 550.91"
"4,1 : 741.13"
"4,2 : 949.38"
"4,3 : 762.4"
"4,4 : 0.0"
"4,5 : 568.96"
"4,6 : 897.74"
"4,7 : 419.49"
"4,8 : 787.37"
"4,9 : 742.04"
"4,10 : 658.06"
"4,11 : 710.43"
"4,12 : 528.77"
"4,13 : 305.71"
"4,14 : 954.03"
"4,15 : 369.52"
"4,16 : 488.31"
"4,17 : 529.32"
"4,18 : 706.46"
"4,19 : 616.54"
"4,20 : 41.23"
"4,21 : 473.83"
"4,22 : 182.16"
"4,23 : 156.44"
"4,24 : 954.76"
"4,25 : 198.3"
"4,26 : 339.17"
"4,27 : 557.61"
"4,28 : 75.95"
"4,29 : 670.36"
"4,30 : 946.94"
"4,31 : 1116.45"
"4,32 : 146.73"
"4,33 : 467.92"
"4,34 : 1012.08"
"4,35 : 1000.28"
"4,36 : 934.66"
"4,37 : 725.61"
"4,38 : 816.62"
"4,39 : 310.26"
"4,40 : 503.84"
"4,41 : 650.96"
"4,42 : 710.56"
"4,43 : 954.38"
"4,44 : 662.33"
"4,45 : 941.02"
"4,46 : 146.99"
"4,47 : 174.24"
"4,48 : 354.56"
"4,49 : 926.1"
"4,50 : 232.82"
"4,51 : 374.25"
"4,52 : 541.3"
"4,53 : 950.28"
"4,54 : 735.64"
"4,55 : 791.53"
"4,56 : 53.24"
"4,57 : 894.85"
"4,58 : 697.63"
"4,59 : 537.06"
"4,60 : 898.2"
"4,61 : 602.69"
"4,62 : 560.04"
"4,63 : 676.47"
"4,64 : 883.31"
"4,65 : 195.94"
"4,66 : 269.85"
"4,67 : 705.87"
"4,68 : 990.88"
"4,69 : 68.07"
"4,70 : 673.21"
"4,71 : 431.12"
"4,72 : 665.37"
"4,73 : 500.79"
"4,74 : 510.31"
"4,75 : 425.72"
"4,76 : 321.93"
"4,77 : 633.85"
"4,78 : 116.28"
"4,79 : 909.08"
"4,80 : 207.65"
"4,81 : 948.54"
"4,82 : 817.16"
"4,83 : 787.08"
"4,84 : 706.91"
"4,85 : 787.23"
"4,86 : 810.32"
"4,87 : 680.78"
"4,88 : 297.47"
"4,89 : 290.85"
"4,90 : 619.18"
"4,91 : 237.29"
"4,92 : 761.99"
"4,93 : 756.55"
"4,94 : 771.41"
"4,95 : 314.84"
"4,96 : 194.47"
"4,97 : 679.61"
"4,98 : 641.84"
"4,99 : 859.64"
"5,0 : 593.21"
"5,1 : 806.95"
"5,2 : 584.73"
"5,3 : 421.97"
"5,4 : 568.96"
"5,5 : 0.0"
"5,6 : 670.61"
"5,7 : 465.15"
"5,8 : 791.11"
"5,9 : 403.19"
"5,10 : 969.56"
"5,11 : 887.4"
"5,12 : 851.28"
"5,13 : 804.01"
"5,14 : 608.33"
"5,15 : 858.84"
"5,16 : 768.41"
"5,17 : 916.47"
"5,18 : 664.2"
"5,19 : 51.35"
"5,20 : 549.27"
"5,21 : 761.73"
"5,22 : 574.35"
"5,23 : 583.05"
"5,24 : 1073.6"
"5,25 : 373.45"
"5,26 : 885.78"
"5,27 : 940.59"
"5,28 : 638.39"
"5,29 : 317.37"
"5,30 : 634.71"
"5,31 : 821.1"
"5,32 : 694.26"
"5,33 : 911.77"
"5,34 : 857.93"
"5,35 : 806.24"
"5,36 : 868.89"
"5,37 : 494.62"
"5,38 : 1073.15"
"5,39 : 755.44"
"5,40 : 899.59"
"5,41 : 244.38"
"5,42 : 659.86"
"5,43 : 1129.52"
"5,44 : 932.01"
"5,45 : 1162.4"
"5,46 : 529.19"
"5,47 : 602.02"
"5,48 : 870.15"
"5,49 : 705.06"
"5,50 : 346.07"
"5,51 : 269.82"
"5,52 : 217.75"
"5,53 : 1167.47"
"5,54 : 324.1"
"5,55 : 989.6"
"5,56 : 519.88"
"5,57 : 938.61"
"5,58 : 412.46"
"5,59 : 152.27"
"5,60 : 560.07"
"5,61 : 137.61"
"5,62 : 9.06"
"5,63 : 491.09"
"5,64 : 667.18"
"5,65 : 379.15"
"5,66 : 656.06"
"5,67 : 965.13"
"5,68 : 866.64"
"5,69 : 505.03"
"5,70 : 879.2"
"5,71 : 189.01"
"5,72 : 282.77"
"5,73 : 913.83"
"5,74 : 803.08"
"5,75 : 861.96"
"5,76 : 635.93"
"5,77 : 521.37"
"5,78 : 639.54"
"5,79 : 864.02"
"5,80 : 364.59"
"5,81 : 1070.65"
"5,82 : 1016.61"
"5,83 : 558.81"
"5,84 : 433.58"
"5,85 : 370.85"
"5,86 : 759.76"
"5,87 : 673.14"
"5,88 : 353.48"
"5,89 : 281.95"
"5,90 : 462.07"
"5,91 : 341.84"
"5,92 : 417.54"
"5,93 : 694.76"
"5,94 : 426.08"
"5,95 : 456.42"
"5,96 : 685.42"
"5,97 : 336.03"
"5,98 : 801.24"
"5,99 : 762.12"
"6,0 : 396.34"
"6,1 : 405.09"
"6,2 : 216.93"
"6,3 : 257.19"
"6,4 : 897.74"
"6,5 : 670.61"
"6,6 : 0.0"
"6,7 : 481.63"
"6,8 : 325.04"
"6,9 : 272.24"
"6,10 : 759.27"
"6,11 : 562.94"
"6,12 : 720.43"
"6,13 : 912.17"
"6,14 : 186.04"
"6,15 : 928.21"
"6,16 : 648.55"
"6,17 : 825.5"
"6,18 : 266.54"
"6,19 : 690.36"
"6,20 : 857.36"
"6,21 : 655.93"
"6,22 : 754.14"
"6,23 : 782.54"
"6,24 : 595.83"
"6,25 : 757.97"
"6,26 : 1040.42"
"6,27 : 832.32"
"6,28 : 921.95"
"6,29 : 353.45"
"6,30 : 132.1"
"6,31 : 225.4"
"6,32 : 926.43"
"6,33 : 895.07"
"6,34 : 196.64"
"6,35 : 135.98"
"6,36 : 275.68"
"6,37 : 188.45"
"6,38 : 751.17"
"6,39 : 827.36"
"6,40 : 828.0"
"6,41 : 428.26"
"6,42 : 256.73"
"6,43 : 694.39"
"6,44 : 691.05"
"6,45 : 768.56"
"6,46 : 760.03"
"6,47 : 782.17"
"6,48 : 973.43"
"6,49 : 34.53"
"6,50 : 720.37"
"6,51 : 580.17"
"6,52 : 473.45"
"6,53 : 767.35"
"6,54 : 368.09"
"6,55 : 634.75"
"6,56 : 880.95"
"6,57 : 432.05"
"6,58 : 259.94"
"6,59 : 817.26"
"6,60 : 177.16"
"6,61 : 533.69"
"6,62 : 669.48"
"6,63 : 224.61"
"6,64 : 18.79"
"6,65 : 749.6"
"6,66 : 744.96"
"6,67 : 694.38"
"6,68 : 222.07"
"6,69 : 873.55"
"6,70 : 594.09"
"6,71 : 802.32"
"6,72 : 389.37"
"6,73 : 856.51"
"6,74 : 670.94"
"6,75 : 860.4"
"6,76 : 674.5"
"6,77 : 266.38"
"6,78 : 874.04"
"6,79 : 294.73"
"6,80 : 751.03"
"6,81 : 597.37"
"6,82 : 651.11"
"6,83 : 119.42"
"6,84 : 239.76"
"6,85 : 344.57"
"6,86 : 250.29"
"6,87 : 309.03"
"6,88 : 617.97"
"6,89 : 707.74"
"6,90 : 280.85"
"6,91 : 717.43"
"6,92 : 262.53"
"6,93 : 234.34"
"6,94 : 256.3"
"6,95 : 584.71"
"6,96 : 854.52"
"6,97 : 334.77"
"6,98 : 516.29"
"6,99 : 190.78"
"7,0 : 157.49"
"7,1 : 381.28"
"7,2 : 567.11"
"7,3 : 397.65"
"7,4 : 419.49"
"7,5 : 465.15"
"7,6 : 481.63"
"7,7 : 0.0"
"7,8 : 399.71"
"7,9 : 381.52"
"7,10 : 508.34"
"7,11 : 428.59"
"7,12 : 398.74"
"7,13 : 463.15"
"7,14 : 563.88"
"7,15 : 496.34"
"7,16 : 312.27"
"7,17 : 480.23"
"7,18 : 297.02"
"7,19 : 512.65"
"7,20 : 378.51"
"7,21 : 308.42"
"7,22 : 274.55"
"7,23 : 302.2"
"7,24 : 639.19"
"7,25 : 315.18"
"7,26 : 583.7"
"7,27 : 500.3"
"7,28 : 440.32"
"7,29 : 342.54"
"7,30 : 546.25"
"7,31 : 704.19"
"7,32 : 447.77"
"7,33 : 505.72"
"7,34 : 594.61"
"7,35 : 580.79"
"7,36 : 531.09"
"7,37 : 323.15"
"7,38 : 608.51"
"7,39 : 385.67"
"7,40 : 469.09"
"7,41 : 368.09"
"7,42 : 299.28"
"7,43 : 678.92"
"7,44 : 467.34"
"7,45 : 702.73"
"7,46 : 278.63"
"7,47 : 304.04"
"7,48 : 530.59"
"7,49 : 508.55"
"7,50 : 286.15"
"7,51 : 211.57"
"7,52 : 283.39"
"7,53 : 708.59"
"7,54 : 419.76"
"7,55 : 530.14"
"7,56 : 409.25"
"7,57 : 532.44"
"7,58 : 322.49"
"7,59 : 550.86"
"7,60 : 510.61"
"7,61 : 393.4"
"7,62 : 457.9"
"7,63 : 267.92"
"7,64 : 466.32"
"7,65 : 303.39"
"7,66 : 287.28"
"7,67 : 499.99"
"7,68 : 576.72"
"7,69 : 404.21"
"7,70 : 415.82"
"7,71 : 479.4"
"7,72 : 358.83"
"7,73 : 489.98"
"7,74 : 346.88"
"7,75 : 459.36"
"7,76 : 229.4"
"7,77 : 215.59"
"7,78 : 393.63"
"7,79 : 510.49"
"7,80 : 311.27"
"7,81 : 634.91"
"7,82 : 557.6"
"7,83 : 377.05"
"7,84 : 323.95"
"7,85 : 459.29"
"7,86 : 405.1"
"7,87 : 280.19"
"7,88 : 180.28"
"7,89 : 307.14"
"7,90 : 212.15"
"7,91 : 285.05"
"7,92 : 399.37"
"7,93 : 345.47"
"7,94 : 407.06"
"7,95 : 104.68"
"7,96 : 382.95"
"7,97 : 342.17"
"7,98 : 342.25"
"7,99 : 446.04"
"8,0 : 244.11"
"8,1 : 86.95"
"8,2 : 531.66"
"8,3 : 481.31"
"8,4 : 787.37"
"8,5 : 791.11"
"8,6 : 325.04"
"8,7 : 399.71"
"8,8 : 0.0"
"8,9 : 483.12"
"8,10 : 451.16"
"8,11 : 244.77"
"8,12 : 443.4"
"8,13 : 698.14"
"8,14 : 505.29"
"8,15 : 695.48"
"8,16 : 392.76"
"8,17 : 546.8"
"8,18 : 127.4"
"8,19 : 827.92"
"8,20 : 746.74"
"8,21 : 404.68"
"8,22 : 611.51"
"8,23 : 640.54"
"8,24 : 298.8"
"8,25 : 714.15"
"8,26 : 826.5"
"8,27 : 546.88"
"8,28 : 784.87"
"8,29 : 522.6"
"8,30 : 455.09"
"8,31 : 511.08"
"8,32 : 764.62"
"8,33 : 633.77"
"8,34 : 285.51"
"8,35 : 320.91"
"8,36 : 157.89"
"8,37 : 350.66"
"8,38 : 426.31"
"8,39 : 614.08"
"8,40 : 555.87"
"8,41 : 591.68"
"8,42 : 132.97"
"8,43 : 383.27"
"8,44 : 381.25"
"8,45 : 449.3"
"8,46 : 640.51"
"8,47 : 630.94"
"8,48 : 747.73"
"8,49 : 323.61"
"8,50 : 685.86"
"8,51 : 591.31"
"8,52 : 573.79"
"8,53 : 449.31"
"8,54 : 577.62"
"8,55 : 309.76"
"8,56 : 790.04"
"8,57 : 147.92"
"8,58 : 430.27"
"8,59 : 911.21"
"8,60 : 480.42"
"8,61 : 674.1"
"8,62 : 786.42"
"8,63 : 320.63"
"8,64 : 307.53"
"8,65 : 701.99"
"8,66 : 560.82"
"8,67 : 377.33"
"8,68 : 243.51"
"8,69 : 788.03"
"8,70 : 282.94"
"8,71 : 858.79"
"8,72 : 558.96"
"8,73 : 585.59"
"8,74 : 403.73"
"8,75 : 610.0"
"8,76 : 489.15"
"8,77 : 271.09"
"8,78 : 724.49"
"8,79 : 125.94"
"8,80 : 710.62"
"8,81 : 298.01"
"8,82 : 326.22"
"8,83 : 327.48"
"8,84 : 411.77"
"8,85 : 581.39"
"8,86 : 75.31"
"8,87 : 122.77"
"8,88 : 579.43"
"8,89 : 703.16"
"8,90 : 332.39"
"8,91 : 684.75"
"8,92 : 486.64"
"8,93 : 110.98"
"8,94 : 486.47"
"8,95 : 492.44"
"8,96 : 679.12"
"8,97 : 507.89"
"8,98 : 220.73"
"8,99 : 144.67"
"9,0 : 395.32"
"9,1 : 533.97"
"9,2 : 210.87"
"9,3 : 21.54"
"9,4 : 742.04"
"9,5 : 403.19"
"9,6 : 272.24"
"9,7 : 381.52"
"9,8 : 483.12"
"9,9 : 0.0"
"9,10 : 822.04"
"9,11 : 666.21"
"9,12 : 741.73"
"9,13 : 844.12"
"9,14 : 223.08"
"9,15 : 877.68"
"9,16 : 656.36"
"9,17 : 837.54"
"9,18 : 365.66"
"9,19 : 419.41"
"9,20 : 705.58"
"9,21 : 657.78"
"9,22 : 640.23"
"9,23 : 664.28"
"9,24 : 781.81"
"9,25 : 568.1"
"9,26 : 962.12"
"9,27 : 852.81"
"9,28 : 784.97"
"9,29 : 89.56"
"9,30 : 236.66"
"9,31 : 424.39"
"9,32 : 809.49"
"9,33 : 879.19"
"9,34 : 466.47"
"9,35 : 408.02"
"9,36 : 509.19"
"9,37 : 132.48"
"9,38 : 867.43"
"9,39 : 767.18"
"9,40 : 831.41"
"9,41 : 158.82"
"9,42 : 357.1"
"9,43 : 863.36"
"9,44 : 763.27"
"9,45 : 920.6"
"9,46 : 626.43"
"9,47 : 671.69"
"9,48 : 911.9"
"9,49 : 306.07"
"9,50 : 528.44"
"9,51 : 377.36"
"9,52 : 229.69"
"9,53 : 922.37"
"9,54 : 99.9"
"9,55 : 759.92"
"9,56 : 712.26"
"9,57 : 624.46"
"9,58 : 64.2"
"9,59 : 553.17"
"9,60 : 168.29"
"9,61 : 265.59"
"9,62 : 402.99"
"9,63 : 172.03"
"9,64 : 271.91"
"9,65 : 563.31"
"9,66 : 668.25"
"9,67 : 781.64"
"9,68 : 483.74"
"9,69 : 701.6"
"9,70 : 679.72"
"9,71 : 551.95"
"9,72 : 120.6"
"9,73 : 855.75"
"9,74 : 687.53"
"9,75 : 835.16"
"9,76 : 610.33"
"9,77 : 245.38"
"9,78 : 751.71"
"9,79 : 514.81"
"9,80 : 559.58"
"9,81 : 781.12"
"9,82 : 782.82"
"9,83 : 174.52"
"9,84 : 75.31"
"9,85 : 99.62"
"9,86 : 426.86"
"9,87 : 395.49"
"9,88 : 444.6"
"9,89 : 497.31"
"9,90 : 196.43"
"9,91 : 524.6"
"9,92 : 20.0"
"9,93 : 372.39"
"9,94 : 29.68"
"9,95 : 461.06"
"9,96 : 756.35"
"9,97 : 72.57"
"9,98 : 592.76"
"9,99 : 403.17"
"10,0 : 427.67"
"10,1 : 364.25"
"10,2 : 941.59"
"10,3 : 830.09"
"10,4 : 658.06"
"10,5 : 969.56"
"10,6 : 759.27"
"10,7 : 508.34"
"10,8 : 451.16"
"10,9 : 822.04"
"10,10 : 0.0"
"10,11 : 209.61"
"10,12 : 131.89"
"10,13 : 410.1"
"10,14 : 922.17"
"10,15 : 369.66"
"10,16 : 202.89"
"10,17 : 158.01"
"10,18 : 496.73"
"10,19 : 1018.49"
"10,20 : 629.34"
"10,21 : 211.94"
"10,22 : 493.36"
"10,23 : 510.33"
"10,24 : 391.39"
"10,25 : 708.11"
"10,26 : 508.0"
"10,27 : 138.6"
"10,28 : 612.46"
"10,29 : 817.77"
"10,30 : 879.79"
"10,31 : 960.77"
"10,32 : 555.36"
"10,33 : 261.77"
"10,34 : 732.48"
"10,35 : 772.08"
"10,36 : 589.23"
"10,37 : 708.22"
"10,38 : 167.36"
"10,39 : 358.62"
"10,40 : 182.22"
"10,41 : 861.94"
"10,42 : 506.91"
"10,43 : 339.42"
"10,44 : 69.97"
"10,45 : 296.91"
"10,46 : 548.13"
"10,47 : 488.76"
"10,48 : 423.12"
"10,49 : 765.28"
"10,50 : 702.55"
"10,51 : 703.18"
"10,52 : 789.63"
"10,53 : 307.46"
"10,54 : 891.87"
"10,55 : 204.44"
"10,56 : 690.62"
"10,57 : 440.4"
"10,58 : 758.11"
"10,59 : 1034.95"
"10,60 : 884.34"
"10,61 : 900.73"
"10,62 : 961.82"
"10,63 : 654.64"
"10,64 : 740.61"
"10,65 : 694.75"
"10,66 : 392.46"
"10,67 : 89.19"
"10,68 : 686.21"
"10,69 : 697.5"
"10,70 : 168.24"
"10,71 : 946.29"
"10,72 : 843.77"
"10,73 : 204.3"
"10,74 : 169.19"
"10,75 : 271.55"
"10,76 : 364.94"
"10,77 : 578.28"
"10,78 : 549.18"
"10,79 : 552.83"
"10,80 : 710.56"
"10,81 : 383.78"
"10,82 : 217.25"
"10,83 : 719.93"
"10,84 : 748.02"
"10,85 : 917.79"
"10,86 : 523.24"
"10,87 : 455.27"
"10,88 : 634.07"
"10,89 : 754.0"
"10,90 : 626.35"
"10,91 : 704.33"
"10,92 : 834.04"
"10,93 : 524.98"
"10,94 : 838.17"
"10,95 : 520.69"
"10,96 : 473.06"
"10,97 : 810.86"
"10,98 : 243.4"
"10,99 : 594.81"
"11,0 : 297.44"
"11,1 : 159.06"
"11,2 : 757.79"
"11,3 : 670.42"
"11,4 : 710.43"
"11,5 : 887.4"
"11,6 : 562.94"
"11,7 : 428.59"
"11,8 : 244.77"
"11,9 : 666.21"
"11,10 : 209.61"
"11,11 : 0.0"
"11,12 : 238.88"
"11,13 : 535.14"
"11,14 : 735.04"
"11,15 : 514.45"
"11,16 : 230.03"
"11,17 : 329.8"
"11,18 : 312.0"
"11,19 : 932.21"
"11,20 : 674.11"
"11,21 : 245.05"
"11,22 : 529.05"
"11,23 : 553.99"
"11,24 : 245.23"
"11,25 : 701.3"
"11,26 : 654.21"
"11,27 : 322.83"
"11,28 : 684.94"
"11,29 : 679.92"
"11,30 : 688.75"
"11,31 : 755.85"
"11,32 : 644.52"
"11,33 : 428.89"
"11,34 : 523.15"
"11,35 : 564.85"
"11,36 : 379.68"
"11,37 : 541.29"
"11,38 : 201.22"
"11,39 : 460.83"
"11,40 : 345.31"
"11,41 : 736.1"
"11,42 : 322.01"
"11,43 : 254.64"
"11,44 : 140.09"
"11,45 : 275.05"
"11,46 : 574.59"
"11,47 : 537.18"
"11,48 : 569.64"
"11,49 : 565.38"
"11,50 : 684.36"
"11,51 : 639.93"
"11,52 : 684.45"
"11,53 : 280.4"
"11,54 : 748.2"
"11,55 : 102.2"
"11,56 : 729.34"
"11,57 : 238.92"
"11,58 : 604.72"
"11,59 : 979.44"
"11,60 : 702.6"
"11,61 : 795.06"
"11,62 : 880.81"
"11,63 : 494.22"
"11,64 : 544.64"
"11,65 : 687.78"
"11,66 : 446.19"
"11,67 : 132.61"
"11,68 : 476.63"
"11,69 : 732.07"
"11,70 : 48.75"
"11,71 : 904.97"
"11,72 : 711.15"
"11,73 : 374.14"
"11,74 : 220.91"
"11,75 : 418.13"
"11,76 : 388.54"
"11,77 : 422.51"
"11,78 : 619.8"
"11,79 : 343.28"
"11,80 : 700.96"
"11,81 : 238.73"
"11,82 : 129.32"
"11,83 : 540.0"
"11,84 : 590.9"
"11,85 : 765.34"
"11,86 : 318.85"
"11,87 : 274.66"
"11,88 : 593.07"
"11,89 : 722.2"
"11,90 : 479.45"
"11,91 : 684.84"
"11,92 : 675.04"
"11,93 : 330.5"
"11,94 : 677.5"
"11,95 : 482.12"
"11,96 : 555.61"
"11,97 : 669.52"
"11,98 : 86.45"
"11,99 : 389.41"
"12,0 : 349.37"
"12,1 : 360.32"
"12,2 : 883.23"
"12,3 : 752.38"
"12,4 : 528.77"
"12,5 : 851.28"
"12,6 : 720.43"
"12,7 : 398.74"
"12,8 : 443.4"
"12,9 : 741.73"
"12,10 : 131.89"
"12,11 : 238.88"
"12,12 : 0.0"
"12,13 : 303.16"
"12,14 : 867.87"
"12,15 : 276.51"
"12,16 : 87.21"
"12,17 : 105.39"
"12,18 : 454.09"
"12,19 : 901.11"
"12,20 : 498.89"
"12,21 : 90.47"
"12,22 : 361.62"
"12,23 : 379.14"
"12,24 : 469.67"
"12,25 : 577.09"
"12,26 : 416.97"
"12,27 : 113.22"
"12,28 : 486.78"
"12,29 : 726.01"
"12,30 : 831.04"
"12,31 : 934.96"
"12,32 : 433.91"
"12,33 : 192.76"
"12,34 : 728.41"
"12,35 : 756.19"
"12,36 : 596.4"
"12,37 : 639.32"
"12,38 : 288.48"
"12,39 : 238.72"
"12,40 : 112.49"
"12,41 : 762.77"
"12,42 : 463.79"
"12,43 : 441.44"
"12,44 : 138.46"
"12,45 : 415.22"
"12,46 : 416.25"
"12,47 : 357.87"
"12,48 : 331.82"
"12,49 : 732.13"
"12,50 : 572.72"
"12,51 : 582.48"
"12,52 : 682.12"
"12,53 : 425.02"
"12,54 : 802.18"
"12,55 : 285.0"
"12,56 : 559.81"
"12,57 : 475.41"
"12,58 : 677.61"
"12,59 : 909.34"
"12,60 : 824.76"
"12,61 : 791.69"
"12,62 : 843.26"
"12,63 : 582.46"
"12,64 : 701.68"
"12,65 : 563.8"
"12,66 : 261.27"
"12,67 : 181.69"
"12,68 : 686.83"
"12,69 : 566.35"
"12,70 : 190.38"
"12,71 : 818.47"
"12,72 : 748.52"
"12,73 : 142.21"
"12,74 : 54.23"
"12,75 : 179.3"
"12,76 : 233.96"
"12,77 : 505.95"
"12,78 : 422.47"
"12,79 : 560.99"
"12,80 : 579.77"
"12,81 : 462.39"
"12,82 : 306.47"
"12,83 : 662.39"
"12,84 : 670.43"
"12,85 : 833.31"
"12,86 : 506.87"
"12,87 : 411.67"
"12,88 : 508.86"
"12,89 : 625.76"
"12,90 : 545.75"
"12,91 : 574.65"
"12,92 : 755.76"
"12,93 : 492.02"
"12,94 : 761.05"
"12,95 : 397.18"
"12,96 : 348.49"
"12,97 : 721.31"
"12,98 : 223.14"
"12,99 : 577.96"
"13,0 : 516.57"
"13,1 : 626.47"
"13,2 : 1027.64"
"13,3 : 860.66"
"13,4 : 305.71"
"13,5 : 804.01"
"13,6 : 912.17"
"13,7 : 463.15"
"13,8 : 698.14"
"13,9 : 844.12"
"13,10 : 410.1"
"13,11 : 535.14"
"13,12 : 303.16"
"13,13 : 0.0"
"13,14 : 1021.66"
"13,15 : 63.81"
"13,16 : 312.44"
"13,17 : 257.12"
"13,18 : 664.65"
"13,19 : 855.06"
"13,20 : 295.3"
"13,21 : 298.54"
"13,22 : 230.56"
"13,23 : 221.33"
"13,24 : 772.33"
"13,25 : 446.78"
"13,26 : 129.62"
"13,27 : 283.13"
"13,28 : 237.89"
"13,29 : 797.08"
"13,30 : 997.99"
"13,31 : 1137.18"
"13,32 : 166.88"
"13,33 : 171.41"
"13,34 : 969.63"
"13,35 : 980.91"
"13,36 : 856.03"
"13,37 : 779.47"
"13,38 : 577.44"
"13,39 : 85.6"
"13,40 : 230.93"
"13,41 : 805.94"
"13,42 : 672.36"
"13,43 : 742.37"
"13,44 : 439.29"
"13,45 : 706.96"
"13,46 : 275.59"
"13,47 : 202.0"
"13,48 : 68.96"
"13,49 : 932.49"
"13,50 : 463.7"
"13,51 : 551.13"
"13,52 : 702.16"
"13,53 : 717.45"
"13,54 : 872.78"
"13,55 : 588.1"
"13,56 : 353.95"
"13,57 : 762.14"
"13,58 : 785.64"
"13,59 : 810.16"
"13,60 : 970.13"
"13,61 : 794.05"
"13,62 : 795.02"
"13,63 : 721.6"
"13,64 : 894.54"
"13,65 : 436.97"
"13,66 : 175.9"
"13,67 : 481.0"
"13,68 : 935.36"
"13,69 : 366.29"
"13,70 : 488.34"
"13,71 : 706.0"
"13,72 : 806.34"
"13,73 : 217.19"
"13,74 : 314.58"
"13,75 : 141.06"
"13,76 : 239.73"
"13,77 : 655.17"
"13,78 : 191.43"
"13,79 : 823.34"
"13,80 : 453.75"
"13,81 : 765.13"
"13,82 : 609.04"
"13,83 : 824.3"
"13,84 : 786.68"
"13,85 : 916.79"
"13,86 : 746.78"
"13,87 : 626.7"
"13,88 : 459.67"
"13,89 : 528.47"
"13,90 : 669.64"
"13,91 : 467.47"
"13,92 : 862.26"
"13,93 : 712.06"
"13,94 : 870.08"
"13,95 : 390.62"
"13,96 : 122.25"
"13,97 : 799.59"
"13,98 : 495.85"
"13,99 : 811.82"
"14,0 : 523.79"
"14,1 : 580.63"
"14,2 : 35.36"
"14,3 : 201.55"
"14,4 : 954.03"
"14,5 : 608.33"
"14,6 : 186.04"
"14,7 : 563.88"
"14,8 : 505.29"
"14,9 : 223.08"
"14,10 : 922.17"
"14,11 : 735.04"
"14,12 : 867.87"
"14,13 : 1021.66"
"14,14 : 0.0"
"14,15 : 1046.8"
"14,16 : 789.16"
"14,17 : 970.82"
"14,18 : 426.02"
"14,19 : 614.78"
"14,20 : 916.03"
"14,21 : 794.2"
"14,22 : 835.81"
"14,23 : 862.01"
"14,24 : 781.83"
"14,25 : 787.52"
"14,26 : 1145.72"
"14,27 : 981.06"
"14,28 : 991.17"
"14,29 : 310.72"
"14,30 : 56.36"
"14,31 : 215.54"
"14,32 : 1008.4"
"14,33 : 1029.49"
"14,34 : 356.53"
"14,35 : 282.42"
"14,36 : 459.64"
"14,37 : 242.2"
"14,38 : 928.7"
"14,39 : 939.83"
"14,40 : 969.83"
"14,41 : 369.96"
"14,42 : 415.82"
"14,43 : 879.73"
"14,44 : 856.05"
"14,45 : 952.45"
"14,46 : 829.63"
"14,47 : 866.31"
"14,48 : 1086.96"
"14,49 : 202.23"
"14,50 : 747.99"
"14,51 : 597.6"
"14,52 : 452.52"
"14,53 : 951.59"
"14,54 : 284.25"
"14,55 : 813.16"
"14,56 : 927.74"
"14,57 : 617.98"
"14,58 : 256.83"
"14,59 : 760.55"
"14,60 : 56.08"
"14,61 : 473.78"
"14,62 : 609.69"
"14,63 : 300.17"
"14,64 : 201.07"
"14,65 : 781.94"
"14,66 : 847.5"
"14,67 : 863.95"
"14,68 : 393.81"
"14,69 : 917.85"
"14,70 : 761.67"
"14,71 : 769.93"
"14,72 : 335.55"
"14,73 : 996.97"
"14,74 : 815.61"
"14,75 : 990.19"
"14,76 : 782.23"
"14,77 : 370.37"
"14,78 : 952.14"
"14,79 : 480.36"
"14,80 : 779.26"
"14,81 : 783.31"
"14,82 : 831.02"
"14,83 : 205.57"
"14,84 : 247.24"
"14,85 : 239.6"
"14,86 : 432.11"
"14,87 : 466.97"
"14,88 : 658.44"
"14,89 : 719.6"
"14,90 : 352.65"
"14,91 : 744.3"
"14,92 : 203.97"
"14,93 : 405.04"
"14,94 : 194.16"
"14,95 : 657.01"
"14,96 : 946.81"
"14,97 : 295.04"
"14,98 : 679.35"
"14,99 : 376.38"
"15,0 : 532.02"
"15,1 : 619.4"
"15,2 : 1054.72"
"15,3 : 893.32"
"15,4 : 369.52"
"15,5 : 858.84"
"15,6 : 928.21"
"15,7 : 496.34"
"15,8 : 695.48"
"15,9 : 877.68"
"15,10 : 369.66"
"15,11 : 514.45"
"15,12 : 276.51"
"15,13 : 63.81"
"15,14 : 1046.8"
"15,15 : 0.0"
"15,16 : 303.27"
"15,17 : 212.36"
"15,18 : 673.59"
"15,19 : 910.06"
"15,20 : 358.68"
"15,21 : 290.87"
"15,22 : 284.57"
"15,23 : 278.82"
"15,24 : 744.78"
"15,25 : 506.69"
"15,26 : 140.73"
"15,27 : 235.95"
"15,28 : 301.27"
"15,29 : 835.51"
"15,30 : 1020.2"
"15,31 : 1152.0"
"15,32 : 229.63"
"15,33 : 115.88"
"15,34 : 973.01"
"15,35 : 989.08"
"15,36 : 852.9"
"15,37 : 805.28"
"15,38 : 536.34"
"15,39 : 111.32"
"15,40 : 187.45"
"15,41 : 848.88"
"15,42 : 681.9"
"15,43 : 707.06"
"15,44 : 406.78"
"15,45 : 665.69"
"15,46 : 333.08"
"15,47 : 258.12"
"15,48 : 55.32"
"15,49 : 946.62"
"15,50 : 521.81"
"15,51 : 601.4"
"15,52 : 747.42"
"15,53 : 676.43"
"15,54 : 912.0"
"15,55 : 557.8"
"15,56 : 417.65"
"15,57 : 747.63"
"15,58 : 817.58"
"15,59 : 870.0"
"15,60 : 996.64"
"15,61 : 842.72"
"15,62 : 849.9"
"15,63 : 746.88"
"15,64 : 910.18"
"15,65 : 496.45"
"15,66 : 214.16"
"15,67 : 446.59"
"15,68 : 936.3"
"15,69 : 429.88"
"15,70 : 466.34"
"15,71 : 766.42"
"15,72 : 847.01"
"15,73 : 168.27"
"15,74 : 298.33"
"15,75 : 99.25"
"15,76 : 267.46"
"15,77 : 677.43"
"15,78 : 255.07"
"15,79 : 819.09"
"15,80 : 513.37"
"15,81 : 737.4"
"15,82 : 576.92"
"15,83 : 846.17"
"15,84 : 817.13"
"15,85 : 954.25"
"15,86 : 749.01"
"15,87 : 633.97"
"15,88 : 510.56"
"15,89 : 586.2"
"15,90 : 697.08"
"15,91 : 525.44"
"15,92 : 895.25"
"15,93 : 719.28"
"15,94 : 902.69"
"15,95 : 433.0"
"15,96 : 183.77"
"15,97 : 836.85"
"15,98 : 484.81"
"15,99 : 816.32"
"16,0 : 266.91"
"16,1 : 316.24"
"16,2 : 803.14"
"16,3 : 667.51"
"16,4 : 488.31"
"16,5 : 768.41"
"16,6 : 648.55"
"16,7 : 312.27"
"16,8 : 392.76"
"16,9 : 656.36"
"16,10 : 202.89"
"16,11 : 230.03"
"16,12 : 87.21"
"16,13 : 312.44"
"16,14 : 789.16"
"16,15 : 303.27"
"16,16 : 0.0"
"16,17 : 182.56"
"16,18 : 384.4"
"16,19 : 817.81"
"16,20 : 454.4"
"16,21 : 15.03"
"16,22 : 310.89"
"16,23 : 332.95"
"16,24 : 474.44"
"16,25 : 511.24"
"16,26 : 437.64"
"16,27 : 196.46"
"16,28 : 457.16"
"16,29 : 639.06"
"16,30 : 754.47"
"16,31 : 867.2"
"16,32 : 414.58"
"16,33 : 247.54"
"16,34 : 673.25"
"16,35 : 694.59"
"16,36 : 549.84"
"16,37 : 557.08"
"16,38 : 337.4"
"16,39 : 233.38"
"16,40 : 180.75"
"16,41 : 675.58"
"16,42 : 393.63"
"16,43 : 466.15"
"16,44 : 181.47"
"16,45 : 456.12"
"16,46 : 361.81"
"16,47 : 314.07"
"16,48 : 356.45"
"16,49 : 662.61"
"16,50 : 502.9"
"16,51 : 500.88"
"16,52 : 595.63"
"16,53 : 464.82"
"16,54 : 715.37"
"16,55 : 303.44"
"16,56 : 512.79"
"16,57 : 449.86"
"16,58 : 592.35"
"16,59 : 832.11"
"16,60 : 744.5"
"16,61 : 705.56"
"16,62 : 760.53"
"16,63 : 499.59"
"16,64 : 629.92"
"16,65 : 497.71"
"16,66 : 219.53"
"16,67 : 223.32"
"16,68 : 634.83"
"16,69 : 517.43"
"16,70 : 187.67"
"16,71 : 744.22"
"16,72 : 661.37"
"16,73 : 208.47"
"16,74 : 34.79"
"16,75 : 218.25"
"16,76 : 172.36"
"16,77 : 423.56"
"16,78 : 391.86"
"16,79 : 515.87"
"16,80 : 512.96"
"16,81 : 467.71"
"16,82 : 328.88"
"16,83 : 583.66"
"16,84 : 585.81"
"16,85 : 747.1"
"16,86 : 449.29"
"16,87 : 342.67"
"16,88 : 431.28"
"16,89 : 552.4"
"16,90 : 460.91"
"16,91 : 504.43"
"16,92 : 670.76"
"16,93 : 426.16"
"16,94 : 676.28"
"16,95 : 317.8"
"16,96 : 325.74"
"16,97 : 634.57"
"16,98 : 183.44"
"16,99 : 518.48"
"17,0 : 449.44"
"17,1 : 462.5"
"17,2 : 985.33"
"17,3 : 849.19"
"17,4 : 529.32"
"17,5 : 916.47"
"17,6 : 825.5"
"17,7 : 480.23"
"17,8 : 546.8"
"17,9 : 837.54"
"17,10 : 158.01"
"17,11 : 329.8"
"17,12 : 105.39"
"17,13 : 257.12"
"17,14 : 970.82"
"17,15 : 212.36"
"17,16 : 182.56"
"17,17 : 0.0"
"17,18 : 559.3"
"17,19 : 967.22"
"17,20 : 505.84"
"17,21 : 179.85"
"17,22 : 383.8"
"17,23 : 394.27"
"17,24 : 542.83"
"17,25 : 612.27"
"17,26 : 350.01"
"17,27 : 28.32"
"17,28 : 475.11"
"17,29 : 816.28"
"17,30 : 934.95"
"17,31 : 1040.36"
"17,32 : 412.13"
"17,33 : 104.56"
"17,34 : 832.19"
"17,35 : 861.19"
"17,36 : 697.97"
"17,37 : 739.64"
"17,38 : 324.04"
"17,39 : 219.61"
"17,40 : 26.4"
"17,41 : 848.03"
"17,42 : 568.95"
"17,43 : 497.1"
"17,44 : 203.67"
"17,45 : 453.34"
"17,46 : 440.2"
"17,47 : 371.4"
"17,48 : 265.27"
"17,49 : 837.45"
"17,50 : 614.45"
"17,51 : 646.74"
"17,52 : 761.23"
"17,53 : 464.09"
"17,54 : 893.15"
"17,55 : 354.36"
"17,56 : 568.08"
"17,57 : 568.71"
"17,58 : 773.71"
"17,59 : 960.69"
"17,60 : 926.74"
"17,61 : 868.38"
"17,62 : 908.09"
"17,63 : 682.13"
"17,64 : 806.75"
"17,65 : 599.64"
"17,66 : 281.82"
"17,67 : 239.65"
"17,68 : 789.85"
"17,69 : 577.03"
"17,70 : 281.33"
"17,71 : 864.58"
"17,72 : 836.54"
"17,73 : 46.87"
"17,74 : 155.35"
"17,75 : 116.21"
"17,76 : 281.51"
"17,77 : 606.12"
"17,78 : 415.2"
"17,79 : 662.21"
"17,80 : 616.4"
"17,81 : 535.3"
"17,82 : 370.86"
"17,83 : 765.25"
"17,84 : 767.72"
"17,85 : 926.8"
"17,86 : 611.51"
"17,87 : 516.91"
"17,88 : 565.8"
"17,89 : 672.63"
"17,90 : 642.77"
"17,91 : 617.01"
"17,92 : 852.32"
"17,93 : 597.41"
"17,94 : 858.04"
"17,95 : 460.34"
"17,96 : 336.66"
"17,97 : 812.85"
"17,98 : 326.07"
"17,99 : 682.79"
"18,0 : 157.54"
"18,1 : 168.59"
"18,2 : 447.03"
"18,3 : 366.53"
"18,4 : 706.46"
"18,5 : 664.2"
"18,6 : 266.54"
"18,7 : 297.02"
"18,8 : 127.4"
"18,9 : 365.66"
"18,10 : 496.73"
"18,11 : 312.0"
"18,12 : 454.09"
"18,13 : 664.65"
"18,14 : 426.02"
"18,15 : 673.59"
"18,16 : 384.4"
"18,17 : 559.3"
"18,18 : 0.0"
"18,19 : 700.62"
"18,20 : 665.26"
"18,21 : 392.78"
"18,22 : 540.14"
"18,23 : 569.54"
"18,24 : 421.99"
"18,25 : 610.95"
"18,26 : 794.22"
"18,27 : 565.8"
"18,28 : 714.37"
"18,29 : 398.0"
"18,30 : 383.11"
"18,31 : 482.8"
"18,32 : 704.65"
"18,33 : 631.84"
"18,34 : 310.6"
"18,35 : 316.27"
"18,36 : 234.36"
"18,37 : 235.05"
"18,38 : 510.65"
"18,39 : 579.04"
"18,40 : 562.51"
"18,41 : 465.56"
"18,42 : 10.2"
"18,43 : 498.29"
"18,44 : 430.1"
"18,45 : 555.34"
"18,46 : 560.29"
"18,47 : 563.81"
"18,48 : 721.84"
"18,49 : 278.46"
"18,50 : 579.71"
"18,51 : 473.48"
"18,52 : 446.69"
"18,53 : 556.89"
"18,54 : 456.62"
"18,55 : 398.69"
"18,56 : 702.32"
"18,57 : 275.33"
"18,58 : 309.03"
"18,59 : 786.5"
"18,60 : 391.08"
"18,61 : 546.73"
"18,62 : 659.64"
"18,63 : 197.37"
"18,64 : 247.76"
"18,65 : 599.56"
"18,66 : 508.3"
"18,67 : 438.53"
"18,68 : 284.89"
"18,69 : 698.48"
"18,70 : 335.89"
"18,71 : 737.85"
"18,72 : 433.72"
"18,73 : 591.31"
"18,74 : 405.27"
"18,75 : 599.62"
"18,76 : 435.49"
"18,77 : 143.68"
"18,78 : 658.37"
"18,79 : 216.12"
"18,80 : 606.46"
"18,81 : 420.48"
"18,82 : 420.08"
"18,83 : 228.0"
"18,84 : 291.91"
"18,85 : 465.12"
"18,86 : 108.66"
"18,87 : 42.49"
"18,88 : 471.76"
"18,89 : 590.53"
"18,90 : 205.06"
"18,91 : 578.12"
"18,92 : 371.57"
"18,93 : 50.29"
"18,94 : 372.69"
"18,95 : 397.72"
"18,96 : 624.36"
"18,97 : 384.04"
"18,98 : 253.49"
"18,99 : 154.0"
"19,0 : 636.66"
"19,1 : 847.28"
"19,2 : 589.03"
"19,3 : 436.84"
"19,4 : 616.54"
"19,5 : 51.35"
"19,6 : 690.36"
"19,7 : 512.65"
"19,8 : 827.92"
"19,9 : 419.41"
"19,10 : 1018.49"
"19,11 : 932.21"
"19,12 : 901.11"
"19,13 : 855.06"
"19,14 : 614.78"
"19,15 : 910.06"
"19,16 : 817.81"
"19,17 : 967.22"
"19,18 : 700.62"
"19,19 : 0.0"
"19,20 : 597.97"
"19,21 : 811.36"
"19,22 : 625.54"
"19,23 : 634.0"
"19,24 : 1113.74"
"19,25 : 422.36"
"19,26 : 935.83"
"19,27 : 991.2"
"19,28 : 686.84"
"19,29 : 337.66"
"19,30 : 645.11"
"19,31 : 829.47"
"19,32 : 743.74"
"19,33 : 963.07"
"19,34 : 880.96"
"19,35 : 826.33"
"19,36 : 899.34"
"19,37 : 520.18"
"19,38 : 1119.72"
"19,39 : 806.78"
"19,40 : 950.5"
"19,41 : 262.16"
"19,42 : 695.79"
"19,43 : 1172.18"
"19,44 : 979.92"
"19,45 : 1207.01"
"19,46 : 580.06"
"19,47 : 653.09"
"19,48 : 921.05"
"19,49 : 724.57"
"19,50 : 396.03"
"19,51 : 320.48"
"19,52 : 254.66"
"19,53 : 1211.87"
"19,54 : 332.79"
"19,55 : 1034.38"
"19,56 : 566.76"
"19,57 : 975.75"
"19,58 : 435.81"
"19,59 : 157.85"
"19,60 : 569.17"
"19,61 : 159.21"
"19,62 : 60.21"
"19,63 : 521.63"
"19,64 : 688.22"
"19,65 : 428.51"
"19,66 : 707.41"
"19,67 : 1012.47"
"19,68 : 892.25"
"19,69 : 551.81"
"19,70 : 925.28"
"19,71 : 219.75"
"19,72 : 301.05"
"19,73 : 964.91"
"19,74 : 852.53"
"19,75 : 913.27"
"19,76 : 686.89"
"19,77 : 557.11"
"19,78 : 689.43"
"19,79 : 896.14"
"19,80 : 413.63"
"19,81 : 1111.01"
"19,82 : 1061.23"
"19,83 : 582.0"
"19,84 : 457.22"
"19,85 : 375.26"
"19,86 : 793.39"
"19,87 : 711.67"
"19,88 : 404.75"
"19,89 : 331.54"
"19,90 : 496.68"
"19,91 : 391.85"
"19,92 : 432.03"
"19,93 : 729.01"
"19,94 : 439.94"
"19,95 : 507.0"
"19,96 : 736.22"
"19,97 : 356.28"
"19,98 : 846.29"
"19,99 : 792.02"
"20,0 : 509.8"
"20,1 : 701.41"
"20,2 : 912.01"
"20,3 : 725.75"
"20,4 : 41.23"
"20,5 : 549.27"
"20,6 : 857.36"
"20,7 : 378.51"
"20,8 : 746.74"
"20,9 : 705.58"
"20,10 : 629.34"
"20,11 : 674.11"
"20,12 : 498.89"
"20,13 : 295.3"
"20,14 : 916.03"
"20,15 : 358.68"
"20,16 : 454.4"
"20,17 : 505.84"
"20,18 : 665.26"
"20,19 : 597.97"
"20,20 : 0.0"
"20,21 : 440.15"
"20,22 : 145.07"
"20,23 : 121.46"
"20,24 : 917.88"
"20,25 : 175.85"
"20,26 : 344.52"
"20,27 : 534.16"
"20,28 : 89.49"
"20,29 : 635.55"
"20,30 : 908.05"
"20,31 : 1076.57"
"20,32 : 149.16"
"20,33 : 450.83"
"20,34 : 970.87"
"20,35 : 959.28"
"20,36 : 893.64"
"20,37 : 686.25"
"20,38 : 785.65"
"20,39 : 289.0"
"20,40 : 480.88"
"20,41 : 618.91"
"20,42 : 669.34"
"20,43 : 919.89"
"20,44 : 630.58"
"20,45 : 908.88"
"20,46 : 106.23"
"20,47 : 141.35"
"20,48 : 349.82"
"20,49 : 885.54"
"20,50 : 206.7"
"20,51 : 341.88"
"20,52 : 509.06"
"20,53 : 917.97"
"20,54 : 702.19"
"20,55 : 756.96"
"20,56 : 62.24"
"20,57 : 855.4"
"20,58 : 659.99"
"20,59 : 527.97"
"20,60 : 860.31"
"20,61 : 575.12"
"20,62 : 540.27"
"20,63 : 636.58"
"20,64 : 842.81"
"20,65 : 171.09"
"20,66 : 238.07"
"20,67 : 673.96"
"20,68 : 949.66"
"20,69 : 72.2"
"20,70 : 637.86"
"20,71 : 422.07"
"20,72 : 631.9"
"20,73 : 479.95"
"20,74 : 477.74"
"20,75 : 406.54"
"20,76 : 285.72"
"20,77 : 593.11"
"20,78 : 104.4"
"20,79 : 868.21"
"20,80 : 184.82"
"20,81 : 911.75"
"20,82 : 782.89"
"20,83 : 747.21"
"20,84 : 668.81"
"20,85 : 753.29"
"20,86 : 769.22"
"20,87 : 639.71"
"20,88 : 261.66"
"20,89 : 268.13"
"20,90 : 579.28"
"20,91 : 211.15"
"20,92 : 725.48"
"20,93 : 715.34"
"20,94 : 734.83"
"20,95 : 273.91"
"20,96 : 177.25"
"20,97 : 644.26"
"20,98 : 604.1"
"20,99 : 818.42"
"21,0 : 270.96"
"21,1 : 329.15"
"21,2 : 807.6"
"21,3 : 669.35"
"21,4 : 473.83"
"21,5 : 761.73"
"21,6 : 655.93"
"21,7 : 308.42"
"21,8 : 404.68"
"21,9 : 657.78"
"21,10 : 211.94"
"21,11 : 245.05"
"21,12 : 90.47"
"21,13 : 298.54"
"21,14 : 794.2"
"21,15 : 290.87"
"21,16 : 15.03"
"21,17 : 179.85"
"21,18 : 392.78"
"21,19 : 811.36"
"21,20 : 440.15"
"21,21 : 0.0"
"21,22 : 296.95"
"21,23 : 318.69"
"21,24 : 489.48"
"21,25 : 499.51"
"21,26 : 424.32"
"21,27 : 195.66"
"21,28 : 442.25"
"21,29 : 638.45"
"21,30 : 760.32"
"21,31 : 875.49"
"21,32 : 399.55"
"21,33 : 239.24"
"21,34 : 684.11"
"21,35 : 704.3"
"21,36 : 562.03"
"21,37 : 560.67"
"21,38 : 350.14"
"21,39 : 218.89"
"21,40 : 175.91"
"21,41 : 673.44"
"21,42 : 401.87"
"21,43 : 480.76"
"21,44 : 194.02"
"21,45 : 469.77"
"21,46 : 348.32"
"21,47 : 299.63"
"21,48 : 343.66"
"21,49 : 670.61"
"21,50 : 491.93"
"21,51 : 493.51"
"21,52 : 591.75"
"21,53 : 478.57"
"21,54 : 715.01"
"21,55 : 318.13"
"21,56 : 498.77"
"21,57 : 464.05"
"21,58 : 593.9"
"21,59 : 823.2"
"21,60 : 748.92"
"21,61 : 701.23"
"21,62 : 753.78"
"21,63 : 502.89"
"21,64 : 637.36"
"21,65 : 486.01"
"21,66 : 204.8"
"21,67 : 236.32"
"21,68 : 646.21"
"21,69 : 503.57"
"21,70 : 202.67"
"21,71 : 734.42"
"21,72 : 660.04"
"21,73 : 202.77"
"21,74 : 42.8"
"21,75 : 207.91"
"21,76 : 159.2"
"21,77 : 427.24"
"21,78 : 376.94"
"21,79 : 528.27"
"21,80 : 501.4"
"21,81 : 482.74"
"21,82 : 343.44"
"21,83 : 588.85"
"21,84 : 587.88"
"21,85 : 747.62"
"21,86 : 460.04"
"21,87 : 351.34"
"21,88 : 422.3"
"21,89 : 542.28"
"21,90 : 462.93"
"21,91 : 493.55"
"21,92 : 672.49"
"21,93 : 435.35"
"21,94 : 678.19"
"21,95 : 309.36"
"21,96 : 310.71"
"21,97 : 634.39"
"21,98 : 197.34"
"21,99 : 528.79"
"22,0 : 382.64"
"22,1 : 561.17"
"22,2 : 836.74"
"22,3 : 658.62"
"22,4 : 182.16"
"22,5 : 574.35"
"22,6 : 754.14"
"22,7 : 274.55"
"22,8 : 611.51"
"22,9 : 640.23"
"22,10 : 493.36"
"22,11 : 529.05"
"22,12 : 361.62"
"22,13 : 230.56"
"22,14 : 835.81"
"22,15 : 284.57"
"22,16 : 310.89"
"22,17 : 383.8"
"22,18 : 540.14"
"22,19 : 625.54"
"22,20 : 145.07"
"22,21 : 296.95"
"22,22 : 0.0"
"22,23 : 29.41"
"22,24 : 772.93"
"22,25 : 231.26"
"22,26 : 329.05"
"22,27 : 411.62"
"22,28 : 174.45"
"22,29 : 583.21"
"22,30 : 820.32"
"22,31 : 977.92"
"22,32 : 173.23"
"22,33 : 349.5"
"22,34 : 849.85"
"22,35 : 845.28"
"22,36 : 762.41"
"22,37 : 596.87"
"22,38 : 645.18"
"22,39 : 185.44"
"22,40 : 360.88"
"22,41 : 583.85"
"22,42 : 545.34"
"22,43 : 775.4"
"22,44 : 489.33"
"22,45 : 766.63"
"22,46 : 56.4"
"22,47 : 31.76"
"22,48 : 298.18"
"22,49 : 779.66"
"22,50 : 240.24"
"22,51 : 321.46"
"22,52 : 477.26"
"22,53 : 775.49"
"22,54 : 656.61"
"22,55 : 612.49"
"22,56 : 201.96"
"22,57 : 714.08"
"22,58 : 586.67"
"22,59 : 590.6"
"22,60 : 781.55"
"22,61 : 565.04"
"22,62 : 565.39"
"22,63 : 542.37"
"22,64 : 738.2"
"22,65 : 219.42"
"22,66 : 102.65"
"22,67 : 532.37"
"22,68 : 824.76"
"22,69 : 206.65"
"22,70 : 493.0"
"22,71 : 489.47"
"22,72 : 588.1"
"22,73 : 366.03"
"22,74 : 335.89"
"22,75 : 300.7"
"22,76 : 140.73"
"22,77 : 487.86"
"22,78 : 120.07"
"22,79 : 735.13"
"22,80 : 236.48"
"22,81 : 766.77"
"22,82 : 638.61"
"22,83 : 651.58"
"22,84 : 591.45"
"22,85 : 703.65"
"22,86 : 640.1"
"22,87 : 510.72"
"22,88 : 229.87"
"22,89 : 303.49"
"22,90 : 486.16"
"22,91 : 243.56"
"22,92 : 659.4"
"22,93 : 590.41"
"22,94 : 668.01"
"22,95 : 179.64"
"22,96 : 119.4"
"22,97 : 588.1"
"22,98 : 459.67"
"22,99 : 694.14"
"23,0 : 412.04"
"23,1 : 589.45"
"23,2 : 862.36"
"23,3 : 682.95"
"23,4 : 156.44"
"23,5 : 583.05"
"23,6 : 782.54"
"23,7 : 302.2"
"23,8 : 640.54"
"23,9 : 664.28"
"23,10 : 510.33"
"23,11 : 553.99"
"23,12 : 379.14"
"23,13 : 221.33"
"23,14 : 862.01"
"23,15 : 278.82"
"23,16 : 332.95"
"23,17 : 394.27"
"23,18 : 569.54"
"23,19 : 634.0"
"23,20 : 121.46"
"23,21 : 318.69"
"23,22 : 29.41"
"23,23 : 0.0"
"23,24 : 798.4"
"23,25 : 229.27"
"23,26 : 311.22"
"23,27 : 422.38"
"23,28 : 145.07"
"23,29 : 605.27"
"23,30 : 847.33"
"23,31 : 1006.05"
"23,32 : 146.39"
"23,33 : 352.43"
"23,34 : 879.22"
"23,35 : 874.41"
"23,36 : 791.69"
"23,37 : 623.8"
"23,38 : 664.85"
"23,39 : 186.98"
"23,40 : 370.45"
"23,41 : 603.24"
"23,42 : 574.73"
"23,43 : 798.6"
"23,44 : 509.48"
"23,45 : 787.58"
"23,46 : 54.33"
"23,47 : 23.02"
"23,48 : 287.11"
"23,49 : 808.27"
"23,50 : 242.99"
"23,51 : 336.44"
"23,52 : 495.63"
"23,53 : 796.62"
"23,54 : 677.87"
"23,55 : 635.69"
"23,56 : 180.97"
"23,57 : 742.0"
"23,58 : 611.66"
"23,59 : 591.79"
"23,60 : 807.53"
"23,61 : 580.16"
"23,62 : 574.04"
"23,63 : 569.72"
"23,64 : 766.7"
"23,65 : 218.4"
"23,66 : 117.89"
"23,67 : 552.78"
"23,68 : 854.17"
"23,69 : 187.22"
"23,70 : 516.94"
"23,71 : 489.07"
"23,72 : 608.88"
"23,73 : 373.34"
"23,74 : 356.44"
"23,75 : 304.71"
"23,76 : 165.53"
"23,77 : 516.19"
"23,78 : 91.53"
"23,79 : 764.31"
"23,80 : 235.44"
"23,81 : 792.16"
"23,82 : 661.53"
"23,83 : 679.22"
"23,84 : 616.96"
"23,85 : 725.62"
"23,86 : 669.47"
"23,87 : 540.11"
"23,88 : 245.2"
"23,89 : 307.48"
"23,90 : 513.3"
"23,91 : 246.64"
"23,92 : 683.59"
"23,93 : 619.81"
"23,94 : 692.32"
"23,95 : 205.08"
"23,96 : 103.25"
"23,97 : 610.73"
"23,98 : 486.1"
"23,99 : 723.54"
