x,y
469,751
692,265
377,267
277,751
135,201
626,294
996,740
89,929
824,168
991,81
824,179
385,343
297,529
754,923
58,99
371,205
149,637
89,798
728,926
130,357
443,144
675,21
587,448
582,467
660,467
95,139
837,341
373,677
666,478
871,758
252,828
147,742
176,822
112,462
721,244
502,569
625,477
809,664
909,231
828,585
256,892
418,980
109,559
956,911
923,568
335,63
702,468
553,446
804,858
609,323
187,933
152,56
564,753
378,867
918,51
590,32
813,983
469,894
628,881
894,860
1,715
34,677
359,319
368,576
473,16
518,565
928,323
293,338
119,702
310,328
877,286
133,19
563,626
157,352
665,130
928,242
153,321
739,704
402,890
799,818
758,517
964,829
966,638
750,119
201,715
954,385
765,369
863,651
51,158
659,55
367,824
974,247
490,363
782,419
121,107
633,37
473,733
273,579
994,86
573,184

Distanze
"0,0 : 0.0"
"0,1 : 559.09"
"0,2 : 789.15"
"0,3 : 839.27"
"0,4 : 1036.28"
"0,5 : 369.89"
"0,6 : 556.17"
"0,7 : 449.95"
"0,8 : 562.94"
"0,9 : 773.47"
"0,10 : 449.31"
"0,11 : 1013.46"
"0,12 : 877.39"
"0,13 : 202.51"
"0,14 : 914.06"
"0,15 : 429.03"
"0,16 : 615.76"
"0,17 : 559.43"
"0,18 : 678.62"
"0,19 : 843.93"
"0,20 : 901.02"
"0,21 : 287.31"
"0,22 : 444.6"
"0,23 : 463.75"
"0,24 : 899.39"
"0,25 : 217.31"
"0,26 : 878.56"
"0,27 : 284.34"
"0,28 : 864.35"
"0,29 : 899.45"
"0,30 : 995.51"
"0,31 : 786.25"
"0,32 : 533.39"
"0,33 : 505.8"
"0,34 : 497.31"
"0,35 : 588.84"
"0,36 : 112.95"
"0,37 : 547.16"
"0,38 : 798.56"
"0,39 : 516.47"
"0,40 : 542.78"
"0,41 : 342.08"
"0,42 : 907.28"
"0,43 : 866.63"
"0,44 : 833.28"
"0,45 : 263.21"
"0,46 : 796.06"
"0,47 : 404.45"
"0,48 : 483.26"
"0,49 : 608.71"
"0,50 : 717.77"
"0,51 : 299.21"
"0,52 : 227.72"
"0,53 : 679.74"
"0,54 : 831.43"
"0,55 : 551.51"
"0,56 : 460.49"
"0,57 : 289.83"
"0,58 : 888.17"
"0,59 : 666.27"
"0,60 : 111.09"
"0,61 : 142.89"
"0,62 : 441.43"
"0,63 : 247.2"
"0,64 : 635.84"
"0,65 : 904.04"
"0,66 : 379.97"
"0,67 : 459.37"
"0,68 : 975.2"
"0,69 : 934.93"
"0,70 : 974.06"
"0,71 : 961.51"
"0,72 : 826.46"
"0,73 : 463.79"
"0,74 : 398.08"
"0,75 : 681.77"
"0,76 : 948.26"
"0,77 : 435.14"
"0,78 : 345.94"
"0,79 : 685.95"
"0,80 : 173.01"
"0,81 : 689.56"
"0,82 : 519.87"
"0,83 : 323.8"
"0,84 : 610.6"
"0,85 : 301.42"
"0,86 : 886.53"
"0,87 : 1006.0"
"0,88 : 561.49"
"0,89 : 597.88"
"0,90 : 673.01"
"0,91 : 696.98"
"0,92 : 243.52"
"0,93 : 152.86"
"0,94 : 526.0"
"0,95 : 615.35"
"0,96 : 589.73"
"0,97 : 500.1"
"0,98 : 392.31"
"0,99 : 514.25"
"1,0 : 559.09"
"1,1 : 0.0"
"1,2 : 451.72"
"1,3 : 386.6"
"1,4 : 477.19"
"1,5 : 547.29"
"1,6 : 171.09"
"1,7 : 214.48"
"1,8 : 655.35"
"1,9 : 222.1"
"1,10 : 735.52"
"1,11 : 827.83"
"1,12 : 536.08"
"1,13 : 498.77"
"1,14 : 380.01"
"1,15 : 612.41"
"1,16 : 116.04"
"1,17 : 226.77"
"1,18 : 130.0"
"1,19 : 284.88"
"1,20 : 527.68"
"1,21 : 697.2"
"1,22 : 508.26"
"1,23 : 382.01"
"1,24 : 506.43"
"1,25 : 615.37"
"1,26 : 770.02"
"1,27 : 476.15"
"1,28 : 507.04"
"1,29 : 548.8"
"1,30 : 442.88"
"1,31 : 637.91"
"1,32 : 319.81"
"1,33 : 568.33"
"1,34 : 555.67"
"1,35 : 606.36"
"1,36 : 490.21"
"1,37 : 835.27"
"1,38 : 378.4"
"1,39 : 219.82"
"1,40 : 441.26"
"1,41 : 369.58"
"1,42 : 758.03"
"1,43 : 308.69"
"1,44 : 503.5"
"1,45 : 320.6"
"1,46 : 422.85"
"1,47 : 424.32"
"1,48 : 544.27"
"1,49 : 729.17"
"1,50 : 759.21"
"1,51 : 289.25"
"1,52 : 377.99"
"1,53 : 713.06"
"1,54 : 318.1"
"1,55 : 84.12"
"1,56 : 534.2"
"1,57 : 284.95"
"1,58 : 562.09"
"1,59 : 263.5"
"1,60 : 637.53"
"1,61 : 441.78"
"1,62 : 648.99"
"1,63 : 714.89"
"1,64 : 448.98"
"1,65 : 487.6"
"1,66 : 502.36"
"1,67 : 375.48"
"1,68 : 445.0"
"1,69 : 807.4"
"1,70 : 443.0"
"1,71 : 649.68"
"1,72 : 267.75"
"1,73 : 467.72"
"1,74 : 686.05"
"1,75 : 749.35"
"1,76 : 531.7"
"1,77 : 124.17"
"1,78 : 259.07"
"1,79 : 135.45"
"1,80 : 459.07"
"1,81 : 267.29"
"1,82 : 663.19"
"1,83 : 434.03"
"1,84 : 757.07"
"1,85 : 274.1"
"1,86 : 329.33"
"1,87 : 454.82"
"1,88 : 238.8"
"1,89 : 48.33"
"1,90 : 246.09"
"1,91 : 356.41"
"1,92 : 584.12"
"1,93 : 456.72"
"1,94 : 244.99"
"1,95 : 684.9"
"1,96 : 679.61"
"1,97 : 911.37"
"1,98 : 482.69"
"1,99 : 365.07"
"2,0 : 789.15"
"2,1 : 451.72"
"2,2 : 0.0"
"2,3 : 172.05"
"2,4 : 581.37"
"2,5 : 528.92"
"2,6 : 299.87"
"2,7 : 648.35"
"2,8 : 483.99"
"2,9 : 391.13"
"2,10 : 677.76"
"2,11 : 391.87"
"2,12 : 92.2"
"2,13 : 618.55"
"2,14 : 362.86"
"2,15 : 545.89"
"2,16 : 339.09"
"2,17 : 678.48"
"2,18 : 498.4"
"2,19 : 476.14"
"2,20 : 113.11"
"2,21 : 753.86"
"2,22 : 929.66"
"2,23 : 817.65"
"2,24 : 120.81"
"2,25 : 707.6"
"2,26 : 384.41"
"2,27 : 542.9"
"2,28 : 75.24"
"2,29 : 111.97"
"2,30 : 479.21"
"2,31 : 265.41"
"2,32 : 255.77"
"2,33 : 434.75"
"2,34 : 429.42"
"2,35 : 402.55"
"2,36 : 679.92"
"2,37 : 737.48"
"2,38 : 120.81"
"2,39 : 298.33"
"2,40 : 288.41"
"2,41 : 768.92"
"2,42 : 349.14"
"2,43 : 519.92"
"2,44 : 52.5"
"2,45 : 540.13"
"2,46 : 50.22"
"2,47 : 412.24"
"2,48 : 430.71"
"2,49 : 540.35"
"2,50 : 491.75"
"2,51 : 508.65"
"2,52 : 717.33"
"2,53 : 459.42"
"2,54 : 287.01"
"2,55 : 374.79"
"2,56 : 441.32"
"2,57 : 528.14"
"2,58 : 112.8"
"2,59 : 188.22"
"2,60 : 810.2"
"2,61 : 738.77"
"2,62 : 576.91"
"2,63 : 809.37"
"2,64 : 193.2"
"2,65 : 144.78"
"2,66 : 483.39"
"2,67 : 339.85"
"2,68 : 379.95"
"2,69 : 402.15"
"2,70 : 381.87"
"2,71 : 200.01"
"2,72 : 458.02"
"2,73 : 384.0"
"2,74 : 655.11"
"2,75 : 507.47"
"2,76 : 177.54"
"2,77 : 487.08"
"2,78 : 645.11"
"2,79 : 390.24"
"2,80 : 621.82"
"2,81 : 187.63"
"2,82 : 529.76"
"2,83 : 825.33"
"2,84 : 576.45"
"2,85 : 624.36"
"2,86 : 538.34"
"2,87 : 476.89"
"2,88 : 690.51"
"2,89 : 474.86"
"2,90 : 207.46"
"2,91 : 102.73"
"2,92 : 657.61"
"2,93 : 766.28"
"2,94 : 695.01"
"2,95 : 476.6"
"2,96 : 491.55"
"2,97 : 893.61"
"2,98 : 892.67"
"2,99 : 281.51"
"3,0 : 839.27"
"3,1 : 386.6"
"3,2 : 172.05"
"3,3 : 0.0"
"3,4 : 409.91"
"3,5 : 642.25"
"3,6 : 288.76"
"3,7 : 600.18"
"3,8 : 634.02"
"3,9 : 251.96"
"3,10 : 809.81"
"3,11 : 541.91"
"3,12 : 204.52"
"3,13 : 696.42"
"3,14 : 191.23"
"3,15 : 673.77"
"3,16 : 273.03"
"3,17 : 602.4"
"3,18 : 389.34"
"3,19 : 322.41"
"3,20 : 170.3"
"3,21 : 858.31"
"3,22 : 893.24"
"3,23 : 768.59"
"3,24 : 138.64"
"3,25 : 799.42"
"3,26 : 554.2"
"3,27 : 631.56"
"3,28 : 171.55"
"3,29 : 204.53"
"3,30 : 307.18"
"3,31 : 437.45"
"3,32 : 334.05"
"3,33 : 572.62"
"3,34 : 564.91"
"3,35 : 555.34"
"3,36 : 738.69"
"3,37 : 880.8"
"3,38 : 58.14"
"3,39 : 322.9"
"3,40 : 414.34"
"3,41 : 745.38"
"3,42 : 514.72"
"3,43 : 364.57"
"3,44 : 198.36"
"3,45 : 576.94"
"3,46 : 122.09"
"3,47 : 511.2"
"3,48 : 562.85"
"3,49 : 696.28"
"3,50 : 659.02"
"3,51 : 541.53"
"3,52 : 721.55"
"3,53 : 624.02"
"3,54 : 125.17"
"3,55 : 330.77"
"3,56 : 568.62"
"3,57 : 555.01"
"3,58 : 235.09"
"3,59 : 173.05"
"3,60 : 881.0"
"3,61 : 761.45"
"3,62 : 708.0"
"3,63 : 904.85"
"3,64 : 336.34"
"3,65 : 107.3"
"3,66 : 592.98"
"3,67 : 433.85"
"3,68 : 210.12"
"3,69 : 567.48"
"3,70 : 211.74"
"3,71 : 310.54"
"3,72 : 307.07"
"3,73 : 502.28"
"3,74 : 779.38"
"3,75 : 671.56"
"3,76 : 147.51"
"3,77 : 463.09"
"3,78 : 624.89"
"3,79 : 282.93"
"3,80 : 685.82"
"3,81 : 150.05"
"3,82 : 673.46"
"3,83 : 807.43"
"3,84 : 731.99"
"3,85 : 619.14"
"3,86 : 380.68"
"3,87 : 304.92"
"3,88 : 614.2"
"3,89 : 392.92"
"3,90 : 168.19"
"3,91 : 178.66"
"3,92 : 752.45"
"3,93 : 785.04"
"3,94 : 627.37"
"3,95 : 633.94"
"3,96 : 645.48"
"3,97 : 1022.35"
"3,98 : 864.24"
"3,99 : 379.01"
"4,0 : 1036.28"
"4,1 : 477.19"
"4,2 : 581.37"
"4,3 : 409.91"
"4,4 : 0.0"
"4,5 : 964.58"
"4,6 : 532.47"
"4,7 : 638.86"
"4,8 : 1008.07"
"4,9 : 273.56"
"4,10 : 1149.64"
"4,11 : 939.21"
"4,12 : 605.32"
"4,13 : 958.8"
"4,14 : 218.68"
"4,15 : 1014.66"
"4,16 : 441.68"
"4,17 : 569.48"
"4,18 : 364.94"
"4,19 : 192.35"
"4,20 : 560.51"
"4,21 : 1150.22"
"4,22 : 898.53"
"4,23 : 764.0"
"4,24 : 525.5"
"4,25 : 1074.49"
"4,26 : 963.95"
"4,27 : 918.68"
"4,28 : 574.36"
"4,29 : 598.75"
"4,30 : 107.07"
"4,31 : 846.5"
"4,32 : 662.65"
"4,33 : 933.56"
"4,34 : 923.32"
"4,35 : 936.08"
"4,36 : 963.55"
"4,37 : 1236.2"
"4,38 : 461.69"
"4,39 : 595.76"
"4,40 : 775.28"
"4,41 : 805.84"
"4,42 : 922.78"
"4,43 : 174.18"
"4,44 : 606.8"
"4,45 : 790.74"
"4,46 : 531.16"
"4,47 : 828.49"
"4,48 : 917.13"
"4,49 : 1076.78"
"4,50 : 1057.46"
"4,51 : 756.64"
"4,52 : 846.09"
"4,53 : 1018.8"
"4,54 : 301.01"
"4,55 : 497.4"
"4,56 : 916.24"
"4,57 : 756.85"
"4,58 : 634.74"
"4,59 : 492.39"
"4,60 : 1112.07"
"4,61 : 916.16"
"4,62 : 1051.54"
"4,63 : 1178.15"
"4,64 : 721.04"
"4,65 : 484.3"
"4,66 : 914.67"
"4,67 : 757.3"
"4,68 : 219.91"
"4,69 : 975.17"
"4,70 : 216.75"
"4,71 : 695.16"
"4,72 : 210.43"
"4,73 : 844.81"
"4,74 : 1108.49"
"4,75 : 1064.83"
"4,76 : 497.73"
"4,77 : 601.19"
"4,78 : 719.43"
"4,79 : 355.72"
"4,80 : 926.64"
"4,81 : 468.24"
"4,82 : 1037.01"
"4,83 : 869.48"
"4,84 : 1110.98"
"4,85 : 746.13"
"4,86 : 158.32"
"4,87 : 115.41"
"4,88 : 576.89"
"4,89 : 440.4"
"4,90 : 467.39"
"4,91 : 559.26"
"4,92 : 1036.61"
"4,93 : 928.39"
"4,94 : 609.31"
"4,95 : 1018.12"
"4,96 : 1024.54"
"4,97 : 1348.1"
"4,98 : 892.96"
"4,99 : 716.55"
"5,0 : 369.89"
"5,1 : 547.29"
"5,2 : 528.92"
"5,3 : 642.25"
"5,4 : 964.58"
"5,5 : 0.0"
"5,6 : 433.38"
"5,7 : 582.31"
"5,8 : 194.26"
"5,9 : 693.89"
"5,10 : 188.92"
"5,11 : 660.7"
"5,12 : 601.3"
"5,13 : 170.08"
"5,14 : 782.71"
"5,15 : 74.67"
"5,16 : 529.51"
"5,17 : 682.14"
"5,18 : 674.43"
"5,19 : 787.0"
"5,20 : 639.09"
"5,21 : 226.21"
"5,22 : 733.74"
"5,23 : 690.51"
"5,24 : 649.64"
"5,25 : 197.95"
"5,26 : 516.09"
"5,27 : 103.73"
"5,28 : 599.55"
"5,29 : 624.83"
"5,30 : 890.59"
"5,31 : 440.5"
"5,32 : 312.03"
"5,33 : 140.04"
"5,34 : 134.13"
"5,35 : 222.77"
"5,36 : 267.6"
"5,37 : 288.44"
"5,38 : 587.77"
"5,39 : 369.13"
"5,40 : 240.85"
"5,41 : 578.97"
"5,42 : 551.62"
"5,43 : 823.74"
"5,44 : 559.03"
"5,45 : 285.57"
"5,46 : 555.43"
"5,47 : 136.49"
"5,48 : 122.53"
"5,49 : 248.71"
"5,50 : 348.92"
"5,51 : 294.49"
"5,52 : 461.46"
"5,53 : 309.92"
"5,54 : 688.84"
"5,55 : 487.46"
"5,56 : 101.79"
"5,57 : 315.01"
"5,58 : 602.17"
"5,59 : 488.26"
"5,60 : 333.03"
"5,61 : 417.17"
"5,62 : 106.38"
"5,63 : 288.02"
"5,64 : 339.87"
"5,65 : 668.66"
"5,66 : 50.33"
"5,67 : 211.63"
"5,68 : 830.4"
"5,69 : 573.4"
"5,70 : 830.62"
"5,71 : 658.44"
"5,72 : 765.81"
"5,73 : 144.92"
"5,74 : 143.93"
"5,75 : 314.7"
"5,76 : 705.82"
"5,77 : 452.82"
"5,78 : 497.69"
"5,79 : 622.72"
"5,80 : 218.68"
"5,81 : 514.84"
"5,82 : 159.25"
"5,83 : 599.72"
"5,84 : 259.72"
"5,85 : 442.72"
"5,86 : 846.19"
"5,87 : 896.07"
"5,88 : 690.26"
"5,89 : 595.62"
"5,90 : 508.31"
"5,91 : 466.45"
"5,92 : 148.08"
"5,93 : 447.15"
"5,94 : 666.97"
"5,95 : 246.27"
"5,96 : 221.92"
"5,97 : 385.33"
"5,98 : 680.99"
"5,99 : 263.43"
"6,0 : 556.17"
"6,1 : 171.09"
"6,2 : 299.87"
"6,3 : 288.76"
"6,4 : 532.47"
"6,5 : 433.38"
"6,6 : 0.0"
"6,7 : 349.36"
"6,8 : 506.6"
"6,9 : 260.56"
"6,10 : 620.53"
"6,11 : 661.13"
"6,12 : 390.04"
"6,13 : 436.4"
"6,14 : 367.61"
"6,15 : 488.03"
"6,16 : 99.01"
"6,17 : 391.08"
"6,18 : 268.26"
"6,19 : 353.99"
"6,20 : 392.68"
"6,21 : 620.63"
"6,22 : 630.42"
"6,23 : 518.06"
"6,24 : 378.85"
"6,25 : 548.99"
"6,26 : 598.95"
"6,27 : 387.94"
"6,28 : 364.97"
"6,29 : 406.41"
"6,30 : 465.47"
"6,31 : 466.91"
"6,32 : 156.04"
"6,33 : 422.91"
"6,34 : 411.05"
"6,35 : 448.97"
"6,36 : 461.87"
"6,37 : 712.23"
"6,38 : 258.31"
"6,39 : 65.0"
"6,40 : 280.45"
"6,41 : 471.94"
"6,42 : 587.94"
"6,43 : 391.89"
"6,44 : 352.33"
"6,45 : 293.02"
"6,46 : 281.97"
"6,47 : 298.53"
"6,48 : 401.86"
"6,49 : 579.82"
"6,50 : 596.97"
"6,51 : 256.97"
"6,52 : 434.73"
"6,53 : 551.68"
"6,54 : 278.93"
"6,55 : 86.98"
"6,56 : 396.31"
"6,57 : 268.08"
"6,58 : 412.66"
"6,59 : 122.7"
"6,60 : 608.84"
"6,61 : 472.72"
"6,62 : 525.23"
"6,63 : 654.47"
"6,64 : 278.23"
"6,65 : 370.88"
"6,66 : 384.01"
"6,67 : 233.0"
"6,68 : 424.7"
"6,69 : 636.85"
"6,70 : 424.0"
"6,71 : 499.77"
"6,72 : 332.7"
"6,73 : 325.52"
"6,74 : 577.23"
"6,75 : 590.78"
"6,76 : 416.76"
"6,77 : 187.83"
"6,78 : 348.38"
"6,79 : 192.78"
"6,80 : 414.29"
"6,81 : 140.25"
"6,82 : 523.54"
"6,83 : 530.67"
"6,84 : 610.45"
"6,85 : 334.61"
"6,86 : 414.36"
"6,87 : 472.9"
"6,88 : 402.88"
"6,89 : 209.46"
"6,90 : 120.7"
"6,91 : 198.31"
"6,92 : 507.89"
"6,93 : 496.33"
"6,94 : 402.1"
"6,95 : 530.1"
"6,96 : 528.49"
"6,97 : 815.71"
"6,98 : 594.87"
"6,99 : 206.95"
"7,0 : 449.95"
"7,1 : 214.48"
"7,2 : 648.35"
"7,3 : 600.18"
"7,4 : 638.86"
"7,5 : 582.31"
"7,6 : 349.36"
"7,7 : 0.0"
"7,8 : 736.96"
"7,9 : 420.21"
"7,10 : 755.2"
"7,11 : 1004.0"
"7,12 : 737.02"
"7,13 : 472.52"
"7,14 : 584.1"
"7,15 : 656.06"
"7,16 : 327.42"
"7,17 : 111.14"
"7,18 : 278.04"
"7,19 : 456.43"
"7,20 : 734.12"
"7,21 : 665.56"
"7,22 : 293.79"
"7,23 : 170.07"
"7,24 : 715.36"
"7,25 : 578.26"
"7,26 : 923.71"
"7,27 : 486.89"
"7,28 : 710.07"
"7,29 : 751.9"
"7,30 : 628.72"
"7,31 : 795.75"
"7,32 : 461.19"
"7,33 : 650.03"
"7,34 : 637.05"
"7,35 : 708.72"
"7,36 : 422.62"
"7,37 : 861.71"
"7,38 : 588.1"
"7,39 : 370.03"
"7,40 : 563.24"
"7,41 : 167.45"
"7,42 : 922.35"
"7,43 : 464.99"
"7,44 : 700.84"
"7,45 : 299.3"
"7,46 : 625.82"
"7,47 : 493.37"
"7,48 : 622.92"
"7,49 : 807.84"
"7,50 : 866.61"
"7,51 : 288.01"
"7,52 : 227.02"
"7,53 : 819.82"
"7,54 : 530.36"
"7,55 : 276.09"
"7,56 : 606.43"
"7,57 : 267.48"
"7,58 : 760.88"
"7,59 : 463.44"
"7,60 : 550.68"
"7,61 : 309.73"
"7,62 : 688.57"
"7,63 : 660.66"
"7,64 : 602.32"
"7,65 : 699.18"
"7,66 : 549.33"
"7,67 : 475.61"
"7,68 : 649.2"
"7,69 : 967.94"
"7,70 : 646.84"
"7,71 : 848.34"
"7,72 : 444.88"
"7,73 : 554.15"
"7,74 : 700.18"
"7,75 : 847.48"
"7,76 : 743.91"
"7,77 : 170.04"
"7,78 : 104.86"
"7,79 : 341.05"
"7,80 : 418.06"
"7,81 : 472.38"
"7,82 : 727.65"
"7,83 : 231.95"
"7,84 : 828.96"
"7,85 : 157.44"
"7,86 : 480.75"
"7,87 : 642.41"
"7,88 : 115.45"
"7,89 : 221.94"
"7,90 : 450.75"
"7,91 : 547.56"
"7,92 : 563.49"
"7,93 : 311.57"
"7,94 : 85.7"
"7,95 : 777.22"
"7,96 : 764.48"
"7,97 : 892.46"
"7,98 : 270.25"
"7,99 : 490.37"
"8,0 : 562.94"
"8,1 : 655.35"
"8,2 : 483.99"
"8,3 : 634.02"
"8,4 : 1008.07"
"8,5 : 194.26"
"8,6 : 506.6"
"8,7 : 736.96"
"8,8 : 0.0"
"8,9 : 752.79"
"8,10 : 219.74"
"8,11 : 501.34"
"8,12 : 532.48"
"8,13 : 364.34"
"8,14 : 804.33"
"8,15 : 137.91"
"8,16 : 605.02"
"8,17 : 826.64"
"8,18 : 771.73"
"8,19 : 849.64"
"8,20 : 579.4"
"8,21 : 366.58"
"8,22 : 918.23"
"8,23 : 863.1"
"8,24 : 599.44"
"8,25 : 372.67"
"8,26 : 345.63"
"8,27 : 293.17"
"8,28 : 541.42"
"8,29 : 555.0"
"8,30 : 920.04"
"8,31 : 305.64"
"8,32 : 353.82"
"8,33 : 88.0"
"8,34 : 101.0"
"8,35 : 82.15"
"8,36 : 461.85"
"8,37 : 255.64"
"8,38 : 575.93"
"8,39 : 443.85"
"8,40 : 233.45"
"8,41 : 758.24"
"8,42 : 391.95"
"8,43 : 890.79"
"8,44 : 496.84"
"8,45 : 455.69"
"8,46 : 524.02"
"8,47 : 243.73"
"8,48 : 114.35"
"8,49 : 73.82"
"8,50 : 154.86"
"8,51 : 454.51"
"8,52 : 646.29"
"8,53 : 118.73"
"8,54 : 712.02"
"8,55 : 580.9"
"8,56 : 130.82"
"8,57 : 478.35"
"8,58 : 523.69"
"8,59 : 515.75"
"8,60 : 515.61"
"8,61 : 608.59"
"8,62 : 142.05"
"8,63 : 439.27"
"8,64 : 297.76"
"8,65 : 628.43"
"8,66 : 200.8"
"8,67 : 279.87"
"8,68 : 840.18"
"8,69 : 402.87"
"8,70 : 841.22"
"8,71 : 557.85"
"8,72 : 828.22"
"8,73 : 188.38"
"8,74 : 224.24"
"8,75 : 120.93"
"8,76 : 656.51"
"8,77 : 586.22"
"8,78 : 664.58"
"8,79 : 697.62"
"8,80 : 411.65"
"8,81 : 539.89"
"8,82 : 59.08"
"8,83 : 784.97"
"8,84 : 104.18"
"8,85 : 612.82"
"8,86 : 912.97"
"8,87 : 922.31"
"8,88 : 836.16"
"8,89 : 701.83"
"8,90 : 541.2"
"8,91 : 458.25"
"8,92 : 328.76"
"8,93 : 639.03"
"8,94 : 818.08"
"8,95 : 52.5"
"8,96 : 28.64"
"8,97 : 429.08"
"8,98 : 866.4"
"8,99 : 300.43"
"9,0 : 773.47"
"9,1 : 222.1"
"9,2 : 391.13"
"9,3 : 251.96"
"9,4 : 273.56"
"9,5 : 693.89"
"9,6 : 260.56"
"9,7 : 420.21"
"9,8 : 752.79"
"9,9 : 0.0"
"9,10 : 880.6"
"9,11 : 781.46"
"9,12 : 449.82"
"9,13 : 685.8"
"9,14 : 164.55"
"9,15 : 747.06"
"9,16 : 168.12"
"9,17 : 387.77"
"9,18 : 156.11"
"9,19 : 96.93"
"9,20 : 421.34"
"9,21 : 876.66"
"9,22 : 707.86"
"9,23 : 574.57"
"9,24 : 390.53"
"9,25 : 801.2"
"9,26 : 767.44"
"9,27 : 645.23"
"9,28 : 416.67"
"9,29 : 453.54"
"9,30 : 222.33"
"9,31 : 639.05"
"9,32 : 400.31"
"9,33 : 673.58"
"9,34 : 662.53"
"9,35 : 686.33"
"9,36 : 694.58"
"9,37 : 970.47"
"9,38 : 277.69"
"9,39 : 324.86"
"9,40 : 519.71"
"9,41 : 584.38"
"9,42 : 738.24"
"9,43 : 139.28"
"9,44 : 432.95"
"9,45 : 521.1"
"9,46 : 345.39"
"9,47 : 558.62"
"9,48 : 654.94"
"9,49 : 824.09"
"9,50 : 820.99"
"9,51 : 486.24"
"9,52 : 600.08"
"9,53 : 778.85"
"9,54 : 135.83"
"9,55 : 225.69"
"9,56 : 651.87"
"9,57 : 488.4"
"9,58 : 480.09"
"9,59 : 245.36"
"9,60 : 843.5"
"9,61 : 662.27"
"9,62 : 784.18"
"9,63 : 905.2"
"9,64 : 482.35"
"9,65 : 357.96"
"9,66 : 644.39"
"9,67 : 490.08"
"9,68 : 229.34"
"9,69 : 791.06"
"9,70 : 226.87"
"9,71 : 560.42"
"9,72 : 75.61"
"9,73 : 580.35"
"9,74 : 837.77"
"9,75 : 822.41"
"9,76 : 393.42"
"9,77 : 340.99"
"9,78 : 479.93"
"9,79 : 87.93"
"9,80 : 655.22"
"9,81 : 226.86"
"9,82 : 776.31"
"9,83 : 649.37"
"9,84 : 856.85"
"9,85 : 495.98"
"9,86 : 160.96"
"9,87 : 233.52"
"9,88 : 398.5"
"9,89 : 199.12"
"9,90 : 218.12"
"9,91 : 332.54"
"9,92 : 763.05"
"9,93 : 678.25"
"9,94 : 420.63"
"9,95 : 768.96"
"9,96 : 771.85"
"9,97 : 1075.94"
"9,98 : 689.71"
"9,99 : 454.48"
"10,0 : 449.31"
"10,1 : 735.52"
"10,2 : 677.76"
"10,3 : 809.81"
"10,4 : 1149.64"
"10,5 : 188.92"
"10,6 : 620.53"
"10,7 : 755.2"
"10,8 : 219.74"
"10,9 : 880.6"
"10,10 : 0.0"
"10,11 : 717.11"
"10,12 : 737.62"
"10,13 : 293.68"
"10,14 : 961.77"
"10,15 : 136.69"
"10,16 : 717.51"
"10,17 : 859.38"
"10,18 : 863.13"
"10,19 : 974.51"
"10,20 : 781.34"
"10,21 : 182.46"
"10,22 : 868.43"
"10,23 : 845.46"
"10,24 : 797.39"
"10,25 : 232.12"
"10,26 : 558.56"
"10,27 : 269.32"
"10,28 : 742.23"
"10,29 : 760.8"
"10,30 : 1072.31"
"10,31 : 525.04"
"10,32 : 490.04"
"10,33 : 243.3"
"10,34 : 248.36"
"10,35 : 295.37"
"10,36 : 378.55"
"10,37 : 107.07"
"10,38 : 753.17"
"10,39 : 555.83"
"10,40 : 395.85"
"10,41 : 727.08"
"10,42 : 608.74"
"10,43 : 1011.8"
"10,44 : 698.76"
"10,45 : 456.04"
"10,46 : 711.55"
"10,47 : 322.02"
"10,48 : 248.04"
"10,49 : 215.15"
"10,50 : 340.66"
"10,51 : 471.76"
"10,52 : 603.19"
"10,53 : 322.3"
"10,54 : 867.7"
"10,55 : 676.36"
"10,56 : 241.21"
"10,57 : 489.31"
"10,58 : 732.36"
"10,59 : 666.17"
"10,60 : 368.16"
"10,61 : 541.29"
"10,62 : 101.83"
"10,63 : 254.28"
"10,64 : 484.68"
"10,65 : 821.9"
"10,66 : 236.86"
"10,67 : 392.56"
"10,68 : 1006.11"
"10,69 : 614.63"
"10,70 : 1006.59"
"10,71 : 773.45"
"10,72 : 953.23"
"10,73 : 309.51"
"10,74 : 56.04"
"10,75 : 298.48"
"10,76 : 854.64"
"10,77 : 637.2"
"10,78 : 662.96"
"10,79 : 810.99"
"10,80 : 351.75"
"10,81 : 692.42"
"10,82 : 161.37"
"10,83 : 735.85"
"10,84 : 197.49"
"10,85 : 606.53"
"10,86 : 1034.26"
"10,87 : 1076.99"
"10,88 : 866.71"
"10,89 : 783.85"
"10,90 : 688.04"
"10,91 : 631.26"
"10,92 : 212.95"
"10,93 : 567.56"
"10,94 : 840.8"
"10,95 : 259.49"
"10,96 : 231.14"
"10,97 : 216.09"
"10,98 : 814.69"
"10,99 : 437.83"
"11,0 : 1013.46"
"11,1 : 827.83"
"11,2 : 391.87"
"11,3 : 541.91"
"11,4 : 939.21"
"11,5 : 660.7"
"11,6 : 661.13"
"11,7 : 1004.0"
"11,8 : 501.34"
"11,9 : 781.46"
"11,10 : 717.11"
"11,11 : 0.0"
"11,12 : 337.62"
"11,13 : 813.22"
"11,14 : 725.43"
"11,15 : 630.15"
"11,16 : 721.87"
"11,17 : 1052.0"
"11,18 : 888.37"
"11,19 : 862.15"
"11,20 : 379.02"
"11,21 : 865.36"
"11,22 : 1263.07"
"11,23 : 1167.07"
"11,24 : 414.01"
"11,25 : 857.64"
"11,26 : 160.2"
"11,27 : 729.91"
"11,28 : 370.39"
"11,29 : 341.15"
"11,30 : 832.35"
"11,31 : 228.11"
"11,32 : 548.5"
"11,33 : 521.48"
"11,34 : 526.58"
"11,35 : 441.51"
"11,36 : 901.47"
"11,37 : 720.88"
"11,38 : 504.62"
"11,39 : 634.04"
"11,40 : 480.69"
"11,41 : 1096.04"
"11,42 : 109.88"
"11,43 : 905.18"
"11,44 : 348.61"
"11,45 : 816.03"
"11,46 : 436.08"
"11,47 : 612.25"
"11,48 : 538.51"
"11,49 : 507.0"
"11,50 : 388.76"
"11,51 : 794.63"
"11,52 : 1016.25"
"11,53 : 396.1"
"11,54 : 666.52"
"11,55 : 745.52"
"11,56 : 560.29"
"11,57 : 818.92"
"11,58 : 307.19"
"11,59 : 570.55"
"11,60 : 993.01"
"11,61 : 1011.36"
"11,62 : 642.2"
"11,63 : 936.49"
"11,64 : 408.71"
"11,65 : 455.01"
"11,66 : 637.36"
"11,67 : 574.84"
"11,68 : 721.11"
"11,69 : 109.64"
"11,70 : 724.0"
"11,71 : 246.5"
"11,72 : 845.28"
"11,73 : 549.89"
"11,74 : 725.54"
"11,75 : 428.85"
"11,76 : 444.49"
"11,77 : 834.52"
"11,78 : 976.5"
"11,79 : 781.15"
"11,80 : 842.31"
"11,81 : 575.66"
"11,82 : 560.18"
"11,83 : 1143.32"
"11,84 : 534.54"
"11,85 : 941.9"
"11,86 : 922.08"
"11,87 : 825.87"
"11,88 : 1063.85"
"11,89 : 857.31"
"11,90 : 593.64"
"11,91 : 473.66"
"11,92 : 808.62"
"11,93 : 1042.05"
"11,94 : 1062.81"
"11,95 : 457.66"
"11,96 : 486.28"
"11,97 : 911.71"
"11,98 : 1219.09"
"11,99 : 534.65"
"12,0 : 877.39"
"12,1 : 536.08"
"12,2 : 92.2"
"12,3 : 204.52"
"12,4 : 605.32"
"12,5 : 601.3"
"12,6 : 390.04"
"12,7 : 737.02"
"12,8 : 532.48"
"12,9 : 449.82"
"12,10 : 737.62"
"12,11 : 337.62"
"12,12 : 0.0"
"12,13 : 702.1"
"12,14 : 389.08"
"12,15 : 610.33"
"12,16 : 421.38"
"12,17 : 762.28"
"12,18 : 571.43"
"12,19 : 526.17"
"12,20 : 51.87"
"12,21 : 827.46"
"12,22 : 1020.4"
"12,23 : 906.75"
"12,24 : 83.57"
"12,25 : 786.3"
"12,26 : 366.69"
"12,27 : 624.26"
"12,28 : 33.24"
"12,29 : 23.54"
"12,30 : 499.26"
"12,31 : 269.4"
"12,32 : 344.77"
"12,33 : 494.97"
"12,34 : 491.47"
"12,35 : 450.39"
"12,36 : 767.18"
"12,37 : 788.12"
"12,38 : 172.81"
"12,39 : 390.51"
"12,40 : 361.21"
"12,41 : 860.41"
"12,42 : 319.68"
"12,43 : 568.75"
"12,44 : 44.18"
"12,45 : 631.05"
"12,46 : 113.57"
"12,47 : 492.45"
"12,48 : 494.96"
"12,49 : 581.01"
"12,50 : 514.24"
"12,51 : 600.01"
"12,52 : 809.5"
"12,53 : 488.57"
"12,54 : 329.51"
"12,55 : 461.9"
"12,56 : 508.26"
"12,57 : 619.81"
"12,58 : 30.59"
"12,59 : 274.05"
"12,60 : 894.22"
"12,61 : 830.22"
"12,62 : 638.82"
"12,63 : 886.03"
"12,64 : 261.44"
"12,65 : 124.33"
"12,66 : 558.21"
"12,67 : 423.23"
"12,68 : 390.88"
"12,69 : 371.25"
"12,70 : 393.46"
"12,71 : 114.4"
"12,72 : 510.06"
"12,73 : 457.19"
"12,74 : 720.06"
"12,75 : 536.46"
"12,76 : 132.8"
"12,77 : 577.73"
"12,78 : 736.59"
"12,79 : 462.36"
"12,80 : 708.47"
"12,81 : 268.94"
"12,82 : 583.17"
"12,83 : 917.19"
"12,84 : 616.93"
"12,85 : 716.45"
"12,86 : 585.14"
"12,87 : 494.13"
"12,88 : 774.32"
"12,89 : 555.7"
"12,90 : 290.0"
"12,91 : 194.59"
"12,92 : 735.73"
"12,93 : 857.93"
"12,94 : 780.65"
"12,95 : 516.85"
"12,96 : 535.65"
"12,97 : 953.56"
"12,98 : 984.0"
"12,99 : 365.6"
"13,0 : 202.51"
"13,1 : 498.77"
"13,2 : 618.55"
"13,3 : 696.42"
"13,4 : 958.8"
"13,5 : 170.08"
"13,6 : 436.4"
"13,7 : 472.52"
"13,8 : 364.34"
"13,9 : 685.8"
"13,10 : 293.68"
"13,11 : 813.22"
"13,12 : 702.1"
"13,13 : 0.0"
"13,14 : 803.88"
"13,15 : 235.98"
"13,16 : 518.12"
"13,17 : 580.92"
"13,18 : 628.45"
"13,19 : 770.21"
"13,20 : 731.66"
"13,21 : 199.69"
"13,22 : 577.97"
"13,23 : 552.06"
"13,24 : 734.97"
"13,25 : 116.69"
"13,26 : 676.28"
"13,27 : 83.57"
"13,28 : 693.29"
"13,29 : 725.03"
"13,30 : 900.19"
"13,31 : 587.08"
"13,32 : 368.28"
"13,33 : 303.46"
"13,34 : 294.82"
"13,35 : 386.4"
"13,36 : 97.62"
"13,37 : 400.32"
"13,38 : 648.64"
"13,39 : 381.87"
"13,40 : 351.45"
"13,41 : 433.42"
"13,42 : 706.2"
"13,43 : 801.0"
"13,44 : 658.05"
"13,45 : 182.99"
"13,46 : 633.46"
"13,47 : 212.58"
"13,48 : 280.75"
"13,49 : 416.04"
"13,50 : 518.97"
"13,51 : 210.23"
"13,52 : 309.86"
"13,53 : 479.42"
"13,54 : 713.8"
"13,55 : 461.71"
"13,56 : 257.98"
"13,57 : 219.53"
"13,58 : 709.24"
"13,59 : 526.54"
"13,60 : 192.17"
"13,61 : 253.51"
"13,62 : 255.67"
"13,63 : 219.4"
"13,64 : 449.03"
"13,65 : 745.72"
"13,66 : 177.55"
"13,67 : 279.01"
"13,68 : 859.66"
"13,69 : 732.81"
"13,70 : 859.16"
"13,71 : 776.99"
"13,72 : 750.3"
"13,73 : 265.65"
"13,74 : 237.68"
"13,75 : 484.64"
"13,76 : 787.63"
"13,77 : 382.69"
"13,78 : 374.79"
"13,79 : 603.7"
"13,80 : 58.08"
"13,81 : 552.26"
"13,82 : 326.17"
"13,83 : 444.4"
"13,84 : 422.83"
"13,85 : 318.3"
"13,86 : 822.74"
"13,87 : 908.33"
"13,88 : 586.96"
"13,89 : 545.18"
"13,90 : 539.64"
"13,91 : 535.86"
"13,92 : 91.08"
"13,93 : 282.18"
"13,94 : 557.99"
"13,95 : 416.32"
"13,96 : 391.92"
"13,97 : 422.41"
"13,98 : 524.41"
"13,99 : 337.12"
"14,0 : 914.06"
"14,1 : 380.01"
"14,2 : 362.86"
"14,3 : 191.23"
"14,4 : 218.68"
"14,5 : 782.71"
"14,6 : 367.61"
"14,7 : 584.1"
"14,8 : 804.33"
"14,9 : 164.55"
"14,10 : 961.77"
"14,11 : 725.43"
"14,12 : 389.08"
"14,13 : 803.88"
"14,14 : 0.0"
"14,15 : 825.22"
"14,16 : 298.57"
"14,17 : 550.87"
"14,18 : 318.44"
"14,19 : 176.07"
"14,20 : 346.64"
"14,21 : 984.32"
"14,22 : 872.41"
"14,23 : 739.02"
"14,24 : 311.78"
"14,25 : 915.53"
"14,26 : 745.33"
"14,27 : 751.71"
"14,28 : 357.4"
"14,29 : 384.29"
"14,30 : 117.69"
"14,31 : 628.16"
"14,32 : 471.97"
"14,33 : 734.8"
"14,34 : 725.52"
"14,35 : 729.17"
"14,36 : 826.38"
"14,37 : 1041.81"
"14,38 : 243.81"
"14,39 : 423.8"
"14,40 : 574.77"
"14,41 : 747.03"
"14,42 : 704.79"
"14,43 : 208.21"
"14,44 : 388.5"
"14,45 : 654.11"
"14,46 : 312.67"
"14,47 : 646.61"
"14,48 : 721.0"
"14,49 : 870.6"
"14,50 : 843.62"
"14,51 : 618.13"
"14,52 : 755.25"
"14,53 : 806.41"
"14,54 : 94.07"
"14,55 : 363.6"
"14,56 : 722.9"
"14,57 : 624.6"
"14,58 : 419.0"
"14,59 : 295.6"
"14,60 : 974.56"
"14,61 : 812.16"
"14,62 : 861.26"
"14,63 : 1021.3"
"14,64 : 511.07"
"14,65 : 271.45"
"14,66 : 732.38"
"14,67 : 571.3"
"14,68 : 65.19"
"14,69 : 757.34"
"14,70 : 63.03"
"14,71 : 484.73"
"14,72 : 171.03"
"14,73 : 652.67"
"14,74 : 925.13"
"14,75 : 853.18"
"14,76 : 292.02"
"14,77 : 491.45"
"14,78 : 639.06"
"14,79 : 245.13"
"14,80 : 781.11"
"14,81 : 269.41"
"14,82 : 837.91"
"14,83 : 811.93"
"14,84 : 905.58"
"14,85 : 650.26"
"14,86 : 217.46"
"14,87 : 118.19"
"14,88 : 561.32"
"14,89 : 362.33"
"14,90 : 274.42"
"14,91 : 348.14"
"14,92 : 872.91"
"14,93 : 830.43"
"14,94 : 584.61"
"14,95 : 810.16"
"14,96 : 818.76"
"14,97 : 1167.95"
"14,98 : 853.95"
"14,99 : 523.98"
"15,0 : 429.03"
"15,1 : 612.41"
"15,2 : 545.89"
"15,3 : 673.77"
"15,4 : 1014.66"
"15,5 : 74.67"
"15,6 : 488.03"
"15,7 : 656.06"
"15,8 : 137.91"
"15,9 : 747.06"
"15,10 : 136.69"
"15,11 : 630.15"
"15,12 : 610.33"
"15,13 : 235.98"
"15,14 : 825.22"
"15,15 : 0.0"
"15,16 : 586.02"
"15,17 : 754.8"
"15,18 : 737.7"
"15,19 : 841.77"
"15,20 : 652.05"
"15,21 : 235.76"
"15,22 : 806.76"
"15,23 : 765.12"
"15,24 : 666.28"
"15,25 : 234.8"
"15,26 : 478.46"
"15,27 : 177.54"
"15,28 : 612.64"
"15,29 : 633.75"
"15,30 : 936.14"
"15,31 : 419.81"
"15,32 : 353.73"
"15,33 : 117.96"
"15,34 : 119.33"
"15,35 : 189.39"
"15,36 : 333.11"
"15,37 : 224.59"
"15,38 : 617.42"
"15,39 : 423.06"
"15,40 : 260.68"
"15,41 : 653.15"
"15,42 : 520.27"
"15,43 : 879.91"
"15,44 : 570.03"
"15,45 : 360.09"
"15,46 : 577.74"
"15,47 : 190.54"
"15,48 : 115.52"
"15,49 : 180.42"
"15,50 : 290.8"
"15,51 : 368.07"
"15,52 : 534.77"
"15,53 : 256.63"
"15,54 : 731.16"
"15,55 : 548.43"
"15,56 : 105.48"
"15,57 : 389.06"
"15,58 : 607.45"
"15,59 : 529.63"
"15,60 : 377.75"
"15,61 : 487.51"
"15,62 : 37.22"
"15,63 : 306.34"
"15,64 : 352.84"
"15,65 : 689.16"
"15,66 : 110.6"
"15,67 : 257.42"
"15,68 : 869.42"
"15,69 : 536.03"
"15,70 : 869.9"
"15,71 : 655.37"
"15,72 : 820.41"
"15,73 : 172.82"
"15,74 : 109.73"
"15,75 : 253.29"
"15,76 : 723.34"
"15,77 : 522.85"
"15,78 : 572.28"
"15,79 : 679.87"
"15,80 : 288.49"
"15,81 : 555.83"
"15,82 : 90.91"
"15,83 : 672.69"
"15,84 : 187.46"
"15,85 : 517.38"
"15,86 : 902.38"
"15,87 : 940.66"
"15,88 : 763.13"
"15,89 : 660.59"
"15,90 : 551.72"
"15,91 : 495.4"
"15,92 : 191.21"
"15,93 : 516.99"
"15,94 : 740.46"
"15,95 : 189.99"
"15,96 : 162.61"
"15,97 : 349.18"
"15,98 : 753.8"
"15,99 : 301.24"
"16,0 : 615.76"
"16,1 : 116.04"
"16,2 : 339.09"
"16,3 : 273.03"
"16,4 : 441.68"
"16,5 : 529.51"
"16,6 : 99.01"
"16,7 : 327.42"
"16,8 : 605.02"
"16,9 : 168.12"
"16,10 : 717.51"
"16,11 : 721.87"
"16,12 : 421.38"
"16,13 : 518.12"
"16,14 : 298.57"
"16,15 : 586.02"
"16,16 : 0.0"
"16,17 : 340.97"
"16,18 : 176.48"
"16,19 : 257.87"
"16,20 : 411.75"
"16,21 : 708.55"
"16,22 : 620.21"
"16,23 : 496.53"
"16,24 : 390.41"
"16,25 : 633.25"
"16,26 : 675.78"
"16,27 : 477.36"
"16,28 : 391.8"
"16,29 : 433.47"
"16,30 : 383.89"
"16,31 : 543.42"
"16,32 : 252.52"
"16,33 : 521.77"
"16,34 : 509.97"
"16,35 : 545.62"
"16,36 : 531.02"
"16,37 : 810.45"
"16,38 : 262.41"
"16,39 : 163.69"
"16,40 : 376.75"
"16,41 : 474.17"
"16,42 : 658.39"
"16,43 : 294.29"
"16,44 : 390.22"
"16,45 : 357.71"
"16,46 : 307.88"
"16,47 : 395.91"
"16,48 : 500.85"
"16,49 : 678.05"
"16,50 : 690.87"
"16,51 : 322.12"
"16,52 : 463.03"
"16,53 : 646.22"
"16,54 : 221.23"
"16,55 : 65.49"
"16,56 : 495.26"
"16,57 : 326.9"
"16,58 : 448.0"
"16,59 : 151.95"
"16,60 : 679.86"
"16,61 : 515.12"
"16,62 : 623.23"
"16,63 : 737.49"
"16,64 : 362.79"
"16,65 : 372.17"
"16,66 : 480.68"
"16,67 : 331.91"
"16,68 : 360.85"
"16,69 : 709.19"
"16,70 : 359.49"
"16,71 : 535.38"
"16,72 : 236.89"
"16,73 : 424.52"
"16,74 : 673.0"
"16,75 : 686.53"
"16,76 : 416.64"
"16,77 : 198.2"
"16,78 : 356.17"
"16,79 : 93.94"
"16,80 : 489.2"
"16,81 : 152.5"
"16,82 : 622.54"
"16,83 : 537.22"
"16,84 : 709.0"
"16,85 : 358.14"
"16,86 : 316.75"
"16,87 : 393.1"
"16,88 : 353.01"
"16,89 : 136.0"
"16,90 : 131.82"
"16,91 : 248.21"
"16,92 : 594.93"
"16,93 : 534.73"
"16,94 : 360.87"
"16,95 : 627.28"
"16,96 : 626.51"
"16,97 : 909.4"
"16,98 : 591.65"
"16,99 : 304.8"
"17,0 : 559.43"
"17,1 : 226.77"
"17,2 : 678.48"
"17,3 : 602.4"
"17,4 : 569.48"
"17,5 : 682.14"
"17,6 : 391.08"
"17,7 : 111.14"
"17,8 : 826.64"
"17,9 : 387.77"
"17,10 : 859.38"
"17,11 : 1052.0"
"17,12 : 762.28"
"17,13 : 580.92"
"17,14 : 550.87"
"17,15 : 754.8"
"17,16 : 340.97"
"17,17 : 0.0"
"17,18 : 232.43"
"17,19 : 401.0"
"17,20 : 751.86"
"17,21 : 775.54"
"17,22 : 330.15"
"17,23 : 195.01"
"17,24 : 728.89"
"17,25 : 688.32"
"17,26 : 985.59"
"17,27 : 590.15"
"17,28 : 732.76"
"17,29 : 774.4"
"17,30 : 575.8"
"17,31 : 854.75"
"17,32 : 524.75"
"17,33 : 738.83"
"17,34 : 725.79"
"17,35 : 791.46"
"17,36 : 533.61"
"17,37 : 965.27"
"17,38 : 601.03"
"17,39 : 426.93"
"17,40 : 636.91"
"17,41 : 251.41"
"17,42 : 978.06"
"17,43 : 400.03"
"17,44 : 730.21"
"17,45 : 403.85"
"17,46 : 648.84"
"17,47 : 583.45"
"17,48 : 712.3"
"17,49 : 898.94"
"17,50 : 948.76"
"17,51 : 388.36"
"17,52 : 333.9"
"17,53 : 901.9"
"17,54 : 513.49"
"17,55 : 306.75"
"17,56 : 697.45"
"17,57 : 370.07"
"17,58 : 788.61"
"17,59 : 490.27"
"17,60 : 661.37"
"17,61 : 417.97"
"17,62 : 788.49"
"17,63 : 771.71"
"17,64 : 662.32"
"17,65 : 707.0"
"17,66 : 646.06"
"17,67 : 555.67"
"17,68 : 614.35"
"17,69 : 1026.08"
"17,70 : 611.57"
"17,71 : 876.13"
"17,72 : 393.91"
"17,73 : 640.21"
"17,74 : 804.94"
"17,75 : 932.75"
"17,76 : 749.64"
"17,77 : 241.7"
"17,78 : 215.82"
"17,79 : 323.28"
"17,80 : 527.41"
"17,81 : 493.34"
"17,82 : 822.03"
"17,83 : 309.93"
"17,84 : 922.11"
"17,85 : 268.37"
"17,86 : 412.24"
"17,87 : 590.53"
"17,88 : 12.04"
"17,89 : 209.75"
"17,90 : 472.37"
"17,91 : 582.66"
"17,92 : 672.0"
"17,93 : 417.23"
"17,94 : 40.8"
"17,95 : 863.91"
"17,96 : 853.4"
"17,97 : 1002.06"
"17,98 : 323.87"
"17,99 : 561.41"
"18,0 : 678.62"
"18,1 : 130.0"
"18,2 : 498.4"
"18,3 : 389.34"
"18,4 : 364.94"
"18,5 : 674.43"
"18,6 : 268.26"
"18,7 : 278.04"
"18,8 : 771.73"
"18,9 : 156.11"
"18,10 : 863.13"
"18,11 : 888.37"
"18,12 : 571.43"
"18,13 : 628.45"
"18,14 : 318.44"
"18,15 : 737.7"
"18,16 : 176.48"
"18,17 : 232.43"
"18,18 : 0.0"
"18,19 : 178.49"
"18,20 : 551.49"
"18,21 : 827.1"
"18,22 : 557.07"
"18,23 : 422.53"
"18,24 : 524.14"
"18,25 : 744.96"
"18,26 : 850.56"
"18,27 : 605.78"
"18,28 : 539.43"
"18,29 : 579.41"
"18,30 : 351.05"
"18,31 : 718.42"
"18,32 : 424.29"
"18,33 : 686.14"
"18,34 : 673.8"
"18,35 : 716.87"
"18,36 : 616.3"
"18,37 : 961.53"
"18,38 : 400.5"
"18,39 : 328.34"
"18,40 : 548.63"
"18,41 : 445.38"
"18,42 : 830.66"
"18,43 : 191.13"
"18,44 : 546.53"
"18,45 : 449.04"
"18,46 : 459.62"
"18,47 : 548.02"
"18,48 : 663.33"
"18,49 : 845.39"
"18,50 : 865.08"
"18,51 : 418.55"
"18,52 : 481.39"
"18,53 : 819.91"
"18,54 : 286.9"
"18,55 : 191.21"
"18,56 : 655.01"
"18,57 : 412.95"
"18,58 : 600.33"
"18,59 : 319.92"
"18,60 : 762.17"
"18,61 : 553.25"
"18,62 : 774.58"
"18,63 : 843.76"
"18,64 : 539.27"
"18,65 : 496.53"
"18,66 : 628.41"
"18,67 : 493.17"
"18,68 : 382.0"
"18,69 : 882.13"
"18,70 : 379.25"
"18,71 : 685.4"
"18,72 : 167.05"
"18,73 : 586.41"
"18,74 : 814.45"
"18,75 : 858.96"
"18,76 : 536.03"
"18,77 : 249.23"
"18,78 : 354.5"
"18,79 : 109.08"
"18,80 : 587.64"
"18,81 : 312.74"
"18,82 : 783.89"
"18,83 : 509.99"
"18,84 : 874.84"
"18,85 : 382.86"
"18,86 : 209.47"
"18,87 : 365.0"
"18,88 : 242.9"
"18,89 : 83.45"
"18,90 : 295.36"
"18,91 : 417.23"
"18,92 : 714.1"
"18,93 : 564.23"
"18,94 : 266.83"
"18,95 : 797.5"
"18,96 : 794.66"
"18,97 : 1041.2"
"18,98 : 542.78"
"18,99 : 474.34"
"19,0 : 843.93"
"19,1 : 284.88"
"19,2 : 476.14"
"19,3 : 322.41"
"19,4 : 192.35"
"19,5 : 787.0"
"19,6 : 353.99"
"19,7 : 456.43"
"19,8 : 849.64"
"19,9 : 96.93"
"19,10 : 974.51"
"19,11 : 862.15"
"19,12 : 526.17"
"19,13 : 770.21"
"19,14 : 176.07"
"19,15 : 841.77"
"19,16 : 257.87"
"19,17 : 401.0"
"19,18 : 178.49"
"19,19 : 0.0"
"19,20 : 492.15"
"19,21 : 964.0"
"19,22 : 730.39"
"19,23 : 595.19"
"19,24 : 459.17"
"19,25 : 886.44"
"19,26 : 857.06"
"19,27 : 734.17"
"19,28 : 492.98"
"19,29 : 526.94"
"19,30 : 174.83"
"19,31 : 730.33"
"19,32 : 496.86"
"19,33 : 770.1"
"19,34 : 758.97"
"19,35 : 783.24"
"19,36 : 771.88"
"19,37 : 1065.63"
"19,38 : 358.1"
"19,39 : 418.82"
"19,40 : 616.62"
"19,41 : 623.83"
"19,42 : 825.12"
"19,43 : 44.05"
"19,44 : 514.21"
"19,45 : 599.51"
"19,46 : 428.27"
"19,47 : 652.52"
"19,48 : 751.18"
"19,49 : 921.0"
"19,50 : 917.15"
"19,51 : 565.83"
"19,52 : 656.33"
"19,53 : 875.28"
"19,54 : 197.41"
"19,55 : 308.69"
"19,56 : 747.69"
"19,57 : 565.24"
"19,58 : 556.76"
"19,59 : 341.28"
"19,60 : 920.21"
"19,61 : 724.79"
"19,62 : 878.95"
"19,63 : 989.21"
"19,64 : 578.2"
"19,65 : 422.66"
"19,66 : 737.86"
"19,67 : 585.35"
"19,68 : 229.65"
"19,69 : 878.1"
"19,70 : 226.32"
"19,71 : 632.65"
"19,72 : 21.47"
"19,73 : 676.24"
"19,74 : 930.66"
"19,75 : 919.05"
"19,76 : 452.17"
"19,77 : 408.83"
"19,78 : 530.93"
"19,79 : 166.9"
"19,80 : 736.2"
"19,81 : 321.64"
"19,82 : 872.67"
"19,83 : 688.37"
"19,84 : 953.72"
"19,85 : 555.16"
"19,86 : 64.54"
"19,87 : 189.53"
"19,88 : 410.12"
"19,89 : 249.23"
"19,90 : 314.16"
"19,91 : 425.57"
"19,92 : 850.17"
"19,93 : 737.82"
"19,94 : 438.56"
"19,95 : 865.87"
"19,96 : 868.77"
"19,97 : 1167.2"
"19,98 : 719.03"
"19,99 : 550.97"
"20,0 : 901.02"
"20,1 : 527.68"
"20,2 : 113.11"
"20,3 : 170.3"
"20,4 : 560.51"
"20,5 : 639.09"
"20,6 : 392.68"
"20,7 : 734.12"
"20,8 : 579.4"
"20,9 : 421.34"
"20,10 : 781.34"
"20,11 : 379.02"
"20,12 : 51.87"
"20,13 : 731.66"
"20,14 : 346.64"
"20,15 : 652.05"
"20,16 : 411.75"
"20,17 : 751.86"
"20,18 : 551.49"
"20,19 : 492.15"
"20,20 : 0.0"
"20,21 : 864.74"
"20,22 : 1021.62"
"20,23 : 904.19"
"20,24 : 35.01"
"20,25 : 820.1"
"20,26 : 417.26"
"20,27 : 655.84"
"20,28 : 39.56"
"20,29 : 38.47"
"20,30 : 453.86"
"20,31 : 321.22"
"20,32 : 367.85"
"20,33 : 538.13"
"20,34 : 533.92"
"20,35 : 497.25"
"20,36 : 792.34"
"20,37 : 834.86"
"20,38 : 151.74"
"20,39 : 401.62"
"20,40 : 398.25"
"20,41 : 864.61"
"20,42 : 368.68"
"20,43 : 533.79"
"20,44 : 82.76"
"20,45 : 649.34"
"20,46 : 111.09"
"20,47 : 524.92"
"20,48 : 536.53"
"20,49 : 629.8"
"20,50 : 565.46"
"20,51 : 616.95"
"20,52 : 820.8"
"20,53 : 539.04"
"20,54 : 294.76"
"20,55 : 458.03"
"20,56 : 548.68"
"20,57 : 635.45"
"20,58 : 76.54"
"20,59 : 271.83"
"20,60 : 923.29"
"20,61 : 846.45"
"20,62 : 681.62"
"20,63 : 921.35"
"20,64 : 300.13"
"20,65 : 76.32"
"20,66 : 594.51"
"20,67 : 452.93"
"20,68 : 343.83"
"20,69 : 419.59"
"20,70 : 346.55"
"20,71 : 140.52"
"20,72 : 477.22"
"20,73 : 494.29"
"20,74 : 761.7"
"20,75 : 587.04"
"20,76 : 81.06"
"20,77 : 580.06"
"20,78 : 741.06"
"20,79 : 442.8"
"20,80 : 734.5"
"20,81 : 261.81"
"20,82 : 628.82"
"20,83 : 923.13"
"20,84 : 665.81"
"20,85 : 724.7"
"20,86 : 549.1"
"20,87 : 447.97"
"20,88 : 763.86"
"20,89 : 543.07"
"20,90 : 283.43"
"20,91 : 206.65"
"20,92 : 769.94"
"20,93 : 873.29"
"20,94 : 772.62"
"20,95 : 565.6"
"20,96 : 583.63"
"20,97 : 997.43"
"20,98 : 987.32"
"20,99 : 394.61"
"21,0 : 287.31"
"21,1 : 697.2"
"21,2 : 753.86"
"21,3 : 858.31"
"21,4 : 1150.22"
"21,5 : 226.21"
"21,6 : 620.63"
"21,7 : 665.56"
"21,8 : 366.58"
"21,9 : 876.66"
"21,10 : 182.46"
"21,11 : 865.36"
"21,12 : 827.46"
"21,13 : 199.69"
"21,14 : 984.32"
"21,15 : 235.76"
"21,16 : 708.55"
"21,17 : 775.54"
"21,18 : 827.1"
"21,19 : 964.0"
"21,20 : 864.74"
"21,21 : 0.0"
"21,22 : 726.7"
"21,23 : 725.35"
"21,24 : 874.34"
"21,25 : 87.32"
"21,26 : 711.83"
"21,27 : 232.85"
"21,28 : 825.23"
"21,29 : 850.99"
"21,30 : 1086.0"
"21,31 : 654.94"
"21,32 : 524.32"
"21,33 : 350.63"
"21,34 : 349.09"
"21,35 : 425.15"
"21,36 : 248.29"
"21,37 : 266.24"
"21,38 : 805.85"
"21,39 : 560.93"
"21,40 : 466.62"
"21,41 : 602.81"
"21,42 : 755.49"
"21,43 : 996.36"
"21,44 : 785.06"
"21,45 : 382.56"
"21,46 : 778.26"
"21,47 : 347.46"
"21,48 : 341.04"
"21,49 : 384.77"
"21,50 : 508.57"
"21,51 : 409.66"
"21,52 : 478.01"
"21,53 : 482.11"
"21,54 : 891.9"
"21,55 : 655.51"
"21,56 : 323.56"
"21,57 : 419.15"
"21,58 : 828.33"
"21,59 : 696.02"
"21,60 : 191.93"
"21,61 : 403.55"
"21,62 : 224.54"
"21,63 : 73.82"
"21,64 : 566.01"
"21,65 : 891.81"
"21,66 : 270.48"
"21,67 : 424.65"
"21,68 : 1036.55"
"21,69 : 769.22"
"21,70 : 1036.41"
"21,71 : 883.18"
"21,72 : 943.66"
"21,73 : 370.52"
"21,74 : 147.25"
"21,75 : 467.34"
"21,76 : 930.08"
"21,77 : 582.31"
"21,78 : 564.16"
"21,79 : 797.11"
"21,80 : 248.68"
"21,81 : 722.54"
"21,82 : 309.7"
"21,83 : 599.1"
"21,84 : 373.87"
"21,85 : 508.68"
"21,86 : 1018.33"
"21,87 : 1093.12"
"21,88 : 780.85"
"21,89 : 744.03"
"21,90 : 712.93"
"21,91 : 686.23"
"21,92 : 113.85"
"21,93 : 425.0"
"21,94 : 750.13"
"21,95 : 415.39"
"21,96 : 386.35"
"21,97 : 227.48"
"21,98 : 673.39"
"21,99 : 480.97"
"22,0 : 444.6"
"22,1 : 508.26"
"22,2 : 929.66"
"22,3 : 893.24"
"22,4 : 898.53"
"22,5 : 733.74"
"22,6 : 630.42"
"22,7 : 293.79"
"22,8 : 918.23"
"22,9 : 707.86"
"22,10 : 868.43"
"22,11 : 1263.07"
"22,12 : 1020.4"
"22,13 : 577.97"
"22,14 : 872.41"
"22,15 : 806.76"
"22,16 : 620.21"
"22,17 : 330.15"
"22,18 : 557.07"
"22,19 : 730.39"
"22,20 : 1021.62"
"22,21 : 726.7"
"22,22 : 0.0"
"22,23 : 135.24"
"22,24 : 1004.82"
"22,25 : 646.98"
"22,26 : 1163.86"
"22,27 : 630.03"
"22,28 : 995.24"
"22,29 : 1036.78"
"22,30 : 905.2"
"22,31 : 1043.46"
"22,32 : 714.89"
"22,33 : 839.01"
"22,34 : 826.99"
"22,35 : 911.9"
"22,36 : 490.08"
"22,37 : 973.08"
"22,38 : 878.65"
"22,39 : 637.25"
"22,40 : 794.53"
"22,41 : 167.48"
"22,42 : 1172.23"
"22,43 : 730.15"
"22,44 : 981.95"
"22,45 : 467.52"
"22,46 : 911.71"
"22,47 : 690.11"
"22,48 : 811.77"
"22,49 : 980.87"
"22,50 : 1064.94"
"22,51 : 478.77"
"22,52 : 272.42"
"22,53 : 1020.06"
"22,54 : 823.24"
"22,55 : 565.47"
"22,56 : 791.12"
"22,57 : 453.53"
"22,58 : 1042.4"
"22,59 : 749.8"
"22,60 : 554.17"
"22,61 : 327.32"
"22,62 : 831.24"
"22,63 : 691.79"
"22,64 : 854.48"
"22,65 : 990.64"
"22,66 : 717.55"
"22,67 : 699.61"
"22,68 : 937.05"
"22,69 : 1213.29"
"22,70 : 934.5"
"22,71 : 1128.92"
"22,72 : 722.22"
"22,73 : 757.53"
"22,74 : 813.1"
"22,75 : 1037.65"
"22,76 : 1035.75"
"22,77 : 442.67"
"22,78 : 287.51"
"22,79 : 632.68"
"22,80 : 521.16"
"22,81 : 761.21"
"22,82 : 892.5"
"22,83 : 134.08"
"22,84 : 993.46"
"22,85 : 322.4"
"22,86 : 742.01"
"22,87 : 919.75"
"22,88 : 322.0"
"22,89 : 513.04"
"22,90 : 739.64"
"22,91 : 827.22"
"22,92 : 655.81"
"22,93 : 302.59"
"22,94 : 291.83"
"22,95 : 966.05"
"22,96 : 946.87"
"22,97 : 944.58"
"22,98 : 53.76"
"22,99 : 730.75"
"23,0 : 463.75"
"23,1 : 382.01"
"23,2 : 817.65"
"23,3 : 768.59"
"23,4 : 764.0"
"23,5 : 690.51"
"23,6 : 518.06"
"23,7 : 170.07"
"23,8 : 863.1"
"23,9 : 574.57"
"23,10 : 845.46"
"23,11 : 1167.07"
"23,12 : 906.75"
"23,13 : 552.06"
"23,14 : 739.02"
"23,15 : 765.12"
"23,16 : 496.53"
"23,17 : 195.01"
"23,18 : 422.53"
"23,19 : 595.19"
"23,20 : 904.19"
"23,21 : 725.35"
"23,22 : 135.24"
"23,23 : 0.0"
"23,24 : 885.32"
"23,25 : 640.18"
"23,26 : 1079.05"
"23,27 : 588.32"
"23,28 : 880.01"
"23,29 : 921.83"
"23,30 : 770.01"
"23,31 : 953.83"
"23,32 : 620.0"
"23,33 : 779.19"
"23,34 : 766.55"
"23,35 : 845.66"
"23,36 : 477.84"
"23,37 : 952.3"
"23,38 : 757.92"
"23,39 : 533.91"
"23,40 : 712.58"
"23,41 : 123.0"
"23,42 : 1081.72"
"23,43 : 595.04"
"23,44 : 870.15"
"23,45 : 407.96"
"23,46 : 795.8"
"23,47 : 624.3"
"23,48 : 751.67"
"23,49 : 930.43"
"23,50 : 1002.35"
"23,51 : 409.59"
"23,52 : 247.35"
"23,53 : 956.19"
"23,54 : 692.89"
"23,55 : 446.16"
"23,56 : 732.8"
"23,57 : 385.17"
"23,58 : 930.32"
"23,59 : 633.4"
"23,60 : 574.28"
"23,61 : 325.5"
"23,62 : 793.8"
"23,63 : 703.36"
"23,64 : 761.42"
"23,65 : 868.64"
"23,66 : 666.01"
"23,67 : 620.38"
"23,68 : 803.42"
"23,69 : 1125.59"
"23,70 : 800.81"
"23,71 : 1017.65"
"23,72 : 587.19"
"23,73 : 689.49"
"23,74 : 789.43"
"23,75 : 979.06"
"23,76 : 913.16"
"23,77 : 333.83"
"23,78 : 200.24"
"23,79 : 501.62"
"23,80 : 494.03"
"23,81 : 642.45"
"23,82 : 845.17"
"23,83 : 150.42"
"23,84 : 947.34"
"23,85 : 250.28"
"23,86 : 607.12"
"23,87 : 784.59"
"23,88 : 187.13"
"23,89 : 382.26"
"23,90 : 620.82"
"23,91 : 716.36"
"23,92 : 638.38"
"23,93 : 310.91"
"23,94 : 156.63"
"23,95 : 907.57"
"23,96 : 891.45"
"23,97 : 950.96"
