x,y
675,50
703,55
135,900
522,810
487,183
828,168
325,160
427,98
362,187
591,347
27,823
612,637
738,491
921,942
837,519
517,911
71,289
907,574
451,397
641,75
792,915
135,631
172,535
443,30
624,958
356,16
617,123
808,694
668,803
838,413
828,815
178,643
802,621
80,665
214,107
588,365
37,348
466,262
402,608
606,406
488,473
967,835
905,995
465,88
920,848
40,12
471,917
930,602
838,765
218,431
230,814
183,355
37,687
272,796
727,126
810,668
285,96
119,780
569,253
965,897
824,182
697,117
15,661
329,275
213,980
154,573
43,987
235,371
186,513
943,829
176,489
860,605
221,732
301,252
512,450
723,82
530,318
491,10
166,11
805,242
219,755
61,693
314,175
814,48
513,811
934,919
141,66
665,703
88,103
656,338
572,884
776,819
334,430
689,647
77,253
136,124
74,366
994,450
662,783
759,453

Distanze
"0,0 : 0.0"
"0,1 : 28.44"
"0,2 : 1007.03"
"0,3 : 775.25"
"0,4 : 230.29"
"0,5 : 193.22"
"0,6 : 366.88"
"0,7 : 252.6"
"0,8 : 341.67"
"0,9 : 308.65"
"0,10 : 1008.68"
"0,11 : 590.37"
"0,12 : 445.48"
"0,13 : 925.3"
"0,14 : 496.19"
"0,15 : 875.38"
"0,16 : 649.57"
"0,17 : 573.06"
"0,18 : 413.02"
"0,19 : 42.2"
"0,20 : 872.88"
"0,21 : 793.2"
"0,22 : 698.74"
"0,23 : 232.86"
"0,24 : 909.43"
"0,25 : 320.81"
"0,26 : 93.24"
"0,27 : 657.59"
"0,28 : 753.03"
"0,29 : 397.92"
"0,30 : 780.15"
"0,31 : 773.73"
"0,32 : 584.95"
"0,33 : 855.72"
"0,34 : 464.51"
"0,35 : 326.79"
"0,36 : 704.16"
"0,37 : 297.7"
"0,38 : 621.2"
"0,39 : 362.63"
"0,40 : 462.49"
"0,41 : 837.55"
"0,42 : 972.59"
"0,43 : 213.41"
"0,44 : 834.76"
"0,45 : 636.14"
"0,46 : 890.68"
"0,47 : 608.05"
"0,48 : 733.34"
"0,49 : 594.99"
"0,50 : 884.15"
"0,51 : 578.87"
"0,52 : 901.56"
"0,53 : 847.89"
"0,54 : 92.09"
"0,55 : 632.57"
"0,56 : 392.7"
"0,57 : 917.63"
"0,58 : 229.01"
"0,59 : 895.27"
"0,60 : 199.06"
"0,61 : 70.52"
"0,62 : 899.4"
"0,63 : 412.72"
"0,64 : 1038.43"
"0,65 : 738.22"
"0,66 : 1130.22"
"0,67 : 544.65"
"0,68 : 673.42"
"0,69 : 823.81"
"0,70 : 664.62"
"0,71 : 585.02"
"0,72 : 819.29"
"0,73 : 425.06"
"0,74 : 431.94"
"0,75 : 57.69"
"0,76 : 304.71"
"0,77 : 188.3"
"0,78 : 510.49"
"0,79 : 231.87"
"0,80 : 839.62"
"0,81 : 889.07"
"0,82 : 382.03"
"0,83 : 139.01"
"0,84 : 778.05"
"0,85 : 906.78"
"0,86 : 534.24"
"0,87 : 653.08"
"0,88 : 589.39"
"0,89 : 288.63"
"0,90 : 840.34"
"0,91 : 775.6"
"0,92 : 510.57"
"0,93 : 597.16"
"0,94 : 631.52"
"0,95 : 544.06"
"0,96 : 679.01"
"0,97 : 511.63"
"0,98 : 733.12"
"0,99 : 411.66"
"1,0 : 28.44"
"1,1 : 0.0"
"1,2 : 1018.16"
"1,3 : 776.39"
"1,4 : 251.08"
"1,5 : 168.51"
"1,6 : 392.31"
"1,7 : 279.33"
"1,8 : 365.66"
"1,9 : 312.74"
"1,10 : 1023.13"
"1,11 : 589.07"
"1,12 : 437.4"
"1,13 : 913.4"
"1,14 : 482.96"
"1,15 : 875.97"
"1,16 : 673.93"
"1,17 : 557.65"
"1,18 : 424.82"
"1,19 : 65.15"
"1,20 : 864.59"
"1,21 : 808.95"
"1,22 : 715.79"
"1,23 : 261.2"
"1,24 : 906.45"
"1,25 : 349.18"
"1,26 : 109.64"
"1,27 : 647.57"
"1,28 : 748.82"
"1,29 : 382.61"
"1,30 : 770.21"
"1,31 : 788.27"
"1,32 : 574.59"
"1,33 : 871.91"
"1,34 : 491.76"
"1,35 : 330.64"
"1,36 : 727.6"
"1,37 : 314.67"
"1,38 : 629.61"
"1,39 : 364.16"
"1,40 : 470.05"
"1,41 : 823.47"
"1,42 : 961.46"
"1,43 : 240.28"
"1,44 : 822.15"
"1,45 : 664.39"
"1,46 : 892.67"
"1,47 : 592.23"
"1,48 : 722.72"
"1,49 : 613.68"
"1,50 : 894.32"
"1,51 : 600.33"
"1,52 : 918.14"
"1,53 : 857.23"
"1,54 : 74.95"
"1,55 : 622.27"
"1,56 : 420.01"
"1,57 : 930.96"
"1,58 : 239.08"
"1,59 : 881.82"
"1,60 : 175.41"
"1,61 : 62.29"
"1,62 : 916.83"
"1,63 : 433.91"
"1,64 : 1046.77"
"1,65 : 754.8"
"1,66 : 1142.03"
"1,67 : 564.69"
"1,68 : 690.69"
"1,69 : 810.36"
"1,70 : 682.7"
"1,71 : 571.97"
"1,72 : 831.06"
"1,73 : 447.68"
"1,74 : 438.76"
"1,75 : 33.6"
"1,76 : 314.8"
"1,77 : 216.72"
"1,78 : 538.8"
"1,79 : 213.01"
"1,80 : 851.03"
"1,81 : 905.1"
"1,82 : 407.09"
"1,83 : 111.22"
"1,84 : 779.51"
"1,85 : 894.35"
"1,86 : 562.11"
"1,87 : 649.11"
"1,88 : 616.87"
"1,89 : 286.88"
"1,90 : 839.29"
"1,91 : 767.48"
"1,92 : 526.1"
"1,93 : 592.17"
"1,94 : 656.57"
"1,95 : 571.18"
"1,96 : 701.69"
"1,97 : 490.62"
"1,98 : 729.15"
"1,99 : 401.92"
"2,0 : 1007.03"
"2,1 : 1018.16"
"2,2 : 0.0"
"2,3 : 397.33"
"2,4 : 798.74"
"2,5 : 1008.0"
"2,6 : 764.0"
"2,7 : 853.5"
"2,8 : 748.26"
"2,9 : 716.76"
"2,10 : 132.64"
"2,11 : 544.7"
"2,12 : 728.62"
"2,13 : 787.12"
"2,14 : 798.73"
"2,15 : 382.16"
"2,16 : 614.34"
"2,17 : 838.01"
"2,18 : 594.02"
"2,19 : 967.81"
"2,20 : 657.17"
"2,21 : 269.0"
"2,22 : 366.87"
"2,23 : 922.91"
"2,24 : 492.43"
"2,25 : 911.21"
"2,26 : 914.36"
"2,27 : 703.82"
"2,28 : 541.75"
"2,29 : 855.21"
"2,30 : 698.19"
"2,31 : 260.57"
"2,32 : 723.0"
"2,33 : 241.35"
"2,34 : 796.93"
"2,35 : 701.02"
"2,36 : 560.63"
"2,37 : 718.75"
"2,38 : 395.67"
"2,39 : 682.55"
"2,40 : 554.02"
"2,41 : 834.54"
"2,42 : 775.84"
"2,43 : 876.5"
"2,44 : 786.72"
"2,45 : 893.07"
"2,46 : 336.43"
"2,47 : 849.02"
"2,48 : 715.84"
"2,49 : 476.29"
"2,50 : 128.14"
"2,51 : 547.11"
"2,52 : 234.46"
"2,53 : 172.0"
"2,54 : 974.44"
"2,55 : 713.76"
"2,56 : 817.87"
"2,57 : 121.06"
"2,58 : 779.08"
"2,59 : 830.01"
"2,60 : 995.11"
"2,61 : 963.81"
"2,62 : 267.43"
"2,63 : 654.42"
"2,64 : 111.73"
"2,65 : 327.55"
"2,66 : 126.62"
"2,67 : 538.37"
"2,68 : 390.35"
"2,69 : 811.11"
"2,70 : 413.04"
"2,71 : 782.72"
"2,72 : 188.73"
"2,73 : 668.92"
"2,74 : 587.05"
"2,75 : 1007.41"
"2,76 : 703.38"
"2,77 : 958.56"
"2,78 : 889.54"
"2,79 : 939.08"
"2,80 : 167.57"
"2,81 : 219.83"
"2,82 : 746.77"
"2,83 : 1089.47"
"2,84 : 388.34"
"2,85 : 799.23"
"2,86 : 834.02"
"2,87 : 565.43"
"2,88 : 798.38"
"2,89 : 766.35"
"2,90 : 437.29"
"2,91 : 646.1"
"2,92 : 510.39"
"2,93 : 609.04"
"2,94 : 649.59"
"2,95 : 776.0"
"2,96 : 537.47"
"2,97 : 969.73"
"2,98 : 539.83"
"2,99 : 767.58"
"3,0 : 775.25"
"3,1 : 776.39"
"3,2 : 397.33"
"3,3 : 0.0"
"3,4 : 627.98"
"3,5 : 711.2"
"3,6 : 679.2"
"3,7 : 718.31"
"3,8 : 643.22"
"3,9 : 468.11"
"3,10 : 495.17"
"3,11 : 195.01"
"3,12 : 385.25"
"3,13 : 420.27"
"3,14 : 428.84"
"3,15 : 101.12"
"3,16 : 689.09"
"3,17 : 451.58"
"3,18 : 419.06"
"3,19 : 744.57"
"3,20 : 289.7"
"3,21 : 426.39"
"3,22 : 445.11"
"3,23 : 783.99"
"3,24 : 179.74"
"3,25 : 811.17"
"3,26 : 693.54"
"3,27 : 308.63"
"3,28 : 146.17"
"3,29 : 507.41"
"3,30 : 306.04"
"3,31 : 382.39"
"3,32 : 337.82"
"3,33 : 465.18"
"3,34 : 767.51"
"3,35 : 449.87"
"3,36 : 669.83"
"3,37 : 550.85"
"3,38 : 234.96"
"3,39 : 412.64"
"3,40 : 338.71"
"3,41 : 445.7"
"3,42 : 425.34"
"3,43 : 724.25"
"3,44 : 399.81"
"3,45 : 932.27"
"3,46 : 118.53"
"3,47 : 457.96"
"3,48 : 319.19"
"3,49 : 485.86"
"3,50 : 292.03"
"3,51 : 567.4"
"3,52 : 500.35"
"3,53 : 250.39"
"3,54 : 714.06"
"3,55 : 321.1"
"3,56 : 752.31"
"3,57 : 404.12"
"3,58 : 558.98"
"3,59 : 451.46"
"3,60 : 696.84"
"3,61 : 714.75"
"3,62 : 528.44"
"3,63 : 568.75"
"3,64 : 352.68"
"3,65 : 437.71"
"3,66 : 510.66"
"3,67 : 524.49"
"3,68 : 448.45"
"3,69 : 421.43"
"3,70 : 471.97"
"3,71 : 395.31"
"3,72 : 310.94"
"3,73 : 600.17"
"3,74 : 360.14"
"3,75 : 755.24"
"3,76 : 492.07"
"3,77 : 800.6"
"3,78 : 874.72"
"3,79 : 634.6"
"3,80 : 307.95"
"3,81 : 475.62"
"3,82 : 668.2"
"3,83 : 816.03"
"3,84 : 9.06"
"3,85 : 426.17"
"3,86 : 835.88"
"3,87 : 178.6"
"3,88 : 829.58"
"3,89 : 490.65"
"3,90 : 89.31"
"3,91 : 254.16"
"3,92 : 423.96"
"3,93 : 233.36"
"3,94 : 712.93"
"3,95 : 787.14"
"3,96 : 630.75"
"3,97 : 593.62"
"3,98 : 142.58"
"3,99 : 428.51"
"4,0 : 230.29"
"4,1 : 251.08"
"4,2 : 798.74"
"4,3 : 627.98"
"4,4 : 0.0"
"4,5 : 341.33"
"4,6 : 163.62"
"4,7 : 104.04"
"4,8 : 125.06"
"4,9 : 194.2"
"4,10 : 788.16"
"4,11 : 470.89"
"4,12 : 397.32"
"4,13 : 874.32"
"4,14 : 485.18"
"4,15 : 728.62"
"4,16 : 429.29"
"4,17 : 573.83"
"4,18 : 217.01"
"4,19 : 188.1"
"4,20 : 793.0"
"4,21 : 569.74"
"4,22 : 472.37"
"4,23 : 159.2"
"4,24 : 787.02"
"4,25 : 212.25"
"4,26 : 143.18"
"4,27 : 603.46"
"4,28 : 645.88"
"4,29 : 419.64"
"4,30 : 718.13"
"4,31 : 554.15"
"4,32 : 539.51"
"4,33 : 630.85"
"4,34 : 283.38"
"4,35 : 208.15"
"4,36 : 479.3"
"4,37 : 81.74"
"4,38 : 433.42"
"4,39 : 252.76"
"4,40 : 290.0"
"4,41 : 809.63"
"4,42 : 913.27"
"4,43 : 97.51"
"4,44 : 793.55"
"4,45 : 478.59"
"4,46 : 734.17"
"4,47 : 609.76"
"4,48 : 679.65"
"4,49 : 365.88"
"4,50 : 681.33"
"4,51 : 349.28"
"4,52 : 675.66"
"4,53 : 649.61"
"4,54 : 246.68"
"4,55 : 582.71"
"4,56 : 219.94"
"4,57 : 701.31"
"4,58 : 107.81"
"4,59 : 859.23"
"4,60 : 337.0"
"4,61 : 220.13"
"4,62 : 671.76"
"4,63 : 182.83"
"4,64 : 842.78"
"4,65 : 512.82"
"4,66 : 918.45"
"4,67 : 314.4"
"4,68 : 446.66"
"4,69 : 790.73"
"4,70 : 436.3"
"4,71 : 563.22"
"4,72 : 610.05"
"4,73 : 198.39"
"4,74 : 268.17"
"4,75 : 256.7"
"4,76 : 141.68"
"4,77 : 173.05"
"4,78 : 364.18"
"4,79 : 323.43"
"4,80 : 631.67"
"4,81 : 664.51"
"4,82 : 173.18"
"4,83 : 353.77"
"4,84 : 628.54"
"4,85 : 861.11"
"4,86 : 365.25"
"4,87 : 549.62"
"4,88 : 406.94"
"4,89 : 229.32"
"4,90 : 706.13"
"4,91 : 698.58"
"4,92 : 290.55"
"4,93 : 506.06"
"4,94 : 415.93"
"4,95 : 355.92"
"4,96 : 451.73"
"4,97 : 573.01"
"4,98 : 625.0"
"4,99 : 383.25"
"5,0 : 193.22"
"5,1 : 168.51"
"5,2 : 1008.0"
"5,3 : 711.2"
"5,4 : 341.33"
"5,5 : 0.0"
"5,6 : 503.06"
"5,7 : 407.06"
"5,8 : 466.39"
"5,9 : 297.0"
"5,10 : 1034.71"
"5,11 : 516.35"
"5,12 : 335.3"
"5,13 : 779.57"
"5,14 : 351.12"
"5,15 : 805.46"
"5,16 : 766.61"
"5,17 : 413.61"
"5,18 : 441.1"
"5,19 : 208.85"
"5,20 : 747.87"
"5,21 : 833.44"
"5,22 : 751.68"
"5,23 : 408.99"
"5,24 : 815.91"
"5,25 : 495.87"
"5,26 : 215.75"
"5,27 : 526.38"
"5,28 : 654.85"
"5,29 : 245.2"
"5,30 : 647.0"
"5,31 : 805.06"
"5,32 : 453.75"
"5,33 : 898.06"
"5,34 : 617.02"
"5,35 : 310.5"
"5,36 : 811.22"
"5,37 : 374.01"
"5,38 : 612.43"
"5,39 : 325.47"
"5,40 : 456.75"
"5,41 : 681.33"
"5,42 : 830.58"
"5,43 : 371.71"
"5,44 : 686.2"
"5,45 : 803.29"
"5,46 : 829.73"
"5,47 : 445.83"
"5,48 : 597.08"
"5,49 : 664.28"
"5,50 : 880.3"
"5,51 : 671.56"
"5,52 : 946.07"
"5,53 : 838.76"
"5,54 : 109.38"
"5,55 : 500.32"
"5,56 : 547.75"
"5,57 : 936.6"
"5,58 : 272.59"
"5,59 : 741.76"
"5,60 : 14.56"
"5,61 : 140.58"
"5,62 : 950.8"
"5,63 : 510.34"
"5,64 : 1018.61"
"5,65 : 786.32"
"5,66 : 1134.45"
"5,67 : 626.78"
"5,68 : 728.83"
"5,69 : 670.93"
"5,70 : 726.74"
"5,71 : 438.17"
"5,72 : 828.58"
"5,73 : 533.65"
"5,74 : 423.53"
"5,75 : 135.72"
"5,76 : 333.62"
"5,77 : 372.2"
"5,78 : 680.36"
"5,79 : 77.49"
"5,80 : 845.84"
"5,81 : 929.47"
"5,82 : 514.05"
"5,83 : 120.81"
"5,84 : 716.01"
"5,85 : 758.44"
"5,86 : 694.53"
"5,87 : 559.28"
"5,88 : 742.85"
"5,89 : 241.83"
"5,90 : 760.39"
"5,91 : 653.07"
"5,92 : 559.18"
"5,93 : 498.76"
"5,94 : 755.79"
"5,95 : 693.4"
"5,96 : 779.56"
"5,97 : 327.23"
"5,98 : 637.01"
"5,99 : 293.23"
"6,0 : 366.88"
"6,1 : 392.31"
"6,2 : 764.0"
"6,3 : 679.2"
"6,4 : 163.62"
"6,5 : 503.06"
"6,6 : 0.0"
"6,7 : 119.36"
"6,8 : 45.8"
"6,9 : 325.15"
"6,10 : 726.89"
"6,11 : 556.68"
"6,12 : 529.27"
"6,13 : 983.23"
"6,14 : 625.32"
"6,15 : 775.15"
"6,16 : 284.88"
"6,17 : 714.23"
"6,18 : 268.41"
"6,19 : 327.23"
"6,20 : 887.76"
"6,21 : 507.88"
"6,22 : 405.01"
"6,23 : 175.57"
"6,24 : 852.18"
"6,25 : 147.3"
"6,26 : 294.33"
"6,27 : 720.03"
"6,28 : 728.76"
"6,29 : 571.99"
"6,30 : 825.85"
"6,31 : 504.87"
"6,32 : 663.36"
"6,33 : 561.29"
"6,34 : 123.0"
"6,35 : 333.46"
"6,36 : 343.93"
"6,37 : 174.03"
"6,38 : 454.57"
"6,39 : 373.47"
"6,40 : 352.9"
"6,41 : 931.55"
"6,42 : 1016.67"
"6,43 : 157.43"
"6,44 : 909.6"
"6,45 : 321.14"
"6,46 : 770.95"
"6,47 : 749.26"
"6,48 : 793.22"
"6,49 : 291.36"
"6,50 : 660.86"
"6,51 : 241.22"
"6,52 : 600.56"
"6,53 : 638.2"
"6,54 : 403.44"
"6,55 : 702.35"
"6,56 : 75.47"
"6,57 : 653.33"
"6,58 : 261.12"
"6,59 : 976.1"
"6,60 : 499.48"
"6,61 : 374.48"
"6,62 : 589.15"
"6,63 : 115.07"
"6,64 : 827.61"
"6,65 : 447.0"
"6,66 : 873.76"
"6,67 : 229.39"
"6,68 : 379.38"
"6,69 : 910.76"
"6,70 : 361.17"
"6,71 : 695.88"
"6,72 : 581.38"
"6,73 : 95.08"
"6,74 : 345.06"
"6,75 : 405.57"
"6,76 : 258.82"
"6,77 : 223.73"
"6,78 : 217.9"
"6,79 : 486.95"
"6,80 : 604.37"
"6,81 : 594.8"
"6,82 : 18.6"
"6,83 : 501.66"
"6,84 : 677.6"
"6,85 : 973.12"
"6,86 : 206.62"
"6,87 : 640.66"
"6,88 : 243.76"
"6,89 : 375.83"
"6,90 : 764.97"
"6,91 : 798.55"
"6,92 : 270.15"
"6,93 : 608.0"
"6,94 : 264.86"
"6,95 : 192.4"
"6,96 : 324.71"
"6,97 : 729.15"
"6,98 : 708.31"
"6,99 : 523.65"
"7,0 : 252.6"
"7,1 : 279.33"
"7,2 : 853.5"
"7,3 : 718.31"
"7,4 : 104.04"
"7,5 : 407.06"
"7,6 : 119.36"
"7,7 : 0.0"
"7,8 : 110.21"
"7,9 : 298.16"
"7,10 : 828.02"
"7,11 : 569.86"
"7,12 : 501.17"
"7,13 : 977.94"
"7,14 : 587.66"
"7,15 : 817.97"
"7,16 : 404.0"
"7,17 : 676.0"
"7,18 : 299.96"
"7,19 : 215.23"
"7,20 : 894.83"
"7,21 : 607.74"
"7,22 : 505.96"
"7,23 : 69.86"
"7,24 : 882.27"
"7,25 : 108.47"
"7,26 : 191.64"
"7,27 : 707.37"
"7,28 : 745.05"
"7,29 : 517.83"
"7,30 : 821.52"
"7,31 : 599.19"
"7,32 : 643.55"
"7,33 : 664.75"
"7,34 : 213.19"
"7,35 : 311.79"
"7,36 : 463.25"
"7,37 : 168.57"
"7,38 : 510.61"
"7,39 : 356.24"
"7,40 : 379.93"
"7,41 : 913.66"
"7,42 : 1016.41"
"7,43 : 39.29"
"7,44 : 897.52"
"7,45 : 396.44"
"7,46 : 820.18"
"7,47 : 712.06"
"7,48 : 783.46"
"7,49 : 393.15"
"7,50 : 742.61"
"7,51 : 354.38"
"7,52 : 706.41"
"7,53 : 715.0"
"7,54 : 301.3"
"7,55 : 686.72"
"7,56 : 142.01"
"7,57 : 748.32"
"7,58 : 210.21"
"7,59 : 963.25"
"7,60 : 405.79"
"7,61 : 270.67"
"7,62 : 697.65"
"7,63 : 202.32"
"7,64 : 907.59"
"7,65 : 547.86"
"7,66 : 968.39"
"7,67 : 333.76"
"7,68 : 479.9"
"7,69 : 894.77"
"7,70 : 464.63"
"7,71 : 666.74"
"7,72 : 666.63"
"7,73 : 198.98"
"7,74 : 362.12"
"7,75 : 296.43"
"7,76 : 242.92"
"7,77 : 108.81"
"7,78 : 275.12"
"7,79 : 404.5"
"7,80 : 689.14"
"7,81 : 698.56"
"7,82 : 136.74"
"7,83 : 390.22"
"7,84 : 718.17"
"7,85 : 964.93"
"7,86 : 287.78"
"7,87 : 650.13"
"7,88 : 339.04"
"7,89 : 331.72"
"7,90 : 799.26"
"7,91 : 801.03"
"7,92 : 344.78"
"7,93 : 608.31"
"7,94 : 382.79"
"7,95 : 292.16"
"7,96 : 443.21"
"7,97 : 667.38"
"7,98 : 724.19"
"7,99 : 486.05"
"8,0 : 341.67"
"8,1 : 365.66"
"8,2 : 748.26"
"8,3 : 643.22"
"8,4 : 125.06"
"8,5 : 466.39"
"8,6 : 45.8"
"8,7 : 110.21"
"8,8 : 0.0"
"8,9 : 279.36"
"8,10 : 718.83"
"8,11 : 514.78"
"8,12 : 483.52"
"8,13 : 939.42"
"8,14 : 579.52"
"8,15 : 740.41"
"8,16 : 308.36"
"8,17 : 668.43"
"8,18 : 228.08"
"8,19 : 300.64"
"8,20 : 845.51"
"8,21 : 498.66"
"8,22 : 396.49"
"8,23 : 176.66"
"8,24 : 814.3"
"8,25 : 171.11"
"8,26 : 262.91"
"8,27 : 675.25"
"8,28 : 687.82"
"8,29 : 526.93"
"8,30 : 782.01"
"8,31 : 491.72"
"8,32 : 618.03"
"8,33 : 554.98"
"8,34 : 168.24"
"8,35 : 287.68"
"8,36 : 362.69"
"8,37 : 128.22"
"8,38 : 422.9"
"8,39 : 327.87"
"8,40 : 312.53"
"8,41 : 886.53"
"8,42 : 973.51"
"8,43 : 142.86"
"8,44 : 865.03"
"8,45 : 366.48"
"8,46 : 738.09"
"8,47 : 703.46"
"8,48 : 748.77"
"8,49 : 283.32"
"8,50 : 640.74"
"8,51 : 245.49"
"8,52 : 596.34"
"8,53 : 615.61"
"8,54 : 370.06"
"8,55 : 657.32"
"8,56 : 119.21"
"8,57 : 640.86"
"8,58 : 217.27"
"8,59 : 931.51"
"8,60 : 462.03"
"8,61 : 342.24"
"8,62 : 587.44"
"8,63 : 93.98"
"8,64 : 806.88"
"8,65 : 438.47"
"8,66 : 861.26"
"8,67 : 223.57"
"8,68 : 370.48"
"8,69 : 865.87"
"8,70 : 354.68"
"8,71 : 650.18"
"8,72 : 562.94"
"8,73 : 89.14"
"8,74 : 302.77"
"8,75 : 375.96"
"8,76 : 213.04"
"8,77 : 219.02"
"8,78 : 263.42"
"8,79 : 446.4"
"8,80 : 585.72"
"8,81 : 588.76"
"8,82 : 49.48"
"8,83 : 472.89"
"8,84 : 642.01"
"8,85 : 928.98"
"8,86 : 251.96"
"8,87 : 598.39"
"8,88 : 286.59"
"8,89 : 330.51"
"8,90 : 727.95"
"8,91 : 755.53"
"8,92 : 244.61"
"8,93 : 564.38"
"8,94 : 292.54"
"8,95 : 234.62"
"8,96 : 339.09"
"8,97 : 684.54"
"8,98 : 667.25"
"8,99 : 477.88"
"9,0 : 308.65"
"9,1 : 312.74"
"9,2 : 716.76"
"9,3 : 468.11"
"9,4 : 194.2"
"9,5 : 297.0"
"9,6 : 325.15"
"9,7 : 298.16"
"9,8 : 279.36"
"9,9 : 0.0"
"9,10 : 738.02"
"9,11 : 290.76"
"9,12 : 205.78"
"9,13 : 680.39"
"9,14 : 300.17"
"9,15 : 568.83"
"9,16 : 523.22"
"9,17 : 389.08"
"9,18 : 148.66"
"9,19 : 276.56"
"9,20 : 602.52"
"9,21 : 537.21"
"9,22 : 459.24"
"9,23 : 349.85"
"9,24 : 611.89"
"9,25 : 405.94"
"9,26 : 225.5"
"9,27 : 409.27"
"9,28 : 462.46"
"9,29 : 255.67"
"9,30 : 524.59"
"9,31 : 508.12"
"9,32 : 345.83"
"9,33 : 601.87"
"9,34 : 446.91"
"9,35 : 18.25"
"9,36 : 554.0"
"9,37 : 151.16"
"9,38 : 322.25"
"9,39 : 60.88"
"9,40 : 162.74"
"9,41 : 616.05"
"9,42 : 720.07"
"9,43 : 288.02"
"9,44 : 599.37"
"9,45 : 644.85"
"9,46 : 582.49"
"9,47 : 424.2"
"9,48 : 485.52"
"9,49 : 382.34"
"9,50 : 590.26"
"9,51 : 408.08"
"9,52 : 650.01"
"9,53 : 550.78"
"9,54 : 259.49"
"9,55 : 388.59"
"9,56 : 395.77"
"9,57 : 640.53"
"9,58 : 96.54"
"9,59 : 665.11"
"9,60 : 285.51"
"9,61 : 253.25"
"9,62 : 656.03"
"9,63 : 271.71"
"9,64 : 737.27"
"9,65 : 491.98"
"9,66 : 842.56"
"9,67 : 356.81"
"9,68 : 437.7"
"9,69 : 596.85"
"9,70 : 438.62"
"9,71 : 372.73"
"9,72 : 533.97"
"9,73 : 305.16"
"9,74 : 129.81"
"9,75 : 296.06"
"9,76 : 67.54"
"9,77 : 351.52"
"9,78 : 541.78"
"9,79 : 238.37"
"9,80 : 552.13"
"9,81 : 632.94"
"9,82 : 326.06"
"9,83 : 373.0"
"9,84 : 470.51"
"9,85 : 666.96"
"9,86 : 530.53"
"9,87 : 363.61"
"9,88 : 559.06"
"9,89 : 65.62"
"9,90 : 537.34"
"9,91 : 506.96"
"9,92 : 270.07"
"9,93 : 315.6"
"9,94 : 522.52"
"9,95 : 506.71"
"9,96 : 517.35"
"9,97 : 415.95"
"9,98 : 441.74"
"9,99 : 198.65"
"10,0 : 1008.68"
"10,1 : 1023.13"
"10,2 : 132.64"
"10,3 : 495.17"
"10,4 : 788.16"
"10,5 : 1034.71"
"10,6 : 726.89"
"10,7 : 828.02"
"10,8 : 718.83"
"10,9 : 738.02"
"10,10 : 0.0"
"10,11 : 613.86"
"10,12 : 784.69"
"10,13 : 901.89"
"10,14 : 865.17"
"10,15 : 497.84"
"10,16 : 535.81"
"10,17 : 914.55"
"10,18 : 601.04"
"10,19 : 967.73"
"10,20 : 770.51"
"10,21 : 220.29"
"10,22 : 322.44"
"10,23 : 895.49"
"10,24 : 612.07"
"10,25 : 871.49"
"10,26 : 915.48"
"10,27 : 791.58"
"10,28 : 641.31"
"10,29 : 908.75"
"10,30 : 801.04"
"10,31 : 234.95"
"10,32 : 800.89"
"10,33 : 166.65"
"10,34 : 740.02"
"10,35 : 724.21"
"10,36 : 475.11"
"10,37 : 712.35"
"10,38 : 432.26"
"10,39 : 713.53"
"10,40 : 578.81"
"10,41 : 940.08"
"10,42 : 894.69"
"10,43 : 855.61"
"10,44 : 893.35"
"10,45 : 811.1"
"10,46 : 453.84"
"10,47 : 929.65"
"10,48 : 813.07"
"10,49 : 436.06"
"10,50 : 203.2"
"10,51 : 493.32"
"10,52 : 136.37"
"10,53 : 246.48"
"10,54 : 987.83"
"10,55 : 798.19"
"10,56 : 771.42"
"10,57 : 101.55"
"10,58 : 786.55"
"10,59 : 940.91"
"10,60 : 1022.79"
"10,61 : 973.31"
"10,62 : 162.44"
"10,63 : 625.71"
"10,64 : 243.4"
"10,65 : 280.41"
"10,66 : 164.78"
"10,67 : 497.56"
"10,68 : 348.4"
"10,69 : 916.02"
"10,70 : 365.73"
"10,71 : 861.05"
"10,72 : 214.28"
"10,73 : 633.34"
"10,74 : 611.84"
"10,75 : 1016.61"
"10,76 : 712.77"
"10,77 : 936.09"
"10,78 : 823.81"
"10,79 : 971.0"
"10,80 : 203.69"
"10,81 : 134.37"
"10,82 : 708.71"
"10,83 : 1104.53"
"10,84 : 486.15"
"10,85 : 912.07"
"10,86 : 765.54"
"10,87 : 649.19"
"10,88 : 722.58"
"10,89 : 794.27"
"10,90 : 548.4"
"10,91 : 749.01"
"10,92 : 498.7"
"10,93 : 685.0"
"10,94 : 572.19"
"10,95 : 707.45"
"10,96 : 459.41"
"10,97 : 1036.44"
"10,98 : 636.26"
"10,99 : 820.2"
"11,0 : 590.37"
"11,1 : 589.07"
"11,2 : 544.7"
"11,3 : 195.01"
"11,4 : 470.89"
"11,5 : 516.35"
"11,6 : 556.68"
"11,7 : 569.86"
"11,8 : 514.78"
"11,9 : 290.76"
"11,10 : 613.86"
"11,11 : 0.0"
"11,12 : 192.85"
"11,13 : 434.17"
"11,14 : 254.06"
"11,15 : 290.0"
"11,16 : 643.26"
"11,17 : 301.65"
"11,18 : 289.0"
"11,19 : 562.75"
"11,20 : 331.19"
"11,21 : 477.04"
"11,22 : 451.67"
"11,23 : 630.09"
"11,24 : 321.22"
"11,25 : 671.7"
"11,26 : 514.02"
"11,27 : 204.12"
"11,28 : 175.19"
"11,29 : 318.2"
"11,30 : 279.89"
"11,31 : 434.04"
"11,32 : 190.67"
"11,33 : 532.74"
"11,34 : 662.8"
"11,35 : 273.06"
"11,36 : 643.54"
"11,37 : 402.42"
"11,38 : 211.99"
"11,39 : 231.08"
"11,40 : 205.6"
"11,41 : 406.48"
"11,42 : 462.62"
"11,43 : 568.34"
"11,44 : 373.34"
"11,45 : 847.24"
"11,46 : 313.5"
"11,47 : 319.92"
"11,48 : 259.73"
"11,49 : 444.6"
"11,50 : 421.01"
"11,51 : 513.39"
"11,52 : 577.17"
"11,53 : 375.34"
"11,54 : 523.78"
"11,55 : 200.41"
"11,56 : 632.15"
"11,57 : 513.32"
"11,58 : 386.4"
"11,59 : 438.42"
"11,60 : 501.97"
"11,61 : 526.9"
"11,62 : 597.48"
"11,63 : 459.49"
"11,64 : 526.17"
"11,65 : 462.45"
"11,66 : 668.03"
"11,67 : 461.39"
"11,68 : 443.68"
"11,69 : 382.66"
"11,70 : 460.43"
"11,71 : 250.06"
"11,72 : 402.38"
"11,73 : 494.92"
"11,74 : 212.06"
"11,75 : 565.99"
"11,76 : 329.37"
"11,77 : 638.57"
"11,78 : 768.63"
"11,79 : 439.63"
"11,80 : 410.33"
"11,81 : 553.84"
"11,82 : 549.77"
"11,83 : 622.68"
"11,84 : 200.19"
"11,85 : 428.03"
"11,86 : 740.19"
"11,87 : 84.65"
"11,88 : 748.15"
"11,89 : 302.22"
"11,90 : 250.22"
"11,91 : 244.99"
"11,92 : 346.6"
"11,93 : 77.65"
"11,94 : 658.54"
"11,95 : 699.82"
"11,96 : 602.4"
"11,97 : 425.32"
"11,98 : 154.32"
"11,99 : 235.51"
"12,0 : 445.48"
"12,1 : 437.4"
"12,2 : 728.62"
"12,3 : 385.25"
"12,4 : 397.32"
"12,5 : 335.3"
"12,6 : 529.27"
"12,7 : 501.17"
"12,8 : 483.52"
"12,9 : 205.78"
"12,10 : 784.69"
"12,11 : 192.85"
"12,12 : 0.0"
"12,13 : 486.71"
"12,14 : 102.88"
"12,15 : 474.6"
"12,16 : 696.92"
"12,17 : 188.28"
"12,18 : 302.0"
"12,19 : 427.16"
"12,20 : 427.42"
"12,21 : 619.04"
"12,22 : 567.71"
"12,23 : 547.31"
"12,24 : 480.71"
"12,25 : 609.55"
"12,26 : 387.38"
"12,27 : 214.73"
"12,28 : 319.76"
"12,29 : 126.82"
"12,30 : 336.27"
"12,31 : 580.26"
"12,32 : 144.9"
"12,33 : 680.62"
"12,34 : 649.64"
"12,35 : 195.9"
"12,36 : 715.44"
"12,37 : 355.56"
"12,38 : 355.79"
"12,39 : 157.0"
"12,40 : 250.65"
"12,41 : 413.25"
"12,42 : 530.95"
"12,43 : 486.76"
"12,44 : 400.72"
"12,45 : 846.55"
"12,46 : 502.76"
"12,47 : 221.78"
"12,48 : 291.68"
"12,49 : 523.45"
"12,50 : 601.99"
"12,51 : 571.42"
"12,52 : 727.89"
"12,53 : 556.94"
"12,54 : 365.17"
"12,55 : 191.08"
"12,56 : 601.03"
"12,57 : 683.14"
"12,58 : 291.9"
"12,59 : 465.15"
"12,60 : 320.74"
"12,61 : 376.24"
"12,62 : 742.72"
"12,63 : 462.53"
"12,64 : 717.46"
"12,65 : 589.73"
"12,66 : 853.84"
"12,67 : 517.12"
"12,68 : 552.44"
"12,69 : 395.31"
"12,70 : 562.0"
"12,71 : 166.97"
"12,72 : 570.41"
"12,73 : 498.09"
"12,74 : 229.69"
"12,75 : 409.27"
"12,76 : 270.54"
"12,77 : 540.71"
"12,78 : 746.72"
"12,79 : 257.86"
"12,80 : 582.29"
"12,81 : 706.49"
"12,82 : 528.8"
"12,83 : 449.47"
"12,84 : 391.18"
"12,85 : 470.74"
"12,86 : 732.83"
"12,87 : 224.22"
"12,88 : 757.0"
"12,89 : 173.59"
"12,90 : 426.62"
"12,91 : 330.19"
"12,92 : 408.58"
"12,93 : 163.51"
"12,94 : 702.54"
"12,95 : 705.05"
"12,96 : 675.66"
"12,97 : 259.26"
"12,98 : 301.73"
"12,99 : 43.42"
"13,0 : 925.3"
"13,1 : 913.4"
"13,2 : 787.12"
"13,3 : 420.27"
"13,4 : 874.32"
"13,5 : 779.57"
"13,6 : 983.23"
"13,7 : 977.94"
"13,8 : 939.42"
"13,9 : 680.39"
"13,10 : 901.89"
"13,11 : 434.17"
"13,12 : 486.71"
"13,13 : 0.0"
"13,14 : 431.26"
"13,15 : 405.19"
"13,16 : 1071.87"
"13,17 : 368.27"
"13,18 : 719.67"
"13,19 : 911.09"
"13,20 : 131.8"
"13,21 : 845.29"
"13,22 : 852.44"
"13,23 : 1029.67"
"13,24 : 297.43"
"13,25 : 1084.76"
"13,26 : 873.6"
"13,27 : 272.53"
"13,28 : 288.67"
"13,29 : 535.47"
"13,30 : 157.41"
"13,31 : 800.91"
"13,32 : 342.35"
"13,33 : 885.44"
"13,34 : 1094.11"
"13,35 : 666.2"
"13,36 : 1065.03"
"13,37 : 818.18"
"13,38 : 617.18"
"13,39 : 621.71"
"13,40 : 638.32"
"13,41 : 116.47"
"13,42 : 55.36"
"13,43 : 968.12"
"13,44 : 94.01"
"13,45 : 1281.04"
"13,46 : 450.69"
"13,47 : 340.12"
"13,48 : 195.49"
"13,49 : 869.1"
"13,50 : 702.76"
"13,51 : 942.98"
"13,52 : 920.04"
"13,53 : 665.22"
"13,54 : 838.74"
"13,55 : 295.63"
"13,56 : 1058.4"
"13,57 : 818.2"
"13,58 : 773.71"
"13,59 : 62.94"
"13,60 : 766.17"
"13,61 : 854.87"
"13,62 : 948.58"
"13,63 : 891.83"
"13,64 : 709.02"
"13,65 : 851.15"
"13,66 : 879.15"
"13,67 : 892.55"
"13,68 : 851.04"
"13,69 : 115.12"
"13,70 : 871.91"
"13,71 : 342.48"
"13,72 : 730.82"
"13,73 : 927.63"
"13,74 : 639.8"
"13,75 : 882.5"
"13,76 : 736.38"
"13,77 : 1026.41"
"13,78 : 1198.66"
"13,79 : 709.55"
"13,80 : 726.48"
"13,81 : 895.32"
"13,82 : 978.13"
"13,83 : 900.38"
"13,84 : 428.51"
"13,85 : 26.42"
"13,86 : 1172.93"
"13,87 : 350.22"
"13,88 : 1182.29"
"13,89 : 659.58"
"13,90 : 353.79"
"13,91 : 190.14"
"13,92 : 778.92"
"13,93 : 375.3"
"13,94 : 1089.52"
"13,95 : 1133.73"
"13,96 : 1024.3"
"13,97 : 497.39"
"13,98 : 303.91"
"13,99 : 515.14"
"14,0 : 496.19"
"14,1 : 482.96"
"14,2 : 798.73"
"14,3 : 428.84"
"14,4 : 485.18"
"14,5 : 351.12"
"14,6 : 625.32"
"14,7 : 587.66"
"14,8 : 579.52"
"14,9 : 300.17"
"14,10 : 865.17"
"14,11 : 254.06"
"14,12 : 102.88"
"14,13 : 431.26"
"14,14 : 0.0"
"14,15 : 506.03"
"14,16 : 799.78"
"14,17 : 89.02"
"14,18 : 404.82"
"14,19 : 485.34"
"14,20 : 398.55"
"14,21 : 710.88"
"14,22 : 665.19"
"14,23 : 627.98"
"14,24 : 487.94"
"14,25 : 695.97"
"14,26 : 453.01"
"14,27 : 177.39"
"14,28 : 330.48"
"14,29 : 106.0"
"14,30 : 296.14"
"14,31 : 670.56"
"14,32 : 107.84"
"14,33 : 770.95"
"14,34 : 746.91"
"14,35 : 292.77"
"14,36 : 818.07"
"14,37 : 451.32"
"14,38 : 444.01"
"14,39 : 257.16"
"14,40 : 352.02"
"14,41 : 341.7"
"14,42 : 480.83"
"14,43 : 569.34"
"14,44 : 339.31"
"14,45 : 944.59"
"14,46 : 540.7"
"14,47 : 124.65"
"14,48 : 246.0"
"14,49 : 625.22"
"14,50 : 674.89"
"14,51 : 674.25"
"14,52 : 817.45"
"14,53 : 629.25"
"14,54 : 408.1"
"14,55 : 151.43"
"14,56 : 695.44"
"14,57 : 763.97"
"14,58 : 377.6"
"14,59 : 399.08"
"14,60 : 337.25"
"14,61 : 425.68"
"14,62 : 834.18"
"14,63 : 563.56"
"14,64 : 775.82"
"14,65 : 685.13"
"14,66 : 921.66"
"14,67 : 619.93"
"14,68 : 651.03"
"14,69 : 327.62"
"14,70 : 661.68"
"14,71 : 89.02"
"14,72 : 651.79"
"14,73 : 598.82"
"14,74 : 332.24"
"14,75 : 451.62"
"14,76 : 366.95"
"14,77 : 615.46"
"14,78 : 841.61"
"14,79 : 278.84"
"14,80 : 661.53"
"14,81 : 795.27"
"14,82 : 625.99"
"14,83 : 471.56"
"14,84 : 436.17"
"14,85 : 411.59"
"14,86 : 830.44"
"14,87 : 251.87"
"14,88 : 856.77"
"14,89 : 255.97"
"14,90 : 451.05"
"14,91 : 306.14"
"14,92 : 510.81"
"14,93 : 195.67"
"14,94 : 805.21"
"14,95 : 804.63"
"14,96 : 778.19"
"14,97 : 171.49"
"14,98 : 316.73"
"14,99 : 102.18"
"15,0 : 875.38"
"15,1 : 875.97"
"15,2 : 382.16"
"15,3 : 101.12"
"15,4 : 728.62"
"15,5 : 805.46"
"15,6 : 775.15"
"15,7 : 817.97"
"15,8 : 740.41"
"15,9 : 568.83"
"15,10 : 497.84"
"15,11 : 290.0"
"15,12 : 474.6"
"15,13 : 405.19"
"15,14 : 506.03"
"15,15 : 0.0"
"15,16 : 765.38"
"15,17 : 515.43"
"15,18 : 518.22"
"15,19 : 845.15"
"15,20 : 275.03"
"15,21 : 473.63"
"15,22 : 510.3"
"15,23 : 884.1"
"15,24 : 116.87"
"15,25 : 909.37"
"15,26 : 794.32"
"15,27 : 363.0"
"15,28 : 185.65"
"15,29 : 592.49"
"15,30 : 325.48"
"15,31 : 432.14"
"15,32 : 406.6"
"15,33 : 501.48"
"15,34 : 859.2"
"15,35 : 550.6"
"15,36 : 739.84"
"15,37 : 651.0"
"15,38 : 324.09"
"15,39 : 512.78"
"15,40 : 438.96"
"15,41 : 456.37"
"15,42 : 396.99"
"15,43 : 824.64"
"15,44 : 407.89"
"15,45 : 1017.71"
"15,46 : 46.39"
"15,47 : 515.8"
"15,48 : 352.64"
"15,49 : 565.51"
"15,50 : 302.95"
"15,51 : 648.61"
"15,52 : 529.69"
"15,53 : 270.65"
"15,54 : 812.6"
"15,55 : 380.65"
"15,56 : 847.38"
"15,57 : 419.0"
"15,58 : 660.05"
"15,59 : 448.22"
"15,60 : 791.01"
"15,61 : 814.15"
"15,62 : 560.81"
"15,63 : 663.2"
"15,64 : 311.73"
"15,65 : 496.0"
"15,66 : 480.05"
"15,67 : 609.2"
"15,68 : 517.65"
"15,69 : 433.82"
"15,70 : 542.55"
"15,71 : 459.66"
"15,72 : 345.91"
"15,73 : 693.5"
"15,74 : 461.03"
"15,75 : 854.21"
"15,76 : 593.14"
"15,77 : 901.38"
"15,78 : 966.02"
"15,79 : 728.36"
"15,80 : 336.36"
"15,81 : 505.43"
"15,82 : 763.48"
"15,83 : 912.68"
"15,84 : 100.08"
"15,85 : 417.08"
"15,86 : 924.88"
"15,87 : 255.28"
"15,88 : 914.83"
"15,89 : 589.62"
"15,90 : 61.27"
"15,91 : 274.85"
"15,92 : 514.64"
"15,93 : 315.09"
"15,94 : 791.56"
"15,95 : 874.37"
"15,96 : 702.33"
"15,97 : 663.36"
"15,98 : 193.41"
"15,99 : 518.0"
"16,0 : 649.57"
"16,1 : 673.93"
"16,2 : 614.34"
"16,3 : 689.09"
"16,4 : 429.29"
"16,5 : 766.61"
"16,6 : 284.88"
"16,7 : 404.0"
"16,8 : 308.36"
"16,9 : 523.22"
"16,10 : 535.81"
"16,11 : 643.26"
"16,12 : 696.92"
"16,13 : 1071.87"
"16,14 : 799.78"
"16,15 : 765.38"
"16,16 : 0.0"
"16,17 : 883.24"
"16,18 : 395.05"
"16,19 : 608.85"
"16,20 : 954.84"
"16,21 : 347.94"
"16,22 : 265.93"
"16,23 : 453.28"
"16,24 : 867.97"
"16,25 : 394.66"
"16,26 : 570.68"
"16,27 : 840.95"
"16,28 : 787.78"
"16,29 : 776.96"
"16,30 : 921.81"
"16,31 : 369.82"
"16,32 : 802.86"
"16,33 : 376.11"
"16,34 : 231.46"
"16,35 : 522.56"
"16,36 : 68.1"
"16,37 : 395.92"
"16,38 : 459.7"
"16,39 : 547.64"
"16,40 : 455.79"
"16,41 : 1049.25"
"16,42 : 1092.7"
"16,43 : 442.31"
"16,44 : 1016.5"
"16,45 : 278.73"
"16,46 : 744.57"
"16,47 : 914.25"
"16,48 : 902.7"
"16,49 : 204.38"
"16,50 : 548.55"
"16,51 : 130.0"
"16,52 : 399.45"
"16,53 : 545.39"
"16,54 : 675.95"
"16,55 : 830.52"
"16,56 : 288.18"
"16,57 : 493.34"
"16,58 : 499.3"
"16,59 : 1081.16"
"16,60 : 760.56"
"16,61 : 649.2"
"16,62 : 376.19"
"16,63 : 258.38"
"16,64 : 705.44"
"16,65 : 295.88"
"16,66 : 698.56"
"16,67 : 183.36"
"16,68 : 251.8"
"16,69 : 1025.66"
"16,70 : 225.89"
"16,71 : 849.93"
"16,72 : 467.71"
"16,73 : 232.96"
"16,74 : 469.47"
"16,75 : 684.07"
"16,76 : 459.92"
"16,77 : 504.22"
"16,78 : 293.78"
"16,79 : 735.5"
"16,80 : 488.94"
"16,81 : 404.12"
"16,82 : 268.41"
"16,83 : 781.11"
"16,84 : 683.99"
"16,85 : 1068.49"
"16,86 : 233.73"
"16,87 : 724.04"
"16,88 : 186.78"
"16,89 : 587.05"
"16,90 : 777.83"
"16,91 : 882.0"
"16,92 : 298.41"
"16,93 : 714.2"
"16,94 : 36.5"
"16,95 : 177.34"
"16,96 : 77.06"
"16,97 : 936.94"
"16,98 : 770.27"
"16,99 : 707.28"
"17,0 : 573.06"
"17,1 : 557.65"
"17,2 : 838.01"
"17,3 : 451.58"
"17,4 : 573.83"
"17,5 : 413.61"
"17,6 : 714.23"
"17,7 : 676.0"
"17,8 : 668.43"
"17,9 : 389.08"
"17,10 : 914.55"
"17,11 : 301.65"
"17,12 : 188.28"
"17,13 : 368.27"
"17,14 : 89.02"
"17,15 : 515.43"
"17,16 : 883.24"
"17,17 : 0.0"
"17,18 : 489.15"
"17,19 : 565.47"
"17,20 : 359.87"
"17,21 : 774.1"
"17,22 : 736.03"
"17,23 : 715.0"
"17,24 : 477.02"
"17,25 : 784.2"
"17,26 : 536.19"
"17,27 : 155.57"
"17,28 : 331.0"
"17,29 : 175.16"
"17,30 : 253.62"
"17,31 : 732.26"
"17,32 : 115.04"
"17,33 : 831.99"
"17,34 : 835.67"
"17,35 : 381.37"
"17,36 : 898.87"
"17,37 : 540.21"
"17,38 : 506.14"
"17,39 : 344.71"
"17,40 : 431.0"
"17,41 : 267.81"
"17,42 : 421.0"
"17,43 : 656.93"
"17,44 : 274.31"
"17,45 : 1033.21"
"17,46 : 554.75"
"17,47 : 36.24"
"17,48 : 203.08"
"17,49 : 703.68"
"17,50 : 718.28"
"17,51 : 756.4"
"17,52 : 877.31"
"17,53 : 672.69"
"17,54 : 482.81"
"17,55 : 135.07"
"17,56 : 784.45"
"17,57 : 814.48"
"17,58 : 466.14"
"17,59 : 328.17"
"17,60 : 400.69"
"17,61 : 502.94"
"17,62 : 896.23"
"17,63 : 650.76"
"17,64 : 804.03"
"17,65 : 753.0"
"17,66 : 957.64"
"17,67 : 701.99"
"17,68 : 723.58"
"17,69 : 257.53"
"17,70 : 735.93"
"17,71 : 56.3"
"17,72 : 703.96"
"17,73 : 686.24"
"17,74 : 414.01"
"17,75 : 525.28"
"17,76 : 455.7"
"17,77 : 700.82"
"17,78 : 930.62"
"17,79 : 347.32"
"17,80 : 711.41"
"17,81 : 854.33"
"17,82 : 714.74"
"17,83 : 534.16"
"17,84 : 459.79"
"17,85 : 346.05"
"17,86 : 919.14"
"17,87 : 274.24"
"17,88 : 944.78"
"17,89 : 344.52"
"17,90 : 456.43"
"17,91 : 277.82"
"17,92 : 590.82"
"17,93 : 229.9"
"17,94 : 889.91"
"17,95 : 892.72"
"17,96 : 858.58"
"17,97 : 151.48"
"17,98 : 322.03"
"17,99 : 191.17"
"18,0 : 413.02"
"18,1 : 424.82"
"18,2 : 594.02"
"18,3 : 419.06"
"18,4 : 217.01"
"18,5 : 441.1"
"18,6 : 268.41"
"18,7 : 299.96"
"18,8 : 228.08"
"18,9 : 148.66"
"18,10 : 601.04"
"18,11 : 289.0"
"18,12 : 302.0"
"18,13 : 719.67"
"18,14 : 404.82"
"18,15 : 518.22"
"18,16 : 395.05"
"18,17 : 489.15"
"18,18 : 0.0"
"18,19 : 373.88"
"18,20 : 620.17"
"18,21 : 393.21"
"18,22 : 311.26"
"18,23 : 367.09"
"18,24 : 587.07"
"18,25 : 392.67"
"18,26 : 320.36"
"18,27 : 464.39"
"18,28 : 460.35"
"18,29 : 387.33"
"18,30 : 562.9"
"18,31 : 367.48"
"18,32 : 416.39"
"18,33 : 457.67"
"18,34 : 374.53"
"18,35 : 140.69"
"18,36 : 416.89"
"18,37 : 135.83"
"18,38 : 216.61"
"18,39 : 155.26"
"18,40 : 84.53"
"18,41 : 676.83"
"18,42 : 750.81"
"18,43 : 309.32"
"18,44 : 650.66"
"18,45 : 563.16"
"18,46 : 520.38"
"18,47 : 521.02"
"18,48 : 534.03"
"18,49 : 235.47"
"18,50 : 471.94"
"18,51 : 271.27"
"18,52 : 505.47"
"18,53 : 437.31"
"18,54 : 386.8"
"18,55 : 449.8"
"18,56 : 343.74"
"18,57 : 506.87"
"18,58 : 186.17"
"18,59 : 717.07"
"18,60 : 430.53"
"18,61 : 372.71"
"18,62 : 509.7"
"18,63 : 172.53"
"18,64 : 629.71"
"18,65 : 345.23"
"18,66 : 717.33"
"18,67 : 217.56"
"18,68 : 289.28"
"18,69 : 654.74"
"18,70 : 289.98"
"18,71 : 458.85"
"18,72 : 406.36"
"18,73 : 208.63"
"18,74 : 80.81"
"18,75 : 416.18"
"18,76 : 111.72"
"18,77 : 389.06"
"18,78 : 479.81"
"18,79 : 386.45"
"18,80 : 426.6"
"18,81 : 489.61"
"18,82 : 260.87"
"18,83 : 503.56"
"18,84 : 418.62"
"18,85 : 711.18"
"18,86 : 453.5"
"18,87 : 373.41"
"18,88 : 467.12"
"18,89 : 213.32"
"18,90 : 501.81"
"18,91 : 532.64"
"18,92 : 121.56"
"18,93 : 345.17"
"18,94 : 400.76"
"18,95 : 416.84"
"18,96 : 378.27"
"18,97 : 545.58"
"18,98 : 439.91"
"18,99 : 313.05"
"19,0 : 42.2"
"19,1 : 65.15"
"19,2 : 967.81"
"19,3 : 744.57"
"19,4 : 188.1"
"19,5 : 208.85"
"19,6 : 327.23"
"19,7 : 215.23"
"19,8 : 300.64"
"19,9 : 276.56"
"19,10 : 967.73"
"19,11 : 562.75"
"19,12 : 427.16"
"19,13 : 911.09"
"19,14 : 485.34"
"19,15 : 845.15"
"19,16 : 608.85"
"19,17 : 565.47"
"19,18 : 373.88"
"19,19 : 0.0"
"19,20 : 853.46"
"19,21 : 751.78"
"19,22 : 656.93"
"19,23 : 203.05"
"19,24 : 883.16"
"19,25 : 291.04"
"19,26 : 53.67"
"19,27 : 641.13"
"19,28 : 728.5"
"19,29 : 391.22"
"19,30 : 763.26"
"19,31 : 732.8"
"19,32 : 569.24"
"19,33 : 814.14"
"19,34 : 428.2"
"19,35 : 294.8"
"19,36 : 662.83"
"19,37 : 256.11"
"19,38 : 584.13"
"19,39 : 332.85"
"19,40 : 426.4"
"19,41 : 826.97"
"19,42 : 957.13"
"19,43 : 176.48"
"19,44 : 821.81"
"19,45 : 604.29"
"19,46 : 858.99"
"19,47 : 601.04"
"19,48 : 717.57"
"19,49 : 552.87"
"19,50 : 845.6"
"19,51 : 536.81"
"19,52 : 859.86"
"19,53 : 809.94"
"19,54 : 99.98"
"19,55 : 616.61"
"19,56 : 356.62"
"19,57 : 877.22"
"19,58 : 192.01"
"19,59 : 883.55"
"19,60 : 211.99"
"19,61 : 70.0"
"19,62 : 857.48"
"19,63 : 370.6"
"19,64 : 1001.1"
"19,65 : 696.54"
"19,66 : 1090.57"
"19,67 : 502.45"
"19,68 : 631.56"
"19,69 : 812.23"
"19,70 : 622.59"
"19,71 : 573.46"
"19,72 : 779.77"
"19,73 : 383.31"
"19,74 : 396.57"
"19,75 : 82.3"
"19,76 : 267.15"
"19,77 : 163.48"
"19,78 : 479.29"
"19,79 : 234.06"
"19,80 : 800.3"
"19,81 : 847.54"
"19,82 : 341.95"
"19,83 : 175.09"
"19,84 : 747.05"
"19,85 : 893.41"
"19,86 : 500.08"
"19,87 : 628.46"
"19,88 : 553.71"
"19,89 : 263.43"
"19,90 : 811.94"
"19,91 : 756.15"
"19,92 : 469.33"
"19,93 : 574.01"
"19,94 : 591.42"
"19,95 : 507.37"
"19,96 : 637.31"
"19,97 : 515.01"
"19,98 : 708.31"
"19,99 : 395.99"
"20,0 : 872.88"
"20,1 : 864.59"
"20,2 : 657.17"
"20,3 : 289.7"
"20,4 : 793.0"
"20,5 : 747.87"
"20,6 : 887.76"
"20,7 : 894.83"
"20,8 : 845.51"
"20,9 : 602.52"
"20,10 : 770.51"
"20,11 : 331.19"
"20,12 : 427.42"
"20,13 : 131.8"
"20,14 : 398.55"
"20,15 : 275.03"
"20,16 : 954.84"
"20,17 : 359.87"
"20,18 : 620.17"
"20,19 : 853.46"
"20,20 : 0.0"
"20,21 : 715.75"
"20,22 : 727.19"
"20,23 : 951.33"
"20,24 : 173.42"
"20,25 : 999.15"
"20,26 : 811.1"
"20,27 : 221.58"
"20,28 : 167.09"
"20,29 : 504.1"
"20,30 : 106.28"
"20,31 : 671.55"
"20,32 : 294.17"
"20,33 : 754.62"
"20,34 : 993.45"
"20,35 : 586.61"
"20,36 : 944.2"
"20,37 : 729.85"
"20,38 : 496.34"
"20,39 : 541.92"
"20,40 : 536.45"
"20,41 : 192.42"
"20,42 : 138.45"
"20,43 : 889.3"
"20,44 : 144.47"
"20,45 : 1175.12"
"20,46 : 321.01"
"20,47 : 342.07"
"20,48 : 156.89"
"20,49 : 750.82"
"20,50 : 571.0"
"20,51 : 827.33"
"20,52 : 788.68"
"20,53 : 533.44"
"20,54 : 791.67"
"20,55 : 247.66"
"20,56 : 963.23"
"20,57 : 686.41"
"20,58 : 698.55"
"20,59 : 173.93"
"20,60 : 733.7"
"20,61 : 803.63"
"20,62 : 817.46"
"20,63 : 789.92"
"20,64 : 582.64"
"20,65 : 723.88"
"20,66 : 752.45"
"20,67 : 778.58"
"20,68 : 727.21"
"20,69 : 173.77"
"20,70 : 748.95"
"20,71 : 317.37"
"20,72 : 599.61"
"20,73 : 825.02"
"20,74 : 542.79"
"20,75 : 835.85"
"20,76 : 651.96"
"20,77 : 953.74"
"20,78 : 1099.59"
"20,79 : 673.13"
"20,80 : 594.92"
"20,81 : 763.97"
"20,82 : 880.96"
"20,83 : 867.28"
"20,84 : 297.75"
"20,85 : 142.06"
"20,86 : 1069.86"
"20,87 : 247.13"
"20,88 : 1074.69"
"20,89 : 592.81"
"20,90 : 222.17"
"20,91 : 97.32"
"20,92 : 667.07"
"20,93 : 287.11"
"20,94 : 974.41"
"20,95 : 1027.63"
"20,96 : 903.84"
"20,97 : 506.98"
"20,98 : 185.27"
"20,99 : 463.18"
"21,0 : 793.2"
"21,1 : 808.95"
"21,2 : 269.0"
"21,3 : 426.39"
"21,4 : 569.74"
"21,5 : 833.44"
"21,6 : 507.88"
"21,7 : 607.74"
"21,8 : 498.66"
"21,9 : 537.21"
"21,10 : 220.29"
"21,11 : 477.04"
"21,12 : 619.04"
"21,13 : 845.29"
"21,14 : 710.88"
"21,15 : 473.63"
"21,16 : 347.94"
"21,17 : 774.1"
"21,18 : 393.21"
"21,19 : 751.78"
"21,20 : 715.75"
"21,21 : 0.0"
"21,22 : 102.88"
"21,23 : 675.33"
"21,24 : 588.26"
"21,25 : 653.5"
"21,26 : 700.28"
"21,27 : 675.94"
"21,28 : 560.07"
"21,29 : 736.03"
"21,30 : 717.01"
"21,31 : 44.64"
"21,32 : 667.07"
"21,33 : 64.66"
"21,34 : 529.92"
"21,35 : 525.32"
"21,36 : 299.49"
"21,37 : 495.7"
"21,38 : 267.99"
"21,39 : 521.98"
"21,40 : 386.75"
"21,41 : 856.64"
"21,42 : 851.7"
"21,43 : 635.41"
"21,44 : 814.44"
"21,45 : 626.25"
"21,46 : 441.24"
"21,47 : 795.53"
"21,48 : 715.66"
"21,49 : 216.54"
"21,50 : 206.19"
"21,51 : 280.14"
"21,52 : 112.87"
"21,53 : 214.46"
"21,54 : 778.13"
"21,55 : 676.01"
"21,56 : 555.63"
"21,57 : 149.86"
"21,58 : 575.53"
"21,59 : 871.58"
"21,60 : 822.39"
"21,61 : 761.6"
"21,62 : 123.69"
"21,63 : 405.43"
"21,64 : 357.61"
"21,65 : 61.03"
"21,66 : 367.7"
"21,67 : 278.57"
"21,68 : 128.55"
"21,69 : 831.91"
"21,70 : 147.8"
"21,71 : 725.47"
"21,72 : 132.65"
"21,73 : 413.76"
"21,74 : 418.2"
"21,75 : 804.45"
"21,76 : 503.98"
"21,77 : 715.81"
"21,78 : 620.77"
"21,79 : 774.74"
"21,80 : 149.77"
"21,81 : 96.54"
"21,82 : 489.87"
"21,83 : 894.95"
"21,84 : 418.67"
"21,85 : 849.32"
"21,86 : 565.03"
"21,87 : 534.87"
"21,88 : 530.09"
"21,89 : 597.74"
"21,90 : 504.95"
"21,91 : 668.0"
"21,92 : 282.85"
"21,93 : 554.23"
"21,94 : 382.42"
"21,95 : 507.0"
"21,96 : 271.93"
"21,97 : 877.86"
"21,98 : 548.48"
"21,99 : 648.89"
"22,0 : 698.74"
"22,1 : 715.79"
"22,2 : 366.87"
"22,3 : 445.11"
"22,4 : 472.37"
"22,5 : 751.68"
"22,6 : 405.01"
"22,7 : 505.96"
"22,8 : 396.49"
"22,9 : 459.24"
"22,10 : 322.44"
"22,11 : 451.67"
"22,12 : 567.71"
"22,13 : 852.44"
"22,14 : 665.19"
"22,15 : 510.3"
"22,16 : 265.93"
"22,17 : 736.03"
"22,18 : 311.26"
"22,19 : 656.93"
"22,20 : 727.19"
"22,21 : 102.88"
"22,22 : 0.0"
"22,23 : 573.12"
"22,24 : 619.06"
"22,25 : 550.65"
"22,26 : 606.44"
"22,27 : 655.57"
"22,28 : 563.77"
"22,29 : 677.08"
"22,30 : 713.26"
"22,31 : 108.17"
"22,32 : 635.84"
"22,33 : 159.26"
"22,34 : 430.06"
"22,35 : 449.4"
"22,36 : 230.64"
"22,37 : 401.2"
"22,38 : 241.31"
"22,39 : 452.77"
"22,40 : 322.02"
"22,41 : 849.72"
"22,42 : 865.38"
"22,43 : 534.47"
"22,44 : 810.85"
"22,45 : 539.4"
"22,46 : 485.1"
"22,47 : 760.96"
"22,48 : 704.6"
"22,49 : 113.72"
"22,50 : 284.96"
"22,51 : 180.34"
"22,52 : 203.3"
"22,53 : 279.5"
"22,54 : 689.42"
"22,55 : 651.72"
"22,56 : 453.31"
"22,57 : 250.67"
"22,58 : 486.96"
"22,59 : 871.72"
"22,60 : 741.43"
"22,61 : 671.08"
"22,62 : 201.31"
"22,63 : 303.73"
"22,64 : 446.88"
"22,65 : 42.05"
"22,66 : 470.05"
"22,67 : 175.68"
"22,68 : 26.08"
"22,69 : 825.15"
"22,70 : 46.17"
"22,71 : 691.55"
"22,72 : 203.0"
"22,73 : 311.01"
"22,74 : 350.46"
"22,75 : 713.31"
"22,76 : 418.63"
"22,77 : 614.32"
"22,78 : 524.03"
"22,79 : 697.52"
"22,80 : 224.96"
"22,81 : 193.09"
"22,82 : 386.99"
"22,83 : 805.81"
"22,84 : 438.7"
"22,85 : 853.29"
"22,86 : 470.02"
"22,87 : 520.84"
"22,88 : 440.09"
"22,89 : 522.56"
"22,90 : 530.85"
"22,91 : 667.44"
"22,92 : 193.05"
"22,93 : 528.99"
"22,94 : 297.57"
"22,95 : 412.57"
"22,96 : 195.36"
"22,97 : 826.38"
"22,98 : 549.18"
"22,99 : 592.7"
"23,0 : 232.86"
"23,1 : 261.2"
"23,2 : 922.91"
"23,3 : 783.99"
"23,4 : 159.2"
"23,5 : 408.99"
"23,6 : 175.57"
"23,7 : 69.86"
"23,8 : 176.66"
"23,9 : 349.85"
"23,10 : 895.49"
"23,11 : 630.09"
"23,12 : 547.31"
"23,13 : 1029.67"
"23,14 : 627.98"
"23,15 : 884.1"
"23,16 : 453.28"
"23,17 : 715.0"
"23,18 : 367.09"
"23,19 : 203.05"
"23,20 : 951.33"
"23,21 : 675.33"
"23,22 : 573.12"
"23,23 : 0.0"
"23,24 : 945.49"
"23,25 : 88.12"
"23,26 : 197.29"
"23,27 : 757.71"
"23,28 : 805.08"
"23,29 : 550.19"
"23,30 : 874.33"
"23,31 : 667.83"
"23,32 : 691.49"
"23,33 : 731.43"
"23,34 : 241.6"
"23,35 : 365.03"
"23,36 : 515.71"
"23,37 : 233.14"
"23,38 : 579.45"
"23,39 : 409.81"
"23,40 : 445.28"
"23,41 : 960.52"
"23,42 : 1069.89"
"23,43 : 62.03"
"23,44 : 946.92"
"23,45 : 403.4"
"23,46 : 887.44"
"23,47 : 751.23"
"23,48 : 834.42"
"23,49 : 459.81"
"23,50 : 812.42"
"23,51 : 416.2"
"23,52 : 772.32"
"23,53 : 784.85"
"23,54 : 299.79"
"23,55 : 736.03"
"23,56 : 171.23"
"23,57 : 816.99"
"23,58 : 256.13"
"23,59 : 1012.01"
"23,60 : 410.2"
"23,61 : 268.49"
"23,62 : 762.46"
"23,63 : 270.22"
"23,64 : 977.45"
"23,65 : 615.12"
"23,66 : 1037.23"
"23,67 : 399.43"
"23,68 : 547.12"
"23,69 : 942.55"
"23,70 : 531.01"
"23,71 : 710.29"
"23,72 : 736.27"
"23,73 : 263.53"
"23,74 : 425.63"
"23,75 : 284.79"
"23,76 : 300.85"
"23,77 : 52.0"
"23,78 : 277.65"
"23,79 : 419.51"
"23,80 : 758.82"
"23,81 : 765.18"
"23,82 : 194.08"
"23,83 : 371.44"
"23,84 : 784.13"
"23,85 : 1015.58"
"23,86 : 304.14"
"23,87 : 708.67"
"23,88 : 362.43"
"23,89 : 374.48"
"23,90 : 863.69"
"23,91 : 856.39"
"23,92 : 414.59"
"23,93 : 664.23"
"23,94 : 428.58"
"23,95 : 321.07"
"23,96 : 499.06"
"23,97 : 692.82"
"23,98 : 784.2"
