x,y
946,99
29,631
776,185
518,321
39,658
751,985
405,820
930,88
370,738
498,807
289,481
984,855
227,424
821,785
997,343
292,380
37,260
139,184
251,236
63,213
557,814
415,442
787,969
741,486
49,678
109,157
709,85
214,42
989,62
698,771
410,493
764,123
129,83
189,255
246,998
88,924
423,293
88,209
760,574
253,762
450,765
956,414
633,534
985,157
232,748
893,886
753,70
295,255
46,866
147,529
970,627
486,712
996,261
277,993
303,384
470,476
818,614
342,299
291,52
973,383
981,383
304,466
183,582
489,664
852,380
877,800
737,608
230,785
194,67
267,796
982,787
825,961
369,991
762,566
116,520
457,956
546,543
384,162
664,104
307,5
195,483
639,524
659,3
689,201
907,892
981,574
773,288
734,329
330,770
117,272
610,112
163,132
794,831
898,206
608,241
40,787
902,773
5,960
816,128
785,421

Distanze
"0,0 : 0.0"
"0,1 : 572.07"
"0,2 : 297.32"
"0,3 : 623.65"
"0,4 : 860.31"
"0,5 : 702.14"
"0,6 : 436.41"
"0,7 : 985.27"
"0,8 : 158.27"
"0,9 : 733.48"
"0,10 : 413.29"
"0,11 : 248.92"
"0,12 : 724.49"
"0,13 : 385.89"
"0,14 : 598.37"
"0,15 : 949.36"
"0,16 : 410.0"
"0,17 : 807.59"
"0,18 : 592.96"
"0,19 : 1005.95"
"0,20 : 778.92"
"0,21 : 261.08"
"0,22 : 839.32"
"0,23 : 274.05"
"0,24 : 446.93"
"0,25 : 254.7"
"0,26 : 906.46"
"0,27 : 626.07"
"0,28 : 215.7"
"0,29 : 323.36"
"0,30 : 921.47"
"0,31 : 334.38"
"0,32 : 200.81"
"0,33 : 743.5"
"0,34 : 672.68"
"0,35 : 855.46"
"0,36 : 952.34"
"0,37 : 1100.98"
"0,38 : 197.99"
"0,39 : 743.41"
"0,40 : 463.52"
"0,41 : 247.82"
"0,42 : 285.63"
"0,43 : 155.24"
"0,44 : 122.38"
"0,45 : 243.25"
"0,46 : 1088.6"
"0,47 : 747.41"
"0,48 : 815.34"
"0,49 : 669.1"
"0,50 : 776.01"
"0,51 : 934.85"
"0,52 : 432.33"
"0,53 : 551.33"
"0,54 : 681.23"
"0,55 : 697.65"
"0,56 : 340.79"
"0,57 : 675.14"
"0,58 : 466.54"
"0,59 : 926.74"
"0,60 : 180.75"
"0,61 : 597.81"
"0,62 : 908.52"
"0,63 : 657.12"
"0,64 : 570.41"
"0,65 : 220.01"
"0,66 : 520.39"
"0,67 : 773.63"
"0,68 : 911.04"
"0,69 : 629.92"
"0,70 : 643.27"
"0,71 : 936.85"
"0,72 : 680.74"
"0,73 : 601.54"
"0,74 : 610.35"
"0,75 : 921.52"
"0,76 : 651.82"
"0,77 : 342.38"
"0,78 : 422.72"
"0,79 : 571.79"
"0,80 : 940.81"
"0,81 : 599.42"
"0,82 : 577.01"
"0,83 : 257.79"
"0,84 : 961.98"
"0,85 : 533.62"
"0,86 : 283.03"
"0,87 : 765.17"
"0,88 : 492.76"
"0,89 : 468.61"
"0,90 : 587.6"
"0,91 : 253.8"
"0,92 : 337.24"
"0,93 : 418.15"
"0,94 : 584.15"
"0,95 : 719.58"
"0,96 : 129.81"
"0,97 : 504.1"
"0,98 : 364.53"
"0,99 : 999.97"
"1,0 : 572.07"
"1,1 : 0.0"
"1,2 : 634.37"
"1,3 : 201.1"
"1,4 : 322.49"
"1,5 : 303.98"
"1,6 : 778.16"
"1,7 : 628.06"
"1,8 : 540.8"
"1,9 : 210.42"
"1,10 : 242.85"
"1,11 : 343.63"
"1,12 : 291.61"
"1,13 : 460.18"
"1,14 : 75.95"
"1,15 : 422.21"
"1,16 : 745.27"
"1,17 : 286.25"
"1,18 : 290.34"
"1,19 : 458.5"
"1,20 : 258.8"
"1,21 : 333.14"
"1,22 : 452.6"
"1,23 : 378.44"
"1,24 : 359.29"
"1,25 : 623.28"
"1,26 : 338.05"
"1,27 : 140.58"
"1,28 : 609.82"
"1,29 : 562.29"
"1,30 : 513.38"
"1,31 : 301.56"
"1,32 : 517.93"
"1,33 : 406.08"
"1,34 : 147.85"
"1,35 : 390.9"
"1,36 : 703.86"
"1,37 : 760.59"
"1,38 : 401.38"
"1,39 : 172.8"
"1,40 : 586.25"
"1,41 : 620.73"
"1,42 : 586.5"
"1,43 : 611.49"
"1,44 : 478.07"
"1,45 : 371.05"
"1,46 : 758.47"
"1,47 : 640.06"
"1,48 : 291.78"
"1,49 : 284.02"
"1,50 : 221.05"
"1,51 : 407.48"
"1,52 : 270.63"
"1,53 : 797.58"
"1,54 : 461.03"
"1,55 : 242.79"
"1,56 : 271.29"
"1,57 : 105.57"
"1,58 : 636.42"
"1,59 : 493.36"
"1,60 : 430.71"
"1,61 : 84.48"
"1,62 : 370.3"
"1,63 : 290.45"
"1,64 : 629.27"
"1,65 : 583.06"
"1,66 : 708.89"
"1,67 : 482.84"
"1,68 : 368.42"
"1,69 : 734.33"
"1,70 : 215.42"
"1,71 : 713.94"
"1,72 : 287.54"
"1,73 : 340.0"
"1,74 : 123.41"
"1,75 : 400.15"
"1,76 : 293.44"
"1,77 : 581.83"
"1,78 : 462.76"
"1,79 : 235.64"
"1,80 : 517.8"
"1,81 : 181.73"
"1,82 : 676.88"
"1,83 : 454.1"
"1,84 : 511.65"
"1,85 : 78.75"
"1,86 : 299.38"
"1,87 : 268.29"
"1,88 : 511.49"
"1,89 : 140.72"
"1,90 : 733.51"
"1,91 : 413.66"
"1,92 : 272.16"
"1,93 : 682.37"
"1,94 : 28.16"
"1,95 : 159.1"
"1,96 : 443.9"
"1,97 : 346.14"
"1,98 : 490.98"
"1,99 : 574.42"
"2,0 : 297.32"
"2,1 : 634.37"
"2,2 : 0.0"
"2,3 : 763.32"
"2,4 : 955.97"
"2,5 : 862.11"
"2,6 : 732.06"
"2,7 : 1179.38"
"2,8 : 153.24"
"2,9 : 720.74"
"2,10 : 398.99"
"2,11 : 436.04"
"2,12 : 872.29"
"2,13 : 219.86"
"2,14 : 624.08"
"2,15 : 1054.65"
"2,16 : 706.64"
"2,17 : 914.6"
"2,18 : 773.09"
"2,19 : 980.43"
"2,20 : 885.82"
"2,21 : 445.18"
"2,22 : 1014.76"
"2,23 : 258.06"
"2,24 : 668.49"
"2,25 : 551.84"
"2,26 : 923.07"
"2,27 : 621.3"
"2,28 : 82.01"
"2,29 : 610.84"
"2,30 : 1092.25"
"2,31 : 524.93"
"2,32 : 138.29"
"2,33 : 930.56"
"2,34 : 675.3"
"2,35 : 996.92"
"2,36 : 1181.67"
"2,37 : 1305.42"
"2,38 : 416.07"
"2,39 : 780.2"
"2,40 : 744.75"
"2,41 : 50.04"
"2,42 : 48.27"
"2,43 : 146.49"
"2,44 : 242.14"
"2,45 : 278.79"
"2,46 : 1296.39"
"2,47 : 1003.13"
"2,48 : 921.04"
"2,49 : 595.45"
"2,50 : 855.38"
"2,51 : 1039.82"
"2,52 : 618.72"
"2,53 : 848.56"
"2,54 : 901.03"
"2,55 : 652.2"
"2,56 : 364.52"
"2,57 : 737.13"
"2,58 : 755.48"
"2,59 : 1086.39"
"2,60 : 418.63"
"2,61 : 619.12"
"2,62 : 882.11"
"2,63 : 823.91"
"2,64 : 848.64"
"2,65 : 81.71"
"2,66 : 813.93"
"2,67 : 979.34"
"2,68 : 1002.71"
"2,69 : 918.28"
"2,70 : 783.86"
"2,71 : 1172.91"
"2,72 : 840.28"
"2,73 : 797.65"
"2,74 : 612.73"
"2,75 : 1030.88"
"2,76 : 570.56"
"2,77 : 87.32"
"2,78 : 246.74"
"2,79 : 516.0"
"2,80 : 1105.8"
"2,81 : 571.4"
"2,82 : 862.36"
"2,83 : 181.18"
"2,84 : 1114.71"
"2,85 : 567.04"
"2,86 : 360.06"
"2,87 : 728.12"
"2,88 : 755.02"
"2,89 : 590.27"
"2,90 : 879.23"
"2,91 : 496.42"
"2,92 : 364.31"
"2,93 : 714.32"
"2,94 : 633.13"
"2,95 : 793.28"
"2,96 : 302.54"
"2,97 : 716.09"
"2,98 : 633.38"
"2,99 : 1165.94"
"3,0 : 623.65"
"3,1 : 201.1"
"3,2 : 763.32"
"3,3 : 0.0"
"3,4 : 252.52"
"3,5 : 107.07"
"3,6 : 705.7"
"3,7 : 436.9"
"3,8 : 641.89"
"3,9 : 374.43"
"3,10 : 409.67"
"3,11 : 374.79"
"3,12 : 109.04"
"3,13 : 623.4"
"3,14 : 273.0"
"3,15 : 330.01"
"3,16 : 675.43"
"3,17 : 194.0"
"3,18 : 110.98"
"3,19 : 560.02"
"3,20 : 168.32"
"3,21 : 362.63"
"3,22 : 262.24"
"3,23 : 508.21"
"3,24 : 255.82"
"3,25 : 589.96"
"3,26 : 409.12"
"3,27 : 335.86"
"3,28 : 721.02"
"3,29 : 501.08"
"3,30 : 333.11"
"3,31 : 292.9"
"3,32 : 631.84"
"3,33 : 205.27"
"3,34 : 325.3"
"3,35 : 235.97"
"3,36 : 502.78"
"3,37 : 569.12"
"3,38 : 427.38"
"3,39 : 272.35"
"3,40 : 476.21"
"3,41 : 739.0"
"3,42 : 718.1"
"3,43 : 705.69"
"3,44 : 561.38"
"3,45 : 484.74"
"3,46 : 565.11"
"3,47 : 455.29"
"3,48 : 202.23"
"3,49 : 482.39"
"3,50 : 205.6"
"3,51 : 316.08"
"3,52 : 205.29"
"3,53 : 690.78"
"3,54 : 269.68"
"3,55 : 432.17"
"3,56 : 408.09"
"3,57 : 194.49"
"3,58 : 530.91"
"3,59 : 323.42"
"3,60 : 450.16"
"3,61 : 282.3"
"3,62 : 493.42"
"3,63 : 89.68"
"3,64 : 489.18"
"3,65 : 698.36"
"3,66 : 596.16"
"3,67 : 281.84"
"3,68 : 302.8"
"3,69 : 592.52"
"3,70 : 20.59"
"3,71 : 513.09"
"3,72 : 88.1"
"3,73 : 159.66"
"3,74 : 320.91"
"3,75 : 301.04"
"3,76 : 493.58"
"3,77 : 727.17"
"3,78 : 633.53"
"3,79 : 436.0"
"3,80 : 343.92"
"3,81 : 382.46"
"3,82 : 541.57"
"3,83 : 584.38"
"3,84 : 351.57"
"3,85 : 273.41"
"3,86 : 403.56"
"3,87 : 437.93"
"3,88 : 384.85"
"3,89 : 173.07"
"3,90 : 603.98"
"3,91 : 399.41"
"3,92 : 406.96"
"3,93 : 599.29"
"3,94 : 226.05"
"3,95 : 183.44"
"3,96 : 511.07"
"3,97 : 213.21"
"3,98 : 414.01"
"3,99 : 403.72"
"4,0 : 860.31"
"4,1 : 322.49"
"4,2 : 955.97"
"4,3 : 252.52"
"4,4 : 0.0"
"4,5 : 238.65"
"4,6 : 953.03"
"4,7 : 416.01"
"4,8 : 854.28"
"4,9 : 351.24"
"4,10 : 564.59"
"4,11 : 613.29"
"4,12 : 197.61"
"4,13 : 780.32"
"4,14 : 351.62"
"4,15 : 100.4"
"4,16 : 923.66"
"4,17 : 59.62"
"4,18 : 340.33"
"4,19 : 399.22"
"4,20 : 84.34"
"4,21 : 601.24"
"4,22 : 277.35"
"4,23 : 698.74"
"4,24 : 505.11"
"4,25 : 842.47"
"4,26 : 246.83"
"4,27 : 387.54"
"4,28 : 927.34"
"4,29 : 752.38"
"4,30 : 288.06"
"4,31 : 539.07"
"4,32 : 835.54"
"4,33 : 313.42"
"4,34 : 344.06"
"4,35 : 154.93"
"4,36 : 559.15"
"4,37 : 535.46"
"4,38 : 669.01"
"4,39 : 224.93"
"4,40 : 715.01"
"4,41 : 940.23"
"4,42 : 908.31"
"4,43 : 922.92"
"4,44 : 782.92"
"4,45 : 686.77"
"4,46 : 541.22"
"4,47 : 615.45"
"4,48 : 51.48"
"4,49 : 515.14"
"4,50 : 105.89"
"4,51 : 86.02"
"4,52 : 457.06"
"4,53 : 925.62"
"4,54 : 437.38"
"4,55 : 442.02"
"4,56 : 591.67"
"4,57 : 225.79"
"4,58 : 770.08"
"4,59 : 248.45"
"4,60 : 694.12"
"4,61 : 359.52"
"4,62 : 373.02"
"4,63 : 276.66"
"4,64 : 709.0"
"4,65 : 901.57"
"4,66 : 830.1"
"4,67 : 386.25"
"4,68 : 51.04"
"4,69 : 806.26"
"4,70 : 237.64"
"4,71 : 585.57"
"4,72 : 247.68"
"4,73 : 374.82"
"4,74 : 384.19"
"4,75 : 82.88"
"4,76 : 536.81"
"4,77 : 904.27"
"4,78 : 779.91"
"4,79 : 516.93"
"4,80 : 275.73"
"4,81 : 449.02"
"4,82 : 762.8"
"4,83 : 775.12"
"4,84 : 243.53"
"4,85 : 395.68"
"4,86 : 609.77"
"4,87 : 404.16"
"4,88 : 619.19"
"4,89 : 391.95"
"4,90 : 827.22"
"4,91 : 649.35"
"4,92 : 592.11"
"4,93 : 845.08"
"4,94 : 328.09"
"4,95 : 166.69"
"4,96 : 739.52"
"4,97 : 456.3"
"4,98 : 664.15"
"4,99 : 315.1"
"5,0 : 702.14"
"5,1 : 303.98"
"5,2 : 862.11"
"5,3 : 107.07"
"5,4 : 238.65"
"5,5 : 0.0"
"5,6 : 725.12"
"5,7 : 329.91"
"5,8 : 735.03"
"5,9 : 456.48"
"5,10 : 516.4"
"5,11 : 456.27"
"5,12 : 41.11"
"5,13 : 729.06"
"5,14 : 372.29"
"5,15 : 287.14"
"5,16 : 697.3"
"5,17 : 181.84"
"5,18 : 117.07"
"5,19 : 604.77"
"5,20 : 168.67"
"5,21 : 444.37"
"5,22 : 155.88"
"5,23 : 609.59"
"5,24 : 288.84"
"5,25 : 634.39"
"5,26 : 448.54"
"5,27 : 432.84"
"5,28 : 815.83"
"5,29 : 535.17"
"5,30 : 230.23"
"5,31 : 367.79"
"5,32 : 728.33"
"5,33 : 106.04"
"5,34 : 415.01"
"5,35 : 158.08"
"5,36 : 402.96"
"5,37 : 462.07"
"5,38 : 504.14"
"5,39 : 339.89"
"5,40 : 481.38"
"5,41 : 835.43"
"5,42 : 817.82"
"5,43 : 796.05"
"5,44 : 651.15"
"5,45 : 583.41"
"5,46 : 458.08"
"5,47 : 391.31"
"5,48 : 189.1"
"5,49 : 579.77"
"5,50 : 238.81"
"5,51 : 275.63"
"5,52 : 270.43"
"5,53 : 689.04"
"5,54 : 205.64"
"5,55 : 524.02"
"5,56 : 511.95"
"5,57 : 275.01"
"5,58 : 536.21"
"5,59 : 226.74"
"5,60 : 523.44"
"5,61 : 381.75"
"5,62 : 551.59"
"5,63 : 47.01"
"5,64 : 470.41"
"5,65 : 794.43"
"5,66 : 593.55"
"5,67 : 187.1"
"5,68 : 281.64"
"5,69 : 567.82"
"5,70 : 89.44"
"5,71 : 416.88"
"5,72 : 21.95"
"5,73 : 139.46"
"5,74 : 419.44"
"5,75 : 257.44"
"5,76 : 592.88"
"5,77 : 829.63"
"5,78 : 739.95"
"5,79 : 539.62"
"5,80 : 244.23"
"5,81 : 483.26"
"5,82 : 524.22"
"5,83 : 684.98"
"5,84 : 260.07"
"5,85 : 378.72"
"5,86 : 502.2"
"5,87 : 519.87"
"5,88 : 384.28"
"5,89 : 274.59"
"5,90 : 588.69"
"5,91 : 462.64"
"5,92 : 510.58"
"5,93 : 616.03"
"5,94 : 327.1"
"5,95 : 243.97"
"5,96 : 597.54"
"5,97 : 232.8"
"5,98 : 444.87"
"5,99 : 304.44"
"6,0 : 436.41"
"6,1 : 778.16"
"6,2 : 732.06"
"6,3 : 705.7"
"6,4 : 953.03"
"6,5 : 725.12"
"6,6 : 0.0"
"6,7 : 881.05"
"6,8 : 593.2"
"6,9 : 984.49"
"6,10 : 742.94"
"6,11 : 472.61"
"6,12 : 763.16"
"6,13 : 800.24"
"6,14 : 837.96"
"6,15 : 1012.25"
"6,16 : 33.42"
"6,17 : 893.41"
"6,18 : 613.57"
"6,19 : 1233.68"
"6,20 : 870.98"
"6,21 : 477.78"
"6,22 : 799.47"
"6,23 : 657.94"
"6,24 : 449.91"
"6,25 : 192.33"
"6,26 : 1097.53"
"6,27 : 890.08"
"6,28 : 650.05"
"6,29 : 215.93"
"6,30 : 875.14"
"6,31 : 479.42"
"6,32 : 632.21"
"6,33 : 702.33"
"6,34 : 919.35"
"6,35 : 875.36"
"6,36 : 771.42"
"6,37 : 959.1"
"6,38 : 430.57"
"6,39 : 937.61"
"6,40 : 250.19"
"6,41 : 682.09"
"6,42 : 722.0"
"6,43 : 586.38"
"6,44 : 531.1"
"6,45 : 613.78"
"6,46 : 940.76"
"6,47 : 528.75"
"6,48 : 901.56"
"6,49 : 986.66"
"6,50 : 908.64"
"6,51 : 1000.57"
"6,52 : 517.86"
"6,53 : 141.65"
"6,54 : 583.23"
"6,55 : 986.38"
"6,56 : 670.09"
"6,57 : 853.51"
"6,58 : 200.09"
"6,59 : 900.72"
"6,60 : 403.84"
"6,61 : 842.16"
"6,62 : 1148.32"
"6,63 : 680.95"
"6,64 : 315.65"
"6,65 : 656.34"
"6,66 : 180.95"
"6,67 : 684.11"
"6,68 : 1000.9"
"6,69 : 298.19"
"6,70 : 717.52"
"6,71 : 740.78"
"6,72 : 710.68"
"6,73 : 586.11"
"6,74 : 870.89"
"6,75 : 982.52"
"6,76 : 978.09"
"6,77 : 777.89"
"6,78 : 835.43"
"6,79 : 892.08"
"6,80 : 902.34"
"6,81 : 890.83"
"6,82 : 280.2"
"6,83 : 673.09"
"6,84 : 942.86"
"6,85 : 783.2"
"6,86 : 600.08"
"6,87 : 1035.37"
"6,88 : 346.77"
"6,89 : 637.9"
"6,90 : 243.12"
"6,91 : 377.66"
"6,92 : 665.62"
"6,93 : 109.38"
"6,94 : 802.1"
"6,95 : 872.28"
"6,96 : 492.52"
"6,97 : 496.77"
"6,98 : 293.63"
"6,99 : 950.29"
"7,0 : 985.27"
"7,1 : 628.06"
"7,2 : 1179.38"
"7,3 : 436.9"
"7,4 : 416.01"
"7,5 : 329.91"
"7,6 : 881.05"
"7,7 : 0.0"
"7,8 : 1043.65"
"7,9 : 744.66"
"7,10 : 846.24"
"7,11 : 754.11"
"7,12 : 336.48"
"7,13 : 1057.73"
"7,14 : 690.23"
"7,15 : 369.98"
"7,16 : 861.77"
"7,17 : 397.26"
"7,18 : 406.31"
"7,19 : 809.13"
"7,20 : 410.12"
"7,21 : 743.17"
"7,22 : 175.64"
"7,23 : 932.68"
"7,24 : 538.93"
"7,25 : 854.7"
"7,26 : 661.55"
"7,27 : 745.76"
"7,28 : 1126.41"
"7,29 : 744.14"
"7,30 : 128.32"
"7,31 : 662.27"
"7,32 : 1042.74"
"7,33 : 248.82"
"7,34 : 717.56"
"7,35 : 266.05"
"7,36 : 181.73"
"7,37 : 132.59"
"7,38 : 792.45"
"7,39 : 616.44"
"7,40 : 636.55"
"7,41 : 1148.7"
"7,42 : 1136.95"
"7,43 : 1098.84"
"7,44 : 955.49"
"7,45 : 902.8"
"7,46 : 131.32"
"7,47 : 374.86"
"7,48 : 398.15"
"7,49 : 890.02"
"7,50 : 490.42"
"7,51 : 372.08"
"7,52 : 564.01"
"7,53 : 794.91"
"7,54 : 313.43"
"7,55 : 825.74"
"7,56 : 838.85"
"7,57 : 575.9"
"7,58 : 681.76"
"7,59 : 168.43"
"7,60 : 805.12"
"7,61 : 699.68"
"7,62 : 789.03"
"7,63 : 359.92"
"7,64 : 569.11"
"7,65 : 1107.47"
"7,66 : 710.25"
"7,67 : 213.38"
"7,68 : 420.75"
"7,69 : 628.5"
"7,70 : 418.52"
"7,71 : 220.24"
"7,72 : 350.0"
"7,73 : 386.08"
"7,74 : 735.08"
"7,75 : 357.8"
"7,76 : 906.5"
"7,77 : 1153.3"
"7,78 : 1069.49"
"7,79 : 861.89"
"7,80 : 142.02"
"7,81 : 801.24"
"7,82 : 614.44"
"7,83 : 1006.39"
"7,84 : 186.68"
"7,85 : 705.16"
"7,86 : 822.53"
"7,87 : 804.28"
"7,88 : 549.32"
"7,89 : 601.23"
"7,90 : 672.31"
"7,91 : 732.25"
"7,92 : 837.18"
"7,93 : 777.16"
"7,94 : 648.48"
"7,95 : 527.47"
"7,96 : 897.71"
"7,97 : 481.18"
"7,98 : 660.08"
"7,99 : 128.47"
"8,0 : 158.27"
"8,1 : 540.8"
"8,2 : 153.24"
"8,3 : 641.89"
"8,4 : 854.28"
"8,5 : 735.03"
"8,6 : 593.2"
"8,7 : 1043.65"
"8,8 : 0.0"
"8,9 : 665.25"
"8,10 : 331.49"
"8,11 : 291.5"
"8,12 : 749.54"
"8,13 : 239.71"
"8,14 : 547.01"
"8,15 : 950.07"
"8,16 : 565.8"
"8,17 : 807.79"
"8,18 : 638.44"
"8,19 : 935.57"
"8,20 : 778.68"
"8,21 : 301.71"
"8,22 : 883.97"
"8,23 : 174.26"
"8,24 : 521.79"
"8,25 : 407.03"
"8,26 : 856.43"
"8,27 : 559.23"
"8,28 : 83.44"
"8,29 : 459.13"
"8,30 : 963.55"
"8,31 : 382.69"
"8,32 : 46.86"
"8,33 : 795.44"
"8,34 : 610.97"
"8,35 : 877.79"
"8,36 : 1036.13"
"8,37 : 1167.06"
"8,38 : 265.41"
"8,39 : 701.69"
"8,40 : 591.75"
"8,41 : 110.11"
"8,42 : 130.65"
"8,43 : 72.17"
"8,44 : 91.05"
"8,45 : 169.96"
"8,46 : 1157.01"
"8,47 : 851.82"
"8,48 : 814.84"
"8,49 : 570.13"
"8,50 : 759.17"
"8,51 : 935.22"
"8,52 : 479.77"
"8,53 : 702.97"
"8,54 : 756.64"
"8,55 : 612.46"
"8,56 : 274.05"
"8,57 : 646.3"
"8,58 : 603.68"
"8,59 : 961.48"
"8,60 : 266.05"
"8,61 : 544.02"
"8,62 : 836.49"
"8,63 : 694.1"
"8,64 : 695.43"
"8,65 : 71.59"
"8,66 : 663.75"
"8,67 : 839.12"
"8,68 : 903.21"
"8,69 : 766.06"
"8,70 : 662.44"
"8,71 : 1025.76"
"8,72 : 713.08"
"8,73 : 658.64"
"8,74 : 546.77"
"8,75 : 924.42"
"8,76 : 549.0"
"8,77 : 184.69"
"8,78 : 276.31"
"8,79 : 477.9"
"8,80 : 979.17"
"8,81 : 519.9"
"8,82 : 709.67"
"8,83 : 122.11"
"8,84 : 992.45"
"8,85 : 484.37"
"8,86 : 244.52"
"8,87 : 685.52"
"8,88 : 602.4"
"8,89 : 471.31"
"8,90 : 728.03"
"8,91 : 344.4"
"8,92 : 272.15"
"8,93 : 566.68"
"8,94 : 545.48"
"8,95 : 698.46"
"8,96 : 151.82"
"8,97 : 572.07"
"8,98 : 480.18"
"8,99 : 1039.34"
"9,0 : 733.48"
"9,1 : 210.42"
"9,2 : 720.74"
"9,3 : 374.43"
"9,4 : 351.24"
"9,5 : 456.48"
"9,6 : 984.49"
"9,7 : 744.66"
"9,8 : 665.25"
"9,9 : 0.0"
"9,10 : 333.78"
"9,11 : 531.99"
"9,12 : 429.12"
"9,13 : 511.17"
"9,14 : 146.86"
"9,15 : 442.15"
"9,16 : 951.34"
"9,17 : 350.38"
"9,18 : 480.25"
"9,19 : 272.69"
"9,20 : 334.71"
"9,21 : 523.09"
"9,22 : 578.84"
"9,23 : 491.06"
"9,24 : 569.18"
"9,25 : 822.02"
"9,26 : 207.14"
"9,27 : 107.56"
"9,28 : 718.71"
"9,29 : 768.68"
"9,30 : 618.33"
"9,31 : 505.26"
"9,32 : 631.4"
"9,33 : 562.29"
"9,34 : 65.3"
"9,35 : 480.93"
"9,36 : 855.03"
"9,37 : 872.52"
"9,38 : 587.39"
"9,39 : 129.03"
"9,40 : 796.65"
"9,41 : 721.0"
"9,42 : 673.13"
"9,43 : 737.28"
"9,44 : 623.42"
"9,45 : 501.98"
"9,46 : 875.08"
"9,47 : 829.49"
"9,48 : 351.14"
"9,49 : 170.66"
"9,50 : 256.49"
"9,51 : 430.17"
"9,52 : 481.05"
"9,53 : 1007.84"
"9,54 : 644.05"
"9,55 : 94.05"
"9,56 : 396.79"
"9,57 : 181.99"
"9,58 : 846.8"
"9,59 : 585.98"
"9,60 : 617.59"
"9,61 : 143.6"
"9,62 : 175.11"
"9,63 : 460.05"
"9,64 : 837.2"
"9,65 : 689.49"
"9,66 : 919.31"
"9,67 : 643.57"
"9,68 : 376.53"
"9,69 : 942.38"
"9,70 : 380.92"
"9,71 : 872.02"
"9,72 : 446.79"
"9,73 : 530.64"
"9,74 : 123.31"
"9,75 : 432.35"
"9,76 : 195.69"
"9,77 : 649.69"
"9,78 : 498.17"
"9,79 : 209.55"
"9,80 : 613.21"
"9,81 : 149.34"
"9,82 : 885.74"
"9,83 : 555.66"
"9,84 : 589.78"
"9,85 : 206.7"
"9,86 : 450.5"
"9,87 : 63.64"
"9,88 : 720.64"
"9,89 : 350.18"
"9,90 : 943.19"
"9,91 : 613.14"
"9,92 : 399.71"
"9,93 : 890.98"
"9,94 : 184.13"
"9,95 : 218.8"
"9,96 : 604.05"
"9,97 : 552.33"
"9,98 : 700.27"
"9,99 : 660.38"
"10,0 : 413.29"
"10,1 : 242.85"
"10,2 : 398.99"
"10,3 : 409.67"
"10,4 : 564.59"
"10,5 : 516.4"
"10,6 : 742.94"
"10,7 : 846.24"
"10,8 : 331.49"
"10,9 : 333.78"
"10,10 : 0.0"
"10,11 : 272.46"
"10,12 : 515.05"
"10,13 : 218.04"
"10,14 : 225.09"
"10,15 : 664.65"
"10,16 : 709.88"
"10,17 : 528.93"
"10,18 : 459.5"
"10,19 : 604.44"
"10,20 : 501.18"
"10,21 : 269.46"
"10,22 : 671.91"
"10,23 : 157.28"
"10,24 : 435.56"
"10,25 : 557.99"
"10,26 : 528.42"
"10,27 : 228.32"
"10,28 : 387.16"
"10,29 : 540.37"
"10,30 : 740.93"
"10,31 : 302.65"
"10,32 : 298.24"
"10,33 : 606.08"
"10,34 : 281.0"
"10,35 : 627.49"
"10,36 : 892.66"
"10,37 : 978.11"
"10,38 : 312.87"
"10,39 : 381.27"
"10,40 : 620.0"
"10,41 : 392.36"
"10,42 : 350.72"
"10,43 : 403.5"
"10,44 : 295.98"
"10,45 : 172.15"
"10,46 : 973.26"
"10,47 : 774.85"
"10,48 : 534.57"
"10,49 : 257.42"
"10,50 : 461.15"
"10,51 : 649.98"
"10,52 : 349.31"
"10,53 : 804.48"
"10,54 : 621.73"
"10,55 : 285.62"
"10,56 : 75.66"
"10,57 : 341.16"
"10,58 : 657.82"
"10,59 : 726.2"
"10,60 : 340.96"
"10,61 : 220.24"
"10,62 : 505.46"
"10,63 : 488.79"
"10,64 : 696.33"
"10,65 : 358.4"
"10,66 : 731.49"
"10,67 : 672.62"
"10,68 : 609.18"
"10,69 : 793.97"
"10,70 : 428.71"
"10,71 : 894.88"
"10,72 : 496.27"
"10,73 : 499.92"
"10,74 : 217.04"
"10,75 : 642.96"
"10,76 : 242.71"
"10,77 : 340.35"
"10,78 : 224.34"
"10,79 : 159.4"
"10,80 : 749.0"
"10,81 : 189.56"
"10,82 : 732.61"
"10,83 : 224.57"
"10,84 : 748.28"
"10,85 : 169.78"
"10,86 : 144.94"
"10,87 : 356.14"
"10,88 : 577.25"
"10,89 : 251.38"
"10,90 : 776.18"
"10,91 : 371.34"
"10,92 : 79.91"
"10,93 : 670.13"
"10,94 : 237.12"
"10,95 : 398.94"
"10,96 : 288.88"
"10,97 : 456.07"
"10,98 : 501.86"
"10,99 : 807.52"
"11,0 : 248.92"
"11,1 : 343.63"
"11,2 : 436.04"
"11,3 : 374.79"
"11,4 : 613.29"
"11,5 : 456.27"
"11,6 : 472.61"
"11,7 : 754.11"
"11,8 : 291.5"
"11,9 : 531.99"
"11,10 : 272.46"
"11,11 : 0.0"
"11,12 : 476.71"
"11,13 : 385.24"
"11,14 : 386.76"
"11,15 : 700.92"
"11,16 : 439.32"
"11,17 : 559.58"
"11,18 : 351.8"
"11,19 : 797.5"
"11,20 : 531.09"
"11,21 : 12.17"
"11,22 : 599.06"
"11,23 : 230.67"
"11,24 : 232.62"
"11,25 : 294.16"
"11,26 : 681.56"
"11,27 : 429.8"
"11,28 : 374.9"
"11,29 : 268.0"
"11,30 : 680.22"
"11,31 : 91.84"
"11,32 : 297.85"
"11,33 : 507.12"
"11,34 : 467.25"
"11,35 : 607.56"
"11,36 : 745.81"
"11,37 : 876.14"
"11,38 : 57.97"
"11,39 : 516.11"
"11,40 : 359.36"
"11,41 : 399.66"
"11,42 : 399.15"
"11,43 : 344.76"
"11,44 : 201.79"
"11,45 : 186.27"
"11,46 : 865.8"
"11,47 : 573.37"
"11,48 : 567.41"
"11,49 : 514.76"
"11,50 : 533.17"
"11,51 : 686.48"
"11,52 : 190.71"
"11,53 : 532.9"
"11,54 : 465.59"
"11,55 : 519.98"
"11,56 : 203.36"
"11,57 : 440.69"
"11,58 : 391.27"
"11,59 : 682.4"
"11,60 : 87.09"
"11,61 : 388.81"
"11,62 : 704.41"
"11,63 : 412.44"
"11,64 : 448.47"
"11,65 : 358.81"
"11,66 : 463.63"
"11,67 : 547.88"
"11,68 : 664.22"
"11,69 : 538.01"
"11,70 : 394.49"
"11,71 : 736.9"
"11,72 : 434.58"
"11,73 : 368.21"
"11,74 : 411.43"
"11,75 : 672.89"
"11,76 : 505.56"
"11,77 : 430.69"
"11,78 : 413.66"
"11,79 : 419.54"
"11,80 : 697.94"
"11,81 : 422.15"
"11,82 : 477.01"
"11,83 : 284.69"
"11,84 : 716.31"
"11,85 : 325.33"
"11,86 : 136.95"
"11,87 : 575.88"
"11,88 : 337.89"
"11,89 : 223.9"
"11,90 : 513.64"
"11,91 : 99.3"
"11,92 : 198.95"
"11,93 : 397.73"
"11,94 : 361.26"
"11,95 : 479.59"
"11,96 : 143.67"
"11,97 : 280.77"
"11,98 : 238.41"
"11,99 : 757.71"
"12,0 : 724.49"
"12,1 : 291.61"
"12,2 : 872.29"
"12,3 : 109.04"
"12,4 : 197.61"
"12,5 : 41.11"
"12,6 : 763.16"
"12,7 : 336.48"
"12,8 : 749.54"
"12,9 : 429.12"
"12,10 : 515.05"
"12,11 : 476.71"
"12,12 : 0.0"
"12,13 : 730.46"
"12,14 : 355.58"
"12,15 : 249.61"
"12,16 : 734.94"
"12,17 : 140.76"
"12,18 : 151.21"
"12,19 : 566.63"
"12,20 : 128.46"
"12,21 : 464.66"
"12,22 : 161.0"
"12,23 : 617.22"
"12,24 : 322.74"
"12,25 : 667.58"
"12,26 : 410.11"
"12,27 : 413.73"
"12,28 : 829.21"
"12,29 : 570.32"
"12,30 : 225.89"
"12,31 : 390.59"
"12,32 : 740.4"
"12,33 : 135.92"
"12,34 : 391.62"
"12,35 : 130.97"
"12,36 : 426.2"
"12,37 : 469.04"
"12,38 : 526.8"
"12,39 : 308.66"
"12,40 : 520.75"
"12,41 : 847.59"
"12,42 : 827.13"
"12,43 : 812.39"
"12,44 : 667.71"
"12,45 : 593.63"
"12,46 : 466.9"
"12,47 : 429.61"
"12,48 : 147.99"
"12,49 : 560.02"
"12,50 : 201.48"
"12,51 : 237.55"
"12,52 : 295.72"
"12,53 : 729.33"
"12,54 : 245.2"
"12,55 : 500.95"
"12,56 : 516.64"
"12,57 : 249.69"
"12,58 : 575.68"
"12,59 : 214.4"
"12,60 : 547.56"
"12,61 : 365.07"
"12,62 : 516.2"
"12,63 : 82.22"
"12,64 : 511.4"
"12,65 : 806.85"
"12,66 : 633.82"
"12,67 : 217.18"
"12,68 : 241.14"
"12,69 : 608.93"
"12,70 : 88.6"
"12,71 : 443.02"
"12,72 : 52.5"
"12,73 : 178.89"
"12,74 : 401.62"
"12,75 : 219.79"
"12,76 : 574.6"
"12,77 : 836.0"
"12,78 : 739.36"
"12,79 : 526.05"
"12,80 : 235.27"
"12,81 : 466.91"
"12,82 : 565.2"
"12,83 : 693.42"
"12,84 : 243.02"
"12,85 : 368.76"
"12,86 : 512.41"
"12,87 : 492.0"
"12,88 : 423.96"
"12,89 : 282.08"
"12,90 : 629.64"
"12,91 : 490.07"
"12,92 : 515.61"
"12,93 : 654.27"
"12,94 : 312.53"
"12,95 : 212.76"
"12,96 : 615.87"
"12,97 : 268.5"
"12,98 : 480.31"
"12,99 : 294.88"
"13,0 : 385.89"
"13,1 : 460.18"
"13,2 : 219.86"
"13,3 : 623.4"
"13,4 : 780.32"
"13,5 : 729.06"
"13,6 : 800.24"
"13,7 : 1057.73"
"13,8 : 239.71"
"13,9 : 511.17"
"13,10 : 218.04"
"13,11 : 385.24"
"13,12 : 730.46"
"13,13 : 0.0"
"13,14 : 432.99"
"13,15 : 880.65"
"13,16 : 769.81"
"13,17 : 746.43"
"13,18 : 660.93"
"13,19 : 764.09"
"13,20 : 718.88"
"13,21 : 389.17"
"13,22 : 884.94"
"13,23 : 154.83"
"13,24 : 601.16"
"13,25 : 608.05"
"13,26 : 716.96"
"13,27 : 418.19"
"13,28 : 247.7"
"13,29 : 629.76"
"13,30 : 956.16"
"13,31 : 453.63"
"13,32 : 192.85"
"13,33 : 813.41"
"13,34 : 472.12"
"13,35 : 845.17"
"13,36 : 1090.89"
"13,37 : 1188.65"
"13,38 : 396.0"
"13,39 : 585.14"
"13,40 : 741.13"
"13,41 : 236.23"
"13,42 : 176.82"
"13,43 : 294.88"
"13,44 : 271.68"
"13,45 : 200.42"
"13,46 : 1182.66"
"13,47 : 948.08"
"13,48 : 751.91"
"13,49 : 376.7"
"13,50 : 675.75"
"13,51 : 866.08"
"13,52 : 528.02"
"13,53 : 891.97"
"13,54 : 813.12"
"13,55 : 436.72"
"13,56 : 221.12"
"13,57 : 555.19"
"13,58 : 767.03"
"13,59 : 942.94"
"13,60 : 413.7"
"13,61 : 426.47"
"13,62 : 666.55"
"13,63 : 698.1"
"13,64 : 833.51"
"13,65 : 219.74"
"13,66 : 835.82"
"13,67 : 874.83"
"13,68 : 823.56"
"13,69 : 920.53"
"13,70 : 643.0"
"13,71 : 1089.24"
"13,72 : 708.28"
"13,73 : 696.14"
"13,74 : 412.75"
"13,75 : 859.69"
"13,76 : 351.37"
"13,77 : 140.01"
"13,78 : 36.89"
"13,79 : 302.52"
"13,80 : 965.26"
"13,81 : 363.15"
"13,82 : 860.1"
"13,83 : 128.95"
"13,84 : 965.84"
"13,85 : 384.69"
"13,86 : 258.68"
"13,87 : 512.77"
"13,88 : 722.53"
"13,89 : 456.86"
"13,90 : 892.01"
"13,91 : 475.66"
"13,92 : 223.47"
"13,93 : 752.81"
"13,94 : 452.24"
"13,95 : 613.86"
"13,96 : 308.5"
"13,97 : 635.13"
"13,98 : 620.49"
"13,99 : 1024.17"
"14,0 : 598.37"
"14,1 : 75.95"
"14,2 : 624.08"
"14,3 : 273.0"
"14,4 : 351.62"
"14,5 : 372.29"
"14,6 : 837.96"
"14,7 : 690.23"
"14,8 : 547.01"
"14,9 : 146.86"
"14,10 : 225.09"
"14,11 : 386.76"
"14,12 : 355.58"
"14,13 : 432.99"
"14,14 : 0.0"
"14,15 : 451.81"
"14,16 : 804.77"
"14,17 : 326.11"
"14,18 : 365.92"
"14,19 : 411.59"
"14,20 : 301.42"
"14,21 : 377.48"
"14,22 : 515.87"
"14,23 : 376.36"
"14,24 : 430.69"
"14,25 : 675.41"
"14,26 : 310.55"
"14,27 : 64.63"
"14,28 : 609.27"
"14,29 : 622.26"
"14,30 : 571.43"
"14,31 : 358.59"
"14,32 : 518.55"
"14,33 : 476.37"
"14,34 : 81.57"
"14,35 : 442.67"
"14,36 : 774.47"
"14,37 : 822.27"
"14,38 : 442.94"
"14,39 : 156.35"
"14,40 : 655.3"
"14,41 : 616.37"
"14,42 : 575.81"
"14,43 : 619.0"
"14,44 : 494.56"
"14,45 : 378.26"
"14,46 : 821.34"
"14,47 : 715.94"
"14,48 : 330.23"
"14,49 : 209.54"
"14,50 : 245.8"
"14,51 : 437.6"
"14,52 : 340.11"
"14,53 : 864.47"
"14,54 : 536.27"
"14,55 : 167.17"
"14,56 : 273.0"
"14,57 : 126.67"
"14,58 : 704.25"
"14,59 : 547.61"
"14,60 : 473.03"
"14,61 : 9.49"
"14,62 : 317.66"
"14,63 : 362.68"
"14,64 : 702.32"
"14,65 : 581.11"
"14,66 : 777.42"
"14,67 : 554.55"
"14,68 : 392.23"
"14,69 : 807.18"
"14,70 : 285.59"
"14,71 : 785.91"
"14,72 : 357.33"
"14,73 : 415.74"
"14,74 : 48.04"
"14,75 : 433.28"
"14,76 : 220.84"
"14,77 : 563.3"
"14,78 : 429.8"
"14,79 : 172.89"
"14,80 : 573.17"
"14,81 : 111.33"
"14,82 : 749.1"
"14,83 : 448.19"
"14,84 : 561.81"
"14,85 : 64.76"
"14,86 : 316.73"
"14,87 : 199.01"
"14,88 : 583.63"
"14,89 : 207.23"
"14,90 : 804.63"
"14,91 : 466.34"
"14,92 : 275.05"
"14,93 : 745.43"
"14,94 : 48.17"
"14,95 : 185.7"
"14,96 : 468.59"
"14,97 : 420.63"
"14,98 : 555.51"
"14,99 : 627.65"
"15,0 : 949.36"
"15,1 : 422.21"
"15,2 : 1054.65"
"15,3 : 330.01"
"15,4 : 100.4"
"15,5 : 287.14"
"15,6 : 1012.25"
"15,7 : 369.98"
"15,8 : 950.07"
"15,9 : 442.15"
"15,10 : 664.65"
"15,11 : 700.92"
"15,12 : 249.61"
"15,13 : 880.65"
"15,14 : 451.81"
"15,15 : 0.0"
"15,16 : 984.31"
"15,17 : 142.64"
"15,18 : 400.67"
"15,19 : 443.11"
"15,20 : 171.72"
"15,21 : 688.77"
"15,22 : 268.78"
"15,23 : 797.02"
"15,24 : 571.49"
"15,25 : 914.87"
"15,26 : 304.82"
"15,27 : 486.01"
"15,28 : 1024.3"
"15,29 : 819.47"
"15,30 : 249.78"
"15,31 : 622.35"
"15,32 : 932.67"
"15,33 : 334.01"
"15,34 : 440.78"
"15,35 : 149.68"
"15,36 : 532.71"
"15,37 : 476.24"
"15,38 : 755.31"
"15,39 : 319.76"
"15,40 : 767.85"
"15,41 : 1037.92"
"15,42 : 1007.14"
"15,43 : 1017.91"
"15,44 : 876.59"
"15,45 : 783.65"
"15,46 : 485.26"
"15,47 : 628.63"
"15,48 : 135.34"
"15,49 : 609.4"
"15,50 : 206.01"
"15,51 : 14.87"
"15,52 : 534.58"
"15,53 : 972.71"
"15,54 : 464.42"
"15,55 : 534.81"
"15,56 : 690.16"
"15,57 : 326.17"
"15,58 : 822.47"
"15,59 : 204.96"
"15,60 : 779.13"
"15,61 : 459.61"
"15,62 : 436.95"
"15,63 : 331.73"
"15,64 : 748.92"
"15,65 : 998.92"
"15,66 : 877.54"
"15,67 : 393.86"
"15,68 : 65.86"
"15,69 : 840.65"
"15,70 : 312.23"
"15,71 : 563.99"
"15,72 : 302.06"
"15,73 : 426.41"
"15,74 : 483.44"
"15,75 : 29.83"
"15,76 : 631.99"
"15,77 : 1004.03"
"15,78 : 880.31"
"15,79 : 615.77"
"15,80 : 229.12"
"15,81 : 547.61"
"15,82 : 802.52"
"15,83 : 873.62"
"15,84 : 184.14"
"15,85 : 495.98"
"15,86 : 705.66"
"15,87 : 490.81"
"15,88 : 670.39"
"15,89 : 483.23"
"15,90 : 867.16"
"15,91 : 729.27"
"15,92 : 690.46"
"15,93 : 903.16"
"15,94 : 428.4"
"15,95 : 267.09"
"15,96 : 831.2"
"15,97 : 518.06"
"15,98 : 729.67"
"15,99 : 252.34"
"16,0 : 410.0"
"16,1 : 745.27"
"16,2 : 706.64"
"16,3 : 675.43"
"16,4 : 923.66"
"16,5 : 697.3"
"16,6 : 33.42"
"16,7 : 861.77"
"16,8 : 565.8"
"16,9 : 951.34"
"16,10 : 709.88"
"16,11 : 439.32"
"16,12 : 734.94"
"16,13 : 769.81"
"16,14 : 804.77"
"16,15 : 984.31"
"16,16 : 0.0"
"16,17 : 864.05"
"16,18 : 584.82"
"16,19 : 1201.13"
"16,20 : 841.28"
"16,21 : 444.43"
"16,22 : 775.45"
"16,23 : 626.46"
"16,24 : 419.62"
"16,25 : 161.83"
"16,26 : 1065.58"
"16,27 : 856.75"
"16,28 : 624.67"
"16,29 : 182.98"
"16,30 : 852.05"
"16,31 : 446.2"
"16,32 : 603.99"
"16,33 : 677.55"
"16,34 : 886.18"
"16,35 : 848.71"
"16,36 : 757.34"
"16,37 : 943.12"
"16,38 : 397.71"
"16,39 : 905.27"
"16,40 : 227.11"
"16,41 : 656.78"
"16,42 : 695.21"
"16,43 : 561.57"
"16,44 : 501.6"
"16,45 : 582.07"
"16,46 : 925.14"
"16,47 : 515.31"
"16,48 : 872.21"
"16,49 : 953.28"
"16,50 : 877.77"
"16,51 : 972.46"
"16,52 : 485.93"
"16,53 : 152.51"
"16,54 : 560.56"
"16,55 : 952.98"
"16,56 : 637.19"
"16,57 : 821.29"
"16,58 : 180.11"
"16,59 : 876.61"
"16,60 : 371.21"
"16,61 : 808.94"
"16,62 : 1115.48"
"16,63 : 652.72"
"16,64 : 300.83"
"16,65 : 630.0"
"16,66 : 173.05"
"16,67 : 662.13"
"16,68 : 971.83"
"16,69 : 294.46"
"16,70 : 687.59"
"16,71 : 727.79"
"16,72 : 682.44"
"16,73 : 558.69"
"16,74 : 837.56"
"16,75 : 954.54"
"16,76 : 944.76"
"16,77 : 750.41"
"16,78 : 804.81"
"16,79 : 858.75"
"16,80 : 878.95"
"16,81 : 857.41"
"16,82 : 269.88"
"16,83 : 643.12"
"16,84 : 918.61"
"16,85 : 749.87"
"16,86 : 567.24"
"16,87 : 1002.08"
"16,88 : 322.13"
"16,89 : 605.1"
"16,90 : 239.8"
"16,91 : 344.25"
"16,92 : 632.72"
"16,93 : 85.01"
"16,94 : 769.09"
"16,95 : 840.72"
"16,96 : 461.69"
"16,97 : 467.7"
"16,98 : 262.35"
"16,99 : 927.86"
"17,0 : 807.59"
"17,1 : 286.25"
"17,2 : 914.6"
"17,3 : 194.0"
"17,4 : 59.62"
"17,5 : 181.84"
"17,6 : 893.41"
"17,7 : 397.26"
"17,8 : 807.79"
"17,9 : 350.38"
"17,10 : 528.93"
"17,11 : 559.58"
"17,12 : 140.76"
"17,13 : 746.43"
"17,14 : 326.11"
"17,15 : 142.64"
"17,16 : 864.05"
"17,17 : 0.0"
"17,18 : 280.86"
"17,19 : 437.18"
"17,20 : 29.12"
"17,21 : 547.46"
"17,22 : 242.86"
"17,23 : 656.63"
"17,24 : 445.6"
"17,25 : 783.78"
"17,26 : 281.16"
"17,27 : 369.9"
"17,28 : 882.55"
"17,29 : 693.01"
"17,30 : 269.49"
"17,31 : 483.13"
"17,32 : 791.08"
"17,33 : 264.2"
"17,34 : 332.18"
"17,35 : 131.4"
"17,36 : 526.67"
"17,37 : 522.91"
"17,38 : 614.59"
"17,39 : 221.36"
"17,40 : 655.72"
"17,41 : 896.72"
"17,42 : 867.35"
"17,43 : 875.41"
"17,44 : 733.96"
"17,45 : 641.98"
"17,46 : 526.38"
"17,47 : 565.28"
"17,48 : 8.25"
"17,49 : 506.0"
"17,50 : 93.96"
"17,51 : 127.88"
"17,52 : 399.09"
"17,53 : 866.76"
"17,54 : 384.03"
"17,55 : 436.4"
"17,56 : 550.19"
"17,57 : 199.9"
"17,58 : 710.79"
"17,59 : 235.64"
"17,60 : 639.08"
"17,61 : 334.73"
"17,62 : 399.27"
"17,63 : 218.01"
"17,64 : 651.41"
"17,65 : 857.46"
"17,66 : 771.26"
"17,67 : 340.65"
"17,68 : 108.91"
"17,69 : 749.57"
"17,70 : 178.51"
"17,71 : 550.31"
"17,72 : 189.4"
"17,73 : 316.19"
"17,74 : 363.73"
"17,75 : 116.71"
"17,76 : 525.68"
"17,77 : 866.4"
"17,78 : 748.43"
"17,79 : 496.67"
"17,80 : 262.92"
"17,81 : 430.22"
"17,82 : 705.16"
"17,83 : 733.43"
"17,84 : 241.07"
"17,85 : 362.84"
"17,86 : 563.52"
"17,87 : 408.21"
"17,88 : 560.12"
"17,89 : 340.69"
"17,90 : 769.46"
"17,91 : 592.29"
"17,92 : 550.3"
"17,93 : 785.48"
"17,94 : 296.15"
"17,95 : 142.41"
"17,96 : 688.71"
"17,97 : 396.7"
"17,98 : 604.65"
"17,99 : 310.7"
"18,0 : 592.96"
"18,1 : 290.34"
"18,2 : 773.09"
"18,3 : 110.98"
"18,4 : 340.33"
"18,5 : 117.07"
"18,6 : 613.57"
"18,7 : 406.31"
"18,8 : 638.44"
"18,9 : 480.25"
"18,10 : 459.5"
"18,11 : 351.8"
"18,12 : 151.21"
"18,13 : 660.93"
"18,14 : 365.92"
"18,15 : 400.67"
"18,16 : 584.82"
"18,17 : 280.86"
"18,18 : 0.0"
"18,19 : 670.61"
"18,20 : 260.35"
"18,21 : 340.35"
"18,22 : 247.32"
"18,23 : 528.59"
"18,24 : 171.94"
"18,25 : 517.4"
"18,26 : 518.69"
"18,27 : 430.43"
"18,28 : 720.82"
"18,29 : 419.13"
"18,30 : 328.89"
"18,31 : 260.73"
"18,32 : 636.48"
"18,33 : 157.49"
"18,34 : 427.16"
"18,35 : 275.0"
"18,36 : 433.17"
"18,37 : 533.18"
"18,38 : 395.63"
"18,39 : 382.94"
"18,40 : 375.1"
"18,41 : 742.62"
"18,42 : 730.86"
"18,43 : 695.81"
"18,44 : 551.45"
"18,45 : 497.1"
"18,46 : 525.22"
"18,47 : 350.83"
"18,48 : 288.9"
"18,49 : 574.11"
"18,50 : 311.85"
"18,51 : 388.36"
"18,52 : 161.45"
"18,53 : 587.49"
"18,54 : 171.24"
"18,55 : 530.77"
"18,56 : 439.89"
"18,57 : 303.32"
"18,58 : 430.16"
"18,59 : 334.38"
"18,60 : 412.75"
"18,61 : 374.71"
"18,62 : 604.3"
"18,63 : 70.18"
"18,64 : 379.86"
"18,65 : 701.4"
"18,66 : 492.2"
"18,67 : 214.03"
"18,68 : 387.49"
"18,69 : 482.46"
"18,70 : 113.95"
"18,71 : 436.44"
"18,72 : 99.14"
"18,73 : 50.45"
"18,74 : 413.7"
"18,75 : 370.84"
"18,76 : 582.19"
"18,77 : 748.89"
"18,78 : 676.57"
"18,79 : 516.11"
"18,80 : 347.85"
"18,81 : 470.13"
"18,82 : 432.75"
"18,83 : 601.15"
"18,84 : 371.1"
"18,85 : 351.95"
"18,86 : 417.43"
"18,87 : 543.27"
"18,88 : 280.43"
"18,89 : 208.15"
"18,90 : 495.86"
"18,91 : 348.39"
"18,92 : 437.72"
"18,93 : 505.15"
"18,94 : 317.76"
"18,95 : 294.29"
"18,96 : 495.16"
"18,97 : 117.44"
"18,98 : 329.1"
"18,99 : 407.08"
"19,0 : 1005.95"
"19,1 : 458.5"
"19,2 : 980.43"
"19,3 : 560.02"
"19,4 : 399.22"
"19,5 : 604.77"
"19,6 : 1233.68"
"19,7 : 809.13"
"19,8 : 935.57"
"19,9 : 272.69"
"19,10 : 604.44"
"19,11 : 797.5"
"19,12 : 566.63"
"19,13 : 764.09"
"19,14 : 411.59"
"19,15 : 443.11"
"19,16 : 1201.13"
"19,17 : 437.18"
"19,18 : 670.61"
"19,19 : 0.0"
"19,20 : 440.16"
"19,21 : 787.82"
"19,22 : 676.12"
"19,23 : 761.36"
"19,24 : 796.96"
"19,25 : 1081.74"
"19,26 : 156.67"
"19,27 : 380.26"
"19,28 : 985.27"
"19,29 : 1018.42"
"19,30 : 683.36"
"19,31 : 759.94"
"19,32 : 900.03"
"19,33 : 699.09"
"19,34 : 333.71"
"19,35 : 554.05"
"19,36 : 958.36"
"19,37 : 919.34"
"19,38 : 854.18"
"19,39 : 297.26"
"19,40 : 1026.02"
"19,41 : 985.17"
"19,42 : 933.86"
"19,43 : 1007.32"
"19,44 : 896.02"
"19,45 : 774.17"
"19,46 : 928.09"
"19,47 : 996.03"
"19,48 : 432.62"
"19,49 : 389.58"
"19,50 : 366.08"
"19,51 : 438.66"
"19,52 : 717.61"
"19,53 : 1241.0"
"19,54 : 810.06"
"19,55 : 328.26"
"19,56 : 669.28"
"19,57 : 382.1"
"19,58 : 1079.1"
"19,59 : 640.89"
"19,60 : 884.16"
"19,61 : 410.61"
"19,62 : 99.14"
"19,63 : 627.21"
"19,64 : 1048.73"
"19,65 : 955.79"
"19,66 : 1148.45"
"19,67 : 777.32"
"19,68 : 388.39"
"19,69 : 1152.46"
"19,70 : 557.41"
"19,71 : 984.59"
"19,72 : 604.3"
"19,73 : 717.4"
"19,74 : 395.6"
"19,75 : 451.69"
"19,76 : 416.23"
"19,77 : 904.11"
"19,78 : 745.24"
"19,79 : 464.78"
"19,80 : 667.12"
"19,81 : 415.77"
"19,82 : 1100.61"
"19,83 : 822.86"
"19,84 : 626.15"
"19,85 : 475.2"
"19,86 : 722.92"
"19,87 : 252.51"
"19,88 : 940.27"
"19,89 : 596.71"
"19,90 : 1162.1"
"19,91 : 872.06"
"19,92 : 672.27"
"19,93 : 1134.45"
"19,94 : 437.51"
"19,95 : 376.7"
"19,96 : 876.37"
"19,97 : 766.93"
"19,98 : 942.49"
"19,99 : 695.38"
"20,0 : 778.92"
"20,1 : 258.8"
"20,2 : 885.82"
"20,3 : 168.32"
"20,4 : 84.34"
"20,5 : 168.67"
"20,6 : 870.98"
"20,7 : 410.12"
"20,8 : 778.68"
"20,9 : 334.71"
"20,10 : 501.18"
"20,11 : 531.09"
"20,12 : 128.46"
"20,13 : 718.88"
"20,14 : 301.42"
"20,15 : 171.72"
"20,16 : 841.28"
"20,17 : 29.12"
"20,18 : 260.35"
"20,19 : 440.16"
"20,20 : 0.0"
"20,21 : 518.99"
"20,22 : 249.01"
"20,23 : 627.82"
"20,24 : 422.1"
"20,25 : 758.23"
"20,26 : 283.49"
"20,27 : 347.59"
"20,28 : 853.5"
"20,29 : 668.82"
"20,30 : 283.65"
"20,31 : 455.4"
"20,32 : 762.06"
"20,33 : 258.94"
"20,34 : 312.22"
"20,35 : 146.89"
"20,36 : 531.66"
"20,37 : 537.92"
"20,38 : 586.31"
"20,39 : 206.32"
"20,40 : 635.41"
"20,41 : 867.76"
"20,42 : 838.63"
"20,43 : 846.29"
"20,44 : 704.87"
"20,45 : 612.94"
"20,46 : 540.37"
"20,47 : 557.43"
"20,48 : 36.5"
"20,49 : 486.17"
"20,50 : 82.01"
"20,51 : 156.95"
"20,52 : 372.71"
"20,53 : 847.58"
"20,54 : 373.65"
"20,55 : 418.21"
"20,56 : 521.48"
"20,57 : 176.23"
"20,58 : 690.46"
"20,59 : 252.77"
"20,60 : 611.0"
"20,61 : 310.23"
"20,62 : 395.96"
"20,63 : 200.66"
"20,64 : 634.85"
"20,65 : 828.45"
"20,66 : 752.18"
"20,67 : 337.76"
"20,68 : 135.07"
"20,69 : 734.28"
"20,70 : 154.04"
"20,71 : 553.52"
"20,72 : 173.25"
"20,73 : 298.3"
"20,74 : 340.49"
"20,75 : 145.78"
"20,76 : 505.06"
"20,77 : 838.1"
"20,78 : 721.39"
"20,79 : 473.02"
"20,80 : 279.66"
"20,81 : 407.24"
"20,82 : 688.46"
"20,83 : 704.65"
"20,84 : 261.93"
"20,85 : 335.97"
"20,86 : 534.42"
"20,87 : 394.2"
"20,88 : 540.59"
"20,89 : 311.71"
"20,90 : 752.5"
"20,91 : 565.19"
"20,92 : 521.55"
"20,93 : 763.48"
"20,94 : 269.74"
"20,95 : 120.77"
"20,96 : 659.75"
"20,97 : 374.77"
"20,98 : 580.99"
"20,99 : 330.12"
"21,0 : 261.08"
"21,1 : 333.14"
"21,2 : 445.18"
"21,3 : 362.63"
"21,4 : 601.24"
"21,5 : 444.37"
"21,6 : 477.78"
"21,7 : 743.17"
"21,8 : 301.71"
"21,9 : 523.09"
"21,10 : 269.46"
"21,11 : 12.17"
"21,12 : 464.66"
"21,13 : 389.17"
"21,14 : 377.48"
"21,15 : 688.77"
"21,16 : 444.43"
"21,17 : 547.46"
"21,18 : 340.35"
"21,19 : 787.82"
"21,20 : 518.99"
"21,21 : 0.0"
"21,22 : 587.55"
"21,23 : 235.05"
"21,24 : 224.1"
"21,25 : 301.39"
"21,26 : 670.93"
"21,27 : 421.52"
"21,28 : 385.04"
"21,29 : 271.07"
"21,30 : 668.62"
"21,31 : 81.06"
"21,32 : 306.91"
"21,33 : 495.94"
"21,34 : 458.21"
"21,35 : 595.48"
"21,36 : 736.49"
"21,37 : 865.57"
"21,38 : 69.23"
"21,39 : 505.45"
"21,40 : 358.1"
"21,41 : 409.43"
"21,42 : 407.68"
"21,43 : 355.84"
"21,44 : 212.42"
"21,45 : 191.38"
"21,46 : 855.36"
"21,47 : 566.43"
"21,48 : 555.3"
"21,49 : 509.0"
"21,50 : 521.4"
"21,51 : 674.34"
"21,52 : 179.47"
"21,53 : 535.11"
"21,54 : 456.01"
"21,55 : 512.69"
"21,56 : 202.03"
"21,57 : 429.59"
"21,58 : 391.45"
"21,59 : 670.58"
"21,60 : 97.72"
"21,61 : 379.73"
"21,62 : 695.09"
"21,63 : 400.66"
"21,64 : 445.38"
"21,65 : 368.48"
"21,66 : 464.26"
"21,67 : 537.45"
"21,68 : 652.17"
"21,69 : 536.24"
"21,70 : 382.34"
"21,71 : 728.01"
"21,72 : 422.66"
"21,73 : 357.41"
"21,74 : 403.02"
"21,75 : 660.74"
"21,76 : 500.36"
"21,77 : 438.07"
"21,78 : 416.89"
"21,79 : 414.36"
"21,80 : 686.23"
"21,81 : 415.25"
"21,82 : 475.09"
"21,83 : 291.32"
"21,84 : 704.39"
"21,85 : 316.55"
"21,86 : 137.44"
"21,87 : 567.69"
"21,88 : 333.4"
"21,89 : 212.14"
"21,90 : 513.01"
"21,91 : 101.98"
"21,92 : 197.67"
"21,93 : 400.84"
"21,94 : 351.18"
"21,95 : 468.05"
"21,96 : 154.87"
"21,97 : 271.09"
"21,98 : 237.43"
"21,99 : 746.03"
"22,0 : 839.32"
"22,1 : 452.6"
"22,2 : 1014.76"
"22,3 : 262.24"
"22,4 : 277.35"
"22,5 : 155.88"
"22,6 : 799.47"
"22,7 : 175.64"
"22,8 : 883.97"
"22,9 : 578.84"
"22,10 : 671.91"
"22,11 : 599.06"
"22,12 : 161.0"
"22,13 : 884.94"
"22,14 : 515.87"
"22,15 : 268.78"
"22,16 : 775.45"
"22,17 : 242.86"
"22,18 : 247.32"
"22,19 : 676.12"
"22,20 : 249.01"
"22,21 : 587.55"
"22,22 : 0.0"
"22,23 : 764.11"
"22,24 : 402.38"
"22,25 : 739.81"
"22,26 : 521.83"
"22,27 : 572.7"
"22,28 : 965.75"
"22,29 : 633.02"
"22,30 : 82.57"
"22,31 : 508.04"
"22,32 : 879.68"
"22,33 : 100.6"
"22,34 : 547.16"
"22,35 : 124.78"
"22,36 : 283.83"
"22,37 : 308.23"
"22,38 : 642.56"
"22,39 : 452.77"
"22,40 : 549.28"
"22,41 : 986.48"
"22,42 : 971.11"
"22,43 : 942.6"
"22,44 : 797.98"
"22,45 : 736.53"
"22,46 : 305.91"
"22,47 : 362.73"
"22,48 : 245.95"
"22,49 : 718.09"
"22,50 : 331.01"
"22,51 : 264.24"
"22,52 : 408.76"
"22,53 : 737.57"
"22,54 : 218.83"
"22,55 : 656.14"
"22,56 : 667.55"
"22,57 : 404.8"
"22,58 : 600.89"
"22,59 : 101.27"
"22,60 : 658.7"
"22,61 : 525.34"
"22,62 : 642.13"
"22,63 : 190.85"
"22,64 : 507.87"
"22,65 : 945.33"
"22,66 : 645.08"
"22,67 : 129.54"
"22,68 : 298.75"
"22,69 : 589.96"
"22,70 : 243.43"
"22,71 : 308.51"
"22,72 : 176.83"
"22,73 : 240.67"
"22,74 : 561.33"
"22,75 : 245.77"
"22,76 : 733.66"
"22,77 : 984.47"
"22,78 : 895.68"
"22,79 : 686.91"
"22,80 : 105.57"
"22,81 : 627.1"
"22,82 : 559.7"
"22,83 : 838.98"
"22,84 : 143.56"
"22,85 : 529.55"
"22,86 : 655.55"
"22,87 : 640.18"
"22,88 : 453.34"
"22,89 : 429.92"
"22,90 : 623.2"
"22,91 : 591.03"
"22,92 : 666.1"
"22,93 : 690.88"
"22,94 : 473.4"
"22,95 : 360.07"
"22,96 : 742.26"
"22,97 : 342.71"
"22,98 : 543.86"
"22,99 : 161.82"
"23,0 : 274.05"
"23,1 : 378.44"
"23,2 : 258.06"
"23,3 : 508.21"
"23,4 : 698.74"
"23,5 : 609.59"
"23,6 : 657.94"
"23,7 : 932.68"
"23,8 : 174.26"
"23,9 : 491.06"
"23,10 : 157.28"
"23,11 : 230.67"
"23,12 : 617.22"
"23,13 : 154.83"
"23,14 : 376.36"
"23,15 : 797.02"
"23,16 : 626.46"
"23,17 : 656.63"
"23,18 : 528.59"
"23,19 : 761.36"
"23,20 : 627.82"
"23,21 : 235.05"
"23,22 : 764.11"
"23,23 : 0.0"
"23,24 : 451.56"
"23,25 : 465.95"
"23,26 : 684.0"
"23,27 : 385.33"
"23,28 : 233.07"
"23,29 : 478.17"
"23,30 : 839.68"
"23,31 : 303.08"
"23,32 : 142.23"
"23,33 : 684.81"
"23,34 : 437.5"
"23,35 : 740.12"
"23,36 : 951.59"
"23,37 : 1061.35"
"23,38 : 242.46"
"23,39 : 532.28"
"23,40 : 586.53"
"23,41 : 242.33"
"23,42 : 211.26"
"23,43 : 246.22"
"23,44 : 151.74"
"23,45 : 46.1"
"23,46 : 1053.77"
"23,47 : 797.95"
"23,48 : 663.13"
"23,49 : 401.16"
"23,50 : 599.35"
"23,51 : 782.17"
"23,52 : 384.57"
"23,53 : 742.38"
"23,54 : 671.41"
"23,55 : 439.36"
"23,56 : 107.21"
"23,57 : 482.65"
"23,58 : 613.43"
"23,59 : 831.62"
"23,60 : 262.07"
"23,61 : 372.71"
"23,62 : 662.29"
"23,63 : 573.78"
"23,64 : 678.73"
"23,65 : 205.36"
"23,66 : 683.06"
"23,67 : 740.27"
"23,68 : 746.03"
"23,69 : 765.89"
"23,70 : 528.63"
"23,71 : 947.38"
"23,72 : 587.99"
"23,73 : 559.0"
"23,74 : 373.34"
"23,75 : 773.01"
"23,76 : 381.81"
"23,77 : 220.62"
"23,78 : 185.04"
"23,79 : 306.4"
"23,80 : 851.89"
"23,81 : 345.79"
"23,82 : 705.37"
"23,83 : 76.94"
"23,84 : 858.71"
"23,85 : 315.52"
"23,86 : 112.07"
"23,87 : 511.75"
"23,88 : 568.38"
"23,89 : 335.48"
"23,90 : 738.08"
"23,91 : 321.13"
"23,92 : 106.63"
"23,93 : 603.45"
"23,94 : 379.53"
"23,95 : 537.53"
"23,96 : 167.76"
