x,y
94,170
14,982
483,921
520,489
453,564
408,296
679,930
638,260
660,864
851,786
318,961
398,796
695,95
445,584
255,765
946,267
669,616
944,78
940,265
146,1
282,742
594,611
299,924
608,264
890,533
20,385
570,592
883,125
842,710
219,360
203,614
91,233
607,600
671,916
972,928
62,288
203,260
622,297
769,722
232,906
448,474
631,172
877,790
705,357
281,249
988,138
682,213
202,276
714,192
861,467
993,586
164,708
536,70
766,237
876,281
667,79
672,680
608,290
679,588
318,679
721,264
868,812
636,28
443,646
896,78
280,459
599,908
476,675
303,889
110,79
980,959
768,504
690,657
959,870
936,197
994,497
783,874
656,728
232,935
696,943
732,709
787,262
34,114
938,182
874,331
196,726
9,647
492,233
705,145
934,3
358,405
732,606
829,17
406,486
870,704
620,135
576,383
228,873
205,996
383,816

Distanze
"0,0 : 0.0"
"0,1 : 815.93"
"0,2 : 845.77"
"0,3 : 532.2"
"0,4 : 533.03"
"0,5 : 338.34"
"0,6 : 959.08"
"0,7 : 551.39"
"0,8 : 895.54"
"0,9 : 975.96"
"0,10 : 822.11"
"0,11 : 695.91"
"0,12 : 605.66"
"0,13 : 542.77"
"0,14 : 616.4"
"0,15 : 857.5"
"0,16 : 727.7"
"0,17 : 854.96"
"0,18 : 851.32"
"0,19 : 176.82"
"0,20 : 602.1"
"0,21 : 666.69"
"0,22 : 781.37"
"0,23 : 522.52"
"0,24 : 874.86"
"0,25 : 227.38"
"0,26 : 636.13"
"0,27 : 790.28"
"0,28 : 922.55"
"0,29 : 227.43"
"0,30 : 457.18"
"0,31 : 63.07"
"0,32 : 669.38"
"0,33 : 943.1"
"0,34 : 1159.93"
"0,35 : 122.26"
"0,36 : 141.35"
"0,37 : 543.06"
"0,38 : 871.97"
"0,39 : 748.83"
"0,40 : 466.62"
"0,41 : 537.0"
"0,42 : 998.74"
"0,43 : 638.98"
"0,44 : 203.0"
"0,45 : 894.57"
"0,46 : 589.57"
"0,47 : 151.33"
"0,48 : 620.39"
"0,49 : 822.49"
"0,50 : 990.58"
"0,51 : 542.53"
"0,52 : 453.17"
"0,53 : 675.33"
"0,54 : 789.84"
"0,55 : 580.18"
"0,56 : 770.83"
"0,57 : 527.82"
"0,58 : 718.99"
"0,59 : 556.11"
"0,60 : 634.01"
"0,61 : 1005.6"
"0,62 : 560.29"
"0,63 : 590.23"
"0,64 : 807.26"
"0,65 : 343.68"
"0,66 : 894.24"
"0,67 : 633.21"
"0,68 : 748.76"
"0,69 : 92.4"
"0,70 : 1186.39"
"0,71 : 752.22"
"0,72 : 769.67"
"0,73 : 1112.76"
"0,74 : 842.43"
"0,75 : 957.56"
"0,76 : 985.06"
"0,77 : 791.96"
"0,78 : 777.35"
"0,79 : 979.76"
"0,80 : 835.2"
"0,81 : 699.08"
"0,82 : 82.07"
"0,83 : 844.09"
"0,84 : 796.44"
"0,85 : 565.28"
"0,86 : 484.51"
"0,87 : 402.96"
"0,88 : 611.51"
"0,89 : 856.44"
"0,90 : 353.44"
"0,91 : 772.75"
"0,92 : 750.76"
"0,93 : 444.07"
"0,94 : 941.98"
"0,95 : 527.16"
"0,96 : 526.97"
"0,97 : 715.66"
"0,98 : 833.42"
"0,99 : 707.7"
"1,0 : 815.93"
"1,1 : 0.0"
"1,2 : 472.95"
"1,3 : 706.46"
"1,4 : 606.17"
"1,5 : 791.1"
"1,6 : 667.03"
"1,7 : 954.29"
"1,8 : 656.69"
"1,9 : 859.64"
"1,10 : 304.72"
"1,11 : 426.68"
"1,12 : 1118.27"
"1,13 : 586.66"
"1,14 : 324.3"
"1,15 : 1174.67"
"1,16 : 750.32"
"1,17 : 1296.96"
"1,18 : 1171.14"
"1,19 : 989.84"
"1,20 : 359.76"
"1,21 : 688.51"
"1,22 : 290.84"
"1,23 : 931.86"
"1,24 : 984.37"
"1,25 : 597.03"
"1,26 : 679.14"
"1,27 : 1220.5"
"1,28 : 871.53"
"1,29 : 654.91"
"1,30 : 413.7"
"1,31 : 752.95"
"1,32 : 705.39"
"1,33 : 660.31"
"1,34 : 959.52"
"1,35 : 695.66"
"1,36 : 746.33"
"1,37 : 915.91"
"1,38 : 798.51"
"1,39 : 230.87"
"1,40 : 668.15"
"1,41 : 1018.23"
"1,42 : 884.1"
"1,43 : 931.72"
"1,44 : 780.11"
"1,45 : 1288.8"
"1,46 : 1018.62"
"1,47 : 730.6"
"1,48 : 1055.51"
"1,49 : 991.28"
"1,50 : 1056.06"
"1,51 : 312.37"
"1,52 : 1050.82"
"1,53 : 1058.55"
"1,54 : 1111.06"
"1,55 : 1114.37"
"1,56 : 723.99"
"1,57 : 911.98"
"1,58 : 772.96"
"1,59 : 429.21"
"1,60 : 1007.66"
"1,61 : 870.76"
"1,62 : 1138.86"
"1,63 : 544.92"
"1,64 : 1262.99"
"1,65 : 586.76"
"1,66 : 589.66"
"1,67 : 554.7"
"1,68 : 303.6"
"1,69 : 908.09"
"1,70 : 966.27"
"1,71 : 892.75"
"1,72 : 750.07"
"1,73 : 951.61"
"1,74 : 1210.91"
"1,75 : 1093.45"
"1,76 : 776.55"
"1,77 : 690.42"
"1,78 : 223.01"
"1,79 : 683.11"
"1,80 : 768.15"
"1,81 : 1056.38"
"1,82 : 868.23"
"1,83 : 1222.2"
"1,84 : 1078.61"
"1,85 : 314.1"
"1,86 : 335.04"
"1,87 : 888.53"
"1,88 : 1085.38"
"1,89 : 1343.44"
"1,90 : 671.76"
"1,91 : 810.49"
"1,92 : 1263.11"
"1,93 : 632.2"
"1,94 : 900.01"
"1,95 : 1041.46"
"1,96 : 821.37"
"1,97 : 240.16"
"1,98 : 191.51"
"1,99 : 404.62"
"2,0 : 845.77"
"2,1 : 472.95"
"2,2 : 0.0"
"2,3 : 433.58"
"2,4 : 358.26"
"2,5 : 629.48"
"2,6 : 196.21"
"2,7 : 678.93"
"2,8 : 185.95"
"2,9 : 391.98"
"2,10 : 169.78"
"2,11 : 151.16"
"2,12 : 852.77"
"2,13 : 339.14"
"2,14 : 276.26"
"2,15 : 801.3"
"2,16 : 357.24"
"2,17 : 960.82"
"2,18 : 799.49"
"2,19 : 979.78"
"2,20 : 269.15"
"2,21 : 329.27"
"2,22 : 184.02"
"2,23 : 668.79"
"2,24 : 562.31"
"2,25 : 708.28"
"2,26 : 340.31"
"2,27 : 890.85"
"2,28 : 416.42"
"2,29 : 620.01"
"2,30 : 415.51"
"2,31 : 791.84"
"2,32 : 344.12"
"2,33 : 188.07"
"2,34 : 489.05"
"2,35 : 760.22"
"2,36 : 717.86"
"2,37 : 639.29"
"2,38 : 348.42"
"2,39 : 251.45"
"2,40 : 448.37"
"2,41 : 763.48"
"2,42 : 415.21"
"2,43 : 606.12"
"2,44 : 701.7"
"2,45 : 931.73"
"2,46 : 735.44"
"2,47 : 703.55"
"2,48 : 764.72"
"2,49 : 590.76"
"2,50 : 610.18"
"2,51 : 383.58"
"2,52 : 852.65"
"2,53 : 740.23"
"2,54 : 751.03"
"2,55 : 861.87"
"2,56 : 306.27"
"2,57 : 643.26"
"2,58 : 386.4"
"2,59 : 292.9"
"2,60 : 698.78"
"2,61 : 400.13"
"2,62 : 906.01"
"2,63 : 277.89"
"2,64 : 938.73"
"2,65 : 504.63"
"2,66 : 116.73"
"2,67 : 246.1"
"2,68 : 182.82"
"2,69 : 920.92"
"2,70 : 498.45"
"2,71 : 505.09"
"2,72 : 335.48"
"2,73 : 478.72"
"2,74 : 854.04"
"2,75 : 664.0"
"2,76 : 303.66"
"2,77 : 259.19"
"2,78 : 251.39"
"2,79 : 214.13"
"2,80 : 327.02"
"2,81 : 725.74"
"2,82 : 923.5"
"2,83 : 867.84"
"2,84 : 707.8"
"2,85 : 346.98"
"2,86 : 547.5"
"2,87 : 688.06"
"2,88 : 807.13"
"2,89 : 1022.8"
"2,90 : 530.92"
"2,91 : 401.53"
"2,92 : 967.95"
"2,93 : 441.76"
"2,94 : 443.69"
"2,95 : 797.85"
"2,96 : 545.98"
"2,97 : 259.48"
"2,98 : 287.94"
"2,99 : 145.0"
"3,0 : 532.2"
"3,1 : 706.46"
"3,2 : 433.58"
"3,3 : 0.0"
"3,4 : 100.57"
"3,5 : 223.14"
"3,6 : 468.79"
"3,7 : 257.61"
"3,8 : 400.28"
"3,9 : 444.71"
"3,10 : 513.41"
"3,11 : 330.35"
"3,12 : 431.12"
"3,13 : 121.04"
"3,14 : 382.62"
"3,15 : 480.37"
"3,16 : 195.78"
"3,17 : 590.51"
"3,18 : 476.0"
"3,19 : 614.83"
"3,20 : 347.35"
"3,21 : 142.69"
"3,22 : 487.92"
"3,23 : 241.6"
"3,24 : 372.61"
"3,25 : 510.7"
"3,26 : 114.49"
"3,27 : 514.07"
"3,28 : 390.54"
"3,29 : 327.48"
"3,30 : 340.76"
"3,31 : 499.58"
"3,32 : 141.03"
"3,33 : 452.91"
"3,34 : 630.1"
"3,35 : 500.16"
"3,36 : 391.06"
"3,37 : 217.41"
"3,38 : 341.01"
"3,39 : 506.79"
"3,40 : 73.55"
"3,41 : 335.87"
"3,42 : 466.96"
"3,43 : 227.26"
"3,44 : 338.7"
"3,45 : 585.0"
"3,46 : 320.03"
"3,47 : 382.74"
"3,48 : 354.75"
"3,49 : 341.71"
"3,50 : 482.84"
"3,51 : 417.97"
"3,52 : 419.31"
"3,53 : 352.16"
"3,54 : 412.31"
"3,55 : 435.56"
"3,56 : 244.1"
"3,57 : 217.59"
"3,58 : 187.3"
"3,59 : 277.32"
"3,60 : 301.71"
"3,61 : 474.8"
"3,62 : 475.37"
"3,63 : 174.87"
"3,64 : 557.04"
"3,65 : 241.87"
"3,66 : 426.38"
"3,67 : 191.13"
"3,68 : 455.07"
"3,69 : 579.83"
"3,70 : 657.65"
"3,71 : 248.45"
"3,72 : 239.01"
"3,73 : 581.28"
"3,74 : 508.25"
"3,75 : 474.07"
"3,76 : 466.26"
"3,77 : 274.99"
"3,78 : 530.9"
"3,79 : 486.92"
"3,80 : 305.52"
"3,81 : 350.45"
"3,82 : 613.86"
"3,83 : 518.63"
"3,84 : 387.66"
"3,85 : 401.43"
"3,86 : 534.87"
"3,87 : 257.53"
"3,88 : 390.59"
"3,89 : 638.43"
"3,90 : 182.48"
"3,91 : 242.14"
"3,92 : 564.15"
"3,93 : 114.04"
"3,94 : 410.76"
"3,95 : 367.85"
"3,96 : 119.88"
"3,97 : 482.41"
"3,98 : 596.89"
"3,99 : 354.54"
"4,0 : 533.03"
"4,1 : 606.17"
"4,2 : 358.26"
"4,3 : 100.57"
"4,4 : 0.0"
"4,5 : 271.75"
"4,6 : 430.15"
"4,7 : 355.87"
"4,8 : 364.48"
"4,9 : 455.73"
"4,10 : 419.33"
"4,11 : 238.43"
"4,12 : 527.75"
"4,13 : 21.54"
"4,14 : 282.14"
"4,15 : 575.55"
"4,16 : 222.17"
"4,17 : 690.85"
"4,18 : 571.46"
"4,19 : 641.26"
"4,20 : 246.83"
"4,21 : 148.63"
"4,22 : 391.56"
"4,23 : 337.68"
"4,24 : 438.1"
"4,25 : 468.54"
"4,26 : 120.3"
"4,27 : 614.51"
"4,28 : 415.5"
"4,29 : 310.44"
"4,30 : 254.95"
"4,31 : 490.52"
"4,32 : 158.15"
"4,33 : 414.04"
"4,34 : 633.92"
"4,35 : 478.6"
"4,36 : 393.59"
"4,37 : 315.99"
"4,38 : 353.3"
"4,39 : 407.19"
"4,40 : 90.14"
"4,41 : 430.52"
"4,42 : 480.47"
"4,43 : 326.12"
"4,44 : 358.9"
"4,45 : 683.89"
"4,46 : 419.1"
"4,47 : 382.03"
"4,48 : 454.43"
"4,49 : 419.37"
"4,50 : 540.45"
"4,51 : 322.89"
"4,52 : 500.92"
"4,53 : 452.66"
"4,54 : 508.94"
"4,55 : 530.11"
"4,56 : 247.82"
"4,57 : 314.8"
"4,58 : 227.27"
"4,59 : 177.34"
"4,60 : 402.27"
"4,61 : 483.46"
"4,62 : 566.38"
"4,63 : 82.61"
"4,64 : 657.61"
"4,65 : 202.37"
"4,66 : 373.7"
"4,67 : 113.36"
"4,68 : 357.95"
"4,69 : 594.03"
"4,70 : 658.6"
"4,71 : 320.66"
"4,72 : 254.59"
"4,73 : 591.33"
"4,74 : 606.61"
"4,75 : 545.13"
"4,76 : 452.77"
"4,77 : 260.97"
"4,78 : 431.84"
"4,79 : 450.21"
"4,80 : 314.43"
"4,81 : 450.29"
"4,82 : 614.87"
"4,83 : 617.37"
"4,84 : 481.18"
"4,85 : 303.8"
"4,86 : 451.69"
"4,87 : 333.29"
"4,88 : 488.94"
"4,89 : 738.97"
"4,90 : 185.22"
"4,91 : 282.14"
"4,92 : 663.77"
"4,93 : 91.07"
"4,94 : 439.87"
"4,95 : 460.36"
"4,96 : 218.84"
"4,97 : 382.24"
"4,98 : 498.12"
"4,99 : 261.54"
"5,0 : 338.34"
"5,1 : 791.1"
"5,2 : 629.48"
"5,3 : 223.14"
"5,4 : 271.75"
"5,5 : 0.0"
"5,6 : 689.49"
"5,7 : 232.8"
"5,8 : 621.39"
"5,9 : 660.57"
"5,10 : 671.06"
"5,11 : 500.1"
"5,12 : 350.39"
"5,13 : 290.37"
"5,14 : 493.33"
"5,15 : 538.78"
"5,16 : 412.94"
"5,17 : 578.64"
"5,18 : 532.9"
"5,19 : 394.55"
"5,20 : 463.46"
"5,21 : 365.82"
"5,22 : 637.39"
"5,23 : 202.54"
"5,24 : 537.12"
"5,25 : 398.08"
"5,26 : 337.43"
"5,27 : 504.84"
"5,28 : 599.79"
"5,29 : 199.54"
"5,30 : 378.35"
"5,31 : 323.2"
"5,32 : 363.34"
"5,33 : 673.48"
"5,34 : 847.07"
"5,35 : 346.09"
"5,36 : 208.14"
"5,37 : 214.0"
"5,38 : 558.39"
"5,39 : 634.88"
"5,40 : 182.44"
"5,41 : 255.16"
"5,42 : 681.17"
"5,43 : 303.2"
"5,44 : 135.42"
"5,45 : 601.14"
"5,46 : 286.3"
"5,47 : 206.97"
"5,48 : 323.19"
"5,49 : 484.2"
"5,50 : 652.94"
"5,51 : 478.83"
"5,52 : 259.73"
"5,53 : 362.83"
"5,54 : 468.24"
"5,55 : 337.89"
"5,56 : 466.0"
"5,57 : 200.09"
"5,58 : 398.38"
"5,59 : 393.43"
"5,60 : 314.63"
"5,61 : 691.27"
"5,62 : 351.86"
"5,63 : 351.75"
"5,64 : 534.48"
"5,65 : 207.25"
"5,66 : 641.11"
"5,67 : 385.05"
"5,68 : 602.22"
"5,69 : 368.64"
"5,70 : 875.64"
"5,71 : 415.77"
"5,72 : 458.09"
"5,73 : 795.66"
"5,74 : 537.2"
"5,75 : 619.51"
"5,76 : 688.99"
"5,77 : 498.12"
"5,78 : 662.79"
"5,79 : 708.2"
"5,80 : 524.92"
"5,81 : 380.52"
"5,82 : 415.93"
"5,83 : 542.12"
"5,84 : 467.31"
"5,85 : 479.42"
"5,86 : 531.42"
"5,87 : 105.0"
"5,88 : 333.18"
"5,89 : 602.1"
"5,90 : 119.92"
"5,91 : 448.41"
"5,92 : 505.06"
"5,93 : 190.01"
"5,94 : 616.37"
"5,95 : 266.2"
"5,96 : 189.19"
"5,97 : 604.42"
"5,98 : 728.84"
"5,99 : 520.6"
"6,0 : 959.08"
"6,1 : 667.03"
"6,2 : 196.21"
"6,3 : 468.79"
"6,4 : 430.15"
"6,5 : 689.49"
"6,6 : 0.0"
"6,7 : 671.25"
"6,8 : 68.68"
"6,9 : 224.32"
"6,10 : 362.33"
"6,11 : 311.31"
"6,12 : 835.15"
"6,13 : 417.7"
"6,14 : 454.97"
"6,15 : 714.74"
"6,16 : 314.16"
"6,17 : 892.26"
"6,18 : 714.39"
"6,19 : 1071.04"
"6,20 : 439.26"
"6,21 : 330.13"
"6,22 : 380.05"
"6,23 : 669.77"
"6,24 : 449.59"
"6,25 : 855.16"
"6,26 : 355.14"
"6,27 : 830.45"
"6,28 : 273.8"
"6,29 : 732.46"
"6,30 : 571.34"
"6,31 : 911.9"
"6,32 : 337.76"
"6,33 : 16.12"
"6,34 : 293.01"
"6,35 : 890.42"
"6,36 : 821.87"
"6,37 : 635.56"
"6,38 : 226.64"
"6,39 : 447.64"
"6,40 : 511.17"
"6,41 : 759.52"
"6,42 : 242.5"
"6,43 : 573.59"
"6,44 : 788.77"
"6,45 : 850.14"
"6,46 : 717.01"
"6,47 : 809.47"
"6,48 : 738.83"
"6,49 : 497.49"
"6,50 : 465.76"
"6,51 : 560.81"
"6,52 : 871.81"
"6,53 : 698.44"
"6,54 : 678.24"
"6,55 : 851.08"
"6,56 : 250.1"
"6,57 : 643.93"
"6,58 : 342.0"
"6,59 : 439.68"
"6,60 : 667.32"
"6,61 : 222.81"
"6,62 : 903.02"
"6,63 : 369.26"
"6,64 : 879.2"
"6,65 : 617.29"
"6,66 : 82.97"
"6,67 : 325.94"
"6,68 : 378.23"
"6,69 : 1023.7"
"6,70 : 302.39"
"6,71 : 435.2"
"6,72 : 273.22"
"6,73 : 286.36"
"6,74 : 776.75"
"6,75 : 535.46"
"6,76 : 118.12"
"6,77 : 203.31"
"6,78 : 447.03"
"6,79 : 21.4"
"6,80 : 227.27"
"6,81 : 676.67"
"6,82 : 1040.14"
"6,83 : 791.57"
"6,84 : 629.94"
"6,85 : 524.31"
"6,86 : 727.32"
"6,87 : 721.65"
"6,88 : 785.43"
"6,89 : 961.43"
"6,90 : 615.36"
"6,91 : 328.31"
"6,92 : 925.24"
"6,93 : 521.21"
"6,94 : 295.9"
"6,95 : 797.19"
"6,96 : 556.61"
"6,97 : 454.59"
"6,98 : 478.57"
"6,99 : 317.19"
"7,0 : 551.39"
"7,1 : 954.29"
"7,2 : 678.93"
"7,3 : 257.61"
"7,4 : 355.87"
"7,5 : 232.8"
"7,6 : 671.25"
"7,7 : 0.0"
"7,8 : 604.4"
"7,9 : 567.49"
"7,10 : 770.58"
"7,11 : 587.28"
"7,12 : 174.57"
"7,13 : 377.13"
"7,14 : 633.81"
"7,15 : 308.08"
"7,16 : 357.35"
"7,17 : 356.03"
"7,18 : 302.04"
"7,19 : 556.01"
"7,20 : 599.22"
"7,21 : 353.75"
"7,22 : 745.53"
"7,23 : 30.27"
"7,24 : 371.53"
"7,25 : 630.51"
"7,26 : 338.89"
"7,27 : 279.73"
"7,28 : 494.08"
"7,29 : 430.77"
"7,30 : 560.84"
"7,31 : 547.67"
"7,32 : 341.41"
"7,33 : 656.83"
"7,34 : 746.85"
"7,35 : 576.68"
"7,36 : 435.0"
"7,37 : 40.31"
"7,38 : 480.21"
"7,39 : 762.99"
"7,40 : 286.17"
"7,41 : 88.28"
"7,42 : 581.4"
"7,43 : 117.89"
"7,44 : 357.17"
"7,45 : 370.65"
"7,46 : 64.38"
"7,47 : 436.29"
"7,48 : 101.98"
"7,49 : 304.27"
"7,50 : 481.98"
"7,51 : 652.21"
"7,52 : 215.65"
"7,53 : 130.05"
"7,54 : 238.92"
"7,55 : 183.31"
"7,56 : 421.37"
"7,57 : 42.43"
"7,58 : 330.55"
"7,59 : 527.22"
"7,60 : 83.1"
"7,61 : 598.0"
"7,62 : 232.01"
"7,63 : 432.46"
"7,64 : 315.73"
"7,65 : 409.59"
"7,66 : 649.17"
"7,67 : 445.5"
"7,68 : 712.65"
"7,69 : 558.16"
"7,70 : 778.18"
"7,71 : 276.47"
"7,72 : 400.39"
"7,73 : 689.3"
"7,74 : 304.59"
"7,75 : 427.67"
"7,76 : 630.89"
"7,77 : 468.35"
"7,78 : 787.69"
"7,79 : 685.46"
"7,80 : 458.73"
"7,81 : 149.01"
"7,82 : 621.4"
"7,83 : 309.97"
"7,84 : 246.45"
"7,85 : 642.28"
"7,86 : 738.52"
"7,87 : 148.48"
"7,88 : 133.09"
"7,89 : 392.0"
"7,90 : 315.32"
"7,91 : 358.54"
"7,92 : 309.08"
"7,93 : 323.88"
"7,94 : 500.96"
"7,95 : 126.29"
"7,96 : 137.74"
"7,97 : 737.47"
"7,98 : 853.92"
"7,99 : 611.69"
"8,0 : 895.54"
"8,1 : 656.69"
"8,2 : 185.95"
"8,3 : 400.28"
"8,4 : 364.48"
"8,5 : 621.39"
"8,6 : 68.68"
"8,7 : 604.4"
"8,8 : 0.0"
"8,9 : 206.31"
"8,10 : 355.49"
"8,11 : 270.68"
"8,12 : 769.8"
"8,13 : 353.02"
"8,14 : 416.92"
"8,15 : 661.97"
"8,16 : 248.16"
"8,17 : 835.73"
"8,18 : 661.21"
"8,19 : 1004.47"
"8,20 : 397.2"
"8,21 : 261.47"
"8,22 : 365.95"
"8,23 : 602.25"
"8,24 : 403.06"
"8,25 : 799.4"
"8,26 : 286.5"
"8,27 : 771.91"
"8,28 : 238.41"
"8,29 : 669.7"
"8,30 : 520.91"
"8,31 : 849.66"
"8,32 : 269.27"
"8,33 : 53.15"
"8,34 : 318.5"
"8,35 : 830.29"
"8,36 : 757.41"
"8,37 : 568.27"
"8,38 : 179.01"
"8,39 : 430.06"
"8,40 : 443.9"
"8,41 : 692.61"
"8,42 : 229.27"
"8,43 : 508.99"
"8,44 : 722.4"
"8,45 : 796.66"
"8,46 : 651.37"
"8,47 : 745.32"
"8,48 : 674.17"
"8,49 : 444.98"
"8,50 : 433.79"
"8,51 : 519.95"
"8,52 : 803.62"
"8,53 : 635.9"
"8,54 : 621.73"
"8,55 : 785.03"
"8,56 : 184.39"
"8,57 : 576.35"
"8,58 : 276.65"
"8,59 : 388.83"
"8,60 : 603.09"
"8,61 : 214.4"
"8,62 : 836.34"
"8,63 : 307.59"
"8,64 : 820.67"
"8,65 : 555.36"
"8,66 : 75.21"
"8,67 : 263.77"
"8,68 : 357.87"
"8,69 : 958.5"
"8,70 : 333.8"
"8,71 : 375.85"
"8,72 : 209.16"
"8,73 : 299.06"
"8,74 : 721.85"
"8,75 : 496.23"
"8,76 : 123.41"
"8,77 : 136.06"
"8,78 : 433.85"
"8,79 : 86.82"
"8,80 : 170.91"
"8,81 : 615.25"
"8,82 : 976.92"
"8,83 : 736.48"
"8,84 : 574.36"
"8,85 : 484.09"
"8,86 : 686.21"
"8,87 : 652.98"
"8,88 : 720.41"
"8,89 : 903.55"
"8,90 : 549.44"
"8,91 : 267.86"
"8,92 : 863.7"
"8,93 : 455.41"
"8,94 : 264.01"
"8,95 : 730.1"
"8,96 : 488.28"
"8,97 : 432.09"
"8,98 : 473.76"
"8,99 : 281.13"
"9,0 : 975.96"
"9,1 : 859.64"
"9,2 : 391.98"
"9,3 : 444.71"
"9,4 : 455.73"
"9,5 : 660.57"
"9,6 : 224.32"
"9,7 : 567.49"
"9,8 : 206.31"
"9,9 : 0.0"
"9,10 : 560.99"
"9,11 : 453.11"
"9,12 : 708.39"
"9,13 : 453.48"
"9,14 : 596.37"
"9,15 : 527.62"
"9,16 : 249.05"
"9,17 : 714.08"
"9,18 : 528.55"
"9,19 : 1055.11"
"9,20 : 570.7"
"9,21 : 310.92"
"9,22 : 568.99"
"9,23 : 575.79"
"9,24 : 255.99"
"9,25 : 922.69"
"9,26 : 341.46"
"9,27 : 661.77"
"9,28 : 76.53"
"9,29 : 762.17"
"9,30 : 670.44"
"9,31 : 939.9"
"9,32 : 306.81"
"9,33 : 222.04"
"9,34 : 186.56"
"9,35 : 933.02"
"9,36 : 834.61"
"9,37 : 539.96"
"9,38 : 104.02"
"9,39 : 630.52"
"9,40 : 509.66"
"9,41 : 652.22"
"9,42 : 26.31"
"9,43 : 453.16"
"9,44 : 783.11"
"9,45 : 662.32"
"9,46 : 597.4"
"9,47 : 825.41"
"9,48 : 609.59"
"9,49 : 319.16"
"9,50 : 245.28"
"9,51 : 691.41"
"9,52 : 782.23"
"9,53 : 555.54"
"9,54 : 505.62"
"9,55 : 730.55"
"9,56 : 208.03"
"9,57 : 552.33"
"9,58 : 262.27"
"9,59 : 543.63"
"9,60 : 537.94"
"9,61 : 31.06"
"9,62 : 787.9"
"9,63 : 431.35"
"9,64 : 709.43"
"9,65 : 658.0"
"9,66 : 279.98"
"9,67 : 391.08"
"9,68 : 557.6"
"9,69 : 1024.17"
"9,70 : 215.8"
"9,71 : 293.96"
"9,72 : 206.31"
"9,73 : 136.82"
"9,74 : 595.1"
"9,75 : 322.44"
"9,76 : 111.21"
"9,77 : 203.44"
"9,78 : 636.68"
"9,79 : 220.62"
"9,80 : 141.74"
"9,81 : 527.89"
"9,82 : 1057.86"
"9,83 : 610.23"
"9,84 : 455.58"
"9,85 : 657.74"
"9,86 : 853.4"
"9,87 : 659.31"
"9,88 : 657.42"
"9,89 : 787.39"
"9,90 : 623.07"
"9,91 : 215.78"
"9,92 : 769.31"
"9,93 : 536.68"
"9,94 : 84.17"
"9,95 : 690.77"
"9,96 : 487.89"
"9,97 : 629.05"
"9,98 : 679.28"
"9,99 : 468.96"
"10,0 : 822.11"
"10,1 : 304.72"
"10,2 : 169.78"
"10,3 : 513.41"
"10,4 : 419.33"
"10,5 : 671.06"
"10,6 : 362.33"
"10,7 : 770.58"
"10,8 : 355.49"
"10,9 : 560.99"
"10,10 : 0.0"
"10,11 : 183.37"
"10,12 : 944.5"
"10,13 : 397.82"
"10,14 : 205.88"
"10,15 : 935.96"
"10,16 : 492.16"
"10,17 : 1082.39"
"10,18 : 933.43"
"10,19 : 975.29"
"10,20 : 221.94"
"10,21 : 445.73"
"10,22 : 41.59"
"10,23 : 754.92"
"10,24 : 714.4"
"10,25 : 648.52"
"10,26 : 446.84"
"10,27 : 1009.02"
"10,28 : 581.01"
"10,29 : 609.1"
"10,30 : 365.56"
"10,31 : 762.57"
"10,32 : 462.43"
"10,33 : 355.86"
"10,34 : 654.83"
"10,35 : 720.05"
"10,36 : 710.37"
"10,37 : 730.28"
"10,38 : 510.41"
"10,39 : 102.08"
"10,40 : 504.05"
"10,41 : 848.82"
"10,42 : 584.57"
"10,43 : 717.35"
"10,44 : 712.96"
"10,45 : 1061.24"
"10,46 : 831.87"
"10,47 : 694.75"
"10,48 : 864.97"
"10,49 : 734.09"
"10,50 : 772.17"
"10,51 : 296.18"
"10,52 : 917.28"
"10,53 : 851.4"
"10,54 : 879.64"
"10,55 : 948.54"
"10,56 : 451.97"
"10,57 : 730.99"
"10,58 : 519.09"
"10,59 : 282.0"
"10,60 : 805.12"
"10,61 : 569.83"
"10,62 : 985.7"
"10,63 : 338.9"
"10,64 : 1055.35"
"10,65 : 503.44"
"10,66 : 285.95"
"10,67 : 326.74"
"10,68 : 73.55"
"10,69 : 906.19"
"10,70 : 662.0"
"10,71 : 641.36"
"10,72 : 480.42"
"10,73 : 647.43"
"10,74 : 982.66"
"10,75 : 819.92"
"10,76 : 473.07"
"10,77 : 410.53"
"10,78 : 89.84"
"10,79 : 378.43"
"10,80 : 484.66"
"10,81 : 841.76"
"10,82 : 893.34"
"10,83 : 995.61"
"10,84 : 840.26"
"10,85 : 264.78"
"10,86 : 440.54"
"10,87 : 748.51"
"10,88 : 903.12"
"10,89 : 1138.96"
"10,90 : 557.44"
"10,91 : 545.36"
"10,92 : 1073.43"
"10,93 : 483.08"
"10,94 : 608.89"
"10,95 : 879.48"
"10,96 : 632.97"
"10,97 : 125.87"
"10,98 : 118.3"
"10,99 : 158.9"
"11,0 : 695.91"
"11,1 : 426.68"
"11,2 : 151.16"
"11,3 : 330.35"
"11,4 : 238.43"
"11,5 : 500.1"
"11,6 : 311.31"
"11,7 : 587.28"
"11,8 : 270.68"
"11,9 : 453.11"
"11,10 : 183.37"
"11,11 : 0.0"
"11,12 : 761.32"
"11,13 : 217.15"
"11,14 : 146.32"
"11,15 : 761.67"
"11,16 : 325.33"
"11,17 : 902.02"
"11,18 : 758.77"
"11,19 : 833.98"
"11,20 : 127.95"
"11,21 : 269.52"
"11,22 : 161.82"
"11,23 : 571.95"
"11,24 : 557.88"
"11,25 : 558.4"
"11,26 : 266.83"
"11,27 : 827.93"
"11,28 : 452.25"
"11,29 : 471.31"
"11,30 : 266.74"
"11,31 : 641.26"
"11,32 : 286.53"
"11,33 : 298.21"
"11,34 : 588.98"
"11,35 : 609.06"
"11,36 : 570.37"
"11,37 : 546.97"
"11,38 : 378.31"
"11,39 : 199.14"
"11,40 : 325.86"
"11,41 : 666.08"
"11,42 : 479.04"
"11,43 : 535.7"
"11,44 : 559.37"
"11,45 : 883.78"
"11,46 : 648.49"
"11,47 : 555.71"
"11,48 : 681.67"
"11,49 : 567.99"
"11,50 : 630.97"
"11,51 : 250.0"
"11,52 : 739.0"
"11,53 : 669.26"
"11,54 : 702.64"
"11,55 : 765.8"
"11,56 : 297.54"
"11,57 : 547.85"
"11,58 : 349.61"
"11,59 : 141.74"
"11,60 : 622.38"
"11,61 : 470.27"
"11,62 : 804.03"
"11,63 : 156.6"
"11,64 : 873.8"
"11,65 : 357.06"
"11,66 : 230.1"
"11,67 : 143.96"
"11,68 : 132.94"
"11,69 : 772.68"
"11,70 : 604.39"
"11,71 : 471.34"
"11,72 : 323.4"
"11,73 : 565.86"
"11,74 : 805.14"
"11,75 : 666.8"
"11,76 : 392.82"
"11,77 : 266.81"
"11,78 : 216.51"
"11,79 : 332.28"
"11,80 : 345.14"
"11,81 : 660.66"
"11,82 : 773.06"
"11,83 : 817.68"
"11,84 : 665.43"
"11,85 : 213.78"
"11,86 : 416.56"
"11,87 : 570.79"
"11,88 : 719.76"
"11,89 : 957.15"
"11,90 : 393.04"
"11,91 : 384.26"
"11,92 : 890.28"
"11,93 : 310.1"
"11,94 : 480.88"
"11,95 : 697.28"
"11,96 : 449.73"
"11,97 : 186.63"
"11,98 : 277.94"
"11,99 : 25.0"
"12,0 : 605.66"
"12,1 : 1118.27"
"12,2 : 852.77"
"12,3 : 431.12"
"12,4 : 527.75"
"12,5 : 350.39"
"12,6 : 835.15"
"12,7 : 174.57"
"12,8 : 769.8"
"12,9 : 708.39"
"12,10 : 944.5"
"12,11 : 761.32"
"12,12 : 0.0"
"12,13 : 549.2"
"12,14 : 801.56"
"12,15 : 304.28"
"12,16 : 521.65"
"12,17 : 249.58"
"12,18 : 298.2"
"12,19 : 556.99"
"12,20 : 767.58"
"12,21 : 525.79"
"12,22 : 918.73"
"12,23 : 190.08"
"12,24 : 479.45"
"12,25 : 734.66"
"12,26 : 512.48"
"12,27 : 190.38"
"12,28 : 632.32"
"12,29 : 544.79"
"12,30 : 715.14"
"12,31 : 619.56"
"12,32 : 512.61"
"12,33 : 821.35"
"12,34 : 877.85"
"12,35 : 661.77"
"12,36 : 518.93"
"12,37 : 214.79"
"12,38 : 631.35"
"12,39 : 933.86"
"12,40 : 452.38"
"12,41 : 100.12"
"12,42 : 718.44"
"12,43 : 262.19"
"12,44 : 441.71"
"12,45 : 296.14"
"12,46 : 118.71"
"12,47 : 525.18"
"12,48 : 98.84"
"12,49 : 407.36"
"12,50 : 574.36"
"12,51 : 811.01"
"12,52 : 160.95"
"12,53 : 158.76"
"12,54 : 259.53"
"12,55 : 32.25"
"12,56 : 585.45"
"12,57 : 213.53"
"12,58 : 493.26"
"12,59 : 695.12"
"12,60 : 170.99"
"12,61 : 737.58"
"12,62 : 89.27"
"12,63 : 605.89"
"12,64 : 201.72"
"12,65 : 552.02"
"12,66 : 818.65"
"12,67 : 619.97"
"12,68 : 885.49"
"12,69 : 585.22"
"12,70 : 909.79"
"12,71 : 415.46"
"12,72 : 562.02"
"12,73 : 818.73"
"12,74 : 261.7"
"12,75 : 501.0"
"12,76 : 783.95"
"12,77 : 634.2"
"12,78 : 959.15"
"12,79 : 848.0"
"12,80 : 615.11"
"12,81 : 190.66"
"12,82 : 661.27"
"12,83 : 258.1"
"12,84 : 296.2"
"12,85 : 804.46"
"12,86 : 880.51"
"12,87 : 245.46"
"12,88 : 50.99"
"12,89 : 256.1"
"12,90 : 457.9"
"12,91 : 512.34"
"12,92 : 155.05"
"12,93 : 486.21"
"12,94 : 633.65"
"12,95 : 85.0"
"12,96 : 311.62"
"12,97 : 907.4"
"12,98 : 1025.62"
"12,99 : 785.61"
"13,0 : 542.77"
"13,1 : 586.66"
"13,2 : 339.14"
"13,3 : 121.04"
"13,4 : 21.54"
"13,5 : 290.37"
"13,6 : 417.7"
"13,7 : 377.13"
"13,8 : 353.02"
"13,9 : 453.48"
"13,10 : 397.82"
"13,11 : 217.15"
"13,12 : 549.2"
"13,13 : 0.0"
"13,14 : 262.41"
"13,15 : 592.87"
"13,16 : 226.27"
"13,17 : 710.66"
"13,18 : 588.89"
"13,19 : 655.2"
"13,20 : 227.01"
"13,21 : 151.43"
"13,22 : 370.02"
"13,23 : 359.12"
"13,24 : 447.91"
"13,25 : 469.28"
"13,26 : 125.26"
"13,27 : 634.45"
"13,28 : 416.52"
"13,29 : 318.2"
"13,30 : 243.85"
"13,31 : 498.51"
"13,32 : 162.79"
"13,33 : 401.62"
"13,34 : 629.34"
"13,35 : 484.05"
"13,36 : 404.4"
"13,37 : 337.19"
"13,38 : 352.16"
"13,39 : 386.07"
"13,40 : 110.04"
"13,41 : 452.04"
"13,42 : 478.6"
"13,43 : 345.15"
"13,44 : 372.99"
"13,45 : 702.68"
"13,46 : 440.24"
"13,47 : 392.32"
"13,48 : 475.42"
"13,49 : 432.14"
"13,50 : 548.0"
"13,51 : 307.14"
"13,52 : 521.99"
"13,53 : 472.7"
"13,54 : 526.85"
"13,55 : 551.64"
"13,56 : 246.47"
"13,57 : 336.16"
"13,58 : 234.03"
"13,59 : 158.6"
"13,60 : 422.58"
"13,61 : 480.53"
"13,62 : 587.89"
"13,63 : 62.03"
"13,64 : 677.82"
"13,65 : 207.0"
"13,66 : 358.74"
"13,67 : 96.14"
"13,68 : 336.44"
"13,69 : 606.01"
"13,70 : 653.34"
"13,71 : 332.76"
"13,72 : 255.64"
"13,73 : 588.21"
"13,74 : 625.18"
"13,75 : 555.85"
"13,76 : 445.36"
"13,77 : 255.45"
"13,78 : 410.57"
"13,79 : 438.04"
"13,80 : 313.04"
"13,81 : 469.73"
"13,82 : 624.36"
"13,83 : 636.12"
"13,84 : 498.05"
"13,85 : 286.64"
"13,86 : 440.53"
"13,87 : 354.13"
"13,88 : 510.22"
"13,89 : 759.4"
"13,90 : 199.02"
"13,91 : 287.84"
"13,92 : 684.8"
"13,93 : 105.48"
"13,94 : 441.62"
"13,95 : 481.9"
"13,96 : 239.92"
"13,97 : 361.4"
"13,98 : 476.81"
"13,99 : 240.14"
"14,0 : 616.4"
"14,1 : 324.3"
"14,2 : 276.26"
"14,3 : 382.62"
"14,4 : 282.14"
"14,5 : 493.33"
"14,6 : 454.97"
"14,7 : 633.81"
"14,8 : 416.92"
"14,9 : 596.37"
"14,10 : 205.88"
"14,11 : 146.32"
"14,12 : 801.56"
"14,13 : 262.41"
"14,14 : 0.0"
"14,15 : 851.75"
"14,16 : 440.0"
"14,17 : 972.98"
"14,18 : 848.07"
"14,19 : 771.74"
"14,20 : 35.47"
"14,21 : 372.34"
"14,22 : 164.98"
"14,23 : 612.87"
"14,24 : 676.05"
"14,25 : 446.79"
"14,26 : 359.38"
"14,27 : 896.65"
"14,28 : 589.57"
"14,29 : 406.6"
"14,30 : 159.7"
"14,31 : 556.7"
"14,32 : 388.75"
"14,33 : 442.56"
"14,34 : 735.29"
"14,35 : 514.57"
"14,36 : 507.67"
"14,37 : 594.74"
"14,38 : 515.8"
"14,39 : 142.86"
"14,40 : 349.18"
"14,41 : 702.16"
"14,42 : 622.5"
"14,43 : 607.42"
"14,44 : 516.65"
"14,45 : 964.58"
"14,46 : 697.88"
"14,47 : 491.86"
"14,48 : 734.17"
"14,49 : 675.31"
"14,50 : 759.4"
"14,51 : 107.38"
"14,52 : 749.66"
"14,53 : 734.78"
"14,54 : 787.34"
"14,55 : 800.21"
"14,56 : 425.57"
"14,57 : 591.81"
"14,58 : 459.46"
"14,59 : 106.61"
"14,60 : 684.22"
"14,61 : 614.8"
"14,62 : 829.66"
"14,63 : 222.5"
"14,64 : 939.6"
"14,65 : 307.02"
"14,66 : 372.54"
"14,67 : 238.62"
"14,68 : 132.97"
"14,69 : 701.16"
"14,70 : 750.51"
"14,71 : 575.58"
"14,72 : 448.21"
"14,73 : 711.79"
"14,74 : 886.78"
"14,75 : 786.09"
"14,76 : 539.13"
"14,77 : 402.7"
"14,78 : 171.55"
"14,79 : 475.57"
"14,80 : 480.28"
"14,81 : 732.14"
"14,82 : 687.49"
"14,83 : 897.99"
"14,84 : 755.99"
"14,85 : 70.72"
"14,86 : 272.84"
"14,87 : 582.4"
"14,88 : 766.09"
"14,89 : 1020.63"
"14,90 : 374.44"
"14,91 : 502.8"
"14,92 : 942.86"
"14,93 : 317.24"
"14,94 : 618.02"
"14,95 : 728.1"
"14,96 : 498.96"
"14,97 : 111.32"
"14,98 : 236.35"
"14,99 : 137.79"
"15,0 : 857.5"
"15,1 : 1174.67"
"15,2 : 801.3"
"15,3 : 480.37"
"15,4 : 575.55"
"15,5 : 538.78"
"15,6 : 714.74"
"15,7 : 308.08"
"15,8 : 661.97"
"15,9 : 527.62"
"15,10 : 935.96"
"15,11 : 761.67"
"15,12 : 304.28"
"15,13 : 592.87"
"15,14 : 851.75"
"15,15 : 0.0"
"15,16 : 445.57"
"15,17 : 189.01"
"15,18 : 6.32"
"15,19 : 843.06"
"15,20 : 816.41"
"15,21 : 492.18"
"15,22 : 922.09"
"15,23 : 338.01"
"15,24 : 271.83"
"15,25 : 933.49"
"15,26 : 496.99"
"15,27 : 155.35"
"15,28 : 455.04"
"15,29 : 732.92"
"15,30 : 820.04"
"15,31 : 855.68"
"15,32 : 475.19"
"15,33 : 704.86"
"15,34 : 661.51"
"15,35 : 884.25"
"15,36 : 743.03"
"15,37 : 325.39"
"15,38 : 488.22"
"15,39 : 958.18"
"15,40 : 539.31"
"15,41 : 329.01"
"15,42 : 527.53"
"15,43 : 257.26"
"15,44 : 665.24"
"15,45 : 135.67"
"15,46 : 269.47"
"15,47 : 744.05"
"15,48 : 243.82"
"15,49 : 217.31"
"15,50 : 322.44"
"15,51 : 897.78"
"15,52 : 454.87"
"15,53 : 182.48"
"15,54 : 71.39"
"15,55 : 336.43"
"15,56 : 495.63"
"15,57 : 338.78"
"15,58 : 417.53"
"15,59 : 751.08"
"15,60 : 225.02"
"15,61 : 550.55"
"15,62 : 391.43"
"15,63 : 629.8"
"15,64 : 195.5"
"15,65 : 693.12"
"15,66 : 728.9"
"15,67 : 622.39"
"15,68 : 894.61"
"15,69 : 856.88"
"15,70 : 692.83"
"15,71 : 296.4"
"15,72 : 466.51"
"15,73 : 603.14"
"15,74 : 70.71"
"15,75 : 234.96"
"15,76 : 628.5"
"15,77 : 544.63"
"15,78 : 977.76"
"15,79 : 720.75"
"15,80 : 491.08"
"15,81 : 159.08"
"15,82 : 924.74"
"15,83 : 85.38"
"15,84 : 96.33"
"15,85 : 879.31"
"15,86 : 1011.12"
"15,87 : 455.27"
"15,88 : 270.12"
"15,89 : 264.27"
"15,90 : 603.98"
"15,91 : 400.9"
"15,92 : 276.02"
"15,93 : 582.72"
"15,94 : 443.56"
"15,95 : 351.71"
"15,96 : 387.76"
"15,97 : 939.55"
"15,98 : 1039.48"
"15,99 : 786.37"
"16,0 : 727.7"
"16,1 : 750.32"
"16,2 : 357.24"
"16,3 : 195.78"
"16,4 : 222.17"
"16,5 : 412.94"
"16,6 : 314.16"
"16,7 : 357.35"
"16,8 : 248.16"
"16,9 : 249.05"
"16,10 : 492.16"
"16,11 : 325.33"
"16,12 : 521.65"
"16,13 : 226.27"
"16,14 : 440.0"
"16,15 : 445.57"
"16,16 : 0.0"
"16,17 : 604.21"
"16,18 : 443.44"
"16,19 : 807.31"
"16,20 : 407.0"
"16,21 : 75.17"
"16,22 : 481.42"
"16,23 : 357.25"
"16,24 : 236.07"
"16,25 : 688.88"
"16,26 : 101.87"
"16,27 : 535.61"
"16,28 : 196.89"
"16,29 : 517.72"
"16,30 : 466.0"
"16,31 : 693.38"
"16,32 : 64.03"
"16,33 : 300.01"
"16,34 : 434.92"
"16,35 : 689.95"
"16,36 : 586.42"
"16,37 : 322.44"
"16,38 : 145.73"
"16,39 : 524.47"
"16,40 : 262.69"
"16,41 : 445.62"
"16,42 : 271.18"
"16,43 : 261.49"
"16,44 : 534.07"
"16,45 : 574.67"
"16,46 : 403.21"
"16,47 : 577.66"
"16,48 : 426.38"
"16,49 : 243.03"
"16,50 : 325.39"
"16,51 : 513.31"
"16,52 : 561.97"
"16,53 : 391.22"
"16,54 : 393.79"
"16,55 : 537.0"
"16,56 : 64.07"
"16,57 : 331.66"
"16,58 : 29.73"
"16,59 : 356.61"
"16,60 : 355.82"
"16,61 : 279.32"
"16,62 : 588.93"
"16,63 : 227.98"
"16,64 : 583.93"
"16,65 : 419.49"
"16,66 : 300.27"
"16,67 : 201.82"
"16,68 : 456.6"
"16,69 : 775.15"
"16,70 : 463.0"
"16,71 : 149.48"
"16,72 : 46.07"
"16,73 : 385.51"
"16,74 : 496.84"
"16,75 : 346.1"
"16,76 : 282.06"
"16,77 : 112.75"
"16,78 : 541.05"
"16,79 : 328.11"
"16,80 : 112.33"
"16,81 : 373.15"
"16,82 : 809.46"
"16,83 : 510.6"
"16,84 : 351.07"
"16,85 : 485.62"
"16,86 : 660.73"
"16,87 : 421.92"
"16,88 : 472.37"
"16,89 : 667.83"
"16,90 : 375.82"
"16,91 : 63.79"
"16,92 : 620.0"
"16,93 : 293.38"
"16,94 : 219.42"
"16,95 : 483.49"
"16,96 : 250.87"
"16,97 : 510.42"
"16,98 : 599.75"
"16,99 : 348.99"
"17,0 : 854.96"
"17,1 : 1296.96"
"17,2 : 960.82"
"17,3 : 590.51"
"17,4 : 690.85"
"17,5 : 578.64"
"17,6 : 892.26"
"17,7 : 356.03"
"17,8 : 835.73"
"17,9 : 714.08"
"17,10 : 1082.39"
"17,11 : 902.02"
"17,12 : 249.58"
"17,13 : 710.66"
"17,14 : 972.98"
"17,15 : 189.01"
"17,16 : 604.21"
"17,17 : 0.0"
"17,18 : 187.04"
"17,19 : 801.71"
"17,20 : 937.62"
"17,21 : 637.64"
"17,22 : 1063.83"
"17,23 : 384.05"
"17,24 : 458.19"
"17,25 : 973.67"
"17,26 : 635.67"
"17,27 : 77.01"
"17,28 : 640.18"
"17,29 : 777.91"
"17,30 : 914.54"
"17,31 : 866.97"
"17,32 : 621.33"
"17,33 : 881.35"
"17,34 : 850.46"
"17,35 : 906.66"
"17,36 : 763.02"
"17,37 : 389.42"
"17,38 : 667.35"
"17,39 : 1092.03"
"17,40 : 634.69"
"17,41 : 326.81"
"17,42 : 715.15"
"17,43 : 367.37"
"17,44 : 684.7"
"17,45 : 74.4"
"17,46 : 294.74"
"17,47 : 767.96"
"17,48 : 256.7"
"17,49 : 397.76"
"17,50 : 510.36"
"17,51 : 1002.65"
"17,52 : 408.08"
"17,53 : 238.67"
"17,54 : 214.09"
"17,55 : 277.0"
"17,56 : 660.6"
"17,57 : 397.29"
"17,58 : 574.74"
"17,59 : 867.8"
"17,60 : 290.39"
"17,61 : 737.92"
"17,62 : 312.03"
"17,63 : 757.38"
"17,64 : 48.0"
"17,65 : 765.54"
"17,66 : 898.85"
"17,67 : 758.57"
"17,68 : 1033.73"
"17,69 : 834.0"
"17,70 : 881.74"
"17,71 : 460.93"
"17,72 : 632.26"
"17,73 : 792.14"
"17,74 : 119.27"
"17,75 : 421.97"
"17,76 : 812.12"
"17,77 : 710.95"
"17,78 : 1114.18"
"17,79 : 899.85"
"17,80 : 665.66"
"17,81 : 241.88"
"17,82 : 910.71"
"17,83 : 104.17"
"17,84 : 262.51"
"17,85 : 989.65"
"17,86 : 1094.53"
"17,87 : 477.84"
"17,88 : 248.21"
"17,89 : 75.66"
"17,90 : 671.06"
"17,91 : 568.97"
"17,92 : 130.18"
"17,93 : 675.21"
"17,94 : 630.36"
"17,95 : 328.98"
"17,96 : 477.96"
"17,97 : 1069.9"
"17,98 : 1178.49"
"17,99 : 927.02"
"18,0 : 851.32"
"18,1 : 1171.14"
"18,2 : 799.49"
"18,3 : 476.0"
"18,4 : 571.46"
"18,5 : 532.9"
"18,6 : 714.39"
"18,7 : 302.04"
"18,8 : 661.21"
"18,9 : 528.55"
"18,10 : 933.43"
"18,11 : 758.77"
"18,12 : 298.2"
"18,13 : 588.89"
"18,14 : 848.07"
"18,15 : 6.32"
"18,16 : 443.44"
"18,17 : 187.04"
"18,18 : 0.0"
"18,19 : 836.74"
"18,20 : 812.71"
"18,21 : 489.32"
"18,22 : 919.33"
"18,23 : 332.0"
"18,24 : 272.62"
"18,25 : 927.79"
"18,26 : 493.79"
"18,27 : 151.16"
"18,28 : 455.66"
"18,29 : 727.23"
"18,30 : 815.46"
"18,31 : 849.6"
"18,32 : 472.35"
"18,33 : 704.39"
"18,34 : 663.77"
"18,35 : 878.3"
"18,36 : 737.02"
"18,37 : 319.61"
"18,38 : 487.94"
"18,39 : 955.06"
"18,40 : 534.55"
"18,41 : 322.69"
"18,42 : 528.77"
"18,43 : 252.37"
"18,44 : 659.19"
"18,45 : 135.77"
"18,46 : 263.19"
"18,47 : 738.08"
"18,48 : 237.5"
"18,49 : 216.9"
"18,50 : 325.35"
"18,51 : 893.55"
"18,52 : 448.6"
"18,53 : 176.24"
"18,54 : 65.97"
"18,55 : 330.34"
"18,56 : 494.01"
"18,57 : 332.94"
"18,58 : 415.27"
"18,59 : 747.18"
"18,60 : 219.0"
"18,61 : 551.72"
"18,62 : 385.47"
"18,63 : 626.23"
"18,64 : 192.11"
"18,65 : 687.92"
"18,66 : 727.83"
"18,67 : 619.19"
"18,68 : 891.71"
"18,69 : 850.59"
"18,70 : 695.15"
"18,71 : 294.46"
"18,72 : 464.93"
"18,73 : 605.3"
"18,74 : 68.12"
"18,75 : 238.2"
"18,76 : 628.91"
"18,77 : 543.16"
"18,78 : 974.76"
"18,79 : 720.57"
"18,80 : 490.31"
"18,81 : 153.03"
"18,82 : 918.5"
"18,83 : 83.02"
"18,84 : 93.34"
"18,85 : 875.25"
"18,86 : 1006.32"
"18,87 : 449.14"
"18,88 : 263.87"
"18,89 : 262.07"
"18,90 : 598.6"
"18,91 : 399.43"
"18,92 : 271.71"
"18,93 : 577.92"
"18,94 : 444.55"
"18,95 : 345.4"
"18,96 : 382.65"
"18,97 : 936.27"
"18,98 : 1036.62"
"18,99 : 783.49"
"19,0 : 176.82"
"19,1 : 989.84"
"19,2 : 979.78"
"19,3 : 614.83"
"19,4 : 641.26"
"19,5 : 394.55"
"19,6 : 1071.04"
"19,7 : 556.01"
"19,8 : 1004.47"
"19,9 : 1055.11"
"19,10 : 975.29"
"19,11 : 833.98"
"19,12 : 556.99"
"19,13 : 655.2"
"19,14 : 771.74"
"19,15 : 843.06"
"19,16 : 807.31"
"19,17 : 801.71"
"19,18 : 836.74"
"19,19 : 0.0"
"19,20 : 753.38"
"19,21 : 756.84"
"19,22 : 935.59"
"19,23 : 531.61"
"19,24 : 914.64"
"19,25 : 404.14"
"19,26 : 727.36"
"19,27 : 747.36"
"19,28 : 993.53"
"19,29 : 366.35"
"19,30 : 615.64"
"19,31 : 238.43"
"19,32 : 755.86"
"19,33 : 1054.92"
"19,34 : 1241.61"
"19,35 : 299.04"
"19,36 : 265.2"
"19,37 : 560.53"
"19,38 : 952.87"
"19,39 : 909.08"
"19,40 : 561.19"
"19,41 : 514.26"
"19,42 : 1075.58"
"19,43 : 662.73"
"19,44 : 282.36"
"19,45 : 853.07"
"19,46 : 576.4"
"19,47 : 280.64"
"19,48 : 599.25"
"19,49 : 853.45"
"19,50 : 1029.39"
"19,51 : 707.23"
"19,52 : 396.06"
"19,53 : 663.4"
"19,54 : 781.86"
"19,55 : 526.81"
"19,56 : 858.9"
"19,57 : 544.94"
"19,58 : 792.88"
"19,59 : 699.48"
"19,60 : 632.29"
"19,61 : 1085.82"
"19,62 : 490.74"
"19,63 : 710.09"
"19,64 : 753.94"
"19,65 : 477.2"
"19,66 : 1013.83"
"19,67 : 750.45"
"19,68 : 901.77"
"19,69 : 85.91"
"19,70 : 1270.17"
"19,71 : 799.93"
"19,72 : 852.22"
"19,73 : 1190.01"
"19,74 : 813.95"
"19,75 : 982.41"
"19,76 : 1080.69"
"19,77 : 888.05"
"19,78 : 937.95"
"19,79 : 1090.81"
"19,80 : 919.05"
"19,81 : 692.1"
"19,82 : 159.1"
"19,83 : 812.42"
"19,84 : 799.3"
"19,85 : 726.72"
"19,86 : 660.37"
"19,87 : 416.58"
"19,88 : 577.25"
"19,89 : 788.0"
"19,90 : 456.25"
"19,91 : 842.27"
"19,92 : 683.19"
"19,93 : 550.3"
"19,94 : 1009.15"
"19,95 : 492.58"
"19,96 : 575.17"
"19,97 : 875.85"
"19,98 : 996.75"
"19,99 : 848.76"
"20,0 : 602.1"
"20,1 : 359.76"
"20,2 : 269.15"
"20,3 : 347.35"
"20,4 : 246.83"
"20,5 : 463.46"
"20,6 : 439.26"
"20,7 : 599.22"
"20,8 : 397.2"
"20,9 : 570.7"
"20,10 : 221.94"
"20,11 : 127.95"
"20,12 : 767.58"
"20,13 : 227.01"
"20,14 : 35.47"
"20,15 : 816.41"
"20,16 : 407.0"
"20,17 : 937.62"
"20,18 : 812.71"
"20,19 : 753.38"
"20,20 : 0.0"
"20,21 : 338.39"
"20,22 : 182.79"
"20,23 : 578.58"
"20,24 : 642.92"
"20,25 : 442.82"
"20,26 : 324.72"
"20,27 : 861.33"
"20,28 : 560.91"
"20,29 : 387.16"
"20,30 : 150.42"
"20,31 : 543.66"
"20,32 : 354.67"
"20,33 : 426.14"
"20,34 : 714.63"
"20,35 : 504.5"
"20,36 : 488.43"
"20,37 : 560.02"
"20,38 : 487.41"
"20,39 : 171.45"
"20,40 : 315.25"
"20,41 : 668.36"
"20,42 : 596.93"
"20,43 : 571.97"
"20,44 : 493.0"
"20,45 : 929.11"
"20,46 : 663.21"
"20,47 : 472.82"
"20,48 : 699.37"
"20,49 : 640.99"
"20,50 : 727.91"
"20,51 : 122.8"
"20,52 : 718.4"
"20,53 : 699.49"
"20,54 : 751.9"
"20,55 : 766.68"
"20,56 : 394.9"
"20,57 : 557.3"
"20,58 : 425.82"
"20,59 : 72.56"
"20,60 : 649.0"
"20,61 : 590.17"
"20,62 : 796.94"
"20,63 : 187.45"
"20,64 : 904.37"
"20,65 : 283.01"
"20,66 : 357.83"
"20,67 : 205.24"
"20,68 : 148.49"
"20,69 : 684.95"
"20,70 : 730.95"
"20,71 : 541.15"
"20,72 : 416.76"
"20,73 : 688.99"
"20,74 : 851.32"
"20,75 : 752.97"
"20,76 : 518.1"
"20,77 : 374.26"
"20,78 : 199.37"
"20,79 : 460.21"
"20,80 : 451.21"
"20,81 : 696.72"
"20,82 : 675.19"
"20,83 : 862.52"
"20,84 : 720.68"
"20,85 : 87.48"
"20,86 : 289.06"
"20,87 : 550.62"
"20,88 : 731.67"
"20,89 : 985.51"
"20,90 : 345.46"
"20,91 : 470.1"
"20,92 : 908.2"
"20,93 : 284.45"
"20,94 : 589.23"
"20,95 : 694.76"
"20,96 : 464.02"
"20,97 : 141.69"
"20,98 : 265.41"
"20,99 : 125.21"
"21,0 : 666.69"
"21,1 : 688.51"
"21,2 : 329.27"
"21,3 : 142.69"
"21,4 : 148.63"
"21,5 : 365.82"
"21,6 : 330.13"
"21,7 : 353.75"
"21,8 : 261.47"
"21,9 : 310.92"
"21,10 : 445.73"
"21,11 : 269.52"
"21,12 : 525.79"
"21,13 : 151.43"
"21,14 : 372.34"
"21,15 : 492.18"
"21,16 : 75.17"
"21,17 : 637.64"
"21,18 : 489.32"
"21,19 : 756.84"
"21,20 : 338.39"
"21,21 : 0.0"
"21,22 : 430.11"
"21,23 : 347.28"
"21,24 : 306.1"
"21,25 : 616.89"
"21,26 : 30.61"
"21,27 : 565.44"
"21,28 : 267.03"
"21,29 : 451.25"
"21,30 : 391.01"
"21,31 : 629.2"
"21,32 : 17.03"
"21,33 : 314.57"
"21,34 : 493.33"
"21,35 : 622.38"
"21,36 : 525.44"
"21,37 : 315.25"
"21,38 : 207.23"
"21,39 : 466.98"
"21,40 : 200.21"
"21,41 : 440.56"
"21,42 : 334.86"
"21,43 : 277.19"
"21,44 : 478.55"
"21,45 : 615.6"
"21,46 : 407.61"
"21,47 : 515.64"
"21,48 : 435.85"
"21,49 : 303.36"
"21,50 : 399.78"
"21,51 : 440.8"
"21,52 : 544.1"
"21,53 : 411.66"
"21,54 : 434.08"
"21,55 : 536.99"
"21,56 : 104.14"
"21,57 : 321.31"
"21,58 : 88.06"
"21,59 : 284.25"
"21,60 : 369.51"
"21,61 : 339.82"
"21,62 : 584.51"
"21,63 : 155.0"
"21,64 : 612.61"
"21,65 : 348.86"
"21,66 : 297.04"
"21,67 : 134.24"
"21,68 : 402.45"
"21,69 : 719.22"
"21,70 : 519.71"
"21,71 : 204.27"
"21,72 : 106.45"
"21,73 : 447.56"
"21,74 : 536.99"
"21,75 : 415.93"
"21,76 : 323.87"
"21,77 : 132.41"
"21,78 : 485.82"
"21,79 : 347.32"
"21,80 : 169.26"
"21,81 : 398.81"
"21,82 : 748.74"
"21,83 : 549.89"
"21,84 : 395.98"
"21,85 : 414.28"
"21,86 : 586.11"
"21,87 : 391.52"
"21,88 : 479.04"
"21,89 : 696.61"
"21,90 : 313.26"
"21,91 : 138.09"
"21,92 : 638.8"
"21,93 : 225.76"
"21,94 : 291.25"
"21,95 : 476.71"
"21,96 : 228.71"
"21,97 : 450.11"
"21,98 : 547.31"
"21,99 : 294.19"
"22,0 : 781.37"
"22,1 : 290.84"
"22,2 : 184.02"
"22,3 : 487.92"
"22,4 : 391.56"
"22,5 : 637.39"
"22,6 : 380.05"
"22,7 : 745.53"
"22,8 : 365.95"
"22,9 : 568.99"
"22,10 : 41.59"
"22,11 : 161.82"
"22,12 : 918.73"
"22,13 : 370.02"
"22,14 : 164.98"
"22,15 : 922.09"
"22,16 : 481.42"
"22,17 : 1063.83"
"22,18 : 919.33"
"22,19 : 935.59"
"22,20 : 182.79"
"22,21 : 430.11"
"22,22 : 0.0"
"22,23 : 728.75"
"22,24 : 708.63"
"22,25 : 606.93"
"22,26 : 428.56"
"22,27 : 989.68"
"22,28 : 583.65"
"22,29 : 569.65"
"22,30 : 324.52"
"22,31 : 721.63"
"22,32 : 447.03"
"22,33 : 372.09"
"22,34 : 673.01"
"22,35 : 678.72"
"22,36 : 670.9"
"22,37 : 705.31"
"22,38 : 511.57"
"22,39 : 69.38"
"22,40 : 474.03"
"22,41 : 822.03"
"22,42 : 593.33"
"22,43 : 697.37"
"22,44 : 675.24"
"22,45 : 1045.24"
"22,46 : 807.6"
"22,47 : 655.22"
"22,48 : 841.46"
"22,49 : 724.36"
"22,50 : 771.93"
"22,51 : 254.72"
"22,52 : 886.28"
"22,53 : 830.7"
"22,54 : 863.93"
"22,55 : 921.66"
"22,56 : 445.72"
"22,57 : 705.29"
"22,58 : 507.24"
"22,59 : 245.74"
"22,60 : 783.38"
"22,61 : 579.92"
"22,62 : 957.28"
"22,63 : 313.08"
"22,64 : 1035.43"
"22,65 : 465.39"
"22,66 : 300.43"
"22,67 : 305.5"
"22,68 : 35.23"
"22,69 : 865.88"
"22,70 : 681.9"
"22,71 : 629.57"
"22,72 : 473.47"
"22,73 : 662.21"
"22,74 : 966.59"
"22,75 : 815.69"
"22,76 : 486.58"
"22,77 : 407.27"
"22,78 : 67.9"
"22,79 : 397.45"
"22,80 : 483.44"
"22,81 : 822.43"
"22,82 : 852.25"
"22,83 : 979.23"
"22,84 : 826.0"
"22,85 : 223.19"
"22,86 : 401.03"
"22,87 : 717.45"
"22,88 : 878.45"
"22,89 : 1118.69"
"22,90 : 522.34"
"22,91 : 537.23"
"22,92 : 1050.5"
"22,93 : 450.88"
"22,94 : 611.92"
"22,95 : 851.8"
"22,96 : 607.79"
"22,97 : 87.42"
"22,98 : 118.41"
"22,99 : 136.82"
"23,0 : 522.52"
"23,1 : 931.86"
"23,2 : 668.79"
"23,3 : 241.6"
"23,4 : 337.68"
"23,5 : 202.54"
"23,6 : 669.77"
"23,7 : 30.27"
"23,8 : 602.25"
"23,9 : 575.79"
"23,10 : 754.92"
"23,11 : 571.95"
"23,12 : 190.08"
"23,13 : 359.12"
"23,14 : 612.87"
"23,15 : 338.01"
"23,16 : 357.25"
"23,17 : 384.05"
"23,18 : 332.0"
"23,19 : 531.61"
"23,20 : 578.58"
"23,21 : 347.28"
"23,22 : 728.75"
"23,23 : 0.0"
"23,24 : 389.72"
"23,25 : 600.32"
"23,26 : 330.19"
"23,27 : 308.13"
"23,28 : 503.66"
"23,29 : 400.67"
"23,30 : 535.28"
"23,31 : 517.93"
"23,32 : 336.0"
"23,33 : 655.04"
"23,34 : 757.23"
"23,35 : 546.53"
"23,36 : 405.02"
"23,37 : 35.85"
"23,38 : 485.47"
"23,39 : 744.0"
"23,40 : 264.01"
"23,41 : 94.83"
"23,42 : 590.79"
"23,43 : 134.38"
"23,44 : 327.34"
"23,45 : 400.34"
"23,46 : 89.87"
"23,47 : 406.18"
"23,48 : 128.14"
"23,49 : 324.37"
"23,50 : 501.91"
"23,51 : 627.91"
"23,52 : 206.93"
"23,53 : 160.29"
"23,54 : 268.54"
"23,55 : 194.18"
"23,56 : 420.89"
"23,57 : 26.0"
"23,58 : 331.69"
"23,59 : 506.29"
"23,60 : 113.0"
"23,61 : 606.55"
"23,62 : 237.66"
"23,63 : 416.11"
"23,64 : 342.84"
"23,65 : 381.59"
"23,66 : 644.06"
"23,67 : 431.68"
"23,68 : 695.45"
"23,69 : 531.25"
"23,70 : 788.29"
"23,71 : 288.44"
"23,72 : 401.46"
"23,73 : 700.31"
"23,74 : 334.77"
"23,75 : 450.87"
"23,76 : 634.61"
"23,77 : 466.48"
"23,78 : 769.17"
"23,79 : 684.68"
"23,80 : 461.95"
"23,81 : 179.01"
"23,82 : 593.28"
"23,83 : 340.04"
"23,84 : 274.31"
"23,85 : 619.02"
"23,86 : 710.98"
"23,87 : 120.07"
"23,88 : 153.53"
"23,89 : 417.61"
"23,90 : 287.02"
"23,91 : 363.79"
"23,92 : 331.44"
"23,93 : 300.15"
"23,94 : 512.1"
"23,95 : 129.56"
"23,96 : 123.23"
"23,97 : 717.83"
"23,98 : 835.6"
