x,y
285,838
991,112
574,12
756,735
490,671
102,136
492,247
465,73
709,427
219,687
685,807
694,344
210,999
853,84
943,802
477,296
811,461
535,439
199,372
629,354
244,323
44,147
333,703
237,651
812,938
497,773
973,506
926,373
910,34
289,485
750,356
899,695
340,535
957,842
913,623
682,820
759,245
450,594
493,314
601,186
706,922
164,867
728,863
915,88
416,38
795,164
191,509
462,659
427,883
764,968
36,936
920,714
3,866
57,712
311,952
753,233
894,259
49,849
364,618
445,105
412,31
299,17
394,369
420,958
458,132
598,194
659,537
451,412
880,678
689,811
323,768
199,465
184,13
530,585
893,572
334,904
751,864
37,728
669,465
817,20
375,659
249,570
399,314
477,829
235,755
471,885
146,527
501,493
577,105
643,24
988,214
964,853
932,583
469,554
12,968
524,118
429,506
833,904
464,539
144,239

Distanze
"0,0 : 0.0"
"0,1 : 1012.68"
"0,2 : 875.1"
"0,3 : 482.13"
"0,4 : 264.41"
"0,5 : 725.46"
"0,6 : 626.2"
"0,7 : 785.89"
"0,8 : 590.51"
"0,9 : 164.79"
"0,10 : 401.2"
"0,11 : 641.34"
"0,12 : 177.61"
"0,13 : 944.0"
"0,14 : 658.98"
"0,15 : 575.0"
"0,16 : 647.15"
"0,17 : 470.85"
"0,18 : 473.87"
"0,19 : 593.79"
"0,20 : 516.63"
"0,21 : 731.82"
"0,22 : 143.28"
"0,23 : 193.06"
"0,24 : 536.4"
"0,25 : 221.74"
"0,26 : 763.92"
"0,27 : 791.9"
"0,28 : 1018.35"
"0,29 : 353.02"
"0,30 : 669.74"
"0,31 : 630.43"
"0,32 : 307.95"
"0,33 : 672.01"
"0,34 : 663.78"
"0,35 : 397.41"
"0,36 : 759.16"
"0,37 : 294.55"
"0,38 : 563.77"
"0,39 : 724.54"
"0,40 : 429.3"
"0,41 : 124.43"
"0,42 : 443.7"
"0,43 : 979.49"
"0,44 : 810.65"
"0,45 : 845.21"
"0,46 : 342.17"
"0,47 : 251.73"
"0,48 : 148.96"
"0,49 : 496.33"
"0,50 : 267.59"
"0,51 : 646.99"
"0,52 : 283.39"
"0,53 : 260.5"
"0,54 : 116.93"
"0,55 : 764.88"
"0,56 : 840.31"
"0,57 : 236.26"
"0,58 : 233.75"
"0,59 : 750.26"
"0,60 : 816.93"
"0,61 : 821.12"
"0,62 : 481.5"
"0,63 : 180.62"
"0,64 : 726.89"
"0,65 : 716.03"
"0,66 : 480.08"
"0,67 : 457.2"
"0,68 : 616.14"
"0,69 : 404.9"
"0,70 : 79.65"
"0,71 : 382.79"
"0,72 : 831.16"
"0,73 : 352.18"
"0,74 : 663.64"
"0,75 : 82.2"
"0,76 : 466.72"
"0,77 : 271.3"
"0,78 : 535.34"
"0,79 : 975.78"
"0,80 : 200.35"
"0,81 : 270.41"
"0,82 : 536.26"
"0,83 : 192.21"
"0,84 : 96.9"
"0,85 : 191.85"
"0,86 : 340.65"
"0,87 : 407.04"
"0,88 : 789.02"
"0,89 : 889.25"
"0,90 : 939.99"
"0,91 : 679.17"
"0,92 : 695.44"
"0,93 : 338.4"
"0,94 : 302.37"
"0,95 : 758.63"
"0,96 : 361.88"
"0,97 : 551.96"
"0,98 : 348.49"
"0,99 : 615.37"
"1,0 : 1012.68"
"1,1 : 0.0"
"1,2 : 428.82"
"1,3 : 665.85"
"1,4 : 750.65"
"1,5 : 889.32"
"1,6 : 516.94"
"1,7 : 527.44"
"1,8 : 422.79"
"1,9 : 962.61"
"1,10 : 759.38"
"1,11 : 376.87"
"1,12 : 1181.83"
"1,13 : 140.81"
"1,14 : 691.67"
"1,15 : 545.94"
"1,16 : 392.68"
"1,17 : 561.13"
"1,18 : 833.59"
"1,19 : 435.44"
"1,20 : 776.23"
"1,21 : 947.65"
"1,22 : 884.45"
"1,23 : 926.84"
"1,24 : 845.17"
"1,25 : 825.2"
"1,26 : 394.41"
"1,27 : 268.97"
"1,28 : 112.45"
"1,29 : 794.94"
"1,30 : 342.95"
"1,31 : 590.21"
"1,32 : 776.36"
"1,33 : 730.79"
"1,34 : 516.92"
"1,35 : 772.49"
"1,36 : 267.42"
"1,37 : 724.57"
"1,38 : 537.41"
"1,39 : 396.96"
"1,40 : 858.68"
"1,41 : 1119.8"
"1,42 : 795.72"
"1,43 : 79.7"
"1,44 : 579.74"
"1,45 : 202.78"
"1,46 : 893.09"
"1,47 : 760.95"
"1,48 : 955.27"
"1,49 : 885.59"
"1,50 : 1261.35"
"1,51 : 606.17"
"1,52 : 1242.84"
"1,53 : 1110.12"
"1,54 : 1080.74"
"1,55 : 266.99"
"1,56 : 176.12"
"1,57 : 1196.05"
"1,58 : 805.71"
"1,59 : 546.04"
"1,60 : 584.64"
"1,61 : 698.49"
"1,62 : 649.97"
"1,63 : 1020.66"
"1,64 : 533.38"
"1,65 : 401.46"
"1,66 : 539.3"
"1,67 : 617.74"
"1,68 : 576.78"
"1,69 : 761.45"
"1,70 : 936.25"
"1,71 : 867.11"
"1,72 : 813.05"
"1,73 : 660.49"
"1,74 : 470.32"
"1,75 : 1029.03"
"1,76 : 789.37"
"1,77 : 1135.59"
"1,78 : 477.8"
"1,79 : 196.82"
"1,80 : 823.81"
"1,81 : 871.97"
"1,82 : 625.51"
"1,83 : 882.2"
"1,84 : 992.46"
"1,85 : 931.63"
"1,86 : 941.41"
"1,87 : 620.69"
"1,88 : 414.06"
"1,89 : 358.95"
"1,90 : 102.04"
"1,91 : 741.49"
"1,92 : 474.68"
"1,93 : 683.99"
"1,94 : 1300.45"
"1,95 : 467.04"
"1,96 : 686.35"
"1,97 : 807.61"
"1,98 : 678.28"
"1,99 : 856.47"
"2,0 : 875.1"
"2,1 : 428.82"
"2,2 : 0.0"
"2,3 : 745.56"
"2,4 : 664.33"
"2,5 : 488.02"
"2,6 : 248.9"
"2,7 : 124.91"
"2,8 : 436.41"
"2,9 : 762.66"
"2,10 : 802.71"
"2,11 : 353.02"
"2,12 : 1051.98"
"2,13 : 288.14"
"2,14 : 871.93"
"2,15 : 300.11"
"2,16 : 507.71"
"2,17 : 428.78"
"2,18 : 519.83"
"2,19 : 346.39"
"2,20 : 453.45"
"2,21 : 546.92"
"2,22 : 731.82"
"2,23 : 722.42"
"2,24 : 956.1"
"2,25 : 764.89"
"2,26 : 635.01"
"2,27 : 504.21"
"2,28 : 336.72"
"2,29 : 552.23"
"2,30 : 386.41"
"2,31 : 756.38"
"2,32 : 572.96"
"2,33 : 914.11"
"2,34 : 698.74"
"2,35 : 815.19"
"2,36 : 297.51"
"2,37 : 595.06"
"2,38 : 312.67"
"2,39 : 176.08"
"2,40 : 919.52"
"2,41 : 948.22"
"2,42 : 864.82"
"2,43 : 349.37"
"2,44 : 160.12"
"2,45 : 268.23"
"2,46 : 627.45"
"2,47 : 656.62"
"2,48 : 883.32"
"2,49 : 974.7"
"2,50 : 1069.21"
"2,51 : 782.64"
"2,52 : 1027.31"
"2,53 : 870.22"
"2,54 : 976.1"
"2,55 : 284.4"
"2,56 : 404.24"
"2,57 : 988.03"
"2,58 : 641.35"
"2,59 : 159.03"
"2,60 : 163.11"
"2,61 : 275.05"
"2,62 : 399.81"
"2,63 : 958.45"
"2,64 : 166.9"
"2,65 : 183.58"
"2,66 : 531.84"
"2,67 : 418.48"
"2,68 : 732.93"
"2,69 : 807.23"
"2,70 : 796.58"
"2,71 : 588.08"
"2,72 : 390.0"
"2,73 : 574.69"
"2,74 : 644.49"
"2,75 : 923.72"
"2,76 : 870.19"
"2,77 : 895.0"
"2,78 : 462.85"
"2,79 : 243.13"
"2,80 : 676.91"
"2,81 : 645.75"
"2,82 : 349.04"
"2,83 : 822.74"
"2,84 : 816.68"
"2,85 : 879.06"
"2,86 : 669.63"
"2,87 : 486.51"
"2,88 : 93.05"
"2,89 : 70.04"
"2,90 : 460.65"
"2,91 : 927.03"
"2,92 : 673.95"
"2,93 : 552.08"
"2,94 : 1108.95"
"2,95 : 117.2"
"2,96 : 514.84"
"2,97 : 928.84"
"2,98 : 538.36"
"2,99 : 486.24"
"3,0 : 482.13"
"3,1 : 665.85"
"3,2 : 745.56"
"3,3 : 0.0"
"3,4 : 273.59"
"3,5 : 886.86"
"3,6 : 554.83"
"3,7 : 723.14"
"3,8 : 311.57"
"3,9 : 539.14"
"3,10 : 101.12"
"3,11 : 395.89"
"3,12 : 606.48"
"3,13 : 658.19"
"3,14 : 198.64"
"3,15 : 520.16"
"3,16 : 279.47"
"3,17 : 369.4"
"3,18 : 664.84"
"3,19 : 401.61"
"3,20 : 657.18"
"3,21 : 923.41"
"3,22 : 424.21"
"3,23 : 525.75"
"3,24 : 210.58"
"3,25 : 261.77"
"3,26 : 315.48"
"3,27 : 399.93"
"3,28 : 717.72"
"3,29 : 529.71"
"3,30 : 379.05"
"3,31 : 148.49"
"3,32 : 461.58"
"3,33 : 227.71"
"3,34 : 192.85"
"3,35 : 112.7"
"3,36 : 490.01"
"3,37 : 336.92"
"3,38 : 496.4"
"3,39 : 570.46"
"3,40 : 193.57"
"3,41 : 606.54"
"3,42 : 131.03"
"3,43 : 666.25"
"3,44 : 775.51"
"3,45 : 572.33"
"3,46 : 608.52"
"3,47 : 303.66"
"3,48 : 360.76"
"3,49 : 233.14"
"3,50 : 747.53"
"3,51 : 165.34"
"3,52 : 764.31"
"3,53 : 699.38"
"3,54 : 495.09"
"3,55 : 502.01"
"3,56 : 495.6"
"3,57 : 716.13"
"3,58 : 409.09"
"3,59 : 702.58"
"3,60 : 783.55"
"3,61 : 851.1"
"3,62 : 514.78"
"3,63 : 403.27"
"3,64 : 672.62"
"3,65 : 563.6"
"3,66 : 220.48"
"3,67 : 444.25"
"3,68 : 136.47"
"3,69 : 101.32"
"3,70 : 434.26"
"3,71 : 618.99"
"3,72 : 921.12"
"3,73 : 271.25"
"3,74 : 212.93"
"3,75 : 454.58"
"3,76 : 129.1"
"3,77 : 719.03"
"3,78 : 283.67"
"3,79 : 717.6"
"3,80 : 388.51"
"3,81 : 533.17"
"3,82 : 551.99"
"3,83 : 294.41"
"3,84 : 521.38"
"3,85 : 322.06"
"3,86 : 644.49"
"3,87 : 351.55"
"3,88 : 654.94"
"3,89 : 719.92"
"3,90 : 570.32"
"3,91 : 239.14"
"3,92 : 232.55"
"3,93 : 339.31"
"3,94 : 779.63"
"3,95 : 659.18"
"3,96 : 399.21"
"3,97 : 185.71"
"3,98 : 351.68"
"3,99 : 787.76"
"4,0 : 264.41"
"4,1 : 750.65"
"4,2 : 664.33"
"4,3 : 273.59"
"4,4 : 0.0"
"4,5 : 660.89"
"4,6 : 424.0"
"4,7 : 598.52"
"4,8 : 327.87"
"4,9 : 271.47"
"4,10 : 237.74"
"4,11 : 385.42"
"4,12 : 431.26"
"4,13 : 690.17"
"4,14 : 471.56"
"4,15 : 375.23"
"4,16 : 383.59"
"4,17 : 236.32"
"4,18 : 417.23"
"4,19 : 346.14"
"4,20 : 426.17"
"4,21 : 688.11"
"4,22 : 160.23"
"4,23 : 253.79"
"4,24 : 418.3"
"4,25 : 102.24"
"4,26 : 510.41"
"4,27 : 528.11"
"4,28 : 763.0"
"4,29 : 273.86"
"4,30 : 408.44"
"4,31 : 409.7"
"4,32 : 202.47"
"4,33 : 497.32"
"4,34 : 425.71"
"4,35 : 243.03"
"4,36 : 503.82"
"4,37 : 86.77"
"4,38 : 357.01"
"4,39 : 497.54"
"4,40 : 331.14"
"4,41 : 380.38"
"4,42 : 305.79"
"4,43 : 721.47"
"4,44 : 637.31"
"4,45 : 591.67"
"4,46 : 340.07"
"4,47 : 30.46"
"4,48 : 221.16"
"4,49 : 404.09"
"4,50 : 525.68"
"4,51 : 432.14"
"4,52 : 524.59"
"4,53 : 434.94"
"4,54 : 333.17"
"4,55 : 510.89"
"4,56 : 577.03"
"4,57 : 475.57"
"4,58 : 136.69"
"4,59 : 567.79"
"4,60 : 644.74"
"4,61 : 681.32"
"4,62 : 316.89"
"4,63 : 295.41"
"4,64 : 539.95"
"4,65 : 489.07"
"4,66 : 215.68"
"4,67 : 261.92"
"4,68 : 390.06"
"4,69 : 243.31"
"4,70 : 193.13"
"4,71 : 356.53"
"4,72 : 725.67"
"4,73 : 94.85"
"4,74 : 414.98"
"4,75 : 280.4"
"4,76 : 324.61"
"4,77 : 456.57"
"4,78 : 272.9"
"4,79 : 728.51"
"4,80 : 115.62"
"4,81 : 261.31"
"4,82 : 368.42"
"4,83 : 158.53"
"4,84 : 268.48"
"4,85 : 214.84"
"4,86 : 372.92"
"4,87 : 178.34"
"4,88 : 572.65"
"4,89 : 664.84"
"4,90 : 675.91"
"4,91 : 507.74"
"4,92 : 450.68"
"4,93 : 118.87"
"4,94 : 562.75"
"4,95 : 554.04"
"4,96 : 175.91"
"4,97 : 414.65"
"4,98 : 134.54"
"4,99 : 553.48"
"5,0 : 725.46"
"5,1 : 889.32"
"5,2 : 488.02"
"5,3 : 886.86"
"5,4 : 660.89"
"5,5 : 0.0"
"5,6 : 405.49"
"5,7 : 368.43"
"5,8 : 673.15"
"5,9 : 563.29"
"5,10 : 888.89"
"5,11 : 627.48"
"5,12 : 869.73"
"5,13 : 752.8"
"5,14 : 1072.77"
"5,15 : 407.71"
"5,16 : 779.94"
"5,17 : 528.49"
"5,18 : 255.16"
"5,19 : 570.31"
"5,20 : 234.8"
"5,21 : 59.03"
"5,22 : 612.25"
"5,23 : 532.4"
"5,24 : 1071.12"
"5,25 : 749.53"
"5,26 : 946.33"
"5,27 : 857.41"
"5,28 : 814.41"
"5,29 : 395.94"
"5,30 : 684.33"
"5,31 : 973.49"
"5,32 : 464.59"
"5,33 : 1108.81"
"5,34 : 945.99"
"5,35 : 896.8"
"5,36 : 665.98"
"5,37 : 575.21"
"5,38 : 429.61"
"5,39 : 501.5"
"5,40 : 991.27"
"5,41 : 733.62"
"5,42 : 959.38"
"5,43 : 814.42"
"5,44 : 328.94"
"5,45 : 693.57"
"5,46 : 383.47"
"5,47 : 634.92"
"5,48 : 814.64"
"5,49 : 1063.23"
"5,50 : 802.72"
"5,51 : 1001.6"
"5,52 : 736.68"
"5,53 : 577.76"
"5,54 : 842.34"
"5,55 : 658.19"
"5,56 : 801.49"
"5,57 : 714.97"
"5,58 : 548.61"
"5,59 : 344.4"
"5,60 : 327.3"
"5,61 : 230.15"
"5,62 : 373.57"
"5,63 : 881.37"
"5,64 : 356.02"
"5,65 : 499.38"
"5,66 : 686.33"
"5,67 : 444.95"
"5,68 : 948.18"
"5,69 : 894.54"
"5,70 : 669.53"
"5,71 : 343.0"
"5,72 : 147.83"
"5,73 : 620.31"
"5,74 : 903.2"
"5,75 : 802.28"
"5,76 : 975.29"
"5,77 : 595.56"
"5,78 : 655.54"
"5,79 : 724.35"
"5,80 : 589.96"
"5,81 : 458.22"
"5,82 : 346.26"
"5,83 : 787.96"
"5,84 : 633.13"
"5,85 : 834.96"
"5,86 : 393.47"
"5,87 : 535.4"
"5,88 : 476.01"
"5,89 : 552.47"
"5,90 : 889.43"
"5,91 : 1121.22"
"5,92 : 942.71"
"5,93 : 556.25"
"5,94 : 836.85"
"5,95 : 422.38"
"5,96 : 493.79"
"5,97 : 1060.28"
"5,98 : 541.71"
"5,99 : 111.23"
"6,0 : 626.2"
"6,1 : 516.94"
"6,2 : 248.9"
"6,3 : 554.83"
"6,4 : 424.0"
"6,5 : 405.49"
"6,6 : 0.0"
"6,7 : 176.08"
"6,8 : 281.94"
"6,9 : 517.81"
"6,10 : 592.33"
"6,11 : 224.08"
"6,12 : 803.14"
"6,13 : 396.09"
"6,14 : 715.14"
"6,15 : 51.24"
"6,16 : 384.13"
"6,17 : 196.76"
"6,18 : 318.55"
"6,19 : 173.83"
"6,20 : 259.38"
"6,21 : 459.03"
"6,22 : 482.93"
"6,23 : 477.75"
"6,24 : 761.5"
"6,25 : 526.02"
"6,26 : 546.3"
"6,27 : 451.92"
"6,28 : 469.14"
"6,29 : 312.81"
"6,30 : 280.08"
"6,31 : 605.27"
"6,32 : 325.65"
"6,33 : 755.15"
"6,34 : 564.46"
"6,35 : 603.68"
"6,36 : 267.01"
"6,37 : 349.53"
"6,38 : 67.01"
"6,39 : 124.91"
"6,40 : 708.11"
"6,41 : 701.42"
"6,42 : 659.66"
"6,43 : 451.9"
"6,44 : 222.39"
"6,45 : 314.16"
"6,46 : 399.06"
"6,47 : 413.09"
"6,48 : 639.31"
"6,49 : 770.6"
"6,50 : 826.23"
"6,51 : 633.46"
"6,52 : 788.85"
"6,53 : 636.75"
"6,54 : 727.86"
"6,55 : 261.38"
"6,56 : 402.18"
"6,57 : 747.43"
"6,58 : 392.46"
"6,59 : 149.58"
"6,60 : 230.34"
"6,61 : 300.25"
"6,62 : 156.49"
"6,63 : 714.64"
"6,64 : 119.92"
"6,65 : 118.51"
"6,66 : 334.65"
"6,67 : 170.02"
"6,68 : 579.92"
"6,69 : 597.42"
"6,70 : 547.72"
"6,71 : 365.2"
"6,72 : 386.81"
"6,73 : 340.13"
"6,74 : 516.16"
"6,75 : 675.73"
"6,76 : 669.16"
"6,77 : 662.11"
"6,78 : 280.81"
"6,79 : 396.43"
"6,80 : 428.29"
"6,81 : 404.2"
"6,82 : 114.62"
"6,83 : 582.19"
"6,84 : 569.31"
"6,85 : 638.35"
"6,86 : 445.1"
"6,87 : 246.16"
"6,88 : 165.5"
"6,89 : 269.31"
"6,90 : 497.1"
"6,91 : 768.13"
"6,92 : 553.62"
"6,93 : 307.86"
"6,94 : 866.16"
"6,95 : 132.91"
"6,96 : 266.55"
"6,97 : 740.22"
"6,98 : 293.34"
"6,99 : 348.09"
"7,0 : 785.89"
"7,1 : 527.44"
"7,2 : 124.91"
"7,3 : 723.14"
"7,4 : 598.52"
"7,5 : 368.43"
"7,6 : 176.08"
"7,7 : 0.0"
"7,8 : 429.94"
"7,9 : 661.45"
"7,10 : 766.26"
"7,11 : 354.8"
"7,12 : 960.47"
"7,13 : 388.16"
"7,14 : 871.74"
"7,15 : 223.32"
"7,16 : 519.87"
"7,17 : 372.63"
"7,18 : 400.2"
"7,19 : 325.36"
"7,20 : 333.68"
"7,21 : 427.45"
"7,22 : 643.68"
"7,23 : 621.34"
"7,24 : 932.01"
"7,25 : 700.73"
"7,26 : 667.5"
"7,27 : 550.02"
"7,28 : 446.71"
"7,29 : 448.02"
"7,30 : 401.64"
"7,31 : 758.45"
"7,32 : 478.61"
"7,33 : 912.92"
"7,34 : 709.37"
"7,35 : 777.88"
"7,36 : 340.62"
"7,37 : 521.22"
"7,38 : 242.62"
"7,39 : 176.82"
"7,40 : 882.54"
"7,41 : 849.14"
"7,42 : 832.63"
"7,43 : 450.25"
"7,44 : 60.22"
"7,45 : 342.32"
"7,46 : 514.95"
"7,47 : 586.01"
"7,48 : 810.89"
"7,49 : 943.62"
"7,50 : 963.75"
"7,51 : 786.07"
"7,52 : 917.77"
"7,53 : 758.15"
"7,54 : 892.39"
"7,55 : 329.46"
"7,56 : 467.59"
"7,57 : 880.47"
"7,58 : 554.28"
"7,59 : 37.74"
"7,60 : 67.62"
"7,61 : 175.19"
"7,62 : 304.4"
"7,63 : 886.14"
"7,64 : 59.41"
"7,65 : 179.81"
"7,66 : 502.92"
"7,67 : 339.29"
"7,68 : 733.66"
"7,69 : 771.25"
"7,70 : 709.36"
"7,71 : 473.73"
"7,72 : 287.33"
"7,73 : 516.11"
"7,74 : 657.41"
"7,75 : 841.26"
"7,76 : 841.12"
"7,77 : 782.44"
"7,78 : 441.9"
"7,79 : 355.97"
"7,80 : 592.87"
"7,81 : 541.91"
"7,82 : 249.87"
"7,83 : 756.1"
"7,84 : 719.74"
"7,85 : 812.02"
"7,86 : 554.87"
"7,87 : 421.54"
"7,88 : 116.48"
"7,89 : 184.62"
"7,90 : 541.67"
"7,91 : 925.96"
"7,92 : 691.51"
"7,93 : 481.02"
"7,94 : 1003.11"
"7,95 : 74.2"
"7,96 : 434.49"
"7,97 : 908.84"
"7,98 : 466.0"
"7,99 : 361.38"
"8,0 : 590.51"
"8,1 : 422.79"
"8,2 : 436.41"
"8,3 : 311.57"
"8,4 : 327.87"
"8,5 : 673.15"
"8,6 : 281.94"
"8,7 : 429.94"
"8,8 : 0.0"
"8,9 : 554.71"
"8,10 : 380.76"
"8,11 : 84.34"
"8,12 : 759.07"
"8,13 : 372.0"
"8,14 : 442.02"
"8,15 : 266.43"
"8,16 : 107.52"
"8,17 : 174.41"
"8,18 : 512.96"
"8,19 : 108.3"
"8,20 : 476.49"
"8,21 : 721.54"
"8,22 : 466.42"
"8,23 : 522.46"
"8,24 : 521.28"
"8,25 : 405.78"
"8,26 : 275.57"
"8,27 : 223.62"
"8,28 : 441.42"
"8,29 : 423.99"
"8,30 : 81.99"
"8,31 : 328.52"
"8,32 : 384.48"
"8,33 : 483.46"
"8,34 : 282.9"
"8,35 : 393.93"
"8,36 : 188.74"
"8,37 : 308.17"
"8,38 : 243.77"
"8,39 : 264.09"
"8,40 : 495.01"
"8,41 : 700.45"
"8,42 : 436.41"
"8,43 : 396.68"
"8,44 : 487.0"
"8,45 : 276.7"
"8,46 : 524.45"
"8,47 : 338.87"
"8,48 : 536.15"
"8,49 : 543.79"
"8,50 : 843.81"
"8,51 : 356.22"
"8,52 : 831.36"
"8,53 : 711.57"
"8,54 : 658.81"
"8,55 : 198.93"
"8,56 : 249.9"
"8,57 : 783.38"
"8,58 : 394.34"
"8,59 : 416.39"
"8,60 : 495.0"
"8,61 : 579.83"
"8,62 : 320.3"
"8,63 : 604.55"
"8,64 : 387.33"
"8,65 : 258.09"
"8,66 : 120.83"
"8,67 : 258.44"
"8,68 : 303.71"
"8,69 : 384.52"
"8,70 : 515.05"
"8,71 : 511.41"
"8,72 : 668.6"
"8,73 : 238.76"
"8,74 : 234.27"
"8,75 : 606.76"
"8,76 : 439.01"
"8,77 : 736.33"
"8,78 : 55.17"
"8,79 : 421.09"
"8,80 : 406.67"
"8,81 : 481.71"
"8,82 : 329.95"
"8,83 : 464.14"
"8,84 : 576.42"
"8,85 : 516.15"
"8,86 : 571.81"
"8,87 : 218.22"
"8,88 : 348.01"
"8,89 : 408.37"
"8,90 : 351.01"
"8,91 : 496.49"
"8,92 : 272.15"
"8,93 : 271.53"
"8,94 : 882.32"
"8,95 : 360.15"
"8,96 : 290.93"
"8,97 : 492.85"
"8,98 : 269.39"
"8,99 : 595.46"
"9,0 : 164.79"
"9,1 : 962.61"
"9,2 : 762.66"
"9,3 : 539.14"
"9,4 : 271.47"
"9,5 : 563.29"
"9,6 : 517.81"
"9,7 : 661.45"
"9,8 : 554.71"
"9,9 : 0.0"
"9,10 : 481.2"
"9,11 : 585.9"
"9,12 : 312.13"
"9,13 : 874.97"
"9,14 : 733.08"
"9,15 : 468.45"
"9,16 : 633.67"
"9,17 : 401.7"
"9,18 : 315.63"
"9,19 : 528.19"
"9,20 : 364.86"
"9,21 : 567.65"
"9,22 : 115.12"
"9,23 : 40.25"
"9,24 : 643.93"
"9,25 : 291.0"
"9,26 : 775.42"
"9,27 : 773.59"
"9,28 : 950.73"
"9,29 : 213.78"
"9,30 : 625.72"
"9,31 : 680.05"
"9,32 : 194.28"
"9,33 : 754.1"
"9,34 : 696.94"
"9,35 : 481.72"
"9,36 : 697.83"
"9,37 : 249.02"
"9,38 : 462.82"
"9,39 : 630.02"
"9,40 : 540.73"
"9,41 : 188.22"
"9,42 : 538.57"
"9,43 : 918.27"
"9,44 : 678.24"
"9,45 : 778.01"
"9,46 : 180.19"
"9,47 : 244.61"
"9,48 : 285.8"
"9,49 : 613.18"
"9,50 : 309.01"
"9,51 : 701.52"
"9,52 : 280.53"
"9,53 : 163.92"
"9,54 : 280.52"
"9,55 : 700.91"
"9,56 : 799.26"
"9,57 : 234.83"
"9,58 : 160.58"
"9,59 : 624.34"
"9,60 : 683.8"
"9,61 : 674.76"
"9,62 : 362.97"
"9,63 : 337.4"
"9,64 : 604.27"
"9,65 : 621.84"
"9,66 : 464.87"
"9,67 : 359.79"
"9,68 : 661.06"
"9,69 : 486.08"
"9,70 : 131.82"
"9,71 : 222.9"
"9,72 : 674.91"
"9,73 : 327.3"
"9,74 : 683.74"
"9,75 : 245.59"
"9,76 : 560.67"
"9,77 : 186.56"
"9,78 : 501.78"
"9,79 : 895.82"
"9,80 : 158.49"
"9,81 : 120.78"
"9,82 : 414.16"
"9,83 : 294.5"
"9,84 : 69.86"
"9,85 : 320.48"
"9,86 : 175.87"
"9,87 : 342.29"
"9,88 : 683.29"
"9,89 : 786.98"
"9,90 : 902.82"
"9,91 : 763.27"
"9,92 : 720.54"
"9,93 : 283.18"
"9,94 : 349.01"
"9,95 : 645.59"
"9,96 : 277.24"
"9,97 : 651.22"
"9,98 : 286.23"
"9,99 : 454.23"
"10,0 : 401.2"
"10,1 : 759.38"
"10,2 : 802.71"
"10,3 : 101.12"
"10,4 : 237.74"
"10,5 : 888.89"
"10,6 : 592.33"
"10,7 : 766.26"
"10,8 : 380.76"
"10,9 : 481.2"
"10,10 : 0.0"
"10,11 : 463.09"
"10,12 : 512.34"
"10,13 : 742.26"
"10,14 : 258.05"
"10,15 : 551.71"
"10,16 : 368.23"
"10,17 : 397.4"
"10,18 : 652.24"
"10,19 : 456.45"
"10,20 : 654.78"
"10,21 : 920.04"
"10,22 : 367.04"
"10,23 : 474.38"
"10,24 : 182.46"
"10,25 : 191.05"
"10,26 : 416.59"
"10,27 : 496.42"
"10,28 : 805.08"
"10,29 : 510.39"
"10,30 : 455.66"
"10,31 : 241.54"
"10,32 : 439.33"
"10,33 : 274.24"
"10,34 : 292.98"
"10,35 : 13.34"
"10,36 : 566.85"
"10,37 : 317.17"
"10,38 : 529.07"
"10,39 : 626.66"
"10,40 : 116.9"
"10,41 : 524.44"
"10,42 : 70.6"
"10,43 : 754.89"
"10,44 : 814.69"
"10,45 : 652.34"
"10,46 : 576.92"
"10,47 : 267.64"
"10,48 : 268.96"
"10,49 : 179.34"
"10,50 : 661.7"
"10,51 : 252.73"
"10,52 : 684.55"
"10,53 : 635.14"
"10,54 : 401.12"
"10,55 : 578.01"
"10,56 : 586.5"
"10,57 : 637.39"
"10,58 : 372.51"
"10,59 : 741.89"
"10,60 : 822.62"
"10,61 : 879.26"
"10,62 : 525.86"
"10,63 : 305.0"
"10,64 : 712.15"
"10,65 : 619.14"
"10,66 : 271.25"
"10,67 : 459.11"
"10,68 : 233.81"
"10,69 : 5.66"
"10,70 : 364.09"
"10,71 : 594.27"
"10,72 : 938.85"
"10,73 : 270.76"
"10,74 : 313.83"
"10,75 : 364.16"
"10,76 : 87.21"
"10,77 : 652.8"
"10,78 : 342.37"
"10,79 : 797.99"
"10,80 : 343.52"
"10,81 : 496.25"
"10,82 : 569.95"
"10,83 : 209.16"
"10,84 : 452.99"
"10,85 : 227.77"
"10,86 : 607.39"
"10,87 : 363.94"
"10,88 : 710.26"
"10,89 : 784.13"
"10,90 : 665.93"
"10,91 : 282.77"
"10,92 : 333.44"
"10,93 : 332.66"
"10,94 : 691.99"
"10,95 : 707.56"
"10,96 : 395.14"
"10,97 : 176.95"
"10,98 : 347.37"
"10,99 : 784.41"
"11,0 : 641.34"
"11,1 : 376.87"
"11,2 : 353.02"
"11,3 : 395.89"
"11,4 : 385.42"
"11,5 : 627.48"
"11,6 : 224.08"
"11,7 : 354.8"
"11,8 : 84.34"
"11,9 : 585.9"
"11,10 : 463.09"
"11,11 : 0.0"
"11,12 : 814.42"
"11,13 : 304.76"
"11,14 : 521.31"
"11,15 : 222.25"
"11,16 : 165.46"
"11,17 : 185.22"
"11,18 : 495.79"
"11,19 : 65.76"
"11,20 : 450.49"
"11,21 : 679.2"
"11,22 : 509.12"
"11,23 : 550.54"
"11,24 : 605.61"
"11,25 : 472.07"
"11,26 : 322.62"
"11,27 : 233.81"
"11,28 : 377.83"
"11,29 : 428.84"
"11,30 : 57.27"
"11,31 : 406.48"
"11,32 : 402.24"
"11,33 : 563.18"
"11,34 : 354.69"
"11,35 : 476.15"
"11,36 : 118.43"
"11,37 : 349.34"
"11,38 : 203.23"
"11,39 : 183.34"
"11,40 : 578.12"
"11,41 : 744.6"
"11,42 : 520.11"
"11,43 : 338.2"
"11,44 : 413.42"
"11,45 : 206.4"
"11,46 : 529.37"
"11,47 : 391.21"
"11,48 : 601.51"
"11,49 : 627.91"
"11,50 : 885.11"
"11,51 : 433.56"
"11,52 : 866.01"
"11,53 : 735.66"
"11,54 : 718.58"
"11,55 : 125.71"
"11,56 : 217.31"
"11,57 : 819.18"
"11,58 : 428.92"
"11,59 : 345.14"
"11,60 : 421.3"
"11,61 : 512.79"
"11,62 : 301.04"
"11,63 : 672.36"
"11,64 : 317.24"
"11,65 : 178.09"
"11,66 : 196.15"
"11,67 : 252.34"
"11,68 : 382.3"
"11,69 : 467.03"
"11,70 : 563.4"
"11,71 : 509.57"
"11,72 : 608.0"
"11,73 : 291.51"
"11,74 : 302.63"
"11,75 : 665.73"
"11,76 : 523.11"
"11,77 : 760.99"
"11,78 : 123.56"
"11,79 : 346.56"
"11,80 : 448.31"
"11,81 : 499.1"
"11,82 : 296.52"
"11,83 : 531.33"
"11,84 : 616.12"
"11,85 : 585.16"
"11,86 : 577.75"
"11,87 : 243.82"
"11,88 : 266.1"
"11,89 : 324.04"
"11,90 : 321.46"
"11,91 : 576.18"
"11,92 : 337.29"
"11,93 : 307.77"
"11,94 : 924.39"
"11,95 : 282.8"
"11,96 : 310.59"
"11,97 : 576.99"
"11,98 : 301.54"
"11,99 : 559.93"
"12,0 : 177.61"
"12,1 : 1181.83"
"12,2 : 1051.98"
"12,3 : 606.48"
"12,4 : 431.26"
"12,5 : 869.73"
"12,6 : 803.14"
"12,7 : 960.47"
"12,8 : 759.07"
"12,9 : 312.13"
"12,10 : 512.34"
"12,11 : 814.42"
"12,12 : 0.0"
"12,13 : 1118.34"
"12,14 : 759.01"
"12,15 : 752.0"
"12,16 : 806.63"
"12,17 : 647.48"
"12,18 : 627.1"
"12,19 : 769.15"
"12,20 : 676.85"
"12,21 : 868.02"
"12,22 : 320.54"
"12,23 : 349.05"
"12,24 : 605.08"
"12,25 : 365.3"
"12,26 : 908.42"
"12,27 : 951.07"
"12,28 : 1192.15"
"12,29 : 520.04"
"12,30 : 839.67"
"12,31 : 753.08"
"12,32 : 481.87"
"12,33 : 763.32"
"12,34 : 797.24"
"12,35 : 504.8"
"12,36 : 932.69"
"12,37 : 470.77"
"12,38 : 741.16"
"12,39 : 902.14"
"12,40 : 501.94"
"12,41 : 139.79"
"12,42 : 535.56"
"12,43 : 1151.93"
"12,44 : 982.83"
"12,45 : 1019.53"
"12,46 : 490.37"
"12,47 : 423.21"
"12,48 : 246.06"
"12,49 : 554.87"
"12,50 : 185.05"
"12,51 : 765.07"
"12,52 : 246.04"
"12,53 : 325.24"
"12,54 : 111.4"
"12,55 : 938.94"
"12,56 : 1007.7"
"12,57 : 220.05"
"12,58 : 410.95"
"12,59 : 924.37"
"12,60 : 988.85"
"12,61 : 986.02"
"12,62 : 656.32"
"12,63 : 213.96"
"12,64 : 901.77"
"12,65 : 893.63"
"12,66 : 644.24"
"12,67 : 634.55"
"12,68 : 742.93"
"12,69 : 514.57"
"12,70 : 257.16"
"12,71 : 534.11"
"12,72 : 986.34"
"12,73 : 523.26"
"12,74 : 805.49"
"12,75 : 156.21"
"12,76 : 557.59"
"12,77 : 321.51"
"12,78 : 704.16"
"12,79 : 1151.91"
"12,80 : 377.92"
"12,81 : 430.77"
"12,82 : 710.6"
"12,83 : 316.53"
"12,84 : 245.28"
"12,85 : 284.81"
"12,86 : 476.32"
"12,87 : 583.71"
"12,88 : 966.4"
"12,89 : 1066.82"
"12,90 : 1105.22"
"12,91 : 768.01"
"12,92 : 833.27"
"12,93 : 514.88"
"12,94 : 200.41"
"12,95 : 935.28"
"12,96 : 539.45"
"12,97 : 630.2"
"12,98 : 525.47"
"12,99 : 762.86"
"13,0 : 944.0"
"13,1 : 140.81"
"13,2 : 288.14"
"13,3 : 658.19"
"13,4 : 690.17"
"13,5 : 752.8"
"13,6 : 396.09"
"13,7 : 388.16"
"13,8 : 372.0"
"13,9 : 874.97"
"13,10 : 742.26"
"13,11 : 304.76"
"13,12 : 1118.34"
"13,13 : 0.0"
"13,14 : 723.62"
"13,15 : 431.65"
"13,16 : 379.33"
"13,17 : 476.6"
"13,18 : 714.6"
"13,19 : 350.82"
"13,20 : 654.22"
"13,21 : 811.45"
"13,22 : 808.43"
"13,23 : 837.22"
"13,24 : 854.98"
"13,25 : 775.54"
"13,26 : 438.73"
"13,27 : 298.08"
"13,28 : 75.82"
"13,29 : 692.02"
"13,30 : 290.85"
"13,31 : 612.73"
"13,32 : 683.06"
"13,33 : 765.1"
"13,34 : 542.33"
"13,35 : 755.6"
"13,36 : 186.43"
"13,37 : 650.01"
"13,38 : 427.2"
"13,39 : 271.86"
"13,40 : 850.8"
"13,41 : 1042.98"
"13,42 : 788.97"
"13,43 : 62.13"
"13,44 : 439.41"
"13,45 : 98.81"
"13,46 : 786.68"
"13,47 : 695.35"
"13,48 : 905.47"
"13,49 : 888.47"
"13,50 : 1180.42"
"13,51 : 633.55"
"13,52 : 1155.0"
"13,53 : 1013.9"
"13,54 : 1023.32"
"13,55 : 179.45"
"13,56 : 179.74"
"13,57 : 1109.79"
"13,58 : 724.07"
"13,59 : 408.54"
"13,60 : 444.17"
"13,61 : 558.04"
"13,62 : 540.28"
"13,63 : 975.38"
"13,64 : 397.91"
"13,65 : 277.71"
"13,66 : 492.79"
"13,67 : 518.83"
"13,68 : 594.61"
"13,69 : 745.27"
"13,70 : 865.31"
"13,71 : 756.89"
"13,72 : 672.76"
"13,73 : 596.1"
"13,74 : 489.64"
"13,75 : 970.44"
"13,76 : 786.64"
"13,77 : 1039.52"
"13,78 : 423.1"
"13,79 : 73.43"
"13,80 : 747.74"
"13,81 : 775.25"
"13,82 : 508.94"
"13,83 : 834.51"
"13,84 : 912.23"
"13,85 : 887.43"
"13,86 : 834.32"
"13,87 : 539.62"
"13,88 : 276.8"
"13,89 : 218.4"
"13,90 : 187.42"
"13,91 : 776.97"
"13,92 : 505.21"
"13,93 : 606.92"
"13,94 : 1220.14"
"13,95 : 330.75"
"13,96 : 598.21"
"13,97 : 820.24"
"13,98 : 598.62"
"13,99 : 725.75"
"14,0 : 658.98"
"14,1 : 691.67"
"14,2 : 871.93"
"14,3 : 198.64"
"14,4 : 471.56"
"14,5 : 1072.77"
"14,6 : 715.14"
"14,7 : 871.74"
"14,8 : 442.02"
"14,9 : 733.08"
"14,10 : 258.05"
"14,11 : 521.31"
"14,12 : 759.01"
"14,13 : 723.62"
"14,14 : 0.0"
"14,15 : 687.89"
"14,16 : 365.66"
"14,17 : 546.11"
"14,18 : 859.32"
"14,19 : 547.08"
"14,20 : 847.37"
"14,21 : 1112.31"
"14,22 : 617.98"
"14,23 : 721.97"
"14,24 : 188.83"
"14,25 : 446.94"
"14,26 : 297.52"
"14,27 : 429.34"
"14,28 : 768.71"
"14,29 : 726.78"
"14,30 : 485.97"
"14,31 : 115.69"
"14,32 : 659.47"
"14,33 : 42.38"
"14,34 : 181.5"
"14,35 : 261.62"
"14,36 : 586.6"
"14,37 : 535.08"
"14,38 : 663.81"
"14,39 : 704.57"
"14,40 : 265.65"
"14,41 : 781.71"
"14,42 : 223.49"
"14,43 : 714.55"
"14,44 : 928.13"
"14,45 : 654.94"
"14,46 : 807.06"
"14,47 : 501.81"
"14,48 : 522.32"
"14,49 : 244.12"
"14,50 : 916.85"
"14,51 : 90.96"
"14,52 : 942.18"
"14,53 : 890.56"
"14,54 : 649.56"
"14,55 : 599.88"
"14,56 : 545.21"
"14,57 : 895.23"
"14,58 : 607.53"
"14,59 : 856.63"
"14,60 : 936.16"
"14,61 : 1015.36"
"14,62 : 699.21"
"14,63 : 545.77"
"14,64 : 827.12"
"14,65 : 699.06"
"14,66 : 388.43"
"14,67 : 627.82"
"14,68 : 139.09"
"14,69 : 254.16"
"14,70 : 620.93"
"14,71 : 816.76"
"14,72 : 1094.81"
"14,73 : 466.54"
"14,74 : 235.37"
"14,75 : 617.48"
"14,76 : 201.76"
"14,77 : 909.02"
"14,78 : 434.33"
"14,79 : 792.09"
"14,80 : 585.72"
"14,81 : 731.75"
"14,82 : 730.81"
"14,83 : 466.78"
"14,84 : 709.56"
"14,85 : 479.24"
"14,86 : 843.11"
"14,87 : 539.3"
"14,88 : 787.25"
"14,89 : 833.84"
"14,90 : 589.72"
"14,91 : 55.15"
"14,92 : 219.28"
"14,93 : 534.96"
"14,94 : 945.68"
"14,95 : 802.13"
"14,96 : 593.14"
"14,97 : 150.01"
"14,98 : 546.45"
"14,99 : 977.43"
"15,0 : 575.0"
"15,1 : 545.94"
"15,2 : 300.11"
"15,3 : 520.16"
"15,4 : 375.23"
"15,5 : 407.71"
"15,6 : 51.24"
"15,7 : 223.32"
"15,8 : 266.43"
"15,9 : 468.45"
"15,10 : 551.71"
"15,11 : 222.25"
"15,12 : 752.0"
"15,13 : 431.65"
"15,14 : 687.89"
"15,15 : 0.0"
"15,16 : 372.53"
"15,17 : 154.31"
"15,18 : 288.2"
"15,19 : 162.69"
"15,20 : 234.56"
"15,21 : 457.92"
"15,22 : 431.72"
"15,23 : 428.51"
"15,24 : 724.15"
"15,25 : 477.42"
"15,26 : 538.62"
"15,27 : 455.55"
"15,28 : 506.1"
"15,29 : 266.58"
"15,30 : 279.52"
"15,31 : 580.76"
"15,32 : 275.48"
"15,33 : 726.99"
"15,34 : 545.0"
"15,35 : 562.67"
"15,36 : 286.57"
"15,37 : 299.22"
"15,38 : 24.08"
"15,39 : 165.76"
"15,40 : 666.57"
"15,41 : 651.16"
"15,42 : 620.07"
"15,43 : 484.88"
"15,44 : 265.11"
"15,45 : 344.31"
"15,46 : 356.6"
"15,47 : 363.31"
"15,48 : 589.13"
"15,49 : 730.72"
"15,50 : 777.23"
"15,51 : 609.08"
"15,52 : 741.33"
"15,53 : 591.15"
"15,54 : 676.68"
"15,55 : 283.1"
"15,56 : 418.64"
"15,57 : 699.28"
"15,58 : 341.25"
"15,59 : 193.66"
"15,60 : 272.86"
"15,61 : 330.95"
"15,62 : 110.54"
"15,63 : 664.45"
"15,64 : 165.1"
"15,65 : 158.26"
"15,66 : 302.0"
"15,67 : 118.88"
"15,68 : 555.28"
"15,69 : 556.93"
"15,70 : 496.49"
"15,71 : 325.34"
"15,72 : 407.35"
"15,73 : 293.82"
"15,74 : 499.23"
"15,75 : 624.59"
"15,76 : 630.63"
"15,77 : 616.62"
"15,78 : 255.78"
"15,79 : 437.92"
"15,80 : 377.06"
"15,81 : 356.45"
"15,82 : 80.05"
"15,83 : 533.0"
"15,84 : 518.89"
"15,85 : 589.03"
"15,86 : 403.64"
"15,87 : 198.46"
"15,88 : 215.59"
"15,89 : 318.65"
"15,90 : 517.54"
"15,91 : 739.88"
"15,92 : 537.95"
"15,93 : 258.12"
"15,94 : 817.2"
"15,95 : 184.1"
"15,96 : 215.42"
"15,97 : 704.56"
"15,98 : 243.35"
"15,99 : 337.84"
"16,0 : 647.15"
"16,1 : 392.68"
"16,2 : 507.71"
"16,3 : 279.47"
"16,4 : 383.59"
"16,5 : 779.94"
"16,6 : 384.13"
"16,7 : 519.87"
"16,8 : 107.52"
"16,9 : 633.67"
"16,10 : 368.23"
"16,11 : 165.46"
"16,12 : 806.63"
"16,13 : 379.33"
"16,14 : 365.66"
"16,15 : 372.53"
"16,16 : 0.0"
"16,17 : 276.88"
"16,18 : 618.44"
"16,19 : 211.12"
"16,20 : 583.55"
"16,21 : 828.79"
"16,22 : 535.77"
"16,23 : 604.63"
"16,24 : 477.0"
"16,25 : 442.65"
"16,26 : 168.13"
"16,27 : 144.81"
"16,28 : 438.33"
"16,29 : 522.55"
"16,30 : 121.43"
"16,31 : 250.0"
"16,32 : 476.78"
"16,33 : 408.02"
"16,34 : 191.44"
"16,35 : 381.47"
"16,36 : 222.17"
"16,37 : 384.72"
"16,38 : 350.33"
"16,39 : 346.01"
"16,40 : 472.81"
"16,41 : 763.84"
"16,42 : 410.48"
"16,43 : 387.23"
"16,44 : 578.75"
"16,45 : 297.43"
"16,46 : 621.86"
"16,47 : 401.25"
"16,48 : 570.56"
"16,49 : 509.17"
"16,50 : 908.98"
"16,51 : 275.48"
"16,52 : 903.82"
"16,53 : 794.68"
"16,54 : 700.77"
"16,55 : 235.26"
"16,56 : 218.39"
"16,57 : 855.1"
"16,58 : 473.77"
"16,59 : 510.58"
"16,60 : 586.6"
"16,61 : 677.7"
"16,62 : 427.03"
"16,63 : 632.37"
"16,64 : 482.55"
"16,65 : 341.55"
"16,66 : 169.94"
"16,67 : 363.32"
"16,68 : 227.71"
"16,69 : 370.65"
"16,70 : 576.54"
"16,71 : 612.01"
"16,72 : 770.61"
"16,73 : 307.14"
"16,74 : 138.0"
"16,75 : 650.98"
"16,76 : 407.44"
"16,77 : 818.76"
"16,78 : 142.06"
"16,79 : 441.04"
"16,80 : 478.85"
"16,81 : 572.47"
"16,82 : 437.44"
"16,83 : 496.97"
"16,84 : 646.69"
"16,85 : 543.49"
"16,86 : 668.27"
"16,87 : 311.65"
"16,88 : 426.02"
"16,89 : 468.18"
"16,90 : 303.87"
"16,91 : 420.8"
"16,92 : 171.83"
"16,93 : 354.42"
"16,94 : 946.28"
"16,95 : 447.23"
"16,96 : 384.64"
"16,97 : 443.55"
"16,98 : 355.66"
"16,99 : 702.97"
"17,0 : 470.85"
"17,1 : 561.13"
"17,2 : 428.78"
"17,3 : 369.4"
"17,4 : 236.32"
"17,5 : 528.49"
"17,6 : 196.76"
"17,7 : 372.63"
"17,8 : 174.41"
"17,9 : 401.7"
"17,10 : 397.4"
"17,11 : 185.22"
"17,12 : 647.48"
"17,13 : 476.6"
"17,14 : 546.11"
"17,15 : 154.31"
"17,16 : 276.88"
"17,17 : 0.0"
"17,18 : 342.61"
"17,19 : 126.73"
"17,20 : 313.27"
"17,21 : 571.27"
"17,22 : 332.42"
"17,23 : 365.72"
"17,24 : 570.73"
"17,25 : 336.15"
"17,26 : 443.09"
"17,27 : 396.53"
"17,28 : 551.95"
"17,29 : 250.26"
"17,30 : 230.46"
"17,31 : 445.01"
"17,32 : 217.35"
"17,33 : 583.52"
"17,34 : 420.4"
"17,35 : 408.37"
"17,36 : 296.33"
"17,37 : 176.78"
"17,38 : 131.87"
"17,39 : 261.47"
"17,40 : 512.38"
"17,41 : 566.41"
"17,42 : 465.86"
"17,43 : 517.3"
"17,44 : 418.28"
"17,45 : 378.45"
"17,46 : 351.05"
"17,47 : 231.8"
"17,48 : 456.95"
"17,49 : 576.44"
"17,50 : 704.28"
"17,51 : 473.13"
"17,52 : 682.17"
"17,53 : 550.47"
"17,54 : 559.77"
"17,55 : 299.93"
"17,56 : 401.6"
"17,57 : 635.84"
"17,58 : 247.55"
"17,59 : 345.91"
"17,60 : 426.14"
"17,61 : 483.51"
"17,62 : 157.42"
"17,63 : 531.59"
"17,64 : 316.51"
"17,65 : 252.97"
"17,66 : 158.05"
"17,67 : 88.23"
"17,68 : 419.7"
"17,69 : 402.62"
"17,70 : 391.39"
"17,71 : 337.0"
"17,72 : 551.98"
"17,73 : 146.09"
"17,74 : 381.91"
"17,75 : 506.58"
"17,76 : 476.74"
"17,77 : 575.78"
"17,78 : 136.5"
"17,79 : 505.06"
"17,80 : 272.03"
"17,81 : 314.57"
"17,82 : 184.72"
"17,83 : 394.29"
"17,84 : 435.72"
"17,85 : 450.57"
"17,86 : 398.83"
"17,87 : 63.81"
"17,88 : 336.63"
"17,89 : 428.82"
"17,90 : 505.8"
"17,91 : 596.19"
"17,92 : 422.31"
"17,93 : 132.59"
"17,94 : 743.89"
"17,95 : 321.19"
"17,96 : 125.4"
"17,97 : 552.29"
"17,98 : 122.64"
"17,99 : 439.18"
"18,0 : 473.87"
"18,1 : 833.59"
"18,2 : 519.83"
"18,3 : 664.84"
"18,4 : 417.23"
"18,5 : 255.16"
"18,6 : 318.55"
"18,7 : 400.2"
"18,8 : 512.96"
"18,9 : 315.63"
"18,10 : 652.24"
"18,11 : 495.79"
"18,12 : 627.1"
"18,13 : 714.6"
"18,14 : 859.32"
"18,15 : 288.2"
"18,16 : 618.44"
"18,17 : 342.61"
"18,18 : 0.0"
"18,19 : 430.38"
"18,20 : 66.53"
"18,21 : 273.22"
"18,22 : 357.1"
"18,23 : 281.58"
"18,24 : 834.34"
"18,25 : 499.6"
"18,26 : 785.51"
"18,27 : 727.0"
"18,28 : 787.25"
"18,29 : 144.46"
"18,30 : 551.23"
"18,31 : 770.93"
"18,32 : 215.52"
"18,33 : 891.89"
"18,34 : 756.83"
"18,35 : 658.78"
"18,36 : 574.22"
"18,37 : 335.09"
"18,38 : 299.67"
"18,39 : 442.94"
"18,40 : 748.03"
"18,41 : 496.24"
"18,42 : 721.75"
"18,43 : 770.27"
"18,44 : 398.3"
"18,45 : 631.25"
"18,46 : 137.23"
"18,47 : 389.28"
"18,48 : 559.56"
"18,49 : 821.24"
"18,50 : 587.08"
"18,51 : 798.0"
"18,52 : 531.46"
"18,53 : 368.46"
"18,54 : 590.71"
"18,55 : 571.17"
"18,56 : 704.13"
"18,57 : 500.03"
"18,58 : 296.21"
"18,59 : 363.05"
"18,60 : 402.06"
"18,61 : 368.82"
"18,62 : 195.02"
"18,63 : 626.29"
"18,64 : 353.1"
"18,65 : 436.9"
"18,66 : 488.7"
"18,67 : 255.15"
"18,68 : 746.59"
"18,69 : 657.89"
"18,70 : 414.96"
"18,71 : 93.0"
"18,72 : 359.31"
"18,73 : 393.61"
"18,74 : 722.24"
"18,75 : 548.86"
"18,76 : 739.44"
"18,77 : 391.13"
"18,78 : 479.11"
"18,79 : 711.22"
"18,80 : 336.67"
"18,81 : 204.22"
"18,82 : 208.24"
"18,83 : 534.91"
"18,84 : 384.69"
"18,85 : 580.65"
"18,86 : 163.81"
"18,87 : 325.34"
"18,88 : 462.79"
"18,89 : 564.13"
"18,90 : 804.66"
"18,91 : 903.65"
"18,92 : 762.76"
"18,93 : 325.61"
"18,94 : 624.65"
"18,95 : 412.48"
"18,96 : 266.19"
"18,97 : 827.64"
"18,98 : 313.23"
"18,99 : 143.92"
"19,0 : 593.79"
"19,1 : 435.44"
"19,2 : 346.39"
"19,3 : 401.61"
"19,4 : 346.14"
"19,5 : 570.31"
"19,6 : 173.83"
"19,7 : 325.36"
"19,8 : 108.3"
"19,9 : 528.19"
"19,10 : 456.45"
"19,11 : 65.76"
"19,12 : 769.15"
"19,13 : 350.82"
"19,14 : 547.08"
"19,15 : 162.69"
"19,16 : 211.12"
"19,17 : 126.73"
"19,18 : 430.38"
"19,19 : 0.0"
"19,20 : 386.25"
"19,21 : 620.54"
"19,22 : 457.62"
"19,23 : 491.81"
"19,24 : 612.0"
"19,25 : 439.3"
"19,26 : 376.09"
"19,27 : 297.61"
"19,28 : 425.87"
"19,29 : 364.36"
"19,30 : 121.02"
"19,31 : 434.95"
"19,32 : 341.0"
"19,33 : 587.99"
"19,34 : 391.17"
"19,35 : 469.0"
"19,36 : 169.65"
"19,37 : 299.4"
"19,38 : 141.76"
"19,39 : 170.32"
"19,40 : 573.2"
"19,41 : 692.38"
"19,42 : 518.54"
"19,43 : 390.58"
"19,44 : 381.08"
"19,45 : 252.3"
"19,46 : 464.62"
"19,47 : 347.73"
"19,48 : 566.26"
"19,49 : 628.67"
"19,50 : 830.89"
"19,51 : 462.9"
"19,52 : 808.72"
"19,53 : 674.79"
"19,54 : 677.29"
"19,55 : 173.25"
"19,56 : 281.51"
"19,57 : 762.51"
"19,58 : 374.06"
"19,59 : 309.61"
"19,60 : 389.12"
"19,61 : 471.67"
"19,62 : 235.48"
"19,63 : 639.14"
"19,64 : 280.22"
"19,65 : 162.98"
"19,66 : 185.44"
"19,67 : 187.21"
"19,68 : 409.85"
"19,69 : 460.92"
"19,70 : 514.81"
"19,71 : 444.1"
"19,72 : 560.63"
"19,73 : 251.32"
"19,74 : 342.37"
"19,75 : 624.12"
"19,76 : 524.39"
"19,77 : 700.24"
"19,78 : 117.99"
"19,79 : 383.28"
"19,80 : 396.91"
"19,81 : 437.1"
"19,82 : 233.45"
"19,83 : 498.73"
"19,84 : 562.17"
"19,85 : 554.01"
"19,86 : 513.05"
"19,87 : 188.96"
"19,88 : 254.37"
"19,89 : 330.3"
"19,90 : 385.33"
"19,91 : 601.02"
"19,92 : 379.8"
"19,93 : 256.12"
"19,94 : 870.45"
"19,95 : 258.3"
"19,96 : 251.21"
"19,97 : 586.61"
"19,98 : 247.89"
"19,99 : 498.45"
"20,0 : 516.63"
"20,1 : 776.23"
"20,2 : 453.45"
"20,3 : 657.18"
"20,4 : 426.17"
"20,5 : 234.8"
"20,6 : 259.38"
"20,7 : 333.68"
"20,8 : 476.49"
"20,9 : 364.86"
"20,10 : 654.78"
"20,11 : 450.49"
"20,12 : 676.85"
"20,13 : 654.22"
"20,14 : 847.37"
"20,15 : 234.56"
"20,16 : 583.55"
"20,17 : 313.27"
"20,18 : 66.53"
"20,19 : 386.25"
"20,20 : 0.0"
"20,21 : 266.41"
"20,22 : 390.28"
"20,23 : 328.07"
"20,24 : 837.17"
"20,25 : 516.25"
"20,26 : 751.62"
"20,27 : 683.83"
"20,28 : 726.0"
"20,29 : 168.13"
"20,30 : 507.07"
"20,31 : 753.27"
"20,32 : 232.72"
"20,33 : 881.89"
"20,34 : 733.19"
"20,35 : 662.46"
"20,36 : 520.87"
"20,37 : 340.41"
"20,38 : 249.16"
"20,39 : 382.38"
"20,40 : 756.47"
"20,41 : 549.85"
"20,42 : 725.16"
"20,43 : 710.96"
"20,44 : 332.88"
"20,45 : 573.48"
"20,46 : 193.4"
"20,47 : 400.52"
"20,48 : 589.14"
"20,49 : 828.51"
"20,50 : 647.33"
"20,51 : 780.93"
"20,52 : 594.08"
"20,53 : 431.61"
"20,54 : 632.56"
"20,55 : 516.9"
"20,56 : 653.14"
"20,57 : 560.98"
"20,58 : 318.47"
"20,59 : 296.52"
"20,60 : 336.88"
"20,61 : 310.9"
"20,62 : 156.89"
"20,63 : 658.94"
"20,64 : 286.84"
"20,65 : 376.77"
"20,66 : 466.93"
"20,67 : 225.32"
"20,68 : 728.37"
"20,69 : 660.43"
"20,70 : 451.96"
"20,71 : 148.96"
"20,72 : 315.75"
"20,73 : 387.87"
"20,74 : 695.13"
"20,75 : 587.93"
"20,76 : 741.44"
"20,77 : 454.83"
"20,78 : 448.09"
"20,79 : 648.18"
"20,80 : 360.63"
"20,81 : 247.05"
"20,82 : 155.26"
"20,83 : 557.07"
"20,84 : 432.09"
"20,85 : 606.11"
"20,86 : 226.32"
"20,87 : 308.14"
"20,88 : 398.01"
"20,89 : 498.6"
"20,90 : 751.94"
"20,91 : 894.04"
"20,92 : 735.49"
"20,93 : 322.47"
"20,94 : 685.46"
"20,95 : 347.02"
"20,96 : 260.22"
"20,97 : 827.33"
"20,98 : 308.31"
"20,99 : 130.6"
"21,0 : 731.82"
"21,1 : 947.65"
"21,2 : 546.92"
"21,3 : 923.41"
"21,4 : 688.11"
"21,5 : 59.03"
"21,6 : 459.03"
"21,7 : 427.45"
"21,8 : 721.54"
"21,9 : 567.65"
"21,10 : 920.04"
"21,11 : 679.2"
"21,12 : 868.02"
"21,13 : 811.45"
"21,14 : 1112.31"
"21,15 : 457.92"
"21,16 : 828.79"
"21,17 : 571.27"
"21,18 : 273.22"
"21,19 : 620.54"
"21,20 : 266.41"
"21,21 : 0.0"
"21,22 : 626.62"
"21,23 : 539.69"
"21,24 : 1102.5"
"21,25 : 772.71"
"21,26 : 995.95"
"21,27 : 910.49"
"21,28 : 873.34"
"21,29 : 417.46"
"21,30 : 736.29"
"21,31 : 1015.54"
"21,32 : 488.02"
"21,33 : 1147.43"
"21,34 : 990.83"
"21,35 : 927.35"
"21,36 : 721.68"
"21,37 : 603.86"
"21,38 : 479.05"
"21,39 : 558.36"
"21,40 : 1019.25"
"21,41 : 729.93"
"21,42 : 990.21"
"21,43 : 873.0"
"21,44 : 387.64"
"21,45 : 751.19"
"21,46 : 390.71"
"21,47 : 660.96"
"21,48 : 829.69"
"21,49 : 1091.99"
"21,50 : 789.04"
"21,51 : 1043.49"
"21,52 : 720.17"
"21,53 : 565.15"
"21,54 : 848.12"
"21,55 : 714.2"
"21,56 : 857.35"
"21,57 : 702.02"
"21,58 : 569.42"
"21,59 : 403.19"
"21,60 : 385.85"
"21,61 : 286.23"
"21,62 : 414.47"
"21,63 : 893.92"
"21,64 : 414.27"
"21,65 : 555.99"
"21,66 : 728.23"
"21,67 : 485.67"
"21,68 : 990.38"
"21,69 : 925.7"
"21,70 : 680.8"
"21,71 : 353.76"
"21,72 : 193.79"
"21,73 : 654.25"
"21,74 : 949.43"
"21,75 : 810.65"
"21,76 : 1006.94"
"21,77 : 581.04"
"21,78 : 701.25"
"21,79 : 783.36"
"21,80 : 609.68"
"21,81 : 470.06"
"21,82 : 392.32"
"21,83 : 807.84"
"21,84 : 637.3"
"21,85 : 852.63"
"21,86 : 393.45"
"21,87 : 573.21"
"21,88 : 534.65"
"21,89 : 611.5"
"21,90 : 946.37"
"21,91 : 1159.67"
"21,92 : 989.26"
"21,93 : 588.45"
"21,94 : 821.62"
"21,95 : 480.88"
"21,96 : 526.41"
"21,97 : 1093.42"
"21,98 : 574.51"
"21,99 : 135.88"
"22,0 : 143.28"
"22,1 : 884.45"
"22,2 : 731.82"
"22,3 : 424.21"
"22,4 : 160.23"
"22,5 : 612.25"
"22,6 : 482.93"
"22,7 : 643.68"
"22,8 : 466.42"
"22,9 : 115.12"
"22,10 : 367.04"
"22,11 : 509.12"
"22,12 : 320.54"
"22,13 : 808.43"
"22,14 : 617.98"
"22,15 : 431.72"
"22,16 : 535.77"
"22,17 : 332.42"
"22,18 : 357.1"
"22,19 : 457.62"
"22,20 : 390.28"
"22,21 : 626.62"
"22,22 : 0.0"
"22,23 : 109.18"
"22,24 : 533.54"
"22,25 : 178.31"
"22,26 : 669.63"
"22,27 : 678.64"
"22,28 : 883.45"
"22,29 : 222.4"
"22,30 : 542.49"
"22,31 : 566.06"
"22,32 : 168.15"
"22,33 : 639.29"
"22,34 : 585.49"
"22,35 : 368.09"
"22,36 : 625.49"
"22,37 : 159.91"
"22,38 : 420.62"
"22,39 : 582.33"
"22,40 : 432.54"
"22,41 : 235.49"
"22,42 : 426.17"
"22,43 : 846.73"
"22,44 : 670.16"
"22,45 : 709.9"
"22,46 : 240.42"
"22,47 : 136.3"
"22,48 : 203.07"
"22,49 : 505.95"
"22,50 : 377.49"
"22,51 : 587.1"
"22,52 : 368.06"
"22,53 : 276.15"
"22,54 : 249.97"
"22,55 : 630.32"
"22,56 : 715.44"
"22,57 : 319.33"
"22,58 : 90.48"
"22,59 : 608.4"
"22,60 : 676.63"
"22,61 : 686.84"
"22,62 : 339.52"
"22,63 : 269.43"
"22,64 : 584.52"
"22,65 : 573.85"
"22,66 : 365.83"
"22,67 : 314.01"
"22,68 : 547.57"
"22,69 : 372.02"
"22,70 : 65.76"
"22,71 : 273.13"
"22,72 : 705.9"
"22,73 : 229.64"
"22,74 : 575.12"
"22,75 : 201.0"
"22,76 : 447.93"
"22,77 : 297.05"
"22,78 : 411.75"
"22,79 : 837.11"
"22,80 : 60.83"
"22,81 : 157.31"
"22,82 : 394.56"
"22,83 : 191.34"
"22,84 : 110.94"
"22,85 : 228.4"
"22,86 : 256.8"
"22,87 : 268.93"
"22,88 : 645.86"
"22,89 : 746.42"
"22,90 : 817.4"
"22,91 : 648.58"
"22,92 : 610.9"
"22,93 : 201.73"
"22,94 : 416.25"
"22,95 : 615.39"
"22,96 : 219.15"
"22,97 : 538.89"
"22,98 : 209.9"
"22,99 : 501.02"
"23,0 : 193.06"
"23,1 : 926.84"
"23,2 : 722.42"
"23,3 : 525.75"
"23,4 : 253.79"
"23,5 : 532.4"
"23,6 : 477.75"
"23,7 : 621.34"
"23,8 : 522.46"
"23,9 : 40.25"
"23,10 : 474.38"
"23,11 : 550.54"
"23,12 : 349.05"
"23,13 : 837.22"
"23,14 : 721.97"
"23,15 : 428.51"
"23,16 : 604.63"
"23,17 : 365.72"
"23,18 : 281.58"
"23,19 : 491.81"
"23,20 : 328.07"
"23,21 : 539.69"
"23,22 : 109.18"
"23,23 : 0.0"
"23,24 : 642.65"
"23,25 : 287.2"
"23,26 : 750.15"
"23,27 : 742.97"
"23,28 : 913.03"
"23,29 : 173.95"
"23,30 : 591.77"
"23,31 : 663.46"
"23,32 : 155.13"
"23,33 : 744.9"
"23,34 : 676.58"
"23,35 : 476.01"
"23,36 : 661.3"
"23,37 : 220.49"
"23,38 : 423.21"
"23,39 : 590.53"
"23,40 : 541.67"
"23,41 : 228.0"
"23,42 : 534.81"
"23,43 : 881.28"
"23,44 : 638.6"
"23,45 : 740.63"
"23,46 : 149.26"
"23,47 : 225.14"
"23,48 : 299.87"
"23,49 : 614.99"
"23,50 : 348.75"
"23,51 : 685.9"
"23,52 : 317.78"
"23,53 : 190.06"
"23,54 : 309.96"
"23,55 : 664.06"
"23,56 : 765.06"
"23,57 : 273.03"
"23,58 : 131.22"
"23,59 : 584.28"
"23,60 : 644.22"
"23,61 : 637.02"
"23,62 : 322.76"
"23,63 : 357.4"
"23,64 : 564.09"
"23,65 : 582.38"
"23,66 : 437.13"
"23,67 : 320.81"
"23,68 : 643.57"
"23,69 : 479.48"
"23,70 : 145.21"
"23,71 : 189.84"
"23,72 : 640.2"
"23,73 : 300.34"
"23,74 : 660.74"
"23,75 : 270.96"
"23,76 : 556.39"
"23,77 : 214.31"
"23,78 : 470.34"
"23,79 : 857.07"
"23,80 : 138.23"
"23,81 : 81.88"
"23,82 : 373.92"
"23,83 : 298.8"
"23,84 : 104.02"
"23,85 : 330.93"
"23,86 : 153.81"
"23,87 : 307.67"
"23,88 : 643.21"
"23,89 : 746.97"
"23,90 : 868.89"
"23,91 : 754.54"
"23,92 : 698.32"
"23,93 : 251.46"
"23,94 : 388.73"
"23,95 : 605.36"
"23,96 : 240.6"
