x,y
412,499
926,519
168,654
226,269
311,67
438,379
504,533
683,595
341,111
428,506
786,994
945,355
131,876
373,512
805,336
915,248
276,574
668,339
755,571
397,118
698,622
259,4
44,816
915,661
401,559
742,767
785,103
626,157
458,197
674,441
823,702
2,398
552,649
967,158
62,304
916,196
352,961
455,15
8,939
60,572
30,795
72,692
330,216
550,342
135,501
432,950
225,697
862,862
103,704
525,0
175,672
117,631
370,676
772,982
495,193
653,149
275,127
180,279
578,112
875,590
701,50
118,192
470,164
35,815
939,991
502,578
814,336
702,306
442,763
304,471
731,246
642,134
839,688
698,72
270,459
46,614
162,294
140,124
223,505
603,181
977,100
430,283
696,213
260,437
340,232
148,792
347,920
393,379
324,30
190,555
985,837
376,561
804,646
477,336
778,697
578,826
310,989
742,586
533,745
359,905

Distanze
"0,0 : 0.0"
"0,1 : 514.39"
"0,2 : 289.07"
"0,3 : 295.8"
"0,4 : 443.65"
"0,5 : 122.78"
"0,6 : 98.08"
"0,7 : 287.5"
"0,8 : 394.44"
"0,9 : 17.46"
"0,10 : 620.4"
"0,11 : 552.11"
"0,12 : 470.2"
"0,13 : 41.11"
"0,14 : 425.46"
"0,15 : 562.15"
"0,16 : 155.31"
"0,17 : 301.89"
"0,18 : 350.48"
"0,19 : 381.3"
"0,20 : 311.33"
"0,21 : 518.11"
"0,22 : 485.71"
"0,23 : 528.44"
"0,24 : 61.0"
"0,25 : 425.12"
"0,26 : 544.01"
"0,27 : 403.44"
"0,28 : 305.48"
"0,29 : 268.34"
"0,30 : 458.4"
"0,31 : 422.26"
"0,32 : 205.18"
"0,33 : 651.39"
"0,34 : 400.66"
"0,35 : 588.07"
"0,36 : 465.88"
"0,37 : 485.91"
"0,38 : 597.34"
"0,39 : 359.49"
"0,40 : 483.26"
"0,41 : 390.96"
"0,42 : 294.64"
"0,43 : 209.03"
"0,44 : 277.01"
"0,45 : 451.44"
"0,46 : 272.35"
"0,47 : 578.16"
"0,48 : 370.82"
"0,49 : 511.63"
"0,50 : 293.42"
"0,51 : 323.19"
"0,52 : 181.91"
"0,53 : 602.4"
"0,54 : 317.06"
"0,55 : 424.95"
"0,56 : 396.43"
"0,57 : 319.72"
"0,58 : 421.1"
"0,59 : 471.86"
"0,60 : 533.97"
"0,61 : 425.07"
"0,62 : 339.98"
"0,63 : 491.92"
"0,64 : 720.97"
"0,65 : 119.75"
"0,66 : 433.79"
"0,67 : 348.35"
"0,68 : 265.7"
"0,69 : 111.57"
"0,70 : 407.15"
"0,71 : 431.42"
"0,72 : 466.96"
"0,73 : 513.93"
"0,74 : 147.53"
"0,75 : 383.64"
"0,76 : 323.3"
"0,77 : 463.26"
"0,78 : 189.1"
"0,79 : 370.95"
"0,80 : 691.68"
"0,81 : 216.75"
"0,82 : 403.05"
"0,83 : 164.16"
"0,84 : 276.54"
"0,85 : 394.39"
"0,86 : 425.99"
"0,87 : 121.49"
"0,88 : 477.18"
"0,89 : 228.95"
"0,90 : 665.26"
"0,91 : 71.69"
"0,92 : 418.66"
"0,93 : 175.48"
"0,94 : 416.12"
"0,95 : 366.72"
"0,96 : 500.5"
"0,97 : 341.28"
"0,98 : 274.15"
"0,99 : 409.44"
"1,0 : 514.39"
"1,1 : 0.0"
"1,2 : 769.93"
"1,3 : 743.3"
"1,4 : 763.24"
"1,5 : 507.68"
"1,6 : 422.23"
"1,7 : 254.61"
"1,8 : 713.22"
"1,9 : 498.17"
"1,10 : 495.2"
"1,11 : 165.1"
"1,12 : 871.48"
"1,13 : 553.04"
"1,14 : 219.39"
"1,15 : 271.22"
"1,16 : 652.32"
"1,17 : 314.59"
"1,18 : 178.73"
"1,19 : 663.81"
"1,20 : 250.19"
"1,21 : 842.68"
"1,22 : 930.66"
"1,23 : 142.43"
"1,24 : 526.52"
"1,25 : 308.8"
"1,26 : 439.25"
"1,27 : 470.15"
"1,28 : 568.07"
"1,29 : 263.8"
"1,30 : 210.0"
"1,31 : 931.89"
"1,32 : 395.95"
"1,33 : 363.32"
"1,34 : 890.35"
"1,35 : 323.15"
"1,36 : 724.46"
"1,37 : 689.82"
"1,38 : 1009.52"
"1,39 : 867.62"
"1,40 : 937.55"
"1,41 : 871.35"
"1,42 : 668.6"
"1,43 : 415.58"
"1,44 : 791.2"
"1,45 : 655.59"
"1,46 : 723.25"
"1,47 : 348.92"
"1,48 : 843.54"
"1,49 : 655.87"
"1,50 : 766.43"
"1,51 : 816.72"
"1,52 : 577.74"
"1,53 : 487.94"
"1,54 : 540.4"
"1,55 : 459.81"
"1,56 : 759.91"
"1,57 : 783.66"
"1,58 : 535.49"
"1,59 : 87.42"
"1,60 : 520.18"
"1,61 : 871.66"
"1,62 : 577.89"
"1,63 : 938.88"
"1,64 : 472.18"
"1,65 : 428.09"
"1,66 : 214.55"
"1,67 : 309.1"
"1,68 : 542.03"
"1,69 : 623.85"
"1,70 : 335.49"
"1,71 : 478.42"
"1,72 : 190.08"
"1,73 : 501.79"
"1,74 : 658.74"
"1,75 : 885.11"
"1,76 : 796.44"
"1,77 : 879.67"
"1,78 : 703.14"
"1,79 : 467.52"
"1,80 : 422.09"
"1,81 : 549.28"
"1,82 : 382.8"
"1,83 : 671.03"
"1,84 : 652.51"
"1,85 : 824.51"
"1,86 : 704.3"
"1,87 : 551.08"
"1,88 : 775.58"
"1,89 : 736.88"
"1,90 : 323.43"
"1,91 : 551.6"
"1,92 : 176.11"
"1,93 : 484.86"
"1,94 : 231.49"
"1,95 : 464.06"
"1,96 : 774.83"
"1,97 : 195.82"
"1,98 : 453.35"
"1,99 : 685.92"
"2,0 : 289.07"
"2,1 : 769.93"
"2,2 : 0.0"
"2,3 : 389.34"
"2,4 : 604.17"
"2,5 : 385.39"
"2,6 : 357.12"
"2,7 : 518.37"
"2,8 : 569.89"
"2,9 : 299.17"
"2,10 : 705.35"
"2,11 : 832.54"
"2,12 : 225.06"
"2,13 : 249.38"
"2,14 : 711.96"
"2,15 : 850.2"
"2,16 : 134.4"
"2,17 : 590.95"
"2,18 : 592.84"
"2,19 : 582.87"
"2,20 : 530.97"
"2,21 : 656.34"
"2,22 : 204.01"
"2,23 : 747.03"
"2,24 : 251.62"
"2,25 : 585.02"
"2,26 : 827.22"
"2,27 : 675.85"
"2,28 : 541.25"
"2,29 : 549.0"
"2,30 : 656.76"
"2,31 : 305.11"
"2,32 : 384.03"
"2,33 : 940.43"
"2,34 : 365.7"
"2,35 : 877.08"
"2,36 : 357.92"
"2,37 : 700.49"
"2,38 : 326.84"
"2,39 : 135.6"
"2,40 : 197.29"
"2,41 : 103.25"
"2,42 : 467.0"
"2,43 : 493.22"
"2,44 : 156.52"
"2,45 : 396.63"
"2,46 : 71.4"
"2,47 : 724.5"
"2,48 : 82.01"
"2,49 : 745.09"
"2,50 : 19.31"
"2,51 : 55.95"
"2,52 : 203.19"
"2,53 : 687.31"
"2,54 : 565.2"
"2,55 : 700.18"
"2,56 : 537.75"
"2,57 : 375.19"
"2,58 : 679.61"
"2,59 : 709.89"
"2,60 : 805.55"
"2,61 : 464.7"
"2,62 : 575.59"
"2,63 : 208.83"
"2,64 : 841.43"
"2,65 : 342.54"
"2,66 : 720.03"
"2,67 : 637.39"
"2,68 : 294.88"
"2,69 : 228.0"
"2,70 : 695.29"
"2,71 : 703.62"
"2,72 : 671.86"
"2,73 : 787.16"
"2,74 : 220.07"
"2,75 : 128.39"
"2,76 : 360.05"
"2,77 : 530.74"
"2,78 : 158.83"
"2,79 : 642.61"
"2,80 : 980.51"
"2,81 : 454.19"
"2,82 : 687.94"
"2,83 : 235.7"
"2,84 : 455.71"
"2,85 : 139.44"
"2,86 : 320.62"
"2,87 : 355.32"
"2,88 : 643.2"
"2,89 : 101.41"
"2,90 : 837.24"
"2,91 : 227.84"
"2,92 : 636.05"
"2,93 : 443.4"
"2,94 : 611.51"
"2,95 : 444.62"
"2,96 : 363.85"
"2,97 : 578.01"
"2,98 : 376.17"
"2,99 : 315.41"
"3,0 : 295.8"
"3,1 : 743.3"
"3,2 : 389.34"
"3,3 : 0.0"
"3,4 : 219.16"
"3,5 : 238.84"
"3,6 : 383.38"
"3,7 : 561.36"
"3,8 : 195.42"
"3,9 : 311.4"
"3,10 : 916.09"
"3,11 : 724.12"
"3,12 : 614.39"
"3,13 : 284.0"
"3,14 : 582.86"
"3,15 : 689.32"
"3,16 : 309.07"
"3,17 : 447.51"
"3,18 : 609.13"
"3,19 : 228.13"
"3,20 : 589.4"
"3,21 : 267.05"
"3,22 : 576.48"
"3,23 : 792.71"
"3,24 : 338.71"
"3,25 : 717.12"
"3,26 : 583.13"
"3,27 : 415.38"
"3,28 : 242.92"
"3,29 : 479.88"
"3,30 : 737.49"
"3,31 : 258.49"
"3,32 : 500.68"
"3,33 : 749.27"
"3,34 : 167.69"
"3,35 : 693.85"
"3,36 : 703.38"
"3,37 : 341.99"
"3,38 : 704.57"
"3,39 : 345.49"
"3,40 : 561.33"
"3,41 : 450.16"
"3,42 : 116.73"
"3,43 : 332.12"
"3,44 : 249.21"
"3,45 : 711.48"
"3,46 : 428.0"
"3,47 : 869.57"
"3,48 : 452.06"
"3,49 : 402.2"
"3,50 : 406.21"
"3,51 : 378.05"
"3,52 : 431.72"
"3,53 : 898.05"
"3,54 : 279.53"
"3,55 : 443.54"
"3,56 : 150.22"
"3,57 : 47.07"
"3,58 : 385.43"
"3,59 : 724.05"
"3,60 : 523.05"
"3,61 : 132.64"
"3,62 : 265.63"
"3,63 : 578.44"
"3,64 : 1014.72"
"3,65 : 414.32"
"3,66 : 591.8"
"3,67 : 477.44"
"3,68 : 539.16"
"3,69 : 216.54"
"3,70 : 505.52"
"3,71 : 437.36"
"3,72 : 742.52"
"3,73 : 511.46"
"3,74 : 195.03"
"3,75 : 389.13"
"3,76 : 68.71"
"3,77 : 168.59"
"3,78 : 236.02"
"3,79 : 387.13"
"3,80 : 769.78"
"3,81 : 204.48"
"3,82 : 473.32"
"3,83 : 171.41"
"3,84 : 119.85"
"3,85 : 528.78"
"3,86 : 662.15"
"3,87 : 199.97"
"3,88 : 258.31"
"3,89 : 288.26"
"3,90 : 948.0"
"3,91 : 328.27"
"3,92 : 690.08"
"3,93 : 259.79"
"3,94 : 698.49"
"3,95 : 658.9"
"3,96 : 724.88"
"3,97 : 605.59"
"3,98 : 566.41"
"3,99 : 649.76"
"4,0 : 443.65"
"4,1 : 763.24"
"4,2 : 604.17"
"4,3 : 219.16"
"4,4 : 0.0"
"4,5 : 336.86"
"4,6 : 504.39"
"4,7 : 645.89"
"4,8 : 53.25"
"4,9 : 454.32"
"4,10 : 1041.61"
"4,11 : 696.35"
"4,12 : 828.78"
"4,13 : 449.3"
"4,14 : 562.49"
"4,15 : 630.54"
"4,16 : 508.21"
"4,17 : 448.81"
"4,18 : 671.68"
"4,19 : 99.98"
"4,20 : 676.6"
"4,21 : 81.69"
"4,22 : 795.17"
"4,23 : 847.14"
"4,24 : 500.16"
"4,25 : 822.05"
"4,26 : 475.37"
"4,27 : 327.6"
"4,28 : 196.24"
"4,29 : 521.2"
"4,30 : 815.7"
"4,31 : 452.82"
"4,32 : 629.92"
"4,33 : 662.28"
"4,34 : 343.76"
"4,35 : 618.6"
"4,36 : 894.94"
"4,37 : 153.1"
"4,38 : 923.14"
"4,39 : 563.94"
"4,40 : 780.35"
"4,41 : 669.14"
"4,42 : 150.21"
"4,43 : 364.34"
"4,44 : 468.33"
"4,45 : 891.25"
"4,46 : 635.84"
"4,47 : 967.28"
"4,48 : 670.1"
"4,49 : 224.24"
"4,50 : 620.1"
"4,51 : 596.43"
"4,52 : 611.85"
"4,53 : 1024.57"
"4,54 : 223.01"
"4,55 : 351.69"
"4,56 : 69.97"
"4,57 : 249.21"
"4,58 : 270.77"
"4,59 : 769.17"
"4,60 : 390.37"
"4,61 : 229.94"
"4,62 : 186.25"
"4,63 : 797.3"
"4,64 : 1117.21"
"4,65 : 545.53"
"4,66 : 570.41"
"4,67 : 458.26"
"4,68 : 708.22"
"4,69 : 404.06"
"4,70 : 456.55"
"4,71 : 337.71"
"4,72 : 815.12"
"4,73 : 387.03"
"4,74 : 394.14"
"4,75 : 607.81"
"4,76 : 271.53"
"4,77 : 180.25"
"4,78 : 446.75"
"4,79 : 313.46"
"4,80 : 666.82"
"4,81 : 246.61"
"4,82 : 411.75"
"4,83 : 373.5"
"4,84 : 167.53"
"4,85 : 743.1"
"4,86 : 853.76"
"4,87 : 322.6"
"4,88 : 39.22"
"4,89 : 502.78"
"4,90 : 1023.32"
"4,91 : 498.26"
"4,92 : 760.45"
"4,93 : 316.1"
"4,94 : 784.21"
"4,95 : 804.59"
"4,96 : 922.0"
"4,97 : 674.63"
"4,98 : 713.42"
"4,99 : 839.37"
"5,0 : 122.78"
"5,1 : 507.68"
"5,2 : 385.39"
"5,3 : 238.84"
"5,4 : 336.86"
"5,5 : 0.0"
"5,6 : 167.55"
"5,7 : 326.62"
"5,8 : 285.01"
"5,9 : 127.39"
"5,10 : 706.63"
"5,11 : 507.57"
"5,12 : 584.17"
"5,13 : 148.03"
"5,14 : 369.51"
"5,15 : 494.66"
"5,16 : 253.51"
"5,17 : 233.45"
"5,18 : 370.61"
"5,19 : 264.2"
"5,20 : 355.88"
"5,21 : 415.53"
"5,22 : 588.39"
"5,23 : 554.12"
"5,24 : 183.76"
"5,25 : 492.91"
"5,26 : 443.38"
"5,27 : 290.91"
"5,28 : 183.1"
"5,29 : 244.01"
"5,30 : 502.55"
"5,31 : 436.41"
"5,32 : 293.08"
"5,33 : 573.31"
"5,34 : 383.41"
"5,35 : 511.83"
"5,36 : 588.32"
"5,37 : 364.4"
"5,38 : 706.05"
"5,39 : 424.42"
"5,40 : 582.68"
"5,41 : 481.59"
"5,42 : 195.53"
"5,43 : 117.95"
"5,44 : 326.64"
"5,45 : 571.03"
"5,46 : 382.74"
"5,47 : 642.7"
"5,48 : 466.74"
"5,49 : 388.86"
"5,50 : 393.72"
"5,51 : 408.1"
"5,52 : 304.69"
"5,53 : 689.32"
"5,54 : 194.54"
"5,55 : 314.84"
"5,56 : 300.12"
"5,57 : 276.7"
"5,58 : 301.48"
"5,59 : 485.27"
"5,60 : 421.2"
"5,61 : 370.63"
"5,62 : 217.37"
"5,63 : 593.72"
"5,64 : 790.91"
"5,65 : 209.04"
"5,66 : 378.45"
"5,67 : 273.91"
"5,68 : 384.02"
"5,69 : 162.54"
"5,70 : 321.77"
"5,71 : 318.81"
"5,72 : 506.24"
"5,73 : 402.3"
"5,74 : 186.08"
"5,75 : 457.04"
"5,76 : 288.79"
"5,77 : 392.21"
"5,78 : 249.2"
"5,79 : 257.74"
"5,80 : 606.93"
"5,81 : 96.33"
"5,82 : 306.79"
"5,83 : 187.21"
"5,84 : 176.67"
"5,85 : 504.65"
"5,86 : 548.6"
"5,87 : 45.0"
"5,88 : 367.15"
"5,89 : 304.11"
"5,90 : 713.42"
"5,91 : 192.27"
"5,92 : 453.04"
"5,93 : 58.05"
"5,94 : 465.54"
"5,95 : 468.41"
"5,96 : 623.28"
"5,97 : 367.78"
"5,98 : 378.13"
"5,99 : 531.9"
"6,0 : 98.08"
"6,1 : 422.23"
"6,2 : 357.12"
"6,3 : 383.38"
"6,4 : 504.39"
"6,5 : 167.55"
"6,6 : 0.0"
"6,7 : 189.43"
"6,8 : 452.39"
"6,9 : 80.65"
"6,10 : 540.41"
"6,11 : 475.57"
"6,12 : 506.73"
"6,13 : 132.67"
"6,14 : 359.74"
"6,15 : 500.15"
"6,16 : 231.66"
"6,17 : 254.03"
"6,18 : 253.86"
"6,19 : 428.57"
"6,20 : 213.44"
"6,21 : 582.98"
"6,22 : 540.08"
"6,23 : 430.47"
"6,24 : 106.23"
"6,25 : 333.77"
"6,26 : 513.67"
"6,27 : 395.3"
"6,28 : 339.13"
"6,29 : 193.3"
"6,30 : 361.0"
"6,31 : 519.84"
"6,32 : 125.54"
"6,33 : 595.81"
"6,34 : 497.8"
"6,35 : 532.27"
"6,36 : 454.19"
"6,37 : 520.31"
"6,38 : 640.98"
"6,39 : 445.71"
"6,40 : 541.59"
"6,41 : 460.33"
"6,42 : 361.61"
"6,43 : 196.46"
"6,44 : 370.38"
"6,45 : 423.17"
"6,46 : 323.63"
"6,47 : 486.21"
"6,48 : 435.94"
"6,49 : 533.41"
"6,50 : 357.16"
"6,51 : 399.22"
"6,52 : 195.97"
"6,53 : 522.9"
"6,54 : 340.12"
"6,55 : 411.89"
"6,56 : 466.13"
"6,57 : 411.69"
"6,58 : 427.45"
"6,59 : 375.35"
"6,60 : 521.63"
"6,61 : 515.05"
"6,62 : 370.56"
"6,63 : 547.25"
"6,64 : 631.66"
"6,65 : 45.04"
"6,66 : 367.3"
"6,67 : 301.22"
"6,68 : 238.21"
"6,69 : 209.39"
"6,70 : 365.92"
"6,71 : 422.19"
"6,72 : 369.12"
"6,73 : 500.16"
"6,74 : 245.42"
"6,75 : 465.11"
"6,76 : 417.23"
"6,77 : 547.52"
"6,78 : 282.39"
"6,79 : 365.66"
"6,80 : 641.26"
"6,81 : 260.72"
"6,82 : 373.18"
"6,83 : 262.21"
"6,84 : 342.78"
"6,85 : 440.25"
"6,86 : 417.63"
"6,87 : 189.83"
"6,88 : 534.24"
"6,89 : 314.77"
"6,90 : 569.01"
"6,91 : 131.03"
"6,92 : 320.58"
"6,93 : 198.84"
"6,94 : 319.33"
"6,95 : 302.2"
"6,96 : 495.55"
"6,97 : 243.83"
"6,98 : 213.97"
"6,99 : 399.26"
"7,0 : 287.5"
"7,1 : 254.61"
"7,2 : 518.37"
"7,3 : 561.36"
"7,4 : 645.89"
"7,5 : 326.62"
"7,6 : 189.43"
"7,7 : 0.0"
"7,8 : 592.64"
"7,9 : 270.09"
"7,10 : 412.08"
"7,11 : 355.31"
"7,12 : 619.41"
"7,13 : 320.92"
"7,14 : 286.3"
"7,15 : 417.41"
"7,16 : 407.54"
"7,17 : 256.44"
"7,18 : 75.89"
"7,19 : 556.17"
"7,20 : 30.89"
"7,21 : 727.36"
"7,22 : 676.14"
"7,23 : 241.21"
"7,24 : 284.29"
"7,25 : 181.84"
"7,26 : 502.46"
"7,27 : 441.69"
"7,28 : 457.2"
"7,29 : 154.26"
"7,30 : 176.21"
"7,31 : 708.92"
"7,32 : 141.69"
"7,33 : 521.18"
"7,34 : 685.8"
"7,35 : 462.05"
"7,36 : 493.47"
"7,37 : 623.2"
"7,38 : 757.6"
"7,39 : 623.42"
"7,40 : 682.94"
"7,41 : 618.65"
"7,42 : 517.93"
"7,43 : 285.83"
"7,44 : 556.0"
"7,45 : 434.77"
"7,46 : 469.22"
"7,47 : 321.45"
"7,48 : 590.15"
"7,49 : 615.62"
"7,50 : 513.8"
"7,51 : 567.14"
"7,52 : 323.31"
"7,53 : 397.1"
"7,54 : 443.79"
"7,55 : 447.01"
"7,56 : 620.88"
"7,57 : 594.02"
"7,58 : 494.28"
"7,59 : 192.07"
"7,60 : 545.3"
"7,61 : 694.0"
"7,62 : 480.76"
"7,63 : 684.33"
"7,64 : 471.54"
"7,65 : 181.8"
"7,66 : 290.24"
"7,67 : 289.62"
"7,68 : 293.78"
"7,69 : 398.77"
"7,70 : 352.29"
"7,71 : 462.82"
"7,72 : 181.62"
"7,73 : 523.22"
"7,74 : 434.82"
"7,75 : 637.28"
"7,76 : 601.7"
"7,77 : 718.81"
"7,78 : 468.72"
"7,79 : 421.66"
"7,80 : 575.73"
"7,81 : 401.69"
"7,82 : 382.22"
"7,83 : 451.55"
"7,84 : 499.42"
"7,85 : 570.12"
"7,86 : 467.46"
"7,87 : 361.6"
"7,88 : 669.41"
"7,89 : 494.62"
"7,90 : 387.0"
"7,91 : 308.88"
"7,92 : 131.31"
"7,93 : 330.93"
"7,94 : 139.39"
"7,95 : 253.74"
"7,96 : 542.55"
"7,97 : 59.68"
"7,98 : 212.13"
"7,99 : 448.41"
"8,0 : 394.44"
"8,1 : 713.22"
"8,2 : 569.89"
"8,3 : 195.42"
"8,4 : 53.25"
"8,5 : 285.01"
"8,6 : 452.39"
"8,7 : 592.64"
"8,8 : 0.0"
"8,9 : 404.47"
"8,10 : 988.79"
"8,11 : 651.42"
"8,12 : 793.3"
"8,13 : 402.27"
"8,14 : 515.68"
"8,15 : 590.12"
"8,16 : 467.54"
"8,17 : 398.64"
"8,18 : 618.87"
"8,19 : 56.44"
"8,20 : 623.35"
"8,21 : 134.81"
"8,22 : 765.01"
"8,23 : 794.97"
"8,24 : 452.0"
"8,25 : 768.85"
"8,26 : 444.07"
"8,27 : 288.69"
"8,28 : 145.21"
"8,29 : 468.82"
"8,30 : 762.63"
"8,31 : 444.17"
"8,32 : 577.9"
"8,33 : 627.76"
"8,34 : 339.25"
"8,35 : 581.25"
"8,36 : 850.07"
"8,37 : 149.04"
"8,38 : 892.45"
"8,39 : 539.89"
"8,40 : 751.38"
"8,41 : 640.25"
"8,42 : 105.57"
"8,43 : 311.52"
"8,44 : 441.06"
"8,45 : 843.92"
"8,46 : 597.37"
"8,47 : 914.03"
"8,48 : 638.98"
"8,49 : 214.89"
"8,50 : 585.04"
"8,51 : 566.19"
"8,52 : 565.74"
"8,53 : 971.8"
"8,54 : 174.47"
"8,55 : 314.31"
"8,56 : 67.91"
"8,57 : 232.69"
"8,58 : 237.0"
"8,59 : 717.35"
"8,60 : 365.13"
"8,61 : 237.26"
"8,62 : 139.46"
"8,63 : 767.63"
"8,64 : 1063.96"
"8,65 : 493.97"
"8,66 : 523.79"
"8,67 : 410.3"
"8,68 : 659.78"
"8,69 : 361.9"
"8,70 : 412.7"
"8,71 : 301.88"
"8,72 : 762.19"
"8,73 : 359.12"
"8,74 : 355.17"
"8,75 : 583.12"
"8,76 : 255.99"
"8,77 : 201.42"
"8,78 : 411.29"
"8,79 : 271.19"
"8,80 : 636.1"
"8,81 : 193.66"
"8,82 : 369.36"
"8,83 : 335.91"
"8,84 : 121.0"
"8,85 : 707.82"
"8,86 : 809.02"
"8,87 : 273.0"
"8,88 : 82.76"
"8,89 : 468.97"
"8,90 : 970.47"
"8,91 : 451.36"
"8,92 : 707.53"
"8,93 : 262.91"
"8,94 : 731.0"
"8,95 : 753.26"
"8,96 : 878.55"
"8,97 : 621.63"
"8,98 : 662.43"
"8,99 : 794.2"
"9,0 : 17.46"
"9,1 : 498.17"
"9,2 : 299.17"
"9,3 : 311.4"
"9,4 : 454.32"
"9,5 : 127.39"
"9,6 : 80.65"
"9,7 : 270.09"
"9,8 : 404.47"
"9,9 : 0.0"
"9,10 : 605.23"
"9,11 : 538.6"
"9,12 : 474.46"
"9,13 : 55.33"
"9,14 : 413.56"
"9,15 : 551.12"
"9,16 : 166.52"
"9,17 : 292.39"
"9,18 : 333.4"
"9,19 : 389.24"
"9,20 : 293.86"
"9,21 : 529.68"
"9,22 : 493.51"
"9,23 : 511.07"
"9,24 : 59.48"
"9,25 : 408.31"
"9,26 : 538.38"
"9,27 : 401.25"
"9,28 : 310.45"
"9,29 : 254.44"
"9,30 : 440.95"
"9,31 : 439.48"
"9,32 : 189.27"
"9,33 : 641.58"
"9,34 : 418.04"
"9,35 : 578.14"
"9,36 : 461.3"
"9,37 : 491.74"
"9,38 : 603.23"
"9,39 : 373.87"
"9,40 : 491.86"
"9,41 : 401.66"
"9,42 : 306.11"
"9,43 : 204.4"
"9,44 : 293.04"
"9,45 : 444.02"
"9,46 : 278.73"
"9,47 : 561.33"
"9,48 : 380.56"
"9,49 : 515.21"
"9,50 : 302.6"
"9,51 : 335.18"
"9,52 : 179.62"
"9,53 : 587.29"
"9,54 : 320.09"
"9,55 : 421.99"
"9,56 : 408.72"
"9,57 : 336.2"
"9,58 : 421.59"
"9,59 : 454.82"
"9,60 : 531.47"
"9,61 : 441.24"
"9,62 : 344.57"
"9,63 : 499.93"
"9,64 : 704.52"
"9,65 : 103.25"
"9,66 : 421.78"
"9,67 : 339.23"
"9,68 : 257.38"
"9,69 : 128.84"
"9,70 : 399.26"
"9,71 : 429.16"
"9,72 : 449.49"
"9,73 : 511.13"
"9,74 : 164.84"
"9,75 : 396.97"
"9,76 : 340.15"
"9,77 : 478.4"
"9,78 : 205.0"
"9,79 : 369.12"
"9,80 : 682.82"
"9,81 : 223.01"
"9,82 : 397.08"
"9,83 : 181.62"
"9,84 : 287.78"
"9,85 : 400.24"
"9,86 : 421.85"
"9,87 : 131.73"
"9,88 : 487.23"
"9,89 : 242.99"
"9,90 : 647.93"
"9,91 : 75.69"
"9,92 : 401.22"
"9,93 : 176.92"
"9,94 : 398.72"
"9,95 : 353.41"
"9,96 : 497.21"
"9,97 : 324.03"
"9,98 : 261.05"
"9,99 : 404.92"
"10,0 : 620.4"
"10,1 : 495.2"
"10,2 : 705.35"
"10,3 : 916.09"
"10,4 : 1041.61"
"10,5 : 706.63"
"10,6 : 540.41"
"10,7 : 412.08"
"10,8 : 988.79"
"10,9 : 605.23"
"10,10 : 0.0"
"10,11 : 658.48"
"10,12 : 665.54"
"10,13 : 634.74"
"10,14 : 658.27"
"10,15 : 757.07"
"10,16 : 660.68"
"10,17 : 665.54"
"10,18 : 424.13"
"10,19 : 958.49"
"10,20 : 382.27"
"10,21 : 1121.53"
"10,22 : 763.05"
"10,23 : 357.11"
"10,24 : 580.9"
"10,25 : 231.22"
"10,26 : 891.0"
"10,27 : 852.16"
"10,28 : 861.85"
"10,29 : 564.23"
"10,30 : 294.33"
"10,31 : 984.82"
"10,32 : 416.87"
"10,33 : 855.37"
"10,34 : 1000.14"
"10,35 : 808.52"
"10,36 : 435.25"
"10,37 : 1033.44"
"10,38 : 779.94"
"10,39 : 839.74"
"10,40 : 781.75"
"10,41 : 775.24"
"10,42 : 901.79"
"10,43 : 693.4"
"10,44 : 816.61"
"10,45 : 356.72"
"10,46 : 634.77"
"10,47 : 152.32"
"10,48 : 742.02"
"10,49 : 1027.69"
"10,50 : 690.66"
"10,51 : 761.14"
"10,52 : 523.62"
"10,53 : 18.44"
"10,54 : 852.22"
"10,55 : 855.4"
"10,56 : 1006.38"
"10,57 : 937.26"
"10,58 : 906.19"
"10,59 : 413.69"
"10,60 : 947.82"
"10,61 : 1043.76"
"10,62 : 888.12"
"10,63 : 772.04"
"10,64 : 153.03"
"10,65 : 503.7"
"10,66 : 658.6"
"10,67 : 693.11"
"10,68 : 414.36"
"10,69 : 711.23"
"10,70 : 750.02"
"10,71 : 871.97"
"10,72 : 310.56"
"10,73 : 926.19"
"10,74 : 743.29"
"10,75 : 831.87"
"10,76 : 937.75"
"10,77 : 1083.61"
"10,78 : 745.71"
"10,79 : 833.34"
"10,80 : 914.18"
"10,81 : 795.15"
"10,82 : 786.17"
"10,83 : 766.11"
"10,84 : 882.93"
"10,85 : 669.21"
"10,86 : 445.19"
"10,87 : 729.85"
"10,88 : 1068.99"
"10,89 : 740.23"
"10,90 : 253.48"
"10,91 : 596.31"
"10,92 : 348.47"
"10,93 : 726.94"
"10,94 : 297.11"
"10,95 : 267.37"
"10,96 : 476.03"
"10,97 : 410.37"
"10,98 : 354.98"
"10,99 : 436.18"
"11,0 : 552.11"
"11,1 : 165.1"
"11,2 : 832.54"
"11,3 : 724.12"
"11,4 : 696.35"
"11,5 : 507.57"
"11,6 : 475.57"
"11,7 : 355.31"
"11,8 : 651.42"
"11,9 : 538.6"
"11,10 : 658.48"
"11,11 : 0.0"
"11,12 : 966.46"
"11,13 : 593.16"
"11,14 : 141.28"
"11,15 : 111.13"
"11,16 : 703.93"
"11,17 : 277.46"
"11,18 : 287.67"
"11,19 : 597.05"
"11,20 : 363.73"
"11,21 : 770.58"
"11,22 : 1012.09"
"11,23 : 307.47"
"11,24 : 580.99"
"11,25 : 459.3"
"11,26 : 298.5"
"11,27 : 375.45"
"11,28 : 511.99"
"11,29 : 284.32"
"11,30 : 367.82"
"11,31 : 943.98"
"11,32 : 490.8"
"11,33 : 198.22"
"11,34 : 884.47"
"11,35 : 161.62"
"11,36 : 847.87"
"11,37 : 596.41"
"11,38 : 1104.09"
"11,39 : 911.22"
"11,40 : 1015.3"
"11,41 : 935.79"
"11,42 : 630.51"
"11,43 : 395.21"
"11,44 : 823.05"
"11,45 : 785.62"
"11,46 : 797.1"
"11,47 : 513.75"
"11,48 : 911.46"
"11,49 : 549.93"
"11,50 : 832.7"
"11,51 : 872.79"
"11,52 : 658.53"
"11,53 : 650.43"
"11,54 : 478.27"
"11,55 : 357.35"
"11,56 : 707.73"
"11,57 : 768.77"
"11,58 : 440.16"
"11,59 : 245.2"
"11,60 : 390.59"
"11,61 : 842.91"
"11,62 : 511.96"
"11,63 : 1019.66"
"11,64 : 636.03"
"11,65 : 495.96"
"11,66 : 132.37"
"11,67 : 247.89"
"11,68 : 647.67"
"11,69 : 651.41"
"11,70 : 240.16"
"11,71 : 375.03"
"11,72 : 349.46"
"11,73 : 375.63"
"11,74 : 682.96"
"11,75 : 935.57"
"11,76 : 785.37"
"11,77 : 837.49"
"11,78 : 737.42"
"11,79 : 383.72"
"11,80 : 257.0"
"11,81 : 520.01"
"11,82 : 286.64"
"11,83 : 689.89"
"11,84 : 617.38"
"11,85 : 908.94"
"11,86 : 822.7"
"11,87 : 552.52"
"11,88 : 700.9"
"11,89 : 781.04"
"11,90 : 483.66"
"11,91 : 605.14"
"11,92 : 323.36"
"11,93 : 468.39"
"11,94 : 380.6"
"11,95 : 597.1"
"11,96 : 897.32"
"11,97 : 307.52"
"11,98 : 567.31"
"11,99 : 803.68"
"12,0 : 470.2"
"12,1 : 871.48"
"12,2 : 225.06"
"12,3 : 614.39"
"12,4 : 828.78"
"12,5 : 584.17"
"12,6 : 506.73"
"12,7 : 619.41"
"12,8 : 793.3"
"12,9 : 474.46"
"12,10 : 665.54"
"12,11 : 966.46"
"12,12 : 0.0"
"12,13 : 437.1"
"12,14 : 863.64"
"12,15 : 1004.51"
"12,16 : 335.01"
"12,17 : 759.43"
"12,18 : 694.55"
"12,19 : 803.32"
"12,20 : 621.29"
"12,21 : 881.34"
"12,22 : 105.68"
"12,23 : 812.95"
"12,24 : 416.4"
"12,25 : 620.65"
"12,26 : 1012.54"
"12,27 : 872.92"
"12,28 : 753.64"
"12,29 : 695.75"
"12,30 : 713.54"
"12,31 : 495.1"
"12,32 : 478.3"
"12,33 : 1102.01"
"12,34 : 576.15"
"12,35 : 1038.57"
"12,36 : 236.78"
"12,37 : 919.94"
"12,38 : 138.2"
"12,39 : 312.18"
"12,40 : 129.47"
"12,41 : 193.23"
"12,42 : 689.35"
"12,43 : 678.76"
"12,44 : 375.02"
"12,45 : 309.96"
"12,46 : 202.18"
"12,47 : 731.13"
"12,48 : 174.26"
"12,49 : 960.53"
"12,50 : 208.69"
"12,51 : 245.4"
"12,52 : 311.64"
"12,53 : 649.71"
"12,54 : 773.94"
"12,55 : 894.99"
"12,56 : 762.72"
"12,57 : 599.01"
"12,58 : 885.16"
"12,59 : 797.08"
"12,60 : 1003.58"
"12,61 : 684.12"
"12,62 : 788.58"
"12,63 : 113.74"
"12,64 : 816.14"
"12,65 : 475.86"
"12,66 : 870.68"
"12,67 : 806.81"
"12,68 : 330.89"
"12,69 : 440.4"
"12,70 : 870.0"
"12,71 : 900.94"
"12,72 : 732.54"
"12,73 : 983.82"
"12,74 : 439.56"
"12,75 : 275.44"
"12,76 : 582.83"
"12,77 : 752.05"
"12,78 : 382.24"
"12,79 : 840.12"
"12,80 : 1147.99"
"12,81 : 664.12"
"12,82 : 871.09"
"12,83 : 457.56"
"12,84 : 677.06"
"12,85 : 85.7"
"12,86 : 220.44"
"12,87 : 561.83"
"12,88 : 867.74"
"12,89 : 326.38"
"12,90 : 854.89"
"12,91 : 399.06"
"12,92 : 711.22"
"12,93 : 641.34"
"12,94 : 671.3"
"12,95 : 449.79"
"12,96 : 211.68"
"12,97 : 676.33"
"12,98 : 422.81"
"12,99 : 229.84"
"13,0 : 41.11"
"13,1 : 553.04"
"13,2 : 249.38"
"13,3 : 284.0"
"13,4 : 449.3"
"13,5 : 148.03"
"13,6 : 132.67"
"13,7 : 320.92"
"13,8 : 402.27"
"13,9 : 55.33"
"13,10 : 634.74"
"13,11 : 593.16"
"13,12 : 437.1"
"13,13 : 0.0"
"13,14 : 466.48"
"13,15 : 602.88"
"13,16 : 115.12"
"13,17 : 341.99"
"13,18 : 386.53"
"13,19 : 394.73"
"13,20 : 343.11"
"13,21 : 520.63"
"13,22 : 447.95"
"13,23 : 562.11"
"13,24 : 54.71"
"13,25 : 448.54"
"13,26 : 580.54"
"13,27 : 435.93"
"13,28 : 326.27"
"13,29 : 309.26"
"13,30 : 488.47"
"13,31 : 388.12"
"13,32 : 225.41"
"13,33 : 691.49"
"13,34 : 374.15"
"13,35 : 628.26"
"13,36 : 449.49"
"13,37 : 503.72"
"13,38 : 561.74"
"13,39 : 318.7"
"13,40 : 444.68"
"13,41 : 350.71"
"13,42 : 299.11"
"13,43 : 245.42"
"13,44 : 238.25"
"13,45 : 441.96"
"13,46 : 236.92"
"13,47 : 601.35"
"13,48 : 331.31"
"13,49 : 534.09"
"13,50 : 254.57"
"13,51 : 282.31"
"13,52 : 164.03"
"13,53 : 616.52"
"13,54 : 341.53"
"13,55 : 458.44"
"13,56 : 397.28"
"13,57 : 302.55"
"13,58 : 449.47"
"13,59 : 508.02"
"13,60 : 566.59"
"13,61 : 409.18"
"13,62 : 361.27"
"13,63 : 453.93"
"13,64 : 741.48"
"13,65 : 144.9"
"13,66 : 474.82"
"13,67 : 388.17"
"13,68 : 260.31"
"13,69 : 80.26"
"13,70 : 446.0"
"13,71 : 463.95"
"13,72 : 498.13"
"13,73 : 547.01"
"13,74 : 115.84"
"13,75 : 342.54"
"13,76 : 303.39"
"13,77 : 452.58"
"13,78 : 150.16"
"13,79 : 403.06"
"13,80 : 731.14"
"13,81 : 235.99"
"13,82 : 440.15"
"13,83 : 135.62"
"13,84 : 281.94"
"13,85 : 359.2"
"13,86 : 408.83"
"13,87 : 134.5"
"13,88 : 484.48"
"13,89 : 187.98"
"13,90 : 692.94"
"13,91 : 49.09"
"13,92 : 451.35"
"13,93 : 204.43"
"13,94 : 445.25"
"13,95 : 374.99"
"13,96 : 481.14"
"13,97 : 376.35"
"13,98 : 282.65"
"13,99 : 393.25"
"14,0 : 425.46"
"14,1 : 219.39"
"14,2 : 711.96"
"14,3 : 582.86"
"14,4 : 562.49"
"14,5 : 369.51"
"14,6 : 359.74"
"14,7 : 286.3"
"14,8 : 515.68"
"14,9 : 413.56"
"14,10 : 658.27"
"14,11 : 141.28"
"14,12 : 863.64"
"14,13 : 466.48"
"14,14 : 0.0"
"14,15 : 140.87"
"14,16 : 580.07"
"14,17 : 137.03"
"14,18 : 240.26"
"14,19 : 462.59"
"14,20 : 305.36"
"14,21 : 639.01"
"14,22 : 899.73"
"14,23 : 343.11"
"14,24 : 461.46"
"14,25 : 435.58"
"14,26 : 233.86"
"14,27 : 253.14"
"14,28 : 373.8"
"14,29 : 167.89"
"14,30 : 366.44"
"14,31 : 805.39"
"14,32 : 402.46"
"14,33 : 240.68"
"14,34 : 743.69"
"14,35 : 178.66"
"14,36 : 771.9"
"14,37 : 474.91"
"14,38 : 999.41"
"14,39 : 781.49"
"14,40 : 900.73"
"14,41 : 814.88"
"14,42 : 489.92"
"14,43 : 255.07"
"14,44 : 690.02"
"14,45 : 718.42"
"14,46 : 683.17"
"14,47 : 529.08"
"14,48 : 792.61"
"14,49 : 437.37"
"14,50 : 714.0"
"14,51 : 748.58"
"14,52 : 552.11"
"14,53 : 646.84"
"14,54 : 341.39"
"14,55 : 240.98"
"14,56 : 569.72"
"14,57 : 627.59"
"14,58 : 318.91"
"14,59 : 263.47"
"14,60 : 304.32"
"14,61 : 701.93"
"14,62 : 376.58"
"14,63 : 906.83"
"14,64 : 668.57"
"14,65 : 387.78"
"14,66 : 9.0"
"14,67 : 107.28"
"14,68 : 560.44"
"14,69 : 518.87"
"14,70 : 116.52"
"14,71 : 259.56"
"14,72 : 353.64"
"14,73 : 284.86"
"14,74 : 548.96"
"14,75 : 808.31"
"14,76 : 644.37"
"14,77 : 697.97"
"14,78 : 606.04"
"14,79 : 254.62"
"14,80 : 292.03"
"14,81 : 378.73"
"14,82 : 164.35"
"14,83 : 554.28"
"14,84 : 476.49"
"14,85 : 799.74"
"14,86 : 742.17"
"14,87 : 414.24"
"14,88 : 570.09"
"14,89 : 652.83"
"14,90 : 532.35"
"14,91 : 484.42"
"14,92 : 310.0"
"14,93 : 328.0"
"14,94 : 362.01"
"14,95 : 540.03"
"14,96 : 819.41"
"14,97 : 257.82"
"14,98 : 491.19"
"14,99 : 722.96"
"15,0 : 562.15"
"15,1 : 271.22"
"15,2 : 850.2"
"15,3 : 689.32"
"15,4 : 630.54"
"15,5 : 494.66"
"15,6 : 500.15"
"15,7 : 417.41"
"15,8 : 590.12"
"15,9 : 551.12"
"15,10 : 757.07"
"15,11 : 111.13"
"15,12 : 1004.51"
"15,13 : 602.88"
"15,14 : 140.87"
"15,15 : 0.0"
"15,16 : 717.35"
"15,17 : 263.23"
"15,18 : 360.46"
"15,19 : 534.06"
"15,20 : 432.39"
"15,21 : 699.91"
"15,22 : 1039.84"
"15,23 : 413.0"
"15,24 : 600.76"
"15,25 : 547.07"
"15,26 : 194.74"
"15,27 : 302.99"
"15,28 : 459.84"
"15,29 : 308.76"
"15,30 : 463.23"
"15,31 : 925.24"
"15,32 : 540.9"
"15,33 : 103.94"
"15,34 : 854.84"
"15,35 : 52.01"
"15,36 : 908.48"
"15,37 : 515.64"
"15,38 : 1140.23"
"15,39 : 914.33"
"15,40 : 1040.4"
"15,41 : 952.78"
"15,42 : 585.87"
"15,43 : 376.91"
"15,44 : 820.01"
"15,45 : 852.11"
"15,46 : 823.23"
"15,47 : 616.28"
"15,48 : 931.28"
"15,49 : 462.17"
"15,50 : 852.86"
"15,51 : 885.15"
"15,52 : 692.97"
"15,53 : 747.8"
"15,54 : 423.59"
"15,55 : 280.08"
"15,56 : 651.34"
"15,57 : 735.65"
"15,58 : 363.41"
"15,59 : 344.33"
"15,60 : 291.55"
"15,61 : 798.96"
"15,62 : 452.86"
"15,63 : 1046.85"
"15,64 : 743.39"
"15,65 : 528.65"
"15,66 : 133.96"
"15,67 : 220.76"
"15,68 : 699.25"
"15,69 : 650.42"
"15,70 : 184.01"
"15,71 : 295.85"
"15,72 : 446.52"
"15,73 : 279.4"
"15,74 : 678.64"
"15,75 : 942.93"
"15,76 : 754.4"
"15,77 : 784.86"
"15,78 : 738.18"
"15,79 : 319.11"
"15,80 : 160.46"
"15,81 : 486.26"
"15,82 : 221.78"
"15,83 : 681.72"
"15,84 : 575.22"
"15,85 : 940.33"
"15,86 : 879.89"
"15,87 : 538.19"
"15,88 : 629.92"
"15,89 : 787.32"
"15,90 : 593.15"
"15,91 : 623.29"
"15,92 : 413.19"
"15,93 : 446.75"
"15,94 : 469.44"
"15,95 : 669.07"
"15,96 : 956.61"
"15,97 : 379.7"
"15,98 : 626.84"
"15,99 : 860.69"
"16,0 : 155.31"
"16,1 : 652.32"
"16,2 : 134.4"
"16,3 : 309.07"
"16,4 : 508.21"
"16,5 : 253.51"
"16,6 : 231.66"
"16,7 : 407.54"
"16,8 : 467.54"
"16,9 : 166.52"
"16,10 : 660.68"
"16,11 : 703.93"
"16,12 : 335.01"
"16,13 : 115.12"
"16,14 : 580.07"
"16,15 : 717.35"
"16,16 : 0.0"
"16,17 : 457.04"
"16,18 : 479.01"
"16,19 : 471.78"
"16,20 : 424.72"
"16,21 : 570.25"
"16,22 : 335.24"
"16,23 : 644.9"
"16,24 : 125.9"
"16,25 : 504.39"
"16,26 : 693.49"
"16,27 : 544.42"
"16,28 : 418.63"
"16,29 : 419.63"
"16,30 : 561.78"
"16,31 : 325.66"
"16,32 : 286.01"
"16,33 : 806.56"
"16,34 : 344.52"
"16,35 : 743.29"
"16,36 : 394.39"
"16,37 : 586.96"
"16,38 : 452.82"
"16,39 : 216.01"
"16,40 : 330.69"
"16,41 : 235.67"
"16,42 : 362.05"
"16,43 : 359.03"
"16,44 : 158.78"
"16,45 : 407.08"
"16,46 : 133.15"
"16,47 : 652.95"
"16,48 : 216.4"
"16,49 : 625.68"
"16,50 : 140.73"
"16,51 : 168.91"
"16,52 : 138.71"
"16,53 : 642.25"
"16,54 : 439.46"
"16,55 : 568.11"
"16,56 : 447.0"
"16,57 : 310.23"
"16,58 : 551.95"
"16,59 : 599.21"
"16,60 : 674.69"
"16,61 : 413.39"
"16,62 : 453.58"
"16,63 : 340.83"
"16,64 : 783.24"
"16,65 : 226.04"
"16,66 : 588.29"
"16,67 : 503.29"
"16,68 : 251.55"
"16,69 : 106.74"
"16,70 : 560.9"
"16,71 : 572.33"
"16,72 : 574.43"
"16,73 : 655.81"
"16,74 : 115.16"
"16,75 : 233.45"
"16,76 : 302.32"
"16,77 : 470.1"
"16,78 : 87.01"
"16,79 : 511.25"
"16,80 : 846.21"
"16,81 : 329.24"
"16,82 : 553.82"
"16,83 : 137.93"
"16,84 : 347.94"
"16,85 : 252.8"
"16,86 : 353.21"
"16,87 : 227.41"
"16,88 : 546.11"
"16,89 : 88.07"
"16,90 : 756.21"
"16,91 : 100.84"
"16,92 : 532.89"
"16,93 : 311.52"
"16,94 : 516.85"
"16,95 : 393.33"
"16,96 : 416.39"
"16,97 : 466.15"
"16,98 : 308.69"
"16,99 : 341.25"
"17,0 : 301.89"
"17,1 : 314.59"
"17,2 : 590.95"
"17,3 : 447.51"
"17,4 : 448.81"
"17,5 : 233.45"
"17,6 : 254.03"
"17,7 : 256.44"
"17,8 : 398.64"
"17,9 : 292.39"
"17,10 : 665.54"
"17,11 : 277.46"
"17,12 : 759.43"
"17,13 : 341.99"
"17,14 : 137.03"
"17,15 : 263.23"
"17,16 : 457.04"
"17,17 : 0.0"
"17,18 : 247.78"
"17,19 : 349.69"
"17,20 : 284.59"
"17,21 : 528.68"
"17,22 : 785.43"
"17,23 : 405.82"
"17,24 : 345.96"
"17,25 : 434.35"
"17,26 : 263.41"
"17,27 : 186.78"
"17,28 : 253.5"
"17,29 : 102.18"
"17,30 : 394.71"
"17,31 : 668.61"
"17,32 : 330.99"
"17,33 : 349.52"
"17,34 : 607.01"
"17,35 : 286.27"
"17,36 : 697.67"
"17,37 : 387.74"
"17,38 : 891.96"
"17,39 : 651.12"
"17,40 : 784.21"
"17,41 : 692.69"
"17,42 : 359.68"
"17,43 : 118.04"
"17,44 : 557.08"
"17,45 : 654.99"
"17,46 : 569.57"
"17,47 : 557.82"
"17,48 : 672.64"
"17,49 : 367.93"
"17,50 : 594.93"
"17,51 : 623.59"
"17,52 : 449.86"
"17,53 : 651.36"
"17,54 : 226.37"
"17,55 : 190.59"
"17,56 : 446.53"
"17,57 : 491.67"
"17,58 : 244.19"
"17,59 : 325.35"
"17,60 : 290.88"
"17,61 : 569.31"
"17,62 : 264.25"
"17,63 : 792.0"
"17,64 : 706.08"
"17,65 : 290.99"
"17,66 : 146.03"
"17,67 : 47.38"
"17,68 : 480.47"
"17,69 : 387.2"
"17,70 : 112.33"
"17,71 : 206.64"
"17,72 : 388.64"
"17,73 : 268.68"
"17,74 : 415.7"
"17,75 : 680.08"
"17,76 : 508.0"
"17,77 : 570.1"
"17,78 : 474.95"
"17,79 : 170.85"
"17,80 : 390.64"
"17,81 : 244.5"
"17,82 : 129.07"
"17,83 : 419.6"
"17,84 : 345.01"
"17,85 : 689.64"
"17,86 : 663.78"
"17,87 : 277.89"
"17,88 : 462.4"
"17,89 : 524.54"
"17,90 : 590.33"
"17,91 : 366.81"
"17,92 : 335.78"
"17,93 : 191.02"
"17,94 : 374.52"
"17,95 : 495.25"
"17,96 : 742.07"
"17,97 : 257.85"
"17,98 : 427.86"
"17,99 : 644.85"
"18,0 : 350.48"
"18,1 : 178.73"
"18,2 : 592.84"
"18,3 : 609.13"
"18,4 : 671.68"
"18,5 : 370.61"
"18,6 : 253.86"
"18,7 : 75.89"
"18,8 : 618.87"
"18,9 : 333.4"
"18,10 : 424.13"
"18,11 : 287.67"
"18,12 : 694.55"
"18,13 : 386.53"
"18,14 : 240.26"
"18,15 : 360.46"
"18,16 : 479.01"
"18,17 : 247.78"
"18,18 : 0.0"
"18,19 : 577.38"
"18,20 : 76.49"
"18,21 : 753.33"
"18,22 : 752.03"
"18,23 : 183.58"
"18,24 : 354.2"
"18,25 : 196.43"
"18,26 : 468.96"
"18,27 : 433.63"
"18,28 : 477.58"
"18,29 : 153.17"
"18,30 : 147.6"
"18,31 : 772.62"
"18,32 : 217.47"
"18,33 : 464.23"
"18,34 : 742.66"
"18,35 : 408.1"
"18,36 : 560.81"
"18,37 : 631.77"
"18,38 : 832.73"
"18,39 : 695.0"
"18,40 : 758.82"
"18,41 : 693.64"
"18,42 : 553.76"
"18,43 : 307.35"
"18,44 : 623.94"
"18,45 : 497.97"
"18,46 : 544.77"
"18,47 : 310.05"
"18,48 : 665.43"
"18,49 : 615.58"
"18,50 : 588.73"
"18,51 : 640.82"
"18,52 : 399.06"
"18,53 : 411.35"
"18,54 : 458.79"
"18,55 : 434.15"
"18,56 : 653.86"
"18,57 : 644.89"
"18,58 : 491.95"
"18,59 : 121.49"
"18,60 : 523.79"
"18,61 : 741.22"
"18,62 : 496.86"
"18,63 : 760.22"
"18,64 : 458.54"
"18,65 : 253.1"
"18,66 : 242.29"
"18,67 : 270.25"
"18,68 : 367.2"
"18,69 : 461.95"
"18,70 : 325.88"
"18,71 : 451.37"
"18,72 : 144.03"
"18,73 : 502.24"
"18,74 : 497.76"
"18,75 : 710.3"
"18,76 : 654.51"
"18,77 : 760.29"
"18,78 : 536.08"
"18,79 : 418.57"
"18,80 : 520.7"
"18,81 : 434.25"
"18,82 : 362.83"
"18,83 : 512.82"
"18,84 : 535.86"
"18,85 : 645.98"
"18,86 : 536.9"
"18,87 : 409.77"
"18,88 : 691.7"
"18,89 : 565.23"
"18,90 : 351.65"
"18,91 : 379.13"
"18,92 : 89.59"
"18,93 : 364.02"
"18,94 : 128.08"
"18,95 : 310.41"
"18,96 : 610.53"
"18,97 : 19.85"
"18,98 : 282.06"
"18,99 : 518.05"
"19,0 : 381.3"
"19,1 : 663.81"
"19,2 : 582.87"
"19,3 : 228.13"
"19,4 : 99.98"
"19,5 : 264.2"
"19,6 : 428.57"
"19,7 : 556.17"
"19,8 : 56.44"
"19,9 : 389.24"
"19,10 : 958.49"
"19,11 : 597.05"
"19,12 : 803.32"
"19,13 : 394.73"
"19,14 : 462.59"
"19,15 : 534.06"
"19,16 : 471.78"
"19,17 : 349.69"
"19,18 : 577.38"
"19,19 : 0.0"
"19,20 : 587.04"
"19,21 : 179.0"
"19,22 : 782.18"
"19,23 : 750.45"
"19,24 : 441.02"
"19,25 : 735.0"
"19,26 : 388.29"
"19,27 : 232.3"
"19,28 : 99.81"
"19,29 : 425.51"
"19,30 : 722.86"
"19,31 : 484.17"
"19,32 : 553.16"
"19,33 : 571.4"
"19,34 : 383.17"
"19,35 : 524.83"
"19,36 : 844.2"
"19,37 : 118.21"
"19,38 : 908.49"
"19,39 : 565.41"
"19,40 : 770.08"
"19,41 : 659.62"
"19,42 : 118.71"
"19,43 : 271.27"
"19,44 : 464.04"
"19,45 : 832.74"
"19,46 : 604.01"
"19,47 : 877.36"
"19,48 : 655.62"
"19,49 : 174.09"
"19,50 : 596.82"
"19,51 : 584.44"
"19,52 : 558.65"
"19,53 : 941.87"
"19,54 : 123.41"
"19,55 : 257.87"
"19,56 : 122.33"
"19,57 : 270.2"
"19,58 : 181.1"
"19,59 : 671.76"
"19,60 : 311.51"
"19,61 : 288.65"
"19,62 : 86.28"
"19,63 : 785.4"
"19,64 : 1027.57"
"19,65 : 471.83"
"19,66 : 470.55"
"19,67 : 358.29"
"19,68 : 646.57"
"19,69 : 365.05"
"19,70 : 357.69"
"19,71 : 245.52"
"19,72 : 721.29"
"19,73 : 304.49"
"19,74 : 363.88"
"19,75 : 607.63"
"19,76 : 293.6"
"19,77 : 257.07"
"19,78 : 424.32"
"19,79 : 215.42"
"19,80 : 580.28"
"19,81 : 168.27"
"19,82 : 313.73"
"19,83 : 347.17"
"19,84 : 127.46"
"19,85 : 718.52"
"19,86 : 803.56"
"19,87 : 261.03"
"19,88 : 114.34"
"19,89 : 483.55"
"19,90 : 928.82"
"19,91 : 443.5"
"19,92 : 666.66"
"19,93 : 232.22"
"19,94 : 693.11"
"19,95 : 730.77"
"19,96 : 875.33"
"19,97 : 581.42"
"19,98 : 641.58"
"19,99 : 787.92"
"20,0 : 311.33"
"20,1 : 250.19"
"20,2 : 530.97"
"20,3 : 589.4"
"20,4 : 676.6"
"20,5 : 355.88"
"20,6 : 213.44"
"20,7 : 30.89"
"20,8 : 623.35"
"20,9 : 293.86"
"20,10 : 382.27"
"20,11 : 363.73"
"20,12 : 621.29"
"20,13 : 343.11"
"20,14 : 305.36"
"20,15 : 432.39"
"20,16 : 424.72"
"20,17 : 284.59"
"20,18 : 76.49"
"20,19 : 587.04"
"20,20 : 0.0"
"20,21 : 758.05"
"20,22 : 682.17"
"20,23 : 220.48"
"20,24 : 303.61"
"20,25 : 151.53"
"20,26 : 526.24"
"20,27 : 470.54"
"20,28 : 488.08"
"20,29 : 182.58"
"20,30 : 148.41"
"20,31 : 731.16"
"20,32 : 148.48"
"20,33 : 536.34"
"20,34 : 711.07"
"20,35 : 478.54"
"20,36 : 484.39"
"20,37 : 653.83"
"20,38 : 759.33"
"20,39 : 639.96"
"20,40 : 690.04"
"20,41 : 629.9"
"20,42 : 547.96"
"20,43 : 316.71"
"20,44 : 575.86"
"20,45 : 422.3"
"20,46 : 478.91"
"20,47 : 290.68"
"20,48 : 600.62"
"20,49 : 645.61"
"20,50 : 525.38"
"20,51 : 581.07"
"20,52 : 332.42"
"20,53 : 367.53"
"20,54 : 474.61"
"20,55 : 475.14"
"20,56 : 651.12"
"20,57 : 621.27"
"20,58 : 523.93"
"20,59 : 179.87"
"20,60 : 572.01"
"20,61 : 722.01"
"20,62 : 511.61"
"20,63 : 690.52"
"20,64 : 440.73"
"20,65 : 200.88"
"20,66 : 308.63"
"20,67 : 316.03"
"20,68 : 292.26"
"20,69 : 421.94"
"20,70 : 377.45"
"20,71 : 491.2"
"20,72 : 155.68"
"20,73 : 550.0"
"20,74 : 457.99"
"20,75 : 652.05"
"20,76 : 628.39"
"20,77 : 747.91"
"20,78 : 489.2"
"20,79 : 451.12"
"20,80 : 591.88"
"20,81 : 432.14"
"20,82 : 409.0"
"20,83 : 475.47"
"20,84 : 529.4"
"20,85 : 575.67"
"20,86 : 460.44"
"20,87 : 389.97"
"20,88 : 700.24"
"20,89 : 512.4"
"20,90 : 358.6"
"20,91 : 327.73"
"20,92 : 108.68"
"20,93 : 361.44"
"20,94 : 109.66"
"20,95 : 236.68"
"20,96 : 534.07"
"20,97 : 56.85"
"20,98 : 205.8"
"20,99 : 441.6"
"21,0 : 518.11"
"21,1 : 842.68"
"21,2 : 656.34"
"21,3 : 267.05"
"21,4 : 81.69"
"21,5 : 415.53"
"21,6 : 582.98"
"21,7 : 727.36"
"21,8 : 134.81"
"21,9 : 529.68"
"21,10 : 1121.53"
"21,11 : 770.58"
"21,12 : 881.34"
"21,13 : 520.63"
"21,14 : 639.01"
"21,15 : 699.91"
"21,16 : 570.25"
"21,17 : 528.68"
"21,18 : 753.33"
"21,19 : 179.0"
"21,20 : 758.05"
"21,21 : 0.0"
"21,22 : 839.98"
"21,23 : 928.43"
"21,24 : 572.88"
"21,25 : 903.03"
"21,26 : 535.24"
"21,27 : 397.62"
"21,28 : 277.22"
"21,29 : 602.66"
"21,30 : 897.39"
"21,31 : 470.41"
"21,32 : 708.43"
"21,33 : 724.56"
"21,34 : 358.9"
"21,35 : 684.48"
"21,36 : 961.51"
"21,37 : 196.31"
"21,38 : 968.1"
"21,39 : 601.85"
"21,40 : 823.48"
"21,41 : 712.96"
"21,42 : 223.57"
"21,43 : 446.01"
"21,44 : 512.24"
"21,45 : 961.69"
"21,46 : 693.83"
"21,47 : 1048.7"
"21,48 : 717.17"
"21,49 : 266.03"
"21,50 : 673.26"
"21,51 : 642.88"
"21,52 : 681.11"
"21,53 : 1104.38"
"21,54 : 302.35"
"21,55 : 419.83"
"21,56 : 124.04"
"21,57 : 286.12"
"21,58 : 336.79"
"21,59 : 850.21"
"21,60 : 444.39"
"21,61 : 235.0"
"21,62 : 264.8"
"21,63 : 841.37"
"21,64 : 1198.57"
"21,65 : 623.32"
"21,66 : 646.72"
"21,67 : 536.15"
"21,68 : 780.75"
"21,69 : 469.16"
"21,70 : 530.42"
"21,71 : 404.46"
"21,72 : 896.8"
"21,73 : 444.24"
"21,74 : 455.13"
"21,75 : 646.12"
"21,76 : 305.79"
"21,77 : 169.0"
"21,78 : 502.29"
"21,79 : 386.87"
"21,80 : 724.39"
"21,81 : 327.23"
"21,82 : 484.41"
"21,83 : 433.0"
"21,84 : 241.96"
"21,85 : 795.78"
"21,86 : 920.22"
"21,87 : 398.22"
"21,88 : 70.01"
"21,89 : 555.3"
"21,90 : 1104.97"
"21,91 : 569.16"
"21,92 : 842.13"
"21,93 : 397.18"
"21,94 : 865.8"
"21,95 : 881.73"
"21,96 : 986.32"
"21,97 : 756.32"
"21,98 : 790.04"
"21,99 : 906.53"
"22,0 : 485.71"
"22,1 : 930.66"
"22,2 : 204.01"
"22,3 : 576.48"
"22,4 : 795.17"
"22,5 : 588.39"
"22,6 : 540.08"
"22,7 : 676.14"
"22,8 : 765.01"
"22,9 : 493.51"
"22,10 : 763.05"
"22,11 : 1012.09"
"22,12 : 105.68"
"22,13 : 447.95"
"22,14 : 899.73"
"22,15 : 1039.84"
"22,16 : 335.24"
"22,17 : 785.43"
"22,18 : 752.03"
"22,19 : 782.18"
"22,20 : 682.17"
"22,21 : 839.98"
"22,22 : 0.0"
"22,23 : 884.68"
"22,24 : 439.88"
"22,25 : 699.72"
"22,26 : 1028.32"
"22,27 : 879.21"
"22,28 : 744.69"
"22,29 : 733.16"
"22,30 : 787.3"
"22,31 : 420.1"
"22,32 : 534.75"
"22,33 : 1133.53"
"22,34 : 512.32"
"22,35 : 1069.95"
"22,36 : 340.42"
"22,37 : 900.29"
"22,38 : 128.16"
"22,39 : 244.52"
"22,40 : 25.24"
"22,41 : 127.12"
"22,42 : 664.68"
"22,43 : 693.33"
"22,44 : 327.88"
"22,45 : 410.49"
"22,46 : 216.61"
"22,47 : 819.29"
"22,48 : 126.59"
"22,49 : 947.22"
"22,50 : 194.67"
"22,51 : 198.88"
"22,52 : 354.79"
"22,53 : 746.69"
"22,54 : 769.11"
"22,55 : 903.2"
"22,56 : 726.69"
"22,57 : 553.95"
"22,58 : 883.61"
"22,59 : 861.18"
"22,60 : 1009.16"
"22,61 : 628.37"
"22,62 : 778.83"
"22,63 : 9.06"
"22,64 : 911.95"
"22,65 : 516.15"
"22,66 : 907.36"
"22,67 : 832.5"
"22,68 : 401.51"
"22,69 : 432.0"
"22,70 : 892.68"
"22,71 : 907.04"
"22,72 : 805.24"
"22,73 : 990.58"
"22,74 : 422.52"
"22,75 : 202.01"
"22,76 : 535.17"
"22,77 : 698.63"
"22,78 : 358.83"
"22,79 : 845.99"
"22,80 : 1176.07"
"22,81 : 658.09"
"22,82 : 888.1"
"22,83 : 436.23"
"22,84 : 654.73"
"22,85 : 106.73"
"22,86 : 320.35"
"22,87 : 559.26"
"22,88 : 834.38"
"22,89 : 299.06"
"22,90 : 941.23"
"22,91 : 418.63"
"22,92 : 778.78"
"22,93 : 646.44"
"22,94 : 743.58"
"22,95 : 534.09"
"22,96 : 317.31"
"22,97 : 734.92"
"22,98 : 494.13"
"22,99 : 327.33"
"23,0 : 528.44"
"23,1 : 142.43"
"23,2 : 747.03"
"23,3 : 792.71"
"23,4 : 847.14"
"23,5 : 554.12"
"23,6 : 430.47"
"23,7 : 241.21"
"23,8 : 794.97"
"23,9 : 511.07"
"23,10 : 357.11"
"23,11 : 307.47"
"23,12 : 812.95"
"23,13 : 562.11"
"23,14 : 343.11"
"23,15 : 413.0"
"23,16 : 644.9"
"23,17 : 405.82"
"23,18 : 183.58"
"23,19 : 750.45"
"23,20 : 220.48"
"23,21 : 928.43"
"23,22 : 884.68"
"23,23 : 0.0"
"23,24 : 524.02"
"23,25 : 202.89"
"23,26 : 572.94"
"23,27 : 580.98"
"23,28 : 651.26"
"23,29 : 326.31"
"23,30 : 100.72"
"23,31 : 950.13"
"23,32 : 363.2"
"23,33 : 505.68"
"23,34 : 924.69"
"23,35 : 465.0"
"23,36 : 637.94"
"23,37 : 793.04"
"23,38 : 948.65"
"23,39 : 859.62"
"23,40 : 895.09"
"23,41 : 843.57"
"23,42 : 735.02"
"23,43 : 484.75"
"23,44 : 796.24"
"23,45 : 562.86"
"23,46 : 690.94"
"23,47 : 207.87"
"23,48 : 813.14"
"23,49 : 767.48"
"23,50 : 740.08"
"23,51 : 798.56"
"23,52 : 545.21"
"23,53 : 351.41"
"23,54 : 628.83"
"23,55 : 575.14"
"23,56 : 833.52"
"23,57 : 828.34"
"23,58 : 644.18"
"23,59 : 81.49"
"23,60 : 647.39"
"23,61 : 924.75"
"23,62 : 667.11"
"23,63 : 893.37"
"23,64 : 330.87"
"23,65 : 421.26"
"23,66 : 340.33"
"23,67 : 414.0"
"23,68 : 483.87"
"23,69 : 639.86"
"23,70 : 453.96"
"23,71 : 593.51"
"23,72 : 80.65"
"23,73 : 627.7"
"23,74 : 675.89"
"23,75 : 870.27"
"23,76 : 837.67"
"23,77 : 942.86"
"23,78 : 709.37"
"23,79 : 572.49"
"23,80 : 564.42"
"23,81 : 614.91"
"23,82 : 498.66"
"23,83 : 692.24"
"23,84 : 717.4"
"23,85 : 778.11"
"23,86 : 624.26"
"23,87 : 593.3"
"23,88 : 864.55"
"23,89 : 732.71"
"23,90 : 189.41"
"23,91 : 548.2"
"23,92 : 112.01"
"23,93 : 545.41"
"23,94 : 141.65"
"23,95 : 375.23"
"23,96 : 688.19"
"23,97 : 188.56"
"23,98 : 391.13"
