x,y
109,375
176,329
955,557
841,992
770,265
655,117
625,78
687,255
775,176
814,764
137,903
862,367
339,344
853,486
199,240
960,898
868,894
552,441
879,61
980,449
652,379
248,300
204,355
984,918
652,224
907,514
463,416
775,131
47,574
636,508
884,334
937,618
722,98
481,422
180,1
16,682
678,673
440,620
76,35
671,314
689,886
356,163
553,629
351,403
628,230
278,915
203,907
466,764
619,783
471,679
91,632
758,313
751,824
98,747
730,930
137,691
806,731
333,912
502,659
444,735
316,101
573,149
380,671
364,389
531,433
260,964
687,595
660,322
965,699
951,13
178,754
916,292
263,643
653,930
736,281
473,53
696,695
417,641
207,216
588,474
128,442
547,40
582,978
975,825
682,515
257,706
251,795
953,114
842,319
140,566
592,81
859,1
502,527
154,182
837,24
788,801
346,216
938,672
845,898
645,2

Distanze
"0,0 : 0.0"
"0,1 : 81.27"
"0,2 : 865.36"
"0,3 : 957.35"
"0,4 : 670.09"
"0,5 : 603.89"
"0,6 : 595.37"
"0,7 : 590.33"
"0,8 : 695.09"
"0,9 : 805.2"
"0,10 : 528.74"
"0,11 : 753.04"
"0,12 : 232.08"
"0,13 : 752.23"
"0,14 : 162.25"
"0,15 : 998.86"
"0,16 : 919.48"
"0,17 : 447.89"
"0,18 : 831.56"
"0,19 : 874.14"
"0,20 : 543.01"
"0,21 : 157.94"
"0,22 : 97.08"
"0,23 : 1029.79"
"0,24 : 563.6"
"0,25 : 810.02"
"0,26 : 356.37"
"0,27 : 709.29"
"0,28 : 208.43"
"0,29 : 543.52"
"0,30 : 776.08"
"0,31 : 862.92"
"0,32 : 672.68"
"0,33 : 374.96"
"0,34 : 380.68"
"0,35 : 320.78"
"0,36 : 642.31"
"0,37 : 411.81"
"0,38 : 341.6"
"0,39 : 565.3"
"0,40 : 772.99"
"0,41 : 325.5"
"0,42 : 511.52"
"0,43 : 243.61"
"0,44 : 538.87"
"0,45 : 565.83"
"0,46 : 540.24"
"0,47 : 527.99"
"0,48 : 653.12"
"0,49 : 472.72"
"0,50 : 257.63"
"0,51 : 651.95"
"0,52 : 783.43"
"0,53 : 372.16"
"0,54 : 832.87"
"0,55 : 317.24"
"0,56 : 782.65"
"0,57 : 581.85"
"0,58 : 484.88"
"0,59 : 491.76"
"0,60 : 343.4"
"0,61 : 516.11"
"0,62 : 401.32"
"0,63 : 255.38"
"0,64 : 425.97"
"0,65 : 608.05"
"0,66 : 618.45"
"0,67 : 553.54"
"0,68 : 915.27"
"0,69 : 916.52"
"0,70 : 385.23"
"0,71 : 811.26"
"0,72 : 309.1"
"0,73 : 777.15"
"0,74 : 634.01"
"0,75 : 485.98"
"0,76 : 668.56"
"0,77 : 406.96"
"0,78 : 186.78"
"0,79 : 489.12"
"0,80 : 69.64"
"0,81 : 551.42"
"0,82 : 766.38"
"0,83 : 975.94"
"0,84 : 589.86"
"0,85 : 362.58"
"0,86 : 443.36"
"0,87 : 883.43"
"0,88 : 735.14"
"0,89 : 193.5"
"0,90 : 565.44"
"0,91 : 838.08"
"0,92 : 421.37"
"0,93 : 198.18"
"0,94 : 808.2"
"0,95 : 801.57"
"0,96 : 285.39"
"0,97 : 880.6"
"0,98 : 902.9"
"0,99 : 653.01"
"1,0 : 81.27"
"1,1 : 0.0"
"1,2 : 811.68"
"1,3 : 939.04"
"1,4 : 597.44"
"1,5 : 523.82"
"1,6 : 514.39"
"1,7 : 516.33"
"1,8 : 618.23"
"1,9 : 772.18"
"1,10 : 575.32"
"1,11 : 687.05"
"1,12 : 163.69"
"1,13 : 694.97"
"1,14 : 91.92"
"1,15 : 968.72"
"1,16 : 893.36"
"1,17 : 392.33"
"1,18 : 752.35"
"1,19 : 812.91"
"1,20 : 478.62"
"1,21 : 77.62"
"1,22 : 38.21"
"1,23 : 999.89"
"1,24 : 487.44"
"1,25 : 754.05"
"1,26 : 299.9"
"1,27 : 630.88"
"1,28 : 276.89"
"1,29 : 493.6"
"1,30 : 708.02"
"1,31 : 814.03"
"1,32 : 592.85"
"1,33 : 318.86"
"1,34 : 328.02"
"1,35 : 387.57"
"1,36 : 608.56"
"1,37 : 392.91"
"1,38 : 310.54"
"1,39 : 495.23"
"1,40 : 757.24"
"1,41 : 244.86"
"1,42 : 481.8"
"1,43 : 190.0"
"1,44 : 462.71"
"1,45 : 594.81"
"1,46 : 578.63"
"1,47 : 522.8"
"1,48 : 634.32"
"1,49 : 457.74"
"1,50 : 314.7"
"1,51 : 582.22"
"1,52 : 758.72"
"1,53 : 425.22"
"1,54 : 817.38"
"1,55 : 364.09"
"1,56 : 747.33"
"1,57 : 603.77"
"1,58 : 463.87"
"1,59 : 486.48"
"1,60 : 267.55"
"1,61 : 435.9"
"1,62 : 398.22"
"1,63 : 197.34"
"1,64 : 369.92"
"1,65 : 640.53"
"1,66 : 576.09"
"1,67 : 484.05"
"1,68 : 871.45"
"1,69 : 836.95"
"1,70 : 425.0"
"1,71 : 740.92"
"1,72 : 325.83"
"1,73 : 767.29"
"1,74 : 562.05"
"1,75 : 405.44"
"1,76 : 635.89"
"1,77 : 394.24"
"1,78 : 117.18"
"1,79 : 436.77"
"1,80 : 122.77"
"1,81 : 470.28"
"1,82 : 765.53"
"1,83 : 940.43"
"1,84 : 539.1"
"1,85 : 385.6"
"1,86 : 472.0"
"1,87 : 806.2"
"1,88 : 666.08"
"1,89 : 239.72"
"1,90 : 484.31"
"1,91 : 757.68"
"1,92 : 381.42"
"1,93 : 148.64"
"1,94 : 727.97"
"1,95 : 772.87"
"1,96 : 204.13"
"1,97 : 835.64"
"1,98 : 878.25"
"1,99 : 571.74"
"2,0 : 865.36"
"2,1 : 811.68"
"2,2 : 0.0"
"2,3 : 449.69"
"2,4 : 345.67"
"2,5 : 532.54"
"2,6 : 581.67"
"2,7 : 403.77"
"2,8 : 421.38"
"2,9 : 250.46"
"2,10 : 888.17"
"2,11 : 211.54"
"2,12 : 651.79"
"2,13 : 124.28"
"2,14 : 819.77"
"2,15 : 341.04"
"2,16 : 348.05"
"2,17 : 419.36"
"2,18 : 501.79"
"2,19 : 110.86"
"2,20 : 351.42"
"2,21 : 752.26"
"2,22 : 777.69"
"2,23 : 362.16"
"2,24 : 450.22"
"2,25 : 64.44"
"2,26 : 511.81"
"2,27 : 462.47"
"2,28 : 908.16"
"2,29 : 322.74"
"2,30 : 234.03"
"2,31 : 63.6"
"2,32 : 514.75"
"2,33 : 492.85"
"2,34 : 953.81"
"2,35 : 947.28"
"2,36 : 300.31"
"2,37 : 518.84"
"2,38 : 1022.31"
"2,39 : 373.77"
"2,40 : 423.08"
"2,41 : 716.96"
"2,42 : 408.4"
"2,43 : 623.32"
"2,44 : 462.45"
"2,45 : 765.83"
"2,46 : 829.46"
"2,47 : 531.01"
"2,48 : 404.93"
"2,49 : 499.14"
"2,50 : 867.25"
"2,51 : 313.6"
"2,52 : 336.01"
"2,53 : 877.81"
"2,54 : 435.61"
"2,55 : 828.9"
"2,56 : 229.08"
"2,57 : 716.18"
"2,58 : 464.34"
"2,59 : 541.11"
"2,60 : 785.02"
"2,61 : 558.92"
"2,62 : 586.19"
"2,63 : 614.41"
"2,64 : 441.76"
"2,65 : 805.4"
"2,66 : 270.68"
"2,67 : 377.16"
"2,68 : 142.35"
"2,69 : 544.01"
"2,70 : 801.58"
"2,71 : 267.85"
"2,72 : 697.32"
"2,73 : 479.93"
"2,74 : 352.33"
"2,75 : 697.38"
"2,76 : 293.47"
"2,77 : 544.52"
"2,78 : 822.06"
"2,79 : 376.27"
"2,80 : 834.96"
"2,81 : 658.6"
"2,82 : 562.47"
"2,83 : 268.75"
"2,84 : 276.21"
"2,85 : 713.73"
"2,86 : 743.14"
"2,87 : 443.0"
"2,88 : 263.46"
"2,89 : 815.05"
"2,90 : 598.62"
"2,91 : 564.23"
"2,92 : 453.99"
"2,93 : 884.44"
"2,94 : 545.91"
"2,95 : 295.68"
"2,96 : 697.97"
"2,97 : 116.25"
"2,98 : 358.3"
"2,99 : 635.71"
"3,0 : 957.35"
"3,1 : 939.04"
"3,2 : 449.69"
"3,3 : 0.0"
"3,4 : 730.46"
"3,5 : 894.55"
"3,6 : 939.18"
"3,7 : 752.92"
"3,8 : 818.66"
"3,9 : 229.59"
"3,10 : 709.6"
"3,11 : 625.35"
"3,12 : 819.7"
"3,13 : 506.14"
"3,14 : 988.77"
"3,15 : 151.65"
"3,16 : 101.65"
"3,17 : 622.19"
"3,18 : 931.78"
"3,19 : 560.51"
"3,20 : 641.47"
"3,21 : 911.32"
"3,22 : 900.85"
"3,23 : 161.01"
"3,24 : 790.91"
"3,25 : 482.53"
"3,26 : 688.96"
"3,27 : 863.53"
"3,28 : 897.31"
"3,29 : 525.62"
"3,30 : 659.4"
"3,31 : 386.12"
"3,32 : 901.89"
"3,33 : 674.17"
"3,34 : 1191.22"
"3,35 : 881.32"
"3,36 : 358.23"
"3,37 : 546.98"
"3,38 : 1225.18"
"3,39 : 698.99"
"3,40 : 185.31"
"3,41 : 960.45"
"3,42 : 463.37"
"3,43 : 766.17"
"3,44 : 791.21"
"3,45 : 568.24"
"3,46 : 643.64"
"3,47 : 438.87"
"3,48 : 304.9"
"3,49 : 484.63"
"3,50 : 831.93"
"3,51 : 684.05"
"3,52 : 190.59"
"3,53 : 782.35"
"3,54 : 127.14"
"3,55 : 765.65"
"3,56 : 263.34"
"3,57 : 514.26"
"3,58 : 475.19"
"3,59 : 472.92"
"3,60 : 1034.17"
"3,61 : 884.58"
"3,62 : 561.75"
"3,63 : 768.85"
"3,64 : 639.2"
"3,65 : 581.67"
"3,66 : 425.82"
"3,67 : 694.02"
"3,68 : 318.16"
"3,69 : 985.16"
"3,70 : 704.42"
"3,71 : 704.01"
"3,72 : 675.19"
"3,73 : 197.96"
"3,74 : 718.71"
"3,75 : 1008.54"
"3,76 : 330.51"
"3,77 : 550.43"
"3,78 : 1002.06"
"3,79 : 576.48"
"3,80 : 900.48"
"3,81 : 996.36"
"3,82 : 259.38"
"3,83 : 214.11"
"3,84 : 502.8"
"3,85 : 650.27"
"3,86 : 622.02"
"3,87 : 885.11"
"3,88 : 673.0"
"3,89 : 820.29"
"3,90 : 944.42"
"3,91 : 991.16"
"3,92 : 575.45"
"3,93 : 1062.11"
"3,94 : 968.01"
"3,95 : 198.22"
"3,96 : 920.44"
"3,97 : 334.38"
"3,98 : 94.09"
"3,99 : 1009.22"
"4,0 : 670.09"
"4,1 : 597.44"
"4,2 : 345.67"
"4,3 : 730.46"
"4,4 : 0.0"
"4,5 : 187.43"
"4,6 : 236.63"
"4,7 : 83.6"
"4,8 : 89.14"
"4,9 : 500.94"
"4,10 : 898.74"
"4,11 : 137.36"
"4,12 : 438.18"
"4,13 : 236.07"
"4,14 : 571.55"
"4,15 : 660.9"
"4,16 : 636.59"
"4,17 : 280.18"
"4,18 : 231.29"
"4,19 : 279.21"
"4,20 : 164.07"
"4,21 : 523.17"
"4,22 : 573.11"
"4,23 : 687.17"
"4,24 : 124.92"
"4,25 : 284.2"
"4,26 : 342.13"
"4,27 : 134.09"
"4,28 : 786.26"
"4,29 : 277.5"
"4,30 : 133.26"
"4,31 : 390.51"
"4,32 : 173.76"
"4,33 : 328.89"
"4,34 : 646.37"
"4,35 : 861.63"
"4,36 : 418.24"
"4,37 : 484.69"
"4,38 : 731.12"
"4,39 : 110.46"
"4,40 : 626.26"
"4,41 : 426.38"
"4,42 : 423.77"
"4,43 : 441.14"
"4,44 : 146.25"
"4,45 : 815.21"
"4,46 : 856.54"
"4,47 : 584.31"
"4,48 : 539.56"
"4,49 : 510.68"
"4,50 : 771.84"
"4,51 : 49.48"
"4,52 : 559.32"
"4,53 : 826.99"
"4,54 : 666.2"
"4,55 : 763.0"
"4,56 : 467.39"
"4,57 : 780.75"
"4,58 : 476.51"
"4,59 : 571.99"
"4,60 : 482.71"
"4,61 : 228.62"
"4,62 : 562.97"
"4,63 : 424.51"
"4,64 : 292.14"
"4,65 : 865.28"
"4,66 : 340.28"
"4,67 : 123.89"
"4,68 : 475.8"
"4,69 : 310.27"
"4,70 : 767.84"
"4,71 : 148.48"
"4,72 : 632.4"
"4,73 : 675.21"
"4,74 : 37.58"
"4,75 : 364.9"
"4,76 : 436.32"
"4,77 : 515.74"
"4,78 : 565.13"
"4,79 : 277.14"
"4,80 : 665.95"
"4,81 : 316.79"
"4,82 : 737.37"
"4,83 : 596.34"
"4,84 : 265.04"
"4,85 : 676.5"
"4,86 : 741.8"
"4,87 : 237.26"
"4,88 : 90.0"
"4,89 : 698.21"
"4,90 : 256.01"
"4,91 : 278.6"
"4,92 : 374.79"
"4,93 : 621.57"
"4,94 : 250.14"
"4,95 : 536.3"
"4,96 : 426.82"
"4,97 : 440.31"
"4,98 : 637.43"
"4,99 : 291.19"
"5,0 : 603.89"
"5,1 : 523.82"
"5,2 : 532.54"
"5,3 : 894.55"
"5,4 : 187.43"
"5,5 : 0.0"
"5,6 : 49.2"
"5,7 : 141.66"
"5,8 : 133.72"
"5,9 : 666.25"
"5,10 : 941.34"
"5,11 : 324.58"
"5,12 : 389.08"
"5,13 : 418.77"
"5,14 : 472.3"
"5,15 : 838.44"
"5,16 : 805.67"
"5,17 : 339.98"
"5,18 : 230.89"
"5,19 : 464.6"
"5,20 : 262.02"
"5,21 : 446.25"
"5,22 : 509.95"
"5,23 : 865.93"
"5,24 : 107.04"
"5,25 : 470.23"
"5,26 : 355.34"
"5,27 : 120.81"
"5,28 : 760.6"
"5,29 : 391.46"
"5,30 : 315.48"
"5,31 : 574.91"
"5,32 : 69.64"
"5,33 : 351.14"
"5,34 : 488.96"
"5,35 : 852.96"
"5,36 : 556.48"
"5,37 : 547.02"
"5,38 : 584.78"
"5,39 : 197.65"
"5,40 : 769.75"
"5,41 : 302.52"
"5,42 : 522.06"
"5,43 : 417.39"
"5,44 : 116.18"
"5,45 : 882.57"
"5,46 : 910.17"
"5,47 : 674.04"
"5,48 : 666.97"
"5,49 : 591.35"
"5,50 : 763.75"
"5,51 : 221.42"
"5,52 : 713.49"
"5,53 : 840.92"
"5,54 : 816.45"
"5,55 : 773.18"
"5,56 : 632.3"
"5,57 : 857.73"
"5,58 : 563.18"
"5,59 : 653.03"
"5,60 : 339.38"
"5,61 : 88.02"
"5,62 : 618.5"
"5,63 : 398.33"
"5,64 : 339.46"
"5,65 : 934.58"
"5,66 : 479.07"
"5,67 : 205.06"
"5,68 : 659.41"
"5,69 : 313.74"
"5,70 : 795.8"
"5,71 : 314.24"
"5,72 : 656.0"
"5,73 : 813.0"
"5,74 : 182.91"
"5,75 : 192.92"
"5,76 : 579.45"
"5,77 : 575.52"
"5,78 : 458.81"
"5,79 : 363.23"
"5,80 : 619.16"
"5,81 : 132.64"
"5,82 : 864.09"
"5,83 : 776.96"
"5,84 : 398.91"
"5,85 : 710.86"
"5,86 : 789.24"
"5,87 : 298.02"
"5,88 : 275.27"
"5,89 : 683.25"
"5,90 : 72.56"
"5,91 : 234.67"
"5,92 : 437.62"
"5,93 : 505.2"
"5,94 : 204.38"
"5,95 : 696.81"
"5,96 : 324.47"
"5,97 : 622.99"
"5,98 : 803.78"
"5,99 : 115.43"
"6,0 : 595.37"
"6,1 : 514.39"
"6,2 : 581.67"
"6,3 : 939.18"
"6,4 : 236.63"
"6,5 : 49.2"
"6,6 : 0.0"
"6,7 : 187.54"
"6,8 : 179.18"
"6,9 : 711.56"
"6,10 : 958.52"
"6,11 : 373.75"
"6,12 : 390.58"
"6,13 : 467.38"
"6,14 : 455.76"
"6,15 : 885.79"
"6,16 : 851.41"
"6,17 : 370.27"
"6,18 : 254.57"
"6,19 : 513.48"
"6,20 : 302.21"
"6,21 : 437.51"
"6,22 : 503.95"
"6,23 : 913.5"
"6,24 : 148.48"
"6,25 : 519.25"
"6,26 : 374.82"
"6,27 : 159.09"
"6,28 : 761.64"
"6,29 : 430.14"
"6,30 : 364.17"
"6,31 : 623.65"
"6,32 : 99.04"
"6,33 : 372.92"
"6,34 : 451.61"
"6,35 : 857.73"
"6,36 : 597.36"
"6,37 : 572.7"
"6,38 : 550.68"
"6,39 : 240.44"
"6,40 : 810.53"
"6,41 : 282.11"
"6,42 : 555.68"
"6,43 : 425.09"
"6,44 : 152.03"
"6,45 : 906.08"
"6,46 : 930.23"
"6,47 : 704.19"
"6,48 : 705.03"
"6,49 : 620.42"
"6,50 : 769.46"
"6,51 : 270.03"
"6,52 : 756.57"
"6,53 : 851.64"
"6,54 : 858.45"
"6,55 : 783.53"
"6,56 : 677.62"
"6,57 : 883.64"
"6,58 : 593.88"
"6,59 : 681.48"
"6,60 : 309.85"
"6,61 : 88.01"
"6,62 : 641.62"
"6,63 : 406.01"
"6,64 : 367.23"
"6,65 : 958.24"
"6,66 : 520.7"
"6,67 : 246.5"
"6,68 : 707.98"
"6,69 : 332.42"
"6,70 : 810.42"
"6,71 : 361.22"
"6,72 : 671.02"
"6,73 : 852.46"
"6,74 : 231.37"
"6,75 : 154.04"
"6,76 : 621.07"
"6,77 : 600.19"
"6,78 : 440.19"
"6,79 : 397.72"
"6,80 : 616.04"
"6,81 : 86.76"
"6,82 : 901.03"
"6,83 : 824.93"
"6,84 : 440.7"
"6,85 : 727.88"
"6,86 : 808.68"
"6,87 : 329.97"
"6,88 : 324.3"
"6,89 : 688.02"
"6,90 : 33.14"
"6,91 : 246.34"
"6,92 : 465.54"
"6,93 : 482.35"
"6,94 : 218.77"
"6,95 : 741.15"
"6,96 : 311.26"
"6,97 : 671.42"
"6,98 : 849.0"
"6,99 : 78.59"
"7,0 : 590.33"
"7,1 : 516.33"
"7,2 : 403.77"
"7,3 : 752.92"
"7,4 : 83.6"
"7,5 : 141.66"
"7,6 : 187.54"
"7,7 : 0.0"
"7,8 : 118.26"
"7,9 : 524.6"
"7,10 : 849.94"
"7,11 : 207.77"
"7,12 : 359.2"
"7,13 : 284.46"
"7,14 : 488.23"
"7,15 : 698.55"
"7,16 : 664.14"
"7,17 : 229.83"
"7,18 : 272.95"
"7,19 : 351.4"
"7,20 : 128.84"
"7,21 : 441.3"
"7,22 : 493.24"
"7,23 : 726.48"
"7,24 : 46.75"
"7,25 : 339.82"
"7,26 : 275.86"
"7,27 : 152.05"
"7,28 : 715.1"
"7,29 : 258.09"
"7,30 : 212.25"
"7,31 : 440.76"
"7,32 : 160.85"
"7,33 : 265.19"
"7,34 : 567.07"
"7,35 : 795.34"
"7,36 : 418.1"
"7,37 : 440.72"
"7,38 : 649.4"
"7,39 : 61.13"
"7,40 : 631.0"
"7,41 : 343.55"
"7,42 : 397.28"
"7,43 : 367.15"
"7,44 : 64.08"
"7,45 : 776.45"
"7,46 : 812.01"
"7,47 : 554.91"
"7,48 : 532.36"
"7,49 : 475.85"
"7,50 : 705.23"
"7,51 : 91.68"
"7,52 : 572.59"
"7,53 : 767.45"
"7,54 : 676.37"
"7,55 : 701.85"
"7,56 : 490.65"
"7,57 : 746.3"
"7,58 : 444.34"
"7,59 : 538.0"
"7,60 : 401.69"
"7,61 : 155.67"
"7,62 : 517.02"
"7,63 : 349.69"
"7,64 : 236.69"
"7,65 : 827.65"
"7,66 : 340.0"
"7,67 : 72.24"
"7,68 : 523.85"
"7,69 : 358.13"
"7,70 : 712.8"
"7,71 : 231.97"
"7,72 : 574.73"
"7,73 : 675.86"
"7,74 : 55.47"
"7,75 : 294.28"
"7,76 : 440.09"
"7,77 : 471.06"
"7,78 : 481.58"
"7,79 : 240.34"
"7,80 : 589.45"
"7,81 : 256.56"
"7,82 : 730.58"
"7,83 : 638.63"
"7,84 : 260.05"
"7,85 : 623.14"
"7,86 : 694.04"
"7,87 : 301.06"
"7,88 : 167.69"
"7,89 : 629.23"
"7,90 : 198.24"
"7,91 : 306.76"
"7,92 : 328.95"
"7,93 : 537.98"
"7,94 : 275.43"
"7,95 : 555.26"
"7,96 : 343.22"
"7,97 : 486.71"
"7,98 : 662.13"
"7,99 : 256.46"
"8,0 : 695.09"
"8,1 : 618.23"
"8,2 : 421.38"
"8,3 : 818.66"
"8,4 : 89.14"
"8,5 : 133.72"
"8,6 : 179.18"
"8,7 : 118.26"
"8,8 : 0.0"
"8,9 : 589.29"
"8,10 : 967.25"
"8,11 : 209.88"
"8,12 : 467.25"
"8,13 : 319.66"
"8,14 : 579.54"
"8,15 : 745.32"
"8,16 : 724.0"
"8,17 : 346.34"
"8,18 : 155.05"
"8,19 : 341.4"
"8,20 : 237.36"
"8,21 : 541.39"
"8,22 : 598.4"
"8,23 : 770.87"
"8,24 : 132.03"
"8,25 : 362.86"
"8,26 : 393.63"
"8,27 : 45.0"
"8,28 : 829.69"
"8,29 : 359.92"
"8,30 : 191.95"
"8,31 : 470.75"
"8,32 : 94.3"
"8,33 : 383.34"
"8,34 : 620.2"
"8,35 : 912.2"
"8,36 : 506.38"
"8,37 : 556.2"
"8,38 : 713.08"
"8,39 : 172.8"
"8,40 : 715.19"
"8,41 : 419.2"
"8,42 : 504.47"
"8,43 : 480.94"
"8,44 : 156.6"
"8,45 : 890.58"
"8,46 : 928.19"
"8,47 : 664.25"
"8,48 : 626.73"
"8,49 : 587.73"
"8,50 : 822.07"
"8,51 : 138.05"
"8,52 : 648.44"
"8,53 : 885.65"
"8,54 : 755.34"
"8,55 : 819.92"
"8,56 : 555.87"
"8,57 : 858.52"
"8,58 : 554.81"
"8,59 : 649.65"
"8,60 : 465.09"
"8,61 : 203.8"
"8,62 : 633.29"
"8,63 : 462.91"
"8,64 : 354.38"
"8,65 : 941.37"
"8,66 : 428.14"
"8,67 : 185.85"
"8,68 : 556.44"
"8,69 : 239.89"
"8,70 : 830.96"
"8,71 : 182.58"
"8,72 : 692.99"
"8,73 : 763.81"
"8,74 : 112.01"
"8,75 : 326.09"
"8,76 : 524.98"
"8,77 : 586.85"
"8,78 : 569.41"
"8,79 : 351.81"
"8,80 : 699.55"
"8,81 : 265.48"
"8,82 : 824.9"
"8,83 : 679.12"
"8,84 : 351.53"
"8,85 : 741.1"
"8,86 : 811.01"
"8,87 : 188.49"
"8,88 : 157.92"
"8,89 : 745.2"
"8,90 : 206.19"
"8,91 : 194.12"
"8,92 : 444.67"
"8,93 : 621.03"
"8,94 : 164.16"
"8,95 : 625.14"
"8,96 : 430.86"
"8,97 : 522.1"
"8,98 : 725.39"
"8,99 : 217.2"
"9,0 : 805.2"
"9,1 : 772.18"
"9,2 : 250.46"
"9,3 : 229.59"
"9,4 : 500.94"
"9,5 : 666.25"
"9,6 : 711.56"
"9,7 : 524.6"
"9,8 : 589.29"
"9,9 : 0.0"
"9,10 : 691.12"
"9,11 : 399.89"
"9,12 : 634.05"
"9,13 : 280.72"
"9,14 : 807.96"
"9,15 : 198.17"
"9,16 : 140.77"
"9,17 : 415.9"
"9,18 : 706.0"
"9,19 : 356.06"
"9,20 : 417.69"
"9,21 : 731.88"
"9,22 : 734.43"
"9,23 : 229.38"
"9,24 : 563.78"
"9,25 : 266.74"
"9,26 : 494.27"
"9,27 : 634.2"
"9,28 : 790.18"
"9,29 : 311.8"
"9,30 : 435.66"
"9,31 : 190.91"
"9,32 : 672.32"
"9,33 : 477.34"
"9,34 : 992.03"
"9,35 : 802.2"
"9,36 : 163.64"
"9,37 : 400.76"
"9,38 : 1037.35"
"9,39 : 472.17"
"9,40 : 174.67"
"9,41 : 755.62"
"9,42 : 293.85"
"9,43 : 587.1"
"9,44 : 565.47"
"9,45 : 556.86"
"9,46 : 627.51"
"9,47 : 348.0"
"9,48 : 195.92"
"9,49 : 353.38"
"9,50 : 734.95"
"9,51 : 454.46"
"9,52 : 87.0"
"9,53 : 716.2"
"9,54 : 186.04"
"9,55 : 680.92"
"9,56 : 33.96"
"9,57 : 503.25"
"9,58 : 329.19"
"9,59 : 371.13"
"9,60 : 829.2"
"9,61 : 660.53"
"9,62 : 443.85"
"9,63 : 585.77"
"9,64 : 435.49"
"9,65 : 589.0"
"9,66 : 211.4"
"9,67 : 468.06"
"9,68 : 164.4"
"9,69 : 763.39"
"9,70 : 636.08"
"9,71 : 482.9"
"9,72 : 564.13"
"9,73 : 231.25"
"9,74 : 489.26"
"9,75 : 788.54"
"9,76 : 136.69"
"9,77 : 415.62"
"9,78 : 817.77"
"9,79 : 367.66"
"9,80 : 757.81"
"9,81 : 771.66"
"9,82 : 315.63"
"9,83 : 172.17"
"9,84 : 281.82"
"9,85 : 560.01"
"9,86 : 563.85"
"9,87 : 664.7"
"9,88 : 445.88"
"9,89 : 702.48"
"9,90 : 718.17"
"9,91 : 764.33"
"9,92 : 391.81"
"9,93 : 879.96"
"9,94 : 740.36"
"9,95 : 45.22"
"9,96 : 720.64"
"9,97 : 154.4"
"9,98 : 137.54"
"9,99 : 780.52"
"10,0 : 528.74"
"10,1 : 575.32"
"10,2 : 888.17"
"10,3 : 709.6"
"10,4 : 898.74"
"10,5 : 941.34"
"10,6 : 958.52"
"10,7 : 849.94"
"10,8 : 967.25"
"10,9 : 691.12"
"10,10 : 0.0"
"10,11 : 901.62"
"10,12 : 594.38"
"10,13 : 828.58"
"10,14 : 665.89"
"10,15 : 823.02"
"10,16 : 731.06"
"10,17 : 621.02"
"10,18 : 1122.29"
"10,19 : 957.48"
"10,20 : 734.71"
"10,21 : 613.13"
"10,22 : 552.08"
"10,23 : 847.13"
"10,24 : 852.21"
"10,25 : 862.68"
"10,26 : 586.04"
"10,27 : 1001.51"
"10,28 : 341.09"
"10,29 : 636.42"
"10,30 : 939.03"
"10,31 : 849.25"
"10,32 : 995.11"
"10,33 : 591.35"
"10,34 : 903.02"
"10,35 : 251.96"
"10,36 : 587.86"
"10,37 : 414.61"
"10,38 : 870.14"
"10,39 : 795.03"
"10,40 : 552.26"
"10,41 : 771.73"
"10,42 : 498.13"
"10,43 : 543.87"
"10,44 : 833.07"
"10,45 : 141.51"
"10,46 : 66.12"
"10,47 : 357.16"
"10,48 : 496.71"
"10,49 : 402.16"
"10,50 : 274.88"
"10,51 : 856.59"
"10,52 : 619.06"
"10,53 : 160.8"
"10,54 : 593.61"
"10,55 : 212.0"
"10,56 : 690.76"
"10,57 : 196.21"
"10,58 : 439.05"
"10,59 : 349.96"
"10,60 : 821.73"
"10,61 : 870.98"
"10,62 : 335.97"
"10,63 : 561.89"
"10,64 : 613.3"
"10,65 : 137.3"
"10,66 : 630.37"
"10,67 : 781.72"
"10,68 : 852.76"
"10,69 : 1206.11"
"10,70 : 154.54"
"10,71 : 990.03"
"10,72 : 288.92"
"10,73 : 516.71"
"10,74 : 863.53"
"10,75 : 914.0"
"10,76 : 596.44"
"10,77 : 383.46"
"10,78 : 690.56"
"10,79 : 622.45"
"10,80 : 461.09"
"10,81 : 955.44"
"10,82 : 451.28"
"10,83 : 841.62"
"10,84 : 669.01"
"10,85 : 230.67"
"10,86 : 157.04"
"10,87 : 1135.07"
"10,88 : 915.47"
"10,89 : 337.01"
"10,90 : 939.53"
"10,91 : 1155.37"
"10,92 : 524.02"
"10,93 : 721.2"
"10,94 : 1123.67"
"10,95 : 658.94"
"10,96 : 718.09"
"10,97 : 833.64"
"10,98 : 708.02"
"10,99 : 1034.34"
"11,0 : 753.04"
"11,1 : 687.05"
"11,2 : 211.54"
"11,3 : 625.35"
"11,4 : 137.36"
"11,5 : 324.58"
"11,6 : 373.75"
"11,7 : 207.77"
"11,8 : 209.88"
"11,9 : 399.89"
"11,10 : 901.62"
"11,11 : 0.0"
"11,12 : 523.51"
"11,13 : 119.34"
"11,14 : 675.05"
"11,15 : 539.97"
"11,16 : 527.03"
"11,17 : 318.71"
"11,18 : 306.47"
"11,19 : 143.69"
"11,20 : 210.34"
"11,21 : 617.64"
"11,22 : 658.11"
"11,23 : 564.34"
"11,24 : 254.06"
"11,25 : 153.73"
"11,26 : 402.0"
"11,27 : 251.53"
"11,28 : 840.88"
"11,29 : 266.38"
"11,30 : 39.66"
"11,31 : 261.97"
"11,32 : 303.25"
"11,33 : 384.95"
"11,34 : 774.0"
"11,35 : 902.74"
"11,36 : 357.06"
"11,37 : 492.03"
"11,38 : 853.24"
"11,39 : 198.22"
"11,40 : 547.07"
"11,41 : 545.57"
"11,42 : 405.12"
"11,43 : 512.27"
"11,44 : 271.15"
"11,45 : 800.85"
"11,46 : 851.99"
"11,47 : 560.74"
"11,48 : 481.77"
"11,49 : 500.22"
"11,50 : 815.27"
"11,51 : 117.18"
"11,52 : 470.29"
"11,53 : 853.29"
"11,54 : 578.27"
"11,55 : 794.1"
"11,56 : 368.28"
"11,57 : 759.52"
"11,58 : 463.53"
"11,59 : 556.91"
"11,60 : 607.35"
"11,61 : 362.0"
"11,62 : 569.86"
"11,63 : 498.49"
"11,64 : 337.52"
"11,65 : 847.83"
"11,66 : 287.42"
"11,67 : 206.95"
"11,68 : 347.61"
"11,69 : 365.02"
"11,70 : 785.89"
"11,71 : 92.42"
"11,72 : 659.53"
"11,73 : 600.54"
"11,74 : 152.55"
"11,75 : 499.92"
"11,76 : 367.61"
"11,77 : 522.59"
"11,78 : 672.18"
"11,79 : 294.15"
"11,80 : 737.82"
"11,81 : 454.04"
"11,82 : 672.1"
"11,83 : 471.73"
"11,84 : 233.03"
"11,85 : 693.5"
"11,86 : 745.99"
"11,87 : 268.87"
"11,88 : 52.0"
"11,89 : 748.92"
"11,90 : 393.31"
"11,91 : 366.01"
"11,92 : 393.95"
"11,93 : 731.77"
"11,94 : 343.91"
"11,95 : 440.26"
"11,96 : 537.64"
"11,97 : 314.33"
"11,98 : 531.27"
"11,99 : 424.63"
"12,0 : 232.08"
"12,1 : 163.69"
"12,2 : 651.79"
"12,3 : 819.7"
"12,4 : 438.18"
"12,5 : 389.08"
"12,6 : 390.58"
"12,7 : 359.2"
"12,8 : 467.25"
"12,9 : 634.05"
"12,10 : 594.38"
"12,11 : 523.51"
"12,12 : 0.0"
"12,13 : 533.25"
"12,14 : 174.4"
"12,15 : 832.2"
"12,16 : 763.11"
"12,17 : 234.05"
"12,18 : 609.66"
"12,19 : 649.54"
"12,20 : 314.95"
"12,21 : 101.08"
"12,22 : 135.45"
"12,23 : 863.42"
"12,24 : 335.21"
"12,25 : 592.89"
"12,26 : 143.39"
"12,27 : 485.25"
"12,28 : 371.7"
"12,29 : 339.27"
"12,30 : 545.09"
"12,31 : 657.78"
"12,32 : 455.2"
"12,33 : 162.01"
"12,34 : 378.06"
"12,35 : 467.52"
"12,36 : 472.4"
"12,37 : 293.9"
"12,38 : 405.77"
"12,39 : 333.35"
"12,40 : 645.19"
"12,41 : 181.8"
"12,42 : 356.4"
"12,43 : 60.21"
"12,44 : 310.67"
"12,45 : 574.25"
"12,46 : 579.19"
"12,47 : 438.78"
"12,48 : 520.69"
"12,49 : 360.07"
"12,50 : 380.06"
"12,51 : 420.15"
"12,52 : 632.57"
"12,53 : 469.56"
"12,54 : 704.47"
"12,55 : 401.51"
"12,56 : 606.51"
"12,57 : 568.03"
"12,58 : 354.67"
"12,59 : 404.85"
"12,60 : 244.09"
"12,61 : 304.6"
"12,62 : 329.56"
"12,63 : 51.48"
"12,64 : 211.62"
"12,65 : 625.01"
"12,66 : 429.07"
"12,67 : 321.75"
"12,68 : 719.65"
"12,69 : 695.78"
"12,70 : 440.48"
"12,71 : 579.34"
"12,72 : 308.51"
"12,73 : 664.82"
"12,74 : 401.97"
"12,75 : 320.37"
"12,76 : 500.65"
"12,77 : 307.07"
"12,78 : 183.87"
"12,79 : 280.89"
"12,80 : 232.65"
"12,81 : 368.35"
"12,82 : 678.97"
"12,83 : 797.41"
"12,84 : 383.26"
"12,85 : 371.17"
"12,86 : 459.51"
"12,87 : 655.66"
"12,88 : 503.62"
"12,89 : 298.14"
"12,90 : 364.94"
"12,91 : 622.94"
"12,92 : 245.07"
"12,93 : 245.9"
"12,94 : 591.95"
"12,95 : 640.66"
"12,96 : 128.19"
"12,97 : 682.92"
"12,98 : 750.3"
"12,99 : 458.91"
"13,0 : 752.23"
"13,1 : 694.97"
"13,2 : 124.28"
"13,3 : 506.14"
"13,4 : 236.07"
"13,5 : 418.77"
"13,6 : 467.38"
"13,7 : 284.46"
"13,8 : 319.66"
"13,9 : 280.72"
"13,10 : 828.58"
"13,11 : 119.34"
"13,12 : 533.25"
"13,13 : 0.0"
"13,14 : 698.74"
"13,15 : 425.67"
"13,16 : 408.28"
"13,17 : 304.35"
"13,18 : 425.79"
"13,19 : 132.28"
"13,20 : 227.71"
"13,21 : 632.95"
"13,22 : 662.09"
"13,23 : 451.43"
"13,24 : 330.22"
"13,25 : 60.83"
"13,26 : 396.23"
"13,27 : 363.47"
"13,28 : 810.79"
"13,29 : 218.11"
"13,30 : 155.13"
"13,31 : 156.46"
"13,32 : 409.52"
"13,33 : 377.47"
"13,34 : 829.55"
"13,35 : 859.64"
"13,36 : 256.11"
"13,37 : 434.19"
"13,38 : 898.4"
"13,39 : 250.42"
"13,40 : 432.31"
"13,41 : 592.74"
"13,42 : 332.34"
"13,43 : 508.82"
"13,44 : 340.82"
"13,45 : 717.4"
"13,46 : 774.43"
"13,47 : 476.5"
"13,48 : 378.11"
"13,49 : 427.99"
"13,50 : 775.86"
"13,51 : 197.37"
"13,52 : 353.06"
"13,53 : 798.84"
"13,54 : 460.72"
"13,55 : 744.77"
"13,56 : 249.47"
"13,57 : 672.22"
"13,58 : 391.32"
"13,59 : 478.83"
"13,60 : 660.75"
"13,61 : 438.14"
"13,62 : 507.89"
"13,63 : 498.53"
"13,64 : 326.33"
"13,65 : 761.66"
"13,66 : 198.59"
"13,67 : 253.27"
"13,68 : 240.65"
"13,69 : 483.05"
"13,70 : 726.26"
"13,71 : 203.97"
"13,72 : 610.53"
"13,73 : 486.97"
"13,74 : 236.04"
"13,75 : 576.1"
"13,76 : 261.4"
"13,77 : 462.73"
"13,78 : 700.15"
"13,79 : 265.27"
"13,80 : 726.33"
"13,81 : 540.88"
"13,82 : 561.7"
"13,83 : 360.28"
"13,84 : 173.44"
"13,85 : 635.31"
"13,86 : 676.67"
"13,87 : 385.21"
"13,88 : 167.36"
"13,89 : 717.47"
"13,90 : 481.82"
"13,91 : 485.04"
"13,92 : 353.39"
"13,93 : 762.24"
"13,94 : 462.28"
"13,95 : 321.64"
"13,96 : 574.41"
"13,97 : 204.5"
"13,98 : 412.08"
"13,99 : 526.8"
"14,0 : 162.25"
"14,1 : 91.92"
"14,2 : 819.77"
"14,3 : 988.77"
"14,4 : 571.55"
"14,5 : 472.3"
"14,6 : 455.76"
"14,7 : 488.23"
"14,8 : 579.54"
"14,9 : 807.96"
"14,10 : 665.89"
"14,11 : 675.05"
"14,12 : 174.4"
"14,13 : 698.74"
"14,14 : 0.0"
"14,15 : 1006.02"
"14,16 : 935.56"
"14,17 : 406.21"
"14,18 : 703.16"
"14,19 : 808.48"
"14,20 : 473.85"
"14,21 : 77.47"
"14,22 : 115.11"
"14,23 : 1037.26"
"14,24 : 453.28"
"14,25 : 759.17"
"14,26 : 317.29"
"14,27 : 586.22"
"14,28 : 366.96"
"14,29 : 512.63"
"14,30 : 691.42"
"14,31 : 829.17"
"14,32 : 541.93"
"14,33 : 335.63"
"14,34 : 239.75"
"14,35 : 478.39"
"14,36 : 645.7"
"14,37 : 449.98"
"14,38 : 239.07"
"14,39 : 477.77"
"14,40 : 810.81"
"14,41 : 174.87"
"14,42 : 525.96"
"14,43 : 222.87"
"14,44 : 429.12"
"14,45 : 679.61"
"14,46 : 667.01"
"14,47 : 588.1"
"14,48 : 686.48"
"14,49 : 516.43"
"14,50 : 406.61"
"14,51 : 563.75"
"14,52 : 803.59"
"14,53 : 516.96"
"14,54 : 870.67"
"14,55 : 455.24"
"14,56 : 780.72"
"14,57 : 685.23"
"14,58 : 517.08"
"14,59 : 552.31"
"14,60 : 181.69"
"14,61 : 384.91"
"14,62 : 467.46"
"14,63 : 222.32"
"14,64 : 384.02"
"14,65 : 726.57"
"14,66 : 603.46"
"14,67 : 468.24"
"14,68 : 892.99"
"14,69 : 785.51"
"14,70 : 514.43"
"14,71 : 718.88"
"14,72 : 408.05"
"14,73 : 825.96"
"14,74 : 538.56"
"14,75 : 331.73"
"14,76 : 673.82"
"14,77 : 456.43"
"14,78 : 25.3"
"14,79 : 453.96"
"14,80 : 214.11"
"14,81 : 401.38"
"14,82 : 831.46"
"14,83 : 971.8"
"14,84 : 555.8"
"14,85 : 469.6"
"14,86 : 557.43"
"14,87 : 764.46"
"14,88 : 647.83"
"14,89 : 331.3"
"14,90 : 423.95"
"14,91 : 701.94"
"14,92 : 417.35"
"14,93 : 73.41"
"14,94 : 673.57"
"14,95 : 813.41"
"14,96 : 148.95"
"14,97 : 856.01"
"14,98 : 922.11"
"14,99 : 505.53"
"15,0 : 998.86"
"15,1 : 968.72"
"15,2 : 341.04"
"15,3 : 151.65"
"15,4 : 660.9"
"15,5 : 838.44"
"15,6 : 885.79"
"15,7 : 698.55"
"15,8 : 745.32"
"15,9 : 198.17"
"15,10 : 823.02"
"15,11 : 539.97"
"15,12 : 832.2"
"15,13 : 425.67"
"15,14 : 1006.02"
"15,15 : 0.0"
"15,16 : 92.09"
"15,17 : 612.63"
"15,18 : 840.91"
"15,19 : 449.45"
"15,20 : 603.51"
"15,21 : 929.81"
"15,22 : 930.8"
"15,23 : 31.24"
"15,24 : 741.04"
"15,25 : 387.64"
"15,26 : 692.34"
"15,27 : 789.0"
"15,28 : 968.79"
"15,29 : 507.03"
"15,30 : 569.1"
"15,31 : 280.94"
"15,32 : 834.65"
"15,33 : 675.29"
"15,34 : 1188.7"
"15,35 : 968.4"
"15,36 : 360.76"
"15,37 : 589.65"
"15,38 : 1235.4"
"15,39 : 651.6"
"15,40 : 271.27"
"15,41 : 951.34"
"15,42 : 487.86"
"15,43 : 784.8"
"15,44 : 745.95"
"15,45 : 682.21"
"15,46 : 757.05"
"15,47 : 511.85"
"15,48 : 359.87"
"15,49 : 535.8"
"15,50 : 908.8"
"15,51 : 618.89"
"15,52 : 221.71"
"15,53 : 875.13"
"15,54 : 232.22"
"15,55 : 848.63"
"15,56 : 227.17"
"15,57 : 627.16"
"15,58 : 516.61"
"15,59 : 541.13"
"15,60 : 1024.67"
"15,61 : 843.07"
"15,62 : 622.84"
"15,63 : 783.77"
"15,64 : 632.67"
"15,65 : 703.1"
"15,66 : 407.85"
"15,67 : 649.44"
"15,68 : 199.06"
"15,69 : 885.05"
"15,70 : 795.15"
"15,71 : 607.6"
"15,72 : 742.18"
"15,73 : 308.66"
"15,74 : 656.4"
"15,75 : 975.29"
"15,76 : 333.02"
"15,77 : 600.75"
"15,78 : 1015.94"
"15,79 : 564.06"
"15,80 : 948.77"
"15,81 : 952.23"
"15,82 : 386.37"
"15,83 : 74.53"
"15,84 : 473.26"
"15,85 : 728.75"
"15,86 : 716.44"
"15,87 : 784.03"
"15,88 : 590.9"
"15,89 : 884.66"
"15,90 : 896.05"
"15,91 : 902.67"
"15,92 : 589.41"
"15,93 : 1078.1"
"15,94 : 882.61"
"15,95 : 197.47"
"15,96 : 917.67"
"15,97 : 227.07"
"15,98 : 115.0"
"15,99 : 949.76"
"16,0 : 919.48"
"16,1 : 893.36"
"16,2 : 348.05"
"16,3 : 101.65"
"16,4 : 636.59"
"16,5 : 805.67"
"16,6 : 851.41"
"16,7 : 664.14"
"16,8 : 724.0"
"16,9 : 140.77"
"16,10 : 731.06"
"16,11 : 527.03"
"16,12 : 763.11"
"16,13 : 408.28"
"16,14 : 935.56"
"16,15 : 92.09"
"16,16 : 0.0"
"16,17 : 552.33"
"16,18 : 833.07"
"16,19 : 458.88"
"16,20 : 558.46"
"16,21 : 858.62"
"16,22 : 855.23"
"16,23 : 118.46"
"16,24 : 703.96"
"16,25 : 382.0"
"16,26 : 626.51"
"16,27 : 768.65"
"16,28 : 881.16"
"16,29 : 450.36"
"16,30 : 560.23"
"16,31 : 284.49"
"16,32 : 809.28"
"16,33 : 610.37"
"16,34 : 1127.29"
"16,35 : 877.98"
"16,36 : 291.45"
"16,37 : 508.19"
"16,38 : 1168.39"
"16,39 : 612.54"
"16,40 : 179.18"
"16,41 : 892.47"
"16,42 : 411.64"
"16,43 : 713.0"
"16,44 : 706.04"
"16,45 : 590.37"
"16,46 : 665.13"
"16,47 : 422.5"
"16,48 : 272.62"
"16,49 : 451.48"
"16,50 : 819.98"
"16,51 : 591.32"
"16,52 : 136.34"
"16,53 : 783.91"
"16,54 : 142.62"
"16,55 : 758.66"
"16,56 : 174.39"
"16,57 : 535.3"
"16,58 : 434.95"
"16,59 : 452.83"
"16,60 : 966.21"
"16,61 : 801.28"
"16,62 : 536.54"
"16,63 : 713.47"
"16,64 : 571.04"
"16,65 : 612.02"
"16,66 : 349.52"
"16,67 : 608.64"
"16,68 : 217.79"
"16,69 : 884.9"
"16,70 : 704.06"
"16,71 : 603.91"
"16,72 : 655.0"
"16,73 : 217.99"
"16,74 : 627.05"
"16,75 : 929.14"
"16,76 : 263.03"
"16,77 : 517.12"
"16,78 : 946.89"
"16,79 : 504.78"
"16,80 : 867.12"
"16,81 : 912.34"
"16,82 : 298.08"
"16,83 : 127.32"
"16,84 : 422.18"
"16,85 : 639.27"
"16,86 : 624.89"
"16,87 : 784.62"
"16,88 : 575.59"
"16,89 : 798.48"
"16,90 : 858.57"
"16,91 : 893.05"
"16,92 : 518.31"
"16,93 : 1008.34"
"16,94 : 870.55"
"16,95 : 122.67"
"16,96 : 855.67"
"16,97 : 232.77"
"16,98 : 23.35"
"16,99 : 919.45"
"17,0 : 447.89"
"17,1 : 392.33"
"17,2 : 419.36"
"17,3 : 622.19"
"17,4 : 280.18"
"17,5 : 339.98"
"17,6 : 370.27"
"17,7 : 229.83"
"17,8 : 346.34"
"17,9 : 415.9"
"17,10 : 621.02"
"17,11 : 318.71"
"17,12 : 234.05"
"17,13 : 304.35"
"17,14 : 406.21"
"17,15 : 612.63"
"17,16 : 552.33"
"17,17 : 0.0"
"17,18 : 501.33"
"17,19 : 428.07"
"17,20 : 117.66"
"17,21 : 335.11"
"17,22 : 358.47"
"17,23 : 643.55"
"17,24 : 238.93"
"17,25 : 362.43"
"17,26 : 92.44"
"17,27 : 381.88"
"17,28 : 522.22"
"17,29 : 107.45"
"17,30 : 348.82"
"17,31 : 423.74"
"17,32 : 382.82"
"17,33 : 73.5"
"17,34 : 576.18"
"17,35 : 587.69"
"17,36 : 264.01"
"17,37 : 211.15"
"17,38 : 625.63"
"17,39 : 174.04"
"17,40 : 465.61"
"17,41 : 340.15"
"17,42 : 188.0"
"17,43 : 204.56"
"17,44 : 224.27"
"17,45 : 547.5"
"17,46 : 582.2"
"17,47 : 334.25"
"17,48 : 348.5"
"17,49 : 251.41"
"17,50 : 499.0"
"17,51 : 242.53"
"17,52 : 431.61"
"17,53 : 547.5"
"17,54 : 520.39"
"17,55 : 484.48"
"17,56 : 385.51"
"17,57 : 519.42"
"17,58 : 223.66"
"17,59 : 313.21"
"17,60 : 413.88"
"17,61 : 292.75"
"17,62 : 287.2"
"17,63 : 195.06"
"17,64 : 22.47"
"17,65 : 598.99"
"17,66 : 204.8"
"17,67 : 160.7"
"17,68 : 486.96"
"17,69 : 585.14"
"17,70 : 487.69"
"17,71 : 393.32"
"17,72 : 352.6"
"17,73 : 499.32"
"17,74 : 243.84"
"17,75 : 395.96"
"17,76 : 291.98"
"17,77 : 241.3"
"17,78 : 411.89"
"17,79 : 48.84"
"17,80 : 424.0"
"17,81 : 401.03"
"17,82 : 537.84"
"17,83 : 571.3"
"17,84 : 149.59"
"17,85 : 396.55"
"17,86 : 464.67"
"17,87 : 517.43"
"17,88 : 314.62"
"17,89 : 430.55"
"17,90 : 362.22"
"17,91 : 536.52"
"17,92 : 99.48"
"17,93 : 474.85"
"17,94 : 505.09"
"17,95 : 430.46"
"17,96 : 305.06"
"17,97 : 449.84"
"17,98 : 542.86"
"17,99 : 448.74"
"18,0 : 831.56"
"18,1 : 752.35"
"18,2 : 501.79"
"18,3 : 931.78"
"18,4 : 231.29"
"18,5 : 230.89"
"18,6 : 254.57"
"18,7 : 272.95"
"18,8 : 155.05"
"18,9 : 706.0"
"18,10 : 1122.29"
"18,11 : 306.47"
"18,12 : 609.66"
"18,13 : 425.79"
"18,14 : 703.16"
"18,15 : 840.91"
"18,16 : 833.07"
"18,17 : 501.33"
"18,18 : 0.0"
"18,19 : 400.93"
"18,20 : 390.71"
"18,21 : 674.75"
"18,22 : 736.25"
"18,23 : 863.41"
"18,24 : 279.46"
"18,25 : 453.86"
"18,26 : 546.88"
"18,27 : 125.36"
"18,28 : 977.44"
"18,29 : 508.78"
"18,30 : 273.05"
"18,31 : 560.01"
"18,32 : 161.3"
"18,33 : 537.33"
"18,34 : 701.57"
"18,35 : 1063.21"
"18,36 : 644.16"
"18,37 : 710.78"
"18,38 : 803.42"
"18,39 : 327.53"
"18,40 : 846.6"
"18,41 : 532.85"
"18,42 : 654.9"
"18,43 : 629.09"
"18,44 : 302.59"
"18,45 : 1044.28"
"18,46 : 1082.91"
"18,47 : 815.34"
"18,48 : 767.39"
"18,49 : 740.53"
"18,50 : 973.13"
"18,51 : 279.54"
"18,52 : 773.66"
"18,53 : 1039.5"
"18,54 : 881.68"
"18,55 : 973.38"
"18,56 : 673.97"
"18,57 : 1011.1"
"18,58 : 706.92"
"18,59 : 802.19"
"18,60 : 564.42"
"18,61 : 318.4"
"18,62 : 788.1"
"18,63 : 610.58"
"18,64 : 509.4"
"18,65 : 1094.79"
"18,66 : 567.47"
"18,67 : 340.71"
"18,68 : 643.77"
"18,69 : 86.53"
"18,70 : 985.72"
"18,71 : 233.94"
"18,72 : 847.46"
"18,73 : 897.91"
"18,74 : 262.39"
"18,75 : 406.08"
"18,76 : 659.88"
"18,77 : 741.51"
"18,78 : 689.64"
"18,79 : 505.22"
"18,80 : 842.12"
"18,81 : 332.66"
"18,82 : 963.9"
"18,83 : 770.01"
"18,84 : 494.9"
"18,85 : 896.05"
"18,86 : 965.99"
"18,87 : 91.02"
"18,88 : 260.64"
"18,89 : 895.07"
"18,90 : 287.7"
"18,91 : 63.25"
"18,92 : 599.4"
"18,93 : 735.03"
"18,94 : 55.97"
"18,95 : 745.57"
"18,96 : 555.08"
"18,97 : 613.84"
"18,98 : 837.69"
"18,99 : 241.32"
"19,0 : 874.14"
"19,1 : 812.91"
"19,2 : 110.86"
"19,3 : 560.51"
"19,4 : 279.21"
"19,5 : 464.6"
"19,6 : 513.48"
"19,7 : 351.4"
"19,8 : 341.4"
"19,9 : 356.06"
"19,10 : 957.48"
"19,11 : 143.69"
"19,12 : 649.54"
"19,13 : 132.28"
"19,14 : 808.48"
"19,15 : 449.45"
"19,16 : 458.88"
"19,17 : 428.07"
"19,18 : 400.93"
"19,19 : 0.0"
"19,20 : 335.39"
"19,21 : 747.01"
"19,22 : 781.67"
"19,23 : 469.02"
"19,24 : 397.75"
"19,25 : 97.74"
"19,26 : 518.05"
"19,27 : 378.35"
"19,28 : 941.34"
"19,29 : 349.02"
"19,30 : 149.8"
"19,31 : 174.38"
"19,32 : 435.62"
"19,33 : 499.73"
"19,34 : 916.9"
"19,35 : 991.76"
"19,36 : 376.01"
"19,37 : 566.43"
"19,38 : 994.29"
"19,39 : 337.2"
"19,40 : 525.02"
"19,41 : 686.42"
"19,42 : 463.39"
"19,43 : 630.68"
"19,44 : 414.57"
"19,45 : 842.59"
"19,46 : 901.94"
"19,47 : 602.84"
"19,48 : 491.81"
"19,49 : 558.55"
"19,50 : 907.64"
"19,51 : 260.35"
"19,52 : 439.39"
"19,53 : 930.98"
"19,54 : 542.09"
"19,55 : 877.05"
"19,56 : 331.36"
"19,57 : 795.6"
"19,58 : 522.1"
"19,59 : 607.53"
"19,60 : 749.67"
"19,61 : 505.62"
"19,62 : 639.75"
"19,63 : 618.92"
"19,64 : 449.28"
"19,65 : 885.23"
"19,66 : 327.36"
"19,67 : 344.28"
"19,68 : 250.45"
"19,69 : 436.96"
"19,70 : 858.04"
"19,71 : 169.54"
"19,72 : 742.78"
"19,73 : 581.63"
"19,74 : 296.24"
"19,75 : 643.32"
"19,76 : 375.73"
"19,77 : 594.84"
"19,78 : 807.35"
"19,79 : 392.8"
"19,80 : 852.03"
"19,81 : 595.63"
"19,82 : 662.0"
"19,83 : 376.03"
"19,84 : 305.22"
"19,85 : 767.32"
"19,86 : 806.94"
"19,87 : 336.09"
"19,88 : 189.59"
"19,89 : 848.11"
"19,90 : 534.76"
"19,91 : 464.05"
"19,92 : 484.32"
"19,93 : 868.08"
"19,94 : 448.41"
"19,95 : 400.96"
"19,96 : 675.46"
"19,97 : 226.92"
"19,98 : 468.86"
"19,99 : 558.6"
"20,0 : 543.01"
"20,1 : 478.62"
"20,2 : 351.42"
"20,3 : 641.47"
"20,4 : 164.07"
"20,5 : 262.02"
"20,6 : 302.21"
"20,7 : 128.84"
"20,8 : 237.36"
"20,9 : 417.69"
"20,10 : 734.71"
"20,11 : 210.34"
"20,12 : 314.95"
"20,13 : 227.71"
"20,14 : 473.85"
"20,15 : 603.51"
"20,16 : 558.46"
"20,17 : 117.66"
"20,18 : 390.71"
"20,19 : 335.39"
"20,20 : 0.0"
"20,21 : 411.65"
"20,22 : 448.64"
"20,23 : 633.04"
"20,24 : 155.0"
"20,25 : 288.53"
"20,26 : 192.59"
"20,27 : 276.83"
"20,28 : 635.65"
"20,29 : 129.99"
"20,30 : 236.32"
"20,31 : 371.95"
"20,32 : 289.59"
"20,33 : 176.32"
"20,34 : 604.7"
"20,35 : 704.49"
"20,36 : 295.15"
"20,37 : 320.98"
"20,38 : 670.9"
"20,39 : 67.72"
"20,40 : 508.35"
"20,41 : 366.43"
"20,42 : 268.89"
"20,43 : 301.96"
"20,44 : 150.92"
"20,45 : 653.58"
"20,46 : 693.1"
"20,47 : 427.58"
"20,48 : 405.35"
"20,49 : 350.37"
"20,50 : 615.41"
"20,51 : 124.87"
"20,52 : 455.88"
"20,53 : 665.09"
"20,54 : 556.49"
"20,55 : 602.14"
"20,56 : 384.21"
"20,57 : 621.17"
"20,58 : 317.65"
"20,59 : 412.31"
"20,60 : 436.1"
"20,61 : 243.19"
"20,62 : 399.06"
"20,63 : 288.17"
"20,64 : 132.5"
"20,65 : 704.19"
"20,66 : 218.82"
"20,67 : 57.56"
"20,68 : 447.63"
"20,69 : 472.61"
"20,70 : 604.4"
"20,71 : 277.97"
"20,72 : 470.12"
"20,73 : 551.0"
"20,74 : 129.07"
"20,75 : 371.91"
"20,76 : 319.05"
"20,77 : 351.95"
"20,78 : 473.91"
"20,79 : 114.55"
"20,80 : 527.77"
"20,81 : 354.89"
"20,82 : 603.08"
"20,83 : 550.68"
"20,84 : 139.27"
"20,85 : 512.79"
"20,86 : 577.8"
"20,87 : 401.03"
"20,88 : 199.25"
"20,89 : 545.08"
"20,90 : 303.98"
"20,91 : 430.97"
"20,92 : 210.72"
"20,93 : 535.55"
"20,94 : 400.31"
"20,95 : 443.37"
"20,96 : 346.71"
"20,97 : 409.44"
"20,98 : 553.72"
"20,99 : 377.06"
"21,0 : 157.94"
"21,1 : 77.62"
"21,2 : 752.26"
"21,3 : 911.32"
"21,4 : 523.17"
"21,5 : 446.25"
"21,6 : 437.51"
"21,7 : 441.3"
"21,8 : 541.39"
"21,9 : 731.88"
"21,10 : 613.13"
"21,11 : 617.64"
"21,12 : 101.08"
"21,13 : 632.95"
"21,14 : 77.47"
"21,15 : 929.81"
"21,16 : 858.62"
"21,17 : 335.11"
"21,18 : 674.75"
"21,19 : 747.01"
"21,20 : 411.65"
"21,21 : 0.0"
"21,22 : 70.43"
"21,23 : 961.05"
"21,24 : 411.09"
"21,25 : 692.88"
"21,26 : 244.3"
"21,27 : 553.43"
"21,28 : 339.82"
"21,29 : 440.24"
"21,30 : 636.91"
"21,31 : 758.84"
"21,32 : 515.25"
"21,33 : 263.01"
"21,34 : 306.63"
"21,35 : 446.93"
"21,36 : 569.24"
"21,37 : 373.18"
"21,38 : 315.93"
"21,39 : 423.23"
"21,40 : 733.4"
"21,41 : 174.45"
"21,42 : 448.63"
"21,43 : 145.66"
"21,44 : 386.39"
"21,45 : 615.73"
"21,46 : 608.67"
"21,47 : 512.66"
"21,48 : 609.04"
"21,49 : 439.74"
"21,50 : 367.25"
"21,51 : 510.17"
"21,52 : 726.35"
"21,53 : 471.5"
"21,54 : 793.24"
"21,55 : 406.45"
"21,56 : 705.07"
"21,57 : 617.87"
"21,58 : 439.77"
"21,59 : 477.12"
"21,60 : 210.3"
"21,61 : 358.37"
"21,62 : 393.78"
"21,63 : 146.21"
"21,64 : 312.69"
"21,65 : 664.11"
"21,66 : 528.91"
"21,67 : 412.59"
"21,68 : 820.54"
"21,69 : 759.33"
"21,70 : 459.36"
"21,71 : 668.05"
"21,72 : 343.33"
"21,73 : 748.95"
"21,74 : 488.37"
"21,75 : 334.12"
"21,76 : 597.27"
"21,77 : 380.58"
"21,78 : 93.47"
"21,79 : 381.94"
"21,80 : 185.91"
"21,81 : 396.23"
"21,82 : 755.8"
"21,83 : 896.75"
"21,84 : 484.34"
"21,85 : 406.1"
"21,86 : 495.01"
"21,87 : 729.12"
"21,88 : 594.3"
"21,89 : 287.09"
"21,90 : 407.8"
"21,91 : 680.24"
"21,92 : 340.65"
"21,93 : 150.86"
"21,94 : 650.46"
"21,95 : 736.61"
"21,96 : 129.07"
"21,97 : 783.89"
"21,98 : 844.99"
"21,99 : 496.4"
"22,0 : 97.08"
"22,1 : 38.21"
"22,2 : 777.69"
"22,3 : 900.85"
"22,4 : 573.11"
"22,5 : 509.95"
"22,6 : 503.95"
"22,7 : 493.24"
"22,8 : 598.4"
"22,9 : 734.43"
"22,10 : 552.08"
"22,11 : 658.11"
"22,12 : 135.45"
"22,13 : 662.09"
"22,14 : 115.11"
"22,15 : 930.8"
"22,16 : 855.23"
"22,17 : 358.47"
"22,18 : 736.25"
"22,19 : 781.67"
"22,20 : 448.64"
"22,21 : 70.43"
"22,22 : 0.0"
"22,23 : 961.96"
"22,24 : 466.76"
"22,25 : 720.76"
"22,26 : 266.09"
"22,27 : 613.37"
"22,28 : 269.46"
"22,29 : 458.29"
"22,30 : 680.32"
"22,31 : 778.75"
"22,32 : 578.25"
"22,33 : 284.99"
"22,34 : 354.81"
"22,35 : 377.19"
"22,36 : 570.79"
"22,37 : 354.85"
"22,38 : 344.65"
"22,39 : 468.8"
"22,40 : 719.16"
"22,41 : 244.88"
"22,42 : 443.71"
"22,43 : 154.64"
"22,44 : 442.04"
"22,45 : 564.87"
"22,46 : 552.0"
"22,47 : 485.72"
"22,48 : 596.16"
"22,49 : 419.84"
"22,50 : 299.16"
"22,51 : 555.59"
"22,52 : 720.53"
"22,53 : 406.08"
"22,54 : 779.3"
"22,55 : 342.61"
"22,56 : 709.77"
"22,57 : 571.74"
"22,58 : 425.7"
"22,59 : 449.44"
"22,60 : 277.6"
"22,61 : 422.61"
"22,62 : 361.71"
"22,63 : 163.57"
"22,64 : 336.17"
"22,65 : 611.57"
"22,66 : 539.34"
"22,67 : 457.19"
"22,68 : 835.14"
"22,69 : 821.57"
"22,70 : 399.85"
"22,71 : 714.78"
"22,72 : 293.98"
"22,73 : 729.54"
"22,74 : 537.12"
"22,75 : 404.43"
"22,76 : 598.05"
"22,77 : 356.6"
"22,78 : 139.03"
"22,79 : 402.02"
"22,80 : 115.52"
"22,81 : 465.7"
"22,82 : 728.71"
"22,83 : 902.96"
"22,84 : 504.07"
"22,85 : 354.98"
"22,86 : 442.5"
"22,87 : 786.82"
"22,88 : 639.01"
"22,89 : 220.49"
"22,90 : 474.99"
"22,91 : 744.54"
"22,92 : 344.08"
"22,93 : 180.08"
"22,94 : 714.32"
"22,95 : 734.83"
"22,96 : 198.71"
"22,97 : 799.53"
"22,98 : 840.08"
"22,99 : 564.88"
"23,0 : 1029.79"
"23,1 : 999.89"
"23,2 : 362.16"
"23,3 : 161.01"
"23,4 : 687.17"
"23,5 : 865.93"
"23,6 : 913.5"
"23,7 : 726.48"
"23,8 : 770.87"
"23,9 : 229.38"
"23,10 : 847.13"
"23,11 : 564.34"
"23,12 : 863.42"
"23,13 : 451.43"
"23,14 : 1037.26"
"23,15 : 31.24"
"23,16 : 118.46"
"23,17 : 643.55"
"23,18 : 863.41"
"23,19 : 469.02"
"23,20 : 633.04"
"23,21 : 961.05"
"23,22 : 961.96"
"23,23 : 0.0"
"23,24 : 769.32"
"23,25 : 411.27"
"23,26 : 723.49"
"23,27 : 814.28"
"23,28 : 998.15"
"23,29 : 537.78"
"23,30 : 592.5"
"23,31 : 303.66"
"23,32 : 860.84"
"23,33 : 706.42"
"23,34 : 1219.55"
"23,35 : 996.35"
"23,36 : 392.0"
"23,37 : 620.27"
"23,38 : 1266.55"
"23,39 : 680.28"
"23,40 : 296.73"
"23,41 : 982.04"
"23,42 : 518.92"
"23,43 : 816.04"
"23,44 : 774.65"
"23,45 : 706.01"
"23,46 : 781.08"
"23,47 : 540.41"
"23,48 : 389.17"
"23,49 : 565.94"
"23,50 : 937.68"
"23,51 : 645.83"
"23,52 : 251.25"
"23,53 : 902.35"
"23,54 : 254.28"
"23,55 : 876.89"
"23,56 : 258.17"
"23,57 : 651.03"
"23,58 : 547.18"
"23,59 : 570.17"
"23,60 : 1055.33"
"23,61 : 871.94"
"23,62 : 652.55"
"23,63 : 815.01"
"23,64 : 663.65"
"23,65 : 725.46"
"23,66 : 438.79"
"23,67 : 678.37"
"23,68 : 219.82"
"23,69 : 905.6"
"23,70 : 822.52"
"23,71 : 629.68"
"23,72 : 771.66"
"23,73 : 331.22"
"23,74 : 683.57"
"23,75 : 1004.66"
"23,76 : 364.24"
"23,77 : 631.05"
"23,78 : 1047.15"
"23,79 : 594.94"
"23,80 : 979.44"
"23,81 : 980.74"
"23,82 : 406.45"
"23,83 : 93.43"
"23,84 : 503.6"
"23,85 : 757.28"
"23,86 : 743.25"
"23,87 : 804.6"
"23,88 : 615.6"
"23,89 : 914.46"
"23,90 : 924.25"
"23,91 : 925.48"
"23,92 : 620.65"
"23,93 : 1109.32"
"23,94 : 906.0"
"23,95 : 228.27"
"23,96 : 948.6"
"23,97 : 250.26"
"23,98 : 140.43"
"23,99 : 976.72"
