x,y
452,414
517,886
102,912
16,63
387,808
832,106
308,45
283,845
65,284
332,156
768,292
767,497
992,206
978,794
199,9
323,198
112,793
446,544
786,62
851,298
646,842
57,782
235,450
878,907
662,927
682,241
334,761
49,703
60,142
225,939
490,305
226,331
888,155
612,120
710,515
186,678
440,405
817,264
284,341
620,271
73,133
515,688
847,179
472,965
776,592
114,31
792,23
967,189
104,919
443,304
707,961
701,161
807,331
866,670
269,356
646,777
767,871
375,98
131,706
877,505
327,960
234,423
232,538
817,199
891,429
300,286
328,563
134,987
509,282
855,278
750,463
255,24
181,251
403,287
86,228
264,645
852,628
618,568
953,108
539,107
942,129
420,256
129,981
390,444
401,992
200,107
653,489
961,494
382,160
135,176
49,135
936,60
437,277
642,35
181,483
15,159
914,789
69,156
271,321
967,911

Distanze
"0,0 : 0.0"
"0,1 : 490.72"
"0,2 : 60.53"
"0,3 : 338.2"
"0,4 : 542.03"
"0,5 : 417.28"
"0,6 : 296.51"
"0,7 : 227.85"
"0,8 : 515.33"
"0,9 : 547.57"
"0,10 : 527.73"
"0,11 : 275.07"
"0,12 : 597.54"
"0,13 : 363.8"
"0,14 : 353.36"
"0,15 : 619.75"
"0,16 : 556.88"
"0,17 : 183.09"
"0,18 : 213.0"
"0,19 : 434.31"
"0,20 : 407.49"
"0,21 : 466.76"
"0,22 : 284.62"
"0,23 : 253.92"
"0,24 : 239.59"
"0,25 : 553.62"
"0,26 : 237.81"
"0,27 : 594.0"
"0,28 : 406.49"
"0,29 : 162.12"
"0,30 : 619.4"
"0,31 : 314.7"
"0,32 : 370.9"
"0,33 : 333.66"
"0,34 : 495.04"
"0,35 : 387.62"
"0,36 : 491.39"
"0,37 : 322.12"
"0,38 : 560.82"
"0,39 : 334.23"
"0,40 : 403.84"
"0,41 : 450.14"
"0,42 : 260.46"
"0,43 : 417.83"
"0,44 : 425.18"
"0,45 : 230.05"
"0,46 : 504.18"
"0,47 : 349.91"
"0,48 : 68.24"
"0,49 : 463.38"
"0,50 : 185.18"
"0,51 : 452.84"
"0,52 : 482.03"
"0,53 : 398.02"
"0,54 : 511.49"
"0,55 : 508.43"
"0,56 : 500.6"
"0,57 : 358.05"
"0,58 : 496.02"
"0,59 : 387.24"
"0,60 : 217.25"
"0,61 : 250.92"
"0,62 : 128.23"
"0,63 : 427.67"
"0,64 : 528.05"
"0,65 : 467.11"
"0,66 : 630.12"
"0,67 : 427.68"
"0,68 : 382.82"
"0,69 : 151.35"
"0,70 : 521.43"
"0,71 : 443.09"
"0,72 : 277.78"
"0,73 : 470.88"
"0,74 : 270.3"
"0,75 : 171.29"
"0,76 : 463.67"
"0,77 : 420.71"
"0,78 : 554.5"
"0,79 : 413.19"
"0,80 : 640.21"
"0,81 : 298.41"
"0,82 : 476.54"
"0,83 : 473.53"
"0,84 : 316.36"
"0,85 : 406.86"
"0,86 : 186.68"
"0,87 : 231.49"
"0,88 : 339.04"
"0,89 : 635.16"
"0,90 : 373.8"
"0,91 : 524.75"
"0,92 : 538.03"
"0,93 : 598.83"
"0,94 : 435.16"
"0,95 : 392.76"
"0,96 : 474.1"
"0,97 : 318.19"
"0,98 : 422.43"
"0,99 : 116.06"
"1,0 : 490.72"
"1,1 : 0.0"
"1,2 : 462.91"
"1,3 : 688.2"
"1,4 : 1013.84"
"1,5 : 730.81"
"1,6 : 522.46"
"1,7 : 697.84"
"1,8 : 962.08"
"1,9 : 988.98"
"1,10 : 221.82"
"1,11 : 724.66"
"1,12 : 799.36"
"1,13 : 852.42"
"1,14 : 776.48"
"1,15 : 1110.05"
"1,16 : 1008.48"
"1,17 : 452.48"
"1,18 : 703.67"
"1,19 : 801.82"
"1,20 : 516.4"
"1,21 : 911.75"
"1,22 : 542.67"
"1,23 : 543.01"
"1,24 : 617.51"
"1,25 : 1034.79"
"1,26 : 653.44"
"1,27 : 173.28"
"1,28 : 455.09"
"1,29 : 591.6"
"1,30 : 817.82"
"1,31 : 803.03"
"1,32 : 585.09"
"1,33 : 408.1"
"1,34 : 674.33"
"1,35 : 241.12"
"1,36 : 972.98"
"1,37 : 522.12"
"1,38 : 150.22"
"1,39 : 583.93"
"1,40 : 229.26"
"1,41 : 916.89"
"1,42 : 748.91"
"1,43 : 654.92"
"1,44 : 900.18"
"1,45 : 720.35"
"1,46 : 991.04"
"1,47 : 201.09"
"1,48 : 556.33"
"1,49 : 218.68"
"1,50 : 591.26"
"1,51 : 930.02"
"1,52 : 821.81"
"1,53 : 878.36"
"1,54 : 647.67"
"1,55 : 867.76"
"1,56 : 873.45"
"1,57 : 682.37"
"1,58 : 933.9"
"1,59 : 805.36"
"1,60 : 284.48"
"1,61 : 717.48"
"1,62 : 615.99"
"1,63 : 188.11"
"1,64 : 777.81"
"1,65 : 730.12"
"1,66 : 950.25"
"1,67 : 554.37"
"1,68 : 477.03"
"1,69 : 340.49"
"1,70 : 740.99"
"1,71 : 896.46"
"1,72 : 614.98"
"1,73 : 736.1"
"1,74 : 759.92"
"1,75 : 624.0"
"1,76 : 916.67"
"1,77 : 138.0"
"1,78 : 673.54"
"1,79 : 504.62"
"1,80 : 899.93"
"1,81 : 428.11"
"1,82 : 539.73"
"1,83 : 681.38"
"1,84 : 328.1"
"1,85 : 575.45"
"1,86 : 305.93"
"1,87 : 268.83"
"1,88 : 823.2"
"1,89 : 1118.69"
"1,90 : 864.45"
"1,91 : 823.95"
"1,92 : 1002.5"
"1,93 : 920.56"
"1,94 : 806.88"
"1,95 : 165.34"
"1,96 : 908.24"
"1,97 : 658.22"
"1,98 : 385.81"
"1,99 : 601.35"
"2,0 : 60.53"
"2,1 : 462.91"
"2,2 : 0.0"
"2,3 : 304.17"
"2,4 : 591.22"
"2,5 : 476.32"
"2,6 : 240.3"
"2,7 : 282.0"
"2,8 : 515.21"
"2,9 : 545.66"
"2,10 : 479.17"
"2,11 : 272.41"
"2,12 : 548.76"
"2,13 : 390.91"
"2,14 : 412.64"
"2,15 : 649.79"
"2,16 : 611.0"
"2,17 : 224.56"
"2,18 : 248.07"
"2,19 : 494.83"
"2,20 : 448.02"
"2,21 : 522.68"
"2,22 : 231.14"
"2,23 : 306.49"
"2,24 : 207.14"
"2,25 : 598.7"
"2,26 : 218.45"
"2,27 : 552.59"
"2,28 : 439.51"
"2,29 : 222.64"
"2,30 : 570.69"
"2,31 : 341.55"
"2,32 : 317.0"
"2,33 : 273.31"
"2,34 : 546.15"
"2,35 : 336.88"
"2,36 : 510.31"
"2,37 : 264.97"
"2,38 : 519.71"
"2,39 : 282.53"
"2,40 : 405.24"
"2,41 : 458.97"
"2,42 : 302.87"
"2,43 : 471.84"
"2,44 : 438.96"
"2,45 : 269.2"
"2,46 : 528.37"
"2,47 : 305.64"
"2,48 : 120.07"
"2,49 : 414.04"
"2,50 : 158.15"
"2,51 : 468.26"
"2,52 : 542.33"
"2,53 : 444.95"
"2,54 : 455.51"
"2,55 : 568.96"
"2,56 : 561.06"
"2,57 : 319.41"
"2,58 : 492.18"
"2,59 : 446.59"
"2,60 : 180.24"
"2,61 : 257.61"
"2,62 : 175.96"
"2,63 : 381.19"
"2,64 : 483.26"
"2,65 : 422.41"
"2,66 : 598.31"
"2,67 : 471.3"
"2,68 : 419.91"
"2,69 : 125.36"
"2,70 : 576.25"
"2,71 : 445.08"
"2,72 : 335.93"
"2,73 : 426.6"
"2,74 : 300.15"
"2,75 : 230.37"
"2,76 : 518.28"
"2,77 : 408.72"
"2,78 : 601.78"
"2,79 : 451.98"
"2,80 : 599.11"
"2,81 : 332.36"
"2,82 : 515.46"
"2,83 : 526.52"
"2,84 : 259.53"
"2,85 : 454.04"
"2,86 : 157.87"
"2,87 : 195.6"
"2,88 : 360.32"
"2,89 : 678.33"
"2,90 : 406.64"
"2,91 : 584.07"
"2,92 : 589.46"
"2,93 : 566.74"
"2,94 : 409.92"
"2,95 : 350.14"
"2,96 : 531.38"
"2,97 : 280.88"
"2,98 : 363.01"
"2,99 : 140.76"
"3,0 : 338.2"
"3,1 : 688.2"
"3,2 : 304.17"
"3,3 : 0.0"
"3,4 : 644.31"
"3,5 : 715.16"
"3,6 : 179.23"
"3,7 : 435.71"
"3,8 : 307.73"
"3,9 : 325.04"
"3,10 : 607.06"
"3,11 : 168.67"
"3,12 : 291.0"
"3,13 : 356.88"
"3,14 : 586.31"
"3,15 : 572.16"
"3,16 : 702.59"
"3,17 : 521.22"
"3,18 : 323.67"
"3,19 : 698.58"
"3,20 : 745.68"
"3,21 : 642.0"
"3,22 : 152.07"
"3,23 : 584.56"
"3,24 : 98.62"
"3,25 : 621.16"
"3,26 : 118.73"
"3,27 : 714.08"
"3,28 : 742.4"
"3,29 : 455.75"
"3,30 : 311.1"
"3,31 : 327.34"
"3,32 : 166.14"
"3,33 : 312.48"
"3,34 : 824.17"
"3,35 : 477.46"
"3,36 : 397.42"
"3,37 : 194.01"
"3,38 : 686.21"
"3,39 : 133.66"
"3,40 : 694.24"
"3,41 : 308.0"
"3,42 : 383.34"
"3,43 : 741.28"
"3,44 : 319.21"
"3,45 : 350.2"
"3,46 : 439.26"
"3,47 : 490.67"
"3,48 : 340.44"
"3,49 : 547.39"
"3,50 : 153.69"
"3,51 : 347.97"
"3,52 : 756.53"
"3,53 : 507.31"
"3,54 : 278.66"
"3,55 : 766.25"
"3,56 : 749.55"
"3,57 : 36.0"
"3,58 : 272.25"
"3,59 : 616.99"
"3,60 : 424.01"
"3,61 : 209.06"
"3,62 : 346.62"
"3,63 : 538.71"
"3,64 : 207.66"
"3,65 : 151.92"
"3,66 : 294.15"
"3,67 : 765.21"
"3,68 : 720.51"
"3,69 : 404.92"
"3,70 : 840.21"
"3,71 : 264.37"
"3,72 : 589.84"
"3,73 : 153.24"
"3,74 : 321.65"
"3,75 : 436.69"
"3,76 : 625.74"
"3,77 : 677.06"
"3,78 : 888.9"
"3,79 : 751.28"
"3,80 : 306.22"
"3,81 : 634.6"
"3,82 : 814.69"
"3,83 : 798.75"
"3,84 : 374.0"
"3,85 : 742.22"
"3,86 : 425.18"
"3,87 : 438.02"
"3,88 : 309.71"
"3,89 : 677.66"
"3,90 : 397.13"
"3,91 : 815.05"
"3,92 : 660.29"
"3,93 : 262.57"
"3,94 : 118.7"
"3,95 : 533.52"
"3,96 : 664.16"
"3,97 : 30.08"
"3,98 : 396.21"
"3,99 : 277.35"
"4,0 : 542.03"
"4,1 : 1013.84"
"4,2 : 591.22"
"4,3 : 644.31"
"4,4 : 0.0"
"4,5 : 428.72"
"4,6 : 746.31"
"4,7 : 317.71"
"4,8 : 497.02"
"4,9 : 524.17"
"4,10 : 1069.44"
"4,11 : 476.03"
"4,12 : 922.35"
"4,13 : 291.49"
"4,14 : 266.54"
"4,15 : 264.33"
"4,16 : 92.09"
"4,17 : 574.51"
"4,18 : 357.0"
"4,19 : 333.41"
"4,20 : 669.69"
"4,21 : 140.73"
"4,22 : 719.58"
"4,23 : 515.71"
"4,24 : 597.55"
"4,25 : 62.77"
"4,26 : 545.78"
"4,27 : 1133.81"
"4,28 : 720.93"
"4,29 : 423.09"
"4,30 : 939.57"
"4,31 : 317.04"
"4,32 : 786.21"
"4,33 : 840.72"
"4,34 : 608.44"
"4,35 : 927.99"
"4,36 : 336.72"
"4,37 : 773.69"
"4,38 : 1100.53"
"4,39 : 743.59"
"4,40 : 860.71"
"4,41 : 411.73"
"4,42 : 293.46"
"4,43 : 533.83"
"4,44 : 373.07"
"4,45 : 330.49"
"4,46 : 291.4"
"4,47 : 891.8"
"4,48 : 474.09"
"4,49 : 1004.71"
"4,50 : 566.01"
"4,51 : 361.81"
"4,52 : 377.0"
"4,53 : 148.31"
"4,54 : 919.34"
"4,55 : 338.71"
"4,56 : 311.35"
"4,57 : 680.29"
"4,58 : 517.91"
"4,59 : 253.33"
"4,60 : 757.69"
"4,61 : 439.5"
"4,62 : 415.5"
"4,63 : 969.7"
"4,64 : 834.67"
"4,65 : 789.48"
"4,66 : 806.5"
"4,67 : 655.05"
"4,68 : 680.7"
"4,69 : 688.67"
"4,70 : 563.28"
"4,71 : 459.97"
"4,72 : 446.41"
"4,73 : 789.07"
"4,74 : 330.43"
"4,75 : 389.87"
"4,76 : 119.64"
"4,77 : 913.71"
"4,78 : 690.28"
"4,79 : 685.95"
"4,80 : 889.97"
"4,81 : 654.29"
"4,82 : 722.92"
"4,83 : 571.47"
"4,84 : 847.08"
"4,85 : 611.67"
"4,86 : 723.61"
"4,87 : 771.12"
"4,88 : 337.5"
"4,89 : 130.42"
"4,90 : 248.82"
"4,91 : 447.64"
"4,92 : 37.7"
"4,93 : 786.62"
"4,94 : 638.86"
"4,95 : 934.08"
"4,96 : 168.15"
"4,97 : 652.06"
"4,98 : 937.65"
"4,99 : 461.62"
"5,0 : 417.28"
"5,1 : 730.81"
"5,2 : 476.32"
"5,3 : 715.16"
"5,4 : 428.72"
"5,5 : 0.0"
"5,6 : 712.88"
"5,7 : 296.4"
"5,8 : 752.42"
"5,9 : 787.21"
"5,10 : 863.6"
"5,11 : 580.95"
"5,12 : 998.46"
"5,13 : 509.91"
"5,14 : 185.72"
"5,15 : 659.88"
"5,16 : 369.75"
"5,17 : 300.13"
"5,18 : 415.12"
"5,19 : 98.9"
"5,20 : 264.84"
"5,21 : 288.11"
"5,22 : 698.61"
"5,23 : 196.5"
"5,24 : 624.42"
"5,25 : 482.38"
"5,26 : 597.07"
"5,27 : 887.48"
"5,28 : 327.48"
"5,29 : 263.45"
"5,30 : 1019.82"
"5,31 : 487.0"
"5,32 : 784.41"
"5,33 : 742.2"
"5,34 : 180.11"
"5,35 : 746.0"
"5,36 : 637.52"
"5,37 : 739.01"
"5,38 : 856.12"
"5,39 : 745.24"
"5,40 : 524.29"
"5,41 : 660.09"
"5,42 : 381.76"
"5,43 : 109.18"
"5,44 : 618.16"
"5,45 : 397.24"
"5,46 : 615.08"
"5,47 : 686.84"
"5,48 : 383.39"
"5,49 : 808.49"
"5,50 : 569.96"
"5,51 : 629.23"
"5,52 : 92.18"
"5,53 : 379.77"
"5,54 : 926.85"
"5,55 : 142.41"
"5,56 : 156.27"
"5,57 : 743.83"
"5,58 : 752.88"
"5,59 : 182.02"
"5,60 : 560.26"
"5,61 : 536.81"
"5,62 : 368.57"
"5,63 : 763.36"
"5,64 : 920.71"
"5,65 : 861.42"
"5,66 : 979.86"
"5,67 : 240.29"
"5,68 : 289.08"
"5,69 : 495.78"
"5,70 : 147.41"
"5,71 : 685.7"
"5,72 : 141.66"
"5,73 : 864.07"
"5,74 : 454.06"
"5,75 : 278.47"
"5,76 : 309.74"
"5,77 : 602.17"
"5,78 : 262.69"
"5,79 : 281.86"
"5,80 : 1019.36"
"5,81 : 305.22"
"5,82 : 304.27"
"5,83 : 143.01"
"5,84 : 706.15"
"5,85 : 198.04"
"5,86 : 520.31"
"5,87 : 567.01"
"5,88 : 527.22"
"5,89 : 559.14"
"5,90 : 480.58"
"5,91 : 108.17"
"5,92 : 397.52"
"5,93 : 951.22"
"5,94 : 778.6"
"5,95 : 716.53"
"5,96 : 263.6"
"5,97 : 704.12"
"5,98 : 821.67"
"5,99 : 438.21"
"6,0 : 296.51"
"6,1 : 522.46"
"6,2 : 240.3"
"6,3 : 179.23"
"6,4 : 746.31"
"6,5 : 712.88"
"6,6 : 0.0"
"6,7 : 477.52"
"6,8 : 483.99"
"6,9 : 503.25"
"6,10 : 427.86"
"6,11 : 293.54"
"6,12 : 320.62"
"6,13 : 480.95"
"6,14 : 624.72"
"6,15 : 722.7"
"6,16 : 788.21"
"6,17 : 460.04"
"6,18 : 392.65"
"6,19 : 721.15"
"6,20 : 678.13"
"6,21 : 712.01"
"6,22 : 30.0"
"6,23 : 546.67"
"6,24 : 156.52"
"6,25 : 735.76"
"6,26 : 210.67"
"6,27 : 535.86"
"6,28 : 659.7"
"6,29 : 452.04"
"6,30 : 342.29"
"6,31 : 439.87"
"6,32 : 80.6"
"6,33 : 133.26"
"6,34 : 785.44"
"6,35 : 300.74"
"6,36 : 553.23"
"6,37 : 28.02"
"6,38 : 508.67"
"6,39 : 62.29"
"6,40 : 564.91"
"6,41 : 471.07"
"6,42 : 457.84"
"6,43 : 712.13"
"6,44 : 473.03"
"6,45 : 420.46"
"6,46 : 589.15"
"6,47 : 321.7"
"6,48 : 334.09"
"6,49 : 368.7"
"6,50 : 180.35"
"6,51 : 503.7"
"6,52 : 772.86"
"6,53 : 599.64"
"6,54 : 215.23"
"6,55 : 794.12"
"6,56 : 782.81"
"6,57 : 164.14"
"6,58 : 449.61"
"6,59 : 658.27"
"6,60 : 284.62"
"6,61 : 316.26"
"6,62 : 369.27"
"6,63 : 362.46"
"6,64 : 271.09"
"6,65 : 215.37"
"6,66 : 429.34"
"6,67 : 704.64"
"6,68 : 646.24"
"6,69 : 291.23"
"6,70 : 816.54"
"6,71 : 433.46"
"6,72 : 574.23"
"6,73 : 220.97"
"6,74 : 416.97"
"6,75 : 448.72"
"6,76 : 701.29"
"6,77 : 531.3"
"6,78 : 838.01"
"6,79 : 679.88"
"6,80 : 394.66"
"6,81 : 557.11"
"6,82 : 742.56"
"6,83 : 766.6"
"6,84 : 198.64"
"6,85 : 690.89"
"6,86 : 299.19"
"6,87 : 295.78"
"6,88 : 436.09"
"6,89 : 803.27"
"6,90 : 514.19"
"6,91 : 819.7"
"6,92 : 754.65"
"6,93 : 399.06"
"6,94 : 293.4"
"6,95 : 362.01"
"6,96 : 727.75"
"6,97 : 150.33"
"6,98 : 220.64"
"6,99 : 302.04"
"7,0 : 227.85"
"7,1 : 697.84"
"7,2 : 282.0"
"7,3 : 435.71"
"7,4 : 317.71"
"7,5 : 296.4"
"7,6 : 477.52"
"7,7 : 0.0"
"7,8 : 462.02"
"7,9 : 497.11"
"7,10 : 755.01"
"7,11 : 287.77"
"7,12 : 725.91"
"7,13 : 230.83"
"7,14 : 151.35"
"7,15 : 445.89"
"7,16 : 329.22"
"7,17 : 274.59"
"7,18 : 119.5"
"7,19 : 263.76"
"7,20 : 434.0"
"7,21 : 241.23"
"7,22 : 455.95"
"7,23 : 251.64"
"7,24 : 355.51"
"7,25 : 337.33"
"7,26 : 317.53"
"7,27 : 816.31"
"7,28 : 466.74"
"7,29 : 116.3"
"7,30 : 746.41"
"7,31 : 197.7"
"7,32 : 536.05"
"7,33 : 547.87"
"7,34 : 444.99"
"7,35 : 615.46"
"7,36 : 368.72"
"7,37 : 505.48"
"7,38 : 783.02"
"7,39 : 493.64"
"7,40 : 560.82"
"7,41 : 372.52"
"7,42 : 91.98"
"7,43 : 356.04"
"7,44 : 332.84"
"7,45 : 100.96"
"7,46 : 359.94"
"7,47 : 575.76"
"7,48 : 161.97"
"7,49 : 690.97"
"7,50 : 307.07"
"7,51 : 349.29"
"7,52 : 323.0"
"7,53 : 181.57"
"7,54 : 678.88"
"7,55 : 330.54"
"7,56 : 314.36"
"7,57 : 467.82"
"7,58 : 459.29"
"7,59 : 183.44"
"7,60 : 440.82"
"7,61 : 242.84"
"7,62 : 110.22"
"7,63 : 654.29"
"7,64 : 643.35"
"7,65 : 586.76"
"7,66 : 685.97"
"7,67 : 434.75"
"7,68 : 429.77"
"7,69 : 371.32"
"7,70 : 437.86"
"7,71 : 392.75"
"7,72 : 208.87"
"7,73 : 588.53"
"7,74 : 159.68"
"7,75 : 76.85"
"7,76 : 236.3"
"7,77 : 604.24"
"7,78 : 523.72"
"7,79 : 447.11"
"7,80 : 733.06"
"7,81 : 376.52"
"7,82 : 500.62"
"7,83 : 411.78"
"7,84 : 541.5"
"7,85 : 396.97"
"7,86 : 406.11"
"7,87 : 453.96"
"7,88 : 237.49"
"7,89 : 421.9"
"7,90 : 214.34"
"7,91 : 386.34"
"7,92 : 311.01"
"7,93 : 658.05"
"7,94 : 486.07"
"7,95 : 617.32"
"7,96 : 252.51"
"7,97 : 430.2"
"7,98 : 641.65"
"7,99 : 175.65"
"8,0 : 515.33"
"8,1 : 962.08"
"8,2 : 515.21"
"8,3 : 307.73"
"8,4 : 497.02"
"8,5 : 752.42"
"8,6 : 483.99"
"8,7 : 462.02"
"8,8 : 0.0"
"8,9 : 35.11"
"8,10 : 908.61"
"8,11 : 242.84"
"8,12 : 493.12"
"8,13 : 246.22"
"8,14 : 576.64"
"8,15 : 318.06"
"8,16 : 581.06"
"8,17 : 676.0"
"8,18 : 354.61"
"8,19 : 696.47"
"8,20 : 879.58"
"8,21 : 561.79"
"8,22 : 455.03"
"8,23 : 696.69"
"8,24 : 348.43"
"8,25 : 449.31"
"8,26 : 308.65"
"8,27 : 1010.7"
"8,28 : 898.39"
"8,29 : 547.23"
"8,30 : 504.41"
"8,31 : 265.66"
"8,32 : 470.88"
"8,33 : 616.4"
"8,34 : 906.95"
"8,35 : 772.96"
"8,36 : 162.48"
"8,37 : 501.12"
"8,38 : 981.12"
"8,39 : 441.29"
"8,40 : 917.74"
"8,41 : 94.02"
"8,42 : 371.85"
"8,43 : 818.0"
"8,44 : 137.28"
"8,45 : 363.68"
"8,46 : 211.57"
"8,47 : 774.7"
"8,48 : 475.38"
"8,49 : 846.65"
"8,50 : 370.98"
"8,51 : 137.44"
"8,52 : 757.05"
"8,53 : 411.54"
"8,54 : 555.48"
"8,55 : 745.42"
"8,56 : 721.36"
"8,57 : 333.44"
"8,58 : 37.59"
"8,59 : 595.89"
"8,60 : 680.56"
"8,61 : 265.07"
"8,62 : 439.68"
"8,63 : 832.41"
"8,64 : 412.1"
"8,65 : 391.8"
"8,66 : 321.91"
"8,67 : 886.96"
"8,68 : 866.58"
"8,69 : 638.98"
"8,70 : 897.59"
"8,71 : 73.25"
"8,72 : 668.2"
"8,73 : 388.33"
"8,74 : 302.79"
"8,75 : 510.63"
"8,76 : 537.48"
"8,77 : 923.37"
"8,78 : 985.0"
"8,79 : 890.24"
"8,80 : 424.02"
"8,81 : 794.45"
"8,82 : 949.1"
"8,83 : 873.77"
"8,84 : 669.54"
"8,85 : 852.61"
"8,86 : 668.46"
"8,87 : 696.04"
"8,88 : 225.42"
"8,89 : 472.46"
"8,90 : 283.53"
"8,91 : 828.45"
"8,92 : 526.93"
"8,93 : 308.65"
"8,94 : 218.93"
"8,95 : 819.77"
"8,96 : 592.64"
"8,97 : 334.62"
"8,98 : 703.4"
"8,99 : 404.0"
"9,0 : 547.57"
"9,1 : 988.98"
"9,2 : 545.66"
"9,3 : 325.04"
"9,4 : 524.17"
"9,5 : 787.21"
"9,6 : 503.25"
"9,7 : 497.11"
"9,8 : 35.11"
"9,9 : 0.0"
"9,10 : 929.73"
"9,11 : 273.76"
"9,12 : 490.24"
"9,13 : 280.13"
"9,14 : 610.89"
"9,15 : 332.3"
"9,16 : 609.6"
"9,17 : 709.89"
"9,18 : 389.59"
"9,19 : 730.54"
"9,20 : 914.33"
"9,21 : 593.28"
"9,22 : 474.83"
"9,23 : 731.55"
"9,24 : 373.05"
"9,25 : 474.55"
"9,26 : 335.92"
"9,27 : 1033.45"
"9,28 : 932.69"
"9,29 : 582.11"
"9,30 : 500.19"
"9,31 : 300.61"
"9,32 : 485.13"
"9,33 : 636.27"
"9,34 : 942.05"
"9,35 : 795.69"
"9,36 : 187.66"
"9,37 : 519.05"
"9,38 : 1004.3"
"9,39 : 457.74"
"9,40 : 949.18"
"9,41 : 127.86"
"9,42 : 406.85"
"9,43 : 853.1"
"9,44 : 170.89"
"9,45 : 398.78"
"9,46 : 235.26"
"9,47 : 799.69"
"9,48 : 508.94"
"9,49 : 868.48"
"9,50 : 398.76"
"9,51 : 168.3"
"9,52 : 791.04"
"9,53 : 443.56"
"9,54 : 562.03"
"9,55 : 778.74"
"9,56 : 754.48"
"9,57 : 348.24"
"9,58 : 55.15"
"9,59 : 629.74"
"9,60 : 708.64"
"9,61 : 298.06"
"9,62 : 474.13"
"9,63 : 855.67"
"9,64 : 412.08"
"9,65 : 396.85"
"9,66 : 306.47"
"9,67 : 921.88"
"9,68 : 901.07"
"9,69 : 668.76"
"9,70 : 932.51"
"9,71 : 107.52"
"9,72 : 703.3"
"9,73 : 392.95"
"9,74 : 337.9"
"9,75 : 545.62"
"9,76 : 568.69"
"9,77 : 953.13"
"9,78 : 1020.11"
"9,79 : 924.9"
"9,80 : 413.66"
"9,81 : 828.48"
"9,82 : 983.89"
"9,83 : 908.85"
"9,84 : 692.04"
"9,85 : 887.63"
"9,86 : 697.66"
"9,87 : 724.04"
"9,88 : 260.38"
"9,89 : 493.05"
"9,90 : 316.56"
"9,91 : 862.63"
"9,92 : 555.0"
"9,93 : 296.29"
"9,94 : 227.25"
"9,95 : 844.49"
"9,96 : 624.39"
"9,97 : 353.05"
"9,98 : 721.22"
"9,99 : 437.16"
"10,0 : 527.73"
"10,1 : 221.82"
"10,2 : 479.17"
"10,3 : 607.06"
"10,4 : 1069.44"
"10,5 : 863.6"
"10,6 : 427.86"
"10,7 : 755.01"
"10,8 : 908.61"
"10,9 : 929.73"
"10,10 : 0.0"
"10,11 : 693.2"
"10,12 : 641.57"
"10,13 : 856.23"
"10,14 : 865.52"
"10,15 : 1113.61"
"10,16 : 1082.78"
"10,17 : 564.7"
"10,18 : 724.8"
"10,19 : 917.63"
"10,20 : 690.5"
"10,21 : 990.13"
"10,22 : 455.36"
"10,23 : 667.23"
"10,24 : 563.69"
"10,25 : 1077.81"
"10,26 : 611.53"
"10,27 : 118.07"
"10,28 : 636.91"
"10,29 : 668.58"
"10,30 : 657.11"
"10,31 : 808.3"
"10,32 : 466.23"
"10,33 : 294.77"
"10,34 : 843.81"
"10,35 : 143.84"
"10,36 : 956.35"
"10,37 : 416.0"
"10,38 : 102.84"
"10,39 : 480.59"
"10,40 : 425.99"
"10,41 : 884.1"
"10,42 : 781.86"
"10,43 : 807.03"
"10,44 : 877.64"
"10,45 : 747.48"
"10,46 : 984.42"
"10,47 : 181.53"
"10,48 : 595.41"
"10,49 : 65.6"
"10,50 : 557.38"
"10,51 : 908.73"
"10,52 : 949.36"
"10,53 : 923.96"
"10,54 : 485.45"
"10,55 : 989.24"
"10,56 : 989.42"
"10,57 : 590.34"
"10,58 : 875.43"
"10,59 : 897.87"
"10,60 : 317.23"
"10,61 : 700.09"
"10,62 : 654.07"
"10,63 : 102.2"
"10,64 : 640.23"
"10,65 : 603.96"
"10,66 : 825.92"
"10,67 : 727.91"
"10,68 : 650.05"
"10,69 : 387.8"
"10,70 : 903.5"
"10,71 : 852.6"
"10,72 : 731.08"
"10,73 : 610.02"
"10,74 : 771.65"
"10,75 : 691.17"
"10,76 : 989.28"
"10,77 : 338.58"
"10,78 : 857.63"
"10,79 : 681.82"
"10,80 : 754.58"
"10,81 : 582.18"
"10,82 : 727.13"
"10,83 : 843.67"
"10,84 : 241.67"
"10,85 : 740.04"
"10,86 : 355.49"
"10,87 : 306.15"
"10,88 : 818.31"
"10,89 : 1156.84"
"10,90 : 878.55"
"10,91 : 966.06"
"10,92 : 1065.71"
"10,93 : 799.17"
"10,94 : 720.05"
"10,95 : 147.11"
"10,96 : 993.71"
"10,97 : 577.88"
"10,98 : 226.15"
"10,99 : 616.08"
"11,0 : 275.07"
"11,1 : 724.66"
"11,2 : 272.41"
"11,3 : 168.67"
"11,4 : 476.03"
"11,5 : 580.95"
"11,6 : 293.54"
"11,7 : 287.77"
"11,8 : 242.84"
"11,9 : 273.76"
"11,10 : 693.2"
"11,11 : 0.0"
"11,12 : 454.8"
"11,13 : 192.21"
"11,14 : 433.24"
"11,15 : 429.66"
"11,16 : 534.18"
"11,17 : 445.25"
"11,18 : 168.83"
"11,19 : 550.45"
"11,20 : 660.04"
"11,21 : 476.29"
"11,22 : 263.89"
"11,23 : 482.91"
"11,24 : 137.2"
"11,25 : 455.1"
"11,26 : 83.82"
"11,27 : 787.22"
"11,28 : 670.87"
"11,29 : 338.12"
"11,30 : 473.78"
"11,31 : 159.0"
"11,32 : 316.27"
"11,33 : 414.06"
"11,34 : 711.79"
"11,35 : 551.98"
"11,36 : 263.96"
"11,37 : 317.99"
"11,38 : 756.19"
"11,39 : 275.28"
"11,40 : 675.43"
"11,41 : 193.46"
"11,42 : 221.37"
"11,43 : 624.61"
"11,44 : 184.57"
"11,45 : 192.21"
"11,46 : 296.56"
"11,47 : 544.32"
"11,48 : 244.01"
"11,49 : 628.78"
"11,50 : 136.82"
"11,51 : 215.68"
"11,52 : 610.33"
"11,53 : 338.86"
"11,54 : 444.01"
"11,55 : 614.06"
"11,56 : 595.19"
"11,57 : 204.55"
"11,58 : 221.23"
"11,59 : 461.74"
"11,60 : 441.03"
"11,61 : 45.22"
"11,62 : 223.3"
"11,63 : 608.4"
"11,64 : 368.41"
"11,65 : 317.59"
"11,66 : 398.93"
"11,67 : 672.62"
"11,68 : 642.16"
"11,69 : 396.56"
"11,70 : 716.47"
"11,71 : 173.08"
"11,72 : 470.41"
"11,73 : 317.97"
"11,74 : 154.69"
"11,75 : 309.02"
"11,76 : 458.97"
"11,77 : 680.83"
"11,78 : 784.04"
"11,79 : 668.84"
"11,80 : 447.64"
"11,81 : 564.26"
"11,82 : 730.26"
"11,83 : 682.28"
"11,84 : 451.57"
"11,85 : 642.85"
"11,86 : 426.72"
"11,87 : 456.63"
"11,88 : 145.52"
"11,89 : 515.88"
"11,90 : 230.36"
"11,91 : 674.02"
"11,92 : 491.63"
"11,93 : 370.55"
"11,94 : 198.31"
"11,95 : 590.03"
"11,96 : 499.89"
"11,97 : 176.56"
"11,98 : 509.4"
"11,99 : 170.51"
"12,0 : 597.54"
"12,1 : 799.36"
"12,2 : 548.76"
"12,3 : 291.0"
"12,4 : 922.35"
"12,5 : 998.46"
"12,6 : 320.62"
"12,7 : 725.91"
"12,8 : 493.12"
"12,9 : 490.24"
"12,10 : 641.57"
"12,11 : 454.8"
"12,12 : 0.0"
"12,13 : 630.89"
"12,14 : 876.88"
"12,15 : 805.14"
"12,16 : 986.95"
"12,17 : 773.14"
"12,18 : 614.65"
"12,19 : 987.71"
"12,20 : 995.0"
"12,21 : 931.01"
"12,22 : 320.49"
"12,23 : 851.38"
"12,24 : 374.4"
"12,25 : 891.99"
"12,26 : 408.39"
"12,27 : 759.63"
"12,28 : 979.44"
"12,29 : 735.67"
"12,30 : 21.93"
"12,31 : 609.17"
"12,32 : 240.22"
"12,33 : 395.6"
"12,34 : 1092.57"
"12,35 : 558.66"
"12,36 : 633.22"
"12,37 : 305.0"
"12,38 : 741.01"
"12,39 : 267.48"
"12,40 : 879.18"
"12,41 : 539.41"
"12,42 : 673.68"
"12,43 : 1014.05"
"12,44 : 566.03"
"12,45 : 641.07"
"12,46 : 681.42"
"12,47 : 603.91"
"12,48 : 616.48"
"12,49 : 601.52"
"12,50 : 428.51"
"12,51 : 588.67"
"12,52 : 1044.81"
"12,53 : 792.03"
"12,54 : 156.12"
"12,55 : 1056.33"
"12,56 : 1040.12"
"12,57 : 258.09"
"12,58 : 456.98"
"12,59 : 907.82"
"12,60 : 600.17"
"12,61 : 497.78"
"12,62 : 632.16"
"12,63 : 616.1"
"12,64 : 87.69"
"12,65 : 139.2"
"12,66 : 229.81"
"12,67 : 1019.68"
"12,68 : 964.51"
"12,69 : 611.84"
"12,70 : 1116.19"
"12,71 : 487.64"
"12,72 : 867.2"
"12,73 : 137.79"
"12,74 : 609.48"
"12,75 : 721.23"
"12,76 : 913.74"
"12,77 : 835.6"
"12,78 : 1150.46"
"12,79 : 997.69"
"12,80 : 122.54"
"12,81 : 875.56"
"12,82 : 1060.79"
"12,83 : 1070.45"
"12,84 : 477.6"
"12,85 : 1002.68"
"12,86 : 618.47"
"12,87 : 609.61"
"12,88 : 584.96"
"12,89 : 938.0"
"12,90 : 673.61"
"12,91 : 1100.93"
"12,92 : 941.75"
"12,93 : 217.42"
"12,94 : 289.06"
"12,95 : 634.26"
"12,96 : 954.06"
"12,97 : 296.18"
"12,98 : 420.52"
"12,99 : 561.32"
"13,0 : 363.8"
"13,1 : 852.42"
"13,2 : 390.91"
"13,3 : 356.88"
"13,4 : 291.49"
"13,5 : 509.91"
"13,6 : 480.95"
"13,7 : 230.83"
"13,8 : 246.22"
"13,9 : 280.13"
"13,10 : 856.23"
"13,11 : 192.21"
"13,12 : 630.89"
"13,13 : 0.0"
"13,14 : 330.99"
"13,15 : 259.19"
"13,16 : 360.89"
"13,17 : 484.02"
"13,18 : 154.15"
"13,19 : 450.42"
"13,20 : 663.68"
"13,21 : 323.44"
"13,22 : 452.03"
"13,23 : 480.13"
"13,24 : 325.17"
"13,25 : 264.32"
"13,26 : 271.03"
"13,27 : 939.82"
"13,28 : 692.65"
"13,29 : 334.66"
"13,30 : 648.08"
"13,31 : 49.41"
"13,32 : 508.41"
"13,33 : 593.01"
"13,34 : 671.56"
"13,35 : 712.51"
"13,36 : 139.13"
"13,37 : 506.67"
"13,38 : 907.42"
"13,39 : 467.15"
"13,40 : 756.62"
"13,41 : 152.3"
"13,42 : 139.36"
"13,43 : 582.98"
"13,44 : 109.29"
"13,45 : 147.49"
"13,46 : 141.16"
"13,47 : 692.42"
"13,48 : 303.4"
"13,49 : 790.71"
"13,50 : 307.61"
"13,51 : 119.85"
"13,52 : 510.91"
"13,53 : 172.89"
"13,54 : 634.87"
"13,55 : 499.61"
"13,56 : 475.93"
"13,57 : 392.8"
"13,58 : 253.86"
"13,59 : 349.67"
"13,60 : 571.15"
"13,61 : 164.79"
"13,62 : 249.51"
"13,63 : 763.93"
"13,64 : 543.2"
"13,65 : 498.84"
"13,66 : 525.71"
"13,67 : 665.48"
"13,68 : 657.08"
"13,69 : 512.0"
"13,70 : 656.47"
"13,71 : 187.61"
"13,72 : 439.45"
"13,73 : 498.23"
"13,74 : 93.94"
"13,75 : 294.24"
"13,76 : 301.04"
"13,77 : 783.08"
"13,78 : 751.88"
"13,79 : 676.27"
"13,80 : 601.49"
"13,81 : 596.24"
"13,82 : 731.0"
"13,83 : 637.0"
"13,84 : 618.21"
"13,85 : 627.78"
"13,86 : 546.51"
"13,87 : 586.49"
"13,88 : 47.17"
"13,89 : 323.82"
"13,90 : 43.66"
"13,91 : 582.59"
"13,92 : 312.42"
"13,93 : 503.16"
"13,94 : 348.37"
"13,95 : 737.84"
"13,96 : 352.6"
"13,97 : 367.98"
"13,98 : 690.2"
"13,99 : 251.1"
"14,0 : 353.36"
"14,1 : 776.48"
"14,2 : 412.64"
"14,3 : 586.31"
"14,4 : 266.54"
"14,5 : 185.72"
"14,6 : 624.72"
"14,7 : 151.35"
"14,8 : 576.64"
"14,9 : 610.89"
"14,10 : 865.52"
"14,11 : 433.24"
"14,12 : 876.88"
"14,13 : 330.99"
"14,14 : 0.0"
"14,15 : 477.01"
"14,16 : 235.52"
"14,17 : 325.04"
"14,18 : 265.0"
"14,19 : 120.62"
"14,20 : 404.03"
"14,21 : 138.62"
"14,22 : 604.44"
"14,23 : 252.38"
"14,24 : 506.81"
"14,25 : 311.52"
"14,26 : 468.51"
"14,27 : 913.02"
"14,28 : 454.38"
"14,29 : 197.44"
"14,30 : 897.27"
"14,31 : 314.86"
"14,32 : 685.89"
"14,33 : 685.07"
"14,34 : 361.4"
"14,35 : 731.99"
"14,36 : 453.68"
"14,37 : 652.5"
"14,38 : 880.03"
"14,39 : 643.77"
"14,40 : 603.87"
"14,41 : 483.04"
"14,42 : 215.93"
"14,43 : 278.4"
"14,44 : 440.25"
"14,45 : 241.1"
"14,46 : 429.68"
"14,47 : 684.0"
"14,48 : 296.11"
"14,49 : 803.9"
"14,50 : 457.75"
"14,51 : 448.61"
"14,52 : 181.57"
"14,53 : 194.37"
"14,54 : 829.09"
"14,55 : 180.85"
"14,56 : 163.25"
"14,57 : 618.81"
"14,58 : 580.8"
"14,59 : 34.0"
"14,60 : 548.41"
"14,61 : 388.03"
"14,62 : 255.55"
"14,63 : 763.37"
"14,64 : 793.82"
"14,65 : 737.69"
"14,66 : 827.51"
"14,67 : 391.52"
"14,68 : 414.16"
"14,69 : 477.96"
"14,70 : 332.76"
"14,71 : 513.4"
"14,72 : 180.83"
"14,73 : 739.36"
"14,74 : 289.31"
"14,75 : 182.27"
"14,76 : 150.34"
"14,77 : 664.84"
"14,78 : 444.36"
"14,79 : 420.08"
"14,80 : 880.66"
"14,81 : 391.08"
"14,82 : 459.87"
"14,83 : 324.62"
"14,84 : 668.95"
"14,85 : 348.52"
"14,86 : 510.08"
"14,87 : 559.41"
"14,88 : 354.24"
"14,89 : 393.88"
"14,90 : 298.33"
"14,91 : 251.85"
"14,92 : 242.98"
"14,93 : 800.71"
"14,94 : 630.41"
"14,95 : 721.79"
"14,96 : 131.76"
"14,97 : 581.43"
"14,98 : 775.61"
"14,99 : 324.76"
"15,0 : 619.75"
"15,1 : 1110.05"
"15,2 : 649.79"
"15,3 : 572.16"
"15,4 : 264.33"
"15,5 : 659.88"
"15,6 : 722.7"
"15,7 : 445.89"
"15,8 : 318.06"
"15,9 : 332.3"
"15,10 : 1113.61"
"15,11 : 429.66"
"15,12 : 805.14"
"15,13 : 259.19"
"15,14 : 477.01"
"15,15 : 0.0"
"15,16 : 355.65"
"15,17 : 719.01"
"15,18 : 406.88"
"15,19 : 573.92"
"15,20 : 867.86"
"15,21 : 388.3"
"15,22 : 692.86"
"15,23 : 692.22"
"15,24 : 566.79"
"15,25 : 201.7"
"15,26 : 513.39"
"15,27 : 1198.83"
"15,28 : 907.98"
"15,29 : 561.57"
"15,30 : 818.08"
"15,31 : 308.37"
"15,32 : 736.01"
"15,33 : 842.92"
"15,34 : 838.12"
"15,35 : 970.17"
"15,36 : 175.51"
"15,37 : 746.32"
"15,38 : 1166.49"
"15,39 : 698.1"
"15,40 : 1001.53"
"15,41 : 268.75"
"15,42 : 369.86"
"15,43 : 755.21"
"15,44 : 253.03"
"15,45 : 392.74"
"15,46 : 133.76"
"15,47 : 951.5"
"15,48 : 556.2"
"15,49 : 1048.23"
"15,50 : 559.3"
"15,51 : 224.37"
"15,52 : 625.66"
"15,53 : 285.19"
"15,54 : 845.92"
"15,55 : 593.99"
"15,56 : 566.6"
"15,57 : 605.6"
"15,58 : 351.21"
"15,59 : 478.01"
"15,60 : 829.96"
"15,61 : 414.8"
"15,62 : 498.55"
"15,63 : 1022.49"
"15,64 : 720.73"
"15,65 : 690.75"
"15,66 : 638.46"
"15,67 : 861.42"
"15,68 : 869.48"
"15,69 : 769.6"
"15,70 : 803.7"
"15,71 : 319.11"
"15,72 : 635.57"
"15,73 : 688.38"
"15,74 : 350.22"
"15,75 : 520.95"
"15,76 : 362.4"
"15,77 : 1035.1"
"15,78 : 921.12"
"15,79 : 882.54"
"15,80 : 742.0"
"15,81 : 822.05"
"15,82 : 929.65"
"15,83 : 801.18"
"15,84 : 874.02"
"15,85 : 819.74"
"15,86 : 804.41"
"15,87 : 845.24"
"15,88 : 295.31"
"15,89 : 178.04"
"15,90 : 246.35"
"15,91 : 698.96"
"15,92 : 301.94"
"15,93 : 626.54"
"15,94 : 518.92"
"15,95 : 996.97"
"15,96 : 420.12"
"15,97 : 591.08"
"15,98 : 938.86"
"15,99 : 509.44"
"16,0 : 556.88"
"16,1 : 1008.48"
"16,2 : 611.0"
"16,3 : 702.59"
"16,4 : 92.09"
"16,5 : 369.75"
"16,6 : 788.21"
"16,7 : 329.22"
"16,8 : 581.06"
"16,9 : 609.6"
"16,10 : 1082.78"
"16,11 : 534.18"
"16,12 : 986.95"
"16,13 : 360.89"
"16,14 : 235.52"
"16,15 : 355.65"
"16,16 : 0.0"
"16,17 : 559.29"
"16,18 : 395.67"
"16,19 : 271.09"
"16,20 : 624.39"
"16,21 : 97.19"
"16,22 : 763.1"
"16,23 : 486.95"
"16,24 : 646.09"
"16,25 : 154.05"
"16,26 : 596.86"
"16,27 : 1138.74"
"16,28 : 680.4"
"16,29 : 419.15"
"16,30 : 1005.05"
"16,31 : 377.79"
"16,32 : 835.01"
"16,33 : 872.33"
"16,34 : 545.88"
"16,35 : 944.28"
"16,36 : 423.27"
"16,37 : 816.06"
"16,38 : 1105.52"
"16,39 : 792.01"
"16,40 : 839.34"
"16,41 : 492.79"
"16,42 : 330.49"
"16,43 : 478.23"
"16,44 : 452.29"
"16,45 : 367.78"
"16,46 : 379.77"
"16,47 : 902.44"
"16,48 : 491.1"
"16,49 : 1019.23"
"16,50 : 608.74"
"16,51 : 444.25"
"16,52 : 305.46"
"16,53 : 195.32"
"16,54 : 972.34"
"16,55 : 261.62"
"16,56 : 235.13"
"16,57 : 738.27"
"16,58 : 599.61"
"16,59 : 212.29"
"16,60 : 766.7"
"16,61 : 494.07"
"16,62 : 436.42"
"16,63 : 981.46"
"16,64 : 899.61"
"16,65 : 851.32"
"16,66 : 884.14"
"16,67 : 605.53"
"16,68 : 640.15"
"16,69 : 696.37"
"16,70 : 494.26"
"16,71 : 538.93"
"16,72 : 414.02"
"16,73 : 851.41"
"16,74 : 381.7"
"16,75 : 392.22"
"16,76 : 93.52"
"16,77 : 899.74"
"16,78 : 625.74"
"16,79 : 641.14"
"16,80 : 962.36"
"16,81 : 625.11"
"16,82 : 671.91"
"16,83 : 509.58"
"16,84 : 870.28"
"16,85 : 562.16"
"16,86 : 730.3"
"16,87 : 779.08"
"16,88 : 404.3"
"16,89 : 205.78"
"16,90 : 317.23"
"16,91 : 372.06"
"16,92 : 55.9"
"16,93 : 862.81"
"16,94 : 708.76"
"16,95 : 942.75"
"16,96 : 109.29"
"16,97 : 707.18"
"16,98 : 967.73"
"16,99 : 492.22"
"17,0 : 183.09"
"17,1 : 452.48"
"17,2 : 224.56"
"17,3 : 521.22"
"17,4 : 574.51"
"17,5 : 300.13"
"17,6 : 460.04"
"17,7 : 274.59"
"17,8 : 676.0"
"17,9 : 709.89"
"17,10 : 564.7"
"17,11 : 445.25"
"17,12 : 773.14"
"17,13 : 484.02"
"17,14 : 325.04"
"17,15 : 719.01"
"17,16 : 559.29"
"17,17 : 0.0"
"17,18 : 333.17"
"17,19 : 355.08"
"17,20 : 224.66"
"17,21 : 462.13"
"17,22 : 454.1"
"17,23 : 104.12"
"17,24 : 422.6"
"17,25 : 604.64"
"17,26 : 419.0"
"17,27 : 596.8"
"17,28 : 225.96"
"17,29 : 158.32"
"17,30 : 795.07"
"17,31 : 439.68"
"17,32 : 538.97"
"17,33 : 459.18"
"17,34 : 327.57"
"17,35 : 446.09"
"17,36 : 621.93"
"17,37 : 482.47"
"17,38 : 564.47"
"17,39 : 506.29"
"17,40 : 287.64"
"17,41 : 600.03"
"17,42 : 351.43"
"17,43 : 262.82"
"17,44 : 568.02"
"17,45 : 336.54"
"17,46 : 622.84"
"17,47 : 386.81"
"17,48 : 201.72"
"17,49 : 508.58"
"17,50 : 368.24"
"17,51 : 591.66"
"17,52 : 384.67"
"17,53 : 452.83"
"17,54 : 673.4"
"17,55 : 425.29"
"17,56 : 427.2"
"17,57 : 540.28"
"17,58 : 661.48"
"17,59 : 353.11"
"17,60 : 261.3"
"17,61 : 413.09"
"17,62 : 239.3"
"17,63 : 463.81"
"17,64 : 707.48"
"17,65 : 646.56"
"17,66 : 813.07"
"17,67 : 246.76"
"17,68 : 200.03"
"17,69 : 200.59"
"17,70 : 367.52"
"17,71 : 602.76"
"17,72 : 167.11"
"17,73 : 650.63"
"17,74 : 393.58"
"17,75 : 198.3"
"17,76 : 469.39"
"17,77 : 340.65"
"17,78 : 378.11"
"17,79 : 230.1"
"17,80 : 821.87"
"17,81 : 119.05"
"17,82 : 293.47"
"17,83 : 312.69"
"17,84 : 412.8"
"17,85 : 230.85"
"17,86 : 221.65"
"17,87 : 267.27"
"17,88 : 473.24"
"17,89 : 690.07"
"17,90 : 479.12"
"17,91 : 405.36"
"17,92 : 558.61"
"17,93 : 781.82"
"17,94 : 616.88"
"17,95 : 417.63"
"17,96 : 456.64"
"17,97 : 500.68"
"17,98 : 530.1"
"17,99 : 274.96"
"18,0 : 213.0"
"18,1 : 703.67"
"18,2 : 248.07"
"18,3 : 323.67"
"18,4 : 357.0"
"18,5 : 415.12"
"18,6 : 392.65"
"18,7 : 119.5"
"18,8 : 354.61"
"18,9 : 389.59"
"18,10 : 724.8"
"18,11 : 168.83"
"18,12 : 614.65"
"18,13 : 154.15"
"18,14 : 265.0"
"18,15 : 406.88"
"18,16 : 395.67"
"18,17 : 333.17"
"18,18 : 0.0"
"18,19 : 381.62"
"18,20 : 525.91"
"18,21 : 323.48"
"18,22 : 367.44"
"18,23 : 342.42"
"18,24 : 253.29"
"18,25 : 355.54"
"18,26 : 208.39"
"18,27 : 800.65"
"18,28 : 548.57"
"18,29 : 193.02"
"18,30 : 634.62"
"18,31 : 107.2"
"18,32 : 440.89"
"18,33 : 483.84"
"18,34 : 556.39"
"18,35 : 581.33"
"18,36 : 289.5"
"18,37 : 420.46"
"18,38 : 767.76"
"18,39 : 397.85"
"18,40 : 602.52"
"18,41 : 270.9"
"18,42 : 65.19"
"18,43 : 467.79"
"18,44 : 236.03"
"18,45 : 28.02"
"18,46 : 295.26"
"18,47 : 553.64"
"18,48 : 149.88"
"18,49 : 659.29"
"18,50 : 213.11"
"18,51 : 258.63"
"18,52 : 441.51"
"18,53 : 208.84"
"18,54 : 580.73"
"18,55 : 445.84"
"18,56 : 427.67"
"18,57 : 357.39"
"18,58 : 347.5"
"18,59 : 294.42"
"18,60 : 426.41"
"18,61 : 123.69"
"18,62 : 95.6"
"18,63 : 628.43"
"18,64 : 530.33"
"18,65 : 475.58"
"18,66 : 566.49"
"18,67 : 532.4"
"18,68 : 514.97"
"18,69 : 363.63"
"18,70 : 554.43"
"18,71 : 282.76"
"18,72 : 315.4"
"18,73 : 476.87"
"18,74 : 60.88"
"18,75 : 156.04"
"18,76 : 310.41"
"18,77 : 629.78"
"18,78 : 632.54"
"18,79 : 537.12"
"18,80 : 615.72"
"18,81 : 448.29"
"18,82 : 595.07"
"18,83 : 524.71"
"18,84 : 494.25"
"18,85 : 498.08"
"18,86 : 398.72"
"18,87 : 441.35"
"18,88 : 140.23"
"18,89 : 432.38"
"18,90 : 160.8"
"18,91 : 505.76"
"18,92 : 362.69"
"18,93 : 538.68"
"18,94 : 366.96"
"18,95 : 598.21"
"18,96 : 343.01"
"18,97 : 321.84"
"18,98 : 580.95"
"18,99 : 108.72"
"19,0 : 434.31"
"19,1 : 801.82"
"19,2 : 494.83"
"19,3 : 698.58"
"19,4 : 333.41"
"19,5 : 98.9"
"19,6 : 721.15"
"19,7 : 263.76"
"19,8 : 696.47"
"19,9 : 730.54"
"19,10 : 917.63"
"19,11 : 550.45"
"19,12 : 987.71"
"19,13 : 450.42"
"19,14 : 120.62"
"19,15 : 573.92"
"19,16 : 271.09"
"19,17 : 355.08"
"19,18 : 381.62"
"19,19 : 0.0"
"19,20 : 360.41"
"19,21 : 192.84"
"19,22 : 703.35"
"19,23 : 258.81"
"19,24 : 614.55"
"19,25 : 389.33"
"19,26 : 579.99"
"19,27 : 951.54"
"19,28 : 420.88"
"19,29 : 272.26"
"19,30 : 1008.48"
"19,31 : 435.46"
"19,32 : 787.18"
"19,33 : 767.39"
"19,34 : 275.83"
"19,35 : 792.13"
"19,36 : 569.02"
"19,37 : 748.39"
"19,38 : 919.36"
"19,39 : 746.03"
"19,40 : 605.73"
"19,41 : 602.68"
"19,42 : 335.88"
"19,43 : 207.95"
"19,44 : 559.71"
"19,45 : 359.15"
"19,46 : 541.56"
"19,47 : 737.5"
"19,48 : 387.14"
"19,49 : 859.32"
"19,50 : 562.92"
"19,51 : 566.86"
"19,52 : 60.96"
"19,53 : 302.37"
"19,54 : 930.74"
"19,55 : 74.24"
"19,56 : 72.12"
"19,57 : 729.93"
"19,58 : 701.23"
"19,59 : 101.98"
"19,60 : 605.42"
"19,61 : 505.27"
"19,62 : 357.55"
"19,63 : 815.91"
"19,64 : 906.2"
"19,65 : 848.85"
"19,66 : 946.65"
"19,67 : 337.93"
"19,68 : 381.48"
"19,69 : 537.15"
"19,70 : 231.01"
"19,71 : 633.86"
"19,72 : 188.16"
"19,73 : 850.85"
"19,74 : 409.42"
"19,75 : 272.62"
"19,76 : 216.11"
"19,77 : 678.45"
"19,78 : 357.08"
"19,79 : 377.41"
"19,80 : 996.76"
"19,81 : 385.25"
"19,82 : 402.8"
"19,83 : 239.14"
"19,84 : 741.01"
"19,85 : 295.1"
"19,86 : 565.6"
"19,87 : 614.19"
"19,88 : 474.77"
"19,89 : 463.58"
"19,90 : 416.14"
"19,91 : 132.48"
"19,92 : 300.89"
"19,93 : 919.47"
"19,94 : 748.38"
"19,95 : 771.0"
"19,96 : 166.31"
"19,97 : 691.54"
"19,98 : 853.03"
"19,99 : 428.59"
"20,0 : 407.49"
"20,1 : 516.4"
"20,2 : 448.02"
"20,3 : 745.68"
"20,4 : 669.69"
"20,5 : 264.84"
"20,6 : 678.13"
"20,7 : 434.0"
"20,8 : 879.58"
"20,9 : 914.33"
"20,10 : 690.5"
"20,11 : 660.04"
"20,12 : 995.0"
"20,13 : 663.68"
"20,14 : 404.03"
"20,15 : 867.86"
"20,16 : 624.39"
"20,17 : 224.66"
"20,18 : 525.91"
"20,19 : 360.41"
"20,20 : 0.0"
"20,21 : 533.98"
"20,22 : 674.76"
"20,23 : 183.98"
"20,24 : 647.07"
"20,25 : 715.35"
"20,26 : 641.3"
"20,27 : 686.07"
"20,28 : 66.64"
"20,29 : 332.93"
"20,30 : 1016.92"
"20,31 : 625.79"
"20,32 : 758.18"
"20,33 : 658.17"
"20,34 : 158.03"
"20,35 : 602.14"
"20,36 : 802.36"
"20,37 : 698.76"
"20,38 : 658.05"
"20,39 : 727.56"
"20,40 : 290.17"
"20,41 : 796.64"
"20,42 : 524.38"
"20,43 : 160.7"
"20,44 : 760.23"
"20,45 : 521.13"
"20,46 : 793.39"
"20,47 : 534.46"
"20,48 : 417.26"
"20,49 : 647.15"
"20,50 : 592.41"
"20,51 : 779.88"
"20,52 : 353.05"
"20,53 : 583.84"
"20,54 : 888.01"
"20,55 : 405.25"
"20,56 : 420.99"
"20,57 : 764.94"
"20,58 : 869.25"
"20,59 : 417.03"
"20,60 : 438.73"
"20,61 : 623.83"
"20,62 : 441.19"
"20,63 : 599.85"
"20,64 : 931.27"
"20,65 : 870.43"
"20,66 : 1036.72"
"20,67 : 38.01"
"20,68 : 40.45"
"20,69 : 397.0"
"20,70 : 227.02"
"20,71 : 806.9"
"20,72 : 232.3"
"20,73 : 874.6"
"20,74 : 582.22"
"20,75 : 371.38"
"20,76 : 551.03"
"20,77 : 379.01"
"20,78 : 170.85"
"20,79 : 17.03"
"20,80 : 1046.41"
"20,81 : 123.46"
"20,82 : 70.23"
"20,83 : 169.19"
"20,84 : 598.02"
"20,85 : 68.6"
"20,86 : 404.81"
"20,87 : 438.29"
"20,88 : 663.48"
"20,89 : 797.88"
"20,90 : 648.09"
"20,91 : 329.8"
"20,92 : 643.33"
"20,93 : 1005.59"
"20,94 : 839.04"
"20,95 : 550.61"
"20,96 : 515.27"
"20,97 : 725.34"
"20,98 : 714.28"
"20,99 : 490.29"
"21,0 : 466.76"
"21,1 : 911.75"
"21,2 : 522.68"
"21,3 : 642.0"
"21,4 : 140.73"
"21,5 : 288.11"
"21,6 : 712.01"
"21,7 : 241.23"
"21,8 : 561.79"
"21,9 : 593.28"
"21,10 : 990.13"
"21,11 : 476.29"
"21,12 : 931.01"
"21,13 : 323.44"
"21,14 : 138.62"
"21,15 : 388.3"
"21,16 : 97.19"
"21,17 : 462.13"
"21,18 : 323.48"
"21,19 : 192.84"
"21,20 : 533.98"
"21,21 : 0.0"
"21,22 : 688.35"
"21,23 : 390.69"
"21,24 : 576.77"
"21,25 : 197.01"
"21,26 : 530.57"
"21,27 : 1043.65"
"21,28 : 587.95"
"21,29 : 323.83"
"21,30 : 950.07"
"21,31 : 328.27"
"21,32 : 764.03"
"21,33 : 788.71"
"21,34 : 467.72"
"21,35 : 852.96"
"21,36 : 414.64"
"21,37 : 740.02"
"21,38 : 1010.48"
"21,39 : 721.03"
"21,40 : 742.47"
"21,41 : 469.14"
"21,42 : 259.92"
"21,43 : 393.96"
"21,44 : 426.38"
"21,45 : 295.58"
"21,46 : 378.31"
"21,47 : 809.25"
"21,48 : 402.65"
"21,49 : 927.1"
"21,50 : 535.02"
"21,51 : 424.99"
"21,52 : 239.01"
"21,53 : 151.03"
"21,54 : 904.22"
"21,55 : 205.77"
"21,56 : 178.44"
"21,57 : 676.94"
"21,58 : 574.77"
"21,59 : 117.66"
"21,60 : 673.34"
"21,61 : 433.37"
"21,62 : 350.87"
"21,63 : 888.46"
"21,64 : 844.69"
"21,65 : 793.14"
"21,66 : 847.9"
"21,67 : 517.39"
"21,68 : 547.64"
"21,69 : 602.83"
"21,70 : 423.3"
"21,71 : 510.02"
"21,72 : 318.29"
"21,73 : 793.81"
"21,74 : 321.62"
"21,75 : 298.97"
"21,76 : 26.4"
"21,77 : 802.55"
"21,78 : 549.56"
"21,79 : 550.52"
"21,80 : 916.99"
"21,81 : 529.18"
"21,82 : 584.78"
"21,83 : 430.76"
"21,84 : 782.18"
"21,85 : 473.93"
"21,86 : 636.35"
"21,87 : 685.36"
"21,88 : 361.07"
"21,89 : 271.11"
"21,90 : 281.4"
"21,91 : 311.42"
"21,92 : 110.05"
"21,93 : 824.24"
"21,94 : 662.25"
"21,95 : 848.88"
"21,96 : 32.65"
"21,97 : 643.27"
"21,98 : 882.84"
"21,99 : 411.54"
"22,0 : 284.62"
"22,1 : 542.67"
"22,2 : 231.14"
"22,3 : 152.07"
"22,4 : 719.58"
"22,5 : 698.61"
"22,6 : 30.0"
"22,7 : 455.95"
"22,8 : 455.03"
"22,9 : 474.83"
"22,10 : 455.36"
"22,11 : 263.89"
"22,12 : 320.49"
"22,13 : 452.03"
"22,14 : 604.44"
"22,15 : 692.86"
"22,16 : 763.1"
"22,17 : 454.1"
"22,18 : 367.44"
"22,19 : 703.35"
"22,20 : 674.76"
"22,21 : 688.35"
"22,22 : 0.0"
"22,23 : 537.23"
"22,24 : 127.12"
"22,25 : 707.97"
"22,26 : 181.34"
"22,27 : 562.03"
"22,28 : 659.21"
"22,29 : 436.33"
"22,30 : 342.37"
"22,31 : 411.5"
"22,32 : 86.28"
"22,33 : 161.47"
"22,34 : 777.28"
"22,35 : 325.74"
"22,36 : 523.24"
"22,37 : 54.71"
"22,38 : 534.31"
"22,39 : 53.25"
"22,40 : 574.51"
"22,41 : 441.13"
"22,42 : 432.61"
"22,43 : 702.09"
"22,44 : 443.04"
"22,45 : 395.37"
"22,46 : 559.28"
"22,47 : 342.77"
"22,48 : 317.19"
"22,49 : 395.34"
"22,50 : 154.39"
"22,51 : 473.71"
"22,52 : 756.11"
"22,53 : 573.41"
"22,54 : 228.35"
"22,55 : 775.85"
"22,56 : 763.79"
"22,57 : 140.25"
"22,58 : 420.93"
"22,59 : 637.78"
"22,60 : 295.18"
"22,61 : 287.5"
"22,62 : 348.94"
"22,63 : 387.2"
"22,64 : 263.87"
"22,65 : 205.57"
"22,66 : 413.04"
"22,67 : 700.07"
"22,68 : 644.03"
"22,69 : 294.74"
"22,70 : 805.98"
"22,71 : 403.77"
"22,72 : 561.31"
"22,73 : 210.79"
"22,74 : 389.68"
"22,75 : 430.72"
"22,76 : 677.0"
"22,77 : 545.18"
"22,78 : 832.14"
"22,79 : 677.26"
"22,80 : 386.08"
"22,81 : 555.07"
"22,82 : 740.31"
"22,83 : 757.27"
"22,84 : 222.63"
"22,85 : 684.58"
"22,86 : 306.07"
"22,87 : 307.32"
"22,88 : 406.93"
"22,89 : 774.76"
"22,90 : 485.78"
"22,91 : 804.77"
"22,92 : 728.63"
"22,93 : 382.26"
"22,94 : 268.16"
"22,95 : 384.29"
"22,96 : 704.85"
"22,97 : 122.59"
"22,98 : 250.42"
"22,99 : 280.32"
"23,0 : 253.92"
"23,1 : 543.01"
"23,2 : 306.49"
"23,3 : 584.56"
"23,4 : 515.71"
"23,5 : 196.5"
"23,6 : 546.67"
"23,7 : 251.64"
"23,8 : 696.69"
"23,9 : 731.55"
"23,10 : 667.23"
"23,11 : 482.91"
"23,12 : 851.38"
"23,13 : 480.13"
"23,14 : 252.38"
"23,15 : 692.22"
"23,16 : 486.95"
"23,17 : 104.12"
"23,18 : 342.42"
"23,19 : 258.81"
"23,20 : 183.98"
"23,21 : 390.69"
"23,22 : 537.23"
"23,23 : 0.0"
"23,24 : 487.23"
"23,25 : 554.13"
"23,26 : 473.47"
"23,27 : 694.36"
"23,28 : 215.93"
"23,29 : 149.47"
"23,30 : 873.23"
"23,31 : 441.81"
"23,32 : 623.32"
"23,33 : 557.92"
"23,34 : 241.25"
"23,35 : 550.18"
"23,36 : 619.02"
"23,37 : 570.81"
"23,38 : 662.53"
"23,39 : 587.72"
"23,40 : 353.71"
"23,41 : 612.89"
"23,42 : 341.0"
"23,43 : 165.71"
"23,44 : 576.27"
"23,45 : 337.15"
"23,46 : 611.58"
"23,47 : 490.41"
"23,48 : 245.73"
"23,49 : 612.0"
"23,50 : 431.37"
"23,51 : 595.94"
"23,52 : 283.01"
"23,53 : 412.09"
"23,54 : 761.75"
"23,55 : 326.08"
"23,56 : 330.55"
"23,57 : 607.81"
"23,58 : 687.49"
"23,59 : 275.07"
"23,60 : 365.32"
"23,61 : 444.57"
"23,62 : 260.77"
"23,63 : 566.87"
"23,64 : 780.66"
"23,65 : 719.83"
"23,66 : 869.55"
"23,67 : 190.72"
"23,68 : 178.24"
"23,69 : 303.22"
"23,70 : 270.65"
"23,71 : 624.29"
"23,72 : 74.03"
"23,73 : 723.39"
"23,74 : 398.28"
"23,75 : 187.42"
"23,76 : 402.41"
"23,77 : 421.25"
"23,78 : 304.69"
"23,79 : 196.16"
"23,80 : 889.96"
"23,81 : 138.81"
"23,82 : 252.69"
"23,83 : 220.06"
"23,84 : 515.23"
"23,85 : 160.12"
"23,86 : 325.58"
"23,87 : 371.39"
"23,88 : 479.52"
"23,89 : 638.88"
"23,90 : 465.97"
"23,91 : 301.24"
"23,92 : 494.65"
"23,93 : 838.99"
"23,94 : 669.02"
"23,95 : 520.13"
"23,96 : 379.72"
"23,97 : 567.54"
