x,y
188,63
403,202
604,998
766,786
942,196
356,403
340,766
166,254
368,100
347,445
318,157
197,902
359,430
261,246
642,544
195,863
436,143
557,399
238,672
367,916
951,4
29,156
636,879
587,443
200,260
37,474
953,307
726,300
434,967
116,613
956,886
810,913
730,562
670,472
466,995
496,447
641,625
287,19
216,7
903,956
148,795
99,91
182,883
614,163
70,796
613,20
608,570
463,486
261,485
537,801
27,295
79,651
231,991
819,718
747,886
537,581
629,996
246,351
409,560
216,833
444,934
110,657
482,105
230,125
831,210
87,873
389,457
398,184
679,893
957,572
55,387
210,379
827,905
593,313
857,907
31,393
62,954
191,733
207,738
305,632
550,205
606,972
14,373
207,237
870,439
683,796
505,231
876,989
781,414
809,698
323,958
847,359
195,302
872,110
103,576
782,533
167,524
921,670
233,294
137,241

Distanze
"0,0 : 0.0"
"0,1 : 226.42"
"0,2 : 473.67"
"0,3 : 132.46"
"0,4 : 504.75"
"0,5 : 222.09"
"0,6 : 488.41"
"0,7 : 561.84"
"0,8 : 708.56"
"0,9 : 223.62"
"0,10 : 314.8"
"0,11 : 565.84"
"0,12 : 480.71"
"0,13 : 360.03"
"0,14 : 281.51"
"0,15 : 192.2"
"0,16 : 77.1"
"0,17 : 388.01"
"0,18 : 436.19"
"0,19 : 532.21"
"0,20 : 180.57"
"0,21 : 297.73"
"0,22 : 270.56"
"0,23 : 653.09"
"0,24 : 525.51"
"0,25 : 485.77"
"0,26 : 369.31"
"0,27 : 514.19"
"0,28 : 170.89"
"0,29 : 250.14"
"0,30 : 249.84"
"0,31 : 321.84"
"0,32 : 35.13"
"0,33 : 269.12"
"0,34 : 454.65"
"0,35 : 311.64"
"0,36 : 489.3"
"0,37 : 112.07"
"0,38 : 596.2"
"0,39 : 361.14"
"0,40 : 389.87"
"0,41 : 422.04"
"0,42 : 157.85"
"0,43 : 403.96"
"0,44 : 441.65"
"0,45 : 419.01"
"0,46 : 489.35"
"0,47 : 190.18"
"0,48 : 327.8"
"0,49 : 599.8"
"0,50 : 396.34"
"0,51 : 450.52"
"0,52 : 152.21"
"0,53 : 203.07"
"0,54 : 234.8"
"0,55 : 520.83"
"0,56 : 498.8"
"0,57 : 355.29"
"0,58 : 386.48"
"0,59 : 471.68"
"0,60 : 227.06"
"0,61 : 218.34"
"0,62 : 367.24"
"0,63 : 56.82"
"0,64 : 444.22"
"0,65 : 468.83"
"0,66 : 447.32"
"0,67 : 479.59"
"0,68 : 323.56"
"0,69 : 242.57"
"0,70 : 310.88"
"0,71 : 503.48"
"0,72 : 355.13"
"0,73 : 231.4"
"0,74 : 474.29"
"0,75 : 376.32"
"0,76 : 413.35"
"0,77 : 490.96"
"0,78 : 327.87"
"0,79 : 412.17"
"0,80 : 239.82"
"0,81 : 415.34"
"0,82 : 419.27"
"0,83 : 576.95"
"0,84 : 205.09"
"0,85 : 219.86"
"0,86 : 180.62"
"0,87 : 27.78"
"0,88 : 406.1"
"0,89 : 460.46"
"0,90 : 454.77"
"0,91 : 389.78"
"0,92 : 297.95"
"0,93 : 271.5"
"0,94 : 336.03"
"0,95 : 526.45"
"0,96 : 197.39"
"0,97 : 286.22"
"0,98 : 280.66"
"0,99 : 535.94"
"1,0 : 226.42"
"1,1 : 0.0"
"1,2 : 645.52"
"1,3 : 287.14"
"1,4 : 527.44"
"1,5 : 131.85"
"1,6 : 442.76"
"1,7 : 669.62"
"1,8 : 488.61"
"1,9 : 411.87"
"1,10 : 143.28"
"1,11 : 405.39"
"1,12 : 695.22"
"1,13 : 283.43"
"1,14 : 506.46"
"1,15 : 417.54"
"1,16 : 300.44"
"1,17 : 482.03"
"1,18 : 583.85"
"1,19 : 412.08"
"1,20 : 50.36"
"1,21 : 100.13"
"1,22 : 390.48"
"1,23 : 588.63"
"1,24 : 747.69"
"1,25 : 709.26"
"1,26 : 488.88"
"1,27 : 369.07"
"1,28 : 339.15"
"1,29 : 191.8"
"1,30 : 173.42"
"1,31 : 443.42"
"1,32 : 247.49"
"1,33 : 371.3"
"1,34 : 680.96"
"1,35 : 489.63"
"1,36 : 278.0"
"1,37 : 135.59"
"1,38 : 586.17"
"1,39 : 471.02"
"1,40 : 613.56"
"1,41 : 509.83"
"1,42 : 356.52"
"1,43 : 210.72"
"1,44 : 256.16"
"1,45 : 522.23"
"1,46 : 592.66"
"1,47 : 201.56"
"1,48 : 552.76"
"1,49 : 811.28"
"1,50 : 621.09"
"1,51 : 235.64"
"1,52 : 332.34"
"1,53 : 397.85"
"1,54 : 459.89"
"1,55 : 471.06"
"1,56 : 344.03"
"1,57 : 220.97"
"1,58 : 445.42"
"1,59 : 279.24"
"1,60 : 346.71"
"1,61 : 278.68"
"1,62 : 446.32"
"1,63 : 283.24"
"1,64 : 610.03"
"1,65 : 434.38"
"1,66 : 455.8"
"1,67 : 264.01"
"1,68 : 452.33"
"1,69 : 319.64"
"1,70 : 489.02"
"1,71 : 412.68"
"1,72 : 430.36"
"1,73 : 456.84"
"1,74 : 499.2"
"1,75 : 444.18"
"1,76 : 637.13"
"1,77 : 393.33"
"1,78 : 408.14"
"1,79 : 388.02"
"1,80 : 49.65"
"1,81 : 389.97"
"1,82 : 624.96"
"1,83 : 377.01"
"1,84 : 367.72"
"1,85 : 360.47"
"1,86 : 124.46"
"1,87 : 242.0"
"1,88 : 363.41"
"1,89 : 544.88"
"1,90 : 624.79"
"1,91 : 612.07"
"1,92 : 394.2"
"1,93 : 159.67"
"1,94 : 331.91"
"1,95 : 302.77"
"1,96 : 420.35"
"1,97 : 60.41"
"1,98 : 496.61"
"1,99 : 422.21"
"2,0 : 473.67"
"2,1 : 645.52"
"2,2 : 0.0"
"2,3 : 362.07"
"2,4 : 935.38"
"2,5 : 690.79"
"2,6 : 952.68"
"2,7 : 219.35"
"2,8 : 1029.4"
"2,9 : 545.92"
"2,10 : 639.81"
"2,11 : 769.21"
"2,12 : 557.39"
"2,13 : 538.62"
"2,14 : 315.66"
"2,15 : 403.11"
"2,16 : 408.79"
"2,17 : 778.19"
"2,18 : 739.57"
"2,19 : 1005.73"
"2,20 : 596.34"
"2,21 : 659.34"
"2,22 : 266.58"
"2,23 : 1117.66"
"2,24 : 517.62"
"2,25 : 480.13"
"2,26 : 735.48"
"2,27 : 708.41"
"2,28 : 311.3"
"2,29 : 723.73"
"2,30 : 530.77"
"2,31 : 700.36"
"2,32 : 484.23"
"2,33 : 294.19"
"2,34 : 400.52"
"2,35 : 604.4"
"2,36 : 922.7"
"2,37 : 578.84"
"2,38 : 1039.38"
"2,39 : 741.16"
"2,40 : 438.33"
"2,41 : 251.31"
"2,42 : 508.19"
"2,43 : 717.8"
"2,44 : 896.16"
"2,45 : 216.0"
"2,46 : 211.26"
"2,47 : 662.46"
"2,48 : 405.18"
"2,49 : 649.33"
"2,50 : 307.31"
"2,51 : 792.41"
"2,52 : 539.06"
"2,53 : 525.68"
"2,54 : 400.37"
"2,55 : 985.0"
"2,56 : 966.75"
"2,57 : 612.72"
"2,58 : 317.84"
"2,59 : 762.63"
"2,60 : 641.63"
"2,61 : 673.4"
"2,62 : 282.82"
"2,63 : 438.29"
"2,64 : 39.22"
"2,65 : 930.52"
"2,66 : 892.29"
"2,67 : 817.45"
"2,68 : 210.52"
"2,69 : 348.53"
"2,70 : 162.86"
"2,71 : 610.47"
"2,72 : 769.95"
"2,73 : 336.88"
"2,74 : 388.22"
"2,75 : 302.42"
"2,76 : 294.28"
"2,77 : 964.32"
"2,78 : 744.81"
"2,79 : 873.87"
"2,80 : 627.08"
"2,81 : 470.64"
"2,82 : 152.07"
"2,83 : 857.36"
"2,84 : 582.58"
"2,85 : 616.75"
"2,86 : 649.44"
"2,87 : 446.32"
"2,88 : 497.3"
"2,89 : 256.6"
"2,90 : 21.1"
"2,91 : 272.37"
"2,92 : 284.2"
"2,93 : 566.68"
"2,94 : 432.93"
"2,95 : 933.48"
"2,96 : 424.26"
"2,97 : 700.98"
"2,98 : 471.63"
"2,99 : 1009.61"
"3,0 : 132.46"
"3,1 : 287.14"
"3,2 : 362.07"
"3,3 : 0.0"
"3,4 : 636.6"
"3,5 : 331.85"
"3,6 : 618.61"
"3,7 : 430.19"
"3,8 : 724.88"
"3,9 : 317.82"
"3,10 : 316.84"
"3,11 : 528.49"
"3,12 : 519.16"
"3,13 : 295.7"
"3,14 : 262.61"
"3,15 : 223.95"
"3,16 : 112.64"
"3,17 : 512.45"
"3,18 : 540.23"
"3,19 : 650.34"
"3,20 : 237.02"
"3,21 : 320.73"
"3,22 : 138.11"
"3,23 : 782.63"
"3,24 : 542.23"
"3,25 : 499.08"
"3,26 : 487.63"
"3,27 : 470.41"
"3,28 : 52.01"
"3,29 : 371.03"
"3,30 : 218.33"
"3,31 : 441.71"
"3,32 : 158.69"
"3,33 : 138.31"
"3,34 : 448.74"
"3,35 : 404.71"
"3,36 : 565.09"
"3,37 : 221.42"
"3,38 : 728.65"
"3,39 : 482.63"
"3,40 : 407.49"
"3,41 : 290.04"
"3,42 : 253.5"
"3,43 : 406.12"
"3,44 : 534.29"
"3,45 : 286.57"
"3,46 : 357.1"
"3,47 : 318.0"
"3,48 : 343.35"
"3,49 : 639.23"
"3,50 : 368.12"
"3,51 : 469.71"
"3,52 : 263.44"
"3,53 : 294.33"
"3,54 : 260.54"
"3,55 : 650.93"
"3,56 : 605.76"
"3,57 : 325.38"
"3,58 : 259.83"
"3,59 : 466.28"
"3,60 : 352.87"
"3,61 : 350.79"
"3,62 : 237.12"
"3,63 : 131.61"
"3,64 : 328.64"
"3,65 : 599.82"
"3,66 : 579.77"
"3,67 : 497.77"
"3,68 : 192.43"
"3,69 : 122.59"
"3,70 : 202.42"
"3,71 : 428.98"
"3,72 : 483.86"
"3,73 : 222.5"
"3,74 : 353.14"
"3,75 : 248.05"
"3,76 : 379.23"
"3,77 : 613.49"
"3,78 : 456.58"
"3,79 : 543.37"
"3,80 : 276.73"
"3,81 : 317.07"
"3,82 : 341.49"
"3,83 : 571.42"
"3,84 : 318.2"
"3,85 : 340.39"
"3,86 : 291.24"
"3,87 : 106.4"
"3,88 : 317.0"
"3,89 : 328.42"
"3,90 : 341.83"
"3,91 : 350.32"
"3,92 : 167.07"
"3,93 : 251.68"
"3,94 : 237.92"
"3,95 : 584.93"
"3,96 : 240.61"
"3,97 : 345.22"
"3,98 : 331.1"
"3,99 : 655.7"
"4,0 : 504.75"
"4,1 : 527.44"
"4,2 : 935.38"
"4,3 : 636.6"
"4,4 : 0.0"
"4,5 : 395.61"
"4,6 : 156.97"
"4,7 : 1061.07"
"4,8 : 900.68"
"4,9 : 397.55"
"4,10 : 669.96"
"4,11 : 923.35"
"4,12 : 596.15"
"4,13 : 800.65"
"4,14 : 641.26"
"4,15 : 536.12"
"4,16 : 542.74"
"4,17 : 175.35"
"4,18 : 307.02"
"4,19 : 322.48"
"4,20 : 532.83"
"4,21 : 623.03"
"4,22 : 774.27"
"4,23 : 243.53"
"4,24 : 687.71"
"4,25 : 674.6"
"4,26 : 230.06"
"4,27 : 893.73"
"4,28 : 668.26"
"4,29 : 335.7"
"4,30 : 680.54"
"4,31 : 246.47"
"4,32 : 478.53"
"4,33 : 773.86"
"4,34 : 707.03"
"4,35 : 372.4"
"4,36 : 551.59"
"4,37 : 452.75"
"4,38 : 110.72"
"4,39 : 212.92"
"4,40 : 614.73"
"4,41 : 926.62"
"4,42 : 427.22"
"4,43 : 721.8"
"4,44 : 459.49"
"4,45 : 922.05"
"4,46 : 991.13"
"4,47 : 343.91"
"4,48 : 594.83"
"4,49 : 657.53"
"4,50 : 721.31"
"4,51 : 711.36"
"4,52 : 397.09"
"4,53 : 414.36"
"4,54 : 550.24"
"4,55 : 163.52"
"4,56 : 396.69"
"4,57 : 748.19"
"4,58 : 889.23"
"4,59 : 783.01"
"4,60 : 294.65"
"4,61 : 288.12"
"4,62 : 871.79"
"4,63 : 514.88"
"4,64 : 914.83"
"4,65 : 138.76"
"4,66 : 73.0"
"4,67 : 731.98"
"4,68 : 823.69"
"4,69 : 744.23"
"4,70 : 783.21"
"4,71 : 937.64"
"4,72 : 166.14"
"4,73 : 605.53"
"4,74 : 971.51"
"4,75 : 880.07"
"4,76 : 744.15"
"4,77 : 268.43"
"4,78 : 190.6"
"4,79 : 152.24"
"4,80 : 576.59"
"4,81 : 890.25"
"4,82 : 829.71"
"4,83 : 860.1"
"4,84 : 353.28"
"4,85 : 318.64"
"4,86 : 411.81"
"4,87 : 530.2"
"4,88 : 871.03"
"4,89 : 965.01"
"4,90 : 920.18"
"4,91 : 739.08"
"4,92 : 802.7"
"4,93 : 679.2"
"4,94 : 817.18"
"4,95 : 636.91"
"4,96 : 516.86"
"4,97 : 540.27"
"4,98 : 503.25"
"4,99 : 308.51"
"5,0 : 222.09"
"5,1 : 131.85"
"5,2 : 690.79"
"5,3 : 331.85"
"5,4 : 395.61"
"5,5 : 0.0"
"5,6 : 318.45"
"5,7 : 750.94"
"5,8 : 575.24"
"5,9 : 337.12"
"5,10 : 274.75"
"5,11 : 533.45"
"5,12 : 630.42"
"5,13 : 409.94"
"5,14 : 491.45"
"5,15 : 386.36"
"5,16 : 297.14"
"5,17 : 359.61"
"5,18 : 475.55"
"5,19 : 319.33"
"5,20 : 143.39"
"5,21 : 229.11"
"5,22 : 459.32"
"5,23 : 472.53"
"5,24 : 695.24"
"5,25 : 661.04"
"5,26 : 373.75"
"5,27 : 499.84"
"5,28 : 380.42"
"5,29 : 60.17"
"5,30 : 293.06"
"5,31 : 331.47"
"5,32 : 224.38"
"5,33 : 447.15"
"5,34 : 647.03"
"5,35 : 401.64"
"5,36 : 287.57"
"5,37 : 112.06"
"5,38 : 457.08"
"5,39 : 353.56"
"5,40 : 568.3"
"5,41 : 596.81"
"5,42 : 296.53"
"5,43 : 334.17"
"5,44 : 224.76"
"5,45 : 602.97"
"5,46 : 674.8"
"5,47 : 87.62"
"5,48 : 513.73"
"5,49 : 739.98"
"5,50 : 604.47"
"5,51 : 341.32"
"5,52 : 263.33"
"5,53 : 329.46"
"5,54 : 425.28"
"5,55 : 348.42"
"5,56 : 277.02"
"5,57 : 352.64"
"5,58 : 541.57"
"5,59 : 400.0"
"5,60 : 243.21"
"5,61 : 162.89"
"5,62 : 534.92"
"5,63 : 271.05"
"5,64 : 659.08"
"5,65 : 307.35"
"5,66 : 324.1"
"5,67 : 366.94"
"5,68 : 519.27"
"5,69 : 402.6"
"5,70 : 528.28"
"5,71 : 543.28"
"5,72 : 305.44"
"5,73 : 441.24"
"5,74 : 608.07"
"5,75 : 537.01"
"5,76 : 623.57"
"5,77 : 287.2"
"5,78 : 285.44"
"5,79 : 258.31"
"5,80 : 181.03"
"5,81 : 509.36"
"5,82 : 641.07"
"5,83 : 489.95"
"5,84 : 282.34"
"5,85 : 264.64"
"5,86 : 41.59"
"5,87 : 247.63"
"5,88 : 485.88"
"5,89 : 634.04"
"5,90 : 671.16"
"5,91 : 602.94"
"5,92 : 473.73"
"5,93 : 286.54"
"5,94 : 443.6"
"5,95 : 344.84"
"5,96 : 382.09"
"5,97 : 154.03"
"5,98 : 441.4"
"5,99 : 325.72"
"6,0 : 488.41"
"6,1 : 442.76"
"6,2 : 952.68"
"6,3 : 618.61"
"6,4 : 156.97"
"6,5 : 318.45"
"6,6 : 0.0"
"6,7 : 1048.62"
"6,8 : 759.17"
"6,9 : 452.92"
"6,10 : 577.83"
"6,11 : 814.92"
"6,12 : 700.06"
"6,13 : 725.89"
"6,14 : 686.29"
"6,15 : 574.31"
"6,16 : 544.69"
"6,17 : 281.04"
"6,18 : 431.45"
"6,19 : 165.61"
"6,20 : 461.74"
"6,21 : 528.25"
"6,22 : 755.24"
"6,23 : 165.16"
"6,24 : 787.29"
"6,25 : 767.26"
"6,26 : 333.1"
"6,27 : 792.9"
"6,28 : 659.27"
"6,29 : 261.6"
"6,30 : 611.06"
"6,31 : 327.95"
"6,32 : 471.0"
"6,33 : 748.6"
"6,34 : 786.14"
"6,35 : 457.25"
"6,36 : 407.75"
"6,37 : 406.69"
"6,38 : 153.12"
"6,39 : 309.86"
"6,40 : 694.21"
"6,41 : 901.76"
"6,42 : 460.48"
"6,43 : 614.78"
"6,44 : 317.65"
"6,45 : 903.2"
"6,46 : 974.59"
"6,47 : 301.13"
"6,48 : 661.57"
"6,49 : 777.33"
"6,50 : 781.72"
"6,51 : 591.66"
"6,52 : 424.08"
"6,53 : 463.06"
"6,54 : 598.58"
"6,55 : 32.45"
"6,56 : 242.99"
"6,57 : 660.15"
"6,58 : 853.08"
"6,59 : 669.96"
"6,60 : 328.67"
"6,61 : 279.51"
"6,62 : 842.17"
"6,63 : 515.19"
"6,64 : 926.84"
"6,65 : 27.17"
"6,66 : 110.92"
"6,67 : 608.95"
"6,68 : 811.01"
"6,69 : 710.05"
"6,70 : 792.52"
"6,71 : 853.7"
"6,72 : 240.88"
"6,73 : 643.22"
"6,74 : 924.69"
"6,75 : 846.77"
"6,76 : 804.11"
"6,77 : 112.16"
"6,78 : 252.07"
"6,79 : 79.48"
"6,80 : 492.06"
"6,81 : 827.75"
"6,82 : 867.39"
"6,83 : 736.5"
"6,84 : 396.22"
"6,85 : 359.69"
"6,86 : 347.84"
"6,87 : 516.05"
"6,88 : 803.75"
"6,89 : 939.86"
"6,90 : 935.26"
"6,91 : 793.34"
"6,92 : 776.69"
"6,93 : 602.0"
"6,94 : 761.56"
"6,95 : 494.41"
"6,96 : 558.92"
"6,97 : 439.88"
"6,98 : 570.19"
"6,99 : 152.07"
"7,0 : 561.84"
"7,1 : 669.62"
"7,2 : 219.35"
"7,3 : 430.19"
"7,4 : 1061.07"
"7,5 : 750.94"
"7,6 : 1048.62"
"7,7 : 0.0"
"7,8 : 958.71"
"7,9 : 697.83"
"7,10 : 616.09"
"7,11 : 667.58"
"7,12 : 763.96"
"7,13 : 472.77"
"7,14 : 499.14"
"7,15 : 559.98"
"7,16 : 518.58"
"7,17 : 921.26"
"7,18 : 910.12"
"7,19 : 1069.29"
"7,20 : 626.99"
"7,21 : 650.0"
"7,22 : 293.64"
"7,23 : 1212.22"
"7,24 : 732.27"
"7,25 : 693.04"
"7,26 : 886.24"
"7,27 : 611.43"
"7,28 : 393.24"
"7,29 : 796.65"
"7,30 : 515.12"
"7,31 : 845.16"
"7,32 : 584.1"
"7,33 : 303.8"
"7,34 : 614.36"
"7,35 : 770.11"
"7,36 : 929.97"
"7,37 : 646.11"
"7,38 : 1156.87"
"7,39 : 887.03"
"7,40 : 640.86"
"7,41 : 161.31"
"7,42 : 646.56"
"7,43 : 674.85"
"7,44 : 925.08"
"7,45 : 148.22"
"7,46 : 76.97"
"7,47 : 747.64"
"7,48 : 598.11"
"7,49 : 862.51"
"7,50 : 517.47"
"7,51 : 753.58"
"7,52 : 669.61"
"7,53 : 675.04"
"7,54 : 570.26"
"7,55 : 1080.89"
"7,56 : 1012.05"
"7,57 : 563.1"
"7,58 : 235.42"
"7,59 : 702.07"
"7,60 : 769.18"
"7,61 : 779.25"
"7,62 : 224.54"
"7,63 : 546.19"
"7,64 : 204.06"
"7,65 : 1030.0"
"7,66 : 1007.68"
"7,67 : 773.65"
"7,68 : 238.35"
"7,69 : 351.09"
"7,70 : 296.28"
"7,71 : 493.08"
"7,72 : 901.75"
"7,73 : 504.62"
"7,74 : 247.39"
"7,75 : 230.89"
"7,76 : 507.32"
"7,77 : 1037.57"
"7,78 : 874.92"
"7,79 : 973.56"
"7,80 : 636.83"
"7,81 : 369.3"
"7,82 : 367.07"
"7,83 : 780.63"
"7,84 : 720.62"
"7,85 : 750.21"
"7,86 : 712.79"
"7,87 : 534.76"
"7,88 : 403.71"
"7,89 : 131.24"
"7,90 : 215.28"
"7,91 : 482.27"
"7,92 : 277.71"
"7,93 : 546.45"
"7,94 : 370.26"
"7,95 : 920.2"
"7,96 : 582.33"
"7,97 : 714.66"
"7,98 : 648.64"
"7,99 : 1076.44"
"8,0 : 708.56"
"8,1 : 488.61"
"8,2 : 1029.4"
"8,3 : 724.88"
"8,4 : 900.68"
"8,5 : 575.24"
"8,6 : 759.17"
"8,7 : 958.71"
"8,8 : 0.0"
"8,9 : 898.8"
"8,10 : 408.07"
"8,11 : 306.35"
"8,12 : 1183.77"
"8,13 : 494.02"
"8,14 : 977.69"
"8,15 : 900.54"
"8,16 : 776.2"
"8,17 : 923.54"
"8,18 : 1049.93"
"8,19 : 623.22"
"8,20 : 529.08"
"8,21 : 412.2"
"8,22 : 766.6"
"8,23 : 830.06"
"8,24 : 1233.9"
"8,25 : 1194.33"
"8,26 : 945.55"
"8,27 : 352.75"
"8,28 : 771.1"
"8,29 : 615.96"
"8,30 : 510.85"
"8,31 : 905.45"
"8,32 : 733.71"
"8,33 : 737.13"
"8,34 : 1159.66"
"8,35 : 972.49"
"8,36 : 351.45"
"8,37 : 623.8"
"8,38 : 908.64"
"8,39 : 923.82"
"8,40 : 1098.43"
"8,41 : 810.93"
"8,42 : 845.06"
"8,43 : 319.31"
"8,44 : 442.16"
"8,45 : 839.62"
"8,46 : 892.08"
"8,47 : 662.69"
"8,48 : 1036.07"
"8,49 : 1299.81"
"8,50 : 1089.33"
"8,51 : 258.6"
"8,52 : 819.72"
"8,53 : 885.84"
"8,54 : 943.17"
"8,55 : 772.02"
"8,56 : 525.38"
"8,57 : 417.11"
"8,58 : 732.61"
"8,59 : 266.91"
"8,60 : 818.17"
"8,61 : 737.54"
"8,62 : 758.19"
"8,63 : 764.33"
"8,64 : 990.24"
"8,65 : 767.91"
"8,66 : 830.82"
"8,67 : 229.61"
"8,68 : 819.04"
"8,69 : 684.85"
"8,70 : 901.4"
"8,71 : 479.12"
"8,72 : 866.7"
"8,73 : 930.57"
"8,74 : 716.1"
"8,75 : 743.11"
"8,76 : 1102.31"
"8,77 : 654.64"
"8,78 : 851.42"
"8,79 : 749.57"
"8,80 : 468.75"
"8,81 : 589.43"
"8,82 : 1058.34"
"8,83 : 178.18"
"8,84 : 850.72"
"8,85 : 837.8"
"8,86 : 593.68"
"8,87 : 718.49"
"8,88 : 555.08"
"8,89 : 830.89"
"8,90 : 1008.69"
"8,91 : 1074.27"
"8,92 : 745.2"
"8,93 : 475.41"
"8,94 : 601.3"
"8,95 : 264.78"
"8,96 : 905.68"
"8,97 : 434.99"
"8,98 : 984.74"
"8,99 : 640.31"
"9,0 : 223.62"
"9,1 : 411.87"
"9,2 : 545.92"
"9,3 : 317.82"
"9,4 : 397.55"
"9,5 : 337.12"
"9,6 : 452.92"
"9,7 : 697.83"
"9,8 : 898.8"
"9,9 : 0.0"
"9,10 : 527.79"
"9,11 : 786.25"
"9,12 : 293.52"
"9,13 : 583.25"
"9,14 : 243.73"
"9,15 : 142.84"
"9,16 : 205.18"
"9,17 : 232.66"
"9,18 : 222.8"
"9,19 : 561.14"
"9,20 : 378.11"
"9,21 : 501.6"
"9,22 : 437.54"
"9,23 : 609.12"
"9,24 : 363.23"
"9,25 : 333.24"
"9,26 : 190.26"
"9,27 : 736.31"
"9,28 : 326.53"
"9,29 : 321.64"
"9,30 : 472.97"
"9,31 : 154.93"
"9,32 : 189.01"
"9,33 : 448.52"
"9,34 : 337.33"
"9,35 : 88.57"
"9,36 : 623.09"
"9,37 : 276.4"
"9,38 : 506.25"
"9,39 : 195.29"
"9,40 : 248.07"
"9,41 : 587.55"
"9,42 : 66.48"
"9,43 : 612.94"
"9,44 : 550.55"
"9,45 : 573.69"
"9,46 : 635.95"
"9,47 : 254.4"
"9,48 : 208.96"
"9,49 : 403.6"
"9,50 : 329.62"
"9,51 : 647.41"
"9,52 : 79.63"
"9,53 : 23.77"
"9,54 : 152.69"
"9,55 : 482.66"
"9,56 : 567.63"
"9,57 : 576.54"
"9,58 : 573.02"
"9,59 : 682.1"
"9,60 : 127.02"
"9,61 : 203.75"
"9,62 : 544.92"
"9,63 : 190.04"
"9,64 : 529.75"
"9,65 : 426.82"
"9,66 : 367.49"
"9,67 : 675.87"
"9,68 : 472.18"
"9,69 : 440.41"
"9,70 : 404.89"
"9,71 : 726.15"
"9,72 : 232.11"
"9,73 : 210.24"
"9,74 : 669.48"
"9,75 : 559.29"
"9,76 : 352.23"
"9,77 : 505.52"
"9,78 : 210.39"
"9,79 : 375.59"
"9,80 : 441.08"
"9,81 : 630.08"
"9,82 : 432.49"
"9,83 : 784.84"
"9,84 : 61.19"
"9,85 : 95.01"
"9,86 : 309.13"
"9,87 : 232.94"
"9,88 : 624.62"
"9,89 : 624.14"
"9,90 : 532.56"
"9,91 : 343.88"
"9,92 : 475.62"
"9,93 : 492.63"
"9,94 : 550.07"
"9,95 : 681.61"
"9,96 : 121.75"
"9,97 : 463.82"
"9,98 : 119.07"
"9,99 : 557.92"
"10,0 : 314.8"
"10,1 : 143.28"
"10,2 : 639.81"
"10,3 : 316.84"
"10,4 : 669.96"
"10,5 : 274.75"
"10,6 : 577.83"
"10,7 : 616.09"
"10,8 : 408.07"
"10,9 : 527.79"
"10,10 : 0.0"
"10,11 : 265.35"
"10,12 : 795.42"
"10,13 : 166.48"
"10,14 : 571.61"
"10,15 : 502.29"
"10,16 : 374.77"
"10,17 : 622.62"
"10,18 : 716.36"
"10,19 : 524.2"
"10,20 : 154.54"
"10,21 : 50.12"
"10,22 : 373.23"
"10,23 : 715.17"
"10,24 : 836.62"
"10,25 : 795.5"
"10,26 : 626.0"
"10,27 : 226.01"
"10,28 : 363.74"
"10,29 : 334.32"
"10,30 : 109.04"
"10,31 : 579.42"
"10,32 : 345.03"
"10,33 : 346.39"
"10,34 : 755.55"
"10,35 : 611.27"
"10,36 : 320.21"
"10,37 : 259.02"
"10,38 : 724.79"
"10,39 : 609.43"
"10,40 : 700.07"
"10,41 : 455.62"
"10,42 : 466.15"
"10,43 : 90.79"
"10,44 : 338.42"
"10,45 : 476.54"
"10,46 : 541.13"
"10,47 : 342.77"
"10,48 : 636.4"
"10,49 : 914.6"
"10,50 : 682.05"
"10,51 : 154.64"
"10,52 : 449.01"
"10,53 : 510.42"
"10,54 : 544.59"
"10,55 : 604.47"
"10,56 : 441.38"
"10,57 : 83.35"
"10,58 : 381.03"
"10,59 : 156.97"
"10,60 : 480.46"
"10,61 : 418.65"
"10,62 : 394.14"
"10,63 : 367.27"
"10,64 : 601.45"
"10,65 : 571.76"
"10,66 : 597.94"
"10,67 : 181.8"
"10,68 : 431.34"
"10,69 : 291.55"
"10,70 : 499.72"
"10,71 : 276.83"
"10,72 : 572.13"
"10,73 : 525.73"
"10,74 : 409.3"
"10,75 : 385.37"
"10,76 : 694.57"
"10,77 : 515.89"
"10,78 : 549.19"
"10,79 : 528.0"
"10,80 : 96.25"
"10,81 : 284.6"
"10,82 : 653.13"
"10,83 : 262.68"
"10,84 : 491.72"
"10,85 : 490.19"
"10,86 : 266.19"
"10,87 : 319.32"
"10,88 : 252.24"
"10,89 : 485.34"
"10,90 : 618.73"
"10,91 : 666.32"
"10,92 : 361.07"
"10,93 : 73.25"
"10,94 : 248.9"
"10,95 : 304.2"
"10,96 : 510.44"
"10,97 : 139.59"
"10,98 : 595.44"
"10,99 : 536.72"
"11,0 : 565.84"
"11,1 : 405.39"
"11,2 : 769.21"
"11,3 : 528.49"
"11,4 : 923.35"
"11,5 : 533.45"
"11,6 : 814.92"
"11,7 : 667.58"
"11,8 : 306.35"
"11,9 : 786.25"
"11,10 : 265.35"
"11,11 : 0.0"
"11,12 : 1039.35"
"11,13 : 240.47"
"11,14 : 790.76"
"11,15 : 741.27"
"11,16 : 613.46"
"11,17 : 887.15"
"11,18 : 980.99"
"11,19 : 727.79"
"11,20 : 419.66"
"11,21 : 305.38"
"11,22 : 523.84"
"11,23 : 933.51"
"11,24 : 1069.83"
"11,25 : 1027.0"
"11,26 : 891.35"
"11,27 : 61.29"
"11,28 : 563.26"
"11,29 : 591.03"
"11,30 : 318.66"
"11,31 : 844.75"
"11,32 : 598.86"
"11,33 : 493.04"
"11,34 : 976.73"
"11,35 : 871.84"
"11,36 : 465.15"
"11,37 : 523.65"
"11,38 : 966.67"
"11,39 : 874.66"
"11,40 : 934.05"
"11,41 : 531.35"
"11,42 : 722.33"
"11,43 : 201.64"
"11,44 : 525.71"
"11,45 : 563.45"
"11,46 : 606.75"
"11,47 : 606.78"
"11,48 : 869.65"
"11,49 : 1159.71"
"11,50 : 891.9"
"11,51 : 231.91"
"11,52 : 708.92"
"11,53 : 767.36"
"11,54 : 781.86"
"11,55 : 837.91"
"11,56 : 631.98"
"11,57 : 210.64"
"11,58 : 455.51"
"11,59 : 146.73"
"11,60 : 745.64"
"11,61 : 683.36"
"11,62 : 487.3"
"11,63 : 612.61"
"11,64 : 730.33"
"11,65 : 813.35"
"11,66 : 850.47"
"11,67 : 225.18"
"11,68 : 565.44"
"11,69 : 449.16"
"11,70 : 665.8"
"11,71 : 176.41"
"11,72 : 835.75"
"11,73 : 750.68"
"11,74 : 420.7"
"11,75 : 469.03"
"11,76 : 900.15"
"11,77 : 735.04"
"11,78 : 813.42"
"11,79 : 775.73"
"11,80 : 361.02"
"11,81 : 303.27"
"11,82 : 827.2"
"11,83 : 139.12"
"11,84 : 754.2"
"11,85 : 754.54"
"11,86 : 529.76"
"11,87 : 564.18"
"11,88 : 273.0"
"11,89 : 545.19"
"11,90 : 749.59"
"11,91 : 869.77"
"11,92 : 492.63"
"11,93 : 294.33"
"11,94 : 338.57"
"11,95 : 400.46"
"11,96 : 753.05"
"11,97 : 383.22"
"11,98 : 841.95"
"11,99 : 742.98"
"12,0 : 480.71"
"12,1 : 695.22"
"12,2 : 557.39"
"12,3 : 519.16"
"12,4 : 596.15"
"12,5 : 630.42"
"12,6 : 700.06"
"12,7 : 763.96"
"12,8 : 1183.77"
"12,9 : 293.52"
"12,10 : 795.42"
"12,11 : 1039.35"
"12,12 : 0.0"
"12,13 : 813.93"
"12,14 : 281.44"
"12,15 : 298.3"
"12,16 : 425.91"
"12,17 : 425.04"
"12,18 : 295.58"
"12,19 : 832.88"
"12,20 : 655.73"
"12,21 : 777.06"
"12,22 : 588.78"
"12,23 : 836.0"
"12,24 : 93.15"
"12,25 : 96.33"
"12,26 : 370.16"
"12,27 : 983.99"
"12,28 : 499.03"
"12,29 : 613.97"
"12,30 : 720.8"
"12,31 : 372.7"
"12,32 : 452.02"
"12,33 : 611.92"
"12,34 : 167.59"
"12,35 : 247.8"
"12,36 : 916.59"
"12,37 : 560.61"
"12,38 : 704.39"
"12,39 : 391.74"
"12,40 : 125.02"
"12,41 : 709.37"
"12,42 : 339.51"
"12,43 : 884.63"
"12,44 : 842.88"
"12,45 : 683.26"
"12,46 : 725.1"
"12,47 : 547.77"
"12,48 : 181.46"
"12,49 : 120.44"
"12,50 : 250.28"
"12,51 : 928.04"
"12,52 : 368.4"
"12,53 : 301.6"
"12,54 : 258.94"
"12,55 : 725.01"
"12,56 : 852.43"
"12,57 : 829.64"
"12,58 : 726.32"
"12,59 : 952.35"
"12,60 : 407.32"
"12,61 : 491.64"
"12,62 : 689.59"
"12,63 : 428.85"
"12,64 : 561.9"
"12,65 : 672.89"
"12,66 : 596.09"
"12,67 : 956.97"
"12,68 : 594.24"
"12,69 : 628.35"
"12,70 : 486.15"
"12,71 : 947.78"
"12,72 : 459.19"
"12,73 : 303.44"
"12,74 : 826.29"
"12,75 : 709.22"
"12,76 : 265.45"
"12,77 : 774.22"
"12,78 : 449.81"
"12,79 : 631.2"
"12,80 : 717.68"
"12,81 : 828.21"
"12,82 : 406.21"
"12,83 : 1057.65"
"12,84 : 351.32"
"12,85 : 377.64"
"12,86 : 601.0"
"12,87 : 477.31"
"12,88 : 833.22"
"12,89 : 738.27"
"12,90 : 554.37"
"12,91 : 285.04"
"12,92 : 631.73"
"12,93 : 747.48"
"12,94 : 752.26"
"12,95 : 974.39"
"12,96 : 286.5"
"12,97 : 750.58"
"12,98 : 200.12"
"12,99 : 826.89"
"13,0 : 360.03"
"13,1 : 283.43"
"13,2 : 538.62"
"13,3 : 295.7"
"13,4 : 800.65"
"13,5 : 409.94"
"13,6 : 725.89"
"13,7 : 472.77"
"13,8 : 494.02"
"13,9 : 583.25"
"13,10 : 166.48"
"13,11 : 240.47"
"13,12 : 813.93"
"13,13 : 0.0"
"13,14 : 555.09"
"13,15 : 516.43"
"13,16 : 392.33"
"13,17 : 725.74"
"13,18 : 794.36"
"13,19 : 686.7"
"13,20 : 268.2"
"13,21 : 213.59"
"13,22 : 284.62"
"13,23 : 871.23"
"13,24 : 837.45"
"13,25 : 794.09"
"13,26 : 718.04"
"13,27 : 179.74"
"13,28 : 325.65"
"13,29 : 469.63"
"13,30 : 121.02"
"13,31 : 670.03"
"13,32 : 395.06"
"13,33 : 253.87"
"13,34 : 740.25"
"13,35 : 671.55"
"13,36 : 484.15"
"13,37 : 354.83"
"13,38 : 867.02"
"13,39 : 705.6"
"13,40 : 703.15"
"13,41 : 318.69"
"13,42 : 516.98"
"13,43 : 204.02"
"13,44 : 504.7"
"13,45 : 346.07"
"13,46 : 402.03"
"13,47 : 458.66"
"13,48 : 639.05"
"13,49 : 934.24"
"13,50 : 653.15"
"13,51 : 282.6"
"13,52 : 511.54"
"13,53 : 561.96"
"13,54 : 554.99"
"13,55 : 754.43"
"13,56 : 606.74"
"13,57 : 93.64"
"13,58 : 240.35"
"13,59 : 230.63"
"13,60 : 570.15"
"13,61 : 526.58"
"13,62 : 264.21"
"13,63 : 397.52"
"13,64 : 499.42"
"13,65 : 716.62"
"13,66 : 731.12"
"13,67 : 301.28"
"13,68 : 330.22"
"13,69 : 208.7"
"13,70 : 426.09"
"13,71 : 144.17"
"13,72 : 681.51"
"13,73 : 517.71"
"13,74 : 247.78"
"13,75 : 249.69"
"13,76 : 660.69"
"13,77 : 674.0"
"13,78 : 656.02"
"13,79 : 668.23"
"13,80 : 234.8"
"13,81 : 119.08"
"13,82 : 587.4"
"13,83 : 319.24"
"13,84 : 562.6"
"13,85 : 571.32"
"13,86 : 388.97"
"13,87 : 351.19"
"13,88 : 85.8"
"13,89 : 342.12"
"13,90 : 518.3"
"13,91 : 630.15"
"13,92 : 256.28"
"13,93 : 123.89"
"13,94 : 107.28"
"13,95 : 457.87"
"13,96 : 530.77"
"13,97 : 299.91"
"13,98 : 621.34"
"13,99 : 698.46"
"14,0 : 281.51"
"14,1 : 506.46"
"14,2 : 315.66"
"14,3 : 262.61"
"14,4 : 641.26"
"14,5 : 491.45"
"14,6 : 686.29"
"14,7 : 499.14"
"14,8 : 977.69"
"14,9 : 243.73"
"14,10 : 571.61"
"14,11 : 790.76"
"14,12 : 281.44"
"14,13 : 555.09"
"14,14 : 0.0"
"14,15 : 112.79"
"14,16 : 206.02"
"14,17 : 474.42"
"14,18 : 424.01"
"14,19 : 773.45"
"14,20 : 458.48"
"14,21 : 566.26"
"14,22 : 308.92"
"14,23 : 846.97"
"14,24 : 284.88"
"14,25 : 241.05"
"14,26 : 427.45"
"14,27 : 732.14"
"14,28 : 229.94"
"14,29 : 502.22"
"14,30 : 479.55"
"14,31 : 397.44"
"14,32 : 268.78"
"14,33 : 333.65"
"14,34 : 186.13"
"14,35 : 290.69"
"14,36 : 769.53"
"14,37 : 389.78"
"14,38 : 749.67"
"14,39 : 436.28"
"14,40 : 157.93"
"14,41 : 429.06"
"14,42 : 226.05"
"14,43 : 662.27"
"14,44 : 715.96"
"14,45 : 404.4"
"14,46 : 451.61"
"14,47 : 432.02"
"14,48 : 102.04"
"14,49 : 395.82"
"14,50 : 114.83"
"14,51 : 719.47"
"14,52 : 263.25"
"14,53 : 227.65"
"14,54 : 91.07"
"14,55 : 717.35"
"14,56 : 759.45"
"14,57 : 587.62"
"14,58 : 445.19"
"14,59 : 725.34"
"14,60 : 358.67"
"14,61 : 413.96"
"14,62 : 408.21"
"14,63 : 225.5"
"14,64 : 307.72"
"14,65 : 661.34"
"14,66 : 608.62"
"14,67 : 748.29"
"14,68 : 313.0"
"14,69 : 356.48"
"14,70 : 208.5"
"14,71 : 680.49"
"14,72 : 475.59"
"14,73 : 50.45"
"14,74 : 544.99"
"14,75 : 427.98"
"14,76 : 132.44"
"14,77 : 722.81"
"14,78 : 453.03"
"14,79 : 607.13"
"14,80 : 513.03"
"14,81 : 553.99"
"14,82 : 189.25"
"14,83 : 831.17"
"14,84 : 292.47"
"14,85 : 329.05"
"14,86 : 452.13"
"14,87 : 264.5"
"14,88 : 562.62"
"14,89 : 459.31"
"14,90 : 305.95"
"14,91 : 112.07"
"14,92 : 351.79"
"14,93 : 511.39"
"14,94 : 481.23"
"14,95 : 807.85"
"14,96 : 127.44"
"14,97 : 566.72"
"14,98 : 156.01"
"14,99 : 773.26"
"15,0 : 192.2"
"15,1 : 417.54"
"15,2 : 403.11"
"15,3 : 223.95"
"15,4 : 536.12"
"15,5 : 386.36"
"15,6 : 574.31"
"15,7 : 559.98"
"15,8 : 900.54"
"15,9 : 142.84"
"15,10 : 502.29"
"15,11 : 741.27"
"15,12 : 298.3"
"15,13 : 516.43"
"15,14 : 112.79"
"15,15 : 0.0"
"15,16 : 128.41"
"15,17 : 375.15"
"15,18 : 350.6"
"15,19 : 661.13"
"15,20 : 372.69"
"15,21 : 488.99"
"15,22 : 318.06"
"15,23 : 735.84"
"15,24 : 334.47"
"15,25 : 293.98"
"15,26 : 332.85"
"15,27 : 685.7"
"15,28 : 213.46"
"15,29 : 392.56"
"15,30 : 422.96"
"15,31 : 297.32"
"15,32 : 170.88"
"15,33 : 335.0"
"15,34 : 264.31"
"15,35 : 210.24"
"15,36 : 669.58"
"15,37 : 291.41"
"15,38 : 642.96"
"15,39 : 338.04"
"15,40 : 198.17"
"15,41 : 460.89"
"15,42 : 113.84"
"15,43 : 592.62"
"15,44 : 611.02"
"15,45 : 443.19"
"15,46 : 501.57"
"15,47 : 321.9"
"15,48 : 135.6"
"15,49 : 418.74"
"15,50 : 219.82"
"15,51 : 642.24"
"15,52 : 150.62"
"15,53 : 122.79"
"15,54 : 42.64"
"15,55 : 605.58"
"15,56 : 649.63"
"15,57 : 532.02"
"15,58 : 457.74"
"15,59 : 659.02"
"15,60 : 248.05"
"15,61 : 301.18"
"15,62 : 425.49"
"15,63 : 136.24"
"15,64 : 387.11"
"15,65 : 549.62"
"15,66 : 499.54"
"15,67 : 671.31"
"15,68 : 342.96"
"15,69 : 340.31"
"15,70 : 264.62"
"15,71 : 652.56"
"15,72 : 369.99"
"15,73 : 69.77"
"15,74 : 557.29"
"15,75 : 442.31"
"15,76 : 240.21"
"15,77 : 610.14"
"15,78 : 346.1"
"15,79 : 495.02"
"15,80 : 431.82"
"15,81 : 539.34"
"15,82 : 295.17"
"15,83 : 764.93"
"15,84 : 183.58"
"15,85 : 219.6"
"15,86 : 348.65"
"15,87 : 183.14"
"15,88 : 540.8"
"15,89 : 495.81"
"15,90 : 389.72"
"15,91 : 223.57"
"15,92 : 359.4"
"15,93 : 450.6"
"15,94 : 461.07"
"15,95 : 713.83"
"15,96 : 22.36"
"15,97 : 476.6"
"15,98 : 107.69"
"15,99 : 660.72"
"16,0 : 77.1"
"16,1 : 300.44"
"16,2 : 408.79"
"16,3 : 112.64"
"16,4 : 542.74"
"16,5 : 297.14"
"16,6 : 544.69"
"16,7 : 518.58"
"16,8 : 776.2"
"16,9 : 205.18"
"16,10 : 374.77"
"16,11 : 613.46"
"16,12 : 425.91"
"16,13 : 392.33"
"16,14 : 206.02"
"16,15 : 128.41"
"16,16 : 0.0"
"16,17 : 406.97"
"16,18 : 427.67"
"16,19 : 601.32"
"16,20 : 252.69"
"16,21 : 364.01"
"16,22 : 238.83"
"16,23 : 709.84"
"16,24 : 461.98"
"16,25 : 420.73"
"16,26 : 378.47"
"16,27 : 558.5"
"16,28 : 128.13"
"16,29 : 320.09"
"16,30 : 294.9"
"16,31 : 333.72"
"16,32 : 76.24"
"16,33 : 246.03"
"16,34 : 383.65"
"16,35 : 292.25"
"16,36 : 566.3"
"16,37 : 188.77"
"16,38 : 640.72"
"16,39 : 375.23"
"16,40 : 325.38"
"16,41 : 391.83"
"16,42 : 141.22"
"16,43 : 465.35"
"16,44 : 518.32"
"16,45 : 382.8"
"16,46 : 450.03"
"16,47 : 255.21"
"16,48 : 261.63"
"16,49 : 546.24"
"16,50 : 320.7"
"16,51 : 517.6"
"16,52 : 154.74"
"16,53 : 181.71"
"16,54 : 170.18"
"16,55 : 577.1"
"16,56 : 572.74"
"16,57 : 403.82"
"16,58 : 369.92"
"16,59 : 531.21"
"16,60 : 251.01"
"16,61 : 266.58"
"16,62 : 344.12"
"16,63 : 29.53"
"16,64 : 382.15"
"16,65 : 523.22"
"16,66 : 491.72"
"16,67 : 546.61"
"16,68 : 282.48"
"16,69 : 235.23"
"16,70 : 247.83"
"16,71 : 531.59"
"16,72 : 383.6"
"16,73 : 156.52"
"16,74 : 465.02"
"16,75 : 357.02"
"16,76 : 337.15"
"16,77 : 557.22"
"16,78 : 356.62"
"16,79 : 466.4"
"16,80 : 308.72"
"16,81 : 427.2"
"16,82 : 344.14"
"16,83 : 637.22"
"16,84 : 208.78"
"16,85 : 234.3"
"16,86 : 256.01"
"16,87 : 58.59"
"16,88 : 424.32"
"16,89 : 429.61"
"16,90 : 390.91"
"16,91 : 313.04"
"16,92 : 274.0"
"16,93 : 322.2"
"16,94 : 347.39"
"16,95 : 602.07"
"16,96 : 139.67"
"16,97 : 360.7"
"16,98 : 229.51"
"16,99 : 604.01"
"17,0 : 388.01"
"17,1 : 482.03"
"17,2 : 778.19"
"17,3 : 512.45"
"17,4 : 175.35"
"17,5 : 359.61"
"17,6 : 281.04"
"17,7 : 921.26"
"17,8 : 923.54"
"17,9 : 232.66"
"17,10 : 622.62"
"17,11 : 887.15"
"17,12 : 425.04"
"17,13 : 725.74"
"17,14 : 474.42"
"17,15 : 375.15"
"17,16 : 406.97"
"17,17 : 0.0"
"17,18 : 152.05"
"17,19 : 431.19"
"17,20 : 470.72"
"17,21 : 582.16"
"17,22 : 645.53"
"17,23 : 411.08"
"17,24 : 515.31"
"17,25 : 500.37"
"17,26 : 55.23"
"17,27 : 847.81"
"17,28 : 535.09"
"17,29 : 309.74"
"17,30 : 605.39"
"17,31 : 77.83"
"17,32 : 356.04"
"17,33 : 650.41"
"17,34 : 531.69"
"17,35 : 197.33"
"17,36 : 594.01"
"17,37 : 372.16"
"17,38 : 286.01"
"17,39 : 38.47"
"17,40 : 439.42"
"17,41 : 798.73"
"17,42 : 275.05"
"17,43 : 691.51"
"17,44 : 504.77"
"17,45 : 789.41"
"17,46 : 855.42"
"17,47 : 280.47"
"17,48 : 421.27"
"17,49 : 496.57"
"17,50 : 548.43"
"17,51 : 700.49"
"17,52 : 252.62"
"17,53 : 252.52"
"17,54 : 383.64"
"17,55 : 303.0"
"17,56 : 476.49"
"17,57 : 691.45"
"17,58 : 771.95"
"17,59 : 758.61"
"17,60 : 160.96"
"17,61 : 203.98"
"17,62 : 749.2"
"17,63 : 382.37"
"17,64 : 760.93"
"17,65 : 254.31"
"17,66 : 172.63"
"17,67 : 725.46"
"17,68 : 688.47"
"17,69 : 629.8"
"17,70 : 633.22"
"17,71 : 868.81"
"17,72 : 57.14"
"17,73 : 442.88"
"17,74 : 862.05"
"17,75 : 760.5"
"17,76 : 571.26"
"17,77 : 371.3"
"17,78 : 74.22"
"17,79 : 223.3"
"17,80 : 526.43"
"17,81 : 798.66"
"17,82 : 663.67"
"17,83 : 849.5"
"17,84 : 200.64"
"17,85 : 172.71"
"17,86 : 357.57"
"17,87 : 409.31"
"17,88 : 785.18"
"17,89 : 836.57"
"17,90 : 764.42"
"17,91 : 567.77"
"17,92 : 678.96"
"17,93 : 613.03"
"17,94 : 720.85"
"17,95 : 671.51"
"17,96 : 354.37"
"17,97 : 513.52"
"17,98 : 330.49"
"17,99 : 421.77"
"18,0 : 436.19"
"18,1 : 583.85"
"18,2 : 739.57"
"18,3 : 540.23"
"18,4 : 307.02"
"18,5 : 475.55"
"18,6 : 431.45"
"18,7 : 910.12"
"18,8 : 1049.93"
"18,9 : 222.8"
"18,10 : 716.36"
"18,11 : 980.99"
"18,12 : 295.58"
"18,13 : 794.36"
"18,14 : 424.01"
"18,15 : 350.6"
"18,16 : 427.67"
"18,17 : 152.05"
"18,18 : 0.0"
"18,19 : 583.22"
"18,20 : 561.86"
"18,21 : 681.89"
"18,22 : 659.49"
"18,23 : 550.28"
"18,24 : 388.63"
"18,25 : 382.36"
"18,26 : 109.04"
"18,27 : 935.73"
"18,28 : 548.89"
"18,29 : 435.01"
"18,30 : 678.68"
"18,31 : 144.51"
"18,32 : 401.12"
"18,33 : 671.19"
"18,34 : 429.53"
"18,35 : 140.58"
"18,36 : 732.89"
"18,37 : 457.41"
"18,38 : 412.06"
"18,39 : 133.42"
"18,40 : 342.55"
"18,41 : 808.04"
"18,42 : 286.9"
"18,43 : 794.04"
"18,44 : 646.31"
"18,45 : 792.42"
"18,46 : 852.08"
"18,47 : 389.13"
"18,48 : 345.14"
"18,49 : 350.65"
"18,50 : 469.9"
"18,51 : 814.08"
"18,52 : 284.04"
"18,53 : 246.52"
"18,54 : 341.63"
"18,55 : 451.52"
"18,56 : 625.89"
"18,57 : 775.89"
"18,58 : 795.72"
"18,59 : 862.94"
"18,60 : 237.14"
"18,61 : 312.69"
"18,62 : 767.14"
"18,63 : 410.67"
"18,64 : 729.54"
"18,65 : 405.08"
"18,66 : 321.31"
"18,67 : 840.77"
"18,68 : 691.33"
"18,69 : 662.74"
"18,70 : 614.03"
"18,71 : 938.42"
"18,72 : 203.33"
"18,73 : 407.21"
"18,74 : 892.28"
"18,75 : 781.84"
"18,76 : 491.82"
"18,77 : 523.32"
"18,78 : 208.12"
"18,79 : 375.3"
"18,80 : 622.65"
"18,81 : 849.57"
"18,82 : 606.83"
"18,83 : 959.98"
"18,84 : 231.78"
"18,85 : 226.53"
"18,86 : 463.13"
"18,87 : 450.13"
"18,88 : 842.01"
"18,89 : 844.01"
"18,90 : 729.18"
"18,91 : 496.05"
"18,92 : 698.11"
"18,93 : 693.3"
"18,94 : 769.67"
"18,95 : 806.33"
"18,96 : 328.27"
"18,97 : 624.87"
"18,98 : 268.0"
"18,99 : 573.81"
"19,0 : 532.21"
"19,1 : 412.08"
"19,2 : 1005.73"
"19,3 : 650.34"
"19,4 : 322.48"
"19,5 : 319.33"
"19,6 : 165.61"
"19,7 : 1069.29"
"19,8 : 623.22"
"19,9 : 561.14"
"19,10 : 524.2"
"19,11 : 727.79"
"19,12 : 832.88"
"19,13 : 686.7"
"19,14 : 773.45"
"19,15 : 661.13"
"19,16 : 601.32"
"19,17 : 431.19"
"19,18 : 583.22"
"19,19 : 0.0"
"19,20 : 446.81"
"19,21 : 474.66"
"19,22 : 778.54"
"19,23 : 210.01"
"19,24 : 915.28"
"19,25 : 890.4"
"19,26 : 478.53"
"19,27 : 716.93"
"19,28 : 697.7"
"19,29 : 282.08"
"19,30 : 584.93"
"19,31 : 462.96"
"19,32 : 525.12"
"19,33 : 765.6"
"19,34 : 898.28"
"19,35 : 585.26"
"19,36 : 278.41"
"19,37 : 428.99"
"19,38 : 294.72"
"19,39 : 454.07"
"19,40 : 809.06"
"19,41 : 913.33"
"19,42 : 551.26"
"19,43 : 537.59"
"19,44 : 202.39"
"19,45 : 921.13"
"19,46 : 992.84"
"19,47 : 346.66"
"19,48 : 767.55"
"19,49 : 920.15"
"19,50 : 878.66"
"19,51 : 496.3"
"19,52 : 513.25"
"19,53 : 565.6"
"19,54 : 692.49"
"19,55 : 163.78"
"19,56 : 99.61"
"19,57 : 607.07"
"19,58 : 854.01"
"19,59 : 581.23"
"19,60 : 434.55"
"19,61 : 362.01"
"19,62 : 850.65"
"19,63 : 572.63"
"19,64 : 975.43"
"19,65 : 186.94"
"19,66 : 271.74"
"19,67 : 507.46"
"19,68 : 838.6"
"19,69 : 719.27"
"19,70 : 842.87"
"19,71 : 797.96"
"19,72 : 382.5"
"19,73 : 725.99"
"19,74 : 911.28"
"19,75 : 851.05"
"19,76 : 900.03"
"19,77 : 59.93"
"19,78 : 385.85"
"19,79 : 207.95"
"19,80 : 456.08"
"19,81 : 799.35"
"19,82 : 941.95"
"19,83 : 629.54"
"19,84 : 500.37"
"19,85 : 466.48"
"19,86 : 359.21"
"19,87 : 559.43"
"19,88 : 770.5"
"19,89 : 949.94"
"19,90 : 986.61"
"19,91 : 884.69"
"19,92 : 791.66"
"19,93 : 566.67"
"19,94 : 743.98"
"19,95 : 363.35"
"19,96 : 649.84"
"19,97 : 386.8"
"19,98 : 680.07"
"19,99 : 17.12"
"20,0 : 180.57"
"20,1 : 50.36"
"20,2 : 596.34"
"20,3 : 237.02"
"20,4 : 532.83"
"20,5 : 143.39"
"20,6 : 461.74"
"20,7 : 626.99"
"20,8 : 529.08"
"20,9 : 378.11"
"20,10 : 154.54"
"20,11 : 419.66"
"20,12 : 655.73"
"20,13 : 268.2"
"20,14 : 458.48"
"20,15 : 372.69"
"20,16 : 252.69"
"20,17 : 470.72"
"20,18 : 561.86"
"20,19 : 446.81"
"20,20 : 0.0"
"20,21 : 123.49"
"20,22 : 343.86"
"20,23 : 613.77"
"20,24 : 704.97"
"20,25 : 665.79"
"20,26 : 472.0"
"20,27 : 377.46"
"20,28 : 289.03"
"20,29 : 202.16"
"20,30 : 149.82"
"20,31 : 425.18"
"20,32 : 204.63"
"20,33 : 326.1"
"20,34 : 634.95"
"20,35 : 459.37"
"20,36 : 328.07"
"20,37 : 104.75"
"20,38 : 599.6"
"20,39 : 455.96"
"20,40 : 569.91"
"20,41 : 468.48"
"20,42 : 319.43"
"20,43 : 235.3"
"20,44 : 302.24"
"20,45 : 479.03"
"20,46 : 550.08"
"20,47 : 193.84"
"20,48 : 508.25"
"20,49 : 773.09"
"20,50 : 572.87"
"20,51 : 272.31"
"20,52 : 298.61"
"20,53 : 362.35"
"20,54 : 415.25"
"20,55 : 491.47"
"20,56 : 385.05"
"20,57 : 221.0"
"20,58 : 407.24"
"20,59 : 304.6"
"20,60 : 325.98"
"20,61 : 267.07"
"20,62 : 405.26"
"20,63 : 237.15"
"20,64 : 561.17"
"20,65 : 450.68"
"20,66 : 462.96"
"20,67 : 301.26"
"20,68 : 405.64"
"20,69 : 275.97"
"20,70 : 439.11"
"20,71 : 405.38"
"20,72 : 422.03"
"20,73 : 409.21"
"20,74 : 467.59"
"20,75 : 404.65"
"20,76 : 588.54"
"20,77 : 422.87"
"20,78 : 398.08"
"20,79 : 400.84"
"20,80 : 62.97"
"20,81 : 366.02"
"20,82 : 574.62"
"20,83 : 406.72"
"20,84 : 338.67"
"20,85 : 335.84"
"20,86 : 121.04"
"20,87 : 194.1"
"20,88 : 342.61"
"20,89 : 504.39"
"20,90 : 575.68"
"20,91 : 563.1"
"20,92 : 350.09"
"20,93 : 146.54"
"20,94 : 301.66"
"20,95 : 352.49"
"20,96 : 376.85"
"20,97 : 110.11"
"20,98 : 456.08"
"20,99 : 455.72"
"21,0 : 297.73"
"21,1 : 100.13"
"21,2 : 659.34"
"21,3 : 320.73"
"21,4 : 623.03"
"21,5 : 229.11"
"21,6 : 528.25"
"21,7 : 650.0"
"21,8 : 412.2"
"21,9 : 501.6"
"21,10 : 50.12"
"21,11 : 305.38"
"21,12 : 777.06"
"21,13 : 213.59"
"21,14 : 566.26"
"21,15 : 488.99"
"21,16 : 364.01"
"21,17 : 582.16"
"21,18 : 681.89"
"21,19 : 474.66"
"21,20 : 123.49"
"21,21 : 0.0"
"21,22 : 394.03"
"21,23 : 665.05"
"21,24 : 823.09"
"21,25 : 782.96"
"21,26 : 588.4"
"21,27 : 270.89"
"21,28 : 370.4"
"21,29 : 287.92"
"21,30 : 135.15"
"21,31 : 542.58"
"21,32 : 325.04"
"21,33 : 369.23"
"21,34 : 747.49"
"21,35 : 582.6"
"21,36 : 280.67"
"21,37 : 227.18"
"21,38 : 675.81"
"21,39 : 570.85"
"21,40 : 687.12"
"21,41 : 488.79"
"21,42 : 442.45"
"21,43 : 112.4"
"21,44 : 291.58"
"21,45 : 507.36"
"21,46 : 574.09"
"21,47 : 301.68"
"21,48 : 624.33"
"21,49 : 895.11"
"21,50 : 678.86"
"21,51 : 153.6"
"21,52 : 422.1"
"21,53 : 485.67"
"21,54 : 531.6"
"21,55 : 554.67"
"21,56 : 393.16"
"21,57 : 133.46"
"21,58 : 416.49"
"21,59 : 181.66"
"21,60 : 444.93"
"21,61 : 378.71"
"21,62 : 426.14"
"21,63 : 352.78"
"21,64 : 621.68"
"21,65 : 522.59"
"21,66 : 550.7"
"21,67 : 182.61"
"21,68 : 454.11"
"21,69 : 314.31"
"21,70 : 512.88"
"21,71 : 326.91"
"21,72 : 530.4"
"21,73 : 518.65"
"21,74 : 451.91"
"21,75 : 419.24"
"21,76 : 692.74"
"21,77 : 465.8"
"21,78 : 508.27"
"21,79 : 479.63"
"21,80 : 60.54"
"21,81 : 330.15"
"21,82 : 661.48"
"21,83 : 283.24"
"21,84 : 461.53"
"21,85 : 457.01"
"21,86 : 224.59"
"21,87 : 306.42"
"21,88 : 298.88"
"21,89 : 520.25"
"21,90 : 638.25"
"21,91 : 665.52"
"21,92 : 386.77"
"21,93 : 104.18"
"21,94 : 288.02"
"21,95 : 275.26"
"21,96 : 495.1"
"21,97 : 89.47"
"21,98 : 577.02"
"21,99 : 487.02"
"22,0 : 270.56"
"22,1 : 390.48"
"22,2 : 266.58"
"22,3 : 138.11"
"22,4 : 774.27"
"22,5 : 459.32"
"22,6 : 755.24"
"22,7 : 293.64"
"22,8 : 766.6"
"22,9 : 437.54"
"22,10 : 373.23"
"22,11 : 523.84"
"22,12 : 588.78"
"22,13 : 284.62"
"22,14 : 308.92"
"22,15 : 318.06"
"22,16 : 238.83"
"22,17 : 645.53"
"22,18 : 659.49"
"22,19 : 778.54"
"22,20 : 343.86"
"22,21 : 394.03"
"22,22 : 0.0"
"22,23 : 918.63"
"22,24 : 591.31"
"22,25 : 547.52"
"22,26 : 617.03"
"22,27 : 462.61"
"22,28 : 111.43"
"22,29 : 503.4"
"22,30 : 264.2"
"22,31 : 572.54"
"22,32 : 295.8"
"22,33 : 30.81"
"22,34 : 482.57"
"22,35 : 520.1"
"22,36 : 663.55"
"22,37 : 352.8"
"22,38 : 866.76"
"22,39 : 614.06"
"22,40 : 466.69"
"22,41 : 153.32"
"22,42 : 377.58"
"22,43 : 452.09"
"22,44 : 646.01"
"22,45 : 148.52"
"22,46 : 219.43"
"22,47 : 454.16"
"22,48 : 407.34"
"22,49 : 704.64"
"22,50 : 387.49"
"22,51 : 526.02"
"22,52 : 393.57"
"22,53 : 413.78"
"22,54 : 344.07"
"22,55 : 787.46"
"22,56 : 726.44"
"22,57 : 349.61"
"22,58 : 140.0"
"22,59 : 499.8"
"22,60 : 487.75"
"22,61 : 488.89"
"22,62 : 107.87"
"22,63 : 263.33"
"22,64 : 228.27"
"22,65 : 736.98"
"22,66 : 717.86"
"22,67 : 551.34"
"22,68 : 61.85"
"22,69 : 82.23"
"22,70 : 142.13"
"22,71 : 386.29"
"22,72 : 619.71"
"22,73 : 287.26"
"22,74 : 240.13"
"22,75 : 124.26"
"22,76 : 390.8"
"22,77 : 744.97"
"22,78 : 592.49"
"22,79 : 680.71"
"22,80 : 366.03"
"22,81 : 251.03"
"22,82 : 303.46"
"22,83 : 598.04"
"22,84 : 447.49"
"22,85 : 472.83"
"22,86 : 420.34"
"22,87 : 244.29"
"22,88 : 266.19"
"22,89 : 191.44"
"22,90 : 245.51"
"22,91 : 359.74"
"22,92 : 42.95"
"22,93 : 300.1"
"22,94 : 188.11"
"22,95 : 669.04"
"22,96 : 338.92"
"22,97 : 442.24"
"22,98 : 423.06"
"22,99 : 785.02"
"23,0 : 653.09"
"23,1 : 588.63"
"23,2 : 1117.66"
"23,3 : 782.63"
"23,4 : 243.53"
"23,5 : 472.53"
"23,6 : 165.16"
"23,7 : 1212.22"
"23,8 : 830.06"
"23,9 : 609.12"
"23,10 : 715.17"
"23,11 : 933.51"
"23,12 : 836.0"
"23,13 : 871.23"
"23,14 : 846.97"
"23,15 : 735.84"
"23,16 : 709.84"
"23,17 : 411.08"
"23,18 : 550.28"
"23,19 : 210.01"
"23,20 : 613.77"
"23,21 : 665.05"
"23,22 : 918.63"
"23,23 : 0.0"
"23,24 : 926.36"
"23,25 : 910.4"
"23,26 : 466.18"
"23,27 : 919.01"
"23,28 : 823.99"
"23,29 : 419.31"
"23,30 : 760.82"
"23,31 : 471.96"
"23,32 : 636.12"
"23,33 : 911.01"
"23,34 : 936.14"
"23,35 : 602.2"
"23,36 : 488.34"
"23,37 : 567.88"
"23,38 : 150.71"
"23,39 : 445.76"
"23,40 : 843.61"
"23,41 : 1063.66"
"23,42 : 622.11"
"23,43 : 739.07"
"23,44 : 410.67"
"23,45 : 1066.17"
"23,46 : 1137.74"
"23,47 : 464.67"
"23,48 : 815.88"
"23,49 : 900.91"
"23,50 : 938.73"
"23,51 : 703.16"
"23,52 : 586.46"
"23,53 : 621.26"
"23,54 : 758.02"
"23,55 : 132.74"
"23,56 : 309.59"
"23,57 : 798.5"
"23,58 : 1012.58"
"23,59 : 786.79"
"23,60 : 488.31"
"23,61 : 444.3"
"23,62 : 1003.3"
"23,63 : 680.34"
"23,64 : 1091.97"
"23,65 : 187.38"
"23,66 : 243.98"
"23,67 : 715.72"
"23,68 : 975.05"
"23,69 : 870.84"
"23,70 : 957.66"
"23,71 : 991.82"
"23,72 : 384.1"
"23,73 : 805.2"
"23,74 : 1080.54"
"23,75 : 1007.02"
"23,76 : 961.35"
"23,77 : 200.03"
"23,78 : 401.06"
"23,79 : 243.82"
"23,80 : 636.52"
"23,81 : 978.06"
"23,82 : 1030.09"
"23,83 : 838.99"
"23,84 : 555.0"
"23,85 : 518.31"
"23,86 : 505.61"
"23,87 : 680.78"
"23,88 : 952.04"
"23,89 : 1101.57"
"23,90 : 1100.32"
"23,91 : 952.18"
"23,92 : 938.84"
"23,93 : 748.02"
"23,94 : 915.38"
"23,95 : 572.77"
"23,96 : 719.56"
"23,97 : 575.59"
