x,y
557,627
393,909
501,546
741,992
30,105
574,7
830,666
930,527
89,545
243,650
162,133
467,585
52,140
584,550
143,744
791,80
255,488
687,915
787,667
830,571
700,412
545,946
704,943
829,997
21,153
103,561
288,576
866,573
382,51
476,197
755,932
994,627
980,279
295,597
589,98
671,120
934,159
96,314
89,811
887,467
964,143
357,995
304,267
107,461
761,901
162,153
3,406
80,788
523,571
944,473
582,384
327,849
625,237
108,245
679,560
284,708
112,606
144,169
573,55
721,904
471,571
701,118
908,514
917,433
564,29
939,665
159,686
615,90
420,332
754,132
342,661
226,935
553,837
370,348
81,629
497,9
408,680
891,790
341,554
501,442
677,690
758,80
76,246
586,919
378,627
51,276
24,992
914,342
614,809
105,443
322,172
353,460
806,594
764,658
548,535
374,1000
471,143
192,0
136,194
334,246

Distanze
"0,0 : 0.0"
"0,1 : 326.22"
"0,2 : 98.47"
"0,3 : 408.76"
"0,4 : 741.76"
"0,5 : 620.23"
"0,6 : 275.77"
"0,7 : 386.17"
"0,8 : 475.13"
"0,9 : 314.84"
"0,10 : 632.5"
"0,11 : 99.32"
"0,12 : 701.57"
"0,13 : 81.6"
"0,14 : 430.22"
"0,15 : 594.95"
"0,16 : 332.45"
"0,17 : 315.98"
"0,18 : 233.45"
"0,19 : 278.68"
"0,20 : 258.21"
"0,21 : 319.23"
"0,22 : 348.52"
"0,23 : 459.22"
"0,24 : 715.52"
"0,25 : 458.77"
"0,26 : 273.79"
"0,27 : 313.68"
"0,28 : 602.0"
"0,29 : 437.56"
"0,30 : 363.63"
"0,31 : 437.0"
"0,32 : 547.75"
"0,33 : 263.71"
"0,34 : 529.97"
"0,35 : 519.66"
"0,36 : 600.96"
"0,37 : 557.22"
"0,38 : 502.87"
"0,39 : 366.74"
"0,40 : 632.38"
"0,41 : 418.84"
"0,42 : 440.01"
"0,43 : 479.64"
"0,44 : 341.6"
"0,45 : 617.01"
"0,46 : 596.45"
"0,47 : 503.44"
"0,48 : 65.51"
"0,49 : 416.52"
"0,50 : 244.28"
"0,51 : 319.66"
"0,52 : 395.88"
"0,53 : 589.51"
"0,54 : 139.19"
"0,55 : 284.76"
"0,56 : 445.5"
"0,57 : 616.71"
"0,58 : 572.22"
"0,59 : 321.91"
"0,60 : 102.63"
"0,61 : 528.98"
"0,62 : 368.74"
"0,63 : 408.94"
"0,64 : 598.04"
"0,65 : 383.89"
"0,66 : 402.35"
"0,67 : 540.12"
"0,68 : 325.26"
"0,69 : 532.76"
"0,70 : 217.67"
"0,71 : 452.13"
"0,72 : 210.04"
"0,73 : 335.87"
"0,74 : 476.0"
"0,75 : 620.91"
"0,76 : 158.15"
"0,77 : 371.65"
"0,78 : 228.0"
"0,79 : 193.29"
"0,80 : 135.53"
"0,81 : 582.76"
"0,82 : 613.61"
"0,83 : 293.44"
"0,84 : 179.0"
"0,85 : 615.82"
"0,86 : 646.0"
"0,87 : 456.81"
"0,88 : 190.72"
"0,89 : 488.02"
"0,90 : 512.1"
"0,91 : 263.64"
"0,92 : 251.18"
"0,93 : 209.31"
"0,94 : 92.44"
"0,95 : 415.47"
"0,96 : 491.58"
"0,97 : 725.5"
"0,98 : 603.93"
"0,99 : 441.46"
"1,0 : 326.22"
"1,1 : 0.0"
"1,2 : 378.73"
"1,3 : 357.76"
"1,4 : 882.15"
"1,5 : 919.98"
"1,6 : 500.02"
"1,7 : 659.01"
"1,8 : 474.25"
"1,9 : 299.3"
"1,10 : 809.65"
"1,11 : 332.34"
"1,12 : 841.21"
"1,13 : 406.65"
"1,14 : 299.54"
"1,15 : 919.59"
"1,16 : 443.04"
"1,17 : 294.06"
"1,18 : 462.39"
"1,19 : 552.46"
"1,20 : 584.17"
"1,21 : 156.44"
"1,22 : 312.85"
"1,23 : 444.79"
"1,24 : 842.57"
"1,25 : 452.99"
"1,26 : 349.16"
"1,27 : 580.19"
"1,28 : 858.07"
"1,29 : 716.82"
"1,30 : 362.73"
"1,31 : 663.87"
"1,32 : 861.09"
"1,33 : 327.03"
"1,34 : 834.35"
"1,35 : 836.54"
"1,36 : 924.76"
"1,37 : 665.01"
"1,38 : 319.41"
"1,39 : 662.87"
"1,40 : 955.4"
"1,41 : 93.23"
"1,42 : 648.14"
"1,43 : 531.51"
"1,44 : 368.09"
"1,45 : 790.5"
"1,46 : 636.48"
"1,47 : 335.57"
"1,48 : 362.14"
"1,49 : 702.64"
"1,50 : 557.98"
"1,51 : 89.2"
"1,52 : 710.92"
"1,53 : 722.58"
"1,54 : 451.22"
"1,55 : 228.65"
"1,56 : 413.24"
"1,57 : 780.77"
"1,58 : 872.76"
"1,59 : 328.04"
"1,60 : 346.88"
"1,61 : 848.85"
"1,62 : 649.04"
"1,63 : 707.92"
"1,64 : 896.46"
"1,65 : 598.04"
"1,66 : 323.24"
"1,67 : 848.55"
"1,68 : 577.63"
"1,69 : 856.77"
"1,70 : 253.19"
"1,71 : 169.01"
"1,72 : 175.45"
"1,73 : 561.47"
"1,74 : 419.22"
"1,75 : 905.99"
"1,76 : 229.49"
"1,77 : 512.02"
"1,78 : 358.79"
"1,79 : 479.33"
"1,80 : 358.63"
"1,81 : 905.8"
"1,82 : 734.89"
"1,83 : 193.26"
"1,84 : 282.4"
"1,85 : 719.48"
"1,86 : 378.22"
"1,87 : 770.02"
"1,88 : 242.57"
"1,89 : 547.81"
"1,90 : 740.41"
"1,91 : 450.78"
"1,92 : 519.42"
"1,93 : 447.93"
"1,94 : 404.85"
"1,95 : 92.96"
"1,96 : 769.96"
"1,97 : 930.96"
"1,98 : 759.79"
"1,99 : 665.62"
"2,0 : 98.47"
"2,1 : 378.73"
"2,2 : 0.0"
"2,3 : 506.47"
"2,4 : 645.23"
"2,5 : 543.92"
"2,6 : 350.2"
"2,7 : 429.42"
"2,8 : 412.0"
"2,9 : 278.17"
"2,10 : 534.31"
"2,11 : 51.74"
"2,12 : 605.34"
"2,13 : 83.1"
"2,14 : 409.11"
"2,15 : 548.87"
"2,16 : 252.74"
"2,17 : 413.23"
"2,18 : 310.54"
"2,19 : 329.95"
"2,20 : 239.91"
"2,21 : 402.41"
"2,22 : 445.89"
"2,23 : 557.66"
"2,24 : 620.36"
"2,25 : 398.28"
"2,26 : 215.1"
"2,27 : 366.0"
"2,28 : 509.1"
"2,29 : 349.89"
"2,30 : 462.07"
"2,31 : 499.61"
"2,32 : 548.39"
"2,33 : 212.22"
"2,34 : 456.56"
"2,35 : 458.67"
"2,36 : 580.74"
"2,37 : 466.74"
"2,38 : 489.87"
"2,39 : 394.0"
"2,40 : 613.82"
"2,41 : 471.53"
"2,42 : 341.54"
"2,43 : 403.06"
"2,44 : 440.03"
"2,45 : 519.01"
"2,46 : 517.3"
"2,47 : 485.6"
"2,48 : 33.3"
"2,49 : 448.97"
"2,50 : 181.12"
"2,51 : 349.41"
"2,52 : 332.95"
"2,53 : 495.03"
"2,54 : 178.55"
"2,55 : 270.8"
"2,56 : 393.6"
"2,57 : 519.21"
"2,58 : 496.25"
"2,59 : 420.2"
"2,60 : 39.05"
"2,61 : 472.42"
"2,62 : 408.26"
"2,63 : 431.07"
"2,64 : 520.82"
"2,65 : 453.88"
"2,66 : 369.55"
"2,67 : 470.03"
"2,68 : 228.82"
"2,69 : 485.19"
"2,70 : 196.23"
"2,71 : 476.39"
"2,72 : 295.61"
"2,73 : 237.41"
"2,74 : 428.12"
"2,75 : 537.01"
"2,76 : 163.11"
"2,77 : 460.04"
"2,78 : 160.2"
"2,79 : 104.0"
"2,80 : 227.4"
"2,81 : 532.17"
"2,82 : 520.22"
"2,83 : 382.56"
"2,84 : 147.28"
"2,85 : 524.79"
"2,86 : 653.03"
"2,87 : 460.64"
"2,88 : 286.25"
"2,89 : 409.18"
"2,90 : 414.63"
"2,91 : 171.17"
"2,92 : 308.75"
"2,93 : 285.85"
"2,94 : 48.27"
"2,95 : 471.43"
"2,96 : 404.12"
"2,97 : 627.37"
"2,98 : 507.08"
"2,99 : 343.35"
"3,0 : 408.76"
"3,1 : 357.76"
"3,2 : 506.47"
"3,3 : 0.0"
"3,4 : 1136.79"
"3,5 : 999.06"
"3,6 : 337.93"
"3,7 : 501.94"
"3,8 : 790.51"
"3,9 : 604.13"
"3,10 : 1035.92"
"3,11 : 490.64"
"3,12 : 1095.73"
"3,13 : 469.06"
"3,14 : 647.39"
"3,15 : 913.37"
"3,16 : 700.15"
"3,17 : 94.05"
"3,18 : 328.24"
"3,19 : 430.3"
"3,20 : 581.45"
"3,21 : 201.33"
"3,22 : 61.4"
"3,23 : 88.14"
"3,24 : 1105.59"
"3,25 : 769.94"
"3,26 : 615.03"
"3,27 : 437.25"
"3,28 : 1007.16"
"3,29 : 838.0"
"3,30 : 61.61"
"3,31 : 444.11"
"3,32 : 751.99"
"3,33 : 595.77"
"3,34 : 906.83"
"3,35 : 874.81"
"3,36 : 855.07"
"3,37 : 935.79"
"3,38 : 676.66"
"3,39 : 544.92"
"3,40 : 877.8"
"3,41 : 384.01"
"3,42 : 846.52"
"3,43 : 826.99"
"3,44 : 93.17"
"3,45 : 1019.39"
"3,46 : 942.36"
"3,47 : 691.76"
"3,48 : 474.09"
"3,49 : 557.29"
"3,50 : 628.45"
"3,51 : 438.0"
"3,52 : 763.86"
"3,53 : 979.13"
"3,54 : 436.43"
"3,55 : 538.06"
"3,56 : 738.0"
"3,57 : 1016.73"
"3,58 : 951.94"
"3,59 : 90.24"
"3,60 : 500.14"
"3,61 : 874.91"
"3,62 : 506.33"
"3,63 : 586.05"
"3,64 : 979.13"
"3,65 : 382.27"
"3,66 : 657.54"
"3,67 : 910.76"
"3,68 : 733.92"
"3,69 : 860.1"
"3,70 : 518.42"
"3,71 : 518.14"
"3,72 : 243.66"
"3,73 : 743.22"
"3,74 : 753.24"
"3,75 : 1012.83"
"3,76 : 456.33"
"3,77 : 251.6"
"3,78 : 593.16"
"3,79 : 600.08"
"3,80 : 308.71"
"3,81 : 912.16"
"3,82 : 999.37"
"3,83 : 171.33"
"3,84 : 514.78"
"3,85 : 994.36"
"3,86 : 717.0"
"3,87 : 672.63"
"3,88 : 222.75"
"3,89 : 840.18"
"3,90 : 920.85"
"3,91 : 658.46"
"3,92 : 403.27"
"3,93 : 334.79"
"3,94 : 496.08"
"3,95 : 367.09"
"3,96 : 890.9"
"3,97 : 1133.78"
"3,98 : 1001.41"
"3,99 : 849.8"
"4,0 : 741.76"
"4,1 : 882.15"
"4,2 : 645.23"
"4,3 : 1136.79"
"4,4 : 0.0"
"4,5 : 552.76"
"4,6 : 977.1"
"4,7 : 994.02"
"4,8 : 443.94"
"4,9 : 585.14"
"4,10 : 134.94"
"4,11 : 649.13"
"4,12 : 41.34"
"4,13 : 710.59"
"4,14 : 648.91"
"4,15 : 761.41"
"4,16 : 444.2"
"4,17 : 1042.95"
"4,18 : 942.81"
"4,19 : 925.83"
"4,20 : 736.99"
"4,21 : 986.16"
"4,22 : 1075.42"
"4,23 : 1197.52"
"4,24 : 48.84"
"4,25 : 461.81"
"4,26 : 537.03"
"4,27 : 958.08"
"4,28 : 356.12"
"4,29 : 455.39"
"4,30 : 1099.8"
"4,31 : 1096.26"
"4,32 : 965.8"
"4,33 : 558.83"
"4,34 : 559.04"
"4,35 : 641.18"
"4,36 : 905.61"
"4,37 : 219.17"
"4,38 : 708.46"
"4,39 : 930.32"
"4,40 : 934.77"
"4,41 : 948.17"
"4,42 : 318.31"
"4,43 : 364.23"
"4,44 : 1080.73"
"4,45 : 140.46"
"4,46 : 302.21"
"4,47 : 684.83"
"4,48 : 678.38"
"4,49 : 985.3"
"4,50 : 618.5"
"4,51 : 801.09"
"4,52 : 609.47"
"4,53 : 160.26"
"4,54 : 792.61"
"4,55 : 654.31"
"4,56 : 507.67"
"4,57 : 130.74"
"4,58 : 545.3"
"4,59 : 1056.35"
"4,60 : 641.59"
"4,61 : 671.13"
"4,62 : 968.59"
"4,63 : 945.7"
"4,64 : 539.38"
"4,65 : 1067.65"
"4,66 : 595.15"
"4,67 : 585.19"
"4,68 : 451.25"
"4,69 : 724.5"
"4,70 : 637.56"
"4,71 : 852.83"
"4,72 : 899.64"
"4,73 : 417.91"
"4,74 : 526.48"
"4,75 : 476.77"
"4,76 : 688.12"
"4,77 : 1100.25"
"4,78 : 546.19"
"4,79 : 579.15"
"4,80 : 872.26"
"4,81 : 728.43"
"4,82 : 148.31"
"4,83 : 985.76"
"4,84 : 627.37"
"4,85 : 172.28"
"4,86 : 887.02"
"4,87 : 915.22"
"4,88 : 914.7"
"4,89 : 346.22"
"4,90 : 299.59"
"4,91 : 479.95"
"4,92 : 917.22"
"4,93 : 919.0"
"4,94 : 673.22"
"4,95 : 958.83"
"4,96 : 442.63"
"4,97 : 193.05"
"4,98 : 138.41"
"4,99 : 335.11"
"5,0 : 620.23"
"5,1 : 919.98"
"5,2 : 543.92"
"5,3 : 999.06"
"5,4 : 552.76"
"5,5 : 0.0"
"5,6 : 706.98"
"5,7 : 630.19"
"5,8 : 724.34"
"5,9 : 723.19"
"5,10 : 430.84"
"5,11 : 587.82"
"5,12 : 538.68"
"5,13 : 543.09"
"5,14 : 853.77"
"5,15 : 228.95"
"5,16 : 577.17"
"5,17 : 915.0"
"5,18 : 693.52"
"5,19 : 619.38"
"5,20 : 424.15"
"5,21 : 939.45"
"5,22 : 944.98"
"5,23 : 1022.31"
"5,24 : 571.95"
"5,25 : 727.16"
"5,26 : 636.83"
"5,27 : 636.88"
"5,28 : 196.98"
"5,29 : 213.78"
"5,30 : 942.54"
"5,31 : 748.87"
"5,32 : 488.69"
"5,33 : 652.64"
"5,34 : 92.23"
"5,35 : 148.92"
"5,36 : 390.77"
"5,37 : 568.1"
"5,38 : 938.96"
"5,39 : 556.39"
"5,40 : 413.03"
"5,41 : 1011.55"
"5,42 : 374.83"
"5,43 : 651.31"
"5,44 : 913.35"
"5,45 : 437.1"
"5,46 : 696.59"
"5,47 : 924.12"
"5,48 : 566.3"
"5,49 : 595.03"
"5,50 : 377.08"
"5,51 : 877.48"
"5,52 : 235.59"
"5,53 : 523.26"
"5,54 : 562.88"
"5,55 : 758.62"
"5,56 : 756.47"
"5,57 : 459.5"
"5,58 : 48.01"
"5,59 : 908.97"
"5,60 : 573.33"
"5,61 : 168.67"
"5,62 : 607.13"
"5,63 : 546.92"
"5,64 : 24.17"
"5,65 : 752.46"
"5,66 : 795.78"
"5,67 : 92.57"
"5,68 : 359.64"
"5,69 : 219.15"
"5,70 : 693.93"
"5,71 : 991.1"
"5,72 : 830.27"
"5,73 : 397.36"
"5,74 : 793.68"
"5,75 : 77.03"
"5,76 : 693.17"
"5,77 : 844.74"
"5,78 : 594.56"
"5,79 : 441.08"
"5,80 : 690.72"
"5,81 : 197.95"
"5,82 : 552.38"
"5,83 : 912.08"
"5,84 : 650.24"
"5,85 : 588.12"
"5,86 : 1128.15"
"5,87 : 477.31"
"5,88 : 803.0"
"5,89 : 640.36"
"5,90 : 301.21"
"5,91 : 504.03"
"5,92 : 631.18"
"5,93 : 678.16"
"5,94 : 528.64"
"5,95 : 1012.94"
"5,96 : 170.6"
"5,97 : 382.06"
"5,98 : 476.25"
"5,99 : 338.7"
"6,0 : 275.77"
"6,1 : 500.02"
"6,2 : 350.2"
"6,3 : 337.93"
"6,4 : 977.1"
"6,5 : 706.98"
"6,6 : 0.0"
"6,7 : 171.23"
"6,8 : 750.81"
"6,9 : 587.22"
"6,10 : 854.58"
"6,11 : 371.93"
"6,12 : 939.13"
"6,13 : 271.98"
"6,14 : 691.41"
"6,15 : 587.3"
"6,16 : 601.92"
"6,17 : 287.14"
"6,18 : 43.01"
"6,19 : 95.0"
"6,20 : 285.33"
"6,21 : 399.53"
"6,22 : 304.31"
"6,23 : 331.0"
"6,24 : 957.94"
"6,25 : 734.54"
"6,26 : 549.42"
"6,27 : 99.72"
"6,28 : 760.87"
"6,29 : 587.6"
"6,30 : 276.37"
"6,31 : 168.57"
"6,32 : 415.05"
"6,33 : 539.43"
"6,34 : 617.01"
"6,35 : 568.68"
"6,36 : 517.56"
"6,37 : 814.04"
"6,38 : 755.05"
"6,39 : 207.0"
"6,40 : 539.89"
"6,41 : 576.17"
"6,42 : 660.21"
"6,43 : 751.5"
"6,44 : 244.92"
"6,45 : 842.25"
"6,46 : 866.91"
"6,47 : 759.86"
"6,48 : 321.36"
"6,49 : 224.15"
"6,50 : 375.54"
"6,51 : 535.26"
"6,52 : 475.46"
"6,53 : 835.78"
"6,54 : 184.49"
"6,55 : 547.61"
"6,56 : 720.5"
"6,57 : 847.12"
"6,58 : 662.85"
"6,59 : 261.77"
"6,60 : 371.36"
"6,61 : 562.98"
"6,62 : 170.84"
"6,63 : 248.71"
"6,64 : 690.31"
"6,65 : 109.0"
"6,66 : 671.3"
"6,67 : 614.82"
"6,68 : 528.83"
"6,69 : 539.38"
"6,70 : 488.03"
"6,71 : 661.19"
"6,72 : 325.53"
"6,73 : 559.22"
"6,74 : 749.91"
"6,75 : 736.57"
"6,76 : 422.23"
"6,77 : 138.19"
"6,78 : 501.66"
"6,79 : 398.02"
"6,80 : 154.87"
"6,81 : 590.41"
"6,82 : 863.09"
"6,83 : 351.49"
"6,84 : 453.68"
"6,85 : 871.17"
"6,86 : 869.43"
"6,87 : 334.71"
"6,88 : 259.05"
"6,89 : 758.52"
"6,90 : 708.59"
"6,91 : 519.58"
"6,92 : 75.89"
"6,93 : 66.48"
"6,94 : 310.94"
"6,95 : 565.24"
"6,96 : 634.36"
"6,97 : 922.28"
"6,98 : 839.3"
"6,99 : 649.94"
"7,0 : 386.17"
"7,1 : 659.01"
"7,2 : 429.42"
"7,3 : 501.94"
"7,4 : 994.02"
"7,5 : 630.19"
"7,6 : 171.23"
"7,7 : 0.0"
"7,8 : 841.19"
"7,9 : 697.92"
"7,10 : 863.17"
"7,11 : 466.62"
"7,12 : 959.51"
"7,13 : 346.76"
"7,14 : 816.37"
"7,15 : 468.11"
"7,16 : 676.13"
"7,17 : 457.81"
"7,18 : 200.12"
"7,19 : 109.25"
"7,20 : 257.15"
"7,21 : 569.02"
"7,22 : 473.43"
"7,23 : 480.73"
"7,24 : 982.93"
"7,25 : 827.7"
"7,26 : 643.87"
"7,27 : 78.82"
"7,28 : 725.87"
"7,29 : 561.26"
"7,30 : 441.19"
"7,31 : 118.73"
"7,32 : 252.99"
"7,33 : 638.85"
"7,34 : 548.02"
"7,35 : 482.42"
"7,36 : 368.02"
"7,37 : 860.77"
"7,38 : 887.66"
"7,39 : 73.82"
"7,40 : 385.5"
"7,41 : 739.83"
"7,42 : 677.85"
"7,43 : 825.64"
"7,44 : 410.41"
"7,45 : 854.22"
"7,46 : 934.86"
"7,47 : 889.17"
"7,48 : 409.37"
"7,49 : 55.79"
"7,50 : 376.24"
"7,51 : 683.59"
"7,52 : 420.86"
"7,53 : 869.03"
"7,54 : 253.16"
"7,55 : 670.88"
"7,56 : 821.81"
"7,57 : 863.69"
"7,58 : 591.8"
"7,59 : 431.06"
"7,60 : 461.1"
"7,61 : 468.75"
"7,62 : 25.55"
"7,63 : 94.89"
"7,64 : 618.03"
"7,65 : 138.29"
"7,66 : 787.22"
"7,67 : 538.7"
"7,68 : 546.01"
"7,69 : 432.44"
"7,70 : 603.08"
"7,71 : 813.68"
"7,72 : 488.09"
"7,73 : 587.91"
"7,74 : 855.11"
"7,75 : 675.14"
"7,76 : 543.96"
"7,77 : 265.88"
"7,78 : 589.62"
"7,79 : 437.34"
"7,80 : 300.96"
"7,81 : 478.95"
"7,82 : 899.04"
"7,83 : 521.54"
"7,84 : 560.98"
"7,85 : 914.13"
"7,86 : 1018.36"
"7,87 : 185.69"
"7,88 : 423.53"
"7,89 : 829.27"
"7,90 : 704.05"
"7,91 : 580.88"
"7,92 : 140.94"
"7,93 : 211.46"
"7,94 : 382.08"
"7,95 : 729.98"
"7,96 : 598.45"
"7,97 : 906.85"
"7,98 : 861.0"
"7,99 : 658.92"
"8,0 : 475.13"
"8,1 : 474.25"
"8,2 : 412.0"
"8,3 : 790.51"
"8,4 : 443.94"
"8,5 : 724.34"
"8,6 : 750.81"
"8,7 : 841.19"
"8,8 : 0.0"
"8,9 : 186.39"
"8,10 : 418.42"
"8,11 : 380.11"
"8,12 : 406.69"
"8,13 : 495.03"
"8,14 : 206.2"
"8,15 : 842.04"
"8,16 : 175.51"
"8,17 : 703.21"
"8,18 : 708.58"
"8,19 : 741.46"
"8,20 : 625.31"
"8,21 : 607.24"
"8,22 : 732.55"
"8,23 : 867.12"
"8,24 : 397.85"
"8,25 : 21.26"
"8,26 : 201.4"
"8,27 : 777.5"
"8,28 : 574.36"
"8,29 : 520.45"
"8,30 : 770.28"
"8,31 : 908.71"
"8,32 : 929.86"
"8,33 : 212.46"
"8,34 : 670.68"
"8,35 : 720.66"
"8,36 : 928.99"
"8,37 : 231.11"
"8,38 : 266.0"
"8,39 : 801.8"
"8,40 : 962.93"
"8,41 : 523.76"
"8,42 : 351.44"
"8,43 : 85.91"
"8,44 : 760.47"
"8,45 : 398.74"
"8,46 : 163.45"
"8,47 : 243.17"
"8,48 : 434.78"
"8,49 : 858.03"
"8,50 : 518.62"
"8,51 : 386.08"
"8,52 : 618.19"
"8,53 : 300.6"
"8,54 : 590.19"
"8,55 : 254.15"
"8,56 : 65.19"
"8,57 : 380.0"
"8,58 : 688.74"
"8,59 : 726.85"
"8,60 : 382.88"
"8,61 : 746.24"
"8,62 : 819.59"
"8,63 : 835.54"
"8,64 : 701.34"
"8,65 : 858.43"
"8,66 : 157.42"
"8,67 : 695.49"
"8,68 : 393.61"
"8,69 : 782.81"
"8,70 : 278.33"
"8,71 : 413.36"
"8,72 : 548.23"
"8,73 : 343.18"
"8,74 : 84.38"
"8,75 : 673.62"
"8,76 : 346.39"
"8,77 : 838.59"
"8,78 : 252.16"
"8,79 : 424.68"
"8,80 : 605.61"
"8,81 : 814.73"
"8,82 : 299.28"
"8,83 : 622.0"
"8,84 : 300.41"
"8,85 : 271.67"
"8,86 : 451.7"
"8,87 : 849.61"
"8,88 : 587.64"
"8,89 : 103.25"
"8,90 : 439.79"
"8,91 : 277.35"
"8,92 : 718.67"
"8,93 : 684.39"
"8,94 : 459.11"
"8,95 : 536.89"
"8,96 : 554.55"
"8,97 : 554.65"
"8,98 : 354.13"
"8,99 : 386.56"
"9,0 : 314.84"
"9,1 : 299.3"
"9,2 : 278.17"
"9,3 : 604.13"
"9,4 : 585.14"
"9,5 : 723.19"
"9,6 : 587.22"
"9,7 : 697.92"
"9,8 : 186.39"
"9,9 : 0.0"
"9,10 : 523.31"
"9,11 : 233.24"
"9,12 : 544.59"
"9,13 : 355.36"
"9,14 : 137.24"
"9,15 : 790.7"
"9,16 : 162.44"
"9,17 : 517.07"
"9,18 : 544.27"
"9,19 : 592.29"
"9,20 : 515.26"
"9,21 : 422.87"
"9,22 : 546.23"
"9,23 : 681.03"
"9,24 : 544.33"
"9,25 : 165.89"
"9,26 : 86.61"
"9,27 : 627.74"
"9,28 : 614.92"
"9,29 : 509.41"
"9,30 : 584.52"
"9,31 : 751.35"
"9,32 : 825.11"
"9,33 : 74.25"
"9,34 : 651.48"
"9,35 : 681.24"
"9,36 : 847.68"
"9,37 : 366.75"
"9,38 : 222.79"
"9,39 : 669.5"
"9,40 : 881.41"
"9,41 : 363.35"
"9,42 : 387.83"
"9,43 : 232.85"
"9,44 : 575.61"
"9,45 : 503.56"
"9,46 : 342.25"
"9,47 : 213.57"
"9,48 : 290.93"
"9,49 : 723.0"
"9,50 : 430.9"
"9,51 : 216.0"
"9,52 : 562.58"
"9,53 : 426.91"
"9,54 : 445.19"
"9,55 : 71.03"
"9,56 : 138.19"
"9,57 : 491.08"
"9,58 : 680.39"
"9,59 : 541.29"
"9,60 : 241.3"
"9,61 : 701.99"
"9,62 : 678.76"
"9,63 : 708.07"
"9,64 : 699.06"
"9,65 : 696.16"
"9,66 : 91.39"
"9,67 : 672.3"
"9,68 : 363.94"
"9,69 : 727.63"
"9,70 : 99.61"
"9,71 : 285.51"
"9,72 : 362.03"
"9,73 : 327.62"
"9,74 : 163.36"
"9,75 : 689.49"
"9,76 : 167.71"
"9,77 : 662.95"
"9,78 : 137.19"
"9,79 : 331.4"
"9,80 : 435.84"
"9,81 : 768.2"
"9,82 : 437.16"
"9,83 : 435.9"
"9,84 : 136.95"
"9,85 : 420.4"
"9,86 : 406.11"
"9,87 : 738.31"
"9,88 : 403.64"
"9,89 : 248.78"
"9,90 : 484.48"
"9,91 : 219.54"
"9,92 : 565.78"
"9,93 : 521.06"
"9,94 : 325.96"
"9,95 : 373.71"
"9,96 : 555.91"
"9,97 : 652.0"
"9,98 : 468.39"
"9,99 : 414.12"
"10,0 : 632.5"
"10,1 : 809.65"
"10,2 : 534.31"
"10,3 : 1035.92"
"10,4 : 134.94"
"10,5 : 430.84"
"10,6 : 854.58"
"10,7 : 863.17"
"10,8 : 418.42"
"10,9 : 523.31"
"10,10 : 0.0"
"10,11 : 545.28"
"10,12 : 110.22"
"10,13 : 593.27"
"10,14 : 611.3"
"10,15 : 631.23"
"10,16 : 366.98"
"10,17 : 941.89"
"10,18 : 822.06"
"10,19 : 798.79"
"10,20 : 606.04"
"10,21 : 898.7"
"10,22 : 974.61"
"10,23 : 1091.51"
"10,24 : 142.41"
"10,25 : 432.05"
"10,26 : 460.57"
"10,27 : 830.19"
"10,28 : 234.79"
"10,29 : 320.46"
"10,30 : 995.01"
"10,31 : 967.61"
"10,32 : 830.93"
"10,33 : 482.69"
"10,34 : 428.43"
"10,35 : 509.17"
"10,36 : 772.44"
"10,37 : 192.66"
"10,38 : 681.92"
"10,39 : 798.24"
"10,40 : 802.06"
"10,41 : 883.78"
"10,42 : 195.24"
"10,43 : 332.58"
"10,44 : 973.97"
"10,45 : 20.0"
"10,46 : 315.93"
"10,47 : 660.11"
"10,48 : 567.6"
"10,49 : 852.72"
"10,50 : 489.29"
"10,51 : 734.77"
"10,52 : 474.54"
"10,53 : 124.34"
"10,54 : 670.54"
"10,55 : 587.8"
"10,56 : 475.64"
"10,57 : 40.25"
"10,58 : 418.34"
"10,59 : 952.32"
"10,60 : 536.03"
"10,61 : 539.21"
"10,62 : 837.66"
"10,63 : 812.42"
"10,64 : 415.23"
"10,65 : 941.68"
"10,66 : 553.01"
"10,67 : 455.04"
"10,68 : 325.83"
"10,69 : 592.0"
"10,70 : 557.84"
"10,71 : 804.55"
"10,72 : 805.29"
"10,73 : 299.15"
"10,74 : 502.57"
"10,75 : 357.21"
"10,76 : 599.77"
"10,77 : 981.37"
"10,78 : 457.47"
"10,79 : 458.7"
"10,80 : 758.6"
"10,81 : 598.35"
"10,82 : 142.0"
"10,83 : 893.07"
"10,84 : 539.16"
"10,85 : 181.02"
"10,86 : 870.01"
"10,87 : 780.5"
"10,88 : 813.19"
"10,89 : 315.2"
"10,90 : 164.68"
"10,91 : 378.7"
"10,92 : 792.0"
"10,93 : 798.77"
"10,94 : 557.31"
"10,95 : 892.54"
"10,96 : 309.16"
"10,97 : 136.34"
"10,98 : 66.31"
"10,99 : 205.8"
"11,0 : 99.32"
"11,1 : 332.34"
"11,2 : 51.74"
"11,3 : 490.64"
"11,4 : 649.13"
"11,5 : 587.82"
"11,6 : 371.93"
"11,7 : 466.62"
"11,8 : 380.11"
"11,9 : 233.24"
"11,10 : 545.28"
"11,11 : 0.0"
"11,12 : 608.48"
"11,13 : 122.12"
"11,14 : 360.91"
"11,15 : 600.0"
"11,16 : 233.14"
"11,17 : 396.61"
"11,18 : 330.34"
"11,19 : 363.27"
"11,20 : 290.2"
"11,21 : 369.33"
"11,22 : 429.34"
"11,23 : 548.44"
"11,24 : 620.92"
"11,25 : 364.79"
"11,26 : 179.23"
"11,27 : 399.18"
"11,28 : 540.72"
"11,29 : 388.1"
"11,30 : 450.95"
"11,31 : 528.67"
"11,32 : 597.33"
"11,33 : 172.42"
"11,34 : 502.05"
"11,35 : 507.78"
"11,36 : 632.11"
"11,37 : 459.44"
"11,38 : 440.41"
"11,39 : 436.26"
"11,40 : 665.11"
"11,41 : 424.5"
"11,42 : 357.34"
"11,43 : 380.76"
"11,44 : 431.62"
"11,45 : 528.82"
"11,46 : 497.33"
"11,47 : 437.01"
"11,48 : 57.72"
"11,49 : 489.97"
"11,50 : 231.57"
"11,51 : 298.82"
"11,52 : 382.19"
"11,53 : 494.45"
"11,54 : 213.47"
"11,55 : 220.49"
"11,56 : 355.62"
"11,57 : 526.67"
"11,58 : 540.5"
"11,59 : 407.77"
"11,60 : 14.56"
"11,61 : 522.35"
"11,62 : 446.68"
"11,63 : 474.98"
"11,64 : 564.4"
"11,65 : 478.73"
"11,66 : 324.14"
"11,67 : 516.65"
"11,68 : 257.33"
"11,69 : 536.26"
"11,70 : 146.29"
"11,71 : 424.95"
"11,72 : 266.27"
"11,73 : 256.08"
"11,74 : 388.5"
"11,75 : 576.78"
"11,76 : 111.83"
"11,77 : 470.96"
"11,78 : 129.76"
"11,79 : 146.99"
"11,80 : 234.79"
"11,81 : 582.84"
"11,82 : 517.5"
"11,83 : 354.57"
"11,84 : 98.41"
"11,85 : 518.21"
"11,86 : 601.58"
"11,87 : 508.78"
"11,88 : 267.93"
"11,89 : 388.85"
"11,90 : 437.71"
"11,91 : 169.18"
"11,92 : 339.12"
"11,93 : 305.84"
"11,94 : 95.19"
"11,95 : 425.29"
"11,96 : 442.02"
"11,97 : 646.41"
"11,98 : 512.29"
"11,99 : 364.16"
"12,0 : 701.57"
"12,1 : 841.21"
"12,2 : 605.34"
"12,3 : 1095.73"
"12,4 : 41.34"
"12,5 : 538.68"
"12,6 : 939.13"
"12,7 : 959.51"
"12,8 : 406.69"
"12,9 : 544.59"
"12,10 : 110.22"
"12,11 : 608.48"
"12,12 : 0.0"
"12,13 : 671.66"
"12,14 : 610.82"
"12,15 : 741.43"
"12,16 : 402.88"
"12,17 : 1001.92"
"12,18 : 904.41"
"12,19 : 889.41"
"12,20 : 702.77"
"12,21 : 944.82"
"12,22 : 1034.37"
"12,23 : 1156.8"
"12,24 : 33.62"
"12,25 : 424.08"
"12,26 : 495.77"
"12,27 : 922.0"
"12,28 : 341.79"
"12,29 : 427.81"
"12,30 : 1059.0"
"12,31 : 1060.44"
"12,32 : 938.35"
"12,33 : 517.59"
"12,34 : 538.64"
"12,35 : 619.32"
"12,36 : 882.2"
"12,37 : 179.48"
"12,38 : 672.02"
"12,39 : 896.75"
"12,40 : 912.0"
"12,41 : 907.77"
"12,42 : 282.19"
"12,43 : 325.68"
"12,44 : 1040.1"
"12,45 : 110.77"
"12,46 : 270.48"
"12,47 : 648.6"
"12,48 : 638.44"
"12,49 : 952.13"
"12,50 : 583.47"
"12,51 : 760.46"
"12,52 : 581.15"
"12,53 : 119.0"
"12,54 : 754.67"
"12,55 : 613.55"
"12,56 : 469.85"
"12,57 : 96.46"
"12,58 : 527.89"
"12,59 : 1015.51"
"12,60 : 601.1"
"12,61 : 649.37"
"12,62 : 934.14"
"12,63 : 913.28"
"12,64 : 523.89"
"12,65 : 1030.72"
"12,66 : 556.39"
"12,67 : 565.22"
"12,68 : 415.08"
"12,69 : 702.05"
"12,70 : 596.27"
"12,71 : 813.82"
"12,72 : 858.38"
"12,73 : 379.98"
"12,74 : 489.86"
"12,75 : 463.88"
"12,76 : 646.79"
"12,77 : 1061.33"
"12,78 : 504.89"
"12,79 : 541.11"
"12,80 : 832.54"
"12,81 : 708.54"
"12,82 : 108.68"
"12,83 : 944.46"
"12,84 : 586.04"
"12,85 : 136.0"
"12,86 : 852.46"
"12,87 : 885.35"
"12,88 : 873.73"
"12,89 : 307.6"
"12,90 : 271.89"
"12,91 : 439.32"
"12,92 : 880.13"
"12,93 : 880.49"
"12,94 : 634.07"
"12,95 : 918.3"
"12,96 : 419.01"
"12,97 : 197.99"
"12,98 : 99.86"
"12,99 : 301.26"
"13,0 : 81.6"
"13,1 : 406.65"
"13,2 : 83.1"
"13,3 : 469.06"
"13,4 : 710.59"
"13,5 : 543.09"
"13,6 : 271.98"
"13,7 : 346.76"
"13,8 : 495.03"
"13,9 : 355.36"
"13,10 : 593.27"
"13,11 : 122.12"
"13,12 : 671.66"
"13,13 : 0.0"
"13,14 : 481.79"
"13,15 : 513.56"
"13,16 : 334.79"
"13,17 : 379.25"
"13,18 : 234.3"
"13,19 : 246.89"
"13,20 : 180.28"
"13,21 : 397.92"
"13,22 : 410.91"
"13,23 : 509.74"
"13,24 : 688.9"
"13,25 : 481.13"
"13,26 : 297.14"
"13,27 : 282.94"
"13,28 : 538.34"
"13,29 : 369.15"
"13,30 : 418.53"
"13,31 : 417.17"
"13,32 : 479.85"
"13,33 : 292.8"
"13,34 : 452.03"
"13,35 : 438.71"
"13,36 : 524.77"
"13,37 : 542.07"
"13,38 : 559.59"
"13,39 : 314.16"
"13,40 : 556.82"
"13,41 : 499.55"
"13,42 : 398.11"
"13,43 : 485.23"
"13,44 : 393.1"
"13,45 : 579.39"
"13,46 : 598.58"
"13,47 : 557.37"
"13,48 : 64.51"
"13,49 : 368.14"
"13,50 : 166.01"
"13,51 : 394.27"
"13,52 : 315.67"
"13,53 : 565.33"
"13,54 : 95.52"
"13,55 : 339.06"
"13,56 : 475.31"
"13,57 : 582.03"
"13,58 : 495.12"
"13,59 : 379.59"
"13,60 : 114.93"
"13,61 : 447.56"
"13,62 : 325.99"
"13,63 : 352.96"
"13,64 : 521.38"
"13,65 : 373.16"
"13,66 : 446.23"
"13,67 : 461.04"
"13,68 : 272.8"
"13,69 : 451.25"
"13,70 : 266.24"
"13,71 : 525.73"
"13,72 : 288.67"
"13,73 : 294.28"
"13,74 : 509.17"
"13,75 : 547.95"
"13,76 : 218.81"
"13,77 : 389.68"
"13,78 : 243.03"
"13,79 : 136.21"
"13,80 : 168.07"
"13,81 : 501.17"
"13,82 : 592.01"
"13,83 : 369.01"
"13,84 : 219.92"
"13,85 : 599.3"
"13,86 : 713.42"
"13,87 : 390.08"
"13,88 : 260.73"
"13,89 : 490.81"
"13,90 : 459.92"
"13,91 : 247.91"
"13,92 : 226.32"
"13,93 : 209.91"
"13,94 : 39.0"
"13,95 : 496.59"
"13,96 : 422.4"
"13,97 : 675.4"
"13,98 : 572.22"
"13,99 : 393.59"
"14,0 : 430.22"
"14,1 : 299.54"
"14,2 : 409.11"
"14,3 : 647.39"
"14,4 : 648.91"
"14,5 : 853.77"
"14,6 : 691.41"
"14,7 : 816.37"
"14,8 : 206.2"
"14,9 : 137.24"
"14,10 : 611.3"
"14,11 : 360.91"
"14,12 : 610.82"
"14,13 : 481.79"
"14,14 : 0.0"
"14,15 : 927.79"
"14,16 : 279.43"
"14,17 : 570.24"
"14,18 : 648.59"
"14,19 : 708.45"
"14,20 : 648.44"
"14,21 : 449.9"
"14,22 : 595.25"
"14,23 : 731.17"
"14,24 : 603.46"
"14,25 : 187.32"
"14,26 : 221.92"
"14,27 : 742.95"
"14,28 : 733.06"
"14,29 : 640.39"
"14,30 : 640.22"
"14,31 : 859.01"
"14,32 : 957.49"
"14,33 : 211.45"
"14,34 : 785.0"
"14,35 : 817.41"
"14,36 : 983.82"
"14,37 : 432.56"
"14,38 : 86.05"
"14,39 : 793.89"
"14,40 : 1017.47"
"14,41 : 329.84"
"14,42 : 503.44"
"14,43 : 285.28"
"14,44 : 637.63"
"14,45 : 591.31"
"14,46 : 365.85"
"14,47 : 76.84"
"14,48 : 417.53"
"14,49 : 845.6"
"14,50 : 567.73"
"14,51 : 211.85"
"14,52 : 699.55"
"14,53 : 500.23"
"14,54 : 566.7"
"14,55 : 145.52"
"14,56 : 141.44"
"14,57 : 575.0"
"14,58 : 812.17"
"14,59 : 599.74"
"14,60 : 370.83"
"14,61 : 838.59"
"14,62 : 798.83"
"14,63 : 834.14"
"14,64 : 829.74"
"14,65 : 799.91"
"14,66 : 60.17"
"14,67 : 806.54"
"14,68 : 496.46"
"14,69 : 864.79"
"14,70 : 215.62"
"14,71 : 208.25"
"14,72 : 420.42"
"14,73 : 456.45"
"14,74 : 130.65"
"14,75 : 815.81"
"14,76 : 272.62"
"14,77 : 749.41"
"14,78 : 274.42"
"14,79 : 468.37"
"14,80 : 536.72"
"14,81 : 905.05"
"14,82 : 502.49"
"14,83 : 476.31"
"14,84 : 262.51"
"14,85 : 476.96"
"14,86 : 275.07"
"14,87 : 869.51"
"14,88 : 475.46"
"14,89 : 303.39"
"14,90 : 599.35"
"14,91 : 353.21"
"14,92 : 679.76"
"14,93 : 626.93"
"14,94 : 455.75"
"14,95 : 344.81"
"14,96 : 684.68"
"14,97 : 745.61"
"14,98 : 550.04"
"14,99 : 533.37"
"15,0 : 594.95"
"15,1 : 919.59"
"15,2 : 548.87"
"15,3 : 913.37"
"15,4 : 761.41"
"15,5 : 228.95"
"15,6 : 587.3"
"15,7 : 468.11"
"15,8 : 842.04"
"15,9 : 790.7"
"15,10 : 631.23"
"15,11 : 600.0"
"15,12 : 741.43"
"15,13 : 513.56"
"15,14 : 927.79"
"15,15 : 0.0"
"15,16 : 673.62"
"15,17 : 841.45"
"15,18 : 587.01"
"15,19 : 492.55"
"15,20 : 344.25"
"15,21 : 900.26"
"15,22 : 867.37"
"15,23 : 917.79"
"15,24 : 773.45"
"15,25 : 839.47"
"15,26 : 706.42"
"15,27 : 498.67"
"15,28 : 410.03"
"15,29 : 336.03"
"15,30 : 852.76"
"15,31 : 583.45"
"15,32 : 274.45"
"15,33 : 716.45"
"15,34 : 202.8"
"15,35 : 126.49"
"15,36 : 163.37"
"15,37 : 733.34"
"15,38 : 1013.49"
"15,39 : 398.73"
"15,40 : 184.11"
"15,41 : 1012.71"
"15,42 : 521.67"
"15,43 : 782.95"
"15,44 : 821.55"
"15,45 : 633.22"
"15,46 : 852.77"
"15,47 : 1003.39"
"15,48 : 559.38"
"15,49 : 421.73"
"15,50 : 368.91"
"15,51 : 898.14"
"15,52 : 228.48"
"15,53 : 702.65"
"15,54 : 492.89"
"15,55 : 807.11"
"15,56 : 858.9"
"15,57 : 653.09"
"15,58 : 219.43"
"15,59 : 826.97"
"15,60 : 586.07"
"15,61 : 97.69"
"15,62 : 449.49"
"15,63 : 374.81"
"15,64 : 232.66"
"15,65 : 603.43"
"15,66 : 875.59"
"15,67 : 176.28"
"15,68 : 448.49"
"15,69 : 63.82"
"15,70 : 734.28"
"15,71 : 1024.82"
"15,72 : 793.53"
"15,73 : 499.06"
"15,74 : 897.5"
"15,75 : 302.45"
"15,76 : 711.82"
"15,77 : 717.01"
"15,78 : 653.59"
"15,79 : 463.84"
"15,80 : 620.56"
"15,81 : 33.0"
"15,82 : 734.02"
"15,83 : 863.68"
"15,84 : 685.4"
"15,85 : 765.52"
"15,86 : 1191.65"
"15,87 : 289.44"
"15,88 : 750.18"
"15,89 : 776.12"
"15,90 : 477.94"
"15,91 : 579.87"
"15,92 : 514.22"
"15,93 : 578.63"
"15,94 : 515.82"
"15,95 : 1010.09"
"15,96 : 326.14"
"15,97 : 604.32"
"15,98 : 664.85"
"15,99 : 486.21"
"16,0 : 332.45"
"16,1 : 443.04"
"16,2 : 252.74"
"16,3 : 700.15"
"16,4 : 444.2"
"16,5 : 577.17"
"16,6 : 601.92"
"16,7 : 676.13"
"16,8 : 175.51"
"16,9 : 162.44"
"16,10 : 366.98"
"16,11 : 233.14"
"16,12 : 402.88"
"16,13 : 334.79"
"16,14 : 279.43"
"16,15 : 673.62"
"16,16 : 0.0"
"16,17 : 607.42"
"16,18 : 561.31"
"16,19 : 580.96"
"16,20 : 451.44"
"16,21 : 542.09"
"16,22 : 639.24"
"16,23 : 767.17"
"16,24 : 408.63"
"16,25 : 168.62"
"16,26 : 93.98"
"16,27 : 616.88"
"16,28 : 455.08"
"16,29 : 365.41"
"16,30 : 668.68"
"16,31 : 751.96"
"16,32 : 754.52"
"16,33 : 116.11"
"16,34 : 513.47"
"16,35 : 555.41"
"16,36 : 754.51"
"16,37 : 235.71"
"16,38 : 363.16"
"16,39 : 632.35"
"16,40 : 788.48"
"16,41 : 517.16"
"16,42 : 226.37"
"16,43 : 150.44"
"16,44 : 653.15"
"16,45 : 347.67"
"16,46 : 265.01"
"16,47 : 347.31"
"16,48 : 280.56"
"16,49 : 689.16"
"16,50 : 343.14"
"16,51 : 368.11"
"16,52 : 447.1"
"16,53 : 284.0"
"16,54 : 430.07"
"16,55 : 221.9"
"16,56 : 185.4"
"16,57 : 337.76"
"16,58 : 537.23"
"16,59 : 624.67"
"16,60 : 231.4"
"16,61 : 579.5"
"16,62 : 653.52"
"16,63 : 664.28"
"16,64 : 553.32"
"16,65 : 706.53"
"16,66 : 220.05"
"16,67 : 536.66"
"16,68 : 227.07"
"16,69 : 612.97"
"16,70 : 193.64"
"16,71 : 447.94"
"16,72 : 458.92"
"16,73 : 181.18"
"16,74 : 223.96"
"16,75 : 536.66"
"16,76 : 245.51"
"16,77 : 704.06"
"16,78 : 108.41"
"16,79 : 250.26"
"16,80 : 467.85"
"16,81 : 647.67"
"16,82 : 301.01"
"16,83 : 543.44"
"16,84 : 185.61"
"16,85 : 294.21"
"16,86 : 554.42"
"16,87 : 674.98"
"16,88 : 481.58"
"16,89 : 156.6"
"16,90 : 323.02"
"16,91 : 101.92"
"16,92 : 561.1"
"16,93 : 536.64"
"16,94 : 296.75"
"16,95 : 525.65"
"16,96 : 407.04"
"16,97 : 492.05"
"16,98 : 317.17"
"16,99 : 254.57"
"17,0 : 315.98"
"17,1 : 294.06"
"17,2 : 413.23"
"17,3 : 94.05"
"17,4 : 1042.95"
"17,5 : 915.0"
"17,6 : 287.14"
"17,7 : 457.81"
"17,8 : 703.21"
"17,9 : 517.07"
"17,10 : 941.89"
"17,11 : 396.61"
"17,12 : 1001.92"
"17,13 : 379.25"
"17,14 : 570.24"
"17,15 : 841.45"
"17,16 : 607.42"
"17,17 : 0.0"
"17,18 : 267.4"
"17,19 : 372.54"
"17,20 : 503.17"
"17,21 : 145.34"
"17,22 : 32.76"
"17,23 : 163.98"
"17,24 : 1012.03"
"17,25 : 682.91"
"17,26 : 523.57"
"17,27 : 386.01"
"17,28 : 916.25"
"17,29 : 748.36"
"17,30 : 70.09"
"17,31 : 420.94"
"17,32 : 700.25"
"17,33 : 504.77"
"17,34 : 822.86"
"17,35 : 795.16"
"17,36 : 795.33"
"17,37 : 842.9"
"17,38 : 606.98"
"17,39 : 490.62"
"17,40 : 820.19"
"17,41 : 339.56"
"17,42 : 752.72"
"17,43 : 736.56"
"17,44 : 75.31"
"17,45 : 925.35"
"17,46 : 852.61"
"17,47 : 620.14"
"17,48 : 381.09"
"17,49 : 511.29"
"17,50 : 541.28"
"17,51 : 366.0"
"17,52 : 680.83"
"17,53 : 885.52"
"17,54 : 355.09"
"17,55 : 453.05"
"17,56 : 652.77"
"17,57 : 922.69"
"17,58 : 867.52"
"17,59 : 35.74"
"17,60 : 406.19"
"17,61 : 797.12"
"17,62 : 457.87"
"17,63 : 534.06"
"17,64 : 894.5"
"17,65 : 354.97"
"17,66 : 575.52"
"17,67 : 828.14"
"17,68 : 641.23"
"17,69 : 785.86"
"17,70 : 428.42"
"17,71 : 461.43"
"17,72 : 155.05"
"17,73 : 649.6"
"17,74 : 670.1"
"17,75 : 925.71"
"17,76 : 364.78"
"17,77 : 239.25"
"17,78 : 500.04"
"17,79 : 508.26"
"17,80 : 225.22"
"17,81 : 838.01"
"17,82 : 906.03"
"17,83 : 101.08"
"17,84 : 422.4"
"17,85 : 901.56"
"17,86 : 667.46"
"17,87 : 616.33"
"17,88 : 128.71"
"17,89 : 749.34"
"17,90 : 827.81"
"17,91 : 564.43"
"17,92 : 342.35"
"17,93 : 268.29"
"17,94 : 404.62"
"17,95 : 324.34"
"17,96 : 801.65"
"17,97 : 1040.31"
"17,98 : 907.44"
"17,99 : 756.42"
"18,0 : 233.45"
"18,1 : 462.39"
"18,2 : 310.54"
"18,3 : 328.24"
"18,4 : 942.81"
"18,5 : 693.52"
"18,6 : 43.01"
"18,7 : 200.12"
"18,8 : 708.58"
"18,9 : 544.27"
"18,10 : 822.06"
"18,11 : 330.34"
"18,12 : 904.41"
"18,13 : 234.3"
"18,14 : 648.59"
"18,15 : 587.01"
"18,16 : 561.31"
"18,17 : 267.4"
"18,18 : 0.0"
"18,19 : 105.19"
"18,20 : 269.43"
"18,21 : 369.33"
"18,22 : 288.21"
"18,23 : 332.66"
"18,24 : 922.47"
"18,25 : 692.16"
"18,26 : 507.23"
"18,27 : 122.79"
"18,28 : 737.21"
"18,29 : 563.58"
"18,30 : 266.93"
"18,31 : 210.83"
"18,32 : 433.35"
"18,33 : 496.95"
"18,34 : 602.47"
"18,35 : 559.16"
"18,36 : 528.84"
"18,37 : 775.94"
"18,38 : 712.7"
"18,39 : 223.61"
"18,40 : 553.09"
"18,41 : 540.82"
"18,42 : 627.13"
"18,43 : 710.52"
"18,44 : 235.44"
"18,45 : 809.21"
"18,46 : 826.3"
"18,47 : 717.28"
"18,48 : 280.91"
"18,49 : 249.57"
"18,50 : 349.45"
"18,51 : 494.7"
"18,52 : 459.5"
"18,53 : 799.45"
"18,54 : 152.03"
"18,55 : 504.67"
"18,56 : 677.75"
"18,57 : 813.3"
"18,58 : 648.34"
"18,59 : 246.02"
"18,60 : 330.26"
"18,61 : 555.7"
"18,62 : 195.06"
"18,63 : 267.69"
"18,64 : 675.85"
"18,65 : 152.01"
"18,66 : 628.29"
"18,67 : 602.09"
"18,68 : 496.9"
"18,69 : 536.02"
"18,70 : 445.04"
"18,71 : 621.73"
"18,72 : 289.23"
"18,73 : 525.02"
"18,74 : 707.02"
"18,75 : 719.07"
"18,76 : 379.22"
"18,77 : 161.07"
"18,78 : 460.09"
"18,79 : 363.9"
"18,80 : 112.38"
"18,81 : 587.72"
"18,82 : 826.29"
"18,83 : 322.34"
"18,84 : 410.95"
"18,85 : 833.41"
"18,86 : 829.33"
"18,87 : 348.93"
"18,88 : 223.81"
"18,89 : 717.84"
"18,90 : 679.15"
"18,91 : 480.84"
"18,92 : 75.43"
"18,93 : 24.7"
"18,94 : 273.03"
"18,95 : 530.53"
"18,96 : 611.91"
"18,97 : 893.82"
"18,98 : 804.69"
"18,99 : 618.43"
"19,0 : 278.68"
"19,1 : 552.46"
"19,2 : 329.95"
"19,3 : 430.3"
"19,4 : 925.83"
"19,5 : 619.38"
"19,6 : 95.0"
"19,7 : 109.25"
"19,8 : 741.46"
"19,9 : 592.29"
"19,10 : 798.79"
"19,11 : 363.27"
"19,12 : 889.41"
"19,13 : 246.89"
"19,14 : 708.45"
"19,15 : 492.55"
"19,16 : 580.96"
"19,17 : 372.54"
"19,18 : 105.19"
"19,19 : 0.0"
"19,20 : 205.38"
"19,21 : 471.01"
"19,22 : 392.76"
"19,23 : 426.0"
"19,24 : 910.61"
"19,25 : 727.07"
"19,26 : 542.02"
"19,27 : 36.06"
"19,28 : 686.37"
"19,29 : 514.97"
"19,30 : 368.71"
"19,31 : 173.3"
"19,32 : 328.27"
"19,33 : 535.63"
"19,34 : 530.86"
"19,35 : 478.21"
"19,36 : 424.92"
"19,37 : 777.69"
"19,38 : 778.9"
"19,39 : 118.6"
"19,40 : 448.49"
"19,41 : 635.22"
"19,42 : 607.53"
"19,43 : 731.32"
"19,44 : 337.14"
"19,45 : 788.0"
"19,46 : 843.3"
"19,47 : 780.76"
"19,48 : 307.0"
"19,49 : 150.33"
"19,50 : 310.6"
"19,51 : 574.71"
"19,52 : 391.89"
"19,53 : 792.19"
"19,54 : 151.4"
"19,55 : 562.93"
"19,56 : 718.85"
"19,57 : 795.11"
"19,58 : 576.46"
"19,59 : 350.39"
"19,60 : 359.0"
"19,61 : 471.01"
"19,62 : 96.61"
"19,63 : 163.13"
"19,64 : 603.75"
"19,65 : 143.93"
"19,66 : 680.78"
"19,67 : 526.86"
"19,68 : 474.57"
"19,69 : 445.53"
"19,70 : 496.23"
"19,71 : 705.2"
"19,72 : 384.04"
"19,73 : 511.2"
"19,74 : 751.24"
"19,75 : 653.25"
"19,76 : 435.85"
"19,77 : 227.34"
"19,78 : 489.3"
"19,79 : 353.39"
"19,80 : 193.83"
"19,81 : 496.25"
"19,82 : 821.06"
"19,83 : 425.02"
"19,84 : 455.46"
"19,85 : 832.99"
"19,86 : 909.33"
"19,87 : 243.92"
"19,88 : 321.4"
"19,89 : 736.21"
"19,90 : 645.96"
"19,91 : 489.74"
"19,92 : 33.24"
"19,93 : 109.2"
"19,94 : 284.29"
"19,95 : 626.08"
"19,96 : 558.63"
"19,97 : 856.2"
"19,98 : 789.79"
"19,99 : 592.99"
"20,0 : 258.21"
"20,1 : 584.17"
"20,2 : 239.91"
"20,3 : 581.45"
"20,4 : 736.99"
"20,5 : 424.15"
"20,6 : 285.33"
"20,7 : 257.15"
"20,8 : 625.31"
"20,9 : 515.26"
"20,10 : 606.04"
"20,11 : 290.2"
"20,12 : 702.77"
"20,13 : 180.28"
"20,14 : 648.44"
"20,15 : 344.25"
"20,16 : 451.44"
"20,17 : 503.17"
"20,18 : 269.43"
"20,19 : 205.38"
"20,20 : 0.0"
"20,21 : 556.04"
"20,22 : 531.02"
"20,23 : 599.05"
"20,24 : 726.72"
"20,25 : 615.31"
"20,26 : 443.44"
"20,27 : 231.25"
"20,28 : 481.09"
"20,29 : 310.49"
"20,30 : 522.9"
"20,31 : 364.23"
"20,32 : 309.98"
"20,33 : 445.25"
"20,34 : 333.04"
"20,35 : 293.44"
"20,36 : 344.62"
"20,37 : 611.9"
"20,38 : 729.74"
"20,39 : 194.92"
"20,40 : 376.9"
"20,41 : 676.42"
"20,42 : 421.71"
"20,43 : 595.02"
"20,44 : 492.79"
"20,45 : 597.1"
"20,46 : 697.03"
"20,47 : 725.1"
"20,48 : 237.93"
"20,49 : 251.51"
"20,50 : 121.28"
"20,51 : 574.54"
"20,52 : 190.39"
"20,53 : 615.1"
"20,54 : 149.48"
"20,55 : 510.56"
"20,56 : 619.18"
"20,57 : 606.78"
"20,58 : 378.92"
"20,59 : 492.45"
"20,60 : 278.79"
"20,61 : 294.0"
"20,62 : 231.66"
"20,63 : 218.01"
"20,64 : 406.43"
"20,65 : 348.04"
"20,66 : 606.43"
"20,67 : 333.03"
"20,68 : 291.2"
"20,69 : 285.16"
"20,70 : 436.08"
"20,71 : 705.84"
"20,72 : 449.7"
"20,73 : 336.15"
"20,74 : 655.93"
"20,75 : 451.24"
"20,76 : 396.34"
"20,77 : 423.52"
"20,78 : 386.06"
"20,79 : 201.25"
"20,80 : 278.95"
"20,81 : 337.03"
"20,82 : 645.7"
"20,83 : 519.66"
"20,84 : 387.18"
"20,85 : 663.1"
"20,86 : 890.72"
"20,87 : 225.16"
"20,88 : 406.21"
"20,89 : 595.81"
"20,90 : 447.75"
"20,91 : 350.3"
"20,92 : 210.62"
"20,93 : 254.19"
"20,94 : 195.53"
"20,95 : 672.32"
"20,96 : 353.27"
"20,97 : 654.07"
"20,98 : 604.67"
"20,99 : 401.89"
"21,0 : 319.23"
"21,1 : 156.44"
"21,2 : 402.41"
"21,3 : 201.33"
"21,4 : 986.16"
"21,5 : 939.45"
"21,6 : 399.53"
"21,7 : 569.02"
"21,8 : 607.24"
"21,9 : 422.87"
"21,10 : 898.7"
"21,11 : 369.33"
"21,12 : 944.82"
"21,13 : 397.92"
"21,14 : 449.9"
"21,15 : 900.26"
"21,16 : 542.09"
"21,17 : 145.34"
"21,18 : 369.33"
"21,19 : 471.01"
"21,20 : 556.04"
"21,21 : 0.0"
"21,22 : 159.03"
"21,23 : 288.54"
"21,24 : 950.49"
"21,25 : 586.16"
"21,26 : 450.5"
"21,27 : 492.11"
"21,28 : 909.72"
"21,29 : 752.17"
"21,30 : 210.47"
"21,31 : 550.78"
"21,32 : 796.31"
"21,33 : 429.3"
"21,34 : 849.14"
"21,35 : 835.55"
"21,36 : 877.89"
"21,37 : 775.26"
"21,38 : 475.56"
"21,39 : 588.56"
"21,40 : 905.74"
"21,41 : 194.28"
"21,42 : 720.5"
"21,43 : 653.51"
"21,44 : 220.64"
"21,45 : 880.65"
"21,46 : 765.09"
"21,47 : 491.11"
"21,48 : 375.64"
"21,49 : 618.81"
"21,50 : 563.22"
"21,51 : 238.61"
"21,52 : 713.5"
"21,53 : 826.06"
"21,54 : 408.6"
"21,55 : 353.22"
"21,56 : 550.54"
"21,57 : 874.37"
"21,58 : 891.44"
"21,59 : 180.94"
"21,60 : 382.23"
"21,61 : 842.57"
"21,62 : 564.26"
"21,63 : 633.68"
"21,64 : 917.2"
"21,65 : 483.94"
"21,66 : 465.4"
"21,67 : 858.86"
"21,68 : 626.59"
"21,69 : 840.4"
"21,70 : 349.91"
"21,71 : 319.19"
"21,72 : 109.29"
"21,73 : 623.08"
"21,74 : 561.95"
"21,75 : 938.23"
"21,76 : 299.21"
"21,77 : 379.54"
"21,78 : 441.9"
"21,79 : 505.92"
"21,80 : 288.03"
"21,81 : 891.81"
"21,82 : 842.59"
"21,83 : 49.09"
"21,84 : 360.07"
"21,85 : 832.43"
"21,86 : 523.03"
"21,87 : 707.8"
"21,88 : 153.39"
"21,89 : 668.29"
"21,90 : 805.48"
"21,91 : 522.55"
"21,92 : 438.21"
"21,93 : 361.81"
"21,94 : 411.01"
"21,95 : 179.32"
"21,96 : 806.4"
"21,97 : 1009.72"
"21,98 : 856.03"
"21,99 : 731.11"
"22,0 : 348.52"
"22,1 : 312.85"
"22,2 : 445.89"
"22,3 : 61.4"
"22,4 : 1075.42"
"22,5 : 944.98"
"22,6 : 304.31"
"22,7 : 473.43"
"22,8 : 732.55"
"22,9 : 546.23"
"22,10 : 974.61"
"22,11 : 429.34"
"22,12 : 1034.37"
"22,13 : 410.91"
"22,14 : 595.25"
"22,15 : 867.37"
"22,16 : 639.24"
"22,17 : 32.76"
"22,18 : 288.21"
"22,19 : 392.76"
"22,20 : 531.02"
"22,21 : 159.03"
"22,22 : 0.0"
"22,23 : 136.17"
"22,24 : 1044.31"
"22,25 : 712.13"
"22,26 : 554.75"
"22,27 : 403.91"
"22,28 : 948.34"
"22,29 : 780.06"
"22,30 : 52.17"
"22,31 : 428.9"
"22,32 : 719.08"
"22,33 : 535.72"
"22,34 : 852.79"
"22,35 : 823.66"
"22,36 : 817.04"
"22,37 : 874.82"
"22,38 : 629.01"
"22,39 : 509.97"
"22,40 : 841.19"
"22,41 : 350.87"
"22,42 : 785.48"
"22,43 : 767.29"
"22,44 : 70.8"
"22,45 : 958.05"
"22,46 : 883.05"
"22,47 : 642.96"
"22,48 : 413.7"
"22,49 : 527.73"
"22,50 : 572.16"
"22,51 : 388.54"
"22,52 : 710.41"
"22,53 : 917.83"
"22,54 : 383.82"
"22,55 : 481.27"
"22,56 : 681.2"
"22,57 : 955.34"
"22,58 : 897.61"
"22,59 : 42.54"
"22,60 : 438.95"
"22,61 : 825.01"
"22,62 : 475.03"
"22,63 : 552.69"
"22,64 : 924.66"
"22,65 : 364.02"
"22,66 : 602.56"
"22,67 : 857.63"
"22,68 : 673.78"
"22,69 : 812.54"
"22,70 : 458.88"
"22,71 : 478.07"
"22,72 : 184.49"
"22,73 : 682.33"
"22,74 : 697.66"
"22,75 : 956.66"
"22,76 : 395.96"
"22,77 : 241.62"
"22,78 : 532.06"
"22,79 : 540.56"
"22,80 : 254.44"
"22,81 : 864.69"
"22,82 : 938.19"
"22,83 : 120.42"
"22,84 : 454.02"
"22,85 : 933.43"
"22,86 : 681.76"
"22,87 : 636.63"
"22,88 : 161.42"
"22,89 : 780.26"
"22,90 : 860.44"
"22,91 : 597.07"
"22,92 : 363.6"
"22,93 : 291.25"
"22,94 : 436.81"
"22,95 : 334.89"
"22,96 : 833.24"
"22,97 : 1073.03"
"22,98 : 940.01"
"22,99 : 789.12"
"23,0 : 459.22"
"23,1 : 444.79"
"23,2 : 557.66"
"23,3 : 88.14"
"23,4 : 1197.52"
"23,5 : 1022.31"
"23,6 : 331.0"
"23,7 : 480.73"
"23,8 : 867.12"
"23,9 : 681.03"
"23,10 : 1091.51"
"23,11 : 548.44"
"23,12 : 1156.8"
"23,13 : 509.74"
"23,14 : 731.17"
"23,15 : 917.79"
"23,16 : 767.17"
"23,17 : 163.98"
"23,18 : 332.66"
"23,19 : 426.0"
"23,20 : 599.05"
"23,21 : 288.54"
"23,22 : 136.17"
"23,23 : 0.0"
"23,24 : 1168.42"
"23,25 : 846.86"
"23,26 : 685.51"
"23,27 : 425.61"
"23,28 : 1046.29"
"23,29 : 874.42"
"23,30 : 98.49"
"23,31 : 405.12"
"23,32 : 733.71"
"23,33 : 667.2"
"23,34 : 930.48"
"23,35 : 891.12"
"23,36 : 844.55"
"23,37 : 1001.89"
"23,38 : 763.02"
"23,39 : 533.16"
"23,40 : 864.6"
"23,41 : 472.0"
"23,42 : 899.18"
"23,43 : 899.21"
"23,44 : 117.64"
"23,45 : 1075.74"
"23,46 : 1015.66"
"23,47 : 777.61"
"23,48 : 524.51"
"23,49 : 536.47"
"23,50 : 660.89"
"23,51 : 523.36"
"23,52 : 786.9"
"23,53 : 1041.8"
"23,54 : 462.03"
"23,55 : 616.88"
"23,56 : 816.68"
"23,57 : 1074.62"
"23,58 : 976.17"
"23,59 : 142.52"
"23,60 : 556.45"
"23,61 : 888.27"
"23,62 : 489.42"
"23,63 : 570.82"
"23,64 : 1003.62"
"23,65 : 349.75"
"23,66 : 738.66"
"23,67 : 931.9"
"23,68 : 780.71"
"23,69 : 868.25"
"23,70 : 591.66"
"23,71 : 606.18"
"23,72 : 319.02"
"23,73 : 794.91"
"23,74 : 833.62"
"23,75 : 1042.29"
"23,76 : 527.0"
"23,77 : 216.09"
"23,78 : 659.08"
"23,79 : 644.68"
"23,80 : 342.57"
"23,81 : 919.74"
"23,82 : 1063.49"
"23,83 : 255.21"
"23,84 : 583.35"
"23,85 : 1060.72"
"23,86 : 805.02"
"23,87 : 660.49"
"23,88 : 285.6"
"23,89 : 911.64"
"23,90 : 968.34"
"23,91 : 717.6"
"23,92 : 403.66"
"23,93 : 345.18"
"23,94 : 540.74"
"23,95 : 455.01"
"23,96 : 926.0"
"23,97 : 1183.12"
"23,98 : 1060.69"
"23,99 : 899.46"
