x,y
512,820
284,989
636,82
27,142
806,731
664,738
989,778
649,467
915,716
892,451
425,267
389,885
123,236
863,140
495,527
785,696
663,277
285,70
428,496
106,748
541,4
841,312
378,815
776,511
254,573
785,914
352,652
717,91
217,736
416,724
947,207
98,801
784,722
53,316
412,266
313,670
188,81
369,798
488,76
652,545
177,693
737,834
352,911
208,347
385,792
187,990
785,842
666,689
951,644
741,644
519,711
331,655
133,605
106,387
973,145
240,29
958,754
243,398
800,576
403,156
32,641
32,724
304,684
844,221
192,717
737,133
300,84
425,649
36,908
844,636
484,993
915,925
554,978
735,934
896,589
441,370
328,309
660,865
568,145
910,239
959,488
281,567
238,184
489,922
42,313
687,443
513,374
781,780
750,825
302,602
452,916
433,201
641,817
491,630
470,452
120,448
441,999
392,135
244,903
625,725

Distanze
"0,0 : 0.0"
"0,1 : 283.8"
"0,2 : 748.34"
"0,3 : 833.61"
"0,4 : 307.18"
"0,5 : 172.71"
"0,6 : 478.85"
"0,7 : 378.65"
"0,8 : 416.2"
"0,9 : 529.68"
"0,10 : 559.8"
"0,11 : 139.12"
"0,12 : 701.7"
"0,13 : 765.25"
"0,14 : 293.49"
"0,15 : 299.84"
"0,16 : 563.6"
"0,17 : 783.6"
"0,18 : 334.71"
"0,19 : 412.33"
"0,20 : 816.52"
"0,21 : 605.23"
"0,22 : 134.09"
"0,23 : 406.42"
"0,24 : 357.17"
"0,25 : 288.73"
"0,26 : 232.0"
"0,27 : 757.28"
"0,28 : 306.73"
"0,29 : 135.76"
"0,30 : 751.66"
"0,31 : 414.44"
"0,32 : 289.12"
"0,33 : 681.69"
"0,34 : 562.95"
"0,35 : 249.2"
"0,36 : 806.91"
"0,37 : 144.68"
"0,38 : 744.39"
"0,39 : 308.59"
"0,40 : 358.27"
"0,41 : 225.44"
"0,42 : 184.07"
"0,43 : 562.27"
"0,44 : 130.05"
"0,45 : 366.78"
"0,46 : 273.89"
"0,47 : 202.18"
"0,48 : 472.97"
"0,49 : 288.82"
"0,50 : 109.22"
"0,51 : 244.92"
"0,52 : 435.74"
"0,53 : 593.57"
"0,54 : 817.4"
"0,55 : 836.46"
"0,56 : 450.86"
"0,57 : 500.44"
"0,58 : 377.47"
"0,59 : 672.89"
"0,60 : 512.29"
"0,61 : 489.51"
"0,62 : 248.52"
"0,63 : 684.85"
"0,64 : 336.17"
"0,65 : 722.91"
"0,66 : 765.92"
"0,67 : 191.86"
"0,68 : 484.07"
"0,69 : 379.58"
"0,70 : 175.25"
"0,71 : 416.45"
"0,72 : 163.49"
"0,73 : 250.45"
"0,74 : 448.13"
"0,75 : 455.57"
"0,76 : 543.12"
"0,77 : 154.69"
"0,78 : 677.32"
"0,79 : 704.25"
"0,80 : 556.81"
"0,81 : 342.59"
"0,82 : 692.51"
"0,83 : 104.56"
"0,84 : 691.34"
"0,85 : 415.64"
"0,86 : 446.0"
"0,87 : 271.96"
"0,88 : 238.05"
"0,89 : 302.69"
"0,90 : 113.21"
"0,91 : 624.02"
"0,92 : 129.03"
"0,93 : 191.16"
"0,94 : 370.39"
"0,95 : 540.41"
"0,96 : 192.57"
"0,97 : 695.43"
"0,98 : 280.56"
"0,99 : 147.63"
"1,0 : 283.8"
"1,1 : 0.0"
"1,2 : 972.91"
"1,3 : 885.13"
"1,4 : 582.28"
"1,5 : 455.41"
"1,6 : 735.9"
"1,7 : 636.95"
"1,8 : 687.52"
"1,9 : 811.85"
"1,10 : 735.64"
"1,11 : 147.79"
"1,12 : 770.02"
"1,13 : 1027.64"
"1,14 : 507.9"
"1,15 : 580.39"
"1,16 : 806.59"
"1,17 : 919.0"
"1,18 : 513.6"
"1,19 : 299.61"
"1,20 : 1017.98"
"1,21 : 876.69"
"1,22 : 197.77"
"1,23 : 685.97"
"1,24 : 417.08"
"1,25 : 506.58"
"1,26 : 343.79"
"1,27 : 996.94"
"1,28 : 261.72"
"1,29 : 296.06"
"1,30 : 1025.23"
"1,31 : 264.46"
"1,32 : 566.82"
"1,33 : 711.54"
"1,34 : 734.24"
"1,35 : 320.32"
"1,36 : 913.06"
"1,37 : 209.06"
"1,38 : 935.51"
"1,39 : 576.68"
"1,40 : 314.75"
"1,41 : 478.78"
"1,42 : 103.48"
"1,43 : 646.48"
"1,44 : 221.38"
"1,45 : 97.01"
"1,46 : 522.12"
"1,47 : 485.72"
"1,48 : 750.94"
"1,49 : 572.6"
"1,50 : 364.02"
"1,51 : 337.29"
"1,52 : 412.62"
"1,53 : 627.76"
"1,54 : 1089.52"
"1,55 : 961.01"
"1,56 : 713.79"
"1,57 : 592.42"
"1,58 : 660.93"
"1,59 : 841.46"
"1,60 : 429.66"
"1,61 : 365.69"
"1,62 : 305.66"
"1,63 : 950.49"
"1,64 : 287.14"
"1,65 : 968.48"
"1,66 : 905.14"
"1,67 : 368.08"
"1,68 : 260.89"
"1,69 : 661.97"
"1,70 : 200.04"
"1,71 : 634.24"
"1,72 : 270.22"
"1,73 : 454.34"
"1,74 : 731.13"
"1,75 : 638.6"
"1,76 : 681.42"
"1,77 : 395.92"
"1,78 : 890.5"
"1,79 : 976.92"
"1,80 : 840.61"
"1,81 : 422.01"
"1,82 : 806.31"
"1,83 : 215.67"
"1,84 : 718.01"
"1,85 : 678.62"
"1,86 : 656.25"
"1,87 : 539.16"
"1,88 : 494.02"
"1,89 : 387.42"
"1,90 : 183.17"
"1,91 : 801.96"
"1,92 : 396.27"
"1,93 : 414.4"
"1,94 : 568.3"
"1,95 : 565.31"
"1,96 : 157.32"
"1,97 : 860.8"
"1,98 : 94.85"
"1,99 : 431.25"
"2,0 : 748.34"
"2,1 : 972.91"
"2,2 : 0.0"
"2,3 : 611.95"
"2,4 : 670.9"
"2,5 : 656.6"
"2,6 : 780.4"
"2,7 : 385.22"
"2,8 : 692.67"
"2,9 : 449.11"
"2,10 : 280.62"
"2,11 : 840.13"
"2,12 : 535.62"
"2,13 : 234.29"
"2,14 : 466.8"
"2,15 : 631.82"
"2,16 : 196.86"
"2,17 : 351.21"
"2,18 : 463.31"
"2,19 : 851.15"
"2,20 : 122.92"
"2,21 : 308.1"
"2,22 : 777.08"
"2,23 : 451.27"
"2,24 : 622.1"
"2,25 : 845.24"
"2,26 : 636.83"
"2,27 : 81.5"
"2,28 : 776.71"
"2,29 : 678.65"
"2,30 : 335.18"
"2,31 : 898.0"
"2,32 : 656.89"
"2,33 : 628.21"
"2,34 : 289.88"
"2,35 : 670.87"
"2,36 : 448.0"
"2,37 : 764.16"
"2,38 : 148.12"
"2,39 : 463.28"
"2,40 : 764.2"
"2,41 : 758.75"
"2,42 : 876.3"
"2,43 : 503.4"
"2,44 : 753.06"
"2,45 : 1012.95"
"2,46 : 774.47"
"2,47 : 607.74"
"2,48 : 644.26"
"2,49 : 571.72"
"2,50 : 639.79"
"2,51 : 649.12"
"2,52 : 725.63"
"2,53 : 611.49"
"2,54 : 342.84"
"2,55 : 399.53"
"2,56 : 745.16"
"2,57 : 504.29"
"2,58 : 520.51"
"2,59 : 244.47"
"2,60 : 822.98"
"2,61 : 881.46"
"2,62 : 687.48"
"2,63 : 250.17"
"2,64 : 774.83"
"2,65 : 113.15"
"2,66 : 336.01"
"2,67 : 604.99"
"2,68 : 1020.92"
"2,69 : 591.76"
"2,70 : 923.59"
"2,71 : 887.97"
"2,72 : 899.74"
"2,73 : 857.73"
"2,74 : 569.78"
"2,75 : 347.81"
"2,76 : 382.61"
"2,77 : 783.37"
"2,78 : 92.7"
"2,79 : 315.79"
"2,80 : 518.81"
"2,81 : 601.04"
"2,82 : 410.86"
"2,83 : 852.77"
"2,84 : 637.34"
"2,85 : 364.58"
"2,86 : 316.85"
"2,87 : 712.9"
"2,88 : 751.69"
"2,89 : 618.03"
"2,90 : 854.06"
"2,91 : 235.31"
"2,92 : 735.02"
"2,93 : 566.86"
"2,94 : 405.53"
"2,95 : 632.62"
"2,96 : 937.5"
"2,97 : 249.69"
"2,98 : 909.78"
"2,99 : 643.09"
"3,0 : 833.61"
"3,1 : 885.13"
"3,2 : 611.95"
"3,3 : 0.0"
"3,4 : 976.61"
"3,5 : 872.34"
"3,6 : 1153.23"
"3,7 : 701.79"
"3,8 : 1057.36"
"3,9 : 918.53"
"3,10 : 417.17"
"3,11 : 826.49"
"3,12 : 134.36"
"3,13 : 836.0"
"3,14 : 606.01"
"3,15 : 938.87"
"3,16 : 650.17"
"3,17 : 267.86"
"3,18 : 534.9"
"3,19 : 611.13"
"3,20 : 532.2"
"3,21 : 831.56"
"3,22 : 759.03"
"3,23 : 834.96"
"3,24 : 487.12"
"3,25 : 1081.92"
"3,26 : 604.75"
"3,27 : 691.88"
"3,28 : 623.65"
"3,29 : 700.03"
"3,30 : 922.29"
"3,31 : 662.81"
"3,32 : 953.65"
"3,33 : 175.93"
"3,34 : 404.48"
"3,35 : 600.48"
"3,36 : 172.17"
"3,37 : 739.8"
"3,38 : 465.7"
"3,39 : 743.66"
"3,40 : 571.05"
"3,41 : 991.45"
"3,42 : 834.86"
"3,43 : 273.47"
"3,44 : 742.07"
"3,45 : 862.96"
"3,46 : 1031.78"
"3,47 : 841.15"
"3,48 : 1051.56"
"3,49 : 872.81"
"3,50 : 752.21"
"3,51 : 596.31"
"3,52 : 474.98"
"3,53 : 257.42"
"3,54 : 946.0"
"3,55 : 241.12"
"3,56 : 1114.14"
"3,57 : 334.95"
"3,58 : 886.5"
"3,59 : 376.26"
"3,60 : 499.03"
"3,61 : 582.02"
"3,62 : 608.68"
"3,63 : 820.81"
"3,64 : 598.21"
"3,65 : 710.06"
"3,66 : 279.09"
"3,67 : 644.56"
"3,68 : 766.05"
"3,69 : 954.74"
"3,70 : 965.95"
"3,71 : 1183.91"
"3,72 : 988.24"
"3,73 : 1062.32"
"3,74 : 977.23"
"3,75 : 472.63"
"3,76 : 344.22"
"3,77 : 960.95"
"3,78 : 541.01"
"3,79 : 888.31"
"3,80 : 994.15"
"3,81 : 495.12"
"3,82 : 215.14"
"3,83 : 906.56"
"3,84 : 171.66"
"3,85 : 725.4"
"3,86 : 538.54"
"3,87 : 987.7"
"3,88 : 994.59"
"3,89 : 535.93"
"3,90 : 883.01"
"3,91 : 410.26"
"3,92 : 912.48"
"3,93 : 673.38"
"3,94 : 540.69"
"3,95 : 319.82"
"3,96 : 951.76"
"3,97 : 365.07"
"3,98 : 791.33"
"3,99 : 835.16"
"4,0 : 307.18"
"4,1 : 582.28"
"4,2 : 670.9"
"4,3 : 976.61"
"4,4 : 0.0"
"4,5 : 142.17"
"4,6 : 188.94"
"4,7 : 307.16"
"4,8 : 110.03"
"4,9 : 292.91"
"4,10 : 600.38"
"4,11 : 444.53"
"4,12 : 843.51"
"4,13 : 593.74"
"4,14 : 371.94"
"4,15 : 40.82"
"4,16 : 475.99"
"4,17 : 841.64"
"4,18 : 445.09"
"4,19 : 700.21"
"4,20 : 773.79"
"4,21 : 420.46"
"4,22 : 436.17"
"4,23 : 222.04"
"4,24 : 574.17"
"4,25 : 184.2"
"4,26 : 460.82"
"4,27 : 646.16"
"4,28 : 589.02"
"4,29 : 390.06"
"4,30 : 542.64"
"4,31 : 711.45"
"4,32 : 23.77"
"4,33 : 859.79"
"4,34 : 609.48"
"4,35 : 496.76"
"4,36 : 896.9"
"4,37 : 442.11"
"4,38 : 728.11"
"4,39 : 241.48"
"4,40 : 630.15"
"4,41 : 123.98"
"4,42 : 488.38"
"4,43 : 710.68"
"4,44 : 425.4"
"4,45 : 671.0"
"4,46 : 112.97"
"4,47 : 146.16"
"4,48 : 169.1"
"4,49 : 108.6"
"4,50 : 287.7"
"4,51 : 481.04"
"4,52 : 684.69"
"4,53 : 779.96"
"4,54 : 609.33"
"4,55 : 901.75"
"4,56 : 153.73"
"4,57 : 654.11"
"4,58 : 155.12"
"4,59 : 702.16"
"4,60 : 779.21"
"4,61 : 774.03"
"4,62 : 504.2"
"4,63 : 511.41"
"4,64 : 614.16"
"4,65 : 601.97"
"4,66 : 821.37"
"4,67 : 389.72"
"4,68 : 790.08"
"4,69 : 102.32"
"4,70 : 415.12"
"4,71 : 222.52"
"4,72 : 352.86"
"4,73 : 215.06"
"4,74 : 168.12"
"4,75 : 513.37"
"4,76 : 637.63"
"4,77 : 198.17"
"4,78 : 632.49"
"4,79 : 502.87"
"4,80 : 287.16"
"4,81 : 550.02"
"4,82 : 788.56"
"4,83 : 370.09"
"4,84 : 870.87"
"4,85 : 311.62"
"4,86 : 461.84"
"4,87 : 55.01"
"4,88 : 109.42"
"4,89 : 520.25"
"4,90 : 399.43"
"4,91 : 648.1"
"4,92 : 186.07"
"4,93 : 330.8"
"4,94 : 436.73"
"4,95 : 742.08"
"4,96 : 452.82"
"4,97 : 725.68"
"4,98 : 587.73"
"4,99 : 181.1"
"5,0 : 172.71"
"5,1 : 455.41"
"5,2 : 656.6"
"5,3 : 872.34"
"5,4 : 142.17"
"5,5 : 0.0"
"5,6 : 327.45"
"5,7 : 271.41"
"5,8 : 251.96"
"5,9 : 366.54"
"5,10 : 528.17"
"5,11 : 311.82"
"5,12 : 738.03"
"5,13 : 630.24"
"5,14 : 270.34"
"5,15 : 128.08"
"5,16 : 461.0"
"5,17 : 768.03"
"5,18 : 338.02"
"5,19 : 558.09"
"5,20 : 744.23"
"5,21 : 461.31"
"5,22 : 296.18"
"5,23 : 253.13"
"5,24 : 441.96"
"5,25 : 213.58"
"5,26 : 323.64"
"5,27 : 649.17"
"5,28 : 447.0"
"5,29 : 248.39"
"5,30 : 601.71"
"5,31 : 569.5"
"5,32 : 121.06"
"5,33 : 742.57"
"5,34 : 535.06"
"5,35 : 357.53"
"5,36 : 811.31"
"5,37 : 301.04"
"5,38 : 685.0"
"5,39 : 193.37"
"5,40 : 489.07"
"5,41 : 120.6"
"5,42 : 356.75"
"5,43 : 600.68"
"5,44 : 284.18"
"5,45 : 539.47"
"5,46 : 159.55"
"5,47 : 49.04"
"5,48 : 302.0"
"5,49 : 121.51"
"5,50 : 147.49"
"5,51 : 343.19"
"5,52 : 547.4"
"5,53 : 659.22"
"5,54 : 668.68"
"5,55 : 826.11"
"5,56 : 294.44"
"5,57 : 541.15"
"5,58 : 211.52"
"5,59 : 637.84"
"5,60 : 639.4"
"5,61 : 632.16"
"5,62 : 364.03"
"5,63 : 547.44"
"5,64 : 472.47"
"5,65 : 609.39"
"5,66 : 748.47"
"5,67 : 255.03"
"5,68 : 650.6"
"5,69 : 206.89"
"5,70 : 312.13"
"5,71 : 313.0"
"5,72 : 264.01"
"5,73 : 208.46"
"5,74 : 275.73"
"5,75 : 430.29"
"5,76 : 544.92"
"5,77 : 127.06"
"5,78 : 600.72"
"5,79 : 556.34"
"5,80 : 386.68"
"5,81 : 419.44"
"5,82 : 698.85"
"5,83 : 253.93"
"5,84 : 753.33"
"5,85 : 295.9"
"5,86 : 394.08"
"5,87 : 124.31"
"5,88 : 122.33"
"5,89 : 386.7"
"5,90 : 276.82"
"5,91 : 584.58"
"5,92 : 82.28"
"5,93 : 203.94"
"5,94 : 345.59"
"5,95 : 616.47"
"5,96 : 343.29"
"5,97 : 661.51"
"5,98 : 451.25"
"5,99 : 41.11"
"6,0 : 478.85"
"6,1 : 735.9"
"6,2 : 780.4"
"6,3 : 1153.23"
"6,4 : 188.94"
"6,5 : 327.45"
"6,6 : 0.0"
"6,7 : 460.78"
"6,8 : 96.54"
"6,9 : 341.08"
"6,10 : 761.06"
"6,11 : 609.47"
"6,12 : 1021.63"
"6,13 : 650.32"
"6,14 : 554.11"
"6,15 : 219.86"
"6,16 : 597.73"
"6,17 : 998.44"
"6,18 : 627.89"
"6,19 : 883.51"
"6,20 : 894.3"
"6,21 : 488.94"
"6,22 : 612.12"
"6,23 : 341.55"
"6,24 : 763.05"
"6,25 : 245.18"
"6,26 : 649.34"
"6,27 : 738.89"
"6,28 : 773.14"
"6,29 : 575.54"
"6,30 : 572.54"
"6,31 : 891.3"
"6,32 : 212.51"
"6,33 : 1043.81"
"6,34 : 771.41"
"6,35 : 684.57"
"6,36 : 1061.8"
"6,37 : 620.32"
"6,38 : 862.44"
"6,39 : 409.7"
"6,40 : 816.44"
"6,41 : 258.15"
"6,42 : 650.74"
"6,43 : 892.03"
"6,44 : 604.16"
"6,45 : 829.55"
"6,46 : 213.8"
"6,47 : 335.04"
"6,48 : 139.28"
"6,49 : 281.89"
"6,50 : 474.75"
"6,51 : 669.4"
"6,52 : 873.31"
"6,53 : 965.7"
"6,54 : 633.2"
"6,55 : 1059.25"
"6,56 : 39.2"
"6,57 : 837.21"
"6,58 : 276.63"
"6,59 : 854.56"
"6,60 : 966.76"
"6,61 : 958.52"
"6,62 : 691.42"
"6,63 : 575.56"
"6,64 : 799.33"
"6,65 : 692.48"
"6,66 : 977.94"
"6,67 : 578.56"
"6,68 : 961.83"
"6,69 : 202.95"
"6,70 : 548.86"
"6,71 : 164.58"
"6,72 : 478.77"
"6,73 : 298.08"
"6,74 : 210.64"
"6,75 : 683.2"
"6,76 : 810.48"
"6,77 : 340.31"
"6,78 : 760.22"
"6,79 : 544.76"
"6,80 : 291.55"
"6,81 : 738.77"
"6,82 : 957.52"
"6,83 : 520.32"
"6,84 : 1055.0"
"6,85 : 451.03"
"6,86 : 624.33"
"6,87 : 208.01"
"6,88 : 243.58"
"6,89 : 709.19"
"6,90 : 554.45"
"6,91 : 801.29"
"6,92 : 350.18"
"6,93 : 519.53"
"6,94 : 612.89"
"6,95 : 929.55"
"6,96 : 590.88"
"6,97 : 877.42"
"6,98 : 755.41"
"6,99 : 367.84"
"7,0 : 378.65"
"7,1 : 636.95"
"7,2 : 385.22"
"7,3 : 701.79"
"7,4 : 307.16"
"7,5 : 271.41"
"7,6 : 460.78"
"7,7 : 0.0"
"7,8 : 364.36"
"7,9 : 243.53"
"7,10 : 300.29"
"7,11 : 492.26"
"7,12 : 574.49"
"7,13 : 390.8"
"7,14 : 165.28"
"7,15 : 266.34"
"7,16 : 190.52"
"7,17 : 538.61"
"7,18 : 222.89"
"7,19 : 611.4"
"7,20 : 475.43"
"7,21 : 246.76"
"7,22 : 441.07"
"7,23 : 134.41"
"7,24 : 408.98"
"7,25 : 467.23"
"7,26 : 349.91"
"7,27 : 382.1"
"7,28 : 508.91"
"7,29 : 346.9"
"7,30 : 395.48"
"7,31 : 644.33"
"7,32 : 288.53"
"7,33 : 614.83"
"7,34 : 310.76"
"7,35 : 392.56"
"7,36 : 601.26"
"7,37 : 433.54"
"7,38 : 422.85"
"7,39 : 78.06"
"7,40 : 523.32"
"7,41 : 377.4"
"7,42 : 534.18"
"7,43 : 457.04"
"7,44 : 418.71"
"7,45 : 697.83"
"7,46 : 398.9"
"7,47 : 222.65"
"7,48 : 350.05"
"7,49 : 199.48"
"7,50 : 276.47"
"7,51 : 369.42"
"7,52 : 534.13"
"7,53 : 548.86"
"7,54 : 456.79"
"7,55 : 599.27"
"7,56 : 421.72"
"7,57 : 411.82"
"7,58 : 186.23"
"7,59 : 396.53"
"7,60 : 641.07"
"7,61 : 668.38"
"7,62 : 407.57"
"7,63 : 313.91"
"7,64 : 520.91"
"7,65 : 345.4"
"7,66 : 518.16"
"7,67 : 288.62"
"7,68 : 755.15"
"7,69 : 258.04"
"7,70 : 551.27"
"7,71 : 529.64"
"7,72 : 519.76"
"7,73 : 474.85"
"7,74 : 275.49"
"7,75 : 229.51"
"7,76 : 357.78"
"7,77 : 398.15"
"7,78 : 332.03"
"7,79 : 346.56"
"7,80 : 310.71"
"7,81 : 381.34"
"7,82 : 499.01"
"7,83 : 482.31"
"7,84 : 626.23"
"7,85 : 44.94"
"7,86 : 164.76"
"7,87 : 339.7"
"7,88 : 371.97"
"7,89 : 372.34"
"7,90 : 490.32"
"7,91 : 342.65"
"7,92 : 350.09"
"7,93 : 227.01"
"7,94 : 179.63"
"7,95 : 529.34"
"7,96 : 571.22"
"7,97 : 419.85"
"7,98 : 595.08"
"7,99 : 259.11"
"8,0 : 416.2"
"8,1 : 687.52"
"8,2 : 692.67"
"8,3 : 1057.36"
"8,4 : 110.03"
"8,5 : 251.96"
"8,6 : 96.54"
"8,7 : 364.36"
"8,8 : 0.0"
"8,9 : 266.0"
"8,10 : 664.61"
"8,11 : 552.48"
"8,12 : 926.1"
"8,13 : 578.34"
"8,14 : 460.57"
"8,15 : 131.53"
"8,16 : 506.19"
"8,17 : 902.34"
"8,18 : 534.39"
"8,19 : 809.63"
"8,20 : 804.25"
"8,21 : 410.72"
"8,22 : 546.05"
"8,23 : 247.68"
"8,24 : 676.29"
"8,25 : 236.86"
"8,26 : 566.63"
"8,27 : 655.61"
"8,28 : 698.29"
"8,29 : 499.06"
"8,30 : 510.0"
"8,31 : 821.41"
"8,32 : 131.14"
"8,33 : 950.29"
"8,34 : 674.91"
"8,35 : 603.75"
"8,36 : 965.27"
"8,37 : 552.12"
"8,38 : 769.37"
"8,39 : 313.7"
"8,40 : 738.36"
"8,41 : 213.56"
"8,42 : 595.81"
"8,43 : 797.5"
"8,44 : 535.42"
"8,45 : 777.86"
"8,46 : 181.04"
"8,47 : 250.46"
"8,48 : 80.5"
"8,49 : 188.31"
"8,50 : 396.03"
"8,51 : 587.18"
"8,52 : 789.84"
"8,53 : 873.34"
"8,54 : 573.94"
"8,55 : 963.12"
"8,56 : 57.38"
"8,57 : 743.44"
"8,58 : 181.18"
"8,59 : 758.78"
"8,60 : 886.18"
"8,61 : 883.04"
"8,62 : 611.84"
"8,63 : 500.07"
"8,64 : 723.0"
"8,65 : 609.57"
"8,66 : 881.84"
"8,67 : 494.56"
"8,68 : 899.72"
"8,69 : 106.96"
"8,70 : 512.34"
"8,71 : 209.0"
"8,72 : 446.05"
"8,73 : 282.71"
"8,74 : 128.41"
"8,75 : 586.85"
"8,76 : 714.3"
"8,77 : 295.34"
"8,78 : 668.17"
"8,79 : 477.03"
"8,80 : 232.21"
"8,81 : 651.27"
"8,82 : 861.02"
"8,83 : 473.19"
"8,84 : 961.53"
"8,85 : 355.69"
"8,86 : 527.8"
"8,87 : 148.5"
"8,88 : 197.75"
"8,89 : 623.51"
"8,90 : 504.35"
"8,91 : 705.37"
"8,92 : 292.02"
"8,93 : 432.63"
"8,94 : 517.42"
"8,95 : 838.96"
"8,96 : 552.06"
"8,97 : 781.72"
"8,98 : 696.57"
"8,99 : 290.14"
"9,0 : 529.68"
"9,1 : 811.85"
"9,2 : 449.11"
"9,3 : 918.53"
"9,4 : 292.91"
"9,5 : 366.54"
"9,6 : 341.08"
"9,7 : 243.53"
"9,8 : 266.0"
"9,9 : 0.0"
"9,10 : 501.94"
"9,11 : 664.35"
"9,12 : 798.49"
"9,13 : 312.35"
"9,14 : 404.21"
"9,15 : 267.35"
"9,16 : 287.61"
"9,17 : 716.67"
"9,18 : 466.18"
"9,19 : 840.24"
"9,20 : 568.34"
"9,21 : 148.06"
"9,22 : 629.83"
"9,23 : 130.6"
"9,24 : 649.56"
"9,25 : 475.2"
"9,26 : 576.2"
"9,27 : 400.28"
"9,28 : 732.7"
"9,29 : 548.73"
"9,30 : 250.12"
"9,31 : 867.72"
"9,32 : 291.73"
"9,33 : 849.79"
"9,34 : 514.42"
"9,35 : 619.03"
"9,36 : 795.31"
"9,37 : 627.64"
"9,38 : 551.22"
"9,39 : 257.75"
"9,40 : 754.84"
"9,41 : 413.18"
"9,42 : 709.37"
"9,43 : 691.86"
"9,44 : 611.01"
"9,45 : 887.44"
"9,46 : 405.38"
"9,47 : 328.21"
"9,48 : 201.82"
"9,49 : 245.05"
"9,50 : 454.67"
"9,51 : 596.94"
"9,52 : 774.47"
"9,53 : 788.6"
"9,54 : 316.54"
"9,55 : 776.65"
"9,56 : 310.1"
"9,57 : 651.16"
"9,58 : 155.21"
"9,59 : 571.09"
"9,60 : 880.74"
"9,61 : 902.29"
"9,62 : 632.48"
"9,63 : 234.96"
"9,64 : 748.84"
"9,65 : 353.76"
"9,66 : 696.53"
"9,67 : 507.24"
"9,68 : 970.35"
"9,69 : 191.13"
"9,70 : 678.4"
"9,71 : 474.56"
"9,72 : 626.08"
"9,73 : 507.88"
"9,74 : 138.06"
"9,75 : 458.22"
"9,76 : 581.6"
"9,77 : 474.57"
"9,78 : 445.66"
"9,79 : 212.76"
"9,80 : 76.54"
"9,81 : 621.91"
"9,82 : 706.4"
"9,83 : 619.88"
"9,84 : 861.13"
"9,85 : 205.16"
"9,86 : 386.74"
"9,87 : 347.22"
"9,88 : 400.05"
"9,89 : 609.02"
"9,90 : 640.18"
"9,91 : 522.67"
"9,92 : 443.8"
"9,93 : 439.14"
"9,94 : 422.0"
"9,95 : 772.01"
"9,96 : 709.72"
"9,97 : 591.49"
"9,98 : 790.07"
"9,99 : 382.58"
"10,0 : 559.8"
"10,1 : 735.64"
"10,2 : 280.62"
"10,3 : 417.17"
"10,4 : 600.38"
"10,5 : 528.17"
"10,6 : 761.06"
"10,7 : 300.29"
"10,8 : 664.61"
"10,9 : 501.94"
"10,10 : 0.0"
"10,11 : 619.05"
"10,12 : 303.59"
"10,13 : 456.04"
"10,14 : 269.26"
"10,15 : 560.04"
"10,16 : 238.21"
"10,17 : 241.68"
"10,18 : 229.02"
"10,19 : 577.17"
"10,20 : 287.45"
"10,21 : 418.43"
"10,22 : 550.01"
"10,23 : 427.48"
"10,24 : 350.54"
"10,25 : 740.41"
"10,26 : 391.86"
"10,27 : 340.94"
"10,28 : 513.05"
"10,29 : 457.09"
"10,30 : 525.44"
"10,31 : 626.17"
"10,32 : 579.57"
"10,33 : 375.21"
"10,34 : 13.04"
"10,35 : 418.27"
"10,36 : 301.27"
"10,37 : 533.94"
"10,38 : 201.12"
"10,39 : 358.91"
"10,40 : 492.93"
"10,41 : 647.17"
"10,42 : 648.12"
"10,43 : 231.28"
"10,44 : 526.52"
"10,45 : 761.17"
"10,46 : 678.4"
"10,47 : 485.97"
"10,48 : 647.15"
"10,49 : 491.92"
"10,50 : 453.84"
"10,51 : 399.22"
"10,52 : 446.66"
"10,53 : 340.82"
"10,54 : 561.42"
"10,55 : 301.44"
"10,56 : 721.98"
"10,57 : 224.24"
"10,58 : 485.91"
"10,59 : 113.16"
"10,60 : 542.52"
"10,61 : 602.74"
"10,62 : 434.2"
"10,63 : 421.52"
"10,64 : 506.74"
"10,65 : 339.56"
"10,66 : 221.62"
"10,67 : 382.0"
"10,68 : 749.8"
"10,69 : 558.32"
"10,70 : 728.39"
"10,71 : 820.4"
"10,72 : 722.61"
"10,73 : 735.52"
"10,74 : 570.55"
"10,75 : 104.24"
"10,76 : 105.7"
"10,77 : 642.52"
"10,78 : 187.97"
"10,79 : 485.81"
"10,80 : 577.92"
"10,81 : 332.77"
"10,82 : 204.59"
"10,83 : 658.12"
"10,84 : 385.75"
"10,85 : 315.63"
"10,86 : 138.54"
"10,87 : 624.42"
"10,88 : 645.75"
"10,89 : 356.87"
"10,90 : 649.56"
"10,91 : 66.48"
"10,92 : 590.89"
"10,93 : 368.95"
"10,94 : 190.39"
"10,95 : 354.66"
"10,96 : 732.17"
"10,97 : 136.06"
"10,98 : 661.25"
"10,99 : 499.76"
"11,0 : 139.12"
"11,1 : 147.79"
"11,2 : 840.13"
"11,3 : 826.49"
"11,4 : 444.53"
"11,5 : 311.82"
"11,6 : 609.47"
"11,7 : 492.26"
"11,8 : 552.48"
"11,9 : 664.35"
"11,10 : 619.05"
"11,11 : 0.0"
"11,12 : 701.4"
"11,13 : 883.01"
"11,14 : 373.36"
"11,15 : 438.79"
"11,16 : 666.89"
"11,17 : 821.61"
"11,18 : 390.95"
"11,19 : 314.42"
"11,20 : 894.02"
"11,21 : 729.82"
"11,22 : 70.86"
"11,23 : 538.19"
"11,24 : 339.95"
"11,25 : 397.06"
"11,26 : 235.92"
"11,27 : 859.08"
"11,28 : 227.56"
"11,29 : 163.25"
"11,30 : 878.09"
"11,31 : 302.88"
"11,32 : 427.31"
"11,33 : 660.8"
"11,34 : 619.43"
"11,35 : 228.04"
"11,36 : 828.74"
"11,37 : 89.27"
"11,38 : 815.03"
"11,39 : 429.85"
"11,40 : 286.02"
"11,41 : 351.72"
"11,42 : 45.22"
"11,43 : 567.63"
"11,44 : 93.09"
"11,45 : 227.66"
"11,46 : 398.33"
"11,47 : 339.33"
"11,48 : 611.49"
"11,49 : 426.6"
"11,50 : 217.2"
"11,51 : 237.2"
"11,52 : 379.39"
"11,53 : 572.79"
"11,54 : 942.69"
"11,55 : 868.87"
"11,56 : 583.89"
"11,57 : 508.41"
"11,58 : 514.2"
"11,59 : 729.13"
"11,60 : 432.42"
"11,61 : 391.62"
"11,62 : 218.23"
"11,63 : 804.94"
"11,64 : 258.91"
"11,65 : 828.62"
"11,66 : 805.93"
"11,67 : 238.73"
"11,68 : 353.75"
"11,69 : 518.68"
"11,70 : 143.84"
"11,71 : 527.52"
"11,72 : 189.4"
"11,73 : 349.45"
"11,74 : 587.08"
"11,75 : 517.62"
"11,76 : 579.22"
"11,77 : 271.74"
"11,78 : 761.34"
"11,79 : 829.91"
"11,80 : 694.63"
"11,81 : 335.84"
"11,82 : 717.08"
"11,83 : 106.63"
"11,84 : 669.02"
"11,85 : 533.07"
"11,86 : 525.83"
"11,87 : 405.82"
"11,88 : 365.95"
"11,89 : 296.07"
"11,90 : 70.21"
"11,91 : 685.41"
"11,92 : 261.01"
"11,93 : 274.64"
"11,94 : 440.51"
"11,95 : 513.16"
"11,96 : 125.3"
"11,97 : 750.01"
"11,98 : 146.11"
"11,99 : 285.12"
"12,0 : 701.7"
"12,1 : 770.02"
"12,2 : 535.62"
"12,3 : 134.36"
"12,4 : 843.51"
"12,5 : 738.03"
"12,6 : 1021.63"
"12,7 : 574.49"
"12,8 : 926.1"
"12,9 : 798.49"
"12,10 : 303.59"
"12,11 : 701.4"
"12,12 : 0.0"
"12,13 : 746.2"
"12,14 : 472.3"
"12,15 : 806.13"
"12,16 : 541.55"
"12,17 : 231.95"
"12,18 : 400.78"
"12,19 : 512.28"
"12,20 : 478.07"
"12,21 : 722.01"
"12,22 : 632.67"
"12,23 : 708.54"
"12,24 : 361.57"
"12,25 : 947.59"
"12,26 : 474.87"
"12,27 : 611.44"
"12,28 : 508.76"
"12,29 : 569.2"
"12,30 : 824.51"
"12,31 : 565.55"
"12,32 : 820.44"
"12,33 : 106.3"
"12,34 : 290.55"
"12,35 : 473.77"
"12,36 : 168.08"
"12,37 : 613.48"
"12,38 : 398.53"
"12,39 : 612.64"
"12,40 : 460.18"
"12,41 : 857.09"
"12,42 : 712.79"
"12,43 : 139.81"
"12,44 : 614.64"
"12,45 : 756.71"
"12,46 : 897.49"
"12,47 : 707.15"
"12,48 : 923.06"
"12,49 : 740.53"
"12,50 : 618.42"
"12,51 : 467.79"
"12,52 : 369.14"
"12,53 : 151.95"
"12,54 : 854.86"
"12,55 : 237.78"
"12,56 : 982.62"
"12,57 : 201.6"
"12,58 : 757.58"
"12,59 : 291.2"
"12,60 : 415.1"
"12,61 : 496.41"
"12,62 : 483.18"
"12,63 : 721.16"
"12,64 : 485.92"
"12,65 : 622.58"
"12,66 : 233.31"
"12,67 : 511.64"
"12,68 : 677.61"
"12,69 : 824.52"
"12,70 : 838.67"
"12,71 : 1049.75"
"12,72 : 858.09"
"12,73 : 928.3"
"12,74 : 849.79"
"12,75 : 345.08"
"12,76 : 217.61"
"12,77 : 827.05"
"12,78 : 454.21"
"12,79 : 787.01"
"12,80 : 873.16"
"12,81 : 366.78"
"12,82 : 126.21"
"12,83 : 777.53"
"12,84 : 111.76"
"12,85 : 600.79"
"12,86 : 413.7"
"12,87 : 853.76"
"12,88 : 860.26"
"12,89 : 407.43"
"12,90 : 755.41"
"12,91 : 311.97"
"12,92 : 778.39"
"12,93 : 539.13"
"12,94 : 408.74"
"12,95 : 212.02"
"12,96 : 826.62"
"12,97 : 287.34"
"12,98 : 677.89"
"12,99 : 700.8"
"13,0 : 765.25"
"13,1 : 1027.64"
"13,2 : 234.29"
"13,3 : 836.0"
"13,4 : 593.74"
"13,5 : 630.24"
"13,6 : 650.32"
"13,7 : 390.8"
"13,8 : 578.34"
"13,9 : 312.35"
"13,10 : 456.04"
"13,11 : 883.01"
"13,12 : 746.2"
"13,13 : 0.0"
"13,14 : 534.03"
"13,15 : 561.44"
"13,16 : 242.42"
"13,17 : 582.22"
"13,18 : 562.1"
"13,19 : 970.93"
"13,20 : 349.54"
"13,21 : 173.4"
"13,22 : 831.17"
"13,23 : 381.06"
"13,24 : 747.24"
"13,25 : 777.92"
"13,26 : 723.37"
"13,27 : 154.0"
"13,28 : 878.94"
"13,29 : 735.44"
"13,30 : 107.45"
"13,31 : 1011.01"
"13,32 : 587.34"
"13,33 : 828.9"
"13,34 : 468.27"
"13,35 : 763.81"
"13,36 : 677.57"
"13,37 : 822.8"
"13,38 : 380.42"
"13,39 : 456.67"
"13,40 : 881.14"
"13,41 : 705.35"
"13,42 : 924.97"
"13,43 : 686.93"
"13,44 : 808.45"
"13,45 : 1086.04"
"13,46 : 706.32"
"13,47 : 583.28"
"13,48 : 511.62"
"13,49 : 518.56"
"13,50 : 666.62"
"13,51 : 740.44"
"13,52 : 865.52"
"13,53 : 796.28"
"13,54 : 110.11"
"13,55 : 632.81"
"13,56 : 621.31"
"13,57 : 671.54"
"13,58 : 440.53"
"13,59 : 460.28"
"13,60 : 970.34"
"13,61 : 1015.69"
"13,62 : 780.01"
"13,63 : 83.2"
"13,64 : 884.97"
"13,65 : 126.19"
"13,66 : 565.78"
"13,67 : 671.51"
"13,68 : 1128.61"
"13,69 : 496.36"
"13,70 : 933.41"
"13,71 : 786.72"
"13,72 : 893.15"
"13,73 : 804.25"
"13,74 : 450.21"
"13,75 : 480.61"
"13,76 : 561.06"
"13,77 : 752.88"
"13,78 : 295.04"
"13,79 : 109.59"
"13,80 : 361.0"
"13,81 : 721.84"
"13,82 : 626.55"
"13,83 : 866.83"
"13,84 : 839.03"
"13,85 : 350.41"
"13,86 : 421.02"
"13,87 : 645.23"
"13,88 : 694.26"
"13,89 : 726.75"
"13,90 : 878.12"
"13,91 : 434.31"
"13,92 : 712.47"
"13,93 : 615.21"
"13,94 : 501.79"
"13,95 : 804.31"
"13,96 : 957.06"
"13,97 : 471.03"
"13,98 : 982.51"
"13,99 : 631.56"
"14,0 : 293.49"
"14,1 : 507.9"
"14,2 : 466.8"
"14,3 : 606.01"
"14,4 : 371.94"
"14,5 : 270.34"
"14,6 : 554.11"
"14,7 : 165.28"
"14,8 : 460.57"
"14,9 : 404.21"
"14,10 : 269.26"
"14,11 : 373.36"
"14,12 : 472.3"
"14,13 : 534.03"
"14,14 : 0.0"
"14,15 : 335.65"
"14,16 : 301.2"
"14,17 : 502.94"
"14,18 : 73.82"
"14,19 : 447.39"
"14,20 : 525.02"
"14,21 : 407.36"
"14,22 : 310.86"
"14,23 : 281.46"
"14,24 : 245.35"
"14,25 : 483.6"
"14,26 : 189.93"
"14,27 : 489.26"
"14,28 : 347.8"
"14,29 : 212.25"
"14,30 : 553.81"
"14,31 : 482.37"
"14,32 : 348.63"
"14,33 : 489.78"
"14,34 : 273.88"
"14,35 : 231.46"
"14,36 : 541.45"
"14,37 : 298.86"
"14,38 : 451.05"
"14,39 : 158.03"
"14,40 : 358.72"
"14,41 : 390.91"
"14,42 : 409.76"
"14,43 : 338.78"
"14,44 : 286.92"
"14,45 : 556.09"
"14,46 : 428.16"
"14,47 : 235.55"
"14,48 : 470.77"
"14,49 : 272.41"
"14,50 : 185.56"
"14,51 : 208.04"
"14,52 : 370.31"
"14,53 : 413.43"
"14,54 : 611.89"
"14,55 : 559.49"
"14,56 : 515.65"
"14,57 : 283.1"
"14,58 : 308.91"
"14,59 : 382.24"
"14,60 : 476.83"
"14,61 : 503.17"
"14,62 : 247.24"
"14,63 : 464.15"
"14,64 : 357.64"
"14,65 : 462.39"
"14,66 : 484.02"
"14,67 : 140.66"
"14,68 : 596.52"
"14,69 : 365.63"
"14,70 : 466.13"
"14,71 : 578.62"
"14,72 : 454.84"
"14,73 : 472.49"
"14,74 : 405.76"
"14,75 : 166.03"
"14,76 : 274.61"
"14,77 : 376.12"
"14,78 : 388.91"
"14,79 : 505.14"
"14,80 : 465.64"
"14,81 : 217.71"
"14,82 : 428.6"
"14,83 : 395.05"
"14,84 : 501.0"
"14,85 : 209.57"
"14,86 : 154.06"
"14,87 : 381.84"
"14,88 : 392.21"
"14,89 : 207.06"
"14,90 : 391.37"
"14,91 : 331.84"
"14,92 : 324.68"
"14,93 : 103.08"
"14,94 : 79.06"
"14,95 : 383.23"
"14,96 : 475.08"
"14,97 : 405.31"
"14,98 : 452.08"
"14,99 : 236.86"
"15,0 : 299.84"
"15,1 : 580.39"
"15,2 : 631.82"
"15,3 : 938.87"
"15,4 : 40.82"
"15,5 : 128.08"
"15,6 : 219.86"
"15,7 : 266.34"
"15,8 : 131.53"
"15,9 : 267.35"
"15,10 : 560.04"
"15,11 : 438.79"
"15,12 : 806.13"
"15,13 : 561.44"
"15,14 : 335.65"
"15,15 : 0.0"
"15,16 : 436.4"
"15,17 : 801.17"
"15,18 : 409.21"
"15,19 : 680.99"
"15,20 : 733.76"
"15,21 : 388.06"
"15,22 : 424.04"
"15,23 : 185.22"
"15,24 : 545.06"
"15,25 : 218.0"
"15,26 : 435.23"
"15,27 : 608.81"
"15,28 : 569.41"
"15,29 : 370.06"
"15,30 : 515.14"
"15,31 : 694.98"
"15,32 : 26.02"
"15,33 : 824.76"
"15,34 : 569.24"
"15,35 : 472.72"
"15,36 : 857.11"
"15,37 : 428.32"
"15,38 : 687.47"
"15,39 : 201.22"
"15,40 : 608.01"
"15,41 : 146.11"
"15,42 : 483.44"
"15,43 : 674.34"
"15,44 : 411.36"
"15,45 : 666.36"
"15,46 : 146.0"
"15,47 : 119.21"
"15,48 : 173.95"
"15,49 : 68.12"
"15,50 : 266.42"
"15,51 : 455.85"
"15,52 : 658.32"
"15,53 : 746.0"
"15,54 : 582.19"
"15,55 : 861.34"
"15,56 : 182.46"
"15,57 : 618.52"
"15,58 : 120.93"
"15,59 : 661.46"
"15,60 : 755.01"
"15,61 : 753.52"
"15,62 : 481.15"
"15,63 : 478.65"
"15,64 : 593.37"
"15,65 : 565.04"
"15,66 : 780.88"
"15,67 : 363.06"
"15,68 : 778.42"
"15,69 : 84.15"
"15,70 : 422.86"
"15,71 : 263.33"
"15,72 : 364.53"
"15,73 : 243.2"
"15,74 : 154.18"
"15,75 : 473.93"
"15,76 : 598.85"
"15,77 : 210.2"
"15,78 : 592.19"
"15,79 : 473.79"
"15,80 : 271.18"
"15,81 : 520.25"
"15,82 : 749.23"
"15,83 : 372.41"
"15,84 : 835.91"
"15,85 : 271.32"
"15,86 : 421.51"
"15,87 : 84.1"
"15,88 : 133.66"
"15,89 : 492.06"
"15,90 : 399.11"
"15,91 : 607.4"
"15,92 : 188.09"
"15,93 : 301.32"
"15,94 : 398.45"
"15,95 : 709.74"
"15,96 : 458.42"
"15,97 : 684.96"
"15,98 : 579.25"
"15,99 : 162.61"
"16,0 : 563.6"
"16,1 : 806.59"
"16,2 : 196.86"
"16,3 : 650.17"
"16,4 : 475.99"
"16,5 : 461.0"
"16,6 : 597.73"
"16,7 : 190.52"
"16,8 : 506.19"
"16,9 : 287.61"
"16,10 : 238.21"
"16,11 : 666.89"
"16,12 : 541.55"
"16,13 : 242.42"
"16,14 : 301.2"
"16,15 : 436.4"
"16,16 : 0.0"
"16,17 : 430.97"
"16,18 : 321.23"
"16,19 : 729.44"
"16,20 : 299.02"
"16,21 : 181.41"
"16,22 : 608.83"
"16,23 : 259.86"
"16,24 : 504.87"
"16,25 : 648.58"
"16,26 : 487.18"
"16,27 : 193.68"
"16,28 : 640.0"
"16,29 : 510.7"
"16,30 : 292.5"
"16,31 : 770.58"
"16,32 : 461.16"
"16,33 : 611.25"
"16,34 : 251.24"
"16,35 : 526.26"
"16,36 : 513.85"
"16,37 : 598.23"
"16,38 : 266.51"
"16,39 : 268.23"
"16,40 : 639.73"
"16,41 : 561.89"
"16,42 : 706.17"
"16,43 : 460.35"
"16,44 : 585.24"
"16,45 : 857.29"
"16,46 : 578.02"
"16,47 : 412.01"
"16,48 : 466.51"
"16,49 : 375.2"
"16,50 : 457.27"
"16,51 : 503.1"
"16,52 : 623.28"
"16,53 : 567.76"
"16,54 : 336.93"
"16,55 : 490.34"
"16,56 : 560.85"
"16,57 : 437.08"
"16,58 : 328.89"
"16,59 : 286.78"
"16,60 : 728.46"
"16,61 : 773.29"
"16,62 : 542.71"
"16,63 : 189.47"
"16,64 : 644.55"
"16,65 : 161.9"
"16,66 : 411.12"
"16,67 : 441.62"
"16,68 : 889.54"
"16,69 : 402.05"
"16,70 : 738.04"
"16,71 : 695.28"
"16,72 : 709.42"
"16,73 : 660.93"
"16,74 : 389.4"
"16,75 : 240.69"
"16,76 : 336.52"
"16,77 : 588.01"
"16,78 : 162.63"
"16,79 : 249.91"
"16,80 : 363.51"
"16,81 : 479.61"
"16,82 : 435.06"
"16,83 : 668.06"
"16,84 : 622.04"
"16,85 : 167.73"
"16,86 : 178.63"
"16,87 : 516.66"
"16,88 : 554.86"
"16,89 : 485.74"
"16,90 : 672.94"
"16,91 : 242.23"
"16,92 : 540.45"
"16,93 : 392.67"
"16,94 : 260.53"
"16,95 : 569.29"
"16,96 : 755.36"
"16,97 : 305.95"
"16,98 : 753.28"
"16,99 : 449.61"
"17,0 : 783.6"
"17,1 : 919.0"
"17,2 : 351.21"
"17,3 : 267.86"
"17,4 : 841.64"
"17,5 : 768.03"
"17,6 : 998.44"
"17,7 : 538.61"
"17,8 : 902.34"
"17,9 : 716.67"
"17,10 : 241.68"
"17,11 : 821.61"
"17,12 : 231.95"
"17,13 : 582.22"
"17,14 : 502.94"
"17,15 : 801.17"
"17,16 : 430.97"
"17,17 : 0.0"
"17,18 : 449.36"
"17,19 : 701.23"
"17,20 : 264.37"
"17,21 : 606.38"
"17,22 : 750.78"
"17,23 : 659.97"
"17,24 : 503.95"
"17,25 : 980.99"
"17,26 : 585.84"
"17,27 : 432.51"
"17,28 : 669.46"
"17,29 : 666.99"
"17,30 : 676.03"
"17,31 : 754.54"
"17,32 : 821.04"
"17,33 : 338.14"
"17,34 : 233.55"
"17,35 : 600.65"
"17,36 : 97.62"
"17,37 : 732.83"
"17,38 : 203.09"
"17,39 : 600.26"
"17,40 : 632.29"
"17,41 : 887.69"
"17,42 : 843.66"
"17,43 : 287.5"
"17,44 : 728.89"
"17,45 : 925.2"
"17,46 : 919.77"
"17,47 : 726.86"
"17,48 : 879.22"
"17,49 : 733.08"
"17,50 : 682.38"
"17,51 : 586.81"
"17,52 : 556.17"
"17,53 : 364.05"
"17,54 : 692.08"
"17,55 : 60.88"
"17,56 : 959.58"
"17,57 : 330.68"
"17,58 : 721.98"
"17,59 : 146.01"
"17,60 : 624.54"
"17,61 : 701.23"
"17,62 : 614.29"
"17,63 : 579.04"
"17,64 : 653.65"
"17,65 : 456.37"
"17,66 : 20.52"
"17,67 : 595.69"
"17,68 : 874.21"
"17,69 : 795.51"
"17,70 : 944.21"
"17,71 : 1062.04"
"17,72 : 947.01"
"17,73 : 974.16"
"17,74 : 801.67"
"17,75 : 338.14"
"17,76 : 242.84"
"17,77 : 879.01"
"17,78 : 292.77"
"17,79 : 647.45"
"17,80 : 793.1"
"17,81 : 497.02"
"17,82 : 123.31"
"17,83 : 876.08"
"17,84 : 343.65"
"17,85 : 548.39"
"17,86 : 380.0"
"17,87 : 866.09"
"17,88 : 886.71"
"17,89 : 532.27"
"17,90 : 862.33"
"17,91 : 197.65"
"17,92 : 827.49"
"17,93 : 596.69"
"17,94 : 424.44"
"17,95 : 412.44"
"17,96 : 942.01"
"17,97 : 125.2"
"17,98 : 834.01"
"17,99 : 737.99"
"18,0 : 334.71"
"18,1 : 513.6"
"18,2 : 463.31"
"18,3 : 534.9"
"18,4 : 445.09"
"18,5 : 338.02"
"18,6 : 627.89"
"18,7 : 222.89"
"18,8 : 534.39"
"18,9 : 466.18"
"18,10 : 229.02"
"18,11 : 390.95"
"18,12 : 400.78"
"18,13 : 562.1"
"18,14 : 73.82"
"18,15 : 409.21"
"18,16 : 321.23"
"18,17 : 449.36"
"18,18 : 0.0"
"18,19 : 408.89"
"18,20 : 504.81"
"18,21 : 452.13"
"18,22 : 322.89"
"18,23 : 348.32"
"18,24 : 190.28"
"18,25 : 549.7"
"18,26 : 173.53"
"18,27 : 497.54"
"18,28 : 319.56"
"18,29 : 228.32"
"18,30 : 594.04"
"18,31 : 449.36"
"18,32 : 421.68"
"18,33 : 415.96"
"18,34 : 230.56"
"18,35 : 208.57"
"18,36 : 479.4"
"18,37 : 307.71"
"18,38 : 424.26"
"18,39 : 229.3"
"18,40 : 319.08"
"18,41 : 457.96"
"18,42 : 421.9"
"18,43 : 265.71"
"18,44 : 299.11"
"18,45 : 549.65"
"18,46 : 497.16"
"18,47 : 306.42"
"18,48 : 543.54"
"18,49 : 346.23"
"18,50 : 233.47"
"18,51 : 186.25"
"18,52 : 314.49"
"18,53 : 339.95"
"18,54 : 648.25"
"18,55 : 503.42"
"18,56 : 589.46"
"18,57 : 209.35"
"18,58 : 380.5"
"18,59 : 340.92"
"18,60 : 421.71"
"18,61 : 456.95"
"18,62 : 225.21"
"18,63 : 498.68"
"18,64 : 323.32"
"18,65 : 476.71"
"18,66 : 431.43"
"18,67 : 153.03"
"18,68 : 568.69"
"18,69 : 438.93"
"18,70 : 500.14"
"18,71 : 649.01"
"18,72 : 498.2"
"18,73 : 534.88"
"18,74 : 477.15"
"18,75 : 126.67"
"18,76 : 212.06"
"18,77 : 435.87"
"18,78 : 377.89"
"18,79 : 546.24"
"18,80 : 531.06"
"18,81 : 163.25"
"18,82 : 365.3"
"18,83 : 430.35"
"18,84 : 427.18"
"18,85 : 264.37"
"18,86 : 148.69"
"18,87 : 453.06"
"18,88 : 460.35"
"18,89 : 164.66"
"18,90 : 420.69"
"18,91 : 295.04"
"18,92 : 385.24"
"18,93 : 148.07"
"18,94 : 60.83"
"18,95 : 311.72"
"18,96 : 503.17"
"18,97 : 362.79"
"18,98 : 446.66"
"18,99 : 302.08"
"19,0 : 412.33"
"19,1 : 299.61"
"19,2 : 851.15"
"19,3 : 611.13"
"19,4 : 700.21"
"19,5 : 558.09"
"19,6 : 883.51"
"19,7 : 611.4"
"19,8 : 809.63"
"19,9 : 840.24"
"19,10 : 577.17"
"19,11 : 314.42"
"19,12 : 512.28"
"19,13 : 970.93"
"19,14 : 447.39"
"19,15 : 680.99"
"19,16 : 729.44"
"19,17 : 701.23"
"19,18 : 408.89"
"19,19 : 0.0"
"19,20 : 861.84"
"19,21 : 854.59"
"19,22 : 280.13"
"19,23 : 710.68"
"19,24 : 229.19"
"19,25 : 699.0"
"19,26 : 264.07"
"19,27 : 897.2"
"19,28 : 111.65"
"19,29 : 310.93"
"19,30 : 999.98"
"19,31 : 53.6"
"19,32 : 678.5"
"19,33 : 435.24"
"19,34 : 570.93"
"19,35 : 221.21"
"19,36 : 672.02"
"19,37 : 267.71"
"19,38 : 772.99"
"19,39 : 582.52"
"19,40 : 89.81"
"19,41 : 636.83"
"19,42 : 295.1"
"19,43 : 413.77"
"19,44 : 282.45"
"19,45 : 255.2"
"19,46 : 685.48"
"19,47 : 563.1"
"19,48 : 851.38"
"19,49 : 643.46"
"19,50 : 414.65"
"19,51 : 243.46"
"19,52 : 145.53"
"19,53 : 361.0"
"19,54 : 1056.08"
"19,55 : 731.38"
"19,56 : 852.02"
"19,57 : 375.86"
"19,58 : 715.0"
"19,59 : 662.32"
"19,60 : 130.1"
"19,61 : 77.79"
"19,62 : 208.09"
"19,63 : 906.85"
"19,64 : 91.42"
"19,65 : 881.13"
"19,66 : 691.76"
"19,67 : 334.01"
"19,68 : 174.64"
"19,69 : 746.45"
"19,70 : 450.45"
"19,71 : 828.14"
"19,72 : 503.59"
"19,73 : 655.92"
"19,74 : 805.84"
"19,75 : 505.08"
"19,76 : 491.94"
"19,77 : 566.22"
"19,78 : 759.64"
"19,79 : 951.58"
"19,80 : 891.74"
"19,81 : 251.77"
"19,82 : 579.24"
"19,83 : 420.67"
"19,84 : 439.68"
"19,85 : 656.19"
"19,86 : 552.74"
"19,87 : 675.76"
"19,88 : 648.59"
"19,89 : 244.4"
"19,90 : 384.63"
"19,91 : 637.29"
"19,92 : 539.43"
"19,93 : 402.68"
"19,94 : 469.16"
"19,95 : 300.33"
"19,96 : 418.6"
"19,97 : 676.44"
"19,98 : 207.53"
"19,99 : 519.51"
"20,0 : 816.52"
"20,1 : 1017.98"
"20,2 : 122.92"
"20,3 : 532.2"
"20,4 : 773.79"
"20,5 : 744.23"
"20,6 : 894.3"
"20,7 : 475.43"
"20,8 : 804.25"
"20,9 : 568.34"
"20,10 : 287.45"
"20,11 : 894.02"
"20,12 : 478.07"
"20,13 : 349.54"
"20,14 : 525.02"
"20,15 : 733.76"
"20,16 : 299.02"
"20,17 : 264.37"
"20,18 : 504.81"
"20,19 : 861.84"
"20,20 : 0.0"
"20,21 : 429.96"
"20,22 : 827.22"
"20,23 : 558.81"
"20,24 : 637.28"
"20,25 : 942.14"
"20,26 : 675.0"
"20,27 : 196.33"
"20,28 : 800.5"
"20,29 : 730.77"
"20,30 : 453.92"
"20,31 : 911.84"
"20,32 : 758.01"
"20,33 : 579.21"
"20,34 : 292.04"
"20,35 : 703.95"
"20,36 : 361.3"
"20,37 : 812.42"
"20,38 : 89.4"
"20,39 : 552.27"
"20,40 : 779.24"
"20,41 : 852.83"
"20,42 : 926.48"
"20,43 : 478.06"
"20,44 : 803.29"
"20,45 : 1047.62"
"20,46 : 872.8"
"20,47 : 696.31"
"20,48 : 760.07"
"20,49 : 670.52"
"20,50 : 707.34"
"20,51 : 684.03"
"20,52 : 726.41"
"20,53 : 579.58"
"20,54 : 454.43"
"20,55 : 302.04"
"20,56 : 858.13"
"20,57 : 494.0"
"20,58 : 627.91"
"20,59 : 205.3"
"20,60 : 815.38"
"20,61 : 881.75"
"20,62 : 720.12"
"20,63 : 372.69"
"20,64 : 793.83"
"20,65 : 234.64"
"20,66 : 253.93"
"20,67 : 655.35"
"20,68 : 1035.49"
"20,69 : 700.88"
"20,70 : 990.64"
"20,71 : 994.04"
"20,72 : 974.09"
"20,73 : 950.02"
"20,74 : 684.29"
"20,75 : 379.42"
"20,76 : 372.01"
"20,77 : 869.18"
"20,78 : 143.56"
"20,79 : 437.48"
"20,80 : 639.52"
"20,81 : 620.14"
"20,82 : 352.43"
"20,83 : 919.47"
"20,84 : 586.93"
"20,85 : 462.64"
"20,86 : 371.06"
"20,87 : 812.27"
"20,88 : 847.18"
"20,89 : 643.99"
"20,90 : 916.33"
"20,91 : 224.66"
"20,92 : 819.13"
"20,93 : 627.99"
"20,94 : 453.59"
"20,95 : 611.86"
"20,96 : 1000.01"
"20,97 : 198.4"
"20,98 : 946.79"
"20,99 : 725.88"
"21,0 : 605.23"
"21,1 : 876.69"
"21,2 : 308.1"
"21,3 : 831.56"
"21,4 : 420.46"
"21,5 : 461.31"
"21,6 : 488.94"
"21,7 : 246.76"
"21,8 : 410.72"
"21,9 : 148.06"
"21,10 : 418.43"
"21,11 : 729.82"
"21,12 : 722.01"
"21,13 : 173.4"
"21,14 : 407.36"
"21,15 : 388.06"
"21,16 : 181.41"
"21,17 : 606.38"
"21,18 : 452.13"
"21,19 : 854.59"
"21,20 : 429.96"
"21,21 : 0.0"
"21,22 : 683.65"
"21,23 : 209.35"
"21,24 : 642.41"
"21,25 : 604.6"
"21,26 : 595.58"
"21,27 : 253.41"
"21,28 : 754.42"
"21,29 : 591.92"
"21,30 : 149.2"
"21,31 : 889.48"
"21,32 : 413.94"
"21,33 : 788.01"
"21,34 : 431.46"
"21,35 : 637.92"
"21,36 : 692.65"
"21,37 : 677.48"
"21,38 : 424.62"
"21,39 : 300.02"
"21,40 : 765.54"
"21,41 : 532.26"
"21,42 : 773.25"
"21,43 : 633.97"
"21,44 : 662.07"
"21,45 : 942.02"
"21,46 : 532.95"
"21,47 : 415.64"
"21,48 : 349.75"
"21,49 : 346.73"
"21,50 : 512.72"
"21,51 : 614.61"
"21,52 : 766.23"
"21,53 : 738.82"
"21,54 : 212.87"
"21,55 : 664.3"
"21,56 : 457.22"
"21,57 : 604.15"
"21,58 : 267.16"
"21,59 : 464.95"
"21,60 : 873.34"
"21,61 : 907.87"
"21,62 : 653.26"
"21,63 : 91.05"
"21,64 : 765.0"
"21,65 : 207.02"
"21,66 : 587.08"
"21,67 : 535.37"
"21,68 : 1001.62"
"21,69 : 324.01"
"21,70 : 768.9"
"21,71 : 617.45"
"21,72 : 725.21"
"21,73 : 630.97"
"21,74 : 282.41"
"21,75 : 404.18"
"21,76 : 513.01"
"21,77 : 581.87"
"21,78 : 320.03"
"21,79 : 100.45"
"21,80 : 211.9"
"21,81 : 615.33"
"21,82 : 616.44"
"21,83 : 704.28"
"21,84 : 799.0"
"21,85 : 202.18"
"21,86 : 333.81"
"21,87 : 471.83"
"21,88 : 521.01"
"21,89 : 612.06"
"21,90 : 718.43"
"21,91 : 422.83"
"21,92 : 543.16"
"21,93 : 472.89"
"21,94 : 396.54"
"21,95 : 733.71"
"21,96 : 794.96"
"21,97 : 482.63"
"21,98 : 840.05"
"21,99 : 466.07"
"22,0 : 134.09"
"22,1 : 197.77"
"22,2 : 777.08"
"22,3 : 759.03"
"22,4 : 436.17"
"22,5 : 296.18"
"22,6 : 612.12"
"22,7 : 441.07"
"22,8 : 546.05"
"22,9 : 629.83"
"22,10 : 550.01"
"22,11 : 70.86"
"22,12 : 632.67"
"22,13 : 831.17"
"22,14 : 310.86"
"22,15 : 424.04"
"22,16 : 608.83"
"22,17 : 750.78"
"22,18 : 322.89"
"22,19 : 280.13"
"22,20 : 827.22"
"22,21 : 683.65"
"22,22 : 0.0"
"22,23 : 500.82"
"22,24 : 271.92"
"22,25 : 418.87"
"22,26 : 165.06"
"22,27 : 799.44"
"22,28 : 179.34"
"22,29 : 98.62"
"22,30 : 832.72"
"22,31 : 280.35"
"22,32 : 416.52"
"22,33 : 595.5"
"22,34 : 550.05"
"22,35 : 158.9"
"22,36 : 758.19"
"22,37 : 19.24"
"22,38 : 747.14"
"22,39 : 384.68"
"22,40 : 235.13"
"22,41 : 359.5"
"22,42 : 99.46"
"22,43 : 497.92"
"22,44 : 24.04"
"22,45 : 259.05"
"22,46 : 407.89"
"22,47 : 314.36"
"22,48 : 597.97"
"22,49 : 401.26"
"22,50 : 175.21"
"22,51 : 166.76"
"22,52 : 322.68"
"22,53 : 507.12"
"22,54 : 896.06"
"22,55 : 798.02"
"22,56 : 583.2"
"22,57 : 438.31"
"22,58 : 484.98"
"22,59 : 659.47"
"22,60 : 387.29"
"22,61 : 357.77"
"22,62 : 150.46"
"22,63 : 754.98"
"22,64 : 210.24"
"22,65 : 770.72"
"22,66 : 735.15"
"22,67 : 172.53"
"22,68 : 354.42"
"22,69 : 499.2"
"22,70 : 207.17"
"22,71 : 548.15"
"22,72 : 239.89"
"22,73 : 376.31"
"22,74 : 565.15"
"22,75 : 449.44"
"22,76 : 508.46"
"22,77 : 286.4"
"22,78 : 696.42"
"22,79 : 784.09"
"22,80 : 666.7"
"22,81 : 266.29"
"22,82 : 646.34"
"22,83 : 154.18"
"22,84 : 604.07"
"22,85 : 483.6"
"22,86 : 461.2"
"22,87 : 404.52"
"22,88 : 372.13"
"22,89 : 226.15"
"22,90 : 125.21"
"22,91 : 616.46"
"22,92 : 263.01"
"22,93 : 216.78"
"22,94 : 374.48"
"22,95 : 448.61"
"22,96 : 194.49"
"22,97 : 680.14"
"22,98 : 160.31"
"22,99 : 262.89"
"23,0 : 406.42"
"23,1 : 685.97"
"23,2 : 451.27"
"23,3 : 834.96"
"23,4 : 222.04"
"23,5 : 253.13"
"23,6 : 341.55"
"23,7 : 134.41"
"23,8 : 247.68"
"23,9 : 130.6"
"23,10 : 427.48"
"23,11 : 538.19"
"23,12 : 708.54"
"23,13 : 381.06"
"23,14 : 281.46"
"23,15 : 185.22"
"23,16 : 259.86"
"23,17 : 659.97"
"23,18 : 348.32"
"23,19 : 710.68"
"23,20 : 558.81"
"23,21 : 209.35"
"23,22 : 500.82"
"23,23 : 0.0"
"23,24 : 525.67"
"23,25 : 403.1"
"23,26 : 446.83"
"23,27 : 424.12"
"23,28 : 602.58"
"23,29 : 418.29"
"23,30 : 348.79"
"23,31 : 737.42"
"23,32 : 211.15"
"23,33 : 748.84"
"23,34 : 438.77"
"23,35 : 489.54"
"23,36 : 728.45"
"23,37 : 498.01"
"23,38 : 521.7"
"23,39 : 128.58"
"23,40 : 626.04"
"23,41 : 325.35"
"23,42 : 582.9"
"23,43 : 591.2"
"23,44 : 481.5"
"23,45 : 759.19"
"23,46 : 331.12"
"23,47 : 209.25"
"23,48 : 219.8"
"23,49 : 137.53"
"23,50 : 325.65"
"23,51 : 467.72"
"23,52 : 649.83"
"23,53 : 681.38"
"23,54 : 415.65"
"23,55 : 720.85"
"23,56 : 303.6"
"23,57 : 544.85"
"23,58 : 69.29"
"23,59 : 514.93"
"23,60 : 755.27"
"23,61 : 773.89"
"23,62 : 502.71"
"23,63 : 297.87"
"23,64 : 619.27"
"23,65 : 380.01"
"23,66 : 639.46"
"23,67 : 377.15"
"23,68 : 839.77"
"23,69 : 142.3"
"23,70 : 563.55"
"23,71 : 436.71"
"23,72 : 517.08"
"23,73 : 424.98"
"23,74 : 143.12"
"23,75 : 363.46"
"23,76 : 491.43"
"23,77 : 372.52"
"23,78 : 420.98"
"23,79 : 303.22"
"23,80 : 184.44"
"23,81 : 498.16"
"23,82 : 629.58"
"23,83 : 501.29"
"23,84 : 760.24"
"23,85 : 112.0"
"23,86 : 296.54"
"23,87 : 269.05"
"23,88 : 315.07"
"23,89 : 482.66"
"23,90 : 518.65"
"23,91 : 462.33"
"23,92 : 334.46"
"23,93 : 308.85"
"23,94 : 311.64"
"23,95 : 659.02"
"23,96 : 591.92"
"23,97 : 537.43"
