x,y
500,642
763,272
814,21
38,429
2,227
853,554
371,506
466,784
452,847
120,638
114,526
899,449
348,41
116,648
589,18
268,131
677,69
274,241
264,375
310,929
205,510
265,783
644,833
45,468
246,609
940,236
958,644
760,971
715,754
645,488
70,941
52,433
248,749
838,327
709,584
54,878
619,849
950,100
767,292
727,926
286,684
426,987
871,472
66,303
300,429
755,744
576,741
740,456
624,749
500,362
147,404
643,678
646,275
219,341
110,511
823,372
748,6
208,193
306,608
307,802
546,315
577,567
724,495
59,406
289,124
733,262
460,570
899,182
318,920
575,924
188,230
628,370
679,902
167,952
667,652
731,700
793,274
186,975
718,360
74,419
701,977
332,45
431,576
536,139
577,97
839,5
155,343
988,559
604,935
913,899
972,386
978,681
950,700
654,371
412,91
127,332
944,162
406,339
709,639
104,398

Distanze
"0,0 : 0.0"
"0,1 : 453.95"
"0,2 : 695.87"
"0,3 : 508.74"
"0,4 : 648.25"
"0,5 : 363.8"
"0,6 : 187.45"
"0,7 : 146.01"
"0,8 : 210.54"
"0,9 : 380.02"
"0,10 : 403.05"
"0,11 : 443.23"
"0,12 : 619.92"
"0,13 : 384.05"
"0,14 : 630.32"
"0,15 : 561.2"
"0,16 : 599.71"
"0,17 : 460.3"
"0,18 : 356.35"
"0,19 : 344.19"
"0,20 : 323.19"
"0,21 : 274.05"
"0,22 : 239.2"
"0,23 : 487.14"
"0,24 : 256.13"
"0,25 : 598.7"
"0,26 : 458.0"
"0,27 : 419.33"
"0,28 : 242.42"
"0,29 : 211.52"
"0,30 : 523.74"
"0,31 : 494.35"
"0,32 : 273.78"
"0,33 : 462.03"
"0,34 : 216.9"
"0,35 : 504.59"
"0,36 : 238.77"
"0,37 : 704.46"
"0,38 : 440.21"
"0,39 : 363.57"
"0,40 : 218.08"
"0,41 : 352.85"
"0,42 : 408.09"
"0,43 : 550.71"
"0,44 : 292.18"
"0,45 : 274.64"
"0,46 : 124.81"
"0,47 : 303.64"
"0,48 : 163.78"
"0,49 : 280.0"
"0,50 : 425.74"
"0,51 : 147.46"
"0,52 : 394.97"
"0,53 : 411.78"
"0,54 : 411.41"
"0,55 : 420.99"
"0,56 : 682.64"
"0,57 : 535.6"
"0,58 : 196.96"
"0,59 : 250.7"
"0,60 : 330.22"
"0,61 : 107.49"
"0,62 : 267.93"
"0,63 : 500.18"
"0,64 : 559.33"
"0,65 : 445.75"
"0,66 : 82.37"
"0,67 : 608.93"
"0,68 : 332.28"
"0,69 : 291.8"
"0,70 : 516.81"
"0,71 : 300.61"
"0,72 : 315.66"
"0,73 : 454.96"
"0,74 : 167.3"
"0,75 : 238.17"
"0,76 : 470.4"
"0,77 : 457.7"
"0,78 : 356.44"
"0,79 : 480.84"
"0,80 : 390.67"
"0,81 : 620.19"
"0,82 : 95.48"
"0,83 : 504.29"
"0,84 : 550.41"
"0,85 : 721.59"
"0,86 : 456.54"
"0,87 : 495.01"
"0,88 : 310.91"
"0,89 : 486.43"
"0,90 : 536.95"
"0,91 : 479.59"
"0,92 : 453.72"
"0,93 : 311.7"
"0,94 : 557.98"
"0,95 : 485.0"
"0,96 : 653.86"
"0,97 : 317.25"
"0,98 : 209.02"
"0,99 : 465.14"
"1,0 : 453.95"
"1,1 : 0.0"
"1,2 : 256.13"
"1,3 : 741.8"
"1,4 : 762.33"
"1,5 : 296.01"
"1,6 : 456.53"
"1,7 : 591.91"
"1,8 : 653.72"
"1,9 : 739.87"
"1,10 : 696.93"
"1,11 : 223.22"
"1,12 : 474.96"
"1,13 : 748.32"
"1,14 : 307.88"
"1,15 : 514.69"
"1,16 : 220.47"
"1,17 : 489.98"
"1,18 : 509.52"
"1,19 : 798.03"
"1,20 : 606.64"
"1,21 : 713.53"
"1,22 : 573.48"
"1,23 : 744.27"
"1,24 : 617.14"
"1,25 : 180.62"
"1,26 : 420.01"
"1,27 : 699.01"
"1,28 : 484.38"
"1,29 : 246.13"
"1,30 : 963.23"
"1,31 : 729.0"
"1,32 : 701.96"
"1,33 : 93.01"
"1,34 : 316.64"
"1,35 : 932.69"
"1,36 : 594.7"
"1,37 : 254.07"
"1,38 : 20.4"
"1,39 : 654.99"
"1,40 : 630.3"
"1,41 : 790.44"
"1,42 : 227.3"
"1,43 : 697.69"
"1,44 : 488.89"
"1,45 : 472.07"
"1,46 : 504.91"
"1,47 : 185.43"
"1,48 : 496.84"
"1,49 : 277.97"
"1,50 : 629.98"
"1,51 : 423.36"
"1,52 : 117.04"
"1,53 : 548.36"
"1,54 : 695.36"
"1,55 : 116.62"
"1,56 : 266.42"
"1,57 : 560.59"
"1,58 : 567.23"
"1,59 : 699.17"
"1,60 : 221.22"
"1,61 : 348.74"
"1,62 : 226.38"
"1,63 : 716.64"
"1,64 : 496.57"
"1,65 : 31.62"
"1,66 : 424.99"
"1,67 : 163.08"
"1,68 : 786.08"
"1,69 : 678.56"
"1,70 : 576.53"
"1,71 : 166.82"
"1,72 : 635.58"
"1,73 : 904.22"
"1,74 : 391.94"
"1,75 : 429.19"
"1,76 : 30.07"
"1,77 : 909.47"
"1,78 : 98.84"
"1,79 : 704.51"
"1,80 : 707.72"
"1,81 : 487.12"
"1,82 : 450.16"
"1,83 : 263.09"
"1,84 : 255.38"
"1,85 : 277.61"
"1,86 : 612.13"
"1,87 : 364.68"
"1,88 : 681.8"
"1,89 : 644.69"
"1,90 : 238.07"
"1,91 : 462.07"
"1,92 : 467.07"
"1,93 : 147.25"
"1,94 : 394.92"
"1,95 : 638.82"
"1,96 : 211.8"
"1,97 : 363.23"
"1,98 : 370.95"
"1,99 : 670.94"
"2,0 : 695.87"
"2,1 : 256.13"
"2,2 : 0.0"
"2,3 : 876.72"
"2,4 : 837.72"
"2,5 : 534.42"
"2,6 : 656.87"
"2,7 : 838.61"
"2,8 : 901.84"
"2,9 : 928.61"
"2,10 : 863.15"
"2,11 : 436.36"
"2,12 : 466.43"
"2,13 : 938.26"
"2,14 : 225.02"
"2,15 : 556.97"
"2,16 : 145.17"
"2,17 : 583.1"
"2,18 : 654.08"
"2,19 : 1038.5"
"2,20 : 781.03"
"2,21 : 939.17"
"2,22 : 829.6"
"2,23 : 889.48"
"2,24 : 817.54"
"2,25 : 249.2"
"2,26 : 639.43"
"2,27 : 951.53"
"2,28 : 739.66"
"2,29 : 496.64"
"2,30 : 1183.19"
"2,31 : 866.25"
"2,32 : 922.14"
"2,33 : 306.94"
"2,34 : 572.71"
"2,35 : 1145.45"
"2,36 : 850.65"
"2,37 : 157.28"
"2,38 : 275.05"
"2,39 : 909.17"
"2,40 : 847.56"
"2,41 : 1041.01"
"2,42 : 454.59"
"2,43 : 799.39"
"2,44 : 656.25"
"2,45 : 725.4"
"2,46 : 758.32"
"2,47 : 441.25"
"2,48 : 752.39"
"2,49 : 463.55"
"2,50 : 769.14"
"2,51 : 678.89"
"2,52 : 304.53"
"2,53 : 675.59"
"2,54 : 857.74"
"2,55 : 351.12"
"2,56 : 67.68"
"2,57 : 629.94"
"2,58 : 776.29"
"2,59 : 931.13"
"2,60 : 397.82"
"2,61 : 595.22"
"2,62 : 482.47"
"2,63 : 847.5"
"2,64 : 535.01"
"2,65 : 254.25"
"2,66 : 653.24"
"2,67 : 182.06"
"2,68 : 1026.75"
"2,69 : 934.09"
"2,70 : 659.97"
"2,71 : 395.47"
"2,72 : 891.28"
"2,73 : 1133.74"
"2,74 : 647.9"
"2,75 : 684.05"
"2,76 : 253.87"
"2,77 : 1142.15"
"2,78 : 352.33"
"2,79 : 840.24"
"2,80 : 962.66"
"2,81 : 482.6"
"2,82 : 674.32"
"2,83 : 302.01"
"2,84 : 248.89"
"2,85 : 29.68"
"2,86 : 733.46"
"2,87 : 565.44"
"2,88 : 937.81"
"2,89 : 883.56"
"2,90 : 397.73"
"2,91 : 680.07"
"2,92 : 692.49"
"2,93 : 384.84"
"2,94 : 408.05"
"2,95 : 754.12"
"2,96 : 191.78"
"2,97 : 517.29"
"2,98 : 626.86"
"2,99 : 803.88"
"3,0 : 508.74"
"3,1 : 741.8"
"3,2 : 876.72"
"3,3 : 0.0"
"3,4 : 205.18"
"3,5 : 824.53"
"3,6 : 341.79"
"3,7 : 556.07"
"3,8 : 588.32"
"3,9 : 224.51"
"3,10 : 123.23"
"3,11 : 861.23"
"3,12 : 496.63"
"3,13 : 232.48"
"3,14 : 687.4"
"3,15 : 376.44"
"3,16 : 733.43"
"3,17 : 301.73"
"3,18 : 232.36"
"3,19 : 569.2"
"3,20 : 185.61"
"3,21 : 420.53"
"3,22 : 728.32"
"3,23 : 39.62"
"3,24 : 275.07"
"3,25 : 922.42"
"3,26 : 944.79"
"3,27 : 902.8"
"3,28 : 750.97"
"3,29 : 609.86"
"3,30 : 513.0"
"3,31 : 14.56"
"3,32 : 382.75"
"3,33 : 806.48"
"3,34 : 688.67"
"3,35 : 449.28"
"3,36 : 716.91"
"3,37 : 969.53"
"3,38 : 741.76"
"3,39 : 849.55"
"3,40 : 355.71"
"3,41 : 679.64"
"3,42 : 834.11"
"3,43 : 129.07"
"3,44 : 262.0"
"3,45 : 783.14"
"3,46 : 621.92"
"3,47 : 702.52"
"3,48 : 667.68"
"3,49 : 466.83"
"3,50 : 111.83"
"3,51 : 654.24"
"3,52 : 627.2"
"3,53 : 201.26"
"3,54 : 109.12"
"3,55 : 787.07"
"3,56 : 826.46"
"3,57 : 290.85"
"3,58 : 322.28"
"3,59 : 459.88"
"3,60 : 520.63"
"3,61 : 556.39"
"3,62 : 689.17"
"3,63 : 31.14"
"3,64 : 395.0"
"3,65 : 714.78"
"3,66 : 444.93"
"3,67 : 895.73"
"3,68 : 565.23"
"3,69 : 730.34"
"3,70 : 249.2"
"3,71 : 592.94"
"3,72 : 796.62"
"3,73 : 538.67"
"3,74 : 667.36"
"3,75 : 744.1"
"3,76 : 770.75"
"3,77 : 565.7"
"3,78 : 683.49"
"3,79 : 37.36"
"3,80 : 860.16"
"3,81 : 483.62"
"3,82 : 419.59"
"3,83 : 576.28"
"3,84 : 633.04"
"3,85 : 906.3"
"3,86 : 145.21"
"3,87 : 958.85"
"3,88 : 759.2"
"3,89 : 993.24"
"3,90 : 934.99"
"3,91 : 973.19"
"3,92 : 951.41"
"3,93 : 618.72"
"3,94 : 504.1"
"3,95 : 131.64"
"3,96 : 944.52"
"3,97 : 378.85"
"3,98 : 703.09"
"3,99 : 72.92"
"4,0 : 648.25"
"4,1 : 762.33"
"4,2 : 837.72"
"4,3 : 205.18"
"4,4 : 0.0"
"4,5 : 911.66"
"4,6 : 462.6"
"4,7 : 724.94"
"4,8 : 766.09"
"4,9 : 427.6"
"4,10 : 319.29"
"4,11 : 924.06"
"4,12 : 392.83"
"4,13 : 436.16"
"4,14 : 623.1"
"4,15 : 282.79"
"4,16 : 693.25"
"4,17 : 272.36"
"4,18 : 300.91"
"4,19 : 766.6"
"4,20 : 348.28"
"4,21 : 615.07"
"4,22 : 882.84"
"4,23 : 244.81"
"4,24 : 453.28"
"4,25 : 938.04"
"4,26 : 1042.99"
"4,27 : 1062.12"
"4,28 : 886.62"
"4,29 : 693.95"
"4,30 : 717.23"
"4,31 : 211.98"
"4,32 : 577.06"
"4,33 : 841.96"
"4,34 : 792.02"
"4,35 : 653.07"
"4,36 : 876.11"
"4,37 : 956.47"
"4,38 : 767.76"
"4,39 : 1007.09"
"4,40 : 538.06"
"4,41 : 870.27"
"4,42 : 902.88"
"4,43 : 99.36"
"4,44 : 360.01"
"4,45 : 913.4"
"4,46 : 770.5"
"4,47 : 772.71"
"4,48 : 812.01"
"4,49 : 515.97"
"4,50 : 228.81"
"4,51 : 783.76"
"4,52 : 645.79"
"4,53 : 245.12"
"4,54 : 303.84"
"4,55 : 833.71"
"4,56 : 778.05"
"4,57 : 208.79"
"4,58 : 487.42"
"4,59 : 650.88"
"4,60 : 551.07"
"4,61 : 668.0"
"4,62 : 770.14"
"4,63 : 187.86"
"4,64 : 304.92"
"4,65 : 731.84"
"4,66 : 572.2"
"4,67 : 898.13"
"4,68 : 761.65"
"4,69 : 902.3"
"4,70 : 186.02"
"4,71 : 642.13"
"4,72 : 956.01"
"4,73 : 743.54"
"4,74 : 789.21"
"4,75 : 869.01"
"4,76 : 792.4"
"4,77 : 770.3"
"4,78 : 728.25"
"4,79 : 205.06"
"4,80 : 1025.23"
"4,81 : 376.86"
"4,82 : 553.03"
"4,83 : 541.2"
"4,84 : 589.51"
"4,85 : 865.94"
"4,86 : 192.0"
"4,87 : 1040.39"
"4,88 : 929.34"
"4,89 : 1132.04"
"4,90 : 982.95"
"4,91 : 1076.43"
"4,92 : 1059.45"
"4,93 : 667.71"
"4,94 : 431.97"
"4,95 : 163.25"
"4,96 : 944.24"
"4,97 : 419.24"
"4,98 : 818.29"
"4,99 : 199.11"
"5,0 : 363.8"
"5,1 : 296.01"
"5,2 : 534.42"
"5,3 : 824.53"
"5,4 : 911.66"
"5,5 : 0.0"
"5,6 : 484.38"
"5,7 : 450.19"
"5,8 : 496.64"
"5,9 : 737.8"
"5,10 : 739.53"
"5,11 : 114.63"
"5,12 : 719.86"
"5,13 : 742.97"
"5,14 : 597.49"
"5,15 : 721.91"
"5,16 : 515.95"
"5,17 : 658.19"
"5,18 : 615.6"
"5,19 : 659.9"
"5,20 : 649.49"
"5,21 : 631.02"
"5,22 : 348.6"
"5,23 : 812.56"
"5,24 : 609.49"
"5,25 : 329.69"
"5,26 : 138.29"
"5,27 : 427.24"
"5,28 : 242.99"
"5,29 : 218.22"
"5,30 : 873.42"
"5,31 : 810.09"
"5,32 : 635.65"
"5,33 : 227.5"
"5,34 : 147.09"
"5,35 : 862.19"
"5,36 : 376.54"
"5,37 : 464.25"
"5,38 : 275.75"
"5,39 : 392.76"
"5,40 : 581.71"
"5,41 : 608.13"
"5,42 : 83.95"
"5,43 : 826.06"
"5,44 : 566.95"
"5,45 : 213.78"
"5,46 : 334.21"
"5,47 : 149.58"
"5,48 : 300.78"
"5,49 : 401.84"
"5,50 : 721.76"
"5,51 : 243.88"
"5,52 : 347.4"
"5,53 : 668.82"
"5,54 : 744.24"
"5,55 : 184.46"
"5,56 : 557.97"
"5,57 : 739.15"
"5,58 : 549.66"
"5,59 : 599.68"
"5,60 : 389.06"
"5,61 : 276.31"
"5,62 : 141.85"
"5,63 : 807.68"
"5,64 : 709.22"
"5,65 : 315.7"
"5,66 : 393.33"
"5,67 : 374.83"
"5,68 : 648.21"
"5,69 : 462.8"
"5,70 : 739.73"
"5,71 : 290.66"
"5,72 : 389.08"
"5,73 : 793.1"
"5,74 : 210.24"
"5,75 : 190.26"
"5,76 : 286.36"
"5,77 : 788.75"
"5,78 : 236.35"
"5,79 : 790.61"
"5,80 : 449.48"
"5,81 : 728.37"
"5,82 : 422.57"
"5,83 : 522.22"
"5,84 : 533.88"
"5,85 : 549.18"
"5,86 : 729.19"
"5,87 : 135.09"
"5,88 : 455.15"
"5,89 : 350.18"
"5,90 : 205.88"
"5,91 : 178.2"
"5,92 : 175.29"
"5,93 : 270.35"
"5,94 : 639.41"
"5,95 : 759.18"
"5,96 : 402.42"
"5,97 : 496.02"
"5,98 : 167.22"
"5,99 : 765.07"
"6,0 : 187.45"
"6,1 : 456.53"
"6,2 : 656.87"
"6,3 : 341.79"
"6,4 : 462.6"
"6,5 : 484.38"
"6,6 : 0.0"
"6,7 : 293.78"
"6,8 : 350.49"
"6,9 : 283.59"
"6,10 : 257.78"
"6,11 : 531.07"
"6,12 : 465.57"
"6,13 : 291.87"
"6,14 : 534.48"
"6,15 : 388.89"
"6,16 : 533.48"
"6,17 : 282.19"
"6,18 : 169.14"
"6,19 : 427.38"
"6,20 : 166.05"
"6,21 : 296.59"
"6,22 : 425.98"
"6,23 : 328.21"
"6,24 : 161.97"
"6,25 : 629.81"
"6,26 : 603.0"
"6,27 : 606.26"
"6,28 : 424.08"
"6,29 : 274.59"
"6,30 : 528.99"
"6,31 : 327.25"
"6,32 : 272.36"
"6,33 : 500.13"
"6,34 : 346.88"
"6,35 : 488.75"
"6,36 : 423.26"
"6,37 : 707.16"
"6,38 : 450.12"
"6,39 : 550.58"
"6,40 : 197.25"
"6,41 : 484.13"
"6,42 : 501.15"
"6,43 : 366.38"
"6,44 : 104.74"
"6,45 : 451.77"
"6,46 : 311.85"
"6,47 : 372.37"
"6,48 : 350.8"
"6,49 : 193.33"
"6,50 : 246.13"
"6,51 : 321.82"
"6,52 : 359.15"
"6,53 : 224.34"
"6,54 : 261.05"
"6,55 : 471.44"
"6,56 : 626.2"
"6,57 : 352.9"
"6,58 : 120.95"
"6,59 : 302.84"
"6,60 : 259.05"
"6,61 : 214.84"
"6,62 : 353.17"
"6,63 : 327.63"
"6,64 : 390.7"
"6,65 : 436.55"
"6,66 : 109.62"
"6,67 : 619.48"
"6,68 : 417.38"
"6,69 : 465.12"
"6,70 : 331.16"
"6,71 : 290.77"
"6,72 : 501.68"
"6,73 : 490.44"
"6,74 : 330.05"
"6,75 : 408.94"
"6,76 : 481.57"
"6,77 : 504.17"
"6,78 : 376.46"
"6,79 : 309.48"
"6,80 : 575.1"
"6,81 : 462.65"
"6,82 : 92.2"
"6,83 : 402.39"
"6,84 : 457.95"
"6,85 : 685.58"
"6,86 : 270.6"
"6,87 : 619.27"
"6,88 : 488.19"
"6,89 : 669.49"
"6,90 : 612.86"
"6,91 : 631.72"
"6,92 : 610.64"
"6,93 : 313.55"
"6,94 : 417.02"
"6,95 : 299.69"
"6,96 : 668.33"
"6,97 : 170.63"
"6,98 : 363.23"
"6,99 : 288.02"
"7,0 : 146.01"
"7,1 : 591.91"
"7,2 : 838.61"
"7,3 : 556.07"
"7,4 : 724.94"
"7,5 : 450.19"
"7,6 : 293.78"
"7,7 : 0.0"
"7,8 : 64.54"
"7,9 : 375.54"
"7,10 : 436.43"
"7,11 : 547.46"
"7,12 : 752.31"
"7,13 : 375.49"
"7,14 : 775.81"
"7,15 : 682.36"
"7,16 : 745.48"
"7,17 : 575.95"
"7,18 : 456.16"
"7,19 : 212.98"
"7,20 : 378.41"
"7,21 : 201.0"
"7,22 : 184.62"
"7,23 : 526.4"
"7,24 : 281.11"
"7,25 : 724.56"
"7,26 : 511.53"
"7,27 : 348.43"
"7,28 : 250.8"
"7,29 : 345.91"
"7,30 : 425.99"
"7,31 : 542.77"
"7,32 : 220.79"
"7,33 : 589.26"
"7,34 : 314.72"
"7,35 : 422.59"
"7,36 : 166.23"
"7,37 : 837.92"
"7,38 : 576.77"
"7,39 : 297.13"
"7,40 : 205.91"
"7,41 : 206.9"
"7,42 : 511.24"
"7,43 : 625.59"
"7,44 : 391.89"
"7,45 : 291.76"
"7,46 : 118.11"
"7,47 : 427.39"
"7,48 : 161.83"
"7,49 : 423.37"
"7,50 : 496.15"
"7,51 : 206.31"
"7,52 : 539.89"
"7,53 : 507.21"
"7,54 : 448.63"
"7,55 : 545.15"
"7,56 : 827.53"
"7,57 : 644.86"
"7,58 : 237.86"
"7,59 : 160.02"
"7,60 : 475.77"
"7,61 : 243.74"
"7,62 : 387.41"
"7,63 : 555.46"
"7,64 : 683.32"
"7,65 : 586.32"
"7,66 : 214.08"
"7,67 : 741.55"
"7,68 : 201.0"
"7,69 : 177.43"
"7,70 : 619.84"
"7,71 : 444.57"
"7,72 : 243.5"
"7,73 : 342.97"
"7,74 : 240.47"
"7,75 : 277.99"
"7,76 : 605.83"
"7,77 : 338.94"
"7,78 : 493.23"
"7,79 : 535.62"
"7,80 : 304.1"
"7,81 : 751.05"
"7,82 : 210.92"
"7,83 : 648.79"
"7,84 : 695.91"
"7,85 : 863.7"
"7,86 : 539.63"
"7,87 : 568.43"
"7,88 : 204.56"
"7,89 : 461.56"
"7,90 : 643.77"
"7,91 : 522.26"
"7,92 : 491.24"
"7,93 : 453.78"
"7,94 : 695.1"
"7,95 : 565.0"
"7,96 : 784.45"
"7,97 : 449.03"
"7,98 : 282.97"
"7,99 : 529.19"
"8,0 : 210.54"
"8,1 : 653.72"
"8,2 : 901.84"
"8,3 : 588.32"
"8,4 : 766.09"
"8,5 : 496.64"
"8,6 : 350.49"
"8,7 : 64.54"
"8,8 : 0.0"
"8,9 : 392.31"
"8,10 : 466.14"
"8,11 : 598.51"
"8,12 : 812.68"
"8,13 : 390.51"
"8,14 : 840.24"
"8,15 : 739.26"
"8,16 : 809.88"
"8,17 : 631.6"
"8,18 : 508.06"
"8,19 : 163.98"
"8,20 : 417.83"
"8,21 : 197.65"
"8,22 : 192.51"
"8,23 : 556.14"
"8,24 : 314.77"
"8,25 : 781.96"
"8,26 : 545.2"
"8,27 : 332.02"
"8,28 : 278.96"
"8,29 : 407.59"
"8,30 : 393.4"
"8,31 : 575.67"
"8,32 : 226.32"
"8,33 : 647.61"
"8,34 : 367.72"
"8,35 : 399.21"
"8,36 : 167.01"
"8,37 : 897.78"
"8,38 : 638.16"
"8,39 : 286.12"
"8,40 : 232.65"
"8,41 : 142.39"
"8,42 : 562.3"
"8,43 : 667.03"
"8,44 : 444.78"
"8,45 : 320.03"
"8,46 : 163.13"
"8,47 : 485.62"
"8,48 : 197.96"
"8,49 : 487.37"
"8,50 : 537.84"
"8,51 : 255.03"
"8,52 : 604.0"
"8,53 : 557.07"
"8,54 : 479.44"
"8,55 : 602.72"
"8,56 : 891.57"
"8,57 : 698.03"
"8,58 : 280.07"
"8,59 : 151.82"
"8,60 : 540.24"
"8,61 : 306.63"
"8,62 : 444.85"
"8,63 : 590.7"
"8,64 : 741.15"
"8,65 : 648.99"
"8,66 : 277.12"
"8,67 : 801.27"
"8,68 : 152.59"
"8,69 : 145.11"
"8,70 : 671.11"
"8,71 : 508.43"
"8,72 : 233.57"
"8,73 : 303.73"
"8,74 : 290.26"
"8,75 : 315.36"
"8,76 : 666.79"
"8,77 : 295.19"
"8,78 : 554.91"
"8,79 : 571.02"
"8,80 : 280.89"
"8,81 : 810.93"
"8,82 : 271.81"
"8,83 : 712.97"
"8,84 : 760.35"
"8,85 : 926.68"
"8,86 : 585.0"
"8,87 : 608.47"
"8,88 : 175.64"
"8,89 : 463.92"
"8,90 : 694.93"
"8,91 : 551.57"
"8,92 : 519.24"
"8,93 : 517.09"
"8,94 : 757.06"
"8,95 : 608.97"
"8,96 : 843.38"
"8,97 : 510.08"
"8,98 : 330.63"
"8,99 : 568.07"
"9,0 : 380.02"
"9,1 : 739.87"
"9,2 : 928.61"
"9,3 : 224.51"
"9,4 : 427.6"
"9,5 : 737.8"
"9,6 : 283.59"
"9,7 : 375.54"
"9,8 : 392.31"
"9,9 : 0.0"
"9,10 : 112.16"
"9,11 : 801.6"
"9,12 : 639.06"
"9,13 : 10.77"
"9,14 : 777.41"
"9,15 : 528.16"
"9,16 : 796.25"
"9,17 : 425.82"
"9,18 : 299.84"
"9,19 : 347.54"
"9,20 : 153.65"
"9,21 : 205.06"
"9,22 : 559.11"
"9,23 : 185.81"
"9,24 : 129.29"
"9,25 : 913.24"
"9,26 : 838.02"
"9,27 : 721.45"
"9,28 : 606.2"
"9,29 : 546.01"
"9,30 : 307.1"
"9,31 : 215.98"
"9,32 : 169.43"
"9,33 : 782.46"
"9,34 : 591.47"
"9,35 : 248.91"
"9,36 : 541.78"
"9,37 : 989.11"
"9,38 : 733.71"
"9,39 : 671.86"
"9,40 : 172.26"
"9,41 : 464.15"
"9,42 : 769.13"
"9,43 : 339.32"
"9,44 : 275.83"
"9,45 : 643.79"
"9,46 : 467.49"
"9,47 : 646.16"
"9,48 : 516.08"
"9,49 : 469.66"
"9,50 : 235.55"
"9,51 : 524.53"
"9,52 : 639.1"
"9,53 : 313.07"
"9,54 : 127.39"
"9,55 : 751.64"
"9,56 : 890.96"
"9,57 : 453.62"
"9,58 : 188.4"
"9,59 : 248.73"
"9,60 : 534.61"
"9,61 : 462.48"
"9,62 : 620.7"
"9,63 : 239.89"
"9,64 : 541.07"
"9,65 : 719.13"
"9,66 : 346.73"
"9,67 : 902.65"
"9,68 : 344.57"
"9,69 : 537.42"
"9,70 : 413.63"
"9,71 : 574.36"
"9,72 : 618.2"
"9,73 : 317.5"
"9,74 : 547.18"
"9,75 : 614.14"
"9,76 : 765.13"
"9,77 : 343.4"
"9,78 : 659.46"
"9,79 : 223.78"
"9,80 : 672.67"
"9,81 : 629.76"
"9,82 : 317.12"
"9,83 : 649.66"
"9,84 : 708.19"
"9,85 : 957.94"
"9,86 : 297.07"
"9,87 : 871.59"
"9,88 : 567.86"
"9,89 : 834.85"
"9,90 : 888.49"
"9,91 : 859.08"
"9,92 : 832.31"
"9,93 : 597.03"
"9,94 : 620.06"
"9,95 : 306.08"
"9,96 : 951.6"
"9,97 : 413.76"
"9,98 : 589.0"
"9,99 : 240.53"
"10,0 : 403.05"
"10,1 : 696.93"
"10,2 : 863.15"
"10,3 : 123.23"
"10,4 : 319.29"
"10,5 : 739.53"
"10,6 : 257.78"
"10,7 : 436.43"
"10,8 : 466.14"
"10,9 : 112.16"
"10,10 : 0.0"
"10,11 : 788.77"
"10,12 : 538.5"
"10,13 : 122.02"
"10,14 : 695.48"
"10,15 : 423.96"
"10,16 : 725.13"
"10,17 : 326.84"
"10,18 : 212.84"
"10,19 : 448.14"
"10,20 : 92.4"
"10,21 : 298.08"
"10,22 : 612.49"
"10,23 : 90.14"
"10,24 : 155.93"
"10,25 : 875.43"
"10,26 : 852.21"
"10,27 : 784.44"
"10,28 : 642.79"
"10,29 : 532.36"
"10,30 : 417.33"
"10,31 : 111.77"
"10,32 : 260.16"
"10,33 : 750.85"
"10,34 : 597.82"
"10,35 : 357.08"
"10,36 : 599.46"
"10,37 : 938.28"
"10,38 : 693.66"
"10,39 : 731.96"
"10,40 : 233.56"
"10,41 : 556.66"
"10,42 : 758.92"
"10,43 : 228.11"
"10,44 : 209.77"
"10,45 : 677.06"
"10,46 : 509.58"
"10,47 : 629.9"
"10,48 : 556.62"
"10,49 : 419.39"
"10,50 : 126.38"
"10,51 : 550.4"
"10,52 : 588.24"
"10,53 : 212.72"
"10,54 : 15.52"
"10,55 : 725.53"
"10,56 : 819.97"
"10,57 : 346.01"
"10,58 : 208.78"
"10,59 : 336.79"
"10,60 : 480.78"
"10,61 : 464.81"
"10,62 : 610.79"
"10,63 : 132.0"
"10,64 : 438.44"
"10,65 : 672.95"
"10,66 : 348.79"
"10,67 : 857.07"
"10,68 : 443.68"
"10,69 : 609.04"
"10,70 : 305.11"
"10,71 : 537.15"
"10,72 : 678.68"
"10,73 : 429.28"
"10,74 : 567.17"
"10,75 : 641.07"
"10,76 : 724.25"
"10,77 : 454.74"
"10,78 : 626.4"
"10,79 : 114.23"
"10,80 : 740.25"
"10,81 : 528.1"
"10,82 : 320.92"
"10,83 : 572.58"
"10,84 : 631.2"
"10,85 : 892.79"
"10,86 : 187.54"
"10,87 : 874.62"
"10,88 : 638.26"
"10,89 : 881.78"
"10,90 : 869.35"
"10,91 : 877.79"
"10,92 : 853.92"
"10,93 : 561.81"
"10,94 : 527.28"
"10,95 : 194.44"
"10,96 : 906.31"
"10,97 : 346.75"
"10,98 : 605.64"
"10,99 : 128.39"
"11,0 : 443.23"
"11,1 : 223.22"
"11,2 : 436.36"
"11,3 : 861.23"
"11,4 : 924.06"
"11,5 : 114.63"
"11,6 : 531.07"
"11,7 : 547.46"
"11,8 : 598.51"
"11,9 : 801.6"
"11,10 : 788.77"
"11,11 : 0.0"
"11,12 : 685.61"
"11,13 : 807.89"
"11,14 : 530.91"
"11,15 : 706.6"
"11,16 : 440.1"
"11,17 : 658.7"
"11,18 : 639.3"
"11,19 : 759.82"
"11,20 : 696.68"
"11,21 : 716.6"
"11,22 : 460.96"
"11,23 : 854.21"
"11,24 : 672.32"
"11,25 : 216.91"
"11,26 : 203.73"
"11,27 : 540.19"
"11,28 : 356.2"
"11,29 : 256.98"
"11,30 : 964.0"
"11,31 : 847.15"
"11,32 : 716.8"
"11,33 : 136.4"
"11,34 : 233.08"
"11,35 : 947.66"
"11,36 : 488.26"
"11,37 : 352.71"
"11,38 : 205.12"
"11,39 : 507.06"
"11,40 : 656.5"
"11,41 : 716.36"
"11,42 : 36.24"
"11,43 : 845.7"
"11,44 : 599.33"
"11,45 : 328.27"
"11,46 : 435.42"
"11,47 : 159.15"
"11,48 : 406.97"
"11,49 : 408.37"
"11,50 : 753.35"
"11,51 : 343.48"
"11,52 : 307.06"
"11,53 : 688.52"
"11,54 : 791.43"
"11,55 : 108.19"
"11,56 : 468.03"
"11,57 : 736.9"
"11,58 : 613.95"
"11,59 : 689.26"
"11,60 : 377.58"
"11,61 : 342.94"
"11,62 : 180.94"
"11,63 : 841.1"
"11,64 : 691.18"
"11,65 : 250.05"
"11,66 : 455.37"
"11,67 : 267.0"
"11,68 : 747.93"
"11,69 : 574.98"
"11,70 : 743.96"
"11,71 : 282.28"
"11,72 : 503.6"
"11,73 : 888.16"
"11,74 : 308.27"
"11,75 : 302.03"
"11,76 : 204.6"
"11,77 : 886.03"
"11,78 : 201.7"
"11,79 : 825.55"
"11,80 : 563.9"
"11,81 : 696.21"
"11,82 : 484.93"
"11,83 : 477.36"
"11,84 : 477.06"
"11,85 : 448.04"
"11,86 : 751.51"
"11,87 : 141.5"
"11,88 : 568.53"
"11,89 : 450.22"
"11,90 : 96.43"
"11,91 : 245.08"
"11,92 : 256.13"
"11,93 : 257.12"
"11,94 : 604.43"
"11,95 : 780.82"
"11,96 : 290.51"
"11,97 : 505.12"
"11,98 : 268.7"
"11,99 : 796.63"
"12,0 : 619.92"
"12,1 : 474.96"
"12,2 : 466.43"
"12,3 : 496.63"
"12,4 : 392.83"
"12,5 : 719.86"
"12,6 : 465.57"
"12,7 : 752.31"
"12,8 : 812.68"
"12,9 : 639.06"
"12,10 : 538.5"
"12,11 : 685.61"
"12,12 : 0.0"
"12,13 : 649.83"
"12,14 : 242.1"
"12,15 : 120.42"
"12,16 : 330.19"
"12,17 : 213.25"
"12,18 : 344.4"
"12,19 : 888.81"
"12,20 : 490.32"
"12,21 : 746.63"
"12,22 : 845.51"
"12,23 : 523.58"
"12,24 : 577.09"
"12,25 : 623.29"
"12,26 : 857.73"
"12,27 : 1017.17"
"12,28 : 801.91"
"12,29 : 536.67"
"12,30 : 941.96"
"12,31 : 491.2"
"12,32 : 715.03"
"12,33 : 567.36"
"12,34 : 652.05"
"12,35 : 887.13"
"12,36 : 852.24"
"12,37 : 604.88"
"12,38 : 488.43"
"12,39 : 962.74"
"12,40 : 645.98"
"12,41 : 949.21"
"12,42 : 677.71"
"12,43 : 384.93"
"12,44 : 390.96"
"12,45 : 812.32"
"12,46 : 736.2"
"12,47 : 570.87"
"12,48 : 759.89"
"12,49 : 355.17"
"12,50 : 414.93"
"12,51 : 701.99"
"12,52 : 378.89"
"12,53 : 326.56"
"12,54 : 526.82"
"12,55 : 578.95"
"12,56 : 401.53"
"12,57 : 206.65"
"12,58 : 568.55"
"12,59 : 762.1"
"12,60 : 338.05"
"12,61 : 573.69"
"12,62 : 589.48"
"12,63 : 465.56"
"12,64 : 101.83"
"12,65 : 443.92"
"12,66 : 540.73"
"12,67 : 568.75"
"12,68 : 879.51"
"12,69 : 911.71"
"12,70 : 247.63"
"12,71 : 432.02"
"12,72 : 922.43"
"12,73 : 928.81"
"12,74 : 689.26"
"12,75 : 762.21"
"12,76 : 502.31"
"12,77 : 947.95"
"12,78 : 488.53"
"12,79 : 466.86"
"12,80 : 1000.35"
"12,81 : 16.49"
"12,82 : 541.4"
"12,83 : 212.01"
"12,84 : 235.75"
"12,85 : 492.32"
"12,86 : 358.4"
"12,87 : 823.36"
"12,88 : 929.93"
"12,89 : 1027.32"
"12,90 : 713.02"
"12,91 : 898.05"
"12,92 : 892.57"
"12,93 : 450.04"
"12,94 : 81.22"
"12,95 : 365.41"
"12,96 : 608.16"
"12,97 : 303.59"
"12,98 : 698.52"
"12,99 : 432.42"
"13,0 : 384.05"
"13,1 : 748.32"
"13,2 : 938.26"
"13,3 : 232.48"
"13,4 : 436.16"
"13,5 : 742.97"
"13,6 : 291.87"
"13,7 : 375.49"
"13,8 : 390.51"
"13,9 : 10.77"
"13,10 : 122.02"
"13,11 : 807.89"
"13,12 : 649.83"
"13,13 : 0.0"
"13,14 : 787.8"
"13,15 : 538.88"
"13,16 : 806.2"
"13,17 : 436.59"
"13,18 : 310.54"
"13,19 : 341.46"
"13,20 : 164.21"
"13,21 : 201.06"
"13,22 : 559.47"
"13,23 : 193.5"
"13,24 : 135.72"
"13,25 : 921.26"
"13,26 : 842.01"
"13,27 : 720.46"
"13,28 : 608.31"
"13,29 : 552.67"
"13,30 : 296.59"
"13,31 : 224.32"
"13,32 : 166.21"
"13,33 : 790.14"
"13,34 : 596.44"
"13,35 : 238.21"
"13,36 : 541.67"
"13,37 : 997.93"
"13,38 : 741.98"
"13,39 : 671.27"
"13,40 : 173.77"
"13,41 : 459.37"
"13,42 : 775.24"
"13,43 : 348.6"
"13,44 : 286.04"
"13,45 : 646.17"
"13,46 : 469.31"
"13,47 : 652.87"
"13,48 : 517.94"
"13,49 : 478.8"
"13,50 : 245.96"
"13,51 : 527.85"
"13,52 : 648.1"
"13,53 : 323.82"
"13,54 : 137.13"
"13,55 : 758.96"
"13,56 : 900.88"
"13,57 : 464.21"
"13,58 : 194.16"
"13,59 : 245.35"
"13,60 : 543.86"
"13,61 : 468.06"
"13,62 : 626.96"
"13,63 : 248.62"
"13,64 : 551.82"
"13,65 : 727.79"
"13,66 : 352.73"
"13,67 : 911.18"
"13,68 : 338.8"
"13,69 : 535.59"
"13,70 : 424.16"
"13,71 : 582.6"
"13,72 : 617.64"
"13,73 : 308.25"
"13,74 : 551.01"
"13,75 : 617.19"
"13,76 : 773.44"
"13,77 : 334.41"
"13,78 : 667.34"
"13,79 : 232.82"
"13,80 : 671.17"
"13,81 : 640.52"
"13,82 : 323.12"
"13,83 : 659.91"
"13,84 : 718.42"
"13,85 : 967.56"
"13,86 : 307.48"
"13,87 : 876.53"
"13,88 : 566.14"
"13,89 : 835.59"
"13,90 : 895.2"
"13,91 : 862.63"
"13,92 : 835.62"
"13,93 : 605.12"
"13,94 : 630.77"
"13,95 : 316.19"
"13,96 : 960.09"
"13,97 : 423.77"
"13,98 : 593.07"
"13,99 : 250.29"
"14,0 : 630.32"
"14,1 : 307.88"
"14,2 : 225.02"
"14,3 : 687.4"
"14,4 : 623.1"
"14,5 : 597.49"
"14,6 : 534.48"
"14,7 : 775.81"
"14,8 : 840.24"
"14,9 : 777.41"
"14,10 : 695.48"
"14,11 : 530.91"
"14,12 : 242.1"
"14,13 : 787.8"
"14,14 : 0.0"
"14,15 : 340.31"
"14,16 : 101.71"
"14,17 : 385.95"
"14,18 : 482.78"
"14,19 : 952.77"
"14,20 : 624.12"
"14,21 : 830.78"
"14,22 : 816.85"
"14,23 : 706.0"
"14,24 : 683.32"
"14,25 : 413.19"
"14,26 : 726.66"
"14,27 : 968.22"
"14,28 : 746.71"
"14,29 : 473.32"
"14,30 : 1058.91"
"14,31 : 678.67"
"14,32 : 806.62"
"14,33 : 396.84"
"14,34 : 578.58"
"14,35 : 1012.83"
"14,36 : 831.54"
"14,37 : 370.2"
"14,38 : 326.74"
"14,39 : 918.43"
"14,40 : 731.69"
"14,41 : 982.61"
"14,42 : 534.45"
"14,43 : 595.61"
"14,44 : 502.44"
"14,45 : 744.74"
"14,46 : 723.12"
"14,47 : 463.3"
"14,48 : 731.84"
"14,49 : 355.33"
"14,50 : 586.82"
"14,51 : 662.21"
"14,52 : 263.25"
"14,53 : 491.15"
"14,54 : 687.38"
"14,55 : 424.35"
"14,56 : 159.45"
"14,57 : 419.27"
"14,58 : 654.36"
"14,59 : 833.17"
"14,60 : 300.1"
"14,61 : 549.13"
"14,62 : 495.74"
"14,63 : 656.84"
"14,64 : 318.18"
"14,65 : 283.32"
"14,66 : 566.87"
"14,67 : 350.71"
"14,68 : 941.83"
"14,69 : 906.11"
"14,70 : 453.59"
"14,71 : 354.15"
"14,72 : 888.57"
"14,73 : 1024.91"
"14,74 : 638.78"
"14,75 : 696.63"
"14,76 : 327.34"
"14,77 : 1038.39"
"14,78 : 365.52"
"14,79 : 652.71"
"14,80 : 965.52"
"14,81 : 258.41"
"14,82 : 579.94"
"14,83 : 132.1"
"14,84 : 79.91"
"14,85 : 250.34"
"14,86 : 542.2"
"14,87 : 672.22"
"14,88 : 917.12"
"14,89 : 938.69"
"14,90 : 531.14"
"14,91 : 768.69"
"14,92 : 771.65"
"14,93 : 358.93"
"14,94 : 191.46"
"14,95 : 558.61"
"14,96 : 383.09"
"14,97 : 369.5"
"14,98 : 632.49"
"14,99 : 616.14"
"15,0 : 561.2"
"15,1 : 514.69"
"15,2 : 556.97"
"15,3 : 376.44"
"15,4 : 282.79"
"15,5 : 721.91"
"15,6 : 388.89"
"15,7 : 682.36"
"15,8 : 739.26"
"15,9 : 528.16"
"15,10 : 423.96"
"15,11 : 706.6"
"15,12 : 120.42"
"15,13 : 538.88"
"15,14 : 340.31"
"15,15 : 0.0"
"15,16 : 413.67"
"15,17 : 110.16"
"15,18 : 244.03"
"15,19 : 799.1"
"15,20 : 384.2"
"15,21 : 652.01"
"15,22 : 796.35"
"15,23 : 404.1"
"15,24 : 478.51"
"15,25 : 680.15"
"15,26 : 859.81"
"15,27 : 973.48"
"15,28 : 766.77"
"15,29 : 519.21"
"15,30 : 833.85"
"15,31 : 371.3"
"15,32 : 618.32"
"15,33 : 602.76"
"15,34 : 632.21"
"15,35 : 777.05"
"15,36 : 799.2"
"15,37 : 682.7"
"15,38 : 524.33"
"15,39 : 917.99"
"15,40 : 553.29"
"15,41 : 870.46"
"15,42 : 692.74"
"15,43 : 265.31"
"15,44 : 299.71"
"15,45 : 782.9"
"15,46 : 683.35"
"15,47 : 573.07"
"15,48 : 713.2"
"15,49 : 327.39"
"15,50 : 298.61"
"15,51 : 663.2"
"15,52 : 404.5"
"15,53 : 215.64"
"15,54 : 411.54"
"15,55 : 605.07"
"15,56 : 496.01"
"15,57 : 86.28"
"15,58 : 478.51"
"15,59 : 672.13"
"15,60 : 333.38"
"15,61 : 534.39"
"15,62 : 583.47"
"15,63 : 345.41"
"15,64 : 22.14"
"15,65 : 483.1"
"15,66 : 479.15"
"15,67 : 633.06"
"15,68 : 790.58"
"15,69 : 850.35"
"15,70 : 127.28"
"15,71 : 432.11"
"15,72 : 873.71"
"15,73 : 827.19"
"15,74 : 656.23"
"15,75 : 733.57"
"15,76 : 544.13"
"15,77 : 847.97"
"15,78 : 504.92"
"15,79 : 347.25"
"15,80 : 950.37"
"15,81 : 107.2"
"15,82 : 473.91"
"15,83 : 268.12"
"15,84 : 310.86"
"15,85 : 584.74"
"15,86 : 240.24"
"15,87 : 837.61"
"15,88 : 871.39"
"15,89 : 1002.92"
"15,90 : 748.76"
"15,91 : 898.11"
"15,92 : 888.19"
"15,93 : 454.53"
"15,94 : 149.45"
"15,95 : 245.52"
"15,96 : 676.71"
"15,97 : 249.62"
"15,98 : 672.71"
"15,99 : 313.34"
"16,0 : 599.71"
"16,1 : 220.47"
"16,2 : 145.17"
"16,3 : 733.43"
"16,4 : 693.25"
"16,5 : 515.95"
"16,6 : 533.48"
"16,7 : 745.48"
"16,8 : 809.88"
"16,9 : 796.25"
"16,10 : 725.13"
"16,11 : 440.1"
"16,12 : 330.19"
"16,13 : 806.2"
"16,14 : 101.71"
"16,15 : 413.67"
"16,16 : 0.0"
"16,17 : 438.17"
"16,18 : 514.01"
"16,19 : 935.03"
"16,20 : 645.96"
"16,21 : 824.34"
"16,22 : 764.71"
"16,23 : 747.41"
"16,24 : 690.91"
"16,25 : 311.54"
"16,26 : 639.99"
"16,27 : 905.81"
"16,28 : 686.05"
"16,29 : 420.22"
"16,30 : 1062.47"
"16,31 : 723.27"
"16,32 : 804.02"
"16,33 : 304.11"
"16,34 : 515.99"
"16,35 : 1021.08"
"16,36 : 782.15"
"16,37 : 274.75"
"16,38 : 240.48"
"16,39 : 858.46"
"16,40 : 728.77"
"16,41 : 951.7"
"16,42 : 447.26"
"16,43 : 654.28"
"16,44 : 521.28"
"16,45 : 679.49"
"16,46 : 679.55"
"16,47 : 392.09"
"16,48 : 682.06"
"16,49 : 342.31"
"16,50 : 627.0"
"16,51 : 609.95"
"16,52 : 208.32"
"16,53 : 532.68"
"16,54 : 718.92"
"16,55 : 336.34"
"16,56 : 94.92"
"16,57 : 485.12"
"16,58 : 654.34"
"16,59 : 821.09"
"16,60 : 278.71"
"16,61 : 507.94"
"16,62 : 428.58"
"16,63 : 703.91"
"16,64 : 391.88"
"16,65 : 200.96"
"16,66 : 545.98"
"16,67 : 249.1"
"16,68 : 923.62"
"16,69 : 861.06"
"16,70 : 514.82"
"16,71 : 304.96"
"16,72 : 833.0"
"16,73 : 1019.7"
"16,74 : 583.09"
"16,75 : 633.31"
"16,76 : 235.54"
"16,77 : 1030.49"
"16,78 : 293.87"
"16,79 : 697.22"
"16,80 : 908.32"
"16,81 : 345.83"
"16,82 : 563.53"
"16,83 : 157.42"
"16,84 : 103.85"
"16,85 : 174.18"
"16,86 : 589.54"
"16,87 : 580.36"
"16,88 : 869.07"
"16,89 : 862.9"
"16,90 : 433.03"
"16,91 : 682.02"
"16,92 : 687.52"
"16,93 : 302.87"
"16,94 : 265.91"
"16,95 : 609.65"
"16,96 : 282.73"
"16,97 : 382.55"
"16,98 : 570.9"
"16,99 : 660.73"
"17,0 : 460.3"
"17,1 : 489.98"
"17,2 : 583.1"
"17,3 : 301.73"
"17,4 : 272.36"
"17,5 : 658.19"
"17,6 : 282.19"
"17,7 : 575.95"
"17,8 : 631.6"
"17,9 : 425.82"
"17,10 : 326.84"
"17,11 : 658.7"
"17,12 : 213.25"
"17,13 : 436.59"
"17,14 : 385.95"
"17,15 : 110.16"
"17,16 : 438.17"
"17,17 : 0.0"
"17,18 : 134.37"
"17,19 : 688.94"
"17,20 : 277.71"
"17,21 : 542.07"
"17,22 : 698.11"
"17,23 : 322.44"
"17,24 : 369.06"
"17,25 : 666.02"
"17,26 : 793.89"
"17,27 : 876.98"
"17,28 : 676.5"
"17,29 : 445.7"
"17,30 : 729.12"
"17,31 : 293.51"
"17,32 : 508.66"
"17,33 : 570.52"
"17,34 : 553.96"
"17,35 : 673.92"
"17,36 : 699.06"
"17,37 : 690.55"
"17,38 : 495.63"
"17,39 : 821.24"
"17,40 : 443.16"
"17,41 : 761.33"
"17,42 : 640.13"
"17,43 : 217.04"
"17,44 : 189.79"
"17,45 : 695.97"
"17,46 : 584.13"
"17,47 : 513.21"
"17,48 : 616.9"
"17,49 : 256.35"
"17,50 : 206.63"
"17,51 : 571.95"
"17,52 : 373.55"
"17,53 : 114.13"
"17,54 : 315.91"
"17,55 : 564.41"
"17,56 : 529.06"
"17,57 : 81.61"
"17,58 : 368.39"
"17,59 : 561.97"
"17,60 : 281.89"
"17,61 : 445.07"
"17,62 : 516.74"
"17,63 : 271.02"
"17,64 : 117.96"
"17,65 : 459.48"
"17,66 : 377.94"
"17,67 : 627.78"
"17,68 : 680.42"
"17,69 : 746.38"
"17,70 : 86.7"
"17,71 : 376.77"
"17,72 : 775.21"
"17,73 : 719.01"
"17,74 : 568.66"
"17,75 : 647.71"
"17,76 : 520.05"
"17,77 : 739.26"
"17,78 : 459.67"
"17,79 : 267.74"
"17,80 : 850.9"
"17,81 : 204.4"
"17,82 : 369.96"
"17,83 : 281.15"
"17,84 : 335.48"
"17,85 : 612.31"
"17,86 : 156.73"
"17,87 : 781.61"
"17,88 : 768.46"
"17,89 : 917.22"
"17,90 : 712.9"
"17,91 : 830.19"
"17,92 : 817.1"
"17,93 : 401.62"
"17,94 : 203.82"
"17,95 : 172.89"
"17,96 : 674.64"
"17,97 : 164.4"
"17,98 : 589.6"
"17,99 : 231.41"
"18,0 : 356.35"
"18,1 : 509.52"
"18,2 : 654.08"
"18,3 : 232.36"
"18,4 : 300.91"
"18,5 : 615.6"
"18,6 : 169.14"
"18,7 : 456.16"
"18,8 : 508.06"
"18,9 : 299.84"
"18,10 : 212.84"
"18,11 : 639.3"
"18,12 : 344.4"
"18,13 : 310.54"
"18,14 : 482.78"
"18,15 : 244.03"
"18,16 : 514.01"
"18,17 : 134.37"
"18,18 : 0.0"
"18,19 : 555.91"
"18,20 : 147.33"
"18,21 : 408.0"
"18,22 : 595.12"
"18,23 : 237.93"
"18,24 : 234.69"
"18,25 : 690.14"
"18,26 : 744.31"
"18,27 : 775.39"
"18,28 : 589.1"
"18,29 : 397.4"
"18,30 : 598.32"
"18,31 : 219.79"
"18,32 : 374.34"
"18,33 : 576.0"
"18,34 : 491.64"
"18,35 : 545.08"
"18,36 : 592.2"
"18,37 : 739.07"
"18,38 : 509.8"
"18,39 : 719.7"
"18,40 : 309.78"
"18,41 : 633.08"
"18,42 : 614.7"
"18,43 : 210.68"
"18,44 : 64.9"
"18,45 : 614.2"
"18,46 : 480.94"
"18,47 : 482.84"
"18,48 : 519.11"
"18,49 : 236.36"
"18,50 : 120.54"
"18,51 : 485.23"
"18,52 : 394.87"
"18,53 : 56.4"
"18,54 : 205.46"
"18,55 : 559.01"
"18,56 : 608.62"
"18,57 : 190.42"
"18,58 : 236.76"
"18,59 : 429.16"
"18,60 : 288.31"
"18,61 : 367.2"
"18,62 : 475.39"
"18,63 : 207.33"
"18,64 : 252.24"
"18,65 : 482.42"
"18,66 : 276.48"
"18,67 : 663.68"
"18,68 : 547.67"
"18,69 : 630.97"
"18,70 : 163.71"
"18,71 : 364.03"
"18,72 : 670.79"
"18,73 : 585.1"
"18,74 : 489.02"
"18,75 : 568.96"
"18,76 : 538.56"
"18,77 : 605.05"
"18,78 : 454.25"
"18,79 : 195.03"
"18,80 : 743.89"
"18,81 : 336.93"
"18,82 : 261.32"
"18,83 : 360.11"
"18,84 : 418.63"
"18,85 : 683.76"
"18,86 : 113.6"
"18,87 : 747.02"
"18,88 : 655.13"
"18,89 : 834.13"
"18,90 : 708.09"
"18,91 : 776.81"
"18,92 : 759.09"
"18,93 : 390.02"
"18,94 : 320.25"
"18,95 : 143.59"
"18,96 : 712.58"
"18,97 : 146.49"
"18,98 : 517.42"
"18,99 : 161.64"
"19,0 : 344.19"
"19,1 : 798.03"
"19,2 : 1038.5"
"19,3 : 569.2"
"19,4 : 766.6"
"19,5 : 659.9"
"19,6 : 427.38"
"19,7 : 212.98"
"19,8 : 163.98"
"19,9 : 347.54"
"19,10 : 448.14"
"19,11 : 759.82"
"19,12 : 888.81"
"19,13 : 341.46"
"19,14 : 952.77"
"19,15 : 799.1"
"19,16 : 935.03"
"19,17 : 688.94"
"19,18 : 555.91"
"19,19 : 0.0"
"19,20 : 431.96"
"19,21 : 152.78"
"19,22 : 347.52"
"19,23 : 531.74"
"19,24 : 326.34"
"19,25 : 936.56"
"19,26 : 707.9"
"19,27 : 451.96"
"19,28 : 441.19"
"19,29 : 553.81"
"19,30 : 240.3"
"19,31 : 559.09"
"19,32 : 190.38"
"19,33 : 800.74"
"19,34 : 527.47"
"19,35 : 261.03"
"19,36 : 319.19"
"19,37 : 1047.3"
"19,38 : 783.98"
"19,39 : 417.01"
"19,40 : 246.17"
"19,41 : 129.69"
"19,42 : 723.58"
"19,43 : 671.87"
"19,44 : 500.1"
"19,45 : 481.92"
"19,46 : 325.73"
"19,47 : 639.24"
"19,48 : 361.93"
"19,49 : 597.99"
"19,50 : 549.72"
"19,51 : 417.0"
"19,52 : 735.26"
"19,53 : 595.0"
"19,54 : 463.38"
"19,55 : 757.24"
"19,56 : 1021.65"
"19,57 : 743.03"
"19,58 : 321.02"
"19,59 : 127.04"
"19,60 : 657.79"
"19,61 : 449.81"
"19,62 : 599.79"
"19,63 : 580.11"
"19,64 : 805.27"
"19,65 : 789.82"
"19,66 : 389.08"
"19,67 : 951.28"
"19,68 : 12.04"
"19,69 : 265.05"
"19,70 : 709.57"
"19,71 : 643.12"
"19,72 : 369.99"
"19,73 : 144.84"
"19,74 : 451.86"
"19,75 : 479.25"
"19,76 : 813.83"
"19,77 : 132.26"
"19,78 : 700.16"
"19,79 : 561.96"
"19,80 : 393.94"
"19,81 : 884.27"
"19,82 : 373.16"
"19,83 : 821.69"
"19,84 : 873.79"
"19,85 : 1064.71"
"19,86 : 606.15"
"19,87 : 772.39"
"19,88 : 294.06"
"19,89 : 603.75"
"19,90 : 856.21"
"19,91 : 712.55"
"19,92 : 679.74"
"19,93 : 655.52"
"19,94 : 844.18"
"19,95 : 624.42"
"19,96 : 995.11"
"19,97 : 597.76"
"19,98 : 493.26"
"19,99 : 569.56"
"20,0 : 323.19"
"20,1 : 606.64"
"20,2 : 781.03"
"20,3 : 185.61"
"20,4 : 348.28"
"20,5 : 649.49"
"20,6 : 166.05"
"20,7 : 378.41"
"20,8 : 417.83"
"20,9 : 153.65"
"20,10 : 92.4"
"20,11 : 696.68"
"20,12 : 490.32"
"20,13 : 164.21"
"20,14 : 624.12"
"20,15 : 384.2"
"20,16 : 645.96"
"20,17 : 277.71"
"20,18 : 147.33"
"20,19 : 431.96"
"20,20 : 0.0"
"20,21 : 279.52"
"20,22 : 545.02"
"20,23 : 165.42"
"20,24 : 107.15"
"20,25 : 784.41"
"20,26 : 764.83"
"20,27 : 721.49"
"20,28 : 565.36"
"20,29 : 440.55"
"20,30 : 451.65"
"20,31 : 171.28"
"20,32 : 242.84"
"20,33 : 658.92"
"20,34 : 509.4"
"20,35 : 397.78"
"20,36 : 535.09"
"20,37 : 850.37"
"20,38 : 602.8"
"20,39 : 667.49"
"20,40 : 191.93"
"20,41 : 525.71"
"20,42 : 667.08"
"20,43 : 249.34"
"20,44 : 124.84"
"20,45 : 597.71"
"20,46 : 437.04"
"20,47 : 537.72"
"20,48 : 482.37"
"20,49 : 330.04"
"20,50 : 120.83"
"20,51 : 469.11"
"20,52 : 499.71"
"20,53 : 169.58"
"20,54 : 95.01"
"20,55 : 633.22"
"20,56 : 740.85"
"20,57 : 317.01"
"20,58 : 140.73"
"20,59 : 309.3"
"20,60 : 392.82"
"20,61 : 376.34"
"20,62 : 519.22"
"20,63 : 179.25"
"20,64 : 395.03"
"20,65 : 583.34"
"20,66 : 261.96"
"20,67 : 767.61"
"20,68 : 425.29"
"20,69 : 555.24"
"20,70 : 280.52"
"20,71 : 445.57"
"20,72 : 615.09"
"20,73 : 443.63"
"20,74 : 483.33"
"20,75 : 559.26"
"20,76 : 633.59"
"20,77 : 465.39"
"20,78 : 534.48"
"20,79 : 159.51"
"20,80 : 681.25"
"20,81 : 482.03"
"20,82 : 235.44"
"20,83 : 497.19"
"20,84 : 555.84"
"20,85 : 810.54"
"20,86 : 174.32"
"20,87 : 784.53"
"20,88 : 582.95"
"20,89 : 807.83"
"20,90 : 776.96"
"20,91 : 791.69"
"20,92 : 768.85"
"20,93 : 470.02"
"20,94 : 467.34"
"20,95 : 194.34"
"20,96 : 816.84"
"20,97 : 263.9"
"20,98 : 520.25"
"20,99 : 150.81"
"21,0 : 274.05"
"21,1 : 713.53"
"21,2 : 939.17"
"21,3 : 420.53"
"21,4 : 615.07"
"21,5 : 631.02"
"21,6 : 296.59"
"21,7 : 201.0"
"21,8 : 197.65"
"21,9 : 205.06"
"21,10 : 298.08"
"21,11 : 716.6"
"21,12 : 746.63"
"21,13 : 201.06"
"21,14 : 830.78"
"21,15 : 652.01"
"21,16 : 824.34"
"21,17 : 542.07"
"21,18 : 408.0"
"21,19 : 152.78"
"21,20 : 279.52"
"21,21 : 0.0"
"21,22 : 382.28"
"21,23 : 384.22"
"21,24 : 175.03"
"21,25 : 868.81"
"21,26 : 706.8"
"21,27 : 529.5"
"21,28 : 450.93"
"21,29 : 481.07"
"21,30 : 250.98"
"21,31 : 409.72"
"21,32 : 38.01"
"21,33 : 732.3"
"21,34 : 486.56"
"21,35 : 231.4"
"21,36 : 360.1"
"21,37 : 967.32"
"21,38 : 702.2"
"21,39 : 483.62"
"21,40 : 101.2"
"21,41 : 259.88"
"21,42 : 681.14"
"21,43 : 519.62"
"21,44 : 355.73"
"21,45 : 491.55"
"21,46 : 313.82"
"21,47 : 576.67"
"21,48 : 360.61"
"21,49 : 482.15"
"21,50 : 396.94"
"21,51 : 392.31"
"21,52 : 635.0"
"21,53 : 444.39"
"21,54 : 313.06"
"21,55 : 693.03"
"21,56 : 914.89"
"21,57 : 592.75"
"21,58 : 179.74"
"21,59 : 46.1"
"21,60 : 545.88"
"21,61 : 379.47"
"21,62 : 541.87"
"21,63 : 429.61"
"21,64 : 659.44"
"21,65 : 700.33"
"21,66 : 288.78"
"21,67 : 873.59"
"21,68 : 146.89"
"21,69 : 340.56"
"21,70 : 558.34"
"21,71 : 549.85"
"21,72 : 430.76"
"21,73 : 195.36"
"21,74 : 422.81"
"21,75 : 473.33"
"21,76 : 733.39"
"21,77 : 207.62"
"21,78 : 619.79"
"21,79 : 411.07"
"21,80 : 477.21"
"21,81 : 741.04"
"21,82 : 265.34"
"21,83 : 698.7"
"21,84 : 753.62"
"21,85 : 966.83"
"21,86 : 453.54"
"21,87 : 756.9"
"21,88 : 371.52"
"21,89 : 658.3"
"21,90 : 810.84"
"21,91 : 720.26"
"21,92 : 690.01"
"21,93 : 566.63"
"21,94 : 707.44"
"21,95 : 471.64"
"21,96 : 920.15"
"21,97 : 465.85"
"21,98 : 466.77"
"21,99 : 417.31"
"22,0 : 239.2"
"22,1 : 573.48"
"22,2 : 829.6"
"22,3 : 728.32"
"22,4 : 882.84"
"22,5 : 348.6"
"22,6 : 425.98"
"22,7 : 184.62"
"22,8 : 192.51"
"22,9 : 559.11"
"22,10 : 612.49"
"22,11 : 460.96"
"22,12 : 845.51"
"22,13 : 559.47"
"22,14 : 816.85"
"22,15 : 796.35"
"22,16 : 764.71"
"22,17 : 698.11"
"22,18 : 595.12"
"22,19 : 347.52"
"22,20 : 545.02"
"22,21 : 382.28"
"22,22 : 0.0"
"22,23 : 701.45"
"22,24 : 456.71"
"22,25 : 666.35"
"22,26 : 366.49"
"22,27 : 180.28"
"22,28 : 106.22"
"22,29 : 345.0"
"22,30 : 584.07"
"22,31 : 714.47"
"22,32 : 404.81"
"22,33 : 541.92"
"22,34 : 257.34"
"22,35 : 591.71"
"22,36 : 29.68"
"22,37 : 794.31"
"22,38 : 554.81"
"22,39 : 124.65"
"22,40 : 387.77"
"22,41 : 266.91"
"22,42 : 426.44"
"22,43 : 784.21"
"22,44 : 530.61"
"22,45 : 142.27"
"22,46 : 114.4"
"22,47 : 389.03"
"22,48 : 86.35"
"22,49 : 492.52"
"22,50 : 656.54"
"22,51 : 155.0"
"22,52 : 558.0"
"22,53 : 650.15"
"22,54 : 623.57"
"22,55 : 494.53"
"22,56 : 833.51"
"22,57 : 774.4"
"22,58 : 406.04"
"22,59 : 338.42"
"22,60 : 527.19"
"22,61 : 274.31"
"22,62 : 347.34"
"22,63 : 724.26"
"22,64 : 792.91"
"22,65 : 577.89"
"22,66 : 320.98"
"22,67 : 699.16"
"22,68 : 337.41"
"22,69 : 114.2"
"22,70 : 756.01"
"22,71 : 463.28"
"22,72 : 77.37"
"22,73 : 491.62"
"22,74 : 182.46"
"22,75 : 158.93"
"22,76 : 578.52"
"22,77 : 479.51"
"22,78 : 478.75"
"22,79 : 704.48"
"22,80 : 154.87"
"22,81 : 847.52"
"22,82 : 333.79"
"22,83 : 702.35"
"22,84 : 739.04"
"22,85 : 850.65"
"22,86 : 692.26"
"22,87 : 439.79"
"22,88 : 109.56"
"22,89 : 276.98"
"22,90 : 554.43"
"22,91 : 366.96"
"22,92 : 333.65"
"22,93 : 462.11"
"22,94 : 777.42"
"22,95 : 719.92"
"22,96 : 735.01"
"22,97 : 548.34"
"22,98 : 204.6"
"22,99 : 693.42"
"23,0 : 487.14"
"23,1 : 744.27"
"23,2 : 889.48"
"23,3 : 39.62"
"23,4 : 244.81"
"23,5 : 812.56"
"23,6 : 328.21"
"23,7 : 526.4"
"23,8 : 556.14"
"23,9 : 185.81"
"23,10 : 90.14"
"23,11 : 854.21"
"23,12 : 523.58"
"23,13 : 193.5"
"23,14 : 706.0"
"23,15 : 404.1"
"23,16 : 747.41"
"23,17 : 322.44"
"23,18 : 237.93"
"23,19 : 531.74"
"23,20 : 165.42"
"23,21 : 384.22"
"23,22 : 701.45"
"23,23 : 0.0"
"23,24 : 245.52"
"23,25 : 924.58"
"23,26 : 929.81"
"23,27 : 874.2"
"23,28 : 728.49"
"23,29 : 600.33"
"23,30 : 473.66"
"23,31 : 35.69"
"23,32 : 346.66"
"23,33 : 805.44"
"23,34 : 674.06"
"23,35 : 410.1"
"23,36 : 688.94"
"23,37 : 976.96"
"23,38 : 743.14"
"23,39 : 821.52"
"23,40 : 323.63"
"23,41 : 643.83"
"23,42 : 826.01"
"23,43 : 166.33"
"23,44 : 257.97"
"23,45 : 761.76"
"23,46 : 597.07"
"23,47 : 695.1"
"23,48 : 643.59"
"23,49 : 467.18"
"23,50 : 120.42"
"23,51 : 633.8"
"23,52 : 631.23"
"23,53 : 215.42"
"23,54 : 77.94"
"23,55 : 783.9"
"23,56 : 841.22"
"23,57 : 319.68"
"23,58 : 296.18"
"23,59 : 424.5"
"23,60 : 523.84"
"23,61 : 541.13"
"23,62 : 679.54"
"23,63 : 63.56"
"23,64 : 421.75"
"23,65 : 718.18"
"23,66 : 427.35"
"23,67 : 900.62"
"23,68 : 528.05"
"23,69 : 699.17"
"23,70 : 277.66"
"23,71 : 591.18"
"23,72 : 768.32"
"23,73 : 499.14"
"23,74 : 648.64"
"23,75 : 724.17"
"23,76 : 772.75"
"23,77 : 526.24"
"23,78 : 681.61"
"23,79 : 56.94"
"23,80 : 830.31"
"23,81 : 511.17"
"23,82 : 400.82"
"23,83 : 591.03"
"23,84 : 648.59"
"23,85 : 919.13"
"23,86 : 166.51"
"23,87 : 947.38"
"23,88 : 728.4"
"23,89 : 969.12"
"23,90 : 930.62"
"23,91 : 957.0"
"23,92 : 934.26"
"23,93 : 616.68"
"23,94 : 526.13"
"23,95 : 158.81"
"23,96 : 949.65"
"23,97 : 383.36"
"23,98 : 685.67"
"23,99 : 91.55"
