x,y
0,265
893,868
116,429
400,96
337,23
32,601
799,826
218,125
257,980
703,433
580,451
931,264
427,502
287,601
963,843
453,605
645,938
852,311
974,259
442,831
566,364
571,640
549,130
834,793
747,6
747,108
131,130
757,253
252,911
56,189
272,337
971,947
849,183
875,240
983,422
581,867
756,822
547,125
35,272
272,997
275,392
334,153
911,492
432,95
723,594
561,28
677,576
356,431
999,706
684,780
954,643
714,993
752,123
70,544
837,98
466,115
118,354
268,400
947,962
418,639
880,484
360,156
677,241
288,360
929,65
953,489
550,951
275,192
217,583
932,728
507,889
384,31
142,251
367,223
376,72
938,214
163,9
551,38
630,175
521,550
998,310
292,188
472,969
842,440
92,208
597,239
86,743
422,929
214,683
265,258
787,593
54,518
5,805
822,509
35,72
231,28
436,747
545,374
355,917
628,442

Distanze
"0,0 : 0.0"
"0,1 : 1077.52"
"0,2 : 200.88"
"0,3 : 434.24"
"0,4 : 414.89"
"0,5 : 337.52"
"0,6 : 976.28"
"0,7 : 259.08"
"0,8 : 759.79"
"0,9 : 722.8"
"0,10 : 609.09"
"0,11 : 931.0"
"0,12 : 488.36"
"0,13 : 441.89"
"0,14 : 1123.14"
"0,15 : 566.4"
"0,16 : 932.18"
"0,17 : 853.24"
"0,18 : 974.02"
"0,19 : 718.14"
"0,20 : 574.59"
"0,21 : 683.13"
"0,22 : 565.35"
"0,23 : 987.09"
"0,24 : 790.63"
"0,25 : 763.32"
"0,26 : 188.11"
"0,27 : 757.1"
"0,28 : 693.41"
"0,29 : 94.4"
"0,30 : 281.37"
"0,31 : 1186.58"
"0,32 : 852.95"
"0,33 : 875.36"
"0,34 : 995.46"
"0,35 : 836.64"
"0,36 : 939.03"
"0,37 : 564.63"
"0,38 : 35.69"
"0,39 : 780.9"
"0,40 : 302.91"
"0,41 : 352.28"
"0,42 : 938.86"
"0,43 : 464.25"
"0,44 : 794.34"
"0,45 : 609.01"
"0,46 : 745.02"
"0,47 : 392.8"
"0,48 : 1092.01"
"0,49 : 856.2"
"0,50 : 1026.16"
"0,51 : 1019.7"
"0,52 : 765.29"
"0,53 : 287.65"
"0,54 : 853.5"
"0,55 : 489.55"
"0,56 : 147.8"
"0,57 : 300.08"
"0,58 : 1175.85"
"0,59 : 560.89"
"0,60 : 906.84"
"0,61 : 376.14"
"0,62 : 677.43"
"0,63 : 303.26"
"0,64 : 950.28"
"0,65 : 978.97"
"0,66 : 879.26"
"0,67 : 284.52"
"0,68 : 384.98"
"0,69 : 1040.67"
"0,70 : 804.01"
"0,71 : 449.68"
"0,72 : 142.69"
"0,73 : 369.4"
"0,74 : 422.64"
"0,75 : 939.39"
"0,76 : 303.49"
"0,77 : 595.93"
"0,78 : 636.4"
"0,79 : 593.86"
"0,80 : 999.01"
"0,81 : 301.98"
"0,82 : 847.58"
"0,83 : 859.99"
"0,84 : 108.23"
"0,85 : 597.57"
"0,86 : 485.67"
"0,87 : 786.75"
"0,88 : 469.6"
"0,89 : 265.09"
"0,90 : 852.62"
"0,91 : 258.7"
"0,92 : 540.02"
"0,93 : 857.45"
"0,94 : 196.15"
"0,95 : 330.95"
"0,96 : 649.94"
"0,97 : 555.79"
"0,98 : 742.38"
"0,99 : 652.47"
"1,0 : 1077.52"
"1,1 : 0.0"
"1,2 : 892.44"
"1,3 : 915.99"
"1,4 : 1011.51"
"1,5 : 901.45"
"1,6 : 102.96"
"1,7 : 1003.83"
"1,8 : 645.79"
"1,9 : 474.68"
"1,10 : 521.4"
"1,11 : 605.19"
"1,12 : 592.55"
"1,13 : 662.21"
"1,14 : 74.33"
"1,15 : 512.61"
"1,16 : 257.69"
"1,17 : 558.51"
"1,18 : 614.36"
"1,19 : 452.52"
"1,20 : 600.79"
"1,21 : 394.55"
"1,22 : 814.24"
"1,23 : 95.43"
"1,24 : 874.28"
"1,25 : 773.9"
"1,26 : 1060.8"
"1,27 : 629.86"
"1,28 : 642.44"
"1,29 : 1077.78"
"1,30 : 817.07"
"1,31 : 111.02"
"1,32 : 686.41"
"1,33 : 628.26"
"1,34 : 454.99"
"1,35 : 312.0"
"1,36 : 144.52"
"1,37 : 819.61"
"1,38 : 1044.69"
"1,39 : 634.26"
"1,40 : 780.06"
"1,41 : 907.58"
"1,42 : 376.43"
"1,43 : 900.03"
"1,44 : 322.45"
"1,45 : 903.23"
"1,46 : 363.21"
"1,47 : 692.34"
"1,48 : 193.6"
"1,49 : 226.77"
"1,50 : 233.12"
"1,51 : 218.33"
"1,52 : 758.23"
"1,53 : 884.48"
"1,54 : 772.03"
"1,55 : 865.64"
"1,56 : 929.96"
"1,57 : 780.8"
"1,58 : 108.41"
"1,59 : 527.32"
"1,60 : 384.22"
"1,61 : 889.4"
"1,62 : 663.16"
"1,63 : 789.99"
"1,64 : 803.81"
"1,65 : 383.72"
"1,66 : 352.9"
"1,67 : 915.91"
"1,68 : 733.62"
"1,69 : 145.33"
"1,70 : 386.57"
"1,71 : 979.62"
"1,72 : 971.95"
"1,73 : 832.29"
"1,74 : 949.16"
"1,75 : 655.55"
"1,76 : 1127.29"
"1,77 : 897.7"
"1,78 : 741.23"
"1,79 : 489.4"
"1,80 : 567.79"
"1,81 : 907.52"
"1,82 : 432.95"
"1,83 : 431.03"
"1,84 : 1037.88"
"1,85 : 695.17"
"1,86 : 816.62"
"1,87 : 474.93"
"1,88 : 703.75"
"1,89 : 875.49"
"1,90 : 294.72"
"1,91 : 909.08"
"1,92 : 890.23"
"1,93 : 365.95"
"1,94 : 1170.38"
"1,95 : 1069.51"
"1,96 : 472.75"
"1,97 : 604.27"
"1,98 : 540.23"
"1,99 : 501.7"
"2,0 : 200.88"
"2,1 : 892.44"
"2,2 : 0.0"
"2,3 : 437.66"
"2,4 : 462.25"
"2,5 : 191.42"
"2,6 : 790.0"
"2,7 : 320.66"
"2,8 : 568.75"
"2,9 : 587.01"
"2,10 : 464.52"
"2,11 : 831.53"
"2,12 : 319.45"
"2,13 : 242.54"
"2,14 : 942.76"
"2,15 : 380.19"
"2,16 : 734.11"
"2,17 : 745.4"
"2,18 : 874.68"
"2,19 : 517.57"
"2,20 : 454.67"
"2,21 : 501.54"
"2,22 : 526.2"
"2,23 : 805.0"
"2,24 : 759.66"
"2,25 : 707.96"
"2,26 : 299.38"
"2,27 : 664.72"
"2,28 : 500.82"
"2,29 : 247.39"
"2,30 : 181.11"
"2,31 : 999.67"
"2,32 : 773.18"
"2,33 : 782.18"
"2,34 : 867.03"
"2,35 : 638.8"
"2,36 : 751.03"
"2,37 : 527.42"
"2,38 : 176.66"
"2,39 : 589.03"
"2,40 : 163.25"
"2,41 : 351.71"
"2,42 : 797.49"
"2,43 : 459.8"
"2,44 : 629.03"
"2,45 : 599.02"
"2,46 : 579.94"
"2,47 : 240.01"
"2,48 : 925.43"
"2,49 : 667.7"
"2,50 : 864.89"
"2,51 : 822.01"
"2,52 : 705.78"
"2,53 : 123.86"
"2,54 : 793.35"
"2,55 : 470.21"
"2,56 : 75.03"
"2,57 : 154.74"
"2,58 : 987.24"
"2,59 : 367.84"
"2,60 : 765.98"
"2,61 : 366.15"
"2,62 : 591.66"
"2,63 : 185.32"
"2,64 : 890.77"
"2,65 : 839.15"
"2,66 : 678.85"
"2,67 : 285.39"
"2,68 : 184.17"
"2,69 : 869.06"
"2,70 : 603.72"
"2,71 : 479.82"
"2,72 : 179.89"
"2,73 : 324.71"
"2,74 : 441.64"
"2,75 : 849.65"
"2,76 : 422.62"
"2,77 : 584.9"
"2,78 : 573.33"
"2,79 : 422.69"
"2,80 : 889.99"
"2,81 : 298.42"
"2,82 : 646.79"
"2,83 : 726.08"
"2,84 : 222.3"
"2,85 : 517.17"
"2,86 : 315.43"
"2,87 : 586.2"
"2,88 : 272.25"
"2,89 : 226.81"
"2,90 : 690.75"
"2,91 : 108.47"
"2,92 : 392.04"
"2,93 : 710.52"
"2,94 : 366.07"
"2,95 : 417.16"
"2,96 : 451.14"
"2,97 : 432.51"
"2,98 : 543.38"
"2,99 : 512.17"
"3,0 : 434.24"
"3,1 : 915.99"
"3,2 : 437.66"
"3,3 : 0.0"
"3,4 : 96.43"
"3,5 : 624.86"
"3,6 : 831.93"
"3,7 : 184.3"
"3,8 : 895.49"
"3,9 : 453.19"
"3,10 : 398.03"
"3,11 : 556.94"
"3,12 : 406.9"
"3,13 : 517.49"
"3,14 : 935.4"
"3,15 : 511.75"
"3,16 : 876.92"
"3,17 : 500.53"
"3,18 : 596.7"
"3,19 : 736.2"
"3,20 : 315.25"
"3,21 : 570.24"
"3,22 : 152.83"
"3,23 : 821.08"
"3,24 : 358.48"
"3,25 : 347.21"
"3,26 : 271.14"
"3,27 : 390.0"
"3,28 : 828.33"
"3,29 : 356.35"
"3,30 : 272.88"
"3,31 : 1024.81"
"3,32 : 457.35"
"3,33 : 496.35"
"3,34 : 667.96"
"3,35 : 791.96"
"3,36 : 808.59"
"3,37 : 149.83"
"3,38 : 405.22"
"3,39 : 910.05"
"3,40 : 321.31"
"3,41 : 87.21"
"3,42 : 646.48"
"3,43 : 32.02"
"3,44 : 593.58"
"3,45 : 174.77"
"3,46 : 554.19"
"3,47 : 337.88"
"3,48 : 854.93"
"3,49 : 740.62"
"3,50 : 778.54"
"3,51 : 950.37"
"3,52 : 353.03"
"3,53 : 556.42"
"3,54 : 437.0"
"3,55 : 68.68"
"3,56 : 382.21"
"3,57 : 331.42"
"3,58 : 1024.29"
"3,59 : 543.3"
"3,60 : 617.21"
"3,61 : 72.11"
"3,62 : 312.66"
"3,63 : 286.78"
"3,64 : 529.91"
"3,65 : 678.42"
"3,66 : 868.06"
"3,67 : 157.61"
"3,68 : 520.25"
"3,69 : 826.1"
"3,70 : 800.19"
"3,71 : 66.94"
"3,72 : 300.98"
"3,73 : 131.22"
"3,74 : 33.94"
"3,75 : 550.79"
"3,76 : 252.46"
"3,77 : 161.76"
"3,78 : 243.19"
"3,79 : 469.85"
"3,80 : 635.14"
"3,81 : 141.87"
"3,82 : 875.96"
"3,83 : 560.09"
"3,84 : 327.73"
"3,85 : 243.43"
"3,86 : 719.17"
"3,87 : 833.29"
"3,88 : 615.76"
"3,89 : 210.88"
"3,90 : 629.9"
"3,91 : 545.71"
"3,92 : 811.61"
"3,93 : 590.47"
"3,94 : 365.79"
"3,95 : 182.17"
"3,96 : 651.99"
"3,97 : 313.54"
"3,98 : 822.23"
"3,99 : 414.37"
"4,0 : 414.89"
"4,1 : 1011.51"
"4,2 : 462.25"
"4,3 : 96.43"
"4,4 : 0.0"
"4,5 : 653.54"
"4,6 : 926.42"
"4,7 : 156.73"
"4,8 : 960.34"
"4,9 : 549.6"
"4,10 : 492.17"
"4,11 : 641.03"
"4,12 : 487.38"
"4,13 : 580.16"
"4,14 : 1031.64"
"4,15 : 593.45"
"4,16 : 965.45"
"4,17 : 590.06"
"4,18 : 679.31"
"4,19 : 814.79"
"4,20 : 410.76"
"4,21 : 659.88"
"4,22 : 237.47"
"4,23 : 916.47"
"4,24 : 410.35"
"4,25 : 418.72"
"4,26 : 232.13"
"4,27 : 478.85"
"4,28 : 892.06"
"4,29 : 326.37"
"4,30 : 320.66"
"4,31 : 1120.59"
"4,32 : 536.42"
"4,33 : 580.11"
"4,34 : 759.29"
"4,35 : 878.56"
"4,36 : 902.2"
"4,37 : 233.46"
"4,38 : 391.41"
"4,39 : 976.17"
"4,40 : 374.17"
"4,41 : 130.03"
"4,42 : 741.24"
"4,43 : 119.2"
"4,44 : 689.23"
"4,45 : 224.06"
"4,46 : 649.16"
"4,47 : 408.44"
"4,48 : 951.17"
"4,49 : 832.74"
"4,50 : 874.69"
"4,51 : 1040.69"
"4,52 : 426.88"
"4,53 : 585.43"
"4,54 : 505.59"
"4,55 : 158.45"
"4,56 : 396.89"
"4,57 : 383.26"
"4,58 : 1119.74"
"4,59 : 621.3"
"4,60 : 712.3"
"4,61 : 134.97"
"4,62 : 403.89"
"4,63 : 340.54"
"4,64 : 593.49"
"4,65 : 772.41"
"4,66 : 952.13"
"4,67 : 180.01"
"4,68 : 572.71"
"4,69 : 922.52"
"4,70 : 882.53"
"4,71 : 47.68"
"4,72 : 300.01"
"4,73 : 202.24"
"4,74 : 62.63"
"4,75 : 630.62"
"4,76 : 174.56"
"4,77 : 214.53"
"4,78 : 330.08"
"4,79 : 558.2"
"4,80 : 720.62"
"4,81 : 171.03"
"4,82 : 955.58"
"4,83 : 654.92"
"4,84 : 307.0"
"4,85 : 338.02"
"4,86 : 762.5"
"4,87 : 909.98"
"4,88 : 671.36"
"4,89 : 245.78"
"4,90 : 726.22"
"4,91 : 570.19"
"4,92 : 849.56"
"4,93 : 686.6"
"4,94 : 305.95"
"4,95 : 106.12"
"4,96 : 730.74"
"4,97 : 408.0"
"4,98 : 894.18"
"4,99 : 510.14"
"5,0 : 337.52"
"5,1 : 901.45"
"5,2 : 191.42"
"5,3 : 624.86"
"5,4 : 653.54"
"5,5 : 0.0"
"5,6 : 799.32"
"5,7 : 511.05"
"5,8 : 440.76"
"5,9 : 691.71"
"5,10 : 568.16"
"5,11 : 960.09"
"5,12 : 407.22"
"5,13 : 255.0"
"5,14 : 961.94"
"5,15 : 421.02"
"5,16 : 699.53"
"5,17 : 869.77"
"5,18 : 1002.16"
"5,19 : 470.11"
"5,20 : 584.23"
"5,21 : 540.41"
"5,22 : 699.38"
"5,23 : 824.66"
"5,24 : 930.19"
"5,25 : 868.49"
"5,26 : 481.29"
"5,27 : 804.19"
"5,28 : 380.13"
"5,29 : 412.7"
"5,30 : 356.79"
"5,31 : 1000.72"
"5,32 : 917.72"
"5,33 : 917.04"
"5,34 : 967.7"
"5,35 : 610.05"
"5,36 : 756.98"
"5,37 : 701.29"
"5,38 : 329.01"
"5,39 : 463.05"
"5,40 : 320.52"
"5,41 : 540.29"
"5,42 : 885.73"
"5,43 : 645.01"
"5,44 : 691.04"
"5,45 : 779.85"
"5,46 : 645.48"
"5,47 : 365.89"
"5,48 : 972.68"
"5,49 : 676.12"
"5,50 : 922.96"
"5,51 : 786.63"
"5,52 : 864.22"
"5,53 : 68.51"
"5,54 : 949.23"
"5,55 : 651.58"
"5,56 : 261.54"
"5,57 : 310.0"
"5,58 : 983.64"
"5,59 : 387.87"
"5,60 : 856.03"
"5,61 : 552.82"
"5,62 : 738.66"
"5,63 : 351.59"
"5,64 : 1044.94"
"5,65 : 927.78"
"5,66 : 625.16"
"5,67 : 475.74"
"5,68 : 185.87"
"5,69 : 908.92"
"5,70 : 555.49"
"5,71 : 669.93"
"5,72 : 366.88"
"5,73 : 505.08"
"5,74 : 631.01"
"5,75 : 985.19"
"5,76 : 606.32"
"5,77 : 765.72"
"5,78 : 734.22"
"5,79 : 491.65"
"5,80 : 1008.88"
"5,81 : 488.03"
"5,82 : 573.61"
"5,83 : 825.85"
"5,84 : 397.55"
"5,85 : 671.02"
"5,86 : 151.92"
"5,87 : 509.59"
"5,88 : 199.62"
"5,89 : 414.65"
"5,90 : 755.04"
"5,91 : 85.87"
"5,92 : 205.78"
"5,93 : 795.34"
"5,94 : 529.01"
"5,95 : 606.57"
"5,96 : 429.57"
"5,97 : 560.98"
"5,98 : 451.87"
"5,99 : 616.84"
"6,0 : 976.28"
"6,1 : 102.96"
"6,2 : 790.0"
"6,3 : 831.93"
"6,4 : 926.42"
"6,5 : 799.32"
"6,6 : 0.0"
"6,7 : 910.47"
"6,8 : 563.45"
"6,9 : 404.56"
"6,10 : 434.26"
"6,11 : 577.29"
"6,12 : 493.32"
"6,13 : 559.26"
"6,14 : 164.88"
"6,15 : 410.56"
"6,16 : 190.42"
"6,17 : 517.72"
"6,18 : 593.39"
"6,19 : 357.04"
"6,20 : 517.43"
"6,21 : 294.24"
"6,22 : 739.54"
"6,23 : 48.1"
"6,24 : 821.65"
"6,25 : 719.88"
"6,26 : 964.7"
"6,27 : 574.54"
"6,28 : 553.56"
"6,29 : 978.68"
"6,30 : 718.92"
"6,31 : 210.3"
"6,32 : 644.94"
"6,33 : 590.91"
"6,34 : 443.93"
"6,35 : 221.82"
"6,36 : 43.19"
"6,37 : 744.92"
"6,38 : 943.72"
"6,39 : 554.05"
"6,40 : 680.39"
"6,41 : 818.02"
"6,42 : 352.28"
"6,43 : 817.95"
"6,44 : 244.13"
"6,45 : 832.74"
"6,46 : 278.18"
"6,47 : 593.53"
"6,48 : 233.24"
"6,49 : 123.86"
"6,50 : 239.82"
"6,51 : 187.39"
"6,52 : 704.57"
"6,53 : 781.64"
"6,54 : 728.99"
"6,55 : 785.12"
"6,56 : 828.58"
"6,57 : 680.76"
"6,58 : 201.0"
"6,59 : 424.42"
"6,60 : 351.46"
"6,61 : 801.01"
"6,62 : 597.59"
"6,63 : 691.58"
"6,64 : 772.02"
"6,65 : 370.52"
"6,66 : 278.61"
"6,67 : 822.52"
"6,68 : 630.69"
"6,69 : 165.21"
"6,70 : 298.72"
"6,71 : 896.8"
"6,72 : 873.08"
"6,73 : 741.78"
"6,74 : 864.55"
"6,75 : 627.59"
"6,76 : 1035.37"
"6,77 : 826.1"
"6,78 : 672.58"
"6,79 : 391.74"
"6,80 : 553.04"
"6,81 : 814.92"
"6,82 : 356.9"
"6,83 : 388.39"
"6,84 : 939.03"
"6,85 : 620.78"
"6,86 : 717.81"
"6,87 : 390.82"
"6,88 : 602.22"
"6,89 : 779.6"
"6,90 : 233.31"
"6,91 : 806.16"
"6,92 : 794.28"
"6,93 : 317.83"
"6,94 : 1073.41"
"6,95 : 979.5"
"6,96 : 371.5"
"6,97 : 518.48"
"6,98 : 453.23"
"6,99 : 420.35"
"7,0 : 259.08"
"7,1 : 1003.83"
"7,2 : 320.66"
"7,3 : 184.3"
"7,4 : 156.73"
"7,5 : 511.05"
"7,6 : 910.47"
"7,7 : 0.0"
"7,8 : 855.89"
"7,9 : 574.53"
"7,10 : 487.16"
"7,11 : 726.42"
"7,12 : 431.06"
"7,13 : 480.98"
"7,14 : 1034.67"
"7,15 : 534.44"
"7,16 : 918.31"
"7,17 : 660.72"
"7,18 : 767.78"
"7,19 : 740.68"
"7,20 : 422.17"
"7,21 : 624.37"
"7,22 : 331.04"
"7,23 : 908.67"
"7,24 : 542.22"
"7,25 : 529.27"
"7,26 : 87.14"
"7,27 : 553.99"
"7,28 : 786.74"
"7,29 : 174.18"
"7,30 : 218.77"
"7,31 : 1114.76"
"7,32 : 633.66"
"7,33 : 666.99"
"7,34 : 820.63"
"7,35 : 826.03"
"7,36 : 880.48"
"7,37 : 329.0"
"7,38 : 234.73"
"7,39 : 873.67"
"7,40 : 273.02"
"7,41 : 119.33"
"7,42 : 784.18"
"7,43 : 216.09"
"7,44 : 689.19"
"7,45 : 356.45"
"7,46 : 643.49"
"7,47 : 335.68"
"7,48 : 973.41"
"7,49 : 803.85"
"7,50 : 900.01"
"7,51 : 999.72"
"7,52 : 534.0"
"7,53 : 444.37"
"7,54 : 619.59"
"7,55 : 248.2"
"7,56 : 249.88"
"7,57 : 279.51"
"7,58 : 1109.96"
"7,59 : 551.54"
"7,60 : 753.08"
"7,61 : 145.34"
"7,62 : 473.43"
"7,63 : 245.2"
"7,64 : 713.53"
"7,65 : 820.2"
"7,66 : 890.22"
"7,67 : 87.97"
"7,68 : 458.0"
"7,69 : 934.56"
"7,70 : 816.83"
"7,71 : 190.77"
"7,72 : 147.15"
"7,73 : 178.34"
"7,74 : 166.65"
"7,75 : 725.48"
"7,76 : 128.38"
"7,77 : 344.18"
"7,78 : 415.02"
"7,79 : 521.95"
"7,80 : 801.64"
"7,81 : 97.19"
"7,82 : 881.39"
"7,83 : 699.0"
"7,84 : 150.88"
"7,85 : 395.77"
"7,86 : 631.94"
"7,87 : 829.48"
"7,88 : 558.01"
"7,89 : 141.06"
"7,90 : 736.74"
"7,91 : 425.85"
"7,92 : 712.58"
"7,93 : 715.73"
"7,94 : 190.52"
"7,95 : 97.87"
"7,96 : 659.1"
"7,97 : 411.01"
"7,98 : 803.76"
"7,99 : 518.26"
"8,0 : 759.79"
"8,1 : 645.79"
"8,2 : 568.75"
"8,3 : 895.49"
"8,4 : 960.34"
"8,5 : 440.76"
"8,6 : 563.45"
"8,7 : 855.89"
"8,8 : 0.0"
"8,9 : 705.78"
"8,10 : 619.81"
"8,11 : 983.33"
"8,12 : 507.33"
"8,13 : 380.19"
"8,14 : 719.17"
"8,15 : 423.13"
"8,16 : 390.27"
"8,17 : 895.31"
"8,18 : 1016.82"
"8,19 : 237.54"
"8,20 : 689.16"
"8,21 : 462.81"
"8,22 : 898.76"
"8,23 : 606.55"
"8,24 : 1090.31"
"8,25 : 1000.24"
"8,26 : 859.29"
"8,27 : 882.34"
"8,28 : 69.18"
"8,29 : 816.14"
"8,30 : 643.17"
"8,31 : 714.76"
"8,32 : 992.81"
"8,33 : 964.12"
"8,34 : 915.66"
"8,35 : 343.14"
"8,36 : 523.42"
"8,37 : 902.84"
"8,38 : 741.99"
"8,39 : 22.67"
"8,40 : 588.28"
"8,41 : 830.58"
"8,42 : 816.0"
"8,43 : 902.14"
"8,44 : 605.1"
"8,45 : 999.36"
"8,46 : 582.77"
"8,47 : 557.85"
"8,48 : 790.97"
"8,49 : 471.52"
"8,50 : 774.2"
"8,51 : 457.18"
"8,52 : 989.68"
"8,53 : 474.41"
"8,54 : 1055.62"
"8,55 : 889.89"
"8,56 : 641.25"
"8,57 : 580.1"
"8,58 : 690.23"
"8,59 : 377.1"
"8,60 : 796.33"
"8,61 : 830.41"
"8,62 : 850.01"
"8,63 : 620.77"
"8,64 : 1135.26"
"8,65 : 851.76"
"8,66 : 294.43"
"8,67 : 788.21"
"8,68 : 399.01"
"8,69 : 720.51"
"8,70 : 266.05"
"8,71 : 957.46"
"8,72 : 738.01"
"8,73 : 764.95"
"8,74 : 915.76"
"8,75 : 1024.95"
"8,76 : 975.54"
"8,77 : 986.81"
"8,78 : 887.22"
"8,79 : 504.58"
"8,80 : 998.99"
"8,81 : 792.77"
"8,82 : 215.28"
"8,83 : 796.13"
"8,84 : 789.44"
"8,85 : 815.28"
"8,86 : 292.25"
"8,87 : 172.7"
"8,88 : 300.1"
"8,89 : 722.04"
"8,90 : 656.25"
"8,91 : 504.63"
"8,92 : 306.8"
"8,93 : 735.57"
"8,94 : 934.74"
"8,95 : 952.35"
"8,96 : 293.82"
"8,97 : 670.95"
"8,98 : 116.5"
"8,99 : 653.52"
"9,0 : 722.8"
"9,1 : 474.68"
"9,2 : 587.01"
"9,3 : 453.19"
"9,4 : 549.6"
"9,5 : 691.71"
"9,6 : 404.56"
"9,7 : 574.53"
"9,8 : 705.78"
"9,9 : 0.0"
"9,10 : 124.31"
"9,11 : 283.8"
"9,12 : 284.49"
"9,13 : 448.64"
"9,14 : 485.49"
"9,15 : 303.45"
"9,16 : 508.32"
"9,17 : 192.57"
"9,18 : 322.05"
"9,19 : 475.95"
"9,20 : 153.39"
"9,21 : 245.51"
"9,22 : 339.89"
"9,23 : 383.09"
"9,24 : 429.26"
"9,25 : 327.96"
"9,26 : 647.3"
"9,27 : 187.93"
"9,28 : 657.18"
"9,29 : 691.48"
"9,30 : 441.56"
"9,31 : 579.67"
"9,32 : 289.51"
"9,33 : 258.52"
"9,34 : 280.22"
"9,35 : 450.82"
"9,36 : 392.59"
"9,37 : 345.25"
"9,38 : 687.13"
"9,39 : 709.83"
"9,40 : 429.96"
"9,41 : 463.21"
"9,42 : 216.21"
"9,43 : 433.23"
"9,44 : 162.24"
"9,45 : 429.17"
"9,46 : 145.34"
"9,47 : 347.01"
"9,48 : 402.67"
"9,49 : 347.52"
"9,50 : 327.26"
"9,51 : 560.11"
"9,52 : 313.85"
"9,53 : 642.66"
"9,54 : 360.81"
"9,55 : 396.6"
"9,56 : 590.31"
"9,57 : 436.25"
"9,58 : 582.56"
"9,59 : 351.65"
"9,60 : 184.2"
"9,61 : 440.88"
"9,62 : 193.75"
"9,63 : 421.37"
"9,64 : 431.86"
"9,65 : 256.2"
"9,66 : 540.12"
"9,67 : 491.19"
"9,68 : 508.62"
"9,69 : 373.45"
"9,70 : 496.34"
"9,71 : 513.19"
"9,72 : 589.78"
"9,73 : 396.23"
"9,74 : 487.08"
"9,75 : 321.23"
"9,76 : 686.57"
"9,77 : 423.24"
"9,78 : 268.13"
"9,79 : 216.36"
"9,80 : 319.62"
"9,81 : 478.48"
"9,82 : 583.66"
"9,83 : 139.18"
"9,84 : 651.11"
"9,85 : 221.07"
"9,86 : 690.5"
"9,87 : 570.07"
"9,88 : 549.2"
"9,89 : 471.67"
"9,90 : 180.71"
"9,91 : 654.54"
"9,92 : 790.94"
"9,93 : 141.2"
"9,94 : 759.31"
"9,95 : 621.94"
"9,96 : 412.17"
"9,97 : 168.66"
"9,98 : 596.12"
"9,99 : 75.54"
"10,0 : 609.09"
"10,1 : 521.4"
"10,2 : 464.52"
"10,3 : 398.03"
"10,4 : 492.17"
"10,5 : 568.16"
"10,6 : 434.26"
"10,7 : 487.16"
"10,8 : 619.81"
"10,9 : 124.31"
"10,10 : 0.0"
"10,11 : 397.71"
"10,12 : 161.28"
"10,13 : 329.16"
"10,14 : 548.04"
"10,15 : 199.61"
"10,16 : 491.32"
"10,17 : 305.92"
"10,18 : 438.29"
"10,19 : 404.28"
"10,20 : 88.12"
"10,21 : 189.21"
"10,22 : 322.49"
"10,23 : 426.0"
"10,24 : 475.3"
"10,25 : 381.49"
"10,26 : 551.94"
"10,27 : 265.58"
"10,28 : 564.96"
"10,29 : 585.85"
"10,30 : 328.42"
"10,31 : 631.58"
"10,32 : 379.72"
"10,33 : 362.69"
"10,34 : 404.04"
"10,35 : 416.0"
"10,36 : 410.63"
"10,37 : 327.67"
"10,38 : 573.64"
"10,39 : 626.88"
"10,40 : 310.65"
"10,41 : 386.42"
"10,42 : 333.53"
"10,43 : 385.54"
"10,44 : 202.23"
"10,45 : 423.43"
"10,46 : 158.22"
"10,47 : 224.89"
"10,48 : 490.5"
"10,49 : 345.05"
"10,50 : 420.4"
"10,51 : 558.32"
"10,52 : 370.36"
"10,53 : 518.41"
"10,54 : 436.64"
"10,55 : 354.81"
"10,56 : 472.07"
"10,57 : 316.14"
"10,58 : 629.13"
"10,59 : 248.17"
"10,60 : 301.81"
"10,61 : 368.0"
"10,62 : 231.32"
"10,63 : 305.85"
"10,64 : 520.38"
"10,65 : 374.93"
"10,66 : 500.9"
"10,67 : 400.13"
"10,68 : 386.26"
"10,69 : 447.92"
"10,70 : 444.04"
"10,71 : 463.48"
"10,72 : 481.5"
"10,73 : 312.01"
"10,74 : 430.41"
"10,75 : 429.34"
"10,76 : 607.66"
"10,77 : 414.02"
"10,78 : 280.49"
"10,79 : 115.25"
"10,80 : 441.14"
"10,81 : 390.02"
"10,82 : 529.14"
"10,83 : 262.23"
"10,84 : 545.15"
"10,85 : 212.68"
"10,86 : 573.85"
"10,87 : 503.44"
"10,88 : 433.34"
"10,89 : 369.42"
"10,90 : 251.02"
"10,91 : 530.25"
"10,92 : 675.23"
"10,93 : 248.85"
"10,94 : 663.83"
"10,95 : 548.39"
"10,96 : 329.17"
"10,97 : 84.58"
"10,98 : 517.48"
"10,99 : 48.84"
"11,0 : 931.0"
"11,1 : 605.19"
"11,2 : 831.53"
"11,3 : 556.94"
"11,4 : 641.03"
"11,5 : 960.09"
"11,6 : 577.29"
"11,7 : 726.42"
"11,8 : 983.33"
"11,9 : 283.8"
"11,10 : 397.71"
"11,11 : 0.0"
"11,12 : 557.37"
"11,13 : 726.85"
"11,14 : 579.88"
"11,15 : 587.17"
"11,16 : 732.17"
"11,17 : 91.92"
"11,18 : 43.29"
"11,19 : 748.74"
"11,20 : 378.45"
"11,21 : 520.55"
"11,22 : 404.82"
"11,23 : 537.82"
"11,24 : 316.89"
"11,25 : 241.23"
"11,26 : 811.14"
"11,27 : 174.35"
"11,28 : 937.9"
"11,29 : 878.21"
"11,30 : 663.03"
"11,31 : 684.17"
"11,32 : 115.26"
"11,33 : 60.93"
"11,34 : 166.34"
"11,35 : 697.22"
"11,36 : 584.8"
"11,37 : 408.38"
"11,38 : 896.04"
"11,39 : 985.68"
"11,40 : 668.37"
"11,41 : 607.23"
"11,42 : 228.88"
"11,43 : 526.84"
"11,44 : 390.08"
"11,45 : 438.86"
"11,46 : 402.32"
"11,47 : 598.76"
"11,48 : 447.2"
"11,49 : 572.07"
"11,50 : 379.7"
"11,51 : 760.61"
"11,52 : 227.86"
"11,53 : 905.38"
"11,54 : 190.77"
"11,55 : 488.29"
"11,56 : 817.97"
"11,57 : 676.8"
"11,58 : 698.18"
"11,59 : 635.45"
"11,60 : 225.83"
"11,61 : 581.12"
"11,62 : 255.04"
"11,63 : 650.13"
"11,64 : 199.01"
"11,65 : 226.07"
"11,66 : 785.58"
"11,67 : 659.94"
"11,68 : 782.02"
"11,69 : 464.0"
"11,70 : 755.25"
"11,71 : 594.56"
"11,72 : 789.11"
"11,73 : 565.49"
"11,74 : 587.27"
"11,75 : 50.49"
"11,76 : 809.23"
"11,77 : 442.13"
"11,78 : 313.88"
"11,79 : 499.9"
"11,80 : 81.27"
"11,81 : 643.5"
"11,82 : 841.25"
"11,83 : 197.22"
"11,84 : 840.87"
"11,85 : 334.93"
"11,86 : 971.32"
"11,87 : 837.44"
"11,88 : 830.45"
"11,89 : 666.03"
"11,90 : 359.13"
"11,91 : 913.04"
"11,92 : 1072.45"
"11,93 : 268.15"
"11,94 : 916.34"
"11,95 : 738.71"
"11,96 : 691.6"
"11,97 : 401.37"
"11,98 : 870.74"
"11,99 : 351.42"
"12,0 : 488.36"
"12,1 : 592.55"
"12,2 : 319.45"
"12,3 : 406.9"
"12,4 : 487.38"
"12,5 : 407.22"
"12,6 : 493.32"
"12,7 : 431.06"
"12,8 : 507.33"
"12,9 : 284.49"
"12,10 : 161.28"
"12,11 : 557.37"
"12,12 : 0.0"
"12,13 : 171.47"
"12,14 : 635.28"
"12,15 : 106.23"
"12,16 : 487.46"
"12,17 : 465.95"
"12,18 : 598.55"
"12,19 : 329.34"
"12,20 : 195.87"
"12,21 : 199.45"
"12,22 : 391.49"
"12,23 : 500.33"
"12,24 : 590.27"
"12,25 : 507.58"
"12,26 : 475.39"
"12,27 : 413.4"
"12,28 : 444.87"
"12,29 : 485.4"
"12,30 : 226.38"
"12,31 : 702.82"
"12,32 : 529.0"
"12,33 : 518.99"
"12,34 : 561.73"
"12,35 : 396.16"
"12,36 : 458.96"
"12,37 : 395.64"
"12,38 : 454.49"
"12,39 : 518.7"
"12,40 : 187.63"
"12,41 : 361.18"
"12,42 : 484.1"
"12,43 : 407.03"
"12,44 : 309.97"
"12,45 : 492.58"
"12,46 : 260.72"
"12,47 : 100.41"
"12,48 : 607.29"
"12,49 : 378.59"
"12,50 : 545.54"
"12,51 : 568.73"
"12,52 : 499.27"
"12,53 : 359.46"
"12,54 : 575.6"
"12,55 : 388.96"
"12,56 : 342.61"
"12,57 : 188.9"
"12,58 : 694.26"
"12,59 : 137.3"
"12,60 : 453.36"
"12,61 : 352.43"
"12,62 : 361.42"
"12,63 : 198.71"
"12,64 : 665.56"
"12,65 : 526.16"
"12,66 : 465.54"
"12,67 : 345.26"
"12,68 : 225.08"
"12,69 : 553.26"
"12,70 : 395.18"
"12,71 : 472.96"
"12,72 : 379.77"
"12,73 : 285.38"
"12,74 : 433.01"
"12,75 : 586.57"
"12,76 : 559.24"
"12,77 : 480.28"
"12,78 : 384.89"
"12,79 : 105.55"
"12,80 : 602.42"
"12,81 : 341.79"
"12,82 : 469.16"
"12,83 : 419.61"
"12,84 : 445.71"
"12,85 : 313.16"
"12,86 : 417.57"
"12,87 : 427.03"
"12,88 : 279.52"
"12,89 : 292.88"
"12,90 : 371.32"
"12,91 : 373.34"
"12,92 : 519.51"
"12,93 : 395.06"
"12,94 : 581.86"
"12,95 : 512.92"
"12,96 : 245.17"
"12,97 : 174.09"
"12,98 : 421.2"
"12,99 : 209.76"
"13,0 : 441.89"
"13,1 : 662.21"
"13,2 : 242.54"
"13,3 : 517.49"
"13,4 : 580.16"
"13,5 : 255.0"
"13,6 : 559.26"
"13,7 : 480.98"
"13,8 : 380.19"
"13,9 : 448.64"
"13,10 : 329.16"
"13,11 : 726.85"
"13,12 : 171.47"
"13,13 : 0.0"
"13,14 : 718.01"
"13,15 : 166.05"
"13,16 : 491.66"
"13,17 : 635.08"
"13,18 : 767.42"
"13,19 : 277.35"
"13,20 : 366.07"
"13,21 : 286.67"
"13,22 : 538.97"
"13,23 : 579.72"
"13,24 : 752.08"
"13,25 : 674.28"
"13,26 : 496.16"
"13,27 : 584.81"
"13,28 : 311.97"
"13,29 : 472.34"
"13,30 : 264.43"
"13,31 : 766.53"
"13,32 : 700.41"
"13,33 : 689.97"
"13,34 : 718.65"
"13,35 : 396.47"
"13,36 : 518.46"
"13,37 : 542.38"
"13,38 : 414.42"
"13,39 : 396.28"
"13,40 : 209.34"
"13,41 : 450.46"
"13,42 : 633.45"
"13,43 : 526.37"
"13,44 : 436.06"
"13,45 : 635.14"
"13,46 : 390.8"
"13,47 : 183.47"
"13,48 : 719.7"
"13,49 : 435.49"
"13,50 : 668.32"
"13,51 : 579.65"
"13,52 : 666.87"
"13,53 : 224.36"
"13,54 : 745.32"
"13,55 : 517.92"
"13,56 : 299.28"
"13,57 : 201.9"
"13,58 : 752.28"
"13,59 : 136.4"
"13,60 : 604.43"
"13,61 : 450.95"
"13,62 : 530.75"
"13,63 : 241.0"
"13,64 : 836.34"
"13,65 : 675.35"
"13,66 : 437.8"
"13,67 : 409.18"
"13,68 : 72.28"
"13,69 : 657.38"
"13,70 : 362.41"
"13,71 : 578.19"
"13,72 : 378.85"
"13,73 : 386.37"
"13,74 : 536.43"
"13,75 : 757.34"
"13,76 : 604.85"
"13,77 : 621.82"
"13,78 : 546.92"
"13,79 : 239.49"
"13,80 : 768.25"
"13,81 : 413.03"
"13,82 : 411.88"
"13,83 : 577.88"
"13,84 : 438.72"
"13,85 : 476.6"
"13,86 : 246.1"
"13,87 : 354.7"
"13,88 : 109.79"
"13,89 : 343.7"
"13,90 : 500.06"
"13,91 : 247.34"
"13,92 : 348.05"
"13,93 : 542.85"
"13,94 : 585.96"
"13,95 : 575.73"
"13,96 : 208.61"
"13,97 : 343.65"
"13,98 : 323.23"
"13,99 : 376.25"
"14,0 : 1123.14"
"14,1 : 74.33"
"14,2 : 942.76"
"14,3 : 935.4"
"14,4 : 1031.64"
"14,5 : 961.94"
"14,6 : 164.88"
"14,7 : 1034.67"
"14,8 : 719.17"
"14,9 : 485.49"
"14,10 : 548.04"
"14,11 : 579.88"
"14,12 : 635.28"
"14,13 : 718.01"
"14,14 : 0.0"
"14,15 : 562.8"
"14,16 : 331.89"
"14,17 : 543.46"
"14,18 : 584.1"
"14,19 : 521.14"
"14,20 : 622.13"
"14,21 : 441.44"
"14,22 : 824.48"
"14,23 : 138.35"
"14,24 : 864.42"
"14,25 : 766.08"
"14,26 : 1095.72"
"14,27 : 624.93"
"14,28 : 714.24"
"14,29 : 1118.2"
"14,30 : 856.46"
"14,31 : 104.31"
"14,32 : 669.77"
"14,33 : 609.39"
"14,34 : 421.47"
"14,35 : 382.75"
"14,36 : 208.06"
"14,37 : 829.81"
"14,38 : 1089.6"
"14,39 : 707.95"
"14,40 : 822.65"
"14,41 : 933.67"
"14,42 : 354.83"
"14,43 : 917.31"
"14,44 : 345.83"
"14,45 : 908.75"
"14,46 : 391.26"
"14,47 : 733.62"
"14,48 : 141.65"
"14,49 : 286.02"
"14,50 : 200.2"
"14,51 : 290.69"
"14,52 : 750.28"
"14,53 : 941.73"
"14,54 : 755.58"
"14,55 : 881.47"
"14,56 : 976.29"
"14,57 : 824.18"
"14,58 : 120.07"
"14,59 : 581.93"
"14,60 : 368.47"
"14,61 : 914.1"
"14,62 : 666.48"
"14,63 : 830.01"
"14,64 : 778.74"
"14,65 : 354.14"
"14,66 : 426.89"
"14,67 : 947.18"
"14,68 : 790.01"
"14,69 : 119.1"
"14,70 : 458.31"
"14,71 : 997.29"
"14,72 : 1012.18"
"14,73 : 860.01"
"14,74 : 969.03"
"14,75 : 629.5"
"14,76 : 1155.66"
"14,77 : 904.31"
"14,78 : 746.4"
"14,79 : 530.3"
"14,80 : 534.15"
"14,81 : 937.69"
"14,82 : 506.91"
"14,83 : 420.77"
"14,84 : 1077.9"
"14,85 : 706.24"
"14,86 : 882.68"
"14,87 : 547.79"
"14,88 : 765.9"
"14,89 : 910.73"
"14,90 : 305.74"
"14,91 : 965.35"
"14,92 : 958.75"
"14,93 : 362.54"
"14,94 : 1206.49"
"14,95 : 1095.47"
"14,96 : 535.67"
"14,97 : 628.24"
"14,98 : 612.49"
"14,99 : 522.52"
"15,0 : 566.4"
"15,1 : 512.61"
"15,2 : 380.19"
"15,3 : 511.75"
"15,4 : 593.45"
"15,5 : 421.02"
"15,6 : 410.56"
"15,7 : 534.44"
"15,8 : 423.13"
"15,9 : 303.45"
"15,10 : 199.61"
"15,11 : 587.17"
"15,12 : 106.23"
"15,13 : 166.05"
"15,14 : 562.8"
"15,15 : 0.0"
"15,16 : 384.39"
"15,17 : 495.62"
"15,18 : 625.43"
"15,19 : 226.27"
"15,20 : 266.18"
"15,21 : 123.08"
"15,22 : 484.6"
"15,23 : 424.86"
"15,24 : 667.26"
"15,25 : 577.45"
"15,26 : 573.85"
"15,27 : 465.1"
"15,28 : 366.11"
"15,29 : 575.03"
"15,30 : 323.4"
"15,31 : 620.72"
"15,32 : 578.71"
"15,33 : 557.95"
"15,34 : 560.7"
"15,35 : 291.6"
"15,36 : 372.69"
"15,37 : 489.12"
"15,38 : 534.43"
"15,39 : 431.77"
"15,40 : 277.58"
"15,41 : 467.4"
"15,42 : 471.73"
"15,43 : 510.43"
"15,44 : 270.22"
"15,45 : 587.02"
"15,46 : 225.87"
"15,47 : 199.21"
"15,48 : 555.26"
"15,49 : 289.8"
"15,50 : 502.44"
"15,51 : 467.62"
"15,52 : 567.21"
"15,53 : 387.83"
"15,54 : 636.01"
"15,55 : 490.17"
"15,56 : 418.6"
"15,57 : 276.13"
"15,58 : 609.5"
"15,59 : 48.8"
"15,60 : 443.81"
"15,61 : 458.53"
"15,62 : 427.4"
"15,63 : 295.38"
"15,64 : 719.84"
"15,65 : 513.28"
"15,66 : 359.34"
"15,67 : 449.73"
"15,68 : 237.02"
"15,69 : 494.54"
"15,70 : 289.09"
"15,71 : 578.13"
"15,72 : 471.21"
"15,73 : 391.56"
"15,74 : 538.53"
"15,75 : 622.98"
"15,76 : 662.81"
"15,77 : 575.41"
"15,78 : 465.0"
"15,79 : 87.46"
"15,80 : 619.72"
"15,81 : 447.0"
"15,82 : 364.5"
"15,83 : 422.55"
"15,84 : 536.59"
"15,85 : 393.31"
"15,86 : 392.09"
"15,87 : 325.48"
"15,88 : 251.41"
"15,89 : 394.66"
"15,90 : 334.22"
"15,91 : 408.37"
"15,92 : 490.62"
"15,93 : 381.28"
"15,94 : 677.36"
"15,95 : 618.23"
"15,96 : 143.01"
"15,97 : 248.65"
"15,98 : 327.03"
"15,99 : 239.15"
"16,0 : 932.18"
"16,1 : 257.69"
"16,2 : 734.11"
"16,3 : 876.92"
"16,4 : 965.45"
"16,5 : 699.53"
"16,6 : 190.42"
"16,7 : 918.31"
"16,8 : 390.27"
"16,9 : 508.32"
"16,10 : 491.32"
"16,11 : 732.17"
"16,12 : 487.46"
"16,13 : 491.66"
"16,14 : 331.89"
"16,15 : 384.39"
"16,16 : 0.0"
"16,17 : 660.29"
"16,18 : 754.51"
"16,19 : 229.47"
"16,20 : 579.41"
"16,21 : 307.05"
"16,22 : 813.68"
"16,23 : 238.21"
"16,24 : 937.56"
"16,25 : 836.24"
"16,26 : 957.63"
"16,27 : 694.1"
"16,28 : 393.93"
"16,29 : 952.85"
"16,30 : 707.34"
"16,31 : 326.12"
"16,32 : 782.07"
"16,33 : 734.92"
"16,34 : 616.85"
"16,35 : 95.59"
"16,36 : 160.55"
"16,37 : 818.89"
"16,38 : 903.14"
"16,39 : 377.64"
"16,40 : 659.56"
"16,41 : 844.36"
"16,42 : 519.3"
"16,43 : 869.49"
"16,44 : 352.73"
"16,45 : 913.87"
"16,46 : 363.41"
"16,47 : 583.58"
"16,48 : 423.25"
"16,49 : 162.74"
"16,50 : 427.21"
"16,51 : 88.24"
"16,52 : 821.99"
"16,53 : 697.04"
"16,54 : 861.66"
"16,55 : 842.24"
"16,56 : 786.63"
"16,57 : 656.94"
"16,58 : 302.95"
"16,59 : 375.41"
"16,60 : 511.22"
"16,61 : 832.32"
"16,62 : 697.73"
"16,63 : 679.36"
"16,64 : 918.03"
"16,65 : 544.49"
"16,66 : 95.89"
"16,67 : 832.72"
"16,68 : 556.07"
"16,69 : 355.62"
"16,70 : 146.44"
"16,71 : 943.81"
"16,72 : 851.46"
"16,73 : 767.14"
"16,74 : 906.82"
"16,75 : 781.04"
"16,76 : 1046.6"
"16,77 : 904.9"
"16,78 : 763.15"
"16,79 : 407.33"
"16,80 : 720.41"
"16,81 : 828.92"
"16,82 : 175.76"
"16,83 : 535.55"
"16,84 : 915.81"
"16,85 : 700.65"
"16,86 : 592.04"
"16,87 : 223.18"
"16,88 : 500.79"
"16,89 : 778.97"
"16,90 : 373.08"
"16,91 : 725.04"
"16,92 : 653.67"
"16,93 : 464.08"
"16,94 : 1059.27"
"16,95 : 999.75"
"16,96 : 283.13"
"16,97 : 572.8"
"16,98 : 290.76"
"16,99 : 496.29"
"17,0 : 853.24"
"17,1 : 558.51"
"17,2 : 745.4"
"17,3 : 500.53"
"17,4 : 590.06"
"17,5 : 869.77"
"17,6 : 517.72"
"17,7 : 660.72"
"17,8 : 895.31"
"17,9 : 192.57"
"17,10 : 305.92"
"17,11 : 91.92"
"17,12 : 465.95"
"17,13 : 635.08"
"17,14 : 543.46"
"17,15 : 495.62"
"17,16 : 660.29"
"17,17 : 0.0"
"17,18 : 132.62"
"17,19 : 662.19"
"17,20 : 290.87"
"17,21 : 432.67"
"17,22 : 352.94"
"17,23 : 482.34"
"17,24 : 322.57"
"17,25 : 228.55"
"17,26 : 743.37"
"17,27 : 111.31"
"17,28 : 848.53"
"17,29 : 805.29"
"17,30 : 580.58"
"17,31 : 647.04"
"17,32 : 128.04"
"17,33 : 74.63"
"17,34 : 171.7"
"17,35 : 618.53"
"17,36 : 519.94"
"17,37 : 357.24"
"17,38 : 817.93"
"17,39 : 898.33"
"17,40 : 582.66"
"17,41 : 541.56"
"17,42 : 190.37"
"17,43 : 472.29"
"17,44 : 311.01"
"17,45 : 405.92"
"17,46 : 317.57"
"17,47 : 510.31"
"17,48 : 421.47"
"17,49 : 498.18"
"17,50 : 347.32"
"17,51 : 695.82"
"17,52 : 212.94"
"17,53 : 815.97"
"17,54 : 213.53"
"17,55 : 432.91"
"17,56 : 735.26"
"17,57 : 590.74"
"17,58 : 657.9"
"17,59 : 544.0"
"17,60 : 175.25"
"17,61 : 515.84"
"17,62 : 188.48"
"17,63 : 566.12"
"17,64 : 257.77"
"17,65 : 204.66"
"17,66 : 707.68"
"17,67 : 589.14"
"17,68 : 690.8"
"17,69 : 424.6"
"17,70 : 673.13"
"17,71 : 545.37"
"17,72 : 712.53"
"17,73 : 492.92"
"17,74 : 532.63"
"17,75 : 129.63"
"17,76 : 752.28"
"17,77 : 406.36"
"17,78 : 260.35"
"17,79 : 408.27"
"17,80 : 146.0"
"17,81 : 573.35"
"17,82 : 759.84"
"17,83 : 129.39"
"17,84 : 766.95"
"17,85 : 264.97"
"17,86 : 879.42"
"17,87 : 752.88"
"17,88 : 738.53"
"17,89 : 589.39"
"17,90 : 289.39"
"17,91 : 824.41"
"17,92 : 980.53"
"17,93 : 200.26"
"17,94 : 851.24"
"17,95 : 682.44"
"17,96 : 602.62"
"17,97 : 313.4"
"17,98 : 783.74"
"17,99 : 259.49"
"18,0 : 974.02"
"18,1 : 614.36"
"18,2 : 874.68"
"18,3 : 596.7"
"18,4 : 679.31"
"18,5 : 1002.16"
"18,6 : 593.39"
"18,7 : 767.78"
"18,8 : 1016.82"
"18,9 : 322.05"
"18,10 : 438.29"
"18,11 : 43.29"
"18,12 : 598.55"
"18,13 : 767.42"
"18,14 : 584.1"
"18,15 : 625.43"
"18,16 : 754.51"
"18,17 : 132.62"
"18,18 : 0.0"
"18,19 : 781.16"
"18,20 : 421.29"
"18,21 : 554.59"
"18,22 : 444.15"
"18,23 : 552.05"
"18,24 : 339.91"
"18,25 : 272.64"
"18,26 : 852.81"
"18,27 : 217.08"
"18,28 : 972.82"
"18,29 : 920.66"
"18,30 : 706.32"
"18,31 : 688.01"
"18,32 : 146.29"
"18,33 : 100.81"
"18,34 : 163.25"
"18,35 : 723.96"
"18,36 : 603.73"
"18,37 : 447.53"
"18,38 : 939.09"
"18,39 : 1018.55"
"18,40 : 711.54"
"18,41 : 648.72"
"18,42 : 241.37"
"18,43 : 566.27"
"18,44 : 418.6"
"18,45 : 473.21"
"18,46 : 434.39"
"18,47 : 641.49"
"18,48 : 447.7"
"18,49 : 596.27"
"18,50 : 384.52"
"18,51 : 778.69"
"18,52 : 260.35"
"18,53 : 947.86"
"18,54 : 211.4"
"18,55 : 528.02"
"18,56 : 861.26"
"18,57 : 719.94"
"18,58 : 703.52"
"18,59 : 673.45"
"18,60 : 243.85"
"18,61 : 622.58"
"18,62 : 297.54"
"18,63 : 693.4"
"18,64 : 199.15"
"18,65 : 230.96"
"18,66 : 811.57"
"18,67 : 702.2"
"18,68 : 823.42"
"18,69 : 470.88"
"18,70 : 784.21"
"18,71 : 632.52"
"18,72 : 832.04"
"18,73 : 608.07"
"18,74 : 626.56"
"18,75 : 57.63"
"18,76 : 848.66"
"18,77 : 477.25"
"18,78 : 354.11"
"18,79 : 538.41"
"18,80 : 56.36"
"18,81 : 685.69"
"18,82 : 869.54"
"18,83 : 224.02"
"18,84 : 883.47"
"18,85 : 377.53"
"18,86 : 1011.34"
"18,87 : 868.1"
"18,88 : 870.27"
"18,89 : 709.0"
"18,90 : 382.79"
"18,91 : 955.76"
"18,92 : 1112.24"
"18,93 : 292.58"
"18,94 : 957.44"
"18,95 : 778.08"
"18,96 : 726.35"
"18,97 : 444.15"
"18,98 : 903.4"
"18,99 : 391.41"
"19,0 : 718.14"
"19,1 : 452.52"
"19,2 : 517.57"
"19,3 : 736.2"
"19,4 : 814.79"
"19,5 : 470.11"
"19,6 : 357.04"
"19,7 : 740.68"
"19,8 : 237.54"
"19,9 : 475.95"
"19,10 : 404.28"
"19,11 : 748.74"
"19,12 : 329.34"
"19,13 : 277.35"
"19,14 : 521.14"
"19,15 : 226.27"
"19,16 : 229.47"
"19,17 : 662.19"
"19,18 : 781.16"
"19,19 : 0.0"
"19,20 : 483.18"
"19,21 : 230.48"
"19,22 : 709.12"
"19,23 : 393.84"
"19,24 : 879.57"
"19,25 : 784.7"
"19,26 : 766.89"
"19,27 : 658.26"
"19,28 : 206.16"
"19,29 : 749.11"
"19,30 : 522.43"
"19,31 : 541.57"
"19,32 : 765.21"
"19,33 : 732.65"
"19,34 : 678.2"
"19,35 : 143.59"
"19,36 : 314.13"
"19,37 : 713.77"
"19,38 : 691.47"
"19,39 : 237.6"
"19,40 : 469.69"
"19,41 : 686.55"
"19,42 : 578.69"
"19,43 : 736.07"
"19,44 : 367.6"
"19,45 : 811.77"
"19,46 : 346.77"
"19,47 : 409.14"
"19,48 : 570.85"
"19,49 : 247.32"
"19,50 : 545.42"
"19,51 : 316.59"
"19,52 : 772.89"
"19,53 : 469.84"
"19,54 : 832.65"
"19,55 : 716.4"
"19,56 : 576.63"
"19,57 : 464.8"
"19,58 : 521.71"
"19,59 : 193.49"
"19,60 : 558.8"
"19,61 : 679.96"
"19,62 : 635.08"
"19,63 : 495.54"
"19,64 : 907.7"
"19,65 : 614.89"
"19,66 : 161.44"
"19,67 : 660.46"
"19,68 : 334.86"
"19,69 : 500.71"
"19,70 : 87.11"
"19,71 : 802.1"
"19,72 : 652.99"
"19,73 : 612.61"
"19,74 : 761.86"
"19,75 : 791.65"
"19,76 : 868.06"
"19,77 : 800.46"
"19,78 : 682.41"
"19,79 : 291.89"
"19,80 : 761.96"
"19,81 : 660.26"
"19,82 : 141.22"
"19,83 : 559.36"
"19,84 : 714.58"
"19,85 : 611.96"
"19,86 : 366.72"
"19,87 : 100.02"
"19,88 : 271.82"
"19,89 : 599.71"
"19,90 : 419.13"
"19,91 : 498.51"
"19,92 : 437.77"
"19,93 : 498.08"
"19,94 : 861.24"
"19,95 : 830.26"
"19,96 : 84.21"
"19,97 : 468.46"
"19,98 : 122.33"
"19,99 : 431.18"
"20,0 : 574.59"
"20,1 : 600.79"
"20,2 : 454.67"
"20,3 : 315.25"
"20,4 : 410.76"
"20,5 : 584.23"
"20,6 : 517.43"
"20,7 : 422.17"
"20,8 : 689.16"
"20,9 : 153.39"
"20,10 : 88.12"
"20,11 : 378.45"
"20,12 : 195.87"
"20,13 : 366.07"
"20,14 : 622.13"
"20,15 : 266.18"
"20,16 : 579.41"
"20,17 : 290.87"
"20,18 : 421.29"
"20,19 : 483.18"
"20,20 : 0.0"
"20,21 : 276.05"
"20,22 : 234.62"
"20,23 : 505.83"
"20,24 : 401.15"
"20,25 : 313.52"
"20,26 : 493.94"
"20,27 : 220.91"
"20,28 : 630.72"
"20,29 : 539.19"
"20,30 : 295.24"
"20,31 : 709.87"
"20,32 : 335.93"
"20,33 : 332.95"
"20,34 : 421.01"
"20,35 : 503.22"
"20,36 : 495.85"
"20,37 : 239.75"
"20,38 : 538.91"
"20,39 : 697.94"
"20,40 : 292.34"
"20,41 : 313.6"
"20,42 : 367.98"
"20,43 : 300.53"
"20,44 : 278.48"
"20,45 : 336.04"
"20,46 : 239.3"
"20,47 : 220.43"
"20,48 : 551.77"
"20,49 : 432.41"
"20,50 : 477.9"
"20,51 : 646.18"
"20,52 : 304.43"
"20,53 : 527.65"
"20,54 : 379.73"
"20,55 : 268.33"
"20,56 : 448.11"
"20,57 : 300.17"
"20,58 : 709.06"
"20,59 : 312.3"
"20,60 : 336.15"
"20,61 : 292.75"
"20,62 : 165.68"
"20,63 : 278.03"
"20,64 : 470.29"
"20,65 : 406.69"
"20,66 : 587.22"
"20,67 : 338.03"
"20,68 : 412.02"
"20,69 : 516.19"
"20,70 : 528.3"
"20,71 : 379.49"
"20,72 : 438.8"
"20,73 : 243.89"
"20,74 : 348.37"
"20,75 : 401.1"
"20,76 : 537.06"
"20,77 : 326.34"
"20,78 : 199.54"
"20,79 : 191.37"
"20,80 : 435.36"
"20,81 : 325.66"
"20,82 : 612.26"
"20,83 : 286.27"
"20,84 : 499.01"
"20,85 : 128.79"
"20,86 : 611.59"
"20,87 : 583.06"
"20,88 : 475.04"
"20,89 : 319.12"
"20,90 : 318.25"
"20,91 : 534.66"
"20,92 : 713.58"
"20,93 : 294.21"
"20,94 : 605.99"
"20,95 : 474.47"
"20,96 : 404.46"
"20,97 : 23.26"
"20,98 : 591.89"
"20,99 : 99.64"
"21,0 : 683.13"
"21,1 : 394.55"
"21,2 : 501.54"
"21,3 : 570.24"
"21,4 : 659.88"
"21,5 : 540.41"
"21,6 : 294.24"
"21,7 : 624.37"
"21,8 : 462.81"
"21,9 : 245.51"
"21,10 : 189.21"
"21,11 : 520.55"
"21,12 : 199.45"
"21,13 : 286.67"
"21,14 : 441.44"
"21,15 : 123.08"
"21,16 : 307.05"
"21,17 : 432.67"
"21,18 : 554.59"
"21,19 : 230.48"
"21,20 : 276.05"
"21,21 : 0.0"
"21,22 : 510.47"
"21,23 : 304.27"
"21,24 : 657.98"
"21,25 : 560.36"
"21,26 : 673.57"
"21,27 : 429.38"
"21,28 : 418.57"
"21,29 : 684.56"
"21,30 : 425.69"
"21,31 : 504.23"
"21,32 : 534.91"
"21,33 : 502.41"
"21,34 : 466.12"
"21,35 : 227.22"
"21,36 : 259.52"
"21,37 : 515.56"
"21,38 : 650.17"
"21,39 : 465.67"
"21,40 : 386.16"
"21,41 : 541.61"
"21,42 : 370.82"
"21,43 : 562.45"
"21,44 : 158.81"
"21,45 : 612.08"
"21,46 : 123.82"
"21,47 : 299.84"
"21,48 : 433.06"
"21,49 : 179.91"
"21,50 : 383.01"
"21,51 : 380.86"
"21,52 : 547.77"
"21,53 : 510.11"
"21,54 : 603.75"
"21,55 : 535.4"
"21,56 : 535.73"
"21,57 : 386.53"
"21,58 : 495.04"
"21,59 : 153.0"
"21,60 : 346.15"
"21,61 : 527.99"
"21,62 : 412.84"
"21,63 : 398.11"
"21,64 : 677.34"
"21,65 : 410.76"
"21,66 : 311.71"
"21,67 : 536.95"
"21,68 : 358.56"
"21,69 : 371.57"
"21,70 : 257.09"
"21,71 : 637.06"
"21,72 : 579.1"
"21,73 : 464.23"
"21,74 : 600.54"
"21,75 : 562.29"
"21,76 : 751.42"
"21,77 : 602.33"
"21,78 : 468.73"
"21,79 : 102.96"
"21,80 : 539.66"
"21,81 : 531.17"
"21,82 : 343.57"
"21,83 : 336.81"
"21,84 : 645.03"
"21,85 : 401.84"
"21,86 : 495.82"
"21,87 : 325.15"
"21,88 : 359.58"
"21,89 : 489.45"
"21,90 : 221.05"
"21,91 : 531.2"
"21,92 : 589.56"
"21,93 : 283.13"
"21,94 : 780.97"
"21,95 : 700.1"
"21,96 : 172.26"
"21,97 : 267.27"
"21,98 : 351.26"
"21,99 : 206.04"
"22,0 : 565.35"
"22,1 : 814.24"
"22,2 : 526.2"
"22,3 : 152.83"
"22,4 : 237.47"
"22,5 : 699.38"
"22,6 : 739.54"
"22,7 : 331.04"
"22,8 : 898.76"
"22,9 : 339.89"
"22,10 : 322.49"
"22,11 : 404.82"
"22,12 : 391.49"
"22,13 : 538.97"
"22,14 : 824.48"
"22,15 : 484.6"
"22,16 : 813.68"
"22,17 : 352.94"
"22,18 : 444.15"
"22,19 : 709.12"
"22,20 : 234.62"
"22,21 : 510.47"
"22,22 : 0.0"
"22,23 : 721.66"
"22,24 : 233.62"
"22,25 : 199.22"
"22,26 : 418.0"
"22,27 : 241.65"
"22,28 : 835.57"
"22,29 : 496.52"
"22,30 : 345.8"
"22,31 : 919.55"
"22,32 : 304.65"
"22,33 : 344.06"
"22,34 : 523.09"
"22,35 : 737.69"
"22,36 : 722.3"
"22,37 : 5.39"
"22,38 : 533.25"
"22,39 : 910.17"
"22,40 : 379.1"
"22,41 : 216.23"
"22,42 : 511.95"
"22,43 : 122.12"
"22,44 : 495.55"
"22,45 : 102.7"
"22,46 : 464.0"
"22,47 : 357.56"
"22,48 : 730.94"
"22,49 : 663.87"
"22,50 : 653.6"
"22,51 : 878.63"
"22,52 : 203.12"
"22,53 : 633.12"
"22,54 : 289.77"
"22,55 : 84.34"
"22,56 : 485.73"
"22,57 : 389.69"
"22,58 : 922.29"
"22,59 : 525.59"
"22,60 : 484.64"
"22,61 : 190.78"
"22,62 : 169.43"
"22,63 : 347.88"
"22,64 : 385.52"
"22,65 : 540.46"
"22,66 : 821.0"
"22,67 : 280.93"
"22,68 : 561.63"
"22,69 : 710.14"
"22,70 : 760.16"
"22,71 : 192.42"
"22,72 : 424.61"
"22,73 : 204.38"
"22,74 : 182.46"
"22,75 : 397.97"
"22,76 : 404.52"
"22,77 : 92.02"
"22,78 : 92.66"
"22,79 : 420.93"
"22,80 : 483.74"
"22,81 : 263.46"
"22,82 : 842.53"
"22,83 : 426.55"
"22,84 : 463.61"
"22,85 : 119.1"
"22,86 : 768.2"
"22,87 : 809.03"
"22,88 : 646.56"
"22,89 : 311.51"
"22,90 : 520.59"
"22,91 : 628.94"
"22,92 : 866.93"
"22,93 : 467.09"
"22,94 : 517.26"
"22,95 : 333.96"
"22,96 : 627.26"
"22,97 : 244.03"
"22,98 : 810.56"
"22,99 : 321.85"
"23,0 : 987.09"
"23,1 : 95.43"
"23,2 : 805.0"
"23,3 : 821.08"
"23,4 : 916.47"
"23,5 : 824.66"
"23,6 : 48.1"
"23,7 : 908.67"
"23,8 : 606.55"
"23,9 : 383.09"
"23,10 : 426.0"
"23,11 : 537.82"
"23,12 : 500.33"
"23,13 : 579.72"
"23,14 : 138.35"
"23,15 : 424.86"
"23,16 : 238.21"
"23,17 : 482.34"
"23,18 : 552.05"
"23,19 : 393.84"
"23,20 : 505.83"
"23,21 : 304.27"
"23,22 : 721.66"
"23,23 : 0.0"
"23,24 : 791.79"
"23,25 : 690.5"
"23,26 : 966.32"
"23,27 : 545.46"
"23,28 : 593.84"
"23,29 : 984.94"
"23,30 : 723.73"
"23,31 : 206.12"
"23,32 : 610.18"
"23,33 : 554.52"
"23,34 : 399.8"
"23,35 : 263.6"
"23,36 : 83.22"
"23,37 : 727.04"
"23,38 : 953.86"
"23,39 : 597.88"
"23,40 : 687.95"
"23,41 : 812.16"
"23,42 : 310.69"
"23,43 : 805.49"
"23,44 : 227.86"
"23,45 : 812.25"
"23,46 : 267.84"
"23,47 : 599.61"
"23,48 : 186.53"
"23,49 : 150.56"
"23,50 : 192.09"
"23,51 : 233.24"
"23,52 : 675.0"
"23,53 : 803.55"
"23,54 : 695.01"
"23,55 : 771.43"
"23,56 : 839.87"
"23,57 : 689.06"
"23,58 : 203.3"
"23,59 : 443.59"
"23,60 : 312.41"
"23,61 : 794.01"
"23,62 : 573.89"
"23,63 : 696.85"
"23,64 : 734.17"
"23,65 : 326.46"
"23,66 : 324.99"
"23,67 : 820.78"
"23,68 : 651.76"
"23,69 : 117.6"
"23,70 : 340.8"
"23,71 : 884.95"
"23,72 : 878.99"
"23,73 : 736.88"
"23,74 : 854.17"
"23,75 : 588.27"
"23,76 : 1031.94"
"23,77 : 806.3"
"23,78 : 650.8"
"23,79 : 396.25"
"23,80 : 510.08"
"23,81 : 812.27"
"23,82 : 402.52"
"23,83 : 353.09"
"23,84 : 944.88"
"23,85 : 602.57"
"23,86 : 749.67"
"23,87 : 433.87"
"23,88 : 629.68"
"23,89 : 781.02"
"23,90 : 205.45"
"23,91 : 827.06"
"23,92 : 829.09"
"23,93 : 284.25"
"23,94 : 1076.22"
"23,95 : 974.08"
"23,96 : 400.65"
