x,y
546,418
13,302
228,75
653,570
433,305
344,581
822,555
861,183
63,445
439,841
393,527
539,740
609,814
695,924
943,895
557,101
841,59
71,821
608,269
856,626
180,242
499,233
607,506
417,961
172,914
513,416
220,943
953,448
436,925
680,989
713,636
714,435
823,882
423,497
486,187
492,44
851,999
484,157
291,771
740,141
864,876
410,827
732,801
672,371
622,908
736,711
830,668
703,775
470,682
955,694
320,305
813,91
108,839
418,383
447,551
526,621
123,717
396,985
628,125
773,24
461,446
995,978
540,668
975,87
2,776
867,158
515,911
69,769
58,686
448,697
984,159
515,503
627,35
100,924
763,420
113,623
919,463
215,393
210,400
691,661
423,127
23,777
103,432
195,54
547,743
435,543
399,474
902,616
659,328
467,588
488,251
383,344
632,87
427,433
837,588
92,1
946,761
599,190
136,536
861,311

Distanze
"0,0 : 0.0"
"0,1 : 545.48"
"0,2 : 467.73"
"0,3 : 185.88"
"0,4 : 159.81"
"0,5 : 259.56"
"0,6 : 308.13"
"0,7 : 393.0"
"0,8 : 483.75"
"0,9 : 436.32"
"0,10 : 187.86"
"0,11 : 322.08"
"0,12 : 400.98"
"0,13 : 527.48"
"0,14 : 620.59"
"0,15 : 317.19"
"0,16 : 464.66"
"0,17 : 622.92"
"0,18 : 161.38"
"0,19 : 373.31"
"0,20 : 406.12"
"0,21 : 190.88"
"0,22 : 107.07"
"0,23 : 558.11"
"0,24 : 621.2"
"0,25 : 33.06"
"0,26 : 617.98"
"0,27 : 408.1"
"0,28 : 518.8"
"0,29 : 586.51"
"0,30 : 274.61"
"0,31 : 168.86"
"0,32 : 540.39"
"0,33 : 146.18"
"0,34 : 238.67"
"0,35 : 377.88"
"0,36 : 656.19"
"0,37 : 268.26"
"0,38 : 435.47"
"0,39 : 338.18"
"0,40 : 557.57"
"0,41 : 431.02"
"0,42 : 425.78"
"0,43 : 134.48"
"0,44 : 495.86"
"0,45 : 349.21"
"0,46 : 378.36"
"0,47 : 390.0"
"0,48 : 274.72"
"0,49 : 493.41"
"0,50 : 252.68"
"0,51 : 422.16"
"0,52 : 607.52"
"0,53 : 132.7"
"0,54 : 165.8"
"0,55 : 203.98"
"0,56 : 518.01"
"0,57 : 586.51"
"0,58 : 304.26"
"0,59 : 454.71"
"0,60 : 89.49"
"0,61 : 717.78"
"0,62 : 250.07"
"0,63 : 541.85"
"0,64 : 651.23"
"0,65 : 413.09"
"0,66 : 493.97"
"0,67 : 592.22"
"0,68 : 556.75"
"0,69 : 295.71"
"0,70 : 508.85"
"0,71 : 90.48"
"0,72 : 391.47"
"0,73 : 674.5"
"0,74 : 217.01"
"0,75 : 479.08"
"0,76 : 375.7"
"0,77 : 331.94"
"0,78 : 336.48"
"0,79 : 282.97"
"0,80 : 315.93"
"0,81 : 634.36"
"0,82 : 443.22"
"0,83 : 505.66"
"0,84 : 325.0"
"0,85 : 167.17"
"0,86 : 157.31"
"0,87 : 407.36"
"0,88 : 144.46"
"0,89 : 187.46"
"0,90 : 176.79"
"0,91 : 179.01"
"0,92 : 341.99"
"0,93 : 119.94"
"0,94 : 337.02"
"0,95 : 616.45"
"0,96 : 526.92"
"0,97 : 234.08"
"0,98 : 426.64"
"0,99 : 332.68"
"1,0 : 545.48"
"1,1 : 0.0"
"1,2 : 312.66"
"1,3 : 693.85"
"1,4 : 420.01"
"1,5 : 432.9"
"1,6 : 847.64"
"1,7 : 856.31"
"1,8 : 151.49"
"1,9 : 687.02"
"1,10 : 441.62"
"1,11 : 684.49"
"1,12 : 785.72"
"1,13 : 923.04"
"1,14 : 1102.97"
"1,15 : 579.95"
"1,16 : 862.92"
"1,17 : 522.23"
"1,18 : 595.91"
"1,19 : 903.12"
"1,20 : 177.45"
"1,21 : 490.87"
"1,22 : 628.05"
"1,23 : 772.98"
"1,24 : 632.32"
"1,25 : 512.83"
"1,26 : 673.59"
"1,27 : 951.27"
"1,28 : 753.03"
"1,29 : 957.53"
"1,30 : 775.6"
"1,31 : 713.51"
"1,32 : 996.24"
"1,33 : 454.01"
"1,34 : 486.78"
"1,35 : 544.06"
"1,36 : 1089.98"
"1,37 : 492.81"
"1,38 : 545.2"
"1,39 : 744.61"
"1,40 : 1026.49"
"1,41 : 658.21"
"1,42 : 875.19"
"1,43 : 662.6"
"1,44 : 859.14"
"1,45 : 830.67"
"1,46 : 895.23"
"1,47 : 836.56"
"1,48 : 594.35"
"1,49 : 1020.31"
"1,50 : 307.01"
"1,51 : 827.36"
"1,52 : 545.34"
"1,53 : 413.02"
"1,54 : 500.36"
"1,55 : 604.09"
"1,56 : 429.33"
"1,57 : 783.06"
"1,58 : 639.96"
"1,59 : 809.25"
"1,60 : 470.57"
"1,61 : 1192.18"
"1,62 : 641.63"
"1,63 : 985.73"
"1,64 : 474.13"
"1,65 : 866.06"
"1,66 : 789.23"
"1,67 : 470.35"
"1,68 : 386.63"
"1,69 : 587.58"
"1,70 : 981.47"
"1,71 : 540.74"
"1,72 : 669.54"
"1,73 : 628.05"
"1,74 : 759.23"
"1,75 : 336.22"
"1,76 : 920.19"
"1,77 : 221.55"
"1,78 : 220.03"
"1,79 : 767.18"
"1,80 : 445.79"
"1,81 : 475.11"
"1,82 : 158.11"
"1,83 : 307.62"
"1,84 : 692.56"
"1,85 : 485.97"
"1,86 : 422.59"
"1,87 : 942.82"
"1,88 : 646.52"
"1,89 : 536.57"
"1,90 : 477.73"
"1,91 : 372.38"
"1,92 : 655.28"
"1,93 : 434.23"
"1,94 : 872.22"
"1,95 : 311.19"
"1,96 : 1039.79"
"1,97 : 596.61"
"1,98 : 264.36"
"1,99 : 848.05"
"2,0 : 467.73"
"2,1 : 312.66"
"2,2 : 0.0"
"2,3 : 652.42"
"2,4 : 308.1"
"2,5 : 519.13"
"2,6 : 763.7"
"2,7 : 642.15"
"2,8 : 405.12"
"2,9 : 794.53"
"2,10 : 481.17"
"2,11 : 734.13"
"2,12 : 831.43"
"2,13 : 968.96"
"2,14 : 1087.95"
"2,15 : 330.03"
"2,16 : 613.21"
"2,17 : 762.34"
"2,18 : 426.66"
"2,19 : 835.45"
"2,20 : 173.76"
"2,21 : 313.7"
"2,22 : 573.94"
"2,23 : 905.93"
"2,24 : 840.87"
"2,25 : 444.42"
"2,26 : 868.04"
"2,27 : 815.32"
"2,28 : 875.08"
"2,29 : 1019.66"
"2,30 : 741.58"
"2,31 : 604.81"
"2,32 : 1002.63"
"2,33 : 464.88"
"2,34 : 281.26"
"2,35 : 265.81"
"2,36 : 1114.41"
"2,37 : 268.81"
"2,38 : 698.85"
"2,39 : 516.24"
"2,40 : 1022.79"
"2,41 : 773.71"
"2,42 : 883.79"
"2,43 : 533.62"
"2,44 : 921.48"
"2,45 : 813.98"
"2,46 : 845.02"
"2,47 : 845.95"
"2,48 : 653.46"
"2,49 : 954.82"
"2,50 : 247.72"
"2,51 : 585.22"
"2,52 : 773.37"
"2,53 : 361.89"
"2,54 : 523.96"
"2,55 : 622.03"
"2,56 : 650.53"
"2,57 : 925.38"
"2,58 : 403.11"
"2,59 : 547.38"
"2,60 : 438.1"
"2,61 : 1184.78"
"2,62 : 670.07"
"2,63 : 747.1"
"2,64 : 736.53"
"2,65 : 644.37"
"2,66 : 883.89"
"2,67 : 711.98"
"2,68 : 634.21"
"2,69 : 659.76"
"2,70 : 760.65"
"2,71 : 515.32"
"2,72 : 401.0"
"2,73 : 858.59"
"2,74 : 636.59"
"2,75 : 559.94"
"2,76 : 792.48"
"2,77 : 318.27"
"2,78 : 325.5"
"2,79 : 746.84"
"2,80 : 201.81"
"2,81 : 731.32"
"2,82 : 378.25"
"2,83 : 39.12"
"2,84 : 740.26"
"2,85 : 511.74"
"2,86 : 434.1"
"2,87 : 864.27"
"2,88 : 499.77"
"2,89 : 565.94"
"2,90 : 313.97"
"2,91 : 310.46"
"2,92 : 404.18"
"2,93 : 409.59"
"2,94 : 796.27"
"2,95 : 154.83"
"2,96 : 993.04"
"2,97 : 388.41"
"2,98 : 470.09"
"2,99 : 675.56"
"3,0 : 185.88"
"3,1 : 693.85"
"3,2 : 652.42"
"3,3 : 0.0"
"3,4 : 344.42"
"3,5 : 309.2"
"3,6 : 169.66"
"3,7 : 439.36"
"3,8 : 603.1"
"3,9 : 345.31"
"3,10 : 263.53"
"3,11 : 204.69"
"3,12 : 247.94"
"3,13 : 356.48"
"3,14 : 435.57"
"3,15 : 478.72"
"3,16 : 544.49"
"3,17 : 633.82"
"3,18 : 304.35"
"3,19 : 210.58"
"3,20 : 575.6"
"3,21 : 370.52"
"3,22 : 78.82"
"3,23 : 456.7"
"3,24 : 591.35"
"3,25 : 208.12"
"3,26 : 571.51"
"3,27 : 323.86"
"3,28 : 416.07"
"3,29 : 419.87"
"3,30 : 89.2"
"3,31 : 148.14"
"3,32 : 355.31"
"3,33 : 241.31"
"3,34 : 417.83"
"3,35 : 550.09"
"3,36 : 472.49"
"3,37 : 446.24"
"3,38 : 414.06"
"3,39 : 437.73"
"3,40 : 371.69"
"3,41 : 353.69"
"3,42 : 244.14"
"3,43 : 199.9"
"3,44 : 339.42"
"3,45 : 163.62"
"3,46 : 202.32"
"3,47 : 211.01"
"3,48 : 214.55"
"3,49 : 326.47"
"3,50 : 425.57"
"3,51 : 505.02"
"3,52 : 607.77"
"3,53 : 300.32"
"3,54 : 206.87"
"3,55 : 136.86"
"3,56 : 550.01"
"3,57 : 488.13"
"3,58 : 445.7"
"3,59 : 559.03"
"3,60 : 228.56"
"3,61 : 532.38"
"3,62 : 149.58"
"3,63 : 580.49"
"3,64 : 682.82"
"3,65 : 464.26"
"3,66 : 367.87"
"3,67 : 616.97"
"3,68 : 606.2"
"3,69 : 241.15"
"3,70 : 527.71"
"3,71 : 153.4"
"3,72 : 535.63"
"3,73 : 656.6"
"3,74 : 186.01"
"3,75 : 542.59"
"3,76 : 286.71"
"3,77 : 472.41"
"3,78 : 474.5"
"3,79 : 98.62"
"3,80 : 499.15"
"3,81 : 663.14"
"3,82 : 567.05"
"3,83 : 689.94"
"3,84 : 202.89"
"3,85 : 219.67"
"3,86 : 271.54"
"3,87 : 253.21"
"3,88 : 242.07"
"3,89 : 186.87"
"3,90 : 359.15"
"3,91 : 352.1"
"3,92 : 483.46"
"3,93 : 264.28"
"3,94 : 184.88"
"3,95 : 799.05"
"3,96 : 349.76"
"3,97 : 383.82"
"3,98 : 518.12"
"3,99 : 332.18"
"4,0 : 159.81"
"4,1 : 420.01"
"4,2 : 308.1"
"4,3 : 344.42"
"4,4 : 0.0"
"4,5 : 289.99"
"4,6 : 462.41"
"4,7 : 445.05"
"4,8 : 395.6"
"4,9 : 536.03"
"4,10 : 225.57"
"4,11 : 447.73"
"4,12 : 538.57"
"4,13 : 672.16"
"4,14 : 779.87"
"4,15 : 238.73"
"4,16 : 476.42"
"4,17 : 630.32"
"4,18 : 178.66"
"4,19 : 531.01"
"4,20 : 260.73"
"4,21 : 97.67"
"4,22 : 265.85"
"4,23 : 656.2"
"4,24 : 662.57"
"4,25 : 136.82"
"4,26 : 672.62"
"4,27 : 539.3"
"4,28 : 620.01"
"4,29 : 727.23"
"4,30 : 433.54"
"4,31 : 309.61"
"4,32 : 696.44"
"4,33 : 192.26"
"4,34 : 129.36"
"4,35 : 267.59"
"4,36 : 810.16"
"4,37 : 156.54"
"4,38 : 487.16"
"4,39 : 348.06"
"4,40 : 715.4"
"4,41 : 522.51"
"4,42 : 579.15"
"4,43 : 247.95"
"4,44 : 631.93"
"4,45 : 506.6"
"4,46 : 537.94"
"4,47 : 542.03"
"4,48 : 378.81"
"4,49 : 651.0"
"4,50 : 113.0"
"4,51 : 436.11"
"4,52 : 625.12"
"4,53 : 79.43"
"4,54 : 246.4"
"4,55 : 329.4"
"4,56 : 515.6"
"4,57 : 681.01"
"4,58 : 265.38"
"4,59 : 441.09"
"4,60 : 143.75"
"4,61 : 876.8"
"4,62 : 378.44"
"4,63 : 584.2"
"4,64 : 638.44"
"4,65 : 458.22"
"4,66 : 611.52"
"4,67 : 589.74"
"4,68 : 534.59"
"4,69 : 392.29"
"4,70 : 570.01"
"4,71 : 214.31"
"4,72 : 332.47"
"4,73 : 702.89"
"4,74 : 349.46"
"4,75 : 451.14"
"4,76 : 511.04"
"4,77 : 235.09"
"4,78 : 242.39"
"4,79 : 439.66"
"4,80 : 178.28"
"4,81 : 625.21"
"4,82 : 353.59"
"4,83 : 345.9"
"4,84 : 452.59"
"4,85 : 238.01"
"4,86 : 172.39"
"4,87 : 562.75"
"4,88 : 227.17"
"4,89 : 285.04"
"4,90 : 77.08"
"4,91 : 63.41"
"4,92 : 295.17"
"4,93 : 128.14"
"4,94 : 493.26"
"4,95 : 456.83"
"4,96 : 686.37"
"4,97 : 201.94"
"4,98 : 376.26"
"4,99 : 428.04"
"5,0 : 259.56"
"5,1 : 432.9"
"5,2 : 519.13"
"5,3 : 309.2"
"5,4 : 289.99"
"5,5 : 0.0"
"5,6 : 478.71"
"5,7 : 652.45"
"5,8 : 312.18"
"5,9 : 276.81"
"5,10 : 72.92"
"5,11 : 251.61"
"5,12 : 352.87"
"5,13 : 490.76"
"5,14 : 676.31"
"5,15 : 525.14"
"5,16 : 720.76"
"5,17 : 363.5"
"5,18 : 408.71"
"5,19 : 513.97"
"5,20 : 376.59"
"5,21 : 380.96"
"5,22 : 273.48"
"5,23 : 386.95"
"5,24 : 374.8"
"5,25 : 236.19"
"5,26 : 382.65"
"5,27 : 623.35"
"5,28 : 356.09"
"5,29 : 528.55"
"5,30 : 373.08"
"5,31 : 397.76"
"5,32 : 565.72"
"5,33 : 115.31"
"5,34 : 418.81"
"5,35 : 557.02"
"5,36 : 657.09"
"5,37 : 446.52"
"5,38 : 197.25"
"5,39 : 591.96"
"5,40 : 597.85"
"5,41 : 254.7"
"5,42 : 446.03"
"5,43 : 389.47"
"5,44 : 429.2"
"5,45 : 412.99"
"5,46 : 493.73"
"5,47 : 408.06"
"5,48 : 161.48"
"5,49 : 621.36"
"5,50 : 277.04"
"5,51 : 678.28"
"5,52 : 349.66"
"5,53 : 211.38"
"5,54 : 107.28"
"5,55 : 186.34"
"5,56 : 259.49"
"5,57 : 407.33"
"5,58 : 537.21"
"5,59 : 703.06"
"5,60 : 178.64"
"5,61 : 762.5"
"5,62 : 214.44"
"5,63 : 801.37"
"5,64 : 393.69"
"5,65 : 672.65"
"5,66 : 371.67"
"5,67 : 333.12"
"5,68 : 304.67"
"5,69 : 155.79"
"5,70 : 766.61"
"5,71 : 187.95"
"5,72 : 614.98"
"5,73 : 420.93"
"5,74 : 448.87"
"5,75 : 234.79"
"5,76 : 586.98"
"5,77 : 228.0"
"5,78 : 225.2"
"5,79 : 356.1"
"5,80 : 460.82"
"5,81 : 376.11"
"5,82 : 283.34"
"5,83 : 547.66"
"5,84 : 259.72"
"5,85 : 98.62"
"5,86 : 120.31"
"5,87 : 559.1"
"5,88 : 404.02"
"5,89 : 123.2"
"5,90 : 360.05"
"5,91 : 240.19"
"5,92 : 571.82"
"5,93 : 169.69"
"5,94 : 493.05"
"5,95 : 632.38"
"5,96 : 628.33"
"5,97 : 466.8"
"5,98 : 212.81"
"5,99 : 583.26"
"6,0 : 308.13"
"6,1 : 847.64"
"6,2 : 763.7"
"6,3 : 169.66"
"6,4 : 462.41"
"6,5 : 478.71"
"6,6 : 0.0"
"6,7 : 374.04"
"6,8 : 766.93"
"6,9 : 478.0"
"6,10 : 429.91"
"6,11 : 338.1"
"6,12 : 335.34"
"6,13 : 390.24"
"6,14 : 360.89"
"6,15 : 525.68"
"6,16 : 496.36"
"6,17 : 796.72"
"6,18 : 357.2"
"6,19 : 78.72"
"6,20 : 714.24"
"6,21 : 456.08"
"6,22 : 220.51"
"6,23 : 573.46"
"6,24 : 742.55"
"6,25 : 338.82"
"6,26 : 716.2"
"6,27 : 169.14"
"6,28 : 534.69"
"6,29 : 456.64"
"6,30 : 135.8"
"6,31 : 161.44"
"6,32 : 327.0"
"6,33 : 403.19"
"6,34 : 498.32"
"6,35 : 608.29"
"6,36 : 444.95"
"6,37 : 522.16"
"6,38 : 573.25"
"6,39 : 422.04"
"6,40 : 323.74"
"6,41 : 493.69"
"6,42 : 261.95"
"6,43 : 237.39"
"6,44 : 405.72"
"6,45 : 178.13"
"6,46 : 113.28"
"6,47 : 250.12"
"6,48 : 374.21"
"6,49 : 192.38"
"6,50 : 560.81"
"6,51 : 464.09"
"6,52 : 768.41"
"6,53 : 439.09"
"6,54 : 375.02"
"6,55 : 303.27"
"6,56 : 717.53"
"6,57 : 605.29"
"6,58 : 471.74"
"6,59 : 533.26"
"6,60 : 377.1"
"6,61 : 457.01"
"6,62 : 303.8"
"6,63 : 492.37"
"6,64 : 849.26"
"6,65 : 399.54"
"6,66 : 470.09"
"6,67 : 782.82"
"6,68 : 775.15"
"6,69 : 400.05"
"6,70 : 427.86"
"6,71 : 311.37"
"6,72 : 555.36"
"6,73 : 810.83"
"6,74 : 147.33"
"6,75 : 712.25"
"6,76 : 133.69"
"6,77 : 628.25"
"6,78 : 631.32"
"6,79 : 168.51"
"6,80 : 585.14"
"6,81 : 829.27"
"6,82 : 729.44"
"6,83 : 802.58"
"6,84 : 333.12"
"6,85 : 387.19"
"6,86 : 430.69"
"6,87 : 100.6"
"6,88 : 279.46"
"6,89 : 356.53"
"6,90 : 451.63"
"6,91 : 487.07"
"6,92 : 505.1"
"6,93 : 413.41"
"6,94 : 36.25"
"6,95 : 916.41"
"6,96 : 240.44"
"6,97 : 427.73"
"6,98 : 686.26"
"6,99 : 247.1"
"7,0 : 393.0"
"7,1 : 856.31"
"7,2 : 642.15"
"7,3 : 439.36"
"7,4 : 445.05"
"7,5 : 652.45"
"7,6 : 374.04"
"7,7 : 0.0"
"7,8 : 839.91"
"7,9 : 781.7"
"7,10 : 580.83"
"7,11 : 643.38"
"7,12 : 679.46"
"7,13 : 759.37"
"7,14 : 716.71"
"7,15 : 314.87"
"7,16 : 125.6"
"7,17 : 1015.45"
"7,18 : 267.22"
"7,19 : 443.03"
"7,20 : 683.55"
"7,21 : 365.44"
"7,22 : 410.91"
"7,23 : 895.78"
"7,24 : 1004.53"
"7,25 : 418.8"
"7,26 : 994.22"
"7,27 : 280.52"
"7,28 : 855.1"
"7,29 : 826.07"
"7,30 : 476.56"
"7,31 : 291.74"
"7,32 : 700.03"
"7,33 : 538.92"
"7,34 : 375.02"
"7,35 : 394.31"
"7,36 : 816.06"
"7,37 : 377.9"
"7,38 : 818.93"
"7,39 : 128.08"
"7,40 : 693.01"
"7,41 : 786.22"
"7,42 : 631.32"
"7,43 : 266.58"
"7,44 : 763.38"
"7,45 : 542.59"
"7,46 : 485.99"
"7,47 : 612.72"
"7,48 : 633.94"
"7,49 : 519.57"
"7,50 : 554.59"
"7,51 : 103.77"
"7,52 : 998.67"
"7,53 : 486.05"
"7,54 : 553.91"
"7,55 : 551.42"
"7,56 : 910.93"
"7,57 : 927.05"
"7,58 : 240.11"
"7,59 : 181.73"
"7,60 : 478.72"
"7,61 : 806.21"
"7,62 : 581.61"
"7,63 : 149.04"
"7,64 : 1043.81"
"7,65 : 25.71"
"7,66 : 806.04"
"7,67 : 985.22"
"7,68 : 947.53"
"7,69 : 659.37"
"7,70 : 125.32"
"7,71 : 471.29"
"7,72 : 276.88"
"7,73 : 1062.17"
"7,74 : 256.46"
"7,75 : 867.82"
"7,76 : 285.94"
"7,77 : 679.28"
"7,78 : 686.21"
"7,79 : 507.33"
"7,80 : 441.57"
"7,81 : 1027.17"
"7,82 : 797.85"
"7,83 : 678.38"
"7,84 : 642.02"
"7,85 : 557.74"
"7,86 : 546.01"
"7,87 : 434.94"
"7,88 : 248.65"
"7,89 : 565.03"
"7,90 : 379.15"
"7,91 : 504.39"
"7,92 : 248.31"
"7,93 : 500.86"
"7,94 : 405.71"
"7,95 : 790.24"
"7,96 : 584.22"
"7,97 : 262.09"
"7,98 : 806.37"
"7,99 : 128.0"
"8,0 : 483.75"
"8,1 : 151.49"
"8,2 : 405.12"
"8,3 : 603.1"
"8,4 : 395.6"
"8,5 : 312.18"
"8,6 : 766.93"
"8,7 : 839.91"
"8,8 : 0.0"
"8,9 : 546.07"
"8,10 : 340.04"
"8,11 : 560.0"
"8,12 : 659.0"
"8,13 : 793.01"
"8,14 : 988.38"
"8,15 : 601.97"
"8,16 : 868.49"
"8,17 : 376.09"
"8,18 : 572.71"
"8,19 : 813.39"
"8,20 : 234.3"
"8,21 : 484.81"
"8,22 : 547.41"
"8,23 : 625.76"
"8,24 : 481.5"
"8,25 : 450.93"
"8,26 : 522.16"
"8,27 : 890.01"
"8,28 : 607.89"
"8,29 : 822.57"
"8,30 : 677.48"
"8,31 : 651.08"
"8,32 : 876.68"
"8,33 : 363.74"
"8,34 : 495.47"
"8,35 : 587.23"
"8,36 : 963.25"
"8,37 : 510.08"
"8,38 : 397.82"
"8,39 : 742.12"
"8,40 : 909.59"
"8,41 : 516.07"
"8,42 : 757.82"
"8,43 : 613.48"
"8,44 : 725.84"
"8,45 : 723.66"
"8,46 : 798.76"
"8,47 : 720.07"
"8,48 : 470.98"
"8,49 : 926.1"
"8,50 : 292.66"
"8,51 : 829.35"
"8,52 : 396.56"
"8,53 : 360.37"
"8,54 : 398.36"
"8,55 : 495.32"
"8,56 : 278.54"
"8,57 : 634.42"
"8,58 : 649.33"
"8,59 : 825.43"
"8,60 : 398.0"
"8,61 : 1073.64"
"8,62 : 526.55"
"8,63 : 979.75"
"8,64 : 336.57"
"8,65 : 853.69"
"8,66 : 649.2"
"8,67 : 324.06"
"8,68 : 241.05"
"8,69 : 460.14"
"8,70 : 964.38"
"8,71 : 455.71"
"8,72 : 697.28"
"8,73 : 480.43"
"8,74 : 700.45"
"8,75 : 184.89"
"8,76 : 856.19"
"8,77 : 160.65"
"8,78 : 153.73"
"8,79 : 664.11"
"8,80 : 480.34"
"8,81 : 334.4"
"8,82 : 42.06"
"8,83 : 412.68"
"8,84 : 568.38"
"8,85 : 384.69"
"8,86 : 337.25"
"8,87 : 856.25"
"8,88 : 607.38"
"8,89 : 428.56"
"8,90 : 467.18"
"8,91 : 335.56"
"8,92 : 672.25"
"8,93 : 364.2"
"8,94 : 787.1"
"8,95 : 444.95"
"8,96 : 937.84"
"8,97 : 593.57"
"8,98 : 116.66"
"8,99 : 809.17"
"9,0 : 436.32"
"9,1 : 687.02"
"9,2 : 794.53"
"9,3 : 345.31"
"9,4 : 536.03"
"9,5 : 276.81"
"9,6 : 478.0"
"9,7 : 781.7"
"9,8 : 546.07"
"9,9 : 0.0"
"9,10 : 317.35"
"9,11 : 142.13"
"9,12 : 172.13"
"9,13 : 269.12"
"9,14 : 506.88"
"9,15 : 749.35"
"9,16 : 879.28"
"9,17 : 368.54"
"9,18 : 596.44"
"9,19 : 469.16"
"9,20 : 652.6"
"9,21 : 610.95"
"9,22 : 374.77"
"9,23 : 122.0"
"9,24 : 276.8"
"9,25 : 431.39"
"9,26 : 241.59"
"9,27 : 647.03"
"9,28 : 84.05"
"9,29 : 282.82"
"9,30 : 342.2"
"9,31 : 490.37"
"9,32 : 386.18"
"9,33 : 344.37"
"9,34 : 655.69"
"9,35 : 798.76"
"9,36 : 441.26"
"9,37 : 685.48"
"9,38 : 163.72"
"9,39 : 761.97"
"9,40 : 426.44"
"9,41 : 32.2"
"9,42 : 295.72"
"9,43 : 524.58"
"9,44 : 194.88"
"9,45 : 324.21"
"9,46 : 427.56"
"9,47 : 272.12"
"9,48 : 161.99"
"9,49 : 536.53"
"9,50 : 549.05"
"9,51 : 838.08"
"9,52 : 331.01"
"9,53 : 458.48"
"9,54 : 290.11"
"9,55 : 236.58"
"9,56 : 339.46"
"9,57 : 150.28"
"9,58 : 740.52"
"9,59 : 882.64"
"9,60 : 395.61"
"9,61 : 572.63"
"9,62 : 200.32"
"9,63 : 925.1"
"9,64 : 441.81"
"9,65 : 806.02"
"9,66 : 103.32"
"9,67 : 376.94"
"9,68 : 411.32"
"9,69 : 144.28"
"9,70 : 873.01"
"9,71 : 346.44"
"9,72 : 827.64"
"9,73 : 349.01"
"9,74 : 531.24"
"9,75 : 392.17"
"9,76 : 610.97"
"9,77 : 500.88"
"9,78 : 496.91"
"9,79 : 309.68"
"9,80 : 714.18"
"9,81 : 420.89"
"9,82 : 529.32"
"9,83 : 823.96"
"9,84 : 145.84"
"9,85 : 298.03"
"9,86 : 369.17"
"9,87 : 514.78"
"9,88 : 558.18"
"9,89 : 254.54"
"9,90 : 592.03"
"9,91 : 500.14"
"9,92 : 778.31"
"9,93 : 408.18"
"9,94 : 471.61"
"9,95 : 908.85"
"9,96 : 513.27"
"9,97 : 670.37"
"9,98 : 429.92"
"9,99 : 677.48"
"10,0 : 187.86"
"10,1 : 441.62"
"10,2 : 481.17"
"10,3 : 263.53"
"10,4 : 225.57"
"10,5 : 72.92"
"10,6 : 429.91"
"10,7 : 580.83"
"10,8 : 340.04"
"10,9 : 317.35"
"10,10 : 0.0"
"10,11 : 258.23"
"10,12 : 359.2"
"10,13 : 498.81"
"10,14 : 661.76"
"10,15 : 456.48"
"10,16 : 647.86"
"10,17 : 436.03"
"10,18 : 335.84"
"10,19 : 473.47"
"10,20 : 355.8"
"10,21 : 312.53"
"10,22 : 215.03"
"10,23 : 434.66"
"10,24 : 445.66"
"10,25 : 163.47"
"10,26 : 450.54"
"10,27 : 565.54"
"10,28 : 400.32"
"10,29 : 543.89"
"10,30 : 338.05"
"10,31 : 333.92"
"10,32 : 557.61"
"10,33 : 42.43"
"10,34 : 352.49"
"10,35 : 493.04"
"10,36 : 657.68"
"10,37 : 381.03"
"10,38 : 264.46"
"10,39 : 519.04"
"10,40 : 586.21"
"10,41 : 300.48"
"10,42 : 435.89"
"10,43 : 319.65"
"10,44 : 444.52"
"10,45 : 389.24"
"10,46 : 459.18"
"10,47 : 396.99"
"10,48 : 173.07"
"10,49 : 586.29"
"10,50 : 233.69"
"10,51 : 605.39"
"10,52 : 422.57"
"10,53 : 146.15"
"10,54 : 59.09"
"10,55 : 162.86"
"10,56 : 330.15"
"10,57 : 458.01"
"10,58 : 465.65"
"10,59 : 630.4"
"10,60 : 105.76"
"10,61 : 752.2"
"10,62 : 203.69"
"10,63 : 729.61"
"10,64 : 463.55"
"10,65 : 600.7"
"10,66 : 402.91"
"10,67 : 404.4"
"10,68 : 370.82"
"10,69 : 178.68"
"10,70 : 696.21"
"10,71 : 124.34"
"10,72 : 544.81"
"10,73 : 493.41"
"10,74 : 385.16"
"10,75 : 296.0"
"10,76 : 529.88"
"10,77 : 222.8"
"10,78 : 222.75"
"10,79 : 326.74"
"10,80 : 401.12"
"10,81 : 446.54"
"10,82 : 305.16"
"10,83 : 512.77"
"10,84 : 265.28"
"10,85 : 44.94"
"10,86 : 53.34"
"10,87 : 516.72"
"10,88 : 332.2"
"10,89 : 95.9"
"10,90 : 291.89"
"10,91 : 183.27"
"10,92 : 500.72"
"10,93 : 99.96"
"10,94 : 448.17"
"10,95 : 606.03"
"10,96 : 600.47"
"10,97 : 394.97"
"10,98 : 257.16"
"10,99 : 515.44"
"11,0 : 322.08"
"11,1 : 684.49"
"11,2 : 734.13"
"11,3 : 204.69"
"11,4 : 447.73"
"11,5 : 251.61"
"11,6 : 338.1"
"11,7 : 643.38"
"11,8 : 560.0"
"11,9 : 142.13"
"11,10 : 258.23"
"11,11 : 0.0"
"11,12 : 101.86"
"11,13 : 241.23"
"11,14 : 432.71"
"11,15 : 639.25"
"11,16 : 744.96"
"11,17 : 474.96"
"11,18 : 476.03"
"11,19 : 336.88"
"11,20 : 613.91"
"11,21 : 508.58"
"11,22 : 243.68"
"11,23 : 252.44"
"11,24 : 406.16"
"11,25 : 325.04"
"11,26 : 378.11"
"11,27 : 506.62"
"11,28 : 211.74"
"11,29 : 286.15"
"11,30 : 202.71"
"11,31 : 351.64"
"11,32 : 317.52"
"11,33 : 269.27"
"11,34 : 555.53"
"11,35 : 697.59"
"11,36 : 405.49"
"11,37 : 585.59"
"11,38 : 249.93"
"11,39 : 631.82"
"11,40 : 352.31"
"11,41 : 155.6"
"11,42 : 202.41"
"11,43 : 392.24"
"11,44 : 187.38"
"11,45 : 199.12"
"11,46 : 299.77"
"11,47 : 167.69"
"11,48 : 90.14"
"11,49 : 418.54"
"11,50 : 487.02"
"11,51 : 704.47"
"11,52 : 442.22"
"11,53 : 376.95"
"11,54 : 210.2"
"11,55 : 119.71"
"11,56 : 416.64"
"11,57 : 283.68"
"11,58 : 621.41"
"11,59 : 753.27"
"11,60 : 304.17"
"11,61 : 514.37"
"11,62 : 72.01"
"11,63 : 785.18"
"11,64 : 538.21"
"11,65 : 668.06"
"11,66 : 172.68"
"11,67 : 470.89"
"11,68 : 484.02"
"11,69 : 100.65"
"11,70 : 731.84"
"11,71 : 238.21"
"11,72 : 710.47"
"11,73 : 476.0"
"11,74 : 390.61"
"11,75 : 441.77"
"11,76 : 470.24"
"11,77 : 474.75"
"11,78 : 473.12"
"11,79 : 171.3"
"11,80 : 623.88"
"11,81 : 517.32"
"11,82 : 533.82"
"11,83 : 767.42"
"11,84 : 8.54"
"11,85 : 222.77"
"11,86 : 300.59"
"11,87 : 383.59"
"11,88 : 429.12"
"11,89 : 168.19"
"11,90 : 491.65"
"11,91 : 425.62"
"11,92 : 659.59"
"11,93 : 326.79"
"11,94 : 334.53"
"11,95 : 863.67"
"11,96 : 407.54"
"11,97 : 553.26"
"11,98 : 451.69"
"11,99 : 536.4"
"12,0 : 400.98"
"12,1 : 785.72"
"12,2 : 831.43"
"12,3 : 247.94"
"12,4 : 538.57"
"12,5 : 352.87"
"12,6 : 335.34"
"12,7 : 679.46"
"12,8 : 659.0"
"12,9 : 172.13"
"12,10 : 359.2"
"12,11 : 101.86"
"12,12 : 0.0"
"12,13 : 139.63"
"12,14 : 343.68"
"12,15 : 714.89"
"12,16 : 789.84"
"12,17 : 538.05"
"12,18 : 545.0"
"12,19 : 310.41"
"12,20 : 715.0"
"12,21 : 591.32"
"12,22 : 308.01"
"12,23 : 241.81"
"12,24 : 448.3"
"12,25 : 409.41"
"12,26 : 409.83"
"12,27 : 502.29"
"12,28 : 205.55"
"12,29 : 188.85"
"12,30 : 206.16"
"12,31 : 393.28"
"12,32 : 224.54"
"12,33 : 367.54"
"12,34 : 638.95"
"12,35 : 778.84"
"12,36 : 304.61"
"12,37 : 668.79"
"12,38 : 320.89"
"12,39 : 685.63"
"12,40 : 262.43"
"12,41 : 199.42"
"12,42 : 123.69"
"12,43 : 447.46"
"12,44 : 94.89"
"12,45 : 163.52"
"12,46 : 264.87"
"12,47 : 101.77"
"12,48 : 191.69"
"12,49 : 366.22"
"12,50 : 585.32"
"12,51 : 751.23"
"12,52 : 501.62"
"12,53 : 471.43"
"12,54 : 308.89"
"12,55 : 210.09"
"12,56 : 495.59"
"12,57 : 273.15"
"12,58 : 689.26"
"12,59 : 806.84"
"12,60 : 396.65"
"12,61 : 419.39"
"12,62 : 161.48"
"12,63 : 813.93"
"12,64 : 608.19"
"12,65 : 704.91"
"12,66 : 135.07"
"12,67 : 541.87"
"12,68 : 565.67"
"12,69 : 199.02"
"12,70 : 754.75"
"12,71 : 324.9"
"12,72 : 779.21"
"12,73 : 520.75"
"12,74 : 423.03"
"12,75 : 531.5"
"12,76 : 468.3"
"12,77 : 576.61"
"12,78 : 574.98"
"12,79 : 173.59"
"12,80 : 711.73"
"12,81 : 587.17"
"12,82 : 634.0"
"12,83 : 865.45"
"12,84 : 94.26"
"12,85 : 322.05"
"12,86 : 399.62"
"12,87 : 353.63"
"12,88 : 488.57"
"12,89 : 266.91"
"12,90 : 575.86"
"12,91 : 521.51"
"12,92 : 727.36"
"12,93 : 422.24"
"12,94 : 321.03"
"12,95 : 963.46"
"12,96 : 341.14"
"12,97 : 624.08"
"12,98 : 548.65"
"12,99 : 562.59"
"13,0 : 527.48"
"13,1 : 923.04"
"13,2 : 968.96"
"13,3 : 356.48"
"13,4 : 672.16"
"13,5 : 490.76"
"13,6 : 390.24"
"13,7 : 759.37"
"13,8 : 793.01"
"13,9 : 269.12"
"13,10 : 498.81"
"13,11 : 241.23"
"13,12 : 139.63"
"13,13 : 0.0"
"13,14 : 249.69"
"13,15 : 834.49"
"13,16 : 877.23"
"13,17 : 632.44"
"13,18 : 660.75"
"13,19 : 338.71"
"13,20 : 854.6"
"13,21 : 718.26"
"13,22 : 427.16"
"13,23 : 280.45"
"13,24 : 523.1"
"13,25 : 539.62"
"13,26 : 475.38"
"13,27 : 541.42"
"13,28 : 259.0"
"13,29 : 66.71"
"13,30 : 288.56"
"13,31 : 489.37"
"13,32 : 134.71"
"13,33 : 506.27"
"13,34 : 766.06"
"13,35 : 903.11"
"13,36 : 173.09"
"13,37 : 795.49"
"13,38 : 432.0"
"13,39 : 784.29"
"13,40 : 175.68"
"13,41 : 301.05"
"13,42 : 128.44"
"13,43 : 553.48"
"13,44 : 74.73"
"13,45 : 216.91"
"13,46 : 289.41"
"13,47 : 149.21"
"13,48 : 330.44"
"13,49 : 347.13"
"13,50 : 723.73"
"13,51 : 841.32"
"13,52 : 593.12"
"13,53 : 607.79"
"13,54 : 447.92"
"13,55 : 346.94"
"13,56 : 608.3"
"13,57 : 305.16"
"13,58 : 801.8"
"13,59 : 903.37"
"13,60 : 532.2"
"13,61 : 304.82"
"13,62 : 299.27"
"13,63 : 882.59"
"13,64 : 708.63"
"13,65 : 785.07"
"13,66 : 180.47"
"13,67 : 644.9"
"13,68 : 680.01"
"13,69 : 335.47"
"13,70 : 817.77"
"13,71 : 457.87"
"13,72 : 891.6"
"13,73 : 595.0"
"13,74 : 508.57"
"13,75 : 655.23"
"13,76 : 512.54"
"13,77 : 715.79"
"13,78 : 714.0"
"13,79 : 263.03"
"13,80 : 842.14"
"13,81 : 687.89"
"13,82 : 769.76"
"13,83 : 1003.44"
"13,84 : 233.81"
"13,85 : 461.26"
"13,86 : 538.62"
"13,87 : 371.1"
"13,88 : 597.09"
"13,89 : 406.05"
"13,90 : 704.12"
"13,91 : 658.59"
"13,92 : 839.37"
"13,93 : 559.38"
"13,94 : 364.77"
"13,95 : 1102.51"
"13,96 : 299.28"
"13,97 : 740.25"
"13,98 : 680.46"
"13,99 : 635.08"
"14,0 : 620.59"
"14,1 : 1102.97"
"14,2 : 1087.95"
"14,3 : 435.57"
"14,4 : 779.87"
"14,5 : 676.31"
"14,6 : 360.89"
"14,7 : 716.71"
"14,8 : 988.38"
"14,9 : 506.88"
"14,10 : 661.76"
"14,11 : 432.71"
"14,12 : 343.68"
"14,13 : 249.69"
"14,14 : 0.0"
"14,15 : 882.85"
"14,16 : 842.2"
"14,17 : 875.13"
"14,18 : 710.0"
"14,19 : 282.72"
"14,20 : 1004.28"
"14,21 : 797.11"
"14,22 : 514.02"
"14,23 : 530.12"
"14,24 : 771.23"
"14,25 : 643.69"
"14,26 : 724.59"
"14,27 : 447.11"
"14,28 : 507.89"
"14,29 : 279.29"
"14,30 : 346.38"
"14,31 : 513.85"
"14,32 : 120.7"
"14,33 : 654.83"
"14,34 : 842.68"
"14,35 : 963.12"
"14,36 : 138.85"
"14,37 : 869.09"
"14,38 : 663.69"
"14,39 : 780.85"
"14,40 : 81.25"
"14,41 : 537.32"
"14,42 : 230.99"
"14,43 : 589.93"
"14,44 : 321.26"
"14,45 : 276.96"
"14,46 : 253.57"
"14,47 : 268.33"
"14,48 : 518.75"
"14,49 : 201.36"
"14,50 : 858.04"
"14,51 : 814.44"
"14,52 : 836.88"
"14,53 : 733.33"
"14,54 : 603.62"
"14,55 : 498.96"
"14,56 : 839.1"
"14,57 : 554.35"
"14,58 : 831.94"
"14,59 : 887.44"
"14,60 : 658.73"
"14,61 : 97.94"
"14,62 : 462.53"
"14,63 : 808.63"
"14,64 : 948.49"
"14,65 : 740.91"
"14,66 : 428.3"
"14,67 : 883.04"
"14,68 : 909.34"
"14,69 : 533.13"
"14,70 : 737.14"
"14,71 : 580.39"
"14,72 : 916.22"
"14,73 : 843.5"
"14,74 : 507.96"
"14,75 : 873.43"
"14,76 : 432.67"
"14,77 : 884.3"
"14,78 : 884.49"
"14,79 : 343.89"
"14,80 : 927.48"
"14,81 : 927.54"
"14,82 : 959.15"
"14,83 : 1125.52"
"14,84 : 424.17"
"14,85 : 618.04"
"14,86 : 687.88"
"14,87 : 282.0"
"14,88 : 634.15"
"14,89 : 566.41"
"14,90 : 788.52"
"14,91 : 785.62"
"14,92 : 865.79"
"14,93 : 692.6"
"14,94 : 324.78"
"14,95 : 1234.28"
"14,96 : 134.03"
"14,97 : 784.45"
"14,98 : 883.25"
"14,99 : 589.73"
"15,0 : 317.19"
"15,1 : 579.95"
"15,2 : 330.03"
"15,3 : 478.72"
"15,4 : 238.73"
"15,5 : 525.14"
"15,6 : 525.68"
"15,7 : 314.87"
"15,8 : 601.97"
"15,9 : 749.35"
"15,10 : 456.48"
"15,11 : 639.25"
"15,12 : 714.89"
"15,13 : 834.49"
"15,14 : 882.85"
"15,15 : 0.0"
"15,16 : 287.09"
"15,17 : 868.67"
"15,18 : 175.57"
"15,19 : 604.17"
"15,20 : 402.5"
"15,21 : 144.18"
"15,22 : 408.07"
"15,23 : 871.32"
"15,24 : 899.55"
"15,25 : 318.06"
"15,26 : 906.94"
"15,27 : 526.52"
"15,28 : 832.84"
"15,29 : 896.48"
"15,30 : 557.28"
"15,31 : 369.06"
"15,32 : 825.06"
"15,33 : 418.06"
"15,34 : 111.52"
"15,35 : 86.45"
"15,36 : 944.9"
"15,37 : 92.01"
"15,38 : 720.87"
"15,39 : 187.32"
"15,40 : 833.59"
"15,41 : 740.73"
"15,42 : 721.54"
"15,43 : 293.47"
"15,44 : 809.61"
"15,45 : 635.72"
"15,46 : 629.3"
"15,47 : 689.63"
"15,48 : 587.48"
"15,49 : 714.18"
"15,50 : 312.71"
"15,51 : 256.2"
"15,52 : 863.85"
"15,53 : 314.4"
"15,54 : 463.25"
"15,55 : 520.92"
"15,56 : 753.53"
"15,57 : 898.54"
"15,58 : 74.95"
"15,59 : 229.31"
"15,60 : 358.11"
"15,61 : 980.29"
"15,62 : 567.25"
"15,63 : 418.23"
"15,64 : 873.87"
"15,65 : 315.2"
"15,66 : 811.09"
"15,67 : 827.27"
"15,68 : 768.91"
"15,69 : 605.89"
"15,70 : 430.92"
"15,71 : 404.19"
"15,72 : 96.21"
"15,73 : 941.37"
"15,74 : 379.73"
"15,75 : 685.29"
"15,76 : 511.95"
"15,77 : 449.7"
"15,78 : 458.05"
"15,79 : 575.81"
"15,80 : 136.5"
"15,81 : 861.47"
"15,82 : 561.85"
"15,83 : 365.04"
"15,84 : 642.08"
"15,85 : 458.53"
"15,86 : 405.08"
"15,87 : 619.88"
"15,88 : 248.86"
"15,89 : 495.25"
"15,90 : 165.11"
"15,91 : 298.87"
"15,92 : 76.3"
"15,93 : 356.54"
"15,94 : 561.76"
"15,95 : 475.63"
"15,96 : 766.11"
"15,97 : 98.41"
"15,98 : 605.36"
"15,99 : 369.48"
"16,0 : 464.66"
"16,1 : 862.92"
"16,2 : 613.21"
"16,3 : 544.49"
"16,4 : 476.42"
"16,5 : 720.76"
"16,6 : 496.36"
"16,7 : 125.6"
"16,8 : 868.49"
"16,9 : 879.28"
"16,10 : 647.86"
"16,11 : 744.96"
"16,12 : 789.84"
"16,13 : 877.23"
"16,14 : 842.2"
"16,15 : 287.09"
"16,16 : 0.0"
"16,17 : 1083.3"
"16,18 : 313.67"
"16,19 : 567.2"
"16,20 : 685.86"
"16,21 : 383.72"
"16,22 : 504.54"
"16,23 : 996.68"
"16,24 : 1085.63"
"16,25 : 484.8"
"16,26 : 1080.32"
"16,27 : 404.8"
"16,28 : 956.02"
"16,29 : 943.83"
"16,30 : 591.03"
"16,31 : 396.87"
"16,32 : 823.2"
"16,33 : 605.45"
"16,34 : 377.37"
"16,35 : 349.32"
"16,36 : 940.05"
"16,37 : 370.21"
"16,38 : 899.69"
"16,39 : 130.1"
"16,40 : 817.32"
"16,41 : 880.67"
"16,42 : 749.96"
"16,43 : 354.83"
"16,44 : 876.79"
"16,45 : 660.4"
"16,46 : 609.1"
"16,47 : 729.18"
"16,48 : 725.1"
"16,49 : 645.15"
"16,50 : 576.16"
"16,51 : 42.52"
"16,52 : 1070.37"
"16,53 : 532.83"
"16,54 : 630.32"
"16,55 : 644.26"
"16,56 : 973.9"
"16,57 : 1027.38"
"16,58 : 222.99"
"16,59 : 76.48"
"16,60 : 542.37"
"16,61 : 931.81"
"16,62 : 679.32"
"16,63 : 136.89"
"16,64 : 1103.63"
"16,65 : 102.36"
"16,66 : 912.24"
"16,67 : 1048.85"
"16,68 : 1003.1"
"16,69 : 749.33"
"16,70 : 174.5"
"16,71 : 550.83"
"16,72 : 215.34"
"16,73 : 1138.99"
"16,74 : 369.33"
"16,75 : 920.91"
"16,76 : 411.46"
"16,77 : 709.53"
"16,78 : 717.25"
"16,79 : 620.41"
"16,80 : 423.49"
"16,81 : 1088.42"
"16,82 : 826.91"
"16,83 : 646.02"
"16,84 : 744.51"
"16,85 : 631.74"
"16,86 : 606.29"
"16,87 : 560.33"
"16,88 : 324.78"
"16,89 : 647.86"
"16,90 : 401.84"
"16,91 : 539.43"
"16,92 : 210.87"
"16,93 : 557.92"
"16,94 : 529.02"
"16,95 : 751.24"
"16,96 : 709.81"
"16,97 : 275.18"
"16,98 : 851.21"
"16,99 : 252.79"
"17,0 : 622.92"
"17,1 : 522.23"
"17,2 : 762.34"
"17,3 : 633.82"
"17,4 : 630.32"
"17,5 : 363.5"
"17,6 : 796.72"
"17,7 : 1015.45"
"17,8 : 376.09"
"17,9 : 368.54"
"17,10 : 436.03"
"17,11 : 474.96"
"17,12 : 538.05"
"17,13 : 632.44"
"17,14 : 875.13"
"17,15 : 868.67"
"17,16 : 1083.3"
"17,17 : 0.0"
"17,18 : 770.11"
"17,19 : 808.86"
"17,20 : 589.17"
"17,21 : 727.27"
"17,22 : 621.71"
"17,23 : 373.25"
"17,24 : 137.3"
"17,25 : 599.49"
"17,26 : 192.57"
"17,27 : 957.63"
"17,28 : 379.53"
"17,29 : 631.75"
"17,30 : 668.12"
"17,31 : 749.96"
"17,32 : 754.47"
"17,33 : 478.41"
"17,34 : 757.75"
"17,35 : 883.73"
"17,36 : 800.05"
"17,37 : 781.96"
"17,38 : 225.61"
"17,39 : 953.92"
"17,40 : 794.91"
"17,41 : 339.05"
"17,42 : 661.3"
"17,43 : 750.8"
"17,44 : 557.83"
"17,45 : 674.04"
"17,46 : 774.27"
"17,47 : 633.67"
"17,48 : 422.52"
"17,49 : 893.08"
"17,50 : 572.94"
"17,51 : 1040.9"
"17,52 : 41.15"
"17,53 : 558.8"
"17,54 : 462.9"
"17,55 : 497.02"
"17,56 : 116.28"
"17,57 : 364.03"
"17,58 : 891.44"
"17,59 : 1062.08"
"17,60 : 541.04"
"17,61 : 937.24"
"17,62 : 493.33"
"17,63 : 1164.46"
"17,64 : 82.38"
"17,65 : 1035.95"
"17,66 : 453.03"
"17,67 : 52.04"
"17,68 : 135.62"
"17,69 : 396.87"
"17,70 : 1127.75"
"17,71 : 546.13"
"17,72 : 962.77"
"17,73 : 107.0"
"17,74 : 799.79"
"17,75 : 202.41"
"17,76 : 920.47"
"17,77 : 451.58"
"17,78 : 443.35"
"17,79 : 640.31"
"17,80 : 778.16"
"17,81 : 65.12"
"17,82 : 390.31"
"17,83 : 776.96"
"17,84 : 482.35"
"17,85 : 458.02"
"17,86 : 477.49"
"17,87 : 855.91"
"17,88 : 767.33"
"17,89 : 459.46"
"17,90 : 706.25"
"17,91 : 569.98"
"17,92 : 923.84"
"17,93 : 526.57"
"17,94 : 800.65"
"17,95 : 820.27"
"17,96 : 877.05"
"17,97 : 822.77"
"17,98 : 292.32"
"17,99 : 940.32"
"18,0 : 161.38"
"18,1 : 595.91"
"18,2 : 426.66"
"18,3 : 304.35"
"18,4 : 178.66"
"18,5 : 408.71"
"18,6 : 357.2"
"18,7 : 267.22"
"18,8 : 572.71"
"18,9 : 596.44"
"18,10 : 335.84"
"18,11 : 476.03"
"18,12 : 545.0"
"18,13 : 660.75"
"18,14 : 710.0"
"18,15 : 175.57"
"18,16 : 313.67"
"18,17 : 770.11"
"18,18 : 0.0"
"18,19 : 434.69"
"18,20 : 428.85"
"18,21 : 114.79"
"18,22 : 237.0"
"18,23 : 717.88"
"18,24 : 778.54"
"18,25 : 175.03"
"18,26 : 777.7"
"18,27 : 388.67"
"18,28 : 678.17"
"18,29 : 723.59"
"18,30 : 381.73"
"18,31 : 196.96"
"18,32 : 649.61"
"18,33 : 293.61"
"18,34 : 147.0"
"18,35 : 253.14"
"18,36 : 769.38"
"18,37 : 167.09"
"18,38 : 593.71"
"18,39 : 183.87"
"18,40 : 658.78"
"18,41 : 592.09"
"18,42 : 546.26"
"18,43 : 120.42"
"18,44 : 639.15"
"18,45 : 460.16"
"18,46 : 456.6"
"18,47 : 514.84"
"18,48 : 435.45"
"18,49 : 548.67"
"18,50 : 290.24"
"18,51 : 271.49"
"18,52 : 758.22"
"18,53 : 221.58"
"18,54 : 324.72"
"18,55 : 361.42"
"18,56 : 660.25"
"18,57 : 746.73"
"18,58 : 145.38"
"18,59 : 295.38"
"18,60 : 230.08"
"18,61 : 807.74"
"18,62 : 404.75"
"18,63 : 409.65"
"18,64 : 790.12"
"18,65 : 281.78"
"18,66 : 648.7"
"18,67 : 735.2"
"18,68 : 690.21"
"18,69 : 456.93"
"18,70 : 391.76"
"18,71 : 251.8"
"18,72 : 234.77"
"18,73 : 828.91"
"18,74 : 216.39"
"18,75 : 608.56"
"18,76 : 366.55"
"18,77 : 412.1"
"18,78 : 419.0"
"18,79 : 400.69"
"18,80 : 233.21"
"18,81 : 774.78"
"18,82 : 530.65"
"18,83 : 465.61"
"18,84 : 477.91"
"18,85 : 324.04"
"18,86 : 292.76"
"18,87 : 454.8"
"18,88 : 77.99"
"18,89 : 348.77"
"18,90 : 121.34"
"18,91 : 237.17"
"18,92 : 183.58"
"18,93 : 244.25"
"18,94 : 392.69"
"18,95 : 581.45"
"18,96 : 596.92"
"18,97 : 79.51"
"18,98 : 542.28"
"18,99 : 256.46"
"19,0 : 373.31"
"19,1 : 903.12"
"19,2 : 835.45"
"19,3 : 210.58"
"19,4 : 531.01"
"19,5 : 513.97"
"19,6 : 78.72"
"19,7 : 443.03"
"19,8 : 813.39"
"19,9 : 469.16"
"19,10 : 473.47"
"19,11 : 336.88"
"19,12 : 310.41"
"19,13 : 338.71"
"19,14 : 282.72"
"19,15 : 604.17"
"19,16 : 567.2"
"19,17 : 808.86"
"19,18 : 434.69"
"19,19 : 0.0"
"19,20 : 777.45"
"19,21 : 530.94"
"19,22 : 276.41"
"19,23 : 552.22"
"19,24 : 742.16"
"19,25 : 402.18"
"19,26 : 710.62"
"19,27 : 202.71"
"19,28 : 515.56"
"19,29 : 403.42"
"19,30 : 143.35"
"19,31 : 238.0"
"19,32 : 258.12"
"19,33 : 451.81"
"19,34 : 574.13"
"19,35 : 686.45"
"19,36 : 373.03"
"19,37 : 598.62"
"19,38 : 583.31"
"19,39 : 498.68"
"19,40 : 250.13"
"19,41 : 489.2"
"19,42 : 214.48"
"19,43 : 314.45"
"19,44 : 366.44"
"19,45 : 147.05"
"19,46 : 49.4"
"19,47 : 213.56"
"19,48 : 390.04"
"19,49 : 120.1"
"19,50 : 624.77"
"19,51 : 536.73"
"19,52 : 777.74"
"19,53 : 500.89"
"19,54 : 415.82"
"19,55 : 330.04"
"19,56 : 738.63"
"19,57 : 583.51"
"19,58 : 550.44"
"19,59 : 607.69"
"19,60 : 434.08"
"19,61 : 378.45"
"19,62 : 318.78"
"19,63 : 551.98"
"19,64 : 867.07"
"19,65 : 468.13"
"19,66 : 444.42"
"19,67 : 799.89"
"19,68 : 800.25"
"19,69 : 414.13"
"19,70 : 484.22"
"19,71 : 362.51"
"19,72 : 633.82"
"19,73 : 812.61"
"19,74 : 226.02"
"19,75 : 743.01"
"19,76 : 174.75"
"19,77 : 682.03"
"19,78 : 684.39"
"19,79 : 168.67"
"19,80 : 660.67"
"19,81 : 846.58"
"19,82 : 777.59"
"19,83 : 874.13"
"19,84 : 330.41"
"19,85 : 429.1"
"19,86 : 481.61"
"19,87 : 47.07"
"19,88 : 357.23"
"19,89 : 390.85"
"19,90 : 525.4"
"19,91 : 550.68"
"19,92 : 583.69"
"19,93 : 470.41"
"19,94 : 42.49"
"19,95 : 987.08"
"19,96 : 162.25"
"19,97 : 506.11"
"19,98 : 725.6"
"19,99 : 315.04"
"20,0 : 406.12"
"20,1 : 177.45"
"20,2 : 173.76"
"20,3 : 575.6"
"20,4 : 260.73"
"20,5 : 376.59"
"20,6 : 714.24"
"20,7 : 683.55"
"20,8 : 234.3"
"20,9 : 652.6"
"20,10 : 355.8"
"20,11 : 613.91"
"20,12 : 715.0"
"20,13 : 854.6"
"20,14 : 1004.28"
"20,15 : 402.5"
"20,16 : 685.86"
"20,17 : 589.17"
"20,18 : 428.85"
"20,19 : 777.45"
"20,20 : 0.0"
"20,21 : 319.13"
"20,22 : 502.02"
"20,23 : 757.05"
"20,24 : 672.05"
"20,25 : 375.72"
"20,26 : 702.14"
"20,27 : 799.98"
"20,28 : 729.4"
"20,29 : 898.89"
"20,30 : 662.82"
"20,31 : 567.81"
"20,32 : 907.22"
"20,33 : 352.24"
"20,34 : 310.9"
"20,35 : 369.52"
"20,36 : 1011.58"
"20,37 : 315.66"
"20,38 : 540.52"
"20,39 : 569.04"
"20,40 : 932.64"
"20,41 : 628.59"
"20,42 : 785.61"
"20,43 : 508.63"
"20,44 : 799.32"
"20,45 : 727.39"
"20,46 : 777.16"
"20,47 : 746.74"
"20,48 : 526.97"
"20,49 : 897.18"
"20,50 : 153.52"
"20,51 : 650.76"
"20,52 : 601.33"
"20,53 : 276.63"
"20,54 : 408.37"
"20,55 : 513.18"
"20,56 : 478.41"
"20,57 : 773.76"
"20,58 : 463.03"
"20,59 : 631.8"
"20,60 : 347.24"
"20,61 : 1098.14"
"20,62 : 557.74"
"20,63 : 809.97"
"20,64 : 562.89"
"20,65 : 692.12"
"20,66 : 748.19"
"20,67 : 538.56"
"20,68 : 460.46"
"20,69 : 528.06"
"20,70 : 808.27"
"20,71 : 424.67"
"20,72 : 492.6"
"20,73 : 686.68"
"20,74 : 609.57"
"20,75 : 386.85"
"20,76 : 771.34"
"20,77 : 155.0"
"20,78 : 160.82"
"20,79 : 660.82"
"20,80 : 268.84"
"20,81 : 557.56"
"20,82 : 205.01"
"20,83 : 188.6"
"20,84 : 621.04"
"20,85 : 394.49"
"20,86 : 319.04"
"20,87 : 813.12"
"20,88 : 486.66"
"20,89 : 449.54"
"20,90 : 308.13"
"20,91 : 227.18"
"20,92 : 477.84"
"20,93 : 312.23"
"20,94 : 742.54"
"20,95 : 256.56"
"20,96 : 925.27"
"20,97 : 422.21"
"20,98 : 297.27"
"20,99 : 684.49"
"21,0 : 190.88"
"21,1 : 490.87"
"21,2 : 313.7"
"21,3 : 370.52"
"21,4 : 97.67"
"21,5 : 380.96"
"21,6 : 456.08"
"21,7 : 365.44"
"21,8 : 484.81"
"21,9 : 610.95"
"21,10 : 312.53"
"21,11 : 508.58"
"21,12 : 591.32"
"21,13 : 718.26"
"21,14 : 797.11"
"21,15 : 144.18"
"21,16 : 383.72"
"21,17 : 727.27"
"21,18 : 114.79"
"21,19 : 530.94"
"21,20 : 319.13"
"21,21 : 0.0"
"21,22 : 293.59"
"21,23 : 732.6"
"21,24 : 755.44"
"21,25 : 183.53"
"21,26 : 762.85"
"21,27 : 502.34"
"21,28 : 694.86"
"21,29 : 777.37"
"21,30 : 456.29"
"21,31 : 295.01"
"21,32 : 725.38"
"21,33 : 274.72"
"21,34 : 47.8"
"21,35 : 189.13"
"21,36 : 843.01"
"21,37 : 77.47"
"21,38 : 576.81"
"21,39 : 257.96"
"21,40 : 739.37"
"21,41 : 600.63"
"21,42 : 613.93"
"21,43 : 221.3"
"21,44 : 686.12"
"21,45 : 533.53"
"21,46 : 546.61"
"21,47 : 579.12"
"21,48 : 449.94"
"21,49 : 648.43"
"21,50 : 192.94"
"21,51 : 344.62"
"21,52 : 721.19"
"21,53 : 170.47"
"21,54 : 322.22"
"21,55 : 388.94"
"21,56 : 612.89"
"21,57 : 759.02"
"21,58 : 168.24"
"21,59 : 344.61"
"21,60 : 216.36"
"21,61 : 895.01"
"21,62 : 436.93"
"21,63 : 497.89"
"21,64 : 736.11"
"21,65 : 375.56"
"21,66 : 678.19"
"21,67 : 687.17"
"21,68 : 632.21"
"21,69 : 466.79"
"21,70 : 490.61"
"21,71 : 270.47"
"21,72 : 235.77"
"21,73 : 797.92"
"21,74 : 323.52"
"21,75 : 548.72"
"21,76 : 478.85"
"21,77 : 325.97"
"21,78 : 333.78"
"21,79 : 469.09"
"21,80 : 130.43"
"21,81 : 722.85"
"21,82 : 443.19"
"21,83 : 352.78"
"21,84 : 512.25"
"21,85 : 316.54"
"21,86 : 260.92"
"21,87 : 555.97"
"21,88 : 186.08"
"21,89 : 356.44"
"21,90 : 21.1"
"21,91 : 160.55"
"21,92 : 197.5"
"21,93 : 212.57"
"21,94 : 490.17"
"21,95 : 468.48"
"21,96 : 691.8"
"21,97 : 108.85"
"21,98 : 472.84"
"21,99 : 370.31"
"22,0 : 107.07"
"22,1 : 628.05"
"22,2 : 573.94"
"22,3 : 78.82"
"22,4 : 265.85"
"22,5 : 273.48"
"22,6 : 220.51"
"22,7 : 410.91"
"22,8 : 547.41"
"22,9 : 374.77"
"22,10 : 215.03"
"22,11 : 243.68"
"22,12 : 308.01"
"22,13 : 427.16"
"22,14 : 514.02"
"22,15 : 408.07"
"22,16 : 504.54"
"22,17 : 621.71"
"22,18 : 237.0"
"22,19 : 276.41"
"22,20 : 502.02"
"22,21 : 293.59"
"22,22 : 0.0"
"22,23 : 493.08"
"22,24 : 596.4"
"22,25 : 130.14"
"22,26 : 583.73"
"22,27 : 350.83"
"22,28 : 452.55"
"22,29 : 488.49"
"22,30 : 167.74"
"22,31 : 128.41"
"22,32 : 433.63"
"22,33 : 184.22"
"22,34 : 341.18"
"22,35 : 476.1"
"22,36 : 550.08"
"22,37 : 370.04"
"22,38 : 412.41"
"22,39 : 388.48"
"22,40 : 450.5"
"22,41 : 376.63"
"22,42 : 320.39"
"22,43 : 149.83"
"22,44 : 402.28"
"22,45 : 242.21"
"22,46 : 275.63"
"22,47 : 285.62"
"22,48 : 223.04"
"22,49 : 395.54"
"22,50 : 350.39"
"22,51 : 463.32"
"22,52 : 599.91"
"22,53 : 225.5"
"22,54 : 166.21"
"22,55 : 140.66"
"22,56 : 527.99"
"22,57 : 523.41"
"22,58 : 381.58"
"22,59 : 509.78"
"22,60 : 157.85"
"22,61 : 611.01"
"22,62 : 175.31"
"22,63 : 557.66"
"22,64 : 662.51"
"22,65 : 434.4"
"22,66 : 415.32"
"22,67 : 598.84"
"22,68 : 577.76"
"22,69 : 248.52"
"22,70 : 512.38"
"22,71 : 92.05"
"22,72 : 471.42"
"22,73 : 657.09"
"22,74 : 178.13"
"22,75 : 507.67"
"22,76 : 314.95"
"22,77 : 407.96"
"22,78 : 410.91"
"22,79 : 176.3"
"22,80 : 421.3"
"22,81 : 643.81"
"22,82 : 509.4"
"22,83 : 611.59"
"22,84 : 244.48"
"22,85 : 175.93"
"22,86 : 210.45"
"22,87 : 314.84"
"22,88 : 185.44"
"22,89 : 162.25"
"22,90 : 281.4"
"22,91 : 276.44"
"22,92 : 419.75"
"22,93 : 194.24"
"22,94 : 244.18"
"22,95 : 721.28"
"22,96 : 424.2"
"22,97 : 316.1"
"22,98 : 471.95"
"22,99 : 320.22"
"23,0 : 558.11"
"23,1 : 772.98"
"23,2 : 905.93"
"23,3 : 456.7"
"23,4 : 656.2"
"23,5 : 386.95"
"23,6 : 573.46"
"23,7 : 895.78"
"23,8 : 625.76"
"23,9 : 122.0"
"23,10 : 434.66"
"23,11 : 252.44"
"23,12 : 241.81"
"23,13 : 280.45"
"23,14 : 530.12"
"23,15 : 871.32"
"23,16 : 996.68"
"23,17 : 373.25"
"23,18 : 717.88"
"23,19 : 552.22"
"23,20 : 757.05"
"23,21 : 732.6"
"23,22 : 493.08"
"23,23 : 0.0"
"23,24 : 249.47"
"23,25 : 553.39"
"23,26 : 197.82"
"23,27 : 741.93"
"23,28 : 40.71"
"23,29 : 264.49"
"23,30 : 439.59"
"23,31 : 604.06"
"23,32 : 413.61"
"23,33 : 464.04"
"23,34 : 777.07"
"23,35 : 920.06"
"23,36 : 435.66"
"23,37 : 806.79"
"23,38 : 227.98"
"23,39 : 881.32"
"23,40 : 455.01"
"23,41 : 134.18"
"23,42 : 353.31"
"23,43 : 642.75"
"23,44 : 211.74"
"23,45 : 405.29"
"23,46 : 506.38"
"23,47 : 341.16"
"23,48 : 283.99"
"23,49 : 600.61"
"23,50 : 663.13"
"23,51 : 955.88"
"23,52 : 332.21"
"23,53 : 578.0"
"23,54 : 411.1"
"23,55 : 357.04"
"23,56 : 382.06"
"23,57 : 31.89"
"23,58 : 862.22"
"23,59 : 1002.35"
"23,60 : 516.88"
"23,61 : 578.25"
"23,62 : 317.77"
"23,63 : 1036.94"
"23,64 : 454.37"
"23,65 : 920.49"
"23,66 : 110.02"
"23,67 : 397.45"
"23,68 : 452.22"
"23,69 : 265.81"
"23,70 : 982.19"
"23,71 : 468.37"
"23,72 : 949.51"
"23,73 : 319.15"
"23,74 : 642.18"
"23,75 : 454.6"
"23,76 : 707.11"
"23,77 : 602.85"
"23,78 : 597.97"
"23,79 : 406.3"
"23,80 : 834.02"
"23,81 : 434.85"
"23,82 : 615.17"
"23,83 : 933.77"
"23,84 : 253.82"
"23,85 : 418.39"
"23,86 : 487.33"
"23,87 : 595.19"
"23,88 : 677.68"
"23,89 : 376.34"
"23,90 : 713.54"
"23,91 : 617.94"
"23,92 : 900.06"
"23,93 : 528.09"
"23,94 : 561.72"
"23,95 : 1013.52"
"23,96 : 565.54"
"23,97 : 792.19"
