x,y
497,863
427,142
781,356
534,923
288,822
279,192
833,425
838,541
228,550
828,91
692,162
938,428
2,526
220,803
534,721
131,239
143,224
929,293
893,31
712,176
123,431
178,785
118,881
159,838
654,282
194,575
685,873
553,821
276,622
761,708
763,564
588,370
905,620
828,877
340,217
604,895
134,607
402,259
407,886
969,996
844,195
734,369
102,807
786,48
593,210
481,482
485,373
941,465
836,413
677,199
344,537
379,941
492,985
368,312
925,808
131,886
101,402
201,973
846,208
53,76
442,52
400,986
389,98
568,292
752,781
596,557
561,823
304,96
280,559
97,259
707,7
86,521
634,483
156,327
163,687
6,959
786,192
416,308
33,656
276,36
322,636
612,225
241,901
352,872
894,643
342,23
699,694
732,165
379,536
134,466
829,350
481,730
218,295
813,215
417,171
467,382
862,143
374,965
556,149
680,969

Distanze
"0,0 : 0.0"
"0,1 : 724.39"
"0,2 : 581.12"
"0,3 : 70.49"
"0,4 : 212.98"
"0,5 : 705.52"
"0,6 : 552.03"
"0,7 : 469.0"
"0,8 : 412.71"
"0,9 : 839.97"
"0,10 : 727.62"
"0,11 : 619.44"
"0,12 : 598.83"
"0,13 : 283.42"
"0,14 : 146.74"
"0,15 : 723.42"
"0,16 : 730.5"
"0,17 : 715.21"
"0,18 : 921.43"
"0,19 : 719.86"
"0,20 : 571.4"
"0,21 : 328.4"
"0,22 : 379.43"
"0,23 : 338.92"
"0,24 : 601.84"
"0,25 : 418.03"
"0,26 : 188.27"
"0,27 : 70.0"
"0,28 : 326.99"
"0,29 : 306.14"
"0,30 : 400.2"
"0,31 : 501.33"
"0,32 : 474.88"
"0,33 : 331.3"
"0,34 : 664.8"
"0,35 : 111.68"
"0,36 : 444.19"
"0,37 : 611.43"
"0,38 : 92.89"
"0,39 : 490.38"
"0,40 : 752.75"
"0,41 : 547.91"
"0,42 : 398.95"
"0,43 : 864.72"
"0,44 : 660.02"
"0,45 : 381.34"
"0,46 : 490.15"
"0,47 : 596.27"
"0,48 : 563.4"
"0,49 : 687.97"
"0,50 : 360.12"
"0,51 : 141.45"
"0,52 : 122.1"
"0,53 : 565.9"
"0,54 : 431.52"
"0,55 : 366.72"
"0,56 : 607.73"
"0,57 : 315.78"
"0,58 : 742.18"
"0,59 : 903.61"
"0,60 : 812.86"
"0,61 : 156.65"
"0,62 : 772.59"
"0,63 : 575.4"
"0,64 : 267.86"
"0,65 : 321.62"
"0,66 : 75.47"
"0,67 : 790.91"
"0,68 : 373.5"
"0,69 : 724.44"
"0,70 : 881.38"
"0,71 : 534.68"
"0,72 : 403.94"
"0,73 : 635.28"
"0,74 : 377.53"
"0,75 : 500.3"
"0,76 : 730.59"
"0,77 : 560.88"
"0,78 : 508.08"
"0,79 : 856.02"
"0,80 : 286.63"
"0,81 : 648.28"
"0,82 : 258.8"
"0,83 : 145.28"
"0,84 : 453.88"
"0,85 : 854.18"
"0,86 : 263.37"
"0,87 : 736.5"
"0,88 : 347.64"
"0,89 : 537.94"
"0,90 : 611.06"
"0,91 : 133.96"
"0,92 : 632.82"
"0,93 : 720.94"
"0,94 : 696.61"
"0,95 : 481.93"
"0,96 : 807.23"
"0,97 : 159.79"
"0,98 : 716.43"
"0,99 : 211.48"
"1,0 : 724.39"
"1,1 : 0.0"
"1,2 : 413.66"
"1,3 : 788.3"
"1,4 : 694.06"
"1,5 : 156.22"
"1,6 : 494.9"
"1,7 : 572.82"
"1,8 : 453.94"
"1,9 : 404.23"
"1,10 : 265.75"
"1,11 : 585.59"
"1,12 : 572.78"
"1,13 : 692.65"
"1,14 : 588.8"
"1,15 : 311.49"
"1,16 : 295.6"
"1,17 : 524.22"
"1,18 : 479.04"
"1,19 : 287.02"
"1,20 : 419.45"
"1,21 : 689.53"
"1,22 : 801.0"
"1,23 : 745.81"
"1,24 : 266.7"
"1,25 : 491.71"
"1,26 : 775.19"
"1,27 : 690.59"
"1,28 : 503.19"
"1,29 : 657.2"
"1,30 : 539.43"
"1,31 : 279.11"
"1,32 : 675.99"
"1,33 : 837.27"
"1,34 : 114.87"
"1,35 : 773.52"
"1,36 : 549.61"
"1,37 : 119.64"
"1,38 : 744.27"
"1,39 : 1011.47"
"1,40 : 420.35"
"1,41 : 381.81"
"1,42 : 740.17"
"1,43 : 371.1"
"1,44 : 179.39"
"1,45 : 344.26"
"1,46 : 238.17"
"1,47 : 607.06"
"1,48 : 490.63"
"1,49 : 256.42"
"1,50 : 403.63"
"1,51 : 800.44"
"1,52 : 845.5"
"1,53 : 179.95"
"1,54 : 831.6"
"1,55 : 800.72"
"1,56 : 416.98"
"1,57 : 861.18"
"1,58 : 424.17"
"1,59 : 379.78"
"1,60 : 91.24"
"1,61 : 844.43"
"1,62 : 58.14"
"1,63 : 205.87"
"1,64 : 716.9"
"1,65 : 448.09"
"1,66 : 694.06"
"1,67 : 131.32"
"1,68 : 442.15"
"1,69 : 350.13"
"1,70 : 310.85"
"1,71 : 509.83"
"1,72 : 398.91"
"1,73 : 328.12"
"1,74 : 605.57"
"1,75 : 919.09"
"1,76 : 362.47"
"1,77 : 166.36"
"1,78 : 647.64"
"1,79 : 184.49"
"1,80 : 505.04"
"1,81 : 202.77"
"1,82 : 781.46"
"1,83 : 733.84"
"1,84 : 684.9"
"1,85 : 146.24"
"1,86 : 615.38"
"1,87 : 305.87"
"1,88 : 396.91"
"1,89 : 436.84"
"1,90 : 452.62"
"1,91 : 590.47"
"1,92 : 259.02"
"1,93 : 392.84"
"1,94 : 30.68"
"1,95 : 243.31"
"1,96 : 435.0"
"1,97 : 824.7"
"1,98 : 129.19"
"1,99 : 864.83"
"2,0 : 581.12"
"2,1 : 413.66"
"2,2 : 0.0"
"2,3 : 618.46"
"2,4 : 678.38"
"2,5 : 528.11"
"2,6 : 86.4"
"2,7 : 193.58"
"2,8 : 586.04"
"2,9 : 269.14"
"2,10 : 213.44"
"2,11 : 172.72"
"2,12 : 797.33"
"2,13 : 717.31"
"2,14 : 440.72"
"2,15 : 660.45"
"2,16 : 651.51"
"2,17 : 160.85"
"2,18 : 343.76"
"2,19 : 192.77"
"2,20 : 662.26"
"2,21 : 740.03"
"2,22 : 845.69"
"2,23 : 786.9"
"2,24 : 146.99"
"2,25 : 626.52"
"2,26 : 525.84"
"2,27 : 517.89"
"2,28 : 570.77"
"2,29 : 352.57"
"2,30 : 208.78"
"2,31 : 193.51"
"2,32 : 291.67"
"2,33 : 523.12"
"2,34 : 462.39"
"2,35 : 567.32"
"2,36 : 693.98"
"2,37 : 391.22"
"2,38 : 648.67"
"2,39 : 667.04"
"2,40 : 172.89"
"2,41 : 48.76"
"2,42 : 815.13"
"2,43 : 308.04"
"2,44 : 238.03"
"2,45 : 325.39"
"2,46 : 296.49"
"2,47 : 193.6"
"2,48 : 79.21"
"2,49 : 188.32"
"2,50 : 473.0"
"2,51 : 709.81"
"2,52 : 692.22"
"2,53 : 415.34"
"2,54 : 474.38"
"2,55 : 838.69"
"2,56 : 681.55"
"2,57 : 846.81"
"2,58 : 161.64"
"2,59 : 779.99"
"2,60 : 455.34"
"2,61 : 736.25"
"2,62 : 469.28"
"2,63 : 222.41"
"2,64 : 425.99"
"2,65 : 273.18"
"2,66 : 516.23"
"2,67 : 543.26"
"2,68 : 540.56"
"2,69 : 690.84"
"2,70 : 356.76"
"2,71 : 714.32"
"2,72 : 194.26"
"2,73 : 625.67"
"2,74 : 701.06"
"2,75 : 981.95"
"2,76 : 164.08"
"2,77 : 368.14"
"2,78 : 805.92"
"2,79 : 597.85"
"2,80 : 537.66"
"2,81 : 213.83"
"2,82 : 767.22"
"2,83 : 671.04"
"2,84 : 308.44"
"2,85 : 551.01"
"2,86 : 347.8"
"2,87 : 197.19"
"2,88 : 440.46"
"2,89 : 656.28"
"2,90 : 48.37"
"2,91 : 479.45"
"2,92 : 566.29"
"2,93 : 144.59"
"2,94 : 408.31"
"2,95 : 315.07"
"2,96 : 227.88"
"2,97 : 732.48"
"2,98 : 305.74"
"2,99 : 621.26"
"3,0 : 70.49"
"3,1 : 788.3"
"3,2 : 618.46"
"3,3 : 0.0"
"3,4 : 265.93"
"3,5 : 774.2"
"3,6 : 580.87"
"3,7 : 488.2"
"3,8 : 482.46"
"3,9 : 882.42"
"3,10 : 777.23"
"3,11 : 638.94"
"3,12 : 663.8"
"3,13 : 336.15"
"3,14 : 202.0"
"3,15 : 793.89"
"3,16 : 800.93"
"3,17 : 743.59"
"3,18 : 961.53"
"3,19 : 767.91"
"3,20 : 641.08"
"3,21 : 381.81"
"3,22 : 418.11"
"3,23 : 384.51"
"3,24 : 652.14"
"3,25 : 486.52"
"3,26 : 159.06"
"3,27 : 103.75"
"3,28 : 396.44"
"3,29 : 312.66"
"3,30 : 425.82"
"3,31 : 555.63"
"3,32 : 479.01"
"3,33 : 297.58"
"3,34 : 732.17"
"3,35 : 75.39"
"3,36 : 509.76"
"3,37 : 676.99"
"3,38 : 132.28"
"3,39 : 441.08"
"3,40 : 791.25"
"3,41 : 589.0"
"3,42 : 447.3"
"3,43 : 910.57"
"3,44 : 715.44"
"3,45 : 444.17"
"3,46 : 552.18"
"3,47 : 612.71"
"3,48 : 592.71"
"3,49 : 737.99"
"3,50 : 430.23"
"3,51 : 156.04"
"3,52 : 74.89"
"3,53 : 633.15"
"3,54 : 407.56"
"3,55 : 404.69"
"3,56 : 677.44"
"3,57 : 336.73"
"3,58 : 780.11"
"3,59 : 974.05"
"3,60 : 875.85"
"3,61 : 148.07"
"3,62 : 837.65"
"3,63 : 631.92"
"3,64 : 260.17"
"3,65 : 371.21"
"3,66 : 103.58"
"3,67 : 858.39"
"3,68 : 443.86"
"3,69 : 794.9"
"3,70 : 932.19"
"3,71 : 601.92"
"3,72 : 451.22"
"3,73 : 705.76"
"3,74 : 439.7"
"3,75 : 529.23"
"3,76 : 773.22"
"3,77 : 626.22"
"3,78 : 567.71"
"3,79 : 923.76"
"3,80 : 356.81"
"3,81 : 702.34"
"3,82 : 293.82"
"3,83 : 189.01"
"3,84 : 456.07"
"3,85 : 920.25"
"3,86 : 282.25"
"3,87 : 783.43"
"3,88 : 416.89"
"3,89 : 607.33"
"3,90 : 644.48"
"3,91 : 200.14"
"3,92 : 703.02"
"3,93 : 760.99"
"3,94 : 761.05"
"3,95 : 545.13"
"3,96 : 846.16"
"3,97 : 165.42"
"3,98 : 774.31"
"3,99 : 153.08"
"4,0 : 212.98"
"4,1 : 694.06"
"4,2 : 678.38"
"4,3 : 265.93"
"4,4 : 0.0"
"4,5 : 630.06"
"4,6 : 674.27"
"4,7 : 617.63"
"4,8 : 278.54"
"4,9 : 908.82"
"4,10 : 773.83"
"4,11 : 760.09"
"4,12 : 411.6"
"4,13 : 70.6"
"4,14 : 265.93"
"4,15 : 603.77"
"4,16 : 615.33"
"4,17 : 831.1"
"4,18 : 995.84"
"4,19 : 772.72"
"4,20 : 424.39"
"4,21 : 116.06"
"4,22 : 179.95"
"4,23 : 129.99"
"4,24 : 652.35"
"4,25 : 264.28"
"4,26 : 400.26"
"4,27 : 265.0"
"4,28 : 200.36"
"4,29 : 486.54"
"4,30 : 540.55"
"4,31 : 542.5"
"4,32 : 649.22"
"4,33 : 542.79"
"4,34 : 607.23"
"4,35 : 324.32"
"4,36 : 264.46"
"4,37 : 574.43"
"4,38 : 135.12"
"4,39 : 702.88"
"4,40 : 838.01"
"4,41 : 635.71"
"4,42 : 186.6"
"4,43 : 920.37"
"4,44 : 683.79"
"4,45 : 390.96"
"4,46 : 490.32"
"4,47 : 744.22"
"4,48 : 683.8"
"4,49 : 734.47"
"4,50 : 290.45"
"4,51 : 149.81"
"4,52 : 261.12"
"4,53 : 516.24"
"4,54 : 637.15"
"4,55 : 169.54"
"4,56 : 459.75"
"4,57 : 174.27"
"4,58 : 829.67"
"4,59 : 782.14"
"4,60 : 785.25"
"4,61 : 198.6"
"4,62 : 731.01"
"4,63 : 599.42"
"4,64 : 465.81"
"4,65 : 406.31"
"4,66 : 273.0"
"4,67 : 726.18"
"4,68 : 263.12"
"4,69 : 594.52"
"4,70 : 916.4"
"4,71 : 362.5"
"4,72 : 484.39"
"4,73 : 512.3"
"4,74 : 183.98"
"4,75 : 313.52"
"4,76 : 803.06"
"4,77 : 529.7"
"4,78 : 304.27"
"4,79 : 786.09"
"4,80 : 189.08"
"4,81 : 679.25"
"4,82 : 91.92"
"4,83 : 81.22"
"4,84 : 631.88"
"4,85 : 800.82"
"4,86 : 430.47"
"4,87 : 792.96"
"4,88 : 300.13"
"4,89 : 387.88"
"4,90 : 717.96"
"4,91 : 213.81"
"4,92 : 531.63"
"4,93 : 802.54"
"4,94 : 663.66"
"4,95 : 475.02"
"4,96 : 889.11"
"4,97 : 166.87"
"4,98 : 724.4"
"4,99 : 418.66"
"5,0 : 705.52"
"5,1 : 156.22"
"5,2 : 528.11"
"5,3 : 774.2"
"5,4 : 630.06"
"5,5 : 0.0"
"5,6 : 601.0"
"5,7 : 659.0"
"5,8 : 361.61"
"5,9 : 558.21"
"5,10 : 414.09"
"5,11 : 699.98"
"5,12 : 433.92"
"5,13 : 613.84"
"5,14 : 587.25"
"5,15 : 155.28"
"5,16 : 139.71"
"5,17 : 657.8"
"5,18 : 634.76"
"5,19 : 433.3"
"5,20 : 285.41"
"5,21 : 601.54"
"5,22 : 707.56"
"5,23 : 657.05"
"5,24 : 385.65"
"5,25 : 392.32"
"5,26 : 792.84"
"5,27 : 686.09"
"5,28 : 430.01"
"5,29 : 706.1"
"5,30 : 610.44"
"5,31 : 356.6"
"5,32 : 758.33"
"5,33 : 877.85"
"5,34 : 65.92"
"5,35 : 774.49"
"5,36 : 439.6"
"5,37 : 140.06"
"5,38 : 705.71"
"5,39 : 1059.49"
"5,40 : 565.01"
"5,41 : 488.22"
"5,42 : 639.96"
"5,43 : 527.05"
"5,44 : 314.52"
"5,45 : 353.42"
"5,46 : 274.22"
"5,47 : 716.08"
"5,48 : 599.24"
"5,49 : 398.06"
"5,50 : 351.07"
"5,51 : 755.65"
"5,52 : 821.11"
"5,53 : 149.4"
"5,54 : 892.62"
"5,55 : 709.61"
"5,56 : 275.29"
"5,57 : 784.89"
"5,58 : 567.23"
"5,59 : 254.03"
"5,60 : 214.87"
"5,61 : 803.17"
"5,62 : 144.69"
"5,63 : 305.81"
"5,64 : 755.41"
"5,65 : 483.44"
"5,66 : 691.15"
"5,67 : 99.2"
"5,68 : 367.0"
"5,69 : 193.94"
"5,70 : 466.27"
"5,71 : 381.43"
"5,72 : 459.03"
"5,73 : 182.63"
"5,74 : 508.41"
"5,75 : 814.14"
"5,76 : 507.0"
"5,77 : 179.51"
"5,78 : 525.18"
"5,79 : 156.03"
"5,80 : 446.08"
"5,81 : 334.63"
"5,82 : 710.02"
"5,83 : 683.91"
"5,84 : 762.64"
"5,85 : 180.36"
"5,86 : 654.53"
"5,87 : 453.8"
"5,88 : 358.24"
"5,89 : 310.0"
"5,90 : 572.24"
"5,91 : 574.67"
"5,92 : 119.71"
"5,93 : 534.5"
"5,94 : 139.59"
"5,95 : 267.29"
"5,96 : 585.06"
"5,97 : 778.82"
"5,98 : 280.32"
"5,99 : 874.37"
"6,0 : 552.03"
"6,1 : 494.9"
"6,2 : 86.4"
"6,3 : 580.87"
"6,4 : 674.27"
"6,5 : 601.0"
"6,6 : 0.0"
"6,7 : 116.11"
"6,8 : 617.78"
"6,9 : 334.04"
"6,10 : 298.41"
"6,11 : 105.04"
"6,12 : 837.12"
"6,13 : 720.18"
"6,14 : 420.73"
"6,15 : 726.22"
"6,16 : 718.68"
"6,17 : 163.22"
"6,18 : 398.54"
"6,19 : 276.84"
"6,20 : 710.03"
"6,21 : 747.41"
"6,22 : 848.03"
"6,23 : 790.47"
"6,24 : 229.11"
"6,25 : 656.37"
"6,26 : 471.81"
"6,27 : 484.99"
"6,28 : 590.81"
"6,29 : 292.02"
"6,30 : 155.63"
"6,31 : 251.1"
"6,32 : 207.87"
"6,33 : 452.03"
"6,34 : 535.08"
"6,35 : 522.82"
"6,36 : 722.31"
"6,37 : 461.86"
"6,38 : 627.69"
"6,39 : 586.97"
"6,40 : 230.26"
"6,41 : 113.74"
"6,42 : 824.79"
"6,43 : 379.92"
"6,44 : 322.22"
"6,45 : 356.59"
"6,46 : 351.86"
"6,47 : 115.17"
"6,48 : 12.37"
"6,49 : 274.61"
"6,50 : 501.66"
"6,51 : 687.29"
"6,52 : 655.65"
"6,53 : 478.53"
"6,54 : 393.89"
"6,55 : 839.84"
"6,56 : 732.36"
"6,57 : 836.5"
"6,58 : 217.39"
"6,59 : 854.52"
"6,60 : 540.38"
"6,61 : 708.67"
"6,62 : 551.42"
"6,63 : 296.5"
"6,64 : 365.1"
"6,65 : 271.28"
"6,66 : 482.07"
"6,67 : 622.96"
"6,68 : 569.0"
"6,69 : 754.49"
"6,70 : 436.58"
"6,71 : 753.14"
"6,72 : 207.28"
"6,73 : 684.06"
"6,74 : 719.41"
"6,75 : 984.42"
"6,76 : 237.69"
"6,77 : 433.1"
"6,78 : 832.68"
"6,79 : 679.39"
"6,80 : 552.85"
"6,81 : 298.06"
"6,82 : 759.63"
"6,83 : 656.64"
"6,84 : 226.37"
"6,85 : 634.57"
"6,86 : 300.53"
"6,87 : 278.93"
"6,88 : 467.37"
"6,89 : 700.2"
"6,90 : 75.11"
"6,91 : 465.76"
"6,92 : 628.59"
"6,93 : 210.95"
"6,94 : 487.41"
"6,95 : 368.52"
"6,96 : 283.49"
"6,97 : 708.72"
"6,98 : 391.03"
"6,99 : 565.11"
"7,0 : 469.0"
"7,1 : 572.82"
"7,2 : 193.58"
"7,3 : 488.2"
"7,4 : 617.63"
"7,5 : 659.0"
"7,6 : 116.11"
"7,7 : 0.0"
"7,8 : 610.07"
"7,9 : 450.11"
"7,10 : 406.15"
"7,11 : 150.89"
"7,12 : 836.13"
"7,13 : 671.24"
"7,14 : 353.29"
"7,15 : 768.8"
"7,16 : 763.88"
"7,17 : 264.17"
"7,18 : 512.96"
"7,19 : 386.14"
"7,20 : 723.41"
"7,21 : 703.66"
"7,22 : 796.24"
"7,23 : 741.11"
"7,24 : 317.71"
"7,25 : 644.9"
"7,26 : 365.56"
"7,27 : 399.53"
"7,28 : 567.81"
"7,29 : 183.9"
"7,30 : 78.45"
"7,31 : 302.89"
"7,32 : 103.59"
"7,33 : 336.15"
"7,34 : 594.12"
"7,35 : 424.35"
"7,36 : 707.09"
"7,37 : 519.25"
"7,38 : 552.07"
"7,39 : 473.48"
"7,40 : 346.05"
"7,41 : 201.0"
"7,42 : 782.59"
"7,43 : 495.73"
"7,44 : 411.81"
"7,45 : 361.84"
"7,46 : 390.94"
"7,47 : 128.0"
"7,48 : 128.02"
"7,49 : 378.0"
"7,50 : 494.02"
"7,51 : 608.84"
"7,52 : 562.9"
"7,53 : 522.82"
"7,54 : 280.82"
"7,55 : 786.69"
"7,56 : 749.99"
"7,57 : 769.67"
"7,58 : 333.1"
"7,59 : 912.39"
"7,60 : 629.24"
"7,61 : 624.39"
"7,62 : 630.75"
"7,63 : 367.29"
"7,64 : 254.94"
"7,65 : 242.53"
"7,66 : 395.29"
"7,67 : 695.11"
"7,68 : 558.29"
"7,69 : 792.85"
"7,70 : 549.83"
"7,71 : 752.27"
"7,72 : 212.08"
"7,73 : 714.79"
"7,74 : 690.61"
"7,75 : 931.1"
"7,76 : 352.85"
"7,77 : 482.05"
"7,78 : 813.17"
"7,79 : 755.56"
"7,80 : 524.67"
"7,81 : 388.5"
"7,82 : 697.14"
"7,83 : 588.01"
"7,84 : 116.36"
"7,85 : 717.18"
"7,86 : 206.71"
"7,87 : 390.66"
"7,88 : 459.03"
"7,89 : 707.98"
"7,90 : 191.21"
"7,91 : 403.94"
"7,92 : 667.02"
"7,93 : 326.96"
"7,94 : 560.48"
"7,95 : 403.64"
"7,96 : 398.72"
"7,97 : 628.55"
"7,98 : 482.9"
"7,99 : 456.23"
"8,0 : 412.71"
"8,1 : 453.94"
"8,2 : 586.04"
"8,3 : 482.46"
"8,4 : 278.54"
"8,5 : 361.61"
"8,6 : 617.78"
"8,7 : 610.07"
"8,8 : 0.0"
"8,9 : 755.43"
"8,10 : 604.85"
"8,11 : 720.41"
"8,12 : 227.27"
"8,13 : 253.13"
"8,14 : 350.54"
"8,15 : 325.78"
"8,16 : 336.9"
"8,17 : 746.63"
"8,18 : 843.56"
"8,19 : 611.66"
"8,20 : 158.7"
"8,21 : 240.26"
"8,22 : 348.8"
"8,23 : 296.15"
"8,24 : 503.29"
"8,25 : 42.2"
"8,26 : 559.62"
"8,27 : 423.16"
"8,28 : 86.53"
"8,29 : 555.93"
"8,30 : 535.18"
"8,31 : 402.49"
"8,32 : 680.61"
"8,33 : 683.32"
"8,34 : 351.33"
"8,35 : 510.3"
"8,36 : 109.93"
"8,37 : 339.05"
"8,38 : 380.71"
"8,39 : 864.87"
"8,40 : 710.97"
"8,41 : 537.4"
"8,42 : 286.23"
"8,43 : 750.58"
"8,44 : 498.82"
"8,45 : 261.98"
"8,46 : 312.05"
"8,47 : 718.05"
"8,48 : 623.24"
"8,49 : 569.91"
"8,50 : 116.73"
"8,51 : 419.14"
"8,52 : 508.84"
"8,53 : 276.12"
"8,54 : 743.22"
"8,55 : 349.72"
"8,56 : 195.02"
"8,57 : 423.86"
"8,58 : 706.32"
"8,59 : 505.27"
"8,60 : 542.03"
"8,61 : 468.7"
"8,62 : 479.82"
"8,63 : 426.81"
"8,64 : 572.66"
"8,65 : 368.07"
"8,66 : 430.6"
"8,67 : 460.32"
"8,68 : 52.77"
"8,69 : 319.13"
"8,70 : 724.08"
"8,71 : 144.93"
"8,72 : 411.49"
"8,73 : 234.34"
"8,74 : 151.64"
"8,75 : 465.37"
"8,76 : 662.97"
"8,77 : 306.44"
"8,78 : 221.95"
"8,79 : 516.24"
"8,80 : 127.4"
"8,81 : 503.07"
"8,82 : 351.24"
"8,83 : 345.05"
"8,84 : 672.46"
"8,85 : 539.19"
"8,86 : 492.52"
"8,87 : 634.22"
"8,88 : 151.65"
"8,89 : 126.06"
"8,90 : 633.4"
"8,91 : 310.5"
"8,92 : 255.2"
"8,93 : 674.13"
"8,94 : 423.51"
"8,95 : 292.14"
"8,96 : 753.4"
"8,97 : 439.93"
"8,98 : 518.06"
"8,99 : 616.33"
"9,0 : 839.97"
"9,1 : 404.23"
"9,2 : 269.14"
"9,3 : 882.42"
"9,4 : 908.82"
"9,5 : 558.21"
"9,6 : 334.04"
"9,7 : 450.11"
"9,8 : 755.43"
"9,9 : 0.0"
"9,10 : 153.42"
"9,11 : 354.5"
"9,12 : 933.54"
"9,13 : 936.27"
"9,14 : 695.22"
"9,15 : 712.54"
"9,16 : 697.79"
"9,17 : 225.84"
"9,18 : 88.46"
"9,19 : 143.81"
"9,20 : 782.7"
"9,21 : 950.86"
"9,22 : 1062.17"
"9,23 : 1002.78"
"9,24 : 258.37"
"9,25 : 797.63"
"9,26 : 794.97"
"9,27 : 780.08"
"9,28 : 765.94"
"9,29 : 620.63"
"9,30 : 477.45"
"9,31 : 368.02"
"9,32 : 534.57"
"9,33 : 786.0"
"9,34 : 504.0"
"9,35 : 834.62"
"9,36 : 864.81"
"9,37 : 457.93"
"9,38 : 899.59"
"9,39 : 915.92"
"9,40 : 105.22"
"9,41 : 293.46"
"9,42 : 1019.67"
"9,43 : 60.11"
"9,44 : 263.41"
"9,45 : 522.77"
"9,46 : 444.04"
"9,47 : 390.7"
"9,48 : 322.1"
"9,49 : 185.65"
"9,50 : 658.16"
"9,51 : 961.3"
"9,52 : 955.06"
"9,53 : 510.33"
"9,54 : 723.53"
"9,55 : 1057.28"
"9,56 : 790.73"
"9,57 : 1082.15"
"9,58 : 118.38"
"9,59 : 775.15"
"9,60 : 387.97"
"9,61 : 992.07"
"9,62 : 439.06"
"9,63 : 328.64"
"9,64 : 694.17"
"9,65 : 520.56"
"9,66 : 779.17"
"9,67 : 524.02"
"9,68 : 720.64"
"9,69 : 750.06"
"9,70 : 147.3"
"9,71 : 857.59"
"9,72 : 437.38"
"9,73 : 712.24"
"9,74 : 893.0"
"9,75 : 1195.45"
"9,76 : 109.38"
"9,77 : 465.65"
"9,78 : 975.32"
"9,79 : 554.73"
"9,80 : 743.68"
"9,81 : 254.19"
"9,82 : 1000.33"
"9,83 : 914.62"
"9,84 : 555.93"
"9,85 : 490.73"
"9,86 : 616.64"
"9,87 : 121.21"
"9,88 : 632.16"
"9,89 : 788.84"
"9,90 : 259.0"
"9,91 : 727.14"
"9,92 : 643.21"
"9,93 : 124.9"
"9,94 : 418.71"
"9,95 : 463.68"
"9,96 : 62.13"
"9,97 : 984.88"
"9,98 : 278.12"
"9,99 : 890.39"
"10,0 : 727.62"
"10,1 : 265.75"
"10,2 : 213.44"
"10,3 : 777.23"
"10,4 : 773.83"
"10,5 : 414.09"
"10,6 : 298.41"
"10,7 : 406.15"
"10,8 : 604.85"
"10,9 : 153.42"
"10,10 : 0.0"
"10,11 : 362.31"
"10,12 : 780.13"
"10,13 : 796.03"
"10,14 : 580.9"
"10,15 : 566.26"
"10,16 : 552.49"
"10,17 : 270.8"
"10,18 : 239.92"
"10,19 : 24.41"
"10,20 : 629.38"
"10,21 : 807.67"
"10,22 : 920.02"
"10,23 : 860.85"
"10,24 : 125.87"
"10,25 : 646.97"
"10,26 : 711.03"
"10,27 : 673.5"
"10,28 : 620.21"
"10,29 : 550.34"
"10,30 : 408.22"
"10,31 : 232.55"
"10,32 : 505.11"
"10,33 : 727.82"
"10,34 : 356.27"
"10,35 : 738.26"
"10,36 : 713.71"
"10,37 : 305.79"
"10,38 : 778.08"
"10,39 : 878.8"
"10,40 : 155.54"
"10,41 : 211.22"
"10,42 : 874.14"
"10,43 : 147.76"
"10,44 : 110.02"
"10,45 : 383.3"
"10,46 : 295.58"
"10,47 : 392.19"
"10,48 : 289.37"
"10,49 : 39.92"
"10,50 : 511.59"
"10,51 : 839.53"
"10,52 : 846.95"
"10,53 : 357.04"
"10,54 : 686.74"
"10,55 : 915.91"
"10,56 : 637.87"
"10,57 : 948.05"
"10,58 : 160.72"
"10,59 : 644.76"
"10,60 : 273.13"
"10,61 : 874.21"
"10,62 : 309.69"
"10,63 : 179.66"
"10,64 : 621.9"
"10,65 : 406.5"
"10,66 : 673.86"
"10,67 : 393.57"
"10,68 : 572.15"
"10,69 : 602.85"
"10,70 : 155.72"
"10,71 : 704.36"
"10,72 : 326.2"
"10,73 : 560.82"
"10,74 : 745.3"
"10,75 : 1051.57"
"10,76 : 98.67"
"10,77 : 312.24"
"10,78 : 823.6"
"10,79 : 434.66"
"10,80 : 601.31"
"10,81 : 101.83"
"10,82 : 865.75"
"10,83 : 787.21"
"10,84 : 521.69"
"10,85 : 376.59"
"10,86 : 532.05"
"10,87 : 40.11"
"10,88 : 487.69"
"10,89 : 635.44"
"10,90 : 232.62"
"10,91 : 605.92"
"10,92 : 492.31"
"10,93 : 132.1"
"10,94 : 275.15"
"10,95 : 314.68"
"10,96 : 171.06"
"10,97 : 863.67"
"10,98 : 136.62"
"10,99 : 807.09"
"11,0 : 619.44"
"11,1 : 585.59"
"11,2 : 172.72"
"11,3 : 638.94"
"11,4 : 760.09"
"11,5 : 699.98"
"11,6 : 105.04"
"11,7 : 150.89"
"11,8 : 720.41"
"11,9 : 354.5"
"11,10 : 362.31"
"11,11 : 0.0"
"11,12 : 941.12"
"11,13 : 810.03"
"11,14 : 499.06"
"11,15 : 828.84"
"11,16 : 820.76"
"11,17 : 135.3"
"11,18 : 399.54"
"11,19 : 338.5"
"11,20 : 815.01"
"11,21 : 839.67"
"11,22 : 936.81"
"11,23 : 880.31"
"11,24 : 319.33"
"11,25 : 758.38"
"11,26 : 511.89"
"11,27 : 550.16"
"11,28 : 689.84"
"11,29 : 331.25"
"11,30 : 221.63"
"11,31 : 354.77"
"11,32 : 194.82"
"11,33 : 462.28"
"11,34 : 634.13"
"11,35 : 574.15"
"11,36 : 823.69"
"11,37 : 562.01"
"11,38 : 701.23"
"11,39 : 568.85"
"11,40 : 251.25"
"11,41 : 212.36"
"11,42 : 917.9"
"11,43 : 409.27"
"11,44 : 408.1"
"11,45 : 460.18"
"11,46 : 456.33"
"11,47 : 37.12"
"11,48 : 103.1"
"11,49 : 347.22"
"11,50 : 603.92"
"11,51 : 758.72"
"11,52 : 713.56"
"11,53 : 581.68"
"11,54 : 380.22"
"11,55 : 927.91"
"11,56 : 837.4"
"11,57 : 916.62"
"11,58 : 238.46"
"11,59 : 952.43"
"11,60 : 622.41"
"11,61 : 775.12"
"11,62 : 640.55"
"11,63 : 394.2"
"11,64 : 399.01"
"11,65 : 365.52"
"11,66 : 546.03"
"11,67 : 715.67"
"11,68 : 670.91"
"11,69 : 857.81"
"11,70 : 480.21"
"11,71 : 857.06"
"11,72 : 308.94"
"11,73 : 788.5"
"11,74 : 817.13"
"11,75 : 1072.65"
"11,76 : 280.71"
"11,77 : 535.62"
"11,78 : 933.28"
"11,79 : 769.36"
"11,80 : 650.17"
"11,81 : 384.04"
"11,82 : 842.34"
"11,83 : 735.21"
"11,84 : 219.46"
"11,85 : 720.58"
"11,86 : 357.6"
"11,87 : 334.07"
"11,88 : 569.34"
"11,89 : 804.9"
"11,90 : 134.03"
"11,91 : 547.77"
"11,92 : 732.18"
"11,93 : 246.97"
"11,94 : 580.94"
"11,95 : 473.24"
"11,96 : 294.96"
"11,97 : 778.76"
"11,98 : 473.04"
"11,99 : 599.37"
"12,0 : 598.83"
"12,1 : 572.78"
"12,2 : 797.33"
"12,3 : 663.8"
"12,4 : 411.6"
"12,5 : 433.92"
"12,6 : 837.12"
"12,7 : 836.13"
"12,8 : 227.27"
"12,9 : 933.54"
"12,10 : 780.13"
"12,11 : 941.12"
"12,12 : 0.0"
"12,13 : 352.5"
"12,14 : 566.61"
"12,15 : 314.66"
"12,16 : 333.29"
"12,17 : 955.83"
"12,18 : 1019.27"
"12,19 : 791.58"
"12,20 : 153.84"
"12,21 : 313.14"
"12,22 : 373.47"
"12,23 : 349.27"
"12,24 : 696.16"
"12,25 : 198.15"
"12,26 : 766.09"
"12,27 : 625.0"
"12,28 : 290.33"
"12,29 : 780.52"
"12,30 : 761.95"
"12,31 : 606.41"
"12,32 : 907.88"
"12,33 : 897.48"
"12,34 : 457.96"
"12,35 : 706.09"
"12,36 : 154.87"
"12,37 : 480.93"
"12,38 : 541.87"
"12,39 : 1075.17"
"12,40 : 904.72"
"12,41 : 748.65"
"12,42 : 298.26"
"12,43 : 918.23"
"12,44 : 670.18"
"12,45 : 481.02"
"12,46 : 506.65"
"12,47 : 940.98"
"12,48 : 841.62"
"12,49 : 750.04"
"12,50 : 342.18"
"12,51 : 560.67"
"12,52 : 671.4"
"12,53 : 423.97"
"12,54 : 965.12"
"12,55 : 382.41"
"12,56 : 158.67"
"12,57 : 489.3"
"12,58 : 901.92"
"12,59 : 452.88"
"12,60 : 646.74"
"12,61 : 608.28"
"12,62 : 577.02"
"12,63 : 612.46"
"12,64 : 792.16"
"12,65 : 594.81"
"12,66 : 633.0"
"12,67 : 525.46"
"12,68 : 279.95"
"12,69 : 283.4"
"12,70 : 875.43"
"12,71 : 84.15"
"12,72 : 633.46"
"12,73 : 251.63"
"12,74 : 227.69"
"12,75 : 433.02"
"12,76 : 852.18"
"12,77 : 467.89"
"12,78 : 133.65"
"12,79 : 561.41"
"12,80 : 338.38"
"12,81 : 680.22"
"12,82 : 444.69"
"12,83 : 492.15"
"12,84 : 899.64"
"12,85 : 607.13"
"12,86 : 716.96"
"12,87 : 814.38"
"12,88 : 377.13"
"12,89 : 145.0"
"12,90 : 845.52"
"12,91 : 520.63"
"12,92 : 316.25"
"12,93 : 868.59"
"12,94 : 546.12"
"12,95 : 486.79"
"12,96 : 941.43"
"12,97 : 575.42"
"12,98 : 670.11"
"12,99 : 809.9"
"13,0 : 283.42"
"13,1 : 692.65"
"13,2 : 717.31"
"13,3 : 336.15"
"13,4 : 70.6"
"13,5 : 613.84"
"13,6 : 720.18"
"13,7 : 671.24"
"13,8 : 253.13"
"13,9 : 936.27"
"13,10 : 796.03"
"13,11 : 810.03"
"13,12 : 352.5"
"13,13 : 0.0"
"13,14 : 324.53"
"13,15 : 570.98"
"13,16 : 584.1"
"13,17 : 873.37"
"13,18 : 1024.16"
"13,19 : 796.99"
"13,20 : 384.44"
"13,21 : 45.69"
"13,22 : 128.41"
"13,23 : 70.33"
"13,24 : 678.08"
"13,25 : 229.48"
"13,26 : 470.24"
"13,27 : 333.49"
"13,28 : 189.47"
"13,29 : 549.28"
"13,30 : 593.27"
"13,31 : 568.25"
"13,32 : 709.02"
"13,33 : 612.49"
"13,34 : 598.16"
"13,35 : 394.87"
"13,36 : 214.04"
"13,37 : 573.64"
"13,38 : 204.59"
"13,39 : 773.47"
"13,40 : 871.23"
"13,41 : 672.72"
"13,42 : 118.07"
"13,43 : 943.6"
"13,44 : 700.56"
"13,45 : 413.72"
"13,46 : 505.1"
"13,47 : 796.29"
"13,48 : 729.08"
"13,49 : 757.41"
"13,50 : 293.48"
"13,51 : 210.54"
"13,52 : 327.27"
"13,53 : 512.82"
"13,54 : 705.02"
"13,55 : 121.7"
"13,56 : 418.28"
"13,57 : 171.06"
"13,58 : 863.66"
"13,59 : 745.93"
"13,60 : 783.13"
"13,61 : 256.69"
"13,62 : 724.97"
"13,63 : 618.24"
"13,64 : 532.45"
"13,65 : 449.32"
"13,66 : 341.59"
"13,67 : 711.97"
"13,68 : 251.27"
"13,69 : 557.73"
"13,70 : 933.16"
"13,71 : 312.22"
"13,72 : 523.26"
"13,73 : 480.28"
"13,74 : 129.25"
"13,75 : 264.82"
"13,76 : 832.87"
"13,77 : 532.39"
"13,78 : 237.86"
"13,79 : 769.04"
"13,80 : 195.69"
"13,81 : 698.39"
"13,82 : 100.22"
"13,83 : 148.95"
"13,84 : 692.73"
"13,85 : 789.48"
"13,86 : 491.25"
"13,87 : 818.04"
"13,88 : 310.76"
"13,89 : 347.8"
"13,90 : 759.01"
"13,91 : 271.02"
"13,92 : 508.0"
"13,93 : 835.1"
"13,94 : 661.99"
"13,95 : 488.11"
"13,96 : 920.74"
"13,97 : 223.52"
"13,98 : 735.26"
"13,99 : 489.04"
"14,0 : 146.74"
"14,1 : 588.8"
"14,2 : 440.72"
"14,3 : 202.0"
"14,4 : 265.93"
"14,5 : 587.25"
"14,6 : 420.73"
"14,7 : 353.29"
"14,8 : 350.54"
"14,9 : 695.22"
"14,10 : 580.9"
"14,11 : 499.06"
"14,12 : 566.61"
"14,13 : 324.53"
"14,14 : 0.0"
"14,15 : 628.28"
"14,16 : 632.37"
"14,17 : 582.42"
"14,18 : 777.81"
"14,19 : 573.33"
"14,20 : 503.01"
"14,21 : 361.71"
"14,22 : 445.71"
"14,23 : 392.83"
"14,24 : 455.11"
"14,25 : 370.02"
"14,26 : 214.25"
"14,27 : 101.79"
"14,28 : 276.34"
"14,29 : 227.37"
"14,30 : 277.65"
"14,31 : 355.13"
"14,32 : 384.5"
"14,33 : 332.82"
"14,34 : 540.05"
"14,35 : 187.55"
"14,36 : 415.93"
"14,37 : 480.49"
"14,38 : 208.22"
"14,39 : 514.64"
"14,40 : 610.55"
"14,41 : 404.85"
"14,42 : 440.48"
"14,43 : 718.63"
"14,44 : 514.39"
"14,45 : 244.81"
"14,46 : 351.43"
"14,47 : 480.82"
"14,48 : 431.36"
"14,49 : 541.23"
"14,50 : 264.49"
"14,51 : 269.12"
"14,52 : 267.32"
"14,53 : 441.4"
"14,54 : 400.56"
"14,55 : 435.47"
"14,56 : 537.82"
"14,57 : 417.6"
"14,58 : 600.43"
"14,59 : 804.6"
"14,60 : 675.3"
"14,61 : 296.95"
"14,62 : 639.65"
"14,63 : 430.35"
"14,64 : 226.11"
"14,65 : 175.33"
"14,66 : 105.51"
"14,67 : 665.98"
"14,68 : 301.26"
"14,69 : 635.93"
"14,70 : 734.66"
"14,71 : 490.62"
"14,72 : 258.15"
"14,73 : 546.0"
"14,74 : 372.55"
"14,75 : 579.16"
"14,76 : 585.96"
"14,77 : 429.53"
"14,78 : 505.2"
"14,79 : 731.98"
"14,80 : 228.41"
"14,81 : 502.1"
"14,82 : 343.87"
"14,83 : 236.48"
"14,84 : 368.35"
"14,85 : 723.93"
"14,86 : 167.19"
"14,87 : 590.2"
"14,88 : 241.35"
"14,89 : 474.37"
"14,90 : 473.99"
"14,91 : 53.76"
"14,92 : 530.41"
"14,93 : 577.82"
"14,94 : 562.31"
"14,95 : 345.56"
"14,96 : 664.58"
"14,97 : 291.78"
"14,98 : 572.42"
"14,99 : 287.78"
"15,0 : 723.42"
"15,1 : 311.49"
"15,2 : 660.45"
"15,3 : 793.89"
"15,4 : 603.77"
"15,5 : 155.28"
"15,6 : 726.22"
"15,7 : 768.8"
"15,8 : 325.78"
"15,9 : 712.54"
"15,10 : 566.26"
"15,11 : 828.84"
"15,12 : 314.66"
"15,13 : 570.98"
"15,14 : 628.28"
"15,15 : 0.0"
"15,16 : 19.21"
"15,17 : 799.82"
"15,18 : 789.88"
"15,19 : 584.41"
"15,20 : 192.17"
"15,21 : 548.02"
"15,22 : 642.13"
"15,23 : 599.65"
"15,24 : 524.76"
"15,25 : 341.86"
"15,26 : 841.95"
"15,27 : 718.89"
"15,28 : 409.53"
"15,29 : 785.4"
"15,30 : 710.67"
"15,31 : 475.41"
"15,32 : 862.69"
"15,33 : 944.91"
"15,34 : 210.15"
"15,35 : 808.74"
"15,36 : 368.01"
"15,37 : 271.74"
"15,38 : 703.41"
"15,39 : 1129.29"
"15,40 : 714.36"
"15,41 : 616.85"
"15,42 : 568.74"
"15,43 : 682.28"
"15,44 : 462.91"
"15,45 : 426.09"
"15,46 : 378.51"
"15,47 : 840.94"
"15,48 : 726.15"
"15,49 : 547.46"
"15,50 : 366.3"
"15,51 : 744.52"
"15,52 : 828.76"
"15,53 : 247.99"
"15,54 : 976.83"
"15,55 : 647.0"
"15,56 : 165.74"
"15,57 : 737.33"
"15,58 : 715.67"
"15,59 : 180.7"
"15,60 : 362.89"
"15,61 : 793.96"
"15,62 : 294.02"
"15,63 : 440.2"
"15,64 : 824.26"
"15,65 : 563.34"
"15,66 : 725.23"
"15,67 : 224.45"
"15,68 : 352.99"
"15,69 : 39.45"
"15,70 : 620.97"
"15,71 : 285.57"
"15,72 : 559.06"
"15,73 : 91.48"
"15,74 : 449.14"
"15,75 : 730.77"
"15,76 : 656.68"
"15,77 : 293.23"
"15,78 : 428.36"
"15,79 : 249.47"
"15,80 : 440.56"
"15,81 : 481.2"
"15,82 : 671.08"
"15,83 : 670.47"
"15,84 : 863.36"
"15,85 : 301.96"
"15,86 : 727.77"
"15,87 : 605.54"
"15,88 : 386.93"
"15,89 : 227.02"
"15,90 : 706.77"
"15,91 : 602.98"
"15,92 : 103.46"
"15,93 : 682.42"
"15,94 : 293.97"
"15,95 : 365.16"
"15,96 : 737.28"
"15,97 : 765.59"
"15,98 : 434.42"
"15,99 : 913.4"
"16,0 : 730.5"
"16,1 : 295.6"
"16,2 : 651.51"
"16,3 : 800.93"
"16,4 : 615.33"
"16,5 : 139.71"
"16,6 : 718.68"
"16,7 : 763.88"
"16,8 : 336.9"
"16,9 : 697.79"
"16,10 : 552.49"
"16,11 : 820.76"
"16,12 : 333.29"
"16,13 : 584.1"
"16,14 : 632.37"
"16,15 : 19.21"
"16,16 : 0.0"
"16,17 : 789.02"
"16,18 : 774.43"
"16,19 : 571.02"
"16,20 : 207.96"
"16,21 : 562.09"
"16,22 : 657.48"
"16,23 : 614.21"
"16,24 : 514.28"
"16,25 : 354.69"
"16,26 : 845.56"
"16,27 : 724.23"
"16,28 : 419.63"
"16,29 : 784.97"
"16,30 : 707.11"
"16,31 : 468.34"
"16,32 : 858.75"
"16,33 : 946.38"
"16,34 : 197.12"
"16,35 : 814.1"
"16,36 : 383.11"
"16,37 : 261.35"
"16,38 : 712.7"
"16,39 : 1130.6"
"16,40 : 701.6"
"16,41 : 608.53"
"16,42 : 584.44"
"16,43 : 666.65"
"16,44 : 450.22"
"16,45 : 425.22"
"16,46 : 373.05"
"16,47 : 833.6"
"16,48 : 718.31"
"16,49 : 534.58"
"16,50 : 371.98"
"16,51 : 754.84"
"16,52 : 837.21"
"16,53 : 241.6"
"16,54 : 976.0"
"16,55 : 662.11"
"16,56 : 182.89"
"16,57 : 751.24"
"16,58 : 703.18"
"16,59 : 173.22"
"16,60 : 344.94"
"16,61 : 804.17"
"16,62 : 276.39"
"16,63 : 430.41"
"16,64 : 825.31"
"16,65 : 562.23"
"16,66 : 730.43"
"16,67 : 205.68"
"16,68 : 361.93"
"16,69 : 57.8"
"16,70 : 604.31"
"16,71 : 302.42"
"16,72 : 555.12"
"16,73 : 103.82"
"16,74 : 463.43"
"16,75 : 747.66"
"16,76 : 643.8"
"16,77 : 285.63"
"16,78 : 445.78"
"16,79 : 230.29"
"16,80 : 449.2"
"16,81 : 469.0"
"16,82 : 684.06"
"16,83 : 680.87"
"16,84 : 859.98"
"16,85 : 282.85"
"16,86 : 728.04"
"16,87 : 591.95"
"16,88 : 391.2"
"16,89 : 242.17"
"16,90 : 697.48"
"16,91 : 608.51"
"16,92 : 103.28"
"16,93 : 670.06"
"16,94 : 279.08"
"16,95 : 360.47"
"16,96 : 723.55"
"16,97 : 776.17"
"16,98 : 419.75"
"16,99 : 918.36"
"17,0 : 715.21"
"17,1 : 524.22"
"17,2 : 160.85"
"17,3 : 743.59"
"17,4 : 831.1"
"17,5 : 657.8"
"17,6 : 163.22"
"17,7 : 264.17"
"17,8 : 746.63"
"17,9 : 225.84"
"17,10 : 270.8"
"17,11 : 135.3"
"17,12 : 955.83"
"17,13 : 873.37"
"17,14 : 582.42"
"17,15 : 799.82"
"17,16 : 789.02"
"17,17 : 0.0"
"17,18 : 264.46"
"17,19 : 246.53"
"17,20 : 817.73"
"17,21 : 897.81"
"17,22 : 1001.73"
"17,23 : 943.36"
"17,24 : 275.22"
"17,25 : 787.24"
"17,26 : 629.23"
"17,27 : 648.2"
"17,28 : 731.2"
"17,29 : 447.72"
"17,30 : 317.8"
"17,31 : 349.59"
"17,32 : 327.88"
"17,33 : 592.67"
"17,34 : 593.88"
"17,35 : 684.13"
"17,36 : 854.76"
"17,37 : 528.1"
"17,38 : 790.02"
"17,39 : 704.14"
"17,40 : 129.73"
"17,41 : 209.29"
"17,42 : 973.72"
"17,43 : 283.68"
"17,44 : 346.1"
"17,45 : 486.24"
"17,46 : 451.15"
"17,47 : 172.42"
"17,48 : 151.82"
"17,49 : 268.96"
"17,50 : 633.85"
"17,51 : 849.94"
"17,52 : 818.43"
"17,53 : 561.32"
"17,54 : 515.02"
"17,55 : 994.21"
"17,56 : 835.14"
"17,57 : 996.18"
"17,58 : 118.8"
"17,59 : 902.48"
"17,60 : 543.37"
"17,61 : 871.83"
"17,62 : 574.13"
"17,63 : 361.0"
"17,64 : 519.11"
"17,65 : 424.95"
"17,66 : 645.23"
"17,67 : 655.31"
"17,68 : 701.4"
"17,69 : 832.69"
"17,70 : 362.05"
"17,71 : 873.29"
"17,72 : 350.89"
"17,73 : 773.75"
"17,74 : 861.39"
"17,75 : 1138.19"
"17,76 : 175.07"
"17,77 : 513.22"
"17,78 : 966.74"
"17,79 : 701.75"
"17,80 : 697.21"
"17,81 : 324.21"
"17,82 : 918.15"
"17,83 : 817.42"
"17,84 : 351.75"
"17,85 : 646.12"
"17,86 : 462.28"
"17,87 : 234.93"
"17,88 : 601.29"
"17,89 : 813.61"
"17,90 : 115.1"
"17,91 : 625.84"
"17,92 : 711.0"
"17,93 : 139.79"
"17,94 : 526.33"
"17,95 : 470.49"
"17,96 : 164.28"
"17,97 : 871.56"
"17,98 : 399.83"
"17,99 : 720.4"
"18,0 : 921.43"
"18,1 : 479.04"
"18,2 : 343.76"
"18,3 : 961.53"
"18,4 : 995.84"
"18,5 : 634.76"
"18,6 : 398.54"
"18,7 : 512.96"
"18,8 : 843.56"
"18,9 : 88.46"
"18,10 : 239.92"
"18,11 : 399.54"
"18,12 : 1019.27"
"18,13 : 1024.16"
"18,14 : 777.81"
"18,15 : 789.88"
"18,16 : 774.43"
"18,17 : 264.46"
"18,18 : 0.0"
"18,19 : 231.92"
"18,20 : 867.7"
"18,21 : 1039.11"
"18,22 : 1150.27"
"18,23 : 1090.87"
"18,24 : 346.59"
"18,25 : 885.74"
"18,26 : 867.31"
"18,27 : 860.06"
"18,28 : 854.38"
"18,29 : 689.75"
"18,30 : 548.62"
"18,31 : 456.01"
"18,32 : 589.12"
"18,33 : 848.49"
"18,34 : 583.44"
"18,35 : 911.05"
"18,36 : 952.82"
"18,37 : 541.35"
"18,38 : 983.47"
"18,39 : 967.99"
"18,40 : 171.16"
"18,41 : 373.53"
"18,42 : 1108.09"
"18,43 : 108.34"
"18,44 : 349.34"
"18,45 : 610.86"
"18,46 : 532.38"
"18,47 : 436.65"
"18,48 : 386.23"
"18,49 : 273.64"
"18,50 : 746.62"
"18,51 : 1045.13"
"18,52 : 1034.85"
"18,53 : 595.47"
"18,54 : 777.66"
"18,55 : 1145.28"
"18,56 : 874.59"
"18,57 : 1168.86"
"18,58 : 183.13"
"18,59 : 841.2"
"18,60 : 451.49"
"18,61 : 1074.74"
"18,62 : 508.43"
"18,63 : 416.83"
"18,64 : 763.14"
"18,65 : 604.06"
"18,66 : 858.77"
"18,67 : 592.58"
"18,68 : 809.04"
"18,69 : 828.01"
"18,70 : 187.54"
"18,71 : 944.11"
"18,72 : 520.95"
"18,73 : 794.22"
"18,74 : 981.45"
"18,75 : 1283.73"
"18,76 : 193.31"
"18,77 : 551.6"
"18,78 : 1063.12"
"18,79 : 617.02"
"18,80 : 831.91"
"18,81 : 341.46"
"18,82 : 1087.2"
"18,83 : 999.98"
"18,84 : 612.0"
"18,85 : 551.06"
"18,86 : 690.8"
"18,87 : 209.47"
"18,88 : 720.57"
"18,89 : 874.82"
"18,90 : 325.36"
"18,91 : 811.38"
"18,92 : 724.79"
"18,93 : 200.64"
"18,94 : 496.16"
"18,95 : 551.98"
"18,96 : 116.21"
"18,97 : 1068.51"
"18,98 : 357.06"
"18,99 : 961.88"
"19,0 : 719.86"
"19,1 : 287.02"
"19,2 : 192.77"
"19,3 : 767.91"
"19,4 : 772.72"
"19,5 : 433.3"
"19,6 : 276.84"
"19,7 : 386.14"
"19,8 : 611.66"
"19,9 : 143.81"
"19,10 : 24.41"
"19,11 : 338.5"
"19,12 : 791.58"
"19,13 : 796.99"
"19,14 : 573.33"
"19,15 : 584.41"
"19,16 : 571.02"
"19,17 : 246.53"
"19,18 : 231.92"
"19,19 : 0.0"
"19,20 : 641.83"
"19,21 : 809.96"
"19,22 : 921.88"
"19,23 : 862.59"
"19,24 : 120.83"
"19,25 : 653.85"
"19,26 : 697.52"
"19,27 : 664.31"
"19,28 : 623.71"
"19,29 : 534.25"
"19,30 : 391.34"
"19,31 : 230.24"
"19,32 : 484.13"
"19,33 : 710.53"
"19,34 : 374.25"
"19,35 : 727.07"
"19,36 : 721.0"
"19,37 : 320.92"
"19,38 : 772.74"
"19,39 : 859.33"
"19,40 : 133.36"
"19,41 : 194.25"
"19,42 : 877.65"
"19,43 : 147.85"
"19,44 : 123.76"
"19,45 : 383.4"
"19,46 : 300.56"
"19,47 : 368.73"
"19,48 : 267.48"
"19,49 : 41.88"
"19,50 : 515.5"
"19,51 : 834.33"
"19,52 : 838.38"
"19,53 : 369.91"
"19,54 : 666.93"
"19,55 : 917.42"
"19,56 : 651.46"
"19,57 : 946.75"
"19,58 : 137.77"
"19,59 : 666.54"
"19,60 : 297.11"
"19,61 : 868.01"
"19,62 : 332.28"
"19,63 : 184.91"
"19,64 : 606.32"
"19,65 : 398.27"
"19,66 : 664.39"
"19,67 : 415.77"
"19,68 : 577.33"
"19,69 : 620.58"
"19,70 : 169.07"
"19,71 : 714.77"
"19,72 : 316.75"
"19,73 : 576.14"
"19,74 : 750.01"
"19,75 : 1054.29"
"19,76 : 75.71"
"19,77 : 324.1"
"19,78 : 831.53"
"19,79 : 457.93"
"19,80 : 603.08"
"19,81 : 111.36"
"19,82 : 864.56"
"19,83 : 783.59"
"19,84 : 501.21"
"19,85 : 400.39"
"19,86 : 518.16"
"19,87 : 22.83"
"19,88 : 490.4"
"19,89 : 646.67"
"19,90 : 209.68"
"19,91 : 600.23"
"19,92 : 508.13"
"19,93 : 108.27"
"19,94 : 295.04"
"19,95 : 320.1"
"19,96 : 153.59"
"19,97 : 858.35"
"19,98 : 158.32"
"19,99 : 793.65"
"20,0 : 571.4"
"20,1 : 419.45"
"20,2 : 662.26"
"20,3 : 641.08"
"20,4 : 424.39"
"20,5 : 285.41"
"20,6 : 710.03"
"20,7 : 723.41"
"20,8 : 158.7"
"20,9 : 782.7"
"20,10 : 629.38"
"20,11 : 815.01"
"20,12 : 153.84"
"20,13 : 384.44"
"20,14 : 503.01"
"20,15 : 192.17"
"20,16 : 207.96"
"20,17 : 817.73"
"20,18 : 867.7"
"20,19 : 641.83"
"20,20 : 0.0"
"20,21 : 358.25"
"20,22 : 450.03"
"20,23 : 408.59"
"20,24 : 551.51"
"20,25 : 160.55"
"20,26 : 714.99"
"20,27 : 580.52"
"20,28 : 244.72"
"20,29 : 695.54"
"20,30 : 653.67"
"20,31 : 468.98"
"20,32 : 804.52"
"20,33 : 834.23"
"20,34 : 304.77"
"20,35 : 668.32"
"20,36 : 176.34"
"20,37 : 327.76"
"20,38 : 536.36"
"20,39 : 1017.32"
"20,40 : 758.64"
"20,41 : 614.14"
"20,42 : 376.59"
"20,43 : 765.67"
"20,44 : 519.37"
"20,45 : 361.61"
"20,46 : 366.62"
"20,47 : 818.71"
"20,48 : 713.23"
"20,49 : 600.62"
"20,50 : 245.11"
"20,51 : 570.65"
"20,52 : 665.64"
"20,53 : 272.37"
"20,54 : 886.19"
"20,55 : 455.07"
"20,56 : 36.4"
"20,57 : 547.58"
"20,58 : 756.61"
"20,59 : 361.84"
"20,60 : 495.38"
"20,61 : 620.29"
"20,62 : 426.2"
"20,63 : 466.2"
"20,64 : 719.82"
"20,65 : 489.49"
"20,66 : 587.8"
"20,67 : 380.77"
"20,68 : 202.57"
"20,69 : 173.95"
"20,70 : 721.69"
"20,71 : 97.31"
"20,72 : 513.64"
"20,73 : 109.11"
"20,74 : 259.11"
"20,75 : 540.81"
"20,76 : 704.76"
"20,77 : 317.77"
"20,78 : 242.33"
"20,79 : 423.6"
"20,80 : 285.7"
"20,81 : 530.62"
"20,82 : 484.59"
"20,83 : 496.91"
"20,84 : 799.62"
"20,85 : 463.06"
"20,86 : 633.2"
"20,87 : 664.56"
"20,88 : 276.7"
"20,89 : 36.69"
"20,90 : 710.63"
"20,91 : 466.44"
"20,92 : 165.89"
"20,93 : 723.02"
"20,94 : 392.47"
"20,95 : 347.47"
"20,96 : 793.14"
"20,97 : 590.05"
"20,98 : 516.73"
"20,99 : 774.4"
"21,0 : 328.4"
"21,1 : 689.53"
"21,2 : 740.03"
"21,3 : 381.81"
"21,4 : 116.06"
"21,5 : 601.54"
"21,6 : 747.41"
"21,7 : 703.66"
"21,8 : 240.26"
"21,9 : 950.86"
"21,10 : 807.67"
"21,11 : 839.67"
"21,12 : 313.14"
"21,13 : 45.69"
"21,14 : 361.71"
"21,15 : 548.02"
"21,16 : 562.09"
"21,17 : 897.81"
"21,18 : 1039.11"
"21,19 : 809.96"
"21,20 : 358.25"
"21,21 : 0.0"
"21,22 : 113.21"
"21,23 : 56.3"
"21,24 : 692.52"
"21,25 : 210.61"
"21,26 : 514.58"
"21,27 : 376.72"
"21,28 : 190.19"
"21,29 : 588.06"
"21,30 : 625.35"
"21,31 : 583.37"
"21,32 : 745.49"
"21,33 : 656.48"
"21,34 : 590.65"
"21,35 : 439.97"
"21,36 : 183.36"
"21,37 : 571.71"
"21,38 : 250.28"
"21,39 : 818.66"
"21,40 : 889.75"
"21,41 : 694.4"
"21,42 : 79.12"
"21,43 : 955.42"
"21,44 : 709.12"
"21,45 : 428.51"
"21,46 : 513.8"
"21,47 : 827.39"
"21,48 : 755.88"
"21,49 : 769.67"
"21,50 : 298.43"
"21,51 : 254.43"
"21,52 : 372.28"
"21,53 : 509.73"
"21,54 : 747.35"
"21,55 : 111.4"
"21,56 : 390.66"
"21,57 : 189.4"
"21,58 : 882.7"
"21,59 : 719.93"
"21,60 : 779.09"
"21,61 : 299.47"
"21,62 : 718.67"
"21,63 : 628.61"
"21,64 : 574.01"
"21,65 : 476.14"
"21,66 : 384.88"
"21,67 : 700.43"
"21,68 : 247.95"
"21,69 : 532.2"
"21,70 : 940.81"
"21,71 : 279.57"
"21,72 : 546.94"
"21,73 : 458.53"
"21,74 : 99.14"
"21,75 : 244.66"
"21,76 : 849.3"
"21,77 : 533.08"
"21,78 : 194.08"
"21,79 : 755.38"
"21,80 : 207.21"
"21,81 : 708.49"
"21,82 : 132.0"
"21,83 : 194.54"
"21,84 : 729.95"
"21,85 : 779.45"
"21,86 : 528.89"
"21,87 : 831.45"
"21,88 : 320.0"
"21,89 : 322.02"
"21,90 : 782.96"
"21,91 : 307.95"
"21,92 : 491.63"
"21,93 : 853.3"
"21,94 : 658.88"
"21,95 : 495.91"
"21,96 : 938.09"
"21,97 : 266.11"
"21,98 : 739.85"
"21,99 : 534.66"
"22,0 : 379.43"
"22,1 : 801.0"
"22,2 : 845.69"
"22,3 : 418.11"
"22,4 : 179.95"
"22,5 : 707.56"
"22,6 : 848.03"
"22,7 : 796.24"
"22,8 : 348.8"
"22,9 : 1062.17"
"22,10 : 920.02"
"22,11 : 936.81"
"22,12 : 373.47"
"22,13 : 128.41"
"22,14 : 445.71"
"22,15 : 642.13"
"22,16 : 657.48"
"22,17 : 1001.73"
"22,18 : 1150.27"
"22,19 : 921.88"
"22,20 : 450.03"
"22,21 : 113.21"
"22,22 : 0.0"
"22,23 : 59.41"
"22,24 : 803.8"
"22,25 : 315.3"
"22,26 : 567.06"
"22,27 : 439.12"
"22,28 : 303.39"
"22,29 : 665.87"
"22,30 : 718.69"
"22,31 : 694.28"
"22,32 : 829.15"
"22,33 : 710.01"
"22,34 : 700.13"
"22,35 : 486.2"
"22,36 : 274.47"
"22,37 : 683.77"
"22,38 : 289.04"
"22,39 : 858.74"
"22,40 : 998.84"
"22,41 : 801.0"
"22,42 : 75.71"
"22,43 : 1067.76"
"22,44 : 822.11"
"22,45 : 539.42"
"22,46 : 626.7"
"22,47 : 922.16"
"22,48 : 857.06"
"22,49 : 881.82"
"22,50 : 411.6"
"22,51 : 267.81"
"22,52 : 388.19"
"22,53 : 621.5"
"22,54 : 810.3"
"22,55 : 13.93"
"22,56 : 479.3"
"22,57 : 123.91"
"22,58 : 991.42"
"22,59 : 807.62"
"22,60 : 890.07"
"22,61 : 300.91"
"22,62 : 828.57"
"22,63 : 741.23"
"22,64 : 641.84"
"22,65 : 577.46"
"22,66 : 446.78"
"22,67 : 806.73"
"22,68 : 360.46"
"22,69 : 622.35"
"22,70 : 1053.94"
"22,71 : 361.42"
"22,72 : 651.66"
"22,73 : 555.3"
"22,74 : 199.15"
"22,75 : 136.48"
"22,76 : 959.66"
"22,77 : 645.86"
"22,78 : 240.52"
"22,79 : 859.64"
"22,80 : 318.81"
"22,81 : 821.2"
"22,82 : 124.62"
"22,83 : 234.17"
"22,84 : 811.68"
"22,85 : 886.76"
"22,86 : 610.35"
"22,87 : 943.21"
"22,88 : 432.6"
"22,89 : 415.31"
"22,90 : 887.4"
"22,91 : 393.15"
"22,92 : 594.47"
"22,93 : 962.59"
"22,94 : 770.39"
"22,95 : 608.94"
"22,96 : 1047.94"
"22,97 : 269.43"
"22,98 : 853.03"
"22,99 : 568.85"
"23,0 : 338.92"
"23,1 : 745.81"
"23,2 : 786.9"
"23,3 : 384.51"
"23,4 : 129.99"
"23,5 : 657.05"
"23,6 : 790.47"
"23,7 : 741.11"
"23,8 : 296.15"
"23,9 : 1002.78"
"23,10 : 860.85"
"23,11 : 880.31"
"23,12 : 349.27"
"23,13 : 70.33"
"23,14 : 392.83"
"23,15 : 599.65"
"23,16 : 614.21"
"23,17 : 943.36"
"23,18 : 1090.87"
"23,19 : 862.59"
"23,20 : 408.59"
"23,21 : 56.3"
"23,22 : 59.41"
"23,23 : 0.0"
"23,24 : 744.42"
"23,25 : 265.32"
"23,26 : 527.16"
"23,27 : 394.37"
"23,28 : 245.65"
"23,29 : 615.88"
"23,30 : 663.24"
"23,31 : 634.87"
"23,32 : 777.2"
"23,33 : 670.14"
"23,34 : 646.84"
"23,35 : 448.64"
"23,36 : 232.35"
"23,37 : 627.93"
"23,38 : 252.6"
"23,39 : 825.27"
"23,40 : 939.51"
"23,41 : 742.01"
"23,42 : 64.88"
"23,43 : 1008.58"
"23,44 : 763.37"
"23,45 : 480.02"
"23,46 : 567.89"
"23,47 : 866.4"
"23,48 : 799.35"
"23,49 : 822.58"
"23,50 : 353.31"
"23,51 : 242.92"
"23,52 : 364.0"
"23,53 : 566.0"
"23,54 : 766.59"
"23,55 : 55.57"
"23,56 : 439.84"
"23,57 : 141.38"
"23,58 : 932.13"
"23,59 : 769.34"
"23,60 : 835.4"
"23,61 : 282.82"
"23,62 : 774.92"
"23,63 : 682.2"
"23,64 : 595.73"
"23,65 : 519.55"
"23,66 : 402.28"
"23,67 : 756.04"
"23,68 : 304.11"
"23,69 : 582.31"
"23,70 : 995.42"
"23,71 : 325.3"
"23,72 : 593.0"
"23,73 : 511.01"
"23,74 : 151.05"
"23,75 : 195.06"
"23,76 : 900.25"
"23,77 : 589.02"
"23,78 : 221.36"
"23,79 : 810.49"
"23,80 : 259.56"
"23,81 : 762.22"
"23,82 : 103.41"
"23,83 : 195.97"
"23,84 : 760.43"
"23,85 : 835.29"
"23,86 : 558.87"
"23,87 : 883.89"
"23,88 : 373.64"
"23,89 : 372.84"
"23,90 : 828.88"
"23,91 : 339.63"
"23,92 : 546.2"
"23,93 : 903.24"
"23,94 : 715.16"
"23,95 : 550.27"
"23,96 : 988.55"
"23,97 : 249.71"
"23,98 : 795.19"
"23,99 : 537.22"
