x,y
635,135
314,363
323,534
813,251
134,574
955,226
466,783
169,637
3,408
882,970
477,257
724,763
903,838
481,641
943,889
673,182
353,647
586,713
871,88
453,566
287,18
160,479
678,196
909,493
230,623
606,375
418,625
372,803
513,673
971,491
481,31
402,18
172,933
16,989
485,393
50,820
266,708
330,436
773,598
369,502
96,830
921,614
518,958
5,508
990,948
658,365
194,898
614,114
117,360
834,854
324,127
8,465
438,282
540,402
313,727
512,157
325,170
21,822
423,9
440,99
635,570
828,960
941,958
80,784
585,190
895,33
469,246
367,923
175,793
778,610
242,531
711,496
851,126
223,892
523,842
111,580
376,917
780,661
946,244
513,85
628,187
323,752
942,966
308,927
654,539
62,528
845,950
462,132
333,68
784,55
495,76
520,821
404,428
295,148
632,983
351,495
308,930
130,454
312,578
693,724

Distanze
"0,0 : 0.0"
"0,1 : 688.36"
"0,2 : 319.27"
"0,3 : 304.18"
"0,4 : 722.95"
"0,5 : 138.93"
"0,6 : 159.38"
"0,7 : 763.17"
"0,8 : 424.75"
"0,9 : 560.61"
"0,10 : 241.86"
"0,11 : 613.96"
"0,12 : 68.03"
"0,13 : 322.59"
"0,14 : 653.49"
"0,15 : 505.21"
"0,16 : 141.72"
"0,17 : 881.75"
"0,18 : 739.71"
"0,19 : 197.47"
"0,20 : 675.31"
"0,21 : 676.91"
"0,22 : 568.9"
"0,23 : 639.56"
"0,24 : 120.93"
"0,25 : 793.36"
"0,26 : 336.69"
"0,27 : 794.53"
"0,28 : 665.84"
"0,29 : 538.0"
"0,30 : 432.49"
"0,31 : 428.02"
"0,32 : 768.93"
"0,33 : 626.5"
"0,34 : 726.93"
"0,35 : 860.62"
"0,36 : 910.25"
"0,37 : 364.45"
"0,38 : 419.53"
"0,39 : 99.02"
"0,40 : 370.0"
"0,41 : 610.51"
"0,42 : 507.05"
"0,43 : 578.47"
"0,44 : 861.46"
"0,45 : 607.7"
"0,46 : 149.75"
"0,47 : 515.8"
"0,48 : 608.64"
"0,49 : 216.91"
"0,50 : 663.87"
"0,51 : 159.62"
"0,52 : 693.94"
"0,53 : 618.57"
"0,54 : 755.4"
"0,55 : 422.52"
"0,56 : 707.52"
"0,57 : 450.32"
"0,58 : 626.14"
"0,59 : 745.06"
"0,60 : 368.52"
"0,61 : 311.45"
"0,62 : 336.59"
"0,63 : 895.75"
"0,64 : 630.02"
"0,65 : 114.59"
"0,66 : 169.85"
"0,67 : 316.39"
"0,68 : 420.74"
"0,69 : 1008.83"
"0,70 : 488.1"
"0,71 : 379.95"
"0,72 : 151.0"
"0,73 : 833.48"
"0,74 : 247.98"
"0,75 : 60.21"
"0,76 : 73.25"
"0,77 : 643.42"
"0,78 : 514.22"
"0,79 : 403.15"
"0,80 : 811.54"
"0,81 : 725.43"
"0,82 : 423.43"
"0,83 : 939.73"
"0,84 : 707.88"
"0,85 : 382.01"
"0,86 : 742.85"
"0,87 : 365.03"
"0,88 : 53.15"
"0,89 : 104.69"
"0,90 : 537.51"
"0,91 : 254.89"
"0,92 : 864.69"
"0,93 : 473.13"
"0,94 : 223.76"
"0,95 : 117.05"
"0,96 : 487.75"
"0,97 : 606.18"
"0,98 : 540.62"
"0,99 : 343.02"
"1,0 : 688.36"
"1,1 : 0.0"
"1,2 : 395.32"
"1,3 : 473.72"
"1,4 : 528.42"
"1,5 : 818.43"
"1,6 : 581.74"
"1,7 : 725.34"
"1,8 : 264.64"
"1,9 : 183.27"
"1,10 : 928.04"
"1,11 : 75.8"
"1,12 : 735.2"
"1,13 : 493.36"
"1,14 : 587.27"
"1,15 : 187.52"
"1,16 : 804.92"
"1,17 : 244.4"
"1,18 : 778.15"
"1,19 : 498.77"
"1,20 : 672.12"
"1,21 : 187.86"
"1,22 : 598.35"
"1,23 : 297.53"
"1,24 : 576.03"
"1,25 : 890.4"
"1,26 : 355.04"
"1,27 : 263.22"
"1,28 : 174.06"
"1,29 : 150.66"
"1,30 : 347.13"
"1,31 : 507.82"
"1,32 : 671.35"
"1,33 : 64.41"
"1,34 : 515.87"
"1,35 : 245.08"
"1,36 : 274.8"
"1,37 : 396.69"
"1,38 : 457.59"
"1,39 : 710.28"
"1,40 : 405.84"
"1,41 : 545.02"
"1,42 : 592.66"
"1,43 : 135.34"
"1,44 : 204.38"
"1,45 : 80.66"
"1,46 : 794.82"
"1,47 : 801.56"
"1,48 : 272.16"
"1,49 : 657.71"
"1,50 : 677.97"
"1,51 : 803.6"
"1,52 : 397.36"
"1,53 : 230.59"
"1,54 : 616.76"
"1,55 : 483.49"
"1,56 : 19.21"
"1,57 : 490.76"
"1,58 : 191.72"
"1,59 : 677.55"
"1,60 : 319.87"
"1,61 : 870.89"
"1,62 : 352.14"
"1,63 : 221.25"
"1,64 : 521.81"
"1,65 : 725.88"
"1,66 : 800.73"
"1,67 : 413.68"
"1,68 : 274.59"
"1,69 : 366.74"
"1,70 : 887.64"
"1,71 : 588.92"
"1,72 : 588.2"
"1,73 : 439.72"
"1,74 : 896.69"
"1,75 : 640.19"
"1,76 : 686.8"
"1,77 : 690.27"
"1,78 : 218.68"
"1,79 : 492.06"
"1,80 : 227.06"
"1,81 : 719.43"
"1,82 : 728.05"
"1,83 : 317.16"
"1,84 : 861.46"
"1,85 : 807.52"
"1,86 : 82.22"
"1,87 : 939.92"
"1,88 : 734.33"
"1,89 : 656.41"
"1,90 : 179.94"
"1,91 : 560.36"
"1,92 : 338.25"
"1,93 : 645.31"
"1,94 : 535.42"
"1,95 : 742.3"
"1,96 : 586.67"
"1,97 : 608.61"
"1,98 : 338.72"
"1,99 : 932.51"
"2,0 : 319.27"
"2,1 : 395.32"
"2,2 : 0.0"
"2,3 : 98.06"
"2,4 : 459.93"
"2,5 : 435.08"
"2,6 : 188.35"
"2,7 : 569.28"
"2,8 : 165.0"
"2,9 : 244.4"
"2,10 : 546.67"
"2,11 : 327.76"
"2,12 : 379.13"
"2,13 : 132.19"
"2,14 : 430.03"
"2,15 : 208.41"
"2,16 : 454.71"
"2,17 : 565.55"
"2,18 : 580.04"
"2,19 : 181.62"
"2,20 : 485.72"
"2,21 : 357.87"
"2,22 : 566.4"
"2,23 : 326.72"
"2,24 : 234.55"
"2,25 : 670.02"
"2,26 : 68.35"
"2,27 : 475.41"
"2,28 : 429.87"
"2,29 : 255.22"
"2,30 : 123.1"
"2,31 : 220.05"
"2,32 : 549.41"
"2,33 : 330.93"
"2,34 : 458.94"
"2,35 : 542.82"
"2,36 : 593.33"
"2,37 : 258.44"
"2,38 : 367.01"
"2,39 : 319.87"
"2,40 : 85.59"
"2,41 : 378.61"
"2,42 : 331.44"
"2,43 : 317.12"
"2,44 : 548.78"
"2,45 : 317.55"
"2,46 : 403.49"
"2,47 : 476.94"
"2,48 : 420.86"
"2,49 : 265.32"
"2,50 : 481.17"
"2,51 : 411.77"
"2,52 : 397.02"
"2,53 : 299.71"
"2,54 : 517.48"
"2,55 : 198.07"
"2,56 : 414.28"
"2,57 : 415.78"
"2,58 : 307.09"
"2,59 : 535.43"
"2,60 : 112.59"
"2,61 : 478.11"
"2,62 : 111.14"
"2,63 : 586.78"
"2,64 : 383.42"
"2,65 : 334.07"
"2,66 : 407.41"
"2,67 : 27.86"
"2,68 : 122.78"
"2,69 : 691.4"
"2,70 : 530.36"
"2,71 : 433.68"
"2,72 : 279.06"
"2,73 : 530.29"
"2,74 : 503.21"
"2,75 : 262.65"
"2,76 : 300.08"
"2,77 : 474.56"
"2,78 : 197.65"
"2,79 : 379.52"
"2,80 : 492.85"
"2,81 : 541.78"
"2,82 : 384.51"
"2,83 : 621.39"
"2,84 : 607.4"
"2,85 : 435.29"
"2,86 : 436.52"
"2,87 : 547.17"
"2,88 : 356.65"
"2,89 : 327.91"
"2,90 : 289.84"
"2,91 : 323.57"
"2,92 : 546.77"
"2,93 : 346.31"
"2,94 : 140.63"
"2,95 : 405.26"
"2,96 : 504.91"
"2,97 : 406.87"
"2,98 : 394.61"
"2,99 : 538.36"
"3,0 : 304.18"
"3,1 : 473.72"
"3,2 : 98.06"
"3,3 : 0.0"
"3,4 : 424.68"
"3,5 : 396.09"
"3,6 : 147.72"
"3,7 : 502.27"
"3,8 : 261.84"
"3,9 : 305.18"
"3,10 : 506.44"
"3,11 : 411.53"
"3,12 : 370.72"
"3,13 : 37.01"
"3,14 : 372.2"
"3,15 : 292.02"
"3,16 : 445.79"
"3,17 : 617.18"
"3,18 : 502.6"
"3,19 : 229.61"
"3,20 : 415.52"
"3,21 : 403.07"
"3,22 : 650.36"
"3,23 : 343.58"
"3,24 : 254.95"
"3,25 : 585.5"
"3,26 : 165.94"
"3,27 : 510.27"
"3,28 : 524.38"
"3,29 : 343.02"
"3,30 : 144.26"
"3,31 : 145.34"
"3,32 : 492.13"
"3,33 : 409.76"
"3,34 : 427.07"
"3,35 : 590.43"
"3,36 : 642.85"
"3,37 : 346.69"
"3,38 : 452.65"
"3,39 : 274.75"
"3,40 : 75.66"
"3,41 : 323.64"
"3,42 : 251.4"
"3,43 : 409.16"
"3,44 : 606.93"
"3,45 : 399.81"
"3,46 : 352.4"
"3,47 : 379.49"
"3,48 : 518.87"
"3,49 : 186.94"
"3,50 : 408.53"
"3,51 : 359.24"
"3,52 : 390.04"
"3,53 : 336.42"
"3,54 : 468.39"
"3,55 : 130.29"
"3,56 : 492.1"
"3,57 : 500.55"
"3,58 : 353.9"
"3,59 : 473.77"
"3,60 : 210.65"
"3,61 : 398.59"
"3,62 : 206.49"
"3,63 : 649.01"
"3,64 : 336.69"
"3,65 : 284.84"
"3,66 : 351.1"
"3,67 : 70.71"
"3,68 : 212.25"
"3,69 : 738.38"
"3,70 : 433.37"
"3,71 : 503.02"
"3,72 : 312.25"
"3,73 : 530.16"
"3,74 : 444.14"
"3,75 : 243.97"
"3,76 : 263.69"
"3,77 : 397.46"
"3,78 : 260.6"
"3,79 : 460.92"
"3,80 : 537.55"
"3,81 : 470.77"
"3,82 : 286.47"
"3,83 : 665.96"
"3,84 : 517.9"
"3,85 : 340.91"
"3,86 : 504.23"
"3,87 : 467.36"
"3,88 : 329.01"
"3,89 : 343.69"
"3,90 : 385.01"
"3,91 : 380.93"
"3,92 : 573.69"
"3,93 : 255.0"
"3,94 : 82.86"
"3,95 : 408.54"
"3,96 : 584.07"
"3,97 : 338.11"
"3,98 : 491.52"
"3,99 : 461.69"
"4,0 : 722.95"
"4,1 : 528.42"
"4,2 : 459.93"
"4,3 : 424.68"
"4,4 : 0.0"
"4,5 : 788.88"
"4,6 : 563.6"
"4,7 : 208.17"
"4,8 : 528.44"
"4,9 : 384.25"
"4,10 : 890.13"
"4,11 : 523.21"
"4,12 : 790.77"
"4,13 : 401.03"
"4,14 : 117.8"
"4,15 : 467.07"
"4,16 : 864.02"
"4,17 : 479.05"
"4,18 : 279.95"
"4,19 : 639.41"
"4,20 : 190.38"
"4,21 : 342.79"
"4,22 : 992.84"
"4,23 : 232.17"
"4,24 : 678.05"
"4,25 : 393.21"
"4,26 : 502.87"
"4,27 : 337.65"
"4,28 : 680.82"
"4,29 : 509.82"
"4,30 : 344.48"
"4,31 : 296.85"
"4,32 : 145.6"
"4,33 : 495.4"
"4,34 : 16.28"
"4,35 : 442.06"
"4,36 : 486.54"
"4,37 : 691.4"
"4,38 : 798.33"
"4,39 : 670.93"
"4,40 : 377.93"
"4,41 : 128.02"
"4,42 : 256.63"
"4,43 : 575.92"
"4,44 : 504.48"
"4,45 : 508.4"
"4,46 : 731.06"
"4,47 : 450.36"
"4,48 : 741.9"
"4,49 : 543.28"
"4,50 : 204.64"
"4,51 : 734.63"
"4,52 : 132.61"
"4,53 : 302.38"
"4,54 : 88.96"
"4,55 : 300.43"
"4,56 : 536.21"
"4,57 : 846.58"
"4,58 : 339.78"
"4,59 : 159.53"
"4,60 : 521.46"
"4,61 : 693.47"
"4,62 : 544.66"
"4,63 : 555.08"
"4,64 : 97.41"
"4,65 : 674.45"
"4,66 : 720.48"
"4,67 : 444.06"
"4,68 : 464.79"
"4,69 : 545.99"
"4,70 : 576.3"
"4,71 : 887.25"
"4,72 : 731.93"
"4,73 : 197.31"
"4,74 : 796.36"
"4,75 : 663.47"
"4,76 : 670.16"
"4,77 : 232.56"
"4,78 : 388.09"
"4,79 : 819.3"
"4,80 : 396.55"
"4,81 : 216.83"
"4,82 : 440.35"
"4,83 : 479.56"
"4,84 : 398.1"
"4,85 : 557.52"
"4,86 : 489.12"
"4,87 : 747.95"
"4,88 : 738.38"
"4,89 : 768.19"
"4,90 : 587.68"
"4,91 : 783.37"
"4,92 : 337.38"
"4,93 : 325.33"
"4,94 : 500.08"
"4,95 : 832.01"
"4,96 : 944.21"
"4,97 : 178.97"
"4,98 : 764.26"
"4,99 : 756.86"
"5,0 : 138.93"
"5,1 : 818.43"
"5,2 : 435.08"
"5,3 : 396.09"
"5,4 : 788.88"
"5,5 : 0.0"
"5,6 : 251.29"
"5,7 : 794.01"
"5,8 : 557.3"
"5,9 : 679.49"
"5,10 : 111.66"
"5,11 : 745.15"
"5,12 : 133.36"
"5,13 : 403.91"
"5,14 : 703.8"
"5,15 : 632.64"
"5,16 : 141.23"
"5,17 : 1000.51"
"5,18 : 756.34"
"5,19 : 335.44"
"5,20 : 709.12"
"5,21 : 790.62"
"5,22 : 689.2"
"5,23 : 739.64"
"5,24 : 259.79"
"5,25 : 790.97"
"5,26 : 463.69"
"5,27 : 903.61"
"5,28 : 803.69"
"5,29 : 669.11"
"5,30 : 536.44"
"5,31 : 493.36"
"5,32 : 811.45"
"5,33 : 755.46"
"5,34 : 795.34"
"5,35 : 977.02"
"5,36 : 1028.03"
"5,37 : 503.15"
"5,38 : 553.44"
"5,39 : 121.67"
"5,40 : 469.4"
"5,41 : 667.31"
"5,42 : 549.46"
"5,43 : 713.39"
"5,44 : 983.57"
"5,45 : 737.94"
"5,46 : 66.76"
"5,47 : 499.12"
"5,48 : 747.56"
"5,49 : 246.5"
"5,50 : 695.38"
"5,51 : 69.35"
"5,52 : 780.29"
"5,53 : 727.89"
"5,54 : 807.38"
"5,55 : 494.61"
"5,56 : 837.64"
"5,57 : 580.88"
"5,58 : 740.07"
"5,59 : 784.04"
"5,60 : 499.42"
"5,61 : 226.98"
"5,62 : 469.18"
"5,63 : 1020.36"
"5,64 : 692.29"
"5,65 : 114.84"
"5,66 : 88.14"
"5,67 : 426.25"
"5,68 : 546.36"
"5,69 : 1125.7"
"5,70 : 437.94"
"5,71 : 498.82"
"5,72 : 285.07"
"5,73 : 921.43"
"5,74 : 120.07"
"5,75 : 178.4"
"5,76 : 135.25"
"5,77 : 670.32"
"5,78 : 632.73"
"5,79 : 534.35"
"5,80 : 926.03"
"5,81 : 753.59"
"5,82 : 421.29"
"5,83 : 1054.86"
"5,84 : 700.46"
"5,85 : 344.42"
"5,86 : 868.49"
"5,87 : 261.88"
"5,88 : 86.76"
"5,89 : 225.06"
"5,90 : 673.48"
"5,91 : 383.42"
"5,92 : 969.31"
"5,93 : 500.17"
"5,94 : 313.7"
"5,95 : 180.61"
"5,96 : 607.6"
"5,97 : 649.06"
"5,98 : 678.85"
"5,99 : 235.83"
"6,0 : 159.38"
"6,1 : 581.74"
"6,2 : 188.35"
"6,3 : 147.72"
"6,4 : 563.6"
"6,5 : 251.29"
"6,6 : 0.0"
"6,7 : 612.36"
"6,8 : 332.63"
"6,9 : 431.36"
"6,10 : 362.69"
"6,11 : 511.78"
"6,12 : 227.18"
"6,13 : 163.36"
"6,14 : 496.68"
"6,15 : 394.22"
"6,16 : 300.82"
"6,17 : 751.11"
"6,18 : 596.33"
"6,19 : 172.53"
"6,20 : 524.13"
"6,21 : 539.89"
"6,22 : 613.67"
"6,23 : 489.7"
"6,24 : 149.4"
"6,25 : 661.2"
"6,26 : 230.49"
"6,27 : 652.33"
"6,28 : 595.61"
"6,29 : 437.01"
"6,30 : 285.25"
"6,31 : 269.42"
"6,32 : 613.68"
"6,33 : 517.57"
"6,34 : 567.56"
"6,35 : 726.75"
"6,36 : 778.16"
"6,37 : 342.29"
"6,38 : 430.71"
"6,39 : 132.38"
"6,40 : 218.76"
"6,41 : 452.43"
"6,42 : 354.68"
"6,43 : 491.54"
"6,44 : 736.17"
"6,45 : 502.67"
"6,46 : 215.26"
"6,47 : 405.12"
"6,48 : 563.14"
"6,49 : 111.95"
"6,50 : 513.87"
"6,51 : 223.44"
"6,52 : 537.36"
"6,53 : 476.63"
"6,54 : 597.72"
"6,55 : 263.19"
"6,56 : 600.84"
"6,57 : 472.97"
"6,58 : 489.49"
"6,59 : 591.16"
"6,60 : 273.06"
"6,61 : 305.79"
"6,62 : 250.07"
"6,63 : 774.9"
"6,64 : 471.04"
"6,65 : 145.84"
"6,66 : 219.24"
"6,67 : 176.18"
"6,68 : 307.19"
"6,69 : 875.39"
"6,70 : 413.93"
"6,71 : 440.62"
"6,72 : 212.6"
"6,73 : 677.75"
"6,74 : 315.16"
"6,75 : 100.0"
"6,76 : 116.85"
"6,77 : 495.99"
"6,78 : 384.73"
"6,79 : 427.28"
"6,80 : 675.3"
"6,81 : 576.23"
"6,82 : 306.69"
"6,83 : 804.14"
"6,84 : 581.32"
"6,85 : 306.81"
"6,86 : 624.87"
"6,87 : 373.41"
"6,88 : 181.3"
"6,89 : 219.69"
"6,90 : 457.28"
"6,91 : 307.68"
"6,92 : 718.54"
"6,93 : 330.12"
"6,94 : 65.25"
"6,95 : 270.56"
"6,96 : 538.0"
"6,97 : 452.12"
"6,98 : 513.66"
"6,99 : 360.73"
"7,0 : 763.17"
"7,1 : 725.34"
"7,2 : 569.28"
"7,3 : 502.27"
"7,4 : 208.17"
"7,5 : 794.01"
"7,6 : 612.36"
"7,7 : 0.0"
"7,8 : 678.35"
"7,9 : 564.99"
"7,10 : 880.51"
"7,11 : 710.41"
"7,12 : 830.02"
"7,13 : 468.76"
"7,14 : 146.35"
"7,15 : 635.67"
"7,16 : 896.3"
"7,17 : 686.61"
"7,18 : 84.91"
"7,19 : 731.83"
"7,20 : 88.23"
"7,21 : 544.29"
"7,22 : 1131.72"
"7,23 : 428.38"
"7,24 : 750.58"
"7,25 : 189.26"
"7,26 : 626.88"
"7,27 : 545.7"
"7,28 : 866.89"
"7,29 : 684.51"
"7,30 : 477.36"
"7,31 : 356.95"
"7,32 : 69.38"
"7,33 : 685.59"
"7,34 : 223.81"
"7,35 : 649.65"
"7,36 : 693.0"
"7,37 : 823.21"
"7,38 : 932.55"
"7,39 : 689.17"
"7,40 : 484.07"
"7,41 : 197.44"
"7,42 : 257.73"
"7,43 : 755.16"
"7,44 : 712.65"
"7,45 : 695.24"
"7,46 : 729.3"
"7,47 : 347.44"
"7,48 : 915.35"
"7,49 : 554.1"
"7,50 : 99.46"
"7,51 : 730.08"
"7,52 : 338.12"
"7,53 : 495.03"
"7,54 : 124.4"
"7,55 : 374.39"
"7,56 : 734.91"
"7,57 : 981.59"
"7,58 : 533.77"
"7,59 : 48.84"
"7,60 : 656.56"
"7,61 : 644.46"
"7,62 : 671.87"
"7,63 : 763.22"
"7,64 : 208.86"
"7,65 : 686.89"
"7,66 : 713.01"
"7,67 : 546.39"
"7,68 : 611.79"
"7,69 : 747.08"
"7,70 : 473.27"
"7,71 : 1001.5"
"7,72 : 811.21"
"7,73 : 390.79"
"7,74 : 769.86"
"7,75 : 708.77"
"7,76 : 698.1"
"7,77 : 124.02"
"7,78 : 557.57"
"7,79 : 947.82"
"7,80 : 604.69"
"7,81 : 41.98"
"7,82 : 384.01"
"7,83 : 683.42"
"7,84 : 217.85"
"7,85 : 493.95"
"7,86 : 692.85"
"7,87 : 684.47"
"7,88 : 764.17"
"7,89 : 831.37"
"7,90 : 759.34"
"7,91 : 882.92"
"7,92 : 540.34"
"7,93 : 294.24"
"7,94 : 558.29"
"7,95 : 879.44"
"7,96 : 1073.6"
"7,97 : 164.18"
"7,98 : 924.64"
"7,99 : 700.21"
"8,0 : 424.75"
"8,1 : 264.64"
"8,2 : 165.0"
"8,3 : 261.84"
"8,4 : 528.44"
"8,5 : 557.3"
"8,6 : 332.63"
"8,7 : 678.35"
"8,8 : 0.0"
"8,9 : 184.02"
"8,10 : 665.62"
"8,11 : 189.51"
"8,12 : 470.56"
"8,13 : 293.32"
"8,14 : 532.46"
"8,15 : 95.57"
"8,16 : 540.58"
"8,17 : 479.04"
"8,18 : 704.4"
"8,19 : 234.31"
"8,20 : 602.42"
"8,21 : 304.2"
"8,22 : 464.64"
"8,23 : 331.45"
"8,24 : 311.39"
"8,25 : 803.93"
"8,26 : 103.59"
"8,27 : 427.18"
"8,28 : 266.18"
"8,29 : 114.02"
"8,30 : 202.43"
"8,31 : 359.27"
"8,32 : 644.86"
"8,33 : 205.0"
"8,34 : 522.56"
"8,35 : 465.29"
"8,36 : 509.34"
"8,37 : 174.11"
"8,38 : 273.76"
"8,39 : 454.59"
"8,40 : 221.11"
"8,41 : 480.93"
"8,42 : 468.0"
"8,43 : 159.01"
"8,44 : 450.68"
"8,45 : 184.29"
"8,46 : 538.97"
"8,47 : 636.5"
"8,48 : 259.35"
"8,49 : 424.99"
"8,50 : 601.49"
"8,51 : 548.21"
"8,52 : 429.33"
"8,53 : 274.51"
"8,54 : 602.46"
"8,55 : 334.1"
"8,56 : 283.66"
"8,57 : 320.66"
"8,58 : 260.0"
"8,59 : 637.89"
"8,60 : 59.62"
"8,61 : 635.08"
"8,62 : 88.24"
"8,63 : 478.99"
"8,64 : 474.44"
"8,65 : 471.4"
"8,66 : 547.39"
"8,67 : 191.32"
"8,68 : 66.6"
"8,69 : 607.8"
"8,70 : 695.09"
"8,71 : 381.55"
"8,72 : 326.38"
"8,73 : 538.54"
"8,74 : 642.78"
"8,75 : 378.98"
"8,76 : 428.75"
"8,77 : 601.4"
"8,78 : 152.83"
"8,79 : 299.17"
"8,80 : 424.5"
"8,81 : 657.63"
"8,82 : 546.81"
"8,83 : 545.18"
"8,84 : 750.44"
"8,85 : 600.19"
"8,86 : 326.27"
"8,87 : 703.7"
"8,88 : 472.04"
"8,89 : 393.15"
"8,90 : 126.12"
"8,91 : 315.63"
"8,92 : 507.18"
"8,93 : 496.49"
"8,94 : 299.1"
"8,95 : 478.85"
"8,96 : 420.44"
"8,97 : 525.27"
"8,98 : 248.07"
"8,99 : 692.57"
"9,0 : 560.61"
"9,1 : 183.27"
"9,2 : 244.4"
"9,3 : 305.18"
"9,4 : 384.25"
"9,5 : 679.49"
"9,6 : 431.36"
"9,7 : 564.99"
"9,8 : 184.02"
"9,9 : 0.0"
"9,10 : 791.06"
"9,11 : 147.12"
"9,12 : 616.71"
"9,13 : 319.33"
"9,14 : 421.28"
"9,15 : 94.37"
"9,16 : 691.0"
"9,17 : 321.44"
"9,18 : 609.4"
"9,19 : 392.56"
"9,20 : 503.04"
"9,21 : 122.72"
"9,22 : 631.74"
"9,23 : 160.61"
"9,24 : 462.42"
"9,25 : 719.12"
"9,26 : 229.03"
"9,27 : 246.22"
"9,28 : 302.0"
"9,29 : 126.66"
"9,30 : 168.07"
"9,31 : 324.68"
"9,32 : 518.35"
"9,33 : 127.58"
"9,34 : 374.77"
"9,35 : 300.19"
"9,36 : 349.67"
"9,37 : 357.26"
"9,38 : 451.22"
"9,39 : 563.57"
"9,40 : 232.18"
"9,41 : 374.88"
"9,42 : 410.76"
"9,43 : 191.94"
"9,44 : 304.83"
"9,45 : 131.91"
"9,46 : 646.48"
"9,47 : 618.3"
"9,48 : 357.8"
"9,49 : 492.09"
"9,50 : 506.96"
"9,51 : 654.44"
"9,52 : 266.01"
"9,53 : 94.34"
"9,54 : 468.05"
"9,55 : 300.54"
"9,56 : 199.22"
"9,57 : 495.63"
"9,58 : 76.06"
"9,59 : 519.19"
"9,60 : 213.43"
"9,61 : 703.28"
"9,62 : 247.95"
"9,63 : 344.69"
"9,64 : 356.59"
"9,65 : 577.11"
"9,66 : 648.92"
"9,67 : 255.49"
"9,68 : 147.68"
"9,69 : 448.23"
"9,70 : 706.05"
"9,71 : 564.96"
"9,72 : 491.6"
"9,73 : 359.09"
"9,74 : 744.07"
"9,75 : 505.82"
"9,76 : 544.46"
"9,77 : 516.1"
"9,78 : 46.75"
"9,79 : 479.42"
"9,80 : 252.68"
"9,81 : 553.69"
"9,82 : 545.87"
"9,83 : 379.71"
"9,84 : 684.03"
"9,85 : 629.29"
"9,86 : 199.48"
"9,87 : 771.78"
"9,88 : 600.35"
"9,89 : 552.45"
"9,90 : 205.06"
"9,91 : 496.41"
"9,92 : 324.87"
"9,93 : 462.11"
"9,94 : 376.57"
"9,95 : 635.52"
"9,96 : 596.49"
"9,97 : 434.5"
"9,98 : 386.79"
"9,99 : 766.78"
"10,0 : 241.86"
"10,1 : 928.04"
"10,2 : 546.67"
"10,3 : 506.44"
"10,4 : 890.13"
"10,5 : 111.66"
"10,6 : 362.69"
"10,7 : 880.51"
"10,8 : 665.62"
"10,9 : 791.06"
"10,10 : 0.0"
"10,11 : 854.26"
"10,12 : 213.14"
"10,13 : 512.52"
"10,14 : 799.89"
"10,15 : 742.95"
"10,16 : 178.04"
"10,17 : 1112.14"
"10,18 : 836.06"
"10,19 : 438.95"
"10,20 : 798.04"
"10,21 : 902.25"
"10,22 : 755.08"
"10,23 : 849.97"
"10,24 : 361.35"
"10,25 : 859.28"
"10,26 : 573.88"
"10,27 : 1014.91"
"10,28 : 906.83"
"10,29 : 778.21"
"10,30 : 647.62"
"10,31 : 597.09"
"10,32 : 903.22"
"10,33 : 865.42"
"10,34 : 897.4"
"10,35 : 1088.69"
"10,36 : 1139.69"
"10,37 : 599.57"
"10,38 : 638.6"
"10,39 : 231.72"
"10,40 : 580.29"
"10,41 : 766.25"
"10,42 : 644.46"
"10,43 : 820.24"
"10,44 : 1094.98"
"10,45 : 847.44"
"10,46 : 159.38"
"10,47 : 565.56"
"10,48 : 845.17"
"10,49 : 347.25"
"10,50 : 783.41"
"10,51 : 155.5"
"10,52 : 887.72"
"10,53 : 839.32"
"10,54 : 903.23"
"10,55 : 600.17"
"10,56 : 947.23"
"10,57 : 660.8"
"10,58 : 851.71"
"10,59 : 874.49"
"10,60 : 608.43"
"10,61 : 263.23"
"10,62 : 577.38"
"10,63 : 1131.46"
"10,64 : 792.96"
"10,65 : 222.3"
"10,66 : 170.23"
"10,67 : 537.9"
"10,68 : 656.99"
"10,69 : 1237.37"
"10,70 : 483.62"
"10,71 : 567.02"
"10,72 : 376.07"
"10,73 : 1028.85"
"10,74 : 123.31"
"10,75 : 288.04"
"10,76 : 246.91"
"10,77 : 756.52"
"10,78 : 744.3"
"10,79 : 615.82"
"10,80 : 1037.67"
"10,81 : 839.26"
"10,82 : 499.32"
"10,83 : 1166.5"
"10,84 : 767.21"
"10,85 : 405.57"
"10,86 : 979.36"
"10,87 : 269.94"
"10,88 : 193.72"
"10,89 : 309.01"
"10,90 : 779.37"
"10,91 : 465.01"
"10,92 : 1080.04"
"10,93 : 589.76"
"10,94 : 424.44"
"10,95 : 241.4"
"10,96 : 674.33"
"10,97 : 742.75"
"10,98 : 772.36"
"10,99 : 242.42"
"11,0 : 613.96"
"11,1 : 75.8"
"11,2 : 327.76"
"11,3 : 411.53"
"11,4 : 523.21"
"11,5 : 745.15"
"11,6 : 511.78"
"11,7 : 710.41"
"11,8 : 189.51"
"11,9 : 147.12"
"11,10 : 854.26"
"11,11 : 0.0"
"11,12 : 659.93"
"11,13 : 434.22"
"11,14 : 567.69"
"11,15 : 119.87"
"11,16 : 729.34"
"11,17 : 310.65"
"11,18 : 756.39"
"11,19 : 423.31"
"11,20 : 650.0"
"11,21 : 201.41"
"11,22 : 543.9"
"11,23 : 291.93"
"11,24 : 500.76"
"11,25 : 866.24"
"11,26 : 282.9"
"11,27 : 302.61"
"11,28 : 157.63"
"11,29 : 76.06"
"11,30 : 295.14"
"11,31 : 461.35"
"11,32 : 661.44"
"11,33 : 33.24"
"11,34 : 512.29"
"11,35 : 305.79"
"11,36 : 341.44"
"11,37 : 323.56"
"11,38 : 390.85"
"11,39 : 638.77"
"11,40 : 347.87"
"11,41 : 521.85"
"11,42 : 554.19"
"11,43 : 70.86"
"11,44 : 274.53"
"11,45 : 15.23"
"11,46 : 723.37"
"11,47 : 755.08"
"11,48 : 232.44"
"11,49 : 592.39"
"11,50 : 654.06"
"11,51 : 732.31"
"11,52 : 397.29"
"11,53 : 221.14"
"11,54 : 609.38"
"11,55 : 436.17"
"11,56 : 94.49"
"11,57 : 427.06"
"11,58 : 185.35"
"11,59 : 663.98"
"11,60 : 245.84"
"11,61 : 805.55"
"11,62 : 277.42"
"11,63 : 295.61"
"11,64 : 502.7"
"11,65 : 654.76"
"11,66 : 730.08"
"11,67 : 348.08"
"11,68 : 205.29"
"11,69 : 436.42"
"11,70 : 834.31"
"11,71 : 520.02"
"11,72 : 512.4"
"11,73 : 462.72"
"11,74 : 825.98"
"11,75 : 566.77"
"11,76 : 614.51"
"11,77 : 663.13"
"11,78 : 169.76"
"11,79 : 424.45"
"11,80 : 278.13"
"11,81 : 700.25"
"11,82 : 676.63"
"11,83 : 381.98"
"11,84 : 830.22"
"11,85 : 749.75"
"11,86 : 148.22"
"11,87 : 874.63"
"11,88 : 660.55"
"11,89 : 580.65"
"11,90 : 110.55"
"11,91 : 485.9"
"11,92 : 382.27"
"11,93 : 601.4"
"11,94 : 468.39"
"11,95 : 666.55"
"11,96 : 525.28"
"11,97 : 581.57"
"11,98 : 284.99"
"11,99 : 866.11"
"12,0 : 68.03"
"12,1 : 735.2"
"12,2 : 379.13"
"12,3 : 370.72"
"12,4 : 790.77"
"12,5 : 133.36"
"12,6 : 227.18"
"12,7 : 830.02"
"12,8 : 470.56"
"12,9 : 616.71"
"12,10 : 213.14"
"12,11 : 659.93"
"12,12 : 0.0"
"12,13 : 390.16"
"12,14 : 721.42"
"12,15 : 555.7"
"12,16 : 75.89"
"12,17 : 936.63"
"12,18 : 804.88"
"12,19 : 236.91"
"12,20 : 742.3"
"12,21 : 735.06"
"12,22 : 555.93"
"12,23 : 702.71"
"12,24 : 159.18"
"12,25 : 855.51"
"12,26 : 389.42"
"12,27 : 854.25"
"12,28 : 699.2"
"12,29 : 584.56"
"12,30 : 495.54"
"12,31 : 496.04"
"12,32 : 836.62"
"12,33 : 674.78"
"12,34 : 794.64"
"12,35 : 916.85"
"12,36 : 965.61"
"12,37 : 387.73"
"12,38 : 426.39"
"12,39 : 151.79"
"12,40 : 434.68"
"12,41 : 678.54"
"12,42 : 574.42"
"12,43 : 619.37"
"12,44 : 914.31"
"12,45 : 654.78"
"12,46 : 172.31"
"12,47 : 573.69"
"12,48 : 633.31"
"12,49 : 280.32"
"12,50 : 730.63"
"12,51 : 180.68"
"12,52 : 759.82"
"12,53 : 678.81"
"12,54 : 823.4"
"12,55 : 490.37"
"12,56 : 754.21"
"12,57 : 450.89"
"12,58 : 684.42"
"12,59 : 812.52"
"12,60 : 417.02"
"12,61 : 343.35"
"12,62 : 383.54"
"12,63 : 946.74"
"12,64 : 698.01"
"12,65 : 162.61"
"12,66 : 195.86"
"12,67 : 378.65"
"12,68 : 473.52"
"12,69 : 1064.47"
"12,70 : 536.03"
"12,71 : 365.58"
"12,72 : 163.37"
"12,73 : 898.85"
"12,74 : 253.21"
"12,75 : 127.39"
"12,76 : 133.9"
"12,77 : 709.66"
"12,78 : 570.82"
"12,79 : 405.03"
"12,80 : 868.86"
"12,81 : 791.96"
"12,82 : 483.9"
"12,83 : 996.41"
"12,84 : 768.78"
"12,85 : 432.78"
"12,86 : 793.52"
"12,87 : 388.4"
"12,88 : 78.52"
"12,89 : 96.05"
"12,90 : 576.68"
"12,91 : 253.71"
"12,92 : 925.85"
"12,93 : 538.87"
"12,94 : 291.16"
"12,95 : 56.64"
"12,96 : 474.33"
"12,97 : 673.73"
"12,98 : 559.36"
"12,99 : 363.79"
"13,0 : 322.59"
"13,1 : 493.36"
"13,2 : 132.19"
"13,3 : 37.01"
"13,4 : 401.03"
"13,5 : 403.91"
"13,6 : 163.36"
"13,7 : 468.76"
"13,8 : 293.32"
"13,9 : 319.33"
"13,10 : 512.52"
"13,11 : 434.22"
"13,12 : 390.16"
"13,13 : 0.0"
"13,14 : 341.79"
"13,15 : 315.82"
"13,16 : 464.15"
"13,17 : 624.09"
"13,18 : 466.86"
"13,19 : 264.15"
"13,20 : 381.5"
"13,21 : 409.35"
"13,22 : 687.35"
"13,23 : 340.04"
"13,24 : 284.2"
"13,25 : 548.71"
"13,26 : 200.52"
"13,27 : 511.24"
"13,28 : 553.01"
"13,29 : 368.29"
"13,30 : 152.64"
"13,31 : 112.89"
"13,32 : 461.2"
"13,33 : 430.08"
"13,34 : 404.55"
"13,35 : 595.86"
"13,36 : 648.73"
"13,37 : 383.59"
"13,38 : 489.66"
"13,39 : 282.31"
"13,40 : 87.66"
"13,41 : 294.57"
"13,42 : 215.8"
"13,43 : 436.41"
"13,44 : 616.64"
"13,45 : 421.84"
"13,46 : 355.52"
"13,47 : 344.82"
"13,48 : 551.7"
"13,49 : 178.9"
"13,50 : 373.97"
"13,51 : 361.57"
"13,52 : 376.77"
"13,53 : 340.58"
"13,54 : 439.97"
"13,55 : 101.6"
"13,56 : 511.34"
"13,57 : 537.56"
"13,58 : 361.6"
"13,59 : 441.71"
"13,60 : 244.36"
"13,61 : 385.26"
"13,62 : 242.16"
"13,63 : 660.28"
"13,64 : 310.18"
"13,65 : 290.24"
"13,66 : 351.71"
"13,67 : 104.36"
"13,68 : 240.0"
"13,69 : 742.77"
"13,70 : 404.03"
"13,71 : 538.97"
"13,72 : 343.29"
"13,73 : 517.8"
"13,74 : 442.14"
"13,75 : 262.76"
"13,76 : 275.28"
"13,77 : 361.96"
"13,78 : 276.7"
"13,79 : 497.86"
"13,80 : 542.18"
"13,81 : 436.4"
"13,82 : 253.5"
"13,83 : 669.69"
"13,84 : 480.89"
"13,85 : 315.56"
"13,86 : 518.77"
"13,87 : 453.28"
"13,88 : 342.46"
"13,89 : 370.4"
"13,90 : 414.53"
"13,91 : 415.63"
"13,92 : 571.04"
"13,93 : 218.0"
"13,94 : 99.08"
"13,95 : 431.07"
"13,96 : 620.85"
"13,97 : 304.81"
"13,98 : 526.7"
"13,99 : 449.68"
"14,0 : 653.49"
"14,1 : 587.27"
"14,2 : 430.03"
"14,3 : 372.2"
"14,4 : 117.8"
"14,5 : 703.8"
"14,6 : 496.68"
"14,7 : 146.35"
"14,8 : 532.46"
"14,9 : 421.28"
"14,10 : 799.89"
"14,11 : 567.69"
"14,12 : 721.42"
"14,13 : 341.79"
"14,14 : 0.0"
"14,15 : 489.65"
"14,16 : 791.77"
"14,17 : 576.56"
"14,18 : 191.13"
"14,19 : 599.46"
"14,20 : 86.47"
"14,21 : 412.16"
"14,22 : 988.29"
"14,23 : 294.19"
"14,24 : 625.97"
"14,25 : 304.57"
"14,26 : 484.66"
"14,27 : 433.89"
"14,28 : 723.22"
"14,29 : 539.02"
"14,30 : 332.36"
"14,31 : 229.21"
"14,32 : 120.15"
"14,33 : 544.15"
"14,34 : 132.57"
"14,35 : 539.81"
"14,36 : 587.57"
"14,37 : 680.41"
"14,38 : 789.6"
"14,39 : 590.37"
"14,40 : 344.44"
"14,41 : 52.01"
"14,42 : 155.54"
"14,43 : 610.2"
"14,44 : 596.37"
"14,45 : 552.47"
"14,46 : 642.62"
"14,47 : 333.14"
"14,48 : 769.34"
"14,49 : 457.58"
"14,50 : 96.13"
"14,51 : 645.11"
"14,52 : 219.32"
"14,53 : 356.89"
"14,54 : 103.59"
"14,55 : 241.92"
"14,56 : 598.08"
"14,57 : 838.61"
"14,58 : 395.77"
"14,59 : 106.21"
"14,60 : 512.43"
"14,61 : 588.52"
"14,62 : 529.28"
"14,63 : 647.41"
"14,64 : 65.46"
"14,65 : 591.35"
"14,66 : 629.68"
"14,67 : 408.79"
"14,68 : 465.98"
"14,69 : 654.25"
"14,70 : 459.84"
"14,71 : 863.68"
"14,72 : 684.37"
"14,73 : 313.44"
"14,74 : 699.31"
"14,75 : 596.01"
"14,76 : 594.1"
"14,77 : 119.1"
"14,78 : 411.89"
"14,79 : 806.13"
"14,80 : 490.32"
"14,81 : 132.62"
"14,82 : 329.95"
"14,83 : 585.26"
"14,84 : 291.99"
"14,85 : 447.39"
"14,86 : 561.62"
"14,87 : 639.66"
"14,88 : 662.02"
"14,89 : 711.43"
"14,90 : 613.36"
"14,91 : 749.15"
"14,92 : 445.69"
"14,93 : 217.71"
"14,94 : 437.34"
"14,95 : 767.16"
"14,96 : 932.05"
"14,97 : 63.25"
"14,98 : 778.39"
"14,99 : 650.36"
"15,0 : 505.21"
"15,1 : 187.52"
"15,2 : 208.41"
"15,3 : 292.02"
"15,4 : 467.07"
"15,5 : 632.64"
"15,6 : 394.22"
"15,7 : 635.67"
"15,8 : 95.57"
"15,9 : 94.37"
"15,10 : 742.95"
"15,11 : 119.87"
"15,12 : 555.7"
"15,13 : 315.82"
"15,14 : 489.65"
"15,15 : 0.0"
"15,16 : 627.74"
"15,17 : 385.5"
"15,18 : 672.04"
"15,19 : 322.67"
"15,20 : 566.81"
"15,21 : 210.06"
"15,22 : 538.09"
"15,23 : 252.23"
"15,24 : 397.46"
"15,25 : 777.77"
"15,26 : 169.07"
"15,27 : 332.36"
"15,28 : 246.55"
"15,29 : 54.59"
"15,30 : 184.62"
"15,31 : 352.8"
"15,32 : 594.54"
"15,33 : 123.46"
"15,34 : 459.03"
"15,35 : 370.47"
"15,36 : 415.53"
"15,37 : 265.05"
"15,38 : 356.97"
"15,39 : 523.03"
"15,40 : 230.7"
"15,41 : 440.18"
"15,42 : 452.77"
"15,43 : 127.58"
"15,44 : 359.48"
"15,45 : 109.17"
"15,46 : 607.51"
"15,47 : 644.02"
"15,48 : 279.69"
"15,49 : 472.59"
"15,50 : 568.49"
"15,51 : 616.23"
"15,52 : 355.69"
"15,53 : 188.47"
"15,54 : 547.32"
"15,55 : 327.16"
"15,56 : 206.63"
"15,57 : 401.25"
"15,58 : 168.44"
"15,59 : 591.93"
"15,60 : 139.23"
"15,61 : 685.79"
"15,62 : 173.74"
"15,63 : 391.07"
"15,64 : 427.22"
"15,65 : 538.48"
"15,66 : 613.22"
"15,67 : 228.24"
"15,68 : 87.09"
"15,69 : 514.3"
"15,70 : 718.03"
"15,71 : 472.51"
"15,72 : 418.2"
"15,73 : 453.44"
"15,74 : 709.19"
"15,75 : 454.91"
"15,76 : 500.07"
"15,77 : 573.37"
"15,78 : 79.2"
"15,79 : 385.54"
"15,80 : 328.99"
"15,81 : 620.01"
"15,82 : 562.04"
"15,83 : 450.5"
"15,84 : 733.82"
"15,85 : 631.31"
"15,86 : 237.89"
"15,87 : 754.87"
"15,88 : 549.52"
"15,89 : 483.11"
"15,90 : 123.71"
"15,91 : 411.2"
"15,92 : 412.76"
"15,93 : 493.69"
"15,94 : 348.94"
"15,95 : 568.17"
"15,96 : 502.12"
"15,97 : 493.37"
"15,98 : 297.61"
"15,99 : 746.59"
"16,0 : 141.72"
"16,1 : 804.92"
"16,2 : 454.71"
"16,3 : 445.79"
"16,4 : 864.02"
"16,5 : 141.23"
"16,6 : 300.82"
"16,7 : 896.3"
"16,8 : 540.58"
"16,9 : 691.0"
"16,10 : 178.04"
"16,11 : 729.34"
"16,12 : 75.89"
"16,13 : 464.15"
"16,14 : 791.77"
"16,15 : 627.74"
"16,16 : 0.0"
"16,17 : 1010.18"
"16,18 : 867.36"
"16,19 : 306.28"
"16,20 : 809.1"
"16,21 : 809.96"
"16,22 : 577.19"
"16,23 : 778.6"
"16,24 : 230.29"
"16,25 : 912.34"
"16,26 : 462.91"
"16,27 : 929.57"
"16,28 : 760.4"
"16,29 : 654.53"
"16,30 : 571.43"
"16,31 : 568.29"
"16,32 : 905.63"
"16,33 : 745.42"
"16,34 : 868.25"
"16,35 : 990.97"
"16,36 : 1039.35"
"16,37 : 444.6"
"16,38 : 469.47"
"16,39 : 208.66"
"16,40 : 510.45"
"16,41 : 750.01"
"16,42 : 642.61"
"16,43 : 685.93"
"16,44 : 986.95"
"16,45 : 724.82"
"16,46 : 200.38"
"16,47 : 625.22"
"16,48 : 688.43"
"16,49 : 342.86"
"16,50 : 796.84"
"16,51 : 206.12"
"16,52 : 835.29"
"16,53 : 754.3"
"16,54 : 894.32"
"16,55 : 563.64"
"16,56 : 823.8"
"16,57 : 487.76"
"16,58 : 759.38"
"16,59 : 880.7"
"16,60 : 488.63"
"16,61 : 367.92"
"16,62 : 454.61"
"16,63 : 1018.4"
"16,64 : 770.47"
"16,65 : 214.54"
"16,66 : 224.2"
"16,67 : 454.53"
"16,68 : 546.77"
"16,69 : 1138.28"
"16,70 : 574.84"
"16,71 : 389.86"
"16,72 : 221.92"
"16,73 : 974.51"
"16,74 : 254.06"
"16,75 : 201.88"
"16,76 : 198.46"
"16,77 : 774.66"
"16,78 : 645.33"
"16,79 : 444.15"
"16,80 : 943.42"
"16,81 : 857.5"
"16,82 : 539.84"
"16,83 : 1070.67"
"16,84 : 823.82"
"16,85 : 476.59"
"16,86 : 865.2"
"16,87 : 401.89"
"16,88 : 132.44"
"16,89 : 151.34"
"16,90 : 642.36"
"16,91 : 295.81"
"16,92 : 1001.48"
"16,93 : 603.26"
"16,94 : 365.44"
"16,95 : 68.88"
"16,96 : 496.63"
"16,97 : 742.4"
"16,98 : 610.45"
"16,99 : 375.29"
"17,0 : 881.75"
"17,1 : 244.4"
"17,2 : 565.55"
"17,3 : 617.18"
"17,4 : 479.05"
"17,5 : 1000.51"
"17,6 : 751.11"
"17,7 : 686.61"
"17,8 : 479.04"
"17,9 : 321.44"
"17,10 : 1112.14"
"17,11 : 310.65"
"17,12 : 936.63"
"17,13 : 624.09"
"17,14 : 576.56"
"17,15 : 385.5"
"17,16 : 1010.18"
"17,17 : 0.0"
"17,18 : 758.17"
"17,19 : 707.29"
"17,20 : 661.29"
"17,21 : 214.74"
"17,22 : 840.9"
"17,23 : 307.92"
"17,24 : 780.33"
"17,25 : 872.02"
"17,26 : 547.31"
"17,27 : 142.69"
"17,28 : 402.95"
"17,29 : 372.2"
"17,30 : 473.19"
"17,31 : 593.94"
"17,32 : 620.78"
"17,33 : 283.05"
"17,34 : 463.11"
"17,35 : 37.0"
"17,36 : 30.81"
"17,37 : 632.45"
"17,38 : 700.75"
"17,39 : 883.49"
"17,40 : 541.64"
"17,41 : 551.1"
"17,42 : 643.34"
"17,43 : 378.06"
"17,44 : 48.76"
"17,45 : 307.78"
"17,46 : 965.52"
"17,47 : 865.47"
"17,48 : 510.08"
"17,49 : 802.32"
"17,50 : 672.55"
"17,51 : 973.15"
"17,52 : 357.25"
"17,53 : 284.46"
"17,54 : 563.35"
"17,55 : 575.22"
"17,56 : 232.0"
"17,57 : 734.97"
"17,58 : 263.29"
"17,59 : 638.31"
"17,60 : 523.95"
"17,61 : 1008.0"
"17,62 : 558.76"
"17,63 : 84.6"
"17,64 : 518.02"
"17,65 : 896.37"
"17,66 : 966.62"
"17,67 : 574.94"
"17,68 : 463.44"
"17,69 : 128.81"
"17,70 : 973.52"
"17,71 : 830.66"
"17,72 : 803.67"
"17,73 : 313.21"
"17,74 : 1060.82"
"17,75 : 827.26"
"17,76 : 865.34"
"17,77 : 694.53"
"17,78 : 368.11"
"17,79 : 734.74"
"17,80 : 88.54"
"17,81 : 695.1"
"17,82 : 814.04"
"17,83 : 73.11"
"17,84 : 868.55"
"17,85 : 914.14"
"17,86 : 163.23"
"17,87 : 1074.96"
"17,88 : 921.79"
"17,89 : 867.94"
"17,90 : 420.86"
"17,91 : 791.0"
"17,92 : 161.55"
"17,93 : 709.91"
"17,94 : 693.68"
"17,95 : 952.47"
"17,96 : 831.06"
"17,97 : 619.95"
"17,98 : 582.05"
"17,99 : 1073.04"
"18,0 : 739.71"
"18,1 : 778.15"
"18,2 : 580.04"
"18,3 : 502.6"
"18,4 : 279.95"
"18,5 : 756.34"
"18,6 : 596.33"
"18,7 : 84.91"
"18,8 : 704.4"
"18,9 : 609.4"
"18,10 : 836.06"
"18,11 : 756.39"
"18,12 : 804.88"
"18,13 : 466.86"
"18,14 : 191.13"
"18,15 : 672.04"
"18,16 : 867.36"
"18,17 : 758.17"
"18,18 : 0.0"
"18,19 : 730.62"
"18,20 : 106.4"
"18,21 : 602.86"
"18,22 : 1146.38"
"18,23 : 485.06"
"18,24 : 740.55"
"18,25 : 114.44"
"18,26 : 642.18"
"18,27 : 616.0"
"18,28 : 910.54"
"18,29 : 723.3"
"18,30 : 502.02"
"18,31 : 360.67"
"18,32 : 152.61"
"18,33 : 733.85"
"18,34 : 296.14"
"18,35 : 721.18"
"18,36 : 766.38"
"18,37 : 837.92"
"18,38 : 946.89"
"18,39 : 658.74"
"18,40 : 497.14"
"18,41 : 234.54"
"18,42 : 251.21"
"18,43 : 795.6"
"18,44 : 781.47"
"18,45 : 741.16"
"18,46 : 690.29"
"18,47 : 283.58"
"18,48 : 950.62"
"18,49 : 525.0"
"18,50 : 103.59"
"18,51 : 690.01"
"18,52 : 403.71"
"18,53 : 547.93"
"18,54 : 203.57"
"18,55 : 381.97"
"18,56 : 789.14"
"18,57 : 995.75"
"18,58 : 586.8"
"18,59 : 125.28"
"18,60 : 676.1"
"18,61 : 590.04"
"18,62 : 687.43"
"18,63 : 832.38"
"18,64 : 256.46"
"18,65 : 654.27"
"18,66 : 672.2"
"18,67 : 555.02"
"18,68 : 638.03"
"18,69 : 824.63"
"18,70 : 404.46"
"18,71 : 1005.62"
"18,72 : 802.78"
"18,73 : 470.11"
"18,74 : 721.02"
"18,75 : 688.56"
"18,76 : 671.25"
"18,77 : 105.55"
"18,78 : 596.18"
"18,79 : 959.23"
"18,80 : 674.11"
"18,81 : 63.13"
"18,82 : 336.86"
"18,83 : 759.23"
"18,84 : 133.23"
"18,85 : 438.48"
"18,86 : 752.3"
"18,87 : 624.31"
"18,88 : 734.98"
"18,89 : 815.85"
"18,90 : 795.33"
"18,91 : 882.0"
"18,92 : 616.61"
"18,93 : 267.03"
"18,94 : 548.11"
"18,95 : 856.74"
"18,96 : 1084.09"
"18,97 : 179.45"
"18,98 : 952.42"
"18,99 : 642.07"
"19,0 : 197.47"
"19,1 : 498.77"
"19,2 : 181.62"
"19,3 : 229.61"
"19,4 : 639.41"
"19,5 : 335.44"
"19,6 : 172.53"
"19,7 : 731.83"
"19,8 : 234.31"
"19,9 : 392.56"
"19,10 : 438.95"
"19,11 : 423.31"
"19,12 : 236.91"
"19,13 : 264.15"
"19,14 : 599.46"
"19,15 : 322.67"
"19,16 : 306.28"
"19,17 : 707.29"
"19,18 : 730.62"
"19,19 : 0.0"
"19,20 : 645.13"
"19,21 : 514.41"
"19,22 : 442.69"
"19,23 : 502.59"
"19,24 : 78.24"
"19,25 : 808.29"
"19,26 : 164.47"
"19,27 : 636.88"
"19,28 : 468.41"
"19,29 : 348.28"
"19,30 : 304.16"
"19,31 : 374.88"
"19,32 : 719.62"
"19,33 : 439.16"
"19,34 : 639.18"
"19,35 : 690.05"
"19,36 : 736.96"
"19,37 : 177.18"
"19,38 : 258.43"
"19,39 : 252.58"
"19,40 : 261.51"
"19,41 : 549.53"
"19,42 : 479.84"
"19,43 : 382.97"
"19,44 : 682.14"
"19,45 : 418.57"
"19,46 : 331.31"
"19,47 : 570.86"
"19,48 : 415.12"
"19,49 : 284.42"
"19,50 : 637.99"
"19,51 : 341.25"
"19,52 : 578.1"
"19,53 : 465.91"
"19,54 : 692.22"
"19,55 : 358.37"
"19,56 : 517.71"
"19,57 : 300.47"
"19,58 : 464.87"
"19,59 : 702.48"
"19,60 : 183.5"
"19,61 : 463.21"
"19,62 : 148.95"
"19,63 : 712.5"
"19,64 : 558.55"
"19,65 : 271.4"
"19,66 : 345.37"
"19,67 : 195.35"
"19,68 : 245.31"
"19,69 : 835.92"
"19,70 : 586.43"
"19,71 : 277.92"
"19,72 : 100.22"
"19,73 : 709.37"
"19,74 : 435.57"
"19,75 : 164.45"
"19,76 : 221.64"
"19,77 : 625.99"
"19,78 : 348.85"
"19,79 : 255.0"
"19,80 : 644.75"
"19,81 : 700.31"
"19,82 : 472.08"
"19,83 : 770.12"
"19,84 : 734.68"
"19,85 : 479.3"
"19,86 : 559.39"
"19,87 : 527.14"
"19,88 : 248.68"
"19,89 : 160.65"
"19,90 : 341.01"
"19,91 : 151.48"
"19,92 : 712.77"
"19,93 : 473.86"
"19,94 : 190.69"
"19,95 : 245.51"
"19,96 : 368.98"
"19,97 : 567.65"
"19,98 : 353.84"
"19,99 : 510.07"
"20,0 : 675.31"
"20,1 : 672.12"
"20,2 : 485.72"
"20,3 : 415.52"
"20,4 : 190.38"
"20,5 : 709.12"
"20,6 : 524.13"
"20,7 : 88.23"
"20,8 : 602.42"
"20,9 : 503.04"
"20,10 : 798.04"
"20,11 : 650.0"
"20,12 : 742.3"
"20,13 : 381.5"
"20,14 : 86.47"
"20,15 : 566.81"
"20,16 : 809.1"
"20,17 : 661.29"
"20,18 : 106.4"
"20,19 : 645.13"
"20,20 : 0.0"
"20,21 : 498.46"
"20,22 : 1050.44"
"20,23 : 380.42"
"20,24 : 662.62"
"20,25 : 218.56"
"20,26 : 545.28"
"20,27 : 518.62"
"20,28 : 804.33"
"20,29 : 617.64"
"20,30 : 400.13"
"20,31 : 270.45"
"20,32 : 109.56"
"20,33 : 627.46"
"20,34 : 206.5"
"20,35 : 624.43"
"20,36 : 671.4"
"20,37 : 741.68"
"20,38 : 850.98"
"20,39 : 602.52"
"20,40 : 401.14"
"20,41 : 128.16"
"20,42 : 169.5"
"20,43 : 689.73"
"20,44 : 682.11"
"20,45 : 634.77"
"20,46 : 645.03"
"20,47 : 284.86"
"20,48 : 845.89"
"20,49 : 467.47"
"20,50 : 17.2"
"20,51 : 646.2"
"20,52 : 304.37"
"20,53 : 442.16"
"20,54 : 135.07"
"20,55 : 289.03"
"20,56 : 683.32"
"20,57 : 899.99"
"20,58 : 480.99"
"20,59 : 77.88"
"20,60 : 577.01"
"20,61 : 568.6"
"20,62 : 590.47"
"20,63 : 733.13"
"20,64 : 151.01"
"20,65 : 600.76"
"20,66 : 629.46"
"20,67 : 462.02"
"20,68 : 535.86"
"20,69 : 735.16"
"20,70 : 413.25"
"20,71 : 916.37"
"20,72 : 723.43"
"20,73 : 387.18"
"20,74 : 689.88"
"20,75 : 620.67"
"20,76 : 610.75"
"20,77 : 49.41"
"20,78 : 490.43"
"20,79 : 865.08"
"20,80 : 575.63"
"20,81 : 56.08"
"20,82 : 306.32"
"20,83 : 667.39"
"20,84 : 208.48"
"20,85 : 420.27"
"20,86 : 647.9"
"20,87 : 612.84"
"20,88 : 677.14"
"20,89 : 743.14"
"20,90 : 690.31"
"20,91 : 796.43"
"20,92 : 526.33"
"20,93 : 209.0"
"20,94 : 470.2"
"20,95 : 791.45"
"20,96 : 990.61"
"20,97 : 78.87"
"20,98 : 850.07"
"20,99 : 626.78"
"21,0 : 676.91"
"21,1 : 187.86"
"21,2 : 357.87"
"21,3 : 403.07"
"21,4 : 342.79"
"21,5 : 790.62"
"21,6 : 539.89"
"21,7 : 544.29"
"21,8 : 304.2"
"21,9 : 122.72"
"21,10 : 902.25"
"21,11 : 201.41"
"21,12 : 735.06"
"21,13 : 409.35"
"21,14 : 412.16"
"21,15 : 210.06"
"21,16 : 809.96"
"21,17 : 214.74"
"21,18 : 602.86"
"21,19 : 514.41"
"21,20 : 498.46"
"21,21 : 0.0"
"21,22 : 734.48"
"21,23 : 118.09"
"21,24 : 582.81"
"21,25 : 716.7"
"21,26 : 350.23"
"21,27 : 123.56"
"21,28 : 352.62"
"21,29 : 223.44"
"21,30 : 258.86"
"21,31 : 384.33"
"21,32 : 487.27"
"21,33 : 168.93"
"21,34 : 329.61"
"21,35 : 187.42"
"21,36 : 239.79"
"21,37 : 475.0"
"21,38 : 563.37"
"21,39 : 672.08"
"21,40 : 327.43"
"21,41 : 375.2"
"21,42 : 446.41"
"21,43 : 267.88"
"21,44 : 211.1"
"21,45 : 189.03"
"21,46 : 753.15"
"21,47 : 666.25"
"21,48 : 433.72"
"21,49 : 587.67"
"21,50 : 506.32"
"21,51 : 760.54"
"21,52 : 210.64"
"21,53 : 71.11"
"21,54 : 431.63"
"21,55 : 364.07"
"21,56 : 193.99"
"21,57 : 605.48"
"21,58 : 50.77"
"21,59 : 495.85"
"21,60 : 336.15"
"21,61 : 793.45"
"21,62 : 370.65"
"21,63 : 258.68"
"21,64 : 347.61"
"21,65 : 684.31"
"21,66 : 753.43"
"21,67 : 364.4"
"21,68 : 270.2"
"21,69 : 335.75"
"21,70 : 767.81"
"21,71 : 682.21"
"21,72 : 613.81"
"21,73 : 261.37"
"21,74 : 847.12"
"21,75 : 620.49"
"21,76 : 655.4"
"21,77 : 522.53"
"21,78 : 165.64"
"21,79 : 593.46"
"21,80 : 135.42"
"21,81 : 542.14"
"21,82 : 607.11"
"21,83 : 264.26"
"21,84 : 696.98"
"21,85 : 703.03"
"21,86 : 149.46"
"21,87 : 860.61"
"21,88 : 714.2"
"21,89 : 673.72"
"21,90 : 296.33"
"21,91 : 618.5"
"21,92 : 202.99"
"21,93 : 508.63"
"21,94 : 480.84"
"21,95 : 756.03"
"21,96 : 706.15"
"21,97 : 442.41"
"21,98 : 480.04"
"21,99 : 858.4"
"22,0 : 568.9"
"22,1 : 598.35"
"22,2 : 566.4"
"22,3 : 650.36"
"22,4 : 992.84"
"22,5 : 689.2"
"22,6 : 613.67"
"22,7 : 1131.72"
"22,8 : 464.64"
"22,9 : 631.74"
"22,10 : 755.08"
"22,11 : 543.9"
"22,12 : 555.93"
"22,13 : 687.35"
"22,14 : 988.29"
"22,15 : 538.09"
"22,16 : 577.19"
"22,17 : 840.9"
"22,18 : 1146.38"
"22,19 : 442.69"
"22,20 : 1050.44"
"22,21 : 734.48"
"22,22 : 0.0"
"22,23 : 790.04"
"22,24 : 476.51"
"22,25 : 1235.1"
"22,26 : 505.17"
"22,27 : 845.6"
"22,28 : 444.01"
"22,29 : 511.68"
"22,30 : 656.6"
"22,31 : 786.31"
"22,32 : 1104.42"
"22,33 : 576.59"
"22,34 : 987.17"
"22,35 : 843.43"
"22,36 : 870.59"
"22,37 : 308.77"
"22,38 : 199.53"
"22,39 : 659.76"
"22,40 : 649.62"
"22,41 : 936.28"
"22,42 : 897.44"
"22,43 : 473.07"
"22,44 : 797.16"
"22,45 : 552.47"
"22,46 : 717.79"
"22,47 : 1012.78"
"22,48 : 333.43"
"22,49 : 724.5"
"22,50 : 1046.76"
"22,51 : 727.4"
"22,52 : 891.76"
"22,53 : 726.07"
"22,54 : 1064.82"
"22,55 : 764.44"
"22,56 : 609.19"
"22,57 : 150.63"
"22,58 : 701.81"
"22,59 : 1094.5"
"22,60 : 476.01"
"22,61 : 878.3"
"22,62 : 460.01"
"22,63 : 799.77"
"22,64 : 934.09"
"22,65 : 678.01"
"22,66 : 738.66"
"22,67 : 591.9"
"22,68 : 528.21"
"22,69 : 956.15"
"22,70 : 1026.55"
"22,71 : 190.39"
"22,72 : 422.6"
"22,73 : 989.86"
"22,74 : 808.59"
"22,75 : 573.33"
"22,76 : 627.95"
"22,77 : 1040.94"
"22,78 : 612.28"
"22,79 : 190.0"
"22,80 : 821.26"
"22,81 : 1106.5"
"22,82 : 914.15"
"22,83 : 914.01"
"22,84 : 1167.98"
"22,85 : 918.51"
"22,86 : 680.56"
"22,87 : 933.92"
"22,88 : 617.61"
"22,89 : 467.08"
"22,90 : 438.76"
"22,91 : 316.29"
"22,92 : 925.88"
"22,93 : 904.98"
"22,94 : 630.98"
"22,95 : 515.22"
"22,96 : 81.61"
"22,97 : 971.64"
"22,98 : 259.86"
"22,99 : 911.8"
"23,0 : 639.56"
"23,1 : 297.53"
"23,2 : 326.72"
"23,3 : 343.58"
"23,4 : 232.17"
"23,5 : 739.64"
"23,6 : 489.7"
"23,7 : 428.38"
"23,8 : 331.45"
"23,9 : 160.61"
"23,10 : 849.97"
"23,11 : 291.93"
"23,12 : 702.71"
"23,13 : 340.04"
"23,14 : 294.19"
"23,15 : 252.23"
"23,16 : 778.6"
"23,17 : 307.92"
"23,18 : 485.06"
"23,19 : 502.59"
"23,20 : 380.42"
"23,21 : 118.09"
"23,22 : 790.04"
"23,23 : 0.0"
"23,24 : 561.2"
"23,25 : 598.76"
"23,26 : 342.18"
"23,27 : 176.6"
"23,28 : 449.33"
"23,29 : 286.9"
"23,30 : 207.18"
"23,31 : 289.69"
"23,32 : 373.87"
"23,33 : 263.43"
"23,34 : 220.64"
"23,35 : 274.17"
"23,36 : 326.93"
"23,37 : 504.75"
"23,38 : 604.64"
"23,39 : 618.32"
"23,40 : 271.04"
"23,41 : 257.38"
"23,42 : 336.29"
"23,43 : 348.18"
"23,44 : 316.27"
"23,45 : 277.35"
"23,46 : 694.78"
"23,47 : 558.14"
"23,48 : 515.89"
"23,49 : 517.43"
"23,50 : 388.23"
"23,51 : 701.15"
"23,52 : 106.22"
"23,53 : 70.84"
"23,54 : 319.76"
"23,55 : 273.49"
"23,56 : 306.58"
"23,57 : 650.61"
"23,58 : 107.62"
"23,59 : 380.31"
"23,60 : 343.79"
"23,61 : 713.27"
"23,62 : 374.59"
"23,63 : 366.4"
"23,64 : 229.53"
"23,65 : 628.07"
"23,66 : 691.68"
"23,67 : 324.14"
"23,68 : 277.89"
"23,69 : 413.31"
"23,70 : 665.74"
"23,71 : 710.75"
"23,72 : 602.47"
"23,73 : 209.61"
"23,74 : 781.9"
"23,75 : 580.32"
"23,76 : 606.47"
"23,77 : 404.71"
"23,78 : 178.99"
"23,79 : 630.63"
"23,80 : 219.73"
"23,81 : 424.7"
"23,82 : 506.74"
"23,83 : 339.51"
"23,84 : 579.38"
"23,85 : 609.64"
"23,86 : 267.48"
"23,87 : 778.26"
"23,88 : 670.15"
"23,89 : 654.5"
"23,90 : 365.26"
"23,91 : 627.35"
"23,92 : 231.01"
"23,93 : 402.06"
"23,94 : 426.02"
"23,95 : 731.64"
"23,96 : 751.06"
"23,97 : 325.01"
"23,98 : 547.39"
"23,99 : 778.96"
