x,y
205,239
463,806
641,505
300,665
205,818
755,620
744,116
661,420
121,39
32,552
760,89
74,450
362,397
109,701
904,962
736,174
682,742
118,831
359,80
882,469
821,709
790,896
617,310
377,449
144,980
77,813
991,147
598,95
217,706
620,66
19,784
657,602
206,346
40,31
395,928
706,664
874,795
873,48
379,254
717,186
270,956
69,732
532,161
681,52
292,319
195,360
911,841
432,798
847,691
817,831
756,5
977,758
805,98
315,180
832,253
1,998
608,275
215,357
421,589
31,803
406,250
578,723
833,605
324,369
918,898
108,303
144,180
429,357
472,162
886,231
790,263
57,73
572,890
111,506
999,897
900,46
21,801
856,173
634,51
314,442
534,987
546,171
182,363
451,119
10,727
311,756
593,804
137,515
807,2
771,694
262,417
765,454
878,501
31,146
749,639
528,685
459,352
878,189
971,511
187,222

Distanze
"0,0 : 0.0"
"0,1 : 620.36"
"0,2 : 451.22"
"0,3 : 410.9"
"0,4 : 528.57"
"0,5 : 536.63"
"0,6 : 325.12"
"0,7 : 640.16"
"0,8 : 389.02"
"0,9 : 294.29"
"0,10 : 505.4"
"0,11 : 529.44"
"0,12 : 868.37"
"0,13 : 204.69"
"0,14 : 790.35"
"0,15 : 263.97"
"0,16 : 185.33"
"0,17 : 176.64"
"0,18 : 500.6"
"0,19 : 428.62"
"0,20 : 462.13"
"0,21 : 661.66"
"0,22 : 684.32"
"0,23 : 302.4"
"0,24 : 589.38"
"0,25 : 196.33"
"0,26 : 704.29"
"0,27 : 481.33"
"0,28 : 150.21"
"0,29 : 291.6"
"0,30 : 484.61"
"0,31 : 546.42"
"0,32 : 716.71"
"0,33 : 73.33"
"0,34 : 742.75"
"0,35 : 602.91"
"0,36 : 563.56"
"0,37 : 421.36"
"0,38 : 670.62"
"0,39 : 732.1"
"0,40 : 670.78"
"0,41 : 489.83"
"0,42 : 635.93"
"0,43 : 185.05"
"0,44 : 610.41"
"0,45 : 156.42"
"0,46 : 563.37"
"0,47 : 11.31"
"0,48 : 727.43"
"0,49 : 578.0"
"0,50 : 358.22"
"0,51 : 434.22"
"0,52 : 562.25"
"0,53 : 200.25"
"0,54 : 123.57"
"0,55 : 231.63"
"0,56 : 293.44"
"0,57 : 703.11"
"0,58 : 517.58"
"0,59 : 238.61"
"0,60 : 331.92"
"0,61 : 523.98"
"0,62 : 145.0"
"0,63 : 184.07"
"0,64 : 431.63"
"0,65 : 394.44"
"0,66 : 300.81"
"0,67 : 429.44"
"0,68 : 533.61"
"0,69 : 406.49"
"0,70 : 573.89"
"0,71 : 388.49"
"0,72 : 425.41"
"0,73 : 425.3"
"0,74 : 289.61"
"0,75 : 300.57"
"0,76 : 645.78"
"0,77 : 806.81"
"0,78 : 273.47"
"0,79 : 583.36"
"0,80 : 522.21"
"0,81 : 216.91"
"0,82 : 245.98"
"0,83 : 744.42"
"0,84 : 342.46"
"0,85 : 357.79"
"0,86 : 507.67"
"0,87 : 651.19"
"0,88 : 403.06"
"0,89 : 303.35"
"0,90 : 173.95"
"0,91 : 637.81"
"0,92 : 711.07"
"0,93 : 752.57"
"0,94 : 456.64"
"0,95 : 520.12"
"0,96 : 278.03"
"0,97 : 201.25"
"0,98 : 536.77"
"0,99 : 275.01"
"1,0 : 620.36"
"1,1 : 0.0"
"1,2 : 754.18"
"1,3 : 798.28"
"1,4 : 696.89"
"1,5 : 813.05"
"1,6 : 298.22"
"1,7 : 379.47"
"1,8 : 234.36"
"1,9 : 383.42"
"1,10 : 692.47"
"1,11 : 377.69"
"1,12 : 547.37"
"1,13 : 744.26"
"1,14 : 346.98"
"1,15 : 360.14"
"1,16 : 794.25"
"1,17 : 609.9"
"1,18 : 212.56"
"1,19 : 337.42"
"1,20 : 808.62"
"1,21 : 375.23"
"1,22 : 301.33"
"1,23 : 706.21"
"1,24 : 925.24"
"1,25 : 772.03"
"1,26 : 386.03"
"1,27 : 858.45"
"1,28 : 647.08"
"1,29 : 485.05"
"1,30 : 170.47"
"1,31 : 676.07"
"1,32 : 379.22"
"1,33 : 692.83"
"1,34 : 610.12"
"1,35 : 766.03"
"1,36 : 249.24"
"1,37 : 927.19"
"1,38 : 69.53"
"1,39 : 471.29"
"1,40 : 314.68"
"1,41 : 305.74"
"1,42 : 994.93"
"1,43 : 799.79"
"1,44 : 661.2"
"1,45 : 669.34"
"1,46 : 344.1"
"1,47 : 612.96"
"1,48 : 109.18"
"1,49 : 331.44"
"1,50 : 308.69"
"1,51 : 402.95"
"1,52 : 475.1"
"1,53 : 503.84"
"1,54 : 573.54"
"1,55 : 497.69"
"1,56 : 807.92"
"1,57 : 534.79"
"1,58 : 618.75"
"1,59 : 763.18"
"1,60 : 389.87"
"1,61 : 810.02"
"1,62 : 651.04"
"1,63 : 737.9"
"1,64 : 868.43"
"1,65 : 887.28"
"1,66 : 402.13"
"1,67 : 400.52"
"1,68 : 688.12"
"1,69 : 735.9"
"1,70 : 688.89"
"1,71 : 903.67"
"1,72 : 250.77"
"1,73 : 878.08"
"1,74 : 825.74"
"1,75 : 387.74"
"1,76 : 228.12"
"1,77 : 408.98"
"1,78 : 423.79"
"1,79 : 174.13"
"1,80 : 136.82"
"1,81 : 823.98"
"1,82 : 403.6"
"1,83 : 441.84"
"1,84 : 795.83"
"1,85 : 886.55"
"1,86 : 226.38"
"1,87 : 944.03"
"1,88 : 469.55"
"1,89 : 477.75"
"1,90 : 523.67"
"1,91 : 18.38"
"1,92 : 668.6"
"1,93 : 352.81"
"1,94 : 187.95"
"1,95 : 863.77"
"1,96 : 809.05"
"1,97 : 655.32"
"1,98 : 154.26"
"1,99 : 693.21"
"2,0 : 451.22"
"2,1 : 754.18"
"2,2 : 0.0"
"2,3 : 94.87"
"2,4 : 140.47"
"2,5 : 85.84"
"2,6 : 571.42"
"2,7 : 515.43"
"2,8 : 607.81"
"2,9 : 400.2"
"2,10 : 119.77"
"2,11 : 425.65"
"2,12 : 667.22"
"2,13 : 298.26"
"2,14 : 710.56"
"2,15 : 484.28"
"2,16 : 421.93"
"2,17 : 278.6"
"2,18 : 761.33"
"2,19 : 418.63"
"2,20 : 61.2"
"2,21 : 540.05"
"2,22 : 961.32"
"2,23 : 152.9"
"2,24 : 173.95"
"2,25 : 348.77"
"2,26 : 1013.9"
"2,27 : 114.74"
"2,28 : 302.04"
"2,29 : 287.11"
"2,30 : 584.41"
"2,31 : 178.52"
"2,32 : 1019.72"
"2,33 : 447.9"
"2,34 : 459.64"
"2,35 : 179.03"
"2,36 : 548.34"
"2,37 : 275.94"
"2,38 : 766.25"
"2,39 : 547.57"
"2,40 : 593.32"
"2,41 : 802.78"
"2,42 : 241.76"
"2,43 : 538.33"
"2,44 : 262.96"
"2,45 : 606.04"
"2,46 : 886.26"
"2,47 : 459.53"
"2,48 : 854.73"
"2,49 : 892.92"
"2,50 : 459.58"
"2,51 : 358.44"
"2,52 : 369.3"
"2,53 : 329.2"
"2,54 : 344.01"
"2,55 : 310.1"
"2,56 : 255.05"
"2,57 : 466.77"
"2,58 : 202.54"
"2,59 : 273.44"
"2,60 : 686.05"
"2,61 : 74.22"
"2,62 : 308.16"
"2,63 : 615.83"
"2,64 : 169.52"
"2,65 : 820.16"
"2,66 : 658.13"
"2,67 : 791.16"
"2,68 : 153.84"
"2,69 : 45.4"
"2,70 : 198.6"
"2,71 : 804.02"
"2,72 : 698.67"
"2,73 : 190.71"
"2,74 : 709.36"
"2,75 : 647.14"
"2,76 : 629.49"
"2,77 : 1092.77"
"2,78 : 363.27"
"2,79 : 615.5"
"2,80 : 617.56"
"2,81 : 578.4"
"2,82 : 415.78"
"2,83 : 583.72"
"2,84 : 786.12"
"2,85 : 770.05"
"2,86 : 537.13"
"2,87 : 213.32"
"2,88 : 795.52"
"2,89 : 703.32"
"2,90 : 590.86"
"2,91 : 764.79"
"2,92 : 378.81"
"2,93 : 1031.67"
"2,94 : 684.85"
"2,95 : 109.6"
"2,96 : 278.74"
"2,97 : 652.44"
"2,98 : 763.7"
"2,99 : 726.18"
"3,0 : 410.9"
"3,1 : 798.28"
"3,2 : 94.87"
"3,3 : 0.0"
"3,4 : 235.17"
"3,5 : 152.05"
"3,6 : 585.53"
"3,7 : 593.0"
"3,8 : 629.69"
"3,9 : 425.7"
"3,10 : 213.77"
"3,11 : 495.73"
"3,12 : 756.73"
"3,13 : 230.87"
"3,14 : 787.25"
"3,15 : 496.4"
"3,16 : 348.54"
"3,17 : 254.06"
"3,18 : 780.91"
"3,19 : 470.89"
"3,20 : 59.14"
"3,21 : 618.01"
"3,22 : 981.9"
"3,23 : 114.61"
"3,24 : 178.51"
"3,25 : 276.33"
"3,26 : 1027.76"
"3,27 : 72.47"
"3,28 : 261.97"
"3,29 : 315.25"
"3,30 : 627.9"
"3,31 : 272.84"
"3,32 : 1035.24"
"3,33 : 393.56"
"3,34 : 552.93"
"3,35 : 269.52"
"3,36 : 610.28"
"3,37 : 182.0"
"3,38 : 817.44"
"3,39 : 633.59"
"3,40 : 666.73"
"3,41 : 811.94"
"3,42 : 229.94"
"3,43 : 469.86"
"3,44 : 357.47"
"3,45 : 559.78"
"3,46 : 894.84"
"3,47 : 420.56"
"3,48 : 902.59"
"3,49 : 903.55"
"3,50 : 493.58"
"3,51 : 417.66"
"3,52 : 450.44"
"3,53 : 331.36"
"3,54 : 321.1"
"3,55 : 320.6"
"3,56 : 170.58"
"3,57 : 556.49"
"3,58 : 292.04"
"3,59 : 200.73"
"3,60 : 682.02"
"3,61 : 137.74"
"3,62 : 266.36"
"3,63 : 560.01"
"3,64 : 80.16"
"3,65 : 757.45"
"3,66 : 652.35"
"3,67 : 787.97"
"3,68 : 248.36"
"3,69 : 74.24"
"3,70 : 293.44"
"3,71 : 738.39"
"3,72 : 713.48"
"3,73 : 99.04"
"3,74 : 646.98"
"3,75 : 643.53"
"3,76 : 694.85"
"3,77 : 1113.23"
"3,78 : 385.8"
"3,79 : 672.43"
"3,80 : 663.51"
"3,81 : 508.73"
"3,82 : 429.52"
"3,83 : 667.81"
"3,84 : 732.07"
"3,85 : 704.18"
"3,86 : 590.76"
"3,87 : 242.46"
"3,88 : 783.64"
"3,89 : 687.37"
"3,90 : 566.77"
"3,91 : 810.43"
"3,92 : 473.57"
"3,93 : 1052.88"
"3,94 : 708.45"
"3,95 : 109.77"
"3,96 : 195.39"
"3,97 : 609.93"
"3,98 : 790.32"
"3,99 : 681.79"
"4,0 : 528.57"
"4,1 : 696.89"
"4,2 : 140.47"
"4,3 : 235.17"
"4,4 : 0.0"
"4,5 : 137.32"
"4,6 : 568.24"
"4,7 : 405.93"
"4,8 : 591.0"
"4,9 : 391.65"
"4,10 : 24.7"
"4,11 : 334.79"
"4,12 : 533.74"
"4,13 : 413.02"
"4,14 : 598.88"
"4,15 : 489.24"
"4,16 : 537.74"
"4,17 : 352.65"
"4,18 : 742.63"
"4,19 : 362.66"
"4,20 : 194.8"
"4,21 : 429.14"
"4,22 : 936.62"
"4,23 : 262.67"
"4,24 : 254.24"
"4,25 : 465.95"
"4,26 : 998.53"
"4,27 : 243.83"
"4,28 : 389.96"
"4,29 : 290.15"
"4,30 : 533.77"
"4,31 : 39.05"
"4,32 : 1001.75"
"4,33 : 541.84"
"4,34 : 320.66"
"4,35 : 81.25"
"4,36 : 467.06"
"4,37 : 416.36"
"4,38 : 697.03"
"4,39 : 421.2"
"4,40 : 489.64"
"4,41 : 798.73"
"4,42 : 323.64"
"4,43 : 645.8"
"4,44 : 122.58"
"4,45 : 684.65"
"4,46 : 881.15"
"4,47 : 534.82"
"4,48 : 789.15"
"4,49 : 884.6"
"4,50 : 432.03"
"4,51 : 295.01"
"4,52 : 258.04"
"4,53 : 363.45"
"4,54 : 408.43"
"4,55 : 335.53"
"4,56 : 386.08"
"4,57 : 334.26"
"4,58 : 83.26"
"4,59 : 394.2"
"4,60 : 704.85"
"4,61 : 142.13"
"4,62 : 397.28"
"4,63 : 706.21"
"4,64 : 309.1"
"4,65 : 915.8"
"4,66 : 680.42"
"4,67 : 805.65"
"4,68 : 14.14"
"4,69 : 170.94"
"4,70 : 58.6"
"4,71 : 903.68"
"4,72 : 689.18"
"4,73 : 330.71"
"4,74 : 806.15"
"4,75 : 666.73"
"4,76 : 539.43"
"4,77 : 1066.24"
"4,78 : 363.5"
"4,79 : 540.68"
"4,80 : 561.44"
"4,81 : 686.49"
"4,82 : 423.79"
"4,83 : 460.49"
"4,84 : 870.88"
"4,85 : 870.45"
"4,86 : 471.21"
"4,87 : 252.16"
"4,88 : 822.4"
"4,89 : 738.5"
"4,90 : 641.11"
"4,91 : 704.72"
"4,92 : 238.4"
"4,93 : 1004.87"
"4,94 : 662.34"
"4,95 : 217.15"
"4,96 : 408.18"
"4,97 : 724.93"
"4,98 : 734.03"
"4,99 : 799.33"
"5,0 : 536.63"
"5,1 : 813.05"
"5,2 : 85.84"
"5,3 : 152.05"
"5,4 : 137.32"
"5,5 : 0.0"
"5,6 : 648.25"
"5,7 : 542.08"
"5,8 : 681.05"
"5,9 : 474.07"
"5,10 : 129.34"
"5,11 : 464.72"
"5,12 : 667.03"
"5,13 : 376.43"
"5,14 : 735.73"
"5,15 : 562.54"
"5,16 : 497.82"
"5,17 : 364.45"
"5,18 : 834.7"
"5,19 : 475.64"
"5,20 : 93.81"
"5,21 : 565.62"
"5,22 : 1033.39"
"5,23 : 236.3"
"5,24 : 117.95"
"5,25 : 424.89"
"5,26 : 1088.93"
"5,27 : 124.85"
"5,28 : 387.06"
"5,29 : 362.22"
"5,30 : 645.31"
"5,31 : 174.29"
"5,32 : 1094.0"
"5,33 : 531.08"
"5,34 : 448.2"
"5,35 : 131.49"
"5,36 : 594.01"
"5,37 : 313.26"
"5,38 : 819.43"
"5,39 : 557.92"
"5,40 : 624.71"
"5,41 : 880.33"
"5,42 : 188.32"
"5,43 : 617.01"
"5,44 : 249.19"
"5,45 : 691.02"
"5,46 : 963.77"
"5,47 : 545.06"
"5,48 : 910.02"
"5,49 : 969.62"
"5,50 : 528.19"
"5,51 : 411.1"
"5,52 : 393.9"
"5,53 : 411.87"
"5,54 : 429.77"
"5,55 : 390.94"
"5,56 : 322.54"
"5,57 : 469.11"
"5,58 : 218.52"
"5,59 : 348.94"
"5,60 : 768.11"
"5,61 : 14.32"
"5,62 : 393.01"
"5,63 : 699.03"
"5,64 : 204.41"
"5,65 : 901.57"
"5,66 : 740.71"
"5,67 : 872.73"
"5,68 : 150.96"
"5,69 : 130.14"
"5,70 : 183.7"
"5,71 : 884.31"
"5,72 : 774.44"
"5,73 : 227.07"
"5,74 : 790.76"
"5,75 : 729.22"
"5,76 : 670.34"
"5,77 : 1164.52"
"5,78 : 439.06"
"5,79 : 665.11"
"5,80 : 676.3"
"5,81 : 656.59"
"5,82 : 494.16"
"5,83 : 597.63"
"5,84 : 869.94"
"5,85 : 850.21"
"5,86 : 590.76"
"5,87 : 134.63"
"5,88 : 879.1"
"5,89 : 787.77"
"5,90 : 676.39"
"5,91 : 822.43"
"5,92 : 356.6"
"5,93 : 1103.21"
"5,94 : 756.72"
"5,95 : 85.38"
"5,96 : 347.26"
"5,97 : 737.88"
"5,98 : 833.53"
"5,99 : 811.48"
"6,0 : 325.12"
"6,1 : 298.22"
"6,2 : 571.42"
"6,3 : 585.53"
"6,4 : 568.24"
"6,5 : 648.25"
"6,6 : 0.0"
"6,7 : 445.39"
"6,8 : 64.2"
"6,9 : 176.78"
"6,10 : 554.08"
"6,11 : 364.59"
"6,12 : 674.54"
"6,13 : 474.09"
"6,14 : 535.49"
"6,15 : 89.2"
"6,16 : 504.88"
"6,17 : 352.78"
"6,18 : 197.04"
"6,19 : 256.32"
"6,20 : 613.37"
"6,21 : 458.44"
"6,22 : 397.32"
"6,23 : 476.71"
"6,24 : 743.7"
"6,25 : 492.72"
"6,26 : 443.19"
"6,27 : 654.93"
"6,28 : 378.55"
"6,29 : 286.09"
"6,30 : 194.67"
"6,31 : 563.52"
"6,32 : 449.99"
"6,33 : 398.32"
"6,34 : 631.45"
"6,35 : 648.68"
"6,36 : 320.91"
"6,37 : 677.86"
"6,38 : 354.3"
"6,39 : 552.82"
"6,40 : 436.85"
"6,41 : 232.22"
"6,42 : 807.63"
"6,43 : 501.91"
"6,44 : 587.28"
"6,45 : 375.54"
"6,46 : 315.57"
"6,47 : 317.0"
"6,48 : 403.44"
"6,49 : 321.55"
"6,50 : 153.03"
"6,51 : 311.27"
"6,52 : 446.01"
"6,53 : 255.69"
"6,54 : 300.85"
"6,55 : 265.24"
"6,56 : 549.68"
"6,57 : 567.41"
"6,58 : 511.26"
"6,59 : 498.82"
"6,60 : 160.33"
"6,61 : 640.68"
"6,62 : 380.66"
"6,63 : 442.56"
"6,64 : 642.04"
"6,65 : 607.73"
"6,66 : 150.38"
"6,67 : 244.99"
"6,68 : 564.96"
"6,69 : 539.68"
"6,70 : 585.62"
"6,71 : 619.63"
"6,72 : 128.04"
"6,73 : 646.2"
"6,74 : 535.34"
"6,75 : 132.5"
"6,76 : 381.24"
"6,77 : 528.23"
"6,78 : 209.25"
"6,79 : 305.63"
"6,80 : 224.47"
"6,81 : 525.76"
"6,82 : 156.54"
"6,83 : 546.5"
"6,84 : 521.16"
"6,85 : 599.2"
"6,86 : 256.02"
"6,87 : 782.4"
"6,88 : 281.15"
"6,89 : 232.65"
"6,90 : 233.31"
"6,91 : 316.18"
"6,92 : 646.06"
"6,93 : 468.39"
"6,94 : 135.06"
"6,95 : 674.5"
"6,96 : 545.4"
"6,97 : 368.9"
"6,98 : 218.63"
"6,99 : 418.43"
"7,0 : 640.16"
"7,1 : 379.47"
"7,2 : 515.43"
"7,3 : 593.0"
"7,4 : 405.93"
"7,5 : 542.08"
"7,6 : 445.39"
"7,7 : 0.0"
"7,8 : 419.67"
"7,9 : 350.73"
"7,10 : 413.07"
"7,11 : 113.18"
"7,12 : 233.6"
"7,13 : 655.08"
"7,14 : 195.13"
"7,15 : 424.38"
"7,16 : 754.9"
"7,17 : 526.02"
"7,18 : 525.19"
"7,19 : 214.31"
"7,20 : 576.63"
"7,21 : 25.18"
"7,22 : 674.45"
"7,23 : 546.42"
"7,24 : 659.81"
"7,25 : 701.85"
"7,26 : 754.81"
"7,27 : 630.16"
"7,28 : 576.05"
"7,29 : 365.4"
"7,30 : 280.61"
"7,31 : 372.59"
"7,32 : 750.87"
"7,33 : 694.56"
"7,34 : 230.83"
"7,35 : 452.2"
"7,36 : 141.0"
"7,37 : 764.3"
"7,38 : 348.53"
"7,39 : 107.86"
"7,40 : 87.09"
"7,41 : 612.57"
"7,42 : 729.52"
"7,43 : 817.45"
"7,44 : 324.82"
"7,45 : 761.27"
"7,46 : 679.06"
"7,47 : 639.03"
"7,48 : 439.73"
"7,49 : 673.09"
"7,50 : 308.69"
"7,51 : 211.59"
"7,52 : 148.19"
"7,53 : 445.7"
"7,54 : 533.43"
"7,55 : 418.3"
"7,56 : 680.36"
"7,57 : 155.44"
"7,58 : 323.56"
"7,59 : 656.87"
"7,60 : 604.05"
"7,61 : 544.83"
"7,62 : 583.17"
"7,63 : 814.14"
"7,64 : 673.03"
"7,65 : 1012.0"
"7,66 : 595.74"
"7,67 : 671.43"
"7,68 : 393.13"
"7,69 : 519.02"
"7,70 : 373.85"
"7,71 : 1014.88"
"7,72 : 510.3"
"7,73 : 690.32"
"7,74 : 919.27"
"7,75 : 577.88"
"7,76 : 160.86"
"7,77 : 788.1"
"7,78 : 366.72"
"7,79 : 206.89"
"7,80 : 280.14"
"7,81 : 853.74"
"7,82 : 403.9"
"7,83 : 105.55"
"7,84 : 936.58"
"7,85 : 987.83"
"7,86 : 198.12"
"7,87 : 654.02"
"7,88 : 721.11"
"7,89 : 677.41"
"7,90 : 646.34"
"7,91 : 378.65"
"7,92 : 298.64"
"7,93 : 730.86"
"7,94 : 452.24"
"7,95 : 615.55"
"7,96 : 693.05"
"7,97 : 775.58"
"7,98 : 486.99"
"7,99 : 839.04"
"8,0 : 389.02"
"8,1 : 234.36"
"8,2 : 607.81"
"8,3 : 629.69"
"8,4 : 591.0"
"8,5 : 681.05"
"8,6 : 64.2"
"8,7 : 419.67"
"8,8 : 0.0"
"8,9 : 207.62"
"8,10 : 579.02"
"8,11 : 352.14"
"8,12 : 642.62"
"8,13 : 532.25"
"8,14 : 489.77"
"8,15 : 141.16"
"8,16 : 567.73"
"8,17 : 406.53"
"8,18 : 153.67"
"8,19 : 252.87"
"8,20 : 653.37"
"8,21 : 429.75"
"8,22 : 353.66"
"8,23 : 524.16"
"8,24 : 781.45"
"8,25 : 553.23"
"8,26 : 408.54"
"8,27 : 697.36"
"8,28 : 435.74"
"8,29 : 320.73"
"8,30 : 149.25"
"8,31 : 582.22"
"8,32 : 413.04"
"8,33 : 462.13"
"8,34 : 620.54"
"8,35 : 669.93"
"8,36 : 286.39"
"8,37 : 731.68"
"8,38 : 291.94"
"8,39 : 527.47"
"8,40 : 399.82"
"8,41 : 211.99"
"8,42 : 847.19"
"8,43 : 566.08"
"8,44 : 597.12"
"8,45 : 436.92"
"8,46 : 292.02"
"8,47 : 381.02"
"8,48 : 339.24"
"8,49 : 294.05"
"8,50 : 160.08"
"8,51 : 315.54"
"8,52 : 441.31"
"8,53 : 305.1"
"8,54 : 358.62"
"8,55 : 309.8"
"8,56 : 605.15"
"8,57 : 552.64"
"8,58 : 527.62"
"8,59 : 555.6"
"8,60 : 190.06"
"8,61 : 674.51"
"8,62 : 438.38"
"8,63 : 504.71"
"8,64 : 690.05"
"8,65 : 664.1"
"8,66 : 189.84"
"8,67 : 252.52"
"8,68 : 586.31"
"8,69 : 579.12"
"8,70 : 602.46"
"8,71 : 677.58"
"8,72 : 100.9"
"8,73 : 695.6"
"8,74 : 595.5"
"8,75 : 172.63"
"8,76 : 336.22"
"8,77 : 485.18"
"8,78 : 245.37"
"8,79 : 258.64"
"8,80 : 172.59"
"8,81 : 589.7"
"8,82 : 201.91"
"8,83 : 516.39"
"8,84 : 575.6"
"8,85 : 658.3"
"8,86 : 222.99"
"8,87 : 815.67"
"8,88 : 302.2"
"8,89 : 272.72"
"8,90 : 292.73"
"8,91 : 252.41"
"8,92 : 645.14"
"8,93 : 424.27"
"8,94 : 79.06"
"8,95 : 713.57"
"8,96 : 602.21"
"8,97 : 427.14"
"8,98 : 162.61"
"8,99 : 472.45"
"9,0 : 294.29"
"9,1 : 383.42"
"9,2 : 400.2"
"9,3 : 425.7"
"9,4 : 391.65"
"9,5 : 474.07"
"9,6 : 176.78"
"9,7 : 350.73"
"9,8 : 207.62"
"9,9 : 0.0"
"9,10 : 377.31"
"9,11 : 245.0"
"9,12 : 582.98"
"9,13 : 366.44"
"9,14 : 496.45"
"9,15 : 101.24"
"9,16 : 436.59"
"9,17 : 229.16"
"9,18 : 361.2"
"9,19 : 136.52"
"9,20 : 446.48"
"9,21 : 370.79"
"9,22 : 561.16"
"9,23 : 325.58"
"9,24 : 573.88"
"9,25 : 400.66"
"9,26 : 614.86"
"9,27 : 491.67"
"9,28 : 271.02"
"9,29 : 113.17"
"9,30 : 219.06"
"9,31 : 388.19"
"9,32 : 620.08"
"9,33 : 355.88"
"9,34 : 491.8"
"9,35 : 472.29"
"9,36 : 270.5"
"9,37 : 543.95"
"9,38 : 416.06"
"9,39 : 449.16"
"9,40 : 376.51"
"9,41 : 408.41"
"9,42 : 639.94"
"9,43 : 477.18"
"9,44 : 418.15"
"9,45 : 410.83"
"9,46 : 491.47"
"9,47 : 291.78"
"9,48 : 491.68"
"9,49 : 496.33"
"9,50 : 76.42"
"9,51 : 161.55"
"9,52 : 302.1"
"9,53 : 124.02"
"9,54 : 205.73"
"9,55 : 114.28"
"9,56 : 425.08"
"9,57 : 437.85"
"9,58 : 337.52"
"9,59 : 382.28"
"9,60 : 319.04"
"9,61 : 467.22"
"9,62 : 276.15"
"9,63 : 463.67"
"9,64 : 490.43"
"9,65 : 661.97"
"9,66 : 298.2"
"9,67 : 415.99"
"9,68 : 388.68"
"9,69 : 372.16"
"9,70 : 411.13"
"9,71 : 664.21"
"9,72 : 300.73"
"9,73 : 498.23"
"9,74 : 568.58"
"9,75 : 282.64"
"9,76 : 355.14"
"9,77 : 692.65"
"9,78 : 40.72"
"9,79 : 299.87"
"9,80 : 257.87"
"9,81 : 510.91"
"9,82 : 53.82"
"9,83 : 456.15"
"9,84 : 589.2"
"9,85 : 637.11"
"9,86 : 218.77"
"9,87 : 608.62"
"9,88 : 440.09"
"9,89 : 367.87"
"9,90 : 305.08"
"9,91 : 397.83"
"9,92 : 489.2"
"9,93 : 631.62"
"9,94 : 284.96"
"9,95 : 506.29"
"9,96 : 427.44"
"9,97 : 427.99"
"9,98 : 365.31"
"9,99 : 494.8"
"10,0 : 505.4"
"10,1 : 692.47"
"10,2 : 119.77"
"10,3 : 213.77"
"10,4 : 24.7"
"10,5 : 129.34"
"10,6 : 554.08"
"10,7 : 413.07"
"10,8 : 579.02"
"10,9 : 377.31"
"10,10 : 0.0"
"10,11 : 336.32"
"10,12 : 549.75"
"10,13 : 388.33"
"10,14 : 607.18"
"10,15 : 473.57"
"10,16 : 513.04"
"10,17 : 329.2"
"10,18 : 731.4"
"10,19 : 356.39"
"10,20 : 176.59"
"10,21 : 436.8"
"10,22 : 926.73"
"10,23 : 237.99"
"10,24 : 247.29"
"10,25 : 441.26"
"10,26 : 987.2"
"10,27 : 227.26"
"10,28 : 365.88"
"10,29 : 273.08"
"10,30 : 527.5"
"10,31 : 59.17"
"10,32 : 990.85"
"10,33 : 517.71"
"10,34 : 339.89"
"10,35 : 100.18"
"10,36 : 467.02"
"10,37 : 395.52"
"10,38 : 695.05"
"10,39 : 434.07"
"10,40 : 495.39"
"10,41 : 785.33"
"10,42 : 317.57"
"10,43 : 621.23"
"10,44 : 143.89"
"10,45 : 661.61"
"10,46 : 868.06"
"10,47 : 511.8"
"10,48 : 786.6"
"10,49 : 872.01"
"10,50 : 421.03"
"10,51 : 289.59"
"10,52 : 264.88"
"10,53 : 343.4"
"10,54 : 385.87"
"10,55 : 316.22"
"10,56 : 362.08"
"10,57 : 349.59"
"10,58 : 89.94"
"10,59 : 369.61"
"10,60 : 688.04"
"10,61 : 131.8"
"10,62 : 373.16"
"10,63 : 682.41"
"10,64 : 289.21"
"10,65 : 891.81"
"10,66 : 663.11"
"10,67 : 789.62"
"10,68 : 35.47"
"10,69 : 147.61"
"10,70 : 82.07"
"10,71 : 879.48"
"10,72 : 676.36"
"10,73 : 310.48"
"10,74 : 782.05"
"10,75 : 649.73"
"10,76 : 541.78"
"10,77 : 1056.83"
"10,78 : 347.64"
"10,79 : 539.46"
"10,80 : 556.37"
"10,81 : 661.91"
"10,82 : 407.33"
"10,83 : 472.27"
"10,84 : 847.55"
"10,85 : 846.21"
"10,86 : 467.75"
"10,87 : 252.49"
"10,88 : 804.79"
"10,89 : 719.74"
"10,90 : 620.5"
"10,91 : 700.87"
"10,92 : 260.46"
"10,93 : 995.43"
"10,94 : 651.52"
"10,95 : 204.41"
"10,96 : 384.01"
"10,97 : 702.41"
"10,98 : 724.6"
"10,99 : 776.83"
"11,0 : 529.44"
"11,1 : 377.69"
"11,2 : 425.65"
"11,3 : 495.73"
"11,4 : 334.79"
"11,5 : 464.72"
"11,6 : 364.59"
"11,7 : 113.18"
"11,8 : 352.14"
"11,9 : 245.0"
"11,10 : 336.32"
"11,11 : 0.0"
"11,12 : 339.41"
"11,13 : 543.0"
"11,14 : 295.74"
"11,15 : 328.34"
"11,16 : 641.75"
"11,17 : 412.98"
"11,18 : 479.77"
"11,19 : 112.73"
"11,20 : 486.15"
"11,21 : 136.97"
"11,22 : 651.48"
"11,23 : 439.63"
"11,24 : 582.23"
"11,25 : 589.21"
"11,26 : 725.59"
"11,27 : 539.62"
"11,28 : 462.95"
"11,29 : 252.23"
"11,30 : 236.59"
"11,31 : 307.71"
"11,32 : 724.49"
"11,33 : 582.29"
"11,34 : 268.48"
"11,35 : 395.43"
"11,36 : 133.96"
"11,37 : 661.25"
"11,38 : 367.07"
"11,39 : 204.35"
"11,40 : 172.05"
"11,41 : 558.74"
"11,42 : 652.86"
"11,43 : 705.16"
"11,44 : 283.77"
"11,45 : 655.29"
"11,46 : 632.58"
"11,47 : 528.79"
"11,48 : 460.34"
"11,49 : 629.86"
"11,50 : 216.0"
"11,51 : 98.41"
"11,52 : 98.39"
"11,53 : 333.28"
"11,54 : 420.74"
"11,55 : 305.41"
"11,56 : 571.54"
"11,57 : 202.83"
"11,58 : 252.18"
"11,59 : 545.89"
"11,60 : 524.87"
"11,61 : 465.17"
"11,62 : 470.06"
"11,63 : 705.81"
"11,64 : 574.92"
"11,65 : 906.66"
"11,66 : 512.38"
"11,67 : 603.25"
"11,68 : 323.83"
"11,69 : 423.0"
"11,70 : 316.51"
"11,71 : 908.02"
"11,72 : 450.22"
"11,73 : 590.87"
"11,74 : 811.47"
"11,75 : 494.84"
"11,76 : 205.63"
"11,77 : 774.0"
"11,78 : 256.7"
"11,79 : 210.01"
"11,80 : 251.81"
"11,81 : 741.8"
"11,82 : 298.8"
"11,83 : 215.23"
"11,84 : 834.08"
"11,85 : 880.19"
"11,86 : 156.17"
"11,87 : 586.94"
"11,88 : 645.51"
"11,89 : 591.35"
"11,90 : 547.28"
"11,91 : 382.32"
"11,92 : 300.68"
"11,93 : 714.09"
"11,94 : 400.79"
"11,95 : 531.0"
"11,96 : 583.22"
"11,97 : 672.85"
"11,98 : 452.38"
"11,99 : 738.74"
"12,0 : 868.37"
"12,1 : 547.37"
"12,2 : 667.22"
"12,3 : 756.73"
"12,4 : 533.74"
"12,5 : 667.03"
"12,6 : 674.54"
"12,7 : 233.6"
"12,8 : 642.62"
"12,9 : 582.98"
"12,10 : 549.75"
"12,11 : 339.41"
"12,12 : 0.0"
"12,13 : 861.24"
"12,14 : 214.9"
"12,15 : 657.85"
"12,16 : 969.7"
"12,17 : 740.81"
"12,18 : 728.46"
"12,19 : 447.11"
"12,20 : 726.1"
"12,21 : 216.98"
"12,22 : 848.02"
"12,23 : 735.71"
"12,24 : 777.14"
"12,25 : 911.07"
"12,26 : 933.33"
"12,27 : 776.96"
"12,28 : 791.0"
"12,29 : 584.42"
"12,30 : 496.04"
"12,31 : 494.9"
"12,32 : 926.03"
"12,33 : 918.97"
"12,34 : 225.74"
"12,35 : 548.06"
"12,36 : 356.24"
"12,37 : 937.21"
"12,38 : 494.63"
"12,39 : 136.82"
"12,40 : 245.6"
"12,41 : 820.75"
"12,42 : 841.13"
"12,43 : 1041.52"
"12,44 : 418.43"
"12,45 : 993.81"
"12,46 : 878.72"
"12,47 : 867.97"
"12,48 : 569.84"
"12,49 : 869.62"
"12,50 : 542.09"
"12,51 : 434.42"
"12,52 : 322.12"
"12,53 : 670.43"
"12,54 : 756.67"
"12,55 : 641.12"
"12,56 : 872.66"
"12,57 : 200.45"
"12,58 : 465.01"
"12,59 : 857.76"
"12,60 : 830.79"
"12,61 : 674.14"
"12,62 : 798.49"
"12,63 : 1045.18"
"12,64 : 835.59"
"12,65 : 1244.87"
"12,66 : 824.7"
"12,67 : 890.25"
"12,68 : 519.6"
"12,69 : 683.67"
"12,70 : 483.34"
"12,71 : 1247.02"
"12,72 : 726.07"
"12,73 : 855.67"
"12,74 : 1150.76"
"12,75 : 806.81"
"12,76 : 325.03"
"12,77 : 945.92"
"12,78 : 596.1"
"12,79 : 398.53"
"12,80 : 485.03"
"12,81 : 1078.98"
"12,82 : 636.49"
"12,83 : 128.7"
"12,84 : 1170.1"
"12,85 : 1219.45"
"12,86 : 420.18"
"12,87 : 749.95"
"12,88 : 944.65"
"12,89 : 907.18"
"12,90 : 879.91"
"12,91 : 540.01"
"12,92 : 326.7"
"12,93 : 894.34"
"12,94 : 663.32"
"12,95 : 750.17"
"12,96 : 888.77"
"12,97 : 1009.04"
"12,98 : 681.77"
"12,99 : 1072.63"
"13,0 : 204.69"
"13,1 : 744.26"
"13,2 : 298.26"
"13,3 : 230.87"
"13,4 : 413.02"
"13,5 : 376.43"
"13,6 : 474.09"
"13,7 : 655.08"
"13,8 : 532.25"
"13,9 : 366.44"
"13,10 : 388.33"
"13,11 : 543.0"
"13,12 : 861.24"
"13,13 : 0.0"
"13,14 : 833.88"
"13,15 : 391.52"
"13,16 : 124.91"
"13,17 : 138.09"
"13,18 : 667.26"
"13,19 : 471.17"
"13,20 : 288.65"
"13,21 : 679.56"
"13,22 : 861.92"
"13,23 : 150.59"
"13,24 : 403.71"
"13,25 : 53.26"
"13,26 : 891.74"
"13,27 : 294.33"
"13,28 : 97.29"
"13,29 : 295.03"
"13,30 : 584.97"
"13,31 : 442.02"
"13,32 : 902.54"
"13,33 : 168.08"
"13,34 : 691.92"
"13,35 : 472.76"
"13,36 : 620.56"
"13,37 : 217.95"
"13,38 : 781.7"
"13,39 : 726.35"
"13,40 : 708.77"
"13,41 : 673.71"
"13,42 : 441.85"
"13,43 : 240.6"
"13,44 : 520.99"
"13,45 : 338.04"
"13,46 : 752.01"
"13,47 : 215.8"
"13,48 : 853.41"
"13,49 : 764.68"
"13,50 : 442.76"
"13,51 : 445.98"
"13,52 : 539.18"
"13,53 : 242.53"
"13,54 : 173.62"
"13,55 : 256.33"
"13,56 : 88.75"
"13,57 : 672.03"
"13,58 : 433.55"
"13,59 : 34.54"
"13,60 : 523.29"
"13,61 : 362.4"
"13,62 : 93.96"
"13,63 : 330.8"
"13,64 : 232.86"
"13,65 : 526.66"
"13,66 : 491.92"
"13,67 : 625.66"
"13,68 : 422.43"
"13,69 : 254.03"
"13,70 : 468.36"
"13,71 : 508.21"
"13,72 : 593.05"
"13,73 : 223.67"
"13,74 : 416.12"
"13,75 : 488.08"
"13,76 : 708.67"
"13,77 : 989.19"
"13,78 : 329.0"
"13,79 : 662.68"
"13,80 : 623.93"
"13,81 : 280.36"
"13,82 : 340.69"
"13,83 : 750.06"
"13,84 : 502.9"
"13,85 : 474.05"
"13,86 : 579.12"
"13,87 : 472.03"
"13,88 : 605.36"
"13,89 : 505.66"
"13,90 : 377.0"
"13,91 : 759.86"
"13,92 : 634.81"
"13,93 : 932.11"
"13,94 : 608.76"
"13,95 : 339.07"
"13,96 : 75.07"
"13,97 : 391.17"
"13,98 : 692.65"
"13,99 : 459.87"
"14,0 : 790.35"
"14,1 : 346.98"
"14,2 : 710.56"
"14,3 : 787.25"
"14,4 : 598.88"
"14,5 : 735.73"
"14,6 : 535.49"
"14,7 : 195.13"
"14,8 : 489.77"
"14,9 : 496.45"
"14,10 : 607.18"
"14,11 : 295.74"
"14,12 : 214.9"
"14,13 : 833.88"
"14,14 : 0.0"
"14,15 : 544.61"
"14,16 : 924.76"
"14,17 : 699.7"
"14,18 : 545.23"
"14,19 : 367.31"
"14,20 : 771.75"
"14,21 : 170.7"
"14,22 : 642.81"
"14,23 : 735.36"
"14,24 : 853.12"
"14,25 : 877.66"
"14,26 : 729.29"
"14,27 : 825.29"
"14,28 : 748.54"
"14,29 : 539.14"
"14,30 : 341.67"
"14,31 : 564.22"
"14,32 : 720.59"
"14,33 : 851.99"
"14,34 : 364.66"
"14,35 : 639.58"
"14,36 : 227.26"
"14,37 : 956.31"
"14,38 : 287.47"
"14,39 : 204.01"
"14,40 : 125.17"
"14,41 : 639.86"
"14,42 : 922.36"
"14,43 : 973.62"
"14,44 : 508.43"
"14,45 : 892.2"
"14,46 : 688.6"
"14,47 : 787.25"
"14,48 : 356.62"
"14,49 : 677.19"
"14,50 : 434.65"
"14,51 : 388.9"
"14,52 : 342.61"
"14,53 : 608.52"
"14,54 : 696.23"
"14,55 : 585.16"
"14,56 : 866.74"
"14,57 : 300.09"
"14,58 : 517.36"
"14,59 : 839.1"
"14,60 : 679.01"
"14,61 : 738.97"
"14,62 : 755.15"
"14,63 : 951.97"
"14,64 : 867.13"
"14,65 : 1136.86"
"14,66 : 679.39"
"14,67 : 721.39"
"14,68 : 585.73"
"14,69 : 713.47"
"14,70 : 562.92"
"14,71 : 1144.77"
"14,72 : 557.43"
"14,73 : 884.0"
"14,74 : 1053.65"
"14,75 : 661.95"
"14,76 : 154.25"
"14,77 : 734.7"
"14,78 : 522.5"
"14,79 : 231.14"
"14,80 : 318.29"
"14,81 : 1007.19"
"14,82 : 544.76"
"14,83 : 159.3"
"14,84 : 1053.88"
"14,85 : 1120.81"
"14,86 : 287.61"
"14,87 : 843.71"
"14,88 : 782.94"
"14,89 : 762.44"
"14,90 : 761.61"
"14,91 : 336.86"
"14,92 : 456.27"
"14,93 : 685.02"
"14,94 : 491.08"
"14,95 : 810.33"
"14,96 : 877.71"
"14,97 : 896.69"
"14,98 : 492.74"
"14,99 : 952.11"
"15,0 : 263.97"
"15,1 : 360.14"
"15,2 : 484.28"
"15,3 : 496.4"
"15,4 : 489.24"
"15,5 : 562.54"
"15,6 : 89.2"
"15,7 : 424.38"
"15,8 : 141.16"
"15,9 : 101.24"
"15,10 : 473.57"
"15,11 : 328.34"
"15,12 : 657.85"
"15,13 : 391.52"
"15,14 : 544.61"
"15,15 : 0.0"
"15,16 : 434.12"
"15,17 : 265.71"
"15,18 : 285.83"
"15,19 : 215.61"
"15,20 : 524.96"
"15,21 : 441.4"
"15,22 : 486.41"
"15,23 : 387.57"
"15,24 : 655.81"
"15,25 : 414.41"
"15,26 : 531.83"
"15,27 : 565.98"
"15,28 : 294.77"
"15,29 : 201.78"
"15,30 : 221.68"
"15,31 : 487.8"
"15,32 : 538.93"
"15,33 : 334.9"
"15,34 : 586.14"
"15,35 : 570.31"
"15,36 : 319.0"
"15,37 : 591.0"
"15,38 : 407.28"
"15,39 : 528.39"
"15,40 : 433.53"
"15,41 : 318.52"
"15,42 : 719.18"
"15,43 : 447.76"
"15,44 : 519.39"
"15,45 : 347.61"
"15,46 : 402.0"
"15,47 : 257.84"
"15,48 : 468.72"
"15,49 : 409.06"
"15,50 : 115.8"
"15,51 : 256.53"
"15,52 : 396.79"
"15,53 : 166.64"
"15,54 : 218.0"
"15,55 : 176.39"
"15,56 : 464.04"
"15,57 : 528.09"
"15,58 : 438.12"
"15,59 : 414.48"
"15,60 : 217.94"
"15,61 : 554.5"
"15,62 : 297.58"
"15,63 : 408.68"
"15,64 : 553.01"
"15,65 : 593.67"
"15,66 : 197.04"
"15,67 : 316.48"
"15,68 : 487.08"
"15,69 : 451.52"
"15,70 : 511.28"
"15,71 : 600.38"
"15,72 : 217.08"
"15,73 : 557.44"
"15,74 : 509.17"
"15,75 : 181.4"
"15,76 : 393.57"
"15,77 : 617.4"
"15,78 : 125.94"
"15,79 : 325.15"
"15,80 : 258.65"
"15,81 : 476.24"
"15,82 : 68.51"
"15,83 : 529.28"
"15,84 : 514.14"
"15,85 : 576.2"
"15,86 : 257.0"
"15,87 : 696.21"
"15,88 : 338.85"
"15,89 : 268.63"
"15,90 : 222.25"
"15,91 : 377.01"
"15,92 : 588.77"
"15,93 : 557.47"
"15,94 : 219.15"
"15,95 : 586.28"
"15,96 : 461.09"
"15,97 : 354.27"
"15,98 : 303.21"
"15,99 : 415.12"
"16,0 : 185.33"
"16,1 : 794.25"
"16,2 : 421.93"
"16,3 : 348.54"
"16,4 : 537.74"
"16,5 : 497.82"
"16,6 : 504.88"
"16,7 : 754.9"
"16,8 : 567.73"
"16,9 : 436.59"
"16,10 : 513.04"
"16,11 : 641.75"
"16,12 : 969.7"
"16,13 : 124.91"
"16,14 : 924.76"
"16,15 : 434.12"
"16,16 : 0.0"
"16,17 : 229.34"
"16,18 : 685.44"
"16,19 : 557.58"
"16,20 : 407.46"
"16,21 : 778.62"
"16,22 : 869.43"
"16,23 : 275.48"
"16,24 : 513.34"
"16,25 : 73.16"
"16,26 : 887.33"
"16,27 : 405.73"
"16,28 : 179.11"
"16,29 : 389.53"
"16,30 : 646.88"
"16,31 : 566.17"
"16,32 : 900.25"
"16,33 : 115.41"
"16,34 : 810.02"
"16,35 : 597.48"
"16,36 : 703.72"
"16,37 : 282.72"
"16,38 : 839.65"
"16,39 : 833.48"
"16,40 : 800.75"
"16,41 : 674.41"
"16,42 : 542.67"
"16,43 : 124.0"
"16,44 : 644.11"
"16,45 : 265.28"
"16,46 : 746.42"
"16,47 : 195.58"
"16,48 : 902.72"
"16,49 : 761.65"
"16,50 : 509.8"
"16,51 : 543.37"
"16,52 : 649.25"
"16,53 : 316.95"
"16,54 : 230.93"
"16,55 : 339.67"
"16,56 : 183.39"
"16,57 : 785.59"
"16,58 : 555.34"
"16,59 : 148.95"
"16,60 : 515.21"
"16,61 : 483.62"
"16,62 : 171.83"
"16,63 : 236.43"
"16,64 : 334.0"
"16,65 : 414.0"
"16,66 : 484.45"
"16,67 : 609.16"
"16,68 : 546.96"
"16,69 : 378.22"
"16,70 : 592.71"
"16,71 : 392.15"
"16,72 : 610.17"
"16,73 : 319.4"
"16,74 : 305.59"
"16,75 : 485.18"
"16,76 : 790.32"
"16,77 : 991.07"
"16,78 : 404.68"
"16,79 : 736.24"
"16,80 : 685.63"
"16,81 : 161.01"
"16,82 : 398.78"
"16,83 : 853.87"
"16,84 : 403.4"
"16,85 : 357.95"
"16,86 : 655.24"
"16,87 : 584.74"
"16,88 : 575.21"
"16,89 : 477.21"
"16,90 : 349.91"
"16,91 : 811.1"
"16,92 : 756.87"
"16,93 : 937.4"
"16,94 : 638.55"
"16,95 : 453.13"
"16,96 : 159.08"
"16,97 : 320.73"
"16,98 : 719.96"
"16,99 : 379.77"
"17,0 : 176.64"
"17,1 : 609.9"
"17,2 : 278.6"
"17,3 : 254.06"
"17,4 : 352.65"
"17,5 : 364.45"
"17,6 : 352.78"
"17,7 : 526.02"
"17,8 : 406.53"
"17,9 : 229.16"
"17,10 : 329.2"
"17,11 : 412.98"
"17,12 : 740.81"
"17,13 : 138.09"
"17,14 : 699.7"
"17,15 : 265.71"
"17,16 : 229.34"
"17,17 : 0.0"
"17,18 : 549.47"
"17,19 : 334.62"
"17,20 : 297.93"
"17,21 : 549.95"
"17,22 : 748.4"
"17,23 : 139.53"
"17,24 : 429.71"
"17,25 : 178.04"
"17,26 : 786.45"
"17,27 : 326.53"
"17,28 : 50.25"
"17,29 : 161.19"
"17,30 : 448.15"
"17,31 : 372.26"
"17,32 : 795.51"
"17,33 : 193.99"
"17,34 : 589.37"
"17,35 : 426.3"
"17,36 : 483.53"
"17,37 : 325.3"
"17,38 : 645.11"
"17,39 : 604.39"
"17,40 : 574.92"
"17,41 : 568.35"
"17,42 : 484.0"
"17,43 : 309.59"
"17,44 : 440.51"
"17,45 : 333.05"
"17,46 : 649.9"
"17,47 : 183.7"
"17,48 : 718.82"
"17,49 : 660.31"
"17,50 : 305.58"
"17,51 : 314.76"
"17,52 : 421.52"
"17,53 : 106.1"
"17,54 : 67.23"
"17,55 : 118.27"
"17,56 : 199.32"
"17,57 : 559.64"
"17,58 : 348.01"
"17,59 : 153.39"
"17,60 : 430.46"
"17,61 : 352.48"
"17,62 : 57.69"
"17,63 : 354.19"
"17,64 : 295.98"
"17,65 : 564.61"
"17,66 : 400.2"
"17,67 : 536.2"
"17,68 : 358.24"
"17,69 : 235.15"
"17,70 : 399.77"
"17,71 : 554.5"
"17,72 : 477.55"
"17,73 : 297.07"
"17,74 : 456.03"
"17,75 : 392.47"
"17,76 : 571.45"
"17,77 : 878.2"
"17,78 : 191.09"
"17,79 : 524.6"
"17,80 : 487.0"
"17,81 : 349.52"
"17,82 : 208.08"
"17,83 : 624.54"
"17,84 : 518.38"
"17,85 : 521.98"
"17,86 : 441.09"
"17,87 : 485.57"
"17,88 : 529.65"
"17,89 : 433.36"
"17,90 : 314.65"
"17,91 : 625.04"
"17,92 : 546.54"
"17,93 : 819.33"
"17,94 : 484.85"
"17,95 : 358.77"
"17,96 : 199.15"
"17,97 : 376.26"
"17,98 : 568.89"
"17,99 : 450.54"
"18,0 : 500.6"
"18,1 : 212.56"
"18,2 : 761.33"
"18,3 : 780.91"
"18,4 : 742.63"
"18,5 : 834.7"
"18,6 : 197.04"
"18,7 : 525.19"
"18,8 : 153.67"
"18,9 : 361.2"
"18,10 : 731.4"
"18,11 : 479.77"
"18,12 : 728.46"
"18,13 : 667.26"
"18,14 : 545.23"
"18,15 : 285.83"
"18,16 : 685.44"
"18,17 : 549.47"
"18,18 : 0.0"
"18,19 : 393.52"
"18,20 : 806.23"
"18,21 : 529.44"
"18,22 : 201.0"
"18,23 : 673.28"
"18,24 : 934.85"
"18,25 : 681.69"
"18,26 : 255.89"
"18,27 : 849.42"
"18,28 : 573.19"
"18,29 : 474.22"
"18,30 : 246.52"
"18,31 : 732.17"
"18,32 : 259.62"
"18,33 : 573.17"
"18,34 : 743.3"
"18,35 : 820.75"
"18,36 : 384.29"
"18,37 : 874.14"
"18,38 : 282.07"
"18,39 : 629.68"
"18,40 : 483.71"
"18,41 : 94.81"
"18,42 : 1000.25"
"18,43 : 661.82"
"18,44 : 741.58"
"18,45 : 506.95"
"18,46 : 154.08"
"18,47 : 490.9"
"18,48 : 284.19"
"18,49 : 150.1"
"18,50 : 310.6"
"18,51 : 459.79"
"18,52 : 574.89"
"18,53 : 452.47"
"18,54 : 495.37"
"18,55 : 460.32"
"18,56 : 745.2"
"18,57 : 671.32"
"18,58 : 676.65"
"18,59 : 693.41"
"18,60 : 201.22"
"18,61 : 828.19"
"18,62 : 574.78"
"18,63 : 577.12"
"18,64 : 838.83"
"18,65 : 699.54"
"18,66 : 223.09"
"18,67 : 188.9"
"18,68 : 737.41"
"18,69 : 732.07"
"18,70 : 751.37"
"18,71 : 720.09"
"18,72 : 75.29"
"18,73 : 843.2"
"18,74 : 652.14"
"18,75 : 214.08"
"18,76 : 404.34"
"18,77 : 332.42"
"18,78 : 398.43"
"18,79 : 330.07"
"18,80 : 246.08"
"18,81 : 678.46"
"18,82 : 351.45"
"18,83 : 609.81"
"18,84 : 605.83"
"18,85 : 707.23"
"18,86 : 330.67"
"18,87 : 969.33"
"18,88 : 259.56"
"18,89 : 284.6"
"18,90 : 363.0"
"18,91 : 228.88"
"18,92 : 779.54"
"18,93 : 271.97"
"18,94 : 81.15"
"18,95 : 866.69"
"18,96 : 739.84"
"18,97 : 481.2"
"18,98 : 59.55"
"18,99 : 506.05"
"19,0 : 428.62"
"19,1 : 337.42"
"19,2 : 418.63"
"19,3 : 470.89"
"19,4 : 362.66"
"19,5 : 475.64"
"19,6 : 256.32"
"19,7 : 214.31"
"19,8 : 252.87"
"19,9 : 136.52"
"19,10 : 356.39"
"19,11 : 112.73"
"19,12 : 447.11"
"19,13 : 471.17"
"19,14 : 367.31"
"19,15 : 215.61"
"19,16 : 557.58"
"19,17 : 334.62"
"19,18 : 393.52"
"19,19 : 0.0"
"19,20 : 474.95"
"19,21 : 234.29"
"19,22 : 579.28"
"19,23 : 392.73"
"19,24 : 588.26"
"19,25 : 512.53"
"19,26 : 646.88"
"19,27 : 526.27"
"19,28 : 382.5"
"19,29 : 177.41"
"19,30 : 171.17"
"19,31 : 345.85"
"19,32 : 648.09"
"19,33 : 486.72"
"19,34 : 375.49"
"19,35 : 436.0"
"19,36 : 149.66"
"19,37 : 618.73"
"19,38 : 347.96"
"19,39 : 314.59"
"19,40 : 244.2"
"19,41 : 464.21"
"19,42 : 658.22"
"19,43 : 609.18"
"19,44 : 348.18"
"19,45 : 546.98"
"19,46 : 542.12"
"19,47 : 426.81"
"19,48 : 436.14"
"19,49 : 541.85"
"19,50 : 104.56"
"19,51 : 68.24"
"19,52 : 190.04"
"19,53 : 241.23"
"19,54 : 329.07"
"19,55 : 218.29"
"19,56 : 514.0"
"19,57 : 313.79"
"19,58 : 288.78"
"19,59 : 480.02"
"19,60 : 415.8"
"19,61 : 472.67"
"19,62 : 388.89"
"19,63 : 600.17"
"19,64 : 545.73"
"19,65 : 797.83"
"19,66 : 401.76"
"19,67 : 499.02"
"19,68 : 355.05"
"19,69 : 404.03"
"19,70 : 362.31"
"19,71 : 800.57"
"19,72 : 353.48"
"19,73 : 558.32"
"19,74 : 705.09"
"19,75 : 384.42"
"19,76 : 237.93"
"19,77 : 707.02"
"19,78 : 156.28"
"19,79 : 202.3"
"19,80 : 200.68"
"19,81 : 644.17"
"19,82 : 189.59"
"19,83 : 319.81"
"19,84 : 723.4"
"19,85 : 773.61"
"19,86 : 119.87"
"19,87 : 606.97"
"19,88 : 537.32"
"19,89 : 479.68"
"19,90 : 435.13"
"19,91 : 347.03"
"19,92 : 392.56"
"19,93 : 645.89"
"19,94 : 312.46"
"19,95 : 528.14"
"19,96 : 521.65"
"19,97 : 562.22"
"19,98 : 376.3"
"19,99 : 627.09"
"20,0 : 462.13"
"20,1 : 808.62"
"20,2 : 61.2"
"20,3 : 59.14"
"20,4 : 194.8"
"20,5 : 93.81"
"20,6 : 613.37"
"20,7 : 576.63"
"20,8 : 653.37"
"20,9 : 446.48"
"20,10 : 176.59"
"20,11 : 486.15"
"20,12 : 726.1"
"20,13 : 288.65"
"20,14 : 771.75"
"20,15 : 524.96"
"20,16 : 407.46"
"20,17 : 297.93"
"20,18 : 806.23"
"20,19 : 474.95"
"20,20 : 0.0"
"20,21 : 601.25"
"20,22 : 1006.94"
"20,23 : 160.33"
"20,24 : 132.88"
"20,25 : 335.05"
"20,26 : 1056.56"
"20,27 : 53.6"
"20,28 : 312.07"
"20,29 : 333.59"
"20,30 : 638.35"
"20,31 : 233.73"
"20,32 : 1063.15"
"20,33 : 449.0"
"20,34 : 515.46"
"20,35 : 217.15"
"20,36 : 607.49"
"20,37 : 225.49"
"20,38 : 822.9"
"20,39 : 607.9"
"20,40 : 654.32"
"20,41 : 842.94"
"20,42 : 194.26"
"20,43 : 528.36"
"20,44 : 316.84"
"20,45 : 613.38"
"20,46 : 926.27"
"20,47 : 471.37"
"20,48 : 910.48"
"20,49 : 933.92"
"20,50 : 509.66"
"20,51 : 416.52"
"20,52 : 430.46"
"20,53 : 363.89"
"20,54 : 365.07"
"20,55 : 348.74"
"20,56 : 229.54"
"20,57 : 525.76"
"20,58 : 262.39"
"20,59 : 259.27"
"20,60 : 719.31"
"20,61 : 79.61"
"20,62 : 317.13"
"20,63 : 616.21"
"20,64 : 116.28"
"20,65 : 815.28"
"20,66 : 690.4"
"20,67 : 825.08"
"20,68 : 208.73"
"20,69 : 74.33"
"20,70 : 251.08"
"20,71 : 796.68"
"20,72 : 741.29"
"20,73 : 138.68"
"20,74 : 704.67"
"20,75 : 680.52"
"20,76 : 689.41"
"20,77 : 1138.46"
"20,78 : 408.01"
"20,79 : 673.55"
"20,80 : 672.39"
"20,81 : 567.41"
"20,82 : 456.86"
"20,83 : 644.45"
"20,84 : 788.05"
"20,85 : 762.48"
"20,86 : 594.16"
"20,87 : 189.08"
"20,88 : 824.75"
"20,89 : 730.07"
"20,90 : 612.54"
"20,91 : 819.75"
"20,92 : 430.86"
"20,93 : 1077.63"
"20,94 : 731.35"
"20,95 : 61.91"
"20,96 : 254.4"
"20,97 : 662.48"
"20,98 : 811.61"
"20,99 : 735.04"
"21,0 : 661.66"
"21,1 : 375.23"
"21,2 : 540.05"
"21,3 : 618.01"
"21,4 : 429.14"
"21,5 : 565.62"
"21,6 : 458.44"
"21,7 : 25.18"
"21,8 : 429.75"
"21,9 : 370.79"
"21,10 : 436.8"
"21,11 : 136.97"
"21,12 : 216.98"
"21,13 : 679.56"
"21,14 : 170.7"
"21,15 : 441.4"
"21,16 : 778.62"
"21,17 : 549.95"
"21,18 : 529.44"
"21,19 : 234.29"
"21,20 : 601.25"
"21,21 : 0.0"
"21,22 : 672.89"
"21,23 : 571.54"
"21,24 : 683.23"
"21,25 : 726.09"
"21,26 : 754.39"
"21,27 : 654.75"
"21,28 : 599.89"
"21,29 : 389.1"
"21,30 : 287.31"
"21,31 : 395.3"
"21,32 : 749.82"
"21,33 : 716.95"
"21,34 : 238.38"
"21,35 : 473.66"
"21,36 : 145.99"
"21,37 : 789.48"
"21,38 : 340.15"
"21,39 : 100.24"
"21,40 : 70.09"
"21,41 : 618.33"
"21,42 : 752.78"
"21,43 : 839.82"
"21,44 : 345.01"
"21,45 : 780.71"
"21,46 : 682.85"
"21,47 : 660.3"
"21,48 : 429.94"
"21,49 : 676.14"
"21,50 : 325.6"
"21,51 : 235.26"
"21,52 : 172.0"
"21,53 : 468.31"
"21,54 : 556.2"
"21,55 : 441.32"
"21,56 : 705.39"
"21,57 : 163.48"
"21,58 : 347.11"
"21,59 : 681.62"
"21,60 : 616.0"
"21,61 : 568.59"
"21,62 : 606.98"
"21,63 : 834.46"
"21,64 : 698.06"
"21,65 : 1031.04"
"21,66 : 608.79"
"21,67 : 680.42"
"21,68 : 416.2"
"21,69 : 544.0"
"21,70 : 395.72"
"21,71 : 1034.5"
"21,72 : 518.03"
"21,73 : 715.4"
"21,74 : 939.31"
"21,75 : 590.9"
"21,76 : 151.21"
"21,77 : 784.2"
"21,78 : 388.21"
"21,79 : 205.41"
"21,80 : 283.45"
"21,81 : 875.84"
"21,82 : 423.59"
"21,83 : 88.32"
"21,84 : 954.65"
"21,85 : 1007.78"
"21,86 : 206.89"
"21,87 : 676.26"
"21,88 : 731.82"
"21,89 : 690.95"
"21,90 : 663.62"
"21,91 : 373.2"
"21,92 : 312.33"
"21,93 : 727.72"
"21,94 : 458.38"
"21,95 : 639.68"
"21,96 : 717.98"
"21,97 : 793.86"
"21,98 : 489.04"
"21,99 : 856.46"
"22,0 : 684.32"
"22,1 : 301.33"
"22,2 : 961.32"
"22,3 : 981.9"
"22,4 : 936.62"
"22,5 : 1033.39"
"22,6 : 397.32"
"22,7 : 674.45"
"22,8 : 353.66"
"22,9 : 561.16"
"22,10 : 926.73"
"22,11 : 651.48"
"22,12 : 848.02"
"22,13 : 861.92"
"22,14 : 642.81"
"22,15 : 486.41"
"22,16 : 869.43"
"22,17 : 748.4"
"22,18 : 201.0"
"22,19 : 579.28"
"22,20 : 1006.94"
"22,21 : 672.89"
"22,22 : 0.0"
"22,23 : 873.98"
"22,24 : 1135.05"
"22,25 : 872.51"
"22,26 : 87.1"
"22,27 : 1050.38"
"22,28 : 769.67"
"22,29 : 674.33"
"22,30 : 415.72"
"22,31 : 923.59"
"22,32 : 78.01"
"22,33 : 754.8"
"22,34 : 902.72"
"22,35 : 1013.16"
"22,36 : 536.74"
"22,37 : 1071.97"
"22,38 : 355.35"
"22,39 : 770.78"
"22,40 : 615.13"
"22,41 : 196.73"
"22,42 : 1200.83"
"22,43 : 830.7"
"22,44 : 925.73"
"22,45 : 662.38"
"22,46 : 144.13"
"22,47 : 673.89"
"22,48 : 300.1"
"22,49 : 123.58"
"22,50 : 506.2"
"22,51 : 647.21"
"22,52 : 749.47"
"22,53 : 653.01"
"22,54 : 692.11"
"22,55 : 661.31"
"22,56 : 942.14"
"22,57 : 828.09"
"22,58 : 867.1"
"22,59 : 889.41"
"22,60 : 357.84"
"22,61 : 1027.28"
"22,62 : 770.75"
"22,63 : 730.87"
"22,64 : 1039.36"
"22,65 : 814.33"
"22,66 : 387.16"
"22,67 : 286.09"
"22,68 : 930.55"
"22,69 : 932.72"
"22,70 : 941.23"
"22,71 : 840.92"
"22,72 : 270.86"
"22,73 : 1043.35"
"22,74 : 789.16"
"22,75 : 384.63"
"22,76 : 528.92"
"22,77 : 131.53"
"22,78 : 598.97"
"22,79 : 467.79"
"22,80 : 400.98"
"22,81 : 841.54"
"22,82 : 552.42"
"22,83 : 742.76"
"22,84 : 720.61"
"22,85 : 834.78"
"22,86 : 495.7"
"22,87 : 1167.98"
"22,88 : 351.04"
"22,89 : 420.52"
"22,90 : 528.79"
"22,91 : 308.01"
"22,92 : 951.37"
"22,93 : 71.06"
"22,94 : 276.7"
"22,95 : 1067.22"
"22,96 : 935.53"
"22,97 : 625.79"
"22,98 : 203.06"
"22,99 : 631.18"
"23,0 : 302.4"
"23,1 : 706.21"
"23,2 : 152.9"
"23,3 : 114.61"
"23,4 : 262.67"
"23,5 : 236.3"
"23,6 : 476.71"
"23,7 : 546.42"
"23,8 : 524.16"
"23,9 : 325.58"
"23,10 : 237.99"
"23,11 : 439.63"
"23,12 : 735.71"
"23,13 : 150.59"
"23,14 : 735.36"
"23,15 : 387.57"
"23,16 : 275.48"
"23,17 : 139.53"
"23,18 : 673.28"
"23,19 : 392.73"
"23,20 : 160.33"
"23,21 : 571.54"
"23,22 : 873.98"
"23,23 : 0.0"
"23,24 : 290.74"
"23,25 : 203.32"
"23,26 : 917.13"
"23,27 : 187.07"
"23,28 : 152.19"
"23,29 : 222.04"
"23,30 : 537.34"
"23,31 : 292.7"
"23,32 : 925.17"
"23,33 : 295.08"
"23,34 : 552.33"
"23,35 : 322.89"
"23,36 : 539.48"
"23,37 : 226.0"
"23,38 : 731.6"
"23,39 : 604.46"
"23,40 : 611.22"
"23,41 : 700.32"
"23,42 : 344.54"
"23,43 : 387.64"
"23,44 : 373.42"
"23,45 : 455.32"
"23,46 : 782.86"
"23,47 : 311.42"
"23,48 : 812.93"
"23,49 : 792.14"
"23,50 : 397.86"
"23,51 : 350.01"
"23,52 : 415.87"
"23,53 : 221.07"
"23,54 : 206.67"
"23,55 : 214.68"
"23,56 : 136.97"
"23,57 : 540.26"
"23,58 : 289.25"
"23,59 : 132.38"
"23,60 : 567.89"
"23,61 : 223.08"
"23,62 : 157.62"
"23,63 : 463.04"
"23,64 : 165.89"
"23,65 : 667.42"
"23,66 : 538.07"
"23,67 : 673.82"
"23,68 : 272.41"
"23,69 : 107.52"
"23,70 : 318.64"
"23,71 : 651.76"
"23,72 : 604.16"
"23,73 : 172.65"
"23,74 : 556.65"
"23,75 : 529.51"
"23,76 : 626.87"
"23,77 : 1004.93"
"23,78 : 284.9"
"23,79 : 594.47"
"23,80 : 574.59"
"23,81 : 428.05"
"23,82 : 322.41"
"23,83 : 633.13"
"23,84 : 633.67"
"23,85 : 617.89"
"23,86 : 510.72"
"23,87 : 349.29"
"23,88 : 669.04"
"23,89 : 572.89"
"23,90 : 453.18"
"23,91 : 719.57"
"23,92 : 488.76"
"23,93 : 945.04"
"23,94 : 603.21"
"23,95 : 220.1"
"23,96 : 154.35"
"23,97 : 503.29"
"23,98 : 686.18"
"23,99 : 576.39"
"24,0 : 589.38"
