x,y
749,62
274,680
965,515
350,524
834,759
559,87
167,972
711,11
319,127
921,36
927,447
500,732
85,16
662,838
232,387
512,207
570,638
396,894
690,968
462,795
914,293
261,810
200,861
793,337
158,503
386,939
206,452
299,482
931,637
403,725
274,671
117,733
827,680
919,174
23,239
662,159
711,146
774,21
554,574
421,522
232,117
532,572
726,958
972,366
261,126
366,553
623,715
308,89
221,512
711,390
226,601
539,73
431,136
925,67
3,441
88,507
829,885
246,120
13,446
529,664
290,842
139,661
963,237
587,528
172,474
534,510
181,364
540,280
491,340
73,703
843,572
629,873
119,941
424,30
441,698
893,499
542,653
818,66
347,619
725,227
511,749
601,217
538,477
791,727
179,599
349,129
922,737
363,835
454,97
262,34
189,712
150,236
846,988
892,365
105,734
513,562
509,901
866,781
246,245
134,535

Distanze
"0,0 : 0.0"
"0,1 : 779.45"
"0,2 : 501.86"
"0,3 : 610.45"
"0,4 : 702.16"
"0,5 : 191.64"
"0,6 : 1080.2"
"0,7 : 63.6"
"0,8 : 434.89"
"0,9 : 173.95"
"0,10 : 424.16"
"0,11 : 714.77"
"0,12 : 665.59"
"0,13 : 780.86"
"0,14 : 610.67"
"0,15 : 277.84"
"0,16 : 603.17"
"0,17 : 903.79"
"0,18 : 907.92"
"0,19 : 787.18"
"0,20 : 283.88"
"0,21 : 893.11"
"0,22 : 969.43"
"0,23 : 278.5"
"0,24 : 737.4"
"0,25 : 949.16"
"0,26 : 668.54"
"0,27 : 615.55"
"0,28 : 603.12"
"0,29 : 747.85"
"0,30 : 772.34"
"0,31 : 921.77"
"0,32 : 622.9"
"0,33 : 203.58"
"0,34 : 747.27"
"0,35 : 130.3"
"0,36 : 92.2"
"0,37 : 48.02"
"0,38 : 547.88"
"0,39 : 564.96"
"0,40 : 519.92"
"0,41 : 554.25"
"0,42 : 896.3"
"0,43 : 377.02"
"0,44 : 492.18"
"0,45 : 622.71"
"0,46 : 665.05"
"0,47 : 441.83"
"0,48 : 693.75"
"0,49 : 330.19"
"0,50 : 751.03"
"0,51 : 210.29"
"0,52 : 326.5"
"0,53 : 176.07"
"0,54 : 836.75"
"0,55 : 796.83"
"0,56 : 826.88"
"0,57 : 506.33"
"0,58 : 830.15"
"0,59 : 640.94"
"0,60 : 905.03"
"0,61 : 854.93"
"0,62 : 276.44"
"0,63 : 493.36"
"0,64 : 708.99"
"0,65 : 496.92"
"0,66 : 643.29"
"0,67 : 302.0"
"0,68 : 379.27"
"0,69 : 931.59"
"0,70 : 518.59"
"0,71 : 819.83"
"0,72 : 1081.45"
"0,73 : 326.57"
"0,74 : 706.65"
"0,75 : 460.11"
"0,76 : 626.2"
"0,77 : 69.12"
"0,78 : 686.92"
"0,79 : 166.74"
"0,80 : 727.06"
"0,81 : 214.31"
"0,82 : 465.56"
"0,83 : 666.32"
"0,84 : 783.11"
"0,85 : 405.57"
"0,86 : 696.82"
"0,87 : 864.02"
"0,88 : 297.07"
"0,89 : 487.8"
"0,90 : 857.96"
"0,91 : 623.76"
"0,92 : 931.07"
"0,93 : 335.05"
"0,94 : 930.76"
"0,95 : 552.9"
"0,96 : 872.65"
"0,97 : 728.46"
"0,98 : 535.26"
"0,99 : 775.86"
"1,0 : 779.45"
"1,1 : 0.0"
"1,2 : 710.43"
"1,3 : 173.53"
"1,4 : 565.54"
"1,5 : 657.93"
"1,6 : 310.99"
"1,7 : 799.08"
"1,8 : 554.83"
"1,9 : 912.88"
"1,10 : 693.32"
"1,11 : 231.91"
"1,12 : 690.37"
"1,13 : 418.94"
"1,14 : 295.99"
"1,15 : 529.5"
"1,16 : 298.96"
"1,17 : 246.33"
"1,18 : 505.96"
"1,19 : 220.38"
"1,20 : 747.91"
"1,21 : 130.65"
"1,22 : 195.54"
"1,23 : 622.1"
"1,24 : 211.62"
"1,25 : 282.18"
"1,26 : 237.92"
"1,27 : 199.57"
"1,28 : 658.41"
"1,29 : 136.62"
"1,30 : 9.0"
"1,31 : 165.7"
"1,32 : 553.0"
"1,33 : 819.79"
"1,34 : 507.43"
"1,35 : 649.6"
"1,36 : 690.02"
"1,37 : 827.21"
"1,38 : 299.39"
"1,39 : 215.81"
"1,40 : 564.56"
"1,41 : 279.69"
"1,42 : 530.65"
"1,43 : 765.38"
"1,44 : 554.15"
"1,45 : 156.82"
"1,46 : 350.75"
"1,47 : 591.98"
"1,48 : 176.16"
"1,49 : 524.47"
"1,50 : 92.44"
"1,51 : 662.32"
"1,52 : 566.2"
"1,53 : 894.19"
"1,54 : 361.33"
"1,55 : 254.02"
"1,56 : 591.65"
"1,57 : 560.7"
"1,58 : 350.54"
"1,59 : 255.5"
"1,60 : 162.79"
"1,61 : 136.33"
"1,62 : 819.13"
"1,63 : 347.96"
"1,64 : 229.87"
"1,65 : 310.64"
"1,66 : 329.4"
"1,67 : 480.37"
"1,68 : 403.35"
"1,69 : 202.31"
"1,70 : 579.16"
"1,71 : 404.07"
"1,72 : 303.56"
"1,73 : 667.08"
"1,74 : 167.97"
"1,75 : 644.92"
"1,76 : 269.36"
"1,77 : 820.32"
"1,78 : 95.13"
"1,79 : 639.23"
"1,80 : 246.84"
"1,81 : 566.83"
"1,82 : 333.02"
"1,83 : 519.13"
"1,84 : 124.84"
"1,85 : 556.08"
"1,86 : 650.5"
"1,87 : 178.73"
"1,88 : 610.15"
"1,89 : 646.11"
"1,90 : 90.82"
"1,91 : 460.99"
"1,92 : 649.65"
"1,93 : 693.65"
"1,94 : 177.42"
"1,95 : 266.54"
"1,96 : 322.59"
"1,97 : 600.55"
"1,98 : 435.9"
"1,99 : 201.56"
"2,0 : 501.86"
"2,1 : 710.43"
"2,2 : 0.0"
"2,3 : 615.07"
"2,4 : 276.94"
"2,5 : 589.93"
"2,6 : 919.59"
"2,7 : 564.39"
"2,8 : 753.56"
"2,9 : 481.02"
"2,10 : 77.9"
"2,11 : 513.14"
"2,12 : 1011.63"
"2,13 : 442.87"
"2,14 : 744.09"
"2,15 : 547.79"
"2,16 : 413.71"
"2,17 : 683.67"
"2,18 : 529.94"
"2,19 : 575.68"
"2,20 : 227.78"
"2,21 : 763.31"
"2,22 : 839.61"
"2,23 : 247.52"
"2,24 : 807.09"
"2,25 : 717.65"
"2,26 : 761.61"
"2,27 : 666.82"
"2,28 : 126.65"
"2,29 : 599.95"
"2,30 : 708.39"
"2,31 : 875.57"
"2,32 : 215.1"
"2,33 : 344.09"
"2,34 : 981.6"
"2,35 : 467.49"
"2,36 : 447.97"
"2,37 : 529.64"
"2,38 : 415.21"
"2,39 : 544.05"
"2,40 : 834.08"
"2,41 : 436.74"
"2,42 : 503.36"
"2,43 : 149.16"
"2,44 : 804.32"
"2,45 : 600.2"
"2,46 : 396.19"
"2,47 : 783.02"
"2,48 : 744.01"
"2,49 : 283.09"
"2,50 : 743.99"
"2,51 : 613.87"
"2,52 : 654.83"
"2,53 : 449.78"
"2,54 : 964.84"
"2,55 : 877.04"
"2,56 : 394.2"
"2,57 : 820.36"
"2,58 : 954.5"
"2,59 : 460.76"
"2,60 : 750.04"
"2,61 : 838.8"
"2,62 : 278.01"
"2,63 : 378.22"
"2,64 : 794.06"
"2,65 : 431.03"
"2,66 : 798.41"
"2,67 : 485.64"
"2,68 : 505.27"
"2,69 : 911.6"
"2,70 : 134.66"
"2,71 : 490.98"
"2,72 : 947.2"
"2,73 : 726.57"
"2,74 : 555.04"
"2,75 : 73.76"
"2,76 : 444.94"
"2,77 : 472.45"
"2,78 : 626.69"
"2,79 : 374.89"
"2,80 : 510.76"
"2,81 : 470.43"
"2,82 : 428.69"
"2,83 : 274.26"
"2,84 : 790.48"
"2,85 : 726.95"
"2,86 : 226.13"
"2,87 : 681.77"
"2,88 : 660.19"
"2,89 : 851.8"
"2,90 : 800.62"
"2,91 : 861.43"
"2,92 : 487.74"
"2,93 : 166.82"
"2,94 : 887.45"
"2,95 : 454.44"
"2,96 : 597.44"
"2,97 : 283.83"
"2,98 : 768.02"
"2,99 : 831.24"
"3,0 : 610.45"
"3,1 : 173.53"
"3,2 : 615.07"
"3,3 : 0.0"
"3,4 : 538.03"
"3,5 : 484.41"
"3,6 : 483.93"
"3,7 : 627.29"
"3,8 : 398.21"
"3,9 : 751.12"
"3,10 : 582.12"
"3,11 : 256.44"
"3,12 : 572.97"
"3,13 : 442.65"
"3,14 : 180.81"
"3,15 : 356.0"
"3,16 : 247.78"
"3,17 : 372.85"
"3,18 : 559.23"
"3,19 : 293.23"
"3,20 : 609.47"
"3,21 : 299.53"
"3,22 : 368.88"
"3,23 : 480.85"
"3,24 : 193.15"
"3,25 : 416.56"
"3,26 : 161.0"
"3,27 : 66.07"
"3,28 : 591.89"
"3,29 : 207.87"
"3,30 : 165.48"
"3,31 : 313.0"
"3,32 : 501.86"
"3,33 : 668.03"
"3,34 : 433.77"
"3,35 : 480.18"
"3,36 : 522.69"
"3,37 : 657.86"
"3,38 : 210.04"
"3,39 : 71.03"
"3,40 : 423.76"
"3,41 : 188.22"
"3,42 : 574.22"
"3,43 : 641.75"
"3,44 : 407.83"
"3,45 : 33.12"
"3,46 : 333.18"
"3,47 : 437.02"
"3,48 : 129.56"
"3,49 : 385.07"
"3,50 : 145.96"
"3,51 : 489.0"
"3,52 : 396.36"
"3,53 : 734.49"
"3,54 : 356.79"
"3,55 : 262.55"
"3,56 : 599.8"
"3,57 : 417.17"
"3,58 : 345.91"
"3,59 : 227.25"
"3,60 : 323.61"
"3,61 : 251.58"
"3,62 : 676.86"
"3,63 : 237.03"
"3,64 : 184.89"
"3,65 : 184.53"
"3,66 : 232.73"
"3,67 : 309.25"
"3,68 : 231.81"
"3,69 : 329.8"
"3,70 : 495.33"
"3,71 : 446.81"
"3,72 : 476.71"
"3,73 : 499.51"
"3,74 : 196.36"
"3,75 : 543.58"
"3,76 : 231.31"
"3,77 : 654.82"
"3,78 : 95.05"
"3,79 : 478.37"
"3,80 : 276.67"
"3,81 : 396.55"
"3,82 : 193.79"
"3,83 : 485.48"
"3,84 : 186.72"
"3,85 : 395.0"
"3,86 : 610.37"
"3,87 : 311.27"
"3,88 : 439.48"
"3,89 : 497.84"
"3,90 : 247.52"
"3,91 : 350.63"
"3,92 : 679.2"
"3,93 : 564.84"
"3,94 : 322.68"
"3,95 : 167.37"
"3,96 : 409.16"
"3,97 : 576.46"
"3,98 : 297.75"
"3,99 : 216.28"
"4,0 : 702.16"
"4,1 : 565.54"
"4,2 : 276.94"
"4,3 : 538.03"
"4,4 : 0.0"
"4,5 : 726.09"
"4,6 : 700.18"
"4,7 : 758.05"
"4,8 : 815.26"
"4,9 : 728.22"
"4,10 : 325.57"
"4,11 : 335.09"
"4,12 : 1055.01"
"4,13 : 189.27"
"4,14 : 707.66"
"4,15 : 639.05"
"4,16 : 290.41"
"4,17 : 458.33"
"4,18 : 253.81"
"4,19 : 373.74"
"4,20 : 472.82"
"4,21 : 575.27"
"4,22 : 642.15"
"4,23 : 423.99"
"4,24 : 722.85"
"4,25 : 482.81"
"4,26 : 699.02"
"4,27 : 602.46"
"4,28 : 155.86"
"4,29 : 432.34"
"4,30 : 566.87"
"4,31 : 717.47"
"4,32 : 79.31"
"4,33 : 591.14"
"4,34 : 963.39"
"4,35 : 624.17"
"4,36 : 625.22"
"4,37 : 740.44"
"4,38 : 335.6"
"4,39 : 476.17"
"4,40 : 880.1"
"4,41 : 355.21"
"4,42 : 226.42"
"4,43 : 416.52"
"4,44 : 853.83"
"4,45 : 511.33"
"4,46 : 215.54"
"4,47 : 851.81"
"4,48 : 660.89"
"4,49 : 388.96"
"4,50 : 628.19"
"4,51 : 746.74"
"4,52 : 741.98"
"4,53 : 697.96"
"4,54 : 889.77"
"4,55 : 787.41"
"4,56 : 126.1"
"4,57 : 868.37"
"4,58 : 878.64"
"4,59 : 319.45"
"4,60 : 550.3"
"4,61 : 701.88"
"4,62 : 537.7"
"4,63 : 338.19"
"4,64 : 720.74"
"4,65 : 389.87"
"4,66 : 763.17"
"4,67 : 562.03"
"4,68 : 541.49"
"4,69 : 763.06"
"4,70 : 187.22"
"4,71 : 234.57"
"4,72 : 737.8"
"4,73 : 836.39"
"4,74 : 397.71"
"4,75 : 266.61"
"4,76 : 310.64"
"4,77 : 693.18"
"4,78 : 506.72"
"4,79 : 543.05"
"4,80 : 323.15"
"4,81 : 589.96"
"4,82 : 408.83"
"4,83 : 53.6"
"4,84 : 674.26"
"4,85 : 795.06"
"4,86 : 90.71"
"4,87 : 477.09"
"4,88 : 763.31"
"4,89 : 923.48"
"4,90 : 646.71"
"4,91 : 861.04"
"4,92 : 229.31"
"4,93 : 398.25"
"4,94 : 729.43"
"4,95 : 376.63"
"4,96 : 354.67"
"4,97 : 38.83"
"4,98 : 780.99"
"4,99 : 734.97"
"5,0 : 191.64"
"5,1 : 657.93"
"5,2 : 589.93"
"5,3 : 484.41"
"5,4 : 726.09"
"5,5 : 0.0"
"5,6 : 967.93"
"5,7 : 169.94"
"5,8 : 243.31"
"5,9 : 365.57"
"5,10 : 514.8"
"5,11 : 647.69"
"5,12 : 479.29"
"5,13 : 758.03"
"5,14 : 443.77"
"5,15 : 128.88"
"5,16 : 551.11"
"5,17 : 823.3"
"5,18 : 890.69"
"5,19 : 714.61"
"5,20 : 410.44"
"5,21 : 782.01"
"5,22 : 853.2"
"5,23 : 342.43"
"5,24 : 577.8"
"5,25 : 869.39"
"5,26 : 507.77"
"5,27 : 472.89"
"5,28 : 663.99"
"5,29 : 656.8"
"5,30 : 649.83"
"5,31 : 782.74"
"5,32 : 650.75"
"5,33 : 370.36"
"5,34 : 557.14"
"5,35 : 125.67"
"5,36 : 163.05"
"5,37 : 224.9"
"5,38 : 487.03"
"5,39 : 456.36"
"5,40 : 328.37"
"5,41 : 485.75"
"5,42 : 886.87"
"5,43 : 498.41"
"5,44 : 300.54"
"5,45 : 504.39"
"5,46 : 631.25"
"5,47 : 251.01"
"5,48 : 543.02"
"5,49 : 338.99"
"5,50 : 612.44"
"5,51 : 24.41"
"5,52 : 137.06"
"5,53 : 366.55"
"5,54 : 659.13"
"5,55 : 631.06"
"5,56 : 842.44"
"5,57 : 314.73"
"5,58 : 653.45"
"5,59 : 577.78"
"5,60 : 801.49"
"5,61 : 711.25"
"5,62 : 430.95"
"5,63 : 441.89"
"5,64 : 547.3"
"5,65 : 423.74"
"5,66 : 468.63"
"5,67 : 193.93"
"5,68 : 261.98"
"5,69 : 784.63"
"5,70 : 562.03"
"5,71 : 789.11"
"5,72 : 960.69"
"5,73 : 146.54"
"5,74 : 622.29"
"5,75 : 530.38"
"5,76 : 566.26"
"5,77 : 259.85"
"5,78 : 572.68"
"5,79 : 217.15"
"5,80 : 663.74"
"5,81 : 136.62"
"5,82 : 390.56"
"5,83 : 680.75"
"5,84 : 637.61"
"5,85 : 214.16"
"5,86 : 744.49"
"5,87 : 773.25"
"5,88 : 105.48"
"5,89 : 301.69"
"5,90 : 726.31"
"5,91 : 435.3"
"5,92 : 945.61"
"5,93 : 433.79"
"5,94 : 790.4"
"5,95 : 477.22"
"5,96 : 815.53"
"5,97 : 758.87"
"5,98 : 350.62"
"5,99 : 617.52"
"6,0 : 1080.2"
"6,1 : 310.99"
"6,2 : 919.59"
"6,3 : 483.93"
"6,4 : 700.18"
"6,5 : 967.93"
"6,6 : 0.0"
"6,7 : 1104.29"
"6,8 : 858.56"
"6,9 : 1201.92"
"6,10 : 923.7"
"6,11 : 410.47"
"6,12 : 959.51"
"6,13 : 512.82"
"6,14 : 588.6"
"6,15 : 839.2"
"6,16 : 523.42"
"6,17 : 241.92"
"6,18 : 523.02"
"6,19 : 344.03"
"6,20 : 1009.48"
"6,21 : 187.3"
"6,22 : 115.8"
"6,23 : 891.68"
"6,24 : 469.09"
"6,25 : 221.47"
"6,26 : 521.46"
"6,27 : 507.47"
"6,28 : 834.22"
"6,29 : 341.62"
"6,30 : 319.45"
"6,31 : 244.17"
"6,32 : 721.71"
"6,33 : 1096.5"
"6,34 : 747.01"
"6,35 : 951.84"
"6,36 : 989.05"
"6,37 : 1128.21"
"6,38 : 555.13"
"6,39 : 516.74"
"6,40 : 857.47"
"6,41 : 541.5"
"6,42 : 559.18"
"6,43 : 1007.6"
"6,44 : 851.21"
"6,45 : 463.86"
"6,46 : 523.44"
"6,47 : 894.19"
"6,48 : 463.16"
"6,49 : 796.66"
"6,50 : 375.66"
"6,51 : 972.93"
"6,52 : 876.69"
"6,53 : 1180.5"
"6,54 : 555.75"
"6,55 : 471.66"
"6,56 : 667.69"
"6,57 : 855.65"
"6,58 : 548.08"
"6,59 : 475.3"
"6,60 : 178.97"
"6,61 : 312.26"
"6,62 : 1083.44"
"6,63 : 611.18"
"6,64 : 498.03"
"6,65 : 590.03"
"6,66 : 608.16"
"6,67 : 786.13"
"6,68 : 710.21"
"6,69 : 284.95"
"6,70 : 785.48"
"6,71 : 472.49"
"6,72 : 57.14"
"6,73 : 976.43"
"6,74 : 387.49"
"6,75 : 866.49"
"6,76 : 492.33"
"6,77 : 1115.63"
"6,78 : 396.24"
"6,79 : 930.8"
"6,80 : 409.96"
"6,81 : 870.85"
"6,82 : 618.6"
"6,83 : 670.37"
"6,84 : 373.19"
"6,85 : 862.42"
"6,86 : 790.73"
"6,87 : 239.13"
"6,88 : 920.87"
"6,89 : 942.8"
"6,90 : 260.93"
"6,91 : 736.2"
"6,92 : 679.19"
"6,93 : 945.55"
"6,94 : 245.94"
"6,95 : 536.48"
"6,96 : 349.29"
"6,97 : 724.63"
"6,98 : 731.28"
"6,99 : 438.24"
"7,0 : 63.6"
"7,1 : 799.08"
"7,2 : 564.39"
"7,3 : 627.29"
"7,4 : 758.05"
"7,5 : 169.94"
"7,6 : 1104.29"
"7,7 : 0.0"
"7,8 : 408.8"
"7,9 : 211.48"
"7,10 : 486.57"
"7,11 : 751.24"
"7,12 : 626.02"
"7,13 : 828.45"
"7,14 : 608.95"
"7,15 : 279.32"
"7,16 : 642.66"
"7,17 : 937.5"
"7,18 : 957.23"
"7,19 : 822.59"
"7,20 : 347.47"
"7,21 : 917.01"
"7,22 : 991.78"
"7,23 : 336.15"
"7,24 : 740.18"
"7,25 : 983.26"
"7,26 : 670.45"
"7,27 : 625.77"
"7,28 : 663.53"
"7,29 : 777.6"
"7,30 : 791.56"
"7,31 : 934.94"
"7,32 : 678.98"
"7,33 : 264.26"
"7,34 : 724.8"
"7,35 : 155.9"
"7,36 : 135.0"
"7,37 : 63.79"
"7,38 : 584.48"
"7,39 : 587.56"
"7,40 : 490.59"
"7,41 : 588.87"
"7,42 : 947.12"
"7,43 : 440.62"
"7,44 : 464.46"
"7,45 : 642.49"
"7,46 : 709.48"
"7,47 : 410.48"
"7,48 : 700.79"
"7,49 : 379.0"
"7,50 : 763.76"
"7,51 : 182.83"
"7,52 : 306.63"
"7,53 : 221.21"
"7,54 : 828.35"
"7,55 : 796.33"
"7,56 : 881.93"
"7,57 : 477.6"
"7,58 : 822.45"
"7,59 : 677.89"
"7,60 : 931.56"
"7,61 : 865.84"
"7,62 : 338.5"
"7,63 : 531.66"
"7,64 : 710.56"
"7,65 : 529.46"
"7,66 : 636.8"
"7,67 : 318.75"
"7,68 : 395.78"
"7,69 : 941.23"
"7,70 : 576.32"
"7,71 : 865.89"
"7,72 : 1102.44"
"7,73 : 287.63"
"7,74 : 738.15"
"7,75 : 520.83"
"7,76 : 663.87"
"7,77 : 120.31"
"7,78 : 708.63"
"7,79 : 216.45"
"7,80 : 764.62"
"7,81 : 233.53"
"7,82 : 497.08"
"7,83 : 720.46"
"7,84 : 792.95"
"7,85 : 380.75"
"7,86 : 756.04"
"7,87 : 894.47"
"7,88 : 271.01"
"7,89 : 449.59"
"7,90 : 874.01"
"7,91 : 604.44"
"7,92 : 986.28"
"7,93 : 397.59"
"7,94 : 943.38"
"7,95 : 585.5"
"7,96 : 912.64"
"7,97 : 785.45"
"7,98 : 520.56"
"7,99 : 779.43"
"8,0 : 434.89"
"8,1 : 554.83"
"8,2 : 753.56"
"8,3 : 398.21"
"8,4 : 815.26"
"8,5 : 243.31"
"8,6 : 858.56"
"8,7 : 408.8"
"8,8 : 0.0"
"8,9 : 608.84"
"8,10 : 687.07"
"8,11 : 631.5"
"8,12 : 258.99"
"8,13 : 789.41"
"8,14 : 274.17"
"8,15 : 208.92"
"8,16 : 569.32"
"8,17 : 770.86"
"8,18 : 919.2"
"8,19 : 683.13"
"8,20 : 617.72"
"8,21 : 685.46"
"8,22 : 743.58"
"8,23 : 518.44"
"8,24 : 409.02"
"8,25 : 814.76"
"8,26 : 344.08"
"8,27 : 355.56"
"8,28 : 796.65"
"8,29 : 603.87"
"8,30 : 545.86"
"8,31 : 638.78"
"8,32 : 750.91"
"8,33 : 601.84"
"8,34 : 316.48"
"8,35 : 344.49"
"8,36 : 392.46"
"8,37 : 467.18"
"8,38 : 505.01"
"8,39 : 407.96"
"8,40 : 87.57"
"8,41 : 493.35"
"8,42 : 925.32"
"8,43 : 695.36"
"8,44 : 58.01"
"8,45 : 428.58"
"8,46 : 661.94"
"8,47 : 39.56"
"8,48 : 397.28"
"8,49 : 472.05"
"8,50 : 483.04"
"8,51 : 226.53"
"8,52 : 112.36"
"8,53 : 608.96"
"8,54 : 445.48"
"8,55 : 444.7"
"8,56 : 913.6"
"8,57 : 73.33"
"8,58 : 442.04"
"8,59 : 576.6"
"8,60 : 715.59"
"8,61 : 563.52"
"8,62 : 653.33"
"8,63 : 482.31"
"8,64 : 376.85"
"8,65 : 439.22"
"8,66 : 274.25"
"8,67 : 268.79"
"8,68 : 273.78"
"8,69 : 626.33"
"8,70 : 687.46"
"8,71 : 807.85"
"8,72 : 838.21"
"8,73 : 142.95"
"8,74 : 583.89"
"8,75 : 684.0"
"8,76 : 571.32"
"8,77 : 502.71"
"8,78 : 492.8"
"8,79 : 418.13"
"8,80 : 650.96"
"8,81 : 296.01"
"8,82 : 412.87"
"8,83 : 763.4"
"8,84 : 492.33"
"8,85 : 30.07"
"8,86 : 857.73"
"8,87 : 709.37"
"8,88 : 138.29"
"8,89 : 109.08"
"8,90 : 599.27"
"8,91 : 201.1"
"8,92 : 1009.48"
"8,93 : 620.46"
"8,94 : 643.62"
"8,95 : 476.3"
"8,96 : 796.98"
"8,97 : 852.6"
"8,98 : 138.76"
"8,99 : 447.98"
"9,0 : 173.95"
"9,1 : 912.88"
"9,2 : 481.02"
"9,3 : 751.12"
"9,4 : 728.22"
"9,5 : 365.57"
"9,6 : 1201.92"
"9,7 : 211.48"
"9,8 : 608.84"
"9,9 : 0.0"
"9,10 : 411.04"
"9,11 : 813.42"
"9,12 : 836.24"
"9,13 : 842.78"
"9,14 : 773.25"
"9,15 : 443.31"
"9,16 : 696.85"
"9,17 : 1005.88"
"9,18 : 960.2"
"9,19 : 887.0"
"9,20 : 257.1"
"9,21 : 1017.19"
"9,22 : 1095.66"
"9,23 : 327.09"
"9,24 : 894.57"
"9,25 : 1049.59"
"9,26 : 827.21"
"9,27 : 765.38"
"9,28 : 601.08"
"9,29 : 862.0"
"9,30 : 906.55"
"9,31 : 1064.06"
"9,32 : 650.82"
"9,33 : 138.01"
"9,34 : 920.66"
"9,35 : 286.72"
"9,36 : 237.07"
"9,37 : 147.76"
"9,38 : 651.25"
"9,39 : 697.28"
"9,40 : 693.74"
"9,41 : 662.28"
"9,42 : 942.4"
"9,43 : 333.92"
"9,44 : 666.11"
"9,45 : 758.49"
"9,46 : 741.52"
"9,47 : 615.29"
"9,48 : 846.51"
"9,49 : 411.6"
"9,50 : 895.68"
"9,51 : 383.79"
"9,52 : 500.1"
"9,53 : 31.26"
"9,54 : 1003.37"
"9,55 : 956.94"
"9,56 : 853.97"
"9,57 : 680.21"
"9,58 : 996.28"
"9,59 : 740.3"
"9,60 : 1023.62"
"9,61 : 1001.07"
"9,62 : 205.34"
"9,63 : 594.66"
"9,64 : 867.67"
"9,65 : 611.92"
"9,66 : 809.43"
"9,67 : 452.43"
"9,68 : 526.61"
"9,69 : 1078.89"
"9,70 : 541.65"
"9,71 : 886.47"
"9,72 : 1209.23"
"9,73 : 497.04"
"9,74 : 817.71"
"9,75 : 463.85"
"9,76 : 724.11"
"9,77 : 107.28"
"9,78 : 818.15"
"9,79 : 273.67"
"9,80 : 822.48"
"9,81 : 367.64"
"9,82 : 584.1"
"9,83 : 703.12"
"9,84 : 931.41"
"9,85 : 579.51"
"9,86 : 701.0"
"9,87 : 974.56"
"9,88 : 470.97"
"9,89 : 659.0"
"9,90 : 996.39"
"9,91 : 796.52"
"9,92 : 954.95"
"9,93 : 330.28"
"9,94 : 1073.81"
"9,95 : 665.69"
"9,96 : 958.11"
"9,97 : 747.03"
"9,98 : 706.62"
"9,99 : 931.86"
"10,0 : 424.16"
"10,1 : 693.32"
"10,2 : 77.9"
"10,3 : 582.12"
"10,4 : 325.57"
"10,5 : 514.8"
"10,6 : 923.7"
"10,7 : 486.57"
"10,8 : 687.07"
"10,9 : 411.04"
"10,10 : 0.0"
"10,11 : 513.38"
"10,12 : 945.9"
"10,13 : 472.34"
"10,14 : 697.59"
"10,15 : 479.4"
"10,16 : 404.88"
"10,17 : 694.1"
"10,18 : 572.37"
"10,19 : 580.8"
"10,20 : 154.55"
"10,21 : 758.5"
"10,22 : 836.62"
"10,23 : 173.37"
"10,24 : 771.04"
"10,25 : 731.26"
"10,26 : 721.02"
"10,27 : 628.97"
"10,28 : 190.04"
"10,29 : 593.18"
"10,30 : 690.35"
"10,31 : 859.01"
"10,32 : 253.55"
"10,33 : 273.12"
"10,34 : 927.62"
"10,35 : 391.37"
"10,36 : 370.48"
"10,37 : 452.64"
"10,38 : 394.03"
"10,39 : 511.53"
"10,40 : 769.37"
"10,41 : 414.31"
"10,42 : 549.11"
"10,43 : 92.66"
"10,44 : 739.32"
"10,45 : 570.93"
"10,46 : 405.27"
"10,47 : 715.07"
"10,48 : 708.99"
"10,49 : 223.39"
"10,50 : 717.72"
"10,51 : 538.91"
"10,52 : 585.44"
"10,53 : 380.01"
"10,54 : 924.02"
"10,55 : 841.14"
"10,56 : 448.83"
"10,57 : 755.44"
"10,58 : 914.0"
"10,59 : 453.31"
"10,60 : 749.53"
"10,61 : 816.54"
"10,62 : 213.06"
"10,63 : 349.52"
"10,64 : 755.48"
"10,65 : 398.02"
"10,66 : 750.6"
"10,67 : 421.49"
"10,68 : 448.94"
"10,69 : 891.54"
"10,70 : 150.6"
"10,71 : 519.88"
"10,72 : 947.05"
"10,73 : 653.37"
"10,74 : 546.99"
"10,75 : 62.13"
"10,76 : 436.65"
"10,77 : 396.29"
"10,78 : 604.97"
"10,79 : 298.67"
"10,80 : 514.06"
"10,81 : 398.97"
"10,82 : 390.16"
"10,83 : 311.28"
"10,84 : 763.29"
"10,85 : 659.7"
"10,86 : 290.04"
"10,87 : 684.57"
"10,88 : 588.41"
"10,89 : 782.81"
"10,90 : 784.14"
"10,91 : 805.14"
"10,92 : 547.03"
"10,93 : 89.16"
"10,94 : 870.66"
"10,95 : 429.68"
"10,96 : 617.12"
"10,97 : 339.52"
"10,98 : 710.33"
"10,99 : 797.87"
"11,0 : 714.77"
"11,1 : 231.91"
"11,2 : 513.14"
"11,3 : 256.44"
"11,4 : 335.09"
"11,5 : 647.69"
"11,6 : 410.47"
"11,7 : 751.24"
"11,8 : 631.5"
"11,9 : 813.42"
"11,10 : 513.38"
"11,11 : 0.0"
"11,12 : 827.58"
"11,13 : 193.6"
"11,14 : 436.86"
"11,15 : 525.14"
"11,16 : 117.2"
"11,17 : 192.51"
"11,18 : 302.98"
"11,19 : 73.57"
"11,20 : 603.42"
"11,21 : 251.41"
"11,22 : 326.56"
"11,23 : 491.81"
"11,24 : 411.59"
"11,25 : 236.32"
"11,26 : 406.0"
"11,27 : 320.78"
"11,28 : 441.35"
"11,29 : 97.25"
"11,30 : 234.09"
"11,31 : 383.0"
"11,32 : 331.11"
"11,33 : 697.8"
"11,34 : 685.99"
"11,35 : 595.46"
"11,36 : 622.83"
"11,37 : 761.97"
"11,38 : 166.97"
"11,39 : 224.37"
"11,40 : 670.86"
"11,41 : 163.17"
"11,42 : 319.61"
"11,43 : 597.28"
"11,44 : 651.43"
"11,45 : 223.6"
"11,46 : 124.17"
"11,47 : 671.05"
"11,48 : 355.3"
"11,49 : 401.85"
"11,50 : 303.71"
"11,51 : 660.15"
"11,52 : 599.98"
"11,53 : 789.21"
"11,54 : 575.93"
"11,55 : 469.43"
"11,56 : 362.84"
"11,57 : 662.62"
"11,58 : 564.77"
"11,59 : 73.93"
"11,60 : 237.07"
"11,61 : 367.92"
"11,62 : 677.79"
"11,63 : 221.78"
"11,64 : 417.31"
"11,65 : 224.59"
"11,66 : 487.02"
"11,67 : 453.77"
"11,68 : 392.1"
"11,69 : 427.98"
"11,70 : 378.48"
"11,71 : 191.11"
"11,72 : 434.56"
"11,73 : 706.1"
"11,74 : 68.1"
"11,75 : 456.88"
"11,76 : 89.47"
"11,77 : 738.02"
"11,78 : 190.21"
"11,79 : 552.86"
"11,80 : 20.25"
"11,81 : 524.81"
"11,82 : 257.82"
"11,83 : 291.04"
"11,84 : 347.46"
"11,85 : 621.62"
"11,86 : 422.03"
"11,87 : 171.4"
"11,88 : 636.66"
"11,89 : 737.46"
"11,90 : 311.64"
"11,91 : 607.06"
"11,92 : 430.41"
"11,93 : 536.99"
"11,94 : 395.01"
"11,95 : 170.5"
"11,96 : 169.24"
"11,97 : 369.27"
"11,98 : 549.26"
"11,99 : 415.65"
"12,0 : 665.59"
"12,1 : 690.37"
"12,2 : 1011.63"
"12,3 : 572.97"
"12,4 : 1055.01"
"12,5 : 479.29"
"12,6 : 959.51"
"12,7 : 626.02"
"12,8 : 258.99"
"12,9 : 836.24"
"12,10 : 945.9"
"12,11 : 827.58"
"12,12 : 0.0"
"12,13 : 1004.3"
"12,14 : 399.06"
"12,15 : 467.77"
"12,16 : 788.74"
"12,17 : 931.45"
"12,18 : 1127.98"
"12,19 : 865.43"
"12,20 : 874.05"
"12,21 : 813.27"
"12,22 : 852.79"
"12,23 : 777.37"
"12,24 : 492.44"
"12,25 : 970.84"
"12,26 : 452.48"
"12,27 : 512.79"
"12,28 : 1049.46"
"12,29 : 777.05"
"12,30 : 681.72"
"12,31 : 717.71"
"12,32 : 995.72"
"12,33 : 848.83"
"12,34 : 231.46"
"12,35 : 594.46"
"12,36 : 639.36"
"12,37 : 689.02"
"12,38 : 728.92"
"12,39 : 607.4"
"12,40 : 178.35"
"12,41 : 713.4"
"12,42 : 1139.41"
"12,43 : 953.56"
"12,44 : 207.55"
"12,45 : 606.08"
"12,46 : 882.07"
"12,47 : 234.64"
"12,48 : 514.31"
"12,49 : 729.21"
"12,50 : 601.75"
"12,51 : 457.56"
"12,52 : 366.22"
"12,53 : 841.55"
"12,54 : 432.84"
"12,55 : 491.01"
"12,56 : 1143.98"
"12,57 : 191.67"
"12,58 : 435.99"
"12,59 : 785.52"
"12,60 : 851.06"
"12,61 : 647.26"
"12,62 : 905.39"
"12,63 : 717.04"
"12,64 : 466.19"
"12,65 : 667.56"
"12,66 : 361.0"
"12,67 : 526.04"
"12,68 : 519.43"
"12,69 : 687.1"
"12,70 : 940.05"
"12,71 : 1015.08"
"12,72 : 925.62"
"12,73 : 339.29"
"12,74 : 769.32"
"12,75 : 941.36"
"12,76 : 783.98"
"12,77 : 734.7"
"12,78 : 657.46"
"12,79 : 673.89"
"12,80 : 847.8"
"12,81 : 553.77"
"12,82 : 646.32"
"12,83 : 1001.98"
"12,84 : 590.53"
"12,85 : 287.17"
"12,86 : 1104.72"
"12,87 : 864.9"
"12,88 : 377.79"
"12,89 : 177.91"
"12,90 : 703.73"
"12,91 : 229.4"
"12,92 : 1234.47"
"12,93 : 879.23"
"12,94 : 718.28"
"12,95 : 693.76"
"12,96 : 981.33"
"12,97 : 1093.25"
"12,98 : 279.93"
"12,99 : 521.31"
"13,0 : 780.86"
"13,1 : 418.94"
"13,2 : 442.87"
"13,3 : 442.65"
"13,4 : 189.27"
"13,5 : 758.03"
"13,6 : 512.82"
"13,7 : 828.45"
"13,8 : 789.41"
"13,9 : 842.78"
"13,10 : 472.34"
"13,11 : 193.6"
"13,12 : 1004.3"
"13,13 : 0.0"
"13,14 : 623.14"
"13,15 : 648.58"
"13,16 : 220.15"
"13,17 : 271.83"
"13,18 : 132.98"
"13,19 : 204.57"
"13,20 : 600.44"
"13,21 : 401.98"
"13,22 : 462.57"
"13,23 : 517.84"
"13,24 : 605.18"
"13,25 : 293.9"
"13,26 : 597.44"
"13,27 : 508.43"
"13,28 : 335.8"
"13,29 : 282.58"
"13,30 : 422.41"
"13,31 : 555.02"
"13,32 : 228.45"
"13,33 : 712.0"
"13,34 : 875.86"
"13,35 : 679.0"
"13,36 : 693.73"
"13,37 : 824.64"
"13,38 : 285.24"
"13,39 : 397.41"
"13,40 : 839.49"
"13,41 : 296.07"
"13,42 : 136.0"
"13,43 : 564.7"
"13,44 : 817.16"
"13,45 : 410.9"
"13,46 : 129.03"
"13,47 : 828.44"
"13,48 : 548.41"
"13,49 : 450.67"
"13,50 : 496.25"
"13,51 : 774.83"
"13,52 : 739.03"
"13,53 : 814.62"
"13,54 : 769.34"
"13,55 : 662.6"
"13,56 : 173.49"
"13,57 : 829.81"
"13,58 : 758.2"
"13,59 : 219.01"
"13,60 : 372.02"
"13,61 : 552.14"
"13,62 : 672.16"
"13,63 : 318.94"
"13,64 : 610.41"
"13,65 : 352.09"
"13,66 : 675.31"
"13,67 : 571.18"
"13,68 : 526.54"
"13,69 : 604.27"
"13,70 : 321.74"
"13,71 : 48.1"
"13,72 : 552.68"
"13,73 : 842.32"
"13,74 : 261.61"
"13,75 : 410.22"
"13,76 : 220.51"
"13,77 : 787.6"
"13,78 : 383.65"
"13,79 : 614.24"
"13,80 : 175.28"
"13,81 : 623.99"
"13,82 : 381.7"
"13,83 : 170.18"
"13,84 : 538.9"
"13,85 : 775.02"
"13,86 : 278.93"
"13,87 : 299.02"
"13,88 : 769.64"
"13,89 : 898.01"
"13,90 : 489.49"
"13,91 : 790.28"
"13,92 : 237.39"
"13,93 : 525.96"
"13,94 : 566.63"
"13,95 : 313.65"
"13,96 : 165.46"
"13,97 : 211.81"
"13,98 : 724.37"
"13,99 : 608.76"
"14,0 : 610.67"
"14,1 : 295.99"
"14,2 : 744.09"
"14,3 : 180.81"
"14,4 : 707.66"
"14,5 : 443.77"
"14,6 : 588.6"
"14,7 : 608.95"
"14,8 : 274.17"
"14,9 : 773.25"
"14,10 : 697.59"
"14,11 : 436.86"
"14,12 : 399.06"
"14,13 : 623.14"
"14,14 : 0.0"
"14,15 : 332.87"
"14,16 : 421.0"
"14,17 : 532.86"
"14,18 : 739.81"
"14,19 : 468.36"
"14,20 : 688.45"
"14,21 : 423.99"
"14,22 : 475.08"
"14,23 : 563.22"
"14,24 : 137.59"
"14,25 : 573.08"
"14,26 : 70.01"
"14,27 : 116.25"
"14,28 : 742.36"
"14,29 : 378.79"
"14,30 : 287.09"
"14,31 : 364.61"
"14,32 : 663.23"
"14,33 : 719.26"
"14,34 : 256.1"
"14,35 : 486.71"
"14,36 : 536.21"
"14,37 : 654.0"
"14,38 : 372.36"
"14,39 : 232.26"
"14,40 : 270.0"
"14,41 : 352.46"
"14,42 : 755.03"
"14,43 : 740.3"
"14,44 : 262.61"
"14,45 : 213.34"
"14,46 : 510.36"
"14,47 : 307.54"
"14,48 : 125.48"
"14,49 : 479.01"
"14,50 : 214.08"
"14,51 : 439.14"
"14,52 : 320.32"
"14,53 : 763.31"
"14,54 : 235.28"
"14,55 : 187.45"
"14,56 : 777.44"
"14,57 : 267.37"
"14,58 : 226.81"
"14,59 : 406.13"
"14,60 : 458.68"
"14,61 : 289.35"
"14,62 : 746.23"
"14,63 : 381.98"
"14,64 : 105.68"
"14,65 : 326.09"
"14,66 : 55.95"
"14,67 : 326.06"
"14,68 : 263.23"
"14,69 : 353.75"
"14,70 : 638.39"
"14,71 : 627.54"
"14,72 : 565.41"
"14,73 : 405.36"
"14,74 : 374.7"
"14,75 : 670.42"
"14,76 : 408.48"
"14,77 : 668.16"
"14,78 : 258.94"
"14,79 : 518.31"
"14,80 : 457.04"
"14,81 : 406.28"
"14,82 : 318.96"
"14,83 : 654.28"
"14,84 : 218.52"
"14,85 : 283.29"
"14,86 : 773.69"
"14,87 : 466.76"
"14,88 : 365.22"
"14,89 : 354.27"
"14,90 : 327.83"
"14,91 : 171.83"
"14,92 : 859.18"
"14,93 : 660.37"
"14,94 : 369.51"
"14,95 : 331.04"
"14,96 : 583.89"
"14,97 : 746.45"
"14,98 : 142.69"
"14,99 : 177.5"
"15,0 : 277.84"
"15,1 : 529.5"
"15,2 : 547.79"
"15,3 : 356.0"
"15,4 : 639.05"
"15,5 : 128.88"
"15,6 : 839.2"
"15,7 : 279.32"
"15,8 : 208.92"
"15,9 : 443.31"
"15,10 : 479.4"
"15,11 : 525.14"
"15,12 : 467.77"
"15,13 : 648.58"
"15,14 : 332.87"
"15,15 : 0.0"
"15,16 : 434.89"
"15,17 : 696.72"
"15,18 : 781.54"
"15,19 : 590.12"
"15,20 : 411.1"
"15,21 : 653.15"
"15,22 : 724.61"
"15,23 : 309.61"
"15,24 : 461.45"
"15,25 : 742.77"
"15,26 : 392.0"
"15,27 : 347.84"
"15,28 : 600.38"
"15,29 : 529.34"
"15,30 : 521.48"
"15,31 : 657.8"
"15,32 : 568.29"
"15,33 : 408.34"
"15,34 : 490.05"
"15,35 : 157.49"
"15,36 : 208.14"
"15,37 : 321.31"
"15,38 : 369.4"
"15,39 : 327.88"
"15,40 : 294.11"
"15,41 : 365.55"
"15,42 : 780.89"
"15,43 : 486.7"
"15,44 : 263.75"
"15,45 : 375.54"
"15,46 : 519.99"
"15,47 : 235.67"
"15,48 : 421.55"
"15,49 : 270.35"
"15,50 : 486.86"
"15,51 : 136.69"
"15,52 : 107.71"
"15,53 : 436.08"
"15,54 : 560.21"
"15,55 : 519.4"
"15,56 : 748.45"
"15,57 : 279.87"
"15,58 : 553.28"
"15,59 : 457.32"
"15,60 : 672.69"
"15,61 : 587.58"
"15,62 : 452.0"
"15,63 : 329.65"
"15,64 : 432.31"
"15,65 : 303.8"
"15,66 : 366.35"
"15,67 : 78.19"
"15,68 : 134.65"
"15,69 : 662.37"
"15,70 : 492.73"
"15,71 : 676.2"
"15,72 : 832.59"
"15,73 : 197.67"
"15,74 : 496.11"
"15,75 : 480.03"
"15,76 : 447.01"
"15,77 : 336.92"
"15,78 : 443.81"
"15,79 : 213.94"
"15,80 : 542.0"
"15,81 : 89.56"
"15,82 : 271.25"
"15,83 : 590.12"
"15,84 : 514.35"
"15,85 : 180.7"
"15,86 : 670.07"
"15,87 : 645.43"
"15,88 : 124.35"
"15,89 : 304.02"
"15,90 : 599.46"
"15,91 : 363.16"
"15,92 : 849.42"
"15,93 : 411.54"
"15,94 : 665.87"
"15,95 : 355.0"
"15,96 : 694.01"
"15,97 : 674.38"
"15,98 : 268.7"
"15,99 : 500.47"
"16,0 : 603.17"
"16,1 : 298.96"
"16,2 : 413.71"
"16,3 : 247.78"
"16,4 : 290.41"
"16,5 : 551.11"
"16,6 : 523.42"
"16,7 : 642.66"
"16,8 : 569.32"
"16,9 : 696.85"
"16,10 : 404.88"
"16,11 : 117.2"
"16,12 : 788.74"
"16,13 : 220.15"
"16,14 : 421.0"
"16,15 : 434.89"
"16,16 : 0.0"
"16,17 : 309.54"
"16,18 : 351.14"
"16,19 : 190.56"
"16,20 : 487.2"
"16,21 : 353.65"
"16,22 : 432.01"
"16,23 : 374.61"
"16,24 : 433.55"
"16,25 : 352.78"
"16,26 : 408.77"
"16,27 : 312.69"
"16,28 : 361.0"
"16,29 : 188.3"
"16,30 : 297.83"
"16,31 : 462.85"
"16,32 : 260.41"
"16,33 : 580.6"
"16,34 : 677.06"
"16,35 : 487.76"
"16,36 : 511.81"
"16,37 : 649.85"
"16,38 : 65.97"
"16,39 : 188.83"
"16,40 : 621.04"
"16,41 : 76.16"
"16,42 : 356.0"
"16,43 : 485.37"
"16,44 : 598.02"
"16,45 : 221.0"
"16,46 : 93.48"
"16,47 : 608.31"
"16,48 : 371.05"
"16,49 : 285.28"
"16,50 : 345.98"
"16,51 : 565.85"
"16,52 : 520.89"
"16,53 : 672.36"
"16,54 : 600.25"
"16,55 : 499.48"
"16,56 : 357.9"
"16,57 : 610.98"
"16,58 : 589.16"
"16,59 : 48.55"
"16,60 : 346.43"
"16,61 : 431.61"
"16,62 : 561.47"
"16,63 : 111.31"
"16,64 : 430.46"
"16,65 : 132.97"
"16,66 : 475.81"
"16,67 : 359.25"
"16,68 : 308.29"
"16,69 : 501.23"
"16,70 : 280.86"
"16,71 : 242.29"
"16,72 : 543.33"
"16,73 : 625.28"
"16,74 : 142.27"
"16,75 : 351.64"
"16,76 : 31.76"
"16,77 : 623.45"
"16,78 : 223.81"
"16,79 : 439.26"
"16,80 : 125.71"
"16,81 : 422.14"
"16,82 : 164.15"
"16,83 : 238.25"
"16,84 : 392.94"
"16,85 : 554.91"
"16,86 : 365.66"
"16,87 : 285.76"
"16,88 : 553.3"
"16,89 : 678.0"
"16,90 : 388.12"
"16,91 : 581.38"
"16,92 : 445.73"
"16,93 : 422.15"
"16,94 : 474.81"
"16,95 : 95.0"
"16,96 : 269.98"
"16,97 : 328.73"
"16,98 : 509.34"
"16,99 : 448.0"
"17,0 : 903.79"
"17,1 : 246.33"
"17,2 : 683.67"
"17,3 : 372.85"
"17,4 : 458.33"
"17,5 : 823.3"
"17,6 : 241.92"
"17,7 : 937.5"
"17,8 : 770.86"
"17,9 : 1005.88"
"17,10 : 694.1"
"17,11 : 192.51"
"17,12 : 931.45"
"17,13 : 271.83"
"17,14 : 532.86"
"17,15 : 696.72"
"17,16 : 309.54"
"17,17 : 0.0"
"17,18 : 303.17"
"17,19 : 118.98"
"17,20 : 793.43"
"17,21 : 159.0"
"17,22 : 198.76"
"17,23 : 684.0"
"17,24 : 457.74"
"17,25 : 46.1"
"17,26 : 481.11"
"17,27 : 423.26"
"17,28 : 593.53"
"17,29 : 169.14"
"17,30 : 254.19"
"17,31 : 322.12"
"17,32 : 481.2"
"17,33 : 889.9"
"17,34 : 753.76"
"17,35 : 781.65"
"17,36 : 811.62"
"17,37 : 951.32"
"17,38 : 356.88"
"17,39 : 372.84"
"17,40 : 794.12"
"17,41 : 349.54"
"17,42 : 336.15"
"17,43 : 781.38"
"17,44 : 779.77"
"17,45 : 342.32"
"17,46 : 289.08"
"17,47 : 809.8"
"17,48 : 420.18"
"17,49 : 594.34"
"17,50 : 338.75"
"17,51 : 833.36"
"17,52 : 758.81"
"17,53 : 981.72"
"17,54 : 599.71"
"17,55 : 494.6"
"17,56 : 433.09"
"17,57 : 788.4"
"17,58 : 589.4"
"17,59 : 265.69"
"17,60 : 118.07"
"17,61 : 346.9"
"17,62 : 867.84"
"17,63 : 412.84"
"17,64 : 476.0"
"17,65 : 408.04"
"17,66 : 571.95"
"17,67 : 630.66"
"17,68 : 562.09"
"17,69 : 375.25"
"17,70 : 550.9"
"17,71 : 233.94"
"17,72 : 280.96"
"17,73 : 864.45"
"17,74 : 201.1"
"17,75 : 634.85"
"17,76 : 281.77"
"17,77 : 929.34"
"17,78 : 279.33"
"17,79 : 743.73"
"17,80 : 185.07"
"17,81 : 707.36"
"17,82 : 440.51"
"17,83 : 428.85"
"17,84 : 366.22"
"17,85 : 766.44"
"17,86 : 548.93"
"17,87 : 67.6"
"17,88 : 799.11"
"17,89 : 870.38"
"17,90 : 275.63"
"17,91 : 702.48"
"17,92 : 459.71"
"17,93 : 725.16"
"17,94 : 332.09"
"17,95 : 352.01"
"17,96 : 113.22"
"17,97 : 483.39"
"17,98 : 666.11"
"17,99 : 444.44"
"18,0 : 907.92"
"18,1 : 505.96"
"18,2 : 529.94"
"18,3 : 559.23"
"18,4 : 253.81"
"18,5 : 890.69"
"18,6 : 523.02"
"18,7 : 957.23"
"18,8 : 919.2"
"18,9 : 960.2"
"18,10 : 572.37"
"18,11 : 302.98"
"18,12 : 1127.98"
"18,13 : 132.98"
"18,14 : 739.81"
"18,15 : 781.54"
"18,16 : 351.14"
"18,17 : 303.17"
"18,18 : 0.0"
"18,19 : 286.2"
"18,20 : 711.2"
"18,21 : 457.17"
"18,22 : 501.55"
"18,23 : 639.35"
"18,24 : 706.58"
"18,25 : 305.38"
"18,26 : 707.47"
"18,27 : 623.76"
"18,28 : 409.44"
"18,29 : 376.06"
"18,30 : 511.14"
"18,31 : 619.32"
"18,32 : 318.92"
"18,33 : 826.36"
"18,34 : 988.09"
"18,35 : 809.48"
"18,36 : 822.27"
"18,37 : 950.72"
"18,38 : 416.81"
"18,39 : 520.84"
"18,40 : 966.42"
"18,41 : 426.36"
"18,42 : 37.36"
"18,43 : 664.78"
"18,44 : 944.99"
"18,45 : 526.5"
"18,46 : 261.72"
"18,47 : 958.42"
"18,48 : 654.14"
"18,49 : 578.38"
"18,50 : 591.6"
"18,51 : 907.65"
"18,52 : 871.38"
"18,53 : 931.14"
"18,54 : 865.85"
"18,55 : 758.24"
"18,56 : 161.9"
"18,57 : 957.2"
"18,58 : 854.88"
"18,59 : 344.0"
"18,60 : 419.38"
"18,61 : 630.75"
"18,62 : 780.31"
"18,63 : 451.89"
"18,64 : 715.79"
"18,65 : 483.84"
"18,66 : 789.87"
"18,67 : 704.16"
"18,68 : 658.78"
"18,69 : 671.5"
"18,70 : 424.53"
"18,71 : 112.9"
"18,72 : 571.64"
"18,73 : 974.99"
"18,74 : 367.29"
"18,75 : 511.05"
"18,76 : 348.04"
"18,77 : 911.04"
"18,78 : 489.34"
"18,79 : 741.83"
"18,80 : 282.85"
"18,81 : 756.26"
"18,82 : 513.99"
"18,83 : 261.31"
"18,84 : 630.3"
"18,85 : 905.65"
"18,86 : 327.39"
"18,87 : 353.01"
"18,88 : 902.41"
"18,89 : 1027.39"
"18,90 : 562.62"
"18,91 : 909.63"
"18,92 : 157.28"
"18,93 : 635.93"
"18,94 : 630.06"
"18,95 : 442.91"
"18,96 : 193.0"
"18,97 : 256.8"
"18,98 : 848.45"
"18,99 : 704.72"
"19,0 : 787.18"
"19,1 : 220.38"
"19,2 : 575.68"
"19,3 : 293.23"
"19,4 : 373.74"
"19,5 : 714.61"
"19,6 : 344.03"
"19,7 : 822.59"
"19,8 : 683.13"
"19,9 : 887.0"
"19,10 : 580.8"
"19,11 : 73.57"
"19,12 : 865.43"
"19,13 : 204.57"
"19,14 : 468.36"
"19,15 : 590.12"
"19,16 : 190.56"
"19,17 : 118.98"
"19,18 : 286.2"
"19,19 : 0.0"
"19,20 : 675.51"
"19,21 : 201.56"
"19,22 : 270.19"
"19,23 : 565.09"
"19,24 : 421.52"
"19,25 : 162.83"
"19,26 : 428.0"
"19,27 : 352.9"
"19,28 : 494.9"
"19,29 : 91.55"
"19,30 : 225.21"
"19,31 : 350.53"
"19,32 : 382.69"
"19,33 : 771.03"
"19,34 : 708.42"
"19,35 : 666.71"
"19,36 : 695.13"
"19,37 : 834.52"
"19,38 : 239.38"
"19,39 : 276.06"
"19,40 : 715.95"
"19,41 : 233.73"
"19,42 : 310.27"
"19,43 : 666.44"
"19,44 : 698.54"
"19,45 : 260.35"
"19,46 : 179.78"
"19,47 : 722.6"
"19,48 : 371.71"
"19,49 : 475.42"
"19,50 : 305.5"
"19,51 : 726.09"
"19,52 : 659.73"
"19,53 : 862.76"
"19,54 : 579.65"
"19,55 : 472.04"
"19,56 : 377.87"
"19,57 : 708.72"
"19,58 : 568.68"
"19,59 : 147.14"
"19,60 : 178.31"
"19,61 : 349.69"
"19,62 : 749.91"
"19,63 : 294.81"
"19,64 : 432.6"
"19,65 : 293.95"
"19,66 : 514.51"
"19,67 : 520.87"
"19,68 : 455.92"
"19,69 : 399.73"
"19,70 : 441.46"
"19,71 : 184.32"
"19,72 : 372.78"
"19,73 : 765.94"
"19,74 : 99.25"
"19,75 : 522.85"
"19,76 : 162.98"
"19,77 : 811.28"
"19,78 : 210.24"
"19,79 : 625.93"
"19,80 : 67.21"
"19,81 : 594.48"
"19,82 : 326.96"
"19,83 : 335.95"
"19,84 : 344.25"
"19,85 : 675.52"
"19,86 : 463.64"
"19,87 : 106.78"
"19,88 : 698.05"
"19,89 : 786.84"
"19,90 : 285.34"
"19,91 : 640.18"
"19,92 : 429.77"
"19,93 : 608.11"
"19,94 : 362.17"
"19,95 : 238.52"
"19,96 : 115.95"
"19,97 : 404.24"
"19,98 : 590.89"
"19,99 : 418.55"
"20,0 : 283.88"
"20,1 : 747.91"
"20,2 : 227.78"
"20,3 : 609.47"
"20,4 : 472.82"
"20,5 : 410.44"
"20,6 : 1009.48"
"20,7 : 347.47"
"20,8 : 617.72"
"20,9 : 257.1"
"20,10 : 154.55"
"20,11 : 603.42"
"20,12 : 874.05"
"20,13 : 600.44"
"20,14 : 688.45"
"20,15 : 411.1"
"20,16 : 487.2"
"20,17 : 793.43"
"20,18 : 711.2"
"20,19 : 675.51"
"20,20 : 0.0"
"20,21 : 832.89"
"20,22 : 912.37"
"20,23 : 128.75"
"20,24 : 784.62"
"20,25 : 834.33"
"20,26 : 725.63"
"20,27 : 643.39"
"20,28 : 344.42"
"20,29 : 669.14"
"20,30 : 743.29"
"20,31 : 910.39"
"20,32 : 396.66"
"20,33 : 119.1"
"20,34 : 892.63"
"20,35 : 285.41"
"20,36 : 250.64"
"20,37 : 305.92"
"20,38 : 456.68"
"20,39 : 543.59"
"20,40 : 704.34"
"20,41 : 473.04"
"20,42 : 691.06"
"20,43 : 93.24"
"20,44 : 674.02"
"20,45 : 606.55"
"20,46 : 512.61"
"20,47 : 639.42"
"20,48 : 726.78"
"20,49 : 224.98"
"20,50 : 753.8"
"20,51 : 434.77"
"20,52 : 507.88"
"20,53 : 226.27"
"20,54 : 922.94"
"20,55 : 853.27"
"20,56 : 598.07"
"20,57 : 690.04"
"20,58 : 913.9"
"20,59 : 534.66"
"20,60 : 831.13"
"20,61 : 857.93"
"20,62 : 74.41"
"20,63 : 402.68"
"20,64 : 763.76"
"20,65 : 437.59"
"20,66 : 736.43"
"20,67 : 374.23"
"20,68 : 425.6"
"20,69 : 935.62"
"20,70 : 287.89"
"20,71 : 646.24"
"20,72 : 1025.64"
"20,73 : 556.12"
"20,74 : 622.7"
"20,75 : 207.07"
"20,76 : 517.67"
"20,77 : 246.47"
"20,78 : 654.04"
"20,79 : 200.19"
"20,80 : 608.56"
"20,81 : 322.09"
"20,82 : 418.61"
"20,83 : 451.09"
"20,84 : 796.15"
"20,85 : 588.32"
"20,86 : 444.07"
"20,87 : 772.89"
"20,88 : 500.02"
"20,89 : 701.56"
"20,90 : 837.37"
"20,91 : 766.12"
"20,92 : 698.32"
"20,93 : 75.29"
"20,94 : 921.39"
"20,95 : 482.87"
"20,96 : 730.54"
"20,97 : 490.35"
"20,98 : 669.72"
"20,99 : 816.68"
"21,0 : 893.11"
"21,1 : 130.65"
"21,2 : 763.31"
"21,3 : 299.53"
"21,4 : 575.27"
"21,5 : 782.01"
"21,6 : 187.3"
"21,7 : 917.01"
"21,8 : 685.46"
"21,9 : 1017.19"
"21,10 : 758.5"
"21,11 : 251.41"
"21,12 : 813.27"
"21,13 : 401.98"
"21,14 : 423.99"
"21,15 : 653.15"
"21,16 : 353.65"
"21,17 : 159.0"
"21,18 : 457.17"
"21,19 : 201.56"
"21,20 : 832.89"
"21,21 : 0.0"
"21,22 : 79.51"
"21,23 : 711.87"
"21,24 : 323.82"
"21,25 : 179.63"
"21,26 : 362.2"
"21,27 : 330.19"
"21,28 : 691.97"
"21,29 : 165.5"
"21,30 : 139.61"
"21,31 : 163.29"
"21,32 : 580.74"
"21,33 : 915.13"
"21,34 : 618.62"
"21,35 : 764.59"
"21,36 : 802.12"
"21,37 : 941.11"
"21,38 : 376.22"
"21,39 : 329.46"
"21,40 : 693.61"
"21,41 : 360.67"
"21,42 : 487.98"
"21,43 : 838.25"
"21,44 : 684.0"
"21,45 : 277.62"
"21,46 : 374.26"
"21,47 : 722.53"
"21,48 : 300.67"
"21,49 : 615.55"
"21,50 : 211.91"
"21,51 : 787.69"
"21,52 : 695.11"
"21,53 : 996.47"
"21,54 : 450.25"
"21,55 : 348.91"
"21,56 : 572.93"
"21,57 : 690.16"
"21,58 : 440.45"
"21,59 : 305.19"
"21,60 : 43.19"
"21,61 : 192.57"
"21,62 : 906.16"
"21,63 : 431.05"
"21,64 : 347.59"
"21,65 : 405.62"
"21,66 : 453.12"
"21,67 : 598.95"
"21,68 : 523.26"
"21,69 : 216.32"
"21,70 : 628.78"
"21,71 : 373.35"
"21,72 : 193.2"
"21,73 : 796.85"
"21,74 : 212.0"
"21,75 : 704.38"
"21,76 : 321.89"
"21,77 : 929.4"
"21,78 : 209.47"
"21,79 : 745.11"
"21,80 : 257.33"
"21,81 : 683.56"
"21,82 : 433.15"
"21,83 : 536.46"
"21,84 : 226.37"
"21,85 : 686.66"
"21,86 : 665.02"
"21,87 : 105.02"
"21,88 : 738.66"
"21,89 : 776.0"
"21,90 : 121.61"
"21,91 : 584.63"
"21,92 : 611.48"
"21,93 : 772.13"
"21,94 : 173.53"
"21,95 : 353.56"
"21,96 : 264.17"
"21,97 : 605.69"
"21,98 : 565.2"
"21,99 : 302.91"
"22,0 : 969.43"
"22,1 : 195.54"
"22,2 : 839.61"
"22,3 : 368.88"
"22,4 : 642.15"
"22,5 : 853.2"
"22,6 : 115.8"
"22,7 : 991.78"
"22,8 : 743.58"
"22,9 : 1095.66"
"22,10 : 836.62"
"22,11 : 326.56"
"22,12 : 852.79"
"22,13 : 462.57"
"22,14 : 475.08"
"22,15 : 724.61"
"22,16 : 432.01"
"22,17 : 198.76"
"22,18 : 501.55"
"22,19 : 270.19"
"22,20 : 912.37"
"22,21 : 79.51"
"22,22 : 0.0"
"22,23 : 791.34"
"22,24 : 360.46"
"22,25 : 201.69"
"22,26 : 409.04"
"22,27 : 391.72"
"22,28 : 764.55"
"22,29 : 244.35"
"22,30 : 203.9"
"22,31 : 152.55"
"22,32 : 652.6"
"22,33 : 994.45"
"22,34 : 646.69"
"22,35 : 840.39"
"22,36 : 878.83"
"22,37 : 1017.39"
"22,38 : 455.72"
"22,39 : 404.68"
"22,40 : 744.69"
"22,41 : 440.16"
"22,42 : 534.87"
"22,43 : 917.07"
"22,44 : 737.53"
"22,45 : 349.89"
"22,46 : 447.49"
"22,47 : 779.52"
"22,48 : 349.63"
"22,49 : 694.95"
"22,50 : 261.3"
"22,51 : 857.83"
"22,52 : 760.91"
"22,53 : 1075.2"
"22,54 : 463.91"
"22,55 : 371.3"
"22,56 : 629.46"
"22,57 : 742.43"
"22,58 : 455.19"
"22,59 : 383.47"
"22,60 : 91.98"
"22,61 : 209.1"
"22,62 : 985.67"
"22,63 : 510.55"
"22,64 : 388.01"
"22,65 : 484.52"
"22,66 : 497.36"
"22,67 : 673.17"
"22,68 : 596.76"
"22,69 : 202.71"
"22,70 : 704.96"
"22,71 : 429.17"
"22,72 : 113.85"
"22,73 : 860.66"
"22,74 : 290.95"
"22,75 : 781.85"
"22,76 : 400.28"
"22,77 : 1006.95"
"22,78 : 283.15"
"22,79 : 823.15"
"22,80 : 330.55"
"22,81 : 758.64"
"22,82 : 511.57"
"22,83 : 606.0"
"22,84 : 262.84"
"22,85 : 747.01"
"22,86 : 732.57"
"22,87 : 165.06"
"22,88 : 805.12"
"22,89 : 829.32"
"22,90 : 149.41"
"22,91 : 627.0"
"22,92 : 658.37"
"22,93 : 851.4"
"22,94 : 158.6"
"22,95 : 432.86"
"22,96 : 311.58"
"22,97 : 670.79"
"22,98 : 617.72"
"22,99 : 332.61"
"23,0 : 278.5"
"23,1 : 622.1"
"23,2 : 247.52"
"23,3 : 480.85"
"23,4 : 423.99"
"23,5 : 342.43"
"23,6 : 891.68"
"23,7 : 336.15"
"23,8 : 518.44"
"23,9 : 327.09"
"23,10 : 173.37"
"23,11 : 491.81"
"23,12 : 777.37"
"23,13 : 517.84"
"23,14 : 563.22"
"23,15 : 309.61"
"23,16 : 374.61"
"23,17 : 684.0"
"23,18 : 639.35"
"23,19 : 565.09"
"23,20 : 128.75"
"23,21 : 711.87"
"23,22 : 791.34"
"23,23 : 0.0"
"23,24 : 656.34"
"23,25 : 726.67"
"23,26 : 598.16"
"23,27 : 514.84"
"23,28 : 330.22"
"23,29 : 550.13"
"23,30 : 617.18"
"23,31 : 783.45"
"23,32 : 344.68"
"23,33 : 206.02"
"23,34 : 776.21"
"23,35 : 221.01"
"23,36 : 207.86"
"23,37 : 316.57"
"23,38 : 336.59"
"23,39 : 415.46"
"23,40 : 602.6"
"23,41 : 351.21"
"23,42 : 624.6"
"23,43 : 181.33"
"23,44 : 572.32"
"23,45 : 478.52"
"23,46 : 414.47"
"23,47 : 544.73"
"23,48 : 598.17"
"23,49 : 97.64"
"23,50 : 625.45"
"23,51 : 366.35"
"23,52 : 414.06"
"23,53 : 300.54"
"23,54 : 796.82"
"23,55 : 725.21"
"23,56 : 549.18"
"23,57 : 588.47"
"23,58 : 787.58"
"23,59 : 420.27"
"23,60 : 712.77"
"23,61 : 729.86"
"23,62 : 197.23"
"23,63 : 280.92"
"23,64 : 635.93"
"23,65 : 311.46"
"23,66 : 612.6"
"23,67 : 259.34"
"23,68 : 302.01"
"23,69 : 807.69"
"23,70 : 240.26"
"23,71 : 560.53"
"23,72 : 905.04"
"23,73 : 480.01"
"23,74 : 504.21"
"23,75 : 190.38"
"23,76 : 403.56"
"23,77 : 272.15"
"23,78 : 527.67"
"23,79 : 129.32"
"23,80 : 499.27"
"23,81 : 226.42"
"23,82 : 290.9"
"23,83 : 390.01"
"23,84 : 667.56"
"23,85 : 490.31"
"23,86 : 420.29"
"23,87 : 657.95"
"23,88 : 415.36"
"23,89 : 611.37"
"23,90 : 710.94"
"23,91 : 650.88"
"23,92 : 653.15"
"23,93 : 102.88"
"23,94 : 794.33"
"23,95 : 359.2"
"23,96 : 631.47"
"23,97 : 449.96"
"23,98 : 554.68"
"23,99 : 688.1"
