x,y
563,711
592,754
399,980
415,95
77,596
158,896
638,649
36,379
176,56
347,521
919,53
417,631
253,337
492,345
471,885
806,455
715,748
225,634
640,980
561,18
50,251
479,805
796,372
286,245
149,833
944,244
323,99
293,479
192,278
652,886
798,368
843,990
664,597
140,168
644,669
313,640
451,702
197,24
296,215
532,722
528,362
639,453
928,668
584,736
62,499
799,866
483,69
227,146
11,470
569,455
793,872
702,460
295,103
292,494
137,823
890,384
832,613
799,6
800,625
1,556
558,625
814,732
297,930
535,774
155,399
576,804
218,245
188,701
599,865
152,306
818,701
405,52
148,250
299,406
458,759
700,442
249,738
24,392
985,310
90,229
160,956
758,852
894,639
396,9
782,419
97,3
219,855
680,258
746,403
927,744
517,230
53,246
452,834
858,885
993,247
200,588
271,376
269,626
490,395
737,940

Distanze
"0,0 : 0.0"
"0,1 : 51.87"
"0,2 : 315.05"
"0,3 : 633.53"
"0,4 : 499.42"
"0,5 : 445.25"
"0,6 : 97.31"
"0,7 : 622.86"
"0,8 : 760.79"
"0,9 : 287.67"
"0,10 : 748.13"
"0,11 : 166.48"
"0,12 : 485.77"
"0,13 : 372.82"
"0,14 : 196.82"
"0,15 : 352.97"
"0,16 : 156.44"
"0,17 : 346.66"
"0,18 : 279.8"
"0,19 : 693.0"
"0,20 : 689.03"
"0,21 : 126.06"
"0,22 : 411.35"
"0,23 : 542.11"
"0,24 : 431.6"
"0,25 : 602.7"
"0,26 : 657.38"
"0,27 : 355.98"
"0,28 : 570.2"
"0,29 : 196.33"
"0,30 : 415.78"
"0,31 : 395.27"
"0,32 : 152.31"
"0,33 : 688.32"
"0,34 : 91.24"
"0,35 : 259.89"
"0,36 : 112.36"
"0,37 : 778.41"
"0,38 : 563.3"
"0,39 : 32.89"
"0,40 : 350.75"
"0,41 : 268.96"
"0,42 : 367.52"
"0,43 : 32.65"
"0,44 : 544.01"
"0,45 : 282.35"
"0,46 : 646.97"
"0,47 : 657.36"
"0,48 : 602.32"
"0,49 : 256.07"
"0,50 : 280.75"
"0,51 : 286.92"
"0,52 : 664.45"
"0,53 : 347.17"
"0,54 : 440.48"
"0,55 : 462.45"
"0,56 : 286.3"
"0,57 : 743.45"
"0,58 : 252.12"
"0,59 : 582.98"
"0,60 : 86.15"
"0,61 : 251.88"
"0,62 : 344.55"
"0,63 : 68.94"
"0,64 : 513.62"
"0,65 : 93.9"
"0,66 : 579.81"
"0,67 : 375.13"
"0,68 : 158.15"
"0,69 : 577.01"
"0,70 : 255.2"
"0,71 : 677.68"
"0,72 : 620.28"
"0,73 : 403.39"
"0,74 : 115.45"
"0,75 : 301.88"
"0,76 : 315.16"
"0,77 : 626.32"
"0,78 : 582.14"
"0,79 : 675.32"
"0,80 : 471.63"
"0,81 : 240.64"
"0,82 : 338.74"
"0,83 : 721.59"
"0,84 : 365.0"
"0,85 : 847.6"
"0,86 : 372.92"
"0,87 : 467.87"
"0,88 : 358.26"
"0,89 : 365.49"
"0,90 : 483.19"
"0,91 : 690.16"
"0,92 : 165.68"
"0,93 : 342.49"
"0,94 : 632.61"
"0,95 : 383.27"
"0,96 : 444.4"
"0,97 : 306.04"
"0,98 : 324.32"
"0,99 : 287.61"
"1,0 : 51.87"
"1,1 : 0.0"
"1,2 : 297.2"
"1,3 : 682.36"
"1,4 : 538.69"
"1,5 : 456.64"
"1,6 : 114.63"
"1,7 : 670.64"
"1,8 : 812.56"
"1,9 : 338.1"
"1,10 : 773.52"
"1,11 : 213.9"
"1,12 : 537.41"
"1,13 : 421.05"
"1,14 : 178.33"
"1,15 : 367.69"
"1,16 : 123.15"
"1,17 : 386.12"
"1,18 : 231.04"
"1,19 : 736.65"
"1,20 : 739.44"
"1,21 : 123.98"
"1,22 : 433.06"
"1,23 : 593.9"
"1,24 : 449.99"
"1,25 : 619.68"
"1,26 : 708.09"
"1,27 : 406.23"
"1,28 : 621.75"
"1,29 : 145.0"
"1,30 : 437.53"
"1,31 : 344.52"
"1,32 : 172.72"
"1,33 : 740.07"
"1,34 : 99.64"
"1,35 : 301.39"
"1,36 : 150.28"
"1,37 : 830.02"
"1,38 : 614.93"
"1,39 : 68.0"
"1,40 : 397.19"
"1,41 : 304.65"
"1,42 : 346.83"
"1,43 : 19.7"
"1,44 : 588.15"
"1,45 : 235.36"
"1,46 : 693.62"
"1,47 : 709.15"
"1,48 : 646.7"
"1,49 : 299.88"
"1,50 : 233.08"
"1,51 : 313.9"
"1,52 : 715.55"
"1,53 : 396.99"
"1,54 : 460.2"
"1,55 : 475.08"
"1,56 : 278.35"
"1,57 : 776.11"
"1,58 : 244.75"
"1,59 : 623.29"
"1,60 : 133.41"
"1,61 : 223.09"
"1,62 : 343.51"
"1,63 : 60.41"
"1,64 : 563.02"
"1,65 : 52.5"
"1,66 : 631.63"
"1,67 : 407.46"
"1,68 : 111.22"
"1,69 : 627.94"
"1,70 : 232.13"
"1,71 : 726.48"
"1,72 : 671.68"
"1,73 : 454.92"
"1,74 : 134.09"
"1,75 : 330.16"
"1,76 : 343.37"
"1,77 : 673.55"
"1,78 : 592.95"
"1,79 : 726.38"
"1,80 : 476.89"
"1,81 : 192.77"
"1,82 : 323.15"
"1,83 : 770.35"
"1,84 : 385.13"
"1,85 : 899.46"
"1,86 : 386.43"
"1,87 : 503.75"
"1,88 : 383.3"
"1,89 : 335.15"
"1,90 : 529.34"
"1,91 : 740.67"
"1,92 : 161.25"
"1,93 : 296.51"
"1,94 : 646.41"
"1,95 : 425.7"
"1,96 : 495.91"
"1,97 : 347.44"
"1,98 : 373.21"
"1,99 : 235.84"
"2,0 : 315.05"
"2,1 : 297.2"
"2,2 : 0.0"
"2,3 : 885.14"
"2,4 : 501.14"
"2,5 : 255.22"
"2,6 : 408.27"
"2,7 : 702.12"
"2,8 : 950.53"
"2,9 : 461.94"
"2,10 : 1062.89"
"2,11 : 349.46"
"2,12 : 659.37"
"2,13 : 641.77"
"2,14 : 119.2"
"2,15 : 664.28"
"2,16 : 392.02"
"2,17 : 387.29"
"2,18 : 241.0"
"2,19 : 975.54"
"2,20 : 808.23"
"2,21 : 192.42"
"2,22 : 726.14"
"2,23 : 743.64"
"2,24 : 290.02"
"2,25 : 915.82"
"2,26 : 884.27"
"2,27 : 512.09"
"2,28 : 731.88"
"2,29 : 269.9"
"2,30 : 730.58"
"2,31 : 444.11"
"2,32 : 465.74"
"2,33 : 852.31"
"2,34 : 395.91"
"2,35 : 350.71"
"2,36 : 282.82"
"2,37 : 977.11"
"2,38 : 771.9"
"2,39 : 290.26"
"2,40 : 631.32"
"2,41 : 579.08"
"2,42 : 614.15"
"2,43 : 306.2"
"2,44 : 587.31"
"2,45 : 415.93"
"2,46 : 914.86"
"2,47 : 851.55"
"2,48 : 640.82"
"2,49 : 551.84"
"2,50 : 408.53"
"2,51 : 601.84"
"2,52 : 883.14"
"2,53 : 497.64"
"2,54 : 305.44"
"2,55 : 772.2"
"2,56 : 567.61"
"2,57 : 1052.94"
"2,58 : 535.56"
"2,59 : 581.53"
"2,60 : 388.98"
"2,61 : 483.46"
"2,62 : 113.6"
"2,63 : 246.84"
"2,64 : 630.16"
"2,65 : 249.61"
"2,66 : 756.96"
"2,67 : 349.8"
"2,68 : 230.71"
"2,69 : 717.83"
"2,70 : 503.39"
"2,71 : 928.02"
"2,72 : 771.95"
"2,73 : 582.65"
"2,74 : 228.74"
"2,75 : 616.48"
"2,76 : 284.72"
"2,77 : 697.4"
"2,78 : 890.11"
"2,79 : 812.08"
"2,80 : 240.2"
"2,81 : 381.14"
"2,82 : 601.09"
"2,83 : 971.0"
"2,84 : 679.27"
"2,85 : 1022.61"
"2,86 : 219.15"
"2,87 : 774.75"
"2,88 : 673.3"
"2,89 : 578.34"
"2,90 : 759.23"
"2,91 : 811.46"
"2,92 : 155.32"
"2,93 : 468.73"
"2,94 : 943.46"
"2,95 : 439.62"
"2,96 : 617.41"
"2,97 : 377.12"
"2,98 : 592.04"
"2,99 : 340.36"
"3,0 : 633.53"
"3,1 : 682.36"
"3,2 : 885.14"
"3,3 : 0.0"
"3,4 : 604.36"
"3,5 : 841.22"
"3,6 : 597.2"
"3,7 : 473.6"
"3,8 : 242.16"
"3,9 : 431.39"
"3,10 : 505.75"
"3,11 : 536.0"
"3,12 : 291.22"
"3,13 : 261.59"
"3,14 : 791.98"
"3,15 : 531.49"
"3,16 : 718.62"
"3,17 : 571.51"
"3,18 : 913.15"
"3,19 : 165.06"
"3,20 : 396.94"
"3,21 : 712.88"
"3,22 : 471.05"
"3,23 : 197.84"
"3,24 : 784.47"
"3,25 : 549.58"
"3,26 : 92.09"
"3,27 : 402.91"
"3,28 : 288.48"
"3,29 : 825.74"
"3,30 : 470.34"
"3,31 : 992.07"
"3,32 : 560.36"
"3,33 : 284.52"
"3,34 : 617.99"
"3,35 : 554.46"
"3,36 : 608.07"
"3,37 : 229.27"
"3,38 : 169.0"
"3,39 : 637.82"
"3,40 : 289.93"
"3,41 : 422.3"
"3,42 : 769.09"
"3,43 : 662.9"
"3,44 : 536.49"
"3,45 : 861.33"
"3,46 : 72.8"
"3,47 : 194.79"
"3,48 : 551.22"
"3,49 : 391.56"
"3,50 : 864.07"
"3,51 : 464.32"
"3,52 : 120.27"
"3,53 : 417.53"
"3,54 : 779.27"
"3,55 : 556.01"
"3,56 : 664.99"
"3,57 : 394.18"
"3,58 : 655.08"
"3,59 : 619.61"
"3,60 : 548.95"
"3,61 : 751.64"
"3,62 : 843.3"
"3,63 : 689.52"
"3,64 : 400.02"
"3,65 : 727.05"
"3,66 : 247.61"
"3,67 : 647.12"
"3,68 : 791.68"
"3,69 : 337.18"
"3,70 : 727.77"
"3,71 : 44.15"
"3,72 : 308.73"
"3,73 : 331.93"
"3,74 : 665.39"
"3,75 : 449.04"
"3,76 : 664.08"
"3,77 : 491.01"
"3,78 : 609.2"
"3,79 : 351.54"
"3,80 : 897.97"
"3,81 : 831.08"
"3,82 : 724.83"
"3,83 : 88.07"
"3,84 : 489.56"
"3,85 : 331.04"
"3,86 : 784.87"
"3,87 : 311.12"
"3,88 : 452.13"
"3,89 : 826.65"
"3,90 : 169.2"
"3,91 : 392.23"
"3,92 : 739.93"
"3,93 : 905.73"
"3,94 : 597.65"
"3,95 : 537.84"
"3,96 : 315.75"
"3,97 : 550.71"
"3,98 : 309.23"
"3,99 : 904.27"
"4,0 : 499.42"
"4,1 : 538.69"
"4,2 : 501.14"
"4,3 : 604.36"
"4,4 : 0.0"
"4,5 : 310.74"
"4,6 : 563.5"
"4,7 : 220.84"
"4,8 : 549.0"
"4,9 : 280.22"
"4,10 : 1001.9"
"4,11 : 341.8"
"4,12 : 313.14"
"4,13 : 485.0"
"4,14 : 488.63"
"4,15 : 742.51"
"4,16 : 655.86"
"4,17 : 152.8"
"4,18 : 681.49"
"4,19 : 753.88"
"4,20 : 346.05"
"4,21 : 453.08"
"4,22 : 753.08"
"4,23 : 408.51"
"4,24 : 247.7"
"4,25 : 935.73"
"4,26 : 554.55"
"4,27 : 245.65"
"4,28 : 338.16"
"4,29 : 643.99"
"4,30 : 756.19"
"4,31 : 861.39"
"4,32 : 587.0"
"4,33 : 432.61"
"4,34 : 571.68"
"4,35 : 240.07"
"4,36 : 388.73"
"4,37 : 584.45"
"4,38 : 439.46"
"4,39 : 472.12"
"4,40 : 508.09"
"4,41 : 579.91"
"4,42 : 854.04"
"4,43 : 525.97"
"4,44 : 98.15"
"4,45 : 770.83"
"4,46 : 665.26"
"4,47 : 474.34"
"4,48 : 142.24"
"4,49 : 511.81"
"4,50 : 767.35"
"4,51 : 639.63"
"4,52 : 539.05"
"4,53 : 237.97"
"4,54 : 234.8"
"4,55 : 840.19"
"4,56 : 755.19"
"4,57 : 932.41"
"4,58 : 723.58"
"4,59 : 85.88"
"4,60 : 481.87"
"4,61 : 749.44"
"4,62 : 399.94"
"4,63 : 491.37"
"4,64 : 211.88"
"4,65 : 540.62"
"4,66 : 378.26"
"4,67 : 152.79"
"4,68 : 587.24"
"4,69 : 299.54"
"4,70 : 748.4"
"4,71 : 635.23"
"4,72 : 353.21"
"4,73 : 292.21"
"4,74 : 414.4"
"4,75 : 641.75"
"4,76 : 223.04"
"4,77 : 210.77"
"4,78 : 951.98"
"4,79 : 367.23"
"4,80 : 369.44"
"4,81 : 727.53"
"4,82 : 818.13"
"4,83 : 668.08"
"4,84 : 726.88"
"4,85 : 593.34"
"4,86 : 295.37"
"4,87 : 691.27"
"4,88 : 696.28"
"4,89 : 862.79"
"4,90 : 572.33"
"4,91 : 350.82"
"4,92 : 444.15"
"4,93 : 832.76"
"4,94 : 980.23"
"4,95 : 123.26"
"4,96 : 293.32"
"4,97 : 194.33"
"4,98 : 459.31"
"4,99 : 744.27"
"5,0 : 445.25"
"5,1 : 456.64"
"5,2 : 255.22"
"5,3 : 841.22"
"5,4 : 310.74"
"5,5 : 0.0"
"5,6 : 539.82"
"5,7 : 531.2"
"5,8 : 840.19"
"5,9 : 419.94"
"5,10 : 1135.68"
"5,11 : 370.55"
"5,12 : 567.01"
"5,13 : 644.33"
"5,14 : 313.19"
"5,15 : 783.83"
"5,16 : 576.33"
"5,17 : 270.43"
"5,18 : 489.26"
"5,19 : 966.07"
"5,20 : 653.98"
"5,21 : 333.65"
"5,22 : 825.6"
"5,23 : 663.46"
"5,24 : 63.64"
"5,25 : 1021.22"
"5,26 : 813.9"
"5,27 : 438.31"
"5,28 : 618.93"
"5,29 : 494.1"
"5,30 : 829.69"
"5,31 : 691.42"
"5,32 : 587.74"
"5,33 : 728.22"
"5,34 : 536.4"
"5,35 : 299.27"
"5,36 : 351.4"
"5,37 : 872.87"
"5,38 : 694.84"
"5,39 : 412.49"
"5,40 : 649.66"
"5,41 : 653.92"
"5,42 : 803.05"
"5,43 : 455.06"
"5,44 : 408.44"
"5,45 : 641.7"
"5,46 : 888.57"
"5,47 : 753.17"
"5,48 : 450.65"
"5,49 : 602.83"
"5,50 : 635.45"
"5,51 : 697.16"
"5,52 : 804.75"
"5,53 : 423.75"
"5,54 : 75.96"
"5,55 : 893.29"
"5,56 : 731.0"
"5,57 : 1096.8"
"5,58 : 696.85"
"5,59 : 374.5"
"5,60 : 483.16"
"5,61 : 676.19"
"5,62 : 143.1"
"5,63 : 396.25"
"5,64 : 497.01"
"5,65 : 428.0"
"5,66 : 653.76"
"5,67 : 197.29"
"5,68 : 442.09"
"5,69 : 590.03"
"5,70 : 688.2"
"5,71 : 879.4"
"5,72 : 646.08"
"5,73 : 509.88"
"5,74 : 329.8"
"5,75 : 707.02"
"5,76 : 182.33"
"5,77 : 521.51"
"5,78 : 1013.57"
"5,79 : 670.46"
"5,80 : 60.03"
"5,81 : 601.61"
"5,82 : 779.58"
"5,83 : 918.38"
"5,84 : 785.43"
"5,85 : 895.08"
"5,86 : 73.5"
"5,87 : 824.33"
"5,88 : 767.33"
"5,89 : 783.88"
"5,90 : 756.6"
"5,91 : 658.43"
"5,92 : 300.47"
"5,93 : 700.09"
"5,94 : 1057.56"
"5,95 : 310.85"
"5,96 : 532.14"
"5,97 : 291.93"
"5,98 : 601.02"
"5,99 : 580.67"
"6,0 : 97.31"
"6,1 : 114.63"
"6,2 : 408.27"
"6,3 : 597.2"
"6,4 : 563.5"
"6,5 : 539.82"
"6,6 : 0.0"
"6,7 : 659.78"
"6,8 : 751.73"
"6,9 : 317.91"
"6,10 : 658.92"
"6,11 : 221.73"
"6,12 : 495.55"
"6,13 : 337.24"
"6,14 : 289.11"
"6,15 : 256.63"
"6,16 : 125.42"
"6,17 : 413.27"
"6,18 : 331.01"
"6,19 : 635.68"
"6,20 : 710.03"
"6,21 : 222.75"
"6,22 : 318.89"
"6,23 : 535.84"
"6,24 : 522.47"
"6,25 : 507.6"
"6,26 : 633.82"
"6,27 : 384.61"
"6,28 : 580.14"
"6,29 : 237.41"
"6,30 : 323.36"
"6,31 : 397.88"
"6,32 : 58.14"
"6,33 : 692.36"
"6,34 : 20.88"
"6,35 : 325.12"
"6,36 : 194.37"
"6,37 : 764.92"
"6,38 : 552.56"
"6,39 : 128.71"
"6,40 : 307.36"
"6,41 : 196.0"
"6,42 : 290.62"
"6,43 : 102.4"
"6,44 : 595.21"
"6,45 : 270.2"
"6,46 : 600.35"
"6,47 : 649.56"
"6,48 : 652.05"
"6,49 : 205.91"
"6,50 : 271.58"
"6,51 : 199.54"
"6,52 : 644.8"
"6,53 : 379.13"
"6,54 : 530.36"
"6,55 : 365.69"
"6,56 : 197.31"
"6,57 : 662.85"
"6,58 : 163.77"
"6,59 : 643.75"
"6,60 : 83.52"
"6,61 : 194.59"
"6,62 : 441.86"
"6,63 : 161.97"
"6,64 : 543.86"
"6,65 : 166.94"
"6,66 : 582.77"
"6,67 : 452.99"
"6,68 : 219.49"
"6,69 : 594.85"
"6,70 : 187.36"
"6,71 : 640.86"
"6,72 : 631.9"
"6,73 : 417.1"
"6,74 : 210.95"
"6,75 : 216.09"
"6,76 : 399.05"
"6,77 : 665.62"
"6,78 : 485.11"
"6,79 : 690.44"
"6,80 : 568.1"
"6,81 : 235.82"
"6,82 : 256.2"
"6,83 : 684.23"
"6,84 : 271.36"
"6,85 : 842.61"
"6,86 : 466.9"
"6,87 : 393.25"
"6,88 : 268.66"
"6,89 : 304.21"
"6,90 : 436.12"
"6,91 : 710.38"
"6,92 : 262.34"
"6,93 : 322.64"
"6,94 : 536.31"
"6,95 : 442.23"
"6,96 : 457.4"
"6,97 : 369.72"
"6,98 : 293.97"
"6,99 : 307.38"
"7,0 : 622.86"
"7,1 : 670.64"
"7,2 : 702.12"
"7,3 : 473.6"
"7,4 : 220.84"
"7,5 : 531.2"
"7,6 : 659.78"
"7,7 : 0.0"
"7,8 : 352.04"
"7,9 : 341.88"
"7,10 : 941.26"
"7,11 : 456.8"
"7,12 : 221.03"
"7,13 : 457.27"
"7,14 : 667.28"
"7,15 : 773.74"
"7,16 : 772.79"
"7,17 : 317.41"
"7,18 : 852.07"
"7,19 : 637.14"
"7,20 : 128.76"
"7,21 : 614.59"
"7,22 : 760.03"
"7,23 : 283.65"
"7,24 : 467.85"
"7,25 : 917.98"
"7,26 : 400.96"
"7,27 : 275.77"
"7,28 : 185.84"
"7,29 : 797.81"
"7,30 : 762.08"
"7,31 : 1012.21"
"7,32 : 664.76"
"7,33 : 235.24"
"7,34 : 673.62"
"7,35 : 380.59"
"7,36 : 525.88"
"7,37 : 389.8"
"7,38 : 307.4"
"7,39 : 603.05"
"7,40 : 492.29"
"7,41 : 607.52"
"7,42 : 937.65"
"7,43 : 654.03"
"7,44 : 122.78"
"7,45 : 905.17"
"7,46 : 543.98"
"7,47 : 301.28"
"7,48 : 94.37"
"7,49 : 538.39"
"7,50 : 903.38"
"7,51 : 670.91"
"7,52 : 378.49"
"7,53 : 280.64"
"7,54 : 455.34"
"7,55 : 854.01"
"7,56 : 829.68"
"7,57 : 849.29"
"7,58 : 802.63"
"7,59 : 180.43"
"7,60 : 577.06"
"7,61 : 854.34"
"7,62 : 609.69"
"7,63 : 636.42"
"7,64 : 120.67"
"7,65 : 687.19"
"7,66 : 226.01"
"7,67 : 356.07"
"7,68 : 743.75"
"7,69 : 137.06"
"7,70 : 845.7"
"7,71 : 493.04"
"7,72 : 170.84"
"7,73 : 264.38"
"7,74 : 567.88"
"7,75 : 666.98"
"7,76 : 417.43"
"7,77 : 17.69"
"7,78 : 951.51"
"7,79 : 159.42"
"7,80 : 590.17"
"7,81 : 863.14"
"7,82 : 896.53"
"7,83 : 516.24"
"7,84 : 747.07"
"7,85 : 380.92"
"7,86 : 509.97"
"7,87 : 655.27"
"7,88 : 710.41"
"7,89 : 962.86"
"7,90 : 503.55"
"7,91 : 134.08"
"7,92 : 616.51"
"7,93 : 965.26"
"7,94 : 966.06"
"7,95 : 265.66"
"7,96 : 235.02"
"7,97 : 339.56"
"7,98 : 454.28"
"7,99 : 897.84"
"8,0 : 760.79"
"8,1 : 812.56"
"8,2 : 950.53"
"8,3 : 242.16"
"8,4 : 549.0"
"8,5 : 840.19"
"8,6 : 751.73"
"8,7 : 352.04"
"8,8 : 0.0"
"8,9 : 495.45"
"8,10 : 743.01"
"8,11 : 623.46"
"8,12 : 291.36"
"8,13 : 428.23"
"8,14 : 879.92"
"8,15 : 745.72"
"8,16 : 877.15"
"8,17 : 580.07"
"8,18 : 1033.96"
"8,19 : 386.87"
"8,20 : 232.17"
"8,21 : 807.97"
"8,22 : 695.89"
"8,23 : 218.68"
"8,24 : 777.47"
"8,25 : 790.68"
"8,26 : 153.16"
"8,27 : 438.88"
"8,28 : 222.58"
"8,29 : 956.81"
"8,30 : 695.86"
"8,31 : 1147.71"
"8,32 : 728.58"
"8,33 : 117.64"
"8,34 : 771.23"
"8,35 : 599.85"
"8,36 : 702.1"
"8,37 : 38.28"
"8,38 : 199.2"
"8,39 : 755.18"
"8,40 : 466.41"
"8,41 : 609.9"
"8,42 : 969.56"
"8,43 : 793.01"
"8,44 : 457.43"
"8,45 : 1021.88"
"8,46 : 307.28"
"8,47 : 103.45"
"8,48 : 445.67"
"8,49 : 560.04"
"8,50 : 1023.01"
"8,51 : 663.24"
"8,52 : 127.95"
"8,53 : 453.1"
"8,54 : 767.99"
"8,55 : 785.74"
"8,56 : 860.57"
"8,57 : 625.0"
"8,58 : 844.47"
"8,59 : 529.74"
"8,60 : 685.34"
"8,61 : 929.53"
"8,62 : 882.34"
"8,63 : 802.75"
"8,64 : 343.64"
"8,65 : 848.24"
"8,66 : 193.61"
"8,67 : 645.11"
"8,68 : 912.91"
"8,69 : 251.15"
"8,70 : 910.05"
"8,71 : 229.03"
"8,72 : 196.01"
"8,73 : 370.98"
"8,74 : 757.45"
"8,75 : 650.82"
"8,76 : 685.9"
"8,77 : 368.78"
"8,78 : 847.94"
"8,79 : 193.2"
"8,80 : 900.14"
"8,81 : 986.07"
"8,82 : 924.89"
"8,83 : 224.96"
"8,84 : 706.4"
"8,85 : 95.13"
"8,86 : 800.16"
"8,87 : 542.97"
"8,88 : 667.31"
"8,89 : 1018.5"
"8,90 : 382.83"
"8,91 : 226.34"
"8,92 : 825.51"
"8,93 : 1073.48"
"8,94 : 839.03"
"8,95 : 532.54"
"8,96 : 333.8"
"8,97 : 577.54"
"8,98 : 462.08"
"8,99 : 1046.98"
"9,0 : 287.67"
"9,1 : 338.1"
"9,2 : 461.94"
"9,3 : 431.39"
"9,4 : 280.22"
"9,5 : 419.94"
"9,6 : 317.91"
"9,7 : 341.88"
"9,8 : 495.45"
"9,9 : 0.0"
"9,10 : 739.06"
"9,11 : 130.38"
"9,12 : 206.62"
"9,13 : 228.04"
"9,14 : 384.54"
"9,15 : 463.72"
"9,16 : 432.38"
"9,17 : 166.29"
"9,18 : 544.55"
"9,19 : 546.63"
"9,20 : 401.38"
"9,21 : 313.18"
"9,22 : 473.08"
"9,23 : 282.66"
"9,24 : 369.52"
"9,25 : 658.13"
"9,26 : 422.68"
"9,27 : 68.41"
"9,28 : 288.23"
"9,29 : 475.66"
"9,30 : 476.25"
"9,31 : 682.63"
"9,32 : 325.98"
"9,33 : 409.22"
"9,34 : 331.83"
"9,35 : 123.76"
"9,36 : 208.75"
"9,37 : 519.14"
"9,38 : 310.22"
"9,39 : 273.18"
"9,40 : 240.92"
"9,41 : 299.81"
"9,42 : 599.31"
"9,43 : 319.99"
"9,44 : 285.85"
"9,45 : 568.62"
"9,46 : 472.02"
"9,47 : 393.73"
"9,48 : 339.85"
"9,49 : 231.6"
"9,50 : 567.55"
"9,51 : 360.2"
"9,52 : 421.22"
"9,53 : 61.27"
"9,54 : 367.84"
"9,55 : 560.02"
"9,56 : 493.65"
"9,57 : 685.22"
"9,58 : 464.78"
"9,59 : 347.77"
"9,60 : 235.24"
"9,61 : 512.45"
"9,62 : 412.04"
"9,63 : 315.2"
"9,64 : 227.48"
"9,65 : 364.05"
"9,66 : 304.66"
"9,67 : 240.17"
"9,68 : 426.43"
"9,69 : 290.26"
"9,70 : 504.22"
"9,71 : 472.57"
"9,72 : 336.22"
"9,73 : 124.62"
"9,74 : 262.61"
"9,75 : 361.73"
"9,76 : 238.1"
"9,77 : 347.81"
"9,78 : 671.99"
"9,79 : 388.99"
"9,80 : 473.49"
"9,81 : 527.71"
"9,82 : 559.58"
"9,83 : 514.34"
"9,84 : 446.8"
"9,85 : 575.17"
"9,86 : 357.69"
"9,87 : 424.33"
"9,88 : 416.08"
"9,89 : 621.39"
"9,90 : 337.02"
"9,91 : 402.57"
"9,92 : 330.14"
"9,93 : 627.39"
"9,94 : 701.71"
"9,95 : 161.55"
"9,96 : 163.71"
"9,97 : 130.8"
"9,98 : 190.59"
"9,99 : 572.42"
"10,0 : 748.13"
"10,1 : 773.52"
"10,2 : 1062.89"
"10,3 : 505.75"
"10,4 : 1001.9"
"10,5 : 1135.68"
"10,6 : 658.92"
"10,7 : 941.26"
"10,8 : 743.01"
"10,9 : 739.06"
"10,10 : 0.0"
"10,11 : 765.56"
"10,12 : 724.02"
"10,13 : 517.29"
"10,14 : 944.95"
"10,15 : 417.58"
"10,16 : 724.32"
"10,17 : 905.1"
"10,18 : 968.08"
"10,19 : 359.71"
"10,20 : 891.27"
"10,21 : 871.27"
"10,22 : 341.89"
"10,23 : 661.48"
"10,24 : 1096.04"
"10,25 : 192.63"
"10,26 : 597.77"
"10,27 : 757.2"
"10,28 : 761.02"
"10,29 : 874.74"
"10,30 : 337.44"
"10,31 : 940.08"
"10,32 : 600.8"
"10,33 : 787.44"
"10,34 : 674.6"
"10,35 : 843.69"
"10,36 : 800.14"
"10,37 : 722.58"
"10,38 : 643.72"
"10,39 : 772.87"
"10,40 : 498.36"
"10,41 : 488.26"
"10,42 : 615.07"
"10,43 : 760.73"
"10,44 : 966.11"
"10,45 : 821.81"
"10,46 : 436.29"
"10,47 : 698.22"
"10,48 : 999.18"
"10,49 : 533.01"
"10,50 : 828.64"
"10,51 : 461.24"
"10,52 : 626.0"
"10,53 : 766.56"
"10,54 : 1097.46"
"10,55 : 332.27"
"10,56 : 566.72"
"10,57 : 128.88"
"10,58 : 584.25"
"10,59 : 1046.77"
"10,60 : 676.39"
"10,61 : 687.07"
"10,62 : 1075.18"
"10,63 : 816.88"
"10,64 : 838.7"
"10,65 : 825.62"
"10,66 : 726.82"
"10,67 : 976.86"
"10,68 : 872.78"
"10,69 : 807.65"
"10,70 : 655.82"
"10,71 : 514.0"
"10,72 : 795.77"
"10,73 : 713.45"
"10,74 : 843.18"
"10,75 : 446.41"
"10,76 : 958.19"
"10,77 : 957.05"
"10,78 : 265.34"
"10,79 : 847.48"
"10,80 : 1179.61"
"10,81 : 815.06"
"10,82 : 586.53"
"10,83 : 524.85"
"10,84 : 390.8"
"10,85 : 823.52"
"10,86 : 1064.52"
"10,87 : 314.87"
"10,88 : 390.42"
"10,89 : 691.05"
"10,90 : 439.24"
"10,91 : 887.25"
"10,92 : 909.97"
"10,93 : 834.23"
"10,94 : 207.63"
"10,95 : 896.21"
"10,96 : 724.04"
"10,97 : 866.5"
"10,98 : 548.64"
"10,99 : 905.48"
"11,0 : 166.48"
"11,1 : 213.9"
"11,2 : 349.46"
"11,3 : 536.0"
"11,4 : 341.8"
"11,5 : 370.55"
"11,6 : 221.73"
"11,7 : 456.8"
"11,8 : 623.46"
"11,9 : 130.38"
"11,10 : 765.56"
"11,11 : 0.0"
"11,12 : 336.65"
"11,13 : 295.67"
"11,14 : 259.68"
"11,15 : 426.96"
"11,16 : 320.15"
"11,17 : 192.02"
"11,18 : 414.16"
"11,19 : 629.69"
"11,20 : 528.29"
"11,21 : 184.72"
"11,22 : 459.04"
"11,23 : 407.62"
"11,24 : 335.6"
"11,25 : 653.83"
"11,26 : 540.24"
"11,27 : 196.16"
"11,28 : 418.61"
"11,29 : 346.77"
"11,30 : 462.96"
"11,31 : 557.1"
"11,32 : 249.33"
"11,33 : 539.53"
"11,34 : 230.16"
"11,35 : 104.39"
"11,36 : 78.72"
"11,37 : 645.64"
"11,38 : 433.24"
"11,39 : 146.65"
"11,40 : 291.0"
"11,41 : 284.55"
"11,42 : 512.34"
"11,43 : 197.27"
"11,44 : 378.75"
"11,45 : 448.5"
"11,46 : 565.86"
"11,47 : 520.89"
"11,48 : 436.76"
"11,49 : 232.55"
"11,50 : 446.61"
"11,51 : 332.36"
"11,52 : 541.91"
"11,53 : 185.46"
"11,54 : 339.51"
"11,55 : 533.61"
"11,56 : 415.39"
"11,57 : 732.5"
"11,58 : 383.05"
"11,59 : 422.71"
"11,60 : 141.13"
"11,61 : 409.65"
"11,62 : 322.18"
"11,63 : 185.4"
"11,64 : 349.95"
"11,65 : 234.97"
"11,66 : 434.28"
"11,67 : 239.46"
"11,68 : 296.45"
"11,69 : 419.34"
"11,70 : 407.06"
"11,71 : 579.12"
"11,72 : 466.39"
"11,73 : 254.06"
"11,74 : 134.41"
"11,75 : 340.31"
"11,76 : 199.18"
"11,77 : 459.97"
"11,78 : 652.43"
"11,79 : 518.2"
"11,80 : 414.34"
"11,81 : 406.35"
"11,82 : 477.07"
"11,83 : 622.35"
"11,84 : 422.1"
"11,85 : 704.83"
"11,86 : 298.96"
"11,87 : 456.4"
"11,88 : 400.28"
"11,89 : 522.37"
"11,90 : 413.28"
"11,91 : 529.83"
"11,92 : 206.0"
"11,93 : 508.92"
"11,94 : 692.27"
"11,95 : 221.22"
"11,96 : 293.84"
"11,97 : 148.08"
"11,98 : 247.03"
"11,99 : 444.84"
"12,0 : 485.77"
"12,1 : 537.41"
"12,2 : 659.37"
"12,3 : 291.22"
"12,4 : 313.14"
"12,5 : 567.01"
"12,6 : 495.55"
"12,7 : 221.03"
"12,8 : 291.36"
"12,9 : 206.62"
"12,10 : 724.02"
"12,11 : 336.65"
"12,12 : 0.0"
"12,13 : 239.13"
"12,14 : 589.77"
"12,15 : 565.45"
"12,16 : 618.36"
"12,17 : 298.32"
"12,18 : 750.48"
"12,19 : 443.42"
"12,20 : 220.47"
"12,21 : 519.71"
"12,22 : 544.13"
"12,23 : 97.74"
"12,24 : 506.79"
"12,25 : 697.23"
"12,26 : 248.08"
"12,27 : 147.53"
"12,28 : 84.86"
"12,29 : 678.68"
"12,30 : 545.88"
"12,31 : 880.06"
"12,32 : 486.33"
"12,33 : 203.3"
"12,34 : 512.94"
"12,35 : 308.88"
"12,36 : 415.25"
"12,37 : 317.97"
"12,38 : 129.36"
"12,39 : 475.46"
"12,40 : 276.13"
"12,41 : 403.05"
"12,42 : 751.79"
"12,43 : 518.42"
"12,44 : 250.45"
"12,45 : 760.23"
"12,46 : 353.16"
"12,47 : 192.76"
"12,48 : 276.14"
"12,49 : 337.31"
"12,50 : 760.15"
"12,51 : 465.54"
"12,52 : 237.74"
"12,53 : 161.77"
"12,54 : 499.65"
"12,55 : 638.73"
"12,56 : 641.42"
"12,57 : 638.5"
"12,58 : 618.19"
"12,59 : 333.86"
"12,60 : 419.49"
"12,61 : 686.11"
"12,62 : 594.63"
"12,63 : 520.09"
"12,64 : 115.97"
"12,65 : 567.82"
"12,66 : 98.43"
"12,67 : 369.76"
"12,68 : 631.27"
"12,69 : 105.65"
"12,70 : 672.1"
"12,71 : 323.0"
"12,72 : 136.36"
"12,73 : 82.93"
"12,74 : 469.16"
"12,75 : 459.17"
"12,76 : 401.02"
"12,77 : 235.51"
"12,78 : 732.5"
"12,79 : 195.53"
"12,80 : 625.95"
"12,81 : 721.28"
"12,82 : 708.58"
"12,83 : 357.82"
"12,84 : 535.32"
"12,85 : 368.64"
"12,86 : 519.11"
"12,87 : 434.25"
"12,88 : 497.4"
"12,89 : 787.35"
"12,90 : 284.86"
"12,91 : 219.73"
"12,92 : 535.36"
"12,93 : 816.29"
"12,94 : 745.45"
"12,95 : 256.53"
"12,96 : 42.95"
"12,97 : 289.44"
"12,98 : 243.99"
"12,99 : 773.22"
"13,0 : 372.82"
"13,1 : 421.05"
"13,2 : 641.77"
"13,3 : 261.59"
"13,4 : 485.0"
"13,5 : 644.33"
"13,6 : 337.24"
"13,7 : 457.27"
"13,8 : 428.23"
"13,9 : 228.04"
"13,10 : 517.29"
"13,11 : 295.67"
"13,12 : 239.13"
"13,13 : 0.0"
"13,14 : 540.41"
"13,15 : 332.71"
"13,16 : 460.58"
"13,17 : 393.46"
"13,18 : 652.02"
"13,19 : 334.2"
"13,20 : 451.88"
"13,21 : 460.18"
"13,22 : 305.2"
"13,23 : 228.99"
"13,24 : 596.48"
"13,25 : 463.15"
"13,26 : 298.46"
"13,27 : 239.91"
"13,28 : 307.39"
"13,29 : 564.16"
"13,30 : 306.86"
"13,31 : 734.32"
"13,32 : 305.1"
"13,33 : 394.0"
"13,34 : 357.88"
"13,35 : 345.06"
"13,36 : 359.35"
"13,37 : 435.97"
"13,38 : 235.19"
"13,39 : 379.12"
"13,40 : 39.81"
"13,41 : 182.41"
"13,42 : 542.61"
"13,43 : 401.68"
"13,44 : 456.75"
"13,45 : 604.72"
"13,46 : 276.15"
"13,47 : 331.4"
"13,48 : 496.98"
"13,49 : 134.27"
"13,50 : 606.9"
"13,51 : 239.43"
"13,52 : 312.05"
"13,53 : 249.4"
"13,54 : 595.41"
"13,55 : 399.91"
"13,56 : 432.92"
"13,57 : 457.35"
"13,58 : 416.25"
"13,59 : 534.42"
"13,60 : 287.67"
"13,61 : 503.44"
"13,62 : 616.64"
"13,63 : 431.15"
"13,64 : 341.3"
"13,65 : 466.62"
"13,66 : 291.68"
"13,67 : 468.14"
"13,68 : 530.89"
"13,69 : 342.23"
"13,70 : 482.71"
"13,71 : 305.64"
"13,72 : 356.88"
"13,73 : 202.41"
"13,74 : 415.39"
"13,75 : 229.51"
"13,76 : 462.06"
"13,77 : 470.35"
"13,78 : 494.24"
"13,79 : 418.4"
"13,80 : 695.37"
"13,81 : 572.54"
"13,82 : 498.04"
"13,83 : 349.45"
"13,84 : 299.29"
"13,85 : 522.48"
"13,86 : 578.47"
"13,87 : 207.15"
"13,88 : 260.54"
"13,89 : 590.28"
"13,90 : 117.69"
"13,91 : 450.02"
"13,92 : 490.63"
"13,93 : 652.35"
"13,94 : 510.49"
"13,95 : 379.89"
"13,96 : 223.16"
"13,97 : 358.73"
"13,98 : 50.04"
"13,99 : 643.47"
"14,0 : 196.82"
"14,1 : 178.33"
"14,2 : 119.2"
"14,3 : 791.98"
"14,4 : 488.63"
"14,5 : 313.19"
"14,6 : 289.11"
"14,7 : 667.28"
"14,8 : 879.92"
"14,9 : 384.54"
"14,10 : 944.95"
"14,11 : 259.68"
"14,12 : 589.77"
"14,13 : 540.41"
"14,14 : 0.0"
"14,15 : 545.09"
"14,16 : 279.83"
"14,17 : 351.45"
"14,18 : 193.87"
"14,19 : 871.66"
"14,20 : 761.05"
"14,21 : 80.4"
"14,22 : 607.28"
"14,23 : 666.2"
"14,24 : 326.17"
"14,25 : 796.62"
"14,26 : 799.81"
"14,27 : 443.31"
"14,28 : 668.05"
"14,29 : 181.0"
"14,30 : 611.73"
"14,31 : 386.53"
"14,32 : 346.69"
"14,33 : 789.72"
"14,34 : 276.74"
"14,35 : 291.53"
"14,36 : 184.09"
"14,37 : 903.55"
"14,38 : 692.48"
"14,39 : 174.04"
"14,40 : 526.1"
"14,41 : 463.52"
"14,42 : 505.9"
"14,43 : 187.0"
"14,44 : 562.39"
"14,45 : 328.55"
"14,46 : 816.09"
"14,47 : 778.24"
"14,48 : 619.54"
"14,49 : 441.03"
"14,50 : 322.26"
"14,51 : 483.72"
"14,52 : 801.56"
"14,53 : 430.03"
"14,54 : 339.71"
"14,55 : 653.12"
"14,56 : 452.0"
"14,57 : 938.2"
"14,58 : 419.33"
"14,59 : 573.71"
"14,60 : 274.17"
"14,61 : 375.58"
"14,62 : 179.72"
"14,63 : 128.13"
"14,64 : 579.7"
"14,65 : 132.61"
"14,66 : 688.19"
"14,67 : 337.56"
"14,68 : 129.55"
"14,69 : 661.06"
"14,70 : 392.77"
"14,71 : 835.61"
"14,72 : 712.43"
"14,73 : 508.94"
"14,74 : 126.67"
"14,75 : 498.69"
"14,76 : 266.26"
"14,77 : 665.48"
"14,78 : 771.25"
"14,79 : 758.62"
"14,80 : 319.0"
"14,81 : 288.89"
"14,82 : 489.33"
"14,83 : 879.2"
"14,84 : 560.25"
"14,85 : 958.02"
"14,86 : 253.78"
"14,87 : 660.92"
"14,88 : 554.93"
"14,89 : 477.3"
"14,90 : 656.61"
"14,91 : 763.57"
"14,92 : 54.42"
"14,93 : 387.0"
"14,94 : 824.33"
"14,95 : 402.06"
"14,96 : 546.88"
"14,97 : 328.46"
"14,98 : 490.37"
"14,99 : 271.63"
"15,0 : 352.97"
"15,1 : 367.69"
"15,2 : 664.28"
"15,3 : 531.49"
"15,4 : 742.51"
"15,5 : 783.83"
"15,6 : 256.63"
"15,7 : 773.74"
"15,8 : 745.72"
"15,9 : 463.72"
"15,10 : 417.58"
"15,11 : 426.96"
"15,12 : 565.45"
"15,13 : 332.71"
"15,14 : 545.09"
"15,15 : 0.0"
"15,16 : 306.81"
"15,17 : 607.95"
"15,18 : 550.62"
"15,19 : 500.99"
"15,20 : 783.04"
"15,21 : 478.99"
"15,22 : 83.6"
"15,23 : 560.8"
"15,24 : 757.98"
"15,25 : 252.12"
"15,26 : 600.02"
"15,27 : 513.56"
"15,28 : 639.0"
"15,29 : 457.69"
"15,30 : 87.37"
"15,31 : 536.28"
"15,32 : 200.82"
"15,33 : 725.21"
"15,34 : 268.4"
"15,35 : 526.57"
"15,36 : 432.47"
"15,37 : 746.08"
"15,38 : 563.65"
"15,39 : 382.58"
"15,40 : 293.14"
"15,41 : 167.01"
"15,42 : 245.46"
"15,43 : 358.11"
"15,44 : 745.3"
"15,45 : 411.06"
"15,46 : 503.31"
"15,47 : 656.29"
"15,48 : 795.14"
"15,49 : 237.0"
"15,50 : 417.2"
"15,51 : 104.12"
"15,52 : 620.5"
"15,53 : 515.48"
"15,54 : 763.53"
"15,55 : 109.99"
"15,56 : 160.12"
"15,57 : 449.05"
"15,58 : 170.11"
"15,59 : 811.31"
"15,60 : 300.67"
"15,61 : 277.12"
"15,62 : 696.21"
"15,63 : 418.57"
"15,64 : 653.4"
"15,65 : 417.97"
"15,66 : 624.37"
"15,67 : 665.16"
"15,68 : 459.29"
"15,69 : 670.76"
"15,70 : 246.29"
"15,71 : 568.52"
"15,72 : 689.19"
"15,73 : 509.36"
"15,74 : 462.08"
"15,75 : 106.79"
"15,76 : 624.77"
"15,77 : 784.53"
"15,78 : 230.36"
"15,79 : 750.82"
"15,80 : 817.51"
"15,81 : 399.89"
"15,82 : 203.96"
"15,83 : 605.82"
"15,84 : 43.27"
"15,85 : 840.82"
"15,86 : 710.33"
"15,87 : 233.85"
"15,88 : 79.4"
"15,89 : 313.31"
"15,90 : 366.26"
"15,91 : 781.47"
"15,92 : 518.61"
"15,93 : 433.13"
"15,94 : 279.7"
"15,95 : 620.42"
"15,96 : 540.8"
"15,97 : 563.57"
"15,98 : 321.65"
"15,99 : 489.88"
"16,0 : 156.44"
"16,1 : 123.15"
"16,2 : 392.02"
"16,3 : 718.62"
"16,4 : 655.86"
"16,5 : 576.33"
"16,6 : 125.42"
"16,7 : 772.79"
"16,8 : 877.15"
"16,9 : 432.38"
"16,10 : 724.32"
"16,11 : 320.15"
"16,12 : 618.36"
"16,13 : 460.58"
"16,14 : 279.83"
"16,15 : 306.81"
"16,16 : 0.0"
"16,17 : 503.09"
"16,18 : 243.82"
"16,19 : 746.07"
"16,20 : 830.2"
"16,21 : 242.79"
"16,22 : 384.63"
"16,23 : 661.1"
"16,24 : 572.35"
"16,25 : 553.59"
"16,26 : 758.2"
"16,27 : 500.44"
"16,28 : 703.16"
"16,29 : 151.7"
"16,30 : 388.96"
"16,31 : 273.77"
"16,32 : 159.38"
"16,33 : 816.72"
"16,34 : 106.22"
"16,35 : 416.25"
"16,36 : 267.98"
"16,37 : 890.22"
"16,38 : 677.97"
"16,39 : 184.84"
"16,40 : 428.91"
"16,41 : 304.63"
"16,42 : 227.53"
"16,43 : 131.55"
"16,44 : 698.86"
"16,45 : 144.84"
"16,46 : 717.54"
"16,47 : 774.95"
"16,48 : 756.9"
"16,49 : 327.36"
"16,50 : 146.49"
"16,51 : 288.29"
"16,52 : 769.69"
"16,53 : 493.4"
"16,54 : 582.85"
"16,55 : 403.88"
"16,56 : 178.64"
"16,57 : 746.74"
"16,58 : 149.51"
"16,59 : 739.36"
"16,60 : 199.44"
"16,61 : 100.28"
"16,62 : 455.9"
"16,63 : 181.87"
"16,64 : 659.85"
"16,65 : 149.86"
"16,66 : 707.12"
"16,67 : 529.09"
"16,68 : 164.76"
"16,69 : 715.77"
"16,70 : 113.22"
"16,71 : 761.92"
"16,72 : 754.65"
"16,73 : 538.54"
"16,74 : 257.24"
"16,75 : 306.37"
"16,76 : 466.11"
"16,77 : 777.31"
"16,78 : 514.53"
"16,79 : 812.4"
"16,80 : 592.7"
"16,81 : 112.54"
"16,82 : 209.58"
"16,83 : 804.91"
"16,84 : 335.75"
"16,85 : 967.96"
"16,86 : 507.41"
"16,87 : 491.25"
"16,88 : 346.39"
"16,89 : 212.04"
"16,90 : 554.55"
"16,91 : 830.81"
"16,92 : 276.7"
"16,93 : 198.04"
"16,94 : 572.96"
"16,95 : 539.28"
"16,96 : 579.24"
"16,97 : 462.39"
"16,98 : 418.61"
"16,99 : 193.26"
"17,0 : 346.66"
"17,1 : 386.12"
"17,2 : 387.29"
"17,3 : 571.51"
"17,4 : 152.8"
"17,5 : 270.43"
"17,6 : 413.27"
"17,7 : 317.41"
"17,8 : 580.07"
"17,9 : 166.29"
"17,10 : 905.1"
"17,11 : 192.02"
"17,12 : 298.32"
"17,13 : 393.46"
"17,14 : 351.45"
"17,15 : 607.95"
"17,16 : 503.09"
"17,17 : 0.0"
"17,18 : 540.32"
"17,19 : 701.68"
"17,20 : 421.09"
"17,21 : 306.2"
"17,22 : 628.24"
"17,23 : 393.75"
"17,24 : 213.02"
"17,25 : 817.96"
"17,26 : 543.9"
"17,27 : 169.26"
"17,28 : 357.53"
"17,29 : 495.82"
"17,30 : 631.73"
"17,31 : 713.2"
"17,32 : 440.56"
"17,33 : 473.69"
"17,34 : 420.46"
"17,35 : 88.2"
"17,36 : 236.01"
"17,37 : 610.64"
"17,38 : 424.97"
"17,39 : 319.36"
"17,40 : 407.18"
"17,41 : 451.84"
"17,42 : 703.82"
"17,43 : 373.21"
"17,44 : 211.65"
"17,45 : 619.11"
"17,46 : 621.12"
"17,47 : 488.0"
"17,48 : 269.61"
"17,49 : 387.78"
"17,50 : 615.85"
"17,51 : 507.75"
"17,52 : 535.59"
"17,53 : 155.21"
"17,54 : 208.48"
"17,55 : 710.44"
"17,56 : 607.36"
"17,57 : 850.8"
"17,58 : 575.07"
"17,59 : 237.19"
"17,60 : 333.12"
"17,61 : 597.1"
"17,62 : 304.63"
"17,63 : 340.15"
"17,64 : 245.2"
"17,65 : 390.0"
"17,66 : 389.06"
"17,67 : 76.54"
"17,68 : 439.59"
"17,69 : 336.03"
"17,70 : 596.77"
"17,71 : 609.2"
"17,72 : 391.64"
"17,73 : 239.71"
"17,74 : 264.41"
"17,75 : 512.34"
"17,76 : 106.73"
"17,77 : 314.59"
"17,78 : 826.18"
"17,79 : 426.91"
"17,80 : 328.5"
"17,81 : 575.86"
"17,82 : 669.02"
"17,83 : 647.97"
"17,84 : 597.05"
"17,85 : 643.85"
"17,86 : 221.08"
"17,87 : 590.26"
"17,88 : 569.91"
"17,89 : 710.57"
"17,90 : 498.48"
"17,91 : 424.41"
"17,92 : 302.54"
"17,93 : 680.95"
"17,94 : 860.0"
"17,95 : 52.35"
"17,96 : 262.07"
"17,97 : 44.72"
"17,98 : 356.86"
"17,99 : 596.47"
"18,0 : 279.8"
"18,1 : 231.04"
"18,2 : 241.0"
"18,3 : 913.15"
"18,4 : 681.49"
"18,5 : 489.26"
"18,6 : 331.01"
"18,7 : 852.07"
"18,8 : 1033.96"
"18,9 : 544.55"
"18,10 : 968.08"
"18,11 : 414.16"
"18,12 : 750.48"
"18,13 : 652.02"
"18,14 : 193.87"
"18,15 : 550.62"
"18,16 : 243.82"
"18,17 : 540.32"
"18,18 : 0.0"
"18,19 : 965.24"
"18,20 : 937.84"
"18,21 : 237.79"
"18,22 : 627.69"
"18,23 : 815.81"
"18,24 : 512.53"
"18,25 : 796.31"
"18,26 : 936.3"
"18,27 : 609.43"
"18,28 : 832.77"
"18,29 : 94.76"
"18,30 : 632.07"
"18,31 : 203.25"
"18,32 : 383.75"
"18,33 : 953.6"
"18,34 : 311.03"
"18,35 : 471.73"
"18,36 : 336.16"
"18,37 : 1053.65"
"18,38 : 838.79"
"18,39 : 279.69"
"18,40 : 628.07"
"18,41 : 527.0"
"18,42 : 424.6"
"18,43 : 250.34"
"18,44 : 751.96"
"18,45 : 195.65"
"18,46 : 924.43"
"18,47 : 930.66"
"18,48 : 809.78"
"18,49 : 529.78"
"18,50 : 187.28"
"18,51 : 523.68"
"18,52 : 942.42"
"18,53 : 597.75"
"18,54 : 526.93"
"18,55 : 646.31"
"18,56 : 414.19"
"18,57 : 986.89"
"18,58 : 389.39"
"18,59 : 766.87"
"18,60 : 364.35"
"18,61 : 302.95"
"18,62 : 346.63"
"18,63 : 231.22"
"18,64 : 756.83"
"18,65 : 187.28"
"18,66 : 847.53"
"18,67 : 531.17"
"18,68 : 122.09"
"18,69 : 832.12"
"18,70 : 330.95"
"18,71 : 957.29"
"18,72 : 880.32"
"18,73 : 667.65"
"18,74 : 286.3"
"18,75 : 541.34"
"18,76 : 459.83"
"18,77 : 851.59"
"18,78 : 753.61"
"18,79 : 930.86"
"18,80 : 480.6"
"18,81 : 174.09"
"18,82 : 425.2"
"18,83 : 1001.19"
"18,84 : 578.69"
"18,85 : 1117.76"
"18,86 : 439.17"
"18,87 : 723.11"
"18,88 : 586.66"
"18,89 : 371.57"
"18,90 : 760.02"
"18,91 : 939.85"
"18,92 : 238.03"
"18,93 : 237.8"
"18,94 : 813.57"
"18,95 : 589.29"
"18,96 : 707.8"
"18,97 : 512.79"
"18,98 : 603.92"
"18,99 : 104.92"
"19,0 : 693.0"
"19,1 : 736.65"
"19,2 : 975.54"
"19,3 : 165.06"
"19,4 : 753.88"
"19,5 : 966.07"
"19,6 : 635.68"
"19,7 : 637.14"
"19,8 : 386.87"
"19,9 : 546.63"
"19,10 : 359.71"
"19,11 : 629.69"
"19,12 : 443.42"
"19,13 : 334.2"
"19,14 : 871.66"
"19,15 : 500.99"
"19,16 : 746.07"
"19,17 : 701.68"
"19,18 : 965.24"
"19,19 : 0.0"
"19,20 : 561.61"
"19,21 : 791.26"
"19,22 : 424.9"
"19,23 : 356.59"
"19,24 : 913.22"
"19,25 : 444.71"
"19,26 : 251.41"
"19,27 : 533.24"
"19,28 : 451.4"
"19,29 : 872.76"
"19,30 : 422.69"
"19,31 : 1012.08"
"19,32 : 588.09"
"19,33 : 446.92"
"19,34 : 656.27"
"19,35 : 669.62"
"19,36 : 692.79"
"19,37 : 364.05"
"19,38 : 330.2"
"19,39 : 704.6"
"19,40 : 345.58"
"19,41 : 441.94"
"19,42 : 746.45"
"19,43 : 718.37"
"19,44 : 693.08"
"19,45 : 880.77"
"19,46 : 93.19"
"19,47 : 357.69"
"19,48 : 711.9"
"19,49 : 437.07"
"19,50 : 884.95"
"19,51 : 463.95"
"19,52 : 279.25"
"19,53 : 546.75"
"19,54 : 909.84"
"19,55 : 492.14"
"19,56 : 653.81"
"19,57 : 238.3"
"19,58 : 652.36"
"19,59 : 776.56"
"19,60 : 607.01"
"19,61 : 757.5"
"19,62 : 949.44"
"19,63 : 756.45"
"19,64 : 556.77"
"19,65 : 786.14"
"19,66 : 411.31"
"19,67 : 778.21"
"19,68 : 847.85"
"19,69 : 500.22"
"19,70 : 729.75"
"19,71 : 159.66"
"19,72 : 473.7"
"19,73 : 468.18"
"19,74 : 748.12"
"19,75 : 446.2"
"19,76 : 784.69"
"19,77 : 654.4"
"19,78 : 514.82"
"19,79 : 516.1"
"19,80 : 1020.12"
"19,81 : 856.95"
"19,82 : 704.65"
"19,83 : 165.25"
"19,84 : 457.87"
"19,85 : 464.24"
"19,86 : 904.18"
"19,87 : 267.88"
"19,88 : 427.14"
"19,89 : 813.04"
"19,90 : 216.52"
"19,91 : 556.82"
"19,92 : 823.25"
"19,93 : 916.46"
"19,94 : 488.94"
"19,95 : 674.7"
"19,96 : 460.72"
"19,97 : 674.48"
"19,98 : 383.63"
"19,99 : 938.65"
"20,0 : 689.03"
"20,1 : 739.44"
"20,2 : 808.23"
"20,3 : 396.94"
"20,4 : 346.05"
"20,5 : 653.98"
"20,6 : 710.03"
"20,7 : 128.76"
"20,8 : 232.17"
"20,9 : 401.38"
"20,10 : 891.27"
"20,11 : 528.29"
"20,12 : 220.47"
"20,13 : 451.88"
"20,14 : 761.05"
"20,15 : 783.04"
"20,16 : 830.2"
"20,17 : 421.09"
"20,18 : 937.84"
"20,19 : 561.61"
"20,20 : 0.0"
"20,21 : 700.68"
"20,22 : 755.75"
"20,23 : 236.08"
"20,24 : 590.36"
"20,25 : 894.03"
"20,26 : 312.46"
"20,27 : 333.22"
"20,28 : 144.54"
"20,29 : 875.0"
"20,30 : 757.1"
"20,31 : 1083.96"
"20,32 : 704.78"
"20,33 : 122.43"
"20,34 : 726.33"
"20,35 : 469.56"
"20,36 : 603.49"
"20,37 : 270.44"
"20,38 : 248.62"
"20,39 : 673.92"
"20,40 : 490.72"
"20,41 : 622.68"
"20,42 : 971.99"
"20,43 : 721.37"
"20,44 : 248.29"
"20,45 : 969.14"
"20,46 : 469.69"
"20,47 : 205.8"
"20,48 : 222.45"
"20,49 : 557.65"
"20,50 : 968.34"
"20,51 : 684.68"
"20,52 : 286.23"
"20,53 : 342.95"
"20,54 : 578.58"
"20,55 : 850.46"
"20,56 : 861.72"
"20,57 : 788.05"
"20,58 : 838.08"
"20,59 : 308.91"
"20,60 : 630.82"
"20,61 : 902.81"
"20,62 : 722.53"
"20,63 : 713.27"
"20,64 : 181.46"
"20,65 : 763.21"
"20,66 : 168.11"
"20,67 : 470.68"
"20,68 : 823.65"
"20,69 : 115.88"
"20,70 : 890.13"
"20,71 : 406.97"
"20,72 : 98.01"
"20,73 : 293.3"
"20,74 : 651.56"
"20,75 : 677.48"
"20,76 : 526.09"
"20,77 : 143.38"
"20,78 : 936.86"
"20,79 : 45.65"
"20,80 : 713.53"
"20,81 : 928.69"
"20,82 : 928.91"
"20,83 : 422.23"
"20,84 : 751.03"
"20,85 : 252.41"
"20,86 : 627.2"
"20,87 : 630.04"
"20,88 : 712.4"
"20,89 : 1006.07"
"20,90 : 467.47"
"20,91 : 5.83"
"20,92 : 708.16"
"20,93 : 1027.04"
"20,94 : 943.01"
"20,95 : 368.88"
"20,96 : 253.9"
"20,97 : 434.26"
"20,98 : 462.96"
"20,99 : 972.98"
"21,0 : 126.06"
"21,1 : 123.98"
"21,2 : 192.42"
"21,3 : 712.88"
"21,4 : 453.08"
"21,5 : 333.65"
"21,6 : 222.75"
"21,7 : 614.59"
"21,8 : 807.97"
"21,9 : 313.18"
"21,10 : 871.27"
"21,11 : 184.72"
"21,12 : 519.71"
"21,13 : 460.18"
"21,14 : 80.4"
"21,15 : 478.99"
"21,16 : 242.79"
"21,17 : 306.2"
"21,18 : 237.79"
"21,19 : 791.26"
"21,20 : 700.68"
"21,21 : 0.0"
"21,22 : 536.64"
"21,23 : 592.33"
"21,24 : 331.19"
"21,25 : 728.66"
"21,26 : 723.03"
"21,27 : 375.33"
"21,28 : 600.08"
"21,29 : 191.02"
"21,30 : 541.05"
"21,31 : 408.31"
"21,32 : 278.37"
"21,33 : 721.59"
"21,34 : 213.82"
"21,35 : 234.05"
"21,36 : 106.74"
"21,37 : 830.35"
"21,38 : 617.73"
"21,39 : 98.48"
"21,40 : 445.7"
"21,41 : 386.66"
"21,42 : 469.44"
"21,43 : 125.64"
"21,44 : 517.23"
"21,45 : 325.76"
"21,46 : 736.01"
"21,47 : 705.54"
"21,48 : 575.54"
"21,49 : 361.39"
"21,50 : 321.07"
"21,51 : 410.8"
"21,52 : 725.71"
"21,53 : 362.89"
"21,54 : 342.47"
"21,55 : 588.36"
"21,56 : 401.84"
"21,57 : 860.7"
"21,58 : 368.02"
"21,59 : 538.97"
"21,60 : 196.57"
"21,61 : 342.86"
"21,62 : 220.79"
"21,63 : 64.01"
"21,64 : 519.43"
"21,65 : 97.01"
"21,66 : 617.84"
"21,67 : 309.03"
"21,68 : 134.16"
"21,69 : 596.6"
"21,70 : 354.59"
"21,71 : 756.63"
"21,72 : 646.21"
"21,73 : 437.72"
"21,74 : 50.57"
"21,75 : 424.98"
"21,76 : 239.56"
"21,77 : 614.49"
"21,78 : 707.86"
"21,79 : 695.05"
"21,80 : 352.93"
"21,81 : 282.93"
"21,82 : 446.97"
"21,83 : 800.32"
"21,84 : 490.72"
"21,85 : 888.33"
"21,86 : 264.76"
"21,87 : 582.76"
"21,88 : 482.59"
"21,89 : 452.13"
"21,90 : 576.25"
"21,91 : 702.82"
"21,92 : 39.62"
"21,93 : 387.35"
"21,94 : 758.66"
"21,95 : 353.45"
"21,96 : 476.77"
"21,97 : 275.94"
"21,98 : 410.15"
"21,99 : 291.19"
"22,0 : 411.35"
"22,1 : 433.06"
"22,2 : 726.14"
"22,3 : 471.05"
"22,4 : 753.08"
"22,5 : 825.6"
"22,6 : 318.89"
"22,7 : 760.03"
"22,8 : 695.89"
"22,9 : 473.08"
"22,10 : 341.89"
"22,11 : 459.04"
"22,12 : 544.13"
"22,13 : 305.2"
"22,14 : 607.28"
"22,15 : 83.6"
"22,16 : 384.63"
"22,17 : 628.24"
"22,18 : 627.69"
"22,19 : 424.9"
"22,20 : 755.75"
"22,21 : 536.64"
"22,22 : 0.0"
"22,23 : 525.57"
"22,24 : 794.44"
"22,25 : 195.67"
"22,26 : 546.13"
"22,27 : 514.25"
"22,28 : 611.27"
"22,29 : 533.79"
"22,30 : 4.47"
"22,31 : 619.78"
"22,32 : 260.86"
"22,33 : 686.99"
"22,34 : 333.64"
"22,35 : 552.37"
"22,36 : 477.41"
"22,37 : 692.75"
"22,38 : 524.07"
"22,39 : 438.4"
"22,40 : 268.19"
"22,41 : 176.66"
"22,42 : 324.1"
"22,43 : 421.24"
"22,44 : 744.91"
"22,45 : 494.01"
"22,46 : 435.64"
"22,47 : 612.24"
"22,48 : 791.09"
"22,49 : 241.7"
"22,50 : 500.01"
"22,51 : 128.76"
"22,52 : 568.65"
"22,53 : 518.56"
"22,54 : 798.55"
"22,55 : 94.76"
"22,56 : 243.67"
"22,57 : 366.01"
"22,58 : 253.03"
"22,59 : 816.02"
"22,60 : 347.35"
"22,61 : 360.45"
"22,62 : 748.58"
"22,63 : 479.3"
"22,64 : 641.57"
"22,65 : 484.79"
"22,66 : 591.79"
"22,67 : 691.31"
"22,68 : 530.9"
"22,69 : 647.37"
"22,70 : 329.73"
"22,71 : 505.25"
"22,72 : 659.38"
"22,73 : 498.16"
"22,74 : 513.82"
"22,75 : 118.81"
"22,76 : 658.15"
"22,77 : 772.26"
"22,78 : 198.91"
"22,79 : 720.34"
"22,80 : 863.45"
"22,81 : 481.5"
"22,82 : 284.42"
"22,83 : 540.16"
"22,84 : 49.04"
"22,85 : 790.42"
"22,86 : 752.47"
"22,87 : 162.64"
"22,88 : 58.83"
"22,89 : 394.39"
"22,90 : 313.06"
"22,91 : 753.61"
"22,92 : 576.0"
"22,93 : 516.73"
"22,94 : 233.31"
"22,95 : 633.93"
"22,96 : 525.02"
"22,97 : 585.02"
"22,98 : 306.86"
"22,99 : 571.06"
"23,0 : 542.11"
"23,1 : 593.9"
"23,2 : 743.64"
"23,3 : 197.84"
"23,4 : 408.51"
"23,5 : 663.46"
"23,6 : 535.84"
"23,7 : 283.65"
"23,8 : 218.68"
"23,9 : 282.66"
"23,10 : 661.48"
"23,11 : 407.62"
"23,12 : 97.74"
"23,13 : 228.99"
"23,14 : 666.2"
"23,15 : 560.8"
"23,16 : 661.1"
"23,17 : 393.75"
"23,18 : 815.81"
"23,19 : 356.59"
"23,20 : 236.08"
"23,21 : 592.33"
"23,22 : 525.57"
"23,23 : 0.0"
"23,24 : 603.75"
"23,25 : 658.0"
"23,26 : 150.62"
"23,27 : 234.1"
"23,28 : 99.62"
"23,29 : 738.13"
"23,30 : 526.57"
"23,31 : 930.2"
"23,32 : 516.52"
"23,33 : 165.06"
"23,34 : 554.92"
"23,35 : 395.92"
"23,36 : 485.87"
"23,37 : 238.25"
"23,38 : 31.62"
"23,39 : 536.7"
"23,40 : 268.8"
"23,41 : 409.72"
"23,42 : 768.83"
"23,43 : 574.36"
"23,44 : 338.66"
"23,45 : 805.49"
"23,46 : 264.17"
"23,47 : 115.25"
"23,48 : 355.32"
"23,49 : 352.4"
"23,50 : 806.34"
"23,51 : 468.27"
"23,52 : 142.28"
"23,53 : 249.07"
"23,54 : 596.9"
"23,55 : 619.79"
"23,56 : 658.44"
"23,57 : 565.94"
"23,58 : 639.22"
"23,59 : 421.84"
"23,60 : 467.32"
"23,61 : 718.3"
"23,62 : 685.09"
"23,63 : 584.67"
"23,64 : 202.18"
"23,65 : 629.75"
"23,66 : 68.0"
"23,67 : 466.41"
"23,68 : 694.53"
"23,69 : 147.23"
"23,70 : 700.69"
"23,71 : 226.74"
"23,72 : 138.09"
"23,73 : 161.52"
"23,74 : 542.01"
"23,75 : 458.48"
"23,76 : 494.39"
"23,77 : 300.42"
"23,78 : 702.02"
"23,79 : 196.65"
"23,80 : 722.08"
"23,81 : 768.92"
"23,82 : 724.5"
"23,83 : 260.38"
"23,84 : 525.63"
"23,85 : 307.06"
"23,86 : 613.67"
"23,87 : 394.21"
"23,88 : 486.38"
"23,89 : 812.33"
"23,90 : 231.49"
"23,91 : 233.0"
"23,92 : 611.95"
"23,93 : 858.36"
"23,94 : 707.0"
"23,95 : 353.62"
"23,96 : 131.86"
"23,97 : 381.38"
"23,98 : 253.21"
"23,99 : 828.51"
"24,0 : 431.6"
"24,1 : 449.99"
