x,y
586,970
208,203
193,451
113,65
694,208
337,27
542,156
290,720
816,610
549,597
764,576
391,111
669,726
778,673
861,551
540,197
748,263
267,992
40,55
359,20
111,259
339,281
297,533
197,791
920,745
677,521
887,25
709,510
882,497
994,735
202,408
634,305
933,371
762,293
675,780
20,376
239,862
586,7
422,158
981,613
716,90
349,329
937,729
368,175
229,914
650,976
316,483
745,325
921,170
112,391
462,109
412,511
242,499
493,885
96,765
961,294
696,513
490,927
178,993
495,546
590,501
429,176
323,963
63,69
531,313
202,571
752,126
944,817
757,266
441,863
210,893
620,413
162,698
642,48
698,845
354,491
568,590
602,772
118,70
173,959
119,707
729,976
905,468
810,83
521,128
525,806
811,853
966,936
725,652
604,675
591,14
600,998
912,866
820,972
634,871
531,243
776,434
718,171
396,340
300,548

Distanze
"0,0 : 0.0"
"0,1 : 898.11"
"0,2 : 570.45"
"0,3 : 977.72"
"0,4 : 247.68"
"0,5 : 445.31"
"0,6 : 293.8"
"0,7 : 745.37"
"0,8 : 827.52"
"0,9 : 138.76"
"0,10 : 837.65"
"0,11 : 722.19"
"0,12 : 906.41"
"0,13 : 799.92"
"0,14 : 475.19"
"0,15 : 409.31"
"0,16 : 842.15"
"0,17 : 728.4"
"0,18 : 575.25"
"0,19 : 965.36"
"0,20 : 827.51"
"0,21 : 846.86"
"0,22 : 488.81"
"0,23 : 299.1"
"0,24 : 383.0"
"0,25 : 840.26"
"0,26 : 324.02"
"0,27 : 365.47"
"0,28 : 540.17"
"0,29 : 717.4"
"0,30 : 199.46"
"0,31 : 753.78"
"0,32 : 282.12"
"0,33 : 767.02"
"0,34 : 770.78"
"0,35 : 267.47"
"0,36 : 306.57"
"0,37 : 245.55"
"0,38 : 645.96"
"0,39 : 876.62"
"0,40 : 77.08"
"0,41 : 478.8"
"0,42 : 848.02"
"0,43 : 359.67"
"0,44 : 336.67"
"0,45 : 592.43"
"0,46 : 823.74"
"0,47 : 679.78"
"0,48 : 307.2"
"0,49 : 757.39"
"0,50 : 709.71"
"0,51 : 144.25"
"0,52 : 778.33"
"0,53 : 843.98"
"0,54 : 505.45"
"0,55 : 776.41"
"0,56 : 553.06"
"0,57 : 935.6"
"0,58 : 291.58"
"0,59 : 302.06"
"0,60 : 845.74"
"0,61 : 816.55"
"0,62 : 615.37"
"0,63 : 623.33"
"0,64 : 226.21"
"0,65 : 147.9"
"0,66 : 707.31"
"0,67 : 250.01"
"0,68 : 537.16"
"0,69 : 701.6"
"0,70 : 761.58"
"0,71 : 510.41"
"0,72 : 277.52"
"0,73 : 738.88"
"0,74 : 119.02"
"0,75 : 239.23"
"0,76 : 476.29"
"0,77 : 853.99"
"0,78 : 537.81"
"0,79 : 659.64"
"0,80 : 371.84"
"0,81 : 1055.46"
"0,82 : 144.78"
"0,83 : 289.29"
"0,84 : 538.61"
"0,85 : 577.62"
"0,86 : 494.73"
"0,87 : 212.81"
"0,88 : 693.18"
"0,89 : 201.82"
"0,90 : 43.38"
"0,91 : 433.25"
"0,92 : 668.15"
"0,93 : 509.04"
"0,94 : 632.63"
"0,95 : 267.93"
"0,96 : 144.64"
"0,97 : 354.18"
"0,98 : 830.43"
"0,99 : 832.51"
"1,0 : 898.11"
"1,1 : 0.0"
"1,2 : 523.62"
"1,3 : 100.85"
"1,4 : 906.95"
"1,5 : 693.26"
"1,6 : 899.66"
"1,7 : 154.65"
"1,8 : 84.72"
"1,9 : 1012.93"
"1,10 : 445.58"
"1,11 : 611.41"
"1,12 : 75.24"
"1,13 : 554.44"
"1,14 : 570.6"
"1,15 : 708.24"
"1,16 : 372.61"
"1,17 : 587.63"
"1,18 : 582.47"
"1,19 : 308.37"
"1,20 : 195.06"
"1,21 : 243.45"
"1,22 : 576.42"
"1,23 : 751.64"
"1,24 : 586.19"
"1,25 : 272.77"
"1,26 : 654.05"
"1,27 : 535.08"
"1,28 : 692.45"
"1,29 : 261.08"
"1,30 : 930.04"
"1,31 : 746.42"
"1,32 : 627.29"
"1,33 : 520.33"
"1,34 : 133.56"
"1,35 : 956.28"
"1,36 : 696.56"
"1,37 : 652.57"
"1,38 : 474.32"
"1,39 : 470.94"
"1,40 : 840.2"
"1,41 : 433.71"
"1,42 : 397.08"
"1,43 : 581.12"
"1,44 : 680.54"
"1,45 : 394.53"
"1,46 : 174.23"
"1,47 : 630.38"
"1,48 : 628.84"
"1,49 : 144.81"
"1,50 : 907.6"
"1,51 : 915.8"
"1,52 : 198.66"
"1,53 : 263.08"
"1,54 : 429.42"
"1,55 : 301.4"
"1,56 : 487.46"
"1,57 : 155.9"
"1,58 : 887.62"
"1,59 : 603.71"
"1,60 : 484.19"
"1,61 : 649.17"
"1,62 : 404.3"
"1,63 : 712.36"
"1,64 : 730.6"
"1,65 : 753.77"
"1,66 : 808.57"
"1,67 : 648.24"
"1,68 : 411.1"
"1,69 : 666.24"
"1,70 : 529.83"
"1,71 : 739.0"
"1,72 : 825.45"
"1,73 : 511.02"
"1,74 : 781.34"
"1,75 : 1087.75"
"1,76 : 764.44"
"1,77 : 59.67"
"1,78 : 943.86"
"1,79 : 423.76"
"1,80 : 576.89"
"1,81 : 240.28"
"1,82 : 1027.64"
"1,83 : 657.71"
"1,84 : 623.42"
"1,85 : 691.77"
"1,86 : 654.66"
"1,87 : 944.2"
"1,88 : 421.59"
"1,89 : 767.17"
"1,90 : 941.48"
"1,91 : 619.29"
"1,92 : 849.85"
"1,93 : 560.13"
"1,94 : 662.95"
"1,95 : 630.42"
"1,96 : 1007.95"
"1,97 : 699.43"
"1,98 : 382.58"
"1,99 : 386.59"
"2,0 : 570.45"
"2,1 : 523.62"
"2,2 : 0.0"
"2,3 : 556.09"
"2,4 : 718.58"
"2,5 : 187.28"
"2,6 : 740.48"
"2,7 : 394.46"
"2,8 : 499.01"
"2,9 : 632.07"
"2,10 : 270.84"
"2,11 : 185.15"
"2,12 : 487.2"
"2,13 : 235.26"
"2,14 : 584.44"
"2,15 : 661.3"
"2,16 : 721.06"
"2,17 : 790.53"
"2,18 : 62.77"
"2,19 : 437.38"
"2,20 : 359.25"
"2,21 : 347.8"
"2,22 : 84.86"
"2,23 : 303.04"
"2,24 : 508.54"
"2,25 : 652.4"
"2,26 : 246.47"
"2,27 : 362.67"
"2,28 : 168.87"
"2,29 : 263.39"
"2,30 : 500.79"
"2,31 : 289.7"
"2,32 : 319.11"
"2,33 : 198.16"
"2,34 : 401.09"
"2,35 : 763.33"
"2,36 : 569.28"
"2,37 : 388.97"
"2,38 : 80.28"
"2,39 : 307.62"
"2,40 : 493.94"
"2,41 : 392.65"
"2,42 : 290.52"
"2,43 : 227.9"
"2,44 : 241.23"
"2,45 : 517.82"
"2,46 : 569.31"
"2,47 : 788.24"
"2,48 : 272.27"
"2,49 : 442.51"
"2,50 : 401.33"
"2,51 : 512.14"
"2,52 : 541.09"
"2,53 : 648.72"
"2,54 : 182.99"
"2,55 : 620.35"
"2,56 : 574.07"
"2,57 : 472.49"
"2,58 : 730.47"
"2,59 : 313.82"
"2,60 : 797.62"
"2,61 : 887.6"
"2,62 : 554.2"
"2,63 : 203.33"
"2,64 : 538.03"
"2,65 : 436.4"
"2,66 : 315.99"
"2,67 : 391.88"
"2,68 : 464.17"
"2,69 : 827.42"
"2,70 : 772.69"
"2,71 : 755.6"
"2,72 : 369.61"
"2,73 : 743.85"
"2,74 : 463.0"
"2,75 : 807.67"
"2,76 : 245.99"
"2,77 : 464.16"
"2,78 : 421.57"
"2,79 : 115.43"
"2,80 : 480.69"
"2,81 : 571.42"
"2,82 : 714.85"
"2,83 : 283.29"
"2,84 : 684.11"
"2,85 : 764.71"
"2,86 : 137.12"
"2,87 : 723.76"
"2,88 : 140.06"
"2,89 : 562.77"
"2,90 : 606.64"
"2,91 : 144.25"
"2,92 : 340.11"
"2,93 : 604.44"
"2,94 : 162.64"
"2,95 : 383.89"
"2,96 : 620.01"
"2,97 : 611.57"
"2,98 : 277.03"
"2,99 : 723.69"
"3,0 : 977.72"
"3,1 : 100.85"
"3,2 : 556.09"
"3,3 : 0.0"
"3,4 : 999.9"
"3,5 : 735.73"
"3,6 : 994.47"
"3,7 : 234.44"
"3,8 : 185.15"
"3,9 : 1087.18"
"3,10 : 426.22"
"3,11 : 614.56"
"3,12 : 73.05"
"3,13 : 543.62"
"3,14 : 669.58"
"3,15 : 806.63"
"3,16 : 463.03"
"3,17 : 685.86"
"3,18 : 610.4"
"3,19 : 250.8"
"3,20 : 199.01"
"3,21 : 229.58"
"3,22 : 619.08"
"3,23 : 809.52"
"3,24 : 680.64"
"3,25 : 364.09"
"3,26 : 715.63"
"3,27 : 619.22"
"3,28 : 722.31"
"3,29 : 296.32"
"3,30 : 995.08"
"3,31 : 747.25"
"3,32 : 701.29"
"3,33 : 515.61"
"3,34 : 207.51"
"3,35 : 1049.46"
"3,36 : 790.37"
"3,37 : 732.91"
"3,38 : 495.7"
"3,39 : 443.31"
"3,40 : 916.37"
"3,41 : 524.14"
"3,42 : 375.3"
"3,43 : 646.45"
"3,44 : 737.96"
"3,45 : 494.3"
"3,46 : 271.28"
"3,47 : 730.09"
"3,48 : 696.62"
"3,49 : 238.95"
"3,50 : 920.0"
"3,51 : 985.08"
"3,52 : 298.87"
"3,53 : 354.05"
"3,54 : 491.26"
"3,55 : 398.84"
"3,56 : 587.63"
"3,57 : 103.77"
"3,58 : 982.43"
"3,59 : 678.71"
"3,60 : 575.04"
"3,61 : 743.96"
"3,62 : 504.91"
"3,63 : 730.73"
"3,64 : 820.24"
"3,65 : 831.41"
"3,66 : 817.59"
"3,67 : 729.19"
"3,68 : 507.83"
"3,69 : 765.51"
"3,70 : 626.52"
"3,71 : 839.49"
"3,72 : 883.46"
"3,73 : 608.78"
"3,74 : 859.6"
"3,75 : 1175.06"
"3,76 : 801.64"
"3,77 : 125.1"
"3,78 : 977.07"
"3,79 : 446.7"
"3,80 : 669.74"
"3,81 : 145.12"
"3,82 : 1110.86"
"3,83 : 724.4"
"3,84 : 724.08"
"3,85 : 792.62"
"3,86 : 691.84"
"3,87 : 1035.18"
"3,88 : 436.74"
"3,89 : 856.62"
"3,90 : 1020.93"
"3,91 : 667.46"
"3,92 : 865.11"
"3,93 : 660.0"
"3,94 : 680.0"
"3,95 : 711.69"
"3,96 : 1081.07"
"3,97 : 795.71"
"3,98 : 365.56"
"3,99 : 478.02"
"4,0 : 247.68"
"4,1 : 906.95"
"4,2 : 718.58"
"4,3 : 999.9"
"4,4 : 0.0"
"4,5 : 640.8"
"4,6 : 48.6"
"4,7 : 768.2"
"4,8 : 825.97"
"4,9 : 356.33"
"4,10 : 964.01"
"4,11 : 892.8"
"4,12 : 935.02"
"4,13 : 953.64"
"4,14 : 368.78"
"4,15 : 247.11"
"4,16 : 748.35"
"4,17 : 574.39"
"4,18 : 741.48"
"4,19 : 1048.22"
"4,20 : 889.25"
"4,21 : 922.02"
"4,22 : 648.59"
"4,23 : 507.51"
"4,24 : 321.63"
"4,25 : 775.48"
"4,26 : 491.41"
"4,27 : 400.65"
"4,28 : 735.33"
"4,29 : 789.41"
"4,30 : 447.0"
"4,31 : 950.04"
"4,32 : 399.49"
"4,33 : 914.63"
"4,34 : 796.82"
"4,35 : 49.82"
"4,36 : 210.88"
"4,37 : 330.34"
"4,38 : 782.6"
"4,39 : 1006.27"
"4,40 : 297.52"
"4,41 : 476.45"
"4,42 : 962.16"
"4,43 : 490.68"
"4,44 : 520.14"
"4,45 : 534.57"
"4,46 : 790.51"
"4,47 : 514.06"
"4,48 : 449.63"
"4,49 : 762.42"
"4,50 : 935.2"
"4,51 : 391.78"
"4,52 : 745.75"
"4,53 : 781.82"
"4,54 : 596.53"
"4,55 : 708.85"
"4,56 : 462.05"
"4,57 : 982.8"
"4,58 : 51.08"
"4,59 : 406.02"
"4,60 : 720.53"
"4,61 : 646.61"
"4,62 : 543.74"
"4,63 : 820.32"
"4,64 : 190.08"
"4,65 : 300.73"
"4,66 : 917.72"
"4,67 : 328.29"
"4,68 : 499.6"
"4,69 : 524.92"
"4,70 : 623.97"
"4,71 : 316.62"
"4,72 : 507.61"
"4,73 : 607.79"
"4,74 : 283.13"
"4,75 : 220.66"
"4,76 : 689.44"
"4,77 : 875.69"
"4,78 : 777.05"
"4,79 : 781.43"
"4,80 : 330.23"
"4,81 : 1104.32"
"4,82 : 233.79"
"4,83 : 446.82"
"4,84 : 388.15"
"4,85 : 396.41"
"4,86 : 680.06"
"4,87 : 58.69"
"4,88 : 815.92"
"4,89 : 158.6"
"4,90 : 256.84"
"4,91 : 603.46"
"4,92 : 887.76"
"4,93 : 395.74"
"4,94 : 818.48"
"4,95 : 339.0"
"4,96 : 369.64"
"4,97 : 221.42"
"4,98 : 941.87"
"4,99 : 734.92"
"5,0 : 445.31"
"5,1 : 693.26"
"5,2 : 187.28"
"5,3 : 735.73"
"5,4 : 640.8"
"5,5 : 0.0"
"5,6 : 672.76"
"5,7 : 551.46"
"5,8 : 656.48"
"5,9 : 476.45"
"5,10 : 443.81"
"5,11 : 284.04"
"5,12 : 664.88"
"5,13 : 374.19"
"5,14 : 611.2"
"5,15 : 650.52"
"5,16 : 833.36"
"5,17 : 852.07"
"5,18 : 155.24"
"5,19 : 623.7"
"5,20 : 542.21"
"5,21 : 534.33"
"5,22 : 117.04"
"5,23 : 147.38"
"5,24 : 515.94"
"5,25 : 779.92"
"5,26 : 157.81"
"5,27 : 375.76"
"5,28 : 95.52"
"5,29 : 439.56"
"5,30 : 331.88"
"5,31 : 310.85"
"5,32 : 270.9"
"5,33 : 350.73"
"5,34 : 563.8"
"5,35 : 679.0"
"5,36 : 540.98"
"5,37 : 339.7"
"5,38 : 264.33"
"5,39 : 474.88"
"5,40 : 369.49"
"5,41 : 454.17"
"5,42 : 471.17"
"5,43 : 204.75"
"5,44 : 121.66"
"5,45 : 598.25"
"5,46 : 710.71"
"5,47 : 835.19"
"5,48 : 213.44"
"5,49 : 592.68"
"5,50 : 320.36"
"5,51 : 354.74"
"5,52 : 675.78"
"5,53 : 778.12"
"5,54 : 285.57"
"5,55 : 736.65"
"5,56 : 629.35"
"5,57 : 656.79"
"5,58 : 664.71"
"5,59 : 281.01"
"5,60 : 892.82"
"5,61 : 951.79"
"5,62 : 634.6"
"5,63 : 180.22"
"5,64 : 485.8"
"5,65 : 340.18"
"5,66 : 279.73"
"5,67 : 345.86"
"5,68 : 535.88"
"5,69 : 871.42"
"5,70 : 848.77"
"5,71 : 756.3"
"5,72 : 197.43"
"5,73 : 819.95"
"5,74 : 360.14"
"5,75 : 683.37"
"5,76 : 80.78"
"5,77 : 635.02"
"5,78 : 259.66"
"5,79 : 302.65"
"5,80 : 487.6"
"5,81 : 758.31"
"5,82 : 583.12"
"5,83 : 202.77"
"5,84 : 710.74"
"5,85 : 784.95"
"5,86 : 57.28"
"5,87 : 631.54"
"5,88 : 326.44"
"5,89 : 499.98"
"5,90 : 474.08"
"5,91 : 83.19"
"5,92 : 262.96"
"5,93 : 638.6"
"5,94 : 187.84"
"5,95 : 346.65"
"5,96 : 462.06"
"5,97 : 592.33"
"5,98 : 459.92"
"5,99 : 832.59"
"6,0 : 293.8"
"6,1 : 899.66"
"6,2 : 740.48"
"6,3 : 994.47"
"6,4 : 48.6"
"6,5 : 672.76"
"6,6 : 0.0"
"6,7 : 765.1"
"6,8 : 817.42"
"6,9 : 404.86"
"6,10 : 979.47"
"6,11 : 917.75"
"6,12 : 931.36"
"6,13 : 974.73"
"6,14 : 347.81"
"6,15 : 217.83"
"6,16 : 722.47"
"6,17 : 538.44"
"6,18 : 766.7"
"6,19 : 1054.41"
"6,20 : 892.49"
"6,21 : 927.62"
"6,22 : 673.57"
"6,23 : 543.42"
"6,24 : 313.83"
"6,25 : 755.02"
"6,26 : 520.35"
"6,27 : 408.89"
"6,28 : 766.43"
"6,29 : 795.69"
"6,30 : 492.59"
"6,31 : 980.18"
"6,32 : 422.71"
"6,33 : 934.72"
"6,34 : 794.01"
"6,35 : 70.71"
"6,36 : 205.0"
"6,37 : 351.64"
"6,38 : 801.59"
"6,39 : 1022.12"
"6,40 : 339.52"
"6,41 : 474.22"
"6,42 : 975.17"
"6,43 : 513.29"
"6,44 : 551.36"
"6,45 : 519.23"
"6,46 : 776.11"
"6,47 : 476.44"
"6,48 : 475.34"
"6,49 : 755.89"
"6,50 : 972.33"
"6,51 : 437.41"
"6,52 : 731.99"
"6,53 : 761.8"
"6,54 : 609.41"
"6,55 : 688.58"
"6,56 : 441.44"
"6,57 : 982.41"
"6,58 : 12.04"
"6,59 : 426.68"
"6,60 : 688.8"
"6,61 : 607.0"
"6,62 : 525.3"
"6,63 : 851.26"
"6,64 : 203.74"
"6,65 : 334.43"
"6,66 : 951.2"
"6,67 : 348.6"
"6,68 : 489.39"
"6,69 : 485.0"
"6,70 : 590.74"
"6,71 : 276.02"
"6,72 : 547.75"
"6,73 : 576.03"
"6,74 : 319.44"
"6,75 : 259.28"
"6,76 : 724.65"
"6,77 : 871.2"
"6,78 : 818.46"
"6,79 : 797.53"
"6,80 : 326.4"
"6,81 : 1103.44"
"6,82 : 281.06"
"6,83 : 475.15"
"6,84 : 356.09"
"6,85 : 357.17"
"6,86 : 709.63"
"6,87 : 104.18"
"6,88 : 831.86"
"6,89 : 177.91"
"6,90 : 304.77"
"6,91 : 631.01"
"6,92 : 923.55"
"6,93 : 372.13"
"6,94 : 847.07"
"6,95 : 357.34"
"6,96 : 418.06"
"6,97 : 203.22"
"6,98 : 954.49"
"6,99 : 708.43"
"7,0 : 745.37"
"7,1 : 154.65"
"7,2 : 394.46"
"7,3 : 234.44"
"7,4 : 768.2"
"7,5 : 551.46"
"7,6 : 765.1"
"7,7 : 0.0"
"7,8 : 105.32"
"7,9 : 858.62"
"7,10 : 390.59"
"7,11 : 513.69"
"7,12 : 166.9"
"7,13 : 478.55"
"7,14 : 454.71"
"7,15 : 587.31"
"7,16 : 371.3"
"7,17 : 533.16"
"7,18 : 456.27"
"7,19 : 332.54"
"7,20 : 164.51"
"7,21 : 218.51"
"7,22 : 436.15"
"7,23 : 599.98"
"7,24 : 452.02"
"7,25 : 282.36"
"7,26 : 501.26"
"7,27 : 384.9"
"7,28 : 561.78"
"7,29 : 152.74"
"7,30 : 775.88"
"7,31 : 647.28"
"7,32 : 472.79"
"7,33 : 437.91"
"7,34 : 29.15"
"7,35 : 817.92"
"7,36 : 560.21"
"7,37 : 499.99"
"7,38 : 360.15"
"7,39 : 426.2"
"7,40 : 686.23"
"7,41 : 291.74"
"7,42 : 351.24"
"7,43 : 427.37"
"7,44 : 529.37"
"7,45 : 290.15"
"7,46 : 184.11"
"7,47 : 562.0"
"7,48 : 474.49"
"7,49 : 54.67"
"7,50 : 791.65"
"7,51 : 761.17"
"7,52 : 170.02"
"7,53 : 275.94"
"7,54 : 277.95"
"7,55 : 275.12"
"7,56 : 383.73"
"7,57 : 221.38"
"7,58 : 753.08"
"7,59 : 449.33"
"7,60 : 471.83"
"7,61 : 612.18"
"7,62 : 311.33"
"7,63 : 593.25"
"7,64 : 586.5"
"7,65 : 600.16"
"7,66 : 698.08"
"7,67 : 495.98"
"7,68 : 287.15"
"7,69 : 601.07"
"7,70 : 487.78"
"7,71 : 634.35"
"7,72 : 673.51"
"7,73 : 463.31"
"7,74 : 627.97"
"7,75 : 940.63"
"7,76 : 626.1"
"7,77 : 109.4"
"7,78 : 807.22"
"7,79 : 310.94"
"7,80 : 438.91"
"7,81 : 339.94"
"7,82 : 876.99"
"7,83 : 503.51"
"7,84 : 523.9"
"7,85 : 599.92"
"7,86 : 517.82"
"7,87 : 801.9"
"7,88 : 319.23"
"7,89 : 622.77"
"7,90 : 788.68"
"7,91 : 474.08"
"7,92 : 731.61"
"7,93 : 451.27"
"7,94 : 546.51"
"7,95 : 478.31"
"7,96 : 853.48"
"7,97 : 569.96"
"7,98 : 331.39"
"7,99 : 379.89"
"8,0 : 827.52"
"8,1 : 84.72"
"8,2 : 499.01"
"8,3 : 185.15"
"8,4 : 825.97"
"8,5 : 656.48"
"8,6 : 817.42"
"8,7 : 105.32"
"8,8 : 0.0"
"8,9 : 946.38"
"8,10 : 467.47"
"8,11 : 610.17"
"8,12 : 142.59"
"8,13 : 566.14"
"8,14 : 486.15"
"8,15 : 624.0"
"8,16 : 309.48"
"8,17 : 509.99"
"8,18 : 560.47"
"8,19 : 363.83"
"8,20 : 219.21"
"8,21 : 274.12"
"8,22 : 541.4"
"8,23 : 700.58"
"8,24 : 504.58"
"8,25 : 211.38"
"8,26 : 600.71"
"8,27 : 462.45"
"8,28 : 666.76"
"8,29 : 248.16"
"8,30 : 871.54"
"8,31 : 744.8"
"8,32 : 563.04"
"8,33 : 527.91"
"8,34 : 99.76"
"8,35 : 875.08"
"8,36 : 615.23"
"8,37 : 582.48"
"8,38 : 461.08"
"8,39 : 498.48"
"8,40 : 772.71"
"8,41 : 356.13"
"8,42 : 422.83"
"8,43 : 525.29"
"8,44 : 630.62"
"8,45 : 309.85"
"8,46 : 106.57"
"8,47 : 549.92"
"8,48 : 570.2"
"8,49 : 70.88"
"8,50 : 894.32"
"8,51 : 853.78"
"8,52 : 119.27"
"8,53 : 202.78"
"8,54 : 380.0"
"8,55 : 227.43"
"8,56 : 402.74"
"8,57 : 221.08"
"8,58 : 805.4"
"8,59 : 538.78"
"8,60 : 418.57"
"8,61 : 576.68"
"8,62 : 319.77"
"8,63 : 696.32"
"8,64 : 652.38"
"8,65 : 685.44"
"8,66 : 799.22"
"8,67 : 577.64"
"8,68 : 328.17"
"8,69 : 586.58"
"8,70 : 455.0"
"8,71 : 654.38"
"8,72 : 773.65"
"8,73 : 434.51"
"8,74 : 712.34"
"8,75 : 1010.68"
"8,76 : 731.38"
"8,77 : 88.28"
"8,78 : 912.53"
"8,79 : 411.07"
"8,80 : 496.53"
"8,81 : 320.15"
"8,82 : 953.81"
"8,83 : 599.74"
"8,84 : 538.93"
"8,85 : 607.98"
"8,86 : 623.14"
"8,87 : 864.58"
"8,88 : 415.85"
"8,89 : 689.0"
"8,90 : 870.89"
"8,91 : 578.53"
"8,92 : 834.72"
"8,93 : 475.42"
"8,94 : 648.85"
"8,95 : 559.66"
"8,96 : 942.36"
"8,97 : 616.39"
"8,98 : 405.29"
"8,99 : 321.6"
"9,0 : 138.76"
"9,1 : 1012.93"
"9,2 : 632.07"
"9,3 : 1087.18"
"9,4 : 356.33"
"9,5 : 476.45"
"9,6 : 404.86"
"9,7 : 858.62"
"9,8 : 946.38"
"9,9 : 0.0"
"9,10 : 902.9"
"9,11 : 760.49"
"9,12 : 1014.76"
"9,13 : 848.43"
"9,14 : 613.85"
"9,15 : 545.22"
"9,16 : 978.25"
"9,17 : 866.85"
"9,18 : 623.55"
"9,19 : 1050.8"
"9,20 : 925.01"
"9,21 : 938.23"
"9,22 : 547.32"
"9,23 : 332.94"
"9,24 : 520.51"
"9,25 : 972.56"
"9,26 : 393.06"
"9,27 : 489.2"
"9,28 : 564.83"
"9,29 : 813.48"
"9,30 : 154.26"
"9,31 : 767.81"
"9,32 : 386.09"
"9,33 : 820.82"
"9,34 : 882.48"
"9,35 : 361.09"
"9,36 : 445.04"
"9,37 : 366.48"
"9,38 : 711.42"
"9,39 : 938.9"
"9,40 : 174.04"
"9,41 : 605.83"
"9,42 : 920.04"
"9,43 : 447.67"
"9,44 : 390.9"
"9,45 : 726.32"
"9,46 : 950.34"
"9,47 : 817.44"
"9,48 : 394.95"
"9,49 : 875.63"
"9,50 : 689.09"
"9,51 : 121.79"
"9,52 : 905.37"
"9,53 : 975.83"
"9,54 : 601.87"
"9,55 : 909.66"
"9,56 : 690.65"
"9,57 : 1036.74"
"9,58 : 405.46"
"9,59 : 409.29"
"9,60 : 984.12"
"9,61 : 954.26"
"9,62 : 750.68"
"9,63 : 641.7"
"9,64 : 364.97"
"9,65 : 261.81"
"9,66 : 707.29"
"9,67 : 372.31"
"9,68 : 669.04"
"9,69 : 838.34"
"9,70 : 900.33"
"9,71 : 643.32"
"9,72 : 281.82"
"9,73 : 877.57"
"9,74 : 236.56"
"9,75 : 251.64"
"9,76 : 484.55"
"9,77 : 965.51"
"9,78 : 497.02"
"9,79 : 733.37"
"9,80 : 508.01"
"9,81 : 1154.12"
"9,82 : 152.64"
"9,83 : 370.26"
"9,84 : 676.68"
"9,85 : 713.14"
"9,86 : 531.91"
"9,87 : 307.61"
"9,88 : 765.09"
"9,89 : 339.8"
"9,90 : 106.23"
"9,91 : 488.22"
"9,92 : 657.61"
"9,93 : 647.73"
"9,94 : 661.45"
"9,95 : 390.24"
"9,96 : 18.11"
"9,97 : 491.61"
"9,98 : 904.39"
"9,99 : 969.03"
"10,0 : 837.65"
"10,1 : 445.58"
"10,2 : 270.84"
"10,3 : 426.22"
"10,4 : 964.01"
"10,5 : 443.81"
"10,6 : 979.47"
"10,7 : 390.59"
"10,8 : 467.47"
"10,9 : 902.9"
"10,10 : 0.0"
"10,11 : 212.25"
"10,12 : 379.55"
"10,13 : 121.2"
"10,14 : 757.15"
"10,15 : 862.63"
"10,16 : 761.85"
"10,17 : 904.8"
"10,18 : 288.6"
"10,19 : 213.11"
"10,20 : 251.77"
"10,21 : 202.61"
"10,22 : 355.6"
"10,23 : 572.77"
"10,24 : 706.88"
"10,25 : 670.91"
"10,26 : 515.1"
"10,27 : 575.44"
"10,28 : 384.61"
"10,29 : 247.08"
"10,30 : 769.59"
"10,31 : 332.54"
"10,32 : 571.69"
"10,33 : 107.87"
"10,34 : 377.2"
"10,35 : 1011.24"
"10,36 : 790.16"
"10,37 : 635.64"
"10,38 : 192.2"
"10,39 : 43.29"
"10,40 : 761.9"
"10,41 : 556.0"
"10,42 : 51.08"
"10,43 : 483.07"
"10,44 : 512.06"
"10,45 : 635.44"
"10,46 : 568.34"
"10,47 : 921.44"
"10,48 : 532.98"
"10,49 : 444.52"
"10,50 : 519.02"
"10,51 : 782.8"
"10,52 : 560.29"
"10,53 : 663.72"
"10,54 : 371.39"
"10,55 : 665.18"
"10,56 : 716.46"
"10,57 : 322.93"
"10,58 : 968.56"
"10,59 : 560.55"
"10,60 : 861.33"
"10,61 : 991.76"
"10,62 : 666.51"
"10,63 : 355.33"
"10,64 : 776.12"
"10,65 : 698.46"
"10,66 : 414.02"
"10,67 : 636.77"
"10,68 : 602.08"
"10,69 : 961.67"
"10,70 : 868.03"
"10,71 : 941.02"
"10,72 : 636.63"
"10,73 : 841.55"
"10,74 : 726.23"
"10,75 : 1072.45"
"10,76 : 479.18"
"10,77 : 393.19"
"10,78 : 625.37"
"10,79 : 182.73"
"10,80 : 682.44"
"10,81 : 376.34"
"10,82 : 982.41"
"10,83 : 548.46"
"10,84 : 848.27"
"10,85 : 930.03"
"10,86 : 387.02"
"10,87 : 976.55"
"10,88 : 148.19"
"10,89 : 805.49"
"10,90 : 875.13"
"10,91 : 414.84"
"10,92 : 472.23"
"10,93 : 767.5"
"10,94 : 306.81"
"10,95 : 625.14"
"10,96 : 890.76"
"10,97 : 822.94"
"10,98 : 63.03"
"10,99 : 770.42"
"11,0 : 722.19"
"11,1 : 611.41"
"11,2 : 185.15"
"11,3 : 614.56"
"11,4 : 892.8"
"11,5 : 284.04"
"11,6 : 917.75"
"11,7 : 513.69"
"11,8 : 610.17"
"11,9 : 760.49"
"11,10 : 212.25"
"11,11 : 0.0"
"11,12 : 556.65"
"11,13 : 102.86"
"11,14 : 768.01"
"11,15 : 846.36"
"11,16 : 870.2"
"11,17 : 964.41"
"11,18 : 151.33"
"11,19 : 424.3"
"11,20 : 420.44"
"11,21 : 385.21"
"11,22 : 244.28"
"11,23 : 429.77"
"11,24 : 693.66"
"11,25 : 791.21"
"11,26 : 405.12"
"11,27 : 547.78"
"11,28 : 200.56"
"11,29 : 362.35"
"11,30 : 614.38"
"11,31 : 135.12"
"11,32 : 495.1"
"11,33 : 105.04"
"11,34 : 510.96"
"11,35 : 935.68"
"11,36 : 752.8"
"11,37 : 566.69"
"11,38 : 162.41"
"11,39 : 225.86"
"11,40 : 645.23"
"11,41 : 572.88"
"11,42 : 258.02"
"11,43 : 405.21"
"11,44 : 385.8"
"11,45 : 689.26"
"11,46 : 697.48"
"11,47 : 966.49"
"11,48 : 443.18"
"11,49 : 567.24"
"11,50 : 309.27"
"11,51 : 638.78"
"11,52 : 677.38"
"11,53 : 785.96"
"11,54 : 362.36"
"11,55 : 769.23"
"11,56 : 752.47"
"11,57 : 515.45"
"11,58 : 908.19"
"11,59 : 493.06"
"11,60 : 956.25"
"11,61 : 1059.57"
"11,62 : 724.79"
"11,63 : 148.48"
"11,64 : 717.37"
"11,65 : 600.46"
"11,66 : 204.79"
"11,67 : 570.39"
"11,68 : 639.99"
"11,69 : 1006.12"
"11,70 : 941.22"
"11,71 : 940.61"
"11,72 : 480.39"
"11,73 : 912.77"
"11,74 : 624.77"
"11,75 : 961.41"
"11,76 : 293.49"
"11,77 : 553.22"
"11,78 : 418.77"
"11,79 : 205.78"
"11,80 : 665.84"
"11,81 : 584.62"
"11,82 : 863.32"
"11,83 : 447.76"
"11,84 : 867.1"
"11,85 : 948.16"
"11,86 : 229.43"
"11,87 : 892.95"
"11,88 : 194.61"
"11,89 : 739.9"
"11,90 : 753.94"
"11,91 : 292.03"
"11,92 : 260.23"
"11,93 : 786.85"
"11,94 : 106.53"
"11,95 : 564.01"
"11,96 : 746.02"
"11,97 : 796.1"
"11,98 : 258.7"
"11,99 : 875.15"
"12,0 : 906.41"
"12,1 : 75.24"
"12,2 : 487.2"
"12,3 : 73.05"
"12,4 : 935.02"
"12,5 : 664.88"
"12,6 : 931.36"
"12,7 : 166.9"
"12,8 : 142.59"
"12,9 : 1014.76"
"12,10 : 379.55"
"12,11 : 556.65"
"12,12 : 0.0"
"12,13 : 492.55"
"12,14 : 613.57"
"12,15 : 748.95"
"12,16 : 445.19"
"12,17 : 652.58"
"12,18 : 542.95"
"12,19 : 233.14"
"12,20 : 136.3"
"12,21 : 177.25"
"12,22 : 548.02"
"12,23 : 736.66"
"12,24 : 617.83"
"12,25 : 345.43"
"12,26 : 642.59"
"12,27 : 549.89"
"12,28 : 654.55"
"12,29 : 225.38"
"12,30 : 922.03"
"12,31 : 690.8"
"12,32 : 629.06"
"12,33 : 461.15"
"12,34 : 138.66"
"12,35 : 984.73"
"12,36 : 726.63"
"12,37 : 662.04"
"12,38 : 429.94"
"12,39 : 402.08"
"12,40 : 844.34"
"12,41 : 458.57"
"12,42 : 329.8"
"12,43 : 573.44"
"12,44 : 665.09"
"12,45 : 441.37"
"12,46 : 243.91"
"12,47 : 691.96"
"12,48 : 623.71"
"12,49 : 181.12"
"12,50 : 858.73"
"12,51 : 912.19"
"12,52 : 261.84"
"12,53 : 335.96"
"12,54 : 418.21"
"12,55 : 369.0"
"12,56 : 535.61"
"12,57 : 81.25"
"12,58 : 919.32"
"12,59 : 606.67"
"12,60 : 556.22"
"12,61 : 718.16"
"12,62 : 455.8"
"12,63 : 666.8"
"12,64 : 753.24"
"12,65 : 759.74"
"12,66 : 757.57"
"12,67 : 658.51"
"12,68 : 448.6"
"12,69 : 728.9"
"12,70 : 597.16"
"12,71 : 788.12"
"12,72 : 810.61"
"12,73 : 577.0"
"12,74 : 788.05"
"12,75 : 1106.37"
"12,76 : 732.04"
"12,77 : 61.72"
"12,78 : 908.71"
"12,79 : 380.17"
"12,80 : 605.46"
"12,81 : 180.36"
"12,82 : 1040.53"
"12,83 : 651.42"
"12,84 : 674.26"
"12,85 : 745.98"
"12,86 : 622.08"
"12,87 : 968.75"
"12,88 : 372.9"
"12,89 : 789.46"
"12,90 : 949.55"
"12,91 : 595.54"
"12,92 : 802.61"
"12,93 : 606.51"
"12,94 : 616.44"
"12,95 : 641.13"
"12,96 : 1008.51"
"12,97 : 734.7"
"12,98 : 317.01"
"12,99 : 458.63"
"13,0 : 799.92"
"13,1 : 554.44"
"13,2 : 235.26"
"13,3 : 543.62"
"13,4 : 953.64"
"13,5 : 374.19"
"13,6 : 974.73"
"13,7 : 478.55"
"13,8 : 566.14"
"13,9 : 848.43"
"13,10 : 121.2"
"13,11 : 102.86"
"13,12 : 492.55"
"13,13 : 0.0"
"13,14 : 791.43"
"13,15 : 882.91"
"13,16 : 846.62"
"13,17 : 966.08"
"13,18 : 225.74"
"13,19 : 333.35"
"13,20 : 359.45"
"13,21 : 315.78"
"13,22 : 311.79"
"13,23 : 515.61"
"13,24 : 727.39"
"13,25 : 760.8"
"13,26 : 477.08"
"13,27 : 586.0"
"13,28 : 298.3"
"13,29 : 326.56"
"13,30 : 706.07"
"13,31 : 211.77"
"13,32 : 554.28"
"13,33 : 44.92"
"13,34 : 470.27"
"13,35 : 998.56"
"13,36 : 798.0"
"13,37 : 623.65"
"13,38 : 177.05"
"13,39 : 125.6"
"13,40 : 722.9"
"13,41 : 590.9"
"13,42 : 171.48"
"13,43 : 463.06"
"13,44 : 464.26"
"13,45 : 691.39"
"13,46 : 661.61"
"13,47 : 975.25"
"13,48 : 507.17"
"13,49 : 533.22"
"13,50 : 400.4"
"13,51 : 726.7"
"13,52 : 647.67"
"13,53 : 754.49"
"13,54 : 386.68"
"13,55 : 747.14"
"13,56 : 763.88"
"13,57 : 441.21"
"13,58 : 964.54"
"13,59 : 548.2"
"13,60 : 940.15"
"13,61 : 1057.7"
"13,62 : 725.17"
"13,63 : 251.33"
"13,64 : 771.62"
"13,65 : 670.19"
"13,66 : 295.61"
"13,67 : 626.28"
"13,68 : 649.12"
"13,69 : 1015.41"
"13,70 : 936.03"
"13,71 : 970.6"
"13,72 : 571.6"
"13,73 : 908.38"
"13,74 : 696.16"
"13,75 : 1038.6"
"13,76 : 392.82"
"13,77 : 499.01"
"13,78 : 521.42"
"13,79 : 199.88"
"13,80 : 700.78"
"13,81 : 497.39"
"13,82 : 943.18"
"13,83 : 516.55"
"13,84 : 887.65"
"13,85 : 969.61"
"13,86 : 317.42"
"13,87 : 958.92"
"13,88 : 173.63"
"13,89 : 797.3"
"13,90 : 834.07"
"13,91 : 366.74"
"13,92 : 356.59"
"13,93 : 806.48"
"13,94 : 208.02"
"13,95 : 617.51"
"13,96 : 834.72"
"13,97 : 837.0"
"13,98 : 178.27"
"13,99 : 853.49"
"14,0 : 475.19"
"14,1 : 570.6"
"14,2 : 584.44"
"14,3 : 669.58"
"14,4 : 368.78"
"14,5 : 611.2"
"14,6 : 347.81"
"14,7 : 454.71"
"14,8 : 486.15"
"14,9 : 613.85"
"14,10 : 757.15"
"14,11 : 768.01"
"14,12 : 613.57"
"14,13 : 791.43"
"14,14 : 0.0"
"14,15 : 138.71"
"14,16 : 382.05"
"14,17 : 262.13"
"14,18 : 633.7"
"14,19 : 775.7"
"14,20 : 605.21"
"14,21 : 650.59"
"14,22 : 551.44"
"14,23 : 543.77"
"14,24 : 104.1"
"14,25 : 407.36"
"14,26 : 463.44"
"14,27 : 235.78"
"14,28 : 684.14"
"14,29 : 529.65"
"14,30 : 616.33"
"14,31 : 869.38"
"14,32 : 353.1"
"14,33 : 746.87"
"14,34 : 483.62"
"14,35 : 413.73"
"14,36 : 174.83"
"14,37 : 304.53"
"14,38 : 616.85"
"14,39 : 800.06"
"14,40 : 459.61"
"14,41 : 201.64"
"14,42 : 737.69"
"14,43 : 406.65"
"14,44 : 506.49"
"14,45 : 177.34"
"14,46 : 432.3"
"14,47 : 228.95"
"14,48 : 405.31"
"14,49 : 432.63"
"14,50 : 930.48"
"14,51 : 573.01"
"14,52 : 389.62"
"14,53 : 414.04"
"14,54 : 406.98"
"14,55 : 340.85"
"14,56 : 93.65"
"14,57 : 675.92"
"14,58 : 336.31"
"14,59 : 335.91"
"14,60 : 371.23"
"14,61 : 358.47"
"14,62 : 178.22"
"14,63 : 758.36"
"14,64 : 249.58"
"14,65 : 386.46"
"14,66 : 873.59"
"14,67 : 296.49"
"14,68 : 168.24"
"14,69 : 262.36"
"14,70 : 287.13"
"14,71 : 185.19"
"14,72 : 591.05"
"14,73 : 263.75"
"14,74 : 399.08"
"14,75 : 581.12"
"14,76 : 686.93"
"14,77 : 551.89"
"14,78 : 839.79"
"14,79 : 592.7"
"14,80 : 128.84"
"14,81 : 792.47"
"14,82 : 556.81"
"14,83 : 426.52"
"14,84 : 100.65"
"14,85 : 180.28"
"14,86 : 621.06"
"14,87 : 419.15"
"14,88 : 622.83"
"14,89 : 279.03"
"14,90 : 512.27"
"14,91 : 537.53"
"14,92 : 871.16"
"14,93 : 34.21"
"14,94 : 733.77"
"14,95 : 286.01"
"14,96 : 618.34"
"14,97 : 147.46"
"14,98 : 715.72"
"14,99 : 369.67"
"15,0 : 409.31"
"15,1 : 708.24"
"15,2 : 661.3"
"15,3 : 806.63"
"15,4 : 247.11"
"15,5 : 650.52"
"15,6 : 217.83"
"15,7 : 587.31"
"15,8 : 624.0"
"15,9 : 545.22"
"15,10 : 862.63"
"15,11 : 846.36"
"15,12 : 748.95"
"15,13 : 882.91"
"15,14 : 138.71"
"15,15 : 0.0"
"15,16 : 504.75"
"15,17 : 331.15"
"15,18 : 702.64"
"15,19 : 900.65"
"15,20 : 731.75"
"15,21 : 774.14"
"15,22 : 613.43"
"15,23 : 554.73"
"15,24 : 156.08"
"15,25 : 540.83"
"15,26 : 493.73"
"15,27 : 298.69"
"15,28 : 734.11"
"15,29 : 648.09"
"15,30 : 581.1"
"15,31 : 934.35"
"15,32 : 379.72"
"15,33 : 839.43"
"15,34 : 616.42"
"15,35 : 287.14"
"15,36 : 116.73"
"15,37 : 313.85"
"15,38 : 705.92"
"15,39 : 905.9"
"15,40 : 416.04"
"15,41 : 312.88"
"15,42 : 848.41"
"15,43 : 454.74"
"15,44 : 534.24"
"15,45 : 315.99"
"15,46 : 570.71"
"15,47 : 275.22"
"15,48 : 437.08"
"15,49 : 568.64"
"15,50 : 969.59"
"15,51 : 531.06"
"15,52 : 528.27"
"15,53 : 548.09"
"15,54 : 497.02"
"15,55 : 474.91"
"15,56 : 229.84"
"15,57 : 808.62"
"15,58 : 207.18"
"15,59 : 370.47"
"15,60 : 473.44"
"15,61 : 411.46"
"15,62 : 315.83"
"15,63 : 814.32"
"15,64 : 195.41"
"15,65 : 362.86"
"15,66 : 925.74"
"15,67 : 306.86"
"15,68 : 300.54"
"15,69 : 293.4"
"15,70 : 377.46"
"15,71 : 109.79"
"15,72 : 586.84"
"15,73 : 360.72"
"15,74 : 365.45"
"15,75 : 466.83"
"15,76 : 719.08"
"15,77 : 687.42"
"15,78 : 852.25"
"15,79 : 689.1"
"15,80 : 182.13"
"15,81 : 926.71"
"15,82 : 460.49"
"15,83 : 450.6"
"15,84 : 141.6"
"15,85 : 168.34"
"15,86 : 671.71"
"15,87 : 302.79"
"15,88 : 721.43"
"15,89 : 209.35"
"15,90 : 439.24"
"15,91 : 587.11"
"15,92 : 913.39"
"15,93 : 157.41"
"15,94 : 797.26"
"15,95 : 304.11"
"15,96 : 553.26"
"15,97 : 61.55"
"15,98 : 826.66"
"15,99 : 490.62"
"16,0 : 842.15"
"16,1 : 372.61"
"16,2 : 721.06"
"16,3 : 463.03"
"16,4 : 748.35"
"16,5 : 833.36"
"16,6 : 722.47"
"16,7 : 371.3"
"16,8 : 309.48"
"16,9 : 978.25"
"16,10 : 761.85"
"16,11 : 870.2"
"16,12 : 445.19"
"16,13 : 846.62"
"16,14 : 382.05"
"16,15 : 504.75"
"16,16 : 0.0"
"16,17 : 248.89"
"16,18 : 783.23"
"16,19 : 673.08"
"16,20 : 523.93"
"16,21 : 579.62"
"16,22 : 733.53"
"16,23 : 824.8"
"16,24 : 460.21"
"16,25 : 99.85"
"16,26 : 725.83"
"16,27 : 511.89"
"16,28 : 873.38"
"16,29 : 520.46"
"16,30 : 950.66"
"16,31 : 999.2"
"16,32 : 643.63"
"16,33 : 804.45"
"16,34 : 385.95"
"16,35 : 791.07"
"16,36 : 555.25"
"16,37 : 626.81"
"16,38 : 709.24"
"16,39 : 796.9"
"16,40 : 811.45"
"16,41 : 398.28"
"16,42 : 721.54"
"16,43 : 650.05"
"16,44 : 765.8"
"16,45 : 256.54"
"16,46 : 203.04"
"16,47 : 309.08"
"16,48 : 676.7"
"16,49 : 317.42"
"16,50 : 1120.26"
"16,51 : 916.59"
"16,52 : 201.76"
"16,53 : 109.55"
"16,54 : 552.91"
"16,55 : 101.14"
"16,56 : 292.66"
"16,57 : 526.28"
"16,58 : 711.62"
"16,59 : 619.49"
"16,60 : 112.02"
"16,61 : 285.17"
"16,62 : 228.22"
"16,63 : 923.98"
"16,64 : 623.42"
"16,65 : 727.65"
"16,66 : 1036.85"
"16,67 : 619.42"
"16,68 : 319.68"
"16,69 : 335.09"
"16,70 : 180.85"
"16,71 : 481.86"
"16,72 : 889.07"
"16,73 : 174.45"
"16,74 : 747.56"
"16,75 : 963.04"
"16,76 : 914.0"
"16,77 : 397.32"
"16,78 : 1090.85"
"16,79 : 664.49"
"16,80 : 470.38"
"16,81 : 608.1"
"16,82 : 936.47"
"16,83 : 705.48"
"16,84 : 372.86"
"16,85 : 409.69"
"16,86 : 817.59"
"16,87 : 800.46"
"16,88 : 679.89"
"16,89 : 656.13"
"16,90 : 882.25"
"16,91 : 750.18"
"16,92 : 1058.49"
"16,93 : 352.93"
"16,94 : 883.07"
"16,95 : 603.19"
"16,96 : 980.01"
"16,97 : 528.55"
"16,98 : 702.16"
"16,99 : 17.49"
"17,0 : 728.4"
"17,1 : 587.63"
"17,2 : 790.53"
"17,3 : 685.86"
"17,4 : 574.39"
"17,5 : 852.07"
"17,6 : 538.44"
"17,7 : 533.16"
"17,8 : 509.99"
"17,9 : 866.85"
"17,10 : 904.8"
"17,11 : 964.41"
"17,12 : 652.58"
"17,13 : 966.08"
"17,14 : 262.13"
"17,15 : 331.15"
"17,16 : 248.89"
"17,17 : 0.0"
"17,18 : 847.17"
"17,19 : 862.88"
"17,20 : 697.62"
"17,21 : 751.53"
"17,22 : 775.73"
"17,23 : 800.15"
"17,24 : 365.83"
"17,25 : 332.06"
"17,26 : 713.59"
"17,27 : 480.91"
"17,28 : 914.9"
"17,29 : 658.53"
"17,30 : 878.08"
"17,31 : 1080.2"
"17,32 : 608.21"
"17,33 : 921.39"
"17,34 : 556.66"
"17,35 : 609.14"
"17,36 : 421.84"
"17,37 : 565.23"
"17,38 : 803.69"
"17,39 : 944.86"
"17,40 : 719.5"
"17,41 : 402.46"
"17,42 : 873.4"
"17,43 : 648.89"
"17,44 : 756.72"
"17,45 : 275.49"
"17,46 : 414.6"
"17,47 : 67.12"
"17,48 : 656.58"
"17,49 : 488.54"
"17,50 : 1165.47"
"17,51 : 833.8"
"17,52 : 390.76"
"17,53 : 342.11"
"17,54 : 607.68"
"17,55 : 287.13"
"17,56 : 222.75"
"17,57 : 730.04"
"17,58 : 529.41"
"17,59 : 588.6"
"17,60 : 166.6"
"17,61 : 99.76"
"17,62 : 240.95"
"17,63 : 981.64"
"17,64 : 502.83"
"17,65 : 648.41"
"17,66 : 1098.04"
"17,67 : 557.16"
"17,68 : 326.44"
"17,69 : 86.27"
"17,70 : 68.88"
"17,71 : 267.86"
"17,72 : 851.01"
"17,73 : 77.79"
"17,74 : 660.17"
"17,75 : 795.05"
"17,76 : 930.83"
"17,77 : 595.76"
"17,78 : 1092.29"
"17,79 : 768.35"
"17,80 : 388.73"
"17,81 : 827.89"
"17,82 : 791.4"
"17,83 : 680.41"
"17,84 : 191.39"
"17,85 : 186.26"
"17,86 : 853.05"
"17,87 : 631.76"
"17,88 : 792.46"
"17,89 : 527.18"
"17,90 : 762.5"
"17,91 : 773.18"
"17,92 : 1104.52"
"17,93 : 228.53"
"17,94 : 949.9"
"17,95 : 545.54"
"17,96 : 872.9"
"17,97 : 377.03"
"17,98 : 852.03"
"17,99 : 231.4"
"18,0 : 575.25"
"18,1 : 582.47"
"18,2 : 62.77"
"18,3 : 610.4"
"18,4 : 741.48"
"18,5 : 155.24"
"18,6 : 766.7"
"18,7 : 456.27"
"18,8 : 560.47"
"18,9 : 623.55"
"18,10 : 288.6"
"18,11 : 151.33"
"18,12 : 542.95"
"18,13 : 225.74"
"18,14 : 633.7"
"18,15 : 702.64"
"18,16 : 783.23"
"18,17 : 847.17"
"18,18 : 0.0"
"18,19 : 474.02"
"18,20 : 412.0"
"18,21 : 395.18"
"18,22 : 93.13"
"18,23 : 290.63"
"18,24 : 552.76"
"18,25 : 715.12"
"18,26 : 254.8"
"18,27 : 405.76"
"18,28 : 112.0"
"18,29 : 321.46"
"18,30 : 484.13"
"18,31 : 235.79"
"18,32 : 344.25"
"18,33 : 197.57"
"18,34 : 462.04"
"18,35 : 784.39"
"18,36 : 605.3"
"18,37 : 416.08"
"18,38 : 117.55"
"18,39 : 319.92"
"18,40 : 498.18"
"18,41 : 446.75"
"18,42 : 317.32"
"18,43 : 255.1"
"18,44 : 238.87"
"18,45 : 576.13"
"18,46 : 631.95"
"18,47 : 842.47"
"18,48 : 291.87"
"18,49 : 504.84"
"18,50 : 338.57"
"18,51 : 502.02"
"18,52 : 603.86"
"18,53 : 711.47"
"18,54 : 240.05"
"18,55 : 682.63"
"18,56 : 628.73"
"18,57 : 523.04"
"18,58 : 757.22"
"18,59 : 343.21"
"18,60 : 858.54"
"18,61 : 944.9"
"18,62 : 612.69"
"18,63 : 140.8"
"18,64 : 567.01"
"18,65 : 449.91"
"18,66 : 254.59"
"18,67 : 420.0"
"18,68 : 520.79"
"18,69 : 881.27"
"18,70 : 831.37"
"18,71 : 800.28"
"18,72 : 350.08"
"18,73 : 802.45"
"18,74 : 474.72"
"18,75 : 814.32"
"18,76 : 198.49"
"18,77 : 522.85"
"18,78 : 367.14"
"18,79 : 164.03"
"18,80 : 524.44"
"18,81 : 616.4"
"18,82 : 717.95"
"18,83 : 296.76"
"18,84 : 734.01"
"18,85 : 813.73"
"18,86 : 98.47"
"18,87 : 741.91"
"18,88 : 180.43"
"18,89 : 588.93"
"18,90 : 608.71"
"18,91 : 142.34"
"18,92 : 277.35"
"18,93 : 655.35"
"18,94 : 102.8"
"18,95 : 414.31"
"18,96 : 610.2"
"18,97 : 650.37"
"18,98 : 307.32"
"18,99 : 785.64"
"19,0 : 965.36"
"19,1 : 308.37"
"19,2 : 437.38"
"19,3 : 250.8"
"19,4 : 1048.22"
"19,5 : 623.7"
"19,6 : 1054.41"
"19,7 : 332.54"
"19,8 : 363.83"
"19,9 : 1050.8"
"19,10 : 213.11"
"19,11 : 424.3"
"19,12 : 233.14"
"19,13 : 333.35"
"19,14 : 775.7"
"19,15 : 900.65"
"19,16 : 673.08"
"19,17 : 862.88"
"19,18 : 474.02"
"19,19 : 0.0"
"19,20 : 171.02"
"19,21 : 127.12"
"19,22 : 518.35"
"19,23 : 734.18"
"19,24 : 752.85"
"19,25 : 574.17"
"19,26 : 658.12"
"19,27 : 647.58"
"19,28 : 580.54"
"19,29 : 258.86"
"19,30 : 931.65"
"19,31 : 545.12"
"19,32 : 684.8"
"19,33 : 319.26"
"19,34 : 307.03"
"19,35 : 1097.59"
"19,36 : 852.45"
"19,37 : 736.9"
"19,38 : 359.43"
"19,39 : 213.93"
"19,40 : 893.85"
"19,41 : 589.23"
"19,42 : 166.51"
"19,43 : 606.8"
"19,44 : 666.36"
"19,45 : 620.58"
"19,46 : 470.05"
"19,47 : 894.22"
"19,48 : 659.9"
"19,49 : 374.34"
"19,50 : 732.1"
"19,51 : 935.66"
"19,52 : 479.07"
"19,53 : 565.12"
"19,54 : 462.21"
"19,55 : 589.21"
"19,56 : 712.67"
"19,57 : 154.18"
"19,58 : 1042.71"
"19,59 : 667.61"
"19,60 : 782.37"
"19,61 : 936.72"
"19,62 : 643.53"
"19,63 : 563.0"
"19,64 : 858.54"
"19,65 : 818.8"
"19,66 : 627.1"
"19,67 : 735.81"
"19,68 : 608.05"
"19,69 : 933.05"
"19,70 : 813.25"
"19,71 : 959.33"
"19,72 : 804.17"
"19,73 : 790.51"
"19,74 : 847.74"
"19,75 : 1188.73"
"19,76 : 672.03"
"19,77 : 275.77"
"19,78 : 829.88"
"19,79 : 323.99"
"19,80 : 733.69"
"19,81 : 165.68"
"19,82 : 1108.25"
"19,83 : 681.9"
"19,84 : 852.48"
"19,85 : 930.29"
"19,86 : 570.01"
"19,87 : 1071.41"
"19,88 : 297.41"
"19,89 : 892.21"
"19,90 : 1006.22"
"19,91 : 576.25"
"19,92 : 684.53"
"19,93 : 776.73"
"19,94 : 512.92"
"19,95 : 720.82"
"19,96 : 1040.92"
"19,97 : 873.39"
"19,98 : 169.65"
"19,99 : 685.42"
"20,0 : 827.51"
"20,1 : 195.06"
"20,2 : 359.25"
"20,3 : 199.01"
"20,4 : 889.25"
"20,5 : 542.21"
"20,6 : 892.49"
"20,7 : 164.51"
"20,8 : 219.21"
"20,9 : 925.01"
"20,10 : 251.77"
"20,11 : 420.44"
"20,12 : 136.3"
"20,13 : 359.45"
"20,14 : 605.21"
"20,15 : 731.75"
"20,16 : 523.93"
"20,17 : 697.62"
"20,18 : 412.0"
"20,19 : 171.02"
"20,20 : 0.0"
"20,21 : 55.71"
"20,22 : 426.81"
"20,23 : 627.84"
"20,24 : 586.35"
"20,25 : 428.43"
"20,26 : 539.79"
"20,27 : 490.45"
"20,28 : 524.0"
"20,29 : 111.65"
"20,30 : 819.85"
"20,31 : 554.78"
"20,32 : 545.52"
"20,33 : 326.18"
"20,34 : 141.79"
"20,35 : 938.95"
"20,36 : 688.77"
"20,37 : 589.74"
"20,38 : 296.74"
"20,39 : 280.18"
"20,40 : 760.0"
"20,41 : 422.24"
"20,42 : 204.89"
"20,43 : 477.53"
"20,44 : 556.77"
"20,45 : 449.9"
"20,46 : 323.83"
"20,47 : 726.1"
"20,48 : 530.07"
"20,49 : 211.52"
"20,50 : 722.77"
"20,51 : 815.91"
"20,52 : 323.56"
"20,53 : 420.4"
"20,54 : 323.52"
"20,55 : 432.98"
"20,56 : 541.71"
"20,57 : 115.43"
"20,58 : 880.65"
"20,59 : 525.62"
"20,60 : 629.33"
"20,61 : 775.49"
"20,62 : 473.66"
"20,63 : 532.0"
"20,64 : 701.03"
"20,65 : 679.62"
"20,66 : 621.34"
"20,67 : 587.62"
"20,68 : 437.32"
"20,69 : 765.32"
"20,70 : 651.23"
"20,71 : 788.5"
"20,72 : 701.09"
"20,73 : 627.24"
"20,74 : 708.56"
"20,75 : 1041.77"
"20,76 : 605.24"
"20,77 : 141.43"
"20,78 : 779.04"
"20,79 : 248.05"
"20,80 : 568.59"
"20,81 : 229.1"
"20,82 : 967.25"
"20,83 : 555.49"
"20,84 : 681.47"
"20,85 : 759.43"
"20,86 : 495.95"
"20,87 : 916.09"
"20,88 : 237.89"
"20,89 : 735.81"
"20,90 : 869.74"
"20,91 : 478.56"
"20,92 : 667.07"
"20,93 : 605.78"
"20,94 : 481.39"
"20,95 : 571.45"
"20,96 : 917.0"
"20,97 : 706.77"
"20,98 : 188.8"
"20,99 : 534.45"
"21,0 : 846.86"
"21,1 : 243.45"
"21,2 : 347.8"
"21,3 : 229.58"
"21,4 : 922.02"
"21,5 : 534.33"
"21,6 : 927.62"
"21,7 : 218.51"
"21,8 : 274.12"
"21,9 : 938.23"
"21,10 : 202.61"
"21,11 : 385.21"
"21,12 : 177.25"
"21,13 : 315.78"
"21,14 : 650.59"
"21,15 : 774.14"
"21,16 : 579.62"
"21,17 : 751.53"
"21,18 : 395.18"
"21,19 : 127.12"
"21,20 : 55.71"
"21,21 : 0.0"
"21,22 : 421.97"
"21,23 : 631.03"
"21,24 : 625.8"
"21,25 : 483.94"
"21,26 : 548.15"
"21,27 : 521.54"
"21,28 : 506.57"
"21,29 : 132.88"
"21,30 : 826.2"
"21,31 : 517.66"
"21,32 : 565.03"
"21,33 : 286.18"
"21,34 : 196.94"
"21,35 : 971.49"
"21,36 : 725.4"
"21,37 : 614.13"
"21,38 : 277.74"
"21,39 : 227.8"
"21,40 : 777.05"
"21,41 : 462.31"
"21,42 : 153.64"
"21,43 : 491.17"
"21,44 : 561.06"
"21,45 : 499.96"
"21,46 : 379.24"
"21,47 : 778.66"
"21,48 : 544.27"
"21,49 : 266.81"
"21,50 : 691.94"
"21,51 : 825.96"
"21,52 : 379.25"
"21,53 : 475.84"
"21,54 : 341.55"
"21,55 : 488.59"
"21,56 : 590.59"
"21,57 : 131.11"
"21,58 : 915.89"
"21,59 : 546.67"
"21,60 : 685.01"
"21,61 : 830.36"
"21,62 : 525.02"
"21,63 : 506.14"
"21,64 : 732.61"
"21,65 : 699.43"
"21,66 : 588.86"
"21,67 : 612.66"
"21,68 : 483.64"
"21,69 : 818.08"
"21,70 : 706.03"
"21,71 : 834.87"
"21,72 : 703.16"
"21,73 : 681.77"
"21,74 : 728.43"
"21,75 : 1066.59"
"21,76 : 592.2"
"21,77 : 193.5"
"21,78 : 761.37"
"21,79 : 232.79"
"21,80 : 606.57"
"21,81 : 224.22"
"21,82 : 988.54"
"21,83 : 568.0"
"21,84 : 729.75"
"21,85 : 808.59"
"21,86 : 484.73"
"21,87 : 946.22"
"21,88 : 215.52"
"21,89 : 766.6"
"21,90 : 888.4"
"21,91 : 476.92"
"21,92 : 638.24"
"21,93 : 652.85"
"21,94 : 455.13"
"21,95 : 597.22"
"21,96 : 929.28"
"21,97 : 746.33"
"21,98 : 139.85"
"21,99 : 590.17"
"22,0 : 488.81"
"22,1 : 576.42"
"22,2 : 84.86"
"22,3 : 619.08"
"22,4 : 648.59"
"22,5 : 117.04"
"22,6 : 673.57"
"22,7 : 436.15"
"22,8 : 541.4"
"22,9 : 547.32"
"22,10 : 355.6"
"22,11 : 244.28"
"22,12 : 548.02"
"22,13 : 311.79"
"22,14 : 551.44"
"22,15 : 613.43"
"22,16 : 733.53"
"22,17 : 775.73"
"22,18 : 93.13"
"22,19 : 518.35"
"22,20 : 426.81"
"22,21 : 421.97"
"22,22 : 0.0"
"22,23 : 218.45"
"22,24 : 466.06"
"22,25 : 674.02"
"22,26 : 165.31"
"22,27 : 319.21"
"22,28 : 141.11"
"22,29 : 322.8"
"22,30 : 416.39"
"22,31 : 321.07"
"22,32 : 251.13"
"22,33 : 278.24"
"22,34 : 447.58"
"22,35 : 691.79"
"22,36 : 513.8"
"22,37 : 323.01"
"22,38 : 164.88"
"22,39 : 391.87"
"22,40 : 411.95"
"22,41 : 373.26"
"22,42 : 374.97"
"22,43 : 162.44"
"22,44 : 156.65"
"22,45 : 510.58"
"22,46 : 599.92"
"22,47 : 766.33"
"22,48 : 198.98"
"22,49 : 479.01"
"22,50 : 391.83"
"22,51 : 427.28"
"22,52 : 566.94"
"22,53 : 671.54"
"22,54 : 180.62"
"22,55 : 634.74"
"22,56 : 554.4"
"22,57 : 541.85"
"22,58 : 664.09"
"22,59 : 250.58"
"22,60 : 800.56"
"22,61 : 874.62"
"22,62 : 547.35"
"22,63 : 207.35"
"22,64 : 474.0"
"22,65 : 359.01"
"22,66 : 323.39"
"22,67 : 327.02"
"22,68 : 451.51"
"22,69 : 804.36"
"22,70 : 765.2"
"22,71 : 713.11"
"22,72 : 286.23"
"22,73 : 736.2"
"22,74 : 384.58"
"22,75 : 727.07"
"22,76 : 190.04"
"22,77 : 518.06"
"22,78 : 371.39"
"22,79 : 194.36"
"22,80 : 437.52"
"22,81 : 646.17"
"22,82 : 632.72"
"22,83 : 205.36"
"22,84 : 652.08"
"22,85 : 730.51"
"22,86 : 84.53"
"22,87 : 649.93"
"22,88 : 222.5"
"22,89 : 495.79"
"22,90 : 524.05"
"22,91 : 59.41"
"22,92 : 330.23"
"22,93 : 575.03"
"22,94 : 184.05"
"22,95 : 321.69"
"22,96 : 535.18"
"22,97 : 559.94"
"22,98 : 360.92"
"22,99 : 734.15"
"23,0 : 299.1"
"23,1 : 751.64"
"23,2 : 303.04"
"23,3 : 809.52"
"23,4 : 507.51"
"23,5 : 147.38"
"23,6 : 543.42"
"23,7 : 599.98"
"23,8 : 700.58"
"23,9 : 332.94"
"23,10 : 572.77"
"23,11 : 429.77"
"23,12 : 736.66"
"23,13 : 515.61"
"23,14 : 543.77"
"23,15 : 554.73"
"23,16 : 824.8"
"23,17 : 800.15"
"23,18 : 290.63"
"23,19 : 734.18"
"23,20 : 627.84"
"23,21 : 631.03"
"23,22 : 218.45"
"23,23 : 0.0"
"23,24 : 441.15"
"23,25 : 787.61"
"23,26 : 101.49"
"23,27 : 322.67"
"23,28 : 241.32"
"23,29 : 517.83"
"23,30 : 198.04"
"23,31 : 454.74"
"23,32 : 191.95"
"23,33 : 488.02"
"23,34 : 618.19"
"23,35 : 542.31"
"23,36 : 439.32"
"23,37 : 243.58"
"23,38 : 383.26"
"23,39 : 607.49"
"23,40 : 224.4"
"23,41 : 427.44"
"23,42 : 593.42"
"23,43 : 179.12"
"23,44 : 71.57"
"23,45 : 573.43"
"23,46 : 734.99"
"23,47 : 772.71"
"23,48 : 148.56"
"23,49 : 631.58"
"23,50 : 429.25"
"23,51 : 211.4"
"23,52 : 694.74"
"23,53 : 787.72"
"23,54 : 322.3"
"23,55 : 735.37"
"23,56 : 582.42"
"23,57 : 743.02"
"23,58 : 536.49"
"23,59 : 212.49"
"23,60 : 867.17"
"23,61 : 899.09"
"23,62 : 607.42"
"23,63 : 324.23"
"23,64 : 372.09"
"23,65 : 209.76"
"23,66 : 412.17"
"23,67 : 251.25"
"23,68 : 508.81"
"23,69 : 805.64"
"23,70 : 808.5"
"23,71 : 664.01"
"23,72 : 73.98"
"23,73 : 780.67"
"23,74 : 224.41"
"23,75 : 536.33"
"23,76 : 182.1"
"23,77 : 697.0"
"23,78 : 298.4"
"23,79 : 410.94"
"23,80 : 414.99"
"23,81 : 853.69"
"23,82 : 435.77"
"23,83 : 121.2"
"23,84 : 638.08"
"23,85 : 704.9"
"23,86 : 200.35"
"23,87 : 492.54"
"23,88 : 440.46"
"23,89 : 379.02"
"23,90 : 326.81"
"23,91 : 159.15"
"23,92 : 380.31"
"23,93 : 575.03"
"23,94 : 335.22"
"23,95 : 258.86"
"23,96 : 319.61"
"23,97 : 493.76"
"23,98 : 579.27"
