x,y
0.42,0.11
0.08,0.72
0.62,0.18
0.19,0.3
0.14,0.76
0.11,0.45
0.42,0.55
0.86,0.33
0.64,0.28
0.34,0.02
0.3,0.71
0.55,0.15
0.98,0.37
0.54,0.34
0.92,0.38
0.24,0.48
0.83,0.8
0.74,0.1
0.12,0.11
0.53,0.0
0.21,0.42
0.82,0.41
0.77,0.23
0.62,0.34
0.62,0.53
0.85,0.38
0.1,0.74
0.27,0.9
0.8,0.08
0.74,0.84
0.96,0.68
0.61,0.27
0.7,0.33
0.76,0.29
0.64,0.56
0.17,0.86
0.29,1.0
0.78,0.71
0.11,0.47
0.99,0.24
0.95,0.69
0.5,0.21
0.88,0.23
0.64,0.79
0.3,0.42
0.01,0.83
0.88,0.44
0.68,0.43
0.33,0.84
0.4,0.73

Distanze
"0,1 : 0.6984"
"1,0 : 0.6984"
"0,2 : 0.2119"
"2,0 : 0.2119"
"0,3 : 0.2983"
"3,0 : 0.2983"
"0,4 : 0.7077"
"4,0 : 0.7077"
"0,5 : 0.4601"
"5,0 : 0.4601"
"0,6 : 0.44"
"6,0 : 0.44"
"0,7 : 0.4919"
"7,0 : 0.4919"
"0,8 : 0.278"
"8,0 : 0.278"
"0,9 : 0.1204"
"9,0 : 0.1204"
"0,10 : 0.6119"
"10,0 : 0.6119"
"0,11 : 0.136"
"11,0 : 0.136"
"0,12 : 0.6174"
"12,0 : 0.6174"
"0,13 : 0.2594"
"13,0 : 0.2594"
"0,14 : 0.5682"
"14,0 : 0.5682"
"0,15 : 0.4115"
"15,0 : 0.4115"
"0,16 : 0.8026"
"16,0 : 0.8026"
"0,17 : 0.3202"
"17,0 : 0.3202"
"0,18 : 0.3"
"18,0 : 0.3"
"0,19 : 0.1556"
"19,0 : 0.1556"
"0,20 : 0.3744"
"20,0 : 0.3744"
"0,21 : 0.5"
"21,0 : 0.5"
"0,22 : 0.37"
"22,0 : 0.37"
"0,23 : 0.3048"
"23,0 : 0.3048"
"0,24 : 0.4652"
"24,0 : 0.4652"
"0,25 : 0.5077"
"25,0 : 0.5077"
"0,26 : 0.7066"
"26,0 : 0.7066"
"0,27 : 0.8041"
"27,0 : 0.8041"
"0,28 : 0.3812"
"28,0 : 0.3812"
"0,29 : 0.7971"
"29,0 : 0.7971"
"0,30 : 0.7852"
"30,0 : 0.7852"
"0,31 : 0.2484"
"31,0 : 0.2484"
"0,32 : 0.3561"
"32,0 : 0.3561"
"0,33 : 0.3847"
"33,0 : 0.3847"
"0,34 : 0.5009"
"34,0 : 0.5009"
"0,35 : 0.7906"
"35,0 : 0.7906"
"0,36 : 0.8994"
"36,0 : 0.8994"
"0,37 : 0.6997"
"37,0 : 0.6997"
"0,38 : 0.4751"
"38,0 : 0.4751"
"0,39 : 0.5846"
"39,0 : 0.5846"
"0,40 : 0.7857"
"40,0 : 0.7857"
"0,41 : 0.1281"
"41,0 : 0.1281"
"0,42 : 0.4754"
"42,0 : 0.4754"
"0,43 : 0.7147"
"43,0 : 0.7147"
"0,44 : 0.3324"
"44,0 : 0.3324"
"0,45 : 0.8286"
"45,0 : 0.8286"
"0,46 : 0.5661"
"46,0 : 0.5661"
"0,47 : 0.4123"
"47,0 : 0.4123"
"0,48 : 0.7355"
"48,0 : 0.7355"
"0,49 : 0.6203"
"49,0 : 0.6203"
"1,2 : 0.7637"
"2,1 : 0.7637"
"1,3 : 0.4342"
"3,1 : 0.4342"
"1,4 : 0.0721"
"4,1 : 0.0721"
"1,5 : 0.2717"
"5,1 : 0.2717"
"1,6 : 0.3801"
"6,1 : 0.3801"
"1,7 : 0.8721"
"7,1 : 0.8721"
"1,8 : 0.7122"
"8,1 : 0.7122"
"1,9 : 0.7467"
"9,1 : 0.7467"
"1,10 : 0.2202"
"10,1 : 0.2202"
"1,11 : 0.7388"
"11,1 : 0.7388"
"1,12 : 0.9657"
"12,1 : 0.9657"
"1,13 : 0.5967"
"13,1 : 0.5967"
"1,14 : 0.9062"
"14,1 : 0.9062"
"1,15 : 0.2884"
"15,1 : 0.2884"
"1,16 : 0.7543"
"16,1 : 0.7543"
"1,17 : 0.9055"
"17,1 : 0.9055"
"1,18 : 0.6113"
"18,1 : 0.6113"
"1,19 : 0.8491"
"19,1 : 0.8491"
"1,20 : 0.327"
"20,1 : 0.327"
"1,21 : 0.8023"
"21,1 : 0.8023"
"1,22 : 0.8463"
"22,1 : 0.8463"
"1,23 : 0.6603"
"23,1 : 0.6603"
"1,24 : 0.5725"
"24,1 : 0.5725"
"1,25 : 0.8417"
"25,1 : 0.8417"
"1,26 : 0.0283"
"26,1 : 0.0283"
"1,27 : 0.2617"
"27,1 : 0.2617"
"1,28 : 0.9633"
"28,1 : 0.9633"
"1,29 : 0.6708"
"29,1 : 0.6708"
"1,30 : 0.8809"
"30,1 : 0.8809"
"1,31 : 0.6953"
"31,1 : 0.6953"
"1,32 : 0.7325"
"32,1 : 0.7325"
"1,33 : 0.8045"
"33,1 : 0.8045"
"1,34 : 0.5824"
"34,1 : 0.5824"
"1,35 : 0.1664"
"35,1 : 0.1664"
"1,36 : 0.35"
"36,1 : 0.35"
"1,37 : 0.7001"
"37,1 : 0.7001"
"1,38 : 0.2518"
"38,1 : 0.2518"
"1,39 : 1.0288"
"39,1 : 1.0288"
"1,40 : 0.8705"
"40,1 : 0.8705"
"1,41 : 0.6607"
"41,1 : 0.6607"
"1,42 : 0.9381"
"42,1 : 0.9381"
"1,43 : 0.5644"
"43,1 : 0.5644"
"1,44 : 0.372"
"44,1 : 0.372"
"1,45 : 0.1304"
"45,1 : 0.1304"
"1,46 : 0.8476"
"46,1 : 0.8476"
"1,47 : 0.6664"
"47,1 : 0.6664"
"1,48 : 0.2773"
"48,1 : 0.2773"
"1,49 : 0.3202"
"49,1 : 0.3202"
"2,3 : 0.4464"
"3,2 : 0.4464"
"2,4 : 0.7529"
"4,2 : 0.7529"
"2,5 : 0.5771"
"5,2 : 0.5771"
"2,6 : 0.4206"
"6,2 : 0.4206"
"2,7 : 0.283"
"7,2 : 0.283"
"2,8 : 0.102"
"8,2 : 0.102"
"2,9 : 0.3225"
"9,2 : 0.3225"
"2,10 : 0.6191"
"10,2 : 0.6191"
"2,11 : 0.0762"
"11,2 : 0.0762"
"2,12 : 0.4071"
"12,2 : 0.4071"
"2,13 : 0.1789"
"13,2 : 0.1789"
"2,14 : 0.3606"
"14,2 : 0.3606"
"2,15 : 0.4841"
"15,2 : 0.4841"
"2,16 : 0.6546"
"16,2 : 0.6546"
"2,17 : 0.1442"
"17,2 : 0.1442"
"2,18 : 0.5049"
"18,2 : 0.5049"
"2,19 : 0.2012"
"19,2 : 0.2012"
"2,20 : 0.4751"
"20,2 : 0.4751"
"2,21 : 0.3048"
"21,2 : 0.3048"
"2,22 : 0.1581"
"22,2 : 0.1581"
"2,23 : 0.16"
"23,2 : 0.16"
"2,24 : 0.35"
"24,2 : 0.35"
"2,25 : 0.3048"
"25,2 : 0.3048"
"2,26 : 0.7642"
"26,2 : 0.7642"
"2,27 : 0.8006"
"27,2 : 0.8006"
"2,28 : 0.2059"
"28,2 : 0.2059"
"2,29 : 0.6708"
"29,2 : 0.6708"
"2,30 : 0.6046"
"30,2 : 0.6046"
"2,31 : 0.0906"
"31,2 : 0.0906"
"2,32 : 0.17"
"32,2 : 0.17"
"2,33 : 0.178"
"33,2 : 0.178"
"2,34 : 0.3805"
"34,2 : 0.3805"
"2,35 : 0.8154"
"35,2 : 0.8154"
"2,36 : 0.8839"
"36,2 : 0.8839"
"2,37 : 0.5536"
"37,2 : 0.5536"
"2,38 : 0.5867"
"38,2 : 0.5867"
"2,39 : 0.3748"
"39,2 : 0.3748"
"2,40 : 0.6075"
"40,2 : 0.6075"
"2,41 : 0.1237"
"41,2 : 0.1237"
"2,42 : 0.2648"
"42,2 : 0.2648"
"2,43 : 0.6103"
"43,2 : 0.6103"
"2,44 : 0.4"
"44,2 : 0.4"
"2,45 : 0.8914"
"45,2 : 0.8914"
"2,46 : 0.3677"
"46,2 : 0.3677"
"2,47 : 0.2571"
"47,2 : 0.2571"
"2,48 : 0.7209"
"48,2 : 0.7209"
"2,49 : 0.5924"
"49,2 : 0.5924"
"3,4 : 0.4627"
"4,3 : 0.4627"
"3,5 : 0.17"
"5,3 : 0.17"
"3,6 : 0.3397"
"6,3 : 0.3397"
"3,7 : 0.6707"
"7,3 : 0.6707"
"3,8 : 0.4504"
"8,3 : 0.4504"
"3,9 : 0.3176"
"9,3 : 0.3176"
"3,10 : 0.4245"
"10,3 : 0.4245"
"3,11 : 0.39"
"11,3 : 0.39"
"3,12 : 0.7931"
"12,3 : 0.7931"
"3,13 : 0.3523"
"13,3 : 0.3523"
"3,14 : 0.7344"
"14,3 : 0.7344"
"3,15 : 0.1868"
"15,3 : 0.1868"
"3,16 : 0.8122"
"16,3 : 0.8122"
"3,17 : 0.5852"
"17,3 : 0.5852"
"3,18 : 0.2025"
"18,3 : 0.2025"
"3,19 : 0.4534"
"19,3 : 0.4534"
"3,20 : 0.1217"
"20,3 : 0.1217"
"3,21 : 0.6395"
"21,3 : 0.6395"
"3,22 : 0.5842"
"22,3 : 0.5842"
"3,23 : 0.4319"
"23,3 : 0.4319"
"3,24 : 0.4876"
"24,3 : 0.4876"
"3,25 : 0.6648"
"25,3 : 0.6648"
"3,26 : 0.4491"
"26,3 : 0.4491"
"3,27 : 0.6053"
"27,3 : 0.6053"
"3,28 : 0.6485"
"28,3 : 0.6485"
"3,29 : 0.7708"
"29,3 : 0.7708"
"3,30 : 0.8587"
"30,3 : 0.8587"
"3,31 : 0.4211"
"31,3 : 0.4211"
"3,32 : 0.5109"
"32,3 : 0.5109"
"3,33 : 0.5701"
"33,3 : 0.5701"
"3,34 : 0.5197"
"34,3 : 0.5197"
"3,35 : 0.5604"
"35,3 : 0.5604"
"3,36 : 0.7071"
"36,3 : 0.7071"
"3,37 : 0.7185"
"37,3 : 0.7185"
"3,38 : 0.1879"
"38,3 : 0.1879"
"3,39 : 0.8022"
"39,3 : 0.8022"
"3,40 : 0.8542"
"40,3 : 0.8542"
"3,41 : 0.3228"
"41,3 : 0.3228"
"3,42 : 0.6935"
"42,3 : 0.6935"
"3,43 : 0.6653"
"43,3 : 0.6653"
"3,44 : 0.1628"
"44,3 : 0.1628"
"3,45 : 0.5597"
"45,3 : 0.5597"
"3,46 : 0.7041"
"46,3 : 0.7041"
"3,47 : 0.507"
"47,3 : 0.507"
"3,48 : 0.5579"
"48,3 : 0.5579"
"3,49 : 0.4785"
"49,3 : 0.4785"
"4,5 : 0.3114"
"5,4 : 0.3114"
"4,6 : 0.35"
"6,4 : 0.35"
"4,7 : 0.8386"
"7,4 : 0.8386"
"4,8 : 0.6931"
"8,4 : 0.6931"
"4,9 : 0.7666"
"9,4 : 0.7666"
"4,10 : 0.1676"
"10,4 : 0.1676"
"4,11 : 0.735"
"11,4 : 0.735"
"4,12 : 0.9261"
"12,4 : 0.9261"
"4,13 : 0.58"
"13,4 : 0.58"
"4,14 : 0.8676"
"14,4 : 0.8676"
"4,15 : 0.2973"
"15,4 : 0.2973"
"4,16 : 0.6912"
"16,4 : 0.6912"
"4,17 : 0.892"
"17,4 : 0.892"
"4,18 : 0.6503"
"18,4 : 0.6503"
"4,19 : 0.8542"
"19,4 : 0.8542"
"4,20 : 0.3471"
"20,4 : 0.3471"
"4,21 : 0.7648"
"21,4 : 0.7648"
"4,22 : 0.8233"
"22,4 : 0.8233"
"4,23 : 0.6378"
"23,4 : 0.6378"
"4,24 : 0.5323"
"24,4 : 0.5323"
"4,25 : 0.8053"
"25,4 : 0.8053"
"4,26 : 0.0447"
"26,4 : 0.0447"
"4,27 : 0.191"
"27,4 : 0.191"
"4,28 : 0.9476"
"28,4 : 0.9476"
"4,29 : 0.6053"
"29,4 : 0.6053"
"4,30 : 0.8239"
"30,4 : 0.8239"
"4,31 : 0.679"
"31,4 : 0.679"
"4,32 : 0.706"
"32,4 : 0.706"
"4,33 : 0.778"
"33,4 : 0.778"
"4,34 : 0.5385"
"34,4 : 0.5385"
"4,35 : 0.1044"
"35,4 : 0.1044"
"4,36 : 0.283"
"36,4 : 0.283"
"4,37 : 0.642"
"37,4 : 0.642"
"4,38 : 0.2915"
"38,4 : 0.2915"
"4,39 : 0.9964"
"39,4 : 0.9964"
"4,40 : 0.813"
"40,4 : 0.813"
"4,41 : 0.6573"
"41,4 : 0.6573"
"4,42 : 0.9102"
"42,4 : 0.9102"
"4,43 : 0.5009"
"43,4 : 0.5009"
"4,44 : 0.3758"
"44,4 : 0.3758"
"4,45 : 0.1476"
"45,4 : 0.1476"
"4,46 : 0.8062"
"46,4 : 0.8062"
"4,47 : 0.6329"
"47,4 : 0.6329"
"4,48 : 0.2062"
"48,4 : 0.2062"
"4,49 : 0.2617"
"49,4 : 0.2617"
"5,6 : 0.3257"
"6,5 : 0.3257"
"5,7 : 0.7595"
"7,5 : 0.7595"
"5,8 : 0.5566"
"8,5 : 0.5566"
"5,9 : 0.4876"
"9,5 : 0.4876"
"5,10 : 0.322"
"10,5 : 0.322"
"5,11 : 0.5325"
"11,5 : 0.5325"
"5,12 : 0.8737"
"12,5 : 0.8737"
"5,13 : 0.4438"
"13,5 : 0.4438"
"5,14 : 0.813"
"14,5 : 0.813"
"5,15 : 0.1334"
"15,5 : 0.1334"
"5,16 : 0.8006"
"16,5 : 0.8006"
"5,17 : 0.7207"
"17,5 : 0.7207"
"5,18 : 0.3401"
"18,5 : 0.3401"
"5,19 : 0.6155"
"19,5 : 0.6155"
"5,20 : 0.1044"
"20,5 : 0.1044"
"5,21 : 0.7111"
"21,5 : 0.7111"
"5,22 : 0.6957"
"22,5 : 0.6957"
"5,23 : 0.5217"
"23,5 : 0.5217"
"5,24 : 0.5162"
"24,5 : 0.5162"
"5,25 : 0.7433"
"25,5 : 0.7433"
"5,26 : 0.2902"
"26,5 : 0.2902"
"5,27 : 0.4776"
"27,5 : 0.4776"
"5,28 : 0.7829"
"28,5 : 0.7829"
"5,29 : 0.7409"
"29,5 : 0.7409"
"5,30 : 0.8806"
"30,5 : 0.8806"
"5,31 : 0.5314"
"31,5 : 0.5314"
"5,32 : 0.6021"
"32,5 : 0.6021"
"5,33 : 0.6694"
"33,5 : 0.6694"
"5,34 : 0.5413"
"34,5 : 0.5413"
"5,35 : 0.4144"
"35,5 : 0.4144"
"5,36 : 0.5787"
"36,5 : 0.5787"
"5,37 : 0.7187"
"37,5 : 0.7187"
"5,38 : 0.02"
"38,5 : 0.02"
"5,39 : 0.9047"
"39,5 : 0.9047"
"5,40 : 0.8736"
"40,5 : 0.8736"
"5,41 : 0.4579"
"41,5 : 0.4579"
"5,42 : 0.8008"
"42,5 : 0.8008"
"5,43 : 0.6297"
"43,5 : 0.6297"
"5,44 : 0.1924"
"44,5 : 0.1924"
"5,45 : 0.3929"
"45,5 : 0.3929"
"5,46 : 0.7701"
"46,5 : 0.7701"
"5,47 : 0.5704"
"47,5 : 0.5704"
"5,48 : 0.4478"
"48,5 : 0.4478"
"5,49 : 0.4031"
"49,5 : 0.4031"
"6,7 : 0.4919"
"7,6 : 0.4919"
"6,8 : 0.3483"
"8,6 : 0.3483"
"6,9 : 0.536"
"9,6 : 0.536"
"6,10 : 0.2"
"10,6 : 0.2"
"6,11 : 0.4206"
"11,6 : 0.4206"
"6,12 : 0.5882"
"12,6 : 0.5882"
"6,13 : 0.2419"
"13,6 : 0.2419"
"6,14 : 0.5281"
"14,6 : 0.5281"
"6,15 : 0.1931"
"15,6 : 0.1931"
"6,16 : 0.4802"
"16,6 : 0.4802"
"6,17 : 0.5522"
"17,6 : 0.5522"
"6,18 : 0.5325"
"18,6 : 0.5325"
"6,19 : 0.5609"
"19,6 : 0.5609"
"6,20 : 0.247"
"20,6 : 0.247"
"6,21 : 0.4238"
"21,6 : 0.4238"
"6,22 : 0.4742"
"22,6 : 0.4742"
"6,23 : 0.29"
"23,6 : 0.29"
"6,24 : 0.201"
"24,6 : 0.201"
"6,25 : 0.4624"
"25,6 : 0.4624"
"6,26 : 0.3722"
"26,6 : 0.3722"
"6,27 : 0.3808"
"27,6 : 0.3808"
"6,28 : 0.6044"
"28,6 : 0.6044"
"6,29 : 0.4319"
"29,6 : 0.4319"
"6,30 : 0.5554"
"30,6 : 0.5554"
"6,31 : 0.3384"
"31,6 : 0.3384"
"6,32 : 0.3561"
"32,6 : 0.3561"
"6,33 : 0.428"
"33,6 : 0.428"
"6,34 : 0.2202"
"34,6 : 0.2202"
"6,35 : 0.3982"
"35,6 : 0.3982"
"6,36 : 0.4684"
"36,6 : 0.4684"
"6,37 : 0.394"
"37,6 : 0.394"
"6,38 : 0.3202"
"38,6 : 0.3202"
"6,39 : 0.6488"
"39,6 : 0.6488"
"6,40 : 0.5482"
"40,6 : 0.5482"
"6,41 : 0.3493"
"41,6 : 0.3493"
"6,42 : 0.5604"
"42,6 : 0.5604"
"6,43 : 0.3256"
"43,6 : 0.3256"
"6,44 : 0.1769"
"44,6 : 0.1769"
"6,45 : 0.4965"
"45,6 : 0.4965"
"6,46 : 0.473"
"46,6 : 0.473"
"6,47 : 0.2864"
"47,6 : 0.2864"
"6,48 : 0.3036"
"48,6 : 0.3036"
"6,49 : 0.1811"
"49,6 : 0.1811"
"7,8 : 0.2256"
"8,7 : 0.2256"
"7,9 : 0.6054"
"9,7 : 0.6054"
"7,10 : 0.6768"
"10,7 : 0.6768"
"7,11 : 0.3585"
"11,7 : 0.3585"
"7,12 : 0.1265"
"12,7 : 0.1265"
"7,13 : 0.3202"
"13,7 : 0.3202"
"7,14 : 0.0781"
"14,7 : 0.0781"
"7,15 : 0.6379"
"15,7 : 0.6379"
"7,16 : 0.471"
"16,7 : 0.471"
"7,17 : 0.2594"
"17,7 : 0.2594"
"7,18 : 0.772"
"18,7 : 0.772"
"7,19 : 0.4667"
"19,7 : 0.4667"
"7,20 : 0.6562"
"20,7 : 0.6562"
"7,21 : 0.0894"
"21,7 : 0.0894"
"7,22 : 0.1345"
"22,7 : 0.1345"
"7,23 : 0.2402"
"23,7 : 0.2402"
"7,24 : 0.3124"
"24,7 : 0.3124"
"7,25 : 0.051"
"25,7 : 0.051"
"7,26 : 0.8635"
"26,7 : 0.8635"
"7,27 : 0.8204"
"27,7 : 0.8204"
"7,28 : 0.2571"
"28,7 : 0.2571"
"7,29 : 0.5239"
"29,7 : 0.5239"
"7,30 : 0.364"
"30,7 : 0.364"
"7,31 : 0.2571"
"31,7 : 0.2571"
"7,32 : 0.16"
"32,7 : 0.16"
"7,33 : 0.1077"
"33,7 : 0.1077"
"7,34 : 0.3183"
"34,7 : 0.3183"
"7,35 : 0.8701"
"35,7 : 0.8701"
"7,36 : 0.8797"
"36,7 : 0.8797"
"7,37 : 0.3883"
"37,7 : 0.3883"
"7,38 : 0.763"
"38,7 : 0.763"
"7,39 : 0.1581"
"39,7 : 0.1581"
"7,40 : 0.3711"
"40,7 : 0.3711"
"7,41 : 0.3795"
"41,7 : 0.3795"
"7,42 : 0.102"
"42,7 : 0.102"
"7,43 : 0.5099"
"43,7 : 0.5099"
"7,44 : 0.5672"
"44,7 : 0.5672"
"7,45 : 0.9862"
"45,7 : 0.9862"
"7,46 : 0.1118"
"46,7 : 0.1118"
"7,47 : 0.2059"
"47,7 : 0.2059"
"7,48 : 0.7355"
"48,7 : 0.7355"
"7,49 : 0.6096"
"49,7 : 0.6096"
"8,9 : 0.397"
"9,8 : 0.397"
"8,10 : 0.5482"
"10,8 : 0.5482"
"8,11 : 0.1581"
"11,8 : 0.1581"
"8,12 : 0.3517"
"12,8 : 0.3517"
"8,13 : 0.1166"
"13,8 : 0.1166"
"8,14 : 0.2973"
"14,8 : 0.2973"
"8,15 : 0.4472"
"15,8 : 0.4472"
"8,16 : 0.5536"
"16,8 : 0.5536"
"8,17 : 0.2059"
"17,8 : 0.2059"
"8,18 : 0.5471"
"18,8 : 0.5471"
"8,19 : 0.3008"
"19,8 : 0.3008"
"8,20 : 0.4522"
"20,8 : 0.4522"
"8,21 : 0.222"
"21,8 : 0.222"
"8,22 : 0.1393"
"22,8 : 0.1393"
"8,23 : 0.0632"
"23,8 : 0.0632"
"8,24 : 0.2508"
"24,8 : 0.2508"
"8,25 : 0.2326"
"25,8 : 0.2326"
"8,26 : 0.7094"
"26,8 : 0.7094"
"8,27 : 0.722"
"27,8 : 0.722"
"8,28 : 0.2561"
"28,8 : 0.2561"
"8,29 : 0.5689"
"29,8 : 0.5689"
"8,30 : 0.5122"
"30,8 : 0.5122"
"8,31 : 0.0316"
"31,8 : 0.0316"
"8,32 : 0.0781"
"32,8 : 0.0781"
"8,33 : 0.1204"
"33,8 : 0.1204"
"8,34 : 0.28"
"34,8 : 0.28"
"8,35 : 0.7465"
"35,8 : 0.7465"
"8,36 : 0.8006"
"36,8 : 0.8006"
"8,37 : 0.4522"
"37,8 : 0.4522"
"8,38 : 0.563"
"38,8 : 0.563"
"8,39 : 0.3523"
"39,8 : 0.3523"
"8,40 : 0.514"
"40,8 : 0.514"
"8,41 : 0.1565"
"41,8 : 0.1565"
"8,42 : 0.2452"
"42,8 : 0.2452"
"8,43 : 0.51"
"43,8 : 0.51"
"8,44 : 0.3677"
"44,8 : 0.3677"
"8,45 : 0.8363"
"45,8 : 0.8363"
"8,46 : 0.2884"
"46,8 : 0.2884"
"8,47 : 0.1552"
"47,8 : 0.1552"
"8,48 : 0.6401"
"48,8 : 0.6401"
"8,49 : 0.51"
"49,8 : 0.51"
"9,10 : 0.6912"
"10,9 : 0.6912"
"9,11 : 0.247"
"11,9 : 0.247"
"9,12 : 0.7295"
"12,9 : 0.7295"
"9,13 : 0.3774"
"13,9 : 0.3774"
"9,14 : 0.6826"
"14,9 : 0.6826"
"9,15 : 0.4707"
"15,9 : 0.4707"
"9,16 : 0.9211"
"16,9 : 0.9211"
"9,17 : 0.4079"
"17,9 : 0.4079"
"9,18 : 0.2377"
"18,9 : 0.2377"
"9,19 : 0.191"
"19,9 : 0.191"
"9,20 : 0.4206"
"20,9 : 0.4206"
"9,21 : 0.6185"
"21,9 : 0.6185"
"9,22 : 0.4785"
"22,9 : 0.4785"
"9,23 : 0.4252"
"23,9 : 0.4252"
"9,24 : 0.5818"
"24,9 : 0.5818"
"9,25 : 0.6243"
"25,9 : 0.6243"
"9,26 : 0.7589"
"26,9 : 0.7589"
"9,27 : 0.8828"
"27,9 : 0.8828"
"9,28 : 0.4639"
"28,9 : 0.4639"
"9,29 : 0.9124"
"29,9 : 0.9124"
"9,30 : 0.9055"
"30,9 : 0.9055"
"9,31 : 0.368"
"31,9 : 0.368"
"9,32 : 0.4751"
"32,9 : 0.4751"
"9,33 : 0.4993"
"33,9 : 0.4993"
"9,34 : 0.6177"
"34,9 : 0.6177"
"9,35 : 0.857"
"35,9 : 0.857"
"9,36 : 0.9813"
"36,9 : 0.9813"
"9,37 : 0.8184"
"37,9 : 0.8184"
"9,38 : 0.5054"
"38,9 : 0.5054"
"9,39 : 0.6862"
"39,9 : 0.6862"
"9,40 : 0.9061"
"40,9 : 0.9061"
"9,41 : 0.2484"
"41,9 : 0.2484"
"9,42 : 0.5794"
"42,9 : 0.5794"
"9,43 : 0.8264"
"43,9 : 0.8264"
"9,44 : 0.402"
"44,9 : 0.402"
"9,45 : 0.8746"
"45,9 : 0.8746"
"9,46 : 0.6841"
"46,9 : 0.6841"
"9,47 : 0.5326"
"47,9 : 0.5326"
"9,48 : 0.8201"
"48,9 : 0.8201"
"9,49 : 0.7125"
"49,9 : 0.7125"
"10,11 : 0.6133"
"11,10 : 0.6133"
"10,12 : 0.7603"
"12,10 : 0.7603"
"10,13 : 0.441"
"13,10 : 0.441"
"10,14 : 0.7024"
"14,10 : 0.7024"
"10,15 : 0.2377"
"15,10 : 0.2377"
"10,16 : 0.5376"
"16,10 : 0.5376"
"10,17 : 0.7521"
"17,10 : 0.7521"
"10,18 : 0.6264"
"18,10 : 0.6264"
"10,19 : 0.7463"
"19,10 : 0.7463"
"10,20 : 0.3036"
"20,10 : 0.3036"
"10,21 : 0.6003"
"21,10 : 0.6003"
"10,22 : 0.6718"
"22,10 : 0.6718"
"10,23 : 0.4892"
"23,10 : 0.4892"
"10,24 : 0.3672"
"24,10 : 0.3672"
"10,25 : 0.6414"
"25,10 : 0.6414"
"10,26 : 0.2022"
"26,10 : 0.2022"
"10,27 : 0.1924"
"27,10 : 0.1924"
"10,28 : 0.8043"
"28,10 : 0.8043"
"10,29 : 0.4588"
"29,10 : 0.4588"
"10,30 : 0.6607"
"30,10 : 0.6607"
"10,31 : 0.5382"
"31,10 : 0.5382"
"10,32 : 0.5517"
"32,10 : 0.5517"
"10,33 : 0.6229"
"33,10 : 0.6229"
"10,34 : 0.3716"
"34,10 : 0.3716"
"10,35 : 0.1985"
"35,10 : 0.1985"
"10,36 : 0.2902"
"36,10 : 0.2902"
"10,37 : 0.48"
"37,10 : 0.48"
"10,38 : 0.3061"
"38,10 : 0.3061"
"10,39 : 0.8349"
"39,10 : 0.8349"
"10,40 : 0.6503"
"40,10 : 0.6503"
"10,41 : 0.5385"
"41,10 : 0.5385"
"10,42 : 0.7529"
"42,10 : 0.7529"
"10,43 : 0.3493"
"43,10 : 0.3493"
"10,44 : 0.29"
"44,10 : 0.29"
"10,45 : 0.3138"
"45,10 : 0.3138"
"10,46 : 0.6398"
"46,10 : 0.6398"
"10,47 : 0.472"
"47,10 : 0.472"
"10,48 : 0.1334"
"48,10 : 0.1334"
"10,49 : 0.102"
"49,10 : 0.102"
"11,12 : 0.483"
"12,11 : 0.483"
"11,13 : 0.1903"
"13,11 : 0.1903"
"11,14 : 0.4357"
"14,11 : 0.4357"
"11,15 : 0.4528"
"15,11 : 0.4528"
"11,16 : 0.7077"
"16,11 : 0.7077"
"11,17 : 0.1965"
"17,11 : 0.1965"
"11,18 : 0.4319"
"18,11 : 0.4319"
"11,19 : 0.1513"
"19,11 : 0.1513"
"11,20 : 0.4342"
"20,11 : 0.4342"
"11,21 : 0.3748"
"21,11 : 0.3748"
"11,22 : 0.2341"
"22,11 : 0.2341"
"11,23 : 0.2025"
"23,11 : 0.2025"
"11,24 : 0.3864"
"24,11 : 0.3864"
"11,25 : 0.378"
"25,11 : 0.378"
"11,26 : 0.742"
"26,11 : 0.742"
"11,27 : 0.8006"
"27,11 : 0.8006"
"11,28 : 0.2596"
"28,11 : 0.2596"
"11,29 : 0.7157"
"29,11 : 0.7157"
"11,30 : 0.6701"
"30,11 : 0.6701"
"11,31 : 0.1342"
"31,11 : 0.1342"
"11,32 : 0.2343"
"32,11 : 0.2343"
"11,33 : 0.2524"
"33,11 : 0.2524"
"11,34 : 0.4198"
"34,11 : 0.4198"
"11,35 : 0.8053"
"35,11 : 0.8053"
"11,36 : 0.8889"
"36,11 : 0.8889"
"11,37 : 0.6054"
"37,11 : 0.6054"
"11,38 : 0.5441"
"38,11 : 0.5441"
"11,39 : 0.4491"
"39,11 : 0.4491"
"11,40 : 0.672"
"40,11 : 0.672"
"11,41 : 0.0781"
"41,11 : 0.0781"
"11,42 : 0.3396"
"42,11 : 0.3396"
"11,43 : 0.6463"
"43,11 : 0.6463"
"11,44 : 0.368"
"44,11 : 0.368"
"11,45 : 0.8683"
"45,11 : 0.8683"
"11,46 : 0.4393"
"46,11 : 0.4393"
"11,47 : 0.3087"
"47,11 : 0.3087"
"11,48 : 0.7242"
"48,11 : 0.7242"
"11,49 : 0.5991"
"49,11 : 0.5991"
"12,13 : 0.441"
"13,12 : 0.441"
"12,14 : 0.0608"
"14,12 : 0.0608"
"12,15 : 0.7481"
"15,12 : 0.7481"
"12,16 : 0.4554"
"16,12 : 0.4554"
"12,17 : 0.3612"
"17,12 : 0.3612"
"12,18 : 0.8984"
"18,12 : 0.8984"
"12,19 : 0.5826"
"19,12 : 0.5826"
"12,20 : 0.7716"
"20,12 : 0.7716"
"12,21 : 0.1649"
"21,12 : 0.1649"
"12,22 : 0.2524"
"22,12 : 0.2524"
"12,23 : 0.3612"
"23,12 : 0.3612"
"12,24 : 0.394"
"24,12 : 0.394"
"12,25 : 0.1304"
"25,12 : 0.1304"
"12,26 : 0.9546"
"26,12 : 0.9546"
"12,27 : 0.886"
"27,12 : 0.886"
"12,28 : 0.3413"
"28,12 : 0.3413"
"12,29 : 0.5277"
"29,12 : 0.5277"
"12,30 : 0.3106"
"30,12 : 0.3106"
"12,31 : 0.3833"
"31,12 : 0.3833"
"12,32 : 0.2828"
"32,12 : 0.2828"
"12,33 : 0.2341"
"33,12 : 0.2341"
"12,34 : 0.3895"
"34,12 : 0.3895"
"12,35 : 0.9467"
"35,12 : 0.9467"
"12,36 : 0.9343"
"36,12 : 0.9343"
"12,37 : 0.3945"
"37,12 : 0.3945"
"12,38 : 0.8757"
"38,12 : 0.8757"
"12,39 : 0.1304"
"39,12 : 0.1304"
"12,40 : 0.3214"
"40,12 : 0.3214"
"12,41 : 0.506"
"41,12 : 0.506"
"12,42 : 0.172"
"42,12 : 0.172"
"12,43 : 0.5404"
"43,12 : 0.5404"
"12,44 : 0.6818"
"44,12 : 0.6818"
"12,45 : 1.0735"
"45,12 : 1.0735"
"12,46 : 0.1221"
"46,12 : 0.1221"
"12,47 : 0.3059"
"47,12 : 0.3059"
"12,48 : 0.8021"
"48,12 : 0.8021"
"12,49 : 0.6826"
"49,12 : 0.6826"
"13,14 : 0.3821"
"14,13 : 0.3821"
"13,15 : 0.3311"
"15,13 : 0.3311"
"13,16 : 0.5438"
"16,13 : 0.5438"
"13,17 : 0.3124"
"17,13 : 0.3124"
"13,18 : 0.4789"
"18,13 : 0.4789"
"13,19 : 0.3401"
"19,13 : 0.3401"
"13,20 : 0.3396"
"20,13 : 0.3396"
"13,21 : 0.2886"
"21,13 : 0.2886"
"13,22 : 0.255"
"22,13 : 0.255"
"13,23 : 0.08"
"23,13 : 0.08"
"13,24 : 0.2062"
"24,13 : 0.2062"
"13,25 : 0.3126"
"25,13 : 0.3126"
"13,26 : 0.5946"
"26,13 : 0.5946"
"13,27 : 0.6217"
"27,13 : 0.6217"
"13,28 : 0.3677"
"28,13 : 0.3677"
"13,29 : 0.5385"
"29,13 : 0.5385"
"13,30 : 0.5404"
"30,13 : 0.5404"
"13,31 : 0.099"
"31,13 : 0.099"
"13,32 : 0.1603"
"32,13 : 0.1603"
"13,33 : 0.2256"
"33,13 : 0.2256"
"13,34 : 0.2417"
"34,13 : 0.2417"
"13,35 : 0.6382"
"35,13 : 0.6382"
"13,36 : 0.7058"
"36,13 : 0.7058"
"13,37 : 0.441"
"37,13 : 0.441"
"13,38 : 0.4492"
"38,13 : 0.4492"
"13,39 : 0.461"
"39,13 : 0.461"
"13,40 : 0.5391"
"40,13 : 0.5391"
"13,41 : 0.136"
"41,13 : 0.136"
"13,42 : 0.3574"
"42,13 : 0.3574"
"13,43 : 0.461"
"43,13 : 0.461"
"13,44 : 0.253"
"44,13 : 0.253"
"13,45 : 0.7218"
"45,13 : 0.7218"
"13,46 : 0.3544"
"46,13 : 0.3544"
"13,47 : 0.1664"
"47,13 : 0.1664"
"13,48 : 0.5423"
"48,13 : 0.5423"
"13,49 : 0.4144"
"49,13 : 0.4144"
"14,15 : 0.6873"
"15,14 : 0.6873"
"14,16 : 0.4295"
"16,14 : 0.4295"
"14,17 : 0.3329"
"17,14 : 0.3329"
"14,18 : 0.8443"
"18,14 : 0.8443"
"14,19 : 0.5445"
"19,14 : 0.5445"
"14,20 : 0.7111"
"20,14 : 0.7111"
"14,21 : 0.1044"
"21,14 : 0.1044"
"14,22 : 0.2121"
"22,14 : 0.2121"
"14,23 : 0.3027"
"23,14 : 0.3027"
"14,24 : 0.3354"
"24,14 : 0.3354"
"14,25 : 0.07"
"25,14 : 0.07"
"14,26 : 0.8955"
"26,14 : 0.8955"
"14,27 : 0.8324"
"27,14 : 0.8324"
"14,28 : 0.3231"
"28,14 : 0.3231"
"14,29 : 0.494"
"29,14 : 0.494"
"14,30 : 0.3027"
"30,14 : 0.3027"
"14,31 : 0.3289"
"31,14 : 0.3289"
"14,32 : 0.2256"
"32,14 : 0.2256"
"14,33 : 0.1836"
"33,14 : 0.1836"
"14,34 : 0.3329"
"34,14 : 0.3329"
"14,35 : 0.8904"
"35,14 : 0.8904"
"14,36 : 0.8839"
"36,14 : 0.8839"
"14,37 : 0.3585"
"37,14 : 0.3585"
"14,38 : 0.815"
"38,14 : 0.815"
"14,39 : 0.1565"
"39,14 : 0.1565"
"14,40 : 0.3114"
"40,14 : 0.3114"
"14,41 : 0.4531"
"41,14 : 0.4531"
"14,42 : 0.1552"
"42,14 : 0.1552"
"14,43 : 0.4965"
"43,14 : 0.4965"
"14,44 : 0.6213"
"44,14 : 0.6213"
"14,45 : 1.0152"
"45,14 : 1.0152"
"14,46 : 0.0721"
"46,14 : 0.0721"
"14,47 : 0.2452"
"47,14 : 0.2452"
"14,48 : 0.7481"
"48,14 : 0.7481"
"14,49 : 0.6268"
"49,14 : 0.6268"
"15,16 : 0.6712"
"16,15 : 0.6712"
"15,17 : 0.628"
"17,15 : 0.628"
"15,18 : 0.389"
"18,15 : 0.389"
"15,19 : 0.5608"
"19,15 : 0.5608"
"15,20 : 0.0671"
"20,15 : 0.0671"
"15,21 : 0.5842"
"21,15 : 0.5842"
"15,22 : 0.586"
"22,15 : 0.586"
"15,23 : 0.405"
"23,15 : 0.405"
"15,24 : 0.3833"
"24,15 : 0.3833"
"15,25 : 0.6181"
"25,15 : 0.6181"
"15,26 : 0.2953"
"26,15 : 0.2953"
"15,27 : 0.4211"
"27,15 : 0.4211"
"15,28 : 0.6882"
"28,15 : 0.6882"
"15,29 : 0.6161"
"29,15 : 0.6161"
"15,30 : 0.7473"
"30,15 : 0.7473"
"15,31 : 0.4254"
"31,15 : 0.4254"
"15,32 : 0.4838"
"32,15 : 0.4838"
"15,33 : 0.5536"
"33,15 : 0.5536"
"15,34 : 0.4079"
"34,15 : 0.4079"
"15,35 : 0.3864"
"35,15 : 0.3864"
"15,36 : 0.5224"
"36,15 : 0.5224"
"15,37 : 0.5869"
"37,15 : 0.5869"
"15,38 : 0.1304"
"38,15 : 0.1304"
"15,39 : 0.7875"
"39,15 : 0.7875"
"15,40 : 0.7404"
"40,15 : 0.7404"
"15,41 : 0.3748"
"41,15 : 0.3748"
"15,42 : 0.6871"
"42,15 : 0.6871"
"15,43 : 0.5061"
"43,15 : 0.5061"
"15,44 : 0.0849"
"44,15 : 0.0849"
"15,45 : 0.4188"
"45,15 : 0.4188"
"15,46 : 0.6412"
"46,15 : 0.6412"
"15,47 : 0.4428"
"47,15 : 0.4428"
"15,48 : 0.3711"
"48,15 : 0.3711"
"15,49 : 0.2968"
"49,15 : 0.2968"
"16,17 : 0.7058"
"17,16 : 0.7058"
"16,18 : 0.9901"
"18,16 : 0.9901"
"16,19 : 0.8544"
"19,16 : 0.8544"
"16,20 : 0.7272"
"20,16 : 0.7272"
"16,21 : 0.3901"
"21,16 : 0.3901"
"16,22 : 0.5731"
"22,16 : 0.5731"
"16,23 : 0.5057"
"23,16 : 0.5057"
"16,24 : 0.3421"
"24,16 : 0.3421"
"16,25 : 0.4205"
"25,16 : 0.4205"
"16,26 : 0.7325"
"26,16 : 0.7325"
"16,27 : 0.5689"
"27,16 : 0.5689"
"16,28 : 0.7206"
"28,16 : 0.7206"
"16,29 : 0.0985"
"29,16 : 0.0985"
"16,30 : 0.1769"
"30,16 : 0.1769"
"16,31 : 0.5738"
"31,16 : 0.5738"
"16,32 : 0.4876"
"32,16 : 0.4876"
"16,33 : 0.5148"
"33,16 : 0.5148"
"16,34 : 0.3061"
"34,16 : 0.3061"
"16,35 : 0.6627"
"35,16 : 0.6627"
"16,36 : 0.5758"
"36,16 : 0.5758"
"16,37 : 0.103"
"37,16 : 0.103"
"16,38 : 0.792"
"38,16 : 0.792"
"16,39 : 0.5824"
"39,16 : 0.5824"
"16,40 : 0.1628"
"40,16 : 0.1628"
"16,41 : 0.676"
"41,16 : 0.676"
"16,42 : 0.5722"
"42,16 : 0.5722"
"16,43 : 0.1903"
"43,16 : 0.1903"
"16,44 : 0.6522"
"44,16 : 0.6522"
"16,45 : 0.8205"
"45,16 : 0.8205"
"16,46 : 0.3635"
"46,16 : 0.3635"
"16,47 : 0.3992"
"47,16 : 0.3992"
"16,48 : 0.5016"
"48,16 : 0.5016"
"16,49 : 0.4357"
"49,16 : 0.4357"
"17,18 : 0.6201"
"18,17 : 0.6201"
"17,19 : 0.2326"
"19,17 : 0.2326"
"17,20 : 0.6191"
"20,17 : 0.6191"
"17,21 : 0.3202"
"21,17 : 0.3202"
"17,22 : 0.1334"
"22,17 : 0.1334"
"17,23 : 0.2683"
"23,17 : 0.2683"
"17,24 : 0.4464"
"24,17 : 0.4464"
"17,25 : 0.3008"
"25,17 : 0.3008"
"17,26 : 0.9051"
"26,17 : 0.9051"
"17,27 : 0.9278"
"27,17 : 0.9278"
"17,28 : 0.0632"
"28,17 : 0.0632"
"17,29 : 0.74"
"29,17 : 0.74"
"17,30 : 0.6203"
"30,17 : 0.6203"
"17,31 : 0.214"
"31,17 : 0.214"
"17,32 : 0.2335"
"32,17 : 0.2335"
"17,33 : 0.191"
"33,17 : 0.191"
"17,34 : 0.4707"
"34,17 : 0.4707"
"17,35 : 0.95"
"35,17 : 0.95"
"17,36 : 1.0062"
"36,17 : 1.0062"
"17,37 : 0.6113"
"37,17 : 0.6113"
"17,38 : 0.7306"
"38,17 : 0.7306"
"17,39 : 0.2865"
"39,17 : 0.2865"
"17,40 : 0.6263"
"40,17 : 0.6263"
"17,41 : 0.264"
"41,17 : 0.264"
"17,42 : 0.191"
"42,17 : 0.191"
"17,43 : 0.6972"
"43,17 : 0.6972"
"17,44 : 0.5441"
"44,17 : 0.5441"
"17,45 : 1.0324"
"45,17 : 1.0324"
"17,46 : 0.3677"
"46,17 : 0.3677"
"17,47 : 0.3354"
"47,17 : 0.3354"
"17,48 : 0.846"
"48,17 : 0.846"
"17,49 : 0.7159"
"49,17 : 0.7159"
"18,19 : 0.4245"
"19,18 : 0.4245"
"18,20 : 0.3228"
"20,18 : 0.3228"
"18,21 : 0.7616"
"21,18 : 0.7616"
"18,22 : 0.661"
"22,18 : 0.661"
"18,23 : 0.5504"
"23,18 : 0.5504"
"18,24 : 0.653"
"24,18 : 0.653"
"18,25 : 0.7783"
"25,18 : 0.7783"
"18,26 : 0.6303"
"26,18 : 0.6303"
"18,27 : 0.8041"
"27,18 : 0.8041"
"18,28 : 0.6807"
"28,18 : 0.6807"
"18,29 : 0.9578"
"29,18 : 0.9578"
"18,30 : 1.0151"
"30,18 : 1.0151"
"18,31 : 0.5155"
"31,18 : 0.5155"
"18,32 : 0.6203"
"32,18 : 0.6203"
"18,33 : 0.6648"
"33,18 : 0.6648"
"18,34 : 0.6877"
"34,18 : 0.6877"
"18,35 : 0.7517"
"35,18 : 0.7517"
"18,36 : 0.9061"
"36,18 : 0.9061"
"18,37 : 0.892"
"37,18 : 0.892"
"18,38 : 0.3601"
"38,18 : 0.3601"
"18,39 : 0.8797"
"39,18 : 0.8797"
"18,40 : 1.0126"
"40,18 : 1.0126"
"18,41 : 0.3929"
"41,18 : 0.3929"
"18,42 : 0.7694"
"42,18 : 0.7694"
"18,43 : 0.856"
"43,18 : 0.856"
"18,44 : 0.3585"
"44,18 : 0.3585"
"18,45 : 0.7284"
"45,18 : 0.7284"
"18,46 : 0.8286"
"46,18 : 0.8286"
"18,47 : 0.645"
"47,18 : 0.645"
"18,48 : 0.7596"
"48,18 : 0.7596"
"18,49 : 0.6803"
"49,18 : 0.6803"
"19,20 : 0.528"
"20,19 : 0.528"
"19,21 : 0.5022"
"21,19 : 0.5022"
"19,22 : 0.3324"
"22,19 : 0.3324"
"19,23 : 0.3517"
"23,19 : 0.3517"
"19,24 : 0.5376"
"24,19 : 0.5376"
"19,25 : 0.4968"
"25,19 : 0.4968"
"19,26 : 0.8559"
"26,19 : 0.8559"
"19,27 : 0.9368"
"27,19 : 0.9368"
"19,28 : 0.2816"
"28,19 : 0.2816"
"19,29 : 0.8659"
"29,19 : 0.8659"
"19,30 : 0.8045"
"30,19 : 0.8045"
"19,31 : 0.2816"
"31,19 : 0.2816"
"19,32 : 0.3712"
"32,19 : 0.3712"
"19,33 : 0.3701"
"33,19 : 0.3701"
"19,34 : 0.5707"
"34,19 : 0.5707"
"19,35 : 0.9323"
"35,19 : 0.9323"
"19,36 : 1.0284"
"36,19 : 1.0284"
"19,37 : 0.7527"
"37,19 : 0.7527"
"19,38 : 0.6303"
"38,19 : 0.6303"
"19,39 : 0.5188"
"39,19 : 0.5188"
"19,40 : 0.8078"
"40,19 : 0.8078"
"19,41 : 0.2121"
"41,19 : 0.2121"
"19,42 : 0.4188"
"42,19 : 0.4188"
"19,43 : 0.7976"
"43,19 : 0.7976"
"19,44 : 0.4789"
"44,19 : 0.4789"
"19,45 : 0.9794"
"45,19 : 0.9794"
"19,46 : 0.5622"
"46,19 : 0.5622"
"19,47 : 0.4554"
"47,19 : 0.4554"
"19,48 : 0.8635"
"48,19 : 0.8635"
"19,49 : 0.7415"
"49,19 : 0.7415"
"20,21 : 0.6101"
"21,20 : 0.6101"
"20,22 : 0.5914"
"22,20 : 0.5914"
"20,23 : 0.4177"
"23,20 : 0.4177"
"20,24 : 0.4245"
"24,20 : 0.4245"
"20,25 : 0.6412"
"25,20 : 0.6412"
"20,26 : 0.3384"
"26,20 : 0.3384"
"20,27 : 0.4837"
"27,20 : 0.4837"
"20,28 : 0.681"
"28,20 : 0.681"
"20,29 : 0.6762"
"29,20 : 0.6762"
"20,30 : 0.7938"
"30,20 : 0.7938"
"20,31 : 0.4272"
"31,20 : 0.4272"
"20,32 : 0.4982"
"32,20 : 0.4982"
"20,33 : 0.5652"
"33,20 : 0.5652"
"20,34 : 0.4522"
"34,20 : 0.4522"
"20,35 : 0.4418"
"35,20 : 0.4418"
"20,36 : 0.5855"
"36,20 : 0.5855"
"20,37 : 0.6395"
"37,20 : 0.6395"
"20,38 : 0.1118"
"38,20 : 0.1118"
"20,39 : 0.8005"
"39,20 : 0.8005"
"20,40 : 0.7877"
"40,20 : 0.7877"
"20,41 : 0.3581"
"41,20 : 0.3581"
"20,42 : 0.6964"
"42,20 : 0.6964"
"20,43 : 0.5673"
"43,20 : 0.5673"
"20,44 : 0.09"
"44,20 : 0.09"
"20,45 : 0.4562"
"45,20 : 0.4562"
"20,46 : 0.6703"
"46,20 : 0.6703"
"20,47 : 0.4701"
"47,20 : 0.4701"
"20,48 : 0.4368"
"48,20 : 0.4368"
"20,49 : 0.3636"
"49,20 : 0.3636"
"21,22 : 0.1868"
"22,21 : 0.1868"
"21,23 : 0.2119"
"23,21 : 0.2119"
"21,24 : 0.2332"
"24,21 : 0.2332"
"21,25 : 0.0424"
"25,21 : 0.0424"
"21,26 : 0.792"
"26,21 : 0.792"
"21,27 : 0.7366"
"27,21 : 0.7366"
"21,28 : 0.3306"
"28,21 : 0.3306"
"21,29 : 0.4374"
"29,21 : 0.4374"
"21,30 : 0.3041"
"30,21 : 0.3041"
"21,31 : 0.2524"
"31,21 : 0.2524"
"21,32 : 0.1442"
"32,21 : 0.1442"
"21,33 : 0.1342"
"33,21 : 0.1342"
"21,34 : 0.2343"
"34,21 : 0.2343"
"21,35 : 0.7906"
"35,21 : 0.7906"
"21,36 : 0.7931"
"36,21 : 0.7931"
"21,37 : 0.3027"
"37,21 : 0.3027"
"21,38 : 0.7125"
"38,21 : 0.7125"
"21,39 : 0.2404"
"39,21 : 0.2404"
"21,40 : 0.3087"
"40,21 : 0.3087"
"21,41 : 0.3774"
"41,21 : 0.3774"
"21,42 : 0.1897"
"42,21 : 0.1897"
"21,43 : 0.4205"
"43,21 : 0.4205"
"21,44 : 0.5201"
"44,21 : 0.5201"
"21,45 : 0.9124"
"45,21 : 0.9124"
"21,46 : 0.0671"
"46,21 : 0.0671"
"21,47 : 0.1414"
"47,21 : 0.1414"
"21,48 : 0.6519"
"48,21 : 0.6519"
"21,49 : 0.528"
"49,21 : 0.528"
"22,23 : 0.186"
"23,22 : 0.186"
"22,24 : 0.3354"
"24,22 : 0.3354"
"22,25 : 0.17"
"25,22 : 0.17"
"22,26 : 0.842"
"26,22 : 0.842"
"22,27 : 0.836"
"27,22 : 0.836"
"22,28 : 0.153"
"28,22 : 0.153"
"22,29 : 0.6107"
"29,22 : 0.6107"
"22,30 : 0.4885"
"30,22 : 0.4885"
"22,31 : 0.1649"
"31,22 : 0.1649"
"22,32 : 0.1221"
"32,22 : 0.1221"
"22,33 : 0.0608"
"33,22 : 0.0608"
"22,34 : 0.3547"
"34,22 : 0.3547"
"22,35 : 0.87"
"35,22 : 0.87"
"22,36 : 0.9074"
"36,22 : 0.9074"
"22,37 : 0.4801"
"37,22 : 0.4801"
"22,38 : 0.7023"
"38,22 : 0.7023"
"22,39 : 0.2202"
"39,22 : 0.2202"
"22,40 : 0.494"
"40,22 : 0.494"
"22,41 : 0.2707"
"41,22 : 0.2707"
"22,42 : 0.11"
"42,22 : 0.11"
"22,43 : 0.5749"
"43,22 : 0.5749"
"22,44 : 0.507"
"44,22 : 0.507"
"22,45 : 0.9683"
"45,22 : 0.9683"
"22,46 : 0.2371"
"46,22 : 0.2371"
"22,47 : 0.2193"
"47,22 : 0.2193"
"22,48 : 0.7521"
"48,22 : 0.7521"
"22,49 : 0.622"
"49,22 : 0.622"
"23,24 : 0.19"
"24,23 : 0.19"
"23,25 : 0.2335"
"25,23 : 0.2335"
"23,26 : 0.656"
"26,23 : 0.656"
"23,27 : 0.6604"
"27,23 : 0.6604"
"23,28 : 0.3162"
"28,23 : 0.3162"
"23,29 : 0.5142"
"29,23 : 0.5142"
"23,30 : 0.4808"
"30,23 : 0.4808"
"23,31 : 0.0707"
"31,23 : 0.0707"
"23,32 : 0.0806"
"32,23 : 0.0806"
"23,33 : 0.1487"
"33,23 : 0.1487"
"23,34 : 0.2209"
"34,23 : 0.2209"
"23,35 : 0.6877"
"35,23 : 0.6877"
"23,36 : 0.7379"
"36,23 : 0.7379"
"23,37 : 0.4031"
"37,23 : 0.4031"
"23,38 : 0.5263"
"38,23 : 0.5263"
"23,39 : 0.3833"
"39,23 : 0.3833"
"23,40 : 0.481"
"40,23 : 0.481"
"23,41 : 0.1769"
"41,23 : 0.1769"
"23,42 : 0.2823"
"42,23 : 0.2823"
"23,43 : 0.4504"
"43,23 : 0.4504"
"23,44 : 0.3298"
"44,23 : 0.3298"
"23,45 : 0.7824"
"45,23 : 0.7824"
"23,46 : 0.2786"
"46,23 : 0.2786"
"23,47 : 0.1082"
"47,23 : 0.1082"
"23,48 : 0.578"
"48,23 : 0.578"
"23,49 : 0.4478"
"49,23 : 0.4478"
"24,25 : 0.2746"
"25,24 : 0.2746"
"24,26 : 0.5608"
"26,24 : 0.5608"
"24,27 : 0.5093"
"27,24 : 0.5093"
"24,28 : 0.4847"
"28,24 : 0.4847"
"24,29 : 0.3324"
"29,24 : 0.3324"
"24,30 : 0.3716"
"30,24 : 0.3716"
"24,31 : 0.2602"
"31,24 : 0.2602"
"24,32 : 0.2154"
"32,24 : 0.2154"
"24,33 : 0.2778"
"33,24 : 0.2778"
"24,34 : 0.0361"
"34,24 : 0.0361"
"24,35 : 0.558"
"35,24 : 0.558"
"24,36 : 0.5743"
"36,24 : 0.5743"
"24,37 : 0.2408"
"37,24 : 0.2408"
"24,38 : 0.5135"
"38,24 : 0.5135"
"24,39 : 0.4701"
"39,24 : 0.4701"
"24,40 : 0.3667"
"40,24 : 0.3667"
"24,41 : 0.3418"
"41,24 : 0.3418"
"24,42 : 0.397"
"42,24 : 0.397"
"24,43 : 0.2608"
"43,24 : 0.2608"
"24,44 : 0.3384"
"44,24 : 0.3384"
"24,45 : 0.6798"
"45,24 : 0.6798"
"24,46 : 0.2751"
"46,24 : 0.2751"
"24,47 : 0.1166"
"47,24 : 0.1166"
"24,48 : 0.4245"
"48,24 : 0.4245"
"24,49 : 0.2973"
"49,24 : 0.2973"
"25,26 : 0.8319"
"26,25 : 0.8319"
"25,27 : 0.779"
"27,25 : 0.779"
"25,28 : 0.3041"
"28,25 : 0.3041"
"25,29 : 0.473"
"29,25 : 0.473"
"25,30 : 0.3195"
"30,25 : 0.3195"
"25,31 : 0.264"
"31,25 : 0.264"
"25,32 : 0.1581"
"32,25 : 0.1581"
"25,33 : 0.1273"
"33,25 : 0.1273"
"25,34 : 0.2766"
"34,25 : 0.2766"
"25,35 : 0.8323"
"35,25 : 0.8323"
"25,36 : 0.8355"
"36,25 : 0.8355"
"25,37 : 0.3373"
"37,25 : 0.3373"
"25,38 : 0.7455"
"38,25 : 0.7455"
"25,39 : 0.198"
"39,25 : 0.198"
"25,40 : 0.3257"
"40,25 : 0.3257"
"25,41 : 0.3891"
"41,25 : 0.3891"
"25,42 : 0.153"
"42,25 : 0.153"
"25,43 : 0.4607"
"43,25 : 0.4607"
"25,44 : 0.5515"
"44,25 : 0.5515"
"25,45 : 0.9529"
"45,25 : 0.9529"
"25,46 : 0.0671"
"46,25 : 0.0671"
"25,47 : 0.1772"
"47,25 : 0.1772"
"25,48 : 0.6943"
"48,25 : 0.6943"
"25,49 : 0.5701"
"49,25 : 0.5701"
"26,27 : 0.2335"
"27,26 : 0.2335"
"26,28 : 0.9621"
"28,26 : 0.9621"
"26,29 : 0.6478"
"29,26 : 0.6478"
"26,30 : 0.8621"
"30,26 : 0.8621"
"26,31 : 0.6935"
"31,26 : 0.6935"
"26,32 : 0.7267"
"32,26 : 0.7267"
"26,33 : 0.7988"
"33,26 : 0.7988"
"26,34 : 0.5692"
"34,26 : 0.5692"
"26,35 : 0.1389"
"35,26 : 0.1389"
"26,36 : 0.322"
"36,26 : 0.322"
"26,37 : 0.6807"
"37,26 : 0.6807"
"26,38 : 0.2702"
"38,26 : 0.2702"
"26,39 : 1.0208"
"39,26 : 1.0208"
"26,40 : 0.8515"
"40,26 : 0.8515"
"26,41 : 0.664"
"41,26 : 0.664"
"26,42 : 0.9319"
"42,26 : 0.9319"
"26,43 : 0.5423"
"43,26 : 0.5423"
"26,44 : 0.3774"
"44,26 : 0.3774"
"26,45 : 0.1273"
"45,26 : 0.1273"
"26,46 : 0.8357"
"46,26 : 0.8357"
"26,47 : 0.6576"
"47,26 : 0.6576"
"26,48 : 0.2508"
"48,26 : 0.2508"
"26,49 : 0.3002"
"49,26 : 0.3002"
"27,28 : 0.9764"
"28,27 : 0.9764"
"27,29 : 0.4738"
"29,27 : 0.4738"
"27,30 : 0.7242"
"30,27 : 0.7242"
"27,31 : 0.7159"
"31,27 : 0.7159"
"27,32 : 0.714"
"32,27 : 0.714"
"27,33 : 0.7824"
"33,27 : 0.7824"
"27,34 : 0.5025"
"34,27 : 0.5025"
"27,35 : 0.1077"
"35,27 : 0.1077"
"27,36 : 0.102"
"36,27 : 0.102"
"27,37 : 0.5442"
"37,27 : 0.5442"
"27,38 : 0.4588"
"38,27 : 0.4588"
"27,39 : 0.9767"
"39,27 : 0.9767"
"27,40 : 0.7117"
"40,27 : 0.7117"
"27,41 : 0.7273"
"41,27 : 0.7273"
"27,42 : 0.9061"
"42,27 : 0.9061"
"27,43 : 0.386"
"43,27 : 0.386"
"27,44 : 0.4809"
"44,27 : 0.4809"
"27,45 : 0.2693"
"45,27 : 0.2693"
"27,46 : 0.764"
"46,27 : 0.764"
"27,47 : 0.6237"
"47,27 : 0.6237"
"27,48 : 0.0849"
"48,27 : 0.0849"
"27,49 : 0.214"
"49,27 : 0.214"
"28,29 : 0.7624"
"29,28 : 0.7624"
"28,30 : 0.621"
"30,28 : 0.621"
"28,31 : 0.2687"
"31,28 : 0.2687"
"28,32 : 0.2693"
"32,28 : 0.2693"
"28,33 : 0.2138"
"33,28 : 0.2138"
"28,34 : 0.506"
"34,28 : 0.506"
"28,35 : 1.0026"
"35,28 : 1.0026"
"28,36 : 1.0519"
"36,28 : 1.0519"
"28,37 : 0.6303"
"37,28 : 0.6303"
"28,38 : 0.7926"
"38,28 : 0.7926"
"28,39 : 0.2484"
"39,28 : 0.2484"
"28,40 : 0.6282"
"40,28 : 0.6282"
"28,41 : 0.327"
"41,28 : 0.327"
"28,42 : 0.17"
"42,28 : 0.17"
"28,43 : 0.7278"
"43,28 : 0.7278"
"28,44 : 0.6046"
"44,28 : 0.6046"
"28,45 : 1.0893"
"45,28 : 1.0893"
"28,46 : 0.3688"
"46,28 : 0.3688"
"28,47 : 0.37"
"47,28 : 0.37"
"28,48 : 0.8936"
"48,28 : 0.8936"
"28,49 : 0.7632"
"49,28 : 0.7632"
"29,30 : 0.272"
"30,29 : 0.272"
"29,31 : 0.5846"
"31,29 : 0.5846"
"29,32 : 0.5116"
"32,29 : 0.5116"
"29,33 : 0.5504"
"33,29 : 0.5504"
"29,34 : 0.2973"
"34,29 : 0.2973"
"29,35 : 0.5704"
"35,29 : 0.5704"
"29,36 : 0.4776"
"36,29 : 0.4776"
"29,37 : 0.136"
"37,29 : 0.136"
"29,38 : 0.7306"
"38,29 : 0.7306"
"29,39 : 0.65"
"39,29 : 0.65"
"29,40 : 0.2581"
"40,29 : 0.2581"
"29,41 : 0.6742"
"41,29 : 0.6742"
"29,42 : 0.6259"
"42,29 : 0.6259"
"29,43 : 0.1118"
"43,29 : 0.1118"
"29,44 : 0.6083"
"44,29 : 0.6083"
"29,45 : 0.7301"
"45,29 : 0.7301"
"29,46 : 0.4238"
"46,29 : 0.4238"
"29,47 : 0.4144"
"47,29 : 0.4144"
"29,48 : 0.41"
"48,29 : 0.41"
"29,49 : 0.3574"
"49,29 : 0.3574"
"30,31 : 0.5391"
"31,30 : 0.5391"
"30,32 : 0.436"
"32,30 : 0.436"
"30,33 : 0.4383"
"33,30 : 0.4383"
"30,34 : 0.3418"
"34,30 : 0.3418"
"30,35 : 0.8102"
"35,30 : 0.8102"
"30,36 : 0.7425"
"36,30 : 0.7425"
"30,37 : 0.1825"
"37,30 : 0.1825"
"30,38 : 0.8756"
"38,30 : 0.8756"
"30,39 : 0.441"
"39,30 : 0.441"
"30,40 : 0.0141"
"40,30 : 0.0141"
"30,41 : 0.6576"
"41,30 : 0.6576"
"30,42 : 0.4571"
"42,30 : 0.4571"
"30,43 : 0.3384"
"43,30 : 0.3384"
"30,44 : 0.7094"
"44,30 : 0.7094"
"30,45 : 0.9618"
"45,30 : 0.9618"
"30,46 : 0.253"
"46,30 : 0.253"
"30,47 : 0.3754"
"47,30 : 0.3754"
"30,48 : 0.65"
"48,30 : 0.65"
"30,49 : 0.5622"
"49,30 : 0.5622"
"31,32 : 0.1082"
"32,31 : 0.1082"
"31,33 : 0.1513"
"33,31 : 0.1513"
"31,34 : 0.2915"
"34,31 : 0.2915"
"31,35 : 0.736"
"35,31 : 0.736"
"31,36 : 0.7971"
"36,31 : 0.7971"
"31,37 : 0.4717"
"37,31 : 0.4717"
"31,38 : 0.5385"
"38,31 : 0.5385"
"31,39 : 0.3812"
"39,31 : 0.3812"
"31,40 : 0.5404"
"40,31 : 0.5404"
"31,41 : 0.1253"
"41,31 : 0.1253"
"31,42 : 0.2729"
"42,31 : 0.2729"
"31,43 : 0.5209"
"43,31 : 0.5209"
"31,44 : 0.3444"
"44,31 : 0.3444"
"31,45 : 0.8207"
"45,31 : 0.8207"
"31,46 : 0.3191"
"46,31 : 0.3191"
"31,47 : 0.1746"
"47,31 : 0.1746"
"31,48 : 0.6351"
"48,31 : 0.6351"
"31,49 : 0.5057"
"49,31 : 0.5057"
"32,33 : 0.0721"
"33,32 : 0.0721"
"32,34 : 0.2377"
"34,32 : 0.2377"
"32,35 : 0.7495"
"35,32 : 0.7495"
"32,36 : 0.7855"
"36,32 : 0.7855"
"32,37 : 0.3883"
"37,32 : 0.3883"
"32,38 : 0.6064"
"38,32 : 0.6064"
"32,39 : 0.3036"
"39,32 : 0.3036"
"32,40 : 0.4383"
"40,32 : 0.4383"
"32,41 : 0.2332"
"41,32 : 0.2332"
"32,42 : 0.2059"
"42,32 : 0.2059"
"32,43 : 0.4639"
"43,32 : 0.4639"
"32,44 : 0.41"
"44,32 : 0.41"
"32,45 : 0.8521"
"45,32 : 0.8521"
"32,46 : 0.211"
"46,32 : 0.211"
"32,47 : 0.102"
"47,32 : 0.102"
"32,48 : 0.6301"
"48,32 : 0.6301"
"32,49 : 0.5"
"49,32 : 0.5"
"33,34 : 0.2955"
"34,33 : 0.2955"
"33,35 : 0.8204"
"35,33 : 0.8204"
"33,36 : 0.8515"
"36,33 : 0.8515"
"33,37 : 0.4205"
"37,33 : 0.4205"
"33,38 : 0.6745"
"38,33 : 0.6745"
"33,39 : 0.2354"
"39,33 : 0.2354"
"33,40 : 0.4428"
"40,33 : 0.4428"
"33,41 : 0.272"
"41,33 : 0.272"
"33,42 : 0.1342"
"42,33 : 0.1342"
"33,43 : 0.5142"
"43,33 : 0.5142"
"33,44 : 0.478"
"44,33 : 0.478"
"33,45 : 0.9242"
"45,33 : 0.9242"
"33,46 : 0.1921"
"46,33 : 0.1921"
"33,47 : 0.1612"
"47,33 : 0.1612"
"33,48 : 0.6981"
"48,33 : 0.6981"
"33,49 : 0.5685"
"49,33 : 0.5685"
"34,35 : 0.5576"
"35,34 : 0.5576"
"34,36 : 0.5622"
"36,34 : 0.5622"
"34,37 : 0.2052"
"37,34 : 0.2052"
"34,38 : 0.5376"
"38,34 : 0.5376"
"34,39 : 0.4742"
"39,34 : 0.4742"
"34,40 : 0.3362"
"40,34 : 0.3362"
"34,41 : 0.377"
"41,34 : 0.377"
"34,42 : 0.408"
"42,34 : 0.408"
"34,43 : 0.23"
"43,34 : 0.23"
"34,44 : 0.3677"
"44,34 : 0.3677"
"34,45 : 0.6854"
"45,34 : 0.6854"
"34,46 : 0.2683"
"46,34 : 0.2683"
"34,47 : 0.136"
"47,34 : 0.136"
"34,48 : 0.4177"
"48,34 : 0.4177"
"34,49 : 0.2941"
"49,34 : 0.2941"
"35,36 : 0.1844"
"36,35 : 0.1844"
"35,37 : 0.6282"
"37,35 : 0.6282"
"35,38 : 0.3946"
"38,35 : 0.3946"
"35,39 : 1.028"
"39,35 : 1.028"
"35,40 : 0.7983"
"40,35 : 0.7983"
"35,41 : 0.729"
"41,35 : 0.729"
"35,42 : 0.9492"
"42,35 : 0.9492"
"35,43 : 0.4752"
"43,35 : 0.4752"
"35,44 : 0.4588"
"44,35 : 0.4588"
"35,45 : 0.1628"
"45,35 : 0.1628"
"35,46 : 0.8249"
"46,35 : 0.8249"
"35,47 : 0.6671"
"47,35 : 0.6671"
"35,48 : 0.1612"
"48,35 : 0.1612"
"35,49 : 0.2642"
"49,35 : 0.2642"
"36,37 : 0.5694"
"37,36 : 0.5694"
"36,38 : 0.5597"
"38,36 : 0.5597"
"36,39 : 1.0332"
"39,36 : 1.0332"
"36,40 : 0.7292"
"40,36 : 0.7292"
"36,41 : 0.8174"
"41,36 : 0.8174"
"36,42 : 0.9701"
"42,36 : 0.9701"
"36,43 : 0.4082"
"43,36 : 0.4082"
"36,44 : 0.5801"
"44,36 : 0.5801"
"36,45 : 0.3276"
"45,36 : 0.3276"
"36,46 : 0.8134"
"46,36 : 0.8134"
"36,47 : 0.6907"
"47,36 : 0.6907"
"36,48 : 0.1649"
"48,36 : 0.1649"
"36,49 : 0.2915"
"49,36 : 0.2915"
"37,38 : 0.7117"
"38,37 : 0.7117"
"37,39 : 0.5148"
"39,37 : 0.5148"
"37,40 : 0.1712"
"40,37 : 0.1712"
"37,41 : 0.5731"
"41,37 : 0.5731"
"37,42 : 0.4903"
"42,37 : 0.4903"
"37,43 : 0.1612"
"43,37 : 0.1612"
"37,44 : 0.5608"
"44,37 : 0.5608"
"37,45 : 0.7793"
"45,37 : 0.7793"
"37,46 : 0.2879"
"46,37 : 0.2879"
"37,47 : 0.2973"
"47,37 : 0.2973"
"37,48 : 0.4684"
"48,37 : 0.4684"
"37,49 : 0.3805"
"49,37 : 0.3805"
"38,39 : 0.9096"
"39,38 : 0.9096"
"38,40 : 0.8683"
"40,38 : 0.8683"
"38,41 : 0.4687"
"41,38 : 0.4687"
"38,42 : 0.8065"
"42,38 : 0.8065"
"38,43 : 0.6191"
"43,38 : 0.6191"
"38,44 : 0.1965"
"44,38 : 0.1965"
"38,45 : 0.3736"
"45,38 : 0.3736"
"38,46 : 0.7706"
"46,38 : 0.7706"
"38,47 : 0.5714"
"47,38 : 0.5714"
"38,48 : 0.4305"
"48,38 : 0.4305"
"38,49 : 0.3895"
"49,38 : 0.3895"
"39,40 : 0.4518"
"40,39 : 0.4518"
"39,41 : 0.4909"
"41,39 : 0.4909"
"39,42 : 0.1105"
"42,39 : 0.1105"
"39,43 : 0.6519"
"43,39 : 0.6519"
"39,44 : 0.7131"
"44,39 : 0.7131"
"39,45 : 1.1439"
"45,39 : 1.1439"
"39,46 : 0.2283"
"46,39 : 0.2283"
"39,47 : 0.3636"
"47,39 : 0.3636"
"39,48 : 0.892"
"48,39 : 0.892"
"39,49 : 0.7669"
"49,39 : 0.7669"
"40,41 : 0.658"
"41,40 : 0.658"
"40,42 : 0.4653"
"42,40 : 0.4653"
"40,43 : 0.3257"
"43,40 : 0.3257"
"40,44 : 0.7038"
"44,40 : 0.7038"
"40,45 : 0.9504"
"45,40 : 0.9504"
"40,46 : 0.2596"
"46,40 : 0.2596"
"40,47 : 0.3748"
"47,40 : 0.3748"
"40,48 : 0.6379"
"48,40 : 0.6379"
"40,49 : 0.5515"
"49,40 : 0.5515"
"41,42 : 0.3805"
"42,41 : 0.3805"
"41,43 : 0.5967"
"43,41 : 0.5967"
"41,44 : 0.29"
"44,41 : 0.29"
"41,45 : 0.7903"
"45,41 : 0.7903"
"41,46 : 0.4442"
"46,41 : 0.4442"
"41,47 : 0.2843"
"47,41 : 0.2843"
"41,48 : 0.6525"
"48,41 : 0.6525"
"41,49 : 0.5295"
"49,41 : 0.5295"
"42,43 : 0.6093"
"43,42 : 0.6093"
"42,44 : 0.6103"
"44,42 : 0.6103"
"42,45 : 1.0568"
"45,42 : 1.0568"
"42,46 : 0.21"
"46,42 : 0.21"
"42,47 : 0.2828"
"47,42 : 0.2828"
"42,48 : 0.8213"
"48,42 : 0.8213"
