x,y
0.84,0.15
0.3,0.6
0.74,0.41
0.92,0.64
0.54,0.4
0.53,0.47
0.35,0.12
0.53,0.26
0.67,0.56
0.56,0.36
0.59,0.63
0.39,0.07
0.01,0.95
0.79,0.32
0.55,0.94
0.8,0.08
0.18,0.14
0.15,0.15
0.91,0.62
0.97,0.46
0.55,0.4
0.97,0.62
0.7,0.51
0.65,0.02
0.84,0.39
0.99,0.79
0.95,0.65
0.32,0.39
0.78,0.86
0.2,0.24
0.86,0.33
0.5,0.63
0.34,0.48
0.21,0.71
0.08,0.47
0.29,0.19
0.06,0.26
0.3,0.64
0.72,0.17
0.75,0.32
0.48,0.05
0.21,0.92
0.93,0.91
0.51,0.51
0.07,0.29
0.18,0.23
0.49,0.89
0.2,0.48
0.91,0.06
0.86,0.33

Distanze
"0,1 : 0.7029"
"1,0 : 0.7029"
"0,2 : 0.2786"
"2,0 : 0.2786"
"0,3 : 0.4965"
"3,0 : 0.4965"
"0,4 : 0.3905"
"4,0 : 0.3905"
"0,5 : 0.4455"
"5,0 : 0.4455"
"0,6 : 0.4909"
"6,0 : 0.4909"
"0,7 : 0.3289"
"7,0 : 0.3289"
"0,8 : 0.4438"
"8,0 : 0.4438"
"0,9 : 0.35"
"9,0 : 0.35"
"0,10 : 0.5412"
"10,0 : 0.5412"
"0,11 : 0.4571"
"11,0 : 0.4571"
"0,12 : 1.1528"
"12,0 : 1.1528"
"0,13 : 0.1772"
"13,0 : 0.1772"
"0,14 : 0.8415"
"14,0 : 0.8415"
"0,15 : 0.0806"
"15,0 : 0.0806"
"0,16 : 0.6601"
"16,0 : 0.6601"
"0,17 : 0.69"
"17,0 : 0.69"
"0,18 : 0.4752"
"18,0 : 0.4752"
"0,19 : 0.3362"
"19,0 : 0.3362"
"0,20 : 0.3829"
"20,0 : 0.3829"
"0,21 : 0.4876"
"21,0 : 0.4876"
"0,22 : 0.3863"
"22,0 : 0.3863"
"0,23 : 0.2302"
"23,0 : 0.2302"
"0,24 : 0.24"
"24,0 : 0.24"
"0,25 : 0.6573"
"25,0 : 0.6573"
"0,26 : 0.512"
"26,0 : 0.512"
"0,27 : 0.5727"
"27,0 : 0.5727"
"0,28 : 0.7125"
"28,0 : 0.7125"
"0,29 : 0.6463"
"29,0 : 0.6463"
"0,30 : 0.1811"
"30,0 : 0.1811"
"0,31 : 0.5882"
"31,0 : 0.5882"
"0,32 : 0.5991"
"32,0 : 0.5991"
"0,33 : 0.8429"
"33,0 : 0.8429"
"0,34 : 0.8246"
"34,0 : 0.8246"
"0,35 : 0.5515"
"35,0 : 0.5515"
"0,36 : 0.7877"
"36,0 : 0.7877"
"0,37 : 0.7292"
"37,0 : 0.7292"
"0,38 : 0.1217"
"38,0 : 0.1217"
"0,39 : 0.1924"
"39,0 : 0.1924"
"0,40 : 0.3736"
"40,0 : 0.3736"
"0,41 : 0.9949"
"41,0 : 0.9949"
"0,42 : 0.7653"
"42,0 : 0.7653"
"0,43 : 0.4884"
"43,0 : 0.4884"
"0,44 : 0.7826"
"44,0 : 0.7826"
"0,45 : 0.6648"
"45,0 : 0.6648"
"0,46 : 0.8186"
"46,0 : 0.8186"
"0,47 : 0.7201"
"47,0 : 0.7201"
"0,48 : 0.114"
"48,0 : 0.114"
"0,49 : 0.1811"
"49,0 : 0.1811"
"1,2 : 0.4793"
"2,1 : 0.4793"
"1,3 : 0.6213"
"3,1 : 0.6213"
"1,4 : 0.3124"
"4,1 : 0.3124"
"1,5 : 0.2642"
"5,1 : 0.2642"
"1,6 : 0.4826"
"6,1 : 0.4826"
"1,7 : 0.4105"
"7,1 : 0.4105"
"1,8 : 0.3722"
"8,1 : 0.3722"
"1,9 : 0.3538"
"9,1 : 0.3538"
"1,10 : 0.2915"
"10,1 : 0.2915"
"1,11 : 0.5376"
"11,1 : 0.5376"
"1,12 : 0.4545"
"12,1 : 0.4545"
"1,13 : 0.5644"
"13,1 : 0.5644"
"1,14 : 0.422"
"14,1 : 0.422"
"1,15 : 0.7214"
"15,1 : 0.7214"
"1,16 : 0.4754"
"16,1 : 0.4754"
"1,17 : 0.4743"
"17,1 : 0.4743"
"1,18 : 0.6103"
"18,1 : 0.6103"
"1,19 : 0.6845"
"19,1 : 0.6845"
"1,20 : 0.3202"
"20,1 : 0.3202"
"1,21 : 0.6703"
"21,1 : 0.6703"
"1,22 : 0.41"
"22,1 : 0.41"
"1,23 : 0.6774"
"23,1 : 0.6774"
"1,24 : 0.5794"
"24,1 : 0.5794"
"1,25 : 0.7157"
"25,1 : 0.7157"
"1,26 : 0.6519"
"26,1 : 0.6519"
"1,27 : 0.211"
"27,1 : 0.211"
"1,28 : 0.5459"
"28,1 : 0.5459"
"1,29 : 0.3736"
"29,1 : 0.3736"
"1,30 : 0.6217"
"30,1 : 0.6217"
"1,31 : 0.2022"
"31,1 : 0.2022"
"1,32 : 0.1265"
"32,1 : 0.1265"
"1,33 : 0.1421"
"33,1 : 0.1421"
"1,34 : 0.2555"
"34,1 : 0.2555"
"1,35 : 0.4101"
"35,1 : 0.4101"
"1,36 : 0.4162"
"36,1 : 0.4162"
"1,37 : 0.04"
"37,1 : 0.04"
"1,38 : 0.6011"
"38,1 : 0.6011"
"1,39 : 0.53"
"39,1 : 0.53"
"1,40 : 0.5787"
"40,1 : 0.5787"
"1,41 : 0.3324"
"41,1 : 0.3324"
"1,42 : 0.7021"
"42,1 : 0.7021"
"1,43 : 0.2285"
"43,1 : 0.2285"
"1,44 : 0.386"
"44,1 : 0.386"
"1,45 : 0.389"
"45,1 : 0.389"
"1,46 : 0.3467"
"46,1 : 0.3467"
"1,47 : 0.1562"
"47,1 : 0.1562"
"1,48 : 0.8147"
"48,1 : 0.8147"
"1,49 : 0.6217"
"49,1 : 0.6217"
"2,3 : 0.2921"
"3,2 : 0.2921"
"2,4 : 0.2002"
"4,2 : 0.2002"
"2,5 : 0.2184"
"5,2 : 0.2184"
"2,6 : 0.486"
"6,2 : 0.486"
"2,7 : 0.2581"
"7,2 : 0.2581"
"2,8 : 0.1655"
"8,2 : 0.1655"
"2,9 : 0.1868"
"9,2 : 0.1868"
"2,10 : 0.2663"
"10,2 : 0.2663"
"2,11 : 0.488"
"11,2 : 0.488"
"2,12 : 0.908"
"12,2 : 0.908"
"2,13 : 0.103"
"13,2 : 0.103"
"2,14 : 0.563"
"14,2 : 0.563"
"2,15 : 0.3354"
"15,2 : 0.3354"
"2,16 : 0.6217"
"16,2 : 0.6217"
"2,17 : 0.6447"
"17,2 : 0.6447"
"2,18 : 0.2702"
"18,2 : 0.2702"
"2,19 : 0.2354"
"19,2 : 0.2354"
"2,20 : 0.1903"
"20,2 : 0.1903"
"2,21 : 0.3114"
"21,2 : 0.3114"
"2,22 : 0.1077"
"22,2 : 0.1077"
"2,23 : 0.4002"
"23,2 : 0.4002"
"2,24 : 0.102"
"24,2 : 0.102"
"2,25 : 0.4549"
"25,2 : 0.4549"
"2,26 : 0.3189"
"26,2 : 0.3189"
"2,27 : 0.4205"
"27,2 : 0.4205"
"2,28 : 0.4518"
"28,2 : 0.4518"
"2,29 : 0.5661"
"29,2 : 0.5661"
"2,30 : 0.1442"
"30,2 : 0.1442"
"2,31 : 0.3256"
"31,2 : 0.3256"
"2,32 : 0.4061"
"32,2 : 0.4061"
"2,33 : 0.609"
"33,2 : 0.609"
"2,34 : 0.6627"
"34,2 : 0.6627"
"2,35 : 0.5009"
"35,2 : 0.5009"
"2,36 : 0.6963"
"36,2 : 0.6963"
"2,37 : 0.4965"
"37,2 : 0.4965"
"2,38 : 0.2408"
"38,2 : 0.2408"
"2,39 : 0.0906"
"39,2 : 0.0906"
"2,40 : 0.4441"
"40,2 : 0.4441"
"2,41 : 0.7355"
"41,2 : 0.7355"
"2,42 : 0.5349"
"42,2 : 0.5349"
"2,43 : 0.2508"
"43,2 : 0.2508"
"2,44 : 0.6807"
"44,2 : 0.6807"
"2,45 : 0.5882"
"45,2 : 0.5882"
"2,46 : 0.5412"
"46,2 : 0.5412"
"2,47 : 0.5445"
"47,2 : 0.5445"
"2,48 : 0.3891"
"48,2 : 0.3891"
"2,49 : 0.1442"
"49,2 : 0.1442"
"3,4 : 0.4494"
"4,3 : 0.4494"
"3,5 : 0.4254"
"5,3 : 0.4254"
"3,6 : 0.7716"
"6,3 : 0.7716"
"3,7 : 0.5445"
"7,3 : 0.5445"
"3,8 : 0.2625"
"8,3 : 0.2625"
"3,9 : 0.4561"
"9,3 : 0.4561"
"3,10 : 0.3302"
"10,3 : 0.3302"
"3,11 : 0.7783"
"11,3 : 0.7783"
"3,12 : 0.9614"
"12,3 : 0.9614"
"3,13 : 0.3454"
"13,3 : 0.3454"
"3,14 : 0.4763"
"14,3 : 0.4763"
"3,15 : 0.5727"
"15,3 : 0.5727"
"3,16 : 0.8931"
"16,3 : 0.8931"
"3,17 : 0.9127"
"17,3 : 0.9127"
"3,18 : 0.0224"
"18,3 : 0.0224"
"3,19 : 0.1868"
"19,3 : 0.1868"
"3,20 : 0.441"
"20,3 : 0.441"
"3,21 : 0.0539"
"21,3 : 0.0539"
"3,22 : 0.2555"
"22,3 : 0.2555"
"3,23 : 0.6762"
"23,3 : 0.6762"
"3,24 : 0.2625"
"24,3 : 0.2625"
"3,25 : 0.1655"
"25,3 : 0.1655"
"3,26 : 0.0316"
"26,3 : 0.0316"
"3,27 : 0.65"
"27,3 : 0.65"
"3,28 : 0.2608"
"28,3 : 0.2608"
"3,29 : 0.8237"
"29,3 : 0.8237"
"3,30 : 0.3158"
"30,3 : 0.3158"
"3,31 : 0.4201"
"31,3 : 0.4201"
"3,32 : 0.6017"
"32,3 : 0.6017"
"3,33 : 0.7134"
"33,3 : 0.7134"
"3,34 : 0.857"
"34,3 : 0.857"
"3,35 : 0.7742"
"35,3 : 0.7742"
"3,36 : 0.9402"
"36,3 : 0.9402"
"3,37 : 0.62"
"37,3 : 0.62"
"3,38 : 0.5108"
"38,3 : 0.5108"
"3,39 : 0.3624"
"39,3 : 0.3624"
"3,40 : 0.736"
"40,3 : 0.736"
"3,41 : 0.7632"
"41,3 : 0.7632"
"3,42 : 0.2702"
"42,3 : 0.2702"
"3,43 : 0.4301"
"43,3 : 0.4301"
"3,44 : 0.9192"
"44,3 : 0.9192"
"3,45 : 0.846"
"45,3 : 0.846"
"3,46 : 0.4974"
"46,3 : 0.4974"
"3,47 : 0.7376"
"47,3 : 0.7376"
"3,48 : 0.5801"
"48,3 : 0.5801"
"3,49 : 0.3158"
"49,3 : 0.3158"
"4,5 : 0.0707"
"5,4 : 0.0707"
"4,6 : 0.3384"
"6,4 : 0.3384"
"4,7 : 0.1404"
"7,4 : 0.1404"
"4,8 : 0.2062"
"8,4 : 0.2062"
"4,9 : 0.0447"
"9,4 : 0.0447"
"4,10 : 0.2354"
"10,4 : 0.2354"
"4,11 : 0.3625"
"11,4 : 0.3625"
"4,12 : 0.7638"
"12,4 : 0.7638"
"4,13 : 0.2625"
"13,4 : 0.2625"
"4,14 : 0.5401"
"14,4 : 0.5401"
"4,15 : 0.4123"
"15,4 : 0.4123"
"4,16 : 0.4441"
"16,4 : 0.4441"
"4,17 : 0.4632"
"17,4 : 0.4632"
"4,18 : 0.4305"
"18,4 : 0.4305"
"4,19 : 0.4342"
"19,4 : 0.4342"
"4,20 : 0.01"
"20,4 : 0.01"
"4,21 : 0.483"
"21,4 : 0.483"
"4,22 : 0.1942"
"22,4 : 0.1942"
"4,23 : 0.3956"
"23,4 : 0.3956"
"4,24 : 0.3002"
"24,4 : 0.3002"
"4,25 : 0.5955"
"25,4 : 0.5955"
"4,26 : 0.4802"
"26,4 : 0.4802"
"4,27 : 0.2202"
"27,4 : 0.2202"
"4,28 : 0.5188"
"28,4 : 0.5188"
"4,29 : 0.3758"
"29,4 : 0.3758"
"4,30 : 0.3276"
"30,4 : 0.3276"
"4,31 : 0.2335"
"31,4 : 0.2335"
"4,32 : 0.2154"
"32,4 : 0.2154"
"4,33 : 0.4528"
"33,4 : 0.4528"
"4,34 : 0.4653"
"34,4 : 0.4653"
"4,35 : 0.3265"
"35,4 : 0.3265"
"4,36 : 0.5"
"36,4 : 0.5"
"4,37 : 0.3394"
"37,4 : 0.3394"
"4,38 : 0.2921"
"38,4 : 0.2921"
"4,39 : 0.2247"
"39,4 : 0.2247"
"4,40 : 0.3551"
"40,4 : 0.3551"
"4,41 : 0.6159"
"41,4 : 0.6159"
"4,42 : 0.642"
"42,4 : 0.642"
"4,43 : 0.114"
"43,4 : 0.114"
"4,44 : 0.4827"
"44,4 : 0.4827"
"4,45 : 0.3981"
"45,4 : 0.3981"
"4,46 : 0.4925"
"46,4 : 0.4925"
"4,47 : 0.3493"
"47,4 : 0.3493"
"4,48 : 0.5025"
"48,4 : 0.5025"
"4,49 : 0.3276"
"49,4 : 0.3276"
"5,6 : 0.3936"
"6,5 : 0.3936"
"5,7 : 0.21"
"7,5 : 0.21"
"5,8 : 0.1664"
"8,5 : 0.1664"
"5,9 : 0.114"
"9,5 : 0.114"
"5,10 : 0.1709"
"10,5 : 0.1709"
"5,11 : 0.4238"
"11,5 : 0.4238"
"5,12 : 0.7077"
"12,5 : 0.7077"
"5,13 : 0.3002"
"13,5 : 0.3002"
"5,14 : 0.4704"
"14,5 : 0.4704"
"5,15 : 0.4743"
"15,5 : 0.4743"
"5,16 : 0.481"
"16,5 : 0.481"
"5,17 : 0.4968"
"17,5 : 0.4968"
"5,18 : 0.4085"
"18,5 : 0.4085"
"5,19 : 0.4401"
"19,5 : 0.4401"
"5,20 : 0.0728"
"20,5 : 0.0728"
"5,21 : 0.4649"
"21,5 : 0.4649"
"5,22 : 0.1746"
"22,5 : 0.1746"
"5,23 : 0.4657"
"23,5 : 0.4657"
"5,24 : 0.3202"
"24,5 : 0.3202"
"5,25 : 0.5604"
"25,5 : 0.5604"
"5,26 : 0.4569"
"26,5 : 0.4569"
"5,27 : 0.2247"
"27,5 : 0.2247"
"5,28 : 0.4632"
"28,5 : 0.4632"
"5,29 : 0.4022"
"29,5 : 0.4022"
"5,30 : 0.3585"
"30,5 : 0.3585"
"5,31 : 0.1628"
"31,5 : 0.1628"
"5,32 : 0.1903"
"32,5 : 0.1903"
"5,33 : 0.4"
"33,5 : 0.4"
"5,34 : 0.45"
"34,5 : 0.45"
"5,35 : 0.3688"
"35,5 : 0.3688"
"5,36 : 0.5148"
"36,5 : 0.5148"
"5,37 : 0.286"
"37,5 : 0.286"
"5,38 : 0.3551"
"38,5 : 0.3551"
"5,39 : 0.2663"
"39,5 : 0.2663"
"5,40 : 0.423"
"40,5 : 0.423"
"5,41 : 0.5522"
"41,5 : 0.5522"
"5,42 : 0.5946"
"42,5 : 0.5946"
"5,43 : 0.0447"
"43,5 : 0.0447"
"5,44 : 0.494"
"44,5 : 0.494"
"5,45 : 0.4244"
"45,5 : 0.4244"
"5,46 : 0.4219"
"46,5 : 0.4219"
"5,47 : 0.3302"
"47,5 : 0.3302"
"5,48 : 0.559"
"48,5 : 0.559"
"5,49 : 0.3585"
"49,5 : 0.3585"
"6,7 : 0.228"
"7,6 : 0.228"
"6,8 : 0.5441"
"8,6 : 0.5441"
"6,9 : 0.3189"
"9,6 : 0.3189"
"6,10 : 0.5636"
"10,6 : 0.5636"
"6,11 : 0.064"
"11,6 : 0.064"
"6,12 : 0.8969"
"12,6 : 0.8969"
"6,13 : 0.4833"
"13,6 : 0.4833"
"6,14 : 0.844"
"14,6 : 0.844"
"6,15 : 0.4518"
"15,6 : 0.4518"
"6,16 : 0.1712"
"16,6 : 0.1712"
"6,17 : 0.2022"
"17,6 : 0.2022"
"6,18 : 0.7507"
"18,6 : 0.7507"
"6,19 : 0.7071"
"19,6 : 0.7071"
"6,20 : 0.3441"
"20,6 : 0.3441"
"6,21 : 0.7965"
"21,6 : 0.7965"
"6,22 : 0.524"
"22,6 : 0.524"
"6,23 : 0.3162"
"23,6 : 0.3162"
"6,24 : 0.5595"
"24,6 : 0.5595"
"6,25 : 0.9266"
"25,6 : 0.9266"
"6,26 : 0.8006"
"26,6 : 0.8006"
"6,27 : 0.2717"
"27,6 : 0.2717"
"6,28 : 0.8559"
"28,6 : 0.8559"
"6,29 : 0.1921"
"29,6 : 0.1921"
"6,30 : 0.5515"
"30,6 : 0.5515"
"6,31 : 0.5316"
"31,6 : 0.5316"
"6,32 : 0.3601"
"32,6 : 0.3601"
"6,33 : 0.6064"
"33,6 : 0.6064"
"6,34 : 0.442"
"34,6 : 0.442"
"6,35 : 0.0922"
"35,6 : 0.0922"
"6,36 : 0.322"
"36,6 : 0.322"
"6,37 : 0.5224"
"37,6 : 0.5224"
"6,38 : 0.3734"
"38,6 : 0.3734"
"6,39 : 0.4472"
"39,6 : 0.4472"
"6,40 : 0.1476"
"40,6 : 0.1476"
"6,41 : 0.8122"
"41,6 : 0.8122"
"6,42 : 0.9801"
"42,6 : 0.9801"
"6,43 : 0.4215"
"43,6 : 0.4215"
"6,44 : 0.3276"
"44,6 : 0.3276"
"6,45 : 0.2025"
"45,6 : 0.2025"
"6,46 : 0.7826"
"46,6 : 0.7826"
"6,47 : 0.39"
"47,6 : 0.39"
"6,48 : 0.5632"
"48,6 : 0.5632"
"6,49 : 0.5515"
"49,6 : 0.5515"
"7,8 : 0.3311"
"8,7 : 0.3311"
"7,9 : 0.1044"
"9,7 : 0.1044"
"7,10 : 0.3748"
"10,7 : 0.3748"
"7,11 : 0.236"
"11,7 : 0.236"
"7,12 : 0.864"
"12,7 : 0.864"
"7,13 : 0.2668"
"13,7 : 0.2668"
"7,14 : 0.6803"
"14,7 : 0.6803"
"7,15 : 0.3245"
"15,7 : 0.3245"
"7,16 : 0.37"
"16,7 : 0.37"
"7,17 : 0.3956"
"17,7 : 0.3956"
"7,18 : 0.5235"
"18,7 : 0.5235"
"7,19 : 0.4833"
"19,7 : 0.4833"
"7,20 : 0.1414"
"20,7 : 0.1414"
"7,21 : 0.5685"
"21,7 : 0.5685"
"7,22 : 0.3023"
"22,7 : 0.3023"
"7,23 : 0.2683"
"23,7 : 0.2683"
"7,24 : 0.3362"
"24,7 : 0.3362"
"7,25 : 0.7018"
"25,7 : 0.7018"
"7,26 : 0.5731"
"26,7 : 0.5731"
"7,27 : 0.247"
"27,7 : 0.247"
"7,28 : 0.65"
"28,7 : 0.65"
"7,29 : 0.3306"
"29,7 : 0.3306"
"7,30 : 0.3373"
"30,7 : 0.3373"
"7,31 : 0.3712"
"31,7 : 0.3712"
"7,32 : 0.2907"
"32,7 : 0.2907"
"7,33 : 0.5522"
"33,7 : 0.5522"
"7,34 : 0.4966"
"34,7 : 0.4966"
"7,35 : 0.25"
"35,7 : 0.25"
"7,36 : 0.47"
"36,7 : 0.47"
"7,37 : 0.4442"
"37,7 : 0.4442"
"7,38 : 0.2102"
"38,7 : 0.2102"
"7,39 : 0.228"
"39,7 : 0.228"
"7,40 : 0.2159"
"40,7 : 0.2159"
"7,41 : 0.7335"
"41,7 : 0.7335"
"7,42 : 0.7632"
"42,7 : 0.7632"
"7,43 : 0.2508"
"43,7 : 0.2508"
"7,44 : 0.461"
"44,7 : 0.461"
"7,45 : 0.3513"
"45,7 : 0.3513"
"7,46 : 0.6313"
"46,7 : 0.6313"
"7,47 : 0.3966"
"47,7 : 0.3966"
"7,48 : 0.4294"
"48,7 : 0.4294"
"7,49 : 0.3373"
"49,7 : 0.3373"
"8,9 : 0.2283"
"9,8 : 0.2283"
"8,10 : 0.1063"
"10,8 : 0.1063"
"8,11 : 0.5644"
"11,8 : 0.5644"
"8,12 : 0.7666"
"12,8 : 0.7666"
"8,13 : 0.2683"
"13,8 : 0.2683"
"8,14 : 0.3985"
"14,8 : 0.3985"
"8,15 : 0.4973"
"15,8 : 0.4973"
"8,16 : 0.6454"
"16,8 : 0.6454"
"8,17 : 0.6622"
"17,8 : 0.6622"
"8,18 : 0.2474"
"18,8 : 0.2474"
"8,19 : 0.3162"
"19,8 : 0.3162"
"8,20 : 0.2"
"20,8 : 0.2"
"8,21 : 0.3059"
"21,8 : 0.3059"
"8,22 : 0.0583"
"22,8 : 0.0583"
"8,23 : 0.5404"
"23,8 : 0.5404"
"8,24 : 0.2404"
"24,8 : 0.2404"
"8,25 : 0.3941"
"25,8 : 0.3941"
"8,26 : 0.2941"
"26,8 : 0.2941"
"8,27 : 0.3891"
"27,8 : 0.3891"
"8,28 : 0.3195"
"28,8 : 0.3195"
"8,29 : 0.5686"
"29,8 : 0.5686"
"8,30 : 0.2983"
"30,8 : 0.2983"
"8,31 : 0.1838"
"31,8 : 0.1838"
"8,32 : 0.3396"
"32,8 : 0.3396"
"8,33 : 0.4838"
"33,8 : 0.4838"
"8,34 : 0.5968"
"34,8 : 0.5968"
"8,35 : 0.5304"
"35,8 : 0.5304"
"8,36 : 0.6798"
"36,8 : 0.6798"
"8,37 : 0.3785"
"37,8 : 0.3785"
"8,38 : 0.3932"
"38,8 : 0.3932"
"8,39 : 0.253"
"39,8 : 0.253"
"8,40 : 0.5442"
"40,8 : 0.5442"
"8,41 : 0.5841"
"41,8 : 0.5841"
"8,42 : 0.436"
"42,8 : 0.436"
"8,43 : 0.1676"
"43,8 : 0.1676"
"8,44 : 0.658"
"44,8 : 0.658"
"8,45 : 0.5908"
"45,8 : 0.5908"
"8,46 : 0.3759"
"46,8 : 0.3759"
"8,47 : 0.4768"
"47,8 : 0.4768"
"8,48 : 0.5546"
"48,8 : 0.5546"
"8,49 : 0.2983"
"49,8 : 0.2983"
"9,10 : 0.2717"
"10,9 : 0.2717"
"9,11 : 0.3362"
"11,9 : 0.3362"
"9,12 : 0.8066"
"12,9 : 0.8066"
"9,13 : 0.2335"
"13,9 : 0.2335"
"9,14 : 0.5801"
"14,9 : 0.5801"
"9,15 : 0.3688"
"15,9 : 0.3688"
"9,16 : 0.4391"
"16,9 : 0.4391"
"9,17 : 0.4607"
"17,9 : 0.4607"
"9,18 : 0.436"
"18,9 : 0.436"
"9,19 : 0.422"
"19,9 : 0.422"
"9,20 : 0.0412"
"20,9 : 0.0412"
"9,21 : 0.4855"
"21,9 : 0.4855"
"9,22 : 0.2052"
"22,9 : 0.2052"
"9,23 : 0.3517"
"23,9 : 0.3517"
"9,24 : 0.2816"
"24,9 : 0.2816"
"9,25 : 0.6081"
"25,9 : 0.6081"
"9,26 : 0.486"
"26,9 : 0.486"
"9,27 : 0.2419"
"27,9 : 0.2419"
"9,28 : 0.5463"
"28,9 : 0.5463"
"9,29 : 0.3795"
"29,9 : 0.3795"
"9,30 : 0.3015"
"30,9 : 0.3015"
"9,31 : 0.2766"
"31,9 : 0.2766"
"9,32 : 0.2506"
"32,9 : 0.2506"
"9,33 : 0.495"
"33,9 : 0.495"
"9,34 : 0.4924"
"34,9 : 0.4924"
"9,35 : 0.3191"
"35,9 : 0.3191"
"9,36 : 0.5099"
"36,9 : 0.5099"
"9,37 : 0.3821"
"37,9 : 0.3821"
"9,38 : 0.2484"
"38,9 : 0.2484"
"9,39 : 0.1942"
"39,9 : 0.1942"
"9,40 : 0.3202"
"40,9 : 0.3202"
"9,41 : 0.6604"
"41,9 : 0.6604"
"9,42 : 0.6629"
"42,9 : 0.6629"
"9,43 : 0.1581"
"43,9 : 0.1581"
"9,44 : 0.495"
"44,9 : 0.495"
"9,45 : 0.4016"
"45,9 : 0.4016"
"9,46 : 0.5346"
"46,9 : 0.5346"
"9,47 : 0.3795"
"47,9 : 0.3795"
"9,48 : 0.461"
"48,9 : 0.461"
"9,49 : 0.3015"
"49,9 : 0.3015"
"10,11 : 0.5946"
"11,10 : 0.5946"
"10,12 : 0.6624"
"12,10 : 0.6624"
"10,13 : 0.3689"
"13,10 : 0.3689"
"10,14 : 0.3126"
"14,10 : 0.3126"
"10,15 : 0.5887"
"15,10 : 0.5887"
"10,16 : 0.6389"
"16,10 : 0.6389"
"10,17 : 0.6512"
"17,10 : 0.6512"
"10,18 : 0.3202"
"18,10 : 0.3202"
"10,19 : 0.4163"
"19,10 : 0.4163"
"10,20 : 0.2335"
"20,10 : 0.2335"
"10,21 : 0.3801"
"21,10 : 0.3801"
"10,22 : 0.1628"
"22,10 : 0.1628"
"10,23 : 0.6129"
"23,10 : 0.6129"
"10,24 : 0.3466"
"24,10 : 0.3466"
"10,25 : 0.4308"
"25,10 : 0.4308"
"10,26 : 0.3606"
"26,10 : 0.3606"
"10,27 : 0.3612"
"27,10 : 0.3612"
"10,28 : 0.2983"
"28,10 : 0.2983"
"10,29 : 0.5515"
"29,10 : 0.5515"
"10,30 : 0.4036"
"30,10 : 0.4036"
"10,31 : 0.09"
"31,10 : 0.09"
"10,32 : 0.2915"
"32,10 : 0.2915"
"10,33 : 0.3883"
"33,10 : 0.3883"
"10,34 : 0.5345"
"34,10 : 0.5345"
"10,35 : 0.5325"
"35,10 : 0.5325"
"10,36 : 0.6464"
"36,10 : 0.6464"
"10,37 : 0.2902"
"37,10 : 0.2902"
"10,38 : 0.478"
"38,10 : 0.478"
"10,39 : 0.3489"
"39,10 : 0.3489"
"10,40 : 0.5903"
"40,10 : 0.5903"
"10,41 : 0.478"
"41,10 : 0.478"
"10,42 : 0.4405"
"42,10 : 0.4405"
"10,43 : 0.1442"
"43,10 : 0.1442"
"10,44 : 0.6213"
"44,10 : 0.6213"
"10,45 : 0.5728"
"45,10 : 0.5728"
"10,46 : 0.2786"
"46,10 : 0.2786"
"10,47 : 0.4179"
"47,10 : 0.4179"
"10,48 : 0.6537"
"48,10 : 0.6537"
"10,49 : 0.4036"
"49,10 : 0.4036"
"11,12 : 0.9585"
"12,11 : 0.9585"
"11,13 : 0.4717"
"13,11 : 0.4717"
"11,14 : 0.8846"
"14,11 : 0.8846"
"11,15 : 0.4101"
"15,11 : 0.4101"
"11,16 : 0.2214"
"16,11 : 0.2214"
"11,17 : 0.253"
"17,11 : 0.253"
"11,18 : 0.7569"
"18,11 : 0.7569"
"11,19 : 0.6989"
"19,11 : 0.6989"
"11,20 : 0.3667"
"20,11 : 0.3667"
"11,21 : 0.7993"
"21,11 : 0.7993"
"11,22 : 0.5382"
"22,11 : 0.5382"
"11,23 : 0.2648"
"23,11 : 0.2648"
"11,24 : 0.5522"
"24,11 : 0.5522"
"11,25 : 0.9372"
"25,11 : 0.9372"
"11,26 : 0.8062"
"26,11 : 0.8062"
"11,27 : 0.3276"
"27,11 : 0.3276"
"11,28 : 0.881"
"28,11 : 0.881"
"11,29 : 0.255"
"29,11 : 0.255"
"11,30 : 0.5371"
"30,11 : 0.5371"
"11,31 : 0.5707"
"31,11 : 0.5707"
"11,32 : 0.413"
"32,11 : 0.413"
"11,33 : 0.6648"
"33,11 : 0.6648"
"11,34 : 0.5061"
"34,11 : 0.5061"
"11,35 : 0.1562"
"35,11 : 0.1562"
"11,36 : 0.3808"
"36,11 : 0.3808"
"11,37 : 0.5771"
"37,11 : 0.5771"
"11,38 : 0.3448"
"38,11 : 0.3448"
"11,39 : 0.4383"
"39,11 : 0.4383"
"11,40 : 0.0922"
"40,11 : 0.0922"
"11,41 : 0.8688"
"41,11 : 0.8688"
"11,42 : 0.9986"
"42,11 : 0.9986"
"11,43 : 0.4561"
"43,11 : 0.4561"
"11,44 : 0.3883"
"44,11 : 0.3883"
"11,45 : 0.264"
"45,11 : 0.264"
"11,46 : 0.8261"
"46,11 : 0.8261"
"11,47 : 0.4519"
"47,11 : 0.4519"
"11,48 : 0.5201"
"48,11 : 0.5201"
"11,49 : 0.5371"
"49,11 : 0.5371"
"12,13 : 1.0026"
"13,12 : 1.0026"
"12,14 : 0.5401"
"14,12 : 0.5401"
"12,15 : 1.1752"
"15,12 : 1.1752"
"12,16 : 0.8276"
"16,12 : 0.8276"
"12,17 : 0.8122"
"17,12 : 0.8122"
"12,18 : 0.9586"
"18,12 : 0.9586"
"12,19 : 1.0778"
"19,12 : 1.0778"
"12,20 : 0.7708"
"20,12 : 0.7708"
"12,21 : 1.0151"
"21,12 : 1.0151"
"12,22 : 0.8184"
"22,12 : 0.8184"
"12,23 : 1.1289"
"23,12 : 1.1289"
"12,24 : 1.0012"
"24,12 : 1.0012"
"12,25 : 0.993"
"25,12 : 0.993"
"12,26 : 0.9867"
"26,12 : 0.9867"
"12,27 : 0.6401"
"27,12 : 0.6401"
"12,28 : 0.7752"
"28,12 : 0.7752"
"12,29 : 0.735"
"29,12 : 0.735"
"12,30 : 1.0521"
"30,12 : 1.0521"
"12,31 : 0.5852"
"31,12 : 0.5852"
"12,32 : 0.5743"
"32,12 : 0.5743"
"12,33 : 0.3124"
"33,12 : 0.3124"
"12,34 : 0.4851"
"34,12 : 0.4851"
"12,35 : 0.8099"
"35,12 : 0.8099"
"12,36 : 0.6918"
"36,12 : 0.6918"
"12,37 : 0.4245"
"37,12 : 0.4245"
"12,38 : 1.0548"
"38,12 : 1.0548"
"12,39 : 0.9719"
"39,12 : 0.9719"
"12,40 : 1.0153"
"40,12 : 1.0153"
"12,41 : 0.2022"
"41,12 : 0.2022"
"12,42 : 0.9209"
"42,12 : 0.9209"
"12,43 : 0.666"
"43,12 : 0.666"
"12,44 : 0.6627"
"44,12 : 0.6627"
"12,45 : 0.7398"
"45,12 : 0.7398"
"12,46 : 0.4837"
"46,12 : 0.4837"
"12,47 : 0.507"
"47,12 : 0.507"
"12,48 : 1.2657"
"48,12 : 1.2657"
"12,49 : 1.0521"
"49,12 : 1.0521"
"13,14 : 0.6648"
"14,13 : 0.6648"
"13,15 : 0.2402"
"15,13 : 0.2402"
"13,16 : 0.636"
"16,13 : 0.636"
"13,17 : 0.6622"
"17,13 : 0.6622"
"13,18 : 0.3231"
"18,13 : 0.3231"
"13,19 : 0.228"
"19,13 : 0.228"
"13,20 : 0.253"
"20,13 : 0.253"
"13,21 : 0.3499"
"21,13 : 0.3499"
"13,22 : 0.2102"
"22,13 : 0.2102"
"13,23 : 0.3311"
"23,13 : 0.3311"
"13,24 : 0.086"
"24,13 : 0.086"
"13,25 : 0.5108"
"25,13 : 0.5108"
"13,26 : 0.3667"
"26,13 : 0.3667"
"13,27 : 0.4752"
"27,13 : 0.4752"
"13,28 : 0.5401"
"28,13 : 0.5401"
"13,29 : 0.5954"
"29,13 : 0.5954"
"13,30 : 0.0707"
"30,13 : 0.0707"
"13,31 : 0.4245"
"31,13 : 0.4245"
"13,32 : 0.4776"
"32,13 : 0.4776"
"13,33 : 0.6989"
"33,13 : 0.6989"
"13,34 : 0.7257"
"34,13 : 0.7257"
"13,35 : 0.5166"
"35,13 : 0.5166"
"13,36 : 0.7325"
"36,13 : 0.7325"
"13,37 : 0.5852"
"37,13 : 0.5852"
"13,38 : 0.1655"
"38,13 : 0.1655"
"13,39 : 0.04"
"39,13 : 0.04"
"13,40 : 0.4111"
"40,13 : 0.4111"
"13,41 : 0.8345"
"41,13 : 0.8345"
"13,42 : 0.6064"
"42,13 : 0.6064"
"13,43 : 0.3384"
"43,13 : 0.3384"
"13,44 : 0.7206"
"44,13 : 0.7206"
"13,45 : 0.6166"
"45,13 : 0.6166"
"13,46 : 0.6441"
"46,13 : 0.6441"
"13,47 : 0.6113"
"47,13 : 0.6113"
"13,48 : 0.2864"
"48,13 : 0.2864"
"13,49 : 0.0707"
"49,13 : 0.0707"
"14,15 : 0.8956"
"15,14 : 0.8956"
"14,16 : 0.8814"
"16,14 : 0.8814"
"14,17 : 0.8855"
"17,14 : 0.8855"
"14,18 : 0.4817"
"18,14 : 0.4817"
"14,19 : 0.6378"
"19,14 : 0.6378"
"14,20 : 0.54"
"20,14 : 0.54"
"14,21 : 0.528"
"21,14 : 0.528"
"14,22 : 0.4554"
"22,14 : 0.4554"
"14,23 : 0.9254"
"23,14 : 0.9254"
"14,24 : 0.6218"
"24,14 : 0.6218"
"14,25 : 0.4649"
"25,14 : 0.4649"
"14,26 : 0.4941"
"26,14 : 0.4941"
"14,27 : 0.5962"
"27,14 : 0.5962"
"14,28 : 0.2435"
"28,14 : 0.2435"
"14,29 : 0.7826"
"29,14 : 0.7826"
"14,30 : 0.6843"
"30,14 : 0.6843"
"14,31 : 0.314"
"31,14 : 0.314"
"14,32 : 0.5057"
"32,14 : 0.5057"
"14,33 : 0.4105"
"33,14 : 0.4105"
"14,34 : 0.6647"
"34,14 : 0.6647"
"14,35 : 0.7938"
"35,14 : 0.7938"
"14,36 : 0.8382"
"36,14 : 0.8382"
"14,37 : 0.3905"
"37,14 : 0.3905"
"14,38 : 0.7885"
"38,14 : 0.7885"
"14,39 : 0.6515"
"39,14 : 0.6515"
"14,40 : 0.8927"
"40,14 : 0.8927"
"14,41 : 0.3406"
"41,14 : 0.3406"
"14,42 : 0.3812"
"42,14 : 0.3812"
"14,43 : 0.4319"
"43,14 : 0.4319"
"14,44 : 0.808"
"44,14 : 0.808"
"14,45 : 0.8006"
"45,14 : 0.8006"
"14,46 : 0.0781"
"46,14 : 0.0781"
"14,47 : 0.578"
"47,14 : 0.578"
"14,48 : 0.9508"
"48,14 : 0.9508"
"14,49 : 0.6843"
"49,14 : 0.6843"
"15,16 : 0.6229"
"16,15 : 0.6229"
"15,17 : 0.6538"
"17,15 : 0.6538"
"15,18 : 0.5511"
"18,15 : 0.5511"
"15,19 : 0.4163"
"19,15 : 0.4163"
"15,20 : 0.4061"
"20,15 : 0.4061"
"15,21 : 0.5661"
"21,15 : 0.5661"
"15,22 : 0.4415"
"22,15 : 0.4415"
"15,23 : 0.1616"
"23,15 : 0.1616"
"15,24 : 0.3126"
"24,15 : 0.3126"
"15,25 : 0.735"
"25,15 : 0.735"
"15,26 : 0.5894"
"26,15 : 0.5894"
"15,27 : 0.5714"
"27,15 : 0.5714"
"15,28 : 0.7803"
"28,15 : 0.7803"
"15,29 : 0.621"
"29,15 : 0.621"
"15,30 : 0.2571"
"30,15 : 0.2571"
"15,31 : 0.6265"
"31,15 : 0.6265"
"15,32 : 0.6096"
"32,15 : 0.6096"
"15,33 : 0.8631"
"33,15 : 0.8631"
"15,34 : 0.8188"
"34,15 : 0.8188"
"15,35 : 0.5217"
"35,15 : 0.5217"
"15,36 : 0.7616"
"36,15 : 0.7616"
"15,37 : 0.7507"
"37,15 : 0.7507"
"15,38 : 0.1204"
"38,15 : 0.1204"
"15,39 : 0.2452"
"39,15 : 0.2452"
"15,40 : 0.3214"
"40,15 : 0.3214"
"15,41 : 1.0265"
"41,15 : 1.0265"
"15,42 : 0.8401"
"42,15 : 0.8401"
"15,43 : 0.5187"
"43,15 : 0.5187"
"15,44 : 0.7596"
"44,15 : 0.7596"
"15,45 : 0.6379"
"45,15 : 0.6379"
"15,46 : 0.8673"
"46,15 : 0.8673"
"15,47 : 0.7211"
"47,15 : 0.7211"
"15,48 : 0.1118"
"48,15 : 0.1118"
"15,49 : 0.2571"
"49,15 : 0.2571"
"16,17 : 0.0316"
"17,16 : 0.0316"
"16,18 : 0.8737"
"18,16 : 0.8737"
"16,19 : 0.8523"
"19,16 : 0.8523"
"16,20 : 0.4522"
"20,16 : 0.4522"
"16,21 : 0.9244"
"21,16 : 0.9244"
"16,22 : 0.6382"
"22,16 : 0.6382"
"16,23 : 0.4851"
"23,16 : 0.4851"
"16,24 : 0.7058"
"24,16 : 0.7058"
"16,25 : 1.0386"
"25,16 : 1.0386"
"16,26 : 0.9236"
"26,16 : 0.9236"
"16,27 : 0.2865"
"27,16 : 0.2865"
"16,28 : 0.9372"
"28,16 : 0.9372"
"16,29 : 0.102"
"29,16 : 0.102"
"16,30 : 0.706"
"30,16 : 0.706"
"16,31 : 0.5852"
"31,16 : 0.5852"
"16,32 : 0.3758"
"32,16 : 0.3758"
"16,33 : 0.5708"
"33,16 : 0.5708"
"16,34 : 0.3448"
"34,16 : 0.3448"
"16,35 : 0.1208"
"35,16 : 0.1208"
"16,36 : 0.1697"
"36,16 : 0.1697"
"16,37 : 0.5142"
"37,16 : 0.5142"
"16,38 : 0.5408"
"38,16 : 0.5408"
"16,39 : 0.5977"
"39,16 : 0.5977"
"16,40 : 0.3132"
"40,16 : 0.3132"
"16,41 : 0.7806"
"41,16 : 0.7806"
"16,42 : 1.0749"
"42,16 : 1.0749"
"16,43 : 0.4958"
"43,16 : 0.4958"
"16,44 : 0.186"
"44,16 : 0.186"
"16,45 : 0.09"
"45,16 : 0.09"
"16,46 : 0.8115"
"46,16 : 0.8115"
"16,47 : 0.3406"
"47,16 : 0.3406"
"16,48 : 0.7344"
"48,16 : 0.7344"
"16,49 : 0.706"
"49,16 : 0.706"
"17,18 : 0.8936"
"18,17 : 0.8936"
"17,19 : 0.8766"
"19,17 : 0.8766"
"17,20 : 0.4717"
"20,17 : 0.4717"
"17,21 : 0.9451"
"21,17 : 0.9451"
"17,22 : 0.6573"
"22,17 : 0.6573"
"17,23 : 0.5166"
"23,17 : 0.5166"
"17,24 : 0.7305"
"24,17 : 0.7305"
"17,25 : 1.056"
"25,17 : 1.056"
"17,26 : 0.9434"
"26,17 : 0.9434"
"17,27 : 0.2941"
"27,17 : 0.2941"
"17,28 : 0.9492"
"28,17 : 0.9492"
"17,29 : 0.103"
"29,17 : 0.103"
"17,30 : 0.7325"
"30,17 : 0.7325"
"17,31 : 0.5941"
"31,17 : 0.5941"
"17,32 : 0.3808"
"32,17 : 0.3808"
"17,33 : 0.5632"
"33,17 : 0.5632"
"17,34 : 0.3276"
"34,17 : 0.3276"
"17,35 : 0.1456"
"35,17 : 0.1456"
"17,36 : 0.1421"
"36,17 : 0.1421"
"17,37 : 0.5124"
"37,17 : 0.5124"
"17,38 : 0.5704"
"38,17 : 0.5704"
"17,39 : 0.6236"
"39,17 : 0.6236"
"17,40 : 0.3448"
"40,17 : 0.3448"
"17,41 : 0.7723"
"41,17 : 0.7723"
"17,42 : 1.089"
"42,17 : 1.089"
"17,43 : 0.5091"
"43,17 : 0.5091"
"17,44 : 0.1612"
"44,17 : 0.1612"
"17,45 : 0.0854"
"45,17 : 0.0854"
"17,46 : 0.8144"
"46,17 : 0.8144"
"17,47 : 0.3338"
"47,17 : 0.3338"
"17,48 : 0.7653"
"48,17 : 0.7653"
"17,49 : 0.7325"
"49,17 : 0.7325"
"18,19 : 0.1709"
"19,18 : 0.1709"
"18,20 : 0.4219"
"20,18 : 0.4219"
"18,21 : 0.06"
"21,18 : 0.06"
"18,22 : 0.2371"
"22,18 : 0.2371"
"18,23 : 0.6539"
"23,18 : 0.6539"
"18,24 : 0.2404"
"24,18 : 0.2404"
"18,25 : 0.1879"
"25,18 : 0.1879"
"18,26 : 0.05"
"26,18 : 0.05"
"18,27 : 0.6332"
"27,18 : 0.6332"
"18,28 : 0.2729"
"28,18 : 0.2729"
"18,29 : 0.8053"
"29,18 : 0.8053"
"18,30 : 0.2943"
"30,18 : 0.2943"
"18,31 : 0.4101"
"31,18 : 0.4101"
"18,32 : 0.5869"
"32,18 : 0.5869"
"18,33 : 0.7058"
"33,18 : 0.7058"
"18,34 : 0.8434"
"34,18 : 0.8434"
"18,35 : 0.7545"
"35,18 : 0.7545"
"18,36 : 0.9231"
"36,18 : 0.9231"
"18,37 : 0.6103"
"37,18 : 0.6103"
"18,38 : 0.4885"
"38,18 : 0.4885"
"18,39 : 0.34"
"39,18 : 0.34"
"18,40 : 0.714"
"40,18 : 0.714"
"18,41 : 0.7616"
"41,18 : 0.7616"
"18,42 : 0.2907"
"42,18 : 0.2907"
"18,43 : 0.4148"
"43,18 : 0.4148"
"18,44 : 0.9025"
"44,18 : 0.9025"
"18,45 : 0.8276"
"45,18 : 0.8276"
"18,46 : 0.4993"
"46,18 : 0.4993"
"18,47 : 0.7237"
"47,18 : 0.7237"
"18,48 : 0.56"
"48,18 : 0.56"
"18,49 : 0.2943"
"49,18 : 0.2943"
"19,20 : 0.4243"
"20,19 : 0.4243"
"19,21 : 0.16"
"21,19 : 0.16"
"19,22 : 0.2746"
"22,19 : 0.2746"
"19,23 : 0.5441"
"23,19 : 0.5441"
"19,24 : 0.1476"
"24,19 : 0.1476"
"19,25 : 0.3306"
"25,19 : 0.3306"
"19,26 : 0.191"
"26,19 : 0.191"
"19,27 : 0.6538"
"27,19 : 0.6538"
"19,28 : 0.4428"
"28,19 : 0.4428"
"19,29 : 0.8008"
"29,19 : 0.8008"
"19,30 : 0.1703"
"30,19 : 0.1703"
"19,31 : 0.4998"
"31,19 : 0.4998"
"19,32 : 0.6303"
"32,19 : 0.6303"
"19,33 : 0.8001"
"33,19 : 0.8001"
"19,34 : 0.8901"
"34,19 : 0.8901"
"19,35 : 0.7316"
"35,19 : 0.7316"
"19,36 : 0.9317"
"36,19 : 0.9317"
"19,37 : 0.6938"
"37,19 : 0.6938"
"19,38 : 0.3829"
"38,19 : 0.3829"
"19,39 : 0.2608"
"39,19 : 0.2608"
"19,40 : 0.6389"
"40,19 : 0.6389"
"19,41 : 0.8884"
"41,19 : 0.8884"
"19,42 : 0.4518"
"42,19 : 0.4518"
"19,43 : 0.4627"
"43,19 : 0.4627"
"19,44 : 0.9159"
"44,19 : 0.9159"
"19,45 : 0.8228"
"45,19 : 0.8228"
"19,46 : 0.6444"
"46,19 : 0.6444"
"19,47 : 0.7703"
"47,19 : 0.7703"
"19,48 : 0.4045"
"48,19 : 0.4045"
"19,49 : 0.1703"
"49,19 : 0.1703"
"20,21 : 0.4741"
"21,20 : 0.4741"
"20,22 : 0.186"
"22,20 : 0.186"
"20,23 : 0.3929"
"23,20 : 0.3929"
"20,24 : 0.2902"
"24,20 : 0.2902"
"20,25 : 0.588"
"25,20 : 0.588"
"20,26 : 0.4717"
"26,20 : 0.4717"
"20,27 : 0.2302"
"27,20 : 0.2302"
"20,28 : 0.5143"
"28,20 : 0.5143"
"20,29 : 0.3848"
"29,20 : 0.3848"
"20,30 : 0.3178"
"30,20 : 0.3178"
"20,31 : 0.2354"
"31,20 : 0.2354"
"20,32 : 0.2247"
"32,20 : 0.2247"
"20,33 : 0.4601"
"33,20 : 0.4601"
"20,34 : 0.4752"
"34,20 : 0.4752"
"20,35 : 0.3342"
"35,20 : 0.3342"
"20,36 : 0.5096"
"36,20 : 0.5096"
"20,37 : 0.3466"
"37,20 : 0.3466"
"20,38 : 0.286"
"38,20 : 0.286"
"20,39 : 0.2154"
"39,20 : 0.2154"
"20,40 : 0.3569"
"40,20 : 0.3569"
"20,41 : 0.6213"
"41,20 : 0.6213"
"20,42 : 0.636"
"42,20 : 0.636"
"20,43 : 0.117"
"43,20 : 0.117"
"20,44 : 0.4924"
"44,20 : 0.4924"
"20,45 : 0.4072"
"45,20 : 0.4072"
"20,46 : 0.4937"
"46,20 : 0.4937"
"20,47 : 0.359"
"47,20 : 0.359"
"20,48 : 0.4952"
"48,20 : 0.4952"
"20,49 : 0.3178"
"49,20 : 0.3178"
"21,22 : 0.2915"
"22,21 : 0.2915"
"21,23 : 0.68"
"23,21 : 0.68"
"21,24 : 0.2642"
"24,21 : 0.2642"
"21,25 : 0.1712"
"25,21 : 0.1712"
"21,26 : 0.0361"
"26,21 : 0.0361"
"21,27 : 0.6895"
"27,21 : 0.6895"
"21,28 : 0.3061"
"28,21 : 0.3061"
"21,29 : 0.8587"
"29,21 : 0.8587"
"21,30 : 0.3102"
"30,21 : 0.3102"
"21,31 : 0.4701"
"31,21 : 0.4701"
"21,32 : 0.6454"
"32,21 : 0.6454"
"21,33 : 0.7653"
"33,21 : 0.7653"
"21,34 : 0.9026"
"34,21 : 0.9026"
"21,35 : 0.8045"
"35,21 : 0.8045"
"21,36 : 0.9786"
"36,21 : 0.9786"
"21,37 : 0.6703"
"37,21 : 0.6703"
"21,38 : 0.5148"
"38,21 : 0.5148"
"21,39 : 0.372"
"39,21 : 0.372"
"21,40 : 0.7517"
"40,21 : 0.7517"
"21,41 : 0.8171"
"41,21 : 0.8171"
"21,42 : 0.2927"
"42,21 : 0.2927"
"21,43 : 0.473"
"43,21 : 0.473"
"21,44 : 0.9586"
"44,21 : 0.9586"
"21,45 : 0.881"
"45,21 : 0.881"
"21,46 : 0.5507"
"46,21 : 0.5507"
"21,47 : 0.7826"
"47,21 : 0.7826"
"21,48 : 0.5632"
"48,21 : 0.5632"
"21,49 : 0.3102"
"49,21 : 0.3102"
"22,23 : 0.4925"
"23,22 : 0.4925"
"22,24 : 0.1844"
"24,22 : 0.1844"
"22,25 : 0.4031"
"25,22 : 0.4031"
"22,26 : 0.2865"
"26,22 : 0.2865"
"22,27 : 0.3985"
"27,22 : 0.3985"
"22,28 : 0.359"
"28,22 : 0.359"
"22,29 : 0.5682"
"29,22 : 0.5682"
"22,30 : 0.2408"
"30,22 : 0.2408"
"22,31 : 0.2332"
"31,22 : 0.2332"
"22,32 : 0.3612"
"32,22 : 0.3612"
"22,33 : 0.5292"
"33,22 : 0.5292"
"22,34 : 0.6213"
"34,22 : 0.6213"
"22,35 : 0.5201"
"35,22 : 0.5201"
"22,36 : 0.6871"
"36,22 : 0.6871"
"22,37 : 0.4206"
"37,22 : 0.4206"
"22,38 : 0.3406"
"38,22 : 0.3406"
"22,39 : 0.1965"
"39,22 : 0.1965"
"22,40 : 0.5099"
"40,22 : 0.5099"
"22,41 : 0.6389"
"41,22 : 0.6389"
"22,42 : 0.4614"
"42,22 : 0.4614"
"22,43 : 0.19"
"43,22 : 0.19"
"22,44 : 0.6673"
"44,22 : 0.6673"
"22,45 : 0.5906"
"45,22 : 0.5906"
"22,46 : 0.4342"
"46,22 : 0.4342"
"22,47 : 0.5009"
"47,22 : 0.5009"
"22,48 : 0.4966"
"48,22 : 0.4966"
"22,49 : 0.2408"
"49,22 : 0.2408"
"23,24 : 0.4159"
"24,23 : 0.4159"
"23,25 : 0.8417"
"25,23 : 0.8417"
"23,26 : 0.6978"
"26,23 : 0.6978"
"23,27 : 0.4958"
"27,23 : 0.4958"
"23,28 : 0.85"
"28,23 : 0.85"
"23,29 : 0.5009"
"29,23 : 0.5009"
"23,30 : 0.3744"
"30,23 : 0.3744"
"23,31 : 0.6282"
"31,23 : 0.6282"
"23,32 : 0.5547"
"32,23 : 0.5547"
"23,33 : 0.8184"
"33,23 : 0.8184"
"23,34 : 0.7262"
"34,23 : 0.7262"
"23,35 : 0.3981"
"35,23 : 0.3981"
"23,36 : 0.6369"
"36,23 : 0.6369"
"23,37 : 0.712"
"37,23 : 0.712"
"23,38 : 0.1655"
"38,23 : 0.1655"
"23,39 : 0.3162"
"39,23 : 0.3162"
"23,40 : 0.1726"
"40,23 : 0.1726"
"23,41 : 1.0018"
"41,23 : 1.0018"
"23,42 : 0.933"
"42,23 : 0.933"
"23,43 : 0.5096"
"43,23 : 0.5096"
"23,44 : 0.6398"
"44,23 : 0.6398"
"23,45 : 0.5148"
"45,23 : 0.5148"
"23,46 : 0.8846"
"46,23 : 0.8846"
"23,47 : 0.6435"
"47,23 : 0.6435"
"23,48 : 0.2631"
"48,23 : 0.2631"
"23,49 : 0.3744"
"49,23 : 0.3744"
"24,25 : 0.4272"
"25,24 : 0.4272"
"24,26 : 0.2823"
"26,24 : 0.2823"
"24,27 : 0.52"
"27,24 : 0.52"
"24,28 : 0.4738"
"28,24 : 0.4738"
"24,29 : 0.6573"
"29,24 : 0.6573"
"24,30 : 0.0632"
"30,24 : 0.0632"
"24,31 : 0.4162"
"31,24 : 0.4162"
"24,32 : 0.508"
"32,24 : 0.508"
"24,33 : 0.7066"
"33,24 : 0.7066"
"24,34 : 0.7642"
"34,24 : 0.7642"
"24,35 : 0.5852"
"35,24 : 0.5852"
"24,36 : 0.7908"
"36,24 : 0.7908"
"24,37 : 0.5951"
"37,24 : 0.5951"
"24,38 : 0.2506"
"38,24 : 0.2506"
"24,39 : 0.114"
"39,24 : 0.114"
"24,40 : 0.4952"
"40,24 : 0.4952"
"24,41 : 0.8233"
"41,24 : 0.8233"
"24,42 : 0.5277"
"42,24 : 0.5277"
"24,43 : 0.3511"
"43,24 : 0.3511"
"24,44 : 0.7765"
"44,24 : 0.7765"
"24,45 : 0.6791"
"45,24 : 0.6791"
"24,46 : 0.6103"
"46,24 : 0.6103"
"24,47 : 0.6463"
"47,24 : 0.6463"
"24,48 : 0.3373"
"48,24 : 0.3373"
"24,49 : 0.0632"
"49,24 : 0.0632"
"25,26 : 0.1456"
"26,25 : 0.1456"
"25,27 : 0.7803"
"27,25 : 0.7803"
"25,28 : 0.2214"
"28,25 : 0.2214"
"25,29 : 0.9626"
"29,25 : 0.9626"
"25,30 : 0.478"
"30,25 : 0.478"
"25,31 : 0.5155"
"31,25 : 0.5155"
"25,32 : 0.7201"
"32,25 : 0.7201"
"25,33 : 0.7841"
"33,25 : 0.7841"
"25,34 : 0.9646"
"34,25 : 0.9646"
"25,35 : 0.922"
"35,25 : 0.922"
"25,36 : 1.0704"
"36,25 : 1.0704"
"25,37 : 0.7061"
"37,25 : 0.7061"
"25,38 : 0.6762"
"38,25 : 0.6762"
"25,39 : 0.5277"
"39,25 : 0.5277"
"25,40 : 0.8987"
"40,25 : 0.8987"
"25,41 : 0.7908"
"41,25 : 0.7908"
"25,42 : 0.1342"
"42,25 : 0.1342"
"25,43 : 0.5557"
"43,25 : 0.5557"
"25,44 : 1.0471"
"44,25 : 1.0471"
"25,45 : 0.9847"
"45,25 : 0.9847"
"25,46 : 0.5099"
"46,25 : 0.5099"
"25,47 : 0.8486"
"47,25 : 0.8486"
"25,48 : 0.7344"
"48,25 : 0.7344"
"25,49 : 0.478"
"49,25 : 0.478"
"26,27 : 0.6815"
"27,26 : 0.6815"
"26,28 : 0.2702"
"28,26 : 0.2702"
"26,29 : 0.8548"
"29,26 : 0.8548"
"26,30 : 0.3324"
"30,26 : 0.3324"
"26,31 : 0.4504"
"31,26 : 0.4504"
"26,32 : 0.6332"
"32,26 : 0.6332"
"26,33 : 0.7424"
"33,26 : 0.7424"
"26,34 : 0.8884"
"34,26 : 0.8884"
"26,35 : 0.8045"
"35,26 : 0.8045"
"26,36 : 0.9717"
"36,26 : 0.9717"
"26,37 : 0.6501"
"37,26 : 0.6501"
"26,38 : 0.5323"
"38,26 : 0.5323"
"26,39 : 0.3859"
"39,26 : 0.3859"
"26,40 : 0.7622"
"40,26 : 0.7622"
"26,41 : 0.7877"
"41,26 : 0.7877"
"26,42 : 0.2608"
"42,26 : 0.2608"
"26,43 : 0.4617"
"43,26 : 0.4617"
"26,44 : 0.9508"
"44,26 : 0.9508"
"26,45 : 0.8771"
"45,26 : 0.8771"
"26,46 : 0.5188"
"46,26 : 0.5188"
"26,47 : 0.769"
"47,26 : 0.769"
"26,48 : 0.5914"
"48,26 : 0.5914"
"26,49 : 0.3324"
"49,26 : 0.3324"
"27,28 : 0.6576"
"28,27 : 0.6576"
"27,29 : 0.1921"
"29,27 : 0.1921"
"27,30 : 0.5433"
"30,27 : 0.5433"
"27,31 : 0.3"
"31,27 : 0.3"
"27,32 : 0.0922"
"32,27 : 0.0922"
"27,33 : 0.3384"
"33,27 : 0.3384"
"27,34 : 0.253"
"34,27 : 0.253"
"27,35 : 0.2022"
"35,27 : 0.2022"
"27,36 : 0.2907"
"36,27 : 0.2907"
"27,37 : 0.2508"
"37,27 : 0.2508"
"27,38 : 0.4565"
"38,27 : 0.4565"
"27,39 : 0.4357"
"39,27 : 0.4357"
"27,40 : 0.3758"
"40,27 : 0.3758"
"27,41 : 0.5413"
"41,27 : 0.5413"
"27,42 : 0.8016"
"42,27 : 0.8016"
"27,43 : 0.2247"
"43,27 : 0.2247"
"27,44 : 0.2693"
"44,27 : 0.2693"
"27,45 : 0.2126"
"45,27 : 0.2126"
"27,46 : 0.5281"
"46,27 : 0.5281"
"27,47 : 0.15"
"47,27 : 0.15"
"27,48 : 0.676"
"48,27 : 0.676"
"27,49 : 0.5433"
"49,27 : 0.5433"
"28,29 : 0.849"
"29,28 : 0.849"
"28,30 : 0.536"
"30,28 : 0.536"
"28,31 : 0.3624"
"31,28 : 0.3624"
"28,32 : 0.5814"
"32,28 : 0.5814"
"28,33 : 0.5894"
"33,28 : 0.5894"
"28,34 : 0.8013"
"34,28 : 0.8013"
"28,35 : 0.8301"
"35,28 : 0.8301"
"28,36 : 0.9372"
"36,28 : 0.9372"
"28,37 : 0.528"
"37,28 : 0.528"
"28,38 : 0.6926"
"38,28 : 0.6926"
"28,39 : 0.5408"
"39,28 : 0.5408"
"28,40 : 0.8638"
"40,28 : 0.8638"
"28,41 : 0.5731"
"41,28 : 0.5731"
"28,42 : 0.1581"
"42,28 : 0.1581"
"28,43 : 0.442"
"43,28 : 0.442"
"28,44 : 0.9105"
"44,28 : 0.9105"
"28,45 : 0.87"
"45,28 : 0.87"
"28,46 : 0.2915"
"46,28 : 0.2915"
"28,47 : 0.6934"
"47,28 : 0.6934"
"28,48 : 0.8105"
"48,28 : 0.8105"
"28,49 : 0.536"
"49,28 : 0.536"
"29,30 : 0.6661"
"30,29 : 0.6661"
"29,31 : 0.492"
"31,29 : 0.492"
"29,32 : 0.2778"
"32,29 : 0.2778"
"29,33 : 0.4701"
"33,29 : 0.4701"
"29,34 : 0.2594"
"34,29 : 0.2594"
"29,35 : 0.103"
"35,29 : 0.103"
"29,36 : 0.1414"
"36,29 : 0.1414"
"29,37 : 0.4123"
"37,29 : 0.4123"
"29,38 : 0.5247"
"38,29 : 0.5247"
"29,39 : 0.5558"
"39,29 : 0.5558"
"29,40 : 0.3384"
"40,29 : 0.3384"
"29,41 : 0.6801"
"41,29 : 0.6801"
"29,42 : 0.9909"
"42,29 : 0.9909"
"29,43 : 0.4111"
"43,29 : 0.4111"
"29,44 : 0.1393"
"44,29 : 0.1393"
"29,45 : 0.0224"
"45,29 : 0.0224"
"29,46 : 0.7118"
"46,29 : 0.7118"
"29,47 : 0.24"
"47,29 : 0.24"
"29,48 : 0.7325"
"48,29 : 0.7325"
"29,49 : 0.6661"
"49,29 : 0.6661"
"30,31 : 0.4686"
"31,30 : 0.4686"
"30,32 : 0.5412"
"32,30 : 0.5412"
"30,33 : 0.7529"
"33,30 : 0.7529"
"30,34 : 0.7925"
"34,30 : 0.7925"
"30,35 : 0.5869"
"35,30 : 0.5869"
"30,36 : 0.8031"
"36,30 : 0.8031"
"30,37 : 0.6401"
"37,30 : 0.6401"
"30,38 : 0.2126"
"38,30 : 0.2126"
"30,39 : 0.1105"
"39,30 : 0.1105"
"30,40 : 0.472"
"40,30 : 0.472"
"30,41 : 0.8778"
"41,30 : 0.8778"
"30,42 : 0.5842"
"42,30 : 0.5842"
"30,43 : 0.3936"
"43,30 : 0.3936"
"30,44 : 0.791"
"44,30 : 0.791"
"30,45 : 0.6873"
"45,30 : 0.6873"
"30,46 : 0.6712"
"46,30 : 0.6712"
"30,47 : 0.6768"
"47,30 : 0.6768"
"30,48 : 0.2746"
"48,30 : 0.2746"
"30,49 : 0.0"
"49,30 : 0.0"
"31,32 : 0.2193"
"32,31 : 0.2193"
"31,33 : 0.3008"
"33,31 : 0.3008"
"31,34 : 0.4494"
"34,31 : 0.4494"
"31,35 : 0.4875"
"35,31 : 0.4875"
"31,36 : 0.5749"
"36,31 : 0.5749"
"31,37 : 0.2002"
"37,31 : 0.2002"
"31,38 : 0.5099"
"38,31 : 0.5099"
"31,39 : 0.3982"
"39,31 : 0.3982"
"31,40 : 0.5803"
"40,31 : 0.5803"
"31,41 : 0.4101"
"41,31 : 0.4101"
"31,42 : 0.5131"
"42,31 : 0.5131"
"31,43 : 0.1204"
"43,31 : 0.1204"
"31,44 : 0.5482"
"44,31 : 0.5482"
"31,45 : 0.5122"
"45,31 : 0.5122"
"31,46 : 0.2602"
"46,31 : 0.2602"
"31,47 : 0.3354"
"47,31 : 0.3354"
"31,48 : 0.7021"
"48,31 : 0.7021"
"31,49 : 0.4686"
"49,31 : 0.4686"
"32,33 : 0.2642"
"33,32 : 0.2642"
"32,34 : 0.2602"
"34,32 : 0.2602"
"32,35 : 0.2943"
"35,32 : 0.2943"
"32,36 : 0.3561"
"36,32 : 0.3561"
"32,37 : 0.1649"
"37,32 : 0.1649"
"32,38 : 0.4904"
"38,32 : 0.4904"
"32,39 : 0.4401"
"39,32 : 0.4401"
"32,40 : 0.4522"
"40,32 : 0.4522"
"32,41 : 0.4588"
"41,32 : 0.4588"
"32,42 : 0.7301"
"42,32 : 0.7301"
"32,43 : 0.1726"
"43,32 : 0.1726"
"32,44 : 0.3302"
"44,32 : 0.3302"
"32,45 : 0.2968"
"45,32 : 0.2968"
"32,46 : 0.4366"
"46,32 : 0.4366"
"32,47 : 0.14"
"47,32 : 0.14"
"32,48 : 0.708"
"48,32 : 0.708"
"32,49 : 0.5412"
"49,32 : 0.5412"
"33,34 : 0.2729"
"34,33 : 0.2729"
"33,35 : 0.5261"
"35,33 : 0.5261"
"33,36 : 0.4743"
"36,33 : 0.4743"
"33,37 : 0.114"
"37,33 : 0.114"
"33,38 : 0.7428"
"38,33 : 0.7428"
"33,39 : 0.6661"
"39,33 : 0.6661"
"33,40 : 0.7131"
"40,33 : 0.7131"
"33,41 : 0.21"
"41,33 : 0.21"
"33,42 : 0.7473"
"42,33 : 0.7473"
"33,43 : 0.3606"
"43,33 : 0.3606"
"33,44 : 0.4427"
"44,33 : 0.4427"
"33,45 : 0.4809"
"45,33 : 0.4809"
"33,46 : 0.3329"
"46,33 : 0.3329"
"33,47 : 0.2302"
"47,33 : 0.2302"
"33,48 : 0.9552"
"48,33 : 0.9552"
"33,49 : 0.7529"
"49,33 : 0.7529"
"34,35 : 0.35"
"35,34 : 0.35"
"34,36 : 0.211"
"36,34 : 0.211"
"34,37 : 0.278"
"37,34 : 0.278"
"34,38 : 0.7068"
"38,34 : 0.7068"
"34,39 : 0.6866"
"39,34 : 0.6866"
"34,40 : 0.58"
"40,34 : 0.58"
"34,41 : 0.4684"
"41,34 : 0.4684"
"34,42 : 0.9571"
"42,34 : 0.9571"
"34,43 : 0.4319"
"43,34 : 0.4319"
"34,44 : 0.1803"
"44,34 : 0.1803"
"34,45 : 0.26"
"45,34 : 0.26"
"34,46 : 0.5869"
"46,34 : 0.5869"
"34,47 : 0.1204"
"47,34 : 0.1204"
"34,48 : 0.9257"
"48,34 : 0.9257"
"34,49 : 0.7925"
"49,34 : 0.7925"
"35,36 : 0.2404"
"36,35 : 0.2404"
"35,37 : 0.4501"
"37,35 : 0.4501"
"35,38 : 0.4305"
"38,35 : 0.4305"
"35,39 : 0.478"
"39,35 : 0.478"
"35,40 : 0.236"
"40,35 : 0.236"
"35,41 : 0.7344"
"41,35 : 0.7344"
"35,42 : 0.9633"
"42,35 : 0.9633"
"35,43 : 0.3883"
"43,35 : 0.3883"
"35,44 : 0.2417"
"44,35 : 0.2417"
"35,45 : 0.117"
"45,35 : 0.117"
"35,46 : 0.728"
"46,35 : 0.728"
"35,47 : 0.3036"
"47,35 : 0.3036"
"35,48 : 0.6335"
"48,35 : 0.6335"
"35,49 : 0.5869"
"49,35 : 0.5869"
"36,37 : 0.4494"
"37,36 : 0.4494"
"36,38 : 0.6661"
"38,36 : 0.6661"
"36,39 : 0.6926"
"39,36 : 0.6926"
"36,40 : 0.4696"
"40,36 : 0.4696"
"36,41 : 0.6768"
"41,36 : 0.6768"
"36,42 : 1.086"
"42,36 : 1.086"
"36,43 : 0.5148"
"43,36 : 0.5148"
"36,44 : 0.0316"
"44,36 : 0.0316"
"36,45 : 0.1237"
"45,36 : 0.1237"
"36,46 : 0.7628"
"46,36 : 0.7628"
"36,47 : 0.2608"
"47,36 : 0.2608"
"36,48 : 0.8732"
"48,36 : 0.8732"
"36,49 : 0.8031"
"49,36 : 0.8031"
"37,38 : 0.6303"
"38,37 : 0.6303"
"37,39 : 0.5522"
"39,37 : 0.5522"
"37,40 : 0.6168"
"40,37 : 0.6168"
"37,41 : 0.2941"
"41,37 : 0.2941"
"37,42 : 0.6854"
"42,37 : 0.6854"
"37,43 : 0.247"
"43,37 : 0.247"
"37,44 : 0.4188"
"44,37 : 0.4188"
"37,45 : 0.4272"
"45,37 : 0.4272"
"37,46 : 0.314"
"46,37 : 0.314"
"37,47 : 0.1887"
"47,37 : 0.1887"
"37,48 : 0.8417"
"48,37 : 0.8417"
"37,49 : 0.6401"
"49,37 : 0.6401"
"38,39 : 0.153"
"39,38 : 0.153"
"38,40 : 0.2683"
"40,38 : 0.2683"
"38,41 : 0.907"
"41,38 : 0.907"
"38,42 : 0.7692"
"42,38 : 0.7692"
"38,43 : 0.3996"
"43,38 : 0.3996"
"38,44 : 0.661"
"44,38 : 0.661"
"38,45 : 0.5433"
"45,38 : 0.5433"
"38,46 : 0.7558"
"46,38 : 0.7558"
"38,47 : 0.6054"
"47,38 : 0.6054"
"38,48 : 0.2195"
"48,38 : 0.2195"
"38,49 : 0.2126"
"49,38 : 0.2126"
"39,40 : 0.3818"
"40,39 : 0.3818"
"39,41 : 0.8072"
"41,39 : 0.8072"
"39,42 : 0.6168"
"42,39 : 0.6168"
"39,43 : 0.3061"
"43,39 : 0.3061"
"39,44 : 0.6807"
"44,39 : 0.6807"
"39,45 : 0.5771"
"45,39 : 0.5771"
"39,46 : 0.6265"
"46,39 : 0.6265"
"39,47 : 0.5728"
"47,39 : 0.5728"
"39,48 : 0.3053"
"48,39 : 0.3053"
"39,49 : 0.1105"
"49,39 : 0.1105"
"40,41 : 0.9109"
"41,40 : 0.9109"
"40,42 : 0.9706"
"42,40 : 0.9706"
"40,43 : 0.461"
"43,40 : 0.461"
"40,44 : 0.4751"
"44,40 : 0.4751"
"40,45 : 0.3499"
"45,40 : 0.3499"
"40,46 : 0.8401"
"46,40 : 0.8401"
"40,47 : 0.5131"
"47,40 : 0.5131"
"40,48 : 0.4301"
"48,40 : 0.4301"
"40,49 : 0.472"
"49,40 : 0.472"
"41,42 : 0.7201"
"42,41 : 0.7201"
"41,43 : 0.508"
"43,41 : 0.508"
"41,44 : 0.6454"
"44,41 : 0.6454"
"41,45 : 0.6907"
"45,41 : 0.6907"
"41,46 : 0.2816"
"46,41 : 0.2816"
"41,47 : 0.4401"
"47,41 : 0.4401"
"41,48 : 1.1089"
"48,41 : 1.1089"
"41,49 : 0.8778"
"49,41 : 0.8778"
"42,43 : 0.58"
"43,42 : 0.58"
"42,44 : 1.0602"
"44,42 : 1.0602"
"42,45 : 1.0124"
"45,42 : 1.0124"
"42,46 : 0.4405"
"46,42 : 0.4405"
"42,47 : 0.8472"
"47,42 : 0.8472"
"42,48 : 0.8502"
"48,42 : 0.8502"
