x,y
0.55,0.44
0.03,0.77
0.93,0.98
0.38,0.22
0.42,0.01
0.21,0.99
0.92,0.03
0.29,0.83
0.18,0.42
0.13,0.28
1.0,0.45
0.17,0.12
0.97,0.18
0.72,0.88
0.73,0.87
0.32,0.6
0.1,0.96
0.2,0.44
0.94,0.47
0.09,0.32
0.2,0.42
0.96,0.49
0.33,0.98
0.82,0.82
0.54,0.79
0.96,0.43
0.72,0.84
0.08,0.74
0.86,0.32
0.58,0.14
0.8,0.79
0.51,0.29
0.25,0.7
0.45,0.33
0.05,0.44
0.02,0.32
0.91,0.17
0.9,0.8
0.26,0.14
0.84,0.8
0.86,0.16
0.23,0.15
0.09,0.44
0.64,0.66
0.0,0.3
0.8,0.05
0.89,0.87
0.72,0.87
0.3,0.8
0.96,0.72

Distanze
"0,1 : 0.6159"
"1,0 : 0.6159"
"0,2 : 0.6603"
"2,0 : 0.6603"
"0,3 : 0.278"
"3,0 : 0.278"
"0,4 : 0.4492"
"4,0 : 0.4492"
"0,5 : 0.6466"
"5,0 : 0.6466"
"0,6 : 0.5523"
"6,0 : 0.5523"
"0,7 : 0.4687"
"7,0 : 0.4687"
"0,8 : 0.3705"
"8,0 : 0.3705"
"0,9 : 0.4494"
"9,0 : 0.4494"
"0,10 : 0.4501"
"10,0 : 0.4501"
"0,11 : 0.4968"
"11,0 : 0.4968"
"0,12 : 0.494"
"12,0 : 0.494"
"0,13 : 0.4717"
"13,0 : 0.4717"
"0,14 : 0.4662"
"14,0 : 0.4662"
"0,15 : 0.2802"
"15,0 : 0.2802"
"0,16 : 0.6877"
"16,0 : 0.6877"
"0,17 : 0.35"
"17,0 : 0.35"
"0,18 : 0.3912"
"18,0 : 0.3912"
"0,19 : 0.4754"
"19,0 : 0.4754"
"0,20 : 0.3506"
"20,0 : 0.3506"
"0,21 : 0.413"
"21,0 : 0.413"
"0,22 : 0.5831"
"22,0 : 0.5831"
"0,23 : 0.4662"
"23,0 : 0.4662"
"0,24 : 0.3501"
"24,0 : 0.3501"
"0,25 : 0.4101"
"25,0 : 0.4101"
"0,26 : 0.4346"
"26,0 : 0.4346"
"0,27 : 0.5576"
"27,0 : 0.5576"
"0,28 : 0.3324"
"28,0 : 0.3324"
"0,29 : 0.3015"
"29,0 : 0.3015"
"0,30 : 0.4301"
"30,0 : 0.4301"
"0,31 : 0.1552"
"31,0 : 0.1552"
"0,32 : 0.397"
"32,0 : 0.397"
"0,33 : 0.1487"
"33,0 : 0.1487"
"0,34 : 0.5"
"34,0 : 0.5"
"0,35 : 0.5434"
"35,0 : 0.5434"
"0,36 : 0.45"
"36,0 : 0.45"
"0,37 : 0.5021"
"37,0 : 0.5021"
"0,38 : 0.4173"
"38,0 : 0.4173"
"0,39 : 0.4623"
"39,0 : 0.4623"
"0,40 : 0.4177"
"40,0 : 0.4177"
"0,41 : 0.4319"
"41,0 : 0.4319"
"0,42 : 0.46"
"42,0 : 0.46"
"0,43 : 0.2377"
"43,0 : 0.2377"
"0,44 : 0.5675"
"44,0 : 0.5675"
"0,45 : 0.4632"
"45,0 : 0.4632"
"0,46 : 0.5482"
"46,0 : 0.5482"
"0,47 : 0.4624"
"47,0 : 0.4624"
"0,48 : 0.4383"
"48,0 : 0.4383"
"0,49 : 0.4965"
"49,0 : 0.4965"
"1,2 : 0.9242"
"2,1 : 0.9242"
"1,3 : 0.6519"
"3,1 : 0.6519"
"1,4 : 0.8542"
"4,1 : 0.8542"
"1,5 : 0.2843"
"5,1 : 0.2843"
"1,6 : 1.1575"
"6,1 : 1.1575"
"1,7 : 0.2668"
"7,1 : 0.2668"
"1,8 : 0.3808"
"8,1 : 0.3808"
"1,9 : 0.5001"
"9,1 : 0.5001"
"1,10 : 1.0214"
"10,1 : 1.0214"
"1,11 : 0.6649"
"11,1 : 0.6649"
"1,12 : 1.1098"
"12,1 : 1.1098"
"1,13 : 0.6987"
"13,1 : 0.6987"
"1,14 : 0.7071"
"14,1 : 0.7071"
"1,15 : 0.3362"
"15,1 : 0.3362"
"1,16 : 0.2025"
"16,1 : 0.2025"
"1,17 : 0.3712"
"17,1 : 0.3712"
"1,18 : 0.9582"
"18,1 : 0.9582"
"1,19 : 0.454"
"19,1 : 0.454"
"1,20 : 0.3891"
"20,1 : 0.3891"
"1,21 : 0.9712"
"21,1 : 0.9712"
"1,22 : 0.3662"
"22,1 : 0.3662"
"1,23 : 0.7916"
"23,1 : 0.7916"
"1,24 : 0.5104"
"24,1 : 0.5104"
"1,25 : 0.9902"
"25,1 : 0.9902"
"1,26 : 0.6935"
"26,1 : 0.6935"
"1,27 : 0.0583"
"27,1 : 0.0583"
"1,28 : 0.9441"
"28,1 : 0.9441"
"1,29 : 0.8363"
"29,1 : 0.8363"
"1,30 : 0.7703"
"30,1 : 0.7703"
"1,31 : 0.6788"
"31,1 : 0.6788"
"1,32 : 0.2309"
"32,1 : 0.2309"
"1,33 : 0.6083"
"33,1 : 0.6083"
"1,34 : 0.3306"
"34,1 : 0.3306"
"1,35 : 0.4501"
"35,1 : 0.4501"
"1,36 : 1.0651"
"36,1 : 1.0651"
"1,37 : 0.8705"
"37,1 : 0.8705"
"1,38 : 0.6707"
"38,1 : 0.6707"
"1,39 : 0.8106"
"39,1 : 0.8106"
"1,40 : 1.03"
"40,1 : 1.03"
"1,41 : 0.6515"
"41,1 : 0.6515"
"1,42 : 0.3354"
"42,1 : 0.3354"
"1,43 : 0.6198"
"43,1 : 0.6198"
"1,44 : 0.471"
"44,1 : 0.471"
"1,45 : 1.0542"
"45,1 : 1.0542"
"1,46 : 0.8658"
"46,1 : 0.8658"
"1,47 : 0.6972"
"47,1 : 0.6972"
"1,48 : 0.2717"
"48,1 : 0.2717"
"1,49 : 0.9313"
"49,1 : 0.9313"
"2,3 : 0.9381"
"3,2 : 0.9381"
"2,4 : 1.0959"
"4,2 : 1.0959"
"2,5 : 0.7201"
"5,2 : 0.7201"
"2,6 : 0.9501"
"6,2 : 0.9501"
"2,7 : 0.6573"
"7,2 : 0.6573"
"2,8 : 0.936"
"8,2 : 0.936"
"2,9 : 1.063"
"9,2 : 1.063"
"2,10 : 0.5346"
"10,2 : 0.5346"
"2,11 : 1.1477"
"11,2 : 1.1477"
"2,12 : 0.801"
"12,2 : 0.801"
"2,13 : 0.2326"
"13,2 : 0.2326"
"2,14 : 0.2283"
"14,2 : 0.2283"
"2,15 : 0.7187"
"15,2 : 0.7187"
"2,16 : 0.8302"
"16,2 : 0.8302"
"2,17 : 0.908"
"17,2 : 0.908"
"2,18 : 0.5101"
"18,2 : 0.5101"
"2,19 : 1.0683"
"19,2 : 1.0683"
"2,20 : 0.9201"
"20,2 : 0.9201"
"2,21 : 0.4909"
"21,2 : 0.4909"
"2,22 : 0.6"
"22,2 : 0.6"
"2,23 : 0.1942"
"23,2 : 0.1942"
"2,24 : 0.4338"
"24,2 : 0.4338"
"2,25 : 0.5508"
"25,2 : 0.5508"
"2,26 : 0.2524"
"26,2 : 0.2524"
"2,27 : 0.8832"
"27,2 : 0.8832"
"2,28 : 0.6637"
"28,2 : 0.6637"
"2,29 : 0.91"
"29,2 : 0.91"
"2,30 : 0.2302"
"30,2 : 0.2302"
"2,31 : 0.8078"
"31,2 : 0.8078"
"2,32 : 0.7354"
"32,2 : 0.7354"
"2,33 : 0.808"
"33,2 : 0.808"
"2,34 : 1.0325"
"34,2 : 1.0325"
"2,35 : 1.1241"
"35,2 : 1.1241"
"2,36 : 0.8102"
"36,2 : 0.8102"
"2,37 : 0.1825"
"37,2 : 0.1825"
"2,38 : 1.0745"
"38,2 : 1.0745"
"2,39 : 0.2012"
"39,2 : 0.2012"
"2,40 : 0.823"
"40,2 : 0.823"
"2,41 : 1.0858"
"41,2 : 1.0858"
"2,42 : 0.9986"
"42,2 : 0.9986"
"2,43 : 0.4319"
"43,2 : 0.4319"
"2,44 : 1.1521"
"44,2 : 1.1521"
"2,45 : 0.939"
"45,2 : 0.939"
"2,46 : 0.117"
"46,2 : 0.117"
"2,47 : 0.2371"
"47,2 : 0.2371"
"2,48 : 0.6552"
"48,2 : 0.6552"
"2,49 : 0.2617"
"49,2 : 0.2617"
"3,4 : 0.2138"
"4,3 : 0.2138"
"3,5 : 0.7885"
"5,3 : 0.7885"
"3,6 : 0.5725"
"6,3 : 0.5725"
"3,7 : 0.6166"
"7,3 : 0.6166"
"3,8 : 0.2828"
"8,3 : 0.2828"
"3,9 : 0.2571"
"9,3 : 0.2571"
"3,10 : 0.6613"
"10,3 : 0.6613"
"3,11 : 0.2326"
"11,3 : 0.2326"
"3,12 : 0.5914"
"12,3 : 0.5914"
"3,13 : 0.7424"
"13,3 : 0.7424"
"3,14 : 0.7382"
"14,3 : 0.7382"
"3,15 : 0.3847"
"15,3 : 0.3847"
"3,16 : 0.7912"
"16,3 : 0.7912"
"3,17 : 0.2843"
"17,3 : 0.2843"
"3,18 : 0.6133"
"18,3 : 0.6133"
"3,19 : 0.3068"
"19,3 : 0.3068"
"3,20 : 0.2691"
"20,3 : 0.2691"
"3,21 : 0.6398"
"21,3 : 0.6398"
"3,22 : 0.7616"
"22,3 : 0.7616"
"3,23 : 0.744"
"23,3 : 0.744"
"3,24 : 0.592"
"24,3 : 0.592"
"3,25 : 0.6168"
"25,3 : 0.6168"
"3,26 : 0.7071"
"26,3 : 0.7071"
"3,27 : 0.6003"
"27,3 : 0.6003"
"3,28 : 0.4903"
"28,3 : 0.4903"
"3,29 : 0.2154"
"29,3 : 0.2154"
"3,30 : 0.708"
"30,3 : 0.708"
"3,31 : 0.1476"
"31,3 : 0.1476"
"3,32 : 0.4973"
"32,3 : 0.4973"
"3,33 : 0.1304"
"33,3 : 0.1304"
"3,34 : 0.3966"
"34,3 : 0.3966"
"3,35 : 0.3736"
"35,3 : 0.3736"
"3,36 : 0.5324"
"36,3 : 0.5324"
"3,37 : 0.779"
"37,3 : 0.779"
"3,38 : 0.1442"
"38,3 : 0.1442"
"3,39 : 0.7403"
"39,3 : 0.7403"
"3,40 : 0.4837"
"40,3 : 0.4837"
"3,41 : 0.1655"
"41,3 : 0.1655"
"3,42 : 0.364"
"42,3 : 0.364"
"3,43 : 0.5111"
"43,3 : 0.5111"
"3,44 : 0.3883"
"44,3 : 0.3883"
"3,45 : 0.4531"
"45,3 : 0.4531"
"3,46 : 0.8262"
"46,3 : 0.8262"
"3,47 : 0.7336"
"47,3 : 0.7336"
"3,48 : 0.5855"
"48,3 : 0.5855"
"3,49 : 0.7658"
"49,3 : 0.7658"
"4,5 : 1.0022"
"5,4 : 1.0022"
"4,6 : 0.5004"
"6,4 : 0.5004"
"4,7 : 0.8302"
"7,4 : 0.8302"
"4,8 : 0.4751"
"8,4 : 0.4751"
"4,9 : 0.3962"
"9,4 : 0.3962"
"4,10 : 0.728"
"10,4 : 0.728"
"4,11 : 0.2731"
"11,4 : 0.2731"
"4,12 : 0.5757"
"12,4 : 0.5757"
"4,13 : 0.9203"
"13,4 : 0.9203"
"4,14 : 0.9142"
"14,4 : 0.9142"
"4,15 : 0.5984"
"15,4 : 0.5984"
"4,16 : 1.0024"
"16,4 : 1.0024"
"4,17 : 0.483"
"17,4 : 0.483"
"4,18 : 0.6943"
"18,4 : 0.6943"
"4,19 : 0.4528"
"19,4 : 0.4528"
"4,20 : 0.4653"
"20,4 : 0.4653"
"4,21 : 0.7225"
"21,4 : 0.7225"
"4,22 : 0.9742"
"22,4 : 0.9742"
"4,23 : 0.9034"
"23,4 : 0.9034"
"4,24 : 0.7892"
"24,4 : 0.7892"
"4,25 : 0.6841"
"25,4 : 0.6841"
"4,26 : 0.8826"
"26,4 : 0.8826"
"4,27 : 0.8053"
"27,4 : 0.8053"
"4,28 : 0.5382"
"28,4 : 0.5382"
"4,29 : 0.2062"
"29,4 : 0.2062"
"4,30 : 0.8676"
"30,4 : 0.8676"
"4,31 : 0.2941"
"31,4 : 0.2941"
"4,32 : 0.7106"
"32,4 : 0.7106"
"4,33 : 0.3214"
"33,4 : 0.3214"
"4,34 : 0.5673"
"34,4 : 0.5673"
"4,35 : 0.5061"
"35,4 : 0.5061"
"4,36 : 0.5155"
"36,4 : 0.5155"
"4,37 : 0.9244"
"37,4 : 0.9244"
"4,38 : 0.2062"
"38,4 : 0.2062"
"4,39 : 0.8947"
"39,4 : 0.8947"
"4,40 : 0.4649"
"40,4 : 0.4649"
"4,41 : 0.236"
"41,4 : 0.236"
"4,42 : 0.542"
"42,4 : 0.542"
"4,43 : 0.6862"
"43,4 : 0.6862"
"4,44 : 0.5104"
"44,4 : 0.5104"
"4,45 : 0.3821"
"45,4 : 0.3821"
"4,46 : 0.9801"
"46,4 : 0.9801"
"4,47 : 0.9108"
"47,4 : 0.9108"
"4,48 : 0.7991"
"48,4 : 0.7991"
"4,49 : 0.892"
"49,4 : 0.892"
"5,6 : 1.194"
"6,5 : 1.194"
"5,7 : 0.1789"
"7,5 : 0.1789"
"5,8 : 0.5708"
"8,5 : 0.5708"
"5,9 : 0.7145"
"9,5 : 0.7145"
"5,10 : 0.9569"
"10,5 : 0.9569"
"5,11 : 0.8709"
"11,5 : 0.8709"
"5,12 : 1.1107"
"12,5 : 1.1107"
"5,13 : 0.5217"
"13,5 : 0.5217"
"5,14 : 0.5337"
"14,5 : 0.5337"
"5,15 : 0.4052"
"15,5 : 0.4052"
"5,16 : 0.114"
"16,5 : 0.114"
"5,17 : 0.5501"
"17,5 : 0.5501"
"5,18 : 0.8963"
"18,5 : 0.8963"
"5,19 : 0.6807"
"19,5 : 0.6807"
"5,20 : 0.5701"
"20,5 : 0.5701"
"5,21 : 0.9014"
"21,5 : 0.9014"
"5,22 : 0.1204"
"22,5 : 0.1204"
"5,23 : 0.6332"
"23,5 : 0.6332"
"5,24 : 0.3859"
"24,5 : 0.3859"
"5,25 : 0.936"
"25,5 : 0.936"
"5,26 : 0.5316"
"26,5 : 0.5316"
"5,27 : 0.2818"
"27,5 : 0.2818"
"5,28 : 0.9335"
"28,5 : 0.9335"
"5,29 : 0.927"
"29,5 : 0.927"
"5,30 : 0.623"
"30,5 : 0.623"
"5,31 : 0.7616"
"31,5 : 0.7616"
"5,32 : 0.2927"
"32,5 : 0.2927"
"5,33 : 0.7023"
"33,5 : 0.7023"
"5,34 : 0.5728"
"34,5 : 0.5728"
"5,35 : 0.6964"
"35,5 : 0.6964"
"5,36 : 1.0781"
"36,5 : 1.0781"
"5,37 : 0.7157"
"37,5 : 0.7157"
"5,38 : 0.8515"
"38,5 : 0.8515"
"5,39 : 0.658"
"39,5 : 0.658"
"5,40 : 1.0542"
"40,5 : 1.0542"
"5,41 : 0.8402"
"41,5 : 0.8402"
"5,42 : 0.5629"
"42,5 : 0.5629"
"5,43 : 0.542"
"43,5 : 0.542"
"5,44 : 0.7212"
"44,5 : 0.7212"
"5,45 : 1.1098"
"45,5 : 1.1098"
"5,46 : 0.6905"
"46,5 : 0.6905"
"5,47 : 0.5239"
"47,5 : 0.5239"
"5,48 : 0.2102"
"48,5 : 0.2102"
"5,49 : 0.7971"
"49,5 : 0.7971"
"6,7 : 1.0183"
"7,6 : 1.0183"
"6,8 : 0.8365"
"8,6 : 0.8365"
"6,9 : 0.8286"
"9,6 : 0.8286"
"6,10 : 0.4276"
"10,6 : 0.4276"
"6,11 : 0.7554"
"11,6 : 0.7554"
"6,12 : 0.1581"
"12,6 : 0.1581"
"6,13 : 0.8732"
"13,6 : 0.8732"
"6,14 : 0.8612"
"14,6 : 0.8612"
"6,15 : 0.8276"
"15,6 : 0.8276"
"6,16 : 1.2399"
"16,6 : 1.2399"
"6,17 : 0.8286"
"17,6 : 0.8286"
"6,18 : 0.4405"
"18,6 : 0.4405"
"6,19 : 0.8792"
"19,6 : 0.8792"
"6,20 : 0.8188"
"20,6 : 0.8188"
"6,21 : 0.4617"
"21,6 : 0.4617"
"6,22 : 1.1183"
"22,6 : 1.1183"
"6,23 : 0.7963"
"23,6 : 0.7963"
"6,24 : 0.8497"
"24,6 : 0.8497"
"6,25 : 0.402"
"25,6 : 0.402"
"6,26 : 0.8343"
"26,6 : 0.8343"
"6,27 : 1.0999"
"27,6 : 1.0999"
"6,28 : 0.2961"
"28,6 : 0.2961"
"6,29 : 0.3574"
"29,6 : 0.3574"
"6,30 : 0.7694"
"30,6 : 0.7694"
"6,31 : 0.4855"
"31,6 : 0.4855"
"6,32 : 0.9475"
"32,6 : 0.9475"
"6,33 : 0.5576"
"33,6 : 0.5576"
"6,34 : 0.9618"
"34,6 : 0.9618"
"6,35 : 0.9456"
"35,6 : 0.9456"
"6,36 : 0.1404"
"36,6 : 0.1404"
"6,37 : 0.7703"
"37,6 : 0.7703"
"6,38 : 0.6691"
"38,6 : 0.6691"
"6,39 : 0.7741"
"39,6 : 0.7741"
"6,40 : 0.1432"
"40,6 : 0.1432"
"6,41 : 0.7004"
"41,6 : 0.7004"
"6,42 : 0.9257"
"42,6 : 0.9257"
"6,43 : 0.6894"
"43,6 : 0.6894"
"6,44 : 0.9588"
"44,6 : 0.9588"
"6,45 : 0.1217"
"45,6 : 0.1217"
"6,46 : 0.8405"
"46,6 : 0.8405"
"6,47 : 0.8635"
"47,6 : 0.8635"
"6,48 : 0.9886"
"48,6 : 0.9886"
"6,49 : 0.6912"
"49,6 : 0.6912"
"7,8 : 0.4245"
"8,7 : 0.4245"
"7,9 : 0.5728"
"9,7 : 0.5728"
"7,10 : 0.8053"
"10,7 : 0.8053"
"7,11 : 0.7201"
"11,7 : 0.7201"
"7,12 : 0.9407"
"12,7 : 0.9407"
"7,13 : 0.4329"
"13,7 : 0.4329"
"7,14 : 0.4418"
"14,7 : 0.4418"
"7,15 : 0.2319"
"15,7 : 0.2319"
"7,16 : 0.2302"
"16,7 : 0.2302"
"7,17 : 0.4002"
"17,7 : 0.4002"
"7,18 : 0.743"
"18,7 : 0.743"
"7,19 : 0.5478"
"19,7 : 0.5478"
"7,20 : 0.4198"
"20,7 : 0.4198"
"7,21 : 0.7513"
"21,7 : 0.7513"
"7,22 : 0.1552"
"22,7 : 0.1552"
"7,23 : 0.5301"
"23,7 : 0.5301"
"7,24 : 0.2532"
"24,7 : 0.2532"
"7,25 : 0.7803"
"25,7 : 0.7803"
"7,26 : 0.4301"
"26,7 : 0.4301"
"7,27 : 0.2285"
"27,7 : 0.2285"
"7,28 : 0.7649"
"28,7 : 0.7649"
"7,29 : 0.7485"
"29,7 : 0.7485"
"7,30 : 0.5116"
"30,7 : 0.5116"
"7,31 : 0.5831"
"31,7 : 0.5831"
"7,32 : 0.136"
"32,7 : 0.136"
"7,33 : 0.525"
"33,7 : 0.525"
"7,34 : 0.4579"
"34,7 : 0.4579"
"7,35 : 0.5771"
"35,7 : 0.5771"
"7,36 : 0.9055"
"36,7 : 0.9055"
"7,37 : 0.6107"
"37,7 : 0.6107"
"7,38 : 0.6907"
"38,7 : 0.6907"
"7,39 : 0.5508"
"39,7 : 0.5508"
"7,40 : 0.8797"
"40,7 : 0.8797"
"7,41 : 0.6826"
"41,7 : 0.6826"
"7,42 : 0.4383"
"42,7 : 0.4383"
"7,43 : 0.3891"
"43,7 : 0.3891"
"7,44 : 0.6042"
"44,7 : 0.6042"
"7,45 : 0.9319"
"45,7 : 0.9319"
"7,46 : 0.6013"
"46,7 : 0.6013"
"7,47 : 0.4319"
"47,7 : 0.4319"
"7,48 : 0.0316"
"48,7 : 0.0316"
"7,49 : 0.679"
"49,7 : 0.679"
"8,9 : 0.1487"
"9,8 : 0.1487"
"8,10 : 0.8205"
"10,8 : 0.8205"
"8,11 : 0.3002"
"11,8 : 0.3002"
"8,12 : 0.8257"
"12,8 : 0.8257"
"8,13 : 0.7094"
"13,8 : 0.7094"
"8,14 : 0.7106"
"14,8 : 0.7106"
"8,15 : 0.228"
"15,8 : 0.228"
"8,16 : 0.5459"
"16,8 : 0.5459"
"8,17 : 0.0283"
"17,8 : 0.0283"
"8,18 : 0.7616"
"18,8 : 0.7616"
"8,19 : 0.1345"
"19,8 : 0.1345"
"8,20 : 0.02"
"20,8 : 0.02"
"8,21 : 0.7831"
"21,8 : 0.7831"
"8,22 : 0.5797"
"22,8 : 0.5797"
"8,23 : 0.7547"
"23,8 : 0.7547"
"8,24 : 0.5162"
"24,8 : 0.5162"
"8,25 : 0.7801"
"25,8 : 0.7801"
"8,26 : 0.6841"
"26,8 : 0.6841"
"8,27 : 0.3353"
"27,8 : 0.3353"
"8,28 : 0.6873"
"28,8 : 0.6873"
"8,29 : 0.4883"
"29,8 : 0.4883"
"8,30 : 0.722"
"30,8 : 0.722"
"8,31 : 0.3547"
"31,8 : 0.3547"
"8,32 : 0.2886"
"32,8 : 0.2886"
"8,33 : 0.2846"
"33,8 : 0.2846"
"8,34 : 0.1315"
"34,8 : 0.1315"
"8,35 : 0.1887"
"35,8 : 0.1887"
"8,36 : 0.7716"
"36,8 : 0.7716"
"8,37 : 0.8141"
"37,8 : 0.8141"
"8,38 : 0.2912"
"38,8 : 0.2912"
"8,39 : 0.7616"
"39,8 : 0.7616"
"8,40 : 0.728"
"40,8 : 0.728"
"8,41 : 0.2746"
"41,8 : 0.2746"
"8,42 : 0.0922"
"42,8 : 0.0922"
"8,43 : 0.5188"
"43,8 : 0.5188"
"8,44 : 0.2163"
"44,8 : 0.2163"
"8,45 : 0.722"
"45,8 : 0.722"
"8,46 : 0.8406"
"46,8 : 0.8406"
"8,47 : 0.7029"
"47,8 : 0.7029"
"8,48 : 0.3985"
"48,8 : 0.3985"
"8,49 : 0.8357"
"49,8 : 0.8357"
"9,10 : 0.8865"
"10,9 : 0.8865"
"9,11 : 0.1649"
"11,9 : 0.1649"
"9,12 : 0.8459"
"12,9 : 0.8459"
"9,13 : 0.8415"
"13,9 : 0.8415"
"9,14 : 0.8415"
"14,9 : 0.8415"
"9,15 : 0.3722"
"15,9 : 0.3722"
"9,16 : 0.6807"
"16,9 : 0.6807"
"9,17 : 0.1746"
"17,9 : 0.1746"
"9,18 : 0.832"
"18,9 : 0.832"
"9,19 : 0.0566"
"19,9 : 0.0566"
"9,20 : 0.1565"
"20,9 : 0.1565"
"9,21 : 0.8562"
"21,9 : 0.8562"
"9,22 : 0.728"
"22,9 : 0.728"
"9,23 : 0.8762"
"23,9 : 0.8762"
"9,24 : 0.6544"
"24,9 : 0.6544"
"9,25 : 0.8434"
"25,9 : 0.8434"
"9,26 : 0.8134"
"26,9 : 0.8134"
"9,27 : 0.4627"
"27,9 : 0.4627"
"9,28 : 0.7311"
"28,9 : 0.7311"
"9,29 : 0.4713"
"29,9 : 0.4713"
"9,30 : 0.842"
"30,9 : 0.842"
"9,31 : 0.3801"
"31,9 : 0.3801"
"9,32 : 0.4368"
"32,9 : 0.4368"
"9,33 : 0.3239"
"33,9 : 0.3239"
"9,34 : 0.1789"
"34,9 : 0.1789"
"9,35 : 0.117"
"35,9 : 0.117"
"9,36 : 0.7877"
"36,9 : 0.7877"
"9,37 : 0.9291"
"37,9 : 0.9291"
"9,38 : 0.191"
"38,9 : 0.191"
"9,39 : 0.8801"
"39,9 : 0.8801"
"9,40 : 0.7398"
"40,9 : 0.7398"
"9,41 : 0.164"
"41,9 : 0.164"
"9,42 : 0.1649"
"42,9 : 0.1649"
"9,43 : 0.636"
"43,9 : 0.636"
"9,44 : 0.1315"
"44,9 : 0.1315"
"9,45 : 0.7084"
"45,9 : 0.7084"
"9,46 : 0.9621"
"46,9 : 0.9621"
"9,47 : 0.8344"
"47,9 : 0.8344"
"9,48 : 0.5471"
"48,9 : 0.5471"
"9,49 : 0.9394"
"49,9 : 0.9394"
"10,11 : 0.8932"
"11,10 : 0.8932"
"10,12 : 0.2717"
"12,10 : 0.2717"
"10,13 : 0.5131"
"13,10 : 0.5131"
"10,14 : 0.4993"
"14,10 : 0.4993"
"10,15 : 0.6963"
"15,10 : 0.6963"
"10,16 : 1.0345"
"16,10 : 1.0345"
"10,17 : 0.8001"
"17,10 : 0.8001"
"10,18 : 0.0632"
"18,10 : 0.0632"
"10,19 : 0.9192"
"19,10 : 0.9192"
"10,20 : 0.8006"
"20,10 : 0.8006"
"10,21 : 0.0566"
"21,10 : 0.0566"
"10,22 : 0.8543"
"22,10 : 0.8543"
"10,23 : 0.4115"
"23,10 : 0.4115"
"10,24 : 0.572"
"24,10 : 0.572"
"10,25 : 0.0447"
"25,10 : 0.0447"
"10,26 : 0.4801"
"26,10 : 0.4801"
"10,27 : 0.9646"
"27,10 : 0.9646"
"10,28 : 0.191"
"28,10 : 0.191"
"10,29 : 0.522"
"29,10 : 0.522"
"10,30 : 0.3945"
"30,10 : 0.3945"
"10,31 : 0.5155"
"31,10 : 0.5155"
"10,32 : 0.7906"
"32,10 : 0.7906"
"10,33 : 0.5629"
"33,10 : 0.5629"
"10,34 : 0.9501"
"34,10 : 0.9501"
"10,35 : 0.9886"
"35,10 : 0.9886"
"10,36 : 0.2941"
"36,10 : 0.2941"
"10,37 : 0.364"
"37,10 : 0.364"
"10,38 : 0.8023"
"38,10 : 0.8023"
"10,39 : 0.3848"
"39,10 : 0.3848"
"10,40 : 0.322"
"40,10 : 0.322"
"10,41 : 0.8264"
"41,10 : 0.8264"
"10,42 : 0.9101"
"42,10 : 0.9101"
"10,43 : 0.4168"
"43,10 : 0.4168"
"10,44 : 1.0112"
"44,10 : 1.0112"
"10,45 : 0.4472"
"45,10 : 0.4472"
"10,46 : 0.4342"
"46,10 : 0.4342"
"10,47 : 0.5048"
"47,10 : 0.5048"
"10,48 : 0.7826"
"48,10 : 0.7826"
"10,49 : 0.2729"
"49,10 : 0.2729"
"11,12 : 0.8022"
"12,11 : 0.8022"
"11,13 : 0.9381"
"13,11 : 0.9381"
"11,14 : 0.936"
"14,11 : 0.936"
"11,15 : 0.5029"
"15,11 : 0.5029"
"11,16 : 0.8429"
"16,11 : 0.8429"
"11,17 : 0.3214"
"17,11 : 0.3214"
"11,18 : 0.8458"
"18,11 : 0.8458"
"11,19 : 0.2154"
"19,11 : 0.2154"
"11,20 : 0.3015"
"20,11 : 0.3015"
"11,21 : 0.8724"
"21,11 : 0.8724"
"11,22 : 0.8748"
"22,11 : 0.8748"
"11,23 : 0.9552"
"23,11 : 0.9552"
"11,24 : 0.7654"
"24,11 : 0.7654"
"11,25 : 0.8486"
"25,11 : 0.8486"
"11,26 : 0.906"
"26,11 : 0.906"
"11,27 : 0.6265"
"27,11 : 0.6265"
"11,28 : 0.7184"
"28,11 : 0.7184"
"11,29 : 0.4105"
"29,11 : 0.4105"
"11,30 : 0.9197"
"30,11 : 0.9197"
"11,31 : 0.3801"
"31,11 : 0.3801"
"11,32 : 0.5855"
"32,11 : 0.5855"
"11,33 : 0.35"
"33,11 : 0.35"
"11,34 : 0.3418"
"34,11 : 0.3418"
"11,35 : 0.25"
"35,11 : 0.25"
"11,36 : 0.7417"
"36,11 : 0.7417"
"11,37 : 0.9976"
"37,11 : 0.9976"
"11,38 : 0.0922"
"38,11 : 0.0922"
"11,39 : 0.9546"
"39,11 : 0.9546"
"11,40 : 0.6912"
"40,11 : 0.6912"
"11,41 : 0.0671"
"41,11 : 0.0671"
"11,42 : 0.3298"
"42,11 : 0.3298"
"11,43 : 0.7159"
"43,11 : 0.7159"
"11,44 : 0.2476"
"44,11 : 0.2476"
"11,45 : 0.6339"
"45,11 : 0.6339"
"11,46 : 1.0397"
"46,11 : 1.0397"
"11,47 : 0.9301"
"47,11 : 0.9301"
"11,48 : 0.6923"
"48,11 : 0.6923"
"11,49 : 0.992"
"49,11 : 0.992"
"12,13 : 0.7433"
"13,12 : 0.7433"
"12,14 : 0.7305"
"14,12 : 0.7305"
"12,15 : 0.7739"
"15,12 : 0.7739"
"12,16 : 1.1685"
"16,12 : 1.1685"
"12,17 : 0.8127"
"17,12 : 0.8127"
"12,18 : 0.2915"
"18,12 : 0.2915"
"12,19 : 0.8911"
"19,12 : 0.8911"
"12,20 : 0.8065"
"20,12 : 0.8065"
"12,21 : 0.3102"
"21,12 : 0.3102"
"12,22 : 1.0245"
"22,12 : 1.0245"
"12,23 : 0.6573"
"23,12 : 0.6573"
"12,24 : 0.7463"
"24,12 : 0.7463"
"12,25 : 0.2502"
"25,12 : 0.2502"
"12,26 : 0.7058"
"26,12 : 0.7058"
"12,27 : 1.0515"
"27,12 : 1.0515"
"12,28 : 0.178"
"28,12 : 0.178"
"12,29 : 0.392"
"29,12 : 0.392"
"12,30 : 0.6332"
"30,12 : 0.6332"
"12,31 : 0.473"
"31,12 : 0.473"
"12,32 : 0.8881"
"32,12 : 0.8881"
"12,33 : 0.5412"
"33,12 : 0.5412"
"12,34 : 0.956"
"34,12 : 0.956"
"12,35 : 0.9603"
"35,12 : 0.9603"
"12,36 : 0.0608"
"36,12 : 0.0608"
"12,37 : 0.6239"
"37,12 : 0.6239"
"12,38 : 0.7111"
"38,12 : 0.7111"
"12,39 : 0.6335"
"39,12 : 0.6335"
"12,40 : 0.1118"
"40,12 : 0.1118"
"12,41 : 0.7406"
"41,12 : 0.7406"
"12,42 : 0.9176"
"42,12 : 0.9176"
"12,43 : 0.5825"
"43,12 : 0.5825"
"12,44 : 0.9774"
"44,12 : 0.9774"
"12,45 : 0.214"
"45,12 : 0.214"
"12,46 : 0.6946"
"46,12 : 0.6946"
"12,47 : 0.7339"
"47,12 : 0.7339"
"12,48 : 0.9129"
"48,12 : 0.9129"
"12,49 : 0.5401"
"49,12 : 0.5401"
"13,14 : 0.0141"
"14,13 : 0.0141"
"13,15 : 0.4883"
"15,13 : 0.4883"
"13,16 : 0.6251"
"16,13 : 0.6251"
"13,17 : 0.6812"
"17,13 : 0.6812"
"13,18 : 0.4653"
"18,13 : 0.4653"
"13,19 : 0.8429"
"19,13 : 0.8429"
"13,20 : 0.6943"
"20,13 : 0.6943"
"13,21 : 0.4579"
"21,13 : 0.4579"
"13,22 : 0.4026"
"22,13 : 0.4026"
"13,23 : 0.1166"
"23,13 : 0.1166"
"13,24 : 0.2012"
"24,13 : 0.2012"
"13,25 : 0.51"
"25,13 : 0.51"
"13,26 : 0.04"
"26,13 : 0.04"
"13,27 : 0.6551"
"27,13 : 0.6551"
"13,28 : 0.5772"
"28,13 : 0.5772"
"13,29 : 0.7531"
"29,13 : 0.7531"
"13,30 : 0.1204"
"30,13 : 0.1204"
"13,31 : 0.6263"
"31,13 : 0.6263"
"13,32 : 0.5033"
"32,13 : 0.5033"
"13,33 : 0.6127"
"33,13 : 0.6127"
"13,34 : 0.8016"
"34,13 : 0.8016"
"13,35 : 0.8964"
"35,13 : 0.8964"
"13,36 : 0.735"
"36,13 : 0.735"
"13,37 : 0.197"
"37,13 : 0.197"
"13,38 : 0.8713"
"38,13 : 0.8713"
"13,39 : 0.1442"
"39,13 : 0.1442"
"13,40 : 0.7335"
"40,13 : 0.7335"
"13,41 : 0.8792"
"41,13 : 0.8792"
"13,42 : 0.7684"
"42,13 : 0.7684"
"13,43 : 0.2341"
"43,13 : 0.2341"
"13,44 : 0.9246"
"44,13 : 0.9246"
"13,45 : 0.8338"
"45,13 : 0.8338"
"13,46 : 0.1703"
"46,13 : 0.1703"
"13,47 : 0.01"
"47,13 : 0.01"
"13,48 : 0.4276"
"48,13 : 0.4276"
"13,49 : 0.2884"
"49,13 : 0.2884"
"14,15 : 0.4909"
"15,14 : 0.4909"
"14,16 : 0.6364"
"16,14 : 0.6364"
"14,17 : 0.6825"
"17,14 : 0.6825"
"14,18 : 0.4518"
"18,14 : 0.4518"
"14,19 : 0.8439"
"19,14 : 0.8439"
"14,20 : 0.6953"
"20,14 : 0.6953"
"14,21 : 0.4442"
"21,14 : 0.4442"
"14,22 : 0.4148"
"22,14 : 0.4148"
"14,23 : 0.103"
"23,14 : 0.103"
"14,24 : 0.2062"
"24,14 : 0.2062"
"14,25 : 0.4965"
"25,14 : 0.4965"
"14,26 : 0.0316"
"26,14 : 0.0316"
"14,27 : 0.6629"
"27,14 : 0.6629"
"14,28 : 0.5652"
"28,14 : 0.5652"
"14,29 : 0.7453"
"29,14 : 0.7453"
"14,30 : 0.1063"
"30,14 : 0.1063"
"14,31 : 0.6203"
"31,14 : 0.6203"
"14,32 : 0.5092"
"32,14 : 0.5092"
"14,33 : 0.6083"
"33,14 : 0.6083"
"14,34 : 0.8045"
"34,14 : 0.8045"
"14,35 : 0.8981"
"35,14 : 0.8981"
"14,36 : 0.7228"
"36,14 : 0.7228"
"14,37 : 0.1838"
"37,14 : 0.1838"
"14,38 : 0.8682"
"38,14 : 0.8682"
"14,39 : 0.1304"
"39,14 : 0.1304"
"14,40 : 0.7218"
"40,14 : 0.7218"
"14,41 : 0.8766"
"41,14 : 0.8766"
"14,42 : 0.771"
"42,14 : 0.771"
"14,43 : 0.2285"
"43,14 : 0.2285"
"14,44 : 0.9262"
"44,14 : 0.9262"
"14,45 : 0.823"
"45,14 : 0.823"
"14,46 : 0.16"
"46,14 : 0.16"
"14,47 : 0.01"
"47,14 : 0.01"
"14,48 : 0.4357"
"48,14 : 0.4357"
"14,49 : 0.2746"
"49,14 : 0.2746"
"15,16 : 0.4219"
"16,15 : 0.4219"
"15,17 : 0.2"
"17,15 : 0.2"
"15,18 : 0.6335"
"18,15 : 0.6335"
"15,19 : 0.3624"
"19,15 : 0.3624"
"15,20 : 0.2163"
"20,15 : 0.2163"
"15,21 : 0.6494"
"21,15 : 0.6494"
"15,22 : 0.3801"
"22,15 : 0.3801"
"15,23 : 0.5463"
"23,15 : 0.5463"
"15,24 : 0.2907"
"24,15 : 0.2907"
"15,25 : 0.6622"
"25,15 : 0.6622"
"15,26 : 0.4665"
"26,15 : 0.4665"
"15,27 : 0.2778"
"27,15 : 0.2778"
"15,28 : 0.6083"
"28,15 : 0.6083"
"15,29 : 0.5284"
"29,15 : 0.5284"
"15,30 : 0.5162"
"30,15 : 0.5162"
"15,31 : 0.3636"
"31,15 : 0.3636"
"15,32 : 0.1221"
"32,15 : 0.1221"
"15,33 : 0.2997"
"33,15 : 0.2997"
"15,34 : 0.3138"
"34,15 : 0.3138"
"15,35 : 0.4104"
"35,15 : 0.4104"
"15,36 : 0.7301"
"36,15 : 0.7301"
"15,37 : 0.6135"
"37,15 : 0.6135"
"15,38 : 0.4639"
"38,15 : 0.4639"
"15,39 : 0.5571"
"39,15 : 0.5571"
"15,40 : 0.6966"
"40,15 : 0.6966"
"15,41 : 0.4589"
"41,15 : 0.4589"
"15,42 : 0.2802"
"42,15 : 0.2802"
"15,43 : 0.3256"
"43,15 : 0.3256"
"15,44 : 0.4386"
"44,15 : 0.4386"
"15,45 : 0.73"
"45,15 : 0.73"
"15,46 : 0.6307"
"46,15 : 0.6307"
"15,47 : 0.4826"
"47,15 : 0.4826"
"15,48 : 0.201"
"48,15 : 0.201"
"15,49 : 0.6512"
"49,15 : 0.6512"
"16,17 : 0.5295"
"17,16 : 0.5295"
"16,18 : 0.9725"
"18,16 : 0.9725"
"16,19 : 0.6401"
"19,16 : 0.6401"
"16,20 : 0.5492"
"20,16 : 0.5492"
"16,21 : 0.9801"
"21,16 : 0.9801"
"16,22 : 0.2309"
"22,16 : 0.2309"
"16,23 : 0.7335"
"23,16 : 0.7335"
"16,24 : 0.4717"
"24,16 : 0.4717"
"16,25 : 1.0102"
"25,16 : 1.0102"
"16,26 : 0.6315"
"26,16 : 0.6315"
"16,27 : 0.2209"
"27,16 : 0.2209"
"16,28 : 0.9936"
"28,16 : 0.9936"
"16,29 : 0.9502"
"29,16 : 0.9502"
"16,30 : 0.7203"
"30,16 : 0.7203"
"16,31 : 0.7855"
"31,16 : 0.7855"
"16,32 : 0.3002"
"32,16 : 0.3002"
"16,33 : 0.7207"
"33,16 : 0.7207"
"16,34 : 0.5224"
"34,16 : 0.5224"
"16,35 : 0.645"
"35,16 : 0.645"
"16,36 : 1.1315"
"36,16 : 1.1315"
"16,37 : 0.8158"
"37,16 : 0.8158"
"16,38 : 0.8355"
"38,16 : 0.8355"
"16,39 : 0.7571"
"39,16 : 0.7571"
"16,40 : 1.1034"
"40,16 : 1.1034"
"16,41 : 0.8204"
"41,16 : 0.8204"
"16,42 : 0.5201"
"42,16 : 0.5201"
"16,43 : 0.6177"
"43,16 : 0.6177"
"16,44 : 0.6675"
"44,16 : 0.6675"
"16,45 : 1.1481"
"45,16 : 1.1481"
"16,46 : 0.7951"
"46,16 : 0.7951"
"16,47 : 0.6265"
"47,16 : 0.6265"
"16,48 : 0.2561"
"48,16 : 0.2561"
"16,49 : 0.8929"
"49,16 : 0.8929"
"17,18 : 0.7406"
"18,17 : 0.7406"
"17,19 : 0.1628"
"19,17 : 0.1628"
"17,20 : 0.02"
"20,17 : 0.02"
"17,21 : 0.7616"
"21,17 : 0.7616"
"17,22 : 0.5554"
"22,17 : 0.5554"
"17,23 : 0.7272"
"23,17 : 0.7272"
"17,24 : 0.488"
"24,17 : 0.488"
"17,25 : 0.7601"
"25,17 : 0.7601"
"17,26 : 0.656"
"26,17 : 0.656"
"17,27 : 0.3231"
"27,17 : 0.3231"
"17,28 : 0.6708"
"28,17 : 0.6708"
"17,29 : 0.4841"
"29,17 : 0.4841"
"17,30 : 0.6946"
"30,17 : 0.6946"
"17,31 : 0.3444"
"31,17 : 0.3444"
"17,32 : 0.2648"
"32,17 : 0.2648"
"17,33 : 0.2731"
"33,17 : 0.2731"
"17,34 : 0.15"
"34,17 : 0.15"
"17,35 : 0.2163"
"35,17 : 0.2163"
"17,36 : 0.7596"
"36,17 : 0.7596"
"17,37 : 0.7871"
"37,17 : 0.7871"
"17,38 : 0.3059"
"38,17 : 0.3059"
"17,39 : 0.7343"
"39,17 : 0.7343"
"17,40 : 0.7169"
"40,17 : 0.7169"
"17,41 : 0.2915"
"41,17 : 0.2915"
"17,42 : 0.11"
"42,17 : 0.11"
"17,43 : 0.4919"
"43,17 : 0.4919"
"17,44 : 0.2441"
"44,17 : 0.2441"
"17,45 : 0.7156"
"45,17 : 0.7156"
"17,46 : 0.813"
"46,17 : 0.813"
"17,47 : 0.6748"
"47,17 : 0.6748"
"17,48 : 0.3736"
"48,17 : 0.3736"
"17,49 : 0.8099"
"49,17 : 0.8099"
"18,19 : 0.8631"
"19,18 : 0.8631"
"18,20 : 0.7417"
"20,18 : 0.7417"
"18,21 : 0.0283"
"21,18 : 0.0283"
"18,22 : 0.7951"
"22,18 : 0.7951"
"18,23 : 0.37"
"23,18 : 0.37"
"18,24 : 0.5122"
"24,18 : 0.5122"
"18,25 : 0.0447"
"25,18 : 0.0447"
"18,26 : 0.4305"
"26,18 : 0.4305"
"18,27 : 0.9014"
"27,18 : 0.9014"
"18,28 : 0.17"
"28,18 : 0.17"
"18,29 : 0.4884"
"29,18 : 0.4884"
"18,30 : 0.3493"
"30,18 : 0.3493"
"18,31 : 0.4662"
"31,18 : 0.4662"
"18,32 : 0.7273"
"32,18 : 0.7273"
"18,33 : 0.5096"
"33,18 : 0.5096"
"18,34 : 0.8905"
"34,18 : 0.8905"
"18,35 : 0.9321"
"35,18 : 0.9321"
"18,36 : 0.3015"
"36,18 : 0.3015"
"18,37 : 0.3324"
"37,18 : 0.3324"
"18,38 : 0.7558"
"38,18 : 0.7558"
"18,39 : 0.3448"
"39,18 : 0.3448"
"18,40 : 0.3202"
"40,18 : 0.3202"
"18,41 : 0.7788"
"41,18 : 0.7788"
"18,42 : 0.8505"
"42,18 : 0.8505"
"18,43 : 0.3551"
"43,18 : 0.3551"
"18,44 : 0.9552"
"44,18 : 0.9552"
"18,45 : 0.4427"
"45,18 : 0.4427"
"18,46 : 0.4031"
"46,18 : 0.4031"
"18,47 : 0.4565"
"47,18 : 0.4565"
"18,48 : 0.7201"
"48,18 : 0.7201"
"18,49 : 0.2508"
"49,18 : 0.2508"
"19,20 : 0.1487"
"20,19 : 0.1487"
"19,21 : 0.8865"
"21,19 : 0.8865"
"19,22 : 0.7023"
"22,19 : 0.7023"
"19,23 : 0.8848"
"23,19 : 0.8848"
"19,24 : 0.6507"
"24,19 : 0.6507"
"19,25 : 0.8769"
"25,19 : 0.8769"
"19,26 : 0.8169"
"26,19 : 0.8169"
"19,27 : 0.4201"
"27,19 : 0.4201"
"19,28 : 0.77"
"28,19 : 0.77"
"19,29 : 0.522"
"29,19 : 0.522"
"19,30 : 0.8515"
"30,19 : 0.8515"
"19,31 : 0.4211"
"31,19 : 0.4211"
"19,32 : 0.4123"
"32,19 : 0.4123"
"19,33 : 0.3601"
"33,19 : 0.3601"
"19,34 : 0.1265"
"34,19 : 0.1265"
"19,35 : 0.07"
"35,19 : 0.07"
"19,36 : 0.8336"
"36,19 : 0.8336"
"19,37 : 0.9415"
"37,19 : 0.9415"
"19,38 : 0.2476"
"38,19 : 0.2476"
"19,39 : 0.8904"
"39,19 : 0.8904"
"19,40 : 0.7864"
"40,19 : 0.7864"
"19,41 : 0.2202"
"41,19 : 0.2202"
"19,42 : 0.12"
"42,19 : 0.12"
"19,43 : 0.6466"
"43,19 : 0.6466"
"19,44 : 0.0922"
"44,19 : 0.0922"
"19,45 : 0.7596"
"45,19 : 0.7596"
"19,46 : 0.9708"
"46,19 : 0.9708"
"19,47 : 0.8363"
"47,19 : 0.8363"
"19,48 : 0.5239"
"48,19 : 0.5239"
"19,49 : 0.9575"
"49,19 : 0.9575"
"20,21 : 0.7632"
"21,20 : 0.7632"
"20,22 : 0.5749"
"22,20 : 0.5749"
"20,23 : 0.7378"
"23,20 : 0.7378"
"20,24 : 0.5025"
"24,20 : 0.5025"
"20,25 : 0.7601"
"25,20 : 0.7601"
"20,26 : 0.6684"
"26,20 : 0.6684"
"20,27 : 0.3418"
"27,20 : 0.3418"
"20,28 : 0.6675"
"28,20 : 0.6675"
"20,29 : 0.472"
"29,20 : 0.472"
"20,30 : 0.7049"
"30,20 : 0.7049"
"20,31 : 0.3362"
"31,20 : 0.3362"
"20,32 : 0.2844"
"32,20 : 0.2844"
"20,33 : 0.2657"
"33,20 : 0.2657"
"20,34 : 0.1513"
"34,20 : 0.1513"
"20,35 : 0.2059"
"35,20 : 0.2059"
"20,36 : 0.7527"
"36,20 : 0.7527"
"20,37 : 0.7965"
"37,20 : 0.7965"
"20,38 : 0.2864"
"38,20 : 0.2864"
"20,39 : 0.7443"
"39,20 : 0.7443"
"20,40 : 0.7094"
"40,20 : 0.7094"
"20,41 : 0.2717"
"41,20 : 0.2717"
"20,42 : 0.1118"
"42,20 : 0.1118"
"20,43 : 0.5012"
"43,20 : 0.5012"
"20,44 : 0.2332"
"44,20 : 0.2332"
"20,45 : 0.7049"
"45,20 : 0.7049"
"20,46 : 0.8238"
"46,20 : 0.8238"
"20,47 : 0.6877"
"47,20 : 0.6877"
"20,48 : 0.3929"
"48,20 : 0.3929"
"20,49 : 0.8171"
"49,20 : 0.8171"
"21,22 : 0.7981"
"22,21 : 0.7981"
"21,23 : 0.3585"
"23,21 : 0.3585"
"21,24 : 0.5161"
"24,21 : 0.5161"
"21,25 : 0.06"
"25,21 : 0.06"
"21,26 : 0.4244"
"26,21 : 0.4244"
"21,27 : 0.9148"
"27,21 : 0.9148"
"21,28 : 0.1972"
"28,21 : 0.1972"
"21,29 : 0.5166"
"29,21 : 0.5166"
"21,30 : 0.34"
"30,21 : 0.34"
"21,31 : 0.4924"
"31,21 : 0.4924"
"21,32 : 0.7404"
"32,21 : 0.7404"
"21,33 : 0.5345"
"33,21 : 0.5345"
"21,34 : 0.9114"
"34,21 : 0.9114"
"21,35 : 0.9552"
"35,21 : 0.9552"
"21,36 : 0.3239"
"36,21 : 0.3239"
"21,37 : 0.3158"
"37,21 : 0.3158"
"21,38 : 0.7826"
"38,21 : 0.7826"
"21,39 : 0.3324"
"39,21 : 0.3324"
"21,40 : 0.3448"
"40,21 : 0.3448"
"21,41 : 0.8053"
"41,21 : 0.8053"
"21,42 : 0.8714"
"42,21 : 0.8714"
"21,43 : 0.3624"
"43,21 : 0.3624"
"21,44 : 0.9786"
"44,21 : 0.9786"
"21,45 : 0.4682"
"45,21 : 0.4682"
"21,46 : 0.3864"
"46,21 : 0.3864"
"21,47 : 0.4494"
"47,21 : 0.4494"
"21,48 : 0.7292"
"48,21 : 0.7292"
"21,49 : 0.23"
"49,21 : 0.23"
"22,23 : 0.5155"
"23,22 : 0.5155"
"22,24 : 0.2832"
"24,22 : 0.2832"
"22,25 : 0.8363"
"25,22 : 0.8363"
"22,26 : 0.4144"
"26,22 : 0.4144"
"22,27 : 0.3466"
"27,22 : 0.3466"
"22,28 : 0.8465"
"28,22 : 0.8465"
"22,29 : 0.8764"
"29,22 : 0.8764"
"22,30 : 0.507"
"30,22 : 0.507"
"22,31 : 0.7131"
"31,22 : 0.7131"
"22,32 : 0.2912"
"32,22 : 0.2912"
"22,33 : 0.661"
"33,22 : 0.661"
"22,34 : 0.6083"
"34,22 : 0.6083"
"22,35 : 0.7292"
"35,22 : 0.7292"
"22,36 : 0.9962"
"36,22 : 0.9962"
"22,37 : 0.5977"
"37,22 : 0.5977"
"22,38 : 0.8429"
"38,22 : 0.8429"
"22,39 : 0.5408"
"39,22 : 0.5408"
"22,40 : 0.9764"
"40,22 : 0.9764"
"22,41 : 0.836"
"41,22 : 0.836"
"22,42 : 0.5909"
"42,22 : 0.5909"
"22,43 : 0.4455"
"43,22 : 0.4455"
"22,44 : 0.7558"
"44,22 : 0.7558"
"22,45 : 1.042"
"45,22 : 1.042"
"22,46 : 0.5707"
"46,22 : 0.5707"
"22,47 : 0.4052"
"47,22 : 0.4052"
"22,48 : 0.1825"
"48,22 : 0.1825"
"22,49 : 0.6815"
"49,22 : 0.6815"
"23,24 : 0.2816"
"24,23 : 0.2816"
"23,25 : 0.4144"
"25,23 : 0.4144"
"23,26 : 0.102"
"26,23 : 0.102"
"23,27 : 0.7443"
"27,23 : 0.7443"
"23,28 : 0.5016"
"28,23 : 0.5016"
"23,29 : 0.7211"
"29,23 : 0.7211"
"23,30 : 0.0361"
"30,23 : 0.0361"
"23,31 : 0.614"
"31,23 : 0.614"
"23,32 : 0.5825"
"32,23 : 0.5825"
"23,33 : 0.614"
"33,23 : 0.614"
"23,34 : 0.8587"
"34,23 : 0.8587"
"23,35 : 0.9434"
"35,23 : 0.9434"
"23,36 : 0.6562"
"36,23 : 0.6562"
"23,37 : 0.0825"
"37,23 : 0.0825"
"23,38 : 0.8809"
"38,23 : 0.8809"
"23,39 : 0.0283"
"39,23 : 0.0283"
"23,40 : 0.6612"
"40,23 : 0.6612"
"23,41 : 0.8927"
"41,23 : 0.8927"
"23,42 : 0.823"
"42,23 : 0.823"
"23,43 : 0.2408"
"43,23 : 0.2408"
"23,44 : 0.971"
"44,23 : 0.971"
"23,45 : 0.7703"
"45,23 : 0.7703"
"23,46 : 0.086"
"46,23 : 0.086"
"23,47 : 0.1118"
"47,23 : 0.1118"
"23,48 : 0.5204"
"48,23 : 0.5204"
"23,49 : 0.172"
"49,23 : 0.172"
"24,25 : 0.5532"
"25,24 : 0.5532"
"24,26 : 0.1868"
"26,24 : 0.1868"
"24,27 : 0.4627"
"27,24 : 0.4627"
"24,28 : 0.5686"
"28,24 : 0.5686"
"24,29 : 0.6512"
"29,24 : 0.6512"
"24,30 : 0.26"
"30,24 : 0.26"
"24,31 : 0.5009"
"31,24 : 0.5009"
"24,32 : 0.3036"
"32,24 : 0.3036"
"24,33 : 0.4687"
"33,24 : 0.4687"
"24,34 : 0.6022"
"34,24 : 0.6022"
"24,35 : 0.7009"
"35,24 : 0.7009"
"24,36 : 0.722"
"36,24 : 0.722"
"24,37 : 0.3601"
"37,24 : 0.3601"
"24,38 : 0.7077"
"38,24 : 0.7077"
"24,39 : 0.3002"
"39,24 : 0.3002"
"24,40 : 0.7066"
"40,24 : 0.7066"
"24,41 : 0.7111"
"41,24 : 0.7111"
"24,42 : 0.5701"
"42,24 : 0.5701"
"24,43 : 0.164"
"43,24 : 0.164"
"24,44 : 0.7292"
"44,24 : 0.7292"
"24,45 : 0.7843"
"45,24 : 0.7843"
"24,46 : 0.359"
"46,24 : 0.359"
"24,47 : 0.197"
"47,24 : 0.197"
"24,48 : 0.2402"
"48,24 : 0.2402"
"24,49 : 0.4258"
"49,24 : 0.4258"
"25,26 : 0.4751"
"26,25 : 0.4751"
"25,27 : 0.933"
"27,25 : 0.933"
"25,28 : 0.1487"
"28,25 : 0.1487"
"25,29 : 0.478"
"29,25 : 0.478"
"25,30 : 0.394"
"30,25 : 0.394"
"25,31 : 0.4713"
"31,25 : 0.4713"
"25,32 : 0.7596"
"32,25 : 0.7596"
"25,33 : 0.5197"
"33,25 : 0.5197"
"25,34 : 0.9101"
"34,25 : 0.9101"
"25,35 : 0.9464"
"35,25 : 0.9464"
"25,36 : 0.2648"
"36,25 : 0.2648"
"25,37 : 0.3748"
"37,25 : 0.3748"
"25,38 : 0.7577"
"38,25 : 0.7577"
"25,39 : 0.389"
"39,25 : 0.389"
"25,40 : 0.2879"
"40,25 : 0.2879"
"25,41 : 0.7819"
"41,25 : 0.7819"
"25,42 : 0.8701"
"42,25 : 0.8701"
"25,43 : 0.3941"
"43,25 : 0.3941"
"25,44 : 0.9688"
"44,25 : 0.9688"
"25,45 : 0.4123"
"45,25 : 0.4123"
"25,46 : 0.4455"
"46,25 : 0.4455"
"25,47 : 0.5012"
"47,25 : 0.5012"
"25,48 : 0.7566"
"48,25 : 0.7566"
"25,49 : 0.29"
"49,25 : 0.29"
"26,27 : 0.6478"
"27,26 : 0.6478"
"26,28 : 0.5385"
"28,26 : 0.5385"
"26,29 : 0.7139"
"29,26 : 0.7139"
"26,30 : 0.0943"
"30,26 : 0.0943"
"26,31 : 0.5887"
"31,26 : 0.5887"
"26,32 : 0.4904"
"32,26 : 0.4904"
"26,33 : 0.5771"
"33,26 : 0.5771"
"26,34 : 0.7803"
"34,26 : 0.7803"
"26,35 : 0.872"
"35,26 : 0.872"
"26,36 : 0.6964"
"36,26 : 0.6964"
"26,37 : 0.1844"
"37,26 : 0.1844"
"26,38 : 0.8376"
"38,26 : 0.8376"
"26,39 : 0.1265"
"39,26 : 0.1265"
"26,40 : 0.6943"
"40,26 : 0.6943"
"26,41 : 0.8463"
"41,26 : 0.8463"
"26,42 : 0.7463"
"42,26 : 0.7463"
"26,43 : 0.197"
"43,26 : 0.197"
"26,44 : 0.9"
"44,26 : 0.9"
"26,45 : 0.794"
"45,26 : 0.794"
"26,46 : 0.1726"
"46,26 : 0.1726"
"26,47 : 0.03"
"47,26 : 0.03"
"26,48 : 0.4219"
"48,26 : 0.4219"
"26,49 : 0.2683"
"49,26 : 0.2683"
"27,28 : 0.8859"
"28,27 : 0.8859"
"27,29 : 0.781"
"29,27 : 0.781"
"27,30 : 0.7217"
"30,27 : 0.7217"
"27,31 : 0.6224"
"31,27 : 0.6224"
"27,32 : 0.1746"
"32,27 : 0.1746"
"27,33 : 0.5523"
"33,27 : 0.5523"
"27,34 : 0.3015"
"34,27 : 0.3015"
"27,35 : 0.4243"
"35,27 : 0.4243"
"27,36 : 1.0069"
"36,27 : 1.0069"
"27,37 : 0.8222"
"37,27 : 0.8222"
"27,38 : 0.6264"
"38,27 : 0.6264"
"27,39 : 0.7624"
"39,27 : 0.7624"
"27,40 : 0.972"
"40,27 : 0.972"
"27,41 : 0.6088"
"41,27 : 0.6088"
"27,42 : 0.3002"
"42,27 : 0.3002"
"27,43 : 0.5657"
"43,27 : 0.5657"
"27,44 : 0.4472"
"44,27 : 0.4472"
"27,45 : 0.9972"
"45,27 : 0.9972"
"27,46 : 0.8204"
"46,27 : 0.8204"
"27,47 : 0.6531"
"47,27 : 0.6531"
"27,48 : 0.228"
"48,27 : 0.228"
"27,49 : 0.8802"
"49,27 : 0.8802"
"28,29 : 0.3329"
"29,28 : 0.3329"
"28,30 : 0.4738"
"30,28 : 0.4738"
"28,31 : 0.3513"
"31,28 : 0.3513"
"28,32 : 0.7187"
"32,28 : 0.7187"
"28,33 : 0.4101"
"33,28 : 0.4101"
"28,34 : 0.8188"
"34,28 : 0.8188"
"28,35 : 0.84"
"35,28 : 0.84"
"28,36 : 0.1581"
"36,28 : 0.1581"
"28,37 : 0.4817"
"37,28 : 0.4817"
"28,38 : 0.6264"
"38,28 : 0.6264"
"28,39 : 0.4804"
"39,28 : 0.4804"
"28,40 : 0.16"
"40,28 : 0.16"
"28,41 : 0.6525"
"41,28 : 0.6525"
"28,42 : 0.7793"
"42,28 : 0.7793"
"28,43 : 0.405"
"43,28 : 0.405"
"28,44 : 0.8602"
"44,28 : 0.8602"
"28,45 : 0.2766"
"45,28 : 0.2766"
"28,46 : 0.5508"
"46,28 : 0.5508"
"28,47 : 0.5675"
"47,28 : 0.5675"
"28,48 : 0.7376"
"48,28 : 0.7376"
"28,49 : 0.4123"
"49,28 : 0.4123"
"29,30 : 0.6862"
"30,29 : 0.6862"
"29,31 : 0.1655"
"31,29 : 0.1655"
"29,32 : 0.65"
"32,29 : 0.65"
"29,33 : 0.2302"
"33,29 : 0.2302"
"29,34 : 0.609"
"34,29 : 0.609"
"29,35 : 0.5882"
"35,29 : 0.5882"
"29,36 : 0.3314"
"36,29 : 0.3314"
"29,37 : 0.7335"
"37,29 : 0.7335"
"29,38 : 0.32"
"38,29 : 0.32"
"29,39 : 0.7094"
"39,29 : 0.7094"
"29,40 : 0.2807"
"40,29 : 0.2807"
"29,41 : 0.3501"
"41,29 : 0.3501"
"29,42 : 0.5745"
"42,29 : 0.5745"
"29,43 : 0.5235"
"43,29 : 0.5235"
"29,44 : 0.6017"
"44,29 : 0.6017"
"29,45 : 0.2377"
"45,29 : 0.2377"
"29,46 : 0.7931"
"46,29 : 0.7931"
"29,47 : 0.7433"
"47,29 : 0.7433"
"29,48 : 0.7169"
"48,29 : 0.7169"
"29,49 : 0.6934"
"49,29 : 0.6934"
"30,31 : 0.578"
"31,30 : 0.578"
"30,32 : 0.5573"
"32,30 : 0.5573"
"30,33 : 0.578"
"33,30 : 0.578"
"30,34 : 0.8276"
"34,30 : 0.8276"
"30,35 : 0.9107"
"35,30 : 0.9107"
"30,36 : 0.6297"
"36,30 : 0.6297"
"30,37 : 0.1005"
"37,30 : 0.1005"
"30,38 : 0.845"
"38,30 : 0.845"
"30,39 : 0.0412"
"39,30 : 0.0412"
"30,40 : 0.6329"
"40,30 : 0.6329"
"30,41 : 0.857"
"41,30 : 0.857"
"30,42 : 0.7916"
"42,30 : 0.7916"
"30,43 : 0.2062"
"43,30 : 0.2062"
"30,44 : 0.9381"
"44,30 : 0.9381"
"30,45 : 0.74"
"45,30 : 0.74"
"30,46 : 0.1204"
"46,30 : 0.1204"
"30,47 : 0.1131"
"47,30 : 0.1131"
"30,48 : 0.5001"
"48,30 : 0.5001"
"30,49 : 0.1746"
"49,30 : 0.1746"
"31,32 : 0.4855"
"32,31 : 0.4855"
"31,33 : 0.0721"
"33,31 : 0.0721"
"31,34 : 0.4838"
"34,31 : 0.4838"
"31,35 : 0.4909"
"35,31 : 0.4909"
"31,36 : 0.4176"
"36,31 : 0.4176"
"31,37 : 0.642"
"37,31 : 0.642"
"31,38 : 0.2915"
"38,31 : 0.2915"
"31,39 : 0.6075"
"39,31 : 0.6075"
"31,40 : 0.3734"
"40,31 : 0.3734"
"31,41 : 0.313"
"41,31 : 0.313"
"31,42 : 0.446"
"42,31 : 0.446"
"31,43 : 0.3922"
"43,31 : 0.3922"
"31,44 : 0.5101"
"44,31 : 0.5101"
"31,45 : 0.3764"
"45,31 : 0.3764"
"31,46 : 0.6934"
"46,31 : 0.6934"
"31,47 : 0.6168"
"47,31 : 0.6168"
"31,48 : 0.5515"
"48,31 : 0.5515"
"31,49 : 0.6224"
"49,31 : 0.6224"
"32,33 : 0.4206"
"33,32 : 0.4206"
"32,34 : 0.328"
"34,32 : 0.328"
"32,35 : 0.4442"
"35,32 : 0.4442"
"32,36 : 0.8465"
"36,32 : 0.8465"
"32,37 : 0.6576"
"37,32 : 0.6576"
"32,38 : 0.5601"
"38,32 : 0.5601"
"32,39 : 0.5984"
"39,32 : 0.5984"
"32,40 : 0.8147"
"40,32 : 0.8147"
"32,41 : 0.5504"
"41,32 : 0.5504"
"32,42 : 0.3053"
"42,32 : 0.3053"
"32,43 : 0.392"
"43,32 : 0.392"
"32,44 : 0.4717"
"44,32 : 0.4717"
"32,45 : 0.8515"
"45,32 : 0.8515"
"32,46 : 0.6622"
"46,32 : 0.6622"
"32,47 : 0.4998"
"47,32 : 0.4998"
"32,48 : 0.1118"
"48,32 : 0.1118"
"32,49 : 0.7103"
"49,32 : 0.7103"
"33,34 : 0.4148"
"34,33 : 0.4148"
"33,35 : 0.4301"
"35,33 : 0.4301"
"33,36 : 0.487"
"36,33 : 0.487"
"33,37 : 0.6507"
"37,33 : 0.6507"
"33,38 : 0.2687"
"38,33 : 0.2687"
"33,39 : 0.6107"
"39,33 : 0.6107"
"33,40 : 0.4438"
"40,33 : 0.4438"
"33,41 : 0.2843"
"41,33 : 0.2843"
"33,42 : 0.3764"
"42,33 : 0.3764"
"33,43 : 0.3808"
"43,33 : 0.3808"
"33,44 : 0.451"
"44,33 : 0.451"
"33,45 : 0.4482"
"45,33 : 0.4482"
"33,46 : 0.6966"
"46,33 : 0.6966"
"33,47 : 0.6037"
"47,33 : 0.6037"
"33,48 : 0.4934"
"48,33 : 0.4934"
"33,49 : 0.642"
"49,33 : 0.642"
"34,35 : 0.1237"
"35,34 : 0.1237"
"34,36 : 0.9014"
"36,34 : 0.9014"
"34,37 : 0.9231"
"37,34 : 0.9231"
"34,38 : 0.3662"
"38,34 : 0.3662"
"34,39 : 0.8682"
"39,34 : 0.8682"
"34,40 : 0.857"
"40,34 : 0.857"
"34,41 : 0.3413"
"41,34 : 0.3413"
"34,42 : 0.04"
"42,34 : 0.04"
"34,43 : 0.6297"
"43,34 : 0.6297"
"34,44 : 0.1487"
"44,34 : 0.1487"
"34,45 : 0.8453"
"45,34 : 0.8453"
"34,46 : 0.9437"
"46,34 : 0.9437"
"34,47 : 0.7961"
"47,34 : 0.7961"
"34,48 : 0.4383"
"48,34 : 0.4383"
"34,49 : 0.9521"
"49,34 : 0.9521"
"35,36 : 0.9026"
"36,35 : 0.9026"
"35,37 : 1.0024"
"37,35 : 1.0024"
"35,38 : 0.3"
"38,35 : 0.3"
"35,39 : 0.9502"
"39,35 : 0.9502"
"35,40 : 0.8551"
"40,35 : 0.8551"
"35,41 : 0.2702"
"41,35 : 0.2702"
"35,42 : 0.1389"
"42,35 : 0.1389"
"35,43 : 0.7071"
"43,35 : 0.7071"
"35,44 : 0.0283"
"44,35 : 0.0283"
"35,45 : 0.8254"
"45,35 : 0.8254"
"35,46 : 1.0293"
"46,35 : 1.0293"
"35,47 : 0.8902"
"47,35 : 0.8902"
"35,48 : 0.5557"
"48,35 : 0.5557"
"35,49 : 1.0216"
"49,35 : 1.0216"
"36,37 : 0.6301"
"37,36 : 0.6301"
"36,38 : 0.6507"
"38,36 : 0.6507"
"36,39 : 0.6339"
"39,36 : 0.6339"
"36,40 : 0.051"
"40,36 : 0.051"
"36,41 : 0.6803"
"41,36 : 0.6803"
"36,42 : 0.8633"
"42,36 : 0.8633"
"36,43 : 0.5595"
"43,36 : 0.5595"
"36,44 : 0.9192"
"44,36 : 0.9192"
"36,45 : 0.1628"
"45,36 : 0.1628"
"36,46 : 0.7003"
"46,36 : 0.7003"
"36,47 : 0.7253"
"47,36 : 0.7253"
"36,48 : 0.8769"
"48,36 : 0.8769"
"36,49 : 0.5523"
"49,36 : 0.5523"
"37,38 : 0.9193"
"38,37 : 0.9193"
"37,39 : 0.06"
"39,37 : 0.06"
"37,40 : 0.6412"
"40,37 : 0.6412"
"37,41 : 0.9335"
"41,37 : 0.9335"
"37,42 : 0.8864"
"42,37 : 0.8864"
"37,43 : 0.2953"
"43,37 : 0.2953"
"37,44 : 1.0296"
"44,37 : 1.0296"
"37,45 : 0.7566"
"45,37 : 0.7566"
"37,46 : 0.0707"
"46,37 : 0.0707"
"37,47 : 0.1931"
"47,37 : 0.1931"
"37,48 : 0.6"
"48,37 : 0.6"
"37,49 : 0.1"
"49,37 : 0.1"
"38,39 : 0.8786"
"39,38 : 0.8786"
"38,40 : 0.6003"
"40,38 : 0.6003"
"38,41 : 0.0316"
"41,38 : 0.0316"
"38,42 : 0.3448"
"42,38 : 0.3448"
"38,43 : 0.644"
"43,38 : 0.644"
"38,44 : 0.3053"
"44,38 : 0.3053"
"38,45 : 0.5474"
"45,38 : 0.5474"
"38,46 : 0.9643"
"46,38 : 0.9643"
"38,47 : 0.8628"
"47,38 : 0.8628"
"38,48 : 0.6612"
"48,38 : 0.6612"
"38,49 : 0.9091"
"49,38 : 0.9091"
"39,40 : 0.6403"
"40,39 : 0.6403"
"39,41 : 0.8914"
"41,39 : 0.8914"
"39,42 : 0.8319"
"42,39 : 0.8319"
"39,43 : 0.2441"
"43,39 : 0.2441"
"39,44 : 0.9775"
"44,39 : 0.9775"
"39,45 : 0.7511"
"45,39 : 0.7511"
"39,46 : 0.086"
"46,39 : 0.086"
"39,47 : 0.1389"
"47,39 : 0.1389"
"39,48 : 0.54"
"48,39 : 0.54"
"39,49 : 0.1442"
"49,39 : 0.1442"
"40,41 : 0.6301"
"41,40 : 0.6301"
"40,42 : 0.8193"
"42,40 : 0.8193"
"40,43 : 0.5463"
"43,40 : 0.5463"
"40,44 : 0.8713"
"44,40 : 0.8713"
"40,45 : 0.1253"
"45,40 : 0.1253"
"40,46 : 0.7106"
"46,40 : 0.7106"
"40,47 : 0.7237"
"47,40 : 0.7237"
"40,48 : 0.8504"
"48,40 : 0.8504"
"40,49 : 0.5689"
"49,40 : 0.5689"
"41,42 : 0.322"
"42,41 : 0.322"
"41,43 : 0.6544"
"43,41 : 0.6544"
"41,44 : 0.2746"
"44,41 : 0.2746"
"41,45 : 0.5787"
"45,41 : 0.5787"
"41,46 : 0.9767"
"46,41 : 0.9767"
"41,47 : 0.8709"
"47,41 : 0.8709"
"41,48 : 0.6538"
"48,41 : 0.6538"
"41,49 : 0.9262"
"49,41 : 0.9262"
"42,43 : 0.5924"
"43,42 : 0.5924"
"42,44 : 0.1664"
"44,42 : 0.1664"
"42,45 : 0.8101"
"45,42 : 0.8101"
"42,46 : 0.9082"
"46,42 : 0.9082"
"42,47 : 0.7628"
"47,42 : 0.7628"
"42,48 : 0.4168"
