x,y
0.75,0.1
0.48,0.61
0.58,0.47
0.72,0.49
0.58,0.16
0.08,0.6
0.1,0.2
0.45,0.11
0.98,0.23
1.0,0.92
0.39,0.43
0.98,0.53
0.3,0.74
0.28,0.02
0.7,0.98
0.24,0.58
0.17,0.58
0.78,0.12
0.9,0.83
0.12,0.4
0.04,0.9
0.93,0.46
0.33,0.57
0.31,0.07
0.44,0.56
0.36,0.32
0.81,0.66
0.94,0.83
0.95,0.37
0.27,0.26
0.33,0.5
0.09,0.48
0.76,0.98
0.39,0.39
1.0,0.23
0.56,0.21
0.98,0.94
0.51,0.5
0.72,0.08
0.1,0.34
0.97,0.43
0.4,0.88
0.67,0.4
0.17,0.64
0.07,0.3
0.47,0.24
0.43,0.22
0.38,0.8
0.41,0.4
0.5,0.32

Distanze
"0,1 : 0.5771"
"1,0 : 0.5771"
"0,2 : 0.4072"
"2,0 : 0.4072"
"0,3 : 0.3912"
"3,0 : 0.3912"
"0,4 : 0.1803"
"4,0 : 0.1803"
"0,5 : 0.836"
"5,0 : 0.836"
"0,6 : 0.6576"
"6,0 : 0.6576"
"0,7 : 0.3002"
"7,0 : 0.3002"
"0,8 : 0.2642"
"8,0 : 0.2642"
"0,9 : 0.8573"
"9,0 : 0.8573"
"0,10 : 0.4884"
"10,0 : 0.4884"
"0,11 : 0.4876"
"11,0 : 0.4876"
"0,12 : 0.7824"
"12,0 : 0.7824"
"0,13 : 0.4768"
"13,0 : 0.4768"
"0,14 : 0.8814"
"14,0 : 0.8814"
"0,15 : 0.7004"
"15,0 : 0.7004"
"0,16 : 0.7529"
"16,0 : 0.7529"
"0,17 : 0.0361"
"17,0 : 0.0361"
"0,18 : 0.7453"
"18,0 : 0.7453"
"0,19 : 0.6978"
"19,0 : 0.6978"
"0,20 : 1.0696"
"20,0 : 1.0696"
"0,21 : 0.4025"
"21,0 : 0.4025"
"0,22 : 0.6303"
"22,0 : 0.6303"
"0,23 : 0.441"
"23,0 : 0.441"
"0,24 : 0.5547"
"24,0 : 0.5547"
"0,25 : 0.4478"
"25,0 : 0.4478"
"0,26 : 0.5632"
"26,0 : 0.5632"
"0,27 : 0.7543"
"27,0 : 0.7543"
"0,28 : 0.336"
"28,0 : 0.336"
"0,29 : 0.506"
"29,0 : 0.506"
"0,30 : 0.58"
"30,0 : 0.58"
"0,31 : 0.7616"
"31,0 : 0.7616"
"0,32 : 0.8801"
"32,0 : 0.8801"
"0,33 : 0.4623"
"33,0 : 0.4623"
"0,34 : 0.2818"
"34,0 : 0.2818"
"0,35 : 0.2195"
"35,0 : 0.2195"
"0,36 : 0.8709"
"36,0 : 0.8709"
"0,37 : 0.4665"
"37,0 : 0.4665"
"0,38 : 0.0361"
"38,0 : 0.0361"
"0,39 : 0.6929"
"39,0 : 0.6929"
"0,40 : 0.3966"
"40,0 : 0.3966"
"0,41 : 0.8549"
"41,0 : 0.8549"
"0,42 : 0.3105"
"42,0 : 0.3105"
"0,43 : 0.7925"
"43,0 : 0.7925"
"0,44 : 0.7088"
"44,0 : 0.7088"
"0,45 : 0.313"
"45,0 : 0.313"
"0,46 : 0.3418"
"46,0 : 0.3418"
"0,47 : 0.7918"
"47,0 : 0.7918"
"0,48 : 0.4534"
"48,0 : 0.4534"
"0,49 : 0.333"
"49,0 : 0.333"
"1,2 : 0.172"
"2,1 : 0.172"
"1,3 : 0.2683"
"3,1 : 0.2683"
"1,4 : 0.461"
"4,1 : 0.461"
"1,5 : 0.4001"
"5,1 : 0.4001"
"1,6 : 0.559"
"6,1 : 0.559"
"1,7 : 0.5009"
"7,1 : 0.5009"
"1,8 : 0.628"
"8,1 : 0.628"
"1,9 : 0.6054"
"9,1 : 0.6054"
"1,10 : 0.2012"
"10,1 : 0.2012"
"1,11 : 0.5064"
"11,1 : 0.5064"
"1,12 : 0.222"
"12,1 : 0.222"
"1,13 : 0.623"
"13,1 : 0.623"
"1,14 : 0.4305"
"14,1 : 0.4305"
"1,15 : 0.2419"
"15,1 : 0.2419"
"1,16 : 0.3114"
"16,1 : 0.3114"
"1,17 : 0.5745"
"17,1 : 0.5745"
"1,18 : 0.4741"
"18,1 : 0.4741"
"1,19 : 0.4168"
"19,1 : 0.4168"
"1,20 : 0.527"
"20,1 : 0.527"
"1,21 : 0.4743"
"21,1 : 0.4743"
"1,22 : 0.1552"
"22,1 : 0.1552"
"1,23 : 0.5661"
"23,1 : 0.5661"
"1,24 : 0.064"
"24,1 : 0.064"
"1,25 : 0.3138"
"25,1 : 0.3138"
"1,26 : 0.3338"
"26,1 : 0.3338"
"1,27 : 0.5099"
"27,1 : 0.5099"
"1,28 : 0.5277"
"28,1 : 0.5277"
"1,29 : 0.4082"
"29,1 : 0.4082"
"1,30 : 0.186"
"30,1 : 0.186"
"1,31 : 0.4111"
"31,1 : 0.4111"
"1,32 : 0.464"
"32,1 : 0.464"
"1,33 : 0.2377"
"33,1 : 0.2377"
"1,34 : 0.644"
"34,1 : 0.644"
"1,35 : 0.4079"
"35,1 : 0.4079"
"1,36 : 0.5991"
"36,1 : 0.5991"
"1,37 : 0.114"
"37,1 : 0.114"
"1,38 : 0.5818"
"38,1 : 0.5818"
"1,39 : 0.4662"
"39,1 : 0.4662"
"1,40 : 0.522"
"40,1 : 0.522"
"1,41 : 0.2816"
"41,1 : 0.2816"
"1,42 : 0.2832"
"42,1 : 0.2832"
"1,43 : 0.3114"
"43,1 : 0.3114"
"1,44 : 0.514"
"44,1 : 0.514"
"1,45 : 0.3701"
"45,1 : 0.3701"
"1,46 : 0.3932"
"46,1 : 0.3932"
"1,47 : 0.2147"
"47,1 : 0.2147"
"1,48 : 0.2214"
"48,1 : 0.2214"
"1,49 : 0.2907"
"49,1 : 0.2907"
"2,3 : 0.1414"
"3,2 : 0.1414"
"2,4 : 0.31"
"4,2 : 0.31"
"2,5 : 0.5166"
"5,2 : 0.5166"
"2,6 : 0.5507"
"6,2 : 0.5507"
"2,7 : 0.3828"
"7,2 : 0.3828"
"2,8 : 0.4665"
"8,2 : 0.4665"
"2,9 : 0.6155"
"9,2 : 0.6155"
"2,10 : 0.1942"
"10,2 : 0.1942"
"2,11 : 0.4045"
"11,2 : 0.4045"
"2,12 : 0.389"
"12,2 : 0.389"
"2,13 : 0.5408"
"13,2 : 0.5408"
"2,14 : 0.5239"
"14,2 : 0.5239"
"2,15 : 0.3574"
"15,2 : 0.3574"
"2,16 : 0.4245"
"16,2 : 0.4245"
"2,17 : 0.4031"
"17,2 : 0.4031"
"2,18 : 0.4817"
"18,2 : 0.4817"
"2,19 : 0.4653"
"19,2 : 0.4653"
"2,20 : 0.6903"
"20,2 : 0.6903"
"2,21 : 0.3501"
"21,2 : 0.3501"
"2,22 : 0.2693"
"22,2 : 0.2693"
"2,23 : 0.4826"
"23,2 : 0.4826"
"2,24 : 0.1664"
"24,2 : 0.1664"
"2,25 : 0.2663"
"25,2 : 0.2663"
"2,26 : 0.2983"
"26,2 : 0.2983"
"2,27 : 0.5091"
"27,2 : 0.5091"
"2,28 : 0.3833"
"28,2 : 0.3833"
"2,29 : 0.3744"
"29,2 : 0.3744"
"2,30 : 0.2518"
"30,2 : 0.2518"
"2,31 : 0.4901"
"31,2 : 0.4901"
"2,32 : 0.5408"
"32,2 : 0.5408"
"2,33 : 0.2062"
"33,2 : 0.2062"
"2,34 : 0.4837"
"34,2 : 0.4837"
"2,35 : 0.2608"
"35,2 : 0.2608"
"2,36 : 0.6172"
"36,2 : 0.6172"
"2,37 : 0.0762"
"37,2 : 0.0762"
"2,38 : 0.4144"
"38,2 : 0.4144"
"2,39 : 0.4973"
"39,2 : 0.4973"
"2,40 : 0.392"
"40,2 : 0.392"
"2,41 : 0.4478"
"41,2 : 0.4478"
"2,42 : 0.114"
"42,2 : 0.114"
"2,43 : 0.4438"
"43,2 : 0.4438"
"2,44 : 0.5376"
"44,2 : 0.5376"
"2,45 : 0.255"
"45,2 : 0.255"
"2,46 : 0.2915"
"46,2 : 0.2915"
"2,47 : 0.3859"
"47,2 : 0.3859"
"2,48 : 0.1838"
"48,2 : 0.1838"
"2,49 : 0.17"
"49,2 : 0.17"
"3,4 : 0.3585"
"4,3 : 0.3585"
"3,5 : 0.6494"
"5,3 : 0.6494"
"3,6 : 0.6845"
"6,3 : 0.6845"
"3,7 : 0.4662"
"7,3 : 0.4662"
"3,8 : 0.3677"
"8,3 : 0.3677"
"3,9 : 0.5131"
"9,3 : 0.5131"
"3,10 : 0.3354"
"10,3 : 0.3354"
"3,11 : 0.2631"
"11,3 : 0.2631"
"3,12 : 0.4888"
"12,3 : 0.4888"
"3,13 : 0.6438"
"13,3 : 0.6438"
"3,14 : 0.4904"
"14,3 : 0.4904"
"3,15 : 0.4884"
"15,3 : 0.4884"
"3,16 : 0.5573"
"16,3 : 0.5573"
"3,17 : 0.3748"
"17,3 : 0.3748"
"3,18 : 0.3847"
"18,3 : 0.3847"
"3,19 : 0.6067"
"19,3 : 0.6067"
"3,20 : 0.794"
"20,3 : 0.794"
"3,21 : 0.2121"
"21,3 : 0.2121"
"3,22 : 0.3981"
"22,3 : 0.3981"
"3,23 : 0.5869"
"23,3 : 0.5869"
"3,24 : 0.2886"
"24,3 : 0.2886"
"3,25 : 0.3981"
"25,3 : 0.3981"
"3,26 : 0.1924"
"26,3 : 0.1924"
"3,27 : 0.405"
"27,3 : 0.405"
"3,28 : 0.2594"
"28,3 : 0.2594"
"3,29 : 0.5054"
"29,3 : 0.5054"
"3,30 : 0.3901"
"30,3 : 0.3901"
"3,31 : 0.6301"
"31,3 : 0.6301"
"3,32 : 0.4916"
"32,3 : 0.4916"
"3,33 : 0.3448"
"33,3 : 0.3448"
"3,34 : 0.3821"
"34,3 : 0.3821"
"3,35 : 0.3225"
"35,3 : 0.3225"
"3,36 : 0.5197"
"36,3 : 0.5197"
"3,37 : 0.2102"
"37,3 : 0.2102"
"3,38 : 0.41"
"38,3 : 0.41"
"3,39 : 0.6379"
"39,3 : 0.6379"
"3,40 : 0.2571"
"40,3 : 0.2571"
"3,41 : 0.5045"
"41,3 : 0.5045"
"3,42 : 0.103"
"42,3 : 0.103"
"3,43 : 0.5701"
"43,3 : 0.5701"
"3,44 : 0.6772"
"44,3 : 0.6772"
"3,45 : 0.3536"
"45,3 : 0.3536"
"3,46 : 0.3962"
"46,3 : 0.3962"
"3,47 : 0.4601"
"47,3 : 0.4601"
"3,48 : 0.3228"
"48,3 : 0.3228"
"3,49 : 0.278"
"49,3 : 0.278"
"4,5 : 0.666"
"5,4 : 0.666"
"4,6 : 0.4817"
"6,4 : 0.4817"
"4,7 : 0.1393"
"7,4 : 0.1393"
"4,8 : 0.4061"
"8,4 : 0.4061"
"4,9 : 0.8683"
"9,4 : 0.8683"
"4,10 : 0.3302"
"10,4 : 0.3302"
"4,11 : 0.5449"
"11,4 : 0.5449"
"4,12 : 0.644"
"12,4 : 0.644"
"4,13 : 0.3311"
"13,4 : 0.3311"
"4,14 : 0.8287"
"14,4 : 0.8287"
"4,15 : 0.5404"
"15,4 : 0.5404"
"4,16 : 0.5869"
"16,4 : 0.5869"
"4,17 : 0.204"
"17,4 : 0.204"
"4,18 : 0.7425"
"18,4 : 0.7425"
"4,19 : 0.5188"
"19,4 : 0.5188"
"4,20 : 0.9161"
"20,4 : 0.9161"
"4,21 : 0.461"
"21,4 : 0.461"
"4,22 : 0.4802"
"22,4 : 0.4802"
"4,23 : 0.2846"
"23,4 : 0.2846"
"4,24 : 0.4238"
"24,4 : 0.4238"
"4,25 : 0.272"
"25,4 : 0.272"
"4,26 : 0.5504"
"26,4 : 0.5504"
"4,27 : 0.7606"
"27,4 : 0.7606"
"4,28 : 0.4254"
"28,4 : 0.4254"
"4,29 : 0.3257"
"29,4 : 0.3257"
"4,30 : 0.422"
"30,4 : 0.422"
"4,31 : 0.5852"
"31,4 : 0.5852"
"4,32 : 0.8395"
"32,4 : 0.8395"
"4,33 : 0.2983"
"33,4 : 0.2983"
"4,34 : 0.4258"
"34,4 : 0.4258"
"4,35 : 0.0539"
"35,4 : 0.0539"
"4,36 : 0.8766"
"36,4 : 0.8766"
"4,37 : 0.3471"
"37,4 : 0.3471"
"4,38 : 0.1612"
"38,4 : 0.1612"
"4,39 : 0.5126"
"39,4 : 0.5126"
"4,40 : 0.4743"
"40,4 : 0.4743"
"4,41 : 0.7422"
"41,4 : 0.7422"
"4,42 : 0.2563"
"42,4 : 0.2563"
"4,43 : 0.6313"
"43,4 : 0.6313"
"4,44 : 0.5289"
"44,4 : 0.5289"
"4,45 : 0.136"
"45,4 : 0.136"
"4,46 : 0.1616"
"46,4 : 0.1616"
"4,47 : 0.6705"
"47,4 : 0.6705"
"4,48 : 0.2941"
"48,4 : 0.2941"
"4,49 : 0.1789"
"49,4 : 0.1789"
"5,6 : 0.4005"
"6,5 : 0.4005"
"5,7 : 0.614"
"7,5 : 0.614"
"5,8 : 0.9731"
"8,5 : 0.9731"
"5,9 : 0.9741"
"9,5 : 0.9741"
"5,10 : 0.3536"
"10,5 : 0.3536"
"5,11 : 0.9027"
"11,5 : 0.9027"
"5,12 : 0.2608"
"12,5 : 0.2608"
"5,13 : 0.6135"
"13,5 : 0.6135"
"5,14 : 0.7272"
"14,5 : 0.7272"
"5,15 : 0.1612"
"15,5 : 0.1612"
"5,16 : 0.0922"
"16,5 : 0.0922"
"5,17 : 0.8488"
"17,5 : 0.8488"
"5,18 : 0.8516"
"18,5 : 0.8516"
"5,19 : 0.204"
"19,5 : 0.204"
"5,20 : 0.3027"
"20,5 : 0.3027"
"5,21 : 0.8615"
"21,5 : 0.8615"
"5,22 : 0.2518"
"22,5 : 0.2518"
"5,23 : 0.5778"
"23,5 : 0.5778"
"5,24 : 0.3622"
"24,5 : 0.3622"
"5,25 : 0.396"
"25,5 : 0.396"
"5,26 : 0.7325"
"26,5 : 0.7325"
"5,27 : 0.8902"
"27,5 : 0.8902"
"5,28 : 0.8999"
"28,5 : 0.8999"
"5,29 : 0.3895"
"29,5 : 0.3895"
"5,30 : 0.2693"
"30,5 : 0.2693"
"5,31 : 0.1204"
"31,5 : 0.1204"
"5,32 : 0.779"
"32,5 : 0.779"
"5,33 : 0.3744"
"33,5 : 0.3744"
"5,34 : 0.9916"
"34,5 : 0.9916"
"5,35 : 0.6185"
"35,5 : 0.6185"
"5,36 : 0.9621"
"36,5 : 0.9621"
"5,37 : 0.4415"
"37,5 : 0.4415"
"5,38 : 0.8246"
"38,5 : 0.8246"
"5,39 : 0.2608"
"39,5 : 0.2608"
"5,40 : 0.9061"
"40,5 : 0.9061"
"5,41 : 0.4252"
"41,5 : 0.4252"
"5,42 : 0.623"
"42,5 : 0.623"
"5,43 : 0.0985"
"43,5 : 0.0985"
"5,44 : 0.3002"
"44,5 : 0.3002"
"5,45 : 0.5308"
"45,5 : 0.5308"
"5,46 : 0.5166"
"46,5 : 0.5166"
"5,47 : 0.3606"
"47,5 : 0.3606"
"5,48 : 0.3859"
"48,5 : 0.3859"
"5,49 : 0.5048"
"49,5 : 0.5048"
"6,7 : 0.3614"
"7,6 : 0.3614"
"6,8 : 0.8805"
"8,6 : 0.8805"
"6,9 : 1.1526"
"9,6 : 1.1526"
"6,10 : 0.3701"
"10,6 : 0.3701"
"6,11 : 0.9398"
"11,6 : 0.9398"
"6,12 : 0.5758"
"12,6 : 0.5758"
"6,13 : 0.2546"
"13,6 : 0.2546"
"6,14 : 0.9841"
"14,6 : 0.9841"
"6,15 : 0.405"
"15,6 : 0.405"
"6,16 : 0.3864"
"16,6 : 0.3864"
"6,17 : 0.6847"
"17,6 : 0.6847"
"6,18 : 1.0183"
"18,6 : 1.0183"
"6,19 : 0.201"
"19,6 : 0.201"
"6,20 : 0.7026"
"20,6 : 0.7026"
"6,21 : 0.8698"
"21,6 : 0.8698"
"6,22 : 0.4357"
"22,6 : 0.4357"
"6,23 : 0.247"
"23,6 : 0.247"
"6,24 : 0.4952"
"24,6 : 0.4952"
"6,25 : 0.2864"
"25,6 : 0.2864"
"6,26 : 0.846"
"26,6 : 0.846"
"6,27 : 1.05"
"27,6 : 1.05"
"6,28 : 0.8668"
"28,6 : 0.8668"
"6,29 : 0.1803"
"29,6 : 0.1803"
"6,30 : 0.378"
"30,6 : 0.378"
"6,31 : 0.2802"
"31,6 : 0.2802"
"6,32 : 1.0218"
"32,6 : 1.0218"
"6,33 : 0.3467"
"33,6 : 0.3467"
"6,34 : 0.9005"
"34,6 : 0.9005"
"6,35 : 0.4601"
"35,6 : 0.4601"
"6,36 : 1.1498"
"36,6 : 1.1498"
"6,37 : 0.508"
"37,6 : 0.508"
"6,38 : 0.6315"
"38,6 : 0.6315"
"6,39 : 0.14"
"39,6 : 0.14"
"6,40 : 0.8999"
"40,6 : 0.8999"
"6,41 : 0.7432"
"41,6 : 0.7432"
"6,42 : 0.6041"
"42,6 : 0.6041"
"6,43 : 0.4455"
"43,6 : 0.4455"
"6,44 : 0.1044"
"44,6 : 0.1044"
"6,45 : 0.3722"
"45,6 : 0.3722"
"6,46 : 0.3306"
"46,6 : 0.3306"
"6,47 : 0.6621"
"47,6 : 0.6621"
"6,48 : 0.3689"
"48,6 : 0.3689"
"6,49 : 0.4176"
"49,6 : 0.4176"
"7,8 : 0.5434"
"8,7 : 0.5434"
"7,9 : 0.9791"
"9,7 : 0.9791"
"7,10 : 0.3256"
"10,7 : 0.3256"
"7,11 : 0.6762"
"11,7 : 0.6762"
"7,12 : 0.6476"
"12,7 : 0.6476"
"7,13 : 0.1924"
"13,7 : 0.1924"
"7,14 : 0.9052"
"14,7 : 0.9052"
"7,15 : 0.5148"
"15,7 : 0.5148"
"7,16 : 0.5471"
"16,7 : 0.5471"
"7,17 : 0.3302"
"17,7 : 0.3302"
"7,18 : 0.8491"
"18,7 : 0.8491"
"7,19 : 0.4393"
"19,7 : 0.4393"
"7,20 : 0.8901"
"20,7 : 0.8901"
"7,21 : 0.5941"
"21,7 : 0.5941"
"7,22 : 0.4754"
"22,7 : 0.4754"
"7,23 : 0.1456"
"23,7 : 0.1456"
"7,24 : 0.4501"
"24,7 : 0.4501"
"7,25 : 0.2285"
"25,7 : 0.2285"
"7,26 : 0.6573"
"26,7 : 0.6573"
"7,27 : 0.8709"
"27,7 : 0.8709"
"7,28 : 0.5636"
"28,7 : 0.5636"
"7,29 : 0.2343"
"29,7 : 0.2343"
"7,30 : 0.408"
"30,7 : 0.408"
"7,31 : 0.5162"
"31,7 : 0.5162"
"7,32 : 0.9236"
"32,7 : 0.9236"
"7,33 : 0.2864"
"33,7 : 0.2864"
"7,34 : 0.5629"
"34,7 : 0.5629"
"7,35 : 0.1487"
"35,7 : 0.1487"
"7,36 : 0.9848"
"36,7 : 0.9848"
"7,37 : 0.3946"
"37,7 : 0.3946"
"7,38 : 0.2717"
"38,7 : 0.2717"
"7,39 : 0.4188"
"39,7 : 0.4188"
"7,40 : 0.6106"
"40,7 : 0.6106"
"7,41 : 0.7716"
"41,7 : 0.7716"
"7,42 : 0.364"
"42,7 : 0.364"
"7,43 : 0.5994"
"43,7 : 0.5994"
"7,44 : 0.4249"
"44,7 : 0.4249"
"7,45 : 0.1315"
"45,7 : 0.1315"
"7,46 : 0.1118"
"46,7 : 0.1118"
"7,47 : 0.6935"
"47,7 : 0.6935"
"7,48 : 0.2927"
"48,7 : 0.2927"
"7,49 : 0.2159"
"49,7 : 0.2159"
"8,9 : 0.6903"
"9,8 : 0.6903"
"8,10 : 0.623"
"10,8 : 0.623"
"8,11 : 0.3"
"11,8 : 0.3"
"8,12 : 0.85"
"12,8 : 0.85"
"8,13 : 0.7308"
"13,8 : 0.7308"
"8,14 : 0.8006"
"14,8 : 0.8006"
"8,15 : 0.8186"
"15,8 : 0.8186"
"8,16 : 0.8824"
"16,8 : 0.8824"
"8,17 : 0.2283"
"17,8 : 0.2283"
"8,18 : 0.6053"
"18,8 : 0.6053"
"8,19 : 0.8766"
"19,8 : 0.8766"
"8,20 : 1.1543"
"20,8 : 1.1543"
"8,21 : 0.2354"
"21,8 : 0.2354"
"8,22 : 0.7336"
"22,8 : 0.7336"
"8,23 : 0.6888"
"23,8 : 0.6888"
"8,24 : 0.6329"
"24,8 : 0.6329"
"8,25 : 0.6265"
"25,8 : 0.6265"
"8,26 : 0.4624"
"26,8 : 0.4624"
"8,27 : 0.6013"
"27,8 : 0.6013"
"8,28 : 0.1432"
"28,8 : 0.1432"
"8,29 : 0.7106"
"29,8 : 0.7106"
"8,30 : 0.7038"
"30,8 : 0.7038"
"8,31 : 0.9244"
"31,8 : 0.9244"
"8,32 : 0.7816"
"32,8 : 0.7816"
"8,33 : 0.6113"
"33,8 : 0.6113"
"8,34 : 0.02"
"34,8 : 0.02"
"8,35 : 0.4205"
"35,8 : 0.4205"
"8,36 : 0.71"
"36,8 : 0.71"
"8,37 : 0.542"
"37,8 : 0.542"
"8,38 : 0.3002"
"38,8 : 0.3002"
"8,39 : 0.8868"
"39,8 : 0.8868"
"8,40 : 0.2002"
"40,8 : 0.2002"
"8,41 : 0.8711"
"41,8 : 0.8711"
"8,42 : 0.3536"
"42,8 : 0.3536"
"8,43 : 0.9079"
"43,8 : 0.9079"
"8,44 : 0.9127"
"44,8 : 0.9127"
"8,45 : 0.5101"
"45,8 : 0.5101"
"8,46 : 0.5501"
"46,8 : 0.5501"
"8,47 : 0.8276"
"47,8 : 0.8276"
"8,48 : 0.5948"
"48,8 : 0.5948"
"8,49 : 0.4884"
"49,8 : 0.4884"
"9,10 : 0.7824"
"10,9 : 0.7824"
"9,11 : 0.3905"
"11,9 : 0.3905"
"9,12 : 0.7228"
"12,9 : 0.7228"
"9,13 : 1.1526"
"13,9 : 1.1526"
"9,14 : 0.3059"
"14,9 : 0.3059"
"9,15 : 0.8326"
"15,9 : 0.8326"
"9,16 : 0.8969"
"16,9 : 0.8969"
"9,17 : 0.8297"
"17,9 : 0.8297"
"9,18 : 0.1345"
"18,9 : 0.1345"
"9,19 : 1.0222"
"19,9 : 1.0222"
"9,20 : 0.9602"
"20,9 : 0.9602"
"9,21 : 0.4653"
"21,9 : 0.4653"
"9,22 : 0.7559"
"22,9 : 0.7559"
"9,23 : 1.0948"
"23,9 : 1.0948"
"9,24 : 0.6657"
"24,9 : 0.6657"
"9,25 : 0.8773"
"25,9 : 0.8773"
"9,26 : 0.322"
"26,9 : 0.322"
"9,27 : 0.1082"
"27,9 : 0.1082"
"9,28 : 0.5523"
"28,9 : 0.5523"
"9,29 : 0.9841"
"29,9 : 0.9841"
"9,30 : 0.7908"
"30,9 : 0.7908"
"9,31 : 1.0108"
"31,9 : 1.0108"
"9,32 : 0.2474"
"32,9 : 0.2474"
"9,33 : 0.8081"
"33,9 : 0.8081"
"9,34 : 0.69"
"34,9 : 0.69"
"9,35 : 0.8353"
"35,9 : 0.8353"
"9,36 : 0.0283"
"36,9 : 0.0283"
"9,37 : 0.6454"
"37,9 : 0.6454"
"9,38 : 0.8854"
"38,9 : 0.8854"
"9,39 : 1.0707"
"39,9 : 1.0707"
"9,40 : 0.4909"
"40,9 : 0.4909"
"9,41 : 0.6013"
"41,9 : 0.6013"
"9,42 : 0.6159"
"42,9 : 0.6159"
"9,43 : 0.876"
"43,9 : 0.876"
"9,44 : 1.1177"
"44,9 : 1.1177"
"9,45 : 0.8621"
"45,9 : 0.8621"
"9,46 : 0.9027"
"46,9 : 0.9027"
"9,47 : 0.6315"
"47,9 : 0.6315"
"9,48 : 0.7864"
"48,9 : 0.7864"
"9,49 : 0.781"
"49,9 : 0.781"
"10,11 : 0.5984"
"11,10 : 0.5984"
"10,12 : 0.3228"
"12,10 : 0.3228"
"10,13 : 0.4245"
"13,10 : 0.4245"
"10,14 : 0.6313"
"14,10 : 0.6313"
"10,15 : 0.2121"
"15,10 : 0.2121"
"10,16 : 0.2663"
"16,10 : 0.2663"
"10,17 : 0.4982"
"17,10 : 0.4982"
"10,18 : 0.6482"
"18,10 : 0.6482"
"10,19 : 0.2717"
"19,10 : 0.2717"
"10,20 : 0.586"
"20,10 : 0.586"
"10,21 : 0.5408"
"21,10 : 0.5408"
"10,22 : 0.1523"
"22,10 : 0.1523"
"10,23 : 0.3688"
"23,10 : 0.3688"
"10,24 : 0.1393"
"24,10 : 0.1393"
"10,25 : 0.114"
"25,10 : 0.114"
"10,26 : 0.4789"
"26,10 : 0.4789"
"10,27 : 0.6801"
"27,10 : 0.6801"
"10,28 : 0.5632"
"28,10 : 0.5632"
"10,29 : 0.2081"
"29,10 : 0.2081"
"10,30 : 0.0922"
"30,10 : 0.0922"
"10,31 : 0.3041"
"31,10 : 0.3041"
"10,32 : 0.6629"
"32,10 : 0.6629"
"10,33 : 0.04"
"33,10 : 0.04"
"10,34 : 0.642"
"34,10 : 0.642"
"10,35 : 0.278"
"35,10 : 0.278"
"10,36 : 0.7799"
"36,10 : 0.7799"
"10,37 : 0.1389"
"37,10 : 0.1389"
"10,38 : 0.481"
"38,10 : 0.481"
"10,39 : 0.3036"
"39,10 : 0.3036"
"10,40 : 0.58"
"40,10 : 0.58"
"10,41 : 0.4501"
"41,10 : 0.4501"
"10,42 : 0.2816"
"42,10 : 0.2816"
"10,43 : 0.3041"
"43,10 : 0.3041"
"10,44 : 0.3454"
"44,10 : 0.3454"
"10,45 : 0.2062"
"45,10 : 0.2062"
"10,46 : 0.2138"
"46,10 : 0.2138"
"10,47 : 0.3701"
"47,10 : 0.3701"
"10,48 : 0.0361"
"48,10 : 0.0361"
"10,49 : 0.1556"
"49,10 : 0.1556"
"11,12 : 0.7117"
"12,11 : 0.7117"
"11,13 : 0.8661"
"13,11 : 0.8661"
"11,14 : 0.53"
"14,11 : 0.53"
"11,15 : 0.7417"
"15,11 : 0.7417"
"11,16 : 0.8115"
"16,11 : 0.8115"
"11,17 : 0.4562"
"17,11 : 0.4562"
"11,18 : 0.3105"
"18,11 : 0.3105"
"11,19 : 0.8698"
"19,11 : 0.8698"
"11,20 : 1.0102"
"20,11 : 1.0102"
"11,21 : 0.086"
"21,11 : 0.086"
"11,22 : 0.6512"
"22,11 : 0.6512"
"11,23 : 0.8127"
"23,11 : 0.8127"
"11,24 : 0.5408"
"24,11 : 0.5408"
"11,25 : 0.6546"
"25,11 : 0.6546"
"11,26 : 0.214"
"26,11 : 0.214"
"11,27 : 0.3027"
"27,11 : 0.3027"
"11,28 : 0.1628"
"28,11 : 0.1628"
"11,29 : 0.7596"
"29,11 : 0.7596"
"11,30 : 0.6507"
"30,11 : 0.6507"
"11,31 : 0.8914"
"31,11 : 0.8914"
"11,32 : 0.5009"
"32,11 : 0.5009"
"11,33 : 0.6064"
"33,11 : 0.6064"
"11,34 : 0.3007"
"34,11 : 0.3007"
"11,35 : 0.528"
"35,11 : 0.528"
"11,36 : 0.41"
"36,11 : 0.41"
"11,37 : 0.471"
"37,11 : 0.471"
"11,38 : 0.5197"
"38,11 : 0.5197"
"11,39 : 0.9003"
"39,11 : 0.9003"
"11,40 : 0.1005"
"40,11 : 0.1005"
"11,41 : 0.6774"
"41,11 : 0.6774"
"11,42 : 0.3362"
"42,11 : 0.3362"
"11,43 : 0.8174"
"43,11 : 0.8174"
"11,44 : 0.9386"
"44,11 : 0.9386"
"11,45 : 0.5867"
"45,11 : 0.5867"
"11,46 : 0.6313"
"46,11 : 0.6313"
"11,47 : 0.658"
"47,11 : 0.658"
"11,48 : 0.5846"
"48,11 : 0.5846"
"11,49 : 0.5239"
"49,11 : 0.5239"
"12,13 : 0.7203"
"13,12 : 0.7203"
"12,14 : 0.4665"
"14,12 : 0.4665"
"12,15 : 0.1709"
"15,12 : 0.1709"
"12,16 : 0.2062"
"16,12 : 0.2062"
"12,17 : 0.7841"
"17,12 : 0.7841"
"12,18 : 0.6067"
"18,12 : 0.6067"
"12,19 : 0.3847"
"19,12 : 0.3847"
"12,20 : 0.3053"
"20,12 : 0.3053"
"12,21 : 0.6894"
"21,12 : 0.6894"
"12,22 : 0.1726"
"22,12 : 0.1726"
"12,23 : 0.6701"
"23,12 : 0.6701"
"12,24 : 0.228"
"24,12 : 0.228"
"12,25 : 0.4243"
"25,12 : 0.4243"
"12,26 : 0.5162"
"26,12 : 0.5162"
"12,27 : 0.6463"
"27,12 : 0.6463"
"12,28 : 0.7479"
"28,12 : 0.7479"
"12,29 : 0.4809"
"29,12 : 0.4809"
"12,30 : 0.2419"
"30,12 : 0.2419"
"12,31 : 0.3342"
"31,12 : 0.3342"
"12,32 : 0.5188"
"32,12 : 0.5188"
"12,33 : 0.3614"
"33,12 : 0.3614"
"12,34 : 0.8661"
"34,12 : 0.8661"
"12,35 : 0.5903"
"35,12 : 0.5903"
"12,36 : 0.7088"
"36,12 : 0.7088"
"12,37 : 0.3189"
"37,12 : 0.3189"
"12,38 : 0.7823"
"38,12 : 0.7823"
"12,39 : 0.4472"
"39,12 : 0.4472"
"12,40 : 0.7382"
"40,12 : 0.7382"
"12,41 : 0.172"
"41,12 : 0.172"
"12,42 : 0.5025"
"42,12 : 0.5025"
"12,43 : 0.164"
"43,12 : 0.164"
"12,44 : 0.4965"
"44,12 : 0.4965"
"12,45 : 0.5281"
"45,12 : 0.5281"
"12,46 : 0.536"
"46,12 : 0.536"
"12,47 : 0.1"
"47,12 : 0.1"
"12,48 : 0.3574"
"48,12 : 0.3574"
"12,49 : 0.4652"
"49,12 : 0.4652"
"13,14 : 1.0479"
"14,13 : 1.0479"
"13,15 : 0.5614"
"15,13 : 0.5614"
"13,16 : 0.5707"
"16,13 : 0.5707"
"13,17 : 0.5099"
"17,13 : 0.5099"
"13,18 : 1.02"
"18,13 : 1.02"
"13,19 : 0.4123"
"19,13 : 0.4123"
"13,20 : 0.9121"
"20,13 : 0.9121"
"13,21 : 0.7849"
"21,13 : 0.7849"
"13,22 : 0.5523"
"22,13 : 0.5523"
"13,23 : 0.0583"
"23,13 : 0.0583"
"13,24 : 0.5632"
"24,13 : 0.5632"
"13,25 : 0.3105"
"25,13 : 0.3105"
"13,26 : 0.831"
"26,13 : 0.831"
"13,27 : 1.0448"
"27,13 : 1.0448"
"13,28 : 0.7559"
"28,13 : 0.7559"
"13,29 : 0.2402"
"29,13 : 0.2402"
"13,30 : 0.4826"
"30,13 : 0.4826"
"13,31 : 0.4977"
"31,13 : 0.4977"
"13,32 : 1.0733"
"32,13 : 1.0733"
"13,33 : 0.386"
"33,13 : 0.386"
"13,34 : 0.75"
"34,13 : 0.75"
"13,35 : 0.3384"
"35,13 : 0.3384"
"13,36 : 1.156"
"36,13 : 1.156"
"13,37 : 0.5323"
"37,13 : 0.5323"
"13,38 : 0.4441"
"38,13 : 0.4441"
"13,39 : 0.3672"
"39,13 : 0.3672"
"13,40 : 0.8026"
"40,13 : 0.8026"
"13,41 : 0.8683"
"41,13 : 0.8683"
"13,42 : 0.5445"
"42,13 : 0.5445"
"13,43 : 0.6297"
"43,13 : 0.6297"
"13,44 : 0.35"
"44,13 : 0.35"
"13,45 : 0.2907"
"45,13 : 0.2907"
"13,46 : 0.25"
"46,13 : 0.25"
"13,47 : 0.7864"
"47,13 : 0.7864"
"13,48 : 0.4016"
"48,13 : 0.4016"
"13,49 : 0.372"
"49,13 : 0.372"
"14,15 : 0.6096"
"15,14 : 0.6096"
"14,16 : 0.664"
"16,14 : 0.664"
"14,17 : 0.8637"
"17,14 : 0.8637"
"14,18 : 0.25"
"18,14 : 0.25"
"14,19 : 0.8202"
"19,14 : 0.8202"
"14,20 : 0.6648"
"20,14 : 0.6648"
"14,21 : 0.5686"
"21,14 : 0.5686"
"14,22 : 0.5523"
"22,14 : 0.5523"
"14,23 : 0.9901"
"23,14 : 0.9901"
"14,24 : 0.494"
"24,14 : 0.494"
"14,25 : 0.7424"
"25,14 : 0.7424"
"14,26 : 0.3384"
"26,14 : 0.3384"
"14,27 : 0.283"
"27,14 : 0.283"
"14,28 : 0.6592"
"28,14 : 0.6592"
"14,29 : 0.8386"
"29,14 : 0.8386"
"14,30 : 0.6061"
"30,14 : 0.6061"
"14,31 : 0.7887"
"31,14 : 0.7887"
"14,32 : 0.06"
"32,14 : 0.06"
"14,33 : 0.6665"
"33,14 : 0.6665"
"14,34 : 0.8078"
"34,14 : 0.8078"
"14,35 : 0.7826"
"35,14 : 0.7826"
"14,36 : 0.2828"
"36,14 : 0.2828"
"14,37 : 0.5162"
"37,14 : 0.5162"
"14,38 : 0.9002"
"38,14 : 0.9002"
"14,39 : 0.8773"
"39,14 : 0.8773"
"14,40 : 0.6127"
"40,14 : 0.6127"
"14,41 : 0.3162"
"41,14 : 0.3162"
"14,42 : 0.5808"
"42,14 : 0.5808"
"14,43 : 0.6297"
"43,14 : 0.6297"
"14,44 : 0.927"
"44,14 : 0.927"
"14,45 : 0.7749"
"45,14 : 0.7749"
"14,46 : 0.8065"
"46,14 : 0.8065"
"14,47 : 0.3672"
"47,14 : 0.3672"
"14,48 : 0.6485"
"48,14 : 0.6485"
"14,49 : 0.6896"
"49,14 : 0.6896"
"15,16 : 0.07"
"16,15 : 0.07"
"15,17 : 0.7094"
"17,15 : 0.7094"
"15,18 : 0.7058"
"18,15 : 0.7058"
"15,19 : 0.2163"
"19,15 : 0.2163"
"15,20 : 0.3774"
"20,15 : 0.3774"
"15,21 : 0.7004"
"21,15 : 0.7004"
"15,22 : 0.0906"
"22,15 : 0.0906"
"15,23 : 0.5148"
"23,15 : 0.5148"
"15,24 : 0.201"
"24,15 : 0.201"
"15,25 : 0.2864"
"25,15 : 0.2864"
"15,26 : 0.5756"
"26,15 : 0.5756"
"15,27 : 0.7433"
"27,15 : 0.7433"
"15,28 : 0.7404"
"28,15 : 0.7404"
"15,29 : 0.3214"
"29,15 : 0.3214"
"15,30 : 0.1204"
"30,15 : 0.1204"
"15,31 : 0.1803"
"31,15 : 0.1803"
"15,32 : 0.656"
"32,15 : 0.656"
"15,33 : 0.2421"
"33,15 : 0.2421"
"15,34 : 0.8367"
"34,15 : 0.8367"
"15,35 : 0.4892"
"35,15 : 0.4892"
"15,36 : 0.8229"
"36,15 : 0.8229"
"15,37 : 0.2816"
"37,15 : 0.2816"
"15,38 : 0.6931"
"38,15 : 0.6931"
"15,39 : 0.2778"
"39,15 : 0.2778"
"15,40 : 0.7453"
"40,15 : 0.7453"
"15,41 : 0.34"
"41,15 : 0.34"
"15,42 : 0.4662"
"42,15 : 0.4662"
"15,43 : 0.0922"
"43,15 : 0.0922"
"15,44 : 0.3276"
"44,15 : 0.3276"
"15,45 : 0.4105"
"45,15 : 0.4105"
"15,46 : 0.4071"
"46,15 : 0.4071"
"15,47 : 0.2608"
"47,15 : 0.2608"
"15,48 : 0.2476"
"48,15 : 0.2476"
"15,49 : 0.3677"
"49,15 : 0.3677"
"16,17 : 0.764"
"17,16 : 0.764"
"16,18 : 0.7716"
"18,16 : 0.7716"
"16,19 : 0.1868"
"19,16 : 0.1868"
"16,20 : 0.3454"
"20,16 : 0.3454"
"16,21 : 0.7694"
"21,16 : 0.7694"
"16,22 : 0.1603"
"22,16 : 0.1603"
"16,23 : 0.5289"
"23,16 : 0.5289"
"16,24 : 0.2707"
"24,16 : 0.2707"
"16,25 : 0.322"
"25,16 : 0.322"
"16,26 : 0.645"
"26,16 : 0.645"
"16,27 : 0.8096"
"27,16 : 0.8096"
"16,28 : 0.8078"
"28,16 : 0.8078"
"16,29 : 0.3353"
"29,16 : 0.3353"
"16,30 : 0.1789"
"30,16 : 0.1789"
"16,31 : 0.1281"
"31,16 : 0.1281"
"16,32 : 0.7128"
"32,16 : 0.7128"
"16,33 : 0.2907"
"33,16 : 0.2907"
"16,34 : 0.9008"
"34,16 : 0.9008"
"16,35 : 0.5376"
"35,16 : 0.5376"
"16,36 : 0.8864"
"36,16 : 0.8864"
"16,37 : 0.3493"
"37,16 : 0.3493"
"16,38 : 0.7433"
"38,16 : 0.7433"
"16,39 : 0.25"
"39,16 : 0.25"
"16,40 : 0.8139"
"40,16 : 0.8139"
"16,41 : 0.378"
"41,16 : 0.378"
"16,42 : 0.5314"
"42,16 : 0.5314"
"16,43 : 0.06"
"43,16 : 0.06"
"16,44 : 0.2973"
"44,16 : 0.2973"
"16,45 : 0.4534"
"45,16 : 0.4534"
"16,46 : 0.4441"
"46,16 : 0.4441"
"16,47 : 0.3041"
"47,16 : 0.3041"
"16,48 : 0.3"
"48,16 : 0.3"
"16,49 : 0.4201"
"49,16 : 0.4201"
"17,18 : 0.7201"
"18,17 : 0.7201"
"17,19 : 0.7169"
"19,17 : 0.7169"
"17,20 : 1.0752"
"20,17 : 1.0752"
"17,21 : 0.3716"
"21,17 : 0.3716"
"17,22 : 0.6364"
"22,17 : 0.6364"
"17,23 : 0.4727"
"23,17 : 0.4727"
"17,24 : 0.5561"
"24,17 : 0.5561"
"17,25 : 0.4652"
"25,17 : 0.4652"
"17,26 : 0.5408"
"26,17 : 0.5408"
"17,27 : 0.7278"
"27,17 : 0.7278"
"17,28 : 0.3023"
"28,17 : 0.3023"
"17,29 : 0.5289"
"29,17 : 0.5289"
"17,30 : 0.589"
"30,17 : 0.589"
"17,31 : 0.7783"
"31,17 : 0.7783"
"17,32 : 0.8602"
"32,17 : 0.8602"
"17,33 : 0.4743"
"33,17 : 0.4743"
"17,34 : 0.246"
"34,17 : 0.246"
"17,35 : 0.2377"
"35,17 : 0.2377"
"17,36 : 0.844"
"36,17 : 0.844"
"17,37 : 0.4662"
"37,17 : 0.4662"
"17,38 : 0.0721"
"38,17 : 0.0721"
"17,39 : 0.7147"
"39,17 : 0.7147"
"17,40 : 0.3636"
"40,17 : 0.3636"
"17,41 : 0.8497"
"41,17 : 0.8497"
"17,42 : 0.3008"
"42,17 : 0.3008"
"17,43 : 0.8016"
"43,17 : 0.8016"
"17,44 : 0.7325"
"44,17 : 0.7325"
"17,45 : 0.3324"
"45,17 : 0.3324"
"17,46 : 0.364"
"46,17 : 0.364"
"17,47 : 0.7889"
"47,17 : 0.7889"
"17,48 : 0.464"
"48,17 : 0.464"
"17,49 : 0.3441"
"49,17 : 0.3441"
"18,19 : 0.8907"
"19,18 : 0.8907"
"18,20 : 0.8628"
"20,18 : 0.8628"
"18,21 : 0.3712"
"21,18 : 0.3712"
"18,22 : 0.6265"
"22,18 : 0.6265"
"18,23 : 0.9621"
"23,18 : 0.9621"
"18,24 : 0.5334"
"24,18 : 0.5334"
"18,25 : 0.7428"
"25,18 : 0.7428"
"18,26 : 0.1924"
"26,18 : 0.1924"
"18,27 : 0.04"
"27,18 : 0.04"
"18,28 : 0.4627"
"28,18 : 0.4627"
"18,29 : 0.8496"
"29,18 : 0.8496"
"18,30 : 0.6586"
"30,18 : 0.6586"
"18,31 : 0.8824"
"31,18 : 0.8824"
"18,32 : 0.2052"
"32,18 : 0.2052"
"18,33 : 0.6736"
"33,18 : 0.6736"
"18,34 : 0.6083"
"34,18 : 0.6083"
"18,35 : 0.7071"
"35,18 : 0.7071"
"18,36 : 0.136"
"36,18 : 0.136"
"18,37 : 0.5109"
"37,18 : 0.5109"
"18,38 : 0.7713"
"38,18 : 0.7713"
"18,39 : 0.9381"
"39,18 : 0.9381"
"18,40 : 0.4061"
"40,18 : 0.4061"
"18,41 : 0.5025"
"41,18 : 0.5025"
"18,42 : 0.4876"
"42,18 : 0.4876"
"18,43 : 0.7543"
"43,18 : 0.7543"
"18,44 : 0.9848"
"44,18 : 0.9848"
"18,45 : 0.7301"
"45,18 : 0.7301"
"18,46 : 0.7701"
"46,18 : 0.7701"
"18,47 : 0.5209"
"47,18 : 0.5209"
"18,48 : 0.6519"
"48,18 : 0.6519"
"18,49 : 0.6482"
"49,18 : 0.6482"
"19,20 : 0.5064"
"20,19 : 0.5064"
"19,21 : 0.8122"
"21,19 : 0.8122"
"19,22 : 0.2702"
"22,19 : 0.2702"
"19,23 : 0.3808"
"23,19 : 0.3808"
"19,24 : 0.3578"
"24,19 : 0.3578"
"19,25 : 0.253"
"25,19 : 0.253"
"19,26 : 0.7374"
"26,19 : 0.7374"
"19,27 : 0.9259"
"27,19 : 0.9259"
"19,28 : 0.8305"
"28,19 : 0.8305"
"19,29 : 0.2052"
"29,19 : 0.2052"
"19,30 : 0.2326"
"30,19 : 0.2326"
"19,31 : 0.0854"
"31,19 : 0.0854"
"19,32 : 0.8637"
"32,19 : 0.8637"
"19,33 : 0.2702"
"33,19 : 0.2702"
"19,34 : 0.8963"
"34,19 : 0.8963"
"19,35 : 0.4793"
"35,19 : 0.4793"
"19,36 : 1.0155"
"36,19 : 1.0155"
"19,37 : 0.4026"
"37,19 : 0.4026"
"19,38 : 0.68"
"38,19 : 0.68"
"19,39 : 0.0632"
"39,19 : 0.0632"
"19,40 : 0.8505"
"40,19 : 0.8505"
"19,41 : 0.5557"
"41,19 : 0.5557"
"19,42 : 0.55"
"42,19 : 0.55"
"19,43 : 0.2452"
"43,19 : 0.2452"
"19,44 : 0.1118"
"44,19 : 0.1118"
"19,45 : 0.3848"
"45,19 : 0.3848"
"19,46 : 0.3585"
"46,19 : 0.3585"
"19,47 : 0.4771"
"47,19 : 0.4771"
"19,48 : 0.29"
"48,19 : 0.29"
"19,49 : 0.3883"
"49,19 : 0.3883"
"20,21 : 0.9928"
"21,20 : 0.9928"
"20,22 : 0.4393"
"22,20 : 0.4393"
"20,23 : 0.8728"
"23,20 : 0.8728"
"20,24 : 0.525"
"24,20 : 0.525"
"20,25 : 0.6624"
"25,20 : 0.6624"
"20,26 : 0.8065"
"26,20 : 0.8065"
"20,27 : 0.9027"
"27,20 : 0.9027"
"20,28 : 1.0531"
"28,20 : 1.0531"
"20,29 : 0.6801"
"29,20 : 0.6801"
"20,30 : 0.4941"
"30,20 : 0.4941"
"20,31 : 0.423"
"31,20 : 0.423"
"20,32 : 0.7244"
"32,20 : 0.7244"
"20,33 : 0.6185"
"33,20 : 0.6185"
"20,34 : 1.1707"
"34,20 : 1.1707"
"20,35 : 0.864"
"35,20 : 0.864"
"20,36 : 0.9409"
"36,20 : 0.9409"
"20,37 : 0.6172"
"37,20 : 0.6172"
"20,38 : 1.0653"
"38,20 : 1.0653"
"20,39 : 0.5632"
"39,20 : 0.5632"
"20,40 : 1.042"
"40,20 : 1.042"
"20,41 : 0.3606"
"41,20 : 0.3606"
"20,42 : 0.8043"
"42,20 : 0.8043"
"20,43 : 0.2907"
"43,20 : 0.2907"
"20,44 : 0.6007"
"44,20 : 0.6007"
"20,45 : 0.7877"
"45,20 : 0.7877"
"20,46 : 0.7839"
"46,20 : 0.7839"
"20,47 : 0.3544"
"47,20 : 0.3544"
"20,48 : 0.622"
"48,20 : 0.622"
"20,49 : 0.7403"
"49,20 : 0.7403"
"21,22 : 0.61"
"22,21 : 0.61"
"21,23 : 0.7325"
"23,21 : 0.7325"
"21,24 : 0.5001"
"24,21 : 0.5001"
"21,25 : 0.5869"
"25,21 : 0.5869"
"21,26 : 0.2332"
"26,21 : 0.2332"
"21,27 : 0.3701"
"27,21 : 0.3701"
"21,28 : 0.0922"
"28,21 : 0.0922"
"21,29 : 0.6896"
"29,21 : 0.6896"
"21,30 : 0.6013"
"30,21 : 0.6013"
"21,31 : 0.8402"
"31,21 : 0.8402"
"21,32 : 0.5471"
"32,21 : 0.5471"
"21,33 : 0.5445"
"33,21 : 0.5445"
"21,34 : 0.2404"
"34,21 : 0.2404"
"21,35 : 0.4465"
"35,21 : 0.4465"
"21,36 : 0.4826"
"36,21 : 0.4826"
"21,37 : 0.4219"
"37,21 : 0.4219"
"21,38 : 0.4342"
"38,21 : 0.4342"
"21,39 : 0.8386"
"39,21 : 0.8386"
"21,40 : 0.05"
"40,21 : 0.05"
"21,41 : 0.6762"
"41,21 : 0.6762"
"21,42 : 0.2668"
"42,21 : 0.2668"
"21,43 : 0.781"
"43,21 : 0.781"
"21,44 : 0.8748"
"44,21 : 0.8748"
"21,45 : 0.5099"
"45,21 : 0.5099"
"21,46 : 0.5546"
"46,21 : 0.5546"
"21,47 : 0.6466"
"47,21 : 0.6466"
"21,48 : 0.5235"
"48,21 : 0.5235"
"21,49 : 0.4522"
"49,21 : 0.4522"
"22,23 : 0.5004"
"23,22 : 0.5004"
"22,24 : 0.1105"
"24,22 : 0.1105"
"22,25 : 0.2518"
"25,22 : 0.2518"
"22,26 : 0.4884"
"26,22 : 0.4884"
"22,27 : 0.6631"
"27,22 : 0.6631"
"22,28 : 0.6515"
"28,22 : 0.6515"
"22,29 : 0.3158"
"29,22 : 0.3158"
"22,30 : 0.07"
"30,22 : 0.07"
"22,31 : 0.2563"
"31,22 : 0.2563"
"22,32 : 0.5941"
"32,22 : 0.5941"
"22,33 : 0.1897"
"33,22 : 0.1897"
"22,34 : 0.7513"
"34,22 : 0.7513"
"22,35 : 0.4272"
"35,22 : 0.4272"
"22,36 : 0.7479"
"36,22 : 0.7479"
"22,37 : 0.1931"
"37,22 : 0.1931"
"22,38 : 0.6263"
"38,22 : 0.6263"
"22,39 : 0.3253"
"39,22 : 0.3253"
"22,40 : 0.6551"
"40,22 : 0.6551"
"22,41 : 0.3178"
"41,22 : 0.3178"
"22,42 : 0.3801"
"42,22 : 0.3801"
"22,43 : 0.1746"
"43,22 : 0.1746"
"22,44 : 0.3748"
"44,22 : 0.3748"
"22,45 : 0.3585"
"45,22 : 0.3585"
"22,46 : 0.364"
"46,22 : 0.364"
"22,47 : 0.2354"
"47,22 : 0.2354"
"22,48 : 0.1879"
"48,22 : 0.1879"
"22,49 : 0.3023"
"49,22 : 0.3023"
"23,24 : 0.507"
"24,23 : 0.507"
"23,25 : 0.255"
"25,23 : 0.255"
"23,26 : 0.7734"
"26,23 : 0.7734"
"23,27 : 0.9872"
"27,23 : 0.9872"
"23,28 : 0.7068"
"28,23 : 0.7068"
"23,29 : 0.1942"
"29,23 : 0.1942"
"23,30 : 0.4305"
"30,23 : 0.4305"
"23,31 : 0.4653"
"31,23 : 0.4653"
"23,32 : 1.0152"
"32,23 : 1.0152"
"23,33 : 0.3298"
"33,23 : 0.3298"
"23,34 : 0.7083"
"34,23 : 0.7083"
"23,35 : 0.2865"
"35,23 : 0.2865"
"23,36 : 1.0981"
"36,23 : 1.0981"
"23,37 : 0.4742"
"37,23 : 0.4742"
"23,38 : 0.4101"
"38,23 : 0.4101"
"23,39 : 0.3421"
"39,23 : 0.3421"
"23,40 : 0.7518"
"40,23 : 0.7518"
"23,41 : 0.815"
"41,23 : 0.815"
"23,42 : 0.4884"
"42,23 : 0.4884"
"23,43 : 0.5869"
"43,23 : 0.5869"
"23,44 : 0.3324"
"44,23 : 0.3324"
"23,45 : 0.2335"
"45,23 : 0.2335"
"23,46 : 0.1921"
"46,23 : 0.1921"
"23,47 : 0.7333"
"47,23 : 0.7333"
"23,48 : 0.3448"
"48,23 : 0.3448"
"23,49 : 0.314"
"49,23 : 0.314"
"24,25 : 0.253"
"25,24 : 0.253"
"24,26 : 0.3833"
"26,24 : 0.3833"
"24,27 : 0.5682"
"27,24 : 0.5682"
"24,28 : 0.5442"
"28,24 : 0.5442"
"24,29 : 0.3448"
"29,24 : 0.3448"
"24,30 : 0.1253"
"30,24 : 0.1253"
"24,31 : 0.359"
"31,24 : 0.359"
"24,32 : 0.528"
"32,24 : 0.528"
"24,33 : 0.1772"
"33,24 : 0.1772"
"24,34 : 0.65"
"34,24 : 0.65"
"24,35 : 0.37"
"35,24 : 0.37"
"24,36 : 0.6603"
"36,24 : 0.6603"
"24,37 : 0.0922"
"37,24 : 0.0922"
"24,38 : 0.5557"
"38,24 : 0.5557"
"24,39 : 0.405"
"39,24 : 0.405"
"24,40 : 0.5457"
"40,24 : 0.5457"
"24,41 : 0.3225"
"41,24 : 0.3225"
"24,42 : 0.2802"
"42,24 : 0.2802"
"24,43 : 0.2816"
"43,24 : 0.2816"
"24,44 : 0.4522"
"44,24 : 0.4522"
"24,45 : 0.3214"
"45,24 : 0.3214"
"24,46 : 0.3401"
"46,24 : 0.3401"
"24,47 : 0.2474"
"47,24 : 0.2474"
"24,48 : 0.1628"
"48,24 : 0.1628"
"24,49 : 0.2474"
"49,24 : 0.2474"
"25,26 : 0.564"
"26,25 : 0.564"
"25,27 : 0.7723"
"27,25 : 0.7723"
"25,28 : 0.5921"
"28,25 : 0.5921"
"25,29 : 0.1082"
"29,25 : 0.1082"
"25,30 : 0.1825"
"30,25 : 0.1825"
"25,31 : 0.3138"
"31,25 : 0.3138"
"25,32 : 0.7718"
"32,25 : 0.7718"
"25,33 : 0.0762"
"33,25 : 0.0762"
"25,34 : 0.6463"
"34,25 : 0.6463"
"25,35 : 0.2283"
"35,25 : 0.2283"
"25,36 : 0.8768"
"36,25 : 0.8768"
"25,37 : 0.2343"
"37,25 : 0.2343"
"25,38 : 0.4327"
"38,25 : 0.4327"
"25,39 : 0.2608"
"39,25 : 0.2608"
"25,40 : 0.6198"
"40,25 : 0.6198"
"25,41 : 0.5614"
"41,25 : 0.5614"
"25,42 : 0.3202"
"42,25 : 0.3202"
"25,43 : 0.3722"
"43,25 : 0.3722"
"25,44 : 0.2907"
"44,25 : 0.2907"
"25,45 : 0.136"
"45,25 : 0.136"
"25,46 : 0.1221"
"46,25 : 0.1221"
"25,47 : 0.4804"
"47,25 : 0.4804"
"25,48 : 0.0943"
"48,25 : 0.0943"
"25,49 : 0.14"
"49,25 : 0.14"
"26,27 : 0.214"
"27,26 : 0.214"
"26,28 : 0.322"
"28,26 : 0.322"
"26,29 : 0.672"
"29,26 : 0.672"
"26,30 : 0.506"
"30,26 : 0.506"
"26,31 : 0.7422"
"31,26 : 0.7422"
"26,32 : 0.3239"
"32,26 : 0.3239"
"26,33 : 0.4993"
"33,26 : 0.4993"
"26,34 : 0.4701"
"34,26 : 0.4701"
"26,35 : 0.5148"
"35,26 : 0.5148"
"26,36 : 0.3276"
"36,26 : 0.3276"
"26,37 : 0.34"
"37,26 : 0.34"
"26,38 : 0.5869"
"38,26 : 0.5869"
"26,39 : 0.7788"
"39,26 : 0.7788"
"26,40 : 0.2802"
"40,26 : 0.2802"
"26,41 : 0.4653"
"41,26 : 0.4653"
"26,42 : 0.2953"
"42,26 : 0.2953"
"26,43 : 0.6403"
"43,26 : 0.6403"
"26,44 : 0.8229"
"44,26 : 0.8229"
"26,45 : 0.5404"
"45,26 : 0.5404"
"26,46 : 0.5814"
"46,26 : 0.5814"
"26,47 : 0.4522"
"47,26 : 0.4522"
"26,48 : 0.4771"
"48,26 : 0.4771"
"26,49 : 0.4601"
"49,26 : 0.4601"
"27,28 : 0.4601"
"28,27 : 0.4601"
"27,29 : 0.8797"
"29,27 : 0.8797"
"27,30 : 0.6935"
"30,27 : 0.6935"
"27,31 : 0.9192"
"31,27 : 0.9192"
"27,32 : 0.2343"
"32,27 : 0.2343"
"27,33 : 0.7043"
"33,27 : 0.7043"
"27,34 : 0.603"
"34,27 : 0.603"
"27,35 : 0.7272"
"35,27 : 0.7272"
"27,36 : 0.117"
"36,27 : 0.117"
"27,37 : 0.542"
"37,27 : 0.542"
"27,38 : 0.7816"
"38,27 : 0.7816"
"27,39 : 0.9725"
"39,27 : 0.9725"
"27,40 : 0.4011"
"40,27 : 0.4011"
"27,41 : 0.5423"
"41,27 : 0.5423"
"27,42 : 0.5077"
"42,27 : 0.5077"
"27,43 : 0.7931"
"43,27 : 0.7931"
"27,44 : 1.0187"
"44,27 : 1.0187"
"27,45 : 0.7543"
"45,27 : 0.7543"
"27,46 : 0.7951"
"46,27 : 0.7951"
"27,47 : 0.5608"
"47,27 : 0.5608"
"27,48 : 0.6825"
"48,27 : 0.6825"
"27,49 : 0.6736"
"49,27 : 0.6736"
"28,29 : 0.6888"
"29,28 : 0.6888"
"28,30 : 0.6335"
"30,28 : 0.6335"
"28,31 : 0.867"
"31,28 : 0.867"
"28,32 : 0.6389"
"32,28 : 0.6389"
"28,33 : 0.5604"
"33,28 : 0.5604"
"28,34 : 0.1487"
"34,28 : 0.1487"
"28,35 : 0.4215"
"35,28 : 0.4215"
"28,36 : 0.5708"
"36,28 : 0.5708"
"28,37 : 0.4588"
"37,28 : 0.4588"
"28,38 : 0.3701"
"38,28 : 0.3701"
"28,39 : 0.8505"
"39,28 : 0.8505"
"28,40 : 0.0632"
"40,28 : 0.0632"
"28,41 : 0.7501"
"41,28 : 0.7501"
"28,42 : 0.2816"
"42,28 : 0.2816"
"28,43 : 0.8254"
"43,28 : 0.8254"
"28,44 : 0.8828"
"44,28 : 0.8828"
"28,45 : 0.4973"
"45,28 : 0.4973"
"28,46 : 0.5412"
"46,28 : 0.5412"
"28,47 : 0.714"
"47,28 : 0.714"
"28,48 : 0.5408"
"48,28 : 0.5408"
"28,49 : 0.4528"
"49,28 : 0.4528"
"29,30 : 0.2474"
"30,29 : 0.2474"
"29,31 : 0.2843"
"31,29 : 0.2843"
"29,32 : 0.8709"
"32,29 : 0.8709"
"29,33 : 0.1769"
"33,29 : 0.1769"
"29,34 : 0.7306"
"34,29 : 0.7306"
"29,35 : 0.2943"
"35,29 : 0.2943"
"29,36 : 0.9831"
"36,29 : 0.9831"
"29,37 : 0.3394"
"37,29 : 0.3394"
"29,38 : 0.4847"
"38,29 : 0.4847"
"29,39 : 0.1879"
"39,29 : 0.1879"
"29,40 : 0.7203"
"40,29 : 0.7203"
"29,41 : 0.6335"
"41,29 : 0.6335"
"29,42 : 0.4238"
"42,29 : 0.4238"
"29,43 : 0.3929"
"43,29 : 0.3929"
"29,44 : 0.204"
"44,29 : 0.204"
"29,45 : 0.201"
"45,29 : 0.201"
"29,46 : 0.1649"
"46,29 : 0.1649"
"29,47 : 0.5511"
"47,29 : 0.5511"
"29,48 : 0.198"
"48,29 : 0.198"
"29,49 : 0.2377"
"49,29 : 0.2377"
"30,31 : 0.2408"
"31,30 : 0.2408"
"30,32 : 0.6444"
"32,30 : 0.6444"
"30,33 : 0.1253"
"33,30 : 0.1253"
"30,34 : 0.7224"
"34,30 : 0.7224"
"30,35 : 0.3701"
"35,30 : 0.3701"
"30,36 : 0.7849"
"36,30 : 0.7849"
"30,37 : 0.18"
"37,30 : 0.18"
"30,38 : 0.5731"
"38,30 : 0.5731"
"30,39 : 0.2802"
"39,30 : 0.2802"
"30,40 : 0.6438"
"40,30 : 0.6438"
"30,41 : 0.3864"
"41,30 : 0.3864"
"30,42 : 0.3544"
"42,30 : 0.3544"
"30,43 : 0.2126"
"43,30 : 0.2126"
"30,44 : 0.328"
"44,30 : 0.328"
"30,45 : 0.2953"
"45,30 : 0.2953"
"30,46 : 0.2973"
"46,30 : 0.2973"
"30,47 : 0.3041"
"47,30 : 0.3041"
"30,48 : 0.1281"
"48,30 : 0.1281"
"30,49 : 0.2476"
"49,30 : 0.2476"
"31,32 : 0.836"
"32,31 : 0.836"
"31,33 : 0.3132"
"33,31 : 0.3132"
"31,34 : 0.9437"
"34,31 : 0.9437"
"31,35 : 0.542"
"35,31 : 0.542"
"31,36 : 1.0018"
"36,31 : 1.0018"
"31,37 : 0.4205"
"37,31 : 0.4205"
"31,38 : 0.7463"
"38,31 : 0.7463"
"31,39 : 0.1404"
"39,31 : 0.1404"
"31,40 : 0.8814"
"40,31 : 0.8814"
"31,41 : 0.5061"
"41,31 : 0.5061"
"31,42 : 0.5855"
"42,31 : 0.5855"
"31,43 : 0.1789"
"43,31 : 0.1789"
"31,44 : 0.1811"
"44,31 : 0.1811"
"31,45 : 0.4494"
"45,31 : 0.4494"
"31,46 : 0.428"
"46,31 : 0.428"
"31,47 : 0.4319"
"47,31 : 0.4319"
"31,48 : 0.3298"
"48,31 : 0.3298"
"31,49 : 0.4401"
"49,31 : 0.4401"
"32,33 : 0.6964"
"33,32 : 0.6964"
"32,34 : 0.7875"
"34,32 : 0.7875"
"32,35 : 0.7956"
"35,32 : 0.7956"
"32,36 : 0.2236"
"36,32 : 0.2236"
"32,37 : 0.5412"
"37,32 : 0.5412"
"32,38 : 0.9009"
"38,32 : 0.9009"
"32,39 : 0.9193"
"39,32 : 0.9193"
"32,40 : 0.5887"
"40,32 : 0.5887"
"32,41 : 0.3736"
"41,32 : 0.3736"
"32,42 : 0.5869"
"42,32 : 0.5869"
"32,43 : 0.681"
"43,32 : 0.681"
"32,44 : 0.9688"
"44,32 : 0.9688"
"32,45 : 0.7948"
"45,32 : 0.7948"
"32,46 : 0.8286"
"46,32 : 0.8286"
"32,47 : 0.4205"
"47,32 : 0.4205"
"32,48 : 0.6774"
"48,32 : 0.6774"
"32,49 : 0.7094"
"49,32 : 0.7094"
"33,34 : 0.6306"
"34,33 : 0.6306"
"33,35 : 0.2476"
"35,33 : 0.2476"
"33,36 : 0.8066"
"36,33 : 0.8066"
"33,37 : 0.1628"
"37,33 : 0.1628"
"33,38 : 0.4528"
"38,33 : 0.4528"
"33,39 : 0.2943"
"39,33 : 0.2943"
"33,40 : 0.5814"
"40,33 : 0.5814"
"33,41 : 0.4901"
"41,33 : 0.4901"
"33,42 : 0.2802"
"42,33 : 0.2802"
"33,43 : 0.333"
"43,33 : 0.333"
"33,44 : 0.3324"
"44,33 : 0.3324"
"33,45 : 0.17"
"45,33 : 0.17"
"33,46 : 0.1746"
"46,33 : 0.1746"
"33,47 : 0.4101"
"47,33 : 0.4101"
"33,48 : 0.0224"
"48,33 : 0.0224"
"33,49 : 0.1304"
"49,33 : 0.1304"
"34,35 : 0.4405"
"35,34 : 0.4405"
"34,36 : 0.7103"
"36,34 : 0.7103"
"34,37 : 0.5595"
"37,34 : 0.5595"
"34,38 : 0.3176"
"38,34 : 0.3176"
"34,39 : 0.9067"
"39,34 : 0.9067"
"34,40 : 0.2022"
"40,34 : 0.2022"
"34,41 : 0.8846"
"41,34 : 0.8846"
"34,42 : 0.3712"
"42,34 : 0.3712"
"34,43 : 0.9257"
"43,34 : 0.9257"
"34,44 : 0.9326"
"44,34 : 0.9326"
"34,45 : 0.5301"
"45,34 : 0.5301"
"34,46 : 0.5701"
"46,34 : 0.5701"
"34,47 : 0.8422"
"47,34 : 0.8422"
"34,48 : 0.614"
"48,34 : 0.614"
"34,49 : 0.508"
"49,34 : 0.508"
"35,36 : 0.8422"
"36,35 : 0.8422"
"35,37 : 0.2943"
"37,35 : 0.2943"
"35,38 : 0.2062"
"38,35 : 0.2062"
"35,39 : 0.478"
"39,35 : 0.478"
"35,40 : 0.4653"
"40,35 : 0.4653"
"35,41 : 0.6888"
"41,35 : 0.6888"
"35,42 : 0.2195"
"42,35 : 0.2195"
"35,43 : 0.5805"
"43,35 : 0.5805"
"35,44 : 0.4982"
"44,35 : 0.4982"
"35,45 : 0.0949"
"45,35 : 0.0949"
"35,46 : 0.1304"
"46,35 : 0.1304"
"35,47 : 0.6168"
"47,35 : 0.6168"
"35,48 : 0.2421"
"48,35 : 0.2421"
"35,49 : 0.1253"
"49,35 : 0.1253"
"36,37 : 0.6438"
"37,36 : 0.6438"
"36,38 : 0.8984"
"38,36 : 0.8984"
"36,39 : 1.0651"
"39,36 : 1.0651"
"36,40 : 0.5101"
"40,36 : 0.5101"
"36,41 : 0.5831"
"41,36 : 0.5831"
"36,42 : 0.6227"
"42,36 : 0.6227"
"36,43 : 0.8638"
"43,36 : 0.8638"
"36,44 : 1.1125"
"44,36 : 1.1125"
"36,45 : 0.8661"
"45,36 : 0.8661"
"36,46 : 0.906"
"46,36 : 0.906"
"36,47 : 0.6161"
"47,36 : 0.6161"
"36,48 : 0.7852"
"48,36 : 0.7852"
"36,49 : 0.7841"
"49,36 : 0.7841"
"37,38 : 0.4696"
"38,37 : 0.4696"
"37,39 : 0.4401"
"39,37 : 0.4401"
"37,40 : 0.4653"
"40,37 : 0.4653"
"37,41 : 0.3956"
"41,37 : 0.3956"
"37,42 : 0.1887"
"42,37 : 0.1887"
"37,43 : 0.3677"
"43,37 : 0.3677"
"37,44 : 0.4833"
"44,37 : 0.4833"
"37,45 : 0.2631"
"45,37 : 0.2631"
"37,46 : 0.2912"
"46,37 : 0.2912"
"37,47 : 0.327"
"47,37 : 0.327"
"37,48 : 0.1414"
"48,37 : 0.1414"
"37,49 : 0.1803"
"49,37 : 0.1803"
"38,39 : 0.6723"
"39,38 : 0.6723"
"38,40 : 0.4301"
"40,38 : 0.4301"
"38,41 : 0.8616"
"41,38 : 0.8616"
"38,42 : 0.3239"
"42,38 : 0.3239"
"38,43 : 0.7849"
"43,38 : 0.7849"
"38,44 : 0.6862"
"44,38 : 0.6862"
"38,45 : 0.2968"
"45,38 : 0.2968"
"38,46 : 0.322"
"46,38 : 0.322"
"38,47 : 0.7962"
"47,38 : 0.7962"
"38,48 : 0.4455"
"48,38 : 0.4455"
"38,49 : 0.3256"
"49,38 : 0.3256"
"39,40 : 0.8746"
"40,39 : 0.8746"
"39,41 : 0.6177"
"41,39 : 0.6177"
"39,42 : 0.5731"
"42,39 : 0.5731"
"39,43 : 0.3081"
"43,39 : 0.3081"
"39,44 : 0.05"
"44,39 : 0.05"
"39,45 : 0.3833"
"45,39 : 0.3833"
"39,46 : 0.3511"
"46,39 : 0.3511"
"39,47 : 0.5385"
"47,39 : 0.5385"
"39,48 : 0.3158"
"48,39 : 0.3158"
"39,49 : 0.4005"
"49,39 : 0.4005"
"40,41 : 0.7262"
"41,40 : 0.7262"
"40,42 : 0.3015"
"42,40 : 0.3015"
"40,43 : 0.8271"
"43,40 : 0.8271"
"40,44 : 0.9093"
"44,40 : 0.9093"
"40,45 : 0.5349"
"45,40 : 0.5349"
"40,46 : 0.5794"
"46,40 : 0.5794"
"40,47 : 0.6964"
"47,40 : 0.6964"
"40,48 : 0.5608"
"48,40 : 0.5608"
"40,49 : 0.4827"
"49,40 : 0.4827"
"41,42 : 0.5507"
"42,41 : 0.5507"
"41,43 : 0.3324"
"43,41 : 0.3324"
"41,44 : 0.6673"
"44,41 : 0.6673"
"41,45 : 0.6438"
"45,41 : 0.6438"
"41,46 : 0.6607"
"46,41 : 0.6607"
"41,47 : 0.0825"
"47,41 : 0.0825"
"41,48 : 0.4801"
"48,41 : 0.4801"
"41,49 : 0.5689"
"49,41 : 0.5689"
"42,43 : 0.5546"
"43,42 : 0.5546"
"42,44 : 0.6083"
"44,42 : 0.6083"
"42,45 : 0.2561"
"45,42 : 0.2561"
"42,46 : 0.3"
"46,42 : 0.3"
"42,47 : 0.4941"
"47,42 : 0.4941"
"42,48 : 0.26"
"48,42 : 0.26"
"42,49 : 0.1879"
