x,y
0.94,0.8
0.47,1.0
0.94,0.47
0.97,0.44
0.68,0.55
0.81,0.78
0.96,0.26
0.94,0.86
0.35,0.29
0.41,0.6
0.76,0.77
0.85,0.47
0.57,0.78
0.91,0.15
0.53,0.52
0.58,0.81
0.63,0.81
0.14,0.67
0.05,0.35
0.99,0.15
0.39,0.61
0.99,0.99
0.94,0.75
0.43,0.74
0.24,0.33
0.85,0.94
0.17,0.15
0.89,0.23
0.84,0.95
0.24,0.58
0.26,0.4
0.27,0.44
0.53,0.34
0.02,0.8
0.42,0.19
0.67,0.7
0.18,0.99
0.55,0.58
0.74,0.01
0.02,0.82
0.38,0.01
0.74,0.93
0.88,0.26
0.53,0.48
0.2,0.8
0.56,0.29
0.25,0.78
0.25,0.94
0.91,0.7
0.49,0.04

Distanze
"0,1 : 0.5108"
"1,0 : 0.5108"
"0,2 : 0.33"
"2,0 : 0.33"
"0,3 : 0.3612"
"3,0 : 0.3612"
"0,4 : 0.3607"
"4,0 : 0.3607"
"0,5 : 0.1315"
"5,0 : 0.1315"
"0,6 : 0.5404"
"6,0 : 0.5404"
"0,7 : 0.06"
"7,0 : 0.06"
"0,8 : 0.7799"
"8,0 : 0.7799"
"0,9 : 0.5665"
"9,0 : 0.5665"
"0,10 : 0.1825"
"10,0 : 0.1825"
"0,11 : 0.3421"
"11,0 : 0.3421"
"0,12 : 0.3705"
"12,0 : 0.3705"
"0,13 : 0.6507"
"13,0 : 0.6507"
"0,14 : 0.4965"
"14,0 : 0.4965"
"0,15 : 0.3601"
"15,0 : 0.3601"
"0,16 : 0.3102"
"16,0 : 0.3102"
"0,17 : 0.8105"
"17,0 : 0.8105"
"0,18 : 0.9973"
"18,0 : 0.9973"
"0,19 : 0.6519"
"19,0 : 0.6519"
"0,20 : 0.5819"
"20,0 : 0.5819"
"0,21 : 0.1965"
"21,0 : 0.1965"
"0,22 : 0.05"
"22,0 : 0.05"
"0,23 : 0.5135"
"23,0 : 0.5135"
"0,24 : 0.8431"
"24,0 : 0.8431"
"0,25 : 0.1664"
"25,0 : 0.1664"
"0,26 : 1.0077"
"26,0 : 1.0077"
"0,27 : 0.5722"
"27,0 : 0.5722"
"0,28 : 0.1803"
"28,0 : 0.1803"
"0,29 : 0.7338"
"29,0 : 0.7338"
"0,30 : 0.7889"
"30,0 : 0.7889"
"0,31 : 0.7606"
"31,0 : 0.7606"
"0,32 : 0.6162"
"32,0 : 0.6162"
"0,33 : 0.92"
"33,0 : 0.92"
"0,34 : 0.8016"
"34,0 : 0.8016"
"0,35 : 0.2879"
"35,0 : 0.2879"
"0,36 : 0.7834"
"36,0 : 0.7834"
"0,37 : 0.4478"
"37,0 : 0.4478"
"0,38 : 0.8149"
"38,0 : 0.8149"
"0,39 : 0.9202"
"39,0 : 0.9202"
"0,40 : 0.9683"
"40,0 : 0.9683"
"0,41 : 0.2385"
"41,0 : 0.2385"
"0,42 : 0.5433"
"42,0 : 0.5433"
"0,43 : 0.5201"
"43,0 : 0.5201"
"0,44 : 0.74"
"44,0 : 0.74"
"0,45 : 0.636"
"45,0 : 0.636"
"0,46 : 0.6903"
"46,0 : 0.6903"
"0,47 : 0.7041"
"47,0 : 0.7041"
"0,48 : 0.1044"
"48,0 : 0.1044"
"0,49 : 0.8832"
"49,0 : 0.8832"
"1,2 : 0.7084"
"2,1 : 0.7084"
"1,3 : 0.7507"
"3,1 : 0.7507"
"1,4 : 0.4966"
"4,1 : 0.4966"
"1,5 : 0.405"
"5,1 : 0.405"
"1,6 : 0.8875"
"6,1 : 0.8875"
"1,7 : 0.4904"
"7,1 : 0.4904"
"1,8 : 0.7201"
"8,1 : 0.7201"
"1,9 : 0.4045"
"9,1 : 0.4045"
"1,10 : 0.3701"
"10,1 : 0.3701"
"1,11 : 0.6522"
"11,1 : 0.6522"
"1,12 : 0.2417"
"12,1 : 0.2417"
"1,13 : 0.9571"
"13,1 : 0.9571"
"1,14 : 0.4837"
"14,1 : 0.4837"
"1,15 : 0.2195"
"15,1 : 0.2195"
"1,16 : 0.2484"
"16,1 : 0.2484"
"1,17 : 0.4667"
"17,1 : 0.4667"
"1,18 : 0.7739"
"18,1 : 0.7739"
"1,19 : 0.9964"
"19,1 : 0.9964"
"1,20 : 0.3981"
"20,1 : 0.3981"
"1,21 : 0.5201"
"21,1 : 0.5201"
"1,22 : 0.5324"
"22,1 : 0.5324"
"1,23 : 0.2631"
"23,1 : 0.2631"
"1,24 : 0.7084"
"24,1 : 0.7084"
"1,25 : 0.3847"
"25,1 : 0.3847"
"1,26 : 0.9014"
"26,1 : 0.9014"
"1,27 : 0.8771"
"27,1 : 0.8771"
"1,28 : 0.3734"
"28,1 : 0.3734"
"1,29 : 0.4789"
"29,1 : 0.4789"
"1,30 : 0.6357"
"30,1 : 0.6357"
"1,31 : 0.5946"
"31,1 : 0.5946"
"1,32 : 0.6627"
"32,1 : 0.6627"
"1,33 : 0.4924"
"33,1 : 0.4924"
"1,34 : 0.8115"
"34,1 : 0.8115"
"1,35 : 0.3606"
"35,1 : 0.3606"
"1,36 : 0.2902"
"36,1 : 0.2902"
"1,37 : 0.4276"
"37,1 : 0.4276"
"1,38 : 1.0262"
"38,1 : 1.0262"
"1,39 : 0.4847"
"39,1 : 0.4847"
"1,40 : 0.9941"
"40,1 : 0.9941"
"1,41 : 0.2789"
"41,1 : 0.2789"
"1,42 : 0.846"
"42,1 : 0.846"
"1,43 : 0.5235"
"43,1 : 0.5235"
"1,44 : 0.336"
"44,1 : 0.336"
"1,45 : 0.7157"
"45,1 : 0.7157"
"1,46 : 0.3111"
"46,1 : 0.3111"
"1,47 : 0.228"
"47,1 : 0.228"
"1,48 : 0.5325"
"48,1 : 0.5325"
"1,49 : 0.9602"
"49,1 : 0.9602"
"2,3 : 0.0424"
"3,2 : 0.0424"
"2,4 : 0.272"
"4,2 : 0.272"
"2,5 : 0.3362"
"5,2 : 0.3362"
"2,6 : 0.211"
"6,2 : 0.211"
"2,7 : 0.39"
"7,2 : 0.39"
"2,8 : 0.6168"
"8,2 : 0.6168"
"2,9 : 0.5457"
"9,2 : 0.5457"
"2,10 : 0.3499"
"10,2 : 0.3499"
"2,11 : 0.09"
"11,2 : 0.09"
"2,12 : 0.4827"
"12,2 : 0.4827"
"2,13 : 0.3214"
"13,2 : 0.3214"
"2,14 : 0.413"
"14,2 : 0.413"
"2,15 : 0.4952"
"15,2 : 0.4952"
"2,16 : 0.4601"
"16,2 : 0.4601"
"2,17 : 0.8246"
"17,2 : 0.8246"
"2,18 : 0.8981"
"18,2 : 0.8981"
"2,19 : 0.3239"
"19,2 : 0.3239"
"2,20 : 0.5675"
"20,2 : 0.5675"
"2,21 : 0.5224"
"21,2 : 0.5224"
"2,22 : 0.28"
"22,2 : 0.28"
"2,23 : 0.5771"
"23,2 : 0.5771"
"2,24 : 0.7139"
"24,2 : 0.7139"
"2,25 : 0.4785"
"25,2 : 0.4785"
"2,26 : 0.8338"
"26,2 : 0.8338"
"2,27 : 0.2452"
"27,2 : 0.2452"
"2,28 : 0.4903"
"28,2 : 0.4903"
"2,29 : 0.7086"
"29,2 : 0.7086"
"2,30 : 0.6836"
"30,2 : 0.6836"
"2,31 : 0.6707"
"31,2 : 0.6707"
"2,32 : 0.4301"
"32,2 : 0.4301"
"2,33 : 0.9774"
"33,2 : 0.9774"
"2,34 : 0.5906"
"34,2 : 0.5906"
"2,35 : 0.3547"
"35,2 : 0.3547"
"2,36 : 0.9209"
"36,2 : 0.9209"
"2,37 : 0.4052"
"37,2 : 0.4052"
"2,38 : 0.5016"
"38,2 : 0.5016"
"2,39 : 0.9843"
"39,2 : 0.9843"
"2,40 : 0.7247"
"40,2 : 0.7247"
"2,41 : 0.5016"
"41,2 : 0.5016"
"2,42 : 0.2184"
"42,2 : 0.2184"
"2,43 : 0.4101"
"43,2 : 0.4101"
"2,44 : 0.8102"
"44,2 : 0.8102"
"2,45 : 0.4205"
"45,2 : 0.4205"
"2,46 : 0.7564"
"46,2 : 0.7564"
"2,47 : 0.8349"
"47,2 : 0.8349"
"2,48 : 0.2319"
"48,2 : 0.2319"
"2,49 : 0.6224"
"49,2 : 0.6224"
"3,4 : 0.3102"
"4,3 : 0.3102"
"3,5 : 0.3758"
"5,3 : 0.3758"
"3,6 : 0.1803"
"6,3 : 0.1803"
"3,7 : 0.4211"
"7,3 : 0.4211"
"3,8 : 0.6379"
"8,3 : 0.6379"
"3,9 : 0.5824"
"9,3 : 0.5824"
"3,10 : 0.3912"
"10,3 : 0.3912"
"3,11 : 0.1237"
"11,3 : 0.1237"
"3,12 : 0.525"
"12,3 : 0.525"
"3,13 : 0.2961"
"13,3 : 0.2961"
"3,14 : 0.4472"
"14,3 : 0.4472"
"3,15 : 0.5376"
"15,3 : 0.5376"
"3,16 : 0.5025"
"16,3 : 0.5025"
"3,17 : 0.8613"
"17,3 : 0.8613"
"3,18 : 0.9244"
"18,3 : 0.9244"
"3,19 : 0.2907"
"19,3 : 0.2907"
"3,20 : 0.6044"
"20,3 : 0.6044"
"3,21 : 0.5504"
"21,3 : 0.5504"
"3,22 : 0.3114"
"22,3 : 0.3114"
"3,23 : 0.6177"
"23,3 : 0.6177"
"3,24 : 0.7382"
"24,3 : 0.7382"
"3,25 : 0.5142"
"25,3 : 0.5142"
"3,26 : 0.8509"
"26,3 : 0.8509"
"3,27 : 0.2247"
"27,3 : 0.2247"
"3,28 : 0.5263"
"28,3 : 0.5263"
"3,29 : 0.7433"
"29,3 : 0.7433"
"3,30 : 0.7111"
"30,3 : 0.7111"
"3,31 : 0.7"
"31,3 : 0.7"
"3,32 : 0.4512"
"32,3 : 0.4512"
"3,33 : 1.0159"
"33,3 : 1.0159"
"3,34 : 0.6042"
"34,3 : 0.6042"
"3,35 : 0.397"
"35,3 : 0.397"
"3,36 : 0.9626"
"36,3 : 0.9626"
"3,37 : 0.4427"
"37,3 : 0.4427"
"3,38 : 0.4876"
"38,3 : 0.4876"
"3,39 : 1.0232"
"39,3 : 1.0232"
"3,40 : 0.7301"
"40,3 : 0.7301"
"3,41 : 0.5413"
"41,3 : 0.5413"
"3,42 : 0.2012"
"42,3 : 0.2012"
"3,43 : 0.4418"
"43,3 : 0.4418"
"3,44 : 0.85"
"44,3 : 0.85"
"3,45 : 0.4366"
"45,3 : 0.4366"
"3,46 : 0.7962"
"46,3 : 0.7962"
"3,47 : 0.8766"
"47,3 : 0.8766"
"3,48 : 0.2668"
"48,3 : 0.2668"
"3,49 : 0.6248"
"49,3 : 0.6248"
"4,5 : 0.2642"
"5,4 : 0.2642"
"4,6 : 0.4031"
"6,4 : 0.4031"
"4,7 : 0.4046"
"7,4 : 0.4046"
"4,8 : 0.4201"
"8,4 : 0.4201"
"4,9 : 0.2746"
"9,4 : 0.2746"
"4,10 : 0.2341"
"10,4 : 0.2341"
"4,11 : 0.1879"
"11,4 : 0.1879"
"4,12 : 0.255"
"12,4 : 0.255"
"4,13 : 0.4614"
"13,4 : 0.4614"
"4,14 : 0.153"
"14,4 : 0.153"
"4,15 : 0.2786"
"15,4 : 0.2786"
"4,16 : 0.2648"
"16,4 : 0.2648"
"4,17 : 0.5532"
"17,4 : 0.5532"
"4,18 : 0.661"
"18,4 : 0.661"
"4,19 : 0.5061"
"19,4 : 0.5061"
"4,20 : 0.2961"
"20,4 : 0.2961"
"4,21 : 0.5382"
"21,4 : 0.5382"
"4,22 : 0.328"
"22,4 : 0.328"
"4,23 : 0.314"
"23,4 : 0.314"
"4,24 : 0.4919"
"24,4 : 0.4919"
"4,25 : 0.4254"
"25,4 : 0.4254"
"4,26 : 0.6482"
"26,4 : 0.6482"
"4,27 : 0.3828"
"27,4 : 0.3828"
"4,28 : 0.4308"
"28,4 : 0.4308"
"4,29 : 0.441"
"29,4 : 0.441"
"4,30 : 0.446"
"30,4 : 0.446"
"4,31 : 0.4245"
"31,4 : 0.4245"
"4,32 : 0.2581"
"32,4 : 0.2581"
"4,33 : 0.7058"
"33,4 : 0.7058"
"4,34 : 0.4441"
"34,4 : 0.4441"
"4,35 : 0.1503"
"35,4 : 0.1503"
"4,36 : 0.666"
"36,4 : 0.666"
"4,37 : 0.1334"
"37,4 : 0.1334"
"4,38 : 0.5433"
"38,4 : 0.5433"
"4,39 : 0.7131"
"39,4 : 0.7131"
"4,40 : 0.6177"
"40,4 : 0.6177"
"4,41 : 0.3847"
"41,4 : 0.3847"
"4,42 : 0.3523"
"42,4 : 0.3523"
"4,43 : 0.1655"
"43,4 : 0.1655"
"4,44 : 0.5412"
"44,4 : 0.5412"
"4,45 : 0.2864"
"45,4 : 0.2864"
"4,46 : 0.4876"
"46,4 : 0.4876"
"4,47 : 0.5805"
"47,4 : 0.5805"
"4,48 : 0.2746"
"48,4 : 0.2746"
"4,49 : 0.5442"
"49,4 : 0.5442"
"5,6 : 0.5412"
"6,5 : 0.5412"
"5,7 : 0.1526"
"7,5 : 0.1526"
"5,8 : 0.6721"
"8,5 : 0.6721"
"5,9 : 0.4386"
"9,5 : 0.4386"
"5,10 : 0.051"
"10,5 : 0.051"
"5,11 : 0.3126"
"11,5 : 0.3126"
"5,12 : 0.24"
"12,5 : 0.24"
"5,13 : 0.6379"
"13,5 : 0.6379"
"5,14 : 0.3821"
"14,5 : 0.3821"
"5,15 : 0.2319"
"15,5 : 0.2319"
"5,16 : 0.1825"
"16,5 : 0.1825"
"5,17 : 0.679"
"17,5 : 0.679"
"5,18 : 0.8732"
"18,5 : 0.8732"
"5,19 : 0.6552"
"19,5 : 0.6552"
"5,20 : 0.4531"
"20,5 : 0.4531"
"5,21 : 0.2766"
"21,5 : 0.2766"
"5,22 : 0.1334"
"22,5 : 0.1334"
"5,23 : 0.3821"
"23,5 : 0.3821"
"5,24 : 0.7262"
"24,5 : 0.7262"
"5,25 : 0.1649"
"25,5 : 0.1649"
"5,26 : 0.8981"
"26,5 : 0.8981"
"5,27 : 0.5558"
"27,5 : 0.5558"
"5,28 : 0.1726"
"28,5 : 0.1726"
"5,29 : 0.6041"
"29,5 : 0.6041"
"5,30 : 0.6685"
"30,5 : 0.6685"
"5,31 : 0.6381"
"31,5 : 0.6381"
"5,32 : 0.5215"
"32,5 : 0.5215"
"5,33 : 0.7903"
"33,5 : 0.7903"
"5,34 : 0.7072"
"34,5 : 0.7072"
"5,35 : 0.1612"
"35,5 : 0.1612"
"5,36 : 0.6641"
"36,5 : 0.6641"
"5,37 : 0.328"
"37,5 : 0.328"
"5,38 : 0.7732"
"38,5 : 0.7732"
"5,39 : 0.791"
"39,5 : 0.791"
"5,40 : 0.8819"
"40,5 : 0.8819"
"5,41 : 0.1655"
"41,5 : 0.1655"
"5,42 : 0.5247"
"42,5 : 0.5247"
"5,43 : 0.4104"
"43,5 : 0.4104"
"5,44 : 0.6103"
"44,5 : 0.6103"
"5,45 : 0.5501"
"45,5 : 0.5501"
"5,46 : 0.56"
"46,5 : 0.56"
"5,47 : 0.5824"
"47,5 : 0.5824"
"5,48 : 0.1281"
"48,5 : 0.1281"
"5,49 : 0.8062"
"49,5 : 0.8062"
"6,7 : 0.6003"
"7,6 : 0.6003"
"6,8 : 0.6107"
"8,6 : 0.6107"
"6,9 : 0.6466"
"9,6 : 0.6466"
"6,10 : 0.5478"
"10,6 : 0.5478"
"6,11 : 0.2371"
"11,6 : 0.2371"
"6,12 : 0.65"
"12,6 : 0.65"
"6,13 : 0.1208"
"13,6 : 0.1208"
"6,14 : 0.5025"
"14,6 : 0.5025"
"6,15 : 0.6685"
"15,6 : 0.6685"
"6,16 : 0.6414"
"16,6 : 0.6414"
"6,17 : 0.9168"
"17,6 : 0.9168"
"6,18 : 0.9144"
"18,6 : 0.9144"
"6,19 : 0.114"
"19,6 : 0.114"
"6,20 : 0.6689"
"20,6 : 0.6689"
"6,21 : 0.7306"
"21,6 : 0.7306"
"6,22 : 0.4904"
"22,6 : 0.4904"
"6,23 : 0.7151"
"23,6 : 0.7151"
"6,24 : 0.7234"
"24,6 : 0.7234"
"6,25 : 0.6888"
"25,6 : 0.6888"
"6,26 : 0.7976"
"26,6 : 0.7976"
"6,27 : 0.0762"
"27,6 : 0.0762"
"6,28 : 0.7004"
"28,6 : 0.7004"
"6,29 : 0.7879"
"29,6 : 0.7879"
"6,30 : 0.7139"
"30,6 : 0.7139"
"6,31 : 0.7131"
"31,6 : 0.7131"
"6,32 : 0.4374"
"32,6 : 0.4374"
"6,33 : 1.0841"
"33,6 : 1.0841"
"6,34 : 0.5445"
"34,6 : 0.5445"
"6,35 : 0.527"
"35,6 : 0.527"
"6,36 : 1.0683"
"36,6 : 1.0683"
"6,37 : 0.5201"
"37,6 : 0.5201"
"6,38 : 0.333"
"38,6 : 0.333"
"6,39 : 1.0942"
"39,6 : 1.0942"
"6,40 : 0.6316"
"40,6 : 0.6316"
"6,41 : 0.7052"
"41,6 : 0.7052"
"6,42 : 0.08"
"42,6 : 0.08"
"6,43 : 0.483"
"43,6 : 0.483"
"6,44 : 0.9323"
"44,6 : 0.9323"
"6,45 : 0.4011"
"45,6 : 0.4011"
"6,46 : 0.8801"
"46,6 : 0.8801"
"6,47 : 0.9831"
"47,6 : 0.9831"
"6,48 : 0.4428"
"48,6 : 0.4428"
"6,49 : 0.5189"
"49,6 : 0.5189"
"7,8 : 0.8204"
"8,7 : 0.8204"
"7,9 : 0.5903"
"9,7 : 0.5903"
"7,10 : 0.2012"
"10,7 : 0.2012"
"7,11 : 0.4002"
"11,7 : 0.4002"
"7,12 : 0.3785"
"12,7 : 0.3785"
"7,13 : 0.7106"
"13,7 : 0.7106"
"7,14 : 0.5326"
"14,7 : 0.5326"
"7,15 : 0.3635"
"15,7 : 0.3635"
"7,16 : 0.314"
"16,7 : 0.314"
"7,17 : 0.8223"
"17,7 : 0.8223"
"7,18 : 1.0258"
"18,7 : 1.0258"
"7,19 : 0.7118"
"19,7 : 0.7118"
"7,20 : 0.6042"
"20,7 : 0.6042"
"7,21 : 0.1393"
"21,7 : 0.1393"
"7,22 : 0.11"
"22,7 : 0.11"
"7,23 : 0.5239"
"23,7 : 0.5239"
"7,24 : 0.878"
"24,7 : 0.878"
"7,25 : 0.1204"
"25,7 : 0.1204"
"7,26 : 1.0474"
"26,7 : 1.0474"
"7,27 : 0.632"
"27,7 : 0.632"
"7,28 : 0.1345"
"28,7 : 0.1345"
"7,29 : 0.7539"
"29,7 : 0.7539"
"7,30 : 0.821"
"30,7 : 0.821"
"7,31 : 0.7908"
"31,7 : 0.7908"
"7,32 : 0.6622"
"32,7 : 0.6622"
"7,33 : 0.922"
"33,7 : 0.922"
"7,34 : 0.8481"
"34,7 : 0.8481"
"7,35 : 0.3138"
"35,7 : 0.3138"
"7,36 : 0.771"
"36,7 : 0.771"
"7,37 : 0.4801"
"37,7 : 0.4801"
"7,38 : 0.8732"
"38,7 : 0.8732"
"7,39 : 0.9209"
"39,7 : 0.9209"
"7,40 : 1.0179"
"40,7 : 1.0179"
"7,41 : 0.2119"
"41,7 : 0.2119"
"7,42 : 0.603"
"42,7 : 0.603"
"7,43 : 0.559"
"43,7 : 0.559"
"7,44 : 0.7424"
"44,7 : 0.7424"
"7,45 : 0.6851"
"45,7 : 0.6851"
"7,46 : 0.6946"
"46,7 : 0.6946"
"7,47 : 0.6946"
"47,7 : 0.6946"
"7,48 : 0.1628"
"48,7 : 0.1628"
"7,49 : 0.9354"
"49,7 : 0.9354"
"8,9 : 0.3158"
"9,8 : 0.3158"
"8,10 : 0.6313"
"10,8 : 0.6313"
"8,11 : 0.5314"
"11,8 : 0.5314"
"8,12 : 0.5371"
"12,8 : 0.5371"
"8,13 : 0.5772"
"13,8 : 0.5772"
"8,14 : 0.2921"
"14,8 : 0.2921"
"8,15 : 0.5686"
"15,8 : 0.5686"
"8,16 : 0.5906"
"16,8 : 0.5906"
"8,17 : 0.4342"
"17,8 : 0.4342"
"8,18 : 0.3059"
"18,8 : 0.3059"
"8,19 : 0.6551"
"19,8 : 0.6551"
"8,20 : 0.3225"
"20,8 : 0.3225"
"8,21 : 0.9485"
"21,8 : 0.9485"
"8,22 : 0.7481"
"22,8 : 0.7481"
"8,23 : 0.4571"
"23,8 : 0.4571"
"8,24 : 0.117"
"24,8 : 0.117"
"8,25 : 0.8201"
"25,8 : 0.8201"
"8,26 : 0.228"
"26,8 : 0.228"
"8,27 : 0.5433"
"27,8 : 0.5433"
"8,28 : 0.822"
"28,8 : 0.822"
"8,29 : 0.3102"
"29,8 : 0.3102"
"8,30 : 0.1421"
"30,8 : 0.1421"
"8,31 : 0.17"
"31,8 : 0.17"
"8,32 : 0.1868"
"32,8 : 0.1868"
"8,33 : 0.6075"
"33,8 : 0.6075"
"8,34 : 0.1221"
"34,8 : 0.1221"
"8,35 : 0.5201"
"35,8 : 0.5201"
"8,36 : 0.7203"
"36,8 : 0.7203"
"8,37 : 0.3523"
"37,8 : 0.3523"
"8,38 : 0.4801"
"38,8 : 0.4801"
"8,39 : 0.6243"
"39,8 : 0.6243"
"8,40 : 0.2816"
"40,8 : 0.2816"
"8,41 : 0.7495"
"41,8 : 0.7495"
"8,42 : 0.5308"
"42,8 : 0.5308"
"8,43 : 0.2617"
"43,8 : 0.2617"
"8,44 : 0.5316"
"44,8 : 0.5316"
"8,45 : 0.21"
"45,8 : 0.21"
"8,46 : 0.5001"
"46,8 : 0.5001"
"8,47 : 0.6576"
"47,8 : 0.6576"
"8,48 : 0.694"
"48,8 : 0.694"
"8,49 : 0.2865"
"49,8 : 0.2865"
"9,10 : 0.3891"
"10,9 : 0.3891"
"9,11 : 0.4588"
"11,9 : 0.4588"
"9,12 : 0.2408"
"12,9 : 0.2408"
"9,13 : 0.6727"
"13,9 : 0.6727"
"9,14 : 0.1442"
"14,9 : 0.1442"
"9,15 : 0.2702"
"15,9 : 0.2702"
"9,16 : 0.3041"
"16,9 : 0.3041"
"9,17 : 0.2789"
"17,9 : 0.2789"
"9,18 : 0.4383"
"18,9 : 0.4383"
"9,19 : 0.7341"
"19,9 : 0.7341"
"9,20 : 0.0224"
"20,9 : 0.0224"
"9,21 : 0.6989"
"21,9 : 0.6989"
"9,22 : 0.5508"
"22,9 : 0.5508"
"9,23 : 0.1414"
"23,9 : 0.1414"
"9,24 : 0.3191"
"24,9 : 0.3191"
"9,25 : 0.5561"
"25,9 : 0.5561"
"9,26 : 0.51"
"26,9 : 0.51"
"9,27 : 0.6061"
"27,9 : 0.6061"
"9,28 : 0.5544"
"28,9 : 0.5544"
"9,29 : 0.1712"
"29,9 : 0.1712"
"9,30 : 0.25"
"30,9 : 0.25"
"9,31 : 0.2126"
"31,9 : 0.2126"
"9,32 : 0.2864"
"32,9 : 0.2864"
"9,33 : 0.4383"
"33,9 : 0.4383"
"9,34 : 0.4101"
"34,9 : 0.4101"
"9,35 : 0.2786"
"35,9 : 0.2786"
"9,36 : 0.4528"
"36,9 : 0.4528"
"9,37 : 0.1414"
"37,9 : 0.1414"
"9,38 : 0.676"
"38,9 : 0.676"
"9,39 : 0.4478"
"39,9 : 0.4478"
"9,40 : 0.5908"
"40,9 : 0.5908"
"9,41 : 0.4667"
"41,9 : 0.4667"
"9,42 : 0.5801"
"42,9 : 0.5801"
"9,43 : 0.1697"
"43,9 : 0.1697"
"9,44 : 0.29"
"44,9 : 0.29"
"9,45 : 0.3444"
"45,9 : 0.3444"
"9,46 : 0.2408"
"46,9 : 0.2408"
"9,47 : 0.3758"
"47,9 : 0.3758"
"9,48 : 0.5099"
"48,9 : 0.5099"
"9,49 : 0.5657"
"49,9 : 0.5657"
"10,11 : 0.3132"
"11,10 : 0.3132"
"10,12 : 0.1903"
"12,10 : 0.1903"
"10,13 : 0.6379"
"13,10 : 0.6379"
"10,14 : 0.3397"
"14,10 : 0.3397"
"10,15 : 0.1844"
"15,10 : 0.1844"
"10,16 : 0.136"
"16,10 : 0.136"
"10,17 : 0.628"
"17,10 : 0.628"
"10,18 : 0.8249"
"18,10 : 0.8249"
"10,19 : 0.6613"
"19,10 : 0.6613"
"10,20 : 0.4031"
"20,10 : 0.4031"
"10,21 : 0.3183"
"21,10 : 0.3183"
"10,22 : 0.1811"
"22,10 : 0.1811"
"10,23 : 0.3314"
"23,10 : 0.3314"
"10,24 : 0.6812"
"24,10 : 0.6812"
"10,25 : 0.1924"
"25,10 : 0.1924"
"10,26 : 0.8559"
"26,10 : 0.8559"
"10,27 : 0.5554"
"27,10 : 0.5554"
"10,28 : 0.197"
"28,10 : 0.197"
"10,29 : 0.5536"
"29,10 : 0.5536"
"10,30 : 0.622"
"30,10 : 0.622"
"10,31 : 0.5908"
"31,10 : 0.5908"
"10,32 : 0.4876"
"32,10 : 0.4876"
"10,33 : 0.7406"
"33,10 : 0.7406"
"10,34 : 0.6723"
"34,10 : 0.6723"
"10,35 : 0.114"
"35,10 : 0.114"
"10,36 : 0.6203"
"36,10 : 0.6203"
"10,37 : 0.2832"
"37,10 : 0.2832"
"10,38 : 0.7603"
"38,10 : 0.7603"
"10,39 : 0.7417"
"39,10 : 0.7417"
"10,40 : 0.8497"
"40,10 : 0.8497"
"10,41 : 0.1612"
"41,10 : 0.1612"
"10,42 : 0.5239"
"42,10 : 0.5239"
"10,43 : 0.3701"
"43,10 : 0.3701"
"10,44 : 0.5608"
"44,10 : 0.5608"
"10,45 : 0.52"
"45,10 : 0.52"
"10,46 : 0.5101"
"46,10 : 0.5101"
"10,47 : 0.5376"
"47,10 : 0.5376"
"10,48 : 0.1655"
"48,10 : 0.1655"
"10,49 : 0.7783"
"49,10 : 0.7783"
"11,12 : 0.4177"
"12,11 : 0.4177"
"11,13 : 0.3256"
"13,11 : 0.3256"
"11,14 : 0.3239"
"14,11 : 0.3239"
"11,15 : 0.4342"
"15,11 : 0.4342"
"11,16 : 0.405"
"16,11 : 0.405"
"11,17 : 0.7376"
"17,11 : 0.7376"
"11,18 : 0.8089"
"18,11 : 0.8089"
"11,19 : 0.3493"
"19,11 : 0.3493"
"11,20 : 0.4808"
"20,11 : 0.4808"
"11,21 : 0.5385"
"21,11 : 0.5385"
"11,22 : 0.2941"
"22,11 : 0.2941"
"11,23 : 0.4993"
"23,11 : 0.4993"
"11,24 : 0.6259"
"24,11 : 0.6259"
"11,25 : 0.47"
"25,11 : 0.47"
"11,26 : 0.7515"
"26,11 : 0.7515"
"11,27 : 0.2433"
"27,11 : 0.2433"
"11,28 : 0.4801"
"28,11 : 0.4801"
"11,29 : 0.6198"
"29,11 : 0.6198"
"11,30 : 0.5941"
"30,11 : 0.5941"
"11,31 : 0.5808"
"31,11 : 0.5808"
"11,32 : 0.3454"
"32,11 : 0.3454"
"11,33 : 0.8932"
"33,11 : 0.8932"
"11,34 : 0.5131"
"34,11 : 0.5131"
"11,35 : 0.2921"
"35,11 : 0.2921"
"11,36 : 0.8481"
"36,11 : 0.8481"
"11,37 : 0.3195"
"37,11 : 0.3195"
"11,38 : 0.473"
"38,11 : 0.473"
"11,39 : 0.9008"
"39,11 : 0.9008"
"11,40 : 0.6576"
"40,11 : 0.6576"
"11,41 : 0.473"
"41,11 : 0.473"
"11,42 : 0.2121"
"42,11 : 0.2121"
"11,43 : 0.3202"
"43,11 : 0.3202"
"11,44 : 0.729"
"44,11 : 0.729"
"11,45 : 0.3413"
"45,11 : 0.3413"
"11,46 : 0.6754"
"46,11 : 0.6754"
"11,47 : 0.7622"
"47,11 : 0.7622"
"11,48 : 0.2377"
"48,11 : 0.2377"
"11,49 : 0.5608"
"49,11 : 0.5608"
"12,13 : 0.7159"
"13,12 : 0.7159"
"12,14 : 0.2631"
"14,12 : 0.2631"
"12,15 : 0.0316"
"15,12 : 0.0316"
"12,16 : 0.0671"
"16,12 : 0.0671"
"12,17 : 0.4438"
"17,12 : 0.4438"
"12,18 : 0.6748"
"18,12 : 0.6748"
"12,19 : 0.7572"
"19,12 : 0.7572"
"12,20 : 0.2476"
"20,12 : 0.2476"
"12,21 : 0.4696"
"21,12 : 0.4696"
"12,22 : 0.3712"
"22,12 : 0.3712"
"12,23 : 0.1456"
"23,12 : 0.1456"
"12,24 : 0.558"
"24,12 : 0.558"
"12,25 : 0.3225"
"25,12 : 0.3225"
"12,26 : 0.7463"
"26,12 : 0.7463"
"12,27 : 0.6363"
"27,12 : 0.6363"
"12,28 : 0.3191"
"28,12 : 0.3191"
"12,29 : 0.3859"
"29,12 : 0.3859"
"12,30 : 0.4904"
"30,12 : 0.4904"
"12,31 : 0.4534"
"31,12 : 0.4534"
"12,32 : 0.4418"
"32,12 : 0.4418"
"12,33 : 0.5504"
"33,12 : 0.5504"
"12,34 : 0.6088"
"34,12 : 0.6088"
"12,35 : 0.1281"
"35,12 : 0.1281"
"12,36 : 0.4429"
"36,12 : 0.4429"
"12,37 : 0.201"
"37,12 : 0.201"
"12,38 : 0.7885"
"38,12 : 0.7885"
"12,39 : 0.5515"
"39,12 : 0.5515"
"12,40 : 0.7931"
"40,12 : 0.7931"
"12,41 : 0.2267"
"41,12 : 0.2267"
"12,42 : 0.6054"
"42,12 : 0.6054"
"12,43 : 0.3027"
"43,12 : 0.3027"
"12,44 : 0.3705"
"44,12 : 0.3705"
"12,45 : 0.4901"
"45,12 : 0.4901"
"12,46 : 0.32"
"46,12 : 0.32"
"12,47 : 0.3578"
"47,12 : 0.3578"
"12,48 : 0.3493"
"48,12 : 0.3493"
"12,49 : 0.7443"
"49,12 : 0.7443"
"13,14 : 0.5304"
"14,13 : 0.5304"
"13,15 : 0.7379"
"15,13 : 0.7379"
"13,16 : 0.7169"
"16,13 : 0.7169"
"13,17 : 0.9291"
"17,13 : 0.9291"
"13,18 : 0.8829"
"18,13 : 0.8829"
"13,19 : 0.08"
"19,13 : 0.08"
"13,20 : 0.6943"
"20,13 : 0.6943"
"13,21 : 0.8438"
"21,13 : 0.8438"
"13,22 : 0.6007"
"22,13 : 0.6007"
"13,23 : 0.7606"
"23,13 : 0.7606"
"13,24 : 0.6938"
"24,13 : 0.6938"
"13,25 : 0.7923"
"25,13 : 0.7923"
"13,26 : 0.74"
"26,13 : 0.74"
"13,27 : 0.0825"
"27,13 : 0.0825"
"13,28 : 0.8031"
"28,13 : 0.8031"
"13,29 : 0.7961"
"29,13 : 0.7961"
"13,30 : 0.6964"
"30,13 : 0.6964"
"13,31 : 0.7026"
"31,13 : 0.7026"
"13,32 : 0.4249"
"32,13 : 0.4249"
"13,33 : 1.1021"
"33,13 : 1.1021"
"13,34 : 0.4916"
"34,13 : 0.4916"
"13,35 : 0.6001"
"35,13 : 0.6001"
"13,36 : 1.1129"
"36,13 : 1.1129"
"13,37 : 0.5608"
"37,13 : 0.5608"
"13,38 : 0.2202"
"38,13 : 0.2202"
"13,39 : 1.114"
"39,13 : 1.114"
"13,40 : 0.5482"
"40,13 : 0.5482"
"13,41 : 0.7983"
"41,13 : 0.7983"
"13,42 : 0.114"
"42,13 : 0.114"
"13,43 : 0.5033"
"43,13 : 0.5033"
"13,44 : 0.9626"
"44,13 : 0.9626"
"13,45 : 0.377"
"45,13 : 0.377"
"13,46 : 0.9124"
"46,13 : 0.9124"
"13,47 : 1.0294"
"47,13 : 1.0294"
"13,48 : 0.55"
"48,13 : 0.55"
"13,49 : 0.4342"
"49,13 : 0.4342"
"14,15 : 0.2943"
"15,14 : 0.2943"
"14,16 : 0.3068"
"16,14 : 0.3068"
"14,17 : 0.4179"
"17,14 : 0.4179"
"14,18 : 0.5092"
"18,14 : 0.5092"
"14,19 : 0.5903"
"19,14 : 0.5903"
"14,20 : 0.1664"
"20,14 : 0.1664"
"14,21 : 0.6576"
"21,14 : 0.6576"
"14,22 : 0.4701"
"22,14 : 0.4701"
"14,23 : 0.2417"
"23,14 : 0.2417"
"14,24 : 0.3467"
"24,14 : 0.3467"
"14,25 : 0.528"
"25,14 : 0.528"
"14,26 : 0.5162"
"26,14 : 0.5162"
"14,27 : 0.4623"
"27,14 : 0.4623"
"14,28 : 0.5301"
"28,14 : 0.5301"
"14,29 : 0.2961"
"29,14 : 0.2961"
"14,30 : 0.2955"
"30,14 : 0.2955"
"14,31 : 0.272"
"31,14 : 0.272"
"14,32 : 0.18"
"32,14 : 0.18"
"14,33 : 0.5818"
"33,14 : 0.5818"
"14,34 : 0.3479"
"34,14 : 0.3479"
"14,35 : 0.228"
"35,14 : 0.228"
"14,36 : 0.586"
"36,14 : 0.586"
"14,37 : 0.0632"
"37,14 : 0.0632"
"14,38 : 0.5515"
"38,14 : 0.5515"
"14,39 : 0.5917"
"39,14 : 0.5917"
"14,40 : 0.5316"
"40,14 : 0.5316"
"14,41 : 0.4607"
"41,14 : 0.4607"
"14,42 : 0.436"
"42,14 : 0.436"
"14,43 : 0.04"
"43,14 : 0.04"
"14,44 : 0.4328"
"44,14 : 0.4328"
"14,45 : 0.2319"
"45,14 : 0.2319"
"14,46 : 0.3821"
"46,14 : 0.3821"
"14,47 : 0.5048"
"47,14 : 0.5048"
"14,48 : 0.4205"
"48,14 : 0.4205"
"14,49 : 0.4817"
"49,14 : 0.4817"
"15,16 : 0.05"
"16,15 : 0.05"
"15,17 : 0.4617"
"17,15 : 0.4617"
"15,18 : 0.7018"
"18,15 : 0.7018"
"15,19 : 0.777"
"19,15 : 0.777"
"15,20 : 0.2759"
"20,15 : 0.2759"
"15,21 : 0.4478"
"21,15 : 0.4478"
"15,22 : 0.365"
"22,15 : 0.365"
"15,23 : 0.1655"
"23,15 : 0.1655"
"15,24 : 0.5882"
"24,15 : 0.5882"
"15,25 : 0.2997"
"25,15 : 0.2997"
"15,26 : 0.777"
"26,15 : 0.777"
"15,27 : 0.6576"
"27,15 : 0.6576"
"15,28 : 0.2953"
"28,15 : 0.2953"
"15,29 : 0.4105"
"29,15 : 0.4105"
"15,30 : 0.5201"
"30,15 : 0.5201"
"15,31 : 0.4827"
"31,15 : 0.4827"
"15,32 : 0.4727"
"32,15 : 0.4727"
"15,33 : 0.5601"
"33,15 : 0.5601"
"15,34 : 0.6403"
"34,15 : 0.6403"
"15,35 : 0.1421"
"35,15 : 0.1421"
"15,36 : 0.4386"
"36,15 : 0.4386"
"15,37 : 0.2319"
"37,15 : 0.2319"
"15,38 : 0.8158"
"38,15 : 0.8158"
"15,39 : 0.5601"
"39,15 : 0.5601"
"15,40 : 0.8246"
"40,15 : 0.8246"
"15,41 : 0.2"
"41,15 : 0.2"
"15,42 : 0.6265"
"42,15 : 0.6265"
"15,43 : 0.3338"
"43,15 : 0.3338"
"15,44 : 0.3801"
"44,15 : 0.3801"
"15,45 : 0.5204"
"45,15 : 0.5204"
"15,46 : 0.3314"
"46,15 : 0.3314"
"15,47 : 0.3547"
"47,15 : 0.3547"
"15,48 : 0.3479"
"48,15 : 0.3479"
"15,49 : 0.7752"
"49,15 : 0.7752"
"16,17 : 0.5096"
"17,16 : 0.5096"
"16,18 : 0.7403"
"18,16 : 0.7403"
"16,19 : 0.7518"
"19,16 : 0.7518"
"16,20 : 0.3124"
"20,16 : 0.3124"
"16,21 : 0.4025"
"21,16 : 0.4025"
"16,22 : 0.3158"
"22,16 : 0.3158"
"16,23 : 0.2119"
"23,16 : 0.2119"
"16,24 : 0.6185"
"24,16 : 0.6185"
"16,25 : 0.2555"
"25,16 : 0.2555"
"16,26 : 0.8045"
"26,16 : 0.8045"
"16,27 : 0.6356"
"27,16 : 0.6356"
"16,28 : 0.2524"
"28,16 : 0.2524"
"16,29 : 0.4528"
"29,16 : 0.4528"
"16,30 : 0.5523"
"30,16 : 0.5523"
"16,31 : 0.5162"
"31,16 : 0.5162"
"16,32 : 0.4805"
"32,16 : 0.4805"
"16,33 : 0.6101"
"33,16 : 0.6101"
"16,34 : 0.6546"
"34,16 : 0.6546"
"16,35 : 0.117"
"35,16 : 0.117"
"16,36 : 0.4847"
"36,16 : 0.4847"
"16,37 : 0.2435"
"37,16 : 0.2435"
"16,38 : 0.8075"
"38,16 : 0.8075"
"16,39 : 0.6101"
"39,16 : 0.6101"
"16,40 : 0.8382"
"40,16 : 0.8382"
"16,41 : 0.1628"
"41,16 : 0.1628"
"16,42 : 0.6042"
"42,16 : 0.6042"
"16,43 : 0.3448"
"43,16 : 0.3448"
"16,44 : 0.4301"
"44,16 : 0.4301"
"16,45 : 0.5247"
"45,16 : 0.5247"
"16,46 : 0.3812"
"46,16 : 0.3812"
"16,47 : 0.4016"
"47,16 : 0.4016"
"16,48 : 0.3008"
"48,16 : 0.3008"
"16,49 : 0.7826"
"49,16 : 0.7826"
"17,18 : 0.3324"
"18,17 : 0.3324"
"17,19 : 0.9964"
"19,17 : 0.9964"
"17,20 : 0.2571"
"20,17 : 0.2571"
"17,21 : 0.9082"
"21,17 : 0.9082"
"17,22 : 0.804"
"22,17 : 0.804"
"17,23 : 0.2983"
"23,17 : 0.2983"
"17,24 : 0.3544"
"24,17 : 0.3544"
"17,25 : 0.7596"
"25,17 : 0.7596"
"17,26 : 0.5209"
"26,17 : 0.5209"
"17,27 : 0.8695"
"27,17 : 0.8695"
"17,28 : 0.7539"
"28,17 : 0.7539"
"17,29 : 0.1345"
"29,17 : 0.1345"
"17,30 : 0.2955"
"30,17 : 0.2955"
"17,31 : 0.2642"
"31,17 : 0.2642"
"17,32 : 0.5109"
"32,17 : 0.5109"
"17,33 : 0.1769"
"33,17 : 0.1769"
"17,34 : 0.5557"
"34,17 : 0.5557"
"17,35 : 0.5308"
"35,17 : 0.5308"
"17,36 : 0.3225"
"36,17 : 0.3225"
"17,37 : 0.4198"
"37,17 : 0.4198"
"17,38 : 0.892"
"38,17 : 0.892"
"17,39 : 0.1921"
"39,17 : 0.1921"
"17,40 : 0.7023"
"40,17 : 0.7023"
"17,41 : 0.6539"
"41,17 : 0.6539"
"17,42 : 0.846"
"42,17 : 0.846"
"17,43 : 0.4338"
"43,17 : 0.4338"
"17,44 : 0.1432"
"44,17 : 0.1432"
"17,45 : 0.5664"
"45,17 : 0.5664"
"17,46 : 0.1556"
"46,17 : 0.1556"
"17,47 : 0.2915"
"47,17 : 0.2915"
"17,48 : 0.7706"
"48,17 : 0.7706"
"17,49 : 0.7207"
"49,17 : 0.7207"
"18,19 : 0.961"
"19,18 : 0.961"
"18,20 : 0.428"
"20,18 : 0.428"
"18,21 : 1.1372"
"21,18 : 1.1372"
"18,22 : 0.9758"
"22,18 : 0.9758"
"18,23 : 0.5445"
"23,18 : 0.5445"
"18,24 : 0.191"
"24,18 : 0.191"
"18,25 : 0.994"
"25,18 : 0.994"
"18,26 : 0.2332"
"26,18 : 0.2332"
"18,27 : 0.8485"
"27,18 : 0.8485"
"18,28 : 0.992"
"28,18 : 0.992"
"18,29 : 0.2983"
"29,18 : 0.2983"
"18,30 : 0.2159"
"30,18 : 0.2159"
"18,31 : 0.2377"
"31,18 : 0.2377"
"18,32 : 0.4801"
"32,18 : 0.4801"
"18,33 : 0.451"
"33,18 : 0.451"
"18,34 : 0.4031"
"34,18 : 0.4031"
"18,35 : 0.712"
"35,18 : 0.712"
"18,36 : 0.6531"
"36,18 : 0.6531"
"18,37 : 0.5504"
"37,18 : 0.5504"
"18,38 : 0.7692"
"38,18 : 0.7692"
"18,39 : 0.471"
"39,18 : 0.471"
"18,40 : 0.4738"
"40,18 : 0.4738"
"18,41 : 0.9014"
"41,18 : 0.9014"
"18,42 : 0.8349"
"42,18 : 0.8349"
"18,43 : 0.4973"
"43,18 : 0.4973"
"18,44 : 0.4743"
"44,18 : 0.4743"
"18,45 : 0.5135"
"45,18 : 0.5135"
"18,46 : 0.4742"
"46,18 : 0.4742"
"18,47 : 0.623"
"47,18 : 0.623"
"18,48 : 0.9285"
"48,18 : 0.9285"
"18,49 : 0.5382"
"49,18 : 0.5382"
"19,20 : 0.756"
"20,19 : 0.756"
"19,21 : 0.84"
"21,19 : 0.84"
"19,22 : 0.6021"
"22,19 : 0.6021"
"19,23 : 0.8134"
"23,19 : 0.8134"
"19,24 : 0.7713"
"24,19 : 0.7713"
"19,25 : 0.8023"
"25,19 : 0.8023"
"19,26 : 0.82"
"26,19 : 0.82"
"19,27 : 0.1281"
"27,19 : 0.1281"
"19,28 : 0.8139"
"28,19 : 0.8139"
"19,29 : 0.8645"
"29,19 : 0.8645"
"19,30 : 0.7716"
"30,19 : 0.7716"
"19,31 : 0.7762"
"31,19 : 0.7762"
"19,32 : 0.4977"
"32,19 : 0.4977"
"19,33 : 1.1676"
"33,19 : 1.1676"
"19,34 : 0.5714"
"34,19 : 0.5714"
"19,35 : 0.6363"
"35,19 : 0.6363"
"19,36 : 1.1669"
"36,19 : 1.1669"
"19,37 : 0.6152"
"37,19 : 0.6152"
"19,38 : 0.2865"
"38,19 : 0.2865"
"19,39 : 1.1789"
"39,19 : 1.1789"
"19,40 : 0.6259"
"40,19 : 0.6259"
"19,41 : 0.8191"
"41,19 : 0.8191"
"19,42 : 0.1556"
"42,19 : 0.1556"
"19,43 : 0.5661"
"43,19 : 0.5661"
"19,44 : 1.023"
"44,19 : 1.023"
"19,45 : 0.4522"
"45,19 : 0.4522"
"19,46 : 0.9719"
"46,19 : 0.9719"
"19,47 : 1.0825"
"47,19 : 1.0825"
"19,48 : 0.5558"
"48,19 : 0.5558"
"19,49 : 0.512"
"49,19 : 0.512"
"20,21 : 0.7102"
"21,20 : 0.7102"
"20,22 : 0.5675"
"22,20 : 0.5675"
"20,23 : 0.136"
"23,20 : 0.136"
"20,24 : 0.3176"
"24,20 : 0.3176"
"20,25 : 0.5661"
"25,20 : 0.5661"
"20,26 : 0.5099"
"26,20 : 0.5099"
"20,27 : 0.628"
"27,20 : 0.628"
"20,28 : 0.564"
"28,20 : 0.564"
"20,29 : 0.153"
"29,20 : 0.153"
"20,30 : 0.247"
"30,20 : 0.247"
"20,31 : 0.2081"
"31,20 : 0.2081"
"20,32 : 0.3041"
"32,20 : 0.3041"
"20,33 : 0.4159"
"33,20 : 0.4159"
"20,34 : 0.4211"
"34,20 : 0.4211"
"20,35 : 0.2941"
"35,20 : 0.2941"
"20,36 : 0.4342"
"36,20 : 0.4342"
"20,37 : 0.1628"
"37,20 : 0.1628"
"20,38 : 0.6946"
"38,20 : 0.6946"
"20,39 : 0.4254"
"39,20 : 0.4254"
"20,40 : 0.6001"
"40,20 : 0.6001"
"20,41 : 0.4742"
"41,20 : 0.4742"
"20,42 : 0.6022"
"42,20 : 0.6022"
"20,43 : 0.191"
"43,20 : 0.191"
"20,44 : 0.2687"
"44,20 : 0.2687"
"20,45 : 0.3624"
"45,20 : 0.3624"
"20,46 : 0.2202"
"46,20 : 0.2202"
"20,47 : 0.3585"
"47,20 : 0.3585"
"20,48 : 0.5277"
"48,20 : 0.5277"
"20,49 : 0.5787"
"49,20 : 0.5787"
"21,22 : 0.2452"
"22,21 : 0.2452"
"21,23 : 0.6133"
"23,21 : 0.6133"
"21,24 : 0.999"
"24,21 : 0.999"
"21,25 : 0.1487"
"25,21 : 0.1487"
"21,26 : 1.1739"
"26,21 : 1.1739"
"21,27 : 0.7666"
"27,21 : 0.7666"
"21,28 : 0.1552"
"28,21 : 0.1552"
"21,29 : 0.8548"
"29,21 : 0.8548"
"21,30 : 0.9386"
"30,21 : 0.9386"
"21,31 : 0.906"
"31,21 : 0.906"
"21,32 : 0.7963"
"32,21 : 0.7963"
"21,33 : 0.9884"
"33,21 : 0.9884"
"21,34 : 0.9823"
"34,21 : 0.9823"
"21,35 : 0.4319"
"35,21 : 0.4319"
"21,36 : 0.81"
"36,21 : 0.81"
"21,37 : 0.6014"
"37,21 : 0.6014"
"21,38 : 1.0114"
"38,21 : 1.0114"
"21,39 : 0.9848"
"39,21 : 0.9848"
"21,40 : 1.1543"
"40,21 : 1.1543"
"21,41 : 0.2571"
"41,21 : 0.2571"
"21,42 : 0.7382"
"42,21 : 0.7382"
"21,43 : 0.6868"
"43,21 : 0.6868"
"21,44 : 0.8125"
"44,21 : 0.8125"
"21,45 : 0.8215"
"45,21 : 0.8215"
"21,46 : 0.7692"
"46,21 : 0.7692"
"21,47 : 0.7417"
"47,21 : 0.7417"
"21,48 : 0.3008"
"48,21 : 0.3008"
"21,49 : 1.0735"
"49,21 : 1.0735"
"22,23 : 0.5101"
"23,22 : 0.5101"
"22,24 : 0.8163"
"24,22 : 0.8163"
"22,25 : 0.2102"
"25,22 : 0.2102"
"22,26 : 0.9762"
"26,22 : 0.9762"
"22,27 : 0.5224"
"27,22 : 0.5224"
"22,28 : 0.2236"
"28,22 : 0.2236"
"22,29 : 0.7203"
"29,22 : 0.7203"
"22,30 : 0.7648"
"30,22 : 0.7648"
"22,31 : 0.7382"
"31,22 : 0.7382"
"22,32 : 0.5798"
"32,22 : 0.5798"
"22,33 : 0.9214"
"33,22 : 0.9214"
"22,34 : 0.7642"
"34,22 : 0.7642"
"22,35 : 0.2746"
"35,22 : 0.2746"
"22,36 : 0.797"
"36,22 : 0.797"
"22,37 : 0.4254"
"37,22 : 0.4254"
"22,38 : 0.7666"
"38,22 : 0.7666"
"22,39 : 0.9227"
"39,22 : 0.9227"
"22,40 : 0.928"
"40,22 : 0.928"
"22,41 : 0.2691"
"41,22 : 0.2691"
"22,42 : 0.4937"
"42,22 : 0.4937"
"22,43 : 0.4909"
"43,22 : 0.4909"
"22,44 : 0.7417"
"44,22 : 0.7417"
"22,45 : 0.5967"
"45,22 : 0.5967"
"22,46 : 0.6907"
"46,22 : 0.6907"
"22,47 : 0.7157"
"47,22 : 0.7157"
"22,48 : 0.0583"
"48,22 : 0.0583"
"22,49 : 0.8406"
"49,22 : 0.8406"
"23,24 : 0.4519"
"24,23 : 0.4519"
"23,25 : 0.4652"
"25,23 : 0.4652"
"23,26 : 0.6447"
"26,23 : 0.6447"
"23,27 : 0.6868"
"27,23 : 0.6868"
"23,28 : 0.4607"
"28,23 : 0.4607"
"23,29 : 0.2484"
"29,23 : 0.2484"
"23,30 : 0.3801"
"30,23 : 0.3801"
"23,31 : 0.34"
"31,23 : 0.34"
"23,32 : 0.4123"
"32,23 : 0.4123"
"23,33 : 0.4144"
"33,23 : 0.4144"
"23,34 : 0.5501"
"34,23 : 0.5501"
"23,35 : 0.2433"
"35,23 : 0.2433"
"23,36 : 0.3536"
"36,23 : 0.3536"
"23,37 : 0.2"
"37,23 : 0.2"
"23,38 : 0.7931"
"38,23 : 0.7931"
"23,39 : 0.4177"
"39,23 : 0.4177"
"23,40 : 0.7317"
"40,23 : 0.7317"
"23,41 : 0.3636"
"41,23 : 0.3636"
"23,42 : 0.658"
"42,23 : 0.658"
"23,43 : 0.2786"
"43,23 : 0.2786"
"23,44 : 0.2377"
"44,23 : 0.2377"
"23,45 : 0.4684"
"45,23 : 0.4684"
"23,46 : 0.1844"
"46,23 : 0.1844"
"23,47 : 0.2691"
"47,23 : 0.2691"
"23,48 : 0.4817"
"48,23 : 0.4817"
"23,49 : 0.7026"
"49,23 : 0.7026"
"24,25 : 0.8627"
"25,24 : 0.8627"
"24,26 : 0.1931"
"26,24 : 0.1931"
"24,27 : 0.6576"
"27,24 : 0.6576"
"24,28 : 0.8628"
"28,24 : 0.8628"
"24,29 : 0.25"
"29,24 : 0.25"
"24,30 : 0.0728"
"30,24 : 0.0728"
"24,31 : 0.114"
"31,24 : 0.114"
"24,32 : 0.2902"
"32,24 : 0.2902"
"24,33 : 0.5189"
"33,24 : 0.5189"
"24,34 : 0.228"
"34,24 : 0.228"
"24,35 : 0.5673"
"35,24 : 0.5673"
"24,36 : 0.6627"
"36,24 : 0.6627"
"24,37 : 0.3982"
"37,24 : 0.3982"
"24,38 : 0.5936"
"38,24 : 0.5936"
"24,39 : 0.5371"
"39,24 : 0.5371"
"24,40 : 0.3493"
"40,24 : 0.3493"
"24,41 : 0.781"
"41,24 : 0.781"
"24,42 : 0.6438"
"42,24 : 0.6438"
"24,43 : 0.3265"
"43,24 : 0.3265"
"24,44 : 0.4717"
"44,24 : 0.4717"
"24,45 : 0.3225"
"45,24 : 0.3225"
"24,46 : 0.4501"
"46,24 : 0.4501"
"24,47 : 0.6101"
"47,24 : 0.6101"
"24,48 : 0.7654"
"48,24 : 0.7654"
"24,49 : 0.3829"
"49,24 : 0.3829"
"25,26 : 1.0424"
"26,25 : 1.0424"
"25,27 : 0.7111"
"27,25 : 0.7111"
"25,28 : 0.0141"
"28,25 : 0.0141"
"25,29 : 0.7083"
"29,25 : 0.7083"
"25,30 : 0.7998"
"30,25 : 0.7998"
"25,31 : 0.7658"
"31,25 : 0.7658"
"25,32 : 0.68"
"32,25 : 0.68"
"25,33 : 0.8417"
"33,25 : 0.8417"
"25,34 : 0.8645"
"34,25 : 0.8645"
"25,35 : 0.3"
"35,25 : 0.3"
"25,36 : 0.6719"
"36,25 : 0.6719"
"25,37 : 0.4686"
"37,25 : 0.4686"
"25,38 : 0.9365"
"38,25 : 0.9365"
"25,39 : 0.8386"
"39,25 : 0.8386"
"25,40 : 1.042"
"40,25 : 1.042"
"25,41 : 0.1105"
"41,25 : 0.1105"
"25,42 : 0.6807"
"42,25 : 0.6807"
"25,43 : 0.5604"
"43,25 : 0.5604"
"25,44 : 0.6649"
"44,25 : 0.6649"
"25,45 : 0.7118"
"45,25 : 0.7118"
"25,46 : 0.621"
"46,25 : 0.621"
"25,47 : 0.6"
"47,25 : 0.6"
"25,48 : 0.2474"
"48,25 : 0.2474"
"25,49 : 0.9693"
"49,25 : 0.9693"
"26,27 : 0.7244"
"27,26 : 0.7244"
"26,28 : 1.0435"
"28,26 : 1.0435"
"26,29 : 0.4357"
"29,26 : 0.4357"
"26,30 : 0.2657"
"30,26 : 0.2657"
"26,31 : 0.3068"
"31,26 : 0.3068"
"26,32 : 0.4071"
"32,26 : 0.4071"
"26,33 : 0.6671"
"33,26 : 0.6671"
"26,34 : 0.2532"
"34,26 : 0.2532"
"26,35 : 0.7433"
"35,26 : 0.7433"
"26,36 : 0.8401"
"36,26 : 0.8401"
"26,37 : 0.5738"
"37,26 : 0.5738"
"26,38 : 0.5869"
"38,26 : 0.5869"
"26,39 : 0.6866"
"39,26 : 0.6866"
"26,40 : 0.2524"
"40,26 : 0.2524"
"26,41 : 0.9661"
"41,26 : 0.9661"
"26,42 : 0.7185"
"42,26 : 0.7185"
"26,43 : 0.4884"
"43,26 : 0.4884"
"26,44 : 0.6507"
"44,26 : 0.6507"
"26,45 : 0.4144"
"45,26 : 0.4144"
"26,46 : 0.6351"
"46,26 : 0.6351"
"26,47 : 0.794"
"47,26 : 0.794"
"26,48 : 0.922"
"48,26 : 0.922"
"26,49 : 0.3384"
"49,26 : 0.3384"
"27,28 : 0.7217"
"28,27 : 0.7217"
"27,29 : 0.7382"
"29,27 : 0.7382"
"27,30 : 0.6525"
"30,27 : 0.6525"
"27,31 : 0.6546"
"31,27 : 0.6546"
"27,32 : 0.3764"
"32,27 : 0.3764"
"27,33 : 1.0401"
"33,27 : 1.0401"
"27,34 : 0.4717"
"34,27 : 0.4717"
"27,35 : 0.5189"
"35,27 : 0.5189"
"27,36 : 1.04"
"36,27 : 1.04"
"27,37 : 0.488"
"37,27 : 0.488"
"27,38 : 0.2663"
"38,27 : 0.2663"
"27,39 : 1.0512"
"39,27 : 1.0512"
"27,40 : 0.5554"
"40,27 : 0.5554"
"27,41 : 0.7159"
"41,27 : 0.7159"
"27,42 : 0.0316"
"42,27 : 0.0316"
"27,43 : 0.4383"
"43,27 : 0.4383"
"27,44 : 0.895"
"44,27 : 0.895"
"27,45 : 0.3354"
"45,27 : 0.3354"
"27,46 : 0.8439"
"46,27 : 0.8439"
"27,47 : 0.9559"
"47,27 : 0.9559"
"27,48 : 0.4704"
"48,27 : 0.4704"
"27,49 : 0.4428"
"49,27 : 0.4428"
"28,29 : 0.7049"
"29,28 : 0.7049"
"28,30 : 0.7993"
"30,28 : 0.7993"
"28,31 : 0.7649"
"31,28 : 0.7649"
"28,32 : 0.6843"
"32,28 : 0.6843"
"28,33 : 0.8336"
"33,28 : 0.8336"
"28,34 : 0.8683"
"34,28 : 0.8683"
"28,35 : 0.3023"
"35,28 : 0.3023"
"28,36 : 0.6612"
"36,28 : 0.6612"
"28,37 : 0.4701"
"37,28 : 0.4701"
"28,38 : 0.9453"
"38,28 : 0.9453"
"28,39 : 0.8302"
"39,28 : 0.8302"
"28,40 : 1.0465"
"40,28 : 1.0465"
"28,41 : 0.102"
"41,28 : 0.102"
"28,42 : 0.6912"
"42,28 : 0.6912"
"28,43 : 0.563"
"43,28 : 0.563"
"28,44 : 0.6573"
"44,28 : 0.6573"
"28,45 : 0.7169"
"45,28 : 0.7169"
"28,46 : 0.614"
"46,28 : 0.614"
"28,47 : 0.5901"
"47,28 : 0.5901"
"28,48 : 0.2596"
"48,28 : 0.2596"
"28,49 : 0.975"
"49,28 : 0.975"
"29,30 : 0.1811"
"30,29 : 0.1811"
"29,31 : 0.1432"
"31,29 : 0.1432"
"29,32 : 0.3764"
"32,29 : 0.3764"
"29,33 : 0.3111"
"33,29 : 0.3111"
"29,34 : 0.4295"
"34,29 : 0.4295"
"29,35 : 0.4464"
"35,29 : 0.4464"
"29,36 : 0.4144"
"36,29 : 0.4144"
"29,37 : 0.31"
"37,29 : 0.31"
"29,38 : 0.7582"
"38,29 : 0.7582"
"29,39 : 0.3256"
"39,29 : 0.3256"
"29,40 : 0.5869"
"40,29 : 0.5869"
"29,41 : 0.6103"
"41,29 : 0.6103"
"29,42 : 0.7155"
"42,29 : 0.7155"
"29,43 : 0.3068"
"43,29 : 0.3068"
"29,44 : 0.2236"
"44,29 : 0.2236"
"29,45 : 0.4319"
"45,29 : 0.4319"
"29,46 : 0.2002"
"46,29 : 0.2002"
"29,47 : 0.3601"
"47,29 : 0.3601"
"29,48 : 0.6807"
"48,29 : 0.6807"
"29,49 : 0.5951"
"49,29 : 0.5951"
"30,31 : 0.0412"
"31,30 : 0.0412"
"30,32 : 0.2766"
"32,30 : 0.2766"
"30,33 : 0.4665"
"33,30 : 0.4665"
"30,34 : 0.264"
"34,30 : 0.264"
"30,35 : 0.508"
"35,30 : 0.508"
"30,36 : 0.5954"
"36,30 : 0.5954"
"30,37 : 0.3413"
"37,30 : 0.3413"
"30,38 : 0.6185"
"38,30 : 0.6185"
"30,39 : 0.4837"
"39,30 : 0.4837"
"30,40 : 0.408"
"40,30 : 0.408"
"30,41 : 0.7151"
"41,30 : 0.7151"
"30,42 : 0.6356"
"42,30 : 0.6356"
"30,43 : 0.2816"
"43,30 : 0.2816"
"30,44 : 0.4045"
"44,30 : 0.4045"
"30,45 : 0.3195"
"45,30 : 0.3195"
"30,46 : 0.3801"
"46,30 : 0.3801"
"30,47 : 0.5401"
"47,30 : 0.5401"
"30,48 : 0.7159"
"48,30 : 0.7159"
"30,49 : 0.4272"
"49,30 : 0.4272"
"31,32 : 0.2786"
"32,31 : 0.2786"
"31,33 : 0.4383"
"33,31 : 0.4383"
"31,34 : 0.2915"
"34,31 : 0.2915"
"31,35 : 0.4771"
"35,31 : 0.4771"
"31,36 : 0.5573"
"36,31 : 0.5573"
"31,37 : 0.313"
"37,31 : 0.313"
"31,38 : 0.637"
"38,31 : 0.637"
"31,39 : 0.4549"
"39,31 : 0.4549"
"31,40 : 0.4438"
"40,31 : 0.4438"
"31,41 : 0.679"
"41,31 : 0.679"
"31,42 : 0.636"
"42,31 : 0.636"
"31,43 : 0.2631"
"43,31 : 0.2631"
"31,44 : 0.3667"
"44,31 : 0.3667"
"31,45 : 0.3265"
"45,31 : 0.3265"
"31,46 : 0.3406"
"46,31 : 0.3406"
"31,47 : 0.5004"
"47,31 : 0.5004"
"31,48 : 0.6908"
"48,31 : 0.6908"
"31,49 : 0.4565"
"49,31 : 0.4565"
"32,33 : 0.6868"
"33,32 : 0.6868"
"32,34 : 0.186"
"34,32 : 0.186"
"32,35 : 0.3863"
"35,32 : 0.3863"
"32,36 : 0.7382"
"36,32 : 0.7382"
"32,37 : 0.2408"
"37,32 : 0.2408"
"32,38 : 0.3912"
"38,32 : 0.3912"
"32,39 : 0.7004"
"39,32 : 0.7004"
"32,40 : 0.3625"
"40,32 : 0.3625"
"32,41 : 0.6263"
"41,32 : 0.6263"
"32,42 : 0.359"
"42,32 : 0.359"
"32,43 : 0.14"
"43,32 : 0.14"
"32,44 : 0.5661"
"44,32 : 0.5661"
"32,45 : 0.0583"
"45,32 : 0.0583"
"32,46 : 0.5215"
"46,32 : 0.5215"
"32,47 : 0.6621"
"47,32 : 0.6621"
"32,48 : 0.5235"
"48,32 : 0.5235"
"32,49 : 0.3027"
"49,32 : 0.3027"
"33,34 : 0.7295"
"34,33 : 0.7295"
"33,35 : 0.6576"
"35,33 : 0.6576"
"33,36 : 0.2484"
"36,33 : 0.2484"
"33,37 : 0.5738"
"37,33 : 0.5738"
"33,38 : 1.0689"
"38,33 : 1.0689"
"33,39 : 0.02"
"39,33 : 0.02"
"33,40 : 0.8682"
"40,33 : 0.8682"
"33,41 : 0.7316"
"41,33 : 0.7316"
"33,42 : 1.0155"
"42,33 : 1.0155"
"33,43 : 0.6021"
"43,33 : 0.6021"
"33,44 : 0.18"
"44,33 : 0.18"
"33,45 : 0.7428"
"45,33 : 0.7428"
"33,46 : 0.2309"
"46,33 : 0.2309"
"33,47 : 0.2693"
"47,33 : 0.2693"
"33,48 : 0.8956"
"48,33 : 0.8956"
"33,49 : 0.8936"
"49,33 : 0.8936"
"34,35 : 0.568"
"35,34 : 0.568"
"34,36 : 0.8352"
"36,34 : 0.8352"
"34,37 : 0.4111"
"37,34 : 0.4111"
"34,38 : 0.3672"
"38,34 : 0.3672"
"34,39 : 0.7463"
"39,34 : 0.7463"
"34,40 : 0.1844"
"40,34 : 0.1844"
"34,41 : 0.8062"
"41,34 : 0.8062"
"34,42 : 0.4653"
"42,34 : 0.4653"
"34,43 : 0.3102"
"43,34 : 0.3102"
"34,44 : 0.6485"
"44,34 : 0.6485"
"34,45 : 0.172"
"45,34 : 0.172"
"34,46 : 0.614"
"46,34 : 0.614"
"34,47 : 0.769"
"47,34 : 0.769"
"34,48 : 0.7072"
"48,34 : 0.7072"
"34,49 : 0.1655"
"49,34 : 0.1655"
"35,36 : 0.5694"
"36,35 : 0.5694"
"35,37 : 0.1697"
"37,35 : 0.1697"
"35,38 : 0.6935"
"38,35 : 0.6935"
"35,39 : 0.661"
"39,35 : 0.661"
"35,40 : 0.7485"
"40,35 : 0.7485"
"35,41 : 0.2404"
"41,35 : 0.2404"
"35,42 : 0.4875"
"42,35 : 0.4875"
"35,43 : 0.2608"
"43,35 : 0.2608"
"35,44 : 0.4805"
"44,35 : 0.4805"
"35,45 : 0.4245"
"45,35 : 0.4245"
"35,46 : 0.4276"
"46,35 : 0.4276"
"35,47 : 0.4837"
"47,35 : 0.4837"
"35,48 : 0.24"
"48,35 : 0.24"
"35,49 : 0.6841"
"49,35 : 0.6841"
"36,37 : 0.5523"
"37,36 : 0.5523"
"36,38 : 1.1287"
"38,36 : 1.1287"
"36,39 : 0.2335"
"39,36 : 0.2335"
"36,40 : 1.0002"
"40,36 : 1.0002"
"36,41 : 0.5632"
"41,36 : 0.5632"
"36,42 : 1.0114"
"42,36 : 1.0114"
"36,43 : 0.6185"
"43,36 : 0.6185"
"36,44 : 0.191"
"44,36 : 0.191"
"36,45 : 0.7965"
"45,36 : 0.7965"
"36,46 : 0.2214"
"46,36 : 0.2214"
"36,47 : 0.086"
"47,36 : 0.086"
"36,48 : 0.7855"
"48,36 : 0.7855"
"36,49 : 0.9993"
"49,36 : 0.9993"
"37,38 : 0.6008"
"38,37 : 0.6008"
"37,39 : 0.5818"
"39,37 : 0.5818"
"37,40 : 0.5948"
"40,37 : 0.5948"
"37,41 : 0.3982"
"41,37 : 0.3982"
"37,42 : 0.4597"
"42,37 : 0.4597"
"37,43 : 0.102"
"43,37 : 0.102"
"37,44 : 0.4134"
"44,37 : 0.4134"
"37,45 : 0.2902"
"45,37 : 0.2902"
"37,46 : 0.3606"
"46,37 : 0.3606"
"37,47 : 0.4686"
"47,37 : 0.4686"
"37,48 : 0.3795"
"48,37 : 0.3795"
"37,49 : 0.5433"
"49,37 : 0.5433"
"38,39 : 1.0837"
"39,38 : 1.0837"
"38,40 : 0.36"
"40,38 : 0.36"
"38,41 : 0.92"
"41,38 : 0.92"
"38,42 : 0.2865"
"42,38 : 0.2865"
"38,43 : 0.5148"
"43,38 : 0.5148"
"38,44 : 0.9569"
"44,38 : 0.9569"
"38,45 : 0.3329"
"45,38 : 0.3329"
"38,46 : 0.9127"
"46,38 : 0.9127"
"38,47 : 1.0512"
"47,38 : 1.0512"
"38,48 : 0.7106"
"48,38 : 0.7106"
"38,49 : 0.2518"
"49,38 : 0.2518"
"39,40 : 0.8864"
"40,39 : 0.8864"
"39,41 : 0.7284"
"41,39 : 0.7284"
"39,42 : 1.0263"
"42,39 : 1.0263"
"39,43 : 0.6129"
"43,39 : 0.6129"
"39,44 : 0.1811"
"44,39 : 0.1811"
"39,45 : 0.7566"
"45,39 : 0.7566"
"39,46 : 0.2335"
"46,39 : 0.2335"
"39,47 : 0.2594"
"47,39 : 0.2594"
"39,48 : 0.8981"
"48,39 : 0.8981"
"39,49 : 0.9107"
"49,39 : 0.9107"
"40,41 : 0.9879"
"41,40 : 0.9879"
"40,42 : 0.559"
"42,40 : 0.559"
"40,43 : 0.4934"
"43,40 : 0.4934"
"40,44 : 0.8102"
"44,40 : 0.8102"
"40,45 : 0.3329"
"45,40 : 0.3329"
"40,46 : 0.7809"
"46,40 : 0.7809"
"40,47 : 0.939"
"47,40 : 0.939"
"40,48 : 0.8701"
"48,40 : 0.8701"
"40,49 : 0.114"
"49,40 : 0.114"
"41,42 : 0.6845"
"42,41 : 0.6845"
"41,43 : 0.4966"
"43,41 : 0.4966"
"41,44 : 0.5554"
"44,41 : 0.5554"
"41,45 : 0.6648"
"45,41 : 0.6648"
"41,46 : 0.5124"
"46,41 : 0.5124"
"41,47 : 0.4901"
"47,41 : 0.4901"
"41,48 : 0.286"
"48,41 : 0.286"
"41,49 : 0.9244"
"49,41 : 0.9244"
"42,43 : 0.4134"
"43,42 : 0.4134"
"42,44 : 0.8683"
"44,42 : 0.8683"
"42,45 : 0.3214"
"45,42 : 0.3214"
"42,46 : 0.8169"
"46,42 : 0.8169"
"42,47 : 0.927"
"47,42 : 0.927"
"42,48 : 0.441"
"48,42 : 0.441"
"42,49 : 0.4478"
