x,y
0.66,0.71
0.98,0.52
0.64,0.56
0.37,0.59
0.21,0.77
0.21,0.78
0.63,0.46
0.12,0.35
0.63,0.06
0.8,0.94
0.18,0.93
0.52,0.33
0.65,0.45
0.97,0.87
0.28,0.29
0.74,0.26
0.01,0.14
0.89,0.17
0.63,0.52
0.65,0.88
0.99,0.58
0.4,0.66
0.53,0.68
0.57,0.88
0.81,0.73
0.71,0.59
0.16,0.31
0.19,0.92
0.01,0.45
0.8,0.4
0.99,0.98
0.46,0.03
0.94,0.56
0.31,0.02
0.81,0.47
0.19,0.25
0.2,0.46
0.06,0.03
0.58,0.97
0.07,0.46
0.83,0.82
0.25,0.62
0.06,0.49
0.26,0.02
0.08,0.85
0.9,0.24
0.24,0.92
0.78,0.81
0.84,0.15
0.48,0.02

Distanze
"0,1 : 0.3722"
"1,0 : 0.3722"
"0,2 : 0.1513"
"2,0 : 0.1513"
"0,3 : 0.3138"
"3,0 : 0.3138"
"0,4 : 0.454"
"4,0 : 0.454"
"0,5 : 0.4554"
"5,0 : 0.4554"
"0,6 : 0.2518"
"6,0 : 0.2518"
"0,7 : 0.649"
"7,0 : 0.649"
"0,8 : 0.6507"
"8,0 : 0.6507"
"0,9 : 0.2693"
"9,0 : 0.2693"
"0,10 : 0.528"
"10,0 : 0.528"
"0,11 : 0.405"
"11,0 : 0.405"
"0,12 : 0.2602"
"12,0 : 0.2602"
"0,13 : 0.3489"
"13,0 : 0.3489"
"0,14 : 0.5664"
"14,0 : 0.5664"
"0,15 : 0.4571"
"15,0 : 0.4571"
"0,16 : 0.8645"
"16,0 : 0.8645"
"0,17 : 0.5869"
"17,0 : 0.5869"
"0,18 : 0.1924"
"18,0 : 0.1924"
"0,19 : 0.1703"
"19,0 : 0.1703"
"0,20 : 0.3547"
"20,0 : 0.3547"
"0,21 : 0.2648"
"21,0 : 0.2648"
"0,22 : 0.1334"
"22,0 : 0.1334"
"0,23 : 0.1924"
"23,0 : 0.1924"
"0,24 : 0.1513"
"24,0 : 0.1513"
"0,25 : 0.13"
"25,0 : 0.13"
"0,26 : 0.6403"
"26,0 : 0.6403"
"0,27 : 0.5148"
"27,0 : 0.5148"
"0,28 : 0.7001"
"28,0 : 0.7001"
"0,29 : 0.3401"
"29,0 : 0.3401"
"0,30 : 0.4264"
"30,0 : 0.4264"
"0,31 : 0.7088"
"31,0 : 0.7088"
"0,32 : 0.3176"
"32,0 : 0.3176"
"0,33 : 0.7737"
"33,0 : 0.7737"
"0,34 : 0.283"
"34,0 : 0.283"
"0,35 : 0.6576"
"35,0 : 0.6576"
"0,36 : 0.5235"
"36,0 : 0.5235"
"0,37 : 0.9069"
"37,0 : 0.9069"
"0,38 : 0.272"
"38,0 : 0.272"
"0,39 : 0.6408"
"39,0 : 0.6408"
"0,40 : 0.2025"
"40,0 : 0.2025"
"0,41 : 0.4198"
"41,0 : 0.4198"
"0,42 : 0.6391"
"42,0 : 0.6391"
"0,43 : 0.7976"
"43,0 : 0.7976"
"0,44 : 0.5967"
"44,0 : 0.5967"
"0,45 : 0.5277"
"45,0 : 0.5277"
"0,46 : 0.4696"
"46,0 : 0.4696"
"0,47 : 0.1562"
"47,0 : 0.1562"
"0,48 : 0.5882"
"48,0 : 0.5882"
"0,49 : 0.7131"
"49,0 : 0.7131"
"1,2 : 0.3423"
"2,1 : 0.3423"
"1,3 : 0.614"
"3,1 : 0.614"
"1,4 : 0.8096"
"4,1 : 0.8096"
"1,5 : 0.8127"
"5,1 : 0.8127"
"1,6 : 0.3551"
"6,1 : 0.3551"
"1,7 : 0.8766"
"7,1 : 0.8766"
"1,8 : 0.578"
"8,1 : 0.578"
"1,9 : 0.4569"
"9,1 : 0.4569"
"1,10 : 0.8989"
"10,1 : 0.8989"
"1,11 : 0.4977"
"11,1 : 0.4977"
"1,12 : 0.3373"
"12,1 : 0.3373"
"1,13 : 0.3501"
"13,1 : 0.3501"
"1,14 : 0.7368"
"14,1 : 0.7368"
"1,15 : 0.3538"
"15,1 : 0.3538"
"1,16 : 1.0418"
"16,1 : 1.0418"
"1,17 : 0.3614"
"17,1 : 0.3614"
"1,18 : 0.35"
"18,1 : 0.35"
"1,19 : 0.4884"
"19,1 : 0.4884"
"1,20 : 0.0608"
"20,1 : 0.0608"
"1,21 : 0.5967"
"21,1 : 0.5967"
"1,22 : 0.4776"
"22,1 : 0.4776"
"1,23 : 0.5456"
"23,1 : 0.5456"
"1,24 : 0.2702"
"24,1 : 0.2702"
"1,25 : 0.2789"
"25,1 : 0.2789"
"1,26 : 0.8465"
"26,1 : 0.8465"
"1,27 : 0.8855"
"27,1 : 0.8855"
"1,28 : 0.9725"
"28,1 : 0.9725"
"1,29 : 0.2163"
"29,1 : 0.2163"
"1,30 : 0.4601"
"30,1 : 0.4601"
"1,31 : 0.7145"
"31,1 : 0.7145"
"1,32 : 0.0566"
"32,1 : 0.0566"
"1,33 : 0.836"
"33,1 : 0.836"
"1,34 : 0.1772"
"34,1 : 0.1772"
"1,35 : 0.8349"
"35,1 : 0.8349"
"1,36 : 0.7823"
"36,1 : 0.7823"
"1,37 : 1.0424"
"37,1 : 1.0424"
"1,38 : 0.6021"
"38,1 : 0.6021"
"1,39 : 0.912"
"39,1 : 0.912"
"1,40 : 0.3354"
"40,1 : 0.3354"
"1,41 : 0.7368"
"41,1 : 0.7368"
"1,42 : 0.9205"
"42,1 : 0.9205"
"1,43 : 0.8766"
"43,1 : 0.8766"
"1,44 : 0.9586"
"44,1 : 0.9586"
"1,45 : 0.2912"
"45,1 : 0.2912"
"1,46 : 0.8412"
"46,1 : 0.8412"
"1,47 : 0.3523"
"47,1 : 0.3523"
"1,48 : 0.3956"
"48,1 : 0.3956"
"1,49 : 0.7071"
"49,1 : 0.7071"
"2,3 : 0.2717"
"3,2 : 0.2717"
"2,4 : 0.4785"
"4,2 : 0.4785"
"2,5 : 0.483"
"5,2 : 0.483"
"2,6 : 0.1005"
"6,2 : 0.1005"
"2,7 : 0.5608"
"7,2 : 0.5608"
"2,8 : 0.5001"
"8,2 : 0.5001"
"2,9 : 0.4123"
"9,2 : 0.4123"
"2,10 : 0.5903"
"10,2 : 0.5903"
"2,11 : 0.2594"
"11,2 : 0.2594"
"2,12 : 0.1105"
"12,2 : 0.1105"
"2,13 : 0.4528"
"13,2 : 0.4528"
"2,14 : 0.45"
"14,2 : 0.45"
"2,15 : 0.3162"
"15,2 : 0.3162"
"2,16 : 0.7572"
"16,2 : 0.7572"
"2,17 : 0.4632"
"17,2 : 0.4632"
"2,18 : 0.0412"
"18,2 : 0.0412"
"2,19 : 0.3202"
"19,2 : 0.3202"
"2,20 : 0.3506"
"20,2 : 0.3506"
"2,21 : 0.26"
"21,2 : 0.26"
"2,22 : 0.1628"
"22,2 : 0.1628"
"2,23 : 0.3276"
"23,2 : 0.3276"
"2,24 : 0.2404"
"24,2 : 0.2404"
"2,25 : 0.0762"
"25,2 : 0.0762"
"2,26 : 0.5412"
"26,2 : 0.5412"
"2,27 : 0.5763"
"27,2 : 0.5763"
"2,28 : 0.6395"
"28,2 : 0.6395"
"2,29 : 0.2263"
"29,2 : 0.2263"
"2,30 : 0.5467"
"30,2 : 0.5467"
"2,31 : 0.5597"
"31,2 : 0.5597"
"2,32 : 0.3"
"32,2 : 0.3"
"2,33 : 0.6329"
"33,2 : 0.6329"
"2,34 : 0.1924"
"34,2 : 0.1924"
"2,35 : 0.5464"
"35,2 : 0.5464"
"2,36 : 0.4512"
"36,2 : 0.4512"
"2,37 : 0.7857"
"37,2 : 0.7857"
"2,38 : 0.4144"
"38,2 : 0.4144"
"2,39 : 0.5787"
"39,2 : 0.5787"
"2,40 : 0.322"
"40,2 : 0.322"
"2,41 : 0.3946"
"41,2 : 0.3946"
"2,42 : 0.5842"
"42,2 : 0.5842"
"2,43 : 0.6603"
"43,2 : 0.6603"
"2,44 : 0.6306"
"44,2 : 0.6306"
"2,45 : 0.4123"
"45,2 : 0.4123"
"2,46 : 0.5381"
"46,2 : 0.5381"
"2,47 : 0.2865"
"47,2 : 0.2865"
"2,48 : 0.4562"
"48,2 : 0.4562"
"2,49 : 0.5632"
"49,2 : 0.5632"
"3,4 : 0.2408"
"4,3 : 0.2408"
"3,5 : 0.2484"
"5,3 : 0.2484"
"3,6 : 0.2907"
"6,3 : 0.2907"
"3,7 : 0.3466"
"7,3 : 0.3466"
"3,8 : 0.5903"
"8,3 : 0.5903"
"3,9 : 0.5544"
"9,3 : 0.5544"
"3,10 : 0.3895"
"10,3 : 0.3895"
"3,11 : 0.3002"
"11,3 : 0.3002"
"3,12 : 0.313"
"12,3 : 0.313"
"3,13 : 0.6621"
"13,3 : 0.6621"
"3,14 : 0.3132"
"14,3 : 0.3132"
"3,15 : 0.4958"
"15,3 : 0.4958"
"3,16 : 0.5763"
"16,3 : 0.5763"
"3,17 : 0.6684"
"17,3 : 0.6684"
"3,18 : 0.2693"
"18,3 : 0.2693"
"3,19 : 0.4031"
"19,3 : 0.4031"
"3,20 : 0.6201"
"20,3 : 0.6201"
"3,21 : 0.0762"
"21,3 : 0.0762"
"3,22 : 0.1836"
"22,3 : 0.1836"
"3,23 : 0.3523"
"23,3 : 0.3523"
"3,24 : 0.4617"
"24,3 : 0.4617"
"3,25 : 0.34"
"25,3 : 0.34"
"3,26 : 0.35"
"26,3 : 0.35"
"3,27 : 0.3759"
"27,3 : 0.3759"
"3,28 : 0.3863"
"28,3 : 0.3863"
"3,29 : 0.4701"
"29,3 : 0.4701"
"3,30 : 0.7325"
"30,3 : 0.7325"
"3,31 : 0.5672"
"31,3 : 0.5672"
"3,32 : 0.5708"
"32,3 : 0.5708"
"3,33 : 0.5731"
"33,3 : 0.5731"
"3,34 : 0.4561"
"34,3 : 0.4561"
"3,35 : 0.3847"
"35,3 : 0.3847"
"3,36 : 0.214"
"36,3 : 0.214"
"3,37 : 0.6401"
"37,3 : 0.6401"
"3,38 : 0.4342"
"38,3 : 0.4342"
"3,39 : 0.327"
"39,3 : 0.327"
"3,40 : 0.5143"
"40,3 : 0.5143"
"3,41 : 0.1237"
"41,3 : 0.1237"
"3,42 : 0.3257"
"42,3 : 0.3257"
"3,43 : 0.5805"
"43,3 : 0.5805"
"3,44 : 0.3895"
"44,3 : 0.3895"
"3,45 : 0.6351"
"45,3 : 0.6351"
"3,46 : 0.3547"
"46,3 : 0.3547"
"3,47 : 0.4653"
"47,3 : 0.4653"
"3,48 : 0.6438"
"48,3 : 0.6438"
"3,49 : 0.5805"
"49,3 : 0.5805"
"4,5 : 0.01"
"5,4 : 0.01"
"4,6 : 0.522"
"6,4 : 0.522"
"4,7 : 0.4295"
"7,4 : 0.4295"
"4,8 : 0.8249"
"8,4 : 0.8249"
"4,9 : 0.614"
"9,4 : 0.614"
"4,10 : 0.1628"
"10,4 : 0.1628"
"4,11 : 0.5382"
"11,4 : 0.5382"
"4,12 : 0.5441"
"12,4 : 0.5441"
"4,13 : 0.7666"
"13,4 : 0.7666"
"4,14 : 0.4851"
"14,4 : 0.4851"
"4,15 : 0.7355"
"15,4 : 0.7355"
"4,16 : 0.661"
"16,4 : 0.661"
"4,17 : 0.9069"
"17,4 : 0.9069"
"4,18 : 0.4888"
"18,4 : 0.4888"
"4,19 : 0.4535"
"19,4 : 0.4535"
"4,20 : 0.8028"
"20,4 : 0.8028"
"4,21 : 0.2195"
"21,4 : 0.2195"
"4,22 : 0.3324"
"22,4 : 0.3324"
"4,23 : 0.3764"
"23,4 : 0.3764"
"4,24 : 0.6013"
"24,4 : 0.6013"
"4,25 : 0.5314"
"25,4 : 0.5314"
"4,26 : 0.4627"
"26,4 : 0.4627"
"4,27 : 0.1513"
"27,4 : 0.1513"
"4,28 : 0.3774"
"28,4 : 0.3774"
"4,29 : 0.6964"
"29,4 : 0.6964"
"4,30 : 0.8078"
"30,4 : 0.8078"
"4,31 : 0.7811"
"31,4 : 0.7811"
"4,32 : 0.7596"
"32,4 : 0.7596"
"4,33 : 0.7566"
"33,4 : 0.7566"
"4,34 : 0.6708"
"34,4 : 0.6708"
"4,35 : 0.5204"
"35,4 : 0.5204"
"4,36 : 0.3102"
"36,4 : 0.3102"
"4,37 : 0.755"
"37,4 : 0.755"
"4,38 : 0.4206"
"38,4 : 0.4206"
"4,39 : 0.3401"
"39,4 : 0.3401"
"4,40 : 0.622"
"40,4 : 0.622"
"4,41 : 0.1552"
"41,4 : 0.1552"
"4,42 : 0.3176"
"42,4 : 0.3176"
"4,43 : 0.7517"
"43,4 : 0.7517"
"4,44 : 0.1526"
"44,4 : 0.1526"
"4,45 : 0.8701"
"45,4 : 0.8701"
"4,46 : 0.153"
"46,4 : 0.153"
"4,47 : 0.5714"
"47,4 : 0.5714"
"4,48 : 0.8839"
"48,4 : 0.8839"
"4,49 : 0.7971"
"49,4 : 0.7971"
"5,6 : 0.528"
"6,5 : 0.528"
"5,7 : 0.4393"
"7,5 : 0.4393"
"5,8 : 0.8335"
"8,5 : 0.8335"
"5,9 : 0.6113"
"9,5 : 0.6113"
"5,10 : 0.153"
"10,5 : 0.153"
"5,11 : 0.5464"
"11,5 : 0.5464"
"5,12 : 0.55"
"12,5 : 0.55"
"5,13 : 0.7653"
"13,5 : 0.7653"
"5,14 : 0.495"
"14,5 : 0.495"
"5,15 : 0.7425"
"15,5 : 0.7425"
"5,16 : 0.6705"
"16,5 : 0.6705"
"5,17 : 0.9135"
"17,5 : 0.9135"
"5,18 : 0.494"
"18,5 : 0.494"
"5,19 : 0.4512"
"19,5 : 0.4512"
"5,20 : 0.8052"
"20,5 : 0.8052"
"5,21 : 0.2247"
"21,5 : 0.2247"
"5,22 : 0.3353"
"22,5 : 0.3353"
"5,23 : 0.3736"
"23,5 : 0.3736"
"5,24 : 0.6021"
"24,5 : 0.6021"
"5,25 : 0.5349"
"25,5 : 0.5349"
"5,26 : 0.4727"
"26,5 : 0.4727"
"5,27 : 0.1414"
"27,5 : 0.1414"
"5,28 : 0.3859"
"28,5 : 0.3859"
"5,29 : 0.7018"
"29,5 : 0.7018"
"5,30 : 0.8052"
"30,5 : 0.8052"
"5,31 : 0.7906"
"31,5 : 0.7906"
"5,32 : 0.7624"
"32,5 : 0.7624"
"5,33 : 0.7666"
"33,5 : 0.7666"
"5,34 : 0.6754"
"34,5 : 0.6754"
"5,35 : 0.5304"
"35,5 : 0.5304"
"5,36 : 0.3202"
"36,5 : 0.3202"
"5,37 : 0.7649"
"37,5 : 0.7649"
"5,38 : 0.4159"
"38,5 : 0.4159"
"5,39 : 0.3493"
"39,5 : 0.3493"
"5,40 : 0.6213"
"40,5 : 0.6213"
"5,41 : 0.1649"
"41,5 : 0.1649"
"5,42 : 0.3265"
"42,5 : 0.3265"
"5,43 : 0.7616"
"43,5 : 0.7616"
"5,44 : 0.1476"
"44,5 : 0.1476"
"5,45 : 0.8762"
"45,5 : 0.8762"
"5,46 : 0.1432"
"46,5 : 0.1432"
"5,47 : 0.5708"
"47,5 : 0.5708"
"5,48 : 0.891"
"48,5 : 0.891"
"5,49 : 0.8065"
"49,5 : 0.8065"
"6,7 : 0.5217"
"7,6 : 0.5217"
"6,8 : 0.4"
"8,6 : 0.4"
"6,9 : 0.5092"
"9,6 : 0.5092"
"6,10 : 0.6507"
"10,6 : 0.6507"
"6,11 : 0.1703"
"11,6 : 0.1703"
"6,12 : 0.0224"
"12,6 : 0.0224"
"6,13 : 0.5326"
"13,6 : 0.5326"
"6,14 : 0.3891"
"14,6 : 0.3891"
"6,15 : 0.2283"
"15,6 : 0.2283"
"6,16 : 0.6977"
"16,6 : 0.6977"
"6,17 : 0.3895"
"17,6 : 0.3895"
"6,18 : 0.06"
"18,6 : 0.06"
"6,19 : 0.4205"
"19,6 : 0.4205"
"6,20 : 0.3795"
"20,6 : 0.3795"
"6,21 : 0.3048"
"21,6 : 0.3048"
"6,22 : 0.2417"
"22,6 : 0.2417"
"6,23 : 0.4243"
"23,6 : 0.4243"
"6,24 : 0.3245"
"24,6 : 0.3245"
"6,25 : 0.1526"
"25,6 : 0.1526"
"6,26 : 0.4934"
"26,6 : 0.4934"
"6,27 : 0.6366"
"27,6 : 0.6366"
"6,28 : 0.6201"
"28,6 : 0.6201"
"6,29 : 0.1803"
"29,6 : 0.1803"
"6,30 : 0.6325"
"30,6 : 0.6325"
"6,31 : 0.4624"
"31,6 : 0.4624"
"6,32 : 0.3257"
"32,6 : 0.3257"
"6,33 : 0.5441"
"33,6 : 0.5441"
"6,34 : 0.1803"
"34,6 : 0.1803"
"6,35 : 0.4875"
"35,6 : 0.4875"
"6,36 : 0.43"
"36,6 : 0.43"
"6,37 : 0.714"
"37,6 : 0.714"
"6,38 : 0.5124"
"38,6 : 0.5124"
"6,39 : 0.56"
"39,6 : 0.56"
"6,40 : 0.4118"
"40,6 : 0.4118"
"6,41 : 0.4123"
"41,6 : 0.4123"
"6,42 : 0.5708"
"42,6 : 0.5708"
"6,43 : 0.5749"
"43,6 : 0.5749"
"6,44 : 0.6742"
"44,6 : 0.6742"
"6,45 : 0.3483"
"45,6 : 0.3483"
"6,46 : 0.6031"
"46,6 : 0.6031"
"6,47 : 0.3808"
"47,6 : 0.3808"
"6,48 : 0.3744"
"48,6 : 0.3744"
"6,49 : 0.4649"
"49,6 : 0.4649"
"7,8 : 0.5867"
"8,7 : 0.5867"
"7,9 : 0.9003"
"9,7 : 0.9003"
"7,10 : 0.5831"
"10,7 : 0.5831"
"7,11 : 0.4005"
"11,7 : 0.4005"
"7,12 : 0.5394"
"12,7 : 0.5394"
"7,13 : 0.9964"
"13,7 : 0.9964"
"7,14 : 0.1709"
"14,7 : 0.1709"
"7,15 : 0.6265"
"15,7 : 0.6265"
"7,16 : 0.2371"
"16,7 : 0.2371"
"7,17 : 0.7908"
"17,7 : 0.7908"
"7,18 : 0.5376"
"18,7 : 0.5376"
"7,19 : 0.7495"
"19,7 : 0.7495"
"7,20 : 0.8999"
"20,7 : 0.8999"
"7,21 : 0.4177"
"21,7 : 0.4177"
"7,22 : 0.5263"
"22,7 : 0.5263"
"7,23 : 0.6953"
"23,7 : 0.6953"
"7,24 : 0.7877"
"24,7 : 0.7877"
"7,25 : 0.6369"
"25,7 : 0.6369"
"7,26 : 0.0566"
"26,7 : 0.0566"
"7,27 : 0.5743"
"27,7 : 0.5743"
"7,28 : 0.1487"
"28,7 : 0.1487"
"7,29 : 0.6818"
"29,7 : 0.6818"
"7,30 : 1.0742"
"30,7 : 1.0742"
"7,31 : 0.4669"
"31,7 : 0.4669"
"7,32 : 0.8465"
"32,7 : 0.8465"
"7,33 : 0.3808"
"33,7 : 0.3808"
"7,34 : 0.7004"
"34,7 : 0.7004"
"7,35 : 0.1221"
"35,7 : 0.1221"
"7,36 : 0.136"
"36,7 : 0.136"
"7,37 : 0.3256"
"37,7 : 0.3256"
"7,38 : 0.772"
"38,7 : 0.772"
"7,39 : 0.1208"
"39,7 : 0.1208"
"7,40 : 0.8515"
"40,7 : 0.8515"
"7,41 : 0.2997"
"41,7 : 0.2997"
"7,42 : 0.1523"
"42,7 : 0.1523"
"7,43 : 0.3585"
"43,7 : 0.3585"
"7,44 : 0.5016"
"44,7 : 0.5016"
"7,45 : 0.7877"
"45,7 : 0.7877"
"7,46 : 0.5825"
"46,7 : 0.5825"
"7,47 : 0.8045"
"47,7 : 0.8045"
"7,48 : 0.7473"
"48,7 : 0.7473"
"7,49 : 0.4884"
"49,7 : 0.4884"
"8,9 : 0.8963"
"9,8 : 0.8963"
"8,10 : 0.9795"
"10,8 : 0.9795"
"8,11 : 0.2915"
"11,8 : 0.2915"
"8,12 : 0.3905"
"12,8 : 0.3905"
"8,13 : 0.8785"
"13,8 : 0.8785"
"8,14 : 0.4188"
"14,8 : 0.4188"
"8,15 : 0.2283"
"15,8 : 0.2283"
"8,16 : 0.6251"
"16,8 : 0.6251"
"8,17 : 0.2823"
"17,8 : 0.2823"
"8,18 : 0.46"
"18,8 : 0.46"
"8,19 : 0.8202"
"19,8 : 0.8202"
"8,20 : 0.6325"
"20,8 : 0.6325"
"8,21 : 0.6426"
"21,8 : 0.6426"
"8,22 : 0.628"
"22,8 : 0.628"
"8,23 : 0.8222"
"23,8 : 0.8222"
"8,24 : 0.6938"
"24,8 : 0.6938"
"8,25 : 0.536"
"25,8 : 0.536"
"8,26 : 0.5324"
"26,8 : 0.5324"
"8,27 : 0.966"
"27,8 : 0.966"
"8,28 : 0.7325"
"28,8 : 0.7325"
"8,29 : 0.3801"
"29,8 : 0.3801"
"8,30 : 0.9879"
"30,8 : 0.9879"
"8,31 : 0.1726"
"31,8 : 0.1726"
"8,32 : 0.5883"
"32,8 : 0.5883"
"8,33 : 0.3225"
"33,8 : 0.3225"
"8,34 : 0.4478"
"34,8 : 0.4478"
"8,35 : 0.4793"
"35,8 : 0.4793"
"8,36 : 0.5873"
"36,8 : 0.5873"
"8,37 : 0.5708"
"37,8 : 0.5708"
"8,38 : 0.9114"
"38,8 : 0.9114"
"8,39 : 0.6882"
"39,8 : 0.6882"
"8,40 : 0.7859"
"40,8 : 0.7859"
"8,41 : 0.6768"
"41,8 : 0.6768"
"8,42 : 0.714"
"42,8 : 0.714"
"8,43 : 0.3722"
"43,8 : 0.3722"
"8,44 : 0.9626"
"44,8 : 0.9626"
"8,45 : 0.3245"
"45,8 : 0.3245"
"8,46 : 0.9443"
"46,8 : 0.9443"
"8,47 : 0.7649"
"47,8 : 0.7649"
"8,48 : 0.2285"
"48,8 : 0.2285"
"8,49 : 0.1552"
"49,8 : 0.1552"
"9,10 : 0.6201"
"10,9 : 0.6201"
"9,11 : 0.6712"
"11,9 : 0.6712"
"9,12 : 0.5124"
"12,9 : 0.5124"
"9,13 : 0.1838"
"13,9 : 0.1838"
"9,14 : 0.8324"
"14,9 : 0.8324"
"9,15 : 0.6826"
"15,9 : 0.6826"
"9,16 : 1.1243"
"16,9 : 1.1243"
"9,17 : 0.7752"
"17,9 : 0.7752"
"9,18 : 0.4531"
"18,9 : 0.4531"
"9,19 : 0.1616"
"19,9 : 0.1616"
"9,20 : 0.4071"
"20,9 : 0.4071"
"9,21 : 0.4883"
"21,9 : 0.4883"
"9,22 : 0.3748"
"22,9 : 0.3748"
"9,23 : 0.2377"
"23,9 : 0.2377"
"9,24 : 0.2102"
"24,9 : 0.2102"
"9,25 : 0.3614"
"25,9 : 0.3614"
"9,26 : 0.8981"
"26,9 : 0.8981"
"9,27 : 0.6103"
"27,9 : 0.6103"
"9,28 : 0.9296"
"28,9 : 0.9296"
"9,29 : 0.54"
"29,9 : 0.54"
"9,30 : 0.1942"
"30,9 : 0.1942"
"9,31 : 0.9714"
"31,9 : 0.9714"
"9,32 : 0.405"
"32,9 : 0.405"
"9,33 : 1.0424"
"33,9 : 1.0424"
"9,34 : 0.4701"
"34,9 : 0.4701"
"9,35 : 0.921"
"35,9 : 0.921"
"9,36 : 0.7684"
"36,9 : 0.7684"
"9,37 : 1.1729"
"37,9 : 1.1729"
"9,38 : 0.222"
"38,9 : 0.222"
"9,39 : 0.8737"
"39,9 : 0.8737"
"9,40 : 0.1237"
"40,9 : 0.1237"
"9,41 : 0.6363"
"41,9 : 0.6363"
"9,42 : 0.8661"
"42,9 : 0.8661"
"9,43 : 1.0668"
"43,9 : 1.0668"
"9,44 : 0.7256"
"44,9 : 0.7256"
"9,45 : 0.7071"
"45,9 : 0.7071"
"9,46 : 0.5604"
"46,9 : 0.5604"
"9,47 : 0.1315"
"47,9 : 0.1315"
"9,48 : 0.791"
"48,9 : 0.791"
"9,49 : 0.9741"
"49,9 : 0.9741"
"10,11 : 0.6896"
"11,10 : 0.6896"
"10,12 : 0.6718"
"12,10 : 0.6718"
"10,13 : 0.7923"
"13,10 : 0.7923"
"10,14 : 0.6478"
"14,10 : 0.6478"
"10,15 : 0.8732"
"15,10 : 0.8732"
"10,16 : 0.8081"
"16,10 : 0.8081"
"10,17 : 1.04"
"17,10 : 1.04"
"10,18 : 0.6088"
"18,10 : 0.6088"
"10,19 : 0.4727"
"19,10 : 0.4727"
"10,20 : 0.8824"
"20,10 : 0.8824"
"10,21 : 0.3483"
"21,10 : 0.3483"
"10,22 : 0.4301"
"22,10 : 0.4301"
"10,23 : 0.3932"
"23,10 : 0.3932"
"10,24 : 0.661"
"24,10 : 0.661"
"10,25 : 0.6297"
"25,10 : 0.6297"
"10,26 : 0.6203"
"26,10 : 0.6203"
"10,27 : 0.0141"
"27,10 : 0.0141"
"10,28 : 0.5092"
"28,10 : 0.5092"
"10,29 : 0.8157"
"29,10 : 0.8157"
"10,30 : 0.8115"
"30,10 : 0.8115"
"10,31 : 0.9425"
"31,10 : 0.9425"
"10,32 : 0.8453"
"32,10 : 0.8453"
"10,33 : 0.9192"
"33,10 : 0.9192"
"10,34 : 0.7801"
"34,10 : 0.7801"
"10,35 : 0.6801"
"35,10 : 0.6801"
"10,36 : 0.4704"
"36,10 : 0.4704"
"10,37 : 0.908"
"37,10 : 0.908"
"10,38 : 0.402"
"38,10 : 0.402"
"10,39 : 0.4827"
"39,10 : 0.4827"
"10,40 : 0.6592"
"40,10 : 0.6592"
"10,41 : 0.3178"
"41,10 : 0.3178"
"10,42 : 0.4561"
"42,10 : 0.4561"
"10,43 : 0.9135"
"43,10 : 0.9135"
"10,44 : 0.1281"
"44,10 : 0.1281"
"10,45 : 0.9972"
"45,10 : 0.9972"
"10,46 : 0.0608"
"46,10 : 0.0608"
"10,47 : 0.6119"
"47,10 : 0.6119"
"10,48 : 1.0218"
"48,10 : 1.0218"
"10,49 : 0.9582"
"49,10 : 0.9582"
"11,12 : 0.1769"
"12,11 : 0.1769"
"11,13 : 0.7029"
"13,11 : 0.7029"
"11,14 : 0.2433"
"14,11 : 0.2433"
"11,15 : 0.2309"
"15,11 : 0.2309"
"11,16 : 0.5442"
"16,11 : 0.5442"
"11,17 : 0.4031"
"17,11 : 0.4031"
"11,18 : 0.2195"
"18,11 : 0.2195"
"11,19 : 0.5652"
"19,11 : 0.5652"
"11,20 : 0.5324"
"20,11 : 0.5324"
"11,21 : 0.3511"
"21,11 : 0.3511"
"11,22 : 0.3501"
"22,11 : 0.3501"
"11,23 : 0.5523"
"23,11 : 0.5523"
"11,24 : 0.4941"
"24,11 : 0.4941"
"11,25 : 0.322"
"25,11 : 0.322"
"11,26 : 0.3606"
"26,11 : 0.3606"
"11,27 : 0.676"
"27,11 : 0.676"
"11,28 : 0.5239"
"28,11 : 0.5239"
"11,29 : 0.2886"
"29,11 : 0.2886"
"11,30 : 0.8021"
"30,11 : 0.8021"
"11,31 : 0.3059"
"31,11 : 0.3059"
"11,32 : 0.4789"
"32,11 : 0.4789"
"11,33 : 0.3744"
"33,11 : 0.3744"
"11,34 : 0.322"
"34,11 : 0.322"
"11,35 : 0.3396"
"35,11 : 0.3396"
"11,36 : 0.3454"
"36,11 : 0.3454"
"11,37 : 0.5492"
"37,11 : 0.5492"
"11,38 : 0.6428"
"38,11 : 0.6428"
"11,39 : 0.4684"
"39,11 : 0.4684"
"11,40 : 0.5798"
"40,11 : 0.5798"
"11,41 : 0.3962"
"41,11 : 0.3962"
"11,42 : 0.487"
"42,11 : 0.487"
"11,43 : 0.4046"
"43,11 : 0.4046"
"11,44 : 0.6812"
"44,11 : 0.6812"
"11,45 : 0.3905"
"45,11 : 0.3905"
"11,46 : 0.6531"
"46,11 : 0.6531"
"11,47 : 0.5459"
"47,11 : 0.5459"
"11,48 : 0.3672"
"48,11 : 0.3672"
"11,49 : 0.3126"
"49,11 : 0.3126"
"12,13 : 0.528"
"13,12 : 0.528"
"12,14 : 0.4031"
"14,12 : 0.4031"
"12,15 : 0.2102"
"15,12 : 0.2102"
"12,16 : 0.7111"
"16,12 : 0.7111"
"12,17 : 0.3688"
"17,12 : 0.3688"
"12,18 : 0.0728"
"18,12 : 0.0728"
"12,19 : 0.43"
"19,12 : 0.43"
"12,20 : 0.364"
"20,12 : 0.364"
"12,21 : 0.3265"
"21,12 : 0.3265"
"12,22 : 0.2594"
"22,12 : 0.2594"
"12,23 : 0.4374"
"23,12 : 0.4374"
"12,24 : 0.3225"
"24,12 : 0.3225"
"12,25 : 0.1523"
"25,12 : 0.1523"
"12,26 : 0.5096"
"26,12 : 0.5096"
"12,27 : 0.6576"
"27,12 : 0.6576"
"12,28 : 0.64"
"28,12 : 0.64"
"12,29 : 0.1581"
"29,12 : 0.1581"
"12,30 : 0.6297"
"30,12 : 0.6297"
"12,31 : 0.461"
"31,12 : 0.461"
"12,32 : 0.3102"
"32,12 : 0.3102"
"12,33 : 0.5482"
"33,12 : 0.5482"
"12,34 : 0.1612"
"34,12 : 0.1612"
"12,35 : 0.5016"
"35,12 : 0.5016"
"12,36 : 0.4501"
"36,12 : 0.4501"
"12,37 : 0.7242"
"37,12 : 0.7242"
"12,38 : 0.5247"
"38,12 : 0.5247"
"12,39 : 0.5801"
"39,12 : 0.5801"
"12,40 : 0.4115"
"40,12 : 0.4115"
"12,41 : 0.4346"
"41,12 : 0.4346"
"12,42 : 0.5914"
"42,12 : 0.5914"
"12,43 : 0.5805"
"43,12 : 0.5805"
"12,44 : 0.6963"
"44,12 : 0.6963"
"12,45 : 0.3265"
"45,12 : 0.3265"
"12,46 : 0.6237"
"46,12 : 0.6237"
"12,47 : 0.3828"
"47,12 : 0.3828"
"12,48 : 0.3551"
"48,12 : 0.3551"
"12,49 : 0.4624"
"49,12 : 0.4624"
"13,14 : 0.9014"
"14,13 : 0.9014"
"13,15 : 0.6519"
"15,13 : 0.6519"
"13,16 : 1.206"
"16,13 : 1.206"
"13,17 : 0.7046"
"17,13 : 0.7046"
"13,18 : 0.488"
"18,13 : 0.488"
"13,19 : 0.3202"
"19,13 : 0.3202"
"13,20 : 0.2907"
"20,13 : 0.2907"
"13,21 : 0.6075"
"21,13 : 0.6075"
"13,22 : 0.4793"
"22,13 : 0.4793"
"13,23 : 0.4001"
"23,13 : 0.4001"
"13,24 : 0.2126"
"24,13 : 0.2126"
"13,25 : 0.3821"
"25,13 : 0.3821"
"13,26 : 0.9847"
"26,13 : 0.9847"
"13,27 : 0.7816"
"27,13 : 0.7816"
"13,28 : 1.0479"
"28,13 : 1.0479"
"13,29 : 0.4998"
"29,13 : 0.4998"
"13,30 : 0.1118"
"30,13 : 0.1118"
"13,31 : 0.9827"
"31,13 : 0.9827"
"13,32 : 0.3114"
"32,13 : 0.3114"
"13,33 : 1.0762"
"33,13 : 1.0762"
"13,34 : 0.4308"
"34,13 : 0.4308"
"13,35 : 0.9964"
"35,13 : 0.9964"
"13,36 : 0.8724"
"36,13 : 0.8724"
"13,37 : 1.2384"
"37,13 : 1.2384"
"13,38 : 0.4026"
"38,13 : 0.4026"
"13,39 : 0.989"
"39,13 : 0.989"
"13,40 : 0.1487"
"40,13 : 0.1487"
"13,41 : 0.7622"
"41,13 : 0.7622"
"13,42 : 0.9862"
"42,13 : 0.9862"
"13,43 : 1.1075"
"43,13 : 1.1075"
"13,44 : 0.8902"
"44,13 : 0.8902"
"13,45 : 0.6339"
"45,13 : 0.6339"
"13,46 : 0.7317"
"46,13 : 0.7317"
"13,47 : 0.1992"
"47,13 : 0.1992"
"13,48 : 0.7316"
"48,13 : 0.7316"
"13,49 : 0.9811"
"49,13 : 0.9811"
"14,15 : 0.461"
"15,14 : 0.461"
"14,16 : 0.3089"
"16,14 : 0.3089"
"14,17 : 0.6217"
"17,14 : 0.6217"
"14,18 : 0.4188"
"18,14 : 0.4188"
"14,19 : 0.6964"
"19,14 : 0.6964"
"14,20 : 0.7669"
"20,14 : 0.7669"
"14,21 : 0.389"
"21,14 : 0.389"
"14,22 : 0.4632"
"22,14 : 0.4632"
"14,23 : 0.6574"
"23,14 : 0.6574"
"14,24 : 0.6888"
"24,14 : 0.6888"
"14,25 : 0.5243"
"25,14 : 0.5243"
"14,26 : 0.1217"
"26,14 : 0.1217"
"14,27 : 0.6364"
"27,14 : 0.6364"
"14,28 : 0.3138"
"28,14 : 0.3138"
"14,29 : 0.5315"
"29,14 : 0.5315"
"14,30 : 0.9901"
"30,14 : 0.9901"
"14,31 : 0.3162"
"31,14 : 0.3162"
"14,32 : 0.7131"
"32,14 : 0.7131"
"14,33 : 0.2717"
"33,14 : 0.2717"
"14,34 : 0.5597"
"34,14 : 0.5597"
"14,35 : 0.0985"
"35,14 : 0.0985"
"14,36 : 0.1879"
"36,14 : 0.1879"
"14,37 : 0.3406"
"37,14 : 0.3406"
"14,38 : 0.7432"
"38,14 : 0.7432"
"14,39 : 0.2702"
"39,14 : 0.2702"
"14,40 : 0.7638"
"40,14 : 0.7638"
"14,41 : 0.3314"
"41,14 : 0.3314"
"14,42 : 0.2973"
"42,14 : 0.2973"
"14,43 : 0.2707"
"43,14 : 0.2707"
"14,44 : 0.5946"
"44,14 : 0.5946"
"14,45 : 0.622"
"45,14 : 0.622"
"14,46 : 0.6313"
"46,14 : 0.6313"
"14,47 : 0.7214"
"47,14 : 0.7214"
"14,48 : 0.5772"
"48,14 : 0.5772"
"14,49 : 0.336"
"49,14 : 0.336"
"15,16 : 0.7398"
"16,15 : 0.7398"
"15,17 : 0.1749"
"17,15 : 0.1749"
"15,18 : 0.2823"
"18,15 : 0.2823"
"15,19 : 0.6265"
"19,15 : 0.6265"
"15,20 : 0.4061"
"20,15 : 0.4061"
"15,21 : 0.525"
"21,15 : 0.525"
"15,22 : 0.4696"
"22,15 : 0.4696"
"15,23 : 0.6429"
"23,15 : 0.6429"
"15,24 : 0.4752"
"24,15 : 0.4752"
"15,25 : 0.3314"
"25,15 : 0.3314"
"15,26 : 0.5822"
"26,15 : 0.5822"
"15,27 : 0.8591"
"27,15 : 0.8591"
"15,28 : 0.7543"
"28,15 : 0.7543"
"15,29 : 0.1523"
"29,15 : 0.1523"
"15,30 : 0.7622"
"30,15 : 0.7622"
"15,31 : 0.3624"
"31,15 : 0.3624"
"15,32 : 0.3606"
"32,15 : 0.3606"
"15,33 : 0.4924"
"33,15 : 0.4924"
"15,34 : 0.2214"
"34,15 : 0.2214"
"15,35 : 0.5501"
"35,15 : 0.5501"
"15,36 : 0.5758"
"36,15 : 0.5758"
"15,37 : 0.7178"
"37,15 : 0.7178"
"15,38 : 0.7278"
"38,15 : 0.7278"
"15,39 : 0.6992"
"39,15 : 0.6992"
"15,40 : 0.5672"
"40,15 : 0.5672"
"15,41 : 0.608"
"41,15 : 0.608"
"15,42 : 0.7178"
"42,15 : 0.7178"
"15,43 : 0.5367"
"43,15 : 0.5367"
"15,44 : 0.8853"
"44,15 : 0.8853"
"15,45 : 0.1612"
"45,15 : 0.1612"
"15,46 : 0.828"
"46,15 : 0.828"
"15,47 : 0.5515"
"47,15 : 0.5515"
"15,48 : 0.1487"
"48,15 : 0.1487"
"15,49 : 0.3538"
"49,15 : 0.3538"
"16,17 : 0.8805"
"17,16 : 0.8805"
"16,18 : 0.7272"
"18,16 : 0.7272"
"16,19 : 0.9784"
"19,16 : 0.9784"
"16,20 : 1.0742"
"20,16 : 1.0742"
"16,21 : 0.65"
"21,16 : 0.65"
"16,22 : 0.7497"
"22,16 : 0.7497"
"16,23 : 0.928"
"23,16 : 0.928"
"16,24 : 0.994"
"24,16 : 0.994"
"16,25 : 0.8322"
"25,16 : 0.8322"
"16,26 : 0.2267"
"26,16 : 0.2267"
"16,27 : 0.8005"
"27,16 : 0.8005"
"16,28 : 0.31"
"28,16 : 0.31"
"16,29 : 0.8317"
"29,16 : 0.8317"
"16,30 : 1.2907"
"30,16 : 1.2907"
"16,31 : 0.4632"
"31,16 : 0.4632"
"16,32 : 1.0204"
"32,16 : 1.0204"
"16,33 : 0.3231"
"33,16 : 0.3231"
"16,34 : 0.8654"
"34,16 : 0.8654"
"16,35 : 0.211"
"35,16 : 0.211"
"16,36 : 0.3722"
"36,16 : 0.3722"
"16,37 : 0.1208"
"37,16 : 0.1208"
"16,38 : 1.0069"
"38,16 : 1.0069"
"16,39 : 0.3256"
"39,16 : 0.3256"
"16,40 : 1.0653"
"40,16 : 1.0653"
"16,41 : 0.5367"
"41,16 : 0.5367"
"16,42 : 0.3536"
"42,16 : 0.3536"
"16,43 : 0.2773"
"43,16 : 0.2773"
"16,44 : 0.7134"
"44,16 : 0.7134"
"16,45 : 0.8956"
"45,16 : 0.8956"
"16,46 : 0.8132"
"46,16 : 0.8132"
"16,47 : 1.0207"
"47,16 : 1.0207"
"16,48 : 0.8301"
"48,16 : 0.8301"
"16,49 : 0.4851"
"49,16 : 0.4851"
"17,18 : 0.436"
"18,17 : 0.436"
"17,19 : 0.7495"
"19,17 : 0.7495"
"17,20 : 0.422"
"20,17 : 0.422"
"17,21 : 0.693"
"21,17 : 0.693"
"17,22 : 0.6243"
"22,17 : 0.6243"
"17,23 : 0.7788"
"23,17 : 0.7788"
"17,24 : 0.5657"
"24,17 : 0.5657"
"17,25 : 0.4569"
"25,17 : 0.4569"
"17,26 : 0.7433"
"26,17 : 0.7433"
"17,27 : 1.0259"
"27,17 : 1.0259"
"17,28 : 0.9235"
"28,17 : 0.9235"
"17,29 : 0.247"
"29,17 : 0.247"
"17,30 : 0.8161"
"30,17 : 0.8161"
"17,31 : 0.4522"
"31,17 : 0.4522"
"17,32 : 0.3932"
"32,17 : 0.3932"
"17,33 : 0.5991"
"33,17 : 0.5991"
"17,34 : 0.3105"
"34,17 : 0.3105"
"17,35 : 0.7046"
"35,17 : 0.7046"
"17,36 : 0.7485"
"36,17 : 0.7485"
"17,37 : 0.8417"
"37,17 : 0.8417"
"17,38 : 0.858"
"38,17 : 0.858"
"17,39 : 0.8698"
"39,17 : 0.8698"
"17,40 : 0.6528"
"40,17 : 0.6528"
"17,41 : 0.7824"
"41,17 : 0.7824"
"17,42 : 0.8896"
"42,17 : 0.8896"
"17,43 : 0.6476"
"43,17 : 0.6476"
"17,44 : 1.0576"
"44,17 : 1.0576"
"17,45 : 0.0707"
"45,17 : 0.0707"
"17,46 : 0.9925"
"46,17 : 0.9925"
"17,47 : 0.6494"
"47,17 : 0.6494"
"17,48 : 0.0539"
"48,17 : 0.0539"
"17,49 : 0.4366"
"49,17 : 0.4366"
"18,19 : 0.3606"
"19,18 : 0.3606"
"18,20 : 0.365"
"20,18 : 0.365"
"18,21 : 0.2693"
"21,18 : 0.2693"
"18,22 : 0.1887"
"22,18 : 0.1887"
"18,23 : 0.365"
"23,18 : 0.365"
"18,24 : 0.2766"
"24,18 : 0.2766"
"18,25 : 0.1063"
"25,18 : 0.1063"
"18,26 : 0.5148"
"26,18 : 0.5148"
"18,27 : 0.5946"
"27,18 : 0.5946"
"18,28 : 0.6239"
"28,18 : 0.6239"
"18,29 : 0.2081"
"29,18 : 0.2081"
"18,30 : 0.5841"
"30,18 : 0.5841"
"18,31 : 0.5187"
"31,18 : 0.5187"
"18,32 : 0.3126"
"32,18 : 0.3126"
"18,33 : 0.5936"
"33,18 : 0.5936"
"18,34 : 0.1868"
"34,18 : 0.1868"
"18,35 : 0.5162"
"35,18 : 0.5162"
"18,36 : 0.4342"
"36,18 : 0.4342"
"18,37 : 0.7517"
"37,18 : 0.7517"
"18,38 : 0.4528"
"38,18 : 0.4528"
"18,39 : 0.5632"
"39,18 : 0.5632"
"18,40 : 0.3606"
"40,18 : 0.3606"
"18,41 : 0.3929"
"41,18 : 0.3929"
"18,42 : 0.5708"
"42,18 : 0.5708"
"18,43 : 0.622"
"43,18 : 0.622"
"18,44 : 0.6414"
"44,18 : 0.6414"
"18,45 : 0.389"
"45,18 : 0.389"
"18,46 : 0.5587"
"46,18 : 0.5587"
"18,47 : 0.3265"
"47,18 : 0.3265"
"18,48 : 0.4254"
"48,18 : 0.4254"
"18,49 : 0.522"
"49,18 : 0.522"
"19,20 : 0.4534"
"20,19 : 0.4534"
"19,21 : 0.333"
"21,19 : 0.333"
"19,22 : 0.2332"
"22,19 : 0.2332"
"19,23 : 0.08"
"23,19 : 0.08"
"19,24 : 0.2193"
"24,19 : 0.2193"
"19,25 : 0.2961"
"25,19 : 0.2961"
"19,26 : 0.7517"
"26,19 : 0.7517"
"19,27 : 0.4617"
"27,19 : 0.4617"
"19,28 : 0.771"
"28,19 : 0.771"
"19,29 : 0.5029"
"29,19 : 0.5029"
"19,30 : 0.3544"
"30,19 : 0.3544"
"19,31 : 0.871"
"31,19 : 0.871"
"19,32 : 0.4319"
"32,19 : 0.4319"
"19,33 : 0.9248"
"33,19 : 0.9248"
"19,34 : 0.4401"
"34,19 : 0.4401"
"19,35 : 0.7801"
"35,19 : 0.7801"
"19,36 : 0.6155"
"36,19 : 0.6155"
"19,37 : 1.0347"
"37,19 : 1.0347"
"19,38 : 0.114"
"38,19 : 0.114"
"19,39 : 0.7161"
"39,19 : 0.7161"
"19,40 : 0.1897"
"40,19 : 0.1897"
"19,41 : 0.4771"
"41,19 : 0.4771"
"19,42 : 0.7072"
"42,19 : 0.7072"
"19,43 : 0.9443"
"43,19 : 0.9443"
"19,44 : 0.5708"
"44,19 : 0.5708"
"19,45 : 0.6871"
"45,19 : 0.6871"
"19,46 : 0.4119"
"46,19 : 0.4119"
"19,47 : 0.1476"
"47,19 : 0.1476"
"19,48 : 0.7543"
"48,19 : 0.7543"
"19,49 : 0.8766"
"49,19 : 0.8766"
"20,21 : 0.5954"
"21,20 : 0.5954"
"20,22 : 0.4707"
"22,20 : 0.4707"
"20,23 : 0.5161"
"23,20 : 0.5161"
"20,24 : 0.2343"
"24,20 : 0.2343"
"20,25 : 0.2802"
"25,20 : 0.2802"
"20,26 : 0.8728"
"26,20 : 0.8728"
"20,27 : 0.8693"
"27,20 : 0.8693"
"20,28 : 0.9886"
"28,20 : 0.9886"
"20,29 : 0.2617"
"29,20 : 0.2617"
"20,30 : 0.4"
"30,20 : 0.4"
"20,31 : 0.7638"
"31,20 : 0.7638"
"20,32 : 0.0539"
"32,20 : 0.0539"
"20,33 : 0.8809"
"33,20 : 0.8809"
"20,34 : 0.211"
"34,20 : 0.211"
"20,35 : 0.8654"
"35,20 : 0.8654"
"20,36 : 0.7991"
"36,20 : 0.7991"
"20,37 : 1.0805"
"37,20 : 1.0805"
"20,38 : 0.5659"
"38,20 : 0.5659"
"20,39 : 0.9278"
"39,20 : 0.9278"
"20,40 : 0.2884"
"40,20 : 0.2884"
"20,41 : 0.7411"
"41,20 : 0.7411"
"20,42 : 0.9343"
"42,20 : 0.9343"
"20,43 : 0.9201"
"43,20 : 0.9201"
"20,44 : 0.9492"
"44,20 : 0.9492"
"20,45 : 0.3517"
"45,20 : 0.3517"
"20,46 : 0.8235"
"46,20 : 0.8235"
"20,47 : 0.3114"
"47,20 : 0.3114"
"20,48 : 0.4554"
"48,20 : 0.4554"
"20,49 : 0.7574"
"49,20 : 0.7574"
"21,22 : 0.1315"
"22,21 : 0.1315"
"21,23 : 0.278"
"23,21 : 0.278"
"21,24 : 0.4159"
"24,21 : 0.4159"
"21,25 : 0.3178"
"25,21 : 0.3178"
"21,26 : 0.4244"
"26,21 : 0.4244"
"21,27 : 0.3342"
"27,21 : 0.3342"
"21,28 : 0.4429"
"28,21 : 0.4429"
"21,29 : 0.4771"
"29,21 : 0.4771"
"21,30 : 0.6712"
"30,21 : 0.6712"
"21,31 : 0.6329"
"31,21 : 0.6329"
"21,32 : 0.5492"
"32,21 : 0.5492"
"21,33 : 0.6463"
"33,21 : 0.6463"
"21,34 : 0.4519"
"34,21 : 0.4519"
"21,35 : 0.4607"
"35,21 : 0.4607"
"21,36 : 0.2828"
"36,21 : 0.2828"
"21,37 : 0.7159"
"37,21 : 0.7159"
"21,38 : 0.3585"
"38,21 : 0.3585"
"21,39 : 0.3859"
"39,21 : 0.3859"
"21,40 : 0.4588"
"40,21 : 0.4588"
"21,41 : 0.1552"
"41,21 : 0.1552"
"21,42 : 0.3801"
"42,21 : 0.3801"
"21,43 : 0.6551"
"43,21 : 0.6551"
"21,44 : 0.3722"
"44,21 : 0.3722"
"21,45 : 0.653"
"45,21 : 0.653"
"21,46 : 0.3053"
"46,21 : 0.3053"
"21,47 : 0.4085"
"47,21 : 0.4085"
"21,48 : 0.6736"
"48,21 : 0.6736"
"21,49 : 0.645"
"49,21 : 0.645"
"22,23 : 0.204"
"23,22 : 0.204"
"22,24 : 0.2844"
"24,22 : 0.2844"
"22,25 : 0.2012"
"25,22 : 0.2012"
"22,26 : 0.5233"
"26,22 : 0.5233"
"22,27 : 0.4162"
"27,22 : 0.4162"
"22,28 : 0.5686"
"28,22 : 0.5686"
"22,29 : 0.389"
"29,22 : 0.389"
"22,30 : 0.5492"
"30,22 : 0.5492"
"22,31 : 0.6538"
"31,22 : 0.6538"
"22,32 : 0.4272"
"32,22 : 0.4272"
"22,33 : 0.6957"
"33,22 : 0.6957"
"22,34 : 0.35"
"34,22 : 0.35"
"22,35 : 0.5482"
"35,22 : 0.5482"
"22,36 : 0.3966"
"36,22 : 0.3966"
"22,37 : 0.8021"
"37,22 : 0.8021"
"22,38 : 0.2943"
"38,22 : 0.2943"
"22,39 : 0.5099"
"39,22 : 0.5099"
"22,40 : 0.3311"
"40,22 : 0.3311"
"22,41 : 0.2864"
"41,22 : 0.2864"
"22,42 : 0.507"
"42,22 : 0.507"
"22,43 : 0.7131"
"43,22 : 0.7131"
"22,44 : 0.481"
"44,22 : 0.481"
"22,45 : 0.5749"
"45,22 : 0.5749"
"22,46 : 0.3764"
"46,22 : 0.3764"
"22,47 : 0.2818"
"47,22 : 0.2818"
"22,48 : 0.614"
"48,22 : 0.614"
"22,49 : 0.6619"
"49,22 : 0.6619"
"23,24 : 0.283"
"24,23 : 0.283"
"23,25 : 0.322"
"25,23 : 0.322"
"23,26 : 0.7021"
"26,23 : 0.7021"
"23,27 : 0.3821"
"27,23 : 0.3821"
"23,28 : 0.706"
"28,23 : 0.706"
"23,29 : 0.5323"
"29,23 : 0.5323"
"23,30 : 0.4317"
"30,23 : 0.4317"
"23,31 : 0.8571"
"31,23 : 0.8571"
"23,32 : 0.4892"
"32,23 : 0.4892"
"23,33 : 0.8984"
"33,23 : 0.8984"
"23,34 : 0.4751"
"34,23 : 0.4751"
"23,35 : 0.7357"
"35,23 : 0.7357"
"23,36 : 0.5597"
"36,23 : 0.5597"
"23,37 : 0.9913"
"37,23 : 0.9913"
"23,38 : 0.0906"
"38,23 : 0.0906"
"23,39 : 0.653"
"39,23 : 0.653"
"23,40 : 0.2668"
"40,23 : 0.2668"
"23,41 : 0.4123"
"41,23 : 0.4123"
"23,42 : 0.642"
"42,23 : 0.642"
"23,43 : 0.9142"
"43,23 : 0.9142"
"23,44 : 0.4909"
"44,23 : 0.4909"
"23,45 : 0.7201"
"45,23 : 0.7201"
"23,46 : 0.3324"
"46,23 : 0.3324"
"23,47 : 0.2214"
"47,23 : 0.2214"
"23,48 : 0.7783"
"48,23 : 0.7783"
"23,49 : 0.8647"
"49,23 : 0.8647"
"24,25 : 0.172"
"25,24 : 0.172"
"24,26 : 0.7739"
"26,24 : 0.7739"
"24,27 : 0.6485"
"27,24 : 0.6485"
"24,28 : 0.8476"
"28,24 : 0.8476"
"24,29 : 0.3302"
"29,24 : 0.3302"
"24,30 : 0.3081"
"30,24 : 0.3081"
"24,31 : 0.7826"
"31,24 : 0.7826"
"24,32 : 0.214"
"32,24 : 0.214"
"24,33 : 0.8684"
"33,24 : 0.8684"
"24,34 : 0.26"
"34,24 : 0.26"
"24,35 : 0.7841"
"35,24 : 0.7841"
"24,36 : 0.6671"
"36,24 : 0.6671"
"24,37 : 1.0259"
"37,24 : 1.0259"
"24,38 : 0.3324"
"38,24 : 0.3324"
"24,39 : 0.7877"
"39,24 : 0.7877"
"24,40 : 0.0922"
"40,24 : 0.0922"
"24,41 : 0.5707"
"41,24 : 0.5707"
"24,42 : 0.7875"
"42,24 : 0.7875"
"24,43 : 0.8981"
"43,24 : 0.8981"
"24,44 : 0.7398"
"44,24 : 0.7398"
"24,45 : 0.4982"
"45,24 : 0.4982"
"24,46 : 0.6008"
"46,24 : 0.6008"
"24,47 : 0.0854"
"47,24 : 0.0854"
"24,48 : 0.5808"
"48,24 : 0.5808"
"24,49 : 0.7829"
"49,24 : 0.7829"
"25,26 : 0.6172"
"26,25 : 0.6172"
"25,27 : 0.6159"
"27,25 : 0.6159"
"25,28 : 0.7139"
"28,25 : 0.7139"
"25,29 : 0.2102"
"29,25 : 0.2102"
"25,30 : 0.4801"
"30,25 : 0.4801"
"25,31 : 0.6133"
"31,25 : 0.6133"
"25,32 : 0.2319"
"32,25 : 0.2319"
"25,33 : 0.6963"
"33,25 : 0.6963"
"25,34 : 0.1562"
"34,25 : 0.1562"
"25,35 : 0.6213"
"35,25 : 0.6213"
"25,36 : 0.5263"
"36,25 : 0.5263"
"25,37 : 0.858"
"37,25 : 0.858"
"25,38 : 0.4016"
"38,25 : 0.4016"
"25,39 : 0.6531"
"39,25 : 0.6531"
"25,40 : 0.2594"
"40,25 : 0.2594"
"25,41 : 0.461"
"41,25 : 0.461"
"25,42 : 0.6576"
"42,25 : 0.6576"
"25,43 : 0.7262"
"43,25 : 0.7262"
"25,44 : 0.6815"
"44,25 : 0.6815"
"25,45 : 0.3982"
"45,25 : 0.3982"
"25,46 : 0.5743"
"46,25 : 0.5743"
"25,47 : 0.2309"
"47,25 : 0.2309"
"25,48 : 0.4588"
"48,25 : 0.4588"
"25,49 : 0.6147"
"49,25 : 0.6147"
"26,27 : 0.6107"
"27,26 : 0.6107"
"26,28 : 0.2052"
"28,26 : 0.2052"
"26,29 : 0.6463"
"29,26 : 0.6463"
"26,30 : 1.0667"
"30,26 : 1.0667"
"26,31 : 0.4104"
"31,26 : 0.4104"
"26,32 : 0.8191"
"32,26 : 0.8191"
"26,33 : 0.3265"
"33,26 : 0.3265"
"26,34 : 0.6694"
"34,26 : 0.6694"
"26,35 : 0.0671"
"35,26 : 0.0671"
"26,36 : 0.1552"
"36,26 : 0.1552"
"26,37 : 0.2973"
"37,26 : 0.2973"
"26,38 : 0.7823"
"38,26 : 0.7823"
"26,39 : 0.1749"
"39,26 : 0.1749"
"26,40 : 0.842"
"40,26 : 0.842"
"26,41 : 0.3228"
"41,26 : 0.3228"
"26,42 : 0.2059"
"42,26 : 0.2059"
"26,43 : 0.3068"
"43,26 : 0.3068"
"26,44 : 0.5459"
"44,26 : 0.5459"
"26,45 : 0.7433"
"45,26 : 0.7433"
"26,46 : 0.6152"
"46,26 : 0.6152"
"26,47 : 0.7965"
"47,26 : 0.7965"
"26,48 : 0.6986"
"48,26 : 0.6986"
"26,49 : 0.4319"
"49,26 : 0.4319"
"27,28 : 0.5033"
"28,27 : 0.5033"
"27,29 : 0.8016"
"29,27 : 0.8016"
"27,30 : 0.8022"
"30,27 : 0.8022"
"27,31 : 0.9301"
"31,27 : 0.9301"
"27,32 : 0.8319"
"32,27 : 0.8319"
"27,33 : 0.908"
"33,27 : 0.908"
"27,34 : 0.7661"
"34,27 : 0.7661"
"27,35 : 0.67"
"35,27 : 0.67"
"27,36 : 0.4601"
"36,27 : 0.4601"
"27,37 : 0.8994"
"37,27 : 0.8994"
"27,38 : 0.3932"
"38,27 : 0.3932"
"27,39 : 0.4754"
"39,27 : 0.4754"
"27,40 : 0.6478"
"40,27 : 0.6478"
"27,41 : 0.3059"
"41,27 : 0.3059"
"27,42 : 0.4492"
"42,27 : 0.4492"
"27,43 : 0.9027"
"43,27 : 0.9027"
"27,44 : 0.1304"
"44,27 : 0.1304"
"27,45 : 0.9831"
"45,27 : 0.9831"
"27,46 : 0.05"
"46,27 : 0.05"
"27,47 : 0.6002"
"47,27 : 0.6002"
"27,48 : 1.0077"
"48,27 : 1.0077"
"27,49 : 0.9456"
"49,27 : 0.9456"
"28,29 : 0.7916"
"29,28 : 0.7916"
"28,30 : 1.1141"
"30,28 : 1.1141"
"28,31 : 0.6155"
"31,28 : 0.6155"
"28,32 : 0.9365"
"32,28 : 0.9365"
"28,33 : 0.5243"
"33,28 : 0.5243"
"28,34 : 0.8002"
"34,28 : 0.8002"
"28,35 : 0.2691"
"35,28 : 0.2691"
"28,36 : 0.1903"
"36,28 : 0.1903"
"28,37 : 0.423"
"37,28 : 0.423"
"28,38 : 0.7716"
"38,28 : 0.7716"
"28,39 : 0.0608"
"39,28 : 0.0608"
"28,40 : 0.8996"
"40,28 : 0.8996"
"28,41 : 0.2941"
"41,28 : 0.2941"
"28,42 : 0.064"
"42,28 : 0.064"
"28,43 : 0.4974"
"43,28 : 0.4974"
"28,44 : 0.4061"
"44,28 : 0.4061"
"28,45 : 0.9144"
"45,28 : 0.9144"
"28,46 : 0.5233"
"46,28 : 0.5233"
"28,47 : 0.85"
"47,28 : 0.85"
"28,48 : 0.8826"
"48,28 : 0.8826"
"28,49 : 0.637"
"49,28 : 0.637"
"29,30 : 0.6103"
"30,29 : 0.6103"
"29,31 : 0.5025"
"31,29 : 0.5025"
"29,32 : 0.2126"
"32,29 : 0.2126"
"29,33 : 0.6201"
"33,29 : 0.6201"
"29,34 : 0.0707"
"34,29 : 0.0707"
"29,35 : 0.6282"
"35,29 : 0.6282"
"29,36 : 0.603"
"36,29 : 0.603"
"29,37 : 0.8273"
"37,29 : 0.8273"
"29,38 : 0.611"
"38,29 : 0.611"
"29,39 : 0.7325"
"39,29 : 0.7325"
"29,40 : 0.4211"
"40,29 : 0.4211"
"29,41 : 0.5924"
"41,29 : 0.5924"
"29,42 : 0.7455"
"42,29 : 0.7455"
"29,43 : 0.6603"
"43,29 : 0.6603"
"29,44 : 0.8491"
"44,29 : 0.8491"
"29,45 : 0.1887"
"45,29 : 0.1887"
"29,46 : 0.7642"
"46,29 : 0.7642"
"29,47 : 0.4105"
"47,29 : 0.4105"
"29,48 : 0.2532"
"48,29 : 0.2532"
"29,49 : 0.4968"
"49,29 : 0.4968"
"30,31 : 1.0878"
"31,30 : 1.0878"
"30,32 : 0.423"
"32,30 : 0.423"
"30,33 : 1.1764"
"33,30 : 1.1764"
"30,34 : 0.5408"
"34,30 : 0.5408"
"30,35 : 1.083"
"35,30 : 1.083"
"30,36 : 0.9458"
"36,30 : 0.9458"
"30,37 : 1.3294"
"37,30 : 1.3294"
"30,38 : 0.4101"
"38,30 : 0.4101"
"30,39 : 1.0568"
"39,30 : 1.0568"
"30,40 : 0.2263"
"40,30 : 0.2263"
"30,41 : 0.8229"
"41,30 : 0.8229"
"30,42 : 1.0512"
"42,30 : 1.0512"
"30,43 : 1.206"
"43,30 : 1.206"
"30,44 : 0.9192"
"44,30 : 0.9192"
"30,45 : 0.7455"
"45,30 : 0.7455"
"30,46 : 0.7524"
"46,30 : 0.7524"
"30,47 : 0.2702"
"47,30 : 0.2702"
"30,48 : 0.8434"
"48,30 : 0.8434"
"30,49 : 1.0871"
"49,30 : 1.0871"
"31,32 : 0.7151"
"32,31 : 0.7151"
"31,33 : 0.1503"
"33,31 : 0.1503"
"31,34 : 0.5622"
"34,31 : 0.5622"
"31,35 : 0.3483"
"35,31 : 0.3483"
"31,36 : 0.5025"
"36,31 : 0.5025"
"31,37 : 0.4"
"37,31 : 0.4"
"31,38 : 0.9476"
"38,31 : 0.9476"
"31,39 : 0.5805"
"39,31 : 0.5805"
"31,40 : 0.8724"
"40,31 : 0.8724"
"31,41 : 0.6263"
"41,31 : 0.6263"
"31,42 : 0.6096"
"42,31 : 0.6096"
"31,43 : 0.2002"
"43,31 : 0.2002"
"31,44 : 0.9038"
"44,31 : 0.9038"
"31,45 : 0.4875"
"45,31 : 0.4875"
"31,46 : 0.9168"
"46,31 : 0.9168"
"31,47 : 0.8431"
"47,31 : 0.8431"
"31,48 : 0.3985"
"48,31 : 0.3985"
"31,49 : 0.0224"
"49,31 : 0.0224"
"32,33 : 0.8298"
"33,32 : 0.8298"
"32,34 : 0.1581"
"34,32 : 0.1581"
"32,35 : 0.8115"
"35,32 : 0.8115"
"32,36 : 0.7467"
"36,32 : 0.7467"
"32,37 : 1.0273"
"37,32 : 1.0273"
"32,38 : 0.5456"
"38,32 : 0.5456"
"32,39 : 0.8757"
"39,32 : 0.8757"
"32,40 : 0.2823"
"40,32 : 0.2823"
"32,41 : 0.6926"
"41,32 : 0.6926"
"32,42 : 0.8828"
"42,32 : 0.8828"
"32,43 : 0.8683"
"43,32 : 0.8683"
"32,44 : 0.9076"
"44,32 : 0.9076"
"32,45 : 0.3225"
"45,32 : 0.3225"
"32,46 : 0.7871"
"46,32 : 0.7871"
"32,47 : 0.2968"
"47,32 : 0.2968"
"32,48 : 0.422"
"48,32 : 0.422"
"32,49 : 0.7094"
"49,32 : 0.7094"
"33,34 : 0.6727"
"34,33 : 0.6727"
"33,35 : 0.2594"
"35,33 : 0.2594"
"33,36 : 0.4535"
"36,33 : 0.4535"
"33,37 : 0.2502"
"37,33 : 0.2502"
"33,38 : 0.9876"
"38,33 : 0.9876"
"33,39 : 0.5012"
"39,33 : 0.5012"
"33,40 : 0.9541"
"40,33 : 0.9541"
"33,41 : 0.603"
"41,33 : 0.603"
"33,42 : 0.5324"
"42,33 : 0.5324"
"33,43 : 0.05"
"43,33 : 0.05"
"33,44 : 0.8613"
"44,33 : 0.8613"
"33,45 : 0.6297"
"45,33 : 0.6297"
"33,46 : 0.9027"
"46,33 : 0.9027"
"33,47 : 0.9192"
"47,33 : 0.9192"
"33,48 : 0.5457"
"48,33 : 0.5457"
"33,49 : 0.17"
"49,33 : 0.17"
"34,35 : 0.6579"
"35,34 : 0.6579"
"34,36 : 0.6101"
"36,34 : 0.6101"
"34,37 : 0.8695"
"37,34 : 0.8695"
"34,38 : 0.5504"
"38,34 : 0.5504"
"34,39 : 0.7401"
"39,34 : 0.7401"
"34,40 : 0.3506"
"40,34 : 0.3506"
"34,41 : 0.5797"
"41,34 : 0.5797"
"34,42 : 0.7503"
"42,34 : 0.7503"
"34,43 : 0.7106"
"43,34 : 0.7106"
"34,44 : 0.823"
"44,34 : 0.823"
"34,45 : 0.247"
"45,34 : 0.247"
"34,46 : 0.7262"
"46,34 : 0.7262"
"34,47 : 0.3413"
"47,34 : 0.3413"
"34,48 : 0.3214"
"48,34 : 0.3214"
"34,49 : 0.558"
"49,34 : 0.558"
"35,36 : 0.2102"
"36,35 : 0.2102"
"35,37 : 0.2555"
"37,35 : 0.2555"
"35,38 : 0.8188"
"38,35 : 0.8188"
"35,39 : 0.2419"
"39,35 : 0.2419"
"35,40 : 0.857"
"40,35 : 0.857"
"35,41 : 0.3748"
"41,35 : 0.3748"
"35,42 : 0.2729"
"42,35 : 0.2729"
"35,43 : 0.2404"
"43,35 : 0.2404"
"35,44 : 0.61"
"44,35 : 0.61"
"35,45 : 0.7101"
"45,35 : 0.7101"
"35,46 : 0.6719"
"46,35 : 0.6719"
"35,47 : 0.8134"
"47,35 : 0.8134"
"35,48 : 0.6576"
"48,35 : 0.6576"
"35,49 : 0.3701"
"49,35 : 0.3701"
"36,37 : 0.4522"
"37,36 : 0.4522"
"36,38 : 0.636"
"38,36 : 0.636"
"36,39 : 0.13"
"39,36 : 0.13"
"36,40 : 0.7256"
"40,36 : 0.7256"
"36,41 : 0.1676"
"41,36 : 0.1676"
"36,42 : 0.1432"
"42,36 : 0.1432"
"36,43 : 0.4441"
"43,36 : 0.4441"
"36,44 : 0.408"
"44,36 : 0.408"
"36,45 : 0.7338"
"45,36 : 0.7338"
"36,46 : 0.4617"
"46,36 : 0.4617"
"36,47 : 0.6774"
"47,36 : 0.6774"
"36,48 : 0.7111"
"48,36 : 0.7111"
"36,49 : 0.5215"
"49,36 : 0.5215"
"37,38 : 1.0742"
"38,37 : 1.0742"
"37,39 : 0.4301"
"39,37 : 0.4301"
"37,40 : 1.1032"
"40,37 : 1.1032"
"37,41 : 0.6198"
"41,37 : 0.6198"
"37,42 : 0.46"
"42,37 : 0.46"
"37,43 : 0.2002"
"43,37 : 0.2002"
"37,44 : 0.8202"
"44,37 : 0.8202"
"37,45 : 0.8659"
"45,37 : 0.8659"
"37,46 : 0.908"
"46,37 : 0.908"
"37,47 : 1.0615"
"47,37 : 1.0615"
"37,48 : 0.7892"
"48,37 : 0.7892"
"37,49 : 0.4201"
"49,37 : 0.4201"
"38,39 : 0.7212"
"39,38 : 0.7212"
"38,40 : 0.2915"
"40,38 : 0.2915"
"38,41 : 0.481"
"41,38 : 0.481"
"38,42 : 0.7077"
"42,38 : 0.7077"
"38,43 : 1.0024"
"43,38 : 1.0024"
"38,44 : 0.5142"
"44,38 : 0.5142"
"38,45 : 0.7971"
"45,38 : 0.7971"
"38,46 : 0.3437"
"46,38 : 0.3437"
"38,47 : 0.2561"
"47,38 : 0.2561"
"38,48 : 0.8602"
"48,38 : 0.8602"
"38,49 : 0.9552"
"49,38 : 0.9552"
"39,40 : 0.841"
"40,39 : 0.841"
"39,41 : 0.2408"
"41,39 : 0.2408"
"39,42 : 0.0316"
"42,39 : 0.0316"
"39,43 : 0.4793"
"43,39 : 0.4793"
"39,44 : 0.3901"
"44,39 : 0.3901"
"39,45 : 0.8587"
"45,39 : 0.8587"
"39,46 : 0.4904"
"46,39 : 0.4904"
"39,47 : 0.7916"
"47,39 : 0.7916"
"39,48 : 0.8301"
"48,39 : 0.8301"
"39,49 : 0.6014"
"49,39 : 0.6014"
"40,41 : 0.6135"
"41,40 : 0.6135"
"40,42 : 0.8377"
"42,40 : 0.8377"
"40,43 : 0.9823"
"43,40 : 0.9823"
"40,44 : 0.7506"
"44,40 : 0.7506"
"40,45 : 0.5842"
"45,40 : 0.5842"
"40,46 : 0.5984"
"46,40 : 0.5984"
"40,47 : 0.051"
"47,40 : 0.051"
"40,48 : 0.6701"
"48,40 : 0.6701"
"40,49 : 0.8732"
"49,40 : 0.8732"
"41,42 : 0.2302"
"42,41 : 0.2302"
"41,43 : 0.6001"
"43,41 : 0.6001"
"41,44 : 0.286"
"44,41 : 0.286"
"41,45 : 0.7529"
"45,41 : 0.7529"
"41,46 : 0.3002"
"46,41 : 0.3002"
"41,47 : 0.563"
"47,41 : 0.563"
"41,48 : 0.7543"
"48,41 : 0.7543"
"41,49 : 0.6426"
"49,41 : 0.6426"
"42,43 : 0.5108"
"43,42 : 0.5108"
"42,44 : 0.3606"
"44,42 : 0.3606"
"42,45 : 0.8764"
"45,42 : 0.8764"
"42,46 : 0.4662"
"46,42 : 0.4662"
