x,y
0.44,0.47
0.3,0.3
0.8,0.3
0.31,0.77
0.2,0.13
0.89,0.09
0.61,0.33
0.39,0.92
0.87,0.35
0.08,0.76
0.75,0.88
0.68,0.67
0.92,0.62
0.82,0.87
0.83,0.1
0.47,0.69
0.83,0.81
0.71,0.3
0.64,0.86
0.2,0.68
0.22,0.72
0.73,0.96
0.29,0.53
0.26,0.65
0.4,0.18
0.83,0.04
0.37,0.17
0.97,0.41
0.53,0.08
0.37,0.47
0.9,0.86
0.35,0.92
0.48,0.23
0.21,0.4
0.72,0.38
0.92,0.13
0.9,0.28
0.61,0.46
0.98,0.15
0.21,0.69
0.68,0.79
0.37,0.7
1.0,0.81
0.82,0.88
0.4,0.57
0.92,0.91
0.44,0.67
0.11,0.95
0.73,0.77
0.99,0.79

Distanze
"0,1 : 0.2202"
"1,0 : 0.2202"
"0,2 : 0.3981"
"2,0 : 0.3981"
"0,3 : 0.327"
"3,0 : 0.327"
"0,4 : 0.4162"
"4,0 : 0.4162"
"0,5 : 0.589"
"5,0 : 0.589"
"0,6 : 0.2202"
"6,0 : 0.2202"
"0,7 : 0.4528"
"7,0 : 0.4528"
"0,8 : 0.4464"
"8,0 : 0.4464"
"0,9 : 0.4623"
"9,0 : 0.4623"
"0,10 : 0.514"
"10,0 : 0.514"
"0,11 : 0.3124"
"11,0 : 0.3124"
"0,12 : 0.5029"
"12,0 : 0.5029"
"0,13 : 0.5517"
"13,0 : 0.5517"
"0,14 : 0.5376"
"14,0 : 0.5376"
"0,15 : 0.222"
"15,0 : 0.222"
"0,16 : 0.5174"
"16,0 : 0.5174"
"0,17 : 0.3191"
"17,0 : 0.3191"
"0,18 : 0.4383"
"18,0 : 0.4383"
"0,19 : 0.3189"
"19,0 : 0.3189"
"0,20 : 0.333"
"20,0 : 0.333"
"0,21 : 0.5694"
"21,0 : 0.5694"
"0,22 : 0.1616"
"22,0 : 0.1616"
"0,23 : 0.2546"
"23,0 : 0.2546"
"0,24 : 0.2927"
"24,0 : 0.2927"
"0,25 : 0.5805"
"25,0 : 0.5805"
"0,26 : 0.3081"
"26,0 : 0.3081"
"0,27 : 0.5334"
"27,0 : 0.5334"
"0,28 : 0.4002"
"28,0 : 0.4002"
"0,29 : 0.07"
"29,0 : 0.07"
"0,30 : 0.6031"
"30,0 : 0.6031"
"0,31 : 0.4589"
"31,0 : 0.4589"
"0,32 : 0.2433"
"32,0 : 0.2433"
"0,33 : 0.2404"
"33,0 : 0.2404"
"0,34 : 0.2941"
"34,0 : 0.2941"
"0,35 : 0.5882"
"35,0 : 0.5882"
"0,36 : 0.4977"
"36,0 : 0.4977"
"0,37 : 0.1703"
"37,0 : 0.1703"
"0,38 : 0.6277"
"38,0 : 0.6277"
"0,39 : 0.3183"
"39,0 : 0.3183"
"0,40 : 0.4"
"40,0 : 0.4"
"0,41 : 0.2404"
"41,0 : 0.2404"
"0,42 : 0.6551"
"42,0 : 0.6551"
"0,43 : 0.559"
"43,0 : 0.559"
"0,44 : 0.1077"
"44,0 : 0.1077"
"0,45 : 0.6512"
"45,0 : 0.6512"
"0,46 : 0.2"
"46,0 : 0.2"
"0,47 : 0.5825"
"47,0 : 0.5825"
"0,48 : 0.4173"
"48,0 : 0.4173"
"0,49 : 0.6363"
"49,0 : 0.6363"
"1,2 : 0.5"
"2,1 : 0.5"
"1,3 : 0.4701"
"3,1 : 0.4701"
"1,4 : 0.1972"
"4,1 : 0.1972"
"1,5 : 0.6263"
"5,1 : 0.6263"
"1,6 : 0.3114"
"6,1 : 0.3114"
"1,7 : 0.6265"
"7,1 : 0.6265"
"1,8 : 0.5722"
"8,1 : 0.5722"
"1,9 : 0.5099"
"9,1 : 0.5099"
"1,10 : 0.7341"
"10,1 : 0.7341"
"1,11 : 0.5304"
"11,1 : 0.5304"
"1,12 : 0.6977"
"12,1 : 0.6977"
"1,13 : 0.7716"
"13,1 : 0.7716"
"1,14 : 0.5665"
"14,1 : 0.5665"
"1,15 : 0.4254"
"15,1 : 0.4254"
"1,16 : 0.7355"
"16,1 : 0.7355"
"1,17 : 0.41"
"17,1 : 0.41"
"1,18 : 0.6551"
"18,1 : 0.6551"
"1,19 : 0.3929"
"19,1 : 0.3929"
"1,20 : 0.4276"
"20,1 : 0.4276"
"1,21 : 0.7877"
"21,1 : 0.7877"
"1,22 : 0.2302"
"22,1 : 0.2302"
"1,23 : 0.3523"
"23,1 : 0.3523"
"1,24 : 0.1562"
"24,1 : 0.1562"
"1,25 : 0.5903"
"25,1 : 0.5903"
"1,26 : 0.1476"
"26,1 : 0.1476"
"1,27 : 0.679"
"27,1 : 0.679"
"1,28 : 0.3183"
"28,1 : 0.3183"
"1,29 : 0.1838"
"29,1 : 0.1838"
"1,30 : 0.8207"
"30,1 : 0.8207"
"1,31 : 0.622"
"31,1 : 0.622"
"1,32 : 0.1931"
"32,1 : 0.1931"
"1,33 : 0.1345"
"33,1 : 0.1345"
"1,34 : 0.4276"
"34,1 : 0.4276"
"1,35 : 0.6429"
"35,1 : 0.6429"
"1,36 : 0.6003"
"36,1 : 0.6003"
"1,37 : 0.3489"
"37,1 : 0.3489"
"1,38 : 0.6963"
"38,1 : 0.6963"
"1,39 : 0.4002"
"39,1 : 0.4002"
"1,40 : 0.6201"
"40,1 : 0.6201"
"1,41 : 0.4061"
"41,1 : 0.4061"
"1,42 : 0.8661"
"42,1 : 0.8661"
"1,43 : 0.779"
"43,1 : 0.779"
"1,44 : 0.2879"
"44,1 : 0.2879"
"1,45 : 0.8698"
"45,1 : 0.8698"
"1,46 : 0.3956"
"46,1 : 0.3956"
"1,47 : 0.6772"
"47,1 : 0.6772"
"1,48 : 0.637"
"48,1 : 0.637"
"1,49 : 0.8463"
"49,1 : 0.8463"
"2,3 : 0.679"
"3,2 : 0.679"
"2,4 : 0.6236"
"4,2 : 0.6236"
"2,5 : 0.2285"
"5,2 : 0.2285"
"2,6 : 0.1924"
"6,2 : 0.1924"
"2,7 : 0.7433"
"7,2 : 0.7433"
"2,8 : 0.086"
"8,2 : 0.086"
"2,9 : 0.8544"
"9,2 : 0.8544"
"2,10 : 0.5822"
"10,2 : 0.5822"
"2,11 : 0.389"
"11,2 : 0.389"
"2,12 : 0.3418"
"12,2 : 0.3418"
"2,13 : 0.5704"
"13,2 : 0.5704"
"2,14 : 0.2022"
"14,2 : 0.2022"
"2,15 : 0.5109"
"15,2 : 0.5109"
"2,16 : 0.5109"
"16,2 : 0.5109"
"2,17 : 0.09"
"17,2 : 0.09"
"2,18 : 0.5824"
"18,2 : 0.5824"
"2,19 : 0.7102"
"19,2 : 0.7102"
"2,20 : 0.7161"
"20,2 : 0.7161"
"2,21 : 0.6637"
"21,2 : 0.6637"
"2,22 : 0.5595"
"22,2 : 0.5595"
"2,23 : 0.6435"
"23,2 : 0.6435"
"2,24 : 0.4176"
"24,2 : 0.4176"
"2,25 : 0.2617"
"25,2 : 0.2617"
"2,26 : 0.4492"
"26,2 : 0.4492"
"2,27 : 0.2025"
"27,2 : 0.2025"
"2,28 : 0.3483"
"28,2 : 0.3483"
"2,29 : 0.4624"
"29,2 : 0.4624"
"2,30 : 0.5689"
"30,2 : 0.5689"
"2,31 : 0.7661"
"31,2 : 0.7661"
"2,32 : 0.3276"
"32,2 : 0.3276"
"2,33 : 0.5984"
"33,2 : 0.5984"
"2,34 : 0.1131"
"34,2 : 0.1131"
"2,35 : 0.2081"
"35,2 : 0.2081"
"2,36 : 0.102"
"36,2 : 0.102"
"2,37 : 0.2484"
"37,2 : 0.2484"
"2,38 : 0.2343"
"38,2 : 0.2343"
"2,39 : 0.7072"
"39,2 : 0.7072"
"2,40 : 0.5045"
"40,2 : 0.5045"
"2,41 : 0.5873"
"41,2 : 0.5873"
"2,42 : 0.5478"
"42,2 : 0.5478"
"2,43 : 0.5803"
"43,2 : 0.5803"
"2,44 : 0.4826"
"44,2 : 0.4826"
"2,45 : 0.6217"
"45,2 : 0.6217"
"2,46 : 0.5162"
"46,2 : 0.5162"
"2,47 : 0.9479"
"47,2 : 0.9479"
"2,48 : 0.4752"
"48,2 : 0.4752"
"2,49 : 0.5255"
"49,2 : 0.5255"
"3,4 : 0.6494"
"4,3 : 0.6494"
"3,5 : 0.8938"
"5,3 : 0.8938"
"3,6 : 0.5325"
"6,3 : 0.5325"
"3,7 : 0.17"
"7,3 : 0.17"
"3,8 : 0.7"
"8,3 : 0.7"
"3,9 : 0.2302"
"9,3 : 0.2302"
"3,10 : 0.4535"
"10,3 : 0.4535"
"3,11 : 0.3833"
"11,3 : 0.3833"
"3,12 : 0.6282"
"12,3 : 0.6282"
"3,13 : 0.5197"
"13,3 : 0.5197"
"3,14 : 0.8481"
"14,3 : 0.8481"
"3,15 : 0.1789"
"15,3 : 0.1789"
"3,16 : 0.5215"
"16,3 : 0.5215"
"3,17 : 0.6172"
"17,3 : 0.6172"
"3,18 : 0.3421"
"18,3 : 0.3421"
"3,19 : 0.1421"
"19,3 : 0.1421"
"3,20 : 0.103"
"20,3 : 0.103"
"3,21 : 0.461"
"21,3 : 0.461"
"3,22 : 0.2408"
"22,3 : 0.2408"
"3,23 : 0.13"
"23,3 : 0.13"
"3,24 : 0.5968"
"24,3 : 0.5968"
"3,25 : 0.8963"
"25,3 : 0.8963"
"3,26 : 0.603"
"26,3 : 0.603"
"3,27 : 0.7518"
"27,3 : 0.7518"
"3,28 : 0.7242"
"28,3 : 0.7242"
"3,29 : 0.3059"
"29,3 : 0.3059"
"3,30 : 0.5968"
"30,3 : 0.5968"
"3,31 : 0.1552"
"31,3 : 0.1552"
"3,32 : 0.5661"
"32,3 : 0.5661"
"3,33 : 0.3833"
"33,3 : 0.3833"
"3,34 : 0.5659"
"34,3 : 0.5659"
"3,35 : 0.8841"
"35,3 : 0.8841"
"3,36 : 0.7669"
"36,3 : 0.7669"
"3,37 : 0.4314"
"37,3 : 0.4314"
"3,38 : 0.9129"
"38,3 : 0.9129"
"3,39 : 0.1281"
"39,3 : 0.1281"
"3,40 : 0.3705"
"40,3 : 0.3705"
"3,41 : 0.0922"
"41,3 : 0.0922"
"3,42 : 0.6912"
"42,3 : 0.6912"
"3,43 : 0.5217"
"43,3 : 0.5217"
"3,44 : 0.2193"
"44,3 : 0.2193"
"3,45 : 0.6259"
"45,3 : 0.6259"
"3,46 : 0.164"
"46,3 : 0.164"
"3,47 : 0.2691"
"47,3 : 0.2691"
"3,48 : 0.42"
"48,3 : 0.42"
"3,49 : 0.6803"
"49,3 : 0.6803"
"4,5 : 0.6912"
"5,4 : 0.6912"
"4,6 : 0.4562"
"6,4 : 0.4562"
"4,7 : 0.8125"
"7,4 : 0.8125"
"4,8 : 0.7052"
"8,4 : 0.7052"
"4,9 : 0.6413"
"9,4 : 0.6413"
"4,10 : 0.9301"
"10,4 : 0.9301"
"4,11 : 0.7225"
"11,4 : 0.7225"
"4,12 : 0.8709"
"12,4 : 0.8709"
"4,13 : 0.9654"
"13,4 : 0.9654"
"4,14 : 0.6307"
"14,4 : 0.6307"
"4,15 : 0.6217"
"15,4 : 0.6217"
"4,16 : 0.927"
"16,4 : 0.927"
"4,17 : 0.5376"
"17,4 : 0.5376"
"4,18 : 0.8523"
"18,4 : 0.8523"
"4,19 : 0.55"
"19,4 : 0.55"
"4,20 : 0.5903"
"20,4 : 0.5903"
"4,21 : 0.9848"
"21,4 : 0.9848"
"4,22 : 0.41"
"22,4 : 0.41"
"4,23 : 0.5235"
"23,4 : 0.5235"
"4,24 : 0.2062"
"24,4 : 0.2062"
"4,25 : 0.6364"
"25,4 : 0.6364"
"4,26 : 0.1746"
"26,4 : 0.1746"
"4,27 : 0.8193"
"27,4 : 0.8193"
"4,28 : 0.3338"
"28,4 : 0.3338"
"4,29 : 0.3801"
"29,4 : 0.3801"
"4,30 : 1.0114"
"30,4 : 1.0114"
"4,31 : 0.8041"
"31,4 : 0.8041"
"4,32 : 0.2973"
"32,4 : 0.2973"
"4,33 : 0.2702"
"33,4 : 0.2702"
"4,34 : 0.577"
"34,4 : 0.577"
"4,35 : 0.72"
"35,4 : 0.72"
"4,36 : 0.7159"
"36,4 : 0.7159"
"4,37 : 0.5263"
"37,4 : 0.5263"
"4,38 : 0.7803"
"38,4 : 0.7803"
"4,39 : 0.5601"
"39,4 : 0.5601"
"4,40 : 0.8161"
"40,4 : 0.8161"
"4,41 : 0.5948"
"41,4 : 0.5948"
"4,42 : 1.05"
"42,4 : 1.05"
"4,43 : 0.9731"
"43,4 : 0.9731"
"4,44 : 0.4833"
"44,4 : 0.4833"
"4,45 : 1.0615"
"45,4 : 1.0615"
"4,46 : 0.5909"
"46,4 : 0.5909"
"4,47 : 0.8249"
"47,4 : 0.8249"
"4,48 : 0.831"
"48,4 : 0.831"
"4,49 : 1.0294"
"49,4 : 1.0294"
"5,6 : 0.3688"
"6,5 : 0.3688"
"5,7 : 0.969"
"7,5 : 0.969"
"5,8 : 0.2608"
"8,5 : 0.2608"
"5,9 : 1.0512"
"9,5 : 1.0512"
"5,10 : 0.8023"
"10,5 : 0.8023"
"5,11 : 0.6168"
"11,5 : 0.6168"
"5,12 : 0.5308"
"12,5 : 0.5308"
"5,13 : 0.7831"
"13,5 : 0.7831"
"5,14 : 0.0608"
"14,5 : 0.0608"
"5,15 : 0.7324"
"15,5 : 0.7324"
"5,16 : 0.7225"
"16,5 : 0.7225"
"5,17 : 0.2766"
"17,5 : 0.2766"
"5,18 : 0.8096"
"18,5 : 0.8096"
"5,19 : 0.9079"
"19,5 : 0.9079"
"5,20 : 0.9197"
"20,5 : 0.9197"
"5,21 : 0.8846"
"21,5 : 0.8846"
"5,22 : 0.744"
"22,5 : 0.744"
"5,23 : 0.8429"
"23,5 : 0.8429"
"5,24 : 0.4982"
"24,5 : 0.4982"
"5,25 : 0.0781"
"25,5 : 0.0781"
"5,26 : 0.5261"
"26,5 : 0.5261"
"5,27 : 0.3298"
"27,5 : 0.3298"
"5,28 : 0.3601"
"28,5 : 0.3601"
"5,29 : 0.644"
"29,5 : 0.644"
"5,30 : 0.7701"
"30,5 : 0.7701"
"5,31 : 0.9902"
"31,5 : 0.9902"
"5,32 : 0.4332"
"32,5 : 0.4332"
"5,33 : 0.7473"
"33,5 : 0.7473"
"5,34 : 0.3362"
"34,5 : 0.3362"
"5,35 : 0.05"
"35,5 : 0.05"
"5,36 : 0.1903"
"36,5 : 0.1903"
"5,37 : 0.464"
"37,5 : 0.464"
"5,38 : 0.1082"
"38,5 : 0.1082"
"5,39 : 0.9069"
"39,5 : 0.9069"
"5,40 : 0.7308"
"40,5 : 0.7308"
"5,41 : 0.8016"
"41,5 : 0.8016"
"5,42 : 0.7284"
"42,5 : 0.7284"
"5,43 : 0.7931"
"43,5 : 0.7931"
"5,44 : 0.6859"
"44,5 : 0.6859"
"5,45 : 0.8205"
"45,5 : 0.8205"
"5,46 : 0.7341"
"46,5 : 0.7341"
"5,47 : 1.161"
"47,5 : 1.161"
"5,48 : 0.6986"
"48,5 : 0.6986"
"5,49 : 0.7071"
"49,5 : 0.7071"
"6,7 : 0.6297"
"7,6 : 0.6297"
"6,8 : 0.2608"
"8,6 : 0.2608"
"6,9 : 0.6825"
"9,6 : 0.6825"
"6,10 : 0.5675"
"10,6 : 0.5675"
"6,11 : 0.3471"
"11,6 : 0.3471"
"6,12 : 0.4245"
"12,6 : 0.4245"
"6,13 : 0.5794"
"13,6 : 0.5794"
"6,14 : 0.3183"
"14,6 : 0.3183"
"6,15 : 0.3863"
"15,6 : 0.3863"
"6,16 : 0.528"
"16,6 : 0.528"
"6,17 : 0.1044"
"17,6 : 0.1044"
"6,18 : 0.5308"
"18,6 : 0.5308"
"6,19 : 0.5391"
"19,6 : 0.5391"
"6,20 : 0.5515"
"20,6 : 0.5515"
"6,21 : 0.6413"
"21,6 : 0.6413"
"6,22 : 0.3774"
"22,6 : 0.3774"
"6,23 : 0.4742"
"23,6 : 0.4742"
"6,24 : 0.2581"
"24,6 : 0.2581"
"6,25 : 0.364"
"25,6 : 0.364"
"6,26 : 0.2884"
"26,6 : 0.2884"
"6,27 : 0.3688"
"27,6 : 0.3688"
"6,28 : 0.2625"
"28,6 : 0.2625"
"6,29 : 0.2778"
"29,6 : 0.2778"
"6,30 : 0.6042"
"30,6 : 0.6042"
"6,31 : 0.6447"
"31,6 : 0.6447"
"6,32 : 0.164"
"32,6 : 0.164"
"6,33 : 0.4061"
"33,6 : 0.4061"
"6,34 : 0.1208"
"34,6 : 0.1208"
"6,35 : 0.3689"
"35,6 : 0.3689"
"6,36 : 0.2943"
"36,6 : 0.2943"
"6,37 : 0.13"
"37,6 : 0.13"
"6,38 : 0.4115"
"38,6 : 0.4115"
"6,39 : 0.5381"
"39,6 : 0.5381"
"6,40 : 0.4653"
"40,6 : 0.4653"
"6,41 : 0.441"
"41,6 : 0.441"
"6,42 : 0.6185"
"42,6 : 0.6185"
"6,43 : 0.5887"
"43,6 : 0.5887"
"6,44 : 0.3189"
"44,6 : 0.3189"
"6,45 : 0.6576"
"45,6 : 0.6576"
"6,46 : 0.3801"
"46,6 : 0.3801"
"6,47 : 0.7965"
"47,6 : 0.7965"
"6,48 : 0.4561"
"48,6 : 0.4561"
"6,49 : 0.5967"
"49,6 : 0.5967"
"7,8 : 0.7452"
"8,7 : 0.7452"
"7,9 : 0.3489"
"9,7 : 0.3489"
"7,10 : 0.3622"
"10,7 : 0.3622"
"7,11 : 0.3829"
"11,7 : 0.3829"
"7,12 : 0.609"
"12,7 : 0.609"
"7,13 : 0.4329"
"13,7 : 0.4329"
"7,14 : 0.9306"
"14,7 : 0.9306"
"7,15 : 0.2435"
"15,7 : 0.2435"
"7,16 : 0.4535"
"16,7 : 0.4535"
"7,17 : 0.6977"
"17,7 : 0.6977"
"7,18 : 0.2571"
"18,7 : 0.2571"
"7,19 : 0.3061"
"19,7 : 0.3061"
"7,20 : 0.2625"
"20,7 : 0.2625"
"7,21 : 0.3423"
"21,7 : 0.3423"
"7,22 : 0.4026"
"22,7 : 0.4026"
"7,23 : 0.2997"
"23,7 : 0.2997"
"7,24 : 0.7401"
"24,7 : 0.7401"
"7,25 : 0.9839"
"25,7 : 0.9839"
"7,26 : 0.7503"
"26,7 : 0.7503"
"7,27 : 0.7723"
"27,7 : 0.7723"
"7,28 : 0.8516"
"28,7 : 0.8516"
"7,29 : 0.4504"
"29,7 : 0.4504"
"7,30 : 0.5135"
"30,7 : 0.5135"
"7,31 : 0.04"
"31,7 : 0.04"
"7,32 : 0.6958"
"32,7 : 0.6958"
"7,33 : 0.5503"
"33,7 : 0.5503"
"7,34 : 0.6329"
"34,7 : 0.6329"
"7,35 : 0.9513"
"35,7 : 0.9513"
"7,36 : 0.8184"
"36,7 : 0.8184"
"7,37 : 0.5099"
"37,7 : 0.5099"
"7,38 : 0.9701"
"38,7 : 0.9701"
"7,39 : 0.2921"
"39,7 : 0.2921"
"7,40 : 0.3178"
"40,7 : 0.3178"
"7,41 : 0.2209"
"41,7 : 0.2209"
"7,42 : 0.6198"
"42,7 : 0.6198"
"7,43 : 0.4319"
"43,7 : 0.4319"
"7,44 : 0.3501"
"44,7 : 0.3501"
"7,45 : 0.5301"
"45,7 : 0.5301"
"7,46 : 0.255"
"46,7 : 0.255"
"7,47 : 0.2816"
"47,7 : 0.2816"
"7,48 : 0.3716"
"48,7 : 0.3716"
"7,49 : 0.6139"
"49,7 : 0.6139"
"8,9 : 0.8901"
"9,8 : 0.8901"
"8,10 : 0.5434"
"10,8 : 0.5434"
"8,11 : 0.3722"
"11,8 : 0.3722"
"8,12 : 0.2746"
"12,8 : 0.2746"
"8,13 : 0.5224"
"13,8 : 0.5224"
"8,14 : 0.2532"
"14,8 : 0.2532"
"8,15 : 0.525"
"15,8 : 0.525"
"8,16 : 0.4617"
"16,8 : 0.4617"
"8,17 : 0.1676"
"17,8 : 0.1676"
"8,18 : 0.5595"
"18,8 : 0.5595"
"8,19 : 0.7469"
"19,8 : 0.7469"
"8,20 : 0.7479"
"20,8 : 0.7479"
"8,21 : 0.6259"
"21,8 : 0.6259"
"8,22 : 0.6073"
"22,8 : 0.6073"
"8,23 : 0.6798"
"23,8 : 0.6798"
"8,24 : 0.4998"
"24,8 : 0.4998"
"8,25 : 0.3126"
"25,8 : 0.3126"
"8,26 : 0.5314"
"26,8 : 0.5314"
"8,27 : 0.1166"
"27,8 : 0.1166"
"8,28 : 0.4342"
"28,8 : 0.4342"
"8,29 : 0.5142"
"29,8 : 0.5142"
"8,30 : 0.5109"
"30,8 : 0.5109"
"8,31 : 0.7716"
"31,8 : 0.7716"
"8,32 : 0.408"
"32,8 : 0.408"
"8,33 : 0.6619"
"33,8 : 0.6619"
"8,34 : 0.153"
"34,8 : 0.153"
"8,35 : 0.2256"
"35,8 : 0.2256"
"8,36 : 0.0762"
"36,8 : 0.0762"
"8,37 : 0.2823"
"37,8 : 0.2823"
"8,38 : 0.2283"
"38,8 : 0.2283"
"8,39 : 0.7424"
"39,8 : 0.7424"
"8,40 : 0.4793"
"40,8 : 0.4793"
"8,41 : 0.6103"
"41,8 : 0.6103"
"8,42 : 0.478"
"42,8 : 0.478"
"8,43 : 0.5324"
"43,8 : 0.5324"
"8,44 : 0.5189"
"44,8 : 0.5189"
"8,45 : 0.5622"
"45,8 : 0.5622"
"8,46 : 0.536"
"46,8 : 0.536"
"8,47 : 0.9683"
"47,8 : 0.9683"
"8,48 : 0.4427"
"48,8 : 0.4427"
"8,49 : 0.4561"
"49,8 : 0.4561"
"9,10 : 0.6807"
"10,9 : 0.6807"
"9,11 : 0.6067"
"11,9 : 0.6067"
"9,12 : 0.8516"
"12,9 : 0.8516"
"9,13 : 0.7481"
"13,9 : 0.7481"
"9,14 : 0.999"
"14,9 : 0.999"
"9,15 : 0.3962"
"15,9 : 0.3962"
"9,16 : 0.7517"
"16,9 : 0.7517"
"9,17 : 0.7801"
"17,9 : 0.7801"
"9,18 : 0.5689"
"18,9 : 0.5689"
"9,19 : 0.1442"
"19,9 : 0.1442"
"9,20 : 0.1456"
"20,9 : 0.1456"
"9,21 : 0.6801"
"21,9 : 0.6801"
"9,22 : 0.3114"
"22,9 : 0.3114"
"9,23 : 0.211"
"23,9 : 0.211"
"9,24 : 0.6624"
"24,9 : 0.6624"
"9,25 : 1.0397"
"25,9 : 1.0397"
"9,26 : 0.6574"
"26,9 : 0.6574"
"9,27 : 0.9563"
"27,9 : 0.9563"
"9,28 : 0.8154"
"28,9 : 0.8154"
"9,29 : 0.4101"
"29,9 : 0.4101"
"9,30 : 0.8261"
"30,9 : 0.8261"
"9,31 : 0.3138"
"31,9 : 0.3138"
"9,32 : 0.664"
"32,9 : 0.664"
"9,33 : 0.3828"
"33,9 : 0.3828"
"9,34 : 0.7443"
"34,9 : 0.7443"
"9,35 : 1.05"
"35,9 : 1.05"
"9,36 : 0.9502"
"36,9 : 0.9502"
"9,37 : 0.609"
"37,9 : 0.609"
"9,38 : 1.0872"
"38,9 : 1.0872"
"9,39 : 0.1476"
"39,9 : 0.1476"
"9,40 : 0.6007"
"40,9 : 0.6007"
"9,41 : 0.2961"
"41,9 : 0.2961"
"9,42 : 0.9214"
"42,9 : 0.9214"
"9,43 : 0.7497"
"43,9 : 0.7497"
"9,44 : 0.3722"
"44,9 : 0.3722"
"9,45 : 0.8533"
"45,9 : 0.8533"
"9,46 : 0.3711"
"46,9 : 0.3711"
"9,47 : 0.1924"
"47,9 : 0.1924"
"9,48 : 0.6501"
"48,9 : 0.6501"
"9,49 : 0.9105"
"49,9 : 0.9105"
"10,11 : 0.2214"
"11,10 : 0.2214"
"10,12 : 0.3106"
"12,10 : 0.3106"
"10,13 : 0.0707"
"13,10 : 0.0707"
"10,14 : 0.7841"
"14,10 : 0.7841"
"10,15 : 0.3384"
"15,10 : 0.3384"
"10,16 : 0.1063"
"16,10 : 0.1063"
"10,17 : 0.5814"
"17,10 : 0.5814"
"10,18 : 0.1118"
"18,10 : 0.1118"
"10,19 : 0.5852"
"19,10 : 0.5852"
"10,20 : 0.5536"
"20,10 : 0.5536"
"10,21 : 0.0825"
"21,10 : 0.0825"
"10,22 : 0.578"
"22,10 : 0.578"
"10,23 : 0.5413"
"23,10 : 0.5413"
"10,24 : 0.7826"
"24,10 : 0.7826"
"10,25 : 0.8438"
"25,10 : 0.8438"
"10,26 : 0.8053"
"26,10 : 0.8053"
"10,27 : 0.5189"
"27,10 : 0.5189"
"10,28 : 0.8297"
"28,10 : 0.8297"
"10,29 : 0.559"
"29,10 : 0.559"
"10,30 : 0.1513"
"30,10 : 0.1513"
"10,31 : 0.402"
"31,10 : 0.402"
"10,32 : 0.7038"
"32,10 : 0.7038"
"10,33 : 0.7225"
"33,10 : 0.7225"
"10,34 : 0.5009"
"34,10 : 0.5009"
"10,35 : 0.769"
"35,10 : 0.769"
"10,36 : 0.6185"
"36,10 : 0.6185"
"10,37 : 0.4427"
"37,10 : 0.4427"
"10,38 : 0.7654"
"38,10 : 0.7654"
"10,39 : 0.5725"
"39,10 : 0.5725"
"10,40 : 0.114"
"40,10 : 0.114"
"10,41 : 0.4205"
"41,10 : 0.4205"
"10,42 : 0.2596"
"42,10 : 0.2596"
"10,43 : 0.07"
"43,10 : 0.07"
"10,44 : 0.4675"
"44,10 : 0.4675"
"10,45 : 0.1726"
"45,10 : 0.1726"
"10,46 : 0.3744"
"46,10 : 0.3744"
"10,47 : 0.6438"
"47,10 : 0.6438"
"10,48 : 0.1118"
"48,10 : 0.1118"
"10,49 : 0.2563"
"49,10 : 0.2563"
"11,12 : 0.2452"
"12,11 : 0.2452"
"11,13 : 0.2441"
"13,11 : 0.2441"
"11,14 : 0.5894"
"14,11 : 0.5894"
"11,15 : 0.211"
"15,11 : 0.211"
"11,16 : 0.2052"
"16,11 : 0.2052"
"11,17 : 0.3712"
"17,11 : 0.3712"
"11,18 : 0.1942"
"18,11 : 0.1942"
"11,19 : 0.4801"
"19,11 : 0.4801"
"11,20 : 0.4627"
"20,11 : 0.4627"
"11,21 : 0.2943"
"21,11 : 0.2943"
"11,22 : 0.4144"
"22,11 : 0.4144"
"11,23 : 0.4205"
"23,11 : 0.4205"
"11,24 : 0.5644"
"24,11 : 0.5644"
"11,25 : 0.6476"
"25,11 : 0.6476"
"11,26 : 0.5883"
"26,11 : 0.5883"
"11,27 : 0.3895"
"27,11 : 0.3895"
"11,28 : 0.6088"
"28,11 : 0.6088"
"11,29 : 0.3689"
"29,11 : 0.3689"
"11,30 : 0.2907"
"30,11 : 0.2907"
"11,31 : 0.414"
"31,11 : 0.414"
"11,32 : 0.4833"
"32,11 : 0.4833"
"11,33 : 0.542"
"33,11 : 0.542"
"11,34 : 0.2927"
"34,11 : 0.2927"
"11,35 : 0.5909"
"35,11 : 0.5909"
"11,36 : 0.4478"
"36,11 : 0.4478"
"11,37 : 0.2214"
"37,11 : 0.2214"
"11,38 : 0.6003"
"38,11 : 0.6003"
"11,39 : 0.4704"
"39,11 : 0.4704"
"11,40 : 0.12"
"40,11 : 0.12"
"11,41 : 0.3114"
"41,11 : 0.3114"
"11,42 : 0.3493"
"42,11 : 0.3493"
"11,43 : 0.2524"
"43,11 : 0.2524"
"11,44 : 0.2973"
"44,11 : 0.2973"
"11,45 : 0.3394"
"45,11 : 0.3394"
"11,46 : 0.24"
"46,11 : 0.24"
"11,47 : 0.6351"
"47,11 : 0.6351"
"11,48 : 0.1118"
"48,11 : 0.1118"
"11,49 : 0.3324"
"49,11 : 0.3324"
"12,13 : 0.2693"
"13,12 : 0.2693"
"12,14 : 0.5277"
"14,12 : 0.5277"
"12,15 : 0.4554"
"15,12 : 0.4554"
"12,16 : 0.2102"
"16,12 : 0.2102"
"12,17 : 0.3828"
"17,12 : 0.3828"
"12,18 : 0.3688"
"18,12 : 0.3688"
"12,19 : 0.7225"
"19,12 : 0.7225"
"12,20 : 0.7071"
"20,12 : 0.7071"
"12,21 : 0.3895"
"21,12 : 0.3895"
"12,22 : 0.6364"
"22,12 : 0.6364"
"12,23 : 0.6607"
"23,12 : 0.6607"
"12,24 : 0.6812"
"24,12 : 0.6812"
"12,25 : 0.5869"
"25,12 : 0.5869"
"12,26 : 0.7106"
"26,12 : 0.7106"
"12,27 : 0.2159"
"27,12 : 0.2159"
"12,28 : 0.6661"
"28,12 : 0.6661"
"12,29 : 0.5701"
"29,12 : 0.5701"
"12,30 : 0.2408"
"30,12 : 0.2408"
"12,31 : 0.6441"
"31,12 : 0.6441"
"12,32 : 0.588"
"32,12 : 0.588"
"12,33 : 0.7433"
"33,12 : 0.7433"
"12,34 : 0.3124"
"34,12 : 0.3124"
"12,35 : 0.49"
"35,12 : 0.49"
"12,36 : 0.3406"
"36,12 : 0.3406"
"12,37 : 0.3489"
"37,12 : 0.3489"
"12,38 : 0.4738"
"38,12 : 0.4738"
"12,39 : 0.7134"
"39,12 : 0.7134"
"12,40 : 0.2941"
"40,12 : 0.2941"
"12,41 : 0.5558"
"41,12 : 0.5558"
"12,42 : 0.2062"
"42,12 : 0.2062"
"12,43 : 0.2786"
"43,12 : 0.2786"
"12,44 : 0.5224"
"44,12 : 0.5224"
"12,45 : 0.29"
"45,12 : 0.29"
"12,46 : 0.4826"
"46,12 : 0.4826"
"12,47 : 0.8746"
"47,12 : 0.8746"
"12,48 : 0.2421"
"48,12 : 0.2421"
"12,49 : 0.1838"
"49,12 : 0.1838"
"13,14 : 0.7701"
"14,13 : 0.7701"
"13,15 : 0.3936"
"15,13 : 0.3936"
"13,16 : 0.0608"
"16,13 : 0.0608"
"13,17 : 0.5805"
"17,13 : 0.5805"
"13,18 : 0.1803"
"18,13 : 0.1803"
"13,19 : 0.6485"
"19,13 : 0.6485"
"13,20 : 0.6185"
"20,13 : 0.6185"
"13,21 : 0.1273"
"21,13 : 0.1273"
"13,22 : 0.6297"
"22,13 : 0.6297"
"13,23 : 0.6017"
"23,13 : 0.6017"
"13,24 : 0.8078"
"24,13 : 0.8078"
"13,25 : 0.8301"
"25,13 : 0.8301"
"13,26 : 0.8322"
"26,13 : 0.8322"
"13,27 : 0.4838"
"27,13 : 0.4838"
"13,28 : 0.8415"
"28,13 : 0.8415"
"13,29 : 0.6021"
"29,13 : 0.6021"
"13,30 : 0.0806"
"30,13 : 0.0806"
"13,31 : 0.4727"
"31,13 : 0.4727"
"13,32 : 0.7247"
"32,13 : 0.7247"
"13,33 : 0.7701"
"33,13 : 0.7701"
"13,34 : 0.5001"
"34,13 : 0.5001"
"13,35 : 0.7467"
"35,13 : 0.7467"
"13,36 : 0.5954"
"36,13 : 0.5954"
"13,37 : 0.4607"
"37,13 : 0.4607"
"13,38 : 0.7376"
"38,13 : 0.7376"
"13,39 : 0.636"
"39,13 : 0.636"
"13,40 : 0.1612"
"40,13 : 0.1612"
"13,41 : 0.481"
"41,13 : 0.481"
"13,42 : 0.1897"
"42,13 : 0.1897"
"13,43 : 0.01"
"43,13 : 0.01"
"13,44 : 0.5161"
"44,13 : 0.5161"
"13,45 : 0.1077"
"45,13 : 0.1077"
"13,46 : 0.4294"
"46,13 : 0.4294"
"13,47 : 0.7145"
"47,13 : 0.7145"
"13,48 : 0.1345"
"48,13 : 0.1345"
"13,49 : 0.1879"
"49,13 : 0.1879"
"14,15 : 0.6912"
"15,14 : 0.6912"
"14,16 : 0.71"
"16,14 : 0.71"
"14,17 : 0.2332"
"17,14 : 0.2332"
"14,18 : 0.7834"
"18,14 : 0.7834"
"14,19 : 0.8563"
"19,14 : 0.8563"
"14,20 : 0.8698"
"20,14 : 0.8698"
"14,21 : 0.8658"
"21,14 : 0.8658"
"14,22 : 0.6903"
"22,14 : 0.6903"
"14,23 : 0.7921"
"23,14 : 0.7921"
"14,24 : 0.4374"
"24,14 : 0.4374"
"14,25 : 0.06"
"25,14 : 0.06"
"14,26 : 0.4653"
"26,14 : 0.4653"
"14,27 : 0.3401"
"27,14 : 0.3401"
"14,28 : 0.3007"
"28,14 : 0.3007"
"14,29 : 0.5903"
"29,14 : 0.5903"
"14,30 : 0.7632"
"30,14 : 0.7632"
"14,31 : 0.9502"
"31,14 : 0.9502"
"14,32 : 0.3734"
"32,14 : 0.3734"
"14,33 : 0.6888"
"33,14 : 0.6888"
"14,34 : 0.3008"
"34,14 : 0.3008"
"14,35 : 0.0949"
"35,14 : 0.0949"
"14,36 : 0.1931"
"36,14 : 0.1931"
"14,37 : 0.4219"
"37,14 : 0.4219"
"14,38 : 0.1581"
"38,14 : 0.1581"
"14,39 : 0.8559"
"39,14 : 0.8559"
"14,40 : 0.7061"
"40,14 : 0.7061"
"14,41 : 0.756"
"41,14 : 0.756"
"14,42 : 0.7301"
"42,14 : 0.7301"
"14,43 : 0.7801"
"43,14 : 0.7801"
"14,44 : 0.637"
"44,14 : 0.637"
"14,45 : 0.815"
"45,14 : 0.815"
"14,46 : 0.6907"
"46,14 : 0.6907"
"14,47 : 1.114"
"47,14 : 1.114"
"14,48 : 0.6774"
"48,14 : 0.6774"
"14,49 : 0.7083"
"49,14 : 0.7083"
"15,16 : 0.3795"
"16,15 : 0.3795"
"15,17 : 0.4579"
"17,15 : 0.4579"
"15,18 : 0.2404"
"18,15 : 0.2404"
"15,19 : 0.2702"
"19,15 : 0.2702"
"15,20 : 0.2518"
"20,15 : 0.2518"
"15,21 : 0.3748"
"21,15 : 0.3748"
"15,22 : 0.2408"
"22,15 : 0.2408"
"15,23 : 0.2138"
"23,15 : 0.2138"
"15,24 : 0.5148"
"24,15 : 0.5148"
"15,25 : 0.743"
"25,15 : 0.743"
"15,26 : 0.5295"
"26,15 : 0.5295"
"15,27 : 0.5731"
"27,15 : 0.5731"
"15,28 : 0.6129"
"28,15 : 0.6129"
"15,29 : 0.2417"
"29,15 : 0.2417"
"15,30 : 0.4624"
"30,15 : 0.4624"
"15,31 : 0.2594"
"31,15 : 0.2594"
"15,32 : 0.4601"
"32,15 : 0.4601"
"15,33 : 0.3895"
"33,15 : 0.3895"
"15,34 : 0.3982"
"34,15 : 0.3982"
"15,35 : 0.7184"
"35,15 : 0.7184"
"15,36 : 0.5941"
"36,15 : 0.5941"
"15,37 : 0.2693"
"37,15 : 0.2693"
"15,38 : 0.7428"
"38,15 : 0.7428"
"15,39 : 0.26"
"39,15 : 0.26"
"15,40 : 0.2326"
"40,15 : 0.2326"
"15,41 : 0.1005"
"41,15 : 0.1005"
"15,42 : 0.5434"
"42,15 : 0.5434"
"15,43 : 0.3982"
"43,15 : 0.3982"
"15,44 : 0.1389"
"44,15 : 0.1389"
"15,45 : 0.5009"
"45,15 : 0.5009"
"15,46 : 0.0361"
"46,15 : 0.0361"
"15,47 : 0.4441"
"47,15 : 0.4441"
"15,48 : 0.272"
"48,15 : 0.272"
"15,49 : 0.5295"
"49,15 : 0.5295"
"16,17 : 0.5239"
"17,16 : 0.5239"
"16,18 : 0.1965"
"18,16 : 0.1965"
"16,19 : 0.6433"
"19,16 : 0.6433"
"16,20 : 0.6166"
"20,16 : 0.6166"
"16,21 : 0.1803"
"21,16 : 0.1803"
"16,22 : 0.6083"
"22,16 : 0.6083"
"16,23 : 0.592"
"23,16 : 0.592"
"16,24 : 0.7628"
"24,16 : 0.7628"
"16,25 : 0.77"
"25,16 : 0.77"
"16,26 : 0.7882"
"26,16 : 0.7882"
"16,27 : 0.4238"
"27,16 : 0.4238"
"16,28 : 0.7892"
"28,16 : 0.7892"
"16,29 : 0.572"
"29,16 : 0.572"
"16,30 : 0.086"
"30,16 : 0.086"
"16,31 : 0.4924"
"31,16 : 0.4924"
"16,32 : 0.6774"
"32,16 : 0.6774"
"16,33 : 0.7433"
"33,16 : 0.7433"
"16,34 : 0.4438"
"34,16 : 0.4438"
"16,35 : 0.6859"
"35,16 : 0.6859"
"16,36 : 0.5346"
"36,16 : 0.5346"
"16,37 : 0.4134"
"37,16 : 0.4134"
"16,38 : 0.6768"
"38,16 : 0.6768"
"16,39 : 0.6315"
"39,16 : 0.6315"
"16,40 : 0.1513"
"40,16 : 0.1513"
"16,41 : 0.473"
"41,16 : 0.473"
"16,42 : 0.17"
"42,16 : 0.17"
"16,43 : 0.0707"
"43,16 : 0.0707"
"16,44 : 0.4924"
"44,16 : 0.4924"
"16,45 : 0.1345"
"45,16 : 0.1345"
"16,46 : 0.4144"
"46,16 : 0.4144"
"16,47 : 0.7335"
"47,16 : 0.7335"
"16,48 : 0.1077"
"48,16 : 0.1077"
"16,49 : 0.1612"
"49,16 : 0.1612"
"17,18 : 0.5644"
"18,17 : 0.5644"
"17,19 : 0.636"
"19,17 : 0.636"
"17,20 : 0.6454"
"20,17 : 0.6454"
"17,21 : 0.6603"
"21,17 : 0.6603"
"17,22 : 0.4789"
"22,17 : 0.4789"
"17,23 : 0.5701"
"23,17 : 0.5701"
"17,24 : 0.3324"
"24,17 : 0.3324"
"17,25 : 0.2864"
"25,17 : 0.2864"
"17,26 : 0.364"
"26,17 : 0.364"
"17,27 : 0.2823"
"27,17 : 0.2823"
"17,28 : 0.2843"
"28,17 : 0.2843"
"17,29 : 0.3801"
"29,17 : 0.3801"
"17,30 : 0.5914"
"30,17 : 0.5914"
"17,31 : 0.7169"
"31,17 : 0.7169"
"17,32 : 0.2404"
"32,17 : 0.2404"
"17,33 : 0.5099"
"33,17 : 0.5099"
"17,34 : 0.0806"
"34,17 : 0.0806"
"17,35 : 0.2702"
"35,17 : 0.2702"
"17,36 : 0.191"
"36,17 : 0.191"
"17,37 : 0.1887"
"37,17 : 0.1887"
"17,38 : 0.3089"
"38,17 : 0.3089"
"17,39 : 0.6341"
"39,17 : 0.6341"
"17,40 : 0.4909"
"40,17 : 0.4909"
"17,41 : 0.525"
"41,17 : 0.525"
"17,42 : 0.5867"
"42,17 : 0.5867"
"17,43 : 0.5903"
"43,17 : 0.5903"
"17,44 : 0.4111"
"44,17 : 0.4111"
"17,45 : 0.6451"
"45,17 : 0.6451"
"17,46 : 0.458"
"46,17 : 0.458"
"17,47 : 0.8846"
"47,17 : 0.8846"
"17,48 : 0.4704"
"48,17 : 0.4704"
"17,49 : 0.5644"
"49,17 : 0.5644"
"18,19 : 0.4754"
"19,18 : 0.4754"
"18,20 : 0.4427"
"20,18 : 0.4427"
"18,21 : 0.1345"
"21,18 : 0.1345"
"18,22 : 0.481"
"22,18 : 0.481"
"18,23 : 0.4342"
"23,18 : 0.4342"
"18,24 : 0.7211"
"24,18 : 0.7211"
"18,25 : 0.8417"
"25,18 : 0.8417"
"18,26 : 0.7409"
"26,18 : 0.7409"
"18,27 : 0.558"
"27,18 : 0.558"
"18,28 : 0.7877"
"28,18 : 0.7877"
"18,29 : 0.4743"
"29,18 : 0.4743"
"18,30 : 0.26"
"30,18 : 0.26"
"18,31 : 0.2961"
"31,18 : 0.2961"
"18,32 : 0.65"
"32,18 : 0.65"
"18,33 : 0.6297"
"33,18 : 0.6297"
"18,34 : 0.4866"
"34,18 : 0.4866"
"18,35 : 0.7819"
"35,18 : 0.7819"
"18,36 : 0.6356"
"36,18 : 0.6356"
"18,37 : 0.4011"
"37,18 : 0.4011"
"18,38 : 0.7872"
"38,18 : 0.7872"
"18,39 : 0.4624"
"39,18 : 0.4624"
"18,40 : 0.0806"
"40,18 : 0.0806"
"18,41 : 0.3138"
"41,18 : 0.3138"
"18,42 : 0.3635"
"42,18 : 0.3635"
"18,43 : 0.1811"
"43,18 : 0.1811"
"18,44 : 0.3764"
"44,18 : 0.3764"
"18,45 : 0.2844"
"45,18 : 0.2844"
"18,46 : 0.2759"
"46,18 : 0.2759"
"18,47 : 0.5376"
"47,18 : 0.5376"
"18,48 : 0.1273"
"48,18 : 0.1273"
"18,49 : 0.3569"
"49,18 : 0.3569"
"19,20 : 0.0447"
"20,19 : 0.0447"
"19,21 : 0.5994"
"21,19 : 0.5994"
"19,22 : 0.1749"
"22,19 : 0.1749"
"19,23 : 0.0671"
"23,19 : 0.0671"
"19,24 : 0.5385"
"24,19 : 0.5385"
"19,25 : 0.8981"
"25,19 : 0.8981"
"19,26 : 0.5376"
"26,19 : 0.5376"
"19,27 : 0.816"
"27,19 : 0.816"
"19,28 : 0.6848"
"28,19 : 0.6848"
"19,29 : 0.2702"
"29,19 : 0.2702"
"19,30 : 0.7228"
"30,19 : 0.7228"
"19,31 : 0.283"
"31,19 : 0.283"
"19,32 : 0.53"
"32,19 : 0.53"
"19,33 : 0.2802"
"33,19 : 0.2802"
"19,34 : 0.6003"
"34,19 : 0.6003"
"19,35 : 0.906"
"35,19 : 0.906"
"19,36 : 0.8062"
"36,19 : 0.8062"
"19,37 : 0.4653"
"37,19 : 0.4653"
"19,38 : 0.943"
"38,19 : 0.943"
"19,39 : 0.0141"
"39,19 : 0.0141"
"19,40 : 0.4924"
"40,19 : 0.4924"
"19,41 : 0.1712"
"41,19 : 0.1712"
"19,42 : 0.8105"
"42,19 : 0.8105"
"19,43 : 0.6515"
"43,19 : 0.6515"
"19,44 : 0.2283"
"44,19 : 0.2283"
"19,45 : 0.7558"
"45,19 : 0.7558"
"19,46 : 0.2402"
"46,19 : 0.2402"
"19,47 : 0.2846"
"47,19 : 0.2846"
"19,48 : 0.5376"
"48,19 : 0.5376"
"19,49 : 0.7976"
"49,19 : 0.7976"
"20,21 : 0.5636"
"21,20 : 0.5636"
"20,22 : 0.2025"
"22,20 : 0.2025"
"20,23 : 0.0806"
"23,20 : 0.0806"
"20,24 : 0.5692"
"24,20 : 0.5692"
"20,25 : 0.9135"
"25,20 : 0.9135"
"20,26 : 0.5701"
"26,20 : 0.5701"
"20,27 : 0.8115"
"27,20 : 0.8115"
"20,28 : 0.7111"
"28,20 : 0.7111"
"20,29 : 0.2915"
"29,20 : 0.2915"
"20,30 : 0.6943"
"30,20 : 0.6943"
"20,31 : 0.2385"
"31,20 : 0.2385"
"20,32 : 0.5547"
"32,20 : 0.5547"
"20,33 : 0.3202"
"33,20 : 0.3202"
"20,34 : 0.6046"
"34,20 : 0.6046"
"20,35 : 0.9155"
"35,20 : 0.9155"
"20,36 : 0.8099"
"36,20 : 0.8099"
"20,37 : 0.4687"
"37,20 : 0.4687"
"20,38 : 0.95"
"38,20 : 0.95"
"20,39 : 0.0316"
"39,20 : 0.0316"
"20,40 : 0.4653"
"40,20 : 0.4653"
"20,41 : 0.1513"
"41,20 : 0.1513"
"20,42 : 0.7852"
"42,20 : 0.7852"
"20,43 : 0.621"
"43,20 : 0.621"
"20,44 : 0.2343"
"44,20 : 0.2343"
"20,45 : 0.7253"
"45,20 : 0.7253"
"20,46 : 0.2256"
"46,20 : 0.2256"
"20,47 : 0.255"
"47,20 : 0.255"
"20,48 : 0.5124"
"48,20 : 0.5124"
"20,49 : 0.7732"
"49,20 : 0.7732"
"21,22 : 0.6152"
"22,21 : 0.6152"
"21,23 : 0.563"
"23,21 : 0.563"
"21,24 : 0.8469"
"24,21 : 0.8469"
"21,25 : 0.9254"
"25,21 : 0.9254"
"21,26 : 0.8682"
"26,21 : 0.8682"
"21,27 : 0.6001"
"27,21 : 0.6001"
"21,28 : 0.9024"
"28,21 : 0.9024"
"21,29 : 0.608"
"29,21 : 0.608"
"21,30 : 0.1972"
"30,21 : 0.1972"
"21,31 : 0.3821"
"31,21 : 0.3821"
"21,32 : 0.7716"
"32,21 : 0.7716"
"21,33 : 0.7642"
"33,21 : 0.7642"
"21,34 : 0.5801"
"34,21 : 0.5801"
"21,35 : 0.8515"
"35,21 : 0.8515"
"21,36 : 0.7009"
"36,21 : 0.7009"
"21,37 : 0.5142"
"37,21 : 0.5142"
"21,38 : 0.8477"
"38,21 : 0.8477"
"21,39 : 0.5859"
"39,21 : 0.5859"
"21,40 : 0.1772"
"40,21 : 0.1772"
"21,41 : 0.4441"
"41,21 : 0.4441"
"21,42 : 0.3089"
"42,21 : 0.3089"
"21,43 : 0.1204"
"43,21 : 0.1204"
"21,44 : 0.5109"
"44,21 : 0.5109"
"21,45 : 0.1965"
"45,21 : 0.1965"
"21,46 : 0.4101"
"46,21 : 0.4101"
"21,47 : 0.6201"
"47,21 : 0.6201"
"21,48 : 0.19"
"48,21 : 0.19"
"21,49 : 0.3106"
"49,21 : 0.3106"
"22,23 : 0.1237"
"23,22 : 0.1237"
"22,24 : 0.3669"
"24,22 : 0.3669"
"22,25 : 0.7292"
"25,22 : 0.7292"
"22,26 : 0.3688"
"26,22 : 0.3688"
"22,27 : 0.6905"
"27,22 : 0.6905"
"22,28 : 0.51"
"28,22 : 0.51"
"22,29 : 0.1"
"29,22 : 0.1"
"22,30 : 0.6935"
"30,22 : 0.6935"
"22,31 : 0.3946"
"31,22 : 0.3946"
"22,32 : 0.3551"
"32,22 : 0.3551"
"22,33 : 0.1526"
"33,22 : 0.1526"
"22,34 : 0.4554"
"34,22 : 0.4554"
"22,35 : 0.7463"
"35,22 : 0.7463"
"22,36 : 0.6592"
"36,22 : 0.6592"
"22,37 : 0.3276"
"37,22 : 0.3276"
"22,38 : 0.7877"
"38,22 : 0.7877"
"22,39 : 0.1789"
"39,22 : 0.1789"
"22,40 : 0.4687"
"40,22 : 0.4687"
"22,41 : 0.1879"
"41,22 : 0.1879"
"22,42 : 0.7632"
"42,22 : 0.7632"
"22,43 : 0.6351"
"43,22 : 0.6351"
"22,44 : 0.117"
"44,22 : 0.117"
"22,45 : 0.7357"
"45,22 : 0.7357"
"22,46 : 0.2052"
"46,22 : 0.2052"
"22,47 : 0.4569"
"47,22 : 0.4569"
"22,48 : 0.5012"
"48,22 : 0.5012"
"22,49 : 0.7467"
"49,22 : 0.7467"
"23,24 : 0.4904"
"24,23 : 0.4904"
"23,25 : 0.8349"
"25,23 : 0.8349"
"23,26 : 0.4924"
"26,23 : 0.4924"
"23,27 : 0.7495"
"27,23 : 0.7495"
"23,28 : 0.6307"
"28,23 : 0.6307"
"23,29 : 0.211"
"29,23 : 0.211"
"23,30 : 0.6736"
"30,23 : 0.6736"
"23,31 : 0.2846"
"31,23 : 0.2846"
"23,32 : 0.4741"
"32,23 : 0.4741"
"23,33 : 0.255"
"33,23 : 0.255"
"23,34 : 0.5334"
"34,23 : 0.5334"
"23,35 : 0.8402"
"35,23 : 0.8402"
"23,36 : 0.7393"
"36,23 : 0.7393"
"23,37 : 0.3982"
"37,23 : 0.3982"
"23,38 : 0.8766"
"38,23 : 0.8766"
"23,39 : 0.064"
"39,23 : 0.064"
"23,40 : 0.4427"
"40,23 : 0.4427"
"23,41 : 0.1208"
"41,23 : 0.1208"
"23,42 : 0.7571"
"42,23 : 0.7571"
"23,43 : 0.6054"
"43,23 : 0.6054"
"23,44 : 0.1612"
"44,23 : 0.1612"
"23,45 : 0.7094"
"45,23 : 0.7094"
"23,46 : 0.1811"
"46,23 : 0.1811"
"23,47 : 0.3354"
"47,23 : 0.3354"
"23,48 : 0.4851"
"48,23 : 0.4851"
"23,49 : 0.7433"
"49,23 : 0.7433"
"24,25 : 0.4522"
"25,24 : 0.4522"
"24,26 : 0.0316"
"26,24 : 0.0316"
"24,27 : 0.6147"
"27,24 : 0.6147"
"24,28 : 0.164"
"28,24 : 0.164"
"24,29 : 0.2915"
"29,24 : 0.2915"
"24,30 : 0.844"
"30,24 : 0.844"
"24,31 : 0.7417"
"31,24 : 0.7417"
"24,32 : 0.0943"
"32,24 : 0.0943"
"24,33 : 0.2907"
"33,24 : 0.2907"
"24,34 : 0.3774"
"34,24 : 0.3774"
"24,35 : 0.5224"
"35,24 : 0.5224"
"24,36 : 0.5099"
"36,24 : 0.5099"
"24,37 : 0.35"
"37,24 : 0.35"
"24,38 : 0.5808"
"38,24 : 0.5808"
"24,39 : 0.5442"
"39,24 : 0.5442"
"24,40 : 0.6712"
"40,24 : 0.6712"
"24,41 : 0.5209"
"41,24 : 0.5209"
"24,42 : 0.87"
"42,24 : 0.87"
"24,43 : 0.8163"
"43,24 : 0.8163"
"24,44 : 0.39"
"44,24 : 0.39"
"24,45 : 0.8963"
"45,24 : 0.8963"
"24,46 : 0.4916"
"46,24 : 0.4916"
"24,47 : 0.8228"
"47,24 : 0.8228"
"24,48 : 0.676"
"48,24 : 0.676"
"24,49 : 0.8486"
"49,24 : 0.8486"
"25,26 : 0.478"
"26,25 : 0.478"
"25,27 : 0.3956"
"27,25 : 0.3956"
"25,28 : 0.3027"
"28,25 : 0.3027"
"25,29 : 0.6297"
"29,25 : 0.6297"
"25,30 : 0.823"
"30,25 : 0.823"
"25,31 : 1.0024"
"31,25 : 1.0024"
"25,32 : 0.3982"
"32,25 : 0.3982"
"25,33 : 0.7169"
"33,25 : 0.7169"
"25,34 : 0.3574"
"34,25 : 0.3574"
"25,35 : 0.1273"
"35,25 : 0.1273"
"25,36 : 0.25"
"36,25 : 0.25"
"25,37 : 0.4741"
"37,25 : 0.4741"
"25,38 : 0.186"
"38,25 : 0.186"
"25,39 : 0.8983"
"39,25 : 0.8983"
"25,40 : 0.7649"
"40,25 : 0.7649"
"25,41 : 0.8045"
"41,25 : 0.8045"
"25,42 : 0.7885"
"42,25 : 0.7885"
"25,43 : 0.8401"
"43,25 : 0.8401"
"25,44 : 0.6825"
"44,25 : 0.6825"
"25,45 : 0.8746"
"45,25 : 0.8746"
"25,46 : 0.7409"
"46,25 : 0.7409"
"25,47 : 1.1604"
"47,25 : 1.1604"
"25,48 : 0.7368"
"48,25 : 0.7368"
"25,49 : 0.7669"
"49,25 : 0.7669"
"26,27 : 0.6462"
"27,26 : 0.6462"
"26,28 : 0.1836"
"28,26 : 0.1836"
"26,29 : 0.3"
"29,26 : 0.3"
"26,30 : 0.8701"
"30,26 : 0.8701"
"26,31 : 0.7503"
"31,26 : 0.7503"
"26,32 : 0.1253"
"32,26 : 0.1253"
"26,33 : 0.2802"
"33,26 : 0.2802"
"26,34 : 0.4082"
"34,26 : 0.4082"
"26,35 : 0.5515"
"35,26 : 0.5515"
"26,36 : 0.5413"
"36,26 : 0.5413"
"26,37 : 0.3764"
"37,26 : 0.3764"
"26,38 : 0.6103"
"38,26 : 0.6103"
"26,39 : 0.5441"
"39,26 : 0.5441"
"26,40 : 0.6932"
"40,26 : 0.6932"
"26,41 : 0.53"
"41,26 : 0.53"
"26,42 : 0.8981"
"42,26 : 0.8981"
"26,43 : 0.8406"
"43,26 : 0.8406"
"26,44 : 0.4011"
"44,26 : 0.4011"
"26,45 : 0.922"
"45,26 : 0.922"
"26,46 : 0.5049"
"46,26 : 0.5049"
"26,47 : 0.8222"
"47,26 : 0.8222"
"26,48 : 0.6997"
"48,26 : 0.6997"
"26,49 : 0.8768"
"49,26 : 0.8768"
"27,28 : 0.55"
"28,27 : 0.55"
"27,29 : 0.603"
"29,27 : 0.603"
"27,30 : 0.4554"
"30,27 : 0.4554"
"27,31 : 0.8028"
"31,27 : 0.8028"
"27,32 : 0.522"
"32,27 : 0.522"
"27,33 : 0.7601"
"33,27 : 0.7601"
"27,34 : 0.2518"
"34,27 : 0.2518"
"27,35 : 0.2844"
"35,27 : 0.2844"
"27,36 : 0.1476"
"36,27 : 0.1476"
"27,37 : 0.3635"
"37,27 : 0.3635"
"27,38 : 0.2602"
"38,27 : 0.2602"
"27,39 : 0.8099"
"39,27 : 0.8099"
"27,40 : 0.478"
"40,27 : 0.478"
"27,41 : 0.6664"
"41,27 : 0.6664"
"27,42 : 0.4011"
"42,27 : 0.4011"
"27,43 : 0.4934"
"43,27 : 0.4934"
"27,44 : 0.592"
"44,27 : 0.592"
"27,45 : 0.5025"
"45,27 : 0.5025"
"27,46 : 0.5903"
"46,27 : 0.5903"
"27,47 : 1.0155"
"47,27 : 1.0155"
"27,48 : 0.4327"
"48,27 : 0.4327"
"27,49 : 0.3805"
"49,27 : 0.3805"
"28,29 : 0.4215"
"29,28 : 0.4215"
"28,30 : 0.8633"
"30,28 : 0.8633"
"28,31 : 0.8591"
"31,28 : 0.8591"
"28,32 : 0.1581"
"32,28 : 0.1581"
"28,33 : 0.4525"
"33,28 : 0.4525"
"28,34 : 0.3551"
"34,28 : 0.3551"
"28,35 : 0.3932"
"35,28 : 0.3932"
"28,36 : 0.4206"
"36,28 : 0.4206"
"28,37 : 0.3883"
"37,28 : 0.3883"
"28,38 : 0.4554"
"38,28 : 0.4554"
"28,39 : 0.6888"
"39,28 : 0.6888"
"28,40 : 0.7257"
"40,28 : 0.7257"
"28,41 : 0.6403"
"41,28 : 0.6403"
"28,42 : 0.8682"
"42,28 : 0.8682"
"28,43 : 0.8509"
"43,28 : 0.8509"
"28,44 : 0.507"
"44,28 : 0.507"
"28,45 : 0.9171"
"45,28 : 0.9171"
"28,46 : 0.5968"
"46,28 : 0.5968"
"28,47 : 0.9661"
"47,28 : 0.9661"
"28,48 : 0.7184"
"48,28 : 0.7184"
"28,49 : 0.846"
"49,28 : 0.846"
"29,30 : 0.658"
"30,29 : 0.658"
"29,31 : 0.4504"
"31,29 : 0.4504"
"29,32 : 0.264"
"32,29 : 0.264"
"29,33 : 0.1746"
"33,29 : 0.1746"
"29,34 : 0.3614"
"34,29 : 0.3614"
"29,35 : 0.6466"
"35,29 : 0.6466"
"29,36 : 0.563"
"36,29 : 0.563"
"29,37 : 0.2402"
"37,29 : 0.2402"
"29,38 : 0.6888"
"38,29 : 0.6888"
"29,39 : 0.272"
"39,29 : 0.272"
"29,40 : 0.4455"
"40,29 : 0.4455"
"29,41 : 0.23"
"41,29 : 0.23"
"29,42 : 0.7159"
"42,29 : 0.7159"
"29,43 : 0.6088"
"43,29 : 0.6088"
"29,44 : 0.1044"
"44,29 : 0.1044"
"29,45 : 0.7043"
"45,29 : 0.7043"
"29,46 : 0.2119"
"46,29 : 0.2119"
"29,47 : 0.5459"
"47,29 : 0.5459"
"29,48 : 0.4686"
"48,29 : 0.4686"
"29,49 : 0.6977"
"49,29 : 0.6977"
"30,31 : 0.5533"
"31,30 : 0.5533"
"30,32 : 0.7572"
"32,30 : 0.7572"
"30,33 : 0.8293"
"33,30 : 0.8293"
"30,34 : 0.5126"
"34,30 : 0.5126"
"30,35 : 0.7303"
"35,30 : 0.7303"
"30,36 : 0.58"
"36,30 : 0.58"
"30,37 : 0.4941"
"37,30 : 0.4941"
"30,38 : 0.7145"
"38,30 : 0.7145"
"30,39 : 0.7106"
"39,30 : 0.7106"
"30,40 : 0.2309"
"40,30 : 0.2309"
"30,41 : 0.5536"
"41,30 : 0.5536"
"30,42 : 0.1118"
"42,30 : 0.1118"
"30,43 : 0.0825"
"43,30 : 0.0825"
"30,44 : 0.578"
"44,30 : 0.578"
"30,45 : 0.0539"
"45,30 : 0.0539"
"30,46 : 0.4977"
"46,30 : 0.4977"
"30,47 : 0.7951"
"47,30 : 0.7951"
"30,48 : 0.1924"
"48,30 : 0.1924"
"30,49 : 0.114"
"49,30 : 0.114"
"31,32 : 0.7021"
"32,31 : 0.7021"
"31,33 : 0.5385"
"33,31 : 0.5385"
"31,34 : 0.6546"
"34,31 : 0.6546"
"31,35 : 0.9742"
"35,31 : 0.9742"
"31,36 : 0.8439"
"36,31 : 0.8439"
"31,37 : 0.5284"
"37,31 : 0.5284"
"31,38 : 0.9949"
"38,31 : 0.9949"
"31,39 : 0.2693"
"39,31 : 0.2693"
"31,40 : 0.3547"
"40,31 : 0.3547"
"31,41 : 0.2209"
"41,31 : 0.2209"
"31,42 : 0.6592"
"42,31 : 0.6592"
"31,43 : 0.4717"
"43,31 : 0.4717"
"31,44 : 0.3536"
"44,31 : 0.3536"
"31,45 : 0.5701"
"45,31 : 0.5701"
"31,46 : 0.2657"
"46,31 : 0.2657"
"31,47 : 0.2419"
"47,31 : 0.2419"
"31,48 : 0.4085"
"48,31 : 0.4085"
"31,49 : 0.6531"
"49,31 : 0.6531"
"32,33 : 0.3191"
"33,32 : 0.3191"
"32,34 : 0.283"
"34,32 : 0.283"
"32,35 : 0.4512"
"35,32 : 0.4512"
"32,36 : 0.423"
"36,32 : 0.423"
"32,37 : 0.2642"
"37,32 : 0.2642"
"32,38 : 0.5064"
"38,32 : 0.5064"
"32,39 : 0.5334"
"39,32 : 0.5334"
"32,40 : 0.5946"
"40,32 : 0.5946"
"32,41 : 0.4827"
"41,32 : 0.4827"
"32,42 : 0.779"
"42,32 : 0.779"
"32,43 : 0.7336"
"43,32 : 0.7336"
"32,44 : 0.3493"
"44,32 : 0.3493"
"32,45 : 0.8099"
"45,32 : 0.8099"
"32,46 : 0.4418"
"46,32 : 0.4418"
"32,47 : 0.8095"
"47,32 : 0.8095"
"32,48 : 0.5951"
"48,32 : 0.5951"
"32,49 : 0.7574"
"49,32 : 0.7574"
"33,34 : 0.5104"
"34,33 : 0.5104"
"33,35 : 0.7596"
"35,33 : 0.7596"
"33,36 : 0.7004"
"36,33 : 0.7004"
"33,37 : 0.4045"
"37,33 : 0.4045"
"33,38 : 0.8096"
"38,33 : 0.8096"
"33,39 : 0.29"
"39,33 : 0.29"
"33,40 : 0.6107"
"40,33 : 0.6107"
"33,41 : 0.34"
"41,33 : 0.34"
"33,42 : 0.8901"
"42,33 : 0.8901"
"33,43 : 0.7762"
"43,33 : 0.7762"
"33,44 : 0.255"
"44,33 : 0.255"
"33,45 : 0.8742"
"45,33 : 0.8742"
"33,46 : 0.3547"
"46,33 : 0.3547"
"33,47 : 0.559"
"47,33 : 0.559"
"33,48 : 0.6382"
"48,33 : 0.6382"
"33,49 : 0.8721"
"49,33 : 0.8721"
"34,35 : 0.3202"
"35,34 : 0.3202"
"34,36 : 0.2059"
"36,34 : 0.2059"
"34,37 : 0.136"
"37,34 : 0.136"
"34,38 : 0.3471"
"38,34 : 0.3471"
"34,39 : 0.5968"
"39,34 : 0.5968"
"34,40 : 0.4119"
"40,34 : 0.4119"
"34,41 : 0.4742"
"41,34 : 0.4742"
"34,42 : 0.5131"
"42,34 : 0.5131"
"34,43 : 0.5099"
"43,34 : 0.5099"
"34,44 : 0.3722"
"44,34 : 0.3722"
"34,45 : 0.5665"
"45,34 : 0.5665"
"34,46 : 0.4031"
"46,34 : 0.4031"
"34,47 : 0.8349"
"47,34 : 0.8349"
"34,48 : 0.3901"
"48,34 : 0.3901"
"34,49 : 0.4909"
"49,34 : 0.4909"
"35,36 : 0.1513"
"36,35 : 0.1513"
"35,37 : 0.4528"
"37,35 : 0.4528"
"35,38 : 0.0632"
"38,35 : 0.0632"
"35,39 : 0.9043"
"39,35 : 0.9043"
"35,40 : 0.7023"
"40,35 : 0.7023"
"35,41 : 0.7921"
"41,35 : 0.7921"
"35,42 : 0.6847"
"42,35 : 0.6847"
"35,43 : 0.7566"
"43,35 : 0.7566"
"35,44 : 0.6812"
"44,35 : 0.6812"
"35,45 : 0.78"
"45,35 : 0.78"
"35,46 : 0.7225"
"46,35 : 0.7225"
"35,47 : 1.1526"
"47,35 : 1.1526"
"35,48 : 0.6676"
"48,35 : 0.6676"
"35,49 : 0.6637"
"49,35 : 0.6637"
"36,37 : 0.3413"
"37,36 : 0.3413"
"36,38 : 0.1526"
"38,36 : 0.1526"
"36,39 : 0.8026"
"39,36 : 0.8026"
"36,40 : 0.5554"
"40,36 : 0.5554"
"36,41 : 0.6762"
"41,36 : 0.6762"
"36,42 : 0.5394"
"42,36 : 0.5394"
"36,43 : 0.6053"
"43,36 : 0.6053"
"36,44 : 0.578"
"44,36 : 0.578"
"36,45 : 0.6303"
"45,36 : 0.6303"
"36,46 : 0.6031"
"46,36 : 0.6031"
"36,47 : 1.0359"
"47,36 : 1.0359"
"36,48 : 0.5187"
"48,36 : 0.5187"
"36,49 : 0.5179"
"49,36 : 0.5179"
"37,38 : 0.4827"
"38,37 : 0.4827"
"37,39 : 0.4614"
"39,37 : 0.4614"
"37,40 : 0.3373"
"40,37 : 0.3373"
"37,41 : 0.3394"
"41,37 : 0.3394"
"37,42 : 0.524"
"42,37 : 0.524"
"37,43 : 0.4696"
"43,37 : 0.4696"
"37,44 : 0.2371"
"44,37 : 0.2371"
"37,45 : 0.5464"
"45,37 : 0.5464"
"37,46 : 0.2702"
"46,37 : 0.2702"
"37,47 : 0.7001"
"47,37 : 0.7001"
"37,48 : 0.3324"
"48,37 : 0.3324"
"37,49 : 0.5033"
"49,37 : 0.5033"
"38,39 : 0.9405"
"39,38 : 0.9405"
"38,40 : 0.7068"
"40,38 : 0.7068"
"38,41 : 0.8213"
"41,38 : 0.8213"
"38,42 : 0.6603"
"42,38 : 0.6603"
"38,43 : 0.7473"
"43,38 : 0.7473"
"38,44 : 0.7161"
"44,38 : 0.7161"
"38,45 : 0.7624"
"45,38 : 0.7624"
"38,46 : 0.7497"
"46,38 : 0.7497"
"38,47 : 1.1819"
"47,38 : 1.1819"
"38,48 : 0.6685"
"48,38 : 0.6685"
"38,49 : 0.6401"
"49,38 : 0.6401"
"39,40 : 0.4805"
"40,39 : 0.4805"
"39,41 : 0.1603"
"41,39 : 0.1603"
"39,42 : 0.7991"
"42,39 : 0.7991"
"39,43 : 0.6389"
"43,39 : 0.6389"
"39,44 : 0.2247"
"44,39 : 0.2247"
"39,45 : 0.7433"
"45,39 : 0.7433"
"39,46 : 0.2309"
"46,39 : 0.2309"
"39,47 : 0.2786"
"47,39 : 0.2786"
"39,48 : 0.5261"
"48,39 : 0.5261"
"39,49 : 0.7864"
"49,39 : 0.7864"
"40,41 : 0.3228"
"41,40 : 0.3228"
"40,42 : 0.3206"
"42,40 : 0.3206"
"40,43 : 0.1664"
"43,40 : 0.1664"
"40,44 : 0.3561"
"44,40 : 0.3561"
"40,45 : 0.2683"
"45,40 : 0.2683"
"40,46 : 0.2683"
"46,40 : 0.2683"
"40,47 : 0.592"
"47,40 : 0.592"
"40,48 : 0.0539"
"48,40 : 0.0539"
"40,49 : 0.31"
"49,40 : 0.31"
"41,42 : 0.6395"
"42,41 : 0.6395"
"41,43 : 0.4847"
"43,41 : 0.4847"
"41,44 : 0.1334"
"44,41 : 0.1334"
"41,45 : 0.5887"
"45,41 : 0.5887"
"41,46 : 0.0762"
"46,41 : 0.0762"
"41,47 : 0.3607"
"47,41 : 0.3607"
"41,48 : 0.3667"
"48,41 : 0.3667"
"41,49 : 0.6265"
"49,41 : 0.6265"
"42,43 : 0.1931"
"43,42 : 0.1931"
"42,44 : 0.6462"
"44,42 : 0.6462"
"42,45 : 0.1281"
"45,42 : 0.1281"
"42,46 : 0.5772"
"46,42 : 0.5772"
"42,47 : 0.9009"
"47,42 : 0.9009"
"42,48 : 0.2729"
"48,42 : 0.2729"
