x,y
0.82,0.24
0.05,0.55
0.1,0.12
0.6,0.42
0.56,0.29
0.01,0.9
0.72,0.36
0.19,0.81
0.56,0.05
0.02,0.52
0.89,0.82
0.74,0.01
0.88,0.59
0.89,0.05
0.09,0.95
0.57,0.27
0.07,0.08
0.55,0.59
0.04,0.32
0.26,0.92
0.15,0.03
0.57,0.03
0.9,0.26
0.94,0.38
0.84,0.42
0.71,0.04
0.11,0.13
0.99,0.58
0.59,0.49
0.48,0.83
0.16,0.65
0.19,0.06
0.69,0.67
0.95,0.04
0.14,0.13
0.01,0.42
0.84,0.28
0.55,0.8
0.28,0.27
0.0,0.86
0.1,0.79
0.11,0.09
0.38,0.15
0.28,1.0
0.26,0.92
0.84,0.07
0.49,0.2
0.35,0.62
0.01,0.67
0.62,0.5

Distanze
"0,1 : 0.8301"
"1,0 : 0.8301"
"0,2 : 0.7299"
"2,0 : 0.7299"
"0,3 : 0.2843"
"3,0 : 0.2843"
"0,4 : 0.2648"
"4,0 : 0.2648"
"0,5 : 1.0448"
"5,0 : 1.0448"
"0,6 : 0.1562"
"6,0 : 0.1562"
"0,7 : 0.8496"
"7,0 : 0.8496"
"0,8 : 0.322"
"8,0 : 0.322"
"0,9 : 0.8476"
"9,0 : 0.8476"
"0,10 : 0.5842"
"10,0 : 0.5842"
"0,11 : 0.2435"
"11,0 : 0.2435"
"0,12 : 0.3551"
"12,0 : 0.3551"
"0,13 : 0.2025"
"13,0 : 0.2025"
"0,14 : 1.0183"
"14,0 : 1.0183"
"0,15 : 0.2518"
"15,0 : 0.2518"
"0,16 : 0.7669"
"16,0 : 0.7669"
"0,17 : 0.442"
"17,0 : 0.442"
"0,18 : 0.7841"
"18,0 : 0.7841"
"0,19 : 0.8809"
"19,0 : 0.8809"
"0,20 : 0.7021"
"20,0 : 0.7021"
"0,21 : 0.3265"
"21,0 : 0.3265"
"0,22 : 0.0825"
"22,0 : 0.0825"
"0,23 : 0.1844"
"23,0 : 0.1844"
"0,24 : 0.1811"
"24,0 : 0.1811"
"0,25 : 0.2283"
"25,0 : 0.2283"
"0,26 : 0.7185"
"26,0 : 0.7185"
"0,27 : 0.3801"
"27,0 : 0.3801"
"0,28 : 0.3397"
"28,0 : 0.3397"
"0,29 : 0.681"
"29,0 : 0.681"
"0,30 : 0.777"
"30,0 : 0.777"
"0,31 : 0.6552"
"31,0 : 0.6552"
"0,32 : 0.4492"
"32,0 : 0.4492"
"0,33 : 0.2385"
"33,0 : 0.2385"
"0,34 : 0.6888"
"34,0 : 0.6888"
"0,35 : 0.8298"
"35,0 : 0.8298"
"0,36 : 0.0447"
"36,0 : 0.0447"
"0,37 : 0.6217"
"37,0 : 0.6217"
"0,38 : 0.5408"
"38,0 : 0.5408"
"0,39 : 1.028"
"39,0 : 1.028"
"0,40 : 0.906"
"40,0 : 0.906"
"0,41 : 0.7257"
"41,0 : 0.7257"
"0,42 : 0.4491"
"42,0 : 0.4491"
"0,43 : 0.9323"
"43,0 : 0.9323"
"0,44 : 0.8809"
"44,0 : 0.8809"
"0,45 : 0.1712"
"45,0 : 0.1712"
"0,46 : 0.3324"
"46,0 : 0.3324"
"0,47 : 0.6044"
"47,0 : 0.6044"
"0,48 : 0.9171"
"48,0 : 0.9171"
"0,49 : 0.328"
"49,0 : 0.328"
"1,2 : 0.4329"
"2,1 : 0.4329"
"1,3 : 0.5652"
"3,1 : 0.5652"
"1,4 : 0.5725"
"4,1 : 0.5725"
"1,5 : 0.3523"
"5,1 : 0.3523"
"1,6 : 0.6964"
"6,1 : 0.6964"
"1,7 : 0.2953"
"7,1 : 0.2953"
"1,8 : 0.7142"
"8,1 : 0.7142"
"1,9 : 0.0424"
"9,1 : 0.0424"
"1,10 : 0.8823"
"10,1 : 0.8823"
"1,11 : 0.8762"
"11,1 : 0.8762"
"1,12 : 0.831"
"12,1 : 0.831"
"1,13 : 0.9775"
"13,1 : 0.9775"
"1,14 : 0.402"
"14,1 : 0.402"
"1,15 : 0.5906"
"15,1 : 0.5906"
"1,16 : 0.4704"
"16,1 : 0.4704"
"1,17 : 0.5016"
"17,1 : 0.5016"
"1,18 : 0.2302"
"18,1 : 0.2302"
"1,19 : 0.4254"
"19,1 : 0.4254"
"1,20 : 0.5295"
"20,1 : 0.5295"
"1,21 : 0.7354"
"21,1 : 0.7354"
"1,22 : 0.8981"
"22,1 : 0.8981"
"1,23 : 0.9061"
"23,1 : 0.9061"
"1,24 : 0.8006"
"24,1 : 0.8006"
"1,25 : 0.8341"
"25,1 : 0.8341"
"1,26 : 0.4243"
"26,1 : 0.4243"
"1,27 : 0.9405"
"27,1 : 0.9405"
"1,28 : 0.5433"
"28,1 : 0.5433"
"1,29 : 0.5131"
"29,1 : 0.5131"
"1,30 : 0.1487"
"30,1 : 0.1487"
"1,31 : 0.5096"
"31,1 : 0.5096"
"1,32 : 0.6512"
"32,1 : 0.6512"
"1,33 : 1.0345"
"33,1 : 1.0345"
"1,34 : 0.4295"
"34,1 : 0.4295"
"1,35 : 0.136"
"35,1 : 0.136"
"1,36 : 0.8349"
"36,1 : 0.8349"
"1,37 : 0.559"
"37,1 : 0.559"
"1,38 : 0.3624"
"38,1 : 0.3624"
"1,39 : 0.314"
"39,1 : 0.314"
"1,40 : 0.2452"
"40,1 : 0.2452"
"1,41 : 0.4639"
"41,1 : 0.4639"
"1,42 : 0.5186"
"42,1 : 0.5186"
"1,43 : 0.5054"
"43,1 : 0.5054"
"1,44 : 0.4254"
"44,1 : 0.4254"
"1,45 : 0.9244"
"45,1 : 0.9244"
"1,46 : 0.5622"
"46,1 : 0.5622"
"1,47 : 0.3081"
"47,1 : 0.3081"
"1,48 : 0.1265"
"48,1 : 0.1265"
"1,49 : 0.5722"
"49,1 : 0.5722"
"2,3 : 0.5831"
"3,2 : 0.5831"
"2,4 : 0.4904"
"4,2 : 0.4904"
"2,5 : 0.7852"
"5,2 : 0.7852"
"2,6 : 0.6648"
"6,2 : 0.6648"
"2,7 : 0.6958"
"7,2 : 0.6958"
"2,8 : 0.4653"
"8,2 : 0.4653"
"2,9 : 0.4079"
"9,2 : 0.4079"
"2,10 : 1.0555"
"10,2 : 1.0555"
"2,11 : 0.6494"
"11,2 : 0.6494"
"2,12 : 0.9107"
"12,2 : 0.9107"
"2,13 : 0.7931"
"13,2 : 0.7931"
"2,14 : 0.8301"
"14,2 : 0.8301"
"2,15 : 0.4934"
"15,2 : 0.4934"
"2,16 : 0.05"
"16,2 : 0.05"
"2,17 : 0.6507"
"17,2 : 0.6507"
"2,18 : 0.2088"
"18,2 : 0.2088"
"2,19 : 0.8158"
"19,2 : 0.8158"
"2,20 : 0.103"
"20,2 : 0.103"
"2,21 : 0.4785"
"21,2 : 0.4785"
"2,22 : 0.8122"
"22,2 : 0.8122"
"2,23 : 0.8793"
"23,2 : 0.8793"
"2,24 : 0.7985"
"24,2 : 0.7985"
"2,25 : 0.6152"
"25,2 : 0.6152"
"2,26 : 0.0141"
"26,2 : 0.0141"
"2,27 : 1.0018"
"27,2 : 1.0018"
"2,28 : 0.614"
"28,2 : 0.614"
"2,29 : 0.8053"
"29,2 : 0.8053"
"2,30 : 0.5334"
"30,2 : 0.5334"
"2,31 : 0.1082"
"31,2 : 0.1082"
"2,32 : 0.8066"
"32,2 : 0.8066"
"2,33 : 0.8538"
"33,2 : 0.8538"
"2,34 : 0.0412"
"34,2 : 0.0412"
"2,35 : 0.3132"
"35,2 : 0.3132"
"2,36 : 0.7571"
"36,2 : 0.7571"
"2,37 : 0.8154"
"37,2 : 0.8154"
"2,38 : 0.2343"
"38,2 : 0.2343"
"2,39 : 0.7467"
"39,2 : 0.7467"
"2,40 : 0.67"
"40,2 : 0.67"
"2,41 : 0.0316"
"41,2 : 0.0316"
"2,42 : 0.2816"
"42,2 : 0.2816"
"2,43 : 0.8982"
"43,2 : 0.8982"
"2,44 : 0.8158"
"44,2 : 0.8158"
"2,45 : 0.7417"
"45,2 : 0.7417"
"2,46 : 0.3981"
"46,2 : 0.3981"
"2,47 : 0.559"
"47,2 : 0.559"
"2,48 : 0.5573"
"48,2 : 0.5573"
"2,49 : 0.644"
"49,2 : 0.644"
"3,4 : 0.136"
"4,3 : 0.136"
"3,5 : 0.7606"
"5,3 : 0.7606"
"3,6 : 0.1342"
"6,3 : 0.1342"
"3,7 : 0.5659"
"7,3 : 0.5659"
"3,8 : 0.3722"
"8,3 : 0.3722"
"3,9 : 0.5886"
"9,3 : 0.5886"
"3,10 : 0.4941"
"10,3 : 0.4941"
"3,11 : 0.4332"
"11,3 : 0.4332"
"3,12 : 0.3276"
"12,3 : 0.3276"
"3,13 : 0.4701"
"13,3 : 0.4701"
"3,14 : 0.7355"
"14,3 : 0.7355"
"3,15 : 0.153"
"15,3 : 0.153"
"3,16 : 0.6297"
"16,3 : 0.6297"
"3,17 : 0.1772"
"17,3 : 0.1772"
"3,18 : 0.5689"
"18,3 : 0.5689"
"3,19 : 0.6046"
"19,3 : 0.6046"
"3,20 : 0.5955"
"20,3 : 0.5955"
"3,21 : 0.3912"
"21,3 : 0.3912"
"3,22 : 0.34"
"22,3 : 0.34"
"3,23 : 0.3423"
"23,3 : 0.3423"
"3,24 : 0.24"
"24,3 : 0.24"
"3,25 : 0.3956"
"25,3 : 0.3956"
"3,26 : 0.5694"
"26,3 : 0.5694"
"3,27 : 0.4215"
"27,3 : 0.4215"
"3,28 : 0.0707"
"28,3 : 0.0707"
"3,29 : 0.4272"
"29,3 : 0.4272"
"3,30 : 0.4965"
"30,3 : 0.4965"
"3,31 : 0.5456"
"31,3 : 0.5456"
"3,32 : 0.2657"
"32,3 : 0.2657"
"3,33 : 0.5166"
"33,3 : 0.5166"
"3,34 : 0.5438"
"34,3 : 0.5438"
"3,35 : 0.59"
"35,3 : 0.59"
"3,36 : 0.2778"
"36,3 : 0.2778"
"3,37 : 0.3833"
"37,3 : 0.3833"
"3,38 : 0.3534"
"38,3 : 0.3534"
"3,39 : 0.744"
"39,3 : 0.744"
"3,40 : 0.622"
"40,3 : 0.622"
"3,41 : 0.5908"
"41,3 : 0.5908"
"3,42 : 0.3483"
"42,3 : 0.3483"
"3,43 : 0.6624"
"43,3 : 0.6624"
"3,44 : 0.6046"
"44,3 : 0.6046"
"3,45 : 0.4244"
"45,3 : 0.4244"
"3,46 : 0.246"
"46,3 : 0.246"
"3,47 : 0.3202"
"47,3 : 0.3202"
"3,48 : 0.6408"
"48,3 : 0.6408"
"3,49 : 0.0825"
"49,3 : 0.0825"
"4,5 : 0.8213"
"5,4 : 0.8213"
"4,6 : 0.1746"
"6,4 : 0.1746"
"4,7 : 0.6382"
"7,4 : 0.6382"
"4,8 : 0.24"
"8,4 : 0.24"
"4,9 : 0.5869"
"9,4 : 0.5869"
"4,10 : 0.6243"
"10,4 : 0.6243"
"4,11 : 0.3329"
"11,4 : 0.3329"
"4,12 : 0.4386"
"12,4 : 0.4386"
"4,13 : 0.408"
"13,4 : 0.408"
"4,14 : 0.8102"
"14,4 : 0.8102"
"4,15 : 0.0224"
"15,4 : 0.0224"
"4,16 : 0.5331"
"16,4 : 0.5331"
"4,17 : 0.3002"
"17,4 : 0.3002"
"4,18 : 0.5209"
"18,4 : 0.5209"
"4,19 : 0.6978"
"19,4 : 0.6978"
"4,20 : 0.4855"
"20,4 : 0.4855"
"4,21 : 0.2602"
"21,4 : 0.2602"
"4,22 : 0.3413"
"22,4 : 0.3413"
"4,23 : 0.3905"
"23,4 : 0.3905"
"4,24 : 0.3087"
"24,4 : 0.3087"
"4,25 : 0.2915"
"25,4 : 0.2915"
"4,26 : 0.4776"
"26,4 : 0.4776"
"4,27 : 0.5187"
"27,4 : 0.5187"
"4,28 : 0.2022"
"28,4 : 0.2022"
"4,29 : 0.5459"
"29,4 : 0.5459"
"4,30 : 0.5381"
"30,4 : 0.5381"
"4,31 : 0.4357"
"31,4 : 0.4357"
"4,32 : 0.4016"
"32,4 : 0.4016"
"4,33 : 0.4632"
"33,4 : 0.4632"
"4,34 : 0.4494"
"34,4 : 0.4494"
"4,35 : 0.5652"
"35,4 : 0.5652"
"4,36 : 0.2802"
"36,4 : 0.2802"
"4,37 : 0.5101"
"37,4 : 0.5101"
"4,38 : 0.2807"
"38,4 : 0.2807"
"4,39 : 0.7991"
"39,4 : 0.7991"
"4,40 : 0.6794"
"40,4 : 0.6794"
"4,41 : 0.4924"
"41,4 : 0.4924"
"4,42 : 0.228"
"42,4 : 0.228"
"4,43 : 0.7632"
"43,4 : 0.7632"
"4,44 : 0.6978"
"44,4 : 0.6978"
"4,45 : 0.3561"
"45,4 : 0.3561"
"4,46 : 0.114"
"46,4 : 0.114"
"4,47 : 0.3912"
"47,4 : 0.3912"
"4,48 : 0.6685"
"48,4 : 0.6685"
"4,49 : 0.2184"
"49,4 : 0.2184"
"5,6 : 0.892"
"6,5 : 0.892"
"5,7 : 0.2012"
"7,5 : 0.2012"
"5,8 : 1.0124"
"8,5 : 1.0124"
"5,9 : 0.3801"
"9,5 : 0.3801"
"5,10 : 0.8836"
"10,5 : 0.8836"
"5,11 : 1.1511"
"11,5 : 1.1511"
"5,12 : 0.9236"
"12,5 : 0.9236"
"5,13 : 1.2235"
"13,5 : 1.2235"
"5,14 : 0.0943"
"14,5 : 0.0943"
"5,15 : 0.8429"
"15,5 : 0.8429"
"5,16 : 0.8222"
"16,5 : 0.8222"
"5,17 : 0.6227"
"17,5 : 0.6227"
"5,18 : 0.5808"
"18,5 : 0.5808"
"5,19 : 0.2508"
"19,5 : 0.2508"
"5,20 : 0.8812"
"20,5 : 0.8812"
"5,21 : 1.0346"
"21,5 : 1.0346"
"5,22 : 1.0962"
"22,5 : 1.0962"
"5,23 : 1.0655"
"23,5 : 1.0655"
"5,24 : 0.9588"
"24,5 : 0.9588"
"5,25 : 1.1089"
"25,5 : 1.1089"
"5,26 : 0.7765"
"26,5 : 0.7765"
"5,27 : 1.0309"
"27,5 : 1.0309"
"5,28 : 0.7103"
"28,5 : 0.7103"
"5,29 : 0.4752"
"29,5 : 0.4752"
"5,30 : 0.2915"
"30,5 : 0.2915"
"5,31 : 0.8591"
"31,5 : 0.8591"
"5,32 : 0.7178"
"32,5 : 0.7178"
"5,33 : 1.274"
"33,5 : 1.274"
"5,34 : 0.7809"
"34,5 : 0.7809"
"5,35 : 0.48"
"35,5 : 0.48"
"5,36 : 1.036"
"36,5 : 1.036"
"5,37 : 0.5492"
"37,5 : 0.5492"
"5,38 : 0.6854"
"38,5 : 0.6854"
"5,39 : 0.0412"
"39,5 : 0.0412"
"5,40 : 0.1421"
"40,5 : 0.1421"
"5,41 : 0.8161"
"41,5 : 0.8161"
"5,42 : 0.8363"
"42,5 : 0.8363"
"5,43 : 0.2879"
"43,5 : 0.2879"
"5,44 : 0.2508"
"44,5 : 0.2508"
"5,45 : 1.1738"
"45,5 : 1.1738"
"5,46 : 0.8488"
"46,5 : 0.8488"
"5,47 : 0.4405"
"47,5 : 0.4405"
"5,48 : 0.23"
"48,5 : 0.23"
"5,49 : 0.7295"
"49,5 : 0.7295"
"6,7 : 0.6953"
"7,6 : 0.6953"
"6,8 : 0.3489"
"8,6 : 0.3489"
"6,9 : 0.7181"
"9,6 : 0.7181"
"6,10 : 0.4904"
"10,6 : 0.4904"
"6,11 : 0.3506"
"11,6 : 0.3506"
"6,12 : 0.2802"
"12,6 : 0.2802"
"6,13 : 0.3536"
"13,6 : 0.3536"
"6,14 : 0.8631"
"14,6 : 0.8631"
"6,15 : 0.1749"
"15,6 : 0.1749"
"6,16 : 0.7077"
"16,6 : 0.7077"
"6,17 : 0.286"
"17,6 : 0.286"
"6,18 : 0.6812"
"18,6 : 0.6812"
"6,19 : 0.7247"
"19,6 : 0.7247"
"6,20 : 0.6586"
"20,6 : 0.6586"
"6,21 : 0.3625"
"21,6 : 0.3625"
"6,22 : 0.2059"
"22,6 : 0.2059"
"6,23 : 0.2209"
"23,6 : 0.2209"
"6,24 : 0.1342"
"24,6 : 0.1342"
"6,25 : 0.3202"
"25,6 : 0.3202"
"6,26 : 0.6519"
"26,6 : 0.6519"
"6,27 : 0.3483"
"27,6 : 0.3483"
"6,28 : 0.1838"
"28,6 : 0.1838"
"6,29 : 0.5277"
"29,6 : 0.5277"
"6,30 : 0.6306"
"30,6 : 0.6306"
"6,31 : 0.609"
"31,6 : 0.609"
"6,32 : 0.3114"
"32,6 : 0.3114"
"6,33 : 0.3941"
"33,6 : 0.3941"
"6,34 : 0.6239"
"34,6 : 0.6239"
"6,35 : 0.7125"
"35,6 : 0.7125"
"6,36 : 0.1442"
"36,6 : 0.1442"
"6,37 : 0.4717"
"37,6 : 0.4717"
"6,38 : 0.4491"
"38,6 : 0.4491"
"6,39 : 0.8766"
"39,6 : 0.8766"
"6,40 : 0.7545"
"40,6 : 0.7545"
"6,41 : 0.6671"
"41,6 : 0.6671"
"6,42 : 0.3996"
"42,6 : 0.3996"
"6,43 : 0.7767"
"43,6 : 0.7767"
"6,44 : 0.7247"
"44,6 : 0.7247"
"6,45 : 0.3138"
"45,6 : 0.3138"
"6,46 : 0.2802"
"46,6 : 0.2802"
"6,47 : 0.4522"
"47,6 : 0.4522"
"6,48 : 0.7747"
"48,6 : 0.7747"
"6,49 : 0.172"
"49,6 : 0.172"
"7,8 : 0.8453"
"8,7 : 0.8453"
"7,9 : 0.3362"
"9,7 : 0.3362"
"7,10 : 0.7001"
"10,7 : 0.7001"
"7,11 : 0.9708"
"11,7 : 0.9708"
"7,12 : 0.7242"
"12,7 : 0.7242"
"7,13 : 1.0332"
"13,7 : 1.0332"
"7,14 : 0.172"
"14,7 : 0.172"
"7,15 : 0.6603"
"15,7 : 0.6603"
"7,16 : 0.7398"
"16,7 : 0.7398"
"7,17 : 0.4219"
"17,7 : 0.4219"
"7,18 : 0.5124"
"18,7 : 0.5124"
"7,19 : 0.1304"
"19,7 : 0.1304"
"7,20 : 0.781"
"20,7 : 0.781"
"7,21 : 0.8676"
"21,7 : 0.8676"
"7,22 : 0.8981"
"22,7 : 0.8981"
"7,23 : 0.8645"
"23,7 : 0.8645"
"7,24 : 0.758"
"24,7 : 0.758"
"7,25 : 0.9291"
"25,7 : 0.9291"
"7,26 : 0.6847"
"26,7 : 0.6847"
"7,27 : 0.8324"
"27,7 : 0.8324"
"7,28 : 0.5122"
"28,7 : 0.5122"
"7,29 : 0.2907"
"29,7 : 0.2907"
"7,30 : 0.1628"
"30,7 : 0.1628"
"7,31 : 0.75"
"31,7 : 0.75"
"7,32 : 0.5192"
"32,7 : 0.5192"
"7,33 : 1.0819"
"33,7 : 1.0819"
"7,34 : 0.6818"
"34,7 : 0.6818"
"7,35 : 0.4295"
"35,7 : 0.4295"
"7,36 : 0.8387"
"36,7 : 0.8387"
"7,37 : 0.3601"
"37,7 : 0.3601"
"7,38 : 0.5474"
"38,7 : 0.5474"
"7,39 : 0.1965"
"39,7 : 0.1965"
"7,40 : 0.0922"
"40,7 : 0.0922"
"7,41 : 0.7244"
"41,7 : 0.7244"
"7,42 : 0.6868"
"42,7 : 0.6868"
"7,43 : 0.2102"
"43,7 : 0.2102"
"7,44 : 0.1304"
"44,7 : 0.1304"
"7,45 : 0.9849"
"45,7 : 0.9849"
"7,46 : 0.6798"
"46,7 : 0.6798"
"7,47 : 0.2484"
"47,7 : 0.2484"
"7,48 : 0.228"
"48,7 : 0.228"
"7,49 : 0.5301"
"49,7 : 0.5301"
"8,9 : 0.7159"
"9,8 : 0.7159"
"8,10 : 0.8377"
"10,8 : 0.8377"
"8,11 : 0.1844"
"11,8 : 0.1844"
"8,12 : 0.6277"
"12,8 : 0.6277"
"8,13 : 0.33"
"13,8 : 0.33"
"8,14 : 1.0153"
"14,8 : 1.0153"
"8,15 : 0.2202"
"15,8 : 0.2202"
"8,16 : 0.4909"
"16,8 : 0.4909"
"8,17 : 0.5401"
"17,8 : 0.5401"
"8,18 : 0.5859"
"18,8 : 0.5859"
"8,19 : 0.9203"
"19,8 : 0.9203"
"8,20 : 0.4105"
"20,8 : 0.4105"
"8,21 : 0.0224"
"21,8 : 0.0224"
"8,22 : 0.3996"
"22,8 : 0.3996"
"8,23 : 0.5033"
"23,8 : 0.5033"
"8,24 : 0.464"
"24,8 : 0.464"
"8,25 : 0.1503"
"25,8 : 0.1503"
"8,26 : 0.4571"
"26,8 : 0.4571"
"8,27 : 0.6825"
"27,8 : 0.6825"
"8,28 : 0.441"
"28,8 : 0.441"
"8,29 : 0.7841"
"29,8 : 0.7841"
"8,30 : 0.7211"
"30,8 : 0.7211"
"8,31 : 0.3701"
"31,8 : 0.3701"
"8,32 : 0.6335"
"32,8 : 0.6335"
"8,33 : 0.3901"
"33,8 : 0.3901"
"8,34 : 0.4276"
"34,8 : 0.4276"
"8,35 : 0.6629"
"35,8 : 0.6629"
"8,36 : 0.3624"
"36,8 : 0.3624"
"8,37 : 0.7501"
"37,8 : 0.7501"
"8,38 : 0.3561"
"38,8 : 0.3561"
"8,39 : 0.9847"
"39,8 : 0.9847"
"8,40 : 0.8713"
"40,8 : 0.8713"
"8,41 : 0.4518"
"41,8 : 0.4518"
"8,42 : 0.2059"
"42,8 : 0.2059"
"8,43 : 0.9904"
"43,8 : 0.9904"
"8,44 : 0.9203"
"44,8 : 0.9203"
"8,45 : 0.2807"
"45,8 : 0.2807"
"8,46 : 0.1655"
"46,8 : 0.1655"
"8,47 : 0.6075"
"47,8 : 0.6075"
"8,48 : 0.8288"
"48,8 : 0.8288"
"8,49 : 0.454"
"49,8 : 0.454"
"9,10 : 0.9203"
"10,9 : 0.9203"
"9,11 : 0.8823"
"11,9 : 0.8823"
"9,12 : 0.8628"
"12,9 : 0.8628"
"9,13 : 0.9888"
"13,9 : 0.9888"
"9,14 : 0.4357"
"14,9 : 0.4357"
"9,15 : 0.6042"
"15,9 : 0.6042"
"9,16 : 0.4428"
"16,9 : 0.4428"
"9,17 : 0.5346"
"17,9 : 0.5346"
"9,18 : 0.201"
"18,9 : 0.201"
"9,19 : 0.4665"
"19,9 : 0.4665"
"9,20 : 0.507"
"20,9 : 0.507"
"9,21 : 0.7366"
"21,9 : 0.7366"
"9,22 : 0.9176"
"22,9 : 0.9176"
"9,23 : 0.9306"
"23,9 : 0.9306"
"9,24 : 0.8261"
"24,9 : 0.8261"
"9,25 : 0.8405"
"25,9 : 0.8405"
"9,26 : 0.4002"
"26,9 : 0.4002"
"9,27 : 0.9719"
"27,9 : 0.9719"
"9,28 : 0.5708"
"28,9 : 0.5708"
"9,29 : 0.5547"
"29,9 : 0.5547"
"9,30 : 0.191"
"30,9 : 0.191"
"9,31 : 0.4904"
"31,9 : 0.4904"
"9,32 : 0.6866"
"32,9 : 0.6866"
"9,33 : 1.0466"
"33,9 : 1.0466"
"9,34 : 0.408"
"34,9 : 0.408"
"9,35 : 0.1005"
"35,9 : 0.1005"
"9,36 : 0.8544"
"36,9 : 0.8544"
"9,37 : 0.5994"
"37,9 : 0.5994"
"9,38 : 0.3607"
"38,9 : 0.3607"
"9,39 : 0.3406"
"39,9 : 0.3406"
"9,40 : 0.2816"
"40,9 : 0.2816"
"9,41 : 0.4393"
"41,9 : 0.4393"
"9,42 : 0.5162"
"42,9 : 0.5162"
"9,43 : 0.5459"
"43,9 : 0.5459"
"9,44 : 0.4665"
"44,9 : 0.4665"
"9,45 : 0.9354"
"45,9 : 0.9354"
"9,46 : 0.5686"
"46,9 : 0.5686"
"9,47 : 0.3448"
"47,9 : 0.3448"
"9,48 : 0.1503"
"48,9 : 0.1503"
"9,49 : 0.6003"
"49,9 : 0.6003"
"10,11 : 0.8238"
"11,10 : 0.8238"
"10,12 : 0.2302"
"12,10 : 0.2302"
"10,13 : 0.77"
"13,10 : 0.77"
"10,14 : 0.8105"
"14,10 : 0.8105"
"10,15 : 0.6363"
"15,10 : 0.6363"
"10,16 : 1.1045"
"16,10 : 1.1045"
"10,17 : 0.4105"
"17,10 : 0.4105"
"10,18 : 0.9862"
"18,10 : 0.9862"
"10,19 : 0.6379"
"19,10 : 0.6379"
"10,20 : 1.0825"
"20,10 : 1.0825"
"10,21 : 0.8523"
"21,10 : 0.8523"
"10,22 : 0.5601"
"22,10 : 0.5601"
"10,23 : 0.4428"
"23,10 : 0.4428"
"10,24 : 0.4031"
"24,10 : 0.4031"
"10,25 : 0.8005"
"25,10 : 0.8005"
"10,26 : 1.0414"
"26,10 : 1.0414"
"10,27 : 0.26"
"27,10 : 0.26"
"10,28 : 0.446"
"28,10 : 0.446"
"10,29 : 0.4101"
"29,10 : 0.4101"
"10,30 : 0.7495"
"30,10 : 0.7495"
"10,31 : 1.0332"
"31,10 : 1.0332"
"10,32 : 0.25"
"32,10 : 0.25"
"10,33 : 0.7823"
"33,10 : 0.7823"
"10,34 : 1.0191"
"34,10 : 1.0191"
"10,35 : 0.9666"
"35,10 : 0.9666"
"10,36 : 0.5423"
"36,10 : 0.5423"
"10,37 : 0.3406"
"37,10 : 0.3406"
"10,38 : 0.8213"
"38,10 : 0.8213"
"10,39 : 0.8909"
"39,10 : 0.8909"
"10,40 : 0.7906"
"40,10 : 0.7906"
"10,41 : 1.0683"
"41,10 : 1.0683"
"10,42 : 0.842"
"42,10 : 0.842"
"10,43 : 0.636"
"43,10 : 0.636"
"10,44 : 0.6379"
"44,10 : 0.6379"
"10,45 : 0.7517"
"45,10 : 0.7517"
"10,46 : 0.7378"
"46,10 : 0.7378"
"10,47 : 0.5758"
"47,10 : 0.5758"
"10,48 : 0.8927"
"48,10 : 0.8927"
"10,49 : 0.4187"
"49,10 : 0.4187"
"11,12 : 0.5967"
"12,11 : 0.5967"
"11,13 : 0.1552"
"13,11 : 0.1552"
"11,14 : 1.1428"
"14,11 : 1.1428"
"11,15 : 0.3106"
"15,11 : 0.3106"
"11,16 : 0.6736"
"16,11 : 0.6736"
"11,17 : 0.6103"
"17,11 : 0.6103"
"11,18 : 0.7656"
"18,11 : 0.7656"
"11,19 : 1.0288"
"19,11 : 1.0288"
"11,20 : 0.5903"
"20,11 : 0.5903"
"11,21 : 0.1712"
"21,11 : 0.1712"
"11,22 : 0.2968"
"22,11 : 0.2968"
"11,23 : 0.4206"
"23,11 : 0.4206"
"11,24 : 0.422"
"24,11 : 0.422"
"11,25 : 0.0424"
"25,11 : 0.0424"
"11,26 : 0.6413"
"26,11 : 0.6413"
"11,27 : 0.6224"
"27,11 : 0.6224"
"11,28 : 0.5029"
"28,11 : 0.5029"
"11,29 : 0.8602"
"29,11 : 0.8602"
"11,30 : 0.8637"
"30,11 : 0.8637"
"11,31 : 0.5523"
"31,11 : 0.5523"
"11,32 : 0.6619"
"32,11 : 0.6619"
"11,33 : 0.2121"
"33,11 : 0.2121"
"11,34 : 0.6119"
"34,11 : 0.6119"
"11,35 : 0.8373"
"35,11 : 0.8373"
"11,36 : 0.2879"
"36,11 : 0.2879"
"11,37 : 0.8125"
"37,11 : 0.8125"
"11,38 : 0.5284"
"38,11 : 0.5284"
"11,39 : 1.127"
"39,11 : 1.127"
"11,40 : 1.009"
"40,11 : 1.009"
"11,41 : 0.6351"
"41,11 : 0.6351"
"11,42 : 0.3863"
"42,11 : 0.3863"
"11,43 : 1.0917"
"43,11 : 1.0917"
"11,44 : 1.0288"
"44,11 : 1.0288"
"11,45 : 0.1166"
"45,11 : 0.1166"
"11,46 : 0.314"
"46,11 : 0.314"
"11,47 : 0.724"
"47,11 : 0.724"
"11,48 : 0.9841"
"48,11 : 0.9841"
"11,49 : 0.5045"
"49,11 : 0.5045"
"12,13 : 0.5401"
"13,12 : 0.5401"
"12,14 : 0.8682"
"14,12 : 0.8682"
"12,15 : 0.4455"
"15,12 : 0.4455"
"12,16 : 0.9572"
"16,12 : 0.9572"
"12,17 : 0.33"
"17,12 : 0.33"
"12,18 : 0.8823"
"18,12 : 0.8823"
"12,19 : 0.7024"
"19,12 : 0.7024"
"12,20 : 0.9201"
"20,12 : 0.9201"
"12,21 : 0.6401"
"21,12 : 0.6401"
"12,22 : 0.3306"
"22,12 : 0.3306"
"12,23 : 0.2184"
"23,12 : 0.2184"
"12,24 : 0.1746"
"24,12 : 0.1746"
"12,25 : 0.5757"
"25,12 : 0.5757"
"12,26 : 0.8969"
"26,12 : 0.8969"
"12,27 : 0.1105"
"27,12 : 0.1105"
"12,28 : 0.3068"
"28,12 : 0.3068"
"12,29 : 0.4665"
"29,12 : 0.4665"
"12,30 : 0.7225"
"30,12 : 0.7225"
"12,31 : 0.8701"
"31,12 : 0.8701"
"12,32 : 0.2062"
"32,12 : 0.2062"
"12,33 : 0.5544"
"33,12 : 0.5544"
"12,34 : 0.8713"
"34,12 : 0.8713"
"12,35 : 0.8865"
"35,12 : 0.8865"
"12,36 : 0.3126"
"36,12 : 0.3126"
"12,37 : 0.3912"
"37,12 : 0.3912"
"12,38 : 0.68"
"38,12 : 0.68"
"12,39 : 0.9205"
"39,12 : 0.9205"
"12,40 : 0.8052"
"40,12 : 0.8052"
"12,41 : 0.9181"
"41,12 : 0.9181"
"12,42 : 0.666"
"42,12 : 0.666"
"12,43 : 0.7267"
"43,12 : 0.7267"
"12,44 : 0.7024"
"44,12 : 0.7024"
"12,45 : 0.5215"
"45,12 : 0.5215"
"12,46 : 0.5515"
"46,12 : 0.5515"
"12,47 : 0.5308"
"47,12 : 0.5308"
"12,48 : 0.8737"
"48,12 : 0.8737"
"12,49 : 0.2751"
"49,12 : 0.2751"
"13,14 : 1.2042"
"14,13 : 1.2042"
"13,15 : 0.3883"
"15,13 : 0.3883"
"13,16 : 0.8205"
"16,13 : 0.8205"
"13,17 : 0.6381"
"17,13 : 0.6381"
"13,18 : 0.8919"
"18,13 : 0.8919"
"13,19 : 1.0742"
"19,13 : 1.0742"
"13,20 : 0.7403"
"20,13 : 0.7403"
"13,21 : 0.3206"
"21,13 : 0.3206"
"13,22 : 0.2102"
"22,13 : 0.2102"
"13,23 : 0.3338"
"23,13 : 0.3338"
"13,24 : 0.3734"
"24,13 : 0.3734"
"13,25 : 0.1803"
"25,13 : 0.1803"
"13,26 : 0.7841"
"26,13 : 0.7841"
"13,27 : 0.5394"
"27,13 : 0.5394"
"13,28 : 0.5325"
"28,13 : 0.5325"
"13,29 : 0.8812"
"29,13 : 0.8812"
"13,30 : 0.9449"
"30,13 : 0.9449"
"13,31 : 0.7001"
"31,13 : 0.7001"
"13,32 : 0.6515"
"32,13 : 0.6515"
"13,33 : 0.0608"
"33,13 : 0.0608"
"13,34 : 0.7543"
"34,13 : 0.7543"
"13,35 : 0.9546"
"35,13 : 0.9546"
"13,36 : 0.2354"
"36,13 : 0.2354"
"13,37 : 0.8235"
"37,13 : 0.8235"
"13,38 : 0.6485"
"38,13 : 0.6485"
"13,39 : 1.2034"
"39,13 : 1.2034"
"13,40 : 1.0825"
"40,13 : 1.0825"
"13,41 : 0.781"
"41,13 : 0.781"
"13,42 : 0.5197"
"42,13 : 0.5197"
"13,43 : 1.129"
"43,13 : 1.129"
"13,44 : 1.0742"
"44,13 : 1.0742"
"13,45 : 0.0539"
"45,13 : 0.0539"
"13,46 : 0.4272"
"46,13 : 0.4272"
"13,47 : 0.7852"
"47,13 : 0.7852"
"13,48 : 1.0765"
"48,13 : 1.0765"
"13,49 : 0.5248"
"49,13 : 0.5248"
"14,15 : 0.8323"
"15,14 : 0.8323"
"14,16 : 0.8702"
"16,14 : 0.8702"
"14,17 : 0.5841"
"17,14 : 0.5841"
"14,18 : 0.632"
"18,14 : 0.632"
"14,19 : 0.1726"
"19,14 : 0.1726"
"14,20 : 0.922"
"20,14 : 0.922"
"14,21 : 1.0377"
"21,14 : 1.0377"
"14,22 : 1.064"
"22,14 : 1.064"
"14,23 : 1.0234"
"23,14 : 1.0234"
"14,24 : 0.9184"
"24,14 : 0.9184"
"14,25 : 1.1011"
"25,14 : 1.1011"
"14,26 : 0.8202"
"26,14 : 0.8202"
"14,27 : 0.9731"
"27,14 : 0.9731"
"14,28 : 0.6794"
"28,14 : 0.6794"
"14,29 : 0.408"
"29,14 : 0.408"
"14,30 : 0.3081"
"30,14 : 0.3081"
"14,31 : 0.8956"
"31,14 : 0.8956"
"14,32 : 0.6621"
"32,14 : 0.6621"
"14,33 : 1.2521"
"33,14 : 1.2521"
"14,34 : 0.8215"
"34,14 : 0.8215"
"14,35 : 0.536"
"35,14 : 0.536"
"14,36 : 1.0057"
"36,14 : 1.0057"
"14,37 : 0.4838"
"37,14 : 0.4838"
"14,38 : 0.706"
"38,14 : 0.706"
"14,39 : 0.1273"
"39,14 : 0.1273"
"14,40 : 0.1603"
"40,14 : 0.1603"
"14,41 : 0.8602"
"41,14 : 0.8602"
"14,42 : 0.8509"
"42,14 : 0.8509"
"14,43 : 0.1965"
"43,14 : 0.1965"
"14,44 : 0.1726"
"44,14 : 0.1726"
"14,45 : 1.1562"
"45,14 : 1.1562"
"14,46 : 0.85"
"46,14 : 0.85"
"14,47 : 0.4201"
"47,14 : 0.4201"
"14,48 : 0.2912"
"48,14 : 0.2912"
"14,49 : 0.6953"
"49,14 : 0.6953"
"15,16 : 0.5349"
"16,15 : 0.5349"
"15,17 : 0.3206"
"17,15 : 0.3206"
"15,18 : 0.5324"
"18,15 : 0.5324"
"15,19 : 0.7201"
"19,15 : 0.7201"
"15,20 : 0.4837"
"20,15 : 0.4837"
"15,21 : 0.24"
"21,15 : 0.24"
"15,22 : 0.3302"
"22,15 : 0.3302"
"15,23 : 0.386"
"23,15 : 0.386"
"15,24 : 0.3089"
"24,15 : 0.3089"
"15,25 : 0.2693"
"25,15 : 0.2693"
"15,26 : 0.4808"
"26,15 : 0.4808"
"15,27 : 0.522"
"27,15 : 0.522"
"15,28 : 0.2209"
"28,15 : 0.2209"
"15,29 : 0.5672"
"29,15 : 0.5672"
"15,30 : 0.559"
"30,15 : 0.559"
"15,31 : 0.4342"
"31,15 : 0.4342"
"15,32 : 0.4176"
"32,15 : 0.4176"
"15,33 : 0.4442"
"33,15 : 0.4442"
"15,34 : 0.4522"
"34,15 : 0.4522"
"15,35 : 0.5797"
"35,15 : 0.5797"
"15,36 : 0.2702"
"36,15 : 0.2702"
"15,37 : 0.5304"
"37,15 : 0.5304"
"15,38 : 0.29"
"38,15 : 0.29"
"15,39 : 0.8204"
"39,15 : 0.8204"
"15,40 : 0.7009"
"40,15 : 0.7009"
"15,41 : 0.494"
"41,15 : 0.494"
"15,42 : 0.2247"
"42,15 : 0.2247"
"15,43 : 0.7855"
"43,15 : 0.7855"
"15,44 : 0.7201"
"44,15 : 0.7201"
"15,45 : 0.336"
"45,15 : 0.336"
"15,46 : 0.1063"
"46,15 : 0.1063"
"15,47 : 0.4134"
"47,15 : 0.4134"
"15,48 : 0.6882"
"48,15 : 0.6882"
"15,49 : 0.2354"
"49,15 : 0.2354"
"16,17 : 0.7004"
"17,16 : 0.7004"
"16,18 : 0.2419"
"18,16 : 0.2419"
"16,19 : 0.8612"
"19,16 : 0.8612"
"16,20 : 0.0943"
"20,16 : 0.0943"
"16,21 : 0.5025"
"21,16 : 0.5025"
"16,22 : 0.8493"
"22,16 : 0.8493"
"16,23 : 0.9203"
"23,16 : 0.9203"
"16,24 : 0.8417"
"24,16 : 0.8417"
"16,25 : 0.6412"
"25,16 : 0.6412"
"16,26 : 0.064"
"26,16 : 0.064"
"16,27 : 1.0471"
"27,16 : 1.0471"
"16,28 : 0.6622"
"28,16 : 0.6622"
"16,29 : 0.8548"
"29,16 : 0.8548"
"16,30 : 0.5771"
"30,16 : 0.5771"
"16,31 : 0.1217"
"31,16 : 0.1217"
"16,32 : 0.8559"
"32,16 : 0.8559"
"16,33 : 0.8809"
"33,16 : 0.8809"
"16,34 : 0.086"
"34,16 : 0.086"
"16,35 : 0.3453"
"35,16 : 0.3453"
"16,36 : 0.7956"
"36,16 : 0.7956"
"16,37 : 0.8653"
"37,16 : 0.8653"
"16,38 : 0.2832"
"38,16 : 0.2832"
"16,39 : 0.7831"
"39,16 : 0.7831"
"16,40 : 0.7106"
"40,16 : 0.7106"
"16,41 : 0.0412"
"41,16 : 0.0412"
"16,42 : 0.3178"
"42,16 : 0.3178"
"16,43 : 0.9437"
"43,16 : 0.9437"
"16,44 : 0.8612"
"44,16 : 0.8612"
"16,45 : 0.7701"
"45,16 : 0.7701"
"16,46 : 0.4368"
"46,16 : 0.4368"
"16,47 : 0.6083"
"47,16 : 0.6083"
"16,48 : 0.593"
"48,16 : 0.593"
"16,49 : 0.692"
"49,16 : 0.692"
"17,18 : 0.5771"
"18,17 : 0.5771"
"17,19 : 0.4393"
"19,17 : 0.4393"
"17,20 : 0.6882"
"20,17 : 0.6882"
"17,21 : 0.5604"
"21,17 : 0.5604"
"17,22 : 0.481"
"22,17 : 0.481"
"17,23 : 0.4429"
"23,17 : 0.4429"
"17,24 : 0.3362"
"24,17 : 0.3362"
"17,25 : 0.5728"
"25,17 : 0.5728"
"17,26 : 0.6366"
"26,17 : 0.6366"
"17,27 : 0.4401"
"27,17 : 0.4401"
"17,28 : 0.1077"
"28,17 : 0.1077"
"17,29 : 0.25"
"29,17 : 0.25"
"17,30 : 0.3946"
"30,17 : 0.3946"
"17,31 : 0.6407"
"31,17 : 0.6407"
"17,32 : 0.1612"
"32,17 : 0.1612"
"17,33 : 0.6801"
"33,17 : 0.6801"
"17,34 : 0.6162"
"34,17 : 0.6162"
"17,35 : 0.5661"
"35,17 : 0.5661"
"17,36 : 0.4245"
"36,17 : 0.4245"
"17,37 : 0.21"
"37,17 : 0.21"
"17,38 : 0.4187"
"38,17 : 0.4187"
"17,39 : 0.6127"
"39,17 : 0.6127"
"17,40 : 0.4924"
"40,17 : 0.4924"
"17,41 : 0.666"
"41,17 : 0.666"
"17,42 : 0.4717"
"42,17 : 0.4717"
"17,43 : 0.4909"
"43,17 : 0.4909"
"17,44 : 0.4393"
"44,17 : 0.4393"
"17,45 : 0.5954"
"45,17 : 0.5954"
"17,46 : 0.3946"
"46,17 : 0.3946"
"17,47 : 0.2022"
"47,17 : 0.2022"
"17,48 : 0.5459"
"48,17 : 0.5459"
"17,49 : 0.114"
"49,17 : 0.114"
"18,19 : 0.6391"
"19,18 : 0.6391"
"18,20 : 0.3102"
"20,18 : 0.3102"
"18,21 : 0.6042"
"21,18 : 0.6042"
"18,22 : 0.8621"
"22,18 : 0.8621"
"18,23 : 0.902"
"23,18 : 0.902"
"18,24 : 0.8062"
"24,18 : 0.8062"
"18,25 : 0.7262"
"25,18 : 0.7262"
"18,26 : 0.2025"
"26,18 : 0.2025"
"18,27 : 0.9849"
"27,18 : 0.9849"
"18,28 : 0.5757"
"28,18 : 0.5757"
"18,29 : 0.6736"
"29,18 : 0.6736"
"18,30 : 0.3511"
"30,18 : 0.3511"
"18,31 : 0.3002"
"31,18 : 0.3002"
"18,32 : 0.7382"
"32,18 : 0.7382"
"18,33 : 0.9521"
"33,18 : 0.9521"
"18,34 : 0.2147"
"34,18 : 0.2147"
"18,35 : 0.1044"
"35,18 : 0.1044"
"18,36 : 0.801"
"36,18 : 0.801"
"18,37 : 0.7004"
"37,18 : 0.7004"
"18,38 : 0.2452"
"38,18 : 0.2452"
"18,39 : 0.5415"
"39,18 : 0.5415"
"18,40 : 0.4738"
"40,18 : 0.4738"
"18,41 : 0.2404"
"41,18 : 0.2404"
"18,42 : 0.3801"
"42,18 : 0.3801"
"18,43 : 0.7211"
"43,18 : 0.7211"
"18,44 : 0.6391"
"44,18 : 0.6391"
"18,45 : 0.8382"
"45,18 : 0.8382"
"18,46 : 0.4657"
"46,18 : 0.4657"
"18,47 : 0.4314"
"47,18 : 0.4314"
"18,48 : 0.3513"
"48,18 : 0.3513"
"18,49 : 0.6073"
"49,18 : 0.6073"
"19,20 : 0.8968"
"20,19 : 0.8968"
"19,21 : 0.9424"
"21,19 : 0.9424"
"19,22 : 0.9193"
"22,19 : 0.9193"
"19,23 : 0.8683"
"23,19 : 0.8683"
"19,24 : 0.7658"
"24,19 : 0.7658"
"19,25 : 0.9884"
"25,19 : 0.9884"
"19,26 : 0.8041"
"26,19 : 0.8041"
"19,27 : 0.8053"
"27,19 : 0.8053"
"19,28 : 0.542"
"28,19 : 0.542"
"19,29 : 0.2377"
"29,19 : 0.2377"
"19,30 : 0.2879"
"30,19 : 0.2879"
"19,31 : 0.8628"
"31,19 : 0.8628"
"19,32 : 0.4974"
"32,19 : 0.4974"
"19,33 : 1.1183"
"33,19 : 1.1183"
"19,34 : 0.7991"
"34,19 : 0.7991"
"19,35 : 0.559"
"35,19 : 0.559"
"19,36 : 0.8637"
"36,19 : 0.8637"
"19,37 : 0.3138"
"37,19 : 0.3138"
"19,38 : 0.6503"
"38,19 : 0.6503"
"19,39 : 0.2668"
"39,19 : 0.2668"
"19,40 : 0.2062"
"40,19 : 0.2062"
"19,41 : 0.8434"
"41,19 : 0.8434"
"19,42 : 0.7793"
"42,19 : 0.7793"
"19,43 : 0.0825"
"43,19 : 0.0825"
"19,44 : 0.0"
"44,19 : 0.0"
"19,45 : 1.029"
"45,19 : 1.029"
"19,46 : 0.7558"
"46,19 : 0.7558"
"19,47 : 0.3132"
"47,19 : 0.3132"
"19,48 : 0.3536"
"48,19 : 0.3536"
"19,49 : 0.5532"
"49,19 : 0.5532"
"20,21 : 0.42"
"21,20 : 0.42"
"20,22 : 0.7845"
"22,20 : 0.7845"
"20,23 : 0.8641"
"23,20 : 0.8641"
"20,24 : 0.7926"
"24,20 : 0.7926"
"20,25 : 0.5601"
"25,20 : 0.5601"
"20,26 : 0.1077"
"26,20 : 0.1077"
"20,27 : 1.004"
"27,20 : 1.004"
"20,28 : 0.6366"
"28,20 : 0.6366"
"20,29 : 0.8654"
"29,20 : 0.8654"
"20,30 : 0.6201"
"30,20 : 0.6201"
"20,31 : 0.05"
"31,20 : 0.05"
"20,32 : 0.8374"
"32,20 : 0.8374"
"20,33 : 0.8001"
"33,20 : 0.8001"
"20,34 : 0.1005"
"34,20 : 0.1005"
"20,35 : 0.4144"
"35,20 : 0.4144"
"20,36 : 0.7339"
"36,20 : 0.7339"
"20,37 : 0.8677"
"37,20 : 0.8677"
"20,38 : 0.2729"
"38,20 : 0.2729"
"20,39 : 0.8434"
"39,20 : 0.8434"
"20,40 : 0.7616"
"40,20 : 0.7616"
"20,41 : 0.0721"
"41,20 : 0.0721"
"20,42 : 0.2594"
"42,20 : 0.2594"
"20,43 : 0.9787"
"43,20 : 0.9787"
"20,44 : 0.8968"
"44,20 : 0.8968"
"20,45 : 0.6912"
"45,20 : 0.6912"
"20,46 : 0.3801"
"46,20 : 0.3801"
"20,47 : 0.623"
"47,20 : 0.623"
"20,48 : 0.6551"
"48,20 : 0.6551"
"20,49 : 0.6647"
"49,20 : 0.6647"
"21,22 : 0.4022"
"22,21 : 0.4022"
"21,23 : 0.5093"
"23,21 : 0.5093"
"21,24 : 0.4743"
"24,21 : 0.4743"
"21,25 : 0.1404"
"25,21 : 0.1404"
"21,26 : 0.4707"
"26,21 : 0.4707"
"21,27 : 0.692"
"27,21 : 0.692"
"21,28 : 0.4604"
"28,21 : 0.4604"
"21,29 : 0.805"
"29,21 : 0.805"
"21,30 : 0.7433"
"30,21 : 0.7433"
"21,31 : 0.3812"
"31,21 : 0.3812"
"21,32 : 0.6512"
"32,21 : 0.6512"
"21,33 : 0.3801"
"33,21 : 0.3801"
"21,34 : 0.4415"
"34,21 : 0.4415"
"21,35 : 0.6824"
"35,21 : 0.6824"
"21,36 : 0.368"
"36,21 : 0.368"
"21,37 : 0.7703"
"37,21 : 0.7703"
"21,38 : 0.3764"
"38,21 : 0.3764"
"21,39 : 1.0069"
"39,21 : 1.0069"
"21,40 : 0.8936"
"40,21 : 0.8936"
"21,41 : 0.4639"
"41,21 : 0.4639"
"21,42 : 0.2247"
"42,21 : 0.2247"
"21,43 : 1.0124"
"43,21 : 1.0124"
"21,44 : 0.9424"
"44,21 : 0.9424"
"21,45 : 0.2729"
"45,21 : 0.2729"
"21,46 : 0.1879"
"46,21 : 0.1879"
"21,47 : 0.6297"
"47,21 : 0.6297"
"21,48 : 0.8504"
"48,21 : 0.8504"
"21,49 : 0.4727"
"49,21 : 0.4727"
"22,23 : 0.1265"
"23,22 : 0.1265"
"22,24 : 0.1709"
"24,22 : 0.1709"
"22,25 : 0.2907"
"25,22 : 0.2907"
"22,26 : 0.8006"
"26,22 : 0.8006"
"22,27 : 0.3324"
"27,22 : 0.3324"
"22,28 : 0.386"
"28,22 : 0.386"
"22,29 : 0.708"
"29,22 : 0.708"
"22,30 : 0.8365"
"30,22 : 0.8365"
"22,31 : 0.7376"
"31,22 : 0.7376"
"22,32 : 0.4607"
"32,22 : 0.4607"
"22,33 : 0.2256"
"33,22 : 0.2256"
"22,34 : 0.771"
"34,22 : 0.771"
"22,35 : 0.9043"
"35,22 : 0.9043"
"22,36 : 0.0632"
"36,22 : 0.0632"
"22,37 : 0.6435"
"37,22 : 0.6435"
"22,38 : 0.6201"
"38,22 : 0.6201"
"22,39 : 1.0817"
"39,22 : 1.0817"
"22,40 : 0.9596"
"40,22 : 0.9596"
"22,41 : 0.8081"
"41,22 : 0.8081"
"22,42 : 0.5315"
"42,22 : 0.5315"
"22,43 : 0.9654"
"43,22 : 0.9654"
"22,44 : 0.9193"
"44,22 : 0.9193"
"22,45 : 0.1992"
"45,22 : 0.1992"
"22,46 : 0.4144"
"46,22 : 0.4144"
"22,47 : 0.6573"
"47,22 : 0.6573"
"22,48 : 0.9799"
"48,22 : 0.9799"
"22,49 : 0.3688"
"49,22 : 0.3688"
"23,24 : 0.1077"
"24,23 : 0.1077"
"23,25 : 0.4105"
"25,23 : 0.4105"
"23,26 : 0.8668"
"26,23 : 0.8668"
"23,27 : 0.2062"
"27,23 : 0.2062"
"23,28 : 0.3669"
"28,23 : 0.3669"
"23,29 : 0.6435"
"29,23 : 0.6435"
"23,30 : 0.8254"
"30,23 : 0.8254"
"23,31 : 0.8154"
"31,23 : 0.8154"
"23,32 : 0.3829"
"32,23 : 0.3829"
"23,33 : 0.3401"
"33,23 : 0.3401"
"23,34 : 0.8382"
"34,23 : 0.8382"
"23,35 : 0.9309"
"35,23 : 0.9309"
"23,36 : 0.1414"
"36,23 : 0.1414"
"23,37 : 0.5731"
"37,23 : 0.5731"
"23,38 : 0.6691"
"38,23 : 0.6691"
"23,39 : 1.0555"
"39,23 : 1.0555"
"23,40 : 0.9347"
"40,23 : 0.9347"
"23,41 : 0.8792"
"41,23 : 0.8792"
"23,42 : 0.6054"
"42,23 : 0.6054"
"23,43 : 0.9055"
"43,23 : 0.9055"
"23,44 : 0.8683"
"44,23 : 0.8683"
"23,45 : 0.3257"
"45,23 : 0.3257"
"23,46 : 0.4847"
"46,23 : 0.4847"
"23,47 : 0.6369"
"47,23 : 0.6369"
"23,48 : 0.9742"
"48,23 : 0.9742"
"23,49 : 0.3418"
"49,23 : 0.3418"
"24,25 : 0.4016"
"25,24 : 0.4016"
"24,26 : 0.7855"
"26,24 : 0.7855"
"24,27 : 0.2193"
"27,24 : 0.2193"
"24,28 : 0.2596"
"28,24 : 0.2596"
"24,29 : 0.5456"
"29,24 : 0.5456"
"24,30 : 0.7178"
"30,24 : 0.7178"
"24,31 : 0.743"
"31,24 : 0.743"
"24,32 : 0.2915"
"32,24 : 0.2915"
"24,33 : 0.3956"
"33,24 : 0.3956"
"24,34 : 0.7577"
"34,24 : 0.7577"
"24,35 : 0.83"
"35,24 : 0.83"
"24,36 : 0.14"
"36,24 : 0.14"
"24,37 : 0.478"
"37,24 : 0.478"
"24,38 : 0.5797"
"38,24 : 0.5797"
"24,39 : 0.9483"
"39,24 : 0.9483"
"24,40 : 0.8273"
"40,24 : 0.8273"
"24,41 : 0.8011"
"41,24 : 0.8011"
"24,42 : 0.5334"
"42,24 : 0.5334"
"24,43 : 0.8062"
"43,24 : 0.8062"
"24,44 : 0.7658"
"44,24 : 0.7658"
"24,45 : 0.35"
"45,24 : 0.35"
"24,46 : 0.4134"
"46,24 : 0.4134"
"24,47 : 0.5292"
"47,24 : 0.5292"
"24,48 : 0.8668"
"48,24 : 0.8668"
"24,49 : 0.2341"
"49,24 : 0.2341"
"25,26 : 0.6067"
"26,25 : 0.6067"
"25,27 : 0.6083"
"27,25 : 0.6083"
"25,28 : 0.4657"
"28,25 : 0.4657"
"25,29 : 0.8228"
"29,25 : 0.8228"
"25,30 : 0.8213"
"30,25 : 0.8213"
"25,31 : 0.5204"
"31,25 : 0.5204"
"25,32 : 0.6303"
"32,25 : 0.6303"
"25,33 : 0.24"
"33,25 : 0.24"
"25,34 : 0.5771"
"34,25 : 0.5771"
"25,35 : 0.7965"
"35,25 : 0.7965"
"25,36 : 0.2729"
"36,25 : 0.2729"
"25,37 : 0.7767"
"37,25 : 0.7767"
"25,38 : 0.4876"
"38,25 : 0.4876"
"25,39 : 1.0847"
"39,25 : 1.0847"
"25,40 : 0.9667"
"40,25 : 0.9667"
"25,41 : 0.6021"
"41,25 : 0.6021"
"25,42 : 0.3479"
"42,25 : 0.3479"
"25,43 : 1.0519"
"43,25 : 1.0519"
"25,44 : 0.9884"
"44,25 : 0.9884"
"25,45 : 0.1334"
"45,25 : 0.1334"
"25,46 : 0.272"
"46,25 : 0.272"
"25,47 : 0.6826"
"47,25 : 0.6826"
"25,48 : 0.9418"
"48,25 : 0.9418"
"25,49 : 0.4687"
"49,25 : 0.4687"
"26,27 : 0.9884"
"27,26 : 0.9884"
"26,28 : 0.6"
"28,26 : 0.6"
"26,29 : 0.7918"
"29,26 : 0.7918"
"26,30 : 0.5224"
"30,26 : 0.5224"
"26,31 : 0.1063"
"31,26 : 0.1063"
"26,32 : 0.7925"
"32,26 : 0.7925"
"26,33 : 0.8448"
"33,26 : 0.8448"
"26,34 : 0.03"
"34,26 : 0.03"
"26,35 : 0.3068"
"35,26 : 0.3068"
"26,36 : 0.7453"
"36,26 : 0.7453"
"26,37 : 0.8016"
"37,26 : 0.8016"
"26,38 : 0.2202"
"38,26 : 0.2202"
"26,39 : 0.7382"
"39,26 : 0.7382"
"26,40 : 0.6601"
"40,26 : 0.6601"
"26,41 : 0.04"
"41,26 : 0.04"
"26,42 : 0.2707"
"42,26 : 0.2707"
"26,43 : 0.8865"
"43,26 : 0.8865"
"26,44 : 0.8041"
"44,26 : 0.8041"
"26,45 : 0.7325"
"45,26 : 0.7325"
"26,46 : 0.3864"
"46,26 : 0.3864"
"26,47 : 0.5456"
"47,26 : 0.5456"
"26,48 : 0.5492"
"48,26 : 0.5492"
"26,49 : 0.6301"
"49,26 : 0.6301"
"27,28 : 0.41"
"28,27 : 0.41"
"27,29 : 0.568"
"29,27 : 0.568"
"27,30 : 0.8329"
"30,27 : 0.8329"
"27,31 : 0.9541"
"31,27 : 0.9541"
"27,32 : 0.3132"
"32,27 : 0.3132"
"27,33 : 0.5415"
"33,27 : 0.5415"
"27,34 : 0.9618"
"34,27 : 0.9618"
"27,35 : 0.993"
"35,27 : 0.993"
"27,36 : 0.3354"
"36,27 : 0.3354"
"27,37 : 0.4919"
"37,27 : 0.4919"
"27,38 : 0.7747"
"38,27 : 0.7747"
"27,39 : 1.0288"
"39,27 : 1.0288"
"27,40 : 0.9144"
"40,27 : 0.9144"
"27,41 : 1.0072"
"41,27 : 1.0072"
"27,42 : 0.7463"
"42,27 : 0.7463"
"27,43 : 0.8249"
"43,27 : 0.8249"
"27,44 : 0.8053"
"44,27 : 0.8053"
"27,45 : 0.5316"
"45,27 : 0.5316"
"27,46 : 0.628"
"46,27 : 0.628"
"27,47 : 0.6412"
"47,27 : 0.6412"
"27,48 : 0.9841"
"48,27 : 0.9841"
"27,49 : 0.3785"
"49,27 : 0.3785"
"28,29 : 0.3574"
"29,28 : 0.3574"
"28,30 : 0.4588"
"30,28 : 0.4588"
"28,31 : 0.5873"
"31,28 : 0.5873"
"28,32 : 0.2059"
"32,28 : 0.2059"
"28,33 : 0.5763"
"33,28 : 0.5763"
"28,34 : 0.5763"
"34,28 : 0.5763"
"28,35 : 0.5842"
"35,28 : 0.5842"
"28,36 : 0.3265"
"36,28 : 0.3265"
"28,37 : 0.3126"
"37,28 : 0.3126"
"28,38 : 0.3801"
"38,28 : 0.3801"
"28,39 : 0.6964"
"39,28 : 0.6964"
"28,40 : 0.5745"
"40,28 : 0.5745"
"28,41 : 0.6248"
"41,28 : 0.6248"
"28,42 : 0.3996"
"42,28 : 0.3996"
"28,43 : 0.5968"
"43,28 : 0.5968"
"28,44 : 0.542"
"44,28 : 0.542"
"28,45 : 0.4888"
"45,28 : 0.4888"
"28,46 : 0.3068"
"46,28 : 0.3068"
"28,47 : 0.2729"
"47,28 : 0.2729"
"28,48 : 0.6073"
"48,28 : 0.6073"
"28,49 : 0.0316"
"49,28 : 0.0316"
"29,30 : 0.3672"
"30,29 : 0.3672"
"29,31 : 0.8228"
"31,29 : 0.8228"
"29,32 : 0.264"
"32,29 : 0.264"
"29,33 : 0.9192"
"33,29 : 0.9192"
"29,34 : 0.7782"
"34,29 : 0.7782"
"29,35 : 0.6237"
"35,29 : 0.6237"
"29,36 : 0.6573"
"36,29 : 0.6573"
"29,37 : 0.0762"
"37,29 : 0.0762"
"29,38 : 0.5946"
"38,29 : 0.5946"
"29,39 : 0.4809"
"39,29 : 0.4809"
"29,40 : 0.3821"
"40,29 : 0.3821"
"29,41 : 0.8273"
"41,29 : 0.8273"
"29,42 : 0.6873"
"42,29 : 0.6873"
"29,43 : 0.2625"
"43,29 : 0.2625"
"29,44 : 0.2377"
"44,29 : 0.2377"
"29,45 : 0.841"
"45,29 : 0.841"
"29,46 : 0.6301"
"46,29 : 0.6301"
"29,47 : 0.247"
"47,29 : 0.247"
"29,48 : 0.4965"
"48,29 : 0.4965"
"29,49 : 0.3585"
"49,29 : 0.3585"
"30,31 : 0.5908"
"31,30 : 0.5908"
"30,32 : 0.5304"
"32,30 : 0.5304"
"30,33 : 0.9981"
"33,30 : 0.9981"
"30,34 : 0.5204"
"34,30 : 0.5204"
"30,35 : 0.2746"
"35,30 : 0.2746"
"30,36 : 0.7741"
"36,30 : 0.7741"
"30,37 : 0.4179"
"37,30 : 0.4179"
"30,38 : 0.3985"
"38,30 : 0.3985"
"30,39 : 0.264"
"39,30 : 0.264"
"30,40 : 0.1523"
"40,30 : 0.1523"
"30,41 : 0.5622"
"41,30 : 0.5622"
"30,42 : 0.5463"
"42,30 : 0.5463"
"30,43 : 0.37"
"43,30 : 0.37"
"30,44 : 0.2879"
"44,30 : 0.2879"
"30,45 : 0.8938"
"45,30 : 0.8938"
"30,46 : 0.558"
"46,30 : 0.558"
"30,47 : 0.1924"
"47,30 : 0.1924"
"30,48 : 0.1513"
"48,30 : 0.1513"
"30,49 : 0.4838"
"49,30 : 0.4838"
"31,32 : 0.7887"
"32,31 : 0.7887"
"31,33 : 0.7603"
"33,31 : 0.7603"
"31,34 : 0.086"
"34,31 : 0.086"
"31,35 : 0.4025"
"35,31 : 0.4025"
"31,36 : 0.6862"
"36,31 : 0.6862"
"31,37 : 0.8229"
"37,31 : 0.8229"
"31,38 : 0.2285"
"38,31 : 0.2285"
"31,39 : 0.8223"
"39,31 : 0.8223"
"31,40 : 0.7355"
"40,31 : 0.7355"
"31,41 : 0.0854"
"41,31 : 0.0854"
"31,42 : 0.2102"
"42,31 : 0.2102"
"31,43 : 0.9443"
"43,31 : 0.9443"
"31,44 : 0.8628"
"44,31 : 0.8628"
"31,45 : 0.6501"
"45,31 : 0.6501"
"31,46 : 0.3311"
"46,31 : 0.3311"
"31,47 : 0.5824"
"47,31 : 0.5824"
"31,48 : 0.636"
"48,31 : 0.636"
"31,49 : 0.6152"
"49,31 : 0.6152"
"32,33 : 0.6815"
"33,32 : 0.6815"
"32,34 : 0.7708"
"34,32 : 0.7708"
"32,35 : 0.7245"
"35,32 : 0.7245"
"32,36 : 0.4179"
"36,32 : 0.4179"
"32,37 : 0.191"
"37,32 : 0.191"
"32,38 : 0.5728"
"38,32 : 0.5728"
"32,39 : 0.7157"
"39,32 : 0.7157"
"32,40 : 0.6021"
"40,32 : 0.6021"
"32,41 : 0.8202"
"41,32 : 0.8202"
"32,42 : 0.6054"
"42,32 : 0.6054"
"32,43 : 0.5263"
"43,32 : 0.5263"
"32,44 : 0.4974"
"44,32 : 0.4974"
"32,45 : 0.6185"
"45,32 : 0.6185"
"32,46 : 0.5108"
"46,32 : 0.5108"
"32,47 : 0.3437"
"47,32 : 0.3437"
"32,48 : 0.68"
"48,32 : 0.68"
"32,49 : 0.1838"
"49,32 : 0.1838"
"33,34 : 0.815"
"34,33 : 0.815"
"33,35 : 1.0139"
"35,33 : 1.0139"
"33,36 : 0.264"
"36,33 : 0.264"
"33,37 : 0.8588"
"37,33 : 0.8588"
"33,38 : 0.7084"
"38,33 : 0.7084"
"33,39 : 1.255"
"39,33 : 1.255"
"33,40 : 1.1336"
"40,33 : 1.1336"
"33,41 : 0.8415"
"41,33 : 0.8415"
"33,42 : 0.5805"
"42,33 : 0.5805"
"33,43 : 1.1707"
"43,33 : 1.1707"
"33,44 : 1.1183"
"44,33 : 1.1183"
"33,45 : 0.114"
"45,33 : 0.114"
"33,46 : 0.487"
"46,33 : 0.487"
"33,47 : 0.8345"
"47,33 : 0.8345"
"33,48 : 1.1316"
"48,33 : 1.1316"
"33,49 : 0.5661"
"49,33 : 0.5661"
"34,35 : 0.3178"
"35,34 : 0.3178"
"34,36 : 0.7159"
"36,34 : 0.7159"
"34,37 : 0.7855"
"37,34 : 0.7855"
"34,38 : 0.198"
"38,34 : 0.198"
"34,39 : 0.7433"
"39,34 : 0.7433"
"34,40 : 0.6612"
"40,34 : 0.6612"
"34,41 : 0.05"
"41,34 : 0.05"
"34,42 : 0.2408"
"42,34 : 0.2408"
"34,43 : 0.8812"
"43,34 : 0.8812"
"34,44 : 0.7991"
"44,34 : 0.7991"
"34,45 : 0.7026"
"45,34 : 0.7026"
"34,46 : 0.3569"
"46,34 : 0.3569"
"34,47 : 0.5331"
"47,34 : 0.5331"
"34,48 : 0.5554"
"48,34 : 0.5554"
"34,49 : 0.6061"
"49,34 : 0.6061"
"35,36 : 0.8417"
"36,35 : 0.8417"
"35,37 : 0.6603"
"37,35 : 0.6603"
"35,38 : 0.3089"
"38,35 : 0.3089"
"35,39 : 0.4401"
"39,35 : 0.4401"
"35,40 : 0.3808"
"40,35 : 0.3808"
"35,41 : 0.3448"
"41,35 : 0.3448"
"35,42 : 0.458"
"42,35 : 0.458"
"35,43 : 0.6398"
"43,35 : 0.6398"
"35,44 : 0.559"
"44,35 : 0.559"
"35,45 : 0.9008"
"45,35 : 0.9008"
"35,46 : 0.528"
"46,35 : 0.528"
"35,47 : 0.3945"
"47,35 : 0.3945"
"35,48 : 0.25"
"48,35 : 0.25"
"35,49 : 0.6152"
"49,35 : 0.6152"
"36,37 : 0.5954"
"37,36 : 0.5954"
"36,38 : 0.5601"
"38,36 : 0.5601"
"36,39 : 1.0208"
"39,36 : 1.0208"
"36,40 : 0.8987"
"40,36 : 0.8987"
"36,41 : 0.7543"
"41,36 : 0.7543"
"36,42 : 0.478"
"42,36 : 0.478"
"36,43 : 0.9121"
"43,36 : 0.9121"
"36,44 : 0.8637"
"44,36 : 0.8637"
"36,45 : 0.21"
"45,36 : 0.21"
"36,46 : 0.359"
"46,36 : 0.359"
"36,47 : 0.5964"
"47,36 : 0.5964"
"36,48 : 0.9171"
"48,36 : 0.9171"
"36,49 : 0.3111"
"49,36 : 0.3111"
"37,38 : 0.5948"
"38,37 : 0.5948"
"37,39 : 0.5533"
"39,37 : 0.5533"
"37,40 : 0.4501"
"40,37 : 0.4501"
"37,41 : 0.8353"
"41,37 : 0.8353"
"37,42 : 0.6719"
"42,37 : 0.6719"
"37,43 : 0.336"
"43,37 : 0.336"
"37,44 : 0.3138"
"44,37 : 0.3138"
"37,45 : 0.7855"
"45,37 : 0.7855"
"37,46 : 0.603"
"46,37 : 0.603"
"37,47 : 0.2691"
"47,37 : 0.2691"
"37,48 : 0.5554"
"48,37 : 0.5554"
"37,49 : 0.3081"
"49,37 : 0.3081"
"38,39 : 0.6531"
"39,38 : 0.6531"
"38,40 : 0.5503"
"40,38 : 0.5503"
"38,41 : 0.2476"
"41,38 : 0.2476"
"38,42 : 0.1562"
"42,38 : 0.1562"
"38,43 : 0.73"
"43,38 : 0.73"
"38,44 : 0.6503"
"44,38 : 0.6503"
"38,45 : 0.5946"
"45,38 : 0.5946"
"38,46 : 0.2214"
"46,38 : 0.2214"
"38,47 : 0.3569"
"47,38 : 0.3569"
"38,48 : 0.4826"
"48,38 : 0.4826"
"38,49 : 0.4105"
"49,38 : 0.4105"
"39,40 : 0.1221"
"40,39 : 0.1221"
"39,41 : 0.7778"
"41,39 : 0.7778"
"39,42 : 0.8053"
"42,39 : 0.8053"
"39,43 : 0.313"
"43,39 : 0.313"
"39,44 : 0.2668"
"44,39 : 0.2668"
"39,45 : 1.1531"
"45,39 : 1.1531"
"39,46 : 0.822"
"46,39 : 0.822"
"39,47 : 0.4244"
"47,39 : 0.4244"
"39,48 : 0.1903"
"48,39 : 0.1903"
"39,49 : 0.7169"
"49,39 : 0.7169"
"40,41 : 0.7001"
"41,40 : 0.7001"
"40,42 : 0.6986"
"42,40 : 0.6986"
"40,43 : 0.2766"
"43,40 : 0.2766"
"40,44 : 0.2062"
"44,40 : 0.2062"
"40,45 : 1.0325"
"45,40 : 1.0325"
"40,46 : 0.7072"
"46,40 : 0.7072"
"40,47 : 0.3023"
"47,40 : 0.3023"
"40,48 : 0.15"
"48,40 : 0.15"
"40,49 : 0.5954"
"49,40 : 0.5954"
"41,42 : 0.2766"
"42,41 : 0.2766"
"41,43 : 0.9257"
"43,41 : 0.9257"
"41,44 : 0.8434"
"44,41 : 0.8434"
"41,45 : 0.7303"
"45,41 : 0.7303"
"41,46 : 0.3956"
"46,41 : 0.3956"
"41,47 : 0.5818"
"47,41 : 0.5818"
"41,48 : 0.5886"
"48,41 : 0.5886"
"41,49 : 0.6544"
"49,41 : 0.6544"
"42,43 : 0.8559"
"43,42 : 0.8559"
"42,44 : 0.7793"
"44,42 : 0.7793"
"42,45 : 0.4669"
"45,42 : 0.4669"
"42,46 : 0.1208"
"46,42 : 0.1208"
"42,47 : 0.471"
