x,y
0.82,0.7
0.65,0.78
0.49,0.03
0.22,0.63
0.59,0.67
0.14,0.56
0.83,0.78
0.13,0.67
0.09,0.15
0.59,0.5
0.13,0.84
0.41,0.67
0.13,0.48
0.97,0.08
0.78,0.63
0.32,0.7
0.96,0.2
0.64,0.34
0.9,0.9
0.07,0.9
0.52,0.95
0.1,0.39
0.8,0.91
0.8,0.62
0.32,0.45
0.58,0.63
0.87,0.32
0.64,0.66
0.57,0.03
0.5,0.92
0.13,0.4
0.3,0.83
0.21,0.84
0.8,0.28
0.58,0.96
0.41,0.65
0.17,0.92
0.62,0.12
0.46,0.45
0.1,0.6
0.43,0.77
1.0,0.49
0.37,0.95
0.6,0.39
0.63,0.37
0.34,0.61
0.27,0.11
0.64,0.82
0.46,0.9
0.15,0.54

Distanze
"0,1 : 0.1879"
"1,0 : 0.1879"
"0,2 : 0.7469"
"2,0 : 0.7469"
"0,3 : 0.6041"
"3,0 : 0.6041"
"0,4 : 0.2319"
"4,0 : 0.2319"
"0,5 : 0.6943"
"5,0 : 0.6943"
"0,6 : 0.0806"
"6,0 : 0.0806"
"0,7 : 0.6907"
"7,0 : 0.6907"
"0,8 : 0.914"
"8,0 : 0.914"
"0,9 : 0.3048"
"9,0 : 0.3048"
"0,10 : 0.7041"
"10,0 : 0.7041"
"0,11 : 0.4111"
"11,0 : 0.4111"
"0,12 : 0.7242"
"12,0 : 0.7242"
"0,13 : 0.6379"
"13,0 : 0.6379"
"0,14 : 0.0806"
"14,0 : 0.0806"
"0,15 : 0.5"
"15,0 : 0.5"
"0,16 : 0.5192"
"16,0 : 0.5192"
"0,17 : 0.4025"
"17,0 : 0.4025"
"0,18 : 0.2154"
"18,0 : 0.2154"
"0,19 : 0.7762"
"19,0 : 0.7762"
"0,20 : 0.3905"
"20,0 : 0.3905"
"0,21 : 0.7839"
"21,0 : 0.7839"
"0,22 : 0.211"
"22,0 : 0.211"
"0,23 : 0.0825"
"23,0 : 0.0825"
"0,24 : 0.559"
"24,0 : 0.559"
"0,25 : 0.25"
"25,0 : 0.25"
"0,26 : 0.3833"
"26,0 : 0.3833"
"0,27 : 0.1844"
"27,0 : 0.1844"
"0,28 : 0.7151"
"28,0 : 0.7151"
"0,29 : 0.3883"
"29,0 : 0.3883"
"0,30 : 0.7524"
"30,0 : 0.7524"
"0,31 : 0.536"
"31,0 : 0.536"
"0,32 : 0.6259"
"32,0 : 0.6259"
"0,33 : 0.4205"
"33,0 : 0.4205"
"0,34 : 0.3538"
"34,0 : 0.3538"
"0,35 : 0.413"
"35,0 : 0.413"
"0,36 : 0.6862"
"36,0 : 0.6862"
"0,37 : 0.6135"
"37,0 : 0.6135"
"0,38 : 0.4383"
"38,0 : 0.4383"
"0,39 : 0.7269"
"39,0 : 0.7269"
"0,40 : 0.3962"
"40,0 : 0.3962"
"0,41 : 0.2766"
"41,0 : 0.2766"
"0,42 : 0.5148"
"42,0 : 0.5148"
"0,43 : 0.3801"
"43,0 : 0.3801"
"0,44 : 0.3808"
"44,0 : 0.3808"
"0,45 : 0.4884"
"45,0 : 0.4884"
"0,46 : 0.8066"
"46,0 : 0.8066"
"0,47 : 0.2163"
"47,0 : 0.2163"
"0,48 : 0.4118"
"48,0 : 0.4118"
"0,49 : 0.6888"
"49,0 : 0.6888"
"1,2 : 0.7669"
"2,1 : 0.7669"
"1,3 : 0.4554"
"3,1 : 0.4554"
"1,4 : 0.1253"
"4,1 : 0.1253"
"1,5 : 0.5554"
"5,1 : 0.5554"
"1,6 : 0.18"
"6,1 : 0.18"
"1,7 : 0.5315"
"7,1 : 0.5315"
"1,8 : 0.8429"
"8,1 : 0.8429"
"1,9 : 0.2864"
"9,1 : 0.2864"
"1,10 : 0.5235"
"10,1 : 0.5235"
"1,11 : 0.264"
"11,1 : 0.264"
"1,12 : 0.6003"
"12,1 : 0.6003"
"1,13 : 0.7697"
"13,1 : 0.7697"
"1,14 : 0.1985"
"14,1 : 0.1985"
"1,15 : 0.3396"
"15,1 : 0.3396"
"1,16 : 0.6576"
"16,1 : 0.6576"
"1,17 : 0.4401"
"17,1 : 0.4401"
"1,18 : 0.2773"
"18,1 : 0.2773"
"1,19 : 0.5923"
"19,1 : 0.5923"
"1,20 : 0.214"
"20,1 : 0.214"
"1,21 : 0.6742"
"21,1 : 0.6742"
"1,22 : 0.1985"
"22,1 : 0.1985"
"1,23 : 0.2193"
"23,1 : 0.2193"
"1,24 : 0.4667"
"24,1 : 0.4667"
"1,25 : 0.1655"
"25,1 : 0.1655"
"1,26 : 0.5099"
"26,1 : 0.5099"
"1,27 : 0.1204"
"27,1 : 0.1204"
"1,28 : 0.7543"
"28,1 : 0.7543"
"1,29 : 0.2052"
"29,1 : 0.2052"
"1,30 : 0.644"
"30,1 : 0.644"
"1,31 : 0.3536"
"31,1 : 0.3536"
"1,32 : 0.4441"
"32,1 : 0.4441"
"1,33 : 0.522"
"33,1 : 0.522"
"1,34 : 0.1931"
"34,1 : 0.1931"
"1,35 : 0.2729"
"35,1 : 0.2729"
"1,36 : 0.5"
"36,1 : 0.5"
"1,37 : 0.6607"
"37,1 : 0.6607"
"1,38 : 0.3808"
"38,1 : 0.3808"
"1,39 : 0.5787"
"39,1 : 0.5787"
"1,40 : 0.2202"
"40,1 : 0.2202"
"1,41 : 0.4545"
"41,1 : 0.4545"
"1,42 : 0.3276"
"42,1 : 0.3276"
"1,43 : 0.3932"
"43,1 : 0.3932"
"1,44 : 0.4105"
"44,1 : 0.4105"
"1,45 : 0.3536"
"45,1 : 0.3536"
"1,46 : 0.7703"
"46,1 : 0.7703"
"1,47 : 0.0412"
"47,1 : 0.0412"
"1,48 : 0.2247"
"48,1 : 0.2247"
"1,49 : 0.5546"
"49,1 : 0.5546"
"2,3 : 0.658"
"3,2 : 0.658"
"2,4 : 0.6478"
"4,2 : 0.6478"
"2,5 : 0.6351"
"5,2 : 0.6351"
"2,6 : 0.8235"
"6,2 : 0.8235"
"2,7 : 0.7343"
"7,2 : 0.7343"
"2,8 : 0.4176"
"8,2 : 0.4176"
"2,9 : 0.4805"
"9,2 : 0.4805"
"2,10 : 0.8864"
"10,2 : 0.8864"
"2,11 : 0.645"
"11,2 : 0.645"
"2,12 : 0.5763"
"12,2 : 0.5763"
"2,13 : 0.4826"
"13,2 : 0.4826"
"2,14 : 0.6664"
"14,2 : 0.6664"
"2,15 : 0.6912"
"15,2 : 0.6912"
"2,16 : 0.4998"
"16,2 : 0.4998"
"2,17 : 0.3444"
"17,2 : 0.3444"
"2,18 : 0.9618"
"18,2 : 0.9618"
"2,19 : 0.9661"
"19,2 : 0.9661"
"2,20 : 0.9205"
"20,2 : 0.9205"
"2,21 : 0.5308"
"21,2 : 0.5308"
"2,22 : 0.933"
"22,2 : 0.933"
"2,23 : 0.6665"
"23,2 : 0.6665"
"2,24 : 0.4531"
"24,2 : 0.4531"
"2,25 : 0.6067"
"25,2 : 0.6067"
"2,26 : 0.478"
"26,2 : 0.478"
"2,27 : 0.6476"
"27,2 : 0.6476"
"2,28 : 0.08"
"28,2 : 0.08"
"2,29 : 0.8901"
"29,2 : 0.8901"
"2,30 : 0.5162"
"30,2 : 0.5162"
"2,31 : 0.8223"
"31,2 : 0.8223"
"2,32 : 0.857"
"32,2 : 0.857"
"2,33 : 0.3982"
"33,2 : 0.3982"
"2,34 : 0.9343"
"34,2 : 0.9343"
"2,35 : 0.6251"
"35,2 : 0.6251"
"2,36 : 0.9458"
"36,2 : 0.9458"
"2,37 : 0.1581"
"37,2 : 0.1581"
"2,38 : 0.4211"
"38,2 : 0.4211"
"2,39 : 0.6907"
"39,2 : 0.6907"
"2,40 : 0.7424"
"40,2 : 0.7424"
"2,41 : 0.6868"
"41,2 : 0.6868"
"2,42 : 0.9278"
"42,2 : 0.9278"
"2,43 : 0.3764"
"43,2 : 0.3764"
"2,44 : 0.3677"
"44,2 : 0.3677"
"2,45 : 0.5991"
"45,2 : 0.5991"
"2,46 : 0.2341"
"46,2 : 0.2341"
"2,47 : 0.8041"
"47,2 : 0.8041"
"2,48 : 0.8705"
"48,2 : 0.8705"
"2,49 : 0.6129"
"49,2 : 0.6129"
"3,4 : 0.3722"
"4,3 : 0.3722"
"3,5 : 0.1063"
"5,3 : 0.1063"
"3,6 : 0.6282"
"6,3 : 0.6282"
"3,7 : 0.0985"
"7,3 : 0.0985"
"3,8 : 0.4973"
"8,3 : 0.4973"
"3,9 : 0.3922"
"9,3 : 0.3922"
"3,10 : 0.2285"
"10,3 : 0.2285"
"3,11 : 0.1942"
"11,3 : 0.1942"
"3,12 : 0.1749"
"12,3 : 0.1749"
"3,13 : 0.9301"
"13,3 : 0.9301"
"3,14 : 0.56"
"14,3 : 0.56"
"3,15 : 0.1221"
"15,3 : 0.1221"
"3,16 : 0.8559"
"16,3 : 0.8559"
"3,17 : 0.5104"
"17,3 : 0.5104"
"3,18 : 0.7316"
"18,3 : 0.7316"
"3,19 : 0.3089"
"19,3 : 0.3089"
"3,20 : 0.4386"
"20,3 : 0.4386"
"3,21 : 0.2683"
"21,3 : 0.2683"
"3,22 : 0.644"
"22,3 : 0.644"
"3,23 : 0.5801"
"23,3 : 0.5801"
"3,24 : 0.2059"
"24,3 : 0.2059"
"3,25 : 0.36"
"25,3 : 0.36"
"3,26 : 0.7201"
"26,3 : 0.7201"
"3,27 : 0.4211"
"27,3 : 0.4211"
"3,28 : 0.6946"
"28,3 : 0.6946"
"3,29 : 0.4031"
"29,3 : 0.4031"
"3,30 : 0.247"
"30,3 : 0.247"
"3,31 : 0.2154"
"31,3 : 0.2154"
"3,32 : 0.2102"
"32,3 : 0.2102"
"3,33 : 0.6774"
"33,3 : 0.6774"
"3,34 : 0.4884"
"34,3 : 0.4884"
"3,35 : 0.191"
"35,3 : 0.191"
"3,36 : 0.2943"
"36,3 : 0.2943"
"3,37 : 0.6482"
"37,3 : 0.6482"
"3,38 : 0.3"
"38,3 : 0.3"
"3,39 : 0.1237"
"39,3 : 0.1237"
"3,40 : 0.2524"
"40,3 : 0.2524"
"3,41 : 0.7925"
"41,3 : 0.7925"
"3,42 : 0.3534"
"42,3 : 0.3534"
"3,43 : 0.4494"
"43,3 : 0.4494"
"3,44 : 0.4855"
"44,3 : 0.4855"
"3,45 : 0.1217"
"45,3 : 0.1217"
"3,46 : 0.5224"
"46,3 : 0.5224"
"3,47 : 0.461"
"47,3 : 0.461"
"3,48 : 0.3612"
"48,3 : 0.3612"
"3,49 : 0.114"
"49,3 : 0.114"
"4,5 : 0.4632"
"5,4 : 0.4632"
"4,6 : 0.264"
"6,4 : 0.264"
"4,7 : 0.46"
"7,4 : 0.46"
"4,8 : 0.7214"
"8,4 : 0.7214"
"4,9 : 0.17"
"9,4 : 0.17"
"4,10 : 0.4904"
"10,4 : 0.4904"
"4,11 : 0.18"
"11,4 : 0.18"
"4,12 : 0.4977"
"12,4 : 0.4977"
"4,13 : 0.7018"
"13,4 : 0.7018"
"4,14 : 0.1942"
"14,4 : 0.1942"
"4,15 : 0.2717"
"15,4 : 0.2717"
"4,16 : 0.5982"
"16,4 : 0.5982"
"4,17 : 0.3338"
"17,4 : 0.3338"
"4,18 : 0.386"
"18,4 : 0.386"
"4,19 : 0.5686"
"19,4 : 0.5686"
"4,20 : 0.2886"
"20,4 : 0.2886"
"4,21 : 0.5644"
"21,4 : 0.5644"
"4,22 : 0.3189"
"22,4 : 0.3189"
"4,23 : 0.2159"
"23,4 : 0.2159"
"4,24 : 0.3483"
"24,4 : 0.3483"
"4,25 : 0.0412"
"25,4 : 0.0412"
"4,26 : 0.4482"
"26,4 : 0.4482"
"4,27 : 0.051"
"27,4 : 0.051"
"4,28 : 0.6403"
"28,4 : 0.6403"
"4,29 : 0.2657"
"29,4 : 0.2657"
"4,30 : 0.5334"
"30,4 : 0.5334"
"4,31 : 0.3312"
"31,4 : 0.3312"
"4,32 : 0.4163"
"32,4 : 0.4163"
"4,33 : 0.4429"
"33,4 : 0.4429"
"4,34 : 0.2902"
"34,4 : 0.2902"
"4,35 : 0.1811"
"35,4 : 0.1811"
"4,36 : 0.4888"
"36,4 : 0.4888"
"4,37 : 0.5508"
"37,4 : 0.5508"
"4,38 : 0.2555"
"38,4 : 0.2555"
"4,39 : 0.495"
"39,4 : 0.495"
"4,40 : 0.1887"
"40,4 : 0.1887"
"4,41 : 0.4478"
"41,4 : 0.4478"
"4,42 : 0.3561"
"42,4 : 0.3561"
"4,43 : 0.2802"
"43,4 : 0.2802"
"4,44 : 0.3027"
"44,4 : 0.3027"
"4,45 : 0.2571"
"45,4 : 0.2571"
"4,46 : 0.645"
"46,4 : 0.645"
"4,47 : 0.1581"
"47,4 : 0.1581"
"4,48 : 0.2642"
"48,4 : 0.2642"
"4,49 : 0.4588"
"49,4 : 0.4588"
"5,6 : 0.7242"
"6,5 : 0.7242"
"5,7 : 0.1105"
"7,5 : 0.1105"
"5,8 : 0.413"
"8,5 : 0.413"
"5,9 : 0.454"
"9,5 : 0.454"
"5,10 : 0.2802"
"10,5 : 0.2802"
"5,11 : 0.2915"
"11,5 : 0.2915"
"5,12 : 0.0806"
"12,5 : 0.0806"
"5,13 : 0.9588"
"13,5 : 0.9588"
"5,14 : 0.6438"
"14,5 : 0.6438"
"5,15 : 0.228"
"15,5 : 0.228"
"5,16 : 0.8955"
"16,5 : 0.8955"
"5,17 : 0.5463"
"17,5 : 0.5463"
"5,18 : 0.8326"
"18,5 : 0.8326"
"5,19 : 0.3471"
"19,5 : 0.3471"
"5,20 : 0.5445"
"20,5 : 0.5445"
"5,21 : 0.1746"
"21,5 : 0.1746"
"5,22 : 0.7471"
"22,5 : 0.7471"
"5,23 : 0.6627"
"23,5 : 0.6627"
"5,24 : 0.211"
"24,5 : 0.211"
"5,25 : 0.4455"
"25,5 : 0.4455"
"5,26 : 0.7684"
"26,5 : 0.7684"
"5,27 : 0.5099"
"27,5 : 0.5099"
"5,28 : 0.6825"
"28,5 : 0.6825"
"5,29 : 0.5091"
"29,5 : 0.5091"
"5,30 : 0.1603"
"30,5 : 0.1603"
"5,31 : 0.3138"
"31,5 : 0.3138"
"5,32 : 0.2886"
"32,5 : 0.2886"
"5,33 : 0.7169"
"33,5 : 0.7169"
"5,34 : 0.5946"
"34,5 : 0.5946"
"5,35 : 0.2846"
"35,5 : 0.2846"
"5,36 : 0.3612"
"36,5 : 0.3612"
"5,37 : 0.6512"
"37,5 : 0.6512"
"5,38 : 0.3384"
"38,5 : 0.3384"
"5,39 : 0.0566"
"39,5 : 0.0566"
"5,40 : 0.3581"
"40,5 : 0.3581"
"5,41 : 0.8628"
"41,5 : 0.8628"
"5,42 : 0.4528"
"42,5 : 0.4528"
"5,43 : 0.4904"
"43,5 : 0.4904"
"5,44 : 0.5255"
"44,5 : 0.5255"
"5,45 : 0.2062"
"45,5 : 0.2062"
"5,46 : 0.4684"
"46,5 : 0.4684"
"5,47 : 0.5636"
"47,5 : 0.5636"
"5,48 : 0.4669"
"48,5 : 0.4669"
"5,49 : 0.0224"
"49,5 : 0.0224"
"6,7 : 0.7086"
"7,6 : 0.7086"
"6,8 : 0.9719"
"8,6 : 0.9719"
"6,9 : 0.3688"
"9,6 : 0.3688"
"6,10 : 0.7026"
"10,6 : 0.7026"
"6,11 : 0.4342"
"11,6 : 0.4342"
"6,12 : 0.7616"
"12,6 : 0.7616"
"6,13 : 0.7139"
"13,6 : 0.7139"
"6,14 : 0.1581"
"14,6 : 0.1581"
"6,15 : 0.5162"
"15,6 : 0.5162"
"6,16 : 0.5944"
"16,6 : 0.5944"
"6,17 : 0.4793"
"17,6 : 0.4793"
"6,18 : 0.1389"
"18,6 : 0.1389"
"6,19 : 0.7694"
"19,6 : 0.7694"
"6,20 : 0.3536"
"20,6 : 0.3536"
"6,21 : 0.8276"
"21,6 : 0.8276"
"6,22 : 0.1334"
"22,6 : 0.1334"
"6,23 : 0.1628"
"23,6 : 0.1628"
"6,24 : 0.6075"
"24,6 : 0.6075"
"6,25 : 0.2915"
"25,6 : 0.2915"
"6,26 : 0.4617"
"26,6 : 0.4617"
"6,27 : 0.2247"
"27,6 : 0.2247"
"6,28 : 0.7938"
"28,6 : 0.7938"
"6,29 : 0.3585"
"29,6 : 0.3585"
"6,30 : 0.7965"
"30,6 : 0.7965"
"6,31 : 0.5324"
"31,6 : 0.5324"
"6,32 : 0.6229"
"32,6 : 0.6229"
"6,33 : 0.5009"
"33,6 : 0.5009"
"6,34 : 0.3081"
"34,6 : 0.3081"
"6,35 : 0.4397"
"35,6 : 0.4397"
"6,36 : 0.6747"
"36,6 : 0.6747"
"6,37 : 0.6926"
"37,6 : 0.6926"
"6,38 : 0.4958"
"38,6 : 0.4958"
"6,39 : 0.7519"
"39,6 : 0.7519"
"6,40 : 0.4001"
"40,6 : 0.4001"
"6,41 : 0.3362"
"41,6 : 0.3362"
"6,42 : 0.4904"
"42,6 : 0.4904"
"6,43 : 0.4528"
"43,6 : 0.4528"
"6,44 : 0.4562"
"44,6 : 0.4562"
"6,45 : 0.5187"
"45,6 : 0.5187"
"6,46 : 0.8732"
"46,6 : 0.8732"
"6,47 : 0.1942"
"47,6 : 0.1942"
"6,48 : 0.389"
"48,6 : 0.389"
"6,49 : 0.7211"
"49,6 : 0.7211"
"7,8 : 0.5215"
"8,7 : 0.5215"
"7,9 : 0.4904"
"9,7 : 0.4904"
"7,10 : 0.17"
"10,7 : 0.17"
"7,11 : 0.28"
"11,7 : 0.28"
"7,12 : 0.19"
"12,7 : 0.19"
"7,13 : 1.0265"
"13,7 : 1.0265"
"7,14 : 0.6512"
"14,7 : 0.6512"
"7,15 : 0.1924"
"15,7 : 0.1924"
"7,16 : 0.9538"
"16,7 : 0.9538"
"7,17 : 0.6075"
"17,7 : 0.6075"
"7,18 : 0.8036"
"18,7 : 0.8036"
"7,19 : 0.2377"
"19,7 : 0.2377"
"7,20 : 0.4801"
"20,7 : 0.4801"
"7,21 : 0.2816"
"21,7 : 0.2816"
"7,22 : 0.7117"
"22,7 : 0.7117"
"7,23 : 0.6719"
"23,7 : 0.6719"
"7,24 : 0.2907"
"24,7 : 0.2907"
"7,25 : 0.4518"
"25,7 : 0.4518"
"7,26 : 0.8186"
"26,7 : 0.8186"
"7,27 : 0.5101"
"27,7 : 0.5101"
"7,28 : 0.7767"
"28,7 : 0.7767"
"7,29 : 0.4465"
"29,7 : 0.4465"
"7,30 : 0.27"
"30,7 : 0.27"
"7,31 : 0.2335"
"31,7 : 0.2335"
"7,32 : 0.1879"
"32,7 : 0.1879"
"7,33 : 0.7752"
"33,7 : 0.7752"
"7,34 : 0.5354"
"34,7 : 0.5354"
"7,35 : 0.2807"
"35,7 : 0.2807"
"7,36 : 0.2532"
"36,7 : 0.2532"
"7,37 : 0.7366"
"37,7 : 0.7366"
"7,38 : 0.3966"
"38,7 : 0.3966"
"7,39 : 0.0762"
"39,7 : 0.0762"
"7,40 : 0.3162"
"40,7 : 0.3162"
"7,41 : 0.8884"
"41,7 : 0.8884"
"7,42 : 0.3688"
"42,7 : 0.3688"
"7,43 : 0.5471"
"43,7 : 0.5471"
"7,44 : 0.5831"
"44,7 : 0.5831"
"7,45 : 0.2184"
"45,7 : 0.2184"
"7,46 : 0.5772"
"46,7 : 0.5772"
"7,47 : 0.5316"
"47,7 : 0.5316"
"7,48 : 0.4022"
"48,7 : 0.4022"
"7,49 : 0.1315"
"49,7 : 0.1315"
"8,9 : 0.6103"
"9,8 : 0.6103"
"8,10 : 0.6912"
"10,8 : 0.6912"
"8,11 : 0.6106"
"11,8 : 0.6106"
"8,12 : 0.3324"
"12,8 : 0.3324"
"8,13 : 0.8828"
"13,8 : 0.8828"
"8,14 : 0.8405"
"14,8 : 0.8405"
"8,15 : 0.5962"
"15,8 : 0.5962"
"8,16 : 0.8714"
"16,8 : 0.8714"
"8,17 : 0.5819"
"17,8 : 0.5819"
"8,18 : 1.1039"
"18,8 : 1.1039"
"8,19 : 0.7503"
"19,8 : 0.7503"
"8,20 : 0.9082"
"20,8 : 0.9082"
"8,21 : 0.2402"
"21,8 : 0.2402"
"8,22 : 1.04"
"22,8 : 1.04"
"8,23 : 0.8515"
"23,8 : 0.8515"
"8,24 : 0.378"
"24,8 : 0.378"
"8,25 : 0.6859"
"25,8 : 0.6859"
"8,26 : 0.7983"
"26,8 : 0.7983"
"8,27 : 0.7501"
"27,8 : 0.7501"
"8,28 : 0.4948"
"28,8 : 0.4948"
"8,29 : 0.8724"
"29,8 : 0.8724"
"8,30 : 0.2532"
"30,8 : 0.2532"
"8,31 : 0.7117"
"31,8 : 0.7117"
"8,32 : 0.7004"
"32,8 : 0.7004"
"8,33 : 0.7218"
"33,8 : 0.7218"
"8,34 : 0.9467"
"34,8 : 0.9467"
"8,35 : 0.5936"
"35,8 : 0.5936"
"8,36 : 0.7741"
"36,8 : 0.7741"
"8,37 : 0.5308"
"37,8 : 0.5308"
"8,38 : 0.4763"
"38,8 : 0.4763"
"8,39 : 0.4501"
"39,8 : 0.4501"
"8,40 : 0.7071"
"40,8 : 0.7071"
"8,41 : 0.9714"
"41,8 : 0.9714"
"8,42 : 0.8476"
"42,8 : 0.8476"
"8,43 : 0.5636"
"43,8 : 0.5636"
"8,44 : 0.5831"
"44,8 : 0.5831"
"8,45 : 0.5235"
"45,8 : 0.5235"
"8,46 : 0.1844"
"46,8 : 0.1844"
"8,47 : 0.8668"
"47,8 : 0.8668"
"8,48 : 0.8363"
"48,8 : 0.8363"
"8,49 : 0.3946"
"49,8 : 0.3946"
"9,10 : 0.572"
"10,9 : 0.572"
"9,11 : 0.2476"
"11,9 : 0.2476"
"9,12 : 0.4604"
"12,9 : 0.4604"
"9,13 : 0.5664"
"13,9 : 0.5664"
"9,14 : 0.2302"
"14,9 : 0.2302"
"9,15 : 0.336"
"15,9 : 0.336"
"9,16 : 0.4763"
"16,9 : 0.4763"
"9,17 : 0.1676"
"17,9 : 0.1676"
"9,18 : 0.5061"
"18,9 : 0.5061"
"9,19 : 0.656"
"19,9 : 0.656"
"9,20 : 0.4554"
"20,9 : 0.4554"
"9,21 : 0.5022"
"21,9 : 0.5022"
"9,22 : 0.4607"
"22,9 : 0.4607"
"9,23 : 0.2419"
"23,9 : 0.2419"
"9,24 : 0.2746"
"24,9 : 0.2746"
"9,25 : 0.1304"
"25,9 : 0.1304"
"9,26 : 0.3329"
"26,9 : 0.3329"
"9,27 : 0.1676"
"27,9 : 0.1676"
"9,28 : 0.4704"
"28,9 : 0.4704"
"9,29 : 0.4295"
"29,9 : 0.4295"
"9,30 : 0.4707"
"30,9 : 0.4707"
"9,31 : 0.4393"
"31,9 : 0.4393"
"9,32 : 0.5099"
"32,9 : 0.5099"
"9,33 : 0.3041"
"33,9 : 0.3041"
"9,34 : 0.4601"
"34,9 : 0.4601"
"9,35 : 0.2343"
"35,9 : 0.2343"
"9,36 : 0.594"
"36,9 : 0.594"
"9,37 : 0.3812"
"37,9 : 0.3812"
"9,38 : 0.1393"
"38,9 : 0.1393"
"9,39 : 0.5001"
"39,9 : 0.5001"
"9,40 : 0.3138"
"40,9 : 0.3138"
"9,41 : 0.4101"
"41,9 : 0.4101"
"9,42 : 0.5009"
"42,9 : 0.5009"
"9,43 : 0.1105"
"43,9 : 0.1105"
"9,44 : 0.136"
"44,9 : 0.136"
"9,45 : 0.2731"
"45,9 : 0.2731"
"9,46 : 0.5045"
"46,9 : 0.5045"
"9,47 : 0.3239"
"47,9 : 0.3239"
"9,48 : 0.4206"
"48,9 : 0.4206"
"9,49 : 0.4418"
"49,9 : 0.4418"
"10,11 : 0.3276"
"11,10 : 0.3276"
"10,12 : 0.36"
"12,10 : 0.36"
"10,13 : 1.1328"
"13,10 : 1.1328"
"10,14 : 0.6831"
"14,10 : 0.6831"
"10,15 : 0.236"
"15,10 : 0.236"
"10,16 : 1.0481"
"16,10 : 1.0481"
"10,17 : 0.7142"
"17,10 : 0.7142"
"10,18 : 0.7723"
"18,10 : 0.7723"
"10,19 : 0.0849"
"19,10 : 0.0849"
"10,20 : 0.4052"
"20,10 : 0.4052"
"10,21 : 0.451"
"21,10 : 0.451"
"10,22 : 0.6736"
"22,10 : 0.6736"
"10,23 : 0.7052"
"23,10 : 0.7052"
"10,24 : 0.4338"
"24,10 : 0.4338"
"10,25 : 0.4966"
"25,10 : 0.4966"
"10,26 : 0.9044"
"26,10 : 0.9044"
"10,27 : 0.5408"
"27,10 : 0.5408"
"10,28 : 0.9218"
"28,10 : 0.9218"
"10,29 : 0.3785"
"29,10 : 0.3785"
"10,30 : 0.44"
"30,10 : 0.44"
"10,31 : 0.1703"
"31,10 : 0.1703"
"10,32 : 0.08"
"32,10 : 0.08"
"10,33 : 0.8732"
"33,10 : 0.8732"
"10,34 : 0.4657"
"34,10 : 0.4657"
"10,35 : 0.3384"
"35,10 : 0.3384"
"10,36 : 0.0894"
"36,10 : 0.0894"
"10,37 : 0.8709"
"37,10 : 0.8709"
"10,38 : 0.5109"
"38,10 : 0.5109"
"10,39 : 0.2419"
"39,10 : 0.2419"
"10,40 : 0.3081"
"40,10 : 0.3081"
"10,41 : 0.9378"
"41,10 : 0.9378"
"10,42 : 0.264"
"42,10 : 0.264"
"10,43 : 0.6507"
"43,10 : 0.6507"
"10,44 : 0.6862"
"44,10 : 0.6862"
"10,45 : 0.3114"
"45,10 : 0.3114"
"10,46 : 0.7433"
"46,10 : 0.7433"
"10,47 : 0.5104"
"47,10 : 0.5104"
"10,48 : 0.3354"
"48,10 : 0.3354"
"10,49 : 0.3007"
"49,10 : 0.3007"
"11,12 : 0.3384"
"12,11 : 0.3384"
"11,13 : 0.8134"
"13,11 : 0.8134"
"11,14 : 0.3722"
"14,11 : 0.3722"
"11,15 : 0.0949"
"15,11 : 0.0949"
"11,16 : 0.7235"
"16,11 : 0.7235"
"11,17 : 0.4022"
"17,11 : 0.4022"
"11,18 : 0.5413"
"18,11 : 0.5413"
"11,19 : 0.4105"
"19,11 : 0.4105"
"11,20 : 0.3008"
"20,11 : 0.3008"
"11,21 : 0.4177"
"21,11 : 0.4177"
"11,22 : 0.4579"
"22,11 : 0.4579"
"11,23 : 0.3932"
"23,11 : 0.3932"
"11,24 : 0.2377"
"24,11 : 0.2377"
"11,25 : 0.1746"
"25,11 : 0.1746"
"11,26 : 0.578"
"26,11 : 0.578"
"11,27 : 0.2302"
"27,11 : 0.2302"
"11,28 : 0.6597"
"28,11 : 0.6597"
"11,29 : 0.2657"
"29,11 : 0.2657"
"11,30 : 0.389"
"30,11 : 0.389"
"11,31 : 0.1942"
"31,11 : 0.1942"
"11,32 : 0.2625"
"32,11 : 0.2625"
"11,33 : 0.5515"
"33,11 : 0.5515"
"11,34 : 0.3362"
"34,11 : 0.3362"
"11,35 : 0.02"
"35,11 : 0.02"
"11,36 : 0.3466"
"36,11 : 0.3466"
"11,37 : 0.5887"
"37,11 : 0.5887"
"11,38 : 0.2256"
"38,11 : 0.2256"
"11,39 : 0.3178"
"39,11 : 0.3178"
"11,40 : 0.102"
"40,11 : 0.102"
"11,41 : 0.6168"
"41,11 : 0.6168"
"11,42 : 0.2828"
"42,11 : 0.2828"
"11,43 : 0.3384"
"43,11 : 0.3384"
"11,44 : 0.372"
"44,11 : 0.372"
"11,45 : 0.0922"
"45,11 : 0.0922"
"11,46 : 0.5772"
"46,11 : 0.5772"
"11,47 : 0.2746"
"47,11 : 0.2746"
"11,48 : 0.2354"
"48,11 : 0.2354"
"11,49 : 0.2907"
"49,11 : 0.2907"
"12,13 : 0.9304"
"13,12 : 0.9304"
"12,14 : 0.6671"
"14,12 : 0.6671"
"12,15 : 0.2907"
"15,12 : 0.2907"
"12,16 : 0.876"
"16,12 : 0.876"
"12,17 : 0.5289"
"17,12 : 0.5289"
"12,18 : 0.8771"
"18,12 : 0.8771"
"12,19 : 0.4243"
"19,12 : 0.4243"
"12,20 : 0.6107"
"20,12 : 0.6107"
"12,21 : 0.0949"
"21,12 : 0.0949"
"12,22 : 0.7961"
"22,12 : 0.7961"
"12,23 : 0.6845"
"23,12 : 0.6845"
"12,24 : 0.1924"
"24,12 : 0.1924"
"12,25 : 0.4743"
"25,12 : 0.4743"
"12,26 : 0.7571"
"26,12 : 0.7571"
"12,27 : 0.5408"
"27,12 : 0.5408"
"12,28 : 0.6294"
"28,12 : 0.6294"
"12,29 : 0.5749"
"29,12 : 0.5749"
"12,30 : 0.08"
"30,12 : 0.08"
"12,31 : 0.3891"
"31,12 : 0.3891"
"12,32 : 0.3688"
"32,12 : 0.3688"
"12,33 : 0.6992"
"33,12 : 0.6992"
"12,34 : 0.658"
"34,12 : 0.658"
"12,35 : 0.3276"
"35,12 : 0.3276"
"12,36 : 0.4418"
"36,12 : 0.4418"
"12,37 : 0.608"
"37,12 : 0.608"
"12,38 : 0.3314"
"38,12 : 0.3314"
"12,39 : 0.1237"
"39,12 : 0.1237"
"12,40 : 0.4173"
"40,12 : 0.4173"
"12,41 : 0.8701"
"41,12 : 0.8701"
"12,42 : 0.5277"
"42,12 : 0.5277"
"12,43 : 0.4785"
"43,12 : 0.4785"
"12,44 : 0.512"
"44,12 : 0.512"
"12,45 : 0.247"
"45,12 : 0.247"
"12,46 : 0.3956"
"46,12 : 0.3956"
"12,47 : 0.6129"
"47,12 : 0.6129"
"12,48 : 0.5341"
"48,12 : 0.5341"
"12,49 : 0.0632"
"49,12 : 0.0632"
"13,14 : 0.5819"
"14,13 : 0.5819"
"13,15 : 0.8983"
"15,13 : 0.8983"
"13,16 : 0.1204"
"16,13 : 0.1204"
"13,17 : 0.4201"
"17,13 : 0.4201"
"13,18 : 0.823"
"18,13 : 0.823"
"13,19 : 1.2175"
"19,13 : 1.2175"
"13,20 : 0.9795"
"20,13 : 0.9795"
"13,21 : 0.9236"
"21,13 : 0.9236"
"13,22 : 0.8472"
"22,13 : 0.8472"
"13,23 : 0.5661"
"23,13 : 0.5661"
"13,24 : 0.7479"
"24,13 : 0.7479"
"13,25 : 0.6742"
"25,13 : 0.6742"
"13,26 : 0.26"
"26,13 : 0.26"
"13,27 : 0.6673"
"27,13 : 0.6673"
"13,28 : 0.4031"
"28,13 : 0.4031"
"13,29 : 0.9625"
"29,13 : 0.9625"
"13,30 : 0.8989"
"30,13 : 0.8989"
"13,31 : 1.0057"
"31,13 : 1.0057"
"13,32 : 1.0748"
"32,13 : 1.0748"
"13,33 : 0.2625"
"33,13 : 0.2625"
"13,34 : 0.9625"
"34,13 : 0.9625"
"13,35 : 0.7991"
"35,13 : 0.7991"
"13,36 : 1.16"
"36,13 : 1.16"
"13,37 : 0.3523"
"37,13 : 0.3523"
"13,38 : 0.6301"
"38,13 : 0.6301"
"13,39 : 1.0136"
"39,13 : 1.0136"
"13,40 : 0.8762"
"40,13 : 0.8762"
"13,41 : 0.4111"
"41,13 : 0.4111"
"13,42 : 1.0568"
"42,13 : 1.0568"
"13,43 : 0.4827"
"43,13 : 0.4827"
"13,44 : 0.4469"
"44,13 : 0.4469"
"13,45 : 0.8233"
"45,13 : 0.8233"
"13,46 : 0.7006"
"46,13 : 0.7006"
"13,47 : 0.8102"
"47,13 : 0.8102"
"13,48 : 0.9657"
"48,13 : 0.9657"
"13,49 : 0.9402"
"49,13 : 0.9402"
"14,15 : 0.4653"
"15,14 : 0.4653"
"14,16 : 0.4662"
"16,14 : 0.4662"
"14,17 : 0.322"
"17,14 : 0.322"
"14,18 : 0.2955"
"18,14 : 0.2955"
"14,19 : 0.7596"
"19,14 : 0.7596"
"14,20 : 0.4123"
"20,14 : 0.4123"
"14,21 : 0.7211"
"21,14 : 0.7211"
"14,22 : 0.2807"
"22,14 : 0.2807"
"14,23 : 0.0224"
"23,14 : 0.0224"
"14,24 : 0.494"
"24,14 : 0.494"
"14,25 : 0.2"
"25,14 : 0.2"
"14,26 : 0.3228"
"26,14 : 0.3228"
"14,27 : 0.1432"
"27,14 : 0.1432"
"14,28 : 0.6357"
"28,14 : 0.6357"
"14,29 : 0.4031"
"29,14 : 0.4031"
"14,30 : 0.6895"
"30,14 : 0.6895"
"14,31 : 0.52"
"31,14 : 0.52"
"14,32 : 0.6075"
"32,14 : 0.6075"
"14,33 : 0.3506"
"33,14 : 0.3506"
"14,34 : 0.3859"
"34,14 : 0.3859"
"14,35 : 0.3705"
"35,14 : 0.3705"
"14,36 : 0.6754"
"36,14 : 0.6754"
"14,37 : 0.5345"
"37,14 : 0.5345"
"14,38 : 0.3672"
"38,14 : 0.3672"
"14,39 : 0.6807"
"39,14 : 0.6807"
"14,40 : 0.377"
"40,14 : 0.377"
"14,41 : 0.2608"
"41,14 : 0.2608"
"14,42 : 0.5201"
"42,14 : 0.5201"
"14,43 : 0.3"
"43,14 : 0.3"
"14,44 : 0.3002"
"44,14 : 0.3002"
"14,45 : 0.4405"
"45,14 : 0.4405"
"14,46 : 0.7284"
"46,14 : 0.7284"
"14,47 : 0.236"
"47,14 : 0.236"
"14,48 : 0.4187"
"48,14 : 0.4187"
"14,49 : 0.6364"
"49,14 : 0.6364"
"15,16 : 0.8122"
"16,15 : 0.8122"
"15,17 : 0.4817"
"17,15 : 0.4817"
"15,18 : 0.6135"
"18,15 : 0.6135"
"15,19 : 0.3202"
"19,15 : 0.3202"
"15,20 : 0.3202"
"20,15 : 0.3202"
"15,21 : 0.3801"
"21,15 : 0.3801"
"15,22 : 0.5239"
"22,15 : 0.5239"
"15,23 : 0.4866"
"23,15 : 0.4866"
"15,24 : 0.25"
"24,15 : 0.25"
"15,25 : 0.2693"
"25,15 : 0.2693"
"15,26 : 0.6685"
"26,15 : 0.6685"
"15,27 : 0.3225"
"27,15 : 0.3225"
"15,28 : 0.7151"
"28,15 : 0.7151"
"15,29 : 0.2843"
"29,15 : 0.2843"
"15,30 : 0.3551"
"30,15 : 0.3551"
"15,31 : 0.1315"
"31,15 : 0.1315"
"15,32 : 0.178"
"32,15 : 0.178"
"15,33 : 0.6378"
"33,15 : 0.6378"
"15,34 : 0.3677"
"34,15 : 0.3677"
"15,35 : 0.103"
"35,15 : 0.103"
"15,36 : 0.2663"
"36,15 : 0.2663"
"15,37 : 0.653"
"37,15 : 0.653"
"15,38 : 0.2865"
"38,15 : 0.2865"
"15,39 : 0.2417"
"39,15 : 0.2417"
"15,40 : 0.1304"
"40,15 : 0.1304"
"15,41 : 0.7117"
"41,15 : 0.7117"
"15,42 : 0.255"
"42,15 : 0.255"
"15,43 : 0.4177"
"43,15 : 0.4177"
"15,44 : 0.4528"
"44,15 : 0.4528"
"15,45 : 0.0922"
"45,15 : 0.0922"
"15,46 : 0.5921"
"46,15 : 0.5921"
"15,47 : 0.3418"
"47,15 : 0.3418"
"15,48 : 0.2441"
"48,15 : 0.2441"
"15,49 : 0.2335"
"49,15 : 0.2335"
"16,17 : 0.3493"
"17,16 : 0.3493"
"16,18 : 0.7026"
"18,16 : 0.7026"
"16,19 : 1.1323"
"19,16 : 1.1323"
"16,20 : 0.8695"
"20,16 : 0.8695"
"16,21 : 0.8807"
"21,16 : 0.8807"
"16,22 : 0.7278"
"22,16 : 0.7278"
"16,23 : 0.4494"
"23,16 : 0.4494"
"16,24 : 0.6871"
"24,16 : 0.6871"
"16,25 : 0.5738"
"25,16 : 0.5738"
"16,26 : 0.15"
"26,16 : 0.15"
"16,27 : 0.5604"
"27,16 : 0.5604"
"16,28 : 0.4254"
"28,16 : 0.4254"
"16,29 : 0.8544"
"29,16 : 0.8544"
"16,30 : 0.8538"
"30,16 : 0.8538"
"16,31 : 0.9124"
"31,16 : 0.9124"
"16,32 : 0.986"
"32,16 : 0.986"
"16,33 : 0.1789"
"33,16 : 0.1789"
"16,34 : 0.8497"
"34,16 : 0.8497"
"16,35 : 0.7106"
"35,16 : 0.7106"
"16,36 : 1.0689"
"36,16 : 1.0689"
"16,37 : 0.3493"
"37,16 : 0.3493"
"16,38 : 0.559"
"38,16 : 0.559"
"16,39 : 0.9485"
"39,16 : 0.9485"
"16,40 : 0.7783"
"40,16 : 0.7783"
"16,41 : 0.2927"
"41,16 : 0.2927"
"16,42 : 0.9543"
"42,16 : 0.9543"
"16,43 : 0.4071"
"43,16 : 0.4071"
"16,44 : 0.3712"
"44,16 : 0.3712"
"16,45 : 0.7433"
"45,16 : 0.7433"
"16,46 : 0.6958"
"46,16 : 0.6958"
"16,47 : 0.6977"
"47,16 : 0.6977"
"16,48 : 0.8602"
"48,16 : 0.8602"
"16,49 : 0.8785"
"49,16 : 0.8785"
"17,18 : 0.6174"
"18,17 : 0.6174"
"17,19 : 0.7991"
"19,17 : 0.7991"
"17,20 : 0.6217"
"20,17 : 0.6217"
"17,21 : 0.5423"
"21,17 : 0.5423"
"17,22 : 0.592"
"22,17 : 0.592"
"17,23 : 0.3225"
"23,17 : 0.3225"
"17,24 : 0.3384"
"24,17 : 0.3384"
"17,25 : 0.2961"
"25,17 : 0.2961"
"17,26 : 0.2309"
"26,17 : 0.2309"
"17,27 : 0.32"
"27,17 : 0.32"
"17,28 : 0.3178"
"28,17 : 0.3178"
"17,29 : 0.5967"
"29,17 : 0.5967"
"17,30 : 0.5135"
"30,17 : 0.5135"
"17,31 : 0.5964"
"31,17 : 0.5964"
"17,32 : 0.6595"
"32,17 : 0.6595"
"17,33 : 0.1709"
"33,17 : 0.1709"
"17,34 : 0.6229"
"34,17 : 0.6229"
"17,35 : 0.386"
"35,17 : 0.386"
"17,36 : 0.7465"
"36,17 : 0.7465"
"17,37 : 0.2209"
"37,17 : 0.2209"
"17,38 : 0.211"
"38,17 : 0.211"
"17,39 : 0.5993"
"39,17 : 0.5993"
"17,40 : 0.4785"
"40,17 : 0.4785"
"17,41 : 0.39"
"41,17 : 0.39"
"17,42 : 0.6671"
"42,17 : 0.6671"
"17,43 : 0.064"
"43,17 : 0.064"
"17,44 : 0.0316"
"44,17 : 0.0316"
"17,45 : 0.4036"
"45,17 : 0.4036"
"17,46 : 0.4357"
"46,17 : 0.4357"
"17,47 : 0.48"
"47,17 : 0.48"
"17,48 : 0.5882"
"48,17 : 0.5882"
"17,49 : 0.5292"
"49,17 : 0.5292"
"18,19 : 0.83"
"19,18 : 0.83"
"18,20 : 0.3833"
"20,18 : 0.3833"
"18,21 : 0.9487"
"21,18 : 0.9487"
"18,22 : 0.1005"
"22,18 : 0.1005"
"18,23 : 0.2973"
"23,18 : 0.2973"
"18,24 : 0.7341"
"24,18 : 0.7341"
"18,25 : 0.4187"
"25,18 : 0.4187"
"18,26 : 0.5808"
"26,18 : 0.5808"
"18,27 : 0.3538"
"27,18 : 0.3538"
"18,28 : 0.9305"
"28,18 : 0.9305"
"18,29 : 0.4005"
"29,18 : 0.4005"
"18,30 : 0.9181"
"30,18 : 0.9181"
"18,31 : 0.6041"
"31,18 : 0.6041"
"18,32 : 0.6926"
"32,18 : 0.6926"
"18,33 : 0.628"
"33,18 : 0.628"
"18,34 : 0.3256"
"34,18 : 0.3256"
"18,35 : 0.5501"
"35,18 : 0.5501"
"18,36 : 0.7303"
"36,18 : 0.7303"
"18,37 : 0.8287"
"37,18 : 0.8287"
"18,38 : 0.6294"
"38,18 : 0.6294"
"18,39 : 0.8544"
"39,18 : 0.8544"
"18,40 : 0.4876"
"40,18 : 0.4876"
"18,41 : 0.422"
"41,18 : 0.422"
"18,42 : 0.5324"
"42,18 : 0.5324"
"18,43 : 0.5917"
"43,18 : 0.5917"
"18,44 : 0.5948"
"44,18 : 0.5948"
"18,45 : 0.6306"
"45,18 : 0.6306"
"18,46 : 1.0104"
"46,18 : 1.0104"
"18,47 : 0.272"
"47,18 : 0.272"
"18,48 : 0.44"
"48,18 : 0.44"
"18,49 : 0.8319"
"49,18 : 0.8319"
"19,20 : 0.4528"
"20,19 : 0.4528"
"19,21 : 0.5109"
"21,19 : 0.5109"
"19,22 : 0.7301"
"22,19 : 0.7301"
"19,23 : 0.7819"
"23,19 : 0.7819"
"19,24 : 0.5148"
"24,19 : 0.5148"
"19,25 : 0.5771"
"25,19 : 0.5771"
"19,26 : 0.9881"
"26,19 : 0.9881"
"19,27 : 0.6185"
"27,19 : 0.6185"
"19,28 : 1.0034"
"28,19 : 1.0034"
"19,29 : 0.4305"
"29,19 : 0.4305"
"19,30 : 0.5036"
"30,19 : 0.5036"
"19,31 : 0.2404"
"31,19 : 0.2404"
"19,32 : 0.1523"
"32,19 : 0.1523"
"19,33 : 0.9578"
"33,19 : 0.9578"
"19,34 : 0.5135"
"34,19 : 0.5135"
"19,35 : 0.422"
"35,19 : 0.422"
"19,36 : 0.102"
"36,19 : 0.102"
"19,37 : 0.9544"
"37,19 : 0.9544"
"19,38 : 0.5955"
"38,19 : 0.5955"
"19,39 : 0.3015"
"39,19 : 0.3015"
"19,40 : 0.3828"
"40,19 : 0.3828"
"19,41 : 1.0164"
"41,19 : 1.0164"
"19,42 : 0.3041"
"42,19 : 0.3041"
"19,43 : 0.7355"
"43,19 : 0.7355"
"19,44 : 0.771"
"44,19 : 0.771"
"19,45 : 0.3962"
"45,19 : 0.3962"
"19,46 : 0.8149"
"46,19 : 0.8149"
"19,47 : 0.5756"
"47,19 : 0.5756"
"19,48 : 0.39"
"48,19 : 0.39"
"19,49 : 0.3688"
"49,19 : 0.3688"
"20,21 : 0.7"
"21,20 : 0.7"
"20,22 : 0.2828"
"22,20 : 0.2828"
"20,23 : 0.4328"
"23,20 : 0.4328"
"20,24 : 0.5385"
"24,20 : 0.5385"
"20,25 : 0.3256"
"25,20 : 0.3256"
"20,26 : 0.7207"
"26,20 : 0.7207"
"20,27 : 0.3138"
"27,20 : 0.3138"
"20,28 : 0.9214"
"28,20 : 0.9214"
"20,29 : 0.0361"
"29,20 : 0.0361"
"20,30 : 0.6742"
"30,20 : 0.6742"
"20,31 : 0.2506"
"31,20 : 0.2506"
"20,32 : 0.3289"
"32,20 : 0.3289"
"20,33 : 0.7262"
"33,20 : 0.7262"
"20,34 : 0.0608"
"34,20 : 0.0608"
"20,35 : 0.3195"
"35,20 : 0.3195"
"20,36 : 0.3513"
"36,20 : 0.3513"
"20,37 : 0.836"
"37,20 : 0.836"
"20,38 : 0.5036"
"38,20 : 0.5036"
"20,39 : 0.5467"
"39,20 : 0.5467"
"20,40 : 0.2012"
"40,20 : 0.2012"
"20,41 : 0.6648"
"41,20 : 0.6648"
"20,42 : 0.15"
"42,20 : 0.15"
"20,43 : 0.5657"
"43,20 : 0.5657"
"20,44 : 0.5903"
"44,20 : 0.5903"
"20,45 : 0.3847"
"45,20 : 0.3847"
"20,46 : 0.8764"
"46,20 : 0.8764"
"20,47 : 0.1769"
"47,20 : 0.1769"
"20,48 : 0.0781"
"48,20 : 0.0781"
"20,49 : 0.5523"
"49,20 : 0.5523"
"21,22 : 0.872"
"22,21 : 0.872"
"21,23 : 0.7368"
"23,21 : 0.7368"
"21,24 : 0.228"
"24,21 : 0.228"
"21,25 : 0.5367"
"25,21 : 0.5367"
"21,26 : 0.7732"
"26,21 : 0.7732"
"21,27 : 0.6037"
"27,21 : 0.6037"
"21,28 : 0.592"
"28,21 : 0.592"
"21,29 : 0.664"
"29,21 : 0.664"
"21,30 : 0.0316"
"30,21 : 0.0316"
"21,31 : 0.4833"
"31,21 : 0.4833"
"21,32 : 0.4632"
"32,21 : 0.4632"
"21,33 : 0.7086"
"33,21 : 0.7086"
"21,34 : 0.7452"
"34,21 : 0.7452"
"21,35 : 0.4046"
"35,21 : 0.4046"
"21,36 : 0.5346"
"36,21 : 0.5346"
"21,37 : 0.5859"
"37,21 : 0.5859"
"21,38 : 0.365"
"38,21 : 0.365"
"21,39 : 0.21"
"39,21 : 0.21"
"21,40 : 0.5033"
"40,21 : 0.5033"
"21,41 : 0.9055"
"41,21 : 0.9055"
"21,42 : 0.6217"
"42,21 : 0.6217"
"21,43 : 0.5"
"43,21 : 0.5"
"21,44 : 0.5304"
"44,21 : 0.5304"
"21,45 : 0.3256"
"45,21 : 0.3256"
"21,46 : 0.3276"
"46,21 : 0.3276"
"21,47 : 0.6903"
"47,21 : 0.6903"
"21,48 : 0.6243"
"48,21 : 0.6243"
"21,49 : 0.1581"
"49,21 : 0.1581"
"22,23 : 0.29"
"23,22 : 0.29"
"22,24 : 0.6648"
"24,22 : 0.6648"
"22,25 : 0.3561"
"25,22 : 0.3561"
"22,26 : 0.5941"
"26,22 : 0.5941"
"22,27 : 0.2968"
"27,22 : 0.2968"
"22,28 : 0.9096"
"28,22 : 0.9096"
"22,29 : 0.3002"
"29,22 : 0.3002"
"22,30 : 0.842"
"30,22 : 0.842"
"22,31 : 0.5064"
"31,22 : 0.5064"
"22,32 : 0.5941"
"32,22 : 0.5941"
"22,33 : 0.63"
"33,22 : 0.63"
"22,34 : 0.2256"
"34,22 : 0.2256"
"22,35 : 0.4687"
"35,22 : 0.4687"
"22,36 : 0.6301"
"36,22 : 0.6301"
"22,37 : 0.8102"
"37,22 : 0.8102"
"22,38 : 0.572"
"38,22 : 0.572"
"22,39 : 0.7656"
"39,22 : 0.7656"
"22,40 : 0.3956"
"40,22 : 0.3956"
"22,41 : 0.4652"
"41,22 : 0.4652"
"22,42 : 0.4319"
"42,22 : 0.4319"
"22,43 : 0.5571"
"43,22 : 0.5571"
"22,44 : 0.5661"
"44,22 : 0.5661"
"22,45 : 0.5492"
"45,22 : 0.5492"
"22,46 : 0.9596"
"46,22 : 0.9596"
"22,47 : 0.1836"
"47,22 : 0.1836"
"22,48 : 0.3401"
"48,22 : 0.3401"
"22,49 : 0.7479"
"49,22 : 0.7479"
"23,24 : 0.5092"
"24,23 : 0.5092"
"23,25 : 0.2202"
"25,23 : 0.2202"
"23,26 : 0.3081"
"26,23 : 0.3081"
"23,27 : 0.1649"
"27,23 : 0.1649"
"23,28 : 0.6332"
"28,23 : 0.6332"
"23,29 : 0.4243"
"29,23 : 0.4243"
"23,30 : 0.7052"
"30,23 : 0.7052"
"23,31 : 0.5423"
"31,23 : 0.5423"
"23,32 : 0.6297"
"32,23 : 0.6297"
"23,33 : 0.34"
"33,23 : 0.34"
"23,34 : 0.405"
"34,23 : 0.405"
"23,35 : 0.3912"
"35,23 : 0.3912"
"23,36 : 0.6978"
"36,23 : 0.6978"
"23,37 : 0.5314"
"37,23 : 0.5314"
"23,38 : 0.3801"
"38,23 : 0.3801"
"23,39 : 0.7003"
"39,23 : 0.7003"
"23,40 : 0.3992"
"40,23 : 0.3992"
"23,41 : 0.2385"
"41,23 : 0.2385"
"23,42 : 0.542"
"42,23 : 0.542"
"23,43 : 0.3048"
"43,23 : 0.3048"
"23,44 : 0.3023"
"44,23 : 0.3023"
"23,45 : 0.4601"
"45,23 : 0.4601"
"23,46 : 0.7355"
"46,23 : 0.7355"
"23,47 : 0.2561"
"47,23 : 0.2561"
"23,48 : 0.4405"
"48,23 : 0.4405"
"23,49 : 0.6549"
"49,23 : 0.6549"
"24,25 : 0.3162"
"25,24 : 0.3162"
"24,26 : 0.5652"
"26,24 : 0.5652"
"24,27 : 0.3828"
"27,24 : 0.3828"
"24,28 : 0.4888"
"28,24 : 0.4888"
"24,29 : 0.5033"
"29,24 : 0.5033"
"24,30 : 0.1965"
"30,24 : 0.1965"
"24,31 : 0.3805"
"31,24 : 0.3805"
"24,32 : 0.4052"
"32,24 : 0.4052"
"24,33 : 0.5092"
"33,24 : 0.5092"
"24,34 : 0.5725"
"34,24 : 0.5725"
"24,35 : 0.2193"
"35,24 : 0.2193"
"24,36 : 0.4934"
"36,24 : 0.4934"
"24,37 : 0.446"
"37,24 : 0.446"
"24,38 : 0.14"
"38,24 : 0.14"
"24,39 : 0.2663"
"39,24 : 0.2663"
"24,40 : 0.3384"
"40,24 : 0.3384"
"24,41 : 0.6812"
"41,24 : 0.6812"
"24,42 : 0.5025"
"42,24 : 0.5025"
"24,43 : 0.2864"
"43,24 : 0.2864"
"24,44 : 0.3202"
"44,24 : 0.3202"
"24,45 : 0.1612"
"45,24 : 0.1612"
"24,46 : 0.3437"
"46,24 : 0.3437"
"24,47 : 0.4892"
"47,24 : 0.4892"
"24,48 : 0.4713"
"48,24 : 0.4713"
"24,49 : 0.1924"
"49,24 : 0.1924"
"25,26 : 0.4245"
"26,25 : 0.4245"
"25,27 : 0.0671"
"27,25 : 0.0671"
"25,28 : 0.6001"
"28,25 : 0.6001"
"25,29 : 0.3008"
"29,25 : 0.3008"
"25,30 : 0.5054"
"30,25 : 0.5054"
"25,31 : 0.3441"
"31,25 : 0.3441"
"25,32 : 0.4254"
"32,25 : 0.4254"
"25,33 : 0.4134"
"33,25 : 0.4134"
"25,34 : 0.33"
"34,25 : 0.33"
"25,35 : 0.1712"
"35,25 : 0.1712"
"25,36 : 0.5022"
"36,25 : 0.5022"
"25,37 : 0.5116"
"37,25 : 0.5116"
"25,38 : 0.2163"
"38,25 : 0.2163"
"25,39 : 0.4809"
"39,25 : 0.4809"
"25,40 : 0.2052"
"40,25 : 0.2052"
"25,41 : 0.4427"
"41,25 : 0.4427"
"25,42 : 0.3828"
"42,25 : 0.3828"
"25,43 : 0.2408"
"43,25 : 0.2408"
"25,44 : 0.2648"
"44,25 : 0.2648"
"25,45 : 0.2408"
"45,25 : 0.2408"
"25,46 : 0.6054"
"46,25 : 0.6054"
"25,47 : 0.1992"
"47,25 : 0.1992"
"25,48 : 0.2955"
"48,25 : 0.2955"
"25,49 : 0.4393"
"49,25 : 0.4393"
"26,27 : 0.4105"
"27,26 : 0.4105"
"26,28 : 0.4173"
"28,26 : 0.4173"
"26,29 : 0.7049"
"29,26 : 0.7049"
"26,30 : 0.7443"
"30,26 : 0.7443"
"26,31 : 0.7649"
"31,26 : 0.7649"
"26,32 : 0.8402"
"32,26 : 0.8402"
"26,33 : 0.0806"
"33,26 : 0.0806"
"26,34 : 0.7026"
"34,26 : 0.7026"
"26,35 : 0.5661"
"35,26 : 0.5661"
"26,36 : 0.922"
"36,26 : 0.922"
"26,37 : 0.3202"
"37,26 : 0.3202"
"26,38 : 0.4301"
"38,26 : 0.4301"
"26,39 : 0.8193"
"39,26 : 0.8193"
"26,40 : 0.6294"
"40,26 : 0.6294"
"26,41 : 0.214"
"41,26 : 0.214"
"26,42 : 0.8043"
"42,26 : 0.8043"
"26,43 : 0.2789"
"43,26 : 0.2789"
"26,44 : 0.2452"
"44,26 : 0.2452"
"26,45 : 0.6042"
"45,26 : 0.6042"
"26,46 : 0.6357"
"46,26 : 0.6357"
"26,47 : 0.5504"
"47,26 : 0.5504"
"26,48 : 0.7103"
"48,26 : 0.7103"
"26,49 : 0.7529"
"49,26 : 0.7529"
"27,28 : 0.6339"
"28,27 : 0.6339"
"27,29 : 0.2953"
"29,27 : 0.2953"
"27,30 : 0.5725"
"30,27 : 0.5725"
"27,31 : 0.3801"
"31,27 : 0.3801"
"27,32 : 0.4662"
"32,27 : 0.4662"
"27,33 : 0.4123"
"33,27 : 0.4123"
"27,34 : 0.3059"
"34,27 : 0.3059"
"27,35 : 0.2302"
"35,27 : 0.2302"
"27,36 : 0.5371"
"36,27 : 0.5371"
"27,37 : 0.5404"
"37,27 : 0.5404"
"27,38 : 0.2766"
"38,27 : 0.2766"
"27,39 : 0.5433"
"39,27 : 0.5433"
"27,40 : 0.2371"
"40,27 : 0.2371"
"27,41 : 0.3981"
"41,27 : 0.3981"
"27,42 : 0.3962"
"42,27 : 0.3962"
"27,43 : 0.2729"
"43,27 : 0.2729"
"27,44 : 0.2902"
"44,27 : 0.2902"
"27,45 : 0.3041"
"45,27 : 0.3041"
"27,46 : 0.6629"
"46,27 : 0.6629"
"27,47 : 0.16"
"47,27 : 0.16"
"27,48 : 0.3"
"48,27 : 0.3"
"27,49 : 0.5045"
"49,27 : 0.5045"
"28,29 : 0.8927"
"29,28 : 0.8927"
"28,30 : 0.5749"
"30,28 : 0.5749"
"28,31 : 0.8443"
"31,28 : 0.8443"
"28,32 : 0.8864"
"32,28 : 0.8864"
"28,33 : 0.3397"
"33,28 : 0.3397"
"28,34 : 0.9301"
"34,28 : 0.9301"
"28,35 : 0.6403"
"35,28 : 0.6403"
"28,36 : 0.9758"
"36,28 : 0.9758"
"28,37 : 0.103"
"37,28 : 0.103"
"28,38 : 0.4342"
"38,28 : 0.4342"
"28,39 : 0.7388"
"39,28 : 0.7388"
"28,40 : 0.7531"
"40,28 : 0.7531"
"28,41 : 0.6297"
"41,28 : 0.6297"
"28,42 : 0.9415"
"42,28 : 0.9415"
"28,43 : 0.3612"
"43,28 : 0.3612"
"28,44 : 0.3453"
"44,28 : 0.3453"
"28,45 : 0.6239"
"45,28 : 0.6239"
"28,46 : 0.3105"
"46,28 : 0.3105"
"28,47 : 0.7931"
"47,28 : 0.7931"
"28,48 : 0.8769"
"48,28 : 0.8769"
"28,49 : 0.6607"
"49,28 : 0.6607"
"29,30 : 0.6382"
"30,29 : 0.6382"
"29,31 : 0.2193"
"31,29 : 0.2193"
"29,32 : 0.3008"
"32,29 : 0.3008"
"29,33 : 0.7068"
"33,29 : 0.7068"
"29,34 : 0.0894"
"34,29 : 0.0894"
"29,35 : 0.2846"
"35,29 : 0.2846"
"29,36 : 0.33"
"36,29 : 0.33"
"29,37 : 0.8089"
"37,29 : 0.8089"
"29,38 : 0.4717"
"38,29 : 0.4717"
"29,39 : 0.5122"
"39,29 : 0.5122"
"29,40 : 0.1655"
"40,29 : 0.1655"
"29,41 : 0.6595"
"41,29 : 0.6595"
"29,42 : 0.1334"
"42,29 : 0.1334"
"29,43 : 0.5394"
"43,29 : 0.5394"
"29,44 : 0.5652"
"44,29 : 0.5652"
"29,45 : 0.3489"
"45,29 : 0.3489"
"29,46 : 0.842"
"46,29 : 0.842"
"29,47 : 0.172"
"47,29 : 0.172"
"29,48 : 0.0447"
"48,29 : 0.0447"
"29,49 : 0.5166"
"49,29 : 0.5166"
"30,31 : 0.4624"
"31,30 : 0.4624"
"30,32 : 0.4472"
"32,30 : 0.4472"
"30,33 : 0.6807"
"33,30 : 0.6807"
"30,34 : 0.7184"
"34,30 : 0.7184"
"30,35 : 0.3754"
"35,30 : 0.3754"
"30,36 : 0.5215"
"36,30 : 0.5215"
"30,37 : 0.5644"
"37,30 : 0.5644"
"30,38 : 0.3338"
"38,30 : 0.3338"
"30,39 : 0.2022"
"39,30 : 0.2022"
"30,40 : 0.4763"
"40,30 : 0.4763"
"30,41 : 0.8746"
"41,30 : 0.8746"
"30,42 : 0.6001"
"42,30 : 0.6001"
"30,43 : 0.4701"
"43,30 : 0.4701"
"30,44 : 0.5009"
"44,30 : 0.5009"
"30,45 : 0.297"
"45,30 : 0.297"
"30,46 : 0.322"
"46,30 : 0.322"
"30,47 : 0.6607"
"47,30 : 0.6607"
"30,48 : 0.5991"
"48,30 : 0.5991"
"30,49 : 0.1414"
"49,30 : 0.1414"
"31,32 : 0.0906"
"32,31 : 0.0906"
"31,33 : 0.7433"
"33,31 : 0.7433"
"31,34 : 0.3087"
"34,31 : 0.3087"
"31,35 : 0.211"
"35,31 : 0.211"
"31,36 : 0.1581"
"36,31 : 0.1581"
"31,37 : 0.7788"
"37,31 : 0.7788"
"31,38 : 0.4123"
"38,31 : 0.4123"
"31,39 : 0.3048"
"39,31 : 0.3048"
"31,40 : 0.1432"
"40,31 : 0.1432"
"31,41 : 0.7782"
"41,31 : 0.7782"
"31,42 : 0.1389"
"42,31 : 0.1389"
"31,43 : 0.5325"
"43,31 : 0.5325"
"31,44 : 0.5661"
"44,31 : 0.5661"
"31,45 : 0.2236"
"45,31 : 0.2236"
"31,46 : 0.7206"
"46,31 : 0.7206"
"31,47 : 0.3401"
"47,31 : 0.3401"
"31,48 : 0.1746"
"48,31 : 0.1746"
"31,49 : 0.3265"
"49,31 : 0.3265"
"32,33 : 0.8134"
"33,32 : 0.8134"
"32,34 : 0.389"
"34,32 : 0.389"
"32,35 : 0.2759"
"35,32 : 0.2759"
"32,36 : 0.0894"
"36,32 : 0.0894"
"32,37 : 0.8286"
"37,32 : 0.8286"
"32,38 : 0.4632"
"38,32 : 0.4632"
"32,39 : 0.264"
"39,32 : 0.264"
"32,40 : 0.2309"
"40,32 : 0.2309"
"32,41 : 0.8641"
"41,32 : 0.8641"
"32,42 : 0.1942"
"42,32 : 0.1942"
"32,43 : 0.5955"
"43,32 : 0.5955"
"32,44 : 0.6303"
"44,32 : 0.6303"
"32,45 : 0.2642"
"45,32 : 0.2642"
"32,46 : 0.7325"
"46,32 : 0.7325"
"32,47 : 0.4305"
"47,32 : 0.4305"
"32,48 : 0.2571"
"48,32 : 0.2571"
"32,49 : 0.3059"
"49,32 : 0.3059"
"33,34 : 0.7147"
"34,33 : 0.7147"
"33,35 : 0.5376"
"35,33 : 0.5376"
"33,36 : 0.8981"
"36,33 : 0.8981"
"33,37 : 0.2408"
"37,33 : 0.2408"
"33,38 : 0.3801"
"38,33 : 0.3801"
"33,39 : 0.7697"
"39,33 : 0.7697"
"33,40 : 0.614"
"40,33 : 0.614"
"33,41 : 0.29"
"41,33 : 0.29"
"33,42 : 0.7961"
"42,33 : 0.7961"
"33,43 : 0.2283"
"43,33 : 0.2283"
"33,44 : 0.1924"
"44,33 : 0.1924"
"33,45 : 0.5661"
"45,33 : 0.5661"
"33,46 : 0.5566"
"46,33 : 0.5566"
"33,47 : 0.5632"
"47,33 : 0.5632"
"33,48 : 0.7071"
"48,33 : 0.7071"
"33,49 : 0.7001"
"49,33 : 0.7001"
"34,35 : 0.3536"
"35,34 : 0.3536"
"34,36 : 0.4119"
"36,34 : 0.4119"
"34,37 : 0.841"
"37,34 : 0.841"
"34,38 : 0.5239"
"38,34 : 0.5239"
"34,39 : 0.6"
"39,34 : 0.6"
"34,40 : 0.2421"
"40,34 : 0.2421"
"34,41 : 0.6303"
"41,34 : 0.6303"
"34,42 : 0.2102"
"42,34 : 0.2102"
"34,43 : 0.5704"
"43,34 : 0.5704"
"34,44 : 0.5921"
"44,34 : 0.5921"
"34,45 : 0.4244"
"45,34 : 0.4244"
"34,46 : 0.9048"
"46,34 : 0.9048"
"34,47 : 0.1523"
"47,34 : 0.1523"
"34,48 : 0.1342"
"48,34 : 0.1342"
"34,49 : 0.6011"
"49,34 : 0.6011"
"35,36 : 0.3612"
"36,35 : 0.3612"
"35,37 : 0.5701"
"37,35 : 0.5701"
"35,38 : 0.2062"
"38,35 : 0.2062"
"35,39 : 0.314"
"39,35 : 0.314"
"35,40 : 0.1217"
"40,35 : 0.1217"
"35,41 : 0.6113"
"41,35 : 0.6113"
"35,42 : 0.3027"
"42,35 : 0.3027"
"35,43 : 0.322"
"43,35 : 0.322"
"35,44 : 0.3561"
"44,35 : 0.3561"
"35,45 : 0.0806"
"45,35 : 0.0806"
"35,46 : 0.5579"
"46,35 : 0.5579"
"35,47 : 0.286"
"47,35 : 0.286"
"35,48 : 0.255"
"48,35 : 0.255"
"35,49 : 0.2823"
"49,35 : 0.2823"
"36,37 : 0.9179"
"37,36 : 0.9179"
"36,38 : 0.5523"
"38,36 : 0.5523"
"36,39 : 0.3276"
"39,36 : 0.3276"
"36,40 : 0.3002"
"40,36 : 0.3002"
"36,41 : 0.9348"
"41,36 : 0.9348"
"36,42 : 0.2022"
"42,36 : 0.2022"
"36,43 : 0.6825"
"43,36 : 0.6825"
"36,44 : 0.717"
"44,36 : 0.717"
"36,45 : 0.3536"
"45,36 : 0.3536"
"36,46 : 0.8161"
"46,36 : 0.8161"
"36,47 : 0.4805"
"47,36 : 0.4805"
"36,48 : 0.2907"
"48,36 : 0.2907"
"36,49 : 0.3805"
"49,36 : 0.3805"
"37,38 : 0.3667"
"38,37 : 0.3667"
"37,39 : 0.7077"
"39,37 : 0.7077"
"37,40 : 0.6772"
"40,37 : 0.6772"
"37,41 : 0.5304"
"41,37 : 0.5304"
"37,42 : 0.8668"
"42,37 : 0.8668"
"37,43 : 0.2707"
"43,37 : 0.2707"
"37,44 : 0.2502"
"44,37 : 0.2502"
"37,45 : 0.5644"
"45,37 : 0.5644"
"37,46 : 0.3501"
"46,37 : 0.3501"
"37,47 : 0.7003"
"47,37 : 0.7003"
"37,48 : 0.7962"
"48,37 : 0.7962"
"37,49 : 0.6303"
"49,37 : 0.6303"
"38,39 : 0.39"
"39,38 : 0.39"
"38,40 : 0.3214"
"40,38 : 0.3214"
"38,41 : 0.5415"
"41,38 : 0.5415"
"38,42 : 0.508"
"42,38 : 0.508"
"38,43 : 0.1523"
"43,38 : 0.1523"
"38,44 : 0.1879"
"44,38 : 0.1879"
"38,45 : 0.2"
"45,38 : 0.2"
"38,46 : 0.3895"
"46,38 : 0.3895"
"38,47 : 0.4115"
"47,38 : 0.4115"
"38,48 : 0.45"
"48,38 : 0.45"
"38,49 : 0.3228"
"49,38 : 0.3228"
"39,40 : 0.3712"
"40,39 : 0.3712"
"39,41 : 0.9067"
"41,39 : 0.9067"
"39,42 : 0.442"
"42,39 : 0.442"
"39,43 : 0.5423"
"43,39 : 0.5423"
"39,44 : 0.5778"
"44,39 : 0.5778"
"39,45 : 0.2402"
"45,39 : 0.2402"
"39,46 : 0.5187"
"46,39 : 0.5187"
"39,47 : 0.5831"
"47,39 : 0.5831"
"39,48 : 0.4686"
"48,39 : 0.4686"
"39,49 : 0.0781"
"49,39 : 0.0781"
"40,41 : 0.6351"
"41,40 : 0.6351"
"40,42 : 0.1897"
"42,40 : 0.1897"
"40,43 : 0.4163"
"43,40 : 0.4163"
"40,44 : 0.4472"
"44,40 : 0.4472"
"40,45 : 0.1836"
"45,40 : 0.1836"
"40,46 : 0.6791"
"46,40 : 0.6791"
"40,47 : 0.2159"
"47,40 : 0.2159"
"40,48 : 0.1334"
"48,40 : 0.1334"
"40,49 : 0.3624"
"49,40 : 0.3624"
"41,42 : 0.7801"
"42,41 : 0.7801"
"41,43 : 0.4123"
"43,41 : 0.4123"
"41,44 : 0.389"
"44,41 : 0.389"
"41,45 : 0.6708"
"45,41 : 0.6708"
"41,46 : 0.823"
"46,41 : 0.823"
"41,47 : 0.4884"
"47,41 : 0.4884"
"41,48 : 0.678"
"48,41 : 0.678"
"41,49 : 0.8515"
"49,41 : 0.8515"
"42,43 : 0.6054"
"43,42 : 0.6054"
"42,44 : 0.6356"
"44,42 : 0.6356"
"42,45 : 0.3413"
"45,42 : 0.3413"
"42,46 : 0.8459"
"46,42 : 0.8459"
"42,47 : 0.2997"
"47,42 : 0.2997"
"42,48 : 0.103"
"48,42 : 0.103"
