x,y
0.42,0.58
0.75,0.64
0.98,0.81
0.09,0.98
0.2,0.6
0.35,0.19
0.8,0.2
0.98,0.4
0.84,0.95
0.3,0.83
0.58,0.52
0.19,0.98
0.53,0.01
0.66,0.96
0.78,1.0
0.99,0.89
0.98,0.07
0.84,0.4
0.75,0.56
0.26,0.73
0.25,0.29
0.76,0.98
0.15,0.56
0.15,0.07
0.91,0.37
0.85,0.23
0.77,0.49
0.31,0.94
0.96,0.1
0.49,0.14
0.5,0.94
0.73,0.74
0.34,0.57
0.78,0.79
0.4,0.82
0.04,0.16
0.45,0.55
0.02,0.52
0.96,0.0
0.4,0.18
0.01,0.4
0.77,0.99
0.31,0.08
0.71,0.35
0.11,0.22
0.51,0.93
0.04,0.44
0.45,0.58
0.58,0.56
0.55,0.43

Distanze
"0,1 : 0.3354"
"1,0 : 0.3354"
"0,2 : 0.6054"
"2,0 : 0.6054"
"0,3 : 0.5186"
"3,0 : 0.5186"
"0,4 : 0.2209"
"4,0 : 0.2209"
"0,5 : 0.3962"
"5,0 : 0.3962"
"0,6 : 0.5374"
"6,0 : 0.5374"
"0,7 : 0.5882"
"7,0 : 0.5882"
"0,8 : 0.5597"
"8,0 : 0.5597"
"0,9 : 0.2773"
"9,0 : 0.2773"
"0,10 : 0.1709"
"10,0 : 0.1709"
"0,11 : 0.4614"
"11,0 : 0.4614"
"0,12 : 0.5805"
"12,0 : 0.5805"
"0,13 : 0.4494"
"13,0 : 0.4494"
"0,14 : 0.5532"
"14,0 : 0.5532"
"0,15 : 0.6488"
"15,0 : 0.6488"
"0,16 : 0.7574"
"16,0 : 0.7574"
"0,17 : 0.4569"
"17,0 : 0.4569"
"0,18 : 0.3306"
"18,0 : 0.3306"
"0,19 : 0.2193"
"19,0 : 0.2193"
"0,20 : 0.3362"
"20,0 : 0.3362"
"0,21 : 0.525"
"21,0 : 0.525"
"0,22 : 0.2707"
"22,0 : 0.2707"
"0,23 : 0.5771"
"23,0 : 0.5771"
"0,24 : 0.5331"
"24,0 : 0.5331"
"0,25 : 0.5544"
"25,0 : 0.5544"
"0,26 : 0.3614"
"26,0 : 0.3614"
"0,27 : 0.3764"
"27,0 : 0.3764"
"0,28 : 0.7225"
"28,0 : 0.7225"
"0,29 : 0.4455"
"29,0 : 0.4455"
"0,30 : 0.3688"
"30,0 : 0.3688"
"0,31 : 0.3489"
"31,0 : 0.3489"
"0,32 : 0.0806"
"32,0 : 0.0806"
"0,33 : 0.4168"
"33,0 : 0.4168"
"0,34 : 0.2408"
"34,0 : 0.2408"
"0,35 : 0.5664"
"35,0 : 0.5664"
"0,36 : 0.0424"
"36,0 : 0.0424"
"0,37 : 0.4045"
"37,0 : 0.4045"
"0,38 : 0.7925"
"38,0 : 0.7925"
"0,39 : 0.4005"
"39,0 : 0.4005"
"0,40 : 0.4478"
"40,0 : 0.4478"
"0,41 : 0.5391"
"41,0 : 0.5391"
"0,42 : 0.512"
"42,0 : 0.512"
"0,43 : 0.3701"
"43,0 : 0.3701"
"0,44 : 0.4751"
"44,0 : 0.4751"
"0,45 : 0.3614"
"45,0 : 0.3614"
"0,46 : 0.405"
"46,0 : 0.405"
"0,47 : 0.03"
"47,0 : 0.03"
"0,48 : 0.1612"
"48,0 : 0.1612"
"0,49 : 0.1985"
"49,0 : 0.1985"
"1,2 : 0.286"
"2,1 : 0.286"
"1,3 : 0.7424"
"3,1 : 0.7424"
"1,4 : 0.5515"
"4,1 : 0.5515"
"1,5 : 0.6021"
"5,1 : 0.6021"
"1,6 : 0.4428"
"6,1 : 0.4428"
"1,7 : 0.3324"
"7,1 : 0.3324"
"1,8 : 0.3228"
"8,1 : 0.3228"
"1,9 : 0.4885"
"9,1 : 0.4885"
"1,10 : 0.2081"
"10,1 : 0.2081"
"1,11 : 0.6551"
"11,1 : 0.6551"
"1,12 : 0.6673"
"12,1 : 0.6673"
"1,13 : 0.3324"
"13,1 : 0.3324"
"1,14 : 0.3612"
"14,1 : 0.3612"
"1,15 : 0.3466"
"15,1 : 0.3466"
"1,16 : 0.6147"
"16,1 : 0.6147"
"1,17 : 0.2563"
"17,1 : 0.2563"
"1,18 : 0.08"
"18,1 : 0.08"
"1,19 : 0.4982"
"19,1 : 0.4982"
"1,20 : 0.6103"
"20,1 : 0.6103"
"1,21 : 0.3401"
"21,1 : 0.3401"
"1,22 : 0.6053"
"22,1 : 0.6053"
"1,23 : 0.8276"
"23,1 : 0.8276"
"1,24 : 0.3138"
"24,1 : 0.3138"
"1,25 : 0.422"
"25,1 : 0.422"
"1,26 : 0.1513"
"26,1 : 0.1513"
"1,27 : 0.5325"
"27,1 : 0.5325"
"1,28 : 0.5794"
"28,1 : 0.5794"
"1,29 : 0.5636"
"29,1 : 0.5636"
"1,30 : 0.3905"
"30,1 : 0.3905"
"1,31 : 0.102"
"31,1 : 0.102"
"1,32 : 0.4159"
"32,1 : 0.4159"
"1,33 : 0.153"
"33,1 : 0.153"
"1,34 : 0.3936"
"34,1 : 0.3936"
"1,35 : 0.857"
"35,1 : 0.857"
"1,36 : 0.3132"
"36,1 : 0.3132"
"1,37 : 0.7398"
"37,1 : 0.7398"
"1,38 : 0.6736"
"38,1 : 0.6736"
"1,39 : 0.578"
"39,1 : 0.578"
"1,40 : 0.7779"
"40,1 : 0.7779"
"1,41 : 0.3506"
"41,1 : 0.3506"
"1,42 : 0.7122"
"42,1 : 0.7122"
"1,43 : 0.2927"
"43,1 : 0.2927"
"1,44 : 0.7655"
"44,1 : 0.7655"
"1,45 : 0.3764"
"45,1 : 0.3764"
"1,46 : 0.7376"
"46,1 : 0.7376"
"1,47 : 0.3059"
"47,1 : 0.3059"
"1,48 : 0.1879"
"48,1 : 0.1879"
"1,49 : 0.29"
"49,1 : 0.29"
"2,3 : 0.9061"
"3,2 : 0.9061"
"2,4 : 0.8078"
"4,2 : 0.8078"
"2,5 : 0.8839"
"5,2 : 0.8839"
"2,6 : 0.636"
"6,2 : 0.636"
"2,7 : 0.41"
"7,2 : 0.41"
"2,8 : 0.198"
"8,2 : 0.198"
"2,9 : 0.6803"
"9,2 : 0.6803"
"2,10 : 0.4941"
"10,2 : 0.4941"
"2,11 : 0.8081"
"11,2 : 0.8081"
"2,12 : 0.9179"
"12,2 : 0.9179"
"2,13 : 0.3534"
"13,2 : 0.3534"
"2,14 : 0.2759"
"14,2 : 0.2759"
"2,15 : 0.0806"
"15,2 : 0.0806"
"2,16 : 0.74"
"16,2 : 0.74"
"2,17 : 0.4332"
"17,2 : 0.4332"
"2,18 : 0.3397"
"18,2 : 0.3397"
"2,19 : 0.7244"
"19,2 : 0.7244"
"2,20 : 0.8963"
"20,2 : 0.8963"
"2,21 : 0.278"
"21,2 : 0.278"
"2,22 : 0.8668"
"22,2 : 0.8668"
"2,23 : 1.112"
"23,2 : 1.112"
"2,24 : 0.4455"
"24,2 : 0.4455"
"2,25 : 0.5944"
"25,2 : 0.5944"
"2,26 : 0.3828"
"26,2 : 0.3828"
"2,27 : 0.6825"
"27,2 : 0.6825"
"2,28 : 0.7103"
"28,2 : 0.7103"
"2,29 : 0.8301"
"29,2 : 0.8301"
"2,30 : 0.4973"
"30,2 : 0.4973"
"2,31 : 0.2596"
"31,2 : 0.2596"
"2,32 : 0.6835"
"32,2 : 0.6835"
"2,33 : 0.201"
"33,2 : 0.201"
"2,34 : 0.5801"
"34,2 : 0.5801"
"2,35 : 1.1428"
"35,2 : 1.1428"
"2,36 : 0.5903"
"36,2 : 0.5903"
"2,37 : 1.0028"
"37,2 : 1.0028"
"2,38 : 0.8102"
"38,2 : 0.8102"
"2,39 : 0.8563"
"39,2 : 0.8563"
"2,40 : 1.0531"
"40,2 : 1.0531"
"2,41 : 0.2766"
"41,2 : 0.2766"
"2,42 : 0.9909"
"42,2 : 0.9909"
"2,43 : 0.5334"
"43,2 : 0.5334"
"2,44 : 1.0512"
"44,2 : 1.0512"
"2,45 : 0.4851"
"45,2 : 0.4851"
"2,46 : 1.0102"
"46,2 : 1.0102"
"2,47 : 0.5778"
"47,2 : 0.5778"
"2,48 : 0.4717"
"48,2 : 0.4717"
"2,49 : 0.5738"
"49,2 : 0.5738"
"3,4 : 0.3956"
"4,3 : 0.3956"
"3,5 : 0.8317"
"5,3 : 0.8317"
"3,6 : 1.0548"
"6,3 : 1.0548"
"3,7 : 1.0623"
"7,3 : 1.0623"
"3,8 : 0.7506"
"8,3 : 0.7506"
"3,9 : 0.2581"
"9,3 : 0.2581"
"3,10 : 0.6721"
"10,3 : 0.6721"
"3,11 : 0.1"
"11,3 : 0.1"
"3,12 : 1.0651"
"12,3 : 1.0651"
"3,13 : 0.5704"
"13,3 : 0.5704"
"3,14 : 0.6903"
"14,3 : 0.6903"
"3,15 : 0.9045"
"15,3 : 0.9045"
"3,16 : 1.2729"
"16,3 : 1.2729"
"3,17 : 0.9481"
"17,3 : 0.9481"
"3,18 : 0.7823"
"18,3 : 0.7823"
"3,19 : 0.3023"
"19,3 : 0.3023"
"3,20 : 0.7083"
"20,3 : 0.7083"
"3,21 : 0.67"
"21,3 : 0.67"
"3,22 : 0.4243"
"22,3 : 0.4243"
"3,23 : 0.912"
"23,3 : 0.912"
"3,24 : 1.022"
"24,3 : 1.022"
"3,25 : 1.0678"
"25,3 : 1.0678"
"3,26 : 0.8382"
"26,3 : 0.8382"
"3,27 : 0.2236"
"27,3 : 0.2236"
"3,28 : 1.2375"
"28,3 : 1.2375"
"3,29 : 0.9304"
"29,3 : 0.9304"
"3,30 : 0.4119"
"30,3 : 0.4119"
"3,31 : 0.6835"
"31,3 : 0.6835"
"3,32 : 0.4802"
"32,3 : 0.4802"
"3,33 : 0.7157"
"33,3 : 0.7157"
"3,34 : 0.3489"
"34,3 : 0.3489"
"3,35 : 0.8215"
"35,3 : 0.8215"
"3,36 : 0.5608"
"36,3 : 0.5608"
"3,37 : 0.4653"
"37,3 : 0.4653"
"3,38 : 1.3105"
"38,3 : 1.3105"
"3,39 : 0.858"
"39,3 : 0.858"
"3,40 : 0.5855"
"40,3 : 0.5855"
"3,41 : 0.6801"
"41,3 : 0.6801"
"3,42 : 0.9265"
"42,3 : 0.9265"
"3,43 : 0.8839"
"43,3 : 0.8839"
"3,44 : 0.7603"
"44,3 : 0.7603"
"3,45 : 0.423"
"45,3 : 0.423"
"3,46 : 0.5423"
"46,3 : 0.5423"
"3,47 : 0.5381"
"47,3 : 0.5381"
"3,48 : 0.6454"
"48,3 : 0.6454"
"3,49 : 0.717"
"49,3 : 0.717"
"4,5 : 0.4366"
"5,4 : 0.4366"
"4,6 : 0.7211"
"6,4 : 0.7211"
"4,7 : 0.8052"
"7,4 : 0.8052"
"4,8 : 0.7295"
"8,4 : 0.7295"
"4,9 : 0.2508"
"9,4 : 0.2508"
"4,10 : 0.3883"
"10,4 : 0.3883"
"4,11 : 0.3801"
"11,4 : 0.3801"
"4,12 : 0.676"
"12,4 : 0.676"
"4,13 : 0.5841"
"13,4 : 0.5841"
"4,14 : 0.7046"
"14,4 : 0.7046"
"4,15 : 0.8415"
"15,4 : 0.8415"
"4,16 : 0.943"
"16,4 : 0.943"
"4,17 : 0.6705"
"17,4 : 0.6705"
"4,18 : 0.5515"
"18,4 : 0.5515"
"4,19 : 0.1432"
"19,4 : 0.1432"
"4,20 : 0.314"
"20,4 : 0.314"
"4,21 : 0.6768"
"21,4 : 0.6768"
"4,22 : 0.064"
"22,4 : 0.064"
"4,23 : 0.5324"
"23,4 : 0.5324"
"4,24 : 0.7463"
"24,4 : 0.7463"
"4,25 : 0.7479"
"25,4 : 0.7479"
"4,26 : 0.5805"
"26,4 : 0.5805"
"4,27 : 0.3574"
"27,4 : 0.3574"
"4,28 : 0.9097"
"28,4 : 0.9097"
"4,29 : 0.5438"
"29,4 : 0.5438"
"4,30 : 0.4534"
"30,4 : 0.4534"
"4,31 : 0.5482"
"31,4 : 0.5482"
"4,32 : 0.1432"
"32,4 : 0.1432"
"4,33 : 0.6103"
"33,4 : 0.6103"
"4,34 : 0.2973"
"34,4 : 0.2973"
"4,35 : 0.4682"
"35,4 : 0.4682"
"4,36 : 0.255"
"36,4 : 0.255"
"4,37 : 0.197"
"37,4 : 0.197"
"4,38 : 0.9683"
"38,4 : 0.9683"
"4,39 : 0.4652"
"39,4 : 0.4652"
"4,40 : 0.2759"
"40,4 : 0.2759"
"4,41 : 0.6907"
"41,4 : 0.6907"
"4,42 : 0.5315"
"42,4 : 0.5315"
"4,43 : 0.568"
"43,4 : 0.568"
"4,44 : 0.3905"
"44,4 : 0.3905"
"4,45 : 0.4528"
"45,4 : 0.4528"
"4,46 : 0.2263"
"46,4 : 0.2263"
"4,47 : 0.2508"
"47,4 : 0.2508"
"4,48 : 0.3821"
"48,4 : 0.3821"
"4,49 : 0.3891"
"49,4 : 0.3891"
"5,6 : 0.4501"
"6,5 : 0.4501"
"5,7 : 0.6641"
"7,5 : 0.6641"
"5,8 : 0.9043"
"8,5 : 0.9043"
"5,9 : 0.642"
"9,5 : 0.642"
"5,10 : 0.4022"
"10,5 : 0.4022"
"5,11 : 0.806"
"11,5 : 0.806"
"5,12 : 0.2546"
"12,5 : 0.2546"
"5,13 : 0.8301"
"13,5 : 0.8301"
"5,14 : 0.9171"
"14,5 : 0.9171"
"5,15 : 0.9485"
"15,5 : 0.9485"
"5,16 : 0.6413"
"16,5 : 0.6413"
"5,17 : 0.5331"
"17,5 : 0.5331"
"5,18 : 0.5449"
"18,5 : 0.5449"
"5,19 : 0.5474"
"19,5 : 0.5474"
"5,20 : 0.1414"
"20,5 : 0.1414"
"5,21 : 0.8901"
"21,5 : 0.8901"
"5,22 : 0.4206"
"22,5 : 0.4206"
"5,23 : 0.2332"
"23,5 : 0.2332"
"5,24 : 0.5882"
"24,5 : 0.5882"
"5,25 : 0.5016"
"25,5 : 0.5016"
"5,26 : 0.5161"
"26,5 : 0.5161"
"5,27 : 0.7511"
"27,5 : 0.7511"
"5,28 : 0.6166"
"28,5 : 0.6166"
"5,29 : 0.1487"
"29,5 : 0.1487"
"5,30 : 0.7649"
"30,5 : 0.7649"
"5,31 : 0.6685"
"31,5 : 0.6685"
"5,32 : 0.3801"
"32,5 : 0.3801"
"5,33 : 0.7382"
"33,5 : 0.7382"
"5,34 : 0.632"
"34,5 : 0.632"
"5,35 : 0.3114"
"35,5 : 0.3114"
"5,36 : 0.3736"
"36,5 : 0.3736"
"5,37 : 0.4667"
"37,5 : 0.4667"
"5,38 : 0.6389"
"38,5 : 0.6389"
"5,39 : 0.051"
"39,5 : 0.051"
"5,40 : 0.3996"
"40,5 : 0.3996"
"5,41 : 0.9035"
"41,5 : 0.9035"
"5,42 : 0.117"
"42,5 : 0.117"
"5,43 : 0.394"
"43,5 : 0.394"
"5,44 : 0.2419"
"44,5 : 0.2419"
"5,45 : 0.7571"
"45,5 : 0.7571"
"5,46 : 0.3982"
"46,5 : 0.3982"
"5,47 : 0.4026"
"47,5 : 0.4026"
"5,48 : 0.4357"
"48,5 : 0.4357"
"5,49 : 0.3124"
"49,5 : 0.3124"
"6,7 : 0.2691"
"7,6 : 0.2691"
"6,8 : 0.7511"
"8,6 : 0.7511"
"6,9 : 0.8043"
"9,6 : 0.8043"
"6,10 : 0.3883"
"10,6 : 0.3883"
"6,11 : 0.9902"
"11,6 : 0.9902"
"6,12 : 0.3302"
"12,6 : 0.3302"
"6,13 : 0.7728"
"13,6 : 0.7728"
"6,14 : 0.8002"
"14,6 : 0.8002"
"6,15 : 0.7157"
"15,6 : 0.7157"
"6,16 : 0.222"
"16,6 : 0.222"
"6,17 : 0.204"
"17,6 : 0.204"
"6,18 : 0.3635"
"18,6 : 0.3635"
"6,19 : 0.7566"
"19,6 : 0.7566"
"6,20 : 0.5573"
"20,6 : 0.5573"
"6,21 : 0.781"
"21,6 : 0.781"
"6,22 : 0.743"
"22,6 : 0.743"
"6,23 : 0.6629"
"23,6 : 0.6629"
"6,24 : 0.2025"
"24,6 : 0.2025"
"6,25 : 0.0583"
"25,6 : 0.0583"
"6,26 : 0.2915"
"26,6 : 0.2915"
"6,27 : 0.8875"
"27,6 : 0.8875"
"6,28 : 0.1887"
"28,6 : 0.1887"
"6,29 : 0.3158"
"29,6 : 0.3158"
"6,30 : 0.7985"
"30,6 : 0.7985"
"6,31 : 0.5445"
"31,6 : 0.5445"
"6,32 : 0.5903"
"32,6 : 0.5903"
"6,33 : 0.5903"
"33,6 : 0.5903"
"6,34 : 0.7378"
"34,6 : 0.7378"
"6,35 : 0.7611"
"35,6 : 0.7611"
"6,36 : 0.495"
"36,6 : 0.495"
"6,37 : 0.8431"
"37,6 : 0.8431"
"6,38 : 0.2561"
"38,6 : 0.2561"
"6,39 : 0.4005"
"39,6 : 0.4005"
"6,40 : 0.8149"
"40,6 : 0.8149"
"6,41 : 0.7906"
"41,6 : 0.7906"
"6,42 : 0.5045"
"42,6 : 0.5045"
"6,43 : 0.1749"
"43,6 : 0.1749"
"6,44 : 0.6903"
"44,6 : 0.6903"
"6,45 : 0.7855"
"45,6 : 0.7855"
"6,46 : 0.797"
"46,6 : 0.797"
"6,47 : 0.5166"
"47,6 : 0.5166"
"6,48 : 0.4219"
"48,6 : 0.4219"
"6,49 : 0.3397"
"49,6 : 0.3397"
"7,8 : 0.5675"
"8,7 : 0.5675"
"7,9 : 0.8045"
"9,7 : 0.8045"
"7,10 : 0.4176"
"10,7 : 0.4176"
"7,11 : 0.9801"
"11,7 : 0.9801"
"7,12 : 0.5955"
"12,7 : 0.5955"
"7,13 : 0.645"
"13,7 : 0.645"
"7,14 : 0.6325"
"14,7 : 0.6325"
"7,15 : 0.4901"
"15,7 : 0.4901"
"7,16 : 0.33"
"16,7 : 0.33"
"7,17 : 0.14"
"17,7 : 0.14"
"7,18 : 0.2802"
"18,7 : 0.2802"
"7,19 : 0.792"
"19,7 : 0.792"
"7,20 : 0.7382"
"20,7 : 0.7382"
"7,21 : 0.6203"
"21,7 : 0.6203"
"7,22 : 0.8453"
"22,7 : 0.8453"
"7,23 : 0.8932"
"23,7 : 0.8932"
"7,24 : 0.0762"
"24,7 : 0.0762"
"7,25 : 0.214"
"25,7 : 0.214"
"7,26 : 0.2285"
"26,7 : 0.2285"
"7,27 : 0.8605"
"27,7 : 0.8605"
"7,28 : 0.3007"
"28,7 : 0.3007"
"7,29 : 0.5547"
"29,7 : 0.5547"
"7,30 : 0.7225"
"30,7 : 0.7225"
"7,31 : 0.422"
"31,7 : 0.422"
"7,32 : 0.6622"
"32,7 : 0.6622"
"7,33 : 0.4383"
"33,7 : 0.4383"
"7,34 : 0.7161"
"34,7 : 0.7161"
"7,35 : 0.9702"
"35,7 : 0.9702"
"7,36 : 0.5508"
"36,7 : 0.5508"
"7,37 : 0.9675"
"37,7 : 0.9675"
"7,38 : 0.4005"
"38,7 : 0.4005"
"7,39 : 0.6203"
"39,7 : 0.6203"
"7,40 : 0.97"
"40,7 : 0.97"
"7,41 : 0.6263"
"41,7 : 0.6263"
"7,42 : 0.7425"
"42,7 : 0.7425"
"7,43 : 0.2746"
"43,7 : 0.2746"
"7,44 : 0.8884"
"44,7 : 0.8884"
"7,45 : 0.7084"
"45,7 : 0.7084"
"7,46 : 0.9409"
"46,7 : 0.9409"
"7,47 : 0.5597"
"47,7 : 0.5597"
"7,48 : 0.4308"
"48,7 : 0.4308"
"7,49 : 0.431"
"49,7 : 0.431"
"8,9 : 0.5532"
"9,8 : 0.5532"
"8,10 : 0.5025"
"10,8 : 0.5025"
"8,11 : 0.6507"
"11,8 : 0.6507"
"8,12 : 0.9898"
"12,8 : 0.9898"
"8,13 : 0.1803"
"13,8 : 0.1803"
"8,14 : 0.0781"
"14,8 : 0.0781"
"8,15 : 0.1616"
"15,8 : 0.1616"
"8,16 : 0.8911"
"16,8 : 0.8911"
"8,17 : 0.55"
"17,8 : 0.55"
"8,18 : 0.4002"
"18,8 : 0.4002"
"8,19 : 0.6203"
"19,8 : 0.6203"
"8,20 : 0.8853"
"20,8 : 0.8853"
"8,21 : 0.0854"
"21,8 : 0.0854"
"8,22 : 0.7926"
"22,8 : 0.7926"
"8,23 : 1.1183"
"23,8 : 1.1183"
"8,24 : 0.5842"
"24,8 : 0.5842"
"8,25 : 0.7201"
"25,8 : 0.7201"
"8,26 : 0.4653"
"26,8 : 0.4653"
"8,27 : 0.5301"
"27,8 : 0.5301"
"8,28 : 0.8584"
"28,8 : 0.8584"
"8,29 : 0.8824"
"29,8 : 0.8824"
"8,30 : 0.3401"
"30,8 : 0.3401"
"8,31 : 0.2371"
"31,8 : 0.2371"
"8,32 : 0.628"
"32,8 : 0.628"
"8,33 : 0.1709"
"33,8 : 0.1709"
"8,34 : 0.4588"
"34,8 : 0.4588"
"8,35 : 1.1243"
"35,8 : 1.1243"
"8,36 : 0.5587"
"36,8 : 0.5587"
"8,37 : 0.9259"
"37,8 : 0.9259"
"8,38 : 0.9575"
"38,8 : 0.9575"
"8,39 : 0.8868"
"39,8 : 0.8868"
"8,40 : 0.9957"
"40,8 : 0.9957"
"8,41 : 0.0806"
"41,8 : 0.0806"
"8,42 : 1.0187"
"42,8 : 1.0187"
"8,43 : 0.6139"
"43,8 : 0.6139"
"8,44 : 1.0324"
"44,8 : 1.0324"
"8,45 : 0.3306"
"45,8 : 0.3306"
"8,46 : 0.9487"
"46,8 : 0.9487"
"8,47 : 0.5376"
"47,8 : 0.5376"
"8,48 : 0.4687"
"48,8 : 0.4687"
"8,49 : 0.5954"
"49,8 : 0.5954"
"9,10 : 0.4177"
"10,9 : 0.4177"
"9,11 : 0.186"
"11,9 : 0.186"
"9,12 : 0.8516"
"12,9 : 0.8516"
"9,13 : 0.3828"
"13,9 : 0.3828"
"9,14 : 0.5092"
"14,9 : 0.5092"
"9,15 : 0.6926"
"15,9 : 0.6926"
"9,16 : 1.0198"
"16,9 : 1.0198"
"9,17 : 0.6903"
"17,9 : 0.6903"
"9,18 : 0.5248"
"18,9 : 0.5248"
"9,19 : 0.1077"
"19,9 : 0.1077"
"9,20 : 0.5423"
"20,9 : 0.5423"
"9,21 : 0.4838"
"21,9 : 0.4838"
"9,22 : 0.3089"
"22,9 : 0.3089"
"9,23 : 0.7747"
"23,9 : 0.7747"
"9,24 : 0.764"
"24,9 : 0.764"
"9,25 : 0.8139"
"25,9 : 0.8139"
"9,26 : 0.5801"
"26,9 : 0.5801"
"9,27 : 0.1105"
"27,9 : 0.1105"
"9,28 : 0.9841"
"28,9 : 0.9841"
"9,29 : 0.7157"
"29,9 : 0.7157"
"9,30 : 0.2283"
"30,9 : 0.2283"
"9,31 : 0.4393"
"31,9 : 0.4393"
"9,32 : 0.2631"
"32,9 : 0.2631"
"9,33 : 0.4817"
"33,9 : 0.4817"
"9,34 : 0.1005"
"34,9 : 0.1005"
"9,35 : 0.7187"
"35,9 : 0.7187"
"9,36 : 0.3176"
"36,9 : 0.3176"
"9,37 : 0.4177"
"37,9 : 0.4177"
"9,38 : 1.0604"
"38,9 : 1.0604"
"9,39 : 0.6576"
"39,9 : 0.6576"
"9,40 : 0.5187"
"40,9 : 0.5187"
"9,41 : 0.4965"
"41,9 : 0.4965"
"9,42 : 0.7501"
"42,9 : 0.7501"
"9,43 : 0.6313"
"43,9 : 0.6313"
"9,44 : 0.6389"
"44,9 : 0.6389"
"9,45 : 0.2326"
"45,9 : 0.2326"
"9,46 : 0.4687"
"46,9 : 0.4687"
"9,47 : 0.2915"
"47,9 : 0.2915"
"9,48 : 0.389"
"48,9 : 0.389"
"9,49 : 0.4717"
"49,9 : 0.4717"
"10,11 : 0.6031"
"11,10 : 0.6031"
"10,12 : 0.5124"
"12,10 : 0.5124"
"10,13 : 0.4472"
"13,10 : 0.4472"
"10,14 : 0.52"
"14,10 : 0.52"
"10,15 : 0.5523"
"15,10 : 0.5523"
"10,16 : 0.6021"
"16,10 : 0.6021"
"10,17 : 0.2864"
"17,10 : 0.2864"
"10,18 : 0.1746"
"18,10 : 0.1746"
"10,19 : 0.3828"
"19,10 : 0.3828"
"10,20 : 0.4022"
"20,10 : 0.4022"
"10,21 : 0.494"
"21,10 : 0.494"
"10,22 : 0.4319"
"22,10 : 0.4319"
"10,23 : 0.6224"
"23,10 : 0.6224"
"10,24 : 0.3625"
"24,10 : 0.3625"
"10,25 : 0.3962"
"25,10 : 0.3962"
"10,26 : 0.1924"
"26,10 : 0.1924"
"10,27 : 0.4993"
"27,10 : 0.4993"
"10,28 : 0.5664"
"28,10 : 0.5664"
"10,29 : 0.3905"
"29,10 : 0.3905"
"10,30 : 0.4276"
"30,10 : 0.4276"
"10,31 : 0.2663"
"31,10 : 0.2663"
"10,32 : 0.2452"
"32,10 : 0.2452"
"10,33 : 0.336"
"33,10 : 0.336"
"10,34 : 0.3499"
"34,10 : 0.3499"
"10,35 : 0.649"
"35,10 : 0.649"
"10,36 : 0.1334"
"36,10 : 0.1334"
"10,37 : 0.56"
"37,10 : 0.56"
"10,38 : 0.644"
"38,10 : 0.644"
"10,39 : 0.3847"
"39,10 : 0.3847"
"10,40 : 0.5825"
"40,10 : 0.5825"
"10,41 : 0.507"
"41,10 : 0.507"
"10,42 : 0.5162"
"42,10 : 0.5162"
"10,43 : 0.214"
"43,10 : 0.214"
"10,44 : 0.5576"
"44,10 : 0.5576"
"10,45 : 0.4159"
"45,10 : 0.4159"
"10,46 : 0.5459"
"46,10 : 0.5459"
"10,47 : 0.1432"
"47,10 : 0.1432"
"10,48 : 0.04"
"48,10 : 0.04"
"10,49 : 0.0949"
"49,10 : 0.0949"
"11,12 : 1.0279"
"12,11 : 1.0279"
"11,13 : 0.4704"
"13,11 : 0.4704"
"11,14 : 0.5903"
"14,11 : 0.5903"
"11,15 : 0.805"
"15,11 : 0.805"
"11,16 : 1.2051"
"16,11 : 1.2051"
"11,17 : 0.8711"
"17,11 : 0.8711"
"11,18 : 0.7"
"18,11 : 0.7"
"11,19 : 0.2596"
"19,11 : 0.2596"
"11,20 : 0.6926"
"20,11 : 0.6926"
"11,21 : 0.57"
"21,11 : 0.57"
"11,22 : 0.4219"
"22,11 : 0.4219"
"11,23 : 0.9109"
"23,11 : 0.9109"
"11,24 : 0.9437"
"24,11 : 0.9437"
"11,25 : 0.999"
"25,11 : 0.999"
"11,26 : 0.7593"
"26,11 : 0.7593"
"11,27 : 0.1265"
"27,11 : 0.1265"
"11,28 : 1.1693"
"28,11 : 1.1693"
"11,29 : 0.892"
"29,11 : 0.892"
"11,30 : 0.3126"
"30,11 : 0.3126"
"11,31 : 0.5909"
"31,11 : 0.5909"
"11,32 : 0.4366"
"32,11 : 0.4366"
"11,33 : 0.6198"
"33,11 : 0.6198"
"11,34 : 0.264"
"34,11 : 0.264"
"11,35 : 0.8336"
"35,11 : 0.8336"
"11,36 : 0.5025"
"36,11 : 0.5025"
"11,37 : 0.4904"
"37,11 : 0.4904"
"11,38 : 1.2463"
"38,11 : 1.2463"
"11,39 : 0.8271"
"39,11 : 0.8271"
"11,40 : 0.6073"
"40,11 : 0.6073"
"11,41 : 0.5801"
"41,11 : 0.5801"
"11,42 : 0.908"
"42,11 : 0.908"
"11,43 : 0.8169"
"43,11 : 0.8169"
"11,44 : 0.7642"
"44,11 : 0.7642"
"11,45 : 0.3239"
"45,11 : 0.3239"
"11,46 : 0.5604"
"46,11 : 0.5604"
"11,47 : 0.4771"
"47,11 : 0.4771"
"11,48 : 0.5731"
"48,11 : 0.5731"
"11,49 : 0.6573"
"49,11 : 0.6573"
"12,13 : 0.9589"
"13,12 : 0.9589"
"12,14 : 1.0211"
"14,12 : 1.0211"
"12,15 : 0.993"
"15,12 : 0.993"
"12,16 : 0.454"
"16,12 : 0.454"
"12,17 : 0.4982"
"17,12 : 0.4982"
"12,18 : 0.5924"
"18,12 : 0.5924"
"12,19 : 0.769"
"19,12 : 0.769"
"12,20 : 0.396"
"20,12 : 0.396"
"12,21 : 0.9969"
"21,12 : 0.9969"
"12,22 : 0.6685"
"22,12 : 0.6685"
"12,23 : 0.3847"
"23,12 : 0.3847"
"12,24 : 0.5235"
"24,12 : 0.5235"
"12,25 : 0.3883"
"25,12 : 0.3883"
"12,26 : 0.5367"
"26,12 : 0.5367"
"12,27 : 0.9557"
"27,12 : 0.9557"
"12,28 : 0.4393"
"28,12 : 0.4393"
"12,29 : 0.136"
"29,12 : 0.136"
"12,30 : 0.9305"
"30,12 : 0.9305"
"12,31 : 0.7569"
"31,12 : 0.7569"
"12,32 : 0.5914"
"32,12 : 0.5914"
"12,33 : 0.8191"
"33,12 : 0.8191"
"12,34 : 0.8204"
"34,12 : 0.8204"
"12,35 : 0.5124"
"35,12 : 0.5124"
"12,36 : 0.5459"
"36,12 : 0.5459"
"12,37 : 0.7212"
"37,12 : 0.7212"
"12,38 : 0.4301"
"38,12 : 0.4301"
"12,39 : 0.214"
"39,12 : 0.214"
"12,40 : 0.65"
"40,12 : 0.65"
"12,41 : 1.009"
"41,12 : 1.009"
"12,42 : 0.2309"
"42,12 : 0.2309"
"12,43 : 0.3847"
"43,12 : 0.3847"
"12,44 : 0.4696"
"44,12 : 0.4696"
"12,45 : 0.9202"
"45,12 : 0.9202"
"12,46 : 0.6519"
"46,12 : 0.6519"
"12,47 : 0.5756"
"47,12 : 0.5756"
"12,48 : 0.5523"
"48,12 : 0.5523"
"12,49 : 0.4205"
"49,12 : 0.4205"
"13,14 : 0.1265"
"14,13 : 0.1265"
"13,15 : 0.3373"
"15,13 : 0.3373"
"13,16 : 0.9458"
"16,13 : 0.9458"
"13,17 : 0.5882"
"17,13 : 0.5882"
"13,18 : 0.41"
"18,13 : 0.41"
"13,19 : 0.4614"
"19,13 : 0.4614"
"13,20 : 0.7855"
"20,13 : 0.7855"
"13,21 : 0.102"
"21,13 : 0.102"
"13,22 : 0.6482"
"22,13 : 0.6482"
"13,23 : 1.0258"
"23,13 : 1.0258"
"13,24 : 0.6408"
"24,13 : 0.6408"
"13,25 : 0.7543"
"25,13 : 0.7543"
"13,26 : 0.4827"
"26,13 : 0.4827"
"13,27 : 0.3506"
"27,13 : 0.3506"
"13,28 : 0.9108"
"28,13 : 0.9108"
"13,29 : 0.8374"
"29,13 : 0.8374"
"13,30 : 0.1612"
"30,13 : 0.1612"
"13,31 : 0.2309"
"31,13 : 0.2309"
"13,32 : 0.5045"
"32,13 : 0.5045"
"13,33 : 0.2081"
"33,13 : 0.2081"
"13,34 : 0.2953"
"34,13 : 0.2953"
"13,35 : 1.0121"
"35,13 : 1.0121"
"13,36 : 0.4607"
"36,13 : 0.4607"
"13,37 : 0.7767"
"37,13 : 0.7767"
"13,38 : 1.0058"
"38,13 : 1.0058"
"13,39 : 0.8222"
"39,13 : 0.8222"
"13,40 : 0.858"
"40,13 : 0.858"
"13,41 : 0.114"
"41,13 : 0.114"
"13,42 : 0.947"
"42,13 : 0.947"
"13,43 : 0.612"
"43,13 : 0.612"
"13,44 : 0.922"
"44,13 : 0.922"
"13,45 : 0.153"
"45,13 : 0.153"
"13,46 : 0.8092"
"46,13 : 0.8092"
"13,47 : 0.4342"
"47,13 : 0.4342"
"13,48 : 0.4079"
"48,13 : 0.4079"
"13,49 : 0.5413"
"49,13 : 0.5413"
"14,15 : 0.2371"
"15,14 : 0.2371"
"14,16 : 0.9513"
"16,14 : 0.9513"
"14,17 : 0.603"
"17,14 : 0.603"
"14,18 : 0.441"
"18,14 : 0.441"
"14,19 : 0.5859"
"19,14 : 0.5859"
"14,20 : 0.886"
"20,14 : 0.886"
"14,21 : 0.0283"
"21,14 : 0.0283"
"14,22 : 0.7684"
"22,14 : 0.7684"
"14,23 : 1.1233"
"23,14 : 1.1233"
"14,24 : 0.6433"
"24,14 : 0.6433"
"14,25 : 0.7732"
"25,14 : 0.7732"
"14,26 : 0.5101"
"26,14 : 0.5101"
"14,27 : 0.4738"
"27,14 : 0.4738"
"14,28 : 0.9178"
"28,14 : 0.9178"
"14,29 : 0.9076"
"29,14 : 0.9076"
"14,30 : 0.2864"
"30,14 : 0.2864"
"14,31 : 0.2648"
"31,14 : 0.2648"
"14,32 : 0.6152"
"32,14 : 0.6152"
"14,33 : 0.21"
"33,14 : 0.21"
"14,34 : 0.4205"
"34,14 : 0.4205"
"14,35 : 1.1195"
"35,14 : 1.1195"
"14,36 : 0.558"
"36,14 : 0.558"
"14,37 : 0.8989"
"37,14 : 0.8989"
"14,38 : 1.0161"
"38,14 : 1.0161"
"14,39 : 0.9038"
"39,14 : 0.9038"
"14,40 : 0.9762"
"40,14 : 0.9762"
"14,41 : 0.0141"
"41,14 : 0.0141"
"14,42 : 1.0331"
"42,14 : 1.0331"
"14,43 : 0.6538"
"43,14 : 0.6538"
"14,44 : 1.0283"
"44,14 : 1.0283"
"14,45 : 0.2789"
"45,14 : 0.2789"
"14,46 : 0.928"
"46,14 : 0.928"
"14,47 : 0.5341"
"47,14 : 0.5341"
"14,48 : 0.4833"
"48,14 : 0.4833"
"14,49 : 0.6147"
"49,14 : 0.6147"
"15,16 : 0.8201"
"16,15 : 0.8201"
"15,17 : 0.5124"
"17,15 : 0.5124"
"15,18 : 0.408"
"18,15 : 0.408"
"15,19 : 0.7473"
"19,15 : 0.7473"
"15,20 : 0.9527"
"20,15 : 0.9527"
"15,21 : 0.247"
"21,15 : 0.247"
"15,22 : 0.9025"
"22,15 : 0.9025"
"15,23 : 1.1739"
"23,15 : 1.1739"
"15,24 : 0.5261"
"24,15 : 0.5261"
"15,25 : 0.6747"
"25,15 : 0.6747"
"15,26 : 0.4565"
"26,15 : 0.4565"
"15,27 : 0.6818"
"27,15 : 0.6818"
"15,28 : 0.7906"
"28,15 : 0.7906"
"15,29 : 0.9014"
"29,15 : 0.9014"
"15,30 : 0.4925"
"30,15 : 0.4925"
"15,31 : 0.3002"
"31,15 : 0.3002"
"15,32 : 0.7245"
"32,15 : 0.7245"
"15,33 : 0.2326"
"33,15 : 0.2326"
"15,34 : 0.5941"
"34,15 : 0.5941"
"15,35 : 1.1981"
"35,15 : 1.1981"
"15,36 : 0.6381"
"36,15 : 0.6381"
"15,37 : 1.0382"
"37,15 : 1.0382"
"15,38 : 0.8905"
"38,15 : 0.8905"
"15,39 : 0.9231"
"39,15 : 0.9231"
"15,40 : 1.0957"
"40,15 : 1.0957"
"15,41 : 0.2417"
"41,15 : 0.2417"
"15,42 : 1.0576"
"42,15 : 1.0576"
"15,43 : 0.6083"
"43,15 : 0.6083"
"15,44 : 1.106"
"44,15 : 1.106"
"15,45 : 0.4817"
"45,15 : 0.4817"
"15,46 : 1.0512"
"46,15 : 1.0512"
"15,47 : 0.6227"
"47,15 : 0.6227"
"15,48 : 0.5263"
"48,15 : 0.5263"
"15,49 : 0.6366"
"49,15 : 0.6366"
"16,17 : 0.3585"
"17,16 : 0.3585"
"16,18 : 0.5413"
"18,16 : 0.5413"
"16,19 : 0.9767"
"19,16 : 0.9767"
"16,20 : 0.7624"
"20,16 : 0.7624"
"16,21 : 0.9362"
"21,16 : 0.9362"
"16,22 : 0.9638"
"22,16 : 0.9638"
"16,23 : 0.83"
"23,16 : 0.83"
"16,24 : 0.3081"
"24,16 : 0.3081"
"16,25 : 0.2062"
"25,16 : 0.2062"
"16,26 : 0.4696"
"26,16 : 0.4696"
"16,27 : 1.0981"
"27,16 : 1.0981"
"16,28 : 0.0361"
"28,16 : 0.0361"
"16,29 : 0.495"
"29,16 : 0.495"
"16,30 : 0.9936"
"30,16 : 0.9936"
"16,31 : 0.7151"
"31,16 : 0.7151"
"16,32 : 0.8122"
"32,16 : 0.8122"
"16,33 : 0.7473"
"33,16 : 0.7473"
"16,34 : 0.9481"
"34,16 : 0.9481"
"16,35 : 0.9443"
"35,16 : 0.9443"
"16,36 : 0.7151"
"36,16 : 0.7151"
"16,37 : 1.0602"
"37,16 : 1.0602"
"16,38 : 0.0728"
"38,16 : 0.0728"
"16,39 : 0.5903"
"39,16 : 0.5903"
"16,40 : 1.0246"
"40,16 : 1.0246"
"16,41 : 0.9437"
"41,16 : 0.9437"
"16,42 : 0.6701"
"42,16 : 0.6701"
"16,43 : 0.389"
"43,16 : 0.389"
"16,44 : 0.8828"
"44,16 : 0.8828"
"16,45 : 0.9801"
"45,16 : 0.9801"
"16,46 : 1.0102"
"46,16 : 1.0102"
"16,47 : 0.7355"
"47,16 : 0.7355"
"16,48 : 0.6325"
"48,16 : 0.6325"
"16,49 : 0.5608"
"49,16 : 0.5608"
"17,18 : 0.1836"
"18,17 : 0.1836"
"17,19 : 0.6673"
"19,17 : 0.6673"
"17,20 : 0.6002"
"20,17 : 0.6002"
"17,21 : 0.5855"
"21,17 : 0.5855"
"17,22 : 0.7083"
"22,17 : 0.7083"
"17,23 : 0.7649"
"23,17 : 0.7649"
"17,24 : 0.0762"
"24,17 : 0.0762"
"17,25 : 0.1703"
"25,17 : 0.1703"
"17,26 : 0.114"
"26,17 : 0.114"
"17,27 : 0.7566"
"27,17 : 0.7566"
"17,28 : 0.3231"
"28,17 : 0.3231"
"17,29 : 0.436"
"29,17 : 0.436"
"17,30 : 0.6381"
"30,17 : 0.6381"
"17,31 : 0.3574"
"31,17 : 0.3574"
"17,32 : 0.5281"
"32,17 : 0.5281"
"17,33 : 0.3946"
"33,17 : 0.3946"
"17,34 : 0.6083"
"34,17 : 0.6083"
"17,35 : 0.8352"
"35,17 : 0.8352"
"17,36 : 0.4179"
"36,17 : 0.4179"
"17,37 : 0.8287"
"37,17 : 0.8287"
"17,38 : 0.4176"
"38,17 : 0.4176"
"17,39 : 0.4919"
"39,17 : 0.4919"
"17,40 : 0.83"
"40,17 : 0.83"
"17,41 : 0.5941"
"41,17 : 0.5941"
"17,42 : 0.6191"
"42,17 : 0.6191"
"17,43 : 0.1393"
"43,17 : 0.1393"
"17,44 : 0.7519"
"44,17 : 0.7519"
"17,45 : 0.6243"
"45,17 : 0.6243"
"17,46 : 0.801"
"46,17 : 0.801"
"17,47 : 0.4295"
"47,17 : 0.4295"
"17,48 : 0.3053"
"48,17 : 0.3053"
"17,49 : 0.2915"
"49,17 : 0.2915"
"18,19 : 0.5187"
"19,18 : 0.5187"
"18,20 : 0.5682"
"20,18 : 0.5682"
"18,21 : 0.4201"
"21,18 : 0.4201"
"18,22 : 0.6"
"22,18 : 0.6"
"18,23 : 0.7747"
"23,18 : 0.7747"
"18,24 : 0.2484"
"24,18 : 0.2484"
"18,25 : 0.3448"
"25,18 : 0.3448"
"18,26 : 0.0728"
"26,18 : 0.0728"
"18,27 : 0.5814"
"27,18 : 0.5814"
"18,28 : 0.5057"
"28,18 : 0.5057"
"18,29 : 0.494"
"29,18 : 0.494"
"18,30 : 0.4549"
"30,18 : 0.4549"
"18,31 : 0.1811"
"31,18 : 0.1811"
"18,32 : 0.4101"
"32,18 : 0.4101"
"18,33 : 0.2319"
"33,18 : 0.2319"
"18,34 : 0.436"
"34,18 : 0.436"
"18,35 : 0.8149"
"35,18 : 0.8149"
"18,36 : 0.3002"
"36,18 : 0.3002"
"18,37 : 0.7311"
"37,18 : 0.7311"
"18,38 : 0.5981"
"38,18 : 0.5981"
"18,39 : 0.5166"
"39,18 : 0.5166"
"18,40 : 0.7571"
"40,18 : 0.7571"
"18,41 : 0.4305"
"41,18 : 0.4305"
"18,42 : 0.6512"
"42,18 : 0.6512"
"18,43 : 0.2138"
"43,18 : 0.2138"
"18,44 : 0.7247"
"44,18 : 0.7247"
"18,45 : 0.441"
"45,18 : 0.441"
"18,46 : 0.7201"
"46,18 : 0.7201"
"18,47 : 0.3007"
"47,18 : 0.3007"
"18,48 : 0.17"
"48,18 : 0.17"
"18,49 : 0.2385"
"49,18 : 0.2385"
"19,20 : 0.4401"
"20,19 : 0.4401"
"19,21 : 0.559"
"21,19 : 0.559"
"19,22 : 0.2025"
"22,19 : 0.2025"
"19,23 : 0.6691"
"23,19 : 0.6691"
"19,24 : 0.743"
"24,19 : 0.743"
"19,25 : 0.7734"
"25,19 : 0.7734"
"19,26 : 0.5636"
"26,19 : 0.5636"
"19,27 : 0.2159"
"27,19 : 0.2159"
"19,28 : 0.9418"
"28,19 : 0.9418"
"19,29 : 0.6332"
"29,19 : 0.6332"
"19,30 : 0.3189"
"30,19 : 0.3189"
"19,31 : 0.4701"
"31,19 : 0.4701"
"19,32 : 0.1789"
"32,19 : 0.1789"
"19,33 : 0.5235"
"33,19 : 0.5235"
"19,34 : 0.1664"
"34,19 : 0.1664"
"19,35 : 0.611"
"35,19 : 0.611"
"19,36 : 0.2617"
"36,19 : 0.2617"
"19,37 : 0.3189"
"37,19 : 0.3189"
"19,38 : 1.0114"
"38,19 : 1.0114"
"19,39 : 0.5675"
"39,19 : 0.5675"
"19,40 : 0.414"
"40,19 : 0.414"
"19,41 : 0.5725"
"41,19 : 0.5725"
"19,42 : 0.6519"
"42,19 : 0.6519"
"19,43 : 0.589"
"43,19 : 0.589"
"19,44 : 0.5316"
"44,19 : 0.5316"
"19,45 : 0.3202"
"45,19 : 0.3202"
"19,46 : 0.364"
"46,19 : 0.364"
"19,47 : 0.2421"
"47,19 : 0.2421"
"19,48 : 0.3624"
"48,19 : 0.3624"
"19,49 : 0.4173"
"49,19 : 0.4173"
"20,21 : 0.858"
"21,20 : 0.858"
"20,22 : 0.2879"
"22,20 : 0.2879"
"20,23 : 0.2417"
"23,20 : 0.2417"
"20,24 : 0.6648"
"24,20 : 0.6648"
"20,25 : 0.603"
"25,20 : 0.603"
"20,26 : 0.5571"
"26,20 : 0.5571"
"20,27 : 0.6528"
"27,20 : 0.6528"
"20,28 : 0.735"
"28,20 : 0.735"
"20,29 : 0.283"
"29,20 : 0.283"
"20,30 : 0.6964"
"30,20 : 0.6964"
"20,31 : 0.658"
"31,20 : 0.658"
"20,32 : 0.2941"
"32,20 : 0.2941"
"20,33 : 0.7286"
"33,20 : 0.7286"
"20,34 : 0.5508"
"34,20 : 0.5508"
"20,35 : 0.247"
"35,20 : 0.247"
"20,36 : 0.328"
"36,20 : 0.328"
"20,37 : 0.3253"
"37,20 : 0.3253"
"20,38 : 0.7669"
"38,20 : 0.7669"
"20,39 : 0.186"
"39,20 : 0.186"
"20,40 : 0.264"
"40,20 : 0.264"
"20,41 : 0.872"
"41,20 : 0.872"
"20,42 : 0.2184"
"42,20 : 0.2184"
"20,43 : 0.4639"
"43,20 : 0.4639"
"20,44 : 0.1565"
"44,20 : 0.1565"
"20,45 : 0.6908"
"45,20 : 0.6908"
"20,46 : 0.2581"
"46,20 : 0.2581"
"20,47 : 0.3523"
"47,20 : 0.3523"
"20,48 : 0.4264"
"48,20 : 0.4264"
"20,49 : 0.3311"
"49,20 : 0.3311"
"21,22 : 0.7406"
"22,21 : 0.7406"
"21,23 : 1.0955"
"23,21 : 1.0955"
"21,24 : 0.6282"
"24,21 : 0.6282"
"21,25 : 0.7554"
"25,21 : 0.7554"
"21,26 : 0.4901"
"26,21 : 0.4901"
"21,27 : 0.4518"
"27,21 : 0.4518"
"21,28 : 0.9024"
"28,21 : 0.9024"
"21,29 : 0.8823"
"29,21 : 0.8823"
"21,30 : 0.2631"
"30,21 : 0.2631"
"21,31 : 0.2419"
"31,21 : 0.2419"
"21,32 : 0.5869"
"32,21 : 0.5869"
"21,33 : 0.191"
"33,21 : 0.191"
"21,34 : 0.394"
"34,21 : 0.394"
"21,35 : 1.0912"
"35,21 : 1.0912"
"21,36 : 0.5301"
"36,21 : 0.5301"
"21,37 : 0.8713"
"37,21 : 0.8713"
"21,38 : 1.0002"
"38,21 : 1.0002"
"21,39 : 0.8773"
"39,21 : 0.8773"
"21,40 : 0.9481"
"40,21 : 0.9481"
"21,41 : 0.0141"
"41,21 : 0.0141"
"21,42 : 1.0062"
"42,21 : 1.0062"
"21,43 : 0.632"
"43,21 : 0.632"
"21,44 : 1.0"
"44,21 : 1.0"
"21,45 : 0.255"
"45,21 : 0.255"
"21,46 : 0.9"
"46,21 : 0.9"
"21,47 : 0.5061"
"47,21 : 0.5061"
"21,48 : 0.4569"
"48,21 : 0.4569"
"21,49 : 0.5887"
"49,21 : 0.5887"
"22,23 : 0.49"
"23,22 : 0.49"
"22,24 : 0.7834"
"24,22 : 0.7834"
"22,25 : 0.7739"
"25,22 : 0.7739"
"22,26 : 0.6239"
"26,22 : 0.6239"
"22,27 : 0.4123"
"27,22 : 0.4123"
"22,28 : 0.9315"
"28,22 : 0.9315"
"22,29 : 0.5404"
"29,22 : 0.5404"
"22,30 : 0.5166"
"30,22 : 0.5166"
"22,31 : 0.6073"
"31,22 : 0.6073"
"22,32 : 0.1903"
"32,22 : 0.1903"
"22,33 : 0.6707"
"33,22 : 0.6707"
"22,34 : 0.3607"
"34,22 : 0.3607"
"22,35 : 0.4148"
"35,22 : 0.4148"
"22,36 : 0.3002"
"36,22 : 0.3002"
"22,37 : 0.136"
"37,22 : 0.136"
"22,38 : 0.9847"
"38,22 : 0.9847"
"22,39 : 0.4549"
"39,22 : 0.4549"
"22,40 : 0.2126"
"40,22 : 0.2126"
"22,41 : 0.7545"
"41,22 : 0.7545"
"22,42 : 0.506"
"42,22 : 0.506"
"22,43 : 0.5981"
"43,22 : 0.5981"
"22,44 : 0.3423"
"44,22 : 0.3423"
"22,45 : 0.5162"
"45,22 : 0.5162"
"22,46 : 0.1628"
"46,22 : 0.1628"
"22,47 : 0.3007"
"47,22 : 0.3007"
"22,48 : 0.43"
"48,22 : 0.43"
"22,49 : 0.4206"
"49,22 : 0.4206"
"23,24 : 0.8171"
"24,23 : 0.8171"
"23,25 : 0.7181"
"25,23 : 0.7181"
"23,26 : 0.7489"
"26,23 : 0.7489"
"23,27 : 0.8846"
"27,23 : 0.8846"
"23,28 : 0.8106"
"28,23 : 0.8106"
"23,29 : 0.3471"
"29,23 : 0.3471"
"23,30 : 0.9378"
"30,23 : 0.9378"
"23,31 : 0.8862"
"31,23 : 0.8862"
"23,32 : 0.5349"
"32,23 : 0.5349"
"23,33 : 0.9567"
"33,23 : 0.9567"
"23,34 : 0.7906"
"34,23 : 0.7906"
"23,35 : 0.1421"
"35,23 : 0.1421"
"23,36 : 0.566"
"36,23 : 0.566"
"23,37 : 0.4684"
"37,23 : 0.4684"
"23,38 : 0.813"
"38,23 : 0.813"
"23,39 : 0.2731"
"39,23 : 0.2731"
"23,40 : 0.3585"
"40,23 : 0.3585"
"23,41 : 1.1094"
"41,23 : 1.1094"
"23,42 : 0.1603"
"42,23 : 0.1603"
"23,43 : 0.6261"
"43,23 : 0.6261"
"23,44 : 0.1552"
"44,23 : 0.1552"
"23,45 : 0.9323"
"45,23 : 0.9323"
"23,46 : 0.386"
"46,23 : 0.386"
"23,47 : 0.5917"
"47,23 : 0.5917"
"23,48 : 0.6519"
"48,23 : 0.6519"
"23,49 : 0.5381"
"49,23 : 0.5381"
"24,25 : 0.1523"
"25,24 : 0.1523"
"24,26 : 0.1844"
"26,24 : 0.1844"
"24,27 : 0.8276"
"27,24 : 0.8276"
"24,28 : 0.2746"
"28,24 : 0.2746"
"24,29 : 0.4789"
"29,24 : 0.4789"
"24,30 : 0.7021"
"30,24 : 0.7021"
"24,31 : 0.4115"
"31,24 : 0.4115"
"24,32 : 0.6041"
"32,24 : 0.6041"
"24,33 : 0.4397"
"33,24 : 0.4397"
"24,34 : 0.6801"
"34,24 : 0.6801"
"24,35 : 0.895"
"35,24 : 0.895"
"24,36 : 0.494"
"36,24 : 0.494"
"24,37 : 0.9026"
"37,24 : 0.9026"
"24,38 : 0.3734"
"38,24 : 0.3734"
"24,39 : 0.5442"
"39,24 : 0.5442"
"24,40 : 0.9005"
"40,24 : 0.9005"
"24,41 : 0.6356"
"41,24 : 0.6356"
"24,42 : 0.6664"
"42,24 : 0.6664"
"24,43 : 0.201"
"43,24 : 0.201"
"24,44 : 0.8139"
"44,24 : 0.8139"
"24,45 : 0.6882"
"45,24 : 0.6882"
"24,46 : 0.8728"
"46,24 : 0.8728"
"24,47 : 0.5057"
"47,24 : 0.5057"
"24,48 : 0.3808"
"48,24 : 0.3808"
"24,49 : 0.365"
"49,24 : 0.365"
"25,26 : 0.272"
"26,25 : 0.272"
"25,27 : 0.892"
"27,25 : 0.892"
"25,28 : 0.1703"
"28,25 : 0.1703"
"25,29 : 0.3711"
"29,25 : 0.3711"
"25,30 : 0.7916"
"30,25 : 0.7916"
"25,31 : 0.5239"
"31,25 : 0.5239"
"25,32 : 0.6129"
"32,25 : 0.6129"
"25,33 : 0.5644"
"33,25 : 0.5644"
"25,34 : 0.742"
"34,25 : 0.742"
"25,35 : 0.813"
"35,25 : 0.813"
"25,36 : 0.5122"
"36,25 : 0.5122"
"25,37 : 0.8792"
"37,25 : 0.8792"
"25,38 : 0.255"
"38,25 : 0.255"
"25,39 : 0.4528"
"39,25 : 0.4528"
"25,40 : 0.857"
"40,25 : 0.857"
"25,41 : 0.7642"
"41,25 : 0.7642"
"25,42 : 0.5604"
"42,25 : 0.5604"
"25,43 : 0.1844"
"43,25 : 0.1844"
"25,44 : 0.7401"
"44,25 : 0.7401"
"25,45 : 0.7782"
"45,25 : 0.7782"
"25,46 : 0.8368"
"46,25 : 0.8368"
"25,47 : 0.5315"
"47,25 : 0.5315"
"25,48 : 0.4264"
"48,25 : 0.4264"
"25,49 : 0.3606"
"49,25 : 0.3606"
"26,27 : 0.6435"
"27,26 : 0.6435"
"26,28 : 0.4338"
"28,26 : 0.4338"
"26,29 : 0.4482"
"29,26 : 0.4482"
"26,30 : 0.5248"
"30,26 : 0.5248"
"26,31 : 0.2532"
"31,26 : 0.2532"
"26,32 : 0.4374"
"32,26 : 0.4374"
"26,33 : 0.3002"
"33,26 : 0.3002"
"26,34 : 0.4958"
"34,26 : 0.4958"
"26,35 : 0.8011"
"35,26 : 0.8011"
"26,36 : 0.3256"
"36,26 : 0.3256"
"26,37 : 0.7506"
"37,26 : 0.7506"
"26,38 : 0.5255"
"38,26 : 0.5255"
"26,39 : 0.4827"
"39,26 : 0.4827"
"26,40 : 0.7653"
"40,26 : 0.7653"
"26,41 : 0.5"
"41,26 : 0.5"
"26,42 : 0.6162"
"42,26 : 0.6162"
"26,43 : 0.1523"
"43,26 : 0.1523"
"26,44 : 0.7131"
"44,26 : 0.7131"
"26,45 : 0.5111"
"45,26 : 0.5111"
"26,46 : 0.7317"
"46,26 : 0.7317"
"26,47 : 0.3324"
"47,26 : 0.3324"
"26,48 : 0.2025"
"48,26 : 0.2025"
"26,49 : 0.228"
"49,26 : 0.228"
"27,28 : 1.0621"
"28,27 : 1.0621"
"27,29 : 0.82"
"29,27 : 0.82"
"27,30 : 0.19"
"30,27 : 0.19"
"27,31 : 0.4652"
"31,27 : 0.4652"
"27,32 : 0.3712"
"32,27 : 0.3712"
"27,33 : 0.4934"
"33,27 : 0.4934"
"27,34 : 0.15"
"34,27 : 0.15"
"27,35 : 0.8254"
"35,27 : 0.8254"
"27,36 : 0.4144"
"36,27 : 0.4144"
"27,37 : 0.5104"
"37,27 : 0.5104"
"27,38 : 1.1428"
"38,27 : 1.1428"
"27,39 : 0.7653"
"39,27 : 0.7653"
"27,40 : 0.6177"
"40,27 : 0.6177"
"27,41 : 0.4627"
"41,27 : 0.4627"
"27,42 : 0.86"
"42,27 : 0.86"
"27,43 : 0.7128"
"43,27 : 0.7128"
"27,44 : 0.7473"
"44,27 : 0.7473"
"27,45 : 0.2002"
"45,27 : 0.2002"
"27,46 : 0.5682"
"46,27 : 0.5682"
"27,47 : 0.3863"
"47,27 : 0.3863"
"27,48 : 0.4662"
"48,27 : 0.4662"
"27,49 : 0.5636"
"49,27 : 0.5636"
"28,29 : 0.4717"
"29,28 : 0.4717"
"28,30 : 0.9577"
"30,28 : 0.9577"
"28,31 : 0.6801"
"31,28 : 0.6801"
"28,32 : 0.778"
"32,28 : 0.778"
"28,33 : 0.7131"
"33,28 : 0.7131"
"28,34 : 0.9121"
"34,28 : 0.9121"
"28,35 : 0.922"
"35,28 : 0.922"
"28,36 : 0.6801"
"36,28 : 0.6801"
"28,37 : 1.0296"
"37,28 : 1.0296"
"28,38 : 0.1"
"38,28 : 0.1"
"28,39 : 0.5657"
"39,28 : 0.5657"
"28,40 : 0.9962"
"40,28 : 0.9962"
"28,41 : 0.9101"
"41,28 : 0.9101"
"28,42 : 0.6503"
"42,28 : 0.6503"
"28,43 : 0.3536"
"43,28 : 0.3536"
"28,44 : 0.8584"
"44,28 : 0.8584"
"28,45 : 0.9441"
"45,28 : 0.9441"
"28,46 : 0.9808"
"46,28 : 0.9808"
"28,47 : 0.7004"
"47,28 : 0.7004"
"28,48 : 0.5967"
"48,28 : 0.5967"
"28,49 : 0.5263"
"49,28 : 0.5263"
"29,30 : 0.8001"
"30,29 : 0.8001"
"29,31 : 0.6462"
"31,29 : 0.6462"
"29,32 : 0.4554"
"32,29 : 0.4554"
"29,33 : 0.7118"
"33,29 : 0.7118"
"29,34 : 0.6859"
"34,29 : 0.6859"
"29,35 : 0.4504"
"35,29 : 0.4504"
"29,36 : 0.4119"
"36,29 : 0.4119"
"29,37 : 0.6044"
"37,29 : 0.6044"
"29,38 : 0.4904"
"38,29 : 0.4904"
"29,39 : 0.0985"
"39,29 : 0.0985"
"29,40 : 0.5459"
"40,29 : 0.5459"
"29,41 : 0.8949"
"41,29 : 0.8949"
"29,42 : 0.1897"
"42,29 : 0.1897"
"29,43 : 0.3041"
"43,29 : 0.3041"
"29,44 : 0.3883"
"44,29 : 0.3883"
"29,45 : 0.7903"
"45,29 : 0.7903"
"29,46 : 0.5408"
"46,29 : 0.5408"
"29,47 : 0.4418"
"47,29 : 0.4418"
"29,48 : 0.4295"
"48,29 : 0.4295"
"29,49 : 0.2961"
"49,29 : 0.2961"
"30,31 : 0.3048"
"31,30 : 0.3048"
"30,32 : 0.4031"
"32,30 : 0.4031"
"30,33 : 0.3176"
"33,30 : 0.3176"
"30,34 : 0.1562"
"34,30 : 0.1562"
"30,35 : 0.9055"
"35,30 : 0.9055"
"30,36 : 0.3932"
"36,30 : 0.3932"
"30,37 : 0.6378"
"37,30 : 0.6378"
"30,38 : 1.0465"
"38,30 : 1.0465"
"30,39 : 0.7666"
"39,30 : 0.7666"
"30,40 : 0.7292"
"40,30 : 0.7292"
"30,41 : 0.2746"
"41,30 : 0.2746"
"30,42 : 0.8807"
"42,30 : 0.8807"
"30,43 : 0.6263"
"43,30 : 0.6263"
"30,44 : 0.8188"
"44,30 : 0.8188"
"30,45 : 0.0141"
"45,30 : 0.0141"
"30,46 : 0.6794"
"46,30 : 0.6794"
"30,47 : 0.3635"
"47,30 : 0.3635"
"30,48 : 0.3883"
"48,30 : 0.3883"
"30,49 : 0.5124"
"49,30 : 0.5124"
"31,32 : 0.4254"
"32,31 : 0.4254"
"31,33 : 0.0707"
"33,31 : 0.0707"
"31,34 : 0.3396"
"34,31 : 0.3396"
"31,35 : 0.9014"
"35,31 : 0.9014"
"31,36 : 0.3384"
"36,31 : 0.3384"
"31,37 : 0.7433"
"37,31 : 0.7433"
"31,38 : 0.7749"
"38,31 : 0.7749"
"31,39 : 0.65"
"39,31 : 0.65"
"31,40 : 0.7962"
"40,31 : 0.7962"
"31,41 : 0.2532"
"41,31 : 0.2532"
"31,42 : 0.7823"
"42,31 : 0.7823"
"31,43 : 0.3905"
"43,31 : 0.3905"
"31,44 : 0.8092"
"44,31 : 0.8092"
"31,45 : 0.2907"
"45,31 : 0.2907"
"31,46 : 0.7524"
"46,31 : 0.7524"
"31,47 : 0.3225"
"47,31 : 0.3225"
"31,48 : 0.2343"
"48,31 : 0.2343"
"31,49 : 0.3585"
"49,31 : 0.3585"
"32,33 : 0.4919"
"33,32 : 0.4919"
"32,34 : 0.2571"
"34,32 : 0.2571"
"32,35 : 0.508"
"35,32 : 0.508"
"32,36 : 0.1118"
"36,32 : 0.1118"
"32,37 : 0.3239"
"37,32 : 0.3239"
"32,38 : 0.8422"
"38,32 : 0.8422"
"32,39 : 0.3946"
"39,32 : 0.3946"
"32,40 : 0.3712"
"40,32 : 0.3712"
"32,41 : 0.6011"
"41,32 : 0.6011"
"32,42 : 0.4909"
"42,32 : 0.4909"
"32,43 : 0.4305"
"43,32 : 0.4305"
"32,44 : 0.4188"
"44,32 : 0.4188"
"32,45 : 0.3981"
"45,32 : 0.3981"
"32,46 : 0.327"
"46,32 : 0.327"
"32,47 : 0.1105"
"47,32 : 0.1105"
"32,48 : 0.2402"
"48,32 : 0.2402"
"32,49 : 0.2524"
"49,32 : 0.2524"
"33,34 : 0.3812"
"34,33 : 0.3812"
"33,35 : 0.9719"
"35,33 : 0.9719"
"33,36 : 0.408"
"36,33 : 0.408"
"33,37 : 0.8065"
"37,33 : 0.8065"
"33,38 : 0.8102"
"38,33 : 0.8102"
"33,39 : 0.7187"
"39,33 : 0.7187"
"33,40 : 0.8631"
"40,33 : 0.8631"
"33,41 : 0.2002"
"41,33 : 0.2002"
"33,42 : 0.8515"
"42,33 : 0.8515"
"33,43 : 0.4455"
"43,33 : 0.4455"
"33,44 : 0.8797"
"44,33 : 0.8797"
"33,45 : 0.3041"
"45,33 : 0.3041"
"33,46 : 0.8186"
"46,33 : 0.8186"
"33,47 : 0.3912"
"47,33 : 0.3912"
"33,48 : 0.3048"
"48,33 : 0.3048"
"33,49 : 0.4272"
"49,33 : 0.4272"
"34,35 : 0.7518"
"35,34 : 0.7518"
"34,36 : 0.2746"
"36,34 : 0.2746"
"34,37 : 0.4841"
"37,34 : 0.4841"
"34,38 : 0.993"
"38,34 : 0.993"
"34,39 : 0.64"
"39,34 : 0.64"
"34,40 : 0.5731"
"40,34 : 0.5731"
"34,41 : 0.4072"
"41,34 : 0.4072"
"34,42 : 0.7455"
"42,34 : 0.7455"
"34,43 : 0.563"
"43,34 : 0.563"
"34,44 : 0.6664"
"44,34 : 0.6664"
"34,45 : 0.1556"
"45,34 : 0.1556"
"34,46 : 0.5235"
"46,34 : 0.5235"
"34,47 : 0.2452"
"47,34 : 0.2452"
"34,48 : 0.3162"
"48,34 : 0.3162"
"34,49 : 0.4179"
"49,34 : 0.4179"
"35,36 : 0.5659"
"36,35 : 0.5659"
"35,37 : 0.3606"
"37,35 : 0.3606"
"35,38 : 0.9338"
"38,35 : 0.9338"
"35,39 : 0.3606"
"39,35 : 0.3606"
"35,40 : 0.2419"
"40,35 : 0.2419"
"35,41 : 1.1054"
"41,35 : 1.1054"
"35,42 : 0.2816"
"42,35 : 0.2816"
"35,43 : 0.6964"
"43,35 : 0.6964"
"35,44 : 0.0922"
"44,35 : 0.0922"
"35,45 : 0.9021"
"45,35 : 0.9021"
"35,46 : 0.28"
"46,35 : 0.28"
"35,47 : 0.5869"
"47,35 : 0.5869"
"35,48 : 0.672"
"48,35 : 0.672"
"35,49 : 0.5771"
"49,35 : 0.5771"
"36,37 : 0.431"
"37,36 : 0.431"
"36,38 : 0.7501"
"38,36 : 0.7501"
"36,39 : 0.3734"
"39,36 : 0.3734"
"36,40 : 0.4649"
"40,36 : 0.4649"
"36,41 : 0.5441"
"41,36 : 0.5441"
"36,42 : 0.4904"
"42,36 : 0.4904"
"36,43 : 0.328"
"43,36 : 0.328"
"36,44 : 0.4738"
"44,36 : 0.4738"
"36,45 : 0.3847"
"45,36 : 0.3847"
"36,46 : 0.4245"
"46,36 : 0.4245"
"36,47 : 0.03"
"47,36 : 0.03"
"36,48 : 0.1304"
"48,36 : 0.1304"
"36,49 : 0.1562"
"49,36 : 0.1562"
"37,38 : 1.0742"
"38,37 : 1.0742"
"37,39 : 0.5099"
"39,37 : 0.5099"
"37,40 : 0.1204"
"40,37 : 0.1204"
"37,41 : 0.8851"
"41,37 : 0.8851"
"37,42 : 0.527"
"42,37 : 0.527"
"37,43 : 0.7106"
"43,37 : 0.7106"
"37,44 : 0.3132"
"44,37 : 0.3132"
"37,45 : 0.6389"
"45,37 : 0.6389"
"37,46 : 0.0825"
"46,37 : 0.0825"
"37,47 : 0.4342"
"47,37 : 0.4342"
"37,48 : 0.5614"
"48,37 : 0.5614"
"37,49 : 0.5376"
"49,37 : 0.5376"
"38,39 : 0.5882"
"39,38 : 0.5882"
"38,40 : 1.0308"
"40,38 : 1.0308"
"38,41 : 1.0081"
"41,38 : 1.0081"
"38,42 : 0.6549"
"42,38 : 0.6549"
"38,43 : 0.4301"
"43,38 : 0.4301"
"38,44 : 0.878"
"44,38 : 0.878"
"38,45 : 1.0332"
"45,38 : 1.0332"
"38,46 : 1.0198"
"46,38 : 1.0198"
"38,47 : 0.7723"
"47,38 : 0.7723"
"38,48 : 0.6768"
"48,38 : 0.6768"
"38,49 : 0.5941"
"49,38 : 0.5941"
"39,40 : 0.4478"
"40,39 : 0.4478"
"39,41 : 0.8905"
"41,39 : 0.8905"
"39,42 : 0.1345"
"42,39 : 0.1345"
"39,43 : 0.3536"
"43,39 : 0.3536"
"39,44 : 0.2927"
"44,39 : 0.2927"
"39,45 : 0.758"
"45,39 : 0.758"
"39,46 : 0.4441"
"46,39 : 0.4441"
"39,47 : 0.4031"
"47,39 : 0.4031"
"39,48 : 0.4205"
"48,39 : 0.4205"
"39,49 : 0.2915"
"49,39 : 0.2915"
"40,41 : 0.9621"
"41,40 : 0.9621"
"40,42 : 0.4386"
"42,40 : 0.4386"
"40,43 : 0.7018"
"43,40 : 0.7018"
"40,44 : 0.2059"
"44,40 : 0.2059"
"40,45 : 0.7286"
"45,40 : 0.7286"
"40,46 : 0.05"
"46,40 : 0.05"
"40,47 : 0.4754"
"47,40 : 0.4754"
"40,48 : 0.592"
"48,40 : 0.592"
"40,49 : 0.5408"
"49,40 : 0.5408"
"41,42 : 1.0197"
"42,41 : 1.0197"
"41,43 : 0.6428"
"43,41 : 0.6428"
"41,44 : 1.0141"
"44,41 : 1.0141"
"41,45 : 0.2668"
"45,41 : 0.2668"
"41,46 : 0.914"
"46,41 : 0.914"
"41,47 : 0.5201"
"47,41 : 0.5201"
"41,48 : 0.4701"
"48,41 : 0.4701"
"41,49 : 0.6017"
"49,41 : 0.6017"
"42,43 : 0.4826"
"43,42 : 0.4826"
"42,44 : 0.2441"
"44,42 : 0.2441"
"42,45 : 0.8732"
"45,42 : 0.8732"
"42,46 : 0.45"
"46,42 : 0.45"
"42,47 : 0.5192"
"47,42 : 0.5192"
"42,48 : 0.5507"
"48,42 : 0.5507"
"42,49 : 0.4244"
