x,y
0.31,0.52
0.34,0.72
0.47,0.72
0.15,0.75
0.41,0.92
0.11,0.59
0.59,0.89
0.23,0.79
0.73,0.44
0.5,1.0
0.75,0.71
0.5,0.4
0.94,0.28
0.33,0.38
0.41,0.97
0.47,0.28
0.28,0.64
0.18,0.15
0.29,0.48
0.61,0.11
0.6,0.26
0.98,0.67
0.42,0.26
0.56,0.13
0.11,0.72
0.75,0.96
0.86,0.81
0.33,0.36
0.07,0.74
0.01,0.66
0.78,0.42
0.94,0.28
0.76,0.88
0.81,0.68
0.32,0.11
0.38,0.44
0.18,0.17
0.59,0.71
0.71,0.34
0.78,0.64
0.34,0.86
0.86,0.22
0.8,0.48
0.11,0.14
0.79,0.9
0.05,0.32
0.22,0.11
0.07,0.56
0.95,0.58
0.75,0.24

Distanze
"0,1 : 0.2022"
"1,0 : 0.2022"
"0,2 : 0.2561"
"2,0 : 0.2561"
"0,3 : 0.2802"
"3,0 : 0.2802"
"0,4 : 0.4123"
"4,0 : 0.4123"
"0,5 : 0.2119"
"5,0 : 0.2119"
"0,6 : 0.464"
"6,0 : 0.464"
"0,7 : 0.2816"
"7,0 : 0.2816"
"0,8 : 0.4276"
"8,0 : 0.4276"
"0,9 : 0.5162"
"9,0 : 0.5162"
"0,10 : 0.4793"
"10,0 : 0.4793"
"0,11 : 0.2247"
"11,0 : 0.2247"
"0,12 : 0.6742"
"12,0 : 0.6742"
"0,13 : 0.1414"
"13,0 : 0.1414"
"0,14 : 0.461"
"14,0 : 0.461"
"0,15 : 0.2884"
"15,0 : 0.2884"
"0,16 : 0.1237"
"16,0 : 0.1237"
"0,17 : 0.3922"
"17,0 : 0.3922"
"0,18 : 0.0447"
"18,0 : 0.0447"
"0,19 : 0.508"
"19,0 : 0.508"
"0,20 : 0.3895"
"20,0 : 0.3895"
"0,21 : 0.6866"
"21,0 : 0.6866"
"0,22 : 0.2823"
"22,0 : 0.2823"
"0,23 : 0.4632"
"23,0 : 0.4632"
"0,24 : 0.2828"
"24,0 : 0.2828"
"0,25 : 0.6223"
"25,0 : 0.6223"
"0,26 : 0.6218"
"26,0 : 0.6218"
"0,27 : 0.1612"
"27,0 : 0.1612"
"0,28 : 0.3256"
"28,0 : 0.3256"
"0,29 : 0.3311"
"29,0 : 0.3311"
"0,30 : 0.4805"
"30,0 : 0.4805"
"0,31 : 0.6742"
"31,0 : 0.6742"
"0,32 : 0.5763"
"32,0 : 0.5763"
"0,33 : 0.525"
"33,0 : 0.525"
"0,34 : 0.4101"
"34,0 : 0.4101"
"0,35 : 0.1063"
"35,0 : 0.1063"
"0,36 : 0.3734"
"36,0 : 0.3734"
"0,37 : 0.3384"
"37,0 : 0.3384"
"0,38 : 0.4386"
"38,0 : 0.4386"
"0,39 : 0.4851"
"39,0 : 0.4851"
"0,40 : 0.3413"
"40,0 : 0.3413"
"0,41 : 0.6265"
"41,0 : 0.6265"
"0,42 : 0.4916"
"42,0 : 0.4916"
"0,43 : 0.4294"
"43,0 : 0.4294"
"0,44 : 0.6122"
"44,0 : 0.6122"
"0,45 : 0.328"
"45,0 : 0.328"
"0,46 : 0.4198"
"46,0 : 0.4198"
"0,47 : 0.2433"
"47,0 : 0.2433"
"0,48 : 0.6428"
"48,0 : 0.6428"
"0,49 : 0.5215"
"49,0 : 0.5215"
"1,2 : 0.13"
"2,1 : 0.13"
"1,3 : 0.1924"
"3,1 : 0.1924"
"1,4 : 0.2119"
"4,1 : 0.2119"
"1,5 : 0.2642"
"5,1 : 0.2642"
"1,6 : 0.3023"
"6,1 : 0.3023"
"1,7 : 0.1304"
"7,1 : 0.1304"
"1,8 : 0.4801"
"8,1 : 0.4801"
"1,9 : 0.3225"
"9,1 : 0.3225"
"1,10 : 0.4101"
"10,1 : 0.4101"
"1,11 : 0.3578"
"11,1 : 0.3578"
"1,12 : 0.744"
"12,1 : 0.744"
"1,13 : 0.3401"
"13,1 : 0.3401"
"1,14 : 0.2596"
"14,1 : 0.2596"
"1,15 : 0.4588"
"15,1 : 0.4588"
"1,16 : 0.1"
"16,1 : 0.1"
"1,17 : 0.592"
"17,1 : 0.592"
"1,18 : 0.2452"
"18,1 : 0.2452"
"1,19 : 0.6671"
"19,1 : 0.6671"
"1,20 : 0.5284"
"20,1 : 0.5284"
"1,21 : 0.642"
"21,1 : 0.642"
"1,22 : 0.4669"
"22,1 : 0.4669"
"1,23 : 0.6297"
"23,1 : 0.6297"
"1,24 : 0.23"
"24,1 : 0.23"
"1,25 : 0.4751"
"25,1 : 0.4751"
"1,26 : 0.5277"
"26,1 : 0.5277"
"1,27 : 0.3601"
"27,1 : 0.3601"
"1,28 : 0.2707"
"28,1 : 0.2707"
"1,29 : 0.3354"
"29,1 : 0.3354"
"1,30 : 0.5325"
"30,1 : 0.5325"
"1,31 : 0.744"
"31,1 : 0.744"
"1,32 : 0.4494"
"32,1 : 0.4494"
"1,33 : 0.4717"
"33,1 : 0.4717"
"1,34 : 0.6103"
"34,1 : 0.6103"
"1,35 : 0.2828"
"35,1 : 0.2828"
"1,36 : 0.5728"
"36,1 : 0.5728"
"1,37 : 0.2502"
"37,1 : 0.2502"
"1,38 : 0.5304"
"38,1 : 0.5304"
"1,39 : 0.4472"
"39,1 : 0.4472"
"1,40 : 0.14"
"40,1 : 0.14"
"1,41 : 0.7214"
"41,1 : 0.7214"
"1,42 : 0.5188"
"42,1 : 0.5188"
"1,43 : 0.6239"
"43,1 : 0.6239"
"1,44 : 0.4847"
"44,1 : 0.4847"
"1,45 : 0.4941"
"45,1 : 0.4941"
"1,46 : 0.6217"
"46,1 : 0.6217"
"1,47 : 0.3138"
"47,1 : 0.3138"
"1,48 : 0.6259"
"48,1 : 0.6259"
"1,49 : 0.6313"
"49,1 : 0.6313"
"2,3 : 0.3214"
"3,2 : 0.3214"
"2,4 : 0.2088"
"4,2 : 0.2088"
"2,5 : 0.3828"
"5,2 : 0.3828"
"2,6 : 0.2081"
"6,2 : 0.2081"
"2,7 : 0.25"
"7,2 : 0.25"
"2,8 : 0.3821"
"8,2 : 0.3821"
"2,9 : 0.2816"
"9,2 : 0.2816"
"2,10 : 0.2802"
"10,2 : 0.2802"
"2,11 : 0.3214"
"11,2 : 0.3214"
"2,12 : 0.6438"
"12,2 : 0.6438"
"2,13 : 0.3677"
"13,2 : 0.3677"
"2,14 : 0.2571"
"14,2 : 0.2571"
"2,15 : 0.44"
"15,2 : 0.44"
"2,16 : 0.2062"
"16,2 : 0.2062"
"2,17 : 0.6395"
"17,2 : 0.6395"
"2,18 : 0.3"
"18,2 : 0.3"
"2,19 : 0.6259"
"19,2 : 0.6259"
"2,20 : 0.478"
"20,2 : 0.478"
"2,21 : 0.5124"
"21,2 : 0.5124"
"2,22 : 0.4627"
"22,2 : 0.4627"
"2,23 : 0.5968"
"23,2 : 0.5968"
"2,24 : 0.36"
"24,2 : 0.36"
"2,25 : 0.3688"
"25,2 : 0.3688"
"2,26 : 0.4002"
"26,2 : 0.4002"
"2,27 : 0.3863"
"27,2 : 0.3863"
"2,28 : 0.4005"
"28,2 : 0.4005"
"2,29 : 0.4639"
"29,2 : 0.4639"
"2,30 : 0.4314"
"30,2 : 0.4314"
"2,31 : 0.6438"
"31,2 : 0.6438"
"2,32 : 0.3312"
"32,2 : 0.3312"
"2,33 : 0.3423"
"33,2 : 0.3423"
"2,34 : 0.6282"
"34,2 : 0.6282"
"2,35 : 0.2941"
"35,2 : 0.2941"
"2,36 : 0.6218"
"36,2 : 0.6218"
"2,37 : 0.1204"
"37,2 : 0.1204"
"2,38 : 0.4494"
"38,2 : 0.4494"
"2,39 : 0.3202"
"39,2 : 0.3202"
"2,40 : 0.191"
"40,2 : 0.191"
"2,41 : 0.6341"
"41,2 : 0.6341"
"2,42 : 0.408"
"42,2 : 0.408"
"2,43 : 0.6826"
"43,2 : 0.6826"
"2,44 : 0.3672"
"44,2 : 0.3672"
"2,45 : 0.58"
"45,2 : 0.58"
"2,46 : 0.6592"
"46,2 : 0.6592"
"2,47 : 0.4308"
"47,2 : 0.4308"
"2,48 : 0.5"
"48,2 : 0.5"
"2,49 : 0.5557"
"49,2 : 0.5557"
"3,4 : 0.3106"
"4,3 : 0.3106"
"3,5 : 0.1649"
"5,3 : 0.1649"
"3,6 : 0.4617"
"6,3 : 0.4617"
"3,7 : 0.0894"
"7,3 : 0.0894"
"3,8 : 0.6576"
"8,3 : 0.6576"
"3,9 : 0.4301"
"9,3 : 0.4301"
"3,10 : 0.6013"
"10,3 : 0.6013"
"3,11 : 0.495"
"11,3 : 0.495"
"3,12 : 0.9192"
"12,3 : 0.9192"
"3,13 : 0.4115"
"13,3 : 0.4115"
"3,14 : 0.3406"
"14,3 : 0.3406"
"3,15 : 0.5686"
"15,3 : 0.5686"
"3,16 : 0.1703"
"16,3 : 0.1703"
"3,17 : 0.6007"
"17,3 : 0.6007"
"3,18 : 0.3041"
"18,3 : 0.3041"
"3,19 : 0.7882"
"19,3 : 0.7882"
"3,20 : 0.6653"
"20,3 : 0.6653"
"3,21 : 0.8338"
"21,3 : 0.8338"
"3,22 : 0.5595"
"22,3 : 0.5595"
"3,23 : 0.7433"
"23,3 : 0.7433"
"3,24 : 0.05"
"24,3 : 0.05"
"3,25 : 0.6357"
"25,3 : 0.6357"
"3,26 : 0.7125"
"26,3 : 0.7125"
"3,27 : 0.4295"
"27,3 : 0.4295"
"3,28 : 0.0806"
"28,3 : 0.0806"
"3,29 : 0.1664"
"29,3 : 0.1664"
"3,30 : 0.7112"
"30,3 : 0.7112"
"3,31 : 0.9192"
"31,3 : 0.9192"
"3,32 : 0.6237"
"32,3 : 0.6237"
"3,33 : 0.6637"
"33,3 : 0.6637"
"3,34 : 0.6622"
"34,3 : 0.6622"
"3,35 : 0.386"
"35,3 : 0.386"
"3,36 : 0.5808"
"36,3 : 0.5808"
"3,37 : 0.4418"
"37,3 : 0.4418"
"3,38 : 0.694"
"38,3 : 0.694"
"3,39 : 0.6395"
"39,3 : 0.6395"
"3,40 : 0.2195"
"40,3 : 0.2195"
"3,41 : 0.886"
"41,3 : 0.886"
"3,42 : 0.7038"
"42,3 : 0.7038"
"3,43 : 0.6113"
"43,3 : 0.6113"
"3,44 : 0.6573"
"44,3 : 0.6573"
"3,45 : 0.4415"
"45,3 : 0.4415"
"3,46 : 0.6438"
"46,3 : 0.6438"
"3,47 : 0.2062"
"47,3 : 0.2062"
"3,48 : 0.8179"
"48,3 : 0.8179"
"3,49 : 0.7875"
"49,3 : 0.7875"
"4,5 : 0.446"
"5,4 : 0.446"
"4,6 : 0.1825"
"6,4 : 0.1825"
"4,7 : 0.222"
"7,4 : 0.222"
"4,8 : 0.5769"
"8,4 : 0.5769"
"4,9 : 0.1204"
"9,4 : 0.1204"
"4,10 : 0.3996"
"10,4 : 0.3996"
"4,11 : 0.5277"
"11,4 : 0.5277"
"4,12 : 0.831"
"12,4 : 0.831"
"4,13 : 0.5459"
"13,4 : 0.5459"
"4,14 : 0.05"
"14,4 : 0.05"
"4,15 : 0.6428"
"15,4 : 0.6428"
"4,16 : 0.3087"
"16,4 : 0.3087"
"4,17 : 0.8036"
"17,4 : 0.8036"
"4,18 : 0.4561"
"18,4 : 0.4561"
"4,19 : 0.8343"
"19,4 : 0.8343"
"4,20 : 0.6868"
"20,4 : 0.6868"
"4,21 : 0.6224"
"21,4 : 0.6224"
"4,22 : 0.6601"
"22,4 : 0.6601"
"4,23 : 0.8041"
"23,4 : 0.8041"
"4,24 : 0.3606"
"24,4 : 0.3606"
"4,25 : 0.3423"
"25,4 : 0.3423"
"4,26 : 0.4632"
"26,4 : 0.4632"
"4,27 : 0.5657"
"27,4 : 0.5657"
"4,28 : 0.3847"
"28,4 : 0.3847"
"4,29 : 0.4771"
"29,4 : 0.4771"
"4,30 : 0.622"
"30,4 : 0.622"
"4,31 : 0.831"
"31,4 : 0.831"
"4,32 : 0.3523"
"32,4 : 0.3523"
"4,33 : 0.4665"
"33,4 : 0.4665"
"4,34 : 0.815"
"34,4 : 0.815"
"4,35 : 0.4809"
"35,4 : 0.4809"
"4,36 : 0.7845"
"36,4 : 0.7845"
"4,37 : 0.2766"
"37,4 : 0.2766"
"4,38 : 0.653"
"38,4 : 0.653"
"4,39 : 0.464"
"39,4 : 0.464"
"4,40 : 0.0922"
"40,4 : 0.0922"
"4,41 : 0.8322"
"41,4 : 0.8322"
"4,42 : 0.588"
"42,4 : 0.588"
"4,43 : 0.8357"
"43,4 : 0.8357"
"4,44 : 0.3805"
"44,4 : 0.3805"
"4,45 : 0.6997"
"45,4 : 0.6997"
"4,46 : 0.832"
"46,4 : 0.832"
"4,47 : 0.4952"
"47,4 : 0.4952"
"4,48 : 0.6381"
"48,4 : 0.6381"
"4,49 : 0.7603"
"49,4 : 0.7603"
"5,6 : 0.566"
"6,5 : 0.566"
"5,7 : 0.2332"
"7,5 : 0.2332"
"5,8 : 0.6379"
"8,5 : 0.6379"
"5,9 : 0.5659"
"9,5 : 0.5659"
"5,10 : 0.6512"
"10,5 : 0.6512"
"5,11 : 0.4338"
"11,5 : 0.4338"
"5,12 : 0.886"
"12,5 : 0.886"
"5,13 : 0.3041"
"13,5 : 0.3041"
"5,14 : 0.4841"
"14,5 : 0.4841"
"5,15 : 0.4751"
"15,5 : 0.4751"
"5,16 : 0.1772"
"16,5 : 0.1772"
"5,17 : 0.4455"
"17,5 : 0.4455"
"5,18 : 0.211"
"18,5 : 0.211"
"5,19 : 0.6931"
"19,5 : 0.6931"
"5,20 : 0.5908"
"20,5 : 0.5908"
"5,21 : 0.8737"
"21,5 : 0.8737"
"5,22 : 0.4528"
"22,5 : 0.4528"
"5,23 : 0.6435"
"23,5 : 0.6435"
"5,24 : 0.13"
"24,5 : 0.13"
"5,25 : 0.7393"
"25,5 : 0.7393"
"5,26 : 0.7816"
"26,5 : 0.7816"
"5,27 : 0.3183"
"27,5 : 0.3183"
"5,28 : 0.1552"
"28,5 : 0.1552"
"5,29 : 0.1221"
"29,5 : 0.1221"
"5,30 : 0.6912"
"30,5 : 0.6912"
"5,31 : 0.886"
"31,5 : 0.886"
"5,32 : 0.7118"
"32,5 : 0.7118"
"5,33 : 0.7058"
"33,5 : 0.7058"
"5,34 : 0.5239"
"34,5 : 0.5239"
"5,35 : 0.3089"
"35,5 : 0.3089"
"5,36 : 0.4258"
"36,5 : 0.4258"
"5,37 : 0.4948"
"37,5 : 0.4948"
"5,38 : 0.65"
"38,5 : 0.65"
"5,39 : 0.6719"
"39,5 : 0.6719"
"5,40 : 0.3547"
"40,5 : 0.3547"
"5,41 : 0.8363"
"41,5 : 0.8363"
"5,42 : 0.6987"
"42,5 : 0.6987"
"5,43 : 0.45"
"43,5 : 0.45"
"5,44 : 0.7473"
"44,5 : 0.7473"
"5,45 : 0.2766"
"45,5 : 0.2766"
"5,46 : 0.4924"
"46,5 : 0.4924"
"5,47 : 0.05"
"47,5 : 0.05"
"5,48 : 0.8401"
"48,5 : 0.8401"
"5,49 : 0.7295"
"49,5 : 0.7295"
"6,7 : 0.3736"
"7,6 : 0.3736"
"6,8 : 0.4713"
"8,6 : 0.4713"
"6,9 : 0.1421"
"9,6 : 0.1421"
"6,10 : 0.2408"
"10,6 : 0.2408"
"6,11 : 0.4982"
"11,6 : 0.4982"
"6,12 : 0.7033"
"12,6 : 0.7033"
"6,13 : 0.5725"
"13,6 : 0.5725"
"6,14 : 0.197"
"14,6 : 0.197"
"6,15 : 0.6217"
"15,6 : 0.6217"
"6,16 : 0.3982"
"16,6 : 0.3982"
"6,17 : 0.846"
"17,6 : 0.846"
"6,18 : 0.508"
"18,6 : 0.508"
"6,19 : 0.7803"
"19,6 : 0.7803"
"6,20 : 0.6301"
"20,6 : 0.6301"
"6,21 : 0.4478"
"21,6 : 0.4478"
"6,22 : 0.6525"
"22,6 : 0.6525"
"6,23 : 0.7606"
"23,6 : 0.7606"
"6,24 : 0.5092"
"24,6 : 0.5092"
"6,25 : 0.1746"
"25,6 : 0.1746"
"6,26 : 0.2816"
"26,6 : 0.2816"
"6,27 : 0.5903"
"27,6 : 0.5903"
"6,28 : 0.5412"
"28,6 : 0.5412"
"6,29 : 0.6239"
"29,6 : 0.6239"
"6,30 : 0.507"
"30,6 : 0.507"
"6,31 : 0.7033"
"31,6 : 0.7033"
"6,32 : 0.1703"
"32,6 : 0.1703"
"6,33 : 0.3041"
"33,6 : 0.3041"
"6,34 : 0.8254"
"34,6 : 0.8254"
"6,35 : 0.4966"
"35,6 : 0.4966"
"6,36 : 0.8286"
"36,6 : 0.8286"
"6,37 : 0.18"
"37,6 : 0.18"
"6,38 : 0.5629"
"38,6 : 0.5629"
"6,39 : 0.314"
"39,6 : 0.314"
"6,40 : 0.2518"
"40,6 : 0.2518"
"6,41 : 0.7224"
"41,6 : 0.7224"
"6,42 : 0.4607"
"42,6 : 0.4607"
"6,43 : 0.8904"
"43,6 : 0.8904"
"6,44 : 0.2002"
"44,6 : 0.2002"
"6,45 : 0.7852"
"45,6 : 0.7852"
"6,46 : 0.8633"
"46,6 : 0.8633"
"6,47 : 0.6159"
"47,6 : 0.6159"
"6,48 : 0.4751"
"48,6 : 0.4751"
"6,49 : 0.6694"
"49,6 : 0.6694"
"7,8 : 0.6103"
"8,7 : 0.6103"
"7,9 : 0.3421"
"9,7 : 0.3421"
"7,10 : 0.5261"
"10,7 : 0.5261"
"7,11 : 0.4743"
"11,7 : 0.4743"
"7,12 : 0.8742"
"12,7 : 0.8742"
"7,13 : 0.422"
"13,7 : 0.422"
"7,14 : 0.2546"
"14,7 : 0.2546"
"7,15 : 0.5636"
"15,7 : 0.5636"
"7,16 : 0.1581"
"16,7 : 0.1581"
"7,17 : 0.642"
"17,7 : 0.642"
"7,18 : 0.3158"
"18,7 : 0.3158"
"7,19 : 0.779"
"19,7 : 0.779"
"7,20 : 0.6464"
"20,7 : 0.6464"
"7,21 : 0.7595"
"21,7 : 0.7595"
"7,22 : 0.563"
"22,7 : 0.563"
"7,23 : 0.7379"
"23,7 : 0.7379"
"7,24 : 0.1389"
"24,7 : 0.1389"
"7,25 : 0.5471"
"25,7 : 0.5471"
"7,26 : 0.6303"
"26,7 : 0.6303"
"7,27 : 0.4415"
"27,7 : 0.4415"
"7,28 : 0.1676"
"28,7 : 0.1676"
"7,29 : 0.2555"
"29,7 : 0.2555"
"7,30 : 0.6629"
"30,7 : 0.6629"
"7,31 : 0.8742"
"31,7 : 0.8742"
"7,32 : 0.5376"
"32,7 : 0.5376"
"7,33 : 0.5903"
"33,7 : 0.5903"
"7,34 : 0.6859"
"34,7 : 0.6859"
"7,35 : 0.3808"
"35,7 : 0.3808"
"7,36 : 0.622"
"36,7 : 0.622"
"7,37 : 0.3688"
"37,7 : 0.3688"
"7,38 : 0.658"
"38,7 : 0.658"
"7,39 : 0.5701"
"39,7 : 0.5701"
"7,40 : 0.1304"
"40,7 : 0.1304"
"7,41 : 0.8496"
"41,7 : 0.8496"
"7,42 : 0.6488"
"42,7 : 0.6488"
"7,43 : 0.661"
"43,7 : 0.661"
"7,44 : 0.5707"
"44,7 : 0.5707"
"7,45 : 0.5033"
"45,7 : 0.5033"
"7,46 : 0.6801"
"46,7 : 0.6801"
"7,47 : 0.2802"
"47,7 : 0.2802"
"7,48 : 0.75"
"48,7 : 0.75"
"7,49 : 0.7569"
"49,7 : 0.7569"
"8,9 : 0.6054"
"9,8 : 0.6054"
"8,10 : 0.2707"
"10,8 : 0.2707"
"8,11 : 0.2335"
"11,8 : 0.2335"
"8,12 : 0.264"
"12,8 : 0.264"
"8,13 : 0.4045"
"13,8 : 0.4045"
"8,14 : 0.6191"
"14,8 : 0.6191"
"8,15 : 0.3053"
"15,8 : 0.3053"
"8,16 : 0.4924"
"16,8 : 0.4924"
"8,17 : 0.6218"
"17,8 : 0.6218"
"8,18 : 0.4418"
"18,8 : 0.4418"
"8,19 : 0.3511"
"19,8 : 0.3511"
"8,20 : 0.222"
"20,8 : 0.222"
"8,21 : 0.3397"
"21,8 : 0.3397"
"8,22 : 0.3585"
"22,8 : 0.3585"
"8,23 : 0.3536"
"23,8 : 0.3536"
"8,24 : 0.6803"
"24,8 : 0.6803"
"8,25 : 0.5204"
"25,8 : 0.5204"
"8,26 : 0.3922"
"26,8 : 0.3922"
"8,27 : 0.4079"
"27,8 : 0.4079"
"8,28 : 0.725"
"28,8 : 0.725"
"8,29 : 0.7529"
"29,8 : 0.7529"
"8,30 : 0.0539"
"30,8 : 0.0539"
"8,31 : 0.264"
"31,8 : 0.264"
"8,32 : 0.441"
"32,8 : 0.441"
"8,33 : 0.253"
"33,8 : 0.253"
"8,34 : 0.5263"
"34,8 : 0.5263"
"8,35 : 0.35"
"35,8 : 0.35"
"8,36 : 0.6127"
"36,8 : 0.6127"
"8,37 : 0.3041"
"37,8 : 0.3041"
"8,38 : 0.102"
"38,8 : 0.102"
"8,39 : 0.2062"
"39,8 : 0.2062"
"8,40 : 0.5731"
"40,8 : 0.5731"
"8,41 : 0.2555"
"41,8 : 0.2555"
"8,42 : 0.0806"
"42,8 : 0.0806"
"8,43 : 0.6888"
"43,8 : 0.6888"
"8,44 : 0.4639"
"44,8 : 0.4639"
"8,45 : 0.6905"
"45,8 : 0.6905"
"8,46 : 0.6075"
"46,8 : 0.6075"
"8,47 : 0.6708"
"47,8 : 0.6708"
"8,48 : 0.2608"
"48,8 : 0.2608"
"8,49 : 0.201"
"49,8 : 0.201"
"9,10 : 0.3829"
"10,9 : 0.3829"
"9,11 : 0.6"
"11,9 : 0.6"
"9,12 : 0.8438"
"12,9 : 0.8438"
"9,13 : 0.6429"
"13,9 : 0.6429"
"9,14 : 0.0949"
"14,9 : 0.0949"
"9,15 : 0.7206"
"15,9 : 0.7206"
"9,16 : 0.4219"
"16,9 : 0.4219"
"9,17 : 0.9082"
"17,9 : 0.9082"
"9,18 : 0.5608"
"18,9 : 0.5608"
"9,19 : 0.8968"
"19,9 : 0.8968"
"9,20 : 0.7467"
"20,9 : 0.7467"
"9,21 : 0.5825"
"21,9 : 0.5825"
"9,22 : 0.7443"
"22,9 : 0.7443"
"9,23 : 0.8721"
"23,9 : 0.8721"
"9,24 : 0.4801"
"24,9 : 0.4801"
"9,25 : 0.2532"
"25,9 : 0.2532"
"9,26 : 0.4071"
"26,9 : 0.4071"
"9,27 : 0.6622"
"27,9 : 0.6622"
"9,28 : 0.5025"
"28,9 : 0.5025"
"9,29 : 0.5964"
"29,9 : 0.5964"
"9,30 : 0.644"
"30,9 : 0.644"
"9,31 : 0.8438"
"31,9 : 0.8438"
"9,32 : 0.2864"
"32,9 : 0.2864"
"9,33 : 0.4455"
"33,9 : 0.4455"
"9,34 : 0.908"
"34,9 : 0.908"
"9,35 : 0.5727"
"35,9 : 0.5727"
"9,36 : 0.8896"
"36,9 : 0.8896"
"9,37 : 0.3036"
"37,9 : 0.3036"
"9,38 : 0.6926"
"38,9 : 0.6926"
"9,39 : 0.4561"
"39,9 : 0.4561"
"9,40 : 0.2126"
"40,9 : 0.2126"
"9,41 : 0.8591"
"41,9 : 0.8591"
"9,42 : 0.6003"
"42,9 : 0.6003"
"9,43 : 0.9443"
"43,9 : 0.9443"
"9,44 : 0.3068"
"44,9 : 0.3068"
"9,45 : 0.8154"
"45,9 : 0.8154"
"9,46 : 0.933"
"46,9 : 0.933"
"9,47 : 0.6152"
"47,9 : 0.6152"
"9,48 : 0.6155"
"48,9 : 0.6155"
"9,49 : 0.8001"
"49,9 : 0.8001"
"10,11 : 0.3982"
"11,10 : 0.3982"
"10,12 : 0.4701"
"12,10 : 0.4701"
"10,13 : 0.5341"
"13,10 : 0.5341"
"10,14 : 0.428"
"14,10 : 0.428"
"10,15 : 0.5131"
"15,10 : 0.5131"
"10,16 : 0.4752"
"16,10 : 0.4752"
"10,17 : 0.7991"
"17,10 : 0.7991"
"10,18 : 0.5143"
"18,10 : 0.5143"
"10,19 : 0.6161"
"19,10 : 0.6161"
"10,20 : 0.4743"
"20,10 : 0.4743"
"10,21 : 0.2335"
"21,10 : 0.2335"
"10,22 : 0.558"
"22,10 : 0.558"
"10,23 : 0.6103"
"23,10 : 0.6103"
"10,24 : 0.6401"
"24,10 : 0.6401"
"10,25 : 0.25"
"25,10 : 0.25"
"10,26 : 0.1487"
"26,10 : 0.1487"
"10,27 : 0.5467"
"27,10 : 0.5467"
"10,28 : 0.6807"
"28,10 : 0.6807"
"10,29 : 0.7417"
"29,10 : 0.7417"
"10,30 : 0.2915"
"30,10 : 0.2915"
"10,31 : 0.4701"
"31,10 : 0.4701"
"10,32 : 0.1703"
"32,10 : 0.1703"
"10,33 : 0.0671"
"33,10 : 0.0671"
"10,34 : 0.7382"
"34,10 : 0.7382"
"10,35 : 0.458"
"35,10 : 0.458"
"10,36 : 0.7852"
"36,10 : 0.7852"
"10,37 : 0.16"
"37,10 : 0.16"
"10,38 : 0.3722"
"38,10 : 0.3722"
"10,39 : 0.0762"
"39,10 : 0.0762"
"10,40 : 0.4366"
"40,10 : 0.4366"
"10,41 : 0.5022"
"41,10 : 0.5022"
"10,42 : 0.2354"
"42,10 : 0.2354"
"10,43 : 0.857"
"43,10 : 0.857"
"10,44 : 0.1942"
"44,10 : 0.1942"
"10,45 : 0.8013"
"45,10 : 0.8013"
"10,46 : 0.8006"
"46,10 : 0.8006"
"10,47 : 0.6963"
"47,10 : 0.6963"
"10,48 : 0.2385"
"48,10 : 0.2385"
"10,49 : 0.47"
"49,10 : 0.47"
"11,12 : 0.4561"
"12,11 : 0.4561"
"11,13 : 0.1712"
"13,11 : 0.1712"
"11,14 : 0.5771"
"14,11 : 0.5771"
"11,15 : 0.1237"
"15,11 : 0.1237"
"11,16 : 0.3256"
"16,11 : 0.3256"
"11,17 : 0.4061"
"17,11 : 0.4061"
"11,18 : 0.2247"
"18,11 : 0.2247"
"11,19 : 0.3102"
"19,11 : 0.3102"
"11,20 : 0.172"
"20,11 : 0.172"
"11,21 : 0.5507"
"21,11 : 0.5507"
"11,22 : 0.1612"
"22,11 : 0.1612"
"11,23 : 0.2766"
"23,11 : 0.2766"
"11,24 : 0.5045"
"24,11 : 0.5045"
"11,25 : 0.6133"
"25,11 : 0.6133"
"11,26 : 0.5456"
"26,11 : 0.5456"
"11,27 : 0.1746"
"27,11 : 0.1746"
"11,28 : 0.5482"
"28,11 : 0.5482"
"11,29 : 0.5547"
"29,11 : 0.5547"
"11,30 : 0.2807"
"30,11 : 0.2807"
"11,31 : 0.4561"
"31,11 : 0.4561"
"11,32 : 0.5459"
"32,11 : 0.5459"
"11,33 : 0.4177"
"33,11 : 0.4177"
"11,34 : 0.3413"
"34,11 : 0.3413"
"11,35 : 0.1265"
"35,11 : 0.1265"
"11,36 : 0.3941"
"36,11 : 0.3941"
"11,37 : 0.3228"
"37,11 : 0.3228"
"11,38 : 0.2184"
"38,11 : 0.2184"
"11,39 : 0.3688"
"39,11 : 0.3688"
"11,40 : 0.487"
"40,11 : 0.487"
"11,41 : 0.4025"
"41,11 : 0.4025"
"11,42 : 0.3105"
"42,11 : 0.3105"
"11,43 : 0.4687"
"43,11 : 0.4687"
"11,44 : 0.578"
"44,11 : 0.578"
"11,45 : 0.4571"
"45,11 : 0.4571"
"11,46 : 0.4031"
"46,11 : 0.4031"
"11,47 : 0.4588"
"47,11 : 0.4588"
"11,48 : 0.4847"
"48,11 : 0.4847"
"11,49 : 0.2968"
"49,11 : 0.2968"
"12,13 : 0.6181"
"13,12 : 0.6181"
"12,14 : 0.8701"
"14,12 : 0.8701"
"12,15 : 0.47"
"15,12 : 0.47"
"12,16 : 0.7518"
"16,12 : 0.7518"
"12,17 : 0.771"
"17,12 : 0.771"
"12,18 : 0.6801"
"18,12 : 0.6801"
"12,19 : 0.3712"
"19,12 : 0.3712"
"12,20 : 0.3406"
"20,12 : 0.3406"
"12,21 : 0.392"
"21,12 : 0.392"
"12,22 : 0.5204"
"22,12 : 0.5204"
"12,23 : 0.4085"
"23,12 : 0.4085"
"12,24 : 0.9394"
"24,12 : 0.9394"
"12,25 : 0.706"
"25,12 : 0.706"
"12,26 : 0.536"
"26,12 : 0.536"
"12,27 : 0.6152"
"27,12 : 0.6152"
"12,28 : 0.9841"
"28,12 : 0.9841"
"12,29 : 1.0046"
"29,12 : 1.0046"
"12,30 : 0.2126"
"30,12 : 0.2126"
"12,31 : 0.0"
"31,12 : 0.0"
"12,32 : 0.6264"
"32,12 : 0.6264"
"12,33 : 0.4206"
"33,12 : 0.4206"
"12,34 : 0.6429"
"34,12 : 0.6429"
"12,35 : 0.5824"
"35,12 : 0.5824"
"12,36 : 0.7679"
"36,12 : 0.7679"
"12,37 : 0.5544"
"37,12 : 0.5544"
"12,38 : 0.2377"
"38,12 : 0.2377"
"12,39 : 0.394"
"39,12 : 0.394"
"12,40 : 0.8345"
"40,12 : 0.8345"
"12,41 : 0.1"
"41,12 : 0.1"
"12,42 : 0.2441"
"42,12 : 0.2441"
"12,43 : 0.8417"
"43,12 : 0.8417"
"12,44 : 0.6379"
"44,12 : 0.6379"
"12,45 : 0.8909"
"45,12 : 0.8909"
"12,46 : 0.7398"
"46,12 : 0.7398"
"12,47 : 0.9139"
"47,12 : 0.9139"
"12,48 : 0.3002"
"48,12 : 0.3002"
"12,49 : 0.1942"
"49,12 : 0.1942"
"13,14 : 0.5954"
"14,13 : 0.5954"
"13,15 : 0.172"
"15,13 : 0.172"
"13,16 : 0.2648"
"16,13 : 0.2648"
"13,17 : 0.2746"
"17,13 : 0.2746"
"13,18 : 0.1077"
"18,13 : 0.1077"
"13,19 : 0.389"
"19,13 : 0.389"
"13,20 : 0.2955"
"20,13 : 0.2955"
"13,21 : 0.7118"
"21,13 : 0.7118"
"13,22 : 0.15"
"22,13 : 0.15"
"13,23 : 0.3397"
"23,13 : 0.3397"
"13,24 : 0.405"
"24,13 : 0.405"
"13,25 : 0.7161"
"25,13 : 0.7161"
"13,26 : 0.6825"
"26,13 : 0.6825"
"13,27 : 0.02"
"27,13 : 0.02"
"13,28 : 0.4441"
"28,13 : 0.4441"
"13,29 : 0.4252"
"29,13 : 0.4252"
"13,30 : 0.4518"
"30,13 : 0.4518"
"13,31 : 0.6181"
"31,13 : 0.6181"
"13,32 : 0.6595"
"32,13 : 0.6595"
"13,33 : 0.566"
"33,13 : 0.566"
"13,34 : 0.2702"
"34,13 : 0.2702"
"13,35 : 0.0781"
"35,13 : 0.0781"
"13,36 : 0.2581"
"36,13 : 0.2581"
"13,37 : 0.4201"
"37,13 : 0.4201"
"13,38 : 0.3821"
"38,13 : 0.3821"
"13,39 : 0.5197"
"39,13 : 0.5197"
"13,40 : 0.4801"
"40,13 : 0.4801"
"13,41 : 0.5536"
"41,13 : 0.5536"
"13,42 : 0.4805"
"42,13 : 0.4805"
"13,43 : 0.3256"
"43,13 : 0.3256"
"13,44 : 0.6943"
"44,13 : 0.6943"
"13,45 : 0.2864"
"45,13 : 0.2864"
"13,46 : 0.2915"
"46,13 : 0.2915"
"13,47 : 0.3162"
"47,13 : 0.3162"
"13,48 : 0.6515"
"48,13 : 0.6515"
"13,49 : 0.4427"
"49,13 : 0.4427"
"14,15 : 0.6926"
"15,14 : 0.6926"
"14,16 : 0.3547"
"16,14 : 0.3547"
"14,17 : 0.8516"
"17,14 : 0.8516"
"14,18 : 0.5045"
"18,14 : 0.5045"
"14,19 : 0.8829"
"19,14 : 0.8829"
"14,20 : 0.735"
"20,14 : 0.735"
"14,21 : 0.6441"
"21,14 : 0.6441"
"14,22 : 0.7101"
"22,14 : 0.7101"
"14,23 : 0.8533"
"23,14 : 0.8533"
"14,24 : 0.3905"
"24,14 : 0.3905"
"14,25 : 0.3401"
"25,14 : 0.3401"
"14,26 : 0.4776"
"26,14 : 0.4776"
"14,27 : 0.6152"
"27,14 : 0.6152"
"14,28 : 0.4105"
"28,14 : 0.4105"
"14,29 : 0.5061"
"29,14 : 0.5061"
"14,30 : 0.6629"
"30,14 : 0.6629"
"14,31 : 0.8701"
"31,14 : 0.8701"
"14,32 : 0.3614"
"32,14 : 0.3614"
"14,33 : 0.4941"
"33,14 : 0.4941"
"14,34 : 0.8647"
"34,14 : 0.8647"
"14,35 : 0.5308"
"35,14 : 0.5308"
"14,36 : 0.8324"
"36,14 : 0.8324"
"14,37 : 0.3162"
"37,14 : 0.3162"
"14,38 : 0.6978"
"38,14 : 0.6978"
"14,39 : 0.4958"
"39,14 : 0.4958"
"14,40 : 0.1304"
"40,14 : 0.1304"
"14,41 : 0.8746"
"41,14 : 0.8746"
"14,42 : 0.6263"
"42,14 : 0.6263"
"14,43 : 0.8826"
"43,14 : 0.8826"
"14,44 : 0.3864"
"44,14 : 0.3864"
"14,45 : 0.743"
"45,14 : 0.743"
"14,46 : 0.8807"
"46,14 : 0.8807"
"14,47 : 0.5326"
"47,14 : 0.5326"
"14,48 : 0.6661"
"48,14 : 0.6661"
"14,49 : 0.8053"
"49,14 : 0.8053"
"15,16 : 0.4071"
"16,15 : 0.4071"
"15,17 : 0.3178"
"17,15 : 0.3178"
"15,18 : 0.2691"
"18,15 : 0.2691"
"15,19 : 0.2202"
"19,15 : 0.2202"
"15,20 : 0.1315"
"20,15 : 0.1315"
"15,21 : 0.642"
"21,15 : 0.642"
"15,22 : 0.0539"
"22,15 : 0.0539"
"15,23 : 0.1749"
"23,15 : 0.1749"
"15,24 : 0.5685"
"24,15 : 0.5685"
"15,25 : 0.7354"
"25,15 : 0.7354"
"15,26 : 0.658"
"26,15 : 0.658"
"15,27 : 0.1612"
"27,15 : 0.1612"
"15,28 : 0.6096"
"28,15 : 0.6096"
"15,29 : 0.5967"
"29,15 : 0.5967"
"15,30 : 0.3401"
"30,15 : 0.3401"
"15,31 : 0.47"
"31,15 : 0.47"
"15,32 : 0.6664"
"32,15 : 0.6664"
"15,33 : 0.525"
"33,15 : 0.525"
"15,34 : 0.2267"
"34,15 : 0.2267"
"15,35 : 0.1836"
"35,15 : 0.1836"
"15,36 : 0.3102"
"36,15 : 0.3102"
"15,37 : 0.4464"
"37,15 : 0.4464"
"15,38 : 0.2474"
"38,15 : 0.2474"
"15,39 : 0.4751"
"39,15 : 0.4751"
"15,40 : 0.5944"
"40,15 : 0.5944"
"15,41 : 0.3946"
"41,15 : 0.3946"
"15,42 : 0.3859"
"42,15 : 0.3859"
"15,43 : 0.3863"
"43,15 : 0.3863"
"15,44 : 0.6977"
"44,15 : 0.6977"
"15,45 : 0.4219"
"45,15 : 0.4219"
"15,46 : 0.3023"
"46,15 : 0.3023"
"15,47 : 0.4883"
"47,15 : 0.4883"
"15,48 : 0.566"
"48,15 : 0.566"
"15,49 : 0.2828"
"49,15 : 0.2828"
"16,17 : 0.5001"
"17,16 : 0.5001"
"16,18 : 0.1603"
"18,16 : 0.1603"
"16,19 : 0.6243"
"19,16 : 0.6243"
"16,20 : 0.4968"
"20,16 : 0.4968"
"16,21 : 0.7006"
"21,16 : 0.7006"
"16,22 : 0.405"
"22,16 : 0.405"
"16,23 : 0.5818"
"23,16 : 0.5818"
"16,24 : 0.1879"
"24,16 : 0.1879"
"16,25 : 0.5686"
"25,16 : 0.5686"
"16,26 : 0.6044"
"26,16 : 0.6044"
"16,27 : 0.2844"
"27,16 : 0.2844"
"16,28 : 0.2326"
"28,16 : 0.2326"
"16,29 : 0.2707"
"29,16 : 0.2707"
"16,30 : 0.5463"
"30,16 : 0.5463"
"16,31 : 0.7518"
"31,16 : 0.7518"
"16,32 : 0.5367"
"32,16 : 0.5367"
"16,33 : 0.5315"
"33,16 : 0.5315"
"16,34 : 0.5315"
"34,16 : 0.5315"
"16,35 : 0.2236"
"35,16 : 0.2236"
"16,36 : 0.4805"
"36,16 : 0.4805"
"16,37 : 0.3178"
"37,16 : 0.3178"
"16,38 : 0.5243"
"38,16 : 0.5243"
"16,39 : 0.5"
"39,16 : 0.5"
"16,40 : 0.228"
"40,16 : 0.228"
"16,41 : 0.7161"
"41,16 : 0.7161"
"16,42 : 0.5441"
"42,16 : 0.5441"
"16,43 : 0.5281"
"43,16 : 0.5281"
"16,44 : 0.5725"
"44,16 : 0.5725"
"16,45 : 0.3941"
"45,16 : 0.3941"
"16,46 : 0.5334"
"46,16 : 0.5334"
"16,47 : 0.2247"
"47,16 : 0.2247"
"16,48 : 0.6727"
"48,16 : 0.6727"
"16,49 : 0.6172"
"49,16 : 0.6172"
"17,18 : 0.3479"
"18,17 : 0.3479"
"17,19 : 0.4319"
"19,17 : 0.4319"
"17,20 : 0.4342"
"20,17 : 0.4342"
"17,21 : 0.9541"
"21,17 : 0.9541"
"17,22 : 0.264"
"22,17 : 0.264"
"17,23 : 0.3805"
"23,17 : 0.3805"
"17,24 : 0.5743"
"24,17 : 0.5743"
"17,25 : 0.9905"
"25,17 : 0.9905"
"17,26 : 0.9476"
"26,17 : 0.9476"
"17,27 : 0.2581"
"27,17 : 0.2581"
"17,28 : 0.6002"
"28,17 : 0.6002"
"17,29 : 0.5376"
"29,17 : 0.5376"
"17,30 : 0.658"
"30,17 : 0.658"
"17,31 : 0.771"
"31,17 : 0.771"
"17,32 : 0.9324"
"32,17 : 0.9324"
"17,33 : 0.8233"
"33,17 : 0.8233"
"17,34 : 0.1456"
"34,17 : 0.1456"
"17,35 : 0.3523"
"35,17 : 0.3523"
"17,36 : 0.02"
"36,17 : 0.02"
"17,37 : 0.694"
"37,17 : 0.694"
"17,38 : 0.563"
"38,17 : 0.563"
"17,39 : 0.7747"
"39,17 : 0.7747"
"17,40 : 0.7278"
"40,17 : 0.7278"
"17,41 : 0.6836"
"41,17 : 0.6836"
"17,42 : 0.7024"
"42,17 : 0.7024"
"17,43 : 0.0707"
"43,17 : 0.0707"
"17,44 : 0.9667"
"44,17 : 0.9667"
"17,45 : 0.214"
"45,17 : 0.214"
"17,46 : 0.0566"
"46,17 : 0.0566"
"17,47 : 0.4245"
"47,17 : 0.4245"
"17,48 : 0.8819"
"48,17 : 0.8819"
"17,49 : 0.5771"
"49,17 : 0.5771"
"18,19 : 0.4892"
"19,18 : 0.4892"
"18,20 : 0.3801"
"20,18 : 0.3801"
"18,21 : 0.7157"
"21,18 : 0.7157"
"18,22 : 0.2555"
"22,18 : 0.2555"
"18,23 : 0.442"
"23,18 : 0.442"
"18,24 : 0.3"
"24,18 : 0.3"
"18,25 : 0.6648"
"25,18 : 0.6648"
"18,26 : 0.6586"
"26,18 : 0.6586"
"18,27 : 0.1265"
"27,18 : 0.1265"
"18,28 : 0.3406"
"28,18 : 0.3406"
"18,29 : 0.3329"
"29,18 : 0.3329"
"18,30 : 0.4937"
"30,18 : 0.4937"
"18,31 : 0.6801"
"31,18 : 0.6801"
"18,32 : 0.6172"
"32,18 : 0.6172"
"18,33 : 0.5571"
"33,18 : 0.5571"
"18,34 : 0.3712"
"34,18 : 0.3712"
"18,35 : 0.0985"
"35,18 : 0.0985"
"18,36 : 0.3289"
"36,18 : 0.3289"
"18,37 : 0.378"
"37,18 : 0.378"
"18,38 : 0.4427"
"38,18 : 0.4427"
"18,39 : 0.5155"
"39,18 : 0.5155"
"18,40 : 0.3833"
"40,18 : 0.3833"
"18,41 : 0.6265"
"41,18 : 0.6265"
"18,42 : 0.51"
"42,18 : 0.51"
"18,43 : 0.3847"
"43,18 : 0.3847"
"18,44 : 0.653"
"44,18 : 0.653"
"18,45 : 0.2884"
"45,18 : 0.2884"
"18,46 : 0.3766"
"46,18 : 0.3766"
"18,47 : 0.2341"
"47,18 : 0.2341"
"18,48 : 0.6675"
"48,18 : 0.6675"
"18,49 : 0.5188"
"49,18 : 0.5188"
"19,20 : 0.1503"
"20,19 : 0.1503"
"19,21 : 0.6712"
"21,19 : 0.6712"
"19,22 : 0.2421"
"22,19 : 0.2421"
"19,23 : 0.0539"
"23,19 : 0.0539"
"19,24 : 0.7887"
"24,19 : 0.7887"
"19,25 : 0.8615"
"25,19 : 0.8615"
"19,26 : 0.7433"
"26,19 : 0.7433"
"19,27 : 0.3754"
"27,19 : 0.3754"
"19,28 : 0.8298"
"28,19 : 0.8298"
"19,29 : 0.8139"
"29,19 : 0.8139"
"19,30 : 0.3536"
"30,19 : 0.3536"
"19,31 : 0.3712"
"31,19 : 0.3712"
"19,32 : 0.7845"
"32,19 : 0.7845"
"19,33 : 0.6041"
"33,19 : 0.6041"
"19,34 : 0.29"
"34,19 : 0.29"
"19,35 : 0.4022"
"35,19 : 0.4022"
"19,36 : 0.4342"
"36,19 : 0.4342"
"19,37 : 0.6003"
"37,19 : 0.6003"
"19,38 : 0.2508"
"38,19 : 0.2508"
"19,39 : 0.5566"
"39,19 : 0.5566"
"19,40 : 0.7971"
"40,19 : 0.7971"
"19,41 : 0.2731"
"41,19 : 0.2731"
"19,42 : 0.4159"
"42,19 : 0.4159"
"19,43 : 0.5009"
"43,19 : 0.5009"
"19,44 : 0.8102"
"44,19 : 0.8102"
"19,45 : 0.5981"
"45,19 : 0.5981"
"19,46 : 0.39"
"46,19 : 0.39"
"19,47 : 0.7029"
"47,19 : 0.7029"
"19,48 : 0.5801"
"48,19 : 0.5801"
"19,49 : 0.191"
"49,19 : 0.191"
"20,21 : 0.559"
"21,20 : 0.559"
"20,22 : 0.18"
"22,20 : 0.18"
"20,23 : 0.136"
"23,20 : 0.136"
"20,24 : 0.6721"
"24,20 : 0.6721"
"20,25 : 0.7159"
"25,20 : 0.7159"
"20,26 : 0.6084"
"26,20 : 0.6084"
"20,27 : 0.2879"
"27,20 : 0.2879"
"20,28 : 0.7151"
"28,20 : 0.7151"
"20,29 : 0.7128"
"29,20 : 0.7128"
"20,30 : 0.2408"
"30,20 : 0.2408"
"20,31 : 0.3406"
"31,20 : 0.3406"
"20,32 : 0.6403"
"32,20 : 0.6403"
"20,33 : 0.4696"
"33,20 : 0.4696"
"20,34 : 0.3176"
"34,20 : 0.3176"
"20,35 : 0.2843"
"35,20 : 0.2843"
"20,36 : 0.4295"
"36,20 : 0.4295"
"20,37 : 0.4501"
"37,20 : 0.4501"
"20,38 : 0.136"
"38,20 : 0.136"
"20,39 : 0.4205"
"39,20 : 0.4205"
"20,40 : 0.6539"
"40,20 : 0.6539"
"20,41 : 0.2631"
"41,20 : 0.2631"
"20,42 : 0.2973"
"42,20 : 0.2973"
"20,43 : 0.5045"
"43,20 : 0.5045"
"20,44 : 0.6676"
"44,20 : 0.6676"
"20,45 : 0.5533"
"45,20 : 0.5533"
"20,46 : 0.4085"
"46,20 : 0.4085"
"20,47 : 0.609"
"47,20 : 0.609"
"20,48 : 0.4742"
"48,20 : 0.4742"
"20,49 : 0.1513"
"49,20 : 0.1513"
"21,22 : 0.694"
"22,21 : 0.694"
"21,23 : 0.6841"
"23,21 : 0.6841"
"21,24 : 0.8714"
"24,21 : 0.8714"
"21,25 : 0.3701"
"25,21 : 0.3701"
"21,26 : 0.1844"
"26,21 : 0.1844"
"21,27 : 0.7201"
"27,21 : 0.7201"
"21,28 : 0.9127"
"28,21 : 0.9127"
"21,29 : 0.9701"
"29,21 : 0.9701"
"21,30 : 0.3202"
"30,21 : 0.3202"
"21,31 : 0.392"
"31,21 : 0.392"
"21,32 : 0.3041"
"32,21 : 0.3041"
"21,33 : 0.1703"
"33,21 : 0.1703"
"21,34 : 0.8656"
"34,21 : 0.8656"
"21,35 : 0.6426"
"35,21 : 0.6426"
"21,36 : 0.9434"
"36,21 : 0.9434"
"21,37 : 0.392"
"37,21 : 0.392"
"21,38 : 0.4264"
"38,21 : 0.4264"
"21,39 : 0.2022"
"39,21 : 0.2022"
"21,40 : 0.6676"
"40,21 : 0.6676"
"21,41 : 0.4657"
"41,21 : 0.4657"
"21,42 : 0.2617"
"42,21 : 0.2617"
"21,43 : 1.0187"
"43,21 : 1.0187"
"21,44 : 0.2983"
"44,21 : 0.2983"
"21,45 : 0.9937"
"45,21 : 0.9937"
"21,46 : 0.944"
"46,21 : 0.944"
"21,47 : 0.9166"
"47,21 : 0.9166"
"21,48 : 0.0949"
"48,21 : 0.0949"
"21,49 : 0.4876"
"49,21 : 0.4876"
"22,23 : 0.191"
"23,22 : 0.191"
"22,24 : 0.5547"
"24,22 : 0.5547"
"22,25 : 0.7739"
"25,22 : 0.7739"
"22,26 : 0.7043"
"26,22 : 0.7043"
"22,27 : 0.1345"
"27,22 : 0.1345"
"22,28 : 0.5941"
"28,22 : 0.5941"
"22,29 : 0.5728"
"29,22 : 0.5728"
"22,30 : 0.394"
"30,22 : 0.394"
"22,31 : 0.5204"
"31,22 : 0.5204"
"22,32 : 0.7071"
"32,22 : 0.7071"
"22,33 : 0.5731"
"33,22 : 0.5731"
"22,34 : 0.1803"
"34,22 : 0.1803"
"22,35 : 0.1844"
"35,22 : 0.1844"
"22,36 : 0.2563"
"36,22 : 0.2563"
"22,37 : 0.481"
"37,22 : 0.481"
"22,38 : 0.3008"
"38,22 : 0.3008"
"22,39 : 0.5235"
"39,22 : 0.5235"
"22,40 : 0.6053"
"40,22 : 0.6053"
"22,41 : 0.4418"
"41,22 : 0.4418"
"22,42 : 0.4391"
"42,22 : 0.4391"
"22,43 : 0.3324"
"43,22 : 0.3324"
"22,44 : 0.7393"
"44,22 : 0.7393"
"22,45 : 0.3748"
"45,22 : 0.3748"
"22,46 : 0.25"
"46,22 : 0.25"
"22,47 : 0.461"
"47,22 : 0.461"
"22,48 : 0.6191"
"48,22 : 0.6191"
"22,49 : 0.3306"
"49,22 : 0.3306"
"23,24 : 0.742"
"24,23 : 0.742"
"23,25 : 0.8515"
"25,23 : 0.8515"
"23,26 : 0.7432"
"26,23 : 0.7432"
"23,27 : 0.3253"
"27,23 : 0.3253"
"23,28 : 0.7824"
"28,23 : 0.7824"
"23,29 : 0.7638"
"29,23 : 0.7638"
"23,30 : 0.364"
"30,23 : 0.364"
"23,31 : 0.4085"
"31,23 : 0.4085"
"23,32 : 0.7762"
"32,23 : 0.7762"
"23,33 : 0.6042"
"33,23 : 0.6042"
"23,34 : 0.2408"
"34,23 : 0.2408"
"23,35 : 0.3585"
"35,23 : 0.3585"
"23,36 : 0.3821"
"36,23 : 0.3821"
"23,37 : 0.5808"
"37,23 : 0.5808"
"23,38 : 0.2581"
"38,23 : 0.2581"
"23,39 : 0.5554"
"39,23 : 0.5554"
"23,40 : 0.7624"
"40,23 : 0.7624"
"23,41 : 0.3132"
"41,23 : 0.3132"
"23,42 : 0.4244"
"42,23 : 0.4244"
"23,43 : 0.4501"
"43,23 : 0.4501"
"23,44 : 0.8036"
"44,23 : 0.8036"
"23,45 : 0.5442"
"45,23 : 0.5442"
"23,46 : 0.3406"
"46,23 : 0.3406"
"23,47 : 0.6519"
"47,23 : 0.6519"
"23,48 : 0.5955"
"48,23 : 0.5955"
"23,49 : 0.2195"
"49,23 : 0.2195"
"24,25 : 0.6835"
"25,24 : 0.6835"
"24,26 : 0.7554"
"26,24 : 0.7554"
"24,27 : 0.4219"
"27,24 : 0.4219"
"24,28 : 0.0447"
"28,24 : 0.0447"
"24,29 : 0.1166"
"29,24 : 0.1166"
"24,30 : 0.7341"
"30,24 : 0.7341"
"24,31 : 0.9394"
"31,24 : 0.9394"
"24,32 : 0.6694"
"32,24 : 0.6694"
"24,33 : 0.7011"
"33,24 : 0.7011"
"24,34 : 0.6451"
"34,24 : 0.6451"
"24,35 : 0.389"
"35,24 : 0.389"
"24,36 : 0.5544"
"36,24 : 0.5544"
"24,37 : 0.4801"
"37,24 : 0.4801"
"24,38 : 0.7102"
"38,24 : 0.7102"
"24,39 : 0.6748"
"39,24 : 0.6748"
"24,40 : 0.2693"
"40,24 : 0.2693"
"24,41 : 0.9014"
"41,24 : 0.9014"
"24,42 : 0.7305"
"42,24 : 0.7305"
"24,43 : 0.58"
"43,24 : 0.58"
"24,44 : 0.7034"
"44,24 : 0.7034"
"24,45 : 0.4045"
"45,24 : 0.4045"
"24,46 : 0.6198"
"46,24 : 0.6198"
"24,47 : 0.1649"
"47,24 : 0.1649"
"24,48 : 0.8516"
"48,24 : 0.8516"
"24,49 : 0.8"
"49,24 : 0.8"
"25,26 : 0.186"
"26,25 : 0.186"
"25,27 : 0.7324"
"27,25 : 0.7324"
"25,28 : 0.7147"
"28,25 : 0.7147"
"25,29 : 0.7985"
"29,25 : 0.7985"
"25,30 : 0.5408"
"30,25 : 0.5408"
"25,31 : 0.706"
"31,25 : 0.706"
"25,32 : 0.0806"
"32,25 : 0.0806"
"25,33 : 0.2864"
"33,25 : 0.2864"
"25,34 : 0.9526"
"34,25 : 0.9526"
"25,35 : 0.6382"
"35,25 : 0.6382"
"25,36 : 0.9742"
"36,25 : 0.9742"
"25,37 : 0.2968"
"37,25 : 0.2968"
"25,38 : 0.6213"
"38,25 : 0.6213"
"25,39 : 0.3214"
"39,25 : 0.3214"
"25,40 : 0.422"
"40,25 : 0.422"
"25,41 : 0.7481"
"41,25 : 0.7481"
"25,42 : 0.4826"
"42,25 : 0.4826"
"25,43 : 1.0402"
"43,25 : 1.0402"
"25,44 : 0.0721"
"44,25 : 0.0721"
"25,45 : 0.9485"
"45,25 : 0.9485"
"25,46 : 1.0017"
"46,25 : 1.0017"
"25,47 : 0.7889"
"47,25 : 0.7889"
"25,48 : 0.4294"
"48,25 : 0.4294"
"25,49 : 0.72"
"49,25 : 0.72"
"26,27 : 0.6953"
"27,26 : 0.6953"
"26,28 : 0.7931"
"28,26 : 0.7931"
"26,29 : 0.8631"
"29,26 : 0.8631"
"26,30 : 0.3981"
"30,26 : 0.3981"
"26,31 : 0.536"
"31,26 : 0.536"
"26,32 : 0.1221"
"32,26 : 0.1221"
"26,33 : 0.1393"
"33,26 : 0.1393"
"26,34 : 0.8841"
"34,26 : 0.8841"
"26,35 : 0.6061"
"35,26 : 0.6061"
"26,36 : 0.9338"
"36,26 : 0.9338"
"26,37 : 0.2879"
"37,26 : 0.2879"
"26,38 : 0.4934"
"38,26 : 0.4934"
"26,39 : 0.1879"
"39,26 : 0.1879"
"26,40 : 0.5224"
"40,26 : 0.5224"
"26,41 : 0.59"
"41,26 : 0.59"
"26,42 : 0.3354"
"42,26 : 0.3354"
"26,43 : 1.0057"
"43,26 : 1.0057"
"26,44 : 0.114"
"44,26 : 0.114"
"26,45 : 0.9467"
"45,26 : 0.9467"
"26,46 : 0.9485"
"46,26 : 0.9485"
"26,47 : 0.8286"
"47,26 : 0.8286"
"26,48 : 0.247"
"48,26 : 0.247"
"26,49 : 0.5805"
"49,26 : 0.5805"
"27,28 : 0.4604"
"28,27 : 0.4604"
"27,29 : 0.4386"
"29,27 : 0.4386"
"27,30 : 0.454"
"30,27 : 0.454"
"27,31 : 0.6152"
"31,27 : 0.6152"
"27,32 : 0.6748"
"32,27 : 0.6748"
"27,33 : 0.5769"
"33,27 : 0.5769"
"27,34 : 0.2502"
"34,27 : 0.2502"
"27,35 : 0.0943"
"35,27 : 0.0943"
"27,36 : 0.2421"
"36,27 : 0.2421"
"27,37 : 0.436"
"37,27 : 0.436"
"27,38 : 0.3805"
"38,27 : 0.3805"
"27,39 : 0.53"
"39,27 : 0.53"
"27,40 : 0.5001"
"40,27 : 0.5001"
"27,41 : 0.5482"
"41,27 : 0.5482"
"27,42 : 0.4851"
"42,27 : 0.4851"
"27,43 : 0.3111"
"43,27 : 0.3111"
"27,44 : 0.7094"
"44,27 : 0.7094"
"27,45 : 0.2828"
"45,27 : 0.2828"
"27,46 : 0.2731"
"46,27 : 0.2731"
"27,47 : 0.328"
"47,27 : 0.328"
"27,48 : 0.6579"
"48,27 : 0.6579"
"27,49 : 0.4368"
"49,27 : 0.4368"
"28,29 : 0.1"
"29,28 : 0.1"
"28,30 : 0.7788"
"30,28 : 0.7788"
"28,31 : 0.9841"
"31,28 : 0.9841"
"28,32 : 0.7041"
"32,28 : 0.7041"
"28,33 : 0.7424"
"33,28 : 0.7424"
"28,34 : 0.6778"
"34,28 : 0.6778"
"28,35 : 0.4314"
"35,28 : 0.4314"
"28,36 : 0.5805"
"36,28 : 0.5805"
"28,37 : 0.5209"
"37,28 : 0.5209"
"28,38 : 0.7547"
"38,28 : 0.7547"
"28,39 : 0.717"
"39,28 : 0.717"
"28,40 : 0.2955"
"40,28 : 0.2955"
"28,41 : 0.9458"
"41,28 : 0.9458"
"28,42 : 0.7749"
"42,28 : 0.7749"
"28,43 : 0.6013"
"43,28 : 0.6013"
"28,44 : 0.7376"
"44,28 : 0.7376"
"28,45 : 0.4205"
"45,28 : 0.4205"
"28,46 : 0.6476"
"46,28 : 0.6476"
"28,47 : 0.18"
"47,28 : 0.18"
"28,48 : 0.8944"
"48,28 : 0.8944"
"28,49 : 0.844"
"49,28 : 0.844"
"29,30 : 0.8065"
"30,29 : 0.8065"
"29,31 : 1.0046"
"31,29 : 1.0046"
"29,32 : 0.7816"
"32,29 : 0.7816"
"29,33 : 0.8002"
"33,29 : 0.8002"
"29,34 : 0.6313"
"34,29 : 0.6313"
"29,35 : 0.4305"
"35,29 : 0.4305"
"29,36 : 0.5187"
"36,29 : 0.5187"
"29,37 : 0.5822"
"37,29 : 0.5822"
"29,38 : 0.7697"
"38,29 : 0.7697"
"29,39 : 0.7703"
"39,29 : 0.7703"
"29,40 : 0.3859"
"40,29 : 0.3859"
"29,41 : 0.9571"
"41,29 : 0.9571"
"29,42 : 0.8102"
"42,29 : 0.8102"
"29,43 : 0.5295"
"43,29 : 0.5295"
"29,44 : 0.8161"
"44,29 : 0.8161"
"29,45 : 0.3423"
"45,29 : 0.3423"
"29,46 : 0.5887"
"46,29 : 0.5887"
"29,47 : 0.1166"
"47,29 : 0.1166"
"29,48 : 0.9434"
"48,29 : 0.9434"
"29,49 : 0.8509"
"49,29 : 0.8509"
"30,31 : 0.2126"
"31,30 : 0.2126"
"30,32 : 0.4604"
"32,30 : 0.4604"
"30,33 : 0.2617"
"33,30 : 0.2617"
"30,34 : 0.5547"
"34,30 : 0.5547"
"30,35 : 0.4005"
"35,30 : 0.4005"
"30,36 : 0.65"
"36,30 : 0.65"
"30,37 : 0.3467"
"37,30 : 0.3467"
"30,38 : 0.1063"
"38,30 : 0.1063"
"30,39 : 0.22"
"39,30 : 0.22"
"30,40 : 0.6223"
"40,30 : 0.6223"
"30,41 : 0.2154"
"41,30 : 0.2154"
"30,42 : 0.0632"
"42,30 : 0.0632"
"30,43 : 0.7262"
"43,30 : 0.7262"
"30,44 : 0.4801"
"44,30 : 0.4801"
"30,45 : 0.7368"
"45,30 : 0.7368"
"30,46 : 0.6401"
"46,30 : 0.6401"
"30,47 : 0.7237"
"47,30 : 0.7237"
"30,48 : 0.2335"
"48,30 : 0.2335"
"30,49 : 0.1825"
"49,30 : 0.1825"
"31,32 : 0.6264"
"32,31 : 0.6264"
"31,33 : 0.4206"
"33,31 : 0.4206"
"31,34 : 0.6429"
"34,31 : 0.6429"
"31,35 : 0.5824"
"35,31 : 0.5824"
"31,36 : 0.7679"
"36,31 : 0.7679"
"31,37 : 0.5544"
"37,31 : 0.5544"
"31,38 : 0.2377"
"38,31 : 0.2377"
"31,39 : 0.394"
"39,31 : 0.394"
"31,40 : 0.8345"
"40,31 : 0.8345"
"31,41 : 0.1"
"41,31 : 0.1"
"31,42 : 0.2441"
"42,31 : 0.2441"
"31,43 : 0.8417"
"43,31 : 0.8417"
"31,44 : 0.6379"
"44,31 : 0.6379"
"31,45 : 0.8909"
"45,31 : 0.8909"
"31,46 : 0.7398"
"46,31 : 0.7398"
"31,47 : 0.9139"
"47,31 : 0.9139"
"31,48 : 0.3002"
"48,31 : 0.3002"
"31,49 : 0.1942"
"49,31 : 0.1942"
"32,33 : 0.2062"
"33,32 : 0.2062"
"32,34 : 0.8868"
"34,32 : 0.8868"
"32,35 : 0.5814"
"35,32 : 0.5814"
"32,36 : 0.9168"
"36,32 : 0.9168"
"32,37 : 0.2404"
"37,32 : 0.2404"
"32,38 : 0.5423"
"38,32 : 0.5423"
"32,39 : 0.2408"
"39,32 : 0.2408"
"32,40 : 0.4205"
"40,32 : 0.4205"
"32,41 : 0.6675"
"41,32 : 0.6675"
"32,42 : 0.402"
"42,32 : 0.402"
"32,43 : 0.9849"
"43,32 : 0.9849"
"32,44 : 0.0361"
"44,32 : 0.0361"
"32,45 : 0.9043"
"45,32 : 0.9043"
"32,46 : 0.9405"
"46,32 : 0.9405"
"32,47 : 0.7606"
"47,32 : 0.7606"
"32,48 : 0.3551"
"48,32 : 0.3551"
"32,49 : 0.6401"
"49,32 : 0.6401"
"33,34 : 0.7517"
"34,33 : 0.7517"
"33,35 : 0.4924"
"35,33 : 0.4924"
"33,36 : 0.8106"
"36,33 : 0.8106"
"33,37 : 0.222"
"37,33 : 0.222"
"33,38 : 0.3544"
"38,33 : 0.3544"
"33,39 : 0.05"
"39,33 : 0.05"
"33,40 : 0.5033"
"40,33 : 0.5033"
"33,41 : 0.4627"
"41,33 : 0.4627"
"33,42 : 0.2002"
"42,33 : 0.2002"
"33,43 : 0.8841"
"43,33 : 0.8841"
"33,44 : 0.2209"
"44,33 : 0.2209"
"33,45 : 0.841"
"45,33 : 0.841"
"33,46 : 0.8204"
"46,33 : 0.8204"
"33,47 : 0.7497"
"47,33 : 0.7497"
"33,48 : 0.172"
"48,33 : 0.172"
"33,49 : 0.4441"
"49,33 : 0.4441"
"34,35 : 0.3354"
"35,34 : 0.3354"
"34,36 : 0.1523"
"36,34 : 0.1523"
"34,37 : 0.658"
"37,34 : 0.658"
"34,38 : 0.4528"
"38,34 : 0.4528"
"34,39 : 0.7018"
"39,34 : 0.7018"
"34,40 : 0.7503"
"40,34 : 0.7503"
"34,41 : 0.5511"
"41,34 : 0.5511"
"34,42 : 0.6061"
"42,34 : 0.6061"
"34,43 : 0.2121"
"43,34 : 0.2121"
"34,44 : 0.9192"
"44,34 : 0.9192"
"34,45 : 0.3421"
"45,34 : 0.3421"
"34,46 : 0.1"
"46,34 : 0.1"
"34,47 : 0.5148"
"47,34 : 0.5148"
"34,48 : 0.786"
"48,34 : 0.786"
"34,49 : 0.4492"
"49,34 : 0.4492"
"35,36 : 0.336"
"36,35 : 0.336"
"35,37 : 0.3421"
"37,35 : 0.3421"
"35,38 : 0.3448"
"38,35 : 0.3448"
"35,39 : 0.4472"
"39,35 : 0.4472"
"35,40 : 0.4219"
"40,35 : 0.4219"
"35,41 : 0.528"
"41,35 : 0.528"
"35,42 : 0.4219"
"42,35 : 0.4219"
"35,43 : 0.4036"
"43,35 : 0.4036"
"35,44 : 0.6162"
"44,35 : 0.6162"
"35,45 : 0.3511"
"45,35 : 0.3511"
"35,46 : 0.3667"
"46,35 : 0.3667"
"35,47 : 0.3324"
"47,35 : 0.3324"
"35,48 : 0.5869"
"48,35 : 0.5869"
"35,49 : 0.4206"
"49,35 : 0.4206"
"36,37 : 0.678"
"37,36 : 0.678"
"36,38 : 0.5566"
"38,36 : 0.5566"
"36,39 : 0.7622"
"39,36 : 0.7622"
"36,40 : 0.7083"
"40,36 : 0.7083"
"36,41 : 0.6818"
"41,36 : 0.6818"
"36,42 : 0.6932"
"42,36 : 0.6932"
"36,43 : 0.0762"
"43,36 : 0.0762"
"36,44 : 0.9513"
"44,36 : 0.9513"
"36,45 : 0.1985"
"45,36 : 0.1985"
"36,46 : 0.0721"
"46,36 : 0.0721"
"36,47 : 0.4052"
"47,36 : 0.4052"
"36,48 : 0.8724"
"48,36 : 0.8724"
"36,49 : 0.5743"
"49,36 : 0.5743"
"37,38 : 0.389"
"38,37 : 0.389"
"37,39 : 0.2025"
"39,37 : 0.2025"
"37,40 : 0.2915"
"40,37 : 0.2915"
"37,41 : 0.5595"
"41,37 : 0.5595"
"37,42 : 0.3114"
"42,37 : 0.3114"
"37,43 : 0.7452"
"43,37 : 0.7452"
"37,44 : 0.2759"
"44,37 : 0.2759"
"37,45 : 0.6661"
"45,37 : 0.6661"
"37,46 : 0.7049"
"46,37 : 0.7049"
"37,47 : 0.5412"
"47,37 : 0.5412"
"37,48 : 0.3828"
"48,37 : 0.3828"
"37,49 : 0.4965"
"49,37 : 0.4965"
"38,39 : 0.3081"
"39,38 : 0.3081"
"38,40 : 0.6382"
"40,38 : 0.6382"
"38,41 : 0.1921"
"41,38 : 0.1921"
"38,42 : 0.1664"
"42,38 : 0.1664"
"38,43 : 0.6325"
"43,38 : 0.6325"
"38,44 : 0.5657"
"44,38 : 0.5657"
"38,45 : 0.6603"
"45,38 : 0.6603"
"38,46 : 0.5413"
"46,38 : 0.5413"
"38,47 : 0.6768"
"47,38 : 0.6768"
"38,48 : 0.3394"
"48,38 : 0.3394"
"38,49 : 0.1077"
"49,38 : 0.1077"
"39,40 : 0.4919"
"40,39 : 0.4919"
"39,41 : 0.4276"
"41,39 : 0.4276"
"39,42 : 0.1612"
"42,39 : 0.1612"
"39,43 : 0.836"
"43,39 : 0.836"
"39,44 : 0.2602"
"44,39 : 0.2602"
"39,45 : 0.7971"
"45,39 : 0.7971"
"39,46 : 0.771"
"46,39 : 0.771"
"39,47 : 0.7145"
"47,39 : 0.7145"
"39,48 : 0.1803"
"48,39 : 0.1803"
"39,49 : 0.4011"
"49,39 : 0.4011"
"40,41 : 0.8246"
"41,40 : 0.8246"
"40,42 : 0.5967"
"42,40 : 0.5967"
"40,43 : 0.7558"
"43,40 : 0.7558"
"40,44 : 0.4518"
"44,40 : 0.4518"
"40,45 : 0.6129"
"45,40 : 0.6129"
"40,46 : 0.7595"
"46,40 : 0.7595"
"40,47 : 0.4036"
"47,40 : 0.4036"
"40,48 : 0.6712"
"48,40 : 0.6712"
"40,49 : 0.7433"
"49,40 : 0.7433"
"41,42 : 0.2668"
"42,41 : 0.2668"
"41,43 : 0.7543"
"43,41 : 0.7543"
"41,44 : 0.6836"
"44,41 : 0.6836"
"41,45 : 0.8161"
"45,41 : 0.8161"
"41,46 : 0.6494"
"46,41 : 0.6494"
"41,47 : 0.8601"
"47,41 : 0.8601"
"41,48 : 0.3711"
"48,41 : 0.3711"
"41,49 : 0.1118"
"49,41 : 0.1118"
"42,43 : 0.7692"
"43,42 : 0.7692"
"42,44 : 0.4201"
"44,42 : 0.4201"
"42,45 : 0.7669"
"45,42 : 0.7669"
"42,46 : 0.688"
"46,42 : 0.688"
"42,47 : 0.7344"
"47,42 : 0.7344"
"42,48 : 0.1803"
"48,42 : 0.1803"
"42,49 : 0.2452"
"49,42 : 0.2452"
