x,y
0.27,0.6
0.15,0.55
0.06,0.15
0.84,0.68
0.2,0.25
0.02,0.98
0.06,0.19
0.56,0.98
0.86,0.27
0.5,0.13
0.78,0.88
0.86,0.0
0.88,0.83
0.7,0.87
0.91,0.17
0.09,0.94
0.53,0.4
0.7,0.69
0.57,0.27
0.83,0.64
0.56,0.4
0.58,0.1
0.22,0.59
0.11,0.27
0.14,0.89
0.8,0.6
0.27,0.25
0.46,0.13
0.44,0.49
0.88,0.11
0.16,0.41
0.66,0.39
0.93,0.39
0.21,0.16
0.91,0.3
0.63,0.0
0.91,0.78
0.64,0.96
0.91,0.55
0.64,0.06
0.82,0.13
0.19,0.74
0.71,0.06
0.87,0.17
0.43,0.17
0.55,0.1
0.16,0.96
0.64,0.46
0.46,0.02
0.34,0.71

Distanze
"0,1 : 0.13"
"1,0 : 0.13"
"0,2 : 0.4966"
"2,0 : 0.4966"
"0,3 : 0.5756"
"3,0 : 0.5756"
"0,4 : 0.3569"
"4,0 : 0.3569"
"0,5 : 0.4549"
"5,0 : 0.4549"
"0,6 : 0.4607"
"6,0 : 0.4607"
"0,7 : 0.478"
"7,0 : 0.478"
"0,8 : 0.676"
"8,0 : 0.676"
"0,9 : 0.5233"
"9,0 : 0.5233"
"0,10 : 0.5818"
"10,0 : 0.5818"
"0,11 : 0.8415"
"11,0 : 0.8415"
"0,12 : 0.6519"
"12,0 : 0.6519"
"0,13 : 0.5077"
"13,0 : 0.5077"
"0,14 : 0.771"
"14,0 : 0.771"
"0,15 : 0.3847"
"15,0 : 0.3847"
"0,16 : 0.328"
"16,0 : 0.328"
"0,17 : 0.4393"
"17,0 : 0.4393"
"0,18 : 0.446"
"18,0 : 0.446"
"0,19 : 0.5614"
"19,0 : 0.5614"
"0,20 : 0.3523"
"20,0 : 0.3523"
"0,21 : 0.5883"
"21,0 : 0.5883"
"0,22 : 0.051"
"22,0 : 0.051"
"0,23 : 0.3667"
"23,0 : 0.3667"
"0,24 : 0.3178"
"24,0 : 0.3178"
"0,25 : 0.53"
"25,0 : 0.53"
"0,26 : 0.35"
"26,0 : 0.35"
"0,27 : 0.507"
"27,0 : 0.507"
"0,28 : 0.2025"
"28,0 : 0.2025"
"0,29 : 0.7824"
"29,0 : 0.7824"
"0,30 : 0.2195"
"30,0 : 0.2195"
"0,31 : 0.4429"
"31,0 : 0.4429"
"0,32 : 0.6926"
"32,0 : 0.6926"
"0,33 : 0.4441"
"33,0 : 0.4441"
"0,34 : 0.7068"
"34,0 : 0.7068"
"0,35 : 0.6997"
"35,0 : 0.6997"
"0,36 : 0.6648"
"36,0 : 0.6648"
"0,37 : 0.5162"
"37,0 : 0.5162"
"0,38 : 0.642"
"38,0 : 0.642"
"0,39 : 0.6546"
"39,0 : 0.6546"
"0,40 : 0.7235"
"40,0 : 0.7235"
"0,41 : 0.1612"
"41,0 : 0.1612"
"0,42 : 0.6966"
"42,0 : 0.6966"
"0,43 : 0.7382"
"43,0 : 0.7382"
"0,44 : 0.4588"
"44,0 : 0.4588"
"0,45 : 0.5731"
"45,0 : 0.5731"
"0,46 : 0.3764"
"46,0 : 0.3764"
"0,47 : 0.3956"
"47,0 : 0.3956"
"0,48 : 0.6103"
"48,0 : 0.6103"
"0,49 : 0.1304"
"49,0 : 0.1304"
"1,2 : 0.41"
"2,1 : 0.41"
"1,3 : 0.7021"
"3,1 : 0.7021"
"1,4 : 0.3041"
"4,1 : 0.3041"
"1,5 : 0.4492"
"5,1 : 0.4492"
"1,6 : 0.3711"
"6,1 : 0.3711"
"1,7 : 0.5941"
"7,1 : 0.5941"
"1,8 : 0.7632"
"8,1 : 0.7632"
"1,9 : 0.5467"
"9,1 : 0.5467"
"1,10 : 0.7112"
"10,1 : 0.7112"
"1,11 : 0.8981"
"11,1 : 0.8981"
"1,12 : 0.7819"
"12,1 : 0.7819"
"1,13 : 0.6363"
"13,1 : 0.6363"
"1,14 : 0.8497"
"14,1 : 0.8497"
"1,15 : 0.3946"
"15,1 : 0.3946"
"1,16 : 0.4085"
"16,1 : 0.4085"
"1,17 : 0.5675"
"17,1 : 0.5675"
"1,18 : 0.5048"
"18,1 : 0.5048"
"1,19 : 0.6859"
"19,1 : 0.6859"
"1,20 : 0.4366"
"20,1 : 0.4366"
"1,21 : 0.6224"
"21,1 : 0.6224"
"1,22 : 0.0806"
"22,1 : 0.0806"
"1,23 : 0.2828"
"23,1 : 0.2828"
"1,24 : 0.3401"
"24,1 : 0.3401"
"1,25 : 0.6519"
"25,1 : 0.6519"
"1,26 : 0.3231"
"26,1 : 0.3231"
"1,27 : 0.522"
"27,1 : 0.522"
"1,28 : 0.2961"
"28,1 : 0.2961"
"1,29 : 0.8523"
"29,1 : 0.8523"
"1,30 : 0.1404"
"30,1 : 0.1404"
"1,31 : 0.5345"
"31,1 : 0.5345"
"1,32 : 0.7962"
"32,1 : 0.7962"
"1,33 : 0.3946"
"33,1 : 0.3946"
"1,34 : 0.8001"
"34,1 : 0.8001"
"1,35 : 0.73"
"35,1 : 0.73"
"1,36 : 0.794"
"36,1 : 0.794"
"1,37 : 0.6389"
"37,1 : 0.6389"
"1,38 : 0.76"
"38,1 : 0.76"
"1,39 : 0.693"
"39,1 : 0.693"
"1,40 : 0.7908"
"40,1 : 0.7908"
"1,41 : 0.1942"
"41,1 : 0.1942"
"1,42 : 0.7441"
"42,1 : 0.7441"
"1,43 : 0.8141"
"43,1 : 0.8141"
"1,44 : 0.472"
"44,1 : 0.472"
"1,45 : 0.6021"
"45,1 : 0.6021"
"1,46 : 0.4101"
"46,1 : 0.4101"
"1,47 : 0.4982"
"47,1 : 0.4982"
"1,48 : 0.614"
"48,1 : 0.614"
"1,49 : 0.2484"
"49,1 : 0.2484"
"2,3 : 0.943"
"3,2 : 0.943"
"2,4 : 0.172"
"4,2 : 0.172"
"2,5 : 0.831"
"5,2 : 0.831"
"2,6 : 0.04"
"6,2 : 0.04"
"2,7 : 0.969"
"7,2 : 0.969"
"2,8 : 0.8089"
"8,2 : 0.8089"
"2,9 : 0.4405"
"9,2 : 0.4405"
"2,10 : 1.0253"
"10,2 : 1.0253"
"2,11 : 0.8139"
"11,2 : 0.8139"
"2,12 : 1.0653"
"12,2 : 1.0653"
"2,13 : 0.9633"
"13,2 : 0.9633"
"2,14 : 0.8502"
"14,2 : 0.8502"
"2,15 : 0.7906"
"15,2 : 0.7906"
"2,16 : 0.5324"
"16,2 : 0.5324"
"2,17 : 0.8374"
"17,2 : 0.8374"
"2,18 : 0.5239"
"18,2 : 0.5239"
"2,19 : 0.9127"
"19,2 : 0.9127"
"2,20 : 0.559"
"20,2 : 0.559"
"2,21 : 0.5224"
"21,2 : 0.5224"
"2,22 : 0.4682"
"22,2 : 0.4682"
"2,23 : 0.13"
"23,2 : 0.13"
"2,24 : 0.7443"
"24,2 : 0.7443"
"2,25 : 0.8661"
"25,2 : 0.8661"
"2,26 : 0.2326"
"26,2 : 0.2326"
"2,27 : 0.4005"
"27,2 : 0.4005"
"2,28 : 0.5099"
"28,2 : 0.5099"
"2,29 : 0.821"
"29,2 : 0.821"
"2,30 : 0.2786"
"30,2 : 0.2786"
"2,31 : 0.6462"
"31,2 : 0.6462"
"2,32 : 0.9025"
"32,2 : 0.9025"
"2,33 : 0.1503"
"33,2 : 0.1503"
"2,34 : 0.8631"
"34,2 : 0.8631"
"2,35 : 0.5894"
"35,2 : 0.5894"
"2,36 : 1.058"
"36,2 : 1.058"
"2,37 : 0.9962"
"37,2 : 0.9962"
"2,38 : 0.9394"
"38,2 : 0.9394"
"2,39 : 0.5869"
"39,2 : 0.5869"
"2,40 : 0.7603"
"40,2 : 0.7603"
"2,41 : 0.6042"
"41,2 : 0.6042"
"2,42 : 0.6562"
"42,2 : 0.6562"
"2,43 : 0.8102"
"43,2 : 0.8102"
"2,44 : 0.3705"
"44,2 : 0.3705"
"2,45 : 0.4925"
"45,2 : 0.4925"
"2,46 : 0.8161"
"46,2 : 0.8161"
"2,47 : 0.6576"
"47,2 : 0.6576"
"2,48 : 0.4206"
"48,2 : 0.4206"
"2,49 : 0.6261"
"49,2 : 0.6261"
"3,4 : 0.771"
"4,3 : 0.771"
"3,5 : 0.8732"
"5,3 : 0.8732"
"3,6 : 0.9211"
"6,3 : 0.9211"
"3,7 : 0.4104"
"7,3 : 0.4104"
"3,8 : 0.4105"
"8,3 : 0.4105"
"3,9 : 0.6466"
"9,3 : 0.6466"
"3,10 : 0.2088"
"10,3 : 0.2088"
"3,11 : 0.6803"
"11,3 : 0.6803"
"3,12 : 0.1552"
"12,3 : 0.1552"
"3,13 : 0.236"
"13,3 : 0.236"
"3,14 : 0.5148"
"14,3 : 0.5148"
"3,15 : 0.7938"
"15,3 : 0.7938"
"3,16 : 0.4177"
"16,3 : 0.4177"
"3,17 : 0.1404"
"17,3 : 0.1404"
"3,18 : 0.4909"
"18,3 : 0.4909"
"3,19 : 0.0412"
"19,3 : 0.0412"
"3,20 : 0.396"
"20,3 : 0.396"
"3,21 : 0.6356"
"21,3 : 0.6356"
"3,22 : 0.6265"
"22,3 : 0.6265"
"3,23 : 0.8373"
"23,3 : 0.8373"
"3,24 : 0.7308"
"24,3 : 0.7308"
"3,25 : 0.0894"
"25,3 : 0.0894"
"3,26 : 0.714"
"26,3 : 0.714"
"3,27 : 0.6685"
"27,3 : 0.6685"
"3,28 : 0.4428"
"28,3 : 0.4428"
"3,29 : 0.5714"
"29,3 : 0.5714"
"3,30 : 0.7316"
"30,3 : 0.7316"
"3,31 : 0.3413"
"31,3 : 0.3413"
"3,32 : 0.3036"
"32,3 : 0.3036"
"3,33 : 0.8169"
"33,3 : 0.8169"
"3,34 : 0.3864"
"34,3 : 0.3864"
"3,35 : 0.7117"
"35,3 : 0.7117"
"3,36 : 0.1221"
"36,3 : 0.1221"
"3,37 : 0.3441"
"37,3 : 0.3441"
"3,38 : 0.1476"
"38,3 : 0.1476"
"3,39 : 0.6515"
"39,3 : 0.6515"
"3,40 : 0.5504"
"40,3 : 0.5504"
"3,41 : 0.6528"
"41,3 : 0.6528"
"3,42 : 0.6335"
"42,3 : 0.6335"
"3,43 : 0.5109"
"43,3 : 0.5109"
"3,44 : 0.6544"
"44,3 : 0.6544"
"3,45 : 0.6485"
"45,3 : 0.6485"
"3,46 : 0.7354"
"46,3 : 0.7354"
"3,47 : 0.2973"
"47,3 : 0.2973"
"3,48 : 0.7616"
"48,3 : 0.7616"
"3,49 : 0.5009"
"49,3 : 0.5009"
"4,5 : 0.7519"
"5,4 : 0.7519"
"4,6 : 0.1523"
"6,4 : 0.1523"
"4,7 : 0.8139"
"7,4 : 0.8139"
"4,8 : 0.6603"
"8,4 : 0.6603"
"4,9 : 0.3231"
"9,4 : 0.3231"
"4,10 : 0.8563"
"10,4 : 0.8563"
"4,11 : 0.7058"
"11,4 : 0.7058"
"4,12 : 0.8938"
"12,4 : 0.8938"
"4,13 : 0.7965"
"13,4 : 0.7965"
"4,14 : 0.7145"
"14,4 : 0.7145"
"4,15 : 0.6987"
"15,4 : 0.6987"
"4,16 : 0.3625"
"16,4 : 0.3625"
"4,17 : 0.666"
"17,4 : 0.666"
"4,18 : 0.3705"
"18,4 : 0.3705"
"4,19 : 0.7409"
"19,4 : 0.7409"
"4,20 : 0.39"
"20,4 : 0.39"
"4,21 : 0.4085"
"21,4 : 0.4085"
"4,22 : 0.3406"
"22,4 : 0.3406"
"4,23 : 0.0922"
"23,4 : 0.0922"
"4,24 : 0.6428"
"24,4 : 0.6428"
"4,25 : 0.6946"
"25,4 : 0.6946"
"4,26 : 0.07"
"26,4 : 0.07"
"4,27 : 0.2864"
"27,4 : 0.2864"
"4,28 : 0.3394"
"28,4 : 0.3394"
"4,29 : 0.6943"
"29,4 : 0.6943"
"4,30 : 0.1649"
"30,4 : 0.1649"
"4,31 : 0.4808"
"31,4 : 0.4808"
"4,32 : 0.7433"
"32,4 : 0.7433"
"4,33 : 0.0906"
"33,4 : 0.0906"
"4,34 : 0.7118"
"34,4 : 0.7118"
"4,35 : 0.4974"
"35,4 : 0.4974"
"4,36 : 0.886"
"36,4 : 0.886"
"4,37 : 0.8353"
"37,4 : 0.8353"
"4,38 : 0.7708"
"38,4 : 0.7708"
"4,39 : 0.4793"
"39,4 : 0.4793"
"4,40 : 0.6315"
"40,4 : 0.6315"
"4,41 : 0.4901"
"41,4 : 0.4901"
"4,42 : 0.5442"
"42,4 : 0.5442"
"4,43 : 0.6748"
"43,4 : 0.6748"
"4,44 : 0.2435"
"44,4 : 0.2435"
"4,45 : 0.3808"
"45,4 : 0.3808"
"4,46 : 0.7111"
"46,4 : 0.7111"
"4,47 : 0.4875"
"47,4 : 0.4875"
"4,48 : 0.3471"
"48,4 : 0.3471"
"4,49 : 0.4808"
"49,4 : 0.4808"
"5,6 : 0.791"
"6,5 : 0.791"
"5,7 : 0.54"
"7,5 : 0.54"
"5,8 : 1.0999"
"8,5 : 1.0999"
"5,9 : 0.9762"
"9,5 : 0.9762"
"5,10 : 0.7666"
"10,5 : 0.7666"
"5,11 : 1.2907"
"11,5 : 1.2907"
"5,12 : 0.873"
"12,5 : 0.873"
"5,13 : 0.6888"
"13,5 : 0.6888"
"5,14 : 1.2034"
"14,5 : 1.2034"
"5,15 : 0.0806"
"15,5 : 0.0806"
"5,16 : 0.7723"
"16,5 : 0.7723"
"5,17 : 0.7393"
"17,5 : 0.7393"
"5,18 : 0.8981"
"18,5 : 0.8981"
"5,19 : 0.8785"
"19,5 : 0.8785"
"5,20 : 0.7925"
"20,5 : 0.7925"
"5,21 : 1.0431"
"21,5 : 1.0431"
"5,22 : 0.4383"
"22,5 : 0.4383"
"5,23 : 0.7157"
"23,5 : 0.7157"
"5,24 : 0.15"
"24,5 : 0.15"
"5,25 : 0.8676"
"25,5 : 0.8676"
"5,26 : 0.7716"
"26,5 : 0.7716"
"5,27 : 0.9571"
"27,5 : 0.9571"
"5,28 : 0.6454"
"28,5 : 0.6454"
"5,29 : 1.2233"
"29,5 : 1.2233"
"5,30 : 0.5869"
"30,5 : 0.5869"
"5,31 : 0.8705"
"31,5 : 0.8705"
"5,32 : 1.0845"
"32,5 : 1.0845"
"5,33 : 0.8417"
"33,5 : 0.8417"
"5,34 : 1.12"
"34,5 : 1.12"
"5,35 : 1.1543"
"35,5 : 1.1543"
"5,36 : 0.9122"
"36,5 : 0.9122"
"5,37 : 0.6203"
"37,5 : 0.6203"
"5,38 : 0.9884"
"38,5 : 0.9884"
"5,39 : 1.1094"
"39,5 : 1.1094"
"5,40 : 1.1673"
"40,5 : 1.1673"
"5,41 : 0.2941"
"41,5 : 0.2941"
"5,42 : 1.15"
"42,5 : 1.15"
"5,43 : 1.1741"
"43,5 : 1.1741"
"5,44 : 0.9079"
"44,5 : 0.9079"
"5,45 : 1.0273"
"45,5 : 1.0273"
"5,46 : 0.1414"
"46,5 : 0.1414"
"5,47 : 0.8092"
"47,5 : 0.8092"
"5,48 : 1.056"
"48,5 : 1.056"
"5,49 : 0.4187"
"49,5 : 0.4187"
"6,7 : 0.9349"
"7,6 : 0.9349"
"6,8 : 0.804"
"8,6 : 0.804"
"6,9 : 0.4441"
"9,6 : 0.4441"
"6,10 : 0.9972"
"10,6 : 0.9972"
"6,11 : 0.8223"
"11,6 : 0.8223"
"6,12 : 1.0402"
"12,6 : 1.0402"
"6,13 : 0.9338"
"13,6 : 0.9338"
"6,14 : 0.8502"
"14,6 : 0.8502"
"6,15 : 0.7506"
"15,6 : 0.7506"
"6,16 : 0.5148"
"16,6 : 0.5148"
"6,17 : 0.8122"
"17,6 : 0.8122"
"6,18 : 0.5162"
"18,6 : 0.5162"
"6,19 : 0.8919"
"19,6 : 0.8919"
"6,20 : 0.5423"
"20,6 : 0.5423"
"6,21 : 0.5277"
"21,6 : 0.5277"
"6,22 : 0.4308"
"22,6 : 0.4308"
"6,23 : 0.0943"
"23,6 : 0.0943"
"6,24 : 0.7046"
"24,6 : 0.7046"
"6,25 : 0.846"
"25,6 : 0.846"
"6,26 : 0.2184"
"26,6 : 0.2184"
"6,27 : 0.4045"
"27,6 : 0.4045"
"6,28 : 0.4841"
"28,6 : 0.4841"
"6,29 : 0.8239"
"29,6 : 0.8239"
"6,30 : 0.2417"
"30,6 : 0.2417"
"6,31 : 0.6325"
"31,6 : 0.6325"
"6,32 : 0.8927"
"32,6 : 0.8927"
"6,33 : 0.153"
"33,6 : 0.153"
"6,34 : 0.8571"
"34,6 : 0.8571"
"6,35 : 0.6008"
"35,6 : 0.6008"
"6,36 : 1.0347"
"36,6 : 1.0347"
"6,37 : 0.964"
"37,6 : 0.964"
"6,38 : 0.9231"
"38,6 : 0.9231"
"6,39 : 0.5944"
"39,6 : 0.5944"
"6,40 : 0.7624"
"40,6 : 0.7624"
"6,41 : 0.5652"
"41,6 : 0.5652"
"6,42 : 0.6629"
"42,6 : 0.6629"
"6,43 : 0.8102"
"43,6 : 0.8102"
"6,44 : 0.3705"
"44,6 : 0.3705"
"6,45 : 0.4982"
"45,6 : 0.4982"
"6,46 : 0.7765"
"46,6 : 0.7765"
"6,47 : 0.6398"
"47,6 : 0.6398"
"6,48 : 0.4346"
"48,6 : 0.4346"
"6,49 : 0.5906"
"49,6 : 0.5906"
"7,8 : 0.7708"
"8,7 : 0.7708"
"7,9 : 0.8521"
"9,7 : 0.8521"
"7,10 : 0.2417"
"10,7 : 0.2417"
"7,11 : 1.0249"
"11,7 : 1.0249"
"7,12 : 0.3534"
"12,7 : 0.3534"
"7,13 : 0.178"
"13,7 : 0.178"
"7,14 : 0.8824"
"14,7 : 0.8824"
"7,15 : 0.4717"
"15,7 : 0.4717"
"7,16 : 0.5808"
"16,7 : 0.5808"
"7,17 : 0.322"
"17,7 : 0.322"
"7,18 : 0.7101"
"18,7 : 0.7101"
"7,19 : 0.4342"
"19,7 : 0.4342"
"7,20 : 0.58"
"20,7 : 0.58"
"7,21 : 0.8802"
"21,7 : 0.8802"
"7,22 : 0.5174"
"22,7 : 0.5174"
"7,23 : 0.8406"
"23,7 : 0.8406"
"7,24 : 0.4295"
"24,7 : 0.4295"
"7,25 : 0.4494"
"25,7 : 0.4494"
"7,26 : 0.7855"
"26,7 : 0.7855"
"7,27 : 0.8559"
"27,7 : 0.8559"
"7,28 : 0.5045"
"28,7 : 0.5045"
"7,29 : 0.927"
"29,7 : 0.927"
"7,30 : 0.6963"
"30,7 : 0.6963"
"7,31 : 0.5984"
"31,7 : 0.5984"
"7,32 : 0.6964"
"32,7 : 0.6964"
"7,33 : 0.8916"
"33,7 : 0.8916"
"7,34 : 0.7648"
"34,7 : 0.7648"
"7,35 : 0.9825"
"35,7 : 0.9825"
"7,36 : 0.4031"
"36,7 : 0.4031"
"7,37 : 0.0825"
"37,7 : 0.0825"
"7,38 : 0.5544"
"38,7 : 0.5544"
"7,39 : 0.9235"
"39,7 : 0.9235"
"7,40 : 0.8889"
"40,7 : 0.8889"
"7,41 : 0.441"
"41,7 : 0.441"
"7,42 : 0.9321"
"42,7 : 0.9321"
"7,43 : 0.8673"
"43,7 : 0.8673"
"7,44 : 0.8204"
"44,7 : 0.8204"
"7,45 : 0.8801"
"45,7 : 0.8801"
"7,46 : 0.4005"
"46,7 : 0.4005"
"7,47 : 0.5261"
"47,7 : 0.5261"
"7,48 : 0.9652"
"48,7 : 0.9652"
"7,49 : 0.3483"
"49,7 : 0.3483"
"8,9 : 0.3863"
"9,8 : 0.3863"
"8,10 : 0.6152"
"10,8 : 0.6152"
"8,11 : 0.27"
"11,8 : 0.27"
"8,12 : 0.5604"
"12,8 : 0.5604"
"8,13 : 0.621"
"13,8 : 0.621"
"8,14 : 0.1118"
"14,8 : 0.1118"
"8,15 : 1.0207"
"15,8 : 1.0207"
"8,16 : 0.3547"
"16,8 : 0.3547"
"8,17 : 0.4494"
"17,8 : 0.4494"
"8,18 : 0.29"
"18,8 : 0.29"
"8,19 : 0.3712"
"19,8 : 0.3712"
"8,20 : 0.327"
"20,8 : 0.327"
"8,21 : 0.3276"
"21,8 : 0.3276"
"8,22 : 0.7155"
"22,8 : 0.7155"
"8,23 : 0.75"
"23,8 : 0.75"
"8,24 : 0.9502"
"24,8 : 0.9502"
"8,25 : 0.3354"
"25,8 : 0.3354"
"8,26 : 0.5903"
"26,8 : 0.5903"
"8,27 : 0.4238"
"27,8 : 0.4238"
"8,28 : 0.4741"
"28,8 : 0.4741"
"8,29 : 0.1612"
"29,8 : 0.1612"
"8,30 : 0.7139"
"30,8 : 0.7139"
"8,31 : 0.2332"
"31,8 : 0.2332"
"8,32 : 0.1389"
"32,8 : 0.1389"
"8,33 : 0.6592"
"33,8 : 0.6592"
"8,34 : 0.0583"
"34,8 : 0.0583"
"8,35 : 0.3547"
"35,8 : 0.3547"
"8,36 : 0.5124"
"36,8 : 0.5124"
"8,37 : 0.7242"
"37,8 : 0.7242"
"8,38 : 0.2844"
"38,8 : 0.2844"
"8,39 : 0.3041"
"39,8 : 0.3041"
"8,40 : 0.1456"
"40,8 : 0.1456"
"8,41 : 0.8184"
"41,8 : 0.8184"
"8,42 : 0.2581"
"42,8 : 0.2581"
"8,43 : 0.1005"
"43,8 : 0.1005"
"8,44 : 0.4415"
"44,8 : 0.4415"
"8,45 : 0.3536"
"45,8 : 0.3536"
"8,46 : 0.9829"
"46,8 : 0.9829"
"8,47 : 0.2907"
"47,8 : 0.2907"
"8,48 : 0.4717"
"48,8 : 0.4717"
"8,49 : 0.6812"
"49,8 : 0.6812"
"9,10 : 0.8006"
"10,9 : 0.8006"
"9,11 : 0.3828"
"11,9 : 0.3828"
"9,12 : 0.7965"
"12,9 : 0.7965"
"9,13 : 0.7666"
"13,9 : 0.7666"
"9,14 : 0.4119"
"14,9 : 0.4119"
"9,15 : 0.9079"
"15,9 : 0.9079"
"9,16 : 0.2717"
"16,9 : 0.2717"
"9,17 : 0.5946"
"17,9 : 0.5946"
"9,18 : 0.1565"
"18,9 : 0.1565"
"9,19 : 0.6075"
"19,9 : 0.6075"
"9,20 : 0.2766"
"20,9 : 0.2766"
"9,21 : 0.0854"
"21,9 : 0.0854"
"9,22 : 0.5385"
"22,9 : 0.5385"
"9,23 : 0.4144"
"23,9 : 0.4144"
"9,24 : 0.841"
"24,9 : 0.841"
"9,25 : 0.5576"
"25,9 : 0.5576"
"9,26 : 0.2594"
"26,9 : 0.2594"
"9,27 : 0.04"
"27,9 : 0.04"
"9,28 : 0.365"
"28,9 : 0.365"
"9,29 : 0.3805"
"29,9 : 0.3805"
"9,30 : 0.4405"
"30,9 : 0.4405"
"9,31 : 0.3053"
"31,9 : 0.3053"
"9,32 : 0.5025"
"32,9 : 0.5025"
"9,33 : 0.2915"
"33,9 : 0.2915"
"9,34 : 0.4438"
"34,9 : 0.4438"
"9,35 : 0.1838"
"35,9 : 0.1838"
"9,36 : 0.7685"
"36,9 : 0.7685"
"9,37 : 0.8417"
"37,9 : 0.8417"
"9,38 : 0.5869"
"38,9 : 0.5869"
"9,39 : 0.1565"
"39,9 : 0.1565"
"9,40 : 0.32"
"40,9 : 0.32"
"9,41 : 0.6843"
"41,9 : 0.6843"
"9,42 : 0.2214"
"42,9 : 0.2214"
"9,43 : 0.3722"
"43,9 : 0.3722"
"9,44 : 0.0806"
"44,9 : 0.0806"
"9,45 : 0.0583"
"45,9 : 0.0583"
"9,46 : 0.8969"
"46,9 : 0.8969"
"9,47 : 0.3585"
"47,9 : 0.3585"
"9,48 : 0.117"
"48,9 : 0.117"
"9,49 : 0.6017"
"49,9 : 0.6017"
"10,11 : 0.8836"
"11,10 : 0.8836"
"10,12 : 0.1118"
"12,10 : 0.1118"
"10,13 : 0.0806"
"13,10 : 0.0806"
"10,14 : 0.7218"
"14,10 : 0.7218"
"10,15 : 0.6926"
"15,10 : 0.6926"
"10,16 : 0.5412"
"16,10 : 0.5412"
"10,17 : 0.2062"
"17,10 : 0.2062"
"10,18 : 0.6451"
"18,10 : 0.6451"
"10,19 : 0.2452"
"19,10 : 0.2452"
"10,20 : 0.528"
"20,10 : 0.528"
"10,21 : 0.8052"
"21,10 : 0.8052"
"10,22 : 0.6306"
"22,10 : 0.6306"
"10,23 : 0.9061"
"23,10 : 0.9061"
"10,24 : 0.6401"
"24,10 : 0.6401"
"10,25 : 0.2807"
"25,10 : 0.2807"
"10,26 : 0.8106"
"26,10 : 0.8106"
"10,27 : 0.8154"
"27,10 : 0.8154"
"10,28 : 0.5174"
"28,10 : 0.5174"
"10,29 : 0.7765"
"29,10 : 0.7765"
"10,30 : 0.778"
"30,10 : 0.778"
"10,31 : 0.5045"
"31,10 : 0.5045"
"10,32 : 0.5124"
"32,10 : 0.5124"
"10,33 : 0.9183"
"33,10 : 0.9183"
"10,34 : 0.5944"
"34,10 : 0.5944"
"10,35 : 0.8927"
"35,10 : 0.8927"
"10,36 : 0.164"
"36,10 : 0.164"
"10,37 : 0.1612"
"37,10 : 0.1612"
"10,38 : 0.3547"
"38,10 : 0.3547"
"10,39 : 0.8319"
"39,10 : 0.8319"
"10,40 : 0.7511"
"40,10 : 0.7511"
"10,41 : 0.6064"
"41,10 : 0.6064"
"10,42 : 0.823"
"42,10 : 0.823"
"10,43 : 0.7157"
"43,10 : 0.7157"
"10,44 : 0.7916"
"44,10 : 0.7916"
"10,45 : 0.8132"
"45,10 : 0.8132"
"10,46 : 0.6251"
"46,10 : 0.6251"
"10,47 : 0.4427"
"47,10 : 0.4427"
"10,48 : 0.9176"
"48,10 : 0.9176"
"10,49 : 0.4717"
"49,10 : 0.4717"
"11,12 : 0.8302"
"12,11 : 0.8302"
"11,13 : 0.8846"
"13,11 : 0.8846"
"11,14 : 0.1772"
"14,11 : 0.1772"
"11,15 : 1.2151"
"15,11 : 1.2151"
"11,16 : 0.5186"
"16,11 : 0.5186"
"11,17 : 0.7083"
"17,11 : 0.7083"
"11,18 : 0.3962"
"18,11 : 0.3962"
"11,19 : 0.6407"
"19,11 : 0.6407"
"11,20 : 0.5"
"20,11 : 0.5"
"11,21 : 0.2973"
"21,11 : 0.2973"
"11,22 : 0.8705"
"22,11 : 0.8705"
"11,23 : 0.7971"
"23,11 : 0.7971"
"11,24 : 1.1448"
"24,11 : 1.1448"
"11,25 : 0.603"
"25,11 : 0.603"
"11,26 : 0.6408"
"26,11 : 0.6408"
"11,27 : 0.4206"
"27,11 : 0.4206"
"11,28 : 0.6454"
"28,11 : 0.6454"
"11,29 : 0.1118"
"29,11 : 0.1118"
"11,30 : 0.8112"
"30,11 : 0.8112"
"11,31 : 0.4383"
"31,11 : 0.4383"
"11,32 : 0.3962"
"32,11 : 0.3962"
"11,33 : 0.6694"
"33,11 : 0.6694"
"11,34 : 0.3041"
"34,11 : 0.3041"
"11,35 : 0.23"
"35,11 : 0.23"
"11,36 : 0.7816"
"36,11 : 0.7816"
"11,37 : 0.9849"
"37,11 : 0.9849"
"11,38 : 0.5523"
"38,11 : 0.5523"
"11,39 : 0.228"
"39,11 : 0.228"
"11,40 : 0.136"
"40,11 : 0.136"
"11,41 : 0.9982"
"41,11 : 0.9982"
"11,42 : 0.1616"
"42,11 : 0.1616"
"11,43 : 0.1703"
"43,11 : 0.1703"
"11,44 : 0.4624"
"44,11 : 0.4624"
"11,45 : 0.3257"
"45,11 : 0.3257"
"11,46 : 1.1881"
"46,11 : 1.1881"
"11,47 : 0.5099"
"47,11 : 0.5099"
"11,48 : 0.4005"
"48,11 : 0.4005"
"11,49 : 0.8801"
"49,11 : 0.8801"
"12,13 : 0.1844"
"13,12 : 0.1844"
"12,14 : 0.6607"
"14,12 : 0.6607"
"12,15 : 0.7976"
"15,12 : 0.7976"
"12,16 : 0.5544"
"16,12 : 0.5544"
"12,17 : 0.228"
"17,12 : 0.228"
"12,18 : 0.6401"
"18,12 : 0.6401"
"12,19 : 0.1965"
"19,12 : 0.1965"
"12,20 : 0.536"
"20,12 : 0.536"
"12,21 : 0.7892"
"21,12 : 0.7892"
"12,22 : 0.7023"
"22,12 : 0.7023"
"12,23 : 0.9521"
"23,12 : 0.9521"
"12,24 : 0.7424"
"24,12 : 0.7424"
"12,25 : 0.2435"
"25,12 : 0.2435"
"12,26 : 0.8417"
"26,12 : 0.8417"
"12,27 : 0.8163"
"27,12 : 0.8163"
"12,28 : 0.5561"
"28,12 : 0.5561"
"12,29 : 0.72"
"29,12 : 0.72"
"12,30 : 0.8335"
"30,12 : 0.8335"
"12,31 : 0.4919"
"31,12 : 0.4919"
"12,32 : 0.4428"
"32,12 : 0.4428"
"12,33 : 0.9475"
"33,12 : 0.9475"
"12,34 : 0.5308"
"34,12 : 0.5308"
"12,35 : 0.8668"
"35,12 : 0.8668"
"12,36 : 0.0583"
"36,12 : 0.0583"
"12,37 : 0.2729"
"37,12 : 0.2729"
"12,38 : 0.2816"
"38,12 : 0.2816"
"12,39 : 0.8065"
"39,12 : 0.8065"
"12,40 : 0.7026"
"40,12 : 0.7026"
"12,41 : 0.6958"
"41,12 : 0.6958"
"12,42 : 0.7885"
"42,12 : 0.7885"
"12,43 : 0.6601"
"43,12 : 0.6601"
"12,44 : 0.7988"
"44,12 : 0.7988"
"12,45 : 0.8011"
"45,12 : 0.8011"
"12,46 : 0.7316"
"46,12 : 0.7316"
"12,47 : 0.441"
"47,12 : 0.441"
"12,48 : 0.9124"
"48,12 : 0.9124"
"12,49 : 0.5532"
"49,12 : 0.5532"
"13,14 : 0.7308"
"14,13 : 0.7308"
"13,15 : 0.614"
"15,13 : 0.614"
"13,16 : 0.4998"
"16,13 : 0.4998"
"13,17 : 0.18"
"17,13 : 0.18"
"13,18 : 0.6139"
"18,13 : 0.6139"
"13,19 : 0.2642"
"19,13 : 0.2642"
"13,20 : 0.4904"
"20,13 : 0.4904"
"13,21 : 0.7793"
"21,13 : 0.7793"
"13,22 : 0.5557"
"22,13 : 0.5557"
"13,23 : 0.8415"
"23,13 : 0.8415"
"13,24 : 0.5604"
"24,13 : 0.5604"
"13,25 : 0.2879"
"25,13 : 0.2879"
"13,26 : 0.7545"
"26,13 : 0.7545"
"13,27 : 0.7779"
"27,13 : 0.7779"
"13,28 : 0.4604"
"28,13 : 0.4604"
"13,29 : 0.781"
"29,13 : 0.781"
"13,30 : 0.7094"
"30,13 : 0.7094"
"13,31 : 0.4817"
"31,13 : 0.4817"
"13,32 : 0.5323"
"32,13 : 0.5323"
"13,33 : 0.8627"
"33,13 : 0.8627"
"13,34 : 0.6075"
"34,13 : 0.6075"
"13,35 : 0.8728"
"35,13 : 0.8728"
"13,36 : 0.2285"
"36,13 : 0.2285"
"13,37 : 0.1082"
"37,13 : 0.1082"
"13,38 : 0.3828"
"38,13 : 0.3828"
"13,39 : 0.8122"
"39,13 : 0.8122"
"13,40 : 0.7497"
"40,13 : 0.7497"
"13,41 : 0.5263"
"41,13 : 0.5263"
"13,42 : 0.8101"
"42,13 : 0.8101"
"13,43 : 0.7203"
"43,13 : 0.7203"
"13,44 : 0.7503"
"44,13 : 0.7503"
"13,45 : 0.7845"
"45,13 : 0.7845"
"13,46 : 0.5474"
"46,13 : 0.5474"
"13,47 : 0.4144"
"47,13 : 0.4144"
"13,48 : 0.8832"
"48,13 : 0.8832"
"13,49 : 0.394"
"49,13 : 0.394"
"14,15 : 1.1249"
"15,14 : 1.1249"
"14,16 : 0.4442"
"16,14 : 0.4442"
"14,17 : 0.5608"
"17,14 : 0.5608"
"14,18 : 0.3544"
"18,14 : 0.3544"
"14,19 : 0.4768"
"19,14 : 0.4768"
"14,20 : 0.4188"
"20,14 : 0.4188"
"14,21 : 0.3373"
"21,14 : 0.3373"
"14,22 : 0.8078"
"22,14 : 0.8078"
"14,23 : 0.8062"
"23,14 : 0.8062"
"14,24 : 1.0542"
"24,14 : 1.0542"
"14,25 : 0.4438"
"25,14 : 0.4438"
"14,26 : 0.645"
"26,14 : 0.645"
"14,27 : 0.4518"
"27,14 : 0.4518"
"14,28 : 0.5686"
"28,14 : 0.5686"
"14,29 : 0.0671"
"29,14 : 0.0671"
"14,30 : 0.7875"
"30,14 : 0.7875"
"14,31 : 0.333"
"31,14 : 0.333"
"14,32 : 0.2209"
"32,14 : 0.2209"
"14,33 : 0.7001"
"33,14 : 0.7001"
"14,34 : 0.13"
"34,14 : 0.13"
"14,35 : 0.3276"
"35,14 : 0.3276"
"14,36 : 0.61"
"36,14 : 0.61"
"14,37 : 0.8349"
"37,14 : 0.8349"
"14,38 : 0.38"
"38,14 : 0.38"
"14,39 : 0.2915"
"39,14 : 0.2915"
"14,40 : 0.0985"
"40,14 : 0.0985"
"14,41 : 0.9183"
"41,14 : 0.9183"
"14,42 : 0.2283"
"42,14 : 0.2283"
"14,43 : 0.04"
"43,14 : 0.04"
"14,44 : 0.48"
"44,14 : 0.48"
"14,45 : 0.3667"
"45,14 : 0.3667"
"14,46 : 1.0893"
"46,14 : 1.0893"
"14,47 : 0.3962"
"47,14 : 0.3962"
"14,48 : 0.4743"
"48,14 : 0.4743"
"14,49 : 0.7852"
"49,14 : 0.7852"
"15,16 : 0.6966"
"16,15 : 0.6966"
"15,17 : 0.6592"
"17,15 : 0.6592"
"15,18 : 0.8242"
"18,15 : 0.8242"
"15,19 : 0.7985"
"19,15 : 0.7985"
"15,20 : 0.7159"
"20,15 : 0.7159"
"15,21 : 0.9725"
"21,15 : 0.9725"
"15,22 : 0.3734"
"22,15 : 0.3734"
"15,23 : 0.6703"
"23,15 : 0.6703"
"15,24 : 0.0707"
"24,15 : 0.0707"
"15,25 : 0.7872"
"25,15 : 0.7872"
"15,26 : 0.7131"
"26,15 : 0.7131"
"15,27 : 0.8905"
"27,15 : 0.8905"
"15,28 : 0.5701"
"28,15 : 0.5701"
"15,29 : 1.1459"
"29,15 : 1.1459"
"15,30 : 0.5346"
"30,15 : 0.5346"
"15,31 : 0.7921"
"31,15 : 0.7921"
"15,32 : 1.004"
"32,15 : 1.004"
"15,33 : 0.7892"
"33,15 : 0.7892"
"15,34 : 1.0402"
"34,15 : 1.0402"
"15,35 : 1.0841"
"35,15 : 1.0841"
"15,36 : 0.8355"
"36,15 : 0.8355"
"15,37 : 0.5504"
"37,15 : 0.5504"
"15,38 : 0.908"
"38,15 : 0.908"
"15,39 : 1.0377"
"39,15 : 1.0377"
"15,40 : 1.0904"
"40,15 : 1.0904"
"15,41 : 0.2236"
"41,15 : 0.2236"
"15,42 : 1.0765"
"42,15 : 1.0765"
"15,43 : 1.096"
"43,15 : 1.096"
"15,44 : 0.8417"
"44,15 : 0.8417"
"15,45 : 0.9577"
"45,15 : 0.9577"
"15,46 : 0.0728"
"46,15 : 0.0728"
"15,47 : 0.73"
"47,15 : 0.73"
"15,48 : 0.9916"
"48,15 : 0.9916"
"15,49 : 0.3397"
"49,15 : 0.3397"
"16,17 : 0.3362"
"17,16 : 0.3362"
"16,18 : 0.136"
"18,16 : 0.136"
"16,19 : 0.3842"
"19,16 : 0.3842"
"16,20 : 0.03"
"20,16 : 0.03"
"16,21 : 0.3041"
"21,16 : 0.3041"
"16,22 : 0.3636"
"22,16 : 0.3636"
"16,23 : 0.4397"
"23,16 : 0.4397"
"16,24 : 0.6263"
"24,16 : 0.6263"
"16,25 : 0.336"
"25,16 : 0.336"
"16,26 : 0.3002"
"26,16 : 0.3002"
"16,27 : 0.2789"
"27,16 : 0.2789"
"16,28 : 0.1273"
"28,16 : 0.1273"
"16,29 : 0.4545"
"29,16 : 0.4545"
"16,30 : 0.3701"
"30,16 : 0.3701"
"16,31 : 0.1304"
"31,16 : 0.1304"
"16,32 : 0.4001"
"32,16 : 0.4001"
"16,33 : 0.4"
"33,16 : 0.4"
"16,34 : 0.3929"
"34,16 : 0.3929"
"16,35 : 0.4123"
"35,16 : 0.4123"
"16,36 : 0.5374"
"36,16 : 0.5374"
"16,37 : 0.5707"
"37,16 : 0.5707"
"16,38 : 0.4085"
"38,16 : 0.4085"
"16,39 : 0.3574"
"39,16 : 0.3574"
"16,40 : 0.3962"
"40,16 : 0.3962"
"16,41 : 0.4808"
"41,16 : 0.4808"
"16,42 : 0.3847"
"42,16 : 0.3847"
"16,43 : 0.4105"
"43,16 : 0.4105"
"16,44 : 0.2508"
"44,16 : 0.2508"
"16,45 : 0.3007"
"45,16 : 0.3007"
"16,46 : 0.6712"
"46,16 : 0.6712"
"16,47 : 0.1253"
"47,16 : 0.1253"
"16,48 : 0.3864"
"48,16 : 0.3864"
"16,49 : 0.3636"
"49,16 : 0.3636"
"17,18 : 0.4397"
"18,17 : 0.4397"
"17,19 : 0.1393"
"19,17 : 0.1393"
"17,20 : 0.322"
"20,17 : 0.322"
"17,21 : 0.6021"
"21,17 : 0.6021"
"17,22 : 0.4903"
"22,17 : 0.4903"
"17,23 : 0.7242"
"23,17 : 0.7242"
"17,24 : 0.5946"
"24,17 : 0.5946"
"17,25 : 0.1345"
"25,17 : 0.1345"
"17,26 : 0.6152"
"26,17 : 0.6152"
"17,27 : 0.6093"
"27,17 : 0.6093"
"17,28 : 0.328"
"28,17 : 0.328"
"17,29 : 0.6073"
"29,17 : 0.6073"
"17,30 : 0.6083"
"30,17 : 0.6083"
"17,31 : 0.3027"
"31,17 : 0.3027"
"17,32 : 0.378"
"32,17 : 0.378"
"17,33 : 0.7218"
"33,17 : 0.7218"
"17,34 : 0.4429"
"34,17 : 0.4429"
"17,35 : 0.6935"
"35,17 : 0.6935"
"17,36 : 0.2285"
"36,17 : 0.2285"
"17,37 : 0.2766"
"37,17 : 0.2766"
"17,38 : 0.2524"
"38,17 : 0.2524"
"17,39 : 0.6329"
"39,17 : 0.6329"
"17,40 : 0.5727"
"40,17 : 0.5727"
"17,41 : 0.5124"
"41,17 : 0.5124"
"17,42 : 0.6301"
"42,17 : 0.6301"
"17,43 : 0.5471"
"43,17 : 0.5471"
"17,44 : 0.5859"
"44,17 : 0.5859"
"17,45 : 0.6088"
"45,17 : 0.6088"
"17,46 : 0.6037"
"46,17 : 0.6037"
"17,47 : 0.2377"
"47,17 : 0.2377"
"17,48 : 0.7117"
"48,17 : 0.7117"
"17,49 : 0.3606"
"49,17 : 0.3606"
"18,19 : 0.4522"
"19,18 : 0.4522"
"18,20 : 0.1304"
"20,18 : 0.1304"
"18,21 : 0.1703"
"21,18 : 0.1703"
"18,22 : 0.4742"
"22,18 : 0.4742"
"18,23 : 0.46"
"23,18 : 0.46"
"18,24 : 0.7545"
"24,18 : 0.7545"
"18,25 : 0.4022"
"25,18 : 0.4022"
"18,26 : 0.3007"
"26,18 : 0.3007"
"18,27 : 0.178"
"27,18 : 0.178"
"18,28 : 0.2555"
"28,18 : 0.2555"
"18,29 : 0.3489"
"29,18 : 0.3489"
"18,30 : 0.4332"
"30,18 : 0.4332"
"18,31 : 0.15"
"31,18 : 0.15"
"18,32 : 0.3795"
"32,18 : 0.3795"
"18,33 : 0.3764"
"33,18 : 0.3764"
"18,34 : 0.3413"
"34,18 : 0.3413"
"18,35 : 0.2766"
"35,18 : 0.2766"
"18,36 : 0.6129"
"36,18 : 0.6129"
"18,37 : 0.6935"
"37,18 : 0.6935"
"18,38 : 0.4405"
"38,18 : 0.4405"
"18,39 : 0.2214"
"39,18 : 0.2214"
"18,40 : 0.2865"
"40,18 : 0.2865"
"18,41 : 0.6044"
"41,18 : 0.6044"
"18,42 : 0.2524"
"42,18 : 0.2524"
"18,43 : 0.3162"
"43,18 : 0.3162"
"18,44 : 0.172"
"44,18 : 0.172"
"18,45 : 0.1712"
"45,18 : 0.1712"
"18,46 : 0.8026"
"46,18 : 0.8026"
"18,47 : 0.2025"
"47,18 : 0.2025"
"18,48 : 0.2731"
"48,18 : 0.2731"
"18,49 : 0.4965"
"49,18 : 0.4965"
"19,20 : 0.3612"
"20,19 : 0.3612"
"19,21 : 0.5951"
"21,19 : 0.5951"
"19,22 : 0.612"
"22,19 : 0.612"
"19,23 : 0.8095"
"23,19 : 0.8095"
"19,24 : 0.7339"
"24,19 : 0.7339"
"19,25 : 0.05"
"25,19 : 0.05"
"19,26 : 0.6824"
"26,19 : 0.6824"
"19,27 : 0.6301"
"27,19 : 0.6301"
"19,28 : 0.4179"
"28,19 : 0.4179"
"19,29 : 0.5324"
"29,19 : 0.5324"
"19,30 : 0.7084"
"30,19 : 0.7084"
"19,31 : 0.3023"
"31,19 : 0.3023"
"19,32 : 0.2693"
"32,19 : 0.2693"
"19,33 : 0.7841"
"33,19 : 0.7841"
"19,34 : 0.3493"
"34,19 : 0.3493"
"19,35 : 0.6705"
"35,19 : 0.6705"
"19,36 : 0.1612"
"36,19 : 0.1612"
"19,37 : 0.3722"
"37,19 : 0.3722"
"19,38 : 0.1204"
"38,19 : 0.1204"
"19,39 : 0.6103"
"39,19 : 0.6103"
"19,40 : 0.5101"
"40,19 : 0.5101"
"19,41 : 0.6478"
"41,19 : 0.6478"
"19,42 : 0.5923"
"42,19 : 0.5923"
"19,43 : 0.4717"
"43,19 : 0.4717"
"19,44 : 0.6172"
"44,19 : 0.6172"
"19,45 : 0.6083"
"45,19 : 0.6083"
"19,46 : 0.7425"
"46,19 : 0.7425"
"19,47 : 0.2617"
"47,19 : 0.2617"
"19,48 : 0.722"
"48,19 : 0.722"
"19,49 : 0.495"
"49,19 : 0.495"
"20,21 : 0.3007"
"21,20 : 0.3007"
"20,22 : 0.3895"
"22,20 : 0.3895"
"20,23 : 0.4684"
"23,20 : 0.4684"
"20,24 : 0.6454"
"24,20 : 0.6454"
"20,25 : 0.3124"
"25,20 : 0.3124"
"20,26 : 0.3265"
"26,20 : 0.3265"
"20,27 : 0.2879"
"27,20 : 0.2879"
"20,28 : 0.15"
"28,20 : 0.15"
"20,29 : 0.4319"
"29,20 : 0.4319"
"20,30 : 0.4001"
"30,20 : 0.4001"
"20,31 : 0.1005"
"31,20 : 0.1005"
"20,32 : 0.3701"
"32,20 : 0.3701"
"20,33 : 0.4244"
"33,20 : 0.4244"
"20,34 : 0.364"
"34,20 : 0.364"
"20,35 : 0.4061"
"35,20 : 0.4061"
"20,36 : 0.5166"
"36,20 : 0.5166"
"20,37 : 0.5657"
"37,20 : 0.5657"
"20,38 : 0.3808"
"38,20 : 0.3808"
"20,39 : 0.3493"
"39,20 : 0.3493"
"20,40 : 0.3748"
"40,20 : 0.3748"
"20,41 : 0.5025"
"41,20 : 0.5025"
"20,42 : 0.3716"
"42,20 : 0.3716"
"20,43 : 0.386"
"43,20 : 0.386"
"20,44 : 0.2642"
"44,20 : 0.2642"
"20,45 : 0.3002"
"45,20 : 0.3002"
"20,46 : 0.6882"
"46,20 : 0.6882"
"20,47 : 0.1"
"47,20 : 0.1"
"20,48 : 0.3929"
"48,20 : 0.3929"
"20,49 : 0.3801"
"49,20 : 0.3801"
"21,22 : 0.608"
"22,21 : 0.608"
"21,23 : 0.4998"
"23,21 : 0.4998"
"21,24 : 0.9043"
"24,21 : 0.9043"
"21,25 : 0.5463"
"25,21 : 0.5463"
"21,26 : 0.3444"
"26,21 : 0.3444"
"21,27 : 0.1237"
"27,21 : 0.1237"
"21,28 : 0.4144"
"28,21 : 0.4144"
"21,29 : 0.3002"
"29,21 : 0.3002"
"21,30 : 0.522"
"30,21 : 0.522"
"21,31 : 0.3008"
"31,21 : 0.3008"
"21,32 : 0.4545"
"32,21 : 0.4545"
"21,33 : 0.3748"
"33,21 : 0.3748"
"21,34 : 0.3859"
"34,21 : 0.3859"
"21,35 : 0.1118"
"35,21 : 0.1118"
"21,36 : 0.7558"
"36,21 : 0.7558"
"21,37 : 0.8621"
"37,21 : 0.8621"
"21,38 : 0.558"
"38,21 : 0.558"
"21,39 : 0.0721"
"39,21 : 0.0721"
"21,40 : 0.2419"
"40,21 : 0.2419"
"21,41 : 0.7495"
"41,21 : 0.7495"
"21,42 : 0.136"
"42,21 : 0.136"
"21,43 : 0.2983"
"43,21 : 0.2983"
"21,44 : 0.1655"
"44,21 : 0.1655"
"21,45 : 0.03"
"45,21 : 0.03"
"21,46 : 0.9571"
"46,21 : 0.9571"
"21,47 : 0.365"
"47,21 : 0.365"
"21,48 : 0.1442"
"48,21 : 0.1442"
"21,49 : 0.6555"
"49,21 : 0.6555"
"22,23 : 0.3384"
"23,22 : 0.3384"
"22,24 : 0.3105"
"24,22 : 0.3105"
"22,25 : 0.5801"
"25,22 : 0.5801"
"22,26 : 0.3437"
"26,22 : 0.3437"
"22,27 : 0.5188"
"27,22 : 0.5188"
"22,28 : 0.2417"
"28,22 : 0.2417"
"22,29 : 0.8161"
"29,22 : 0.8161"
"22,30 : 0.1897"
"30,22 : 0.1897"
"22,31 : 0.4833"
"31,22 : 0.4833"
"22,32 : 0.7376"
"32,22 : 0.7376"
"22,33 : 0.4301"
"33,22 : 0.4301"
"22,34 : 0.7485"
"34,22 : 0.7485"
"22,35 : 0.7185"
"35,22 : 0.7185"
"22,36 : 0.7157"
"36,22 : 0.7157"
"22,37 : 0.5597"
"37,22 : 0.5597"
"22,38 : 0.6912"
"38,22 : 0.6912"
"22,39 : 0.6762"
"39,22 : 0.6762"
"22,40 : 0.756"
"40,22 : 0.756"
"22,41 : 0.153"
"41,22 : 0.153"
"22,42 : 0.7218"
"42,22 : 0.7218"
"22,43 : 0.7739"
"43,22 : 0.7739"
"22,44 : 0.4696"
"44,22 : 0.4696"
"22,45 : 0.5908"
"45,22 : 0.5908"
"22,46 : 0.3748"
"46,22 : 0.3748"
"22,47 : 0.4397"
"47,22 : 0.4397"
"22,48 : 0.6185"
"48,22 : 0.6185"
"22,49 : 0.1697"
"49,22 : 0.1697"
"23,24 : 0.6207"
"24,23 : 0.6207"
"23,25 : 0.7649"
"25,23 : 0.7649"
"23,26 : 0.1612"
"26,23 : 0.1612"
"23,27 : 0.377"
"27,23 : 0.377"
"23,28 : 0.3966"
"28,23 : 0.3966"
"23,29 : 0.7864"
"29,23 : 0.7864"
"23,30 : 0.1487"
"30,23 : 0.1487"
"23,31 : 0.5629"
"31,23 : 0.5629"
"23,32 : 0.8287"
"32,23 : 0.8287"
"23,33 : 0.1487"
"33,23 : 0.1487"
"23,34 : 0.8006"
"34,23 : 0.8006"
"23,35 : 0.5859"
"35,23 : 0.5859"
"23,36 : 0.9487"
"36,23 : 0.9487"
"23,37 : 0.8701"
"37,23 : 0.8701"
"23,38 : 0.8476"
"38,23 : 0.8476"
"23,39 : 0.5701"
"39,23 : 0.5701"
"23,40 : 0.7237"
"40,23 : 0.7237"
"23,41 : 0.4768"
"41,23 : 0.4768"
"23,42 : 0.6357"
"42,23 : 0.6357"
"23,43 : 0.7666"
"43,23 : 0.7666"
"23,44 : 0.3353"
"44,23 : 0.3353"
"23,45 : 0.4717"
"45,23 : 0.4717"
"23,46 : 0.6918"
"46,23 : 0.6918"
"23,47 : 0.563"
"47,23 : 0.563"
"23,48 : 0.4301"
"48,23 : 0.4301"
"23,49 : 0.4965"
"49,23 : 0.4965"
"24,25 : 0.7209"
"25,24 : 0.7209"
"24,26 : 0.6531"
"26,24 : 0.6531"
"24,27 : 0.8246"
"27,24 : 0.8246"
"24,28 : 0.5"
"28,24 : 0.5"
"24,29 : 1.0752"
"29,24 : 1.0752"
"24,30 : 0.4804"
"30,24 : 0.4804"
"24,31 : 0.7214"
"31,24 : 0.7214"
"24,32 : 0.9349"
"32,24 : 0.9349"
"24,33 : 0.7333"
"33,24 : 0.7333"
"24,34 : 0.9701"
"34,24 : 0.9701"
"24,35 : 1.016"
"35,24 : 1.016"
"24,36 : 0.7778"
"36,24 : 0.7778"
"24,37 : 0.5049"
"37,24 : 0.5049"
"24,38 : 0.8417"
"38,24 : 0.8417"
"24,39 : 0.969"
"39,24 : 0.969"
"24,40 : 1.0198"
"40,24 : 1.0198"
"24,41 : 0.1581"
"41,24 : 0.1581"
"24,42 : 1.0069"
"42,24 : 1.0069"
"24,43 : 1.0253"
"43,24 : 1.0253"
"24,44 : 0.7762"
"44,24 : 0.7762"
"24,45 : 0.8901"
"45,24 : 0.8901"
"24,46 : 0.0728"
"46,24 : 0.0728"
"24,47 : 0.6595"
"47,24 : 0.6595"
"24,48 : 0.927"
"48,24 : 0.927"
"24,49 : 0.2691"
"49,24 : 0.2691"
"25,26 : 0.6351"
"26,25 : 0.6351"
"25,27 : 0.5801"
"27,25 : 0.5801"
"25,28 : 0.3764"
"28,25 : 0.3764"
"25,29 : 0.4965"
"29,25 : 0.4965"
"25,30 : 0.6676"
"30,25 : 0.6676"
"25,31 : 0.2524"
"31,25 : 0.2524"
"25,32 : 0.247"
"32,25 : 0.247"
"25,33 : 0.736"
"33,25 : 0.736"
"25,34 : 0.3195"
"34,25 : 0.3195"
"25,35 : 0.6236"
"35,25 : 0.6236"
"25,36 : 0.211"
"36,25 : 0.211"
"25,37 : 0.394"
"37,25 : 0.394"
"25,38 : 0.1208"
"38,25 : 0.1208"
"25,39 : 0.5632"
"39,25 : 0.5632"
"25,40 : 0.4704"
"40,25 : 0.4704"
"25,41 : 0.6259"
"41,25 : 0.6259"
"25,42 : 0.5474"
"42,25 : 0.5474"
"25,43 : 0.4357"
"43,25 : 0.4357"
"25,44 : 0.5673"
"44,25 : 0.5673"
"25,45 : 0.559"
"45,25 : 0.559"
"25,46 : 0.7343"
"46,25 : 0.7343"
"25,47 : 0.2126"
"47,25 : 0.2126"
"25,48 : 0.6723"
"48,25 : 0.6723"
"25,49 : 0.473"
"49,25 : 0.473"
"26,27 : 0.2247"
"27,26 : 0.2247"
"26,28 : 0.2941"
"28,26 : 0.2941"
"26,29 : 0.6259"
"29,26 : 0.6259"
"26,30 : 0.1942"
"30,26 : 0.1942"
"26,31 : 0.4144"
"31,26 : 0.4144"
"26,32 : 0.6747"
"32,26 : 0.6747"
"26,33 : 0.1082"
"33,26 : 0.1082"
"26,34 : 0.642"
"34,26 : 0.642"
"26,35 : 0.4383"
"35,26 : 0.4383"
"26,36 : 0.831"
"36,26 : 0.831"
"26,37 : 0.8006"
"37,26 : 0.8006"
"26,38 : 0.7068"
"38,26 : 0.7068"
"26,39 : 0.4159"
"39,26 : 0.4159"
"26,40 : 0.5629"
"40,26 : 0.5629"
"26,41 : 0.4965"
"41,26 : 0.4965"
"26,42 : 0.4793"
"42,26 : 0.4793"
"26,43 : 0.6053"
"43,26 : 0.6053"
"26,44 : 0.1789"
"44,26 : 0.1789"
"26,45 : 0.3176"
"45,26 : 0.3176"
"26,46 : 0.7185"
"46,26 : 0.7185"
"26,47 : 0.4254"
"47,26 : 0.4254"
"26,48 : 0.2983"
"48,26 : 0.2983"
"26,49 : 0.4653"
"49,26 : 0.4653"
"27,28 : 0.3606"
"28,27 : 0.3606"
"27,29 : 0.4205"
"29,27 : 0.4205"
"27,30 : 0.4104"
"30,27 : 0.4104"
"27,31 : 0.328"
"31,27 : 0.328"
"27,32 : 0.5371"
"32,27 : 0.5371"
"27,33 : 0.2518"
"33,27 : 0.2518"
"27,34 : 0.481"
"34,27 : 0.481"
"27,35 : 0.214"
"35,27 : 0.214"
"27,36 : 0.7906"
"36,27 : 0.7906"
"27,37 : 0.8493"
"37,27 : 0.8493"
"27,38 : 0.6155"
"38,27 : 0.6155"
"27,39 : 0.1931"
"39,27 : 0.1931"
"27,40 : 0.36"
"40,27 : 0.36"
"27,41 : 0.6671"
"41,27 : 0.6671"
"27,42 : 0.2596"
"42,27 : 0.2596"
"27,43 : 0.4119"
"43,27 : 0.4119"
"27,44 : 0.05"
"44,27 : 0.05"
"27,45 : 0.0949"
"45,27 : 0.0949"
"27,46 : 0.8826"
"46,27 : 0.8826"
"27,47 : 0.3759"
"47,27 : 0.3759"
"27,48 : 0.11"
"48,27 : 0.11"
"27,49 : 0.5923"
"49,27 : 0.5923"
"28,29 : 0.5814"
"29,28 : 0.5814"
"28,30 : 0.2912"
"30,28 : 0.2912"
"28,31 : 0.2417"
"31,28 : 0.2417"
"28,32 : 0.5001"
"32,28 : 0.5001"
"28,33 : 0.4022"
"33,28 : 0.4022"
"28,34 : 0.507"
"34,28 : 0.507"
"28,35 : 0.5255"
"35,28 : 0.5255"
"28,36 : 0.5523"
"36,28 : 0.5523"
"28,37 : 0.5108"
"37,28 : 0.5108"
"28,38 : 0.4738"
"38,28 : 0.4738"
"28,39 : 0.4742"
"39,28 : 0.4742"
"28,40 : 0.5235"
"40,28 : 0.5235"
"28,41 : 0.3536"
"41,28 : 0.3536"
"28,42 : 0.5077"
"42,28 : 0.5077"
"28,43 : 0.536"
"43,28 : 0.536"
"28,44 : 0.3202"
"44,28 : 0.3202"
"28,45 : 0.4052"
"45,28 : 0.4052"
"28,46 : 0.5471"
"46,28 : 0.5471"
"28,47 : 0.2022"
"47,28 : 0.2022"
"28,48 : 0.4704"
"48,28 : 0.4704"
"28,49 : 0.2417"
"49,28 : 0.2417"
"29,30 : 0.78"
"30,29 : 0.78"
"29,31 : 0.3561"
"31,29 : 0.3561"
"29,32 : 0.2844"
"32,29 : 0.2844"
"29,33 : 0.6719"
"33,29 : 0.6719"
"29,34 : 0.1924"
"34,29 : 0.1924"
"29,35 : 0.2731"
"35,29 : 0.2731"
"29,36 : 0.6707"
"36,29 : 0.6707"
"29,37 : 0.8832"
"37,29 : 0.8832"
"29,38 : 0.441"
"38,29 : 0.441"
"29,39 : 0.2452"
"39,29 : 0.2452"
"29,40 : 0.0632"
"40,29 : 0.0632"
"29,41 : 0.9343"
"41,29 : 0.9343"
"29,42 : 0.1772"
"42,29 : 0.1772"
"29,43 : 0.0608"
"43,29 : 0.0608"
"29,44 : 0.454"
"44,29 : 0.454"
"29,45 : 0.3302"
"45,29 : 0.3302"
"29,46 : 1.114"
"46,29 : 1.114"
"29,47 : 0.4244"
"47,29 : 0.4244"
"29,48 : 0.4295"
"48,29 : 0.4295"
"29,49 : 0.8072"
"49,29 : 0.8072"
"30,31 : 0.5004"
"31,30 : 0.5004"
"30,32 : 0.7703"
"32,30 : 0.7703"
"30,33 : 0.255"
"33,30 : 0.255"
"30,34 : 0.758"
"34,30 : 0.758"
"30,35 : 0.6237"
"35,30 : 0.6237"
"30,36 : 0.8363"
"36,30 : 0.8363"
"30,37 : 0.73"
"37,30 : 0.73"
"30,38 : 0.763"
"38,30 : 0.763"
"30,39 : 0.5941"
"39,30 : 0.5941"
"30,40 : 0.7169"
"40,30 : 0.7169"
"30,41 : 0.3314"
"41,30 : 0.3314"
"30,42 : 0.6519"
"42,30 : 0.6519"
"30,43 : 0.7495"
"43,30 : 0.7495"
"30,44 : 0.3612"
"44,30 : 0.3612"
"30,45 : 0.4982"
"45,30 : 0.4982"
"30,46 : 0.55"
"46,30 : 0.55"
"30,47 : 0.4826"
"47,30 : 0.4826"
"30,48 : 0.492"
"48,30 : 0.492"
"30,49 : 0.3499"
"49,30 : 0.3499"
"31,32 : 0.27"
"32,31 : 0.27"
"31,33 : 0.5054"
"33,31 : 0.5054"
"31,34 : 0.2657"
"34,31 : 0.2657"
"31,35 : 0.3912"
"35,31 : 0.3912"
"31,36 : 0.4632"
"36,31 : 0.4632"
"31,37 : 0.5704"
"37,31 : 0.5704"
"31,38 : 0.2968"
"38,31 : 0.2968"
"31,39 : 0.3306"
"39,31 : 0.3306"
"31,40 : 0.3053"
"40,31 : 0.3053"
"31,41 : 0.586"
"41,31 : 0.586"
"31,42 : 0.3338"
"42,31 : 0.3338"
"31,43 : 0.3041"
"43,31 : 0.3041"
"31,44 : 0.3183"
"44,31 : 0.3183"
"31,45 : 0.3102"
"45,31 : 0.3102"
"31,46 : 0.7582"
"46,31 : 0.7582"
"31,47 : 0.0728"
"47,31 : 0.0728"
"31,48 : 0.4206"
"48,31 : 0.4206"
"31,49 : 0.4525"
"49,31 : 0.4525"
"32,33 : 0.7558"
"33,32 : 0.7558"
"32,34 : 0.0922"
"34,32 : 0.0922"
"32,35 : 0.492"
"35,32 : 0.492"
"32,36 : 0.3905"
"36,32 : 0.3905"
"32,37 : 0.6395"
"37,32 : 0.6395"
"32,38 : 0.1612"
"38,32 : 0.1612"
"32,39 : 0.4393"
"39,32 : 0.4393"
"32,40 : 0.2823"
"40,32 : 0.2823"
"32,41 : 0.8186"
"41,32 : 0.8186"
"32,42 : 0.3966"
"42,32 : 0.3966"
"32,43 : 0.228"
"43,32 : 0.228"
"32,44 : 0.5463"
"44,32 : 0.5463"
"32,45 : 0.478"
"45,32 : 0.478"
"32,46 : 0.958"
"46,32 : 0.958"
"32,47 : 0.2983"
"47,32 : 0.2983"
"32,48 : 0.5982"
"48,32 : 0.5982"
"32,49 : 0.6712"
"49,32 : 0.6712"
"33,34 : 0.7139"
"34,33 : 0.7139"
"33,35 : 0.4494"
"35,33 : 0.4494"
"33,36 : 0.9351"
"36,33 : 0.9351"
"33,37 : 0.9082"
"37,33 : 0.9082"
"33,38 : 0.8013"
"38,33 : 0.8013"
"33,39 : 0.4415"
"39,33 : 0.4415"
"33,40 : 0.6107"
"40,33 : 0.6107"
"33,41 : 0.5803"
"41,33 : 0.5803"
"33,42 : 0.5099"
"42,33 : 0.5099"
"33,43 : 0.6601"
"43,33 : 0.6601"
"33,44 : 0.2202"
"44,33 : 0.2202"
"33,45 : 0.3453"
"45,33 : 0.3453"
"33,46 : 0.8016"
"46,33 : 0.8016"
"33,47 : 0.5243"
"47,33 : 0.5243"
"33,48 : 0.2865"
"48,33 : 0.2865"
"33,49 : 0.5652"
"49,33 : 0.5652"
"34,35 : 0.4104"
"35,34 : 0.4104"
"34,36 : 0.48"
"36,34 : 0.48"
"34,37 : 0.7131"
"37,34 : 0.7131"
"34,38 : 0.25"
"38,34 : 0.25"
"34,39 : 0.3612"
"39,34 : 0.3612"
"34,40 : 0.1924"
"40,34 : 0.1924"
"34,41 : 0.8438"
"41,34 : 0.8438"
"34,42 : 0.3124"
"42,34 : 0.3124"
"34,43 : 0.136"
"43,34 : 0.136"
"34,44 : 0.4973"
"44,34 : 0.4973"
"34,45 : 0.4118"
"45,34 : 0.4118"
"34,46 : 0.999"
"46,34 : 0.999"
"34,47 : 0.3138"
"47,34 : 0.3138"
"34,48 : 0.53"
"48,34 : 0.53"
"34,49 : 0.7021"
"49,34 : 0.7021"
"35,36 : 0.8287"
"36,35 : 0.8287"
"35,37 : 0.9601"
"37,35 : 0.9601"
"35,38 : 0.6172"
"38,35 : 0.6172"
"35,39 : 0.0608"
"39,35 : 0.0608"
"35,40 : 0.2302"
"40,35 : 0.2302"
"35,41 : 0.8609"
"41,35 : 0.8609"
"35,42 : 0.1"
"42,35 : 0.1"
"35,43 : 0.2941"
"43,35 : 0.2941"
"35,44 : 0.2625"
"44,35 : 0.2625"
"35,45 : 0.1281"
"45,35 : 0.1281"
"35,46 : 1.0689"
"46,35 : 1.0689"
"35,47 : 0.4601"
"47,35 : 0.4601"
"35,48 : 0.1712"
"48,35 : 0.1712"
"35,49 : 0.7669"
"49,35 : 0.7669"
"36,37 : 0.3245"
"37,36 : 0.3245"
"36,38 : 0.23"
"38,36 : 0.23"
"36,39 : 0.769"
"39,36 : 0.769"
"36,40 : 0.6562"
"40,36 : 0.6562"
"36,41 : 0.7211"
"41,36 : 0.7211"
"36,42 : 0.7473"
"42,36 : 0.7473"
"36,43 : 0.6113"
"43,36 : 0.6113"
"36,44 : 0.7762"
"44,36 : 0.7762"
"36,45 : 0.7694"
"45,36 : 0.7694"
"36,46 : 0.7713"
"46,36 : 0.7713"
"36,47 : 0.4187"
"47,36 : 0.4187"
"36,48 : 0.8832"
"48,36 : 0.8832"
"36,49 : 0.5743"
"49,36 : 0.5743"
"37,38 : 0.4909"
"38,37 : 0.4909"
"37,39 : 0.9"
"39,37 : 0.9"
"37,40 : 0.8493"
"40,37 : 0.8493"
"37,41 : 0.5009"
"41,37 : 0.5009"
"37,42 : 0.9027"
"42,37 : 0.9027"
"37,43 : 0.8228"
"43,37 : 0.8228"
"37,44 : 0.8174"
"44,37 : 0.8174"
"37,45 : 0.8647"
"45,37 : 0.8647"
"37,46 : 0.48"
"46,37 : 0.48"
"37,47 : 0.5"
"47,37 : 0.5"
"37,48 : 0.9571"
"48,37 : 0.9571"
"37,49 : 0.3905"
"49,37 : 0.3905"
"38,39 : 0.5595"
"39,38 : 0.5595"
"38,40 : 0.4295"
"40,38 : 0.4295"
"38,41 : 0.7446"
"41,38 : 0.7446"
"38,42 : 0.5292"
"42,38 : 0.5292"
"38,43 : 0.3821"
"43,38 : 0.3821"
"38,44 : 0.6122"
"44,38 : 0.6122"
"38,45 : 0.5763"
"45,38 : 0.5763"
"38,46 : 0.8548"
"46,38 : 0.8548"
"38,47 : 0.2846"
"47,38 : 0.2846"
"38,48 : 0.6953"
"48,38 : 0.6953"
"38,49 : 0.592"
"49,38 : 0.592"
"39,40 : 0.1931"
"40,39 : 0.1931"
"39,41 : 0.8154"
"41,39 : 0.8154"
"39,42 : 0.07"
"42,39 : 0.07"
"39,43 : 0.255"
"43,39 : 0.255"
"39,44 : 0.2371"
"44,39 : 0.2371"
"39,45 : 0.0985"
"45,39 : 0.0985"
"39,46 : 1.02"
"46,39 : 1.02"
"39,47 : 0.4"
"47,39 : 0.4"
"39,48 : 0.1844"
"48,39 : 0.1844"
"39,49 : 0.7159"
"49,39 : 0.7159"
"40,41 : 0.8769"
"41,40 : 0.8769"
"40,42 : 0.1304"
"42,40 : 0.1304"
"40,43 : 0.064"
"43,40 : 0.064"
"40,44 : 0.392"
"44,40 : 0.392"
"40,45 : 0.2717"
"45,40 : 0.2717"
"40,46 : 1.0604"
"46,40 : 1.0604"
"40,47 : 0.3759"
"47,40 : 0.3759"
"40,48 : 0.3764"
"48,40 : 0.3764"
"40,49 : 0.7529"
"49,40 : 0.7529"
"41,42 : 0.856"
"42,41 : 0.856"
"41,43 : 0.8873"
"43,41 : 0.8873"
"41,44 : 0.6185"
"44,41 : 0.6185"
"41,45 : 0.7343"
"45,41 : 0.7343"
"41,46 : 0.222"
"46,41 : 0.222"
"41,47 : 0.53"
"47,41 : 0.53"
"41,48 : 0.769"
"48,41 : 0.769"
"41,49 : 0.153"
"49,41 : 0.153"
"42,43 : 0.1942"
"43,42 : 0.1942"
"42,44 : 0.3008"
"44,42 : 0.3008"
"42,45 : 0.1649"
"45,42 : 0.1649"
"42,46 : 1.0548"
"46,42 : 1.0548"
"42,47 : 0.4061"
"47,42 : 0.4061"
"42,48 : 0.2532"
"48,42 : 0.2532"
"42,49 : 0.7479"
"49,42 : 0.7479"
"43,44 : 0.44"
"44,43 : 0.44"
