x,y
0.35,0.34
0.23,0.65
0.75,0.72
0.74,0.41
0.06,0.55
0.16,0.39
0.06,0.81
0.23,0.86
0.97,0.83
0.46,0.81
0.17,0.1
0.47,0.3
0.41,0.11
0.11,0.51
0.31,0.09
0.64,0.84
0.08,0.02
0.46,0.31
0.4,0.18
0.58,0.23
0.99,0.95
0.81,0.18
0.26,0.43
0.28,0.27
0.66,0.66
0.09,0.44
0.03,0.64
0.53,0.79
0.96,0.59
0.1,0.13
0.34,0.68
0.01,0.63
0.61,0.8
0.3,0.01
0.76,0.62
0.76,0.02
0.38,0.53
0.56,0.83
0.37,0.08
0.33,0.37
0.42,0.33
0.59,0.78
0.87,0.58
0.35,0.29
0.27,0.15
0.54,0.35
0.19,0.14
0.3,0.5
0.43,0.34
0.24,0.91

Distanze
"0,1 : 0.3324"
"1,0 : 0.3324"
"0,2 : 0.5517"
"2,0 : 0.5517"
"0,3 : 0.3962"
"3,0 : 0.3962"
"0,4 : 0.3581"
"4,0 : 0.3581"
"0,5 : 0.1965"
"5,0 : 0.1965"
"0,6 : 0.5523"
"6,0 : 0.5523"
"0,7 : 0.5337"
"7,0 : 0.5337"
"0,8 : 0.7903"
"8,0 : 0.7903"
"0,9 : 0.4827"
"9,0 : 0.4827"
"0,10 : 0.3"
"10,0 : 0.3"
"0,11 : 0.1265"
"11,0 : 0.1265"
"0,12 : 0.2377"
"12,0 : 0.2377"
"0,13 : 0.2941"
"13,0 : 0.2941"
"0,14 : 0.2532"
"14,0 : 0.2532"
"0,15 : 0.578"
"15,0 : 0.578"
"0,16 : 0.4187"
"16,0 : 0.4187"
"0,17 : 0.114"
"17,0 : 0.114"
"0,18 : 0.1676"
"18,0 : 0.1676"
"0,19 : 0.255"
"19,0 : 0.255"
"0,20 : 0.8841"
"20,0 : 0.8841"
"0,21 : 0.487"
"21,0 : 0.487"
"0,22 : 0.1273"
"22,0 : 0.1273"
"0,23 : 0.099"
"23,0 : 0.099"
"0,24 : 0.4455"
"24,0 : 0.4455"
"0,25 : 0.2786"
"25,0 : 0.2786"
"0,26 : 0.4386"
"26,0 : 0.4386"
"0,27 : 0.4847"
"27,0 : 0.4847"
"0,28 : 0.6592"
"28,0 : 0.6592"
"0,29 : 0.3265"
"29,0 : 0.3265"
"0,30 : 0.3401"
"30,0 : 0.3401"
"0,31 : 0.4469"
"31,0 : 0.4469"
"0,32 : 0.5284"
"32,0 : 0.5284"
"0,33 : 0.3338"
"33,0 : 0.3338"
"0,34 : 0.4965"
"34,0 : 0.4965"
"0,35 : 0.5201"
"35,0 : 0.5201"
"0,36 : 0.1924"
"36,0 : 0.1924"
"0,37 : 0.5331"
"37,0 : 0.5331"
"0,38 : 0.2608"
"38,0 : 0.2608"
"0,39 : 0.0361"
"39,0 : 0.0361"
"0,40 : 0.0707"
"40,0 : 0.0707"
"0,41 : 0.5012"
"41,0 : 0.5012"
"0,42 : 0.5727"
"42,0 : 0.5727"
"0,43 : 0.05"
"43,0 : 0.05"
"0,44 : 0.2062"
"44,0 : 0.2062"
"0,45 : 0.1903"
"45,0 : 0.1903"
"0,46 : 0.2561"
"46,0 : 0.2561"
"0,47 : 0.1676"
"47,0 : 0.1676"
"0,48 : 0.08"
"48,0 : 0.08"
"0,49 : 0.5805"
"49,0 : 0.5805"
"1,2 : 0.5247"
"2,1 : 0.5247"
"1,3 : 0.5636"
"3,1 : 0.5636"
"1,4 : 0.1972"
"4,1 : 0.1972"
"1,5 : 0.2693"
"5,1 : 0.2693"
"1,6 : 0.2335"
"6,1 : 0.2335"
"1,7 : 0.21"
"7,1 : 0.21"
"1,8 : 0.7616"
"8,1 : 0.7616"
"1,9 : 0.2802"
"9,1 : 0.2802"
"1,10 : 0.5533"
"10,1 : 0.5533"
"1,11 : 0.4244"
"11,1 : 0.4244"
"1,12 : 0.5692"
"12,1 : 0.5692"
"1,13 : 0.1844"
"13,1 : 0.1844"
"1,14 : 0.5657"
"14,1 : 0.5657"
"1,15 : 0.4519"
"15,1 : 0.4519"
"1,16 : 0.6476"
"16,1 : 0.6476"
"1,17 : 0.4105"
"17,1 : 0.4105"
"1,18 : 0.4998"
"18,1 : 0.4998"
"1,19 : 0.5467"
"19,1 : 0.5467"
"1,20 : 0.8171"
"20,1 : 0.8171"
"1,21 : 0.7465"
"21,1 : 0.7465"
"1,22 : 0.222"
"22,1 : 0.222"
"1,23 : 0.3833"
"23,1 : 0.3833"
"1,24 : 0.4301"
"24,1 : 0.4301"
"1,25 : 0.2524"
"25,1 : 0.2524"
"1,26 : 0.2002"
"26,1 : 0.2002"
"1,27 : 0.3311"
"27,1 : 0.3311"
"1,28 : 0.7325"
"28,1 : 0.7325"
"1,29 : 0.536"
"29,1 : 0.536"
"1,30 : 0.114"
"30,1 : 0.114"
"1,31 : 0.2209"
"31,1 : 0.2209"
"1,32 : 0.4085"
"32,1 : 0.4085"
"1,33 : 0.6438"
"33,1 : 0.6438"
"1,34 : 0.5308"
"34,1 : 0.5308"
"1,35 : 0.8233"
"35,1 : 0.8233"
"1,36 : 0.1921"
"36,1 : 0.1921"
"1,37 : 0.3759"
"37,1 : 0.3759"
"1,38 : 0.5869"
"38,1 : 0.5869"
"1,39 : 0.2973"
"39,1 : 0.2973"
"1,40 : 0.3722"
"40,1 : 0.3722"
"1,41 : 0.3828"
"41,1 : 0.3828"
"1,42 : 0.6438"
"42,1 : 0.6438"
"1,43 : 0.3795"
"43,1 : 0.3795"
"1,44 : 0.5016"
"44,1 : 0.5016"
"1,45 : 0.4314"
"45,1 : 0.4314"
"1,46 : 0.5116"
"46,1 : 0.5116"
"1,47 : 0.1655"
"47,1 : 0.1655"
"1,48 : 0.3689"
"48,1 : 0.3689"
"1,49 : 0.2602"
"49,1 : 0.2602"
"2,3 : 0.3102"
"3,2 : 0.3102"
"2,4 : 0.7106"
"4,2 : 0.7106"
"2,5 : 0.676"
"5,2 : 0.676"
"2,6 : 0.6958"
"6,2 : 0.6958"
"2,7 : 0.5385"
"7,2 : 0.5385"
"2,8 : 0.246"
"8,2 : 0.246"
"2,9 : 0.3036"
"9,2 : 0.3036"
"2,10 : 0.849"
"10,2 : 0.849"
"2,11 : 0.5048"
"11,2 : 0.5048"
"2,12 : 0.6984"
"12,2 : 0.6984"
"2,13 : 0.6736"
"13,2 : 0.6736"
"2,14 : 0.7684"
"14,2 : 0.7684"
"2,15 : 0.1628"
"15,2 : 0.1628"
"2,16 : 0.969"
"16,2 : 0.969"
"2,17 : 0.5022"
"17,2 : 0.5022"
"2,18 : 0.6435"
"18,2 : 0.6435"
"2,19 : 0.5187"
"19,2 : 0.5187"
"2,20 : 0.3324"
"20,2 : 0.3324"
"2,21 : 0.5433"
"21,2 : 0.5433"
"2,22 : 0.5694"
"22,2 : 0.5694"
"2,23 : 0.6507"
"23,2 : 0.6507"
"2,24 : 0.1082"
"24,2 : 0.1082"
"2,25 : 0.7169"
"25,2 : 0.7169"
"2,26 : 0.7244"
"26,2 : 0.7244"
"2,27 : 0.2309"
"27,2 : 0.2309"
"2,28 : 0.247"
"28,2 : 0.247"
"2,29 : 0.8778"
"29,2 : 0.8778"
"2,30 : 0.4119"
"30,2 : 0.4119"
"2,31 : 0.7455"
"31,2 : 0.7455"
"2,32 : 0.1612"
"32,2 : 0.1612"
"2,33 : 0.8406"
"33,2 : 0.8406"
"2,34 : 0.1005"
"34,2 : 0.1005"
"2,35 : 0.7001"
"35,2 : 0.7001"
"2,36 : 0.4159"
"36,2 : 0.4159"
"2,37 : 0.2195"
"37,2 : 0.2195"
"2,38 : 0.7443"
"38,2 : 0.7443"
"2,39 : 0.5467"
"39,2 : 0.5467"
"2,40 : 0.5109"
"40,2 : 0.5109"
"2,41 : 0.1709"
"41,2 : 0.1709"
"2,42 : 0.1844"
"42,2 : 0.1844"
"2,43 : 0.5873"
"43,2 : 0.5873"
"2,44 : 0.7452"
"44,2 : 0.7452"
"2,45 : 0.4254"
"45,2 : 0.4254"
"2,46 : 0.8062"
"46,2 : 0.8062"
"2,47 : 0.5009"
"47,2 : 0.5009"
"2,48 : 0.4968"
"48,2 : 0.4968"
"2,49 : 0.5442"
"49,2 : 0.5442"
"3,4 : 0.6943"
"4,3 : 0.6943"
"3,5 : 0.5803"
"5,3 : 0.5803"
"3,6 : 0.7889"
"6,3 : 0.7889"
"3,7 : 0.6801"
"7,3 : 0.6801"
"3,8 : 0.4789"
"8,3 : 0.4789"
"3,9 : 0.4883"
"9,3 : 0.4883"
"3,10 : 0.6488"
"10,3 : 0.6488"
"3,11 : 0.2915"
"11,3 : 0.2915"
"3,12 : 0.446"
"12,3 : 0.446"
"3,13 : 0.6379"
"13,3 : 0.6379"
"3,14 : 0.536"
"14,3 : 0.536"
"3,15 : 0.4415"
"15,3 : 0.4415"
"3,16 : 0.7666"
"16,3 : 0.7666"
"3,17 : 0.2973"
"17,3 : 0.2973"
"3,18 : 0.4105"
"18,3 : 0.4105"
"3,19 : 0.2408"
"19,3 : 0.2408"
"3,20 : 0.5951"
"20,3 : 0.5951"
"3,21 : 0.2404"
"21,3 : 0.2404"
"3,22 : 0.4804"
"22,3 : 0.4804"
"3,23 : 0.4808"
"23,3 : 0.4808"
"3,24 : 0.2625"
"24,3 : 0.2625"
"3,25 : 0.6507"
"25,3 : 0.6507"
"3,26 : 0.7463"
"26,3 : 0.7463"
"3,27 : 0.4342"
"27,3 : 0.4342"
"3,28 : 0.2843"
"28,3 : 0.2843"
"3,29 : 0.6986"
"29,3 : 0.6986"
"3,30 : 0.4826"
"30,3 : 0.4826"
"3,31 : 0.7624"
"31,3 : 0.7624"
"3,32 : 0.4111"
"32,3 : 0.4111"
"3,33 : 0.5946"
"33,3 : 0.5946"
"3,34 : 0.211"
"34,3 : 0.211"
"3,35 : 0.3905"
"35,3 : 0.3905"
"3,36 : 0.3795"
"36,3 : 0.3795"
"3,37 : 0.4569"
"37,3 : 0.4569"
"3,38 : 0.4958"
"38,3 : 0.4958"
"3,39 : 0.4119"
"39,3 : 0.4119"
"3,40 : 0.3298"
"40,3 : 0.3298"
"3,41 : 0.3992"
"41,3 : 0.3992"
"3,42 : 0.214"
"42,3 : 0.214"
"3,43 : 0.408"
"43,3 : 0.408"
"3,44 : 0.5371"
"44,3 : 0.5371"
"3,45 : 0.2088"
"45,3 : 0.2088"
"3,46 : 0.6127"
"46,3 : 0.6127"
"3,47 : 0.4491"
"47,3 : 0.4491"
"3,48 : 0.3178"
"48,3 : 0.3178"
"3,49 : 0.7071"
"49,3 : 0.7071"
"4,5 : 0.1887"
"5,4 : 0.1887"
"4,6 : 0.26"
"6,4 : 0.26"
"4,7 : 0.3536"
"7,4 : 0.3536"
"4,8 : 0.9521"
"8,4 : 0.9521"
"4,9 : 0.4771"
"9,4 : 0.4771"
"4,10 : 0.4632"
"10,4 : 0.4632"
"4,11 : 0.4802"
"11,4 : 0.4802"
"4,12 : 0.5622"
"12,4 : 0.5622"
"4,13 : 0.064"
"13,4 : 0.064"
"4,14 : 0.5235"
"14,4 : 0.5235"
"4,15 : 0.6485"
"15,4 : 0.6485"
"4,16 : 0.5304"
"16,4 : 0.5304"
"4,17 : 0.4665"
"17,4 : 0.4665"
"4,18 : 0.5025"
"18,4 : 0.5025"
"4,19 : 0.6106"
"19,4 : 0.6106"
"4,20 : 1.0124"
"20,4 : 1.0124"
"4,21 : 0.8363"
"21,4 : 0.8363"
"4,22 : 0.2332"
"22,4 : 0.2332"
"4,23 : 0.3561"
"23,4 : 0.3561"
"4,24 : 0.61"
"24,4 : 0.61"
"4,25 : 0.114"
"25,4 : 0.114"
"4,26 : 0.0949"
"26,4 : 0.0949"
"4,27 : 0.5277"
"27,4 : 0.5277"
"4,28 : 0.9009"
"28,4 : 0.9009"
"4,29 : 0.4219"
"29,4 : 0.4219"
"4,30 : 0.3087"
"30,4 : 0.3087"
"4,31 : 0.0943"
"31,4 : 0.0943"
"4,32 : 0.6042"
"32,4 : 0.6042"
"4,33 : 0.5909"
"33,4 : 0.5909"
"4,34 : 0.7035"
"34,4 : 0.7035"
"4,35 : 0.878"
"35,4 : 0.878"
"4,36 : 0.3206"
"36,4 : 0.3206"
"4,37 : 0.5731"
"37,4 : 0.5731"
"4,38 : 0.563"
"38,4 : 0.563"
"4,39 : 0.3245"
"39,4 : 0.3245"
"4,40 : 0.4219"
"40,4 : 0.4219"
"4,41 : 0.5778"
"41,4 : 0.5778"
"4,42 : 0.8106"
"42,4 : 0.8106"
"4,43 : 0.3895"
"43,4 : 0.3895"
"4,44 : 0.4518"
"44,4 : 0.4518"
"4,45 : 0.52"
"45,4 : 0.52"
"4,46 : 0.4301"
"46,4 : 0.4301"
"4,47 : 0.2452"
"47,4 : 0.2452"
"4,48 : 0.4254"
"48,4 : 0.4254"
"4,49 : 0.4025"
"49,4 : 0.4025"
"5,6 : 0.4317"
"6,5 : 0.4317"
"5,7 : 0.4752"
"7,5 : 0.4752"
"5,8 : 0.9218"
"8,5 : 0.9218"
"5,9 : 0.5161"
"9,5 : 0.5161"
"5,10 : 0.2902"
"10,5 : 0.2902"
"5,11 : 0.3228"
"11,5 : 0.3228"
"5,12 : 0.3754"
"12,5 : 0.3754"
"5,13 : 0.13"
"13,5 : 0.13"
"5,14 : 0.3354"
"14,5 : 0.3354"
"5,15 : 0.658"
"15,5 : 0.658"
"5,16 : 0.3785"
"16,5 : 0.3785"
"5,17 : 0.3105"
"17,5 : 0.3105"
"5,18 : 0.3189"
"18,5 : 0.3189"
"5,19 : 0.4494"
"19,5 : 0.4494"
"5,20 : 1.0012"
"20,5 : 1.0012"
"5,21 : 0.6831"
"21,5 : 0.6831"
"5,22 : 0.1077"
"22,5 : 0.1077"
"5,23 : 0.1697"
"23,5 : 0.1697"
"5,24 : 0.5682"
"24,5 : 0.5682"
"5,25 : 0.086"
"25,5 : 0.086"
"5,26 : 0.2818"
"26,5 : 0.2818"
"5,27 : 0.5449"
"27,5 : 0.5449"
"5,28 : 0.8246"
"28,5 : 0.8246"
"5,29 : 0.2668"
"29,5 : 0.2668"
"5,30 : 0.3413"
"30,5 : 0.3413"
"5,31 : 0.283"
"31,5 : 0.283"
"5,32 : 0.6088"
"32,5 : 0.6088"
"5,33 : 0.405"
"33,5 : 0.405"
"5,34 : 0.6426"
"34,5 : 0.6426"
"5,35 : 0.7049"
"35,5 : 0.7049"
"5,36 : 0.2608"
"36,5 : 0.2608"
"5,37 : 0.5946"
"37,5 : 0.5946"
"5,38 : 0.3744"
"38,5 : 0.3744"
"5,39 : 0.1712"
"39,5 : 0.1712"
"5,40 : 0.2668"
"40,5 : 0.2668"
"5,41 : 0.5805"
"41,5 : 0.5805"
"5,42 : 0.735"
"42,5 : 0.735"
"5,43 : 0.2147"
"43,5 : 0.2147"
"5,44 : 0.264"
"44,5 : 0.264"
"5,45 : 0.3821"
"45,5 : 0.3821"
"5,46 : 0.2518"
"46,5 : 0.2518"
"5,47 : 0.178"
"47,5 : 0.178"
"5,48 : 0.2746"
"48,5 : 0.2746"
"5,49 : 0.5261"
"49,5 : 0.5261"
"6,7 : 0.1772"
"7,6 : 0.1772"
"6,8 : 0.9102"
"8,6 : 0.9102"
"6,9 : 0.4"
"9,6 : 0.4"
"6,10 : 0.7185"
"10,6 : 0.7185"
"6,11 : 0.6544"
"11,6 : 0.6544"
"6,12 : 0.7826"
"12,6 : 0.7826"
"6,13 : 0.3041"
"13,6 : 0.3041"
"6,14 : 0.7622"
"14,6 : 0.7622"
"6,15 : 0.5808"
"15,6 : 0.5808"
"6,16 : 0.7903"
"16,6 : 0.7903"
"6,17 : 0.6403"
"17,6 : 0.6403"
"6,18 : 0.7159"
"18,6 : 0.7159"
"6,19 : 0.779"
"19,6 : 0.779"
"6,20 : 0.9405"
"20,6 : 0.9405"
"6,21 : 0.9795"
"21,6 : 0.9795"
"6,22 : 0.4294"
"22,6 : 0.4294"
"6,23 : 0.5831"
"23,6 : 0.5831"
"6,24 : 0.6185"
"24,6 : 0.6185"
"6,25 : 0.3712"
"25,6 : 0.3712"
"6,26 : 0.1726"
"26,6 : 0.1726"
"6,27 : 0.4704"
"27,6 : 0.4704"
"6,28 : 0.9265"
"28,6 : 0.9265"
"6,29 : 0.6812"
"29,6 : 0.6812"
"6,30 : 0.3087"
"30,6 : 0.3087"
"6,31 : 0.1868"
"31,6 : 0.1868"
"6,32 : 0.5501"
"32,6 : 0.5501"
"6,33 : 0.8352"
"33,6 : 0.8352"
"6,34 : 0.7253"
"34,6 : 0.7253"
"6,35 : 1.0555"
"35,6 : 1.0555"
"6,36 : 0.4252"
"36,6 : 0.4252"
"6,37 : 0.5004"
"37,6 : 0.5004"
"6,38 : 0.7931"
"38,6 : 0.7931"
"6,39 : 0.5162"
"39,6 : 0.5162"
"6,40 : 0.6"
"40,6 : 0.6"
"6,41 : 0.5308"
"41,6 : 0.5308"
"6,42 : 0.842"
"42,6 : 0.842"
"6,43 : 0.5954"
"43,6 : 0.5954"
"6,44 : 0.6926"
"44,6 : 0.6926"
"6,45 : 0.6648"
"45,6 : 0.6648"
"6,46 : 0.6825"
"46,6 : 0.6825"
"6,47 : 0.392"
"47,6 : 0.392"
"6,48 : 0.5982"
"48,6 : 0.5982"
"6,49 : 0.2059"
"49,6 : 0.2059"
"7,8 : 0.7406"
"8,7 : 0.7406"
"7,9 : 0.2354"
"9,7 : 0.2354"
"7,10 : 0.7624"
"10,7 : 0.7624"
"7,11 : 0.6093"
"11,7 : 0.6093"
"7,12 : 0.7713"
"12,7 : 0.7713"
"7,13 : 0.37"
"13,7 : 0.37"
"7,14 : 0.7741"
"14,7 : 0.7741"
"7,15 : 0.4105"
"15,7 : 0.4105"
"7,16 : 0.8533"
"16,7 : 0.8533"
"7,17 : 0.5962"
"17,7 : 0.5962"
"7,18 : 0.7009"
"18,7 : 0.7009"
"7,19 : 0.7207"
"19,7 : 0.7207"
"7,20 : 0.7653"
"20,7 : 0.7653"
"7,21 : 0.8938"
"21,7 : 0.8938"
"7,22 : 0.431"
"22,7 : 0.431"
"7,23 : 0.5921"
"23,7 : 0.5921"
"7,24 : 0.4742"
"24,7 : 0.4742"
"7,25 : 0.4427"
"25,7 : 0.4427"
"7,26 : 0.2973"
"26,7 : 0.2973"
"7,27 : 0.3081"
"27,7 : 0.3081"
"7,28 : 0.7783"
"28,7 : 0.7783"
"7,29 : 0.7415"
"29,7 : 0.7415"
"7,30 : 0.211"
"30,7 : 0.211"
"7,31 : 0.3183"
"31,7 : 0.3183"
"7,32 : 0.3847"
"32,7 : 0.3847"
"7,33 : 0.8529"
"33,7 : 0.8529"
"7,34 : 0.5818"
"34,7 : 0.5818"
"7,35 : 0.9932"
"35,7 : 0.9932"
"7,36 : 0.3625"
"36,7 : 0.3625"
"7,37 : 0.3314"
"37,7 : 0.3314"
"7,38 : 0.7925"
"38,7 : 0.7925"
"7,39 : 0.5001"
"39,7 : 0.5001"
"7,40 : 0.563"
"40,7 : 0.563"
"7,41 : 0.3688"
"41,7 : 0.3688"
"7,42 : 0.6986"
"42,7 : 0.6986"
"7,43 : 0.5825"
"43,7 : 0.5825"
"7,44 : 0.7111"
"44,7 : 0.7111"
"7,45 : 0.5968"
"45,7 : 0.5968"
"7,46 : 0.7211"
"46,7 : 0.7211"
"7,47 : 0.3667"
"47,7 : 0.3667"
"7,48 : 0.5571"
"48,7 : 0.5571"
"7,49 : 0.051"
"49,7 : 0.051"
"8,9 : 0.5104"
"9,8 : 0.5104"
"8,10 : 1.083"
"10,8 : 1.083"
"8,11 : 0.7286"
"11,8 : 0.7286"
"8,12 : 0.9121"
"12,8 : 0.9121"
"8,13 : 0.9176"
"13,8 : 0.9176"
"8,14 : 0.9916"
"14,8 : 0.9916"
"8,15 : 0.3302"
"15,8 : 0.3302"
"8,16 : 1.2034"
"16,8 : 1.2034"
"8,17 : 0.7284"
"17,8 : 0.7284"
"8,18 : 0.8645"
"18,8 : 0.8645"
"8,19 : 0.7156"
"19,8 : 0.7156"
"8,20 : 0.1217"
"20,8 : 0.1217"
"8,21 : 0.6694"
"21,8 : 0.6694"
"8,22 : 0.8149"
"22,8 : 0.8149"
"8,23 : 0.8887"
"23,8 : 0.8887"
"8,24 : 0.3536"
"24,8 : 0.3536"
"8,25 : 0.9625"
"25,8 : 0.9625"
"8,26 : 0.959"
"26,8 : 0.959"
"8,27 : 0.4418"
"27,8 : 0.4418"
"8,28 : 0.2402"
"28,8 : 0.2402"
"8,29 : 1.1166"
"29,8 : 1.1166"
"8,30 : 0.6476"
"30,8 : 0.6476"
"8,31 : 0.9806"
"31,8 : 0.9806"
"8,32 : 0.3612"
"32,8 : 0.3612"
"8,33 : 1.0589"
"33,8 : 1.0589"
"8,34 : 0.297"
"34,8 : 0.297"
"8,35 : 0.8368"
"35,8 : 0.8368"
"8,36 : 0.6619"
"36,8 : 0.6619"
"8,37 : 0.41"
"37,8 : 0.41"
"8,38 : 0.9605"
"38,8 : 0.9605"
"8,39 : 0.7882"
"39,8 : 0.7882"
"8,40 : 0.7433"
"40,8 : 0.7433"
"8,41 : 0.3833"
"41,8 : 0.3833"
"8,42 : 0.2693"
"42,8 : 0.2693"
"8,43 : 0.8222"
"43,8 : 0.8222"
"8,44 : 0.9759"
"44,8 : 0.9759"
"8,45 : 0.6444"
"45,8 : 0.6444"
"8,46 : 1.0414"
"46,8 : 1.0414"
"8,47 : 0.7469"
"47,8 : 0.7469"
"8,48 : 0.7292"
"48,8 : 0.7292"
"8,49 : 0.7344"
"49,8 : 0.7344"
"9,10 : 0.7669"
"10,9 : 0.7669"
"9,11 : 0.5101"
"11,9 : 0.5101"
"9,12 : 0.7018"
"12,9 : 0.7018"
"9,13 : 0.461"
"13,9 : 0.461"
"9,14 : 0.7355"
"14,9 : 0.7355"
"9,15 : 0.1825"
"15,9 : 0.1825"
"9,16 : 0.8766"
"16,9 : 0.8766"
"9,17 : 0.5"
"17,9 : 0.5"
"9,18 : 0.6329"
"18,9 : 0.6329"
"9,19 : 0.5923"
"19,9 : 0.5923"
"9,20 : 0.5482"
"20,9 : 0.5482"
"9,21 : 0.7207"
"21,9 : 0.7207"
"9,22 : 0.4294"
"22,9 : 0.4294"
"9,23 : 0.5692"
"23,9 : 0.5692"
"9,24 : 0.25"
"24,9 : 0.25"
"9,25 : 0.5233"
"25,9 : 0.5233"
"9,26 : 0.4624"
"26,9 : 0.4624"
"9,27 : 0.0728"
"27,9 : 0.0728"
"9,28 : 0.5463"
"28,9 : 0.5463"
"9,29 : 0.7694"
"29,9 : 0.7694"
"9,30 : 0.1769"
"30,9 : 0.1769"
"9,31 : 0.4847"
"31,9 : 0.4847"
"9,32 : 0.1503"
"32,9 : 0.1503"
"9,33 : 0.8158"
"33,9 : 0.8158"
"9,34 : 0.3551"
"34,9 : 0.3551"
"9,35 : 0.845"
"35,9 : 0.845"
"9,36 : 0.2912"
"36,9 : 0.2912"
"9,37 : 0.102"
"37,9 : 0.102"
"9,38 : 0.7355"
"38,9 : 0.7355"
"9,39 : 0.4588"
"39,9 : 0.4588"
"9,40 : 0.4817"
"40,9 : 0.4817"
"9,41 : 0.1334"
"41,9 : 0.1334"
"9,42 : 0.4701"
"42,9 : 0.4701"
"9,43 : 0.5315"
"43,9 : 0.5315"
"9,44 : 0.6868"
"44,9 : 0.6868"
"9,45 : 0.4669"
"45,9 : 0.4669"
"9,46 : 0.7224"
"46,9 : 0.7224"
"9,47 : 0.3489"
"47,9 : 0.3489"
"9,48 : 0.471"
"48,9 : 0.471"
"9,49 : 0.2417"
"49,9 : 0.2417"
"10,11 : 0.3606"
"11,10 : 0.3606"
"10,12 : 0.2402"
"12,10 : 0.2402"
"10,13 : 0.4144"
"13,10 : 0.4144"
"10,14 : 0.1404"
"14,10 : 0.1404"
"10,15 : 0.8766"
"15,10 : 0.8766"
"10,16 : 0.1204"
"16,10 : 0.1204"
"10,17 : 0.3581"
"17,10 : 0.3581"
"10,18 : 0.2435"
"18,10 : 0.2435"
"10,19 : 0.4301"
"19,10 : 0.4301"
"10,20 : 1.1811"
"20,10 : 1.1811"
"10,21 : 0.645"
"21,10 : 0.645"
"10,22 : 0.3421"
"22,10 : 0.3421"
"10,23 : 0.2025"
"23,10 : 0.2025"
"10,24 : 0.7441"
"24,10 : 0.7441"
"10,25 : 0.3493"
"25,10 : 0.3493"
"10,26 : 0.5579"
"26,10 : 0.5579"
"10,27 : 0.7783"
"27,10 : 0.7783"
"10,28 : 0.9296"
"28,10 : 0.9296"
"10,29 : 0.0762"
"29,10 : 0.0762"
"10,30 : 0.6044"
"30,10 : 0.6044"
"10,31 : 0.5536"
"31,10 : 0.5536"
"10,32 : 0.8268"
"32,10 : 0.8268"
"10,33 : 0.1581"
"33,10 : 0.1581"
"10,34 : 0.7864"
"34,10 : 0.7864"
"10,35 : 0.5954"
"35,10 : 0.5954"
"10,36 : 0.4785"
"36,10 : 0.4785"
"10,37 : 0.8276"
"37,10 : 0.8276"
"10,38 : 0.201"
"38,10 : 0.201"
"10,39 : 0.3138"
"39,10 : 0.3138"
"10,40 : 0.3397"
"40,10 : 0.3397"
"10,41 : 0.7992"
"41,10 : 0.7992"
"10,42 : 0.8488"
"42,10 : 0.8488"
"10,43 : 0.2617"
"43,10 : 0.2617"
"10,44 : 0.1118"
"44,10 : 0.1118"
"10,45 : 0.4465"
"45,10 : 0.4465"
"10,46 : 0.0447"
"46,10 : 0.0447"
"10,47 : 0.4206"
"47,10 : 0.4206"
"10,48 : 0.3538"
"48,10 : 0.3538"
"10,49 : 0.813"
"49,10 : 0.813"
"11,12 : 0.1992"
"12,11 : 0.1992"
"11,13 : 0.4168"
"13,11 : 0.4168"
"11,14 : 0.264"
"14,11 : 0.264"
"11,15 : 0.5661"
"15,11 : 0.5661"
"11,16 : 0.4801"
"16,11 : 0.4801"
"11,17 : 0.0141"
"17,11 : 0.0141"
"11,18 : 0.1389"
"18,11 : 0.1389"
"11,19 : 0.1304"
"19,11 : 0.1304"
"11,20 : 0.8324"
"20,11 : 0.8324"
"11,21 : 0.3606"
"21,11 : 0.3606"
"11,22 : 0.247"
"22,11 : 0.247"
"11,23 : 0.1924"
"23,11 : 0.1924"
"11,24 : 0.4071"
"24,11 : 0.4071"
"11,25 : 0.405"
"25,11 : 0.405"
"11,26 : 0.5561"
"26,11 : 0.5561"
"11,27 : 0.4937"
"27,11 : 0.4937"
"11,28 : 0.5694"
"28,11 : 0.5694"
"11,29 : 0.4072"
"29,11 : 0.4072"
"11,30 : 0.4016"
"30,11 : 0.4016"
"11,31 : 0.5661"
"31,11 : 0.5661"
"11,32 : 0.5192"
"32,11 : 0.5192"
"11,33 : 0.3362"
"33,11 : 0.3362"
"11,34 : 0.4319"
"34,11 : 0.4319"
"11,35 : 0.4031"
"35,11 : 0.4031"
"11,36 : 0.247"
"36,11 : 0.247"
"11,37 : 0.5376"
"37,11 : 0.5376"
"11,38 : 0.2417"
"38,11 : 0.2417"
"11,39 : 0.1565"
"39,11 : 0.1565"
"11,40 : 0.0583"
"40,11 : 0.0583"
"11,41 : 0.4948"
"41,11 : 0.4948"
"11,42 : 0.4883"
"42,11 : 0.4883"
"11,43 : 0.1204"
"43,11 : 0.1204"
"11,44 : 0.25"
"44,11 : 0.25"
"11,45 : 0.086"
"45,11 : 0.086"
"11,46 : 0.3225"
"46,11 : 0.3225"
"11,47 : 0.2625"
"47,11 : 0.2625"
"11,48 : 0.0566"
"48,11 : 0.0566"
"11,49 : 0.6519"
"49,11 : 0.6519"
"12,13 : 0.5"
"13,12 : 0.5"
"12,14 : 0.102"
"14,12 : 0.102"
"12,15 : 0.7654"
"15,12 : 0.7654"
"12,16 : 0.3421"
"16,12 : 0.3421"
"12,17 : 0.2062"
"17,12 : 0.2062"
"12,18 : 0.0707"
"18,12 : 0.0707"
"12,19 : 0.2081"
"19,12 : 0.2081"
"12,20 : 1.0208"
"20,12 : 1.0208"
"12,21 : 0.4061"
"21,12 : 0.4061"
"12,22 : 0.3534"
"22,12 : 0.3534"
"12,23 : 0.2062"
"23,12 : 0.2062"
"12,24 : 0.6042"
"24,12 : 0.6042"
"12,25 : 0.4597"
"25,12 : 0.4597"
"12,26 : 0.6522"
"26,12 : 0.6522"
"12,27 : 0.6905"
"27,12 : 0.6905"
"12,28 : 0.73"
"28,12 : 0.73"
"12,29 : 0.3106"
"29,12 : 0.3106"
"12,30 : 0.5743"
"30,12 : 0.5743"
"12,31 : 0.656"
"31,12 : 0.656"
"12,32 : 0.7184"
"32,12 : 0.7184"
"12,33 : 0.1487"
"33,12 : 0.1487"
"12,34 : 0.6185"
"34,12 : 0.6185"
"12,35 : 0.3614"
"35,12 : 0.3614"
"12,36 : 0.4211"
"36,12 : 0.4211"
"12,37 : 0.7355"
"37,12 : 0.7355"
"12,38 : 0.05"
"38,12 : 0.05"
"12,39 : 0.272"
"39,12 : 0.272"
"12,40 : 0.2202"
"40,12 : 0.2202"
"12,41 : 0.6938"
"41,12 : 0.6938"
"12,42 : 0.6576"
"42,12 : 0.6576"
"12,43 : 0.1897"
"43,12 : 0.1897"
"12,44 : 0.1456"
"44,12 : 0.1456"
"12,45 : 0.2729"
"45,12 : 0.2729"
"12,46 : 0.222"
"46,12 : 0.222"
"12,47 : 0.4052"
"47,12 : 0.4052"
"12,48 : 0.2309"
"48,12 : 0.2309"
"12,49 : 0.8179"
"49,12 : 0.8179"
"13,14 : 0.4652"
"14,13 : 0.4652"
"13,15 : 0.6243"
"15,13 : 0.6243"
"13,16 : 0.4909"
"16,13 : 0.4909"
"13,17 : 0.4031"
"17,13 : 0.4031"
"13,18 : 0.4393"
"18,13 : 0.4393"
"13,19 : 0.5471"
"19,13 : 0.5471"
"13,20 : 0.9839"
"20,13 : 0.9839"
"13,21 : 0.7739"
"21,13 : 0.7739"
"13,22 : 0.17"
"22,13 : 0.17"
"13,23 : 0.2941"
"23,13 : 0.2941"
"13,24 : 0.5701"
"24,13 : 0.5701"
"13,25 : 0.0728"
"25,13 : 0.0728"
"13,26 : 0.1526"
"26,13 : 0.1526"
"13,27 : 0.5048"
"27,13 : 0.5048"
"13,28 : 0.8538"
"28,13 : 0.8538"
"13,29 : 0.3801"
"29,13 : 0.3801"
"13,30 : 0.286"
"30,13 : 0.286"
"13,31 : 0.1562"
"31,13 : 0.1562"
"13,32 : 0.578"
"32,13 : 0.578"
"13,33 : 0.5349"
"33,13 : 0.5349"
"13,34 : 0.6592"
"34,13 : 0.6592"
"13,35 : 0.814"
"35,13 : 0.814"
"13,36 : 0.2707"
"36,13 : 0.2707"
"13,37 : 0.5522"
"37,13 : 0.5522"
"13,38 : 0.5025"
"38,13 : 0.5025"
"13,39 : 0.2608"
"39,13 : 0.2608"
"13,40 : 0.3585"
"40,13 : 0.3585"
"13,41 : 0.5507"
"41,13 : 0.5507"
"13,42 : 0.7632"
"42,13 : 0.7632"
"13,43 : 0.3256"
"43,13 : 0.3256"
"13,44 : 0.394"
"44,13 : 0.394"
"13,45 : 0.4588"
"45,13 : 0.4588"
"13,46 : 0.3785"
"46,13 : 0.3785"
"13,47 : 0.1903"
"47,13 : 0.1903"
"13,48 : 0.3624"
"48,13 : 0.3624"
"13,49 : 0.4206"
"49,13 : 0.4206"
"14,15 : 0.8194"
"15,14 : 0.8194"
"14,16 : 0.2404"
"16,14 : 0.2404"
"14,17 : 0.2663"
"17,14 : 0.2663"
"14,18 : 0.1273"
"18,14 : 0.1273"
"14,19 : 0.3041"
"19,14 : 0.3041"
"14,20 : 1.0964"
"20,14 : 1.0964"
"14,21 : 0.508"
"21,14 : 0.508"
"14,22 : 0.3437"
"22,14 : 0.3437"
"14,23 : 0.1825"
"23,14 : 0.1825"
"14,24 : 0.6689"
"24,14 : 0.6689"
"14,25 : 0.4134"
"25,14 : 0.4134"
"14,26 : 0.6172"
"26,14 : 0.6172"
"14,27 : 0.7338"
"27,14 : 0.7338"
"14,28 : 0.8201"
"28,14 : 0.8201"
"14,29 : 0.2138"
"29,14 : 0.2138"
"14,30 : 0.5908"
"30,14 : 0.5908"
"14,31 : 0.6177"
"31,14 : 0.6177"
"14,32 : 0.7708"
"32,14 : 0.7708"
"14,33 : 0.0806"
"33,14 : 0.0806"
"14,34 : 0.6953"
"34,14 : 0.6953"
"14,35 : 0.4554"
"35,14 : 0.4554"
"14,36 : 0.4455"
"36,14 : 0.4455"
"14,37 : 0.7811"
"37,14 : 0.7811"
"14,38 : 0.0608"
"38,14 : 0.0608"
"14,39 : 0.2807"
"39,14 : 0.2807"
"14,40 : 0.264"
"40,14 : 0.264"
"14,41 : 0.7446"
"41,14 : 0.7446"
"14,42 : 0.7441"
"42,14 : 0.7441"
"14,43 : 0.204"
"43,14 : 0.204"
"14,44 : 0.0721"
"44,14 : 0.0721"
"14,45 : 0.3471"
"45,14 : 0.3471"
"14,46 : 0.13"
"46,14 : 0.13"
"14,47 : 0.4101"
"47,14 : 0.4101"
"14,48 : 0.2773"
"48,14 : 0.2773"
"14,49 : 0.823"
"49,14 : 0.823"
"15,16 : 0.993"
"16,15 : 0.993"
"15,17 : 0.5597"
"17,15 : 0.5597"
"15,18 : 0.7023"
"18,15 : 0.7023"
"15,19 : 0.6129"
"19,15 : 0.6129"
"15,20 : 0.3669"
"20,15 : 0.3669"
"15,21 : 0.6815"
"21,15 : 0.6815"
"15,22 : 0.559"
"22,15 : 0.559"
"15,23 : 0.6742"
"23,15 : 0.6742"
"15,24 : 0.1811"
"24,15 : 0.1811"
"15,25 : 0.6801"
"25,15 : 0.6801"
"15,26 : 0.642"
"26,15 : 0.642"
"15,27 : 0.1208"
"27,15 : 0.1208"
"15,28 : 0.4061"
"28,15 : 0.4061"
"15,29 : 0.892"
"29,15 : 0.892"
"15,30 : 0.34"
"30,15 : 0.34"
"15,31 : 0.6641"
"31,15 : 0.6641"
"15,32 : 0.05"
"32,15 : 0.05"
"15,33 : 0.8969"
"33,15 : 0.8969"
"15,34 : 0.2506"
"34,15 : 0.2506"
"15,35 : 0.8287"
"35,15 : 0.8287"
"15,36 : 0.4046"
"36,15 : 0.4046"
"15,37 : 0.0806"
"37,15 : 0.0806"
"15,38 : 0.8065"
"38,15 : 0.8065"
"15,39 : 0.563"
"39,15 : 0.563"
"15,40 : 0.5554"
"40,15 : 0.5554"
"15,41 : 0.0781"
"41,15 : 0.0781"
"15,42 : 0.3471"
"42,15 : 0.3471"
"15,43 : 0.6218"
"43,15 : 0.6218"
"15,44 : 0.7829"
"44,15 : 0.7829"
"15,45 : 0.5001"
"45,15 : 0.5001"
"15,46 : 0.8322"
"46,15 : 0.8322"
"15,47 : 0.4808"
"47,15 : 0.4808"
"15,48 : 0.5423"
"48,15 : 0.5423"
"15,49 : 0.4061"
"49,15 : 0.4061"
"16,17 : 0.478"
"17,16 : 0.478"
"16,18 : 0.3578"
"18,16 : 0.3578"
"16,19 : 0.5423"
"19,16 : 0.5423"
"16,20 : 1.3012"
"20,16 : 1.3012"
"16,21 : 0.7473"
"21,16 : 0.7473"
"16,22 : 0.4478"
"22,16 : 0.4478"
"16,23 : 0.3202"
"23,16 : 0.3202"
"16,24 : 0.8637"
"24,16 : 0.8637"
"16,25 : 0.4201"
"25,16 : 0.4201"
"16,26 : 0.622"
"26,16 : 0.622"
"16,27 : 0.8919"
"27,16 : 0.8919"
"16,28 : 1.0485"
"28,16 : 1.0485"
"16,29 : 0.1118"
"29,16 : 0.1118"
"16,30 : 0.7094"
"30,16 : 0.7094"
"16,31 : 0.614"
"31,16 : 0.614"
"16,32 : 0.943"
"32,16 : 0.943"
"16,33 : 0.2202"
"33,16 : 0.2202"
"16,34 : 0.9069"
"34,16 : 0.9069"
"16,35 : 0.68"
"35,16 : 0.68"
"16,36 : 0.5917"
"36,16 : 0.5917"
"16,37 : 0.9415"
"37,16 : 0.9415"
"16,38 : 0.2961"
"38,16 : 0.2961"
"16,39 : 0.4301"
"39,16 : 0.4301"
"16,40 : 0.4601"
"40,16 : 0.4601"
"16,41 : 0.9153"
"41,16 : 0.9153"
"16,42 : 0.9683"
"42,16 : 0.9683"
"16,43 : 0.3818"
"43,16 : 0.3818"
"16,44 : 0.2302"
"44,16 : 0.2302"
"16,45 : 0.5661"
"45,16 : 0.5661"
"16,46 : 0.1628"
"46,16 : 0.1628"
"16,47 : 0.528"
"47,16 : 0.528"
"16,48 : 0.4742"
"48,16 : 0.4742"
"16,49 : 0.9043"
"49,16 : 0.9043"
"17,18 : 0.1432"
"18,17 : 0.1432"
"17,19 : 0.1442"
"19,17 : 0.1442"
"17,20 : 0.831"
"20,17 : 0.831"
"17,21 : 0.3734"
"21,17 : 0.3734"
"17,22 : 0.2332"
"22,17 : 0.2332"
"17,23 : 0.1844"
"23,17 : 0.1844"
"17,24 : 0.4031"
"24,17 : 0.4031"
"17,25 : 0.3922"
"25,17 : 0.3922"
"17,26 : 0.542"
"26,17 : 0.542"
"17,27 : 0.4851"
"27,17 : 0.4851"
"17,28 : 0.5731"
"28,17 : 0.5731"
"17,29 : 0.4025"
"29,17 : 0.4025"
"17,30 : 0.389"
"30,17 : 0.389"
"17,31 : 0.5522"
"31,17 : 0.5522"
"17,32 : 0.5124"
"32,17 : 0.5124"
"17,33 : 0.34"
"33,17 : 0.34"
"17,34 : 0.4314"
"34,17 : 0.4314"
"17,35 : 0.4173"
"35,17 : 0.4173"
"17,36 : 0.2341"
"36,17 : 0.2341"
"17,37 : 0.5295"
"37,17 : 0.5295"
"17,38 : 0.247"
"38,17 : 0.247"
"17,39 : 0.1432"
"39,17 : 0.1432"
"17,40 : 0.0447"
"40,17 : 0.0447"
"17,41 : 0.4876"
"41,17 : 0.4876"
"17,42 : 0.4909"
"42,17 : 0.4909"
"17,43 : 0.1118"
"43,17 : 0.1118"
"17,44 : 0.2484"
"44,17 : 0.2484"
"17,45 : 0.0894"
"45,17 : 0.0894"
"17,46 : 0.3191"
"46,17 : 0.3191"
"17,47 : 0.2484"
"47,17 : 0.2484"
"17,48 : 0.0424"
"48,17 : 0.0424"
"17,49 : 0.6391"
"49,17 : 0.6391"
"18,19 : 0.1868"
"19,18 : 0.1868"
"18,20 : 0.9701"
"20,18 : 0.9701"
"18,21 : 0.41"
"21,18 : 0.41"
"18,22 : 0.2865"
"22,18 : 0.2865"
"18,23 : 0.15"
"23,18 : 0.15"
"18,24 : 0.5459"
"24,18 : 0.5459"
"18,25 : 0.4046"
"25,18 : 0.4046"
"18,26 : 0.5903"
"26,18 : 0.5903"
"18,27 : 0.6237"
"27,18 : 0.6237"
"18,28 : 0.694"
"28,18 : 0.694"
"18,29 : 0.3041"
"29,18 : 0.3041"
"18,30 : 0.5036"
"30,18 : 0.5036"
"18,31 : 0.5955"
"31,18 : 0.5955"
"18,32 : 0.6546"
"32,18 : 0.6546"
"18,33 : 0.1972"
"33,18 : 0.1972"
"18,34 : 0.5685"
"34,18 : 0.5685"
"18,35 : 0.394"
"35,18 : 0.394"
"18,36 : 0.3506"
"36,18 : 0.3506"
"18,37 : 0.6694"
"37,18 : 0.6694"
"18,38 : 0.1044"
"38,18 : 0.1044"
"18,39 : 0.2025"
"39,18 : 0.2025"
"18,40 : 0.1513"
"40,18 : 0.1513"
"18,41 : 0.6294"
"41,18 : 0.6294"
"18,42 : 0.6172"
"42,18 : 0.6172"
"18,43 : 0.1208"
"43,18 : 0.1208"
"18,44 : 0.1334"
"44,18 : 0.1334"
"18,45 : 0.2202"
"45,18 : 0.2202"
"18,46 : 0.2138"
"46,18 : 0.2138"
"18,47 : 0.3353"
"47,18 : 0.3353"
"18,48 : 0.1628"
"48,18 : 0.1628"
"18,49 : 0.7473"
"49,18 : 0.7473"
"19,20 : 0.8286"
"20,19 : 0.8286"
"19,21 : 0.2354"
"21,19 : 0.2354"
"19,22 : 0.3774"
"22,19 : 0.3774"
"19,23 : 0.3027"
"23,19 : 0.3027"
"19,24 : 0.4374"
"24,19 : 0.4374"
"19,25 : 0.5331"
"25,19 : 0.5331"
"19,26 : 0.686"
"26,19 : 0.686"
"19,27 : 0.5622"
"27,19 : 0.5622"
"19,28 : 0.5235"
"28,19 : 0.5235"
"19,29 : 0.4903"
"29,19 : 0.4903"
"19,30 : 0.51"
"30,19 : 0.51"
"19,31 : 0.6963"
"31,19 : 0.6963"
"19,32 : 0.5708"
"32,19 : 0.5708"
"19,33 : 0.3561"
"33,19 : 0.3561"
"19,34 : 0.4295"
"34,19 : 0.4295"
"19,35 : 0.2766"
"35,19 : 0.2766"
"19,36 : 0.3606"
"36,19 : 0.3606"
"19,37 : 0.6003"
"37,19 : 0.6003"
"19,38 : 0.2581"
"38,19 : 0.2581"
"19,39 : 0.2865"
"39,19 : 0.2865"
"19,40 : 0.1887"
"40,19 : 0.1887"
"19,41 : 0.5501"
"41,19 : 0.5501"
"19,42 : 0.4545"
"42,19 : 0.4545"
"19,43 : 0.2377"
"43,19 : 0.2377"
"19,44 : 0.3202"
"44,19 : 0.3202"
"19,45 : 0.1265"
"45,19 : 0.1265"
"19,46 : 0.4002"
"46,19 : 0.4002"
"19,47 : 0.389"
"47,19 : 0.389"
"19,48 : 0.186"
"48,19 : 0.186"
"19,49 : 0.7603"
"49,19 : 0.7603"
"20,21 : 0.7908"
"21,20 : 0.7908"
"20,22 : 0.8963"
"22,20 : 0.8963"
"20,23 : 0.9831"
"23,20 : 0.9831"
"20,24 : 0.4393"
"24,20 : 0.4393"
"20,25 : 1.0345"
"25,20 : 1.0345"
"20,26 : 1.0088"
"26,20 : 1.0088"
"20,27 : 0.487"
"27,20 : 0.487"
"20,28 : 0.3612"
"28,20 : 0.3612"
"20,29 : 1.2102"
"29,20 : 1.2102"
"20,30 : 0.7038"
"30,20 : 0.7038"
"20,31 : 1.0309"
"31,20 : 1.0309"
"20,32 : 0.4085"
"32,20 : 0.4085"
"20,33 : 1.1661"
"33,20 : 1.1661"
"20,34 : 0.4022"
"34,20 : 0.4022"
"20,35 : 0.958"
"35,20 : 0.958"
"20,36 : 0.7406"
"36,20 : 0.7406"
"20,37 : 0.4464"
"37,20 : 0.4464"
"20,38 : 1.0683"
"38,20 : 1.0683"
"20,39 : 0.8786"
"39,20 : 0.8786"
"20,40 : 0.8422"
"40,20 : 0.8422"
"20,41 : 0.4346"
"41,20 : 0.4346"
"20,42 : 0.389"
"42,20 : 0.389"
"20,43 : 0.9193"
"43,20 : 0.9193"
"20,44 : 1.0763"
"44,20 : 1.0763"
"20,45 : 0.75"
"45,20 : 0.75"
"20,46 : 1.1385"
"46,20 : 1.1385"
"20,47 : 0.8238"
"47,20 : 0.8238"
"20,48 : 0.8281"
"48,20 : 0.8281"
"20,49 : 0.7511"
"49,20 : 0.7511"
"21,22 : 0.6042"
"22,21 : 0.6042"
"21,23 : 0.5376"
"23,21 : 0.5376"
"21,24 : 0.5029"
"24,21 : 0.5029"
"21,25 : 0.7655"
"25,21 : 0.7655"
"21,26 : 0.9055"
"26,21 : 0.9055"
"21,27 : 0.6712"
"27,21 : 0.6712"
"21,28 : 0.4366"
"28,21 : 0.4366"
"21,29 : 0.7118"
"29,21 : 0.7118"
"21,30 : 0.6862"
"30,21 : 0.6862"
"21,31 : 0.9179"
"31,21 : 0.9179"
"21,32 : 0.6515"
"32,21 : 0.6515"
"21,33 : 0.5376"
"33,21 : 0.5376"
"21,34 : 0.4428"
"34,21 : 0.4428"
"21,35 : 0.1676"
"35,21 : 0.1676"
"21,36 : 0.5544"
"36,21 : 0.5544"
"21,37 : 0.6964"
"37,21 : 0.6964"
"21,38 : 0.4512"
"38,21 : 0.4512"
"21,39 : 0.5162"
"39,21 : 0.5162"
"21,40 : 0.4179"
"40,21 : 0.4179"
"21,41 : 0.6391"
"41,21 : 0.6391"
"21,42 : 0.4045"
"42,21 : 0.4045"
"21,43 : 0.473"
"43,21 : 0.473"
"21,44 : 0.5408"
"44,21 : 0.5408"
"21,45 : 0.3191"
"45,21 : 0.3191"
"21,46 : 0.6213"
"46,21 : 0.6213"
"21,47 : 0.6021"
"47,21 : 0.6021"
"21,48 : 0.4123"
"48,21 : 0.4123"
"21,49 : 0.9262"
"49,21 : 0.9262"
"22,23 : 0.1612"
"23,22 : 0.1612"
"22,24 : 0.4614"
"24,22 : 0.4614"
"22,25 : 0.1703"
"25,22 : 0.1703"
"22,26 : 0.3114"
"26,22 : 0.3114"
"22,27 : 0.45"
"27,22 : 0.45"
"22,28 : 0.7181"
"28,22 : 0.7181"
"22,29 : 0.34"
"29,22 : 0.34"
"22,30 : 0.2625"
"30,22 : 0.2625"
"22,31 : 0.3202"
"31,22 : 0.3202"
"22,32 : 0.5093"
"32,22 : 0.5093"
"22,33 : 0.4219"
"33,22 : 0.4219"
"22,34 : 0.5349"
"34,22 : 0.5349"
"22,35 : 0.6466"
"35,22 : 0.6466"
"22,36 : 0.1562"
"36,22 : 0.1562"
"22,37 : 0.5"
"37,22 : 0.5"
"22,38 : 0.3669"
"38,22 : 0.3669"
"22,39 : 0.0922"
"39,22 : 0.0922"
"22,40 : 0.1887"
"40,22 : 0.1887"
"22,41 : 0.481"
"41,22 : 0.481"
"22,42 : 0.6282"
"42,22 : 0.6282"
"22,43 : 0.1664"
"43,22 : 0.1664"
"22,44 : 0.2802"
"44,22 : 0.2802"
"22,45 : 0.2912"
"45,22 : 0.2912"
"22,46 : 0.2983"
"46,22 : 0.2983"
"22,47 : 0.0806"
"47,22 : 0.0806"
"22,48 : 0.1924"
"48,22 : 0.1924"
"22,49 : 0.4804"
"49,22 : 0.4804"
"23,24 : 0.5445"
"24,23 : 0.5445"
"23,25 : 0.255"
"25,23 : 0.255"
"23,26 : 0.4465"
"26,23 : 0.4465"
"23,27 : 0.577"
"27,23 : 0.577"
"23,28 : 0.7515"
"28,23 : 0.7515"
"23,29 : 0.228"
"29,23 : 0.228"
"23,30 : 0.4144"
"30,23 : 0.4144"
"23,31 : 0.45"
"31,23 : 0.45"
"23,32 : 0.6243"
"32,23 : 0.6243"
"23,33 : 0.2608"
"33,23 : 0.2608"
"23,34 : 0.5941"
"34,23 : 0.5941"
"23,35 : 0.5412"
"35,23 : 0.5412"
"23,36 : 0.2786"
"36,23 : 0.2786"
"23,37 : 0.6261"
"37,23 : 0.6261"
"23,38 : 0.2102"
"38,23 : 0.2102"
"23,39 : 0.1118"
"39,23 : 0.1118"
"23,40 : 0.1523"
"40,23 : 0.1523"
"23,41 : 0.5968"
"41,23 : 0.5968"
"23,42 : 0.6665"
"42,23 : 0.6665"
"23,43 : 0.0728"
"43,23 : 0.0728"
"23,44 : 0.1204"
"44,23 : 0.1204"
"23,45 : 0.272"
"45,23 : 0.272"
"23,46 : 0.1581"
"46,23 : 0.1581"
"23,47 : 0.2309"
"47,23 : 0.2309"
"23,48 : 0.1655"
"48,23 : 0.1655"
"23,49 : 0.6412"
"49,23 : 0.6412"
"24,25 : 0.611"
"25,24 : 0.611"
"24,26 : 0.6303"
"26,24 : 0.6303"
"24,27 : 0.1838"
"27,24 : 0.1838"
"24,28 : 0.3081"
"28,24 : 0.3081"
"24,29 : 0.771"
"29,24 : 0.771"
"24,30 : 0.3206"
"30,24 : 0.3206"
"24,31 : 0.6507"
"31,24 : 0.6507"
"24,32 : 0.1487"
"32,24 : 0.1487"
"24,33 : 0.743"
"33,24 : 0.743"
"24,34 : 0.1077"
"34,24 : 0.1077"
"24,35 : 0.6478"
"35,24 : 0.6478"
"24,36 : 0.3087"
"36,24 : 0.3087"
"24,37 : 0.1972"
"37,24 : 0.1972"
"24,38 : 0.6485"
"38,24 : 0.6485"
"24,39 : 0.4393"
"39,24 : 0.4393"
"24,40 : 0.408"
"40,24 : 0.408"
"24,41 : 0.1389"
"41,24 : 0.1389"
"24,42 : 0.2247"
"42,24 : 0.2247"
"24,43 : 0.4827"
"43,24 : 0.4827"
"24,44 : 0.642"
"44,24 : 0.642"
"24,45 : 0.3324"
"45,24 : 0.3324"
"24,46 : 0.7009"
"46,24 : 0.7009"
"24,47 : 0.394"
"47,24 : 0.394"
"24,48 : 0.3941"
"48,24 : 0.3941"
"24,49 : 0.4888"
"49,24 : 0.4888"
"25,26 : 0.2088"
"26,25 : 0.2088"
"25,27 : 0.5622"
"27,25 : 0.5622"
"25,28 : 0.8828"
"28,25 : 0.8828"
"25,29 : 0.3102"
"29,25 : 0.3102"
"25,30 : 0.3466"
"30,25 : 0.3466"
"25,31 : 0.2062"
"31,25 : 0.2062"
"25,32 : 0.6325"
"32,25 : 0.6325"
"25,33 : 0.4785"
"33,25 : 0.4785"
"25,34 : 0.6938"
"34,25 : 0.6938"
"25,35 : 0.7908"
"35,25 : 0.7908"
"25,36 : 0.3036"
"36,25 : 0.3036"
"25,37 : 0.6107"
"37,25 : 0.6107"
"25,38 : 0.4561"
"38,25 : 0.4561"
"25,39 : 0.25"
"39,25 : 0.25"
"25,40 : 0.3479"
"40,25 : 0.3479"
"25,41 : 0.6046"
"41,25 : 0.6046"
"25,42 : 0.7925"
"42,25 : 0.7925"
"25,43 : 0.3002"
"43,25 : 0.3002"
"25,44 : 0.3413"
"44,25 : 0.3413"
"25,45 : 0.4589"
"45,25 : 0.4589"
"25,46 : 0.3162"
"46,25 : 0.3162"
"25,47 : 0.2184"
"47,25 : 0.2184"
"25,48 : 0.3544"
"48,25 : 0.3544"
"25,49 : 0.4934"
"49,25 : 0.4934"
"26,27 : 0.522"
"27,26 : 0.522"
"26,28 : 0.9313"
"28,26 : 0.9313"
"26,29 : 0.5148"
"29,26 : 0.5148"
"26,30 : 0.3126"
"30,26 : 0.3126"
"26,31 : 0.0224"
"31,26 : 0.0224"
"26,32 : 0.6017"
"32,26 : 0.6017"
"26,33 : 0.6854"
"33,26 : 0.6854"
"26,34 : 0.7303"
"34,26 : 0.7303"
"26,35 : 0.9578"
"35,26 : 0.9578"
"26,36 : 0.3669"
"36,26 : 0.3669"
"26,37 : 0.563"
"37,26 : 0.563"
"26,38 : 0.6551"
"38,26 : 0.6551"
"26,39 : 0.4036"
"39,26 : 0.4036"
"26,40 : 0.4982"
"40,26 : 0.4982"
"26,41 : 0.5772"
"41,26 : 0.5772"
"26,42 : 0.8421"
"42,26 : 0.8421"
"26,43 : 0.4742"
"43,26 : 0.4742"
"26,44 : 0.5456"
"44,26 : 0.5456"
"26,45 : 0.5867"
"45,26 : 0.5867"
"26,46 : 0.525"
"46,26 : 0.525"
"26,47 : 0.3041"
"47,26 : 0.3041"
"26,48 : 0.5"
"48,26 : 0.5"
"26,49 : 0.3421"
"49,26 : 0.3421"
"27,28 : 0.4742"
"28,27 : 0.4742"
"27,29 : 0.7877"
"29,27 : 0.7877"
"27,30 : 0.2195"
"30,27 : 0.2195"
"27,31 : 0.5441"
"31,27 : 0.5441"
"27,32 : 0.0806"
"32,27 : 0.0806"
"27,33 : 0.8132"
"33,27 : 0.8132"
"27,34 : 0.286"
"34,27 : 0.286"
"27,35 : 0.8036"
"35,27 : 0.8036"
"27,36 : 0.3002"
"36,27 : 0.3002"
"27,37 : 0.05"
"37,27 : 0.05"
"27,38 : 0.7278"
"38,27 : 0.7278"
"27,39 : 0.4652"
"39,27 : 0.4652"
"27,40 : 0.473"
"40,27 : 0.473"
"27,41 : 0.0608"
"41,27 : 0.0608"
"27,42 : 0.3996"
"42,27 : 0.3996"
"27,43 : 0.5314"
"43,27 : 0.5314"
"27,44 : 0.6908"
"44,27 : 0.6908"
"27,45 : 0.4401"
"45,27 : 0.4401"
"27,46 : 0.7336"
"46,27 : 0.7336"
"27,47 : 0.3701"
"47,27 : 0.3701"
"27,48 : 0.461"
"48,27 : 0.461"
"27,49 : 0.3138"
"49,27 : 0.3138"
"28,29 : 0.9753"
"29,28 : 0.9753"
"28,30 : 0.6265"
"30,28 : 0.6265"
"28,31 : 0.9508"
"31,28 : 0.9508"
"28,32 : 0.4082"
"32,28 : 0.4082"
"28,33 : 0.8786"
"33,28 : 0.8786"
"28,34 : 0.2022"
"34,28 : 0.2022"
"28,35 : 0.6041"
"35,28 : 0.6041"
"28,36 : 0.5831"
"36,28 : 0.5831"
"28,37 : 0.4665"
"37,28 : 0.4665"
"28,38 : 0.7799"
"38,28 : 0.7799"
"28,39 : 0.6673"
"39,28 : 0.6673"
"28,40 : 0.5993"
"40,28 : 0.5993"
"28,41 : 0.4159"
"41,28 : 0.4159"
"28,42 : 0.0906"
"42,28 : 0.0906"
"28,43 : 0.6798"
"43,28 : 0.6798"
"28,44 : 0.8184"
"44,28 : 0.8184"
"28,45 : 0.4837"
"45,28 : 0.4837"
"28,46 : 0.8919"
"46,28 : 0.8919"
"28,47 : 0.6661"
"47,28 : 0.6661"
"28,48 : 0.586"
"48,28 : 0.586"
"28,49 : 0.7879"
"49,28 : 0.7879"
"29,30 : 0.6001"
"30,29 : 0.6001"
"29,31 : 0.508"
"31,29 : 0.508"
"29,32 : 0.842"
"32,29 : 0.842"
"29,33 : 0.2332"
"33,29 : 0.2332"
"29,34 : 0.822"
"34,29 : 0.822"
"29,35 : 0.6691"
"35,29 : 0.6691"
"29,36 : 0.4883"
"36,29 : 0.4883"
"29,37 : 0.8376"
"37,29 : 0.8376"
"29,38 : 0.2746"
"38,29 : 0.2746"
"29,39 : 0.3324"
"39,29 : 0.3324"
"29,40 : 0.3774"
"40,29 : 0.3774"
"29,41 : 0.814"
"41,29 : 0.814"
"29,42 : 0.8919"
"42,29 : 0.8919"
"29,43 : 0.2968"
"43,29 : 0.2968"
"29,44 : 0.1712"
"44,29 : 0.1712"
"29,45 : 0.4919"
"45,29 : 0.4919"
"29,46 : 0.0906"
"46,29 : 0.0906"
"29,47 : 0.4206"
"47,29 : 0.4206"
"29,48 : 0.3912"
"48,29 : 0.3912"
"29,49 : 0.7925"
"49,29 : 0.7925"
"30,31 : 0.3338"
"31,30 : 0.3338"
"30,32 : 0.2955"
"32,30 : 0.2955"
"30,33 : 0.6712"
"33,30 : 0.6712"
"30,34 : 0.4243"
"34,30 : 0.4243"
"30,35 : 0.7823"
"35,30 : 0.7823"
"30,36 : 0.1552"
"36,30 : 0.1552"
"30,37 : 0.2663"
"37,30 : 0.2663"
"30,38 : 0.6007"
"38,30 : 0.6007"
"30,39 : 0.3102"
"39,30 : 0.3102"
"30,40 : 0.359"
"40,30 : 0.359"
"30,41 : 0.2693"
"41,30 : 0.2693"
"30,42 : 0.5394"
"42,30 : 0.5394"
"30,43 : 0.3901"
"43,30 : 0.3901"
"30,44 : 0.5346"
"44,30 : 0.5346"
"30,45 : 0.3859"
"45,30 : 0.3859"
"30,46 : 0.5604"
"46,30 : 0.5604"
"30,47 : 0.1844"
"47,30 : 0.1844"
"30,48 : 0.3517"
"48,30 : 0.3517"
"30,49 : 0.2508"
"49,30 : 0.2508"
"31,32 : 0.6236"
"32,31 : 0.6236"
"31,33 : 0.6845"
"33,31 : 0.6845"
"31,34 : 0.7501"
"34,31 : 0.7501"
"31,35 : 0.9667"
"35,31 : 0.9667"
"31,36 : 0.3833"
"36,31 : 0.3833"
"31,37 : 0.5852"
"37,31 : 0.5852"
"31,38 : 0.6573"
"38,31 : 0.6573"
"31,39 : 0.4123"
"39,31 : 0.4123"
"31,40 : 0.508"
"40,31 : 0.508"
"31,41 : 0.5991"
"41,31 : 0.5991"
"31,42 : 0.8615"
"42,31 : 0.8615"
"31,43 : 0.4808"
"43,31 : 0.4808"
"31,44 : 0.5459"
"44,31 : 0.5459"
"31,45 : 0.5994"
"45,31 : 0.5994"
"31,46 : 0.522"
"46,31 : 0.522"
"31,47 : 0.3178"
"47,31 : 0.3178"
"31,48 : 0.5104"
"48,31 : 0.5104"
"31,49 : 0.3624"
"49,31 : 0.3624"
"32,33 : 0.8486"
"33,32 : 0.8486"
"32,34 : 0.2343"
"34,32 : 0.2343"
"32,35 : 0.7943"
"35,32 : 0.7943"
"32,36 : 0.3547"
"36,32 : 0.3547"
"32,37 : 0.0583"
"37,32 : 0.0583"
"32,38 : 0.7589"
"38,32 : 0.7589"
"32,39 : 0.5131"
"39,32 : 0.5131"
"32,40 : 0.507"
"40,32 : 0.507"
"32,41 : 0.0283"
"41,32 : 0.0283"
"32,42 : 0.3406"
"42,32 : 0.3406"
"32,43 : 0.5725"
"43,32 : 0.5725"
"32,44 : 0.7336"
"44,32 : 0.7336"
"32,45 : 0.4554"
"45,32 : 0.4554"
"32,46 : 0.7823"
"46,32 : 0.7823"
"32,47 : 0.4314"
"47,32 : 0.4314"
"32,48 : 0.494"
"48,32 : 0.494"
"32,49 : 0.386"
"49,32 : 0.386"
"33,34 : 0.764"
"34,33 : 0.764"
"33,35 : 0.4601"
"35,33 : 0.4601"
"33,36 : 0.5261"
"36,33 : 0.5261"
"33,37 : 0.8602"
"37,33 : 0.8602"
"33,38 : 0.099"
"38,33 : 0.099"
"33,39 : 0.3612"
"39,33 : 0.3612"
"33,40 : 0.3418"
"40,33 : 0.3418"
"33,41 : 0.8228"
"41,33 : 0.8228"
"33,42 : 0.8061"
"42,33 : 0.8061"
"33,43 : 0.2844"
"43,33 : 0.2844"
"33,44 : 0.1432"
"44,33 : 0.1432"
"33,45 : 0.4162"
"45,33 : 0.4162"
"33,46 : 0.1703"
"46,33 : 0.1703"
"33,47 : 0.49"
"47,33 : 0.49"
"33,48 : 0.3547"
"48,33 : 0.3547"
"33,49 : 0.902"
"49,33 : 0.902"
"34,35 : 0.6"
"35,34 : 0.6"
"34,36 : 0.3905"
"36,34 : 0.3905"
"34,37 : 0.29"
"37,34 : 0.29"
"34,38 : 0.6661"
"38,34 : 0.6661"
"34,39 : 0.4974"
"39,34 : 0.4974"
"34,40 : 0.4469"
"40,34 : 0.4469"
"34,41 : 0.2335"
"41,34 : 0.2335"
"34,42 : 0.117"
"42,34 : 0.117"
"34,43 : 0.5263"
"43,34 : 0.5263"
"34,44 : 0.679"
"44,34 : 0.679"
"34,45 : 0.3483"
"45,34 : 0.3483"
"34,46 : 0.7452"
"46,34 : 0.7452"
"34,47 : 0.4754"
"47,34 : 0.4754"
"34,48 : 0.4328"
"48,34 : 0.4328"
"34,49 : 0.5954"
"49,34 : 0.5954"
"35,36 : 0.636"
"36,35 : 0.636"
"35,37 : 0.8343"
"37,35 : 0.8343"
"35,38 : 0.3946"
"38,35 : 0.3946"
"35,39 : 0.5544"
"39,35 : 0.5544"
"35,40 : 0.4601"
"40,35 : 0.4601"
"35,41 : 0.7788"
"41,35 : 0.7788"
"35,42 : 0.5707"
"42,35 : 0.5707"
"35,43 : 0.4909"
"43,35 : 0.4909"
"35,44 : 0.507"
"44,35 : 0.507"
"35,45 : 0.3966"
"45,35 : 0.3966"
"35,46 : 0.5825"
"46,35 : 0.5825"
"35,47 : 0.6648"
"47,35 : 0.6648"
"35,48 : 0.4597"
"48,35 : 0.4597"
"35,49 : 1.0308"
"49,35 : 1.0308"
"36,37 : 0.3499"
"37,36 : 0.3499"
"36,38 : 0.4501"
"38,36 : 0.4501"
"36,39 : 0.1676"
"39,36 : 0.1676"
"36,40 : 0.204"
"40,36 : 0.204"
"36,41 : 0.3265"
"41,36 : 0.3265"
"36,42 : 0.4925"
"42,36 : 0.4925"
"36,43 : 0.2419"
"43,36 : 0.2419"
"36,44 : 0.3956"
"44,36 : 0.3956"
"36,45 : 0.2408"
"45,36 : 0.2408"
"36,46 : 0.4338"
"46,36 : 0.4338"
"36,47 : 0.0854"
"47,36 : 0.0854"
"36,48 : 0.1965"
"48,36 : 0.1965"
"36,49 : 0.405"
"49,36 : 0.405"
"37,38 : 0.7737"
"38,37 : 0.7737"
"37,39 : 0.5143"
"39,37 : 0.5143"
"37,40 : 0.5192"
"40,37 : 0.5192"
"37,41 : 0.0583"
"41,37 : 0.0583"
"37,42 : 0.3982"
"42,37 : 0.3982"
"37,43 : 0.5794"
"43,37 : 0.5794"
"37,44 : 0.7393"
"44,37 : 0.7393"
"37,45 : 0.4804"
"45,37 : 0.4804"
"37,46 : 0.7829"
"46,37 : 0.7829"
"37,47 : 0.4201"
"47,37 : 0.4201"
"37,48 : 0.507"
"48,37 : 0.507"
"37,49 : 0.3298"
"49,37 : 0.3298"
"38,39 : 0.2927"
"39,38 : 0.2927"
"38,40 : 0.255"
"40,38 : 0.255"
"38,41 : 0.7338"
"41,38 : 0.7338"
"38,42 : 0.7071"
"42,38 : 0.7071"
"38,43 : 0.211"
"43,38 : 0.211"
"38,44 : 0.1221"
"44,38 : 0.1221"
"38,45 : 0.3191"
"45,38 : 0.3191"
"38,46 : 0.1897"
"46,38 : 0.1897"
"38,47 : 0.4258"
"47,38 : 0.4258"
"38,48 : 0.2668"
"48,38 : 0.2668"
"38,49 : 0.8401"
"49,38 : 0.8401"
"39,40 : 0.0985"
"40,39 : 0.0985"
"39,41 : 0.4855"
"41,39 : 0.4855"
"39,42 : 0.5794"
"42,39 : 0.5794"
"39,43 : 0.0825"
"43,39 : 0.0825"
"39,44 : 0.228"
"44,39 : 0.228"
"39,45 : 0.211"
"45,39 : 0.211"
"39,46 : 0.2693"
"46,39 : 0.2693"
"39,47 : 0.1334"
"47,39 : 0.1334"
"39,48 : 0.1044"
"48,39 : 0.1044"
"39,49 : 0.5474"
"49,39 : 0.5474"
"40,41 : 0.481"
"41,40 : 0.481"
"40,42 : 0.5148"
"42,40 : 0.5148"
"40,43 : 0.0806"
"43,40 : 0.0806"
"40,44 : 0.2343"
"44,40 : 0.2343"
"40,45 : 0.1217"
"45,40 : 0.1217"
"40,46 : 0.2983"
"46,40 : 0.2983"
"40,47 : 0.2081"
"47,40 : 0.2081"
"40,48 : 0.0141"
"48,40 : 0.0141"
"40,49 : 0.6073"
"49,40 : 0.6073"
"41,42 : 0.3441"
"42,41 : 0.3441"
"41,43 : 0.5456"
"43,41 : 0.5456"
"41,44 : 0.7066"
"44,41 : 0.7066"
"41,45 : 0.4329"
"45,41 : 0.4329"
"41,46 : 0.7547"
"46,41 : 0.7547"
"41,47 : 0.4031"
"47,41 : 0.4031"
"41,48 : 0.4682"
"48,41 : 0.4682"
"41,49 : 0.3734"
"49,41 : 0.3734"
"42,43 : 0.5954"
"43,42 : 0.5954"
"42,44 : 0.7382"
"44,42 : 0.7382"
"42,45 : 0.4022"
"45,42 : 0.4022"
"42,46 : 0.8099"
"46,42 : 0.8099"
"42,47 : 0.5756"
"47,42 : 0.5756"
"42,48 : 0.5012"
