x,y
0.53,0.21
0.48,0.61
0.9,0.59
0.62,0.71
0.5,0.93
0.2,0.61
0.29,0.31
0.78,0.74
0.66,0.53
0.66,0.05
0.4,0.11
0.66,0.16
0.97,0.33
0.54,0.32
0.02,0.4
0.2,0.13
0.12,0.32
0.93,0.43
0.74,1.0
0.77,0.83
0.64,0.64
0.34,0.93
0.47,0.5
0.77,0.97
0.88,0.23
0.51,0.83
0.71,0.25
0.4,0.03
0.86,0.38
0.28,0.93
0.34,0.7
0.11,0.63
0.14,0.55
0.94,0.92
0.11,0.31
0.31,0.79
0.33,0.74
0.34,0.83
0.32,0.84
0.74,0.75
0.28,0.14
0.56,0.5
0.99,0.07
0.47,0.72
0.94,0.57
0.81,0.78
0.81,0.59
0.15,0.41
0.16,0.2
0.7,0.4

Distanze
"0,1 : 0.4031"
"1,0 : 0.4031"
"0,2 : 0.5304"
"2,0 : 0.5304"
"0,3 : 0.508"
"3,0 : 0.508"
"0,4 : 0.7206"
"4,0 : 0.7206"
"0,5 : 0.5186"
"5,0 : 0.5186"
"0,6 : 0.26"
"6,0 : 0.26"
"0,7 : 0.586"
"7,0 : 0.586"
"0,8 : 0.3454"
"8,0 : 0.3454"
"0,9 : 0.2062"
"9,0 : 0.2062"
"0,10 : 0.164"
"10,0 : 0.164"
"0,11 : 0.1393"
"11,0 : 0.1393"
"0,12 : 0.4561"
"12,0 : 0.4561"
"0,13 : 0.1105"
"13,0 : 0.1105"
"0,14 : 0.5442"
"14,0 : 0.5442"
"0,15 : 0.3396"
"15,0 : 0.3396"
"0,16 : 0.4245"
"16,0 : 0.4245"
"0,17 : 0.4565"
"17,0 : 0.4565"
"0,18 : 0.8174"
"18,0 : 0.8174"
"0,19 : 0.6648"
"19,0 : 0.6648"
"0,20 : 0.4438"
"20,0 : 0.4438"
"0,21 : 0.7446"
"21,0 : 0.7446"
"0,22 : 0.2961"
"22,0 : 0.2961"
"0,23 : 0.797"
"23,0 : 0.797"
"0,24 : 0.3506"
"24,0 : 0.3506"
"0,25 : 0.6203"
"25,0 : 0.6203"
"0,26 : 0.1844"
"26,0 : 0.1844"
"0,27 : 0.222"
"27,0 : 0.222"
"0,28 : 0.3712"
"28,0 : 0.3712"
"0,29 : 0.7622"
"29,0 : 0.7622"
"0,30 : 0.5255"
"30,0 : 0.5255"
"0,31 : 0.594"
"31,0 : 0.594"
"0,32 : 0.5174"
"32,0 : 0.5174"
"0,33 : 0.8199"
"33,0 : 0.8199"
"0,34 : 0.4317"
"34,0 : 0.4317"
"0,35 : 0.6203"
"35,0 : 0.6203"
"0,36 : 0.5665"
"36,0 : 0.5665"
"0,37 : 0.6485"
"37,0 : 0.6485"
"0,38 : 0.6641"
"38,0 : 0.6641"
"0,39 : 0.5794"
"39,0 : 0.5794"
"0,40 : 0.2596"
"40,0 : 0.2596"
"0,41 : 0.2915"
"41,0 : 0.2915"
"0,42 : 0.4808"
"42,0 : 0.4808"
"0,43 : 0.5135"
"43,0 : 0.5135"
"0,44 : 0.5456"
"44,0 : 0.5456"
"0,45 : 0.6351"
"45,0 : 0.6351"
"0,46 : 0.472"
"46,0 : 0.472"
"0,47 : 0.4294"
"47,0 : 0.4294"
"0,48 : 0.3701"
"48,0 : 0.3701"
"0,49 : 0.255"
"49,0 : 0.255"
"1,2 : 0.4205"
"2,1 : 0.4205"
"1,3 : 0.172"
"3,1 : 0.172"
"1,4 : 0.3206"
"4,1 : 0.3206"
"1,5 : 0.28"
"5,1 : 0.28"
"1,6 : 0.3551"
"6,1 : 0.3551"
"1,7 : 0.327"
"7,1 : 0.327"
"1,8 : 0.197"
"8,1 : 0.197"
"1,9 : 0.5882"
"9,1 : 0.5882"
"1,10 : 0.5064"
"10,1 : 0.5064"
"1,11 : 0.4847"
"11,1 : 0.4847"
"1,12 : 0.5644"
"12,1 : 0.5644"
"1,13 : 0.2961"
"13,1 : 0.2961"
"1,14 : 0.5057"
"14,1 : 0.5057"
"1,15 : 0.5557"
"15,1 : 0.5557"
"1,16 : 0.4623"
"16,1 : 0.4623"
"1,17 : 0.4847"
"17,1 : 0.4847"
"1,18 : 0.4687"
"18,1 : 0.4687"
"1,19 : 0.364"
"19,1 : 0.364"
"1,20 : 0.1628"
"20,1 : 0.1628"
"1,21 : 0.3493"
"21,1 : 0.3493"
"1,22 : 0.1105"
"22,1 : 0.1105"
"1,23 : 0.4623"
"23,1 : 0.4623"
"1,24 : 0.5517"
"24,1 : 0.5517"
"1,25 : 0.222"
"25,1 : 0.222"
"1,26 : 0.4272"
"26,1 : 0.4272"
"1,27 : 0.5855"
"27,1 : 0.5855"
"1,28 : 0.4442"
"28,1 : 0.4442"
"1,29 : 0.3774"
"29,1 : 0.3774"
"1,30 : 0.1664"
"30,1 : 0.1664"
"1,31 : 0.3705"
"31,1 : 0.3705"
"1,32 : 0.3453"
"32,1 : 0.3453"
"1,33 : 0.5547"
"33,1 : 0.5547"
"1,34 : 0.4763"
"34,1 : 0.4763"
"1,35 : 0.2476"
"35,1 : 0.2476"
"1,36 : 0.1985"
"36,1 : 0.1985"
"1,37 : 0.2608"
"37,1 : 0.2608"
"1,38 : 0.2802"
"38,1 : 0.2802"
"1,39 : 0.2953"
"39,1 : 0.2953"
"1,40 : 0.5108"
"40,1 : 0.5108"
"1,41 : 0.136"
"41,1 : 0.136"
"1,42 : 0.7428"
"42,1 : 0.7428"
"1,43 : 0.1105"
"43,1 : 0.1105"
"1,44 : 0.4617"
"44,1 : 0.4617"
"1,45 : 0.3712"
"45,1 : 0.3712"
"1,46 : 0.3306"
"46,1 : 0.3306"
"1,47 : 0.3859"
"47,1 : 0.3859"
"1,48 : 0.5201"
"48,1 : 0.5201"
"1,49 : 0.3041"
"49,1 : 0.3041"
"2,3 : 0.3046"
"3,2 : 0.3046"
"2,4 : 0.525"
"4,2 : 0.525"
"2,5 : 0.7003"
"5,2 : 0.7003"
"2,6 : 0.6712"
"6,2 : 0.6712"
"2,7 : 0.1921"
"7,2 : 0.1921"
"2,8 : 0.2474"
"8,2 : 0.2474"
"2,9 : 0.5909"
"9,2 : 0.5909"
"2,10 : 0.6931"
"10,2 : 0.6931"
"2,11 : 0.4924"
"11,2 : 0.4924"
"2,12 : 0.2693"
"12,2 : 0.2693"
"2,13 : 0.45"
"13,2 : 0.45"
"2,14 : 0.9003"
"14,2 : 0.9003"
"2,15 : 0.8376"
"15,2 : 0.8376"
"2,16 : 0.8254"
"16,2 : 0.8254"
"2,17 : 0.1628"
"17,2 : 0.1628"
"2,18 : 0.4401"
"18,2 : 0.4401"
"2,19 : 0.2729"
"19,2 : 0.2729"
"2,20 : 0.2648"
"20,2 : 0.2648"
"2,21 : 0.6551"
"21,2 : 0.6551"
"2,22 : 0.4393"
"22,2 : 0.4393"
"2,23 : 0.4016"
"23,2 : 0.4016"
"2,24 : 0.3606"
"24,2 : 0.3606"
"2,25 : 0.4579"
"25,2 : 0.4579"
"2,26 : 0.3895"
"26,2 : 0.3895"
"2,27 : 0.7507"
"27,2 : 0.7507"
"2,28 : 0.2138"
"28,2 : 0.2138"
"2,29 : 0.7071"
"29,2 : 0.7071"
"2,30 : 0.5707"
"30,2 : 0.5707"
"2,31 : 0.791"
"31,2 : 0.791"
"2,32 : 0.7611"
"32,2 : 0.7611"
"2,33 : 0.3324"
"33,2 : 0.3324"
"2,34 : 0.8382"
"34,2 : 0.8382"
"2,35 : 0.623"
"35,2 : 0.623"
"2,36 : 0.5894"
"36,2 : 0.5894"
"2,37 : 0.6093"
"37,2 : 0.6093"
"2,38 : 0.6316"
"38,2 : 0.6316"
"2,39 : 0.2263"
"39,2 : 0.2263"
"2,40 : 0.7661"
"40,2 : 0.7661"
"2,41 : 0.3517"
"41,2 : 0.3517"
"2,42 : 0.5277"
"42,2 : 0.5277"
"2,43 : 0.4492"
"43,2 : 0.4492"
"2,44 : 0.0447"
"44,2 : 0.0447"
"2,45 : 0.2102"
"45,2 : 0.2102"
"2,46 : 0.09"
"46,2 : 0.09"
"2,47 : 0.7713"
"47,2 : 0.7713"
"2,48 : 0.8365"
"48,2 : 0.8365"
"2,49 : 0.2759"
"49,2 : 0.2759"
"3,4 : 0.2506"
"4,3 : 0.2506"
"3,5 : 0.4317"
"5,3 : 0.4317"
"3,6 : 0.5186"
"6,3 : 0.5186"
"3,7 : 0.1628"
"7,3 : 0.1628"
"3,8 : 0.1844"
"8,3 : 0.1844"
"3,9 : 0.6612"
"9,3 : 0.6612"
"3,10 : 0.6391"
"10,3 : 0.6391"
"3,11 : 0.5515"
"11,3 : 0.5515"
"3,12 : 0.5166"
"12,3 : 0.5166"
"3,13 : 0.3981"
"13,3 : 0.3981"
"3,14 : 0.6754"
"14,3 : 0.6754"
"3,15 : 0.7161"
"15,3 : 0.7161"
"3,16 : 0.6341"
"16,3 : 0.6341"
"3,17 : 0.4177"
"17,3 : 0.4177"
"3,18 : 0.3138"
"18,3 : 0.3138"
"3,19 : 0.1921"
"19,3 : 0.1921"
"3,20 : 0.0728"
"20,3 : 0.0728"
"3,21 : 0.3561"
"21,3 : 0.3561"
"3,22 : 0.2581"
"22,3 : 0.2581"
"3,23 : 0.3002"
"23,3 : 0.3002"
"3,24 : 0.5459"
"24,3 : 0.5459"
"3,25 : 0.1628"
"25,3 : 0.1628"
"3,26 : 0.4687"
"26,3 : 0.4687"
"3,27 : 0.7147"
"27,3 : 0.7147"
"3,28 : 0.408"
"28,3 : 0.408"
"3,29 : 0.405"
"29,3 : 0.405"
"3,30 : 0.2802"
"30,3 : 0.2802"
"3,31 : 0.5162"
"31,3 : 0.5162"
"3,32 : 0.506"
"32,3 : 0.506"
"3,33 : 0.3828"
"33,3 : 0.3828"
"3,34 : 0.6482"
"34,3 : 0.6482"
"3,35 : 0.3202"
"35,3 : 0.3202"
"3,36 : 0.2915"
"36,3 : 0.2915"
"3,37 : 0.3046"
"37,3 : 0.3046"
"3,38 : 0.327"
"38,3 : 0.327"
"3,39 : 0.1265"
"39,3 : 0.1265"
"3,40 : 0.6637"
"40,3 : 0.6637"
"3,41 : 0.2184"
"41,3 : 0.2184"
"3,42 : 0.7393"
"42,3 : 0.7393"
"3,43 : 0.1503"
"43,3 : 0.1503"
"3,44 : 0.3493"
"44,3 : 0.3493"
"3,45 : 0.2025"
"45,3 : 0.2025"
"3,46 : 0.2247"
"46,3 : 0.2247"
"3,47 : 0.5576"
"47,3 : 0.5576"
"3,48 : 0.6868"
"48,3 : 0.6868"
"3,49 : 0.3202"
"49,3 : 0.3202"
"4,5 : 0.4386"
"5,4 : 0.4386"
"4,6 : 0.6546"
"6,4 : 0.6546"
"4,7 : 0.3384"
"7,4 : 0.3384"
"4,8 : 0.4308"
"8,4 : 0.4308"
"4,9 : 0.8944"
"9,4 : 0.8944"
"4,10 : 0.8261"
"10,4 : 0.8261"
"4,11 : 0.7864"
"11,4 : 0.7864"
"4,12 : 0.7622"
"12,4 : 0.7622"
"4,13 : 0.6113"
"13,4 : 0.6113"
"4,14 : 0.7151"
"14,4 : 0.7151"
"4,15 : 0.8544"
"15,4 : 0.8544"
"4,16 : 0.7187"
"16,4 : 0.7187"
"4,17 : 0.6595"
"17,4 : 0.6595"
"4,18 : 0.25"
"18,4 : 0.25"
"4,19 : 0.2879"
"19,4 : 0.2879"
"4,20 : 0.322"
"20,4 : 0.322"
"4,21 : 0.16"
"21,4 : 0.16"
"4,22 : 0.431"
"22,4 : 0.431"
"4,23 : 0.2729"
"23,4 : 0.2729"
"4,24 : 0.7965"
"24,4 : 0.7965"
"4,25 : 0.1005"
"25,4 : 0.1005"
"4,26 : 0.7117"
"26,4 : 0.7117"
"4,27 : 0.9055"
"27,4 : 0.9055"
"4,28 : 0.6573"
"28,4 : 0.6573"
"4,29 : 0.22"
"29,4 : 0.22"
"4,30 : 0.2802"
"30,4 : 0.2802"
"4,31 : 0.492"
"31,4 : 0.492"
"4,32 : 0.5235"
"32,4 : 0.5235"
"4,33 : 0.4401"
"33,4 : 0.4401"
"4,34 : 0.7325"
"34,4 : 0.7325"
"4,35 : 0.236"
"35,4 : 0.236"
"4,36 : 0.255"
"36,4 : 0.255"
"4,37 : 0.1887"
"37,4 : 0.1887"
"4,38 : 0.2012"
"38,4 : 0.2012"
"4,39 : 0.3"
"39,4 : 0.3"
"4,40 : 0.8201"
"40,4 : 0.8201"
"4,41 : 0.4342"
"41,4 : 0.4342"
"4,42 : 0.9898"
"42,4 : 0.9898"
"4,43 : 0.2121"
"43,4 : 0.2121"
"4,44 : 0.5685"
"44,4 : 0.5685"
"4,45 : 0.3444"
"45,4 : 0.3444"
"4,46 : 0.4601"
"46,4 : 0.4601"
"4,47 : 0.6268"
"47,4 : 0.6268"
"4,48 : 0.8053"
"48,4 : 0.8053"
"4,49 : 0.5665"
"49,4 : 0.5665"
"5,6 : 0.3132"
"6,5 : 0.3132"
"5,7 : 0.5944"
"7,5 : 0.5944"
"5,8 : 0.4669"
"8,5 : 0.4669"
"5,9 : 0.7247"
"9,5 : 0.7247"
"5,10 : 0.5385"
"10,5 : 0.5385"
"5,11 : 0.6435"
"11,5 : 0.6435"
"5,12 : 0.8193"
"12,5 : 0.8193"
"5,13 : 0.4469"
"13,5 : 0.4469"
"5,14 : 0.2766"
"14,5 : 0.2766"
"5,15 : 0.48"
"15,5 : 0.48"
"5,16 : 0.3008"
"16,5 : 0.3008"
"5,17 : 0.7519"
"17,5 : 0.7519"
"5,18 : 0.6661"
"18,5 : 0.6661"
"5,19 : 0.611"
"19,5 : 0.611"
"5,20 : 0.441"
"20,5 : 0.441"
"5,21 : 0.3493"
"21,5 : 0.3493"
"5,22 : 0.2915"
"22,5 : 0.2915"
"5,23 : 0.6742"
"23,5 : 0.6742"
"5,24 : 0.779"
"24,5 : 0.779"
"5,25 : 0.3801"
"25,5 : 0.3801"
"5,26 : 0.6243"
"26,5 : 0.6243"
"5,27 : 0.6135"
"27,5 : 0.6135"
"5,28 : 0.6989"
"28,5 : 0.6989"
"5,29 : 0.3298"
"29,5 : 0.3298"
"5,30 : 0.1664"
"30,5 : 0.1664"
"5,31 : 0.0922"
"31,5 : 0.0922"
"5,32 : 0.0849"
"32,5 : 0.0849"
"5,33 : 0.8023"
"33,5 : 0.8023"
"5,34 : 0.3132"
"34,5 : 0.3132"
"5,35 : 0.211"
"35,5 : 0.211"
"5,36 : 0.1838"
"36,5 : 0.1838"
"5,37 : 0.2608"
"37,5 : 0.2608"
"5,38 : 0.2594"
"38,5 : 0.2594"
"5,39 : 0.5579"
"39,5 : 0.5579"
"5,40 : 0.4768"
"40,5 : 0.4768"
"5,41 : 0.3764"
"41,5 : 0.3764"
"5,42 : 0.9569"
"42,5 : 0.9569"
"5,43 : 0.2915"
"43,5 : 0.2915"
"5,44 : 0.7411"
"44,5 : 0.7411"
"5,45 : 0.6332"
"45,5 : 0.6332"
"5,46 : 0.6103"
"46,5 : 0.6103"
"5,47 : 0.2062"
"47,5 : 0.2062"
"5,48 : 0.4119"
"48,5 : 0.4119"
"5,49 : 0.5423"
"49,5 : 0.5423"
"6,7 : 0.6519"
"7,6 : 0.6519"
"6,8 : 0.4305"
"8,6 : 0.4305"
"6,9 : 0.4522"
"9,6 : 0.4522"
"6,10 : 0.2283"
"10,6 : 0.2283"
"6,11 : 0.3992"
"11,6 : 0.3992"
"6,12 : 0.6803"
"12,6 : 0.6803"
"6,13 : 0.2502"
"13,6 : 0.2502"
"6,14 : 0.2846"
"14,6 : 0.2846"
"6,15 : 0.2012"
"15,6 : 0.2012"
"6,16 : 0.1703"
"16,6 : 0.1703"
"6,17 : 0.6512"
"17,6 : 0.6512"
"6,18 : 0.8238"
"18,6 : 0.8238"
"6,19 : 0.7077"
"19,6 : 0.7077"
"6,20 : 0.481"
"20,6 : 0.481"
"6,21 : 0.622"
"21,6 : 0.622"
"6,22 : 0.2617"
"22,6 : 0.2617"
"6,23 : 0.8161"
"23,6 : 0.8161"
"6,24 : 0.5954"
"24,6 : 0.5954"
"6,25 : 0.5646"
"25,6 : 0.5646"
"6,26 : 0.4243"
"26,6 : 0.4243"
"6,27 : 0.3008"
"27,6 : 0.3008"
"6,28 : 0.5743"
"28,6 : 0.5743"
"6,29 : 0.6201"
"29,6 : 0.6201"
"6,30 : 0.3932"
"30,6 : 0.3932"
"6,31 : 0.3672"
"31,6 : 0.3672"
"6,32 : 0.283"
"32,6 : 0.283"
"6,33 : 0.8914"
"33,6 : 0.8914"
"6,34 : 0.18"
"34,6 : 0.18"
"6,35 : 0.4804"
"35,6 : 0.4804"
"6,36 : 0.4319"
"36,6 : 0.4319"
"6,37 : 0.5224"
"37,6 : 0.5224"
"6,38 : 0.5308"
"38,6 : 0.5308"
"6,39 : 0.6294"
"39,6 : 0.6294"
"6,40 : 0.1703"
"40,6 : 0.1703"
"6,41 : 0.3302"
"41,6 : 0.3302"
"6,42 : 0.74"
"42,6 : 0.74"
"6,43 : 0.4478"
"43,6 : 0.4478"
"6,44 : 0.7001"
"44,6 : 0.7001"
"6,45 : 0.7009"
"45,6 : 0.7009"
"6,46 : 0.5906"
"46,6 : 0.5906"
"6,47 : 0.172"
"47,6 : 0.172"
"6,48 : 0.1703"
"48,6 : 0.1703"
"6,49 : 0.4198"
"49,6 : 0.4198"
"7,8 : 0.2419"
"8,7 : 0.2419"
"7,9 : 0.7004"
"9,7 : 0.7004"
"7,10 : 0.7357"
"10,7 : 0.7357"
"7,11 : 0.5923"
"11,7 : 0.5923"
"7,12 : 0.4519"
"12,7 : 0.4519"
"7,13 : 0.4837"
"13,7 : 0.4837"
"7,14 : 0.8326"
"14,7 : 0.8326"
"7,15 : 0.8417"
"15,7 : 0.8417"
"7,16 : 0.7823"
"16,7 : 0.7823"
"7,17 : 0.3444"
"17,7 : 0.3444"
"7,18 : 0.2631"
"18,7 : 0.2631"
"7,19 : 0.0906"
"19,7 : 0.0906"
"7,20 : 0.172"
"20,7 : 0.172"
"7,21 : 0.4793"
"21,7 : 0.4793"
"7,22 : 0.392"
"22,7 : 0.392"
"7,23 : 0.2302"
"23,7 : 0.2302"
"7,24 : 0.5197"
"24,7 : 0.5197"
"7,25 : 0.2846"
"25,7 : 0.2846"
"7,26 : 0.495"
"26,7 : 0.495"
"7,27 : 0.8053"
"27,7 : 0.8053"
"7,28 : 0.3688"
"28,7 : 0.3688"
"7,29 : 0.5349"
"29,7 : 0.5349"
"7,30 : 0.4418"
"30,7 : 0.4418"
"7,31 : 0.679"
"31,7 : 0.679"
"7,32 : 0.6676"
"32,7 : 0.6676"
"7,33 : 0.2408"
"33,7 : 0.2408"
"7,34 : 0.7961"
"34,7 : 0.7961"
"7,35 : 0.4727"
"35,7 : 0.4727"
"7,36 : 0.45"
"36,7 : 0.45"
"7,37 : 0.4491"
"37,7 : 0.4491"
"7,38 : 0.4707"
"38,7 : 0.4707"
"7,39 : 0.0412"
"39,7 : 0.0412"
"7,40 : 0.781"
"40,7 : 0.781"
"7,41 : 0.3256"
"41,7 : 0.3256"
"7,42 : 0.7021"
"42,7 : 0.7021"
"7,43 : 0.3106"
"43,7 : 0.3106"
"7,44 : 0.2335"
"44,7 : 0.2335"
"7,45 : 0.05"
"45,7 : 0.05"
"7,46 : 0.153"
"46,7 : 0.153"
"7,47 : 0.7112"
"47,7 : 0.7112"
"7,48 : 0.8222"
"48,7 : 0.8222"
"7,49 : 0.3493"
"49,7 : 0.3493"
"8,9 : 0.48"
"9,8 : 0.48"
"8,10 : 0.494"
"10,8 : 0.494"
"8,11 : 0.37"
"11,8 : 0.37"
"8,12 : 0.3689"
"12,8 : 0.3689"
"8,13 : 0.2419"
"13,8 : 0.2419"
"8,14 : 0.6531"
"14,8 : 0.6531"
"8,15 : 0.6096"
"15,8 : 0.6096"
"8,16 : 0.5794"
"16,8 : 0.5794"
"8,17 : 0.2879"
"17,8 : 0.2879"
"8,18 : 0.4768"
"18,8 : 0.4768"
"8,19 : 0.3195"
"19,8 : 0.3195"
"8,20 : 0.1118"
"20,8 : 0.1118"
"8,21 : 0.5122"
"21,8 : 0.5122"
"8,22 : 0.1924"
"22,8 : 0.1924"
"8,23 : 0.4535"
"23,8 : 0.4535"
"8,24 : 0.372"
"24,8 : 0.372"
"8,25 : 0.3354"
"25,8 : 0.3354"
"8,26 : 0.2844"
"26,8 : 0.2844"
"8,27 : 0.5636"
"27,8 : 0.5636"
"8,28 : 0.25"
"28,8 : 0.25"
"8,29 : 0.5517"
"29,8 : 0.5517"
"8,30 : 0.3624"
"30,8 : 0.3624"
"8,31 : 0.559"
"31,8 : 0.559"
"8,32 : 0.5204"
"32,8 : 0.5204"
"8,33 : 0.4801"
"33,8 : 0.4801"
"8,34 : 0.5924"
"34,8 : 0.5924"
"8,35 : 0.436"
"35,8 : 0.436"
"8,36 : 0.3912"
"36,8 : 0.3912"
"8,37 : 0.4386"
"37,8 : 0.4386"
"8,38 : 0.4601"
"38,8 : 0.4601"
"8,39 : 0.2341"
"39,8 : 0.2341"
"8,40 : 0.5445"
"40,8 : 0.5445"
"8,41 : 0.1044"
"41,8 : 0.1044"
"8,42 : 0.5661"
"42,8 : 0.5661"
"8,43 : 0.2687"
"43,8 : 0.2687"
"8,44 : 0.2828"
"44,8 : 0.2828"
"8,45 : 0.2915"
"45,8 : 0.2915"
"8,46 : 0.1616"
"46,8 : 0.1616"
"8,47 : 0.5239"
"47,8 : 0.5239"
"8,48 : 0.5991"
"48,8 : 0.5991"
"8,49 : 0.136"
"49,8 : 0.136"
"9,10 : 0.2668"
"10,9 : 0.2668"
"9,11 : 0.11"
"11,9 : 0.11"
"9,12 : 0.4177"
"12,9 : 0.4177"
"9,13 : 0.2955"
"13,9 : 0.2955"
"9,14 : 0.7295"
"14,9 : 0.7295"
"9,15 : 0.4669"
"15,9 : 0.4669"
"9,16 : 0.6037"
"16,9 : 0.6037"
"9,17 : 0.4662"
"17,9 : 0.4662"
"9,18 : 0.9534"
"18,9 : 0.9534"
"9,19 : 0.7877"
"19,9 : 0.7877"
"9,20 : 0.5903"
"20,9 : 0.5903"
"9,21 : 0.9364"
"21,9 : 0.9364"
"9,22 : 0.4885"
"22,9 : 0.4885"
"9,23 : 0.9266"
"23,9 : 0.9266"
"9,24 : 0.2843"
"24,9 : 0.2843"
"9,25 : 0.7943"
"25,9 : 0.7943"
"9,26 : 0.2062"
"26,9 : 0.2062"
"9,27 : 0.2608"
"27,9 : 0.2608"
"9,28 : 0.3859"
"28,9 : 0.3859"
"9,29 : 0.9585"
"29,9 : 0.9585"
"9,30 : 0.7245"
"30,9 : 0.7245"
"9,31 : 0.7993"
"31,9 : 0.7993"
"9,32 : 0.7214"
"32,9 : 0.7214"
"9,33 : 0.9139"
"33,9 : 0.9139"
"9,34 : 0.6084"
"34,9 : 0.6084"
"9,35 : 0.8186"
"35,9 : 0.8186"
"9,36 : 0.7649"
"36,9 : 0.7649"
"9,37 : 0.8431"
"37,9 : 0.8431"
"9,38 : 0.8601"
"38,9 : 0.8601"
"9,39 : 0.7046"
"39,9 : 0.7046"
"9,40 : 0.3905"
"40,9 : 0.3905"
"9,41 : 0.461"
"41,9 : 0.461"
"9,42 : 0.3306"
"42,9 : 0.3306"
"9,43 : 0.6964"
"43,9 : 0.6964"
"9,44 : 0.5906"
"44,9 : 0.5906"
"9,45 : 0.7453"
"45,9 : 0.7453"
"9,46 : 0.5604"
"46,9 : 0.5604"
"9,47 : 0.6243"
"47,9 : 0.6243"
"9,48 : 0.522"
"48,9 : 0.522"
"9,49 : 0.3523"
"49,9 : 0.3523"
"10,11 : 0.2648"
"11,10 : 0.2648"
"10,12 : 0.611"
"12,10 : 0.611"
"10,13 : 0.2524"
"13,10 : 0.2524"
"10,14 : 0.478"
"14,10 : 0.478"
"10,15 : 0.201"
"15,10 : 0.201"
"10,16 : 0.35"
"16,10 : 0.35"
"10,17 : 0.6191"
"17,10 : 0.6191"
"10,18 : 0.9527"
"18,10 : 0.9527"
"10,19 : 0.8095"
"19,10 : 0.8095"
"10,20 : 0.5818"
"20,10 : 0.5818"
"10,21 : 0.8222"
"21,10 : 0.8222"
"10,22 : 0.3962"
"22,10 : 0.3962"
"10,23 : 0.9362"
"23,10 : 0.9362"
"10,24 : 0.4948"
"24,10 : 0.4948"
"10,25 : 0.7284"
"25,10 : 0.7284"
"10,26 : 0.3401"
"26,10 : 0.3401"
"10,27 : 0.08"
"27,10 : 0.08"
"10,28 : 0.5334"
"28,10 : 0.5334"
"10,29 : 0.8287"
"29,10 : 0.8287"
"10,30 : 0.593"
"30,10 : 0.593"
"10,31 : 0.5954"
"31,10 : 0.5954"
"10,32 : 0.5111"
"32,10 : 0.5111"
"10,33 : 0.9735"
"33,10 : 0.9735"
"10,34 : 0.3523"
"34,10 : 0.3523"
"10,35 : 0.6859"
"35,10 : 0.6859"
"10,36 : 0.6339"
"36,10 : 0.6339"
"10,37 : 0.7225"
"37,10 : 0.7225"
"10,38 : 0.7344"
"38,10 : 0.7344"
"10,39 : 0.7247"
"39,10 : 0.7247"
"10,40 : 0.1237"
"40,10 : 0.1237"
"10,41 : 0.4215"
"41,10 : 0.4215"
"10,42 : 0.5914"
"42,10 : 0.5914"
"10,43 : 0.614"
"43,10 : 0.614"
"10,44 : 0.7094"
"44,10 : 0.7094"
"10,45 : 0.7855"
"45,10 : 0.7855"
"10,46 : 0.6313"
"46,10 : 0.6313"
"10,47 : 0.3905"
"47,10 : 0.3905"
"10,48 : 0.2563"
"48,10 : 0.2563"
"10,49 : 0.4173"
"49,10 : 0.4173"
"11,12 : 0.3536"
"12,11 : 0.3536"
"11,13 : 0.2"
"13,11 : 0.2"
"11,14 : 0.6835"
"14,11 : 0.6835"
"11,15 : 0.461"
"15,11 : 0.461"
"11,16 : 0.5632"
"16,11 : 0.5632"
"11,17 : 0.3818"
"17,11 : 0.3818"
"11,18 : 0.8438"
"18,11 : 0.8438"
"11,19 : 0.679"
"19,11 : 0.679"
"11,20 : 0.4804"
"20,11 : 0.4804"
"11,21 : 0.8338"
"21,11 : 0.8338"
"11,22 : 0.3895"
"22,11 : 0.3895"
"11,23 : 0.8174"
"23,11 : 0.8174"
"11,24 : 0.2309"
"24,11 : 0.2309"
"11,25 : 0.6866"
"25,11 : 0.6866"
"11,26 : 0.103"
"26,11 : 0.103"
"11,27 : 0.2907"
"27,11 : 0.2907"
"11,28 : 0.2973"
"28,11 : 0.2973"
"11,29 : 0.8587"
"29,11 : 0.8587"
"11,30 : 0.6277"
"30,11 : 0.6277"
"11,31 : 0.7235"
"31,11 : 0.7235"
"11,32 : 0.65"
"32,11 : 0.65"
"11,33 : 0.8099"
"33,11 : 0.8099"
"11,34 : 0.5701"
"34,11 : 0.5701"
"11,35 : 0.7207"
"35,11 : 0.7207"
"11,36 : 0.6673"
"36,11 : 0.6673"
"11,37 : 0.7425"
"37,11 : 0.7425"
"11,38 : 0.7603"
"38,11 : 0.7603"
"11,39 : 0.5954"
"39,11 : 0.5954"
"11,40 : 0.3805"
"40,11 : 0.3805"
"11,41 : 0.3544"
"41,11 : 0.3544"
"11,42 : 0.3421"
"42,11 : 0.3421"
"11,43 : 0.5914"
"43,11 : 0.5914"
"11,44 : 0.4965"
"44,11 : 0.4965"
"11,45 : 0.6379"
"45,11 : 0.6379"
"11,46 : 0.4554"
"46,11 : 0.4554"
"11,47 : 0.568"
"47,11 : 0.568"
"11,48 : 0.5016"
"48,11 : 0.5016"
"11,49 : 0.2433"
"49,11 : 0.2433"
"12,13 : 0.4301"
"13,12 : 0.4301"
"12,14 : 0.9526"
"14,12 : 0.9526"
"12,15 : 0.7956"
"15,12 : 0.7956"
"12,16 : 0.8501"
"16,12 : 0.8501"
"12,17 : 0.1077"
"17,12 : 0.1077"
"12,18 : 0.7084"
"18,12 : 0.7084"
"12,19 : 0.5385"
"19,12 : 0.5385"
"12,20 : 0.4528"
"20,12 : 0.4528"
"12,21 : 0.87"
"21,12 : 0.87"
"12,22 : 0.5281"
"22,12 : 0.5281"
"12,23 : 0.6705"
"23,12 : 0.6705"
"12,24 : 0.1345"
"24,12 : 0.1345"
"12,25 : 0.6794"
"25,12 : 0.6794"
"12,26 : 0.272"
"26,12 : 0.272"
"12,27 : 0.6441"
"27,12 : 0.6441"
"12,28 : 0.1208"
"28,12 : 0.1208"
"12,29 : 0.9144"
"29,12 : 0.9144"
"12,30 : 0.7306"
"30,12 : 0.7306"
"12,31 : 0.9108"
"31,12 : 0.9108"
"12,32 : 0.8587"
"32,12 : 0.8587"
"12,33 : 0.5908"
"33,12 : 0.5908"
"12,34 : 0.8602"
"34,12 : 0.8602"
"12,35 : 0.8045"
"35,12 : 0.8045"
"12,36 : 0.7601"
"36,12 : 0.7601"
"12,37 : 0.8043"
"37,12 : 0.8043"
"12,38 : 0.8262"
"38,12 : 0.8262"
"12,39 : 0.4789"
"39,12 : 0.4789"
"12,40 : 0.7157"
"40,12 : 0.7157"
"12,41 : 0.4438"
"41,12 : 0.4438"
"12,42 : 0.2608"
"42,12 : 0.2608"
"12,43 : 0.6341"
"43,12 : 0.6341"
"12,44 : 0.2419"
"44,12 : 0.2419"
"12,45 : 0.4776"
"45,12 : 0.4776"
"12,46 : 0.3053"
"46,12 : 0.3053"
"12,47 : 0.8239"
"47,12 : 0.8239"
"12,48 : 0.8204"
"48,12 : 0.8204"
"12,49 : 0.2789"
"49,12 : 0.2789"
"13,14 : 0.5261"
"14,13 : 0.5261"
"13,15 : 0.3895"
"15,13 : 0.3895"
"13,16 : 0.42"
"16,13 : 0.42"
"13,17 : 0.4052"
"17,13 : 0.4052"
"13,18 : 0.7088"
"18,13 : 0.7088"
"13,19 : 0.5595"
"19,13 : 0.5595"
"13,20 : 0.3353"
"20,13 : 0.3353"
"13,21 : 0.642"
"21,13 : 0.642"
"13,22 : 0.1931"
"22,13 : 0.1931"
"13,23 : 0.6895"
"23,13 : 0.6895"
"13,24 : 0.3517"
"24,13 : 0.3517"
"13,25 : 0.5109"
"25,13 : 0.5109"
"13,26 : 0.1838"
"26,13 : 0.1838"
"13,27 : 0.322"
"27,13 : 0.322"
"13,28 : 0.3256"
"28,13 : 0.3256"
"13,29 : 0.6631"
"29,13 : 0.6631"
"13,30 : 0.4294"
"30,13 : 0.4294"
"13,31 : 0.5301"
"31,13 : 0.5301"
"13,32 : 0.4614"
"32,13 : 0.4614"
"13,33 : 0.7211"
"33,13 : 0.7211"
"13,34 : 0.4301"
"34,13 : 0.4301"
"13,35 : 0.5233"
"35,13 : 0.5233"
"13,36 : 0.4696"
"36,13 : 0.4696"
"13,37 : 0.5478"
"37,13 : 0.5478"
"13,38 : 0.5646"
"38,13 : 0.5646"
"13,39 : 0.4742"
"39,13 : 0.4742"
"13,40 : 0.3162"
"40,13 : 0.3162"
"13,41 : 0.1811"
"41,13 : 0.1811"
"13,42 : 0.5148"
"42,13 : 0.5148"
"13,43 : 0.4061"
"43,13 : 0.4061"
"13,44 : 0.4717"
"44,13 : 0.4717"
"13,45 : 0.5334"
"45,13 : 0.5334"
"13,46 : 0.3818"
"46,13 : 0.3818"
"13,47 : 0.4002"
"47,13 : 0.4002"
"13,48 : 0.3985"
"48,13 : 0.3985"
"13,49 : 0.1789"
"49,13 : 0.1789"
"14,15 : 0.3245"
"15,14 : 0.3245"
"14,16 : 0.1281"
"16,14 : 0.1281"
"14,17 : 0.9105"
"17,14 : 0.9105"
"14,18 : 0.9372"
"18,14 : 0.9372"
"14,19 : 0.8645"
"19,14 : 0.8645"
"14,20 : 0.6648"
"20,14 : 0.6648"
"14,21 : 0.6191"
"21,14 : 0.6191"
"14,22 : 0.461"
"22,14 : 0.461"
"14,23 : 0.942"
"23,14 : 0.942"
"14,24 : 0.8766"
"24,14 : 0.8766"
"14,25 : 0.6519"
"25,14 : 0.6519"
"14,26 : 0.7061"
"26,14 : 0.7061"
"14,27 : 0.5304"
"27,14 : 0.5304"
"14,28 : 0.8402"
"28,14 : 0.8402"
"14,29 : 0.5903"
"29,14 : 0.5903"
"14,30 : 0.4386"
"30,14 : 0.4386"
"14,31 : 0.247"
"31,14 : 0.247"
"14,32 : 0.1921"
"32,14 : 0.1921"
"14,33 : 1.0568"
"33,14 : 1.0568"
"14,34 : 0.1273"
"34,14 : 0.1273"
"14,35 : 0.486"
"35,14 : 0.486"
"14,36 : 0.4601"
"36,14 : 0.4601"
"14,37 : 0.536"
"37,14 : 0.536"
"14,38 : 0.5325"
"38,14 : 0.5325"
"14,39 : 0.8006"
"39,14 : 0.8006"
"14,40 : 0.3677"
"40,14 : 0.3677"
"14,41 : 0.5492"
"41,14 : 0.5492"
"14,42 : 1.0246"
"42,14 : 1.0246"
"14,43 : 0.5522"
"43,14 : 0.5522"
"14,44 : 0.9356"
"44,14 : 0.9356"
"14,45 : 0.8766"
"45,14 : 0.8766"
"14,46 : 0.8125"
"46,14 : 0.8125"
"14,47 : 0.1304"
"47,14 : 0.1304"
"14,48 : 0.2441"
"48,14 : 0.2441"
"14,49 : 0.68"
"49,14 : 0.68"
"15,16 : 0.2062"
"16,15 : 0.2062"
"15,17 : 0.7892"
"17,15 : 0.7892"
"15,18 : 1.024"
"18,15 : 1.024"
"15,19 : 0.9027"
"19,15 : 0.9027"
"15,20 : 0.6736"
"20,15 : 0.6736"
"15,21 : 0.8122"
"21,15 : 0.8122"
"15,22 : 0.458"
"22,15 : 0.458"
"15,23 : 1.0151"
"23,15 : 1.0151"
"15,24 : 0.6873"
"24,15 : 0.6873"
"15,25 : 0.7656"
"25,15 : 0.7656"
"15,26 : 0.5239"
"26,15 : 0.5239"
"15,27 : 0.2236"
"27,15 : 0.2236"
"15,28 : 0.7058"
"28,15 : 0.7058"
"15,29 : 0.804"
"29,15 : 0.804"
"15,30 : 0.5869"
"30,15 : 0.5869"
"15,31 : 0.508"
"31,15 : 0.508"
"15,32 : 0.4243"
"32,15 : 0.4243"
"15,33 : 1.0825"
"33,15 : 1.0825"
"15,34 : 0.2012"
"34,15 : 0.2012"
"15,35 : 0.6691"
"35,15 : 0.6691"
"15,36 : 0.6237"
"36,15 : 0.6237"
"15,37 : 0.7139"
"37,15 : 0.7139"
"15,38 : 0.7201"
"38,15 : 0.7201"
"15,39 : 0.8222"
"39,15 : 0.8222"
"15,40 : 0.0806"
"40,15 : 0.0806"
"15,41 : 0.5162"
"41,15 : 0.5162"
"15,42 : 0.7923"
"42,15 : 0.7923"
"15,43 : 0.6488"
"43,15 : 0.6488"
"15,44 : 0.8609"
"44,15 : 0.8609"
"15,45 : 0.8914"
"45,15 : 0.8914"
"15,46 : 0.764"
"46,15 : 0.764"
"15,47 : 0.2844"
"47,15 : 0.2844"
"15,48 : 0.0806"
"48,15 : 0.0806"
"15,49 : 0.5682"
"49,15 : 0.5682"
"16,17 : 0.8174"
"17,16 : 0.8174"
"16,18 : 0.9202"
"18,16 : 0.9202"
"16,19 : 0.8262"
"19,16 : 0.8262"
"16,20 : 0.6106"
"20,16 : 0.6106"
"16,21 : 0.6485"
"21,16 : 0.6485"
"16,22 : 0.3936"
"22,16 : 0.3936"
"16,23 : 0.9192"
"23,16 : 0.9192"
"16,24 : 0.7653"
"24,16 : 0.7653"
"16,25 : 0.642"
"25,16 : 0.642"
"16,26 : 0.5941"
"26,16 : 0.5941"
"16,27 : 0.4031"
"27,16 : 0.4031"
"16,28 : 0.7424"
"28,16 : 0.7424"
"16,29 : 0.6306"
"29,16 : 0.6306"
"16,30 : 0.4391"
"30,16 : 0.4391"
"16,31 : 0.3102"
"31,16 : 0.3102"
"16,32 : 0.2309"
"32,16 : 0.2309"
"16,33 : 1.0161"
"33,16 : 1.0161"
"16,34 : 0.0141"
"34,16 : 0.0141"
"16,35 : 0.507"
"35,16 : 0.507"
"16,36 : 0.4696"
"36,16 : 0.4696"
"16,37 : 0.5554"
"37,16 : 0.5554"
"16,38 : 0.5571"
"38,16 : 0.5571"
"16,39 : 0.7545"
"39,16 : 0.7545"
"16,40 : 0.2408"
"40,16 : 0.2408"
"16,41 : 0.4754"
"41,16 : 0.4754"
"16,42 : 0.9052"
"42,16 : 0.9052"
"16,43 : 0.5315"
"43,16 : 0.5315"
"16,44 : 0.8573"
"44,16 : 0.8573"
"16,45 : 0.8293"
"45,16 : 0.8293"
"16,46 : 0.7409"
"46,16 : 0.7409"
"16,47 : 0.0949"
"47,16 : 0.0949"
"16,48 : 0.1265"
"48,16 : 0.1265"
"16,49 : 0.5855"
"49,16 : 0.5855"
"17,18 : 0.6008"
"18,17 : 0.6008"
"17,19 : 0.4308"
"19,17 : 0.4308"
"17,20 : 0.3581"
"20,17 : 0.3581"
"17,21 : 0.7734"
"21,17 : 0.7734"
"17,22 : 0.4653"
"22,17 : 0.4653"
"17,23 : 0.5632"
"23,17 : 0.5632"
"17,24 : 0.2062"
"24,17 : 0.2062"
"17,25 : 0.58"
"25,17 : 0.58"
"17,26 : 0.2843"
"26,17 : 0.2843"
"17,27 : 0.664"
"27,17 : 0.664"
"17,28 : 0.086"
"28,17 : 0.086"
"17,29 : 0.8201"
"29,17 : 0.8201"
"17,30 : 0.6488"
"30,17 : 0.6488"
"17,31 : 0.844"
"31,17 : 0.844"
"17,32 : 0.7991"
"32,17 : 0.7991"
"17,33 : 0.4901"
"33,17 : 0.4901"
"17,34 : 0.8287"
"34,17 : 0.8287"
"17,35 : 0.7169"
"35,17 : 0.7169"
"17,36 : 0.6754"
"36,17 : 0.6754"
"17,37 : 0.7128"
"37,17 : 0.7128"
"17,38 : 0.735"
"38,17 : 0.735"
"17,39 : 0.3722"
"39,17 : 0.3722"
"17,40 : 0.7118"
"40,17 : 0.7118"
"17,41 : 0.3766"
"41,17 : 0.3766"
"17,42 : 0.365"
"42,17 : 0.365"
"17,43 : 0.5438"
"43,17 : 0.5438"
"17,44 : 0.1404"
"44,17 : 0.1404"
"17,45 : 0.37"
"45,17 : 0.37"
"17,46 : 0.2"
"46,17 : 0.2"
"17,47 : 0.7803"
"47,17 : 0.7803"
"17,48 : 0.8036"
"48,17 : 0.8036"
"17,49 : 0.2319"
"49,17 : 0.2319"
"18,19 : 0.1726"
"19,18 : 0.1726"
"18,20 : 0.3736"
"20,18 : 0.3736"
"18,21 : 0.4061"
"21,18 : 0.4061"
"18,22 : 0.5682"
"22,18 : 0.5682"
"18,23 : 0.0424"
"23,18 : 0.0424"
"18,24 : 0.7826"
"24,18 : 0.7826"
"18,25 : 0.286"
"25,18 : 0.286"
"18,26 : 0.7506"
"26,18 : 0.7506"
"18,27 : 1.0279"
"27,18 : 1.0279"
"18,28 : 0.6315"
"28,18 : 0.6315"
"18,29 : 0.4653"
"29,18 : 0.4653"
"18,30 : 0.5"
"30,18 : 0.5"
"18,31 : 0.7306"
"31,18 : 0.7306"
"18,32 : 0.75"
"32,18 : 0.75"
"18,33 : 0.2154"
"33,18 : 0.2154"
"18,34 : 0.9343"
"34,18 : 0.9343"
"18,35 : 0.4785"
"35,18 : 0.4785"
"18,36 : 0.4855"
"36,18 : 0.4855"
"18,37 : 0.4346"
"37,18 : 0.4346"
"18,38 : 0.4494"
"38,18 : 0.4494"
"18,39 : 0.25"
"39,18 : 0.25"
"18,40 : 0.9753"
"40,18 : 0.9753"
"18,41 : 0.5314"
"41,18 : 0.5314"
"18,42 : 0.963"
"42,18 : 0.963"
"18,43 : 0.389"
"43,18 : 0.389"
"18,44 : 0.4742"
"44,18 : 0.4742"
"18,45 : 0.2309"
"45,18 : 0.2309"
"18,46 : 0.4159"
"46,18 : 0.4159"
"18,47 : 0.8344"
"47,18 : 0.8344"
"18,48 : 0.9881"
"48,18 : 0.9881"
"18,49 : 0.6013"
"49,18 : 0.6013"
"19,20 : 0.2302"
"20,19 : 0.2302"
"19,21 : 0.4415"
"21,19 : 0.4415"
"19,22 : 0.446"
"22,19 : 0.446"
"19,23 : 0.14"
"23,19 : 0.14"
"19,24 : 0.61"
"24,19 : 0.61"
"19,25 : 0.26"
"25,19 : 0.26"
"19,26 : 0.5831"
"26,19 : 0.5831"
"19,27 : 0.8814"
"27,19 : 0.8814"
"19,28 : 0.4589"
"28,19 : 0.4589"
"19,29 : 0.5001"
"29,19 : 0.5001"
"19,30 : 0.4492"
"30,19 : 0.4492"
"19,31 : 0.6896"
"31,19 : 0.6896"
"19,32 : 0.6894"
"32,19 : 0.6894"
"19,33 : 0.1924"
"33,19 : 0.1924"
"19,34 : 0.8402"
"34,19 : 0.8402"
"19,35 : 0.4617"
"35,19 : 0.4617"
"19,36 : 0.4491"
"36,19 : 0.4491"
"19,37 : 0.43"
"37,19 : 0.43"
"19,38 : 0.4501"
"38,19 : 0.4501"
"19,39 : 0.0854"
"39,19 : 0.0854"
"19,40 : 0.8463"
"40,19 : 0.8463"
"19,41 : 0.3912"
"41,19 : 0.3912"
"19,42 : 0.7912"
"42,19 : 0.7912"
"19,43 : 0.3195"
"43,19 : 0.3195"
"19,44 : 0.3106"
"44,19 : 0.3106"
"19,45 : 0.064"
"45,19 : 0.064"
"19,46 : 0.2433"
"46,19 : 0.2433"
"19,47 : 0.7489"
"47,19 : 0.7489"
"19,48 : 0.8769"
"48,19 : 0.8769"
"19,49 : 0.4357"
"49,19 : 0.4357"
"20,21 : 0.4173"
"21,20 : 0.4173"
"20,22 : 0.2202"
"22,20 : 0.2202"
"20,23 : 0.3547"
"23,20 : 0.3547"
"20,24 : 0.4751"
"24,20 : 0.4751"
"20,25 : 0.2302"
"25,20 : 0.2302"
"20,26 : 0.3962"
"26,20 : 0.3962"
"20,27 : 0.6555"
"27,20 : 0.6555"
"20,28 : 0.3406"
"28,20 : 0.3406"
"20,29 : 0.4623"
"29,20 : 0.4623"
"20,30 : 0.3059"
"30,20 : 0.3059"
"20,31 : 0.5301"
"31,20 : 0.5301"
"20,32 : 0.508"
"32,20 : 0.508"
"20,33 : 0.4104"
"33,20 : 0.4104"
"20,34 : 0.6243"
"34,20 : 0.6243"
"20,35 : 0.3625"
"35,20 : 0.3625"
"20,36 : 0.3257"
"36,20 : 0.3257"
"20,37 : 0.3551"
"37,20 : 0.3551"
"20,38 : 0.3774"
"38,20 : 0.3774"
"20,39 : 0.1487"
"39,20 : 0.1487"
"20,40 : 0.6161"
"40,20 : 0.6161"
"20,41 : 0.1612"
"41,20 : 0.1612"
"20,42 : 0.6689"
"42,20 : 0.6689"
"20,43 : 0.1879"
"43,20 : 0.1879"
"20,44 : 0.3081"
"44,20 : 0.3081"
"20,45 : 0.2202"
"45,20 : 0.2202"
"20,46 : 0.1772"
"46,20 : 0.1772"
"20,47 : 0.5413"
"47,20 : 0.5413"
"20,48 : 0.6512"
"48,20 : 0.6512"
"20,49 : 0.2474"
"49,20 : 0.2474"
"21,22 : 0.4492"
"22,21 : 0.4492"
"21,23 : 0.4319"
"23,21 : 0.4319"
"21,24 : 0.8841"
"24,21 : 0.8841"
"21,25 : 0.1972"
"25,21 : 0.1972"
"21,26 : 0.7741"
"26,21 : 0.7741"
"21,27 : 0.902"
"27,21 : 0.902"
"21,28 : 0.7569"
"28,21 : 0.7569"
"21,29 : 0.06"
"29,21 : 0.06"
"21,30 : 0.23"
"30,21 : 0.23"
"21,31 : 0.378"
"31,21 : 0.378"
"21,32 : 0.4294"
"32,21 : 0.4294"
"21,33 : 0.6001"
"33,21 : 0.6001"
"21,34 : 0.6613"
"34,21 : 0.6613"
"21,35 : 0.1432"
"35,21 : 0.1432"
"21,36 : 0.1903"
"36,21 : 0.1903"
"21,37 : 0.1"
"37,21 : 0.1"
"21,38 : 0.0922"
"38,21 : 0.0922"
"21,39 : 0.4386"
"39,21 : 0.4386"
"21,40 : 0.7923"
"40,21 : 0.7923"
"21,41 : 0.483"
"41,21 : 0.483"
"21,42 : 1.078"
"42,21 : 1.078"
"21,43 : 0.247"
"43,21 : 0.247"
"21,44 : 0.6997"
"44,21 : 0.6997"
"21,45 : 0.4934"
"45,21 : 0.4934"
"21,46 : 0.5801"
"46,21 : 0.5801"
"21,47 : 0.5536"
"47,21 : 0.5536"
"21,48 : 0.7519"
"48,21 : 0.7519"
"21,49 : 0.6407"
"49,21 : 0.6407"
"22,23 : 0.5576"
"23,22 : 0.5576"
"22,24 : 0.4909"
"24,22 : 0.4909"
"22,25 : 0.3324"
"25,22 : 0.3324"
"22,26 : 0.3466"
"26,22 : 0.3466"
"22,27 : 0.4752"
"27,22 : 0.4752"
"22,28 : 0.408"
"28,22 : 0.408"
"22,29 : 0.4701"
"29,22 : 0.4701"
"22,30 : 0.2385"
"30,22 : 0.2385"
"22,31 : 0.3828"
"31,22 : 0.3828"
"22,32 : 0.3338"
"32,22 : 0.3338"
"22,33 : 0.6303"
"33,22 : 0.6303"
"22,34 : 0.4071"
"34,22 : 0.4071"
"22,35 : 0.3312"
"35,22 : 0.3312"
"22,36 : 0.2778"
"36,22 : 0.2778"
"22,37 : 0.3547"
"37,22 : 0.3547"
"22,38 : 0.3716"
"38,22 : 0.3716"
"22,39 : 0.368"
"39,22 : 0.368"
"22,40 : 0.4071"
"40,22 : 0.4071"
"22,41 : 0.09"
"41,22 : 0.09"
"22,42 : 0.6748"
"42,22 : 0.6748"
"22,43 : 0.22"
"43,22 : 0.22"
"22,44 : 0.4752"
"44,22 : 0.4752"
"22,45 : 0.4405"
"45,22 : 0.4405"
"22,46 : 0.3517"
"46,22 : 0.3517"
"22,47 : 0.3324"
"47,22 : 0.3324"
"22,48 : 0.4314"
"48,22 : 0.4314"
"22,49 : 0.2508"
"49,22 : 0.2508"
"23,24 : 0.7481"
"24,23 : 0.7481"
"23,25 : 0.2953"
"25,23 : 0.2953"
"23,26 : 0.7225"
"26,23 : 0.7225"
"23,27 : 1.0102"
"27,23 : 1.0102"
"23,28 : 0.5968"
"28,23 : 0.5968"
"23,29 : 0.4916"
"29,23 : 0.4916"
"23,30 : 0.5077"
"30,23 : 0.5077"
"23,31 : 0.7424"
"31,23 : 0.7424"
"23,32 : 0.7572"
"32,23 : 0.7572"
"23,33 : 0.1772"
"33,23 : 0.1772"
"23,34 : 0.9334"
"34,23 : 0.9334"
"23,35 : 0.494"
"35,23 : 0.494"
"23,36 : 0.4965"
"36,23 : 0.4965"
"23,37 : 0.4522"
"37,23 : 0.4522"
"23,38 : 0.4684"
"38,23 : 0.4684"
"23,39 : 0.222"
"39,23 : 0.222"
"23,40 : 0.9638"
"40,23 : 0.9638"
"23,41 : 0.5148"
"41,23 : 0.5148"
"23,42 : 0.9265"
"42,23 : 0.9265"
"23,43 : 0.3905"
"43,23 : 0.3905"
"23,44 : 0.4346"
"44,23 : 0.4346"
"23,45 : 0.1942"
"45,23 : 0.1942"
"23,46 : 0.3821"
"46,23 : 0.3821"
"23,47 : 0.8355"
"47,23 : 0.8355"
"23,48 : 0.9823"
"48,23 : 0.9823"
"23,49 : 0.5743"
"49,23 : 0.5743"
"24,25 : 0.7049"
"25,24 : 0.7049"
"24,26 : 0.1712"
"26,24 : 0.1712"
"24,27 : 0.52"
"27,24 : 0.52"
"24,28 : 0.1513"
"28,24 : 0.1513"
"24,29 : 0.922"
"29,24 : 0.922"
"24,30 : 0.7159"
"30,24 : 0.7159"
"24,31 : 0.8677"
"31,24 : 0.8677"
"24,32 : 0.8062"
"32,24 : 0.8062"
"24,33 : 0.6926"
"33,24 : 0.6926"
"24,34 : 0.7741"
"34,24 : 0.7741"
"24,35 : 0.7991"
"35,24 : 0.7991"
"24,36 : 0.7501"
"36,24 : 0.7501"
"24,37 : 0.8072"
"37,24 : 0.8072"
"24,38 : 0.8281"
"38,24 : 0.8281"
"24,39 : 0.5385"
"39,24 : 0.5385"
"24,40 : 0.6067"
"40,24 : 0.6067"
"24,41 : 0.4187"
"41,24 : 0.4187"
"24,42 : 0.1942"
"42,24 : 0.1942"
"24,43 : 0.6389"
"43,24 : 0.6389"
"24,44 : 0.3453"
"44,24 : 0.3453"
"24,45 : 0.5544"
"45,24 : 0.5544"
"24,46 : 0.3667"
"46,24 : 0.3667"
"24,47 : 0.7519"
"47,24 : 0.7519"
"24,48 : 0.7206"
"48,24 : 0.7206"
"24,49 : 0.2476"
"49,24 : 0.2476"
"25,26 : 0.6135"
"26,25 : 0.6135"
"25,27 : 0.8075"
"27,25 : 0.8075"
"25,28 : 0.5701"
"28,25 : 0.5701"
"25,29 : 0.2508"
"29,25 : 0.2508"
"25,30 : 0.214"
"30,25 : 0.214"
"25,31 : 0.4472"
"31,25 : 0.4472"
"25,32 : 0.464"
"32,25 : 0.464"
"25,33 : 0.4393"
"33,25 : 0.4393"
"25,34 : 0.656"
"34,25 : 0.656"
"25,35 : 0.204"
"35,25 : 0.204"
"25,36 : 0.2012"
"36,25 : 0.2012"
"25,37 : 0.17"
"37,25 : 0.17"
"25,38 : 0.1903"
"38,25 : 0.1903"
"25,39 : 0.2435"
"39,25 : 0.2435"
"25,40 : 0.7273"
"40,25 : 0.7273"
"25,41 : 0.3338"
"41,25 : 0.3338"
"25,42 : 0.8989"
"42,25 : 0.8989"
"25,43 : 0.117"
"43,25 : 0.117"
"25,44 : 0.5025"
"44,25 : 0.5025"
"25,45 : 0.3041"
"45,25 : 0.3041"
"25,46 : 0.3842"
"46,25 : 0.3842"
"25,47 : 0.5532"
"47,25 : 0.5532"
"25,48 : 0.7207"
"48,25 : 0.7207"
"25,49 : 0.4701"
"49,25 : 0.4701"
"26,27 : 0.3801"
"27,26 : 0.3801"
"26,28 : 0.1985"
"28,26 : 0.1985"
"26,29 : 0.8045"
"29,26 : 0.8045"
"26,30 : 0.5826"
"30,26 : 0.5826"
"26,31 : 0.7102"
"31,26 : 0.7102"
"26,32 : 0.6441"
"32,26 : 0.6441"
"26,33 : 0.7084"
"33,26 : 0.7084"
"26,34 : 0.603"
"34,26 : 0.603"
"26,35 : 0.672"
"35,26 : 0.672"
"26,36 : 0.6201"
"36,26 : 0.6201"
"26,37 : 0.688"
"37,26 : 0.688"
"26,38 : 0.7072"
"38,26 : 0.7072"
"26,39 : 0.5009"
"39,26 : 0.5009"
"26,40 : 0.4438"
"40,26 : 0.4438"
"26,41 : 0.2915"
"41,26 : 0.2915"
"26,42 : 0.3329"
"42,26 : 0.3329"
"26,43 : 0.5277"
"43,26 : 0.5277"
"26,44 : 0.3941"
"44,26 : 0.3941"
"26,45 : 0.5394"
"45,26 : 0.5394"
"26,46 : 0.3544"
"46,26 : 0.3544"
"26,47 : 0.5824"
"47,26 : 0.5824"
"26,48 : 0.5523"
"48,26 : 0.5523"
"26,49 : 0.1503"
"49,26 : 0.1503"
"27,28 : 0.578"
"28,27 : 0.578"
"27,29 : 0.908"
"29,27 : 0.908"
"27,30 : 0.6727"
"30,27 : 0.6727"
"27,31 : 0.6664"
"31,27 : 0.6664"
"27,32 : 0.5814"
"32,27 : 0.5814"
"27,33 : 1.041"
"33,27 : 1.041"
"27,34 : 0.4031"
"34,27 : 0.4031"
"27,35 : 0.7653"
"35,27 : 0.7653"
"27,36 : 0.7134"
"36,27 : 0.7134"
"27,37 : 0.8022"
"37,27 : 0.8022"
"27,38 : 0.8139"
"38,27 : 0.8139"
"27,39 : 0.7962"
"39,27 : 0.7962"
"27,40 : 0.1628"
"40,27 : 0.1628"
"27,41 : 0.4965"
"41,27 : 0.4965"
"27,42 : 0.5914"
"42,27 : 0.5914"
"27,43 : 0.6935"
"43,27 : 0.6935"
"27,44 : 0.7637"
"44,27 : 0.7637"
"27,45 : 0.8548"
"45,27 : 0.8548"
"27,46 : 0.694"
"46,27 : 0.694"
"27,47 : 0.4549"
"47,27 : 0.4549"
"27,48 : 0.2941"
"48,27 : 0.2941"
"27,49 : 0.4763"
"49,27 : 0.4763"
"28,29 : 0.7993"
"29,28 : 0.7993"
"28,30 : 0.6106"
"30,28 : 0.6106"
"28,31 : 0.7906"
"31,28 : 0.7906"
"28,32 : 0.7398"
"32,28 : 0.7398"
"28,33 : 0.5459"
"33,28 : 0.5459"
"28,34 : 0.7533"
"34,28 : 0.7533"
"28,35 : 0.686"
"35,28 : 0.686"
"28,36 : 0.6407"
"36,28 : 0.6407"
"28,37 : 0.6877"
"37,28 : 0.6877"
"28,38 : 0.7094"
"38,28 : 0.7094"
"28,39 : 0.389"
"39,28 : 0.389"
"28,40 : 0.6277"
"40,28 : 0.6277"
"28,41 : 0.3231"
"41,28 : 0.3231"
"28,42 : 0.3362"
"42,28 : 0.3362"
"28,43 : 0.5174"
"43,28 : 0.5174"
"28,44 : 0.2062"
"44,28 : 0.2062"
"28,45 : 0.4031"
"45,28 : 0.4031"
"28,46 : 0.2159"
"46,28 : 0.2159"
"28,47 : 0.7106"
"47,28 : 0.7106"
"28,48 : 0.7228"
"48,28 : 0.7228"
"28,49 : 0.1612"
"49,28 : 0.1612"
"29,30 : 0.2377"
"30,29 : 0.2377"
"29,31 : 0.3448"
"31,29 : 0.3448"
"29,32 : 0.405"
"32,29 : 0.405"
"29,33 : 0.6601"
"33,29 : 0.6601"
"29,34 : 0.6429"
"34,29 : 0.6429"
"29,35 : 0.1432"
"35,29 : 0.1432"
"29,36 : 0.1965"
"36,29 : 0.1965"
"29,37 : 0.1166"
"37,29 : 0.1166"
"29,38 : 0.0985"
"38,29 : 0.0985"
"29,39 : 0.494"
"39,29 : 0.494"
"29,40 : 0.79"
"40,29 : 0.79"
"29,41 : 0.5131"
"41,29 : 0.5131"
"29,42 : 1.1152"
"42,29 : 1.1152"
"29,43 : 0.2832"
"43,29 : 0.2832"
"29,44 : 0.7518"
"44,29 : 0.7518"
"29,45 : 0.5508"
"45,29 : 0.5508"
"29,46 : 0.6297"
"46,29 : 0.6297"
"29,47 : 0.536"
"47,29 : 0.536"
"29,48 : 0.7398"
"48,29 : 0.7398"
"29,49 : 0.6762"
"49,29 : 0.6762"
"30,31 : 0.2404"
"31,30 : 0.2404"
"30,32 : 0.25"
"32,30 : 0.25"
"30,33 : 0.6391"
"33,30 : 0.6391"
"30,34 : 0.4528"
"34,30 : 0.4528"
"30,35 : 0.0949"
"35,30 : 0.0949"
"30,36 : 0.0412"
"36,30 : 0.0412"
"30,37 : 0.13"
"37,30 : 0.13"
"30,38 : 0.1414"
"38,30 : 0.1414"
"30,39 : 0.4031"
"39,30 : 0.4031"
"30,40 : 0.5632"
"40,30 : 0.5632"
"30,41 : 0.2973"
"41,30 : 0.2973"
"30,42 : 0.9052"
"42,30 : 0.9052"
"30,43 : 0.1315"
"43,30 : 0.1315"
"30,44 : 0.6139"
"44,30 : 0.6139"
"30,45 : 0.4768"
"45,30 : 0.4768"
"30,46 : 0.4827"
"46,30 : 0.4827"
"30,47 : 0.3467"
"47,30 : 0.3467"
"30,48 : 0.5314"
"48,30 : 0.5314"
"30,49 : 0.4686"
"49,30 : 0.4686"
"31,32 : 0.0854"
"32,31 : 0.0854"
"31,33 : 0.8792"
"33,31 : 0.8792"
"31,34 : 0.32"
"34,31 : 0.32"
"31,35 : 0.2561"
"35,31 : 0.2561"
"31,36 : 0.246"
"36,31 : 0.246"
"31,37 : 0.3048"
"37,31 : 0.3048"
"31,38 : 0.297"
"38,31 : 0.297"
"31,39 : 0.6413"
"39,31 : 0.6413"
"31,40 : 0.5187"
"40,31 : 0.5187"
"31,41 : 0.4684"
"41,31 : 0.4684"
"31,42 : 1.0431"
"42,31 : 1.0431"
"31,43 : 0.3711"
"43,31 : 0.3711"
"31,44 : 0.8322"
"44,31 : 0.8322"
"31,45 : 0.7159"
"45,31 : 0.7159"
"31,46 : 0.7011"
"46,31 : 0.7011"
"31,47 : 0.2236"
"47,31 : 0.2236"
"31,48 : 0.4329"
"48,31 : 0.4329"
"31,49 : 0.6332"
"49,31 : 0.6332"
"32,33 : 0.8814"
"33,32 : 0.8814"
"32,34 : 0.2419"
"34,32 : 0.2419"
"32,35 : 0.2941"
"35,32 : 0.2941"
"32,36 : 0.2687"
"36,32 : 0.2687"
"32,37 : 0.3441"
"37,32 : 0.3441"
"32,38 : 0.3413"
"38,32 : 0.3413"
"32,39 : 0.6325"
"39,32 : 0.6325"
"32,40 : 0.4332"
"40,32 : 0.4332"
"32,41 : 0.423"
"41,32 : 0.423"
"32,42 : 0.9762"
"42,32 : 0.9762"
"32,43 : 0.3712"
"43,32 : 0.3712"
"32,44 : 0.8002"
"44,32 : 0.8002"
"32,45 : 0.7084"
"45,32 : 0.7084"
"32,46 : 0.6712"
"46,32 : 0.6712"
"32,47 : 0.1404"
"47,32 : 0.1404"
"32,48 : 0.3506"
"48,32 : 0.3506"
"32,49 : 0.5797"
"49,32 : 0.5797"
"33,34 : 1.03"
"34,33 : 1.03"
"33,35 : 0.6433"
"35,33 : 0.6433"
"33,36 : 0.636"
"36,33 : 0.636"
"33,37 : 0.6067"
"37,33 : 0.6067"
"33,38 : 0.6251"
"38,33 : 0.6251"
"33,39 : 0.2625"
"39,33 : 0.2625"
"33,40 : 1.0218"
"40,33 : 1.0218"
"33,41 : 0.5664"
"41,33 : 0.5664"
"33,42 : 0.8515"
"42,33 : 0.8515"
"33,43 : 0.5108"
"43,33 : 0.5108"
"33,44 : 0.35"
"44,33 : 0.35"
"33,45 : 0.191"
"45,33 : 0.191"
"33,46 : 0.3547"
"46,33 : 0.3547"
"33,47 : 0.9403"
"47,33 : 0.9403"
"33,48 : 1.0615"
"48,33 : 1.0615"
"33,49 : 0.5727"
"49,33 : 0.5727"
"34,35 : 0.52"
"35,34 : 0.52"
"34,36 : 0.483"
"36,34 : 0.483"
"34,37 : 0.5686"
"37,34 : 0.5686"
"34,38 : 0.5701"
"38,34 : 0.5701"
"34,39 : 0.7684"
"39,34 : 0.7684"
"34,40 : 0.2404"
"40,34 : 0.2404"
"34,41 : 0.4885"
"41,34 : 0.4885"
"34,42 : 0.9121"
"42,34 : 0.9121"
"34,43 : 0.5456"
"43,34 : 0.5456"
"34,44 : 0.8698"
"44,34 : 0.8698"
"34,45 : 0.8431"
"45,34 : 0.8431"
"34,46 : 0.7539"
"46,34 : 0.7539"
"34,47 : 0.1077"
"47,34 : 0.1077"
"34,48 : 0.1208"
"48,34 : 0.1208"
"34,49 : 0.5968"
"49,34 : 0.5968"
"35,36 : 0.0539"
"36,35 : 0.0539"
"35,37 : 0.05"
"37,35 : 0.05"
"35,38 : 0.051"
"38,35 : 0.051"
"35,39 : 0.4319"
"39,35 : 0.4319"
"35,40 : 0.6507"
"40,35 : 0.6507"
"35,41 : 0.3829"
"41,35 : 0.3829"
"35,42 : 0.9904"
"42,35 : 0.9904"
"35,43 : 0.1746"
"43,35 : 0.1746"
"35,44 : 0.6673"
"44,35 : 0.6673"
"35,45 : 0.5001"
"45,35 : 0.5001"
"35,46 : 0.5385"
"46,35 : 0.5385"
"35,47 : 0.4123"
"47,35 : 0.4123"
"35,48 : 0.6088"
"48,35 : 0.6088"
"35,49 : 0.5515"
"49,35 : 0.5515"
"36,37 : 0.0906"
"37,36 : 0.0906"
"36,38 : 0.1005"
"38,36 : 0.1005"
"36,39 : 0.4101"
"39,36 : 0.4101"
"36,40 : 0.6021"
"40,36 : 0.6021"
"36,41 : 0.3324"
"41,36 : 0.3324"
"36,42 : 0.9405"
"42,36 : 0.9405"
"36,43 : 0.1414"
"43,36 : 0.1414"
"36,44 : 0.6332"
"44,36 : 0.6332"
"36,45 : 0.4817"
"45,36 : 0.4817"
"36,46 : 0.5029"
"46,36 : 0.5029"
"36,47 : 0.3759"
"47,36 : 0.3759"
"36,48 : 0.5661"
"48,36 : 0.5661"
"36,49 : 0.5025"
"49,36 : 0.5025"
"37,38 : 0.0224"
"38,37 : 0.0224"
"37,39 : 0.4079"
"39,37 : 0.4079"
"37,40 : 0.6926"
"40,37 : 0.6926"
"37,41 : 0.3966"
"41,37 : 0.3966"
"37,42 : 1.0"
"42,37 : 1.0"
"37,43 : 0.1703"
"43,37 : 0.1703"
"37,44 : 0.6539"
"44,37 : 0.6539"
"37,45 : 0.4727"
"45,37 : 0.4727"
"37,46 : 0.5277"
"46,37 : 0.5277"
"37,47 : 0.461"
"47,37 : 0.461"
"37,48 : 0.6552"
"48,37 : 0.6552"
"37,49 : 0.5608"
"49,37 : 0.5608"
"38,39 : 0.4295"
"39,38 : 0.4295"
"38,40 : 0.7011"
"40,38 : 0.7011"
"38,41 : 0.4162"
"41,38 : 0.4162"
"38,42 : 1.0207"
"42,38 : 1.0207"
"38,43 : 0.1921"
"43,38 : 0.1921"
"38,44 : 0.6762"
"44,38 : 0.6762"
"38,45 : 0.4937"
"45,38 : 0.4937"
"38,46 : 0.5501"
"46,38 : 0.5501"
"38,47 : 0.4624"
"47,38 : 0.4624"
"38,48 : 0.6597"
"48,38 : 0.6597"
"38,49 : 0.5814"
"49,38 : 0.5814"
"39,40 : 0.764"
"40,39 : 0.764"
"39,41 : 0.3081"
"41,39 : 0.3081"
"39,42 : 0.7245"
"42,39 : 0.7245"
"39,43 : 0.2717"
"43,39 : 0.2717"
"39,44 : 0.2691"
"44,39 : 0.2691"
"39,45 : 0.0762"
"45,39 : 0.0762"
"39,46 : 0.1746"
"46,39 : 0.1746"
"39,47 : 0.681"
"47,39 : 0.681"
"39,48 : 0.7993"
"48,39 : 0.7993"
"39,49 : 0.3523"
"49,39 : 0.3523"
"40,41 : 0.4561"
"41,40 : 0.4561"
"40,42 : 0.7134"
"42,40 : 0.7134"
"40,43 : 0.6103"
"43,40 : 0.6103"
"40,44 : 0.7877"
"44,40 : 0.7877"
"40,45 : 0.831"
"45,40 : 0.831"
"40,46 : 0.6953"
"46,40 : 0.6953"
"40,47 : 0.2997"
"47,40 : 0.2997"
"40,48 : 0.1342"
"48,40 : 0.1342"
"40,49 : 0.494"
"49,40 : 0.494"
"41,42 : 0.6081"
"42,41 : 0.6081"
"41,43 : 0.2377"
"43,41 : 0.2377"
"41,44 : 0.3864"
"44,41 : 0.3864"
"41,45 : 0.3754"
"45,41 : 0.3754"
"41,46 : 0.2657"
"46,41 : 0.2657"
"41,47 : 0.4198"
"47,41 : 0.4198"
"41,48 : 0.5"
"48,41 : 0.5"
"41,49 : 0.172"
"49,41 : 0.172"
"42,43 : 0.8324"
"43,42 : 0.8324"
"42,44 : 0.5025"
"44,42 : 0.5025"
"42,45 : 0.7325"
"45,42 : 0.7325"
"42,46 : 0.5503"
"46,42 : 0.5503"
"42,47 : 0.9062"
"47,42 : 0.9062"
"42,48 : 0.8401"
"48,42 : 0.8401"
"42,49 : 0.4393"
"49,42 : 0.4393"
