x,y
0.91,0.43
0.84,0.77
0.23,0.62
0.89,0.08
0.19,0.57
0.18,0.6
0.71,0.4
0.48,0.6
0.62,0.87
0.59,0.12
0.26,0.43
0.92,0.75
0.27,0.68
0.67,0.65
0.31,0.63
0.81,0.71
0.91,0.24
0.39,0.73
0.28,0.62
0.98,0.04
0.79,0.36
0.56,0.15
0.48,0.66
0.62,0.95
0.1,0.72
0.25,0.78
0.45,0.64
0.94,0.33
0.74,0.5
0.75,0.82
0.77,0.35
0.31,0.05
0.77,0.37
0.71,0.77
0.14,0.27
0.4,0.33
0.41,0.54
0.4,0.38
0.89,0.87
0.01,0.01
0.68,0.51
0.11,0.16
0.09,0.27
0.48,0.7
0.55,0.85
0.52,0.77
0.89,0.17
0.35,0.35
0.79,0.44
0.17,0.38

Distanze
"0,1 : 0.3471"
"1,0 : 0.3471"
"0,2 : 0.706"
"2,0 : 0.706"
"0,3 : 0.3506"
"3,0 : 0.3506"
"0,4 : 0.7335"
"4,0 : 0.7335"
"0,5 : 0.7495"
"5,0 : 0.7495"
"0,6 : 0.2022"
"6,0 : 0.2022"
"0,7 : 0.4624"
"7,0 : 0.4624"
"0,8 : 0.527"
"8,0 : 0.527"
"0,9 : 0.4455"
"9,0 : 0.4455"
"0,10 : 0.65"
"10,0 : 0.65"
"0,11 : 0.3202"
"11,0 : 0.3202"
"0,12 : 0.6871"
"12,0 : 0.6871"
"0,13 : 0.3256"
"13,0 : 0.3256"
"0,14 : 0.6325"
"14,0 : 0.6325"
"0,15 : 0.2973"
"15,0 : 0.2973"
"0,16 : 0.19"
"16,0 : 0.19"
"0,17 : 0.6003"
"17,0 : 0.6003"
"0,18 : 0.658"
"18,0 : 0.658"
"0,19 : 0.3962"
"19,0 : 0.3962"
"0,20 : 0.1389"
"20,0 : 0.1389"
"0,21 : 0.4482"
"21,0 : 0.4482"
"0,22 : 0.4876"
"22,0 : 0.4876"
"0,23 : 0.5954"
"23,0 : 0.5954"
"0,24 : 0.8603"
"24,0 : 0.8603"
"0,25 : 0.7471"
"25,0 : 0.7471"
"0,26 : 0.5057"
"26,0 : 0.5057"
"0,27 : 0.1044"
"27,0 : 0.1044"
"0,28 : 0.1838"
"28,0 : 0.1838"
"0,29 : 0.4215"
"29,0 : 0.4215"
"0,30 : 0.1612"
"30,0 : 0.1612"
"0,31 : 0.7102"
"31,0 : 0.7102"
"0,32 : 0.1523"
"32,0 : 0.1523"
"0,33 : 0.3945"
"33,0 : 0.3945"
"0,34 : 0.7864"
"34,0 : 0.7864"
"0,35 : 0.5197"
"35,0 : 0.5197"
"0,36 : 0.512"
"36,0 : 0.512"
"0,37 : 0.5124"
"37,0 : 0.5124"
"0,38 : 0.4405"
"38,0 : 0.4405"
"0,39 : 0.9932"
"39,0 : 0.9932"
"0,40 : 0.2435"
"40,0 : 0.2435"
"0,41 : 0.8443"
"41,0 : 0.8443"
"0,42 : 0.8355"
"42,0 : 0.8355"
"0,43 : 0.5077"
"43,0 : 0.5077"
"0,44 : 0.5532"
"44,0 : 0.5532"
"0,45 : 0.5174"
"45,0 : 0.5174"
"0,46 : 0.2608"
"46,0 : 0.2608"
"0,47 : 0.5657"
"47,0 : 0.5657"
"0,48 : 0.1204"
"48,0 : 0.1204"
"0,49 : 0.7417"
"49,0 : 0.7417"
"1,2 : 0.6282"
"2,1 : 0.6282"
"1,3 : 0.6918"
"3,1 : 0.6918"
"1,4 : 0.6801"
"4,1 : 0.6801"
"1,5 : 0.6815"
"5,1 : 0.6815"
"1,6 : 0.3922"
"6,1 : 0.3922"
"1,7 : 0.3981"
"7,1 : 0.3981"
"1,8 : 0.2417"
"8,1 : 0.2417"
"1,9 : 0.6964"
"9,1 : 0.6964"
"1,10 : 0.6723"
"10,1 : 0.6723"
"1,11 : 0.0825"
"11,1 : 0.0825"
"1,12 : 0.5771"
"12,1 : 0.5771"
"1,13 : 0.2081"
"13,1 : 0.2081"
"1,14 : 0.5482"
"14,1 : 0.5482"
"1,15 : 0.0671"
"15,1 : 0.0671"
"1,16 : 0.5346"
"16,1 : 0.5346"
"1,17 : 0.4518"
"17,1 : 0.4518"
"1,18 : 0.5797"
"18,1 : 0.5797"
"1,19 : 0.7433"
"19,1 : 0.7433"
"1,20 : 0.413"
"20,1 : 0.413"
"1,21 : 0.6803"
"21,1 : 0.6803"
"1,22 : 0.3764"
"22,1 : 0.3764"
"1,23 : 0.2843"
"23,1 : 0.2843"
"1,24 : 0.7417"
"24,1 : 0.7417"
"1,25 : 0.5901"
"25,1 : 0.5901"
"1,26 : 0.4111"
"26,1 : 0.4111"
"1,27 : 0.4512"
"27,1 : 0.4512"
"1,28 : 0.2879"
"28,1 : 0.2879"
"1,29 : 0.103"
"29,1 : 0.103"
"1,30 : 0.4258"
"30,1 : 0.4258"
"1,31 : 0.894"
"31,1 : 0.894"
"1,32 : 0.4061"
"32,1 : 0.4061"
"1,33 : 0.13"
"33,1 : 0.13"
"1,34 : 0.8602"
"34,1 : 0.8602"
"1,35 : 0.6223"
"35,1 : 0.6223"
"1,36 : 0.4876"
"36,1 : 0.4876"
"1,37 : 0.588"
"37,1 : 0.588"
"1,38 : 0.1118"
"38,1 : 0.1118"
"1,39 : 1.1254"
"39,1 : 1.1254"
"1,40 : 0.3053"
"40,1 : 0.3053"
"1,41 : 0.9513"
"41,1 : 0.9513"
"1,42 : 0.9014"
"42,1 : 0.9014"
"1,43 : 0.3667"
"43,1 : 0.3667"
"1,44 : 0.3008"
"44,1 : 0.3008"
"1,45 : 0.32"
"45,1 : 0.32"
"1,46 : 0.6021"
"46,1 : 0.6021"
"1,47 : 0.6454"
"47,1 : 0.6454"
"1,48 : 0.3338"
"48,1 : 0.3338"
"1,49 : 0.7752"
"49,1 : 0.7752"
"2,3 : 0.8528"
"3,2 : 0.8528"
"2,4 : 0.064"
"4,2 : 0.064"
"2,5 : 0.0539"
"5,2 : 0.0539"
"2,6 : 0.528"
"6,2 : 0.528"
"2,7 : 0.2508"
"7,2 : 0.2508"
"2,8 : 0.4632"
"8,2 : 0.4632"
"2,9 : 0.6161"
"9,2 : 0.6161"
"2,10 : 0.1924"
"10,2 : 0.1924"
"2,11 : 0.7021"
"11,2 : 0.7021"
"2,12 : 0.0721"
"12,2 : 0.0721"
"2,13 : 0.441"
"13,2 : 0.441"
"2,14 : 0.0806"
"14,2 : 0.0806"
"2,15 : 0.5869"
"15,2 : 0.5869"
"2,16 : 0.779"
"16,2 : 0.779"
"2,17 : 0.1942"
"17,2 : 0.1942"
"2,18 : 0.05"
"18,2 : 0.05"
"2,19 : 0.9481"
"19,2 : 0.9481"
"2,20 : 0.6174"
"20,2 : 0.6174"
"2,21 : 0.5743"
"21,2 : 0.5743"
"2,22 : 0.2532"
"22,2 : 0.2532"
"2,23 : 0.5109"
"23,2 : 0.5109"
"2,24 : 0.164"
"24,2 : 0.164"
"2,25 : 0.1612"
"25,2 : 0.1612"
"2,26 : 0.2209"
"26,2 : 0.2209"
"2,27 : 0.7669"
"27,2 : 0.7669"
"2,28 : 0.5239"
"28,2 : 0.5239"
"2,29 : 0.5571"
"29,2 : 0.5571"
"2,30 : 0.6037"
"30,2 : 0.6037"
"2,31 : 0.5756"
"31,2 : 0.5756"
"2,32 : 0.5951"
"32,2 : 0.5951"
"2,33 : 0.5029"
"33,2 : 0.5029"
"2,34 : 0.3614"
"34,2 : 0.3614"
"2,35 : 0.3362"
"35,2 : 0.3362"
"2,36 : 0.197"
"36,2 : 0.197"
"2,37 : 0.2941"
"37,2 : 0.2941"
"2,38 : 0.7058"
"38,2 : 0.7058"
"2,39 : 0.6485"
"39,2 : 0.6485"
"2,40 : 0.4632"
"40,2 : 0.4632"
"2,41 : 0.4754"
"41,2 : 0.4754"
"2,42 : 0.377"
"42,2 : 0.377"
"2,43 : 0.2625"
"43,2 : 0.2625"
"2,44 : 0.3941"
"44,2 : 0.3941"
"2,45 : 0.3265"
"45,2 : 0.3265"
"2,46 : 0.7988"
"46,2 : 0.7988"
"2,47 : 0.2955"
"47,2 : 0.2955"
"2,48 : 0.5882"
"48,2 : 0.5882"
"2,49 : 0.2474"
"49,2 : 0.2474"
"3,4 : 0.8545"
"4,3 : 0.8545"
"3,5 : 0.8801"
"5,3 : 0.8801"
"3,6 : 0.3672"
"6,3 : 0.3672"
"3,7 : 0.6622"
"7,3 : 0.6622"
"3,8 : 0.8349"
"8,3 : 0.8349"
"3,9 : 0.3027"
"9,3 : 0.3027"
"3,10 : 0.7207"
"10,3 : 0.7207"
"3,11 : 0.6707"
"11,3 : 0.6707"
"3,12 : 0.8628"
"12,3 : 0.8628"
"3,13 : 0.611"
"13,3 : 0.611"
"3,14 : 0.7993"
"14,3 : 0.7993"
"3,15 : 0.6351"
"15,3 : 0.6351"
"3,16 : 0.1612"
"16,3 : 0.1612"
"3,17 : 0.8201"
"17,3 : 0.8201"
"3,18 : 0.8147"
"18,3 : 0.8147"
"3,19 : 0.0985"
"19,3 : 0.0985"
"3,20 : 0.2973"
"20,3 : 0.2973"
"3,21 : 0.3373"
"21,3 : 0.3373"
"3,22 : 0.7103"
"22,3 : 0.7103"
"3,23 : 0.9109"
"23,3 : 0.9109"
"3,24 : 1.0167"
"24,3 : 1.0167"
"3,25 : 0.9485"
"25,3 : 0.9485"
"3,26 : 0.7122"
"26,3 : 0.7122"
"3,27 : 0.255"
"27,3 : 0.255"
"3,28 : 0.446"
"28,3 : 0.446"
"3,29 : 0.7531"
"29,3 : 0.7531"
"3,30 : 0.2955"
"30,3 : 0.2955"
"3,31 : 0.5808"
"31,3 : 0.5808"
"3,32 : 0.3138"
"32,3 : 0.3138"
"3,33 : 0.7131"
"33,3 : 0.7131"
"3,34 : 0.7737"
"34,3 : 0.7737"
"3,35 : 0.5501"
"35,3 : 0.5501"
"3,36 : 0.6648"
"36,3 : 0.6648"
"3,37 : 0.5745"
"37,3 : 0.5745"
"3,38 : 0.79"
"38,3 : 0.79"
"3,39 : 0.8828"
"39,3 : 0.8828"
"3,40 : 0.4785"
"40,3 : 0.4785"
"3,41 : 0.7841"
"41,3 : 0.7841"
"3,42 : 0.8223"
"42,3 : 0.8223"
"3,43 : 0.7433"
"43,3 : 0.7433"
"3,44 : 0.8417"
"44,3 : 0.8417"
"3,45 : 0.7829"
"45,3 : 0.7829"
"3,46 : 0.09"
"46,3 : 0.09"
"3,47 : 0.6037"
"47,3 : 0.6037"
"3,48 : 0.3736"
"48,3 : 0.3736"
"3,49 : 0.78"
"49,3 : 0.78"
"4,5 : 0.0316"
"5,4 : 0.0316"
"4,6 : 0.5471"
"6,4 : 0.5471"
"4,7 : 0.2915"
"7,4 : 0.2915"
"4,8 : 0.5243"
"8,4 : 0.5243"
"4,9 : 0.6021"
"9,4 : 0.6021"
"4,10 : 0.1565"
"10,4 : 0.1565"
"4,11 : 0.7519"
"11,4 : 0.7519"
"4,12 : 0.136"
"12,4 : 0.136"
"4,13 : 0.4866"
"13,4 : 0.4866"
"4,14 : 0.1342"
"14,4 : 0.1342"
"4,15 : 0.6356"
"15,4 : 0.6356"
"4,16 : 0.792"
"16,4 : 0.792"
"4,17 : 0.2561"
"17,4 : 0.2561"
"4,18 : 0.103"
"18,4 : 0.103"
"4,19 : 0.9513"
"19,4 : 0.9513"
"4,20 : 0.6357"
"20,4 : 0.6357"
"4,21 : 0.5597"
"21,4 : 0.5597"
"4,22 : 0.3036"
"22,4 : 0.3036"
"4,23 : 0.5738"
"23,4 : 0.5738"
"4,24 : 0.1749"
"24,4 : 0.1749"
"4,25 : 0.2184"
"25,4 : 0.2184"
"4,26 : 0.2693"
"26,4 : 0.2693"
"4,27 : 0.7875"
"27,4 : 0.7875"
"4,28 : 0.5544"
"28,4 : 0.5544"
"4,29 : 0.6133"
"29,4 : 0.6133"
"4,30 : 0.6203"
"30,4 : 0.6203"
"4,31 : 0.5337"
"31,4 : 0.5337"
"4,32 : 0.6135"
"32,4 : 0.6135"
"4,33 : 0.5571"
"33,4 : 0.5571"
"4,34 : 0.3041"
"34,4 : 0.3041"
"4,35 : 0.3189"
"35,4 : 0.3189"
"4,36 : 0.222"
"36,4 : 0.222"
"4,37 : 0.2832"
"37,4 : 0.2832"
"4,38 : 0.7616"
"38,4 : 0.7616"
"4,39 : 0.5882"
"39,4 : 0.5882"
"4,40 : 0.4937"
"40,4 : 0.4937"
"4,41 : 0.4177"
"41,4 : 0.4177"
"4,42 : 0.3162"
"42,4 : 0.3162"
"4,43 : 0.3178"
"43,4 : 0.3178"
"4,44 : 0.4561"
"44,4 : 0.4561"
"4,45 : 0.3859"
"45,4 : 0.3859"
"4,46 : 0.8062"
"46,4 : 0.8062"
"4,47 : 0.272"
"47,4 : 0.272"
"4,48 : 0.6139"
"48,4 : 0.6139"
"4,49 : 0.191"
"49,4 : 0.191"
"5,6 : 0.5665"
"6,5 : 0.5665"
"5,7 : 0.3"
"7,5 : 0.3"
"5,8 : 0.5162"
"8,5 : 0.5162"
"5,9 : 0.6313"
"9,5 : 0.6313"
"5,10 : 0.1879"
"10,5 : 0.1879"
"5,11 : 0.755"
"11,5 : 0.755"
"5,12 : 0.1204"
"12,5 : 0.1204"
"5,13 : 0.4925"
"13,5 : 0.4925"
"5,14 : 0.1334"
"14,5 : 0.1334"
"5,15 : 0.6395"
"15,5 : 0.6395"
"5,16 : 0.8139"
"16,5 : 0.8139"
"5,17 : 0.247"
"17,5 : 0.247"
"5,18 : 0.102"
"18,5 : 0.102"
"5,19 : 0.9765"
"19,5 : 0.9765"
"5,20 : 0.6555"
"20,5 : 0.6555"
"5,21 : 0.589"
"21,5 : 0.589"
"5,22 : 0.3059"
"22,5 : 0.3059"
"5,23 : 0.5622"
"23,5 : 0.5622"
"5,24 : 0.1442"
"24,5 : 0.1442"
"5,25 : 0.1931"
"25,5 : 0.1931"
"5,26 : 0.2729"
"26,5 : 0.2729"
"5,27 : 0.8065"
"27,5 : 0.8065"
"5,28 : 0.5689"
"28,5 : 0.5689"
"5,29 : 0.611"
"29,5 : 0.611"
"5,30 : 0.6408"
"30,5 : 0.6408"
"5,31 : 0.5652"
"31,5 : 0.5652"
"5,32 : 0.6332"
"32,5 : 0.6332"
"5,33 : 0.5566"
"33,5 : 0.5566"
"5,34 : 0.3324"
"34,5 : 0.3324"
"5,35 : 0.3483"
"35,5 : 0.3483"
"5,36 : 0.2377"
"36,5 : 0.2377"
"5,37 : 0.3111"
"37,5 : 0.3111"
"5,38 : 0.7596"
"38,5 : 0.7596"
"5,39 : 0.614"
"39,5 : 0.614"
"5,40 : 0.508"
"40,5 : 0.508"
"5,41 : 0.4455"
"41,5 : 0.4455"
"5,42 : 0.3421"
"42,5 : 0.3421"
"5,43 : 0.3162"
"43,5 : 0.3162"
"5,44 : 0.4465"
"44,5 : 0.4465"
"5,45 : 0.3801"
"45,5 : 0.3801"
"5,46 : 0.8301"
"46,5 : 0.8301"
"5,47 : 0.3023"
"47,5 : 0.3023"
"5,48 : 0.6306"
"48,5 : 0.6306"
"5,49 : 0.2202"
"49,5 : 0.2202"
"6,7 : 0.3048"
"7,6 : 0.3048"
"6,8 : 0.4785"
"8,6 : 0.4785"
"6,9 : 0.3046"
"9,6 : 0.3046"
"6,10 : 0.451"
"10,6 : 0.451"
"6,11 : 0.4082"
"11,6 : 0.4082"
"6,12 : 0.5215"
"12,6 : 0.5215"
"6,13 : 0.2532"
"13,6 : 0.2532"
"6,14 : 0.4614"
"14,6 : 0.4614"
"6,15 : 0.3257"
"15,6 : 0.3257"
"6,16 : 0.2561"
"16,6 : 0.2561"
"6,17 : 0.4597"
"17,6 : 0.4597"
"6,18 : 0.483"
"18,6 : 0.483"
"6,19 : 0.45"
"19,6 : 0.45"
"6,20 : 0.0894"
"20,6 : 0.0894"
"6,21 : 0.2915"
"21,6 : 0.2915"
"6,22 : 0.3471"
"22,6 : 0.3471"
"6,23 : 0.5573"
"23,6 : 0.5573"
"6,24 : 0.6888"
"24,6 : 0.6888"
"6,25 : 0.5967"
"25,6 : 0.5967"
"6,26 : 0.3538"
"26,6 : 0.3538"
"6,27 : 0.2404"
"27,6 : 0.2404"
"6,28 : 0.1044"
"28,6 : 0.1044"
"6,29 : 0.4219"
"29,6 : 0.4219"
"6,30 : 0.0781"
"30,6 : 0.0781"
"6,31 : 0.5315"
"31,6 : 0.5315"
"6,32 : 0.0671"
"32,6 : 0.0671"
"6,33 : 0.37"
"33,6 : 0.37"
"6,34 : 0.5846"
"34,6 : 0.5846"
"6,35 : 0.3178"
"35,6 : 0.3178"
"6,36 : 0.3311"
"36,6 : 0.3311"
"6,37 : 0.3106"
"37,6 : 0.3106"
"6,38 : 0.5033"
"38,6 : 0.5033"
"6,39 : 0.8013"
"39,6 : 0.8013"
"6,40 : 0.114"
"40,6 : 0.114"
"6,41 : 0.6462"
"41,6 : 0.6462"
"6,42 : 0.6335"
"42,6 : 0.6335"
"6,43 : 0.378"
"43,6 : 0.378"
"6,44 : 0.4776"
"44,6 : 0.4776"
"6,45 : 0.4159"
"45,6 : 0.4159"
"6,46 : 0.2921"
"46,6 : 0.2921"
"6,47 : 0.3635"
"47,6 : 0.3635"
"6,48 : 0.0894"
"48,6 : 0.0894"
"6,49 : 0.5404"
"49,6 : 0.5404"
"7,8 : 0.3041"
"8,7 : 0.3041"
"7,9 : 0.4924"
"9,7 : 0.4924"
"7,10 : 0.278"
"10,7 : 0.278"
"7,11 : 0.4649"
"11,7 : 0.4649"
"7,12 : 0.2247"
"12,7 : 0.2247"
"7,13 : 0.1965"
"13,7 : 0.1965"
"7,14 : 0.1726"
"14,7 : 0.1726"
"7,15 : 0.3479"
"15,7 : 0.3479"
"7,16 : 0.5608"
"16,7 : 0.5608"
"7,17 : 0.1581"
"17,7 : 0.1581"
"7,18 : 0.201"
"18,7 : 0.201"
"7,19 : 0.7507"
"19,7 : 0.7507"
"7,20 : 0.392"
"20,7 : 0.392"
"7,21 : 0.4571"
"21,7 : 0.4571"
"7,22 : 0.06"
"22,7 : 0.06"
"7,23 : 0.377"
"23,7 : 0.377"
"7,24 : 0.3985"
"24,7 : 0.3985"
"7,25 : 0.2921"
"25,7 : 0.2921"
"7,26 : 0.05"
"26,7 : 0.05"
"7,27 : 0.5334"
"27,7 : 0.5334"
"7,28 : 0.2786"
"28,7 : 0.2786"
"7,29 : 0.3483"
"29,7 : 0.3483"
"7,30 : 0.3829"
"30,7 : 0.3829"
"7,31 : 0.5757"
"31,7 : 0.5757"
"7,32 : 0.3701"
"32,7 : 0.3701"
"7,33 : 0.286"
"33,7 : 0.286"
"7,34 : 0.4738"
"34,7 : 0.4738"
"7,35 : 0.2816"
"35,7 : 0.2816"
"7,36 : 0.0922"
"36,7 : 0.0922"
"7,37 : 0.2341"
"37,7 : 0.2341"
"7,38 : 0.4909"
"38,7 : 0.4909"
"7,39 : 0.7543"
"39,7 : 0.7543"
"7,40 : 0.2193"
"40,7 : 0.2193"
"7,41 : 0.5749"
"41,7 : 0.5749"
"7,42 : 0.5109"
"42,7 : 0.5109"
"7,43 : 0.1"
"43,7 : 0.1"
"7,44 : 0.2596"
"44,7 : 0.2596"
"7,45 : 0.1746"
"45,7 : 0.1746"
"7,46 : 0.5941"
"46,7 : 0.5941"
"7,47 : 0.2818"
"47,7 : 0.2818"
"7,48 : 0.3489"
"48,7 : 0.3489"
"7,49 : 0.3801"
"49,7 : 0.3801"
"8,9 : 0.7506"
"9,8 : 0.7506"
"8,10 : 0.5685"
"10,8 : 0.5685"
"8,11 : 0.3231"
"11,8 : 0.3231"
"8,12 : 0.3982"
"12,8 : 0.3982"
"8,13 : 0.2256"
"13,8 : 0.2256"
"8,14 : 0.392"
"14,8 : 0.392"
"8,15 : 0.2484"
"15,8 : 0.2484"
"8,16 : 0.6935"
"16,8 : 0.6935"
"8,17 : 0.2693"
"17,8 : 0.2693"
"8,18 : 0.422"
"18,8 : 0.422"
"8,19 : 0.9047"
"19,8 : 0.9047"
"8,20 : 0.5376"
"20,8 : 0.5376"
"8,21 : 0.7225"
"21,8 : 0.7225"
"8,22 : 0.2524"
"22,8 : 0.2524"
"8,23 : 0.08"
"23,8 : 0.08"
"8,24 : 0.5412"
"24,8 : 0.5412"
"8,25 : 0.3808"
"25,8 : 0.3808"
"8,26 : 0.286"
"26,8 : 0.286"
"8,27 : 0.6277"
"27,8 : 0.6277"
"8,28 : 0.389"
"28,8 : 0.389"
"8,29 : 0.1393"
"29,8 : 0.1393"
"8,30 : 0.5412"
"30,8 : 0.5412"
"8,31 : 0.8766"
"31,8 : 0.8766"
"8,32 : 0.522"
"32,8 : 0.522"
"8,33 : 0.1345"
"33,8 : 0.1345"
"8,34 : 0.7684"
"34,8 : 0.7684"
"8,35 : 0.5831"
"35,8 : 0.5831"
"8,36 : 0.3912"
"36,8 : 0.3912"
"8,37 : 0.5371"
"37,8 : 0.5371"
"8,38 : 0.27"
"38,8 : 0.27"
"8,39 : 1.0544"
"39,8 : 1.0544"
"8,40 : 0.365"
"40,8 : 0.365"
"8,41 : 0.8742"
"41,8 : 0.8742"
"8,42 : 0.8006"
"42,8 : 0.8006"
"8,43 : 0.2202"
"43,8 : 0.2202"
"8,44 : 0.0728"
"44,8 : 0.0728"
"8,45 : 0.1414"
"45,8 : 0.1414"
"8,46 : 0.7503"
"46,8 : 0.7503"
"8,47 : 0.5859"
"47,8 : 0.5859"
"8,48 : 0.4624"
"48,8 : 0.4624"
"8,49 : 0.6653"
"49,8 : 0.6653"
"9,10 : 0.4528"
"10,9 : 0.4528"
"9,11 : 0.7112"
"11,9 : 0.7112"
"9,12 : 0.645"
"12,9 : 0.645"
"9,13 : 0.536"
"13,9 : 0.536"
"9,14 : 0.5818"
"14,9 : 0.5818"
"9,15 : 0.6297"
"15,9 : 0.6297"
"9,16 : 0.3418"
"16,9 : 0.3418"
"9,17 : 0.642"
"17,9 : 0.642"
"9,18 : 0.5883"
"18,9 : 0.5883"
"9,19 : 0.3981"
"19,9 : 0.3981"
"9,20 : 0.3124"
"20,9 : 0.3124"
"9,21 : 0.0424"
"21,9 : 0.0424"
"9,22 : 0.5511"
"22,9 : 0.5511"
"9,23 : 0.8305"
"23,9 : 0.8305"
"9,24 : 0.7747"
"24,9 : 0.7747"
"9,25 : 0.7424"
"25,9 : 0.7424"
"9,26 : 0.5385"
"26,9 : 0.5385"
"9,27 : 0.4082"
"27,9 : 0.4082"
"9,28 : 0.4085"
"28,9 : 0.4085"
"9,29 : 0.7181"
"29,9 : 0.7181"
"9,30 : 0.2921"
"30,9 : 0.2921"
"9,31 : 0.2886"
"31,9 : 0.2886"
"9,32 : 0.3081"
"32,9 : 0.3081"
"9,33 : 0.661"
"33,9 : 0.661"
"9,34 : 0.4743"
"34,9 : 0.4743"
"9,35 : 0.2832"
"35,9 : 0.2832"
"9,36 : 0.4569"
"36,9 : 0.4569"
"9,37 : 0.322"
"37,9 : 0.322"
"9,38 : 0.8078"
"38,9 : 0.8078"
"9,39 : 0.5903"
"39,9 : 0.5903"
"9,40 : 0.4002"
"40,9 : 0.4002"
"9,41 : 0.4817"
"41,9 : 0.4817"
"9,42 : 0.522"
"42,9 : 0.522"
"9,43 : 0.5903"
"43,9 : 0.5903"
"9,44 : 0.7311"
"44,9 : 0.7311"
"9,45 : 0.6538"
"45,9 : 0.6538"
"9,46 : 0.3041"
"46,9 : 0.3041"
"9,47 : 0.3324"
"47,9 : 0.3324"
"9,48 : 0.3774"
"48,9 : 0.3774"
"9,49 : 0.494"
"49,9 : 0.494"
"10,11 : 0.7335"
"11,10 : 0.7335"
"10,12 : 0.2502"
"12,10 : 0.2502"
"10,13 : 0.4653"
"13,10 : 0.4653"
"10,14 : 0.2062"
"14,10 : 0.2062"
"10,15 : 0.6172"
"15,10 : 0.6172"
"10,16 : 0.6772"
"16,10 : 0.6772"
"10,17 : 0.327"
"17,10 : 0.327"
"10,18 : 0.191"
"18,10 : 0.191"
"10,19 : 0.8188"
"19,10 : 0.8188"
"10,20 : 0.5346"
"20,10 : 0.5346"
"10,21 : 0.4104"
"21,10 : 0.4104"
"10,22 : 0.3183"
"22,10 : 0.3183"
"10,23 : 0.6325"
"23,10 : 0.6325"
"10,24 : 0.3312"
"24,10 : 0.3312"
"10,25 : 0.3501"
"25,10 : 0.3501"
"10,26 : 0.2832"
"26,10 : 0.2832"
"10,27 : 0.6873"
"27,10 : 0.6873"
"10,28 : 0.4851"
"28,10 : 0.4851"
"10,29 : 0.6263"
"29,10 : 0.6263"
"10,30 : 0.5162"
"30,10 : 0.5162"
"10,31 : 0.3833"
"31,10 : 0.3833"
"10,32 : 0.5135"
"32,10 : 0.5135"
"10,33 : 0.564"
"33,10 : 0.564"
"10,34 : 0.2"
"34,10 : 0.2"
"10,35 : 0.172"
"35,10 : 0.172"
"10,36 : 0.186"
"36,10 : 0.186"
"10,37 : 0.1487"
"37,10 : 0.1487"
"10,38 : 0.7684"
"38,10 : 0.7684"
"10,39 : 0.4888"
"39,10 : 0.4888"
"10,40 : 0.4276"
"40,10 : 0.4276"
"10,41 : 0.3089"
"41,10 : 0.3089"
"10,42 : 0.2335"
"42,10 : 0.2335"
"10,43 : 0.3483"
"43,10 : 0.3483"
"10,44 : 0.5104"
"44,10 : 0.5104"
"10,45 : 0.428"
"45,10 : 0.428"
"10,46 : 0.6815"
"46,10 : 0.6815"
"10,47 : 0.1204"
"47,10 : 0.1204"
"10,48 : 0.5301"
"48,10 : 0.5301"
"10,49 : 0.103"
"49,10 : 0.103"
"11,12 : 0.6538"
"12,11 : 0.6538"
"11,13 : 0.2693"
"13,11 : 0.2693"
"11,14 : 0.6217"
"14,11 : 0.6217"
"11,15 : 0.117"
"15,11 : 0.117"
"11,16 : 0.5101"
"16,11 : 0.5101"
"11,17 : 0.5304"
"17,11 : 0.5304"
"11,18 : 0.6531"
"18,11 : 0.6531"
"11,19 : 0.7125"
"19,11 : 0.7125"
"11,20 : 0.4111"
"20,11 : 0.4111"
"11,21 : 0.6997"
"21,11 : 0.6997"
"11,22 : 0.4491"
"22,11 : 0.4491"
"11,23 : 0.3606"
"23,11 : 0.3606"
"11,24 : 0.8205"
"24,11 : 0.8205"
"11,25 : 0.6707"
"25,11 : 0.6707"
"11,26 : 0.4827"
"26,11 : 0.4827"
"11,27 : 0.4205"
"27,11 : 0.4205"
"11,28 : 0.3081"
"28,11 : 0.3081"
"11,29 : 0.1838"
"29,11 : 0.1838"
"11,30 : 0.4272"
"30,11 : 0.4272"
"11,31 : 0.9285"
"31,11 : 0.9285"
"11,32 : 0.4085"
"32,11 : 0.4085"
"11,33 : 0.211"
"33,11 : 0.211"
"11,34 : 0.9159"
"34,11 : 0.9159"
"11,35 : 0.6684"
"35,11 : 0.6684"
"11,36 : 0.5515"
"36,11 : 0.5515"
"11,37 : 0.6382"
"37,11 : 0.6382"
"11,38 : 0.1237"
"38,11 : 0.1237"
"11,39 : 1.1729"
"39,11 : 1.1729"
"11,40 : 0.3394"
"40,11 : 0.3394"
"11,41 : 1.0021"
"41,11 : 1.0021"
"11,42 : 0.9588"
"42,11 : 0.9588"
"11,43 : 0.4428"
"43,11 : 0.4428"
"11,44 : 0.3833"
"44,11 : 0.3833"
"11,45 : 0.4005"
"45,11 : 0.4005"
"11,46 : 0.5808"
"46,11 : 0.5808"
"11,47 : 0.6963"
"47,11 : 0.6963"
"11,48 : 0.3362"
"48,11 : 0.3362"
"11,49 : 0.8363"
"49,11 : 0.8363"
"12,13 : 0.4011"
"13,12 : 0.4011"
"12,14 : 0.064"
"14,12 : 0.064"
"12,15 : 0.5408"
"15,12 : 0.5408"
"12,16 : 0.7767"
"16,12 : 0.7767"
"12,17 : 0.13"
"17,12 : 0.13"
"12,18 : 0.0608"
"18,12 : 0.0608"
"12,19 : 0.9559"
"19,12 : 0.9559"
"12,20 : 0.6106"
"20,12 : 0.6106"
"12,21 : 0.6042"
"21,12 : 0.6042"
"12,22 : 0.211"
"22,12 : 0.211"
"12,23 : 0.442"
"23,12 : 0.442"
"12,24 : 0.1746"
"24,12 : 0.1746"
"12,25 : 0.102"
"25,12 : 0.102"
"12,26 : 0.1844"
"26,12 : 0.1844"
"12,27 : 0.7559"
"27,12 : 0.7559"
"12,28 : 0.5033"
"28,12 : 0.5033"
"12,29 : 0.5"
"29,12 : 0.5"
"12,30 : 0.5991"
"30,12 : 0.5991"
"12,31 : 0.6313"
"31,12 : 0.6313"
"12,32 : 0.5883"
"32,12 : 0.5883"
"12,33 : 0.4491"
"33,12 : 0.4491"
"12,34 : 0.4301"
"34,12 : 0.4301"
"12,35 : 0.3734"
"35,12 : 0.3734"
"12,36 : 0.198"
"36,12 : 0.198"
"12,37 : 0.327"
"37,12 : 0.327"
"12,38 : 0.6485"
"38,12 : 0.6485"
"12,39 : 0.7187"
"39,12 : 0.7187"
"12,40 : 0.4438"
"40,12 : 0.4438"
"12,41 : 0.5441"
"41,12 : 0.5441"
"12,42 : 0.4478"
"42,12 : 0.4478"
"12,43 : 0.211"
"43,12 : 0.211"
"12,44 : 0.3276"
"44,12 : 0.3276"
"12,45 : 0.2657"
"45,12 : 0.2657"
"12,46 : 0.8028"
"46,12 : 0.8028"
"12,47 : 0.3396"
"47,12 : 0.3396"
"12,48 : 0.5727"
"48,12 : 0.5727"
"12,49 : 0.3162"
"49,12 : 0.3162"
"13,14 : 0.3606"
"14,13 : 0.3606"
"13,15 : 0.1523"
"15,13 : 0.1523"
"13,16 : 0.4751"
"16,13 : 0.4751"
"13,17 : 0.2912"
"17,13 : 0.2912"
"13,18 : 0.3912"
"18,13 : 0.3912"
"13,19 : 0.6843"
"19,13 : 0.6843"
"13,20 : 0.3138"
"20,13 : 0.3138"
"13,21 : 0.512"
"21,13 : 0.512"
"13,22 : 0.1903"
"22,13 : 0.1903"
"13,23 : 0.3041"
"23,13 : 0.3041"
"13,24 : 0.5743"
"24,13 : 0.5743"
"13,25 : 0.4397"
"25,13 : 0.4397"
"13,26 : 0.2202"
"26,13 : 0.2202"
"13,27 : 0.4187"
"27,13 : 0.4187"
"13,28 : 0.1655"
"28,13 : 0.1655"
"13,29 : 0.1879"
"29,13 : 0.1879"
"13,30 : 0.3162"
"30,13 : 0.3162"
"13,31 : 0.6997"
"31,13 : 0.6997"
"13,32 : 0.2973"
"32,13 : 0.2973"
"13,33 : 0.1265"
"33,13 : 0.1265"
"13,34 : 0.6522"
"34,13 : 0.6522"
"13,35 : 0.4187"
"35,13 : 0.4187"
"13,36 : 0.2823"
"36,13 : 0.2823"
"13,37 : 0.3818"
"37,13 : 0.3818"
"13,38 : 0.3111"
"38,13 : 0.3111"
"13,39 : 0.9193"
"39,13 : 0.9193"
"13,40 : 0.1404"
"40,13 : 0.1404"
"13,41 : 0.7441"
"41,13 : 0.7441"
"13,42 : 0.6934"
"42,13 : 0.6934"
"13,43 : 0.1965"
"43,13 : 0.1965"
"13,44 : 0.2332"
"44,13 : 0.2332"
"13,45 : 0.1921"
"45,13 : 0.1921"
"13,46 : 0.528"
"46,13 : 0.528"
"13,47 : 0.4386"
"47,13 : 0.4386"
"13,48 : 0.2419"
"48,13 : 0.2419"
"13,49 : 0.5682"
"49,13 : 0.5682"
"14,15 : 0.5064"
"15,14 : 0.5064"
"14,16 : 0.7156"
"16,14 : 0.7156"
"14,17 : 0.1281"
"17,14 : 0.1281"
"14,18 : 0.0316"
"18,14 : 0.0316"
"14,19 : 0.8927"
"19,14 : 0.8927"
"14,20 : 0.5507"
"20,14 : 0.5507"
"14,21 : 0.5412"
"21,14 : 0.5412"
"14,22 : 0.1726"
"22,14 : 0.1726"
"14,23 : 0.4455"
"23,14 : 0.4455"
"14,24 : 0.2285"
"24,14 : 0.2285"
"14,25 : 0.1616"
"25,14 : 0.1616"
"14,26 : 0.1404"
"26,14 : 0.1404"
"14,27 : 0.6978"
"27,14 : 0.6978"
"14,28 : 0.4492"
"28,14 : 0.4492"
"14,29 : 0.4793"
"29,14 : 0.4793"
"14,30 : 0.5385"
"30,14 : 0.5385"
"14,31 : 0.58"
"31,14 : 0.58"
"14,32 : 0.5284"
"32,14 : 0.5284"
"14,33 : 0.4238"
"33,14 : 0.4238"
"14,34 : 0.3981"
"34,14 : 0.3981"
"14,35 : 0.3132"
"35,14 : 0.3132"
"14,36 : 0.1345"
"36,14 : 0.1345"
"14,37 : 0.2657"
"37,14 : 0.2657"
"14,38 : 0.6277"
"38,14 : 0.6277"
"14,39 : 0.6888"
"39,14 : 0.6888"
"14,40 : 0.389"
"40,14 : 0.389"
"14,41 : 0.5108"
"41,14 : 0.5108"
"14,42 : 0.4219"
"42,14 : 0.4219"
"14,43 : 0.1838"
"43,14 : 0.1838"
"14,44 : 0.3256"
"44,14 : 0.3256"
"14,45 : 0.2524"
"45,14 : 0.2524"
"14,46 : 0.7403"
"46,14 : 0.7403"
"14,47 : 0.2828"
"47,14 : 0.2828"
"14,48 : 0.5162"
"48,14 : 0.5162"
"14,49 : 0.2865"
"49,14 : 0.2865"
"15,16 : 0.4805"
"16,15 : 0.4805"
"15,17 : 0.4205"
"17,15 : 0.4205"
"15,18 : 0.5376"
"18,15 : 0.5376"
"15,19 : 0.6912"
"19,15 : 0.6912"
"15,20 : 0.3506"
"20,15 : 0.3506"
"15,21 : 0.6133"
"21,15 : 0.6133"
"15,22 : 0.3338"
"22,15 : 0.3338"
"15,23 : 0.3061"
"23,15 : 0.3061"
"15,24 : 0.7101"
"24,15 : 0.7101"
"15,25 : 0.5644"
"25,15 : 0.5644"
"15,26 : 0.3667"
"26,15 : 0.3667"
"15,27 : 0.4016"
"27,15 : 0.4016"
"15,28 : 0.2214"
"28,15 : 0.2214"
"15,29 : 0.1253"
"29,15 : 0.1253"
"15,30 : 0.3622"
"30,15 : 0.3622"
"15,31 : 0.828"
"31,15 : 0.828"
"15,32 : 0.3423"
"32,15 : 0.3423"
"15,33 : 0.1166"
"33,15 : 0.1166"
"15,34 : 0.8016"
"34,15 : 0.8016"
"15,35 : 0.559"
"35,15 : 0.559"
"15,36 : 0.4346"
"36,15 : 0.4346"
"15,37 : 0.5263"
"37,15 : 0.5263"
"15,38 : 0.1789"
"38,15 : 0.1789"
"15,39 : 1.063"
"39,15 : 1.063"
"15,40 : 0.2385"
"40,15 : 0.2385"
"15,41 : 0.8902"
"41,15 : 0.8902"
"15,42 : 0.8438"
"42,15 : 0.8438"
"15,43 : 0.3302"
"43,15 : 0.3302"
"15,44 : 0.2953"
"44,15 : 0.2953"
"15,45 : 0.2961"
"45,15 : 0.2961"
"15,46 : 0.5459"
"46,15 : 0.5459"
"15,47 : 0.5841"
"47,15 : 0.5841"
"15,48 : 0.2707"
"48,15 : 0.2707"
"15,49 : 0.7201"
"49,15 : 0.7201"
"16,17 : 0.7145"
"17,16 : 0.7145"
"16,18 : 0.7357"
"18,16 : 0.7357"
"16,19 : 0.2119"
"19,16 : 0.2119"
"16,20 : 0.1697"
"20,16 : 0.1697"
"16,21 : 0.3614"
"21,16 : 0.3614"
"16,22 : 0.6011"
"22,16 : 0.6011"
"16,23 : 0.7669"
"23,16 : 0.7669"
"16,24 : 0.9415"
"24,16 : 0.9415"
"16,25 : 0.8528"
"25,16 : 0.8528"
"16,26 : 0.6096"
"26,16 : 0.6096"
"16,27 : 0.0949"
"27,16 : 0.0949"
"16,28 : 0.3106"
"28,16 : 0.3106"
"16,29 : 0.6017"
"29,16 : 0.6017"
"16,30 : 0.178"
"30,16 : 0.178"
"16,31 : 0.6294"
"31,16 : 0.6294"
"16,32 : 0.191"
"32,16 : 0.191"
"16,33 : 0.5665"
"33,16 : 0.5665"
"16,34 : 0.7706"
"34,16 : 0.7706"
"16,35 : 0.5179"
"35,16 : 0.5179"
"16,36 : 0.5831"
"36,16 : 0.5831"
"16,37 : 0.5289"
"37,16 : 0.5289"
"16,38 : 0.6303"
"38,16 : 0.6303"
"16,39 : 0.9289"
"39,16 : 0.9289"
"16,40 : 0.3547"
"40,16 : 0.3547"
"16,41 : 0.804"
"41,16 : 0.804"
"16,42 : 0.8205"
"42,16 : 0.8205"
"16,43 : 0.6297"
"43,16 : 0.6297"
"16,44 : 0.7083"
"44,16 : 0.7083"
"16,45 : 0.658"
"45,16 : 0.658"
"16,46 : 0.0728"
"46,16 : 0.0728"
"16,47 : 0.5707"
"47,16 : 0.5707"
"16,48 : 0.2332"
"48,16 : 0.2332"
"16,49 : 0.7531"
"49,16 : 0.7531"
"17,18 : 0.1556"
"18,17 : 0.1556"
"17,19 : 0.9079"
"19,17 : 0.9079"
"17,20 : 0.5449"
"20,17 : 0.5449"
"17,21 : 0.6044"
"21,17 : 0.6044"
"17,22 : 0.114"
"22,17 : 0.114"
"17,23 : 0.3183"
"23,17 : 0.3183"
"17,24 : 0.2902"
"24,17 : 0.2902"
"17,25 : 0.1487"
"25,17 : 0.1487"
"17,26 : 0.1082"
"26,17 : 0.1082"
"17,27 : 0.6801"
"27,17 : 0.6801"
"17,28 : 0.4188"
"28,17 : 0.4188"
"17,29 : 0.3711"
"29,17 : 0.3711"
"17,30 : 0.5374"
"30,17 : 0.5374"
"17,31 : 0.6847"
"31,17 : 0.6847"
"17,32 : 0.5235"
"32,17 : 0.5235"
"17,33 : 0.3225"
"33,17 : 0.3225"
"17,34 : 0.5235"
"34,17 : 0.5235"
"17,35 : 0.4001"
"35,17 : 0.4001"
"17,36 : 0.191"
"36,17 : 0.191"
"17,37 : 0.3501"
"37,17 : 0.3501"
"17,38 : 0.5192"
"38,17 : 0.5192"
"17,39 : 0.8141"
"39,17 : 0.8141"
"17,40 : 0.364"
"40,17 : 0.364"
"17,41 : 0.6351"
"41,17 : 0.6351"
"17,42 : 0.5492"
"42,17 : 0.5492"
"17,43 : 0.0949"
"43,17 : 0.0949"
"17,44 : 0.2"
"44,17 : 0.2"
"17,45 : 0.136"
"45,17 : 0.136"
"17,46 : 0.7507"
"46,17 : 0.7507"
"17,47 : 0.3821"
"47,17 : 0.3821"
"17,48 : 0.4941"
"48,17 : 0.4941"
"17,49 : 0.4134"
"49,17 : 0.4134"
"18,19 : 0.9091"
"19,18 : 0.9091"
"18,20 : 0.5725"
"20,18 : 0.5725"
"18,21 : 0.5471"
"21,18 : 0.5471"
"18,22 : 0.204"
"22,18 : 0.204"
"18,23 : 0.4738"
"23,18 : 0.4738"
"18,24 : 0.2059"
"24,18 : 0.2059"
"18,25 : 0.1628"
"25,18 : 0.1628"
"18,26 : 0.1712"
"26,18 : 0.1712"
"18,27 : 0.7209"
"27,18 : 0.7209"
"18,28 : 0.4754"
"28,18 : 0.4754"
"18,29 : 0.5108"
"29,18 : 0.5108"
"18,30 : 0.5595"
"30,18 : 0.5595"
"18,31 : 0.5708"
"31,18 : 0.5708"
"18,32 : 0.5501"
"32,18 : 0.5501"
"18,33 : 0.4554"
"33,18 : 0.4554"
"18,34 : 0.377"
"34,18 : 0.377"
"18,35 : 0.3138"
"35,18 : 0.3138"
"18,36 : 0.1526"
"36,18 : 0.1526"
"18,37 : 0.2683"
"37,18 : 0.2683"
"18,38 : 0.6592"
"38,18 : 0.6592"
"18,39 : 0.6671"
"39,18 : 0.6671"
"18,40 : 0.4148"
"40,18 : 0.4148"
"18,41 : 0.4904"
"41,18 : 0.4904"
"18,42 : 0.3982"
"42,18 : 0.3982"
"18,43 : 0.2154"
"43,18 : 0.2154"
"18,44 : 0.3547"
"44,18 : 0.3547"
"18,45 : 0.283"
"45,18 : 0.283"
"18,46 : 0.758"
"46,18 : 0.758"
"18,47 : 0.2789"
"47,18 : 0.2789"
"18,48 : 0.5408"
"48,18 : 0.5408"
"18,49 : 0.264"
"49,18 : 0.264"
"19,20 : 0.3722"
"20,19 : 0.3722"
"19,21 : 0.4342"
"21,19 : 0.4342"
"19,22 : 0.7965"
"22,19 : 0.7965"
"19,23 : 0.9786"
"23,19 : 0.9786"
"19,24 : 1.1121"
"24,19 : 1.1121"
"19,25 : 1.0395"
"25,19 : 1.0395"
"19,26 : 0.8006"
"26,19 : 0.8006"
"19,27 : 0.2927"
"27,19 : 0.2927"
"19,28 : 0.5188"
"28,19 : 0.5188"
"19,29 : 0.8132"
"29,19 : 0.8132"
"19,30 : 0.3744"
"30,19 : 0.3744"
"19,31 : 0.6701"
"31,19 : 0.6701"
"19,32 : 0.3912"
"32,19 : 0.3912"
"19,33 : 0.7783"
"33,19 : 0.7783"
"19,34 : 0.8709"
"34,19 : 0.8709"
"19,35 : 0.6485"
"35,19 : 0.6485"
"19,36 : 0.7582"
"36,19 : 0.7582"
"19,37 : 0.6723"
"37,19 : 0.6723"
"19,38 : 0.8349"
"38,19 : 0.8349"
"19,39 : 0.9705"
"39,19 : 0.9705"
"19,40 : 0.5576"
"40,19 : 0.5576"
"19,41 : 0.8782"
"41,19 : 0.8782"
"19,42 : 0.9192"
"42,19 : 0.9192"
"19,43 : 0.828"
"43,19 : 0.828"
"19,44 : 0.9171"
"44,19 : 0.9171"
"19,45 : 0.8628"
"45,19 : 0.8628"
"19,46 : 0.1581"
"46,19 : 0.1581"
"19,47 : 0.7021"
"47,19 : 0.7021"
"19,48 : 0.4428"
"48,19 : 0.4428"
"19,49 : 0.8785"
"49,19 : 0.8785"
"20,21 : 0.3114"
"21,20 : 0.3114"
"20,22 : 0.4314"
"22,20 : 0.4314"
"20,23 : 0.614"
"23,20 : 0.614"
"20,24 : 0.7783"
"24,20 : 0.7783"
"20,25 : 0.6841"
"25,20 : 0.6841"
"20,26 : 0.4405"
"26,20 : 0.4405"
"20,27 : 0.153"
"27,20 : 0.153"
"20,28 : 0.1487"
"28,20 : 0.1487"
"20,29 : 0.4617"
"29,20 : 0.4617"
"20,30 : 0.0224"
"30,20 : 0.0224"
"20,31 : 0.5714"
"31,20 : 0.5714"
"20,32 : 0.0224"
"32,20 : 0.0224"
"20,33 : 0.4177"
"33,20 : 0.4177"
"20,34 : 0.6562"
"34,20 : 0.6562"
"20,35 : 0.3912"
"35,20 : 0.3912"
"20,36 : 0.4205"
"36,20 : 0.4205"
"20,37 : 0.3905"
"37,20 : 0.3905"
"20,38 : 0.5197"
"38,20 : 0.5197"
"20,39 : 0.8549"
"39,20 : 0.8549"
"20,40 : 0.186"
"40,20 : 0.186"
"20,41 : 0.7088"
"41,20 : 0.7088"
"20,42 : 0.7058"
"42,20 : 0.7058"
"20,43 : 0.4601"
"43,20 : 0.4601"
"20,44 : 0.5456"
"44,20 : 0.5456"
"20,45 : 0.4909"
"45,20 : 0.4909"
"20,46 : 0.2147"
"46,20 : 0.2147"
"20,47 : 0.4401"
"47,20 : 0.4401"
"20,48 : 0.08"
"48,20 : 0.08"
"20,49 : 0.6203"
"49,20 : 0.6203"
"21,22 : 0.5162"
"22,21 : 0.5162"
"21,23 : 0.8022"
"23,21 : 0.8022"
"21,24 : 0.7325"
"24,21 : 0.7325"
"21,25 : 0.7021"
"25,21 : 0.7021"
"21,26 : 0.5022"
"26,21 : 0.5022"
"21,27 : 0.4205"
"27,21 : 0.4205"
"21,28 : 0.3936"
"28,21 : 0.3936"
"21,29 : 0.6964"
"29,21 : 0.6964"
"21,30 : 0.29"
"30,21 : 0.29"
"21,31 : 0.2693"
"31,21 : 0.2693"
"21,32 : 0.3041"
"32,21 : 0.3041"
"21,33 : 0.6379"
"33,21 : 0.6379"
"21,34 : 0.4368"
"34,21 : 0.4368"
"21,35 : 0.2408"
"35,21 : 0.2408"
"21,36 : 0.4179"
"36,21 : 0.4179"
"21,37 : 0.2802"
"37,21 : 0.2802"
"21,38 : 0.792"
"38,21 : 0.792"
"21,39 : 0.5675"
"39,21 : 0.5675"
"21,40 : 0.3795"
"40,21 : 0.3795"
"21,41 : 0.4501"
"41,21 : 0.4501"
"21,42 : 0.4851"
"42,21 : 0.4851"
"21,43 : 0.5558"
"43,21 : 0.5558"
"21,44 : 0.7001"
"44,21 : 0.7001"
"21,45 : 0.6213"
"45,21 : 0.6213"
"21,46 : 0.3306"
"46,21 : 0.3306"
"21,47 : 0.29"
"47,21 : 0.29"
"21,48 : 0.3701"
"48,21 : 0.3701"
"21,49 : 0.4528"
"49,21 : 0.4528"
"22,23 : 0.322"
"23,22 : 0.322"
"22,24 : 0.3847"
"24,22 : 0.3847"
"22,25 : 0.2594"
"25,22 : 0.2594"
"22,26 : 0.0361"
"26,22 : 0.0361"
"22,27 : 0.5661"
"27,22 : 0.5661"
"22,28 : 0.3053"
"28,22 : 0.3053"
"22,29 : 0.3138"
"29,22 : 0.3138"
"22,30 : 0.4245"
"30,22 : 0.4245"
"22,31 : 0.6332"
"31,22 : 0.6332"
"22,32 : 0.4101"
"32,22 : 0.4101"
"22,33 : 0.255"
"33,22 : 0.255"
"22,34 : 0.5174"
"34,22 : 0.5174"
"22,35 : 0.3396"
"35,22 : 0.3396"
"22,36 : 0.1389"
"36,22 : 0.1389"
"22,37 : 0.2912"
"37,22 : 0.2912"
"22,38 : 0.4607"
"38,22 : 0.4607"
"22,39 : 0.8021"
"39,22 : 0.8021"
"22,40 : 0.25"
"40,22 : 0.25"
"22,41 : 0.622"
"41,22 : 0.622"
"22,42 : 0.5515"
"42,22 : 0.5515"
"22,43 : 0.04"
"43,22 : 0.04"
"22,44 : 0.2025"
"44,22 : 0.2025"
"22,45 : 0.117"
"45,22 : 0.117"
"22,46 : 0.6389"
"46,22 : 0.6389"
"22,47 : 0.3362"
"47,22 : 0.3362"
"22,48 : 0.3801"
"48,22 : 0.3801"
"22,49 : 0.4177"
"49,22 : 0.4177"
"23,24 : 0.5686"
"24,23 : 0.5686"
"23,25 : 0.4072"
"25,23 : 0.4072"
"23,26 : 0.3536"
"26,23 : 0.3536"
"23,27 : 0.6977"
"27,23 : 0.6977"
"23,28 : 0.4657"
"28,23 : 0.4657"
"23,29 : 0.1838"
"29,23 : 0.1838"
"23,30 : 0.6185"
"30,23 : 0.6185"
"23,31 : 0.9519"
"31,23 : 0.9519"
"23,32 : 0.5991"
"32,23 : 0.5991"
"23,33 : 0.2012"
"33,23 : 0.2012"
"23,34 : 0.8323"
"34,23 : 0.8323"
"23,35 : 0.6579"
"35,23 : 0.6579"
"23,36 : 0.4607"
"36,23 : 0.4607"
"23,37 : 0.611"
"37,23 : 0.611"
"23,38 : 0.2816"
"38,23 : 0.2816"
"23,39 : 1.1206"
"39,23 : 1.1206"
"23,40 : 0.4441"
"40,23 : 0.4441"
"23,41 : 0.9403"
"41,23 : 0.9403"
"23,42 : 0.8621"
"42,23 : 0.8621"
"23,43 : 0.2865"
"43,23 : 0.2865"
"23,44 : 0.1221"
"44,23 : 0.1221"
"23,45 : 0.2059"
"45,23 : 0.2059"
"23,46 : 0.8254"
"46,23 : 0.8254"
"23,47 : 0.658"
"47,23 : 0.658"
"23,48 : 0.5376"
"48,23 : 0.5376"
"23,49 : 0.7262"
"49,23 : 0.7262"
"24,25 : 0.1616"
"25,24 : 0.1616"
"24,26 : 0.359"
"26,24 : 0.359"
"24,27 : 0.9261"
"27,24 : 0.9261"
"24,28 : 0.6768"
"28,24 : 0.6768"
"24,29 : 0.6576"
"29,24 : 0.6576"
"24,30 : 0.7654"
"30,24 : 0.7654"
"24,31 : 0.7021"
"31,24 : 0.7021"
"24,32 : 0.7559"
"32,24 : 0.7559"
"24,33 : 0.612"
"33,24 : 0.612"
"24,34 : 0.4518"
"34,24 : 0.4518"
"24,35 : 0.492"
"35,24 : 0.492"
"24,36 : 0.3585"
"36,24 : 0.3585"
"24,37 : 0.4534"
"37,24 : 0.4534"
"24,38 : 0.8041"
"38,24 : 0.8041"
"24,39 : 0.7157"
"39,24 : 0.7157"
"24,40 : 0.6168"
"40,24 : 0.6168"
"24,41 : 0.5601"
"41,24 : 0.5601"
"24,42 : 0.4501"
"42,24 : 0.4501"
"24,43 : 0.3805"
"43,24 : 0.3805"
"24,44 : 0.4684"
"44,24 : 0.4684"
"24,45 : 0.423"
"45,24 : 0.423"
"24,46 : 0.9626"
"46,24 : 0.9626"
"24,47 : 0.4465"
"47,24 : 0.4465"
"24,48 : 0.7446"
"48,24 : 0.7446"
"24,49 : 0.3471"
"49,24 : 0.3471"
"25,26 : 0.2441"
"26,25 : 0.2441"
"25,27 : 0.8238"
"27,25 : 0.8238"
"25,28 : 0.5644"
"28,25 : 0.5644"
"25,29 : 0.5016"
"29,25 : 0.5016"
"25,30 : 0.6748"
"30,25 : 0.6748"
"25,31 : 0.7325"
"31,25 : 0.7325"
"25,32 : 0.6622"
"32,25 : 0.6622"
"25,33 : 0.4601"
"33,25 : 0.4601"
"25,34 : 0.5217"
"34,25 : 0.5217"
"25,35 : 0.4743"
"35,25 : 0.4743"
"25,36 : 0.2884"
"36,25 : 0.2884"
"25,37 : 0.4272"
"37,25 : 0.4272"
"25,38 : 0.6463"
"38,25 : 0.6463"
"25,39 : 0.8065"
"39,25 : 0.8065"
"25,40 : 0.5077"
"40,25 : 0.5077"
"25,41 : 0.6356"
"41,25 : 0.6356"
"25,42 : 0.5345"
"42,25 : 0.5345"
"25,43 : 0.2435"
"43,25 : 0.2435"
"25,44 : 0.3081"
"44,25 : 0.3081"
"25,45 : 0.2702"
"45,25 : 0.2702"
"25,46 : 0.8841"
"46,25 : 0.8841"
"25,47 : 0.4415"
"47,25 : 0.4415"
"25,48 : 0.6381"
"48,25 : 0.6381"
"25,49 : 0.4079"
"49,25 : 0.4079"
"26,27 : 0.5798"
"27,26 : 0.5798"
"26,28 : 0.322"
"28,26 : 0.322"
"26,29 : 0.3499"
"29,26 : 0.3499"
"26,30 : 0.4319"
"30,26 : 0.4319"
"26,31 : 0.6064"
"31,26 : 0.6064"
"26,32 : 0.4187"
"32,26 : 0.4187"
"26,33 : 0.2907"
"33,26 : 0.2907"
"26,34 : 0.4827"
"34,26 : 0.4827"
"26,35 : 0.314"
"35,26 : 0.314"
"26,36 : 0.1077"
"36,26 : 0.1077"
"26,37 : 0.2648"
"37,26 : 0.2648"
"26,38 : 0.4965"
"38,26 : 0.4965"
"26,39 : 0.7684"
"39,26 : 0.7684"
"26,40 : 0.2642"
"40,26 : 0.2642"
"26,41 : 0.5882"
"41,26 : 0.5882"
"26,42 : 0.5162"
"42,26 : 0.5162"
"26,43 : 0.0671"
"43,26 : 0.0671"
"26,44 : 0.2326"
"44,26 : 0.2326"
"26,45 : 0.1476"
"45,26 : 0.1476"
"26,46 : 0.6438"
"46,26 : 0.6438"
"26,47 : 0.3068"
"47,26 : 0.3068"
"26,48 : 0.3945"
"48,26 : 0.3945"
"26,49 : 0.3821"
"49,26 : 0.3821"
"27,28 : 0.2625"
"28,27 : 0.2625"
"27,29 : 0.5255"
"29,27 : 0.5255"
"27,30 : 0.1712"
"30,27 : 0.1712"
"27,31 : 0.6894"
"31,27 : 0.6894"
"27,32 : 0.1746"
"32,27 : 0.1746"
"27,33 : 0.4965"
"33,27 : 0.4965"
"27,34 : 0.8022"
"34,27 : 0.8022"
"27,35 : 0.54"
"35,27 : 0.54"
"27,36 : 0.5701"
"36,27 : 0.5701"
"27,37 : 0.5423"
"37,27 : 0.5423"
"27,38 : 0.5423"
"38,27 : 0.5423"
"27,39 : 0.9835"
"39,27 : 0.9835"
"27,40 : 0.3162"
"40,27 : 0.3162"
"27,41 : 0.8472"
"41,27 : 0.8472"
"27,42 : 0.8521"
"42,27 : 0.8521"
"27,43 : 0.5903"
"43,27 : 0.5903"
"27,44 : 0.65"
"44,27 : 0.65"
"27,45 : 0.6083"
"45,27 : 0.6083"
"27,46 : 0.1676"
"46,27 : 0.1676"
"27,47 : 0.5903"
"47,27 : 0.5903"
"27,48 : 0.186"
"48,27 : 0.186"
"27,49 : 0.7716"
"49,27 : 0.7716"
"28,29 : 0.3202"
"29,28 : 0.3202"
"28,30 : 0.153"
"30,28 : 0.153"
"28,31 : 0.6224"
"31,28 : 0.6224"
"28,32 : 0.1334"
"32,28 : 0.1334"
"28,33 : 0.2717"
"33,28 : 0.2717"
"28,34 : 0.6426"
"34,28 : 0.6426"
"28,35 : 0.3801"
"35,28 : 0.3801"
"28,36 : 0.3324"
"36,28 : 0.3324"
"28,37 : 0.3606"
"37,28 : 0.3606"
"28,38 : 0.3992"
"38,28 : 0.3992"
"28,39 : 0.8792"
"39,28 : 0.8792"
"28,40 : 0.0608"
"40,28 : 0.0608"
"28,41 : 0.7159"
"41,28 : 0.7159"
"28,42 : 0.6895"
"42,28 : 0.6895"
"28,43 : 0.328"
"43,28 : 0.328"
"28,44 : 0.3982"
"44,28 : 0.3982"
"28,45 : 0.3483"
"45,28 : 0.3483"
"28,46 : 0.3625"
"46,28 : 0.3625"
"28,47 : 0.4179"
"47,28 : 0.4179"
"28,48 : 0.0781"
"48,28 : 0.0781"
"28,49 : 0.5825"
"49,28 : 0.5825"
"29,30 : 0.4704"
"30,29 : 0.4704"
"29,31 : 0.8868"
"31,29 : 0.8868"
"29,32 : 0.4504"
"32,29 : 0.4504"
"29,33 : 0.064"
"33,29 : 0.064"
"29,34 : 0.8213"
"34,29 : 0.8213"
"29,35 : 0.6022"
"35,29 : 0.6022"
"29,36 : 0.4405"
"36,29 : 0.4405"
"29,37 : 0.5622"
"37,29 : 0.5622"
"29,38 : 0.1487"
"38,29 : 0.1487"
"29,39 : 1.0971"
"39,29 : 1.0971"
"29,40 : 0.3178"
"40,29 : 0.3178"
"29,41 : 0.9193"
"41,29 : 0.9193"
"29,42 : 0.8591"
"42,29 : 0.8591"
"29,43 : 0.2955"
"43,29 : 0.2955"
"29,44 : 0.2022"
"44,29 : 0.2022"
"29,45 : 0.2354"
"45,29 : 0.2354"
"29,46 : 0.6649"
"46,29 : 0.6649"
"29,47 : 0.6172"
"47,29 : 0.6172"
"29,48 : 0.3821"
"48,29 : 0.3821"
"29,49 : 0.728"
"49,29 : 0.728"
"30,31 : 0.5492"
"31,30 : 0.5492"
"30,32 : 0.02"
"32,30 : 0.02"
"30,33 : 0.4243"
"33,30 : 0.4243"
"30,34 : 0.6351"
"34,30 : 0.6351"
"30,35 : 0.3705"
"35,30 : 0.3705"
"30,36 : 0.4071"
"36,30 : 0.4071"
"30,37 : 0.3712"
"37,30 : 0.3712"
"30,38 : 0.5337"
"38,30 : 0.5337"
"30,39 : 0.8326"
"39,30 : 0.8326"
"30,40 : 0.1836"
"40,30 : 0.1836"
"30,41 : 0.6868"
"41,30 : 0.6868"
"30,42 : 0.6847"
"42,30 : 0.6847"
"30,43 : 0.4545"
"43,30 : 0.4545"
"30,44 : 0.5463"
"44,30 : 0.5463"
"30,45 : 0.4888"
"45,30 : 0.4888"
"30,46 : 0.2163"
"46,30 : 0.2163"
"30,47 : 0.42"
"47,30 : 0.42"
"30,48 : 0.0922"
"48,30 : 0.0922"
"30,49 : 0.6007"
"49,30 : 0.6007"
"31,32 : 0.5604"
"32,31 : 0.5604"
"31,33 : 0.8237"
"33,31 : 0.8237"
"31,34 : 0.278"
"34,31 : 0.278"
"31,35 : 0.2941"
"35,31 : 0.2941"
"31,36 : 0.5001"
"36,31 : 0.5001"
"31,37 : 0.3421"
"37,31 : 0.3421"
"31,38 : 1.0044"
"38,31 : 1.0044"
"31,39 : 0.3027"
"39,31 : 0.3027"
"31,40 : 0.5903"
"40,31 : 0.5903"
"31,41 : 0.2283"
"41,31 : 0.2283"
"31,42 : 0.3111"
"42,31 : 0.3111"
"31,43 : 0.6719"
"43,31 : 0.6719"
"31,44 : 0.8352"
"44,31 : 0.8352"
"31,45 : 0.75"
"45,31 : 0.75"
"31,46 : 0.5923"
"46,31 : 0.5923"
"31,47 : 0.3027"
"47,31 : 0.3027"
"31,48 : 0.6185"
"48,31 : 0.6185"
"31,49 : 0.3585"
"49,31 : 0.3585"
"32,33 : 0.4045"
"33,32 : 0.4045"
"32,34 : 0.6379"
"34,32 : 0.6379"
"32,35 : 0.3722"
"35,32 : 0.3722"
"32,36 : 0.3981"
"36,32 : 0.3981"
"32,37 : 0.3701"
"37,32 : 0.3701"
"32,38 : 0.5142"
"38,32 : 0.5142"
"32,39 : 0.841"
"39,32 : 0.841"
"32,40 : 0.1664"
"40,32 : 0.1664"
"32,41 : 0.6926"
"41,32 : 0.6926"
"32,42 : 0.6873"
"42,32 : 0.6873"
"32,43 : 0.4393"
"43,32 : 0.4393"
"32,44 : 0.528"
"44,32 : 0.528"
"32,45 : 0.4717"
"45,32 : 0.4717"
"32,46 : 0.2332"
"46,32 : 0.2332"
"32,47 : 0.4205"
"47,32 : 0.4205"
"32,48 : 0.0728"
"48,32 : 0.0728"
"32,49 : 0.6001"
"49,32 : 0.6001"
"33,34 : 0.7582"
"34,33 : 0.7582"
"33,35 : 0.5382"
"35,33 : 0.5382"
"33,36 : 0.378"
"36,33 : 0.378"
"33,37 : 0.4982"
"37,33 : 0.4982"
"33,38 : 0.2059"
"38,33 : 0.2059"
"33,39 : 1.0332"
"39,33 : 1.0332"
"33,40 : 0.2617"
"40,33 : 0.2617"
"33,41 : 0.8556"
"41,33 : 0.8556"
"33,42 : 0.7965"
"42,33 : 0.7965"
"33,43 : 0.2404"
"43,33 : 0.2404"
"33,44 : 0.1789"
"44,33 : 0.1789"
"33,45 : 0.19"
"45,33 : 0.19"
"33,46 : 0.6264"
"46,33 : 0.6264"
"33,47 : 0.5532"
"47,33 : 0.5532"
"33,48 : 0.3396"
"48,33 : 0.3396"
"33,49 : 0.6661"
"49,33 : 0.6661"
"34,35 : 0.2668"
"35,34 : 0.2668"
"34,36 : 0.3818"
"36,34 : 0.3818"
"34,37 : 0.2823"
"37,34 : 0.2823"
"34,38 : 0.9605"
"38,34 : 0.9605"
"34,39 : 0.2907"
"39,34 : 0.2907"
"34,40 : 0.5909"
"40,34 : 0.5909"
"34,41 : 0.114"
"41,34 : 0.114"
"34,42 : 0.05"
"42,34 : 0.05"
"34,43 : 0.5482"
"43,34 : 0.5482"
"34,44 : 0.7103"
"44,34 : 0.7103"
"34,45 : 0.628"
"45,34 : 0.628"
"34,46 : 0.7566"
"46,34 : 0.7566"
"34,47 : 0.2247"
"47,34 : 0.2247"
"34,48 : 0.6719"
"48,34 : 0.6719"
"34,49 : 0.114"
"49,34 : 0.114"
"35,36 : 0.2102"
"36,35 : 0.2102"
"35,37 : 0.05"
"37,35 : 0.05"
"35,38 : 0.7292"
"38,35 : 0.7292"
"35,39 : 0.5045"
"39,35 : 0.5045"
"35,40 : 0.3329"
"40,35 : 0.3329"
"35,41 : 0.3362"
"41,35 : 0.3362"
"35,42 : 0.3158"
"42,35 : 0.3158"
"35,43 : 0.3785"
"43,35 : 0.3785"
"35,44 : 0.5412"
"44,35 : 0.5412"
"35,45 : 0.4561"
"45,35 : 0.4561"
"35,46 : 0.5155"
"46,35 : 0.5155"
"35,47 : 0.0539"
"47,35 : 0.0539"
"35,48 : 0.4052"
"48,35 : 0.4052"
"35,49 : 0.2354"
"49,35 : 0.2354"
"36,37 : 0.1603"
"37,36 : 0.1603"
"36,38 : 0.5825"
"38,36 : 0.5825"
"36,39 : 0.664"
"39,36 : 0.664"
"36,40 : 0.2717"
"40,36 : 0.2717"
"36,41 : 0.4841"
"41,36 : 0.4841"
"36,42 : 0.4187"
"42,36 : 0.4187"
"36,43 : 0.1746"
"43,36 : 0.1746"
"36,44 : 0.3401"
"44,36 : 0.3401"
"36,45 : 0.255"
"45,36 : 0.255"
"36,46 : 0.6061"
"46,36 : 0.6061"
"36,47 : 0.1992"
"47,36 : 0.1992"
"36,48 : 0.3929"
"48,36 : 0.3929"
"36,49 : 0.2884"
"49,36 : 0.2884"
"37,38 : 0.693"
"38,37 : 0.693"
"37,39 : 0.5376"
"39,37 : 0.5376"
"37,40 : 0.3087"
"40,37 : 0.3087"
"37,41 : 0.364"
"41,37 : 0.364"
"37,42 : 0.3289"
"42,37 : 0.3289"
"37,43 : 0.3298"
"43,37 : 0.3298"
"37,44 : 0.4934"
"44,37 : 0.4934"
"37,45 : 0.408"
"45,37 : 0.408"
"37,46 : 0.5331"
"46,37 : 0.5331"
"37,47 : 0.0583"
"47,37 : 0.0583"
"37,48 : 0.3946"
"48,37 : 0.3946"
"37,49 : 0.23"
"49,37 : 0.23"
"38,39 : 1.2304"
"39,38 : 1.2304"
"38,40 : 0.4168"
"40,38 : 0.4168"
"38,41 : 1.0548"
"41,38 : 1.0548"
"38,42 : 1.0"
"42,38 : 1.0"
"38,43 : 0.4438"
"43,38 : 0.4438"
"38,44 : 0.3406"
"44,38 : 0.3406"
"38,45 : 0.3833"
"45,38 : 0.3833"
"38,46 : 0.7"
"46,38 : 0.7"
"38,47 : 0.7497"
"47,38 : 0.7497"
"38,48 : 0.4415"
"48,38 : 0.4415"
"38,49 : 0.8709"
"49,38 : 0.8709"
"39,40 : 0.836"
"40,39 : 0.836"
"39,41 : 0.1803"
"41,39 : 0.1803"
"39,42 : 0.272"
"42,39 : 0.272"
"39,43 : 0.8349"
"43,39 : 0.8349"
"39,44 : 0.9986"
"44,39 : 0.9986"
"39,45 : 0.9153"
"45,39 : 0.9153"
"39,46 : 0.8944"
"46,39 : 0.8944"
"39,47 : 0.4808"
"47,39 : 0.4808"
"39,48 : 0.8907"
"48,39 : 0.8907"
"39,49 : 0.4031"
"49,39 : 0.4031"
"40,41 : 0.6689"
"41,40 : 0.6689"
"40,42 : 0.6369"
"42,40 : 0.6369"
"40,43 : 0.2759"
"43,40 : 0.2759"
"40,44 : 0.364"
"44,40 : 0.364"
"40,45 : 0.3053"
"45,40 : 0.3053"
"40,46 : 0.3996"
"46,40 : 0.3996"
"40,47 : 0.3667"
"47,40 : 0.3667"
"40,48 : 0.1304"
"48,40 : 0.1304"
"40,49 : 0.5263"
"49,40 : 0.5263"
"41,42 : 0.1118"
"42,41 : 0.1118"
"41,43 : 0.6546"
"43,41 : 0.6546"
"41,44 : 0.8184"
"44,41 : 0.8184"
"41,45 : 0.735"
"45,41 : 0.735"
"41,46 : 0.7801"
"46,41 : 0.7801"
"41,47 : 0.3061"
"47,41 : 0.3061"
"41,48 : 0.7354"
"48,41 : 0.7354"
"41,49 : 0.228"
"49,41 : 0.228"
"42,43 : 0.5805"
"43,42 : 0.5805"
"42,44 : 0.7403"
"44,42 : 0.7403"
"42,45 : 0.6595"
"45,42 : 0.6595"
"42,46 : 0.8062"
"46,42 : 0.8062"
"42,47 : 0.272"
"47,42 : 0.272"
"42,48 : 0.7203"
