x,y
0.68,0.44
0.63,0.51
0.07,0.99
0.5,0.76
0.86,0.29
0.21,0.82
0.39,0.72
0.15,0.95
0.11,0.6
0.62,0.93
0.86,0.78
0.95,0.38
0.44,0.89
0.88,0.97
0.63,0.44
0.65,0.36
0.54,0.52
0.38,0.79
0.49,0.4
0.35,0.21
0.32,0.93
0.05,0.43
0.93,0.46
0.18,0.71
0.75,0.57
0.91,0.36
0.81,0.98
0.77,0.87
0.13,0.55
0.13,0.78
0.68,0.87
0.55,0.43
0.45,0.18
0.49,0.49
0.39,0.89
0.46,0.12
0.01,0.2
0.1,0.54
0.62,0.34
0.36,0.53
0.57,0.83
0.04,0.08
0.41,0.37
0.13,0.42
0.52,1.0
0.64,0.49
0.1,0.82
0.95,0.93
0.24,0.06
0.99,0.19

Distanze
"0,1 : 0.086"
"1,0 : 0.086"
"0,2 : 0.8213"
"2,0 : 0.8213"
"0,3 : 0.3672"
"3,0 : 0.3672"
"0,4 : 0.2343"
"4,0 : 0.2343"
"0,5 : 0.6044"
"5,0 : 0.6044"
"0,6 : 0.4031"
"6,0 : 0.4031"
"0,7 : 0.7355"
"7,0 : 0.7355"
"0,8 : 0.592"
"8,0 : 0.592"
"0,9 : 0.4937"
"9,0 : 0.4937"
"0,10 : 0.3847"
"10,0 : 0.3847"
"0,11 : 0.2766"
"11,0 : 0.2766"
"0,12 : 0.51"
"12,0 : 0.51"
"0,13 : 0.5665"
"13,0 : 0.5665"
"0,14 : 0.05"
"14,0 : 0.05"
"0,15 : 0.0854"
"15,0 : 0.0854"
"0,16 : 0.1612"
"16,0 : 0.1612"
"0,17 : 0.461"
"17,0 : 0.461"
"0,18 : 0.1942"
"18,0 : 0.1942"
"0,19 : 0.4022"
"19,0 : 0.4022"
"0,20 : 0.608"
"20,0 : 0.608"
"0,21 : 0.6301"
"21,0 : 0.6301"
"0,22 : 0.2508"
"22,0 : 0.2508"
"0,23 : 0.5682"
"23,0 : 0.5682"
"0,24 : 0.1476"
"24,0 : 0.1476"
"0,25 : 0.2435"
"25,0 : 0.2435"
"0,26 : 0.5554"
"26,0 : 0.5554"
"0,27 : 0.4393"
"27,0 : 0.4393"
"0,28 : 0.5609"
"28,0 : 0.5609"
"0,29 : 0.6466"
"29,0 : 0.6466"
"0,30 : 0.43"
"30,0 : 0.43"
"0,31 : 0.1304"
"31,0 : 0.1304"
"0,32 : 0.3471"
"32,0 : 0.3471"
"0,33 : 0.1965"
"33,0 : 0.1965"
"0,34 : 0.5354"
"34,0 : 0.5354"
"0,35 : 0.3883"
"35,0 : 0.3883"
"0,36 : 0.7117"
"36,0 : 0.7117"
"0,37 : 0.5886"
"37,0 : 0.5886"
"0,38 : 0.1166"
"38,0 : 0.1166"
"0,39 : 0.3324"
"39,0 : 0.3324"
"0,40 : 0.4052"
"40,0 : 0.4052"
"0,41 : 0.7343"
"41,0 : 0.7343"
"0,42 : 0.2789"
"42,0 : 0.2789"
"0,43 : 0.5504"
"43,0 : 0.5504"
"0,44 : 0.5824"
"44,0 : 0.5824"
"0,45 : 0.064"
"45,0 : 0.064"
"0,46 : 0.6934"
"46,0 : 0.6934"
"0,47 : 0.5595"
"47,0 : 0.5595"
"0,48 : 0.5814"
"48,0 : 0.5814"
"0,49 : 0.3982"
"49,0 : 0.3982"
"1,2 : 0.7376"
"2,1 : 0.7376"
"1,3 : 0.2818"
"3,1 : 0.2818"
"1,4 : 0.3183"
"4,1 : 0.3183"
"1,5 : 0.522"
"5,1 : 0.522"
"1,6 : 0.3189"
"6,1 : 0.3189"
"1,7 : 0.6512"
"7,1 : 0.6512"
"1,8 : 0.5277"
"8,1 : 0.5277"
"1,9 : 0.4201"
"9,1 : 0.4201"
"1,10 : 0.3547"
"10,1 : 0.3547"
"1,11 : 0.3454"
"11,1 : 0.3454"
"1,12 : 0.4249"
"12,1 : 0.4249"
"1,13 : 0.5235"
"13,1 : 0.5235"
"1,14 : 0.07"
"14,1 : 0.07"
"1,15 : 0.1513"
"15,1 : 0.1513"
"1,16 : 0.0906"
"16,1 : 0.0906"
"1,17 : 0.3754"
"17,1 : 0.3754"
"1,18 : 0.178"
"18,1 : 0.178"
"1,19 : 0.4104"
"19,1 : 0.4104"
"1,20 : 0.522"
"20,1 : 0.522"
"1,21 : 0.5855"
"21,1 : 0.5855"
"1,22 : 0.3041"
"22,1 : 0.3041"
"1,23 : 0.4924"
"23,1 : 0.4924"
"1,24 : 0.1342"
"24,1 : 0.1342"
"1,25 : 0.3176"
"25,1 : 0.3176"
"1,26 : 0.5033"
"26,1 : 0.5033"
"1,27 : 0.3863"
"27,1 : 0.3863"
"1,28 : 0.5016"
"28,1 : 0.5016"
"1,29 : 0.5682"
"29,1 : 0.5682"
"1,30 : 0.3635"
"30,1 : 0.3635"
"1,31 : 0.1131"
"31,1 : 0.1131"
"1,32 : 0.3759"
"32,1 : 0.3759"
"1,33 : 0.1414"
"33,1 : 0.1414"
"1,34 : 0.4494"
"34,1 : 0.4494"
"1,35 : 0.4254"
"35,1 : 0.4254"
"1,36 : 0.6932"
"36,1 : 0.6932"
"1,37 : 0.5308"
"37,1 : 0.5308"
"1,38 : 0.1703"
"38,1 : 0.1703"
"1,39 : 0.2707"
"39,1 : 0.2707"
"1,40 : 0.3256"
"40,1 : 0.3256"
"1,41 : 0.7301"
"41,1 : 0.7301"
"1,42 : 0.2608"
"42,1 : 0.2608"
"1,43 : 0.508"
"43,1 : 0.508"
"1,44 : 0.5022"
"44,1 : 0.5022"
"1,45 : 0.0224"
"45,1 : 0.0224"
"1,46 : 0.614"
"46,1 : 0.614"
"1,47 : 0.528"
"47,1 : 0.528"
"1,48 : 0.5955"
"48,1 : 0.5955"
"1,49 : 0.4817"
"49,1 : 0.4817"
"2,3 : 0.4876"
"3,2 : 0.4876"
"2,4 : 1.0555"
"4,2 : 1.0555"
"2,5 : 0.2202"
"5,2 : 0.2202"
"2,6 : 0.4187"
"6,2 : 0.4187"
"2,7 : 0.0894"
"7,2 : 0.0894"
"2,8 : 0.392"
"8,2 : 0.392"
"2,9 : 0.5533"
"9,2 : 0.5533"
"2,10 : 0.8174"
"10,2 : 0.8174"
"2,11 : 1.0707"
"11,2 : 1.0707"
"2,12 : 0.3833"
"12,2 : 0.3833"
"2,13 : 0.8102"
"13,2 : 0.8102"
"2,14 : 0.7849"
"14,2 : 0.7849"
"2,15 : 0.8563"
"15,2 : 0.8563"
"2,16 : 0.6647"
"16,2 : 0.6647"
"2,17 : 0.3689"
"17,2 : 0.3689"
"2,18 : 0.7242"
"18,2 : 0.7242"
"2,19 : 0.8287"
"19,2 : 0.8287"
"2,20 : 0.2571"
"20,2 : 0.2571"
"2,21 : 0.5604"
"21,2 : 0.5604"
"2,22 : 1.0102"
"22,2 : 1.0102"
"2,23 : 0.3008"
"23,2 : 0.3008"
"2,24 : 0.7992"
"24,2 : 0.7992"
"2,25 : 1.05"
"25,2 : 1.05"
"2,26 : 0.7401"
"26,2 : 0.7401"
"2,27 : 0.7102"
"27,2 : 0.7102"
"2,28 : 0.4441"
"28,2 : 0.4441"
"2,29 : 0.2184"
"29,2 : 0.2184"
"2,30 : 0.6217"
"30,2 : 0.6217"
"2,31 : 0.7376"
"31,2 : 0.7376"
"2,32 : 0.8947"
"32,2 : 0.8947"
"2,33 : 0.653"
"33,2 : 0.653"
"2,34 : 0.3353"
"34,2 : 0.3353"
"2,35 : 0.9534"
"35,2 : 0.9534"
"2,36 : 0.7923"
"36,2 : 0.7923"
"2,37 : 0.451"
"37,2 : 0.451"
"2,38 : 0.8515"
"38,2 : 0.8515"
"2,39 : 0.5438"
"39,2 : 0.5438"
"2,40 : 0.525"
"40,2 : 0.525"
"2,41 : 0.9105"
"41,2 : 0.9105"
"2,42 : 0.7071"
"42,2 : 0.7071"
"2,43 : 0.5731"
"43,2 : 0.5731"
"2,44 : 0.4501"
"44,2 : 0.4501"
"2,45 : 0.7582"
"45,2 : 0.7582"
"2,46 : 0.1726"
"46,2 : 0.1726"
"2,47 : 0.882"
"47,2 : 0.882"
"2,48 : 0.9454"
"48,2 : 0.9454"
"2,49 : 1.2192"
"49,2 : 1.2192"
"3,4 : 0.592"
"4,3 : 0.592"
"3,5 : 0.2961"
"5,3 : 0.2961"
"3,6 : 0.117"
"6,3 : 0.117"
"3,7 : 0.3982"
"7,3 : 0.3982"
"3,8 : 0.4215"
"8,3 : 0.4215"
"3,9 : 0.2081"
"9,3 : 0.2081"
"3,10 : 0.3606"
"10,3 : 0.3606"
"3,11 : 0.589"
"11,3 : 0.589"
"3,12 : 0.1432"
"12,3 : 0.1432"
"3,13 : 0.4342"
"13,3 : 0.4342"
"3,14 : 0.3454"
"14,3 : 0.3454"
"3,15 : 0.4272"
"15,3 : 0.4272"
"3,16 : 0.2433"
"16,3 : 0.2433"
"3,17 : 0.1237"
"17,3 : 0.1237"
"3,18 : 0.3601"
"18,3 : 0.3601"
"3,19 : 0.5701"
"19,3 : 0.5701"
"3,20 : 0.2476"
"20,3 : 0.2476"
"3,21 : 0.558"
"21,3 : 0.558"
"3,22 : 0.5243"
"22,3 : 0.5243"
"3,23 : 0.3239"
"23,3 : 0.3239"
"3,24 : 0.314"
"24,3 : 0.314"
"3,25 : 0.5728"
"25,3 : 0.5728"
"3,26 : 0.3801"
"26,3 : 0.3801"
"3,27 : 0.2915"
"27,3 : 0.2915"
"3,28 : 0.4254"
"28,3 : 0.4254"
"3,29 : 0.3705"
"29,3 : 0.3705"
"3,30 : 0.211"
"30,3 : 0.211"
"3,31 : 0.3338"
"31,3 : 0.3338"
"3,32 : 0.5822"
"32,3 : 0.5822"
"3,33 : 0.2702"
"33,3 : 0.2702"
"3,34 : 0.1703"
"34,3 : 0.1703"
"3,35 : 0.6412"
"35,3 : 0.6412"
"3,36 : 0.7441"
"36,3 : 0.7441"
"3,37 : 0.4565"
"37,3 : 0.4565"
"3,38 : 0.4368"
"38,3 : 0.4368"
"3,39 : 0.2693"
"39,3 : 0.2693"
"3,40 : 0.099"
"40,3 : 0.099"
"3,41 : 0.821"
"41,3 : 0.821"
"3,42 : 0.4002"
"42,3 : 0.4002"
"3,43 : 0.5025"
"43,3 : 0.5025"
"3,44 : 0.2408"
"44,3 : 0.2408"
"3,45 : 0.3041"
"45,3 : 0.3041"
"3,46 : 0.4045"
"46,3 : 0.4045"
"3,47 : 0.481"
"47,3 : 0.481"
"3,48 : 0.7467"
"48,3 : 0.7467"
"3,49 : 0.7517"
"49,3 : 0.7517"
"4,5 : 0.8387"
"5,4 : 0.8387"
"4,6 : 0.637"
"6,4 : 0.637"
"4,7 : 0.9694"
"7,4 : 0.9694"
"4,8 : 0.8115"
"8,4 : 0.8115"
"4,9 : 0.6835"
"9,4 : 0.6835"
"4,10 : 0.49"
"10,4 : 0.49"
"4,11 : 0.1273"
"11,4 : 0.1273"
"4,12 : 0.7324"
"12,4 : 0.7324"
"4,13 : 0.6803"
"13,4 : 0.6803"
"4,14 : 0.2746"
"14,4 : 0.2746"
"4,15 : 0.2214"
"15,4 : 0.2214"
"4,16 : 0.3941"
"16,4 : 0.3941"
"4,17 : 0.6931"
"17,4 : 0.6931"
"4,18 : 0.386"
"18,4 : 0.386"
"4,19 : 0.5162"
"19,4 : 0.5162"
"4,20 : 0.8374"
"20,4 : 0.8374"
"4,21 : 0.822"
"21,4 : 0.822"
"4,22 : 0.1838"
"22,4 : 0.1838"
"4,23 : 0.7992"
"23,4 : 0.7992"
"4,24 : 0.3008"
"24,4 : 0.3008"
"4,25 : 0.086"
"25,4 : 0.086"
"4,26 : 0.6918"
"26,4 : 0.6918"
"4,27 : 0.5869"
"27,4 : 0.5869"
"4,28 : 0.7749"
"28,4 : 0.7749"
"4,29 : 0.8792"
"29,4 : 0.8792"
"4,30 : 0.6073"
"30,4 : 0.6073"
"4,31 : 0.3401"
"31,4 : 0.3401"
"4,32 : 0.4245"
"32,4 : 0.4245"
"4,33 : 0.4206"
"33,4 : 0.4206"
"4,34 : 0.7622"
"34,4 : 0.7622"
"4,35 : 0.4346"
"35,4 : 0.4346"
"4,36 : 0.8548"
"36,4 : 0.8548"
"4,37 : 0.8001"
"37,4 : 0.8001"
"4,38 : 0.2452"
"38,4 : 0.2452"
"4,39 : 0.5546"
"39,4 : 0.5546"
"4,40 : 0.6129"
"40,4 : 0.6129"
"4,41 : 0.8465"
"41,4 : 0.8465"
"4,42 : 0.4571"
"42,4 : 0.4571"
"4,43 : 0.7415"
"43,4 : 0.7415"
"4,44 : 0.7872"
"44,4 : 0.7872"
"4,45 : 0.2973"
"45,4 : 0.2973"
"4,46 : 0.9266"
"46,4 : 0.9266"
"4,47 : 0.6463"
"47,4 : 0.6463"
"4,48 : 0.6613"
"48,4 : 0.6613"
"4,49 : 0.164"
"49,4 : 0.164"
"5,6 : 0.2059"
"6,5 : 0.2059"
"5,7 : 0.1432"
"7,5 : 0.1432"
"5,8 : 0.2417"
"8,5 : 0.2417"
"5,9 : 0.4245"
"9,5 : 0.4245"
"5,10 : 0.6512"
"10,5 : 0.6512"
"5,11 : 0.8609"
"11,5 : 0.8609"
"5,12 : 0.2404"
"12,5 : 0.2404"
"5,13 : 0.6866"
"13,5 : 0.6866"
"5,14 : 0.5664"
"14,5 : 0.5664"
"5,15 : 0.6366"
"15,5 : 0.6366"
"5,16 : 0.446"
"16,5 : 0.446"
"5,17 : 0.1726"
"17,5 : 0.1726"
"5,18 : 0.5048"
"18,5 : 0.5048"
"5,19 : 0.6259"
"19,5 : 0.6259"
"5,20 : 0.1556"
"20,5 : 0.1556"
"5,21 : 0.4215"
"21,5 : 0.4215"
"5,22 : 0.805"
"22,5 : 0.805"
"5,23 : 0.114"
"23,5 : 0.114"
"5,24 : 0.5951"
"24,5 : 0.5951"
"5,25 : 0.8376"
"25,5 : 0.8376"
"5,26 : 0.621"
"26,5 : 0.621"
"5,27 : 0.5622"
"27,5 : 0.5622"
"5,28 : 0.2816"
"28,5 : 0.2816"
"5,29 : 0.0894"
"29,5 : 0.0894"
"5,30 : 0.4727"
"30,5 : 0.4727"
"5,31 : 0.5174"
"31,5 : 0.5174"
"5,32 : 0.6835"
"32,5 : 0.6835"
"5,33 : 0.4328"
"33,5 : 0.4328"
"5,34 : 0.1931"
"34,5 : 0.1931"
"5,35 : 0.7433"
"35,5 : 0.7433"
"5,36 : 0.6515"
"36,5 : 0.6515"
"5,37 : 0.3008"
"37,5 : 0.3008"
"5,38 : 0.6313"
"38,5 : 0.6313"
"5,39 : 0.3265"
"39,5 : 0.3265"
"5,40 : 0.3601"
"40,5 : 0.3601"
"5,41 : 0.7593"
"41,5 : 0.7593"
"5,42 : 0.4924"
"42,5 : 0.4924"
"5,43 : 0.4079"
"43,5 : 0.4079"
"5,44 : 0.3585"
"44,5 : 0.3585"
"5,45 : 0.542"
"45,5 : 0.542"
"5,46 : 0.11"
"46,5 : 0.11"
"5,47 : 0.7481"
"47,5 : 0.7481"
"5,48 : 0.7606"
"48,5 : 0.7606"
"5,49 : 1.0026"
"49,5 : 1.0026"
"6,7 : 0.3324"
"7,6 : 0.3324"
"6,8 : 0.3046"
"8,6 : 0.3046"
"6,9 : 0.3114"
"9,6 : 0.3114"
"6,10 : 0.4738"
"10,6 : 0.4738"
"6,11 : 0.6551"
"11,6 : 0.6551"
"6,12 : 0.1772"
"12,6 : 0.1772"
"6,13 : 0.5501"
"13,6 : 0.5501"
"6,14 : 0.3688"
"14,6 : 0.3688"
"6,15 : 0.4441"
"15,6 : 0.4441"
"6,16 : 0.25"
"16,6 : 0.25"
"6,17 : 0.0707"
"17,6 : 0.0707"
"6,18 : 0.3353"
"18,6 : 0.3353"
"6,19 : 0.5116"
"19,6 : 0.5116"
"6,20 : 0.2214"
"20,6 : 0.2214"
"6,21 : 0.4469"
"21,6 : 0.4469"
"6,22 : 0.5993"
"22,6 : 0.5993"
"6,23 : 0.2102"
"23,6 : 0.2102"
"6,24 : 0.39"
"24,6 : 0.39"
"6,25 : 0.6325"
"25,6 : 0.6325"
"6,26 : 0.494"
"26,6 : 0.494"
"6,27 : 0.4085"
"27,6 : 0.4085"
"6,28 : 0.3106"
"28,6 : 0.3106"
"6,29 : 0.2668"
"29,6 : 0.2668"
"6,30 : 0.3265"
"30,6 : 0.3265"
"6,31 : 0.3312"
"31,6 : 0.3312"
"6,32 : 0.5433"
"32,6 : 0.5433"
"6,33 : 0.2508"
"33,6 : 0.2508"
"6,34 : 0.17"
"34,6 : 0.17"
"6,35 : 0.6041"
"35,6 : 0.6041"
"6,36 : 0.644"
"36,6 : 0.644"
"6,37 : 0.3413"
"37,6 : 0.3413"
"6,38 : 0.4442"
"38,6 : 0.4442"
"6,39 : 0.1924"
"39,6 : 0.1924"
"6,40 : 0.211"
"40,6 : 0.211"
"6,41 : 0.7295"
"41,6 : 0.7295"
"6,42 : 0.3506"
"42,6 : 0.3506"
"6,43 : 0.397"
"43,6 : 0.397"
"6,44 : 0.3087"
"44,6 : 0.3087"
"6,45 : 0.3397"
"45,6 : 0.3397"
"6,46 : 0.3068"
"46,6 : 0.3068"
"6,47 : 0.5981"
"47,6 : 0.5981"
"6,48 : 0.6768"
"48,6 : 0.6768"
"6,49 : 0.8006"
"49,6 : 0.8006"
"7,8 : 0.3523"
"8,7 : 0.3523"
"7,9 : 0.4704"
"9,7 : 0.4704"
"7,10 : 0.7301"
"10,7 : 0.7301"
"7,11 : 0.9823"
"11,7 : 0.9823"
"7,12 : 0.2961"
"12,7 : 0.2961"
"7,13 : 0.7303"
"13,7 : 0.7303"
"7,14 : 0.7004"
"14,7 : 0.7004"
"7,15 : 0.7734"
"15,7 : 0.7734"
"7,16 : 0.5805"
"16,7 : 0.5805"
"7,17 : 0.2802"
"17,7 : 0.2802"
"7,18 : 0.6466"
"18,7 : 0.6466"
"7,19 : 0.7666"
"19,7 : 0.7666"
"7,20 : 0.1712"
"20,7 : 0.1712"
"7,21 : 0.5295"
"21,7 : 0.5295"
"7,22 : 0.9211"
"22,7 : 0.9211"
"7,23 : 0.2419"
"23,7 : 0.2419"
"7,24 : 0.7102"
"24,7 : 0.7102"
"7,25 : 0.9621"
"25,7 : 0.9621"
"7,26 : 0.6607"
"26,7 : 0.6607"
"7,27 : 0.6251"
"27,7 : 0.6251"
"7,28 : 0.4005"
"28,7 : 0.4005"
"7,29 : 0.1712"
"29,7 : 0.1712"
"7,30 : 0.536"
"30,7 : 0.536"
"7,31 : 0.656"
"31,7 : 0.656"
"7,32 : 0.8264"
"32,7 : 0.8264"
"7,33 : 0.572"
"33,7 : 0.572"
"7,34 : 0.2474"
"34,7 : 0.2474"
"7,35 : 0.886"
"35,7 : 0.886"
"7,36 : 0.763"
"36,7 : 0.763"
"7,37 : 0.413"
"37,7 : 0.413"
"7,38 : 0.7701"
"38,7 : 0.7701"
"7,39 : 0.4696"
"39,7 : 0.4696"
"7,40 : 0.4368"
"40,7 : 0.4368"
"7,41 : 0.8769"
"41,7 : 0.8769"
"7,42 : 0.6356"
"42,7 : 0.6356"
"7,43 : 0.5304"
"43,7 : 0.5304"
"7,44 : 0.3734"
"44,7 : 0.3734"
"7,45 : 0.6721"
"45,7 : 0.6721"
"7,46 : 0.1393"
"46,7 : 0.1393"
"7,47 : 0.8002"
"47,7 : 0.8002"
"7,48 : 0.8945"
"48,7 : 0.8945"
"7,49 : 1.1328"
"49,7 : 1.1328"
"8,9 : 0.6075"
"9,8 : 0.6075"
"8,10 : 0.7713"
"10,8 : 0.7713"
"8,11 : 0.8683"
"11,8 : 0.8683"
"8,12 : 0.4393"
"12,8 : 0.4393"
"8,13 : 0.8543"
"13,8 : 0.8543"
"8,14 : 0.5441"
"14,8 : 0.5441"
"8,15 : 0.5909"
"15,8 : 0.5909"
"8,16 : 0.4374"
"16,8 : 0.4374"
"8,17 : 0.3302"
"17,8 : 0.3302"
"8,18 : 0.4294"
"18,8 : 0.4294"
"8,19 : 0.4579"
"19,8 : 0.4579"
"8,20 : 0.3912"
"20,8 : 0.3912"
"8,21 : 0.1803"
"21,8 : 0.1803"
"8,22 : 0.8319"
"22,8 : 0.8319"
"8,23 : 0.1304"
"23,8 : 0.1304"
"8,24 : 0.6407"
"24,8 : 0.6407"
"8,25 : 0.8352"
"25,8 : 0.8352"
"8,26 : 0.7965"
"26,8 : 0.7965"
"8,27 : 0.7131"
"27,8 : 0.7131"
"8,28 : 0.0539"
"28,8 : 0.0539"
"8,29 : 0.1811"
"29,8 : 0.1811"
"8,30 : 0.6307"
"30,8 : 0.6307"
"8,31 : 0.4717"
"31,8 : 0.4717"
"8,32 : 0.5404"
"32,8 : 0.5404"
"8,33 : 0.3956"
"33,8 : 0.3956"
"8,34 : 0.4031"
"34,8 : 0.4031"
"8,35 : 0.5941"
"35,8 : 0.5941"
"8,36 : 0.4123"
"36,8 : 0.4123"
"8,37 : 0.0608"
"37,8 : 0.0608"
"8,38 : 0.5725"
"38,8 : 0.5725"
"8,39 : 0.2596"
"39,8 : 0.2596"
"8,40 : 0.5143"
"40,8 : 0.5143"
"8,41 : 0.5247"
"41,8 : 0.5247"
"8,42 : 0.378"
"42,8 : 0.378"
"8,43 : 0.1811"
"43,8 : 0.1811"
"8,44 : 0.5728"
"44,8 : 0.5728"
"8,45 : 0.5413"
"45,8 : 0.5413"
"8,46 : 0.2202"
"46,8 : 0.2202"
"8,47 : 0.9025"
"47,8 : 0.9025"
"8,48 : 0.5554"
"48,8 : 0.5554"
"8,49 : 0.9708"
"49,8 : 0.9708"
"9,10 : 0.283"
"10,9 : 0.283"
"9,11 : 0.6414"
"11,9 : 0.6414"
"9,12 : 0.1844"
"12,9 : 0.1844"
"9,13 : 0.2631"
"13,9 : 0.2631"
"9,14 : 0.4901"
"14,9 : 0.4901"
"9,15 : 0.5708"
"15,9 : 0.5708"
"9,16 : 0.4177"
"16,9 : 0.4177"
"9,17 : 0.2778"
"17,9 : 0.2778"
"9,18 : 0.5457"
"18,9 : 0.5457"
"9,19 : 0.769"
"19,9 : 0.769"
"9,20 : 0.3"
"20,9 : 0.3"
"9,21 : 0.7582"
"21,9 : 0.7582"
"9,22 : 0.563"
"22,9 : 0.563"
"9,23 : 0.4919"
"23,9 : 0.4919"
"9,24 : 0.3828"
"24,9 : 0.3828"
"9,25 : 0.6395"
"25,9 : 0.6395"
"9,26 : 0.1965"
"26,9 : 0.1965"
"9,27 : 0.1616"
"27,9 : 0.1616"
"9,28 : 0.6201"
"28,9 : 0.6201"
"9,29 : 0.5124"
"29,9 : 0.5124"
"9,30 : 0.0849"
"30,9 : 0.0849"
"9,31 : 0.5049"
"31,9 : 0.5049"
"9,32 : 0.769"
"32,9 : 0.769"
"9,33 : 0.4588"
"33,9 : 0.4588"
"9,34 : 0.2335"
"34,9 : 0.2335"
"9,35 : 0.8257"
"35,9 : 0.8257"
"9,36 : 0.9513"
"36,9 : 0.9513"
"9,37 : 0.65"
"37,9 : 0.65"
"9,38 : 0.59"
"38,9 : 0.59"
"9,39 : 0.4771"
"39,9 : 0.4771"
"9,40 : 0.1118"
"40,9 : 0.1118"
"9,41 : 1.029"
"41,9 : 1.029"
"9,42 : 0.5981"
"42,9 : 0.5981"
"9,43 : 0.7072"
"43,9 : 0.7072"
"9,44 : 0.1221"
"44,9 : 0.1221"
"9,45 : 0.4405"
"45,9 : 0.4405"
"9,46 : 0.5315"
"46,9 : 0.5315"
"9,47 : 0.33"
"47,9 : 0.33"
"9,48 : 0.9494"
"48,9 : 0.9494"
"9,49 : 0.8273"
"49,9 : 0.8273"
"10,11 : 0.41"
"11,10 : 0.41"
"10,12 : 0.4342"
"12,10 : 0.4342"
"10,13 : 0.191"
"13,10 : 0.191"
"10,14 : 0.4105"
"14,10 : 0.4105"
"10,15 : 0.4696"
"15,10 : 0.4696"
"10,16 : 0.4123"
"16,10 : 0.4123"
"10,17 : 0.4801"
"17,10 : 0.4801"
"10,18 : 0.5304"
"18,10 : 0.5304"
"10,19 : 0.7649"
"19,10 : 0.7649"
"10,20 : 0.5604"
"20,10 : 0.5604"
"10,21 : 0.8824"
"21,10 : 0.8824"
"10,22 : 0.3276"
"22,10 : 0.3276"
"10,23 : 0.6836"
"23,10 : 0.6836"
"10,24 : 0.2371"
"24,10 : 0.2371"
"10,25 : 0.423"
"25,10 : 0.423"
"10,26 : 0.2062"
"26,10 : 0.2062"
"10,27 : 0.1273"
"27,10 : 0.1273"
"10,28 : 0.7654"
"28,10 : 0.7654"
"10,29 : 0.73"
"29,10 : 0.73"
"10,30 : 0.2012"
"30,10 : 0.2012"
"10,31 : 0.4675"
"31,10 : 0.4675"
"10,32 : 0.7267"
"32,10 : 0.7267"
"10,33 : 0.4701"
"33,10 : 0.4701"
"10,34 : 0.4827"
"34,10 : 0.4827"
"10,35 : 0.7718"
"35,10 : 0.7718"
"10,36 : 1.029"
"36,10 : 1.029"
"10,37 : 0.797"
"37,10 : 0.797"
"10,38 : 0.5012"
"38,10 : 0.5012"
"10,39 : 0.559"
"39,10 : 0.559"
"10,40 : 0.2943"
"40,10 : 0.2943"
"10,41 : 1.0781"
"41,10 : 1.0781"
"10,42 : 0.6088"
"42,10 : 0.6088"
"10,43 : 0.8139"
"43,10 : 0.8139"
"10,44 : 0.405"
"44,10 : 0.405"
"10,45 : 0.364"
"45,10 : 0.364"
"10,46 : 0.7611"
"46,10 : 0.7611"
"10,47 : 0.1749"
"47,10 : 0.1749"
"10,48 : 0.9502"
"48,10 : 0.9502"
"10,49 : 0.6042"
"49,10 : 0.6042"
"11,12 : 0.7212"
"12,11 : 0.7212"
"11,13 : 0.5941"
"13,11 : 0.5941"
"11,14 : 0.3256"
"14,11 : 0.3256"
"11,15 : 0.3007"
"15,11 : 0.3007"
"11,16 : 0.4332"
"16,11 : 0.4332"
"11,17 : 0.7021"
"17,11 : 0.7021"
"11,18 : 0.4604"
"18,11 : 0.4604"
"11,19 : 0.6236"
"19,11 : 0.6236"
"11,20 : 0.8363"
"20,11 : 0.8363"
"11,21 : 0.9014"
"21,11 : 0.9014"
"11,22 : 0.0825"
"22,11 : 0.0825"
"11,23 : 0.8377"
"23,11 : 0.8377"
"11,24 : 0.2759"
"24,11 : 0.2759"
"11,25 : 0.0447"
"25,11 : 0.0447"
"11,26 : 0.6161"
"26,11 : 0.6161"
"11,27 : 0.522"
"27,11 : 0.522"
"11,28 : 0.8374"
"28,11 : 0.8374"
"11,29 : 0.9124"
"29,11 : 0.9124"
"11,30 : 0.5595"
"30,11 : 0.5595"
"11,31 : 0.4031"
"31,11 : 0.4031"
"11,32 : 0.5385"
"32,11 : 0.5385"
"11,33 : 0.473"
"33,11 : 0.473"
"11,34 : 0.7574"
"34,11 : 0.7574"
"11,35 : 0.5547"
"35,11 : 0.5547"
"11,36 : 0.9571"
"36,11 : 0.9571"
"11,37 : 0.8649"
"37,11 : 0.8649"
"11,38 : 0.3324"
"38,11 : 0.3324"
"11,39 : 0.6088"
"39,11 : 0.6088"
"11,40 : 0.589"
"40,11 : 0.589"
"11,41 : 0.9582"
"41,11 : 0.9582"
"11,42 : 0.5401"
"42,11 : 0.5401"
"11,43 : 0.821"
"43,11 : 0.821"
"11,44 : 0.7545"
"44,11 : 0.7545"
"11,45 : 0.3289"
"45,11 : 0.3289"
"11,46 : 0.9571"
"46,11 : 0.9571"
"11,47 : 0.55"
"47,11 : 0.55"
"11,48 : 0.7788"
"48,11 : 0.7788"
"11,49 : 0.1942"
"49,11 : 0.1942"
"12,13 : 0.4472"
"13,12 : 0.4472"
"12,14 : 0.4885"
"14,12 : 0.4885"
"12,15 : 0.5701"
"15,12 : 0.5701"
"12,16 : 0.3833"
"16,12 : 0.3833"
"12,17 : 0.1166"
"17,12 : 0.1166"
"12,18 : 0.4925"
"18,12 : 0.4925"
"12,19 : 0.6859"
"19,12 : 0.6859"
"12,20 : 0.1265"
"20,12 : 0.1265"
"12,21 : 0.6031"
"21,12 : 0.6031"
"12,22 : 0.6519"
"22,12 : 0.6519"
"12,23 : 0.3162"
"23,12 : 0.3162"
"12,24 : 0.4455"
"24,12 : 0.4455"
"12,25 : 0.7084"
"25,12 : 0.7084"
"12,26 : 0.3808"
"26,12 : 0.3808"
"12,27 : 0.3306"
"27,12 : 0.3306"
"12,28 : 0.4601"
"28,12 : 0.4601"
"12,29 : 0.3289"
"29,12 : 0.3289"
"12,30 : 0.2408"
"30,12 : 0.2408"
"12,31 : 0.473"
"31,12 : 0.473"
"12,32 : 0.7101"
"32,12 : 0.7101"
"12,33 : 0.4031"
"33,12 : 0.4031"
"12,34 : 0.05"
"34,12 : 0.05"
"12,35 : 0.7703"
"35,12 : 0.7703"
"12,36 : 0.813"
"36,12 : 0.813"
"12,37 : 0.488"
"37,12 : 0.488"
"12,38 : 0.5787"
"38,12 : 0.5787"
"12,39 : 0.3688"
"39,12 : 0.3688"
"12,40 : 0.1432"
"40,12 : 0.1432"
"12,41 : 0.9034"
"41,12 : 0.9034"
"12,42 : 0.5209"
"42,12 : 0.5209"
"12,43 : 0.563"
"43,12 : 0.563"
"12,44 : 0.136"
"44,12 : 0.136"
"12,45 : 0.4472"
"45,12 : 0.4472"
"12,46 : 0.3471"
"46,12 : 0.3471"
"12,47 : 0.5116"
"47,12 : 0.5116"
"12,48 : 0.8538"
"48,12 : 0.8538"
"12,49 : 0.8902"
"49,12 : 0.8902"
"13,14 : 0.586"
"14,13 : 0.586"
"13,15 : 0.6519"
"15,13 : 0.6519"
"13,16 : 0.564"
"16,13 : 0.564"
"13,17 : 0.5314"
"17,13 : 0.5314"
"13,18 : 0.6907"
"18,13 : 0.6907"
"13,19 : 0.9266"
"19,13 : 0.9266"
"13,20 : 0.5614"
"20,13 : 0.5614"
"13,21 : 0.9902"
"21,13 : 0.9902"
"13,22 : 0.5124"
"22,13 : 0.5124"
"13,23 : 0.7467"
"23,13 : 0.7467"
"13,24 : 0.4206"
"24,13 : 0.4206"
"13,25 : 0.6107"
"25,13 : 0.6107"
"13,26 : 0.0707"
"26,13 : 0.0707"
"13,27 : 0.1487"
"27,13 : 0.1487"
"13,28 : 0.8596"
"28,13 : 0.8596"
"13,29 : 0.7737"
"29,13 : 0.7737"
"13,30 : 0.2236"
"30,13 : 0.2236"
"13,31 : 0.6329"
"31,13 : 0.6329"
"13,32 : 0.8994"
"32,13 : 0.8994"
"13,33 : 0.6185"
"33,13 : 0.6185"
"13,34 : 0.4965"
"34,13 : 0.4965"
"13,35 : 0.9481"
"35,13 : 0.9481"
"13,36 : 1.1618"
"36,13 : 1.1618"
"13,37 : 0.8907"
"37,13 : 0.8907"
"13,38 : 0.6815"
"38,13 : 0.6815"
"13,39 : 0.6812"
"39,13 : 0.6812"
"13,40 : 0.3401"
"40,13 : 0.3401"
"13,41 : 1.2238"
"41,13 : 1.2238"
"13,42 : 0.7622"
"42,13 : 0.7622"
"13,43 : 0.9301"
"43,13 : 0.9301"
"13,44 : 0.3612"
"44,13 : 0.3612"
"13,45 : 0.5367"
"45,13 : 0.5367"
"13,46 : 0.7943"
"46,13 : 0.7943"
"13,47 : 0.0806"
"47,13 : 0.0806"
"13,48 : 1.1125"
"48,13 : 1.1125"
"13,49 : 0.7877"
"49,13 : 0.7877"
"14,15 : 0.0825"
"15,14 : 0.0825"
"14,16 : 0.1204"
"16,14 : 0.1204"
"14,17 : 0.4301"
"17,14 : 0.4301"
"14,18 : 0.1456"
"18,14 : 0.1456"
"14,19 : 0.3624"
"19,14 : 0.3624"
"14,20 : 0.5798"
"20,14 : 0.5798"
"14,21 : 0.5801"
"21,14 : 0.5801"
"14,22 : 0.3007"
"22,14 : 0.3007"
"14,23 : 0.5248"
"23,14 : 0.5248"
"14,24 : 0.1769"
"24,14 : 0.1769"
"14,25 : 0.2912"
"25,14 : 0.2912"
"14,26 : 0.5692"
"26,14 : 0.5692"
"14,27 : 0.4522"
"27,14 : 0.4522"
"14,28 : 0.512"
"28,14 : 0.512"
"14,29 : 0.6046"
"29,14 : 0.6046"
"14,30 : 0.4329"
"30,14 : 0.4329"
"14,31 : 0.0806"
"31,14 : 0.0806"
"14,32 : 0.3162"
"32,14 : 0.3162"
"14,33 : 0.1487"
"33,14 : 0.1487"
"14,34 : 0.51"
"34,14 : 0.51"
"14,35 : 0.3624"
"35,14 : 0.3624"
"14,36 : 0.6648"
"36,14 : 0.6648"
"14,37 : 0.5394"
"37,14 : 0.5394"
"14,38 : 0.1005"
"38,14 : 0.1005"
"14,39 : 0.2846"
"39,14 : 0.2846"
"14,40 : 0.3946"
"40,14 : 0.3946"
"14,41 : 0.6912"
"41,14 : 0.6912"
"14,42 : 0.2309"
"42,14 : 0.2309"
"14,43 : 0.5004"
"43,14 : 0.5004"
"14,44 : 0.5707"
"44,14 : 0.5707"
"14,45 : 0.051"
"45,14 : 0.051"
"14,46 : 0.6522"
"46,14 : 0.6522"
"14,47 : 0.5852"
"47,14 : 0.5852"
"14,48 : 0.5445"
"48,14 : 0.5445"
"14,49 : 0.4383"
"49,14 : 0.4383"
"15,16 : 0.1942"
"16,15 : 0.1942"
"15,17 : 0.5077"
"17,15 : 0.5077"
"15,18 : 0.1649"
"18,15 : 0.1649"
"15,19 : 0.3354"
"19,15 : 0.3354"
"15,20 : 0.6586"
"20,15 : 0.6586"
"15,21 : 0.6041"
"21,15 : 0.6041"
"15,22 : 0.2973"
"22,15 : 0.2973"
"15,23 : 0.586"
"23,15 : 0.586"
"15,24 : 0.2326"
"24,15 : 0.2326"
"15,25 : 0.26"
"25,15 : 0.26"
"15,26 : 0.6403"
"26,15 : 0.6403"
"15,27 : 0.5239"
"27,15 : 0.5239"
"15,28 : 0.5536"
"28,15 : 0.5536"
"15,29 : 0.6684"
"29,15 : 0.6684"
"15,30 : 0.5109"
"30,15 : 0.5109"
"15,31 : 0.1221"
"31,15 : 0.1221"
"15,32 : 0.2691"
"32,15 : 0.2691"
"15,33 : 0.2062"
"33,15 : 0.2062"
"15,34 : 0.5903"
"34,15 : 0.5903"
"15,35 : 0.3061"
"35,15 : 0.3061"
"15,36 : 0.6597"
"36,15 : 0.6597"
"15,37 : 0.5787"
"37,15 : 0.5787"
"15,38 : 0.0361"
"38,15 : 0.0361"
"15,39 : 0.3362"
"39,15 : 0.3362"
"15,40 : 0.4768"
"40,15 : 0.4768"
"15,41 : 0.6712"
"41,15 : 0.6712"
"15,42 : 0.2402"
"42,15 : 0.2402"
"15,43 : 0.5235"
"43,15 : 0.5235"
"15,44 : 0.6531"
"44,15 : 0.6531"
"15,45 : 0.1304"
"45,15 : 0.1304"
"15,46 : 0.717"
"46,15 : 0.717"
"15,47 : 0.6441"
"47,15 : 0.6441"
"15,48 : 0.508"
"48,15 : 0.508"
"15,49 : 0.3801"
"49,15 : 0.3801"
"16,17 : 0.3138"
"17,16 : 0.3138"
"16,18 : 0.13"
"18,16 : 0.13"
"16,19 : 0.3636"
"19,16 : 0.3636"
"16,20 : 0.4653"
"20,16 : 0.4653"
"16,21 : 0.4982"
"21,16 : 0.4982"
"16,22 : 0.3946"
"22,16 : 0.3946"
"16,23 : 0.4071"
"23,16 : 0.4071"
"16,24 : 0.2159"
"24,16 : 0.2159"
"16,25 : 0.4031"
"25,16 : 0.4031"
"16,26 : 0.5334"
"26,16 : 0.5334"
"16,27 : 0.4188"
"27,16 : 0.4188"
"16,28 : 0.4111"
"28,16 : 0.4111"
"16,29 : 0.4855"
"29,16 : 0.4855"
"16,30 : 0.377"
"30,16 : 0.377"
"16,31 : 0.0906"
"31,16 : 0.0906"
"16,32 : 0.3517"
"32,16 : 0.3517"
"16,33 : 0.0583"
"33,16 : 0.0583"
"16,34 : 0.3992"
"34,16 : 0.3992"
"16,35 : 0.4079"
"35,16 : 0.4079"
"16,36 : 0.6191"
"36,16 : 0.6191"
"16,37 : 0.4405"
"37,16 : 0.4405"
"16,38 : 0.197"
"38,16 : 0.197"
"16,39 : 0.1803"
"39,16 : 0.1803"
"16,40 : 0.3114"
"40,16 : 0.3114"
"16,41 : 0.666"
"41,16 : 0.666"
"16,42 : 0.1985"
"42,16 : 0.1985"
"16,43 : 0.422"
"43,16 : 0.422"
"16,44 : 0.4804"
"44,16 : 0.4804"
"16,45 : 0.1044"
"45,16 : 0.1044"
"16,46 : 0.5325"
"46,16 : 0.5325"
"16,47 : 0.5798"
"47,16 : 0.5798"
"16,48 : 0.5492"
"48,16 : 0.5492"
"16,49 : 0.558"
"49,16 : 0.558"
"17,18 : 0.4052"
"18,17 : 0.4052"
"17,19 : 0.5808"
"19,17 : 0.5808"
"17,20 : 0.1523"
"20,17 : 0.1523"
"17,21 : 0.4884"
"21,17 : 0.4884"
"17,22 : 0.6414"
"22,17 : 0.6414"
"17,23 : 0.2154"
"23,17 : 0.2154"
"17,24 : 0.4305"
"24,17 : 0.4305"
"17,25 : 0.6825"
"25,17 : 0.6825"
"17,26 : 0.4701"
"26,17 : 0.4701"
"17,27 : 0.3981"
"27,17 : 0.3981"
"17,28 : 0.3466"
"28,17 : 0.3466"
"17,29 : 0.2502"
"29,17 : 0.2502"
"17,30 : 0.3105"
"30,17 : 0.3105"
"17,31 : 0.3981"
"31,17 : 0.3981"
"17,32 : 0.614"
"32,17 : 0.614"
"17,33 : 0.3195"
"33,17 : 0.3195"
"17,34 : 0.1005"
"34,17 : 0.1005"
"17,35 : 0.6748"
"35,17 : 0.6748"
"17,36 : 0.6964"
"36,17 : 0.6964"
"17,37 : 0.3754"
"37,17 : 0.3754"
"17,38 : 0.51"
"38,17 : 0.51"
"17,39 : 0.2608"
"39,17 : 0.2608"
"17,40 : 0.1942"
"40,17 : 0.1942"
"17,41 : 0.7872"
"41,17 : 0.7872"
"17,42 : 0.4211"
"42,17 : 0.4211"
"17,43 : 0.4465"
"43,17 : 0.4465"
"17,44 : 0.2524"
"44,17 : 0.2524"
"17,45 : 0.397"
"45,17 : 0.397"
"17,46 : 0.2816"
"46,17 : 0.2816"
"17,47 : 0.5869"
"47,17 : 0.5869"
"17,48 : 0.7433"
"48,17 : 0.7433"
"17,49 : 0.8556"
"49,17 : 0.8556"
"18,19 : 0.236"
"19,18 : 0.236"
"18,20 : 0.5566"
"20,18 : 0.5566"
"18,21 : 0.441"
"21,18 : 0.441"
"18,22 : 0.4441"
"22,18 : 0.4441"
"18,23 : 0.4384"
"23,18 : 0.4384"
"18,24 : 0.3106"
"24,18 : 0.3106"
"18,25 : 0.4219"
"25,18 : 0.4219"
"18,26 : 0.6624"
"26,18 : 0.6624"
"18,27 : 0.5471"
"27,18 : 0.5471"
"18,28 : 0.39"
"28,18 : 0.39"
"18,29 : 0.5235"
"29,18 : 0.5235"
"18,30 : 0.507"
"30,18 : 0.507"
"18,31 : 0.0671"
"31,18 : 0.0671"
"18,32 : 0.2236"
"32,18 : 0.2236"
"18,33 : 0.09"
"33,18 : 0.09"
"18,34 : 0.5001"
"34,18 : 0.5001"
"18,35 : 0.2816"
"35,18 : 0.2816"
"18,36 : 0.52"
"36,18 : 0.52"
"18,37 : 0.4144"
"37,18 : 0.4144"
"18,38 : 0.1432"
"38,18 : 0.1432"
"18,39 : 0.1838"
"39,18 : 0.1838"
"18,40 : 0.4374"
"40,18 : 0.4374"
"18,41 : 0.5522"
"41,18 : 0.5522"
"18,42 : 0.0854"
"42,18 : 0.0854"
"18,43 : 0.3606"
"43,18 : 0.3606"
"18,44 : 0.6007"
"44,18 : 0.6007"
"18,45 : 0.1749"
"45,18 : 0.1749"
"18,46 : 0.5731"
"46,18 : 0.5731"
"18,47 : 0.7018"
"47,18 : 0.7018"
"18,48 : 0.422"
"48,18 : 0.422"
"18,49 : 0.5423"
"49,18 : 0.5423"
"19,20 : 0.7206"
"20,19 : 0.7206"
"19,21 : 0.372"
"21,19 : 0.372"
"19,22 : 0.6316"
"22,19 : 0.6316"
"19,23 : 0.5281"
"23,19 : 0.5281"
"19,24 : 0.5381"
"24,19 : 0.5381"
"19,25 : 0.5797"
"25,19 : 0.5797"
"19,26 : 0.8969"
"26,19 : 0.8969"
"19,27 : 0.7823"
"27,19 : 0.7823"
"19,28 : 0.405"
"28,19 : 0.405"
"19,29 : 0.611"
"29,19 : 0.611"
"19,30 : 0.7379"
"30,19 : 0.7379"
"19,31 : 0.2973"
"31,19 : 0.2973"
"19,32 : 0.1044"
"32,19 : 0.1044"
"19,33 : 0.313"
"33,19 : 0.313"
"19,34 : 0.6812"
"34,19 : 0.6812"
"19,35 : 0.1421"
"35,19 : 0.1421"
"19,36 : 0.3401"
"36,19 : 0.3401"
"19,37 : 0.414"
"37,19 : 0.414"
"19,38 : 0.2997"
"38,19 : 0.2997"
"19,39 : 0.3202"
"39,19 : 0.3202"
"19,40 : 0.6579"
"40,19 : 0.6579"
"19,41 : 0.3362"
"41,19 : 0.3362"
"19,42 : 0.1709"
"42,19 : 0.1709"
"19,43 : 0.3041"
"43,19 : 0.3041"
"19,44 : 0.8081"
"44,19 : 0.8081"
"19,45 : 0.4031"
"45,19 : 0.4031"
"19,46 : 0.6592"
"46,19 : 0.6592"
"19,47 : 0.9372"
"47,19 : 0.9372"
"19,48 : 0.186"
"48,19 : 0.186"
"19,49 : 0.6403"
"49,19 : 0.6403"
"20,21 : 0.5682"
"21,20 : 0.5682"
"20,22 : 0.7701"
"22,20 : 0.7701"
"20,23 : 0.2608"
"23,20 : 0.2608"
"20,24 : 0.5608"
"24,20 : 0.5608"
"20,25 : 0.8204"
"25,20 : 0.8204"
"20,26 : 0.4925"
"26,20 : 0.4925"
"20,27 : 0.454"
"27,20 : 0.454"
"20,28 : 0.4249"
"28,20 : 0.4249"
"20,29 : 0.2421"
"29,20 : 0.2421"
"20,30 : 0.365"
"30,20 : 0.365"
"20,31 : 0.5504"
"31,20 : 0.5504"
"20,32 : 0.7612"
"32,20 : 0.7612"
"20,33 : 0.4717"
"33,20 : 0.4717"
"20,34 : 0.0806"
"34,20 : 0.0806"
"20,35 : 0.822"
"35,20 : 0.822"
"20,36 : 0.7931"
"36,20 : 0.7931"
"20,37 : 0.4478"
"37,20 : 0.4478"
"20,38 : 0.6619"
"38,20 : 0.6619"
"20,39 : 0.402"
"39,20 : 0.402"
"20,40 : 0.2693"
"40,20 : 0.2693"
"20,41 : 0.8949"
"41,20 : 0.8949"
"20,42 : 0.5672"
"42,20 : 0.5672"
"20,43 : 0.5442"
"43,20 : 0.5442"
"20,44 : 0.2119"
"44,20 : 0.2119"
"20,45 : 0.5441"
"45,20 : 0.5441"
"20,46 : 0.246"
"46,20 : 0.246"
"20,47 : 0.63"
"47,20 : 0.63"
"20,48 : 0.8737"
"48,20 : 0.8737"
"20,49 : 0.9982"
"49,20 : 0.9982"
"21,22 : 0.8805"
"22,21 : 0.8805"
"21,23 : 0.3087"
"23,21 : 0.3087"
"21,24 : 0.7139"
"24,21 : 0.7139"
"21,25 : 0.8628"
"25,21 : 0.8628"
"21,26 : 0.9381"
"26,21 : 0.9381"
"21,27 : 0.8438"
"27,21 : 0.8438"
"21,28 : 0.1442"
"28,21 : 0.1442"
"21,29 : 0.359"
"29,21 : 0.359"
"21,30 : 0.7684"
"30,21 : 0.7684"
"21,31 : 0.5"
"31,21 : 0.5"
"21,32 : 0.4717"
"32,21 : 0.4717"
"21,33 : 0.4441"
"33,21 : 0.4441"
"21,34 : 0.572"
"34,21 : 0.572"
"21,35 : 0.514"
"35,21 : 0.514"
"21,36 : 0.2335"
"36,21 : 0.2335"
"21,37 : 0.1208"
"37,21 : 0.1208"
"21,38 : 0.5771"
"38,21 : 0.5771"
"21,39 : 0.3257"
"39,21 : 0.3257"
"21,40 : 0.656"
"40,21 : 0.656"
"21,41 : 0.3501"
"41,21 : 0.3501"
"21,42 : 0.365"
"42,21 : 0.365"
"21,43 : 0.0806"
"43,21 : 0.0806"
"21,44 : 0.7388"
"44,21 : 0.7388"
"21,45 : 0.593"
"45,21 : 0.593"
"21,46 : 0.3932"
"46,21 : 0.3932"
"21,47 : 1.0296"
"47,21 : 1.0296"
"21,48 : 0.4159"
"48,21 : 0.4159"
"21,49 : 0.9702"
"49,21 : 0.9702"
"22,23 : 0.7906"
"23,22 : 0.7906"
"22,24 : 0.211"
"24,22 : 0.211"
"22,25 : 0.102"
"25,22 : 0.102"
"22,26 : 0.5337"
"26,22 : 0.5337"
"22,27 : 0.4401"
"27,22 : 0.4401"
"22,28 : 0.805"
"28,22 : 0.805"
"22,29 : 0.8616"
"29,22 : 0.8616"
"22,30 : 0.4802"
"30,22 : 0.4802"
"22,31 : 0.3812"
"31,22 : 0.3812"
"22,32 : 0.5557"
"32,22 : 0.5557"
"22,33 : 0.441"
"33,22 : 0.441"
"22,34 : 0.6903"
"34,22 : 0.6903"
"22,35 : 0.5801"
"35,22 : 0.5801"
"22,36 : 0.956"
"36,22 : 0.956"
"22,37 : 0.8338"
"37,22 : 0.8338"
"22,38 : 0.3324"
"38,22 : 0.3324"
"22,39 : 0.5743"
"39,22 : 0.5743"
"22,40 : 0.5162"
"40,22 : 0.5162"
"22,41 : 0.9677"
"41,22 : 0.9677"
"22,42 : 0.5277"
"42,22 : 0.5277"
"22,43 : 0.801"
"43,22 : 0.801"
"22,44 : 0.678"
"44,22 : 0.678"
"22,45 : 0.2915"
"45,22 : 0.2915"
"22,46 : 0.9047"
"46,22 : 0.9047"
"22,47 : 0.4704"
"47,22 : 0.4704"
"22,48 : 0.7976"
"48,22 : 0.7976"
"22,49 : 0.2766"
"49,22 : 0.2766"
"23,24 : 0.5869"
"24,23 : 0.5869"
"23,25 : 0.8096"
"25,23 : 0.8096"
"23,26 : 0.6854"
"26,23 : 0.6854"
"23,27 : 0.6113"
"27,23 : 0.6113"
"23,28 : 0.1676"
"28,23 : 0.1676"
"23,29 : 0.086"
"29,23 : 0.086"
"23,30 : 0.525"
"30,23 : 0.525"
"23,31 : 0.464"
"31,23 : 0.464"
"23,32 : 0.5948"
"32,23 : 0.5948"
"23,33 : 0.3801"
"33,23 : 0.3801"
"23,34 : 0.2766"
"34,23 : 0.2766"
"23,35 : 0.6531"
"35,23 : 0.6531"
"23,36 : 0.5376"
"36,23 : 0.5376"
"23,37 : 0.1879"
"37,23 : 0.1879"
"23,38 : 0.5749"
"38,23 : 0.5749"
"23,39 : 0.2546"
"39,23 : 0.2546"
"23,40 : 0.408"
"40,23 : 0.408"
"23,41 : 0.6454"
"41,23 : 0.6454"
"23,42 : 0.4105"
"42,23 : 0.4105"
"23,43 : 0.2943"
"43,23 : 0.2943"
"23,44 : 0.4469"
"44,23 : 0.4469"
"23,45 : 0.5099"
"45,23 : 0.5099"
"23,46 : 0.136"
"46,23 : 0.136"
"23,47 : 0.8008"
"47,23 : 0.8008"
"23,48 : 0.6528"
"48,23 : 0.6528"
"23,49 : 0.9625"
"49,23 : 0.9625"
"24,25 : 0.264"
"25,24 : 0.264"
"24,26 : 0.4144"
"26,24 : 0.4144"
"24,27 : 0.3007"
"27,24 : 0.3007"
"24,28 : 0.6203"
"28,24 : 0.6203"
"24,29 : 0.6546"
"29,24 : 0.6546"
"24,30 : 0.3081"
"30,24 : 0.3081"
"24,31 : 0.2441"
"31,24 : 0.2441"
"24,32 : 0.492"
"32,24 : 0.492"
"24,33 : 0.272"
"33,24 : 0.272"
"24,34 : 0.4817"
"34,24 : 0.4817"
"24,35 : 0.5354"
"35,24 : 0.5354"
"24,36 : 0.8273"
"36,24 : 0.8273"
"24,37 : 0.6507"
"37,24 : 0.6507"
"24,38 : 0.2642"
"38,24 : 0.2642"
"24,39 : 0.392"
"39,24 : 0.392"
"24,40 : 0.3162"
"40,24 : 0.3162"
"24,41 : 0.8627"
"41,24 : 0.8627"
"24,42 : 0.3945"
"42,24 : 0.3945"
"24,43 : 0.6379"
"43,24 : 0.6379"
"24,44 : 0.4876"
"44,24 : 0.4876"
"24,45 : 0.136"
"45,24 : 0.136"
"24,46 : 0.6964"
"46,24 : 0.6964"
"24,47 : 0.4118"
"47,24 : 0.4118"
"24,48 : 0.7212"
"48,24 : 0.7212"
"24,49 : 0.4494"
"49,24 : 0.4494"
"25,26 : 0.628"
"26,25 : 0.628"
"25,27 : 0.5289"
"27,25 : 0.5289"
"25,28 : 0.8028"
"28,25 : 0.8028"
"25,29 : 0.8859"
"29,25 : 0.8859"
"25,30 : 0.5595"
"30,25 : 0.5595"
"25,31 : 0.3667"
"31,25 : 0.3667"
"25,32 : 0.494"
"32,25 : 0.494"
"25,33 : 0.4397"
"33,25 : 0.4397"
"25,34 : 0.7425"
"34,25 : 0.7425"
"25,35 : 0.51"
"35,25 : 0.51"
"25,36 : 0.9141"
"36,25 : 0.9141"
"25,37 : 0.8298"
"37,25 : 0.8298"
"25,38 : 0.2907"
"38,25 : 0.2907"
"25,39 : 0.5757"
"39,25 : 0.5757"
"25,40 : 0.5801"
"40,25 : 0.5801"
"25,41 : 0.9139"
"41,25 : 0.9139"
"25,42 : 0.5001"
"42,25 : 0.5001"
"25,43 : 0.7823"
"43,25 : 0.7823"
"25,44 : 0.7495"
"44,25 : 0.7495"
"25,45 : 0.2997"
"45,25 : 0.2997"
"25,46 : 0.9315"
"46,25 : 0.9315"
"25,47 : 0.5714"
"47,25 : 0.5714"
"25,48 : 0.7341"
"48,25 : 0.7341"
"25,49 : 0.1879"
"49,25 : 0.1879"
"26,27 : 0.117"
"27,26 : 0.117"
"26,28 : 0.8045"
"28,26 : 0.8045"
"26,29 : 0.7088"
"29,26 : 0.7088"
"26,30 : 0.1703"
"30,26 : 0.1703"
"26,31 : 0.6084"
"31,26 : 0.6084"
"26,32 : 0.8773"
"32,26 : 0.8773"
"26,33 : 0.5852"
"33,26 : 0.5852"
"26,34 : 0.4295"
"34,26 : 0.4295"
"26,35 : 0.9285"
"35,26 : 0.9285"
"26,36 : 1.1173"
"36,26 : 1.1173"
"26,37 : 0.8353"
"37,26 : 0.8353"
"26,38 : 0.6676"
"38,26 : 0.6676"
"26,39 : 0.6364"
"39,26 : 0.6364"
"26,40 : 0.283"
"40,26 : 0.283"
"26,41 : 1.1844"
"41,26 : 1.1844"
"26,42 : 0.7295"
"42,26 : 0.7295"
"26,43 : 0.8809"
"43,26 : 0.8809"
"26,44 : 0.2907"
"44,26 : 0.2907"
"26,45 : 0.5187"
"45,26 : 0.5187"
"26,46 : 0.7278"
"46,26 : 0.7278"
"26,47 : 0.1487"
"47,26 : 0.1487"
"26,48 : 1.0823"
"48,26 : 1.0823"
"26,49 : 0.8102"
"49,26 : 0.8102"
"27,28 : 0.7155"
"28,27 : 0.7155"
"27,29 : 0.6463"
"29,27 : 0.6463"
"27,30 : 0.09"
"30,27 : 0.09"
"27,31 : 0.4919"
"31,27 : 0.4919"
"27,32 : 0.7606"
"32,27 : 0.7606"
"27,33 : 0.472"
"33,27 : 0.472"
"27,34 : 0.3805"
"34,27 : 0.3805"
"27,35 : 0.8115"
"35,27 : 0.8115"
"27,36 : 1.0132"
"36,27 : 1.0132"
"27,37 : 0.7469"
"37,27 : 0.7469"
"27,38 : 0.5508"
"38,27 : 0.5508"
"27,39 : 0.5326"
"39,27 : 0.5326"
"27,40 : 0.204"
"40,27 : 0.204"
"27,41 : 1.0756"
"41,27 : 1.0756"
"27,42 : 0.6161"
"42,27 : 0.6161"
"27,43 : 0.7824"
"43,27 : 0.7824"
"27,44 : 0.2818"
"44,27 : 0.2818"
"27,45 : 0.4016"
"45,27 : 0.4016"
"27,46 : 0.6719"
"46,27 : 0.6719"
"27,47 : 0.1897"
"47,27 : 0.1897"
"27,48 : 0.968"
"48,27 : 0.968"
"27,49 : 0.7147"
"49,27 : 0.7147"
"28,29 : 0.23"
"29,28 : 0.23"
"28,30 : 0.6363"
"30,28 : 0.6363"
"28,31 : 0.4368"
"31,28 : 0.4368"
"28,32 : 0.4892"
"32,28 : 0.4892"
"28,33 : 0.365"
"33,28 : 0.365"
"28,34 : 0.428"
"34,28 : 0.428"
"28,35 : 0.542"
"35,28 : 0.542"
"28,36 : 0.37"
"36,28 : 0.37"
"28,37 : 0.0316"
"37,28 : 0.0316"
"28,38 : 0.5331"
"38,28 : 0.5331"
"28,39 : 0.2309"
"39,28 : 0.2309"
"28,40 : 0.5215"
"40,28 : 0.5215"
"28,41 : 0.4785"
"41,28 : 0.4785"
"28,42 : 0.3329"
"42,28 : 0.3329"
"28,43 : 0.13"
"43,28 : 0.13"
"28,44 : 0.5955"
"44,28 : 0.5955"
"28,45 : 0.5135"
"45,28 : 0.5135"
"28,46 : 0.2717"
"46,28 : 0.2717"
"28,47 : 0.9038"
"47,28 : 0.9038"
"28,48 : 0.5022"
"48,28 : 0.5022"
"28,49 : 0.9323"
"49,28 : 0.9323"
"29,30 : 0.5573"
"30,29 : 0.5573"
"29,31 : 0.5467"
"31,29 : 0.5467"
"29,32 : 0.68"
"32,29 : 0.68"
"29,33 : 0.4623"
"33,29 : 0.4623"
"29,34 : 0.2823"
"34,29 : 0.2823"
"29,35 : 0.7379"
"35,29 : 0.7379"
"29,36 : 0.5923"
"36,29 : 0.5923"
"29,37 : 0.2419"
"37,29 : 0.2419"
"29,38 : 0.6586"
"38,29 : 0.6586"
"29,39 : 0.3397"
"39,29 : 0.3397"
"29,40 : 0.4428"
"40,29 : 0.4428"
"29,41 : 0.7058"
"41,29 : 0.7058"
"29,42 : 0.4965"
"42,29 : 0.4965"
"29,43 : 0.36"
"43,29 : 0.36"
"29,44 : 0.4478"
"44,29 : 0.4478"
"29,45 : 0.5867"
"45,29 : 0.5867"
"29,46 : 0.05"
"46,29 : 0.05"
"29,47 : 0.8336"
"47,29 : 0.8336"
"29,48 : 0.7284"
"48,29 : 0.7284"
"29,49 : 1.0429"
"49,29 : 1.0429"
"30,31 : 0.4588"
"31,30 : 0.4588"
"30,32 : 0.7273"
"32,30 : 0.7273"
"30,33 : 0.4249"
"33,30 : 0.4249"
"30,34 : 0.2907"
"34,30 : 0.2907"
"30,35 : 0.7816"
"35,30 : 0.7816"
"30,36 : 0.9475"
"36,30 : 0.9475"
"30,37 : 0.6673"
"37,30 : 0.6673"
"30,38 : 0.5334"
"38,30 : 0.5334"
"30,39 : 0.4669"
"39,30 : 0.4669"
"30,40 : 0.117"
"40,30 : 0.117"
"30,41 : 1.0167"
"41,30 : 1.0167"
"30,42 : 0.5682"
"42,30 : 0.5682"
"30,43 : 0.7106"
"43,30 : 0.7106"
"30,44 : 0.2062"
"44,30 : 0.2062"
"30,45 : 0.3821"
"45,30 : 0.3821"
"30,46 : 0.5822"
"46,30 : 0.5822"
"30,47 : 0.2766"
"47,30 : 0.2766"
"30,48 : 0.9218"
"48,30 : 0.9218"
"30,49 : 0.7473"
"49,30 : 0.7473"
"31,32 : 0.2693"
"32,31 : 0.2693"
"31,33 : 0.0849"
"33,31 : 0.0849"
"31,34 : 0.487"
"34,31 : 0.487"
"31,35 : 0.3228"
"35,31 : 0.3228"
"31,36 : 0.5869"
"36,31 : 0.5869"
"31,37 : 0.4632"
"37,31 : 0.4632"
"31,38 : 0.114"
"38,31 : 0.114"
"31,39 : 0.2147"
"39,31 : 0.2147"
"31,40 : 0.4005"
"40,31 : 0.4005"
"31,41 : 0.6185"
"41,31 : 0.6185"
"31,42 : 0.1523"
"42,31 : 0.1523"
"31,43 : 0.4201"
"43,31 : 0.4201"
"31,44 : 0.5708"
"44,31 : 0.5708"
"31,45 : 0.1082"
"45,31 : 0.1082"
"31,46 : 0.5955"
"46,31 : 0.5955"
"31,47 : 0.6403"
"47,31 : 0.6403"
"31,48 : 0.4827"
"48,31 : 0.4827"
"31,49 : 0.5012"
"49,31 : 0.5012"
"32,33 : 0.3126"
"33,32 : 0.3126"
"32,34 : 0.7125"
"34,32 : 0.7125"
"32,35 : 0.0608"
"35,32 : 0.0608"
"32,36 : 0.4405"
"36,32 : 0.4405"
"32,37 : 0.5021"
"37,32 : 0.5021"
"32,38 : 0.2335"
"38,32 : 0.2335"
"32,39 : 0.3614"
"39,32 : 0.3614"
"32,40 : 0.661"
"40,32 : 0.661"
"32,41 : 0.422"
"41,32 : 0.422"
"32,42 : 0.1942"
"42,32 : 0.1942"
"32,43 : 0.4"
"43,32 : 0.4"
"32,44 : 0.823"
"44,32 : 0.823"
"32,45 : 0.3636"
"45,32 : 0.3636"
"32,46 : 0.7295"
"46,32 : 0.7295"
"32,47 : 0.9014"
"47,32 : 0.9014"
"32,48 : 0.2419"
"48,32 : 0.2419"
"32,49 : 0.5401"
"49,32 : 0.5401"
"33,34 : 0.4123"
"34,33 : 0.4123"
"33,35 : 0.3712"
"35,33 : 0.3712"
"33,36 : 0.5608"
"36,33 : 0.5608"
"33,37 : 0.3932"
"37,33 : 0.3932"
"33,38 : 0.1985"
"38,33 : 0.1985"
"33,39 : 0.136"
"39,33 : 0.136"
"33,40 : 0.3493"
"40,33 : 0.3493"
"33,41 : 0.6088"
"41,33 : 0.6088"
"33,42 : 0.1442"
"42,33 : 0.1442"
"33,43 : 0.3667"
"43,33 : 0.3667"
"33,44 : 0.5109"
"44,33 : 0.5109"
"33,45 : 0.15"
"45,33 : 0.15"
"33,46 : 0.5109"
"46,33 : 0.5109"
"33,47 : 0.6366"
"47,33 : 0.6366"
"33,48 : 0.4974"
"48,33 : 0.4974"
"33,49 : 0.5831"
"49,33 : 0.5831"
"34,35 : 0.7732"
"35,34 : 0.7732"
"34,36 : 0.7877"
"36,34 : 0.7877"
"34,37 : 0.4545"
"37,34 : 0.4545"
"34,38 : 0.5962"
"38,34 : 0.5962"
"34,39 : 0.3612"
"39,34 : 0.3612"
"34,40 : 0.1897"
"40,34 : 0.1897"
"34,41 : 0.8824"
"41,34 : 0.8824"
"34,42 : 0.5204"
"42,34 : 0.5204"
"34,43 : 0.5371"
"43,34 : 0.5371"
"34,44 : 0.1703"
"44,34 : 0.1703"
"34,45 : 0.4717"
"45,34 : 0.4717"
"34,46 : 0.2983"
"46,34 : 0.2983"
"34,47 : 0.5614"
"47,34 : 0.5614"
"34,48 : 0.8434"
"48,34 : 0.8434"
"34,49 : 0.922"
"49,34 : 0.922"
"35,36 : 0.4571"
"36,35 : 0.4571"
"35,37 : 0.5532"
"37,35 : 0.5532"
"35,38 : 0.272"
"38,35 : 0.272"
"35,39 : 0.422"
"39,35 : 0.422"
"35,40 : 0.7185"
"40,35 : 0.7185"
"35,41 : 0.4219"
"41,35 : 0.4219"
"35,42 : 0.255"
"42,35 : 0.255"
"35,43 : 0.446"
"43,35 : 0.446"
"35,44 : 0.882"
"44,35 : 0.882"
"35,45 : 0.4115"
"45,35 : 0.4115"
"35,46 : 0.7871"
"46,35 : 0.7871"
"35,47 : 0.9467"
"47,35 : 0.9467"
"35,48 : 0.228"
"48,35 : 0.228"
"35,49 : 0.5346"
"49,35 : 0.5346"
"36,37 : 0.3517"
"37,36 : 0.3517"
"36,38 : 0.6259"
"38,36 : 0.6259"
"36,39 : 0.481"
"39,36 : 0.481"
"36,40 : 0.8429"
"40,36 : 0.8429"
"36,41 : 0.1237"
"41,36 : 0.1237"
"36,42 : 0.4346"
"42,36 : 0.4346"
"36,43 : 0.2506"
"43,36 : 0.2506"
"36,44 : 0.9487"
"44,36 : 0.9487"
"36,45 : 0.6935"
"45,36 : 0.6935"
"36,46 : 0.6265"
"46,36 : 0.6265"
"36,47 : 1.1902"
"47,36 : 1.1902"
"36,48 : 0.2693"
"48,36 : 0.2693"
"36,49 : 0.9801"
"49,36 : 0.9801"
"37,38 : 0.5571"
"38,37 : 0.5571"
"37,39 : 0.2602"
"39,37 : 0.2602"
"37,40 : 0.5523"
"40,37 : 0.5523"
"37,41 : 0.4639"
"41,37 : 0.4639"
"37,42 : 0.3536"
"42,37 : 0.3536"
"37,43 : 0.1237"
"43,37 : 0.1237"
"37,44 : 0.6229"
"44,37 : 0.6229"
"37,45 : 0.5423"
"45,37 : 0.5423"
"37,46 : 0.28"
"46,37 : 0.28"
"37,47 : 0.9352"
"47,37 : 0.9352"
"37,48 : 0.5"
"48,37 : 0.5"
"37,49 : 0.9563"
"49,37 : 0.9563"
"38,39 : 0.322"
"39,38 : 0.322"
"38,40 : 0.4925"
"40,38 : 0.4925"
"38,41 : 0.6356"
"41,38 : 0.6356"
"38,42 : 0.2121"
"42,38 : 0.2121"
"38,43 : 0.4965"
"43,38 : 0.4965"
"38,44 : 0.6675"
"44,38 : 0.6675"
"38,45 : 0.1513"
"45,38 : 0.1513"
"38,46 : 0.7077"
"46,38 : 0.7077"
"38,47 : 0.676"
"47,38 : 0.676"
"38,48 : 0.472"
"48,38 : 0.472"
"38,49 : 0.3992"
"49,38 : 0.3992"
"39,40 : 0.3662"
"40,39 : 0.3662"
"39,41 : 0.5522"
"41,39 : 0.5522"
"39,42 : 0.1676"
"42,39 : 0.1676"
"39,43 : 0.255"
"43,39 : 0.255"
"39,44 : 0.4965"
"44,39 : 0.4965"
"39,45 : 0.2828"
"45,39 : 0.2828"
"39,46 : 0.3895"
"46,39 : 0.3895"
"39,47 : 0.7128"
"47,39 : 0.7128"
"39,48 : 0.4851"
"48,39 : 0.4851"
"39,49 : 0.7159"
"49,39 : 0.7159"
"40,41 : 0.9184"
"41,40 : 0.9184"
"40,42 : 0.487"
"42,40 : 0.487"
"40,43 : 0.6014"
"43,40 : 0.6014"
"40,44 : 0.1772"
"44,40 : 0.1772"
"40,45 : 0.3471"
"45,40 : 0.3471"
"40,46 : 0.4701"
"46,40 : 0.4701"
"40,47 : 0.3929"
"47,40 : 0.3929"
"40,48 : 0.8377"
"48,40 : 0.8377"
"40,49 : 0.7655"
"49,40 : 0.7655"
"41,42 : 0.4701"
"42,41 : 0.4701"
"41,43 : 0.3517"
"43,41 : 0.3517"
"41,44 : 1.0377"
"44,41 : 1.0377"
"41,45 : 0.7267"
"45,41 : 0.7267"
"41,46 : 0.7424"
"46,41 : 0.7424"
"41,47 : 1.2452"
"47,41 : 1.2452"
"41,48 : 0.201"
"48,41 : 0.201"
"41,49 : 0.9563"
"49,41 : 0.9563"
"42,43 : 0.2844"
"43,42 : 0.2844"
"42,44 : 0.6395"
"44,42 : 0.6395"
"42,45 : 0.2594"
"45,42 : 0.2594"
"42,46 : 0.5464"
"46,42 : 0.5464"
"42,47 : 0.7779"
"47,42 : 0.7779"
"42,48 : 0.3536"
"48,42 : 0.3536"
"42,49 : 0.6073"
"49,42 : 0.6073"
