x,y
0.75,0.38
0.86,0.39
0.96,0.1
0.74,0.58
0.82,0.19
0.08,0.36
0.67,0.26
0.59,0.71
0.42,0.19
0.34,0.41
0.15,0.45
0.58,0.25
0.78,0.84
0.34,0.27
0.52,0.38
0.72,0.38
0.37,0.97
0.77,0.43
0.41,0.25
0.37,0.62
0.46,0.12
0.08,0.06
0.15,0.42
0.36,0.25
0.75,0.03
0.62,0.9
0.72,0.2
0.39,0.14
0.36,0.92
0.9,0.35
0.23,0.88
0.63,0.07
0.96,0.03
0.62,0.02
0.96,0.68
0.26,0.71
0.86,0.68
0.9,0.54
0.14,0.15
0.77,0.16
0.52,0.69
0.89,0.35
0.11,0.92
0.2,0.07
0.27,0.22
0.62,0.58
0.04,0.15
0.3,0.25
0.83,0.88
0.83,0.68

Distanze
"0,1 : 0.1105"
"1,0 : 0.1105"
"0,2 : 0.35"
"2,0 : 0.35"
"0,3 : 0.2002"
"3,0 : 0.2002"
"0,4 : 0.2025"
"4,0 : 0.2025"
"0,5 : 0.6703"
"5,0 : 0.6703"
"0,6 : 0.1442"
"6,0 : 0.1442"
"0,7 : 0.3667"
"7,0 : 0.3667"
"0,8 : 0.3808"
"8,0 : 0.3808"
"0,9 : 0.4111"
"9,0 : 0.4111"
"0,10 : 0.6041"
"10,0 : 0.6041"
"0,11 : 0.214"
"11,0 : 0.214"
"0,12 : 0.461"
"12,0 : 0.461"
"0,13 : 0.4245"
"13,0 : 0.4245"
"0,14 : 0.23"
"14,0 : 0.23"
"0,15 : 0.03"
"15,0 : 0.03"
"0,16 : 0.7018"
"16,0 : 0.7018"
"0,17 : 0.0539"
"17,0 : 0.0539"
"0,18 : 0.364"
"18,0 : 0.364"
"0,19 : 0.4494"
"19,0 : 0.4494"
"0,20 : 0.3895"
"20,0 : 0.3895"
"0,21 : 0.7425"
"21,0 : 0.7425"
"0,22 : 0.6013"
"22,0 : 0.6013"
"0,23 : 0.4111"
"23,0 : 0.4111"
"0,24 : 0.35"
"24,0 : 0.35"
"0,25 : 0.536"
"25,0 : 0.536"
"0,26 : 0.1825"
"26,0 : 0.1825"
"0,27 : 0.4327"
"27,0 : 0.4327"
"0,28 : 0.6661"
"28,0 : 0.6661"
"0,29 : 0.153"
"29,0 : 0.153"
"0,30 : 0.7214"
"30,0 : 0.7214"
"0,31 : 0.3324"
"31,0 : 0.3324"
"0,32 : 0.4082"
"32,0 : 0.4082"
"0,33 : 0.3828"
"33,0 : 0.3828"
"0,34 : 0.3662"
"34,0 : 0.3662"
"0,35 : 0.5908"
"35,0 : 0.5908"
"0,36 : 0.3195"
"36,0 : 0.3195"
"0,37 : 0.2193"
"37,0 : 0.2193"
"0,38 : 0.6519"
"38,0 : 0.6519"
"0,39 : 0.2209"
"39,0 : 0.2209"
"0,40 : 0.386"
"40,0 : 0.386"
"0,41 : 0.1432"
"41,0 : 0.1432"
"0,42 : 0.8374"
"42,0 : 0.8374"
"0,43 : 0.6313"
"43,0 : 0.6313"
"0,44 : 0.506"
"44,0 : 0.506"
"0,45 : 0.2385"
"45,0 : 0.2385"
"0,46 : 0.7463"
"46,0 : 0.7463"
"0,47 : 0.4684"
"47,0 : 0.4684"
"0,48 : 0.5064"
"48,0 : 0.5064"
"0,49 : 0.3105"
"49,0 : 0.3105"
"1,2 : 0.3068"
"2,1 : 0.3068"
"1,3 : 0.2247"
"3,1 : 0.2247"
"1,4 : 0.204"
"4,1 : 0.204"
"1,5 : 0.7806"
"5,1 : 0.7806"
"1,6 : 0.2302"
"6,1 : 0.2302"
"1,7 : 0.4187"
"7,1 : 0.4187"
"1,8 : 0.4833"
"8,1 : 0.4833"
"1,9 : 0.5204"
"9,1 : 0.5204"
"1,10 : 0.7125"
"10,1 : 0.7125"
"1,11 : 0.313"
"11,1 : 0.313"
"1,12 : 0.4571"
"12,1 : 0.4571"
"1,13 : 0.5337"
"13,1 : 0.5337"
"1,14 : 0.3401"
"14,1 : 0.3401"
"1,15 : 0.1404"
"15,1 : 0.1404"
"1,16 : 0.7593"
"16,1 : 0.7593"
"1,17 : 0.0985"
"17,1 : 0.0985"
"1,18 : 0.4713"
"18,1 : 0.4713"
"1,19 : 0.5413"
"19,1 : 0.5413"
"1,20 : 0.4826"
"20,1 : 0.4826"
"1,21 : 0.8469"
"21,1 : 0.8469"
"1,22 : 0.7106"
"22,1 : 0.7106"
"1,23 : 0.5192"
"23,1 : 0.5192"
"1,24 : 0.3764"
"24,1 : 0.3764"
"1,25 : 0.5636"
"25,1 : 0.5636"
"1,26 : 0.236"
"26,1 : 0.236"
"1,27 : 0.5324"
"27,1 : 0.5324"
"1,28 : 0.7286"
"28,1 : 0.7286"
"1,29 : 0.0566"
"29,1 : 0.0566"
"1,30 : 0.7981"
"30,1 : 0.7981"
"1,31 : 0.3941"
"31,1 : 0.3941"
"1,32 : 0.3736"
"32,1 : 0.3736"
"1,33 : 0.441"
"33,1 : 0.441"
"1,34 : 0.3068"
"34,1 : 0.3068"
"1,35 : 0.68"
"35,1 : 0.68"
"1,36 : 0.29"
"36,1 : 0.29"
"1,37 : 0.1552"
"37,1 : 0.1552"
"1,38 : 0.7589"
"38,1 : 0.7589"
"1,39 : 0.247"
"39,1 : 0.247"
"1,40 : 0.4534"
"40,1 : 0.4534"
"1,41 : 0.05"
"41,1 : 0.05"
"1,42 : 0.9184"
"42,1 : 0.9184"
"1,43 : 0.7335"
"43,1 : 0.7335"
"1,44 : 0.614"
"44,1 : 0.614"
"1,45 : 0.3061"
"45,1 : 0.3061"
"1,46 : 0.8544"
"46,1 : 0.8544"
"1,47 : 0.5772"
"47,1 : 0.5772"
"1,48 : 0.4909"
"48,1 : 0.4909"
"1,49 : 0.2915"
"49,1 : 0.2915"
"2,3 : 0.528"
"3,2 : 0.528"
"2,4 : 0.1664"
"4,2 : 0.1664"
"2,5 : 0.9176"
"5,2 : 0.9176"
"2,6 : 0.3312"
"6,2 : 0.3312"
"2,7 : 0.7134"
"7,2 : 0.7134"
"2,8 : 0.5474"
"8,2 : 0.5474"
"2,9 : 0.6932"
"9,2 : 0.6932"
"2,10 : 0.8824"
"10,2 : 0.8824"
"2,11 : 0.4085"
"11,2 : 0.4085"
"2,12 : 0.7616"
"12,2 : 0.7616"
"2,13 : 0.6429"
"13,2 : 0.6429"
"2,14 : 0.5215"
"14,2 : 0.5215"
"2,15 : 0.3688"
"15,2 : 0.3688"
"2,16 : 1.0512"
"16,2 : 1.0512"
"2,17 : 0.3808"
"17,2 : 0.3808"
"2,18 : 0.5701"
"18,2 : 0.5701"
"2,19 : 0.7864"
"19,2 : 0.7864"
"2,20 : 0.5004"
"20,2 : 0.5004"
"2,21 : 0.8809"
"21,2 : 0.8809"
"2,22 : 0.8709"
"22,2 : 0.8709"
"2,23 : 0.6185"
"23,2 : 0.6185"
"2,24 : 0.2214"
"24,2 : 0.2214"
"2,25 : 0.8693"
"25,2 : 0.8693"
"2,26 : 0.26"
"26,2 : 0.26"
"2,27 : 0.5714"
"27,2 : 0.5714"
"2,28 : 1.0161"
"28,2 : 1.0161"
"2,29 : 0.2571"
"29,2 : 0.2571"
"2,30 : 1.0683"
"30,2 : 1.0683"
"2,31 : 0.3314"
"31,2 : 0.3314"
"2,32 : 0.07"
"32,2 : 0.07"
"2,33 : 0.3493"
"33,2 : 0.3493"
"2,34 : 0.58"
"34,2 : 0.58"
"2,35 : 0.9285"
"35,2 : 0.9285"
"2,36 : 0.5886"
"36,2 : 0.5886"
"2,37 : 0.4441"
"37,2 : 0.4441"
"2,38 : 0.8215"
"38,2 : 0.8215"
"2,39 : 0.1992"
"39,2 : 0.1992"
"2,40 : 0.736"
"40,2 : 0.736"
"2,41 : 0.2596"
"41,2 : 0.2596"
"2,42 : 1.1811"
"42,2 : 1.1811"
"2,43 : 0.7606"
"43,2 : 0.7606"
"2,44 : 0.7004"
"44,2 : 0.7004"
"2,45 : 0.5882"
"45,2 : 0.5882"
"2,46 : 0.9214"
"46,2 : 0.9214"
"2,47 : 0.6768"
"47,2 : 0.6768"
"2,48 : 0.7908"
"48,2 : 0.7908"
"2,49 : 0.5944"
"49,2 : 0.5944"
"3,4 : 0.3981"
"4,3 : 0.3981"
"3,5 : 0.6957"
"5,3 : 0.6957"
"3,6 : 0.3276"
"6,3 : 0.3276"
"3,7 : 0.1985"
"7,3 : 0.1985"
"3,8 : 0.5045"
"8,3 : 0.5045"
"3,9 : 0.4346"
"9,3 : 0.4346"
"3,10 : 0.6042"
"10,3 : 0.6042"
"3,11 : 0.3667"
"11,3 : 0.3667"
"3,12 : 0.2631"
"12,3 : 0.2631"
"3,13 : 0.5061"
"13,3 : 0.5061"
"3,14 : 0.2973"
"14,3 : 0.2973"
"3,15 : 0.201"
"15,3 : 0.201"
"3,16 : 0.5376"
"16,3 : 0.5376"
"3,17 : 0.153"
"17,3 : 0.153"
"3,18 : 0.4667"
"18,3 : 0.4667"
"3,19 : 0.3722"
"19,3 : 0.3722"
"3,20 : 0.5385"
"20,3 : 0.5385"
"3,21 : 0.8402"
"21,3 : 0.8402"
"3,22 : 0.6113"
"22,3 : 0.6113"
"3,23 : 0.5033"
"23,3 : 0.5033"
"3,24 : 0.5501"
"24,3 : 0.5501"
"3,25 : 0.3418"
"25,3 : 0.3418"
"3,26 : 0.3805"
"26,3 : 0.3805"
"3,27 : 0.5622"
"27,3 : 0.5622"
"3,28 : 0.5099"
"28,3 : 0.5099"
"3,29 : 0.2802"
"29,3 : 0.2802"
"3,30 : 0.5917"
"30,3 : 0.5917"
"3,31 : 0.5217"
"31,3 : 0.5217"
"3,32 : 0.5924"
"32,3 : 0.5924"
"3,33 : 0.5727"
"33,3 : 0.5727"
"3,34 : 0.2417"
"34,3 : 0.2417"
"3,35 : 0.4973"
"35,3 : 0.4973"
"3,36 : 0.1562"
"36,3 : 0.1562"
"3,37 : 0.1649"
"37,3 : 0.1649"
"3,38 : 0.7382"
"38,3 : 0.7382"
"3,39 : 0.4211"
"39,3 : 0.4211"
"3,40 : 0.246"
"40,3 : 0.246"
"3,41 : 0.2746"
"41,3 : 0.2746"
"3,42 : 0.7159"
"42,3 : 0.7159"
"3,43 : 0.7428"
"43,3 : 0.7428"
"3,44 : 0.592"
"44,3 : 0.592"
"3,45 : 0.12"
"45,3 : 0.12"
"3,46 : 0.8215"
"46,3 : 0.8215"
"3,47 : 0.55"
"47,3 : 0.55"
"3,48 : 0.3132"
"48,3 : 0.3132"
"3,49 : 0.1345"
"49,3 : 0.1345"
"4,5 : 0.7593"
"5,4 : 0.7593"
"4,6 : 0.1655"
"6,4 : 0.1655"
"4,7 : 0.5686"
"7,4 : 0.5686"
"4,8 : 0.4"
"8,4 : 0.4"
"4,9 : 0.528"
"9,4 : 0.528"
"4,10 : 0.7187"
"10,4 : 0.7187"
"4,11 : 0.2474"
"11,4 : 0.2474"
"4,12 : 0.6512"
"12,4 : 0.6512"
"4,13 : 0.4866"
"13,4 : 0.4866"
"4,14 : 0.3551"
"14,4 : 0.3551"
"4,15 : 0.2147"
"15,4 : 0.2147"
"4,16 : 0.9005"
"16,4 : 0.9005"
"4,17 : 0.2452"
"17,4 : 0.2452"
"4,18 : 0.4144"
"18,4 : 0.4144"
"4,19 : 0.6224"
"19,4 : 0.6224"
"4,20 : 0.3667"
"20,4 : 0.3667"
"4,21 : 0.7513"
"21,4 : 0.7513"
"4,22 : 0.7084"
"22,4 : 0.7084"
"4,23 : 0.4639"
"23,4 : 0.4639"
"4,24 : 0.1746"
"24,4 : 0.1746"
"4,25 : 0.7376"
"25,4 : 0.7376"
"4,26 : 0.1005"
"26,4 : 0.1005"
"4,27 : 0.4329"
"27,4 : 0.4329"
"4,28 : 0.8628"
"28,4 : 0.8628"
"4,29 : 0.1789"
"29,4 : 0.1789"
"4,30 : 0.9079"
"30,4 : 0.9079"
"4,31 : 0.2247"
"31,4 : 0.2247"
"4,32 : 0.2126"
"32,4 : 0.2126"
"4,33 : 0.2625"
"33,4 : 0.2625"
"4,34 : 0.5096"
"34,4 : 0.5096"
"4,35 : 0.7642"
"35,4 : 0.7642"
"4,36 : 0.4916"
"36,4 : 0.4916"
"4,37 : 0.359"
"37,4 : 0.359"
"4,38 : 0.6812"
"38,4 : 0.6812"
"4,39 : 0.0583"
"39,4 : 0.0583"
"4,40 : 0.5831"
"40,4 : 0.5831"
"4,41 : 0.1746"
"41,4 : 0.1746"
"4,42 : 1.0183"
"42,4 : 1.0183"
"4,43 : 0.6315"
"43,4 : 0.6315"
"4,44 : 0.5508"
"44,4 : 0.5508"
"4,45 : 0.4383"
"45,4 : 0.4383"
"4,46 : 0.781"
"46,4 : 0.781"
"4,47 : 0.5235"
"47,4 : 0.5235"
"4,48 : 0.6901"
"48,4 : 0.6901"
"4,49 : 0.4901"
"49,4 : 0.4901"
"5,6 : 0.5984"
"6,5 : 0.5984"
"5,7 : 0.6185"
"7,5 : 0.6185"
"5,8 : 0.3801"
"8,5 : 0.3801"
"5,9 : 0.2648"
"9,5 : 0.2648"
"5,10 : 0.114"
"10,5 : 0.114"
"5,11 : 0.512"
"11,5 : 0.512"
"5,12 : 0.8488"
"12,5 : 0.8488"
"5,13 : 0.2751"
"13,5 : 0.2751"
"5,14 : 0.4405"
"14,5 : 0.4405"
"5,15 : 0.6403"
"15,5 : 0.6403"
"5,16 : 0.6754"
"16,5 : 0.6754"
"5,17 : 0.6935"
"17,5 : 0.6935"
"5,18 : 0.3479"
"18,5 : 0.3479"
"5,19 : 0.3895"
"19,5 : 0.3895"
"5,20 : 0.4494"
"20,5 : 0.4494"
"5,21 : 0.3"
"21,5 : 0.3"
"5,22 : 0.0922"
"22,5 : 0.0922"
"5,23 : 0.3008"
"23,5 : 0.3008"
"5,24 : 0.7469"
"24,5 : 0.7469"
"5,25 : 0.7637"
"25,5 : 0.7637"
"5,26 : 0.6597"
"26,5 : 0.6597"
"5,27 : 0.3801"
"27,5 : 0.3801"
"5,28 : 0.6261"
"28,5 : 0.6261"
"5,29 : 0.8201"
"29,5 : 0.8201"
"5,30 : 0.5412"
"30,5 : 0.5412"
"5,31 : 0.6218"
"31,5 : 0.6218"
"5,32 : 0.9398"
"32,5 : 0.9398"
"5,33 : 0.6381"
"33,5 : 0.6381"
"5,34 : 0.9364"
"34,5 : 0.9364"
"5,35 : 0.3936"
"35,5 : 0.3936"
"5,36 : 0.8431"
"36,5 : 0.8431"
"5,37 : 0.8395"
"37,5 : 0.8395"
"5,38 : 0.2184"
"38,5 : 0.2184"
"5,39 : 0.7184"
"39,5 : 0.7184"
"5,40 : 0.55"
"40,5 : 0.55"
"5,41 : 0.8101"
"41,5 : 0.8101"
"5,42 : 0.5608"
"42,5 : 0.5608"
"5,43 : 0.3138"
"43,5 : 0.3138"
"5,44 : 0.236"
"44,5 : 0.236"
"5,45 : 0.5831"
"45,5 : 0.5831"
"5,46 : 0.2138"
"46,5 : 0.2138"
"5,47 : 0.246"
"47,5 : 0.246"
"5,48 : 0.9126"
"48,5 : 0.9126"
"5,49 : 0.8154"
"49,5 : 0.8154"
"6,7 : 0.4571"
"7,6 : 0.4571"
"6,8 : 0.2596"
"8,6 : 0.2596"
"6,9 : 0.3625"
"9,6 : 0.3625"
"6,10 : 0.5536"
"10,6 : 0.5536"
"6,11 : 0.0906"
"11,6 : 0.0906"
"6,12 : 0.5903"
"12,6 : 0.5903"
"6,13 : 0.3302"
"13,6 : 0.3302"
"6,14 : 0.1921"
"14,6 : 0.1921"
"6,15 : 0.13"
"15,6 : 0.13"
"6,16 : 0.7708"
"16,6 : 0.7708"
"6,17 : 0.1972"
"17,6 : 0.1972"
"6,18 : 0.2602"
"18,6 : 0.2602"
"6,19 : 0.4686"
"19,6 : 0.4686"
"6,20 : 0.2524"
"20,6 : 0.2524"
"6,21 : 0.623"
"21,6 : 0.623"
"6,22 : 0.5441"
"22,6 : 0.5441"
"6,23 : 0.3102"
"23,6 : 0.3102"
"6,24 : 0.2435"
"24,6 : 0.2435"
"6,25 : 0.642"
"25,6 : 0.642"
"6,26 : 0.0781"
"26,6 : 0.0781"
"6,27 : 0.3046"
"27,6 : 0.3046"
"6,28 : 0.7292"
"28,6 : 0.7292"
"6,29 : 0.247"
"29,6 : 0.247"
"6,30 : 0.7603"
"30,6 : 0.7603"
"6,31 : 0.1942"
"31,6 : 0.1942"
"6,32 : 0.3701"
"32,6 : 0.3701"
"6,33 : 0.2452"
"33,6 : 0.2452"
"6,34 : 0.5104"
"34,6 : 0.5104"
"6,35 : 0.6088"
"35,6 : 0.6088"
"6,36 : 0.461"
"36,6 : 0.461"
"6,37 : 0.3624"
"37,6 : 0.3624"
"6,38 : 0.5413"
"38,6 : 0.5413"
"6,39 : 0.1414"
"39,6 : 0.1414"
"6,40 : 0.4554"
"40,6 : 0.4554"
"6,41 : 0.2377"
"41,6 : 0.2377"
"6,42 : 0.8656"
"42,6 : 0.8656"
"6,43 : 0.507"
"43,6 : 0.507"
"6,44 : 0.402"
"44,6 : 0.402"
"6,45 : 0.3239"
"45,6 : 0.3239"
"6,46 : 0.6395"
"46,6 : 0.6395"
"6,47 : 0.3701"
"47,6 : 0.3701"
"6,48 : 0.6403"
"48,6 : 0.6403"
"6,49 : 0.4494"
"49,6 : 0.4494"
"7,8 : 0.5471"
"8,7 : 0.5471"
"7,9 : 0.3905"
"9,7 : 0.3905"
"7,10 : 0.5111"
"10,7 : 0.5111"
"7,11 : 0.4601"
"11,7 : 0.4601"
"7,12 : 0.2302"
"12,7 : 0.2302"
"7,13 : 0.5061"
"13,7 : 0.5061"
"7,14 : 0.3373"
"14,7 : 0.3373"
"7,15 : 0.3547"
"15,7 : 0.3547"
"7,16 : 0.3406"
"16,7 : 0.3406"
"7,17 : 0.3329"
"17,7 : 0.3329"
"7,18 : 0.494"
"18,7 : 0.494"
"7,19 : 0.2377"
"19,7 : 0.2377"
"7,20 : 0.6042"
"20,7 : 0.6042"
"7,21 : 0.8262"
"21,7 : 0.8262"
"7,22 : 0.527"
"22,7 : 0.527"
"7,23 : 0.5143"
"23,7 : 0.5143"
"7,24 : 0.6986"
"24,7 : 0.6986"
"7,25 : 0.1924"
"25,7 : 0.1924"
"7,26 : 0.5263"
"26,7 : 0.5263"
"7,27 : 0.6041"
"27,7 : 0.6041"
"7,28 : 0.3114"
"28,7 : 0.3114"
"7,29 : 0.4751"
"29,7 : 0.4751"
"7,30 : 0.3981"
"30,7 : 0.3981"
"7,31 : 0.6412"
"31,7 : 0.6412"
"7,32 : 0.7741"
"32,7 : 0.7741"
"7,33 : 0.6907"
"33,7 : 0.6907"
"7,34 : 0.3712"
"34,7 : 0.3712"
"7,35 : 0.33"
"35,7 : 0.33"
"7,36 : 0.2717"
"36,7 : 0.2717"
"7,37 : 0.3536"
"37,7 : 0.3536"
"7,38 : 0.7184"
"38,7 : 0.7184"
"7,39 : 0.5787"
"39,7 : 0.5787"
"7,40 : 0.0728"
"40,7 : 0.0728"
"7,41 : 0.4686"
"41,7 : 0.4686"
"7,42 : 0.5239"
"42,7 : 0.5239"
"7,43 : 0.7495"
"43,7 : 0.7495"
"7,44 : 0.5852"
"44,7 : 0.5852"
"7,45 : 0.1334"
"45,7 : 0.1334"
"7,46 : 0.7849"
"46,7 : 0.7849"
"7,47 : 0.5438"
"47,7 : 0.5438"
"7,48 : 0.2941"
"48,7 : 0.2941"
"7,49 : 0.2419"
"49,7 : 0.2419"
"8,9 : 0.2341"
"9,8 : 0.2341"
"8,10 : 0.3748"
"10,8 : 0.3748"
"8,11 : 0.1709"
"11,8 : 0.1709"
"8,12 : 0.743"
"12,8 : 0.743"
"8,13 : 0.1131"
"13,8 : 0.1131"
"8,14 : 0.2147"
"14,8 : 0.2147"
"8,15 : 0.3551"
"15,8 : 0.3551"
"8,16 : 0.7816"
"16,8 : 0.7816"
"8,17 : 0.4244"
"17,8 : 0.4244"
"8,18 : 0.0608"
"18,8 : 0.0608"
"8,19 : 0.4329"
"19,8 : 0.4329"
"8,20 : 0.0806"
"20,8 : 0.0806"
"8,21 : 0.364"
"21,8 : 0.364"
"8,22 : 0.3547"
"22,8 : 0.3547"
"8,23 : 0.0849"
"23,8 : 0.0849"
"8,24 : 0.3667"
"24,8 : 0.3667"
"8,25 : 0.7376"
"25,8 : 0.7376"
"8,26 : 0.3002"
"26,8 : 0.3002"
"8,27 : 0.0583"
"27,8 : 0.0583"
"8,28 : 0.7325"
"28,8 : 0.7325"
"8,29 : 0.506"
"29,8 : 0.506"
"8,30 : 0.7157"
"30,8 : 0.7157"
"8,31 : 0.2419"
"31,8 : 0.2419"
"8,32 : 0.5632"
"32,8 : 0.5632"
"8,33 : 0.2625"
"33,8 : 0.2625"
"8,34 : 0.7292"
"34,8 : 0.7292"
"8,35 : 0.5441"
"35,8 : 0.5441"
"8,36 : 0.6586"
"36,8 : 0.6586"
"8,37 : 0.5941"
"37,8 : 0.5941"
"8,38 : 0.2828"
"38,8 : 0.2828"
"8,39 : 0.3513"
"39,8 : 0.3513"
"8,40 : 0.5099"
"40,8 : 0.5099"
"8,41 : 0.4965"
"41,8 : 0.4965"
"8,42 : 0.7931"
"42,8 : 0.7931"
"8,43 : 0.2506"
"43,8 : 0.2506"
"8,44 : 0.153"
"44,8 : 0.153"
"8,45 : 0.4383"
"45,8 : 0.4383"
"8,46 : 0.3821"
"46,8 : 0.3821"
"8,47 : 0.1342"
"47,8 : 0.1342"
"8,48 : 0.8026"
"48,8 : 0.8026"
"8,49 : 0.6389"
"49,8 : 0.6389"
"9,10 : 0.1942"
"10,9 : 0.1942"
"9,11 : 0.2884"
"11,9 : 0.2884"
"9,12 : 0.6152"
"12,9 : 0.6152"
"9,13 : 0.14"
"13,9 : 0.14"
"9,14 : 0.1825"
"14,9 : 0.1825"
"9,15 : 0.3812"
"15,9 : 0.3812"
"9,16 : 0.5608"
"16,9 : 0.5608"
"9,17 : 0.4305"
"17,9 : 0.4305"
"9,18 : 0.1746"
"18,9 : 0.1746"
"9,19 : 0.2121"
"19,9 : 0.2121"
"9,20 : 0.3138"
"20,9 : 0.3138"
"9,21 : 0.436"
"21,9 : 0.436"
"9,22 : 0.1903"
"22,9 : 0.1903"
"9,23 : 0.1612"
"23,9 : 0.1612"
"9,24 : 0.559"
"24,9 : 0.559"
"9,25 : 0.5644"
"25,9 : 0.5644"
"9,26 : 0.4342"
"26,9 : 0.4342"
"9,27 : 0.2746"
"27,9 : 0.2746"
"9,28 : 0.5104"
"28,9 : 0.5104"
"9,29 : 0.5632"
"29,9 : 0.5632"
"9,30 : 0.4827"
"30,9 : 0.4827"
"9,31 : 0.4469"
"31,9 : 0.4469"
"9,32 : 0.7272"
"32,9 : 0.7272"
"9,33 : 0.4801"
"33,9 : 0.4801"
"9,34 : 0.6762"
"34,9 : 0.6762"
"9,35 : 0.3105"
"35,9 : 0.3105"
"9,36 : 0.5859"
"36,9 : 0.5859"
"9,37 : 0.5749"
"37,9 : 0.5749"
"9,38 : 0.328"
"38,9 : 0.328"
"9,39 : 0.4974"
"39,9 : 0.4974"
"9,40 : 0.3329"
"40,9 : 0.3329"
"9,41 : 0.5533"
"41,9 : 0.5533"
"9,42 : 0.5595"
"42,9 : 0.5595"
"9,43 : 0.3677"
"43,9 : 0.3677"
"9,44 : 0.2025"
"44,9 : 0.2025"
"9,45 : 0.3276"
"45,9 : 0.3276"
"9,46 : 0.397"
"46,9 : 0.397"
"9,47 : 0.1649"
"47,9 : 0.1649"
"9,48 : 0.679"
"48,9 : 0.679"
"9,49 : 0.5595"
"49,9 : 0.5595"
"10,11 : 0.4742"
"11,10 : 0.4742"
"10,12 : 0.7409"
"12,10 : 0.7409"
"10,13 : 0.2617"
"13,10 : 0.2617"
"10,14 : 0.3766"
"14,10 : 0.3766"
"10,15 : 0.5743"
"15,10 : 0.5743"
"10,16 : 0.5646"
"16,10 : 0.5646"
"10,17 : 0.6203"
"17,10 : 0.6203"
"10,18 : 0.328"
"18,10 : 0.328"
"10,19 : 0.278"
"19,10 : 0.278"
"10,20 : 0.4528"
"20,10 : 0.4528"
"10,21 : 0.3962"
"21,10 : 0.3962"
"10,22 : 0.03"
"22,10 : 0.03"
"10,23 : 0.29"
"23,10 : 0.29"
"10,24 : 0.7324"
"24,10 : 0.7324"
"10,25 : 0.6507"
"25,10 : 0.6507"
"10,26 : 0.6224"
"26,10 : 0.6224"
"10,27 : 0.392"
"27,10 : 0.392"
"10,28 : 0.5148"
"28,10 : 0.5148"
"10,29 : 0.7566"
"29,10 : 0.7566"
"10,30 : 0.4374"
"30,10 : 0.4374"
"10,31 : 0.6122"
"31,10 : 0.6122"
"10,32 : 0.9124"
"32,10 : 0.9124"
"10,33 : 0.637"
"33,10 : 0.637"
"10,34 : 0.842"
"34,10 : 0.842"
"10,35 : 0.2823"
"35,10 : 0.2823"
"10,36 : 0.7463"
"36,10 : 0.7463"
"10,37 : 0.7554"
"37,10 : 0.7554"
"10,38 : 0.3002"
"38,10 : 0.3002"
"10,39 : 0.6845"
"39,10 : 0.6845"
"10,40 : 0.441"
"40,10 : 0.441"
"10,41 : 0.7467"
"41,10 : 0.7467"
"10,42 : 0.4717"
"42,10 : 0.4717"
"10,43 : 0.3833"
"43,10 : 0.3833"
"10,44 : 0.2594"
"44,10 : 0.2594"
"10,45 : 0.4876"
"45,10 : 0.4876"
"10,46 : 0.3195"
"46,10 : 0.3195"
"10,47 : 0.25"
"47,10 : 0.25"
"10,48 : 0.8045"
"48,10 : 0.8045"
"10,49 : 0.7178"
"49,10 : 0.7178"
"11,12 : 0.623"
"12,11 : 0.623"
"11,13 : 0.2408"
"13,11 : 0.2408"
"11,14 : 0.1432"
"14,11 : 0.1432"
"11,15 : 0.191"
"15,11 : 0.191"
"11,16 : 0.75"
"16,11 : 0.75"
"11,17 : 0.2617"
"17,11 : 0.2617"
"11,18 : 0.17"
"18,11 : 0.17"
"11,19 : 0.4254"
"19,11 : 0.4254"
"11,20 : 0.1769"
"20,11 : 0.1769"
"11,21 : 0.5349"
"21,11 : 0.5349"
"11,22 : 0.4624"
"22,11 : 0.4624"
"11,23 : 0.22"
"23,11 : 0.22"
"11,24 : 0.278"
"24,11 : 0.278"
"11,25 : 0.6512"
"25,11 : 0.6512"
"11,26 : 0.1487"
"26,11 : 0.1487"
"11,27 : 0.2195"
"27,11 : 0.2195"
"11,28 : 0.7052"
"28,11 : 0.7052"
"11,29 : 0.3353"
"29,11 : 0.3353"
"11,30 : 0.7207"
"30,11 : 0.7207"
"11,31 : 0.1868"
"31,11 : 0.1868"
"11,32 : 0.4391"
"32,11 : 0.4391"
"11,33 : 0.2335"
"33,11 : 0.2335"
"11,34 : 0.5738"
"34,11 : 0.5738"
"11,35 : 0.5604"
"35,11 : 0.5604"
"11,36 : 0.5131"
"36,11 : 0.5131"
"11,37 : 0.4319"
"37,11 : 0.4319"
"11,38 : 0.4512"
"38,11 : 0.4512"
"11,39 : 0.2102"
"39,11 : 0.2102"
"11,40 : 0.4441"
"40,11 : 0.4441"
"11,41 : 0.3257"
"41,11 : 0.3257"
"11,42 : 0.8184"
"42,11 : 0.8184"
"11,43 : 0.4205"
"43,11 : 0.4205"
"11,44 : 0.3114"
"44,11 : 0.3114"
"11,45 : 0.3324"
"45,11 : 0.3324"
"11,46 : 0.5492"
"46,11 : 0.5492"
"11,47 : 0.28"
"47,11 : 0.28"
"11,48 : 0.6778"
"48,11 : 0.6778"
"11,49 : 0.4974"
"49,11 : 0.4974"
"12,13 : 0.7201"
"13,12 : 0.7201"
"12,14 : 0.5284"
"14,12 : 0.5284"
"12,15 : 0.4639"
"15,12 : 0.4639"
"12,16 : 0.4301"
"16,12 : 0.4301"
"12,17 : 0.4101"
"17,12 : 0.4101"
"12,18 : 0.6964"
"18,12 : 0.6964"
"12,19 : 0.4653"
"19,12 : 0.4653"
"12,20 : 0.7879"
"20,12 : 0.7879"
"12,21 : 1.048"
"21,12 : 1.048"
"12,22 : 0.7572"
"22,12 : 0.7572"
"12,23 : 0.7242"
"23,12 : 0.7242"
"12,24 : 0.8106"
"24,12 : 0.8106"
"12,25 : 0.1709"
"25,12 : 0.1709"
"12,26 : 0.6428"
"26,12 : 0.6428"
"12,27 : 0.8013"
"27,12 : 0.8013"
"12,28 : 0.4276"
"28,12 : 0.4276"
"12,29 : 0.5045"
"29,12 : 0.5045"
"12,30 : 0.5515"
"30,12 : 0.5515"
"12,31 : 0.7845"
"31,12 : 0.7845"
"12,32 : 0.8298"
"32,12 : 0.8298"
"12,33 : 0.8355"
"33,12 : 0.8355"
"12,34 : 0.2408"
"34,12 : 0.2408"
"12,35 : 0.536"
"35,12 : 0.536"
"12,36 : 0.1789"
"36,12 : 0.1789"
"12,37 : 0.3231"
"37,12 : 0.3231"
"12,38 : 0.9411"
"38,12 : 0.9411"
"12,39 : 0.6801"
"39,12 : 0.6801"
"12,40 : 0.3002"
"40,12 : 0.3002"
"12,41 : 0.5022"
"41,12 : 0.5022"
"12,42 : 0.6748"
"42,12 : 0.6748"
"12,43 : 0.964"
"43,12 : 0.964"
"12,44 : 0.8028"
"44,12 : 0.8028"
"12,45 : 0.3053"
"45,12 : 0.3053"
"12,46 : 1.0118"
"46,12 : 1.0118"
"12,47 : 0.7606"
"47,12 : 0.7606"
"12,48 : 0.064"
"48,12 : 0.064"
"12,49 : 0.1676"
"49,12 : 0.1676"
"13,14 : 0.211"
"14,13 : 0.211"
"13,15 : 0.3956"
"15,13 : 0.3956"
"13,16 : 0.7006"
"16,13 : 0.7006"
"13,17 : 0.4588"
"17,13 : 0.4588"
"13,18 : 0.0728"
"18,13 : 0.0728"
"13,19 : 0.3513"
"19,13 : 0.3513"
"13,20 : 0.1921"
"20,13 : 0.1921"
"13,21 : 0.3342"
"21,13 : 0.3342"
"13,22 : 0.2421"
"22,13 : 0.2421"
"13,23 : 0.0283"
"23,13 : 0.0283"
"13,24 : 0.4751"
"24,13 : 0.4751"
"13,25 : 0.6894"
"25,13 : 0.6894"
"13,26 : 0.3864"
"26,13 : 0.3864"
"13,27 : 0.1393"
"27,13 : 0.1393"
"13,28 : 0.6503"
"28,13 : 0.6503"
"13,29 : 0.5657"
"29,13 : 0.5657"
"13,30 : 0.6198"
"30,13 : 0.6198"
"13,31 : 0.3523"
"31,13 : 0.3523"
"13,32 : 0.6648"
"32,13 : 0.6648"
"13,33 : 0.3754"
"33,13 : 0.3754"
"13,34 : 0.7433"
"34,13 : 0.7433"
"13,35 : 0.4472"
"35,13 : 0.4472"
"13,36 : 0.6622"
"36,13 : 0.6622"
"13,37 : 0.6217"
"37,13 : 0.6217"
"13,38 : 0.2332"
"38,13 : 0.2332"
"13,39 : 0.4438"
"39,13 : 0.4438"
"13,40 : 0.4569"
"40,13 : 0.4569"
"13,41 : 0.5558"
"41,13 : 0.5558"
"13,42 : 0.6895"
"42,13 : 0.6895"
"13,43 : 0.2441"
"43,13 : 0.2441"
"13,44 : 0.086"
"44,13 : 0.086"
"13,45 : 0.4177"
"45,13 : 0.4177"
"13,46 : 0.3231"
"46,13 : 0.3231"
"13,47 : 0.0447"
"47,13 : 0.0447"
"13,48 : 0.7824"
"48,13 : 0.7824"
"13,49 : 0.6389"
"49,13 : 0.6389"
"14,15 : 0.2"
"15,14 : 0.2"
"14,16 : 0.6088"
"16,14 : 0.6088"
"14,17 : 0.255"
"17,14 : 0.255"
"14,18 : 0.1703"
"18,14 : 0.1703"
"14,19 : 0.283"
"19,14 : 0.283"
"14,20 : 0.2668"
"20,14 : 0.2668"
"14,21 : 0.5441"
"21,14 : 0.5441"
"14,22 : 0.3722"
"22,14 : 0.3722"
"14,23 : 0.2062"
"23,14 : 0.2062"
"14,24 : 0.4188"
"24,14 : 0.4188"
"14,25 : 0.5295"
"25,14 : 0.5295"
"14,26 : 0.2691"
"26,14 : 0.2691"
"14,27 : 0.2729"
"27,14 : 0.2729"
"14,28 : 0.5632"
"28,14 : 0.5632"
"14,29 : 0.3812"
"29,14 : 0.3812"
"14,30 : 0.578"
"30,14 : 0.578"
"14,31 : 0.3289"
"31,14 : 0.3289"
"14,32 : 0.5622"
"32,14 : 0.5622"
"14,33 : 0.3736"
"33,14 : 0.3736"
"14,34 : 0.5325"
"34,14 : 0.5325"
"14,35 : 0.4201"
"35,14 : 0.4201"
"14,36 : 0.4534"
"36,14 : 0.4534"
"14,37 : 0.4123"
"37,14 : 0.4123"
"14,38 : 0.4442"
"38,14 : 0.4442"
"14,39 : 0.333"
"39,14 : 0.333"
"14,40 : 0.31"
"40,14 : 0.31"
"14,41 : 0.3712"
"41,14 : 0.3712"
"14,42 : 0.678"
"42,14 : 0.678"
"14,43 : 0.4455"
"43,14 : 0.4455"
"14,44 : 0.2968"
"44,14 : 0.2968"
"14,45 : 0.2236"
"45,14 : 0.2236"
"14,46 : 0.5323"
"46,14 : 0.5323"
"14,47 : 0.2555"
"47,14 : 0.2555"
"14,48 : 0.5883"
"48,14 : 0.5883"
"14,49 : 0.4314"
"49,14 : 0.4314"
"15,16 : 0.686"
"16,15 : 0.686"
"15,17 : 0.0707"
"17,15 : 0.0707"
"15,18 : 0.3362"
"18,15 : 0.3362"
"15,19 : 0.4244"
"19,15 : 0.4244"
"15,20 : 0.3677"
"20,15 : 0.3677"
"15,21 : 0.7155"
"21,15 : 0.7155"
"15,22 : 0.5714"
"22,15 : 0.5714"
"15,23 : 0.3828"
"23,15 : 0.3828"
"15,24 : 0.3513"
"24,15 : 0.3513"
"15,25 : 0.5295"
"25,15 : 0.5295"
"15,26 : 0.18"
"26,15 : 0.18"
"15,27 : 0.408"
"27,15 : 0.408"
"15,28 : 0.649"
"28,15 : 0.649"
"15,29 : 0.1825"
"29,15 : 0.1825"
"15,30 : 0.7001"
"30,15 : 0.7001"
"15,31 : 0.3228"
"31,15 : 0.3228"
"15,32 : 0.4244"
"32,15 : 0.4244"
"15,33 : 0.3736"
"33,15 : 0.3736"
"15,34 : 0.3842"
"34,15 : 0.3842"
"15,35 : 0.5661"
"35,15 : 0.5661"
"15,36 : 0.3311"
"36,15 : 0.3311"
"15,37 : 0.2408"
"37,15 : 0.2408"
"15,38 : 0.6239"
"38,15 : 0.6239"
"15,39 : 0.2256"
"39,15 : 0.2256"
"15,40 : 0.3689"
"40,15 : 0.3689"
"15,41 : 0.1726"
"41,15 : 0.1726"
"15,42 : 0.8147"
"42,15 : 0.8147"
"15,43 : 0.6054"
"43,15 : 0.6054"
"15,44 : 0.4776"
"44,15 : 0.4776"
"15,45 : 0.2236"
"45,15 : 0.2236"
"15,46 : 0.7178"
"46,15 : 0.7178"
"15,47 : 0.4397"
"47,15 : 0.4397"
"15,48 : 0.512"
"48,15 : 0.512"
"15,49 : 0.3195"
"49,15 : 0.3195"
"16,17 : 0.672"
"17,16 : 0.672"
"16,18 : 0.7211"
"18,16 : 0.7211"
"16,19 : 0.35"
"19,16 : 0.35"
"16,20 : 0.8548"
"20,16 : 0.8548"
"16,21 : 0.9551"
"21,16 : 0.9551"
"16,22 : 0.5924"
"22,16 : 0.5924"
"16,23 : 0.7201"
"23,16 : 0.7201"
"16,24 : 1.0139"
"24,16 : 1.0139"
"16,25 : 0.2596"
"25,16 : 0.2596"
"16,26 : 0.8458"
"26,16 : 0.8458"
"16,27 : 0.8302"
"27,16 : 0.8302"
"16,28 : 0.051"
"28,16 : 0.051"
"16,29 : 0.8157"
"29,16 : 0.8157"
"16,30 : 0.1664"
"30,16 : 0.1664"
"16,31 : 0.9368"
"31,16 : 0.9368"
"16,32 : 1.1098"
"32,16 : 1.1098"
"16,33 : 0.9823"
"33,16 : 0.9823"
"16,34 : 0.6574"
"34,16 : 0.6574"
"16,35 : 0.2823"
"35,16 : 0.2823"
"16,36 : 0.5694"
"36,16 : 0.5694"
"16,37 : 0.6825"
"37,16 : 0.6825"
"16,38 : 0.8516"
"38,16 : 0.8516"
"16,39 : 0.9034"
"39,16 : 0.9034"
"16,40 : 0.3176"
"40,16 : 0.3176"
"16,41 : 0.8092"
"41,16 : 0.8092"
"16,42 : 0.2648"
"42,16 : 0.2648"
"16,43 : 0.9159"
"43,16 : 0.9159"
"16,44 : 0.7566"
"44,16 : 0.7566"
"16,45 : 0.4632"
"45,16 : 0.4632"
"16,46 : 0.8839"
"46,16 : 0.8839"
"16,47 : 0.7234"
"47,16 : 0.7234"
"16,48 : 0.4687"
"48,16 : 0.4687"
"16,49 : 0.5438"
"49,16 : 0.5438"
"17,18 : 0.4025"
"18,17 : 0.4025"
"17,19 : 0.4428"
"19,17 : 0.4428"
"17,20 : 0.4384"
"20,17 : 0.4384"
"17,21 : 0.7829"
"21,17 : 0.7829"
"17,22 : 0.6201"
"22,17 : 0.6201"
"17,23 : 0.4478"
"23,17 : 0.4478"
"17,24 : 0.4005"
"24,17 : 0.4005"
"17,25 : 0.4934"
"25,17 : 0.4934"
"17,26 : 0.2354"
"26,17 : 0.2354"
"17,27 : 0.478"
"27,17 : 0.478"
"17,28 : 0.6389"
"28,17 : 0.6389"
"17,29 : 0.1526"
"29,17 : 0.1526"
"17,30 : 0.7029"
"30,17 : 0.7029"
"17,31 : 0.3863"
"31,17 : 0.3863"
"17,32 : 0.4428"
"32,17 : 0.4428"
"17,33 : 0.4366"
"33,17 : 0.4366"
"17,34 : 0.314"
"34,17 : 0.314"
"17,35 : 0.5818"
"35,17 : 0.5818"
"17,36 : 0.2657"
"36,17 : 0.2657"
"17,37 : 0.1703"
"37,17 : 0.1703"
"17,38 : 0.6894"
"38,17 : 0.6894"
"17,39 : 0.27"
"39,17 : 0.27"
"17,40 : 0.3607"
"40,17 : 0.3607"
"17,41 : 0.1442"
"41,17 : 0.1442"
"17,42 : 0.822"
"42,17 : 0.822"
"17,43 : 0.6742"
"43,17 : 0.6742"
"17,44 : 0.5423"
"44,17 : 0.5423"
"17,45 : 0.2121"
"45,17 : 0.2121"
"17,46 : 0.7819"
"46,17 : 0.7819"
"17,47 : 0.5033"
"47,17 : 0.5033"
"17,48 : 0.454"
"48,17 : 0.454"
"17,49 : 0.2571"
"49,17 : 0.2571"
"18,19 : 0.3722"
"19,18 : 0.3722"
"18,20 : 0.1393"
"20,18 : 0.1393"
"18,21 : 0.3808"
"21,18 : 0.3808"
"18,22 : 0.3106"
"22,18 : 0.3106"
"18,23 : 0.05"
"23,18 : 0.05"
"18,24 : 0.405"
"24,18 : 0.405"
"18,25 : 0.6831"
"25,18 : 0.6831"
"18,26 : 0.314"
"26,18 : 0.314"
"18,27 : 0.1118"
"27,18 : 0.1118"
"18,28 : 0.6719"
"28,18 : 0.6719"
"18,29 : 0.5001"
"29,18 : 0.5001"
"18,30 : 0.6552"
"30,18 : 0.6552"
"18,31 : 0.2843"
"31,18 : 0.2843"
"18,32 : 0.5924"
"32,18 : 0.5924"
"18,33 : 0.3114"
"33,18 : 0.3114"
"18,34 : 0.6981"
"34,18 : 0.6981"
"18,35 : 0.4838"
"35,18 : 0.4838"
"18,36 : 0.6224"
"36,18 : 0.6224"
"18,37 : 0.5694"
"37,18 : 0.5694"
"18,38 : 0.2879"
"38,18 : 0.2879"
"18,39 : 0.3711"
"39,18 : 0.3711"
"18,40 : 0.4535"
"40,18 : 0.4535"
"18,41 : 0.4903"
"41,18 : 0.4903"
"18,42 : 0.7341"
"42,18 : 0.7341"
"18,43 : 0.2766"
"43,18 : 0.2766"
"18,44 : 0.1432"
"44,18 : 0.1432"
"18,45 : 0.3912"
"45,18 : 0.3912"
"18,46 : 0.3833"
"46,18 : 0.3833"
"18,47 : 0.11"
"47,18 : 0.11"
"18,48 : 0.7572"
"48,18 : 0.7572"
"18,49 : 0.6011"
"49,18 : 0.6011"
"19,20 : 0.508"
"20,19 : 0.508"
"19,21 : 0.6306"
"21,19 : 0.6306"
"19,22 : 0.2973"
"22,19 : 0.2973"
"19,23 : 0.3701"
"23,19 : 0.3701"
"19,24 : 0.7018"
"24,19 : 0.7018"
"19,25 : 0.3754"
"25,19 : 0.3754"
"19,26 : 0.5467"
"26,19 : 0.5467"
"19,27 : 0.4804"
"27,19 : 0.4804"
"19,28 : 0.3002"
"28,19 : 0.3002"
"19,29 : 0.5948"
"29,19 : 0.5948"
"19,30 : 0.2953"
"30,19 : 0.2953"
"19,31 : 0.6084"
"31,19 : 0.6084"
"19,32 : 0.8344"
"32,19 : 0.8344"
"19,33 : 0.65"
"33,19 : 0.65"
"19,34 : 0.593"
"34,19 : 0.593"
"19,35 : 0.1421"
"35,19 : 0.1421"
"19,36 : 0.4937"
"36,19 : 0.4937"
"19,37 : 0.536"
"37,19 : 0.536"
"19,38 : 0.5233"
"38,19 : 0.5233"
"19,39 : 0.6096"
"39,19 : 0.6096"
"19,40 : 0.1655"
"40,19 : 0.1655"
"19,41 : 0.5859"
"41,19 : 0.5859"
"19,42 : 0.397"
"42,19 : 0.397"
"19,43 : 0.5757"
"43,19 : 0.5757"
"19,44 : 0.4123"
"44,19 : 0.4123"
"19,45 : 0.2532"
"45,19 : 0.2532"
"19,46 : 0.5743"
"46,19 : 0.5743"
"19,47 : 0.3766"
"47,19 : 0.3766"
"19,48 : 0.5284"
"48,19 : 0.5284"
"19,49 : 0.4639"
"49,19 : 0.4639"
"20,21 : 0.3847"
"21,20 : 0.3847"
"20,22 : 0.4314"
"22,20 : 0.4314"
"20,23 : 0.164"
"23,20 : 0.164"
"20,24 : 0.3036"
"24,20 : 0.3036"
"20,25 : 0.7962"
"25,20 : 0.7962"
"20,26 : 0.272"
"26,20 : 0.272"
"20,27 : 0.0728"
"27,20 : 0.0728"
"20,28 : 0.8062"
"28,20 : 0.8062"
"20,29 : 0.4965"
"29,20 : 0.4965"
"20,30 : 0.794"
"30,20 : 0.794"
"20,31 : 0.1772"
"31,20 : 0.1772"
"20,32 : 0.508"
"32,20 : 0.508"
"20,33 : 0.1887"
"33,20 : 0.1887"
"20,34 : 0.7507"
"34,20 : 0.7507"
"20,35 : 0.623"
"35,20 : 0.623"
"20,36 : 0.6882"
"36,20 : 0.6882"
"20,37 : 0.6083"
"37,20 : 0.6083"
"20,38 : 0.3214"
"38,20 : 0.3214"
"20,39 : 0.3126"
"39,20 : 0.3126"
"20,40 : 0.5731"
"40,20 : 0.5731"
"20,41 : 0.4876"
"41,20 : 0.4876"
"20,42 : 0.8732"
"42,20 : 0.8732"
"20,43 : 0.2648"
"43,20 : 0.2648"
"20,44 : 0.2147"
"44,20 : 0.2147"
"20,45 : 0.487"
"45,20 : 0.487"
"20,46 : 0.4211"
"46,20 : 0.4211"
"20,47 : 0.2062"
"47,20 : 0.2062"
"20,48 : 0.8453"
"48,20 : 0.8453"
"20,49 : 0.6712"
"49,20 : 0.6712"
"21,22 : 0.3667"
"22,21 : 0.3667"
"21,23 : 0.3384"
"23,21 : 0.3384"
"21,24 : 0.6707"
"24,21 : 0.6707"
"21,25 : 0.9986"
"25,21 : 0.9986"
"21,26 : 0.6551"
"26,21 : 0.6551"
"21,27 : 0.3202"
"27,21 : 0.3202"
"21,28 : 0.9044"
"28,21 : 0.9044"
"21,29 : 0.8698"
"29,21 : 0.8698"
"21,30 : 0.8336"
"30,21 : 0.8336"
"21,31 : 0.5501"
"31,21 : 0.5501"
"21,32 : 0.8805"
"32,21 : 0.8805"
"21,33 : 0.5415"
"33,21 : 0.5415"
"21,34 : 1.0765"
"34,21 : 1.0765"
"21,35 : 0.6745"
"35,21 : 0.6745"
"21,36 : 0.9964"
"36,21 : 0.9964"
"21,37 : 0.9502"
"37,21 : 0.9502"
"21,38 : 0.1082"
"38,21 : 0.1082"
"21,39 : 0.6972"
"39,21 : 0.6972"
"21,40 : 0.7684"
"40,21 : 0.7684"
"21,41 : 0.8603"
"41,21 : 0.8603"
"21,42 : 0.8605"
"42,21 : 0.8605"
"21,43 : 0.1204"
"43,21 : 0.1204"
"21,44 : 0.2484"
"44,21 : 0.2484"
"21,45 : 0.7497"
"45,21 : 0.7497"
"21,46 : 0.0985"
"46,21 : 0.0985"
"21,47 : 0.2907"
"47,21 : 0.2907"
"21,48 : 1.1113"
"48,21 : 1.1113"
"21,49 : 0.9731"
"49,21 : 0.9731"
"22,23 : 0.2702"
"23,22 : 0.2702"
"22,24 : 0.7156"
"24,22 : 0.7156"
"22,25 : 0.6718"
"25,22 : 0.6718"
"22,26 : 0.611"
"26,22 : 0.611"
"22,27 : 0.3688"
"27,22 : 0.3688"
"22,28 : 0.5423"
"28,22 : 0.5423"
"22,29 : 0.7533"
"29,22 : 0.7533"
"22,30 : 0.4669"
"30,22 : 0.4669"
"22,31 : 0.5941"
"31,22 : 0.5941"
"22,32 : 0.899"
"32,22 : 0.899"
"22,33 : 0.6172"
"33,22 : 0.6172"
"22,34 : 0.8507"
"34,22 : 0.8507"
"22,35 : 0.3102"
"35,22 : 0.3102"
"22,36 : 0.7561"
"36,22 : 0.7561"
"22,37 : 0.7595"
"37,22 : 0.7595"
"22,38 : 0.2702"
"38,22 : 0.2702"
"22,39 : 0.6723"
"39,22 : 0.6723"
"22,40 : 0.458"
"40,22 : 0.458"
"22,41 : 0.7433"
"41,22 : 0.7433"
"22,42 : 0.5016"
"42,22 : 0.5016"
"22,43 : 0.3536"
"43,22 : 0.3536"
"22,44 : 0.2332"
"44,22 : 0.2332"
"22,45 : 0.4965"
"45,22 : 0.4965"
"22,46 : 0.2915"
"46,22 : 0.2915"
"22,47 : 0.2267"
"47,22 : 0.2267"
"22,48 : 0.821"
"48,22 : 0.821"
"22,49 : 0.728"
"49,22 : 0.728"
"23,24 : 0.4478"
"24,23 : 0.4478"
"23,25 : 0.7001"
"25,23 : 0.7001"
"23,26 : 0.3635"
"26,23 : 0.3635"
"23,27 : 0.114"
"27,23 : 0.114"
"23,28 : 0.67"
"28,23 : 0.67"
"23,29 : 0.5492"
"29,23 : 0.5492"
"23,30 : 0.6433"
"30,23 : 0.6433"
"23,31 : 0.3245"
"31,23 : 0.3245"
"23,32 : 0.6391"
"32,23 : 0.6391"
"23,33 : 0.3471"
"33,23 : 0.3471"
"23,34 : 0.7382"
"34,23 : 0.7382"
"23,35 : 0.4707"
"35,23 : 0.4707"
"23,36 : 0.6595"
"36,23 : 0.6595"
"23,37 : 0.6129"
"37,23 : 0.6129"
"23,38 : 0.2417"
"38,23 : 0.2417"
"23,39 : 0.4198"
"39,23 : 0.4198"
"23,40 : 0.4682"
"40,23 : 0.4682"
"23,41 : 0.5394"
"41,23 : 0.5394"
"23,42 : 0.7151"
"42,23 : 0.7151"
"23,43 : 0.2408"
"43,23 : 0.2408"
"23,44 : 0.0949"
"44,23 : 0.0949"
"23,45 : 0.4201"
"45,23 : 0.4201"
"23,46 : 0.3353"
"46,23 : 0.3353"
"23,47 : 0.06"
"47,23 : 0.06"
"23,48 : 0.786"
"48,23 : 0.786"
"23,49 : 0.637"
"49,23 : 0.637"
"24,25 : 0.8797"
"25,24 : 0.8797"
"24,26 : 0.1726"
"26,24 : 0.1726"
"24,27 : 0.3764"
"27,24 : 0.3764"
"24,28 : 0.9717"
"28,24 : 0.9717"
"24,29 : 0.3534"
"29,24 : 0.3534"
"24,30 : 0.9964"
"30,24 : 0.9964"
"24,31 : 0.1265"
"31,24 : 0.1265"
"24,32 : 0.21"
"32,24 : 0.21"
"24,33 : 0.1304"
"33,24 : 0.1304"
"24,34 : 0.6831"
"34,24 : 0.6831"
"24,35 : 0.8382"
"35,24 : 0.8382"
"24,36 : 0.6592"
"36,24 : 0.6592"
"24,37 : 0.5316"
"37,24 : 0.5316"
"24,38 : 0.6217"
"38,24 : 0.6217"
"24,39 : 0.1315"
"39,24 : 0.1315"
"24,40 : 0.6989"
"40,24 : 0.6989"
"24,41 : 0.3493"
"41,24 : 0.3493"
"24,42 : 1.0962"
"42,24 : 1.0962"
"24,43 : 0.5515"
"43,24 : 0.5515"
"24,44 : 0.5162"
"44,24 : 0.5162"
"24,45 : 0.5652"
"45,24 : 0.5652"
"24,46 : 0.7201"
"46,24 : 0.7201"
"24,47 : 0.5009"
"47,24 : 0.5009"
"24,48 : 0.8538"
"48,24 : 0.8538"
"24,49 : 0.6549"
"49,24 : 0.6549"
"25,26 : 0.7071"
"26,25 : 0.7071"
"25,27 : 0.794"
"27,25 : 0.794"
"25,28 : 0.2608"
"28,25 : 0.2608"
"25,29 : 0.6172"
"29,25 : 0.6172"
"25,30 : 0.3905"
"30,25 : 0.3905"
"25,31 : 0.8301"
"31,25 : 0.8301"
"25,32 : 0.9341"
"32,25 : 0.9341"
"25,33 : 0.88"
"33,25 : 0.88"
"25,34 : 0.405"
"34,25 : 0.405"
"25,35 : 0.4071"
"35,25 : 0.4071"
"25,36 : 0.3256"
"36,25 : 0.3256"
"25,37 : 0.4561"
"37,25 : 0.4561"
"25,38 : 0.8904"
"38,25 : 0.8904"
"25,39 : 0.755"
"39,25 : 0.755"
"25,40 : 0.2326"
"40,25 : 0.2326"
"25,41 : 0.6127"
"41,25 : 0.6127"
"25,42 : 0.5104"
"42,25 : 0.5104"
"25,43 : 0.9302"
"43,25 : 0.9302"
"25,44 : 0.7648"
"44,25 : 0.7648"
"25,45 : 0.32"
"45,25 : 0.32"
"25,46 : 0.9481"
"46,25 : 0.9481"
"25,47 : 0.7245"
"47,25 : 0.7245"
"25,48 : 0.211"
"48,25 : 0.211"
"25,49 : 0.3041"
"49,25 : 0.3041"
"26,27 : 0.3354"
"27,26 : 0.3354"
"26,28 : 0.805"
"28,26 : 0.805"
"26,29 : 0.2343"
"29,26 : 0.2343"
"26,30 : 0.8382"
"30,26 : 0.8382"
"26,31 : 0.1581"
"31,26 : 0.1581"
"26,32 : 0.2941"
"32,26 : 0.2941"
"26,33 : 0.2059"
"33,26 : 0.2059"
"26,34 : 0.5367"
"34,26 : 0.5367"
"26,35 : 0.6868"
"35,26 : 0.6868"
"26,36 : 0.5"
"36,26 : 0.5"
"26,37 : 0.3847"
"37,26 : 0.3847"
"26,38 : 0.5822"
"38,26 : 0.5822"
"26,39 : 0.064"
"39,26 : 0.064"
"26,40 : 0.5292"
"40,26 : 0.5292"
"26,41 : 0.2267"
"41,26 : 0.2267"
"26,42 : 0.9437"
"42,26 : 0.9437"
"26,43 : 0.536"
"43,26 : 0.536"
"26,44 : 0.4504"
"44,26 : 0.4504"
"26,45 : 0.3929"
"45,26 : 0.3929"
"26,46 : 0.6818"
"46,26 : 0.6818"
"26,47 : 0.423"
"47,26 : 0.423"
"26,48 : 0.6888"
"48,26 : 0.6888"
"26,49 : 0.4924"
"49,26 : 0.4924"
"27,28 : 0.7806"
"28,27 : 0.7806"
"27,29 : 0.5515"
"29,27 : 0.5515"
"27,30 : 0.7571"
"30,27 : 0.7571"
"27,31 : 0.25"
"31,27 : 0.25"
"27,32 : 0.5805"
"32,27 : 0.5805"
"27,33 : 0.2594"
"33,27 : 0.2594"
"27,34 : 0.7852"
"34,27 : 0.7852"
"27,35 : 0.5846"
"35,27 : 0.5846"
"27,36 : 0.7159"
"36,27 : 0.7159"
"27,37 : 0.6482"
"37,27 : 0.6482"
"27,38 : 0.2502"
"38,27 : 0.2502"
"27,39 : 0.3805"
"39,27 : 0.3805"
"27,40 : 0.5652"
"40,27 : 0.5652"
"27,41 : 0.5423"
"41,27 : 0.5423"
"27,42 : 0.8287"
"42,27 : 0.8287"
"27,43 : 0.2025"
"43,27 : 0.2025"
"27,44 : 0.1442"
"44,27 : 0.1442"
"27,45 : 0.4965"
"45,27 : 0.4965"
"27,46 : 0.3501"
"46,27 : 0.3501"
"27,47 : 0.1421"
"47,27 : 0.1421"
"27,48 : 0.8609"
"48,27 : 0.8609"
"27,49 : 0.6966"
"49,27 : 0.6966"
"28,29 : 0.7852"
"29,28 : 0.7852"
"28,30 : 0.136"
"30,28 : 0.136"
"28,31 : 0.8919"
"31,28 : 0.8919"
"28,32 : 1.0734"
"32,28 : 1.0734"
"28,33 : 0.9368"
"33,28 : 0.9368"
"28,34 : 0.6462"
"34,28 : 0.6462"
"28,35 : 0.2326"
"35,28 : 0.2326"
"28,36 : 0.5546"
"36,28 : 0.5546"
"28,37 : 0.6603"
"37,28 : 0.6603"
"28,38 : 0.8008"
"38,28 : 0.8008"
"28,39 : 0.8635"
"39,28 : 0.8635"
"28,40 : 0.2802"
"40,28 : 0.2802"
"28,41 : 0.7783"
"41,28 : 0.7783"
"28,42 : 0.25"
"42,28 : 0.25"
"28,43 : 0.8649"
"43,28 : 0.8649"
"28,44 : 0.7058"
"44,28 : 0.7058"
"28,45 : 0.428"
"45,28 : 0.428"
"28,46 : 0.8338"
"46,28 : 0.8338"
"28,47 : 0.6727"
"47,28 : 0.6727"
"28,48 : 0.4717"
"48,28 : 0.4717"
"28,49 : 0.5277"
"49,28 : 0.5277"
"29,30 : 0.8543"
"30,29 : 0.8543"
"29,31 : 0.389"
"31,29 : 0.389"
"29,32 : 0.3256"
"32,29 : 0.3256"
"29,33 : 0.4328"
"33,29 : 0.4328"
"29,34 : 0.3354"
"34,29 : 0.3354"
"29,35 : 0.7343"
"35,29 : 0.7343"
"29,36 : 0.3324"
"36,29 : 0.3324"
"29,37 : 0.19"
"37,29 : 0.19"
"29,38 : 0.7859"
"38,29 : 0.7859"
"29,39 : 0.2302"
"39,29 : 0.2302"
"29,40 : 0.5099"
"40,29 : 0.5099"
"29,41 : 0.01"
"41,29 : 0.01"
"29,42 : 0.9742"
"42,29 : 0.9742"
"29,43 : 0.7539"
"43,29 : 0.7539"
"29,44 : 0.6433"
"44,29 : 0.6433"
"29,45 : 0.3624"
"45,29 : 0.3624"
"29,46 : 0.8829"
"46,29 : 0.8829"
"29,47 : 0.6083"
"47,29 : 0.6083"
"29,48 : 0.5346"
"48,29 : 0.5346"
"29,49 : 0.3373"
"49,29 : 0.3373"
"30,31 : 0.9034"
"31,30 : 0.9034"
"30,32 : 1.1204"
"32,30 : 1.1204"
"30,33 : 0.9443"
"33,30 : 0.9443"
"30,34 : 0.7569"
"34,30 : 0.7569"
"30,35 : 0.1726"
"35,30 : 0.1726"
"30,36 : 0.661"
"36,30 : 0.661"
"30,37 : 0.7513"
"37,30 : 0.7513"
"30,38 : 0.7355"
"38,30 : 0.7355"
"30,39 : 0.9"
"39,30 : 0.9"
"30,40 : 0.3467"
"40,30 : 0.3467"
"30,41 : 0.8465"
"41,30 : 0.8465"
"30,42 : 0.1265"
"42,30 : 0.1265"
"30,43 : 0.8106"
"43,30 : 0.8106"
"30,44 : 0.6612"
"44,30 : 0.6612"
"30,45 : 0.492"
"45,30 : 0.492"
"30,46 : 0.7543"
"46,30 : 0.7543"
"30,47 : 0.6339"
"47,30 : 0.6339"
"30,48 : 0.6"
"48,30 : 0.6"
"30,49 : 0.6325"
"49,30 : 0.6325"
"31,32 : 0.3324"
"32,31 : 0.3324"
"31,33 : 0.051"
"33,31 : 0.051"
"31,34 : 0.6935"
"34,31 : 0.6935"
"31,35 : 0.7393"
"35,31 : 0.7393"
"31,36 : 0.6519"
"36,31 : 0.6519"
"31,37 : 0.542"
"37,31 : 0.542"
"31,38 : 0.4965"
"38,31 : 0.4965"
"31,39 : 0.1664"
"39,31 : 0.1664"
"31,40 : 0.6297"
"40,31 : 0.6297"
"31,41 : 0.3821"
"41,31 : 0.3821"
"31,42 : 0.9964"
"42,31 : 0.9964"
"31,43 : 0.43"
"43,31 : 0.43"
"31,44 : 0.39"
"44,31 : 0.39"
"31,45 : 0.5101"
"45,31 : 0.5101"
"31,46 : 0.5954"
"46,31 : 0.5954"
"31,47 : 0.3759"
"47,31 : 0.3759"
"31,48 : 0.8343"
"48,31 : 0.8343"
"31,49 : 0.642"
"49,31 : 0.642"
"32,33 : 0.3401"
"33,32 : 0.3401"
"32,34 : 0.65"
"34,32 : 0.65"
"32,35 : 0.9759"
"35,32 : 0.9759"
"32,36 : 0.6576"
"36,32 : 0.6576"
"32,37 : 0.5135"
"37,32 : 0.5135"
"32,38 : 0.8287"
"38,32 : 0.8287"
"32,39 : 0.2302"
"39,32 : 0.2302"
"32,40 : 0.7932"
"40,32 : 0.7932"
"32,41 : 0.3276"
"41,32 : 0.3276"
"32,42 : 1.2307"
"42,32 : 1.2307"
"32,43 : 0.7611"
"43,32 : 0.7611"
"32,44 : 0.7157"
"44,32 : 0.7157"
"32,45 : 0.6466"
"45,32 : 0.6466"
"32,46 : 0.9278"
"46,32 : 0.9278"
"32,47 : 0.6957"
"47,32 : 0.6957"
"32,48 : 0.8599"
"48,32 : 0.8599"
"32,49 : 0.6629"
"49,32 : 0.6629"
"33,34 : 0.7424"
"34,33 : 0.7424"
"33,35 : 0.7783"
"35,33 : 0.7783"
"33,36 : 0.7023"
"36,33 : 0.7023"
"33,37 : 0.5906"
"37,33 : 0.5906"
"33,38 : 0.4973"
"38,33 : 0.4973"
"33,39 : 0.2052"
"39,33 : 0.2052"
"33,40 : 0.6774"
"40,33 : 0.6774"
"33,41 : 0.4264"
"41,33 : 0.4264"
"33,42 : 1.0345"
"42,33 : 1.0345"
"33,43 : 0.423"
"43,33 : 0.423"
"33,44 : 0.4031"
"44,33 : 0.4031"
"33,45 : 0.56"
"45,33 : 0.56"
"33,46 : 0.5944"
"46,33 : 0.5944"
"33,47 : 0.3941"
"47,33 : 0.3941"
"33,48 : 0.8853"
"48,33 : 0.8853"
"33,49 : 0.6926"
"49,33 : 0.6926"
"34,35 : 0.7006"
"35,34 : 0.7006"
"34,36 : 0.1"
"36,34 : 0.1"
"34,37 : 0.1523"
"37,34 : 0.1523"
"34,38 : 0.9764"
"38,34 : 0.9764"
"34,39 : 0.5536"
"39,34 : 0.5536"
"34,40 : 0.4401"
"40,34 : 0.4401"
"34,41 : 0.3373"
"41,34 : 0.3373"
"34,42 : 0.8832"
"42,34 : 0.8832"
"34,43 : 0.9745"
"43,34 : 0.9745"
"34,44 : 0.8293"
"44,34 : 0.8293"
"34,45 : 0.3544"
"45,34 : 0.3544"
"34,46 : 1.0617"
"46,34 : 1.0617"
"34,47 : 0.7877"
"47,34 : 0.7877"
"34,48 : 0.2385"
"48,34 : 0.2385"
"34,49 : 0.13"
"49,34 : 0.13"
"35,36 : 0.6007"
"36,35 : 0.6007"
"35,37 : 0.6622"
"37,35 : 0.6622"
"35,38 : 0.5727"
"38,35 : 0.5727"
"35,39 : 0.7501"
"39,35 : 0.7501"
"35,40 : 0.2608"
"40,35 : 0.2608"
"35,41 : 0.7256"
"41,35 : 0.7256"
"35,42 : 0.2581"
"42,35 : 0.2581"
"35,43 : 0.6428"
"43,35 : 0.6428"
"35,44 : 0.4901"
"44,35 : 0.4901"
"35,45 : 0.3828"
"45,35 : 0.3828"
"35,46 : 0.6017"
"46,35 : 0.6017"
"35,47 : 0.4617"
"47,35 : 0.4617"
"35,48 : 0.5948"
"48,35 : 0.5948"
"35,49 : 0.5708"
"49,35 : 0.5708"
"36,37 : 0.1456"
"37,36 : 0.1456"
"36,38 : 0.894"
"38,36 : 0.894"
"36,39 : 0.5277"
"39,36 : 0.5277"
"36,40 : 0.3401"
"40,36 : 0.3401"
"36,41 : 0.3314"
"41,36 : 0.3314"
"36,42 : 0.7875"
"42,36 : 0.7875"
"36,43 : 0.8987"
"43,36 : 0.8987"
"36,44 : 0.7481"
"44,36 : 0.7481"
"36,45 : 0.26"
"45,36 : 0.26"
"36,46 : 0.9764"
"46,36 : 0.9764"
"36,47 : 0.706"
"47,36 : 0.706"
"36,48 : 0.2022"
"48,36 : 0.2022"
"36,49 : 0.03"
"49,36 : 0.03"
"37,38 : 0.8542"
"38,37 : 0.8542"
"37,39 : 0.4016"
"39,37 : 0.4016"
"37,40 : 0.4085"
"40,37 : 0.4085"
"37,41 : 0.1903"
"41,37 : 0.1903"
"37,42 : 0.8766"
"42,37 : 0.8766"
"37,43 : 0.8431"
"43,37 : 0.8431"
"37,44 : 0.7066"
"44,37 : 0.7066"
"37,45 : 0.2828"
"45,37 : 0.2828"
"37,46 : 0.9443"
"46,37 : 0.9443"
"37,47 : 0.6664"
"47,37 : 0.6664"
"37,48 : 0.3471"
"48,37 : 0.3471"
"37,49 : 0.1565"
"49,37 : 0.1565"
"38,39 : 0.6301"
"39,38 : 0.6301"
"38,40 : 0.6603"
"40,38 : 0.6603"
"38,41 : 0.7762"
"41,38 : 0.7762"
"38,42 : 0.7706"
"42,38 : 0.7706"
"38,43 : 0.1"
"43,38 : 0.1"
"38,44 : 0.1476"
"44,38 : 0.1476"
"38,45 : 0.6444"
"45,38 : 0.6444"
"38,46 : 0.1"
"46,38 : 0.1"
"38,47 : 0.1887"
"47,38 : 0.1887"
"38,48 : 1.0045"
"48,38 : 1.0045"
"38,49 : 0.8701"
"49,38 : 0.8701"
"39,40 : 0.586"
"40,39 : 0.586"
"39,41 : 0.2247"
"41,39 : 0.2247"
"39,42 : 1.0066"
"42,39 : 1.0066"
"39,43 : 0.5771"
"43,39 : 0.5771"
"39,44 : 0.5036"
"44,39 : 0.5036"
"39,45 : 0.446"
"45,39 : 0.446"
"39,46 : 0.7301"
"46,39 : 0.7301"
"39,47 : 0.4785"
"47,39 : 0.4785"
"39,48 : 0.7225"
"48,39 : 0.7225"
"39,49 : 0.5235"
"49,39 : 0.5235"
"40,41 : 0.5025"
"41,40 : 0.5025"
"40,42 : 0.4701"
"42,40 : 0.4701"
"40,43 : 0.6977"
"43,40 : 0.6977"
"40,44 : 0.5324"
"44,40 : 0.5324"
"40,45 : 0.1487"
"45,40 : 0.1487"
"40,46 : 0.7225"
"46,40 : 0.7225"
"40,47 : 0.4919"
"47,40 : 0.4919"
"40,48 : 0.3636"
"48,40 : 0.3636"
"40,49 : 0.3102"
"49,40 : 0.3102"
"41,42 : 0.9661"
"42,41 : 0.9661"
"41,43 : 0.7446"
"43,41 : 0.7446"
"41,44 : 0.6335"
"44,41 : 0.6335"
"41,45 : 0.3547"
"45,41 : 0.3547"
"41,46 : 0.8732"
"46,41 : 0.8732"
"41,47 : 0.5984"
"47,41 : 0.5984"
"41,48 : 0.5334"
"48,41 : 0.5334"
"41,49 : 0.3354"
"49,41 : 0.3354"
"42,43 : 0.8548"
"43,42 : 0.8548"
"42,44 : 0.7181"
"44,42 : 0.7181"
"42,45 : 0.6129"
"45,42 : 0.6129"
"42,46 : 0.7732"
"46,42 : 0.7732"
"42,47 : 0.6964"
"47,42 : 0.6964"
"42,48 : 0.7211"
"48,42 : 0.7211"
"42,49 : 0.7589"
"49,42 : 0.7589"
