x,y
0.75,0.7
0.08,0.74
0.11,0.01
0.66,0.89
0.34,0.57
0.48,0.35
0.15,0.9
0.68,0.76
0.42,0.3
1.0,0.29
0.34,0.24
0.42,0.42
0.17,0.23
0.27,0.38
0.67,0.7
0.91,0.78
0.56,0.97
0.97,0.66
0.53,0.05
0.72,0.23
0.21,0.96
0.0,0.27
0.84,0.61
0.35,0.1
0.29,0.47
0.03,0.14
0.64,0.11
0.31,0.5
0.48,0.94
0.31,0.29
0.52,0.88
0.64,0.83
0.4,0.07
0.04,0.45
0.3,0.21
0.14,0.42
0.5,0.43
0.44,0.78
0.69,0.78
0.21,0.9
0.3,0.53
0.13,0.94
0.99,0.23
0.03,0.26
0.07,0.2
0.2,0.34
0.32,0.36
0.76,0.1
0.62,0.83
0.59,0.82

Distanze
"0,1 : 0.6712"
"1,0 : 0.6712"
"0,2 : 0.9411"
"2,0 : 0.9411"
"0,3 : 0.2102"
"3,0 : 0.2102"
"0,4 : 0.4301"
"4,0 : 0.4301"
"0,5 : 0.442"
"5,0 : 0.442"
"0,6 : 0.6325"
"6,0 : 0.6325"
"0,7 : 0.0922"
"7,0 : 0.0922"
"0,8 : 0.5186"
"8,0 : 0.5186"
"0,9 : 0.4802"
"9,0 : 0.4802"
"0,10 : 0.6162"
"10,0 : 0.6162"
"0,11 : 0.4328"
"11,0 : 0.4328"
"0,12 : 0.7465"
"12,0 : 0.7465"
"0,13 : 0.5769"
"13,0 : 0.5769"
"0,14 : 0.08"
"14,0 : 0.08"
"0,15 : 0.1789"
"15,0 : 0.1789"
"0,16 : 0.3302"
"16,0 : 0.3302"
"0,17 : 0.2236"
"17,0 : 0.2236"
"0,18 : 0.6862"
"18,0 : 0.6862"
"0,19 : 0.471"
"19,0 : 0.471"
"0,20 : 0.5993"
"20,0 : 0.5993"
"0,21 : 0.8645"
"21,0 : 0.8645"
"0,22 : 0.1273"
"22,0 : 0.1273"
"0,23 : 0.7211"
"23,0 : 0.7211"
"0,24 : 0.5143"
"24,0 : 0.5143"
"0,25 : 0.9121"
"25,0 : 0.9121"
"0,26 : 0.6002"
"26,0 : 0.6002"
"0,27 : 0.4833"
"27,0 : 0.4833"
"0,28 : 0.3612"
"28,0 : 0.3612"
"0,29 : 0.6014"
"29,0 : 0.6014"
"0,30 : 0.2921"
"30,0 : 0.2921"
"0,31 : 0.1703"
"31,0 : 0.1703"
"0,32 : 0.7207"
"32,0 : 0.7207"
"0,33 : 0.7527"
"33,0 : 0.7527"
"0,34 : 0.6653"
"34,0 : 0.6653"
"0,35 : 0.6712"
"35,0 : 0.6712"
"0,36 : 0.368"
"36,0 : 0.368"
"0,37 : 0.3202"
"37,0 : 0.3202"
"0,38 : 0.1"
"38,0 : 0.1"
"0,39 : 0.5758"
"39,0 : 0.5758"
"0,40 : 0.481"
"40,0 : 0.481"
"0,41 : 0.6648"
"41,0 : 0.6648"
"0,42 : 0.5277"
"42,0 : 0.5277"
"0,43 : 0.8438"
"43,0 : 0.8438"
"0,44 : 0.844"
"44,0 : 0.844"
"0,45 : 0.6573"
"45,0 : 0.6573"
"0,46 : 0.5482"
"46,0 : 0.5482"
"0,47 : 0.6001"
"47,0 : 0.6001"
"0,48 : 0.1838"
"48,0 : 0.1838"
"0,49 : 0.2"
"49,0 : 0.2"
"1,2 : 0.7306"
"2,1 : 0.7306"
"1,3 : 0.5991"
"3,1 : 0.5991"
"1,4 : 0.3106"
"4,1 : 0.3106"
"1,5 : 0.5587"
"5,1 : 0.5587"
"1,6 : 0.1746"
"6,1 : 0.1746"
"1,7 : 0.6003"
"7,1 : 0.6003"
"1,8 : 0.5561"
"8,1 : 0.5561"
"1,9 : 1.0242"
"9,1 : 1.0242"
"1,10 : 0.5636"
"10,1 : 0.5636"
"1,11 : 0.4669"
"11,1 : 0.4669"
"1,12 : 0.5179"
"12,1 : 0.5179"
"1,13 : 0.4071"
"13,1 : 0.4071"
"1,14 : 0.5914"
"14,1 : 0.5914"
"1,15 : 0.831"
"15,1 : 0.831"
"1,16 : 0.5323"
"16,1 : 0.5323"
"1,17 : 0.8936"
"17,1 : 0.8936"
"1,18 : 0.8238"
"18,1 : 0.8238"
"1,19 : 0.8184"
"19,1 : 0.8184"
"1,20 : 0.2555"
"20,1 : 0.2555"
"1,21 : 0.4768"
"21,1 : 0.4768"
"1,22 : 0.771"
"22,1 : 0.771"
"1,23 : 0.6946"
"23,1 : 0.6946"
"1,24 : 0.3421"
"24,1 : 0.3421"
"1,25 : 0.6021"
"25,1 : 0.6021"
"1,26 : 0.8429"
"26,1 : 0.8429"
"1,27 : 0.3324"
"27,1 : 0.3324"
"1,28 : 0.4472"
"28,1 : 0.4472"
"1,29 : 0.5054"
"29,1 : 0.5054"
"1,30 : 0.4617"
"30,1 : 0.4617"
"1,31 : 0.5672"
"31,1 : 0.5672"
"1,32 : 0.7425"
"32,1 : 0.7425"
"1,33 : 0.2927"
"33,1 : 0.2927"
"1,34 : 0.5738"
"34,1 : 0.5738"
"1,35 : 0.3256"
"35,1 : 0.3256"
"1,36 : 0.522"
"36,1 : 0.522"
"1,37 : 0.3622"
"37,1 : 0.3622"
"1,38 : 0.6113"
"38,1 : 0.6113"
"1,39 : 0.2062"
"39,1 : 0.2062"
"1,40 : 0.3041"
"40,1 : 0.3041"
"1,41 : 0.2062"
"41,1 : 0.2062"
"1,42 : 1.0432"
"42,1 : 1.0432"
"1,43 : 0.4826"
"43,1 : 0.4826"
"1,44 : 0.5401"
"44,1 : 0.5401"
"1,45 : 0.4176"
"45,1 : 0.4176"
"1,46 : 0.4494"
"46,1 : 0.4494"
"1,47 : 0.9338"
"47,1 : 0.9338"
"1,48 : 0.5474"
"48,1 : 0.5474"
"1,49 : 0.5162"
"49,1 : 0.5162"
"2,3 : 1.0377"
"3,2 : 1.0377"
"2,4 : 0.6054"
"4,2 : 0.6054"
"2,5 : 0.5025"
"5,2 : 0.5025"
"2,6 : 0.8909"
"6,2 : 0.8909"
"2,7 : 0.942"
"7,2 : 0.942"
"2,8 : 0.4245"
"8,2 : 0.4245"
"2,9 : 0.933"
"9,2 : 0.933"
"2,10 : 0.3253"
"10,2 : 0.3253"
"2,11 : 0.514"
"11,2 : 0.514"
"2,12 : 0.228"
"12,2 : 0.228"
"2,13 : 0.4031"
"13,2 : 0.4031"
"2,14 : 0.8887"
"14,2 : 0.8887"
"2,15 : 1.1104"
"15,2 : 1.1104"
"2,16 : 1.0602"
"16,2 : 1.0602"
"2,17 : 1.078"
"17,2 : 1.078"
"2,18 : 0.4219"
"18,2 : 0.4219"
"2,19 : 0.6485"
"19,2 : 0.6485"
"2,20 : 0.9552"
"20,2 : 0.9552"
"2,21 : 0.2823"
"21,2 : 0.2823"
"2,22 : 0.9449"
"22,2 : 0.9449"
"2,23 : 0.2563"
"23,2 : 0.2563"
"2,24 : 0.494"
"24,2 : 0.494"
"2,25 : 0.1526"
"25,2 : 0.1526"
"2,26 : 0.5394"
"26,2 : 0.5394"
"2,27 : 0.5292"
"27,2 : 0.5292"
"2,28 : 1.0009"
"28,2 : 1.0009"
"2,29 : 0.3441"
"29,2 : 0.3441"
"2,30 : 0.9618"
"30,2 : 0.9618"
"2,31 : 0.9764"
"31,2 : 0.9764"
"2,32 : 0.2961"
"32,2 : 0.2961"
"2,33 : 0.4455"
"33,2 : 0.4455"
"2,34 : 0.2759"
"34,2 : 0.2759"
"2,35 : 0.4111"
"35,2 : 0.4111"
"2,36 : 0.5731"
"36,2 : 0.5731"
"2,37 : 0.8377"
"37,2 : 0.8377"
"2,38 : 0.964"
"38,2 : 0.964"
"2,39 : 0.8956"
"39,2 : 0.8956"
"2,40 : 0.5536"
"40,2 : 0.5536"
"2,41 : 0.9302"
"41,2 : 0.9302"
"2,42 : 0.9071"
"42,2 : 0.9071"
"2,43 : 0.2625"
"43,2 : 0.2625"
"2,44 : 0.1942"
"44,2 : 0.1942"
"2,45 : 0.3421"
"45,2 : 0.3421"
"2,46 : 0.4082"
"46,2 : 0.4082"
"2,47 : 0.6562"
"47,2 : 0.6562"
"2,48 : 0.9657"
"48,2 : 0.9657"
"2,49 : 0.9415"
"49,2 : 0.9415"
"3,4 : 0.4525"
"4,3 : 0.4525"
"3,5 : 0.5692"
"5,3 : 0.5692"
"3,6 : 0.5101"
"6,3 : 0.5101"
"3,7 : 0.1315"
"7,3 : 0.1315"
"3,8 : 0.6369"
"8,3 : 0.6369"
"3,9 : 0.6896"
"9,3 : 0.6896"
"3,10 : 0.7245"
"10,3 : 0.7245"
"3,11 : 0.5277"
"11,3 : 0.5277"
"3,12 : 0.822"
"12,3 : 0.822"
"3,13 : 0.642"
"13,3 : 0.642"
"3,14 : 0.1903"
"14,3 : 0.1903"
"3,15 : 0.2731"
"15,3 : 0.2731"
"3,16 : 0.1281"
"16,3 : 0.1281"
"3,17 : 0.386"
"17,3 : 0.386"
"3,18 : 0.85"
"18,3 : 0.85"
"3,19 : 0.6627"
"19,3 : 0.6627"
"3,20 : 0.4554"
"20,3 : 0.4554"
"3,21 : 0.9055"
"21,3 : 0.9055"
"3,22 : 0.3329"
"22,3 : 0.3329"
"3,23 : 0.8486"
"23,3 : 0.8486"
"3,24 : 0.5597"
"24,3 : 0.5597"
"3,25 : 0.9795"
"25,3 : 0.9795"
"3,26 : 0.7803"
"26,3 : 0.7803"
"3,27 : 0.524"
"27,3 : 0.524"
"3,28 : 0.1868"
"28,3 : 0.1868"
"3,29 : 0.6946"
"29,3 : 0.6946"
"3,30 : 0.1404"
"30,3 : 0.1404"
"3,31 : 0.0632"
"31,3 : 0.0632"
"3,32 : 0.8602"
"32,3 : 0.8602"
"3,33 : 0.7603"
"33,3 : 0.7603"
"3,34 : 0.7694"
"34,3 : 0.7694"
"3,35 : 0.7009"
"35,3 : 0.7009"
"3,36 : 0.487"
"36,3 : 0.487"
"3,37 : 0.246"
"37,3 : 0.246"
"3,38 : 0.114"
"38,3 : 0.114"
"3,39 : 0.4501"
"39,3 : 0.4501"
"3,40 : 0.5091"
"40,3 : 0.5091"
"3,41 : 0.5324"
"41,3 : 0.5324"
"3,42 : 0.7379"
"42,3 : 0.7379"
"3,43 : 0.891"
"43,3 : 0.891"
"3,44 : 0.9079"
"44,3 : 0.9079"
"3,45 : 0.717"
"45,3 : 0.717"
"3,46 : 0.6297"
"46,3 : 0.6297"
"3,47 : 0.7963"
"47,3 : 0.7963"
"3,48 : 0.0721"
"48,3 : 0.0721"
"3,49 : 0.099"
"49,3 : 0.099"
"4,5 : 0.2608"
"5,4 : 0.2608"
"4,6 : 0.3808"
"6,4 : 0.3808"
"4,7 : 0.3895"
"7,4 : 0.3895"
"4,8 : 0.2816"
"8,4 : 0.2816"
"4,9 : 0.7169"
"9,4 : 0.7169"
"4,10 : 0.33"
"10,4 : 0.33"
"4,11 : 0.17"
"11,4 : 0.17"
"4,12 : 0.3801"
"12,4 : 0.3801"
"4,13 : 0.2025"
"13,4 : 0.2025"
"4,14 : 0.3547"
"14,4 : 0.3547"
"4,15 : 0.6075"
"15,4 : 0.6075"
"4,16 : 0.4565"
"16,4 : 0.4565"
"4,17 : 0.6364"
"17,4 : 0.6364"
"4,18 : 0.5536"
"18,4 : 0.5536"
"4,19 : 0.5099"
"19,4 : 0.5099"
"4,20 : 0.4111"
"20,4 : 0.4111"
"4,21 : 0.4534"
"21,4 : 0.4534"
"4,22 : 0.5016"
"22,4 : 0.5016"
"4,23 : 0.4701"
"23,4 : 0.4701"
"4,24 : 0.1118"
"24,4 : 0.1118"
"4,25 : 0.5301"
"25,4 : 0.5301"
"4,26 : 0.5492"
"26,4 : 0.5492"
"4,27 : 0.0762"
"27,4 : 0.0762"
"4,28 : 0.3956"
"28,4 : 0.3956"
"4,29 : 0.2816"
"29,4 : 0.2816"
"4,30 : 0.3585"
"30,4 : 0.3585"
"4,31 : 0.397"
"31,4 : 0.397"
"4,32 : 0.5036"
"32,4 : 0.5036"
"4,33 : 0.3231"
"33,4 : 0.3231"
"4,34 : 0.3622"
"34,4 : 0.3622"
"4,35 : 0.25"
"35,4 : 0.25"
"4,36 : 0.2126"
"36,4 : 0.2126"
"4,37 : 0.2326"
"37,4 : 0.2326"
"4,38 : 0.4082"
"38,4 : 0.4082"
"4,39 : 0.3547"
"39,4 : 0.3547"
"4,40 : 0.0566"
"40,4 : 0.0566"
"4,41 : 0.4254"
"41,4 : 0.4254"
"4,42 : 0.7336"
"42,4 : 0.7336"
"4,43 : 0.4384"
"43,4 : 0.4384"
"4,44 : 0.458"
"44,4 : 0.458"
"4,45 : 0.2693"
"45,4 : 0.2693"
"4,46 : 0.211"
"46,4 : 0.211"
"4,47 : 0.6303"
"47,4 : 0.6303"
"4,48 : 0.3821"
"48,4 : 0.3821"
"4,49 : 0.3536"
"49,4 : 0.3536"
"5,6 : 0.6414"
"6,5 : 0.6414"
"5,7 : 0.4562"
"7,5 : 0.4562"
"5,8 : 0.0781"
"8,5 : 0.0781"
"5,9 : 0.5235"
"9,5 : 0.5235"
"5,10 : 0.178"
"10,5 : 0.178"
"5,11 : 0.0922"
"11,5 : 0.0922"
"5,12 : 0.3324"
"12,5 : 0.3324"
"5,13 : 0.2121"
"13,5 : 0.2121"
"5,14 : 0.3982"
"14,5 : 0.3982"
"5,15 : 0.6081"
"15,5 : 0.6081"
"5,16 : 0.6251"
"16,5 : 0.6251"
"5,17 : 0.5798"
"17,5 : 0.5798"
"5,18 : 0.3041"
"18,5 : 0.3041"
"5,19 : 0.2683"
"19,5 : 0.2683"
"5,20 : 0.6671"
"20,5 : 0.6671"
"5,21 : 0.4866"
"21,5 : 0.4866"
"5,22 : 0.4441"
"22,5 : 0.4441"
"5,23 : 0.2818"
"23,5 : 0.2818"
"5,24 : 0.2247"
"24,5 : 0.2247"
"5,25 : 0.4966"
"25,5 : 0.4966"
"5,26 : 0.2884"
"26,5 : 0.2884"
"5,27 : 0.2267"
"27,5 : 0.2267"
"5,28 : 0.59"
"28,5 : 0.59"
"5,29 : 0.1803"
"29,5 : 0.1803"
"5,30 : 0.5315"
"30,5 : 0.5315"
"5,31 : 0.506"
"31,5 : 0.506"
"5,32 : 0.2912"
"32,5 : 0.2912"
"5,33 : 0.4512"
"33,5 : 0.4512"
"5,34 : 0.228"
"34,5 : 0.228"
"5,35 : 0.3471"
"35,5 : 0.3471"
"5,36 : 0.0825"
"36,5 : 0.0825"
"5,37 : 0.4319"
"37,5 : 0.4319"
"5,38 : 0.4785"
"38,5 : 0.4785"
"5,39 : 0.6127"
"39,5 : 0.6127"
"5,40 : 0.2546"
"40,5 : 0.2546"
"5,41 : 0.686"
"41,5 : 0.686"
"5,42 : 0.5239"
"42,5 : 0.5239"
"5,43 : 0.4589"
"43,5 : 0.4589"
"5,44 : 0.4366"
"44,5 : 0.4366"
"5,45 : 0.2802"
"45,5 : 0.2802"
"5,46 : 0.1603"
"46,5 : 0.1603"
"5,47 : 0.3754"
"47,5 : 0.3754"
"5,48 : 0.5"
"48,5 : 0.5"
"5,49 : 0.4827"
"49,5 : 0.4827"
"6,7 : 0.5482"
"7,6 : 0.5482"
"6,8 : 0.658"
"8,6 : 0.658"
"6,9 : 1.0462"
"9,6 : 1.0462"
"6,10 : 0.6868"
"10,6 : 0.6868"
"6,11 : 0.5507"
"11,6 : 0.5507"
"6,12 : 0.6703"
"12,6 : 0.6703"
"6,13 : 0.5337"
"13,6 : 0.5337"
"6,14 : 0.5571"
"14,6 : 0.5571"
"6,15 : 0.7694"
"15,6 : 0.7694"
"6,16 : 0.4159"
"16,6 : 0.4159"
"6,17 : 0.8544"
"17,6 : 0.8544"
"6,18 : 0.9311"
"18,6 : 0.9311"
"6,19 : 0.8797"
"19,6 : 0.8797"
"6,20 : 0.0849"
"20,6 : 0.0849"
"6,21 : 0.6476"
"21,6 : 0.6476"
"6,22 : 0.7485"
"22,6 : 0.7485"
"6,23 : 0.8246"
"23,6 : 0.8246"
"6,24 : 0.4522"
"24,6 : 0.4522"
"6,25 : 0.7694"
"25,6 : 0.7694"
"6,26 : 0.9296"
"26,6 : 0.9296"
"6,27 : 0.4308"
"27,6 : 0.4308"
"6,28 : 0.3324"
"28,6 : 0.3324"
"6,29 : 0.6306"
"29,6 : 0.6306"
"6,30 : 0.3705"
"30,6 : 0.3705"
"6,31 : 0.495"
"31,6 : 0.495"
"6,32 : 0.8668"
"32,6 : 0.8668"
"6,33 : 0.4632"
"33,6 : 0.4632"
"6,34 : 0.7061"
"34,6 : 0.7061"
"6,35 : 0.4801"
"35,6 : 0.4801"
"6,36 : 0.586"
"36,6 : 0.586"
"6,37 : 0.3138"
"37,6 : 0.3138"
"6,38 : 0.5532"
"38,6 : 0.5532"
"6,39 : 0.06"
"39,6 : 0.06"
"6,40 : 0.3992"
"40,6 : 0.3992"
"6,41 : 0.0447"
"41,6 : 0.0447"
"6,42 : 1.0745"
"42,6 : 1.0745"
"6,43 : 0.6512"
"43,6 : 0.6512"
"6,44 : 0.7046"
"44,6 : 0.7046"
"6,45 : 0.5622"
"45,6 : 0.5622"
"6,46 : 0.5661"
"46,6 : 0.5661"
"6,47 : 1.006"
"47,6 : 1.006"
"6,48 : 0.4752"
"48,6 : 0.4752"
"6,49 : 0.4472"
"49,6 : 0.4472"
"7,8 : 0.5284"
"8,7 : 0.5284"
"7,9 : 0.5686"
"9,7 : 0.5686"
"7,10 : 0.6213"
"10,7 : 0.6213"
"7,11 : 0.428"
"11,7 : 0.428"
"7,12 : 0.7355"
"12,7 : 0.7355"
"7,13 : 0.559"
"13,7 : 0.559"
"7,14 : 0.0608"
"14,7 : 0.0608"
"7,15 : 0.2309"
"15,7 : 0.2309"
"7,16 : 0.2419"
"16,7 : 0.2419"
"7,17 : 0.3068"
"17,7 : 0.3068"
"7,18 : 0.7257"
"18,7 : 0.7257"
"7,19 : 0.5315"
"19,7 : 0.5315"
"7,20 : 0.5108"
"20,7 : 0.5108"
"7,21 : 0.8382"
"21,7 : 0.8382"
"7,22 : 0.2193"
"22,7 : 0.2193"
"7,23 : 0.7379"
"23,7 : 0.7379"
"7,24 : 0.486"
"24,7 : 0.486"
"7,25 : 0.8983"
"25,7 : 0.8983"
"7,26 : 0.6512"
"26,7 : 0.6512"
"7,27 : 0.4522"
"27,7 : 0.4522"
"7,28 : 0.2691"
"28,7 : 0.2691"
"7,29 : 0.5982"
"29,7 : 0.5982"
"7,30 : 0.2"
"30,7 : 0.2"
"7,31 : 0.0806"
"31,7 : 0.0806"
"7,32 : 0.7446"
"32,7 : 0.7446"
"7,33 : 0.7111"
"33,7 : 0.7111"
"7,34 : 0.6685"
"34,7 : 0.6685"
"7,35 : 0.6381"
"35,7 : 0.6381"
"7,36 : 0.3759"
"36,7 : 0.3759"
"7,37 : 0.2408"
"37,7 : 0.2408"
"7,38 : 0.0224"
"38,7 : 0.0224"
"7,39 : 0.4904"
"39,7 : 0.4904"
"7,40 : 0.4442"
"40,7 : 0.4442"
"7,41 : 0.5787"
"41,7 : 0.5787"
"7,42 : 0.614"
"42,7 : 0.614"
"7,43 : 0.8201"
"43,7 : 0.8201"
"7,44 : 0.8281"
"44,7 : 0.8281"
"7,45 : 0.6378"
"45,7 : 0.6378"
"7,46 : 0.5381"
"46,7 : 0.5381"
"7,47 : 0.6648"
"47,7 : 0.6648"
"7,48 : 0.0922"
"48,7 : 0.0922"
"7,49 : 0.1082"
"49,7 : 0.1082"
"8,9 : 0.5801"
"9,8 : 0.5801"
"8,10 : 0.1"
"10,8 : 0.1"
"8,11 : 0.12"
"11,8 : 0.12"
"8,12 : 0.2596"
"12,8 : 0.2596"
"8,13 : 0.17"
"13,8 : 0.17"
"8,14 : 0.4717"
"14,8 : 0.4717"
"8,15 : 0.6859"
"15,8 : 0.6859"
"8,16 : 0.6845"
"16,8 : 0.6845"
"8,17 : 0.6573"
"17,8 : 0.6573"
"8,18 : 0.2731"
"18,8 : 0.2731"
"8,19 : 0.3081"
"19,8 : 0.3081"
"8,20 : 0.6926"
"20,8 : 0.6926"
"8,21 : 0.4211"
"21,8 : 0.4211"
"8,22 : 0.522"
"22,8 : 0.522"
"8,23 : 0.2119"
"23,8 : 0.2119"
"8,24 : 0.214"
"24,8 : 0.214"
"8,25 : 0.4215"
"25,8 : 0.4215"
"8,26 : 0.2907"
"26,8 : 0.2907"
"8,27 : 0.2283"
"27,8 : 0.2283"
"8,28 : 0.6428"
"28,8 : 0.6428"
"8,29 : 0.1105"
"29,8 : 0.1105"
"8,30 : 0.5886"
"30,8 : 0.5886"
"8,31 : 0.5738"
"31,8 : 0.5738"
"8,32 : 0.2309"
"32,8 : 0.2309"
"8,33 : 0.4085"
"33,8 : 0.4085"
"8,34 : 0.15"
"34,8 : 0.15"
"8,35 : 0.3046"
"35,8 : 0.3046"
"8,36 : 0.1526"
"36,8 : 0.1526"
"8,37 : 0.4804"
"37,8 : 0.4804"
"8,38 : 0.5507"
"38,8 : 0.5507"
"8,39 : 0.6357"
"39,8 : 0.6357"
"8,40 : 0.2594"
"40,8 : 0.2594"
"8,41 : 0.7026"
"41,8 : 0.7026"
"8,42 : 0.5743"
"42,8 : 0.5743"
"8,43 : 0.392"
"43,8 : 0.392"
"8,44 : 0.364"
"44,8 : 0.364"
"8,45 : 0.2236"
"45,8 : 0.2236"
"8,46 : 0.1166"
"46,8 : 0.1166"
"8,47 : 0.3945"
"47,8 : 0.3945"
"8,48 : 0.5665"
"48,8 : 0.5665"
"8,49 : 0.5471"
"49,8 : 0.5471"
"9,10 : 0.6619"
"10,9 : 0.6619"
"9,11 : 0.5944"
"11,9 : 0.5944"
"9,12 : 0.8322"
"12,9 : 0.8322"
"9,13 : 0.7355"
"13,9 : 0.7355"
"9,14 : 0.5263"
"14,9 : 0.5263"
"9,15 : 0.4982"
"15,9 : 0.4982"
"9,16 : 0.8099"
"16,9 : 0.8099"
"9,17 : 0.3712"
"17,9 : 0.3712"
"9,18 : 0.5277"
"18,9 : 0.5277"
"9,19 : 0.2864"
"19,9 : 0.2864"
"9,20 : 1.0359"
"20,9 : 1.0359"
"9,21 : 1.0002"
"21,9 : 1.0002"
"9,22 : 0.3578"
"22,9 : 0.3578"
"9,23 : 0.6772"
"23,9 : 0.6772"
"9,24 : 0.7325"
"24,9 : 0.7325"
"9,25 : 0.9815"
"25,9 : 0.9815"
"9,26 : 0.4025"
"26,9 : 0.4025"
"9,27 : 0.7212"
"27,9 : 0.7212"
"9,28 : 0.8324"
"28,9 : 0.8324"
"9,29 : 0.69"
"29,9 : 0.69"
"9,30 : 0.7606"
"30,9 : 0.7606"
"9,31 : 0.649"
"31,9 : 0.649"
"9,32 : 0.6391"
"32,9 : 0.6391"
"9,33 : 0.9732"
"33,9 : 0.9732"
"9,34 : 0.7046"
"34,9 : 0.7046"
"9,35 : 0.8698"
"35,9 : 0.8698"
"9,36 : 0.5192"
"36,9 : 0.5192"
"9,37 : 0.7441"
"37,9 : 0.7441"
"9,38 : 0.5798"
"38,9 : 0.5798"
"9,39 : 0.9981"
"39,9 : 0.9981"
"9,40 : 0.74"
"40,9 : 0.74"
"9,41 : 1.086"
"41,9 : 1.086"
"9,42 : 0.0608"
"42,9 : 0.0608"
"9,43 : 0.9705"
"43,9 : 0.9705"
"9,44 : 0.9343"
"44,9 : 0.9343"
"9,45 : 0.8016"
"45,9 : 0.8016"
"9,46 : 0.6836"
"46,9 : 0.6836"
"9,47 : 0.3061"
"47,9 : 0.3061"
"9,48 : 0.6603"
"48,9 : 0.6603"
"9,49 : 0.6701"
"49,9 : 0.6701"
"10,11 : 0.197"
"11,10 : 0.197"
"10,12 : 0.1703"
"12,10 : 0.1703"
"10,13 : 0.1565"
"13,10 : 0.1565"
"10,14 : 0.5661"
"14,10 : 0.5661"
"10,15 : 0.7852"
"15,10 : 0.7852"
"10,16 : 0.7624"
"16,10 : 0.7624"
"10,17 : 0.7572"
"17,10 : 0.7572"
"10,18 : 0.2687"
"18,10 : 0.2687"
"10,19 : 0.3801"
"19,10 : 0.3801"
"10,20 : 0.7316"
"20,10 : 0.7316"
"10,21 : 0.3413"
"21,10 : 0.3413"
"10,22 : 0.622"
"22,10 : 0.622"
"10,23 : 0.1404"
"23,10 : 0.1404"
"10,24 : 0.2354"
"24,10 : 0.2354"
"10,25 : 0.3257"
"25,10 : 0.3257"
"10,26 : 0.327"
"26,10 : 0.327"
"10,27 : 0.2617"
"27,10 : 0.2617"
"10,28 : 0.7139"
"28,10 : 0.7139"
"10,29 : 0.0583"
"29,10 : 0.0583"
"10,30 : 0.6648"
"30,10 : 0.6648"
"10,31 : 0.6619"
"31,10 : 0.6619"
"10,32 : 0.1803"
"32,10 : 0.1803"
"10,33 : 0.3662"
"33,10 : 0.3662"
"10,34 : 0.05"
"34,10 : 0.05"
"10,35 : 0.2691"
"35,10 : 0.2691"
"10,36 : 0.2484"
"36,10 : 0.2484"
"10,37 : 0.5492"
"37,10 : 0.5492"
"10,38 : 0.6435"
"38,10 : 0.6435"
"10,39 : 0.6727"
"39,10 : 0.6727"
"10,40 : 0.2927"
"40,10 : 0.2927"
"10,41 : 0.7308"
"41,10 : 0.7308"
"10,42 : 0.6501"
"42,10 : 0.6501"
"10,43 : 0.3106"
"43,10 : 0.3106"
"10,44 : 0.2729"
"44,10 : 0.2729"
"10,45 : 0.172"
"45,10 : 0.172"
"10,46 : 0.1217"
"46,10 : 0.1217"
"10,47 : 0.4427"
"47,10 : 0.4427"
"10,48 : 0.6531"
"48,10 : 0.6531"
"10,49 : 0.6316"
"49,10 : 0.6316"
"11,12 : 0.314"
"12,11 : 0.314"
"11,13 : 0.1552"
"13,11 : 0.1552"
"11,14 : 0.3754"
"14,11 : 0.3754"
"11,15 : 0.608"
"15,11 : 0.608"
"11,16 : 0.5675"
"16,11 : 0.5675"
"11,17 : 0.6001"
"17,11 : 0.6001"
"11,18 : 0.386"
"18,11 : 0.386"
"11,19 : 0.3551"
"19,11 : 0.3551"
"11,20 : 0.5794"
"20,11 : 0.5794"
"11,21 : 0.446"
"21,11 : 0.446"
"11,22 : 0.461"
"22,11 : 0.461"
"11,23 : 0.3276"
"23,11 : 0.3276"
"11,24 : 0.1393"
"24,11 : 0.1393"
"11,25 : 0.4801"
"25,11 : 0.4801"
"11,26 : 0.3801"
"26,11 : 0.3801"
"11,27 : 0.136"
"27,11 : 0.136"
"11,28 : 0.5235"
"28,11 : 0.5235"
"11,29 : 0.1703"
"29,11 : 0.1703"
"11,30 : 0.4707"
"30,11 : 0.4707"
"11,31 : 0.4653"
"31,11 : 0.4653"
"11,32 : 0.3506"
"32,11 : 0.3506"
"11,33 : 0.3812"
"33,11 : 0.3812"
"11,34 : 0.2419"
"34,11 : 0.2419"
"11,35 : 0.28"
"35,11 : 0.28"
"11,36 : 0.0806"
"36,11 : 0.0806"
"11,37 : 0.3606"
"37,11 : 0.3606"
"11,38 : 0.45"
"38,11 : 0.45"
"11,39 : 0.5239"
"39,11 : 0.5239"
"11,40 : 0.1628"
"40,11 : 0.1628"
"11,41 : 0.5954"
"41,11 : 0.5954"
"11,42 : 0.6008"
"42,11 : 0.6008"
"11,43 : 0.4215"
"43,11 : 0.4215"
"11,44 : 0.4134"
"44,11 : 0.4134"
"11,45 : 0.2341"
"45,11 : 0.2341"
"11,46 : 0.1166"
"46,11 : 0.1166"
"11,47 : 0.4669"
"47,11 : 0.4669"
"11,48 : 0.4562"
"48,11 : 0.4562"
"11,49 : 0.4346"
"49,11 : 0.4346"
"12,13 : 0.1803"
"13,12 : 0.1803"
"12,14 : 0.6862"
"14,12 : 0.6862"
"12,15 : 0.922"
"15,12 : 0.922"
"12,16 : 0.8365"
"16,12 : 0.8365"
"12,17 : 0.9082"
"17,12 : 0.9082"
"12,18 : 0.4025"
"18,12 : 0.4025"
"12,19 : 0.55"
"19,12 : 0.55"
"12,20 : 0.7311"
"20,12 : 0.7311"
"12,21 : 0.1746"
"21,12 : 0.1746"
"12,22 : 0.7703"
"22,12 : 0.7703"
"12,23 : 0.222"
"23,12 : 0.222"
"12,24 : 0.2683"
"24,12 : 0.2683"
"12,25 : 0.1664"
"25,12 : 0.1664"
"12,26 : 0.4851"
"26,12 : 0.4851"
"12,27 : 0.3041"
"27,12 : 0.3041"
"12,28 : 0.7747"
"28,12 : 0.7747"
"12,29 : 0.1523"
"29,12 : 0.1523"
"12,30 : 0.7382"
"30,12 : 0.7382"
"12,31 : 0.7622"
"31,12 : 0.7622"
"12,32 : 0.2802"
"32,12 : 0.2802"
"12,33 : 0.2555"
"33,12 : 0.2555"
"12,34 : 0.1315"
"34,12 : 0.1315"
"12,35 : 0.1924"
"35,12 : 0.1924"
"12,36 : 0.3859"
"36,12 : 0.3859"
"12,37 : 0.6127"
"37,12 : 0.6127"
"12,38 : 0.7569"
"38,12 : 0.7569"
"12,39 : 0.6712"
"39,12 : 0.6712"
"12,40 : 0.327"
"40,12 : 0.327"
"12,41 : 0.7111"
"41,12 : 0.7111"
"12,42 : 0.82"
"42,12 : 0.82"
"12,43 : 0.1432"
"43,12 : 0.1432"
"12,44 : 0.1044"
"44,12 : 0.1044"
"12,45 : 0.114"
"45,12 : 0.114"
"12,46 : 0.1985"
"46,12 : 0.1985"
"12,47 : 0.6042"
"47,12 : 0.6042"
"12,48 : 0.75"
"48,12 : 0.75"
"12,49 : 0.7242"
"49,12 : 0.7242"
"13,14 : 0.5122"
"14,13 : 0.5122"
"13,15 : 0.7547"
"15,13 : 0.7547"
"13,16 : 0.6574"
"16,13 : 0.6574"
"13,17 : 0.7539"
"17,13 : 0.7539"
"13,18 : 0.4201"
"18,13 : 0.4201"
"13,19 : 0.4743"
"19,13 : 0.4743"
"13,20 : 0.5831"
"20,13 : 0.5831"
"13,21 : 0.2915"
"21,13 : 0.2915"
"13,22 : 0.6147"
"22,13 : 0.6147"
"13,23 : 0.2912"
"23,13 : 0.2912"
"13,24 : 0.0922"
"24,13 : 0.0922"
"13,25 : 0.3394"
"25,13 : 0.3394"
"13,26 : 0.458"
"26,13 : 0.458"
"13,27 : 0.1265"
"27,13 : 0.1265"
"13,28 : 0.5981"
"28,13 : 0.5981"
"13,29 : 0.0985"
"29,13 : 0.0985"
"13,30 : 0.559"
"30,13 : 0.559"
"13,31 : 0.5826"
"31,13 : 0.5826"
"13,32 : 0.3362"
"32,13 : 0.3362"
"13,33 : 0.2404"
"33,13 : 0.2404"
"13,34 : 0.1726"
"34,13 : 0.1726"
"13,35 : 0.136"
"35,13 : 0.136"
"13,36 : 0.2354"
"36,13 : 0.2354"
"13,37 : 0.4346"
"37,13 : 0.4346"
"13,38 : 0.58"
"38,13 : 0.58"
"13,39 : 0.5235"
"39,13 : 0.5235"
"13,40 : 0.153"
"40,13 : 0.153"
"13,41 : 0.5772"
"41,13 : 0.5772"
"13,42 : 0.7355"
"42,13 : 0.7355"
"13,43 : 0.2683"
"43,13 : 0.2683"
"13,44 : 0.2691"
"44,13 : 0.2691"
"13,45 : 0.0806"
"45,13 : 0.0806"
"13,46 : 0.0539"
"46,13 : 0.0539"
"13,47 : 0.5644"
"47,13 : 0.5644"
"13,48 : 0.5701"
"48,13 : 0.5701"
"13,49 : 0.5441"
"49,13 : 0.5441"
"14,15 : 0.253"
"15,14 : 0.253"
"14,16 : 0.2915"
"16,14 : 0.2915"
"14,17 : 0.3027"
"17,14 : 0.3027"
"14,18 : 0.6649"
"18,14 : 0.6649"
"14,19 : 0.4727"
"19,14 : 0.4727"
"14,20 : 0.5284"
"20,14 : 0.5284"
"14,21 : 0.7961"
"21,14 : 0.7961"
"14,22 : 0.1924"
"22,14 : 0.1924"
"14,23 : 0.68"
"23,14 : 0.68"
"14,24 : 0.4442"
"24,14 : 0.4442"
"14,25 : 0.8504"
"25,14 : 0.8504"
"14,26 : 0.5908"
"26,14 : 0.5908"
"14,27 : 0.4118"
"27,14 : 0.4118"
"14,28 : 0.3061"
"28,14 : 0.3061"
"14,29 : 0.5456"
"29,14 : 0.5456"
"14,30 : 0.2343"
"30,14 : 0.2343"
"14,31 : 0.1334"
"31,14 : 0.1334"
"14,32 : 0.6854"
"32,14 : 0.6854"
"14,33 : 0.6778"
"33,14 : 0.6778"
"14,34 : 0.614"
"34,14 : 0.614"
"14,35 : 0.5994"
"35,14 : 0.5994"
"14,36 : 0.3191"
"36,14 : 0.3191"
"14,37 : 0.2435"
"37,14 : 0.2435"
"14,38 : 0.0825"
"38,14 : 0.0825"
"14,39 : 0.5016"
"39,14 : 0.5016"
"14,40 : 0.4072"
"40,14 : 0.4072"
"14,41 : 0.5909"
"41,14 : 0.5909"
"14,42 : 0.5686"
"42,14 : 0.5686"
"14,43 : 0.7767"
"43,14 : 0.7767"
"14,44 : 0.781"
"44,14 : 0.781"
"14,45 : 0.592"
"45,14 : 0.592"
"14,46 : 0.488"
"46,14 : 0.488"
"14,47 : 0.6067"
"47,14 : 0.6067"
"14,48 : 0.1393"
"48,14 : 0.1393"
"14,49 : 0.1442"
"49,14 : 0.1442"
"15,16 : 0.3982"
"16,15 : 0.3982"
"15,17 : 0.1342"
"17,15 : 0.1342"
"15,18 : 0.823"
"18,15 : 0.823"
"15,19 : 0.5819"
"19,15 : 0.5819"
"15,20 : 0.7228"
"20,15 : 0.7228"
"15,21 : 1.0432"
"21,15 : 1.0432"
"15,22 : 0.1838"
"22,15 : 0.1838"
"15,23 : 0.8809"
"23,15 : 0.8809"
"15,24 : 0.6932"
"24,15 : 0.6932"
"15,25 : 1.0881"
"25,15 : 1.0881"
"15,26 : 0.7224"
"26,15 : 0.7224"
"15,27 : 0.6621"
"27,15 : 0.6621"
"15,28 : 0.4588"
"28,15 : 0.4588"
"15,29 : 0.7747"
"29,15 : 0.7747"
"15,30 : 0.4026"
"30,15 : 0.4026"
"15,31 : 0.2746"
"31,15 : 0.2746"
"15,32 : 0.8742"
"32,15 : 0.8742"
"15,33 : 0.9305"
"33,15 : 0.9305"
"15,34 : 0.8349"
"34,15 : 0.8349"
"15,35 : 0.85"
"35,15 : 0.85"
"15,36 : 0.5391"
"36,15 : 0.5391"
"15,37 : 0.47"
"37,15 : 0.47"
"15,38 : 0.22"
"38,15 : 0.22"
"15,39 : 0.7102"
"39,15 : 0.7102"
"15,40 : 0.6592"
"40,15 : 0.6592"
"15,41 : 0.7962"
"41,15 : 0.7962"
"15,42 : 0.5558"
"42,15 : 0.5558"
"15,43 : 1.0222"
"43,15 : 1.0222"
"15,44 : 1.0208"
"44,15 : 1.0208"
"15,45 : 0.8353"
"45,15 : 0.8353"
"15,46 : 0.7242"
"46,15 : 0.7242"
"15,47 : 0.6963"
"47,15 : 0.6963"
"15,48 : 0.2943"
"48,15 : 0.2943"
"15,49 : 0.3225"
"49,15 : 0.3225"
"16,17 : 0.514"
"17,16 : 0.514"
"16,18 : 0.9205"
"18,16 : 0.9205"
"16,19 : 0.7571"
"19,16 : 0.7571"
"16,20 : 0.3501"
"20,16 : 0.3501"
"16,21 : 0.8964"
"21,16 : 0.8964"
"16,22 : 0.4561"
"22,16 : 0.4561"
"16,23 : 0.895"
"23,16 : 0.895"
"16,24 : 0.5682"
"24,16 : 0.5682"
"16,25 : 0.9848"
"25,16 : 0.9848"
"16,26 : 0.8637"
"26,16 : 0.8637"
"16,27 : 0.5324"
"27,16 : 0.5324"
"16,28 : 0.0854"
"28,16 : 0.0854"
"16,29 : 0.7245"
"29,16 : 0.7245"
"16,30 : 0.0985"
"30,16 : 0.0985"
"16,31 : 0.1612"
"31,16 : 0.1612"
"16,32 : 0.9141"
"32,16 : 0.9141"
"16,33 : 0.7354"
"33,16 : 0.7354"
"16,34 : 0.8032"
"34,16 : 0.8032"
"16,35 : 0.692"
"35,16 : 0.692"
"16,36 : 0.5433"
"36,16 : 0.5433"
"16,37 : 0.2247"
"37,16 : 0.2247"
"16,38 : 0.2302"
"38,16 : 0.2302"
"16,39 : 0.3569"
"39,16 : 0.3569"
"16,40 : 0.5111"
"40,16 : 0.5111"
"16,41 : 0.431"
"41,16 : 0.431"
"16,42 : 0.8559"
"42,16 : 0.8559"
"16,43 : 0.886"
"43,16 : 0.886"
"16,44 : 0.9127"
"44,16 : 0.9127"
"16,45 : 0.7256"
"45,16 : 0.7256"
"16,46 : 0.6555"
"46,16 : 0.6555"
"16,47 : 0.8927"
"47,16 : 0.8927"
"16,48 : 0.1523"
"48,16 : 0.1523"
"16,49 : 0.153"
"49,16 : 0.153"
"17,18 : 0.7521"
"18,17 : 0.7521"
"17,19 : 0.4974"
"19,17 : 0.4974"
"17,20 : 0.8171"
"20,17 : 0.8171"
"17,21 : 1.0455"
"21,17 : 1.0455"
"17,22 : 0.1393"
"22,17 : 0.1393"
"17,23 : 0.8355"
"23,17 : 0.8355"
"17,24 : 0.706"
"24,17 : 0.706"
"17,25 : 1.0742"
"25,17 : 1.0742"
"17,26 : 0.6414"
"26,17 : 0.6414"
"17,27 : 0.6791"
"27,17 : 0.6791"
"17,28 : 0.5644"
"28,17 : 0.5644"
"17,29 : 0.7566"
"29,17 : 0.7566"
"17,30 : 0.5009"
"30,17 : 0.5009"
"17,31 : 0.3712"
"31,17 : 0.3712"
"17,32 : 0.8204"
"32,17 : 0.8204"
"17,33 : 0.9534"
"33,17 : 0.9534"
"17,34 : 0.8071"
"34,17 : 0.8071"
"17,35 : 0.864"
"35,17 : 0.864"
"17,36 : 0.5233"
"36,17 : 0.5233"
"17,37 : 0.5434"
"37,17 : 0.5434"
"17,38 : 0.3046"
"38,17 : 0.3046"
"17,39 : 0.797"
"39,17 : 0.797"
"17,40 : 0.6825"
"40,17 : 0.6825"
"17,41 : 0.8854"
"41,17 : 0.8854"
"17,42 : 0.4305"
"42,17 : 0.4305"
"17,43 : 1.0216"
"43,17 : 1.0216"
"17,44 : 1.0107"
"44,17 : 1.0107"
"17,45 : 0.8338"
"45,17 : 0.8338"
"17,46 : 0.7159"
"46,17 : 0.7159"
"17,47 : 0.5981"
"47,17 : 0.5981"
"17,48 : 0.3891"
"48,17 : 0.3891"
"17,49 : 0.4123"
"49,17 : 0.4123"
"18,19 : 0.2617"
"19,18 : 0.2617"
"18,20 : 0.9646"
"20,18 : 0.9646"
"18,21 : 0.5738"
"21,18 : 0.5738"
"18,22 : 0.6401"
"22,18 : 0.6401"
"18,23 : 0.1868"
"23,18 : 0.1868"
"18,24 : 0.4837"
"24,18 : 0.4837"
"18,25 : 0.508"
"25,18 : 0.508"
"18,26 : 0.1253"
"26,18 : 0.1253"
"18,27 : 0.5009"
"27,18 : 0.5009"
"18,28 : 0.8914"
"28,18 : 0.8914"
"18,29 : 0.3256"
"29,18 : 0.3256"
"18,30 : 0.8301"
"30,18 : 0.8301"
"18,31 : 0.7877"
"31,18 : 0.7877"
"18,32 : 0.1315"
"32,18 : 0.1315"
"18,33 : 0.6325"
"33,18 : 0.6325"
"18,34 : 0.2802"
"34,18 : 0.2802"
"18,35 : 0.5376"
"35,18 : 0.5376"
"18,36 : 0.3812"
"36,18 : 0.3812"
"18,37 : 0.7355"
"37,18 : 0.7355"
"18,38 : 0.7473"
"38,18 : 0.7473"
"18,39 : 0.9082"
"39,18 : 0.9082"
"18,40 : 0.5323"
"40,18 : 0.5323"
"18,41 : 0.9758"
"41,18 : 0.9758"
"18,42 : 0.494"
"42,18 : 0.494"
"18,43 : 0.5423"
"43,18 : 0.5423"
"18,44 : 0.4838"
"44,18 : 0.4838"
"18,45 : 0.4393"
"45,18 : 0.4393"
"18,46 : 0.3744"
"46,18 : 0.3744"
"18,47 : 0.2354"
"47,18 : 0.2354"
"18,48 : 0.7852"
"48,18 : 0.7852"
"18,49 : 0.7723"
"49,18 : 0.7723"
"19,20 : 0.8905"
"20,19 : 0.8905"
"19,21 : 0.7211"
"21,19 : 0.7211"
"19,22 : 0.3985"
"22,19 : 0.3985"
"19,23 : 0.3922"
"23,19 : 0.3922"
"19,24 : 0.4924"
"24,19 : 0.4924"
"19,25 : 0.6958"
"25,19 : 0.6958"
"19,26 : 0.1442"
"26,19 : 0.1442"
"19,27 : 0.4909"
"27,19 : 0.4909"
"19,28 : 0.7495"
"28,19 : 0.7495"
"19,29 : 0.4144"
"29,19 : 0.4144"
"19,30 : 0.6801"
"30,19 : 0.6801"
"19,31 : 0.6053"
"31,19 : 0.6053"
"19,32 : 0.3578"
"32,19 : 0.3578"
"19,33 : 0.7147"
"33,19 : 0.7147"
"19,34 : 0.4205"
"34,19 : 0.4205"
"19,35 : 0.6103"
"35,19 : 0.6103"
"19,36 : 0.2973"
"36,19 : 0.2973"
"19,37 : 0.6172"
"37,19 : 0.6172"
"19,38 : 0.5508"
"38,19 : 0.5508"
"19,39 : 0.842"
"39,19 : 0.842"
"19,40 : 0.5161"
"40,19 : 0.5161"
"19,41 : 0.9231"
"41,19 : 0.9231"
"19,42 : 0.27"
"42,19 : 0.27"
"19,43 : 0.6907"
"43,19 : 0.6907"
"19,44 : 0.6507"
"44,19 : 0.6507"
"19,45 : 0.5315"
"45,19 : 0.5315"
"19,46 : 0.4206"
"46,19 : 0.4206"
"19,47 : 0.136"
"47,19 : 0.136"
"19,48 : 0.6083"
"48,19 : 0.6083"
"19,49 : 0.6042"
"49,19 : 0.6042"
"20,21 : 0.7212"
"21,20 : 0.7212"
"20,22 : 0.7207"
"22,20 : 0.7207"
"20,23 : 0.8713"
"23,20 : 0.8713"
"20,24 : 0.4965"
"24,20 : 0.4965"
"20,25 : 0.8395"
"25,20 : 0.8395"
"20,26 : 0.9526"
"26,20 : 0.9526"
"20,27 : 0.4707"
"27,20 : 0.4707"
"20,28 : 0.2707"
"28,20 : 0.2707"
"20,29 : 0.6774"
"29,20 : 0.6774"
"20,30 : 0.3202"
"30,20 : 0.3202"
"20,31 : 0.4492"
"31,20 : 0.4492"
"20,32 : 0.9101"
"32,20 : 0.9101"
"20,33 : 0.5376"
"33,20 : 0.5376"
"20,34 : 0.7554"
"34,20 : 0.7554"
"20,35 : 0.5445"
"35,20 : 0.5445"
"20,36 : 0.6042"
"36,20 : 0.6042"
"20,37 : 0.2921"
"37,20 : 0.2921"
"20,38 : 0.5126"
"38,20 : 0.5126"
"20,39 : 0.06"
"39,20 : 0.06"
"20,40 : 0.4393"
"40,20 : 0.4393"
"20,41 : 0.0825"
"41,20 : 0.0825"
"20,42 : 1.0683"
"42,20 : 1.0683"
"20,43 : 0.7228"
"43,20 : 0.7228"
"20,44 : 0.7728"
"44,20 : 0.7728"
"20,45 : 0.6201"
"45,20 : 0.6201"
"20,46 : 0.61"
"46,20 : 0.61"
"20,47 : 1.0208"
"47,20 : 1.0208"
"20,48 : 0.4301"
"48,20 : 0.4301"
"20,49 : 0.405"
"49,20 : 0.405"
"21,22 : 0.9062"
"22,21 : 0.9062"
"21,23 : 0.3891"
"23,21 : 0.3891"
"21,24 : 0.3523"
"24,21 : 0.3523"
"21,25 : 0.1334"
"25,21 : 0.1334"
"21,26 : 0.6597"
"26,21 : 0.6597"
"21,27 : 0.386"
"27,21 : 0.386"
"21,28 : 0.8242"
"28,21 : 0.8242"
"21,29 : 0.3106"
"29,21 : 0.3106"
"21,30 : 0.8016"
"30,21 : 0.8016"
"21,31 : 0.8504"
"31,21 : 0.8504"
"21,32 : 0.4472"
"32,21 : 0.4472"
"21,33 : 0.1844"
"33,21 : 0.1844"
"21,34 : 0.3059"
"34,21 : 0.3059"
"21,35 : 0.2052"
"35,21 : 0.2052"
"21,36 : 0.525"
"36,21 : 0.525"
"21,37 : 0.6736"
"37,21 : 0.6736"
"21,38 : 0.858"
"38,21 : 0.858"
"21,39 : 0.6641"
"39,21 : 0.6641"
"21,40 : 0.397"
"40,21 : 0.397"
"21,41 : 0.6825"
"41,21 : 0.6825"
"21,42 : 0.9908"
"42,21 : 0.9908"
"21,43 : 0.0316"
"43,21 : 0.0316"
"21,44 : 0.099"
"44,21 : 0.099"
"21,45 : 0.2119"
"45,21 : 0.2119"
"21,46 : 0.3324"
"46,21 : 0.3324"
"21,47 : 0.7788"
"47,21 : 0.7788"
"21,48 : 0.8355"
"48,21 : 0.8355"
"21,49 : 0.8066"
"49,21 : 0.8066"
"22,23 : 0.7072"
"23,22 : 0.7072"
"22,24 : 0.5675"
"24,22 : 0.5675"
"22,25 : 0.9365"
"25,22 : 0.9365"
"22,26 : 0.5385"
"26,22 : 0.5385"
"22,27 : 0.5413"
"27,22 : 0.5413"
"22,28 : 0.4884"
"28,22 : 0.4884"
"22,29 : 0.6191"
"29,22 : 0.6191"
"22,30 : 0.4187"
"30,22 : 0.4187"
"22,31 : 0.2973"
"31,22 : 0.2973"
"22,32 : 0.6966"
"32,22 : 0.6966"
"22,33 : 0.8158"
"33,22 : 0.8158"
"22,34 : 0.672"
"34,22 : 0.672"
"22,35 : 0.7253"
"35,22 : 0.7253"
"22,36 : 0.3847"
"36,22 : 0.3847"
"22,37 : 0.4346"
"37,22 : 0.4346"
"22,38 : 0.2267"
"38,22 : 0.2267"
"22,39 : 0.6935"
"39,22 : 0.6935"
"22,40 : 0.5459"
"40,22 : 0.5459"
"22,41 : 0.7829"
"41,22 : 0.7829"
"22,42 : 0.4085"
"42,22 : 0.4085"
"22,43 : 0.8824"
"43,22 : 0.8824"
"22,44 : 0.8724"
"44,22 : 0.8724"
"22,45 : 0.6946"
"45,22 : 0.6946"
"22,46 : 0.577"
"46,22 : 0.577"
"22,47 : 0.5162"
"47,22 : 0.5162"
"22,48 : 0.3111"
"48,22 : 0.3111"
"22,49 : 0.3265"
"49,22 : 0.3265"
"23,24 : 0.3748"
"24,23 : 0.3748"
"23,25 : 0.3225"
"25,23 : 0.3225"
"23,26 : 0.2902"
"26,23 : 0.2902"
"23,27 : 0.402"
"27,23 : 0.402"
"23,28 : 0.85"
"28,23 : 0.85"
"23,29 : 0.1942"
"29,23 : 0.1942"
"23,30 : 0.7983"
"30,23 : 0.7983"
"23,31 : 0.7855"
"31,23 : 0.7855"
"23,32 : 0.0583"
"32,23 : 0.0583"
"23,33 : 0.4675"
"33,23 : 0.4675"
"23,34 : 0.1208"
"34,23 : 0.1208"
"23,35 : 0.3828"
"35,23 : 0.3828"
"23,36 : 0.3625"
"36,23 : 0.3625"
"23,37 : 0.6859"
"37,23 : 0.6859"
"23,38 : 0.7603"
"38,23 : 0.7603"
"23,39 : 0.8122"
"39,23 : 0.8122"
"23,40 : 0.4329"
"40,23 : 0.4329"
"23,41 : 0.8683"
"41,23 : 0.8683"
"23,42 : 0.6531"
"42,23 : 0.6531"
"23,43 : 0.3578"
"43,23 : 0.3578"
"23,44 : 0.2973"
"44,23 : 0.2973"
"23,45 : 0.283"
"45,23 : 0.283"
"23,46 : 0.2617"
"46,23 : 0.2617"
"23,47 : 0.41"
"47,23 : 0.41"
"23,48 : 0.7783"
"48,23 : 0.7783"
"23,49 : 0.7589"
"49,23 : 0.7589"
"24,25 : 0.4201"
"25,24 : 0.4201"
"24,26 : 0.5021"
"26,24 : 0.5021"
"24,27 : 0.0361"
"27,24 : 0.0361"
"24,28 : 0.507"
"28,24 : 0.507"
"24,29 : 0.1811"
"29,24 : 0.1811"
"24,30 : 0.4701"
"30,24 : 0.4701"
"24,31 : 0.5021"
"31,24 : 0.5021"
"24,32 : 0.4148"
"32,24 : 0.4148"
"24,33 : 0.2508"
"33,24 : 0.2508"
"24,34 : 0.2602"
"34,24 : 0.2602"
"24,35 : 0.1581"
"35,24 : 0.1581"
"24,36 : 0.2138"
"36,24 : 0.2138"
"24,37 : 0.3444"
"37,24 : 0.3444"
"24,38 : 0.5061"
"38,24 : 0.5061"
"24,39 : 0.4374"
"39,24 : 0.4374"
"24,40 : 0.0608"
"40,24 : 0.0608"
"24,41 : 0.4965"
"41,24 : 0.4965"
"24,42 : 0.74"
"42,24 : 0.74"
"24,43 : 0.3342"
"43,24 : 0.3342"
"24,44 : 0.3483"
"44,24 : 0.3483"
"24,45 : 0.1581"
"45,24 : 0.1581"
"24,46 : 0.114"
"46,24 : 0.114"
"24,47 : 0.5982"
"47,24 : 0.5982"
"24,48 : 0.4884"
"48,24 : 0.4884"
"24,49 : 0.461"
"49,24 : 0.461"
"25,26 : 0.6107"
"26,25 : 0.6107"
"25,27 : 0.4561"
"27,25 : 0.4561"
"25,28 : 0.9179"
"28,25 : 0.9179"
"25,29 : 0.3176"
"29,25 : 0.3176"
"25,30 : 0.8875"
"30,25 : 0.8875"
"25,31 : 0.921"
"31,25 : 0.921"
"25,32 : 0.3766"
"32,25 : 0.3766"
"25,33 : 0.3102"
"33,25 : 0.3102"
"25,34 : 0.2789"
"34,25 : 0.2789"
"25,35 : 0.3008"
"35,25 : 0.3008"
"25,36 : 0.5523"
"36,25 : 0.5523"
"25,37 : 0.7601"
"37,25 : 0.7601"
"25,38 : 0.9193"
"38,25 : 0.9193"
"25,39 : 0.781"
"39,25 : 0.781"
"25,40 : 0.4743"
"40,25 : 0.4743"
"25,41 : 0.8062"
"41,25 : 0.8062"
"25,42 : 0.9642"
"42,25 : 0.9642"
"25,43 : 0.12"
"43,25 : 0.12"
"25,44 : 0.0721"
"44,25 : 0.0721"
"25,45 : 0.2625"
"45,25 : 0.2625"
"25,46 : 0.364"
"46,25 : 0.364"
"25,47 : 0.7311"
"47,25 : 0.7311"
"25,48 : 0.9079"
"48,25 : 0.9079"
"25,49 : 0.8809"
"49,25 : 0.8809"
"26,27 : 0.5109"
"27,26 : 0.5109"
"26,28 : 0.8453"
"28,26 : 0.8453"
"26,29 : 0.3759"
"29,26 : 0.3759"
"26,30 : 0.7793"
"30,26 : 0.7793"
"26,31 : 0.72"
"31,26 : 0.72"
"26,32 : 0.2433"
"32,26 : 0.2433"
"26,33 : 0.6896"
"33,26 : 0.6896"
"26,34 : 0.3544"
"34,26 : 0.3544"
"26,35 : 0.5883"
"35,26 : 0.5883"
"26,36 : 0.3493"
"36,26 : 0.3493"
"26,37 : 0.6992"
"37,26 : 0.6992"
"26,38 : 0.6719"
"38,26 : 0.6719"
"26,39 : 0.8994"
"39,26 : 0.8994"
"26,40 : 0.5404"
"40,26 : 0.5404"
"26,41 : 0.9742"
"41,26 : 0.9742"
"26,42 : 0.37"
"42,26 : 0.37"
"26,43 : 0.6282"
"43,26 : 0.6282"
"26,44 : 0.5771"
"44,26 : 0.5771"
"26,45 : 0.4965"
"45,26 : 0.4965"
"26,46 : 0.4061"
"46,26 : 0.4061"
"26,47 : 0.1204"
"47,26 : 0.1204"
"26,48 : 0.7203"
"48,26 : 0.7203"
"26,49 : 0.7118"
"49,26 : 0.7118"
"27,28 : 0.4717"
"28,27 : 0.4717"
"27,29 : 0.21"
"29,27 : 0.21"
"27,30 : 0.4342"
"30,27 : 0.4342"
"27,31 : 0.4667"
"31,27 : 0.4667"
"27,32 : 0.4393"
"32,27 : 0.4393"
"27,33 : 0.2746"
"33,27 : 0.2746"
"27,34 : 0.2902"
"34,27 : 0.2902"
"27,35 : 0.1879"
"35,27 : 0.1879"
"27,36 : 0.2025"
"36,27 : 0.2025"
"27,37 : 0.3087"
"37,27 : 0.3087"
"27,38 : 0.472"
"38,27 : 0.472"
"27,39 : 0.4123"
"39,27 : 0.4123"
"27,40 : 0.0316"
"40,27 : 0.0316"
"27,41 : 0.4754"
"41,27 : 0.4754"
"27,42 : 0.7316"
"42,27 : 0.7316"
"27,43 : 0.3688"
"43,27 : 0.3688"
"27,44 : 0.3842"
"44,27 : 0.3842"
"27,45 : 0.1942"
"45,27 : 0.1942"
"27,46 : 0.1404"
"46,27 : 0.1404"
"27,47 : 0.6021"
"47,27 : 0.6021"
"27,48 : 0.4528"
"48,27 : 0.4528"
"27,49 : 0.4252"
"49,27 : 0.4252"
"28,29 : 0.6719"
"29,28 : 0.6719"
"28,30 : 0.0721"
"30,28 : 0.0721"
"28,31 : 0.1942"
"31,28 : 0.1942"
"28,32 : 0.8737"
"32,28 : 0.8737"
"28,33 : 0.6586"
"33,28 : 0.6586"
"28,34 : 0.7519"
"34,28 : 0.7519"
"28,35 : 0.6213"
"35,28 : 0.6213"
"28,36 : 0.5104"
"36,28 : 0.5104"
"28,37 : 0.1649"
"37,28 : 0.1649"
"28,38 : 0.264"
"38,28 : 0.264"
"28,39 : 0.2729"
"39,28 : 0.2729"
"28,40 : 0.4478"
"40,28 : 0.4478"
"28,41 : 0.35"
"41,28 : 0.35"
"28,42 : 0.8742"
"42,28 : 0.8742"
"28,43 : 0.8154"
"43,28 : 0.8154"
"28,44 : 0.846"
"44,28 : 0.846"
"28,45 : 0.6621"
"45,28 : 0.6621"
"28,46 : 0.6017"
"46,28 : 0.6017"
"28,47 : 0.8854"
"47,28 : 0.8854"
"28,48 : 0.178"
"48,28 : 0.178"
"28,49 : 0.1628"
"49,28 : 0.1628"
"29,30 : 0.6263"
"30,29 : 0.6263"
"29,31 : 0.6329"
"31,29 : 0.6329"
"29,32 : 0.2377"
"32,29 : 0.2377"
"29,33 : 0.3138"
"33,29 : 0.3138"
"29,34 : 0.0806"
"34,29 : 0.0806"
"29,35 : 0.214"
"35,29 : 0.214"
"29,36 : 0.236"
"36,29 : 0.236"
"29,37 : 0.507"
"37,29 : 0.507"
"29,38 : 0.6201"
"38,29 : 0.6201"
"29,39 : 0.6181"
"39,29 : 0.6181"
"29,40 : 0.2402"
"40,29 : 0.2402"
"29,41 : 0.6745"
"41,29 : 0.6745"
"29,42 : 0.6826"
"42,29 : 0.6826"
"29,43 : 0.2816"
"43,29 : 0.2816"
"29,44 : 0.2563"
"44,29 : 0.2563"
"29,45 : 0.1208"
"45,29 : 0.1208"
"29,46 : 0.0707"
"46,29 : 0.0707"
"29,47 : 0.4885"
"47,29 : 0.4885"
"29,48 : 0.6227"
"48,29 : 0.6227"
"29,49 : 0.5994"
"49,29 : 0.5994"
"30,31 : 0.13"
"31,30 : 0.13"
"30,32 : 0.8188"
"32,30 : 0.8188"
"30,33 : 0.6444"
"33,30 : 0.6444"
"30,34 : 0.7052"
"34,30 : 0.7052"
"30,35 : 0.5967"
"35,30 : 0.5967"
"30,36 : 0.4504"
"36,30 : 0.4504"
"30,37 : 0.1281"
"37,30 : 0.1281"
"30,38 : 0.1972"
"38,30 : 0.1972"
"30,39 : 0.3106"
"39,30 : 0.3106"
"30,40 : 0.4134"
"40,30 : 0.4134"
"30,41 : 0.3946"
"41,30 : 0.3946"
"30,42 : 0.8021"
"42,30 : 0.8021"
"30,43 : 0.7903"
"43,30 : 0.7903"
"30,44 : 0.8154"
"44,30 : 0.8154"
"30,45 : 0.6277"
"45,30 : 0.6277"
"30,46 : 0.5571"
"46,30 : 0.5571"
"30,47 : 0.8161"
"47,30 : 0.8161"
"30,48 : 0.1118"
"48,30 : 0.1118"
"30,49 : 0.0922"
"49,30 : 0.0922"
"31,32 : 0.797"
"32,31 : 0.797"
"31,33 : 0.7102"
"33,31 : 0.7102"
"31,34 : 0.7071"
"34,31 : 0.7071"
"31,35 : 0.6466"
"35,31 : 0.6466"
"31,36 : 0.4238"
"36,31 : 0.4238"
"31,37 : 0.2062"
"37,31 : 0.2062"
"31,38 : 0.0707"
"38,31 : 0.0707"
"31,39 : 0.4357"
"39,31 : 0.4357"
"31,40 : 0.4534"
"40,31 : 0.4534"
"31,41 : 0.5217"
"41,31 : 0.5217"
"31,42 : 0.6946"
"42,31 : 0.6946"
"31,43 : 0.8349"
"43,31 : 0.8349"
"31,44 : 0.8496"
"44,31 : 0.8496"
"31,45 : 0.6586"
"45,31 : 0.6586"
"31,46 : 0.5686"
"46,31 : 0.5686"
"31,47 : 0.7398"
"47,31 : 0.7398"
"31,48 : 0.02"
"48,31 : 0.02"
"31,49 : 0.051"
"49,31 : 0.051"
"32,33 : 0.5235"
"33,32 : 0.5235"
"32,34 : 0.172"
"34,32 : 0.172"
"32,35 : 0.436"
"35,32 : 0.436"
"32,36 : 0.3736"
"36,32 : 0.3736"
"32,37 : 0.7111"
"37,32 : 0.7111"
"32,38 : 0.7669"
"38,32 : 0.7669"
"32,39 : 0.8515"
"39,32 : 0.8515"
"32,40 : 0.4707"
"40,32 : 0.4707"
"32,41 : 0.9109"
"41,32 : 0.9109"
"32,42 : 0.6113"
"42,32 : 0.6113"
"32,43 : 0.4159"
"43,32 : 0.4159"
"32,44 : 0.3547"
"44,32 : 0.3547"
"32,45 : 0.336"
"45,32 : 0.336"
"32,46 : 0.3008"
"46,32 : 0.3008"
"32,47 : 0.3612"
"47,32 : 0.3612"
"32,48 : 0.7912"
"48,32 : 0.7912"
"32,49 : 0.7737"
"49,32 : 0.7737"
"33,34 : 0.3538"
"34,33 : 0.3538"
"33,35 : 0.1044"
"35,33 : 0.1044"
"33,36 : 0.4604"
"36,33 : 0.4604"
"33,37 : 0.5186"
"37,33 : 0.5186"
"33,38 : 0.729"
"38,33 : 0.729"
"33,39 : 0.481"
"39,33 : 0.481"
"33,40 : 0.272"
"40,33 : 0.272"
"33,41 : 0.4982"
"41,33 : 0.4982"
"33,42 : 0.9751"
"42,33 : 0.9751"
"33,43 : 0.1903"
"43,33 : 0.1903"
"33,44 : 0.2518"
"44,33 : 0.2518"
"33,45 : 0.1942"
"45,33 : 0.1942"
"33,46 : 0.2941"
"46,33 : 0.2941"
"33,47 : 0.8006"
"47,33 : 0.8006"
"33,48 : 0.6934"
"48,33 : 0.6934"
"33,49 : 0.6629"
"49,33 : 0.6629"
"34,35 : 0.264"
"35,34 : 0.264"
"34,36 : 0.2973"
"36,34 : 0.2973"
"34,37 : 0.5869"
"37,34 : 0.5869"
"34,38 : 0.6907"
"38,34 : 0.6907"
"34,39 : 0.6958"
"39,34 : 0.6958"
"34,40 : 0.32"
"40,34 : 0.32"
"34,41 : 0.7495"
"41,34 : 0.7495"
"34,42 : 0.6903"
"42,34 : 0.6903"
"34,43 : 0.2746"
"43,34 : 0.2746"
"34,44 : 0.2302"
"44,34 : 0.2302"
"34,45 : 0.164"
"45,34 : 0.164"
"34,46 : 0.1513"
"46,34 : 0.1513"
"34,47 : 0.473"
"47,34 : 0.473"
"34,48 : 0.6977"
"48,34 : 0.6977"
"34,49 : 0.6754"
"49,34 : 0.6754"
"35,36 : 0.3601"
"36,35 : 0.3601"
"35,37 : 0.4686"
"37,35 : 0.4686"
"35,38 : 0.6573"
"38,35 : 0.6573"
"35,39 : 0.4851"
"39,35 : 0.4851"
"35,40 : 0.1942"
"40,35 : 0.1942"
"35,41 : 0.5201"
"41,35 : 0.5201"
"35,42 : 0.871"
"42,35 : 0.871"
"35,43 : 0.1942"
"43,35 : 0.1942"
"35,44 : 0.2309"
"44,35 : 0.2309"
"35,45 : 0.1"
"45,35 : 0.1"
"35,46 : 0.1897"
"46,35 : 0.1897"
"35,47 : 0.6977"
"47,35 : 0.6977"
"35,48 : 0.6313"
"48,35 : 0.6313"
"35,49 : 0.6021"
"49,35 : 0.6021"
"36,37 : 0.3551"
"37,36 : 0.3551"
"36,38 : 0.3982"
"38,36 : 0.3982"
"36,39 : 0.5523"
"39,36 : 0.5523"
"36,40 : 0.2236"
"40,36 : 0.2236"
"36,41 : 0.6301"
"41,36 : 0.6301"
"36,42 : 0.5292"
"42,36 : 0.5292"
"36,43 : 0.4998"
"43,36 : 0.4998"
"36,44 : 0.4876"
"44,36 : 0.4876"
"36,45 : 0.3132"
"45,36 : 0.3132"
"36,46 : 0.1931"
"46,36 : 0.1931"
"36,47 : 0.4201"
"47,36 : 0.4201"
"36,48 : 0.4176"
"48,36 : 0.4176"
"36,49 : 0.4002"
"49,36 : 0.4002"
"37,38 : 0.25"
"38,37 : 0.25"
"37,39 : 0.2594"
"39,37 : 0.2594"
"37,40 : 0.2865"
"40,37 : 0.2865"
"37,41 : 0.3489"
"41,37 : 0.3489"
"37,42 : 0.7778"
"42,37 : 0.7778"
"37,43 : 0.6622"
"43,37 : 0.6622"
"37,44 : 0.688"
"44,37 : 0.688"
"37,45 : 0.5012"
"45,37 : 0.5012"
"37,46 : 0.4368"
"46,37 : 0.4368"
"37,47 : 0.7515"
"47,37 : 0.7515"
"37,48 : 0.1868"
"48,37 : 0.1868"
"37,49 : 0.1552"
"49,37 : 0.1552"
"38,39 : 0.4948"
"39,38 : 0.4948"
"38,40 : 0.4632"
"40,38 : 0.4632"
"38,41 : 0.5824"
"41,38 : 0.5824"
"38,42 : 0.6265"
"42,38 : 0.6265"
"38,43 : 0.8402"
"43,38 : 0.8402"
"38,44 : 0.849"
"44,38 : 0.849"
"38,45 : 0.6586"
"45,38 : 0.6586"
"38,46 : 0.5597"
"46,38 : 0.5597"
"38,47 : 0.6836"
"47,38 : 0.6836"
"38,48 : 0.086"
"48,38 : 0.086"
"38,49 : 0.1077"
"49,38 : 0.1077"
"39,40 : 0.3808"
"40,39 : 0.3808"
"39,41 : 0.0894"
"41,39 : 0.0894"
"39,42 : 1.0283"
"42,39 : 1.0283"
"39,43 : 0.6648"
"43,39 : 0.6648"
"39,44 : 0.7139"
"44,39 : 0.7139"
"39,45 : 0.5601"
"45,39 : 0.5601"
"39,46 : 0.5511"
"46,39 : 0.5511"
"39,47 : 0.9708"
"47,39 : 0.9708"
"39,48 : 0.4159"
"48,39 : 0.4159"
"39,49 : 0.3883"
"49,39 : 0.3883"
"40,41 : 0.4438"
"41,40 : 0.4438"
"40,42 : 0.7524"
"42,40 : 0.7524"
"40,43 : 0.3818"
"43,40 : 0.3818"
"40,44 : 0.4022"
"44,40 : 0.4022"
"40,45 : 0.2147"
"45,40 : 0.2147"
"40,46 : 0.1712"
"46,40 : 0.1712"
"40,47 : 0.6297"
"47,40 : 0.6297"
"40,48 : 0.4386"
"48,40 : 0.4386"
"40,49 : 0.4101"
"49,40 : 0.4101"
"41,42 : 1.1152"
"42,41 : 1.1152"
"41,43 : 0.6873"
"43,41 : 0.6873"
"41,44 : 0.7424"
"44,41 : 0.7424"
"41,45 : 0.6041"
"45,41 : 0.6041"
"41,46 : 0.6103"
"46,41 : 0.6103"
"41,47 : 1.05"
"47,41 : 1.05"
"41,48 : 0.5022"
"48,41 : 0.5022"
"41,49 : 0.4754"
"49,41 : 0.4754"
"42,43 : 0.9605"
"43,42 : 0.9605"
"42,44 : 0.9205"
"44,42 : 0.9205"
"42,45 : 0.7976"
"45,42 : 0.7976"
"42,46 : 0.6825"
"46,42 : 0.6825"
"42,47 : 0.2642"
"47,42 : 0.2642"
"42,48 : 0.7049"
"48,42 : 0.7049"
