x,y
0.25,0.35
0.58,0.25
0.12,0.79
0.96,0.91
0.32,0.91
0.7,0.23
0.24,0.8
0.15,0.26
0.92,0.19
0.17,0.45
0.18,0.66
0.95,0.04
0.32,0.04
0.03,0.2
0.45,0.94
0.74,0.45
0.04,0.01
0.85,0.55
0.95,0.68
0.18,0.07
0.76,0.38
0.87,0.21
0.47,0.27
0.35,0.18
0.99,0.49
0.2,0.47
0.54,0.84
0.49,0.06
0.32,0.9
0.58,0.4
0.37,0.85
0.75,0.15
0.08,0.54
0.84,0.22
0.33,0.93
0.33,0.78
0.22,0.87
0.49,0.37
0.86,0.2
0.36,0.21
0.91,0.74
0.2,0.56
0.95,0.89
0.35,0.08
0.94,0.67
0.81,0.99
0.69,0.46
0.73,0.29
0.32,0.09
0.05,0.79

Distanze
"0,1 : 0.3448"
"1,0 : 0.3448"
"0,2 : 0.4588"
"2,0 : 0.4588"
"0,3 : 0.9043"
"3,0 : 0.9043"
"0,4 : 0.5644"
"4,0 : 0.5644"
"0,5 : 0.4657"
"5,0 : 0.4657"
"0,6 : 0.4501"
"6,0 : 0.4501"
"0,7 : 0.1345"
"7,0 : 0.1345"
"0,8 : 0.6888"
"8,0 : 0.6888"
"0,9 : 0.1281"
"9,0 : 0.1281"
"0,10 : 0.3178"
"10,0 : 0.3178"
"0,11 : 0.7656"
"11,0 : 0.7656"
"0,12 : 0.3178"
"12,0 : 0.3178"
"0,13 : 0.2663"
"13,0 : 0.2663"
"0,14 : 0.623"
"14,0 : 0.623"
"0,15 : 0.5001"
"15,0 : 0.5001"
"0,16 : 0.3996"
"16,0 : 0.3996"
"0,17 : 0.6325"
"17,0 : 0.6325"
"0,18 : 0.7739"
"18,0 : 0.7739"
"0,19 : 0.2886"
"19,0 : 0.2886"
"0,20 : 0.5109"
"20,0 : 0.5109"
"0,21 : 0.6356"
"21,0 : 0.6356"
"0,22 : 0.2341"
"22,0 : 0.2341"
"0,23 : 0.1972"
"23,0 : 0.1972"
"0,24 : 0.7531"
"24,0 : 0.7531"
"0,25 : 0.13"
"25,0 : 0.13"
"0,26 : 0.5694"
"26,0 : 0.5694"
"0,27 : 0.3764"
"27,0 : 0.3764"
"0,28 : 0.5544"
"28,0 : 0.5544"
"0,29 : 0.3338"
"29,0 : 0.3338"
"0,30 : 0.5142"
"30,0 : 0.5142"
"0,31 : 0.5385"
"31,0 : 0.5385"
"0,32 : 0.255"
"32,0 : 0.255"
"0,33 : 0.6042"
"33,0 : 0.6042"
"0,34 : 0.5855"
"34,0 : 0.5855"
"0,35 : 0.4374"
"35,0 : 0.4374"
"0,36 : 0.5209"
"36,0 : 0.5209"
"0,37 : 0.2408"
"37,0 : 0.2408"
"0,38 : 0.6282"
"38,0 : 0.6282"
"0,39 : 0.178"
"39,0 : 0.178"
"0,40 : 0.7666"
"40,0 : 0.7666"
"0,41 : 0.2159"
"41,0 : 0.2159"
"0,42 : 0.8841"
"42,0 : 0.8841"
"0,43 : 0.2879"
"43,0 : 0.2879"
"0,44 : 0.7606"
"44,0 : 0.7606"
"0,45 : 0.8504"
"45,0 : 0.8504"
"0,46 : 0.4535"
"46,0 : 0.4535"
"0,47 : 0.4837"
"47,0 : 0.4837"
"0,48 : 0.2693"
"48,0 : 0.2693"
"0,49 : 0.4833"
"49,0 : 0.4833"
"1,2 : 0.7094"
"2,1 : 0.7094"
"1,3 : 0.7616"
"3,1 : 0.7616"
"1,4 : 0.7094"
"4,1 : 0.7094"
"1,5 : 0.1217"
"5,1 : 0.1217"
"1,6 : 0.6466"
"6,1 : 0.6466"
"1,7 : 0.4301"
"7,1 : 0.4301"
"1,8 : 0.3453"
"8,1 : 0.3453"
"1,9 : 0.4562"
"9,1 : 0.4562"
"1,10 : 0.5728"
"10,1 : 0.5728"
"1,11 : 0.4254"
"11,1 : 0.4254"
"1,12 : 0.3342"
"12,1 : 0.3342"
"1,13 : 0.5523"
"13,1 : 0.5523"
"1,14 : 0.7021"
"14,1 : 0.7021"
"1,15 : 0.2561"
"15,1 : 0.2561"
"1,16 : 0.5909"
"16,1 : 0.5909"
"1,17 : 0.4036"
"17,1 : 0.4036"
"1,18 : 0.5673"
"18,1 : 0.5673"
"1,19 : 0.4386"
"19,1 : 0.4386"
"1,20 : 0.222"
"20,1 : 0.222"
"1,21 : 0.2927"
"21,1 : 0.2927"
"1,22 : 0.1118"
"22,1 : 0.1118"
"1,23 : 0.2404"
"23,1 : 0.2404"
"1,24 : 0.4751"
"24,1 : 0.4751"
"1,25 : 0.4391"
"25,1 : 0.4391"
"1,26 : 0.5914"
"26,1 : 0.5914"
"1,27 : 0.2102"
"27,1 : 0.2102"
"1,28 : 0.7001"
"28,1 : 0.7001"
"1,29 : 0.15"
"29,1 : 0.15"
"1,30 : 0.6357"
"30,1 : 0.6357"
"1,31 : 0.1972"
"31,1 : 0.1972"
"1,32 : 0.578"
"32,1 : 0.578"
"1,33 : 0.2617"
"33,1 : 0.2617"
"1,34 : 0.7245"
"34,1 : 0.7245"
"1,35 : 0.586"
"35,1 : 0.586"
"1,36 : 0.7169"
"36,1 : 0.7169"
"1,37 : 0.15"
"37,1 : 0.15"
"1,38 : 0.2844"
"38,1 : 0.2844"
"1,39 : 0.2236"
"39,1 : 0.2236"
"1,40 : 0.5908"
"40,1 : 0.5908"
"1,41 : 0.4904"
"41,1 : 0.4904"
"1,42 : 0.7393"
"42,1 : 0.7393"
"1,43 : 0.286"
"43,1 : 0.286"
"1,44 : 0.5532"
"44,1 : 0.5532"
"1,45 : 0.7749"
"45,1 : 0.7749"
"1,46 : 0.2371"
"46,1 : 0.2371"
"1,47 : 0.1552"
"47,1 : 0.1552"
"1,48 : 0.3053"
"48,1 : 0.3053"
"1,49 : 0.7566"
"49,1 : 0.7566"
"2,3 : 0.8485"
"3,2 : 0.8485"
"2,4 : 0.2332"
"4,2 : 0.2332"
"2,5 : 0.8062"
"5,2 : 0.8062"
"2,6 : 0.1204"
"6,2 : 0.1204"
"2,7 : 0.5308"
"7,2 : 0.5308"
"2,8 : 1.0"
"8,2 : 1.0"
"2,9 : 0.3437"
"9,2 : 0.3437"
"2,10 : 0.1432"
"10,2 : 0.1432"
"2,11 : 1.1187"
"11,2 : 1.1187"
"2,12 : 0.7762"
"12,2 : 0.7762"
"2,13 : 0.5968"
"13,2 : 0.5968"
"2,14 : 0.3625"
"14,2 : 0.3625"
"2,15 : 0.7071"
"15,2 : 0.7071"
"2,16 : 0.7841"
"16,2 : 0.7841"
"2,17 : 0.7684"
"17,2 : 0.7684"
"2,18 : 0.8373"
"18,2 : 0.8373"
"2,19 : 0.7225"
"19,2 : 0.7225"
"2,20 : 0.7601"
"20,2 : 0.7601"
"2,21 : 0.9481"
"21,2 : 0.9481"
"2,22 : 0.6268"
"22,2 : 0.6268"
"2,23 : 0.6519"
"23,2 : 0.6519"
"2,24 : 0.9203"
"24,2 : 0.9203"
"2,25 : 0.3298"
"25,2 : 0.3298"
"2,26 : 0.423"
"26,2 : 0.423"
"2,27 : 0.8184"
"27,2 : 0.8184"
"2,28 : 0.2283"
"28,2 : 0.2283"
"2,29 : 0.6031"
"29,2 : 0.6031"
"2,30 : 0.2571"
"30,2 : 0.2571"
"2,31 : 0.8981"
"31,2 : 0.8981"
"2,32 : 0.2532"
"32,2 : 0.2532"
"2,33 : 0.9183"
"33,2 : 0.9183"
"2,34 : 0.2524"
"34,2 : 0.2524"
"2,35 : 0.2102"
"35,2 : 0.2102"
"2,36 : 0.1281"
"36,2 : 0.1281"
"2,37 : 0.5597"
"37,2 : 0.5597"
"2,38 : 0.9464"
"38,2 : 0.9464"
"2,39 : 0.6277"
"39,2 : 0.6277"
"2,40 : 0.7916"
"40,2 : 0.7916"
"2,41 : 0.2435"
"41,2 : 0.2435"
"2,42 : 0.836"
"42,2 : 0.836"
"2,43 : 0.7463"
"43,2 : 0.7463"
"2,44 : 0.8287"
"44,2 : 0.8287"
"2,45 : 0.7184"
"45,2 : 0.7184"
"2,46 : 0.6586"
"46,2 : 0.6586"
"2,47 : 0.7887"
"47,2 : 0.7887"
"2,48 : 0.728"
"48,2 : 0.728"
"2,49 : 0.07"
"49,2 : 0.07"
"3,4 : 0.64"
"4,3 : 0.64"
"3,5 : 0.728"
"5,3 : 0.728"
"3,6 : 0.7284"
"6,3 : 0.7284"
"3,7 : 1.0386"
"7,3 : 1.0386"
"3,8 : 0.7211"
"8,3 : 0.7211"
"3,9 : 0.9142"
"9,3 : 0.9142"
"3,10 : 0.8191"
"10,3 : 0.8191"
"3,11 : 0.8701"
"11,3 : 0.8701"
"3,12 : 1.08"
"12,3 : 1.08"
"3,13 : 1.17"
"13,3 : 1.17"
"3,14 : 0.5109"
"14,3 : 0.5109"
"3,15 : 0.5099"
"15,3 : 0.5099"
"3,16 : 1.287"
"16,3 : 1.287"
"3,17 : 0.3764"
"17,3 : 0.3764"
"3,18 : 0.2302"
"18,3 : 0.2302"
"3,19 : 1.1463"
"19,3 : 1.1463"
"3,20 : 0.5665"
"20,3 : 0.5665"
"3,21 : 0.7058"
"21,3 : 0.7058"
"3,22 : 0.806"
"22,3 : 0.806"
"3,23 : 0.9513"
"23,3 : 0.9513"
"3,24 : 0.4211"
"24,3 : 0.4211"
"3,25 : 0.8782"
"25,3 : 0.8782"
"3,26 : 0.4258"
"26,3 : 0.4258"
"3,27 : 0.9713"
"27,3 : 0.9713"
"3,28 : 0.6401"
"28,3 : 0.6401"
"3,29 : 0.636"
"29,3 : 0.636"
"3,30 : 0.593"
"30,3 : 0.593"
"3,31 : 0.7885"
"31,3 : 0.7885"
"3,32 : 0.9546"
"32,3 : 0.9546"
"3,33 : 0.7004"
"33,3 : 0.7004"
"3,34 : 0.6303"
"34,3 : 0.6303"
"3,35 : 0.6433"
"35,3 : 0.6433"
"3,36 : 0.7411"
"36,3 : 0.7411"
"3,37 : 0.7159"
"37,3 : 0.7159"
"3,38 : 0.717"
"38,3 : 0.717"
"3,39 : 0.922"
"39,3 : 0.922"
"3,40 : 0.1772"
"40,3 : 0.1772"
"3,41 : 0.8367"
"41,3 : 0.8367"
"3,42 : 0.0224"
"42,3 : 0.0224"
"3,43 : 1.03"
"43,3 : 1.03"
"3,44 : 0.2408"
"44,3 : 0.2408"
"3,45 : 0.17"
"45,3 : 0.17"
"3,46 : 0.5248"
"46,3 : 0.5248"
"3,47 : 0.6613"
"47,3 : 0.6613"
"3,48 : 1.0402"
"48,3 : 1.0402"
"3,49 : 0.9179"
"49,3 : 0.9179"
"4,5 : 0.779"
"5,4 : 0.779"
"4,6 : 0.136"
"6,4 : 0.136"
"4,7 : 0.6719"
"7,4 : 0.6719"
"4,8 : 0.9372"
"8,4 : 0.9372"
"4,9 : 0.4838"
"9,4 : 0.4838"
"4,10 : 0.2865"
"10,4 : 0.2865"
"4,11 : 1.0742"
"11,4 : 1.0742"
"4,12 : 0.87"
"12,4 : 0.87"
"4,13 : 0.7669"
"13,4 : 0.7669"
"4,14 : 0.1334"
"14,4 : 0.1334"
"4,15 : 0.6229"
"15,4 : 0.6229"
"4,16 : 0.9425"
"16,4 : 0.9425"
"4,17 : 0.6407"
"17,4 : 0.6407"
"4,18 : 0.6707"
"18,4 : 0.6707"
"4,19 : 0.8516"
"19,4 : 0.8516"
"4,20 : 0.6888"
"20,4 : 0.6888"
"4,21 : 0.8902"
"21,4 : 0.8902"
"4,22 : 0.6573"
"22,4 : 0.6573"
"4,23 : 0.7306"
"23,4 : 0.7306"
"4,24 : 0.7908"
"24,4 : 0.7908"
"4,25 : 0.4561"
"25,4 : 0.4561"
"4,26 : 0.2309"
"26,4 : 0.2309"
"4,27 : 0.8668"
"27,4 : 0.8668"
"4,28 : 0.01"
"28,4 : 0.01"
"4,29 : 0.5725"
"29,4 : 0.5725"
"4,30 : 0.0781"
"30,4 : 0.0781"
"4,31 : 0.8732"
"31,4 : 0.8732"
"4,32 : 0.441"
"32,4 : 0.441"
"4,33 : 0.864"
"33,4 : 0.864"
"4,34 : 0.0224"
"34,4 : 0.0224"
"4,35 : 0.1304"
"35,4 : 0.1304"
"4,36 : 0.1077"
"36,4 : 0.1077"
"4,37 : 0.5661"
"37,4 : 0.5661"
"4,38 : 0.892"
"38,4 : 0.892"
"4,39 : 0.7011"
"39,4 : 0.7011"
"4,40 : 0.614"
"40,4 : 0.614"
"4,41 : 0.37"
"41,4 : 0.37"
"4,42 : 0.6303"
"42,4 : 0.6303"
"4,43 : 0.8305"
"43,4 : 0.8305"
"4,44 : 0.6648"
"44,4 : 0.6648"
"4,45 : 0.4965"
"45,4 : 0.4965"
"4,46 : 0.5826"
"46,4 : 0.5826"
"4,47 : 0.7433"
"47,4 : 0.7433"
"4,48 : 0.82"
"48,4 : 0.82"
"4,49 : 0.2955"
"49,4 : 0.2955"
"5,6 : 0.7325"
"6,5 : 0.7325"
"5,7 : 0.5508"
"7,5 : 0.5508"
"5,8 : 0.2236"
"8,5 : 0.2236"
"5,9 : 0.5738"
"9,5 : 0.5738"
"5,10 : 0.6748"
"10,5 : 0.6748"
"5,11 : 0.314"
"11,5 : 0.314"
"5,12 : 0.4249"
"12,5 : 0.4249"
"5,13 : 0.6707"
"13,5 : 0.6707"
"5,14 : 0.7527"
"14,5 : 0.7527"
"5,15 : 0.2236"
"15,5 : 0.2236"
"5,16 : 0.6957"
"16,5 : 0.6957"
"5,17 : 0.3534"
"17,5 : 0.3534"
"5,18 : 0.5148"
"18,5 : 0.5148"
"5,19 : 0.5441"
"19,5 : 0.5441"
"5,20 : 0.1616"
"20,5 : 0.1616"
"5,21 : 0.1712"
"21,5 : 0.1712"
"5,22 : 0.2335"
"22,5 : 0.2335"
"5,23 : 0.3536"
"23,5 : 0.3536"
"5,24 : 0.3895"
"24,5 : 0.3895"
"5,25 : 0.5546"
"25,5 : 0.5546"
"5,26 : 0.6306"
"26,5 : 0.6306"
"5,27 : 0.2702"
"27,5 : 0.2702"
"5,28 : 0.7703"
"28,5 : 0.7703"
"5,29 : 0.2081"
"29,5 : 0.2081"
"5,30 : 0.7024"
"30,5 : 0.7024"
"5,31 : 0.0943"
"31,5 : 0.0943"
"5,32 : 0.6932"
"32,5 : 0.6932"
"5,33 : 0.1404"
"33,5 : 0.1404"
"5,34 : 0.7918"
"34,5 : 0.7918"
"5,35 : 0.6629"
"35,5 : 0.6629"
"5,36 : 0.8"
"36,5 : 0.8"
"5,37 : 0.2524"
"37,5 : 0.2524"
"5,38 : 0.1628"
"38,5 : 0.1628"
"5,39 : 0.3406"
"39,5 : 0.3406"
"5,40 : 0.5515"
"40,5 : 0.5515"
"5,41 : 0.5991"
"41,5 : 0.5991"
"5,42 : 0.7058"
"42,5 : 0.7058"
"5,43 : 0.3808"
"43,5 : 0.3808"
"5,44 : 0.5012"
"44,5 : 0.5012"
"5,45 : 0.7679"
"45,5 : 0.7679"
"5,46 : 0.2302"
"46,5 : 0.2302"
"5,47 : 0.0671"
"47,5 : 0.0671"
"5,48 : 0.405"
"48,5 : 0.405"
"5,49 : 0.858"
"49,5 : 0.858"
"6,7 : 0.5474"
"7,6 : 0.5474"
"6,8 : 0.9135"
"8,6 : 0.9135"
"6,9 : 0.3569"
"9,6 : 0.3569"
"6,10 : 0.1523"
"10,6 : 0.1523"
"6,11 : 1.04"
"11,6 : 1.04"
"6,12 : 0.7642"
"12,6 : 0.7642"
"6,13 : 0.6357"
"13,6 : 0.6357"
"6,14 : 0.2524"
"14,6 : 0.2524"
"6,15 : 0.6103"
"15,6 : 0.6103"
"6,16 : 0.8149"
"16,6 : 0.8149"
"6,17 : 0.6592"
"17,6 : 0.6592"
"6,18 : 0.7201"
"18,6 : 0.7201"
"6,19 : 0.7325"
"19,6 : 0.7325"
"6,20 : 0.6684"
"20,6 : 0.6684"
"6,21 : 0.8631"
"21,6 : 0.8631"
"6,22 : 0.5778"
"22,6 : 0.5778"
"6,23 : 0.6297"
"23,6 : 0.6297"
"6,24 : 0.8115"
"24,6 : 0.8115"
"6,25 : 0.3324"
"25,6 : 0.3324"
"6,26 : 0.3027"
"26,6 : 0.3027"
"6,27 : 0.7811"
"27,6 : 0.7811"
"6,28 : 0.1281"
"28,6 : 0.1281"
"6,29 : 0.525"
"29,6 : 0.525"
"6,30 : 0.1393"
"30,6 : 0.1393"
"6,31 : 0.8262"
"31,6 : 0.8262"
"6,32 : 0.3053"
"32,6 : 0.3053"
"6,33 : 0.8345"
"33,6 : 0.8345"
"6,34 : 0.1581"
"34,6 : 0.1581"
"6,35 : 0.0922"
"35,6 : 0.0922"
"6,36 : 0.0728"
"36,6 : 0.0728"
"6,37 : 0.4974"
"37,6 : 0.4974"
"6,38 : 0.8628"
"38,6 : 0.8628"
"6,39 : 0.6021"
"39,6 : 0.6021"
"6,40 : 0.6727"
"40,6 : 0.6727"
"6,41 : 0.2433"
"41,6 : 0.2433"
"6,42 : 0.7157"
"42,6 : 0.7157"
"6,43 : 0.7284"
"43,6 : 0.7284"
"6,44 : 0.712"
"44,6 : 0.712"
"6,45 : 0.6008"
"45,6 : 0.6008"
"6,46 : 0.564"
"46,6 : 0.564"
"6,47 : 0.7072"
"47,6 : 0.7072"
"6,48 : 0.7145"
"48,6 : 0.7145"
"6,49 : 0.1903"
"49,6 : 0.1903"
"7,8 : 0.7732"
"8,7 : 0.7732"
"7,9 : 0.191"
"9,7 : 0.191"
"7,10 : 0.4011"
"10,7 : 0.4011"
"7,11 : 0.8297"
"11,7 : 0.8297"
"7,12 : 0.278"
"12,7 : 0.278"
"7,13 : 0.1342"
"13,7 : 0.1342"
"7,14 : 0.7432"
"14,7 : 0.7432"
"7,15 : 0.6198"
"15,7 : 0.6198"
"7,16 : 0.2731"
"16,7 : 0.2731"
"7,17 : 0.7577"
"17,7 : 0.7577"
"7,18 : 0.9035"
"18,7 : 0.9035"
"7,19 : 0.1924"
"19,7 : 0.1924"
"7,20 : 0.6217"
"20,7 : 0.6217"
"7,21 : 0.7217"
"21,7 : 0.7217"
"7,22 : 0.3202"
"22,7 : 0.3202"
"7,23 : 0.2154"
"23,7 : 0.2154"
"7,24 : 0.8709"
"24,7 : 0.8709"
"7,25 : 0.2159"
"25,7 : 0.2159"
"7,26 : 0.6989"
"26,7 : 0.6989"
"7,27 : 0.3945"
"27,7 : 0.3945"
"7,28 : 0.6622"
"28,7 : 0.6622"
"7,29 : 0.4522"
"29,7 : 0.4522"
"7,30 : 0.6297"
"30,7 : 0.6297"
"7,31 : 0.61"
"31,7 : 0.61"
"7,32 : 0.2886"
"32,7 : 0.2886"
"7,33 : 0.6912"
"33,7 : 0.6912"
"7,34 : 0.6938"
"34,7 : 0.6938"
"7,35 : 0.5503"
"35,7 : 0.5503"
"7,36 : 0.614"
"36,7 : 0.614"
"7,37 : 0.3574"
"37,7 : 0.3574"
"7,38 : 0.7125"
"38,7 : 0.7125"
"7,39 : 0.2159"
"39,7 : 0.2159"
"7,40 : 0.8989"
"40,7 : 0.8989"
"7,41 : 0.3041"
"41,7 : 0.3041"
"7,42 : 1.0183"
"42,7 : 1.0183"
"7,43 : 0.2691"
"43,7 : 0.2691"
"7,44 : 0.8901"
"44,7 : 0.8901"
"7,45 : 0.9841"
"45,7 : 0.9841"
"7,46 : 0.5758"
"46,7 : 0.5758"
"7,47 : 0.5808"
"47,7 : 0.5808"
"7,48 : 0.2404"
"48,7 : 0.2404"
"7,49 : 0.5394"
"49,7 : 0.5394"
"8,9 : 0.7938"
"9,8 : 0.7938"
"8,10 : 0.8766"
"10,8 : 0.8766"
"8,11 : 0.153"
"11,8 : 0.153"
"8,12 : 0.6185"
"12,8 : 0.6185"
"8,13 : 0.8901"
"13,8 : 0.8901"
"8,14 : 0.8851"
"14,8 : 0.8851"
"8,15 : 0.3162"
"15,8 : 0.3162"
"8,16 : 0.8982"
"16,8 : 0.8982"
"8,17 : 0.3667"
"17,8 : 0.3667"
"8,18 : 0.4909"
"18,8 : 0.4909"
"8,19 : 0.7497"
"19,8 : 0.7497"
"8,20 : 0.2484"
"20,8 : 0.2484"
"8,21 : 0.0539"
"21,8 : 0.0539"
"8,22 : 0.4571"
"22,8 : 0.4571"
"8,23 : 0.5701"
"23,8 : 0.5701"
"8,24 : 0.3081"
"24,8 : 0.3081"
"8,25 : 0.7725"
"25,8 : 0.7725"
"8,26 : 0.7529"
"26,8 : 0.7529"
"8,27 : 0.4492"
"27,8 : 0.4492"
"8,28 : 0.9296"
"28,8 : 0.9296"
"8,29 : 0.3996"
"29,8 : 0.3996"
"8,30 : 0.8591"
"30,8 : 0.8591"
"8,31 : 0.1746"
"31,8 : 0.1746"
"8,32 : 0.91"
"32,8 : 0.91"
"8,33 : 0.0854"
"33,8 : 0.0854"
"8,34 : 0.9464"
"34,8 : 0.9464"
"8,35 : 0.8344"
"35,8 : 0.8344"
"8,36 : 0.9759"
"36,8 : 0.9759"
"8,37 : 0.4662"
"37,8 : 0.4662"
"8,38 : 0.0608"
"38,8 : 0.0608"
"8,39 : 0.5604"
"39,8 : 0.5604"
"8,40 : 0.5501"
"40,8 : 0.5501"
"8,41 : 0.8095"
"41,8 : 0.8095"
"8,42 : 0.7006"
"42,8 : 0.7006"
"8,43 : 0.5805"
"43,8 : 0.5805"
"8,44 : 0.4804"
"44,8 : 0.4804"
"8,45 : 0.8075"
"45,8 : 0.8075"
"8,46 : 0.3547"
"46,8 : 0.3547"
"8,47 : 0.2147"
"47,8 : 0.2147"
"8,48 : 0.6083"
"48,8 : 0.6083"
"8,49 : 1.0568"
"49,8 : 1.0568"
"9,10 : 0.2102"
"10,9 : 0.2102"
"9,11 : 0.8812"
"11,9 : 0.8812"
"9,12 : 0.4366"
"12,9 : 0.4366"
"9,13 : 0.2865"
"13,9 : 0.2865"
"9,14 : 0.5644"
"14,9 : 0.5644"
"9,15 : 0.57"
"15,9 : 0.57"
"9,16 : 0.4588"
"16,9 : 0.4588"
"9,17 : 0.6873"
"17,9 : 0.6873"
"9,18 : 0.8132"
"18,9 : 0.8132"
"9,19 : 0.3801"
"19,9 : 0.3801"
"9,20 : 0.5941"
"20,9 : 0.5941"
"9,21 : 0.74"
"21,9 : 0.74"
"9,22 : 0.3499"
"22,9 : 0.3499"
"9,23 : 0.3245"
"23,9 : 0.3245"
"9,24 : 0.821"
"24,9 : 0.821"
"9,25 : 0.0361"
"25,9 : 0.0361"
"9,26 : 0.5376"
"26,9 : 0.5376"
"9,27 : 0.5045"
"27,9 : 0.5045"
"9,28 : 0.4743"
"28,9 : 0.4743"
"9,29 : 0.413"
"29,9 : 0.413"
"9,30 : 0.4472"
"30,9 : 0.4472"
"9,31 : 0.653"
"31,9 : 0.653"
"9,32 : 0.1273"
"32,9 : 0.1273"
"9,33 : 0.7084"
"33,9 : 0.7084"
"9,34 : 0.506"
"34,9 : 0.506"
"9,35 : 0.3667"
"35,9 : 0.3667"
"9,36 : 0.423"
"36,9 : 0.423"
"9,37 : 0.3298"
"37,9 : 0.3298"
"9,38 : 0.7339"
"38,9 : 0.7339"
"9,39 : 0.3061"
"39,9 : 0.3061"
"9,40 : 0.7948"
"40,9 : 0.7948"
"9,41 : 0.114"
"41,9 : 0.114"
"9,42 : 0.8955"
"42,9 : 0.8955"
"9,43 : 0.4115"
"43,9 : 0.4115"
"9,44 : 0.8008"
"44,9 : 0.8008"
"9,45 : 0.8374"
"45,9 : 0.8374"
"9,46 : 0.5201"
"46,9 : 0.5201"
"9,47 : 0.5824"
"47,9 : 0.5824"
"9,48 : 0.39"
"48,9 : 0.39"
"9,49 : 0.3606"
"49,9 : 0.3606"
"10,11 : 0.9886"
"11,10 : 0.9886"
"10,12 : 0.6356"
"12,10 : 0.6356"
"10,13 : 0.4838"
"13,10 : 0.4838"
"10,14 : 0.389"
"14,10 : 0.389"
"10,15 : 0.5981"
"15,10 : 0.5981"
"10,16 : 0.6649"
"16,10 : 0.6649"
"10,17 : 0.679"
"17,10 : 0.679"
"10,18 : 0.7703"
"18,10 : 0.7703"
"10,19 : 0.59"
"19,10 : 0.59"
"10,20 : 0.644"
"20,10 : 0.644"
"10,21 : 0.8238"
"21,10 : 0.8238"
"10,22 : 0.486"
"22,10 : 0.486"
"10,23 : 0.5092"
"23,10 : 0.5092"
"10,24 : 0.8276"
"24,10 : 0.8276"
"10,25 : 0.191"
"25,10 : 0.191"
"10,26 : 0.4025"
"26,10 : 0.4025"
"10,27 : 0.6754"
"27,10 : 0.6754"
"10,28 : 0.2778"
"28,10 : 0.2778"
"10,29 : 0.4771"
"29,10 : 0.4771"
"10,30 : 0.2687"
"30,10 : 0.2687"
"10,31 : 0.7649"
"31,10 : 0.7649"
"10,32 : 0.1562"
"32,10 : 0.1562"
"10,33 : 0.7932"
"33,10 : 0.7932"
"10,34 : 0.3089"
"34,10 : 0.3089"
"10,35 : 0.1921"
"35,10 : 0.1921"
"10,36 : 0.2138"
"36,10 : 0.2138"
"10,37 : 0.4245"
"37,10 : 0.4245"
"10,38 : 0.821"
"38,10 : 0.821"
"10,39 : 0.4847"
"39,10 : 0.4847"
"10,40 : 0.7344"
"40,10 : 0.7344"
"10,41 : 0.102"
"41,10 : 0.102"
"10,42 : 0.8036"
"42,10 : 0.8036"
"10,43 : 0.6044"
"43,10 : 0.6044"
"10,44 : 0.7601"
"44,10 : 0.7601"
"10,45 : 0.7112"
"45,10 : 0.7112"
"10,46 : 0.5478"
"46,10 : 0.5478"
"10,47 : 0.6629"
"47,10 : 0.6629"
"10,48 : 0.5869"
"48,10 : 0.5869"
"10,49 : 0.1838"
"49,10 : 0.1838"
"11,12 : 0.63"
"12,11 : 0.63"
"11,13 : 0.9338"
"13,11 : 0.9338"
"11,14 : 1.0296"
"14,11 : 1.0296"
"11,15 : 0.4607"
"15,11 : 0.4607"
"11,16 : 0.9105"
"16,11 : 0.9105"
"11,17 : 0.5197"
"17,11 : 0.5197"
"11,18 : 0.64"
"18,11 : 0.64"
"11,19 : 0.7706"
"19,11 : 0.7706"
"11,20 : 0.3895"
"20,11 : 0.3895"
"11,21 : 0.1879"
"21,11 : 0.1879"
"11,22 : 0.5323"
"22,11 : 0.5323"
"11,23 : 0.6161"
"23,11 : 0.6161"
"11,24 : 0.4518"
"24,11 : 0.4518"
"11,25 : 0.8645"
"25,11 : 0.8645"
"11,26 : 0.8989"
"26,11 : 0.8989"
"11,27 : 0.4604"
"27,11 : 0.4604"
"11,28 : 1.0661"
"28,11 : 1.0661"
"11,29 : 0.5162"
"29,11 : 0.5162"
"11,30 : 0.9962"
"30,11 : 0.9962"
"11,31 : 0.2283"
"31,11 : 0.2283"
"11,32 : 1.0034"
"32,11 : 1.0034"
"11,33 : 0.211"
"33,11 : 0.211"
"11,34 : 1.0847"
"34,11 : 1.0847"
"11,35 : 0.9654"
"35,11 : 0.9654"
"11,36 : 1.1054"
"36,11 : 1.1054"
"11,37 : 0.5661"
"37,11 : 0.5661"
"11,38 : 0.1836"
"38,11 : 0.1836"
"11,39 : 0.614"
"39,11 : 0.614"
"11,40 : 0.7011"
"40,11 : 0.7011"
"11,41 : 0.9126"
"41,11 : 0.9126"
"11,42 : 0.85"
"42,11 : 0.85"
"11,43 : 0.6013"
"43,11 : 0.6013"
"11,44 : 0.6301"
"44,11 : 0.6301"
"11,45 : 0.9603"
"45,11 : 0.9603"
"11,46 : 0.494"
"46,11 : 0.494"
"11,47 : 0.333"
"47,11 : 0.333"
"11,48 : 0.632"
"48,11 : 0.632"
"11,49 : 1.1715"
"49,11 : 1.1715"
"12,13 : 0.3312"
"13,12 : 0.3312"
"12,14 : 0.9093"
"14,12 : 0.9093"
"12,15 : 0.5869"
"15,12 : 0.5869"
"12,16 : 0.2816"
"16,12 : 0.2816"
"12,17 : 0.7355"
"17,12 : 0.7355"
"12,18 : 0.8981"
"18,12 : 0.8981"
"12,19 : 0.1432"
"19,12 : 0.1432"
"12,20 : 0.5561"
"20,12 : 0.5561"
"12,21 : 0.5757"
"21,12 : 0.5757"
"12,22 : 0.2746"
"22,12 : 0.2746"
"12,23 : 0.1432"
"23,12 : 0.1432"
"12,24 : 0.8071"
"24,12 : 0.8071"
"12,25 : 0.4464"
"25,12 : 0.4464"
"12,26 : 0.8297"
"26,12 : 0.8297"
"12,27 : 0.1712"
"27,12 : 0.1712"
"12,28 : 0.86"
"28,12 : 0.86"
"12,29 : 0.4441"
"29,12 : 0.4441"
"12,30 : 0.8115"
"30,12 : 0.8115"
"12,31 : 0.4438"
"31,12 : 0.4438"
"12,32 : 0.5546"
"32,12 : 0.5546"
"12,33 : 0.5503"
"33,12 : 0.5503"
"12,34 : 0.8901"
"34,12 : 0.8901"
"12,35 : 0.7401"
"35,12 : 0.7401"
"12,36 : 0.836"
"36,12 : 0.836"
"12,37 : 0.3712"
"37,12 : 0.3712"
"12,38 : 0.5632"
"38,12 : 0.5632"
"12,39 : 0.1746"
"39,12 : 0.1746"
"12,40 : 0.9155"
"40,12 : 0.9155"
"12,41 : 0.5337"
"41,12 : 0.5337"
"12,42 : 1.058"
"42,12 : 1.058"
"12,43 : 0.05"
"43,12 : 0.05"
"12,44 : 0.8839"
"44,12 : 0.8839"
"12,45 : 1.0689"
"45,12 : 1.0689"
"12,46 : 0.5597"
"46,12 : 0.5597"
"12,47 : 0.4802"
"47,12 : 0.4802"
"12,48 : 0.05"
"48,12 : 0.05"
"12,49 : 0.7971"
"49,12 : 0.7971"
"13,14 : 0.8509"
"14,13 : 0.8509"
"13,15 : 0.7527"
"15,13 : 0.7527"
"13,16 : 0.1903"
"16,13 : 0.1903"
"13,17 : 0.8916"
"17,13 : 0.8916"
"13,18 : 1.0377"
"18,13 : 1.0377"
"13,19 : 0.1985"
"19,13 : 0.1985"
"13,20 : 0.7519"
"20,13 : 0.7519"
"13,21 : 0.8401"
"21,13 : 0.8401"
"13,22 : 0.4455"
"22,13 : 0.4455"
"13,23 : 0.3206"
"23,13 : 0.3206"
"13,24 : 1.0028"
"24,13 : 1.0028"
"13,25 : 0.3191"
"25,13 : 0.3191"
"13,26 : 0.8184"
"26,13 : 0.8184"
"13,27 : 0.4808"
"27,13 : 0.4808"
"13,28 : 0.7577"
"28,13 : 0.7577"
"13,29 : 0.5852"
"29,13 : 0.5852"
"13,30 : 0.7336"
"30,13 : 0.7336"
"13,31 : 0.7217"
"31,13 : 0.7217"
"13,32 : 0.3437"
"32,13 : 0.3437"
"13,33 : 0.8102"
"33,13 : 0.8102"
"13,34 : 0.7892"
"34,13 : 0.7892"
"13,35 : 0.653"
"35,13 : 0.653"
"13,36 : 0.6964"
"36,13 : 0.6964"
"13,37 : 0.4904"
"37,13 : 0.4904"
"13,38 : 0.83"
"38,13 : 0.83"
"13,39 : 0.3302"
"39,13 : 0.3302"
"13,40 : 1.0325"
"40,13 : 1.0325"
"13,41 : 0.3981"
"41,13 : 0.3981"
"13,42 : 1.15"
"42,13 : 1.15"
"13,43 : 0.3418"
"43,13 : 0.3418"
"13,44 : 1.0242"
"44,13 : 1.0242"
"13,45 : 1.1102"
"45,13 : 1.1102"
"13,46 : 0.7094"
"46,13 : 0.7094"
"13,47 : 0.7058"
"47,13 : 0.7058"
"13,48 : 0.3102"
"48,13 : 0.3102"
"13,49 : 0.5903"
"49,13 : 0.5903"
"14,15 : 0.5694"
"15,14 : 0.5694"
"14,16 : 1.0164"
"16,14 : 1.0164"
"14,17 : 0.5587"
"17,14 : 0.5587"
"14,18 : 0.5636"
"18,14 : 0.5636"
"14,19 : 0.9109"
"19,14 : 0.9109"
"14,20 : 0.6401"
"20,14 : 0.6401"
"14,21 : 0.8422"
"21,14 : 0.8422"
"14,22 : 0.6703"
"22,14 : 0.6703"
"14,23 : 0.7666"
"23,14 : 0.7666"
"14,24 : 0.7029"
"24,14 : 0.7029"
"14,25 : 0.5324"
"25,14 : 0.5324"
"14,26 : 0.1345"
"26,14 : 0.1345"
"14,27 : 0.8809"
"27,14 : 0.8809"
"14,28 : 0.136"
"28,14 : 0.136"
"14,29 : 0.5554"
"29,14 : 0.5554"
"14,30 : 0.1204"
"30,14 : 0.1204"
"14,31 : 0.845"
"31,14 : 0.845"
"14,32 : 0.5449"
"32,14 : 0.5449"
"14,33 : 0.8188"
"33,14 : 0.8188"
"14,34 : 0.1204"
"34,14 : 0.1204"
"14,35 : 0.2"
"35,14 : 0.2"
"14,36 : 0.2404"
"36,14 : 0.2404"
"14,37 : 0.5714"
"37,14 : 0.5714"
"14,38 : 0.846"
"38,14 : 0.846"
"14,39 : 0.7355"
"39,14 : 0.7355"
"14,40 : 0.5016"
"40,14 : 0.5016"
"14,41 : 0.4549"
"41,14 : 0.4549"
"14,42 : 0.5025"
"42,14 : 0.5025"
"14,43 : 0.8658"
"43,14 : 0.8658"
"14,44 : 0.5595"
"44,14 : 0.5595"
"14,45 : 0.3635"
"45,14 : 0.3635"
"14,46 : 0.5367"
"46,14 : 0.5367"
"14,47 : 0.7077"
"47,14 : 0.7077"
"14,48 : 0.8599"
"48,14 : 0.8599"
"14,49 : 0.4272"
"49,14 : 0.4272"
"15,16 : 0.8268"
"16,15 : 0.8268"
"15,17 : 0.1487"
"17,15 : 0.1487"
"15,18 : 0.3114"
"18,15 : 0.3114"
"15,19 : 0.6768"
"19,15 : 0.6768"
"15,20 : 0.0728"
"20,15 : 0.0728"
"15,21 : 0.2729"
"21,15 : 0.2729"
"15,22 : 0.3245"
"22,15 : 0.3245"
"15,23 : 0.4743"
"23,15 : 0.4743"
"15,24 : 0.2532"
"24,15 : 0.2532"
"15,25 : 0.5404"
"25,15 : 0.5404"
"15,26 : 0.4383"
"26,15 : 0.4383"
"15,27 : 0.4632"
"27,15 : 0.4632"
"15,28 : 0.6155"
"28,15 : 0.6155"
"15,29 : 0.1676"
"29,15 : 0.1676"
"15,30 : 0.5449"
"30,15 : 0.5449"
"15,31 : 0.3002"
"31,15 : 0.3002"
"15,32 : 0.6661"
"32,15 : 0.6661"
"15,33 : 0.2508"
"33,15 : 0.2508"
"15,34 : 0.6313"
"34,15 : 0.6313"
"15,35 : 0.5263"
"35,15 : 0.5263"
"15,36 : 0.6684"
"36,15 : 0.6684"
"15,37 : 0.2625"
"37,15 : 0.2625"
"15,38 : 0.2773"
"38,15 : 0.2773"
"15,39 : 0.4494"
"39,15 : 0.4494"
"15,40 : 0.3362"
"40,15 : 0.3362"
"15,41 : 0.5511"
"41,15 : 0.5511"
"15,42 : 0.4875"
"42,15 : 0.4875"
"15,43 : 0.5376"
"43,15 : 0.5376"
"15,44 : 0.2973"
"44,15 : 0.2973"
"15,45 : 0.5445"
"45,15 : 0.5445"
"15,46 : 0.051"
"46,15 : 0.051"
"15,47 : 0.1603"
"47,15 : 0.1603"
"15,48 : 0.5532"
"48,15 : 0.5532"
"15,49 : 0.7692"
"49,15 : 0.7692"
"16,17 : 0.9735"
"17,16 : 0.9735"
"16,18 : 1.13"
"18,16 : 1.13"
"16,19 : 0.1523"
"19,16 : 0.1523"
"16,20 : 0.8095"
"20,16 : 0.8095"
"16,21 : 0.8538"
"21,16 : 0.8538"
"16,22 : 0.5025"
"22,16 : 0.5025"
"16,23 : 0.3536"
"23,16 : 0.3536"
"16,24 : 1.0644"
"24,16 : 1.0644"
"16,25 : 0.487"
"25,16 : 0.487"
"16,26 : 0.969"
"26,16 : 0.969"
"16,27 : 0.4528"
"27,16 : 0.4528"
"16,28 : 0.933"
"28,16 : 0.933"
"16,29 : 0.6661"
"29,16 : 0.6661"
"16,30 : 0.9025"
"30,16 : 0.9025"
"16,31 : 0.7237"
"31,16 : 0.7237"
"16,32 : 0.5315"
"32,16 : 0.5315"
"16,33 : 0.8271"
"33,16 : 0.8271"
"16,34 : 0.9646"
"34,16 : 0.9646"
"16,35 : 0.8228"
"35,16 : 0.8228"
"16,36 : 0.8786"
"36,16 : 0.8786"
"16,37 : 0.5763"
"37,16 : 0.5763"
"16,38 : 0.8417"
"38,16 : 0.8417"
"16,39 : 0.3774"
"39,16 : 0.3774"
"16,40 : 1.1357"
"40,16 : 1.1357"
"16,41 : 0.5728"
"41,16 : 0.5728"
"16,42 : 1.2659"
"42,16 : 1.2659"
"16,43 : 0.3178"
"43,16 : 0.3178"
"16,44 : 1.1161"
"44,16 : 1.1161"
"16,45 : 1.2463"
"45,16 : 1.2463"
"16,46 : 0.7906"
"46,16 : 0.7906"
"16,47 : 0.7446"
"47,16 : 0.7446"
"16,48 : 0.2912"
"48,16 : 0.2912"
"16,49 : 0.7801"
"49,16 : 0.7801"
"17,18 : 0.164"
"18,17 : 0.164"
"17,19 : 0.8242"
"19,17 : 0.8242"
"17,20 : 0.1924"
"20,17 : 0.1924"
"17,21 : 0.3406"
"21,17 : 0.3406"
"17,22 : 0.472"
"22,17 : 0.472"
"17,23 : 0.622"
"23,17 : 0.622"
"17,24 : 0.1523"
"24,17 : 0.1523"
"17,25 : 0.6549"
"25,17 : 0.6549"
"17,26 : 0.4245"
"26,17 : 0.4245"
"17,27 : 0.608"
"27,17 : 0.608"
"17,28 : 0.6351"
"28,17 : 0.6351"
"17,29 : 0.3089"
"29,17 : 0.3089"
"17,30 : 0.566"
"30,17 : 0.566"
"17,31 : 0.4123"
"31,17 : 0.4123"
"17,32 : 0.7701"
"32,17 : 0.7701"
"17,33 : 0.3302"
"33,17 : 0.3302"
"17,34 : 0.644"
"34,17 : 0.644"
"17,35 : 0.5686"
"35,17 : 0.5686"
"17,36 : 0.7066"
"36,17 : 0.7066"
"17,37 : 0.4025"
"37,17 : 0.4025"
"17,38 : 0.3501"
"38,17 : 0.3501"
"17,39 : 0.5964"
"39,17 : 0.5964"
"17,40 : 0.1992"
"40,17 : 0.1992"
"17,41 : 0.6501"
"41,17 : 0.6501"
"17,42 : 0.3544"
"42,17 : 0.3544"
"17,43 : 0.6862"
"43,17 : 0.6862"
"17,44 : 0.15"
"44,17 : 0.15"
"17,45 : 0.4418"
"45,17 : 0.4418"
"17,46 : 0.1836"
"46,17 : 0.1836"
"17,47 : 0.2864"
"47,17 : 0.2864"
"17,48 : 0.7018"
"48,17 : 0.7018"
"17,49 : 0.8352"
"49,17 : 0.8352"
"18,19 : 0.9823"
"19,18 : 0.9823"
"18,20 : 0.3551"
"20,18 : 0.3551"
"18,21 : 0.4768"
"21,18 : 0.4768"
"18,22 : 0.6313"
"22,18 : 0.6313"
"18,23 : 0.781"
"23,18 : 0.781"
"18,24 : 0.1942"
"24,18 : 0.1942"
"18,25 : 0.7788"
"25,18 : 0.7788"
"18,26 : 0.4401"
"26,18 : 0.4401"
"18,27 : 0.772"
"27,18 : 0.772"
"18,28 : 0.6673"
"28,18 : 0.6673"
"18,29 : 0.464"
"29,18 : 0.464"
"18,30 : 0.6044"
"30,18 : 0.6044"
"18,31 : 0.5665"
"31,18 : 0.5665"
"18,32 : 0.8812"
"32,18 : 0.8812"
"18,33 : 0.473"
"33,18 : 0.473"
"18,34 : 0.6685"
"34,18 : 0.6685"
"18,35 : 0.628"
"35,18 : 0.628"
"18,36 : 0.7543"
"36,18 : 0.7543"
"18,37 : 0.5547"
"37,18 : 0.5547"
"18,38 : 0.4884"
"38,18 : 0.4884"
"18,39 : 0.7543"
"39,18 : 0.7543"
"18,40 : 0.0721"
"40,18 : 0.0721"
"18,41 : 0.7595"
"41,18 : 0.7595"
"18,42 : 0.21"
"42,18 : 0.21"
"18,43 : 0.8485"
"43,18 : 0.8485"
"18,44 : 0.0141"
"44,18 : 0.0141"
"18,45 : 0.3401"
"45,18 : 0.3401"
"18,46 : 0.3406"
"46,18 : 0.3406"
"18,47 : 0.4478"
"47,18 : 0.4478"
"18,48 : 0.8631"
"48,18 : 0.8631"
"18,49 : 0.9067"
"49,18 : 0.9067"
"19,20 : 0.6576"
"20,19 : 0.6576"
"19,21 : 0.7041"
"21,19 : 0.7041"
"19,22 : 0.3523"
"22,19 : 0.3523"
"19,23 : 0.2025"
"23,19 : 0.2025"
"19,24 : 0.9124"
"24,19 : 0.9124"
"19,25 : 0.4005"
"25,19 : 0.4005"
"19,26 : 0.85"
"26,19 : 0.85"
"19,27 : 0.3102"
"27,19 : 0.3102"
"19,28 : 0.8417"
"28,19 : 0.8417"
"19,29 : 0.5186"
"29,19 : 0.5186"
"19,30 : 0.8028"
"30,19 : 0.8028"
"19,31 : 0.5756"
"31,19 : 0.5756"
"19,32 : 0.4805"
"32,19 : 0.4805"
"19,33 : 0.6768"
"33,19 : 0.6768"
"19,34 : 0.873"
"34,19 : 0.873"
"19,35 : 0.7257"
"35,19 : 0.7257"
"19,36 : 0.801"
"36,19 : 0.801"
"19,37 : 0.4314"
"37,19 : 0.4314"
"19,38 : 0.6923"
"38,19 : 0.6923"
"19,39 : 0.228"
"39,19 : 0.228"
"19,40 : 0.9909"
"40,19 : 0.9909"
"19,41 : 0.4904"
"41,19 : 0.4904"
"19,42 : 1.1249"
"42,19 : 1.1249"
"19,43 : 0.1703"
"43,19 : 0.1703"
"19,44 : 0.9683"
"44,19 : 0.9683"
"19,45 : 1.115"
"45,19 : 1.115"
"19,46 : 0.642"
"46,19 : 0.642"
"19,47 : 0.5924"
"47,19 : 0.5924"
"19,48 : 0.1414"
"48,19 : 0.1414"
"19,49 : 0.7316"
"49,19 : 0.7316"
"20,21 : 0.2025"
"21,20 : 0.2025"
"20,22 : 0.3102"
"22,20 : 0.3102"
"20,23 : 0.4562"
"23,20 : 0.4562"
"20,24 : 0.255"
"24,20 : 0.255"
"20,25 : 0.5672"
"25,20 : 0.5672"
"20,26 : 0.5099"
"26,20 : 0.5099"
"20,27 : 0.4187"
"27,20 : 0.4187"
"20,28 : 0.6812"
"28,20 : 0.6812"
"20,29 : 0.1811"
"29,20 : 0.1811"
"20,30 : 0.6107"
"30,20 : 0.6107"
"20,31 : 0.2302"
"31,20 : 0.2302"
"20,32 : 0.6986"
"32,20 : 0.6986"
"20,33 : 0.1789"
"33,20 : 0.1789"
"20,34 : 0.6981"
"34,20 : 0.6981"
"20,35 : 0.5873"
"35,20 : 0.5873"
"20,36 : 0.7292"
"36,20 : 0.7292"
"20,37 : 0.2702"
"37,20 : 0.2702"
"20,38 : 0.2059"
"38,20 : 0.2059"
"20,39 : 0.4346"
"39,20 : 0.4346"
"20,40 : 0.39"
"40,20 : 0.39"
"20,41 : 0.5882"
"41,20 : 0.5882"
"20,42 : 0.5442"
"42,20 : 0.5442"
"20,43 : 0.508"
"43,20 : 0.508"
"20,44 : 0.3413"
"44,20 : 0.3413"
"20,45 : 0.612"
"45,20 : 0.612"
"20,46 : 0.1063"
"46,20 : 0.1063"
"20,47 : 0.0949"
"47,20 : 0.0949"
"20,48 : 0.527"
"48,20 : 0.527"
"20,49 : 0.8199"
"49,20 : 0.8199"
"21,22 : 0.4045"
"22,21 : 0.4045"
"21,23 : 0.5209"
"23,21 : 0.5209"
"21,24 : 0.3046"
"24,21 : 0.3046"
"21,25 : 0.7187"
"25,21 : 0.7187"
"21,26 : 0.7112"
"26,21 : 0.7112"
"21,27 : 0.4085"
"27,21 : 0.4085"
"21,28 : 0.8824"
"28,21 : 0.8824"
"21,29 : 0.3467"
"29,21 : 0.3467"
"21,30 : 0.8122"
"30,21 : 0.8122"
"21,31 : 0.1342"
"31,21 : 0.1342"
"21,32 : 0.8562"
"32,21 : 0.8562"
"21,33 : 0.0316"
"33,21 : 0.0316"
"21,34 : 0.9"
"34,21 : 0.9"
"21,35 : 0.7852"
"35,21 : 0.7852"
"21,36 : 0.9263"
"36,21 : 0.9263"
"21,37 : 0.4123"
"37,21 : 0.4123"
"21,38 : 0.0141"
"38,21 : 0.0141"
"21,39 : 0.51"
"39,21 : 0.51"
"21,40 : 0.5315"
"40,21 : 0.5315"
"21,41 : 0.7559"
"41,21 : 0.7559"
"21,42 : 0.6847"
"42,21 : 0.6847"
"21,43 : 0.536"
"43,21 : 0.536"
"21,44 : 0.4653"
"44,21 : 0.4653"
"21,45 : 0.7823"
"45,21 : 0.7823"
"21,46 : 0.3081"
"46,21 : 0.3081"
"21,47 : 0.1612"
"47,21 : 0.1612"
"21,48 : 0.5629"
"48,21 : 0.5629"
"21,49 : 1.0044"
"49,21 : 1.0044"
"22,23 : 0.15"
"23,22 : 0.15"
"22,24 : 0.5646"
"24,22 : 0.5646"
"22,25 : 0.336"
"25,22 : 0.336"
"22,26 : 0.5743"
"26,22 : 0.5743"
"22,27 : 0.211"
"27,22 : 0.211"
"22,28 : 0.6476"
"28,22 : 0.6476"
"22,29 : 0.1703"
"29,22 : 0.1703"
"22,30 : 0.5886"
"30,22 : 0.5886"
"22,31 : 0.3046"
"31,22 : 0.3046"
"22,32 : 0.4743"
"32,22 : 0.4743"
"22,33 : 0.3734"
"33,22 : 0.3734"
"22,34 : 0.6747"
"34,22 : 0.6747"
"22,35 : 0.5289"
"35,22 : 0.5289"
"22,36 : 0.65"
"36,22 : 0.65"
"22,37 : 0.102"
"37,22 : 0.102"
"22,38 : 0.3962"
"38,22 : 0.3962"
"22,39 : 0.1253"
"39,22 : 0.1253"
"22,40 : 0.6438"
"40,22 : 0.6438"
"22,41 : 0.3962"
"41,22 : 0.3962"
"22,42 : 0.7841"
"42,22 : 0.7841"
"22,43 : 0.2247"
"43,22 : 0.2247"
"22,44 : 0.6172"
"44,22 : 0.6172"
"22,45 : 0.7962"
"45,22 : 0.7962"
"22,46 : 0.2907"
"46,22 : 0.2907"
"22,47 : 0.2608"
"47,22 : 0.2608"
"22,48 : 0.2343"
"48,22 : 0.2343"
"22,49 : 0.6684"
"49,22 : 0.6684"
"23,24 : 0.7111"
"24,23 : 0.7111"
"23,25 : 0.3265"
"25,23 : 0.3265"
"23,26 : 0.6868"
"26,23 : 0.6868"
"23,27 : 0.1844"
"27,23 : 0.1844"
"23,28 : 0.7206"
"28,23 : 0.7206"
"23,29 : 0.3183"
"29,23 : 0.3183"
"23,30 : 0.6703"
"30,23 : 0.6703"
"23,31 : 0.4011"
"31,23 : 0.4011"
"23,32 : 0.45"
"32,23 : 0.45"
"23,33 : 0.4916"
"33,23 : 0.4916"
"23,34 : 0.7503"
"34,23 : 0.7503"
"23,35 : 0.6003"
"35,23 : 0.6003"
"23,36 : 0.7021"
"36,23 : 0.7021"
"23,37 : 0.236"
"37,23 : 0.236"
"23,38 : 0.5104"
"38,23 : 0.5104"
"23,39 : 0.0316"
"39,23 : 0.0316"
"23,40 : 0.792"
"40,23 : 0.792"
"23,41 : 0.4085"
"41,23 : 0.4085"
"23,42 : 0.9296"
"42,23 : 0.9296"
"23,43 : 0.1"
"43,23 : 0.1"
"23,44 : 0.7669"
"44,23 : 0.7669"
"23,45 : 0.9315"
"45,23 : 0.9315"
"23,46 : 0.4405"
"46,23 : 0.4405"
"23,47 : 0.3956"
"47,23 : 0.3956"
"23,48 : 0.0949"
"48,23 : 0.0949"
"23,49 : 0.6798"
"49,23 : 0.6798"
"24,25 : 0.7903"
"25,24 : 0.7903"
"24,26 : 0.5701"
"26,24 : 0.5701"
"24,27 : 0.6595"
"27,24 : 0.6595"
"24,28 : 0.7855"
"28,24 : 0.7855"
"24,29 : 0.4198"
"29,24 : 0.4198"
"24,30 : 0.7169"
"30,24 : 0.7169"
"24,31 : 0.4162"
"31,24 : 0.4162"
"24,32 : 0.9114"
"32,24 : 0.9114"
"24,33 : 0.3089"
"33,24 : 0.3089"
"24,34 : 0.7932"
"34,24 : 0.7932"
"24,35 : 0.7209"
"35,24 : 0.7209"
"24,36 : 0.8587"
"36,24 : 0.8587"
"24,37 : 0.5142"
"37,24 : 0.5142"
"24,38 : 0.3178"
"38,24 : 0.3178"
"24,39 : 0.6894"
"39,24 : 0.6894"
"24,40 : 0.2625"
"40,24 : 0.2625"
"24,41 : 0.7931"
"41,24 : 0.7931"
"24,42 : 0.402"
"42,24 : 0.402"
"24,43 : 0.7601"
"43,24 : 0.7601"
"24,44 : 0.1868"
"44,24 : 0.1868"
"24,45 : 0.5314"
"45,24 : 0.5314"
"24,46 : 0.3015"
"46,24 : 0.3015"
"24,47 : 0.328"
"47,24 : 0.328"
"24,48 : 0.7803"
"48,24 : 0.7803"
"24,49 : 0.9867"
"49,24 : 0.9867"
"25,26 : 0.5025"
"26,25 : 0.5025"
"25,27 : 0.5022"
"27,25 : 0.5022"
"25,28 : 0.4464"
"28,25 : 0.4464"
"25,29 : 0.3864"
"29,25 : 0.3864"
"25,30 : 0.4163"
"30,25 : 0.4163"
"25,31 : 0.6363"
"31,25 : 0.6363"
"25,32 : 0.1389"
"32,25 : 0.1389"
"25,33 : 0.6871"
"33,25 : 0.6871"
"25,34 : 0.478"
"34,25 : 0.478"
"25,35 : 0.3362"
"35,25 : 0.3362"
"25,36 : 0.4005"
"36,25 : 0.4005"
"25,37 : 0.3068"
"37,25 : 0.3068"
"25,38 : 0.7131"
"38,25 : 0.7131"
"25,39 : 0.3053"
"39,25 : 0.3053"
"25,40 : 0.7596"
"40,25 : 0.7596"
"25,41 : 0.09"
"41,25 : 0.09"
"25,42 : 0.8596"
"42,25 : 0.8596"
"25,43 : 0.4179"
"43,25 : 0.4179"
"25,44 : 0.7666"
"44,25 : 0.7666"
"25,45 : 0.8016"
"45,25 : 0.8016"
"25,46 : 0.4901"
"46,25 : 0.4901"
"25,47 : 0.5597"
"47,25 : 0.5597"
"25,48 : 0.3985"
"48,25 : 0.3985"
"25,49 : 0.3534"
"49,25 : 0.3534"
"26,27 : 0.7816"
"27,26 : 0.7816"
"26,28 : 0.228"
"28,26 : 0.228"
"26,29 : 0.4418"
"29,26 : 0.4418"
"26,30 : 0.1703"
"30,26 : 0.1703"
"26,31 : 0.7212"
"31,26 : 0.7212"
"26,32 : 0.5492"
"32,26 : 0.5492"
"26,33 : 0.6888"
"33,26 : 0.6888"
"26,34 : 0.2285"
"34,26 : 0.2285"
"26,35 : 0.2184"
"35,26 : 0.2184"
"26,36 : 0.3214"
"36,26 : 0.3214"
"26,37 : 0.4727"
"37,26 : 0.4727"
"26,38 : 0.7155"
"38,26 : 0.7155"
"26,39 : 0.6552"
"39,26 : 0.6552"
"26,40 : 0.3833"
"40,26 : 0.3833"
"26,41 : 0.4405"
"41,26 : 0.4405"
"26,42 : 0.413"
"42,26 : 0.413"
"26,43 : 0.7834"
"43,26 : 0.7834"
"26,44 : 0.4346"
"44,26 : 0.4346"
"26,45 : 0.3089"
"45,26 : 0.3089"
"26,46 : 0.4085"
"46,26 : 0.4085"
"26,47 : 0.5819"
"47,26 : 0.5819"
"26,48 : 0.7816"
"48,26 : 0.7816"
"26,49 : 0.4925"
"49,26 : 0.4925"
"27,28 : 0.857"
"28,27 : 0.857"
"27,29 : 0.3517"
"29,27 : 0.3517"
"27,30 : 0.7991"
"30,27 : 0.7991"
"27,31 : 0.2751"
"31,27 : 0.2751"
"27,32 : 0.6313"
"32,27 : 0.6313"
"27,33 : 0.3848"
"33,27 : 0.3848"
"27,34 : 0.8846"
"34,27 : 0.8846"
"27,35 : 0.7376"
"35,27 : 0.7376"
"27,36 : 0.8538"
"36,27 : 0.8538"
"27,37 : 0.31"
"37,27 : 0.31"
"27,38 : 0.3956"
"38,27 : 0.3956"
"27,39 : 0.1985"
"39,27 : 0.1985"
"27,40 : 0.7992"
"40,27 : 0.7992"
"27,41 : 0.578"
"41,27 : 0.578"
"27,42 : 0.9489"
"42,27 : 0.9489"
"27,43 : 0.1414"
"43,27 : 0.1414"
"27,44 : 0.758"
"44,27 : 0.758"
"27,45 : 0.9835"
"45,27 : 0.9835"
"27,46 : 0.4472"
"46,27 : 0.4472"
"27,47 : 0.3324"
"47,27 : 0.3324"
"27,48 : 0.1726"
"48,27 : 0.1726"
"27,49 : 0.8523"
"49,27 : 0.8523"
"28,29 : 0.5636"
"29,28 : 0.5636"
"28,30 : 0.0707"
"30,28 : 0.0707"
"28,31 : 0.8645"
"31,28 : 0.8645"
"28,32 : 0.4327"
"32,28 : 0.4327"
"28,33 : 0.856"
"33,28 : 0.856"
"28,34 : 0.0316"
"34,28 : 0.0316"
"28,35 : 0.1204"
"35,28 : 0.1204"
"28,36 : 0.1044"
"36,28 : 0.1044"
"28,37 : 0.5566"
"37,28 : 0.5566"
"28,38 : 0.8841"
"38,28 : 0.8841"
"28,39 : 0.6912"
"39,28 : 0.6912"
"28,40 : 0.6113"
"40,28 : 0.6113"
"28,41 : 0.3606"
"41,28 : 0.3606"
"28,42 : 0.6301"
"42,28 : 0.6301"
"28,43 : 0.8205"
"43,28 : 0.8205"
"28,44 : 0.6613"
"44,28 : 0.6613"
"28,45 : 0.4982"
"45,28 : 0.4982"
"28,46 : 0.5749"
"46,28 : 0.5749"
"28,47 : 0.735"
"47,28 : 0.735"
"28,48 : 0.81"
"48,28 : 0.81"
"28,49 : 0.2915"
"49,28 : 0.2915"
"29,30 : 0.4966"
"30,29 : 0.4966"
"29,31 : 0.3023"
"31,29 : 0.3023"
"29,32 : 0.5192"
"32,29 : 0.5192"
"29,33 : 0.3162"
"33,29 : 0.3162"
"29,34 : 0.586"
"34,29 : 0.586"
"29,35 : 0.4549"
"35,29 : 0.4549"
"29,36 : 0.592"
"36,29 : 0.592"
"29,37 : 0.0949"
"37,29 : 0.0949"
"29,38 : 0.3441"
"38,29 : 0.3441"
"29,39 : 0.2907"
"39,29 : 0.2907"
"29,40 : 0.4738"
"40,29 : 0.4738"
"29,41 : 0.4123"
"41,29 : 0.4123"
"29,42 : 0.614"
"42,29 : 0.614"
"29,43 : 0.3941"
"43,29 : 0.3941"
"29,44 : 0.45"
"44,29 : 0.45"
"29,45 : 0.6332"
"45,29 : 0.6332"
"29,46 : 0.1253"
"46,29 : 0.1253"
"29,47 : 0.186"
"47,29 : 0.186"
"29,48 : 0.4046"
"48,29 : 0.4046"
"29,49 : 0.658"
"49,29 : 0.658"
"30,31 : 0.7965"
"31,30 : 0.7965"
"30,32 : 0.4245"
"32,30 : 0.4245"
"30,33 : 0.786"
"33,30 : 0.786"
"30,34 : 0.0894"
"34,30 : 0.0894"
"30,35 : 0.0806"
"35,30 : 0.0806"
"30,36 : 0.1513"
"36,30 : 0.1513"
"30,37 : 0.4948"
"37,30 : 0.4948"
"30,38 : 0.814"
"38,30 : 0.814"
"30,39 : 0.6401"
"39,30 : 0.6401"
"30,40 : 0.5511"
"40,30 : 0.5511"
"30,41 : 0.3362"
"41,30 : 0.3362"
"30,42 : 0.5814"
"42,30 : 0.5814"
"30,43 : 0.7703"
"43,30 : 0.7703"
"30,44 : 0.5977"
"44,30 : 0.5977"
"30,45 : 0.4617"
"45,30 : 0.4617"
"30,46 : 0.5045"
"46,30 : 0.5045"
"30,47 : 0.6657"
"47,30 : 0.6657"
"30,48 : 0.7616"
"48,30 : 0.7616"
"30,49 : 0.3256"
"49,30 : 0.3256"
"31,32 : 0.7752"
"32,31 : 0.7752"
"31,33 : 0.114"
"33,31 : 0.114"
"31,34 : 0.8859"
"34,31 : 0.8859"
"31,35 : 0.7572"
"35,31 : 0.7572"
"31,36 : 0.894"
"36,31 : 0.894"
"31,37 : 0.3406"
"37,31 : 0.3406"
"31,38 : 0.1208"
"38,31 : 0.1208"
"31,39 : 0.3946"
"39,31 : 0.3946"
"31,40 : 0.6113"
"40,31 : 0.6113"
"31,41 : 0.686"
"41,31 : 0.686"
"31,42 : 0.7666"
"42,31 : 0.7666"
"31,43 : 0.4061"
"43,31 : 0.4061"
"31,44 : 0.5536"
"44,31 : 0.5536"
"31,45 : 0.8421"
"45,31 : 0.8421"
"31,46 : 0.3158"
"46,31 : 0.3158"
"31,47 : 0.1414"
"47,31 : 0.1414"
"31,48 : 0.4342"
"48,31 : 0.4342"
"31,49 : 0.9485"
"49,31 : 0.9485"
"32,33 : 0.8246"
"33,32 : 0.8246"
"32,34 : 0.4632"
"34,32 : 0.4632"
"32,35 : 0.3466"
"35,32 : 0.3466"
"32,36 : 0.3585"
"36,32 : 0.3585"
"32,37 : 0.4438"
"37,32 : 0.4438"
"32,38 : 0.8509"
"38,32 : 0.8509"
"32,39 : 0.4328"
"39,32 : 0.4328"
"32,40 : 0.8538"
"40,32 : 0.8538"
"32,41 : 0.1217"
"41,32 : 0.1217"
"32,42 : 0.9378"
"42,32 : 0.9378"
"32,43 : 0.5334"
"43,32 : 0.5334"
"32,44 : 0.8698"
"44,32 : 0.8698"
"32,45 : 0.8576"
"45,32 : 0.8576"
"32,46 : 0.6152"
"46,32 : 0.6152"
"32,47 : 0.6964"
"47,32 : 0.6964"
"32,48 : 0.51"
"48,32 : 0.51"
"32,49 : 0.2518"
"49,32 : 0.2518"
"33,34 : 0.8742"
"34,33 : 0.8742"
"33,35 : 0.7574"
"35,33 : 0.7574"
"33,36 : 0.8983"
"36,33 : 0.8983"
"33,37 : 0.3808"
"37,33 : 0.3808"
"33,38 : 0.0283"
"38,33 : 0.0283"
"33,39 : 0.4801"
"39,33 : 0.4801"
"33,40 : 0.5247"
"40,33 : 0.5247"
"33,41 : 0.7247"
"41,33 : 0.7247"
"33,42 : 0.679"
"42,33 : 0.679"
"33,43 : 0.5096"
"43,33 : 0.5096"
"33,44 : 0.461"
"44,33 : 0.461"
"33,45 : 0.7706"
"45,33 : 0.7706"
"33,46 : 0.283"
"46,33 : 0.283"
"33,47 : 0.1304"
"47,33 : 0.1304"
"33,48 : 0.536"
"48,33 : 0.536"
"33,49 : 0.9742"
"49,33 : 0.9742"
"34,35 : 0.15"
"35,34 : 0.15"
"34,36 : 0.1253"
"36,34 : 0.1253"
"34,37 : 0.5824"
"37,34 : 0.5824"
"34,38 : 0.9021"
"38,34 : 0.9021"
"34,39 : 0.7206"
"39,34 : 0.7206"
"34,40 : 0.6103"
"40,34 : 0.6103"
"34,41 : 0.3922"
"41,34 : 0.3922"
"34,42 : 0.6213"
"42,34 : 0.6213"
"34,43 : 0.8502"
"43,34 : 0.8502"
"34,44 : 0.6631"
"44,34 : 0.6631"
"34,45 : 0.4837"
"45,34 : 0.4837"
"34,46 : 0.592"
"46,34 : 0.592"
"34,47 : 0.7547"
"47,34 : 0.7547"
"34,48 : 0.8401"
"48,34 : 0.8401"
"34,49 : 0.313"
"49,34 : 0.313"
"35,36 : 0.1421"
"36,35 : 0.1421"
"35,37 : 0.4401"
"37,35 : 0.4401"
"35,38 : 0.7857"
"38,35 : 0.7857"
"35,39 : 0.5708"
"39,35 : 0.5708"
"35,40 : 0.5814"
"40,35 : 0.5814"
"35,41 : 0.2555"
"41,35 : 0.2555"
"35,42 : 0.6297"
"42,35 : 0.6297"
"35,43 : 0.7003"
"43,35 : 0.7003"
"35,44 : 0.6198"
"44,35 : 0.6198"
"35,45 : 0.5239"
"45,35 : 0.5239"
"35,46 : 0.4817"
"46,35 : 0.4817"
"35,47 : 0.6325"
"47,35 : 0.6325"
"35,48 : 0.6901"
"48,35 : 0.6901"
"35,49 : 0.2802"
"49,35 : 0.2802"
"36,37 : 0.5682"
"37,36 : 0.5682"
"36,38 : 0.9266"
"38,36 : 0.9266"
"36,39 : 0.6747"
"39,36 : 0.6747"
"36,40 : 0.7021"
"40,36 : 0.7021"
"36,41 : 0.3106"
"41,36 : 0.3106"
"36,42 : 0.7303"
"42,36 : 0.7303"
"36,43 : 0.8006"
"43,36 : 0.8006"
"36,44 : 0.7473"
"44,36 : 0.7473"
"36,45 : 0.6021"
"45,36 : 0.6021"
"36,46 : 0.6237"
"46,36 : 0.6237"
"36,47 : 0.7723"
"47,36 : 0.7723"
"36,48 : 0.7864"
"48,36 : 0.7864"
"36,49 : 0.1879"
"49,36 : 0.1879"
"37,38 : 0.4072"
"38,37 : 0.4072"
"37,39 : 0.2062"
"39,37 : 0.2062"
"37,40 : 0.5597"
"40,37 : 0.5597"
"37,41 : 0.3467"
"41,37 : 0.3467"
"37,42 : 0.6943"
"42,37 : 0.6943"
"37,43 : 0.322"
"43,37 : 0.322"
"37,44 : 0.5408"
"44,37 : 0.5408"
"37,45 : 0.6977"
"45,37 : 0.6977"
"37,46 : 0.2193"
"46,37 : 0.2193"
"37,47 : 0.253"
"47,37 : 0.253"
"37,48 : 0.3276"
"48,37 : 0.3276"
"37,49 : 0.6083"
"49,37 : 0.6083"
"38,39 : 0.5001"
"39,38 : 0.5001"
"38,40 : 0.5423"
"40,38 : 0.5423"
"38,41 : 0.7518"
"41,38 : 0.7518"
"38,42 : 0.6958"
"42,38 : 0.6958"
"38,43 : 0.5239"
"43,38 : 0.5239"
"38,44 : 0.4768"
"44,38 : 0.4768"
"38,45 : 0.7916"
"45,38 : 0.7916"
"38,46 : 0.3106"
"46,38 : 0.3106"
"38,47 : 0.1581"
"47,38 : 0.1581"
"38,48 : 0.5511"
"48,38 : 0.5511"
"38,49 : 1.0021"
"49,38 : 1.0021"
"39,40 : 0.7638"
"40,39 : 0.7638"
"39,41 : 0.3848"
"41,39 : 0.3848"
"39,42 : 0.9003"
"42,39 : 0.9003"
"39,43 : 0.1304"
"43,39 : 0.1304"
"39,44 : 0.7403"
"44,39 : 0.7403"
"39,45 : 0.9005"
"45,39 : 0.9005"
"39,46 : 0.414"
"46,39 : 0.414"
"39,47 : 0.3785"
"47,39 : 0.3785"
"39,48 : 0.1265"
"48,39 : 0.1265"
"39,49 : 0.6576"
"49,39 : 0.6576"
"40,41 : 0.7325"
"41,40 : 0.7325"
"40,42 : 0.1552"
"42,40 : 0.1552"
"40,43 : 0.8656"
"43,40 : 0.8656"
"40,44 : 0.0762"
"44,40 : 0.0762"
"40,45 : 0.2693"
"45,40 : 0.2693"
"40,46 : 0.3561"
"46,40 : 0.3561"
"40,47 : 0.4847"
"47,40 : 0.4847"
"40,48 : 0.8778"
"48,40 : 0.8778"
"40,49 : 0.8615"
"49,40 : 0.8615"
"41,42 : 0.8194"
"42,41 : 0.8194"
"41,43 : 0.5029"
"43,41 : 0.5029"
"41,44 : 0.7481"
"44,41 : 0.7481"
"41,45 : 0.7463"
"45,41 : 0.7463"
"41,46 : 0.5001"
"46,41 : 0.5001"
"41,47 : 0.5948"
"47,41 : 0.5948"
"41,48 : 0.4851"
"48,41 : 0.4851"
"41,49 : 0.2746"
"49,41 : 0.2746"
"42,43 : 1.008"
"43,42 : 1.008"
"42,44 : 0.2202"
"44,42 : 0.2202"
"42,45 : 0.172"
"45,42 : 0.172"
"42,46 : 0.5025"
"46,42 : 0.5025"
"42,47 : 0.6391"
"47,42 : 0.6391"
"42,48 : 1.0183"
"48,42 : 1.0183"
