x,y
0.31,0.23
0.57,0.17
0.22,0.38
0.21,0.72
0.71,0.72
0.12,0.44
0.09,0.21
1.0,0.95
0.9,0.54
0.6,0.94
0.36,0.35
0.09,0.04
0.72,0.02
0.76,0.34
0.73,0.45
0.08,0.82
0.17,0.77
0.31,0.26
0.06,0.49
0.94,0.9
0.27,0.89
0.1,0.24
0.17,0.02
0.1,0.36
0.83,0.36
0.07,0.4
0.32,0.62
0.79,0.94
0.46,0.6
0.05,0.62
0.96,0.7
0.86,0.33
0.76,0.97
0.51,0.21
0.71,0.22
0.91,0.15
0.99,0.78
0.92,0.73
0.54,0.78
0.32,0.26
0.96,0.78
0.17,1.0
0.24,0.98
0.42,0.25
0.9,0.99
0.06,0.33
0.58,0.67
0.81,0.34
0.95,0.97
0.23,0.63

Distanze
"0,1 : 0.2668"
"1,0 : 0.2668"
"0,2 : 0.1749"
"2,0 : 0.1749"
"0,3 : 0.5001"
"3,0 : 0.5001"
"0,4 : 0.6325"
"4,0 : 0.6325"
"0,5 : 0.2832"
"5,0 : 0.2832"
"0,6 : 0.2209"
"6,0 : 0.2209"
"0,7 : 0.9972"
"7,0 : 0.9972"
"0,8 : 0.6665"
"8,0 : 0.6665"
"0,9 : 0.7669"
"9,0 : 0.7669"
"0,10 : 0.13"
"10,0 : 0.13"
"0,11 : 0.2907"
"11,0 : 0.2907"
"0,12 : 0.4607"
"12,0 : 0.4607"
"0,13 : 0.4632"
"13,0 : 0.4632"
"0,14 : 0.4741"
"14,0 : 0.4741"
"0,15 : 0.6332"
"15,0 : 0.6332"
"0,16 : 0.5579"
"16,0 : 0.5579"
"0,17 : 0.03"
"17,0 : 0.03"
"0,18 : 0.3607"
"18,0 : 0.3607"
"0,19 : 0.9197"
"19,0 : 0.9197"
"0,20 : 0.6612"
"20,0 : 0.6612"
"0,21 : 0.2102"
"21,0 : 0.2102"
"0,22 : 0.2524"
"22,0 : 0.2524"
"0,23 : 0.247"
"23,0 : 0.247"
"0,24 : 0.536"
"24,0 : 0.536"
"0,25 : 0.2941"
"25,0 : 0.2941"
"0,26 : 0.3901"
"26,0 : 0.3901"
"0,27 : 0.857"
"27,0 : 0.857"
"0,28 : 0.3992"
"28,0 : 0.3992"
"0,29 : 0.4687"
"29,0 : 0.4687"
"0,30 : 0.8021"
"30,0 : 0.8021"
"0,31 : 0.559"
"31,0 : 0.559"
"0,32 : 0.8661"
"32,0 : 0.8661"
"0,33 : 0.201"
"33,0 : 0.201"
"0,34 : 0.4001"
"34,0 : 0.4001"
"0,35 : 0.6053"
"35,0 : 0.6053"
"0,36 : 0.8746"
"36,0 : 0.8746"
"0,37 : 0.7887"
"37,0 : 0.7887"
"0,38 : 0.5962"
"38,0 : 0.5962"
"0,39 : 0.0316"
"39,0 : 0.0316"
"0,40 : 0.8515"
"40,0 : 0.8515"
"0,41 : 0.7826"
"41,0 : 0.7826"
"0,42 : 0.7533"
"42,0 : 0.7533"
"0,43 : 0.1118"
"43,0 : 0.1118"
"0,44 : 0.9621"
"44,0 : 0.9621"
"0,45 : 0.2693"
"45,0 : 0.2693"
"0,46 : 0.5162"
"46,0 : 0.5162"
"0,47 : 0.512"
"47,0 : 0.512"
"0,48 : 0.9784"
"48,0 : 0.9784"
"0,49 : 0.4079"
"49,0 : 0.4079"
"1,2 : 0.4082"
"2,1 : 0.4082"
"1,3 : 0.6573"
"3,1 : 0.6573"
"1,4 : 0.5675"
"4,1 : 0.5675"
"1,5 : 0.5248"
"5,1 : 0.5248"
"1,6 : 0.4817"
"6,1 : 0.4817"
"1,7 : 0.8907"
"7,1 : 0.8907"
"1,8 : 0.4958"
"8,1 : 0.4958"
"1,9 : 0.7706"
"9,1 : 0.7706"
"1,10 : 0.2766"
"10,1 : 0.2766"
"1,11 : 0.4973"
"11,1 : 0.4973"
"1,12 : 0.2121"
"12,1 : 0.2121"
"1,13 : 0.255"
"13,1 : 0.255"
"1,14 : 0.3225"
"14,1 : 0.3225"
"1,15 : 0.814"
"15,1 : 0.814"
"1,16 : 0.7211"
"16,1 : 0.7211"
"1,17 : 0.2751"
"17,1 : 0.2751"
"1,18 : 0.6021"
"18,1 : 0.6021"
"1,19 : 0.8184"
"19,1 : 0.8184"
"1,20 : 0.78"
"20,1 : 0.78"
"1,21 : 0.4752"
"21,1 : 0.4752"
"1,22 : 0.4272"
"22,1 : 0.4272"
"1,23 : 0.507"
"23,1 : 0.507"
"1,24 : 0.322"
"24,1 : 0.322"
"1,25 : 0.5504"
"25,1 : 0.5504"
"1,26 : 0.5148"
"26,1 : 0.5148"
"1,27 : 0.8008"
"27,1 : 0.8008"
"1,28 : 0.4438"
"28,1 : 0.4438"
"1,29 : 0.6877"
"29,1 : 0.6877"
"1,30 : 0.658"
"30,1 : 0.658"
"1,31 : 0.3312"
"31,1 : 0.3312"
"1,32 : 0.8223"
"32,1 : 0.8223"
"1,33 : 0.0721"
"33,1 : 0.0721"
"1,34 : 0.1487"
"34,1 : 0.1487"
"1,35 : 0.3406"
"35,1 : 0.3406"
"1,36 : 0.7406"
"36,1 : 0.7406"
"1,37 : 0.6604"
"37,1 : 0.6604"
"1,38 : 0.6107"
"38,1 : 0.6107"
"1,39 : 0.2657"
"39,1 : 0.2657"
"1,40 : 0.724"
"40,1 : 0.724"
"1,41 : 0.9214"
"41,1 : 0.9214"
"1,42 : 0.8746"
"42,1 : 0.8746"
"1,43 : 0.17"
"43,1 : 0.17"
"1,44 : 0.8839"
"44,1 : 0.8839"
"1,45 : 0.5345"
"45,1 : 0.5345"
"1,46 : 0.5001"
"46,1 : 0.5001"
"1,47 : 0.2941"
"47,1 : 0.2941"
"1,48 : 0.8857"
"48,1 : 0.8857"
"1,49 : 0.572"
"49,1 : 0.572"
"2,3 : 0.3401"
"3,2 : 0.3401"
"2,4 : 0.5964"
"4,2 : 0.5964"
"2,5 : 0.1166"
"5,2 : 0.1166"
"2,6 : 0.214"
"6,2 : 0.214"
"2,7 : 0.9661"
"7,2 : 0.9661"
"2,8 : 0.6986"
"8,2 : 0.6986"
"2,9 : 0.6768"
"9,2 : 0.6768"
"2,10 : 0.1432"
"10,2 : 0.1432"
"2,11 : 0.364"
"11,2 : 0.364"
"2,12 : 0.6161"
"12,2 : 0.6161"
"2,13 : 0.5415"
"13,2 : 0.5415"
"2,14 : 0.5148"
"14,2 : 0.5148"
"2,15 : 0.4617"
"15,2 : 0.4617"
"2,16 : 0.3932"
"16,2 : 0.3932"
"2,17 : 0.15"
"17,2 : 0.15"
"2,18 : 0.1942"
"18,2 : 0.1942"
"2,19 : 0.8881"
"19,2 : 0.8881"
"2,20 : 0.5124"
"20,2 : 0.5124"
"2,21 : 0.1844"
"21,2 : 0.1844"
"2,22 : 0.3635"
"22,2 : 0.3635"
"2,23 : 0.1217"
"23,2 : 0.1217"
"2,24 : 0.6103"
"24,2 : 0.6103"
"2,25 : 0.1513"
"25,2 : 0.1513"
"2,26 : 0.26"
"26,2 : 0.26"
"2,27 : 0.7991"
"27,2 : 0.7991"
"2,28 : 0.3256"
"28,2 : 0.3256"
"2,29 : 0.2941"
"29,2 : 0.2941"
"2,30 : 0.8062"
"30,2 : 0.8062"
"2,31 : 0.642"
"31,2 : 0.642"
"2,32 : 0.7998"
"32,2 : 0.7998"
"2,33 : 0.3362"
"33,2 : 0.3362"
"2,34 : 0.5155"
"34,2 : 0.5155"
"2,35 : 0.7273"
"35,2 : 0.7273"
"2,36 : 0.8677"
"36,2 : 0.8677"
"2,37 : 0.7826"
"37,2 : 0.7826"
"2,38 : 0.5122"
"38,2 : 0.5122"
"2,39 : 0.1562"
"39,2 : 0.1562"
"2,40 : 0.8412"
"40,2 : 0.8412"
"2,41 : 0.622"
"41,2 : 0.622"
"2,42 : 0.6003"
"42,2 : 0.6003"
"2,43 : 0.2385"
"43,2 : 0.2385"
"2,44 : 0.9135"
"44,2 : 0.9135"
"2,45 : 0.1676"
"45,2 : 0.1676"
"2,46 : 0.4623"
"46,2 : 0.4623"
"2,47 : 0.5914"
"47,2 : 0.5914"
"2,48 : 0.9386"
"48,2 : 0.9386"
"2,49 : 0.2502"
"49,2 : 0.2502"
"3,4 : 0.5"
"4,3 : 0.5"
"3,5 : 0.2941"
"5,3 : 0.2941"
"3,6 : 0.5239"
"6,3 : 0.5239"
"3,7 : 0.8228"
"7,3 : 0.8228"
"3,8 : 0.7131"
"8,3 : 0.7131"
"3,9 : 0.4478"
"9,3 : 0.4478"
"3,10 : 0.3992"
"10,3 : 0.3992"
"3,11 : 0.6905"
"11,3 : 0.6905"
"3,12 : 0.8661"
"12,3 : 0.8661"
"3,13 : 0.6685"
"13,3 : 0.6685"
"3,14 : 0.5859"
"14,3 : 0.5859"
"3,15 : 0.164"
"15,3 : 0.164"
"3,16 : 0.064"
"16,3 : 0.064"
"3,17 : 0.4707"
"17,3 : 0.4707"
"3,18 : 0.2746"
"18,3 : 0.2746"
"3,19 : 0.7519"
"19,3 : 0.7519"
"3,20 : 0.1803"
"20,3 : 0.1803"
"3,21 : 0.4924"
"21,3 : 0.4924"
"3,22 : 0.7011"
"22,3 : 0.7011"
"3,23 : 0.3764"
"23,3 : 0.3764"
"3,24 : 0.7169"
"24,3 : 0.7169"
"3,25 : 0.3493"
"25,3 : 0.3493"
"3,26 : 0.1487"
"26,3 : 0.1487"
"3,27 : 0.6203"
"27,3 : 0.6203"
"3,28 : 0.2773"
"28,3 : 0.2773"
"3,29 : 0.1887"
"29,3 : 0.1887"
"3,30 : 0.7503"
"30,3 : 0.7503"
"3,31 : 0.758"
"31,3 : 0.758"
"3,32 : 0.6042"
"32,3 : 0.6042"
"3,33 : 0.5917"
"33,3 : 0.5917"
"3,34 : 0.7071"
"34,3 : 0.7071"
"3,35 : 0.9027"
"35,3 : 0.9027"
"3,36 : 0.7823"
"36,3 : 0.7823"
"3,37 : 0.7101"
"37,3 : 0.7101"
"3,38 : 0.3354"
"38,3 : 0.3354"
"3,39 : 0.473"
"39,3 : 0.473"
"3,40 : 0.7524"
"40,3 : 0.7524"
"3,41 : 0.2828"
"41,3 : 0.2828"
"3,42 : 0.2617"
"42,3 : 0.2617"
"3,43 : 0.5148"
"43,3 : 0.5148"
"3,44 : 0.7409"
"44,3 : 0.7409"
"3,45 : 0.4179"
"45,3 : 0.4179"
"3,46 : 0.3734"
"46,3 : 0.3734"
"3,47 : 0.7102"
"47,3 : 0.7102"
"3,48 : 0.7811"
"48,3 : 0.7811"
"3,49 : 0.0922"
"49,3 : 0.0922"
"4,5 : 0.6531"
"5,4 : 0.6531"
"4,6 : 0.8028"
"6,4 : 0.8028"
"4,7 : 0.3701"
"7,4 : 0.3701"
"4,8 : 0.2617"
"8,4 : 0.2617"
"4,9 : 0.246"
"9,4 : 0.246"
"4,10 : 0.5093"
"10,4 : 0.5093"
"4,11 : 0.9202"
"11,4 : 0.9202"
"4,12 : 0.7001"
"12,4 : 0.7001"
"4,13 : 0.3833"
"13,4 : 0.3833"
"4,14 : 0.2707"
"14,4 : 0.2707"
"4,15 : 0.6379"
"15,4 : 0.6379"
"4,16 : 0.5423"
"16,4 : 0.5423"
"4,17 : 0.6096"
"17,4 : 0.6096"
"4,18 : 0.6895"
"18,4 : 0.6895"
"4,19 : 0.2921"
"19,4 : 0.2921"
"4,20 : 0.4717"
"20,4 : 0.4717"
"4,21 : 0.7762"
"21,4 : 0.7762"
"4,22 : 0.8841"
"22,4 : 0.8841"
"4,23 : 0.7083"
"23,4 : 0.7083"
"4,24 : 0.3795"
"24,4 : 0.3795"
"4,25 : 0.7155"
"25,4 : 0.7155"
"4,26 : 0.4026"
"26,4 : 0.4026"
"4,27 : 0.2341"
"27,4 : 0.2341"
"4,28 : 0.2773"
"28,4 : 0.2773"
"4,29 : 0.6675"
"29,4 : 0.6675"
"4,30 : 0.2508"
"30,4 : 0.2508"
"4,31 : 0.4179"
"31,4 : 0.4179"
"4,32 : 0.255"
"32,4 : 0.255"
"4,33 : 0.5478"
"33,4 : 0.5478"
"4,34 : 0.5"
"34,4 : 0.5"
"4,35 : 0.6041"
"35,4 : 0.6041"
"4,36 : 0.2864"
"36,4 : 0.2864"
"4,37 : 0.2102"
"37,4 : 0.2102"
"4,38 : 0.1803"
"38,4 : 0.1803"
"4,39 : 0.6031"
"39,4 : 0.6031"
"4,40 : 0.2571"
"40,4 : 0.2571"
"4,41 : 0.6083"
"41,4 : 0.6083"
"4,42 : 0.5371"
"42,4 : 0.5371"
"4,43 : 0.5523"
"43,4 : 0.5523"
"4,44 : 0.3302"
"44,4 : 0.3302"
"4,45 : 0.758"
"45,4 : 0.758"
"4,46 : 0.1393"
"46,4 : 0.1393"
"4,47 : 0.3929"
"47,4 : 0.3929"
"4,48 : 0.3466"
"48,4 : 0.3466"
"4,49 : 0.4884"
"49,4 : 0.4884"
"5,6 : 0.2319"
"6,5 : 0.2319"
"5,7 : 1.0171"
"7,5 : 1.0171"
"5,8 : 0.7864"
"8,5 : 0.7864"
"5,9 : 0.6931"
"9,5 : 0.6931"
"5,10 : 0.2563"
"10,5 : 0.2563"
"5,11 : 0.4011"
"11,5 : 0.4011"
"5,12 : 0.7324"
"12,5 : 0.7324"
"5,13 : 0.6478"
"13,5 : 0.6478"
"5,14 : 0.6101"
"14,5 : 0.6101"
"5,15 : 0.3821"
"15,5 : 0.3821"
"5,16 : 0.3338"
"16,5 : 0.3338"
"5,17 : 0.2617"
"17,5 : 0.2617"
"5,18 : 0.0781"
"18,5 : 0.0781"
"5,19 : 0.9402"
"19,5 : 0.9402"
"5,20 : 0.4743"
"20,5 : 0.4743"
"5,21 : 0.201"
"21,5 : 0.201"
"5,22 : 0.423"
"22,5 : 0.423"
"5,23 : 0.0825"
"23,5 : 0.0825"
"5,24 : 0.7145"
"24,5 : 0.7145"
"5,25 : 0.064"
"25,5 : 0.064"
"5,26 : 0.2691"
"26,5 : 0.2691"
"5,27 : 0.836"
"27,5 : 0.836"
"5,28 : 0.3758"
"28,5 : 0.3758"
"5,29 : 0.1931"
"29,5 : 0.1931"
"5,30 : 0.8793"
"30,5 : 0.8793"
"5,31 : 0.7481"
"31,5 : 0.7481"
"5,32 : 0.831"
"32,5 : 0.831"
"5,33 : 0.4528"
"33,5 : 0.4528"
"5,34 : 0.6297"
"34,5 : 0.6297"
"5,35 : 0.8415"
"35,5 : 0.8415"
"5,36 : 0.9341"
"36,5 : 0.9341"
"5,37 : 0.8509"
"37,5 : 0.8509"
"5,38 : 0.5404"
"38,5 : 0.5404"
"5,39 : 0.2691"
"39,5 : 0.2691"
"5,40 : 0.9062"
"40,5 : 0.9062"
"5,41 : 0.5622"
"41,5 : 0.5622"
"5,42 : 0.5532"
"42,5 : 0.5532"
"5,43 : 0.3551"
"43,5 : 0.3551"
"5,44 : 0.9544"
"44,5 : 0.9544"
"5,45 : 0.1253"
"45,5 : 0.1253"
"5,46 : 0.5143"
"46,5 : 0.5143"
"5,47 : 0.6972"
"47,5 : 0.6972"
"5,48 : 0.9848"
"48,5 : 0.9848"
"5,49 : 0.2195"
"49,5 : 0.2195"
"6,7 : 1.1729"
"7,6 : 1.1729"
"6,8 : 0.8746"
"8,6 : 0.8746"
"6,9 : 0.8905"
"9,6 : 0.8905"
"6,10 : 0.3041"
"10,6 : 0.3041"
"6,11 : 0.17"
"11,6 : 0.17"
"6,12 : 0.658"
"12,6 : 0.658"
"6,13 : 0.6825"
"13,6 : 0.6825"
"6,14 : 0.6835"
"14,6 : 0.6835"
"6,15 : 0.6101"
"15,6 : 0.6101"
"6,16 : 0.5657"
"16,6 : 0.5657"
"6,17 : 0.2256"
"17,6 : 0.2256"
"6,18 : 0.2816"
"18,6 : 0.2816"
"6,19 : 1.0948"
"19,6 : 1.0948"
"6,20 : 0.7034"
"20,6 : 0.7034"
"6,21 : 0.0316"
"21,6 : 0.0316"
"6,22 : 0.2062"
"22,6 : 0.2062"
"6,23 : 0.1503"
"23,6 : 0.1503"
"6,24 : 0.755"
"24,6 : 0.755"
"6,25 : 0.191"
"25,6 : 0.191"
"6,26 : 0.4701"
"26,6 : 0.4701"
"6,27 : 1.0114"
"27,6 : 1.0114"
"6,28 : 0.5376"
"28,6 : 0.5376"
"6,29 : 0.4119"
"29,6 : 0.4119"
"6,30 : 0.9985"
"30,6 : 0.9985"
"6,31 : 0.7793"
"31,6 : 0.7793"
"6,32 : 1.0132"
"32,6 : 1.0132"
"6,33 : 0.42"
"33,6 : 0.42"
"6,34 : 0.6201"
"34,6 : 0.6201"
"6,35 : 0.8222"
"35,6 : 0.8222"
"6,36 : 1.0653"
"36,6 : 1.0653"
"6,37 : 0.9794"
"37,6 : 0.9794"
"6,38 : 0.7262"
"38,6 : 0.7262"
"6,39 : 0.2354"
"39,6 : 0.2354"
"6,40 : 1.0401"
"40,6 : 1.0401"
"6,41 : 0.794"
"41,6 : 0.794"
"6,42 : 0.7845"
"42,6 : 0.7845"
"6,43 : 0.3324"
"43,6 : 0.3324"
"6,44 : 1.1245"
"44,6 : 1.1245"
"6,45 : 0.1237"
"45,6 : 0.1237"
"6,46 : 0.6721"
"46,6 : 0.6721"
"6,47 : 0.7316"
"47,6 : 0.7316"
"6,48 : 1.1477"
"48,6 : 1.1477"
"6,49 : 0.4427"
"49,6 : 0.4427"
"7,8 : 0.422"
"8,7 : 0.422"
"7,9 : 0.4001"
"9,7 : 0.4001"
"7,10 : 0.8773"
"10,7 : 0.8773"
"7,11 : 1.2869"
"11,7 : 1.2869"
"7,12 : 0.9712"
"12,7 : 0.9712"
"7,13 : 0.6555"
"13,7 : 0.6555"
"7,14 : 0.5682"
"14,7 : 0.5682"
"7,15 : 0.9291"
"15,7 : 0.9291"
"7,16 : 0.8493"
"16,7 : 0.8493"
"7,17 : 0.9758"
"17,7 : 0.9758"
"7,18 : 1.0465"
"18,7 : 1.0465"
"7,19 : 0.0781"
"19,7 : 0.0781"
"7,20 : 0.7325"
"20,7 : 0.7325"
"7,21 : 1.1463"
"21,7 : 1.1463"
"7,22 : 1.2465"
"22,7 : 1.2465"
"7,23 : 1.0762"
"23,7 : 1.0762"
"7,24 : 0.614"
"24,7 : 0.614"
"7,25 : 1.0805"
"25,7 : 1.0805"
"7,26 : 0.7558"
"26,7 : 0.7558"
"7,27 : 0.2102"
"27,7 : 0.2102"
"7,28 : 0.6435"
"28,7 : 0.6435"
"7,29 : 1.0057"
"29,7 : 1.0057"
"7,30 : 0.2532"
"30,7 : 0.2532"
"7,31 : 0.6356"
"31,7 : 0.6356"
"7,32 : 0.2408"
"32,7 : 0.2408"
"7,33 : 0.8875"
"33,7 : 0.8875"
"7,34 : 0.7855"
"34,7 : 0.7855"
"7,35 : 0.805"
"35,7 : 0.805"
"7,36 : 0.1703"
"36,7 : 0.1703"
"7,37 : 0.2341"
"37,7 : 0.2341"
"7,38 : 0.4904"
"38,7 : 0.4904"
"7,39 : 0.9688"
"39,7 : 0.9688"
"7,40 : 0.1746"
"40,7 : 0.1746"
"7,41 : 0.8315"
"41,7 : 0.8315"
"7,42 : 0.7606"
"42,7 : 0.7606"
"7,43 : 0.9091"
"43,7 : 0.9091"
"7,44 : 0.1077"
"44,7 : 0.1077"
"7,45 : 1.1261"
"45,7 : 1.1261"
"7,46 : 0.5048"
"46,7 : 0.5048"
"7,47 : 0.6389"
"47,7 : 0.6389"
"7,48 : 0.0539"
"48,7 : 0.0539"
"7,49 : 0.8338"
"49,7 : 0.8338"
"8,9 : 0.5"
"9,8 : 0.5"
"8,10 : 0.5725"
"10,8 : 0.5725"
"8,11 : 0.9519"
"11,8 : 0.9519"
"8,12 : 0.5503"
"12,8 : 0.5503"
"8,13 : 0.2441"
"13,8 : 0.2441"
"8,14 : 0.1924"
"14,8 : 0.1924"
"8,15 : 0.8665"
"15,8 : 0.8665"
"8,16 : 0.7654"
"16,8 : 0.7654"
"8,17 : 0.6531"
"17,8 : 0.6531"
"8,18 : 0.8415"
"18,8 : 0.8415"
"8,19 : 0.3622"
"19,8 : 0.3622"
"8,20 : 0.7207"
"20,8 : 0.7207"
"8,21 : 0.8544"
"21,8 : 0.8544"
"8,22 : 0.8963"
"22,8 : 0.8963"
"8,23 : 0.82"
"23,8 : 0.82"
"8,24 : 0.1931"
"24,8 : 0.1931"
"8,25 : 0.8417"
"25,8 : 0.8417"
"8,26 : 0.5855"
"26,8 : 0.5855"
"8,27 : 0.4148"
"27,8 : 0.4148"
"8,28 : 0.4441"
"28,8 : 0.4441"
"8,29 : 0.8538"
"29,8 : 0.8538"
"8,30 : 0.1709"
"30,8 : 0.1709"
"8,31 : 0.2138"
"31,8 : 0.2138"
"8,32 : 0.4522"
"32,8 : 0.4522"
"8,33 : 0.5109"
"33,8 : 0.5109"
"8,34 : 0.3722"
"34,8 : 0.3722"
"8,35 : 0.3901"
"35,8 : 0.3901"
"8,36 : 0.2563"
"36,8 : 0.2563"
"8,37 : 0.191"
"37,8 : 0.191"
"8,38 : 0.4327"
"38,8 : 0.4327"
"8,39 : 0.644"
"39,8 : 0.644"
"8,40 : 0.2474"
"40,8 : 0.2474"
"8,41 : 0.8628"
"41,8 : 0.8628"
"8,42 : 0.7932"
"42,8 : 0.7932"
"8,43 : 0.5608"
"43,8 : 0.5608"
"8,44 : 0.45"
"44,8 : 0.45"
"8,45 : 0.8659"
"45,8 : 0.8659"
"8,46 : 0.3454"
"46,8 : 0.3454"
"8,47 : 0.2193"
"47,8 : 0.2193"
"8,48 : 0.4329"
"48,8 : 0.4329"
"8,49 : 0.676"
"49,8 : 0.676"
"9,10 : 0.6369"
"10,9 : 0.6369"
"9,11 : 1.0345"
"11,9 : 1.0345"
"9,12 : 0.9278"
"12,9 : 0.9278"
"9,13 : 0.621"
"13,9 : 0.621"
"9,14 : 0.507"
"14,9 : 0.507"
"9,15 : 0.5337"
"15,9 : 0.5337"
"9,16 : 0.4624"
"16,9 : 0.4624"
"9,17 : 0.7393"
"17,9 : 0.7393"
"9,18 : 0.7029"
"18,9 : 0.7029"
"9,19 : 0.3423"
"19,9 : 0.3423"
"9,20 : 0.3338"
"20,9 : 0.3338"
"9,21 : 0.8602"
"21,9 : 0.8602"
"9,22 : 1.0155"
"22,9 : 1.0155"
"9,23 : 0.7658"
"23,9 : 0.7658"
"9,24 : 0.6239"
"24,9 : 0.6239"
"9,25 : 0.7566"
"25,9 : 0.7566"
"9,26 : 0.4252"
"26,9 : 0.4252"
"9,27 : 0.19"
"27,9 : 0.19"
"9,28 : 0.3677"
"28,9 : 0.3677"
"9,29 : 0.6363"
"29,9 : 0.6363"
"9,30 : 0.4327"
"30,9 : 0.4327"
"9,31 : 0.6631"
"31,9 : 0.6631"
"9,32 : 0.1628"
"32,9 : 0.1628"
"9,33 : 0.7355"
"33,9 : 0.7355"
"9,34 : 0.7284"
"34,9 : 0.7284"
"9,35 : 0.8486"
"35,9 : 0.8486"
"9,36 : 0.4215"
"36,9 : 0.4215"
"9,37 : 0.3828"
"37,9 : 0.3828"
"9,38 : 0.1709"
"38,9 : 0.1709"
"9,39 : 0.7354"
"39,9 : 0.7354"
"9,40 : 0.394"
"40,9 : 0.394"
"9,41 : 0.4342"
"41,9 : 0.4342"
"9,42 : 0.3622"
"42,9 : 0.3622"
"9,43 : 0.7131"
"43,9 : 0.7131"
"9,44 : 0.3041"
"44,9 : 0.3041"
"9,45 : 0.8147"
"45,9 : 0.8147"
"9,46 : 0.2707"
"46,9 : 0.2707"
"9,47 : 0.6357"
"47,9 : 0.6357"
"9,48 : 0.3513"
"48,9 : 0.3513"
"9,49 : 0.4827"
"49,9 : 0.4827"
"10,11 : 0.4111"
"11,10 : 0.4111"
"10,12 : 0.4884"
"12,10 : 0.4884"
"10,13 : 0.4001"
"13,10 : 0.4001"
"10,14 : 0.3833"
"14,10 : 0.3833"
"10,15 : 0.5471"
"15,10 : 0.5471"
"10,16 : 0.461"
"16,10 : 0.461"
"10,17 : 0.103"
"17,10 : 0.103"
"10,18 : 0.3311"
"18,10 : 0.3311"
"10,19 : 0.7993"
"19,10 : 0.7993"
"10,20 : 0.5474"
"20,10 : 0.5474"
"10,21 : 0.2823"
"21,10 : 0.2823"
"10,22 : 0.3808"
"22,10 : 0.3808"
"10,23 : 0.2602"
"23,10 : 0.2602"
"10,24 : 0.4701"
"24,10 : 0.4701"
"10,25 : 0.2943"
"25,10 : 0.2943"
"10,26 : 0.2729"
"26,10 : 0.2729"
"10,27 : 0.7301"
"27,10 : 0.7301"
"10,28 : 0.2693"
"28,10 : 0.2693"
"10,29 : 0.4111"
"29,10 : 0.4111"
"10,30 : 0.6946"
"30,10 : 0.6946"
"10,31 : 0.5004"
"31,10 : 0.5004"
"10,32 : 0.7378"
"32,10 : 0.7378"
"10,33 : 0.2052"
"33,10 : 0.2052"
"10,34 : 0.3734"
"34,10 : 0.3734"
"10,35 : 0.5852"
"35,10 : 0.5852"
"10,36 : 0.7628"
"36,10 : 0.7628"
"10,37 : 0.6768"
"37,10 : 0.6768"
"10,38 : 0.4662"
"38,10 : 0.4662"
"10,39 : 0.0985"
"39,10 : 0.0985"
"10,40 : 0.7382"
"40,10 : 0.7382"
"10,41 : 0.6772"
"41,10 : 0.6772"
"10,42 : 0.6413"
"42,10 : 0.6413"
"10,43 : 0.1166"
"43,10 : 0.1166"
"10,44 : 0.8374"
"44,10 : 0.8374"
"10,45 : 0.3007"
"45,10 : 0.3007"
"10,46 : 0.3883"
"46,10 : 0.3883"
"10,47 : 0.4501"
"47,10 : 0.4501"
"10,48 : 0.8559"
"48,10 : 0.8559"
"10,49 : 0.3087"
"49,10 : 0.3087"
"11,12 : 0.6303"
"12,11 : 0.6303"
"11,13 : 0.7341"
"13,11 : 0.7341"
"11,14 : 0.7601"
"14,11 : 0.7601"
"11,15 : 0.7801"
"15,11 : 0.7801"
"11,16 : 0.7344"
"16,11 : 0.7344"
"11,17 : 0.3111"
"17,11 : 0.3111"
"11,18 : 0.451"
"18,11 : 0.451"
"11,19 : 1.2092"
"19,11 : 1.2092"
"11,20 : 0.8688"
"20,11 : 0.8688"
"11,21 : 0.2002"
"21,11 : 0.2002"
"11,22 : 0.0825"
"22,11 : 0.0825"
"11,23 : 0.3202"
"23,11 : 0.3202"
"11,24 : 0.8062"
"24,11 : 0.8062"
"11,25 : 0.3606"
"25,11 : 0.3606"
"11,26 : 0.6239"
"26,11 : 0.6239"
"11,27 : 1.1402"
"27,11 : 1.1402"
"11,28 : 0.6712"
"28,11 : 0.6712"
"11,29 : 0.5814"
"29,11 : 0.5814"
"11,30 : 1.092"
"30,11 : 1.092"
"11,31 : 0.8228"
"31,11 : 0.8228"
"11,32 : 1.1462"
"32,11 : 1.1462"
"11,33 : 0.4531"
"33,11 : 0.4531"
"11,34 : 0.6456"
"34,11 : 0.6456"
"11,35 : 0.8273"
"35,11 : 0.8273"
"11,36 : 1.1652"
"36,11 : 1.1652"
"11,37 : 1.0794"
"37,11 : 1.0794"
"11,38 : 0.8661"
"38,11 : 0.8661"
"11,39 : 0.3183"
"39,11 : 0.3183"
"11,40 : 1.1421"
"40,11 : 1.1421"
"11,41 : 0.9633"
"41,11 : 0.9633"
"11,42 : 0.9519"
"42,11 : 0.9519"
"11,43 : 0.3912"
"43,11 : 0.3912"
"11,44 : 1.2484"
"44,11 : 1.2484"
"11,45 : 0.2915"
"45,11 : 0.2915"
"11,46 : 0.7981"
"46,11 : 0.7981"
"11,47 : 0.78"
"47,11 : 0.78"
"11,48 : 1.2667"
"48,11 : 1.2667"
"11,49 : 0.6064"
"49,11 : 0.6064"
"12,13 : 0.3225"
"13,12 : 0.3225"
"12,14 : 0.4301"
"14,12 : 0.4301"
"12,15 : 1.0245"
"15,12 : 1.0245"
"12,16 : 0.9301"
"16,12 : 0.9301"
"12,17 : 0.4751"
"17,12 : 0.4751"
"12,18 : 0.8102"
"18,12 : 0.8102"
"12,19 : 0.9071"
"19,12 : 0.9071"
"12,20 : 0.9795"
"20,12 : 0.9795"
"12,21 : 0.6579"
"21,12 : 0.6579"
"12,22 : 0.55"
"22,12 : 0.55"
"12,23 : 0.7071"
"23,12 : 0.7071"
"12,24 : 0.3574"
"24,12 : 0.3574"
"12,25 : 0.7529"
"25,12 : 0.7529"
"12,26 : 0.7211"
"26,12 : 0.7211"
"12,27 : 0.9227"
"27,12 : 0.9227"
"12,28 : 0.6356"
"28,12 : 0.6356"
"12,29 : 0.8994"
"29,12 : 0.8994"
"12,30 : 0.7211"
"30,12 : 0.7211"
"12,31 : 0.3401"
"31,12 : 0.3401"
"12,32 : 0.9508"
"32,12 : 0.9508"
"12,33 : 0.2832"
"33,12 : 0.2832"
"12,34 : 0.2002"
"34,12 : 0.2002"
"12,35 : 0.2302"
"35,12 : 0.2302"
"12,36 : 0.8065"
"36,12 : 0.8065"
"12,37 : 0.7376"
"37,12 : 0.7376"
"12,38 : 0.781"
"38,12 : 0.781"
"12,39 : 0.4665"
"39,12 : 0.4665"
"12,40 : 0.797"
"40,12 : 0.797"
"12,41 : 1.1238"
"41,12 : 1.1238"
"12,42 : 1.0733"
"42,12 : 1.0733"
"12,43 : 0.378"
"43,12 : 0.378"
"12,44 : 0.9866"
"44,12 : 0.9866"
"12,45 : 0.7292"
"45,12 : 0.7292"
"12,46 : 0.6649"
"46,12 : 0.6649"
"12,47 : 0.3324"
"47,12 : 0.3324"
"12,48 : 0.9774"
"48,12 : 0.9774"
"12,49 : 0.7824"
"49,12 : 0.7824"
"13,14 : 0.114"
"14,13 : 0.114"
"13,15 : 0.8323"
"15,13 : 0.8323"
"13,16 : 0.7301"
"16,13 : 0.7301"
"13,17 : 0.4571"
"17,13 : 0.4571"
"13,18 : 0.7159"
"18,13 : 0.7159"
"13,19 : 0.5882"
"19,13 : 0.5882"
"13,20 : 0.7366"
"20,13 : 0.7366"
"13,21 : 0.6675"
"21,13 : 0.6675"
"13,22 : 0.6712"
"22,13 : 0.6712"
"13,23 : 0.6603"
"23,13 : 0.6603"
"13,24 : 0.0728"
"24,13 : 0.0728"
"13,25 : 0.6926"
"25,13 : 0.6926"
"13,26 : 0.5215"
"26,13 : 0.5215"
"13,27 : 0.6007"
"27,13 : 0.6007"
"13,28 : 0.397"
"28,13 : 0.397"
"13,29 : 0.7632"
"29,13 : 0.7632"
"13,30 : 0.4118"
"30,13 : 0.4118"
"13,31 : 0.1005"
"31,13 : 0.1005"
"13,32 : 0.63"
"32,13 : 0.63"
"13,33 : 0.2818"
"33,13 : 0.2818"
"13,34 : 0.13"
"34,13 : 0.13"
"13,35 : 0.2421"
"35,13 : 0.2421"
"13,36 : 0.4965"
"36,13 : 0.4965"
"13,37 : 0.4215"
"37,13 : 0.4215"
"13,38 : 0.4919"
"38,13 : 0.4919"
"13,39 : 0.4472"
"39,13 : 0.4472"
"13,40 : 0.4833"
"40,13 : 0.4833"
"13,41 : 0.8853"
"41,13 : 0.8853"
"13,42 : 0.8246"
"42,13 : 0.8246"
"13,43 : 0.3517"
"43,13 : 0.3517"
"13,44 : 0.6649"
"44,13 : 0.6649"
"13,45 : 0.7001"
"45,13 : 0.7001"
"13,46 : 0.3759"
"46,13 : 0.3759"
"13,47 : 0.05"
"47,13 : 0.05"
"13,48 : 0.658"
"48,13 : 0.658"
"13,49 : 0.6042"
"49,13 : 0.6042"
"14,15 : 0.7479"
"15,14 : 0.7479"
"14,16 : 0.645"
"16,14 : 0.645"
"14,17 : 0.461"
"17,14 : 0.461"
"14,18 : 0.6712"
"18,14 : 0.6712"
"14,19 : 0.4966"
"19,14 : 0.4966"
"14,20 : 0.6366"
"20,14 : 0.6366"
"14,21 : 0.6641"
"21,14 : 0.6641"
"14,22 : 0.706"
"22,14 : 0.706"
"14,23 : 0.6364"
"23,14 : 0.6364"
"14,24 : 0.1345"
"24,14 : 0.1345"
"14,25 : 0.6619"
"25,14 : 0.6619"
"14,26 : 0.4438"
"26,14 : 0.4438"
"14,27 : 0.4937"
"27,14 : 0.4937"
"14,28 : 0.3089"
"28,14 : 0.3089"
"14,29 : 0.7009"
"29,14 : 0.7009"
"14,30 : 0.3397"
"30,14 : 0.3397"
"14,31 : 0.1769"
"31,14 : 0.1769"
"14,32 : 0.5209"
"32,14 : 0.5209"
"14,33 : 0.3256"
"33,14 : 0.3256"
"14,34 : 0.2309"
"34,14 : 0.2309"
"14,35 : 0.3499"
"35,14 : 0.3499"
"14,36 : 0.4201"
"36,14 : 0.4201"
"14,37 : 0.3384"
"37,14 : 0.3384"
"14,38 : 0.3808"
"38,14 : 0.3808"
"14,39 : 0.4519"
"39,14 : 0.4519"
"14,40 : 0.4022"
"40,14 : 0.4022"
"14,41 : 0.7849"
"41,14 : 0.7849"
"14,42 : 0.7218"
"42,14 : 0.7218"
"14,43 : 0.3689"
"43,14 : 0.3689"
"14,44 : 0.5661"
"44,14 : 0.5661"
"14,45 : 0.6807"
"45,14 : 0.6807"
"14,46 : 0.2663"
"46,14 : 0.2663"
"14,47 : 0.136"
"47,14 : 0.136"
"14,48 : 0.5646"
"48,14 : 0.5646"
"14,49 : 0.5314"
"49,14 : 0.5314"
"15,16 : 0.103"
"16,15 : 0.103"
"15,17 : 0.6054"
"17,15 : 0.6054"
"15,18 : 0.3306"
"18,15 : 0.3306"
"15,19 : 0.8637"
"19,15 : 0.8637"
"15,20 : 0.2025"
"20,15 : 0.2025"
"15,21 : 0.5803"
"21,15 : 0.5803"
"15,22 : 0.805"
"22,15 : 0.805"
"15,23 : 0.4604"
"23,15 : 0.4604"
"15,24 : 0.8798"
"24,15 : 0.8798"
"15,25 : 0.4201"
"25,15 : 0.4201"
"15,26 : 0.3124"
"26,15 : 0.3124"
"15,27 : 0.7201"
"27,15 : 0.7201"
"15,28 : 0.4391"
"28,15 : 0.4391"
"15,29 : 0.2022"
"29,15 : 0.2022"
"15,30 : 0.8881"
"30,15 : 0.8881"
"15,31 : 0.9211"
"31,15 : 0.9211"
"15,32 : 0.6963"
"32,15 : 0.6963"
"15,33 : 0.7463"
"33,15 : 0.7463"
"15,34 : 0.87"
"34,15 : 0.87"
"15,35 : 1.0667"
"35,15 : 1.0667"
"15,36 : 0.9109"
"36,15 : 0.9109"
"15,37 : 0.8448"
"37,15 : 0.8448"
"15,38 : 0.4617"
"38,15 : 0.4617"
"15,39 : 0.6093"
"39,15 : 0.6093"
"15,40 : 0.8809"
"40,15 : 0.8809"
"15,41 : 0.2012"
"41,15 : 0.2012"
"15,42 : 0.2263"
"42,15 : 0.2263"
"15,43 : 0.6637"
"43,15 : 0.6637"
"15,44 : 0.8374"
"44,15 : 0.8374"
"15,45 : 0.4904"
"45,15 : 0.4904"
"15,46 : 0.522"
"46,15 : 0.522"
"15,47 : 0.8737"
"47,15 : 0.8737"
"15,48 : 0.8828"
"48,15 : 0.8828"
"15,49 : 0.2421"
"49,15 : 0.2421"
"16,17 : 0.5289"
"17,16 : 0.5289"
"16,18 : 0.3008"
"18,16 : 0.3008"
"16,19 : 0.7809"
"19,16 : 0.7809"
"16,20 : 0.1562"
"20,16 : 0.1562"
"16,21 : 0.5346"
"21,16 : 0.5346"
"16,22 : 0.75"
"22,16 : 0.75"
"16,23 : 0.4159"
"23,16 : 0.4159"
"16,24 : 0.777"
"24,16 : 0.777"
"16,25 : 0.3833"
"25,16 : 0.3833"
"16,26 : 0.2121"
"26,16 : 0.2121"
"16,27 : 0.6429"
"27,16 : 0.6429"
"16,28 : 0.3362"
"28,16 : 0.3362"
"16,29 : 0.1921"
"29,16 : 0.1921"
"16,30 : 0.7931"
"30,16 : 0.7931"
"16,31 : 0.8184"
"31,16 : 0.8184"
"16,32 : 0.623"
"32,16 : 0.623"
"16,33 : 0.6551"
"33,16 : 0.6551"
"16,34 : 0.7708"
"34,16 : 0.7708"
"16,35 : 0.9654"
"35,16 : 0.9654"
"16,36 : 0.8201"
"36,16 : 0.8201"
"16,37 : 0.7511"
"37,16 : 0.7511"
"16,38 : 0.3701"
"38,16 : 0.3701"
"16,39 : 0.5316"
"39,16 : 0.5316"
"16,40 : 0.7901"
"40,16 : 0.7901"
"16,41 : 0.23"
"41,16 : 0.23"
"16,42 : 0.2214"
"42,16 : 0.2214"
"16,43 : 0.577"
"43,16 : 0.577"
"16,44 : 0.7624"
"44,16 : 0.7624"
"16,45 : 0.4535"
"45,16 : 0.4535"
"16,46 : 0.422"
"46,16 : 0.422"
"16,47 : 0.771"
"47,16 : 0.771"
"16,48 : 0.8052"
"48,16 : 0.8052"
"16,49 : 0.1523"
"49,16 : 0.1523"
"17,18 : 0.3397"
"18,17 : 0.3397"
"17,19 : 0.8981"
"19,17 : 0.8981"
"17,20 : 0.6313"
"20,17 : 0.6313"
"17,21 : 0.211"
"21,17 : 0.211"
"17,22 : 0.2778"
"22,17 : 0.2778"
"17,23 : 0.2326"
"23,17 : 0.2326"
"17,24 : 0.5295"
"24,17 : 0.5295"
"17,25 : 0.2778"
"25,17 : 0.2778"
"17,26 : 0.3601"
"26,17 : 0.3601"
"17,27 : 0.8323"
"27,17 : 0.8323"
"17,28 : 0.3716"
"28,17 : 0.3716"
"17,29 : 0.4441"
"29,17 : 0.4441"
"17,30 : 0.7849"
"30,17 : 0.7849"
"17,31 : 0.5544"
"31,17 : 0.5544"
"17,32 : 0.8406"
"32,17 : 0.8406"
"17,33 : 0.2062"
"33,17 : 0.2062"
"17,34 : 0.402"
"34,17 : 0.402"
"17,35 : 0.61"
"35,17 : 0.61"
"17,36 : 0.856"
"36,17 : 0.856"
"17,37 : 0.7701"
"37,17 : 0.7701"
"17,38 : 0.5686"
"38,17 : 0.5686"
"17,39 : 0.01"
"39,17 : 0.01"
"17,40 : 0.8324"
"40,17 : 0.8324"
"17,41 : 0.7531"
"41,17 : 0.7531"
"17,42 : 0.7234"
"42,17 : 0.7234"
"17,43 : 0.1105"
"43,17 : 0.1105"
"17,44 : 0.9386"
"44,17 : 0.9386"
"17,45 : 0.2596"
"45,17 : 0.2596"
"17,46 : 0.4909"
"46,17 : 0.4909"
"17,47 : 0.5064"
"47,17 : 0.5064"
"17,48 : 0.9559"
"48,17 : 0.9559"
"17,49 : 0.3785"
"49,17 : 0.3785"
"18,19 : 0.9708"
"19,18 : 0.9708"
"18,20 : 0.4518"
"20,18 : 0.4518"
"18,21 : 0.2532"
"21,18 : 0.2532"
"18,22 : 0.4827"
"22,18 : 0.4827"
"18,23 : 0.136"
"23,18 : 0.136"
"18,24 : 0.7809"
"24,18 : 0.7809"
"18,25 : 0.0906"
"25,18 : 0.0906"
"18,26 : 0.2907"
"26,18 : 0.2907"
"18,27 : 0.8576"
"27,18 : 0.8576"
"18,28 : 0.4148"
"28,18 : 0.4148"
"18,29 : 0.1304"
"29,18 : 0.1304"
"18,30 : 0.9242"
"30,18 : 0.9242"
"18,31 : 0.8158"
"31,18 : 0.8158"
"18,32 : 0.8488"
"32,18 : 0.8488"
"18,33 : 0.53"
"33,18 : 0.53"
"18,34 : 0.7038"
"34,18 : 0.7038"
"18,35 : 0.9155"
"35,18 : 0.9155"
"18,36 : 0.9742"
"36,18 : 0.9742"
"18,37 : 0.8929"
"37,18 : 0.8929"
"18,38 : 0.5608"
"38,18 : 0.5608"
"18,39 : 0.3471"
"39,18 : 0.3471"
"18,40 : 0.9456"
"40,18 : 0.9456"
"18,41 : 0.5217"
"41,18 : 0.5217"
"18,42 : 0.522"
"42,18 : 0.522"
"18,43 : 0.4327"
"43,18 : 0.4327"
"18,44 : 0.9775"
"44,18 : 0.9775"
"18,45 : 0.16"
"45,18 : 0.16"
"18,46 : 0.5503"
"46,18 : 0.5503"
"18,47 : 0.7649"
"47,18 : 0.7649"
"18,48 : 1.0112"
"48,18 : 1.0112"
"18,49 : 0.2202"
"49,18 : 0.2202"
"19,20 : 0.6701"
"20,19 : 0.6701"
"19,21 : 1.0683"
"21,19 : 1.0683"
"19,22 : 1.1693"
"22,19 : 1.1693"
"19,23 : 0.9986"
"23,19 : 0.9986"
"19,24 : 0.5511"
"24,19 : 0.5511"
"19,25 : 1.0034"
"25,19 : 1.0034"
"19,26 : 0.6803"
"26,19 : 0.6803"
"19,27 : 0.1552"
"27,19 : 0.1552"
"19,28 : 0.566"
"28,19 : 0.566"
"19,29 : 0.933"
"29,19 : 0.933"
"19,30 : 0.201"
"30,19 : 0.201"
"19,31 : 0.5756"
"31,19 : 0.5756"
"19,32 : 0.1931"
"32,19 : 0.1931"
"19,33 : 0.813"
"33,19 : 0.813"
"19,34 : 0.7178"
"34,19 : 0.7178"
"19,35 : 0.7506"
"35,19 : 0.7506"
"19,36 : 0.13"
"36,19 : 0.13"
"19,37 : 0.1712"
"37,19 : 0.1712"
"19,38 : 0.4176"
"38,19 : 0.4176"
"19,39 : 0.8911"
"39,19 : 0.8911"
"19,40 : 0.1217"
"40,19 : 0.1217"
"19,41 : 0.7765"
"41,19 : 0.7765"
"19,42 : 0.7046"
"42,19 : 0.7046"
"19,43 : 0.8324"
"43,19 : 0.8324"
"19,44 : 0.0985"
"44,19 : 0.0985"
"19,45 : 1.0485"
"45,19 : 1.0485"
"19,46 : 0.4272"
"46,19 : 0.4272"
"19,47 : 0.5749"
"47,19 : 0.5749"
"19,48 : 0.0707"
"48,19 : 0.0707"
"19,49 : 0.7596"
"49,19 : 0.7596"
"20,21 : 0.6719"
"21,20 : 0.6719"
"20,22 : 0.8757"
"22,20 : 0.8757"
"20,23 : 0.5566"
"23,20 : 0.5566"
"20,24 : 0.771"
"24,20 : 0.771"
"20,25 : 0.5292"
"25,20 : 0.5292"
"20,26 : 0.2746"
"26,20 : 0.2746"
"20,27 : 0.5224"
"27,20 : 0.5224"
"20,28 : 0.3467"
"28,20 : 0.3467"
"20,29 : 0.3483"
"29,20 : 0.3483"
"20,30 : 0.7157"
"30,20 : 0.7157"
"20,31 : 0.8134"
"31,20 : 0.8134"
"20,32 : 0.4965"
"32,20 : 0.4965"
"20,33 : 0.7211"
"33,20 : 0.7211"
"20,34 : 0.8016"
"34,20 : 0.8016"
"20,35 : 0.9784"
"35,20 : 0.9784"
"20,36 : 0.7284"
"36,20 : 0.7284"
"20,37 : 0.6694"
"37,20 : 0.6694"
"20,38 : 0.2915"
"38,20 : 0.2915"
"20,39 : 0.632"
"39,20 : 0.632"
"20,40 : 0.6987"
"40,20 : 0.6987"
"20,41 : 0.1487"
"41,20 : 0.1487"
"20,42 : 0.0949"
"42,20 : 0.0949"
"20,43 : 0.6573"
"43,20 : 0.6573"
"20,44 : 0.6379"
"44,20 : 0.6379"
"20,45 : 0.5981"
"45,20 : 0.5981"
"20,46 : 0.3801"
"46,20 : 0.3801"
"20,47 : 0.7708"
"47,20 : 0.7708"
"20,48 : 0.6847"
"48,20 : 0.6847"
"20,49 : 0.2631"
"49,20 : 0.2631"
"21,22 : 0.2309"
"22,21 : 0.2309"
"21,23 : 0.12"
"23,21 : 0.12"
"21,24 : 0.7398"
"24,21 : 0.7398"
"21,25 : 0.1628"
"25,21 : 0.1628"
"21,26 : 0.4391"
"26,21 : 0.4391"
"21,27 : 0.9829"
"27,21 : 0.9829"
"21,28 : 0.5091"
"28,21 : 0.5091"
"21,29 : 0.3833"
"29,21 : 0.3833"
"21,30 : 0.9753"
"30,21 : 0.9753"
"21,31 : 0.7653"
"31,21 : 0.7653"
"21,32 : 0.9841"
"32,21 : 0.9841"
"21,33 : 0.4111"
"33,21 : 0.4111"
"21,34 : 0.6103"
"34,21 : 0.6103"
"21,35 : 0.815"
"35,21 : 0.815"
"21,36 : 1.041"
"36,21 : 1.041"
"21,37 : 0.9552"
"37,21 : 0.9552"
"21,38 : 0.6966"
"38,21 : 0.6966"
"21,39 : 0.2209"
"39,21 : 0.2209"
"21,40 : 1.0155"
"40,21 : 1.0155"
"21,41 : 0.7632"
"41,21 : 0.7632"
"21,42 : 0.7531"
"42,21 : 0.7531"
"21,43 : 0.3202"
"43,21 : 0.3202"
"21,44 : 1.0966"
"44,21 : 1.0966"
"21,45 : 0.0985"
"45,21 : 0.0985"
"21,46 : 0.6444"
"46,21 : 0.6444"
"21,47 : 0.717"
"47,21 : 0.717"
"21,48 : 1.1204"
"48,21 : 1.1204"
"21,49 : 0.4111"
"49,21 : 0.4111"
"22,23 : 0.3471"
"23,22 : 0.3471"
"22,24 : 0.7424"
"24,22 : 0.7424"
"22,25 : 0.3929"
"25,22 : 0.3929"
"22,26 : 0.6185"
"26,22 : 0.6185"
"22,27 : 1.1094"
"27,22 : 1.1094"
"22,28 : 0.6485"
"28,22 : 0.6485"
"22,29 : 0.6119"
"29,22 : 0.6119"
"22,30 : 1.0424"
"30,22 : 1.0424"
"22,31 : 0.7564"
"31,22 : 0.7564"
"22,32 : 1.1183"
"32,22 : 1.1183"
"22,33 : 0.3895"
"33,22 : 0.3895"
"22,34 : 0.5758"
"34,22 : 0.5758"
"22,35 : 0.7513"
"35,22 : 0.7513"
"22,36 : 1.118"
"36,22 : 1.118"
"22,37 : 1.0328"
"37,22 : 1.0328"
"22,38 : 0.8453"
"38,22 : 0.8453"
"22,39 : 0.283"
"39,22 : 0.283"
"22,40 : 1.0962"
"40,22 : 1.0962"
"22,41 : 0.98"
"41,22 : 0.98"
"22,42 : 0.9625"
"42,22 : 0.9625"
"22,43 : 0.3397"
"43,22 : 0.3397"
"22,44 : 1.214"
"44,22 : 1.214"
"22,45 : 0.3289"
"45,22 : 0.3289"
"22,46 : 0.7685"
"46,22 : 0.7685"
"22,47 : 0.7155"
"47,22 : 0.7155"
"22,48 : 1.2292"
"48,22 : 1.2292"
"22,49 : 0.6129"
"49,22 : 0.6129"
"23,24 : 0.73"
"24,23 : 0.73"
"23,25 : 0.05"
"25,23 : 0.05"
"23,26 : 0.3406"
"26,23 : 0.3406"
"23,27 : 0.9014"
"27,23 : 0.9014"
"23,28 : 0.4327"
"28,23 : 0.4327"
"23,29 : 0.2648"
"29,23 : 0.2648"
"23,30 : 0.9248"
"30,23 : 0.9248"
"23,31 : 0.7606"
"31,23 : 0.7606"
"23,32 : 0.8987"
"32,23 : 0.8987"
"23,33 : 0.4366"
"33,23 : 0.4366"
"23,34 : 0.6259"
"34,23 : 0.6259"
"23,35 : 0.8368"
"35,23 : 0.8368"
"23,36 : 0.9841"
"36,23 : 0.9841"
"23,37 : 0.8996"
"37,23 : 0.8996"
"23,38 : 0.6083"
"38,23 : 0.6083"
"23,39 : 0.2417"
"39,23 : 0.2417"
"23,40 : 0.9571"
"40,23 : 0.9571"
"23,41 : 0.6438"
"41,23 : 0.6438"
"23,42 : 0.6356"
"42,23 : 0.6356"
"23,43 : 0.3384"
"43,23 : 0.3384"
"23,44 : 1.0183"
"44,23 : 1.0183"
"23,45 : 0.05"
"45,23 : 0.05"
"23,46 : 0.5714"
"46,23 : 0.5714"
"23,47 : 0.7103"
"47,23 : 0.7103"
"23,48 : 1.0462"
"48,23 : 1.0462"
"23,49 : 0.2997"
"49,23 : 0.2997"
"24,25 : 0.7611"
"25,24 : 0.7611"
"24,26 : 0.5725"
"26,24 : 0.5725"
"24,27 : 0.5814"
"27,24 : 0.5814"
"24,28 : 0.441"
"28,24 : 0.441"
"24,29 : 0.8222"
"29,24 : 0.8222"
"24,30 : 0.364"
"30,24 : 0.364"
"24,31 : 0.0424"
"31,24 : 0.0424"
"24,32 : 0.614"
"32,24 : 0.614"
"24,33 : 0.3534"
"33,24 : 0.3534"
"24,34 : 0.1844"
"34,24 : 0.1844"
"24,35 : 0.2247"
"35,24 : 0.2247"
"24,36 : 0.4494"
"36,24 : 0.4494"
"24,37 : 0.3808"
"37,24 : 0.3808"
"24,38 : 0.5104"
"38,24 : 0.5104"
"24,39 : 0.5197"
"39,24 : 0.5197"
"24,40 : 0.4397"
"40,24 : 0.4397"
"24,41 : 0.9193"
"41,24 : 0.9193"
"24,42 : 0.8559"
"42,24 : 0.8559"
"24,43 : 0.4245"
"43,24 : 0.4245"
"24,44 : 0.6339"
"44,24 : 0.6339"
"24,45 : 0.7706"
"45,24 : 0.7706"
"24,46 : 0.3982"
"46,24 : 0.3982"
"24,47 : 0.0283"
"47,24 : 0.0283"
"24,48 : 0.6217"
"48,24 : 0.6217"
"24,49 : 0.658"
"49,24 : 0.658"
"25,26 : 0.333"
"26,25 : 0.333"
"25,27 : 0.9"
"27,25 : 0.9"
"25,28 : 0.4383"
"28,25 : 0.4383"
"25,29 : 0.2209"
"29,25 : 0.2209"
"25,30 : 0.9392"
"30,25 : 0.9392"
"25,31 : 0.7931"
"31,25 : 0.7931"
"25,32 : 0.895"
"32,25 : 0.895"
"25,33 : 0.4793"
"33,25 : 0.4793"
"25,34 : 0.6648"
"34,25 : 0.6648"
"25,35 : 0.8764"
"35,25 : 0.8764"
"25,36 : 0.9954"
"36,25 : 0.9954"
"25,37 : 0.9118"
"37,25 : 0.9118"
"25,38 : 0.6044"
"38,25 : 0.6044"
"25,39 : 0.2865"
"39,25 : 0.2865"
"25,40 : 0.9677"
"40,25 : 0.9677"
"25,41 : 0.6083"
"41,25 : 0.6083"
"25,42 : 0.6044"
"42,25 : 0.6044"
"25,43 : 0.3808"
"43,25 : 0.3808"
"25,44 : 1.0183"
"44,25 : 1.0183"
"25,45 : 0.0707"
"45,25 : 0.0707"
"25,46 : 0.5771"
"46,25 : 0.5771"
"25,47 : 0.7424"
"47,25 : 0.7424"
"25,48 : 1.0485"
"48,25 : 1.0485"
"25,49 : 0.2802"
"49,25 : 0.2802"
"26,27 : 0.5686"
"27,26 : 0.5686"
"26,28 : 0.1414"
"28,26 : 0.1414"
"26,29 : 0.27"
"29,26 : 0.27"
"26,30 : 0.645"
"30,26 : 0.645"
"26,31 : 0.6129"
"31,26 : 0.6129"
"26,32 : 0.5622"
"32,26 : 0.5622"
"26,33 : 0.4519"
"33,26 : 0.4519"
"26,34 : 0.5587"
"34,26 : 0.5587"
"26,35 : 0.7543"
"35,26 : 0.7543"
"26,36 : 0.6888"
"36,26 : 0.6888"
"26,37 : 0.61"
"37,26 : 0.61"
"26,38 : 0.272"
"38,26 : 0.272"
"26,39 : 0.36"
"39,26 : 0.36"
"26,40 : 0.6597"
"40,26 : 0.6597"
"26,41 : 0.4085"
"41,26 : 0.4085"
"26,42 : 0.3688"
"42,26 : 0.3688"
"26,43 : 0.3833"
"43,26 : 0.3833"
"26,44 : 0.688"
"44,26 : 0.688"
"26,45 : 0.3895"
"45,26 : 0.3895"
"26,46 : 0.2648"
"46,26 : 0.2648"
"26,47 : 0.5644"
"47,26 : 0.5644"
"26,48 : 0.7207"
"48,26 : 0.7207"
"26,49 : 0.0906"
"49,26 : 0.0906"
"27,28 : 0.4738"
"28,27 : 0.4738"
"27,29 : 0.8062"
"29,27 : 0.8062"
"27,30 : 0.2941"
"30,27 : 0.2941"
"27,31 : 0.614"
"31,27 : 0.614"
"27,32 : 0.0424"
"32,27 : 0.0424"
"27,33 : 0.7819"
"33,27 : 0.7819"
"27,34 : 0.7244"
"34,27 : 0.7244"
"27,35 : 0.7991"
"35,27 : 0.7991"
"27,36 : 0.2561"
"36,27 : 0.2561"
"27,37 : 0.247"
"37,27 : 0.247"
"27,38 : 0.2968"
"38,27 : 0.2968"
"27,39 : 0.8266"
"39,27 : 0.8266"
"27,40 : 0.2335"
"40,27 : 0.2335"
"27,41 : 0.6229"
"41,27 : 0.6229"
"27,42 : 0.5515"
"42,27 : 0.5515"
"27,43 : 0.7829"
"43,27 : 0.7829"
"27,44 : 0.1208"
"44,27 : 0.1208"
"27,45 : 0.9513"
"45,27 : 0.9513"
"27,46 : 0.3421"
"46,27 : 0.3421"
"27,47 : 0.6003"
"47,27 : 0.6003"
"27,48 : 0.1628"
"48,27 : 0.1628"
"27,49 : 0.6401"
"49,27 : 0.6401"
"28,29 : 0.4105"
"29,28 : 0.4105"
"28,30 : 0.5099"
"30,28 : 0.5099"
"28,31 : 0.4826"
"31,28 : 0.4826"
"28,32 : 0.4763"
"32,28 : 0.4763"
"28,33 : 0.3932"
"33,28 : 0.3932"
"28,34 : 0.4549"
"34,28 : 0.4549"
"28,35 : 0.6364"
"35,28 : 0.6364"
"28,36 : 0.5597"
"36,28 : 0.5597"
"28,37 : 0.478"
"37,28 : 0.478"
"28,38 : 0.197"
"38,28 : 0.197"
"28,39 : 0.3677"
"39,28 : 0.3677"
"28,40 : 0.5314"
"40,28 : 0.5314"
"28,41 : 0.4941"
"41,28 : 0.4941"
"28,42 : 0.4391"
"42,28 : 0.4391"
"28,43 : 0.3523"
"43,28 : 0.3523"
"28,44 : 0.588"
"44,28 : 0.588"
"28,45 : 0.4826"
"45,28 : 0.4826"
"28,46 : 0.1389"
"46,28 : 0.1389"
"28,47 : 0.436"
"47,28 : 0.436"
"28,48 : 0.614"
"48,28 : 0.614"
"28,49 : 0.2319"
"49,28 : 0.2319"
"29,30 : 0.9135"
"30,29 : 0.9135"
"29,31 : 0.8603"
"31,29 : 0.8603"
"29,32 : 0.7916"
"32,29 : 0.7916"
"29,33 : 0.6162"
"33,29 : 0.6162"
"29,34 : 0.7718"
"34,29 : 0.7718"
"29,35 : 0.9801"
"35,29 : 0.9801"
"29,36 : 0.9535"
"36,29 : 0.9535"
"29,37 : 0.8769"
"37,29 : 0.8769"
"29,38 : 0.5155"
"38,29 : 0.5155"
"29,39 : 0.45"
"39,29 : 0.45"
"29,40 : 0.924"
"40,29 : 0.924"
"29,41 : 0.3985"
"41,29 : 0.3985"
"29,42 : 0.4071"
"42,29 : 0.4071"
"29,43 : 0.5233"
"43,29 : 0.5233"
"29,44 : 0.927"
"44,29 : 0.927"
"29,45 : 0.2902"
"45,29 : 0.2902"
"29,46 : 0.5324"
"46,29 : 0.5324"
"29,47 : 0.8099"
"47,29 : 0.8099"
"29,48 : 0.9657"
"48,29 : 0.9657"
"29,49 : 0.1803"
"49,29 : 0.1803"
"30,31 : 0.3833"
"31,30 : 0.3833"
"30,32 : 0.336"
"32,30 : 0.336"
"30,33 : 0.6653"
"33,30 : 0.6653"
"30,34 : 0.5412"
"34,30 : 0.5412"
"30,35 : 0.5523"
"35,30 : 0.5523"
"30,36 : 0.0854"
"36,30 : 0.0854"
"30,37 : 0.05"
"37,30 : 0.05"
"30,38 : 0.4276"
"38,30 : 0.4276"
"30,39 : 0.7767"
"39,30 : 0.7767"
"30,40 : 0.08"
"40,30 : 0.08"
"30,41 : 0.845"
"41,30 : 0.845"
"30,42 : 0.7725"
"42,30 : 0.7725"
"30,43 : 0.7029"
"43,30 : 0.7029"
"30,44 : 0.2961"
"44,30 : 0.2961"
"30,45 : 0.9731"
"45,30 : 0.9731"
"30,46 : 0.3812"
"46,30 : 0.3812"
"30,47 : 0.39"
"47,30 : 0.39"
"30,48 : 0.2702"
"48,30 : 0.2702"
"30,49 : 0.7333"
"49,30 : 0.7333"
"31,32 : 0.6478"
"32,31 : 0.6478"
"31,33 : 0.37"
"33,31 : 0.37"
"31,34 : 0.186"
"34,31 : 0.186"
"31,35 : 0.1868"
"35,31 : 0.1868"
"31,36 : 0.4684"
"36,31 : 0.4684"
"31,37 : 0.4045"
"37,31 : 0.4045"
"31,38 : 0.5522"
"38,31 : 0.5522"
"31,39 : 0.5445"
"39,31 : 0.5445"
"31,40 : 0.461"
"40,31 : 0.461"
"31,41 : 0.9618"
"41,31 : 0.9618"
"31,42 : 0.8983"
"42,31 : 0.8983"
"31,43 : 0.4472"
"43,31 : 0.4472"
"31,44 : 0.6612"
"44,31 : 0.6612"
"31,45 : 0.8"
"45,31 : 0.8"
"31,46 : 0.4405"
"46,31 : 0.4405"
"31,47 : 0.051"
"47,31 : 0.051"
"31,48 : 0.6463"
"48,31 : 0.6463"
"31,49 : 0.6978"
"49,31 : 0.6978"
"32,33 : 0.8001"
"33,32 : 0.8001"
"32,34 : 0.7517"
"34,32 : 0.7517"
"32,35 : 0.8336"
"35,32 : 0.8336"
"32,36 : 0.2983"
"36,32 : 0.2983"
"32,37 : 0.2884"
"37,32 : 0.2884"
"32,38 : 0.2907"
"38,32 : 0.2907"
"32,39 : 0.8353"
"39,32 : 0.8353"
"32,40 : 0.2759"
"40,32 : 0.2759"
"32,41 : 0.5908"
"41,32 : 0.5908"
"32,42 : 0.5201"
"42,32 : 0.5201"
"32,43 : 0.7962"
"43,32 : 0.7962"
"32,44 : 0.1414"
"44,32 : 0.1414"
"32,45 : 0.9485"
"45,32 : 0.9485"
"32,46 : 0.3499"
"46,32 : 0.3499"
"32,47 : 0.632"
"47,32 : 0.632"
"32,48 : 0.19"
"48,32 : 0.19"
"32,49 : 0.6297"
"49,32 : 0.6297"
"33,34 : 0.2002"
"34,33 : 0.2002"
"33,35 : 0.4045"
"35,33 : 0.4045"
"33,36 : 0.7452"
"36,33 : 0.7452"
"33,37 : 0.6622"
"37,33 : 0.6622"
"33,38 : 0.5708"
"38,33 : 0.5708"
"33,39 : 0.1965"
"39,33 : 0.1965"
"33,40 : 0.7262"
"40,33 : 0.7262"
"33,41 : 0.8601"
"41,33 : 0.8601"
"33,42 : 0.816"
"42,33 : 0.816"
"33,43 : 0.0985"
"43,33 : 0.0985"
"33,44 : 0.8721"
"44,33 : 0.8721"
"33,45 : 0.4657"
"45,33 : 0.4657"
"33,46 : 0.4653"
"46,33 : 0.4653"
"33,47 : 0.327"
"47,33 : 0.327"
"33,48 : 0.8782"
"48,33 : 0.8782"
"33,49 : 0.5048"
"49,33 : 0.5048"
"34,35 : 0.2119"
"35,34 : 0.2119"
"34,36 : 0.6261"
"36,34 : 0.6261"
"34,37 : 0.5515"
"37,34 : 0.5515"
"34,38 : 0.5852"
"38,34 : 0.5852"
"34,39 : 0.392"
"39,34 : 0.392"
"34,40 : 0.6133"
"40,34 : 0.6133"
"34,41 : 0.9487"
"41,34 : 0.9487"
"34,42 : 0.8936"
"42,34 : 0.8936"
"34,43 : 0.2915"
"43,34 : 0.2915"
"34,44 : 0.7931"
"44,34 : 0.7931"
"34,45 : 0.6592"
"45,34 : 0.6592"
"34,46 : 0.4684"
"46,34 : 0.4684"
"34,47 : 0.1562"
"47,34 : 0.1562"
"34,48 : 0.7875"
"48,34 : 0.7875"
"34,49 : 0.6313"
"49,34 : 0.6313"
"35,36 : 0.6351"
"36,35 : 0.6351"
"35,37 : 0.5801"
"37,35 : 0.5801"
"35,38 : 0.7306"
"38,35 : 0.7306"
"35,39 : 0.6002"
"39,35 : 0.6002"
"35,40 : 0.632"
"40,35 : 0.632"
"35,41 : 1.127"
"41,35 : 1.127"
"35,42 : 1.0667"
"42,35 : 1.0667"
"35,43 : 0.5001"
"43,35 : 0.5001"
"35,44 : 0.8401"
"44,35 : 0.8401"
"35,45 : 0.8688"
"45,35 : 0.8688"
"35,46 : 0.6159"
"46,35 : 0.6159"
"35,47 : 0.2147"
"47,35 : 0.2147"
"35,48 : 0.821"
"48,35 : 0.821"
"35,49 : 0.8323"
"49,35 : 0.8323"
"36,37 : 0.086"
"37,36 : 0.086"
"36,38 : 0.45"
"38,36 : 0.45"
"36,39 : 0.8481"
"39,36 : 0.8481"
"36,40 : 0.03"
"40,36 : 0.03"
"36,41 : 0.849"
"41,36 : 0.849"
"36,42 : 0.7762"
"42,36 : 0.7762"
"36,43 : 0.7783"
"43,36 : 0.7783"
"36,44 : 0.2285"
"44,36 : 0.2285"
"36,45 : 1.0332"
"45,36 : 1.0332"
"36,46 : 0.4245"
"46,36 : 0.4245"
"36,47 : 0.4754"
"47,36 : 0.4754"
"36,48 : 0.1942"
"48,36 : 0.1942"
"36,49 : 0.7747"
"49,36 : 0.7747"
"37,38 : 0.3833"
"38,37 : 0.3833"
"37,39 : 0.7622"
"39,37 : 0.7622"
"37,40 : 0.064"
"40,37 : 0.064"
"37,41 : 0.7971"
"41,37 : 0.7971"
"37,42 : 0.7245"
"42,37 : 0.7245"
"37,43 : 0.6931"
"43,37 : 0.6931"
"37,44 : 0.2608"
"44,37 : 0.2608"
"37,45 : 0.9485"
"45,37 : 0.9485"
"37,46 : 0.3453"
"46,37 : 0.3453"
"37,47 : 0.4052"
"47,37 : 0.4052"
"37,48 : 0.2419"
"48,37 : 0.2419"
"37,49 : 0.6972"
"49,37 : 0.6972"
"38,39 : 0.5646"
"39,38 : 0.5646"
"38,40 : 0.42"
"40,38 : 0.42"
"38,41 : 0.4305"
"41,38 : 0.4305"
"38,42 : 0.3606"
"42,38 : 0.3606"
"38,43 : 0.5434"
"43,38 : 0.5434"
"38,44 : 0.4168"
"44,38 : 0.4168"
"38,45 : 0.658"
"45,38 : 0.658"
"38,46 : 0.117"
"46,38 : 0.117"
"38,47 : 0.5162"
"47,38 : 0.5162"
"38,48 : 0.4519"
"48,38 : 0.4519"
"38,49 : 0.3444"
"49,38 : 0.3444"
"39,40 : 0.8246"
"40,39 : 0.8246"
"39,41 : 0.755"
"41,39 : 0.755"
"39,42 : 0.7244"
"42,39 : 0.7244"
"39,43 : 0.1005"
"43,39 : 0.1005"
"39,44 : 0.9324"
"44,39 : 0.9324"
"39,45 : 0.2693"
"45,39 : 0.2693"
"39,46 : 0.4855"
"46,39 : 0.4855"
"39,47 : 0.4965"
"47,39 : 0.4965"
"39,48 : 0.9492"
"48,39 : 0.9492"
"39,49 : 0.3808"
"49,39 : 0.3808"
"40,41 : 0.8201"
"41,40 : 0.8201"
"40,42 : 0.7473"
"42,40 : 0.7473"
"40,43 : 0.7566"
"43,40 : 0.7566"
"40,44 : 0.2184"
"44,40 : 0.2184"
"40,45 : 1.0062"
"45,40 : 1.0062"
"40,46 : 0.3956"
"46,40 : 0.3956"
"40,47 : 0.4649"
"47,40 : 0.4649"
"40,48 : 0.1903"
"48,40 : 0.1903"
"40,49 : 0.7453"
"49,40 : 0.7453"
"41,42 : 0.0728"
"42,41 : 0.0728"
"41,43 : 0.7906"
"43,41 : 0.7906"
"41,44 : 0.7301"
"44,41 : 0.7301"
"41,45 : 0.679"
"45,41 : 0.679"
"41,46 : 0.5263"
"46,41 : 0.5263"
"41,47 : 0.9193"
"47,41 : 0.9193"
"41,48 : 0.7806"
"48,41 : 0.7806"
"41,49 : 0.3748"
"49,41 : 0.3748"
"42,43 : 0.7519"
"43,42 : 0.7519"
"42,44 : 0.6601"
"44,42 : 0.6601"
"42,45 : 0.6745"
"45,42 : 0.6745"
"42,46 : 0.4601"
"46,42 : 0.4601"
"42,47 : 0.857"
"47,42 : 0.857"
"42,48 : 0.7101"
"48,42 : 0.7101"
