x,y
73,37
41,86
89,31
42,73
12,0
22,31
94,100
64,22
74,68
50,76
100,17
47,65
14,3
97,77
42,21
34,4
10,59
100,36
16,88
87,100
13,31
28,84
40,21
97,55
95,42
0,6
77,63
29,22
39,51
92,88
85,14
100,10
43,95
66,39
73,17
97,6
3,30
87,17
74,28
75,13
54,31
5,78
80,96
80,73
23,0
4,93
84,42
51,33
10,14
30,3

Distanze
"0,0 : 0.0"
"0,1 : 58.52"
"0,2 : 17.09"
"0,3 : 47.51"
"0,4 : 71.34"
"0,5 : 51.35"
"0,6 : 66.41"
"0,7 : 17.49"
"0,8 : 31.02"
"0,9 : 45.28"
"0,10 : 33.6"
"0,11 : 38.21"
"0,12 : 68.1"
"0,13 : 46.65"
"0,14 : 34.89"
"0,15 : 51.09"
"0,16 : 66.73"
"0,17 : 27.02"
"0,18 : 76.49"
"0,19 : 64.54"
"0,20 : 60.3"
"0,21 : 65.07"
"0,22 : 36.67"
"0,23 : 30.0"
"0,24 : 22.56"
"0,25 : 79.31"
"0,26 : 26.31"
"0,27 : 46.49"
"0,28 : 36.77"
"0,29 : 54.42"
"0,30 : 25.94"
"0,31 : 38.18"
"0,32 : 65.3"
"0,33 : 7.28"
"0,34 : 20.0"
"0,35 : 39.2"
"0,36 : 70.35"
"0,37 : 24.41"
"0,38 : 9.06"
"0,39 : 24.08"
"0,40 : 19.92"
"0,41 : 79.4"
"0,42 : 59.41"
"0,43 : 36.67"
"0,44 : 62.2"
"0,45 : 88.87"
"0,46 : 12.08"
"0,47 : 22.36"
"0,48 : 67.07"
"0,49 : 54.82"
"1,0 : 58.52"
"1,1 : 0.0"
"1,2 : 73.0"
"1,3 : 13.04"
"1,4 : 90.76"
"1,5 : 58.19"
"1,6 : 54.82"
"1,7 : 68.01"
"1,8 : 37.59"
"1,9 : 13.45"
"1,10 : 90.79"
"1,11 : 21.84"
"1,12 : 87.28"
"1,13 : 56.72"
"1,14 : 65.01"
"1,15 : 82.3"
"1,16 : 41.11"
"1,17 : 77.34"
"1,18 : 25.08"
"1,19 : 48.08"
"1,20 : 61.72"
"1,21 : 13.15"
"1,22 : 65.01"
"1,23 : 64.01"
"1,24 : 69.66"
"1,25 : 89.89"
"1,26 : 42.72"
"1,27 : 65.12"
"1,28 : 35.06"
"1,29 : 51.04"
"1,30 : 84.38"
"1,31 : 96.21"
"1,32 : 9.22"
"1,33 : 53.24"
"1,34 : 76.06"
"1,35 : 97.65"
"1,36 : 67.68"
"1,37 : 82.93"
"1,38 : 66.73"
"1,39 : 80.53"
"1,40 : 56.52"
"1,41 : 36.88"
"1,42 : 40.26"
"1,43 : 41.11"
"1,44 : 87.86"
"1,45 : 37.66"
"1,46 : 61.52"
"1,47 : 53.94"
"1,48 : 78.39"
"1,49 : 83.73"
"2,0 : 17.09"
"2,1 : 73.0"
"2,2 : 0.0"
"2,3 : 63.03"
"2,4 : 83.01"
"2,5 : 67.0"
"2,6 : 69.18"
"2,7 : 26.57"
"2,8 : 39.92"
"2,9 : 59.55"
"2,10 : 17.8"
"2,11 : 54.04"
"2,12 : 80.06"
"2,13 : 46.69"
"2,14 : 48.05"
"2,15 : 61.27"
"2,16 : 83.82"
"2,17 : 12.08"
"2,18 : 92.62"
"2,19 : 69.03"
"2,20 : 76.0"
"2,21 : 80.81"
"2,22 : 50.01"
"2,23 : 25.3"
"2,24 : 12.53"
"2,25 : 92.44"
"2,26 : 34.18"
"2,27 : 60.67"
"2,28 : 53.85"
"2,29 : 57.08"
"2,30 : 17.46"
"2,31 : 23.71"
"2,32 : 78.82"
"2,33 : 24.35"
"2,34 : 21.26"
"2,35 : 26.25"
"2,36 : 86.01"
"2,37 : 14.14"
"2,38 : 15.3"
"2,39 : 22.8"
"2,40 : 35.0"
"2,41 : 96.25"
"2,42 : 65.62"
"2,43 : 42.95"
"2,44 : 72.92"
"2,45 : 105.21"
"2,46 : 12.08"
"2,47 : 38.05"
"2,48 : 80.81"
"2,49 : 65.31"
"3,0 : 47.51"
"3,1 : 13.04"
"3,2 : 63.03"
"3,3 : 0.0"
"3,4 : 78.92"
"3,5 : 46.52"
"3,6 : 58.59"
"3,7 : 55.54"
"3,8 : 32.39"
"3,9 : 8.54"
"3,10 : 80.62"
"3,11 : 9.43"
"3,12 : 75.39"
"3,13 : 55.15"
"3,14 : 52.0"
"3,15 : 69.46"
"3,16 : 34.93"
"3,17 : 68.8"
"3,18 : 30.02"
"3,19 : 52.48"
"3,20 : 51.04"
"3,21 : 17.8"
"3,22 : 52.04"
"3,23 : 57.87"
"3,24 : 61.4"
"3,25 : 79.08"
"3,26 : 36.4"
"3,27 : 52.63"
"3,28 : 22.2"
"3,29 : 52.2"
"3,30 : 73.01"
"3,31 : 85.63"
"3,32 : 22.02"
"3,33 : 41.62"
"3,34 : 64.01"
"3,35 : 86.68"
"3,36 : 58.05"
"3,37 : 71.84"
"3,38 : 55.22"
"3,39 : 68.48"
"3,40 : 43.68"
"3,41 : 37.34"
"3,42 : 44.42"
"3,43 : 38.0"
"3,44 : 75.43"
"3,45 : 42.94"
"3,46 : 52.2"
"3,47 : 41.0"
"3,48 : 67.12"
"3,49 : 71.02"
"4,0 : 71.34"
"4,1 : 90.76"
"4,2 : 83.01"
"4,3 : 78.92"
"4,4 : 0.0"
"4,5 : 32.57"
"4,6 : 129.32"
"4,7 : 56.46"
"4,8 : 92.02"
"4,9 : 84.97"
"4,10 : 89.63"
"4,11 : 73.82"
"4,12 : 3.61"
"4,13 : 114.69"
"4,14 : 36.62"
"4,15 : 22.36"
"4,16 : 59.03"
"4,17 : 95.08"
"4,18 : 88.09"
"4,19 : 125.0"
"4,20 : 31.02"
"4,21 : 85.51"
"4,22 : 35.0"
"4,23 : 101.24"
"4,24 : 93.02"
"4,25 : 13.42"
"4,26 : 90.52"
"4,27 : 27.8"
"4,28 : 57.71"
"4,29 : 118.93"
"4,30 : 74.33"
"4,31 : 88.57"
"4,32 : 99.93"
"4,33 : 66.61"
"4,34 : 63.32"
"4,35 : 85.21"
"4,36 : 31.32"
"4,37 : 76.9"
"4,38 : 68.03"
"4,39 : 64.33"
"4,40 : 52.2"
"4,41 : 78.31"
"4,42 : 117.64"
"4,43 : 99.76"
"4,44 : 11.0"
"4,45 : 93.34"
"4,46 : 83.35"
"4,47 : 51.09"
"4,48 : 14.14"
"4,49 : 18.25"
"5,0 : 51.35"
"5,1 : 58.19"
"5,2 : 67.0"
"5,3 : 46.52"
"5,4 : 32.57"
"5,5 : 0.0"
"5,6 : 99.72"
"5,7 : 42.95"
"5,8 : 63.82"
"5,9 : 53.0"
"5,10 : 79.25"
"5,11 : 42.2"
"5,12 : 29.12"
"5,13 : 87.98"
"5,14 : 22.36"
"5,15 : 29.55"
"5,16 : 30.46"
"5,17 : 78.16"
"5,18 : 57.31"
"5,19 : 94.79"
"5,20 : 9.0"
"5,21 : 53.34"
"5,22 : 20.59"
"5,23 : 78.75"
"5,24 : 73.82"
"5,25 : 33.3"
"5,26 : 63.63"
"5,27 : 11.4"
"5,28 : 26.25"
"5,29 : 90.27"
"5,30 : 65.25"
"5,31 : 80.78"
"5,32 : 67.36"
"5,33 : 44.72"
"5,34 : 52.89"
"5,35 : 79.06"
"5,36 : 19.03"
"5,37 : 66.49"
"5,38 : 52.09"
"5,39 : 55.97"
"5,40 : 32.0"
"5,41 : 49.98"
"5,42 : 87.11"
"5,43 : 71.61"
"5,44 : 31.02"
"5,45 : 64.56"
"5,46 : 62.97"
"5,47 : 29.07"
"5,48 : 20.81"
"5,49 : 29.12"
"6,0 : 66.41"
"6,1 : 54.82"
"6,2 : 69.18"
"6,3 : 58.59"
"6,4 : 129.32"
"6,5 : 99.72"
"6,6 : 0.0"
"6,7 : 83.57"
"6,8 : 37.74"
"6,9 : 50.12"
"6,10 : 83.22"
"6,11 : 58.6"
"6,12 : 125.73"
"6,13 : 23.19"
"6,14 : 94.58"
"6,15 : 113.21"
"6,16 : 93.47"
"6,17 : 64.28"
"6,18 : 78.92"
"6,19 : 7.0"
"6,20 : 106.4"
"6,21 : 67.91"
"6,22 : 95.69"
"6,23 : 45.1"
"6,24 : 58.01"
"6,25 : 132.94"
"6,26 : 40.72"
"6,27 : 101.53"
"6,28 : 73.66"
"6,29 : 12.17"
"6,30 : 86.47"
"6,31 : 90.2"
"6,32 : 51.24"
"6,33 : 67.12"
"6,34 : 85.62"
"6,35 : 94.05"
"6,36 : 114.81"
"6,37 : 83.29"
"6,38 : 74.73"
"6,39 : 89.05"
"6,40 : 79.76"
"6,41 : 91.68"
"6,42 : 14.56"
"6,43 : 30.41"
"6,44 : 122.64"
"6,45 : 90.27"
"6,46 : 58.86"
"6,47 : 79.61"
"6,48 : 120.22"
"6,49 : 116.21"
"7,0 : 17.49"
"7,1 : 68.01"
"7,2 : 26.57"
"7,3 : 55.54"
"7,4 : 56.46"
"7,5 : 42.95"
"7,6 : 83.57"
"7,7 : 0.0"
"7,8 : 47.07"
"7,9 : 55.79"
"7,10 : 36.35"
"7,11 : 46.24"
"7,12 : 53.49"
"7,13 : 64.14"
"7,14 : 22.02"
"7,15 : 34.99"
"7,16 : 65.46"
"7,17 : 38.63"
"7,18 : 81.61"
"7,19 : 81.32"
"7,20 : 51.79"
"7,21 : 71.69"
"7,22 : 24.02"
"7,23 : 46.67"
"7,24 : 36.89"
"7,25 : 65.97"
"7,26 : 43.01"
"7,27 : 35.0"
"7,28 : 38.29"
"7,29 : 71.69"
"7,30 : 22.47"
"7,31 : 37.95"
"7,32 : 75.96"
"7,33 : 17.12"
"7,34 : 10.3"
"7,35 : 36.67"
"7,36 : 61.52"
"7,37 : 23.54"
"7,38 : 11.66"
"7,39 : 14.21"
"7,40 : 13.45"
"7,41 : 81.34"
"7,42 : 75.71"
"7,43 : 53.45"
"7,44 : 46.53"
"7,45 : 92.96"
"7,46 : 28.28"
"7,47 : 17.03"
"7,48 : 54.59"
"7,49 : 38.95"
"8,0 : 31.02"
"8,1 : 37.59"
"8,2 : 39.92"
"8,3 : 32.39"
"8,4 : 92.02"
"8,5 : 63.82"
"8,6 : 37.74"
"8,7 : 47.07"
"8,8 : 0.0"
"8,9 : 25.3"
"8,10 : 57.25"
"8,11 : 27.17"
"8,12 : 88.46"
"8,13 : 24.7"
"8,14 : 56.86"
"8,15 : 75.47"
"8,16 : 64.63"
"8,17 : 41.23"
"8,18 : 61.35"
"8,19 : 34.54"
"8,20 : 71.34"
"8,21 : 48.7"
"8,22 : 58.01"
"8,23 : 26.42"
"8,24 : 33.42"
"8,25 : 96.54"
"8,26 : 5.83"
"8,27 : 64.35"
"8,28 : 38.91"
"8,29 : 26.91"
"8,30 : 55.11"
"8,31 : 63.56"
"8,32 : 41.11"
"8,33 : 30.08"
"8,34 : 51.01"
"8,35 : 66.13"
"8,36 : 80.53"
"8,37 : 52.63"
"8,38 : 40.0"
"8,39 : 55.01"
"8,40 : 42.06"
"8,41 : 69.72"
"8,42 : 28.64"
"8,43 : 7.81"
"8,44 : 85.0"
"8,45 : 74.33"
"8,46 : 27.86"
"8,47 : 41.88"
"8,48 : 83.74"
"8,49 : 78.49"
"9,0 : 45.28"
"9,1 : 13.45"
"9,2 : 59.55"
"9,3 : 8.54"
"9,4 : 84.97"
"9,5 : 53.0"
"9,6 : 50.12"
"9,7 : 55.79"
"9,8 : 25.3"
"9,9 : 0.0"
"9,10 : 77.34"
"9,11 : 11.4"
"9,12 : 81.39"
"9,13 : 47.01"
"9,14 : 55.58"
"9,15 : 73.76"
"9,16 : 43.46"
"9,17 : 64.03"
"9,18 : 36.06"
"9,19 : 44.1"
"9,20 : 58.26"
"9,21 : 23.41"
"9,22 : 55.9"
"9,23 : 51.48"
"9,24 : 56.4"
"9,25 : 86.02"
"9,26 : 29.97"
"9,27 : 57.94"
"9,28 : 27.31"
"9,29 : 43.68"
"9,30 : 71.2"
"9,31 : 82.8"
"9,32 : 20.25"
"9,33 : 40.31"
"9,34 : 63.32"
"9,35 : 84.31"
"9,36 : 65.76"
"9,37 : 69.64"
"9,38 : 53.67"
"9,39 : 67.78"
"9,40 : 45.18"
"9,41 : 45.04"
"9,42 : 36.06"
"9,43 : 30.15"
"9,44 : 80.65"
"9,45 : 49.04"
"9,46 : 48.08"
"9,47 : 43.01"
"9,48 : 73.78"
"9,49 : 75.69"
"10,0 : 33.6"
"10,1 : 90.79"
"10,2 : 17.8"
"10,3 : 80.62"
"10,4 : 89.63"
"10,5 : 79.25"
"10,6 : 83.22"
"10,7 : 36.35"
"10,8 : 57.25"
"10,9 : 77.34"
"10,10 : 0.0"
"10,11 : 71.51"
"10,12 : 87.13"
"10,13 : 60.07"
"10,14 : 58.14"
"10,15 : 67.27"
"10,16 : 99.32"
"10,17 : 19.0"
"10,18 : 109.99"
"10,19 : 84.01"
"10,20 : 88.12"
"10,21 : 98.35"
"10,22 : 60.13"
"10,23 : 38.12"
"10,24 : 25.5"
"10,25 : 100.6"
"10,26 : 51.43"
"10,27 : 71.18"
"10,28 : 69.84"
"10,29 : 71.45"
"10,30 : 15.3"
"10,31 : 7.0"
"10,32 : 96.61"
"10,33 : 40.5"
"10,34 : 27.0"
"10,35 : 11.4"
"10,36 : 97.87"
"10,37 : 13.0"
"10,38 : 28.23"
"10,39 : 25.32"
"10,40 : 48.08"
"10,41 : 112.9"
"10,42 : 81.49"
"10,43 : 59.46"
"10,44 : 78.85"
"10,45 : 122.44"
"10,46 : 29.68"
"10,47 : 51.55"
"10,48 : 90.05"
"10,49 : 71.39"
"11,0 : 38.21"
"11,1 : 21.84"
"11,2 : 54.04"
"11,3 : 9.43"
"11,4 : 73.82"
"11,5 : 42.2"
"11,6 : 58.6"
"11,7 : 46.24"
"11,8 : 27.17"
"11,9 : 11.4"
"11,10 : 71.51"
"11,11 : 0.0"
"11,12 : 70.24"
"11,13 : 51.42"
"11,14 : 44.28"
"11,15 : 62.37"
"11,16 : 37.48"
"11,17 : 60.42"
"11,18 : 38.6"
"11,19 : 53.15"
"11,20 : 48.08"
"11,21 : 26.87"
"11,22 : 44.55"
"11,23 : 50.99"
"11,24 : 53.23"
"11,25 : 75.43"
"11,26 : 30.07"
"11,27 : 46.62"
"11,28 : 16.12"
"11,29 : 50.54"
"11,30 : 63.6"
"11,31 : 76.38"
"11,32 : 30.27"
"11,33 : 32.2"
"11,34 : 54.59"
"11,35 : 77.34"
"11,36 : 56.22"
"11,37 : 62.48"
"11,38 : 45.8"
"11,39 : 59.06"
"11,40 : 34.71"
"11,41 : 43.97"
"11,42 : 45.28"
"11,43 : 33.96"
"11,44 : 69.29"
"11,45 : 51.31"
"11,46 : 43.57"
"11,47 : 32.25"
"11,48 : 63.01"
"11,49 : 64.29"
"12,0 : 68.1"
"12,1 : 87.28"
"12,2 : 80.06"
"12,3 : 75.39"
"12,4 : 3.61"
"12,5 : 29.12"
"12,6 : 125.73"
"12,7 : 53.49"
"12,8 : 88.46"
"12,9 : 81.39"
"12,10 : 87.13"
"12,11 : 70.24"
"12,12 : 0.0"
"12,13 : 111.2"
"12,14 : 33.29"
"12,15 : 20.02"
"12,16 : 56.14"
"12,17 : 92.11"
"12,18 : 85.02"
"12,19 : 121.4"
"12,20 : 28.02"
"12,21 : 82.2"
"12,22 : 31.62"
"12,23 : 97.94"
"12,24 : 89.9"
"12,25 : 14.32"
"12,26 : 87.0"
"12,27 : 24.21"
"12,28 : 54.12"
"12,29 : 115.36"
"12,30 : 71.85"
"12,31 : 86.28"
"12,32 : 96.46"
"12,33 : 63.25"
"12,34 : 60.64"
"12,35 : 83.05"
"12,36 : 29.15"
"12,37 : 74.33"
"12,38 : 65.0"
"12,39 : 61.81"
"12,40 : 48.83"
"12,41 : 75.54"
"12,42 : 114.04"
"12,43 : 96.21"
"12,44 : 9.49"
"12,45 : 90.55"
"12,46 : 80.13"
"12,47 : 47.63"
"12,48 : 11.7"
"12,49 : 16.0"
"13,0 : 46.65"
"13,1 : 56.72"
"13,2 : 46.69"
"13,3 : 55.15"
"13,4 : 114.69"
"13,5 : 87.98"
"13,6 : 23.19"
"13,7 : 64.14"
"13,8 : 24.7"
"13,9 : 47.01"
"13,10 : 60.07"
"13,11 : 51.42"
"13,12 : 111.2"
"13,13 : 0.0"
"13,14 : 78.49"
"13,15 : 96.43"
"13,16 : 88.84"
"13,17 : 41.11"
"13,18 : 81.74"
"13,19 : 25.08"
"13,20 : 95.77"
"13,21 : 69.35"
"13,22 : 79.91"
"13,23 : 22.0"
"13,24 : 35.06"
"13,25 : 120.21"
"13,26 : 24.41"
"13,27 : 87.46"
"13,28 : 63.56"
"13,29 : 12.08"
"13,30 : 64.13"
"13,31 : 67.07"
"13,32 : 56.92"
"13,33 : 49.04"
"13,34 : 64.62"
"13,35 : 71.0"
"13,36 : 105.1"
"13,37 : 60.83"
"13,38 : 54.13"
"13,39 : 67.68"
"13,40 : 62.97"
"13,41 : 92.01"
"13,42 : 25.5"
"13,43 : 17.46"
"13,44 : 106.79"
"13,45 : 94.37"
"13,46 : 37.34"
"13,47 : 63.66"
"13,48 : 107.42"
"13,49 : 99.82"
"14,0 : 34.89"
"14,1 : 65.01"
"14,2 : 48.05"
"14,3 : 52.0"
"14,4 : 36.62"
"14,5 : 22.36"
"14,6 : 94.58"
"14,7 : 22.02"
"14,8 : 56.86"
"14,9 : 55.58"
"14,10 : 58.14"
"14,11 : 44.28"
"14,12 : 33.29"
"14,13 : 78.49"
"14,14 : 0.0"
"14,15 : 18.79"
"14,16 : 49.68"
"14,17 : 59.91"
"14,18 : 71.87"
"14,19 : 90.92"
"14,20 : 30.68"
"14,21 : 64.54"
"14,22 : 2.0"
"14,23 : 64.66"
"14,24 : 57.01"
"14,25 : 44.6"
"14,26 : 54.67"
"14,27 : 13.04"
"14,28 : 30.15"
"14,29 : 83.6"
"14,30 : 43.57"
"14,31 : 59.03"
"14,32 : 74.01"
"14,33 : 30.0"
"14,34 : 31.26"
"14,35 : 57.01"
"14,36 : 40.02"
"14,37 : 45.18"
"14,38 : 32.76"
"14,39 : 33.96"
"14,40 : 15.62"
"14,41 : 67.96"
"14,42 : 84.08"
"14,43 : 64.4"
"14,44 : 28.32"
"14,45 : 81.41"
"14,46 : 46.96"
"14,47 : 15.0"
"14,48 : 32.76"
"14,49 : 21.63"
"15,0 : 51.09"
"15,1 : 82.3"
"15,2 : 61.27"
"15,3 : 69.46"
"15,4 : 22.36"
"15,5 : 29.55"
"15,6 : 113.21"
"15,7 : 34.99"
"15,8 : 75.47"
"15,9 : 73.76"
"15,10 : 67.27"
"15,11 : 62.37"
"15,12 : 20.02"
"15,13 : 96.43"
"15,14 : 18.79"
"15,15 : 0.0"
"15,16 : 60.01"
"15,17 : 73.35"
"15,18 : 85.91"
"15,19 : 109.66"
"15,20 : 34.21"
"15,21 : 80.22"
"15,22 : 18.03"
"15,23 : 81.06"
"15,24 : 71.87"
"15,25 : 34.06"
"15,26 : 73.01"
"15,27 : 18.68"
"15,28 : 47.27"
"15,29 : 102.08"
"15,30 : 51.97"
"15,31 : 66.27"
"15,32 : 91.44"
"15,33 : 47.42"
"15,34 : 41.11"
"15,35 : 63.03"
"15,36 : 40.46"
"15,37 : 54.57"
"15,38 : 46.65"
"15,39 : 41.98"
"15,40 : 33.6"
"15,41 : 79.48"
"15,42 : 102.86"
"15,43 : 82.93"
"15,44 : 11.7"
"15,45 : 93.92"
"15,46 : 62.8"
"15,47 : 33.62"
"15,48 : 26.0"
"15,49 : 4.12"
"16,0 : 66.73"
"16,1 : 41.11"
"16,2 : 83.82"
"16,3 : 34.93"
"16,4 : 59.03"
"16,5 : 30.46"
"16,6 : 93.47"
"16,7 : 65.46"
"16,8 : 64.63"
"16,9 : 43.46"
"16,10 : 99.32"
"16,11 : 37.48"
"16,12 : 56.14"
"16,13 : 88.84"
"16,14 : 49.68"
"16,15 : 60.01"
"16,16 : 0.0"
"16,17 : 92.89"
"16,18 : 29.61"
"16,19 : 87.24"
"16,20 : 28.16"
"16,21 : 30.81"
"16,22 : 48.41"
"16,23 : 87.09"
"16,24 : 86.68"
"16,25 : 53.94"
"16,26 : 67.12"
"16,27 : 41.59"
"16,28 : 30.08"
"16,29 : 86.98"
"16,30 : 87.46"
"16,31 : 102.47"
"16,32 : 48.84"
"16,33 : 59.46"
"16,34 : 75.72"
"16,35 : 101.87"
"16,36 : 29.83"
"16,37 : 87.71"
"16,38 : 71.11"
"16,39 : 79.63"
"16,40 : 52.15"
"16,41 : 19.65"
"16,42 : 79.18"
"16,43 : 71.39"
"16,44 : 60.42"
"16,45 : 34.53"
"16,46 : 75.93"
"16,47 : 48.55"
"16,48 : 45.0"
"16,49 : 59.46"
"17,0 : 27.02"
"17,1 : 77.34"
"17,2 : 12.08"
"17,3 : 68.8"
"17,4 : 95.08"
"17,5 : 78.16"
"17,6 : 64.28"
"17,7 : 38.63"
"17,8 : 41.23"
"17,9 : 64.03"
"17,10 : 19.0"
"17,11 : 60.42"
"17,12 : 92.11"
"17,13 : 41.11"
"17,14 : 59.91"
"17,15 : 73.35"
"17,16 : 92.89"
"17,17 : 0.0"
"17,18 : 98.79"
"17,19 : 65.31"
"17,20 : 87.14"
"17,21 : 86.53"
"17,22 : 61.85"
"17,23 : 19.24"
"17,24 : 7.81"
"17,25 : 104.4"
"17,26 : 35.47"
"17,27 : 72.37"
"17,28 : 62.82"
"17,29 : 52.61"
"17,30 : 26.63"
"17,31 : 26.0"
"17,32 : 82.04"
"17,33 : 34.13"
"17,34 : 33.02"
"17,35 : 30.15"
"17,36 : 97.19"
"17,37 : 23.02"
"17,38 : 27.2"
"17,39 : 33.97"
"17,40 : 46.27"
"17,41 : 103.87"
"17,42 : 63.25"
"17,43 : 42.06"
"17,44 : 85.0"
"17,45 : 111.65"
"17,46 : 17.09"
"17,47 : 49.09"
"17,48 : 92.65"
"17,49 : 77.39"
"18,0 : 76.49"
"18,1 : 25.08"
"18,2 : 92.62"
"18,3 : 30.02"
"18,4 : 88.09"
"18,5 : 57.31"
"18,6 : 78.92"
"18,7 : 81.61"
"18,8 : 61.35"
"18,9 : 36.06"
"18,10 : 109.99"
"18,11 : 38.6"
"18,12 : 85.02"
"18,13 : 81.74"
"18,14 : 71.87"
"18,15 : 85.91"
"18,16 : 29.61"
"18,17 : 98.79"
"18,18 : 0.0"
"18,19 : 72.01"
"18,20 : 57.08"
"18,21 : 12.65"
"18,22 : 71.17"
"18,23 : 87.46"
"18,24 : 91.42"
"18,25 : 83.55"
"18,26 : 65.92"
"18,27 : 67.27"
"18,28 : 43.57"
"18,29 : 76.0"
"18,30 : 101.18"
"18,31 : 114.63"
"18,32 : 27.89"
"18,33 : 70.01"
"18,34 : 91.05"
"18,35 : 115.26"
"18,36 : 59.44"
"18,37 : 100.41"
"18,38 : 83.45"
"18,39 : 95.43"
"18,40 : 68.51"
"18,41 : 14.87"
"18,42 : 64.5"
"18,43 : 65.73"
"18,44 : 88.28"
"18,45 : 13.0"
"18,46 : 82.1"
"18,47 : 65.19"
"18,48 : 74.24"
"18,49 : 86.15"
"19,0 : 64.54"
"19,1 : 48.08"
"19,2 : 69.03"
"19,3 : 52.48"
"19,4 : 125.0"
"19,5 : 94.79"
"19,6 : 7.0"
"19,7 : 81.32"
"19,8 : 34.54"
"19,9 : 44.1"
"19,10 : 84.01"
"19,11 : 53.15"
"19,12 : 121.4"
"19,13 : 25.08"
"19,14 : 90.92"
"19,15 : 109.66"
"19,16 : 87.24"
"19,17 : 65.31"
"19,18 : 72.01"
"19,19 : 0.0"
"19,20 : 101.18"
"19,21 : 61.13"
"19,22 : 91.92"
"19,23 : 46.1"
"19,24 : 58.55"
"19,25 : 128.08"
"19,26 : 38.33"
"19,27 : 97.2"
"19,28 : 68.59"
"19,29 : 13.0"
"19,30 : 86.02"
"19,31 : 90.93"
"19,32 : 44.28"
"19,33 : 64.51"
"19,34 : 84.17"
"19,35 : 94.53"
"19,36 : 109.34"
"19,37 : 83.0"
"19,38 : 73.16"
"19,39 : 87.82"
"19,40 : 76.49"
"19,41 : 84.9"
"19,42 : 8.06"
"19,43 : 27.89"
"19,44 : 118.73"
"19,45 : 83.29"
"19,46 : 58.08"
"19,47 : 76.06"
"19,48 : 115.43"
"19,49 : 112.51"
"20,0 : 60.3"
"20,1 : 61.72"
"20,2 : 76.0"
"20,3 : 51.04"
"20,4 : 31.02"
"20,5 : 9.0"
"20,6 : 106.4"
"20,7 : 51.79"
"20,8 : 71.34"
"20,9 : 58.26"
"20,10 : 88.12"
"20,11 : 48.08"
"20,12 : 28.02"
"20,13 : 95.77"
"20,14 : 30.68"
"20,15 : 34.21"
"20,16 : 28.16"
"20,17 : 87.14"
"20,18 : 57.08"
"20,19 : 101.18"
"20,20 : 0.0"
"20,21 : 55.08"
"20,22 : 28.79"
"20,23 : 87.36"
"20,24 : 82.73"
"20,25 : 28.18"
"20,26 : 71.55"
"20,27 : 18.36"
"20,28 : 32.8"
"20,29 : 97.42"
"20,30 : 73.98"
"20,31 : 89.5"
"20,32 : 70.68"
"20,33 : 53.6"
"20,34 : 61.61"
"20,35 : 87.64"
"20,36 : 10.05"
"20,37 : 75.31"
"20,38 : 61.07"
"20,39 : 64.56"
"20,40 : 41.0"
"20,41 : 47.68"
"20,42 : 93.35"
"20,43 : 79.08"
"20,44 : 32.57"
"20,45 : 62.65"
"20,46 : 71.85"
"20,47 : 38.05"
"20,48 : 17.26"
"20,49 : 32.76"
"21,0 : 65.07"
"21,1 : 13.15"
"21,2 : 80.81"
"21,3 : 17.8"
"21,4 : 85.51"
"21,5 : 53.34"
"21,6 : 67.91"
"21,7 : 71.69"
"21,8 : 48.7"
"21,9 : 23.41"
"21,10 : 98.35"
"21,11 : 26.87"
"21,12 : 82.2"
"21,13 : 69.35"
"21,14 : 64.54"
"21,15 : 80.22"
"21,16 : 30.81"
"21,17 : 86.53"
"21,18 : 12.65"
"21,19 : 61.13"
"21,20 : 55.08"
"21,21 : 0.0"
"21,22 : 64.13"
"21,23 : 74.85"
"21,24 : 79.08"
"21,25 : 82.87"
"21,26 : 53.31"
"21,27 : 62.01"
"21,28 : 34.79"
"21,29 : 64.12"
"21,30 : 90.27"
"21,31 : 103.25"
"21,32 : 18.6"
"21,33 : 58.9"
"21,34 : 80.71"
"21,35 : 104.14"
"21,36 : 59.51"
"21,37 : 89.27"
"21,38 : 72.47"
"21,39 : 85.15"
"21,40 : 59.03"
"21,41 : 23.77"
"21,42 : 53.37"
"21,43 : 53.15"
"21,44 : 84.15"
"21,45 : 25.63"
"21,46 : 70.0"
"21,47 : 55.95"
"21,48 : 72.28"
"21,49 : 81.02"
"22,0 : 36.67"
"22,1 : 65.01"
"22,2 : 50.01"
"22,3 : 52.04"
"22,4 : 35.0"
"22,5 : 20.59"
"22,6 : 95.69"
"22,7 : 24.02"
"22,8 : 58.01"
"22,9 : 55.9"
"22,10 : 60.13"
"22,11 : 44.55"
"22,12 : 31.62"
"22,13 : 79.91"
"22,14 : 2.0"
"22,15 : 18.03"
"22,16 : 48.41"
"22,17 : 61.85"
"22,18 : 71.17"
"22,19 : 91.92"
"22,20 : 28.79"
"22,21 : 64.13"
"22,22 : 0.0"
"22,23 : 66.37"
"22,24 : 58.87"
"22,25 : 42.72"
"22,26 : 55.97"
"22,27 : 11.05"
"22,28 : 30.02"
"22,29 : 84.81"
"22,30 : 45.54"
"22,31 : 61.0"
"22,32 : 74.06"
"22,33 : 31.62"
"22,34 : 33.24"
"22,35 : 58.94"
"22,36 : 38.08"
"22,37 : 47.17"
"22,38 : 34.71"
"22,39 : 35.9"
"22,40 : 17.2"
"22,41 : 66.89"
"22,42 : 85.0"
"22,43 : 65.6"
"22,44 : 27.02"
"22,45 : 80.5"
"22,46 : 48.75"
"22,47 : 16.28"
"22,48 : 30.81"
"22,49 : 20.59"
"23,0 : 30.0"
"23,1 : 64.01"
"23,2 : 25.3"
"23,3 : 57.87"
"23,4 : 101.24"
"23,5 : 78.75"
"23,6 : 45.1"
"23,7 : 46.67"
"23,8 : 26.42"
"23,9 : 51.48"
"23,10 : 38.12"
"23,11 : 50.99"
"23,12 : 97.94"
"23,13 : 22.0"
"23,14 : 64.66"
"23,15 : 81.06"
"23,16 : 87.09"
"23,17 : 19.24"
"23,18 : 87.46"
"23,19 : 46.1"
"23,20 : 87.36"
"23,21 : 74.85"
"23,22 : 66.37"
"23,23 : 0.0"
"23,24 : 13.15"
"23,25 : 108.67"
"23,26 : 21.54"
"23,27 : 75.58"
"23,28 : 58.14"
"23,29 : 33.38"
"23,30 : 42.72"
"23,31 : 45.1"
"23,32 : 67.2"
"23,33 : 34.89"
"23,34 : 44.94"
"23,35 : 49.0"
"23,36 : 97.27"
"23,37 : 39.29"
"23,38 : 35.47"
"23,39 : 47.41"
"23,40 : 49.24"
"23,41 : 94.83"
"23,42 : 44.38"
"23,43 : 24.76"
"23,44 : 92.2"
"23,45 : 100.46"
"23,46 : 18.38"
"23,47 : 50.99"
"23,48 : 96.18"
"23,49 : 84.81"
"24,0 : 22.56"
"24,1 : 69.66"
"24,2 : 12.53"
"24,3 : 61.4"
"24,4 : 93.02"
"24,5 : 73.82"
"24,6 : 58.01"
"24,7 : 36.89"
"24,8 : 33.42"
"24,9 : 56.4"
"24,10 : 25.5"
"24,11 : 53.23"
"24,12 : 89.9"
"24,13 : 35.06"
"24,14 : 57.01"
"24,15 : 71.87"
"24,16 : 86.68"
"24,17 : 7.81"
"24,18 : 91.42"
"24,19 : 58.55"
"24,20 : 82.73"
"24,21 : 79.08"
"24,22 : 58.87"
"24,23 : 13.15"
"24,24 : 0.0"
"24,25 : 101.59"
"24,26 : 27.66"
"24,27 : 68.96"
"24,28 : 56.72"
"24,29 : 46.1"
"24,30 : 29.73"
"24,31 : 32.39"
"24,32 : 74.25"
"24,33 : 29.15"
"24,34 : 33.3"
"24,35 : 36.06"
"24,36 : 92.78"
"24,37 : 26.25"
"24,38 : 25.24"
"24,39 : 35.23"
"24,40 : 42.45"
"24,41 : 96.93"
"24,42 : 56.04"
"24,43 : 34.44"
"24,44 : 83.35"
"24,45 : 104.32"
"24,46 : 11.0"
"24,47 : 44.91"
"24,48 : 89.49"
"24,49 : 75.8"
"25,0 : 79.31"
"25,1 : 89.89"
"25,2 : 92.44"
"25,3 : 79.08"
"25,4 : 13.42"
"25,5 : 33.3"
"25,6 : 132.94"
"25,7 : 65.97"
"25,8 : 96.54"
"25,9 : 86.02"
"25,10 : 100.6"
"25,11 : 75.43"
"25,12 : 14.32"
"25,13 : 120.21"
"25,14 : 44.6"
"25,15 : 34.06"
"25,16 : 53.94"
"25,17 : 104.4"
"25,18 : 83.55"
"25,19 : 128.08"
"25,20 : 28.18"
"25,21 : 82.87"
"25,22 : 42.72"
"25,23 : 108.67"
"25,24 : 101.59"
"25,25 : 0.0"
"25,26 : 95.8"
"25,27 : 33.12"
"25,28 : 59.55"
"25,29 : 123.24"
"25,30 : 85.38"
"25,31 : 100.08"
"25,32 : 98.84"
"25,33 : 73.79"
"25,34 : 73.82"
"25,35 : 97.0"
"25,36 : 24.19"
"25,37 : 87.69"
"25,38 : 77.2"
"25,39 : 75.33"
"25,40 : 59.51"
"25,41 : 72.17"
"25,42 : 120.42"
"25,43 : 104.35"
"25,44 : 23.77"
"25,45 : 87.09"
"25,46 : 91.39"
"25,47 : 57.71"
"25,48 : 12.81"
"25,49 : 30.15"
"26,0 : 26.31"
"26,1 : 42.72"
"26,2 : 34.18"
"26,3 : 36.4"
"26,4 : 90.52"
"26,5 : 63.63"
"26,6 : 40.72"
"26,7 : 43.01"
"26,8 : 5.83"
"26,9 : 29.97"
"26,10 : 51.43"
"26,11 : 30.07"
"26,12 : 87.0"
"26,13 : 24.41"
"26,14 : 54.67"
"26,15 : 73.01"
"26,16 : 67.12"
"26,17 : 35.47"
"26,18 : 65.92"
"26,19 : 38.33"
"26,20 : 71.55"
"26,21 : 53.31"
"26,22 : 55.97"
"26,23 : 21.54"
"26,24 : 27.66"
"26,25 : 95.8"
"26,26 : 0.0"
"26,27 : 63.13"
"26,28 : 39.85"
"26,29 : 29.15"
"26,30 : 49.65"
"26,31 : 57.78"
"26,32 : 46.69"
"26,33 : 26.4"
"26,34 : 46.17"
"26,35 : 60.41"
"26,36 : 81.02"
"26,37 : 47.07"
"26,38 : 35.13"
"26,39 : 50.04"
"26,40 : 39.41"
"26,41 : 73.55"
"26,42 : 33.14"
"26,43 : 10.44"
"26,44 : 82.98"
"26,45 : 78.92"
"26,46 : 22.14"
"26,47 : 39.7"
"26,48 : 83.01"
"26,49 : 76.22"
"27,0 : 46.49"
"27,1 : 65.12"
"27,2 : 60.67"
"27,3 : 52.63"
"27,4 : 27.8"
"27,5 : 11.4"
"27,6 : 101.53"
"27,7 : 35.0"
"27,8 : 64.35"
"27,9 : 57.94"
"27,10 : 71.18"
"27,11 : 46.62"
"27,12 : 24.21"
"27,13 : 87.46"
"27,14 : 13.04"
"27,15 : 18.68"
"27,16 : 41.59"
"27,17 : 72.37"
"27,18 : 67.27"
"27,19 : 97.2"
"27,20 : 18.36"
"27,21 : 62.01"
"27,22 : 11.05"
"27,23 : 75.58"
"27,24 : 68.96"
"27,25 : 33.12"
"27,26 : 63.13"
"27,27 : 0.0"
"27,28 : 30.68"
"27,29 : 91.24"
"27,30 : 56.57"
"27,31 : 72.01"
"27,32 : 74.33"
"27,33 : 40.72"
"27,34 : 44.28"
"27,35 : 69.86"
"27,36 : 27.2"
"27,37 : 58.22"
"27,38 : 45.4"
"27,39 : 46.87"
"27,40 : 26.57"
"27,41 : 60.93"
"27,42 : 89.87"
"27,43 : 72.12"
"27,44 : 22.8"
"27,45 : 75.27"
"27,46 : 58.52"
"27,47 : 24.6"
"27,48 : 20.62"
"27,49 : 19.03"
"28,0 : 36.77"
"28,1 : 35.06"
"28,2 : 53.85"
"28,3 : 22.2"
"28,4 : 57.71"
"28,5 : 26.25"
"28,6 : 73.66"
"28,7 : 38.29"
"28,8 : 38.91"
"28,9 : 27.31"
"28,10 : 69.84"
"28,11 : 16.12"
"28,12 : 54.12"
"28,13 : 63.56"
"28,14 : 30.15"
"28,15 : 47.27"
"28,16 : 30.08"
"28,17 : 62.82"
"28,18 : 43.57"
"28,19 : 68.59"
"28,20 : 32.8"
"28,21 : 34.79"
"28,22 : 30.02"
"28,23 : 58.14"
"28,24 : 56.72"
"28,25 : 59.55"
"28,26 : 39.85"
"28,27 : 30.68"
"28,28 : 0.0"
"28,29 : 64.64"
"28,30 : 59.03"
"28,31 : 73.5"
"28,32 : 44.18"
"28,33 : 29.55"
"28,34 : 48.08"
"28,35 : 73.41"
"28,36 : 41.68"
"28,37 : 58.82"
"28,38 : 41.88"
"28,39 : 52.35"
"28,40 : 25.0"
"28,41 : 43.42"
"28,42 : 60.88"
"28,43 : 46.53"
"28,44 : 53.45"
"28,45 : 54.67"
"28,46 : 45.89"
"28,47 : 21.63"
"28,48 : 47.01"
"28,49 : 48.84"
"29,0 : 54.42"
"29,1 : 51.04"
"29,2 : 57.08"
"29,3 : 52.2"
"29,4 : 118.93"
"29,5 : 90.27"
"29,6 : 12.17"
"29,7 : 71.69"
"29,8 : 26.91"
"29,9 : 43.68"
"29,10 : 71.45"
"29,11 : 50.54"
"29,12 : 115.36"
"29,13 : 12.08"
"29,14 : 83.6"
"29,15 : 102.08"
"29,16 : 86.98"
"29,17 : 52.61"
"29,18 : 76.0"
"29,19 : 13.0"
"29,20 : 97.42"
"29,21 : 64.12"
"29,22 : 84.81"
"29,23 : 33.38"
"29,24 : 46.1"
"29,25 : 123.24"
"29,26 : 29.15"
"29,27 : 91.24"
"29,28 : 64.64"
"29,29 : 0.0"
"29,30 : 74.33"
"29,31 : 78.41"
"29,32 : 49.5"
"29,33 : 55.47"
"29,34 : 73.5"
"29,35 : 82.15"
"29,36 : 106.23"
"29,37 : 71.18"
"29,38 : 62.64"
"29,39 : 76.9"
"29,40 : 68.51"
"29,41 : 87.57"
"29,42 : 14.42"
"29,43 : 19.21"
"29,44 : 111.83"
"29,45 : 88.14"
"29,46 : 46.69"
"29,47 : 68.6"
"29,48 : 110.45"
"29,49 : 105.21"
"30,0 : 25.94"
"30,1 : 84.38"
"30,2 : 17.46"
"30,3 : 73.01"
"30,4 : 74.33"
"30,5 : 65.25"
"30,6 : 86.47"
"30,7 : 22.47"
"30,8 : 55.11"
"30,9 : 71.2"
"30,10 : 15.3"
"30,11 : 63.6"
"30,12 : 71.85"
"30,13 : 64.13"
"30,14 : 43.57"
"30,15 : 51.97"
"30,16 : 87.46"
"30,17 : 26.63"
"30,18 : 101.18"
"30,19 : 86.02"
"30,20 : 73.98"
"30,21 : 90.27"
"30,22 : 45.54"
"30,23 : 42.72"
"30,24 : 29.73"
"30,25 : 85.38"
"30,26 : 49.65"
"30,27 : 56.57"
"30,28 : 59.03"
"30,29 : 74.33"
"30,30 : 0.0"
"30,31 : 15.52"
"30,32 : 91.24"
"30,33 : 31.4"
"30,34 : 12.37"
"30,35 : 14.42"
"30,36 : 83.55"
"30,37 : 3.61"
"30,38 : 17.8"
"30,39 : 10.05"
"30,40 : 35.36"
"30,41 : 102.45"
"30,42 : 82.15"
"30,43 : 59.21"
"30,44 : 63.56"
"30,45 : 113.15"
"30,46 : 28.02"
"30,47 : 38.95"
"30,48 : 75.0"
"30,49 : 56.09"
"31,0 : 38.18"
"31,1 : 96.21"
"31,2 : 23.71"
"31,3 : 85.63"
"31,4 : 88.57"
"31,5 : 80.78"
"31,6 : 90.2"
"31,7 : 37.95"
"31,8 : 63.56"
"31,9 : 82.8"
"31,10 : 7.0"
"31,11 : 76.38"
"31,12 : 86.28"
"31,13 : 67.07"
"31,14 : 59.03"
"31,15 : 66.27"
"31,16 : 102.47"
"31,17 : 26.0"
"31,18 : 114.63"
"31,19 : 90.93"
"31,20 : 89.5"
"31,21 : 103.25"
"31,22 : 61.0"
"31,23 : 45.1"
"31,24 : 32.39"
"31,25 : 100.08"
"31,26 : 57.78"
"31,27 : 72.01"
"31,28 : 73.5"
"31,29 : 78.41"
"31,30 : 15.52"
"31,31 : 0.0"
"31,32 : 102.34"
"31,33 : 44.69"
"31,34 : 27.89"
"31,35 : 5.0"
"31,36 : 99.04"
"31,37 : 14.76"
"31,38 : 31.62"
"31,39 : 25.18"
"31,40 : 50.57"
"31,41 : 116.83"
"31,42 : 88.29"
"31,43 : 66.1"
"31,44 : 77.65"
"31,45 : 126.91"
"31,46 : 35.78"
"31,47 : 54.13"
"31,48 : 90.09"
"31,49 : 70.35"
"32,0 : 65.3"
"32,1 : 9.22"
"32,2 : 78.82"
"32,3 : 22.02"
"32,4 : 99.93"
"32,5 : 67.36"
"32,6 : 51.24"
"32,7 : 75.96"
"32,8 : 41.11"
"32,9 : 20.25"
"32,10 : 96.61"
"32,11 : 30.27"
"32,12 : 96.46"
"32,13 : 56.92"
"32,14 : 74.01"
"32,15 : 91.44"
"32,16 : 48.84"
"32,17 : 82.04"
"32,18 : 27.89"
"32,19 : 44.28"
"32,20 : 70.68"
"32,21 : 18.6"
"32,22 : 74.06"
"32,23 : 67.2"
"32,24 : 74.25"
"32,25 : 98.84"
"32,26 : 46.69"
"32,27 : 74.33"
"32,28 : 44.18"
"32,29 : 49.5"
"32,30 : 91.24"
"32,31 : 102.34"
"32,32 : 0.0"
"32,33 : 60.54"
"32,34 : 83.57"
"32,35 : 104.1"
"32,36 : 76.32"
"32,37 : 89.55"
"32,38 : 73.82"
"32,39 : 88.02"
"32,40 : 64.94"
"32,41 : 41.63"
"32,42 : 37.01"
"32,43 : 43.05"
"32,44 : 97.08"
"32,45 : 39.05"
"32,46 : 67.01"
"32,47 : 62.51"
"32,48 : 87.46"
"32,49 : 92.91"
"33,0 : 7.28"
"33,1 : 53.24"
"33,2 : 24.35"
"33,3 : 41.62"
"33,4 : 66.61"
"33,5 : 44.72"
"33,6 : 67.12"
"33,7 : 17.12"
"33,8 : 30.08"
"33,9 : 40.31"
"33,10 : 40.5"
"33,11 : 32.2"
"33,12 : 63.25"
"33,13 : 49.04"
"33,14 : 30.0"
"33,15 : 47.42"
"33,16 : 59.46"
"33,17 : 34.13"
"33,18 : 70.01"
"33,19 : 64.51"
"33,20 : 53.6"
"33,21 : 58.9"
"33,22 : 31.62"
"33,23 : 34.89"
"33,24 : 29.15"
"33,25 : 73.79"
"33,26 : 26.4"
"33,27 : 40.72"
"33,28 : 29.55"
"33,29 : 55.47"
"33,30 : 31.4"
"33,31 : 44.69"
"33,32 : 60.54"
"33,33 : 0.0"
"33,34 : 23.09"
"33,35 : 45.28"
"33,36 : 63.64"
"33,37 : 30.41"
"33,38 : 13.6"
"33,39 : 27.51"
"33,40 : 14.42"
"33,41 : 72.4"
"33,42 : 58.69"
"33,43 : 36.77"
"33,44 : 58.05"
"33,45 : 82.22"
"33,46 : 18.25"
"33,47 : 16.16"
"33,48 : 61.33"
"33,49 : 50.91"
"34,0 : 20.0"
"34,1 : 76.06"
"34,2 : 21.26"
"34,3 : 64.01"
"34,4 : 63.32"
"34,5 : 52.89"
"34,6 : 85.62"
"34,7 : 10.3"
"34,8 : 51.01"
"34,9 : 63.32"
"34,10 : 27.0"
"34,11 : 54.59"
"34,12 : 60.64"
"34,13 : 64.62"
"34,14 : 31.26"
"34,15 : 41.11"
"34,16 : 75.72"
"34,17 : 33.02"
"34,18 : 91.05"
"34,19 : 84.17"
"34,20 : 61.61"
"34,21 : 80.71"
"34,22 : 33.24"
"34,23 : 44.94"
"34,24 : 33.3"
"34,25 : 73.82"
"34,26 : 46.17"
"34,27 : 44.28"
"34,28 : 48.08"
"34,29 : 73.5"
"34,30 : 12.37"
"34,31 : 27.89"
"34,32 : 83.57"
"34,33 : 23.09"
"34,34 : 0.0"
"34,35 : 26.4"
"34,36 : 71.2"
"34,37 : 14.0"
"34,38 : 11.05"
"34,39 : 4.47"
"34,40 : 23.6"
"34,41 : 91.35"
"34,42 : 79.31"
"34,43 : 56.44"
"34,44 : 52.81"
"34,45 : 102.65"
"34,46 : 27.31"
"34,47 : 27.2"
"34,48 : 63.07"
"34,49 : 45.22"
"35,0 : 39.2"
"35,1 : 97.65"
"35,2 : 26.25"
"35,3 : 86.68"
"35,4 : 85.21"
"35,5 : 79.06"
"35,6 : 94.05"
"35,7 : 36.67"
"35,8 : 66.13"
"35,9 : 84.31"
"35,10 : 11.4"
"35,11 : 77.34"
"35,12 : 83.05"
"35,13 : 71.0"
"35,14 : 57.01"
"35,15 : 63.03"
"35,16 : 101.87"
"35,17 : 30.15"
"35,18 : 115.26"
"35,19 : 94.53"
"35,20 : 87.64"
"35,21 : 104.14"
"35,22 : 58.94"
"35,23 : 49.0"
"35,24 : 36.06"
"35,25 : 97.0"
"35,26 : 60.41"
"35,27 : 69.86"
"35,28 : 73.41"
"35,29 : 82.15"
"35,30 : 14.42"
"35,31 : 5.0"
"35,32 : 104.1"
"35,33 : 45.28"
"35,34 : 26.4"
"35,35 : 0.0"
"35,36 : 97.02"
"35,37 : 14.87"
"35,38 : 31.83"
"35,39 : 23.09"
"35,40 : 49.74"
"35,41 : 116.82"
"35,42 : 91.59"
"35,43 : 69.12"
"35,44 : 74.24"
"35,45 : 127.35"
"35,46 : 38.28"
"35,47 : 53.34"
"35,48 : 87.37"
"35,49 : 67.07"
"36,0 : 70.35"
"36,1 : 67.68"
"36,2 : 86.01"
"36,3 : 58.05"
"36,4 : 31.32"
"36,5 : 19.03"
"36,6 : 114.81"
"36,7 : 61.52"
"36,8 : 80.53"
"36,9 : 65.76"
"36,10 : 97.87"
"36,11 : 56.22"
"36,12 : 29.15"
"36,13 : 105.1"
"36,14 : 40.02"
"36,15 : 40.46"
"36,16 : 29.83"
"36,17 : 97.19"
"36,18 : 59.44"
"36,19 : 109.34"
"36,20 : 10.05"
"36,21 : 59.51"
"36,22 : 38.08"
"36,23 : 97.27"
"36,24 : 92.78"
"36,25 : 24.19"
"36,26 : 81.02"
"36,27 : 27.2"
"36,28 : 41.68"
"36,29 : 106.23"
"36,30 : 83.55"
"36,31 : 99.04"
"36,32 : 76.32"
"36,33 : 63.64"
"36,34 : 71.2"
"36,35 : 97.02"
"36,36 : 0.0"
"36,37 : 85.0"
"36,38 : 71.03"
"36,39 : 73.98"
"36,40 : 51.01"
"36,41 : 48.04"
"36,42 : 101.41"
"36,43 : 88.19"
"36,44 : 36.06"
"36,45 : 63.01"
"36,46 : 81.88"
"36,47 : 48.09"
"36,48 : 17.46"
"36,49 : 38.18"
"37,0 : 24.41"
"37,1 : 82.93"
"37,2 : 14.14"
"37,3 : 71.84"
"37,4 : 76.9"
"37,5 : 66.49"
"37,6 : 83.29"
"37,7 : 23.54"
"37,8 : 52.63"
"37,9 : 69.64"
"37,10 : 13.0"
"37,11 : 62.48"
"37,12 : 74.33"
"37,13 : 60.83"
"37,14 : 45.18"
"37,15 : 54.57"
"37,16 : 87.71"
"37,17 : 23.02"
"37,18 : 100.41"
"37,19 : 83.0"
"37,20 : 75.31"
"37,21 : 89.27"
"37,22 : 47.17"
"37,23 : 39.29"
"37,24 : 26.25"
"37,25 : 87.69"
"37,26 : 47.07"
"37,27 : 58.22"
"37,28 : 58.82"
"37,29 : 71.18"
"37,30 : 3.61"
"37,31 : 14.76"
"37,32 : 89.55"
"37,33 : 30.41"
"37,34 : 14.0"
"37,35 : 14.87"
"37,36 : 85.0"
"37,37 : 0.0"
"37,38 : 17.03"
"37,39 : 12.65"
"37,40 : 35.85"
"37,41 : 102.2"
"37,42 : 79.31"
"37,43 : 56.44"
"37,44 : 66.22"
"37,45 : 112.54"
"37,46 : 25.18"
"37,47 : 39.4"
"37,48 : 77.06"
"37,49 : 58.69"
"38,0 : 9.06"
"38,1 : 66.73"
"38,2 : 15.3"
"38,3 : 55.22"
"38,4 : 68.03"
"38,5 : 52.09"
"38,6 : 74.73"
"38,7 : 11.66"
"38,8 : 40.0"
"38,9 : 53.67"
"38,10 : 28.23"
"38,11 : 45.8"
"38,12 : 65.0"
"38,13 : 54.13"
"38,14 : 32.76"
"38,15 : 46.65"
"38,16 : 71.11"
"38,17 : 27.2"
"38,18 : 83.45"
"38,19 : 73.16"
"38,20 : 61.07"
"38,21 : 72.47"
"38,22 : 34.71"
"38,23 : 35.47"
"38,24 : 25.24"
"38,25 : 77.2"
"38,26 : 35.13"
"38,27 : 45.4"
"38,28 : 41.88"
"38,29 : 62.64"
"38,30 : 17.8"
"38,31 : 31.62"
"38,32 : 73.82"
"38,33 : 13.6"
"38,34 : 11.05"
"38,35 : 31.83"
"38,36 : 71.03"
"38,37 : 17.03"
"38,38 : 0.0"
"38,39 : 15.03"
"38,40 : 20.22"
"38,41 : 85.21"
"38,42 : 68.26"
"38,43 : 45.4"
"38,44 : 58.18"
"38,45 : 95.52"
"38,46 : 17.2"
"38,47 : 23.54"
"38,48 : 65.51"
"38,49 : 50.61"
"39,0 : 24.08"
"39,1 : 80.53"
"39,2 : 22.8"
"39,3 : 68.48"
"39,4 : 64.33"
"39,5 : 55.97"
"39,6 : 89.05"
"39,7 : 14.21"
"39,8 : 55.01"
"39,9 : 67.78"
"39,10 : 25.32"
"39,11 : 59.06"
"39,12 : 61.81"
"39,13 : 67.68"
"39,14 : 33.96"
"39,15 : 41.98"
"39,16 : 79.63"
"39,17 : 33.97"
"39,18 : 95.43"
"39,19 : 87.82"
"39,20 : 64.56"
"39,21 : 85.15"
"39,22 : 35.9"
"39,23 : 47.41"
"39,24 : 35.23"
"39,25 : 75.33"
"39,26 : 50.04"
"39,27 : 46.87"
"39,28 : 52.35"
"39,29 : 76.9"
"39,30 : 10.05"
"39,31 : 25.18"
"39,32 : 88.02"
"39,33 : 27.51"
"39,34 : 4.47"
"39,35 : 23.09"
"39,36 : 73.98"
"39,37 : 12.65"
"39,38 : 15.03"
"39,39 : 0.0"
"39,40 : 27.66"
"39,41 : 95.52"
"39,42 : 83.15"
"39,43 : 60.21"
"39,44 : 53.6"
"39,45 : 106.96"
"39,46 : 30.36"
"39,47 : 31.24"
"39,48 : 65.01"
"39,49 : 46.1"
"40,0 : 19.92"
"40,1 : 56.52"
"40,2 : 35.0"
"40,3 : 43.68"
"40,4 : 52.2"
"40,5 : 32.0"
"40,6 : 79.76"
"40,7 : 13.45"
"40,8 : 42.06"
"40,9 : 45.18"
"40,10 : 48.08"
"40,11 : 34.71"
"40,12 : 48.83"
"40,13 : 62.97"
"40,14 : 15.62"
"40,15 : 33.6"
"40,16 : 52.15"
"40,17 : 46.27"
"40,18 : 68.51"
"40,19 : 76.49"
"40,20 : 41.0"
"40,21 : 59.03"
"40,22 : 17.2"
"40,23 : 49.24"
"40,24 : 42.45"
"40,25 : 59.51"
"40,26 : 39.41"
"40,27 : 26.57"
"40,28 : 25.0"
"40,29 : 68.51"
"40,30 : 35.36"
"40,31 : 50.57"
"40,32 : 64.94"
"40,33 : 14.42"
"40,34 : 23.6"
"40,35 : 49.74"
"40,36 : 51.01"
"40,37 : 35.85"
"40,38 : 20.22"
"40,39 : 27.66"
"40,40 : 0.0"
"40,41 : 67.9"
"40,42 : 70.01"
"40,43 : 49.4"
"40,44 : 43.84"
"40,45 : 79.65"
"40,46 : 31.95"
"40,47 : 3.61"
"40,48 : 47.17"
"40,49 : 36.88"
"41,0 : 79.4"
"41,1 : 36.88"
"41,2 : 96.25"
"41,3 : 37.34"
"41,4 : 78.31"
"41,5 : 49.98"
"41,6 : 91.68"
"41,7 : 81.34"
"41,8 : 69.72"
"41,9 : 45.04"
"41,10 : 112.9"
"41,11 : 43.97"
"41,12 : 75.54"
"41,13 : 92.01"
"41,14 : 67.96"
"41,15 : 79.48"
"41,16 : 19.65"
"41,17 : 103.87"
"41,18 : 14.87"
"41,19 : 84.9"
"41,20 : 47.68"
"41,21 : 23.77"
"41,22 : 66.89"
"41,23 : 94.83"
"41,24 : 96.93"
"41,25 : 72.17"
"41,26 : 73.55"
"41,27 : 60.93"
"41,28 : 43.42"
"41,29 : 87.57"
"41,30 : 102.45"
"41,31 : 116.83"
"41,32 : 41.63"
"41,33 : 72.4"
"41,34 : 91.35"
"41,35 : 116.82"
"41,36 : 48.04"
"41,37 : 102.2"
"41,38 : 85.21"
"41,39 : 95.52"
"41,40 : 67.9"
"41,41 : 0.0"
"41,42 : 77.13"
"41,43 : 75.17"
"41,44 : 80.05"
"41,45 : 15.03"
"41,46 : 86.82"
"41,47 : 64.35"
"41,48 : 64.2"
"41,49 : 79.06"
"42,0 : 59.41"
"42,1 : 40.26"
"42,2 : 65.62"
"42,3 : 44.42"
"42,4 : 117.64"
"42,5 : 87.11"
"42,6 : 14.56"
"42,7 : 75.71"
"42,8 : 28.64"
"42,9 : 36.06"
"42,10 : 81.49"
"42,11 : 45.28"
"42,12 : 114.04"
"42,13 : 25.5"
"42,14 : 84.08"
"42,15 : 102.86"
"42,16 : 79.18"
"42,17 : 63.25"
"42,18 : 64.5"
"42,19 : 8.06"
"42,20 : 93.35"
"42,21 : 53.37"
"42,22 : 85.0"
"42,23 : 44.38"
"42,24 : 56.04"
"42,25 : 120.42"
"42,26 : 33.14"
"42,27 : 89.87"
"42,28 : 60.88"
"42,29 : 14.42"
"42,30 : 82.15"
"42,31 : 88.29"
"42,32 : 37.01"
"42,33 : 58.69"
"42,34 : 79.31"
"42,35 : 91.59"
"42,36 : 101.41"
"42,37 : 79.31"
"42,38 : 68.26"
"42,39 : 83.15"
"42,40 : 70.01"
"42,41 : 77.13"
"42,42 : 0.0"
"42,43 : 23.0"
"42,44 : 111.65"
"42,45 : 76.06"
"42,46 : 54.15"
"42,47 : 69.35"
"42,48 : 107.81"
"42,49 : 105.59"
"43,0 : 36.67"
"43,1 : 41.11"
"43,2 : 42.95"
"43,3 : 38.0"
"43,4 : 99.76"
"43,5 : 71.61"
"43,6 : 30.41"
"43,7 : 53.45"
"43,8 : 7.81"
"43,9 : 30.15"
"43,10 : 59.46"
"43,11 : 33.96"
"43,12 : 96.21"
"43,13 : 17.46"
"43,14 : 64.4"
"43,15 : 82.93"
"43,16 : 71.39"
"43,17 : 42.06"
"43,18 : 65.73"
"43,19 : 27.89"
"43,20 : 79.08"
"43,21 : 53.15"
"43,22 : 65.6"
"43,23 : 24.76"
"43,24 : 34.44"
"43,25 : 104.35"
"43,26 : 10.44"
"43,27 : 72.12"
"43,28 : 46.53"
"43,29 : 19.21"
"43,30 : 59.21"
"43,31 : 66.1"
"43,32 : 43.05"
"43,33 : 36.77"
"43,34 : 56.44"
"43,35 : 69.12"
"43,36 : 88.19"
"43,37 : 56.44"
"43,38 : 45.4"
"43,39 : 60.21"
"43,40 : 49.4"
"43,41 : 75.17"
"43,42 : 23.0"
"43,43 : 0.0"
"43,44 : 92.62"
"43,45 : 78.59"
"43,46 : 31.26"
"43,47 : 49.41"
"43,48 : 91.55"
"43,49 : 86.02"
"44,0 : 62.2"
"44,1 : 87.86"
"44,2 : 72.92"
"44,3 : 75.43"
"44,4 : 11.0"
"44,5 : 31.02"
"44,6 : 122.64"
"44,7 : 46.53"
"44,8 : 85.0"
"44,9 : 80.65"
"44,10 : 78.85"
"44,11 : 69.29"
"44,12 : 9.49"
"44,13 : 106.79"
"44,14 : 28.32"
"44,15 : 11.7"
"44,16 : 60.42"
"44,17 : 85.0"
"44,18 : 88.28"
"44,19 : 118.73"
"44,20 : 32.57"
"44,21 : 84.15"
"44,22 : 27.02"
"44,23 : 92.2"
"44,24 : 83.35"
"44,25 : 23.77"
"44,26 : 82.98"
"44,27 : 22.8"
"44,28 : 53.45"
"44,29 : 111.83"
"44,30 : 63.56"
"44,31 : 77.65"
"44,32 : 97.08"
"44,33 : 58.05"
"44,34 : 52.81"
"44,35 : 74.24"
"44,36 : 36.06"
"44,37 : 66.22"
"44,38 : 58.18"
"44,39 : 53.6"
"44,40 : 43.84"
"44,41 : 80.05"
"44,42 : 111.65"
"44,43 : 92.62"
"44,44 : 0.0"
"44,45 : 94.92"
"44,46 : 74.06"
"44,47 : 43.28"
"44,48 : 19.1"
"44,49 : 7.62"
"45,0 : 88.87"
"45,1 : 37.66"
"45,2 : 105.21"
"45,3 : 42.94"
"45,4 : 93.34"
"45,5 : 64.56"
"45,6 : 90.27"
"45,7 : 92.96"
"45,8 : 74.33"
"45,9 : 49.04"
"45,10 : 122.44"
"45,11 : 51.31"
"45,12 : 90.55"
"45,13 : 94.37"
"45,14 : 81.41"
"45,15 : 93.92"
"45,16 : 34.53"
"45,17 : 111.65"
"45,18 : 13.0"
"45,19 : 83.29"
"45,20 : 62.65"
"45,21 : 25.63"
"45,22 : 80.5"
"45,23 : 100.46"
"45,24 : 104.32"
"45,25 : 87.09"
"45,26 : 78.92"
"45,27 : 75.27"
"45,28 : 54.67"
"45,29 : 88.14"
"45,30 : 113.15"
"45,31 : 126.91"
"45,32 : 39.05"
"45,33 : 82.22"
"45,34 : 102.65"
"45,35 : 127.35"
"45,36 : 63.01"
"45,37 : 112.54"
"45,38 : 95.52"
"45,39 : 106.96"
"45,40 : 79.65"
"45,41 : 15.03"
"45,42 : 76.06"
"45,43 : 78.59"
"45,44 : 94.92"
"45,45 : 0.0"
"45,46 : 94.87"
"45,47 : 76.22"
"45,48 : 79.23"
"45,49 : 93.68"
"46,0 : 12.08"
"46,1 : 61.52"
"46,2 : 12.08"
"46,3 : 52.2"
"46,4 : 83.35"
"46,5 : 62.97"
"46,6 : 58.86"
"46,7 : 28.28"
"46,8 : 27.86"
"46,9 : 48.08"
"46,10 : 29.68"
"46,11 : 43.57"
"46,12 : 80.13"
"46,13 : 37.34"
"46,14 : 46.96"
"46,15 : 62.8"
"46,16 : 75.93"
"46,17 : 17.09"
"46,18 : 82.1"
"46,19 : 58.08"
"46,20 : 71.85"
"46,21 : 70.0"
"46,22 : 48.75"
"46,23 : 18.38"
"46,24 : 11.0"
"46,25 : 91.39"
"46,26 : 22.14"
"46,27 : 58.52"
"46,28 : 45.89"
"46,29 : 46.69"
"46,30 : 28.02"
"46,31 : 35.78"
"46,32 : 67.01"
"46,33 : 18.25"
"46,34 : 27.31"
"46,35 : 38.28"
"46,36 : 81.88"
"46,37 : 25.18"
"46,38 : 17.2"
"46,39 : 30.36"
"46,40 : 31.95"
"46,41 : 86.82"
"46,42 : 54.15"
"46,43 : 31.26"
"46,44 : 74.06"
"46,45 : 94.87"
"46,46 : 0.0"
"46,47 : 34.21"
"46,48 : 79.12"
"46,49 : 66.61"
"47,0 : 22.36"
"47,1 : 53.94"
"47,2 : 38.05"
"47,3 : 41.0"
"47,4 : 51.09"
"47,5 : 29.07"
"47,6 : 79.61"
"47,7 : 17.03"
"47,8 : 41.88"
"47,9 : 43.01"
"47,10 : 51.55"
"47,11 : 32.25"
"47,12 : 47.63"
"47,13 : 63.66"
"47,14 : 15.0"
"47,15 : 33.62"
"47,16 : 48.55"
"47,17 : 49.09"
"47,18 : 65.19"
"47,19 : 76.06"
"47,20 : 38.05"
"47,21 : 55.95"
"47,22 : 16.28"
"47,23 : 50.99"
"47,24 : 44.91"
"47,25 : 57.71"
"47,26 : 39.7"
"47,27 : 24.6"
"47,28 : 21.63"
"47,29 : 68.6"
"47,30 : 38.95"
"47,31 : 54.13"
"47,32 : 62.51"
"47,33 : 16.16"
"47,34 : 27.2"
"47,35 : 53.34"
"47,36 : 48.09"
"47,37 : 39.4"
"47,38 : 23.54"
"47,39 : 31.24"
"47,40 : 3.61"
"47,41 : 64.35"
"47,42 : 69.35"
"47,43 : 49.41"
"47,44 : 43.28"
"47,45 : 76.22"
"47,46 : 34.21"
"47,47 : 0.0"
"47,48 : 45.19"
"47,49 : 36.62"
"48,0 : 67.07"
"48,1 : 78.39"
"48,2 : 80.81"
"48,3 : 67.12"
"48,4 : 14.14"
"48,5 : 20.81"
"48,6 : 120.22"
"48,7 : 54.59"
"48,8 : 83.74"
"48,9 : 73.78"
"48,10 : 90.05"
"48,11 : 63.01"
"48,12 : 11.7"
"48,13 : 107.42"
"48,14 : 32.76"
"48,15 : 26.0"
"48,16 : 45.0"
"48,17 : 92.65"
"48,18 : 74.24"
"48,19 : 115.43"
"48,20 : 17.26"
"48,21 : 72.28"
"48,22 : 30.81"
"48,23 : 96.18"
"48,24 : 89.49"
"48,25 : 12.81"
"48,26 : 83.01"
"48,27 : 20.62"
"48,28 : 47.01"
"48,29 : 110.45"
"48,30 : 75.0"
"48,31 : 90.09"
"48,32 : 87.46"
"48,33 : 61.33"
"48,34 : 63.07"
"48,35 : 87.37"
"48,36 : 17.46"
"48,37 : 77.06"
"48,38 : 65.51"
"48,39 : 65.01"
"48,40 : 47.17"
"48,41 : 64.2"
"48,42 : 107.81"
"48,43 : 91.55"
"48,44 : 19.1"
"48,45 : 79.23"
"48,46 : 79.12"
"48,47 : 45.19"
"48,48 : 0.0"
"48,49 : 22.83"
"49,0 : 54.82"
"49,1 : 83.73"
"49,2 : 65.31"
"49,3 : 71.02"
"49,4 : 18.25"
"49,5 : 29.12"
"49,6 : 116.21"
"49,7 : 38.95"
"49,8 : 78.49"
"49,9 : 75.69"
"49,10 : 71.39"
"49,11 : 64.29"
"49,12 : 16.0"
"49,13 : 99.82"
"49,14 : 21.63"
"49,15 : 4.12"
"49,16 : 59.46"
"49,17 : 77.39"
"49,18 : 86.15"
"49,19 : 112.51"
"49,20 : 32.76"
"49,21 : 81.02"
"49,22 : 20.59"
"49,23 : 84.81"
"49,24 : 75.8"
"49,25 : 30.15"
"49,26 : 76.22"
"49,27 : 19.03"
"49,28 : 48.84"
"49,29 : 105.21"
"49,30 : 56.09"
"49,31 : 70.35"
"49,32 : 92.91"
"49,33 : 50.91"
"49,34 : 45.22"
"49,35 : 67.07"
"49,36 : 38.18"
"49,37 : 58.69"
"49,38 : 50.61"
"49,39 : 46.1"
"49,40 : 36.88"
"49,41 : 79.06"
"49,42 : 105.59"
"49,43 : 86.02"
"49,44 : 7.62"
"49,45 : 93.68"
"49,46 : 66.61"
"49,47 : 36.62"
"49,48 : 22.83"
"49,49 : 0.0"
