x,y
31,82
95,22
75,23
4,93
18,49
12,2
33,72
69,58
45,88
60,52
66,49
65,3
99,9
33,93
67,2
97,32
97,64
76,97
18,95
84,92
8,65
92,22
31,93
55,52
39,59
30,18
68,71
42,56
20,99
44,29
94,50
93,94
36,20
86,20
3,45
72,49
0,44
6,27
0,12
43,26
83,65
72,58
68,2
62,94
15,87
100,56
47,19
21,13
91,3
61,63

Distanze
"0,0 : 0.0"
"0,1 : 87.73"
"0,2 : 73.6"
"0,3 : 29.15"
"0,4 : 35.47"
"0,5 : 82.23"
"0,6 : 10.2"
"0,7 : 44.94"
"0,8 : 15.23"
"0,9 : 41.73"
"0,10 : 48.1"
"0,11 : 86.01"
"0,12 : 99.76"
"0,13 : 11.18"
"0,14 : 87.73"
"0,15 : 82.8"
"0,16 : 68.41"
"0,17 : 47.43"
"0,18 : 18.38"
"0,19 : 53.94"
"0,20 : 28.6"
"0,21 : 85.56"
"0,22 : 11.0"
"0,23 : 38.42"
"0,24 : 24.35"
"0,25 : 64.01"
"0,26 : 38.6"
"0,27 : 28.23"
"0,28 : 20.25"
"0,29 : 54.57"
"0,30 : 70.66"
"0,31 : 63.15"
"0,32 : 62.2"
"0,33 : 82.88"
"0,34 : 46.4"
"0,35 : 52.63"
"0,36 : 49.04"
"0,37 : 60.42"
"0,38 : 76.56"
"0,39 : 57.27"
"0,40 : 54.71"
"0,41 : 47.51"
"0,42 : 88.14"
"0,43 : 33.24"
"0,44 : 16.76"
"0,45 : 73.74"
"0,46 : 65.0"
"0,47 : 69.72"
"0,48 : 99.2"
"0,49 : 35.51"
"1,0 : 87.73"
"1,1 : 0.0"
"1,2 : 20.02"
"1,3 : 115.42"
"1,4 : 81.6"
"1,5 : 85.38"
"1,6 : 79.65"
"1,7 : 44.41"
"1,8 : 82.8"
"1,9 : 46.1"
"1,10 : 39.62"
"1,11 : 35.51"
"1,12 : 13.6"
"1,13 : 94.26"
"1,14 : 34.41"
"1,15 : 10.2"
"1,16 : 42.05"
"1,17 : 77.37"
"1,18 : 106.1"
"1,19 : 70.86"
"1,20 : 97.05"
"1,21 : 3.0"
"1,22 : 95.59"
"1,23 : 50.0"
"1,24 : 67.12"
"1,25 : 65.12"
"1,26 : 55.95"
"1,27 : 62.97"
"1,28 : 107.49"
"1,29 : 51.48"
"1,30 : 28.02"
"1,31 : 72.03"
"1,32 : 59.03"
"1,33 : 9.22"
"1,34 : 94.83"
"1,35 : 35.47"
"1,36 : 97.51"
"1,37 : 89.14"
"1,38 : 95.52"
"1,39 : 52.15"
"1,40 : 44.64"
"1,41 : 42.72"
"1,42 : 33.6"
"1,43 : 79.2"
"1,44 : 103.08"
"1,45 : 34.37"
"1,46 : 48.09"
"1,47 : 74.55"
"1,48 : 19.42"
"1,49 : 53.26"
"2,0 : 73.6"
"2,1 : 20.02"
"2,2 : 0.0"
"2,3 : 99.7"
"2,4 : 62.65"
"2,5 : 66.41"
"2,6 : 64.54"
"2,7 : 35.51"
"2,8 : 71.59"
"2,9 : 32.65"
"2,10 : 27.51"
"2,11 : 22.36"
"2,12 : 27.78"
"2,13 : 81.63"
"2,14 : 22.47"
"2,15 : 23.77"
"2,16 : 46.53"
"2,17 : 74.01"
"2,18 : 91.83"
"2,19 : 69.58"
"2,20 : 79.08"
"2,21 : 17.03"
"2,22 : 82.68"
"2,23 : 35.23"
"2,24 : 50.91"
"2,25 : 45.28"
"2,26 : 48.51"
"2,27 : 46.67"
"2,28 : 93.81"
"2,29 : 31.58"
"2,30 : 33.02"
"2,31 : 73.25"
"2,32 : 39.12"
"2,33 : 11.4"
"2,34 : 75.29"
"2,35 : 26.17"
"2,36 : 77.88"
"2,37 : 69.12"
"2,38 : 75.8"
"2,39 : 32.14"
"2,40 : 42.76"
"2,41 : 35.13"
"2,42 : 22.14"
"2,43 : 72.18"
"2,44 : 87.73"
"2,45 : 41.4"
"2,46 : 28.28"
"2,47 : 54.92"
"2,48 : 25.61"
"2,49 : 42.38"
"3,0 : 29.15"
"3,1 : 115.42"
"3,2 : 99.7"
"3,3 : 0.0"
"3,4 : 46.17"
"3,5 : 91.35"
"3,6 : 35.81"
"3,7 : 73.82"
"3,8 : 41.3"
"3,9 : 69.4"
"3,10 : 76.03"
"3,11 : 108.72"
"3,12 : 126.81"
"3,13 : 29.0"
"3,14 : 110.68"
"3,15 : 111.22"
"3,16 : 97.42"
"3,17 : 72.11"
"3,18 : 14.14"
"3,19 : 80.01"
"3,20 : 28.28"
"3,21 : 113.07"
"3,22 : 27.0"
"3,23 : 65.44"
"3,24 : 48.8"
"3,25 : 79.38"
"3,26 : 67.68"
"3,27 : 53.04"
"3,28 : 17.09"
"3,29 : 75.47"
"3,30 : 99.74"
"3,31 : 89.01"
"3,32 : 79.71"
"3,33 : 109.79"
"3,34 : 48.01"
"3,35 : 80.99"
"3,36 : 49.16"
"3,37 : 66.03"
"3,38 : 81.1"
"3,39 : 77.52"
"3,40 : 83.82"
"3,41 : 76.48"
"3,42 : 111.25"
"3,43 : 58.01"
"3,44 : 12.53"
"3,45 : 102.88"
"3,46 : 85.59"
"3,47 : 81.79"
"3,48 : 125.18"
"3,49 : 64.41"
"4,0 : 35.47"
"4,1 : 81.6"
"4,2 : 62.65"
"4,3 : 46.17"
"4,4 : 0.0"
"4,5 : 47.38"
"4,6 : 27.46"
"4,7 : 51.79"
"4,8 : 47.43"
"4,9 : 42.11"
"4,10 : 48.0"
"4,11 : 65.76"
"4,12 : 90.34"
"4,13 : 46.49"
"4,14 : 67.9"
"4,15 : 80.81"
"4,16 : 80.41"
"4,17 : 75.29"
"4,18 : 46.0"
"4,19 : 78.77"
"4,20 : 18.87"
"4,21 : 78.77"
"4,22 : 45.88"
"4,23 : 37.12"
"4,24 : 23.26"
"4,25 : 33.24"
"4,26 : 54.63"
"4,27 : 25.0"
"4,28 : 50.04"
"4,29 : 32.8"
"4,30 : 76.01"
"4,31 : 87.46"
"4,32 : 34.13"
"4,33 : 73.93"
"4,34 : 15.52"
"4,35 : 54.0"
"4,36 : 18.68"
"4,37 : 25.06"
"4,38 : 41.15"
"4,39 : 33.97"
"4,40 : 66.94"
"4,41 : 54.74"
"4,42 : 68.62"
"4,43 : 62.94"
"4,44 : 38.12"
"4,45 : 82.3"
"4,46 : 41.73"
"4,47 : 36.12"
"4,48 : 86.28"
"4,49 : 45.22"
"5,0 : 82.23"
"5,1 : 85.38"
"5,2 : 66.41"
"5,3 : 91.35"
"5,4 : 47.38"
"5,5 : 0.0"
"5,6 : 73.08"
"5,7 : 79.91"
"5,8 : 92.11"
"5,9 : 69.31"
"5,10 : 71.59"
"5,11 : 53.01"
"5,12 : 87.28"
"5,13 : 93.39"
"5,14 : 55.0"
"5,15 : 90.14"
"5,16 : 105.21"
"5,17 : 114.55"
"5,18 : 93.19"
"5,19 : 115.26"
"5,20 : 63.13"
"5,21 : 82.46"
"5,22 : 92.96"
"5,23 : 65.95"
"5,24 : 63.07"
"5,25 : 24.08"
"5,26 : 88.87"
"5,27 : 61.77"
"5,28 : 97.33"
"5,29 : 41.87"
"5,30 : 95.02"
"5,31 : 122.58"
"5,32 : 30.0"
"5,33 : 76.16"
"5,34 : 43.93"
"5,35 : 76.22"
"5,36 : 43.68"
"5,37 : 25.71"
"5,38 : 15.62"
"5,39 : 39.2"
"5,40 : 94.92"
"5,41 : 82.07"
"5,42 : 56.0"
"5,43 : 104.71"
"5,44 : 85.05"
"5,45 : 103.25"
"5,46 : 38.91"
"5,47 : 14.21"
"5,48 : 79.01"
"5,49 : 78.24"
"6,0 : 10.2"
"6,1 : 79.65"
"6,2 : 64.54"
"6,3 : 35.81"
"6,4 : 27.46"
"6,5 : 73.08"
"6,6 : 0.0"
"6,7 : 38.63"
"6,8 : 20.0"
"6,9 : 33.6"
"6,10 : 40.22"
"6,11 : 76.06"
"6,12 : 91.24"
"6,13 : 21.0"
"6,14 : 77.82"
"6,15 : 75.47"
"6,16 : 64.5"
"6,17 : 49.74"
"6,18 : 27.46"
"6,19 : 54.78"
"6,20 : 25.96"
"6,21 : 77.34"
"6,22 : 21.1"
"6,23 : 29.73"
"6,24 : 14.32"
"6,25 : 54.08"
"6,26 : 35.01"
"6,27 : 18.36"
"6,28 : 29.97"
"6,29 : 44.38"
"6,30 : 64.85"
"6,31 : 63.91"
"6,32 : 52.09"
"6,33 : 74.25"
"6,34 : 40.36"
"6,35 : 45.28"
"6,36 : 43.28"
"6,37 : 52.48"
"6,38 : 68.48"
"6,39 : 47.07"
"6,40 : 50.49"
"6,41 : 41.44"
"6,42 : 78.26"
"6,43 : 36.4"
"6,44 : 23.43"
"6,45 : 68.88"
"6,46 : 54.82"
"6,47 : 60.21"
"6,48 : 90.14"
"6,49 : 29.41"
"7,0 : 44.94"
"7,1 : 44.41"
"7,2 : 35.51"
"7,3 : 73.82"
"7,4 : 51.79"
"7,5 : 79.91"
"7,6 : 38.63"
"7,7 : 0.0"
"7,8 : 38.42"
"7,9 : 10.82"
"7,10 : 9.49"
"7,11 : 55.15"
"7,12 : 57.45"
"7,13 : 50.21"
"7,14 : 56.04"
"7,15 : 38.21"
"7,16 : 28.64"
"7,17 : 39.62"
"7,18 : 63.01"
"7,19 : 37.16"
"7,20 : 61.4"
"7,21 : 42.72"
"7,22 : 51.66"
"7,23 : 15.23"
"7,24 : 30.02"
"7,25 : 55.87"
"7,26 : 13.04"
"7,27 : 27.07"
"7,28 : 63.89"
"7,29 : 38.29"
"7,30 : 26.25"
"7,31 : 43.27"
"7,32 : 50.33"
"7,33 : 41.63"
"7,34 : 67.27"
"7,35 : 9.49"
"7,36 : 70.41"
"7,37 : 70.21"
"7,38 : 82.93"
"7,39 : 41.23"
"7,40 : 15.65"
"7,41 : 3.0"
"7,42 : 56.01"
"7,43 : 36.67"
"7,44 : 61.29"
"7,45 : 31.06"
"7,46 : 44.78"
"7,47 : 65.8"
"7,48 : 59.24"
"7,49 : 9.43"
"8,0 : 15.23"
"8,1 : 82.8"
"8,2 : 71.59"
"8,3 : 41.3"
"8,4 : 47.43"
"8,5 : 92.11"
"8,6 : 20.0"
"8,7 : 38.42"
"8,8 : 0.0"
"8,9 : 39.0"
"8,10 : 44.29"
"8,11 : 87.32"
"8,12 : 95.69"
"8,13 : 13.0"
"8,14 : 88.77"
"8,15 : 76.42"
"8,16 : 57.27"
"8,17 : 32.28"
"8,18 : 27.89"
"8,19 : 39.2"
"8,20 : 43.57"
"8,21 : 81.02"
"8,22 : 14.87"
"8,23 : 37.36"
"8,24 : 29.61"
"8,25 : 71.59"
"8,26 : 28.6"
"8,27 : 32.14"
"8,28 : 27.31"
"8,29 : 59.01"
"8,30 : 62.01"
"8,31 : 48.37"
"8,32 : 68.59"
"8,33 : 79.4"
"8,34 : 60.11"
"8,35 : 47.43"
"8,36 : 62.94"
"8,37 : 72.4"
"8,38 : 88.32"
"8,39 : 62.03"
"8,40 : 44.42"
"8,41 : 40.36"
"8,42 : 89.02"
"8,43 : 18.03"
"8,44 : 30.02"
"8,45 : 63.63"
"8,46 : 69.03"
"8,47 : 78.75"
"8,48 : 96.65"
"8,49 : 29.68"
"9,0 : 41.73"
"9,1 : 46.1"
"9,2 : 32.65"
"9,3 : 69.4"
"9,4 : 42.11"
"9,5 : 69.31"
"9,6 : 33.6"
"9,7 : 10.82"
"9,8 : 39.0"
"9,9 : 0.0"
"9,10 : 6.71"
"9,11 : 49.25"
"9,12 : 58.05"
"9,13 : 49.09"
"9,14 : 50.49"
"9,15 : 42.06"
"9,16 : 38.9"
"9,17 : 47.76"
"9,18 : 60.11"
"9,19 : 46.65"
"9,20 : 53.6"
"9,21 : 43.86"
"9,22 : 50.22"
"9,23 : 5.0"
"9,24 : 22.14"
"9,25 : 45.34"
"9,26 : 20.62"
"9,27 : 18.44"
"9,28 : 61.72"
"9,29 : 28.02"
"9,30 : 34.06"
"9,31 : 53.41"
"9,32 : 40.0"
"9,33 : 41.23"
"9,34 : 57.43"
"9,35 : 12.37"
"9,36 : 60.53"
"9,37 : 59.51"
"9,38 : 72.11"
"9,39 : 31.06"
"9,40 : 26.42"
"9,41 : 13.42"
"9,42 : 50.64"
"9,43 : 42.05"
"9,44 : 57.01"
"9,45 : 40.2"
"9,46 : 35.47"
"9,47 : 55.15"
"9,48 : 57.98"
"9,49 : 11.05"
"10,0 : 48.1"
"10,1 : 39.62"
"10,2 : 27.51"
"10,3 : 76.03"
"10,4 : 48.0"
"10,5 : 71.59"
"10,6 : 40.22"
"10,7 : 9.49"
"10,8 : 44.29"
"10,9 : 6.71"
"10,10 : 0.0"
"10,11 : 46.01"
"10,12 : 51.86"
"10,13 : 55.0"
"10,14 : 47.01"
"10,15 : 35.36"
"10,16 : 34.44"
"10,17 : 49.03"
"10,18 : 66.48"
"10,19 : 46.62"
"10,20 : 60.17"
"10,21 : 37.48"
"10,22 : 56.22"
"10,23 : 11.4"
"10,24 : 28.79"
"10,25 : 47.51"
"10,26 : 22.09"
"10,27 : 25.0"
"10,28 : 67.94"
"10,29 : 29.73"
"10,30 : 28.02"
"10,31 : 52.48"
"10,32 : 41.73"
"10,33 : 35.23"
"10,34 : 63.13"
"10,35 : 6.0"
"10,36 : 66.19"
"10,37 : 63.91"
"10,38 : 75.66"
"10,39 : 32.53"
"10,40 : 23.35"
"10,41 : 10.82"
"10,42 : 47.04"
"10,43 : 45.18"
"10,44 : 63.6"
"10,45 : 34.71"
"10,46 : 35.51"
"10,47 : 57.63"
"10,48 : 52.35"
"10,49 : 14.87"
"11,0 : 86.01"
"11,1 : 35.51"
"11,2 : 22.36"
"11,3 : 108.72"
"11,4 : 65.76"
"11,5 : 53.01"
"11,6 : 76.06"
"11,7 : 55.15"
"11,8 : 87.32"
"11,9 : 49.25"
"11,10 : 46.01"
"11,11 : 0.0"
"11,12 : 34.53"
"11,13 : 95.52"
"11,14 : 2.24"
"11,15 : 43.19"
"11,16 : 68.88"
"11,17 : 94.64"
"11,18 : 103.31"
"11,19 : 91.01"
"11,20 : 84.22"
"11,21 : 33.02"
"11,22 : 96.21"
"11,23 : 50.01"
"11,24 : 61.74"
"11,25 : 38.08"
"11,26 : 68.07"
"11,27 : 57.78"
"11,28 : 106.02"
"11,29 : 33.42"
"11,30 : 55.23"
"11,31 : 95.21"
"11,32 : 33.62"
"11,33 : 27.02"
"11,34 : 74.89"
"11,35 : 46.53"
"11,36 : 76.85"
"11,37 : 63.69"
"11,38 : 65.62"
"11,39 : 31.83"
"11,40 : 64.56"
"11,41 : 55.44"
"11,42 : 3.16"
"11,43 : 91.05"
"11,44 : 97.75"
"11,45 : 63.51"
"11,46 : 24.08"
"11,47 : 45.12"
"11,48 : 26.0"
"11,49 : 60.13"
"12,0 : 99.76"
"12,1 : 13.6"
"12,2 : 27.78"
"12,3 : 126.81"
"12,4 : 90.34"
"12,5 : 87.28"
"12,6 : 91.24"
"12,7 : 57.45"
"12,8 : 95.69"
"12,9 : 58.05"
"12,10 : 51.86"
"12,11 : 34.53"
"12,12 : 0.0"
"12,13 : 106.83"
"12,14 : 32.76"
"12,15 : 23.09"
"12,16 : 55.04"
"12,17 : 90.96"
"12,18 : 118.14"
"12,19 : 84.34"
"12,20 : 106.85"
"12,21 : 14.76"
"12,22 : 108.07"
"12,23 : 61.52"
"12,24 : 78.1"
"12,25 : 69.58"
"12,26 : 69.32"
"12,27 : 73.88"
"12,28 : 119.75"
"12,29 : 58.52"
"12,30 : 41.3"
"12,31 : 85.21"
"12,32 : 63.95"
"12,33 : 17.03"
"12,34 : 102.53"
"12,35 : 48.26"
"12,36 : 105.0"
"12,37 : 94.73"
"12,38 : 99.05"
"12,39 : 58.52"
"12,40 : 58.24"
"12,41 : 55.95"
"12,42 : 31.78"
"12,43 : 92.7"
"12,44 : 114.63"
"12,45 : 47.01"
"12,46 : 52.95"
"12,47 : 78.1"
"12,48 : 10.0"
"12,49 : 66.03"
"13,0 : 11.18"
"13,1 : 94.26"
"13,2 : 81.63"
"13,3 : 29.0"
"13,4 : 46.49"
"13,5 : 93.39"
"13,6 : 21.0"
"13,7 : 50.21"
"13,8 : 13.0"
"13,9 : 49.09"
"13,10 : 55.0"
"13,11 : 95.52"
"13,12 : 106.83"
"13,13 : 0.0"
"13,14 : 97.14"
"13,15 : 88.41"
"13,16 : 70.26"
"13,17 : 43.19"
"13,18 : 15.13"
"13,19 : 51.01"
"13,20 : 37.54"
"13,21 : 92.31"
"13,22 : 2.0"
"13,23 : 46.53"
"13,24 : 34.53"
"13,25 : 75.06"
"13,26 : 41.34"
"13,27 : 38.08"
"13,28 : 14.32"
"13,29 : 64.94"
"13,30 : 74.63"
"13,31 : 60.01"
"13,32 : 73.06"
"13,33 : 90.21"
"13,34 : 56.6"
"13,35 : 58.8"
"13,36 : 59.08"
"13,37 : 71.31"
"13,38 : 87.46"
"13,39 : 67.74"
"13,40 : 57.31"
"13,41 : 52.4"
"13,42 : 97.5"
"13,43 : 29.02"
"13,44 : 18.97"
"13,45 : 76.54"
"13,46 : 75.31"
"13,47 : 80.89"
"13,48 : 107.07"
"13,49 : 41.04"
"14,0 : 87.73"
"14,1 : 34.41"
"14,2 : 22.47"
"14,3 : 110.68"
"14,4 : 67.9"
"14,5 : 55.0"
"14,6 : 77.82"
"14,7 : 56.04"
"14,8 : 88.77"
"14,9 : 50.49"
"14,10 : 47.01"
"14,11 : 2.24"
"14,12 : 32.76"
"14,13 : 97.14"
"14,14 : 0.0"
"14,15 : 42.43"
"14,16 : 68.88"
"14,17 : 95.43"
"14,18 : 105.12"
"14,19 : 91.59"
"14,20 : 86.31"
"14,21 : 32.02"
"14,22 : 97.86"
"14,23 : 51.42"
"14,24 : 63.51"
"14,25 : 40.31"
"14,26 : 69.01"
"14,27 : 59.51"
"14,28 : 107.79"
"14,29 : 35.47"
"14,30 : 55.07"
"14,31 : 95.6"
"14,32 : 35.85"
"14,33 : 26.17"
"14,34 : 77.1"
"14,35 : 47.27"
"14,36 : 79.08"
"14,37 : 65.92"
"14,38 : 67.74"
"14,39 : 33.94"
"14,40 : 65.0"
"14,41 : 56.22"
"14,42 : 1.0"
"14,43 : 92.14"
"14,44 : 99.64"
"14,45 : 63.29"
"14,46 : 26.25"
"14,47 : 47.3"
"14,48 : 24.02"
"14,49 : 61.29"
"15,0 : 82.8"
"15,1 : 10.2"
"15,2 : 23.77"
"15,3 : 111.22"
"15,4 : 80.81"
"15,5 : 90.14"
"15,6 : 75.47"
"15,7 : 38.21"
"15,8 : 76.42"
"15,9 : 42.06"
"15,10 : 35.36"
"15,11 : 43.19"
"15,12 : 23.09"
"15,13 : 88.41"
"15,14 : 42.43"
"15,15 : 0.0"
"15,16 : 32.0"
"15,17 : 68.31"
"15,18 : 101.04"
"15,19 : 61.39"
"15,20 : 94.92"
"15,21 : 11.18"
"15,22 : 89.87"
"15,23 : 46.52"
"15,24 : 63.98"
"15,25 : 68.45"
"15,26 : 48.6"
"15,27 : 60.01"
"15,28 : 102.07"
"15,29 : 53.08"
"15,30 : 18.25"
"15,31 : 62.13"
"15,32 : 62.17"
"15,33 : 16.28"
"15,34 : 94.89"
"15,35 : 30.23"
"15,36 : 97.74"
"15,37 : 91.14"
"15,38 : 99.04"
"15,39 : 54.33"
"15,40 : 35.85"
"15,41 : 36.07"
"15,42 : 41.73"
"15,43 : 71.2"
"15,44 : 98.74"
"15,45 : 24.19"
"15,46 : 51.66"
"15,47 : 78.34"
"15,48 : 29.61"
"15,49 : 47.51"
"16,0 : 68.41"
"16,1 : 42.05"
"16,2 : 46.53"
"16,3 : 97.42"
"16,4 : 80.41"
"16,5 : 105.21"
"16,6 : 64.5"
"16,7 : 28.64"
"16,8 : 57.27"
"16,9 : 38.9"
"16,10 : 34.44"
"16,11 : 68.88"
"16,12 : 55.04"
"16,13 : 70.26"
"16,14 : 68.88"
"16,15 : 32.0"
"16,16 : 0.0"
"16,17 : 39.12"
"16,18 : 84.86"
"16,19 : 30.87"
"16,20 : 89.01"
"16,21 : 42.3"
"16,22 : 72.09"
"16,23 : 43.68"
"16,24 : 58.22"
"16,25 : 81.27"
"16,26 : 29.83"
"16,27 : 55.58"
"16,28 : 84.58"
"16,29 : 63.51"
"16,30 : 14.32"
"16,31 : 30.27"
"16,32 : 75.21"
"16,33 : 45.35"
"16,34 : 95.9"
"16,35 : 29.15"
"16,36 : 99.04"
"16,37 : 98.23"
"16,38 : 110.06"
"16,39 : 66.03"
"16,40 : 14.04"
"16,41 : 25.71"
"16,42 : 68.45"
"16,43 : 46.1"
"16,44 : 85.16"
"16,45 : 8.54"
"16,46 : 67.27"
"16,47 : 91.53"
"16,48 : 61.29"
"16,49 : 36.01"
"17,0 : 47.43"
"17,1 : 77.37"
"17,2 : 74.01"
"17,3 : 72.11"
"17,4 : 75.29"
"17,5 : 114.55"
"17,6 : 49.74"
"17,7 : 39.62"
"17,8 : 32.28"
"17,9 : 47.76"
"17,10 : 49.03"
"17,11 : 94.64"
"17,12 : 90.96"
"17,13 : 43.19"
"17,14 : 95.43"
"17,15 : 68.31"
"17,16 : 39.12"
"17,17 : 0.0"
"17,18 : 58.03"
"17,19 : 9.43"
"17,20 : 75.15"
"17,21 : 76.69"
"17,22 : 45.18"
"17,23 : 49.66"
"17,24 : 53.04"
"17,25 : 91.42"
"17,26 : 27.2"
"17,27 : 53.26"
"17,28 : 56.04"
"17,29 : 75.15"
"17,30 : 50.33"
"17,31 : 17.26"
"17,32 : 86.77"
"17,33 : 77.65"
"17,34 : 89.63"
"17,35 : 48.17"
"17,36 : 92.66"
"17,37 : 98.99"
"17,38 : 114.02"
"17,39 : 78.29"
"17,40 : 32.76"
"17,41 : 39.2"
"17,42 : 95.34"
"17,43 : 14.32"
"17,44 : 61.81"
"17,45 : 47.51"
"17,46 : 83.22"
"17,47 : 100.4"
"17,48 : 95.19"
"17,49 : 37.16"
"18,0 : 18.38"
"18,1 : 106.1"
"18,2 : 91.83"
"18,3 : 14.14"
"18,4 : 46.0"
"18,5 : 93.19"
"18,6 : 27.46"
"18,7 : 63.01"
"18,8 : 27.89"
"18,9 : 60.11"
"18,10 : 66.48"
"18,11 : 103.31"
"18,12 : 118.14"
"18,13 : 15.13"
"18,14 : 105.12"
"18,15 : 101.04"
"18,16 : 84.86"
"18,17 : 58.03"
"18,18 : 0.0"
"18,19 : 66.07"
"18,20 : 31.62"
"18,21 : 103.95"
"18,22 : 13.15"
"18,23 : 56.73"
"18,24 : 41.68"
"18,25 : 77.93"
"18,26 : 55.46"
"18,27 : 45.79"
"18,28 : 4.47"
"18,29 : 70.94"
"18,30 : 88.32"
"18,31 : 75.01"
"18,32 : 77.13"
"18,33 : 101.24"
"18,34 : 52.2"
"18,35 : 70.94"
"18,36 : 54.08"
"18,37 : 69.05"
"18,38 : 84.93"
"18,39 : 73.39"
"18,40 : 71.59"
"18,41 : 65.46"
"18,42 : 105.59"
"18,43 : 44.01"
"18,44 : 8.54"
"18,45 : 90.8"
"18,46 : 81.34"
"18,47 : 82.05"
"18,48 : 117.44"
"18,49 : 53.6"
"19,0 : 53.94"
"19,1 : 70.86"
"19,2 : 69.58"
"19,3 : 80.01"
"19,4 : 78.77"
"19,5 : 115.26"
"19,6 : 54.78"
"19,7 : 37.16"
"19,8 : 39.2"
"19,9 : 46.65"
"19,10 : 46.62"
"19,11 : 91.01"
"19,12 : 84.34"
"19,13 : 51.01"
"19,14 : 91.59"
"19,15 : 61.39"
"19,16 : 30.87"
"19,17 : 9.43"
"19,18 : 66.07"
"19,19 : 0.0"
"19,20 : 80.65"
"19,21 : 70.46"
"19,22 : 53.01"
"19,23 : 49.41"
"19,24 : 55.8"
"19,25 : 91.61"
"19,26 : 26.4"
"19,27 : 55.32"
"19,28 : 64.38"
"19,29 : 74.63"
"19,30 : 43.17"
"19,31 : 9.22"
"19,32 : 86.53"
"19,33 : 72.03"
"19,34 : 93.65"
"19,35 : 44.64"
"19,36 : 96.75"
"19,37 : 101.53"
"19,38 : 116.0"
"19,39 : 77.7"
"19,40 : 27.02"
"19,41 : 36.06"
"19,42 : 91.41"
"19,43 : 22.09"
"19,44 : 69.18"
"19,45 : 39.4"
"19,46 : 81.84"
"19,47 : 101.04"
"19,48 : 89.27"
"19,49 : 37.01"
"20,0 : 28.6"
"20,1 : 97.05"
"20,2 : 79.08"
"20,3 : 28.28"
"20,4 : 18.87"
"20,5 : 63.13"
"20,6 : 25.96"
"20,7 : 61.4"
"20,8 : 43.57"
"20,9 : 53.6"
"20,10 : 60.17"
"20,11 : 84.22"
"20,12 : 106.85"
"20,13 : 37.54"
"20,14 : 86.31"
"20,15 : 94.92"
"20,16 : 89.01"
"20,17 : 75.15"
"20,18 : 31.62"
"20,19 : 80.65"
"20,20 : 0.0"
"20,21 : 94.37"
"20,22 : 36.24"
"20,23 : 48.76"
"20,24 : 31.58"
"20,25 : 51.89"
"20,26 : 60.3"
"20,27 : 35.17"
"20,28 : 36.06"
"20,29 : 50.91"
"20,30 : 87.3"
"20,31 : 89.81"
"20,32 : 53.0"
"20,33 : 90.05"
"20,34 : 20.62"
"20,35 : 65.97"
"20,36 : 22.47"
"20,37 : 38.05"
"20,38 : 53.6"
"20,39 : 52.4"
"20,40 : 75.0"
"20,41 : 64.38"
"20,42 : 87.0"
"20,43 : 61.29"
"20,44 : 23.09"
"20,45 : 92.44"
"20,46 : 60.31"
"20,47 : 53.6"
"20,48 : 103.6"
"20,49 : 53.04"
"21,0 : 85.56"
"21,1 : 3.0"
"21,2 : 17.03"
"21,3 : 113.07"
"21,4 : 78.77"
"21,5 : 82.46"
"21,6 : 77.34"
"21,7 : 42.72"
"21,8 : 81.02"
"21,9 : 43.86"
"21,10 : 37.48"
"21,11 : 33.02"
"21,12 : 14.76"
"21,13 : 92.31"
"21,14 : 32.02"
"21,15 : 11.18"
"21,16 : 42.3"
"21,17 : 76.69"
"21,18 : 103.95"
"21,19 : 70.46"
"21,20 : 94.37"
"21,21 : 0.0"
"21,22 : 93.61"
"21,23 : 47.63"
"21,24 : 64.64"
"21,25 : 62.13"
"21,26 : 54.56"
"21,27 : 60.46"
"21,28 : 105.42"
"21,29 : 48.51"
"21,30 : 28.07"
"21,31 : 72.01"
"21,32 : 56.04"
"21,33 : 6.32"
"21,34 : 91.92"
"21,35 : 33.6"
"21,36 : 94.59"
"21,37 : 86.15"
"21,38 : 92.54"
"21,39 : 49.16"
"21,40 : 43.93"
"21,41 : 41.18"
"21,42 : 31.24"
"21,43 : 78.0"
"21,44 : 100.77"
"21,45 : 34.93"
"21,46 : 45.1"
"21,47 : 71.57"
"21,48 : 19.03"
"21,49 : 51.4"
"22,0 : 11.0"
"22,1 : 95.59"
"22,2 : 82.68"
"22,3 : 27.0"
"22,4 : 45.88"
"22,5 : 92.96"
"22,6 : 21.1"
"22,7 : 51.66"
"22,8 : 14.87"
"22,9 : 50.22"
"22,10 : 56.22"
"22,11 : 96.21"
"22,12 : 108.07"
"22,13 : 2.0"
"22,14 : 97.86"
"22,15 : 89.87"
"22,16 : 72.09"
"22,17 : 45.18"
"22,18 : 13.15"
"22,19 : 53.01"
"22,20 : 36.24"
"22,21 : 93.61"
"22,22 : 0.0"
"22,23 : 47.51"
"22,24 : 34.93"
"22,25 : 75.01"
"22,26 : 43.05"
"22,27 : 38.6"
"22,28 : 12.53"
"22,29 : 65.31"
"22,30 : 76.28"
"22,31 : 62.01"
"22,32 : 73.17"
"22,33 : 91.4"
"22,34 : 55.57"
"22,35 : 60.14"
"22,36 : 57.98"
"22,37 : 70.58"
"22,38 : 86.73"
"22,39 : 68.07"
"22,40 : 59.06"
"22,41 : 53.91"
"22,42 : 98.23"
"22,43 : 31.02"
"22,44 : 17.09"
"22,45 : 78.29"
"22,46 : 75.71"
"22,47 : 80.62"
"22,48 : 108.17"
"22,49 : 42.43"
"23,0 : 38.42"
"23,1 : 50.0"
"23,2 : 35.23"
"23,3 : 65.44"
"23,4 : 37.12"
"23,5 : 65.95"
"23,6 : 29.73"
"23,7 : 15.23"
"23,8 : 37.36"
"23,9 : 5.0"
"23,10 : 11.4"
"23,11 : 50.01"
"23,12 : 61.52"
"23,13 : 46.53"
"23,14 : 51.42"
"23,15 : 46.52"
"23,16 : 43.68"
"23,17 : 49.66"
"23,18 : 56.73"
"23,19 : 49.41"
"23,20 : 48.76"
"23,21 : 47.63"
"23,22 : 47.51"
"23,23 : 0.0"
"23,24 : 17.46"
"23,25 : 42.2"
"23,26 : 23.02"
"23,27 : 13.6"
"23,28 : 58.6"
"23,29 : 25.5"
"23,30 : 39.05"
"23,31 : 56.64"
"23,32 : 37.22"
"23,33 : 44.55"
"23,34 : 52.47"
"23,35 : 17.26"
"23,36 : 55.58"
"23,37 : 55.01"
"23,38 : 68.01"
"23,39 : 28.64"
"23,40 : 30.87"
"23,41 : 18.03"
"23,42 : 51.66"
"23,43 : 42.58"
"23,44 : 53.15"
"23,45 : 45.18"
"23,46 : 33.96"
"23,47 : 51.74"
"23,48 : 60.8"
"23,49 : 12.53"
"24,0 : 24.35"
"24,1 : 67.12"
"24,2 : 50.91"
"24,3 : 48.8"
"24,4 : 23.26"
"24,5 : 63.07"
"24,6 : 14.32"
"24,7 : 30.02"
"24,8 : 29.61"
"24,9 : 22.14"
"24,10 : 28.79"
"24,11 : 61.74"
"24,12 : 78.1"
"24,13 : 34.53"
"24,14 : 63.51"
"24,15 : 63.98"
"24,16 : 58.22"
"24,17 : 53.04"
"24,18 : 41.68"
"24,19 : 55.8"
"24,20 : 31.58"
"24,21 : 64.64"
"24,22 : 34.93"
"24,23 : 17.46"
"24,24 : 0.0"
"24,25 : 41.98"
"24,26 : 31.38"
"24,27 : 4.24"
"24,28 : 44.28"
"24,29 : 30.41"
"24,30 : 55.73"
"24,31 : 64.35"
"24,32 : 39.12"
"24,33 : 61.07"
"24,34 : 38.63"
"24,35 : 34.48"
"24,36 : 41.79"
"24,37 : 45.97"
"24,38 : 61.07"
"24,39 : 33.24"
"24,40 : 44.41"
"24,41 : 33.02"
"24,42 : 63.95"
"24,43 : 41.88"
"24,44 : 36.88"
"24,45 : 61.07"
"24,46 : 40.79"
"24,47 : 49.4"
"24,48 : 76.42"
"24,49 : 22.36"
"25,0 : 64.01"
"25,1 : 65.12"
"25,2 : 45.28"
"25,3 : 79.38"
"25,4 : 33.24"
"25,5 : 24.08"
"25,6 : 54.08"
"25,7 : 55.87"
"25,8 : 71.59"
"25,9 : 45.34"
"25,10 : 47.51"
"25,11 : 38.08"
"25,12 : 69.58"
"25,13 : 75.06"
"25,14 : 40.31"
"25,15 : 68.45"
"25,16 : 81.27"
"25,17 : 91.42"
"25,18 : 77.93"
"25,19 : 91.61"
"25,20 : 51.89"
"25,21 : 62.13"
"25,22 : 75.01"
"25,23 : 42.2"
"25,24 : 41.98"
"25,25 : 0.0"
"25,26 : 65.22"
"25,27 : 39.85"
"25,28 : 81.61"
"25,29 : 17.8"
"25,30 : 71.55"
"25,31 : 98.72"
"25,32 : 6.32"
"25,33 : 56.04"
"25,34 : 38.18"
"25,35 : 52.2"
"25,36 : 39.7"
"25,37 : 25.63"
"25,38 : 30.59"
"25,39 : 15.26"
"25,40 : 70.84"
"25,41 : 58.0"
"25,42 : 41.23"
"25,43 : 82.46"
"25,44 : 70.61"
"25,45 : 79.65"
"25,46 : 17.03"
"25,47 : 10.3"
"25,48 : 62.82"
"25,49 : 54.64"
"26,0 : 38.6"
"26,1 : 55.95"
"26,2 : 48.51"
"26,3 : 67.68"
"26,4 : 54.63"
"26,5 : 88.87"
"26,6 : 35.01"
"26,7 : 13.04"
"26,8 : 28.6"
"26,9 : 20.62"
"26,10 : 22.09"
"26,11 : 68.07"
"26,12 : 69.32"
"26,13 : 41.34"
"26,14 : 69.01"
"26,15 : 48.6"
"26,16 : 29.83"
"26,17 : 27.2"
"26,18 : 55.46"
"26,19 : 26.4"
"26,20 : 60.3"
"26,21 : 54.56"
"26,22 : 43.05"
"26,23 : 23.02"
"26,24 : 31.38"
"26,25 : 65.22"
"26,26 : 0.0"
"26,27 : 30.02"
"26,28 : 55.57"
"26,29 : 48.37"
"26,30 : 33.42"
"26,31 : 33.97"
"26,32 : 60.21"
"26,33 : 54.08"
"26,34 : 70.01"
"26,35 : 22.36"
"26,36 : 73.16"
"26,37 : 76.03"
"26,38 : 90.03"
"26,39 : 51.48"
"26,40 : 16.16"
"26,41 : 13.6"
"26,42 : 69.0"
"26,43 : 23.77"
"26,44 : 55.36"
"26,45 : 35.34"
"26,46 : 56.08"
"26,47 : 74.65"
"26,48 : 71.78"
"26,49 : 10.63"
"27,0 : 28.23"
"27,1 : 62.97"
"27,2 : 46.67"
"27,3 : 53.04"
"27,4 : 25.0"
"27,5 : 61.77"
"27,6 : 18.36"
"27,7 : 27.07"
"27,8 : 32.14"
"27,9 : 18.44"
"27,10 : 25.0"
"27,11 : 57.78"
"27,12 : 73.88"
"27,13 : 38.08"
"27,14 : 59.51"
"27,15 : 60.01"
"27,16 : 55.58"
"27,17 : 53.26"
"27,18 : 45.79"
"27,19 : 55.32"
"27,20 : 35.17"
"27,21 : 60.46"
"27,22 : 38.6"
"27,23 : 13.6"
"27,24 : 4.24"
"27,25 : 39.85"
"27,26 : 30.02"
"27,27 : 0.0"
"27,28 : 48.3"
"27,29 : 27.07"
"27,30 : 52.35"
"27,31 : 63.6"
"27,32 : 36.5"
"27,33 : 56.85"
"27,34 : 40.52"
"27,35 : 30.81"
"27,36 : 43.68"
"27,37 : 46.23"
"27,38 : 60.83"
"27,39 : 30.02"
"27,40 : 41.98"
"27,41 : 30.07"
"27,42 : 59.93"
"27,43 : 42.94"
"27,44 : 41.11"
"27,45 : 58.0"
"27,46 : 37.34"
"27,47 : 47.85"
"27,48 : 72.18"
"27,49 : 20.25"
"28,0 : 20.25"
"28,1 : 107.49"
"28,2 : 93.81"
"28,3 : 17.09"
"28,4 : 50.04"
"28,5 : 97.33"
"28,6 : 29.97"
"28,7 : 63.89"
"28,8 : 27.31"
"28,9 : 61.72"
"28,10 : 67.94"
"28,11 : 106.02"
"28,12 : 119.75"
"28,13 : 14.32"
"28,14 : 107.79"
"28,15 : 102.07"
"28,16 : 84.58"
"28,17 : 56.04"
"28,18 : 4.47"
"28,19 : 64.38"
"28,20 : 36.06"
"28,21 : 105.42"
"28,22 : 12.53"
"28,23 : 58.6"
"28,24 : 44.28"
"28,25 : 81.61"
"28,26 : 55.57"
"28,27 : 48.3"
"28,28 : 0.0"
"28,29 : 74.0"
"28,30 : 88.75"
"28,31 : 73.17"
"28,32 : 80.6"
"28,33 : 102.94"
"28,34 : 56.61"
"28,35 : 72.14"
"28,36 : 58.52"
"28,37 : 73.35"
"28,38 : 89.27"
"28,39 : 76.54"
"28,40 : 71.59"
"28,41 : 66.22"
"28,42 : 108.23"
"28,43 : 42.3"
"28,44 : 13.0"
"28,45 : 90.82"
"28,46 : 84.43"
"28,47 : 86.01"
"28,48 : 119.4"
"28,49 : 54.56"
"29,0 : 54.57"
"29,1 : 51.48"
"29,2 : 31.58"
"29,3 : 75.47"
"29,4 : 32.8"
"29,5 : 41.87"
"29,6 : 44.38"
"29,7 : 38.29"
"29,8 : 59.01"
"29,9 : 28.02"
"29,10 : 29.73"
"29,11 : 33.42"
"29,12 : 58.52"
"29,13 : 64.94"
"29,14 : 35.47"
"29,15 : 53.08"
"29,16 : 63.51"
"29,17 : 75.15"
"29,18 : 70.94"
"29,19 : 74.63"
"29,20 : 50.91"
"29,21 : 48.51"
"29,22 : 65.31"
"29,23 : 25.5"
"29,24 : 30.41"
"29,25 : 17.8"
"29,26 : 48.37"
"29,27 : 27.07"
"29,28 : 74.0"
"29,29 : 0.0"
"29,30 : 54.23"
"29,31 : 81.4"
"29,32 : 12.04"
"29,33 : 42.95"
"29,34 : 44.01"
"29,35 : 34.41"
"29,36 : 46.49"
"29,37 : 38.05"
"29,38 : 47.17"
"29,39 : 3.16"
"29,40 : 53.08"
"29,41 : 40.31"
"29,42 : 36.12"
"29,43 : 67.45"
"29,44 : 64.85"
"29,45 : 62.17"
"29,46 : 10.44"
"29,47 : 28.02"
"29,48 : 53.71"
"29,49 : 38.01"
"30,0 : 70.66"
"30,1 : 28.02"
"30,2 : 33.02"
"30,3 : 99.74"
"30,4 : 76.01"
"30,5 : 95.02"
"30,6 : 64.85"
"30,7 : 26.25"
"30,8 : 62.01"
"30,9 : 34.06"
"30,10 : 28.02"
"30,11 : 55.23"
"30,12 : 41.3"
"30,13 : 74.63"
"30,14 : 55.07"
"30,15 : 18.25"
"30,16 : 14.32"
"30,17 : 50.33"
"30,18 : 88.32"
"30,19 : 43.17"
"30,20 : 87.3"
"30,21 : 28.07"
"30,22 : 76.28"
"30,23 : 39.05"
"30,24 : 55.73"
"30,25 : 71.55"
"30,26 : 33.42"
"30,27 : 52.35"
"30,28 : 88.75"
"30,29 : 54.23"
"30,30 : 0.0"
"30,31 : 44.01"
"30,32 : 65.3"
"30,33 : 31.05"
"30,34 : 91.14"
"30,35 : 22.02"
"30,36 : 94.19"
"30,37 : 90.96"
"30,38 : 101.39"
"30,39 : 56.36"
"30,40 : 18.6"
"30,41 : 23.41"
"30,42 : 54.59"
"30,43 : 54.41"
"30,44 : 87.24"
"30,45 : 8.49"
"30,46 : 56.3"
"30,47 : 81.84"
"30,48 : 47.1"
"30,49 : 35.47"
"31,0 : 63.15"
"31,1 : 72.03"
"31,2 : 73.25"
"31,3 : 89.01"
"31,4 : 87.46"
"31,5 : 122.58"
"31,6 : 63.91"
"31,7 : 43.27"
"31,8 : 48.37"
"31,9 : 53.41"
"31,10 : 52.48"
"31,11 : 95.21"
"31,12 : 85.21"
"31,13 : 60.01"
"31,14 : 95.6"
"31,15 : 62.13"
"31,16 : 30.27"
"31,17 : 17.26"
"31,18 : 75.01"
"31,19 : 9.22"
"31,20 : 89.81"
"31,21 : 72.01"
"31,22 : 62.01"
"31,23 : 56.64"
"31,24 : 64.35"
"31,25 : 98.72"
"31,26 : 33.97"
"31,27 : 63.6"
"31,28 : 73.17"
"31,29 : 81.4"
"31,30 : 44.01"
"31,31 : 0.0"
"31,32 : 93.41"
"31,33 : 74.33"
"31,34 : 102.47"
"31,35 : 49.66"
"31,36 : 105.59"
"31,37 : 109.81"
"31,38 : 123.99"
"31,39 : 84.4"
"31,40 : 30.68"
"31,41 : 41.68"
"31,42 : 95.34"
"31,43 : 31.0"
"31,44 : 78.31"
"31,45 : 38.64"
"31,46 : 87.98"
"31,47 : 108.37"
"31,48 : 91.02"
"31,49 : 44.55"
"32,0 : 62.2"
"32,1 : 59.03"
"32,2 : 39.12"
"32,3 : 79.71"
"32,4 : 34.13"
"32,5 : 30.0"
"32,6 : 52.09"
"32,7 : 50.33"
"32,8 : 68.59"
"32,9 : 40.0"
"32,10 : 41.73"
"32,11 : 33.62"
"32,12 : 63.95"
"32,13 : 73.06"
"32,14 : 35.85"
"32,15 : 62.17"
"32,16 : 75.21"
"32,17 : 86.77"
"32,18 : 77.13"
"32,19 : 86.53"
"32,20 : 53.0"
"32,21 : 56.04"
"32,22 : 73.17"
"32,23 : 37.22"
"32,24 : 39.12"
"32,25 : 6.32"
"32,26 : 60.21"
"32,27 : 36.5"
"32,28 : 80.6"
"32,29 : 12.04"
"32,30 : 65.3"
"32,31 : 93.41"
"32,32 : 0.0"
"32,33 : 50.0"
"32,34 : 41.4"
"32,35 : 46.23"
"32,36 : 43.27"
"32,37 : 30.81"
"32,38 : 36.88"
"32,39 : 9.22"
"32,40 : 65.07"
"32,41 : 52.35"
"32,42 : 36.72"
"32,43 : 78.43"
"32,44 : 70.21"
"32,45 : 73.43"
"32,46 : 11.05"
"32,47 : 16.55"
"32,48 : 57.57"
"32,49 : 49.74"
"33,0 : 82.88"
"33,1 : 9.22"
"33,2 : 11.4"
"33,3 : 109.79"
"33,4 : 73.93"
"33,5 : 76.16"
"33,6 : 74.25"
"33,7 : 41.63"
"33,8 : 79.4"
"33,9 : 41.23"
"33,10 : 35.23"
"33,11 : 27.02"
"33,12 : 17.03"
"33,13 : 90.21"
"33,14 : 26.17"
"33,15 : 16.28"
"33,16 : 45.35"
"33,17 : 77.65"
"33,18 : 101.24"
"33,19 : 72.03"
"33,20 : 90.05"
"33,21 : 6.32"
"33,22 : 91.4"
"33,23 : 44.55"
"33,24 : 61.07"
"33,25 : 56.04"
"33,26 : 54.08"
"33,27 : 56.85"
"33,28 : 102.94"
"33,29 : 42.95"
"33,30 : 31.05"
"33,31 : 74.33"
"33,32 : 50.0"
"33,33 : 0.0"
"33,34 : 86.68"
"33,35 : 32.2"
"33,36 : 89.29"
"33,37 : 80.31"
"33,38 : 86.37"
"33,39 : 43.42"
"33,40 : 45.1"
"33,41 : 40.5"
"33,42 : 25.46"
"33,43 : 77.79"
"33,44 : 97.62"
"33,45 : 38.63"
"33,46 : 39.01"
"33,47 : 65.38"
"33,48 : 17.72"
"33,49 : 49.74"
"34,0 : 46.4"
"34,1 : 94.83"
"34,2 : 75.29"
"34,3 : 48.01"
"34,4 : 15.52"
"34,5 : 43.93"
"34,6 : 40.36"
"34,7 : 67.27"
"34,8 : 60.11"
"34,9 : 57.43"
"34,10 : 63.13"
"34,11 : 74.89"
"34,12 : 102.53"
"34,13 : 56.6"
"34,14 : 77.1"
"34,15 : 94.89"
"34,16 : 95.9"
"34,17 : 89.63"
"34,18 : 52.2"
"34,19 : 93.65"
"34,20 : 20.62"
"34,21 : 91.92"
"34,22 : 55.57"
"34,23 : 52.47"
"34,24 : 38.63"
"34,25 : 38.18"
"34,26 : 70.01"
"34,27 : 40.52"
"34,28 : 56.61"
"34,29 : 44.01"
"34,30 : 91.14"
"34,31 : 102.47"
"34,32 : 41.4"
"34,33 : 86.68"
"34,34 : 0.0"
"34,35 : 69.12"
"34,36 : 3.16"
"34,37 : 18.25"
"34,38 : 33.14"
"34,39 : 44.28"
"34,40 : 82.46"
"34,41 : 70.21"
"34,42 : 77.94"
"34,43 : 76.69"
"34,44 : 43.68"
"34,45 : 97.62"
"34,46 : 51.11"
"34,47 : 36.72"
"34,48 : 97.51"
"34,49 : 60.73"
"35,0 : 52.63"
"35,1 : 35.47"
"35,2 : 26.17"
"35,3 : 80.99"
"35,4 : 54.0"
"35,5 : 76.22"
"35,6 : 45.28"
"35,7 : 9.49"
"35,8 : 47.43"
"35,9 : 12.37"
"35,10 : 6.0"
"35,11 : 46.53"
"35,12 : 48.26"
"35,13 : 58.8"
"35,14 : 47.27"
"35,15 : 30.23"
"35,16 : 29.15"
"35,17 : 48.17"
"35,18 : 70.94"
"35,19 : 44.64"
"35,20 : 65.97"
"35,21 : 33.6"
"35,22 : 60.14"
"35,23 : 17.26"
"35,24 : 34.48"
"35,25 : 52.2"
"35,26 : 22.36"
"35,27 : 30.81"
"35,28 : 72.14"
"35,29 : 34.41"
"35,30 : 22.02"
"35,31 : 49.66"
"35,32 : 46.23"
"35,33 : 32.2"
"35,34 : 69.12"
"35,35 : 0.0"
"35,36 : 72.17"
"35,37 : 69.57"
"35,38 : 80.95"
"35,39 : 37.01"
"35,40 : 19.42"
"35,41 : 9.0"
"35,42 : 47.17"
"35,43 : 46.1"
"35,44 : 68.51"
"35,45 : 28.86"
"35,46 : 39.05"
"35,47 : 62.43"
"35,48 : 49.77"
"35,49 : 17.8"
"36,0 : 49.04"
"36,1 : 97.51"
"36,2 : 77.88"
"36,3 : 49.16"
"36,4 : 18.68"
"36,5 : 43.68"
"36,6 : 43.28"
"36,7 : 70.41"
"36,8 : 62.94"
"36,9 : 60.53"
"36,10 : 66.19"
"36,11 : 76.85"
"36,12 : 105.0"
"36,13 : 59.08"
"36,14 : 79.08"
"36,15 : 97.74"
"36,16 : 99.04"
"36,17 : 92.66"
"36,18 : 54.08"
"36,19 : 96.75"
"36,20 : 22.47"
"36,21 : 94.59"
"36,22 : 57.98"
"36,23 : 55.58"
"36,24 : 41.79"
"36,25 : 39.7"
"36,26 : 73.16"
"36,27 : 43.68"
"36,28 : 58.52"
"36,29 : 46.49"
"36,30 : 94.19"
"36,31 : 105.59"
"36,32 : 43.27"
"36,33 : 89.29"
"36,34 : 3.16"
"36,35 : 72.17"
"36,36 : 0.0"
"36,37 : 18.03"
"36,38 : 32.0"
"36,39 : 46.62"
"36,40 : 85.62"
"36,41 : 73.35"
"36,42 : 79.92"
"36,43 : 79.65"
"36,44 : 45.54"
"36,45 : 100.72"
"36,46 : 53.24"
"36,47 : 37.44"
"36,48 : 99.81"
"36,49 : 63.89"
"37,0 : 60.42"
"37,1 : 89.14"
"37,2 : 69.12"
"37,3 : 66.03"
"37,4 : 25.06"
"37,5 : 25.71"
"37,6 : 52.48"
"37,7 : 70.21"
"37,8 : 72.4"
"37,9 : 59.51"
"37,10 : 63.91"
"37,11 : 63.69"
"37,12 : 94.73"
"37,13 : 71.31"
"37,14 : 65.92"
"37,15 : 91.14"
"37,16 : 98.23"
"37,17 : 98.99"
"37,18 : 69.05"
"37,19 : 101.53"
"37,20 : 38.05"
"37,21 : 86.15"
"37,22 : 70.58"
"37,23 : 55.01"
"37,24 : 45.97"
"37,25 : 25.63"
"37,26 : 76.03"
"37,27 : 46.23"
"37,28 : 73.35"
"37,29 : 38.05"
"37,30 : 90.96"
"37,31 : 109.81"
"37,32 : 30.81"
"37,33 : 80.31"
"37,34 : 18.25"
"37,35 : 69.57"
"37,36 : 18.03"
"37,37 : 0.0"
"37,38 : 16.16"
"37,39 : 37.01"
"37,40 : 85.87"
"37,41 : 72.92"
"37,42 : 66.85"
"37,43 : 87.32"
"37,44 : 60.67"
"37,45 : 98.37"
"37,46 : 41.77"
"37,47 : 20.52"
"37,48 : 88.32"
"37,49 : 65.73"
"38,0 : 76.56"
"38,1 : 95.52"
"38,2 : 75.8"
"38,3 : 81.1"
"38,4 : 41.15"
"38,5 : 15.62"
"38,6 : 68.48"
"38,7 : 82.93"
"38,8 : 88.32"
"38,9 : 72.11"
"38,10 : 75.66"
"38,11 : 65.62"
"38,12 : 99.05"
"38,13 : 87.46"
"38,14 : 67.74"
"38,15 : 99.04"
"38,16 : 110.06"
"38,17 : 114.02"
"38,18 : 84.93"
"38,19 : 116.0"
"38,20 : 53.6"
"38,21 : 92.54"
"38,22 : 86.73"
"38,23 : 68.01"
"38,24 : 61.07"
"38,25 : 30.59"
"38,26 : 90.03"
"38,27 : 60.83"
"38,28 : 89.27"
"38,29 : 47.17"
"38,30 : 101.39"
"38,31 : 123.99"
"38,32 : 36.88"
"38,33 : 86.37"
"38,34 : 33.14"
"38,35 : 80.95"
"38,36 : 32.0"
"38,37 : 16.16"
"38,38 : 0.0"
"38,39 : 45.22"
"38,40 : 98.48"
"38,41 : 85.44"
"38,42 : 68.73"
"38,43 : 102.8"
"38,44 : 76.49"
"38,45 : 109.25"
"38,46 : 47.52"
"38,47 : 21.02"
"38,48 : 91.44"
"38,49 : 79.51"
"39,0 : 57.27"
"39,1 : 52.15"
"39,2 : 32.14"
"39,3 : 77.52"
"39,4 : 33.97"
"39,5 : 39.2"
"39,6 : 47.07"
"39,7 : 41.23"
"39,8 : 62.03"
"39,9 : 31.06"
"39,10 : 32.53"
"39,11 : 31.83"
"39,12 : 58.52"
"39,13 : 67.74"
"39,14 : 33.94"
"39,15 : 54.33"
"39,16 : 66.03"
"39,17 : 78.29"
"39,18 : 73.39"
"39,19 : 77.7"
"39,20 : 52.4"
"39,21 : 49.16"
"39,22 : 68.07"
"39,23 : 28.64"
"39,24 : 33.24"
"39,25 : 15.26"
"39,26 : 51.48"
"39,27 : 30.02"
"39,28 : 76.54"
"39,29 : 3.16"
"39,30 : 56.36"
"39,31 : 84.4"
"39,32 : 9.22"
"39,33 : 43.42"
"39,34 : 44.28"
"39,35 : 37.01"
"39,36 : 46.62"
"39,37 : 37.01"
"39,38 : 45.22"
"39,39 : 0.0"
"39,40 : 55.87"
"39,41 : 43.19"
"39,42 : 34.66"
"39,43 : 70.6"
"39,44 : 67.12"
"39,45 : 64.41"
"39,46 : 8.06"
"39,47 : 25.55"
"39,48 : 53.23"
"39,49 : 41.15"
"40,0 : 54.71"
"40,1 : 44.64"
"40,2 : 42.76"
"40,3 : 83.82"
"40,4 : 66.94"
"40,5 : 94.92"
"40,6 : 50.49"
"40,7 : 15.65"
"40,8 : 44.42"
"40,9 : 26.42"
"40,10 : 23.35"
"40,11 : 64.56"
"40,12 : 58.24"
"40,13 : 57.31"
"40,14 : 65.0"
"40,15 : 35.85"
"40,16 : 14.04"
"40,17 : 32.76"
"40,18 : 71.59"
"40,19 : 27.02"
"40,20 : 75.0"
"40,21 : 43.93"
"40,22 : 59.06"
"40,23 : 30.87"
"40,24 : 44.41"
"40,25 : 70.84"
"40,26 : 16.16"
"40,27 : 41.98"
"40,28 : 71.59"
"40,29 : 53.08"
"40,30 : 18.6"
"40,31 : 30.68"
"40,32 : 65.07"
"40,33 : 45.1"
"40,34 : 82.46"
"40,35 : 19.42"
"40,36 : 85.62"
"40,37 : 85.87"
"40,38 : 98.48"
"40,39 : 55.87"
"40,40 : 0.0"
"40,41 : 13.04"
"40,42 : 64.76"
"40,43 : 35.81"
"40,44 : 71.47"
"40,45 : 19.24"
"40,46 : 58.41"
"40,47 : 80.92"
"40,48 : 62.51"
"40,49 : 22.09"
"41,0 : 47.51"
"41,1 : 42.72"
"41,2 : 35.13"
"41,3 : 76.48"
"41,4 : 54.74"
"41,5 : 82.07"
"41,6 : 41.44"
"41,7 : 3.0"
"41,8 : 40.36"
"41,9 : 13.42"
"41,10 : 10.82"
"41,11 : 55.44"
"41,12 : 55.95"
"41,13 : 52.4"
"41,14 : 56.22"
"41,15 : 36.07"
"41,16 : 25.71"
"41,17 : 39.2"
"41,18 : 65.46"
"41,19 : 36.06"
"41,20 : 64.38"
"41,21 : 41.18"
"41,22 : 53.91"
"41,23 : 18.03"
"41,24 : 33.02"
"41,25 : 58.0"
"41,26 : 13.6"
"41,27 : 30.07"
"41,28 : 66.22"
"41,29 : 40.31"
"41,30 : 23.41"
"41,31 : 41.68"
"41,32 : 52.35"
"41,33 : 40.5"
"41,34 : 70.21"
"41,35 : 9.0"
"41,36 : 73.35"
"41,37 : 72.92"
"41,38 : 85.44"
"41,39 : 43.19"
"41,40 : 13.04"
"41,41 : 0.0"
"41,42 : 56.14"
"41,43 : 37.36"
"41,44 : 63.95"
"41,45 : 28.07"
"41,46 : 46.32"
"41,47 : 68.01"
"41,48 : 58.19"
"41,49 : 12.08"
"42,0 : 88.14"
"42,1 : 33.6"
"42,2 : 22.14"
"42,3 : 111.25"
"42,4 : 68.62"
"42,5 : 56.0"
"42,6 : 78.26"
"42,7 : 56.01"
"42,8 : 89.02"
"42,9 : 50.64"
"42,10 : 47.04"
"42,11 : 3.16"
"42,12 : 31.78"
"42,13 : 97.5"
"42,14 : 1.0"
"42,15 : 41.73"
"42,16 : 68.45"
"42,17 : 95.34"
"42,18 : 105.59"
"42,19 : 91.41"
"42,20 : 87.0"
"42,21 : 31.24"
"42,22 : 98.23"
"42,23 : 51.66"
"42,24 : 63.95"
"42,25 : 41.23"
"42,26 : 69.0"
"42,27 : 59.93"
"42,28 : 108.23"
"42,29 : 36.12"
"42,30 : 54.59"
"42,31 : 95.34"
"42,32 : 36.72"
"42,33 : 25.46"
"42,34 : 77.94"
"42,35 : 47.17"
"42,36 : 79.92"
"42,37 : 66.85"
"42,38 : 68.73"
"42,39 : 34.66"
"42,40 : 64.76"
"42,41 : 56.14"
"42,42 : 0.0"
"42,43 : 92.2"
"42,44 : 100.17"
"42,45 : 62.77"
"42,46 : 27.02"
"42,47 : 48.27"
"42,48 : 23.02"
"42,49 : 61.4"
"43,0 : 33.24"
"43,1 : 79.2"
"43,2 : 72.18"
"43,3 : 58.01"
"43,4 : 62.94"
"43,5 : 104.71"
"43,6 : 36.4"
"43,7 : 36.67"
"43,8 : 18.03"
"43,9 : 42.05"
"43,10 : 45.18"
"43,11 : 91.05"
"43,12 : 92.7"
"43,13 : 29.02"
"43,14 : 92.14"
"43,15 : 71.2"
"43,16 : 46.1"
"43,17 : 14.32"
"43,18 : 44.01"
"43,19 : 22.09"
"43,20 : 61.29"
"43,21 : 78.0"
"43,22 : 31.02"
"43,23 : 42.58"
"43,24 : 41.88"
"43,25 : 82.46"
"43,26 : 23.77"
"43,27 : 42.94"
"43,28 : 42.3"
"43,29 : 67.45"
"43,30 : 54.41"
"43,31 : 31.0"
"43,32 : 78.43"
"43,33 : 77.79"
"43,34 : 76.69"
"43,35 : 46.1"
"43,36 : 79.65"
"43,37 : 87.32"
"43,38 : 102.8"
"43,39 : 70.6"
"43,40 : 35.81"
"43,41 : 37.36"
"43,42 : 92.2"
"43,43 : 0.0"
"43,44 : 47.52"
"43,45 : 53.74"
"43,46 : 76.49"
"43,47 : 90.79"
"43,48 : 95.51"
"43,49 : 31.02"
"44,0 : 16.76"
"44,1 : 103.08"
"44,2 : 87.73"
"44,3 : 12.53"
"44,4 : 38.12"
"44,5 : 85.05"
"44,6 : 23.43"
"44,7 : 61.29"
"44,8 : 30.02"
"44,9 : 57.01"
"44,10 : 63.6"
"44,11 : 97.75"
"44,12 : 114.63"
"44,13 : 18.97"
"44,14 : 99.64"
"44,15 : 98.74"
"44,16 : 85.16"
"44,17 : 61.81"
"44,18 : 8.54"
"44,19 : 69.18"
"44,20 : 23.09"
"44,21 : 100.77"
"44,22 : 17.09"
"44,23 : 53.15"
"44,24 : 36.88"
"44,25 : 70.61"
"44,26 : 55.36"
"44,27 : 41.11"
"44,28 : 13.0"
"44,29 : 64.85"
"44,30 : 87.24"
"44,31 : 78.31"
"44,32 : 70.21"
"44,33 : 97.62"
"44,34 : 43.68"
"44,35 : 68.51"
"44,36 : 45.54"
"44,37 : 60.67"
"44,38 : 76.49"
"44,39 : 67.12"
"44,40 : 71.47"
"44,41 : 63.95"
"44,42 : 100.17"
"44,43 : 47.52"
"44,44 : 0.0"
"44,45 : 90.48"
"44,46 : 75.15"
"44,47 : 74.24"
"44,48 : 113.28"
"44,49 : 51.88"
"45,0 : 73.74"
"45,1 : 34.37"
"45,2 : 41.4"
"45,3 : 102.88"
"45,4 : 82.3"
"45,5 : 103.25"
"45,6 : 68.88"
"45,7 : 31.06"
"45,8 : 63.63"
"45,9 : 40.2"
"45,10 : 34.71"
"45,11 : 63.51"
"45,12 : 47.01"
"45,13 : 76.54"
"45,14 : 63.29"
"45,15 : 24.19"
"45,16 : 8.54"
"45,17 : 47.51"
"45,18 : 90.8"
"45,19 : 39.4"
"45,20 : 92.44"
"45,21 : 34.93"
"45,22 : 78.29"
"45,23 : 45.18"
"45,24 : 61.07"
"45,25 : 79.65"
"45,26 : 35.34"
"45,27 : 58.0"
"45,28 : 90.82"
"45,29 : 62.17"
"45,30 : 8.49"
"45,31 : 38.64"
"45,32 : 73.43"
"45,33 : 38.63"
"45,34 : 97.62"
"45,35 : 28.86"
"45,36 : 100.72"
"45,37 : 98.37"
"45,38 : 109.25"
"45,39 : 64.41"
"45,40 : 19.24"
"45,41 : 28.07"
"45,42 : 62.77"
"45,43 : 53.74"
"45,44 : 90.48"
"45,45 : 0.0"
"45,46 : 64.64"
"45,47 : 89.94"
"45,48 : 53.76"
"45,49 : 39.62"
"46,0 : 65.0"
"46,1 : 48.09"
"46,2 : 28.28"
"46,3 : 85.59"
"46,4 : 41.73"
"46,5 : 38.91"
"46,6 : 54.82"
"46,7 : 44.78"
"46,8 : 69.03"
"46,9 : 35.47"
"46,10 : 35.51"
"46,11 : 24.08"
"46,12 : 52.95"
"46,13 : 75.31"
"46,14 : 26.25"
"46,15 : 51.66"
"46,16 : 67.27"
"46,17 : 83.22"
"46,18 : 81.34"
"46,19 : 81.84"
"46,20 : 60.31"
"46,21 : 45.1"
"46,22 : 75.71"
"46,23 : 33.96"
"46,24 : 40.79"
"46,25 : 17.03"
"46,26 : 56.08"
"46,27 : 37.34"
"46,28 : 84.43"
"46,29 : 10.44"
"46,30 : 56.3"
"46,31 : 87.98"
"46,32 : 11.05"
"46,33 : 39.01"
"46,34 : 51.11"
"46,35 : 39.05"
"46,36 : 53.24"
"46,37 : 41.77"
"46,38 : 47.52"
"46,39 : 8.06"
"46,40 : 58.41"
"46,41 : 46.32"
"46,42 : 27.02"
"46,43 : 76.49"
"46,44 : 75.15"
"46,45 : 64.64"
"46,46 : 0.0"
"46,47 : 26.68"
"46,48 : 46.82"
"46,49 : 46.17"
"47,0 : 69.72"
"47,1 : 74.55"
"47,2 : 54.92"
"47,3 : 81.79"
"47,4 : 36.12"
"47,5 : 14.21"
"47,6 : 60.21"
"47,7 : 65.8"
"47,8 : 78.75"
"47,9 : 55.15"
"47,10 : 57.63"
"47,11 : 45.12"
"47,12 : 78.1"
"47,13 : 80.89"
"47,14 : 47.3"
"47,15 : 78.34"
"47,16 : 91.53"
"47,17 : 100.4"
"47,18 : 82.05"
"47,19 : 101.04"
"47,20 : 53.6"
"47,21 : 71.57"
"47,22 : 80.62"
"47,23 : 51.74"
"47,24 : 49.4"
"47,25 : 10.3"
"47,26 : 74.65"
"47,27 : 47.85"
"47,28 : 86.01"
"47,29 : 28.02"
"47,30 : 81.84"
"47,31 : 108.37"
"47,32 : 16.55"
"47,33 : 65.38"
"47,34 : 36.72"
"47,35 : 62.43"
"47,36 : 37.44"
"47,37 : 20.52"
"47,38 : 21.02"
"47,39 : 25.55"
"47,40 : 80.92"
"47,41 : 68.01"
"47,42 : 48.27"
"47,43 : 90.79"
"47,44 : 74.24"
"47,45 : 89.94"
"47,46 : 26.68"
"47,47 : 0.0"
"47,48 : 70.71"
"47,49 : 64.03"
"48,0 : 99.2"
"48,1 : 19.42"
"48,2 : 25.61"
"48,3 : 125.18"
"48,4 : 86.28"
"48,5 : 79.01"
"48,6 : 90.14"
"48,7 : 59.24"
"48,8 : 96.65"
"48,9 : 57.98"
"48,10 : 52.35"
"48,11 : 26.0"
"48,12 : 10.0"
"48,13 : 107.07"
"48,14 : 24.02"
"48,15 : 29.61"
"48,16 : 61.29"
"48,17 : 95.19"
"48,18 : 117.44"
"48,19 : 89.27"
"48,20 : 103.6"
"48,21 : 19.03"
"48,22 : 108.17"
"48,23 : 60.8"
"48,24 : 76.42"
"48,25 : 62.82"
"48,26 : 71.78"
"48,27 : 72.18"
"48,28 : 119.4"
"48,29 : 53.71"
"48,30 : 47.1"
"48,31 : 91.02"
"48,32 : 57.57"
"48,33 : 17.72"
"48,34 : 97.51"
"48,35 : 49.77"
"48,36 : 99.81"
"48,37 : 88.32"
"48,38 : 91.44"
"48,39 : 53.23"
"48,40 : 62.51"
"48,41 : 58.19"
"48,42 : 23.02"
"48,43 : 95.51"
"48,44 : 113.28"
"48,45 : 53.76"
"48,46 : 46.82"
"48,47 : 70.71"
"48,48 : 0.0"
"48,49 : 67.08"
"49,0 : 35.51"
"49,1 : 53.26"
"49,2 : 42.38"
"49,3 : 64.41"
"49,4 : 45.22"
"49,5 : 78.24"
"49,6 : 29.41"
"49,7 : 9.43"
"49,8 : 29.68"
"49,9 : 11.05"
"49,10 : 14.87"
"49,11 : 60.13"
"49,12 : 66.03"
"49,13 : 41.04"
"49,14 : 61.29"
"49,15 : 47.51"
"49,16 : 36.01"
"49,17 : 37.16"
"49,18 : 53.6"
"49,19 : 37.01"
"49,20 : 53.04"
"49,21 : 51.4"
"49,22 : 42.43"
"49,23 : 12.53"
"49,24 : 22.36"
"49,25 : 54.64"
"49,26 : 10.63"
"49,27 : 20.25"
"49,28 : 54.56"
"49,29 : 38.01"
"49,30 : 35.47"
"49,31 : 44.55"
"49,32 : 49.74"
"49,33 : 49.74"
"49,34 : 60.73"
"49,35 : 17.8"
"49,36 : 63.89"
"49,37 : 65.73"
"49,38 : 79.51"
"49,39 : 41.15"
"49,40 : 22.09"
"49,41 : 12.08"
"49,42 : 61.4"
"49,43 : 31.02"
"49,44 : 51.88"
"49,45 : 39.62"
"49,46 : 46.17"
"49,47 : 64.03"
"49,48 : 67.08"
"49,49 : 0.0"
