x,y
34,8
27,83
26,17
93,65
67,37
22,17
72,53
93,96
15,88
64,32
70,89
66,48
46,90
8,12
37,99
24,50
24,16
4,2
82,44
71,2
66,90
48,96
30,34
83,28
91,100
9,92
98,19
67,53
26,30
17,93
86,59
33,44
99,44
47,22
37,22
19,71
94,92
63,0
41,3
39,70
72,56
88,92
95,67
23,99
67,33
64,93
100,92
98,93
85,62
78,41

Distanze
"0,0 : 0.0"
"0,1 : 13.45"
"0,2 : 49.82"
"0,3 : 23.71"
"0,4 : 60.21"
"0,5 : 23.6"
"0,6 : 55.04"
"0,7 : 3.16"
"0,8 : 91.44"
"0,9 : 29.61"
"0,10 : 58.24"
"0,11 : 61.62"
"0,12 : 29.97"
"0,13 : 40.82"
"0,14 : 83.82"
"0,15 : 60.21"
"0,16 : 39.66"
"0,17 : 67.68"
"0,18 : 26.31"
"0,19 : 74.4"
"0,20 : 75.17"
"0,21 : 31.3"
"0,22 : 66.03"
"0,23 : 52.63"
"0,24 : 95.8"
"0,25 : 107.65"
"0,26 : 41.88"
"0,27 : 81.61"
"0,28 : 31.76"
"0,29 : 47.51"
"0,30 : 71.51"
"0,31 : 85.87"
"0,32 : 54.59"
"0,33 : 61.01"
"0,34 : 88.2"
"0,35 : 32.56"
"0,36 : 41.59"
"0,37 : 71.57"
"0,38 : 70.94"
"0,39 : 98.9"
"0,40 : 65.92"
"0,41 : 30.59"
"0,42 : 71.7"
"0,43 : 68.48"
"0,44 : 63.56"
"0,45 : 70.71"
"0,46 : 7.21"
"0,47 : 89.27"
"0,48 : 32.76"
"0,49 : 93.15"
"1,0 : 13.45"
"1,1 : 0.0"
"1,2 : 61.68"
"1,3 : 31.06"
"1,4 : 61.61"
"1,5 : 10.3"
"1,6 : 47.54"
"1,7 : 15.0"
"1,8 : 82.01"
"1,9 : 20.4"
"1,10 : 47.38"
"1,11 : 63.01"
"1,12 : 18.25"
"1,13 : 40.46"
"1,14 : 79.65"
"1,15 : 50.04"
"1,16 : 26.83"
"1,17 : 72.09"
"1,18 : 38.28"
"1,19 : 74.28"
"1,20 : 67.68"
"1,21 : 30.61"
"1,22 : 76.32"
"1,23 : 47.89"
"1,24 : 95.46"
"1,25 : 106.89"
"1,26 : 47.13"
"1,27 : 70.41"
"1,28 : 19.65"
"1,29 : 50.99"
"1,30 : 74.09"
"1,31 : 74.97"
"1,32 : 66.22"
"1,33 : 71.45"
"1,34 : 80.6"
"1,35 : 22.2"
"1,36 : 53.45"
"1,37 : 60.67"
"1,38 : 77.88"
"1,39 : 95.72"
"1,40 : 72.78"
"1,41 : 20.22"
"1,42 : 74.79"
"1,43 : 66.71"
"1,44 : 51.55"
"1,45 : 72.67"
"1,46 : 6.4"
"1,47 : 81.79"
"1,48 : 27.2"
"1,49 : 82.2"
"2,0 : 49.82"
"2,1 : 61.68"
"2,2 : 0.0"
"2,3 : 34.41"
"2,4 : 54.74"
"2,5 : 71.78"
"2,6 : 79.4"
"2,7 : 50.36"
"2,8 : 115.6"
"2,9 : 66.85"
"2,10 : 91.92"
"2,11 : 55.58"
"2,12 : 71.69"
"2,13 : 52.15"
"2,14 : 90.47"
"2,15 : 91.35"
"2,16 : 82.49"
"2,17 : 47.52"
"2,18 : 23.54"
"2,19 : 69.18"
"2,20 : 94.83"
"2,21 : 50.93"
"2,22 : 20.25"
"2,23 : 69.97"
"2,24 : 86.37"
"2,25 : 97.87"
"2,26 : 34.93"
"2,27 : 113.57"
"2,28 : 73.93"
"2,29 : 42.06"
"2,30 : 57.14"
"2,31 : 116.21"
"2,32 : 5.1"
"2,33 : 15.62"
"2,34 : 106.1"
"2,35 : 82.38"
"2,36 : 8.25"
"2,37 : 103.48"
"2,38 : 38.91"
"2,39 : 99.32"
"2,40 : 36.06"
"2,41 : 80.41"
"2,42 : 55.33"
"2,43 : 70.83"
"2,44 : 100.57"
"2,45 : 59.01"
"2,46 : 56.52"
"2,47 : 106.62"
"2,48 : 81.02"
"2,49 : 123.0"
"3,0 : 23.71"
"3,1 : 31.06"
"3,2 : 34.41"
"3,3 : 0.0"
"3,4 : 38.95"
"3,5 : 40.11"
"3,6 : 47.93"
"3,7 : 26.08"
"3,8 : 85.44"
"3,9 : 32.45"
"3,10 : 58.26"
"3,11 : 40.31"
"3,12 : 37.58"
"3,13 : 24.0"
"3,14 : 68.36"
"3,15 : 58.25"
"3,16 : 48.3"
"3,17 : 44.2"
"3,18 : 15.81"
"3,19 : 54.13"
"3,20 : 65.97"
"3,21 : 18.38"
"3,22 : 45.89"
"3,23 : 40.79"
"3,24 : 75.18"
"3,25 : 87.24"
"3,26 : 18.44"
"3,27 : 80.71"
"3,28 : 39.81"
"3,29 : 25.0"
"3,30 : 48.92"
"3,31 : 83.86"
"3,32 : 38.08"
"3,33 : 41.23"
"3,34 : 78.45"
"3,35 : 53.24"
"3,36 : 26.91"
"3,37 : 70.46"
"3,38 : 47.43"
"3,39 : 81.49"
"3,40 : 42.38"
"3,41 : 51.24"
"3,42 : 48.8"
"3,43 : 50.45"
"3,44 : 66.47"
"3,45 : 48.6"
"3,46 : 27.89"
"3,47 : 79.25"
"3,48 : 55.97"
"3,49 : 90.92"
"4,0 : 60.21"
"4,1 : 61.61"
"4,2 : 54.74"
"4,3 : 38.95"
"4,4 : 0.0"
"4,5 : 66.65"
"4,6 : 39.29"
"4,7 : 63.13"
"4,8 : 67.21"
"4,9 : 48.7"
"4,10 : 57.07"
"4,11 : 1.41"
"4,12 : 55.97"
"4,13 : 21.47"
"4,14 : 36.06"
"4,15 : 53.85"
"4,16 : 63.15"
"4,17 : 17.46"
"4,18 : 50.96"
"4,19 : 15.52"
"4,20 : 46.1"
"4,21 : 31.06"
"4,22 : 50.25"
"4,23 : 27.66"
"4,24 : 36.24"
"4,25 : 48.3"
"4,26 : 22.56"
"4,27 : 72.01"
"4,28 : 57.57"
"4,29 : 14.56"
"4,30 : 13.34"
"4,31 : 72.72"
"4,32 : 54.82"
"4,33 : 48.75"
"4,34 : 54.82"
"4,35 : 81.88"
"4,36 : 52.01"
"4,37 : 63.69"
"4,38 : 32.2"
"4,39 : 45.01"
"4,40 : 29.0"
"4,41 : 80.13"
"4,42 : 15.03"
"4,43 : 16.55"
"4,44 : 67.27"
"4,45 : 11.18"
"4,46 : 61.62"
"4,47 : 55.0"
"4,48 : 88.81"
"4,49 : 78.24"
"5,0 : 23.6"
"5,1 : 10.3"
"5,2 : 71.78"
"5,3 : 40.11"
"5,4 : 66.65"
"5,5 : 0.0"
"5,6 : 46.07"
"5,7 : 24.76"
"5,8 : 77.65"
"5,9 : 19.85"
"5,10 : 42.11"
"5,11 : 68.0"
"5,12 : 14.32"
"5,13 : 45.18"
"5,14 : 80.21"
"5,15 : 45.54"
"5,16 : 19.24"
"5,17 : 78.75"
"5,18 : 48.47"
"5,19 : 78.01"
"5,20 : 65.55"
"5,21 : 35.85"
"5,22 : 85.84"
"5,23 : 48.92"
"5,24 : 98.72"
"5,25 : 109.71"
"5,26 : 54.74"
"5,27 : 64.2"
"5,28 : 14.56"
"5,29 : 57.57"
"5,30 : 79.62"
"5,31 : 69.07"
"5,32 : 76.24"
"5,33 : 81.05"
"5,34 : 78.11"
"5,35 : 15.26"
"5,36 : 63.57"
"5,37 : 55.0"
"5,38 : 85.84"
"5,39 : 96.83"
"5,40 : 80.75"
"5,41 : 13.6"
"5,42 : 80.62"
"5,43 : 69.43"
"5,44 : 44.55"
"5,45 : 77.83"
"5,46 : 16.4"
"5,47 : 79.38"
"5,48 : 24.7"
"5,49 : 76.16"
"6,0 : 55.04"
"6,1 : 47.54"
"6,2 : 79.4"
"6,3 : 47.93"
"6,4 : 39.29"
"6,5 : 46.07"
"6,6 : 0.0"
"6,7 : 58.08"
"6,8 : 37.64"
"6,9 : 27.2"
"6,10 : 18.03"
"6,11 : 40.02"
"6,12 : 31.76"
"6,13 : 27.59"
"6,14 : 35.38"
"6,15 : 14.56"
"6,16 : 32.56"
"6,17 : 56.61"
"6,18 : 63.69"
"6,19 : 42.3"
"6,20 : 20.22"
"6,21 : 29.55"
"6,22 : 83.1"
"6,23 : 11.7"
"6,24 : 59.24"
"6,25 : 68.48"
"6,26 : 45.97"
"6,27 : 34.71"
"6,28 : 31.91"
"6,29 : 41.62"
"6,30 : 51.48"
"6,31 : 36.88"
"6,32 : 81.69"
"6,33 : 79.98"
"6,34 : 33.24"
"6,35 : 59.64"
"6,36 : 73.25"
"6,37 : 25.24"
"6,38 : 70.26"
"6,39 : 52.4"
"6,40 : 66.19"
"6,41 : 58.52"
"6,42 : 53.76"
"6,43 : 31.4"
"6,44 : 28.16"
"6,45 : 48.26"
"6,46 : 51.62"
"6,47 : 34.37"
"6,48 : 70.71"
"6,49 : 43.6"
"7,0 : 3.16"
"7,1 : 15.0"
"7,2 : 50.36"
"7,3 : 26.08"
"7,4 : 63.13"
"7,5 : 24.76"
"7,6 : 58.08"
"7,7 : 0.0"
"7,8 : 94.34"
"7,9 : 32.39"
"7,10 : 60.88"
"7,11 : 64.54"
"7,12 : 32.31"
"7,13 : 43.91"
"7,14 : 86.98"
"7,15 : 62.97"
"7,16 : 41.68"
"7,17 : 70.21"
"7,18 : 27.02"
"7,19 : 77.42"
"7,20 : 78.23"
"7,21 : 34.44"
"7,22 : 67.19"
"7,23 : 55.79"
"7,24 : 98.81"
"7,25 : 110.68"
"7,26 : 44.41"
"7,27 : 84.2"
"7,28 : 34.01"
"7,29 : 50.25"
"7,30 : 74.28"
"7,31 : 88.53"
"7,32 : 55.23"
"7,33 : 62.13"
"7,34 : 91.27"
"7,35 : 32.28"
"7,36 : 42.19"
"7,37 : 74.22"
"7,38 : 73.01"
"7,39 : 102.04"
"7,40 : 68.03"
"7,41 : 30.36"
"7,42 : 74.41"
"7,43 : 71.59"
"7,44 : 65.92"
"7,45 : 73.55"
"7,46 : 8.6"
"7,47 : 92.35"
"7,48 : 31.26"
"7,49 : 95.8"
"8,0 : 91.44"
"8,1 : 82.01"
"8,2 : 115.6"
"8,3 : 85.44"
"8,4 : 67.21"
"8,5 : 77.65"
"8,6 : 37.64"
"8,7 : 94.34"
"8,8 : 0.0"
"8,9 : 62.07"
"8,10 : 35.69"
"8,11 : 67.27"
"8,12 : 64.12"
"8,13 : 63.53"
"8,14 : 38.9"
"8,15 : 32.14"
"8,16 : 59.44"
"8,17 : 83.87"
"8,18 : 101.24"
"8,19 : 61.4"
"8,20 : 21.26"
"8,21 : 67.07"
"8,22 : 116.39"
"8,23 : 45.65"
"8,24 : 67.47"
"8,25 : 71.06"
"8,26 : 80.99"
"8,27 : 19.85"
"8,28 : 63.29"
"8,29 : 75.0"
"8,30 : 75.45"
"8,31 : 15.26"
"8,32 : 117.35"
"8,33 : 114.02"
"8,34 : 15.3"
"8,35 : 88.06"
"8,36 : 110.02"
"8,37 : 24.17"
"8,38 : 99.25"
"8,39 : 50.01"
"8,40 : 96.21"
"8,41 : 87.56"
"8,42 : 78.24"
"8,43 : 52.2"
"8,44 : 37.12"
"8,45 : 71.85"
"8,46 : 87.05"
"8,47 : 16.12"
"8,48 : 100.66"
"8,49 : 15.03"
"9,0 : 29.61"
"9,1 : 20.4"
"9,2 : 66.85"
"9,3 : 32.45"
"9,4 : 48.7"
"9,5 : 19.85"
"9,6 : 27.2"
"9,7 : 32.39"
"9,8 : 62.07"
"9,9 : 0.0"
"9,10 : 28.79"
"9,11 : 49.98"
"9,12 : 7.28"
"9,13 : 27.66"
"9,14 : 60.46"
"9,15 : 30.59"
"9,16 : 16.49"
"9,17 : 62.65"
"9,18 : 45.97"
"9,19 : 58.83"
"9,20 : 47.3"
"9,21 : 20.02"
"9,22 : 76.9"
"9,23 : 29.07"
"9,24 : 79.2"
"9,25 : 90.03"
"9,26 : 41.44"
"9,27 : 52.2"
"9,28 : 9.06"
"9,29 : 42.05"
"9,30 : 61.98"
"9,31 : 56.32"
"9,32 : 70.49"
"9,33 : 72.62"
"9,34 : 60.21"
"9,35 : 34.71"
"9,36 : 59.2"
"9,37 : 42.06"
"9,38 : 72.06"
"9,39 : 77.01"
"9,40 : 67.12"
"9,41 : 33.24"
"9,42 : 63.32"
"9,43 : 49.82"
"9,44 : 35.23"
"9,45 : 59.81"
"9,46 : 25.0"
"9,47 : 61.39"
"9,48 : 44.41"
"9,49 : 63.6"
"10,0 : 58.24"
"10,1 : 47.38"
"10,2 : 91.92"
"10,3 : 58.26"
"10,4 : 57.07"
"10,5 : 42.11"
"10,6 : 18.03"
"10,7 : 60.88"
"10,8 : 35.69"
"10,9 : 28.79"
"10,10 : 0.0"
"10,11 : 57.87"
"10,12 : 29.15"
"10,13 : 42.54"
"10,14 : 49.65"
"10,15 : 5.0"
"10,16 : 23.77"
"10,17 : 74.22"
"10,18 : 73.24"
"10,19 : 60.13"
"10,20 : 28.32"
"10,21 : 41.04"
"10,22 : 98.18"
"10,23 : 29.43"
"10,24 : 75.96"
"10,25 : 84.31"
"10,26 : 60.75"
"10,27 : 23.41"
"10,28 : 28.02"
"10,29 : 57.7"
"10,30 : 69.46"
"10,31 : 27.66"
"10,32 : 94.85"
"10,33 : 94.63"
"10,34 : 38.83"
"10,35 : 52.5"
"10,36 : 84.96"
"10,37 : 13.34"
"10,38 : 87.32"
"10,39 : 66.37"
"10,40 : 83.01"
"10,41 : 51.92"
"10,42 : 71.7"
"10,43 : 49.16"
"10,44 : 10.2"
"10,45 : 66.27"
"10,46 : 52.95"
"10,47 : 40.22"
"10,48 : 65.0"
"10,49 : 34.93"
"11,0 : 61.62"
"11,1 : 63.01"
"11,2 : 55.58"
"11,3 : 40.31"
"11,4 : 1.41"
"11,5 : 68.0"
"11,6 : 40.02"
"11,7 : 64.54"
"11,8 : 67.27"
"11,9 : 49.98"
"11,10 : 57.87"
"11,11 : 0.0"
"11,12 : 57.25"
"11,13 : 22.83"
"11,14 : 35.47"
"11,15 : 54.57"
"11,16 : 64.33"
"11,17 : 17.0"
"11,18 : 52.2"
"11,19 : 14.32"
"11,20 : 46.23"
"11,21 : 32.45"
"11,22 : 50.61"
"11,23 : 28.44"
"11,24 : 34.89"
"11,25 : 46.96"
"11,26 : 23.77"
"11,27 : 72.45"
"11,28 : 58.82"
"11,29 : 15.81"
"11,30 : 12.17"
"11,31 : 73.06"
"11,32 : 55.54"
"11,33 : 49.24"
"11,34 : 54.67"
"11,35 : 83.24"
"11,36 : 53.0"
"11,37 : 64.26"
"11,38 : 32.02"
"11,39 : 44.0"
"11,40 : 29.0"
"11,41 : 81.49"
"11,42 : 14.0"
"11,43 : 16.12"
"11,44 : 68.07"
"11,45 : 9.85"
"11,46 : 63.03"
"11,47 : 54.82"
"11,48 : 90.21"
"11,49 : 78.49"
"12,0 : 29.97"
"12,1 : 18.25"
"12,2 : 71.69"
"12,3 : 37.58"
"12,4 : 55.97"
"12,5 : 14.32"
"12,6 : 31.76"
"12,7 : 32.31"
"12,8 : 64.12"
"12,9 : 7.28"
"12,10 : 29.15"
"12,11 : 57.25"
"12,12 : 0.0"
"12,13 : 34.93"
"12,14 : 66.22"
"12,15 : 32.02"
"12,16 : 10.82"
"12,17 : 69.87"
"12,18 : 49.82"
"12,19 : 65.86"
"12,20 : 51.26"
"12,21 : 27.02"
"12,22 : 82.86"
"12,23 : 35.38"
"12,24 : 86.02"
"12,25 : 96.67"
"12,26 : 48.17"
"12,27 : 52.17"
"12,28 : 2.24"
"12,29 : 49.16"
"12,30 : 69.26"
"12,31 : 56.72"
"12,32 : 75.59"
"12,33 : 78.43"
"12,34 : 63.89"
"12,35 : 28.32"
"12,36 : 63.81"
"12,37 : 42.43"
"12,38 : 79.01"
"12,39 : 82.98"
"12,40 : 74.03"
"12,41 : 27.02"
"12,42 : 70.6"
"12,43 : 56.61"
"12,44 : 33.62"
"12,45 : 67.07"
"12,46 : 24.04"
"12,47 : 65.15"
"12,48 : 38.95"
"12,49 : 63.95"
"13,0 : 40.82"
"13,1 : 40.46"
"13,2 : 52.15"
"13,3 : 24.0"
"13,4 : 21.47"
"13,5 : 45.18"
"13,6 : 27.59"
"13,7 : 43.91"
"13,8 : 63.53"
"13,9 : 27.66"
"13,10 : 42.54"
"13,11 : 22.83"
"13,12 : 34.93"
"13,13 : 0.0"
"13,14 : 44.55"
"13,15 : 40.8"
"13,16 : 43.05"
"13,17 : 35.13"
"13,18 : 39.32"
"13,19 : 33.97"
"13,20 : 43.08"
"13,21 : 9.9"
"13,22 : 55.8"
"13,23 : 17.89"
"13,24 : 55.32"
"13,25 : 67.01"
"13,26 : 18.44"
"13,27 : 62.24"
"13,28 : 36.67"
"13,29 : 15.52"
"13,30 : 34.54"
"13,31 : 64.44"
"13,32 : 54.2"
"13,33 : 52.5"
"13,34 : 55.08"
"13,35 : 60.42"
"13,36 : 46.52"
"13,37 : 52.5"
"13,38 : 45.89"
"13,39 : 58.52"
"13,40 : 41.23"
"13,41 : 58.67"
"13,42 : 35.74"
"13,43 : 27.73"
"13,44 : 52.33"
"13,45 : 32.65"
"13,46 : 41.11"
"13,47 : 55.79"
"13,48 : 67.62"
"13,49 : 71.06"
"14,0 : 83.82"
"14,1 : 79.65"
"14,2 : 90.47"
"14,3 : 68.36"
"14,4 : 36.06"
"14,5 : 80.21"
"14,6 : 35.38"
"14,7 : 86.98"
"14,8 : 38.9"
"14,9 : 60.46"
"14,10 : 49.65"
"14,11 : 35.47"
"14,12 : 66.22"
"14,13 : 44.55"
"14,14 : 0.0"
"14,15 : 44.72"
"14,16 : 67.94"
"14,17 : 49.65"
"14,18 : 83.02"
"14,19 : 24.84"
"14,20 : 23.35"
"14,21 : 52.89"
"14,22 : 85.87"
"14,23 : 31.76"
"14,24 : 29.07"
"14,25 : 35.17"
"14,26 : 56.44"
"14,27 : 52.01"
"14,28 : 66.71"
"14,29 : 48.66"
"14,30 : 39.82"
"14,31 : 50.16"
"14,32 : 90.8"
"14,33 : 84.69"
"14,34 : 23.77"
"14,35 : 94.49"
"14,36 : 86.98"
"14,37 : 48.05"
"14,38 : 65.22"
"14,39 : 17.03"
"14,40 : 63.29"
"14,41 : 93.24"
"14,42 : 42.64"
"14,43 : 19.65"
"14,44 : 57.94"
"14,45 : 36.4"
"14,46 : 82.35"
"14,47 : 23.26"
"14,48 : 104.86"
"14,49 : 53.15"
"15,0 : 60.21"
"15,1 : 50.04"
"15,2 : 91.35"
"15,3 : 58.25"
"15,4 : 53.85"
"15,5 : 45.54"
"15,6 : 14.56"
"15,7 : 62.97"
"15,8 : 32.14"
"15,9 : 30.59"
"15,10 : 5.0"
"15,11 : 54.57"
"15,12 : 32.02"
"15,13 : 40.8"
"15,14 : 44.72"
"15,15 : 0.0"
"15,16 : 27.86"
"15,17 : 71.17"
"15,18 : 73.57"
"15,19 : 56.01"
"15,20 : 23.35"
"15,21 : 40.46"
"15,22 : 96.61"
"15,23 : 26.25"
"15,24 : 71.31"
"15,25 : 79.48"
"15,26 : 59.2"
"15,27 : 22.47"
"15,28 : 31.14"
"15,29 : 55.57"
"15,30 : 65.92"
"15,31 : 26.0"
"15,32 : 94.05"
"15,33 : 93.24"
"15,34 : 34.13"
"15,35 : 56.65"
"15,36 : 84.65"
"15,37 : 12.21"
"15,38 : 84.69"
"15,39 : 61.4"
"15,40 : 80.53"
"15,41 : 55.97"
"15,42 : 68.25"
"15,43 : 45.01"
"15,44 : 14.04"
"15,45 : 62.65"
"15,46 : 55.33"
"15,47 : 35.51"
"15,48 : 68.96"
"15,49 : 33.24"
"16,0 : 39.66"
"16,1 : 26.83"
"16,2 : 82.49"
"16,3 : 48.3"
"16,4 : 63.15"
"16,5 : 19.24"
"16,6 : 32.56"
"16,7 : 41.68"
"16,8 : 59.44"
"16,9 : 16.49"
"16,10 : 23.77"
"16,11 : 64.33"
"16,12 : 10.82"
"16,13 : 43.05"
"16,14 : 67.94"
"16,15 : 27.86"
"16,16 : 0.0"
"16,17 : 78.16"
"16,18 : 60.61"
"16,19 : 71.31"
"16,20 : 49.93"
"16,21 : 36.35"
"16,22 : 93.3"
"16,23 : 39.36"
"16,24 : 90.43"
"16,25 : 100.4"
"16,26 : 57.87"
"16,27 : 45.04"
"16,28 : 8.6"
"16,29 : 58.03"
"16,30 : 76.49"
"16,31 : 50.0"
"16,32 : 86.35"
"16,33 : 88.96"
"16,34 : 61.72"
"16,35 : 28.79"
"16,36 : 74.63"
"16,37 : 36.12"
"16,38 : 88.28"
"16,39 : 84.96"
"16,40 : 83.38"
"16,41 : 28.16"
"16,42 : 78.09"
"16,43 : 61.27"
"16,44 : 25.32"
"16,45 : 73.98"
"16,46 : 33.12"
"16,47 : 63.06"
"16,48 : 41.23"
"16,49 : 57.04"
"17,0 : 67.68"
"17,1 : 72.09"
"17,2 : 47.52"
"17,3 : 44.2"
"17,4 : 17.46"
"17,5 : 78.75"
"17,6 : 56.61"
"17,7 : 70.21"
"17,8 : 83.87"
"17,9 : 62.65"
"17,10 : 74.22"
"17,11 : 17.0"
"17,12 : 69.87"
"17,13 : 35.13"
"17,14 : 49.65"
"17,15 : 71.17"
"17,16 : 78.16"
"17,17 : 0.0"
"17,18 : 51.61"
"17,19 : 25.06"
"17,20 : 63.01"
"17,21 : 43.17"
"17,22 : 37.36"
"17,23 : 44.92"
"17,24 : 39.01"
"17,25 : 50.36"
"17,26 : 25.81"
"17,27 : 89.44"
"17,28 : 71.7"
"17,29 : 21.19"
"17,30 : 10.44"
"17,31 : 90.05"
"17,32 : 46.04"
"17,33 : 37.34"
"17,34 : 70.71"
"17,35 : 93.64"
"17,36 : 47.43"
"17,37 : 81.15"
"17,38 : 15.62"
"17,39 : 54.12"
"17,40 : 13.93"
"17,41 : 91.76"
"17,42 : 8.06"
"17,43 : 31.83"
"17,44 : 84.4"
"17,45 : 13.42"
"17,46 : 70.71"
"17,47 : 70.72"
"17,48 : 98.84"
"17,49 : 95.41"
"18,0 : 26.31"
"18,1 : 38.28"
"18,2 : 23.54"
"18,3 : 15.81"
"18,4 : 50.96"
"18,5 : 48.47"
"18,6 : 63.69"
"18,7 : 27.02"
"18,8 : 101.24"
"18,9 : 45.97"
"18,10 : 73.24"
"18,11 : 52.2"
"18,12 : 49.82"
"18,13 : 39.32"
"18,14 : 83.02"
"18,15 : 73.57"
"18,16 : 60.61"
"18,17 : 51.61"
"18,18 : 0.0"
"18,19 : 66.48"
"18,20 : 81.74"
"18,21 : 34.18"
"18,22 : 40.45"
"18,23 : 56.52"
"18,24 : 86.73"
"18,25 : 98.79"
"18,26 : 28.46"
"18,27 : 96.04"
"18,28 : 52.01"
"18,29 : 36.4"
"18,30 : 58.59"
"18,31 : 99.36"
"18,32 : 28.28"
"18,33 : 35.36"
"18,34 : 94.15"
"18,35 : 58.86"
"18,36 : 15.3"
"18,37 : 85.76"
"18,38 : 50.0"
"18,39 : 95.19"
"18,40 : 45.45"
"18,41 : 56.89"
"18,42 : 57.8"
"18,43 : 64.38"
"18,44 : 80.92"
"18,45 : 59.09"
"18,46 : 32.98"
"18,47 : 94.92"
"18,48 : 58.08"
"18,49 : 106.47"
"19,0 : 74.4"
"19,1 : 74.28"
"19,2 : 69.18"
"19,3 : 54.13"
"19,4 : 15.52"
"19,5 : 78.01"
"19,6 : 42.3"
"19,7 : 77.42"
"19,8 : 61.4"
"19,9 : 58.83"
"19,10 : 60.13"
"19,11 : 14.32"
"19,12 : 65.86"
"19,13 : 33.97"
"19,14 : 24.84"
"19,15 : 56.01"
"19,16 : 71.31"
"19,17 : 25.06"
"19,18 : 66.48"
"19,19 : 0.0"
"19,20 : 41.79"
"19,21 : 43.86"
"19,22 : 62.03"
"19,23 : 32.28"
"19,24 : 21.4"
"19,25 : 33.29"
"19,26 : 38.08"
"19,27 : 70.34"
"19,28 : 67.12"
"19,29 : 30.08"
"19,30 : 15.0"
"19,31 : 69.89"
"19,32 : 68.73"
"19,33 : 61.4"
"19,34 : 47.2"
"19,35 : 93.23"
"19,36 : 67.07"
"19,37 : 63.64"
"19,38 : 40.5"
"19,39 : 30.15"
"19,40 : 38.91"
"19,41 : 91.61"
"19,42 : 17.8"
"19,43 : 11.0"
"19,44 : 70.03"
"19,45 : 11.66"
"19,46 : 75.07"
"19,47 : 47.01"
"19,48 : 101.32"
"19,49 : 74.32"
"20,0 : 75.17"
"20,1 : 67.68"
"20,2 : 94.83"
"20,3 : 65.97"
"20,4 : 46.1"
"20,5 : 65.55"
"20,6 : 20.22"
"20,7 : 78.23"
"20,8 : 21.26"
"20,9 : 47.3"
"20,10 : 28.32"
"20,11 : 46.23"
"20,12 : 51.26"
"20,13 : 43.08"
"20,14 : 23.35"
"20,15 : 23.35"
"20,16 : 49.93"
"20,17 : 63.01"
"20,18 : 81.74"
"20,19 : 41.79"
"20,20 : 0.0"
"20,21 : 47.85"
"20,22 : 95.13"
"20,23 : 25.3"
"20,24 : 52.04"
"20,25 : 58.46"
"20,26 : 60.03"
"20,27 : 29.15"
"20,28 : 51.08"
"20,29 : 53.82"
"20,30 : 55.07"
"20,31 : 28.16"
"20,32 : 96.38"
"20,33 : 92.8"
"20,34 : 13.04"
"20,35 : 78.29"
"20,36 : 89.55"
"20,37 : 24.74"
"20,38 : 78.24"
"20,39 : 39.0"
"20,40 : 75.07"
"20,41 : 77.37"
"20,42 : 57.8"
"20,43 : 31.76"
"20,44 : 35.36"
"20,45 : 51.48"
"20,46 : 71.85"
"20,47 : 14.14"
"20,48 : 89.96"
"20,49 : 32.65"
"21,0 : 31.3"
"21,1 : 30.61"
"21,2 : 50.93"
"21,3 : 18.38"
"21,4 : 31.06"
"21,5 : 35.85"
"21,6 : 29.55"
"21,7 : 34.44"
"21,8 : 67.07"
"21,9 : 20.02"
"21,10 : 41.04"
"21,11 : 32.45"
"21,12 : 27.02"
"21,13 : 9.9"
"21,14 : 52.89"
"21,15 : 40.46"
"21,16 : 36.35"
"21,17 : 43.17"
"21,18 : 34.18"
"21,19 : 43.86"
"21,20 : 47.85"
"21,21 : 0.0"
"21,22 : 58.14"
"21,23 : 23.02"
"21,24 : 65.19"
"21,25 : 76.84"
"21,26 : 21.59"
"21,27 : 62.8"
"21,28 : 29.0"
"21,29 : 22.2"
"21,30 : 43.83"
"21,31 : 65.73"
"21,32 : 53.81"
"21,33 : 54.2"
"21,34 : 60.53"
"21,35 : 50.99"
"21,36 : 44.2"
"21,37 : 52.63"
"21,38 : 52.04"
"21,39 : 67.62"
"21,40 : 47.1"
"21,41 : 49.19"
"21,42 : 44.78"
"21,43 : 37.22"
"21,44 : 50.0"
"21,45 : 42.19"
"21,46 : 31.24"
"21,47 : 61.4"
"21,48 : 57.8"
"21,49 : 72.72"
"22,0 : 66.03"
"22,1 : 76.32"
"22,2 : 20.25"
"22,3 : 45.89"
"22,4 : 50.25"
"22,5 : 85.84"
"22,6 : 83.1"
"22,7 : 67.19"
"22,8 : 116.39"
"22,9 : 76.9"
"22,10 : 98.18"
"22,11 : 50.61"
"22,12 : 82.86"
"22,13 : 55.8"
"22,14 : 85.87"
"22,15 : 96.61"
"22,16 : 93.3"
"22,17 : 37.36"
"22,18 : 40.45"
"22,19 : 62.03"
"22,20 : 95.13"
"22,21 : 58.14"
"22,22 : 0.0"
"22,23 : 72.18"
"22,24 : 75.54"
"22,25 : 86.09"
"22,26 : 37.44"
"22,27 : 117.8"
"22,28 : 85.07"
"22,29 : 41.73"
"22,30 : 47.8"
"22,31 : 119.6"
"22,32 : 15.62"
"22,33 : 5.1"
"22,34 : 104.86"
"22,35 : 98.08"
"22,36 : 26.57"
"22,37 : 108.23"
"22,38 : 24.0"
"22,39 : 91.48"
"22,40 : 23.54"
"22,41 : 96.08"
"22,42 : 45.35"
"22,43 : 66.73"
"22,44 : 107.7"
"22,45 : 50.6"
"22,46 : 72.03"
"22,47 : 105.12"
"22,48 : 98.41"
"22,49 : 125.87"
"23,0 : 52.63"
"23,1 : 47.89"
"23,2 : 69.97"
"23,3 : 40.79"
"23,4 : 27.66"
"23,5 : 48.92"
"23,6 : 11.7"
"23,7 : 55.79"
"23,8 : 45.65"
"23,9 : 29.07"
"23,10 : 29.43"
"23,11 : 28.44"
"23,12 : 35.38"
"23,13 : 17.89"
"23,14 : 31.76"
"23,15 : 26.25"
"23,16 : 39.36"
"23,17 : 44.92"
"23,18 : 56.52"
"23,19 : 32.28"
"23,20 : 25.3"
"23,21 : 23.02"
"23,22 : 72.18"
"23,23 : 0.0"
"23,24 : 51.11"
"23,25 : 61.4"
"23,26 : 35.61"
"23,27 : 45.8"
"23,28 : 36.24"
"23,29 : 30.48"
"23,30 : 40.11"
"23,31 : 47.42"
"23,32 : 71.85"
"23,33 : 69.31"
"23,34 : 37.66"
"23,35 : 63.64"
"23,36 : 64.4"
"23,37 : 36.72"
"23,38 : 58.6"
"23,39 : 48.01"
"23,40 : 54.59"
"23,41 : 62.24"
"23,42 : 42.3"
"23,43 : 21.93"
"23,44 : 39.62"
"23,45 : 37.01"
"23,46 : 50.7"
"23,47 : 38.47"
"23,48 : 73.41"
"23,49 : 53.76"
"24,0 : 95.8"
"24,1 : 95.46"
"24,2 : 86.37"
"24,3 : 75.18"
"24,4 : 36.24"
"24,5 : 98.72"
"24,6 : 59.24"
"24,7 : 98.81"
"24,8 : 67.47"
"24,9 : 79.2"
"24,10 : 75.96"
"24,11 : 34.89"
"24,12 : 86.02"
"24,13 : 55.32"
"24,14 : 29.07"
"24,15 : 71.31"
"24,16 : 90.43"
"24,17 : 39.01"
"24,18 : 86.73"
"24,19 : 21.4"
"24,20 : 52.04"
"24,21 : 65.19"
"24,22 : 75.54"
"24,23 : 51.11"
"24,24 : 0.0"
"24,25 : 12.08"
"24,26 : 58.31"
"24,27 : 81.01"
"24,28 : 87.09"
"24,29 : 50.57"
"24,30 : 29.27"
"24,31 : 79.23"
"24,32 : 85.05"
"24,33 : 76.11"
"24,34 : 52.17"
"24,35 : 113.85"
"24,36 : 85.51"
"24,37 : 76.42"
"24,38 : 51.79"
"24,39 : 20.62"
"24,40 : 52.15"
"24,41 : 112.29"
"24,42 : 31.06"
"24,43 : 29.41"
"24,44 : 85.15"
"24,45 : 27.89"
"24,46 : 96.43"
"24,47 : 51.42"
"24,48 : 122.38"
"24,49 : 82.04"
"25,0 : 107.65"
"25,1 : 106.89"
"25,2 : 97.87"
"25,3 : 87.24"
"25,4 : 48.3"
"25,5 : 109.71"
"25,6 : 68.48"
"25,7 : 110.68"
"25,8 : 71.06"
"25,9 : 90.03"
"25,10 : 84.31"
"25,11 : 46.96"
"25,12 : 96.67"
"25,13 : 67.01"
"25,14 : 35.17"
"25,15 : 79.48"
"25,16 : 100.4"
"25,17 : 50.36"
"25,18 : 98.79"
"25,19 : 33.29"
"25,20 : 58.46"
"25,21 : 76.84"
"25,22 : 86.09"
"25,23 : 61.4"
"25,24 : 12.08"
"25,25 : 0.0"
"25,26 : 70.38"
"25,27 : 86.58"
"25,28 : 97.62"
"25,29 : 62.65"
"25,30 : 41.0"
"25,31 : 84.15"
"25,32 : 96.33"
"25,33 : 87.01"
"25,34 : 56.0"
"25,35 : 124.74"
"25,36 : 97.29"
"25,37 : 83.2"
"25,38 : 62.13"
"25,39 : 21.1"
"25,40 : 63.01"
"25,41 : 123.24"
"25,42 : 42.58"
"25,43 : 40.31"
"25,44 : 92.97"
"25,45 : 39.85"
"25,46 : 108.07"
"25,47 : 55.01"
"25,48 : 133.65"
"25,49 : 86.02"
"26,0 : 41.88"
"26,1 : 47.13"
"26,2 : 34.93"
"26,3 : 18.44"
"26,4 : 22.56"
"26,5 : 54.74"
"26,6 : 45.97"
"26,7 : 44.41"
"26,8 : 80.99"
"26,9 : 41.44"
"26,10 : 60.75"
"26,11 : 23.77"
"26,12 : 48.17"
"26,13 : 18.44"
"26,14 : 56.44"
"26,15 : 59.2"
"26,16 : 57.87"
"26,17 : 25.81"
"26,18 : 28.46"
"26,19 : 38.08"
"26,20 : 60.03"
"26,21 : 21.59"
"26,22 : 37.44"
"26,23 : 35.61"
"26,24 : 58.31"
"26,25 : 70.38"
"26,26 : 0.0"
"26,27 : 80.66"
"26,28 : 50.25"
"26,29 : 8.06"
"26,30 : 30.81"
"26,31 : 82.76"
"26,32 : 36.36"
"26,33 : 34.06"
"26,34 : 71.18"
"26,35 : 69.12"
"26,36 : 30.59"
"26,37 : 70.94"
"26,38 : 31.14"
"26,39 : 67.27"
"26,40 : 26.08"
"26,41 : 67.19"
"26,42 : 30.48"
"26,43 : 37.05"
"26,44 : 70.33"
"26,45 : 30.89"
"26,46 : 45.19"
"26,47 : 71.69"
"26,48 : 73.41"
"26,49 : 89.27"
"27,0 : 81.61"
"27,1 : 70.41"
"27,2 : 113.57"
"27,3 : 80.71"
"27,4 : 72.01"
"27,5 : 64.2"
"27,6 : 34.71"
"27,7 : 84.2"
"27,8 : 19.85"
"27,9 : 52.2"
"27,10 : 23.41"
"27,11 : 72.45"
"27,12 : 52.17"
"27,13 : 62.24"
"27,14 : 52.01"
"27,15 : 22.47"
"27,16 : 45.04"
"27,17 : 89.44"
"27,18 : 96.04"
"27,19 : 70.34"
"27,20 : 29.15"
"27,21 : 62.8"
"27,22 : 117.8"
"27,23 : 45.8"
"27,24 : 81.01"
"27,25 : 86.58"
"27,26 : 80.66"
"27,27 : 0.0"
"27,28 : 50.8"
"27,29 : 76.22"
"27,30 : 82.64"
"27,31 : 5.39"
"27,32 : 116.1"
"27,33 : 114.69"
"27,34 : 31.62"
"27,35 : 72.44"
"27,36 : 107.0"
"27,37 : 10.3"
"27,38 : 103.94"
"27,39 : 66.1"
"27,40 : 100.17"
"27,41 : 72.25"
"27,42 : 85.23"
"27,43 : 59.77"
"27,44 : 20.1"
"27,45 : 79.12"
"27,46 : 76.16"
"27,47 : 32.89"
"27,48 : 85.38"
"27,49 : 12.0"
"28,0 : 31.76"
"28,1 : 19.65"
"28,2 : 73.93"
"28,3 : 39.81"
"28,4 : 57.57"
"28,5 : 14.56"
"28,6 : 31.91"
"28,7 : 34.01"
"28,8 : 63.29"
"28,9 : 9.06"
"28,10 : 28.02"
"28,11 : 58.82"
"28,12 : 2.24"
"28,13 : 36.67"
"28,14 : 66.71"
"28,15 : 31.14"
"28,16 : 8.6"
"28,17 : 71.7"
"28,18 : 52.01"
"28,19 : 67.12"
"28,20 : 51.08"
"28,21 : 29.0"
"28,22 : 85.07"
"28,23 : 36.24"
"28,24 : 87.09"
"28,25 : 97.62"
"28,26 : 50.25"
"28,27 : 50.8"
"28,28 : 0.0"
"28,29 : 51.09"
"28,30 : 70.88"
"28,31 : 55.44"
"28,32 : 77.83"
"28,33 : 80.65"
"28,34 : 63.57"
"28,35 : 27.8"
"28,36 : 66.04"
"28,37 : 41.19"
"28,38 : 81.02"
"28,39 : 83.55"
"28,40 : 76.06"
"28,41 : 26.63"
"28,42 : 72.28"
"28,43 : 57.69"
"28,44 : 31.95"
"28,45 : 68.62"
"28,46 : 25.63"
"28,47 : 64.85"
"28,48 : 38.91"
"28,49 : 62.65"
"29,0 : 47.51"
"29,1 : 50.99"
"29,2 : 42.06"
"29,3 : 25.0"
"29,4 : 14.56"
"29,5 : 57.57"
"29,6 : 41.62"
"29,7 : 50.25"
"29,8 : 75.0"
"29,9 : 42.05"
"29,10 : 57.7"
"29,11 : 15.81"
"29,12 : 49.16"
"29,13 : 15.52"
"29,14 : 48.66"
"29,15 : 55.57"
"29,16 : 58.03"
"29,17 : 21.19"
"29,18 : 36.4"
"29,19 : 30.08"
"29,20 : 53.82"
"29,21 : 22.2"
"29,22 : 41.73"
"29,23 : 30.48"
"29,24 : 50.57"
"29,25 : 62.65"
"29,26 : 8.06"
"29,27 : 76.22"
"29,28 : 51.09"
"29,29 : 0.0"
"29,30 : 24.04"
"29,31 : 77.9"
"29,32 : 42.95"
"29,33 : 39.05"
"29,34 : 64.41"
"29,35 : 72.45"
"29,36 : 38.33"
"29,37 : 66.85"
"29,38 : 30.41"
"29,39 : 59.21"
"29,40 : 25.71"
"29,41 : 70.58"
"29,42 : 24.21"
"29,43 : 29.15"
"29,44 : 67.62"
"29,45 : 23.6"
"29,46 : 49.93"
"29,47 : 64.85"
"29,48 : 77.9"
"29,49 : 84.15"
"30,0 : 71.51"
"30,1 : 74.09"
"30,2 : 57.14"
"30,3 : 48.92"
"30,4 : 13.34"
"30,5 : 79.62"
"30,6 : 51.48"
"30,7 : 74.28"
"30,8 : 75.45"
"30,9 : 61.98"
"30,10 : 69.46"
"30,11 : 12.17"
"30,12 : 69.26"
"30,13 : 34.54"
"30,14 : 39.82"
"30,15 : 65.92"
"30,16 : 76.49"
"30,17 : 10.44"
"30,18 : 58.59"
"30,19 : 15.0"
"30,20 : 55.07"
"30,21 : 43.83"
"30,22 : 47.8"
"30,23 : 40.11"
"30,24 : 29.27"
"30,25 : 41.0"
"30,26 : 30.81"
"30,27 : 82.64"
"30,28 : 70.88"
"30,29 : 24.04"
"30,30 : 0.0"
"30,31 : 82.76"
"30,32 : 56.01"
"30,33 : 47.68"
"30,34 : 61.72"
"30,35 : 94.81"
"30,36 : 56.29"
"30,37 : 75.0"
"30,38 : 25.55"
"30,39 : 43.68"
"30,40 : 24.35"
"30,41 : 93.02"
"30,42 : 2.83"
"30,43 : 23.32"
"30,44 : 79.63"
"30,45 : 3.61"
"30,46 : 73.6"
"30,47 : 61.62"
"30,48 : 101.24"
"30,49 : 87.71"
"31,0 : 85.87"
"31,1 : 74.97"
"31,2 : 116.21"
"31,3 : 83.86"
"31,4 : 72.72"
"31,5 : 69.07"
"31,6 : 36.88"
"31,7 : 88.53"
"31,8 : 15.26"
"31,9 : 56.32"
"31,10 : 27.66"
"31,11 : 73.06"
"31,12 : 56.72"
"31,13 : 64.44"
"31,14 : 50.16"
"31,15 : 26.0"
"31,16 : 50.0"
"31,17 : 90.05"
"31,18 : 99.36"
"31,19 : 69.89"
"31,20 : 28.16"
"31,21 : 65.73"
"31,22 : 119.6"
"31,23 : 47.42"
"31,24 : 79.23"
"31,25 : 84.15"
"31,26 : 82.76"
"31,27 : 5.39"
"31,28 : 55.44"
"31,29 : 77.9"
"31,30 : 82.76"
"31,31 : 0.0"
"31,32 : 118.56"
"31,33 : 116.67"
"31,34 : 28.44"
"31,35 : 77.65"
"31,36 : 109.86"
"31,37 : 14.32"
"31,38 : 104.85"
"31,39 : 63.39"
"31,40 : 101.26"
"31,41 : 77.41"
"31,42 : 85.43"
"31,43 : 59.62"
"31,44 : 25.32"
"31,45 : 79.2"
"31,46 : 80.6"
"31,47 : 29.61"
"31,48 : 90.55"
"31,49 : 7.28"
"32,0 : 54.59"
"32,1 : 66.22"
"32,2 : 5.1"
"32,3 : 38.08"
"32,4 : 54.82"
"32,5 : 76.24"
"32,6 : 81.69"
"32,7 : 55.23"
"32,8 : 117.35"
"32,9 : 70.49"
"32,10 : 94.85"
"32,11 : 55.54"
"32,12 : 75.59"
"32,13 : 54.2"
"32,14 : 90.8"
"32,15 : 94.05"
"32,16 : 86.35"
"32,17 : 46.04"
"32,18 : 28.28"
"32,19 : 68.73"
"32,20 : 96.38"
"32,21 : 53.81"
"32,22 : 15.62"
"32,23 : 71.85"
"32,24 : 85.05"
"32,25 : 96.33"
"32,26 : 36.36"
"32,27 : 116.1"
"32,28 : 77.83"
"32,29 : 42.95"
"32,30 : 56.01"
"32,31 : 118.56"
"32,32 : 0.0"
"32,33 : 11.4"
"32,34 : 107.33"
"32,35 : 87.13"
"32,36 : 13.04"
"32,37 : 106.1"
"32,38 : 36.06"
"32,39 : 98.86"
"32,40 : 33.73"
"32,41 : 85.16"
"32,42 : 54.01"
"32,43 : 71.17"
"32,44 : 103.71"
"32,45 : 58.14"
"32,46 : 61.19"
"32,47 : 107.79"
"32,48 : 86.01"
"32,49 : 125.25"
"33,0 : 61.01"
"33,1 : 71.45"
"33,2 : 15.62"
"33,3 : 41.23"
"33,4 : 48.75"
"33,5 : 81.05"
"33,6 : 79.98"
"33,7 : 62.13"
"33,8 : 114.02"
"33,9 : 72.62"
"33,10 : 94.63"
"33,11 : 49.24"
"33,12 : 78.43"
"33,13 : 52.5"
"33,14 : 84.69"
"33,15 : 93.24"
"33,16 : 88.96"
"33,17 : 37.34"
"33,18 : 35.36"
"33,19 : 61.4"
"33,20 : 92.8"
"33,21 : 54.2"
"33,22 : 5.1"
"33,23 : 69.31"
"33,24 : 76.11"
"33,25 : 87.01"
"33,26 : 34.06"
"33,27 : 114.69"
"33,28 : 80.65"
"33,29 : 39.05"
"33,30 : 47.68"
"33,31 : 116.67"
"33,32 : 11.4"
"33,33 : 0.0"
"33,34 : 102.93"
"33,35 : 93.13"
"33,36 : 21.54"
"33,37 : 105.0"
"33,38 : 25.5"
"33,39 : 91.22"
"33,40 : 24.0"
"33,41 : 91.14"
"33,42 : 45.4"
"33,43 : 65.31"
"33,44 : 104.01"
"33,45 : 50.22"
"33,46 : 67.07"
"33,47 : 103.25"
"33,48 : 93.34"
"33,49 : 123.07"
"34,0 : 88.2"
"34,1 : 80.6"
"34,2 : 106.1"
"34,3 : 78.45"
"34,4 : 54.82"
"34,5 : 78.11"
"34,6 : 33.24"
"34,7 : 91.27"
"34,8 : 15.3"
"34,9 : 60.21"
"34,10 : 38.83"
"34,11 : 54.67"
"34,12 : 63.89"
"34,13 : 55.08"
"34,14 : 23.77"
"34,15 : 34.13"
"34,16 : 61.72"
"34,17 : 70.71"
"34,18 : 94.15"
"34,19 : 47.2"
"34,20 : 13.04"
"34,21 : 60.53"
"34,22 : 104.86"
"34,23 : 37.66"
"34,24 : 52.17"
"34,25 : 56.0"
"34,26 : 71.18"
"34,27 : 31.62"
"34,28 : 63.57"
"34,29 : 64.41"
"34,30 : 61.72"
"34,31 : 28.44"
"34,32 : 107.33"
"34,33 : 102.93"
"34,34 : 0.0"
"34,35 : 90.38"
"34,36 : 101.24"
"34,37 : 31.4"
"34,38 : 86.28"
"34,39 : 35.06"
"34,40 : 83.63"
"34,41 : 89.55"
"34,42 : 64.54"
"34,43 : 38.9"
"34,44 : 43.86"
"34,45 : 58.14"
"34,46 : 84.85"
"34,47 : 1.41"
"34,48 : 102.32"
"34,49 : 30.07"
"35,0 : 32.56"
"35,1 : 22.2"
"35,2 : 82.38"
"35,3 : 53.24"
"35,4 : 81.88"
"35,5 : 15.26"
"35,6 : 59.64"
"35,7 : 32.28"
"35,8 : 88.06"
"35,9 : 34.71"
"35,10 : 52.5"
"35,11 : 83.24"
"35,12 : 28.32"
"35,13 : 60.42"
"35,14 : 94.49"
"35,15 : 56.65"
"35,16 : 28.79"
"35,17 : 93.64"
"35,18 : 58.86"
"35,19 : 93.23"
"35,20 : 78.29"
"35,21 : 50.99"
"35,22 : 98.08"
"35,23 : 63.64"
"35,24 : 113.85"
"35,25 : 124.74"
"35,26 : 69.12"
"35,27 : 72.44"
"35,28 : 27.8"
"35,29 : 72.45"
"35,30 : 94.81"
"35,31 : 77.65"
"35,32 : 87.13"
"35,33 : 93.13"
"35,34 : 90.38"
"35,35 : 0.0"
"35,36 : 74.15"
"35,37 : 64.33"
"35,38 : 100.02"
"35,39 : 111.29"
"35,40 : 94.92"
"35,41 : 2.0"
"35,42 : 95.75"
"35,43 : 84.5"
"35,44 : 52.35"
"35,45 : 93.06"
"35,46 : 26.08"
"35,47 : 91.71"
"35,48 : 13.0"
"35,49 : 84.38"
"36,0 : 41.59"
"36,1 : 53.45"
"36,2 : 8.25"
"36,3 : 26.91"
"36,4 : 52.01"
"36,5 : 63.57"
"36,6 : 73.25"
"36,7 : 42.19"
"36,8 : 110.02"
"36,9 : 59.2"
"36,10 : 84.96"
"36,11 : 53.0"
"36,12 : 63.81"
"36,13 : 46.52"
"36,14 : 86.98"
"36,15 : 84.65"
"36,16 : 74.63"
"36,17 : 47.43"
"36,18 : 15.3"
"36,19 : 67.07"
"36,20 : 89.55"
"36,21 : 44.2"
"36,22 : 26.57"
"36,23 : 64.4"
"36,24 : 85.51"
"36,25 : 97.29"
"36,26 : 30.59"
"36,27 : 107.0"
"36,28 : 66.04"
"36,29 : 38.33"
"36,30 : 56.29"
"36,31 : 109.86"
"36,32 : 13.04"
"36,33 : 21.54"
"36,34 : 101.24"
"36,35 : 74.15"
"36,36 : 0.0"
"36,37 : 96.83"
"36,38 : 41.4"
"36,39 : 97.0"
"36,40 : 37.74"
"36,41 : 72.18"
"36,42 : 54.82"
"36,43 : 67.48"
"36,44 : 93.35"
"36,45 : 57.71"
"36,46 : 48.27"
"36,47 : 101.84"
"36,48 : 73.0"
"36,49 : 116.76"
"37,0 : 71.57"
"37,1 : 60.67"
"37,2 : 103.48"
"37,3 : 70.46"
"37,4 : 63.69"
"37,5 : 55.0"
"37,6 : 25.24"
"37,7 : 74.22"
"37,8 : 24.17"
"37,9 : 42.06"
"37,10 : 13.34"
"37,11 : 64.26"
"37,12 : 42.43"
"37,13 : 52.5"
"37,14 : 48.05"
"37,15 : 12.21"
"37,16 : 36.12"
"37,17 : 81.15"
"37,18 : 85.76"
"37,19 : 63.64"
"37,20 : 24.74"
"37,21 : 52.63"
"37,22 : 108.23"
"37,23 : 36.72"
"37,24 : 76.42"
"37,25 : 83.2"
"37,26 : 70.94"
"37,27 : 10.3"
"37,28 : 41.19"
"37,29 : 66.85"
"37,30 : 75.0"
"37,31 : 14.32"
"37,32 : 106.1"
"37,33 : 105.0"
"37,34 : 31.4"
"37,35 : 64.33"
"37,36 : 96.83"
"37,37 : 0.0"
"37,38 : 95.26"
"37,39 : 63.57"
"37,40 : 91.3"
"37,41 : 63.95"
"37,42 : 77.49"
"37,43 : 52.77"
"37,44 : 13.04"
"37,45 : 71.57"
"37,46 : 66.29"
"37,47 : 32.8"
"37,48 : 77.1"
"37,49 : 21.59"
"38,0 : 70.94"
"38,1 : 77.88"
"38,2 : 38.91"
"38,3 : 47.43"
"38,4 : 32.2"
"38,5 : 85.84"
"38,6 : 70.26"
"38,7 : 73.01"
"38,8 : 99.25"
"38,9 : 72.06"
"38,10 : 87.32"
"38,11 : 32.02"
"38,12 : 79.01"
"38,13 : 45.89"
"38,14 : 65.22"
"38,15 : 84.69"
"38,16 : 88.28"
"38,17 : 15.62"
"38,18 : 50.0"
"38,19 : 40.5"
"38,20 : 78.24"
"38,21 : 52.04"
"38,22 : 24.0"
"38,23 : 58.6"
"38,24 : 51.79"
"38,25 : 62.13"
"38,26 : 31.14"
"38,27 : 103.94"
"38,28 : 81.02"
"38,29 : 30.41"
"38,30 : 25.55"
"38,31 : 104.85"
"38,32 : 36.06"
"38,33 : 25.5"
"38,34 : 86.28"
"38,35 : 100.02"
"38,36 : 41.4"
"38,37 : 95.26"
"38,38 : 0.0"
"38,39 : 68.71"
"38,40 : 5.1"
"38,41 : 98.06"
"38,42 : 22.83"
"38,43 : 47.38"
"38,44 : 97.41"
"38,45 : 28.84"
"38,46 : 75.29"
"38,47 : 86.31"
"38,48 : 103.41"
"38,49 : 110.44"
"39,0 : 98.9"
"39,1 : 95.72"
"39,2 : 99.32"
"39,3 : 81.49"
"39,4 : 45.01"
"39,5 : 96.83"
"39,6 : 52.4"
"39,7 : 102.04"
"39,8 : 50.01"
"39,9 : 77.01"
"39,10 : 66.37"
"39,11 : 44.0"
"39,12 : 82.98"
"39,13 : 58.52"
"39,14 : 17.03"
"39,15 : 61.4"
"39,16 : 84.96"
"39,17 : 54.12"
"39,18 : 95.19"
"39,19 : 30.15"
"39,20 : 39.0"
"39,21 : 67.62"
"39,22 : 91.48"
"39,23 : 48.01"
"39,24 : 20.62"
"39,25 : 21.1"
"39,26 : 67.27"
"39,27 : 66.1"
"39,28 : 83.55"
"39,29 : 59.21"
"39,30 : 43.68"
"39,31 : 63.39"
"39,32 : 98.86"
"39,33 : 91.22"
"39,34 : 35.06"
"39,35 : 111.29"
"39,36 : 97.0"
"39,37 : 63.57"
"39,38 : 68.71"
"39,39 : 0.0"
"39,40 : 68.01"
"39,41 : 109.99"
"39,42 : 46.17"
"39,43 : 31.05"
"39,44 : 74.25"
"39,45 : 41.0"
"39,46 : 98.01"
"39,47 : 34.01"
"39,48 : 121.4"
"39,49 : 65.0"
"40,0 : 65.92"
"40,1 : 72.78"
"40,2 : 36.06"
"40,3 : 42.38"
"40,4 : 29.0"
"40,5 : 80.75"
"40,6 : 66.19"
"40,7 : 68.03"
"40,8 : 96.21"
"40,9 : 67.12"
"40,10 : 83.01"
"40,11 : 29.0"
"40,12 : 74.03"
"40,13 : 41.23"
"40,14 : 63.29"
"40,15 : 80.53"
"40,16 : 83.38"
"40,17 : 13.93"
"40,18 : 45.45"
"40,19 : 38.91"
"40,20 : 75.07"
"40,21 : 47.1"
"40,22 : 23.54"
"40,23 : 54.59"
"40,24 : 52.15"
"40,25 : 63.01"
"40,26 : 26.08"
"40,27 : 100.17"
"40,28 : 76.06"
"40,29 : 25.71"
"40,30 : 24.35"
"40,31 : 101.26"
"40,32 : 33.73"
"40,33 : 24.0"
"40,34 : 83.63"
"40,35 : 94.92"
"40,36 : 37.74"
"40,37 : 91.3"
"40,38 : 5.1"
"40,39 : 68.01"
"40,40 : 0.0"
"40,41 : 92.96"
"40,42 : 21.84"
"40,43 : 44.82"
"40,44 : 93.05"
"40,45 : 27.31"
"40,46 : 70.21"
"40,47 : 83.74"
"40,48 : 98.35"
"40,49 : 107.0"
"41,0 : 30.59"
"41,1 : 20.22"
"41,2 : 80.41"
"41,3 : 51.24"
"41,4 : 80.13"
"41,5 : 13.6"
"41,6 : 58.52"
"41,7 : 30.36"
"41,8 : 87.56"
"41,9 : 33.24"
"41,10 : 51.92"
"41,11 : 81.49"
"41,12 : 27.02"
"41,13 : 58.67"
"41,14 : 93.24"
"41,15 : 55.97"
"41,16 : 28.16"
"41,17 : 91.76"
"41,18 : 56.89"
"41,19 : 91.61"
"41,20 : 77.37"
"41,21 : 49.19"
"41,22 : 96.08"
"41,23 : 62.24"
"41,24 : 112.29"
"41,25 : 123.24"
"41,26 : 67.19"
"41,27 : 72.25"
"41,28 : 26.63"
"41,29 : 70.58"
"41,30 : 93.02"
"41,31 : 77.41"
"41,32 : 85.16"
"41,33 : 91.14"
"41,34 : 89.55"
"41,35 : 2.0"
"41,36 : 72.18"
"41,37 : 63.95"
"41,38 : 98.06"
"41,39 : 109.99"
"41,40 : 92.96"
"41,41 : 0.0"
"41,42 : 93.94"
"41,43 : 82.98"
"41,44 : 52.15"
"41,45 : 91.3"
"41,46 : 24.08"
"41,47 : 90.87"
"41,48 : 13.15"
"41,49 : 84.21"
"42,0 : 71.7"
"42,1 : 74.79"
"42,2 : 55.33"
"42,3 : 48.8"
"42,4 : 15.03"
"42,5 : 80.62"
"42,6 : 53.76"
"42,7 : 74.41"
"42,8 : 78.24"
"42,9 : 63.32"
"42,10 : 71.7"
"42,11 : 14.0"
"42,12 : 70.6"
"42,13 : 35.74"
"42,14 : 42.64"
"42,15 : 68.25"
"42,16 : 78.09"
"42,17 : 8.06"
"42,18 : 57.8"
"42,19 : 17.8"
"42,20 : 57.8"
"42,21 : 44.78"
"42,22 : 45.35"
"42,23 : 42.3"
"42,24 : 31.06"
"42,25 : 42.58"
"42,26 : 30.48"
"42,27 : 85.23"
"42,28 : 72.28"
"42,29 : 24.21"
"42,30 : 2.83"
"42,31 : 85.43"
"42,32 : 54.01"
"42,33 : 45.4"
"42,34 : 64.54"
"42,35 : 95.75"
"42,36 : 54.82"
"42,37 : 77.49"
"42,38 : 22.83"
"42,39 : 46.17"
"42,40 : 21.84"
"42,41 : 93.94"
"42,42 : 0.0"
"42,43 : 26.08"
"42,44 : 81.88"
"42,45 : 6.4"
"42,46 : 74.06"
"42,47 : 64.44"
"42,48 : 101.87"
"42,49 : 90.43"
"43,0 : 68.48"
"43,1 : 66.71"
"43,2 : 70.83"
"43,3 : 50.45"
"43,4 : 16.55"
"43,5 : 69.43"
"43,6 : 31.4"
"43,7 : 71.59"
"43,8 : 52.2"
"43,9 : 49.82"
"43,10 : 49.16"
"43,11 : 16.12"
"43,12 : 56.61"
"43,13 : 27.73"
"43,14 : 19.65"
"43,15 : 45.01"
"43,16 : 61.27"
"43,17 : 31.83"
"43,18 : 64.38"
"43,19 : 11.0"
"43,20 : 31.76"
"43,21 : 37.22"
"43,22 : 66.73"
"43,23 : 21.93"
"43,24 : 29.41"
"43,25 : 40.31"
"43,26 : 37.05"
"43,27 : 59.77"
"43,28 : 57.69"
"43,29 : 29.15"
"43,30 : 23.32"
"43,31 : 59.62"
"43,32 : 71.17"
"43,33 : 65.31"
"43,34 : 38.9"
"43,35 : 84.5"
"43,36 : 67.48"
"43,37 : 52.77"
"43,38 : 47.38"
"43,39 : 31.05"
"43,40 : 44.82"
"43,41 : 82.98"
"43,42 : 26.08"
"43,43 : 0.0"
"43,44 : 59.03"
"43,45 : 19.72"
"43,46 : 68.24"
"43,47 : 38.95"
"43,48 : 93.35"
"43,49 : 64.41"
"44,0 : 63.56"
"44,1 : 51.55"
"44,2 : 100.57"
"44,3 : 66.47"
"44,4 : 67.27"
"44,5 : 44.55"
"44,6 : 28.16"
"44,7 : 65.92"
"44,8 : 37.12"
"44,9 : 35.23"
"44,10 : 10.2"
"44,11 : 68.07"
"44,12 : 33.62"
"44,13 : 52.33"
"44,14 : 57.94"
"44,15 : 14.04"
"44,16 : 25.32"
"44,17 : 84.4"
"44,18 : 80.92"
"44,19 : 70.03"
"44,20 : 35.36"
"44,21 : 50.0"
"44,22 : 107.7"
"44,23 : 39.62"
"44,24 : 85.15"
"44,25 : 92.97"
"44,26 : 70.33"
"44,27 : 20.1"
"44,28 : 31.95"
"44,29 : 67.62"
"44,30 : 79.63"
"44,31 : 25.32"
"44,32 : 103.71"
"44,33 : 104.01"
"44,34 : 43.86"
"44,35 : 52.35"
"44,36 : 93.35"
"44,37 : 13.04"
"44,38 : 97.41"
"44,39 : 74.25"
"44,40 : 93.05"
"44,41 : 52.15"
"44,42 : 81.88"
"44,43 : 59.03"
"44,44 : 0.0"
"44,45 : 76.42"
"44,46 : 57.58"
"44,47 : 45.28"
"44,48 : 65.28"
"44,49 : 32.06"
"45,0 : 70.71"
"45,1 : 72.67"
"45,2 : 59.01"
"45,3 : 48.6"
"45,4 : 11.18"
"45,5 : 77.83"
"45,6 : 48.26"
"45,7 : 73.55"
"45,8 : 71.85"
"45,9 : 59.81"
"45,10 : 66.27"
"45,11 : 9.85"
"45,12 : 67.07"
"45,13 : 32.65"
"45,14 : 36.4"
"45,15 : 62.65"
"45,16 : 73.98"
"45,17 : 13.42"
"45,18 : 59.09"
"45,19 : 11.66"
"45,20 : 51.48"
"45,21 : 42.19"
"45,22 : 50.6"
"45,23 : 37.01"
"45,24 : 27.89"
"45,25 : 39.85"
"45,26 : 30.89"
"45,27 : 79.12"
"45,28 : 68.62"
"45,29 : 23.6"
"45,30 : 3.61"
"45,31 : 79.2"
"45,32 : 58.14"
"45,33 : 50.22"
"45,34 : 58.14"
"45,35 : 93.06"
"45,36 : 57.71"
"45,37 : 71.57"
"45,38 : 28.84"
"45,39 : 41.0"
"45,40 : 27.31"
"45,41 : 91.3"
"45,42 : 6.4"
"45,43 : 19.72"
"45,44 : 76.42"
"45,45 : 0.0"
"45,46 : 72.47"
"45,47 : 58.05"
"45,48 : 99.86"
"45,49 : 84.12"
"46,0 : 7.21"
"46,1 : 6.4"
"46,2 : 56.52"
"46,3 : 27.89"
"46,4 : 61.62"
"46,5 : 16.4"
"46,6 : 51.62"
"46,7 : 8.6"
"46,8 : 87.05"
"46,9 : 25.0"
"46,10 : 52.95"
"46,11 : 63.03"
"46,12 : 24.04"
"46,13 : 41.11"
"46,14 : 82.35"
"46,15 : 55.33"
"46,16 : 33.12"
"46,17 : 70.71"
"46,18 : 32.98"
"46,19 : 75.07"
"46,20 : 71.85"
"46,21 : 31.24"
"46,22 : 72.03"
"46,23 : 50.7"
"46,24 : 96.43"
"46,25 : 108.07"
"46,26 : 45.19"
"46,27 : 76.16"
"46,28 : 25.63"
"46,29 : 49.93"
"46,30 : 73.6"
"46,31 : 80.6"
"46,32 : 61.19"
"46,33 : 67.07"
"46,34 : 84.85"
"46,35 : 26.08"
"46,36 : 48.27"
"46,37 : 66.29"
"46,38 : 75.29"
"46,39 : 98.01"
"46,40 : 70.21"
"46,41 : 24.08"
"46,42 : 74.06"
"46,43 : 68.24"
"46,44 : 57.58"
"46,45 : 72.47"
"46,46 : 0.0"
"46,47 : 85.99"
"46,48 : 28.23"
"46,49 : 87.86"
"47,0 : 89.27"
"47,1 : 81.79"
"47,2 : 106.62"
"47,3 : 79.25"
"47,4 : 55.0"
"47,5 : 79.38"
"47,6 : 34.37"
"47,7 : 92.35"
"47,8 : 16.12"
"47,9 : 61.39"
"47,10 : 40.22"
"47,11 : 54.82"
"47,12 : 65.15"
"47,13 : 55.79"
"47,14 : 23.26"
"47,15 : 35.51"
"47,16 : 63.06"
"47,17 : 70.72"
"47,18 : 94.92"
"47,19 : 47.01"
"47,20 : 14.14"
"47,21 : 61.4"
"47,22 : 105.12"
"47,23 : 38.47"
"47,24 : 51.42"
"47,25 : 55.01"
"47,26 : 71.69"
"47,27 : 32.89"
"47,28 : 64.85"
"47,29 : 64.85"
"47,30 : 61.62"
"47,31 : 29.61"
"47,32 : 107.79"
"47,33 : 103.25"
"47,34 : 1.41"
"47,35 : 91.71"
"47,36 : 101.84"
"47,37 : 32.8"
"47,38 : 86.31"
"47,39 : 34.01"
"47,40 : 83.74"
"47,41 : 90.87"
"47,42 : 64.44"
"47,43 : 38.95"
"47,44 : 45.28"
"47,45 : 58.05"
"47,46 : 85.99"
"47,47 : 0.0"
"47,48 : 103.62"
"47,49 : 31.02"
"48,0 : 32.76"
"48,1 : 27.2"
"48,2 : 81.02"
"48,3 : 55.97"
"48,4 : 88.81"
"48,5 : 24.7"
"48,6 : 70.71"
"48,7 : 31.26"
"48,8 : 100.66"
"48,9 : 44.41"
"48,10 : 65.0"
"48,11 : 90.21"
"48,12 : 38.95"
"48,13 : 67.62"
"48,14 : 104.86"
"48,15 : 68.96"
"48,16 : 41.23"
"48,17 : 98.84"
"48,18 : 58.08"
"48,19 : 101.32"
"48,20 : 89.96"
"48,21 : 57.8"
"48,22 : 98.41"
"48,23 : 73.41"
"48,24 : 122.38"
"48,25 : 133.65"
"48,26 : 73.41"
"48,27 : 85.38"
"48,28 : 38.91"
"48,29 : 77.9"
"48,30 : 101.24"
"48,31 : 90.55"
"48,32 : 86.01"
"48,33 : 93.34"
"48,34 : 102.32"
"48,35 : 13.0"
"48,36 : 73.0"
"48,37 : 77.1"
"48,38 : 103.41"
"48,39 : 121.4"
"48,40 : 98.35"
"48,41 : 13.15"
"48,42 : 101.87"
"48,43 : 93.35"
"48,44 : 65.28"
"48,45 : 99.86"
"48,46 : 28.23"
"48,47 : 103.62"
"48,48 : 0.0"
"48,49 : 97.33"
"49,0 : 93.15"
"49,1 : 82.2"
"49,2 : 123.0"
"49,3 : 90.92"
"49,4 : 78.24"
"49,5 : 76.16"
"49,6 : 43.6"
"49,7 : 95.8"
"49,8 : 15.03"
"49,9 : 63.6"
"49,10 : 34.93"
"49,11 : 78.49"
"49,12 : 63.95"
"49,13 : 71.06"
"49,14 : 53.15"
"49,15 : 33.24"
"49,16 : 57.04"
"49,17 : 95.41"
"49,18 : 106.47"
"49,19 : 74.32"
"49,20 : 32.65"
"49,21 : 72.72"
"49,22 : 125.87"
"49,23 : 53.76"
"49,24 : 82.04"
"49,25 : 86.02"
"49,26 : 89.27"
"49,27 : 12.0"
"49,28 : 62.65"
"49,29 : 84.15"
"49,30 : 87.71"
"49,31 : 7.28"
"49,32 : 125.25"
"49,33 : 123.07"
"49,34 : 30.07"
"49,35 : 84.38"
"49,36 : 116.76"
"49,37 : 21.59"
"49,38 : 110.44"
"49,39 : 65.0"
"49,40 : 107.0"
"49,41 : 84.21"
"49,42 : 90.43"
"49,43 : 64.41"
"49,44 : 32.06"
"49,45 : 84.12"
"49,46 : 87.86"
"49,47 : 31.02"
"49,48 : 97.33"
"49,49 : 0.0"
