x,y
80,25
92,98
58,20
15,50
65,71
5,86
94,33
6,54
84,7
60,78
56,48
31,75
79,53
76,91
98,17
12,2
95,79
45,70
100,22
61,13
89,52
61,97
62,43
99,38
69,96
39,83
55,23
72,22
75,34
80,62
2,30
55,3
6,57
19,92
39,39
93,61
37,72
13,71
45,32
63,61
34,26
77,46
55,80
64,65
85,80
44,42
0,41
63,47
94,30
3,78

Distanze
"0,0 : 0.0"
"0,1 : 73.98"
"0,2 : 22.56"
"0,3 : 69.64"
"0,4 : 48.38"
"0,5 : 96.67"
"0,6 : 16.12"
"0,7 : 79.48"
"0,8 : 18.44"
"0,9 : 56.65"
"0,10 : 33.24"
"0,11 : 70.01"
"0,12 : 28.02"
"0,13 : 66.12"
"0,14 : 19.7"
"0,15 : 71.78"
"0,16 : 56.04"
"0,17 : 57.01"
"0,18 : 20.22"
"0,19 : 22.47"
"0,20 : 28.46"
"0,21 : 74.46"
"0,22 : 25.46"
"0,23 : 23.02"
"0,24 : 71.85"
"0,25 : 71.03"
"0,26 : 25.08"
"0,27 : 8.54"
"0,28 : 10.3"
"0,29 : 37.0"
"0,30 : 78.16"
"0,31 : 33.3"
"0,32 : 80.62"
"0,33 : 90.61"
"0,34 : 43.32"
"0,35 : 38.28"
"0,36 : 63.7"
"0,37 : 81.27"
"0,38 : 35.69"
"0,39 : 39.81"
"0,40 : 46.01"
"0,41 : 21.21"
"0,42 : 60.42"
"0,43 : 43.08"
"0,44 : 55.23"
"0,45 : 39.81"
"0,46 : 81.58"
"0,47 : 27.8"
"0,48 : 14.87"
"0,49 : 93.48"
"1,0 : 73.98"
"1,1 : 0.0"
"1,2 : 85.09"
"1,3 : 90.74"
"1,4 : 38.18"
"1,5 : 87.82"
"1,6 : 65.03"
"1,7 : 96.6"
"1,8 : 91.35"
"1,9 : 37.74"
"1,10 : 61.61"
"1,11 : 65.19"
"1,12 : 46.84"
"1,13 : 17.46"
"1,14 : 81.22"
"1,15 : 124.96"
"1,16 : 19.24"
"1,17 : 54.71"
"1,18 : 76.42"
"1,19 : 90.48"
"1,20 : 46.1"
"1,21 : 31.02"
"1,22 : 62.65"
"1,23 : 60.41"
"1,24 : 23.09"
"1,25 : 55.08"
"1,26 : 83.63"
"1,27 : 78.59"
"1,28 : 66.22"
"1,29 : 37.95"
"1,30 : 112.8"
"1,31 : 101.95"
"1,32 : 95.27"
"1,33 : 73.25"
"1,34 : 79.31"
"1,35 : 37.01"
"1,36 : 60.84"
"1,37 : 83.49"
"1,38 : 81.02"
"1,39 : 47.01"
"1,40 : 92.46"
"1,41 : 54.12"
"1,42 : 41.15"
"1,43 : 43.28"
"1,44 : 19.31"
"1,45 : 73.76"
"1,46 : 108.23"
"1,47 : 58.67"
"1,48 : 68.03"
"1,49 : 91.22"
"2,0 : 22.56"
"2,1 : 85.09"
"2,2 : 0.0"
"2,3 : 52.43"
"2,4 : 51.48"
"2,5 : 84.65"
"2,6 : 38.28"
"2,7 : 62.13"
"2,8 : 29.07"
"2,9 : 58.03"
"2,10 : 28.07"
"2,11 : 61.27"
"2,12 : 39.12"
"2,13 : 73.25"
"2,14 : 40.11"
"2,15 : 49.4"
"2,16 : 69.64"
"2,17 : 51.66"
"2,18 : 42.05"
"2,19 : 7.62"
"2,20 : 44.55"
"2,21 : 77.06"
"2,22 : 23.35"
"2,23 : 44.78"
"2,24 : 76.79"
"2,25 : 65.8"
"2,26 : 4.24"
"2,27 : 14.14"
"2,28 : 22.02"
"2,29 : 47.41"
"2,30 : 56.89"
"2,31 : 17.26"
"2,32 : 63.82"
"2,33 : 81.88"
"2,34 : 26.87"
"2,35 : 53.91"
"2,36 : 56.08"
"2,37 : 68.01"
"2,38 : 17.69"
"2,39 : 41.3"
"2,40 : 24.74"
"2,41 : 32.2"
"2,42 : 60.07"
"2,43 : 45.4"
"2,44 : 65.8"
"2,45 : 26.08"
"2,46 : 61.68"
"2,47 : 27.46"
"2,48 : 37.36"
"2,49 : 79.93"
"3,0 : 69.64"
"3,1 : 90.74"
"3,2 : 52.43"
"3,3 : 0.0"
"3,4 : 54.23"
"3,5 : 37.36"
"3,6 : 80.81"
"3,7 : 9.85"
"3,8 : 81.3"
"3,9 : 53.0"
"3,10 : 41.05"
"3,11 : 29.68"
"3,12 : 64.07"
"3,13 : 73.5"
"3,14 : 89.32"
"3,15 : 48.09"
"3,16 : 85.09"
"3,17 : 36.06"
"3,18 : 89.49"
"3,19 : 59.03"
"3,20 : 74.03"
"3,21 : 65.76"
"3,22 : 47.52"
"3,23 : 84.85"
"3,24 : 70.94"
"3,25 : 40.8"
"3,26 : 48.26"
"3,27 : 63.51"
"3,28 : 62.1"
"3,29 : 66.1"
"3,30 : 23.85"
"3,31 : 61.72"
"3,32 : 11.4"
"3,33 : 42.19"
"3,34 : 26.4"
"3,35 : 78.77"
"3,36 : 31.11"
"3,37 : 21.1"
"3,38 : 34.99"
"3,39 : 49.24"
"3,40 : 30.61"
"3,41 : 62.13"
"3,42 : 50.0"
"3,43 : 51.24"
"3,44 : 76.16"
"3,45 : 30.08"
"3,46 : 17.49"
"3,47 : 48.09"
"3,48 : 81.49"
"3,49 : 30.46"
"4,0 : 48.38"
"4,1 : 38.18"
"4,2 : 51.48"
"4,3 : 54.23"
"4,4 : 0.0"
"4,5 : 61.85"
"4,6 : 47.8"
"4,7 : 61.4"
"4,8 : 66.76"
"4,9 : 8.6"
"4,10 : 24.7"
"4,11 : 34.23"
"4,12 : 22.8"
"4,13 : 22.83"
"4,14 : 63.29"
"4,15 : 87.01"
"4,16 : 31.05"
"4,17 : 20.02"
"4,18 : 60.22"
"4,19 : 58.14"
"4,20 : 30.61"
"4,21 : 26.31"
"4,22 : 28.16"
"4,23 : 47.38"
"4,24 : 25.32"
"4,25 : 28.64"
"4,26 : 49.03"
"4,27 : 49.5"
"4,28 : 38.33"
"4,29 : 17.49"
"4,30 : 75.17"
"4,31 : 68.73"
"4,32 : 60.64"
"4,33 : 50.57"
"4,34 : 41.23"
"4,35 : 29.73"
"4,36 : 28.02"
"4,37 : 52.0"
"4,38 : 43.83"
"4,39 : 10.2"
"4,40 : 54.64"
"4,41 : 27.73"
"4,42 : 13.45"
"4,43 : 6.08"
"4,44 : 21.93"
"4,45 : 35.81"
"4,46 : 71.59"
"4,47 : 24.08"
"4,48 : 50.22"
"4,49 : 62.39"
"5,0 : 96.67"
"5,1 : 87.82"
"5,2 : 84.65"
"5,3 : 37.36"
"5,4 : 61.85"
"5,5 : 0.0"
"5,6 : 103.59"
"5,7 : 32.02"
"5,8 : 111.72"
"5,9 : 55.58"
"5,10 : 63.6"
"5,11 : 28.23"
"5,12 : 81.02"
"5,13 : 71.18"
"5,14 : 115.8"
"5,15 : 84.29"
"5,16 : 90.27"
"5,17 : 43.08"
"5,18 : 114.55"
"5,19 : 92.01"
"5,20 : 90.62"
"5,21 : 57.07"
"5,22 : 71.4"
"5,23 : 105.55"
"5,24 : 64.78"
"5,25 : 34.13"
"5,26 : 80.43"
"5,27 : 92.66"
"5,28 : 87.2"
"5,29 : 78.75"
"5,30 : 56.08"
"5,31 : 96.9"
"5,32 : 29.02"
"5,33 : 15.23"
"5,34 : 58.01"
"5,35 : 91.48"
"5,36 : 34.93"
"5,37 : 17.0"
"5,38 : 67.2"
"5,39 : 63.16"
"5,40 : 66.64"
"5,41 : 82.37"
"5,42 : 50.36"
"5,43 : 62.63"
"5,44 : 80.22"
"5,45 : 58.8"
"5,46 : 45.28"
"5,47 : 69.89"
"5,48 : 105.15"
"5,49 : 8.25"
"6,0 : 16.12"
"6,1 : 65.03"
"6,2 : 38.28"
"6,3 : 80.81"
"6,4 : 47.8"
"6,5 : 103.59"
"6,6 : 0.0"
"6,7 : 90.47"
"6,8 : 27.86"
"6,9 : 56.4"
"6,10 : 40.85"
"6,11 : 75.72"
"6,12 : 25.0"
"6,13 : 60.73"
"6,14 : 16.49"
"6,15 : 87.66"
"6,16 : 46.01"
"6,17 : 61.4"
"6,18 : 12.53"
"6,19 : 38.59"
"6,20 : 19.65"
"6,21 : 72.01"
"6,22 : 33.53"
"6,23 : 7.07"
"6,24 : 67.78"
"6,25 : 74.33"
"6,26 : 40.26"
"6,27 : 24.6"
"6,28 : 19.03"
"6,29 : 32.2"
"6,30 : 92.05"
"6,31 : 49.2"
"6,32 : 91.21"
"6,33 : 95.43"
"6,34 : 55.33"
"6,35 : 28.02"
"6,36 : 69.07"
"6,37 : 89.47"
"6,38 : 49.01"
"6,39 : 41.77"
"6,40 : 60.41"
"6,41 : 21.4"
"6,42 : 61.07"
"6,43 : 43.86"
"6,44 : 47.85"
"6,45 : 50.8"
"6,46 : 94.34"
"6,47 : 34.01"
"6,48 : 3.0"
"6,49 : 101.52"
"7,0 : 79.48"
"7,1 : 96.6"
"7,2 : 62.13"
"7,3 : 9.85"
"7,4 : 61.4"
"7,5 : 32.02"
"7,6 : 90.47"
"7,7 : 0.0"
"7,8 : 91.07"
"7,9 : 59.09"
"7,10 : 50.36"
"7,11 : 32.65"
"7,12 : 73.01"
"7,13 : 79.18"
"7,14 : 99.16"
"7,15 : 52.35"
"7,16 : 92.44"
"7,17 : 42.15"
"7,18 : 99.3"
"7,19 : 68.6"
"7,20 : 83.02"
"7,21 : 69.81"
"7,22 : 57.07"
"7,23 : 94.37"
"7,24 : 75.72"
"7,25 : 43.93"
"7,26 : 57.98"
"7,27 : 73.35"
"7,28 : 71.84"
"7,29 : 74.43"
"7,30 : 24.33"
"7,31 : 70.72"
"7,32 : 3.0"
"7,33 : 40.16"
"7,34 : 36.25"
"7,35 : 87.28"
"7,36 : 35.85"
"7,37 : 18.38"
"7,38 : 44.78"
"7,39 : 57.43"
"7,40 : 39.6"
"7,41 : 71.45"
"7,42 : 55.47"
"7,43 : 59.03"
"7,44 : 83.17"
"7,45 : 39.85"
"7,46 : 14.32"
"7,47 : 57.43"
"7,48 : 91.21"
"7,49 : 24.19"
"8,0 : 18.44"
"8,1 : 91.35"
"8,2 : 29.07"
"8,3 : 81.3"
"8,4 : 66.76"
"8,5 : 111.72"
"8,6 : 27.86"
"8,7 : 91.07"
"8,8 : 0.0"
"8,9 : 74.95"
"8,10 : 49.65"
"8,11 : 86.21"
"8,12 : 46.27"
"8,13 : 84.38"
"8,14 : 17.2"
"8,15 : 72.17"
"8,16 : 72.84"
"8,17 : 74.09"
"8,18 : 21.93"
"8,19 : 23.77"
"8,20 : 45.28"
"8,21 : 92.89"
"8,22 : 42.19"
"8,23 : 34.44"
"8,24 : 90.26"
"8,25 : 88.32"
"8,26 : 33.12"
"8,27 : 19.21"
"8,28 : 28.46"
"8,29 : 55.15"
"8,30 : 85.16"
"8,31 : 29.27"
"8,32 : 92.65"
"8,33 : 107.0"
"8,34 : 55.22"
"8,35 : 54.74"
"8,36 : 80.21"
"8,37 : 95.59"
"8,38 : 46.32"
"8,39 : 57.94"
"8,40 : 53.49"
"8,41 : 39.62"
"8,42 : 78.55"
"8,43 : 61.35"
"8,44 : 73.01"
"8,45 : 53.15"
"8,46 : 90.62"
"8,47 : 45.18"
"8,48 : 25.08"
"8,49 : 107.71"
"9,0 : 56.65"
"9,1 : 37.74"
"9,2 : 58.03"
"9,3 : 53.0"
"9,4 : 8.6"
"9,5 : 55.58"
"9,6 : 56.4"
"9,7 : 59.09"
"9,8 : 74.95"
"9,9 : 0.0"
"9,10 : 30.27"
"9,11 : 29.15"
"9,12 : 31.4"
"9,13 : 20.62"
"9,14 : 71.87"
"9,15 : 89.89"
"9,16 : 35.01"
"9,17 : 17.0"
"9,18 : 68.82"
"9,19 : 65.01"
"9,20 : 38.95"
"9,21 : 19.03"
"9,22 : 35.06"
"9,23 : 55.87"
"9,24 : 20.12"
"9,25 : 21.59"
"9,26 : 55.23"
"9,27 : 57.27"
"9,28 : 46.49"
"9,29 : 25.61"
"9,30 : 75.29"
"9,31 : 75.17"
"9,32 : 57.94"
"9,33 : 43.32"
"9,34 : 44.29"
"9,35 : 37.12"
"9,36 : 23.77"
"9,37 : 47.52"
"9,38 : 48.38"
"9,39 : 17.26"
"9,40 : 58.14"
"9,41 : 36.24"
"9,42 : 5.39"
"9,43 : 13.6"
"9,44 : 25.08"
"9,45 : 39.4"
"9,46 : 70.49"
"9,47 : 31.14"
"9,48 : 58.82"
"9,49 : 57.0"
"10,0 : 33.24"
"10,1 : 61.61"
"10,2 : 28.07"
"10,3 : 41.05"
"10,4 : 24.7"
"10,5 : 63.6"
"10,6 : 40.85"
"10,7 : 50.36"
"10,8 : 49.65"
"10,9 : 30.27"
"10,10 : 0.0"
"10,11 : 36.8"
"10,12 : 23.54"
"10,13 : 47.42"
"10,14 : 52.2"
"10,15 : 63.66"
"10,16 : 49.82"
"10,17 : 24.6"
"10,18 : 51.11"
"10,19 : 35.36"
"10,20 : 33.24"
"10,21 : 49.25"
"10,22 : 7.81"
"10,23 : 44.15"
"10,24 : 49.73"
"10,25 : 38.91"
"10,26 : 25.02"
"10,27 : 30.53"
"10,28 : 23.6"
"10,29 : 27.78"
"10,30 : 56.92"
"10,31 : 45.01"
"10,32 : 50.8"
"10,33 : 57.49"
"10,34 : 19.24"
"10,35 : 39.22"
"10,36 : 30.61"
"10,37 : 48.76"
"10,38 : 19.42"
"10,39 : 14.76"
"10,40 : 31.11"
"10,41 : 21.1"
"10,42 : 32.02"
"10,43 : 18.79"
"10,44 : 43.19"
"10,45 : 13.42"
"10,46 : 56.44"
"10,47 : 7.07"
"10,48 : 42.05"
"10,49 : 60.9"
"11,0 : 70.01"
"11,1 : 65.19"
"11,2 : 61.27"
"11,3 : 29.68"
"11,4 : 34.23"
"11,5 : 28.23"
"11,6 : 75.72"
"11,7 : 32.65"
"11,8 : 86.21"
"11,9 : 29.15"
"11,10 : 36.8"
"11,11 : 0.0"
"11,12 : 52.8"
"11,13 : 47.76"
"11,14 : 88.62"
"11,15 : 75.43"
"11,16 : 64.12"
"11,17 : 14.87"
"11,18 : 87.01"
"11,19 : 68.88"
"11,20 : 62.39"
"11,21 : 37.2"
"11,22 : 44.55"
"11,23 : 77.41"
"11,24 : 43.42"
"11,25 : 11.31"
"11,26 : 57.27"
"11,27 : 67.01"
"11,28 : 60.14"
"11,29 : 50.7"
"11,30 : 53.54"
"11,31 : 75.89"
"11,32 : 30.81"
"11,33 : 20.81"
"11,34 : 36.88"
"11,35 : 63.56"
"11,36 : 6.71"
"11,37 : 18.44"
"11,38 : 45.22"
"11,39 : 34.93"
"11,40 : 49.09"
"11,41 : 54.38"
"11,42 : 24.52"
"11,43 : 34.48"
"11,44 : 54.23"
"11,45 : 35.47"
"11,46 : 46.01"
"11,47 : 42.52"
"11,48 : 77.42"
"11,49 : 28.16"
"12,0 : 28.02"
"12,1 : 46.84"
"12,2 : 39.12"
"12,3 : 64.07"
"12,4 : 22.8"
"12,5 : 81.02"
"12,6 : 25.0"
"12,7 : 73.01"
"12,8 : 46.27"
"12,9 : 31.4"
"12,10 : 23.54"
"12,11 : 52.8"
"12,12 : 0.0"
"12,13 : 38.12"
"12,14 : 40.71"
"12,15 : 84.2"
"12,16 : 30.53"
"12,17 : 38.01"
"12,18 : 37.44"
"12,19 : 43.86"
"12,20 : 10.05"
"12,21 : 47.54"
"12,22 : 19.72"
"12,23 : 25.0"
"12,24 : 44.15"
"12,25 : 50.0"
"12,26 : 38.42"
"12,27 : 31.78"
"12,28 : 19.42"
"12,29 : 9.06"
"12,30 : 80.36"
"12,31 : 55.46"
"12,32 : 73.11"
"12,33 : 71.56"
"12,34 : 42.38"
"12,35 : 16.12"
"12,36 : 46.1"
"12,37 : 68.41"
"12,38 : 39.96"
"12,39 : 17.89"
"12,40 : 52.48"
"12,41 : 7.28"
"12,42 : 36.12"
"12,43 : 19.21"
"12,44 : 27.66"
"12,45 : 36.69"
"12,46 : 79.91"
"12,47 : 17.09"
"12,48 : 27.46"
"12,49 : 80.01"
"13,0 : 66.12"
"13,1 : 17.46"
"13,2 : 73.25"
"13,3 : 73.5"
"13,4 : 22.83"
"13,5 : 71.18"
"13,6 : 60.73"
"13,7 : 79.18"
"13,8 : 84.38"
"13,9 : 20.62"
"13,10 : 47.42"
"13,11 : 47.76"
"13,12 : 38.12"
"13,13 : 0.0"
"13,14 : 77.2"
"13,15 : 109.62"
"13,16 : 22.47"
"13,17 : 37.44"
"13,18 : 73.05"
"13,19 : 79.43"
"13,20 : 41.11"
"13,21 : 16.16"
"13,22 : 50.0"
"13,23 : 57.78"
"13,24 : 8.6"
"13,25 : 37.85"
"13,26 : 71.17"
"13,27 : 69.12"
"13,28 : 57.01"
"13,29 : 29.27"
"13,30 : 95.9"
"13,31 : 90.47"
"13,32 : 77.82"
"13,33 : 57.01"
"13,34 : 63.82"
"13,35 : 34.48"
"13,36 : 43.38"
"13,37 : 66.1"
"13,38 : 66.65"
"13,39 : 32.7"
"13,40 : 77.39"
"13,41 : 45.01"
"13,42 : 23.71"
"13,43 : 28.64"
"13,44 : 14.21"
"13,45 : 58.52"
"13,46 : 90.97"
"13,47 : 45.88"
"13,48 : 63.6"
"13,49 : 74.15"
"14,0 : 19.7"
"14,1 : 81.22"
"14,2 : 40.11"
"14,3 : 89.32"
"14,4 : 63.29"
"14,5 : 115.8"
"14,6 : 16.49"
"14,7 : 99.16"
"14,8 : 17.2"
"14,9 : 71.87"
"14,10 : 52.2"
"14,11 : 88.62"
"14,12 : 40.71"
"14,13 : 77.2"
"14,14 : 0.0"
"14,15 : 87.3"
"14,16 : 62.07"
"14,17 : 74.95"
"14,18 : 5.39"
"14,19 : 37.22"
"14,20 : 36.14"
"14,21 : 88.14"
"14,22 : 44.41"
"14,23 : 21.02"
"14,24 : 84.15"
"14,25 : 88.53"
"14,26 : 43.42"
"14,27 : 26.48"
"14,28 : 28.6"
"14,29 : 48.47"
"14,30 : 96.88"
"14,31 : 45.22"
"14,32 : 100.32"
"14,33 : 108.93"
"14,34 : 62.97"
"14,35 : 44.28"
"14,36 : 82.13"
"14,37 : 100.7"
"14,38 : 55.08"
"14,39 : 56.22"
"14,40 : 64.63"
"14,41 : 35.81"
"14,42 : 76.28"
"14,43 : 58.82"
"14,44 : 64.33"
"14,45 : 59.51"
"14,46 : 100.9"
"14,47 : 46.1"
"14,48 : 13.6"
"14,49 : 112.9"
"15,0 : 71.78"
"15,1 : 124.96"
"15,2 : 49.4"
"15,3 : 48.09"
"15,4 : 87.01"
"15,5 : 84.29"
"15,6 : 87.66"
"15,7 : 52.35"
"15,8 : 72.17"
"15,9 : 89.89"
"15,10 : 63.66"
"15,11 : 75.43"
"15,12 : 84.2"
"15,13 : 109.62"
"15,14 : 87.3"
"15,15 : 0.0"
"15,16 : 113.22"
"15,17 : 75.58"
"15,18 : 90.24"
"15,19 : 50.22"
"15,20 : 91.81"
"15,21 : 106.89"
"15,22 : 64.66"
"15,23 : 94.15"
"15,24 : 109.93"
"15,25 : 85.38"
"15,26 : 47.85"
"15,27 : 63.25"
"15,28 : 70.66"
"15,29 : 90.69"
"15,30 : 29.73"
"15,31 : 43.01"
"15,32 : 55.33"
"15,33 : 90.27"
"15,34 : 45.8"
"15,35 : 100.21"
"15,36 : 74.33"
"15,37 : 69.01"
"15,38 : 44.6"
"15,39 : 77.99"
"15,40 : 32.56"
"15,41 : 78.49"
"15,42 : 89.07"
"15,43 : 81.69"
"15,44 : 106.83"
"15,45 : 51.22"
"15,46 : 40.8"
"15,47 : 68.01"
"15,48 : 86.65"
"15,49 : 76.53"
"16,0 : 56.04"
"16,1 : 19.24"
"16,2 : 69.64"
"16,3 : 85.09"
"16,4 : 31.05"
"16,5 : 90.27"
"16,6 : 46.01"
"16,7 : 92.44"
"16,8 : 72.84"
"16,9 : 35.01"
"16,10 : 49.82"
"16,11 : 64.12"
"16,12 : 30.53"
"16,13 : 22.47"
"16,14 : 62.07"
"16,15 : 113.22"
"16,16 : 0.0"
"16,17 : 50.8"
"16,18 : 57.22"
"16,19 : 74.24"
"16,20 : 27.66"
"16,21 : 38.47"
"16,22 : 48.84"
"16,23 : 41.19"
"16,24 : 31.06"
"16,25 : 56.14"
"16,26 : 68.82"
"16,27 : 61.47"
"16,28 : 49.24"
"16,29 : 22.67"
"16,30 : 105.12"
"16,31 : 85.88"
"16,32 : 91.68"
"16,33 : 77.1"
"16,34 : 68.82"
"16,35 : 18.11"
"16,36 : 58.42"
"16,37 : 82.39"
"16,38 : 68.62"
"16,39 : 36.72"
"16,40 : 80.81"
"16,41 : 37.59"
"16,42 : 40.01"
"16,43 : 34.01"
"16,44 : 10.05"
"16,45 : 63.01"
"16,46 : 102.32"
"16,47 : 45.25"
"16,48 : 49.01"
"16,49 : 92.01"
"17,0 : 57.01"
"17,1 : 54.71"
"17,2 : 51.66"
"17,3 : 36.06"
"17,4 : 20.02"
"17,5 : 43.08"
"17,6 : 61.4"
"17,7 : 42.15"
"17,8 : 74.09"
"17,9 : 17.0"
"17,10 : 24.6"
"17,11 : 14.87"
"17,12 : 38.01"
"17,13 : 37.44"
"17,14 : 74.95"
"17,15 : 75.58"
"17,16 : 50.8"
"17,17 : 0.0"
"17,18 : 73.0"
"17,19 : 59.2"
"17,20 : 47.54"
"17,21 : 31.38"
"17,22 : 31.91"
"17,23 : 62.77"
"17,24 : 35.38"
"17,25 : 14.32"
"17,26 : 48.05"
"17,27 : 55.07"
"17,28 : 46.86"
"17,29 : 35.9"
"17,30 : 58.73"
"17,31 : 67.74"
"17,32 : 41.11"
"17,33 : 34.06"
"17,34 : 31.58"
"17,35 : 48.84"
"17,36 : 8.25"
"17,37 : 32.02"
"17,38 : 38.0"
"17,39 : 20.12"
"17,40 : 45.35"
"17,41 : 40.0"
"17,42 : 14.14"
"17,43 : 19.65"
"17,44 : 41.23"
"17,45 : 28.02"
"17,46 : 53.54"
"17,47 : 29.21"
"17,48 : 63.25"
"17,49 : 42.76"
"18,0 : 20.22"
"18,1 : 76.42"
"18,2 : 42.05"
"18,3 : 89.49"
"18,4 : 60.22"
"18,5 : 114.55"
"18,6 : 12.53"
"18,7 : 99.3"
"18,8 : 21.93"
"18,9 : 68.82"
"18,10 : 51.11"
"18,11 : 87.01"
"18,12 : 37.44"
"18,13 : 73.05"
"18,14 : 5.39"
"18,15 : 90.24"
"18,16 : 57.22"
"18,17 : 73.0"
"18,18 : 0.0"
"18,19 : 40.02"
"18,20 : 31.95"
"18,21 : 84.53"
"18,22 : 43.42"
"18,23 : 16.03"
"18,24 : 80.23"
"18,25 : 86.27"
"18,26 : 45.01"
"18,27 : 28.0"
"18,28 : 27.73"
"18,29 : 44.72"
"18,30 : 98.33"
"18,31 : 48.85"
"18,32 : 100.3"
"18,33 : 107.06"
"18,34 : 63.32"
"18,35 : 39.62"
"18,36 : 80.43"
"18,37 : 99.85"
"18,38 : 55.9"
"18,39 : 53.76"
"18,40 : 66.12"
"18,41 : 33.24"
"18,42 : 73.41"
"18,43 : 56.08"
"18,44 : 59.91"
"18,45 : 59.46"
"18,46 : 101.79"
"18,47 : 44.65"
"18,48 : 10.0"
"18,49 : 112.0"
"19,0 : 22.47"
"19,1 : 90.48"
"19,2 : 7.62"
"19,3 : 59.03"
"19,4 : 58.14"
"19,5 : 92.01"
"19,6 : 38.59"
"19,7 : 68.6"
"19,8 : 23.77"
"19,9 : 65.01"
"19,10 : 35.36"
"19,11 : 68.88"
"19,12 : 43.86"
"19,13 : 79.43"
"19,14 : 37.22"
"19,15 : 50.22"
"19,16 : 74.24"
"19,17 : 59.2"
"19,18 : 40.02"
"19,19 : 0.0"
"19,20 : 48.01"
"19,21 : 84.0"
"19,22 : 30.02"
"19,23 : 45.49"
"19,24 : 83.38"
"19,25 : 73.38"
"19,26 : 11.66"
"19,27 : 14.21"
"19,28 : 25.24"
"19,29 : 52.55"
"19,30 : 61.4"
"19,31 : 11.66"
"19,32 : 70.43"
"19,33 : 89.47"
"19,34 : 34.06"
"19,35 : 57.69"
"19,36 : 63.69"
"19,37 : 75.29"
"19,38 : 24.84"
"19,39 : 48.04"
"19,40 : 29.97"
"19,41 : 36.67"
"19,42 : 67.27"
"19,43 : 52.09"
"19,44 : 71.17"
"19,45 : 33.62"
"19,46 : 67.12"
"19,47 : 34.06"
"19,48 : 37.12"
"19,49 : 87.11"
"20,0 : 28.46"
"20,1 : 46.1"
"20,2 : 44.55"
"20,3 : 74.03"
"20,4 : 30.61"
"20,5 : 90.62"
"20,6 : 19.65"
"20,7 : 83.02"
"20,8 : 45.28"
"20,9 : 38.95"
"20,10 : 33.24"
"20,11 : 62.39"
"20,12 : 10.05"
"20,13 : 41.11"
"20,14 : 36.14"
"20,15 : 91.81"
"20,16 : 27.66"
"20,17 : 47.54"
"20,18 : 31.95"
"20,19 : 48.01"
"20,20 : 0.0"
"20,21 : 53.0"
"20,22 : 28.46"
"20,23 : 17.2"
"20,24 : 48.33"
"20,25 : 58.83"
"20,26 : 44.69"
"20,27 : 34.48"
"20,28 : 22.8"
"20,29 : 13.45"
"20,30 : 89.74"
"20,31 : 59.64"
"20,32 : 83.15"
"20,33 : 80.62"
"20,34 : 51.66"
"20,35 : 9.85"
"20,36 : 55.71"
"20,37 : 78.34"
"20,38 : 48.33"
"20,39 : 27.51"
"20,40 : 60.84"
"20,41 : 13.42"
"20,42 : 44.05"
"20,43 : 28.18"
"20,44 : 28.28"
"20,45 : 46.1"
"20,46 : 89.68"
"20,47 : 26.48"
"20,48 : 22.56"
"20,49 : 89.84"
"21,0 : 74.46"
"21,1 : 31.02"
"21,2 : 77.06"
"21,3 : 65.76"
"21,4 : 26.31"
"21,5 : 57.07"
"21,6 : 72.01"
"21,7 : 69.81"
"21,8 : 92.89"
"21,9 : 19.03"
"21,10 : 49.25"
"21,11 : 37.2"
"21,12 : 47.54"
"21,13 : 16.16"
"21,14 : 88.14"
"21,15 : 106.89"
"21,16 : 38.47"
"21,17 : 31.38"
"21,18 : 84.53"
"21,19 : 84.0"
"21,20 : 53.0"
"21,21 : 0.0"
"21,22 : 54.01"
"21,23 : 70.18"
"21,24 : 8.06"
"21,25 : 26.08"
"21,26 : 74.24"
"21,27 : 75.8"
"21,28 : 64.54"
"21,29 : 39.82"
"21,30 : 89.27"
"21,31 : 94.19"
"21,32 : 68.01"
"21,33 : 42.3"
"21,34 : 62.03"
"21,35 : 48.17"
"21,36 : 34.66"
"21,37 : 54.59"
"21,38 : 66.94"
"21,39 : 36.06"
"21,40 : 75.96"
"21,41 : 53.45"
"21,42 : 18.03"
"21,43 : 32.14"
"21,44 : 29.41"
"21,45 : 57.57"
"21,46 : 82.81"
"21,47 : 50.04"
"21,48 : 74.69"
"21,49 : 61.03"
"22,0 : 25.46"
"22,1 : 62.65"
"22,2 : 23.35"
"22,3 : 47.52"
"22,4 : 28.16"
"22,5 : 71.4"
"22,6 : 33.53"
"22,7 : 57.07"
"22,8 : 42.19"
"22,9 : 35.06"
"22,10 : 7.81"
"22,11 : 44.55"
"22,12 : 19.72"
"22,13 : 50.0"
"22,14 : 44.41"
"22,15 : 64.66"
"22,16 : 48.84"
"22,17 : 31.91"
"22,18 : 43.42"
"22,19 : 30.02"
"22,20 : 28.46"
"22,21 : 54.01"
"22,22 : 0.0"
"22,23 : 37.34"
"22,24 : 53.46"
"22,25 : 46.14"
"22,26 : 21.19"
"22,27 : 23.26"
"22,28 : 15.81"
"22,29 : 26.17"
"22,30 : 61.39"
"22,31 : 40.61"
"22,32 : 57.72"
"22,33 : 65.19"
"22,34 : 23.35"
"22,35 : 35.85"
"22,36 : 38.29"
"22,37 : 56.44"
"22,38 : 20.25"
"22,39 : 18.03"
"22,40 : 32.76"
"22,41 : 15.3"
"22,42 : 37.66"
"22,43 : 22.09"
"22,44 : 43.57"
"22,45 : 18.03"
"22,46 : 62.03"
"22,47 : 4.12"
"22,48 : 34.54"
"22,49 : 68.6"
"23,0 : 23.02"
"23,1 : 60.41"
"23,2 : 44.78"
"23,3 : 84.85"
"23,4 : 47.38"
"23,5 : 105.55"
"23,6 : 7.07"
"23,7 : 94.37"
"23,8 : 34.44"
"23,9 : 55.87"
"23,10 : 44.15"
"23,11 : 77.41"
"23,12 : 25.0"
"23,13 : 57.78"
"23,14 : 21.02"
"23,15 : 94.15"
"23,16 : 41.19"
"23,17 : 62.77"
"23,18 : 16.03"
"23,19 : 45.49"
"23,20 : 17.2"
"23,21 : 70.18"
"23,22 : 37.34"
"23,23 : 0.0"
"23,24 : 65.3"
"23,25 : 75.0"
"23,26 : 46.49"
"23,27 : 31.38"
"23,28 : 24.33"
"23,29 : 30.61"
"23,30 : 97.33"
"23,31 : 56.22"
"23,32 : 94.92"
"23,33 : 96.52"
"23,34 : 60.01"
"23,35 : 23.77"
"23,36 : 70.71"
"23,37 : 92.11"
"23,38 : 54.33"
"23,39 : 42.72"
"23,40 : 66.1"
"23,41 : 23.41"
"23,42 : 60.83"
"23,43 : 44.2"
"23,44 : 44.27"
"23,45 : 55.15"
"23,46 : 99.05"
"23,47 : 37.11"
"23,48 : 9.43"
"23,49 : 104.0"
"24,0 : 71.85"
"24,1 : 23.09"
"24,2 : 76.79"
"24,3 : 70.94"
"24,4 : 25.32"
"24,5 : 64.78"
"24,6 : 67.78"
"24,7 : 75.72"
"24,8 : 90.26"
"24,9 : 20.12"
"24,10 : 49.73"
"24,11 : 43.42"
"24,12 : 44.15"
"24,13 : 8.6"
"24,14 : 84.15"
"24,15 : 109.93"
"24,16 : 31.06"
"24,17 : 35.38"
"24,18 : 80.23"
"24,19 : 83.38"
"24,20 : 48.33"
"24,21 : 8.06"
"24,22 : 53.46"
"24,23 : 65.3"
"24,24 : 0.0"
"24,25 : 32.7"
"24,26 : 74.33"
"24,27 : 74.06"
"24,28 : 62.29"
"24,29 : 35.74"
"24,30 : 94.05"
"24,31 : 94.05"
"24,32 : 74.09"
"24,33 : 50.16"
"24,34 : 64.41"
"24,35 : 42.44"
"24,36 : 40.0"
"24,37 : 61.33"
"24,38 : 68.35"
"24,39 : 35.51"
"24,40 : 78.26"
"24,41 : 50.64"
"24,42 : 21.26"
"24,43 : 31.4"
"24,44 : 22.63"
"24,45 : 59.51"
"24,46 : 88.24"
"24,47 : 49.37"
"24,48 : 70.58"
"24,49 : 68.41"
"25,0 : 71.03"
"25,1 : 55.08"
"25,2 : 65.8"
"25,3 : 40.8"
"25,4 : 28.64"
"25,5 : 34.13"
"25,6 : 74.33"
"25,7 : 43.93"
"25,8 : 88.32"
"25,9 : 21.59"
"25,10 : 38.91"
"25,11 : 11.31"
"25,12 : 50.0"
"25,13 : 37.85"
"25,14 : 88.53"
"25,15 : 85.38"
"25,16 : 56.14"
"25,17 : 14.32"
"25,18 : 86.27"
"25,19 : 73.38"
"25,20 : 58.83"
"25,21 : 26.08"
"25,22 : 46.14"
"25,23 : 75.0"
"25,24 : 32.7"
"25,25 : 0.0"
"25,26 : 62.1"
"25,27 : 69.35"
"25,28 : 60.8"
"25,29 : 46.07"
"25,30 : 64.64"
"25,31 : 81.58"
"25,32 : 42.01"
"25,33 : 21.93"
"25,34 : 44.0"
"25,35 : 58.31"
"25,36 : 11.18"
"25,37 : 28.64"
"25,38 : 51.35"
"25,39 : 32.56"
"25,40 : 57.22"
"25,41 : 53.04"
"25,42 : 16.28"
"25,43 : 30.81"
"25,44 : 46.1"
"25,45 : 41.3"
"25,46 : 57.31"
"25,47 : 43.27"
"25,48 : 76.38"
"25,49 : 36.35"
"26,0 : 25.08"
"26,1 : 83.63"
"26,2 : 4.24"
"26,3 : 48.26"
"26,4 : 49.03"
"26,5 : 80.43"
"26,6 : 40.26"
"26,7 : 57.98"
"26,8 : 33.12"
"26,9 : 55.23"
"26,10 : 25.02"
"26,11 : 57.27"
"26,12 : 38.42"
"26,13 : 71.17"
"26,14 : 43.42"
"26,15 : 47.85"
"26,16 : 68.82"
"26,17 : 48.05"
"26,18 : 45.01"
"26,19 : 11.66"
"26,20 : 44.69"
"26,21 : 74.24"
"26,22 : 21.19"
"26,23 : 46.49"
"26,24 : 74.33"
"26,25 : 62.1"
"26,26 : 0.0"
"26,27 : 17.03"
"26,28 : 22.83"
"26,29 : 46.32"
"26,30 : 53.46"
"26,31 : 20.0"
"26,32 : 59.64"
"26,33 : 77.83"
"26,34 : 22.63"
"26,35 : 53.74"
"26,36 : 52.2"
"26,37 : 63.78"
"26,38 : 13.45"
"26,39 : 38.83"
"26,40 : 21.21"
"26,41 : 31.83"
"26,42 : 57.0"
"26,43 : 42.95"
"26,44 : 64.41"
"26,45 : 21.95"
"26,46 : 57.87"
"26,47 : 25.3"
"26,48 : 39.62"
"26,49 : 75.69"
"27,0 : 8.54"
"27,1 : 78.59"
"27,2 : 14.14"
"27,3 : 63.51"
"27,4 : 49.5"
"27,5 : 92.66"
"27,6 : 24.6"
"27,7 : 73.35"
"27,8 : 19.21"
"27,9 : 57.27"
"27,10 : 30.53"
"27,11 : 67.01"
"27,12 : 31.78"
"27,13 : 69.12"
"27,14 : 26.48"
"27,15 : 63.25"
"27,16 : 61.47"
"27,17 : 55.07"
"27,18 : 28.0"
"27,19 : 14.21"
"27,20 : 34.48"
"27,21 : 75.8"
"27,22 : 23.26"
"27,23 : 31.38"
"27,24 : 74.06"
"27,25 : 69.35"
"27,26 : 17.03"
"27,27 : 0.0"
"27,28 : 12.37"
"27,29 : 40.79"
"27,30 : 70.46"
"27,31 : 25.5"
"27,32 : 74.71"
"27,33 : 87.8"
"27,34 : 37.12"
"27,35 : 44.29"
"27,36 : 61.03"
"27,37 : 76.69"
"27,38 : 28.79"
"27,39 : 40.02"
"27,40 : 38.21"
"27,41 : 24.52"
"27,42 : 60.44"
"27,43 : 43.74"
"27,44 : 59.44"
"27,45 : 34.41"
"27,46 : 74.46"
"27,47 : 26.57"
"27,48 : 23.41"
"27,49 : 88.87"
"28,0 : 10.3"
"28,1 : 66.22"
"28,2 : 22.02"
"28,3 : 62.1"
"28,4 : 38.33"
"28,5 : 87.2"
"28,6 : 19.03"
"28,7 : 71.84"
"28,8 : 28.46"
"28,9 : 46.49"
"28,10 : 23.6"
"28,11 : 60.14"
"28,12 : 19.42"
"28,13 : 57.01"
"28,14 : 28.6"
"28,15 : 70.66"
"28,16 : 49.24"
"28,17 : 46.86"
"28,18 : 27.73"
"28,19 : 25.24"
"28,20 : 22.8"
"28,21 : 64.54"
"28,22 : 15.81"
"28,23 : 24.33"
"28,24 : 62.29"
"28,25 : 60.8"
"28,26 : 22.83"
"28,27 : 12.37"
"28,28 : 0.0"
"28,29 : 28.44"
"28,30 : 73.11"
"28,31 : 36.89"
"28,32 : 72.73"
"28,33 : 80.62"
"28,34 : 36.35"
"28,35 : 32.45"
"28,36 : 53.74"
"28,37 : 72.2"
"28,38 : 30.07"
"28,39 : 29.55"
"28,40 : 41.77"
"28,41 : 12.17"
"28,42 : 50.16"
"28,43 : 32.89"
"28,44 : 47.07"
"28,45 : 32.02"
"28,46 : 75.33"
"28,47 : 17.69"
"28,48 : 19.42"
"28,49 : 84.38"
"29,0 : 37.0"
"29,1 : 37.95"
"29,2 : 47.41"
"29,3 : 66.1"
"29,4 : 17.49"
"29,5 : 78.75"
"29,6 : 32.2"
"29,7 : 74.43"
"29,8 : 55.15"
"29,9 : 25.61"
"29,10 : 27.78"
"29,11 : 50.7"
"29,12 : 9.06"
"29,13 : 29.27"
"29,14 : 48.47"
"29,15 : 90.69"
"29,16 : 22.67"
"29,17 : 35.9"
"29,18 : 44.72"
"29,19 : 52.55"
"29,20 : 13.45"
"29,21 : 39.82"
"29,22 : 26.17"
"29,23 : 30.61"
"29,24 : 35.74"
"29,25 : 46.07"
"29,26 : 46.32"
"29,27 : 40.79"
"29,28 : 28.44"
"29,29 : 0.0"
"29,30 : 84.31"
"29,31 : 64.08"
"29,32 : 74.17"
"29,33 : 67.98"
"29,34 : 47.01"
"29,35 : 13.04"
"29,36 : 44.15"
"29,37 : 67.6"
"29,38 : 46.1"
"29,39 : 17.03"
"29,40 : 58.41"
"29,41 : 16.28"
"29,42 : 30.81"
"29,43 : 16.28"
"29,44 : 18.68"
"29,45 : 41.18"
"29,46 : 82.71"
"29,47 : 22.67"
"29,48 : 34.93"
"29,49 : 78.64"
"30,0 : 78.16"
"30,1 : 112.8"
"30,2 : 56.89"
"30,3 : 23.85"
"30,4 : 75.17"
"30,5 : 56.08"
"30,6 : 92.05"
"30,7 : 24.33"
"30,8 : 85.16"
"30,9 : 75.29"
"30,10 : 56.92"
"30,11 : 53.54"
"30,12 : 80.36"
"30,13 : 95.9"
"30,14 : 96.88"
"30,15 : 29.73"
"30,16 : 105.12"
"30,17 : 58.73"
"30,18 : 98.33"
"30,19 : 61.4"
"30,20 : 89.74"
"30,21 : 89.27"
"30,22 : 61.39"
"30,23 : 97.33"
"30,24 : 94.05"
"30,25 : 64.64"
"30,26 : 53.46"
"30,27 : 70.46"
"30,28 : 73.11"
"30,29 : 84.31"
"30,30 : 0.0"
"30,31 : 59.48"
"30,32 : 27.29"
"30,33 : 64.29"
"30,34 : 38.08"
"30,35 : 96.14"
"30,36 : 54.67"
"30,37 : 42.45"
"30,38 : 43.05"
"30,39 : 68.43"
"30,40 : 32.25"
"30,41 : 76.69"
"30,42 : 72.86"
"30,43 : 71.2"
"30,44 : 96.9"
"30,45 : 43.68"
"30,46 : 11.18"
"30,47 : 63.32"
"30,48 : 92.0"
"30,49 : 48.01"
"31,0 : 33.3"
"31,1 : 101.95"
"31,2 : 17.26"
"31,3 : 61.72"
"31,4 : 68.73"
"31,5 : 96.9"
"31,6 : 49.2"
"31,7 : 70.72"
"31,8 : 29.27"
"31,9 : 75.17"
"31,10 : 45.01"
"31,11 : 75.89"
"31,12 : 55.46"
"31,13 : 90.47"
"31,14 : 45.22"
"31,15 : 43.01"
"31,16 : 85.88"
"31,17 : 67.74"
"31,18 : 48.85"
"31,19 : 11.66"
"31,20 : 59.64"
"31,21 : 94.19"
"31,22 : 40.61"
"31,23 : 56.22"
"31,24 : 94.05"
"31,25 : 81.58"
"31,26 : 20.0"
"31,27 : 25.5"
"31,28 : 36.89"
"31,29 : 64.08"
"31,30 : 59.48"
"31,31 : 0.0"
"31,32 : 72.92"
"31,33 : 96.01"
"31,34 : 39.4"
"31,35 : 69.34"
"31,36 : 71.31"
"31,37 : 79.92"
"31,38 : 30.68"
"31,39 : 58.55"
"31,40 : 31.14"
"31,41 : 48.3"
"31,42 : 77.0"
"31,43 : 62.65"
"31,44 : 82.64"
"31,45 : 40.52"
"31,46 : 66.85"
"31,47 : 44.72"
"31,48 : 47.43"
"31,49 : 91.26"
"32,0 : 80.62"
"32,1 : 95.27"
"32,2 : 63.82"
"32,3 : 11.4"
"32,4 : 60.64"
"32,5 : 29.02"
"32,6 : 91.21"
"32,7 : 3.0"
"32,8 : 92.65"
"32,9 : 57.94"
"32,10 : 50.8"
"32,11 : 30.81"
"32,12 : 73.11"
"32,13 : 77.82"
"32,14 : 100.32"
"32,15 : 55.33"
"32,16 : 91.68"
"32,17 : 41.11"
"32,18 : 100.3"
"32,19 : 70.43"
"32,20 : 83.15"
"32,21 : 68.01"
"32,22 : 57.72"
"32,23 : 94.92"
"32,24 : 74.09"
"32,25 : 42.01"
"32,26 : 59.64"
"32,27 : 74.71"
"32,28 : 72.73"
"32,29 : 74.17"
"32,30 : 27.29"
"32,31 : 72.92"
"32,32 : 0.0"
"32,33 : 37.34"
"32,34 : 37.59"
"32,35 : 87.09"
"32,36 : 34.44"
"32,37 : 15.65"
"32,38 : 46.32"
"32,39 : 57.14"
"32,40 : 41.77"
"32,41 : 71.85"
"32,42 : 54.13"
"32,43 : 58.55"
"32,44 : 82.28"
"32,45 : 40.85"
"32,46 : 17.09"
"32,47 : 57.87"
"32,48 : 92.05"
"32,49 : 21.21"
"33,0 : 90.61"
"33,1 : 73.25"
"33,2 : 81.88"
"33,3 : 42.19"
"33,4 : 50.57"
"33,5 : 15.23"
"33,6 : 95.43"
"33,7 : 40.16"
"33,8 : 107.0"
"33,9 : 43.32"
"33,10 : 57.49"
"33,11 : 20.81"
"33,12 : 71.56"
"33,13 : 57.01"
"33,14 : 108.93"
"33,15 : 90.27"
"33,16 : 77.1"
"33,17 : 34.06"
"33,18 : 107.06"
"33,19 : 89.47"
"33,20 : 80.62"
"33,21 : 42.3"
"33,22 : 65.19"
"33,23 : 96.52"
"33,24 : 50.16"
"33,25 : 21.93"
"33,26 : 77.83"
"33,27 : 87.8"
"33,28 : 80.62"
"33,29 : 67.98"
"33,30 : 64.29"
"33,31 : 96.01"
"33,32 : 37.34"
"33,33 : 0.0"
"33,34 : 56.65"
"33,35 : 80.23"
"33,36 : 26.91"
"33,37 : 21.84"
"33,38 : 65.39"
"33,39 : 53.82"
"33,40 : 67.68"
"33,41 : 74.03"
"33,42 : 37.95"
"33,43 : 52.48"
"33,44 : 67.08"
"33,45 : 55.9"
"33,46 : 54.42"
"33,47 : 62.94"
"33,48 : 97.31"
"33,49 : 21.26"
"34,0 : 43.32"
"34,1 : 79.31"
"34,2 : 26.87"
"34,3 : 26.4"
"34,4 : 41.23"
"34,5 : 58.01"
"34,6 : 55.33"
"34,7 : 36.25"
"34,8 : 55.22"
"34,9 : 44.29"
"34,10 : 19.24"
"34,11 : 36.88"
"34,12 : 42.38"
"34,13 : 63.82"
"34,14 : 62.97"
"34,15 : 45.8"
"34,16 : 68.82"
"34,17 : 31.58"
"34,18 : 63.32"
"34,19 : 34.06"
"34,20 : 51.66"
"34,21 : 62.03"
"34,22 : 23.35"
"34,23 : 60.01"
"34,24 : 64.41"
"34,25 : 44.0"
"34,26 : 22.63"
"34,27 : 37.12"
"34,28 : 36.35"
"34,29 : 47.01"
"34,30 : 38.08"
"34,31 : 39.4"
"34,32 : 37.59"
"34,33 : 56.65"
"34,34 : 0.0"
"34,35 : 58.31"
"34,36 : 33.06"
"34,37 : 41.23"
"34,38 : 9.22"
"34,39 : 32.56"
"34,40 : 13.93"
"34,41 : 38.64"
"34,42 : 44.01"
"34,43 : 36.07"
"34,44 : 61.62"
"34,45 : 5.83"
"34,46 : 39.05"
"34,47 : 25.3"
"34,48 : 55.73"
"34,49 : 53.08"
"35,0 : 38.28"
"35,1 : 37.01"
"35,2 : 53.91"
"35,3 : 78.77"
"35,4 : 29.73"
"35,5 : 91.48"
"35,6 : 28.02"
"35,7 : 87.28"
"35,8 : 54.74"
"35,9 : 37.12"
"35,10 : 39.22"
"35,11 : 63.56"
"35,12 : 16.12"
"35,13 : 34.48"
"35,14 : 44.28"
"35,15 : 100.21"
"35,16 : 18.11"
"35,17 : 48.84"
"35,18 : 39.62"
"35,19 : 57.69"
"35,20 : 9.85"
"35,21 : 48.17"
"35,22 : 35.85"
"35,23 : 23.77"
"35,24 : 42.44"
"35,25 : 58.31"
"35,26 : 53.74"
"35,27 : 44.29"
"35,28 : 32.45"
"35,29 : 13.04"
"35,30 : 96.14"
"35,31 : 69.34"
"35,32 : 87.09"
"35,33 : 80.23"
"35,34 : 58.31"
"35,35 : 0.0"
"35,36 : 57.07"
"35,37 : 80.62"
"35,38 : 56.08"
"35,39 : 30.0"
"35,40 : 68.6"
"35,41 : 21.93"
"35,42 : 42.49"
"35,43 : 29.27"
"35,44 : 20.62"
"35,45 : 52.55"
"35,46 : 95.13"
"35,47 : 33.11"
"35,48 : 31.02"
"35,49 : 91.59"
"36,0 : 63.7"
"36,1 : 60.84"
"36,2 : 56.08"
"36,3 : 31.11"
"36,4 : 28.02"
"36,5 : 34.93"
"36,6 : 69.07"
"36,7 : 35.85"
"36,8 : 80.21"
"36,9 : 23.77"
"36,10 : 30.61"
"36,11 : 6.71"
"36,12 : 46.1"
"36,13 : 43.38"
"36,14 : 82.13"
"36,15 : 74.33"
"36,16 : 58.42"
"36,17 : 8.25"
"36,18 : 80.43"
"36,19 : 63.69"
"36,20 : 55.71"
"36,21 : 34.66"
"36,22 : 38.29"
"36,23 : 70.71"
"36,24 : 40.0"
"36,25 : 11.18"
"36,26 : 52.2"
"36,27 : 61.03"
"36,28 : 53.74"
"36,29 : 44.15"
"36,30 : 54.67"
"36,31 : 71.31"
"36,32 : 34.44"
"36,33 : 26.91"
"36,34 : 33.06"
"36,35 : 57.07"
"36,36 : 0.0"
"36,37 : 24.02"
"36,38 : 40.79"
"36,39 : 28.23"
"36,40 : 46.1"
"36,41 : 47.71"
"36,42 : 19.7"
"36,43 : 27.89"
"36,44 : 48.66"
"36,45 : 30.81"
"36,46 : 48.27"
"36,47 : 36.07"
"36,48 : 70.8"
"36,49 : 34.53"
"37,0 : 81.27"
"37,1 : 83.49"
"37,2 : 68.01"
"37,3 : 21.1"
"37,4 : 52.0"
"37,5 : 17.0"
"37,6 : 89.47"
"37,7 : 18.38"
"37,8 : 95.59"
"37,9 : 47.52"
"37,10 : 48.76"
"37,11 : 18.44"
"37,12 : 68.41"
"37,13 : 66.1"
"37,14 : 100.7"
"37,15 : 69.01"
"37,16 : 82.39"
"37,17 : 32.02"
"37,18 : 99.85"
"37,19 : 75.29"
"37,20 : 78.34"
"37,21 : 54.59"
"37,22 : 56.44"
"37,23 : 92.11"
"37,24 : 61.33"
"37,25 : 28.64"
"37,26 : 63.78"
"37,27 : 76.69"
"37,28 : 72.2"
"37,29 : 67.6"
"37,30 : 42.45"
"37,31 : 79.92"
"37,32 : 15.65"
"37,33 : 21.84"
"37,34 : 41.23"
"37,35 : 80.62"
"37,36 : 24.02"
"37,37 : 0.0"
"37,38 : 50.45"
"37,39 : 50.99"
"37,40 : 49.66"
"37,41 : 68.71"
"37,42 : 42.95"
"37,43 : 51.35"
"37,44 : 72.56"
"37,45 : 42.45"
"37,46 : 32.7"
"37,47 : 55.46"
"37,48 : 90.79"
"37,49 : 12.21"
"38,0 : 35.69"
"38,1 : 81.02"
"38,2 : 17.69"
"38,3 : 34.99"
"38,4 : 43.83"
"38,5 : 67.2"
"38,6 : 49.01"
"38,7 : 44.78"
"38,8 : 46.32"
"38,9 : 48.38"
"38,10 : 19.42"
"38,11 : 45.22"
"38,12 : 39.96"
"38,13 : 66.65"
"38,14 : 55.08"
"38,15 : 44.6"
"38,16 : 68.62"
"38,17 : 38.0"
"38,18 : 55.9"
"38,19 : 24.84"
"38,20 : 48.33"
"38,21 : 66.94"
"38,22 : 20.25"
"38,23 : 54.33"
"38,24 : 68.35"
"38,25 : 51.35"
"38,26 : 13.45"
"38,27 : 28.79"
"38,28 : 30.07"
"38,29 : 46.1"
"38,30 : 43.05"
"38,31 : 30.68"
"38,32 : 46.32"
"38,33 : 65.39"
"38,34 : 9.22"
"38,35 : 56.08"
"38,36 : 40.79"
"38,37 : 50.45"
"38,38 : 0.0"
"38,39 : 34.13"
"38,40 : 12.53"
"38,41 : 34.93"
"38,42 : 49.03"
"38,43 : 38.08"
"38,44 : 62.48"
"38,45 : 10.05"
"38,46 : 45.89"
"38,47 : 23.43"
"38,48 : 49.04"
"38,49 : 62.29"
"39,0 : 39.81"
"39,1 : 47.01"
"39,2 : 41.3"
"39,3 : 49.24"
"39,4 : 10.2"
"39,5 : 63.16"
"39,6 : 41.77"
"39,7 : 57.43"
"39,8 : 57.94"
"39,9 : 17.26"
"39,10 : 14.76"
"39,11 : 34.93"
"39,12 : 17.89"
"39,13 : 32.7"
"39,14 : 56.22"
"39,15 : 77.99"
"39,16 : 36.72"
"39,17 : 20.12"
"39,18 : 53.76"
"39,19 : 48.04"
"39,20 : 27.51"
"39,21 : 36.06"
"39,22 : 18.03"
"39,23 : 42.72"
"39,24 : 35.51"
"39,25 : 32.56"
"39,26 : 38.83"
"39,27 : 40.02"
"39,28 : 29.55"
"39,29 : 17.03"
"39,30 : 68.43"
"39,31 : 58.55"
"39,32 : 57.14"
"39,33 : 53.82"
"39,34 : 32.56"
"39,35 : 30.0"
"39,36 : 28.23"
"39,37 : 50.99"
"39,38 : 34.13"
"39,39 : 0.0"
"39,40 : 45.45"
"39,41 : 20.52"
"39,42 : 20.62"
"39,43 : 4.12"
"39,44 : 29.07"
"39,45 : 26.87"
"39,46 : 66.1"
"39,47 : 14.0"
"39,48 : 43.84"
"39,49 : 62.36"
"40,0 : 46.01"
"40,1 : 92.46"
"40,2 : 24.74"
"40,3 : 30.61"
"40,4 : 54.64"
"40,5 : 66.64"
"40,6 : 60.41"
"40,7 : 39.6"
"40,8 : 53.49"
"40,9 : 58.14"
"40,10 : 31.11"
"40,11 : 49.09"
"40,12 : 52.48"
"40,13 : 77.39"
"40,14 : 64.63"
"40,15 : 32.56"
"40,16 : 80.81"
"40,17 : 45.35"
"40,18 : 66.12"
"40,19 : 29.97"
"40,20 : 60.84"
"40,21 : 75.96"
"40,22 : 32.76"
"40,23 : 66.1"
"40,24 : 78.26"
"40,25 : 57.22"
"40,26 : 21.21"
"40,27 : 38.21"
"40,28 : 41.77"
"40,29 : 58.41"
"40,30 : 32.25"
"40,31 : 31.14"
"40,32 : 41.77"
"40,33 : 67.68"
"40,34 : 13.93"
"40,35 : 68.6"
"40,36 : 46.1"
"40,37 : 49.66"
"40,38 : 12.53"
"40,39 : 45.45"
"40,40 : 0.0"
"40,41 : 47.42"
"40,42 : 57.94"
"40,43 : 49.2"
"40,44 : 74.28"
"40,45 : 18.87"
"40,46 : 37.16"
"40,47 : 35.81"
"40,48 : 60.13"
"40,49 : 60.54"
"41,0 : 21.21"
"41,1 : 54.12"
"41,2 : 32.2"
"41,3 : 62.13"
"41,4 : 27.73"
"41,5 : 82.37"
"41,6 : 21.4"
"41,7 : 71.45"
"41,8 : 39.62"
"41,9 : 36.24"
"41,10 : 21.1"
"41,11 : 54.38"
"41,12 : 7.28"
"41,13 : 45.01"
"41,14 : 35.81"
"41,15 : 78.49"
"41,16 : 37.59"
"41,17 : 40.0"
"41,18 : 33.24"
"41,19 : 36.67"
"41,20 : 13.42"
"41,21 : 53.45"
"41,22 : 15.3"
"41,23 : 23.41"
"41,24 : 50.64"
"41,25 : 53.04"
"41,26 : 31.83"
"41,27 : 24.52"
"41,28 : 12.17"
"41,29 : 16.28"
"41,30 : 76.69"
"41,31 : 48.3"
"41,32 : 71.85"
"41,33 : 74.03"
"41,34 : 38.64"
"41,35 : 21.93"
"41,36 : 47.71"
"41,37 : 68.71"
"41,38 : 34.93"
"41,39 : 20.52"
"41,40 : 47.42"
"41,41 : 0.0"
"41,42 : 40.5"
"41,43 : 23.02"
"41,44 : 34.93"
"41,45 : 33.24"
"41,46 : 77.16"
"41,47 : 14.04"
"41,48 : 23.35"
"41,49 : 80.62"
"42,0 : 60.42"
"42,1 : 41.15"
"42,2 : 60.07"
"42,3 : 50.0"
"42,4 : 13.45"
"42,5 : 50.36"
"42,6 : 61.07"
"42,7 : 55.47"
"42,8 : 78.55"
"42,9 : 5.39"
"42,10 : 32.02"
"42,11 : 24.52"
"42,12 : 36.12"
"42,13 : 23.71"
"42,14 : 76.28"
"42,15 : 89.07"
"42,16 : 40.01"
"42,17 : 14.14"
"42,18 : 73.41"
"42,19 : 67.27"
"42,20 : 44.05"
"42,21 : 18.03"
"42,22 : 37.66"
"42,23 : 60.83"
"42,24 : 21.26"
"42,25 : 16.28"
"42,26 : 57.0"
"42,27 : 60.44"
"42,28 : 50.16"
"42,29 : 30.81"
"42,30 : 72.86"
"42,31 : 77.0"
"42,32 : 54.13"
"42,33 : 37.95"
"42,34 : 44.01"
"42,35 : 42.49"
"42,36 : 19.7"
"42,37 : 42.95"
"42,38 : 49.03"
"42,39 : 20.62"
"42,40 : 57.94"
"42,41 : 40.5"
"42,42 : 0.0"
"42,43 : 17.49"
"42,44 : 30.0"
"42,45 : 39.56"
"42,46 : 67.42"
"42,47 : 33.96"
"42,48 : 63.41"
"42,49 : 52.04"
"43,0 : 43.08"
"43,1 : 43.28"
"43,2 : 45.4"
"43,3 : 51.24"
"43,4 : 6.08"
"43,5 : 62.63"
"43,6 : 43.86"
"43,7 : 59.03"
"43,8 : 61.35"
"43,9 : 13.6"
"43,10 : 18.79"
"43,11 : 34.48"
"43,12 : 19.21"
"43,13 : 28.64"
"43,14 : 58.82"
"43,15 : 81.69"
"43,16 : 34.01"
"43,17 : 19.65"
"43,18 : 56.08"
"43,19 : 52.09"
"43,20 : 28.18"
"43,21 : 32.14"
"43,22 : 22.09"
"43,23 : 44.2"
"43,24 : 31.4"
"43,25 : 30.81"
"43,26 : 42.95"
"43,27 : 43.74"
"43,28 : 32.89"
"43,29 : 16.28"
"43,30 : 71.2"
"43,31 : 62.65"
"43,32 : 58.55"
"43,33 : 52.48"
"43,34 : 36.07"
"43,35 : 29.27"
"43,36 : 27.89"
"43,37 : 51.35"
"43,38 : 38.08"
"43,39 : 4.12"
"43,40 : 49.2"
"43,41 : 23.02"
"43,42 : 17.49"
"43,43 : 0.0"
"43,44 : 25.81"
"43,45 : 30.48"
"43,46 : 68.35"
"43,47 : 18.03"
"43,48 : 46.1"
"43,49 : 62.37"
"44,0 : 55.23"
"44,1 : 19.31"
"44,2 : 65.8"
"44,3 : 76.16"
"44,4 : 21.93"
"44,5 : 80.22"
"44,6 : 47.85"
"44,7 : 83.17"
"44,8 : 73.01"
"44,9 : 25.08"
"44,10 : 43.19"
"44,11 : 54.23"
"44,12 : 27.66"
"44,13 : 14.21"
"44,14 : 64.33"
"44,15 : 106.83"
"44,16 : 10.05"
"44,17 : 41.23"
"44,18 : 59.91"
"44,19 : 71.17"
"44,20 : 28.28"
"44,21 : 29.41"
"44,22 : 43.57"
"44,23 : 44.27"
"44,24 : 22.63"
"44,25 : 46.1"
"44,26 : 64.41"
"44,27 : 59.44"
"44,28 : 47.07"
"44,29 : 18.68"
"44,30 : 96.9"
"44,31 : 82.64"
"44,32 : 82.28"
"44,33 : 67.08"
"44,34 : 61.62"
"44,35 : 20.62"
"44,36 : 48.66"
"44,37 : 72.56"
"44,38 : 62.48"
"44,39 : 29.07"
"44,40 : 74.28"
"44,41 : 34.93"
"44,42 : 30.0"
"44,43 : 25.81"
"44,44 : 0.0"
"44,45 : 55.9"
"44,46 : 93.52"
"44,47 : 39.66"
"44,48 : 50.8"
"44,49 : 82.02"
"45,0 : 39.81"
"45,1 : 73.76"
"45,2 : 26.08"
"45,3 : 30.08"
"45,4 : 35.81"
"45,5 : 58.8"
"45,6 : 50.8"
"45,7 : 39.85"
"45,8 : 53.15"
"45,9 : 39.4"
"45,10 : 13.42"
"45,11 : 35.47"
"45,12 : 36.69"
"45,13 : 58.52"
"45,14 : 59.51"
"45,15 : 51.22"
"45,16 : 63.01"
"45,17 : 28.02"
"45,18 : 59.46"
"45,19 : 33.62"
"45,20 : 46.1"
"45,21 : 57.57"
"45,22 : 18.03"
"45,23 : 55.15"
"45,24 : 59.51"
"45,25 : 41.3"
"45,26 : 21.95"
"45,27 : 34.41"
"45,28 : 32.02"
"45,29 : 41.18"
"45,30 : 43.68"
"45,31 : 40.52"
"45,32 : 40.85"
"45,33 : 55.9"
"45,34 : 5.83"
"45,35 : 52.55"
"45,36 : 30.81"
"45,37 : 42.45"
"45,38 : 10.05"
"45,39 : 26.87"
"45,40 : 18.87"
"45,41 : 33.24"
"45,42 : 39.56"
"45,43 : 30.48"
"45,44 : 55.9"
"45,45 : 0.0"
"45,46 : 44.01"
"45,47 : 19.65"
"45,48 : 51.42"
"45,49 : 54.56"
"46,0 : 81.58"
"46,1 : 108.23"
"46,2 : 61.68"
"46,3 : 17.49"
"46,4 : 71.59"
"46,5 : 45.28"
"46,6 : 94.34"
"46,7 : 14.32"
"46,8 : 90.62"
"46,9 : 70.49"
"46,10 : 56.44"
"46,11 : 46.01"
"46,12 : 79.91"
"46,13 : 90.97"
"46,14 : 100.9"
"46,15 : 40.8"
"46,16 : 102.32"
"46,17 : 53.54"
"46,18 : 101.79"
"46,19 : 67.12"
"46,20 : 89.68"
"46,21 : 82.81"
"46,22 : 62.03"
"46,23 : 99.05"
"46,24 : 88.24"
"46,25 : 57.31"
"46,26 : 57.87"
"46,27 : 74.46"
"46,28 : 75.33"
"46,29 : 82.71"
"46,30 : 11.18"
"46,31 : 66.85"
"46,32 : 17.09"
"46,33 : 54.42"
"46,34 : 39.05"
"46,35 : 95.13"
"46,36 : 48.27"
"46,37 : 32.7"
"46,38 : 45.89"
"46,39 : 66.1"
"46,40 : 37.16"
"46,41 : 77.16"
"46,42 : 67.42"
"46,43 : 68.35"
"46,44 : 93.52"
"46,45 : 44.01"
"46,46 : 0.0"
"46,47 : 63.29"
"46,48 : 94.64"
"46,49 : 37.12"
"47,0 : 27.8"
"47,1 : 58.67"
"47,2 : 27.46"
"47,3 : 48.09"
"47,4 : 24.08"
"47,5 : 69.89"
"47,6 : 34.01"
"47,7 : 57.43"
"47,8 : 45.18"
"47,9 : 31.14"
"47,10 : 7.07"
"47,11 : 42.52"
"47,12 : 17.09"
"47,13 : 45.88"
"47,14 : 46.1"
"47,15 : 68.01"
"47,16 : 45.25"
"47,17 : 29.21"
"47,18 : 44.65"
"47,19 : 34.06"
"47,20 : 26.48"
"47,21 : 50.04"
"47,22 : 4.12"
"47,23 : 37.11"
"47,24 : 49.37"
"47,25 : 43.27"
"47,26 : 25.3"
"47,27 : 26.57"
"47,28 : 17.69"
"47,29 : 22.67"
"47,30 : 63.32"
"47,31 : 44.72"
"47,32 : 57.87"
"47,33 : 62.94"
"47,34 : 25.3"
"47,35 : 33.11"
"47,36 : 36.07"
"47,37 : 55.46"
"47,38 : 23.43"
"47,39 : 14.0"
"47,40 : 35.81"
"47,41 : 14.04"
"47,42 : 33.96"
"47,43 : 18.03"
"47,44 : 39.66"
"47,45 : 19.65"
"47,46 : 63.29"
"47,47 : 0.0"
"47,48 : 35.36"
"47,49 : 67.54"
"48,0 : 14.87"
"48,1 : 68.03"
"48,2 : 37.36"
"48,3 : 81.49"
"48,4 : 50.22"
"48,5 : 105.15"
"48,6 : 3.0"
"48,7 : 91.21"
"48,8 : 25.08"
"48,9 : 58.82"
"48,10 : 42.05"
"48,11 : 77.42"
"48,12 : 27.46"
"48,13 : 63.6"
"48,14 : 13.6"
"48,15 : 86.65"
"48,16 : 49.01"
"48,17 : 63.25"
"48,18 : 10.0"
"48,19 : 37.12"
"48,20 : 22.56"
"48,21 : 74.69"
"48,22 : 34.54"
"48,23 : 9.43"
"48,24 : 70.58"
"48,25 : 76.38"
"48,26 : 39.62"
"48,27 : 23.41"
"48,28 : 19.42"
"48,29 : 34.93"
"48,30 : 92.0"
"48,31 : 47.43"
"48,32 : 92.05"
"48,33 : 97.31"
"48,34 : 55.73"
"48,35 : 31.02"
"48,36 : 70.8"
"48,37 : 90.79"
"48,38 : 49.04"
"48,39 : 43.84"
"48,40 : 60.13"
"48,41 : 23.35"
"48,42 : 63.41"
"48,43 : 46.1"
"48,44 : 50.8"
"48,45 : 51.42"
"48,46 : 94.64"
"48,47 : 35.36"
"48,48 : 0.0"
"48,49 : 102.88"
"49,0 : 93.48"
"49,1 : 91.22"
"49,2 : 79.93"
"49,3 : 30.46"
"49,4 : 62.39"
"49,5 : 8.25"
"49,6 : 101.52"
"49,7 : 24.19"
"49,8 : 107.71"
"49,9 : 57.0"
"49,10 : 60.9"
"49,11 : 28.16"
"49,12 : 80.01"
"49,13 : 74.15"
"49,14 : 112.9"
"49,15 : 76.53"
"49,16 : 92.01"
"49,17 : 42.76"
"49,18 : 112.0"
"49,19 : 87.11"
"49,20 : 89.84"
"49,21 : 61.03"
"49,22 : 68.6"
"49,23 : 104.0"
"49,24 : 68.41"
"49,25 : 36.35"
"49,26 : 75.69"
"49,27 : 88.87"
"49,28 : 84.38"
"49,29 : 78.64"
"49,30 : 48.01"
"49,31 : 91.26"
"49,32 : 21.21"
"49,33 : 21.26"
"49,34 : 53.08"
"49,35 : 91.59"
"49,36 : 34.53"
"49,37 : 12.21"
"49,38 : 62.29"
"49,39 : 62.36"
"49,40 : 60.54"
"49,41 : 80.62"
"49,42 : 52.04"
"49,43 : 62.37"
"49,44 : 82.02"
"49,45 : 54.56"
"49,46 : 37.12"
"49,47 : 67.54"
"49,48 : 102.88"
"49,49 : 0.0"
