x,y
90,75
58,45
63,67
33,28
20,39
66,35
57,73
34,7
47,66
75,8
51,71
18,95
81,74
20,91
78,30
41,8
24,24
9,99
61,15
65,47
48,82
95,48
37,57
17,51
82,48
20,80
4,88
29,60
50,29
91,97
39,13
54,54
84,98
88,98
36,92
52,37
18,95
70,80
7,14
95,79
58,33
2,48
12,96
85,9
100,12
32,83
7,29
89,71
93,94
7,66

Distanze
"0,0 : 0.0"
"0,1 : 43.86"
"0,2 : 28.16"
"0,3 : 73.88"
"0,4 : 78.71"
"0,5 : 46.65"
"0,6 : 33.06"
"0,7 : 88.09"
"0,8 : 43.93"
"0,9 : 68.66"
"0,10 : 39.2"
"0,11 : 74.73"
"0,12 : 9.06"
"0,13 : 71.81"
"0,14 : 46.57"
"0,15 : 83.01"
"0,16 : 83.41"
"0,17 : 84.48"
"0,18 : 66.64"
"0,19 : 37.54"
"0,20 : 42.58"
"0,21 : 27.46"
"0,22 : 55.97"
"0,23 : 76.84"
"0,24 : 28.16"
"0,25 : 70.18"
"0,26 : 86.98"
"0,27 : 62.82"
"0,28 : 60.96"
"0,29 : 22.02"
"0,30 : 80.28"
"0,31 : 41.68"
"0,32 : 23.77"
"0,33 : 23.09"
"0,34 : 56.61"
"0,35 : 53.74"
"0,36 : 74.73"
"0,37 : 20.62"
"0,38 : 103.0"
"0,39 : 6.4"
"0,40 : 52.8"
"0,41 : 92.05"
"0,42 : 80.78"
"0,43 : 66.19"
"0,44 : 63.79"
"0,45 : 58.55"
"0,46 : 94.89"
"0,47 : 4.12"
"0,48 : 19.24"
"0,49 : 83.49"
"1,0 : 43.86"
"1,1 : 0.0"
"1,2 : 22.56"
"1,3 : 30.23"
"1,4 : 38.47"
"1,5 : 12.81"
"1,6 : 28.02"
"1,7 : 44.94"
"1,8 : 23.71"
"1,9 : 40.72"
"1,10 : 26.93"
"1,11 : 64.03"
"1,12 : 37.01"
"1,13 : 59.67"
"1,14 : 25.0"
"1,15 : 40.72"
"1,16 : 39.96"
"1,17 : 72.92"
"1,18 : 30.15"
"1,19 : 7.28"
"1,20 : 38.33"
"1,21 : 37.12"
"1,22 : 24.19"
"1,23 : 41.44"
"1,24 : 24.19"
"1,25 : 51.66"
"1,26 : 69.03"
"1,27 : 32.65"
"1,28 : 17.89"
"1,29 : 61.59"
"1,30 : 37.22"
"1,31 : 9.85"
"1,32 : 59.03"
"1,33 : 60.9"
"1,34 : 51.89"
"1,35 : 10.0"
"1,36 : 64.03"
"1,37 : 37.0"
"1,38 : 59.68"
"1,39 : 50.25"
"1,40 : 12.0"
"1,41 : 56.08"
"1,42 : 68.68"
"1,43 : 45.0"
"1,44 : 53.41"
"1,45 : 46.04"
"1,46 : 53.45"
"1,47 : 40.46"
"1,48 : 60.22"
"1,49 : 55.15"
"2,0 : 28.16"
"2,1 : 22.56"
"2,2 : 0.0"
"2,3 : 49.2"
"2,4 : 51.31"
"2,5 : 32.14"
"2,6 : 8.49"
"2,7 : 66.64"
"2,8 : 16.03"
"2,9 : 60.21"
"2,10 : 12.65"
"2,11 : 53.0"
"2,12 : 19.31"
"2,13 : 49.24"
"2,14 : 39.92"
"2,15 : 62.97"
"2,16 : 58.05"
"2,17 : 62.77"
"2,18 : 52.04"
"2,19 : 20.1"
"2,20 : 21.21"
"2,21 : 37.22"
"2,22 : 27.86"
"2,23 : 48.7"
"2,24 : 26.87"
"2,25 : 44.92"
"2,26 : 62.63"
"2,27 : 34.71"
"2,28 : 40.16"
"2,29 : 41.04"
"2,30 : 59.09"
"2,31 : 15.81"
"2,32 : 37.44"
"2,33 : 39.82"
"2,34 : 36.8"
"2,35 : 31.95"
"2,36 : 53.0"
"2,37 : 14.76"
"2,38 : 77.1"
"2,39 : 34.18"
"2,40 : 34.37"
"2,41 : 63.89"
"2,42 : 58.67"
"2,43 : 62.03"
"2,44 : 66.29"
"2,45 : 34.89"
"2,46 : 67.68"
"2,47 : 26.31"
"2,48 : 40.36"
"2,49 : 56.01"
"3,0 : 73.88"
"3,1 : 30.23"
"3,2 : 49.2"
"3,3 : 0.0"
"3,4 : 17.03"
"3,5 : 33.73"
"3,6 : 51.0"
"3,7 : 21.02"
"3,8 : 40.5"
"3,9 : 46.52"
"3,10 : 46.62"
"3,11 : 68.66"
"3,12 : 66.48"
"3,13 : 64.33"
"3,14 : 45.04"
"3,15 : 21.54"
"3,16 : 9.85"
"3,17 : 74.95"
"3,18 : 30.87"
"3,19 : 37.22"
"3,20 : 56.04"
"3,21 : 65.15"
"3,22 : 29.27"
"3,23 : 28.02"
"3,24 : 52.92"
"3,25 : 53.6"
"3,26 : 66.64"
"3,27 : 32.25"
"3,28 : 17.03"
"3,29 : 90.14"
"3,30 : 16.16"
"3,31 : 33.42"
"3,32 : 86.61"
"3,33 : 89.02"
"3,34 : 64.07"
"3,35 : 21.02"
"3,36 : 68.66"
"3,37 : 63.82"
"3,38 : 29.53"
"3,39 : 80.28"
"3,40 : 25.5"
"3,41 : 36.89"
"3,42 : 71.17"
"3,43 : 55.36"
"3,44 : 68.88"
"3,45 : 55.01"
"3,46 : 26.02"
"3,47 : 70.6"
"3,48 : 89.2"
"3,49 : 46.04"
"4,0 : 78.71"
"4,1 : 38.47"
"4,2 : 51.31"
"4,3 : 17.03"
"4,4 : 0.0"
"4,5 : 46.17"
"4,6 : 50.25"
"4,7 : 34.93"
"4,8 : 38.18"
"4,9 : 63.13"
"4,10 : 44.55"
"4,11 : 56.04"
"4,12 : 70.33"
"4,13 : 52.0"
"4,14 : 58.69"
"4,15 : 37.44"
"4,16 : 15.52"
"4,17 : 61.0"
"4,18 : 47.51"
"4,19 : 45.71"
"4,20 : 51.31"
"4,21 : 75.54"
"4,22 : 24.76"
"4,23 : 12.37"
"4,24 : 62.65"
"4,25 : 41.0"
"4,26 : 51.55"
"4,27 : 22.85"
"4,28 : 31.62"
"4,29 : 91.68"
"4,30 : 32.2"
"4,31 : 37.16"
"4,32 : 87.05"
"4,33 : 90.03"
"4,34 : 55.36"
"4,35 : 32.06"
"4,36 : 56.04"
"4,37 : 64.66"
"4,38 : 28.18"
"4,39 : 85.0"
"4,40 : 38.47"
"4,41 : 20.12"
"4,42 : 57.56"
"4,43 : 71.59"
"4,44 : 84.43"
"4,45 : 45.61"
"4,46 : 16.4"
"4,47 : 76.06"
"4,48 : 91.4"
"4,49 : 29.97"
"5,0 : 46.65"
"5,1 : 12.81"
"5,2 : 32.14"
"5,3 : 33.73"
"5,4 : 46.17"
"5,5 : 0.0"
"5,6 : 39.05"
"5,7 : 42.52"
"5,8 : 36.36"
"5,9 : 28.46"
"5,10 : 39.0"
"5,11 : 76.84"
"5,12 : 41.79"
"5,13 : 72.47"
"5,14 : 13.0"
"5,15 : 36.8"
"5,16 : 43.42"
"5,17 : 85.7"
"5,18 : 20.62"
"5,19 : 12.04"
"5,20 : 50.33"
"5,21 : 31.78"
"5,22 : 36.4"
"5,23 : 51.55"
"5,24 : 20.62"
"5,25 : 64.35"
"5,26 : 81.57"
"5,27 : 44.65"
"5,28 : 17.09"
"5,29 : 66.85"
"5,30 : 34.83"
"5,31 : 22.47"
"5,32 : 65.52"
"5,33 : 66.73"
"5,34 : 64.41"
"5,35 : 14.14"
"5,36 : 76.84"
"5,37 : 45.18"
"5,38 : 62.63"
"5,39 : 52.7"
"5,40 : 8.25"
"5,41 : 65.31"
"5,42 : 81.47"
"5,43 : 32.2"
"5,44 : 41.05"
"5,45 : 58.82"
"5,46 : 59.3"
"5,47 : 42.72"
"5,48 : 64.88"
"5,49 : 66.65"
"6,0 : 33.06"
"6,1 : 28.02"
"6,2 : 8.49"
"6,3 : 51.0"
"6,4 : 50.25"
"6,5 : 39.05"
"6,6 : 0.0"
"6,7 : 69.89"
"6,8 : 12.21"
"6,9 : 67.45"
"6,10 : 6.32"
"6,11 : 44.78"
"6,12 : 24.02"
"6,13 : 41.15"
"6,14 : 47.85"
"6,15 : 66.94"
"6,16 : 59.08"
"6,17 : 54.59"
"6,18 : 58.14"
"6,19 : 27.2"
"6,20 : 12.73"
"6,21 : 45.49"
"6,22 : 25.61"
"6,23 : 45.65"
"6,24 : 35.36"
"6,25 : 37.66"
"6,26 : 55.08"
"6,27 : 30.87"
"6,28 : 44.55"
"6,29 : 41.62"
"6,30 : 62.64"
"6,31 : 19.24"
"6,32 : 36.8"
"6,33 : 39.82"
"6,34 : 28.32"
"6,35 : 36.35"
"6,36 : 44.78"
"6,37 : 14.76"
"6,38 : 77.34"
"6,39 : 38.47"
"6,40 : 40.01"
"6,41 : 60.42"
"6,42 : 50.54"
"6,43 : 69.86"
"6,44 : 74.63"
"6,45 : 26.93"
"6,46 : 66.6"
"6,47 : 32.06"
"6,48 : 41.68"
"6,49 : 50.49"
"7,0 : 88.09"
"7,1 : 44.94"
"7,2 : 66.64"
"7,3 : 21.02"
"7,4 : 34.93"
"7,5 : 42.52"
"7,6 : 69.89"
"7,7 : 0.0"
"7,8 : 60.42"
"7,9 : 41.01"
"7,10 : 66.22"
"7,11 : 89.44"
"7,12 : 81.84"
"7,13 : 85.16"
"7,14 : 49.65"
"7,15 : 7.07"
"7,16 : 19.72"
"7,17 : 95.34"
"7,18 : 28.16"
"7,19 : 50.61"
"7,20 : 76.3"
"7,21 : 73.5"
"7,22 : 50.09"
"7,23 : 47.17"
"7,24 : 63.13"
"7,25 : 74.33"
"7,26 : 86.38"
"7,27 : 53.24"
"7,28 : 27.2"
"7,29 : 106.53"
"7,30 : 7.81"
"7,31 : 51.08"
"7,32 : 103.83"
"7,33 : 105.82"
"7,34 : 85.02"
"7,35 : 34.99"
"7,36 : 89.44"
"7,37 : 81.39"
"7,38 : 27.89"
"7,39 : 94.37"
"7,40 : 35.38"
"7,41 : 52.01"
"7,42 : 91.68"
"7,43 : 51.04"
"7,44 : 66.19"
"7,45 : 76.03"
"7,46 : 34.83"
"7,47 : 84.39"
"7,48 : 105.12"
"7,49 : 64.88"
"8,0 : 43.93"
"8,1 : 23.71"
"8,2 : 16.03"
"8,3 : 40.5"
"8,4 : 38.18"
"8,5 : 36.36"
"8,6 : 12.21"
"8,7 : 60.42"
"8,8 : 0.0"
"8,9 : 64.4"
"8,10 : 6.4"
"8,11 : 41.01"
"8,12 : 34.93"
"8,13 : 36.8"
"8,14 : 47.51"
"8,15 : 58.31"
"8,16 : 47.89"
"8,17 : 50.33"
"8,18 : 52.89"
"8,19 : 26.17"
"8,20 : 16.03"
"8,21 : 51.26"
"8,22 : 13.45"
"8,23 : 33.54"
"8,24 : 39.36"
"8,25 : 30.41"
"8,26 : 48.3"
"8,27 : 18.97"
"8,28 : 37.12"
"8,29 : 53.82"
"8,30 : 53.6"
"8,31 : 13.89"
"8,32 : 48.92"
"8,33 : 52.01"
"8,34 : 28.23"
"8,35 : 29.43"
"8,36 : 41.01"
"8,37 : 26.93"
"8,38 : 65.6"
"8,39 : 49.73"
"8,40 : 34.79"
"8,41 : 48.47"
"8,42 : 46.1"
"8,43 : 68.51"
"8,44 : 75.66"
"8,45 : 22.67"
"8,46 : 54.49"
"8,47 : 42.3"
"8,48 : 53.85"
"8,49 : 40.0"
"9,0 : 68.66"
"9,1 : 40.72"
"9,2 : 60.21"
"9,3 : 46.52"
"9,4 : 63.13"
"9,5 : 28.46"
"9,6 : 67.45"
"9,7 : 41.01"
"9,8 : 64.4"
"9,9 : 0.0"
"9,10 : 67.42"
"9,11 : 104.01"
"9,12 : 66.27"
"9,13 : 99.57"
"9,14 : 22.2"
"9,15 : 34.0"
"9,16 : 53.45"
"9,17 : 112.41"
"9,18 : 15.65"
"9,19 : 40.26"
"9,20 : 78.77"
"9,21 : 44.72"
"9,22 : 62.01"
"9,23 : 72.2"
"9,24 : 40.61"
"9,25 : 90.6"
"9,26 : 106.96"
"9,27 : 69.43"
"9,28 : 32.65"
"9,29 : 90.43"
"9,30 : 36.35"
"9,31 : 50.57"
"9,32 : 90.45"
"9,33 : 90.93"
"9,34 : 92.61"
"9,35 : 37.01"
"9,36 : 104.01"
"9,37 : 72.17"
"9,38 : 68.26"
"9,39 : 73.76"
"9,40 : 30.23"
"9,41 : 83.24"
"9,42 : 108.23"
"9,43 : 10.05"
"9,44 : 25.32"
"9,45 : 86.45"
"9,46 : 71.17"
"9,47 : 64.54"
"9,48 : 87.86"
"9,49 : 89.38"
"10,0 : 39.2"
"10,1 : 26.93"
"10,2 : 12.65"
"10,3 : 46.62"
"10,4 : 44.55"
"10,5 : 39.0"
"10,6 : 6.32"
"10,7 : 66.22"
"10,8 : 6.4"
"10,9 : 67.42"
"10,10 : 0.0"
"10,11 : 40.8"
"10,12 : 30.15"
"10,13 : 36.89"
"10,14 : 49.09"
"10,15 : 63.79"
"10,16 : 54.2"
"10,17 : 50.48"
"10,18 : 56.89"
"10,19 : 27.78"
"10,20 : 11.4"
"10,21 : 49.65"
"10,22 : 19.8"
"10,23 : 39.45"
"10,24 : 38.6"
"10,25 : 32.28"
"10,26 : 49.98"
"10,27 : 24.6"
"10,28 : 42.01"
"10,29 : 47.71"
"10,30 : 59.23"
"10,31 : 17.26"
"10,32 : 42.64"
"10,33 : 45.8"
"10,34 : 25.81"
"10,35 : 34.01"
"10,36 : 40.8"
"10,37 : 21.02"
"10,38 : 72.01"
"10,39 : 44.72"
"10,40 : 38.64"
"10,41 : 54.13"
"10,42 : 46.32"
"10,43 : 70.71"
"10,44 : 76.69"
"10,45 : 22.47"
"10,46 : 60.83"
"10,47 : 38.0"
"10,48 : 47.89"
"10,49 : 44.28"
"11,0 : 74.73"
"11,1 : 64.03"
"11,2 : 53.0"
"11,3 : 68.66"
"11,4 : 56.04"
"11,5 : 76.84"
"11,6 : 44.78"
"11,7 : 89.44"
"11,8 : 41.01"
"11,9 : 104.01"
"11,10 : 40.8"
"11,11 : 0.0"
"11,12 : 66.41"
"11,13 : 4.47"
"11,14 : 88.46"
"11,15 : 89.99"
"11,16 : 71.25"
"11,17 : 9.85"
"11,18 : 90.82"
"11,19 : 67.18"
"11,20 : 32.7"
"11,21 : 90.21"
"11,22 : 42.49"
"11,23 : 44.01"
"11,24 : 79.4"
"11,25 : 15.13"
"11,26 : 15.65"
"11,27 : 36.69"
"11,28 : 73.35"
"11,29 : 73.03"
"11,30 : 84.65"
"11,31 : 54.56"
"11,32 : 66.07"
"11,33 : 70.06"
"11,34 : 18.25"
"11,35 : 67.23"
"11,36 : 0.0"
"11,37 : 54.12"
"11,38 : 81.74"
"11,39 : 78.64"
"11,40 : 73.78"
"11,41 : 49.65"
"11,42 : 6.08"
"11,43 : 109.02"
"11,44 : 116.67"
"11,45 : 18.44"
"11,46 : 66.91"
"11,47 : 74.95"
"11,48 : 75.01"
"11,49 : 31.02"
"12,0 : 9.06"
"12,1 : 37.01"
"12,2 : 19.31"
"12,3 : 66.48"
"12,4 : 70.33"
"12,5 : 41.79"
"12,6 : 24.02"
"12,7 : 81.84"
"12,8 : 34.93"
"12,9 : 66.27"
"12,10 : 30.15"
"12,11 : 66.41"
"12,12 : 0.0"
"12,13 : 63.32"
"12,14 : 44.1"
"12,15 : 77.18"
"12,16 : 75.82"
"12,17 : 76.22"
"12,18 : 62.3"
"12,19 : 31.38"
"12,20 : 33.96"
"12,21 : 29.53"
"12,22 : 47.17"
"12,23 : 68.01"
"12,24 : 26.02"
"12,25 : 61.29"
"12,26 : 78.26"
"12,27 : 53.85"
"12,28 : 54.64"
"12,29 : 25.08"
"12,30 : 74.06"
"12,31 : 33.6"
"12,32 : 24.19"
"12,33 : 25.0"
"12,34 : 48.47"
"12,35 : 47.01"
"12,36 : 66.41"
"12,37 : 12.53"
"12,38 : 95.27"
"12,39 : 14.87"
"12,40 : 47.01"
"12,41 : 83.17"
"12,42 : 72.42"
"12,43 : 65.12"
"12,44 : 64.85"
"12,45 : 49.82"
"12,46 : 86.61"
"12,47 : 8.54"
"12,48 : 23.32"
"12,49 : 74.43"
"13,0 : 71.81"
"13,1 : 59.67"
"13,2 : 49.24"
"13,3 : 64.33"
"13,4 : 52.0"
"13,5 : 72.47"
"13,6 : 41.15"
"13,7 : 85.16"
"13,8 : 36.8"
"13,9 : 99.57"
"13,10 : 36.89"
"13,11 : 4.47"
"13,12 : 63.32"
"13,13 : 0.0"
"13,14 : 84.17"
"13,15 : 85.62"
"13,16 : 67.12"
"13,17 : 13.6"
"13,18 : 86.35"
"13,19 : 62.94"
"13,20 : 29.41"
"13,21 : 86.45"
"13,22 : 38.01"
"13,23 : 40.11"
"13,24 : 75.45"
"13,25 : 11.0"
"13,26 : 16.28"
"13,27 : 32.28"
"13,28 : 68.88"
"13,29 : 71.25"
"13,30 : 80.28"
"13,31 : 50.25"
"13,32 : 64.38"
"13,33 : 68.36"
"13,34 : 16.03"
"13,35 : 62.77"
"13,36 : 4.47"
"13,37 : 51.2"
"13,38 : 78.09"
"13,39 : 75.95"
"13,40 : 69.34"
"13,41 : 46.62"
"13,42 : 9.43"
"13,43 : 104.64"
"13,44 : 112.43"
"13,45 : 14.42"
"13,46 : 63.35"
"13,47 : 71.84"
"13,48 : 73.06"
"13,49 : 28.18"
"14,0 : 46.57"
"14,1 : 25.0"
"14,2 : 39.92"
"14,3 : 45.04"
"14,4 : 58.69"
"14,5 : 13.0"
"14,6 : 47.85"
"14,7 : 49.65"
"14,8 : 47.51"
"14,9 : 22.2"
"14,10 : 49.09"
"14,11 : 88.46"
"14,12 : 44.1"
"14,13 : 84.17"
"14,14 : 0.0"
"14,15 : 43.05"
"14,16 : 54.33"
"14,17 : 97.58"
"14,18 : 22.67"
"14,19 : 21.4"
"14,20 : 60.03"
"14,21 : 24.76"
"14,22 : 49.09"
"14,23 : 64.51"
"14,24 : 18.44"
"14,25 : 76.58"
"14,26 : 94.02"
"14,27 : 57.45"
"14,28 : 28.02"
"14,29 : 68.25"
"14,30 : 42.54"
"14,31 : 33.94"
"14,32 : 68.26"
"14,33 : 68.73"
"14,34 : 74.89"
"14,35 : 26.93"
"14,36 : 88.46"
"14,37 : 50.64"
"14,38 : 72.78"
"14,39 : 51.87"
"14,40 : 20.22"
"14,41 : 78.1"
"14,42 : 93.34"
"14,43 : 22.14"
"14,44 : 28.43"
"14,45 : 70.18"
"14,46 : 71.01"
"14,47 : 42.45"
"14,48 : 65.73"
"14,49 : 79.61"
"15,0 : 83.01"
"15,1 : 40.72"
"15,2 : 62.97"
"15,3 : 21.54"
"15,4 : 37.44"
"15,5 : 36.8"
"15,6 : 66.94"
"15,7 : 7.07"
"15,8 : 58.31"
"15,9 : 34.0"
"15,10 : 63.79"
"15,11 : 89.99"
"15,12 : 77.18"
"15,13 : 85.62"
"15,14 : 43.05"
"15,15 : 0.0"
"15,16 : 23.35"
"15,17 : 96.46"
"15,18 : 21.19"
"15,19 : 45.79"
"15,20 : 74.33"
"15,21 : 67.2"
"15,22 : 49.16"
"15,23 : 49.24"
"15,24 : 57.28"
"15,25 : 75.0"
"15,26 : 88.14"
"15,27 : 53.37"
"15,28 : 22.85"
"15,29 : 102.08"
"15,30 : 5.39"
"15,31 : 47.8"
"15,32 : 99.74"
"15,33 : 101.53"
"15,34 : 84.15"
"15,35 : 31.02"
"15,36 : 89.99"
"15,37 : 77.62"
"15,38 : 34.53"
"15,39 : 89.2"
"15,40 : 30.23"
"15,41 : 55.87"
"15,42 : 92.66"
"15,43 : 44.01"
"15,44 : 59.14"
"15,45 : 75.54"
"15,46 : 39.96"
"15,47 : 79.2"
"15,48 : 100.5"
"15,49 : 67.23"
"16,0 : 83.41"
"16,1 : 39.96"
"16,2 : 58.05"
"16,3 : 9.85"
"16,4 : 15.52"
"16,5 : 43.42"
"16,6 : 59.08"
"16,7 : 19.72"
"16,8 : 47.89"
"16,9 : 53.45"
"16,10 : 54.2"
"16,11 : 71.25"
"16,12 : 75.82"
"16,13 : 67.12"
"16,14 : 54.33"
"16,15 : 23.35"
"16,16 : 0.0"
"16,17 : 76.49"
"16,18 : 38.08"
"16,19 : 47.01"
"16,20 : 62.77"
"16,21 : 74.95"
"16,22 : 35.47"
"16,23 : 27.89"
"16,24 : 62.77"
"16,25 : 56.14"
"16,26 : 67.05"
"16,27 : 36.35"
"16,28 : 26.48"
"16,29 : 99.09"
"16,30 : 18.6"
"16,31 : 42.43"
"16,32 : 95.27"
"16,33 : 97.84"
"16,34 : 69.05"
"16,35 : 30.87"
"16,36 : 71.25"
"16,37 : 72.47"
"16,38 : 19.72"
"16,39 : 89.81"
"16,40 : 35.17"
"16,41 : 32.56"
"16,42 : 72.99"
"16,43 : 62.82"
"16,44 : 76.94"
"16,45 : 59.54"
"16,46 : 17.72"
"16,47 : 80.21"
"16,48 : 98.29"
"16,49 : 45.31"
"17,0 : 84.48"
"17,1 : 72.92"
"17,2 : 62.77"
"17,3 : 74.95"
"17,4 : 61.0"
"17,5 : 85.7"
"17,6 : 54.59"
"17,7 : 95.34"
"17,8 : 50.33"
"17,9 : 112.41"
"17,10 : 50.48"
"17,11 : 9.85"
"17,12 : 76.22"
"17,13 : 13.6"
"17,14 : 97.58"
"17,15 : 96.46"
"17,16 : 76.49"
"17,17 : 0.0"
"17,18 : 98.79"
"17,19 : 76.42"
"17,20 : 42.54"
"17,21 : 99.98"
"17,22 : 50.48"
"17,23 : 48.66"
"17,24 : 89.05"
"17,25 : 21.95"
"17,26 : 12.08"
"17,27 : 43.83"
"17,28 : 81.12"
"17,29 : 82.02"
"17,30 : 91.08"
"17,31 : 63.64"
"17,32 : 75.01"
"17,33 : 79.01"
"17,34 : 27.89"
"17,35 : 75.45"
"17,36 : 9.85"
"17,37 : 63.89"
"17,38 : 85.02"
"17,39 : 88.29"
"17,40 : 82.2"
"17,41 : 51.48"
"17,42 : 4.24"
"17,43 : 117.8"
"17,44 : 125.9"
"17,45 : 28.02"
"17,46 : 70.03"
"17,47 : 84.76"
"17,48 : 84.15"
"17,49 : 33.06"
"18,0 : 66.64"
"18,1 : 30.15"
"18,2 : 52.04"
"18,3 : 30.87"
"18,4 : 47.51"
"18,5 : 20.62"
"18,6 : 58.14"
"18,7 : 28.16"
"18,8 : 52.89"
"18,9 : 15.65"
"18,10 : 56.89"
"18,11 : 90.82"
"18,12 : 62.3"
"18,13 : 86.35"
"18,14 : 22.67"
"18,15 : 21.19"
"18,16 : 38.08"
"18,17 : 98.79"
"18,18 : 0.0"
"18,19 : 32.25"
"18,20 : 68.25"
"18,21 : 47.38"
"18,22 : 48.37"
"18,23 : 56.85"
"18,24 : 39.12"
"18,25 : 76.85"
"18,26 : 92.62"
"18,27 : 55.22"
"18,28 : 17.8"
"18,29 : 87.32"
"18,30 : 22.09"
"18,31 : 39.62"
"18,32 : 86.13"
"18,33 : 87.28"
"18,34 : 80.96"
"18,35 : 23.77"
"18,36 : 90.82"
"18,37 : 65.62"
"18,38 : 54.01"
"18,39 : 72.47"
"18,40 : 18.25"
"18,41 : 67.6"
"18,42 : 94.67"
"18,43 : 24.74"
"18,44 : 39.12"
"18,45 : 73.93"
"18,46 : 55.79"
"18,47 : 62.61"
"18,48 : 85.23"
"18,49 : 74.28"
"19,0 : 37.54"
"19,1 : 7.28"
"19,2 : 20.1"
"19,3 : 37.22"
"19,4 : 45.71"
"19,5 : 12.04"
"19,6 : 27.2"
"19,7 : 50.61"
"19,8 : 26.17"
"19,9 : 40.26"
"19,10 : 27.78"
"19,11 : 67.18"
"19,12 : 31.38"
"19,13 : 62.94"
"19,14 : 21.4"
"19,15 : 45.79"
"19,16 : 47.01"
"19,17 : 76.42"
"19,18 : 32.25"
"19,19 : 0.0"
"19,20 : 38.91"
"19,21 : 30.02"
"19,22 : 29.73"
"19,23 : 48.17"
"19,24 : 17.03"
"19,25 : 55.8"
"19,26 : 73.5"
"19,27 : 38.28"
"19,28 : 23.43"
"19,29 : 56.36"
"19,30 : 42.8"
"19,31 : 13.04"
"19,32 : 54.42"
"19,33 : 55.95"
"19,34 : 53.54"
"19,35 : 16.4"
"19,36 : 67.18"
"19,37 : 33.38"
"19,38 : 66.73"
"19,39 : 43.86"
"19,40 : 15.65"
"19,41 : 63.01"
"19,42 : 72.18"
"19,43 : 42.94"
"19,44 : 49.5"
"19,45 : 48.84"
"19,46 : 60.73"
"19,47 : 33.94"
"19,48 : 54.71"
"19,49 : 61.03"
"20,0 : 42.58"
"20,1 : 38.33"
"20,2 : 21.21"
"20,3 : 56.04"
"20,4 : 51.31"
"20,5 : 50.33"
"20,6 : 12.73"
"20,7 : 76.3"
"20,8 : 16.03"
"20,9 : 78.77"
"20,10 : 11.4"
"20,11 : 32.7"
"20,12 : 33.96"
"20,13 : 29.41"
"20,14 : 60.03"
"20,15 : 74.33"
"20,16 : 62.77"
"20,17 : 42.54"
"20,18 : 68.25"
"20,19 : 38.91"
"20,20 : 0.0"
"20,21 : 58.01"
"20,22 : 27.31"
"20,23 : 43.84"
"20,24 : 48.08"
"20,25 : 28.07"
"20,26 : 44.41"
"20,27 : 29.07"
"20,28 : 53.04"
"20,29 : 45.54"
"20,30 : 69.58"
"20,31 : 28.64"
"20,32 : 39.4"
"20,33 : 43.08"
"20,34 : 15.62"
"20,35 : 45.18"
"20,36 : 32.7"
"20,37 : 22.09"
"20,38 : 79.4"
"20,39 : 47.1"
"20,40 : 50.01"
"20,41 : 57.2"
"20,42 : 38.63"
"20,43 : 81.84"
"20,44 : 87.2"
"20,45 : 16.03"
"20,46 : 67.01"
"20,47 : 42.45"
"20,48 : 46.57"
"20,49 : 44.01"
"21,0 : 27.46"
"21,1 : 37.12"
"21,2 : 37.22"
"21,3 : 65.15"
"21,4 : 75.54"
"21,5 : 31.78"
"21,6 : 45.49"
"21,7 : 73.5"
"21,8 : 51.26"
"21,9 : 44.72"
"21,10 : 49.65"
"21,11 : 90.21"
"21,12 : 29.53"
"21,13 : 86.45"
"21,14 : 24.76"
"21,15 : 67.2"
"21,16 : 74.95"
"21,17 : 99.98"
"21,18 : 47.38"
"21,19 : 30.02"
"21,20 : 58.01"
"21,21 : 0.0"
"21,22 : 58.69"
"21,23 : 78.06"
"21,24 : 13.0"
"21,25 : 81.54"
"21,26 : 99.4"
"21,27 : 67.08"
"21,28 : 48.85"
"21,29 : 49.16"
"21,30 : 66.04"
"21,31 : 41.44"
"21,32 : 51.2"
"21,33 : 50.49"
"21,34 : 73.6"
"21,35 : 44.38"
"21,36 : 90.21"
"21,37 : 40.61"
"21,38 : 94.34"
"21,39 : 31.0"
"21,40 : 39.92"
"21,41 : 93.0"
"21,42 : 95.88"
"21,43 : 40.26"
"21,44 : 36.35"
"21,45 : 72.07"
"21,46 : 90.03"
"21,47 : 23.77"
"21,48 : 46.04"
"21,49 : 89.82"
"22,0 : 55.97"
"22,1 : 24.19"
"22,2 : 27.86"
"22,3 : 29.27"
"22,4 : 24.76"
"22,5 : 36.4"
"22,6 : 25.61"
"22,7 : 50.09"
"22,8 : 13.45"
"22,9 : 62.01"
"22,10 : 19.8"
"22,11 : 42.49"
"22,12 : 47.17"
"22,13 : 38.01"
"22,14 : 49.09"
"22,15 : 49.16"
"22,16 : 35.47"
"22,17 : 50.48"
"22,18 : 48.37"
"22,19 : 29.73"
"22,20 : 27.31"
"22,21 : 58.69"
"22,22 : 0.0"
"22,23 : 20.88"
"22,24 : 45.89"
"22,25 : 28.6"
"22,26 : 45.28"
"22,27 : 8.54"
"22,28 : 30.87"
"22,29 : 67.2"
"22,30 : 44.05"
"22,31 : 17.26"
"22,32 : 62.37"
"22,33 : 65.44"
"22,34 : 35.01"
"22,35 : 25.0"
"22,36 : 42.49"
"22,37 : 40.22"
"22,38 : 52.43"
"22,39 : 62.03"
"22,40 : 31.89"
"22,41 : 36.14"
"22,42 : 46.32"
"22,43 : 67.88"
"22,44 : 77.42"
"22,45 : 26.48"
"22,46 : 41.04"
"22,47 : 53.85"
"22,48 : 67.12"
"22,49 : 31.32"
"23,0 : 76.84"
"23,1 : 41.44"
"23,2 : 48.7"
"23,3 : 28.02"
"23,4 : 12.37"
"23,5 : 51.55"
"23,6 : 45.65"
"23,7 : 47.17"
"23,8 : 33.54"
"23,9 : 72.2"
"23,10 : 39.45"
"23,11 : 44.01"
"23,12 : 68.01"
"23,13 : 40.11"
"23,14 : 64.51"
"23,15 : 49.24"
"23,16 : 27.89"
"23,17 : 48.66"
"23,18 : 56.85"
"23,19 : 48.17"
"23,20 : 43.84"
"23,21 : 78.06"
"23,22 : 20.88"
"23,23 : 0.0"
"23,24 : 65.07"
"23,25 : 29.15"
"23,26 : 39.22"
"23,27 : 15.0"
"23,28 : 39.66"
"23,29 : 87.13"
"23,30 : 43.91"
"23,31 : 37.12"
"23,32 : 81.84"
"23,33 : 85.15"
"23,34 : 45.19"
"23,35 : 37.7"
"23,36 : 44.01"
"23,37 : 60.42"
"23,38 : 38.33"
"23,39 : 82.87"
"23,40 : 44.78"
"23,41 : 15.3"
"23,42 : 45.28"
"23,43 : 79.92"
"23,44 : 91.71"
"23,45 : 35.34"
"23,46 : 24.17"
"23,47 : 74.73"
"23,48 : 87.32"
"23,49 : 18.03"
"24,0 : 28.16"
"24,1 : 24.19"
"24,2 : 26.87"
"24,3 : 52.92"
"24,4 : 62.65"
"24,5 : 20.62"
"24,6 : 35.36"
"24,7 : 63.13"
"24,8 : 39.36"
"24,9 : 40.61"
"24,10 : 38.6"
"24,11 : 79.4"
"24,12 : 26.02"
"24,13 : 75.45"
"24,14 : 18.44"
"24,15 : 57.28"
"24,16 : 62.77"
"24,17 : 89.05"
"24,18 : 39.12"
"24,19 : 17.03"
"24,20 : 48.08"
"24,21 : 13.0"
"24,22 : 45.89"
"24,23 : 65.07"
"24,24 : 0.0"
"24,25 : 69.77"
"24,26 : 87.66"
"24,27 : 54.34"
"24,28 : 37.22"
"24,29 : 49.82"
"24,30 : 55.44"
"24,31 : 28.64"
"24,32 : 50.04"
"24,33 : 50.36"
"24,34 : 63.66"
"24,35 : 31.95"
"24,36 : 79.4"
"24,37 : 34.18"
"24,38 : 82.35"
"24,39 : 33.62"
"24,40 : 28.3"
"24,41 : 80.0"
"24,42 : 84.88"
"24,43 : 39.12"
"24,44 : 40.25"
"24,45 : 61.03"
"24,46 : 77.37"
"24,47 : 24.04"
"24,48 : 47.3"
"24,49 : 77.13"
"25,0 : 70.18"
"25,1 : 51.66"
"25,2 : 44.92"
"25,3 : 53.6"
"25,4 : 41.0"
"25,5 : 64.35"
"25,6 : 37.66"
"25,7 : 74.33"
"25,8 : 30.41"
"25,9 : 90.6"
"25,10 : 32.28"
"25,11 : 15.13"
"25,12 : 61.29"
"25,13 : 11.0"
"25,14 : 76.58"
"25,15 : 75.0"
"25,16 : 56.14"
"25,17 : 21.95"
"25,18 : 76.85"
"25,19 : 55.8"
"25,20 : 28.07"
"25,21 : 81.54"
"25,22 : 28.6"
"25,23 : 29.15"
"25,24 : 69.77"
"25,25 : 0.0"
"25,26 : 17.89"
"25,27 : 21.93"
"25,28 : 59.17"
"25,29 : 73.01"
"25,30 : 69.64"
"25,31 : 42.8"
"25,32 : 66.48"
"25,33 : 70.34"
"25,34 : 20.0"
"25,35 : 53.6"
"25,36 : 15.13"
"25,37 : 50.0"
"25,38 : 67.27"
"25,39 : 75.01"
"25,40 : 60.44"
"25,41 : 36.72"
"25,42 : 17.89"
"25,43 : 96.26"
"25,44 : 105.0"
"25,45 : 12.37"
"25,46 : 52.63"
"25,47 : 69.58"
"25,48 : 74.33"
"25,49 : 19.1"
"26,0 : 86.98"
"26,1 : 69.03"
"26,2 : 62.63"
"26,3 : 66.64"
"26,4 : 51.55"
"26,5 : 81.57"
"26,6 : 55.08"
"26,7 : 86.38"
"26,8 : 48.3"
"26,9 : 106.96"
"26,10 : 49.98"
"26,11 : 15.65"
"26,12 : 78.26"
"26,13 : 16.28"
"26,14 : 94.02"
"26,15 : 88.14"
"26,16 : 67.05"
"26,17 : 12.08"
"26,18 : 92.62"
"26,19 : 73.5"
"26,20 : 44.41"
"26,21 : 99.4"
"26,22 : 45.28"
"26,23 : 39.22"
"26,24 : 87.66"
"26,25 : 17.89"
"26,26 : 0.0"
"26,27 : 37.54"
"26,28 : 74.81"
"26,29 : 87.46"
"26,30 : 82.76"
"26,31 : 60.46"
"26,32 : 80.62"
"26,33 : 84.59"
"26,34 : 32.25"
"26,35 : 70.04"
"26,36 : 15.65"
"26,37 : 66.48"
"26,38 : 74.06"
"26,39 : 91.44"
"26,40 : 77.08"
"26,41 : 40.05"
"26,42 : 11.31"
"26,43 : 113.15"
"26,44 : 122.44"
"26,45 : 28.44"
"26,46 : 59.08"
"26,47 : 86.68"
"26,48 : 89.2"
"26,49 : 22.2"
"27,0 : 62.82"
"27,1 : 32.65"
"27,2 : 34.71"
"27,3 : 32.25"
"27,4 : 22.85"
"27,5 : 44.65"
"27,6 : 30.87"
"27,7 : 53.24"
"27,8 : 18.97"
"27,9 : 69.43"
"27,10 : 24.6"
"27,11 : 36.69"
"27,12 : 53.85"
"27,13 : 32.28"
"27,14 : 57.45"
"27,15 : 53.37"
"27,16 : 36.35"
"27,17 : 43.83"
"27,18 : 55.22"
"27,19 : 38.28"
"27,20 : 29.07"
"27,21 : 67.08"
"27,22 : 8.54"
"27,23 : 15.0"
"27,24 : 54.34"
"27,25 : 21.93"
"27,26 : 37.54"
"27,27 : 0.0"
"27,28 : 37.44"
"27,29 : 72.2"
"27,30 : 48.05"
"27,31 : 25.71"
"27,32 : 66.85"
"27,33 : 70.18"
"27,34 : 32.76"
"27,35 : 32.53"
"27,36 : 36.69"
"27,37 : 45.62"
"27,38 : 50.99"
"27,39 : 68.68"
"27,40 : 39.62"
"27,41 : 29.55"
"27,42 : 39.81"
"27,43 : 75.74"
"27,44 : 85.7"
"27,45 : 23.19"
"27,46 : 38.01"
"27,47 : 61.0"
"27,48 : 72.47"
"27,49 : 22.8"
"28,0 : 60.96"
"28,1 : 17.89"
"28,2 : 40.16"
"28,3 : 17.03"
"28,4 : 31.62"
"28,5 : 17.09"
"28,6 : 44.55"
"28,7 : 27.2"
"28,8 : 37.12"
"28,9 : 32.65"
"28,10 : 42.01"
"28,11 : 73.35"
"28,12 : 54.64"
"28,13 : 68.88"
"28,14 : 28.02"
"28,15 : 22.85"
"28,16 : 26.48"
"28,17 : 81.12"
"28,18 : 17.8"
"28,19 : 23.43"
"28,20 : 53.04"
"28,21 : 48.85"
"28,22 : 30.87"
"28,23 : 39.66"
"28,24 : 37.22"
"28,25 : 59.17"
"28,26 : 74.81"
"28,27 : 37.44"
"28,28 : 0.0"
"28,29 : 79.4"
"28,30 : 19.42"
"28,31 : 25.32"
"28,32 : 76.92"
"28,33 : 78.77"
"28,34 : 64.54"
"28,35 : 8.25"
"28,36 : 73.35"
"28,37 : 54.78"
"28,38 : 45.54"
"28,39 : 67.27"
"28,40 : 8.94"
"28,41 : 51.62"
"28,42 : 77.03"
"28,43 : 40.31"
"28,44 : 52.81"
"28,45 : 56.92"
"28,46 : 43.0"
"28,47 : 57.31"
"28,48 : 77.94"
"28,49 : 56.73"
"29,0 : 22.02"
"29,1 : 61.59"
"29,2 : 41.04"
"29,3 : 90.14"
"29,4 : 91.68"
"29,5 : 66.85"
"29,6 : 41.62"
"29,7 : 106.53"
"29,8 : 53.82"
"29,9 : 90.43"
"29,10 : 47.71"
"29,11 : 73.03"
"29,12 : 25.08"
"29,13 : 71.25"
"29,14 : 68.25"
"29,15 : 102.08"
"29,16 : 99.09"
"29,17 : 82.02"
"29,18 : 87.32"
"29,19 : 56.36"
"29,20 : 45.54"
"29,21 : 49.16"
"29,22 : 67.2"
"29,23 : 87.13"
"29,24 : 49.82"
"29,25 : 73.01"
"29,26 : 87.46"
"29,27 : 72.2"
"29,28 : 79.4"
"29,29 : 0.0"
"29,30 : 98.79"
"29,31 : 56.73"
"29,32 : 7.07"
"29,33 : 3.16"
"29,34 : 55.23"
"29,35 : 71.56"
"29,36 : 73.03"
"29,37 : 27.02"
"29,38 : 118.09"
"29,39 : 18.44"
"29,40 : 72.01"
"29,41 : 101.6"
"29,42 : 79.01"
"29,43 : 88.2"
"29,44 : 85.48"
"29,45 : 60.64"
"29,46 : 108.07"
"29,47 : 26.08"
"29,48 : 3.61"
"29,49 : 89.54"
"30,0 : 80.28"
"30,1 : 37.22"
"30,2 : 59.09"
"30,3 : 16.16"
"30,4 : 32.2"
"30,5 : 34.83"
"30,6 : 62.64"
"30,7 : 7.81"
"30,8 : 53.6"
"30,9 : 36.35"
"30,10 : 59.23"
"30,11 : 84.65"
"30,12 : 74.06"
"30,13 : 80.28"
"30,14 : 42.54"
"30,15 : 5.39"
"30,16 : 18.6"
"30,17 : 91.08"
"30,18 : 22.09"
"30,19 : 42.8"
"30,20 : 69.58"
"30,21 : 66.04"
"30,22 : 44.05"
"30,23 : 43.91"
"30,24 : 55.44"
"30,25 : 69.64"
"30,26 : 82.76"
"30,27 : 48.05"
"30,28 : 19.42"
"30,29 : 98.79"
"30,30 : 0.0"
"30,31 : 43.66"
"30,32 : 96.18"
"30,33 : 98.11"
"30,34 : 79.06"
"30,35 : 27.29"
"30,36 : 84.65"
"30,37 : 73.82"
"30,38 : 32.02"
"30,39 : 86.56"
"30,40 : 27.59"
"30,41 : 50.93"
"30,42 : 87.28"
"30,43 : 46.17"
"30,44 : 61.01"
"30,45 : 70.35"
"30,46 : 35.78"
"30,47 : 76.58"
"30,48 : 97.35"
"30,49 : 61.91"
"31,0 : 41.68"
"31,1 : 9.85"
"31,2 : 15.81"
"31,3 : 33.42"
"31,4 : 37.16"
"31,5 : 22.47"
"31,6 : 19.24"
"31,7 : 51.08"
"31,8 : 13.89"
"31,9 : 50.57"
"31,10 : 17.26"
"31,11 : 54.56"
"31,12 : 33.6"
"31,13 : 50.25"
"31,14 : 33.94"
"31,15 : 47.8"
"31,16 : 42.43"
"31,17 : 63.64"
"31,18 : 39.62"
"31,19 : 13.04"
"31,20 : 28.64"
"31,21 : 41.44"
"31,22 : 17.26"
"31,23 : 37.12"
"31,24 : 28.64"
"31,25 : 42.8"
"31,26 : 60.46"
"31,27 : 25.71"
"31,28 : 25.32"
"31,29 : 56.73"
"31,30 : 43.66"
"31,31 : 0.0"
"31,32 : 53.25"
"31,33 : 55.61"
"31,34 : 42.05"
"31,35 : 17.12"
"31,36 : 54.56"
"31,37 : 30.53"
"31,38 : 61.72"
"31,39 : 48.02"
"31,40 : 21.38"
"31,41 : 52.35"
"31,42 : 59.4"
"31,43 : 54.64"
"31,44 : 62.29"
"31,45 : 36.4"
"31,46 : 53.24"
"31,47 : 38.91"
"31,48 : 55.87"
"31,49 : 48.51"
"32,0 : 23.77"
"32,1 : 59.03"
"32,2 : 37.44"
"32,3 : 86.61"
"32,4 : 87.05"
"32,5 : 65.52"
"32,6 : 36.8"
"32,7 : 103.83"
"32,8 : 48.92"
"32,9 : 90.45"
"32,10 : 42.64"
"32,11 : 66.07"
"32,12 : 24.19"
"32,13 : 64.38"
"32,14 : 68.26"
"32,15 : 99.74"
"32,16 : 95.27"
"32,17 : 75.01"
"32,18 : 86.13"
"32,19 : 54.42"
"32,20 : 39.4"
"32,21 : 51.2"
"32,22 : 62.37"
"32,23 : 81.84"
"32,24 : 50.04"
"32,25 : 66.48"
"32,26 : 80.62"
"32,27 : 66.85"
"32,28 : 76.92"
"32,29 : 7.07"
"32,30 : 96.18"
"32,31 : 53.25"
"32,32 : 0.0"
"32,33 : 4.0"
"32,34 : 48.37"
"32,35 : 68.88"
"32,36 : 66.07"
"32,37 : 22.8"
"32,38 : 113.95"
"32,39 : 21.95"
"32,40 : 70.01"
"32,41 : 96.04"
"32,42 : 72.03"
"32,43 : 89.01"
"32,44 : 87.48"
"32,45 : 54.12"
"32,46 : 103.39"
"32,47 : 27.46"
"32,48 : 9.85"
"32,49 : 83.38"
"33,0 : 23.09"
"33,1 : 60.9"
"33,2 : 39.82"
"33,3 : 89.02"
"33,4 : 90.03"
"33,5 : 66.73"
"33,6 : 39.82"
"33,7 : 105.82"
"33,8 : 52.01"
"33,9 : 90.93"
"33,10 : 45.8"
"33,11 : 70.06"
"33,12 : 25.0"
"33,13 : 68.36"
"33,14 : 68.73"
"33,15 : 101.53"
"33,16 : 97.84"
"33,17 : 79.01"
"33,18 : 87.28"
"33,19 : 55.95"
"33,20 : 43.08"
"33,21 : 50.49"
"33,22 : 65.44"
"33,23 : 85.15"
"33,24 : 50.36"
"33,25 : 70.34"
"33,26 : 84.59"
"33,27 : 70.18"
"33,28 : 78.77"
"33,29 : 3.16"
"33,30 : 98.11"
"33,31 : 55.61"
"33,32 : 4.0"
"33,33 : 0.0"
"33,34 : 52.35"
"33,35 : 70.83"
"33,36 : 70.06"
"33,37 : 25.46"
"33,38 : 116.69"
"33,39 : 20.25"
"33,40 : 71.59"
"33,41 : 99.48"
"33,42 : 76.03"
"33,43 : 89.05"
"33,44 : 86.83"
"33,45 : 57.97"
"33,46 : 106.4"
"33,47 : 27.02"
"33,48 : 6.4"
"33,49 : 87.09"
"34,0 : 56.61"
"34,1 : 51.89"
"34,2 : 36.8"
"34,3 : 64.07"
"34,4 : 55.36"
"34,5 : 64.41"
"34,6 : 28.32"
"34,7 : 85.02"
"34,8 : 28.23"
"34,9 : 92.61"
"34,10 : 25.81"
"34,11 : 18.25"
"34,12 : 48.47"
"34,13 : 16.03"
"34,14 : 74.89"
"34,15 : 84.15"
"34,16 : 69.05"
"34,17 : 27.89"
"34,18 : 80.96"
"34,19 : 53.54"
"34,20 : 15.62"
"34,21 : 73.6"
"34,22 : 35.01"
"34,23 : 45.19"
"34,24 : 63.66"
"34,25 : 20.0"
"34,26 : 32.25"
"34,27 : 32.76"
"34,28 : 64.54"
"34,29 : 55.23"
"34,30 : 79.06"
"34,31 : 42.05"
"34,32 : 48.37"
"34,33 : 52.35"
"34,34 : 0.0"
"34,35 : 57.28"
"34,36 : 18.25"
"34,37 : 36.06"
"34,38 : 83.22"
"34,39 : 60.42"
"34,40 : 62.97"
"34,41 : 55.61"
"34,42 : 24.33"
"34,43 : 96.38"
"34,44 : 102.45"
"34,45 : 9.85"
"34,46 : 69.35"
"34,47 : 57.01"
"34,48 : 57.04"
"34,49 : 38.95"
"35,0 : 53.74"
"35,1 : 10.0"
"35,2 : 31.95"
"35,3 : 21.02"
"35,4 : 32.06"
"35,5 : 14.14"
"35,6 : 36.35"
"35,7 : 34.99"
"35,8 : 29.43"
"35,9 : 37.01"
"35,10 : 34.01"
"35,11 : 67.23"
"35,12 : 47.01"
"35,13 : 62.77"
"35,14 : 26.93"
"35,15 : 31.02"
"35,16 : 30.87"
"35,17 : 75.45"
"35,18 : 23.77"
"35,19 : 16.4"
"35,20 : 45.18"
"35,21 : 44.38"
"35,22 : 25.0"
"35,23 : 37.7"
"35,24 : 31.95"
"35,25 : 53.6"
"35,26 : 70.04"
"35,27 : 32.53"
"35,28 : 8.25"
"35,29 : 71.56"
"35,30 : 27.29"
"35,31 : 17.12"
"35,32 : 68.88"
"35,33 : 70.83"
"35,34 : 57.28"
"35,35 : 0.0"
"35,36 : 67.23"
"35,37 : 46.62"
"35,38 : 50.54"
"35,39 : 60.11"
"35,40 : 7.21"
"35,41 : 51.2"
"35,42 : 71.28"
"35,43 : 43.28"
"35,44 : 54.12"
"35,45 : 50.16"
"35,46 : 45.71"
"35,47 : 50.25"
"35,48 : 70.21"
"35,49 : 53.54"
"36,0 : 74.73"
"36,1 : 64.03"
"36,2 : 53.0"
"36,3 : 68.66"
"36,4 : 56.04"
"36,5 : 76.84"
"36,6 : 44.78"
"36,7 : 89.44"
"36,8 : 41.01"
"36,9 : 104.01"
"36,10 : 40.8"
"36,11 : 0.0"
"36,12 : 66.41"
"36,13 : 4.47"
"36,14 : 88.46"
"36,15 : 89.99"
"36,16 : 71.25"
"36,17 : 9.85"
"36,18 : 90.82"
"36,19 : 67.18"
"36,20 : 32.7"
"36,21 : 90.21"
"36,22 : 42.49"
"36,23 : 44.01"
"36,24 : 79.4"
"36,25 : 15.13"
"36,26 : 15.65"
"36,27 : 36.69"
"36,28 : 73.35"
"36,29 : 73.03"
"36,30 : 84.65"
"36,31 : 54.56"
"36,32 : 66.07"
"36,33 : 70.06"
"36,34 : 18.25"
"36,35 : 67.23"
"36,36 : 0.0"
"36,37 : 54.12"
"36,38 : 81.74"
"36,39 : 78.64"
"36,40 : 73.78"
"36,41 : 49.65"
"36,42 : 6.08"
"36,43 : 109.02"
"36,44 : 116.67"
"36,45 : 18.44"
"36,46 : 66.91"
"36,47 : 74.95"
"36,48 : 75.01"
"36,49 : 31.02"
"37,0 : 20.62"
"37,1 : 37.0"
"37,2 : 14.76"
"37,3 : 63.82"
"37,4 : 64.66"
"37,5 : 45.18"
"37,6 : 14.76"
"37,7 : 81.39"
"37,8 : 26.93"
"37,9 : 72.17"
"37,10 : 21.02"
"37,11 : 54.12"
"37,12 : 12.53"
"37,13 : 51.2"
"37,14 : 50.64"
"37,15 : 77.62"
"37,16 : 72.47"
"37,17 : 63.89"
"37,18 : 65.62"
"37,19 : 33.38"
"37,20 : 22.09"
"37,21 : 40.61"
"37,22 : 40.22"
"37,23 : 60.42"
"37,24 : 34.18"
"37,25 : 50.0"
"37,26 : 66.48"
"37,27 : 45.62"
"37,28 : 54.78"
"37,29 : 27.02"
"37,30 : 73.82"
"37,31 : 30.53"
"37,32 : 22.8"
"37,33 : 25.46"
"37,34 : 36.06"
"37,35 : 46.62"
"37,36 : 54.12"
"37,37 : 0.0"
"37,38 : 91.24"
"37,39 : 25.02"
"37,40 : 48.51"
"37,41 : 75.15"
"37,42 : 60.17"
"37,43 : 72.57"
"37,44 : 74.32"
"37,45 : 38.12"
"37,46 : 81.06"
"37,47 : 21.02"
"37,48 : 26.93"
"37,49 : 64.54"
"38,0 : 103.0"
"38,1 : 59.68"
"38,2 : 77.1"
"38,3 : 29.53"
"38,4 : 28.18"
"38,5 : 62.63"
"38,6 : 77.34"
"38,7 : 27.89"
"38,8 : 65.6"
"38,9 : 68.26"
"38,10 : 72.01"
"38,11 : 81.74"
"38,12 : 95.27"
"38,13 : 78.09"
"38,14 : 72.78"
"38,15 : 34.53"
"38,16 : 19.72"
"38,17 : 85.02"
"38,18 : 54.01"
"38,19 : 66.73"
"38,20 : 79.4"
"38,21 : 94.34"
"38,22 : 52.43"
"38,23 : 38.33"
"38,24 : 82.35"
"38,25 : 67.27"
"38,26 : 74.06"
"38,27 : 50.99"
"38,28 : 45.54"
"38,29 : 118.09"
"38,30 : 32.02"
"38,31 : 61.72"
"38,32 : 113.95"
"38,33 : 116.69"
"38,34 : 83.22"
"38,35 : 50.54"
"38,36 : 81.74"
"38,37 : 91.24"
"38,38 : 0.0"
"38,39 : 109.4"
"38,40 : 54.42"
"38,41 : 34.37"
"38,42 : 82.15"
"38,43 : 78.16"
"38,44 : 93.02"
"38,45 : 73.39"
"38,46 : 15.0"
"38,47 : 99.86"
"38,48 : 117.46"
"38,49 : 52.0"
"39,0 : 6.4"
"39,1 : 50.25"
"39,2 : 34.18"
"39,3 : 80.28"
"39,4 : 85.0"
"39,5 : 52.7"
"39,6 : 38.47"
"39,7 : 94.37"
"39,8 : 49.73"
"39,9 : 73.76"
"39,10 : 44.72"
"39,11 : 78.64"
"39,12 : 14.87"
"39,13 : 75.95"
"39,14 : 51.87"
"39,15 : 89.2"
"39,16 : 89.81"
"39,17 : 88.29"
"39,18 : 72.47"
"39,19 : 43.86"
"39,20 : 47.1"
"39,21 : 31.0"
"39,22 : 62.03"
"39,23 : 82.87"
"39,24 : 33.62"
"39,25 : 75.01"
"39,26 : 91.44"
"39,27 : 68.68"
"39,28 : 67.27"
"39,29 : 18.44"
"39,30 : 86.56"
"39,31 : 48.02"
"39,32 : 21.95"
"39,33 : 20.25"
"39,34 : 60.42"
"39,35 : 60.11"
"39,36 : 78.64"
"39,37 : 25.02"
"39,38 : 109.4"
"39,39 : 0.0"
"39,40 : 59.03"
"39,41 : 98.03"
"39,42 : 84.72"
"39,43 : 70.71"
"39,44 : 67.19"
"39,45 : 63.13"
"39,46 : 101.21"
"39,47 : 10.0"
"39,48 : 15.13"
"39,49 : 88.96"
"40,0 : 52.8"
"40,1 : 12.0"
"40,2 : 34.37"
"40,3 : 25.5"
"40,4 : 38.47"
"40,5 : 8.25"
"40,6 : 40.01"
"40,7 : 35.38"
"40,8 : 34.79"
"40,9 : 30.23"
"40,10 : 38.64"
"40,11 : 73.78"
"40,12 : 47.01"
"40,13 : 69.34"
"40,14 : 20.22"
"40,15 : 30.23"
"40,16 : 35.17"
"40,17 : 82.2"
"40,18 : 18.25"
"40,19 : 15.65"
"40,20 : 50.01"
"40,21 : 39.92"
"40,22 : 31.89"
"40,23 : 44.78"
"40,24 : 28.3"
"40,25 : 60.44"
"40,26 : 77.08"
"40,27 : 39.62"
"40,28 : 8.94"
"40,29 : 72.01"
"40,30 : 27.59"
"40,31 : 21.38"
"40,32 : 70.01"
"40,33 : 71.59"
"40,34 : 62.97"
"40,35 : 7.21"
"40,36 : 73.78"
"40,37 : 48.51"
"40,38 : 54.42"
"40,39 : 59.03"
"40,40 : 0.0"
"40,41 : 57.97"
"40,42 : 78.01"
"40,43 : 36.12"
"40,44 : 46.96"
"40,45 : 56.36"
"40,46 : 51.16"
"40,47 : 49.04"
"40,48 : 70.33"
"40,49 : 60.75"
"41,0 : 92.05"
"41,1 : 56.08"
"41,2 : 63.89"
"41,3 : 36.89"
"41,4 : 20.12"
"41,5 : 65.31"
"41,6 : 60.42"
"41,7 : 52.01"
"41,8 : 48.47"
"41,9 : 83.24"
"41,10 : 54.13"
"41,11 : 49.65"
"41,12 : 83.17"
"41,13 : 46.62"
"41,14 : 78.1"
"41,15 : 55.87"
"41,16 : 32.56"
"41,17 : 51.48"
"41,18 : 67.6"
"41,19 : 63.01"
"41,20 : 57.2"
"41,21 : 93.0"
"41,22 : 36.14"
"41,23 : 15.3"
"41,24 : 80.0"
"41,25 : 36.72"
"41,26 : 40.05"
"41,27 : 29.55"
"41,28 : 51.62"
"41,29 : 101.6"
"41,30 : 50.93"
"41,31 : 52.35"
"41,32 : 96.04"
"41,33 : 99.48"
"41,34 : 55.61"
"41,35 : 51.2"
"41,36 : 49.65"
"41,37 : 75.15"
"41,38 : 34.37"
"41,39 : 98.03"
"41,40 : 57.97"
"41,41 : 0.0"
"41,42 : 49.03"
"41,43 : 91.71"
"41,44 : 104.4"
"41,45 : 46.1"
"41,46 : 19.65"
"41,47 : 89.99"
"41,48 : 101.97"
"41,49 : 18.68"
"42,0 : 80.78"
"42,1 : 68.68"
"42,2 : 58.67"
"42,3 : 71.17"
"42,4 : 57.56"
"42,5 : 81.47"
"42,6 : 50.54"
"42,7 : 91.68"
"42,8 : 46.1"
"42,9 : 108.23"
"42,10 : 46.32"
"42,11 : 6.08"
"42,12 : 72.42"
"42,13 : 9.43"
"42,14 : 93.34"
"42,15 : 92.66"
"42,16 : 72.99"
"42,17 : 4.24"
"42,18 : 94.67"
"42,19 : 72.18"
"42,20 : 38.63"
"42,21 : 95.88"
"42,22 : 46.32"
"42,23 : 45.28"
"42,24 : 84.88"
"42,25 : 17.89"
"42,26 : 11.31"
"42,27 : 39.81"
"42,28 : 77.03"
"42,29 : 79.01"
"42,30 : 87.28"
"42,31 : 59.4"
"42,32 : 72.03"
"42,33 : 76.03"
"42,34 : 24.33"
"42,35 : 71.28"
"42,36 : 6.08"
"42,37 : 60.17"
"42,38 : 82.15"
"42,39 : 84.72"
"42,40 : 78.01"
"42,41 : 49.03"
"42,42 : 0.0"
"42,43 : 113.57"
"42,44 : 121.66"
"42,45 : 23.85"
"42,46 : 67.19"
"42,47 : 80.96"
"42,48 : 81.02"
"42,49 : 30.41"
"43,0 : 66.19"
"43,1 : 45.0"
"43,2 : 62.03"
"43,3 : 55.36"
"43,4 : 71.59"
"43,5 : 32.2"
"43,6 : 69.86"
"43,7 : 51.04"
"43,8 : 68.51"
"43,9 : 10.05"
"43,10 : 70.71"
"43,11 : 109.02"
"43,12 : 65.12"
"43,13 : 104.64"
"43,14 : 22.14"
"43,15 : 44.01"
"43,16 : 62.82"
"43,17 : 117.8"
"43,18 : 24.74"
"43,19 : 42.94"
"43,20 : 81.84"
"43,21 : 40.26"
"43,22 : 67.88"
"43,23 : 79.92"
"43,24 : 39.12"
"43,25 : 96.26"
"43,26 : 113.15"
"43,27 : 75.74"
"43,28 : 40.31"
"43,29 : 88.2"
"43,30 : 46.17"
"43,31 : 54.64"
"43,32 : 89.01"
"43,33 : 89.05"
"43,34 : 96.38"
"43,35 : 43.28"
"43,36 : 109.02"
"43,37 : 72.57"
"43,38 : 78.16"
"43,39 : 70.71"
"43,40 : 36.12"
"43,41 : 91.71"
"43,42 : 113.57"
"43,43 : 0.0"
"43,44 : 15.3"
"43,45 : 91.02"
"43,46 : 80.52"
"43,47 : 62.13"
"43,48 : 85.38"
"43,49 : 96.61"
"44,0 : 63.79"
"44,1 : 53.41"
"44,2 : 66.29"
"44,3 : 68.88"
"44,4 : 84.43"
"44,5 : 41.05"
"44,6 : 74.63"
"44,7 : 66.19"
"44,8 : 75.66"
"44,9 : 25.32"
"44,10 : 76.69"
"44,11 : 116.67"
"44,12 : 64.85"
"44,13 : 112.43"
"44,14 : 28.43"
"44,15 : 59.14"
"44,16 : 76.94"
"44,17 : 125.9"
"44,18 : 39.12"
"44,19 : 49.5"
"44,20 : 87.2"
"44,21 : 36.35"
"44,22 : 77.42"
"44,23 : 91.71"
"44,24 : 40.25"
"44,25 : 105.0"
"44,26 : 122.44"
"44,27 : 85.7"
"44,28 : 52.81"
"44,29 : 85.48"
"44,30 : 61.01"
"44,31 : 62.29"
"44,32 : 87.48"
"44,33 : 86.83"
"44,34 : 102.45"
"44,35 : 54.12"
"44,36 : 116.67"
"44,37 : 74.32"
"44,38 : 93.02"
"44,39 : 67.19"
"44,40 : 46.96"
"44,41 : 104.4"
"44,42 : 121.66"
"44,43 : 15.3"
"44,44 : 0.0"
"44,45 : 98.31"
"44,46 : 94.54"
"44,47 : 60.02"
"44,48 : 82.3"
"44,49 : 107.54"
"45,0 : 58.55"
"45,1 : 46.04"
"45,2 : 34.89"
"45,3 : 55.01"
"45,4 : 45.61"
"45,5 : 58.82"
"45,6 : 26.93"
"45,7 : 76.03"
"45,8 : 22.67"
"45,9 : 86.45"
"45,10 : 22.47"
"45,11 : 18.44"
"45,12 : 49.82"
"45,13 : 14.42"
"45,14 : 70.18"
"45,15 : 75.54"
"45,16 : 59.54"
"45,17 : 28.02"
"45,18 : 73.93"
"45,19 : 48.84"
"45,20 : 16.03"
"45,21 : 72.07"
"45,22 : 26.48"
"45,23 : 35.34"
"45,24 : 61.03"
"45,25 : 12.37"
"45,26 : 28.44"
"45,27 : 23.19"
"45,28 : 56.92"
"45,29 : 60.64"
"45,30 : 70.35"
"45,31 : 36.4"
"45,32 : 54.12"
"45,33 : 57.97"
"45,34 : 9.85"
"45,35 : 50.16"
"45,36 : 18.44"
"45,37 : 38.12"
"45,38 : 73.39"
"45,39 : 63.13"
"45,40 : 56.36"
"45,41 : 46.1"
"45,42 : 23.85"
"45,43 : 91.02"
"45,44 : 98.31"
"45,45 : 0.0"
"45,46 : 59.51"
"45,47 : 58.25"
"45,48 : 61.98"
"45,49 : 30.23"
"46,0 : 94.89"
"46,1 : 53.45"
"46,2 : 67.68"
"46,3 : 26.02"
"46,4 : 16.4"
"46,5 : 59.3"
"46,6 : 66.6"
"46,7 : 34.83"
"46,8 : 54.49"
"46,9 : 71.17"
"46,10 : 60.83"
"46,11 : 66.91"
"46,12 : 86.61"
"46,13 : 63.35"
"46,14 : 71.01"
"46,15 : 39.96"
"46,16 : 17.72"
"46,17 : 70.03"
"46,18 : 55.79"
"46,19 : 60.73"
"46,20 : 67.01"
"46,21 : 90.03"
"46,22 : 41.04"
"46,23 : 24.17"
"46,24 : 77.37"
"46,25 : 52.63"
"46,26 : 59.08"
"46,27 : 38.01"
"46,28 : 43.0"
"46,29 : 108.07"
"46,30 : 35.78"
"46,31 : 53.24"
"46,32 : 103.39"
"46,33 : 106.4"
"46,34 : 69.35"
"46,35 : 45.71"
"46,36 : 66.91"
"46,37 : 81.06"
"46,38 : 15.0"
"46,39 : 101.21"
"46,40 : 51.16"
"46,41 : 19.65"
"46,42 : 67.19"
"46,43 : 80.52"
"46,44 : 94.54"
"46,45 : 59.51"
"46,46 : 0.0"
"46,47 : 92.13"
"46,48 : 107.8"
"46,49 : 37.0"
"47,0 : 4.12"
"47,1 : 40.46"
"47,2 : 26.31"
"47,3 : 70.6"
"47,4 : 76.06"
"47,5 : 42.72"
"47,6 : 32.06"
"47,7 : 84.39"
"47,8 : 42.3"
"47,9 : 64.54"
"47,10 : 38.0"
"47,11 : 74.95"
"47,12 : 8.54"
"47,13 : 71.84"
"47,14 : 42.45"
"47,15 : 79.2"
"47,16 : 80.21"
"47,17 : 84.76"
"47,18 : 62.61"
"47,19 : 33.94"
"47,20 : 42.45"
"47,21 : 23.77"
"47,22 : 53.85"
"47,23 : 74.73"
"47,24 : 24.04"
"47,25 : 69.58"
"47,26 : 86.68"
"47,27 : 61.0"
"47,28 : 57.31"
"47,29 : 26.08"
"47,30 : 76.58"
"47,31 : 38.91"
"47,32 : 27.46"
"47,33 : 27.02"
"47,34 : 57.01"
"47,35 : 50.25"
"47,36 : 74.95"
"47,37 : 21.02"
"47,38 : 99.86"
"47,39 : 10.0"
"47,40 : 49.04"
"47,41 : 89.99"
"47,42 : 80.96"
"47,43 : 62.13"
"47,44 : 60.02"
"47,45 : 58.25"
"47,46 : 92.13"
"47,47 : 0.0"
"47,48 : 23.35"
"47,49 : 82.15"
"48,0 : 19.24"
"48,1 : 60.22"
"48,2 : 40.36"
"48,3 : 89.2"
"48,4 : 91.4"
"48,5 : 64.88"
"48,6 : 41.68"
"48,7 : 105.12"
"48,8 : 53.85"
"48,9 : 87.86"
"48,10 : 47.89"
"48,11 : 75.01"
"48,12 : 23.32"
"48,13 : 73.06"
"48,14 : 65.73"
"48,15 : 100.5"
"48,16 : 98.29"
"48,17 : 84.15"
"48,18 : 85.23"
"48,19 : 54.71"
"48,20 : 46.57"
"48,21 : 46.04"
"48,22 : 67.12"
"48,23 : 87.32"
"48,24 : 47.3"
"48,25 : 74.33"
"48,26 : 89.2"
"48,27 : 72.47"
"48,28 : 77.94"
"48,29 : 3.61"
"48,30 : 97.35"
"48,31 : 55.87"
"48,32 : 9.85"
"48,33 : 6.4"
"48,34 : 57.04"
"48,35 : 70.21"
"48,36 : 75.01"
"48,37 : 26.93"
"48,38 : 117.46"
"48,39 : 15.13"
"48,40 : 70.33"
"48,41 : 101.97"
"48,42 : 81.02"
"48,43 : 85.38"
"48,44 : 82.3"
"48,45 : 61.98"
"48,46 : 107.8"
"48,47 : 23.35"
"48,48 : 0.0"
"48,49 : 90.44"
"49,0 : 83.49"
"49,1 : 55.15"
"49,2 : 56.01"
"49,3 : 46.04"
"49,4 : 29.97"
"49,5 : 66.65"
"49,6 : 50.49"
"49,7 : 64.88"
"49,8 : 40.0"
"49,9 : 89.38"
"49,10 : 44.28"
"49,11 : 31.02"
"49,12 : 74.43"
"49,13 : 28.18"
"49,14 : 79.61"
"49,15 : 67.23"
"49,16 : 45.31"
"49,17 : 33.06"
"49,18 : 74.28"
"49,19 : 61.03"
"49,20 : 44.01"
"49,21 : 89.82"
"49,22 : 31.32"
"49,23 : 18.03"
"49,24 : 77.13"
"49,25 : 19.1"
"49,26 : 22.2"
"49,27 : 22.8"
"49,28 : 56.73"
"49,29 : 89.54"
"49,30 : 61.91"
"49,31 : 48.51"
"49,32 : 83.38"
"49,33 : 87.09"
"49,34 : 38.95"
"49,35 : 53.54"
"49,36 : 31.02"
"49,37 : 64.54"
"49,38 : 52.0"
"49,39 : 88.96"
"49,40 : 60.75"
"49,41 : 18.68"
"49,42 : 30.41"
"49,43 : 96.61"
"49,44 : 107.54"
"49,45 : 30.23"
"49,46 : 37.0"
"49,47 : 82.15"
"49,48 : 90.44"
"49,49 : 0.0"
