x,y
86,75
64,63
66,56
80,49
61,78
66,58
80,39
54,28
89,71
82,31
95,80
7,8
49,70
4,11
59,17
74,40
84,4
100,39
85,99
58,77
20,15
47,35
100,92
6,86
46,11
23,45
95,89
5,79
76,61
15,8
49,37
95,31
60,35
31,53
54,99
7,47
25,17
13,47
53,89
45,55
5,62
51,62
29,87
17,29
24,55
90,31
53,80
22,65
89,14
34,86

Distanze
"0,0 : 0.0"
"0,1 : 61.4"
"0,2 : 63.53"
"0,3 : 89.84"
"0,4 : 80.16"
"0,5 : 31.62"
"0,6 : 52.77"
"0,7 : 86.76"
"0,8 : 96.46"
"0,9 : 50.25"
"0,10 : 74.73"
"0,11 : 49.82"
"0,12 : 31.76"
"0,13 : 43.57"
"0,14 : 27.73"
"0,15 : 94.34"
"0,16 : 76.32"
"0,17 : 53.6"
"0,18 : 39.62"
"0,19 : 88.68"
"0,20 : 56.75"
"0,21 : 10.63"
"0,22 : 40.5"
"0,23 : 95.69"
"0,24 : 16.28"
"0,25 : 38.01"
"0,26 : 58.05"
"0,27 : 40.85"
"0,28 : 43.57"
"0,29 : 33.24"
"0,30 : 79.71"
"0,31 : 81.12"
"0,32 : 76.11"
"0,33 : 41.01"
"0,34 : 55.15"
"0,35 : 83.38"
"0,36 : 54.63"
"0,37 : 73.76"
"0,38 : 88.96"
"0,39 : 23.77"
"0,40 : 38.01"
"0,41 : 97.49"
"0,42 : 62.07"
"0,43 : 57.87"
"0,44 : 91.71"
"0,45 : 92.66"
"0,46 : 78.82"
"0,47 : 44.94"
"0,48 : 85.88"
"0,49 : 82.46"
"1,0 : 61.4"
"1,1 : 0.0"
"1,2 : 3.16"
"1,3 : 33.38"
"1,4 : 22.47"
"1,5 : 74.63"
"1,6 : 22.02"
"1,7 : 73.39"
"1,8 : 73.57"
"1,9 : 36.12"
"1,10 : 25.0"
"1,11 : 40.2"
"1,12 : 52.35"
"1,13 : 17.89"
"1,14 : 33.84"
"1,15 : 35.13"
"1,16 : 18.25"
"1,17 : 63.79"
"1,18 : 62.77"
"1,19 : 27.29"
"1,20 : 45.04"
"1,21 : 71.87"
"1,22 : 22.67"
"1,23 : 34.71"
"1,24 : 58.69"
"1,25 : 54.45"
"1,26 : 20.4"
"1,27 : 21.93"
"1,28 : 39.29"
"1,29 : 33.6"
"1,30 : 66.1"
"1,31 : 19.72"
"1,32 : 35.47"
"1,33 : 88.81"
"1,34 : 27.07"
"1,35 : 37.8"
"1,36 : 36.36"
"1,37 : 21.1"
"1,38 : 30.02"
"1,39 : 38.01"
"1,40 : 23.6"
"1,41 : 82.35"
"1,42 : 35.17"
"1,43 : 49.04"
"1,44 : 68.96"
"1,45 : 57.31"
"1,46 : 18.6"
"1,47 : 48.27"
"1,48 : 74.63"
"1,49 : 67.07"
"2,0 : 63.53"
"2,1 : 3.16"
"2,2 : 0.0"
"2,3 : 30.27"
"2,4 : 22.56"
"2,5 : 75.6"
"2,6 : 21.38"
"2,7 : 71.47"
"2,8 : 71.2"
"2,9 : 35.51"
"2,10 : 22.02"
"2,11 : 39.62"
"2,12 : 53.0"
"2,13 : 20.25"
"2,14 : 35.85"
"2,15 : 32.25"
"2,16 : 15.13"
"2,17 : 63.35"
"2,18 : 63.07"
"2,19 : 25.24"
"2,20 : 44.01"
"2,21 : 73.93"
"2,22 : 24.08"
"2,23 : 33.24"
"2,24 : 60.14"
"2,25 : 57.56"
"2,26 : 19.03"
"2,27 : 23.43"
"2,28 : 39.22"
"2,29 : 34.71"
"2,30 : 64.29"
"2,31 : 17.8"
"2,32 : 32.8"
"2,33 : 89.81"
"2,34 : 26.02"
"2,35 : 34.83"
"2,36 : 39.45"
"2,37 : 18.03"
"2,38 : 27.07"
"2,39 : 39.96"
"2,40 : 25.55"
"2,41 : 80.23"
"2,42 : 33.54"
"2,43 : 48.01"
"2,44 : 66.65"
"2,45 : 54.56"
"2,46 : 17.89"
"2,47 : 48.08"
"2,48 : 72.8"
"2,49 : 65.15"
"3,0 : 89.84"
"3,1 : 33.38"
"3,2 : 30.27"
"3,3 : 0.0"
"3,4 : 36.07"
"3,5 : 94.4"
"3,6 : 38.01"
"3,7 : 64.5"
"3,8 : 58.22"
"3,9 : 47.51"
"3,10 : 16.4"
"3,11 : 50.93"
"3,12 : 71.03"
"3,13 : 49.09"
"3,14 : 62.59"
"3,15 : 8.25"
"3,16 : 15.13"
"3,17 : 72.2"
"3,18 : 77.83"
"3,19 : 20.12"
"3,20 : 50.61"
"3,21 : 99.62"
"3,22 : 49.48"
"3,23 : 28.86"
"3,24 : 82.73"
"3,25 : 87.82"
"3,26 : 32.65"
"3,27 : 49.24"
"3,28 : 54.2"
"3,29 : 57.38"
"3,30 : 59.44"
"3,31 : 21.93"
"3,32 : 24.17"
"3,33 : 108.23"
"3,34 : 38.01"
"3,35 : 18.25"
"3,36 : 68.35"
"3,37 : 16.16"
"3,38 : 6.71"
"3,39 : 66.22"
"3,40 : 52.77"
"3,41 : 70.01"
"3,42 : 37.64"
"3,43 : 53.82"
"3,44 : 55.01"
"3,45 : 37.48"
"3,46 : 29.73"
"3,47 : 60.83"
"3,48 : 66.75"
"3,49 : 58.86"
"4,0 : 80.16"
"4,1 : 22.47"
"4,2 : 22.56"
"4,3 : 36.07"
"4,4 : 0.0"
"4,5 : 96.57"
"4,6 : 43.93"
"4,7 : 91.59"
"4,8 : 89.2"
"4,9 : 58.05"
"4,10 : 37.95"
"4,11 : 62.17"
"4,12 : 74.69"
"4,13 : 37.64"
"4,14 : 53.81"
"4,15 : 32.45"
"4,16 : 26.0"
"4,17 : 85.91"
"4,18 : 85.23"
"4,19 : 17.89"
"4,20 : 66.27"
"4,21 : 90.79"
"4,22 : 44.42"
"4,23 : 18.11"
"4,24 : 79.81"
"4,25 : 63.56"
"4,26 : 41.19"
"4,27 : 43.57"
"4,28 : 61.68"
"4,29 : 55.57"
"4,30 : 84.85"
"4,31 : 14.21"
"4,32 : 50.29"
"4,33 : 110.68"
"4,34 : 48.37"
"4,35 : 49.19"
"4,36 : 39.05"
"4,37 : 33.53"
"4,38 : 29.73"
"4,39 : 58.05"
"4,40 : 44.2"
"4,41 : 99.46"
"4,42 : 55.01"
"4,43 : 70.26"
"4,44 : 85.07"
"4,45 : 70.21"
"4,46 : 6.71"
"4,47 : 70.6"
"4,48 : 93.21"
"4,49 : 85.33"
"5,0 : 31.62"
"5,1 : 74.63"
"5,2 : 75.6"
"5,3 : 94.4"
"5,4 : 96.57"
"5,5 : 0.0"
"5,6 : 57.31"
"5,7 : 68.47"
"5,8 : 81.02"
"5,9 : 47.17"
"5,10 : 78.01"
"5,11 : 44.29"
"5,12 : 23.43"
"5,13 : 59.48"
"5,14 : 44.6"
"5,15 : 100.9"
"5,16 : 84.17"
"5,17 : 33.06"
"5,18 : 19.24"
"5,19 : 99.82"
"5,20 : 47.76"
"5,21 : 29.21"
"5,22 : 52.15"
"5,23 : 108.71"
"5,24 : 19.1"
"5,25 : 68.88"
"5,26 : 62.37"
"5,27 : 53.0"
"5,28 : 40.22"
"5,29 : 41.05"
"5,30 : 63.03"
"5,31 : 92.96"
"5,32 : 74.24"
"5,33 : 14.21"
"5,34 : 56.4"
"5,35 : 82.3"
"5,36 : 80.89"
"5,37 : 78.87"
"5,38 : 95.78"
"5,39 : 40.8"
"5,40 : 52.77"
"5,41 : 78.26"
"5,42 : 58.59"
"5,43 : 46.57"
"5,44 : 77.01"
"5,45 : 84.17"
"5,46 : 93.23"
"5,47 : 34.93"
"5,48 : 66.75"
"5,49 : 66.03"
"6,0 : 52.77"
"6,1 : 22.02"
"6,2 : 21.38"
"6,3 : 38.01"
"6,4 : 43.93"
"6,5 : 57.31"
"6,6 : 0.0"
"6,7 : 53.71"
"6,8 : 56.59"
"6,9 : 14.14"
"6,10 : 22.14"
"6,11 : 18.25"
"6,12 : 33.94"
"6,13 : 20.52"
"6,14 : 27.17"
"6,15 : 43.83"
"6,16 : 26.87"
"6,17 : 41.98"
"6,18 : 42.72"
"6,19 : 43.01"
"6,20 : 23.19"
"6,21 : 62.1"
"6,22 : 14.87"
"6,23 : 52.48"
"6,24 : 44.72"
"6,25 : 60.42"
"6,26 : 5.39"
"6,27 : 15.23"
"6,28 : 18.36"
"6,29 : 19.65"
"6,30 : 46.07"
"6,31 : 36.72"
"6,32 : 24.52"
"6,33 : 71.42"
"6,34 : 5.83"
"6,35 : 31.02"
"6,36 : 50.8"
"6,37 : 21.95"
"6,38 : 38.6"
"6,39 : 30.0"
"6,40 : 19.7"
"6,41 : 63.51"
"6,42 : 15.62"
"6,43 : 27.17"
"6,44 : 51.66"
"6,45 : 44.72"
"6,46 : 38.9"
"6,47 : 26.93"
"6,48 : 54.56"
"6,49 : 47.51"
"7,0 : 86.76"
"7,1 : 73.39"
"7,2 : 71.47"
"7,3 : 64.5"
"7,4 : 91.59"
"7,5 : 68.47"
"7,6 : 53.71"
"7,7 : 0.0"
"7,8 : 14.32"
"7,9 : 43.28"
"7,10 : 54.23"
"7,11 : 41.01"
"7,12 : 55.04"
"7,13 : 73.5"
"7,14 : 72.86"
"7,15 : 72.69"
"7,16 : 66.37"
"7,17 : 35.51"
"7,18 : 50.22"
"7,19 : 82.01"
"7,20 : 33.24"
"7,21 : 91.42"
"7,22 : 65.6"
"7,23 : 92.01"
"7,24 : 71.31"
"7,25 : 109.62"
"7,26 : 53.31"
"7,27 : 66.4"
"7,28 : 46.75"
"7,29 : 61.55"
"7,30 : 7.81"
"7,31 : 79.4"
"7,32 : 42.05"
"7,33 : 77.06"
"7,34 : 47.89"
"7,35 : 46.27"
"7,36 : 104.31"
"7,37 : 58.42"
"7,38 : 70.18"
"7,39 : 73.11"
"7,40 : 70.43"
"7,41 : 10.82"
"7,42 : 38.48"
"7,43 : 30.48"
"7,44 : 12.73"
"7,45 : 30.41"
"7,46 : 85.16"
"7,47 : 42.19"
"7,48 : 2.83"
"7,49 : 6.32"
"8,0 : 96.46"
"8,1 : 73.57"
"8,2 : 71.2"
"8,3 : 58.22"
"8,4 : 89.2"
"8,5 : 81.02"
"8,6 : 56.59"
"8,7 : 14.32"
"8,8 : 0.0"
"8,9 : 49.09"
"8,10 : 51.26"
"8,11 : 47.89"
"8,12 : 65.25"
"8,13 : 77.08"
"8,14 : 79.32"
"8,15 : 66.07"
"8,16 : 63.25"
"8,17 : 48.0"
"8,18 : 62.2"
"8,19 : 77.28"
"8,20 : 40.25"
"8,21 : 102.11"
"8,22 : 70.18"
"8,23 : 86.83"
"8,24 : 81.74"
"8,25 : 115.6"
"8,26 : 54.82"
"8,27 : 70.84"
"8,28 : 54.12"
"8,29 : 68.26"
"8,30 : 18.0"
"8,31 : 75.96"
"8,32 : 39.0"
"8,33 : 90.45"
"8,34 : 50.91"
"8,35 : 40.79"
"8,36 : 107.17"
"8,37 : 55.71"
"8,38 : 64.5"
"8,39 : 80.26"
"8,40 : 75.17"
"8,41 : 12.65"
"8,42 : 41.01"
"8,43 : 38.63"
"8,44 : 5.0"
"8,45 : 21.02"
"8,46 : 82.54"
"8,47 : 51.55"
"8,48 : 17.0"
"8,49 : 15.0"
"9,0 : 50.25"
"9,1 : 36.12"
"9,2 : 35.51"
"9,3 : 47.51"
"9,4 : 58.05"
"9,5 : 47.17"
"9,6 : 14.14"
"9,7 : 43.28"
"9,8 : 49.09"
"9,9 : 0.0"
"9,10 : 31.14"
"9,11 : 4.12"
"9,12 : 24.17"
"9,13 : 30.87"
"9,14 : 30.23"
"9,15 : 54.45"
"9,16 : 39.12"
"9,17 : 27.89"
"9,18 : 30.41"
"9,19 : 55.95"
"9,20 : 10.3"
"9,21 : 58.03"
"9,22 : 22.47"
"9,23 : 65.74"
"9,24 : 38.47"
"9,25 : 66.71"
"9,26 : 17.46"
"9,27 : 23.32"
"9,28 : 7.28"
"9,29 : 19.24"
"9,30 : 35.47"
"9,31 : 50.16"
"9,32 : 27.51"
"9,33 : 60.8"
"9,34 : 10.3"
"9,35 : 35.47"
"9,36 : 61.72"
"9,37 : 32.65"
"9,38 : 49.58"
"9,39 : 31.3"
"9,40 : 27.2"
"9,41 : 53.76"
"9,42 : 12.17"
"9,43 : 13.93"
"9,44 : 44.1"
"9,45 : 42.43"
"9,46 : 52.89"
"9,47 : 13.6"
"9,48 : 43.6"
"9,49 : 37.48"
"10,0 : 74.73"
"10,1 : 25.0"
"10,2 : 22.02"
"10,3 : 16.4"
"10,4 : 37.95"
"10,5 : 78.01"
"10,6 : 22.14"
"10,7 : 54.23"
"10,8 : 51.26"
"10,9 : 31.14"
"10,10 : 0.0"
"10,11 : 34.66"
"10,12 : 54.64"
"10,13 : 36.67"
"10,14 : 48.17"
"10,15 : 23.43"
"10,16 : 12.17"
"10,17 : 56.6"
"10,18 : 61.52"
"10,19 : 28.28"
"10,20 : 34.99"
"10,21 : 84.2"
"10,22 : 35.06"
"10,23 : 38.47"
"10,24 : 66.71"
"10,25 : 77.2"
"10,26 : 16.76"
"10,27 : 35.01"
"10,28 : 37.8"
"10,29 : 41.76"
"10,30 : 48.0"
"10,31 : 25.18"
"10,32 : 12.37"
"10,33 : 91.83"
"10,34 : 21.63"
"10,35 : 12.81"
"10,36 : 61.29"
"10,37 : 4.47"
"10,38 : 18.87"
"10,39 : 51.48"
"10,40 : 39.01"
"10,41 : 61.61"
"10,42 : 21.95"
"10,43 : 38.47"
"10,44 : 47.13"
"10,45 : 33.02"
"10,46 : 31.32"
"10,47 : 44.55"
"10,48 : 56.08"
"10,49 : 48.09"
"11,0 : 49.82"
"11,1 : 40.2"
"11,2 : 39.62"
"11,3 : 50.93"
"11,4 : 62.17"
"11,5 : 44.29"
"11,6 : 18.25"
"11,7 : 41.01"
"11,8 : 47.89"
"11,9 : 4.12"
"11,10 : 34.66"
"11,11 : 0.0"
"11,12 : 21.84"
"11,13 : 34.18"
"11,14 : 31.89"
"11,15 : 58.05"
"11,16 : 43.05"
"11,17 : 23.77"
"11,18 : 26.91"
"11,19 : 59.94"
"11,20 : 7.81"
"11,21 : 57.04"
"11,22 : 25.5"
"11,23 : 69.78"
"11,24 : 37.05"
"11,25 : 68.62"
"11,26 : 21.54"
"11,27 : 26.4"
"11,28 : 6.32"
"11,29 : 20.62"
"11,30 : 33.24"
"11,31 : 54.23"
"11,32 : 29.97"
"11,33 : 57.69"
"11,34 : 14.32"
"11,35 : 38.01"
"11,36 : 64.88"
"11,37 : 36.4"
"11,38 : 53.26"
"11,39 : 32.45"
"11,40 : 30.02"
"11,41 : 51.66"
"11,42 : 14.32"
"11,43 : 10.82"
"11,44 : 42.94"
"11,45 : 43.05"
"11,46 : 57.01"
"11,47 : 9.9"
"11,48 : 41.11"
"11,49 : 35.47"
"12,0 : 31.76"
"12,1 : 52.35"
"12,2 : 53.0"
"12,3 : 71.03"
"12,4 : 74.69"
"12,5 : 23.43"
"12,6 : 33.94"
"12,7 : 55.04"
"12,8 : 65.25"
"12,9 : 24.17"
"12,10 : 54.64"
"12,11 : 21.84"
"12,12 : 0.0"
"12,13 : 39.05"
"12,14 : 27.17"
"12,15 : 77.47"
"12,16 : 60.81"
"12,17 : 22.67"
"12,18 : 12.04"
"12,19 : 76.69"
"12,20 : 27.02"
"12,21 : 36.88"
"12,22 : 30.68"
"12,23 : 85.8"
"12,24 : 16.49"
"12,25 : 60.42"
"12,26 : 38.95"
"12,27 : 31.62"
"12,28 : 17.0"
"12,29 : 19.65"
"12,30 : 48.1"
"12,31 : 70.0"
"12,32 : 51.62"
"12,33 : 37.48"
"12,34 : 33.02"
"12,35 : 59.62"
"12,36 : 65.28"
"12,37 : 55.44"
"12,38 : 72.35"
"12,39 : 24.74"
"12,40 : 32.56"
"12,41 : 65.74"
"12,42 : 36.06"
"12,43 : 27.17"
"12,44 : 60.64"
"12,45 : 64.12"
"12,46 : 70.83"
"12,47 : 14.04"
"12,48 : 54.12"
"12,49 : 50.92"
"13,0 : 43.57"
"13,1 : 17.89"
"13,2 : 20.25"
"13,3 : 49.09"
"13,4 : 37.64"
"13,5 : 59.48"
"13,6 : 20.52"
"13,7 : 73.5"
"13,8 : 77.08"
"13,9 : 30.87"
"13,10 : 36.67"
"13,11 : 34.18"
"13,12 : 39.05"
"13,13 : 0.0"
"13,14 : 16.28"
"13,15 : 52.17"
"13,16 : 34.37"
"13,17 : 55.33"
"13,18 : 50.64"
"13,19 : 45.18"
"13,20 : 41.15"
"13,21 : 54.08"
"13,22 : 9.06"
"13,23 : 52.2"
"13,24 : 42.2"
"13,25 : 40.85"
"13,26 : 23.32"
"13,27 : 8.06"
"13,28 : 30.59"
"13,29 : 19.42"
"13,30 : 65.73"
"13,31 : 37.59"
"13,32 : 43.38"
"13,33 : 73.43"
"13,34 : 26.17"
"13,35 : 48.38"
"13,36 : 30.89"
"13,37 : 34.13"
"13,38 : 46.87"
"13,39 : 20.52"
"13,40 : 6.71"
"13,41 : 83.6"
"13,42 : 36.07"
"13,43 : 44.78"
"13,44 : 72.14"
"13,45 : 64.66"
"13,46 : 35.47"
"13,47 : 39.32"
"13,48 : 74.09"
"13,49 : 67.42"
"14,0 : 27.73"
"14,1 : 33.84"
"14,2 : 35.85"
"14,3 : 62.59"
"14,4 : 53.81"
"14,5 : 44.6"
"14,6 : 27.17"
"14,7 : 72.86"
"14,8 : 79.32"
"14,9 : 30.23"
"14,10 : 48.17"
"14,11 : 31.89"
"14,12 : 27.17"
"14,13 : 16.28"
"14,14 : 0.0"
"14,15 : 66.73"
"14,16 : 48.7"
"14,17 : 47.54"
"14,18 : 39.2"
"14,19 : 61.06"
"14,20 : 39.7"
"14,21 : 38.08"
"14,22 : 13.15"
"14,23 : 68.41"
"14,24 : 26.42"
"14,25 : 36.77"
"14,26 : 32.02"
"14,27 : 13.34"
"14,28 : 26.17"
"14,29 : 11.31"
"14,30 : 65.12"
"14,31 : 53.54"
"14,32 : 51.62"
"14,33 : 58.18"
"14,34 : 31.05"
"14,35 : 58.14"
"14,36 : 38.12"
"14,37 : 46.69"
"14,38 : 61.35"
"14,39 : 4.24"
"14,40 : 10.3"
"14,41 : 83.55"
"14,42 : 39.92"
"14,43 : 42.43"
"14,44 : 74.33"
"14,45 : 70.84"
"14,46 : 51.74"
"14,47 : 32.76"
"14,48 : 72.84"
"14,49 : 67.36"
"15,0 : 94.34"
"15,1 : 35.13"
"15,2 : 32.25"
"15,3 : 8.25"
"15,4 : 32.45"
"15,5 : 100.9"
"15,6 : 43.83"
"15,7 : 72.69"
"15,8 : 66.07"
"15,9 : 54.45"
"15,10 : 23.43"
"15,11 : 58.05"
"15,12 : 77.47"
"15,13 : 52.17"
"15,14 : 66.73"
"15,15 : 0.0"
"15,16 : 18.03"
"15,17 : 79.88"
"15,18 : 84.86"
"15,19 : 14.87"
"15,20 : 58.25"
"15,21 : 104.39"
"15,22 : 53.85"
"15,23 : 21.93"
"15,24 : 88.32"
"15,25 : 89.09"
"15,26 : 38.6"
"15,27 : 53.49"
"15,28 : 60.88"
"15,29 : 62.65"
"15,30 : 67.68"
"15,31 : 19.31"
"15,32 : 32.31"
"15,33 : 114.87"
"15,34 : 44.6"
"15,35 : 26.48"
"15,36 : 67.91"
"15,37 : 22.02"
"15,38 : 5.39"
"15,39 : 70.58"
"15,40 : 56.61"
"15,41 : 78.01"
"15,42 : 45.22"
"15,43 : 61.59"
"15,44 : 63.01"
"15,45 : 45.18"
"15,46 : 26.83"
"15,47 : 67.94"
"15,48 : 74.97"
"15,49 : 67.08"
"16,0 : 76.32"
"16,1 : 18.25"
"16,2 : 15.13"
"16,3 : 15.13"
"16,4 : 26.0"
"16,5 : 84.17"
"16,6 : 26.87"
"16,7 : 66.37"
"16,8 : 63.25"
"16,9 : 39.12"
"16,10 : 12.17"
"16,11 : 43.05"
"16,12 : 60.81"
"16,13 : 34.37"
"16,14 : 48.7"
"16,15 : 18.03"
"16,16 : 0.0"
"16,17 : 66.21"
"16,18 : 69.2"
"16,19 : 17.09"
"16,20 : 44.94"
"16,21 : 86.41"
"16,22 : 35.85"
"16,23 : 27.2"
"16,24 : 70.72"
"16,25 : 72.69"
"16,26 : 22.02"
"16,27 : 35.47"
"16,28 : 44.82"
"16,29 : 44.94"
"16,30 : 60.03"
"16,31 : 13.04"
"16,32 : 24.52"
"16,33 : 98.29"
"16,34 : 28.84"
"16,35 : 23.32"
"16,36 : 53.71"
"16,37 : 8.0"
"16,38 : 12.65"
"16,39 : 52.55"
"16,40 : 38.6"
"16,41 : 73.76"
"16,42 : 32.28"
"16,43 : 48.7"
"16,44 : 59.2"
"16,45 : 44.29"
"16,46 : 19.31"
"16,47 : 52.7"
"16,48 : 68.18"
"16,49 : 60.21"
"17,0 : 53.6"
"17,1 : 63.79"
"17,2 : 63.35"
"17,3 : 72.2"
"17,4 : 85.91"
"17,5 : 33.06"
"17,6 : 41.98"
"17,7 : 35.51"
"17,8 : 48.0"
"17,9 : 27.89"
"17,10 : 56.6"
"17,11 : 23.77"
"17,12 : 22.67"
"17,13 : 55.33"
"17,14 : 47.54"
"17,15 : 79.88"
"17,16 : 66.21"
"17,17 : 0.0"
"17,18 : 14.87"
"17,19 : 83.26"
"17,20 : 21.63"
"17,21 : 56.8"
"17,22 : 46.27"
"17,23 : 93.23"
"17,24 : 37.44"
"17,25 : 82.68"
"17,26 : 45.22"
"17,27 : 47.27"
"17,28 : 25.0"
"17,29 : 37.36"
"17,30 : 30.0"
"17,31 : 77.83"
"17,32 : 48.84"
"17,33 : 42.95"
"17,34 : 37.95"
"17,35 : 56.57"
"17,36 : 84.65"
"17,37 : 59.06"
"17,38 : 75.47"
"17,39 : 46.07"
"17,40 : 49.82"
"17,41 : 45.61"
"17,42 : 34.67"
"17,43 : 18.44"
"17,44 : 44.1"
"17,45 : 53.31"
"17,46 : 80.78"
"17,47 : 16.03"
"17,48 : 33.96"
"17,49 : 33.0"
"18,0 : 39.62"
"18,1 : 62.77"
"18,2 : 63.07"
"18,3 : 77.83"
"18,4 : 85.23"
"18,5 : 19.24"
"18,6 : 42.72"
"18,7 : 50.22"
"18,8 : 62.2"
"18,9 : 30.41"
"18,10 : 61.52"
"18,11 : 26.91"
"18,12 : 12.04"
"18,13 : 50.64"
"18,14 : 39.2"
"18,15 : 84.86"
"18,16 : 69.2"
"18,17 : 14.87"
"18,18 : 0.0"
"18,19 : 85.7"
"18,20 : 29.07"
"18,21 : 42.06"
"18,22 : 41.98"
"18,23 : 95.19"
"18,24 : 23.35"
"18,25 : 71.59"
"18,26 : 47.2"
"18,27 : 42.95"
"18,28 : 24.41"
"18,29 : 31.26"
"18,30 : 44.28"
"18,31 : 79.4"
"18,32 : 56.3"
"18,33 : 31.3"
"18,34 : 40.46"
"18,35 : 64.35"
"18,36 : 77.32"
"18,37 : 63.03"
"18,38 : 79.98"
"18,39 : 36.67"
"18,40 : 44.28"
"18,41 : 60.44"
"18,42 : 40.8"
"18,43 : 27.51"
"18,44 : 58.03"
"18,45 : 65.0"
"18,46 : 80.96"
"18,47 : 17.03"
"18,48 : 48.76"
"18,49 : 47.27"
"19,0 : 88.68"
"19,1 : 27.29"
"19,2 : 25.24"
"19,3 : 20.12"
"19,4 : 17.89"
"19,5 : 99.82"
"19,6 : 43.01"
"19,7 : 82.01"
"19,8 : 77.28"
"19,9 : 55.95"
"19,10 : 28.28"
"19,11 : 59.94"
"19,12 : 76.69"
"19,13 : 45.18"
"19,14 : 61.06"
"19,15 : 14.87"
"19,16 : 17.09"
"19,17 : 83.26"
"19,18 : 85.7"
"19,19 : 0.0"
"19,20 : 62.03"
"19,21 : 99.13"
"19,22 : 49.2"
"19,23 : 10.2"
"19,24 : 85.15"
"19,25 : 78.23"
"19,26 : 38.59"
"19,27 : 48.6"
"19,28 : 61.29"
"19,29 : 59.46"
"19,30 : 76.11"
"19,31 : 7.62"
"19,32 : 40.01"
"19,33 : 114.02"
"19,34 : 45.65"
"19,35 : 36.5"
"19,36 : 55.33"
"19,37 : 24.74"
"19,38 : 13.42"
"19,39 : 65.19"
"19,40 : 50.77"
"19,41 : 88.57"
"19,42 : 49.34"
"19,43 : 65.79"
"19,44 : 73.68"
"19,45 : 57.01"
"19,46 : 13.15"
"19,47 : 69.46"
"19,48 : 84.01"
"19,49 : 76.01"
"20,0 : 56.75"
"20,1 : 45.04"
"20,2 : 44.01"
"20,3 : 50.61"
"20,4 : 66.27"
"20,5 : 47.76"
"20,6 : 23.19"
"20,7 : 33.24"
"20,8 : 40.25"
"20,9 : 10.3"
"20,10 : 34.99"
"20,11 : 7.81"
"20,12 : 27.02"
"20,13 : 41.15"
"20,14 : 39.7"
"20,15 : 58.25"
"20,16 : 44.94"
"20,17 : 21.63"
"20,18 : 29.07"
"20,19 : 62.03"
"20,20 : 0.0"
"20,21 : 63.39"
"20,22 : 32.76"
"20,23 : 72.11"
"20,24 : 43.1"
"20,25 : 76.42"
"20,26 : 25.08"
"20,27 : 33.62"
"20,28 : 13.89"
"20,29 : 28.43"
"20,30 : 25.46"
"20,31 : 57.01"
"20,32 : 27.66"
"20,33 : 60.37"
"20,34 : 18.0"
"20,35 : 35.61"
"20,36 : 72.01"
"20,37 : 37.58"
"20,38 : 53.85"
"20,39 : 40.22"
"20,40 : 37.44"
"20,41 : 43.86"
"20,42 : 13.04"
"20,43 : 4.0"
"20,44 : 35.34"
"20,45 : 37.12"
"20,46 : 60.67"
"20,47 : 13.15"
"20,48 : 33.42"
"20,49 : 27.66"
"21,0 : 10.63"
"21,1 : 71.87"
"21,2 : 73.93"
"21,3 : 99.62"
"21,4 : 90.79"
"21,5 : 29.21"
"21,6 : 62.1"
"21,7 : 91.42"
"21,8 : 102.11"
"21,9 : 58.03"
"21,10 : 84.2"
"21,11 : 57.04"
"21,12 : 36.88"
"21,13 : 54.08"
"21,14 : 38.08"
"21,15 : 104.39"
"21,16 : 86.41"
"21,17 : 56.8"
"21,18 : 42.06"
"21,19 : 99.13"
"21,20 : 63.39"
"21,21 : 0.0"
"21,22 : 50.57"
"21,23 : 106.25"
"21,24 : 20.4"
"21,25 : 45.54"
"21,26 : 67.45"
"21,27 : 50.99"
"21,28 : 51.0"
"21,29 : 42.45"
"21,30 : 84.77"
"21,31 : 91.59"
"21,32 : 84.72"
"21,33 : 35.17"
"21,34 : 63.95"
"21,35 : 92.23"
"21,36 : 64.41"
"21,37 : 83.49"
"21,38 : 99.01"
"21,39 : 34.0"
"21,40 : 48.37"
"21,41 : 101.95"
"21,42 : 70.11"
"21,43 : 63.95"
"21,44 : 97.51"
"21,45 : 100.08"
"21,46 : 89.4"
"21,47 : 50.8"
"21,48 : 90.25"
"21,49 : 87.64"
"22,0 : 40.5"
"22,1 : 22.67"
"22,2 : 24.08"
"22,3 : 49.48"
"22,4 : 44.42"
"22,5 : 52.15"
"22,6 : 14.87"
"22,7 : 65.6"
"22,8 : 70.18"
"22,9 : 22.47"
"22,10 : 35.06"
"22,11 : 25.5"
"22,12 : 30.68"
"22,13 : 9.06"
"22,14 : 13.15"
"22,15 : 53.85"
"22,16 : 35.85"
"22,17 : 46.27"
"22,18 : 41.98"
"22,19 : 49.2"
"22,20 : 32.76"
"22,21 : 50.57"
"22,22 : 0.0"
"22,23 : 57.28"
"22,24 : 36.07"
"22,25 : 45.79"
"22,26 : 19.24"
"22,27 : 1.0"
"22,28 : 21.59"
"22,29 : 11.18"
"22,30 : 57.8"
"22,31 : 41.87"
"22,32 : 39.29"
"22,33 : 66.29"
"22,34 : 19.72"
"22,35 : 45.4"
"22,36 : 39.4"
"22,37 : 33.54"
"22,38 : 48.47"
"22,39 : 16.76"
"22,40 : 5.0"
"22,41 : 75.93"
"22,42 : 29.41"
"22,43 : 36.24"
"22,44 : 65.19"
"22,45 : 59.51"
"22,46 : 41.23"
"22,47 : 30.27"
"22,48 : 66.03"
"22,49 : 59.67"
"23,0 : 95.69"
"23,1 : 34.71"
"23,2 : 33.24"
"23,3 : 28.86"
"23,4 : 18.11"
"23,5 : 108.71"
"23,6 : 52.48"
"23,7 : 92.01"
"23,8 : 86.83"
"23,9 : 65.74"
"23,10 : 38.47"
"23,11 : 69.78"
"23,12 : 85.8"
"23,13 : 52.2"
"23,14 : 68.41"
"23,15 : 21.93"
"23,16 : 27.2"
"23,17 : 93.23"
"23,18 : 95.19"
"23,19 : 10.2"
"23,20 : 72.11"
"23,21 : 106.25"
"23,22 : 57.28"
"23,23 : 0.0"
"23,24 : 93.35"
"23,25 : 81.58"
"23,26 : 48.3"
"23,27 : 56.59"
"23,28 : 70.83"
"23,29 : 67.94"
"23,30 : 86.21"
"23,31 : 15.81"
"23,32 : 50.09"
"23,33 : 122.92"
"23,34 : 55.46"
"23,35 : 46.17"
"23,36 : 57.14"
"23,37 : 34.93"
"23,38 : 22.36"
"23,39 : 72.62"
"23,40 : 58.26"
"23,41 : 98.33"
"23,42 : 59.48"
"23,43 : 75.89"
"23,44 : 83.38"
"23,45 : 66.29"
"23,46 : 17.0"
"23,47 : 79.18"
"23,48 : 94.05"
"23,49 : 86.05"
"24,0 : 16.28"
"24,1 : 58.69"
"24,2 : 60.14"
"24,3 : 82.73"
"24,4 : 79.81"
"24,5 : 19.1"
"24,6 : 44.72"
"24,7 : 71.31"
"24,8 : 81.74"
"24,9 : 38.47"
"24,10 : 66.71"
"24,11 : 37.05"
"24,12 : 16.49"
"24,13 : 42.2"
"24,14 : 26.42"
"24,15 : 88.32"
"24,16 : 70.72"
"24,17 : 37.44"
"24,18 : 23.35"
"24,19 : 85.15"
"24,20 : 43.1"
"24,21 : 20.4"
"24,22 : 36.07"
"24,23 : 93.35"
"24,24 : 0.0"
"24,25 : 50.7"
"24,26 : 50.09"
"24,27 : 36.77"
"24,28 : 31.26"
"24,29 : 25.81"
"24,30 : 64.51"
"24,31 : 77.9"
"24,32 : 65.73"
"24,33 : 31.95"
"24,34 : 45.54"
"24,35 : 73.5"
"24,36 : 61.81"
"24,37 : 66.65"
"24,38 : 83.01"
"24,39 : 22.36"
"24,40 : 35.61"
"24,41 : 81.94"
"24,42 : 50.64"
"24,43 : 43.57"
"24,44 : 77.13"
"24,45 : 80.0"
"24,46 : 77.16"
"24,47 : 30.41"
"24,48 : 70.26"
"24,49 : 67.36"
"25,0 : 38.01"
"25,1 : 54.45"
"25,2 : 57.56"
"25,3 : 87.82"
"25,4 : 63.56"
"25,5 : 68.88"
"25,6 : 60.42"
"25,7 : 109.62"
"25,8 : 115.6"
"25,9 : 66.71"
"25,10 : 77.2"
"25,11 : 68.62"
"25,12 : 60.42"
"25,13 : 40.85"
"25,14 : 36.77"
"25,15 : 89.09"
"25,16 : 72.69"
"25,17 : 82.68"
"25,18 : 71.59"
"25,19 : 78.23"
"25,20 : 76.42"
"25,21 : 45.54"
"25,22 : 45.79"
"25,23 : 81.58"
"25,24 : 50.7"
"25,25 : 0.0"
"25,26 : 63.98"
"25,27 : 45.28"
"25,28 : 62.94"
"25,29 : 48.08"
"25,30 : 101.86"
"25,31 : 71.06"
"25,32 : 84.17"
"25,33 : 79.03"
"25,34 : 65.51"
"25,35 : 89.2"
"25,36 : 25.94"
"25,37 : 74.22"
"25,38 : 84.21"
"25,39 : 37.01"
"25,40 : 40.82"
"25,41 : 120.28"
"25,42 : 75.17"
"25,43 : 79.2"
"25,44 : 110.6"
"25,45 : 105.12"
"25,46 : 65.49"
"25,47 : 69.03"
"25,48 : 109.6"
"25,49 : 104.06"
"26,0 : 58.05"
"26,1 : 20.4"
"26,2 : 19.03"
"26,3 : 32.65"
"26,4 : 41.19"
"26,5 : 62.37"
"26,6 : 5.39"
"26,7 : 53.31"
"26,8 : 54.82"
"26,9 : 17.46"
"26,10 : 16.76"
"26,11 : 21.54"
"26,12 : 38.95"
"26,13 : 23.32"
"26,14 : 32.02"
"26,15 : 38.6"
"26,16 : 22.02"
"26,17 : 45.22"
"26,18 : 47.2"
"26,19 : 38.59"
"26,20 : 25.08"
"26,21 : 67.45"
"26,22 : 19.24"
"26,23 : 48.3"
"26,24 : 50.09"
"26,25 : 63.98"
"26,26 : 0.0"
"26,27 : 19.42"
"26,28 : 22.8"
"26,29 : 25.0"
"26,30 : 45.88"
"26,31 : 32.7"
"26,32 : 20.25"
"26,33 : 76.42"
"26,34 : 7.28"
"26,35 : 26.17"
"26,36 : 52.4"
"26,37 : 16.64"
"26,38 : 33.42"
"26,39 : 35.06"
"26,40 : 23.77"
"26,41 : 62.65"
"26,42 : 14.87"
"26,43 : 29.07"
"26,44 : 50.0"
"26,45 : 41.34"
"26,46 : 35.69"
"26,47 : 30.89"
"26,48 : 54.42"
"26,49 : 47.01"
"27,0 : 40.85"
"27,1 : 21.93"
"27,2 : 23.43"
"27,3 : 49.24"
"27,4 : 43.57"
"27,5 : 53.0"
"27,6 : 15.23"
"27,7 : 66.4"
"27,8 : 70.84"
"27,9 : 23.32"
"27,10 : 35.01"
"27,11 : 26.4"
"27,12 : 31.62"
"27,13 : 8.06"
"27,14 : 13.34"
"27,15 : 53.49"
"27,16 : 35.47"
"27,17 : 47.27"
"27,18 : 42.95"
"27,19 : 48.6"
"27,20 : 33.62"
"27,21 : 50.99"
"27,22 : 1.0"
"27,23 : 56.59"
"27,24 : 36.77"
"27,25 : 45.28"
"27,26 : 19.42"
"27,27 : 0.0"
"27,28 : 22.56"
"27,29 : 12.08"
"27,30 : 58.6"
"27,31 : 41.23"
"27,32 : 39.56"
"27,33 : 67.12"
"27,34 : 20.25"
"27,35 : 45.54"
"27,36 : 38.48"
"27,37 : 33.38"
"27,38 : 48.1"
"27,39 : 17.09"
"27,40 : 4.47"
"27,41 : 76.69"
"27,42 : 30.0"
"27,43 : 37.12"
"27,44 : 65.86"
"27,45 : 59.93"
"27,46 : 40.46"
"27,47 : 31.26"
"27,48 : 66.85"
"27,49 : 60.44"
"28,0 : 43.57"
"28,1 : 39.29"
"28,2 : 39.22"
"28,3 : 54.2"
"28,4 : 61.68"
"28,5 : 40.22"
"28,6 : 18.36"
"28,7 : 46.75"
"28,8 : 54.12"
"28,9 : 7.28"
"28,10 : 37.8"
"28,11 : 6.32"
"28,12 : 17.0"
"28,13 : 30.59"
"28,14 : 26.17"
"28,15 : 60.88"
"28,16 : 44.82"
"28,17 : 25.0"
"28,18 : 24.41"
"28,19 : 61.29"
"28,20 : 13.89"
"28,21 : 51.0"
"28,22 : 21.59"
"28,23 : 70.83"
"28,24 : 31.26"
"28,25 : 62.94"
"28,26 : 22.8"
"28,27 : 22.56"
"28,28 : 0.0"
"28,29 : 14.87"
"28,30 : 39.05"
"28,31 : 55.07"
"28,32 : 34.79"
"28,33 : 54.04"
"28,34 : 16.28"
"28,35 : 42.72"
"28,36 : 60.75"
"28,37 : 38.9"
"28,38 : 55.87"
"28,39 : 26.4"
"28,40 : 25.63"
"28,41 : 57.49"
"28,42 : 19.42"
"28,43 : 16.28"
"28,44 : 49.19"
"28,45 : 49.16"
"28,46 : 57.01"
"28,47 : 9.06"
"28,48 : 46.67"
"28,49 : 41.4"
"29,0 : 33.24"
"29,1 : 33.6"
"29,2 : 34.71"
"29,3 : 57.38"
"29,4 : 55.57"
"29,5 : 41.05"
"29,6 : 19.65"
"29,7 : 61.55"
"29,8 : 68.26"
"29,9 : 19.24"
"29,10 : 41.76"
"29,11 : 20.62"
"29,12 : 19.65"
"29,13 : 19.42"
"29,14 : 11.31"
"29,15 : 62.65"
"29,16 : 44.94"
"29,17 : 37.36"
"29,18 : 31.26"
"29,19 : 59.46"
"29,20 : 28.43"
"29,21 : 42.45"
"29,22 : 11.18"
"29,23 : 67.94"
"29,24 : 25.81"
"29,25 : 48.08"
"29,26 : 25.0"
"29,27 : 12.08"
"29,28 : 14.87"
"29,29 : 0.0"
"29,30 : 53.81"
"29,31 : 52.33"
"29,32 : 43.0"
"29,33 : 55.22"
"29,34 : 22.0"
"29,35 : 50.16"
"29,36 : 47.3"
"29,37 : 41.23"
"29,38 : 57.31"
"29,39 : 12.08"
"29,40 : 13.04"
"29,41 : 72.25"
"29,42 : 29.83"
"29,43 : 31.11"
"29,44 : 63.29"
"29,45 : 60.88"
"29,46 : 52.2"
"29,47 : 21.93"
"29,48 : 61.52"
"29,49 : 56.08"
"30,0 : 79.71"
"30,1 : 66.1"
"30,2 : 64.29"
"30,3 : 59.44"
"30,4 : 84.85"
"30,5 : 63.03"
"30,6 : 46.07"
"30,7 : 7.81"
"30,8 : 18.0"
"30,9 : 35.47"
"30,10 : 48.0"
"30,11 : 33.24"
"30,12 : 48.1"
"30,13 : 65.73"
"30,14 : 65.12"
"30,15 : 67.68"
"30,16 : 60.03"
"30,17 : 30.0"
"30,18 : 44.28"
"30,19 : 76.11"
"30,20 : 25.46"
"30,21 : 84.77"
"30,22 : 57.8"
"30,23 : 86.21"
"30,24 : 64.51"
"30,25 : 101.86"
"30,26 : 45.88"
"30,27 : 58.6"
"30,28 : 39.05"
"30,29 : 53.81"
"30,30 : 0.0"
"30,31 : 73.06"
"30,32 : 36.12"
"30,33 : 72.56"
"30,34 : 40.25"
"30,35 : 41.23"
"30,36 : 96.57"
"30,37 : 52.04"
"30,38 : 64.78"
"30,39 : 65.44"
"30,40 : 62.63"
"30,41 : 18.44"
"30,42 : 31.02"
"30,43 : 22.8"
"30,44 : 14.32"
"30,45 : 28.32"
"30,46 : 78.52"
"30,47 : 34.89"
"30,48 : 8.54"
"30,49 : 3.0"
"31,0 : 81.12"
"31,1 : 19.72"
"31,2 : 17.8"
"31,3 : 21.93"
"31,4 : 14.21"
"31,5 : 92.96"
"31,6 : 36.72"
"31,7 : 79.4"
"31,8 : 75.96"
"31,9 : 50.16"
"31,10 : 25.18"
"31,11 : 54.23"
"31,12 : 70.0"
"31,13 : 37.59"
"31,14 : 53.54"
"31,15 : 19.31"
"31,16 : 13.04"
"31,17 : 77.83"
"31,18 : 79.4"
"31,19 : 7.62"
"31,20 : 57.01"
"31,21 : 91.59"
"31,22 : 41.87"
"31,23 : 15.81"
"31,24 : 77.9"
"31,25 : 71.06"
"31,26 : 32.7"
"31,27 : 41.23"
"31,28 : 55.07"
"31,29 : 52.33"
"31,30 : 73.06"
"31,31 : 0.0"
"31,32 : 37.48"
"31,33 : 107.17"
"31,34 : 39.92"
"31,35 : 35.47"
"31,36 : 48.84"
"31,37 : 21.02"
"31,38 : 15.81"
"31,39 : 57.69"
"31,40 : 43.27"
"31,41 : 86.68"
"31,42 : 44.72"
"31,43 : 60.88"
"31,44 : 72.03"
"31,45 : 56.46"
"31,46 : 7.81"
"31,47 : 63.51"
"31,48 : 81.22"
"31,49 : 73.25"
"32,0 : 76.11"
"32,1 : 35.47"
"32,2 : 32.8"
"32,3 : 24.17"
"32,4 : 50.29"
"32,5 : 74.24"
"32,6 : 24.52"
"32,7 : 42.05"
"32,8 : 39.0"
"32,9 : 27.51"
"32,10 : 12.37"
"32,11 : 29.97"
"32,12 : 51.62"
"32,13 : 43.38"
"32,14 : 51.62"
"32,15 : 32.31"
"32,16 : 24.52"
"32,17 : 48.84"
"32,18 : 56.3"
"32,19 : 40.01"
"32,20 : 27.66"
"32,21 : 84.72"
"32,22 : 39.29"
"32,23 : 50.09"
"32,24 : 65.73"
"32,25 : 84.17"
"32,26 : 20.25"
"32,27 : 39.56"
"32,28 : 34.79"
"32,29 : 43.0"
"32,30 : 36.12"
"32,31 : 37.48"
"32,32 : 0.0"
"32,33 : 87.46"
"32,34 : 21.0"
"32,35 : 8.06"
"32,36 : 70.94"
"32,37 : 16.76"
"32,38 : 28.86"
"32,39 : 54.23"
"32,40 : 43.97"
"32,41 : 49.24"
"32,42 : 15.65"
"32,43 : 30.41"
"32,44 : 34.79"
"32,45 : 21.93"
"32,46 : 43.68"
"32,47 : 39.45"
"32,48 : 44.0"
"32,49 : 36.0"
"33,0 : 41.01"
"33,1 : 88.81"
"33,2 : 89.81"
"33,3 : 108.23"
"33,4 : 110.68"
"33,5 : 14.21"
"33,6 : 71.42"
"33,7 : 77.06"
"33,8 : 90.45"
"33,9 : 60.8"
"33,10 : 91.83"
"33,11 : 57.69"
"33,12 : 37.48"
"33,13 : 73.43"
"33,14 : 58.18"
"33,15 : 114.87"
"33,16 : 98.29"
"33,17 : 42.95"
"33,18 : 31.3"
"33,19 : 114.02"
"33,20 : 60.37"
"33,21 : 35.17"
"33,22 : 66.29"
"33,23 : 122.92"
"33,24 : 31.95"
"33,25 : 79.03"
"33,26 : 76.42"
"33,27 : 67.12"
"33,28 : 54.04"
"33,29 : 55.22"
"33,30 : 72.56"
"33,31 : 107.17"
"33,32 : 87.46"
"33,33 : 0.0"
"33,34 : 70.29"
"33,35 : 95.52"
"33,36 : 93.39"
"33,37 : 92.85"
"33,38 : 109.79"
"33,39 : 54.23"
"33,40 : 66.73"
"33,41 : 86.05"
"33,42 : 71.87"
"33,43 : 58.69"
"33,44 : 86.83"
"33,45 : 95.82"
"33,46 : 107.42"
"33,47 : 48.02"
"33,48 : 75.01"
"33,49 : 75.54"
"34,0 : 55.15"
"34,1 : 27.07"
"34,2 : 26.02"
"34,3 : 38.01"
"34,4 : 48.37"
"34,5 : 56.4"
"34,6 : 5.83"
"34,7 : 47.89"
"34,8 : 50.91"
"34,9 : 10.3"
"34,10 : 21.63"
"34,11 : 14.32"
"34,12 : 33.02"
"34,13 : 26.17"
"34,14 : 31.05"
"34,15 : 44.6"
"34,16 : 28.84"
"34,17 : 37.95"
"34,18 : 40.46"
"34,19 : 45.65"
"34,20 : 18.0"
"34,21 : 63.95"
"34,22 : 19.72"
"34,23 : 55.46"
"34,24 : 45.54"
"34,25 : 65.51"
"34,26 : 7.28"
"34,27 : 20.25"
"34,28 : 16.28"
"34,29 : 22.0"
"34,30 : 40.25"
"34,31 : 39.92"
"34,32 : 21.0"
"34,33 : 70.29"
"34,34 : 0.0"
"34,35 : 28.28"
"34,36 : 56.61"
"34,37 : 22.63"
"34,38 : 39.6"
"34,39 : 33.38"
"34,40 : 24.7"
"34,41 : 57.69"
"34,42 : 9.9"
"34,43 : 22.0"
"34,44 : 45.97"
"34,45 : 39.92"
"34,46 : 42.95"
"34,47 : 23.85"
"34,48 : 48.75"
"34,49 : 41.68"
"35,0 : 83.38"
"35,1 : 37.8"
"35,2 : 34.83"
"35,3 : 18.25"
"35,4 : 49.19"
"35,5 : 82.3"
"35,6 : 31.02"
"35,7 : 46.27"
"35,8 : 40.79"
"35,9 : 35.47"
"35,10 : 12.81"
"35,11 : 38.01"
"35,12 : 59.62"
"35,13 : 48.38"
"35,14 : 58.14"
"35,15 : 26.48"
"35,16 : 23.32"
"35,17 : 56.57"
"35,18 : 64.35"
"35,19 : 36.5"
"35,20 : 35.61"
"35,21 : 92.23"
"35,22 : 45.4"
"35,23 : 46.17"
"35,24 : 73.5"
"35,25 : 89.2"
"35,26 : 26.17"
"35,27 : 45.54"
"35,28 : 42.72"
"35,29 : 50.16"
"35,30 : 41.23"
"35,31 : 35.47"
"35,32 : 8.06"
"35,33 : 95.52"
"35,34 : 28.28"
"35,35 : 0.0"
"35,36 : 74.06"
"35,37 : 16.97"
"35,38 : 24.0"
"35,39 : 61.01"
"35,40 : 49.82"
"35,41 : 52.15"
"35,42 : 23.71"
"35,43 : 38.21"
"35,44 : 37.22"
"35,45 : 21.02"
"35,46 : 42.49"
"35,47 : 47.51"
"35,48 : 48.51"
"35,49 : 40.61"
"36,0 : 54.63"
"36,1 : 36.36"
"36,2 : 39.45"
"36,3 : 68.35"
"36,4 : 39.05"
"36,5 : 80.89"
"36,6 : 50.8"
"36,7 : 104.31"
"36,8 : 107.17"
"36,9 : 61.72"
"36,10 : 61.29"
"36,11 : 64.88"
"36,12 : 65.28"
"36,13 : 30.89"
"36,14 : 38.12"
"36,15 : 67.91"
"36,16 : 53.71"
"36,17 : 84.65"
"36,18 : 77.32"
"36,19 : 55.33"
"36,20 : 72.01"
"36,21 : 64.41"
"36,22 : 39.4"
"36,23 : 57.14"
"36,24 : 61.81"
"36,25 : 25.94"
"36,26 : 52.4"
"36,27 : 38.48"
"36,28 : 60.75"
"36,29 : 47.3"
"36,30 : 96.57"
"36,31 : 48.84"
"36,32 : 70.94"
"36,33 : 93.39"
"36,34 : 56.61"
"36,35 : 74.06"
"36,36 : 0.0"
"36,37 : 57.45"
"36,38 : 63.6"
"36,39 : 41.0"
"36,40 : 35.11"
"36,41 : 114.28"
"36,42 : 66.4"
"36,43 : 75.58"
"36,44 : 102.3"
"36,45 : 92.85"
"36,46 : 42.19"
"36,47 : 68.96"
"36,48 : 104.96"
"36,49 : 98.18"
"37,0 : 73.76"
"37,1 : 21.1"
"37,2 : 18.03"
"37,3 : 16.16"
"37,4 : 33.53"
"37,5 : 78.87"
"37,6 : 21.95"
"37,7 : 58.42"
"37,8 : 55.71"
"37,9 : 32.65"
"37,10 : 4.47"
"37,11 : 36.4"
"37,12 : 55.44"
"37,13 : 34.13"
"37,14 : 46.69"
"37,15 : 22.02"
"37,16 : 8.0"
"37,17 : 59.06"
"37,18 : 63.03"
"37,19 : 24.74"
"37,20 : 37.58"
"37,21 : 83.49"
"37,22 : 33.54"
"37,23 : 34.93"
"37,24 : 66.65"
"37,25 : 74.22"
"37,26 : 16.64"
"37,27 : 33.38"
"37,28 : 38.9"
"37,29 : 41.23"
"37,30 : 52.04"
"37,31 : 21.02"
"37,32 : 16.76"
"37,33 : 92.85"
"37,34 : 22.63"
"37,35 : 16.97"
"37,36 : 57.45"
"37,37 : 0.0"
"37,38 : 16.97"
"37,39 : 50.22"
"37,40 : 37.12"
"37,41 : 65.97"
"37,42 : 24.7"
"37,43 : 41.23"
"37,44 : 51.55"
"37,45 : 37.44"
"37,46 : 26.93"
"37,47 : 46.23"
"37,48 : 60.21"
"37,49 : 52.24"
"38,0 : 88.96"
"38,1 : 30.02"
"38,2 : 27.07"
"38,3 : 6.71"
"38,4 : 29.73"
"38,5 : 95.78"
"38,6 : 38.6"
"38,7 : 70.18"
"38,8 : 64.5"
"38,9 : 49.58"
"38,10 : 18.87"
"38,11 : 53.26"
"38,12 : 72.35"
"38,13 : 46.87"
"38,14 : 61.35"
"38,15 : 5.39"
"38,16 : 12.65"
"38,17 : 75.47"
"38,18 : 79.98"
"38,19 : 13.42"
"38,20 : 53.85"
"38,21 : 99.01"
"38,22 : 48.47"
"38,23 : 22.36"
"38,24 : 83.01"
"38,25 : 84.21"
"38,26 : 33.42"
"38,27 : 48.1"
"38,28 : 55.87"
"38,29 : 57.31"
"38,30 : 64.78"
"38,31 : 15.81"
"38,32 : 28.86"
"38,33 : 109.79"
"38,34 : 39.6"
"38,35 : 24.0"
"38,36 : 63.6"
"38,37 : 16.97"
"38,38 : 0.0"
"38,39 : 65.19"
"38,40 : 51.24"
"38,41 : 76.11"
"38,42 : 40.82"
"38,43 : 57.31"
"38,44 : 61.13"
"38,45 : 43.93"
"38,46 : 23.6"
"38,47 : 63.13"
"38,48 : 72.34"
"38,49 : 64.38"
"39,0 : 23.77"
"39,1 : 38.01"
"39,2 : 39.96"
"39,3 : 66.22"
"39,4 : 58.05"
"39,5 : 40.8"
"39,6 : 30.0"
"39,7 : 73.11"
"39,8 : 80.26"
"39,9 : 31.3"
"39,10 : 51.48"
"39,11 : 32.45"
"39,12 : 24.74"
"39,13 : 20.52"
"39,14 : 4.24"
"39,15 : 70.58"
"39,16 : 52.55"
"39,17 : 46.07"
"39,18 : 36.67"
"39,19 : 65.19"
"39,20 : 40.22"
"39,21 : 34.0"
"39,22 : 16.76"
"39,23 : 72.62"
"39,24 : 22.36"
"39,25 : 37.01"
"39,26 : 35.06"
"39,27 : 17.09"
"39,28 : 26.4"
"39,29 : 12.08"
"39,30 : 65.44"
"39,31 : 57.69"
"39,32 : 54.23"
"39,33 : 54.23"
"39,34 : 33.38"
"39,35 : 61.01"
"39,36 : 41.0"
"39,37 : 50.22"
"39,38 : 65.19"
"39,39 : 0.0"
"39,40 : 14.42"
"39,41 : 83.87"
"39,42 : 41.76"
"39,43 : 42.64"
"39,44 : 75.29"
"39,45 : 72.8"
"39,46 : 55.97"
"39,47 : 32.02"
"39,48 : 72.92"
"39,49 : 67.8"
"40,0 : 38.01"
"40,1 : 23.6"
"40,2 : 25.55"
"40,3 : 52.77"
"40,4 : 44.2"
"40,5 : 52.77"
"40,6 : 19.7"
"40,7 : 70.43"
"40,8 : 75.17"
"40,9 : 27.2"
"40,10 : 39.01"
"40,11 : 30.02"
"40,12 : 32.56"
"40,13 : 6.71"
"40,14 : 10.3"
"40,15 : 56.61"
"40,16 : 38.6"
"40,17 : 49.82"
"40,18 : 44.28"
"40,19 : 50.77"
"40,20 : 37.44"
"40,21 : 48.37"
"40,22 : 5.0"
"40,23 : 58.26"
"40,24 : 35.61"
"40,25 : 40.82"
"40,26 : 23.77"
"40,27 : 4.47"
"40,28 : 25.63"
"40,29 : 13.04"
"40,30 : 62.63"
"40,31 : 43.27"
"40,32 : 43.97"
"40,33 : 66.73"
"40,34 : 24.7"
"40,35 : 49.82"
"40,36 : 35.11"
"40,37 : 37.12"
"40,38 : 51.24"
"40,39 : 14.42"
"40,40 : 0.0"
"40,41 : 80.81"
"40,42 : 34.41"
"40,43 : 40.82"
"40,44 : 70.18"
"40,45 : 64.4"
"40,46 : 41.73"
"40,47 : 33.96"
"40,48 : 70.8"
"40,49 : 64.54"
"41,0 : 97.49"
"41,1 : 82.35"
"41,2 : 80.23"
"41,3 : 70.01"
"41,4 : 99.46"
"41,5 : 78.26"
"41,6 : 63.51"
"41,7 : 10.82"
"41,8 : 12.65"
"41,9 : 53.76"
"41,10 : 61.61"
"41,11 : 51.66"
"41,12 : 65.74"
"41,13 : 83.6"
"41,14 : 83.55"
"41,15 : 78.01"
"41,16 : 73.76"
"41,17 : 45.61"
"41,18 : 60.44"
"41,19 : 88.57"
"41,20 : 43.86"
"41,21 : 101.95"
"41,22 : 75.93"
"41,23 : 98.33"
"41,24 : 81.94"
"41,25 : 120.28"
"41,26 : 62.65"
"41,27 : 76.69"
"41,28 : 57.49"
"41,29 : 72.25"
"41,30 : 18.44"
"41,31 : 86.68"
"41,32 : 49.24"
"41,33 : 86.05"
"41,34 : 57.69"
"41,35 : 52.15"
"41,36 : 114.28"
"41,37 : 65.97"
"41,38 : 76.11"
"41,39 : 83.87"
"41,40 : 80.81"
"41,41 : 0.0"
"41,42 : 48.02"
"41,43 : 41.23"
"41,44 : 15.0"
"41,45 : 33.38"
"41,46 : 92.89"
"41,47 : 53.0"
"41,48 : 11.7"
"41,49 : 16.28"
"42,0 : 62.07"
"42,1 : 35.17"
"42,2 : 33.54"
"42,3 : 37.64"
"42,4 : 55.01"
"42,5 : 58.59"
"42,6 : 15.62"
"42,7 : 38.48"
"42,8 : 41.01"
"42,9 : 12.17"
"42,10 : 21.95"
"42,11 : 14.32"
"42,12 : 36.06"
"42,13 : 36.07"
"42,14 : 39.92"
"42,15 : 45.22"
"42,16 : 32.28"
"42,17 : 34.67"
"42,18 : 40.8"
"42,19 : 49.34"
"42,20 : 13.04"
"42,21 : 70.11"
"42,22 : 29.41"
"42,23 : 59.48"
"42,24 : 50.64"
"42,25 : 75.17"
"42,26 : 14.87"
"42,27 : 30.0"
"42,28 : 19.42"
"42,29 : 29.83"
"42,30 : 31.02"
"42,31 : 44.72"
"42,32 : 15.65"
"42,33 : 71.87"
"42,34 : 9.9"
"42,35 : 23.71"
"42,36 : 66.4"
"42,37 : 24.7"
"42,38 : 40.82"
"42,39 : 41.76"
"42,40 : 34.41"
"42,41 : 48.02"
"42,42 : 0.0"
"42,43 : 16.55"
"42,44 : 36.07"
"42,45 : 31.05"
"42,46 : 49.04"
"42,47 : 23.85"
"42,48 : 39.56"
"42,49 : 32.2"
"43,0 : 57.87"
"43,1 : 49.04"
"43,2 : 48.01"
"43,3 : 53.82"
"43,4 : 70.26"
"43,5 : 46.57"
"43,6 : 27.17"
"43,7 : 30.48"
"43,8 : 38.63"
"43,9 : 13.93"
"43,10 : 38.47"
"43,11 : 10.82"
"43,12 : 27.17"
"43,13 : 44.78"
"43,14 : 42.43"
"43,15 : 61.59"
"43,16 : 48.7"
"43,17 : 18.44"
"43,18 : 27.51"
"43,19 : 65.79"
"43,20 : 4.0"
"43,21 : 63.95"
"43,22 : 36.24"
"43,23 : 75.89"
"43,24 : 43.57"
"43,25 : 79.2"
"43,26 : 29.07"
"43,27 : 37.12"
"43,28 : 16.28"
"43,29 : 31.11"
"43,30 : 22.8"
"43,31 : 60.88"
"43,32 : 30.41"
"43,33 : 58.69"
"43,34 : 22.0"
"43,35 : 38.21"
"43,36 : 75.58"
"43,37 : 41.23"
"43,38 : 57.31"
"43,39 : 42.64"
"43,40 : 40.82"
"43,41 : 41.23"
"43,42 : 16.55"
"43,43 : 0.0"
"43,44 : 33.84"
"43,45 : 37.66"
"43,46 : 64.63"
"43,47 : 13.15"
"43,48 : 30.41"
"43,49 : 25.24"
"44,0 : 91.71"
"44,1 : 68.96"
"44,2 : 66.65"
"44,3 : 55.01"
"44,4 : 85.07"
"44,5 : 77.01"
"44,6 : 51.66"
"44,7 : 12.73"
"44,8 : 5.0"
"44,9 : 44.1"
"44,10 : 47.13"
"44,11 : 42.94"
"44,12 : 60.64"
"44,13 : 72.14"
"44,14 : 74.33"
"44,15 : 63.01"
"44,16 : 59.2"
"44,17 : 44.1"
"44,18 : 58.03"
"44,19 : 73.68"
"44,20 : 35.34"
"44,21 : 97.51"
"44,22 : 65.19"
"44,23 : 83.38"
"44,24 : 77.13"
"44,25 : 110.6"
"44,26 : 50.0"
"44,27 : 65.86"
"44,28 : 49.19"
"44,29 : 63.29"
"44,30 : 14.32"
"44,31 : 72.03"
"44,32 : 34.79"
"44,33 : 86.83"
"44,34 : 45.97"
"44,35 : 37.22"
"44,36 : 102.3"
"44,37 : 51.55"
"44,38 : 61.13"
"44,39 : 75.29"
"44,40 : 70.18"
"44,41 : 15.0"
"44,42 : 36.07"
"44,43 : 33.84"
"44,44 : 0.0"
"44,45 : 18.68"
"44,46 : 78.45"
"44,47 : 46.84"
"44,48 : 15.56"
"44,49 : 11.4"
"45,0 : 92.66"
"45,1 : 57.31"
"45,2 : 54.56"
"45,3 : 37.48"
"45,4 : 70.21"
"45,5 : 84.17"
"45,6 : 44.72"
"45,7 : 30.41"
"45,8 : 21.02"
"45,9 : 42.43"
"45,10 : 33.02"
"45,11 : 43.05"
"45,12 : 64.12"
"45,13 : 64.66"
"45,14 : 70.84"
"45,15 : 45.18"
"45,16 : 44.29"
"45,17 : 53.31"
"45,18 : 65.0"
"45,19 : 57.01"
"45,20 : 37.12"
"45,21 : 100.08"
"45,22 : 59.51"
"45,23 : 66.29"
"45,24 : 80.0"
"45,25 : 105.12"
"45,26 : 41.34"
"45,27 : 59.93"
"45,28 : 49.16"
"45,29 : 60.88"
"45,30 : 28.32"
"45,31 : 56.46"
"45,32 : 21.93"
"45,33 : 95.82"
"45,34 : 39.92"
"45,35 : 21.02"
"45,36 : 92.85"
"45,37 : 37.44"
"45,38 : 43.93"
"45,39 : 72.8"
"45,40 : 64.4"
"45,41 : 33.38"
"45,42 : 31.05"
"45,43 : 37.66"
"45,44 : 18.68"
"45,45 : 0.0"
"45,46 : 63.51"
"45,47 : 50.25"
"45,48 : 33.12"
"45,49 : 26.4"
"46,0 : 78.82"
"46,1 : 18.6"
"46,2 : 17.89"
"46,3 : 29.73"
"46,4 : 6.71"
"46,5 : 93.23"
"46,6 : 38.9"
"46,7 : 85.16"
"46,8 : 82.54"
"46,9 : 52.89"
"46,10 : 31.32"
"46,11 : 57.01"
"46,12 : 70.83"
"46,13 : 35.47"
"46,14 : 51.74"
"46,15 : 26.83"
"46,16 : 19.31"
"46,17 : 80.78"
"46,18 : 80.96"
"46,19 : 13.15"
"46,20 : 60.67"
"46,21 : 89.4"
"46,22 : 41.23"
"46,23 : 17.0"
"46,24 : 77.16"
"46,25 : 65.49"
"46,26 : 35.69"
"46,27 : 40.46"
"46,28 : 57.01"
"46,29 : 52.2"
"46,30 : 78.52"
"46,31 : 7.81"
"46,32 : 43.68"
"46,33 : 107.42"
"46,34 : 42.95"
"46,35 : 42.49"
"46,36 : 42.19"
"46,37 : 26.93"
"46,38 : 23.6"
"46,39 : 55.97"
"46,40 : 41.73"
"46,41 : 92.89"
"46,42 : 49.04"
"46,43 : 64.63"
"46,44 : 78.45"
"46,45 : 63.51"
"46,46 : 0.0"
"46,47 : 65.79"
"46,48 : 86.83"
"46,49 : 78.92"
"47,0 : 44.94"
"47,1 : 48.27"
"47,2 : 48.08"
"47,3 : 60.83"
"47,4 : 70.6"
"47,5 : 34.93"
"47,6 : 26.93"
"47,7 : 42.19"
"47,8 : 51.55"
"47,9 : 13.6"
"47,10 : 44.55"
"47,11 : 9.9"
"47,12 : 14.04"
"47,13 : 39.32"
"47,14 : 32.76"
"47,15 : 67.94"
"47,16 : 52.7"
"47,17 : 16.03"
"47,18 : 17.03"
"47,19 : 69.46"
"47,20 : 13.15"
"47,21 : 50.8"
"47,22 : 30.27"
"47,23 : 79.18"
"47,24 : 30.41"
"47,25 : 69.03"
"47,26 : 30.89"
"47,27 : 31.26"
"47,28 : 9.06"
"47,29 : 21.93"
"47,30 : 34.89"
"47,31 : 63.51"
"47,32 : 39.45"
"47,33 : 48.02"
"47,34 : 23.85"
"47,35 : 47.51"
"47,36 : 68.96"
"47,37 : 46.23"
"47,38 : 63.13"
"47,39 : 32.02"
"47,40 : 33.96"
"47,41 : 53.0"
"47,42 : 23.85"
"47,43 : 13.15"
"47,44 : 46.84"
"47,45 : 50.25"
"47,46 : 65.79"
"47,47 : 0.0"
"47,48 : 41.62"
"47,49 : 37.58"
"48,0 : 85.88"
"48,1 : 74.63"
"48,2 : 72.8"
"48,3 : 66.75"
"48,4 : 93.21"
"48,5 : 66.75"
"48,6 : 54.56"
"48,7 : 2.83"
"48,8 : 17.0"
"48,9 : 43.6"
"48,10 : 56.08"
"48,11 : 41.11"
"48,12 : 54.12"
"48,13 : 74.09"
"48,14 : 72.84"
"48,15 : 74.97"
"48,16 : 68.18"
"48,17 : 33.96"
"48,18 : 48.76"
"48,19 : 84.01"
"48,20 : 33.42"
"48,21 : 90.25"
"48,22 : 66.03"
"48,23 : 94.05"
"48,24 : 70.26"
"48,25 : 109.6"
"48,26 : 54.42"
"48,27 : 66.85"
"48,28 : 46.67"
"48,29 : 61.52"
"48,30 : 8.54"
"48,31 : 81.22"
"48,32 : 44.0"
"48,33 : 75.01"
"48,34 : 48.75"
"48,35 : 48.51"
"48,36 : 104.96"
"48,37 : 60.21"
"48,38 : 72.34"
"48,39 : 72.92"
"48,40 : 70.8"
"48,41 : 11.7"
"48,42 : 39.56"
"48,43 : 30.41"
"48,44 : 15.56"
"48,45 : 33.12"
"48,46 : 86.83"
"48,47 : 41.62"
"48,48 : 0.0"
"48,49 : 8.0"
"49,0 : 82.46"
"49,1 : 67.07"
"49,2 : 65.15"
"49,3 : 58.86"
"49,4 : 85.33"
"49,5 : 66.03"
"49,6 : 47.51"
"49,7 : 6.32"
"49,8 : 15.0"
"49,9 : 37.48"
"49,10 : 48.09"
"49,11 : 35.47"
"49,12 : 50.92"
"49,13 : 67.42"
"49,14 : 67.36"
"49,15 : 67.08"
"49,16 : 60.21"
"49,17 : 33.0"
"49,18 : 47.27"
"49,19 : 76.01"
"49,20 : 27.66"
"49,21 : 87.64"
"49,22 : 59.67"
"49,23 : 86.05"
"49,24 : 67.36"
"49,25 : 104.06"
"49,26 : 47.01"
"49,27 : 60.44"
"49,28 : 41.4"
"49,29 : 56.08"
"49,30 : 3.0"
"49,31 : 73.25"
"49,32 : 36.0"
"49,33 : 75.54"
"49,34 : 41.68"
"49,35 : 40.61"
"49,36 : 98.18"
"49,37 : 52.24"
"49,38 : 64.38"
"49,39 : 67.8"
"49,40 : 64.54"
"49,41 : 16.28"
"49,42 : 32.2"
"49,43 : 25.24"
"49,44 : 11.4"
"49,45 : 26.4"
"49,46 : 78.92"
"49,47 : 37.58"
"49,48 : 8.0"
"49,49 : 0.0"
