x,y
48,14
60,49
39,61
19,4
75,1
58,39
50,78
67,32
42,20
21,88
10,30
7,57
42,96
100,27
56,19
100,87
2,86
93,81
87,17
67,40
85,67
99,0
97,11
39,88
97,86
18,85
36,13
87,73
22,42
85,32
48,75
95,31
94,53
9,99
21,36
98,76
23,89
62,80
61,63
12,41
75,48
61,14
12,53
66,48
93,67
75,38
47,47
86,21
20,87
44,97

Distanze
"0,0 : 0.0"
"0,1 : 37.0"
"0,2 : 47.85"
"0,3 : 30.68"
"0,4 : 29.97"
"0,5 : 26.93"
"0,6 : 64.03"
"0,7 : 26.17"
"0,8 : 8.49"
"0,9 : 78.77"
"0,10 : 41.23"
"0,11 : 59.41"
"0,12 : 82.22"
"0,13 : 53.6"
"0,14 : 9.43"
"0,15 : 89.63"
"0,16 : 85.44"
"0,17 : 80.71"
"0,18 : 39.12"
"0,19 : 32.2"
"0,20 : 64.64"
"0,21 : 52.89"
"0,22 : 49.09"
"0,23 : 74.55"
"0,24 : 87.09"
"0,25 : 77.08"
"0,26 : 12.04"
"0,27 : 70.72"
"0,28 : 38.21"
"0,29 : 41.15"
"0,30 : 61.0"
"0,31 : 49.98"
"0,32 : 60.31"
"0,33 : 93.52"
"0,34 : 34.83"
"0,35 : 79.65"
"0,36 : 79.06"
"0,37 : 67.47"
"0,38 : 50.7"
"0,39 : 45.0"
"0,40 : 43.42"
"0,41 : 13.0"
"0,42 : 53.08"
"0,43 : 38.47"
"0,44 : 69.53"
"0,45 : 36.12"
"0,46 : 33.02"
"0,47 : 38.64"
"0,48 : 78.19"
"0,49 : 83.1"
"1,0 : 37.0"
"1,1 : 0.0"
"1,2 : 24.19"
"1,3 : 60.88"
"1,4 : 50.29"
"1,5 : 10.2"
"1,6 : 30.68"
"1,7 : 18.38"
"1,8 : 34.13"
"1,9 : 55.15"
"1,10 : 53.49"
"1,11 : 53.6"
"1,12 : 50.33"
"1,13 : 45.65"
"1,14 : 30.27"
"1,15 : 55.17"
"1,16 : 68.8"
"1,17 : 45.97"
"1,18 : 41.87"
"1,19 : 11.4"
"1,20 : 30.81"
"1,21 : 62.63"
"1,22 : 53.04"
"1,23 : 44.29"
"1,24 : 52.33"
"1,25 : 55.32"
"1,26 : 43.27"
"1,27 : 36.12"
"1,28 : 38.64"
"1,29 : 30.23"
"1,30 : 28.64"
"1,31 : 39.36"
"1,32 : 34.23"
"1,33 : 71.42"
"1,34 : 41.11"
"1,35 : 46.62"
"1,36 : 54.49"
"1,37 : 31.06"
"1,38 : 14.04"
"1,39 : 48.66"
"1,40 : 15.03"
"1,41 : 35.01"
"1,42 : 48.17"
"1,43 : 6.08"
"1,44 : 37.59"
"1,45 : 18.6"
"1,46 : 13.15"
"1,47 : 38.21"
"1,48 : 55.17"
"1,49 : 50.6"
"2,0 : 47.85"
"2,1 : 24.19"
"2,2 : 0.0"
"2,3 : 60.41"
"2,4 : 69.97"
"2,5 : 29.07"
"2,6 : 20.25"
"2,7 : 40.31"
"2,8 : 41.11"
"2,9 : 32.45"
"2,10 : 42.45"
"2,11 : 32.25"
"2,12 : 35.13"
"2,13 : 69.84"
"2,14 : 45.31"
"2,15 : 66.31"
"2,16 : 44.65"
"2,17 : 57.58"
"2,18 : 65.12"
"2,19 : 35.0"
"2,20 : 46.39"
"2,21 : 85.56"
"2,22 : 76.58"
"2,23 : 27.0"
"2,24 : 63.16"
"2,25 : 31.89"
"2,26 : 48.09"
"2,27 : 49.48"
"2,28 : 25.5"
"2,29 : 54.38"
"2,30 : 16.64"
"2,31 : 63.53"
"2,32 : 55.58"
"2,33 : 48.41"
"2,34 : 30.81"
"2,35 : 60.88"
"2,36 : 32.25"
"2,37 : 29.83"
"2,38 : 22.09"
"2,39 : 33.6"
"2,40 : 38.28"
"2,41 : 51.89"
"2,42 : 28.16"
"2,43 : 29.97"
"2,44 : 54.33"
"2,45 : 42.72"
"2,46 : 16.12"
"2,47 : 61.72"
"2,48 : 32.2"
"2,49 : 36.35"
"3,0 : 30.68"
"3,1 : 60.88"
"3,2 : 60.41"
"3,3 : 0.0"
"3,4 : 56.08"
"3,5 : 52.4"
"3,6 : 80.23"
"3,7 : 55.57"
"3,8 : 28.02"
"3,9 : 84.02"
"3,10 : 27.51"
"3,11 : 54.34"
"3,12 : 94.83"
"3,13 : 84.2"
"3,14 : 39.92"
"3,15 : 115.97"
"3,16 : 83.74"
"3,17 : 106.79"
"3,18 : 69.23"
"3,19 : 60.0"
"3,20 : 91.24"
"3,21 : 80.1"
"3,22 : 78.31"
"3,23 : 86.35"
"3,24 : 113.17"
"3,25 : 81.01"
"3,26 : 19.24"
"3,27 : 96.88"
"3,28 : 38.12"
"3,29 : 71.69"
"3,30 : 76.69"
"3,31 : 80.65"
"3,32 : 89.59"
"3,33 : 95.52"
"3,34 : 32.06"
"3,35 : 106.89"
"3,36 : 85.09"
"3,37 : 87.32"
"3,38 : 72.42"
"3,39 : 37.66"
"3,40 : 71.22"
"3,41 : 43.17"
"3,42 : 49.5"
"3,43 : 64.38"
"3,44 : 97.19"
"3,45 : 65.51"
"3,46 : 51.31"
"3,47 : 69.12"
"3,48 : 83.01"
"3,49 : 96.3"
"4,0 : 29.97"
"4,1 : 50.29"
"4,2 : 69.97"
"4,3 : 56.08"
"4,4 : 0.0"
"4,5 : 41.63"
"4,6 : 80.96"
"4,7 : 32.02"
"4,8 : 38.08"
"4,9 : 102.4"
"4,10 : 71.18"
"4,11 : 88.09"
"4,12 : 100.57"
"4,13 : 36.07"
"4,14 : 26.17"
"4,15 : 89.56"
"4,16 : 112.04"
"4,17 : 82.0"
"4,18 : 20.0"
"4,19 : 39.81"
"4,20 : 66.75"
"4,21 : 24.02"
"4,22 : 24.17"
"4,23 : 94.15"
"4,24 : 87.8"
"4,25 : 101.51"
"4,26 : 40.8"
"4,27 : 72.99"
"4,28 : 67.01"
"4,29 : 32.57"
"4,30 : 78.77"
"4,31 : 36.06"
"4,32 : 55.36"
"4,33 : 118.15"
"4,34 : 64.35"
"4,35 : 78.45"
"4,36 : 102.22"
"4,37 : 80.06"
"4,38 : 63.56"
"4,39 : 74.63"
"4,40 : 47.0"
"4,41 : 19.1"
"4,42 : 81.69"
"4,43 : 47.85"
"4,44 : 68.41"
"4,45 : 37.0"
"4,46 : 53.85"
"4,47 : 22.83"
"4,48 : 102.08"
"4,49 : 100.88"
"5,0 : 26.93"
"5,1 : 10.2"
"5,2 : 29.07"
"5,3 : 52.4"
"5,4 : 41.63"
"5,5 : 0.0"
"5,6 : 39.81"
"5,7 : 11.4"
"5,8 : 24.84"
"5,9 : 61.4"
"5,10 : 48.84"
"5,11 : 54.08"
"5,12 : 59.2"
"5,13 : 43.68"
"5,14 : 20.1"
"5,15 : 63.78"
"5,16 : 73.11"
"5,17 : 54.67"
"5,18 : 36.4"
"5,19 : 9.06"
"5,20 : 38.9"
"5,21 : 56.59"
"5,22 : 48.01"
"5,23 : 52.55"
"5,24 : 61.07"
"5,25 : 60.96"
"5,26 : 34.06"
"5,27 : 44.69"
"5,28 : 36.12"
"5,29 : 27.89"
"5,30 : 37.36"
"5,31 : 37.85"
"5,32 : 38.63"
"5,33 : 77.47"
"5,34 : 37.12"
"5,35 : 54.49"
"5,36 : 61.03"
"5,37 : 41.19"
"5,38 : 24.19"
"5,39 : 46.04"
"5,40 : 19.24"
"5,41 : 25.18"
"5,42 : 48.08"
"5,43 : 12.04"
"5,44 : 44.82"
"5,45 : 17.03"
"5,46 : 13.6"
"5,47 : 33.29"
"5,48 : 61.22"
"5,49 : 59.67"
"6,0 : 64.03"
"6,1 : 30.68"
"6,2 : 20.25"
"6,3 : 80.23"
"6,4 : 80.96"
"6,5 : 39.81"
"6,6 : 0.0"
"6,7 : 49.04"
"6,8 : 58.55"
"6,9 : 30.68"
"6,10 : 62.48"
"6,11 : 47.85"
"6,12 : 19.7"
"6,13 : 71.42"
"6,14 : 59.3"
"6,15 : 50.8"
"6,16 : 48.66"
"6,17 : 43.1"
"6,18 : 71.34"
"6,19 : 41.63"
"6,20 : 36.69"
"6,21 : 92.11"
"6,22 : 81.84"
"6,23 : 14.87"
"6,24 : 47.68"
"6,25 : 32.76"
"6,26 : 66.49"
"6,27 : 37.34"
"6,28 : 45.61"
"6,29 : 57.8"
"6,30 : 3.61"
"6,31 : 65.07"
"6,32 : 50.61"
"6,33 : 46.07"
"6,34 : 51.04"
"6,35 : 48.04"
"6,36 : 29.15"
"6,37 : 12.17"
"6,38 : 18.6"
"6,39 : 53.04"
"6,40 : 39.05"
"6,41 : 64.94"
"6,42 : 45.49"
"6,43 : 34.0"
"6,44 : 44.38"
"6,45 : 47.17"
"6,46 : 31.14"
"6,47 : 67.42"
"6,48 : 31.32"
"6,49 : 19.92"
"7,0 : 26.17"
"7,1 : 18.38"
"7,2 : 40.31"
"7,3 : 55.57"
"7,4 : 32.02"
"7,5 : 11.4"
"7,6 : 49.04"
"7,7 : 0.0"
"7,8 : 27.73"
"7,9 : 72.47"
"7,10 : 57.04"
"7,11 : 65.0"
"7,12 : 68.71"
"7,13 : 33.38"
"7,14 : 17.03"
"7,15 : 64.14"
"7,16 : 84.5"
"7,17 : 55.47"
"7,18 : 25.0"
"7,19 : 8.0"
"7,20 : 39.36"
"7,21 : 45.25"
"7,22 : 36.62"
"7,23 : 62.61"
"7,24 : 61.77"
"7,25 : 72.18"
"7,26 : 36.36"
"7,27 : 45.62"
"7,28 : 46.1"
"7,29 : 18.0"
"7,30 : 47.01"
"7,31 : 28.02"
"7,32 : 34.21"
"7,33 : 88.62"
"7,34 : 46.17"
"7,35 : 53.82"
"7,36 : 72.01"
"7,37 : 48.26"
"7,38 : 31.58"
"7,39 : 55.73"
"7,40 : 17.89"
"7,41 : 18.97"
"7,42 : 58.87"
"7,43 : 16.03"
"7,44 : 43.6"
"7,45 : 10.0"
"7,46 : 25.0"
"7,47 : 21.95"
"7,48 : 72.35"
"7,49 : 68.95"
"8,0 : 8.49"
"8,1 : 34.13"
"8,2 : 41.11"
"8,3 : 28.02"
"8,4 : 38.08"
"8,5 : 24.84"
"8,6 : 58.55"
"8,7 : 27.73"
"8,8 : 0.0"
"8,9 : 71.17"
"8,10 : 33.53"
"8,11 : 50.93"
"8,12 : 76.0"
"8,13 : 58.42"
"8,14 : 14.04"
"8,15 : 88.62"
"8,16 : 77.18"
"8,17 : 79.51"
"8,18 : 45.1"
"8,19 : 32.02"
"8,20 : 63.7"
"8,21 : 60.41"
"8,22 : 55.73"
"8,23 : 68.07"
"8,24 : 85.91"
"8,25 : 69.29"
"8,26 : 9.22"
"8,27 : 69.53"
"8,28 : 29.73"
"8,29 : 44.64"
"8,30 : 55.33"
"8,31 : 54.13"
"8,32 : 61.59"
"8,33 : 85.62"
"8,34 : 26.4"
"8,35 : 79.2"
"8,36 : 71.57"
"8,37 : 63.25"
"8,38 : 47.01"
"8,39 : 36.62"
"8,40 : 43.28"
"8,41 : 19.92"
"8,42 : 44.6"
"8,43 : 36.88"
"8,44 : 69.35"
"8,45 : 37.59"
"8,46 : 27.46"
"8,47 : 44.01"
"8,48 : 70.52"
"8,49 : 77.03"
"9,0 : 78.77"
"9,1 : 55.15"
"9,2 : 32.45"
"9,3 : 84.02"
"9,4 : 102.4"
"9,5 : 61.4"
"9,6 : 30.68"
"9,7 : 72.47"
"9,8 : 71.17"
"9,9 : 0.0"
"9,10 : 59.03"
"9,11 : 34.01"
"9,12 : 22.47"
"9,13 : 99.81"
"9,14 : 77.37"
"9,15 : 79.01"
"9,16 : 19.1"
"9,17 : 72.34"
"9,18 : 96.94"
"9,19 : 66.48"
"9,20 : 67.36"
"9,21 : 117.59"
"9,22 : 108.19"
"9,23 : 18.0"
"9,24 : 76.03"
"9,25 : 4.24"
"9,26 : 76.49"
"9,27 : 67.68"
"9,28 : 46.01"
"9,29 : 85.04"
"9,30 : 29.97"
"9,31 : 93.41"
"9,32 : 80.96"
"9,33 : 16.28"
"9,34 : 52.0"
"9,35 : 77.93"
"9,36 : 2.24"
"9,37 : 41.77"
"9,38 : 47.17"
"9,39 : 47.85"
"9,40 : 67.2"
"9,41 : 84.12"
"9,42 : 36.14"
"9,43 : 60.21"
"9,44 : 75.0"
"9,45 : 73.59"
"9,46 : 48.55"
"9,47 : 93.35"
"9,48 : 1.41"
"9,49 : 24.7"
"10,0 : 41.23"
"10,1 : 53.49"
"10,2 : 42.45"
"10,3 : 27.51"
"10,4 : 71.18"
"10,5 : 48.84"
"10,6 : 62.48"
"10,7 : 57.04"
"10,8 : 33.53"
"10,9 : 59.03"
"10,10 : 0.0"
"10,11 : 27.17"
"10,12 : 73.35"
"10,13 : 90.05"
"10,14 : 47.3"
"10,15 : 106.53"
"10,16 : 56.57"
"10,17 : 97.42"
"10,18 : 78.09"
"10,19 : 57.87"
"10,20 : 83.63"
"10,21 : 93.92"
"10,22 : 89.05"
"10,23 : 64.85"
"10,24 : 103.46"
"10,25 : 55.58"
"10,26 : 31.06"
"10,27 : 88.19"
"10,28 : 16.97"
"10,29 : 75.03"
"10,30 : 58.9"
"10,31 : 85.01"
"10,32 : 87.09"
"10,33 : 69.01"
"10,34 : 12.53"
"10,35 : 99.3"
"10,36 : 60.42"
"10,37 : 72.14"
"10,38 : 60.75"
"10,39 : 11.18"
"10,40 : 67.45"
"10,41 : 53.45"
"10,42 : 23.09"
"10,43 : 58.82"
"10,44 : 90.87"
"10,45 : 65.49"
"10,46 : 40.72"
"10,47 : 76.53"
"10,48 : 57.87"
"10,49 : 75.13"
"11,0 : 59.41"
"11,1 : 53.6"
"11,2 : 32.25"
"11,3 : 54.34"
"11,4 : 88.09"
"11,5 : 54.08"
"11,6 : 47.85"
"11,7 : 65.0"
"11,8 : 50.93"
"11,9 : 34.01"
"11,10 : 27.17"
"11,11 : 0.0"
"11,12 : 52.4"
"11,13 : 97.72"
"11,14 : 62.01"
"11,15 : 97.72"
"11,16 : 29.43"
"11,17 : 89.29"
"11,18 : 89.44"
"11,19 : 62.36"
"11,20 : 78.64"
"11,21 : 108.23"
"11,22 : 101.07"
"11,23 : 44.55"
"11,24 : 94.56"
"11,25 : 30.08"
"11,26 : 52.7"
"11,27 : 81.58"
"11,28 : 21.21"
"11,29 : 81.91"
"11,30 : 44.78"
"11,31 : 91.76"
"11,32 : 87.09"
"11,33 : 42.05"
"11,34 : 25.24"
"11,35 : 92.96"
"11,36 : 35.78"
"11,37 : 59.62"
"11,38 : 54.33"
"11,39 : 16.76"
"11,40 : 68.59"
"11,41 : 69.03"
"11,42 : 6.4"
"11,43 : 59.68"
"11,44 : 86.58"
"11,45 : 70.6"
"11,46 : 41.23"
"11,47 : 86.82"
"11,48 : 32.7"
"11,49 : 54.49"
"12,0 : 82.22"
"12,1 : 50.33"
"12,2 : 35.13"
"12,3 : 94.83"
"12,4 : 100.57"
"12,5 : 59.2"
"12,6 : 19.7"
"12,7 : 68.71"
"12,8 : 76.0"
"12,9 : 22.47"
"12,10 : 73.35"
"12,11 : 52.4"
"12,12 : 0.0"
"12,13 : 90.14"
"12,14 : 78.26"
"12,15 : 58.69"
"12,16 : 41.23"
"12,17 : 53.16"
"12,18 : 90.92"
"12,19 : 61.33"
"12,20 : 51.87"
"12,21 : 111.65"
"12,22 : 101.24"
"12,23 : 8.54"
"12,24 : 55.9"
"12,25 : 26.4"
"12,26 : 83.22"
"12,27 : 50.54"
"12,28 : 57.58"
"12,29 : 77.1"
"12,30 : 21.84"
"12,31 : 83.87"
"12,32 : 67.48"
"12,33 : 33.14"
"12,34 : 63.57"
"12,35 : 59.46"
"12,36 : 20.25"
"12,37 : 25.61"
"12,38 : 38.08"
"12,39 : 62.65"
"12,40 : 58.25"
"12,41 : 84.17"
"12,42 : 52.43"
"12,43 : 53.67"
"12,44 : 58.67"
"12,45 : 66.73"
"12,46 : 49.25"
"12,47 : 86.95"
"12,48 : 23.77"
"12,49 : 2.24"
"13,0 : 53.6"
"13,1 : 45.65"
"13,2 : 69.84"
"13,3 : 84.2"
"13,4 : 36.07"
"13,5 : 43.68"
"13,6 : 71.42"
"13,7 : 33.38"
"13,8 : 58.42"
"13,9 : 99.81"
"13,10 : 90.05"
"13,11 : 97.72"
"13,12 : 90.14"
"13,13 : 0.0"
"13,14 : 44.72"
"13,15 : 60.0"
"13,16 : 114.39"
"13,17 : 54.45"
"13,18 : 16.4"
"13,19 : 35.47"
"13,20 : 42.72"
"13,21 : 27.02"
"13,22 : 16.28"
"13,23 : 86.27"
"13,24 : 59.08"
"13,25 : 100.44"
"13,26 : 65.51"
"13,27 : 47.8"
"13,28 : 79.43"
"13,29 : 15.81"
"13,30 : 70.77"
"13,31 : 6.4"
"13,32 : 26.68"
"13,33 : 116.04"
"13,34 : 79.51"
"13,35 : 49.04"
"13,36 : 98.86"
"13,37 : 65.22"
"13,38 : 53.08"
"13,39 : 89.11"
"13,40 : 32.65"
"13,41 : 41.11"
"13,42 : 91.76"
"13,43 : 39.96"
"13,44 : 40.61"
"13,45 : 27.31"
"13,46 : 56.65"
"13,47 : 15.23"
"13,48 : 100.0"
"13,49 : 89.64"
"14,0 : 9.43"
"14,1 : 30.27"
"14,2 : 45.31"
"14,3 : 39.92"
"14,4 : 26.17"
"14,5 : 20.1"
"14,6 : 59.3"
"14,7 : 17.03"
"14,8 : 14.04"
"14,9 : 77.37"
"14,10 : 47.3"
"14,11 : 62.01"
"14,12 : 78.26"
"14,13 : 44.72"
"14,14 : 0.0"
"14,15 : 80.99"
"14,16 : 86.05"
"14,17 : 72.2"
"14,18 : 31.06"
"14,19 : 23.71"
"14,20 : 56.08"
"14,21 : 47.01"
"14,22 : 41.77"
"14,23 : 71.06"
"14,24 : 78.55"
"14,25 : 76.16"
"14,26 : 20.88"
"14,27 : 62.27"
"14,28 : 41.05"
"14,29 : 31.78"
"14,30 : 56.57"
"14,31 : 40.8"
"14,32 : 50.99"
"14,33 : 92.78"
"14,34 : 38.91"
"14,35 : 70.8"
"14,36 : 77.39"
"14,37 : 61.29"
"14,38 : 44.28"
"14,39 : 49.19"
"14,40 : 34.67"
"14,41 : 7.07"
"14,42 : 55.61"
"14,43 : 30.68"
"14,44 : 60.61"
"14,45 : 26.87"
"14,46 : 29.41"
"14,47 : 30.07"
"14,48 : 76.94"
"14,49 : 78.92"
"15,0 : 89.63"
"15,1 : 55.17"
"15,2 : 66.31"
"15,3 : 115.97"
"15,4 : 89.56"
"15,5 : 63.78"
"15,6 : 50.8"
"15,7 : 64.14"
"15,8 : 88.62"
"15,9 : 79.01"
"15,10 : 106.53"
"15,11 : 97.72"
"15,12 : 58.69"
"15,13 : 60.0"
"15,14 : 80.99"
"15,15 : 0.0"
"15,16 : 98.01"
"15,17 : 9.22"
"15,18 : 71.2"
"15,19 : 57.43"
"15,20 : 25.0"
"15,21 : 87.01"
"15,22 : 76.06"
"15,23 : 61.01"
"15,24 : 3.16"
"15,25 : 82.02"
"15,26 : 97.84"
"15,27 : 19.1"
"15,28 : 90.05"
"15,29 : 57.01"
"15,30 : 53.37"
"15,31 : 56.22"
"15,32 : 34.53"
"15,33 : 91.79"
"15,34 : 94.03"
"15,35 : 11.18"
"15,36 : 77.03"
"15,37 : 38.64"
"15,38 : 45.79"
"15,39 : 99.3"
"15,40 : 46.32"
"15,41 : 82.76"
"15,42 : 94.34"
"15,43 : 51.74"
"15,44 : 21.19"
"15,45 : 55.01"
"15,46 : 66.4"
"15,47 : 67.47"
"15,48 : 80.0"
"15,49 : 56.89"
"16,0 : 85.44"
"16,1 : 68.8"
"16,2 : 44.65"
"16,3 : 83.74"
"16,4 : 112.04"
"16,5 : 73.11"
"16,6 : 48.66"
"16,7 : 84.5"
"16,8 : 77.18"
"16,9 : 19.1"
"16,10 : 56.57"
"16,11 : 29.43"
"16,12 : 41.23"
"16,13 : 114.39"
"16,14 : 86.05"
"16,15 : 98.01"
"16,16 : 0.0"
"16,17 : 91.14"
"16,18 : 109.48"
"16,19 : 79.63"
"16,20 : 85.15"
"16,21 : 129.63"
"16,22 : 121.04"
"16,23 : 37.05"
"16,24 : 95.0"
"16,25 : 16.03"
"16,26 : 80.53"
"16,27 : 85.99"
"16,28 : 48.33"
"16,29 : 99.02"
"16,30 : 47.3"
"16,31 : 108.05"
"16,32 : 97.74"
"16,33 : 14.76"
"16,34 : 53.49"
"16,35 : 96.52"
"16,36 : 21.21"
"16,37 : 60.3"
"16,38 : 63.32"
"16,39 : 46.1"
"16,40 : 82.3"
"16,41 : 93.09"
"16,42 : 34.48"
"16,43 : 74.43"
"16,44 : 92.96"
"16,45 : 87.37"
"16,46 : 59.55"
"16,47 : 106.21"
"16,48 : 18.03"
"16,49 : 43.42"
"17,0 : 80.71"
"17,1 : 45.97"
"17,2 : 57.58"
"17,3 : 106.79"
"17,4 : 82.0"
"17,5 : 54.67"
"17,6 : 43.1"
"17,7 : 55.47"
"17,8 : 79.51"
"17,9 : 72.34"
"17,10 : 97.42"
"17,11 : 89.29"
"17,12 : 53.16"
"17,13 : 54.45"
"17,14 : 72.2"
"17,15 : 9.22"
"17,16 : 91.14"
"17,17 : 0.0"
"17,18 : 64.28"
"17,19 : 48.55"
"17,20 : 16.12"
"17,21 : 81.22"
"17,22 : 70.11"
"17,23 : 54.45"
"17,24 : 6.4"
"17,25 : 75.11"
"17,26 : 88.73"
"17,27 : 10.0"
"17,28 : 81.01"
"17,29 : 49.65"
"17,30 : 45.4"
"17,31 : 50.04"
"17,32 : 28.02"
"17,33 : 85.91"
"17,34 : 84.91"
"17,35 : 7.07"
"17,36 : 70.46"
"17,37 : 31.02"
"17,38 : 36.72"
"17,39 : 90.34"
"17,40 : 37.59"
"17,41 : 74.25"
"17,42 : 85.7"
"17,43 : 42.64"
"17,44 : 14.0"
"17,45 : 46.62"
"17,46 : 57.2"
"17,47 : 60.41"
"17,48 : 73.25"
"17,49 : 51.55"
"18,0 : 39.12"
"18,1 : 41.87"
"18,2 : 65.12"
"18,3 : 69.23"
"18,4 : 20.0"
"18,5 : 36.4"
"18,6 : 71.34"
"18,7 : 25.0"
"18,8 : 45.1"
"18,9 : 96.94"
"18,10 : 78.09"
"18,11 : 89.44"
"18,12 : 90.92"
"18,13 : 16.4"
"18,14 : 31.06"
"18,15 : 71.2"
"18,16 : 109.48"
"18,17 : 64.28"
"18,18 : 0.0"
"18,19 : 30.48"
"18,20 : 50.04"
"18,21 : 20.81"
"18,22 : 11.66"
"18,23 : 85.7"
"18,24 : 69.72"
"18,25 : 96.88"
"18,26 : 51.16"
"18,27 : 56.0"
"18,28 : 69.64"
"18,29 : 15.13"
"18,30 : 69.89"
"18,31 : 16.12"
"18,32 : 36.67"
"18,33 : 113.17"
"18,34 : 68.68"
"18,35 : 60.02"
"18,36 : 96.33"
"18,37 : 67.78"
"18,38 : 52.84"
"18,39 : 78.75"
"18,40 : 33.24"
"18,41 : 26.17"
"18,42 : 83.19"
"18,43 : 37.44"
"18,44 : 50.36"
"18,45 : 24.19"
"18,46 : 50.0"
"18,47 : 4.12"
"18,48 : 96.9"
"18,49 : 90.82"
"19,0 : 32.2"
"19,1 : 11.4"
"19,2 : 35.0"
"19,3 : 60.0"
"19,4 : 39.81"
"19,5 : 9.06"
"19,6 : 41.63"
"19,7 : 8.0"
"19,8 : 32.02"
"19,9 : 66.48"
"19,10 : 57.87"
"19,11 : 62.36"
"19,12 : 61.33"
"19,13 : 35.47"
"19,14 : 23.71"
"19,15 : 57.43"
"19,16 : 79.63"
"19,17 : 48.55"
"19,18 : 30.48"
"19,19 : 0.0"
"19,20 : 32.45"
"19,21 : 51.22"
"19,22 : 41.73"
"19,23 : 55.57"
"19,24 : 54.92"
"19,25 : 66.53"
"19,26 : 41.11"
"19,27 : 38.59"
"19,28 : 45.04"
"19,29 : 19.7"
"19,30 : 39.82"
"19,31 : 29.41"
"19,32 : 29.97"
"19,33 : 82.73"
"19,34 : 46.17"
"19,35 : 47.51"
"19,36 : 65.86"
"19,37 : 40.31"
"19,38 : 23.77"
"19,39 : 55.01"
"19,40 : 11.31"
"19,41 : 26.68"
"19,42 : 56.52"
"19,43 : 8.06"
"19,44 : 37.48"
"19,45 : 8.25"
"19,46 : 21.19"
"19,47 : 26.87"
"19,48 : 66.47"
"19,49 : 61.47"
"20,0 : 64.64"
"20,1 : 30.81"
"20,2 : 46.39"
"20,3 : 91.24"
"20,4 : 66.75"
"20,5 : 38.9"
"20,6 : 36.69"
"20,7 : 39.36"
"20,8 : 63.7"
"20,9 : 67.36"
"20,10 : 83.63"
"20,11 : 78.64"
"20,12 : 51.87"
"20,13 : 42.72"
"20,14 : 56.08"
"20,15 : 25.0"
"20,16 : 85.15"
"20,17 : 16.12"
"20,18 : 50.04"
"20,19 : 32.45"
"20,20 : 0.0"
"20,21 : 68.45"
"20,22 : 57.27"
"20,23 : 50.57"
"20,24 : 22.47"
"20,25 : 69.38"
"20,26 : 72.92"
"20,27 : 6.32"
"20,28 : 67.78"
"20,29 : 35.0"
"20,30 : 37.85"
"20,31 : 37.36"
"20,32 : 16.64"
"20,33 : 82.46"
"20,34 : 71.11"
"20,35 : 15.81"
"20,36 : 65.79"
"20,37 : 26.42"
"20,38 : 24.33"
"20,39 : 77.49"
"20,40 : 21.47"
"20,41 : 58.18"
"20,42 : 74.33"
"20,43 : 26.87"
"20,44 : 8.0"
"20,45 : 30.68"
"20,46 : 42.94"
"20,47 : 46.01"
"20,48 : 68.01"
"20,49 : 50.8"
"21,0 : 52.89"
"21,1 : 62.63"
"21,2 : 85.56"
"21,3 : 80.1"
"21,4 : 24.02"
"21,5 : 56.59"
"21,6 : 92.11"
"21,7 : 45.25"
"21,8 : 60.41"
"21,9 : 117.59"
"21,10 : 93.92"
"21,11 : 108.23"
"21,12 : 111.65"
"21,13 : 27.02"
"21,14 : 47.01"
"21,15 : 87.01"
"21,16 : 129.63"
"21,17 : 81.22"
"21,18 : 20.81"
"21,19 : 51.22"
"21,20 : 68.45"
"21,21 : 0.0"
"21,22 : 11.18"
"21,23 : 106.51"
"21,24 : 86.02"
"21,25 : 117.41"
"21,26 : 64.33"
"21,27 : 73.98"
"21,28 : 87.71"
"21,29 : 34.93"
"21,30 : 90.7"
"21,31 : 31.26"
"21,32 : 53.24"
"21,33 : 133.79"
"21,34 : 85.91"
"21,35 : 76.01"
"21,36 : 117.03"
"21,37 : 88.14"
"21,38 : 73.57"
"21,39 : 96.18"
"21,40 : 53.67"
"21,41 : 40.5"
"21,42 : 101.87"
"21,43 : 58.25"
"21,44 : 67.27"
"21,45 : 44.94"
"21,46 : 70.09"
"21,47 : 24.7"
"21,48 : 117.52"
"21,49 : 111.51"
"22,0 : 49.09"
"22,1 : 53.04"
"22,2 : 76.58"
"22,3 : 78.31"
"22,4 : 24.17"
"22,5 : 48.01"
"22,6 : 81.84"
"22,7 : 36.62"
"22,8 : 55.73"
"22,9 : 108.19"
"22,10 : 89.05"
"22,11 : 101.07"
"22,12 : 101.24"
"22,13 : 16.28"
"22,14 : 41.77"
"22,15 : 76.06"
"22,16 : 121.04"
"22,17 : 70.11"
"22,18 : 11.66"
"22,19 : 41.73"
"22,20 : 57.27"
"22,21 : 11.18"
"22,22 : 0.0"
"22,23 : 96.4"
"22,24 : 75.0"
"22,25 : 108.25"
"22,26 : 61.03"
"22,27 : 62.8"
"22,28 : 81.15"
"22,29 : 24.19"
"22,30 : 80.6"
"22,31 : 20.1"
"22,32 : 42.11"
"22,33 : 124.45"
"22,34 : 80.01"
"22,35 : 65.01"
"22,36 : 107.52"
"22,37 : 77.37"
"22,38 : 63.25"
"22,39 : 90.14"
"22,40 : 43.05"
"22,41 : 36.12"
"22,42 : 94.81"
"22,43 : 48.27"
"22,44 : 56.14"
"22,45 : 34.83"
"22,46 : 61.61"
"22,47 : 14.87"
"22,48 : 108.19"
"22,49 : 101.02"
"23,0 : 74.55"
"23,1 : 44.29"
"23,2 : 27.0"
"23,3 : 86.35"
"23,4 : 94.15"
"23,5 : 52.55"
"23,6 : 14.87"
"23,7 : 62.61"
"23,8 : 68.07"
"23,9 : 18.0"
"23,10 : 64.85"
"23,11 : 44.55"
"23,12 : 8.54"
"23,13 : 86.27"
"23,14 : 71.06"
"23,15 : 61.01"
"23,16 : 37.05"
"23,17 : 54.45"
"23,18 : 85.7"
"23,19 : 55.57"
"23,20 : 50.57"
"23,21 : 106.51"
"23,22 : 96.4"
"23,23 : 0.0"
"23,24 : 58.03"
"23,25 : 21.21"
"23,26 : 75.06"
"23,27 : 50.29"
"23,28 : 49.04"
"23,29 : 72.47"
"23,30 : 15.81"
"23,31 : 79.91"
"23,32 : 65.19"
"23,33 : 31.95"
"23,34 : 55.03"
"23,35 : 60.21"
"23,36 : 16.03"
"23,37 : 24.35"
"23,38 : 33.3"
"23,39 : 54.2"
"23,40 : 53.81"
"23,41 : 77.2"
"23,42 : 44.2"
"23,43 : 48.26"
"23,44 : 57.94"
"23,45 : 61.61"
"23,46 : 41.77"
"23,47 : 81.84"
"23,48 : 19.03"
"23,49 : 10.3"
"24,0 : 87.09"
"24,1 : 52.33"
"24,2 : 63.16"
"24,3 : 113.17"
"24,4 : 87.8"
"24,5 : 61.07"
"24,6 : 47.68"
"24,7 : 61.77"
"24,8 : 85.91"
"24,9 : 76.03"
"24,10 : 103.46"
"24,11 : 94.56"
"24,12 : 55.9"
"24,13 : 59.08"
"24,14 : 78.55"
"24,15 : 3.16"
"24,16 : 95.0"
"24,17 : 6.4"
"24,18 : 69.72"
"24,19 : 54.92"
"24,20 : 22.47"
"24,21 : 86.02"
"24,22 : 75.0"
"24,23 : 58.03"
"24,24 : 0.0"
"24,25 : 79.01"
"24,26 : 95.13"
"24,27 : 16.4"
"24,28 : 86.95"
"24,29 : 55.32"
"24,30 : 50.22"
"24,31 : 55.04"
"24,32 : 33.14"
"24,33 : 88.96"
"24,34 : 90.97"
"24,35 : 10.05"
"24,36 : 74.06"
"24,37 : 35.51"
"24,38 : 42.72"
"24,39 : 96.18"
"24,40 : 43.91"
"24,41 : 80.5"
"24,42 : 91.18"
"24,43 : 49.04"
"24,44 : 19.42"
"24,45 : 52.8"
"24,46 : 63.41"
"24,47 : 65.92"
"24,48 : 77.01"
"24,49 : 54.13"
"25,0 : 77.08"
"25,1 : 55.32"
"25,2 : 31.89"
"25,3 : 81.01"
"25,4 : 101.51"
"25,5 : 60.96"
"25,6 : 32.76"
"25,7 : 72.18"
"25,8 : 69.29"
"25,9 : 4.24"
"25,10 : 55.58"
"25,11 : 30.08"
"25,12 : 26.4"
"25,13 : 100.44"
"25,14 : 76.16"
"25,15 : 82.02"
"25,16 : 16.03"
"25,17 : 75.11"
"25,18 : 96.88"
"25,19 : 66.53"
"25,20 : 69.38"
"25,21 : 117.41"
"25,22 : 108.25"
"25,23 : 21.21"
"25,24 : 79.01"
"25,25 : 0.0"
"25,26 : 74.22"
"25,27 : 70.04"
"25,28 : 43.19"
"25,29 : 85.43"
"25,30 : 31.62"
"25,31 : 94.05"
"25,32 : 82.46"
"25,33 : 16.64"
"25,34 : 49.09"
"25,35 : 80.5"
"25,36 : 6.4"
"25,37 : 44.28"
"25,38 : 48.3"
"25,39 : 44.41"
"25,40 : 67.96"
"25,41 : 83.01"
"25,42 : 32.56"
"25,43 : 60.61"
"25,44 : 77.13"
"25,45 : 73.88"
"25,46 : 47.8"
"25,47 : 93.38"
"25,48 : 2.83"
"25,49 : 28.64"
"26,0 : 12.04"
"26,1 : 43.27"
"26,2 : 48.09"
"26,3 : 19.24"
"26,4 : 40.8"
"26,5 : 34.06"
"26,6 : 66.49"
"26,7 : 36.36"
"26,8 : 9.22"
"26,9 : 76.49"
"26,10 : 31.06"
"26,11 : 52.7"
"26,12 : 83.22"
"26,13 : 65.51"
"26,14 : 20.88"
"26,15 : 97.84"
"26,16 : 80.53"
"26,17 : 88.73"
"26,18 : 51.16"
"26,19 : 41.11"
"26,20 : 72.92"
"26,21 : 64.33"
"26,22 : 61.03"
"26,23 : 75.06"
"26,24 : 95.13"
"26,25 : 74.22"
"26,26 : 0.0"
"26,27 : 78.75"
"26,28 : 32.2"
"26,29 : 52.55"
"26,30 : 63.15"
"26,31 : 61.68"
"26,32 : 70.46"
"26,33 : 90.14"
"26,34 : 27.46"
"26,35 : 88.39"
"26,36 : 77.1"
"26,37 : 71.87"
"26,38 : 55.9"
"26,39 : 36.88"
"26,40 : 52.4"
"26,41 : 25.02"
"26,42 : 46.65"
"26,43 : 46.1"
"26,44 : 78.52"
"26,45 : 46.32"
"26,46 : 35.74"
"26,47 : 50.64"
"26,48 : 75.71"
"26,49 : 84.38"
"27,0 : 70.72"
"27,1 : 36.12"
"27,2 : 49.48"
"27,3 : 96.88"
"27,4 : 72.99"
"27,5 : 44.69"
"27,6 : 37.34"
"27,7 : 45.62"
"27,8 : 69.53"
"27,9 : 67.68"
"27,10 : 88.19"
"27,11 : 81.58"
"27,12 : 50.54"
"27,13 : 47.8"
"27,14 : 62.27"
"27,15 : 19.1"
"27,16 : 85.99"
"27,17 : 10.0"
"27,18 : 56.0"
"27,19 : 38.59"
"27,20 : 6.32"
"27,21 : 73.98"
"27,22 : 62.8"
"27,23 : 50.29"
"27,24 : 16.4"
"27,25 : 70.04"
"27,26 : 78.75"
"27,27 : 0.0"
"27,28 : 72.01"
"27,29 : 41.05"
"27,30 : 39.05"
"27,31 : 42.76"
"27,32 : 21.19"
"27,33 : 82.22"
"27,34 : 75.66"
"27,35 : 11.4"
"27,36 : 65.97"
"27,37 : 25.96"
"27,38 : 27.86"
"27,39 : 81.54"
"27,40 : 27.73"
"27,41 : 64.47"
"27,42 : 77.62"
"27,43 : 32.65"
"27,44 : 8.49"
"27,45 : 37.0"
"27,46 : 47.71"
"27,47 : 52.01"
"27,48 : 68.45"
"27,49 : 49.24"
"28,0 : 38.21"
"28,1 : 38.64"
"28,2 : 25.5"
"28,3 : 38.12"
"28,4 : 67.01"
"28,5 : 36.12"
"28,6 : 45.61"
"28,7 : 46.1"
"28,8 : 29.73"
"28,9 : 46.01"
"28,10 : 16.97"
"28,11 : 21.21"
"28,12 : 57.58"
"28,13 : 79.43"
"28,14 : 41.05"
"28,15 : 90.05"
"28,16 : 48.33"
"28,17 : 81.01"
"28,18 : 69.64"
"28,19 : 45.04"
"28,20 : 67.78"
"28,21 : 87.71"
"28,22 : 81.15"
"28,23 : 49.04"
"28,24 : 86.95"
"28,25 : 43.19"
"28,26 : 32.2"
"28,27 : 72.01"
"28,28 : 0.0"
"28,29 : 63.79"
"28,30 : 42.01"
"28,31 : 73.82"
"28,32 : 72.84"
"28,33 : 58.46"
"28,34 : 6.08"
"28,35 : 83.26"
"28,36 : 47.01"
"28,37 : 55.17"
"28,38 : 44.29"
"28,39 : 10.05"
"28,40 : 53.34"
"28,41 : 48.01"
"28,42 : 14.87"
"28,43 : 44.41"
"28,44 : 75.27"
"28,45 : 53.15"
"28,46 : 25.5"
"28,47 : 67.36"
"28,48 : 45.04"
"28,49 : 59.24"
"29,0 : 41.15"
"29,1 : 30.23"
"29,2 : 54.38"
"29,3 : 71.69"
"29,4 : 32.57"
"29,5 : 27.89"
"29,6 : 57.8"
"29,7 : 18.0"
"29,8 : 44.64"
"29,9 : 85.04"
"29,10 : 75.03"
"29,11 : 81.91"
"29,12 : 77.1"
"29,13 : 15.81"
"29,14 : 31.78"
"29,15 : 57.01"
"29,16 : 99.02"
"29,17 : 49.65"
"29,18 : 15.13"
"29,19 : 19.7"
"29,20 : 35.0"
"29,21 : 34.93"
"29,22 : 24.19"
"29,23 : 72.47"
"29,24 : 55.32"
"29,25 : 85.43"
"29,26 : 52.55"
"29,27 : 41.05"
"29,28 : 63.79"
"29,29 : 0.0"
"29,30 : 56.73"
"29,31 : 10.05"
"29,32 : 22.85"
"29,33 : 101.32"
"29,34 : 64.12"
"29,35 : 45.88"
"29,36 : 84.22"
"29,37 : 53.23"
"29,38 : 39.2"
"29,39 : 73.55"
"29,40 : 18.87"
"29,41 : 30.0"
"29,42 : 75.96"
"29,43 : 24.84"
"29,44 : 35.9"
"29,45 : 11.66"
"29,46 : 40.85"
"29,47 : 11.05"
"29,48 : 85.15"
"29,49 : 76.85"
"30,0 : 61.0"
"30,1 : 28.64"
"30,2 : 16.64"
"30,3 : 76.69"
"30,4 : 78.77"
"30,5 : 37.36"
"30,6 : 3.61"
"30,7 : 47.01"
"30,8 : 55.33"
"30,9 : 29.97"
"30,10 : 58.9"
"30,11 : 44.78"
"30,12 : 21.84"
"30,13 : 70.77"
"30,14 : 56.57"
"30,15 : 53.37"
"30,16 : 47.3"
"30,17 : 45.4"
"30,18 : 69.89"
"30,19 : 39.82"
"30,20 : 37.85"
"30,21 : 90.7"
"30,22 : 80.6"
"30,23 : 15.81"
"30,24 : 50.22"
"30,25 : 31.62"
"30,26 : 63.15"
"30,27 : 39.05"
"30,28 : 42.01"
"30,29 : 56.73"
"30,30 : 0.0"
"30,31 : 64.38"
"30,32 : 50.99"
"30,33 : 45.79"
"30,34 : 47.43"
"30,35 : 50.01"
"30,36 : 28.65"
"30,37 : 14.87"
"30,38 : 17.69"
"30,39 : 49.52"
"30,40 : 38.18"
"30,41 : 62.37"
"30,42 : 42.19"
"30,43 : 32.45"
"30,44 : 45.71"
"30,45 : 45.8"
"30,46 : 28.02"
"30,47 : 66.03"
"30,48 : 30.46"
"30,49 : 22.36"
"31,0 : 49.98"
"31,1 : 39.36"
"31,2 : 63.53"
"31,3 : 80.65"
"31,4 : 36.06"
"31,5 : 37.85"
"31,6 : 65.07"
"31,7 : 28.02"
"31,8 : 54.13"
"31,9 : 93.41"
"31,10 : 85.01"
"31,11 : 91.76"
"31,12 : 83.87"
"31,13 : 6.4"
"31,14 : 40.8"
"31,15 : 56.22"
"31,16 : 108.05"
"31,17 : 50.04"
"31,18 : 16.12"
"31,19 : 29.41"
"31,20 : 37.36"
"31,21 : 31.26"
"31,22 : 20.1"
"31,23 : 79.91"
"31,24 : 55.04"
"31,25 : 94.05"
"31,26 : 61.68"
"31,27 : 42.76"
"31,28 : 73.82"
"31,29 : 10.05"
"31,30 : 64.38"
"31,31 : 0.0"
"31,32 : 22.02"
"31,33 : 109.64"
"31,34 : 74.17"
"31,35 : 45.1"
"31,36 : 92.46"
"31,37 : 59.08"
"31,38 : 46.69"
"31,39 : 83.6"
"31,40 : 26.25"
"31,41 : 38.01"
"31,42 : 85.87"
"31,43 : 33.62"
"31,44 : 36.06"
"31,45 : 21.19"
"31,46 : 50.6"
"31,47 : 13.45"
"31,48 : 93.6"
"31,49 : 83.41"
"32,0 : 60.31"
"32,1 : 34.23"
"32,2 : 55.58"
"32,3 : 89.59"
"32,4 : 55.36"
"32,5 : 38.63"
"32,6 : 50.61"
"32,7 : 34.21"
"32,8 : 61.59"
"32,9 : 80.96"
"32,10 : 87.09"
"32,11 : 87.09"
"32,12 : 67.48"
"32,13 : 26.68"
"32,14 : 50.99"
"32,15 : 34.53"
"32,16 : 97.74"
"32,17 : 28.02"
"32,18 : 36.67"
"32,19 : 29.97"
"32,20 : 16.64"
"32,21 : 53.24"
"32,22 : 42.11"
"32,23 : 65.19"
"32,24 : 33.14"
"32,25 : 82.46"
"32,26 : 70.46"
"32,27 : 21.19"
"32,28 : 72.84"
"32,29 : 22.85"
"32,30 : 50.99"
"32,31 : 22.02"
"32,32 : 0.0"
"32,33 : 96.65"
"32,34 : 74.95"
"32,35 : 23.35"
"32,36 : 79.61"
"32,37 : 41.87"
"32,38 : 34.48"
"32,39 : 82.87"
"32,40 : 19.65"
"32,41 : 51.09"
"32,42 : 82.0"
"32,43 : 28.44"
"32,44 : 14.04"
"32,45 : 24.21"
"32,46 : 47.38"
"32,47 : 32.98"
"32,48 : 81.44"
"32,49 : 66.6"
"33,0 : 93.52"
"33,1 : 71.42"
"33,2 : 48.41"
"33,3 : 95.52"
"33,4 : 118.15"
"33,5 : 77.47"
"33,6 : 46.07"
"33,7 : 88.62"
"33,8 : 85.62"
"33,9 : 16.28"
"33,10 : 69.01"
"33,11 : 42.05"
"33,12 : 33.14"
"33,13 : 116.04"
"33,14 : 92.78"
"33,15 : 91.79"
"33,16 : 14.76"
"33,17 : 85.91"
"33,18 : 113.17"
"33,19 : 82.73"
"33,20 : 82.46"
"33,21 : 133.79"
"33,22 : 124.45"
"33,23 : 31.95"
"33,24 : 88.96"
"33,25 : 16.64"
"33,26 : 90.14"
"33,27 : 82.22"
"33,28 : 58.46"
"33,29 : 101.32"
"33,30 : 45.79"
"33,31 : 109.64"
"33,32 : 96.65"
"33,33 : 0.0"
"33,34 : 64.13"
"33,35 : 91.92"
"33,36 : 17.2"
"33,37 : 56.3"
"33,38 : 63.25"
"33,39 : 58.08"
"33,40 : 83.41"
"33,41 : 99.64"
"33,42 : 46.1"
"33,43 : 76.49"
"33,44 : 89.89"
"33,45 : 89.87"
"33,46 : 64.4"
"33,47 : 109.6"
"33,48 : 16.28"
"33,49 : 35.06"
"34,0 : 34.83"
"34,1 : 41.11"
"34,2 : 30.81"
"34,3 : 32.06"
"34,4 : 64.35"
"34,5 : 37.12"
"34,6 : 51.04"
"34,7 : 46.17"
"34,8 : 26.4"
"34,9 : 52.0"
"34,10 : 12.53"
"34,11 : 25.24"
"34,12 : 63.57"
"34,13 : 79.51"
"34,14 : 38.91"
"34,15 : 94.03"
"34,16 : 53.49"
"34,17 : 84.91"
"34,18 : 68.68"
"34,19 : 46.17"
"34,20 : 71.11"
"34,21 : 85.91"
"34,22 : 80.01"
"34,23 : 55.03"
"34,24 : 90.97"
"34,25 : 49.09"
"34,26 : 27.46"
"34,27 : 75.66"
"34,28 : 6.08"
"34,29 : 64.12"
"34,30 : 47.43"
"34,31 : 74.17"
"34,32 : 74.95"
"34,33 : 64.13"
"34,34 : 0.0"
"34,35 : 86.77"
"34,36 : 53.04"
"34,37 : 60.14"
"34,38 : 48.26"
"34,39 : 10.3"
"34,40 : 55.32"
"34,41 : 45.65"
"34,42 : 19.24"
"34,43 : 46.57"
"34,44 : 78.39"
"34,45 : 54.04"
"34,46 : 28.23"
"34,47 : 66.71"
"34,48 : 51.01"
"34,49 : 65.19"
"35,0 : 79.65"
"35,1 : 46.62"
"35,2 : 60.88"
"35,3 : 106.89"
"35,4 : 78.45"
"35,5 : 54.49"
"35,6 : 48.04"
"35,7 : 53.82"
"35,8 : 79.2"
"35,9 : 77.93"
"35,10 : 99.3"
"35,11 : 92.96"
"35,12 : 59.46"
"35,13 : 49.04"
"35,14 : 70.8"
"35,15 : 11.18"
"35,16 : 96.52"
"35,17 : 7.07"
"35,18 : 60.02"
"35,19 : 47.51"
"35,20 : 15.81"
"35,21 : 76.01"
"35,22 : 65.01"
"35,23 : 60.21"
"35,24 : 10.05"
"35,25 : 80.5"
"35,26 : 88.39"
"35,27 : 11.4"
"35,28 : 83.26"
"35,29 : 45.88"
"35,30 : 50.01"
"35,31 : 45.1"
"35,32 : 23.35"
"35,33 : 91.92"
"35,34 : 86.77"
"35,35 : 0.0"
"35,36 : 76.12"
"35,37 : 36.22"
"35,38 : 39.22"
"35,39 : 92.85"
"35,40 : 36.24"
"35,41 : 72.2"
"35,42 : 89.02"
"35,43 : 42.52"
"35,44 : 10.3"
"35,45 : 44.42"
"35,46 : 58.67"
"35,47 : 56.29"
"35,48 : 78.77"
"35,49 : 57.94"
"36,0 : 79.06"
"36,1 : 54.49"
"36,2 : 32.25"
"36,3 : 85.09"
"36,4 : 102.22"
"36,5 : 61.03"
"36,6 : 29.15"
"36,7 : 72.01"
"36,8 : 71.57"
"36,9 : 2.24"
"36,10 : 60.42"
"36,11 : 35.78"
"36,12 : 20.25"
"36,13 : 98.86"
"36,14 : 77.39"
"36,15 : 77.03"
"36,16 : 21.21"
"36,17 : 70.46"
"36,18 : 96.33"
"36,19 : 65.86"
"36,20 : 65.79"
"36,21 : 117.03"
"36,22 : 107.52"
"36,23 : 16.03"
"36,24 : 74.06"
"36,25 : 6.4"
"36,26 : 77.1"
"36,27 : 65.97"
"36,28 : 47.01"
"36,29 : 84.22"
"36,30 : 28.65"
"36,31 : 92.46"
"36,32 : 79.61"
"36,33 : 17.2"
"36,34 : 53.04"
"36,35 : 76.12"
"36,36 : 0.0"
"36,37 : 40.02"
"36,38 : 46.04"
"36,39 : 49.24"
"36,40 : 66.22"
"36,41 : 84.08"
"36,42 : 37.64"
"36,43 : 59.41"
"36,44 : 73.38"
"36,45 : 72.84"
"36,46 : 48.37"
"36,47 : 92.7"
"36,48 : 3.61"
"36,49 : 22.47"
"37,0 : 67.47"
"37,1 : 31.06"
"37,2 : 29.83"
"37,3 : 87.32"
"37,4 : 80.06"
"37,5 : 41.19"
"37,6 : 12.17"
"37,7 : 48.26"
"37,8 : 63.25"
"37,9 : 41.77"
"37,10 : 72.14"
"37,11 : 59.62"
"37,12 : 25.61"
"37,13 : 65.22"
"37,14 : 61.29"
"37,15 : 38.64"
"37,16 : 60.3"
"37,17 : 31.02"
"37,18 : 67.78"
"37,19 : 40.31"
"37,20 : 26.42"
"37,21 : 88.14"
"37,22 : 77.37"
"37,23 : 24.35"
"37,24 : 35.51"
"37,25 : 44.28"
"37,26 : 71.87"
"37,27 : 25.96"
"37,28 : 55.17"
"37,29 : 53.23"
"37,30 : 14.87"
"37,31 : 59.08"
"37,32 : 41.87"
"37,33 : 56.3"
"37,34 : 60.14"
"37,35 : 36.22"
"37,36 : 40.02"
"37,37 : 0.0"
"37,38 : 17.03"
"37,39 : 63.41"
"37,40 : 34.54"
"37,41 : 66.01"
"37,42 : 56.82"
"37,43 : 32.25"
"37,44 : 33.62"
"37,45 : 43.97"
"37,46 : 36.25"
"37,47 : 63.69"
"37,48 : 42.58"
"37,49 : 24.76"
"38,0 : 50.7"
"38,1 : 14.04"
"38,2 : 22.09"
"38,3 : 72.42"
"38,4 : 63.56"
"38,5 : 24.19"
"38,6 : 18.6"
"38,7 : 31.58"
"38,8 : 47.01"
"38,9 : 47.17"
"38,10 : 60.75"
"38,11 : 54.33"
"38,12 : 38.08"
"38,13 : 53.08"
"38,14 : 44.28"
"38,15 : 45.79"
"38,16 : 63.32"
"38,17 : 36.72"
"38,18 : 52.84"
"38,19 : 23.77"
"38,20 : 24.33"
"38,21 : 73.57"
"38,22 : 63.25"
"38,23 : 33.3"
"38,24 : 42.72"
"38,25 : 48.3"
"38,26 : 55.9"
"38,27 : 27.86"
"38,28 : 44.29"
"38,29 : 39.2"
"38,30 : 17.69"
"38,31 : 46.69"
"38,32 : 34.48"
"38,33 : 63.25"
"38,34 : 48.26"
"38,35 : 39.22"
"38,36 : 46.04"
"38,37 : 17.03"
"38,38 : 0.0"
"38,39 : 53.71"
"38,40 : 20.52"
"38,41 : 49.0"
"38,42 : 50.01"
"38,43 : 15.81"
"38,44 : 32.25"
"38,45 : 28.65"
"38,46 : 21.26"
"38,47 : 48.88"
"38,48 : 47.51"
"38,49 : 38.01"
"39,0 : 45.0"
"39,1 : 48.66"
"39,2 : 33.6"
"39,3 : 37.66"
"39,4 : 74.63"
"39,5 : 46.04"
"39,6 : 53.04"
"39,7 : 55.73"
"39,8 : 36.62"
"39,9 : 47.85"
"39,10 : 11.18"
"39,11 : 16.76"
"39,12 : 62.65"
"39,13 : 89.11"
"39,14 : 49.19"
"39,15 : 99.3"
"39,16 : 46.1"
"39,17 : 90.34"
"39,18 : 78.75"
"39,19 : 55.01"
"39,20 : 77.49"
"39,21 : 96.18"
"39,22 : 90.14"
"39,23 : 54.2"
"39,24 : 96.18"
"39,25 : 44.41"
"39,26 : 36.88"
"39,27 : 81.54"
"39,28 : 10.05"
"39,29 : 73.55"
"39,30 : 49.52"
"39,31 : 83.6"
"39,32 : 82.87"
"39,33 : 58.08"
"39,34 : 10.3"
"39,35 : 92.85"
"39,36 : 49.24"
"39,37 : 63.41"
"39,38 : 53.71"
"39,39 : 0.0"
"39,40 : 63.39"
"39,41 : 55.95"
"39,42 : 12.0"
"39,43 : 54.45"
"39,44 : 85.07"
"39,45 : 63.07"
"39,46 : 35.51"
"39,47 : 76.66"
"39,48 : 46.69"
"39,49 : 64.5"
"40,0 : 43.42"
"40,1 : 15.03"
"40,2 : 38.28"
"40,3 : 71.22"
"40,4 : 47.0"
"40,5 : 19.24"
"40,6 : 39.05"
"40,7 : 17.89"
"40,8 : 43.28"
"40,9 : 67.2"
"40,10 : 67.45"
"40,11 : 68.59"
"40,12 : 58.25"
"40,13 : 32.65"
"40,14 : 34.67"
"40,15 : 46.32"
"40,16 : 82.3"
"40,17 : 37.59"
"40,18 : 33.24"
"40,19 : 11.31"
"40,20 : 21.47"
"40,21 : 53.67"
"40,22 : 43.05"
"40,23 : 53.81"
"40,24 : 43.91"
"40,25 : 67.96"
"40,26 : 52.4"
"40,27 : 27.73"
"40,28 : 53.34"
"40,29 : 18.87"
"40,30 : 38.18"
"40,31 : 26.25"
"40,32 : 19.65"
"40,33 : 83.41"
"40,34 : 55.32"
"40,35 : 36.24"
"40,36 : 66.22"
"40,37 : 34.54"
"40,38 : 20.52"
"40,39 : 63.39"
"40,40 : 0.0"
"40,41 : 36.77"
"40,42 : 63.2"
"40,43 : 9.0"
"40,44 : 26.17"
"40,45 : 10.0"
"40,46 : 28.02"
"40,47 : 29.15"
"40,48 : 67.42"
"40,49 : 57.98"
"41,0 : 13.0"
"41,1 : 35.01"
"41,2 : 51.89"
"41,3 : 43.17"
"41,4 : 19.1"
"41,5 : 25.18"
"41,6 : 64.94"
"41,7 : 18.97"
"41,8 : 19.92"
"41,9 : 84.12"
"41,10 : 53.45"
"41,11 : 69.03"
"41,12 : 84.17"
"41,13 : 41.11"
"41,14 : 7.07"
"41,15 : 82.76"
"41,16 : 93.09"
"41,17 : 74.25"
"41,18 : 26.17"
"41,19 : 26.68"
"41,20 : 58.18"
"41,21 : 40.5"
"41,22 : 36.12"
"41,23 : 77.2"
"41,24 : 80.5"
"41,25 : 83.01"
"41,26 : 25.02"
"41,27 : 64.47"
"41,28 : 48.01"
"41,29 : 30.0"
"41,30 : 62.37"
"41,31 : 38.01"
"41,32 : 51.09"
"41,33 : 99.64"
"41,34 : 45.65"
"41,35 : 72.2"
"41,36 : 84.08"
"41,37 : 66.01"
"41,38 : 49.0"
"41,39 : 55.95"
"41,40 : 36.77"
"41,41 : 0.0"
"41,42 : 62.63"
"41,43 : 34.37"
"41,44 : 61.91"
"41,45 : 27.78"
"41,46 : 35.85"
"41,47 : 25.96"
"41,48 : 83.73"
"41,49 : 84.72"
"42,0 : 53.08"
"42,1 : 48.17"
"42,2 : 28.16"
"42,3 : 49.5"
"42,4 : 81.69"
"42,5 : 48.08"
"42,6 : 45.49"
"42,7 : 58.87"
"42,8 : 44.6"
"42,9 : 36.14"
"42,10 : 23.09"
"42,11 : 6.4"
"42,12 : 52.43"
"42,13 : 91.76"
"42,14 : 55.61"
"42,15 : 94.34"
"42,16 : 34.48"
"42,17 : 85.7"
"42,18 : 83.19"
"42,19 : 56.52"
"42,20 : 74.33"
"42,21 : 101.87"
"42,22 : 94.81"
"42,23 : 44.2"
"42,24 : 91.18"
"42,25 : 32.56"
"42,26 : 46.65"
"42,27 : 77.62"
"42,28 : 14.87"
"42,29 : 75.96"
"42,30 : 42.19"
"42,31 : 85.87"
"42,32 : 82.0"
"42,33 : 46.1"
"42,34 : 19.24"
"42,35 : 89.02"
"42,36 : 37.64"
"42,37 : 56.82"
"42,38 : 50.01"
"42,39 : 12.0"
"42,40 : 63.2"
"42,41 : 62.63"
"42,42 : 0.0"
"42,43 : 54.23"
"42,44 : 82.2"
"42,45 : 64.76"
"42,46 : 35.51"
"42,47 : 80.62"
"42,48 : 34.93"
"42,49 : 54.41"
"43,0 : 38.47"
"43,1 : 6.08"
"43,2 : 29.97"
"43,3 : 64.38"
"43,4 : 47.85"
"43,5 : 12.04"
"43,6 : 34.0"
"43,7 : 16.03"
"43,8 : 36.88"
"43,9 : 60.21"
"43,10 : 58.82"
"43,11 : 59.68"
"43,12 : 53.67"
"43,13 : 39.96"
"43,14 : 30.68"
"43,15 : 51.74"
"43,16 : 74.43"
"43,17 : 42.64"
"43,18 : 37.44"
"43,19 : 8.06"
"43,20 : 26.87"
"43,21 : 58.25"
"43,22 : 48.27"
"43,23 : 48.26"
"43,24 : 49.04"
"43,25 : 60.61"
"43,26 : 46.1"
"43,27 : 32.65"
"43,28 : 44.41"
"43,29 : 24.84"
"43,30 : 32.45"
"43,31 : 33.62"
"43,32 : 28.44"
"43,33 : 76.49"
"43,34 : 46.57"
"43,35 : 42.52"
"43,36 : 59.41"
"43,37 : 32.25"
"43,38 : 15.81"
"43,39 : 54.45"
"43,40 : 9.0"
"43,41 : 34.37"
"43,42 : 54.23"
"43,43 : 0.0"
"43,44 : 33.02"
"43,45 : 13.45"
"43,46 : 19.03"
"43,47 : 33.6"
"43,48 : 60.31"
"43,49 : 53.71"
"44,0 : 69.53"
"44,1 : 37.59"
"44,2 : 54.33"
"44,3 : 97.19"
"44,4 : 68.41"
"44,5 : 44.82"
"44,6 : 44.38"
"44,7 : 43.6"
"44,8 : 69.35"
"44,9 : 75.0"
"44,10 : 90.87"
"44,11 : 86.58"
"44,12 : 58.67"
"44,13 : 40.61"
"44,14 : 60.61"
"44,15 : 21.19"
"44,16 : 92.96"
"44,17 : 14.0"
"44,18 : 50.36"
"44,19 : 37.48"
"44,20 : 8.0"
"44,21 : 67.27"
"44,22 : 56.14"
"44,23 : 57.94"
"44,24 : 19.42"
"44,25 : 77.13"
"44,26 : 78.52"
"44,27 : 8.49"
"44,28 : 75.27"
"44,29 : 35.9"
"44,30 : 45.71"
"44,31 : 36.06"
"44,32 : 14.04"
"44,33 : 89.89"
"44,34 : 78.39"
"44,35 : 10.3"
"44,36 : 73.38"
"44,37 : 33.62"
"44,38 : 32.25"
"44,39 : 85.07"
"44,40 : 26.17"
"44,41 : 61.91"
"44,42 : 82.2"
"44,43 : 33.02"
"44,44 : 0.0"
"44,45 : 34.13"
"44,46 : 50.16"
"44,47 : 46.53"
"44,48 : 75.69"
"44,49 : 57.45"
"45,0 : 36.12"
"45,1 : 18.6"
"45,2 : 42.72"
"45,3 : 65.51"
"45,4 : 37.0"
"45,5 : 17.03"
"45,6 : 47.17"
"45,7 : 10.0"
"45,8 : 37.59"
"45,9 : 73.59"
"45,10 : 65.49"
"45,11 : 70.6"
"45,12 : 66.73"
"45,13 : 27.31"
"45,14 : 26.87"
"45,15 : 55.01"
"45,16 : 87.37"
"45,17 : 46.62"
"45,18 : 24.19"
"45,19 : 8.25"
"45,20 : 30.68"
"45,21 : 44.94"
"45,22 : 34.83"
"45,23 : 61.61"
"45,24 : 52.8"
"45,25 : 73.88"
"45,26 : 46.32"
"45,27 : 37.0"
"45,28 : 53.15"
"45,29 : 11.66"
"45,30 : 45.8"
"45,31 : 21.19"
"45,32 : 24.21"
"45,33 : 89.87"
"45,34 : 54.04"
"45,35 : 44.42"
"45,36 : 72.84"
"45,37 : 43.97"
"45,38 : 28.65"
"45,39 : 63.07"
"45,40 : 10.0"
"45,41 : 27.78"
"45,42 : 64.76"
"45,43 : 13.45"
"45,44 : 34.13"
"45,45 : 0.0"
"45,46 : 29.41"
"45,47 : 20.25"
"45,48 : 73.66"
"45,49 : 66.65"
"46,0 : 33.02"
"46,1 : 13.15"
"46,2 : 16.12"
"46,3 : 51.31"
"46,4 : 53.85"
"46,5 : 13.6"
"46,6 : 31.14"
"46,7 : 25.0"
"46,8 : 27.46"
"46,9 : 48.55"
"46,10 : 40.72"
"46,11 : 41.23"
"46,12 : 49.25"
"46,13 : 56.65"
"46,14 : 29.41"
"46,15 : 66.4"
"46,16 : 59.55"
"46,17 : 57.2"
"46,18 : 50.0"
"46,19 : 21.19"
"46,20 : 42.94"
"46,21 : 70.09"
"46,22 : 61.61"
"46,23 : 41.77"
"46,24 : 63.41"
"46,25 : 47.8"
"46,26 : 35.74"
"46,27 : 47.71"
"46,28 : 25.5"
"46,29 : 40.85"
"46,30 : 28.02"
"46,31 : 50.6"
"46,32 : 47.38"
"46,33 : 64.4"
"46,34 : 28.23"
"46,35 : 58.67"
"46,36 : 48.37"
"46,37 : 36.25"
"46,38 : 21.26"
"46,39 : 35.51"
"46,40 : 28.02"
"46,41 : 35.85"
"46,42 : 35.51"
"46,43 : 19.03"
"46,44 : 50.16"
"46,45 : 29.41"
"46,46 : 0.0"
"46,47 : 46.87"
"46,48 : 48.26"
"46,49 : 50.09"
"47,0 : 38.64"
"47,1 : 38.21"
"47,2 : 61.72"
"47,3 : 69.12"
"47,4 : 22.83"
"47,5 : 33.29"
"47,6 : 67.42"
"47,7 : 21.95"
"47,8 : 44.01"
"47,9 : 93.35"
"47,10 : 76.53"
"47,11 : 86.82"
"47,12 : 86.95"
"47,13 : 15.23"
"47,14 : 30.07"
"47,15 : 67.47"
"47,16 : 106.21"
"47,17 : 60.41"
"47,18 : 4.12"
"47,19 : 26.87"
"47,20 : 46.01"
"47,21 : 24.7"
"47,22 : 14.87"
"47,23 : 81.84"
"47,24 : 65.92"
"47,25 : 93.38"
"47,26 : 50.64"
"47,27 : 52.01"
"47,28 : 67.36"
"47,29 : 11.05"
"47,30 : 66.03"
"47,31 : 13.45"
"47,32 : 32.98"
"47,33 : 109.6"
"47,34 : 66.71"
"47,35 : 56.29"
"47,36 : 92.7"
"47,37 : 63.69"
"47,38 : 48.88"
"47,39 : 76.66"
"47,40 : 29.15"
"47,41 : 25.96"
"47,42 : 80.62"
"47,43 : 33.6"
"47,44 : 46.53"
"47,45 : 20.25"
"47,46 : 46.87"
"47,47 : 0.0"
"47,48 : 93.34"
"47,49 : 86.83"
"48,0 : 78.19"
"48,1 : 55.17"
"48,2 : 32.2"
"48,3 : 83.01"
"48,4 : 102.08"
"48,5 : 61.22"
"48,6 : 31.32"
"48,7 : 72.35"
"48,8 : 70.52"
"48,9 : 1.41"
"48,10 : 57.87"
"48,11 : 32.7"
"48,12 : 23.77"
"48,13 : 100.0"
"48,14 : 76.94"
"48,15 : 80.0"
"48,16 : 18.03"
"48,17 : 73.25"
"48,18 : 96.9"
"48,19 : 66.47"
"48,20 : 68.01"
"48,21 : 117.52"
"48,22 : 108.19"
"48,23 : 19.03"
"48,24 : 77.01"
"48,25 : 2.83"
"48,26 : 75.71"
"48,27 : 68.45"
"48,28 : 45.04"
"48,29 : 85.15"
"48,30 : 30.46"
"48,31 : 93.6"
"48,32 : 81.44"
"48,33 : 16.28"
"48,34 : 51.01"
"48,35 : 78.77"
"48,36 : 3.61"
"48,37 : 42.58"
"48,38 : 47.51"
"48,39 : 46.69"
"48,40 : 67.42"
"48,41 : 83.73"
"48,42 : 34.93"
"48,43 : 60.31"
"48,44 : 75.69"
"48,45 : 73.66"
"48,46 : 48.26"
"48,47 : 93.34"
"48,48 : 0.0"
"48,49 : 26.0"
"49,0 : 83.1"
"49,1 : 50.6"
"49,2 : 36.35"
"49,3 : 96.3"
"49,4 : 100.88"
"49,5 : 59.67"
"49,6 : 19.92"
"49,7 : 68.95"
"49,8 : 77.03"
"49,9 : 24.7"
"49,10 : 75.13"
"49,11 : 54.49"
"49,12 : 2.24"
"49,13 : 89.64"
"49,14 : 78.92"
"49,15 : 56.89"
"49,16 : 43.42"
"49,17 : 51.55"
"49,18 : 90.82"
"49,19 : 61.47"
"49,20 : 50.8"
"49,21 : 111.51"
"49,22 : 101.02"
"49,23 : 10.3"
"49,24 : 54.13"
"49,25 : 28.64"
"49,26 : 84.38"
"49,27 : 49.24"
"49,28 : 59.24"
"49,29 : 76.85"
"49,30 : 22.36"
"49,31 : 83.41"
"49,32 : 66.6"
"49,33 : 35.06"
"49,34 : 65.19"
"49,35 : 57.94"
"49,36 : 22.47"
"49,37 : 24.76"
"49,38 : 38.01"
"49,39 : 64.5"
"49,40 : 57.98"
"49,41 : 84.72"
"49,42 : 54.41"
"49,43 : 53.71"
"49,44 : 57.45"
"49,45 : 66.65"
"49,46 : 50.09"
"49,47 : 86.83"
"49,48 : 26.0"
"49,49 : 0.0"
