x,y
79,42
65,63
41,58
81,59
24,70
93,36
36,39
50,76
66,99
86,81
17,48
100,24
73,53
45,59
73,37
75,50
100,50
59,41
91,90
73,85
81,28
19,28
33,69
25,84
95,67
43,45
64,100
13,61
81,64
4,4
99,51
86,3
12,16
39,0
51,40
91,92
48,42
18,44
70,47
86,0
30,29
12,75
96,19
0,3
7,81
46,96
84,22
67,93
91,7
18,81

Distanze
"0,0 : 0.0"
"0,1 : 25.24"
"0,2 : 41.23"
"0,3 : 17.12"
"0,4 : 61.72"
"0,5 : 15.23"
"0,6 : 43.1"
"0,7 : 44.69"
"0,8 : 58.46"
"0,9 : 39.62"
"0,10 : 62.29"
"0,11 : 27.66"
"0,12 : 12.53"
"0,13 : 38.01"
"0,14 : 7.81"
"0,15 : 8.94"
"0,16 : 22.47"
"0,17 : 20.02"
"0,18 : 49.48"
"0,19 : 43.42"
"0,20 : 14.14"
"0,21 : 61.61"
"0,22 : 53.34"
"0,23 : 68.41"
"0,24 : 29.68"
"0,25 : 36.12"
"0,26 : 59.91"
"0,27 : 68.68"
"0,28 : 22.09"
"0,29 : 84.08"
"0,30 : 21.93"
"0,31 : 39.62"
"0,32 : 71.87"
"0,33 : 58.0"
"0,34 : 28.07"
"0,35 : 51.42"
"0,36 : 31.0"
"0,37 : 61.03"
"0,38 : 10.3"
"0,39 : 42.58"
"0,40 : 50.7"
"0,41 : 74.69"
"0,42 : 28.6"
"0,43 : 88.1"
"0,44 : 81.88"
"0,45 : 63.29"
"0,46 : 20.62"
"0,47 : 52.39"
"0,48 : 37.0"
"0,49 : 72.4"
"1,0 : 25.24"
"1,1 : 0.0"
"1,2 : 24.52"
"1,3 : 16.49"
"1,4 : 41.59"
"1,5 : 38.9"
"1,6 : 37.64"
"1,7 : 19.85"
"1,8 : 36.01"
"1,9 : 27.66"
"1,10 : 50.29"
"1,11 : 52.4"
"1,12 : 12.81"
"1,13 : 20.4"
"1,14 : 27.2"
"1,15 : 16.4"
"1,16 : 37.34"
"1,17 : 22.8"
"1,18 : 37.48"
"1,19 : 23.41"
"1,20 : 38.48"
"1,21 : 57.8"
"1,22 : 32.56"
"1,23 : 45.18"
"1,24 : 30.27"
"1,25 : 28.43"
"1,26 : 37.01"
"1,27 : 52.04"
"1,28 : 16.03"
"1,29 : 84.86"
"1,30 : 36.06"
"1,31 : 63.57"
"1,32 : 70.84"
"1,33 : 68.15"
"1,34 : 26.93"
"1,35 : 38.95"
"1,36 : 27.02"
"1,37 : 50.7"
"1,38 : 16.76"
"1,39 : 66.41"
"1,40 : 48.8"
"1,41 : 54.34"
"1,42 : 53.82"
"1,43 : 88.46"
"1,44 : 60.73"
"1,45 : 38.08"
"1,46 : 45.19"
"1,47 : 30.07"
"1,48 : 61.74"
"1,49 : 50.33"
"2,0 : 41.23"
"2,1 : 24.52"
"2,2 : 0.0"
"2,3 : 40.01"
"2,4 : 20.81"
"2,5 : 56.46"
"2,6 : 19.65"
"2,7 : 20.12"
"2,8 : 48.02"
"2,9 : 50.54"
"2,10 : 26.0"
"2,11 : 68.1"
"2,12 : 32.39"
"2,13 : 4.12"
"2,14 : 38.28"
"2,15 : 34.93"
"2,16 : 59.54"
"2,17 : 24.76"
"2,18 : 59.36"
"2,19 : 41.87"
"2,20 : 50.0"
"2,21 : 37.2"
"2,22 : 13.6"
"2,23 : 30.53"
"2,24 : 54.74"
"2,25 : 13.15"
"2,26 : 47.89"
"2,27 : 28.16"
"2,28 : 40.45"
"2,29 : 65.46"
"2,30 : 58.42"
"2,31 : 71.06"
"2,32 : 51.04"
"2,33 : 58.03"
"2,34 : 20.59"
"2,35 : 60.46"
"2,36 : 17.46"
"2,37 : 26.93"
"2,38 : 31.02"
"2,39 : 73.41"
"2,40 : 31.02"
"2,41 : 33.62"
"2,42 : 67.42"
"2,43 : 68.6"
"2,44 : 41.05"
"2,45 : 38.33"
"2,46 : 56.08"
"2,47 : 43.6"
"2,48 : 71.42"
"2,49 : 32.53"
"3,0 : 17.12"
"3,1 : 16.49"
"3,2 : 40.01"
"3,3 : 0.0"
"3,4 : 58.05"
"3,5 : 25.94"
"3,6 : 49.24"
"3,7 : 35.36"
"3,8 : 42.72"
"3,9 : 22.56"
"3,10 : 64.94"
"3,11 : 39.82"
"3,12 : 10.0"
"3,13 : 36.0"
"3,14 : 23.41"
"3,15 : 10.82"
"3,16 : 21.02"
"3,17 : 28.43"
"3,18 : 32.57"
"3,19 : 27.2"
"3,20 : 31.0"
"3,21 : 69.32"
"3,22 : 49.03"
"3,23 : 61.33"
"3,24 : 16.12"
"3,25 : 40.5"
"3,26 : 44.38"
"3,27 : 68.03"
"3,28 : 5.0"
"3,29 : 94.63"
"3,30 : 19.7"
"3,31 : 56.22"
"3,32 : 81.3"
"3,33 : 72.42"
"3,34 : 35.51"
"3,35 : 34.48"
"3,36 : 37.12"
"3,37 : 64.76"
"3,38 : 16.28"
"3,39 : 59.21"
"3,40 : 59.17"
"3,41 : 70.83"
"3,42 : 42.72"
"3,43 : 98.47"
"3,44 : 77.2"
"3,45 : 50.93"
"3,46 : 37.12"
"3,47 : 36.77"
"3,48 : 52.95"
"3,49 : 66.73"
"4,0 : 61.72"
"4,1 : 41.59"
"4,2 : 20.81"
"4,3 : 58.05"
"4,4 : 0.0"
"4,5 : 76.92"
"4,6 : 33.24"
"4,7 : 26.68"
"4,8 : 51.04"
"4,9 : 62.97"
"4,10 : 23.09"
"4,11 : 88.84"
"4,12 : 51.87"
"4,13 : 23.71"
"4,14 : 59.08"
"4,15 : 54.78"
"4,16 : 78.59"
"4,17 : 45.45"
"4,18 : 69.92"
"4,19 : 51.24"
"4,20 : 70.8"
"4,21 : 42.3"
"4,22 : 9.06"
"4,23 : 14.04"
"4,24 : 71.06"
"4,25 : 31.4"
"4,26 : 50.0"
"4,27 : 14.21"
"4,28 : 57.31"
"4,29 : 68.96"
"4,30 : 77.37"
"4,31 : 91.29"
"4,32 : 55.32"
"4,33 : 71.59"
"4,34 : 40.36"
"4,35 : 70.52"
"4,36 : 36.88"
"4,37 : 26.68"
"4,38 : 51.43"
"4,39 : 93.51"
"4,40 : 41.44"
"4,41 : 13.0"
"4,42 : 88.23"
"4,43 : 71.17"
"4,44 : 20.25"
"4,45 : 34.06"
"4,46 : 76.84"
"4,47 : 48.76"
"4,48 : 91.97"
"4,49 : 12.53"
"5,0 : 15.23"
"5,1 : 38.9"
"5,2 : 56.46"
"5,3 : 25.94"
"5,4 : 76.92"
"5,5 : 0.0"
"5,6 : 57.08"
"5,7 : 58.73"
"5,8 : 68.54"
"5,9 : 45.54"
"5,10 : 76.94"
"5,11 : 13.89"
"5,12 : 26.25"
"5,13 : 53.23"
"5,14 : 20.02"
"5,15 : 22.8"
"5,16 : 15.65"
"5,17 : 34.37"
"5,18 : 54.04"
"5,19 : 52.92"
"5,20 : 14.42"
"5,21 : 74.43"
"5,22 : 68.48"
"5,23 : 83.23"
"5,24 : 31.06"
"5,25 : 50.8"
"5,26 : 70.26"
"5,27 : 83.82"
"5,28 : 30.46"
"5,29 : 94.58"
"5,30 : 16.16"
"5,31 : 33.73"
"5,32 : 83.43"
"5,33 : 64.9"
"5,34 : 42.19"
"5,35 : 56.04"
"5,36 : 45.4"
"5,37 : 75.43"
"5,38 : 25.5"
"5,39 : 36.67"
"5,40 : 63.39"
"5,41 : 89.9"
"5,42 : 17.26"
"5,43 : 98.68"
"5,44 : 97.06"
"5,45 : 76.22"
"5,46 : 16.64"
"5,47 : 62.65"
"5,48 : 29.07"
"5,49 : 87.46"
"6,0 : 43.1"
"6,1 : 37.64"
"6,2 : 19.65"
"6,3 : 49.24"
"6,4 : 33.24"
"6,5 : 57.08"
"6,6 : 0.0"
"6,7 : 39.56"
"6,8 : 67.08"
"6,9 : 65.3"
"6,10 : 21.02"
"6,11 : 65.73"
"6,12 : 39.56"
"6,13 : 21.93"
"6,14 : 37.05"
"6,15 : 40.52"
"6,16 : 64.94"
"6,17 : 23.09"
"6,18 : 75.01"
"6,19 : 59.03"
"6,20 : 46.32"
"6,21 : 20.25"
"6,22 : 30.15"
"6,23 : 46.32"
"6,24 : 65.31"
"6,25 : 9.22"
"6,26 : 67.12"
"6,27 : 31.83"
"6,28 : 51.48"
"6,29 : 47.42"
"6,30 : 64.13"
"6,31 : 61.61"
"6,32 : 33.24"
"6,33 : 39.12"
"6,34 : 15.03"
"6,35 : 76.38"
"6,36 : 12.37"
"6,37 : 18.68"
"6,38 : 34.93"
"6,39 : 63.41"
"6,40 : 11.66"
"6,41 : 43.27"
"6,42 : 63.25"
"6,43 : 50.91"
"6,44 : 51.04"
"6,45 : 57.87"
"6,46 : 50.92"
"6,47 : 62.27"
"6,48 : 63.63"
"6,49 : 45.69"
"7,0 : 44.69"
"7,1 : 19.85"
"7,2 : 20.12"
"7,3 : 35.36"
"7,4 : 26.68"
"7,5 : 58.73"
"7,6 : 39.56"
"7,7 : 0.0"
"7,8 : 28.02"
"7,9 : 36.35"
"7,10 : 43.28"
"7,11 : 72.14"
"7,12 : 32.53"
"7,13 : 17.72"
"7,14 : 45.28"
"7,15 : 36.07"
"7,16 : 56.36"
"7,17 : 36.14"
"7,18 : 43.32"
"7,19 : 24.7"
"7,20 : 57.14"
"7,21 : 57.14"
"7,22 : 18.38"
"7,23 : 26.25"
"7,24 : 45.89"
"7,25 : 31.78"
"7,26 : 27.78"
"7,27 : 39.92"
"7,28 : 33.24"
"7,29 : 85.44"
"7,30 : 55.01"
"7,31 : 81.39"
"7,32 : 71.02"
"7,33 : 76.79"
"7,34 : 36.01"
"7,35 : 44.01"
"7,36 : 34.06"
"7,37 : 45.25"
"7,38 : 35.23"
"7,39 : 84.1"
"7,40 : 51.08"
"7,41 : 38.01"
"7,42 : 73.25"
"7,43 : 88.48"
"7,44 : 43.29"
"7,45 : 20.4"
"7,46 : 63.81"
"7,47 : 24.04"
"7,48 : 80.26"
"7,49 : 32.39"
"8,0 : 58.46"
"8,1 : 36.01"
"8,2 : 48.02"
"8,3 : 42.72"
"8,4 : 51.04"
"8,5 : 68.54"
"8,6 : 67.08"
"8,7 : 28.02"
"8,8 : 0.0"
"8,9 : 26.91"
"8,10 : 70.72"
"8,11 : 82.35"
"8,12 : 46.53"
"8,13 : 45.18"
"8,14 : 62.39"
"8,15 : 49.82"
"8,16 : 59.64"
"8,17 : 58.42"
"8,18 : 26.57"
"8,19 : 15.65"
"8,20 : 72.57"
"8,21 : 85.15"
"8,22 : 44.6"
"8,23 : 43.66"
"8,24 : 43.19"
"8,25 : 58.69"
"8,26 : 2.24"
"8,27 : 65.22"
"8,28 : 38.08"
"8,29 : 113.44"
"8,30 : 58.25"
"8,31 : 98.06"
"8,32 : 99.02"
"8,33 : 102.62"
"8,34 : 60.88"
"8,35 : 25.96"
"8,36 : 59.77"
"8,37 : 73.0"
"8,38 : 52.15"
"8,39 : 101.0"
"8,40 : 78.71"
"8,41 : 59.09"
"8,42 : 85.44"
"8,43 : 116.5"
"8,44 : 61.68"
"8,45 : 20.22"
"8,46 : 79.08"
"8,47 : 6.08"
"8,48 : 95.34"
"8,49 : 51.26"
"9,0 : 39.62"
"9,1 : 27.66"
"9,2 : 50.54"
"9,3 : 22.56"
"9,4 : 62.97"
"9,5 : 45.54"
"9,6 : 65.3"
"9,7 : 36.35"
"9,8 : 26.91"
"9,9 : 0.0"
"9,10 : 76.49"
"9,11 : 58.69"
"9,12 : 30.87"
"9,13 : 46.53"
"9,14 : 45.88"
"9,15 : 32.89"
"9,16 : 34.01"
"9,17 : 48.26"
"9,18 : 10.3"
"9,19 : 13.6"
"9,20 : 53.24"
"9,21 : 85.43"
"9,22 : 54.34"
"9,23 : 61.07"
"9,24 : 16.64"
"9,25 : 56.08"
"9,26 : 29.07"
"9,27 : 75.69"
"9,28 : 17.72"
"9,29 : 112.49"
"9,30 : 32.7"
"9,31 : 78.0"
"9,32 : 98.49"
"9,33 : 93.65"
"9,34 : 53.91"
"9,35 : 12.08"
"9,36 : 54.45"
"9,37 : 77.41"
"9,38 : 37.58"
"9,39 : 81.0"
"9,40 : 76.42"
"9,41 : 74.24"
"9,42 : 62.8"
"9,43 : 116.1"
"9,44 : 79.0"
"9,45 : 42.72"
"9,46 : 59.03"
"9,47 : 22.47"
"9,48 : 74.17"
"9,49 : 68.0"
"10,0 : 62.29"
"10,1 : 50.29"
"10,2 : 26.0"
"10,3 : 64.94"
"10,4 : 23.09"
"10,5 : 76.94"
"10,6 : 21.02"
"10,7 : 43.28"
"10,8 : 70.72"
"10,9 : 76.49"
"10,10 : 0.0"
"10,11 : 86.4"
"10,12 : 56.22"
"10,13 : 30.08"
"10,14 : 57.07"
"10,15 : 58.03"
"10,16 : 83.02"
"10,17 : 42.58"
"10,18 : 85.09"
"10,19 : 67.12"
"10,20 : 67.05"
"10,21 : 20.1"
"10,22 : 26.4"
"10,23 : 36.88"
"10,24 : 80.28"
"10,25 : 26.17"
"10,26 : 70.09"
"10,27 : 13.6"
"10,28 : 65.97"
"10,29 : 45.88"
"10,30 : 82.05"
"10,31 : 82.38"
"10,32 : 32.39"
"10,33 : 52.8"
"10,34 : 34.93"
"10,35 : 86.09"
"10,36 : 31.58"
"10,37 : 4.12"
"10,38 : 53.01"
"10,39 : 84.05"
"10,40 : 23.02"
"10,41 : 27.46"
"10,42 : 84.15"
"10,43 : 48.1"
"10,44 : 34.48"
"10,45 : 56.08"
"10,46 : 71.87"
"10,47 : 67.27"
"10,48 : 84.6"
"10,49 : 33.02"
"11,0 : 27.66"
"11,1 : 52.4"
"11,2 : 68.1"
"11,3 : 39.82"
"11,4 : 88.84"
"11,5 : 13.89"
"11,6 : 65.73"
"11,7 : 72.14"
"11,8 : 82.35"
"11,9 : 58.69"
"11,10 : 86.4"
"11,11 : 0.0"
"11,12 : 39.62"
"11,13 : 65.19"
"11,14 : 29.97"
"11,15 : 36.07"
"11,16 : 26.0"
"11,17 : 44.38"
"11,18 : 66.61"
"11,19 : 66.71"
"11,20 : 19.42"
"11,21 : 81.1"
"11,22 : 80.71"
"11,23 : 96.05"
"11,24 : 43.29"
"11,25 : 60.75"
"11,26 : 84.1"
"11,27 : 94.54"
"11,28 : 44.28"
"11,29 : 98.06"
"11,30 : 27.02"
"11,31 : 25.24"
"11,32 : 88.36"
"11,33 : 65.55"
"11,34 : 51.55"
"11,35 : 68.59"
"11,36 : 55.03"
"11,37 : 84.4"
"11,38 : 37.8"
"11,39 : 27.78"
"11,40 : 70.18"
"11,41 : 101.71"
"11,42 : 6.4"
"11,43 : 102.18"
"11,44 : 109.08"
"11,45 : 90.0"
"11,46 : 16.12"
"11,47 : 76.49"
"11,48 : 19.24"
"11,49 : 99.86"
"12,0 : 12.53"
"12,1 : 12.81"
"12,2 : 32.39"
"12,3 : 10.0"
"12,4 : 51.87"
"12,5 : 26.25"
"12,6 : 39.56"
"12,7 : 32.53"
"12,8 : 46.53"
"12,9 : 30.87"
"12,10 : 56.22"
"12,11 : 39.62"
"12,12 : 0.0"
"12,13 : 28.64"
"12,14 : 16.0"
"12,15 : 3.61"
"12,16 : 27.17"
"12,17 : 18.44"
"12,18 : 41.15"
"12,19 : 32.0"
"12,20 : 26.25"
"12,21 : 59.51"
"12,22 : 43.08"
"12,23 : 57.14"
"12,24 : 26.08"
"12,25 : 31.05"
"12,26 : 47.85"
"12,27 : 60.53"
"12,28 : 13.6"
"12,29 : 84.63"
"12,30 : 26.08"
"12,31 : 51.66"
"12,32 : 71.34"
"12,33 : 62.97"
"12,34 : 25.55"
"12,35 : 42.95"
"12,36 : 27.31"
"12,37 : 55.73"
"12,38 : 6.71"
"12,39 : 54.57"
"12,40 : 49.24"
"12,41 : 64.85"
"12,42 : 41.05"
"12,43 : 88.48"
"12,44 : 71.69"
"12,45 : 50.77"
"12,46 : 32.89"
"12,47 : 40.45"
"12,48 : 49.4"
"12,49 : 61.72"
"13,0 : 38.01"
"13,1 : 20.4"
"13,2 : 4.12"
"13,3 : 36.0"
"13,4 : 23.71"
"13,5 : 53.23"
"13,6 : 21.93"
"13,7 : 17.72"
"13,8 : 45.18"
"13,9 : 46.53"
"13,10 : 30.08"
"13,11 : 65.19"
"13,12 : 28.64"
"13,13 : 0.0"
"13,14 : 35.61"
"13,15 : 31.32"
"13,16 : 55.73"
"13,17 : 22.8"
"13,18 : 55.47"
"13,19 : 38.21"
"13,20 : 47.51"
"13,21 : 40.46"
"13,22 : 15.62"
"13,23 : 32.02"
"13,24 : 50.64"
"13,25 : 14.14"
"13,26 : 45.19"
"13,27 : 32.06"
"13,28 : 36.35"
"13,29 : 68.6"
"13,30 : 54.59"
"13,31 : 69.4"
"13,32 : 54.2"
"13,33 : 59.3"
"13,34 : 19.92"
"13,35 : 56.61"
"13,36 : 17.26"
"13,37 : 30.89"
"13,38 : 27.73"
"13,39 : 71.85"
"13,40 : 33.54"
"13,41 : 36.67"
"13,42 : 64.82"
"13,43 : 71.84"
"13,44 : 43.91"
"13,45 : 37.01"
"13,46 : 53.76"
"13,47 : 40.5"
"13,48 : 69.43"
"13,49 : 34.83"
"14,0 : 7.81"
"14,1 : 27.2"
"14,2 : 38.28"
"14,3 : 23.41"
"14,4 : 59.08"
"14,5 : 20.02"
"14,6 : 37.05"
"14,7 : 45.28"
"14,8 : 62.39"
"14,9 : 45.88"
"14,10 : 57.07"
"14,11 : 29.97"
"14,12 : 16.0"
"14,13 : 35.61"
"14,14 : 0.0"
"14,15 : 13.15"
"14,16 : 29.97"
"14,17 : 14.56"
"14,18 : 55.97"
"14,19 : 48.0"
"14,20 : 12.04"
"14,21 : 54.74"
"14,22 : 51.22"
"14,23 : 67.18"
"14,24 : 37.2"
"14,25 : 31.05"
"14,26 : 63.64"
"14,27 : 64.62"
"14,28 : 28.16"
"14,29 : 76.49"
"14,30 : 29.53"
"14,31 : 36.4"
"14,32 : 64.51"
"14,33 : 50.25"
"14,34 : 22.2"
"14,35 : 57.87"
"14,36 : 25.5"
"14,37 : 55.44"
"14,38 : 10.44"
"14,39 : 39.22"
"14,40 : 43.74"
"14,41 : 71.87"
"14,42 : 29.21"
"14,43 : 80.53"
"14,44 : 79.32"
"14,45 : 64.88"
"14,46 : 18.6"
"14,47 : 56.32"
"14,48 : 34.99"
"14,49 : 70.43"
"15,0 : 8.94"
"15,1 : 16.4"
"15,2 : 34.93"
"15,3 : 10.82"
"15,4 : 54.78"
"15,5 : 22.8"
"15,6 : 40.52"
"15,7 : 36.07"
"15,8 : 49.82"
"15,9 : 32.89"
"15,10 : 58.03"
"15,11 : 36.07"
"15,12 : 3.61"
"15,13 : 31.32"
"15,14 : 13.15"
"15,15 : 0.0"
"15,16 : 25.0"
"15,17 : 18.36"
"15,18 : 43.08"
"15,19 : 35.06"
"15,20 : 22.8"
"15,21 : 60.17"
"15,22 : 46.1"
"15,23 : 60.46"
"15,24 : 26.25"
"15,25 : 32.39"
"15,26 : 51.2"
"15,27 : 62.97"
"15,28 : 15.23"
"15,29 : 84.6"
"15,30 : 24.02"
"15,31 : 48.27"
"15,32 : 71.59"
"15,33 : 61.61"
"15,34 : 26.0"
"15,35 : 44.94"
"15,36 : 28.16"
"15,37 : 57.31"
"15,38 : 5.83"
"15,39 : 51.2"
"15,40 : 49.66"
"15,41 : 67.78"
"15,42 : 37.44"
"15,43 : 88.51"
"15,44 : 74.73"
"15,45 : 54.38"
"15,46 : 29.41"
"15,47 : 43.74"
"15,48 : 45.88"
"15,49 : 64.88"
"16,0 : 22.47"
"16,1 : 37.34"
"16,2 : 59.54"
"16,3 : 21.02"
"16,4 : 78.59"
"16,5 : 15.65"
"16,6 : 64.94"
"16,7 : 56.36"
"16,8 : 59.64"
"16,9 : 34.01"
"16,10 : 83.02"
"16,11 : 26.0"
"16,12 : 27.17"
"16,13 : 55.73"
"16,14 : 29.97"
"16,15 : 25.0"
"16,16 : 0.0"
"16,17 : 41.98"
"16,18 : 41.0"
"16,19 : 44.2"
"16,20 : 29.07"
"16,21 : 83.93"
"16,22 : 69.64"
"16,23 : 82.35"
"16,24 : 17.72"
"16,25 : 57.22"
"16,26 : 61.61"
"16,27 : 87.69"
"16,28 : 23.6"
"16,29 : 106.45"
"16,30 : 1.41"
"16,31 : 49.04"
"16,32 : 94.34"
"16,33 : 78.87"
"16,34 : 50.01"
"16,35 : 42.95"
"16,36 : 52.61"
"16,37 : 82.22"
"16,38 : 30.15"
"16,39 : 51.92"
"16,40 : 73.08"
"16,41 : 91.48"
"16,42 : 31.26"
"16,43 : 110.49"
"16,44 : 98.03"
"16,45 : 70.94"
"16,46 : 32.25"
"16,47 : 54.2"
"16,48 : 43.93"
"16,49 : 87.66"
"17,0 : 20.02"
"17,1 : 22.8"
"17,2 : 24.76"
"17,3 : 28.43"
"17,4 : 45.45"
"17,5 : 34.37"
"17,6 : 23.09"
"17,7 : 36.14"
"17,8 : 58.42"
"17,9 : 48.26"
"17,10 : 42.58"
"17,11 : 44.38"
"17,12 : 18.44"
"17,13 : 22.8"
"17,14 : 14.56"
"17,15 : 18.36"
"17,16 : 41.98"
"17,17 : 0.0"
"17,18 : 58.52"
"17,19 : 46.17"
"17,20 : 25.55"
"17,21 : 42.06"
"17,22 : 38.21"
"17,23 : 54.82"
"17,24 : 44.41"
"17,25 : 16.49"
"17,26 : 59.21"
"17,27 : 50.16"
"17,28 : 31.83"
"17,29 : 66.29"
"17,30 : 41.23"
"17,31 : 46.62"
"17,32 : 53.24"
"17,33 : 45.62"
"17,34 : 8.06"
"17,35 : 60.21"
"17,36 : 11.05"
"17,37 : 41.11"
"17,38 : 12.53"
"17,39 : 49.09"
"17,40 : 31.38"
"17,41 : 58.01"
"17,42 : 43.05"
"17,43 : 70.18"
"17,44 : 65.6"
"17,45 : 56.52"
"17,46 : 31.4"
"17,47 : 52.61"
"17,48 : 46.69"
"17,49 : 57.28"
"18,0 : 49.48"
"18,1 : 37.48"
"18,2 : 59.36"
"18,3 : 32.57"
"18,4 : 69.92"
"18,5 : 54.04"
"18,6 : 75.01"
"18,7 : 43.32"
"18,8 : 26.57"
"18,9 : 10.3"
"18,10 : 85.09"
"18,11 : 66.61"
"18,12 : 41.15"
"18,13 : 55.47"
"18,14 : 55.97"
"18,15 : 43.08"
"18,16 : 41.0"
"18,17 : 58.52"
"18,18 : 0.0"
"18,19 : 18.68"
"18,20 : 62.8"
"18,21 : 95.02"
"18,22 : 61.68"
"18,23 : 66.27"
"18,24 : 23.35"
"18,25 : 65.8"
"18,26 : 28.79"
"18,27 : 83.22"
"18,28 : 27.86"
"18,29 : 122.33"
"18,30 : 39.81"
"18,31 : 87.14"
"18,32 : 108.25"
"18,33 : 103.94"
"18,34 : 64.03"
"18,35 : 2.0"
"18,36 : 64.44"
"18,37 : 86.28"
"18,38 : 47.85"
"18,39 : 90.14"
"18,40 : 86.27"
"18,41 : 80.41"
"18,42 : 71.18"
"18,43 : 125.9"
"18,44 : 84.48"
"18,45 : 45.4"
"18,46 : 68.36"
"18,47 : 24.19"
"18,48 : 83.0"
"18,49 : 73.55"
"19,0 : 43.42"
"19,1 : 23.41"
"19,2 : 41.87"
"19,3 : 27.2"
"19,4 : 51.24"
"19,5 : 52.92"
"19,6 : 59.03"
"19,7 : 24.7"
"19,8 : 15.65"
"19,9 : 13.6"
"19,10 : 67.12"
"19,11 : 66.71"
"19,12 : 32.0"
"19,13 : 38.21"
"19,14 : 48.0"
"19,15 : 35.06"
"19,16 : 44.2"
"19,17 : 46.17"
"19,18 : 18.68"
"19,19 : 0.0"
"19,20 : 57.56"
"19,21 : 78.52"
"19,22 : 43.08"
"19,23 : 48.01"
"19,24 : 28.43"
"19,25 : 50.0"
"19,26 : 17.49"
"19,27 : 64.62"
"19,28 : 22.47"
"19,29 : 106.4"
"19,30 : 42.8"
"19,31 : 83.02"
"19,32 : 92.1"
"19,33 : 91.55"
"19,34 : 50.09"
"19,35 : 19.31"
"19,36 : 49.74"
"19,37 : 68.6"
"19,38 : 38.12"
"19,39 : 85.99"
"19,40 : 70.6"
"19,41 : 61.81"
"19,42 : 69.89"
"19,43 : 109.79"
"19,44 : 66.12"
"19,45 : 29.15"
"19,46 : 63.95"
"19,47 : 10.0"
"19,48 : 80.05"
"19,49 : 55.15"
"20,0 : 14.14"
"20,1 : 38.48"
"20,2 : 50.0"
"20,3 : 31.0"
"20,4 : 70.8"
"20,5 : 14.42"
"20,6 : 46.32"
"20,7 : 57.14"
"20,8 : 72.57"
"20,9 : 53.24"
"20,10 : 67.05"
"20,11 : 19.42"
"20,12 : 26.25"
"20,13 : 47.51"
"20,14 : 12.04"
"20,15 : 22.8"
"20,16 : 29.07"
"20,17 : 25.55"
"20,18 : 62.8"
"20,19 : 57.56"
"20,20 : 0.0"
"20,21 : 62.0"
"20,22 : 63.13"
"20,23 : 79.2"
"20,24 : 41.44"
"20,25 : 41.63"
"20,26 : 73.98"
"20,27 : 75.58"
"20,28 : 36.0"
"20,29 : 80.65"
"20,30 : 29.21"
"20,31 : 25.5"
"20,32 : 70.04"
"20,33 : 50.48"
"20,34 : 32.31"
"20,35 : 64.78"
"20,36 : 35.85"
"20,37 : 65.0"
"20,38 : 21.95"
"20,39 : 28.44"
"20,40 : 51.01"
"20,41 : 83.49"
"20,42 : 17.49"
"20,43 : 84.77"
"20,44 : 91.02"
"20,45 : 76.48"
"20,46 : 6.71"
"20,47 : 66.49"
"20,48 : 23.26"
"20,49 : 82.33"
"21,0 : 61.61"
"21,1 : 57.8"
"21,2 : 37.2"
"21,3 : 69.32"
"21,4 : 42.3"
"21,5 : 74.43"
"21,6 : 20.25"
"21,7 : 57.14"
"21,8 : 85.15"
"21,9 : 85.43"
"21,10 : 20.1"
"21,11 : 81.1"
"21,12 : 59.51"
"21,13 : 40.46"
"21,14 : 54.74"
"21,15 : 60.17"
"21,16 : 83.93"
"21,17 : 42.06"
"21,18 : 95.02"
"21,19 : 78.52"
"21,20 : 62.0"
"21,21 : 0.0"
"21,22 : 43.32"
"21,23 : 56.32"
"21,24 : 85.42"
"21,25 : 29.41"
"21,26 : 84.91"
"21,27 : 33.54"
"21,28 : 71.69"
"21,29 : 28.3"
"21,30 : 83.24"
"21,31 : 71.51"
"21,32 : 13.89"
"21,33 : 34.41"
"21,34 : 34.18"
"21,35 : 96.33"
"21,36 : 32.2"
"21,37 : 16.03"
"21,38 : 54.42"
"21,39 : 72.62"
"21,40 : 11.05"
"21,41 : 47.52"
"21,42 : 77.52"
"21,43 : 31.4"
"21,44 : 54.34"
"21,45 : 73.16"
"21,46 : 65.28"
"21,47 : 80.8"
"21,48 : 75.0"
"21,49 : 53.01"
"22,0 : 53.34"
"22,1 : 32.56"
"22,2 : 13.6"
"22,3 : 49.03"
"22,4 : 9.06"
"22,5 : 68.48"
"22,6 : 30.15"
"22,7 : 18.38"
"22,8 : 44.6"
"22,9 : 54.34"
"22,10 : 26.4"
"22,11 : 80.71"
"22,12 : 43.08"
"22,13 : 15.62"
"22,14 : 51.22"
"22,15 : 46.1"
"22,16 : 69.64"
"22,17 : 38.21"
"22,18 : 61.68"
"22,19 : 43.08"
"22,20 : 63.13"
"22,21 : 43.32"
"22,22 : 0.0"
"22,23 : 17.0"
"22,24 : 62.03"
"22,25 : 26.0"
"22,26 : 43.84"
"22,27 : 21.54"
"22,28 : 48.26"
"22,29 : 71.18"
"22,30 : 68.41"
"22,31 : 84.65"
"22,32 : 57.01"
"22,33 : 69.26"
"22,34 : 34.13"
"22,35 : 62.39"
"22,36 : 30.89"
"22,37 : 29.15"
"22,38 : 43.05"
"22,39 : 87.01"
"22,40 : 40.11"
"22,41 : 21.84"
"22,42 : 80.43"
"22,43 : 73.79"
"22,44 : 28.64"
"22,45 : 29.97"
"22,46 : 69.35"
"22,47 : 41.62"
"22,48 : 84.9"
"22,49 : 19.21"
"23,0 : 68.41"
"23,1 : 45.18"
"23,2 : 30.53"
"23,3 : 61.33"
"23,4 : 14.04"
"23,5 : 83.23"
"23,6 : 46.32"
"23,7 : 26.25"
"23,8 : 43.66"
"23,9 : 61.07"
"23,10 : 36.88"
"23,11 : 96.05"
"23,12 : 57.14"
"23,13 : 32.02"
"23,14 : 67.18"
"23,15 : 60.46"
"23,16 : 82.35"
"23,17 : 54.82"
"23,18 : 66.27"
"23,19 : 48.01"
"23,20 : 79.2"
"23,21 : 56.32"
"23,22 : 17.0"
"23,23 : 0.0"
"23,24 : 72.03"
"23,25 : 42.95"
"23,26 : 42.15"
"23,27 : 25.94"
"23,28 : 59.46"
"23,29 : 82.71"
"23,30 : 81.02"
"23,31 : 101.4"
"23,32 : 69.23"
"23,33 : 85.16"
"23,34 : 51.11"
"23,35 : 66.48"
"23,36 : 47.89"
"23,37 : 40.61"
"23,38 : 58.26"
"23,39 : 103.81"
"23,40 : 55.23"
"23,41 : 15.81"
"23,42 : 96.26"
"23,43 : 84.77"
"23,44 : 18.25"
"23,45 : 24.19"
"23,46 : 85.59"
"23,47 : 42.95"
"23,48 : 101.41"
"23,49 : 7.62"
"24,0 : 29.68"
"24,1 : 30.27"
"24,2 : 54.74"
"24,3 : 16.12"
"24,4 : 71.06"
"24,5 : 31.06"
"24,6 : 65.31"
"24,7 : 45.89"
"24,8 : 43.19"
"24,9 : 16.64"
"24,10 : 80.28"
"24,11 : 43.29"
"24,12 : 26.08"
"24,13 : 50.64"
"24,14 : 37.2"
"24,15 : 26.25"
"24,16 : 17.72"
"24,17 : 44.41"
"24,18 : 23.35"
"24,19 : 28.43"
"24,20 : 41.44"
"24,21 : 85.42"
"24,22 : 62.03"
"24,23 : 72.03"
"24,24 : 0.0"
"24,25 : 56.46"
"24,26 : 45.28"
"24,27 : 82.22"
"24,28 : 14.32"
"24,29 : 110.68"
"24,30 : 16.49"
"24,31 : 64.63"
"24,32 : 97.42"
"24,33 : 87.32"
"24,34 : 51.62"
"24,35 : 25.32"
"24,36 : 53.24"
"24,37 : 80.36"
"24,38 : 32.02"
"24,39 : 67.6"
"24,40 : 75.29"
"24,41 : 83.38"
"24,42 : 48.01"
"24,43 : 114.55"
"24,44 : 89.11"
"24,45 : 56.94"
"24,46 : 46.32"
"24,47 : 38.21"
"24,48 : 60.13"
"24,49 : 78.26"
"25,0 : 36.12"
"25,1 : 28.43"
"25,2 : 13.15"
"25,3 : 40.5"
"25,4 : 31.4"
"25,5 : 50.8"
"25,6 : 9.22"
"25,7 : 31.78"
"25,8 : 58.69"
"25,9 : 56.08"
"25,10 : 26.17"
"25,11 : 60.75"
"25,12 : 31.05"
"25,13 : 14.14"
"25,14 : 31.05"
"25,15 : 32.39"
"25,16 : 57.22"
"25,17 : 16.49"
"25,18 : 65.8"
"25,19 : 50.0"
"25,20 : 41.63"
"25,21 : 29.41"
"25,22 : 26.0"
"25,23 : 42.95"
"25,24 : 56.46"
"25,25 : 0.0"
"25,26 : 58.87"
"25,27 : 34.0"
"25,28 : 42.49"
"25,29 : 56.59"
"25,30 : 56.32"
"25,31 : 60.11"
"25,32 : 42.45"
"25,33 : 45.18"
"25,34 : 9.43"
"25,35 : 67.18"
"25,36 : 5.83"
"25,37 : 25.02"
"25,38 : 27.07"
"25,39 : 62.24"
"25,40 : 20.62"
"25,41 : 43.14"
"25,42 : 59.03"
"25,43 : 60.11"
"25,44 : 50.91"
"25,45 : 51.09"
"25,46 : 47.01"
"25,47 : 53.67"
"25,48 : 61.22"
"25,49 : 43.83"
"26,0 : 59.91"
"26,1 : 37.01"
"26,2 : 47.89"
"26,3 : 44.38"
"26,4 : 50.0"
"26,5 : 70.26"
"26,6 : 67.12"
"26,7 : 27.78"
"26,8 : 2.24"
"26,9 : 29.07"
"26,10 : 70.09"
"26,11 : 84.1"
"26,12 : 47.85"
"26,13 : 45.19"
"26,14 : 63.64"
"26,15 : 51.2"
"26,16 : 61.61"
"26,17 : 59.21"
"26,18 : 28.79"
"26,19 : 17.49"
"26,20 : 73.98"
"26,21 : 84.91"
"26,22 : 43.84"
"26,23 : 42.15"
"26,24 : 45.28"
"26,25 : 58.87"
"26,26 : 0.0"
"26,27 : 64.2"
"26,28 : 39.81"
"26,29 : 113.21"
"26,30 : 60.22"
"26,31 : 99.46"
"26,32 : 98.79"
"26,33 : 103.08"
"26,34 : 61.39"
"26,35 : 28.16"
"26,36 : 60.17"
"26,37 : 72.47"
"26,38 : 53.34"
"26,39 : 102.39"
"26,40 : 78.72"
"26,41 : 57.7"
"26,42 : 87.09"
"26,43 : 116.21"
"26,44 : 60.08"
"26,45 : 18.44"
"26,46 : 80.52"
"26,47 : 7.62"
"26,48 : 96.84"
"26,49 : 49.77"
"27,0 : 68.68"
"27,1 : 52.04"
"27,2 : 28.16"
"27,3 : 68.03"
"27,4 : 14.21"
"27,5 : 83.82"
"27,6 : 31.83"
"27,7 : 39.92"
"27,8 : 65.22"
"27,9 : 75.69"
"27,10 : 13.6"
"27,11 : 94.54"
"27,12 : 60.53"
"27,13 : 32.06"
"27,14 : 64.62"
"27,15 : 62.97"
"27,16 : 87.69"
"27,17 : 50.16"
"27,18 : 83.22"
"27,19 : 64.62"
"27,20 : 75.58"
"27,21 : 33.54"
"27,22 : 21.54"
"27,23 : 25.94"
"27,24 : 82.22"
"27,25 : 34.0"
"27,26 : 64.2"
"27,27 : 0.0"
"27,28 : 68.07"
"27,29 : 57.71"
"27,30 : 86.58"
"27,31 : 93.24"
"27,32 : 45.01"
"27,33 : 66.31"
"27,34 : 43.42"
"27,35 : 83.93"
"27,36 : 39.82"
"27,37 : 17.72"
"27,38 : 58.69"
"27,39 : 95.13"
"27,40 : 36.24"
"27,41 : 14.04"
"27,42 : 93.02"
"27,43 : 59.44"
"27,44 : 20.88"
"27,45 : 48.1"
"27,46 : 81.01"
"27,47 : 62.77"
"27,48 : 94.87"
"27,49 : 20.62"
"28,0 : 22.09"
"28,1 : 16.03"
"28,2 : 40.45"
"28,3 : 5.0"
"28,4 : 57.31"
"28,5 : 30.46"
"28,6 : 51.48"
"28,7 : 33.24"
"28,8 : 38.08"
"28,9 : 17.72"
"28,10 : 65.97"
"28,11 : 44.28"
"28,12 : 13.6"
"28,13 : 36.35"
"28,14 : 28.16"
"28,15 : 15.23"
"28,16 : 23.6"
"28,17 : 31.83"
"28,18 : 27.86"
"28,19 : 22.47"
"28,20 : 36.0"
"28,21 : 71.69"
"28,22 : 48.26"
"28,23 : 59.46"
"28,24 : 14.32"
"28,25 : 42.49"
"28,26 : 39.81"
"28,27 : 68.07"
"28,28 : 0.0"
"28,29 : 97.62"
"28,30 : 22.2"
"28,31 : 61.2"
"28,32 : 84.05"
"28,33 : 76.55"
"28,34 : 38.42"
"28,35 : 29.73"
"28,36 : 39.66"
"28,37 : 66.1"
"28,38 : 20.25"
"28,39 : 64.2"
"28,40 : 61.85"
"28,41 : 69.87"
"28,42 : 47.43"
"28,43 : 101.4"
"28,44 : 75.93"
"28,45 : 47.42"
"28,46 : 42.11"
"28,47 : 32.2"
"28,48 : 57.87"
"28,49 : 65.25"
"29,0 : 84.08"
"29,1 : 84.86"
"29,2 : 65.46"
"29,3 : 94.63"
"29,4 : 68.96"
"29,5 : 94.58"
"29,6 : 47.42"
"29,7 : 85.44"
"29,8 : 113.44"
"29,9 : 112.49"
"29,10 : 45.88"
"29,11 : 98.06"
"29,12 : 84.63"
"29,13 : 68.6"
"29,14 : 76.49"
"29,15 : 84.6"
"29,16 : 106.45"
"29,17 : 66.29"
"29,18 : 122.33"
"29,19 : 106.4"
"29,20 : 80.65"
"29,21 : 28.3"
"29,22 : 71.18"
"29,23 : 82.71"
"29,24 : 110.68"
"29,25 : 56.59"
"29,26 : 113.21"
"29,27 : 57.71"
"29,28 : 97.62"
"29,29 : 0.0"
"29,30 : 105.99"
"29,31 : 82.01"
"29,32 : 14.42"
"29,33 : 35.23"
"29,34 : 59.2"
"29,35 : 123.75"
"29,36 : 58.14"
"29,37 : 42.38"
"29,38 : 78.77"
"29,39 : 82.1"
"29,40 : 36.07"
"29,41 : 71.45"
"29,42 : 93.21"
"29,43 : 4.12"
"29,44 : 77.06"
"29,45 : 101.13"
"29,46 : 82.0"
"29,47 : 109.04"
"29,48 : 87.05"
"29,49 : 78.26"
"30,0 : 21.93"
"30,1 : 36.06"
"30,2 : 58.42"
"30,3 : 19.7"
"30,4 : 77.37"
"30,5 : 16.16"
"30,6 : 64.13"
"30,7 : 55.01"
"30,8 : 58.25"
"30,9 : 32.7"
"30,10 : 82.05"
"30,11 : 27.02"
"30,12 : 26.08"
"30,13 : 54.59"
"30,14 : 29.53"
"30,15 : 24.02"
"30,16 : 1.41"
"30,17 : 41.23"
"30,18 : 39.81"
"30,19 : 42.8"
"30,20 : 29.21"
"30,21 : 83.24"
"30,22 : 68.41"
"30,23 : 81.02"
"30,24 : 16.49"
"30,25 : 56.32"
"30,26 : 60.22"
"30,27 : 86.58"
"30,28 : 22.2"
"30,29 : 105.99"
"30,30 : 0.0"
"30,31 : 49.73"
"30,32 : 93.78"
"30,33 : 78.75"
"30,34 : 49.24"
"30,35 : 41.77"
"30,36 : 51.79"
"30,37 : 81.3"
"30,38 : 29.27"
"30,39 : 52.63"
"30,40 : 72.42"
"30,41 : 90.25"
"30,42 : 32.14"
"30,43 : 110.02"
"30,44 : 96.77"
"30,45 : 69.53"
"30,46 : 32.65"
"30,47 : 52.8"
"30,48 : 44.72"
"30,49 : 86.38"
"31,0 : 39.62"
"31,1 : 63.57"
"31,2 : 71.06"
"31,3 : 56.22"
"31,4 : 91.29"
"31,5 : 33.73"
"31,6 : 61.61"
"31,7 : 81.39"
"31,8 : 98.06"
"31,9 : 78.0"
"31,10 : 82.38"
"31,11 : 25.24"
"31,12 : 51.66"
"31,13 : 69.4"
"31,14 : 36.4"
"31,15 : 48.27"
"31,16 : 49.04"
"31,17 : 46.62"
"31,18 : 87.14"
"31,19 : 83.02"
"31,20 : 25.5"
"31,21 : 71.51"
"31,22 : 84.65"
"31,23 : 101.4"
"31,24 : 64.63"
"31,25 : 60.11"
"31,26 : 99.46"
"31,27 : 93.24"
"31,28 : 61.2"
"31,29 : 82.01"
"31,30 : 49.73"
"31,31 : 0.0"
"31,32 : 75.13"
"31,33 : 47.1"
"31,34 : 50.93"
"31,35 : 89.14"
"31,36 : 54.45"
"31,37 : 79.4"
"31,38 : 46.82"
"31,39 : 3.0"
"31,40 : 61.74"
"31,41 : 103.25"
"31,42 : 18.87"
"31,43 : 86.0"
"31,44 : 111.02"
"31,45 : 101.24"
"31,46 : 19.1"
"31,47 : 91.98"
"31,48 : 6.4"
"31,49 : 103.48"
"32,0 : 71.87"
"32,1 : 70.84"
"32,2 : 51.04"
"32,3 : 81.3"
"32,4 : 55.32"
"32,5 : 83.43"
"32,6 : 33.24"
"32,7 : 71.02"
"32,8 : 99.02"
"32,9 : 98.49"
"32,10 : 32.39"
"32,11 : 88.36"
"32,12 : 71.34"
"32,13 : 54.2"
"32,14 : 64.51"
"32,15 : 71.59"
"32,16 : 94.34"
"32,17 : 53.24"
"32,18 : 108.25"
"32,19 : 92.1"
"32,20 : 70.04"
"32,21 : 13.89"
"32,22 : 57.01"
"32,23 : 69.23"
"32,24 : 97.42"
"32,25 : 42.45"
"32,26 : 98.79"
"32,27 : 45.01"
"32,28 : 84.05"
"32,29 : 14.42"
"32,30 : 93.78"
"32,31 : 75.13"
"32,32 : 0.0"
"32,33 : 31.38"
"32,34 : 45.79"
"32,35 : 109.62"
"32,36 : 44.41"
"32,37 : 28.64"
"32,38 : 65.76"
"32,39 : 75.71"
"32,40 : 22.2"
"32,41 : 59.0"
"32,42 : 84.05"
"32,43 : 17.69"
"32,44 : 65.19"
"32,45 : 86.93"
"32,46 : 72.25"
"32,47 : 94.63"
"32,48 : 79.51"
"32,49 : 65.28"
"33,0 : 58.0"
"33,1 : 68.15"
"33,2 : 58.03"
"33,3 : 72.42"
"33,4 : 71.59"
"33,5 : 64.9"
"33,6 : 39.12"
"33,7 : 76.79"
"33,8 : 102.62"
"33,9 : 93.65"
"33,10 : 52.8"
"33,11 : 65.55"
"33,12 : 62.97"
"33,13 : 59.3"
"33,14 : 50.25"
"33,15 : 61.61"
"33,16 : 78.87"
"33,17 : 45.62"
"33,18 : 103.94"
"33,19 : 91.55"
"33,20 : 50.48"
"33,21 : 34.41"
"33,22 : 69.26"
"33,23 : 85.16"
"33,24 : 87.32"
"33,25 : 45.18"
"33,26 : 103.08"
"33,27 : 66.31"
"33,28 : 76.55"
"33,29 : 35.23"
"33,30 : 78.75"
"33,31 : 47.1"
"33,32 : 31.38"
"33,33 : 0.0"
"33,34 : 41.76"
"33,35 : 105.68"
"33,36 : 42.95"
"33,37 : 48.75"
"33,38 : 56.3"
"33,39 : 47.0"
"33,40 : 30.36"
"33,41 : 79.71"
"33,42 : 60.08"
"33,43 : 39.12"
"33,44 : 87.09"
"33,45 : 96.25"
"33,46 : 50.09"
"33,47 : 97.12"
"33,48 : 52.47"
"33,49 : 83.68"
"34,0 : 28.07"
"34,1 : 26.93"
"34,2 : 20.59"
"34,3 : 35.51"
"34,4 : 40.36"
"34,5 : 42.19"
"34,6 : 15.03"
"34,7 : 36.01"
"34,8 : 60.88"
"34,9 : 53.91"
"34,10 : 34.93"
"34,11 : 51.55"
"34,12 : 25.55"
"34,13 : 19.92"
"34,14 : 22.2"
"34,15 : 26.0"
"34,16 : 50.01"
"34,17 : 8.06"
"34,18 : 64.03"
"34,19 : 50.09"
"34,20 : 32.31"
"34,21 : 34.18"
"34,22 : 34.13"
"34,23 : 51.11"
"34,24 : 51.62"
"34,25 : 9.43"
"34,26 : 61.39"
"34,27 : 43.42"
"34,28 : 38.42"
"34,29 : 59.2"
"34,30 : 49.24"
"34,31 : 50.93"
"34,32 : 45.79"
"34,33 : 41.76"
"34,34 : 0.0"
"34,35 : 65.6"
"34,36 : 3.61"
"34,37 : 33.24"
"34,38 : 20.25"
"34,39 : 53.15"
"34,40 : 23.71"
"34,41 : 52.4"
"34,42 : 49.66"
"34,43 : 63.01"
"34,44 : 60.14"
"34,45 : 56.22"
"34,46 : 37.59"
"34,47 : 55.36"
"34,48 : 51.86"
"34,49 : 52.63"
"35,0 : 51.42"
"35,1 : 38.95"
"35,2 : 60.46"
"35,3 : 34.48"
"35,4 : 70.52"
"35,5 : 56.04"
"35,6 : 76.38"
"35,7 : 44.01"
"35,8 : 25.96"
"35,9 : 12.08"
"35,10 : 86.09"
"35,11 : 68.59"
"35,12 : 42.95"
"35,13 : 56.61"
"35,14 : 57.87"
"35,15 : 44.94"
"35,16 : 42.95"
"35,17 : 60.21"
"35,18 : 2.0"
"35,19 : 19.31"
"35,20 : 64.78"
"35,21 : 96.33"
"35,22 : 62.39"
"35,23 : 66.48"
"35,24 : 25.32"
"35,25 : 67.18"
"35,26 : 28.16"
"35,27 : 83.93"
"35,28 : 29.73"
"35,29 : 123.75"
"35,30 : 41.77"
"35,31 : 89.14"
"35,32 : 109.62"
"35,33 : 105.68"
"35,34 : 65.6"
"35,35 : 0.0"
"35,36 : 65.95"
"35,37 : 87.37"
"35,38 : 49.66"
"35,39 : 92.14"
"35,40 : 87.69"
"35,41 : 80.81"
"35,42 : 73.17"
"35,43 : 127.29"
"35,44 : 84.72"
"35,45 : 45.18"
"35,46 : 70.35"
"35,47 : 24.02"
"35,48 : 85.0"
"35,49 : 73.82"
"36,0 : 31.0"
"36,1 : 27.02"
"36,2 : 17.46"
"36,3 : 37.12"
"36,4 : 36.88"
"36,5 : 45.4"
"36,6 : 12.37"
"36,7 : 34.06"
"36,8 : 59.77"
"36,9 : 54.45"
"36,10 : 31.58"
"36,11 : 55.03"
"36,12 : 27.31"
"36,13 : 17.26"
"36,14 : 25.5"
"36,15 : 28.16"
"36,16 : 52.61"
"36,17 : 11.05"
"36,18 : 64.44"
"36,19 : 49.74"
"36,20 : 35.85"
"36,21 : 32.2"
"36,22 : 30.89"
"36,23 : 47.89"
"36,24 : 53.24"
"36,25 : 5.83"
"36,26 : 60.17"
"36,27 : 39.82"
"36,28 : 39.66"
"36,29 : 58.14"
"36,30 : 51.79"
"36,31 : 54.45"
"36,32 : 44.41"
"36,33 : 42.95"
"36,34 : 3.61"
"36,35 : 65.95"
"36,36 : 0.0"
"36,37 : 30.07"
"36,38 : 22.56"
"36,39 : 56.64"
"36,40 : 22.2"
"36,41 : 48.84"
"36,42 : 53.23"
"36,43 : 61.85"
"36,44 : 56.59"
"36,45 : 54.04"
"36,46 : 41.18"
"36,47 : 54.42"
"36,48 : 55.44"
"36,49 : 49.2"
"37,0 : 61.03"
"37,1 : 50.7"
"37,2 : 26.93"
"37,3 : 64.76"
"37,4 : 26.68"
"37,5 : 75.43"
"37,6 : 18.68"
"37,7 : 45.25"
"37,8 : 73.0"
"37,9 : 77.41"
"37,10 : 4.12"
"37,11 : 84.4"
"37,12 : 55.73"
"37,13 : 30.89"
"37,14 : 55.44"
"37,15 : 57.31"
"37,16 : 82.22"
"37,17 : 41.11"
"37,18 : 86.28"
"37,19 : 68.6"
"37,20 : 65.0"
"37,21 : 16.03"
"37,22 : 29.15"
"37,23 : 40.61"
"37,24 : 80.36"
"37,25 : 25.02"
"37,26 : 72.47"
"37,27 : 17.72"
"37,28 : 66.1"
"37,29 : 42.38"
"37,30 : 81.3"
"37,31 : 79.4"
"37,32 : 28.64"
"37,33 : 48.75"
"37,34 : 33.24"
"37,35 : 87.37"
"37,36 : 30.07"
"37,37 : 0.0"
"37,38 : 52.09"
"37,39 : 80.99"
"37,40 : 19.21"
"37,41 : 31.58"
"37,42 : 81.91"
"37,43 : 44.78"
"37,44 : 38.6"
"37,45 : 59.06"
"37,46 : 69.57"
"37,47 : 69.3"
"37,48 : 81.84"
"37,49 : 37.0"
"38,0 : 10.3"
"38,1 : 16.76"
"38,2 : 31.02"
"38,3 : 16.28"
"38,4 : 51.43"
"38,5 : 25.5"
"38,6 : 34.93"
"38,7 : 35.23"
"38,8 : 52.15"
"38,9 : 37.58"
"38,10 : 53.01"
"38,11 : 37.8"
"38,12 : 6.71"
"38,13 : 27.73"
"38,14 : 10.44"
"38,15 : 5.83"
"38,16 : 30.15"
"38,17 : 12.53"
"38,18 : 47.85"
"38,19 : 38.12"
"38,20 : 21.95"
"38,21 : 54.42"
"38,22 : 43.05"
"38,23 : 58.26"
"38,24 : 32.02"
"38,25 : 27.07"
"38,26 : 53.34"
"38,27 : 58.69"
"38,28 : 20.25"
"38,29 : 78.77"
"38,30 : 29.27"
"38,31 : 46.82"
"38,32 : 65.76"
"38,33 : 56.3"
"38,34 : 20.25"
"38,35 : 49.66"
"38,36 : 22.56"
"38,37 : 52.09"
"38,38 : 0.0"
"38,39 : 49.65"
"38,40 : 43.86"
"38,41 : 64.4"
"38,42 : 38.21"
"38,43 : 82.68"
"38,44 : 71.59"
"38,45 : 54.56"
"38,46 : 28.65"
"38,47 : 46.1"
"38,48 : 45.18"
"38,49 : 62.13"
"39,0 : 42.58"
"39,1 : 66.41"
"39,2 : 73.41"
"39,3 : 59.21"
"39,4 : 93.51"
"39,5 : 36.67"
"39,6 : 63.41"
"39,7 : 84.1"
"39,8 : 101.0"
"39,9 : 81.0"
"39,10 : 84.05"
"39,11 : 27.78"
"39,12 : 54.57"
"39,13 : 71.85"
"39,14 : 39.22"
"39,15 : 51.2"
"39,16 : 51.92"
"39,17 : 49.09"
"39,18 : 90.14"
"39,19 : 85.99"
"39,20 : 28.44"
"39,21 : 72.62"
"39,22 : 87.01"
"39,23 : 103.81"
"39,24 : 67.6"
"39,25 : 62.24"
"39,26 : 102.39"
"39,27 : 95.13"
"39,28 : 64.2"
"39,29 : 82.1"
"39,30 : 52.63"
"39,31 : 3.0"
"39,32 : 75.71"
"39,33 : 47.0"
"39,34 : 53.15"
"39,35 : 92.14"
"39,36 : 56.64"
"39,37 : 80.99"
"39,38 : 49.65"
"39,39 : 0.0"
"39,40 : 63.06"
"39,41 : 105.36"
"39,42 : 21.47"
"39,43 : 86.05"
"39,44 : 113.15"
"39,45 : 104.0"
"39,46 : 22.09"
"39,47 : 94.92"
"39,48 : 8.6"
"39,49 : 105.76"
"40,0 : 50.7"
"40,1 : 48.8"
"40,2 : 31.02"
"40,3 : 59.17"
"40,4 : 41.44"
"40,5 : 63.39"
"40,6 : 11.66"
"40,7 : 51.08"
"40,8 : 78.71"
"40,9 : 76.42"
"40,10 : 23.02"
"40,11 : 70.18"
"40,12 : 49.24"
"40,13 : 33.54"
"40,14 : 43.74"
"40,15 : 49.66"
"40,16 : 73.08"
"40,17 : 31.38"
"40,18 : 86.27"
"40,19 : 70.6"
"40,20 : 51.01"
"40,21 : 11.05"
"40,22 : 40.11"
"40,23 : 55.23"
"40,24 : 75.29"
"40,25 : 20.62"
"40,26 : 78.72"
"40,27 : 36.24"
"40,28 : 61.85"
"40,29 : 36.07"
"40,30 : 72.42"
"40,31 : 61.74"
"40,32 : 22.2"
"40,33 : 30.36"
"40,34 : 23.71"
"40,35 : 87.69"
"40,36 : 22.2"
"40,37 : 19.21"
"40,38 : 43.86"
"40,39 : 63.06"
"40,40 : 0.0"
"40,41 : 49.4"
"40,42 : 66.75"
"40,43 : 39.7"
"40,44 : 56.86"
"40,45 : 68.88"
"40,46 : 54.45"
"40,47 : 73.93"
"40,48 : 64.85"
"40,49 : 53.37"
"41,0 : 74.69"
"41,1 : 54.34"
"41,2 : 33.62"
"41,3 : 70.83"
"41,4 : 13.0"
"41,5 : 89.9"
"41,6 : 43.27"
"41,7 : 38.01"
"41,8 : 59.09"
"41,9 : 74.24"
"41,10 : 27.46"
"41,11 : 101.71"
"41,12 : 64.85"
"41,13 : 36.67"
"41,14 : 71.87"
"41,15 : 67.78"
"41,16 : 91.48"
"41,17 : 58.01"
"41,18 : 80.41"
"41,19 : 61.81"
"41,20 : 83.49"
"41,21 : 47.52"
"41,22 : 21.84"
"41,23 : 15.81"
"41,24 : 83.38"
"41,25 : 43.14"
"41,26 : 57.7"
"41,27 : 14.04"
"41,28 : 69.87"
"41,29 : 71.45"
"41,30 : 90.25"
"41,31 : 103.25"
"41,32 : 59.0"
"41,33 : 79.71"
"41,34 : 52.4"
"41,35 : 80.81"
"41,36 : 48.84"
"41,37 : 31.58"
"41,38 : 64.4"
"41,39 : 105.36"
"41,40 : 49.4"
"41,41 : 0.0"
"41,42 : 100.96"
"41,43 : 72.99"
"41,44 : 7.81"
"41,45 : 39.96"
"41,46 : 89.4"
"41,47 : 57.87"
"41,48 : 104.24"
"41,49 : 8.49"
"42,0 : 28.6"
"42,1 : 53.82"
"42,2 : 67.42"
"42,3 : 42.72"
"42,4 : 88.23"
"42,5 : 17.26"
"42,6 : 63.25"
"42,7 : 73.25"
"42,8 : 85.44"
"42,9 : 62.8"
"42,10 : 84.15"
"42,11 : 6.4"
"42,12 : 41.05"
"42,13 : 64.82"
"42,14 : 29.21"
"42,15 : 37.44"
"42,16 : 31.26"
"42,17 : 43.05"
"42,18 : 71.18"
"42,19 : 69.89"
"42,20 : 17.49"
"42,21 : 77.52"
"42,22 : 80.43"
"42,23 : 96.26"
"42,24 : 48.01"
"42,25 : 59.03"
"42,26 : 87.09"
"42,27 : 93.02"
"42,28 : 47.43"
"42,29 : 93.21"
"42,30 : 32.14"
"42,31 : 18.87"
"42,32 : 84.05"
"42,33 : 60.08"
"42,34 : 49.66"
"42,35 : 73.17"
"42,36 : 53.23"
"42,37 : 81.91"
"42,38 : 38.21"
"42,39 : 21.47"
"42,40 : 66.75"
"42,41 : 100.96"
"42,42 : 0.0"
"42,43 : 97.32"
"42,44 : 108.47"
"42,45 : 91.81"
"42,46 : 12.37"
"42,47 : 79.48"
"42,48 : 13.0"
"42,49 : 99.64"
"43,0 : 88.1"
"43,1 : 88.46"
"43,2 : 68.6"
"43,3 : 98.47"
"43,4 : 71.17"
"43,5 : 98.68"
"43,6 : 50.91"
"43,7 : 88.48"
"43,8 : 116.5"
"43,9 : 116.1"
"43,10 : 48.1"
"43,11 : 102.18"
"43,12 : 88.48"
"43,13 : 71.84"
"43,14 : 80.53"
"43,15 : 88.51"
"43,16 : 110.49"
"43,17 : 70.18"
"43,18 : 125.9"
"43,19 : 109.79"
"43,20 : 84.77"
"43,21 : 31.4"
"43,22 : 73.79"
"43,23 : 84.77"
"43,24 : 114.55"
"43,25 : 60.11"
"43,26 : 116.21"
"43,27 : 59.44"
"43,28 : 101.4"
"43,29 : 4.12"
"43,30 : 110.02"
"43,31 : 86.0"
"43,32 : 17.69"
"43,33 : 39.12"
"43,34 : 63.01"
"43,35 : 127.29"
"43,36 : 61.85"
"43,37 : 44.78"
"43,38 : 82.68"
"43,39 : 86.05"
"43,40 : 39.7"
"43,41 : 72.99"
"43,42 : 97.32"
"43,43 : 0.0"
"43,44 : 78.31"
"43,45 : 103.75"
"43,46 : 86.12"
"43,47 : 112.2"
"43,48 : 91.09"
"43,49 : 80.05"
"44,0 : 81.88"
"44,1 : 60.73"
"44,2 : 41.05"
"44,3 : 77.2"
"44,4 : 20.25"
"44,5 : 97.06"
"44,6 : 51.04"
"44,7 : 43.29"
"44,8 : 61.68"
"44,9 : 79.0"
"44,10 : 34.48"
"44,11 : 109.08"
"44,12 : 71.69"
"44,13 : 43.91"
"44,14 : 79.32"
"44,15 : 74.73"
"44,16 : 98.03"
"44,17 : 65.6"
"44,18 : 84.48"
"44,19 : 66.12"
"44,20 : 91.02"
"44,21 : 54.34"
"44,22 : 28.64"
"44,23 : 18.25"
"44,24 : 89.11"
"44,25 : 50.91"
"44,26 : 60.08"
"44,27 : 20.88"
"44,28 : 75.93"
"44,29 : 77.06"
"44,30 : 96.77"
"44,31 : 111.02"
"44,32 : 65.19"
"44,33 : 87.09"
"44,34 : 60.14"
"44,35 : 84.72"
"44,36 : 56.59"
"44,37 : 38.6"
"44,38 : 71.59"
"44,39 : 113.15"
"44,40 : 56.86"
"44,41 : 7.81"
"44,42 : 108.47"
"44,43 : 78.31"
"44,44 : 0.0"
"44,45 : 41.79"
"44,46 : 97.01"
"44,47 : 61.19"
"44,48 : 111.95"
"44,49 : 11.0"
"45,0 : 63.29"
"45,1 : 38.08"
"45,2 : 38.33"
"45,3 : 50.93"
"45,4 : 34.06"
"45,5 : 76.22"
"45,6 : 57.87"
"45,7 : 20.4"
"45,8 : 20.22"
"45,9 : 42.72"
"45,10 : 56.08"
"45,11 : 90.0"
"45,12 : 50.77"
"45,13 : 37.01"
"45,14 : 64.88"
"45,15 : 54.38"
"45,16 : 70.94"
"45,17 : 56.52"
"45,18 : 45.4"
"45,19 : 29.15"
"45,20 : 76.48"
"45,21 : 73.16"
"45,22 : 29.97"
"45,23 : 24.19"
"45,24 : 56.94"
"45,25 : 51.09"
"45,26 : 18.44"
"45,27 : 48.1"
"45,28 : 47.42"
"45,29 : 101.13"
"45,30 : 69.53"
"45,31 : 101.24"
"45,32 : 86.93"
"45,33 : 96.25"
"45,34 : 56.22"
"45,35 : 45.18"
"45,36 : 54.04"
"45,37 : 59.06"
"45,38 : 54.56"
"45,39 : 104.0"
"45,40 : 68.88"
"45,41 : 39.96"
"45,42 : 91.81"
"45,43 : 103.75"
"45,44 : 41.79"
"45,45 : 0.0"
"45,46 : 83.19"
"45,47 : 21.21"
"45,48 : 99.73"
"45,49 : 31.76"
"46,0 : 20.62"
"46,1 : 45.19"
"46,2 : 56.08"
"46,3 : 37.12"
"46,4 : 76.84"
"46,5 : 16.64"
"46,6 : 50.92"
"46,7 : 63.81"
"46,8 : 79.08"
"46,9 : 59.03"
"46,10 : 71.87"
"46,11 : 16.12"
"46,12 : 32.89"
"46,13 : 53.76"
"46,14 : 18.6"
"46,15 : 29.41"
"46,16 : 32.25"
"46,17 : 31.4"
"46,18 : 68.36"
"46,19 : 63.95"
"46,20 : 6.71"
"46,21 : 65.28"
"46,22 : 69.35"
"46,23 : 85.59"
"46,24 : 46.32"
"46,25 : 47.01"
"46,26 : 80.52"
"46,27 : 81.01"
"46,28 : 42.11"
"46,29 : 82.0"
"46,30 : 32.65"
"46,31 : 19.1"
"46,32 : 72.25"
"46,33 : 50.09"
"46,34 : 37.59"
"46,35 : 70.35"
"46,36 : 41.18"
"46,37 : 69.57"
"46,38 : 28.65"
"46,39 : 22.09"
"46,40 : 54.45"
"46,41 : 89.4"
"46,42 : 12.37"
"46,43 : 86.12"
"46,44 : 97.01"
"46,45 : 83.19"
"46,46 : 0.0"
"46,47 : 73.01"
"46,48 : 16.55"
"46,49 : 88.53"
"47,0 : 52.39"
"47,1 : 30.07"
"47,2 : 43.6"
"47,3 : 36.77"
"47,4 : 48.76"
"47,5 : 62.65"
"47,6 : 62.27"
"47,7 : 24.04"
"47,8 : 6.08"
"47,9 : 22.47"
"47,10 : 67.27"
"47,11 : 76.49"
"47,12 : 40.45"
"47,13 : 40.5"
"47,14 : 56.32"
"47,15 : 43.74"
"47,16 : 54.2"
"47,17 : 52.61"
"47,18 : 24.19"
"47,19 : 10.0"
"47,20 : 66.49"
"47,21 : 80.8"
"47,22 : 41.62"
"47,23 : 42.95"
"47,24 : 38.21"
"47,25 : 53.67"
"47,26 : 7.62"
"47,27 : 62.77"
"47,28 : 32.2"
"47,29 : 109.04"
"47,30 : 52.8"
"47,31 : 91.98"
"47,32 : 94.63"
"47,33 : 97.12"
"47,34 : 55.36"
"47,35 : 24.02"
"47,36 : 54.42"
"47,37 : 69.3"
"47,38 : 46.1"
"47,39 : 94.92"
"47,40 : 73.93"
"47,41 : 57.87"
"47,42 : 79.48"
"47,43 : 112.2"
"47,44 : 61.19"
"47,45 : 21.21"
"47,46 : 73.01"
"47,47 : 0.0"
"47,48 : 89.29"
"47,49 : 50.45"
"48,0 : 37.0"
"48,1 : 61.74"
"48,2 : 71.42"
"48,3 : 52.95"
"48,4 : 91.97"
"48,5 : 29.07"
"48,6 : 63.63"
"48,7 : 80.26"
"48,8 : 95.34"
"48,9 : 74.17"
"48,10 : 84.6"
"48,11 : 19.24"
"48,12 : 49.4"
"48,13 : 69.43"
"48,14 : 34.99"
"48,15 : 45.88"
"48,16 : 43.93"
"48,17 : 46.69"
"48,18 : 83.0"
"48,19 : 80.05"
"48,20 : 23.26"
"48,21 : 75.0"
"48,22 : 84.9"
"48,23 : 101.41"
"48,24 : 60.13"
"48,25 : 61.22"
"48,26 : 96.84"
"48,27 : 94.87"
"48,28 : 57.87"
"48,29 : 87.05"
"48,30 : 44.72"
"48,31 : 6.4"
"48,32 : 79.51"
"48,33 : 52.47"
"48,34 : 51.86"
"48,35 : 85.0"
"48,36 : 55.44"
"48,37 : 81.84"
"48,38 : 45.18"
"48,39 : 8.6"
"48,40 : 64.85"
"48,41 : 104.24"
"48,42 : 13.0"
"48,43 : 91.09"
"48,44 : 111.95"
"48,45 : 99.73"
"48,46 : 16.55"
"48,47 : 89.29"
"48,48 : 0.0"
"48,49 : 103.95"
"49,0 : 72.4"
"49,1 : 50.33"
"49,2 : 32.53"
"49,3 : 66.73"
"49,4 : 12.53"
"49,5 : 87.46"
"49,6 : 45.69"
"49,7 : 32.39"
"49,8 : 51.26"
"49,9 : 68.0"
"49,10 : 33.02"
"49,11 : 99.86"
"49,12 : 61.72"
"49,13 : 34.83"
"49,14 : 70.43"
"49,15 : 64.88"
"49,16 : 87.66"
"49,17 : 57.28"
"49,18 : 73.55"
"49,19 : 55.15"
"49,20 : 82.33"
"49,21 : 53.01"
"49,22 : 19.21"
"49,23 : 7.62"
"49,24 : 78.26"
"49,25 : 43.83"
"49,26 : 49.77"
"49,27 : 20.62"
"49,28 : 65.25"
"49,29 : 78.26"
"49,30 : 86.38"
"49,31 : 103.48"
"49,32 : 65.28"
"49,33 : 83.68"
"49,34 : 52.63"
"49,35 : 73.82"
"49,36 : 49.2"
"49,37 : 37.0"
"49,38 : 62.13"
"49,39 : 105.76"
"49,40 : 53.37"
"49,41 : 8.49"
"49,42 : 99.64"
"49,43 : 80.05"
"49,44 : 11.0"
"49,45 : 31.76"
"49,46 : 88.53"
"49,47 : 50.45"
"49,48 : 103.95"
"49,49 : 0.0"
