x,y
50,19
83,46
56,62
57,55
60,27
35,49
51,46
12,35
61,2
68,28
19,50
72,100
87,60
66,46
84,1
25,65
78,69
44,58
79,41
20,2
69,36
0,31
74,63
8,87
68,14
2,73
97,16
14,42
0,68
22,23
83,28
31,60
6,28
19,28
91,9
0,45
70,69
37,72
78,36
81,49
27,70
55,29
10,86
88,48
53,18
74,76
52,36
88,14
61,2
5,87

Distanze
"0,0 : 0.0"
"0,1 : 42.64"
"0,2 : 43.42"
"0,3 : 36.67"
"0,4 : 12.81"
"0,5 : 33.54"
"0,6 : 27.02"
"0,7 : 41.23"
"0,8 : 20.25"
"0,9 : 20.12"
"0,10 : 43.84"
"0,11 : 83.93"
"0,12 : 55.23"
"0,13 : 31.38"
"0,14 : 38.47"
"0,15 : 52.35"
"0,16 : 57.31"
"0,17 : 39.46"
"0,18 : 36.4"
"0,19 : 34.48"
"0,20 : 25.5"
"0,21 : 51.42"
"0,22 : 50.12"
"0,23 : 79.92"
"0,24 : 18.68"
"0,25 : 72.25"
"0,26 : 47.1"
"0,27 : 42.72"
"0,28 : 70.01"
"0,29 : 28.28"
"0,30 : 34.21"
"0,31 : 45.19"
"0,32 : 44.91"
"0,33 : 32.28"
"0,34 : 42.2"
"0,35 : 56.36"
"0,36 : 53.85"
"0,37 : 54.57"
"0,38 : 32.76"
"0,39 : 43.14"
"0,40 : 55.95"
"0,41 : 11.18"
"0,42 : 78.03"
"0,43 : 47.8"
"0,44 : 3.16"
"0,45 : 61.85"
"0,46 : 17.12"
"0,47 : 38.33"
"0,48 : 20.25"
"0,49 : 81.54"
"1,0 : 42.64"
"1,1 : 0.0"
"1,2 : 31.38"
"1,3 : 27.51"
"1,4 : 29.83"
"1,5 : 48.09"
"1,6 : 32.0"
"1,7 : 71.85"
"1,8 : 49.19"
"1,9 : 23.43"
"1,10 : 64.12"
"1,11 : 55.11"
"1,12 : 14.56"
"1,13 : 17.0"
"1,14 : 45.01"
"1,15 : 61.03"
"1,16 : 23.54"
"1,17 : 40.8"
"1,18 : 6.4"
"1,19 : 76.84"
"1,20 : 17.2"
"1,21 : 84.34"
"1,22 : 19.24"
"1,23 : 85.48"
"1,24 : 35.34"
"1,25 : 85.38"
"1,26 : 33.11"
"1,27 : 69.12"
"1,28 : 85.87"
"1,29 : 65.19"
"1,30 : 18.0"
"1,31 : 53.85"
"1,32 : 79.08"
"1,33 : 66.48"
"1,34 : 37.85"
"1,35 : 83.01"
"1,36 : 26.42"
"1,37 : 52.84"
"1,38 : 11.18"
"1,39 : 3.61"
"1,40 : 60.93"
"1,41 : 32.76"
"1,42 : 83.24"
"1,43 : 5.39"
"1,44 : 41.04"
"1,45 : 31.32"
"1,46 : 32.57"
"1,47 : 32.39"
"1,48 : 49.19"
"1,49 : 88.12"
"2,0 : 43.42"
"2,1 : 31.38"
"2,2 : 0.0"
"2,3 : 7.07"
"2,4 : 35.23"
"2,5 : 24.7"
"2,6 : 16.76"
"2,7 : 51.62"
"2,8 : 60.21"
"2,9 : 36.06"
"2,10 : 38.9"
"2,11 : 41.23"
"2,12 : 31.06"
"2,13 : 18.87"
"2,14 : 67.12"
"2,15 : 31.14"
"2,16 : 23.09"
"2,17 : 12.65"
"2,18 : 31.14"
"2,19 : 69.97"
"2,20 : 29.07"
"2,21 : 64.01"
"2,22 : 18.03"
"2,23 : 54.12"
"2,24 : 49.48"
"2,25 : 55.11"
"2,26 : 61.62"
"2,27 : 46.52"
"2,28 : 56.32"
"2,29 : 51.74"
"2,30 : 43.42"
"2,31 : 25.08"
"2,32 : 60.46"
"2,33 : 50.25"
"2,34 : 63.51"
"2,35 : 58.52"
"2,36 : 15.65"
"2,37 : 21.47"
"2,38 : 34.06"
"2,39 : 28.18"
"2,40 : 30.08"
"2,41 : 33.02"
"2,42 : 51.88"
"2,43 : 34.93"
"2,44 : 44.1"
"2,45 : 22.8"
"2,46 : 26.31"
"2,47 : 57.69"
"2,48 : 60.21"
"2,49 : 56.8"
"3,0 : 36.67"
"3,1 : 27.51"
"3,2 : 7.07"
"3,3 : 0.0"
"3,4 : 28.16"
"3,5 : 22.8"
"3,6 : 10.82"
"3,7 : 49.24"
"3,8 : 53.15"
"3,9 : 29.15"
"3,10 : 38.33"
"3,11 : 47.43"
"3,12 : 30.41"
"3,13 : 12.73"
"3,14 : 60.37"
"3,15 : 33.53"
"3,16 : 25.24"
"3,17 : 13.34"
"3,18 : 26.08"
"3,19 : 64.64"
"3,20 : 22.47"
"3,21 : 61.85"
"3,22 : 18.79"
"3,23 : 58.52"
"3,24 : 42.45"
"3,25 : 57.87"
"3,26 : 55.87"
"3,27 : 44.92"
"3,28 : 58.46"
"3,29 : 47.42"
"3,30 : 37.48"
"3,31 : 26.48"
"3,32 : 57.71"
"3,33 : 46.62"
"3,34 : 57.2"
"3,35 : 57.87"
"3,36 : 19.1"
"3,37 : 26.25"
"3,38 : 28.32"
"3,39 : 24.74"
"3,40 : 33.54"
"3,41 : 26.08"
"3,42 : 56.3"
"3,43 : 31.78"
"3,44 : 37.22"
"3,45 : 27.02"
"3,46 : 19.65"
"3,47 : 51.4"
"3,48 : 53.15"
"3,49 : 61.06"
"4,0 : 12.81"
"4,1 : 29.83"
"4,2 : 35.23"
"4,3 : 28.16"
"4,4 : 0.0"
"4,5 : 33.3"
"4,6 : 21.02"
"4,7 : 48.66"
"4,8 : 25.02"
"4,9 : 8.06"
"4,10 : 47.01"
"4,11 : 73.98"
"4,12 : 42.64"
"4,13 : 19.92"
"4,14 : 35.38"
"4,15 : 51.66"
"4,16 : 45.69"
"4,17 : 34.89"
"4,18 : 23.6"
"4,19 : 47.17"
"4,20 : 12.73"
"4,21 : 60.13"
"4,22 : 38.63"
"4,23 : 79.4"
"4,24 : 15.26"
"4,25 : 74.03"
"4,26 : 38.6"
"4,27 : 48.38"
"4,28 : 72.67"
"4,29 : 38.21"
"4,30 : 23.02"
"4,31 : 43.93"
"4,32 : 54.01"
"4,33 : 41.01"
"4,34 : 35.85"
"4,35 : 62.64"
"4,36 : 43.17"
"4,37 : 50.54"
"4,38 : 20.12"
"4,39 : 30.41"
"4,40 : 54.2"
"4,41 : 5.39"
"4,42 : 77.34"
"4,43 : 35.0"
"4,44 : 11.4"
"4,45 : 50.96"
"4,46 : 12.04"
"4,47 : 30.87"
"4,48 : 25.02"
"4,49 : 81.39"
"5,0 : 33.54"
"5,1 : 48.09"
"5,2 : 24.7"
"5,3 : 22.8"
"5,4 : 33.3"
"5,5 : 0.0"
"5,6 : 16.28"
"5,7 : 26.93"
"5,8 : 53.71"
"5,9 : 39.12"
"5,10 : 16.03"
"5,11 : 63.01"
"5,12 : 53.15"
"5,13 : 31.14"
"5,14 : 68.59"
"5,15 : 18.87"
"5,16 : 47.42"
"5,17 : 12.73"
"5,18 : 44.72"
"5,19 : 49.34"
"5,20 : 36.4"
"5,21 : 39.36"
"5,22 : 41.44"
"5,23 : 46.62"
"5,24 : 48.1"
"5,25 : 40.8"
"5,26 : 70.24"
"5,27 : 22.14"
"5,28 : 39.82"
"5,29 : 29.07"
"5,30 : 52.39"
"5,31 : 11.7"
"5,32 : 35.81"
"5,33 : 26.4"
"5,34 : 68.82"
"5,35 : 35.23"
"5,36 : 40.31"
"5,37 : 23.09"
"5,38 : 44.92"
"5,39 : 46.0"
"5,40 : 22.47"
"5,41 : 28.28"
"5,42 : 44.65"
"5,43 : 53.01"
"5,44 : 35.85"
"5,45 : 47.43"
"5,46 : 21.4"
"5,47 : 63.51"
"5,48 : 53.71"
"5,49 : 48.41"
"6,0 : 27.02"
"6,1 : 32.0"
"6,2 : 16.76"
"6,3 : 10.82"
"6,4 : 21.02"
"6,5 : 16.28"
"6,6 : 0.0"
"6,7 : 40.52"
"6,8 : 45.12"
"6,9 : 24.76"
"6,10 : 32.25"
"6,11 : 57.94"
"6,12 : 38.63"
"6,13 : 15.0"
"6,14 : 55.8"
"6,15 : 32.2"
"6,16 : 35.47"
"6,17 : 13.89"
"6,18 : 28.44"
"6,19 : 53.82"
"6,20 : 20.59"
"6,21 : 53.16"
"6,22 : 28.6"
"6,23 : 59.41"
"6,24 : 36.24"
"6,25 : 55.95"
"6,26 : 54.92"
"6,27 : 37.22"
"6,28 : 55.54"
"6,29 : 37.01"
"6,30 : 36.72"
"6,31 : 24.41"
"6,32 : 48.47"
"6,33 : 36.72"
"6,34 : 54.49"
"6,35 : 51.01"
"6,36 : 29.83"
"6,37 : 29.53"
"6,38 : 28.79"
"6,39 : 30.15"
"6,40 : 33.94"
"6,41 : 17.46"
"6,42 : 57.28"
"6,43 : 37.05"
"6,44 : 28.07"
"6,45 : 37.8"
"6,46 : 10.05"
"6,47 : 48.92"
"6,48 : 45.12"
"6,49 : 61.62"
"7,0 : 41.23"
"7,1 : 71.85"
"7,2 : 51.62"
"7,3 : 49.24"
"7,4 : 48.66"
"7,5 : 26.93"
"7,6 : 40.52"
"7,7 : 0.0"
"7,8 : 59.08"
"7,9 : 56.44"
"7,10 : 16.55"
"7,11 : 88.46"
"7,12 : 79.06"
"7,13 : 55.11"
"7,14 : 79.62"
"7,15 : 32.7"
"7,16 : 74.24"
"7,17 : 39.41"
"7,18 : 67.27"
"7,19 : 33.96"
"7,20 : 57.01"
"7,21 : 12.65"
"7,22 : 68.03"
"7,23 : 52.15"
"7,24 : 59.81"
"7,25 : 39.29"
"7,26 : 87.1"
"7,27 : 7.28"
"7,28 : 35.11"
"7,29 : 15.62"
"7,30 : 71.34"
"7,31 : 31.4"
"7,32 : 9.22"
"7,33 : 9.9"
"7,34 : 83.17"
"7,35 : 15.62"
"7,36 : 67.23"
"7,37 : 44.65"
"7,38 : 66.01"
"7,39 : 70.41"
"7,40 : 38.08"
"7,41 : 43.42"
"7,42 : 51.04"
"7,43 : 77.1"
"7,44 : 44.38"
"7,45 : 74.33"
"7,46 : 40.01"
"7,47 : 78.85"
"7,48 : 59.08"
"7,49 : 52.47"
"8,0 : 20.25"
"8,1 : 49.19"
"8,2 : 60.21"
"8,3 : 53.15"
"8,4 : 25.02"
"8,5 : 53.71"
"8,6 : 45.12"
"8,7 : 59.08"
"8,8 : 0.0"
"8,9 : 26.93"
"8,10 : 63.78"
"8,11 : 98.62"
"8,12 : 63.56"
"8,13 : 44.28"
"8,14 : 23.02"
"8,15 : 72.56"
"8,16 : 69.12"
"8,17 : 58.52"
"8,18 : 42.95"
"8,19 : 41.0"
"8,20 : 34.93"
"8,21 : 67.54"
"8,22 : 62.37"
"8,23 : 100.17"
"8,24 : 13.89"
"8,25 : 92.31"
"8,26 : 38.63"
"8,27 : 61.72"
"8,28 : 89.87"
"8,29 : 44.29"
"8,30 : 34.06"
"8,31 : 65.3"
"8,32 : 60.84"
"8,33 : 49.4"
"8,34 : 30.81"
"8,35 : 74.63"
"8,36 : 67.6"
"8,37 : 74.0"
"8,38 : 38.01"
"8,39 : 51.08"
"8,40 : 76.03"
"8,41 : 27.66"
"8,42 : 98.27"
"8,43 : 53.34"
"8,44 : 17.89"
"8,45 : 75.13"
"8,46 : 35.17"
"8,47 : 29.55"
"8,48 : 0.0"
"8,49 : 101.79"
"9,0 : 20.12"
"9,1 : 23.43"
"9,2 : 36.06"
"9,3 : 29.15"
"9,4 : 8.06"
"9,5 : 39.12"
"9,6 : 24.76"
"9,7 : 56.44"
"9,8 : 26.93"
"9,9 : 0.0"
"9,10 : 53.71"
"9,11 : 72.11"
"9,12 : 37.22"
"9,13 : 18.11"
"9,14 : 31.38"
"9,15 : 56.73"
"9,16 : 42.2"
"9,17 : 38.42"
"9,18 : 17.03"
"9,19 : 54.59"
"9,20 : 8.06"
"9,21 : 68.07"
"9,22 : 35.51"
"9,23 : 84.15"
"9,24 : 14.0"
"9,25 : 79.88"
"9,26 : 31.38"
"9,27 : 55.79"
"9,28 : 78.89"
"9,29 : 46.27"
"9,30 : 15.0"
"9,31 : 48.92"
"9,32 : 62.0"
"9,33 : 49.0"
"9,34 : 29.83"
"9,35 : 70.09"
"9,36 : 41.05"
"9,37 : 53.82"
"9,38 : 12.81"
"9,39 : 24.7"
"9,40 : 58.69"
"9,41 : 13.04"
"9,42 : 82.02"
"9,43 : 28.28"
"9,44 : 18.03"
"9,45 : 48.37"
"9,46 : 17.89"
"9,47 : 24.41"
"9,48 : 26.93"
"9,49 : 86.31"
"10,0 : 43.84"
"10,1 : 64.12"
"10,2 : 38.9"
"10,3 : 38.33"
"10,4 : 47.01"
"10,5 : 16.03"
"10,6 : 32.25"
"10,7 : 16.55"
"10,8 : 63.78"
"10,9 : 53.71"
"10,10 : 0.0"
"10,11 : 72.86"
"10,12 : 68.73"
"10,13 : 47.17"
"10,14 : 81.4"
"10,15 : 16.16"
"10,16 : 61.98"
"10,17 : 26.25"
"10,18 : 60.67"
"10,19 : 48.01"
"10,20 : 51.92"
"10,21 : 26.87"
"10,22 : 56.52"
"10,23 : 38.6"
"10,24 : 60.8"
"10,25 : 28.6"
"10,26 : 85.09"
"10,27 : 9.43"
"10,28 : 26.17"
"10,29 : 27.17"
"10,30 : 67.68"
"10,31 : 15.62"
"10,32 : 25.55"
"10,33 : 22.0"
"10,34 : 82.86"
"10,35 : 19.65"
"10,36 : 54.42"
"10,37 : 28.43"
"10,38 : 60.64"
"10,39 : 62.01"
"10,40 : 21.54"
"10,41 : 41.68"
"10,42 : 37.11"
"10,43 : 69.03"
"10,44 : 46.69"
"10,45 : 60.84"
"10,46 : 35.85"
"10,47 : 77.83"
"10,48 : 63.78"
"10,49 : 39.56"
"11,0 : 83.93"
"11,1 : 55.11"
"11,2 : 41.23"
"11,3 : 47.43"
"11,4 : 73.98"
"11,5 : 63.01"
"11,6 : 57.94"
"11,7 : 88.46"
"11,8 : 98.62"
"11,9 : 72.11"
"11,10 : 72.86"
"11,11 : 0.0"
"11,12 : 42.72"
"11,13 : 54.33"
"11,14 : 99.72"
"11,15 : 58.6"
"11,16 : 31.58"
"11,17 : 50.48"
"11,18 : 59.41"
"11,19 : 110.94"
"11,20 : 64.07"
"11,21 : 99.72"
"11,22 : 37.05"
"11,23 : 65.31"
"11,24 : 86.09"
"11,25 : 75.03"
"11,26 : 87.64"
"11,27 : 82.02"
"11,28 : 78.79"
"11,29 : 91.81"
"11,30 : 72.84"
"11,31 : 57.28"
"11,32 : 97.67"
"11,33 : 89.4"
"11,34 : 92.96"
"11,35 : 90.6"
"11,36 : 31.06"
"11,37 : 44.82"
"11,38 : 64.28"
"11,39 : 51.79"
"11,40 : 54.08"
"11,41 : 73.01"
"11,42 : 63.56"
"11,43 : 54.41"
"11,44 : 84.17"
"11,45 : 24.08"
"11,46 : 67.05"
"11,47 : 87.48"
"11,48 : 98.62"
"11,49 : 68.25"
"12,0 : 55.23"
"12,1 : 14.56"
"12,2 : 31.06"
"12,3 : 30.41"
"12,4 : 42.64"
"12,5 : 53.15"
"12,6 : 38.63"
"12,7 : 79.06"
"12,8 : 63.56"
"12,9 : 37.22"
"12,10 : 68.73"
"12,11 : 42.72"
"12,12 : 0.0"
"12,13 : 25.24"
"12,14 : 59.08"
"12,15 : 62.2"
"12,16 : 12.73"
"12,17 : 43.05"
"12,18 : 20.62"
"12,19 : 88.62"
"12,20 : 30.0"
"12,21 : 91.71"
"12,22 : 13.34"
"12,23 : 83.49"
"12,24 : 49.77"
"12,25 : 85.99"
"12,26 : 45.12"
"12,27 : 75.19"
"12,28 : 87.37"
"12,29 : 74.79"
"12,30 : 32.25"
"12,31 : 56.0"
"12,32 : 87.09"
"12,33 : 75.15"
"12,34 : 51.16"
"12,35 : 88.28"
"12,36 : 19.24"
"12,37 : 51.42"
"12,38 : 25.63"
"12,39 : 12.53"
"12,40 : 60.83"
"12,41 : 44.55"
"12,42 : 81.27"
"12,43 : 12.04"
"12,44 : 54.04"
"12,45 : 20.62"
"12,46 : 42.44"
"12,47 : 46.01"
"12,48 : 63.56"
"12,49 : 86.33"
"13,0 : 31.38"
"13,1 : 17.0"
"13,2 : 18.87"
"13,3 : 12.73"
"13,4 : 19.92"
"13,5 : 31.14"
"13,6 : 15.0"
"13,7 : 55.11"
"13,8 : 44.28"
"13,9 : 18.11"
"13,10 : 47.17"
"13,11 : 54.33"
"13,12 : 25.24"
"13,13 : 0.0"
"13,14 : 48.47"
"13,15 : 45.19"
"13,16 : 25.94"
"13,17 : 25.06"
"13,18 : 13.93"
"13,19 : 63.66"
"13,20 : 10.44"
"13,21 : 67.68"
"13,22 : 18.79"
"13,23 : 71.03"
"13,24 : 32.06"
"13,25 : 69.46"
"13,26 : 43.14"
"13,27 : 52.15"
"13,28 : 69.57"
"13,29 : 49.65"
"13,30 : 24.76"
"13,31 : 37.7"
"13,32 : 62.64"
"13,33 : 50.33"
"13,34 : 44.65"
"13,35 : 66.01"
"13,36 : 23.35"
"13,37 : 38.95"
"13,38 : 15.62"
"13,39 : 15.3"
"13,40 : 45.79"
"13,41 : 20.25"
"13,42 : 68.82"
"13,43 : 22.09"
"13,44 : 30.87"
"13,45 : 31.05"
"13,46 : 17.2"
"13,47 : 38.83"
"13,48 : 44.28"
"13,49 : 73.5"
"14,0 : 38.47"
"14,1 : 45.01"
"14,2 : 67.12"
"14,3 : 60.37"
"14,4 : 35.38"
"14,5 : 68.59"
"14,6 : 55.8"
"14,7 : 79.62"
"14,8 : 23.02"
"14,9 : 31.38"
"14,10 : 81.4"
"14,11 : 99.72"
"14,12 : 59.08"
"14,13 : 48.47"
"14,14 : 0.0"
"14,15 : 87.05"
"14,16 : 68.26"
"14,17 : 69.63"
"14,18 : 40.31"
"14,19 : 64.01"
"14,20 : 38.08"
"14,21 : 89.2"
"14,22 : 62.8"
"14,23 : 114.77"
"14,24 : 20.62"
"14,25 : 109.12"
"14,26 : 19.85"
"14,27 : 81.12"
"14,28 : 107.45"
"14,29 : 65.79"
"14,30 : 27.02"
"14,31 : 79.31"
"14,32 : 82.54"
"14,33 : 70.38"
"14,34 : 10.63"
"14,35 : 94.83"
"14,36 : 69.43"
"14,37 : 85.15"
"14,38 : 35.51"
"14,39 : 48.09"
"14,40 : 89.5"
"14,41 : 40.31"
"14,42 : 112.7"
"14,43 : 47.17"
"14,44 : 35.36"
"14,45 : 75.66"
"14,46 : 47.42"
"14,47 : 13.6"
"14,48 : 23.02"
"14,49 : 116.78"
"15,0 : 52.35"
"15,1 : 61.03"
"15,2 : 31.14"
"15,3 : 33.53"
"15,4 : 51.66"
"15,5 : 18.87"
"15,6 : 32.2"
"15,7 : 32.7"
"15,8 : 72.56"
"15,9 : 56.73"
"15,10 : 16.16"
"15,11 : 58.6"
"15,12 : 62.2"
"15,13 : 45.19"
"15,14 : 87.05"
"15,15 : 0.0"
"15,16 : 53.15"
"15,17 : 20.25"
"15,18 : 59.09"
"15,19 : 63.2"
"15,20 : 52.7"
"15,21 : 42.2"
"15,22 : 49.04"
"15,23 : 27.8"
"15,24 : 66.71"
"15,25 : 24.35"
"15,26 : 87.09"
"15,27 : 25.5"
"15,28 : 25.18"
"15,29 : 42.11"
"15,30 : 68.8"
"15,31 : 7.81"
"15,32 : 41.59"
"15,33 : 37.48"
"15,34 : 86.56"
"15,35 : 32.02"
"15,36 : 45.18"
"15,37 : 13.89"
"15,38 : 60.42"
"15,39 : 58.24"
"15,40 : 5.39"
"15,41 : 46.86"
"15,42 : 25.81"
"15,43 : 65.25"
"15,44 : 54.71"
"15,45 : 50.22"
"15,46 : 39.62"
"15,47 : 81.06"
"15,48 : 72.56"
"15,49 : 29.73"
"16,0 : 57.31"
"16,1 : 23.54"
"16,2 : 23.09"
"16,3 : 25.24"
"16,4 : 45.69"
"16,5 : 47.42"
"16,6 : 35.47"
"16,7 : 74.24"
"16,8 : 69.12"
"16,9 : 42.2"
"16,10 : 61.98"
"16,11 : 31.58"
"16,12 : 12.73"
"16,13 : 25.94"
"16,14 : 68.26"
"16,15 : 53.15"
"16,16 : 0.0"
"16,17 : 35.74"
"16,18 : 28.02"
"16,19 : 88.62"
"16,20 : 34.21"
"16,21 : 86.76"
"16,22 : 7.21"
"16,23 : 72.28"
"16,24 : 55.9"
"16,25 : 76.11"
"16,26 : 56.3"
"16,27 : 69.46"
"16,28 : 78.01"
"16,29 : 72.47"
"16,30 : 41.3"
"16,31 : 47.85"
"16,32 : 82.86"
"16,33 : 71.85"
"16,34 : 61.39"
"16,35 : 81.61"
"16,36 : 8.0"
"16,37 : 41.11"
"16,38 : 33.0"
"16,39 : 20.22"
"16,40 : 51.01"
"16,41 : 46.14"
"16,42 : 70.09"
"16,43 : 23.26"
"16,44 : 56.8"
"16,45 : 8.06"
"16,46 : 42.01"
"16,47 : 55.9"
"16,48 : 69.12"
"16,49 : 75.19"
"17,0 : 39.46"
"17,1 : 40.8"
"17,2 : 12.65"
"17,3 : 13.34"
"17,4 : 34.89"
"17,5 : 12.73"
"17,6 : 13.89"
"17,7 : 39.41"
"17,8 : 58.52"
"17,9 : 38.42"
"17,10 : 26.25"
"17,11 : 50.48"
"17,12 : 43.05"
"17,13 : 25.06"
"17,14 : 69.63"
"17,15 : 20.25"
"17,16 : 35.74"
"17,17 : 0.0"
"17,18 : 38.91"
"17,19 : 60.93"
"17,20 : 33.3"
"17,21 : 51.62"
"17,22 : 30.41"
"17,23 : 46.23"
"17,24 : 50.12"
"17,25 : 44.6"
"17,26 : 67.62"
"17,27 : 34.0"
"17,28 : 45.12"
"17,29 : 41.34"
"17,30 : 49.2"
"17,31 : 13.15"
"17,32 : 48.41"
"17,33 : 39.05"
"17,34 : 67.9"
"17,35 : 45.88"
"17,36 : 28.23"
"17,37 : 15.65"
"17,38 : 40.5"
"17,39 : 38.08"
"17,40 : 20.81"
"17,41 : 31.02"
"17,42 : 44.05"
"17,43 : 45.12"
"17,44 : 41.0"
"17,45 : 34.99"
"17,46 : 23.41"
"17,47 : 62.23"
"17,48 : 58.52"
"17,49 : 48.6"
"18,0 : 36.4"
"18,1 : 6.4"
"18,2 : 31.14"
"18,3 : 26.08"
"18,4 : 23.6"
"18,5 : 44.72"
"18,6 : 28.44"
"18,7 : 67.27"
"18,8 : 42.95"
"18,9 : 17.03"
"18,10 : 60.67"
"18,11 : 59.41"
"18,12 : 20.62"
"18,13 : 13.93"
"18,14 : 40.31"
"18,15 : 59.09"
"18,16 : 28.02"
"18,17 : 38.91"
"18,18 : 0.0"
"18,19 : 70.72"
"18,20 : 11.18"
"18,21 : 79.63"
"18,22 : 22.56"
"18,23 : 84.6"
"18,24 : 29.15"
"18,25 : 83.38"
"18,26 : 30.81"
"18,27 : 65.01"
"18,28 : 83.49"
"18,29 : 59.77"
"18,30 : 13.6"
"18,31 : 51.62"
"18,32 : 74.15"
"18,33 : 61.39"
"18,34 : 34.18"
"18,35 : 79.1"
"18,36 : 29.41"
"18,37 : 52.2"
"18,38 : 5.1"
"18,39 : 8.25"
"18,40 : 59.54"
"18,41 : 26.83"
"18,42 : 82.38"
"18,43 : 11.4"
"18,44 : 34.71"
"18,45 : 35.36"
"18,46 : 27.46"
"18,47 : 28.46"
"18,48 : 42.95"
"18,49 : 87.13"
"19,0 : 34.48"
"19,1 : 76.84"
"19,2 : 69.97"
"19,3 : 64.64"
"19,4 : 47.17"
"19,5 : 49.34"
"19,6 : 53.82"
"19,7 : 33.96"
"19,8 : 41.0"
"19,9 : 54.59"
"19,10 : 48.01"
"19,11 : 110.94"
"19,12 : 88.62"
"19,13 : 63.66"
"19,14 : 64.01"
"19,15 : 63.2"
"19,16 : 88.62"
"19,17 : 60.93"
"19,18 : 70.72"
"19,19 : 0.0"
"19,20 : 59.64"
"19,21 : 35.23"
"19,22 : 81.47"
"19,23 : 85.84"
"19,24 : 49.48"
"19,25 : 73.25"
"19,26 : 78.26"
"19,27 : 40.45"
"19,28 : 68.96"
"19,29 : 21.1"
"19,30 : 68.15"
"19,31 : 59.03"
"19,32 : 29.53"
"19,33 : 26.02"
"19,34 : 71.34"
"19,35 : 47.42"
"19,36 : 83.6"
"19,37 : 72.03"
"19,38 : 67.23"
"19,39 : 77.01"
"19,40 : 68.36"
"19,41 : 44.2"
"19,42 : 84.59"
"19,43 : 82.1"
"19,44 : 36.67"
"19,45 : 91.61"
"19,46 : 46.69"
"19,47 : 69.05"
"19,48 : 41.0"
"19,49 : 86.31"
"20,0 : 25.5"
"20,1 : 17.2"
"20,2 : 29.07"
"20,3 : 22.47"
"20,4 : 12.73"
"20,5 : 36.4"
"20,6 : 20.59"
"20,7 : 57.01"
"20,8 : 34.93"
"20,9 : 8.06"
"20,10 : 51.92"
"20,11 : 64.07"
"20,12 : 30.0"
"20,13 : 10.44"
"20,14 : 38.08"
"20,15 : 52.7"
"20,16 : 34.21"
"20,17 : 33.3"
"20,18 : 11.18"
"20,19 : 59.64"
"20,20 : 0.0"
"20,21 : 69.18"
"20,22 : 27.46"
"20,23 : 79.51"
"20,24 : 22.02"
"20,25 : 76.54"
"20,26 : 34.41"
"20,27 : 55.33"
"20,28 : 76.06"
"20,29 : 48.76"
"20,30 : 16.12"
"20,31 : 44.94"
"20,32 : 63.51"
"20,33 : 50.64"
"20,34 : 34.83"
"20,35 : 69.58"
"20,36 : 33.02"
"20,37 : 48.17"
"20,38 : 9.0"
"20,39 : 17.69"
"20,40 : 54.04"
"20,41 : 15.65"
"20,42 : 77.34"
"20,43 : 22.47"
"20,44 : 24.08"
"20,45 : 40.31"
"20,46 : 17.0"
"20,47 : 29.07"
"20,48 : 34.93"
"20,49 : 81.84"
"21,0 : 51.42"
"21,1 : 84.34"
"21,2 : 64.01"
"21,3 : 61.85"
"21,4 : 60.13"
"21,5 : 39.36"
"21,6 : 53.16"
"21,7 : 12.65"
"21,8 : 67.54"
"21,9 : 68.07"
"21,10 : 26.87"
"21,11 : 99.72"
"21,12 : 91.71"
"21,13 : 67.68"
"21,14 : 89.2"
"21,15 : 42.2"
"21,16 : 86.76"
"21,17 : 51.62"
"21,18 : 79.63"
"21,19 : 35.23"
"21,20 : 69.18"
"21,21 : 0.0"
"21,22 : 80.62"
"21,23 : 56.57"
"21,24 : 70.09"
"21,25 : 42.05"
"21,26 : 98.15"
"21,27 : 17.8"
"21,28 : 37.0"
"21,29 : 23.41"
"21,30 : 83.05"
"21,31 : 42.45"
"21,32 : 6.71"
"21,33 : 19.24"
"21,34 : 93.62"
"21,35 : 14.0"
"21,36 : 79.65"
"21,37 : 55.23"
"21,38 : 78.16"
"21,39 : 82.98"
"21,40 : 47.43"
"21,41 : 55.04"
"21,42 : 55.9"
"21,43 : 89.63"
"21,44 : 54.57"
"21,45 : 86.61"
"21,46 : 52.24"
"21,47 : 89.63"
"21,48 : 67.54"
"21,49 : 56.22"
"22,0 : 50.12"
"22,1 : 19.24"
"22,2 : 18.03"
"22,3 : 18.79"
"22,4 : 38.63"
"22,5 : 41.44"
"22,6 : 28.6"
"22,7 : 68.03"
"22,8 : 62.37"
"22,9 : 35.51"
"22,10 : 56.52"
"22,11 : 37.05"
"22,12 : 13.34"
"22,13 : 18.79"
"22,14 : 62.8"
"22,15 : 49.04"
"22,16 : 7.21"
"22,17 : 30.41"
"22,18 : 22.56"
"22,19 : 81.47"
"22,20 : 27.46"
"22,21 : 80.62"
"22,22 : 0.0"
"22,23 : 70.23"
"22,24 : 49.37"
"22,25 : 72.69"
"22,26 : 52.33"
"22,27 : 63.57"
"22,28 : 74.17"
"22,29 : 65.6"
"22,30 : 36.14"
"22,31 : 43.1"
"22,32 : 76.48"
"22,33 : 65.19"
"22,34 : 56.61"
"22,35 : 76.16"
"22,36 : 7.21"
"22,37 : 38.08"
"22,38 : 27.29"
"22,39 : 15.65"
"22,40 : 47.52"
"22,41 : 38.95"
"22,42 : 68.01"
"22,43 : 20.52"
"22,44 : 49.66"
"22,45 : 13.0"
"22,46 : 34.83"
"22,47 : 50.96"
"22,48 : 62.37"
"22,49 : 73.05"
"23,0 : 79.92"
"23,1 : 85.48"
"23,2 : 54.12"
"23,3 : 58.52"
"23,4 : 79.4"
"23,5 : 46.62"
"23,6 : 59.41"
"23,7 : 52.15"
"23,8 : 100.17"
"23,9 : 84.15"
"23,10 : 38.6"
"23,11 : 65.31"
"23,12 : 83.49"
"23,13 : 71.03"
"23,14 : 114.77"
"23,15 : 27.8"
"23,16 : 72.28"
"23,17 : 46.23"
"23,18 : 84.6"
"23,19 : 85.84"
"23,20 : 79.51"
"23,21 : 56.57"
"23,22 : 70.23"
"23,23 : 0.0"
"23,24 : 94.49"
"23,25 : 15.23"
"23,26 : 113.85"
"23,27 : 45.4"
"23,28 : 20.62"
"23,29 : 65.51"
"23,30 : 95.43"
"23,31 : 35.47"
"23,32 : 59.03"
"23,33 : 60.02"
"23,34 : 113.9"
"23,35 : 42.76"
"23,36 : 64.56"
"23,37 : 32.65"
"23,38 : 86.61"
"23,39 : 82.3"
"23,40 : 25.5"
"23,41 : 74.65"
"23,42 : 2.24"
"23,43 : 89.0"
"23,44 : 82.38"
"23,45 : 66.91"
"23,46 : 67.36"
"23,47 : 108.3"
"23,48 : 100.17"
"23,49 : 3.0"
"24,0 : 18.68"
"24,1 : 35.34"
"24,2 : 49.48"
"24,3 : 42.45"
"24,4 : 15.26"
"24,5 : 48.1"
"24,6 : 36.24"
"24,7 : 59.81"
"24,8 : 13.89"
"24,9 : 14.0"
"24,10 : 60.8"
"24,11 : 86.09"
"24,12 : 49.77"
"24,13 : 32.06"
"24,14 : 20.62"
"24,15 : 66.71"
"24,16 : 55.9"
"24,17 : 50.12"
"24,18 : 29.15"
"24,19 : 49.48"
"24,20 : 22.02"
"24,21 : 70.09"
"24,22 : 49.37"
"24,23 : 94.49"
"24,24 : 0.0"
"24,25 : 88.53"
"24,26 : 29.07"
"24,27 : 60.83"
"24,28 : 86.83"
"24,29 : 46.87"
"24,30 : 20.52"
"24,31 : 59.03"
"24,32 : 63.56"
"24,33 : 50.96"
"24,34 : 23.54"
"24,35 : 74.73"
"24,36 : 55.04"
"24,37 : 65.76"
"24,38 : 24.17"
"24,39 : 37.34"
"24,40 : 69.4"
"24,41 : 19.85"
"24,42 : 92.46"
"24,43 : 39.45"
"24,44 : 15.52"
"24,45 : 62.29"
"24,46 : 27.2"
"24,47 : 20.0"
"24,48 : 13.89"
"24,49 : 96.43"
"25,0 : 72.25"
"25,1 : 85.38"
"25,2 : 55.11"
"25,3 : 57.87"
"25,4 : 74.03"
"25,5 : 40.8"
"25,6 : 55.95"
"25,7 : 39.29"
"25,8 : 92.31"
"25,9 : 79.88"
"25,10 : 28.6"
"25,11 : 75.03"
"25,12 : 85.99"
"25,13 : 69.46"
"25,14 : 109.12"
"25,15 : 24.35"
"25,16 : 76.11"
"25,17 : 44.6"
"25,18 : 83.38"
"25,19 : 73.25"
"25,20 : 76.54"
"25,21 : 42.05"
"25,22 : 72.69"
"25,23 : 15.23"
"25,24 : 88.53"
"25,25 : 0.0"
"25,26 : 110.79"
"25,27 : 33.24"
"25,28 : 5.39"
"25,29 : 53.85"
"25,30 : 92.66"
"25,31 : 31.78"
"25,32 : 45.18"
"25,33 : 48.1"
"25,34 : 109.62"
"25,35 : 28.07"
"25,36 : 68.12"
"25,37 : 35.01"
"25,38 : 84.53"
"25,39 : 82.57"
"25,40 : 25.18"
"25,41 : 68.88"
"25,42 : 15.26"
"25,43 : 89.56"
"25,44 : 75.01"
"25,45 : 72.06"
"25,46 : 62.2"
"25,47 : 104.29"
"25,48 : 92.31"
"25,49 : 14.32"
"26,0 : 47.1"
"26,1 : 33.11"
"26,2 : 61.62"
"26,3 : 55.87"
"26,4 : 38.6"
"26,5 : 70.24"
"26,6 : 54.92"
"26,7 : 87.1"
"26,8 : 38.63"
"26,9 : 31.38"
"26,10 : 85.09"
"26,11 : 87.64"
"26,12 : 45.12"
"26,13 : 43.14"
"26,14 : 19.85"
"26,15 : 87.09"
"26,16 : 56.3"
"26,17 : 67.62"
"26,18 : 30.81"
"26,19 : 78.26"
"26,20 : 34.41"
"26,21 : 98.15"
"26,22 : 52.33"
"26,23 : 113.85"
"26,24 : 29.07"
"26,25 : 110.79"
"26,26 : 0.0"
"26,27 : 86.98"
"26,28 : 110.06"
"26,29 : 75.33"
"26,30 : 18.44"
"26,31 : 79.32"
"26,32 : 91.79"
"26,33 : 78.92"
"26,34 : 9.22"
"26,35 : 101.24"
"26,36 : 59.48"
"26,37 : 82.07"
"26,38 : 27.59"
"26,39 : 36.67"
"26,40 : 88.41"
"26,41 : 43.97"
"26,42 : 111.66"
"26,43 : 33.24"
"26,44 : 44.05"
"26,45 : 64.26"
"26,46 : 49.24"
"26,47 : 9.22"
"26,48 : 38.63"
"26,49 : 116.21"
"27,0 : 42.72"
"27,1 : 69.12"
"27,2 : 46.52"
"27,3 : 44.92"
"27,4 : 48.38"
"27,5 : 22.14"
"27,6 : 37.22"
"27,7 : 7.28"
"27,8 : 61.72"
"27,9 : 55.79"
"27,10 : 9.43"
"27,11 : 82.02"
"27,12 : 75.19"
"27,13 : 52.15"
"27,14 : 81.12"
"27,15 : 25.5"
"27,16 : 69.46"
"27,17 : 34.0"
"27,18 : 65.01"
"27,19 : 40.45"
"27,20 : 55.33"
"27,21 : 17.8"
"27,22 : 63.57"
"27,23 : 45.4"
"27,24 : 60.83"
"27,25 : 33.24"
"27,26 : 86.98"
"27,27 : 0.0"
"27,28 : 29.53"
"27,29 : 20.62"
"27,30 : 70.41"
"27,31 : 24.76"
"27,32 : 16.12"
"27,33 : 14.87"
"27,34 : 83.77"
"27,35 : 14.32"
"27,36 : 62.17"
"27,37 : 37.8"
"27,38 : 64.28"
"27,39 : 67.36"
"27,40 : 30.87"
"27,41 : 43.01"
"27,42 : 44.18"
"27,43 : 74.24"
"27,44 : 45.79"
"27,45 : 68.96"
"27,46 : 38.47"
"27,47 : 79.12"
"27,48 : 61.72"
"27,49 : 45.89"
"28,0 : 70.01"
"28,1 : 85.87"
"28,2 : 56.32"
"28,3 : 58.46"
"28,4 : 72.67"
"28,5 : 39.82"
"28,6 : 55.54"
"28,7 : 35.11"
"28,8 : 89.87"
"28,9 : 78.89"
"28,10 : 26.17"
"28,11 : 78.79"
"28,12 : 87.37"
"28,13 : 69.57"
"28,14 : 107.45"
"28,15 : 25.18"
"28,16 : 78.01"
"28,17 : 45.12"
"28,18 : 83.49"
"28,19 : 68.96"
"28,20 : 76.06"
"28,21 : 37.0"
"28,22 : 74.17"
"28,23 : 20.62"
"28,24 : 86.83"
"28,25 : 5.39"
"28,26 : 110.06"
"28,27 : 29.53"
"28,28 : 0.0"
"28,29 : 50.09"
"28,30 : 92.14"
"28,31 : 32.02"
"28,32 : 40.45"
"28,33 : 44.28"
"28,34 : 108.45"
"28,35 : 23.0"
"28,36 : 70.01"
"28,37 : 37.22"
"28,38 : 84.31"
"28,39 : 83.2"
"28,40 : 27.07"
"28,41 : 67.42"
"28,42 : 20.59"
"28,43 : 90.24"
"28,44 : 72.86"
"28,45 : 74.43"
"28,46 : 61.06"
"28,47 : 103.25"
"28,48 : 89.87"
"28,49 : 19.65"
"29,0 : 28.28"
"29,1 : 65.19"
"29,2 : 51.74"
"29,3 : 47.42"
"29,4 : 38.21"
"29,5 : 29.07"
"29,6 : 37.01"
"29,7 : 15.62"
"29,8 : 44.29"
"29,9 : 46.27"
"29,10 : 27.17"
"29,11 : 91.81"
"29,12 : 74.79"
"29,13 : 49.65"
"29,14 : 65.79"
"29,15 : 42.11"
"29,16 : 72.47"
"29,17 : 41.34"
"29,18 : 59.77"
"29,19 : 21.1"
"29,20 : 48.76"
"29,21 : 23.41"
"29,22 : 65.6"
"29,23 : 65.51"
"29,24 : 46.87"
"29,25 : 53.85"
"29,26 : 75.33"
"29,27 : 20.62"
"29,28 : 50.09"
"29,29 : 0.0"
"29,30 : 61.2"
"29,31 : 38.08"
"29,32 : 16.76"
"29,33 : 5.83"
"29,34 : 70.41"
"29,35 : 31.11"
"29,36 : 66.48"
"29,37 : 51.24"
"29,38 : 57.49"
"29,39 : 64.47"
"29,40 : 47.27"
"29,41 : 33.54"
"29,42 : 64.13"
"29,43 : 70.58"
"29,44 : 31.4"
"29,45 : 74.25"
"29,46 : 32.7"
"29,47 : 66.61"
"29,48 : 44.29"
"29,49 : 66.22"
"30,0 : 34.21"
"30,1 : 18.0"
"30,2 : 43.42"
"30,3 : 37.48"
"30,4 : 23.02"
"30,5 : 52.39"
"30,6 : 36.72"
"30,7 : 71.34"
"30,8 : 34.06"
"30,9 : 15.0"
"30,10 : 67.68"
"30,11 : 72.84"
"30,12 : 32.25"
"30,13 : 24.76"
"30,14 : 27.02"
"30,15 : 68.8"
"30,16 : 41.3"
"30,17 : 49.2"
"30,18 : 13.6"
"30,19 : 68.15"
"30,20 : 16.12"
"30,21 : 83.05"
"30,22 : 36.14"
"30,23 : 95.43"
"30,24 : 20.52"
"30,25 : 92.66"
"30,26 : 18.44"
"30,27 : 70.41"
"30,28 : 92.14"
"30,29 : 61.2"
"30,30 : 0.0"
"30,31 : 61.06"
"30,32 : 77.0"
"30,33 : 64.0"
"30,34 : 20.62"
"30,35 : 84.72"
"30,36 : 43.01"
"30,37 : 63.66"
"30,38 : 9.43"
"30,39 : 21.1"
"30,40 : 70.0"
"30,41 : 28.02"
"30,42 : 93.24"
"30,43 : 20.62"
"30,44 : 31.62"
"30,45 : 48.84"
"30,46 : 32.02"
"30,47 : 14.87"
"30,48 : 34.06"
"30,49 : 97.8"
"31,0 : 45.19"
"31,1 : 53.85"
"31,2 : 25.08"
"31,3 : 26.48"
"31,4 : 43.93"
"31,5 : 11.7"
"31,6 : 24.41"
"31,7 : 31.4"
"31,8 : 65.3"
"31,9 : 48.92"
"31,10 : 15.62"
"31,11 : 57.28"
"31,12 : 56.0"
"31,13 : 37.7"
"31,14 : 79.31"
"31,15 : 7.81"
"31,16 : 47.85"
"31,17 : 13.15"
"31,18 : 51.62"
"31,19 : 59.03"
"31,20 : 44.94"
"31,21 : 42.45"
"31,22 : 43.1"
"31,23 : 35.47"
"31,24 : 59.03"
"31,25 : 31.78"
"31,26 : 79.32"
"31,27 : 24.76"
"31,28 : 32.02"
"31,29 : 38.08"
"31,30 : 61.06"
"31,31 : 0.0"
"31,32 : 40.61"
"31,33 : 34.18"
"31,34 : 78.75"
"31,35 : 34.44"
"31,36 : 40.02"
"31,37 : 13.42"
"31,38 : 52.77"
"31,39 : 51.2"
"31,40 : 10.77"
"31,41 : 39.2"
"31,42 : 33.42"
"31,43 : 58.25"
"31,44 : 47.41"
"31,45 : 45.88"
"31,46 : 31.89"
"31,47 : 73.25"
"31,48 : 65.3"
"31,49 : 37.48"
"32,0 : 44.91"
"32,1 : 79.08"
"32,2 : 60.46"
"32,3 : 57.71"
"32,4 : 54.01"
"32,5 : 35.81"
"32,6 : 48.47"
"32,7 : 9.22"
"32,8 : 60.84"
"32,9 : 62.0"
"32,10 : 25.55"
"32,11 : 97.67"
"32,12 : 87.09"
"32,13 : 62.64"
"32,14 : 82.54"
"32,15 : 41.59"
"32,16 : 82.86"
"32,17 : 48.41"
"32,18 : 74.15"
"32,19 : 29.53"
"32,20 : 63.51"
"32,21 : 6.71"
"32,22 : 76.48"
"32,23 : 59.03"
"32,24 : 63.56"
"32,25 : 45.18"
"32,26 : 91.79"
"32,27 : 16.12"
"32,28 : 40.45"
"32,29 : 16.76"
"32,30 : 77.0"
"32,31 : 40.61"
"32,32 : 0.0"
"32,33 : 13.0"
"32,34 : 87.1"
"32,35 : 18.03"
"32,36 : 76.01"
"32,37 : 53.82"
"32,38 : 72.44"
"32,39 : 77.88"
"32,40 : 46.96"
"32,41 : 49.01"
"32,42 : 58.14"
"32,43 : 84.4"
"32,44 : 48.05"
"32,45 : 83.23"
"32,46 : 46.69"
"32,47 : 83.19"
"32,48 : 60.84"
"32,49 : 59.01"
"33,0 : 32.28"
"33,1 : 66.48"
"33,2 : 50.25"
"33,3 : 46.62"
"33,4 : 41.01"
"33,5 : 26.4"
"33,6 : 36.72"
"33,7 : 9.9"
"33,8 : 49.4"
"33,9 : 49.0"
"33,10 : 22.0"
"33,11 : 89.4"
"33,12 : 75.15"
"33,13 : 50.33"
"33,14 : 70.38"
"33,15 : 37.48"
"33,16 : 71.85"
"33,17 : 39.05"
"33,18 : 61.39"
"33,19 : 26.02"
"33,20 : 50.64"
"33,21 : 19.24"
"33,22 : 65.19"
"33,23 : 60.02"
"33,24 : 50.96"
"33,25 : 48.1"
"33,26 : 78.92"
"33,27 : 14.87"
"33,28 : 44.28"
"33,29 : 5.83"
"33,30 : 64.0"
"33,31 : 34.18"
"33,32 : 13.0"
"33,33 : 0.0"
"33,34 : 74.46"
"33,35 : 25.5"
"33,36 : 65.44"
"33,37 : 47.54"
"33,38 : 59.54"
"33,39 : 65.46"
"33,40 : 42.76"
"33,41 : 36.01"
"33,42 : 58.69"
"33,43 : 71.84"
"33,44 : 35.44"
"33,45 : 73.0"
"33,46 : 33.96"
"33,47 : 70.41"
"33,48 : 49.4"
"33,49 : 60.64"
"34,0 : 42.2"
"34,1 : 37.85"
"34,2 : 63.51"
"34,3 : 57.2"
"34,4 : 35.85"
"34,5 : 68.82"
"34,6 : 54.49"
"34,7 : 83.17"
"34,8 : 30.81"
"34,9 : 29.83"
"34,10 : 82.86"
"34,11 : 92.96"
"34,12 : 51.16"
"34,13 : 44.65"
"34,14 : 10.63"
"34,15 : 86.56"
"34,16 : 61.39"
"34,17 : 67.9"
"34,18 : 34.18"
"34,19 : 71.34"
"34,20 : 34.83"
"34,21 : 93.62"
"34,22 : 56.61"
"34,23 : 113.9"
"34,24 : 23.54"
"34,25 : 109.62"
"34,26 : 9.22"
"34,27 : 83.77"
"34,28 : 108.45"
"34,29 : 70.41"
"34,30 : 20.62"
"34,31 : 78.75"
"34,32 : 87.1"
"34,33 : 74.46"
"34,34 : 0.0"
"34,35 : 97.86"
"34,36 : 63.57"
"34,37 : 82.98"
"34,38 : 29.97"
"34,39 : 41.23"
"34,40 : 88.41"
"34,41 : 41.18"
"34,42 : 111.76"
"34,43 : 39.12"
"34,44 : 39.05"
"34,45 : 69.12"
"34,46 : 47.43"
"34,47 : 5.83"
"34,48 : 30.81"
"34,49 : 116.1"
"35,0 : 56.36"
"35,1 : 83.01"
"35,2 : 58.52"
"35,3 : 57.87"
"35,4 : 62.64"
"35,5 : 35.23"
"35,6 : 51.01"
"35,7 : 15.62"
"35,8 : 74.63"
"35,9 : 70.09"
"35,10 : 19.65"
"35,11 : 90.6"
"35,12 : 88.28"
"35,13 : 66.01"
"35,14 : 94.83"
"35,15 : 32.02"
"35,16 : 81.61"
"35,17 : 45.88"
"35,18 : 79.1"
"35,19 : 47.42"
"35,20 : 69.58"
"35,21 : 14.0"
"35,22 : 76.16"
"35,23 : 42.76"
"35,24 : 74.73"
"35,25 : 28.07"
"35,26 : 101.24"
"35,27 : 14.32"
"35,28 : 23.0"
"35,29 : 31.11"
"35,30 : 84.72"
"35,31 : 34.44"
"35,32 : 18.03"
"35,33 : 25.5"
"35,34 : 97.86"
"35,35 : 0.0"
"35,36 : 74.0"
"35,37 : 45.8"
"35,38 : 78.52"
"35,39 : 81.1"
"35,40 : 36.8"
"35,41 : 57.28"
"35,42 : 42.2"
"35,43 : 88.05"
"35,44 : 59.48"
"35,45 : 80.23"
"35,46 : 52.77"
"35,47 : 93.3"
"35,48 : 74.63"
"35,49 : 42.3"
"36,0 : 53.85"
"36,1 : 26.42"
"36,2 : 15.65"
"36,3 : 19.1"
"36,4 : 43.17"
"36,5 : 40.31"
"36,6 : 29.83"
"36,7 : 67.23"
"36,8 : 67.6"
"36,9 : 41.05"
"36,10 : 54.42"
"36,11 : 31.06"
"36,12 : 19.24"
"36,13 : 23.35"
"36,14 : 69.43"
"36,15 : 45.18"
"36,16 : 8.0"
"36,17 : 28.23"
"36,18 : 29.41"
"36,19 : 83.6"
"36,20 : 33.02"
"36,21 : 79.65"
"36,22 : 7.21"
"36,23 : 64.56"
"36,24 : 55.04"
"36,25 : 68.12"
"36,26 : 59.48"
"36,27 : 62.17"
"36,28 : 70.01"
"36,29 : 66.48"
"36,30 : 43.01"
"36,31 : 40.02"
"36,32 : 76.01"
"36,33 : 65.44"
"36,34 : 63.57"
"36,35 : 74.0"
"36,36 : 0.0"
"36,37 : 33.14"
"36,38 : 33.96"
"36,39 : 22.83"
"36,40 : 43.01"
"36,41 : 42.72"
"36,42 : 62.36"
"36,43 : 27.66"
"36,44 : 53.76"
"36,45 : 8.06"
"36,46 : 37.59"
"36,47 : 57.87"
"36,48 : 67.6"
"36,49 : 67.45"
"37,0 : 54.57"
"37,1 : 52.84"
"37,2 : 21.47"
"37,3 : 26.25"
"37,4 : 50.54"
"37,5 : 23.09"
"37,6 : 29.53"
"37,7 : 44.65"
"37,8 : 74.0"
"37,9 : 53.82"
"37,10 : 28.43"
"37,11 : 44.82"
"37,12 : 51.42"
"37,13 : 38.95"
"37,14 : 85.15"
"37,15 : 13.89"
"37,16 : 41.11"
"37,17 : 15.65"
"37,18 : 52.2"
"37,19 : 72.03"
"37,20 : 48.17"
"37,21 : 55.23"
"37,22 : 38.08"
"37,23 : 32.65"
"37,24 : 65.76"
"37,25 : 35.01"
"37,26 : 82.07"
"37,27 : 37.8"
"37,28 : 37.22"
"37,29 : 51.24"
"37,30 : 63.66"
"37,31 : 13.42"
"37,32 : 53.82"
"37,33 : 47.54"
"37,34 : 82.98"
"37,35 : 45.8"
"37,36 : 33.14"
"37,37 : 0.0"
"37,38 : 54.56"
"37,39 : 49.65"
"37,40 : 10.2"
"37,41 : 46.62"
"37,42 : 30.41"
"37,43 : 56.36"
"37,44 : 56.32"
"37,45 : 37.22"
"37,46 : 39.0"
"37,47 : 77.23"
"37,48 : 74.0"
"37,49 : 35.34"
"38,0 : 32.76"
"38,1 : 11.18"
"38,2 : 34.06"
"38,3 : 28.32"
"38,4 : 20.12"
"38,5 : 44.92"
"38,6 : 28.79"
"38,7 : 66.01"
"38,8 : 38.01"
"38,9 : 12.81"
"38,10 : 60.64"
"38,11 : 64.28"
"38,12 : 25.63"
"38,13 : 15.62"
"38,14 : 35.51"
"38,15 : 60.42"
"38,16 : 33.0"
"38,17 : 40.5"
"38,18 : 5.1"
"38,19 : 67.23"
"38,20 : 9.0"
"38,21 : 78.16"
"38,22 : 27.29"
"38,23 : 86.61"
"38,24 : 24.17"
"38,25 : 84.53"
"38,26 : 27.59"
"38,27 : 64.28"
"38,28 : 84.31"
"38,29 : 57.49"
"38,30 : 9.43"
"38,31 : 52.77"
"38,32 : 72.44"
"38,33 : 59.54"
"38,34 : 29.97"
"38,35 : 78.52"
"38,36 : 33.96"
"38,37 : 54.56"
"38,38 : 0.0"
"38,39 : 13.34"
"38,40 : 61.29"
"38,41 : 24.04"
"38,42 : 84.4"
"38,43 : 15.62"
"38,44 : 30.81"
"38,45 : 40.2"
"38,46 : 26.0"
"38,47 : 24.17"
"38,48 : 38.01"
"38,49 : 89.05"
"39,0 : 43.14"
"39,1 : 3.61"
"39,2 : 28.18"
"39,3 : 24.74"
"39,4 : 30.41"
"39,5 : 46.0"
"39,6 : 30.15"
"39,7 : 70.41"
"39,8 : 51.08"
"39,9 : 24.7"
"39,10 : 62.01"
"39,11 : 51.79"
"39,12 : 12.53"
"39,13 : 15.3"
"39,14 : 48.09"
"39,15 : 58.24"
"39,16 : 20.22"
"39,17 : 38.08"
"39,18 : 8.25"
"39,19 : 77.01"
"39,20 : 17.69"
"39,21 : 82.98"
"39,22 : 15.65"
"39,23 : 82.3"
"39,24 : 37.34"
"39,25 : 82.57"
"39,26 : 36.67"
"39,27 : 67.36"
"39,28 : 83.2"
"39,29 : 64.47"
"39,30 : 21.1"
"39,31 : 51.2"
"39,32 : 77.88"
"39,33 : 65.46"
"39,34 : 41.23"
"39,35 : 81.1"
"39,36 : 22.83"
"39,37 : 49.65"
"39,38 : 13.34"
"39,39 : 0.0"
"39,40 : 57.94"
"39,41 : 32.8"
"39,42 : 80.06"
"39,43 : 7.07"
"39,44 : 41.77"
"39,45 : 27.89"
"39,46 : 31.78"
"39,47 : 35.69"
"39,48 : 51.08"
"39,49 : 84.97"
"40,0 : 55.95"
"40,1 : 60.93"
"40,2 : 30.08"
"40,3 : 33.54"
"40,4 : 54.2"
"40,5 : 22.47"
"40,6 : 33.94"
"40,7 : 38.08"
"40,8 : 76.03"
"40,9 : 58.69"
"40,10 : 21.54"
"40,11 : 54.08"
"40,12 : 60.83"
"40,13 : 45.79"
"40,14 : 89.5"
"40,15 : 5.39"
"40,16 : 51.01"
"40,17 : 20.81"
"40,18 : 59.54"
"40,19 : 68.36"
"40,20 : 54.04"
"40,21 : 47.43"
"40,22 : 47.52"
"40,23 : 25.5"
"40,24 : 69.4"
"40,25 : 25.18"
"40,26 : 88.41"
"40,27 : 30.87"
"40,28 : 27.07"
"40,29 : 47.27"
"40,30 : 70.0"
"40,31 : 10.77"
"40,32 : 46.96"
"40,33 : 42.76"
"40,34 : 88.41"
"40,35 : 36.8"
"40,36 : 43.01"
"40,37 : 10.2"
"40,38 : 61.29"
"40,39 : 57.94"
"40,40 : 0.0"
"40,41 : 49.65"
"40,42 : 23.35"
"40,43 : 64.85"
"40,44 : 58.14"
"40,45 : 47.38"
"40,46 : 42.2"
"40,47 : 82.81"
"40,48 : 76.03"
"40,49 : 27.8"
"41,0 : 11.18"
"41,1 : 32.76"
"41,2 : 33.02"
"41,3 : 26.08"
"41,4 : 5.39"
"41,5 : 28.28"
"41,6 : 17.46"
"41,7 : 43.42"
"41,8 : 27.66"
"41,9 : 13.04"
"41,10 : 41.68"
"41,11 : 73.01"
"41,12 : 44.55"
"41,13 : 20.25"
"41,14 : 40.31"
"41,15 : 46.86"
"41,16 : 46.14"
"41,17 : 31.02"
"41,18 : 26.83"
"41,19 : 44.2"
"41,20 : 15.65"
"41,21 : 55.04"
"41,22 : 38.95"
"41,23 : 74.65"
"41,24 : 19.85"
"41,25 : 68.88"
"41,26 : 43.97"
"41,27 : 43.01"
"41,28 : 67.42"
"41,29 : 33.54"
"41,30 : 28.02"
"41,31 : 39.2"
"41,32 : 49.01"
"41,33 : 36.01"
"41,34 : 41.18"
"41,35 : 57.28"
"41,36 : 42.72"
"41,37 : 46.62"
"41,38 : 24.04"
"41,39 : 32.8"
"41,40 : 49.65"
"41,41 : 0.0"
"41,42 : 72.62"
"41,43 : 38.08"
"41,44 : 11.18"
"41,45 : 50.7"
"41,46 : 7.62"
"41,47 : 36.25"
"41,48 : 27.66"
"41,49 : 76.58"
"42,0 : 78.03"
"42,1 : 83.24"
"42,2 : 51.88"
"42,3 : 56.3"
"42,4 : 77.34"
"42,5 : 44.65"
"42,6 : 57.28"
"42,7 : 51.04"
"42,8 : 98.27"
"42,9 : 82.02"
"42,10 : 37.11"
"42,11 : 63.56"
"42,12 : 81.27"
"42,13 : 68.82"
"42,14 : 112.7"
"42,15 : 25.81"
"42,16 : 70.09"
"42,17 : 44.05"
"42,18 : 82.38"
"42,19 : 84.59"
"42,20 : 77.34"
"42,21 : 55.9"
"42,22 : 68.01"
"42,23 : 2.24"
"42,24 : 92.46"
"42,25 : 15.26"
"42,26 : 111.66"
"42,27 : 44.18"
"42,28 : 20.59"
"42,29 : 64.13"
"42,30 : 93.24"
"42,31 : 33.42"
"42,32 : 58.14"
"42,33 : 58.69"
"42,34 : 111.76"
"42,35 : 42.2"
"42,36 : 62.36"
"42,37 : 30.41"
"42,38 : 84.4"
"42,39 : 80.06"
"42,40 : 23.35"
"42,41 : 72.62"
"42,42 : 0.0"
"42,43 : 86.76"
"42,44 : 80.45"
"42,45 : 64.78"
"42,46 : 65.3"
"42,47 : 106.15"
"42,48 : 98.27"
"42,49 : 5.1"
"43,0 : 47.8"
"43,1 : 5.39"
"43,2 : 34.93"
"43,3 : 31.78"
"43,4 : 35.0"
"43,5 : 53.01"
"43,6 : 37.05"
"43,7 : 77.1"
"43,8 : 53.34"
"43,9 : 28.28"
"43,10 : 69.03"
"43,11 : 54.41"
"43,12 : 12.04"
"43,13 : 22.09"
"43,14 : 47.17"
"43,15 : 65.25"
"43,16 : 23.26"
"43,17 : 45.12"
"43,18 : 11.4"
"43,19 : 82.1"
"43,20 : 22.47"
"43,21 : 89.63"
"43,22 : 20.52"
"43,23 : 89.0"
"43,24 : 39.45"
"43,25 : 89.56"
"43,26 : 33.24"
"43,27 : 74.24"
"43,28 : 90.24"
"43,29 : 70.58"
"43,30 : 20.62"
"43,31 : 58.25"
"43,32 : 84.4"
"43,33 : 71.84"
"43,34 : 39.12"
"43,35 : 88.05"
"43,36 : 27.66"
"43,37 : 56.36"
"43,38 : 15.62"
"43,39 : 7.07"
"43,40 : 64.85"
"43,41 : 38.08"
"43,42 : 86.76"
"43,43 : 0.0"
"43,44 : 46.1"
"43,45 : 31.3"
"43,46 : 37.95"
"43,47 : 34.0"
"43,48 : 53.34"
"43,49 : 91.71"
"44,0 : 3.16"
"44,1 : 41.04"
"44,2 : 44.1"
"44,3 : 37.22"
"44,4 : 11.4"
"44,5 : 35.85"
"44,6 : 28.07"
"44,7 : 44.38"
"44,8 : 17.89"
"44,9 : 18.03"
"44,10 : 46.69"
"44,11 : 84.17"
"44,12 : 54.04"
"44,13 : 30.87"
"44,14 : 35.36"
"44,15 : 54.71"
"44,16 : 56.8"
"44,17 : 41.0"
"44,18 : 34.71"
"44,19 : 36.67"
"44,20 : 24.08"
"44,21 : 54.57"
"44,22 : 49.66"
"44,23 : 82.38"
"44,24 : 15.52"
"44,25 : 75.01"
"44,26 : 44.05"
"44,27 : 45.79"
"44,28 : 72.86"
"44,29 : 31.4"
"44,30 : 31.62"
"44,31 : 47.41"
"44,32 : 48.05"
"44,33 : 35.44"
"44,34 : 39.05"
"44,35 : 59.48"
"44,36 : 53.76"
"44,37 : 56.32"
"44,38 : 30.81"
"44,39 : 41.77"
"44,40 : 58.14"
"44,41 : 11.18"
"44,42 : 80.45"
"44,43 : 46.1"
"44,44 : 0.0"
"44,45 : 61.68"
"44,46 : 18.03"
"44,47 : 35.23"
"44,48 : 17.89"
"44,49 : 84.05"
"45,0 : 61.85"
"45,1 : 31.32"
"45,2 : 22.8"
"45,3 : 27.02"
"45,4 : 50.96"
"45,5 : 47.43"
"45,6 : 37.8"
"45,7 : 74.33"
"45,8 : 75.13"
"45,9 : 48.37"
"45,10 : 60.84"
"45,11 : 24.08"
"45,12 : 20.62"
"45,13 : 31.05"
"45,14 : 75.66"
"45,15 : 50.22"
"45,16 : 8.06"
"45,17 : 34.99"
"45,18 : 35.36"
"45,19 : 91.61"
"45,20 : 40.31"
"45,21 : 86.61"
"45,22 : 13.0"
"45,23 : 66.91"
"45,24 : 62.29"
"45,25 : 72.06"
"45,26 : 64.26"
"45,27 : 68.96"
"45,28 : 74.43"
"45,29 : 74.25"
"45,30 : 48.84"
"45,31 : 45.88"
"45,32 : 83.23"
"45,33 : 73.0"
"45,34 : 69.12"
"45,35 : 80.23"
"45,36 : 8.06"
"45,37 : 37.22"
"45,38 : 40.2"
"45,39 : 27.89"
"45,40 : 47.38"
"45,41 : 50.7"
"45,42 : 64.78"
"45,43 : 31.3"
"45,44 : 61.68"
"45,45 : 0.0"
"45,46 : 45.65"
"45,47 : 63.56"
"45,48 : 75.13"
"45,49 : 69.87"
"46,0 : 17.12"
"46,1 : 32.57"
"46,2 : 26.31"
"46,3 : 19.65"
"46,4 : 12.04"
"46,5 : 21.4"
"46,6 : 10.05"
"46,7 : 40.01"
"46,8 : 35.17"
"46,9 : 17.89"
"46,10 : 35.85"
"46,11 : 67.05"
"46,12 : 42.44"
"46,13 : 17.2"
"46,14 : 47.42"
"46,15 : 39.62"
"46,16 : 42.01"
"46,17 : 23.41"
"46,18 : 27.46"
"46,19 : 46.69"
"46,20 : 17.0"
"46,21 : 52.24"
"46,22 : 34.83"
"46,23 : 67.36"
"46,24 : 27.2"
"46,25 : 62.2"
"46,26 : 49.24"
"46,27 : 38.47"
"46,28 : 61.06"
"46,29 : 32.7"
"46,30 : 32.02"
"46,31 : 31.89"
"46,32 : 46.69"
"46,33 : 33.96"
"46,34 : 47.43"
"46,35 : 52.77"
"46,36 : 37.59"
"46,37 : 39.0"
"46,38 : 26.0"
"46,39 : 31.78"
"46,40 : 42.2"
"46,41 : 7.62"
"46,42 : 65.3"
"46,43 : 37.95"
"46,44 : 18.03"
"46,45 : 45.65"
"46,46 : 0.0"
"46,47 : 42.19"
"46,48 : 35.17"
"46,49 : 69.35"
"47,0 : 38.33"
"47,1 : 32.39"
"47,2 : 57.69"
"47,3 : 51.4"
"47,4 : 30.87"
"47,5 : 63.51"
"47,6 : 48.92"
"47,7 : 78.85"
"47,8 : 29.55"
"47,9 : 24.41"
"47,10 : 77.83"
"47,11 : 87.48"
"47,12 : 46.01"
"47,13 : 38.83"
"47,14 : 13.6"
"47,15 : 81.06"
"47,16 : 55.9"
"47,17 : 62.23"
"47,18 : 28.46"
"47,19 : 69.05"
"47,20 : 29.07"
"47,21 : 89.63"
"47,22 : 50.96"
"47,23 : 108.3"
"47,24 : 20.0"
"47,25 : 104.29"
"47,26 : 9.22"
"47,27 : 79.12"
"47,28 : 103.25"
"47,29 : 66.61"
"47,30 : 14.87"
"47,31 : 73.25"
"47,32 : 83.19"
"47,33 : 70.41"
"47,34 : 5.83"
"47,35 : 93.3"
"47,36 : 57.87"
"47,37 : 77.23"
"47,38 : 24.17"
"47,39 : 35.69"
"47,40 : 82.81"
"47,41 : 36.25"
"47,42 : 106.15"
"47,43 : 34.0"
"47,44 : 35.23"
"47,45 : 63.56"
"47,46 : 42.19"
"47,47 : 0.0"
"47,48 : 29.55"
"47,49 : 110.54"
"48,0 : 20.25"
"48,1 : 49.19"
"48,2 : 60.21"
"48,3 : 53.15"
"48,4 : 25.02"
"48,5 : 53.71"
"48,6 : 45.12"
"48,7 : 59.08"
"48,8 : 0.0"
"48,9 : 26.93"
"48,10 : 63.78"
"48,11 : 98.62"
"48,12 : 63.56"
"48,13 : 44.28"
"48,14 : 23.02"
"48,15 : 72.56"
"48,16 : 69.12"
"48,17 : 58.52"
"48,18 : 42.95"
"48,19 : 41.0"
"48,20 : 34.93"
"48,21 : 67.54"
"48,22 : 62.37"
"48,23 : 100.17"
"48,24 : 13.89"
"48,25 : 92.31"
"48,26 : 38.63"
"48,27 : 61.72"
"48,28 : 89.87"
"48,29 : 44.29"
"48,30 : 34.06"
"48,31 : 65.3"
"48,32 : 60.84"
"48,33 : 49.4"
"48,34 : 30.81"
"48,35 : 74.63"
"48,36 : 67.6"
"48,37 : 74.0"
"48,38 : 38.01"
"48,39 : 51.08"
"48,40 : 76.03"
"48,41 : 27.66"
"48,42 : 98.27"
"48,43 : 53.34"
"48,44 : 17.89"
"48,45 : 75.13"
"48,46 : 35.17"
"48,47 : 29.55"
"48,48 : 0.0"
"48,49 : 101.79"
"49,0 : 81.54"
"49,1 : 88.12"
"49,2 : 56.8"
"49,3 : 61.06"
"49,4 : 81.39"
"49,5 : 48.41"
"49,6 : 61.62"
"49,7 : 52.47"
"49,8 : 101.79"
"49,9 : 86.31"
"49,10 : 39.56"
"49,11 : 68.25"
"49,12 : 86.33"
"49,13 : 73.5"
"49,14 : 116.78"
"49,15 : 29.73"
"49,16 : 75.19"
"49,17 : 48.6"
"49,18 : 87.13"
"49,19 : 86.31"
"49,20 : 81.84"
"49,21 : 56.22"
"49,22 : 73.05"
"49,23 : 3.0"
"49,24 : 96.43"
"49,25 : 14.32"
"49,26 : 116.21"
"49,27 : 45.89"
"49,28 : 19.65"
"49,29 : 66.22"
"49,30 : 97.8"
"49,31 : 37.48"
"49,32 : 59.01"
"49,33 : 60.64"
"49,34 : 116.1"
"49,35 : 42.3"
"49,36 : 67.45"
"49,37 : 35.34"
"49,38 : 89.05"
"49,39 : 84.97"
"49,40 : 27.8"
"49,41 : 76.58"
"49,42 : 5.1"
"49,43 : 91.71"
"49,44 : 84.05"
"49,45 : 69.87"
"49,46 : 69.35"
"49,47 : 110.54"
"49,48 : 101.79"
"49,49 : 0.0"
