x,y
87,40
56,33
61,37
42,77
35,3
60,72
78,55
8,78
63,94
27,12
77,68
95,47
100,91
37,46
48,86
71,99
68,81
10,77
32,58
8,90
40,88
15,25
98,2
55,100
96,64
68,25
84,83
20,91
54,33
43,65
10,35
21,79
55,11
45,70
71,44
92,90
12,12
4,50
82,8
3,86
56,16
68,72
91,73
41,10
55,14
24,82
45,16
25,60
15,93
63,95

Distanze
"0,0 : 0.0"
"0,1 : 31.78"
"0,2 : 26.17"
"0,3 : 58.26"
"0,4 : 63.82"
"0,5 : 41.87"
"0,6 : 17.49"
"0,7 : 87.66"
"0,8 : 59.09"
"0,9 : 66.21"
"0,10 : 29.73"
"0,11 : 10.63"
"0,12 : 52.63"
"0,13 : 50.36"
"0,14 : 60.31"
"0,15 : 61.13"
"0,16 : 45.19"
"0,17 : 85.43"
"0,18 : 57.87"
"0,19 : 93.49"
"0,20 : 67.18"
"0,21 : 73.55"
"0,22 : 39.56"
"0,23 : 68.0"
"0,24 : 25.63"
"0,25 : 24.21"
"0,26 : 43.1"
"0,27 : 84.2"
"0,28 : 33.73"
"0,29 : 50.61"
"0,30 : 77.16"
"0,31 : 76.66"
"0,32 : 43.19"
"0,33 : 51.61"
"0,34 : 16.49"
"0,35 : 50.25"
"0,36 : 80.06"
"0,37 : 83.6"
"0,38 : 32.39"
"0,39 : 95.77"
"0,40 : 39.2"
"0,41 : 37.22"
"0,42 : 33.24"
"0,43 : 54.92"
"0,44 : 41.23"
"0,45 : 75.72"
"0,46 : 48.37"
"0,47 : 65.15"
"0,48 : 89.4"
"0,49 : 60.01"
"1,0 : 31.78"
"1,1 : 0.0"
"1,2 : 6.4"
"1,3 : 46.17"
"1,4 : 36.62"
"1,5 : 39.2"
"1,6 : 31.11"
"1,7 : 65.8"
"1,8 : 61.4"
"1,9 : 35.81"
"1,10 : 40.82"
"1,11 : 41.44"
"1,12 : 72.8"
"1,13 : 23.02"
"1,14 : 53.6"
"1,15 : 67.68"
"1,16 : 49.48"
"1,17 : 63.66"
"1,18 : 34.66"
"1,19 : 74.52"
"1,20 : 57.28"
"1,21 : 41.77"
"1,22 : 52.2"
"1,23 : 67.01"
"1,24 : 50.61"
"1,25 : 14.42"
"1,26 : 57.31"
"1,27 : 68.26"
"1,28 : 2.0"
"1,29 : 34.54"
"1,30 : 46.04"
"1,31 : 57.8"
"1,32 : 22.02"
"1,33 : 38.6"
"1,34 : 18.6"
"1,35 : 67.42"
"1,36 : 48.75"
"1,37 : 54.71"
"1,38 : 36.07"
"1,39 : 74.95"
"1,40 : 17.0"
"1,41 : 40.8"
"1,42 : 53.15"
"1,43 : 27.46"
"1,44 : 19.03"
"1,45 : 58.52"
"1,46 : 20.25"
"1,47 : 41.11"
"1,48 : 72.67"
"1,49 : 62.39"
"2,0 : 26.17"
"2,1 : 6.4"
"2,2 : 0.0"
"2,3 : 44.28"
"2,4 : 42.8"
"2,5 : 35.01"
"2,6 : 24.76"
"2,7 : 67.01"
"2,8 : 57.04"
"2,9 : 42.2"
"2,10 : 34.89"
"2,11 : 35.44"
"2,12 : 66.61"
"2,13 : 25.63"
"2,14 : 50.7"
"2,15 : 62.8"
"2,16 : 44.55"
"2,17 : 64.82"
"2,18 : 35.81"
"2,19 : 74.95"
"2,20 : 55.15"
"2,21 : 47.54"
"2,22 : 50.93"
"2,23 : 63.29"
"2,24 : 44.2"
"2,25 : 13.89"
"2,26 : 51.43"
"2,27 : 67.8"
"2,28 : 8.06"
"2,29 : 33.29"
"2,30 : 51.04"
"2,31 : 58.0"
"2,32 : 26.68"
"2,33 : 36.67"
"2,34 : 12.21"
"2,35 : 61.4"
"2,36 : 55.01"
"2,37 : 58.46"
"2,38 : 35.81"
"2,39 : 75.93"
"2,40 : 21.59"
"2,41 : 35.69"
"2,42 : 46.86"
"2,43 : 33.6"
"2,44 : 23.77"
"2,45 : 58.26"
"2,46 : 26.4"
"2,47 : 42.72"
"2,48 : 72.47"
"2,49 : 58.03"
"3,0 : 58.26"
"3,1 : 46.17"
"3,2 : 44.28"
"3,3 : 0.0"
"3,4 : 74.33"
"3,5 : 18.68"
"3,6 : 42.19"
"3,7 : 34.01"
"3,8 : 27.02"
"3,9 : 66.71"
"3,10 : 36.14"
"3,11 : 60.9"
"3,12 : 59.67"
"3,13 : 31.4"
"3,14 : 10.82"
"3,15 : 36.4"
"3,16 : 26.31"
"3,17 : 32.0"
"3,18 : 21.47"
"3,19 : 36.4"
"3,20 : 11.18"
"3,21 : 58.59"
"3,22 : 93.6"
"3,23 : 26.42"
"3,24 : 55.54"
"3,25 : 58.14"
"3,26 : 42.43"
"3,27 : 26.08"
"3,28 : 45.61"
"3,29 : 12.04"
"3,30 : 52.8"
"3,31 : 21.1"
"3,32 : 67.27"
"3,33 : 7.62"
"3,34 : 43.93"
"3,35 : 51.66"
"3,36 : 71.59"
"3,37 : 46.62"
"3,38 : 79.76"
"3,39 : 40.02"
"3,40 : 62.59"
"3,41 : 26.48"
"3,42 : 49.16"
"3,43 : 67.01"
"3,44 : 64.33"
"3,45 : 18.68"
"3,46 : 61.07"
"3,47 : 24.04"
"3,48 : 31.38"
"3,49 : 27.66"
"4,0 : 63.82"
"4,1 : 36.62"
"4,2 : 42.8"
"4,3 : 74.33"
"4,4 : 0.0"
"4,5 : 73.39"
"4,6 : 67.48"
"4,7 : 79.71"
"4,8 : 95.21"
"4,9 : 12.04"
"4,10 : 77.39"
"4,11 : 74.4"
"4,12 : 109.4"
"4,13 : 43.05"
"4,14 : 84.01"
"4,15 : 102.53"
"4,16 : 84.69"
"4,17 : 78.11"
"4,18 : 55.08"
"4,19 : 91.09"
"4,20 : 85.15"
"4,21 : 29.73"
"4,22 : 63.01"
"4,23 : 99.04"
"4,24 : 86.27"
"4,25 : 39.66"
"4,26 : 93.81"
"4,27 : 89.27"
"4,28 : 35.51"
"4,29 : 62.51"
"4,30 : 40.61"
"4,31 : 77.28"
"4,32 : 21.54"
"4,33 : 67.74"
"4,34 : 54.56"
"4,35 : 104.01"
"4,36 : 24.7"
"4,37 : 56.3"
"4,38 : 47.27"
"4,39 : 88.96"
"4,40 : 24.7"
"4,41 : 76.49"
"4,42 : 89.64"
"4,43 : 9.22"
"4,44 : 22.83"
"4,45 : 79.76"
"4,46 : 16.4"
"4,47 : 57.87"
"4,48 : 92.2"
"4,49 : 96.17"
"5,0 : 41.87"
"5,1 : 39.2"
"5,2 : 35.01"
"5,3 : 18.68"
"5,4 : 73.39"
"5,5 : 0.0"
"5,6 : 24.76"
"5,7 : 52.35"
"5,8 : 22.2"
"5,9 : 68.48"
"5,10 : 17.46"
"5,11 : 43.01"
"5,12 : 44.28"
"5,13 : 34.71"
"5,14 : 18.44"
"5,15 : 29.15"
"5,16 : 12.04"
"5,17 : 50.25"
"5,18 : 31.3"
"5,19 : 55.03"
"5,20 : 25.61"
"5,21 : 65.07"
"5,22 : 79.65"
"5,23 : 28.44"
"5,24 : 36.88"
"5,25 : 47.68"
"5,26 : 26.4"
"5,27 : 44.28"
"5,28 : 39.46"
"5,29 : 18.38"
"5,30 : 62.2"
"5,31 : 39.62"
"5,32 : 61.2"
"5,33 : 15.13"
"5,34 : 30.08"
"5,35 : 36.72"
"5,36 : 76.84"
"5,37 : 60.17"
"5,38 : 67.68"
"5,39 : 58.69"
"5,40 : 56.14"
"5,41 : 8.0"
"5,42 : 31.02"
"5,43 : 64.85"
"5,44 : 58.22"
"5,45 : 37.36"
"5,46 : 57.97"
"5,47 : 37.0"
"5,48 : 49.66"
"5,49 : 23.19"
"6,0 : 17.49"
"6,1 : 31.11"
"6,2 : 24.76"
"6,3 : 42.19"
"6,4 : 67.48"
"6,5 : 24.76"
"6,6 : 0.0"
"6,7 : 73.68"
"6,8 : 41.79"
"6,9 : 66.71"
"6,10 : 13.04"
"6,11 : 18.79"
"6,12 : 42.19"
"6,13 : 41.98"
"6,14 : 43.14"
"6,15 : 44.55"
"6,16 : 27.86"
"6,17 : 71.47"
"6,18 : 46.1"
"6,19 : 78.26"
"6,20 : 50.33"
"6,21 : 69.78"
"6,22 : 56.65"
"6,23 : 50.54"
"6,24 : 20.12"
"6,25 : 31.62"
"6,26 : 28.64"
"6,27 : 68.26"
"6,28 : 32.56"
"6,29 : 36.4"
"6,30 : 70.88"
"6,31 : 61.85"
"6,32 : 49.65"
"6,33 : 36.25"
"6,34 : 13.04"
"6,35 : 37.7"
"6,36 : 78.77"
"6,37 : 74.17"
"6,38 : 47.17"
"6,39 : 81.15"
"6,40 : 44.78"
"6,41 : 19.72"
"6,42 : 22.2"
"6,43 : 58.26"
"6,44 : 47.01"
"6,45 : 60.37"
"6,46 : 51.09"
"6,47 : 53.24"
"6,48 : 73.57"
"6,49 : 42.72"
"7,0 : 87.66"
"7,1 : 65.8"
"7,2 : 67.01"
"7,3 : 34.01"
"7,4 : 79.71"
"7,5 : 52.35"
"7,6 : 73.68"
"7,7 : 0.0"
"7,8 : 57.28"
"7,9 : 68.68"
"7,10 : 69.72"
"7,11 : 92.36"
"7,12 : 92.91"
"7,13 : 43.19"
"7,14 : 40.79"
"7,15 : 66.41"
"7,16 : 60.07"
"7,17 : 2.24"
"7,18 : 31.24"
"7,19 : 12.0"
"7,20 : 33.53"
"7,21 : 53.46"
"7,22 : 117.8"
"7,23 : 51.89"
"7,24 : 89.11"
"7,25 : 80.06"
"7,26 : 76.16"
"7,27 : 17.69"
"7,28 : 64.35"
"7,29 : 37.34"
"7,30 : 43.05"
"7,31 : 13.04"
"7,32 : 81.84"
"7,33 : 37.85"
"7,34 : 71.59"
"7,35 : 84.85"
"7,36 : 66.12"
"7,37 : 28.28"
"7,38 : 101.86"
"7,39 : 9.43"
"7,40 : 78.41"
"7,41 : 60.3"
"7,42 : 83.15"
"7,43 : 75.58"
"7,44 : 79.4"
"7,45 : 16.49"
"7,46 : 72.2"
"7,47 : 24.76"
"7,48 : 16.55"
"7,49 : 57.57"
"8,0 : 59.09"
"8,1 : 61.4"
"8,2 : 57.04"
"8,3 : 27.02"
"8,4 : 95.21"
"8,5 : 22.2"
"8,6 : 41.79"
"8,7 : 57.28"
"8,8 : 0.0"
"8,9 : 89.55"
"8,10 : 29.53"
"8,11 : 56.86"
"8,12 : 37.12"
"8,13 : 54.59"
"8,14 : 17.0"
"8,15 : 9.43"
"8,16 : 13.93"
"8,17 : 55.66"
"8,18 : 47.51"
"8,19 : 55.15"
"8,20 : 23.77"
"8,21 : 84.05"
"8,22 : 98.43"
"8,23 : 10.0"
"8,24 : 44.6"
"8,25 : 69.18"
"8,26 : 23.71"
"8,27 : 43.1"
"8,28 : 61.66"
"8,29 : 35.23"
"8,30 : 79.31"
"8,31 : 44.6"
"8,32 : 83.38"
"8,33 : 30.0"
"8,34 : 50.64"
"8,35 : 29.27"
"8,36 : 96.57"
"8,37 : 73.6"
"8,38 : 88.07"
"8,39 : 60.53"
"8,40 : 78.31"
"8,41 : 22.56"
"8,42 : 35.0"
"8,43 : 86.83"
"8,44 : 80.4"
"8,45 : 40.8"
"8,46 : 80.05"
"8,47 : 50.99"
"8,48 : 48.01"
"8,49 : 1.0"
"9,0 : 66.21"
"9,1 : 35.81"
"9,2 : 42.2"
"9,3 : 66.71"
"9,4 : 12.04"
"9,5 : 68.48"
"9,6 : 66.71"
"9,7 : 68.68"
"9,8 : 89.55"
"9,9 : 0.0"
"9,10 : 75.07"
"9,11 : 76.48"
"9,12 : 107.56"
"9,13 : 35.44"
"9,14 : 76.92"
"9,15 : 97.49"
"9,16 : 80.26"
"9,17 : 67.19"
"9,18 : 46.27"
"9,19 : 80.28"
"9,20 : 77.1"
"9,21 : 17.69"
"9,22 : 71.7"
"9,23 : 92.35"
"9,24 : 86.4"
"9,25 : 43.01"
"9,26 : 91.05"
"9,27 : 79.31"
"9,28 : 34.21"
"9,29 : 55.36"
"9,30 : 28.6"
"9,31 : 67.27"
"9,32 : 28.02"
"9,33 : 60.73"
"9,34 : 54.41"
"9,35 : 101.53"
"9,36 : 15.0"
"9,37 : 44.42"
"9,38 : 55.15"
"9,39 : 77.79"
"9,40 : 29.27"
"9,41 : 72.67"
"9,42 : 88.41"
"9,43 : 14.14"
"9,44 : 28.07"
"9,45 : 70.06"
"9,46 : 18.44"
"9,47 : 48.04"
"9,48 : 81.88"
"9,49 : 90.47"
"10,0 : 29.73"
"10,1 : 40.82"
"10,2 : 34.89"
"10,3 : 36.14"
"10,4 : 77.39"
"10,5 : 17.46"
"10,6 : 13.04"
"10,7 : 69.72"
"10,8 : 29.53"
"10,9 : 75.07"
"10,10 : 0.0"
"10,11 : 27.66"
"10,12 : 32.53"
"10,13 : 45.65"
"10,14 : 34.13"
"10,15 : 31.58"
"10,16 : 15.81"
"10,17 : 67.6"
"10,18 : 46.1"
"10,19 : 72.42"
"10,20 : 42.06"
"10,21 : 75.45"
"10,22 : 69.26"
"10,23 : 38.83"
"10,24 : 19.42"
"10,25 : 43.93"
"10,26 : 16.55"
"10,27 : 61.47"
"10,28 : 41.88"
"10,29 : 34.13"
"10,30 : 74.69"
"10,31 : 57.07"
"10,32 : 61.1"
"10,33 : 32.06"
"10,34 : 24.74"
"10,35 : 26.63"
"10,36 : 85.8"
"10,37 : 75.19"
"10,38 : 60.21"
"10,39 : 76.16"
"10,40 : 56.08"
"10,41 : 9.85"
"10,42 : 14.87"
"10,43 : 68.26"
"10,44 : 58.31"
"10,45 : 54.82"
"10,46 : 61.06"
"10,47 : 52.61"
"10,48 : 66.85"
"10,49 : 30.41"
"11,0 : 10.63"
"11,1 : 41.44"
"11,2 : 35.44"
"11,3 : 60.9"
"11,4 : 74.4"
"11,5 : 43.01"
"11,6 : 18.79"
"11,7 : 92.36"
"11,8 : 56.86"
"11,9 : 76.48"
"11,10 : 27.66"
"11,11 : 0.0"
"11,12 : 44.28"
"11,13 : 58.01"
"11,14 : 61.07"
"11,15 : 57.27"
"11,16 : 43.42"
"11,17 : 90.14"
"11,18 : 63.95"
"11,19 : 97.05"
"11,20 : 68.6"
"11,21 : 82.97"
"11,22 : 45.1"
"11,23 : 66.4"
"11,24 : 17.03"
"11,25 : 34.83"
"11,26 : 37.64"
"11,27 : 86.95"
"11,28 : 43.32"
"11,29 : 55.03"
"11,30 : 85.84"
"11,31 : 80.62"
"11,32 : 53.81"
"11,33 : 55.04"
"11,34 : 24.19"
"11,35 : 43.1"
"11,36 : 90.08"
"11,37 : 91.05"
"11,38 : 41.11"
"11,39 : 99.92"
"11,40 : 49.82"
"11,41 : 36.8"
"11,42 : 26.31"
"11,43 : 65.46"
"11,44 : 51.86"
"11,45 : 79.16"
"11,46 : 58.83"
"11,47 : 71.2"
"11,48 : 92.28"
"11,49 : 57.69"
"12,0 : 52.63"
"12,1 : 72.8"
"12,2 : 66.61"
"12,3 : 59.67"
"12,4 : 109.4"
"12,5 : 44.28"
"12,6 : 42.19"
"12,7 : 92.91"
"12,8 : 37.12"
"12,9 : 107.56"
"12,10 : 32.53"
"12,11 : 44.28"
"12,12 : 0.0"
"12,13 : 77.42"
"12,14 : 52.24"
"12,15 : 30.08"
"12,16 : 33.53"
"12,17 : 91.08"
"12,18 : 75.58"
"12,19 : 92.01"
"12,20 : 60.07"
"12,21 : 107.62"
"12,22 : 89.02"
"12,23 : 45.89"
"12,24 : 27.29"
"12,25 : 73.35"
"12,26 : 17.89"
"12,27 : 80.0"
"12,28 : 74.03"
"12,29 : 62.65"
"12,30 : 106.0"
"12,31 : 79.91"
"12,32 : 91.79"
"12,33 : 58.87"
"12,34 : 55.23"
"12,35 : 8.06"
"12,36 : 118.26"
"12,37 : 104.39"
"12,38 : 84.93"
"12,39 : 97.13"
"12,40 : 86.95"
"12,41 : 37.22"
"12,42 : 20.12"
"12,43 : 100.21"
"12,44 : 89.19"
"12,45 : 76.53"
"12,46 : 93.01"
"12,47 : 81.15"
"12,48 : 85.02"
"12,49 : 37.22"
"13,0 : 50.36"
"13,1 : 23.02"
"13,2 : 25.63"
"13,3 : 31.4"
"13,4 : 43.05"
"13,5 : 34.71"
"13,6 : 41.98"
"13,7 : 43.19"
"13,8 : 54.59"
"13,9 : 35.44"
"13,10 : 45.65"
"13,11 : 58.01"
"13,12 : 77.42"
"13,13 : 0.0"
"13,14 : 41.48"
"13,15 : 62.97"
"13,16 : 46.75"
"13,17 : 41.11"
"13,18 : 13.0"
"13,19 : 52.7"
"13,20 : 42.11"
"13,21 : 30.41"
"13,22 : 75.21"
"13,23 : 56.92"
"13,24 : 61.68"
"13,25 : 37.44"
"13,26 : 59.82"
"13,27 : 48.1"
"13,28 : 21.4"
"13,29 : 19.92"
"13,30 : 29.15"
"13,31 : 36.67"
"13,32 : 39.36"
"13,33 : 25.3"
"13,34 : 34.06"
"13,35 : 70.43"
"13,36 : 42.2"
"13,37 : 33.24"
"13,38 : 58.9"
"13,39 : 52.5"
"13,40 : 35.51"
"13,41 : 40.46"
"13,42 : 60.37"
"13,43 : 36.22"
"13,44 : 36.72"
"13,45 : 38.28"
"13,46 : 31.05"
"13,47 : 18.44"
"13,48 : 51.89"
"13,49 : 55.47"
"14,0 : 60.31"
"14,1 : 53.6"
"14,2 : 50.7"
"14,3 : 10.82"
"14,4 : 84.01"
"14,5 : 18.44"
"14,6 : 43.14"
"14,7 : 40.79"
"14,8 : 17.0"
"14,9 : 76.92"
"14,10 : 34.13"
"14,11 : 61.07"
"14,12 : 52.24"
"14,13 : 41.48"
"14,14 : 0.0"
"14,15 : 26.42"
"14,16 : 20.62"
"14,17 : 39.05"
"14,18 : 32.25"
"14,19 : 40.2"
"14,20 : 8.25"
"14,21 : 69.35"
"14,22 : 97.75"
"14,23 : 15.65"
"14,24 : 52.8"
"14,25 : 64.2"
"14,26 : 36.12"
"14,27 : 28.44"
"14,28 : 53.34"
"14,29 : 21.59"
"14,30 : 63.6"
"14,31 : 27.89"
"14,32 : 75.33"
"14,33 : 16.28"
"14,34 : 47.89"
"14,35 : 44.18"
"14,36 : 82.29"
"14,37 : 56.85"
"14,38 : 85.09"
"14,39 : 45.0"
"14,40 : 70.46"
"14,41 : 24.41"
"14,42 : 44.92"
"14,43 : 76.32"
"14,44 : 72.34"
"14,45 : 24.33"
"14,46 : 70.06"
"14,47 : 34.71"
"14,48 : 33.73"
"14,49 : 17.49"
"15,0 : 61.13"
"15,1 : 67.68"
"15,2 : 62.8"
"15,3 : 36.4"
"15,4 : 102.53"
"15,5 : 29.15"
"15,6 : 44.55"
"15,7 : 66.41"
"15,8 : 9.43"
"15,9 : 97.49"
"15,10 : 31.58"
"15,11 : 57.27"
"15,12 : 30.08"
"15,13 : 62.97"
"15,14 : 26.42"
"15,15 : 0.0"
"15,16 : 18.25"
"15,17 : 64.85"
"15,18 : 56.59"
"15,19 : 63.64"
"15,20 : 32.89"
"15,21 : 92.8"
"15,22 : 100.69"
"15,23 : 16.03"
"15,24 : 43.01"
"15,25 : 74.06"
"15,26 : 20.62"
"15,27 : 51.62"
"15,28 : 68.15"
"15,29 : 44.05"
"15,30 : 88.41"
"15,31 : 53.85"
"15,32 : 89.44"
"15,33 : 38.95"
"15,34 : 55.0"
"15,35 : 22.85"
"15,36 : 105.12"
"15,37 : 83.01"
"15,38 : 91.66"
"15,39 : 69.23"
"15,40 : 84.34"
"15,41 : 27.17"
"15,42 : 32.8"
"15,43 : 93.92"
"15,44 : 86.49"
"15,45 : 49.98"
"15,46 : 86.98"
"15,47 : 60.31"
"15,48 : 56.32"
"15,49 : 8.94"
"16,0 : 45.19"
"16,1 : 49.48"
"16,2 : 44.55"
"16,3 : 26.31"
"16,4 : 84.69"
"16,5 : 12.04"
"16,6 : 27.86"
"16,7 : 60.07"
"16,8 : 13.93"
"16,9 : 80.26"
"16,10 : 15.81"
"16,11 : 43.42"
"16,12 : 33.53"
"16,13 : 46.75"
"16,14 : 20.62"
"16,15 : 18.25"
"16,16 : 0.0"
"16,17 : 58.14"
"16,18 : 42.72"
"16,19 : 60.67"
"16,20 : 28.86"
"16,21 : 77.1"
"16,22 : 84.5"
"16,23 : 23.02"
"16,24 : 32.76"
"16,25 : 56.0"
"16,26 : 16.12"
"16,27 : 49.03"
"16,28 : 50.0"
"16,29 : 29.68"
"16,30 : 74.03"
"16,31 : 47.04"
"16,32 : 71.2"
"16,33 : 25.5"
"16,34 : 37.12"
"16,35 : 25.63"
"16,36 : 88.87"
"16,37 : 71.11"
"16,38 : 74.33"
"16,39 : 65.19"
"16,40 : 66.1"
"16,41 : 9.0"
"16,42 : 24.35"
"16,43 : 75.96"
"16,44 : 68.25"
"16,45 : 44.01"
"16,46 : 68.95"
"16,47 : 47.85"
"16,48 : 54.34"
"16,49 : 14.87"
"17,0 : 85.43"
"17,1 : 63.66"
"17,2 : 64.82"
"17,3 : 32.0"
"17,4 : 78.11"
"17,5 : 50.25"
"17,6 : 71.47"
"17,7 : 2.24"
"17,8 : 55.66"
"17,9 : 67.19"
"17,10 : 67.6"
"17,11 : 90.14"
"17,12 : 91.08"
"17,13 : 41.11"
"17,14 : 39.05"
"17,15 : 64.85"
"17,16 : 58.14"
"17,17 : 0.0"
"17,18 : 29.07"
"17,19 : 13.15"
"17,20 : 31.95"
"17,21 : 52.24"
"17,22 : 115.62"
"17,23 : 50.54"
"17,24 : 86.98"
"17,25 : 77.9"
"17,26 : 74.24"
"17,27 : 17.2"
"17,28 : 62.23"
"17,29 : 35.11"
"17,30 : 42.0"
"17,31 : 11.18"
"17,32 : 79.88"
"17,33 : 35.69"
"17,34 : 69.35"
"17,35 : 83.02"
"17,36 : 65.03"
"17,37 : 27.66"
"17,38 : 99.72"
"17,39 : 11.4"
"17,40 : 76.4"
"17,41 : 58.22"
"17,42 : 81.1"
"17,43 : 73.82"
"17,44 : 77.42"
"17,45 : 14.87"
"17,46 : 70.33"
"17,47 : 22.67"
"17,48 : 16.76"
"17,49 : 55.97"
"18,0 : 57.87"
"18,1 : 34.66"
"18,2 : 35.81"
"18,3 : 21.47"
"18,4 : 55.08"
"18,5 : 31.3"
"18,6 : 46.1"
"18,7 : 31.24"
"18,8 : 47.51"
"18,9 : 46.27"
"18,10 : 46.1"
"18,11 : 63.95"
"18,12 : 75.58"
"18,13 : 13.0"
"18,14 : 32.25"
"18,15 : 56.59"
"18,16 : 42.72"
"18,17 : 29.07"
"18,18 : 0.0"
"18,19 : 40.0"
"18,20 : 31.05"
"18,21 : 37.12"
"18,22 : 86.56"
"18,23 : 47.89"
"18,24 : 64.28"
"18,25 : 48.84"
"18,26 : 57.7"
"18,27 : 35.11"
"18,28 : 33.3"
"18,29 : 13.04"
"18,30 : 31.83"
"18,31 : 23.71"
"18,32 : 52.33"
"18,33 : 17.69"
"18,34 : 41.44"
"18,35 : 68.0"
"18,36 : 50.16"
"18,37 : 29.12"
"18,38 : 70.71"
"18,39 : 40.31"
"18,40 : 48.37"
"18,41 : 38.63"
"18,42 : 60.88"
"18,43 : 48.84"
"18,44 : 49.65"
"18,45 : 25.3"
"18,46 : 43.97"
"18,47 : 7.28"
"18,48 : 38.91"
"18,49 : 48.27"
"19,0 : 93.49"
"19,1 : 74.52"
"19,2 : 74.95"
"19,3 : 36.4"
"19,4 : 91.09"
"19,5 : 55.03"
"19,6 : 78.26"
"19,7 : 12.0"
"19,8 : 55.15"
"19,9 : 80.28"
"19,10 : 72.42"
"19,11 : 97.05"
"19,12 : 92.01"
"19,13 : 52.7"
"19,14 : 40.2"
"19,15 : 63.64"
"19,16 : 60.67"
"19,17 : 13.15"
"19,18 : 40.0"
"19,19 : 0.0"
"19,20 : 32.06"
"19,21 : 65.38"
"19,22 : 125.87"
"19,23 : 48.05"
"19,24 : 91.76"
"19,25 : 88.46"
"19,26 : 76.32"
"19,27 : 12.04"
"19,28 : 73.25"
"19,29 : 43.01"
"19,30 : 55.04"
"19,31 : 17.03"
"19,32 : 91.92"
"19,33 : 42.06"
"19,34 : 78.01"
"19,35 : 84.0"
"19,36 : 78.1"
"19,37 : 40.2"
"19,38 : 110.45"
"19,39 : 6.4"
"19,40 : 88.2"
"19,41 : 62.64"
"19,42 : 84.72"
"19,43 : 86.54"
"19,44 : 89.36"
"19,45 : 17.89"
"19,46 : 82.73"
"19,47 : 34.48"
"19,48 : 7.62"
"19,49 : 55.23"
"20,0 : 67.18"
"20,1 : 57.28"
"20,2 : 55.15"
"20,3 : 11.18"
"20,4 : 85.15"
"20,5 : 25.61"
"20,6 : 50.33"
"20,7 : 33.53"
"20,8 : 23.77"
"20,9 : 77.1"
"20,10 : 42.06"
"20,11 : 68.6"
"20,12 : 60.07"
"20,13 : 42.11"
"20,14 : 8.25"
"20,15 : 32.89"
"20,16 : 28.86"
"20,17 : 31.95"
"20,18 : 31.05"
"20,19 : 32.06"
"20,20 : 0.0"
"20,21 : 67.78"
"20,22 : 103.73"
"20,23 : 19.21"
"20,24 : 60.93"
"20,25 : 68.94"
"20,26 : 44.28"
"20,27 : 20.22"
"20,28 : 56.75"
"20,29 : 23.19"
"20,30 : 60.9"
"20,31 : 21.02"
"20,32 : 78.45"
"20,33 : 18.68"
"20,34 : 53.82"
"20,35 : 52.04"
"20,36 : 80.99"
"20,37 : 52.35"
"20,38 : 90.35"
"20,39 : 37.05"
"20,40 : 73.76"
"20,41 : 32.25"
"20,42 : 53.16"
"20,43 : 78.01"
"20,44 : 75.5"
"20,45 : 17.09"
"20,46 : 72.17"
"20,47 : 31.76"
"20,48 : 25.5"
"20,49 : 24.04"
"21,0 : 73.55"
"21,1 : 41.77"
"21,2 : 47.54"
"21,3 : 58.59"
"21,4 : 29.73"
"21,5 : 65.07"
"21,6 : 69.78"
"21,7 : 53.46"
"21,8 : 84.05"
"21,9 : 17.69"
"21,10 : 75.45"
"21,11 : 82.97"
"21,12 : 107.62"
"21,13 : 30.41"
"21,14 : 69.35"
"21,15 : 92.8"
"21,16 : 77.1"
"21,17 : 52.24"
"21,18 : 37.12"
"21,19 : 65.38"
"21,20 : 67.78"
"21,21 : 0.0"
"21,22 : 86.13"
"21,23 : 85.0"
"21,24 : 89.9"
"21,25 : 53.0"
"21,26 : 90.14"
"21,27 : 66.19"
"21,28 : 39.81"
"21,29 : 48.83"
"21,30 : 11.18"
"21,31 : 54.33"
"21,32 : 42.38"
"21,33 : 54.08"
"21,34 : 59.14"
"21,35 : 100.77"
"21,36 : 13.34"
"21,37 : 27.31"
"21,38 : 69.12"
"21,39 : 62.17"
"21,40 : 41.98"
"21,41 : 70.84"
"21,42 : 89.89"
"21,43 : 30.02"
"21,44 : 41.48"
"21,45 : 57.71"
"21,46 : 31.32"
"21,47 : 36.4"
"21,48 : 68.0"
"21,49 : 84.88"
"22,0 : 39.56"
"22,1 : 52.2"
"22,2 : 50.93"
"22,3 : 93.6"
"22,4 : 63.01"
"22,5 : 79.65"
"22,6 : 56.65"
"22,7 : 117.8"
"22,8 : 98.43"
"22,9 : 71.7"
"22,10 : 69.26"
"22,11 : 45.1"
"22,12 : 89.02"
"22,13 : 75.21"
"22,14 : 97.75"
"22,15 : 100.69"
"22,16 : 84.5"
"22,17 : 115.62"
"22,18 : 86.56"
"22,19 : 125.87"
"22,20 : 103.73"
"22,21 : 86.13"
"22,22 : 0.0"
"22,23 : 107.02"
"22,24 : 62.03"
"22,25 : 37.8"
"22,26 : 82.2"
"22,27 : 118.34"
"22,28 : 53.82"
"22,29 : 83.63"
"22,30 : 93.98"
"22,31 : 108.89"
"22,32 : 43.93"
"22,33 : 86.21"
"22,34 : 49.93"
"22,35 : 88.2"
"22,36 : 86.58"
"22,37 : 105.55"
"22,38 : 17.09"
"22,39 : 126.81"
"22,40 : 44.27"
"22,41 : 76.16"
"22,42 : 71.34"
"22,43 : 57.56"
"22,44 : 44.64"
"22,45 : 108.98"
"22,46 : 54.82"
"22,47 : 93.24"
"22,48 : 123.17"
"22,49 : 99.37"
"23,0 : 68.0"
"23,1 : 67.01"
"23,2 : 63.29"
"23,3 : 26.42"
"23,4 : 99.04"
"23,5 : 28.44"
"23,6 : 50.54"
"23,7 : 51.89"
"23,8 : 10.0"
"23,9 : 92.35"
"23,10 : 38.83"
"23,11 : 66.4"
"23,12 : 45.89"
"23,13 : 56.92"
"23,14 : 15.65"
"23,15 : 16.03"
"23,16 : 23.02"
"23,17 : 50.54"
"23,18 : 47.89"
"23,19 : 48.05"
"23,20 : 19.21"
"23,21 : 85.0"
"23,22 : 107.02"
"23,23 : 0.0"
"23,24 : 54.56"
"23,25 : 76.12"
"23,26 : 33.62"
"23,27 : 36.14"
"23,28 : 67.01"
"23,29 : 37.0"
"23,30 : 79.06"
"23,31 : 39.96"
"23,32 : 89.0"
"23,33 : 31.62"
"23,34 : 58.24"
"23,35 : 38.33"
"23,36 : 97.94"
"23,37 : 71.42"
"23,38 : 95.88"
"23,39 : 53.85"
"23,40 : 84.01"
"23,41 : 30.87"
"23,42 : 45.0"
"23,43 : 91.08"
"23,44 : 86.0"
"23,45 : 35.85"
"23,46 : 84.59"
"23,47 : 50.0"
"23,48 : 40.61"
"23,49 : 9.43"
"24,0 : 25.63"
"24,1 : 50.61"
"24,2 : 44.2"
"24,3 : 55.54"
"24,4 : 86.27"
"24,5 : 36.88"
"24,6 : 20.12"
"24,7 : 89.11"
"24,8 : 44.6"
"24,9 : 86.4"
"24,10 : 19.42"
"24,11 : 17.03"
"24,12 : 27.29"
"24,13 : 61.68"
"24,14 : 52.8"
"24,15 : 43.01"
"24,16 : 32.76"
"24,17 : 86.98"
"24,18 : 64.28"
"24,19 : 91.76"
"24,20 : 60.93"
"24,21 : 89.9"
"24,22 : 62.03"
"24,23 : 54.56"
"24,24 : 0.0"
"24,25 : 48.01"
"24,26 : 22.47"
"24,27 : 80.65"
"24,28 : 52.2"
"24,29 : 53.01"
"24,30 : 90.76"
"24,31 : 76.49"
"24,32 : 67.01"
"24,33 : 51.35"
"24,34 : 32.02"
"24,35 : 26.31"
"24,36 : 98.79"
"24,37 : 93.06"
"24,38 : 57.72"
"24,39 : 95.57"
"24,40 : 62.48"
"24,41 : 29.12"
"24,42 : 10.3"
"24,43 : 77.08"
"24,44 : 64.66"
"24,45 : 74.22"
"24,46 : 70.04"
"24,47 : 71.11"
"24,48 : 86.03"
"24,49 : 45.28"
"25,0 : 24.21"
"25,1 : 14.42"
"25,2 : 13.89"
"25,3 : 58.14"
"25,4 : 39.66"
"25,5 : 47.68"
"25,6 : 31.62"
"25,7 : 80.06"
"25,8 : 69.18"
"25,9 : 43.01"
"25,10 : 43.93"
"25,11 : 34.83"
"25,12 : 73.35"
"25,13 : 37.44"
"25,14 : 64.2"
"25,15 : 74.06"
"25,16 : 56.0"
"25,17 : 77.9"
"25,18 : 48.84"
"25,19 : 88.46"
"25,20 : 68.94"
"25,21 : 53.0"
"25,22 : 37.8"
"25,23 : 76.12"
"25,24 : 48.01"
"25,25 : 0.0"
"25,26 : 60.17"
"25,27 : 81.61"
"25,28 : 16.12"
"25,29 : 47.17"
"25,30 : 58.86"
"25,31 : 71.59"
"25,32 : 19.1"
"25,33 : 50.54"
"25,34 : 19.24"
"25,35 : 69.29"
"25,36 : 57.49"
"25,37 : 68.71"
"25,38 : 22.02"
"25,39 : 89.14"
"25,40 : 15.0"
"25,41 : 47.0"
"25,42 : 53.23"
"25,43 : 30.89"
"25,44 : 17.03"
"25,45 : 72.01"
"25,46 : 24.7"
"25,47 : 55.44"
"25,48 : 86.21"
"25,49 : 70.18"
"26,0 : 43.1"
"26,1 : 57.31"
"26,2 : 51.43"
"26,3 : 42.43"
"26,4 : 93.81"
"26,5 : 26.4"
"26,6 : 28.64"
"26,7 : 76.16"
"26,8 : 23.71"
"26,9 : 91.05"
"26,10 : 16.55"
"26,11 : 37.64"
"26,12 : 17.89"
"26,13 : 59.82"
"26,14 : 36.12"
"26,15 : 20.62"
"26,16 : 16.12"
"26,17 : 74.24"
"26,18 : 57.7"
"26,19 : 76.32"
"26,20 : 44.28"
"26,21 : 90.14"
"26,22 : 82.2"
"26,23 : 33.62"
"26,24 : 22.47"
"26,25 : 60.17"
"26,26 : 0.0"
"26,27 : 64.5"
"26,28 : 58.31"
"26,29 : 44.78"
"26,30 : 88.2"
"26,31 : 63.13"
"26,32 : 77.62"
"26,33 : 41.11"
"26,34 : 41.11"
"26,35 : 10.63"
"26,36 : 101.12"
"26,37 : 86.54"
"26,38 : 75.03"
"26,39 : 81.06"
"26,40 : 72.62"
"26,41 : 19.42"
"26,42 : 12.21"
"26,43 : 84.72"
"26,44 : 74.85"
"26,45 : 60.01"
"26,46 : 77.52"
"26,47 : 63.32"
"26,48 : 69.72"
"26,49 : 24.19"
"27,0 : 84.2"
"27,1 : 68.26"
"27,2 : 67.8"
"27,3 : 26.08"
"27,4 : 89.27"
"27,5 : 44.28"
"27,6 : 68.26"
"27,7 : 17.69"
"27,8 : 43.1"
"27,9 : 79.31"
"27,10 : 61.47"
"27,11 : 86.95"
"27,12 : 80.0"
"27,13 : 48.1"
"27,14 : 28.44"
"27,15 : 51.62"
"27,16 : 49.03"
"27,17 : 17.2"
"27,18 : 35.11"
"27,19 : 12.04"
"27,20 : 20.22"
"27,21 : 66.19"
"27,22 : 118.34"
"27,23 : 36.14"
"27,24 : 80.65"
"27,25 : 81.61"
"27,26 : 64.5"
"27,27 : 0.0"
"27,28 : 67.23"
"27,29 : 34.71"
"27,30 : 56.89"
"27,31 : 12.04"
"27,32 : 87.32"
"27,33 : 32.65"
"27,34 : 69.35"
"27,35 : 72.01"
"27,36 : 79.4"
"27,37 : 44.01"
"27,38 : 103.6"
"27,39 : 17.72"
"27,40 : 83.19"
"27,41 : 51.62"
"27,42 : 73.25"
"27,43 : 83.68"
"27,44 : 84.58"
"27,45 : 9.85"
"27,46 : 79.06"
"27,47 : 31.4"
"27,48 : 5.39"
"27,49 : 43.19"
"28,0 : 33.73"
"28,1 : 2.0"
"28,2 : 8.06"
"28,3 : 45.61"
"28,4 : 35.51"
"28,5 : 39.46"
"28,6 : 32.56"
"28,7 : 64.35"
"28,8 : 61.66"
"28,9 : 34.21"
"28,10 : 41.88"
"28,11 : 43.32"
"28,12 : 74.03"
"28,13 : 21.4"
"28,14 : 53.34"
"28,15 : 68.15"
"28,16 : 50.0"
"28,17 : 62.23"
"28,18 : 33.3"
"28,19 : 73.25"
"28,20 : 56.75"
"28,21 : 39.81"
"28,22 : 53.82"
"28,23 : 67.01"
"28,24 : 52.2"
"28,25 : 16.12"
"28,26 : 58.31"
"28,27 : 67.23"
"28,28 : 0.0"
"28,29 : 33.84"
"28,30 : 44.05"
"28,31 : 56.61"
"28,32 : 22.02"
"28,33 : 38.08"
"28,34 : 20.25"
"28,35 : 68.51"
"28,36 : 46.96"
"28,37 : 52.81"
"28,38 : 37.54"
"28,39 : 73.55"
"28,40 : 17.12"
"28,41 : 41.44"
"28,42 : 54.49"
"28,43 : 26.42"
"28,44 : 19.03"
"28,45 : 57.45"
"28,46 : 19.24"
"28,47 : 39.62"
"28,48 : 71.56"
"28,49 : 62.65"
"29,0 : 50.61"
"29,1 : 34.54"
"29,2 : 33.29"
"29,3 : 12.04"
"29,4 : 62.51"
"29,5 : 18.38"
"29,6 : 36.4"
"29,7 : 37.34"
"29,8 : 35.23"
"29,9 : 55.36"
"29,10 : 34.13"
"29,11 : 55.03"
"29,12 : 62.65"
"29,13 : 19.92"
"29,14 : 21.59"
"29,15 : 44.05"
"29,16 : 29.68"
"29,17 : 35.11"
"29,18 : 13.04"
"29,19 : 43.01"
"29,20 : 23.19"
"29,21 : 48.83"
"29,22 : 83.63"
"29,23 : 37.0"
"29,24 : 53.01"
"29,25 : 47.17"
"29,26 : 44.78"
"29,27 : 34.71"
"29,28 : 33.84"
"29,29 : 0.0"
"29,30 : 44.6"
"29,31 : 26.08"
"29,32 : 55.32"
"29,33 : 5.39"
"29,34 : 35.0"
"29,35 : 55.01"
"29,36 : 61.4"
"29,37 : 41.79"
"29,38 : 69.07"
"29,39 : 45.18"
"29,40 : 50.7"
"29,41 : 25.96"
"29,42 : 48.66"
"29,43 : 55.04"
"29,44 : 52.39"
"29,45 : 25.5"
"29,46 : 49.04"
"29,47 : 18.68"
"29,48 : 39.6"
"29,49 : 36.06"
"30,0 : 77.16"
"30,1 : 46.04"
"30,2 : 51.04"
"30,3 : 52.8"
"30,4 : 40.61"
"30,5 : 62.2"
"30,6 : 70.88"
"30,7 : 43.05"
"30,8 : 79.31"
"30,9 : 28.6"
"30,10 : 74.69"
"30,11 : 85.84"
"30,12 : 106.0"
"30,13 : 29.15"
"30,14 : 63.6"
"30,15 : 88.41"
"30,16 : 74.03"
"30,17 : 42.0"
"30,18 : 31.83"
"30,19 : 55.04"
"30,20 : 60.9"
"30,21 : 11.18"
"30,22 : 93.98"
"30,23 : 79.06"
"30,24 : 90.76"
"30,25 : 58.86"
"30,26 : 88.2"
"30,27 : 56.89"
"30,28 : 44.05"
"30,29 : 44.6"
"30,30 : 0.0"
"30,31 : 45.35"
"30,32 : 51.0"
"30,33 : 49.5"
"30,34 : 61.66"
"30,35 : 98.74"
"30,36 : 23.09"
"30,37 : 16.16"
"30,38 : 76.9"
"30,39 : 51.48"
"30,40 : 49.77"
"30,41 : 68.8"
"30,42 : 89.47"
"30,43 : 39.82"
"30,44 : 49.66"
"30,45 : 49.04"
"30,46 : 39.82"
"30,47 : 29.15"
"30,48 : 58.22"
"30,49 : 80.06"
"31,0 : 76.66"
"31,1 : 57.8"
"31,2 : 58.0"
"31,3 : 21.1"
"31,4 : 77.28"
"31,5 : 39.62"
"31,6 : 61.85"
"31,7 : 13.04"
"31,8 : 44.6"
"31,9 : 67.27"
"31,10 : 57.07"
"31,11 : 80.62"
"31,12 : 79.91"
"31,13 : 36.67"
"31,14 : 27.89"
"31,15 : 53.85"
"31,16 : 47.04"
"31,17 : 11.18"
"31,18 : 23.71"
"31,19 : 17.03"
"31,20 : 21.02"
"31,21 : 54.33"
"31,22 : 108.89"
"31,23 : 39.96"
"31,24 : 76.49"
"31,25 : 71.59"
"31,26 : 63.13"
"31,27 : 12.04"
"31,28 : 56.61"
"31,29 : 26.08"
"31,30 : 45.35"
"31,31 : 0.0"
"31,32 : 76.03"
"31,33 : 25.63"
"31,34 : 61.03"
"31,35 : 71.85"
"31,36 : 67.6"
"31,37 : 33.62"
"31,38 : 93.61"
"31,39 : 19.31"
"31,40 : 72.07"
"31,41 : 47.52"
"31,42 : 70.26"
"31,43 : 71.84"
"31,44 : 73.36"
"31,45 : 4.24"
"31,46 : 67.42"
"31,47 : 19.42"
"31,48 : 15.23"
"31,49 : 44.94"
"32,0 : 43.19"
"32,1 : 22.02"
"32,2 : 26.68"
"32,3 : 67.27"
"32,4 : 21.54"
"32,5 : 61.2"
"32,6 : 49.65"
"32,7 : 81.84"
"32,8 : 83.38"
"32,9 : 28.02"
"32,10 : 61.1"
"32,11 : 53.81"
"32,12 : 91.79"
"32,13 : 39.36"
"32,14 : 75.33"
"32,15 : 89.44"
"32,16 : 71.2"
"32,17 : 79.88"
"32,18 : 52.33"
"32,19 : 91.92"
"32,20 : 78.45"
"32,21 : 42.38"
"32,22 : 43.93"
"32,23 : 89.0"
"32,24 : 67.01"
"32,25 : 19.1"
"32,26 : 77.62"
"32,27 : 87.32"
"32,28 : 22.02"
"32,29 : 55.32"
"32,30 : 51.0"
"32,31 : 76.03"
"32,32 : 0.0"
"32,33 : 59.84"
"32,34 : 36.67"
"32,35 : 87.24"
"32,36 : 43.01"
"32,37 : 64.2"
"32,38 : 27.17"
"32,39 : 91.26"
"32,40 : 5.1"
"32,41 : 62.37"
"32,42 : 71.69"
"32,43 : 14.04"
"32,44 : 3.0"
"32,45 : 77.47"
"32,46 : 11.18"
"32,47 : 57.45"
"32,48 : 91.24"
"32,49 : 84.38"
"33,0 : 51.61"
"33,1 : 38.6"
"33,2 : 36.67"
"33,3 : 7.62"
"33,4 : 67.74"
"33,5 : 15.13"
"33,6 : 36.25"
"33,7 : 37.85"
"33,8 : 30.0"
"33,9 : 60.73"
"33,10 : 32.06"
"33,11 : 55.04"
"33,12 : 58.87"
"33,13 : 25.3"
"33,14 : 16.28"
"33,15 : 38.95"
"33,16 : 25.5"
"33,17 : 35.69"
"33,18 : 17.69"
"33,19 : 42.06"
"33,20 : 18.68"
"33,21 : 54.08"
"33,22 : 86.21"
"33,23 : 31.62"
"33,24 : 51.35"
"33,25 : 50.54"
"33,26 : 41.11"
"33,27 : 32.65"
"33,28 : 38.08"
"33,29 : 5.39"
"33,30 : 49.5"
"33,31 : 25.63"
"33,32 : 59.84"
"33,33 : 0.0"
"33,34 : 36.77"
"33,35 : 51.08"
"33,36 : 66.73"
"33,37 : 45.62"
"33,38 : 72.2"
"33,39 : 44.94"
"33,40 : 55.11"
"33,41 : 23.09"
"33,42 : 46.1"
"33,43 : 60.13"
"33,44 : 56.89"
"33,45 : 24.19"
"33,46 : 54.0"
"33,47 : 22.36"
"33,48 : 37.8"
"33,49 : 30.81"
"34,0 : 16.49"
"34,1 : 18.6"
"34,2 : 12.21"
"34,3 : 43.93"
"34,4 : 54.56"
"34,5 : 30.08"
"34,6 : 13.04"
"34,7 : 71.59"
"34,8 : 50.64"
"34,9 : 54.41"
"34,10 : 24.74"
"34,11 : 24.19"
"34,12 : 55.23"
"34,13 : 34.06"
"34,14 : 47.89"
"34,15 : 55.0"
"34,16 : 37.12"
"34,17 : 69.35"
"34,18 : 41.44"
"34,19 : 78.01"
"34,20 : 53.82"
"34,21 : 59.14"
"34,22 : 49.93"
"34,23 : 58.24"
"34,24 : 32.02"
"34,25 : 19.24"
"34,26 : 41.11"
"34,27 : 69.35"
"34,28 : 20.25"
"34,29 : 35.0"
"34,30 : 61.66"
"34,31 : 61.03"
"34,32 : 36.67"
"34,33 : 36.77"
"34,34 : 0.0"
"34,35 : 50.57"
"34,36 : 67.12"
"34,37 : 67.27"
"34,38 : 37.64"
"34,39 : 79.92"
"34,40 : 31.76"
"34,41 : 28.16"
"34,42 : 35.23"
"34,43 : 45.34"
"34,44 : 34.0"
"34,45 : 60.44"
"34,46 : 38.21"
"34,47 : 48.7"
"34,48 : 74.41"
"34,49 : 51.62"
"35,0 : 50.25"
"35,1 : 67.42"
"35,2 : 61.4"
"35,3 : 51.66"
"35,4 : 104.01"
"35,5 : 36.72"
"35,6 : 37.7"
"35,7 : 84.85"
"35,8 : 29.27"
"35,9 : 101.53"
"35,10 : 26.63"
"35,11 : 43.1"
"35,12 : 8.06"
"35,13 : 70.43"
"35,14 : 44.18"
"35,15 : 22.85"
"35,16 : 25.63"
"35,17 : 83.02"
"35,18 : 68.0"
"35,19 : 84.0"
"35,20 : 52.04"
"35,21 : 100.77"
"35,22 : 88.2"
"35,23 : 38.33"
"35,24 : 26.31"
"35,25 : 69.29"
"35,26 : 10.63"
"35,27 : 72.01"
"35,28 : 68.51"
"35,29 : 55.01"
"35,30 : 98.74"
"35,31 : 71.85"
"35,32 : 87.24"
"35,33 : 51.08"
"35,34 : 50.57"
"35,35 : 0.0"
"35,36 : 111.73"
"35,37 : 96.66"
"35,38 : 82.61"
"35,39 : 89.09"
"35,40 : 82.29"
"35,41 : 30.0"
"35,42 : 17.03"
"35,43 : 94.87"
"35,44 : 84.53"
"35,45 : 68.47"
"35,46 : 87.66"
"35,47 : 73.41"
"35,48 : 77.06"
"35,49 : 29.43"
"36,0 : 80.06"
"36,1 : 48.75"
"36,2 : 55.01"
"36,3 : 71.59"
"36,4 : 24.7"
"36,5 : 76.84"
"36,6 : 78.77"
"36,7 : 66.12"
"36,8 : 96.57"
"36,9 : 15.0"
"36,10 : 85.8"
"36,11 : 90.08"
"36,12 : 118.26"
"36,13 : 42.2"
"36,14 : 82.29"
"36,15 : 105.12"
"36,16 : 88.87"
"36,17 : 65.03"
"36,18 : 50.16"
"36,19 : 78.1"
"36,20 : 80.99"
"36,21 : 13.34"
"36,22 : 86.58"
"36,23 : 97.94"
"36,24 : 98.79"
"36,25 : 57.49"
"36,26 : 101.12"
"36,27 : 79.4"
"36,28 : 46.96"
"36,29 : 61.4"
"36,30 : 23.09"
"36,31 : 67.6"
"36,32 : 43.01"
"36,33 : 66.73"
"36,34 : 67.12"
"36,35 : 111.73"
"36,36 : 0.0"
"36,37 : 38.83"
"36,38 : 70.11"
"36,39 : 74.55"
"36,40 : 44.18"
"36,41 : 82.07"
"36,42 : 99.81"
"36,43 : 29.07"
"36,44 : 43.05"
"36,45 : 71.02"
"36,46 : 33.24"
"36,47 : 49.73"
"36,48 : 81.06"
"36,49 : 97.42"
"37,0 : 83.6"
"37,1 : 54.71"
"37,2 : 58.46"
"37,3 : 46.62"
"37,4 : 56.3"
"37,5 : 60.17"
"37,6 : 74.17"
"37,7 : 28.28"
"37,8 : 73.6"
"37,9 : 44.42"
"37,10 : 75.19"
"37,11 : 91.05"
"37,12 : 104.39"
"37,13 : 33.24"
"37,14 : 56.85"
"37,15 : 83.01"
"37,16 : 71.11"
"37,17 : 27.66"
"37,18 : 29.12"
"37,19 : 40.2"
"37,20 : 52.35"
"37,21 : 27.31"
"37,22 : 105.55"
"37,23 : 71.42"
"37,24 : 93.06"
"37,25 : 68.71"
"37,26 : 86.54"
"37,27 : 44.01"
"37,28 : 52.81"
"37,29 : 41.79"
"37,30 : 16.16"
"37,31 : 33.62"
"37,32 : 64.2"
"37,33 : 45.62"
"37,34 : 67.27"
"37,35 : 96.66"
"37,36 : 38.83"
"37,37 : 0.0"
"37,38 : 88.59"
"37,39 : 36.01"
"37,40 : 62.13"
"37,41 : 67.68"
"37,42 : 89.99"
"37,43 : 54.49"
"37,44 : 62.43"
"37,45 : 37.74"
"37,46 : 53.26"
"37,47 : 23.26"
"37,48 : 44.38"
"37,49 : 74.2"
"38,0 : 32.39"
"38,1 : 36.07"
"38,2 : 35.81"
"38,3 : 79.76"
"38,4 : 47.27"
"38,5 : 67.68"
"38,6 : 47.17"
"38,7 : 101.86"
"38,8 : 88.07"
"38,9 : 55.15"
"38,10 : 60.21"
"38,11 : 41.11"
"38,12 : 84.93"
"38,13 : 58.9"
"38,14 : 85.09"
"38,15 : 91.66"
"38,16 : 74.33"
"38,17 : 99.72"
"38,18 : 70.71"
"38,19 : 110.45"
"38,20 : 90.35"
"38,21 : 69.12"
"38,22 : 17.09"
"38,23 : 95.88"
"38,24 : 57.72"
"38,25 : 22.02"
"38,26 : 75.03"
"38,27 : 103.6"
"38,28 : 37.54"
"38,29 : 69.07"
"38,30 : 76.9"
"38,31 : 93.61"
"38,32 : 27.17"
"38,33 : 72.2"
"38,34 : 37.64"
"38,35 : 82.61"
"38,36 : 70.11"
"38,37 : 88.59"
"38,38 : 0.0"
"38,39 : 111.02"
"38,40 : 27.2"
"38,41 : 65.51"
"38,42 : 65.62"
"38,43 : 41.05"
"38,44 : 27.66"
"38,45 : 94.02"
"38,46 : 37.85"
"38,47 : 77.16"
"38,48 : 108.23"
"38,49 : 89.05"
"39,0 : 95.77"
"39,1 : 74.95"
"39,2 : 75.93"
"39,3 : 40.02"
"39,4 : 88.96"
"39,5 : 58.69"
"39,6 : 81.15"
"39,7 : 9.43"
"39,8 : 60.53"
"39,9 : 77.79"
"39,10 : 76.16"
"39,11 : 99.92"
"39,12 : 97.13"
"39,13 : 52.5"
"39,14 : 45.0"
"39,15 : 69.23"
"39,16 : 65.19"
"39,17 : 11.4"
"39,18 : 40.31"
"39,19 : 6.4"
"39,20 : 37.05"
"39,21 : 62.17"
"39,22 : 126.81"
"39,23 : 53.85"
"39,24 : 95.57"
"39,25 : 89.14"
"39,26 : 81.06"
"39,27 : 17.72"
"39,28 : 73.55"
"39,29 : 45.18"
"39,30 : 51.48"
"39,31 : 19.31"
"39,32 : 91.26"
"39,33 : 44.94"
"39,34 : 79.92"
"39,35 : 89.09"
"39,36 : 74.55"
"39,37 : 36.01"
"39,38 : 111.02"
"39,39 : 0.0"
"39,40 : 87.8"
"39,41 : 66.49"
"39,42 : 88.96"
"39,43 : 84.97"
"39,44 : 88.81"
"39,45 : 21.38"
"39,46 : 81.63"
"39,47 : 34.06"
"39,48 : 13.89"
"39,49 : 60.67"
"40,0 : 39.2"
"40,1 : 17.0"
"40,2 : 21.59"
"40,3 : 62.59"
"40,4 : 24.7"
"40,5 : 56.14"
"40,6 : 44.78"
"40,7 : 78.41"
"40,8 : 78.31"
"40,9 : 29.27"
"40,10 : 56.08"
"40,11 : 49.82"
"40,12 : 86.95"
"40,13 : 35.51"
"40,14 : 70.46"
"40,15 : 84.34"
"40,16 : 66.1"
"40,17 : 76.4"
"40,18 : 48.37"
"40,19 : 88.2"
"40,20 : 73.76"
"40,21 : 41.98"
"40,22 : 44.27"
"40,23 : 84.01"
"40,24 : 62.48"
"40,25 : 15.0"
"40,26 : 72.62"
"40,27 : 83.19"
"40,28 : 17.12"
"40,29 : 50.7"
"40,30 : 49.77"
"40,31 : 72.07"
"40,32 : 5.1"
"40,33 : 55.11"
"40,34 : 31.76"
"40,35 : 82.29"
"40,36 : 44.18"
"40,37 : 62.13"
"40,38 : 27.2"
"40,39 : 87.8"
"40,40 : 0.0"
"40,41 : 57.27"
"40,42 : 66.89"
"40,43 : 16.16"
"40,44 : 2.24"
"40,45 : 73.35"
"40,46 : 11.0"
"40,47 : 53.82"
"40,48 : 87.24"
"40,49 : 79.31"
"41,0 : 37.22"
"41,1 : 40.8"
"41,2 : 35.69"
"41,3 : 26.48"
"41,4 : 76.49"
"41,5 : 8.0"
"41,6 : 19.72"
"41,7 : 60.3"
"41,8 : 22.56"
"41,9 : 72.67"
"41,10 : 9.85"
"41,11 : 36.8"
"41,12 : 37.22"
"41,13 : 40.46"
"41,14 : 24.41"
"41,15 : 27.17"
"41,16 : 9.0"
"41,17 : 58.22"
"41,18 : 38.63"
"41,19 : 62.64"
"41,20 : 32.25"
"41,21 : 70.84"
"41,22 : 76.16"
"41,23 : 30.87"
"41,24 : 29.12"
"41,25 : 47.0"
"41,26 : 19.42"
"41,27 : 51.62"
"41,28 : 41.44"
"41,29 : 25.96"
"41,30 : 68.8"
"41,31 : 47.52"
"41,32 : 62.37"
"41,33 : 23.09"
"41,34 : 28.16"
"41,35 : 30.0"
"41,36 : 82.07"
"41,37 : 67.68"
"41,38 : 65.51"
"41,39 : 66.49"
"41,40 : 57.27"
"41,41 : 0.0"
"41,42 : 23.02"
"41,43 : 67.62"
"41,44 : 59.44"
"41,45 : 45.12"
"41,46 : 60.54"
"41,47 : 44.64"
"41,48 : 57.01"
"41,49 : 23.54"
"42,0 : 33.24"
"42,1 : 53.15"
"42,2 : 46.86"
"42,3 : 49.16"
"42,4 : 89.64"
"42,5 : 31.02"
"42,6 : 22.2"
"42,7 : 83.15"
"42,8 : 35.0"
"42,9 : 88.41"
"42,10 : 14.87"
"42,11 : 26.31"
"42,12 : 20.12"
"42,13 : 60.37"
"42,14 : 44.92"
"42,15 : 32.8"
"42,16 : 24.35"
"42,17 : 81.1"
"42,18 : 60.88"
"42,19 : 84.72"
"42,20 : 53.16"
"42,21 : 89.89"
"42,22 : 71.34"
"42,23 : 45.0"
"42,24 : 10.3"
"42,25 : 53.23"
"42,26 : 12.21"
"42,27 : 73.25"
"42,28 : 54.49"
"42,29 : 48.66"
"42,30 : 89.47"
"42,31 : 70.26"
"42,32 : 71.69"
"42,33 : 46.1"
"42,34 : 35.23"
"42,35 : 17.03"
"42,36 : 99.81"
"42,37 : 89.99"
"42,38 : 65.62"
"42,39 : 88.96"
"42,40 : 66.89"
"42,41 : 23.02"
"42,42 : 0.0"
"42,43 : 80.43"
"42,44 : 69.12"
"42,45 : 67.6"
"42,46 : 73.25"
"42,47 : 67.27"
"42,48 : 78.59"
"42,49 : 35.61"
"43,0 : 54.92"
"43,1 : 27.46"
"43,2 : 33.6"
"43,3 : 67.01"
"43,4 : 9.22"
"43,5 : 64.85"
"43,6 : 58.26"
"43,7 : 75.58"
"43,8 : 86.83"
"43,9 : 14.14"
"43,10 : 68.26"
"43,11 : 65.46"
"43,12 : 100.21"
"43,13 : 36.22"
"43,14 : 76.32"
"43,15 : 93.92"
"43,16 : 75.96"
"43,17 : 73.82"
"43,18 : 48.84"
"43,19 : 86.54"
"43,20 : 78.01"
"43,21 : 30.02"
"43,22 : 57.56"
"43,23 : 91.08"
"43,24 : 77.08"
"43,25 : 30.89"
"43,26 : 84.72"
"43,27 : 83.68"
"43,28 : 26.42"
"43,29 : 55.04"
"43,30 : 39.82"
"43,31 : 71.84"
"43,32 : 14.04"
"43,33 : 60.13"
"43,34 : 45.34"
"43,35 : 94.87"
"43,36 : 29.07"
"43,37 : 54.49"
"43,38 : 41.05"
"43,39 : 84.97"
"43,40 : 16.16"
"43,41 : 67.62"
"43,42 : 80.43"
"43,43 : 0.0"
"43,44 : 14.56"
"43,45 : 73.98"
"43,46 : 7.21"
"43,47 : 52.5"
"43,48 : 86.98"
"43,49 : 87.8"
"44,0 : 41.23"
"44,1 : 19.03"
"44,2 : 23.77"
"44,3 : 64.33"
"44,4 : 22.83"
"44,5 : 58.22"
"44,6 : 47.01"
"44,7 : 79.4"
"44,8 : 80.4"
"44,9 : 28.07"
"44,10 : 58.31"
"44,11 : 51.86"
"44,12 : 89.19"
"44,13 : 36.72"
"44,14 : 72.34"
"44,15 : 86.49"
"44,16 : 68.25"
"44,17 : 77.42"
"44,18 : 49.65"
"44,19 : 89.36"
"44,20 : 75.5"
"44,21 : 41.48"
"44,22 : 44.64"
"44,23 : 86.0"
"44,24 : 64.66"
"44,25 : 17.03"
"44,26 : 74.85"
"44,27 : 84.58"
"44,28 : 19.03"
"44,29 : 52.39"
"44,30 : 49.66"
"44,31 : 73.36"
"44,32 : 3.0"
"44,33 : 56.89"
"44,34 : 34.0"
"44,35 : 84.53"
"44,36 : 43.05"
"44,37 : 62.43"
"44,38 : 27.66"
"44,39 : 88.81"
"44,40 : 2.24"
"44,41 : 59.44"
"44,42 : 69.12"
"44,43 : 14.56"
"44,44 : 0.0"
"44,45 : 74.73"
"44,46 : 10.2"
"44,47 : 54.92"
"44,48 : 88.55"
"44,49 : 81.39"
"45,0 : 75.72"
"45,1 : 58.52"
"45,2 : 58.26"
"45,3 : 18.68"
"45,4 : 79.76"
"45,5 : 37.36"
"45,6 : 60.37"
"45,7 : 16.49"
"45,8 : 40.8"
"45,9 : 70.06"
"45,10 : 54.82"
"45,11 : 79.16"
"45,12 : 76.53"
"45,13 : 38.28"
"45,14 : 24.33"
"45,15 : 49.98"
"45,16 : 44.01"
"45,17 : 14.87"
"45,18 : 25.3"
"45,19 : 17.89"
"45,20 : 17.09"
"45,21 : 57.71"
"45,22 : 108.98"
"45,23 : 35.85"
"45,24 : 74.22"
"45,25 : 72.01"
"45,26 : 60.01"
"45,27 : 9.85"
"45,28 : 57.45"
"45,29 : 25.5"
"45,30 : 49.04"
"45,31 : 4.24"
"45,32 : 77.47"
"45,33 : 24.19"
"45,34 : 60.44"
"45,35 : 68.47"
"45,36 : 71.02"
"45,37 : 37.74"
"45,38 : 94.02"
"45,39 : 21.38"
"45,40 : 73.35"
"45,41 : 45.12"
"45,42 : 67.6"
"45,43 : 73.98"
"45,44 : 74.73"
"45,45 : 0.0"
"45,46 : 69.26"
"45,47 : 22.02"
"45,48 : 14.21"
"45,49 : 41.11"
"46,0 : 48.37"
"46,1 : 20.25"
"46,2 : 26.4"
"46,3 : 61.07"
"46,4 : 16.4"
"46,5 : 57.97"
"46,6 : 51.09"
"46,7 : 72.2"
"46,8 : 80.05"
"46,9 : 18.44"
"46,10 : 61.06"
"46,11 : 58.83"
"46,12 : 93.01"
"46,13 : 31.05"
"46,14 : 70.06"
"46,15 : 86.98"
"46,16 : 68.95"
"46,17 : 70.33"
"46,18 : 43.97"
"46,19 : 82.73"
"46,20 : 72.17"
"46,21 : 31.32"
"46,22 : 54.82"
"46,23 : 84.59"
"46,24 : 70.04"
"46,25 : 24.7"
"46,26 : 77.52"
"46,27 : 79.06"
"46,28 : 19.24"
"46,29 : 49.04"
"46,30 : 39.82"
"46,31 : 67.42"
"46,32 : 11.18"
"46,33 : 54.0"
"46,34 : 38.21"
"46,35 : 87.66"
"46,36 : 33.24"
"46,37 : 53.26"
"46,38 : 37.85"
"46,39 : 81.63"
"46,40 : 11.0"
"46,41 : 60.54"
"46,42 : 73.25"
"46,43 : 7.21"
"46,44 : 10.2"
"46,45 : 69.26"
"46,46 : 0.0"
"46,47 : 48.33"
"46,48 : 82.64"
"46,49 : 81.02"
"47,0 : 65.15"
"47,1 : 41.11"
"47,2 : 42.72"
"47,3 : 24.04"
"47,4 : 57.87"
"47,5 : 37.0"
"47,6 : 53.24"
"47,7 : 24.76"
"47,8 : 50.99"
"47,9 : 48.04"
"47,10 : 52.61"
"47,11 : 71.2"
"47,12 : 81.15"
"47,13 : 18.44"
"47,14 : 34.71"
"47,15 : 60.31"
"47,16 : 47.85"
"47,17 : 22.67"
"47,18 : 7.28"
"47,19 : 34.48"
"47,20 : 31.76"
"47,21 : 36.4"
"47,22 : 93.24"
"47,23 : 50.0"
"47,24 : 71.11"
"47,25 : 55.44"
"47,26 : 63.32"
"47,27 : 31.4"
"47,28 : 39.62"
"47,29 : 18.68"
"47,30 : 29.15"
"47,31 : 19.42"
"47,32 : 57.45"
"47,33 : 22.36"
"47,34 : 48.7"
"47,35 : 73.41"
"47,36 : 49.73"
"47,37 : 23.26"
"47,38 : 77.16"
"47,39 : 34.06"
"47,40 : 53.82"
"47,41 : 44.64"
"47,42 : 67.27"
"47,43 : 52.5"
"47,44 : 54.92"
"47,45 : 22.02"
"47,46 : 48.33"
"47,47 : 0.0"
"47,48 : 34.48"
"47,49 : 51.66"
"48,0 : 89.4"
"48,1 : 72.67"
"48,2 : 72.47"
"48,3 : 31.38"
"48,4 : 92.2"
"48,5 : 49.66"
"48,6 : 73.57"
"48,7 : 16.55"
"48,8 : 48.01"
"48,9 : 81.88"
"48,10 : 66.85"
"48,11 : 92.28"
"48,12 : 85.02"
"48,13 : 51.89"
"48,14 : 33.73"
"48,15 : 56.32"
"48,16 : 54.34"
"48,17 : 16.76"
"48,18 : 38.91"
"48,19 : 7.62"
"48,20 : 25.5"
"48,21 : 68.0"
"48,22 : 123.17"
"48,23 : 40.61"
"48,24 : 86.03"
"48,25 : 86.21"
"48,26 : 69.72"
"48,27 : 5.39"
"48,28 : 71.56"
"48,29 : 39.6"
"48,30 : 58.22"
"48,31 : 15.23"
"48,32 : 91.24"
"48,33 : 37.8"
"48,34 : 74.41"
"48,35 : 77.06"
"48,36 : 81.06"
"48,37 : 44.38"
"48,38 : 108.23"
"48,39 : 13.89"
"48,40 : 87.24"
"48,41 : 57.01"
"48,42 : 78.59"
"48,43 : 86.98"
"48,44 : 88.55"
"48,45 : 14.21"
"48,46 : 82.64"
"48,47 : 34.48"
"48,48 : 0.0"
"48,49 : 48.04"
"49,0 : 60.01"
"49,1 : 62.39"
"49,2 : 58.03"
"49,3 : 27.66"
"49,4 : 96.17"
"49,5 : 23.19"
"49,6 : 42.72"
"49,7 : 57.57"
"49,8 : 1.0"
"49,9 : 90.47"
"49,10 : 30.41"
"49,11 : 57.69"
"49,12 : 37.22"
"49,13 : 55.47"
"49,14 : 17.49"
"49,15 : 8.94"
"49,16 : 14.87"
"49,17 : 55.97"
"49,18 : 48.27"
"49,19 : 55.23"
"49,20 : 24.04"
"49,21 : 84.88"
"49,22 : 99.37"
"49,23 : 9.43"
"49,24 : 45.28"
"49,25 : 70.18"
"49,26 : 24.19"
"49,27 : 43.19"
"49,28 : 62.65"
"49,29 : 36.06"
"49,30 : 80.06"
"49,31 : 44.94"
"49,32 : 84.38"
"49,33 : 30.81"
"49,34 : 51.62"
"49,35 : 29.43"
"49,36 : 97.42"
"49,37 : 74.2"
"49,38 : 89.05"
"49,39 : 60.67"
"49,40 : 79.31"
"49,41 : 23.54"
"49,42 : 35.61"
"49,43 : 87.8"
"49,44 : 81.39"
"49,45 : 41.11"
"49,46 : 81.02"
"49,47 : 51.66"
"49,48 : 48.04"
"49,49 : 0.0"
