x,y
93,49
98,0
63,7
83,57
99,44
94,51
56,73
2,58
33,68
19,10
44,16
69,33
93,25
8,66
72,46
90,47
60,97
53,77
35,23
47,96
16,81
21,0
73,6
88,95
38,4
78,91
84,67
59,97
17,84
65,45
94,43
53,97
40,4
4,71
41,9
38,42
34,80
98,4
52,77
25,87
41,78
28,28
34,79
53,37
81,23
26,83
39,91
30,14
45,30
12,86

Distanze
"0,0 : 0.0"
"0,1 : 49.25"
"0,2 : 51.61"
"0,3 : 12.81"
"0,4 : 7.81"
"0,5 : 2.24"
"0,6 : 44.1"
"0,7 : 91.44"
"0,8 : 62.94"
"0,9 : 83.65"
"0,10 : 59.08"
"0,11 : 28.84"
"0,12 : 24.0"
"0,13 : 86.68"
"0,14 : 21.21"
"0,15 : 3.61"
"0,16 : 58.25"
"0,17 : 48.83"
"0,18 : 63.56"
"0,19 : 65.76"
"0,20 : 83.38"
"0,21 : 87.09"
"0,22 : 47.42"
"0,23 : 46.27"
"0,24 : 71.06"
"0,25 : 44.6"
"0,26 : 20.12"
"0,27 : 58.82"
"0,28 : 83.67"
"0,29 : 28.28"
"0,30 : 6.08"
"0,31 : 62.48"
"0,32 : 69.53"
"0,33 : 91.68"
"0,34 : 65.6"
"0,35 : 55.44"
"0,36 : 66.65"
"0,37 : 45.28"
"0,38 : 49.65"
"0,39 : 77.9"
"0,40 : 59.54"
"0,41 : 68.31"
"0,42 : 66.19"
"0,43 : 41.76"
"0,44 : 28.64"
"0,45 : 75.13"
"0,46 : 68.41"
"0,47 : 72.07"
"0,48 : 51.62"
"0,49 : 89.05"
"1,0 : 49.25"
"1,1 : 0.0"
"1,2 : 35.69"
"1,3 : 58.94"
"1,4 : 44.01"
"1,5 : 51.16"
"1,6 : 84.22"
"1,7 : 112.16"
"1,8 : 94.07"
"1,9 : 79.63"
"1,10 : 56.32"
"1,11 : 43.93"
"1,12 : 25.5"
"1,13 : 111.61"
"1,14 : 52.84"
"1,15 : 47.68"
"1,16 : 104.18"
"1,17 : 89.19"
"1,18 : 67.07"
"1,19 : 108.71"
"1,20 : 115.26"
"1,21 : 77.0"
"1,22 : 25.71"
"1,23 : 95.52"
"1,24 : 60.13"
"1,25 : 93.17"
"1,26 : 68.45"
"1,27 : 104.55"
"1,28 : 116.69"
"1,29 : 55.8"
"1,30 : 43.19"
"1,31 : 106.93"
"1,32 : 58.14"
"1,33 : 117.8"
"1,34 : 57.71"
"1,35 : 73.24"
"1,36 : 102.45"
"1,37 : 4.0"
"1,38 : 89.69"
"1,39 : 113.57"
"1,40 : 96.61"
"1,41 : 75.39"
"1,42 : 101.67"
"1,43 : 58.26"
"1,44 : 28.6"
"1,45 : 109.88"
"1,46 : 108.45"
"1,47 : 69.43"
"1,48 : 60.9"
"1,49 : 121.62"
"2,0 : 51.61"
"2,1 : 35.69"
"2,2 : 0.0"
"2,3 : 53.85"
"2,4 : 51.62"
"2,5 : 53.82"
"2,6 : 66.37"
"2,7 : 79.51"
"2,8 : 67.98"
"2,9 : 44.1"
"2,10 : 21.02"
"2,11 : 26.68"
"2,12 : 34.99"
"2,13 : 80.66"
"2,14 : 40.02"
"2,15 : 48.26"
"2,16 : 90.05"
"2,17 : 70.71"
"2,18 : 32.25"
"2,19 : 90.43"
"2,20 : 87.66"
"2,21 : 42.58"
"2,22 : 10.05"
"2,23 : 91.48"
"2,24 : 25.18"
"2,25 : 85.33"
"2,26 : 63.57"
"2,27 : 90.09"
"2,28 : 89.69"
"2,29 : 38.05"
"2,30 : 47.51"
"2,31 : 90.55"
"2,32 : 23.19"
"2,33 : 87.05"
"2,34 : 22.09"
"2,35 : 43.01"
"2,36 : 78.55"
"2,37 : 35.13"
"2,38 : 70.86"
"2,39 : 88.57"
"2,40 : 74.33"
"2,41 : 40.82"
"2,42 : 77.62"
"2,43 : 31.62"
"2,44 : 24.08"
"2,45 : 84.53"
"2,46 : 87.36"
"2,47 : 33.73"
"2,48 : 29.21"
"2,49 : 94.03"
"3,0 : 12.81"
"3,1 : 58.94"
"3,2 : 53.85"
"3,3 : 0.0"
"3,4 : 20.62"
"3,5 : 12.53"
"3,6 : 31.38"
"3,7 : 81.01"
"3,8 : 51.2"
"3,9 : 79.4"
"3,10 : 56.59"
"3,11 : 27.78"
"3,12 : 33.53"
"3,13 : 75.54"
"3,14 : 15.56"
"3,15 : 12.21"
"3,16 : 46.14"
"3,17 : 36.06"
"3,18 : 58.82"
"3,19 : 53.08"
"3,20 : 71.17"
"3,21 : 84.22"
"3,22 : 51.97"
"3,23 : 38.33"
"3,24 : 69.53"
"3,25 : 34.37"
"3,26 : 10.05"
"3,27 : 46.65"
"3,28 : 71.31"
"3,29 : 21.63"
"3,30 : 17.8"
"3,31 : 50.0"
"3,32 : 68.25"
"3,33 : 80.23"
"3,34 : 63.78"
"3,35 : 47.43"
"3,36 : 54.13"
"3,37 : 55.08"
"3,38 : 36.89"
"3,39 : 65.3"
"3,40 : 46.96"
"3,41 : 62.18"
"3,42 : 53.71"
"3,43 : 36.06"
"3,44 : 34.06"
"3,45 : 62.65"
"3,46 : 55.61"
"3,47 : 68.25"
"3,48 : 46.62"
"3,49 : 76.69"
"4,0 : 7.81"
"4,1 : 44.01"
"4,2 : 51.62"
"4,3 : 20.62"
"4,4 : 0.0"
"4,5 : 8.6"
"4,6 : 51.87"
"4,7 : 98.01"
"4,8 : 70.23"
"4,9 : 86.93"
"4,10 : 61.72"
"4,11 : 31.95"
"4,12 : 19.92"
"4,13 : 93.62"
"4,14 : 27.07"
"4,15 : 9.49"
"4,16 : 65.8"
"4,17 : 56.61"
"4,18 : 67.36"
"4,19 : 73.54"
"4,20 : 90.87"
"4,21 : 89.55"
"4,22 : 46.04"
"4,23 : 52.17"
"4,24 : 72.95"
"4,25 : 51.48"
"4,26 : 27.46"
"4,27 : 66.4"
"4,28 : 91.24"
"4,29 : 34.01"
"4,30 : 5.1"
"4,31 : 70.18"
"4,32 : 71.28"
"4,33 : 98.76"
"4,34 : 67.74"
"4,35 : 61.03"
"4,36 : 74.3"
"4,37 : 40.01"
"4,38 : 57.43"
"4,39 : 85.59"
"4,40 : 67.23"
"4,41 : 72.78"
"4,42 : 73.82"
"4,43 : 46.53"
"4,44 : 27.66"
"4,45 : 82.76"
"4,46 : 76.22"
"4,47 : 75.24"
"4,48 : 55.79"
"4,49 : 96.61"
"5,0 : 2.24"
"5,1 : 51.16"
"5,2 : 53.82"
"5,3 : 12.53"
"5,4 : 8.6"
"5,5 : 0.0"
"5,6 : 43.91"
"5,7 : 92.27"
"5,8 : 63.32"
"5,9 : 85.48"
"5,10 : 61.03"
"5,11 : 30.81"
"5,12 : 26.02"
"5,13 : 87.3"
"5,14 : 22.56"
"5,15 : 5.66"
"5,16 : 57.2"
"5,17 : 48.55"
"5,18 : 65.31"
"5,19 : 65.07"
"5,20 : 83.57"
"5,21 : 89.05"
"5,22 : 49.66"
"5,23 : 44.41"
"5,24 : 73.11"
"5,25 : 43.08"
"5,26 : 18.87"
"5,27 : 57.8"
"5,28 : 83.77"
"5,29 : 29.61"
"5,30 : 8.0"
"5,31 : 61.62"
"5,32 : 71.59"
"5,33 : 92.2"
"5,34 : 67.62"
"5,35 : 56.72"
"5,36 : 66.64"
"5,37 : 47.17"
"5,38 : 49.4"
"5,39 : 77.83"
"5,40 : 59.48"
"5,41 : 69.89"
"5,42 : 66.21"
"5,43 : 43.32"
"5,44 : 30.87"
"5,45 : 75.15"
"5,46 : 68.01"
"5,47 : 73.93"
"5,48 : 53.31"
"5,49 : 89.16"
"6,0 : 44.1"
"6,1 : 84.22"
"6,2 : 66.37"
"6,3 : 31.38"
"6,4 : 51.87"
"6,5 : 43.91"
"6,6 : 0.0"
"6,7 : 56.04"
"6,8 : 23.54"
"6,9 : 73.06"
"6,10 : 58.25"
"6,11 : 42.06"
"6,12 : 60.61"
"6,13 : 48.51"
"6,14 : 31.38"
"6,15 : 42.8"
"6,16 : 24.33"
"6,17 : 5.0"
"6,18 : 54.23"
"6,19 : 24.7"
"6,20 : 40.79"
"6,21 : 80.96"
"6,22 : 69.12"
"6,23 : 38.83"
"6,24 : 71.31"
"6,25 : 28.43"
"6,26 : 28.64"
"6,27 : 24.19"
"6,28 : 40.52"
"6,29 : 29.41"
"6,30 : 48.41"
"6,31 : 24.19"
"6,32 : 70.83"
"6,33 : 52.04"
"6,34 : 65.73"
"6,35 : 35.85"
"6,36 : 23.09"
"6,37 : 80.78"
"6,38 : 5.66"
"6,39 : 34.01"
"6,40 : 15.81"
"6,41 : 53.0"
"6,42 : 22.8"
"6,43 : 36.12"
"6,44 : 55.9"
"6,45 : 31.62"
"6,46 : 24.76"
"6,47 : 64.47"
"6,48 : 44.38"
"6,49 : 45.88"
"7,0 : 91.44"
"7,1 : 112.16"
"7,2 : 79.51"
"7,3 : 81.01"
"7,4 : 98.01"
"7,5 : 92.27"
"7,6 : 56.04"
"7,7 : 0.0"
"7,8 : 32.57"
"7,9 : 50.92"
"7,10 : 59.4"
"7,11 : 71.51"
"7,12 : 96.8"
"7,13 : 10.0"
"7,14 : 71.02"
"7,15 : 88.68"
"7,16 : 69.89"
"7,17 : 54.42"
"7,18 : 48.1"
"7,19 : 58.9"
"7,20 : 26.93"
"7,21 : 61.03"
"7,22 : 88.01"
"7,23 : 93.62"
"7,24 : 64.9"
"7,25 : 82.86"
"7,26 : 82.49"
"7,27 : 69.07"
"7,28 : 30.02"
"7,29 : 64.33"
"7,30 : 93.21"
"7,31 : 64.2"
"7,32 : 66.03"
"7,33 : 13.15"
"7,34 : 62.63"
"7,35 : 39.4"
"7,36 : 38.83"
"7,37 : 110.15"
"7,38 : 53.49"
"7,39 : 37.01"
"7,40 : 43.83"
"7,41 : 39.7"
"7,42 : 38.28"
"7,43 : 55.15"
"7,44 : 86.41"
"7,45 : 34.66"
"7,46 : 49.58"
"7,47 : 52.15"
"7,48 : 51.31"
"7,49 : 29.73"
"8,0 : 62.94"
"8,1 : 94.07"
"8,2 : 67.98"
"8,3 : 51.2"
"8,4 : 70.23"
"8,5 : 63.32"
"8,6 : 23.54"
"8,7 : 32.57"
"8,8 : 0.0"
"8,9 : 59.67"
"8,10 : 53.15"
"8,11 : 50.21"
"8,12 : 73.82"
"8,13 : 25.08"
"8,14 : 44.78"
"8,15 : 60.75"
"8,16 : 39.62"
"8,17 : 21.93"
"8,18 : 45.04"
"8,19 : 31.3"
"8,20 : 21.4"
"8,21 : 69.05"
"8,22 : 73.78"
"8,23 : 61.27"
"8,24 : 64.2"
"8,25 : 50.54"
"8,26 : 51.01"
"8,27 : 38.95"
"8,28 : 22.63"
"8,29 : 39.41"
"8,30 : 65.92"
"8,31 : 35.23"
"8,32 : 64.38"
"8,33 : 29.15"
"8,34 : 59.54"
"8,35 : 26.48"
"8,36 : 12.04"
"8,37 : 91.22"
"8,38 : 21.02"
"8,39 : 20.62"
"8,40 : 12.81"
"8,41 : 40.31"
"8,42 : 11.05"
"8,43 : 36.89"
"8,44 : 65.8"
"8,45 : 16.55"
"8,46 : 23.77"
"8,47 : 54.08"
"8,48 : 39.85"
"8,49 : 27.66"
"9,0 : 83.65"
"9,1 : 79.63"
"9,2 : 44.1"
"9,3 : 79.4"
"9,4 : 86.93"
"9,5 : 85.48"
"9,6 : 73.06"
"9,7 : 50.92"
"9,8 : 59.67"
"9,9 : 0.0"
"9,10 : 25.71"
"9,11 : 55.04"
"9,12 : 75.5"
"9,13 : 57.07"
"9,14 : 64.07"
"9,15 : 80.06"
"9,16 : 96.18"
"9,17 : 75.13"
"9,18 : 20.62"
"9,19 : 90.44"
"9,20 : 71.06"
"9,21 : 10.2"
"9,22 : 54.15"
"9,23 : 109.48"
"9,24 : 19.92"
"9,25 : 100.21"
"9,26 : 86.45"
"9,27 : 95.75"
"9,28 : 74.03"
"9,29 : 57.8"
"9,30 : 81.94"
"9,31 : 93.41"
"9,32 : 21.84"
"9,33 : 62.82"
"9,34 : 22.02"
"9,35 : 37.22"
"9,36 : 71.59"
"9,37 : 79.23"
"9,38 : 74.69"
"9,39 : 77.23"
"9,40 : 71.47"
"9,41 : 20.12"
"9,42 : 70.61"
"9,43 : 43.42"
"9,44 : 63.35"
"9,45 : 73.33"
"9,46 : 83.43"
"9,47 : 11.7"
"9,48 : 32.8"
"9,49 : 76.32"
"10,0 : 59.08"
"10,1 : 56.32"
"10,2 : 21.02"
"10,3 : 56.59"
"10,4 : 61.72"
"10,5 : 61.03"
"10,6 : 58.25"
"10,7 : 59.4"
"10,8 : 53.15"
"10,9 : 25.71"
"10,10 : 0.0"
"10,11 : 30.23"
"10,12 : 49.82"
"10,13 : 61.61"
"10,14 : 41.04"
"10,15 : 55.47"
"10,16 : 82.57"
"10,17 : 61.66"
"10,18 : 11.4"
"10,19 : 80.06"
"10,20 : 70.77"
"10,21 : 28.02"
"10,22 : 30.68"
"10,23 : 90.43"
"10,24 : 13.42"
"10,25 : 82.35"
"10,26 : 64.82"
"10,27 : 82.38"
"10,28 : 73.16"
"10,29 : 35.81"
"10,30 : 56.82"
"10,31 : 81.5"
"10,32 : 12.65"
"10,33 : 68.01"
"10,34 : 7.62"
"10,35 : 26.68"
"10,36 : 64.78"
"10,37 : 55.32"
"10,38 : 61.52"
"10,39 : 73.5"
"10,40 : 62.07"
"10,41 : 20.0"
"10,42 : 63.79"
"10,43 : 22.85"
"10,44 : 37.66"
"10,45 : 69.38"
"10,46 : 75.17"
"10,47 : 14.14"
"10,48 : 14.04"
"10,49 : 76.97"
"11,0 : 28.84"
"11,1 : 43.93"
"11,2 : 26.68"
"11,3 : 27.78"
"11,4 : 31.95"
"11,5 : 30.81"
"11,6 : 42.06"
"11,7 : 71.51"
"11,8 : 50.21"
"11,9 : 55.04"
"11,10 : 30.23"
"11,11 : 0.0"
"11,12 : 25.3"
"11,13 : 69.35"
"11,14 : 13.34"
"11,15 : 25.24"
"11,16 : 64.63"
"11,17 : 46.82"
"11,18 : 35.44"
"11,19 : 66.73"
"11,20 : 71.51"
"11,21 : 58.25"
"11,22 : 27.29"
"11,23 : 64.85"
"11,24 : 42.45"
"11,25 : 58.69"
"11,26 : 37.16"
"11,27 : 64.78"
"11,28 : 72.84"
"11,29 : 12.65"
"11,30 : 26.93"
"11,31 : 65.97"
"11,32 : 41.01"
"11,33 : 75.29"
"11,34 : 36.88"
"11,35 : 32.28"
"11,36 : 58.6"
"11,37 : 41.01"
"11,38 : 47.17"
"11,39 : 69.66"
"11,40 : 53.0"
"11,41 : 41.3"
"11,42 : 57.8"
"11,43 : 16.49"
"11,44 : 15.62"
"11,45 : 65.95"
"11,46 : 65.3"
"11,47 : 43.38"
"11,48 : 24.19"
"11,49 : 77.83"
"12,0 : 24.0"
"12,1 : 25.5"
"12,2 : 34.99"
"12,3 : 33.53"
"12,4 : 19.92"
"12,5 : 26.02"
"12,6 : 60.61"
"12,7 : 96.8"
"12,8 : 73.82"
"12,9 : 75.5"
"12,10 : 49.82"
"12,11 : 25.3"
"12,12 : 0.0"
"12,13 : 94.37"
"12,14 : 29.7"
"12,15 : 22.2"
"12,16 : 79.2"
"12,17 : 65.6"
"12,18 : 58.03"
"12,19 : 84.6"
"12,20 : 95.21"
"12,21 : 76.22"
"12,22 : 27.59"
"12,23 : 70.18"
"12,24 : 58.87"
"12,25 : 67.68"
"12,26 : 42.95"
"12,27 : 79.62"
"12,28 : 96.21"
"12,29 : 34.41"
"12,30 : 18.03"
"12,31 : 82.37"
"12,32 : 57.01"
"12,33 : 100.18"
"12,34 : 54.41"
"12,35 : 57.57"
"12,36 : 80.66"
"12,37 : 21.59"
"12,38 : 66.22"
"12,39 : 92.02"
"12,40 : 74.25"
"12,41 : 65.07"
"12,42 : 79.98"
"12,43 : 41.76"
"12,44 : 12.17"
"12,45 : 88.62"
"12,46 : 85.28"
"12,47 : 63.95"
"12,48 : 48.26"
"12,49 : 101.4"
"13,0 : 86.68"
"13,1 : 111.61"
"13,2 : 80.66"
"13,3 : 75.54"
"13,4 : 93.62"
"13,5 : 87.3"
"13,6 : 48.51"
"13,7 : 10.0"
"13,8 : 25.08"
"13,9 : 57.07"
"13,10 : 61.61"
"13,11 : 69.35"
"13,12 : 94.37"
"13,13 : 0.0"
"13,14 : 67.05"
"13,15 : 84.17"
"13,16 : 60.54"
"13,17 : 46.32"
"13,18 : 50.77"
"13,19 : 49.2"
"13,20 : 17.0"
"13,21 : 67.27"
"13,22 : 88.46"
"13,23 : 85.09"
"13,24 : 68.88"
"13,25 : 74.33"
"13,26 : 76.01"
"13,27 : 59.68"
"13,28 : 20.12"
"13,29 : 60.75"
"13,30 : 89.02"
"13,31 : 54.64"
"13,32 : 69.77"
"13,33 : 6.4"
"13,34 : 65.86"
"13,35 : 38.42"
"13,36 : 29.53"
"13,37 : 109.29"
"13,38 : 45.35"
"13,39 : 27.02"
"13,40 : 35.11"
"13,41 : 42.94"
"13,42 : 29.07"
"13,43 : 53.54"
"13,44 : 84.72"
"13,45 : 24.76"
"13,46 : 39.82"
"13,47 : 56.46"
"13,48 : 51.62"
"13,49 : 20.4"
"14,0 : 21.21"
"14,1 : 52.84"
"14,2 : 40.02"
"14,3 : 15.56"
"14,4 : 27.07"
"14,5 : 22.56"
"14,6 : 31.38"
"14,7 : 71.02"
"14,8 : 44.78"
"14,9 : 64.07"
"14,10 : 41.04"
"14,11 : 13.34"
"14,12 : 29.7"
"14,13 : 67.05"
"14,14 : 0.0"
"14,15 : 18.03"
"14,16 : 52.39"
"14,17 : 36.36"
"14,18 : 43.57"
"14,19 : 55.9"
"14,20 : 66.04"
"14,21 : 68.68"
"14,22 : 40.01"
"14,23 : 51.55"
"14,24 : 54.04"
"14,25 : 45.4"
"14,26 : 24.19"
"14,27 : 52.63"
"14,28 : 66.85"
"14,29 : 7.07"
"14,30 : 22.2"
"14,31 : 54.42"
"14,32 : 52.8"
"14,33 : 72.45"
"14,34 : 48.27"
"14,35 : 34.23"
"14,36 : 50.99"
"14,37 : 49.4"
"14,38 : 36.89"
"14,39 : 62.37"
"14,40 : 44.55"
"14,41 : 47.54"
"14,42 : 50.33"
"14,43 : 21.02"
"14,44 : 24.7"
"14,45 : 59.03"
"14,46 : 55.8"
"14,47 : 52.8"
"14,48 : 31.38"
"14,49 : 72.11"
"15,0 : 3.61"
"15,1 : 47.68"
"15,2 : 48.26"
"15,3 : 12.21"
"15,4 : 9.49"
"15,5 : 5.66"
"15,6 : 42.8"
"15,7 : 88.68"
"15,8 : 60.75"
"15,9 : 80.06"
"15,10 : 55.47"
"15,11 : 25.24"
"15,12 : 22.2"
"15,13 : 84.17"
"15,14 : 18.03"
"15,15 : 0.0"
"15,16 : 58.31"
"15,17 : 47.63"
"15,18 : 60.01"
"15,19 : 65.19"
"15,20 : 81.44"
"15,21 : 83.49"
"15,22 : 44.38"
"15,23 : 48.04"
"15,24 : 67.48"
"15,25 : 45.61"
"15,26 : 20.88"
"15,27 : 58.83"
"15,28 : 81.84"
"15,29 : 25.08"
"15,30 : 5.66"
"15,31 : 62.2"
"15,32 : 65.95"
"15,33 : 89.29"
"15,34 : 62.01"
"15,35 : 52.24"
"15,36 : 65.0"
"15,37 : 43.74"
"15,38 : 48.41"
"15,39 : 76.32"
"15,40 : 57.98"
"15,41 : 64.85"
"15,42 : 64.5"
"15,43 : 38.33"
"15,44 : 25.63"
"15,45 : 73.43"
"15,46 : 67.36"
"15,47 : 68.48"
"15,48 : 48.1"
"15,49 : 87.21"
"16,0 : 58.25"
"16,1 : 104.18"
"16,2 : 90.05"
"16,3 : 46.14"
"16,4 : 65.8"
"16,5 : 57.2"
"16,6 : 24.33"
"16,7 : 69.89"
"16,8 : 39.62"
"16,9 : 96.18"
"16,10 : 82.57"
"16,11 : 64.63"
"16,12 : 79.2"
"16,13 : 60.54"
"16,14 : 52.39"
"16,15 : 58.31"
"16,16 : 0.0"
"16,17 : 21.19"
"16,18 : 78.11"
"16,19 : 13.04"
"16,20 : 46.82"
"16,21 : 104.55"
"16,22 : 91.92"
"16,23 : 28.07"
"16,24 : 95.57"
"16,25 : 18.97"
"16,26 : 38.42"
"16,27 : 1.0"
"16,28 : 44.92"
"16,29 : 52.24"
"16,30 : 63.81"
"16,31 : 7.0"
"16,32 : 95.13"
"16,33 : 61.74"
"16,34 : 90.03"
"16,35 : 59.24"
"16,36 : 31.06"
"16,37 : 100.46"
"16,38 : 21.54"
"16,39 : 36.4"
"16,40 : 26.87"
"16,41 : 76.06"
"16,42 : 31.62"
"16,43 : 60.41"
"16,44 : 76.92"
"16,45 : 36.77"
"16,46 : 21.84"
"16,47 : 88.26"
"16,48 : 68.66"
"16,49 : 49.24"
"17,0 : 48.83"
"17,1 : 89.19"
"17,2 : 70.71"
"17,3 : 36.06"
"17,4 : 56.61"
"17,5 : 48.55"
"17,6 : 5.0"
"17,7 : 54.42"
"17,8 : 21.93"
"17,9 : 75.13"
"17,10 : 61.66"
"17,11 : 46.82"
"17,12 : 65.6"
"17,13 : 46.32"
"17,14 : 36.36"
"17,15 : 47.63"
"17,16 : 21.19"
"17,17 : 0.0"
"17,18 : 56.92"
"17,19 : 19.92"
"17,20 : 37.22"
"17,21 : 83.38"
"17,22 : 73.76"
"17,23 : 39.36"
"17,24 : 74.53"
"17,25 : 28.65"
"17,26 : 32.57"
"17,27 : 20.88"
"17,28 : 36.67"
"17,29 : 34.18"
"17,30 : 53.26"
"17,31 : 20.0"
"17,32 : 74.15"
"17,33 : 49.37"
"17,34 : 69.05"
"17,35 : 38.08"
"17,36 : 19.24"
"17,37 : 85.76"
"17,38 : 1.0"
"17,39 : 29.73"
"17,40 : 12.04"
"17,41 : 55.01"
"17,42 : 19.1"
"17,43 : 40.0"
"17,44 : 60.83"
"17,45 : 27.66"
"17,46 : 19.8"
"17,47 : 67.07"
"17,48 : 47.68"
"17,49 : 41.98"
"18,0 : 63.56"
"18,1 : 67.07"
"18,2 : 32.25"
"18,3 : 58.82"
"18,4 : 67.36"
"18,5 : 65.31"
"18,6 : 54.23"
"18,7 : 48.1"
"18,8 : 45.04"
"18,9 : 20.62"
"18,10 : 11.4"
"18,11 : 35.44"
"18,12 : 58.03"
"18,13 : 50.77"
"18,14 : 43.57"
"18,15 : 60.01"
"18,16 : 78.11"
"18,17 : 56.92"
"18,18 : 0.0"
"18,19 : 73.98"
"18,20 : 61.03"
"18,21 : 26.93"
"18,22 : 41.63"
"18,23 : 89.4"
"18,24 : 19.24"
"18,25 : 80.45"
"18,26 : 65.86"
"18,27 : 77.79"
"18,28 : 63.6"
"18,29 : 37.2"
"18,30 : 62.3"
"18,31 : 76.16"
"18,32 : 19.65"
"18,33 : 57.14"
"18,34 : 15.23"
"18,35 : 19.24"
"18,36 : 57.01"
"18,37 : 65.8"
"18,38 : 56.61"
"18,39 : 64.78"
"18,40 : 55.33"
"18,41 : 8.6"
"18,42 : 56.01"
"18,43 : 22.8"
"18,44 : 46.0"
"18,45 : 60.67"
"18,46 : 68.12"
"18,47 : 10.3"
"18,48 : 12.21"
"18,49 : 67.07"
"19,0 : 65.76"
"19,1 : 108.71"
"19,2 : 90.43"
"19,3 : 53.08"
"19,4 : 73.54"
"19,5 : 65.07"
"19,6 : 24.7"
"19,7 : 58.9"
"19,8 : 31.3"
"19,9 : 90.44"
"19,10 : 80.06"
"19,11 : 66.73"
"19,12 : 84.6"
"19,13 : 49.2"
"19,14 : 55.9"
"19,15 : 65.19"
"19,16 : 13.04"
"19,17 : 19.92"
"19,18 : 73.98"
"19,19 : 0.0"
"19,20 : 34.44"
"19,21 : 99.46"
"19,22 : 93.68"
"19,23 : 41.01"
"19,24 : 92.44"
"19,25 : 31.4"
"19,26 : 47.01"
"19,27 : 12.04"
"19,28 : 32.31"
"19,29 : 54.08"
"19,30 : 70.84"
"19,31 : 6.08"
"19,32 : 92.27"
"19,33 : 49.74"
"19,34 : 87.21"
"19,35 : 54.74"
"19,36 : 20.62"
"19,37 : 105.19"
"19,38 : 19.65"
"19,39 : 23.77"
"19,40 : 18.97"
"19,41 : 70.6"
"19,42 : 21.4"
"19,43 : 59.3"
"19,44 : 80.53"
"19,45 : 24.7"
"19,46 : 9.43"
"19,47 : 83.74"
"19,48 : 66.03"
"19,49 : 36.4"
"20,0 : 83.38"
"20,1 : 115.26"
"20,2 : 87.66"
"20,3 : 71.17"
"20,4 : 90.87"
"20,5 : 83.57"
"20,6 : 40.79"
"20,7 : 26.93"
"20,8 : 21.4"
"20,9 : 71.06"
"20,10 : 70.77"
"20,11 : 71.51"
"20,12 : 95.21"
"20,13 : 17.0"
"20,14 : 66.04"
"20,15 : 81.44"
"20,16 : 46.82"
"20,17 : 37.22"
"20,18 : 61.03"
"20,19 : 34.44"
"20,20 : 0.0"
"20,21 : 81.15"
"20,22 : 94.2"
"20,23 : 73.35"
"20,24 : 80.08"
"20,25 : 62.8"
"20,26 : 69.43"
"20,27 : 45.88"
"20,28 : 3.16"
"20,29 : 60.8"
"20,30 : 86.76"
"20,31 : 40.31"
"20,32 : 80.65"
"20,33 : 15.62"
"20,34 : 76.22"
"20,35 : 44.78"
"20,36 : 18.03"
"20,37 : 112.49"
"20,38 : 36.22"
"20,39 : 10.82"
"20,40 : 25.18"
"20,41 : 54.34"
"20,42 : 18.11"
"20,43 : 57.49"
"20,44 : 87.11"
"20,45 : 10.2"
"20,46 : 25.08"
"20,47 : 68.45"
"20,48 : 58.67"
"20,49 : 6.4"
"21,0 : 87.09"
"21,1 : 77.0"
"21,2 : 42.58"
"21,3 : 84.22"
"21,4 : 89.55"
"21,5 : 89.05"
"21,6 : 80.96"
"21,7 : 61.03"
"21,8 : 69.05"
"21,9 : 10.2"
"21,10 : 28.02"
"21,11 : 58.25"
"21,12 : 76.22"
"21,13 : 67.27"
"21,14 : 68.68"
"21,15 : 83.49"
"21,16 : 104.55"
"21,17 : 83.38"
"21,18 : 26.93"
"21,19 : 99.46"
"21,20 : 81.15"
"21,21 : 0.0"
"21,22 : 52.35"
"21,23 : 116.25"
"21,24 : 17.46"
"21,25 : 107.38"
"21,26 : 91.97"
"21,27 : 104.18"
"21,28 : 84.1"
"21,29 : 62.94"
"21,30 : 84.72"
"21,31 : 102.14"
"21,32 : 19.42"
"21,33 : 73.01"
"21,34 : 21.93"
"21,35 : 45.31"
"21,36 : 81.05"
"21,37 : 77.1"
"21,38 : 83.01"
"21,39 : 87.09"
"21,40 : 80.52"
"21,41 : 28.86"
"21,42 : 80.06"
"21,43 : 48.92"
"21,44 : 64.26"
"21,45 : 83.15"
"21,46 : 92.76"
"21,47 : 16.64"
"21,48 : 38.42"
"21,49 : 86.47"
"22,0 : 47.42"
"22,1 : 25.71"
"22,2 : 10.05"
"22,3 : 51.97"
"22,4 : 46.04"
"22,5 : 49.66"
"22,6 : 69.12"
"22,7 : 88.01"
"22,8 : 73.78"
"22,9 : 54.15"
"22,10 : 30.68"
"22,11 : 27.29"
"22,12 : 27.59"
"22,13 : 88.46"
"22,14 : 40.01"
"22,15 : 44.38"
"22,16 : 91.92"
"22,17 : 73.76"
"22,18 : 41.63"
"22,19 : 93.68"
"22,20 : 94.2"
"22,21 : 52.35"
"22,22 : 0.0"
"22,23 : 90.26"
"22,24 : 35.06"
"22,25 : 85.15"
"22,26 : 61.98"
"22,27 : 92.07"
"22,28 : 96.02"
"22,29 : 39.81"
"22,30 : 42.54"
"22,31 : 93.17"
"22,32 : 33.06"
"22,33 : 94.79"
"22,34 : 32.14"
"22,35 : 50.21"
"22,36 : 83.65"
"22,37 : 25.08"
"22,38 : 74.04"
"22,39 : 94.15"
"22,40 : 78.79"
"22,41 : 50.09"
"22,42 : 82.76"
"22,43 : 36.89"
"22,44 : 18.79"
"22,45 : 90.21"
"22,46 : 91.55"
"22,47 : 43.74"
"22,48 : 36.88"
"22,49 : 100.6"
"23,0 : 46.27"
"23,1 : 95.52"
"23,2 : 91.48"
"23,3 : 38.33"
"23,4 : 52.17"
"23,5 : 44.41"
"23,6 : 38.83"
"23,7 : 93.62"
"23,8 : 61.27"
"23,9 : 109.48"
"23,10 : 90.43"
"23,11 : 64.85"
"23,12 : 70.18"
"23,13 : 85.09"
"23,14 : 51.55"
"23,15 : 48.04"
"23,16 : 28.07"
"23,17 : 39.36"
"23,18 : 89.4"
"23,19 : 41.01"
"23,20 : 73.35"
"23,21 : 116.25"
"23,22 : 90.26"
"23,23 : 0.0"
"23,24 : 103.83"
"23,25 : 10.77"
"23,26 : 28.28"
"23,27 : 29.07"
"23,28 : 71.85"
"23,29 : 55.04"
"23,30 : 52.35"
"23,31 : 35.06"
"23,32 : 102.88"
"23,33 : 87.36"
"23,34 : 98.01"
"23,35 : 72.86"
"23,36 : 56.04"
"23,37 : 91.55"
"23,38 : 40.25"
"23,39 : 63.51"
"23,40 : 49.98"
"23,41 : 89.94"
"23,42 : 56.32"
"23,43 : 67.74"
"23,44 : 72.34"
"23,45 : 63.15"
"23,46 : 49.16"
"23,47 : 99.62"
"23,48 : 77.94"
"23,49 : 76.53"
"24,0 : 71.06"
"24,1 : 60.13"
"24,2 : 25.18"
"24,3 : 69.53"
"24,4 : 72.95"
"24,5 : 73.11"
"24,6 : 71.31"
"24,7 : 64.9"
"24,8 : 64.2"
"24,9 : 19.92"
"24,10 : 13.42"
"24,11 : 42.45"
"24,12 : 58.87"
"24,13 : 68.88"
"24,14 : 54.04"
"24,15 : 67.48"
"24,16 : 95.57"
"24,17 : 74.53"
"24,18 : 19.24"
"24,19 : 92.44"
"24,20 : 80.08"
"24,21 : 17.46"
"24,22 : 35.06"
"24,23 : 103.83"
"24,24 : 0.0"
"24,25 : 95.75"
"24,26 : 78.01"
"24,27 : 95.34"
"24,28 : 82.71"
"24,29 : 49.09"
"24,30 : 68.24"
"24,31 : 94.2"
"24,32 : 2.0"
"24,33 : 75.13"
"24,34 : 5.83"
"24,35 : 38.0"
"24,36 : 76.11"
"24,37 : 60.0"
"24,38 : 74.33"
"24,39 : 84.01"
"24,40 : 74.06"
"24,41 : 26.0"
"24,42 : 75.11"
"24,43 : 36.25"
"24,44 : 47.01"
"24,45 : 79.91"
"24,46 : 87.01"
"24,47 : 12.81"
"24,48 : 26.93"
"24,49 : 86.02"
"25,0 : 44.6"
"25,1 : 93.17"
"25,2 : 85.33"
"25,3 : 34.37"
"25,4 : 51.48"
"25,5 : 43.08"
"25,6 : 28.43"
"25,7 : 82.86"
"25,8 : 50.54"
"25,9 : 100.21"
"25,10 : 82.35"
"25,11 : 58.69"
"25,12 : 67.68"
"25,13 : 74.33"
"25,14 : 45.4"
"25,15 : 45.61"
"25,16 : 18.97"
"25,17 : 28.65"
"25,18 : 80.45"
"25,19 : 31.4"
"25,20 : 62.8"
"25,21 : 107.38"
"25,22 : 85.15"
"25,23 : 10.77"
"25,24 : 95.75"
"25,25 : 0.0"
"25,26 : 24.74"
"25,27 : 19.92"
"25,28 : 61.4"
"25,29 : 47.8"
"25,30 : 50.6"
"25,31 : 25.71"
"25,32 : 94.94"
"25,33 : 76.66"
"25,34 : 89.96"
"25,35 : 63.25"
"25,36 : 45.35"
"25,37 : 89.27"
"25,38 : 29.53"
"25,39 : 53.15"
"25,40 : 39.22"
"25,41 : 80.43"
"25,42 : 45.61"
"25,43 : 59.51"
"25,44 : 68.07"
"25,45 : 52.61"
"25,46 : 39.0"
"25,47 : 90.74"
"25,48 : 69.35"
"25,49 : 66.19"
"26,0 : 20.12"
"26,1 : 68.45"
"26,2 : 63.57"
"26,3 : 10.05"
"26,4 : 27.46"
"26,5 : 18.87"
"26,6 : 28.64"
"26,7 : 82.49"
"26,8 : 51.01"
"26,9 : 86.45"
"26,10 : 64.82"
"26,11 : 37.16"
"26,12 : 42.95"
"26,13 : 76.01"
"26,14 : 24.19"
"26,15 : 20.88"
"26,16 : 38.42"
"26,17 : 32.57"
"26,18 : 65.86"
"26,19 : 47.01"
"26,20 : 69.43"
"26,21 : 91.97"
"26,22 : 61.98"
"26,23 : 28.28"
"26,24 : 78.01"
"26,25 : 24.74"
"26,26 : 0.0"
"26,27 : 39.05"
"26,28 : 69.12"
"26,29 : 29.07"
"26,30 : 26.0"
"26,31 : 43.14"
"26,32 : 76.84"
"26,33 : 80.1"
"26,34 : 72.2"
"26,35 : 52.35"
"26,36 : 51.66"
"26,37 : 64.54"
"26,38 : 33.53"
"26,39 : 62.3"
"26,40 : 44.38"
"26,41 : 68.24"
"26,42 : 51.42"
"26,43 : 43.14"
"26,44 : 44.1"
"26,45 : 60.17"
"26,46 : 51.0"
"26,47 : 75.66"
"26,48 : 53.76"
"26,49 : 74.46"
"27,0 : 58.82"
"27,1 : 104.55"
"27,2 : 90.09"
"27,3 : 46.65"
"27,4 : 66.4"
"27,5 : 57.8"
"27,6 : 24.19"
"27,7 : 69.07"
"27,8 : 38.95"
"27,9 : 95.75"
"27,10 : 82.38"
"27,11 : 64.78"
"27,12 : 79.62"
"27,13 : 59.68"
"27,14 : 52.63"
"27,15 : 58.83"
"27,16 : 1.0"
"27,17 : 20.88"
"27,18 : 77.79"
"27,19 : 12.04"
"27,20 : 45.88"
"27,21 : 104.18"
"27,22 : 92.07"
"27,23 : 29.07"
"27,24 : 95.34"
"27,25 : 19.92"
"27,26 : 39.05"
"27,27 : 0.0"
"27,28 : 43.97"
"27,29 : 52.35"
"27,30 : 64.35"
"27,31 : 6.0"
"27,32 : 94.92"
"27,33 : 60.84"
"27,34 : 89.82"
"27,35 : 58.87"
"27,36 : 30.23"
"27,37 : 100.85"
"27,38 : 21.19"
"27,39 : 35.44"
"27,40 : 26.17"
"27,41 : 75.64"
"27,42 : 30.81"
"27,43 : 60.3"
"27,44 : 77.2"
"27,45 : 35.85"
"27,46 : 20.88"
"27,47 : 87.92"
"27,48 : 68.45"
"27,49 : 48.27"
"28,0 : 83.67"
"28,1 : 116.69"
"28,2 : 89.69"
"28,3 : 71.31"
"28,4 : 91.24"
"28,5 : 83.77"
"28,6 : 40.52"
"28,7 : 30.02"
"28,8 : 22.63"
"28,9 : 74.03"
"28,10 : 73.16"
"28,11 : 72.84"
"28,12 : 96.21"
"28,13 : 20.12"
"28,14 : 66.85"
"28,15 : 81.84"
"28,16 : 44.92"
"28,17 : 36.67"
"28,18 : 63.6"
"28,19 : 32.31"
"28,20 : 3.16"
"28,21 : 84.1"
"28,22 : 96.02"
"28,23 : 71.85"
"28,24 : 82.71"
"28,25 : 61.4"
"28,26 : 69.12"
"28,27 : 43.97"
"28,28 : 0.0"
"28,29 : 61.85"
"28,30 : 87.24"
"28,31 : 38.28"
"28,32 : 83.24"
"28,33 : 18.38"
"28,34 : 78.75"
"28,35 : 46.96"
"28,36 : 17.46"
"28,37 : 113.85"
"28,38 : 35.69"
"28,39 : 8.54"
"28,40 : 24.74"
"28,41 : 57.07"
"28,42 : 17.72"
"28,43 : 59.2"
"28,44 : 88.41"
"28,45 : 9.06"
"28,46 : 23.09"
"28,47 : 71.2"
"28,48 : 60.83"
"28,49 : 5.39"
"29,0 : 28.28"
"29,1 : 55.8"
"29,2 : 38.05"
"29,3 : 21.63"
"29,4 : 34.01"
"29,5 : 29.61"
"29,6 : 29.41"
"29,7 : 64.33"
"29,8 : 39.41"
"29,9 : 57.8"
"29,10 : 35.81"
"29,11 : 12.65"
"29,12 : 34.41"
"29,13 : 60.75"
"29,14 : 7.07"
"29,15 : 25.08"
"29,16 : 52.24"
"29,17 : 34.18"
"29,18 : 37.2"
"29,19 : 54.08"
"29,20 : 60.8"
"29,21 : 62.94"
"29,22 : 39.81"
"29,23 : 55.04"
"29,24 : 49.09"
"29,25 : 47.8"
"29,26 : 29.07"
"29,27 : 52.35"
"29,28 : 61.85"
"29,29 : 0.0"
"29,30 : 29.07"
"29,31 : 53.37"
"29,32 : 48.02"
"29,33 : 66.31"
"29,34 : 43.27"
"29,35 : 27.17"
"29,36 : 46.75"
"29,37 : 52.63"
"29,38 : 34.54"
"29,39 : 58.0"
"29,40 : 40.8"
"29,41 : 40.72"
"29,42 : 46.01"
"29,43 : 14.42"
"29,44 : 27.2"
"29,45 : 54.45"
"29,46 : 52.84"
"29,47 : 46.75"
"29,48 : 25.0"
"29,49 : 67.01"
"30,0 : 6.08"
"30,1 : 43.19"
"30,2 : 47.51"
"30,3 : 17.8"
"30,4 : 5.1"
"30,5 : 8.0"
"30,6 : 48.41"
"30,7 : 93.21"
"30,8 : 65.92"
"30,9 : 81.94"
"30,10 : 56.82"
"30,11 : 26.93"
"30,12 : 18.03"
"30,13 : 89.02"
"30,14 : 22.2"
"30,15 : 5.66"
"30,16 : 63.81"
"30,17 : 53.26"
"30,18 : 62.3"
"30,19 : 70.84"
"30,20 : 86.76"
"30,21 : 84.72"
"30,22 : 42.54"
"30,23 : 52.35"
"30,24 : 68.24"
"30,25 : 50.6"
"30,26 : 26.0"
"30,27 : 64.35"
"30,28 : 87.24"
"30,29 : 29.07"
"30,30 : 0.0"
"30,31 : 67.8"
"30,32 : 66.61"
"30,33 : 94.25"
"30,34 : 62.97"
"30,35 : 56.01"
"30,36 : 70.49"
"30,37 : 39.2"
"30,38 : 54.04"
"30,39 : 81.84"
"30,40 : 63.51"
"30,41 : 67.68"
"30,42 : 69.97"
"30,43 : 41.44"
"30,44 : 23.85"
"30,45 : 78.89"
"30,46 : 73.0"
"30,47 : 70.26"
"30,48 : 50.7"
"30,49 : 92.59"
"31,0 : 62.48"
"31,1 : 106.93"
"31,2 : 90.55"
"31,3 : 50.0"
"31,4 : 70.18"
"31,5 : 61.62"
"31,6 : 24.19"
"31,7 : 64.2"
"31,8 : 35.23"
"31,9 : 93.41"
"31,10 : 81.5"
"31,11 : 65.97"
"31,12 : 82.37"
"31,13 : 54.64"
"31,14 : 54.42"
"31,15 : 62.2"
"31,16 : 7.0"
"31,17 : 20.0"
"31,18 : 76.16"
"31,19 : 6.08"
"31,20 : 40.31"
"31,21 : 102.14"
"31,22 : 93.17"
"31,23 : 35.06"
"31,24 : 94.2"
"31,25 : 25.71"
"31,26 : 43.14"
"31,27 : 6.0"
"31,28 : 38.28"
"31,29 : 53.37"
"31,30 : 67.8"
"31,31 : 0.0"
"31,32 : 93.9"
"31,33 : 55.47"
"31,34 : 88.81"
"31,35 : 57.01"
"31,36 : 25.5"
"31,37 : 103.32"
"31,38 : 20.02"
"31,39 : 29.73"
"31,40 : 22.47"
"31,41 : 73.39"
"31,42 : 26.17"
"31,43 : 60.0"
"31,44 : 79.12"
"31,45 : 30.41"
"31,46 : 15.23"
"31,47 : 86.13"
"31,48 : 67.48"
"31,49 : 42.45"
"32,0 : 69.53"
"32,1 : 58.14"
"32,2 : 23.19"
"32,3 : 68.25"
"32,4 : 71.28"
"32,5 : 71.59"
"32,6 : 70.83"
"32,7 : 66.03"
"32,8 : 64.38"
"32,9 : 21.84"
"32,10 : 12.65"
"32,11 : 41.01"
"32,12 : 57.01"
"32,13 : 69.77"
"32,14 : 52.8"
"32,15 : 65.95"
"32,16 : 95.13"
"32,17 : 74.15"
"32,18 : 19.65"
"32,19 : 92.27"
"32,20 : 80.65"
"32,21 : 19.42"
"32,22 : 33.06"
"32,23 : 102.88"
"32,24 : 2.0"
"32,25 : 94.94"
"32,26 : 76.84"
"32,27 : 94.92"
"32,28 : 83.24"
"32,29 : 48.02"
"32,30 : 66.61"
"32,31 : 93.9"
"32,32 : 0.0"
"32,33 : 76.06"
"32,34 : 5.1"
"32,35 : 38.05"
"32,36 : 76.24"
"32,37 : 58.0"
"32,38 : 73.98"
"32,39 : 84.34"
"32,40 : 74.01"
"32,41 : 26.83"
"32,42 : 75.24"
"32,43 : 35.47"
"32,44 : 45.19"
"32,45 : 80.23"
"32,46 : 87.01"
"32,47 : 14.14"
"32,48 : 26.48"
"32,49 : 86.65"
"33,0 : 91.68"
"33,1 : 117.8"
"33,2 : 87.05"
"33,3 : 80.23"
"33,4 : 98.76"
"33,5 : 92.2"
"33,6 : 52.04"
"33,7 : 13.15"
"33,8 : 29.15"
"33,9 : 62.82"
"33,10 : 68.01"
"33,11 : 75.29"
"33,12 : 100.18"
"33,13 : 6.4"
"33,14 : 72.45"
"33,15 : 89.29"
"33,16 : 61.74"
"33,17 : 49.37"
"33,18 : 57.14"
"33,19 : 49.74"
"33,20 : 15.62"
"33,21 : 73.01"
"33,22 : 94.79"
"33,23 : 87.36"
"33,24 : 75.13"
"33,25 : 76.66"
"33,26 : 80.1"
"33,27 : 60.84"
"33,28 : 18.38"
"33,29 : 66.31"
"33,30 : 94.25"
"33,31 : 55.47"
"33,32 : 76.06"
"33,33 : 0.0"
"33,34 : 72.2"
"33,35 : 44.69"
"33,36 : 31.32"
"33,37 : 115.43"
"33,38 : 48.37"
"33,39 : 26.4"
"33,40 : 37.66"
"33,41 : 49.24"
"33,42 : 31.05"
"33,43 : 59.64"
"33,44 : 90.74"
"33,45 : 25.06"
"33,46 : 40.31"
"33,47 : 62.65"
"33,48 : 57.98"
"33,49 : 17.0"
"34,0 : 65.6"
"34,1 : 57.71"
"34,2 : 22.09"
"34,3 : 63.78"
"34,4 : 67.74"
"34,5 : 67.62"
"34,6 : 65.73"
"34,7 : 62.63"
"34,8 : 59.54"
"34,9 : 22.02"
"34,10 : 7.62"
"34,11 : 36.88"
"34,12 : 54.41"
"34,13 : 65.86"
"34,14 : 48.27"
"34,15 : 62.01"
"34,16 : 90.03"
"34,17 : 69.05"
"34,18 : 15.23"
"34,19 : 87.21"
"34,20 : 76.22"
"34,21 : 21.93"
"34,22 : 32.14"
"34,23 : 98.01"
"34,24 : 5.83"
"34,25 : 89.96"
"34,26 : 72.2"
"34,27 : 89.82"
"34,28 : 78.75"
"34,29 : 43.27"
"34,30 : 62.97"
"34,31 : 88.81"
"34,32 : 5.1"
"34,33 : 72.2"
"34,34 : 0.0"
"34,35 : 33.14"
"34,36 : 71.34"
"34,37 : 57.22"
"34,38 : 68.88"
"34,39 : 79.62"
"34,40 : 69.0"
"34,41 : 23.02"
"34,42 : 70.35"
"34,43 : 30.46"
"34,44 : 42.38"
"34,45 : 75.5"
"34,46 : 82.02"
"34,47 : 12.08"
"34,48 : 21.38"
"34,49 : 82.28"
"35,0 : 55.44"
"35,1 : 73.24"
"35,2 : 43.01"
"35,3 : 47.43"
"35,4 : 61.03"
"35,5 : 56.72"
"35,6 : 35.85"
"35,7 : 39.4"
"35,8 : 26.48"
"35,9 : 37.22"
"35,10 : 26.68"
"35,11 : 32.28"
"35,12 : 57.57"
"35,13 : 38.42"
"35,14 : 34.23"
"35,15 : 52.24"
"35,16 : 59.24"
"35,17 : 38.08"
"35,18 : 19.24"
"35,19 : 54.74"
"35,20 : 44.78"
"35,21 : 45.31"
"35,22 : 50.21"
"35,23 : 72.86"
"35,24 : 38.0"
"35,25 : 63.25"
"35,26 : 52.35"
"35,27 : 58.87"
"35,28 : 46.96"
"35,29 : 27.17"
"35,30 : 56.01"
"35,31 : 57.01"
"35,32 : 38.05"
"35,33 : 44.69"
"35,34 : 33.14"
"35,35 : 0.0"
"35,36 : 38.21"
"35,37 : 71.02"
"35,38 : 37.7"
"35,39 : 46.84"
"35,40 : 36.12"
"35,41 : 17.2"
"35,42 : 37.22"
"35,43 : 15.81"
"35,44 : 47.01"
"35,45 : 42.72"
"35,46 : 49.01"
"35,47 : 29.12"
"35,48 : 13.89"
"35,49 : 51.11"
"36,0 : 66.65"
"36,1 : 102.45"
"36,2 : 78.55"
"36,3 : 54.13"
"36,4 : 74.3"
"36,5 : 66.64"
"36,6 : 23.09"
"36,7 : 38.83"
"36,8 : 12.04"
"36,9 : 71.59"
"36,10 : 64.78"
"36,11 : 58.6"
"36,12 : 80.66"
"36,13 : 29.53"
"36,14 : 50.99"
"36,15 : 65.0"
"36,16 : 31.06"
"36,17 : 19.24"
"36,18 : 57.01"
"36,19 : 20.62"
"36,20 : 18.03"
"36,21 : 81.05"
"36,22 : 83.65"
"36,23 : 56.04"
"36,24 : 76.11"
"36,25 : 45.35"
"36,26 : 51.66"
"36,27 : 30.23"
"36,28 : 17.46"
"36,29 : 46.75"
"36,30 : 70.49"
"36,31 : 25.5"
"36,32 : 76.24"
"36,33 : 31.32"
"36,34 : 71.34"
"36,35 : 38.21"
"36,36 : 0.0"
"36,37 : 99.36"
"36,38 : 18.25"
"36,39 : 11.4"
"36,40 : 7.28"
"36,41 : 52.35"
"36,42 : 1.0"
"36,43 : 47.01"
"36,44 : 73.88"
"36,45 : 8.54"
"36,46 : 12.08"
"36,47 : 66.12"
"36,48 : 51.2"
"36,49 : 22.8"
"37,0 : 45.28"
"37,1 : 4.0"
"37,2 : 35.13"
"37,3 : 55.08"
"37,4 : 40.01"
"37,5 : 47.17"
"37,6 : 80.78"
"37,7 : 110.15"
"37,8 : 91.22"
"37,9 : 79.23"
"37,10 : 55.32"
"37,11 : 41.01"
"37,12 : 21.59"
"37,13 : 109.29"
"37,14 : 49.4"
"37,15 : 43.74"
"37,16 : 100.46"
"37,17 : 85.76"
"37,18 : 65.8"
"37,19 : 105.19"
"37,20 : 112.49"
"37,21 : 77.1"
"37,22 : 25.08"
"37,23 : 91.55"
"37,24 : 60.0"
"37,25 : 89.27"
"37,26 : 64.54"
"37,27 : 100.85"
"37,28 : 113.85"
"37,29 : 52.63"
"37,30 : 39.2"
"37,31 : 103.32"
"37,32 : 58.0"
"37,33 : 115.43"
"37,34 : 57.22"
"37,35 : 71.02"
"37,36 : 99.36"
"37,37 : 0.0"
"37,38 : 86.28"
"37,39 : 110.54"
"37,40 : 93.41"
"37,41 : 74.0"
"37,42 : 98.6"
"37,43 : 55.8"
"37,44 : 25.5"
"37,45 : 106.89"
"37,46 : 105.12"
"37,47 : 68.73"
"37,48 : 59.03"
"37,49 : 118.83"
"38,0 : 49.65"
"38,1 : 89.69"
"38,2 : 70.86"
"38,3 : 36.89"
"38,4 : 57.43"
"38,5 : 49.4"
"38,6 : 5.66"
"38,7 : 53.49"
"38,8 : 21.02"
"38,9 : 74.69"
"38,10 : 61.52"
"38,11 : 47.17"
"38,12 : 66.22"
"38,13 : 45.35"
"38,14 : 36.89"
"38,15 : 48.41"
"38,16 : 21.54"
"38,17 : 1.0"
"38,18 : 56.61"
"38,19 : 19.65"
"38,20 : 36.22"
"38,21 : 83.01"
"38,22 : 74.04"
"38,23 : 40.25"
"38,24 : 74.33"
"38,25 : 29.53"
"38,26 : 33.53"
"38,27 : 21.19"
"38,28 : 35.69"
"38,29 : 34.54"
"38,30 : 54.04"
"38,31 : 20.02"
"38,32 : 73.98"
"38,33 : 48.37"
"38,34 : 68.88"
"38,35 : 37.7"
"38,36 : 18.25"
"38,37 : 86.28"
"38,38 : 0.0"
"38,39 : 28.79"
"38,40 : 11.05"
"38,41 : 54.56"
"38,42 : 18.11"
"38,43 : 40.01"
"38,44 : 61.29"
"38,45 : 26.68"
"38,46 : 19.1"
"38,47 : 66.73"
"38,48 : 47.52"
"38,49 : 41.0"
"39,0 : 77.9"
"39,1 : 113.57"
"39,2 : 88.57"
"39,3 : 65.3"
"39,4 : 85.59"
"39,5 : 77.83"
"39,6 : 34.01"
"39,7 : 37.01"
"39,8 : 20.62"
"39,9 : 77.23"
"39,10 : 73.5"
"39,11 : 69.66"
"39,12 : 92.02"
"39,13 : 27.02"
"39,14 : 62.37"
"39,15 : 76.32"
"39,16 : 36.4"
"39,17 : 29.73"
"39,18 : 64.78"
"39,19 : 23.77"
"39,20 : 10.82"
"39,21 : 87.09"
"39,22 : 94.15"
"39,23 : 63.51"
"39,24 : 84.01"
"39,25 : 53.15"
"39,26 : 62.3"
"39,27 : 35.44"
"39,28 : 8.54"
"39,29 : 58.0"
"39,30 : 81.84"
"39,31 : 29.73"
"39,32 : 84.34"
"39,33 : 26.4"
"39,34 : 79.62"
"39,35 : 46.84"
"39,36 : 11.4"
"39,37 : 110.54"
"39,38 : 28.79"
"39,39 : 0.0"
"39,40 : 18.36"
"39,41 : 59.08"
"39,42 : 12.04"
"39,43 : 57.31"
"39,44 : 85.04"
"39,45 : 4.12"
"39,46 : 14.56"
"39,47 : 73.17"
"39,48 : 60.41"
"39,49 : 13.04"
"40,0 : 59.54"
"40,1 : 96.61"
"40,2 : 74.33"
"40,3 : 46.96"
"40,4 : 67.23"
"40,5 : 59.48"
"40,6 : 15.81"
"40,7 : 43.83"
"40,8 : 12.81"
"40,9 : 71.47"
"40,10 : 62.07"
"40,11 : 53.0"
"40,12 : 74.25"
"40,13 : 35.11"
"40,14 : 44.55"
"40,15 : 57.98"
"40,16 : 26.87"
"40,17 : 12.04"
"40,18 : 55.33"
"40,19 : 18.97"
"40,20 : 25.18"
"40,21 : 80.52"
"40,22 : 78.79"
"40,23 : 49.98"
"40,24 : 74.06"
"40,25 : 39.22"
"40,26 : 44.38"
"40,27 : 26.17"
"40,28 : 24.74"
"40,29 : 40.8"
"40,30 : 63.51"
"40,31 : 22.47"
"40,32 : 74.01"
"40,33 : 37.66"
"40,34 : 69.0"
"40,35 : 36.12"
"40,36 : 7.28"
"40,37 : 93.41"
"40,38 : 11.05"
"40,39 : 18.36"
"40,40 : 0.0"
"40,41 : 51.66"
"40,42 : 7.07"
"40,43 : 42.72"
"40,44 : 68.01"
"40,45 : 15.81"
"40,46 : 13.15"
"40,47 : 64.94"
"40,48 : 48.17"
"40,49 : 30.08"
"41,0 : 68.31"
"41,1 : 75.39"
"41,2 : 40.82"
"41,3 : 62.18"
"41,4 : 72.78"
"41,5 : 69.89"
"41,6 : 53.0"
"41,7 : 39.7"
"41,8 : 40.31"
"41,9 : 20.12"
"41,10 : 20.0"
"41,11 : 41.3"
"41,12 : 65.07"
"41,13 : 42.94"
"41,14 : 47.54"
"41,15 : 64.85"
"41,16 : 76.06"
"41,17 : 55.01"
"41,18 : 8.6"
"41,19 : 70.6"
"41,20 : 54.34"
"41,21 : 28.86"
"41,22 : 50.09"
"41,23 : 89.94"
"41,24 : 26.0"
"41,25 : 80.43"
"41,26 : 68.24"
"41,27 : 75.64"
"41,28 : 57.07"
"41,29 : 40.72"
"41,30 : 67.68"
"41,31 : 73.39"
"41,32 : 26.83"
"41,33 : 49.24"
"41,34 : 23.02"
"41,35 : 17.2"
"41,36 : 52.35"
"41,37 : 74.0"
"41,38 : 54.56"
"41,39 : 59.08"
"41,40 : 51.66"
"41,41 : 0.0"
"41,42 : 51.35"
"41,43 : 26.57"
"41,44 : 53.24"
"41,45 : 55.04"
"41,46 : 63.95"
"41,47 : 14.14"
"41,48 : 17.12"
"41,49 : 60.17"
"42,0 : 66.19"
"42,1 : 101.67"
"42,2 : 77.62"
"42,3 : 53.71"
"42,4 : 73.82"
"42,5 : 66.21"
"42,6 : 22.8"
"42,7 : 38.28"
"42,8 : 11.05"
"42,9 : 70.61"
"42,10 : 63.79"
"42,11 : 57.8"
"42,12 : 79.98"
"42,13 : 29.07"
"42,14 : 50.33"
"42,15 : 64.5"
"42,16 : 31.62"
"42,17 : 19.1"
"42,18 : 56.01"
"42,19 : 21.4"
"42,20 : 18.11"
"42,21 : 80.06"
"42,22 : 82.76"
"42,23 : 56.32"
"42,24 : 75.11"
"42,25 : 45.61"
"42,26 : 51.42"
"42,27 : 30.81"
"42,28 : 17.72"
"42,29 : 46.01"
"42,30 : 69.97"
"42,31 : 26.17"
"42,32 : 75.24"
"42,33 : 31.05"
"42,34 : 70.35"
"42,35 : 37.22"
"42,36 : 1.0"
"42,37 : 98.6"
"42,38 : 18.11"
"42,39 : 12.04"
"42,40 : 7.07"
"42,41 : 51.35"
"42,42 : 0.0"
"42,43 : 46.1"
"42,44 : 73.11"
"42,45 : 8.94"
"42,46 : 13.0"
"42,47 : 65.12"
"42,48 : 50.22"
"42,49 : 23.09"
"43,0 : 41.76"
"43,1 : 58.26"
"43,2 : 31.62"
"43,3 : 36.06"
"43,4 : 46.53"
"43,5 : 43.32"
"43,6 : 36.12"
"43,7 : 55.15"
"43,8 : 36.89"
"43,9 : 43.42"
"43,10 : 22.85"
"43,11 : 16.49"
"43,12 : 41.76"
"43,13 : 53.54"
"43,14 : 21.02"
"43,15 : 38.33"
"43,16 : 60.41"
"43,17 : 40.0"
"43,18 : 22.8"
"43,19 : 59.3"
"43,20 : 57.49"
"43,21 : 48.92"
"43,22 : 36.89"
"43,23 : 67.74"
"43,24 : 36.25"
"43,25 : 59.51"
"43,26 : 43.14"
"43,27 : 60.3"
"43,28 : 59.2"
"43,29 : 14.42"
"43,30 : 41.44"
"43,31 : 60.0"
"43,32 : 35.47"
"43,33 : 59.64"
"43,34 : 30.46"
"43,35 : 15.81"
"43,36 : 47.01"
"43,37 : 55.8"
"43,38 : 40.01"
"43,39 : 57.31"
"43,40 : 42.72"
"43,41 : 26.57"
"43,42 : 46.1"
"43,43 : 0.0"
"43,44 : 31.3"
"43,45 : 53.34"
"43,46 : 55.79"
"43,47 : 32.53"
"43,48 : 10.63"
"43,49 : 63.89"
"44,0 : 28.64"
"44,1 : 28.6"
"44,2 : 24.08"
"44,3 : 34.06"
"44,4 : 27.66"
"44,5 : 30.87"
"44,6 : 55.9"
"44,7 : 86.41"
"44,8 : 65.8"
"44,9 : 63.35"
"44,10 : 37.66"
"44,11 : 15.62"
"44,12 : 12.17"
"44,13 : 84.72"
"44,14 : 24.7"
"44,15 : 25.63"
"44,16 : 76.92"
"44,17 : 60.83"
"44,18 : 46.0"
"44,19 : 80.53"
"44,20 : 87.11"
"44,21 : 64.26"
"44,22 : 18.79"
"44,23 : 72.34"
"44,24 : 47.01"
"44,25 : 68.07"
"44,26 : 44.1"
"44,27 : 77.2"
"44,28 : 88.41"
"44,29 : 27.2"
"44,30 : 23.85"
"44,31 : 79.12"
"44,32 : 45.19"
"44,33 : 90.74"
"44,34 : 42.38"
"44,35 : 47.01"
"44,36 : 73.88"
"44,37 : 25.5"
"44,38 : 61.29"
"44,39 : 85.04"
"44,40 : 68.01"
"44,41 : 53.24"
"44,42 : 73.11"
"44,43 : 31.3"
"44,44 : 0.0"
"44,45 : 81.39"
"44,46 : 79.92"
"44,47 : 51.79"
"44,48 : 36.67"
"44,49 : 93.43"
"45,0 : 75.13"
"45,1 : 109.88"
"45,2 : 84.53"
"45,3 : 62.65"
"45,4 : 82.76"
"45,5 : 75.15"
"45,6 : 31.62"
"45,7 : 34.66"
"45,8 : 16.55"
"45,9 : 73.33"
"45,10 : 69.38"
"45,11 : 65.95"
"45,12 : 88.62"
"45,13 : 24.76"
"45,14 : 59.03"
"45,15 : 73.43"
"45,16 : 36.77"
"45,17 : 27.66"
"45,18 : 60.67"
"45,19 : 24.7"
"45,20 : 10.2"
"45,21 : 83.15"
"45,22 : 90.21"
"45,23 : 63.15"
"45,24 : 79.91"
"45,25 : 52.61"
"45,26 : 60.17"
"45,27 : 35.85"
"45,28 : 9.06"
"45,29 : 54.45"
"45,30 : 78.89"
"45,31 : 30.41"
"45,32 : 80.23"
"45,33 : 25.06"
"45,34 : 75.5"
"45,35 : 42.72"
"45,36 : 8.54"
"45,37 : 106.89"
"45,38 : 26.68"
"45,39 : 4.12"
"45,40 : 15.81"
"45,41 : 55.04"
"45,42 : 8.94"
"45,43 : 53.34"
"45,44 : 81.39"
"45,45 : 0.0"
"45,46 : 15.26"
"45,47 : 69.12"
"45,48 : 56.3"
"45,49 : 14.32"
"46,0 : 68.41"
"46,1 : 108.45"
"46,2 : 87.36"
"46,3 : 55.61"
"46,4 : 76.22"
"46,5 : 68.01"
"46,6 : 24.76"
"46,7 : 49.58"
"46,8 : 23.77"
"46,9 : 83.43"
"46,10 : 75.17"
"46,11 : 65.3"
"46,12 : 85.28"
"46,13 : 39.82"
"46,14 : 55.8"
"46,15 : 67.36"
"46,16 : 21.84"
"46,17 : 19.8"
"46,18 : 68.12"
"46,19 : 9.43"
"46,20 : 25.08"
"46,21 : 92.76"
"46,22 : 91.55"
"46,23 : 49.16"
"46,24 : 87.01"
"46,25 : 39.0"
"46,26 : 51.0"
"46,27 : 20.88"
"46,28 : 23.09"
"46,29 : 52.84"
"46,30 : 73.0"
"46,31 : 15.23"
"46,32 : 87.01"
"46,33 : 40.31"
"46,34 : 82.02"
"46,35 : 49.01"
"46,36 : 12.08"
"46,37 : 105.12"
"46,38 : 19.1"
"46,39 : 14.56"
"46,40 : 13.15"
"46,41 : 63.95"
"46,42 : 13.0"
"46,43 : 55.79"
"46,44 : 79.92"
"46,45 : 15.26"
"46,46 : 0.0"
"46,47 : 77.52"
"46,48 : 61.29"
"46,49 : 27.46"
"47,0 : 72.07"
"47,1 : 69.43"
"47,2 : 33.73"
"47,3 : 68.25"
"47,4 : 75.24"
"47,5 : 73.93"
"47,6 : 64.47"
"47,7 : 52.15"
"47,8 : 54.08"
"47,9 : 11.7"
"47,10 : 14.14"
"47,11 : 43.38"
"47,12 : 63.95"
"47,13 : 56.46"
"47,14 : 52.8"
"47,15 : 68.48"
"47,16 : 88.26"
"47,17 : 67.07"
"47,18 : 10.3"
"47,19 : 83.74"
"47,20 : 68.45"
"47,21 : 16.64"
"47,22 : 43.74"
"47,23 : 99.62"
"47,24 : 12.81"
"47,25 : 90.74"
"47,26 : 75.66"
"47,27 : 87.92"
"47,28 : 71.2"
"47,29 : 46.75"
"47,30 : 70.26"
"47,31 : 86.13"
"47,32 : 14.14"
"47,33 : 62.65"
"47,34 : 12.08"
"47,35 : 29.12"
"47,36 : 66.12"
"47,37 : 68.73"
"47,38 : 66.73"
"47,39 : 73.17"
"47,40 : 64.94"
"47,41 : 14.14"
"47,42 : 65.12"
"47,43 : 32.53"
"47,44 : 51.79"
"47,45 : 69.12"
"47,46 : 77.52"
"47,47 : 0.0"
"47,48 : 21.93"
"47,49 : 74.22"
"48,0 : 51.62"
"48,1 : 60.9"
"48,2 : 29.21"
"48,3 : 46.62"
"48,4 : 55.79"
"48,5 : 53.31"
"48,6 : 44.38"
"48,7 : 51.31"
"48,8 : 39.85"
"48,9 : 32.8"
"48,10 : 14.04"
"48,11 : 24.19"
"48,12 : 48.26"
"48,13 : 51.62"
"48,14 : 31.38"
"48,15 : 48.1"
"48,16 : 68.66"
"48,17 : 47.68"
"48,18 : 12.21"
"48,19 : 66.03"
"48,20 : 58.67"
"48,21 : 38.42"
"48,22 : 36.88"
"48,23 : 77.94"
"48,24 : 26.93"
"48,25 : 69.35"
"48,26 : 53.76"
"48,27 : 68.45"
"48,28 : 60.83"
"48,29 : 25.0"
"48,30 : 50.7"
"48,31 : 67.48"
"48,32 : 26.48"
"48,33 : 57.98"
"48,34 : 21.38"
"48,35 : 13.89"
"48,36 : 51.2"
"48,37 : 59.03"
"48,38 : 47.52"
"48,39 : 60.41"
"48,40 : 48.17"
"48,41 : 17.12"
"48,42 : 50.22"
"48,43 : 10.63"
"48,44 : 36.67"
"48,45 : 56.3"
"48,46 : 61.29"
"48,47 : 21.93"
"48,48 : 0.0"
"48,49 : 65.0"
"49,0 : 89.05"
"49,1 : 121.62"
"49,2 : 94.03"
"49,3 : 76.69"
"49,4 : 96.61"
"49,5 : 89.16"
"49,6 : 45.88"
"49,7 : 29.73"
"49,8 : 27.66"
"49,9 : 76.32"
"49,10 : 76.97"
"49,11 : 77.83"
"49,12 : 101.4"
"49,13 : 20.4"
"49,14 : 72.11"
"49,15 : 87.21"
"49,16 : 49.24"
"49,17 : 41.98"
"49,18 : 67.07"
"49,19 : 36.4"
"49,20 : 6.4"
"49,21 : 86.47"
"49,22 : 100.6"
"49,23 : 76.53"
"49,24 : 86.02"
"49,25 : 66.19"
"49,26 : 74.46"
"49,27 : 48.27"
"49,28 : 5.39"
"49,29 : 67.01"
"49,30 : 92.59"
"49,31 : 42.45"
"49,32 : 86.65"
"49,33 : 17.0"
"49,34 : 82.28"
"49,35 : 51.11"
"49,36 : 22.8"
"49,37 : 118.83"
"49,38 : 41.0"
"49,39 : 13.04"
"49,40 : 30.08"
"49,41 : 60.17"
"49,42 : 23.09"
"49,43 : 63.89"
"49,44 : 93.43"
"49,45 : 14.32"
"49,46 : 27.46"
"49,47 : 74.22"
"49,48 : 65.0"
"49,49 : 0.0"
