x,y
58,22
10,11
27,13
70,7
26,36
37,13
2,28
15,41
65,9
9,2
95,56
11,91
45,61
18,96
54,95
58,84
97,9
48,9
62,87
17,26
67,72
45,99
7,76
45,65
46,65
61,51
44,81
41,90
40,70
59,1
51,14
63,5
3,27
25,81
96,4
86,58
9,53
92,59
81,75
36,30
14,15
31,92
62,22
1,43
46,71
26,18
11,100
95,18
63,90
59,100

Distanze
"0,0 : 0.0"
"0,1 : 49.24"
"0,2 : 32.28"
"0,3 : 19.21"
"0,4 : 34.93"
"0,5 : 22.85"
"0,6 : 56.32"
"0,7 : 47.01"
"0,8 : 14.76"
"0,9 : 52.92"
"0,10 : 50.25"
"0,11 : 83.49"
"0,12 : 41.11"
"0,13 : 84.12"
"0,14 : 73.11"
"0,15 : 62.0"
"0,16 : 41.11"
"0,17 : 16.4"
"0,18 : 65.12"
"0,19 : 41.19"
"0,20 : 50.8"
"0,21 : 78.09"
"0,22 : 74.28"
"0,23 : 44.92"
"0,24 : 44.64"
"0,25 : 29.15"
"0,26 : 60.64"
"0,27 : 70.09"
"0,28 : 51.26"
"0,29 : 21.02"
"0,30 : 10.63"
"0,31 : 17.72"
"0,32 : 55.23"
"0,33 : 67.6"
"0,34 : 42.05"
"0,35 : 45.61"
"0,36 : 57.98"
"0,37 : 50.25"
"0,38 : 57.78"
"0,39 : 23.41"
"0,40 : 44.55"
"0,41 : 75.03"
"0,42 : 4.0"
"0,43 : 60.75"
"0,44 : 50.45"
"0,45 : 32.25"
"0,46 : 91.07"
"0,47 : 37.22"
"0,48 : 68.18"
"0,49 : 78.01"
"1,0 : 49.24"
"1,1 : 0.0"
"1,2 : 17.12"
"1,3 : 60.13"
"1,4 : 29.68"
"1,5 : 27.07"
"1,6 : 18.79"
"1,7 : 30.41"
"1,8 : 55.04"
"1,9 : 9.06"
"1,10 : 96.18"
"1,11 : 80.01"
"1,12 : 61.03"
"1,13 : 85.38"
"1,14 : 94.83"
"1,15 : 87.37"
"1,16 : 87.02"
"1,17 : 38.05"
"1,18 : 92.09"
"1,19 : 16.55"
"1,20 : 83.49"
"1,21 : 94.7"
"1,22 : 65.07"
"1,23 : 64.35"
"1,24 : 64.9"
"1,25 : 64.82"
"1,26 : 77.82"
"1,27 : 84.86"
"1,28 : 66.19"
"1,29 : 50.01"
"1,30 : 41.11"
"1,31 : 53.34"
"1,32 : 17.46"
"1,33 : 71.59"
"1,34 : 86.28"
"1,35 : 89.36"
"1,36 : 42.01"
"1,37 : 95.02"
"1,38 : 95.59"
"1,39 : 32.2"
"1,40 : 5.66"
"1,41 : 83.68"
"1,42 : 53.15"
"1,43 : 33.24"
"1,44 : 69.97"
"1,45 : 17.46"
"1,46 : 89.01"
"1,47 : 85.29"
"1,48 : 95.13"
"1,49 : 101.6"
"2,0 : 32.28"
"2,1 : 17.12"
"2,2 : 0.0"
"2,3 : 43.42"
"2,4 : 23.02"
"2,5 : 10.0"
"2,6 : 29.15"
"2,7 : 30.46"
"2,8 : 38.21"
"2,9 : 21.1"
"2,10 : 80.45"
"2,11 : 79.62"
"2,12 : 51.26"
"2,13 : 83.49"
"2,14 : 86.33"
"2,15 : 77.47"
"2,16 : 70.11"
"2,17 : 21.38"
"2,18 : 81.86"
"2,19 : 16.4"
"2,20 : 71.28"
"2,21 : 87.86"
"2,22 : 66.1"
"2,23 : 55.03"
"2,24 : 55.36"
"2,25 : 50.99"
"2,26 : 70.09"
"2,27 : 78.26"
"2,28 : 58.46"
"2,29 : 34.18"
"2,30 : 24.02"
"2,31 : 36.88"
"2,32 : 27.78"
"2,33 : 68.03"
"2,34 : 69.58"
"2,35 : 74.2"
"2,36 : 43.86"
"2,37 : 79.63"
"2,38 : 82.22"
"2,39 : 19.24"
"2,40 : 13.15"
"2,41 : 79.1"
"2,42 : 36.14"
"2,43 : 39.7"
"2,44 : 61.03"
"2,45 : 5.1"
"2,46 : 88.46"
"2,47 : 68.18"
"2,48 : 85.0"
"2,49 : 92.7"
"3,0 : 19.21"
"3,1 : 60.13"
"3,2 : 43.42"
"3,3 : 0.0"
"3,4 : 52.7"
"3,5 : 33.54"
"3,6 : 71.17"
"3,7 : 64.66"
"3,8 : 5.39"
"3,9 : 61.2"
"3,10 : 55.01"
"3,11 : 102.65"
"3,12 : 59.51"
"3,13 : 103.08"
"3,14 : 89.44"
"3,15 : 77.93"
"3,16 : 27.07"
"3,17 : 22.09"
"3,18 : 80.4"
"3,19 : 56.3"
"3,20 : 65.07"
"3,21 : 95.34"
"3,22 : 93.43"
"3,23 : 63.16"
"3,24 : 62.77"
"3,25 : 44.91"
"3,26 : 78.43"
"3,27 : 87.92"
"3,28 : 69.78"
"3,29 : 12.53"
"3,30 : 20.25"
"3,31 : 7.28"
"3,32 : 69.92"
"3,33 : 86.61"
"3,34 : 26.17"
"3,35 : 53.45"
"3,36 : 76.4"
"3,37 : 56.46"
"3,38 : 68.88"
"3,39 : 41.05"
"3,40 : 56.57"
"3,41 : 93.52"
"3,42 : 17.0"
"3,43 : 77.83"
"3,44 : 68.35"
"3,45 : 45.35"
"3,46 : 110.14"
"3,47 : 27.31"
"3,48 : 83.29"
"3,49 : 93.65"
"4,0 : 34.93"
"4,1 : 29.68"
"4,2 : 23.02"
"4,3 : 52.7"
"4,4 : 0.0"
"4,5 : 25.5"
"4,6 : 25.3"
"4,7 : 12.08"
"4,8 : 47.43"
"4,9 : 38.01"
"4,10 : 71.84"
"4,11 : 57.01"
"4,12 : 31.4"
"4,13 : 60.53"
"4,14 : 65.31"
"4,15 : 57.69"
"4,16 : 75.96"
"4,17 : 34.83"
"4,18 : 62.43"
"4,19 : 13.45"
"4,20 : 54.56"
"4,21 : 65.8"
"4,22 : 44.28"
"4,23 : 34.67"
"4,24 : 35.23"
"4,25 : 38.08"
"4,26 : 48.47"
"4,27 : 56.04"
"4,28 : 36.77"
"4,29 : 48.1"
"4,30 : 33.3"
"4,31 : 48.27"
"4,32 : 24.7"
"4,33 : 45.01"
"4,34 : 76.97"
"4,35 : 63.91"
"4,36 : 24.04"
"4,37 : 69.89"
"4,38 : 67.42"
"4,39 : 11.66"
"4,40 : 24.19"
"4,41 : 56.22"
"4,42 : 38.63"
"4,43 : 25.96"
"4,44 : 40.31"
"4,45 : 18.0"
"4,46 : 65.73"
"4,47 : 71.31"
"4,48 : 65.46"
"4,49 : 72.01"
"5,0 : 22.85"
"5,1 : 27.07"
"5,2 : 10.0"
"5,3 : 33.54"
"5,4 : 25.5"
"5,5 : 0.0"
"5,6 : 38.08"
"5,7 : 35.61"
"5,8 : 28.28"
"5,9 : 30.08"
"5,10 : 72.2"
"5,11 : 82.22"
"5,12 : 48.66"
"5,13 : 85.15"
"5,14 : 83.74"
"5,15 : 74.04"
"5,16 : 60.13"
"5,17 : 11.7"
"5,18 : 78.11"
"5,19 : 23.85"
"5,20 : 66.19"
"5,21 : 86.37"
"5,22 : 69.78"
"5,23 : 52.61"
"5,24 : 52.77"
"5,25 : 44.94"
"5,26 : 68.36"
"5,27 : 77.1"
"5,28 : 57.08"
"5,29 : 25.06"
"5,30 : 14.04"
"5,31 : 27.2"
"5,32 : 36.77"
"5,33 : 69.05"
"5,34 : 59.68"
"5,35 : 66.53"
"5,36 : 48.83"
"5,37 : 71.7"
"5,38 : 76.03"
"5,39 : 17.03"
"5,40 : 23.09"
"5,41 : 79.23"
"5,42 : 26.57"
"5,43 : 46.86"
"5,44 : 58.69"
"5,45 : 12.08"
"5,46 : 90.8"
"5,47 : 58.22"
"5,48 : 81.27"
"5,49 : 89.74"
"6,0 : 56.32"
"6,1 : 18.79"
"6,2 : 29.15"
"6,3 : 71.17"
"6,4 : 25.3"
"6,5 : 38.08"
"6,6 : 0.0"
"6,7 : 18.38"
"6,8 : 65.8"
"6,9 : 26.93"
"6,10 : 97.12"
"6,11 : 63.64"
"6,12 : 54.2"
"6,13 : 69.86"
"6,14 : 84.81"
"6,15 : 79.2"
"6,16 : 96.88"
"6,17 : 49.77"
"6,18 : 84.15"
"6,19 : 15.13"
"6,20 : 78.49"
"6,21 : 83.01"
"6,22 : 48.26"
"6,23 : 56.73"
"6,24 : 57.49"
"6,25 : 63.32"
"6,26 : 67.62"
"6,27 : 73.25"
"6,28 : 56.64"
"6,29 : 63.07"
"6,30 : 50.96"
"6,31 : 65.19"
"6,32 : 1.41"
"6,33 : 57.78"
"6,34 : 97.02"
"6,35 : 89.2"
"6,36 : 25.96"
"6,37 : 95.19"
"6,38 : 91.92"
"6,39 : 34.06"
"6,40 : 17.69"
"6,41 : 70.26"
"6,42 : 60.3"
"6,43 : 15.03"
"6,44 : 61.52"
"6,45 : 26.0"
"6,46 : 72.56"
"6,47 : 93.54"
"6,48 : 86.98"
"6,49 : 91.83"
"7,0 : 47.01"
"7,1 : 30.41"
"7,2 : 30.46"
"7,3 : 64.66"
"7,4 : 12.08"
"7,5 : 35.61"
"7,6 : 18.38"
"7,7 : 0.0"
"7,8 : 59.36"
"7,9 : 39.46"
"7,10 : 81.39"
"7,11 : 50.16"
"7,12 : 36.06"
"7,13 : 55.08"
"7,14 : 66.61"
"7,15 : 60.81"
"7,16 : 88.02"
"7,17 : 45.97"
"7,18 : 65.76"
"7,19 : 15.13"
"7,20 : 60.54"
"7,21 : 65.3"
"7,22 : 35.9"
"7,23 : 38.42"
"7,24 : 39.2"
"7,25 : 47.07"
"7,26 : 49.41"
"7,27 : 55.47"
"7,28 : 38.29"
"7,29 : 59.46"
"7,30 : 45.0"
"7,31 : 60.0"
"7,32 : 18.44"
"7,33 : 41.23"
"7,34 : 89.05"
"7,35 : 73.01"
"7,36 : 13.42"
"7,37 : 79.08"
"7,38 : 74.24"
"7,39 : 23.71"
"7,40 : 26.02"
"7,41 : 53.45"
"7,42 : 50.7"
"7,43 : 14.14"
"7,44 : 43.14"
"7,45 : 25.5"
"7,46 : 59.14"
"7,47 : 83.24"
"7,48 : 68.59"
"7,49 : 73.6"
"8,0 : 14.76"
"8,1 : 55.04"
"8,2 : 38.21"
"8,3 : 5.39"
"8,4 : 47.43"
"8,5 : 28.28"
"8,6 : 65.8"
"8,7 : 59.36"
"8,8 : 0.0"
"8,9 : 56.44"
"8,10 : 55.76"
"8,11 : 98.18"
"8,12 : 55.71"
"8,13 : 98.88"
"8,14 : 86.7"
"8,15 : 75.33"
"8,16 : 32.0"
"8,17 : 17.0"
"8,18 : 78.06"
"8,19 : 50.92"
"8,20 : 63.03"
"8,21 : 92.2"
"8,22 : 88.62"
"8,23 : 59.46"
"8,24 : 59.14"
"8,25 : 42.19"
"8,26 : 75.0"
"8,27 : 84.48"
"8,28 : 65.92"
"8,29 : 10.0"
"8,30 : 14.87"
"8,31 : 4.47"
"8,32 : 64.56"
"8,33 : 82.37"
"8,34 : 31.4"
"8,35 : 53.31"
"8,36 : 71.22"
"8,37 : 56.82"
"8,38 : 67.91"
"8,39 : 35.81"
"8,40 : 51.35"
"8,41 : 89.69"
"8,42 : 13.34"
"8,43 : 72.47"
"8,44 : 64.85"
"8,45 : 40.02"
"8,46 : 105.82"
"8,47 : 31.32"
"8,48 : 81.02"
"8,49 : 91.2"
"9,0 : 52.92"
"9,1 : 9.06"
"9,2 : 21.1"
"9,3 : 61.2"
"9,4 : 38.01"
"9,5 : 30.08"
"9,6 : 26.93"
"9,7 : 39.46"
"9,8 : 56.44"
"9,9 : 0.0"
"9,10 : 101.55"
"9,11 : 89.02"
"9,12 : 69.12"
"9,13 : 94.43"
"9,14 : 103.32"
"9,15 : 95.52"
"9,16 : 88.28"
"9,17 : 39.62"
"9,18 : 100.17"
"9,19 : 25.3"
"9,20 : 90.91"
"9,21 : 103.46"
"9,22 : 74.03"
"9,23 : 72.56"
"9,24 : 73.06"
"9,25 : 71.45"
"9,26 : 86.41"
"9,27 : 93.64"
"9,28 : 74.73"
"9,29 : 50.01"
"9,30 : 43.68"
"9,31 : 54.08"
"9,32 : 25.71"
"9,33 : 80.6"
"9,34 : 87.02"
"9,35 : 95.21"
"9,36 : 51.0"
"9,37 : 100.69"
"9,38 : 102.53"
"9,39 : 38.9"
"9,40 : 13.93"
"9,41 : 92.65"
"9,42 : 56.65"
"9,43 : 41.77"
"9,44 : 78.29"
"9,45 : 23.35"
"9,46 : 98.02"
"9,47 : 87.48"
"9,48 : 103.25"
"9,49 : 110.02"
"10,0 : 50.25"
"10,1 : 96.18"
"10,2 : 80.45"
"10,3 : 55.01"
"10,4 : 71.84"
"10,5 : 72.2"
"10,6 : 97.12"
"10,7 : 81.39"
"10,8 : 55.76"
"10,9 : 101.55"
"10,10 : 0.0"
"10,11 : 91.0"
"10,12 : 50.25"
"10,13 : 86.77"
"10,14 : 56.59"
"10,15 : 46.4"
"10,16 : 47.04"
"10,17 : 66.47"
"10,18 : 45.28"
"10,19 : 83.57"
"10,20 : 32.25"
"10,21 : 65.95"
"10,22 : 90.24"
"10,23 : 50.8"
"10,24 : 49.82"
"10,25 : 34.37"
"10,26 : 56.8"
"10,27 : 63.81"
"10,28 : 56.75"
"10,29 : 65.73"
"10,30 : 60.83"
"10,31 : 60.21"
"10,32 : 96.46"
"10,33 : 74.33"
"10,34 : 52.01"
"10,35 : 9.22"
"10,36 : 86.05"
"10,37 : 4.24"
"10,38 : 23.6"
"10,39 : 64.47"
"10,40 : 90.79"
"10,41 : 73.43"
"10,42 : 47.38"
"10,43 : 94.89"
"10,44 : 51.24"
"10,45 : 78.77"
"10,46 : 94.83"
"10,47 : 38.0"
"10,48 : 46.69"
"10,49 : 56.85"
"11,0 : 83.49"
"11,1 : 80.01"
"11,2 : 79.62"
"11,3 : 102.65"
"11,4 : 57.01"
"11,5 : 82.22"
"11,6 : 63.64"
"11,7 : 50.16"
"11,8 : 98.18"
"11,9 : 89.02"
"11,10 : 91.0"
"11,11 : 0.0"
"11,12 : 45.34"
"11,13 : 8.6"
"11,14 : 43.19"
"11,15 : 47.52"
"11,16 : 118.83"
"11,17 : 89.96"
"11,18 : 51.16"
"11,19 : 65.28"
"11,20 : 59.14"
"11,21 : 34.93"
"11,22 : 15.52"
"11,23 : 42.8"
"11,24 : 43.6"
"11,25 : 64.03"
"11,26 : 34.48"
"11,27 : 30.02"
"11,28 : 35.81"
"11,29 : 102.0"
"11,30 : 86.77"
"11,31 : 100.5"
"11,32 : 64.5"
"11,33 : 17.2"
"11,34 : 121.63"
"11,35 : 81.94"
"11,36 : 38.05"
"11,37 : 87.09"
"11,38 : 71.81"
"11,39 : 65.92"
"11,40 : 76.06"
"11,41 : 20.02"
"11,42 : 85.8"
"11,43 : 49.03"
"11,44 : 40.31"
"11,45 : 74.53"
"11,46 : 9.0"
"11,47 : 111.29"
"11,48 : 52.01"
"11,49 : 48.84"
"12,0 : 41.11"
"12,1 : 61.03"
"12,2 : 51.26"
"12,3 : 59.51"
"12,4 : 31.4"
"12,5 : 48.66"
"12,6 : 54.2"
"12,7 : 36.06"
"12,8 : 55.71"
"12,9 : 69.12"
"12,10 : 50.25"
"12,11 : 45.34"
"12,12 : 0.0"
"12,13 : 44.2"
"12,14 : 35.17"
"12,15 : 26.42"
"12,16 : 73.54"
"12,17 : 52.09"
"12,18 : 31.06"
"12,19 : 44.82"
"12,20 : 24.6"
"12,21 : 38.0"
"12,22 : 40.85"
"12,23 : 4.0"
"12,24 : 4.12"
"12,25 : 18.87"
"12,26 : 20.02"
"12,27 : 29.27"
"12,28 : 10.3"
"12,29 : 61.61"
"12,30 : 47.38"
"12,31 : 58.82"
"12,32 : 54.04"
"12,33 : 28.28"
"12,34 : 76.49"
"12,35 : 41.11"
"12,36 : 36.88"
"12,37 : 47.04"
"12,38 : 38.63"
"12,39 : 32.28"
"12,40 : 55.47"
"12,41 : 34.01"
"12,42 : 42.54"
"12,43 : 47.54"
"12,44 : 10.05"
"12,45 : 47.01"
"12,46 : 51.74"
"12,47 : 65.95"
"12,48 : 34.13"
"12,49 : 41.44"
"13,0 : 84.12"
"13,1 : 85.38"
"13,2 : 83.49"
"13,3 : 103.08"
"13,4 : 60.53"
"13,5 : 85.15"
"13,6 : 69.86"
"13,7 : 55.08"
"13,8 : 98.88"
"13,9 : 94.43"
"13,10 : 86.77"
"13,11 : 8.6"
"13,12 : 44.2"
"13,13 : 0.0"
"13,14 : 36.01"
"13,15 : 41.76"
"13,16 : 117.52"
"13,17 : 92.03"
"13,18 : 44.91"
"13,19 : 70.01"
"13,20 : 54.56"
"13,21 : 27.17"
"13,22 : 22.83"
"13,23 : 41.11"
"13,24 : 41.77"
"13,25 : 62.24"
"13,26 : 30.02"
"13,27 : 23.77"
"13,28 : 34.06"
"13,29 : 103.47"
"13,30 : 88.39"
"13,31 : 101.52"
"13,32 : 70.61"
"13,33 : 16.55"
"13,34 : 120.62"
"13,35 : 77.9"
"13,36 : 43.93"
"13,37 : 82.73"
"13,38 : 66.41"
"13,39 : 68.41"
"13,40 : 81.1"
"13,41 : 13.6"
"13,42 : 86.09"
"13,43 : 55.66"
"13,44 : 37.54"
"13,45 : 78.41"
"13,46 : 8.06"
"13,47 : 109.6"
"13,48 : 45.4"
"13,49 : 41.19"
"14,0 : 73.11"
"14,1 : 94.83"
"14,2 : 86.33"
"14,3 : 89.44"
"14,4 : 65.31"
"14,5 : 83.74"
"14,6 : 84.81"
"14,7 : 66.61"
"14,8 : 86.7"
"14,9 : 103.32"
"14,10 : 56.59"
"14,11 : 43.19"
"14,12 : 35.17"
"14,13 : 36.01"
"14,14 : 0.0"
"14,15 : 11.7"
"14,16 : 96.15"
"14,17 : 86.21"
"14,18 : 11.31"
"14,19 : 78.29"
"14,20 : 26.42"
"14,21 : 9.85"
"14,22 : 50.7"
"14,23 : 31.32"
"14,24 : 31.05"
"14,25 : 44.55"
"14,26 : 17.2"
"14,27 : 13.93"
"14,28 : 28.65"
"14,29 : 94.13"
"14,30 : 81.06"
"14,31 : 90.45"
"14,32 : 85.0"
"14,33 : 32.2"
"14,34 : 100.22"
"14,35 : 48.92"
"14,36 : 61.55"
"14,37 : 52.35"
"14,38 : 33.6"
"14,39 : 67.45"
"14,40 : 89.44"
"14,41 : 23.19"
"14,42 : 73.44"
"14,43 : 74.25"
"14,44 : 25.3"
"14,45 : 81.93"
"14,46 : 43.29"
"14,47 : 87.24"
"14,48 : 10.3"
"14,49 : 7.07"
"15,0 : 62.0"
"15,1 : 87.37"
"15,2 : 77.47"
"15,3 : 77.93"
"15,4 : 57.69"
"15,5 : 74.04"
"15,6 : 79.2"
"15,7 : 60.81"
"15,8 : 75.33"
"15,9 : 95.52"
"15,10 : 46.4"
"15,11 : 47.52"
"15,12 : 26.42"
"15,13 : 41.76"
"15,14 : 11.7"
"15,15 : 0.0"
"15,16 : 84.53"
"15,17 : 75.66"
"15,18 : 5.0"
"15,19 : 71.03"
"15,20 : 15.0"
"15,21 : 19.85"
"15,22 : 51.62"
"15,23 : 23.02"
"15,24 : 22.47"
"15,25 : 33.14"
"15,26 : 14.32"
"15,27 : 18.03"
"15,28 : 22.8"
"15,29 : 83.01"
"15,30 : 70.35"
"15,31 : 79.16"
"15,32 : 79.21"
"15,33 : 33.14"
"15,34 : 88.57"
"15,35 : 38.21"
"15,36 : 57.98"
"15,37 : 42.2"
"15,38 : 24.7"
"15,39 : 58.31"
"15,40 : 81.84"
"15,41 : 28.16"
"15,42 : 62.13"
"15,43 : 70.21"
"15,44 : 17.69"
"15,45 : 73.35"
"15,46 : 49.65"
"15,47 : 75.66"
"15,48 : 7.81"
"15,49 : 16.03"
"16,0 : 41.11"
"16,1 : 87.02"
"16,2 : 70.11"
"16,3 : 27.07"
"16,4 : 75.96"
"16,5 : 60.13"
"16,6 : 96.88"
"16,7 : 88.02"
"16,8 : 32.0"
"16,9 : 88.28"
"16,10 : 47.04"
"16,11 : 118.83"
"16,12 : 73.54"
"16,13 : 117.52"
"16,14 : 96.15"
"16,15 : 84.53"
"16,16 : 0.0"
"16,17 : 49.0"
"16,18 : 85.49"
"16,19 : 81.79"
"16,20 : 69.78"
"16,21 : 103.94"
"16,22 : 112.2"
"16,23 : 76.42"
"16,24 : 75.74"
"16,25 : 55.32"
"16,26 : 89.4"
"16,27 : 98.47"
"16,28 : 83.49"
"16,29 : 38.83"
"16,30 : 46.27"
"16,31 : 34.23"
"16,32 : 95.71"
"16,33 : 101.82"
"16,34 : 5.1"
"16,35 : 50.22"
"16,36 : 98.39"
"16,37 : 50.25"
"16,38 : 67.91"
"16,39 : 64.51"
"16,40 : 83.22"
"16,41 : 106.04"
"16,42 : 37.34"
"16,43 : 101.84"
"16,44 : 80.28"
"16,45 : 71.57"
"16,46 : 125.21"
"16,47 : 9.22"
"16,48 : 87.85"
"16,49 : 98.62"
"17,0 : 16.4"
"17,1 : 38.05"
"17,2 : 21.38"
"17,3 : 22.09"
"17,4 : 34.83"
"17,5 : 11.7"
"17,6 : 49.77"
"17,7 : 45.97"
"17,8 : 17.0"
"17,9 : 39.62"
"17,10 : 66.47"
"17,11 : 89.96"
"17,12 : 52.09"
"17,13 : 92.03"
"17,14 : 86.21"
"17,15 : 75.66"
"17,16 : 49.0"
"17,17 : 0.0"
"17,18 : 79.25"
"17,19 : 35.36"
"17,20 : 65.8"
"17,21 : 90.05"
"17,22 : 78.55"
"17,23 : 56.08"
"17,24 : 56.04"
"17,25 : 43.97"
"17,26 : 72.11"
"17,27 : 81.3"
"17,28 : 61.52"
"17,29 : 13.6"
"17,30 : 5.83"
"17,31 : 15.52"
"17,32 : 48.47"
"17,33 : 75.58"
"17,34 : 48.26"
"17,35 : 62.01"
"17,36 : 58.8"
"17,37 : 66.6"
"17,38 : 73.79"
"17,39 : 24.19"
"17,40 : 34.53"
"17,41 : 84.72"
"17,42 : 19.1"
"17,43 : 58.01"
"17,44 : 62.03"
"17,45 : 23.77"
"17,46 : 98.23"
"17,47 : 47.85"
"17,48 : 82.38"
"17,49 : 91.66"
"18,0 : 65.12"
"18,1 : 92.09"
"18,2 : 81.86"
"18,3 : 80.4"
"18,4 : 62.43"
"18,5 : 78.11"
"18,6 : 84.15"
"18,7 : 65.76"
"18,8 : 78.06"
"18,9 : 100.17"
"18,10 : 45.28"
"18,11 : 51.16"
"18,12 : 31.06"
"18,13 : 44.91"
"18,14 : 11.31"
"18,15 : 5.0"
"18,16 : 85.49"
"18,17 : 79.25"
"18,18 : 0.0"
"18,19 : 75.8"
"18,20 : 15.81"
"18,21 : 20.81"
"18,22 : 56.09"
"18,23 : 27.8"
"18,24 : 27.2"
"18,25 : 36.01"
"18,26 : 18.97"
"18,27 : 21.21"
"18,28 : 27.8"
"18,29 : 86.05"
"18,30 : 73.82"
"18,31 : 82.01"
"18,32 : 84.15"
"18,33 : 37.48"
"18,34 : 89.69"
"18,35 : 37.64"
"18,36 : 62.97"
"18,37 : 41.04"
"18,38 : 22.47"
"18,39 : 62.65"
"18,40 : 86.53"
"18,41 : 31.4"
"18,42 : 65.0"
"18,43 : 75.21"
"18,44 : 22.63"
"18,45 : 77.83"
"18,46 : 52.63"
"18,47 : 76.49"
"18,48 : 3.16"
"18,49 : 13.34"
"19,0 : 41.19"
"19,1 : 16.55"
"19,2 : 16.4"
"19,3 : 56.3"
"19,4 : 13.45"
"19,5 : 23.85"
"19,6 : 15.13"
"19,7 : 15.13"
"19,8 : 50.92"
"19,9 : 25.3"
"19,10 : 83.57"
"19,11 : 65.28"
"19,12 : 44.82"
"19,13 : 70.01"
"19,14 : 78.29"
"19,15 : 71.03"
"19,16 : 81.79"
"19,17 : 35.36"
"19,18 : 75.8"
"19,19 : 0.0"
"19,20 : 67.94"
"19,21 : 78.19"
"19,22 : 50.99"
"19,23 : 48.01"
"19,24 : 48.6"
"19,25 : 50.61"
"19,26 : 61.27"
"19,27 : 68.35"
"19,28 : 49.65"
"19,29 : 48.88"
"19,30 : 36.06"
"19,31 : 50.57"
"19,32 : 14.04"
"19,33 : 55.58"
"19,34 : 82.01"
"19,35 : 76.06"
"19,36 : 28.16"
"19,37 : 81.94"
"19,38 : 80.6"
"19,39 : 19.42"
"19,40 : 11.4"
"19,41 : 67.47"
"19,42 : 45.18"
"19,43 : 23.35"
"19,44 : 53.54"
"19,45 : 12.04"
"19,46 : 74.24"
"19,47 : 78.41"
"19,48 : 78.82"
"19,49 : 85.09"
"20,0 : 50.8"
"20,1 : 83.49"
"20,2 : 71.28"
"20,3 : 65.07"
"20,4 : 54.56"
"20,5 : 66.19"
"20,6 : 78.49"
"20,7 : 60.54"
"20,8 : 63.03"
"20,9 : 90.91"
"20,10 : 32.25"
"20,11 : 59.14"
"20,12 : 24.6"
"20,13 : 54.56"
"20,14 : 26.42"
"20,15 : 15.0"
"20,16 : 69.78"
"20,17 : 65.8"
"20,18 : 15.81"
"20,19 : 67.94"
"20,20 : 0.0"
"20,21 : 34.83"
"20,22 : 60.13"
"20,23 : 23.09"
"20,24 : 22.14"
"20,25 : 21.84"
"20,26 : 24.7"
"20,27 : 31.62"
"20,28 : 27.07"
"20,29 : 71.45"
"20,30 : 60.17"
"20,31 : 67.12"
"20,32 : 78.24"
"20,33 : 42.95"
"20,34 : 73.93"
"20,35 : 23.6"
"20,36 : 61.03"
"20,37 : 28.18"
"20,38 : 14.32"
"20,39 : 52.2"
"20,40 : 77.83"
"20,41 : 41.18"
"20,42 : 50.25"
"20,43 : 72.09"
"20,44 : 21.02"
"20,45 : 67.8"
"20,46 : 62.61"
"20,47 : 60.83"
"20,48 : 18.44"
"20,49 : 29.12"
"21,0 : 78.09"
"21,1 : 94.7"
"21,2 : 87.86"
"21,3 : 95.34"
"21,4 : 65.8"
"21,5 : 86.37"
"21,6 : 83.01"
"21,7 : 65.3"
"21,8 : 92.2"
"21,9 : 103.46"
"21,10 : 65.95"
"21,11 : 34.93"
"21,12 : 38.0"
"21,13 : 27.17"
"21,14 : 9.85"
"21,15 : 19.85"
"21,16 : 103.94"
"21,17 : 90.05"
"21,18 : 20.81"
"21,19 : 78.19"
"21,20 : 34.83"
"21,21 : 0.0"
"21,22 : 44.42"
"21,23 : 34.0"
"21,24 : 34.01"
"21,25 : 50.6"
"21,26 : 18.03"
"21,27 : 9.85"
"21,28 : 29.43"
"21,29 : 98.99"
"21,30 : 85.21"
"21,31 : 95.71"
"21,32 : 83.35"
"21,33 : 26.91"
"21,34 : 107.82"
"21,35 : 57.98"
"21,36 : 58.41"
"21,37 : 61.72"
"21,38 : 43.27"
"21,39 : 69.58"
"21,40 : 89.54"
"21,41 : 15.65"
"21,42 : 78.85"
"21,43 : 71.22"
"21,44 : 28.02"
"21,45 : 83.2"
"21,46 : 34.01"
"21,47 : 95.19"
"21,48 : 20.12"
"21,49 : 14.04"
"22,0 : 74.28"
"22,1 : 65.07"
"22,2 : 66.1"
"22,3 : 93.43"
"22,4 : 44.28"
"22,5 : 69.78"
"22,6 : 48.26"
"22,7 : 35.9"
"22,8 : 88.62"
"22,9 : 74.03"
"22,10 : 90.24"
"22,11 : 15.52"
"22,12 : 40.85"
"22,13 : 22.83"
"22,14 : 50.7"
"22,15 : 51.62"
"22,16 : 112.2"
"22,17 : 78.55"
"22,18 : 56.09"
"22,19 : 50.99"
"22,20 : 60.13"
"22,21 : 44.42"
"22,22 : 0.0"
"22,23 : 39.56"
"22,24 : 40.52"
"22,25 : 59.51"
"22,26 : 37.34"
"22,27 : 36.77"
"22,28 : 33.54"
"22,29 : 91.26"
"22,30 : 76.03"
"22,31 : 90.43"
"22,32 : 49.16"
"22,33 : 18.68"
"22,34 : 114.48"
"22,35 : 81.02"
"22,36 : 23.09"
"22,37 : 86.68"
"22,38 : 74.01"
"22,39 : 54.38"
"22,40 : 61.4"
"22,41 : 28.84"
"22,42 : 77.08"
"22,43 : 33.54"
"22,44 : 39.32"
"22,45 : 61.03"
"22,46 : 24.33"
"22,47 : 105.39"
"22,48 : 57.72"
"22,49 : 57.27"
"23,0 : 44.92"
"23,1 : 64.35"
"23,2 : 55.03"
"23,3 : 63.16"
"23,4 : 34.67"
"23,5 : 52.61"
"23,6 : 56.73"
"23,7 : 38.42"
"23,8 : 59.46"
"23,9 : 72.56"
"23,10 : 50.8"
"23,11 : 42.8"
"23,12 : 4.0"
"23,13 : 41.11"
"23,14 : 31.32"
"23,15 : 23.02"
"23,16 : 76.42"
"23,17 : 56.08"
"23,18 : 27.8"
"23,19 : 48.01"
"23,20 : 23.09"
"23,21 : 34.0"
"23,22 : 39.56"
"23,23 : 0.0"
"23,24 : 1.0"
"23,25 : 21.26"
"23,26 : 16.03"
"23,27 : 25.32"
"23,28 : 7.07"
"23,29 : 65.51"
"23,30 : 51.35"
"23,31 : 62.64"
"23,32 : 56.64"
"23,33 : 25.61"
"23,34 : 79.51"
"23,35 : 41.59"
"23,36 : 37.95"
"23,37 : 47.38"
"23,38 : 37.36"
"23,39 : 36.14"
"23,40 : 58.83"
"23,41 : 30.41"
"23,42 : 46.24"
"23,43 : 49.19"
"23,44 : 6.08"
"23,45 : 50.7"
"23,46 : 48.8"
"23,47 : 68.62"
"23,48 : 30.81"
"23,49 : 37.7"
"24,0 : 44.64"
"24,1 : 64.9"
"24,2 : 55.36"
"24,3 : 62.77"
"24,4 : 35.23"
"24,5 : 52.77"
"24,6 : 57.49"
"24,7 : 39.2"
"24,8 : 59.14"
"24,9 : 73.06"
"24,10 : 49.82"
"24,11 : 43.6"
"24,12 : 4.12"
"24,13 : 41.77"
"24,14 : 31.05"
"24,15 : 22.47"
"24,16 : 75.74"
"24,17 : 56.04"
"24,18 : 27.2"
"24,19 : 48.6"
"24,20 : 22.14"
"24,21 : 34.01"
"24,22 : 40.52"
"24,23 : 1.0"
"24,24 : 0.0"
"24,25 : 20.52"
"24,26 : 16.12"
"24,27 : 25.5"
"24,28 : 7.81"
"24,29 : 65.31"
"24,30 : 51.24"
"24,31 : 62.36"
"24,32 : 57.38"
"24,33 : 26.4"
"24,34 : 78.87"
"24,35 : 40.61"
"24,36 : 38.9"
"24,37 : 46.39"
"24,38 : 36.4"
"24,39 : 36.4"
"24,40 : 59.36"
"24,41 : 30.89"
"24,42 : 45.88"
"24,43 : 50.09"
"24,44 : 6.0"
"24,45 : 51.08"
"24,46 : 49.5"
"24,47 : 67.9"
"24,48 : 30.23"
"24,49 : 37.34"
"25,0 : 29.15"
"25,1 : 64.82"
"25,2 : 50.99"
"25,3 : 44.91"
"25,4 : 38.08"
"25,5 : 44.94"
"25,6 : 63.32"
"25,7 : 47.07"
"25,8 : 42.19"
"25,9 : 71.45"
"25,10 : 34.37"
"25,11 : 64.03"
"25,12 : 18.87"
"25,13 : 62.24"
"25,14 : 44.55"
"25,15 : 33.14"
"25,16 : 55.32"
"25,17 : 43.97"
"25,18 : 36.01"
"25,19 : 50.61"
"25,20 : 21.84"
"25,21 : 50.6"
"25,22 : 59.51"
"25,23 : 21.26"
"25,24 : 20.52"
"25,25 : 0.0"
"25,26 : 34.48"
"25,27 : 43.83"
"25,28 : 28.32"
"25,29 : 50.04"
"25,30 : 38.33"
"25,31 : 46.04"
"25,32 : 62.77"
"25,33 : 46.86"
"25,34 : 58.6"
"25,35 : 25.96"
"25,36 : 52.04"
"25,37 : 32.02"
"25,38 : 31.24"
"25,39 : 32.65"
"25,40 : 59.2"
"25,41 : 50.8"
"25,42 : 29.02"
"25,43 : 60.53"
"25,44 : 25.0"
"25,45 : 48.1"
"25,46 : 70.01"
"25,47 : 47.38"
"25,48 : 39.05"
"25,49 : 49.04"
"26,0 : 60.64"
"26,1 : 77.82"
"26,2 : 70.09"
"26,3 : 78.43"
"26,4 : 48.47"
"26,5 : 68.36"
"26,6 : 67.62"
"26,7 : 49.41"
"26,8 : 75.0"
"26,9 : 86.41"
"26,10 : 56.8"
"26,11 : 34.48"
"26,12 : 20.02"
"26,13 : 30.02"
"26,14 : 17.2"
"26,15 : 14.32"
"26,16 : 89.4"
"26,17 : 72.11"
"26,18 : 18.97"
"26,19 : 61.27"
"26,20 : 24.7"
"26,21 : 18.03"
"26,22 : 37.34"
"26,23 : 16.03"
"26,24 : 16.12"
"26,25 : 34.48"
"26,26 : 0.0"
"26,27 : 9.49"
"26,28 : 11.7"
"26,29 : 81.39"
"26,30 : 67.36"
"26,31 : 78.34"
"26,32 : 67.8"
"26,33 : 19.0"
"26,34 : 92.91"
"26,35 : 47.89"
"26,36 : 44.82"
"26,37 : 52.8"
"26,38 : 37.48"
"26,39 : 51.62"
"26,40 : 72.5"
"26,41 : 17.03"
"26,42 : 61.68"
"26,43 : 57.38"
"26,44 : 10.2"
"26,45 : 65.52"
"26,46 : 38.08"
"26,47 : 81.06"
"26,48 : 21.02"
"26,49 : 24.21"
"27,0 : 70.09"
"27,1 : 84.86"
"27,2 : 78.26"
"27,3 : 87.92"
"27,4 : 56.04"
"27,5 : 77.1"
"27,6 : 73.25"
"27,7 : 55.47"
"27,8 : 84.48"
"27,9 : 93.64"
"27,10 : 63.81"
"27,11 : 30.02"
"27,12 : 29.27"
"27,13 : 23.77"
"27,14 : 13.93"
"27,15 : 18.03"
"27,16 : 98.47"
"27,17 : 81.3"
"27,18 : 21.21"
"27,19 : 68.35"
"27,20 : 31.62"
"27,21 : 9.85"
"27,22 : 36.77"
"27,23 : 25.32"
"27,24 : 25.5"
"27,25 : 43.83"
"27,26 : 9.49"
"27,27 : 0.0"
"27,28 : 20.02"
"27,29 : 90.8"
"27,30 : 76.66"
"27,31 : 87.8"
"27,32 : 73.57"
"27,33 : 18.36"
"27,34 : 102.08"
"27,35 : 55.22"
"27,36 : 48.92"
"27,37 : 59.68"
"27,38 : 42.72"
"27,39 : 60.21"
"27,40 : 79.71"
"27,41 : 10.2"
"27,42 : 71.17"
"27,43 : 61.72"
"27,44 : 19.65"
"27,45 : 73.55"
"27,46 : 31.62"
"27,47 : 90.0"
"27,48 : 22.0"
"27,49 : 20.59"
"28,0 : 51.26"
"28,1 : 66.19"
"28,2 : 58.46"
"28,3 : 69.78"
"28,4 : 36.77"
"28,5 : 57.08"
"28,6 : 56.64"
"28,7 : 38.29"
"28,8 : 65.92"
"28,9 : 74.73"
"28,10 : 56.75"
"28,11 : 35.81"
"28,12 : 10.3"
"28,13 : 34.06"
"28,14 : 28.65"
"28,15 : 22.8"
"28,16 : 83.49"
"28,17 : 61.52"
"28,18 : 27.8"
"28,19 : 49.65"
"28,20 : 27.07"
"28,21 : 29.43"
"28,22 : 33.54"
"28,23 : 7.07"
"28,24 : 7.81"
"28,25 : 28.32"
"28,26 : 11.7"
"28,27 : 20.02"
"28,28 : 0.0"
"28,29 : 71.57"
"28,30 : 57.07"
"28,31 : 68.95"
"28,32 : 56.73"
"28,33 : 18.6"
"28,34 : 86.56"
"28,35 : 47.54"
"28,36 : 35.36"
"28,37 : 53.15"
"28,38 : 41.3"
"28,39 : 40.2"
"28,40 : 60.84"
"28,41 : 23.77"
"28,42 : 52.8"
"28,43 : 47.43"
"28,44 : 6.08"
"28,45 : 53.85"
"28,46 : 41.73"
"28,47 : 75.69"
"28,48 : 30.48"
"28,49 : 35.51"
"29,0 : 21.02"
"29,1 : 50.01"
"29,2 : 34.18"
"29,3 : 12.53"
"29,4 : 48.1"
"29,5 : 25.06"
"29,6 : 63.07"
"29,7 : 59.46"
"29,8 : 10.0"
"29,9 : 50.01"
"29,10 : 65.73"
"29,11 : 102.0"
"29,12 : 61.61"
"29,13 : 103.47"
"29,14 : 94.13"
"29,15 : 83.01"
"29,16 : 38.83"
"29,17 : 13.6"
"29,18 : 86.05"
"29,19 : 48.88"
"29,20 : 71.45"
"29,21 : 98.99"
"29,22 : 91.26"
"29,23 : 65.51"
"29,24 : 65.31"
"29,25 : 50.04"
"29,26 : 81.39"
"29,27 : 90.8"
"29,28 : 71.57"
"29,29 : 0.0"
"29,30 : 15.26"
"29,31 : 5.66"
"29,32 : 61.74"
"29,33 : 86.93"
"29,34 : 37.12"
"29,35 : 63.07"
"29,36 : 72.14"
"29,37 : 66.73"
"29,38 : 77.2"
"29,39 : 37.01"
"29,40 : 47.13"
"29,41 : 95.21"
"29,42 : 21.21"
"29,43 : 71.61"
"29,44 : 71.2"
"29,45 : 37.12"
"29,46 : 110.02"
"29,47 : 39.81"
"29,48 : 89.09"
"29,49 : 99.0"
"30,0 : 10.63"
"30,1 : 41.11"
"30,2 : 24.02"
"30,3 : 20.25"
"30,4 : 33.3"
"30,5 : 14.04"
"30,6 : 50.96"
"30,7 : 45.0"
"30,8 : 14.87"
"30,9 : 43.68"
"30,10 : 60.83"
"30,11 : 86.77"
"30,12 : 47.38"
"30,13 : 88.39"
"30,14 : 81.06"
"30,15 : 70.35"
"30,16 : 46.27"
"30,17 : 5.83"
"30,18 : 73.82"
"30,19 : 36.06"
"30,20 : 60.17"
"30,21 : 85.21"
"30,22 : 76.03"
"30,23 : 51.35"
"30,24 : 51.24"
"30,25 : 38.33"
"30,26 : 67.36"
"30,27 : 76.66"
"30,28 : 57.07"
"30,29 : 15.26"
"30,30 : 0.0"
"30,31 : 15.0"
"30,32 : 49.73"
"30,33 : 71.87"
"30,34 : 46.1"
"30,35 : 56.22"
"30,36 : 57.31"
"30,37 : 60.88"
"30,38 : 67.98"
"30,39 : 21.93"
"30,40 : 37.01"
"30,41 : 80.52"
"30,42 : 13.6"
"30,43 : 57.8"
"30,44 : 57.22"
"30,45 : 25.32"
"30,46 : 94.85"
"30,47 : 44.18"
"30,48 : 76.94"
"30,49 : 86.37"
"31,0 : 17.72"
"31,1 : 53.34"
"31,2 : 36.88"
"31,3 : 7.28"
"31,4 : 48.27"
"31,5 : 27.2"
"31,6 : 65.19"
"31,7 : 60.0"
"31,8 : 4.47"
"31,9 : 54.08"
"31,10 : 60.21"
"31,11 : 100.5"
"31,12 : 58.82"
"31,13 : 101.52"
"31,14 : 90.45"
"31,15 : 79.16"
"31,16 : 34.23"
"31,17 : 15.52"
"31,18 : 82.01"
"31,19 : 50.57"
"31,20 : 67.12"
"31,21 : 95.71"
"31,22 : 90.43"
"31,23 : 62.64"
"31,24 : 62.36"
"31,25 : 46.04"
"31,26 : 78.34"
"31,27 : 87.8"
"31,28 : 68.95"
"31,29 : 5.66"
"31,30 : 15.0"
"31,31 : 0.0"
"31,32 : 63.91"
"31,33 : 84.97"
"31,34 : 33.02"
"31,35 : 57.78"
"31,36 : 72.25"
"31,37 : 61.29"
"31,38 : 72.28"
"31,39 : 36.8"
"31,40 : 50.01"
"31,41 : 92.7"
"31,42 : 17.03"
"31,43 : 72.72"
"31,44 : 68.15"
"31,45 : 39.22"
"31,46 : 108.3"
"31,47 : 34.54"
"31,48 : 85.0"
"31,49 : 95.08"
"32,0 : 55.23"
"32,1 : 17.46"
"32,2 : 27.78"
"32,3 : 69.92"
"32,4 : 24.7"
"32,5 : 36.77"
"32,6 : 1.41"
"32,7 : 18.44"
"32,8 : 64.56"
"32,9 : 25.71"
"32,10 : 96.46"
"32,11 : 64.5"
"32,12 : 54.04"
"32,13 : 70.61"
"32,14 : 85.0"
"32,15 : 79.21"
"32,16 : 95.71"
"32,17 : 48.47"
"32,18 : 84.15"
"32,19 : 14.04"
"32,20 : 78.24"
"32,21 : 83.35"
"32,22 : 49.16"
"32,23 : 56.64"
"32,24 : 57.38"
"32,25 : 62.77"
"32,26 : 67.8"
"32,27 : 73.57"
"32,28 : 56.73"
"32,29 : 61.74"
"32,30 : 49.73"
"32,31 : 63.91"
"32,32 : 0.0"
"32,33 : 58.31"
"32,34 : 95.8"
"32,35 : 88.6"
"32,36 : 26.68"
"32,37 : 94.58"
"32,38 : 91.59"
"32,39 : 33.14"
"32,40 : 16.28"
"32,41 : 70.77"
"32,42 : 59.21"
"32,43 : 16.12"
"32,44 : 61.52"
"32,45 : 24.7"
"32,46 : 73.44"
"32,47 : 92.44"
"32,48 : 87.0"
"32,49 : 92.01"
"33,0 : 67.6"
"33,1 : 71.59"
"33,2 : 68.03"
"33,3 : 86.61"
"33,4 : 45.01"
"33,5 : 69.05"
"33,6 : 57.78"
"33,7 : 41.23"
"33,8 : 82.37"
"33,9 : 80.6"
"33,10 : 74.33"
"33,11 : 17.2"
"33,12 : 28.28"
"33,13 : 16.55"
"33,14 : 32.2"
"33,15 : 33.14"
"33,16 : 101.82"
"33,17 : 75.58"
"33,18 : 37.48"
"33,19 : 55.58"
"33,20 : 42.95"
"33,21 : 26.91"
"33,22 : 18.68"
"33,23 : 25.61"
"33,24 : 26.4"
"33,25 : 46.86"
"33,26 : 19.0"
"33,27 : 18.36"
"33,28 : 18.6"
"33,29 : 86.93"
"33,30 : 71.87"
"33,31 : 84.97"
"33,32 : 58.31"
"33,33 : 0.0"
"33,34 : 104.74"
"33,35 : 65.19"
"33,36 : 32.25"
"33,37 : 70.52"
"33,38 : 56.32"
"33,39 : 52.17"
"33,40 : 66.91"
"33,41 : 12.53"
"33,42 : 69.64"
"33,43 : 44.94"
"33,44 : 23.26"
"33,45 : 63.01"
"33,46 : 23.6"
"33,47 : 94.18"
"33,48 : 39.05"
"33,49 : 38.95"
"34,0 : 42.05"
"34,1 : 86.28"
"34,2 : 69.58"
"34,3 : 26.17"
"34,4 : 76.97"
"34,5 : 59.68"
"34,6 : 97.02"
"34,7 : 89.05"
"34,8 : 31.4"
"34,9 : 87.02"
"34,10 : 52.01"
"34,11 : 121.63"
"34,12 : 76.49"
"34,13 : 120.62"
"34,14 : 100.22"
"34,15 : 88.57"
"34,16 : 5.1"
"34,17 : 48.26"
"34,18 : 89.69"
"34,19 : 82.01"
"34,20 : 73.93"
"34,21 : 107.82"
"34,22 : 114.48"
"34,23 : 79.51"
"34,24 : 78.87"
"34,25 : 58.6"
"34,26 : 92.91"
"34,27 : 102.08"
"34,28 : 86.56"
"34,29 : 37.12"
"34,30 : 46.1"
"34,31 : 33.02"
"34,32 : 95.8"
"34,33 : 104.74"
"34,34 : 0.0"
"34,35 : 54.92"
"34,36 : 99.85"
"34,37 : 55.15"
"34,38 : 72.57"
"34,39 : 65.39"
"34,40 : 82.73"
"34,41 : 109.4"
"34,42 : 38.47"
"34,43 : 102.69"
"34,44 : 83.6"
"34,45 : 71.39"
"34,46 : 128.22"
"34,47 : 14.04"
"34,48 : 92.11"
"34,49 : 102.88"
"35,0 : 45.61"
"35,1 : 89.36"
"35,2 : 74.2"
"35,3 : 53.45"
"35,4 : 63.91"
"35,5 : 66.53"
"35,6 : 89.2"
"35,7 : 73.01"
"35,8 : 53.31"
"35,9 : 95.21"
"35,10 : 9.22"
"35,11 : 81.94"
"35,12 : 41.11"
"35,13 : 77.9"
"35,14 : 48.92"
"35,15 : 38.21"
"35,16 : 50.22"
"35,17 : 62.01"
"35,18 : 37.64"
"35,19 : 76.06"
"35,20 : 23.6"
"35,21 : 57.98"
"35,22 : 81.02"
"35,23 : 41.59"
"35,24 : 40.61"
"35,25 : 25.96"
"35,26 : 47.89"
"35,27 : 55.22"
"35,28 : 47.54"
"35,29 : 63.07"
"35,30 : 56.22"
"35,31 : 57.78"
"35,32 : 88.6"
"35,33 : 65.19"
"35,34 : 54.92"
"35,35 : 0.0"
"35,36 : 77.16"
"35,37 : 6.08"
"35,38 : 17.72"
"35,39 : 57.31"
"35,40 : 83.86"
"35,41 : 64.66"
"35,42 : 43.27"
"35,43 : 86.31"
"35,44 : 42.06"
"35,45 : 72.11"
"35,46 : 85.96"
"35,47 : 41.0"
"35,48 : 39.41"
"35,49 : 49.93"
"36,0 : 57.98"
"36,1 : 42.01"
"36,2 : 43.86"
"36,3 : 76.4"
"36,4 : 24.04"
"36,5 : 48.83"
"36,6 : 25.96"
"36,7 : 13.42"
"36,8 : 71.22"
"36,9 : 51.0"
"36,10 : 86.05"
"36,11 : 38.05"
"36,12 : 36.88"
"36,13 : 43.93"
"36,14 : 61.55"
"36,15 : 57.98"
"36,16 : 98.39"
"36,17 : 58.8"
"36,18 : 62.97"
"36,19 : 28.16"
"36,20 : 61.03"
"36,21 : 58.41"
"36,22 : 23.09"
"36,23 : 37.95"
"36,24 : 38.9"
"36,25 : 52.04"
"36,26 : 44.82"
"36,27 : 48.92"
"36,28 : 35.36"
"36,29 : 72.14"
"36,30 : 57.31"
"36,31 : 72.25"
"36,32 : 26.68"
"36,33 : 32.25"
"36,34 : 99.85"
"36,35 : 77.16"
"36,36 : 0.0"
"36,37 : 83.22"
"36,38 : 75.29"
"36,39 : 35.47"
"36,40 : 38.33"
"36,41 : 44.78"
"36,42 : 61.4"
"36,43 : 12.81"
"36,44 : 41.15"
"36,45 : 38.91"
"36,46 : 47.04"
"36,47 : 92.85"
"36,48 : 65.46"
"36,49 : 68.62"
"37,0 : 50.25"
"37,1 : 95.02"
"37,2 : 79.63"
"37,3 : 56.46"
"37,4 : 69.89"
"37,5 : 71.7"
"37,6 : 95.19"
"37,7 : 79.08"
"37,8 : 56.82"
"37,9 : 100.69"
"37,10 : 4.24"
"37,11 : 87.09"
"37,12 : 47.04"
"37,13 : 82.73"
"37,14 : 52.35"
"37,15 : 42.2"
"37,16 : 50.25"
"37,17 : 66.6"
"37,18 : 41.04"
"37,19 : 81.94"
"37,20 : 28.18"
"37,21 : 61.72"
"37,22 : 86.68"
"37,23 : 47.38"
"37,24 : 46.39"
"37,25 : 32.02"
"37,26 : 52.8"
"37,27 : 59.68"
"37,28 : 53.15"
"37,29 : 66.73"
"37,30 : 60.88"
"37,31 : 61.29"
"37,32 : 94.58"
"37,33 : 70.52"
"37,34 : 55.15"
"37,35 : 6.08"
"37,36 : 83.22"
"37,37 : 0.0"
"37,38 : 19.42"
"37,39 : 63.06"
"37,40 : 89.55"
"37,41 : 69.35"
"37,42 : 47.63"
"37,43 : 92.4"
"37,44 : 47.54"
"37,45 : 77.7"
"37,46 : 90.79"
"37,47 : 41.11"
"37,48 : 42.45"
"37,49 : 52.63"
"38,0 : 57.78"
"38,1 : 95.59"
"38,2 : 82.22"
"38,3 : 68.88"
"38,4 : 67.42"
"38,5 : 76.03"
"38,6 : 91.92"
"38,7 : 74.24"
"38,8 : 67.91"
"38,9 : 102.53"
"38,10 : 23.6"
"38,11 : 71.81"
"38,12 : 38.63"
"38,13 : 66.41"
"38,14 : 33.6"
"38,15 : 24.7"
"38,16 : 67.91"
"38,17 : 73.79"
"38,18 : 22.47"
"38,19 : 80.6"
"38,20 : 14.32"
"38,21 : 43.27"
"38,22 : 74.01"
"38,23 : 37.36"
"38,24 : 36.4"
"38,25 : 31.24"
"38,26 : 37.48"
"38,27 : 42.72"
"38,28 : 41.3"
"38,29 : 77.2"
"38,30 : 67.98"
"38,31 : 72.28"
"38,32 : 91.59"
"38,33 : 56.32"
"38,34 : 72.57"
"38,35 : 17.72"
"38,36 : 75.29"
"38,37 : 19.42"
"38,38 : 0.0"
"38,39 : 63.64"
"38,40 : 89.94"
"38,41 : 52.81"
"38,42 : 56.3"
"38,43 : 86.16"
"38,44 : 35.23"
"38,45 : 79.21"
"38,46 : 74.33"
"38,47 : 58.69"
"38,48 : 23.43"
"38,49 : 33.3"
"39,0 : 23.41"
"39,1 : 32.2"
"39,2 : 19.24"
"39,3 : 41.05"
"39,4 : 11.66"
"39,5 : 17.03"
"39,6 : 34.06"
"39,7 : 23.71"
"39,8 : 35.81"
"39,9 : 38.9"
"39,10 : 64.47"
"39,11 : 65.92"
"39,12 : 32.28"
"39,13 : 68.41"
"39,14 : 67.45"
"39,15 : 58.31"
"39,16 : 64.51"
"39,17 : 24.19"
"39,18 : 62.65"
"39,19 : 19.42"
"39,20 : 52.2"
"39,21 : 69.58"
"39,22 : 54.38"
"39,23 : 36.14"
"39,24 : 36.4"
"39,25 : 32.65"
"39,26 : 51.62"
"39,27 : 60.21"
"39,28 : 40.2"
"39,29 : 37.01"
"39,30 : 21.93"
"39,31 : 36.8"
"39,32 : 33.14"
"39,33 : 52.17"
"39,34 : 65.39"
"39,35 : 57.31"
"39,36 : 35.47"
"39,37 : 63.06"
"39,38 : 63.64"
"39,39 : 0.0"
"39,40 : 26.63"
"39,41 : 62.2"
"39,42 : 27.2"
"39,43 : 37.34"
"39,44 : 42.2"
"39,45 : 15.62"
"39,46 : 74.33"
"39,47 : 60.21"
"39,48 : 65.8"
"39,49 : 73.68"
"40,0 : 44.55"
"40,1 : 5.66"
"40,2 : 13.15"
"40,3 : 56.57"
"40,4 : 24.19"
"40,5 : 23.09"
"40,6 : 17.69"
"40,7 : 26.02"
"40,8 : 51.35"
"40,9 : 13.93"
"40,10 : 90.79"
"40,11 : 76.06"
"40,12 : 55.47"
"40,13 : 81.1"
"40,14 : 89.44"
"40,15 : 81.84"
"40,16 : 83.22"
"40,17 : 34.53"
"40,18 : 86.53"
"40,19 : 11.4"
"40,20 : 77.83"
"40,21 : 89.54"
"40,22 : 61.4"
"40,23 : 58.83"
"40,24 : 59.36"
"40,25 : 59.2"
"40,26 : 72.5"
"40,27 : 79.71"
"40,28 : 60.84"
"40,29 : 47.13"
"40,30 : 37.01"
"40,31 : 50.01"
"40,32 : 16.28"
"40,33 : 66.91"
"40,34 : 82.73"
"40,35 : 83.86"
"40,36 : 38.33"
"40,37 : 89.55"
"40,38 : 89.94"
"40,39 : 26.63"
"40,40 : 0.0"
"40,41 : 78.85"
"40,42 : 48.51"
"40,43 : 30.87"
"40,44 : 64.5"
"40,45 : 12.37"
"40,46 : 85.05"
"40,47 : 81.06"
"40,48 : 89.59"
"40,49 : 96.18"
"41,0 : 75.03"
"41,1 : 83.68"
"41,2 : 79.1"
"41,3 : 93.52"
"41,4 : 56.22"
"41,5 : 79.23"
"41,6 : 70.26"
"41,7 : 53.45"
"41,8 : 89.69"
"41,9 : 92.65"
"41,10 : 73.43"
"41,11 : 20.02"
"41,12 : 34.01"
"41,13 : 13.6"
"41,14 : 23.19"
"41,15 : 28.16"
"41,16 : 106.04"
"41,17 : 84.72"
"41,18 : 31.4"
"41,19 : 67.47"
"41,20 : 41.18"
"41,21 : 15.65"
"41,22 : 28.84"
"41,23 : 30.41"
"41,24 : 30.89"
"41,25 : 50.8"
"41,26 : 17.03"
"41,27 : 10.2"
"41,28 : 23.77"
"41,29 : 95.21"
"41,30 : 80.52"
"41,31 : 92.7"
"41,32 : 70.77"
"41,33 : 12.53"
"41,34 : 109.4"
"41,35 : 64.66"
"41,36 : 44.78"
"41,37 : 69.35"
"41,38 : 52.81"
"41,39 : 62.2"
"41,40 : 78.85"
"41,41 : 0.0"
"41,42 : 76.56"
"41,43 : 57.45"
"41,44 : 25.81"
"41,45 : 74.17"
"41,46 : 21.54"
"41,47 : 97.84"
"41,48 : 32.06"
"41,49 : 29.12"
"42,0 : 4.0"
"42,1 : 53.15"
"42,2 : 36.14"
"42,3 : 17.0"
"42,4 : 38.63"
"42,5 : 26.57"
"42,6 : 60.3"
"42,7 : 50.7"
"42,8 : 13.34"
"42,9 : 56.65"
"42,10 : 47.38"
"42,11 : 85.8"
"42,12 : 42.54"
"42,13 : 86.09"
"42,14 : 73.44"
"42,15 : 62.13"
"42,16 : 37.34"
"42,17 : 19.1"
"42,18 : 65.0"
"42,19 : 45.18"
"42,20 : 50.25"
"42,21 : 78.85"
"42,22 : 77.08"
"42,23 : 46.24"
"42,24 : 45.88"
"42,25 : 29.02"
"42,26 : 61.68"
"42,27 : 71.17"
"42,28 : 52.8"
"42,29 : 21.21"
"42,30 : 13.6"
"42,31 : 17.03"
"42,32 : 59.21"
"42,33 : 69.64"
"42,34 : 38.47"
"42,35 : 43.27"
"42,36 : 61.4"
"42,37 : 47.63"
"42,38 : 56.3"
"42,39 : 27.2"
"42,40 : 48.51"
"42,41 : 76.56"
"42,42 : 0.0"
"42,43 : 64.51"
"42,44 : 51.55"
"42,45 : 36.22"
"42,46 : 93.19"
"42,47 : 33.24"
"42,48 : 68.01"
"42,49 : 78.06"
"43,0 : 60.75"
"43,1 : 33.24"
"43,2 : 39.7"
"43,3 : 77.83"
"43,4 : 25.96"
"43,5 : 46.86"
"43,6 : 15.03"
"43,7 : 14.14"
"43,8 : 72.47"
"43,9 : 41.77"
"43,10 : 94.89"
"43,11 : 49.03"
"43,12 : 47.54"
"43,13 : 55.66"
"43,14 : 74.25"
"43,15 : 70.21"
"43,16 : 101.84"
"43,17 : 58.01"
"43,18 : 75.21"
"43,19 : 23.35"
"43,20 : 72.09"
"43,21 : 71.22"
"43,22 : 33.54"
"43,23 : 49.19"
"43,24 : 50.09"
"43,25 : 60.53"
"43,26 : 57.38"
"43,27 : 61.72"
"43,28 : 47.43"
"43,29 : 71.61"
"43,30 : 57.8"
"43,31 : 72.72"
"43,32 : 16.12"
"43,33 : 44.94"
"43,34 : 102.69"
"43,35 : 86.31"
"43,36 : 12.81"
"43,37 : 92.4"
"43,38 : 86.16"
"43,39 : 37.34"
"43,40 : 30.87"
"43,41 : 57.45"
"43,42 : 64.51"
"43,43 : 0.0"
"43,44 : 53.0"
"43,45 : 35.36"
"43,46 : 57.87"
"43,47 : 97.27"
"43,48 : 77.8"
"43,49 : 81.32"
"44,0 : 50.45"
"44,1 : 69.97"
"44,2 : 61.03"
"44,3 : 68.35"
"44,4 : 40.31"
"44,5 : 58.69"
"44,6 : 61.52"
"44,7 : 43.14"
"44,8 : 64.85"
"44,9 : 78.29"
"44,10 : 51.24"
"44,11 : 40.31"
"44,12 : 10.05"
"44,13 : 37.54"
"44,14 : 25.3"
"44,15 : 17.69"
"44,16 : 80.28"
"44,17 : 62.03"
"44,18 : 22.63"
"44,19 : 53.54"
"44,20 : 21.02"
"44,21 : 28.02"
"44,22 : 39.32"
"44,23 : 6.08"
"44,24 : 6.0"
"44,25 : 25.0"
"44,26 : 10.2"
"44,27 : 19.65"
"44,28 : 6.08"
"44,29 : 71.2"
"44,30 : 57.22"
"44,31 : 68.15"
"44,32 : 61.52"
"44,33 : 23.26"
"44,34 : 83.6"
"44,35 : 42.06"
"44,36 : 41.15"
"44,37 : 47.54"
"44,38 : 35.23"
"44,39 : 42.2"
"44,40 : 64.5"
"44,41 : 25.81"
"44,42 : 51.55"
"44,43 : 53.0"
"44,44 : 0.0"
"44,45 : 56.65"
"44,46 : 45.45"
"44,47 : 72.18"
"44,48 : 25.5"
"44,49 : 31.78"
"45,0 : 32.25"
"45,1 : 17.46"
"45,2 : 5.1"
"45,3 : 45.35"
"45,4 : 18.0"
"45,5 : 12.08"
"45,6 : 26.0"
"45,7 : 25.5"
"45,8 : 40.02"
"45,9 : 23.35"
"45,10 : 78.77"
"45,11 : 74.53"
"45,12 : 47.01"
"45,13 : 78.41"
"45,14 : 81.93"
"45,15 : 73.35"
"45,16 : 71.57"
"45,17 : 23.77"
"45,18 : 77.83"
"45,19 : 12.04"
"45,20 : 67.8"
"45,21 : 83.2"
"45,22 : 61.03"
"45,23 : 50.7"
"45,24 : 51.08"
"45,25 : 48.1"
"45,26 : 65.52"
"45,27 : 73.55"
"45,28 : 53.85"
"45,29 : 37.12"
"45,30 : 25.32"
"45,31 : 39.22"
"45,32 : 24.7"
"45,33 : 63.01"
"45,34 : 71.39"
"45,35 : 72.11"
"45,36 : 38.91"
"45,37 : 77.7"
"45,38 : 79.21"
"45,39 : 15.62"
"45,40 : 12.37"
"45,41 : 74.17"
"45,42 : 36.22"
"45,43 : 35.36"
"45,44 : 56.65"
"45,45 : 0.0"
"45,46 : 83.36"
"45,47 : 69.0"
"45,48 : 80.95"
"45,49 : 88.39"
"46,0 : 91.07"
"46,1 : 89.01"
"46,2 : 88.46"
"46,3 : 110.14"
"46,4 : 65.73"
"46,5 : 90.8"
"46,6 : 72.56"
"46,7 : 59.14"
"46,8 : 105.82"
"46,9 : 98.02"
"46,10 : 94.83"
"46,11 : 9.0"
"46,12 : 51.74"
"46,13 : 8.06"
"46,14 : 43.29"
"46,15 : 49.65"
"46,16 : 125.21"
"46,17 : 98.23"
"46,18 : 52.63"
"46,19 : 74.24"
"46,20 : 62.61"
"46,21 : 34.01"
"46,22 : 24.33"
"46,23 : 48.8"
"46,24 : 49.5"
"46,25 : 70.01"
"46,26 : 38.08"
"46,27 : 31.62"
"46,28 : 41.73"
"46,29 : 110.02"
"46,30 : 94.85"
"46,31 : 108.3"
"46,32 : 73.44"
"46,33 : 23.6"
"46,34 : 128.22"
"46,35 : 85.96"
"46,36 : 47.04"
"46,37 : 90.79"
"46,38 : 74.33"
"46,39 : 74.33"
"46,40 : 85.05"
"46,41 : 21.54"
"46,42 : 93.19"
"46,43 : 57.87"
"46,44 : 45.45"
"46,45 : 83.36"
"46,46 : 0.0"
"46,47 : 117.39"
"46,48 : 52.95"
"46,49 : 48.0"
"47,0 : 37.22"
"47,1 : 85.29"
"47,2 : 68.18"
"47,3 : 27.31"
"47,4 : 71.31"
"47,5 : 58.22"
"47,6 : 93.54"
"47,7 : 83.24"
"47,8 : 31.32"
"47,9 : 87.48"
"47,10 : 38.0"
"47,11 : 111.29"
"47,12 : 65.95"
"47,13 : 109.6"
"47,14 : 87.24"
"47,15 : 75.66"
"47,16 : 9.22"
"47,17 : 47.85"
"47,18 : 76.49"
"47,19 : 78.41"
"47,20 : 60.83"
"47,21 : 95.19"
"47,22 : 105.39"
"47,23 : 68.62"
"47,24 : 67.9"
"47,25 : 47.38"
"47,26 : 81.06"
"47,27 : 90.0"
"47,28 : 75.69"
"47,29 : 39.81"
"47,30 : 44.18"
"47,31 : 34.54"
"47,32 : 92.44"
"47,33 : 94.18"
"47,34 : 14.04"
"47,35 : 41.0"
"47,36 : 92.85"
"47,37 : 41.11"
"47,38 : 58.69"
"47,39 : 60.21"
"47,40 : 81.06"
"47,41 : 97.84"
"47,42 : 33.24"
"47,43 : 97.27"
"47,44 : 72.18"
"47,45 : 69.0"
"47,46 : 117.39"
"47,47 : 0.0"
"47,48 : 78.79"
"47,49 : 89.55"
"48,0 : 68.18"
"48,1 : 95.13"
"48,2 : 85.0"
"48,3 : 83.29"
"48,4 : 65.46"
"48,5 : 81.27"
"48,6 : 86.98"
"48,7 : 68.59"
"48,8 : 81.02"
"48,9 : 103.25"
"48,10 : 46.69"
"48,11 : 52.01"
"48,12 : 34.13"
"48,13 : 45.4"
"48,14 : 10.3"
"48,15 : 7.81"
"48,16 : 87.85"
"48,17 : 82.38"
"48,18 : 3.16"
"48,19 : 78.82"
"48,20 : 18.44"
"48,21 : 20.12"
"48,22 : 57.72"
"48,23 : 30.81"
"48,24 : 30.23"
"48,25 : 39.05"
"48,26 : 21.02"
"48,27 : 22.0"
"48,28 : 30.48"
"48,29 : 89.09"
"48,30 : 76.94"
"48,31 : 85.0"
"48,32 : 87.0"
"48,33 : 39.05"
"48,34 : 92.11"
"48,35 : 39.41"
"48,36 : 65.46"
"48,37 : 42.45"
"48,38 : 23.43"
"48,39 : 65.8"
"48,40 : 89.59"
"48,41 : 32.06"
"48,42 : 68.01"
"48,43 : 77.8"
"48,44 : 25.5"
"48,45 : 80.95"
"48,46 : 52.95"
"48,47 : 78.79"
"48,48 : 0.0"
"48,49 : 10.77"
"49,0 : 78.01"
"49,1 : 101.6"
"49,2 : 92.7"
"49,3 : 93.65"
"49,4 : 72.01"
"49,5 : 89.74"
"49,6 : 91.83"
"49,7 : 73.6"
"49,8 : 91.2"
"49,9 : 110.02"
"49,10 : 56.85"
"49,11 : 48.84"
"49,12 : 41.44"
"49,13 : 41.19"
"49,14 : 7.07"
"49,15 : 16.03"
"49,16 : 98.62"
"49,17 : 91.66"
"49,18 : 13.34"
"49,19 : 85.09"
"49,20 : 29.12"
"49,21 : 14.04"
"49,22 : 57.27"
"49,23 : 37.7"
"49,24 : 37.34"
"49,25 : 49.04"
"49,26 : 24.21"
"49,27 : 20.59"
"49,28 : 35.51"
"49,29 : 99.0"
"49,30 : 86.37"
"49,31 : 95.08"
"49,32 : 92.01"
"49,33 : 38.95"
"49,34 : 102.88"
"49,35 : 49.93"
"49,36 : 68.62"
"49,37 : 52.63"
"49,38 : 33.3"
"49,39 : 73.68"
"49,40 : 96.18"
"49,41 : 29.12"
"49,42 : 78.06"
"49,43 : 81.32"
"49,44 : 31.78"
"49,45 : 88.39"
"49,46 : 48.0"
"49,47 : 89.55"
"49,48 : 10.77"
"49,49 : 0.0"
