x,y
52,9
62,48
8,95
50,72
16,48
23,90
15,22
67,34
45,42
99,22
99,43
13,68
2,72
22,22
98,46
82,86
12,42
80,31
27,87
18,66
72,36
31,58
98,93
68,34
52,11
27,14
41,89
42,41
96,59
29,47
49,27
18,26
7,36
0,55
66,51
97,37
6,98
28,45
22,80
78,52
80,96
89,4
23,61
28,10
97,23
48,91
57,27
55,63
26,17
2,0

Distanze
"0,0 : 0.0"
"0,1 : 22.02"
"0,2 : 76.69"
"0,3 : 82.8"
"0,4 : 75.29"
"0,5 : 29.68"
"0,6 : 53.0"
"0,7 : 39.56"
"0,8 : 34.37"
"0,9 : 81.88"
"0,10 : 65.31"
"0,11 : 21.19"
"0,12 : 20.0"
"0,13 : 39.2"
"0,14 : 71.18"
"0,15 : 21.59"
"0,16 : 12.04"
"0,17 : 71.45"
"0,18 : 19.92"
"0,19 : 49.74"
"0,20 : 21.26"
"0,21 : 6.71"
"0,22 : 51.24"
"0,23 : 38.95"
"0,24 : 23.71"
"0,25 : 35.17"
"0,26 : 72.03"
"0,27 : 37.58"
"0,28 : 60.14"
"0,29 : 48.27"
"0,30 : 67.19"
"0,31 : 36.77"
"0,32 : 35.85"
"0,33 : 35.69"
"0,34 : 21.38"
"0,35 : 31.02"
"0,36 : 52.35"
"0,37 : 36.4"
"0,38 : 61.68"
"0,39 : 41.05"
"0,40 : 36.89"
"0,41 : 40.79"
"0,42 : 31.83"
"0,43 : 63.25"
"0,44 : 55.58"
"0,45 : 54.67"
"0,46 : 46.87"
"0,47 : 50.8"
"0,48 : 38.47"
"0,49 : 25.24"
"1,0 : 22.02"
"1,1 : 0.0"
"1,2 : 85.84"
"1,3 : 86.54"
"1,4 : 94.43"
"1,5 : 42.05"
"1,6 : 74.89"
"1,7 : 59.06"
"1,8 : 52.8"
"1,9 : 102.63"
"1,10 : 83.57"
"1,11 : 7.62"
"1,12 : 38.01"
"1,13 : 56.89"
"1,14 : 85.84"
"1,15 : 42.49"
"1,16 : 10.3"
"1,17 : 85.48"
"1,18 : 40.22"
"1,19 : 28.23"
"1,20 : 1.0"
"1,21 : 20.25"
"1,22 : 63.03"
"1,23 : 51.24"
"1,24 : 35.51"
"1,25 : 54.59"
"1,26 : 87.3"
"1,27 : 59.17"
"1,28 : 61.27"
"1,29 : 30.15"
"1,30 : 81.88"
"1,31 : 58.73"
"1,32 : 57.01"
"1,33 : 56.08"
"1,34 : 10.77"
"1,35 : 49.73"
"1,36 : 69.89"
"1,37 : 49.5"
"1,38 : 73.01"
"1,39 : 63.01"
"1,40 : 58.82"
"1,41 : 31.83"
"1,42 : 10.0"
"1,43 : 84.65"
"1,44 : 73.39"
"1,45 : 58.82"
"1,46 : 25.06"
"1,47 : 50.12"
"1,48 : 60.21"
"1,49 : 4.0"
"2,0 : 76.69"
"2,1 : 85.84"
"2,2 : 0.0"
"2,3 : 21.59"
"2,4 : 51.01"
"2,5 : 102.4"
"2,6 : 85.59"
"2,7 : 51.86"
"2,8 : 50.25"
"2,9 : 68.01"
"2,10 : 42.58"
"2,11 : 78.52"
"2,12 : 58.67"
"2,13 : 101.24"
"2,14 : 24.0"
"2,15 : 82.8"
"2,16 : 82.71"
"2,17 : 21.0"
"2,18 : 62.68"
"2,19 : 97.02"
"2,20 : 85.99"
"2,21 : 71.78"
"2,22 : 26.08"
"2,23 : 109.86"
"2,24 : 53.14"
"2,25 : 53.04"
"2,26 : 27.02"
"2,27 : 83.63"
"2,28 : 33.54"
"2,29 : 83.95"
"2,30 : 24.33"
"2,31 : 71.06"
"2,32 : 61.72"
"2,33 : 90.51"
"2,34 : 75.43"
"2,35 : 93.72"
"2,36 : 39.82"
"2,37 : 40.71"
"2,38 : 16.28"
"2,39 : 79.2"
"2,40 : 78.75"
"2,41 : 63.95"
"2,42 : 93.19"
"2,43 : 67.72"
"2,44 : 40.31"
"2,45 : 29.61"
"2,46 : 97.51"
"2,47 : 42.72"
"2,48 : 82.33"
"2,49 : 85.38"
"3,0 : 82.8"
"3,1 : 86.54"
"3,2 : 21.59"
"3,3 : 0.0"
"3,4 : 72.25"
"3,5 : 111.13"
"3,6 : 102.32"
"3,7 : 67.12"
"3,8 : 63.63"
"3,9 : 89.2"
"3,10 : 63.03"
"3,11 : 78.92"
"3,12 : 67.94"
"3,13 : 113.23"
"3,14 : 45.28"
"3,15 : 93.61"
"3,16 : 85.96"
"3,17 : 42.3"
"3,18 : 73.11"
"3,19 : 91.27"
"3,20 : 86.93"
"3,21 : 76.84"
"3,22 : 38.91"
"3,23 : 119.5"
"3,24 : 59.55"
"3,25 : 67.12"
"3,26 : 48.37"
"3,27 : 97.75"
"3,28 : 25.71"
"3,29 : 77.06"
"3,30 : 45.01"
"3,31 : 85.88"
"3,32 : 76.48"
"3,33 : 103.47"
"3,34 : 75.77"
"3,35 : 105.12"
"3,36 : 57.72"
"3,37 : 50.61"
"3,38 : 32.76"
"3,39 : 94.37"
"3,40 : 93.15"
"3,41 : 58.86"
"3,42 : 92.05"
"3,43 : 87.13"
"3,44 : 59.03"
"3,45 : 28.3"
"3,46 : 92.66"
"3,47 : 37.11"
"3,48 : 96.75"
"3,49 : 85.09"
"4,0 : 75.29"
"4,1 : 94.43"
"4,2 : 51.01"
"4,3 : 72.25"
"4,4 : 0.0"
"4,5 : 88.05"
"4,6 : 49.65"
"4,7 : 35.74"
"4,8 : 41.63"
"4,9 : 17.0"
"4,10 : 12.04"
"4,11 : 89.47"
"4,12 : 56.46"
"4,13 : 77.88"
"4,14 : 27.02"
"4,15 : 67.01"
"4,16 : 86.38"
"4,17 : 30.02"
"4,18 : 55.36"
"4,19 : 116.76"
"4,20 : 94.02"
"4,21 : 74.46"
"4,22 : 43.57"
"4,23 : 91.79"
"4,24 : 60.75"
"4,25 : 40.16"
"4,26 : 24.0"
"4,27 : 57.27"
"4,28 : 72.92"
"4,29 : 107.94"
"4,30 : 27.46"
"4,31 : 46.17"
"4,32 : 41.19"
"4,33 : 66.29"
"4,34 : 87.32"
"4,35 : 73.55"
"4,36 : 25.61"
"4,37 : 48.92"
"4,38 : 42.06"
"4,39 : 50.45"
"4,40 : 52.77"
"4,41 : 89.11"
"4,42 : 104.22"
"4,43 : 24.41"
"4,44 : 22.02"
"4,45 : 64.41"
"4,46 : 115.43"
"4,47 : 75.72"
"4,48 : 55.32"
"4,49 : 96.15"
"5,0 : 29.68"
"5,1 : 42.05"
"5,2 : 102.4"
"5,3 : 111.13"
"5,4 : 88.05"
"5,5 : 0.0"
"5,6 : 48.33"
"5,7 : 55.79"
"5,8 : 53.85"
"5,9 : 89.11"
"5,10 : 80.89"
"5,11 : 45.89"
"5,12 : 43.83"
"5,13 : 18.44"
"5,14 : 92.03"
"5,15 : 21.38"
"5,16 : 33.73"
"5,17 : 93.05"
"5,18 : 39.82"
"5,19 : 68.59"
"5,20 : 41.05"
"5,21 : 36.36"
"5,22 : 76.32"
"5,23 : 9.49"
"5,24 : 51.62"
"5,25 : 52.5"
"5,26 : 92.05"
"5,27 : 33.24"
"5,28 : 89.5"
"5,29 : 72.17"
"5,30 : 88.26"
"5,31 : 42.01"
"5,32 : 47.52"
"5,33 : 25.08"
"5,34 : 47.54"
"5,35 : 16.16"
"5,36 : 70.6"
"5,37 : 61.85"
"5,38 : 86.45"
"5,39 : 40.02"
"5,40 : 36.5"
"5,41 : 69.29"
"5,42 : 48.37"
"5,43 : 68.88"
"5,44 : 73.01"
"5,45 : 83.45"
"5,46 : 64.78"
"5,47 : 80.45"
"5,48 : 35.17"
"5,49 : 46.04"
"6,0 : 53.0"
"6,1 : 74.89"
"6,2 : 85.59"
"6,3 : 102.32"
"6,4 : 49.65"
"6,5 : 48.33"
"6,6 : 0.0"
"6,7 : 35.44"
"6,8 : 40.45"
"6,9 : 44.41"
"6,10 : 48.17"
"6,11 : 73.82"
"6,12 : 45.71"
"6,13 : 32.56"
"6,14 : 65.95"
"6,15 : 33.24"
"6,16 : 64.64"
"6,17 : 68.25"
"6,18 : 40.02"
"6,19 : 102.73"
"6,20 : 74.06"
"6,21 : 56.8"
"6,22 : 63.57"
"6,23 : 48.27"
"6,24 : 56.44"
"6,25 : 36.5"
"6,26 : 64.38"
"6,27 : 16.28"
"6,28 : 89.94"
"6,29 : 99.92"
"6,30 : 63.41"
"6,31 : 19.1"
"6,32 : 27.17"
"6,33 : 23.26"
"6,34 : 73.35"
"6,35 : 32.2"
"6,36 : 45.79"
"6,37 : 55.44"
"6,38 : 70.21"
"6,39 : 12.08"
"6,40 : 16.12"
"6,41 : 87.32"
"6,42 : 84.4"
"6,43 : 25.63"
"6,44 : 45.8"
"6,45 : 81.22"
"6,46 : 99.86"
"6,47 : 86.02"
"6,48 : 14.87"
"6,49 : 78.23"
"7,0 : 39.56"
"7,1 : 59.06"
"7,2 : 51.86"
"7,3 : 67.12"
"7,4 : 35.74"
"7,5 : 55.79"
"7,6 : 35.44"
"7,7 : 0.0"
"7,8 : 7.21"
"7,9 : 44.05"
"7,10 : 26.08"
"7,11 : 54.64"
"7,12 : 21.1"
"7,13 : 50.48"
"7,14 : 36.67"
"7,15 : 34.48"
"7,16 : 50.7"
"7,17 : 38.08"
"7,18 : 19.65"
"7,19 : 82.98"
"7,20 : 58.59"
"7,21 : 38.91"
"7,22 : 28.23"
"7,23 : 61.47"
"7,24 : 27.8"
"7,25 : 4.47"
"7,26 : 36.4"
"7,27 : 31.83"
"7,28 : 55.08"
"7,29 : 75.93"
"7,30 : 33.12"
"7,31 : 19.21"
"7,32 : 9.9"
"7,33 : 39.2"
"7,34 : 52.8"
"7,35 : 43.83"
"7,36 : 14.87"
"7,37 : 21.21"
"7,38 : 35.81"
"7,39 : 27.46"
"7,40 : 26.91"
"7,41 : 59.17"
"7,42 : 68.96"
"7,43 : 28.65"
"7,44 : 17.26"
"7,45 : 46.17"
"7,46 : 81.22"
"7,47 : 52.61"
"7,48 : 30.48"
"7,49 : 61.06"
"8,0 : 34.37"
"8,1 : 52.8"
"8,2 : 50.25"
"8,3 : 63.63"
"8,4 : 41.63"
"8,5 : 53.85"
"8,6 : 40.45"
"8,7 : 7.21"
"8,8 : 0.0"
"8,9 : 50.99"
"8,10 : 31.05"
"8,11 : 48.02"
"8,12 : 14.87"
"8,13 : 50.99"
"8,14 : 38.33"
"8,15 : 33.12"
"8,16 : 44.92"
"8,17 : 39.22"
"8,18 : 15.03"
"8,19 : 76.06"
"8,20 : 52.39"
"8,21 : 32.89"
"8,22 : 25.0"
"8,23 : 60.42"
"8,24 : 20.62"
"8,25 : 4.0"
"8,26 : 38.64"
"8,27 : 34.13"
"8,28 : 49.5"
"8,29 : 68.77"
"8,30 : 34.48"
"8,31 : 22.47"
"8,32 : 13.34"
"8,33 : 40.36"
"8,34 : 46.04"
"8,35 : 43.6"
"8,36 : 18.03"
"8,37 : 15.03"
"8,38 : 33.97"
"8,39 : 31.02"
"8,40 : 29.53"
"8,41 : 51.97"
"8,42 : 62.61"
"8,43 : 35.85"
"8,44 : 21.21"
"8,45 : 40.79"
"8,46 : 74.4"
"8,47 : 46.17"
"8,48 : 33.12"
"8,49 : 54.59"
"9,0 : 81.88"
"9,1 : 102.63"
"9,2 : 68.01"
"9,3 : 89.2"
"9,4 : 17.0"
"9,5 : 89.11"
"9,6 : 44.41"
"9,7 : 44.05"
"9,8 : 50.99"
"9,9 : 0.0"
"9,10 : 27.2"
"9,11 : 98.6"
"9,12 : 65.0"
"9,13 : 76.0"
"9,14 : 44.01"
"9,15 : 69.38"
"9,16 : 93.65"
"9,17 : 47.01"
"9,18 : 62.43"
"9,19 : 127.02"
"9,20 : 102.08"
"9,21 : 82.38"
"9,22 : 58.69"
"9,23 : 91.14"
"9,24 : 71.42"
"9,25 : 48.41"
"9,26 : 41.0"
"9,27 : 56.22"
"9,28 : 88.6"
"9,29 : 119.52"
"9,30 : 44.28"
"9,31 : 47.8"
"9,32 : 46.07"
"9,33 : 65.12"
"9,34 : 96.83"
"9,35 : 73.44"
"9,36 : 38.59"
"9,37 : 61.4"
"9,38 : 58.46"
"9,39 : 49.25"
"9,40 : 52.61"
"9,41 : 101.67"
"9,42 : 112.61"
"9,43 : 20.22"
"9,44 : 35.36"
"9,45 : 79.85"
"9,46 : 125.25"
"9,47 : 90.35"
"9,48 : 54.23"
"9,49 : 104.86"
"10,0 : 65.31"
"10,1 : 83.57"
"10,2 : 42.58"
"10,3 : 63.03"
"10,4 : 12.04"
"10,5 : 80.89"
"10,6 : 48.17"
"10,7 : 26.08"
"10,8 : 31.05"
"10,9 : 27.2"
"10,10 : 0.0"
"10,11 : 78.29"
"10,12 : 45.88"
"10,13 : 72.8"
"10,14 : 19.31"
"10,15 : 59.54"
"10,16 : 75.96"
"10,17 : 22.14"
"10,18 : 45.54"
"10,19 : 105.15"
"10,20 : 83.22"
"10,21 : 63.89"
"10,22 : 31.76"
"10,23 : 85.62"
"10,24 : 49.24"
"10,25 : 30.27"
"10,26 : 17.0"
"10,27 : 52.39"
"10,28 : 61.47"
"10,29 : 96.05"
"10,30 : 18.25"
"10,31 : 40.16"
"10,32 : 33.38"
"10,33 : 61.1"
"10,34 : 76.03"
"10,35 : 67.45"
"10,36 : 13.89"
"10,37 : 37.01"
"10,38 : 31.4"
"10,39 : 46.07"
"10,40 : 47.54"
"10,41 : 77.1"
"10,42 : 93.23"
"10,43 : 25.94"
"10,44 : 10.3"
"10,45 : 52.8"
"10,46 : 103.94"
"10,47 : 63.81"
"10,48 : 50.57"
"10,49 : 85.09"
"11,0 : 21.19"
"11,1 : 7.62"
"11,2 : 78.52"
"11,3 : 78.92"
"11,4 : 89.47"
"11,5 : 45.89"
"11,6 : 73.82"
"11,7 : 54.64"
"11,8 : 48.02"
"11,9 : 98.6"
"11,10 : 78.29"
"11,11 : 0.0"
"11,12 : 33.6"
"11,13 : 59.08"
"11,14 : 79.43"
"11,15 : 42.72"
"11,16 : 12.17"
"11,17 : 78.92"
"11,18 : 36.77"
"11,19 : 29.21"
"11,20 : 8.06"
"11,21 : 17.2"
"11,22 : 56.22"
"11,23 : 55.32"
"11,24 : 29.41"
"11,25 : 50.22"
"11,26 : 81.02"
"11,27 : 58.69"
"11,28 : 53.67"
"11,29 : 27.29"
"11,30 : 75.5"
"11,31 : 56.61"
"11,32 : 53.74"
"11,33 : 56.75"
"11,34 : 3.16"
"11,35 : 51.35"
"11,36 : 64.47"
"11,37 : 43.17"
"11,38 : 66.03"
"11,39 : 61.77"
"11,40 : 57.71"
"11,41 : 25.0"
"11,42 : 15.3"
"11,43 : 81.34"
"11,44 : 68.03"
"11,45 : 51.24"
"11,46 : 26.87"
"11,47 : 42.54"
"11,48 : 59.51"
"11,49 : 7.07"
"12,0 : 20.0"
"12,1 : 38.01"
"12,2 : 58.67"
"12,3 : 67.94"
"12,4 : 56.46"
"12,5 : 43.83"
"12,6 : 45.71"
"12,7 : 21.1"
"12,8 : 14.87"
"12,9 : 65.0"
"12,10 : 45.88"
"12,11 : 33.6"
"12,12 : 0.0"
"12,13 : 45.79"
"12,14 : 51.24"
"12,15 : 25.81"
"12,16 : 30.08"
"12,17 : 51.62"
"12,18 : 6.08"
"12,19 : 62.24"
"12,20 : 37.58"
"12,21 : 18.03"
"12,22 : 32.65"
"12,23 : 51.74"
"12,24 : 11.05"
"12,25 : 16.64"
"12,26 : 52.04"
"12,27 : 34.23"
"12,28 : 48.75"
"12,29 : 56.3"
"12,30 : 47.27"
"12,31 : 26.68"
"12,32 : 21.1"
"12,33 : 37.34"
"12,34 : 31.89"
"12,35 : 37.44"
"12,36 : 32.56"
"12,37 : 18.03"
"12,38 : 42.95"
"12,39 : 34.13"
"12,40 : 31.0"
"12,41 : 41.76"
"12,42 : 47.89"
"12,43 : 48.17"
"12,44 : 35.9"
"12,45 : 41.34"
"12,46 : 60.31"
"12,47 : 42.2"
"12,48 : 34.06"
"12,49 : 39.96"
"13,0 : 39.2"
"13,1 : 56.89"
"13,2 : 101.24"
"13,3 : 113.23"
"13,4 : 77.88"
"13,5 : 18.44"
"13,6 : 32.56"
"13,7 : 50.48"
"13,8 : 50.99"
"13,9 : 76.0"
"13,10 : 72.8"
"13,11 : 59.08"
"13,12 : 45.79"
"13,13 : 0.0"
"13,14 : 86.95"
"13,15 : 20.12"
"13,16 : 47.27"
"13,17 : 88.51"
"13,18 : 40.22"
"13,19 : 84.65"
"13,20 : 55.9"
"13,21 : 45.54"
"13,22 : 75.66"
"13,23 : 15.81"
"13,24 : 55.9"
"13,25 : 48.41"
"13,26 : 86.35"
"13,27 : 20.62"
"13,28 : 94.41"
"13,29 : 86.28"
"13,30 : 83.53"
"13,31 : 32.7"
"13,32 : 40.82"
"13,33 : 11.7"
"13,34 : 60.0"
"13,35 : 8.54"
"13,36 : 65.0"
"13,37 : 62.63"
"13,38 : 84.96"
"13,39 : 27.46"
"13,40 : 25.3"
"13,41 : 79.91"
"13,42 : 64.56"
"13,43 : 56.08"
"13,44 : 66.65"
"13,45 : 87.13"
"13,46 : 81.04"
"13,47 : 86.93"
"13,48 : 22.56"
"13,49 : 60.83"
"14,0 : 71.18"
"14,1 : 85.84"
"14,2 : 24.0"
"14,3 : 45.28"
"14,4 : 27.02"
"14,5 : 92.03"
"14,6 : 65.95"
"14,7 : 36.67"
"14,8 : 38.33"
"14,9 : 44.01"
"14,10 : 19.31"
"14,11 : 79.43"
"14,12 : 51.24"
"14,13 : 86.95"
"14,14 : 0.0"
"14,15 : 70.94"
"14,16 : 80.06"
"14,17 : 3.0"
"14,18 : 53.15"
"14,19 : 103.25"
"14,20 : 85.71"
"14,21 : 68.01"
"14,22 : 24.17"
"14,23 : 98.09"
"14,24 : 50.36"
"14,25 : 39.56"
"14,26 : 3.16"
"14,27 : 67.42"
"14,28 : 49.2"
"14,29 : 92.13"
"14,30 : 4.0"
"14,31 : 54.64"
"14,32 : 46.14"
"14,33 : 75.47"
"14,34 : 76.69"
"14,35 : 80.5"
"14,36 : 21.95"
"14,37 : 36.35"
"14,38 : 17.69"
"14,39 : 61.85"
"14,40 : 62.43"
"14,41 : 72.07"
"14,42 : 94.73"
"14,43 : 45.19"
"14,44 : 20.62"
"14,45 : 41.73"
"14,46 : 102.79"
"14,47 : 54.56"
"14,48 : 65.8"
"14,49 : 86.49"
"15,0 : 21.59"
"15,1 : 42.49"
"15,2 : 82.8"
"15,3 : 93.61"
"15,4 : 67.01"
"15,5 : 21.38"
"15,6 : 33.24"
"15,7 : 34.48"
"15,8 : 33.12"
"15,9 : 69.38"
"15,10 : 59.54"
"15,11 : 42.72"
"15,12 : 25.81"
"15,13 : 20.12"
"15,14 : 70.94"
"15,15 : 0.0"
"15,16 : 32.2"
"15,17 : 72.09"
"15,18 : 20.52"
"15,19 : 70.68"
"15,20 : 41.59"
"15,21 : 27.07"
"15,22 : 56.85"
"15,23 : 27.29"
"15,24 : 35.78"
"15,25 : 31.38"
"15,26 : 70.84"
"15,27 : 17.03"
"15,28 : 74.3"
"15,29 : 69.86"
"15,30 : 67.23"
"15,31 : 21.59"
"15,32 : 26.17"
"15,33 : 14.14"
"15,34 : 42.95"
"15,35 : 11.66"
"15,36 : 49.34"
"15,37 : 43.14"
"15,38 : 66.61"
"15,39 : 22.2"
"15,40 : 18.03"
"15,41 : 61.07"
"15,42 : 51.62"
"15,43 : 49.34"
"15,44 : 51.66"
"15,45 : 67.12"
"15,46 : 67.54"
"15,47 : 66.85"
"15,48 : 18.38"
"15,49 : 46.1"
"16,0 : 12.04"
"16,1 : 10.3"
"16,2 : 82.71"
"16,3 : 85.96"
"16,4 : 86.38"
"16,5 : 33.73"
"16,6 : 64.64"
"16,7 : 50.7"
"16,8 : 44.92"
"16,9 : 93.65"
"16,10 : 75.96"
"16,11 : 12.17"
"16,12 : 30.08"
"16,13 : 47.27"
"16,14 : 80.06"
"16,15 : 32.2"
"16,16 : 0.0"
"16,17 : 80.0"
"16,18 : 31.3"
"16,19 : 38.48"
"16,20 : 9.43"
"16,21 : 12.17"
"16,22 : 58.42"
"16,23 : 43.17"
"16,24 : 30.15"
"16,25 : 46.24"
"16,26 : 81.22"
"16,27 : 48.88"
"16,28 : 61.61"
"16,29 : 39.05"
"16,30 : 76.06"
"16,31 : 48.8"
"16,32 : 47.71"
"16,33 : 45.88"
"16,34 : 13.93"
"16,35 : 39.81"
"16,36 : 62.59"
"16,37 : 44.05"
"16,38 : 68.73"
"16,39 : 52.8"
"16,40 : 48.6"
"16,41 : 36.24"
"16,42 : 19.85"
"16,43 : 75.21"
"16,44 : 65.97"
"16,45 : 57.71"
"16,46 : 35.36"
"16,47 : 51.09"
"16,48 : 49.93"
"16,49 : 13.93"
"17,0 : 71.45"
"17,1 : 85.48"
"17,2 : 21.0"
"17,3 : 42.3"
"17,4 : 30.02"
"17,5 : 93.05"
"17,6 : 68.25"
"17,7 : 38.08"
"17,8 : 39.22"
"17,9 : 47.01"
"17,10 : 22.14"
"17,11 : 78.92"
"17,12 : 51.62"
"17,13 : 88.51"
"17,14 : 3.0"
"17,15 : 72.09"
"17,16 : 80.0"
"17,17 : 0.0"
"17,18 : 53.85"
"17,19 : 102.18"
"17,20 : 85.38"
"17,21 : 68.03"
"17,22 : 23.09"
"17,23 : 99.32"
"17,24 : 50.09"
"17,25 : 40.72"
"17,26 : 6.08"
"17,27 : 69.2"
"17,28 : 46.86"
"17,29 : 90.8"
"17,30 : 5.0"
"17,31 : 56.4"
"17,32 : 47.71"
"17,33 : 77.1"
"17,34 : 76.12"
"17,35 : 81.88"
"17,36 : 23.6"
"17,37 : 36.06"
"17,38 : 15.62"
"17,39 : 63.78"
"17,40 : 64.2"
"17,41 : 70.66"
"17,42 : 94.2"
"17,43 : 47.93"
"17,44 : 22.63"
"17,45 : 39.62"
"17,46 : 101.83"
"17,47 : 52.63"
"17,48 : 67.62"
"17,49 : 85.99"
"18,0 : 19.92"
"18,1 : 40.22"
"18,2 : 62.68"
"18,3 : 73.11"
"18,4 : 55.36"
"18,5 : 39.82"
"18,6 : 40.02"
"18,7 : 19.65"
"18,8 : 15.03"
"18,9 : 62.43"
"18,10 : 45.54"
"18,11 : 36.77"
"18,12 : 6.08"
"18,13 : 40.22"
"18,14 : 53.15"
"18,15 : 20.52"
"18,16 : 31.3"
"18,17 : 53.85"
"18,18 : 0.0"
"18,19 : 65.86"
"18,20 : 39.66"
"18,21 : 20.0"
"18,22 : 36.62"
"18,23 : 47.2"
"18,24 : 17.12"
"18,25 : 15.3"
"18,26 : 53.6"
"18,27 : 28.16"
"18,28 : 54.63"
"18,29 : 60.9"
"18,30 : 49.24"
"18,31 : 21.19"
"18,32 : 16.97"
"18,33 : 31.38"
"18,34 : 35.47"
"18,35 : 32.02"
"18,36 : 33.0"
"18,37 : 22.63"
"18,38 : 46.65"
"18,39 : 28.28"
"18,40 : 25.02"
"18,41 : 47.3"
"18,42 : 50.22"
"18,43 : 44.6"
"18,44 : 36.06"
"18,45 : 47.01"
"18,46 : 63.64"
"18,47 : 48.27"
"18,48 : 28.02"
"18,49 : 42.64"
"19,0 : 49.74"
"19,1 : 28.23"
"19,2 : 97.02"
"19,3 : 91.27"
"19,4 : 116.76"
"19,5 : 68.59"
"19,6 : 102.73"
"19,7 : 82.98"
"19,8 : 76.06"
"19,9 : 127.02"
"19,10 : 105.15"
"19,11 : 29.21"
"19,12 : 62.24"
"19,13 : 84.65"
"19,14 : 103.25"
"19,15 : 70.68"
"19,16 : 38.48"
"19,17 : 102.18"
"19,18 : 65.86"
"19,19 : 0.0"
"19,20 : 29.15"
"19,21 : 46.4"
"19,22 : 79.12"
"19,23 : 77.23"
"19,24 : 56.04"
"19,25 : 78.64"
"19,26 : 105.31"
"19,27 : 87.24"
"19,28 : 66.01"
"19,29 : 14.56"
"19,30 : 99.54"
"19,31 : 85.8"
"19,32 : 82.81"
"19,33 : 84.31"
"19,34 : 30.41"
"19,35 : 77.79"
"19,36 : 91.27"
"19,37 : 68.48"
"19,38 : 87.64"
"19,39 : 90.74"
"19,40 : 86.61"
"19,41 : 33.14"
"19,42 : 20.22"
"19,43 : 110.32"
"19,44 : 94.87"
"19,45 : 67.48"
"19,46 : 4.12"
"19,47 : 55.04"
"19,48 : 88.19"
"19,49 : 24.6"
"20,0 : 21.26"
"20,1 : 1.0"
"20,2 : 85.99"
"20,3 : 86.93"
"20,4 : 94.02"
"20,5 : 41.05"
"20,6 : 74.06"
"20,7 : 58.59"
"20,8 : 52.39"
"20,9 : 102.08"
"20,10 : 83.22"
"20,11 : 8.06"
"20,12 : 37.58"
"20,13 : 55.9"
"20,14 : 85.71"
"20,15 : 41.59"
"20,16 : 9.43"
"20,17 : 85.38"
"20,18 : 39.66"
"20,19 : 29.15"
"20,20 : 0.0"
"20,21 : 19.72"
"20,22 : 63.01"
"20,23 : 50.25"
"20,24 : 35.36"
"20,25 : 54.12"
"20,26 : 87.13"
"20,27 : 58.31"
"20,28 : 61.72"
"20,29 : 31.14"
"20,30 : 81.74"
"20,31 : 58.0"
"20,32 : 56.4"
"20,33 : 55.15"
"20,34 : 11.18"
"20,35 : 48.76"
"20,36 : 69.57"
"20,37 : 49.37"
"20,38 : 73.03"
"20,39 : 62.2"
"20,40 : 58.01"
"20,41 : 32.56"
"20,42 : 10.63"
"20,43 : 84.02"
"20,44 : 73.05"
"20,45 : 59.14"
"20,46 : 25.94"
"20,47 : 50.61"
"20,48 : 59.36"
"20,49 : 5.0"
"21,0 : 6.71"
"21,1 : 20.25"
"21,2 : 71.78"
"21,3 : 76.84"
"21,4 : 74.46"
"21,5 : 36.36"
"21,6 : 56.8"
"21,7 : 38.91"
"21,8 : 32.89"
"21,9 : 82.38"
"21,10 : 63.89"
"21,11 : 17.2"
"21,12 : 18.03"
"21,13 : 45.54"
"21,14 : 68.01"
"21,15 : 27.07"
"21,16 : 12.17"
"21,17 : 68.03"
"21,18 : 20.0"
"21,19 : 46.4"
"21,20 : 19.72"
"21,21 : 0.0"
"21,22 : 46.87"
"21,23 : 45.65"
"21,24 : 18.68"
"21,25 : 34.44"
"21,26 : 69.12"
"21,27 : 42.06"
"21,28 : 53.74"
"21,29 : 43.32"
"21,30 : 64.01"
"21,31 : 39.41"
"21,32 : 36.88"
"21,33 : 41.19"
"21,34 : 16.55"
"21,35 : 37.22"
"21,36 : 50.45"
"21,37 : 32.25"
"21,38 : 57.27"
"21,39 : 44.72"
"21,40 : 40.72"
"21,41 : 34.37"
"21,42 : 30.23"
"21,43 : 64.54"
"21,44 : 53.85"
"21,45 : 48.6"
"21,46 : 43.93"
"21,47 : 44.2"
"21,48 : 42.72"
"21,49 : 22.67"
"22,0 : 51.24"
"22,1 : 63.03"
"22,2 : 26.08"
"22,3 : 38.91"
"22,4 : 43.57"
"22,5 : 76.32"
"22,6 : 63.57"
"22,7 : 28.23"
"22,8 : 25.0"
"22,9 : 58.69"
"22,10 : 31.76"
"22,11 : 56.22"
"22,12 : 32.65"
"22,13 : 75.66"
"22,14 : 24.17"
"22,15 : 56.85"
"22,16 : 58.42"
"22,17 : 23.09"
"22,18 : 36.62"
"22,19 : 79.12"
"22,20 : 63.01"
"22,21 : 46.87"
"22,22 : 0.0"
"22,23 : 83.82"
"22,24 : 28.28"
"22,25 : 28.3"
"22,26 : 26.42"
"22,27 : 59.08"
"22,28 : 30.08"
"22,29 : 68.0"
"22,30 : 20.59"
"22,31 : 47.01"
"22,32 : 37.59"
"22,33 : 65.3"
"22,34 : 53.34"
"22,35 : 67.94"
"22,36 : 21.21"
"22,37 : 14.87"
"22,38 : 10.44"
"22,39 : 55.47"
"22,40 : 54.38"
"22,41 : 48.02"
"22,42 : 71.45"
"22,43 : 51.09"
"22,44 : 23.77"
"22,45 : 21.19"
"22,46 : 78.75"
"22,47 : 32.2"
"22,48 : 57.98"
"22,49 : 63.29"
"23,0 : 38.95"
"23,1 : 51.24"
"23,2 : 109.86"
"23,3 : 119.5"
"23,4 : 91.79"
"23,5 : 9.49"
"23,6 : 48.27"
"23,7 : 61.47"
"23,8 : 60.42"
"23,9 : 91.14"
"23,10 : 85.62"
"23,11 : 55.32"
"23,12 : 51.74"
"23,13 : 15.81"
"23,14 : 98.09"
"23,15 : 27.29"
"23,16 : 43.17"
"23,17 : 99.32"
"23,18 : 47.2"
"23,19 : 77.23"
"23,20 : 50.25"
"23,21 : 45.65"
"23,22 : 83.82"
"23,23 : 0.0"
"23,24 : 60.21"
"23,25 : 58.6"
"23,26 : 97.86"
"23,27 : 35.0"
"23,28 : 98.41"
"23,29 : 81.39"
"23,30 : 94.43"
"23,31 : 45.71"
"23,32 : 52.5"
"23,33 : 26.02"
"23,34 : 57.01"
"23,35 : 18.25"
"23,36 : 76.32"
"23,37 : 69.66"
"23,38 : 93.74"
"23,39 : 42.0"
"23,40 : 39.12"
"23,41 : 78.77"
"23,42 : 57.08"
"23,43 : 71.03"
"23,44 : 78.43"
"23,45 : 92.1"
"23,46 : 73.33"
"23,47 : 89.59"
"23,48 : 37.0"
"23,49 : 55.23"
"24,0 : 23.71"
"24,1 : 35.51"
"24,2 : 53.14"
"24,3 : 59.55"
"24,4 : 60.75"
"24,5 : 51.62"
"24,6 : 56.44"
"24,7 : 27.8"
"24,8 : 20.62"
"24,9 : 71.42"
"24,10 : 49.24"
"24,11 : 29.41"
"24,12 : 11.05"
"24,13 : 55.9"
"24,14 : 50.36"
"24,15 : 35.78"
"24,16 : 30.15"
"24,17 : 50.09"
"24,18 : 17.12"
"24,19 : 56.04"
"24,20 : 35.36"
"24,21 : 18.68"
"24,22 : 28.28"
"24,23 : 60.21"
"24,24 : 0.0"
"24,25 : 23.85"
"24,26 : 51.79"
"24,27 : 45.28"
"24,28 : 38.59"
"24,29 : 48.17"
"24,30 : 46.39"
"24,31 : 37.34"
"24,32 : 30.68"
"24,33 : 48.08"
"24,34 : 26.93"
"24,35 : 47.41"
"24,36 : 35.36"
"24,37 : 14.04"
"24,38 : 38.64"
"24,39 : 45.04"
"24,40 : 42.01"
"24,41 : 31.78"
"24,42 : 44.64"
"24,43 : 56.3"
"24,44 : 38.95"
"24,45 : 31.89"
"24,46 : 54.71"
"24,47 : 31.32"
"24,48 : 45.1"
"24,49 : 36.4"
"25,0 : 35.17"
"25,1 : 54.59"
"25,2 : 53.04"
"25,3 : 67.12"
"25,4 : 40.16"
"25,5 : 52.5"
"25,6 : 36.5"
"25,7 : 4.47"
"25,8 : 4.0"
"25,9 : 48.41"
"25,10 : 30.27"
"25,11 : 50.22"
"25,12 : 16.64"
"25,13 : 48.41"
"25,14 : 39.56"
"25,15 : 31.38"
"25,16 : 46.24"
"25,17 : 40.72"
"25,18 : 15.3"
"25,19 : 78.64"
"25,20 : 54.12"
"25,21 : 34.44"
"25,22 : 28.3"
"25,23 : 58.6"
"25,24 : 23.85"
"25,25 : 0.0"
"25,26 : 39.56"
"25,27 : 30.81"
"25,28 : 53.46"
"25,29 : 71.84"
"25,30 : 35.85"
"25,31 : 18.79"
"25,32 : 9.49"
"25,33 : 37.48"
"25,34 : 48.41"
"25,35 : 41.34"
"25,36 : 18.25"
"25,37 : 19.03"
"25,38 : 36.8"
"25,39 : 27.31"
"25,40 : 26.08"
"25,41 : 55.47"
"25,42 : 64.5"
"25,43 : 32.45"
"25,44 : 21.02"
"25,45 : 44.72"
"25,46 : 76.84"
"25,47 : 50.16"
"25,48 : 29.68"
"25,49 : 56.6"
"26,0 : 72.03"
"26,1 : 87.3"
"26,2 : 27.02"
"26,3 : 48.37"
"26,4 : 24.0"
"26,5 : 92.05"
"26,6 : 64.38"
"26,7 : 36.4"
"26,8 : 38.64"
"26,9 : 41.0"
"26,10 : 17.0"
"26,11 : 81.02"
"26,12 : 52.04"
"26,13 : 86.35"
"26,14 : 3.16"
"26,15 : 70.84"
"26,16 : 81.22"
"26,17 : 6.08"
"26,18 : 53.6"
"26,19 : 105.31"
"26,20 : 87.13"
"26,21 : 69.12"
"26,22 : 26.42"
"26,23 : 97.86"
"26,24 : 51.79"
"26,25 : 39.56"
"26,26 : 0.0"
"26,27 : 66.57"
"26,28 : 52.2"
"26,29 : 94.41"
"26,30 : 5.83"
"26,31 : 53.85"
"26,32 : 45.62"
"26,33 : 74.79"
"26,34 : 78.34"
"26,35 : 80.11"
"26,36 : 21.54"
"26,37 : 37.85"
"26,38 : 20.62"
"26,39 : 60.8"
"26,40 : 61.59"
"26,41 : 74.43"
"26,42 : 96.32"
"26,43 : 42.94"
"26,44 : 19.72"
"26,45 : 44.6"
"26,46 : 104.75"
"26,47 : 57.31"
"26,48 : 64.9"
"26,49 : 88.07"
"27,0 : 37.58"
"27,1 : 59.17"
"27,2 : 83.63"
"27,3 : 97.75"
"27,4 : 57.27"
"27,5 : 33.24"
"27,6 : 16.28"
"27,7 : 31.83"
"27,8 : 34.13"
"27,9 : 56.22"
"27,10 : 52.39"
"27,11 : 58.69"
"27,12 : 34.23"
"27,13 : 20.62"
"27,14 : 67.42"
"27,15 : 17.03"
"27,16 : 48.88"
"27,17 : 69.2"
"27,18 : 28.16"
"27,19 : 87.24"
"27,20 : 58.31"
"27,21 : 42.06"
"27,22 : 59.08"
"27,23 : 35.0"
"27,24 : 45.28"
"27,25 : 30.81"
"27,26 : 66.57"
"27,27 : 0.0"
"27,28 : 81.91"
"27,29 : 85.38"
"27,30 : 64.2"
"27,31 : 12.81"
"27,32 : 21.93"
"27,33 : 9.06"
"27,34 : 58.52"
"27,35 : 17.26"
"27,36 : 45.61"
"27,37 : 47.93"
"27,38 : 67.48"
"27,39 : 7.0"
"27,40 : 5.0"
"27,41 : 74.43"
"27,42 : 68.51"
"27,43 : 36.06"
"27,44 : 46.87"
"27,45 : 73.74"
"27,46 : 84.22"
"27,47 : 76.3"
"27,48 : 2.0"
"27,49 : 62.65"
"28,0 : 60.14"
"28,1 : 61.27"
"28,2 : 33.54"
"28,3 : 25.71"
"28,4 : 72.92"
"28,5 : 89.5"
"28,6 : 89.94"
"28,7 : 55.08"
"28,8 : 49.5"
"28,9 : 88.6"
"28,10 : 61.47"
"28,11 : 53.67"
"28,12 : 48.75"
"28,13 : 94.41"
"28,14 : 49.2"
"28,15 : 74.3"
"28,16 : 61.61"
"28,17 : 46.86"
"28,18 : 54.63"
"28,19 : 66.01"
"28,20 : 61.72"
"28,21 : 53.74"
"28,22 : 30.08"
"28,23 : 98.41"
"28,24 : 38.59"
"28,25 : 53.46"
"28,26 : 52.2"
"28,27 : 81.91"
"28,28 : 0.0"
"28,29 : 52.09"
"28,30 : 46.87"
"28,31 : 71.59"
"28,32 : 62.8"
"28,33 : 86.01"
"28,34 : 50.54"
"28,35 : 85.96"
"28,36 : 51.2"
"28,37 : 34.53"
"28,38 : 31.62"
"28,39 : 80.05"
"28,40 : 77.88"
"28,41 : 33.24"
"28,42 : 66.41"
"28,43 : 80.75"
"28,44 : 53.85"
"28,45 : 9.06"
"28,46 : 67.19"
"28,47 : 11.4"
"28,48 : 81.32"
"28,49 : 59.62"
"29,0 : 48.27"
"29,1 : 30.15"
"29,2 : 83.95"
"29,3 : 77.06"
"29,4 : 107.94"
"29,5 : 72.17"
"29,6 : 99.92"
"29,7 : 75.93"
"29,8 : 68.77"
"29,9 : 119.52"
"29,10 : 96.05"
"29,11 : 27.29"
"29,12 : 56.3"
"29,13 : 86.28"
"29,14 : 92.13"
"29,15 : 69.86"
"29,16 : 39.05"
"29,17 : 90.8"
"29,18 : 60.9"
"29,19 : 14.56"
"29,20 : 31.14"
"29,21 : 43.32"
"29,22 : 68.0"
"29,23 : 81.39"
"29,24 : 48.17"
"29,25 : 71.84"
"29,26 : 94.41"
"29,27 : 85.38"
"29,28 : 52.09"
"29,29 : 0.0"
"29,30 : 88.59"
"29,31 : 81.84"
"29,32 : 77.39"
"29,33 : 83.95"
"29,34 : 26.93"
"29,35 : 78.64"
"29,36 : 82.33"
"29,37 : 59.03"
"29,38 : 75.77"
"29,39 : 87.85"
"29,40 : 83.93"
"29,41 : 20.25"
"29,42 : 26.4"
"29,43 : 104.2"
"29,44 : 85.91"
"29,45 : 54.34"
"29,46 : 17.0"
"29,47 : 41.44"
"29,48 : 86.03"
"29,49 : 26.17"
"30,0 : 67.19"
"30,1 : 81.88"
"30,2 : 24.33"
"30,3 : 45.01"
"30,4 : 27.46"
"30,5 : 88.26"
"30,6 : 63.41"
"30,7 : 33.12"
"30,8 : 34.48"
"30,9 : 44.28"
"30,10 : 18.25"
"30,11 : 75.5"
"30,12 : 47.27"
"30,13 : 83.53"
"30,14 : 4.0"
"30,15 : 67.23"
"30,16 : 76.06"
"30,17 : 5.0"
"30,18 : 49.24"
"30,19 : 99.54"
"30,20 : 81.74"
"30,21 : 64.01"
"30,22 : 20.59"
"30,23 : 94.43"
"30,24 : 46.39"
"30,25 : 35.85"
"30,26 : 5.83"
"30,27 : 64.2"
"30,28 : 46.87"
"30,29 : 88.59"
"30,30 : 0.0"
"30,31 : 51.4"
"30,32 : 42.72"
"30,33 : 72.11"
"30,34 : 72.78"
"30,35 : 76.94"
"30,36 : 18.6"
"30,37 : 32.39"
"30,38 : 15.26"
"30,39 : 58.8"
"30,40 : 59.2"
"30,41 : 68.6"
"30,42 : 90.8"
"30,43 : 43.66"
"30,44 : 17.69"
"30,45 : 39.05"
"30,46 : 99.02"
"30,47 : 51.62"
"30,48 : 62.63"
"30,49 : 82.57"
"31,0 : 36.77"
"31,1 : 58.73"
"31,2 : 71.06"
"31,3 : 85.88"
"31,4 : 46.17"
"31,5 : 42.01"
"31,6 : 19.1"
"31,7 : 19.21"
"31,8 : 22.47"
"31,9 : 47.8"
"31,10 : 40.16"
"31,11 : 56.61"
"31,12 : 26.68"
"31,13 : 32.7"
"31,14 : 54.64"
"31,15 : 21.59"
"31,16 : 48.8"
"31,17 : 56.4"
"31,18 : 21.19"
"31,19 : 85.8"
"31,20 : 58.0"
"31,21 : 39.41"
"31,22 : 47.01"
"31,23 : 45.71"
"31,24 : 37.34"
"31,25 : 18.79"
"31,26 : 53.85"
"31,27 : 12.81"
"31,28 : 71.59"
"31,29 : 81.84"
"31,30 : 51.4"
"31,31 : 0.0"
"31,32 : 9.43"
"31,33 : 21.02"
"31,34 : 55.76"
"31,35 : 27.46"
"31,36 : 32.8"
"31,37 : 37.11"
"31,38 : 55.0"
"31,39 : 8.54"
"31,40 : 7.81"
"31,41 : 68.41"
"31,42 : 68.59"
"31,43 : 27.86"
"31,44 : 34.13"
"31,45 : 63.06"
"31,46 : 83.24"
"31,47 : 67.12"
"31,48 : 11.31"
"31,49 : 61.72"
"32,0 : 35.85"
"32,1 : 57.01"
"32,2 : 61.72"
"32,3 : 76.48"
"32,4 : 41.19"
"32,5 : 47.52"
"32,6 : 27.17"
"32,7 : 9.9"
"32,8 : 13.34"
"32,9 : 46.07"
"32,10 : 33.38"
"32,11 : 53.74"
"32,12 : 21.1"
"32,13 : 40.82"
"32,14 : 46.14"
"32,15 : 26.17"
"32,16 : 47.71"
"32,17 : 47.71"
"32,18 : 16.97"
"32,19 : 82.81"
"32,20 : 56.4"
"32,21 : 36.88"
"32,22 : 37.59"
"32,23 : 52.5"
"32,24 : 30.68"
"32,25 : 9.49"
"32,26 : 45.62"
"32,27 : 21.93"
"32,28 : 62.8"
"32,29 : 77.39"
"32,30 : 42.72"
"32,31 : 9.43"
"32,32 : 0.0"
"32,33 : 29.41"
"32,34 : 52.4"
"32,35 : 34.54"
"32,36 : 24.19"
"32,37 : 28.28"
"32,38 : 45.61"
"32,39 : 17.89"
"32,40 : 17.03"
"32,41 : 62.39"
"32,42 : 67.01"
"32,43 : 27.66"
"32,44 : 26.0"
"32,45 : 54.13"
"32,46 : 80.61"
"32,47 : 59.01"
"32,48 : 20.62"
"32,49 : 59.55"
"33,0 : 35.69"
"33,1 : 56.08"
"33,2 : 90.51"
"33,3 : 103.47"
"33,4 : 66.29"
"33,5 : 25.08"
"33,6 : 23.26"
"33,7 : 39.2"
"33,8 : 40.36"
"33,9 : 65.12"
"33,10 : 61.1"
"33,11 : 56.75"
"33,12 : 37.34"
"33,13 : 11.7"
"33,14 : 75.47"
"33,15 : 14.14"
"33,16 : 45.88"
"33,17 : 77.1"
"33,18 : 31.38"
"33,19 : 84.31"
"33,20 : 55.15"
"33,21 : 41.19"
"33,22 : 65.3"
"33,23 : 26.02"
"33,24 : 48.08"
"33,25 : 37.48"
"33,26 : 74.79"
"33,27 : 9.06"
"33,28 : 86.01"
"33,29 : 83.95"
"33,30 : 72.11"
"33,31 : 21.02"
"33,32 : 29.41"
"33,33 : 0.0"
"33,34 : 57.07"
"33,35 : 8.94"
"33,36 : 53.54"
"33,37 : 53.0"
"33,38 : 74.25"
"33,39 : 16.03"
"33,40 : 13.6"
"33,41 : 75.01"
"33,42 : 64.85"
"33,43 : 45.01"
"33,44 : 55.07"
"33,45 : 78.26"
"33,46 : 81.02"
"33,47 : 79.4"
"33,48 : 11.05"
"33,49 : 59.81"
"34,0 : 21.38"
"34,1 : 10.77"
"34,2 : 75.43"
"34,3 : 75.77"
"34,4 : 87.32"
"34,5 : 47.54"
"34,6 : 73.35"
"34,7 : 52.8"
"34,8 : 46.04"
"34,9 : 96.83"
"34,10 : 76.03"
"34,11 : 3.16"
"34,12 : 31.89"
"34,13 : 60.0"
"34,14 : 76.69"
"34,15 : 42.95"
"34,16 : 13.93"
"34,17 : 76.12"
"34,18 : 35.47"
"34,19 : 30.41"
"34,20 : 11.18"
"34,21 : 16.55"
"34,22 : 53.34"
"34,23 : 57.01"
"34,24 : 26.93"
"34,25 : 48.41"
"34,26 : 78.34"
"34,27 : 58.52"
"34,28 : 50.54"
"34,29 : 26.93"
"34,30 : 72.78"
"34,31 : 55.76"
"34,32 : 52.4"
"34,33 : 57.07"
"34,34 : 0.0"
"34,35 : 52.09"
"34,36 : 62.17"
"34,37 : 40.52"
"34,38 : 63.07"
"34,39 : 61.27"
"34,40 : 57.27"
"34,41 : 22.47"
"34,42 : 18.11"
"34,43 : 79.91"
"34,44 : 65.74"
"34,45 : 48.08"
"34,46 : 28.43"
"34,47 : 39.45"
"34,48 : 59.24"
"34,49 : 10.0"
"35,0 : 31.02"
"35,1 : 49.73"
"35,2 : 93.72"
"35,3 : 105.12"
"35,4 : 73.55"
"35,5 : 16.16"
"35,6 : 32.2"
"35,7 : 43.83"
"35,8 : 43.6"
"35,9 : 73.44"
"35,10 : 67.45"
"35,11 : 51.35"
"35,12 : 37.44"
"35,13 : 8.54"
"35,14 : 80.5"
"35,15 : 11.66"
"35,16 : 39.81"
"35,17 : 81.88"
"35,18 : 32.02"
"35,19 : 77.79"
"35,20 : 48.76"
"35,21 : 37.22"
"35,22 : 67.94"
"35,23 : 18.25"
"35,24 : 47.41"
"35,25 : 41.34"
"35,26 : 80.11"
"35,27 : 17.26"
"35,28 : 85.96"
"35,29 : 78.64"
"35,30 : 76.94"
"35,31 : 27.46"
"35,32 : 34.54"
"35,33 : 8.94"
"35,34 : 52.09"
"35,35 : 0.0"
"35,36 : 58.6"
"35,37 : 54.56"
"35,38 : 77.47"
"35,39 : 24.19"
"35,40 : 21.0"
"35,41 : 71.57"
"35,42 : 57.94"
"35,43 : 53.24"
"35,44 : 60.54"
"35,45 : 78.77"
"35,46 : 74.33"
"35,47 : 78.39"
"35,48 : 19.24"
"35,49 : 53.6"
"36,0 : 52.35"
"36,1 : 69.89"
"36,2 : 39.82"
"36,3 : 57.72"
"36,4 : 25.61"
"36,5 : 70.6"
"36,6 : 45.79"
"36,7 : 14.87"
"36,8 : 18.03"
"36,9 : 38.59"
"36,10 : 13.89"
"36,11 : 64.47"
"36,12 : 32.56"
"36,13 : 65.0"
"36,14 : 21.95"
"36,15 : 49.34"
"36,16 : 62.59"
"36,17 : 23.6"
"36,18 : 33.0"
"36,19 : 91.27"
"36,20 : 69.57"
"36,21 : 50.45"
"36,22 : 21.21"
"36,23 : 76.32"
"36,24 : 35.36"
"36,25 : 18.25"
"36,26 : 21.54"
"36,27 : 45.61"
"36,28 : 51.2"
"36,29 : 82.33"
"36,30 : 18.6"
"36,31 : 32.8"
"36,32 : 24.19"
"36,33 : 53.54"
"36,34 : 62.17"
"36,35 : 58.6"
"36,36 : 0.0"
"36,37 : 23.35"
"36,38 : 25.0"
"36,39 : 40.31"
"36,40 : 40.61"
"36,41 : 63.66"
"36,42 : 79.48"
"36,43 : 30.0"
"36,44 : 3.61"
"36,45 : 42.2"
"36,46 : 90.05"
"36,47 : 51.89"
"36,48 : 44.05"
"36,49 : 71.31"
"37,0 : 36.4"
"37,1 : 49.5"
"37,2 : 40.71"
"37,3 : 50.61"
"37,4 : 48.92"
"37,5 : 61.85"
"37,6 : 55.44"
"37,7 : 21.21"
"37,8 : 15.03"
"37,9 : 61.4"
"37,10 : 37.01"
"37,11 : 43.17"
"37,12 : 18.03"
"37,13 : 62.63"
"37,14 : 36.35"
"37,15 : 43.14"
"37,16 : 44.05"
"37,17 : 36.06"
"37,18 : 22.63"
"37,19 : 68.48"
"37,20 : 49.37"
"37,21 : 32.25"
"37,22 : 14.87"
"37,23 : 69.66"
"37,24 : 14.04"
"37,25 : 19.03"
"37,26 : 37.85"
"37,27 : 47.93"
"37,28 : 34.53"
"37,29 : 59.03"
"37,30 : 32.39"
"37,31 : 37.11"
"37,32 : 28.28"
"37,33 : 53.0"
"37,34 : 40.52"
"37,35 : 54.56"
"37,36 : 23.35"
"37,37 : 0.0"
"37,38 : 25.3"
"37,39 : 45.61"
"37,40 : 43.66"
"37,41 : 40.36"
"37,42 : 58.46"
"37,43 : 49.04"
"37,44 : 26.91"
"37,45 : 25.96"
"37,46 : 67.54"
"37,47 : 31.4"
"37,48 : 47.17"
"37,49 : 50.22"
"38,0 : 61.68"
"38,1 : 73.01"
"38,2 : 16.28"
"38,3 : 32.76"
"38,4 : 42.06"
"38,5 : 86.45"
"38,6 : 70.21"
"38,7 : 35.81"
"38,8 : 33.97"
"38,9 : 58.46"
"38,10 : 31.4"
"38,11 : 66.03"
"38,12 : 42.95"
"38,13 : 84.96"
"38,14 : 17.69"
"38,15 : 66.61"
"38,16 : 68.73"
"38,17 : 15.62"
"38,18 : 46.65"
"38,19 : 87.64"
"38,20 : 73.03"
"38,21 : 57.27"
"38,22 : 10.44"
"38,23 : 93.74"
"38,24 : 38.64"
"38,25 : 36.8"
"38,26 : 20.62"
"38,27 : 67.48"
"38,28 : 31.62"
"38,29 : 75.77"
"38,30 : 15.26"
"38,31 : 55.0"
"38,32 : 45.61"
"38,33 : 74.25"
"38,34 : 63.07"
"38,35 : 77.47"
"38,36 : 25.0"
"38,37 : 25.3"
"38,38 : 0.0"
"38,39 : 63.25"
"38,40 : 62.63"
"38,41 : 55.54"
"38,42 : 81.15"
"38,43 : 54.45"
"38,44 : 26.31"
"38,45 : 24.04"
"38,46 : 87.56"
"38,47 : 37.01"
"38,48 : 66.22"
"38,49 : 73.06"
"39,0 : 41.05"
"39,1 : 63.01"
"39,2 : 79.2"
"39,3 : 94.37"
"39,4 : 50.45"
"39,5 : 40.02"
"39,6 : 12.08"
"39,7 : 27.46"
"39,8 : 31.02"
"39,9 : 49.25"
"39,10 : 46.07"
"39,11 : 61.77"
"39,12 : 34.13"
"39,13 : 27.46"
"39,14 : 61.85"
"39,15 : 22.2"
"39,16 : 52.8"
"39,17 : 63.78"
"39,18 : 28.28"
"39,19 : 90.74"
"39,20 : 62.2"
"39,21 : 44.72"
"39,22 : 55.47"
"39,23 : 42.0"
"39,24 : 45.04"
"39,25 : 27.31"
"39,26 : 60.8"
"39,27 : 7.0"
"39,28 : 80.05"
"39,29 : 87.85"
"39,30 : 58.8"
"39,31 : 8.54"
"39,32 : 17.89"
"39,33 : 16.03"
"39,34 : 61.27"
"39,35 : 24.19"
"39,36 : 40.31"
"39,37 : 45.61"
"39,38 : 63.25"
"39,39 : 0.0"
"39,40 : 4.24"
"39,41 : 75.5"
"39,42 : 72.62"
"39,43 : 29.07"
"39,44 : 41.23"
"39,45 : 71.57"
"39,46 : 87.92"
"39,47 : 75.33"
"39,48 : 5.0"
"39,49 : 66.29"
"40,0 : 36.89"
"40,1 : 58.82"
"40,2 : 78.75"
"40,3 : 93.15"
"40,4 : 52.77"
"40,5 : 36.5"
"40,6 : 16.12"
"40,7 : 26.91"
"40,8 : 29.53"
"40,9 : 52.61"
"40,10 : 47.54"
"40,11 : 57.71"
"40,12 : 31.0"
"40,13 : 25.3"
"40,14 : 62.43"
"40,15 : 18.03"
"40,16 : 48.6"
"40,17 : 64.2"
"40,18 : 25.02"
"40,19 : 86.61"
"40,20 : 58.01"
"40,21 : 40.72"
"40,22 : 54.38"
"40,23 : 39.12"
"40,24 : 42.01"
"40,25 : 26.08"
"40,26 : 61.59"
"40,27 : 5.0"
"40,28 : 77.88"
"40,29 : 83.93"
"40,30 : 59.2"
"40,31 : 7.81"
"40,32 : 17.03"
"40,33 : 13.6"
"40,34 : 57.27"
"40,35 : 21.0"
"40,36 : 40.61"
"40,37 : 43.66"
"40,38 : 62.63"
"40,39 : 4.24"
"40,40 : 0.0"
"40,41 : 72.01"
"40,42 : 68.41"
"40,43 : 32.39"
"40,44 : 41.88"
"40,45 : 69.57"
"40,46 : 83.76"
"40,47 : 72.69"
"40,48 : 3.61"
"40,49 : 62.13"
"41,0 : 40.79"
"41,1 : 31.83"
"41,2 : 63.95"
"41,3 : 58.86"
"41,4 : 89.11"
"41,5 : 69.29"
"41,6 : 87.32"
"41,7 : 59.17"
"41,8 : 51.97"
"41,9 : 101.67"
"41,10 : 77.1"
"41,11 : 25.0"
"41,12 : 41.76"
"41,13 : 79.91"
"41,14 : 72.07"
"41,15 : 61.07"
"41,16 : 36.24"
"41,17 : 70.66"
"41,18 : 47.3"
"41,19 : 33.14"
"41,20 : 32.56"
"41,21 : 34.37"
"41,22 : 48.02"
"41,23 : 78.77"
"41,24 : 31.78"
"41,25 : 55.47"
"41,26 : 74.43"
"41,27 : 74.43"
"41,28 : 33.24"
"41,29 : 20.25"
"41,30 : 68.6"
"41,31 : 68.41"
"41,32 : 62.39"
"41,33 : 75.01"
"41,34 : 22.47"
"41,35 : 71.57"
"41,36 : 63.66"
"41,37 : 40.36"
"41,38 : 55.54"
"41,39 : 75.5"
"41,40 : 72.01"
"41,41 : 0.0"
"41,42 : 34.48"
"41,43 : 87.82"
"41,44 : 67.18"
"41,45 : 34.37"
"41,46 : 34.01"
"41,47 : 22.02"
"41,48 : 74.67"
"41,49 : 29.07"
"42,0 : 31.83"
"42,1 : 10.0"
"42,2 : 93.19"
"42,3 : 92.05"
"42,4 : 104.22"
"42,5 : 48.37"
"42,6 : 84.4"
"42,7 : 68.96"
"42,8 : 62.61"
"42,9 : 112.61"
"42,10 : 93.23"
"42,11 : 15.3"
"42,12 : 47.89"
"42,13 : 64.56"
"42,14 : 94.73"
"42,15 : 51.62"
"42,16 : 19.85"
"42,17 : 94.2"
"42,18 : 50.22"
"42,19 : 20.22"
"42,20 : 10.63"
"42,21 : 30.23"
"42,22 : 71.45"
"42,23 : 57.08"
"42,24 : 44.64"
"42,25 : 64.5"
"42,26 : 96.32"
"42,27 : 68.51"
"42,28 : 66.41"
"42,29 : 26.4"
"42,30 : 90.8"
"42,31 : 68.59"
"42,32 : 67.01"
"42,33 : 64.85"
"42,34 : 18.11"
"42,35 : 57.94"
"42,36 : 79.48"
"42,37 : 58.46"
"42,38 : 81.15"
"42,39 : 72.62"
"42,40 : 68.41"
"42,41 : 34.48"
"42,42 : 0.0"
"42,43 : 94.64"
"42,44 : 83.01"
"42,45 : 65.12"
"42,46 : 16.49"
"42,47 : 55.03"
"42,48 : 69.63"
"42,49 : 8.25"
"43,0 : 63.25"
"43,1 : 84.65"
"43,2 : 67.72"
"43,3 : 87.13"
"43,4 : 24.41"
"43,5 : 68.88"
"43,6 : 25.63"
"43,7 : 28.65"
"43,8 : 35.85"
"43,9 : 20.22"
"43,10 : 25.94"
"43,11 : 81.34"
"43,12 : 48.17"
"43,13 : 56.08"
"43,14 : 45.19"
"43,15 : 49.34"
"43,16 : 75.21"
"43,17 : 47.93"
"43,18 : 44.6"
"43,19 : 110.32"
"43,20 : 84.02"
"43,21 : 64.54"
"43,22 : 51.09"
"43,23 : 71.03"
"43,24 : 56.3"
"43,25 : 32.45"
"43,26 : 42.94"
"43,27 : 36.06"
"43,28 : 80.75"
"43,29 : 104.2"
"43,30 : 43.66"
"43,31 : 27.86"
"43,32 : 27.66"
"43,33 : 45.01"
"43,34 : 79.91"
"43,35 : 53.24"
"43,36 : 30.0"
"43,37 : 49.04"
"43,38 : 54.45"
"43,39 : 29.07"
"43,40 : 32.39"
"43,41 : 87.82"
"43,42 : 94.64"
"43,43 : 0.0"
"43,44 : 28.16"
"43,45 : 71.7"
"43,46 : 108.21"
"43,47 : 80.08"
"43,48 : 34.06"
"43,49 : 87.21"
"44,0 : 55.58"
"44,1 : 73.39"
"44,2 : 40.31"
"44,3 : 59.03"
"44,4 : 22.02"
"44,5 : 73.01"
"44,6 : 45.8"
"44,7 : 17.26"
"44,8 : 21.21"
"44,9 : 35.36"
"44,10 : 10.3"
"44,11 : 68.03"
"44,12 : 35.9"
"44,13 : 66.65"
"44,14 : 20.62"
"44,15 : 51.66"
"44,16 : 65.97"
"44,17 : 22.63"
"44,18 : 36.06"
"44,19 : 94.87"
"44,20 : 73.05"
"44,21 : 53.85"
"44,22 : 23.77"
"44,23 : 78.43"
"44,24 : 38.95"
"44,25 : 21.02"
"44,26 : 19.72"
"44,27 : 46.87"
"44,28 : 53.85"
"44,29 : 85.91"
"44,30 : 17.69"
"44,31 : 34.13"
"44,32 : 26.0"
"44,33 : 55.07"
"44,34 : 65.74"
"44,35 : 60.54"
"44,36 : 3.61"
"44,37 : 26.91"
"44,38 : 26.31"
"44,39 : 41.23"
"44,40 : 41.88"
"44,41 : 67.18"
"44,42 : 83.01"
"44,43 : 28.16"
"44,44 : 0.0"
"44,45 : 44.92"
"44,46 : 93.65"
"44,47 : 55.01"
"44,48 : 45.22"
"44,49 : 74.85"
"45,0 : 54.67"
"45,1 : 58.82"
"45,2 : 29.61"
"45,3 : 28.3"
"45,4 : 64.41"
"45,5 : 83.45"
"45,6 : 81.22"
"45,7 : 46.17"
"45,8 : 40.79"
"45,9 : 79.85"
"45,10 : 52.8"
"45,11 : 51.24"
"45,12 : 41.34"
"45,13 : 87.13"
"45,14 : 41.73"
"45,15 : 67.12"
"45,16 : 57.71"
"45,17 : 39.62"
"45,18 : 47.01"
"45,19 : 67.48"
"45,20 : 59.14"
"45,21 : 48.6"
"45,22 : 21.19"
"45,23 : 92.1"
"45,24 : 31.89"
"45,25 : 44.72"
"45,26 : 44.6"
"45,27 : 73.74"
"45,28 : 9.06"
"45,29 : 54.34"
"45,30 : 39.05"
"45,31 : 63.06"
"45,32 : 54.13"
"45,33 : 78.26"
"45,34 : 48.08"
"45,35 : 78.77"
"45,36 : 42.2"
"45,37 : 25.96"
"45,38 : 24.04"
"45,39 : 71.57"
"45,40 : 69.57"
"45,41 : 34.37"
"45,42 : 65.12"
"45,43 : 71.7"
"45,44 : 44.92"
"45,45 : 0.0"
"45,46 : 68.12"
"45,47 : 13.42"
"45,48 : 73.05"
"45,49 : 57.72"
"46,0 : 46.87"
"46,1 : 25.06"
"46,2 : 97.51"
"46,3 : 92.66"
"46,4 : 115.43"
"46,5 : 64.78"
"46,6 : 99.86"
"46,7 : 81.22"
"46,8 : 74.4"
"46,9 : 125.25"
"46,10 : 103.94"
"46,11 : 26.87"
"46,12 : 60.31"
"46,13 : 81.04"
"46,14 : 102.79"
"46,15 : 67.54"
"46,16 : 35.36"
"46,17 : 101.83"
"46,18 : 63.64"
"46,19 : 4.12"
"46,20 : 25.94"
"46,21 : 43.93"
"46,22 : 78.75"
"46,23 : 73.33"
"46,24 : 54.71"
"46,25 : 76.84"
"46,26 : 104.75"
"46,27 : 84.22"
"46,28 : 67.19"
"46,29 : 17.0"
"46,30 : 99.02"
"46,31 : 83.24"
"46,32 : 80.61"
"46,33 : 81.02"
"46,34 : 28.43"
"46,35 : 74.33"
"46,36 : 90.05"
"46,37 : 67.54"
"46,38 : 87.56"
"46,39 : 87.92"
"46,40 : 83.76"
"46,41 : 34.01"
"46,42 : 16.49"
"46,43 : 108.21"
"46,44 : 93.65"
"46,45 : 68.12"
"46,46 : 0.0"
"46,47 : 56.04"
"46,48 : 85.23"
"46,49 : 21.63"
"47,0 : 50.8"
"47,1 : 50.12"
"47,2 : 42.72"
"47,3 : 37.11"
"47,4 : 75.72"
"47,5 : 80.45"
"47,6 : 86.02"
"47,7 : 52.61"
"47,8 : 46.17"
"47,9 : 90.35"
"47,10 : 63.81"
"47,11 : 42.54"
"47,12 : 42.2"
"47,13 : 86.93"
"47,14 : 54.56"
"47,15 : 66.85"
"47,16 : 51.09"
"47,17 : 52.63"
"47,18 : 48.27"
"47,19 : 55.04"
"47,20 : 50.61"
"47,21 : 44.2"
"47,22 : 32.2"
"47,23 : 89.59"
"47,24 : 31.32"
"47,25 : 50.16"
"47,26 : 57.31"
"47,27 : 76.3"
"47,28 : 11.4"
"47,29 : 41.44"
"47,30 : 51.62"
"47,31 : 67.12"
"47,32 : 59.01"
"47,33 : 79.4"
"47,34 : 39.45"
"47,35 : 78.39"
"47,36 : 51.89"
"47,37 : 31.4"
"47,38 : 37.01"
"47,39 : 75.33"
"47,40 : 72.69"
"47,41 : 22.02"
"47,42 : 55.03"
"47,43 : 80.08"
"47,44 : 55.01"
"47,45 : 13.42"
"47,46 : 56.04"
"47,47 : 0.0"
"47,48 : 75.95"
"47,49 : 48.33"
"48,0 : 38.47"
"48,1 : 60.21"
"48,2 : 82.33"
"48,3 : 96.75"
"48,4 : 55.32"
"48,5 : 35.17"
"48,6 : 14.87"
"48,7 : 30.48"
"48,8 : 33.12"
"48,9 : 54.23"
"48,10 : 50.57"
"48,11 : 59.51"
"48,12 : 34.06"
"48,13 : 22.56"
"48,14 : 65.8"
"48,15 : 18.38"
"48,16 : 49.93"
"48,17 : 67.62"
"48,18 : 28.02"
"48,19 : 88.19"
"48,20 : 59.36"
"48,21 : 42.72"
"48,22 : 57.98"
"48,23 : 37.0"
"48,24 : 45.1"
"48,25 : 29.68"
"48,26 : 64.9"
"48,27 : 2.0"
"48,28 : 81.32"
"48,29 : 86.03"
"48,30 : 62.63"
"48,31 : 11.31"
"48,32 : 20.62"
"48,33 : 11.05"
"48,34 : 59.24"
"48,35 : 19.24"
"48,36 : 44.05"
"48,37 : 47.17"
"48,38 : 66.22"
"48,39 : 5.0"
"48,40 : 3.61"
"48,41 : 74.67"
"48,42 : 69.63"
"48,43 : 34.06"
"48,44 : 45.22"
"48,45 : 73.05"
"48,46 : 85.23"
"48,47 : 75.95"
"48,48 : 0.0"
"48,49 : 63.63"
"49,0 : 25.24"
"49,1 : 4.0"
"49,2 : 85.38"
"49,3 : 85.09"
"49,4 : 96.15"
"49,5 : 46.04"
"49,6 : 78.23"
"49,7 : 61.06"
"49,8 : 54.59"
"49,9 : 104.86"
"49,10 : 85.09"
"49,11 : 7.07"
"49,12 : 39.96"
"49,13 : 60.83"
"49,14 : 86.49"
"49,15 : 46.1"
"49,16 : 13.93"
"49,17 : 85.99"
"49,18 : 42.64"
"49,19 : 24.6"
"49,20 : 5.0"
"49,21 : 22.67"
"49,22 : 63.29"
"49,23 : 55.23"
"49,24 : 36.4"
"49,25 : 56.6"
"49,26 : 88.07"
"49,27 : 62.65"
"49,28 : 59.62"
"49,29 : 26.17"
"49,30 : 82.57"
"49,31 : 61.72"
"49,32 : 59.55"
"49,33 : 59.81"
"49,34 : 10.0"
"49,35 : 53.6"
"49,36 : 71.31"
"49,37 : 50.22"
"49,38 : 73.06"
"49,39 : 66.29"
"49,40 : 62.13"
"49,41 : 29.07"
"49,42 : 8.25"
"49,43 : 87.21"
"49,44 : 74.85"
"49,45 : 57.72"
"49,46 : 21.63"
"49,47 : 48.33"
"49,48 : 63.63"
"49,49 : 0.0"
