x,y
72,4
28,75
67,88
98,22
0,37
55,38
84,91
84,22
65,81
15,68
19,15
76,59
37,40
23,85
26,82
69,97
32,26
30,18
96,12
59,77
85,70
62,30
34,76
74,85
99,69
41,31
54,64
48,62
85,51
63,23
7,9
76,70
45,54
96,41
27,43
85,85
44,88
77,64
5,53
96,22
84,77
60,53
27,91
53,85
95,41
83,38
79,18
20,62
45,64
71,16

Distanze
"0,0 : 0.0"
"0,1 : 83.53"
"0,2 : 84.15"
"0,3 : 31.62"
"0,4 : 79.2"
"0,5 : 38.01"
"0,6 : 87.82"
"0,7 : 21.63"
"0,8 : 77.32"
"0,9 : 85.7"
"0,10 : 54.13"
"0,11 : 55.15"
"0,12 : 50.21"
"0,13 : 94.67"
"0,14 : 90.55"
"0,15 : 93.05"
"0,16 : 45.65"
"0,17 : 44.27"
"0,18 : 25.3"
"0,19 : 74.15"
"0,20 : 67.27"
"0,21 : 27.86"
"0,22 : 81.41"
"0,23 : 81.02"
"0,24 : 70.38"
"0,25 : 41.11"
"0,26 : 62.64"
"0,27 : 62.77"
"0,28 : 48.76"
"0,29 : 21.02"
"0,30 : 65.19"
"0,31 : 66.12"
"0,32 : 56.82"
"0,33 : 44.1"
"0,34 : 59.55"
"0,35 : 82.04"
"0,36 : 88.54"
"0,37 : 60.21"
"0,38 : 83.01"
"0,39 : 30.0"
"0,40 : 73.98"
"0,41 : 50.45"
"0,42 : 97.95"
"0,43 : 83.2"
"0,44 : 43.57"
"0,45 : 35.74"
"0,46 : 15.65"
"0,47 : 77.9"
"0,48 : 65.8"
"0,49 : 12.04"
"1,0 : 83.53"
"1,1 : 0.0"
"1,2 : 41.11"
"1,3 : 87.8"
"1,4 : 47.2"
"1,5 : 45.8"
"1,6 : 58.24"
"1,7 : 77.1"
"1,8 : 37.48"
"1,9 : 14.76"
"1,10 : 60.67"
"1,11 : 50.6"
"1,12 : 36.14"
"1,13 : 11.18"
"1,14 : 7.28"
"1,15 : 46.53"
"1,16 : 49.16"
"1,17 : 57.04"
"1,18 : 92.7"
"1,19 : 31.06"
"1,20 : 57.22"
"1,21 : 56.4"
"1,22 : 6.08"
"1,23 : 47.07"
"1,24 : 71.25"
"1,25 : 45.88"
"1,26 : 28.23"
"1,27 : 23.85"
"1,28 : 61.85"
"1,29 : 62.68"
"1,30 : 69.26"
"1,31 : 48.26"
"1,32 : 27.02"
"1,33 : 76.03"
"1,34 : 32.02"
"1,35 : 57.87"
"1,36 : 20.62"
"1,37 : 50.22"
"1,38 : 31.83"
"1,39 : 86.21"
"1,40 : 56.04"
"1,41 : 38.83"
"1,42 : 16.03"
"1,43 : 26.93"
"1,44 : 75.13"
"1,45 : 66.29"
"1,46 : 76.49"
"1,47 : 15.26"
"1,48 : 20.25"
"1,49 : 73.01"
"2,0 : 84.15"
"2,1 : 41.11"
"2,2 : 0.0"
"2,3 : 72.92"
"2,4 : 84.2"
"2,5 : 51.42"
"2,6 : 17.26"
"2,7 : 68.15"
"2,8 : 7.28"
"2,9 : 55.71"
"2,10 : 87.37"
"2,11 : 30.36"
"2,12 : 56.6"
"2,13 : 44.1"
"2,14 : 41.44"
"2,15 : 9.22"
"2,16 : 71.2"
"2,17 : 79.18"
"2,18 : 81.34"
"2,19 : 13.6"
"2,20 : 25.46"
"2,21 : 58.22"
"2,22 : 35.11"
"2,23 : 7.62"
"2,24 : 37.22"
"2,25 : 62.65"
"2,26 : 27.29"
"2,27 : 32.2"
"2,28 : 41.15"
"2,29 : 65.12"
"2,30 : 99.2"
"2,31 : 20.12"
"2,32 : 40.5"
"2,33 : 55.23"
"2,34 : 60.21"
"2,35 : 18.25"
"2,36 : 23.0"
"2,37 : 26.0"
"2,38 : 71.2"
"2,39 : 72.09"
"2,40 : 20.25"
"2,41 : 35.69"
"2,42 : 40.11"
"2,43 : 14.32"
"2,44 : 54.71"
"2,45 : 52.5"
"2,46 : 71.02"
"2,47 : 53.71"
"2,48 : 32.56"
"2,49 : 72.11"
"3,0 : 31.62"
"3,1 : 87.8"
"3,2 : 72.92"
"3,3 : 0.0"
"3,4 : 99.14"
"3,5 : 45.88"
"3,6 : 70.41"
"3,7 : 14.0"
"3,8 : 67.6"
"3,9 : 94.89"
"3,10 : 79.31"
"3,11 : 43.05"
"3,12 : 63.6"
"3,13 : 97.95"
"3,14 : 93.72"
"3,15 : 80.41"
"3,16 : 66.12"
"3,17 : 68.12"
"3,18 : 10.2"
"3,19 : 67.42"
"3,20 : 49.73"
"3,21 : 36.88"
"3,22 : 83.74"
"3,23 : 67.42"
"3,24 : 47.01"
"3,25 : 57.71"
"3,26 : 60.83"
"3,27 : 64.03"
"3,28 : 31.78"
"3,29 : 35.01"
"3,30 : 91.92"
"3,31 : 52.8"
"3,32 : 61.91"
"3,33 : 19.1"
"3,34 : 74.04"
"3,35 : 64.33"
"3,36 : 85.28"
"3,37 : 46.96"
"3,38 : 98.03"
"3,39 : 2.0"
"3,40 : 56.75"
"3,41 : 49.04"
"3,42 : 99.01"
"3,43 : 77.42"
"3,44 : 19.24"
"3,45 : 21.93"
"3,46 : 19.42"
"3,47 : 87.66"
"3,48 : 67.62"
"3,49 : 27.66"
"4,0 : 79.2"
"4,1 : 47.2"
"4,2 : 84.2"
"4,3 : 99.14"
"4,4 : 0.0"
"4,5 : 55.01"
"4,6 : 99.86"
"4,7 : 85.33"
"4,8 : 78.49"
"4,9 : 34.44"
"4,10 : 29.07"
"4,11 : 79.12"
"4,12 : 37.12"
"4,13 : 53.23"
"4,14 : 51.97"
"4,15 : 91.44"
"4,16 : 33.84"
"4,17 : 35.51"
"4,18 : 99.2"
"4,19 : 71.28"
"4,20 : 91.18"
"4,21 : 62.39"
"4,22 : 51.74"
"4,23 : 88.2"
"4,24 : 104.04"
"4,25 : 41.44"
"4,26 : 60.37"
"4,27 : 54.12"
"4,28 : 86.15"
"4,29 : 64.54"
"4,30 : 28.86"
"4,31 : 82.86"
"4,32 : 48.1"
"4,33 : 96.08"
"4,34 : 27.66"
"4,35 : 97.62"
"4,36 : 67.36"
"4,37 : 81.6"
"4,38 : 16.76"
"4,39 : 97.16"
"4,40 : 93.04"
"4,41 : 62.1"
"4,42 : 60.37"
"4,43 : 71.51"
"4,44 : 95.08"
"4,45 : 83.01"
"4,46 : 81.25"
"4,47 : 32.02"
"4,48 : 52.48"
"4,49 : 74.04"
"5,0 : 38.01"
"5,1 : 45.8"
"5,2 : 51.42"
"5,3 : 45.88"
"5,4 : 55.01"
"5,5 : 0.0"
"5,6 : 60.42"
"5,7 : 33.12"
"5,8 : 44.15"
"5,9 : 50.0"
"5,10 : 42.72"
"5,11 : 29.7"
"5,12 : 18.11"
"5,13 : 56.86"
"5,14 : 52.7"
"5,15 : 60.64"
"5,16 : 25.94"
"5,17 : 32.02"
"5,18 : 48.55"
"5,19 : 39.2"
"5,20 : 43.86"
"5,21 : 10.63"
"5,22 : 43.42"
"5,23 : 50.7"
"5,24 : 53.82"
"5,25 : 15.65"
"5,26 : 26.02"
"5,27 : 25.0"
"5,28 : 32.7"
"5,29 : 17.0"
"5,30 : 56.08"
"5,31 : 38.28"
"5,32 : 18.87"
"5,33 : 41.11"
"5,34 : 28.44"
"5,35 : 55.76"
"5,36 : 51.2"
"5,37 : 34.06"
"5,38 : 52.2"
"5,39 : 44.01"
"5,40 : 48.6"
"5,41 : 15.81"
"5,42 : 59.94"
"5,43 : 47.04"
"5,44 : 40.11"
"5,45 : 28.0"
"5,46 : 31.24"
"5,47 : 42.44"
"5,48 : 27.86"
"5,49 : 27.2"
"6,0 : 87.82"
"6,1 : 58.24"
"6,2 : 17.26"
"6,3 : 70.41"
"6,4 : 99.86"
"6,5 : 60.42"
"6,6 : 0.0"
"6,7 : 69.0"
"6,8 : 21.47"
"6,9 : 72.73"
"6,10 : 100.0"
"6,11 : 32.98"
"6,12 : 69.35"
"6,13 : 61.29"
"6,14 : 58.69"
"6,15 : 16.16"
"6,16 : 83.24"
"6,17 : 90.8"
"6,18 : 79.91"
"6,19 : 28.65"
"6,20 : 21.02"
"6,21 : 64.85"
"6,22 : 52.2"
"6,23 : 11.66"
"6,24 : 26.63"
"6,25 : 73.82"
"6,26 : 40.36"
"6,27 : 46.23"
"6,28 : 40.01"
"6,29 : 71.17"
"6,30 : 112.49"
"6,31 : 22.47"
"6,32 : 53.76"
"6,33 : 51.42"
"6,34 : 74.52"
"6,35 : 6.08"
"6,36 : 40.11"
"6,37 : 27.89"
"6,38 : 87.66"
"6,39 : 70.04"
"6,40 : 14.0"
"6,41 : 44.94"
"6,42 : 57.0"
"6,43 : 31.58"
"6,44 : 51.2"
"6,45 : 53.01"
"6,46 : 73.17"
"6,47 : 70.26"
"6,48 : 47.43"
"6,49 : 76.12"
"7,0 : 21.63"
"7,1 : 77.1"
"7,2 : 68.15"
"7,3 : 14.0"
"7,4 : 85.33"
"7,5 : 33.12"
"7,6 : 69.0"
"7,7 : 0.0"
"7,8 : 61.98"
"7,9 : 82.93"
"7,10 : 65.38"
"7,11 : 37.85"
"7,12 : 50.33"
"7,13 : 87.69"
"7,14 : 83.45"
"7,15 : 76.49"
"7,16 : 52.15"
"7,17 : 54.15"
"7,18 : 15.62"
"7,19 : 60.42"
"7,20 : 48.01"
"7,21 : 23.41"
"7,22 : 73.59"
"7,23 : 63.79"
"7,24 : 49.34"
"7,25 : 43.93"
"7,26 : 51.61"
"7,27 : 53.81"
"7,28 : 29.02"
"7,29 : 21.02"
"7,30 : 78.09"
"7,31 : 48.66"
"7,32 : 50.45"
"7,33 : 22.47"
"7,34 : 60.75"
"7,35 : 63.01"
"7,36 : 77.18"
"7,37 : 42.58"
"7,38 : 84.86"
"7,39 : 12.0"
"7,40 : 55.0"
"7,41 : 39.2"
"7,42 : 89.5"
"7,43 : 70.21"
"7,44 : 21.95"
"7,45 : 16.03"
"7,46 : 6.4"
"7,47 : 75.47"
"7,48 : 57.31"
"7,49 : 14.32"
"8,0 : 77.32"
"8,1 : 37.48"
"8,2 : 7.28"
"8,3 : 67.6"
"8,4 : 78.49"
"8,5 : 44.15"
"8,6 : 21.47"
"8,7 : 61.98"
"8,8 : 0.0"
"8,9 : 51.66"
"8,10 : 80.45"
"8,11 : 24.6"
"8,12 : 49.65"
"8,13 : 42.19"
"8,14 : 39.01"
"8,15 : 16.49"
"8,16 : 64.14"
"8,17 : 72.07"
"8,18 : 75.64"
"8,19 : 7.21"
"8,20 : 22.83"
"8,21 : 51.09"
"8,22 : 31.4"
"8,23 : 9.85"
"8,24 : 36.06"
"8,25 : 55.46"
"8,26 : 20.25"
"8,27 : 25.5"
"8,28 : 36.06"
"8,29 : 58.03"
"8,30 : 92.46"
"8,31 : 15.56"
"8,32 : 33.6"
"8,33 : 50.61"
"8,34 : 53.74"
"8,35 : 20.4"
"8,36 : 22.14"
"8,37 : 20.81"
"8,38 : 66.21"
"8,39 : 66.65"
"8,40 : 19.42"
"8,41 : 28.44"
"8,42 : 39.29"
"8,43 : 12.65"
"8,44 : 50.0"
"8,45 : 46.62"
"8,46 : 64.54"
"8,47 : 48.85"
"8,48 : 26.25"
"8,49 : 65.28"
"9,0 : 85.7"
"9,1 : 14.76"
"9,2 : 55.71"
"9,3 : 94.89"
"9,4 : 34.44"
"9,5 : 50.0"
"9,6 : 72.73"
"9,7 : 82.93"
"9,8 : 51.66"
"9,9 : 0.0"
"9,10 : 53.15"
"9,11 : 61.66"
"9,12 : 35.61"
"9,13 : 18.79"
"9,14 : 17.8"
"9,15 : 61.29"
"9,16 : 45.31"
"9,17 : 52.2"
"9,18 : 98.47"
"9,19 : 44.91"
"9,20 : 70.03"
"9,21 : 60.44"
"9,22 : 20.62"
"9,23 : 61.4"
"9,24 : 84.01"
"9,25 : 45.22"
"9,26 : 39.2"
"9,27 : 33.54"
"9,28 : 72.03"
"9,29 : 65.8"
"9,30 : 59.54"
"9,31 : 61.03"
"9,32 : 33.11"
"9,33 : 85.38"
"9,34 : 27.73"
"9,35 : 72.03"
"9,36 : 35.23"
"9,37 : 62.13"
"9,38 : 18.03"
"9,39 : 93.15"
"9,40 : 69.58"
"9,41 : 47.43"
"9,42 : 25.94"
"9,43 : 41.63"
"9,44 : 84.43"
"9,45 : 74.32"
"9,46 : 81.22"
"9,47 : 7.81"
"9,48 : 30.27"
"9,49 : 76.42"
"10,0 : 54.13"
"10,1 : 60.67"
"10,2 : 87.37"
"10,3 : 79.31"
"10,4 : 29.07"
"10,5 : 42.72"
"10,6 : 100.0"
"10,7 : 65.38"
"10,8 : 80.45"
"10,9 : 53.15"
"10,10 : 0.0"
"10,11 : 72.01"
"10,12 : 30.81"
"10,13 : 70.11"
"10,14 : 67.36"
"10,15 : 96.04"
"10,16 : 17.03"
"10,17 : 11.4"
"10,18 : 77.06"
"10,19 : 73.78"
"10,20 : 85.91"
"10,21 : 45.54"
"10,22 : 62.82"
"10,23 : 89.02"
"10,24 : 96.52"
"10,25 : 27.2"
"10,26 : 60.22"
"10,27 : 55.23"
"10,28 : 75.18"
"10,29 : 44.72"
"10,30 : 13.42"
"10,31 : 79.21"
"10,32 : 46.87"
"10,33 : 81.27"
"10,34 : 29.12"
"10,35 : 96.21"
"10,36 : 77.16"
"10,37 : 75.93"
"10,38 : 40.5"
"10,39 : 77.32"
"10,40 : 89.83"
"10,41 : 55.9"
"10,42 : 76.42"
"10,43 : 77.82"
"10,44 : 80.32"
"10,45 : 68.01"
"10,46 : 60.07"
"10,47 : 47.01"
"10,48 : 55.47"
"10,49 : 52.01"
"11,0 : 55.15"
"11,1 : 50.6"
"11,2 : 30.36"
"11,3 : 43.05"
"11,4 : 79.12"
"11,5 : 29.7"
"11,6 : 32.98"
"11,7 : 37.85"
"11,8 : 24.6"
"11,9 : 61.66"
"11,10 : 72.01"
"11,11 : 0.0"
"11,12 : 43.38"
"11,13 : 59.03"
"11,14 : 55.04"
"11,15 : 38.64"
"11,16 : 55.0"
"11,17 : 61.62"
"11,18 : 51.08"
"11,19 : 24.76"
"11,20 : 14.21"
"11,21 : 32.2"
"11,22 : 45.31"
"11,23 : 26.08"
"11,24 : 25.08"
"11,25 : 44.82"
"11,26 : 22.56"
"11,27 : 28.16"
"11,28 : 12.04"
"11,29 : 38.28"
"11,30 : 85.21"
"11,31 : 11.0"
"11,32 : 31.4"
"11,33 : 26.91"
"11,34 : 51.55"
"11,35 : 27.51"
"11,36 : 43.19"
"11,37 : 5.1"
"11,38 : 71.25"
"11,39 : 42.06"
"11,40 : 19.7"
"11,41 : 17.09"
"11,42 : 58.52"
"11,43 : 34.71"
"11,44 : 26.17"
"11,45 : 22.14"
"11,46 : 41.11"
"11,47 : 56.08"
"11,48 : 31.4"
"11,49 : 43.29"
"12,0 : 50.21"
"12,1 : 36.14"
"12,2 : 56.6"
"12,3 : 63.6"
"12,4 : 37.12"
"12,5 : 18.11"
"12,6 : 69.35"
"12,7 : 50.33"
"12,8 : 49.65"
"12,9 : 35.61"
"12,10 : 30.81"
"12,11 : 43.38"
"12,12 : 0.0"
"12,13 : 47.13"
"12,14 : 43.42"
"12,15 : 65.37"
"12,16 : 14.87"
"12,17 : 23.09"
"12,18 : 65.31"
"12,19 : 43.05"
"12,20 : 56.6"
"12,21 : 26.93"
"12,22 : 36.12"
"12,23 : 58.26"
"12,24 : 68.45"
"12,25 : 9.85"
"12,26 : 29.41"
"12,27 : 24.6"
"12,28 : 49.24"
"12,29 : 31.06"
"12,30 : 43.14"
"12,31 : 49.2"
"12,32 : 16.12"
"12,33 : 59.01"
"12,34 : 10.44"
"12,35 : 65.8"
"12,36 : 48.51"
"12,37 : 46.65"
"12,38 : 34.54"
"12,39 : 61.68"
"12,40 : 59.82"
"12,41 : 26.42"
"12,42 : 51.97"
"12,43 : 47.76"
"12,44 : 58.01"
"12,45 : 46.04"
"12,46 : 47.41"
"12,47 : 27.8"
"12,48 : 25.3"
"12,49 : 41.62"
"13,0 : 94.67"
"13,1 : 11.18"
"13,2 : 44.1"
"13,3 : 97.95"
"13,4 : 53.23"
"13,5 : 56.86"
"13,6 : 61.29"
"13,7 : 87.69"
"13,8 : 42.19"
"13,9 : 18.79"
"13,10 : 70.11"
"13,11 : 59.03"
"13,12 : 47.13"
"13,13 : 0.0"
"13,14 : 4.24"
"13,15 : 47.54"
"13,16 : 59.68"
"13,17 : 67.36"
"13,18 : 103.24"
"13,19 : 36.88"
"13,20 : 63.79"
"13,21 : 67.42"
"13,22 : 14.21"
"13,23 : 51.0"
"13,24 : 77.67"
"13,25 : 56.92"
"13,26 : 37.44"
"13,27 : 33.97"
"13,28 : 70.71"
"13,29 : 73.78"
"13,30 : 77.67"
"13,31 : 55.08"
"13,32 : 38.01"
"13,33 : 85.23"
"13,34 : 42.19"
"13,35 : 62.0"
"13,36 : 21.21"
"13,37 : 57.94"
"13,38 : 36.72"
"13,39 : 96.43"
"13,40 : 61.52"
"13,41 : 48.92"
"13,42 : 7.21"
"13,43 : 30.0"
"13,44 : 84.38"
"13,45 : 76.22"
"13,46 : 87.32"
"13,47 : 23.19"
"13,48 : 30.41"
"13,49 : 84.05"
"14,0 : 90.55"
"14,1 : 7.28"
"14,2 : 41.44"
"14,3 : 93.72"
"14,4 : 51.97"
"14,5 : 52.7"
"14,6 : 58.69"
"14,7 : 83.45"
"14,8 : 39.01"
"14,9 : 17.8"
"14,10 : 67.36"
"14,11 : 55.04"
"14,12 : 43.42"
"14,13 : 4.24"
"14,14 : 0.0"
"14,15 : 45.54"
"14,16 : 56.32"
"14,17 : 64.12"
"14,18 : 98.99"
"14,19 : 33.38"
"14,20 : 60.21"
"14,21 : 63.25"
"14,22 : 10.0"
"14,23 : 48.09"
"14,24 : 74.15"
"14,25 : 53.16"
"14,26 : 33.29"
"14,27 : 29.73"
"14,28 : 66.65"
"14,29 : 69.64"
"14,30 : 75.43"
"14,31 : 51.42"
"14,32 : 33.84"
"14,33 : 81.12"
"14,34 : 39.01"
"14,35 : 59.08"
"14,36 : 18.97"
"14,37 : 54.08"
"14,38 : 35.81"
"14,39 : 92.2"
"14,40 : 58.22"
"14,41 : 44.69"
"14,42 : 9.06"
"14,43 : 27.17"
"14,44 : 80.26"
"14,45 : 72.01"
"14,46 : 83.1"
"14,47 : 20.88"
"14,48 : 26.17"
"14,49 : 79.88"
"15,0 : 93.05"
"15,1 : 46.53"
"15,2 : 9.22"
"15,3 : 80.41"
"15,4 : 91.44"
"15,5 : 60.64"
"15,6 : 16.16"
"15,7 : 76.49"
"15,8 : 16.49"
"15,9 : 61.29"
"15,10 : 96.04"
"15,11 : 38.64"
"15,12 : 65.37"
"15,13 : 47.54"
"15,14 : 45.54"
"15,15 : 0.0"
"15,16 : 80.06"
"15,17 : 88.1"
"15,18 : 89.19"
"15,19 : 22.36"
"15,20 : 31.38"
"15,21 : 67.36"
"15,22 : 40.82"
"15,23 : 13.0"
"15,24 : 41.04"
"15,25 : 71.69"
"15,26 : 36.25"
"15,27 : 40.82"
"15,28 : 48.7"
"15,29 : 74.24"
"15,30 : 107.65"
"15,31 : 27.89"
"15,32 : 49.24"
"15,33 : 62.17"
"15,34 : 68.41"
"15,35 : 20.0"
"15,36 : 26.57"
"15,37 : 33.96"
"15,38 : 77.67"
"15,39 : 79.71"
"15,40 : 25.0"
"15,41 : 44.91"
"15,42 : 42.43"
"15,43 : 20.0"
"15,44 : 61.74"
"15,45 : 60.64"
"15,46 : 79.63"
"15,47 : 60.22"
"15,48 : 40.8"
"15,49 : 81.02"
"16,0 : 45.65"
"16,1 : 49.16"
"16,2 : 71.2"
"16,3 : 66.12"
"16,4 : 33.84"
"16,5 : 25.94"
"16,6 : 83.24"
"16,7 : 52.15"
"16,8 : 64.14"
"16,9 : 45.31"
"16,10 : 17.03"
"16,11 : 55.0"
"16,12 : 14.87"
"16,13 : 59.68"
"16,14 : 56.32"
"16,15 : 80.06"
"16,16 : 0.0"
"16,17 : 8.25"
"16,18 : 65.51"
"16,19 : 57.71"
"16,20 : 68.88"
"16,21 : 30.27"
"16,22 : 50.04"
"16,23 : 72.42"
"16,24 : 79.61"
"16,25 : 10.3"
"16,26 : 43.91"
"16,27 : 39.4"
"16,28 : 58.6"
"16,29 : 31.14"
"16,30 : 30.23"
"16,31 : 62.23"
"16,32 : 30.87"
"16,33 : 65.73"
"16,34 : 17.72"
"16,35 : 79.31"
"16,36 : 63.15"
"16,37 : 58.9"
"16,38 : 38.18"
"16,39 : 64.12"
"16,40 : 72.84"
"16,41 : 38.9"
"16,42 : 65.19"
"16,43 : 62.63"
"16,44 : 64.76"
"16,45 : 52.39"
"16,46 : 47.68"
"16,47 : 37.95"
"16,48 : 40.16"
"16,49 : 40.26"
"17,0 : 44.27"
"17,1 : 57.04"
"17,2 : 79.18"
"17,3 : 68.12"
"17,4 : 35.51"
"17,5 : 32.02"
"17,6 : 90.8"
"17,7 : 54.15"
"17,8 : 72.07"
"17,9 : 52.2"
"17,10 : 11.4"
"17,11 : 61.62"
"17,12 : 23.09"
"17,13 : 67.36"
"17,14 : 64.12"
"17,15 : 88.1"
"17,16 : 8.25"
"17,17 : 0.0"
"17,18 : 66.27"
"17,19 : 65.74"
"17,20 : 75.69"
"17,21 : 34.18"
"17,22 : 58.14"
"17,23 : 80.16"
"17,24 : 85.8"
"17,25 : 17.03"
"17,26 : 51.88"
"17,27 : 47.54"
"17,28 : 64.14"
"17,29 : 33.38"
"17,30 : 24.7"
"17,31 : 69.43"
"17,32 : 39.0"
"17,33 : 69.89"
"17,34 : 25.18"
"17,35 : 86.68"
"17,36 : 71.39"
"17,37 : 65.76"
"17,38 : 43.01"
"17,39 : 66.12"
"17,40 : 79.98"
"17,41 : 46.1"
"17,42 : 73.06"
"17,43 : 70.84"
"17,44 : 68.95"
"17,45 : 56.65"
"17,46 : 49.0"
"17,47 : 45.12"
"17,48 : 48.38"
"17,49 : 41.05"
"18,0 : 25.3"
"18,1 : 92.7"
"18,2 : 81.34"
"18,3 : 10.2"
"18,4 : 99.2"
"18,5 : 48.55"
"18,6 : 79.91"
"18,7 : 15.62"
"18,8 : 75.64"
"18,9 : 98.47"
"18,10 : 77.06"
"18,11 : 51.08"
"18,12 : 65.31"
"18,13 : 103.24"
"18,14 : 98.99"
"18,15 : 89.19"
"18,16 : 65.51"
"18,17 : 66.27"
"18,18 : 0.0"
"18,19 : 74.79"
"18,20 : 59.03"
"18,21 : 38.47"
"18,22 : 89.11"
"18,23 : 76.24"
"18,24 : 57.08"
"18,25 : 58.19"
"18,26 : 66.84"
"18,27 : 69.31"
"18,28 : 40.52"
"18,29 : 34.79"
"18,30 : 89.05"
"18,31 : 61.35"
"18,32 : 66.07"
"18,33 : 29.0"
"18,34 : 75.64"
"18,35 : 73.82"
"18,36 : 92.09"
"18,37 : 55.36"
"18,38 : 99.81"
"18,39 : 10.0"
"18,40 : 66.1"
"18,41 : 54.56"
"18,42 : 104.89"
"18,43 : 84.72"
"18,44 : 29.02"
"18,45 : 29.07"
"18,46 : 18.03"
"18,47 : 90.97"
"18,48 : 72.84"
"18,49 : 25.32"
"19,0 : 74.15"
"19,1 : 31.06"
"19,2 : 13.6"
"19,3 : 67.42"
"19,4 : 71.28"
"19,5 : 39.2"
"19,6 : 28.65"
"19,7 : 60.42"
"19,8 : 7.21"
"19,9 : 44.91"
"19,10 : 73.78"
"19,11 : 24.76"
"19,12 : 43.05"
"19,13 : 36.88"
"19,14 : 33.38"
"19,15 : 22.36"
"19,16 : 57.71"
"19,17 : 65.74"
"19,18 : 74.79"
"19,19 : 0.0"
"19,20 : 26.93"
"19,21 : 47.1"
"19,22 : 25.02"
"19,23 : 17.0"
"19,24 : 40.79"
"19,25 : 49.4"
"19,26 : 13.93"
"19,27 : 18.6"
"19,28 : 36.77"
"19,29 : 54.15"
"19,30 : 85.6"
"19,31 : 18.38"
"19,32 : 26.93"
"19,33 : 51.62"
"19,34 : 46.69"
"19,35 : 27.2"
"19,36 : 18.6"
"19,37 : 22.2"
"19,38 : 59.09"
"19,39 : 66.29"
"19,40 : 25.0"
"19,41 : 24.02"
"19,42 : 34.93"
"19,43 : 10.0"
"19,44 : 50.91"
"19,45 : 45.79"
"19,46 : 62.3"
"19,47 : 41.79"
"19,48 : 19.1"
"19,49 : 62.17"
"20,0 : 67.27"
"20,1 : 57.22"
"20,2 : 25.46"
"20,3 : 49.73"
"20,4 : 91.18"
"20,5 : 43.86"
"20,6 : 21.02"
"20,7 : 48.01"
"20,8 : 22.83"
"20,9 : 70.03"
"20,10 : 85.91"
"20,11 : 14.21"
"20,12 : 56.6"
"20,13 : 63.79"
"20,14 : 60.21"
"20,15 : 31.38"
"20,16 : 68.88"
"20,17 : 75.69"
"20,18 : 59.03"
"20,19 : 26.93"
"20,20 : 0.0"
"20,21 : 46.14"
"20,22 : 51.35"
"20,23 : 18.6"
"20,24 : 14.04"
"20,25 : 58.8"
"20,26 : 31.58"
"20,27 : 37.85"
"20,28 : 19.0"
"20,29 : 51.89"
"20,30 : 99.02"
"20,31 : 9.0"
"20,32 : 43.08"
"20,33 : 31.02"
"20,34 : 63.98"
"20,35 : 15.0"
"20,36 : 44.78"
"20,37 : 10.0"
"20,38 : 81.79"
"20,39 : 49.24"
"20,40 : 7.07"
"20,41 : 30.23"
"20,42 : 61.68"
"20,43 : 35.34"
"20,44 : 30.68"
"20,45 : 32.06"
"20,46 : 52.35"
"20,47 : 65.49"
"20,48 : 40.45"
"20,49 : 55.79"
"21,0 : 27.86"
"21,1 : 56.4"
"21,2 : 58.22"
"21,3 : 36.88"
"21,4 : 62.39"
"21,5 : 10.63"
"21,6 : 64.85"
"21,7 : 23.41"
"21,8 : 51.09"
"21,9 : 60.44"
"21,10 : 45.54"
"21,11 : 32.2"
"21,12 : 26.93"
"21,13 : 67.42"
"21,14 : 63.25"
"21,15 : 67.36"
"21,16 : 30.27"
"21,17 : 34.18"
"21,18 : 38.47"
"21,19 : 47.1"
"21,20 : 46.14"
"21,21 : 0.0"
"21,22 : 53.85"
"21,23 : 56.29"
"21,24 : 53.76"
"21,25 : 21.02"
"21,26 : 34.93"
"21,27 : 34.93"
"21,28 : 31.14"
"21,29 : 7.07"
"21,30 : 58.87"
"21,31 : 42.38"
"21,32 : 29.41"
"21,33 : 35.74"
"21,34 : 37.34"
"21,35 : 59.62"
"21,36 : 60.73"
"21,37 : 37.16"
"21,38 : 61.47"
"21,39 : 34.93"
"21,40 : 51.89"
"21,41 : 23.09"
"21,42 : 70.33"
"21,43 : 55.73"
"21,44 : 34.79"
"21,45 : 22.47"
"21,46 : 20.81"
"21,47 : 52.8"
"21,48 : 38.01"
"21,49 : 16.64"
"22,0 : 81.41"
"22,1 : 6.08"
"22,2 : 35.11"
"22,3 : 83.74"
"22,4 : 51.74"
"22,5 : 43.42"
"22,6 : 52.2"
"22,7 : 73.59"
"22,8 : 31.4"
"22,9 : 20.62"
"22,10 : 62.82"
"22,11 : 45.31"
"22,12 : 36.12"
"22,13 : 14.21"
"22,14 : 10.0"
"22,15 : 40.82"
"22,16 : 50.04"
"22,17 : 58.14"
"22,18 : 89.11"
"22,19 : 25.02"
"22,20 : 51.35"
"22,21 : 53.85"
"22,22 : 0.0"
"22,23 : 41.0"
"22,24 : 65.38"
"22,25 : 45.54"
"22,26 : 23.32"
"22,27 : 19.8"
"22,28 : 56.8"
"22,29 : 60.42"
"22,30 : 72.24"
"22,31 : 42.43"
"22,32 : 24.6"
"22,33 : 71.2"
"22,34 : 33.73"
"22,35 : 51.79"
"22,36 : 15.62"
"22,37 : 44.64"
"22,38 : 37.01"
"22,39 : 82.22"
"22,40 : 50.01"
"22,41 : 34.71"
"22,42 : 16.55"
"22,43 : 21.02"
"22,44 : 70.33"
"22,45 : 62.01"
"22,46 : 73.41"
"22,47 : 19.8"
"22,48 : 16.28"
"22,49 : 70.49"
"23,0 : 81.02"
"23,1 : 47.07"
"23,2 : 7.62"
"23,3 : 67.42"
"23,4 : 88.2"
"23,5 : 50.7"
"23,6 : 11.66"
"23,7 : 63.79"
"23,8 : 9.85"
"23,9 : 61.4"
"23,10 : 89.02"
"23,11 : 26.08"
"23,12 : 58.26"
"23,13 : 51.0"
"23,14 : 48.09"
"23,15 : 13.0"
"23,16 : 72.42"
"23,17 : 80.16"
"23,18 : 76.24"
"23,19 : 17.0"
"23,20 : 18.6"
"23,21 : 56.29"
"23,22 : 41.0"
"23,23 : 0.0"
"23,24 : 29.68"
"23,25 : 63.29"
"23,26 : 29.0"
"23,27 : 34.71"
"23,28 : 35.74"
"23,29 : 62.97"
"23,30 : 101.32"
"23,31 : 15.13"
"23,32 : 42.45"
"23,33 : 49.19"
"23,34 : 63.03"
"23,35 : 11.0"
"23,36 : 30.15"
"23,37 : 21.21"
"23,38 : 76.06"
"23,39 : 66.73"
"23,40 : 12.81"
"23,41 : 34.93"
"23,42 : 47.38"
"23,43 : 21.0"
"23,44 : 48.75"
"23,45 : 47.85"
"23,46 : 67.19"
"23,47 : 58.69"
"23,48 : 35.81"
"23,49 : 69.07"
"24,0 : 70.38"
"24,1 : 71.25"
"24,2 : 37.22"
"24,3 : 47.01"
"24,4 : 104.04"
"24,5 : 53.82"
"24,6 : 26.63"
"24,7 : 49.34"
"24,8 : 36.06"
"24,9 : 84.01"
"24,10 : 96.52"
"24,11 : 25.08"
"24,12 : 68.45"
"24,13 : 77.67"
"24,14 : 74.15"
"24,15 : 41.04"
"24,16 : 79.61"
"24,17 : 85.8"
"24,18 : 57.08"
"24,19 : 40.79"
"24,20 : 14.04"
"24,21 : 53.76"
"24,22 : 65.38"
"24,23 : 29.68"
"24,24 : 0.0"
"24,25 : 69.34"
"24,26 : 45.28"
"24,27 : 51.48"
"24,28 : 22.8"
"24,29 : 58.41"
"24,30 : 109.84"
"24,31 : 23.02"
"24,32 : 56.04"
"24,33 : 28.16"
"24,34 : 76.55"
"24,35 : 21.26"
"24,36 : 58.19"
"24,37 : 22.56"
"24,38 : 95.35"
"24,39 : 47.1"
"24,40 : 17.0"
"24,41 : 42.15"
"24,42 : 75.29"
"24,43 : 48.7"
"24,44 : 28.28"
"24,45 : 34.89"
"24,46 : 54.78"
"24,47 : 79.31"
"24,48 : 54.23"
"24,49 : 59.94"
"25,0 : 41.11"
"25,1 : 45.88"
"25,2 : 62.65"
"25,3 : 57.71"
"25,4 : 41.44"
"25,5 : 15.65"
"25,6 : 73.82"
"25,7 : 43.93"
"25,8 : 55.46"
"25,9 : 45.22"
"25,10 : 27.2"
"25,11 : 44.82"
"25,12 : 9.85"
"25,13 : 56.92"
"25,14 : 53.16"
"25,15 : 71.69"
"25,16 : 10.3"
"25,17 : 17.03"
"25,18 : 58.19"
"25,19 : 49.4"
"25,20 : 58.8"
"25,21 : 21.02"
"25,22 : 45.54"
"25,23 : 63.29"
"25,24 : 69.34"
"25,25 : 0.0"
"25,26 : 35.47"
"25,27 : 31.78"
"25,28 : 48.33"
"25,29 : 23.41"
"25,30 : 40.5"
"25,31 : 52.4"
"25,32 : 23.35"
"25,33 : 55.9"
"25,34 : 18.44"
"25,35 : 69.66"
"25,36 : 57.08"
"25,37 : 48.84"
"25,38 : 42.19"
"25,39 : 55.73"
"25,40 : 62.97"
"25,41 : 29.07"
"25,42 : 61.61"
"25,43 : 55.32"
"25,44 : 54.92"
"25,45 : 42.58"
"25,46 : 40.16"
"25,47 : 37.44"
"25,48 : 33.24"
"25,49 : 33.54"
"26,0 : 62.64"
"26,1 : 28.23"
"26,2 : 27.29"
"26,3 : 60.83"
"26,4 : 60.37"
"26,5 : 26.02"
"26,6 : 40.36"
"26,7 : 51.61"
"26,8 : 20.25"
"26,9 : 39.2"
"26,10 : 60.22"
"26,11 : 22.56"
"26,12 : 29.41"
"26,13 : 37.44"
"26,14 : 33.29"
"26,15 : 36.25"
"26,16 : 43.91"
"26,17 : 51.88"
"26,18 : 66.84"
"26,19 : 13.93"
"26,20 : 31.58"
"26,21 : 34.93"
"26,22 : 23.32"
"26,23 : 29.0"
"26,24 : 45.28"
"26,25 : 35.47"
"26,26 : 0.0"
"26,27 : 6.32"
"26,28 : 33.62"
"26,29 : 41.98"
"26,30 : 72.35"
"26,31 : 22.8"
"26,32 : 13.45"
"26,33 : 47.89"
"26,34 : 34.21"
"26,35 : 37.44"
"26,36 : 26.0"
"26,37 : 23.0"
"26,38 : 50.22"
"26,39 : 59.4"
"26,40 : 32.7"
"26,41 : 12.53"
"26,42 : 38.18"
"26,43 : 21.02"
"26,44 : 47.01"
"26,45 : 38.95"
"26,46 : 52.35"
"26,47 : 34.06"
"26,48 : 9.0"
"26,49 : 50.92"
"27,0 : 62.77"
"27,1 : 23.85"
"27,2 : 32.2"
"27,3 : 64.03"
"27,4 : 54.12"
"27,5 : 25.0"
"27,6 : 46.23"
"27,7 : 53.81"
"27,8 : 25.5"
"27,9 : 33.54"
"27,10 : 55.23"
"27,11 : 28.16"
"27,12 : 24.6"
"27,13 : 33.97"
"27,14 : 29.73"
"27,15 : 40.82"
"27,16 : 39.4"
"27,17 : 47.54"
"27,18 : 69.31"
"27,19 : 18.6"
"27,20 : 37.85"
"27,21 : 34.93"
"27,22 : 19.8"
"27,23 : 34.71"
"27,24 : 51.48"
"27,25 : 31.78"
"27,26 : 6.32"
"27,27 : 0.0"
"27,28 : 38.6"
"27,29 : 41.79"
"27,30 : 67.01"
"27,31 : 29.12"
"27,32 : 8.54"
"27,33 : 52.39"
"27,34 : 28.32"
"27,35 : 43.57"
"27,36 : 26.31"
"27,37 : 29.07"
"27,38 : 43.93"
"27,39 : 62.48"
"27,40 : 39.0"
"27,41 : 15.0"
"27,42 : 35.81"
"27,43 : 23.54"
"27,44 : 51.48"
"27,45 : 42.44"
"27,46 : 53.82"
"27,47 : 28.0"
"27,48 : 3.61"
"27,49 : 51.43"
"28,0 : 48.76"
"28,1 : 61.85"
"28,2 : 41.15"
"28,3 : 31.78"
"28,4 : 86.15"
"28,5 : 32.7"
"28,6 : 40.01"
"28,7 : 29.02"
"28,8 : 36.06"
"28,9 : 72.03"
"28,10 : 75.18"
"28,11 : 12.04"
"28,12 : 49.24"
"28,13 : 70.71"
"28,14 : 66.65"
"28,15 : 48.7"
"28,16 : 58.6"
"28,17 : 64.14"
"28,18 : 40.52"
"28,19 : 36.77"
"28,20 : 19.0"
"28,21 : 31.14"
"28,22 : 56.8"
"28,23 : 35.74"
"28,24 : 22.8"
"28,25 : 48.33"
"28,26 : 33.62"
"28,27 : 38.6"
"28,28 : 0.0"
"28,29 : 35.61"
"28,30 : 88.59"
"28,31 : 21.02"
"28,32 : 40.11"
"28,33 : 14.87"
"28,34 : 58.55"
"28,35 : 34.0"
"28,36 : 55.23"
"28,37 : 15.26"
"28,38 : 80.02"
"28,39 : 31.02"
"28,40 : 26.02"
"28,41 : 25.08"
"28,42 : 70.46"
"28,43 : 46.69"
"28,44 : 14.14"
"28,45 : 13.15"
"28,46 : 33.54"
"28,47 : 65.92"
"28,48 : 42.06"
"28,49 : 37.7"
"29,0 : 21.02"
"29,1 : 62.68"
"29,2 : 65.12"
"29,3 : 35.01"
"29,4 : 64.54"
"29,5 : 17.0"
"29,6 : 71.17"
"29,7 : 21.02"
"29,8 : 58.03"
"29,9 : 65.8"
"29,10 : 44.72"
"29,11 : 38.28"
"29,12 : 31.06"
"29,13 : 73.78"
"29,14 : 69.64"
"29,15 : 74.24"
"29,16 : 31.14"
"29,17 : 33.38"
"29,18 : 34.79"
"29,19 : 54.15"
"29,20 : 51.89"
"29,21 : 7.07"
"29,22 : 60.42"
"29,23 : 62.97"
"29,24 : 58.41"
"29,25 : 23.41"
"29,26 : 41.98"
"29,27 : 41.79"
"29,28 : 35.61"
"29,29 : 0.0"
"29,30 : 57.72"
"29,31 : 48.76"
"29,32 : 35.85"
"29,33 : 37.59"
"29,34 : 41.18"
"29,35 : 65.79"
"29,36 : 67.72"
"29,37 : 43.32"
"29,38 : 65.3"
"29,39 : 33.02"
"29,40 : 57.94"
"29,41 : 30.15"
"29,42 : 76.94"
"29,43 : 62.8"
"29,44 : 36.72"
"29,45 : 25.0"
"29,46 : 16.76"
"29,47 : 58.05"
"29,48 : 44.78"
"29,49 : 10.63"
"30,0 : 65.19"
"30,1 : 69.26"
"30,2 : 99.2"
"30,3 : 91.92"
"30,4 : 28.86"
"30,5 : 56.08"
"30,6 : 112.49"
"30,7 : 78.09"
"30,8 : 92.46"
"30,9 : 59.54"
"30,10 : 13.42"
"30,11 : 85.21"
"30,12 : 43.14"
"30,13 : 77.67"
"30,14 : 75.43"
"30,15 : 107.65"
"30,16 : 30.23"
"30,17 : 24.7"
"30,18 : 89.05"
"30,19 : 85.6"
"30,20 : 99.02"
"30,21 : 58.87"
"30,22 : 72.24"
"30,23 : 101.32"
"30,24 : 109.84"
"30,25 : 40.5"
"30,26 : 72.35"
"30,27 : 67.01"
"30,28 : 88.59"
"30,29 : 57.72"
"30,30 : 0.0"
"30,31 : 92.1"
"30,32 : 58.9"
"30,33 : 94.58"
"30,34 : 39.45"
"30,35 : 108.9"
"30,36 : 87.24"
"30,37 : 89.02"
"30,38 : 44.05"
"30,39 : 89.94"
"30,40 : 102.73"
"30,41 : 68.88"
"30,42 : 84.4"
"30,43 : 88.84"
"30,44 : 93.64"
"30,45 : 81.34"
"30,46 : 72.56"
"30,47 : 54.57"
"30,48 : 66.85"
"30,49 : 64.38"
"31,0 : 66.12"
"31,1 : 48.26"
"31,2 : 20.12"
"31,3 : 52.8"
"31,4 : 82.86"
"31,5 : 38.28"
"31,6 : 22.47"
"31,7 : 48.66"
"31,8 : 15.56"
"31,9 : 61.03"
"31,10 : 79.21"
"31,11 : 11.0"
"31,12 : 49.2"
"31,13 : 55.08"
"31,14 : 51.42"
"31,15 : 27.89"
"31,16 : 62.23"
"31,17 : 69.43"
"31,18 : 61.35"
"31,19 : 18.38"
"31,20 : 9.0"
"31,21 : 42.38"
"31,22 : 42.43"
"31,23 : 15.13"
"31,24 : 23.02"
"31,25 : 52.4"
"31,26 : 22.8"
"31,27 : 29.12"
"31,28 : 21.02"
"31,29 : 48.76"
"31,30 : 92.1"
"31,31 : 0.0"
"31,32 : 34.89"
"31,33 : 35.23"
"31,34 : 55.95"
"31,35 : 17.49"
"31,36 : 36.72"
"31,37 : 6.08"
"31,38 : 73.01"
"31,39 : 52.0"
"31,40 : 10.63"
"31,41 : 23.35"
"31,42 : 53.31"
"31,43 : 27.46"
"31,44 : 34.67"
"31,45 : 32.76"
"31,46 : 52.09"
"31,47 : 56.57"
"31,48 : 31.58"
"31,49 : 54.23"
"32,0 : 56.82"
"32,1 : 27.02"
"32,2 : 40.5"
"32,3 : 61.91"
"32,4 : 48.1"
"32,5 : 18.87"
"32,6 : 53.76"
"32,7 : 50.45"
"32,8 : 33.6"
"32,9 : 33.11"
"32,10 : 46.87"
"32,11 : 31.4"
"32,12 : 16.12"
"32,13 : 38.01"
"32,14 : 33.84"
"32,15 : 49.24"
"32,16 : 30.87"
"32,17 : 39.0"
"32,18 : 66.07"
"32,19 : 26.93"
"32,20 : 43.08"
"32,21 : 29.41"
"32,22 : 24.6"
"32,23 : 42.45"
"32,24 : 56.04"
"32,25 : 23.35"
"32,26 : 13.45"
"32,27 : 8.54"
"32,28 : 40.11"
"32,29 : 35.85"
"32,30 : 58.9"
"32,31 : 34.89"
"32,32 : 0.0"
"32,33 : 52.63"
"32,34 : 21.1"
"32,35 : 50.61"
"32,36 : 34.01"
"32,37 : 33.53"
"32,38 : 40.01"
"32,39 : 60.21"
"32,40 : 45.28"
"32,41 : 15.03"
"32,42 : 41.15"
"32,43 : 32.02"
"32,44 : 51.66"
"32,45 : 41.23"
"32,46 : 49.52"
"32,47 : 26.25"
"32,48 : 10.0"
"32,49 : 46.04"
"33,0 : 44.1"
"33,1 : 76.03"
"33,2 : 55.23"
"33,3 : 19.1"
"33,4 : 96.08"
"33,5 : 41.11"
"33,6 : 51.42"
"33,7 : 22.47"
"33,8 : 50.61"
"33,9 : 85.38"
"33,10 : 81.27"
"33,11 : 26.91"
"33,12 : 59.01"
"33,13 : 85.23"
"33,14 : 81.12"
"33,15 : 62.17"
"33,16 : 65.73"
"33,17 : 69.89"
"33,18 : 29.0"
"33,19 : 51.62"
"33,20 : 31.02"
"33,21 : 35.74"
"33,22 : 71.2"
"33,23 : 49.19"
"33,24 : 28.16"
"33,25 : 55.9"
"33,26 : 47.89"
"33,27 : 52.39"
"33,28 : 14.87"
"33,29 : 37.59"
"33,30 : 94.58"
"33,31 : 35.23"
"33,32 : 52.63"
"33,33 : 0.0"
"33,34 : 69.03"
"33,35 : 45.35"
"33,36 : 70.09"
"33,37 : 29.83"
"33,38 : 91.79"
"33,39 : 19.0"
"33,40 : 37.95"
"33,41 : 37.95"
"33,42 : 85.21"
"33,43 : 61.52"
"33,44 : 1.0"
"33,45 : 13.34"
"33,46 : 28.6"
"33,47 : 78.85"
"33,48 : 55.95"
"33,49 : 35.36"
"34,0 : 59.55"
"34,1 : 32.02"
"34,2 : 60.21"
"34,3 : 74.04"
"34,4 : 27.66"
"34,5 : 28.44"
"34,6 : 74.52"
"34,7 : 60.75"
"34,8 : 53.74"
"34,9 : 27.73"
"34,10 : 29.12"
"34,11 : 51.55"
"34,12 : 10.44"
"34,13 : 42.19"
"34,14 : 39.01"
"34,15 : 68.41"
"34,16 : 17.72"
"34,17 : 25.18"
"34,18 : 75.64"
"34,19 : 46.69"
"34,20 : 63.98"
"34,21 : 37.34"
"34,22 : 33.73"
"34,23 : 63.03"
"34,24 : 76.55"
"34,25 : 18.44"
"34,26 : 34.21"
"34,27 : 28.32"
"34,28 : 58.55"
"34,29 : 41.18"
"34,30 : 39.45"
"34,31 : 55.95"
"34,32 : 21.1"
"34,33 : 69.03"
"34,34 : 0.0"
"34,35 : 71.61"
"34,36 : 48.1"
"34,37 : 54.23"
"34,38 : 24.17"
"34,39 : 72.12"
"34,40 : 66.37"
"34,41 : 34.48"
"34,42 : 48.0"
"34,43 : 49.4"
"34,44 : 68.03"
"34,45 : 56.22"
"34,46 : 57.7"
"34,47 : 20.25"
"34,48 : 27.66"
"34,49 : 51.62"
"35,0 : 82.04"
"35,1 : 57.87"
"35,2 : 18.25"
"35,3 : 64.33"
"35,4 : 97.62"
"35,5 : 55.76"
"35,6 : 6.08"
"35,7 : 63.01"
"35,8 : 20.4"
"35,9 : 72.03"
"35,10 : 96.21"
"35,11 : 27.51"
"35,12 : 65.8"
"35,13 : 62.0"
"35,14 : 59.08"
"35,15 : 20.0"
"35,16 : 79.31"
"35,17 : 86.68"
"35,18 : 73.82"
"35,19 : 27.2"
"35,20 : 15.0"
"35,21 : 59.62"
"35,22 : 51.79"
"35,23 : 11.0"
"35,24 : 21.26"
"35,25 : 69.66"
"35,26 : 37.44"
"35,27 : 43.57"
"35,28 : 34.0"
"35,29 : 65.79"
"35,30 : 108.9"
"35,31 : 17.49"
"35,32 : 50.61"
"35,33 : 45.35"
"35,34 : 71.61"
"35,35 : 0.0"
"35,36 : 41.11"
"35,37 : 22.47"
"35,38 : 86.16"
"35,39 : 63.95"
"35,40 : 8.06"
"35,41 : 40.61"
"35,42 : 58.31"
"35,43 : 32.0"
"35,44 : 45.12"
"35,45 : 47.04"
"35,46 : 67.27"
"35,47 : 68.95"
"35,48 : 45.18"
"35,49 : 70.41"
"36,0 : 88.54"
"36,1 : 20.62"
"36,2 : 23.0"
"36,3 : 85.28"
"36,4 : 67.36"
"36,5 : 51.2"
"36,6 : 40.11"
"36,7 : 77.18"
"36,8 : 22.14"
"36,9 : 35.23"
"36,10 : 77.16"
"36,11 : 43.19"
"36,12 : 48.51"
"36,13 : 21.21"
"36,14 : 18.97"
"36,15 : 26.57"
"36,16 : 63.15"
"36,17 : 71.39"
"36,18 : 92.09"
"36,19 : 18.6"
"36,20 : 44.78"
"36,21 : 60.73"
"36,22 : 15.62"
"36,23 : 30.15"
"36,24 : 58.19"
"36,25 : 57.08"
"36,26 : 26.0"
"36,27 : 26.31"
"36,28 : 55.23"
"36,29 : 67.72"
"36,30 : 87.24"
"36,31 : 36.72"
"36,32 : 34.01"
"36,33 : 70.09"
"36,34 : 48.1"
"36,35 : 41.11"
"36,36 : 0.0"
"36,37 : 40.8"
"36,38 : 52.4"
"36,39 : 84.02"
"36,40 : 41.48"
"36,41 : 38.48"
"36,42 : 17.26"
"36,43 : 9.49"
"36,44 : 69.35"
"36,45 : 63.41"
"36,46 : 78.26"
"36,47 : 35.38"
"36,48 : 24.02"
"36,49 : 76.9"
"37,0 : 60.21"
"37,1 : 50.22"
"37,2 : 26.0"
"37,3 : 46.96"
"37,4 : 81.6"
"37,5 : 34.06"
"37,6 : 27.89"
"37,7 : 42.58"
"37,8 : 20.81"
"37,9 : 62.13"
"37,10 : 75.93"
"37,11 : 5.1"
"37,12 : 46.65"
"37,13 : 57.94"
"37,14 : 54.08"
"37,15 : 33.96"
"37,16 : 58.9"
"37,17 : 65.76"
"37,18 : 55.36"
"37,19 : 22.2"
"37,20 : 10.0"
"37,21 : 37.16"
"37,22 : 44.64"
"37,23 : 21.21"
"37,24 : 22.56"
"37,25 : 48.84"
"37,26 : 23.0"
"37,27 : 29.07"
"37,28 : 15.26"
"37,29 : 43.32"
"37,30 : 89.02"
"37,31 : 6.08"
"37,32 : 33.53"
"37,33 : 29.83"
"37,34 : 54.23"
"37,35 : 22.47"
"37,36 : 40.8"
"37,37 : 0.0"
"37,38 : 72.84"
"37,39 : 46.1"
"37,40 : 14.76"
"37,41 : 20.25"
"37,42 : 56.82"
"37,43 : 31.89"
"37,44 : 29.21"
"37,45 : 26.68"
"37,46 : 46.04"
"37,47 : 57.04"
"37,48 : 32.0"
"37,49 : 48.37"
"38,0 : 83.01"
"38,1 : 31.83"
"38,2 : 71.2"
"38,3 : 98.03"
"38,4 : 16.76"
"38,5 : 52.2"
"38,6 : 87.66"
"38,7 : 84.86"
"38,8 : 66.21"
"38,9 : 18.03"
"38,10 : 40.5"
"38,11 : 71.25"
"38,12 : 34.54"
"38,13 : 36.72"
"38,14 : 35.81"
"38,15 : 77.67"
"38,16 : 38.18"
"38,17 : 43.01"
"38,18 : 99.81"
"38,19 : 59.09"
"38,20 : 81.79"
"38,21 : 61.47"
"38,22 : 37.01"
"38,23 : 76.06"
"38,24 : 95.35"
"38,25 : 42.19"
"38,26 : 50.22"
"38,27 : 43.93"
"38,28 : 80.02"
"38,29 : 65.3"
"38,30 : 44.05"
"38,31 : 73.01"
"38,32 : 40.01"
"38,33 : 91.79"
"38,34 : 24.17"
"38,35 : 86.16"
"38,36 : 52.4"
"38,37 : 72.84"
"38,38 : 0.0"
"38,39 : 96.14"
"38,40 : 82.57"
"38,41 : 55.0"
"38,42 : 43.91"
"38,43 : 57.69"
"38,44 : 90.8"
"38,45 : 79.43"
"38,46 : 81.86"
"38,47 : 17.49"
"38,48 : 41.48"
"38,49 : 75.66"
"39,0 : 30.0"
"39,1 : 86.21"
"39,2 : 72.09"
"39,3 : 2.0"
"39,4 : 97.16"
"39,5 : 44.01"
"39,6 : 70.04"
"39,7 : 12.0"
"39,8 : 66.65"
"39,9 : 93.15"
"39,10 : 77.32"
"39,11 : 42.06"
"39,12 : 61.68"
"39,13 : 96.43"
"39,14 : 92.2"
"39,15 : 79.71"
"39,16 : 64.12"
"39,17 : 66.12"
"39,18 : 10.0"
"39,19 : 66.29"
"39,20 : 49.24"
"39,21 : 34.93"
"39,22 : 82.22"
"39,23 : 66.73"
"39,24 : 47.1"
"39,25 : 55.73"
"39,26 : 59.4"
"39,27 : 62.48"
"39,28 : 31.02"
"39,29 : 33.02"
"39,30 : 89.94"
"39,31 : 52.0"
"39,32 : 60.21"
"39,33 : 19.0"
"39,34 : 72.12"
"39,35 : 63.95"
"39,36 : 84.02"
"39,37 : 46.1"
"39,38 : 96.14"
"39,39 : 0.0"
"39,40 : 56.29"
"39,41 : 47.51"
"39,42 : 97.58"
"39,43 : 76.28"
"39,44 : 19.03"
"39,45 : 20.62"
"39,46 : 17.46"
"39,47 : 85.88"
"39,48 : 66.07"
"39,49 : 25.71"
"40,0 : 73.98"
"40,1 : 56.04"
"40,2 : 20.25"
"40,3 : 56.75"
"40,4 : 93.04"
"40,5 : 48.6"
"40,6 : 14.0"
"40,7 : 55.0"
"40,8 : 19.42"
"40,9 : 69.58"
"40,10 : 89.83"
"40,11 : 19.7"
"40,12 : 59.82"
"40,13 : 61.52"
"40,14 : 58.22"
"40,15 : 25.0"
"40,16 : 72.84"
"40,17 : 79.98"
"40,18 : 66.1"
"40,19 : 25.0"
"40,20 : 7.07"
"40,21 : 51.89"
"40,22 : 50.01"
"40,23 : 12.81"
"40,24 : 17.0"
"40,25 : 62.97"
"40,26 : 32.7"
"40,27 : 39.0"
"40,28 : 26.02"
"40,29 : 57.94"
"40,30 : 102.73"
"40,31 : 10.63"
"40,32 : 45.28"
"40,33 : 37.95"
"40,34 : 66.37"
"40,35 : 8.06"
"40,36 : 41.48"
"40,37 : 14.76"
"40,38 : 82.57"
"40,39 : 56.29"
"40,40 : 0.0"
"40,41 : 33.94"
"40,42 : 58.69"
"40,43 : 32.02"
"40,44 : 37.64"
"40,45 : 39.01"
"40,46 : 59.21"
"40,47 : 65.73"
"40,48 : 41.11"
"40,49 : 62.37"
"41,0 : 50.45"
"41,1 : 38.83"
"41,2 : 35.69"
"41,3 : 49.04"
"41,4 : 62.1"
"41,5 : 15.81"
"41,6 : 44.94"
"41,7 : 39.2"
"41,8 : 28.44"
"41,9 : 47.43"
"41,10 : 55.9"
"41,11 : 17.09"
"41,12 : 26.42"
"41,13 : 48.92"
"41,14 : 44.69"
"41,15 : 44.91"
"41,16 : 38.9"
"41,17 : 46.1"
"41,18 : 54.56"
"41,19 : 24.02"
"41,20 : 30.23"
"41,21 : 23.09"
"41,22 : 34.71"
"41,23 : 34.93"
"41,24 : 42.15"
"41,25 : 29.07"
"41,26 : 12.53"
"41,27 : 15.0"
"41,28 : 25.08"
"41,29 : 30.15"
"41,30 : 68.88"
"41,31 : 23.35"
"41,32 : 15.03"
"41,33 : 37.95"
"41,34 : 34.48"
"41,35 : 40.61"
"41,36 : 38.48"
"41,37 : 20.25"
"41,38 : 55.0"
"41,39 : 47.51"
"41,40 : 33.94"
"41,41 : 0.0"
"41,42 : 50.33"
"41,43 : 32.76"
"41,44 : 37.0"
"41,45 : 27.46"
"41,46 : 39.82"
"41,47 : 41.0"
"41,48 : 18.6"
"41,49 : 38.6"
"42,0 : 97.95"
"42,1 : 16.03"
"42,2 : 40.11"
"42,3 : 99.01"
"42,4 : 60.37"
"42,5 : 59.94"
"42,6 : 57.0"
"42,7 : 89.5"
"42,8 : 39.29"
"42,9 : 25.94"
"42,10 : 76.42"
"42,11 : 58.52"
"42,12 : 51.97"
"42,13 : 7.21"
"42,14 : 9.06"
"42,15 : 42.43"
"42,16 : 65.19"
"42,17 : 73.06"
"42,18 : 104.89"
"42,19 : 34.93"
"42,20 : 61.68"
"42,21 : 70.33"
"42,22 : 16.55"
"42,23 : 47.38"
"42,24 : 75.29"
"42,25 : 61.61"
"42,26 : 38.18"
"42,27 : 35.81"
"42,28 : 70.46"
"42,29 : 76.94"
"42,30 : 84.4"
"42,31 : 53.31"
"42,32 : 41.15"
"42,33 : 85.21"
"42,34 : 48.0"
"42,35 : 58.31"
"42,36 : 17.26"
"42,37 : 56.82"
"42,38 : 43.91"
"42,39 : 97.58"
"42,40 : 58.69"
"42,41 : 50.33"
"42,42 : 0.0"
"42,43 : 26.68"
"42,44 : 84.4"
"42,45 : 77.1"
"42,46 : 89.63"
"42,47 : 29.83"
"42,48 : 32.45"
"42,49 : 86.95"
"43,0 : 83.2"
"43,1 : 26.93"
"43,2 : 14.32"
"43,3 : 77.42"
"43,4 : 71.51"
"43,5 : 47.04"
"43,6 : 31.58"
"43,7 : 70.21"
"43,8 : 12.65"
"43,9 : 41.63"
"43,10 : 77.82"
"43,11 : 34.71"
"43,12 : 47.76"
"43,13 : 30.0"
"43,14 : 27.17"
"43,15 : 20.0"
"43,16 : 62.63"
"43,17 : 70.84"
"43,18 : 84.72"
"43,19 : 10.0"
"43,20 : 35.34"
"43,21 : 55.73"
"43,22 : 21.02"
"43,23 : 21.0"
"43,24 : 48.7"
"43,25 : 55.32"
"43,26 : 21.02"
"43,27 : 23.54"
"43,28 : 46.69"
"43,29 : 62.8"
"43,30 : 88.84"
"43,31 : 27.46"
"43,32 : 32.02"
"43,33 : 61.52"
"43,34 : 49.4"
"43,35 : 32.0"
"43,36 : 9.49"
"43,37 : 31.89"
"43,38 : 57.69"
"43,39 : 76.28"
"43,40 : 32.02"
"43,41 : 32.76"
"43,42 : 26.68"
"43,43 : 0.0"
"43,44 : 60.83"
"43,45 : 55.76"
"43,46 : 71.87"
"43,47 : 40.22"
"43,48 : 22.47"
"43,49 : 71.31"
"44,0 : 43.57"
"44,1 : 75.13"
"44,2 : 54.71"
"44,3 : 19.24"
"44,4 : 95.08"
"44,5 : 40.11"
"44,6 : 51.2"
"44,7 : 21.95"
"44,8 : 50.0"
"44,9 : 84.43"
"44,10 : 80.32"
"44,11 : 26.17"
"44,12 : 58.01"
"44,13 : 84.38"
"44,14 : 80.26"
"44,15 : 61.74"
"44,16 : 64.76"
"44,17 : 68.95"
"44,18 : 29.02"
"44,19 : 50.91"
"44,20 : 30.68"
"44,21 : 34.79"
"44,22 : 70.33"
"44,23 : 48.75"
"44,24 : 28.28"
"44,25 : 54.92"
"44,26 : 47.01"
"44,27 : 51.48"
"44,28 : 14.14"
"44,29 : 36.72"
"44,30 : 93.64"
"44,31 : 34.67"
"44,32 : 51.66"
"44,33 : 1.0"
"44,34 : 68.03"
"44,35 : 45.12"
"44,36 : 69.35"
"44,37 : 29.21"
"44,38 : 90.8"
"44,39 : 19.03"
"44,40 : 37.64"
"44,41 : 37.0"
"44,42 : 84.4"
"44,43 : 60.83"
"44,44 : 0.0"
"44,45 : 12.37"
"44,46 : 28.02"
"44,47 : 77.88"
"44,48 : 55.04"
"44,49 : 34.66"
"45,0 : 35.74"
"45,1 : 66.29"
"45,2 : 52.5"
"45,3 : 21.93"
"45,4 : 83.01"
"45,5 : 28.0"
"45,6 : 53.01"
"45,7 : 16.03"
"45,8 : 46.62"
"45,9 : 74.32"
"45,10 : 68.01"
"45,11 : 22.14"
"45,12 : 46.04"
"45,13 : 76.22"
"45,14 : 72.01"
"45,15 : 60.64"
"45,16 : 52.39"
"45,17 : 56.65"
"45,18 : 29.07"
"45,19 : 45.79"
"45,20 : 32.06"
"45,21 : 22.47"
"45,22 : 62.01"
"45,23 : 47.85"
"45,24 : 34.89"
"45,25 : 42.58"
"45,26 : 38.95"
"45,27 : 42.44"
"45,28 : 13.15"
"45,29 : 25.0"
"45,30 : 81.34"
"45,31 : 32.76"
"45,32 : 41.23"
"45,33 : 13.34"
"45,34 : 56.22"
"45,35 : 47.04"
"45,36 : 63.41"
"45,37 : 26.68"
"45,38 : 79.43"
"45,39 : 20.62"
"45,40 : 39.01"
"45,41 : 27.46"
"45,42 : 77.1"
"45,43 : 55.76"
"45,44 : 12.37"
"45,45 : 0.0"
"45,46 : 20.4"
"45,47 : 67.42"
"45,48 : 46.04"
"45,49 : 25.06"
"46,0 : 15.65"
"46,1 : 76.49"
"46,2 : 71.02"
"46,3 : 19.42"
"46,4 : 81.25"
"46,5 : 31.24"
"46,6 : 73.17"
"46,7 : 6.4"
"46,8 : 64.54"
"46,9 : 81.22"
"46,10 : 60.07"
"46,11 : 41.11"
"46,12 : 47.41"
"46,13 : 87.32"
"46,14 : 83.1"
"46,15 : 79.63"
"46,16 : 47.68"
"46,17 : 49.0"
"46,18 : 18.03"
"46,19 : 62.3"
"46,20 : 52.35"
"46,21 : 20.81"
"46,22 : 73.41"
"46,23 : 67.19"
"46,24 : 54.78"
"46,25 : 40.16"
"46,26 : 52.35"
"46,27 : 53.82"
"46,28 : 33.54"
"46,29 : 16.76"
"46,30 : 72.56"
"46,31 : 52.09"
"46,32 : 49.52"
"46,33 : 28.6"
"46,34 : 57.7"
"46,35 : 67.27"
"46,36 : 78.26"
"46,37 : 46.04"
"46,38 : 81.86"
"46,39 : 17.46"
"46,40 : 59.21"
"46,41 : 39.82"
"46,42 : 89.63"
"46,43 : 71.87"
"46,44 : 28.02"
"46,45 : 20.4"
"46,46 : 0.0"
"46,47 : 73.6"
"46,48 : 57.2"
"46,49 : 8.25"
"47,0 : 77.9"
"47,1 : 15.26"
"47,2 : 53.71"
"47,3 : 87.66"
"47,4 : 32.02"
"47,5 : 42.44"
"47,6 : 70.26"
"47,7 : 75.47"
"47,8 : 48.85"
"47,9 : 7.81"
"47,10 : 47.01"
"47,11 : 56.08"
"47,12 : 27.8"
"47,13 : 23.19"
"47,14 : 20.88"
"47,15 : 60.22"
"47,16 : 37.95"
"47,17 : 45.12"
"47,18 : 90.97"
"47,19 : 41.79"
"47,20 : 65.49"
"47,21 : 52.8"
"47,22 : 19.8"
"47,23 : 58.69"
"47,24 : 79.31"
"47,25 : 37.44"
"47,26 : 34.06"
"47,27 : 28.0"
"47,28 : 65.92"
"47,29 : 58.05"
"47,30 : 54.57"
"47,31 : 56.57"
"47,32 : 26.25"
"47,33 : 78.85"
"47,34 : 20.25"
"47,35 : 68.95"
"47,36 : 35.38"
"47,37 : 57.04"
"47,38 : 17.49"
"47,39 : 85.88"
"47,40 : 65.73"
"47,41 : 41.0"
"47,42 : 29.83"
"47,43 : 40.22"
"47,44 : 77.88"
"47,45 : 67.42"
"47,46 : 73.6"
"47,47 : 0.0"
"47,48 : 25.08"
"47,49 : 68.68"
"48,0 : 65.8"
"48,1 : 20.25"
"48,2 : 32.56"
"48,3 : 67.62"
"48,4 : 52.48"
"48,5 : 27.86"
"48,6 : 47.43"
"48,7 : 57.31"
"48,8 : 26.25"
"48,9 : 30.27"
"48,10 : 55.47"
"48,11 : 31.4"
"48,12 : 25.3"
"48,13 : 30.41"
"48,14 : 26.17"
"48,15 : 40.8"
"48,16 : 40.16"
"48,17 : 48.38"
"48,18 : 72.84"
"48,19 : 19.1"
"48,20 : 40.45"
"48,21 : 38.01"
"48,22 : 16.28"
"48,23 : 35.81"
"48,24 : 54.23"
"48,25 : 33.24"
"48,26 : 9.0"
"48,27 : 3.61"
"48,28 : 42.06"
"48,29 : 44.78"
"48,30 : 66.85"
"48,31 : 31.58"
"48,32 : 10.0"
"48,33 : 55.95"
"48,34 : 27.66"
"48,35 : 45.18"
"48,36 : 24.02"
"48,37 : 32.0"
"48,38 : 41.48"
"48,39 : 66.07"
"48,40 : 41.11"
"48,41 : 18.6"
"48,42 : 32.45"
"48,43 : 22.47"
"48,44 : 55.04"
"48,45 : 46.04"
"48,46 : 57.2"
"48,47 : 25.08"
"48,48 : 0.0"
"48,49 : 54.59"
"49,0 : 12.04"
"49,1 : 73.01"
"49,2 : 72.11"
"49,3 : 27.66"
"49,4 : 74.04"
"49,5 : 27.2"
"49,6 : 76.12"
"49,7 : 14.32"
"49,8 : 65.28"
"49,9 : 76.42"
"49,10 : 52.01"
"49,11 : 43.29"
"49,12 : 41.62"
"49,13 : 84.05"
"49,14 : 79.88"
"49,15 : 81.02"
"49,16 : 40.26"
"49,17 : 41.05"
"49,18 : 25.32"
"49,19 : 62.17"
"49,20 : 55.79"
"49,21 : 16.64"
"49,22 : 70.49"
"49,23 : 69.07"
"49,24 : 59.94"
"49,25 : 33.54"
"49,26 : 50.92"
"49,27 : 51.43"
"49,28 : 37.7"
"49,29 : 10.63"
"49,30 : 64.38"
"49,31 : 54.23"
"49,32 : 46.04"
"49,33 : 35.36"
"49,34 : 51.62"
"49,35 : 70.41"
"49,36 : 76.9"
"49,37 : 48.37"
"49,38 : 75.66"
"49,39 : 25.71"
"49,40 : 62.37"
"49,41 : 38.6"
"49,42 : 86.95"
"49,43 : 71.31"
"49,44 : 34.66"
"49,45 : 25.06"
"49,46 : 8.25"
"49,47 : 68.68"
"49,48 : 54.59"
"49,49 : 0.0"
