x,y
5,98
2,34
89,77
15,52
30,91
79,69
13,57
25,17
5,20
31,76
6,38
79,69
29,45
76,90
66,31
58,61
64,18
100,70
7,99
99,9
22,9
7,96
9,61
74,92
8,43
47,42
72,3
36,92
13,58
90,11
92,45
36,78
91,68
9,59
66,0
31,84
34,75
97,99
87,43
58,21
98,79
48,7
79,28
88,40
92,68
94,11
31,71
49,97
36,48
49,23

Distanze
"0,0 : 0.0"
"0,1 : 64.07"
"0,2 : 86.59"
"0,3 : 47.07"
"0,4 : 25.96"
"0,5 : 79.48"
"0,6 : 41.77"
"0,7 : 83.43"
"0,8 : 78.0"
"0,9 : 34.06"
"0,10 : 60.01"
"0,11 : 79.48"
"0,12 : 58.18"
"0,13 : 71.45"
"0,14 : 90.61"
"0,15 : 64.64"
"0,16 : 99.4"
"0,17 : 99.04"
"0,18 : 2.24"
"0,19 : 129.45"
"0,20 : 90.61"
"0,21 : 2.83"
"0,22 : 37.22"
"0,23 : 69.26"
"0,24 : 55.08"
"0,25 : 70.0"
"0,26 : 116.25"
"0,27 : 31.58"
"0,28 : 40.79"
"0,29 : 121.63"
"0,30 : 101.87"
"0,31 : 36.89"
"0,32 : 91.08"
"0,33 : 39.2"
"0,34 : 115.43"
"0,35 : 29.53"
"0,36 : 37.01"
"0,37 : 92.01"
"0,38 : 98.74"
"0,39 : 93.48"
"0,40 : 94.92"
"0,41 : 100.65"
"0,42 : 101.86"
"0,43 : 101.26"
"0,44 : 92.03"
"0,45 : 124.46"
"0,46 : 37.48"
"0,47 : 44.01"
"0,48 : 58.83"
"0,49 : 86.95"
"1,0 : 64.07"
"1,1 : 0.0"
"1,2 : 97.05"
"1,3 : 22.2"
"1,4 : 63.51"
"1,5 : 84.58"
"1,6 : 25.5"
"1,7 : 28.6"
"1,8 : 14.32"
"1,9 : 51.04"
"1,10 : 5.66"
"1,11 : 84.58"
"1,12 : 29.15"
"1,13 : 92.8"
"1,14 : 64.07"
"1,15 : 62.17"
"1,16 : 64.03"
"1,17 : 104.4"
"1,18 : 65.19"
"1,19 : 100.17"
"1,20 : 32.02"
"1,21 : 62.2"
"1,22 : 27.89"
"1,23 : 92.46"
"1,24 : 10.82"
"1,25 : 45.71"
"1,26 : 76.56"
"1,27 : 67.23"
"1,28 : 26.4"
"1,29 : 90.96"
"1,30 : 90.67"
"1,31 : 55.61"
"1,32 : 95.27"
"1,33 : 25.96"
"1,34 : 72.47"
"1,35 : 57.8"
"1,36 : 52.01"
"1,37 : 115.11"
"1,38 : 85.48"
"1,39 : 57.49"
"1,40 : 106.02"
"1,41 : 53.34"
"1,42 : 77.23"
"1,43 : 86.21"
"1,44 : 96.21"
"1,45 : 94.83"
"1,46 : 47.01"
"1,47 : 78.6"
"1,48 : 36.77"
"1,49 : 48.27"
"2,0 : 86.59"
"2,1 : 97.05"
"2,2 : 0.0"
"2,3 : 78.11"
"2,4 : 60.64"
"2,5 : 12.81"
"2,6 : 78.59"
"2,7 : 87.73"
"2,8 : 101.51"
"2,9 : 58.01"
"2,10 : 91.71"
"2,11 : 12.81"
"2,12 : 68.0"
"2,13 : 18.38"
"2,14 : 51.43"
"2,15 : 34.89"
"2,16 : 64.08"
"2,17 : 13.04"
"2,18 : 84.9"
"2,19 : 68.73"
"2,20 : 95.46"
"2,21 : 84.17"
"2,22 : 81.58"
"2,23 : 21.21"
"2,24 : 87.85"
"2,25 : 54.67"
"2,26 : 75.93"
"2,27 : 55.08"
"2,28 : 78.34"
"2,29 : 66.01"
"2,30 : 32.14"
"2,31 : 53.01"
"2,32 : 9.22"
"2,33 : 82.0"
"2,34 : 80.36"
"2,35 : 58.42"
"2,36 : 55.04"
"2,37 : 23.41"
"2,38 : 34.06"
"2,39 : 64.01"
"2,40 : 9.22"
"2,41 : 81.12"
"2,42 : 50.01"
"2,43 : 37.01"
"2,44 : 9.49"
"2,45 : 66.19"
"2,46 : 58.31"
"2,47 : 44.72"
"2,48 : 60.42"
"2,49 : 67.2"
"3,0 : 47.07"
"3,1 : 22.2"
"3,2 : 78.11"
"3,3 : 0.0"
"3,4 : 41.79"
"3,5 : 66.22"
"3,6 : 5.39"
"3,7 : 36.4"
"3,8 : 33.53"
"3,9 : 28.84"
"3,10 : 16.64"
"3,11 : 66.22"
"3,12 : 15.65"
"3,13 : 71.87"
"3,14 : 55.15"
"3,15 : 43.93"
"3,16 : 59.64"
"3,17 : 86.88"
"3,18 : 47.68"
"3,19 : 94.37"
"3,20 : 43.57"
"3,21 : 44.72"
"3,22 : 10.82"
"3,23 : 71.28"
"3,24 : 11.4"
"3,25 : 33.53"
"3,26 : 75.17"
"3,27 : 45.18"
"3,28 : 6.32"
"3,29 : 85.48"
"3,30 : 77.32"
"3,31 : 33.42"
"3,32 : 77.67"
"3,33 : 9.22"
"3,34 : 72.84"
"3,35 : 35.78"
"3,36 : 29.83"
"3,37 : 94.51"
"3,38 : 72.56"
"3,39 : 53.01"
"3,40 : 87.28"
"3,41 : 55.8"
"3,42 : 68.35"
"3,43 : 73.98"
"3,44 : 78.64"
"3,45 : 89.01"
"3,46 : 24.84"
"3,47 : 56.4"
"3,48 : 21.38"
"3,49 : 44.69"
"4,0 : 25.96"
"4,1 : 63.51"
"4,2 : 60.64"
"4,3 : 41.79"
"4,4 : 0.0"
"4,5 : 53.71"
"4,6 : 38.01"
"4,7 : 74.17"
"4,8 : 75.27"
"4,9 : 15.03"
"4,10 : 58.18"
"4,11 : 53.71"
"4,12 : 46.01"
"4,13 : 46.01"
"4,14 : 69.97"
"4,15 : 41.04"
"4,16 : 80.53"
"4,17 : 73.08"
"4,18 : 24.35"
"4,19 : 107.17"
"4,20 : 82.39"
"4,21 : 23.54"
"4,22 : 36.62"
"4,23 : 44.01"
"4,24 : 52.8"
"4,25 : 51.87"
"4,26 : 97.51"
"4,27 : 6.08"
"4,28 : 37.12"
"4,29 : 100.0"
"4,30 : 77.2"
"4,31 : 14.32"
"4,32 : 65.19"
"4,33 : 38.28"
"4,34 : 97.86"
"4,35 : 7.07"
"4,36 : 16.49"
"4,37 : 67.48"
"4,38 : 74.52"
"4,39 : 75.39"
"4,40 : 69.05"
"4,41 : 85.91"
"4,42 : 79.81"
"4,43 : 77.23"
"4,44 : 66.13"
"4,45 : 102.45"
"4,46 : 20.02"
"4,47 : 19.92"
"4,48 : 43.42"
"4,49 : 70.6"
"5,0 : 79.48"
"5,1 : 84.58"
"5,2 : 12.81"
"5,3 : 66.22"
"5,4 : 53.71"
"5,5 : 0.0"
"5,6 : 67.08"
"5,7 : 74.97"
"5,8 : 88.75"
"5,9 : 48.51"
"5,10 : 79.31"
"5,11 : 0.0"
"5,12 : 55.46"
"5,13 : 21.21"
"5,14 : 40.16"
"5,15 : 22.47"
"5,16 : 53.16"
"5,17 : 21.02"
"5,18 : 78.0"
"5,19 : 63.25"
"5,20 : 82.76"
"5,21 : 76.9"
"5,22 : 70.46"
"5,23 : 23.54"
"5,24 : 75.61"
"5,25 : 41.87"
"5,26 : 66.37"
"5,27 : 48.76"
"5,28 : 66.91"
"5,29 : 59.03"
"5,30 : 27.29"
"5,31 : 43.93"
"5,32 : 12.04"
"5,33 : 70.71"
"5,34 : 70.21"
"5,35 : 50.29"
"5,36 : 45.4"
"5,37 : 34.99"
"5,38 : 27.2"
"5,39 : 52.39"
"5,40 : 21.47"
"5,41 : 69.32"
"5,42 : 41.0"
"5,43 : 30.36"
"5,44 : 13.04"
"5,45 : 59.91"
"5,46 : 48.04"
"5,47 : 41.04"
"5,48 : 47.85"
"5,49 : 54.92"
"6,0 : 41.77"
"6,1 : 25.5"
"6,2 : 78.59"
"6,3 : 5.39"
"6,4 : 38.01"
"6,5 : 67.08"
"6,6 : 0.0"
"6,7 : 41.76"
"6,8 : 37.85"
"6,9 : 26.17"
"6,10 : 20.25"
"6,11 : 67.08"
"6,12 : 20.0"
"6,13 : 71.12"
"6,14 : 59.03"
"6,15 : 45.18"
"6,16 : 64.2"
"6,17 : 87.97"
"6,18 : 42.43"
"6,19 : 98.49"
"6,20 : 48.84"
"6,21 : 39.46"
"6,22 : 5.66"
"6,23 : 70.33"
"6,24 : 14.87"
"6,25 : 37.16"
"6,26 : 79.98"
"6,27 : 41.88"
"6,28 : 1.0"
"6,29 : 89.69"
"6,30 : 79.91"
"6,31 : 31.14"
"6,32 : 78.77"
"6,33 : 4.47"
"6,34 : 77.83"
"6,35 : 32.45"
"6,36 : 27.66"
"6,37 : 93.91"
"6,38 : 75.31"
"6,39 : 57.63"
"6,40 : 87.8"
"6,41 : 61.03"
"6,42 : 72.09"
"6,43 : 76.9"
"6,44 : 79.76"
"6,45 : 93.15"
"6,46 : 22.8"
"6,47 : 53.81"
"6,48 : 24.7"
"6,49 : 49.52"
"7,0 : 83.43"
"7,1 : 28.6"
"7,2 : 87.73"
"7,3 : 36.4"
"7,4 : 74.17"
"7,5 : 74.97"
"7,6 : 41.76"
"7,7 : 0.0"
"7,8 : 20.22"
"7,9 : 59.3"
"7,10 : 28.32"
"7,11 : 74.97"
"7,12 : 28.28"
"7,13 : 89.05"
"7,14 : 43.32"
"7,15 : 55.0"
"7,16 : 39.01"
"7,17 : 91.84"
"7,18 : 83.95"
"7,19 : 74.43"
"7,20 : 8.54"
"7,21 : 81.02"
"7,22 : 46.82"
"7,23 : 89.59"
"7,24 : 31.06"
"7,25 : 33.3"
"7,26 : 49.04"
"7,27 : 75.8"
"7,28 : 42.72"
"7,29 : 65.28"
"7,30 : 72.62"
"7,31 : 61.98"
"7,32 : 83.41"
"7,33 : 44.94"
"7,34 : 44.38"
"7,35 : 67.27"
"7,36 : 58.69"
"7,37 : 109.12"
"7,38 : 67.23"
"7,39 : 33.24"
"7,40 : 95.78"
"7,41 : 25.08"
"7,42 : 55.11"
"7,43 : 67.07"
"7,44 : 84.2"
"7,45 : 69.26"
"7,46 : 54.33"
"7,47 : 83.52"
"7,48 : 32.89"
"7,49 : 24.74"
"8,0 : 78.0"
"8,1 : 14.32"
"8,2 : 101.51"
"8,3 : 33.53"
"8,4 : 75.27"
"8,5 : 88.75"
"8,6 : 37.85"
"8,7 : 20.22"
"8,8 : 0.0"
"8,9 : 61.74"
"8,10 : 18.03"
"8,11 : 88.75"
"8,12 : 34.66"
"8,13 : 99.7"
"8,14 : 61.98"
"8,15 : 67.01"
"8,16 : 59.03"
"8,17 : 107.35"
"8,18 : 79.03"
"8,19 : 94.64"
"8,20 : 20.25"
"8,21 : 76.03"
"8,22 : 41.19"
"8,23 : 99.72"
"8,24 : 23.19"
"8,25 : 47.41"
"8,26 : 69.12"
"8,27 : 78.39"
"8,28 : 38.83"
"8,29 : 85.48"
"8,30 : 90.52"
"8,31 : 65.76"
"8,32 : 98.49"
"8,33 : 39.2"
"8,34 : 64.2"
"8,35 : 69.08"
"8,36 : 62.18"
"8,37 : 121.26"
"8,38 : 85.16"
"8,39 : 53.01"
"8,40 : 110.14"
"8,41 : 44.92"
"8,42 : 74.43"
"8,43 : 85.38"
"8,44 : 99.36"
"8,45 : 89.45"
"8,46 : 57.25"
"8,47 : 88.68"
"8,48 : 41.77"
"8,49 : 44.1"
"9,0 : 34.06"
"9,1 : 51.04"
"9,2 : 58.01"
"9,3 : 28.84"
"9,4 : 15.03"
"9,5 : 48.51"
"9,6 : 26.17"
"9,7 : 59.3"
"9,8 : 61.74"
"9,9 : 0.0"
"9,10 : 45.49"
"9,11 : 48.51"
"9,12 : 31.06"
"9,13 : 47.13"
"9,14 : 57.01"
"9,15 : 30.89"
"9,16 : 66.73"
"9,17 : 69.26"
"9,18 : 33.24"
"9,19 : 95.46"
"9,20 : 67.6"
"9,21 : 31.24"
"9,22 : 26.63"
"9,23 : 45.88"
"9,24 : 40.22"
"9,25 : 37.58"
"9,26 : 83.73"
"9,27 : 16.76"
"9,28 : 25.46"
"9,29 : 87.78"
"9,30 : 68.43"
"9,31 : 5.39"
"9,32 : 60.53"
"9,33 : 27.8"
"9,34 : 83.67"
"9,35 : 8.0"
"9,36 : 3.16"
"9,37 : 69.89"
"9,38 : 65.0"
"9,39 : 61.27"
"9,40 : 67.07"
"9,41 : 71.06"
"9,42 : 67.88"
"9,43 : 67.42"
"9,44 : 61.52"
"9,45 : 90.52"
"9,46 : 5.0"
"9,47 : 27.66"
"9,48 : 28.44"
"9,49 : 55.97"
"10,0 : 60.01"
"10,1 : 5.66"
"10,2 : 91.71"
"10,3 : 16.64"
"10,4 : 58.18"
"10,5 : 79.31"
"10,6 : 20.25"
"10,7 : 28.32"
"10,8 : 18.03"
"10,9 : 45.49"
"10,10 : 0.0"
"10,11 : 79.31"
"10,12 : 24.04"
"10,13 : 87.2"
"10,14 : 60.41"
"10,15 : 56.86"
"10,16 : 61.35"
"10,17 : 99.3"
"10,18 : 61.01"
"10,19 : 97.42"
"10,20 : 33.12"
"10,21 : 58.01"
"10,22 : 23.19"
"10,23 : 86.83"
"10,24 : 5.39"
"10,25 : 41.19"
"10,26 : 74.71"
"10,27 : 61.77"
"10,28 : 21.19"
"10,29 : 88.23"
"10,30 : 86.28"
"10,31 : 50.0"
"10,32 : 90.14"
"10,33 : 21.21"
"10,34 : 71.02"
"10,35 : 52.35"
"10,36 : 46.4"
"10,37 : 109.55"
"10,38 : 81.15"
"10,39 : 54.71"
"10,40 : 100.72"
"10,41 : 52.2"
"10,42 : 73.68"
"10,43 : 82.02"
"10,44 : 91.08"
"10,45 : 92.05"
"10,46 : 41.4"
"10,47 : 73.01"
"10,48 : 31.62"
"10,49 : 45.54"
"11,0 : 79.48"
"11,1 : 84.58"
"11,2 : 12.81"
"11,3 : 66.22"
"11,4 : 53.71"
"11,5 : 0.0"
"11,6 : 67.08"
"11,7 : 74.97"
"11,8 : 88.75"
"11,9 : 48.51"
"11,10 : 79.31"
"11,11 : 0.0"
"11,12 : 55.46"
"11,13 : 21.21"
"11,14 : 40.16"
"11,15 : 22.47"
"11,16 : 53.16"
"11,17 : 21.02"
"11,18 : 78.0"
"11,19 : 63.25"
"11,20 : 82.76"
"11,21 : 76.9"
"11,22 : 70.46"
"11,23 : 23.54"
"11,24 : 75.61"
"11,25 : 41.87"
"11,26 : 66.37"
"11,27 : 48.76"
"11,28 : 66.91"
"11,29 : 59.03"
"11,30 : 27.29"
"11,31 : 43.93"
"11,32 : 12.04"
"11,33 : 70.71"
"11,34 : 70.21"
"11,35 : 50.29"
"11,36 : 45.4"
"11,37 : 34.99"
"11,38 : 27.2"
"11,39 : 52.39"
"11,40 : 21.47"
"11,41 : 69.32"
"11,42 : 41.0"
"11,43 : 30.36"
"11,44 : 13.04"
"11,45 : 59.91"
"11,46 : 48.04"
"11,47 : 41.04"
"11,48 : 47.85"
"11,49 : 54.92"
"12,0 : 58.18"
"12,1 : 29.15"
"12,2 : 68.0"
"12,3 : 15.65"
"12,4 : 46.01"
"12,5 : 55.46"
"12,6 : 20.0"
"12,7 : 28.28"
"12,8 : 34.66"
"12,9 : 31.06"
"12,10 : 24.04"
"12,11 : 55.46"
"12,12 : 0.0"
"12,13 : 65.07"
"12,14 : 39.56"
"12,15 : 33.12"
"12,16 : 44.2"
"12,17 : 75.27"
"12,18 : 58.31"
"12,19 : 78.71"
"12,20 : 36.67"
"12,21 : 55.54"
"12,22 : 25.61"
"12,23 : 65.07"
"12,24 : 21.1"
"12,25 : 18.25"
"12,26 : 60.11"
"12,27 : 47.52"
"12,28 : 20.62"
"12,29 : 69.84"
"12,30 : 63.0"
"12,31 : 33.73"
"12,32 : 66.13"
"12,33 : 24.41"
"12,34 : 58.26"
"12,35 : 39.05"
"12,36 : 30.41"
"12,37 : 86.83"
"12,38 : 58.03"
"12,39 : 37.64"
"12,40 : 76.92"
"12,41 : 42.49"
"12,42 : 52.81"
"12,43 : 59.21"
"12,44 : 67.07"
"12,45 : 73.36"
"12,46 : 26.08"
"12,47 : 55.71"
"12,48 : 7.62"
"12,49 : 29.73"
"13,0 : 71.45"
"13,1 : 92.8"
"13,2 : 18.38"
"13,3 : 71.87"
"13,4 : 46.01"
"13,5 : 21.21"
"13,6 : 71.12"
"13,7 : 89.05"
"13,8 : 99.7"
"13,9 : 47.13"
"13,10 : 87.2"
"13,11 : 21.21"
"13,12 : 65.07"
"13,13 : 0.0"
"13,14 : 59.84"
"13,15 : 34.13"
"13,16 : 72.99"
"13,17 : 31.24"
"13,18 : 69.58"
"13,19 : 84.2"
"13,20 : 97.35"
"13,21 : 69.26"
"13,22 : 73.01"
"13,23 : 2.83"
"13,24 : 82.66"
"13,25 : 56.08"
"13,26 : 87.09"
"13,27 : 40.05"
"13,28 : 70.66"
"13,29 : 80.23"
"13,30 : 47.76"
"13,31 : 41.76"
"13,32 : 26.63"
"13,33 : 73.82"
"13,34 : 90.55"
"13,35 : 45.4"
"13,36 : 44.6"
"13,37 : 22.85"
"13,38 : 48.27"
"13,39 : 71.31"
"13,40 : 24.6"
"13,41 : 87.6"
"13,42 : 62.07"
"13,43 : 51.42"
"13,44 : 27.2"
"13,45 : 81.02"
"13,46 : 48.85"
"13,47 : 27.89"
"13,48 : 58.0"
"13,49 : 72.24"
"14,0 : 90.61"
"14,1 : 64.07"
"14,2 : 51.43"
"14,3 : 55.15"
"14,4 : 69.97"
"14,5 : 40.16"
"14,6 : 59.03"
"14,7 : 43.32"
"14,8 : 61.98"
"14,9 : 57.01"
"14,10 : 60.41"
"14,11 : 40.16"
"14,12 : 39.56"
"14,13 : 59.84"
"14,14 : 0.0"
"14,15 : 31.05"
"14,16 : 13.15"
"14,17 : 51.74"
"14,18 : 90.03"
"14,19 : 39.66"
"14,20 : 49.19"
"14,21 : 87.78"
"14,22 : 64.41"
"14,23 : 61.52"
"14,24 : 59.23"
"14,25 : 21.95"
"14,26 : 28.64"
"14,27 : 67.98"
"14,28 : 59.48"
"14,29 : 31.24"
"14,30 : 29.53"
"14,31 : 55.76"
"14,32 : 44.65"
"14,33 : 63.51"
"14,34 : 31.0"
"14,35 : 63.51"
"14,36 : 54.41"
"14,37 : 74.73"
"14,38 : 24.19"
"14,39 : 12.81"
"14,40 : 57.69"
"14,41 : 30.0"
"14,42 : 13.34"
"14,43 : 23.77"
"14,44 : 45.22"
"14,45 : 34.41"
"14,46 : 53.15"
"14,47 : 68.15"
"14,48 : 34.48"
"14,49 : 18.79"
"15,0 : 64.64"
"15,1 : 62.17"
"15,2 : 34.89"
"15,3 : 43.93"
"15,4 : 41.04"
"15,5 : 22.47"
"15,6 : 45.18"
"15,7 : 55.0"
"15,8 : 67.01"
"15,9 : 30.89"
"15,10 : 56.86"
"15,11 : 22.47"
"15,12 : 33.12"
"15,13 : 34.13"
"15,14 : 31.05"
"15,15 : 0.0"
"15,16 : 43.42"
"15,17 : 42.95"
"15,18 : 63.6"
"15,19 : 66.22"
"15,20 : 63.25"
"15,21 : 61.85"
"15,22 : 49.0"
"15,23 : 34.89"
"15,24 : 53.14"
"15,25 : 21.95"
"15,26 : 59.67"
"15,27 : 38.01"
"15,28 : 45.1"
"15,29 : 59.36"
"15,30 : 37.58"
"15,31 : 27.8"
"15,32 : 33.73"
"15,33 : 49.04"
"15,34 : 61.52"
"15,35 : 35.47"
"15,36 : 27.78"
"15,37 : 54.45"
"15,38 : 34.13"
"15,39 : 40.0"
"15,40 : 43.86"
"15,41 : 54.92"
"15,42 : 39.12"
"15,43 : 36.62"
"15,44 : 34.71"
"15,45 : 61.61"
"15,46 : 28.79"
"15,47 : 37.11"
"15,48 : 25.55"
"15,49 : 39.05"
"16,0 : 99.4"
"16,1 : 64.03"
"16,2 : 64.08"
"16,3 : 59.64"
"16,4 : 80.53"
"16,5 : 53.16"
"16,6 : 64.2"
"16,7 : 39.01"
"16,8 : 59.03"
"16,9 : 66.73"
"16,10 : 61.35"
"16,11 : 53.16"
"16,12 : 44.2"
"16,13 : 72.99"
"16,14 : 13.15"
"16,15 : 43.42"
"16,16 : 0.0"
"16,17 : 63.25"
"16,18 : 99.05"
"16,19 : 36.14"
"16,20 : 42.95"
"16,21 : 96.61"
"16,22 : 69.81"
"16,23 : 74.67"
"16,24 : 61.33"
"16,25 : 29.41"
"16,26 : 17.0"
"16,27 : 79.12"
"16,28 : 64.82"
"16,29 : 26.93"
"16,30 : 38.9"
"16,31 : 66.21"
"16,32 : 56.82"
"16,33 : 68.6"
"16,34 : 18.11"
"16,35 : 73.79"
"16,36 : 64.41"
"16,37 : 87.46"
"16,38 : 33.97"
"16,39 : 6.71"
"16,40 : 69.84"
"16,41 : 19.42"
"16,42 : 18.03"
"16,43 : 32.56"
"16,44 : 57.31"
"16,45 : 30.81"
"16,46 : 62.43"
"16,47 : 80.41"
"16,48 : 41.04"
"16,49 : 15.81"
"17,0 : 99.04"
"17,1 : 104.4"
"17,2 : 13.04"
"17,3 : 86.88"
"17,4 : 73.08"
"17,5 : 21.02"
"17,6 : 87.97"
"17,7 : 91.84"
"17,8 : 107.35"
"17,9 : 69.26"
"17,10 : 99.3"
"17,11 : 21.02"
"17,12 : 75.27"
"17,13 : 31.24"
"17,14 : 51.74"
"17,15 : 42.95"
"17,16 : 63.25"
"17,17 : 0.0"
"17,18 : 97.42"
"17,19 : 61.01"
"17,20 : 99.02"
"17,21 : 96.57"
"17,22 : 91.44"
"17,23 : 34.06"
"17,24 : 95.88"
"17,25 : 59.94"
"17,26 : 72.62"
"17,27 : 67.68"
"17,28 : 87.82"
"17,29 : 59.84"
"17,30 : 26.25"
"17,31 : 64.5"
"17,32 : 9.22"
"17,33 : 91.66"
"17,34 : 77.82"
"17,35 : 70.41"
"17,36 : 66.19"
"17,37 : 29.15"
"17,38 : 29.97"
"17,39 : 64.54"
"17,40 : 9.22"
"17,41 : 81.69"
"17,42 : 46.96"
"17,43 : 32.31"
"17,44 : 8.25"
"17,45 : 59.3"
"17,46 : 69.01"
"17,47 : 57.71"
"17,48 : 67.68"
"17,49 : 69.35"
"18,0 : 2.24"
"18,1 : 65.19"
"18,2 : 84.9"
"18,3 : 47.68"
"18,4 : 24.35"
"18,5 : 78.0"
"18,6 : 42.43"
"18,7 : 83.95"
"18,8 : 79.03"
"18,9 : 33.24"
"18,10 : 61.01"
"18,11 : 78.0"
"18,12 : 58.31"
"18,13 : 69.58"
"18,14 : 90.03"
"18,15 : 63.6"
"18,16 : 99.05"
"18,17 : 97.42"
"18,18 : 0.0"
"18,19 : 128.7"
"18,20 : 91.24"
"18,21 : 3.0"
"18,22 : 38.05"
"18,23 : 67.36"
"18,24 : 56.01"
"18,25 : 69.63"
"18,26 : 115.94"
"18,27 : 29.83"
"18,28 : 41.44"
"18,29 : 120.97"
"18,30 : 100.7"
"18,31 : 35.81"
"18,32 : 89.54"
"18,33 : 40.05"
"18,34 : 115.25"
"18,35 : 28.3"
"18,36 : 36.12"
"18,37 : 90.0"
"18,38 : 97.65"
"18,39 : 93.19"
"18,40 : 93.17"
"18,41 : 100.72"
"18,42 : 101.12"
"18,43 : 100.21"
"18,44 : 90.48"
"18,45 : 123.75"
"18,46 : 36.88"
"18,47 : 42.05"
"18,48 : 58.67"
"18,49 : 86.83"
"19,0 : 129.45"
"19,1 : 100.17"
"19,2 : 68.73"
"19,3 : 94.37"
"19,4 : 107.17"
"19,5 : 63.25"
"19,6 : 98.49"
"19,7 : 74.43"
"19,8 : 94.64"
"19,9 : 95.46"
"19,10 : 97.42"
"19,11 : 63.25"
"19,12 : 78.71"
"19,13 : 84.2"
"19,14 : 39.66"
"19,15 : 66.22"
"19,16 : 36.14"
"19,17 : 61.01"
"19,18 : 128.7"
"19,19 : 0.0"
"19,20 : 77.0"
"19,21 : 126.62"
"19,22 : 103.94"
"19,23 : 86.68"
"19,24 : 97.14"
"19,25 : 61.59"
"19,26 : 27.66"
"19,27 : 104.2"
"19,28 : 98.98"
"19,29 : 9.22"
"19,30 : 36.67"
"19,31 : 93.43"
"19,32 : 59.54"
"19,33 : 102.96"
"19,34 : 34.21"
"19,35 : 101.24"
"19,36 : 92.63"
"19,37 : 90.02"
"19,38 : 36.06"
"19,39 : 42.72"
"19,40 : 70.01"
"19,41 : 51.04"
"19,42 : 27.59"
"19,43 : 32.89"
"19,44 : 59.41"
"19,45 : 5.39"
"19,46 : 92.02"
"19,47 : 101.21"
"19,48 : 74.09"
"19,49 : 51.92"
"20,0 : 90.61"
"20,1 : 32.02"
"20,2 : 95.46"
"20,3 : 43.57"
"20,4 : 82.39"
"20,5 : 82.76"
"20,6 : 48.84"
"20,7 : 8.54"
"20,8 : 20.25"
"20,9 : 67.6"
"20,10 : 33.12"
"20,11 : 82.76"
"20,12 : 36.67"
"20,13 : 97.35"
"20,14 : 49.19"
"20,15 : 63.25"
"20,16 : 42.95"
"20,17 : 99.02"
"20,18 : 91.24"
"20,19 : 77.0"
"20,20 : 0.0"
"20,21 : 88.28"
"20,22 : 53.6"
"20,23 : 97.94"
"20,24 : 36.77"
"20,25 : 41.4"
"20,26 : 50.36"
"20,27 : 84.17"
"20,28 : 49.82"
"20,29 : 68.03"
"20,30 : 78.71"
"20,31 : 70.41"
"20,32 : 90.79"
"20,33 : 51.66"
"20,34 : 44.91"
"20,35 : 75.54"
"20,36 : 67.08"
"20,37 : 117.15"
"20,38 : 73.36"
"20,39 : 37.95"
"20,40 : 103.32"
"20,41 : 26.08"
"20,42 : 60.08"
"20,43 : 72.92"
"20,44 : 91.55"
"20,45 : 72.03"
"20,46 : 62.65"
"20,47 : 92.05"
"20,48 : 41.44"
"20,49 : 30.41"
"21,0 : 2.83"
"21,1 : 62.2"
"21,2 : 84.17"
"21,3 : 44.72"
"21,4 : 23.54"
"21,5 : 76.9"
"21,6 : 39.46"
"21,7 : 81.02"
"21,8 : 76.03"
"21,9 : 31.24"
"21,10 : 58.01"
"21,11 : 76.9"
"21,12 : 55.54"
"21,13 : 69.26"
"21,14 : 87.78"
"21,15 : 61.85"
"21,16 : 96.61"
"21,17 : 96.57"
"21,18 : 3.0"
"21,19 : 126.62"
"21,20 : 88.28"
"21,21 : 0.0"
"21,22 : 35.06"
"21,23 : 67.12"
"21,24 : 53.01"
"21,25 : 67.2"
"21,26 : 113.46"
"21,27 : 29.27"
"21,28 : 38.47"
"21,29 : 118.8"
"21,30 : 99.13"
"21,31 : 34.13"
"21,32 : 88.54"
"21,33 : 37.05"
"21,34 : 112.68"
"21,35 : 26.83"
"21,36 : 34.21"
"21,37 : 90.05"
"21,38 : 95.96"
"21,39 : 90.7"
"21,40 : 92.57"
"21,41 : 97.99"
"21,42 : 99.04"
"21,43 : 98.47"
"21,44 : 89.49"
"21,45 : 121.63"
"21,46 : 34.66"
"21,47 : 42.01"
"21,48 : 56.08"
"21,49 : 84.22"
"22,0 : 37.22"
"22,1 : 27.89"
"22,2 : 81.58"
"22,3 : 10.82"
"22,4 : 36.62"
"22,5 : 70.46"
"22,6 : 5.66"
"22,7 : 46.82"
"22,8 : 41.19"
"22,9 : 26.63"
"22,10 : 23.19"
"22,11 : 70.46"
"22,12 : 25.61"
"22,13 : 73.01"
"22,14 : 64.41"
"22,15 : 49.0"
"22,16 : 69.81"
"22,17 : 91.44"
"22,18 : 38.05"
"22,19 : 103.94"
"22,20 : 53.6"
"22,21 : 35.06"
"22,22 : 0.0"
"22,23 : 72.01"
"22,24 : 18.03"
"22,25 : 42.49"
"22,26 : 85.63"
"22,27 : 41.11"
"22,28 : 5.0"
"22,29 : 95.19"
"22,30 : 84.53"
"22,31 : 31.91"
"22,32 : 82.3"
"22,33 : 2.0"
"22,34 : 83.49"
"22,35 : 31.83"
"22,36 : 28.65"
"22,37 : 95.85"
"22,38 : 80.05"
"22,39 : 63.25"
"22,40 : 90.8"
"22,41 : 66.61"
"22,42 : 77.39"
"22,43 : 81.74"
"22,44 : 83.29"
"22,45 : 98.62"
"22,46 : 24.17"
"22,47 : 53.81"
"22,48 : 29.97"
"22,49 : 55.17"
"23,0 : 69.26"
"23,1 : 92.46"
"23,2 : 21.21"
"23,3 : 71.28"
"23,4 : 44.01"
"23,5 : 23.54"
"23,6 : 70.33"
"23,7 : 89.59"
"23,8 : 99.72"
"23,9 : 45.88"
"23,10 : 86.83"
"23,11 : 23.54"
"23,12 : 65.07"
"23,13 : 2.83"
"23,14 : 61.52"
"23,15 : 34.89"
"23,16 : 74.67"
"23,17 : 34.06"
"23,18 : 67.36"
"23,19 : 86.68"
"23,20 : 97.94"
"23,21 : 67.12"
"23,22 : 72.01"
"23,23 : 0.0"
"23,24 : 82.2"
"23,25 : 56.82"
"23,26 : 89.02"
"23,27 : 38.0"
"23,28 : 69.84"
"23,29 : 82.57"
"23,30 : 50.33"
"23,31 : 40.5"
"23,32 : 29.41"
"23,33 : 72.9"
"23,34 : 92.35"
"23,35 : 43.74"
"23,36 : 43.46"
"23,37 : 24.04"
"23,38 : 50.7"
"23,39 : 72.78"
"23,40 : 27.29"
"23,41 : 88.89"
"23,42 : 64.2"
"23,43 : 53.85"
"23,44 : 30.0"
"23,45 : 83.43"
"23,46 : 47.85"
"23,47 : 25.5"
"23,48 : 58.14"
"23,49 : 73.39"
"24,0 : 55.08"
"24,1 : 10.82"
"24,2 : 87.85"
"24,3 : 11.4"
"24,4 : 52.8"
"24,5 : 75.61"
"24,6 : 14.87"
"24,7 : 31.06"
"24,8 : 23.19"
"24,9 : 40.22"
"24,10 : 5.39"
"24,11 : 75.61"
"24,12 : 21.1"
"24,13 : 82.66"
"24,14 : 59.23"
"24,15 : 53.14"
"24,16 : 61.33"
"24,17 : 95.88"
"24,18 : 56.01"
"24,19 : 97.14"
"24,20 : 36.77"
"24,21 : 53.01"
"24,22 : 18.03"
"24,23 : 82.2"
"24,24 : 0.0"
"24,25 : 39.01"
"24,26 : 75.47"
"24,27 : 56.44"
"24,28 : 15.81"
"24,29 : 88.02"
"24,30 : 84.02"
"24,31 : 44.82"
"24,32 : 86.68"
"24,33 : 16.03"
"24,34 : 72.2"
"24,35 : 47.01"
"24,36 : 41.23"
"24,37 : 105.15"
"24,38 : 79.0"
"24,39 : 54.63"
"24,40 : 96.93"
"24,41 : 53.81"
"24,42 : 72.57"
"24,43 : 80.06"
"24,44 : 87.64"
"24,45 : 91.76"
"24,46 : 36.24"
"24,47 : 67.8"
"24,48 : 28.44"
"24,49 : 45.62"
"25,0 : 70.0"
"25,1 : 45.71"
"25,2 : 54.67"
"25,3 : 33.53"
"25,4 : 51.87"
"25,5 : 41.87"
"25,6 : 37.16"
"25,7 : 33.3"
"25,8 : 47.41"
"25,9 : 37.58"
"25,10 : 41.19"
"25,11 : 41.87"
"25,12 : 18.25"
"25,13 : 56.08"
"25,14 : 21.95"
"25,15 : 21.95"
"25,16 : 29.41"
"25,17 : 59.94"
"25,18 : 69.63"
"25,19 : 61.59"
"25,20 : 41.4"
"25,21 : 67.2"
"25,22 : 42.49"
"25,23 : 56.82"
"25,24 : 39.01"
"25,25 : 0.0"
"25,26 : 46.32"
"25,27 : 51.2"
"25,28 : 37.58"
"25,29 : 53.01"
"25,30 : 45.1"
"25,31 : 37.64"
"25,32 : 51.11"
"25,33 : 41.63"
"25,34 : 46.1"
"25,35 : 44.94"
"25,36 : 35.47"
"25,37 : 75.82"
"25,38 : 40.01"
"25,39 : 23.71"
"25,40 : 63.01"
"25,41 : 35.01"
"25,42 : 34.93"
"25,43 : 41.05"
"25,44 : 51.97"
"25,45 : 56.3"
"25,46 : 33.12"
"25,47 : 55.04"
"25,48 : 12.53"
"25,49 : 19.1"
"26,0 : 116.25"
"26,1 : 76.56"
"26,2 : 75.93"
"26,3 : 75.17"
"26,4 : 97.51"
"26,5 : 66.37"
"26,6 : 79.98"
"26,7 : 49.04"
"26,8 : 69.12"
"26,9 : 83.73"
"26,10 : 74.71"
"26,11 : 66.37"
"26,12 : 60.11"
"26,13 : 87.09"
"26,14 : 28.64"
"26,15 : 59.67"
"26,16 : 17.0"
"26,17 : 72.62"
"26,18 : 115.94"
"26,19 : 27.66"
"26,20 : 50.36"
"26,21 : 113.46"
"26,22 : 85.63"
"26,23 : 89.02"
"26,24 : 75.47"
"26,25 : 46.32"
"26,26 : 0.0"
"26,27 : 96.01"
"26,28 : 80.66"
"26,29 : 19.7"
"26,30 : 46.52"
"26,31 : 83.19"
"26,32 : 67.72"
"26,33 : 84.29"
"26,34 : 6.71"
"26,35 : 90.79"
"26,36 : 81.41"
"26,37 : 99.2"
"26,38 : 42.72"
"26,39 : 22.8"
"26,40 : 80.32"
"26,41 : 24.33"
"26,42 : 25.96"
"26,43 : 40.31"
"26,44 : 68.01"
"26,45 : 23.41"
"26,46 : 79.4"
"26,47 : 96.77"
"26,48 : 57.63"
"26,49 : 30.48"
"27,0 : 31.58"
"27,1 : 67.23"
"27,2 : 55.08"
"27,3 : 45.18"
"27,4 : 6.08"
"27,5 : 48.76"
"27,6 : 41.88"
"27,7 : 75.8"
"27,8 : 78.39"
"27,9 : 16.76"
"27,10 : 61.77"
"27,11 : 48.76"
"27,12 : 47.52"
"27,13 : 40.05"
"27,14 : 67.98"
"27,15 : 38.01"
"27,16 : 79.12"
"27,17 : 67.68"
"27,18 : 29.83"
"27,19 : 104.2"
"27,20 : 84.17"
"27,21 : 29.27"
"27,22 : 41.11"
"27,23 : 38.0"
"27,24 : 56.44"
"27,25 : 51.2"
"27,26 : 96.01"
"27,27 : 0.0"
"27,28 : 41.05"
"27,29 : 97.35"
"27,30 : 73.11"
"27,31 : 14.0"
"27,32 : 60.01"
"27,33 : 42.64"
"27,34 : 96.77"
"27,35 : 9.43"
"27,36 : 17.12"
"27,37 : 61.4"
"27,38 : 70.72"
"27,39 : 74.33"
"27,40 : 63.35"
"27,41 : 85.84"
"27,42 : 77.1"
"27,43 : 73.54"
"27,44 : 60.93"
"27,45 : 99.62"
"27,46 : 21.59"
"27,47 : 13.93"
"27,48 : 44.0"
"27,49 : 70.21"
"28,0 : 40.79"
"28,1 : 26.4"
"28,2 : 78.34"
"28,3 : 6.32"
"28,4 : 37.12"
"28,5 : 66.91"
"28,6 : 1.0"
"28,7 : 42.72"
"28,8 : 38.83"
"28,9 : 25.46"
"28,10 : 21.19"
"28,11 : 66.91"
"28,12 : 20.62"
"28,13 : 70.66"
"28,14 : 59.48"
"28,15 : 45.1"
"28,16 : 64.82"
"28,17 : 87.82"
"28,18 : 41.44"
"28,19 : 98.98"
"28,20 : 49.82"
"28,21 : 38.47"
"28,22 : 5.0"
"28,23 : 69.84"
"28,24 : 15.81"
"28,25 : 37.58"
"28,26 : 80.66"
"28,27 : 41.05"
"28,28 : 0.0"
"28,29 : 90.21"
"28,30 : 80.06"
"28,31 : 30.48"
"28,32 : 78.64"
"28,33 : 4.12"
"28,34 : 78.57"
"28,35 : 31.62"
"28,36 : 27.02"
"28,37 : 93.47"
"28,38 : 75.5"
"28,39 : 58.26"
"28,40 : 87.56"
"28,41 : 61.85"
"28,42 : 72.5"
"28,43 : 77.13"
"28,44 : 79.63"
"28,45 : 93.65"
"28,46 : 22.2"
"28,47 : 53.08"
"28,48 : 25.08"
"28,49 : 50.21"
"29,0 : 121.63"
"29,1 : 90.96"
"29,2 : 66.01"
"29,3 : 85.48"
"29,4 : 100.0"
"29,5 : 59.03"
"29,6 : 89.69"
"29,7 : 65.28"
"29,8 : 85.48"
"29,9 : 87.78"
"29,10 : 88.23"
"29,11 : 59.03"
"29,12 : 69.84"
"29,13 : 80.23"
"29,14 : 31.24"
"29,15 : 59.36"
"29,16 : 26.93"
"29,17 : 59.84"
"29,18 : 120.97"
"29,19 : 9.22"
"29,20 : 68.03"
"29,21 : 118.8"
"29,22 : 95.19"
"29,23 : 82.57"
"29,24 : 88.02"
"29,25 : 53.01"
"29,26 : 19.7"
"29,27 : 97.35"
"29,28 : 90.21"
"29,29 : 0.0"
"29,30 : 34.06"
"29,31 : 86.05"
"29,32 : 57.01"
"29,33 : 94.15"
"29,34 : 26.4"
"29,35 : 93.86"
"29,36 : 85.04"
"29,37 : 88.28"
"29,38 : 32.14"
"29,39 : 33.53"
"29,40 : 68.47"
"29,41 : 42.19"
"29,42 : 20.25"
"29,43 : 29.07"
"29,44 : 57.04"
"29,45 : 4.0"
"29,46 : 84.15"
"29,47 : 95.27"
"29,48 : 65.46"
"29,49 : 42.72"
"30,0 : 101.87"
"30,1 : 90.67"
"30,2 : 32.14"
"30,3 : 77.32"
"30,4 : 77.2"
"30,5 : 27.29"
"30,6 : 79.91"
"30,7 : 72.62"
"30,8 : 90.52"
"30,9 : 68.43"
"30,10 : 86.28"
"30,11 : 27.29"
"30,12 : 63.0"
"30,13 : 47.76"
"30,14 : 29.53"
"30,15 : 37.58"
"30,16 : 38.9"
"30,17 : 26.25"
"30,18 : 100.7"
"30,19 : 36.67"
"30,20 : 78.71"
"30,21 : 99.13"
"30,22 : 84.53"
"30,23 : 50.33"
"30,24 : 84.02"
"30,25 : 45.1"
"30,26 : 46.52"
"30,27 : 73.11"
"30,28 : 80.06"
"30,29 : 34.06"
"30,30 : 0.0"
"30,31 : 65.0"
"30,32 : 23.02"
"30,33 : 84.17"
"30,34 : 51.97"
"30,35 : 72.4"
"30,36 : 65.3"
"30,37 : 54.23"
"30,38 : 5.39"
"30,39 : 41.62"
"30,40 : 34.53"
"30,41 : 58.14"
"30,42 : 21.4"
"30,43 : 6.4"
"30,44 : 23.0"
"30,45 : 34.06"
"30,46 : 66.31"
"30,47 : 67.48"
"30,48 : 56.08"
"30,49 : 48.3"
"31,0 : 36.89"
"31,1 : 55.61"
"31,2 : 53.01"
"31,3 : 33.42"
"31,4 : 14.32"
"31,5 : 43.93"
"31,6 : 31.14"
"31,7 : 61.98"
"31,8 : 65.76"
"31,9 : 5.39"
"31,10 : 50.0"
"31,11 : 43.93"
"31,12 : 33.73"
"31,13 : 41.76"
"31,14 : 55.76"
"31,15 : 27.8"
"31,16 : 66.21"
"31,17 : 64.5"
"31,18 : 35.81"
"31,19 : 93.43"
"31,20 : 70.41"
"31,21 : 34.13"
"31,22 : 31.91"
"31,23 : 40.5"
"31,24 : 44.82"
"31,25 : 37.64"
"31,26 : 83.19"
"31,27 : 14.0"
"31,28 : 30.48"
"31,29 : 86.05"
"31,30 : 65.0"
"31,31 : 0.0"
"31,32 : 55.9"
"31,33 : 33.02"
"31,34 : 83.57"
"31,35 : 7.81"
"31,36 : 3.61"
"31,37 : 64.51"
"31,38 : 61.85"
"31,39 : 61.1"
"31,40 : 62.01"
"31,41 : 72.01"
"31,42 : 65.95"
"31,43 : 64.4"
"31,44 : 56.89"
"31,45 : 88.62"
"31,46 : 8.6"
"31,47 : 23.02"
"31,48 : 30.0"
"31,49 : 56.52"
"32,0 : 91.08"
"32,1 : 95.27"
"32,2 : 9.22"
"32,3 : 77.67"
"32,4 : 65.19"
"32,5 : 12.04"
"32,6 : 78.77"
"32,7 : 83.41"
"32,8 : 98.49"
"32,9 : 60.53"
"32,10 : 90.14"
"32,11 : 12.04"
"32,12 : 66.13"
"32,13 : 26.63"
"32,14 : 44.65"
"32,15 : 33.73"
"32,16 : 56.82"
"32,17 : 9.22"
"32,18 : 89.54"
"32,19 : 59.54"
"32,20 : 90.79"
"32,21 : 88.54"
"32,22 : 82.3"
"32,23 : 29.41"
"32,24 : 86.68"
"32,25 : 51.11"
"32,26 : 67.72"
"32,27 : 60.01"
"32,28 : 78.64"
"32,29 : 57.01"
"32,30 : 23.02"
"32,31 : 55.9"
"32,32 : 0.0"
"32,33 : 82.49"
"32,34 : 72.45"
"32,35 : 62.1"
"32,36 : 57.43"
"32,37 : 31.58"
"32,38 : 25.32"
"32,39 : 57.43"
"32,40 : 13.04"
"32,41 : 74.63"
"32,42 : 41.76"
"32,43 : 28.16"
"32,44 : 1.0"
"32,45 : 57.08"
"32,46 : 60.07"
"32,47 : 51.04"
"32,48 : 58.52"
"32,49 : 61.55"
"33,0 : 39.2"
"33,1 : 25.96"
"33,2 : 82.0"
"33,3 : 9.22"
"33,4 : 38.28"
"33,5 : 70.71"
"33,6 : 4.47"
"33,7 : 44.94"
"33,8 : 39.2"
"33,9 : 27.8"
"33,10 : 21.21"
"33,11 : 70.71"
"33,12 : 24.41"
"33,13 : 73.82"
"33,14 : 63.51"
"33,15 : 49.04"
"33,16 : 68.6"
"33,17 : 91.66"
"33,18 : 40.05"
"33,19 : 102.96"
"33,20 : 51.66"
"33,21 : 37.05"
"33,22 : 2.0"
"33,23 : 72.9"
"33,24 : 16.03"
"33,25 : 41.63"
"33,26 : 84.29"
"33,27 : 42.64"
"33,28 : 4.12"
"33,29 : 94.15"
"33,30 : 84.17"
"33,31 : 33.02"
"33,32 : 82.49"
"33,33 : 0.0"
"33,34 : 82.04"
"33,35 : 33.3"
"33,36 : 29.68"
"33,37 : 96.66"
"33,38 : 79.62"
"33,39 : 62.01"
"33,40 : 91.22"
"33,41 : 65.0"
"33,42 : 76.56"
"33,43 : 81.25"
"33,44 : 83.49"
"33,45 : 97.62"
"33,46 : 25.06"
"33,47 : 55.17"
"33,48 : 29.15"
"33,49 : 53.81"
"34,0 : 115.43"
"34,1 : 72.47"
"34,2 : 80.36"
"34,3 : 72.84"
"34,4 : 97.86"
"34,5 : 70.21"
"34,6 : 77.83"
"34,7 : 44.38"
"34,8 : 64.2"
"34,9 : 83.67"
"34,10 : 71.02"
"34,11 : 70.21"
"34,12 : 58.26"
"34,13 : 90.55"
"34,14 : 31.0"
"34,15 : 61.52"
"34,16 : 18.11"
"34,17 : 77.82"
"34,18 : 115.25"
"34,19 : 34.21"
"34,20 : 44.91"
"34,21 : 112.68"
"34,22 : 83.49"
"34,23 : 92.35"
"34,24 : 72.2"
"34,25 : 46.1"
"34,26 : 6.71"
"34,27 : 96.77"
"34,28 : 78.57"
"34,29 : 26.4"
"34,30 : 51.97"
"34,31 : 83.57"
"34,32 : 72.45"
"34,33 : 82.04"
"34,34 : 0.0"
"34,35 : 91.0"
"34,36 : 81.54"
"34,37 : 103.74"
"34,38 : 47.85"
"34,39 : 22.47"
"34,40 : 85.23"
"34,41 : 19.31"
"34,42 : 30.87"
"34,43 : 45.65"
"34,44 : 72.8"
"34,45 : 30.08"
"34,46 : 79.16"
"34,47 : 98.48"
"34,48 : 56.6"
"34,49 : 28.6"
"35,0 : 29.53"
"35,1 : 57.8"
"35,2 : 58.42"
"35,3 : 35.78"
"35,4 : 7.07"
"35,5 : 50.29"
"35,6 : 32.45"
"35,7 : 67.27"
"35,8 : 69.08"
"35,9 : 8.0"
"35,10 : 52.35"
"35,11 : 50.29"
"35,12 : 39.05"
"35,13 : 45.4"
"35,14 : 63.51"
"35,15 : 35.47"
"35,16 : 73.79"
"35,17 : 70.41"
"35,18 : 28.3"
"35,19 : 101.24"
"35,20 : 75.54"
"35,21 : 26.83"
"35,22 : 31.83"
"35,23 : 43.74"
"35,24 : 47.01"
"35,25 : 44.94"
"35,26 : 90.79"
"35,27 : 9.43"
"35,28 : 31.62"
"35,29 : 93.86"
"35,30 : 72.4"
"35,31 : 7.81"
"35,32 : 62.1"
"35,33 : 33.3"
"35,34 : 91.0"
"35,35 : 0.0"
"35,36 : 9.49"
"35,37 : 67.68"
"35,38 : 69.4"
"35,39 : 68.54"
"35,40 : 67.19"
"35,41 : 78.85"
"35,42 : 73.76"
"35,43 : 72.01"
"35,44 : 63.06"
"35,45 : 96.43"
"35,46 : 13.0"
"35,47 : 22.2"
"35,48 : 36.35"
"35,49 : 63.6"
"36,0 : 37.01"
"36,1 : 52.01"
"36,2 : 55.04"
"36,3 : 29.83"
"36,4 : 16.49"
"36,5 : 45.4"
"36,6 : 27.66"
"36,7 : 58.69"
"36,8 : 62.18"
"36,9 : 3.16"
"36,10 : 46.4"
"36,11 : 45.4"
"36,12 : 30.41"
"36,13 : 44.6"
"36,14 : 54.41"
"36,15 : 27.78"
"36,16 : 64.41"
"36,17 : 66.19"
"36,18 : 36.12"
"36,19 : 92.63"
"36,20 : 67.08"
"36,21 : 34.21"
"36,22 : 28.65"
"36,23 : 43.46"
"36,24 : 41.23"
"36,25 : 35.47"
"36,26 : 81.41"
"36,27 : 17.12"
"36,28 : 27.02"
"36,29 : 85.04"
"36,30 : 65.3"
"36,31 : 3.61"
"36,32 : 57.43"
"36,33 : 29.68"
"36,34 : 81.54"
"36,35 : 9.49"
"36,36 : 0.0"
"36,37 : 67.42"
"36,38 : 61.91"
"36,39 : 59.09"
"36,40 : 64.12"
"36,41 : 69.43"
"36,42 : 65.07"
"36,43 : 64.35"
"36,44 : 58.42"
"36,45 : 87.73"
"36,46 : 5.0"
"36,47 : 26.63"
"36,48 : 27.07"
"36,49 : 54.12"
"37,0 : 92.01"
"37,1 : 115.11"
"37,2 : 23.41"
"37,3 : 94.51"
"37,4 : 67.48"
"37,5 : 34.99"
"37,6 : 93.91"
"37,7 : 109.12"
"37,8 : 121.26"
"37,9 : 69.89"
"37,10 : 109.55"
"37,11 : 34.99"
"37,12 : 86.83"
"37,13 : 22.85"
"37,14 : 74.73"
"37,15 : 54.45"
"37,16 : 87.46"
"37,17 : 29.15"
"37,18 : 90.0"
"37,19 : 90.02"
"37,20 : 117.15"
"37,21 : 90.05"
"37,22 : 95.85"
"37,23 : 24.04"
"37,24 : 105.15"
"37,25 : 75.82"
"37,26 : 99.2"
"37,27 : 61.4"
"37,28 : 93.47"
"37,29 : 88.28"
"37,30 : 54.23"
"37,31 : 64.51"
"37,32 : 31.58"
"37,33 : 96.66"
"37,34 : 103.74"
"37,35 : 67.68"
"37,36 : 67.42"
"37,37 : 0.0"
"37,38 : 56.89"
"37,39 : 87.21"
"37,40 : 20.02"
"37,41 : 104.24"
"37,42 : 73.25"
"37,43 : 59.68"
"37,44 : 31.4"
"37,45 : 88.05"
"37,46 : 71.69"
"37,47 : 48.04"
"37,48 : 79.51"
"37,49 : 89.89"
"38,0 : 98.74"
"38,1 : 85.48"
"38,2 : 34.06"
"38,3 : 72.56"
"38,4 : 74.52"
"38,5 : 27.2"
"38,6 : 75.31"
"38,7 : 67.23"
"38,8 : 85.16"
"38,9 : 65.0"
"38,10 : 81.15"
"38,11 : 27.2"
"38,12 : 58.03"
"38,13 : 48.27"
"38,14 : 24.19"
"38,15 : 34.13"
"38,16 : 33.97"
"38,17 : 29.97"
"38,18 : 97.65"
"38,19 : 36.06"
"38,20 : 73.36"
"38,21 : 95.96"
"38,22 : 80.05"
"38,23 : 50.7"
"38,24 : 79.0"
"38,25 : 40.01"
"38,26 : 42.72"
"38,27 : 70.72"
"38,28 : 75.5"
"38,29 : 32.14"
"38,30 : 5.39"
"38,31 : 61.85"
"38,32 : 25.32"
"38,33 : 79.62"
"38,34 : 47.85"
"38,35 : 69.4"
"38,36 : 61.91"
"38,37 : 56.89"
"38,38 : 0.0"
"38,39 : 36.4"
"38,40 : 37.64"
"38,41 : 53.08"
"38,42 : 17.0"
"38,43 : 3.16"
"38,44 : 25.5"
"38,45 : 32.76"
"38,46 : 62.61"
"38,47 : 66.03"
"38,48 : 51.24"
"38,49 : 42.94"
"39,0 : 93.48"
"39,1 : 57.49"
"39,2 : 64.01"
"39,3 : 53.01"
"39,4 : 75.39"
"39,5 : 52.39"
"39,6 : 57.63"
"39,7 : 33.24"
"39,8 : 53.01"
"39,9 : 61.27"
"39,10 : 54.71"
"39,11 : 52.39"
"39,12 : 37.64"
"39,13 : 71.31"
"39,14 : 12.81"
"39,15 : 40.0"
"39,16 : 6.71"
"39,17 : 64.54"
"39,18 : 93.19"
"39,19 : 42.72"
"39,20 : 37.95"
"39,21 : 90.7"
"39,22 : 63.25"
"39,23 : 72.78"
"39,24 : 54.63"
"39,25 : 23.71"
"39,26 : 22.8"
"39,27 : 74.33"
"39,28 : 58.26"
"39,29 : 33.53"
"39,30 : 41.62"
"39,31 : 61.1"
"39,32 : 57.43"
"39,33 : 62.01"
"39,34 : 22.47"
"39,35 : 68.54"
"39,36 : 59.09"
"39,37 : 87.21"
"39,38 : 36.4"
"39,39 : 0.0"
"39,40 : 70.46"
"39,41 : 17.2"
"39,42 : 22.14"
"39,43 : 35.51"
"39,44 : 58.01"
"39,45 : 37.36"
"39,46 : 56.82"
"39,47 : 76.53"
"39,48 : 34.83"
"39,49 : 9.22"
"40,0 : 94.92"
"40,1 : 106.02"
"40,2 : 9.22"
"40,3 : 87.28"
"40,4 : 69.05"
"40,5 : 21.47"
"40,6 : 87.8"
"40,7 : 95.78"
"40,8 : 110.14"
"40,9 : 67.07"
"40,10 : 100.72"
"40,11 : 21.47"
"40,12 : 76.92"
"40,13 : 24.6"
"40,14 : 57.69"
"40,15 : 43.86"
"40,16 : 69.84"
"40,17 : 9.22"
"40,18 : 93.17"
"40,19 : 70.01"
"40,20 : 103.32"
"40,21 : 92.57"
"40,22 : 90.8"
"40,23 : 27.29"
"40,24 : 96.93"
"40,25 : 63.01"
"40,26 : 80.32"
"40,27 : 63.35"
"40,28 : 87.56"
"40,29 : 68.47"
"40,30 : 34.53"
"40,31 : 62.01"
"40,32 : 13.04"
"40,33 : 91.22"
"40,34 : 85.23"
"40,35 : 67.19"
"40,36 : 64.12"
"40,37 : 20.02"
"40,38 : 37.64"
"40,39 : 70.46"
"40,40 : 0.0"
"40,41 : 87.66"
"40,42 : 54.42"
"40,43 : 40.26"
"40,44 : 12.53"
"40,45 : 68.12"
"40,46 : 67.48"
"40,47 : 52.2"
"40,48 : 69.32"
"40,49 : 74.41"
"41,0 : 100.65"
"41,1 : 53.34"
"41,2 : 81.12"
"41,3 : 55.8"
"41,4 : 85.91"
"41,5 : 69.32"
"41,6 : 61.03"
"41,7 : 25.08"
"41,8 : 44.92"
"41,9 : 71.06"
"41,10 : 52.2"
"41,11 : 69.32"
"41,12 : 42.49"
"41,13 : 87.6"
"41,14 : 30.0"
"41,15 : 54.92"
"41,16 : 19.42"
"41,17 : 81.69"
"41,18 : 100.72"
"41,19 : 51.04"
"41,20 : 26.08"
"41,21 : 97.99"
"41,22 : 66.61"
"41,23 : 88.89"
"41,24 : 53.81"
"41,25 : 35.01"
"41,26 : 24.33"
"41,27 : 85.84"
"41,28 : 61.85"
"41,29 : 42.19"
"41,30 : 58.14"
"41,31 : 72.01"
"41,32 : 74.63"
"41,33 : 65.0"
"41,34 : 19.31"
"41,35 : 78.85"
"41,36 : 69.43"
"41,37 : 104.24"
"41,38 : 53.08"
"41,39 : 17.2"
"41,40 : 87.66"
"41,41 : 0.0"
"41,42 : 37.44"
"41,43 : 51.86"
"41,44 : 75.21"
"41,45 : 46.17"
"41,46 : 66.22"
"41,47 : 90.01"
"41,48 : 42.72"
"41,49 : 16.03"
"42,0 : 101.86"
"42,1 : 77.23"
"42,2 : 50.01"
"42,3 : 68.35"
"42,4 : 79.81"
"42,5 : 41.0"
"42,6 : 72.09"
"42,7 : 55.11"
"42,8 : 74.43"
"42,9 : 67.88"
"42,10 : 73.68"
"42,11 : 41.0"
"42,12 : 52.81"
"42,13 : 62.07"
"42,14 : 13.34"
"42,15 : 39.12"
"42,16 : 18.03"
"42,17 : 46.96"
"42,18 : 101.12"
"42,19 : 27.59"
"42,20 : 60.08"
"42,21 : 99.04"
"42,22 : 77.39"
"42,23 : 64.2"
"42,24 : 72.57"
"42,25 : 34.93"
"42,26 : 25.96"
"42,27 : 77.1"
"42,28 : 72.5"
"42,29 : 20.25"
"42,30 : 21.4"
"42,31 : 65.95"
"42,32 : 41.76"
"42,33 : 76.56"
"42,34 : 30.87"
"42,35 : 73.76"
"42,36 : 65.07"
"42,37 : 73.25"
"42,38 : 17.0"
"42,39 : 22.14"
"42,40 : 54.42"
"42,41 : 37.44"
"42,42 : 0.0"
"42,43 : 15.0"
"42,44 : 42.06"
"42,45 : 22.67"
"42,46 : 64.44"
"42,47 : 75.24"
"42,48 : 47.42"
"42,49 : 30.41"
"43,0 : 101.26"
"43,1 : 86.21"
"43,2 : 37.01"
"43,3 : 73.98"
"43,4 : 77.23"
"43,5 : 30.36"
"43,6 : 76.9"
"43,7 : 67.07"
"43,8 : 85.38"
"43,9 : 67.42"
"43,10 : 82.02"
"43,11 : 30.36"
"43,12 : 59.21"
"43,13 : 51.42"
"43,14 : 23.77"
"43,15 : 36.62"
"43,16 : 32.56"
"43,17 : 32.31"
"43,18 : 100.21"
"43,19 : 32.89"
"43,20 : 72.92"
"43,21 : 98.47"
"43,22 : 81.74"
"43,23 : 53.85"
"43,24 : 80.06"
"43,25 : 41.05"
"43,26 : 40.31"
"43,27 : 73.54"
"43,28 : 77.13"
"43,29 : 29.07"
"43,30 : 6.4"
"43,31 : 64.4"
"43,32 : 28.16"
"43,33 : 81.25"
"43,34 : 45.65"
"43,35 : 72.01"
"43,36 : 64.35"
"43,37 : 59.68"
"43,38 : 3.16"
"43,39 : 35.51"
"43,40 : 40.26"
"43,41 : 51.86"
"43,42 : 15.0"
"43,43 : 0.0"
"43,44 : 28.28"
"43,45 : 29.61"
"43,46 : 64.88"
"43,47 : 69.07"
"43,48 : 52.61"
"43,49 : 42.54"
"44,0 : 92.03"
"44,1 : 96.21"
"44,2 : 9.49"
"44,3 : 78.64"
"44,4 : 66.13"
"44,5 : 13.04"
"44,6 : 79.76"
"44,7 : 84.2"
"44,8 : 99.36"
"44,9 : 61.52"
"44,10 : 91.08"
"44,11 : 13.04"
"44,12 : 67.07"
"44,13 : 27.2"
"44,14 : 45.22"
"44,15 : 34.71"
"44,16 : 57.31"
"44,17 : 8.25"
"44,18 : 90.48"
"44,19 : 59.41"
"44,20 : 91.55"
"44,21 : 89.49"
"44,22 : 83.29"
"44,23 : 30.0"
"44,24 : 87.64"
"44,25 : 51.97"
"44,26 : 68.01"
"44,27 : 60.93"
"44,28 : 79.63"
"44,29 : 57.04"
"44,30 : 23.0"
"44,31 : 56.89"
"44,32 : 1.0"
"44,33 : 83.49"
"44,34 : 72.8"
"44,35 : 63.06"
"44,36 : 58.42"
"44,37 : 31.4"
"44,38 : 25.5"
"44,39 : 58.01"
"44,40 : 12.53"
"44,41 : 75.21"
"44,42 : 42.06"
"44,43 : 28.28"
"44,44 : 0.0"
"44,45 : 57.04"
"44,46 : 61.07"
"44,47 : 51.87"
"44,48 : 59.46"
"44,49 : 62.24"
"45,0 : 124.46"
"45,1 : 94.83"
"45,2 : 66.19"
"45,3 : 89.01"
"45,4 : 102.45"
"45,5 : 59.91"
"45,6 : 93.15"
"45,7 : 69.26"
"45,8 : 89.45"
"45,9 : 90.52"
"45,10 : 92.05"
"45,11 : 59.91"
"45,12 : 73.36"
"45,13 : 81.02"
"45,14 : 34.41"
"45,15 : 61.61"
"45,16 : 30.81"
"45,17 : 59.3"
"45,18 : 123.75"
"45,19 : 5.39"
"45,20 : 72.03"
"45,21 : 121.63"
"45,22 : 98.62"
"45,23 : 83.43"
"45,24 : 91.76"
"45,25 : 56.3"
"45,26 : 23.41"
"45,27 : 99.62"
"45,28 : 93.65"
"45,29 : 4.0"
"45,30 : 34.06"
"45,31 : 88.62"
"45,32 : 57.08"
"45,33 : 97.62"
"45,34 : 30.08"
"45,35 : 96.43"
"45,36 : 87.73"
"45,37 : 88.05"
"45,38 : 32.76"
"45,39 : 37.36"
"45,40 : 68.12"
"45,41 : 46.17"
"45,42 : 22.67"
"45,43 : 29.61"
"45,44 : 57.04"
"45,45 : 0.0"
"45,46 : 87.0"
"45,47 : 97.06"
"45,48 : 68.8"
"45,49 : 46.57"
"46,0 : 37.48"
"46,1 : 47.01"
"46,2 : 58.31"
"46,3 : 24.84"
"46,4 : 20.02"
"46,5 : 48.04"
"46,6 : 22.8"
"46,7 : 54.33"
"46,8 : 57.25"
"46,9 : 5.0"
"46,10 : 41.4"
"46,11 : 48.04"
"46,12 : 26.08"
"46,13 : 48.85"
"46,14 : 53.15"
"46,15 : 28.79"
"46,16 : 62.43"
"46,17 : 69.01"
"46,18 : 36.88"
"46,19 : 92.02"
"46,20 : 62.65"
"46,21 : 34.66"
"46,22 : 24.17"
"46,23 : 47.85"
"46,24 : 36.24"
"46,25 : 33.12"
"46,26 : 79.4"
"46,27 : 21.59"
"46,28 : 22.2"
"46,29 : 84.15"
"46,30 : 66.31"
"46,31 : 8.6"
"46,32 : 60.07"
"46,33 : 25.06"
"46,34 : 79.16"
"46,35 : 13.0"
"46,36 : 5.0"
"46,37 : 71.69"
"46,38 : 62.61"
"46,39 : 56.82"
"46,40 : 67.48"
"46,41 : 66.22"
"46,42 : 64.44"
"46,43 : 64.88"
"46,44 : 61.07"
"46,45 : 87.0"
"46,46 : 0.0"
"46,47 : 31.62"
"46,48 : 23.54"
"46,49 : 51.26"
"47,0 : 44.01"
"47,1 : 78.6"
"47,2 : 44.72"
"47,3 : 56.4"
"47,4 : 19.92"
"47,5 : 41.04"
"47,6 : 53.81"
"47,7 : 83.52"
"47,8 : 88.68"
"47,9 : 27.66"
"47,10 : 73.01"
"47,11 : 41.04"
"47,12 : 55.71"
"47,13 : 27.89"
"47,14 : 68.15"
"47,15 : 37.11"
"47,16 : 80.41"
"47,17 : 57.71"
"47,18 : 42.05"
"47,19 : 101.21"
"47,20 : 92.05"
"47,21 : 42.01"
"47,22 : 53.81"
"47,23 : 25.5"
"47,24 : 67.8"
"47,25 : 55.04"
"47,26 : 96.77"
"47,27 : 13.93"
"47,28 : 53.08"
"47,29 : 95.27"
"47,30 : 67.48"
"47,31 : 23.02"
"47,32 : 51.04"
"47,33 : 55.17"
"47,34 : 98.48"
"47,35 : 22.2"
"47,36 : 26.63"
"47,37 : 48.04"
"47,38 : 66.03"
"47,39 : 76.53"
"47,40 : 52.2"
"47,41 : 90.01"
"47,42 : 75.24"
"47,43 : 69.07"
"47,44 : 51.87"
"47,45 : 97.06"
"47,46 : 31.62"
"47,47 : 0.0"
"47,48 : 50.7"
"47,49 : 74.0"
"48,0 : 58.83"
"48,1 : 36.77"
"48,2 : 60.42"
"48,3 : 21.38"
"48,4 : 43.42"
"48,5 : 47.85"
"48,6 : 24.7"
"48,7 : 32.89"
"48,8 : 41.77"
"48,9 : 28.44"
"48,10 : 31.62"
"48,11 : 47.85"
"48,12 : 7.62"
"48,13 : 58.0"
"48,14 : 34.48"
"48,15 : 25.55"
"48,16 : 41.04"
"48,17 : 67.68"
"48,18 : 58.67"
"48,19 : 74.09"
"48,20 : 41.44"
"48,21 : 56.08"
"48,22 : 29.97"
"48,23 : 58.14"
"48,24 : 28.44"
"48,25 : 12.53"
"48,26 : 57.63"
"48,27 : 44.0"
"48,28 : 25.08"
"48,29 : 65.46"
"48,30 : 56.08"
"48,31 : 30.0"
"48,32 : 58.52"
"48,33 : 29.15"
"48,34 : 56.6"
"48,35 : 36.35"
"48,36 : 27.07"
"48,37 : 79.51"
"48,38 : 51.24"
"48,39 : 34.83"
"48,40 : 69.32"
"48,41 : 42.72"
"48,42 : 47.42"
"48,43 : 52.61"
"48,44 : 59.46"
"48,45 : 68.8"
"48,46 : 23.54"
"48,47 : 50.7"
"48,48 : 0.0"
"48,49 : 28.18"
"49,0 : 86.95"
"49,1 : 48.27"
"49,2 : 67.2"
"49,3 : 44.69"
"49,4 : 70.6"
"49,5 : 54.92"
"49,6 : 49.52"
"49,7 : 24.74"
"49,8 : 44.1"
"49,9 : 55.97"
"49,10 : 45.54"
"49,11 : 54.92"
"49,12 : 29.73"
"49,13 : 72.24"
"49,14 : 18.79"
"49,15 : 39.05"
"49,16 : 15.81"
"49,17 : 69.35"
"49,18 : 86.83"
"49,19 : 51.92"
"49,20 : 30.41"
"49,21 : 84.22"
"49,22 : 55.17"
"49,23 : 73.39"
"49,24 : 45.62"
"49,25 : 19.1"
"49,26 : 30.48"
"49,27 : 70.21"
"49,28 : 50.21"
"49,29 : 42.72"
"49,30 : 48.3"
"49,31 : 56.52"
"49,32 : 61.55"
"49,33 : 53.81"
"49,34 : 28.6"
"49,35 : 63.6"
"49,36 : 54.12"
"49,37 : 89.89"
"49,38 : 42.94"
"49,39 : 9.22"
"49,40 : 74.41"
"49,41 : 16.03"
"49,42 : 30.41"
"49,43 : 42.54"
"49,44 : 62.24"
"49,45 : 46.57"
"49,46 : 51.26"
"49,47 : 74.0"
"49,48 : 28.18"
"49,49 : 0.0"
