x,y
95,83
28,88
61,24
14,73
98,26
25,23
12,99
71,23
2,31
30,43
12,93
12,43
92,55
49,60
27,68
26,39
74,95
17,72
23,50
78,92
99,93
51,74
77,9
58,61
19,16
26,35
55,19
23,11
62,71
85,59
22,84
89,32
9,29
76,32
85,65
1,78
50,24
84,26
75,89
25,80
71,54
97,46
43,95
12,92
37,48
40,52
41,9
10,24
96,53
44,27

Distanze
"0,0 : 0.0"
"0,1 : 67.19"
"0,2 : 68.1"
"0,3 : 81.61"
"0,4 : 57.08"
"0,5 : 92.2"
"0,6 : 84.53"
"0,7 : 64.62"
"0,8 : 106.55"
"0,9 : 76.32"
"0,10 : 83.6"
"0,11 : 92.14"
"0,12 : 28.16"
"0,13 : 51.43"
"0,14 : 69.63"
"0,15 : 81.84"
"0,16 : 24.19"
"0,17 : 78.77"
"0,18 : 79.2"
"0,19 : 19.24"
"0,20 : 10.77"
"0,21 : 44.91"
"0,22 : 76.16"
"0,23 : 43.05"
"0,24 : 101.32"
"0,25 : 84.05"
"0,26 : 75.47"
"0,27 : 101.82"
"0,28 : 35.11"
"0,29 : 26.0"
"0,30 : 73.01"
"0,31 : 51.35"
"0,32 : 101.55"
"0,33 : 54.42"
"0,34 : 20.59"
"0,35 : 94.13"
"0,36 : 74.2"
"0,37 : 58.05"
"0,38 : 20.88"
"0,39 : 70.06"
"0,40 : 37.64"
"0,41 : 37.05"
"0,42 : 53.37"
"0,43 : 83.49"
"0,44 : 67.74"
"0,45 : 63.13"
"0,46 : 91.61"
"0,47 : 103.47"
"0,48 : 30.02"
"0,49 : 75.74"
"1,0 : 67.19"
"1,1 : 0.0"
"1,2 : 72.01"
"1,3 : 20.52"
"1,4 : 93.51"
"1,5 : 65.07"
"1,6 : 19.42"
"1,7 : 77.94"
"1,8 : 62.65"
"1,9 : 45.04"
"1,10 : 16.76"
"1,11 : 47.76"
"1,12 : 72.01"
"1,13 : 35.0"
"1,14 : 20.02"
"1,15 : 49.04"
"1,16 : 46.53"
"1,17 : 19.42"
"1,18 : 38.33"
"1,19 : 50.16"
"1,20 : 71.18"
"1,21 : 26.93"
"1,22 : 92.96"
"1,23 : 40.36"
"1,24 : 72.56"
"1,25 : 53.04"
"1,26 : 74.09"
"1,27 : 77.16"
"1,28 : 38.01"
"1,29 : 63.95"
"1,30 : 7.21"
"1,31 : 82.81"
"1,32 : 61.98"
"1,33 : 73.76"
"1,34 : 61.47"
"1,35 : 28.79"
"1,36 : 67.68"
"1,37 : 83.55"
"1,38 : 47.01"
"1,39 : 8.54"
"1,40 : 54.82"
"1,41 : 80.78"
"1,42 : 16.55"
"1,43 : 16.49"
"1,44 : 41.0"
"1,45 : 37.95"
"1,46 : 80.06"
"1,47 : 66.48"
"1,48 : 76.48"
"1,49 : 63.06"
"2,0 : 68.1"
"2,1 : 72.01"
"2,2 : 0.0"
"2,3 : 67.9"
"2,4 : 37.05"
"2,5 : 36.01"
"2,6 : 89.59"
"2,7 : 10.05"
"2,8 : 59.41"
"2,9 : 36.36"
"2,10 : 84.63"
"2,11 : 52.55"
"2,12 : 43.84"
"2,13 : 37.95"
"2,14 : 55.61"
"2,15 : 38.08"
"2,16 : 72.18"
"2,17 : 65.12"
"2,18 : 46.04"
"2,19 : 70.09"
"2,20 : 78.77"
"2,21 : 50.99"
"2,22 : 21.93"
"2,23 : 37.12"
"2,24 : 42.76"
"2,25 : 36.69"
"2,26 : 7.81"
"2,27 : 40.16"
"2,28 : 47.01"
"2,29 : 42.44"
"2,30 : 71.56"
"2,31 : 29.12"
"2,32 : 52.24"
"2,33 : 17.0"
"2,34 : 47.51"
"2,35 : 80.72"
"2,36 : 11.0"
"2,37 : 23.09"
"2,38 : 66.49"
"2,39 : 66.57"
"2,40 : 31.62"
"2,41 : 42.19"
"2,42 : 73.25"
"2,43 : 83.82"
"2,44 : 33.94"
"2,45 : 35.0"
"2,46 : 25.0"
"2,47 : 51.0"
"2,48 : 45.45"
"2,49 : 17.26"
"3,0 : 81.61"
"3,1 : 20.52"
"3,2 : 67.9"
"3,3 : 0.0"
"3,4 : 96.25"
"3,5 : 51.2"
"3,6 : 26.08"
"3,7 : 75.82"
"3,8 : 43.68"
"3,9 : 34.0"
"3,10 : 20.1"
"3,11 : 30.07"
"3,12 : 80.05"
"3,13 : 37.34"
"3,14 : 13.93"
"3,15 : 36.06"
"3,16 : 63.91"
"3,17 : 3.16"
"3,18 : 24.7"
"3,19 : 66.76"
"3,20 : 87.32"
"3,21 : 37.01"
"3,22 : 89.81"
"3,23 : 45.61"
"3,24 : 57.22"
"3,25 : 39.85"
"3,26 : 67.8"
"3,27 : 62.65"
"3,28 : 48.04"
"3,29 : 72.37"
"3,30 : 13.6"
"3,31 : 85.48"
"3,32 : 44.28"
"3,33 : 74.33"
"3,34 : 71.45"
"3,35 : 13.93"
"3,36 : 60.8"
"3,37 : 84.31"
"3,38 : 63.06"
"3,39 : 13.04"
"3,40 : 60.08"
"3,41 : 87.28"
"3,42 : 36.4"
"3,43 : 19.1"
"3,44 : 33.97"
"3,45 : 33.42"
"3,46 : 69.46"
"3,47 : 49.16"
"3,48 : 84.4"
"3,49 : 54.92"
"4,0 : 57.08"
"4,1 : 93.51"
"4,2 : 37.05"
"4,3 : 96.25"
"4,4 : 0.0"
"4,5 : 73.06"
"4,6 : 112.81"
"4,7 : 27.17"
"4,8 : 96.13"
"4,9 : 70.09"
"4,10 : 109.02"
"4,11 : 87.66"
"4,12 : 29.61"
"4,13 : 59.64"
"4,14 : 82.49"
"4,15 : 73.16"
"4,16 : 73.05"
"4,17 : 93.15"
"4,18 : 78.75"
"4,19 : 68.96"
"4,20 : 67.01"
"4,21 : 67.18"
"4,22 : 27.02"
"4,23 : 53.15"
"4,24 : 79.63"
"4,25 : 72.56"
"4,26 : 43.57"
"4,27 : 76.49"
"4,28 : 57.63"
"4,29 : 35.47"
"4,30 : 95.6"
"4,31 : 10.82"
"4,32 : 89.05"
"4,33 : 22.8"
"4,34 : 41.11"
"4,35 : 110.06"
"4,36 : 48.04"
"4,37 : 14.0"
"4,38 : 67.07"
"4,39 : 90.8"
"4,40 : 38.9"
"4,41 : 20.02"
"4,42 : 88.24"
"4,43 : 108.41"
"4,44 : 64.85"
"4,45 : 63.56"
"4,46 : 59.48"
"4,47 : 88.02"
"4,48 : 27.07"
"4,49 : 54.01"
"5,0 : 92.2"
"5,1 : 65.07"
"5,2 : 36.01"
"5,3 : 51.2"
"5,4 : 73.06"
"5,5 : 0.0"
"5,6 : 77.1"
"5,7 : 46.0"
"5,8 : 24.35"
"5,9 : 20.62"
"5,10 : 71.2"
"5,11 : 23.85"
"5,12 : 74.25"
"5,13 : 44.1"
"5,14 : 45.04"
"5,15 : 16.03"
"5,16 : 87.09"
"5,17 : 49.65"
"5,18 : 27.07"
"5,19 : 87.01"
"5,20 : 101.86"
"5,21 : 57.25"
"5,22 : 53.85"
"5,23 : 50.33"
"5,24 : 9.22"
"5,25 : 12.04"
"5,26 : 30.27"
"5,27 : 12.17"
"5,28 : 60.61"
"5,29 : 69.97"
"5,30 : 61.07"
"5,31 : 64.63"
"5,32 : 17.09"
"5,33 : 51.79"
"5,34 : 73.24"
"5,35 : 60.01"
"5,36 : 25.02"
"5,37 : 59.08"
"5,38 : 82.8"
"5,39 : 57.0"
"5,40 : 55.47"
"5,41 : 75.58"
"5,42 : 74.22"
"5,43 : 70.21"
"5,44 : 27.73"
"5,45 : 32.65"
"5,46 : 21.26"
"5,47 : 15.03"
"5,48 : 77.08"
"5,49 : 19.42"
"6,0 : 84.53"
"6,1 : 19.42"
"6,2 : 89.59"
"6,3 : 26.08"
"6,4 : 112.81"
"6,5 : 77.1"
"6,6 : 0.0"
"6,7 : 96.21"
"6,8 : 68.73"
"6,9 : 58.82"
"6,10 : 6.0"
"6,11 : 56.0"
"6,12 : 91.3"
"6,13 : 53.76"
"6,14 : 34.44"
"6,15 : 61.61"
"6,16 : 62.13"
"6,17 : 27.46"
"6,18 : 50.22"
"6,19 : 66.37"
"6,20 : 87.21"
"6,21 : 46.32"
"6,22 : 111.02"
"6,23 : 59.67"
"6,24 : 83.29"
"6,25 : 65.51"
"6,26 : 90.82"
"6,27 : 88.68"
"6,28 : 57.31"
"6,29 : 83.24"
"6,30 : 18.03"
"6,31 : 102.07"
"6,32 : 70.06"
"6,33 : 92.66"
"6,34 : 80.53"
"6,35 : 23.71"
"6,36 : 84.08"
"6,37 : 102.53"
"6,38 : 63.79"
"6,39 : 23.02"
"6,40 : 74.2"
"6,41 : 100.17"
"6,42 : 31.26"
"6,43 : 7.0"
"6,44 : 56.8"
"6,45 : 54.71"
"6,46 : 94.56"
"6,47 : 75.03"
"6,48 : 95.77"
"6,49 : 78.79"
"7,0 : 64.62"
"7,1 : 77.94"
"7,2 : 10.05"
"7,3 : 75.82"
"7,4 : 27.17"
"7,5 : 46.0"
"7,6 : 96.21"
"7,7 : 0.0"
"7,8 : 69.46"
"7,9 : 45.62"
"7,10 : 91.55"
"7,11 : 62.3"
"7,12 : 38.28"
"7,13 : 43.05"
"7,14 : 62.94"
"7,15 : 47.76"
"7,16 : 72.06"
"7,17 : 72.92"
"7,18 : 55.07"
"7,19 : 69.35"
"7,20 : 75.39"
"7,21 : 54.78"
"7,22 : 15.23"
"7,23 : 40.16"
"7,24 : 52.47"
"7,25 : 46.57"
"7,26 : 16.49"
"7,27 : 49.48"
"7,28 : 48.84"
"7,29 : 38.63"
"7,30 : 78.24"
"7,31 : 20.12"
"7,32 : 62.29"
"7,33 : 10.3"
"7,34 : 44.27"
"7,35 : 89.02"
"7,36 : 21.02"
"7,37 : 13.34"
"7,38 : 66.12"
"7,39 : 73.25"
"7,40 : 31.0"
"7,41 : 34.71"
"7,42 : 77.25"
"7,43 : 90.79"
"7,44 : 42.2"
"7,45 : 42.45"
"7,46 : 33.11"
"7,47 : 61.01"
"7,48 : 39.05"
"7,49 : 27.29"
"8,0 : 106.55"
"8,1 : 62.65"
"8,2 : 59.41"
"8,3 : 43.68"
"8,4 : 96.13"
"8,5 : 24.35"
"8,6 : 68.73"
"8,7 : 69.46"
"8,8 : 0.0"
"8,9 : 30.46"
"8,10 : 62.8"
"8,11 : 15.62"
"8,12 : 93.15"
"8,13 : 55.23"
"8,14 : 44.65"
"8,15 : 25.3"
"8,16 : 96.33"
"8,17 : 43.66"
"8,18 : 28.32"
"8,19 : 97.45"
"8,20 : 115.12"
"8,21 : 65.19"
"8,22 : 78.16"
"8,23 : 63.53"
"8,24 : 22.67"
"8,25 : 24.33"
"8,26 : 54.34"
"8,27 : 29.0"
"8,28 : 72.11"
"8,29 : 87.6"
"8,30 : 56.65"
"8,31 : 87.01"
"8,32 : 7.28"
"8,33 : 74.01"
"8,34 : 89.69"
"8,35 : 47.01"
"8,36 : 48.51"
"8,37 : 82.15"
"8,38 : 93.24"
"8,39 : 54.13"
"8,40 : 72.73"
"8,41 : 96.18"
"8,42 : 76.01"
"8,43 : 61.81"
"8,44 : 38.91"
"8,45 : 43.42"
"8,46 : 44.78"
"8,47 : 10.63"
"8,48 : 96.54"
"8,49 : 42.19"
"9,0 : 76.32"
"9,1 : 45.04"
"9,2 : 36.36"
"9,3 : 34.0"
"9,4 : 70.09"
"9,5 : 20.62"
"9,6 : 58.82"
"9,7 : 45.62"
"9,8 : 30.46"
"9,9 : 0.0"
"9,10 : 53.14"
"9,11 : 18.0"
"9,12 : 63.15"
"9,13 : 25.5"
"9,14 : 25.18"
"9,15 : 5.66"
"9,16 : 68.12"
"9,17 : 31.78"
"9,18 : 9.9"
"9,19 : 68.59"
"9,20 : 85.21"
"9,21 : 37.44"
"9,22 : 58.01"
"9,23 : 33.29"
"9,24 : 29.15"
"9,25 : 8.94"
"9,26 : 34.66"
"9,27 : 32.76"
"9,28 : 42.52"
"9,29 : 57.28"
"9,30 : 41.77"
"9,31 : 60.02"
"9,32 : 25.24"
"9,33 : 47.3"
"9,34 : 59.24"
"9,35 : 45.45"
"9,36 : 27.59"
"9,37 : 56.61"
"9,38 : 64.35"
"9,39 : 37.34"
"9,40 : 42.45"
"9,41 : 67.07"
"9,42 : 53.6"
"9,43 : 52.2"
"9,44 : 8.6"
"9,45 : 13.45"
"9,46 : 35.74"
"9,47 : 27.59"
"9,48 : 66.75"
"9,49 : 21.26"
"10,0 : 83.6"
"10,1 : 16.76"
"10,2 : 84.63"
"10,3 : 20.1"
"10,4 : 109.02"
"10,5 : 71.2"
"10,6 : 6.0"
"10,7 : 91.55"
"10,8 : 62.8"
"10,9 : 53.14"
"10,10 : 0.0"
"10,11 : 50.0"
"10,12 : 88.57"
"10,13 : 49.58"
"10,14 : 29.15"
"10,15 : 55.79"
"10,16 : 62.03"
"10,17 : 21.59"
"10,18 : 44.38"
"10,19 : 66.01"
"10,20 : 87.0"
"10,21 : 43.38"
"10,22 : 106.21"
"10,23 : 56.04"
"10,24 : 77.32"
"10,25 : 59.67"
"10,26 : 85.59"
"10,27 : 82.73"
"10,28 : 54.63"
"10,29 : 80.53"
"10,30 : 13.45"
"10,31 : 98.23"
"10,32 : 64.07"
"10,33 : 88.41"
"10,34 : 78.19"
"10,35 : 18.6"
"10,36 : 78.77"
"10,37 : 98.35"
"10,38 : 63.13"
"10,39 : 18.38"
"10,40 : 70.72"
"10,41 : 97.13"
"10,42 : 31.06"
"10,43 : 1.0"
"10,44 : 51.48"
"10,45 : 49.65"
"10,46 : 88.87"
"10,47 : 69.03"
"10,48 : 93.04"
"10,49 : 73.35"
"11,0 : 92.14"
"11,1 : 47.76"
"11,2 : 52.55"
"11,3 : 30.07"
"11,4 : 87.66"
"11,5 : 23.85"
"11,6 : 56.0"
"11,7 : 62.3"
"11,8 : 15.62"
"11,9 : 18.0"
"11,10 : 50.0"
"11,11 : 0.0"
"11,12 : 80.89"
"11,13 : 40.72"
"11,14 : 29.15"
"11,15 : 14.56"
"11,16 : 80.92"
"11,17 : 29.43"
"11,18 : 13.04"
"11,19 : 82.2"
"11,20 : 100.34"
"11,21 : 49.82"
"11,22 : 73.36"
"11,23 : 49.4"
"11,24 : 27.89"
"11,25 : 16.12"
"11,26 : 49.24"
"11,27 : 33.84"
"11,28 : 57.31"
"11,29 : 74.73"
"11,30 : 42.2"
"11,31 : 77.78"
"11,32 : 14.32"
"11,33 : 64.94"
"11,34 : 76.24"
"11,35 : 36.69"
"11,36 : 42.49"
"11,37 : 73.98"
"11,38 : 78.01"
"11,39 : 39.22"
"11,40 : 60.02"
"11,41 : 85.05"
"11,42 : 60.54"
"11,43 : 49.0"
"11,44 : 25.5"
"11,45 : 29.41"
"11,46 : 44.69"
"11,47 : 19.1"
"11,48 : 84.59"
"11,49 : 35.78"
"12,0 : 28.16"
"12,1 : 72.01"
"12,2 : 43.84"
"12,3 : 80.05"
"12,4 : 29.61"
"12,5 : 74.25"
"12,6 : 91.3"
"12,7 : 38.28"
"12,8 : 93.15"
"12,9 : 63.15"
"12,10 : 88.57"
"12,11 : 80.89"
"12,12 : 0.0"
"12,13 : 43.29"
"12,14 : 66.29"
"12,15 : 67.91"
"12,16 : 43.86"
"12,17 : 76.9"
"12,18 : 69.18"
"12,19 : 39.56"
"12,20 : 38.64"
"12,21 : 45.19"
"12,22 : 48.38"
"12,23 : 34.53"
"12,24 : 82.76"
"12,25 : 68.96"
"12,26 : 51.62"
"12,27 : 81.84"
"12,28 : 34.0"
"12,29 : 8.06"
"12,30 : 75.77"
"12,31 : 23.19"
"12,32 : 86.98"
"12,33 : 28.02"
"12,34 : 12.21"
"12,35 : 93.86"
"12,36 : 52.2"
"12,37 : 30.08"
"12,38 : 38.01"
"12,39 : 71.51"
"12,40 : 21.02"
"12,41 : 10.3"
"12,42 : 63.25"
"12,43 : 88.14"
"12,44 : 55.44"
"12,45 : 52.09"
"12,46 : 68.68"
"12,47 : 87.66"
"12,48 : 4.47"
"12,49 : 55.57"
"13,0 : 51.43"
"13,1 : 35.0"
"13,2 : 37.95"
"13,3 : 37.34"
"13,4 : 59.64"
"13,5 : 44.1"
"13,6 : 53.76"
"13,7 : 43.05"
"13,8 : 55.23"
"13,9 : 25.5"
"13,10 : 49.58"
"13,11 : 40.72"
"13,12 : 43.29"
"13,13 : 0.0"
"13,14 : 23.41"
"13,15 : 31.14"
"13,16 : 43.01"
"13,17 : 34.18"
"13,18 : 27.86"
"13,19 : 43.19"
"13,20 : 59.91"
"13,21 : 14.14"
"13,22 : 58.18"
"13,23 : 9.06"
"13,24 : 53.25"
"13,25 : 33.97"
"13,26 : 41.44"
"13,27 : 55.47"
"13,28 : 17.03"
"13,29 : 36.01"
"13,30 : 36.12"
"13,31 : 48.83"
"13,32 : 50.61"
"13,33 : 38.9"
"13,34 : 36.35"
"13,35 : 51.26"
"13,36 : 36.01"
"13,37 : 48.8"
"13,38 : 38.95"
"13,39 : 31.24"
"13,40 : 22.8"
"13,41 : 50.0"
"13,42 : 35.51"
"13,43 : 48.92"
"13,44 : 16.97"
"13,45 : 12.04"
"13,46 : 51.62"
"13,47 : 53.08"
"13,48 : 47.52"
"13,49 : 33.38"
"14,0 : 69.63"
"14,1 : 20.02"
"14,2 : 55.61"
"14,3 : 13.93"
"14,4 : 82.49"
"14,5 : 45.04"
"14,6 : 34.44"
"14,7 : 62.94"
"14,8 : 44.65"
"14,9 : 25.18"
"14,10 : 29.15"
"14,11 : 29.15"
"14,12 : 66.29"
"14,13 : 23.41"
"14,14 : 0.0"
"14,15 : 29.02"
"14,16 : 54.2"
"14,17 : 10.77"
"14,18 : 18.44"
"14,19 : 56.36"
"14,20 : 76.22"
"14,21 : 24.74"
"14,22 : 77.34"
"14,23 : 31.78"
"14,24 : 52.61"
"14,25 : 33.02"
"14,26 : 56.44"
"14,27 : 57.14"
"14,28 : 35.13"
"14,29 : 58.69"
"14,30 : 16.76"
"14,31 : 71.69"
"14,32 : 42.95"
"14,33 : 60.8"
"14,34 : 58.08"
"14,35 : 27.86"
"14,36 : 49.65"
"14,37 : 70.8"
"14,38 : 52.39"
"14,39 : 12.17"
"14,40 : 46.17"
"14,41 : 73.38"
"14,42 : 31.38"
"14,43 : 28.3"
"14,44 : 22.36"
"14,45 : 20.62"
"14,46 : 60.64"
"14,47 : 47.17"
"14,48 : 70.61"
"14,49 : 44.38"
"15,0 : 81.84"
"15,1 : 49.04"
"15,2 : 38.08"
"15,3 : 36.06"
"15,4 : 73.16"
"15,5 : 16.03"
"15,6 : 61.61"
"15,7 : 47.76"
"15,8 : 25.3"
"15,9 : 5.66"
"15,10 : 55.79"
"15,11 : 14.56"
"15,12 : 67.91"
"15,13 : 31.14"
"15,14 : 29.02"
"15,15 : 0.0"
"15,16 : 73.76"
"15,17 : 34.21"
"15,18 : 11.4"
"15,19 : 74.25"
"15,20 : 90.8"
"15,21 : 43.01"
"15,22 : 59.17"
"15,23 : 38.83"
"15,24 : 24.04"
"15,25 : 4.0"
"15,26 : 35.23"
"15,27 : 28.16"
"15,28 : 48.17"
"15,29 : 62.3"
"15,30 : 45.18"
"15,31 : 63.39"
"15,32 : 19.72"
"15,33 : 50.49"
"15,34 : 64.47"
"15,35 : 46.32"
"15,36 : 28.3"
"15,37 : 59.44"
"15,38 : 70.01"
"15,39 : 41.01"
"15,40 : 47.43"
"15,41 : 71.34"
"15,42 : 58.52"
"15,43 : 54.82"
"15,44 : 14.21"
"15,45 : 19.1"
"15,46 : 33.54"
"15,47 : 21.93"
"15,48 : 71.39"
"15,49 : 21.63"
"16,0 : 24.19"
"16,1 : 46.53"
"16,2 : 72.18"
"16,3 : 63.91"
"16,4 : 73.05"
"16,5 : 87.09"
"16,6 : 62.13"
"16,7 : 72.06"
"16,8 : 96.33"
"16,9 : 68.12"
"16,10 : 62.03"
"16,11 : 80.92"
"16,12 : 43.86"
"16,13 : 43.01"
"16,14 : 54.2"
"16,15 : 73.76"
"16,16 : 0.0"
"16,17 : 61.47"
"16,18 : 68.01"
"16,19 : 5.0"
"16,20 : 25.08"
"16,21 : 31.14"
"16,22 : 86.05"
"16,23 : 37.58"
"16,24 : 96.26"
"16,25 : 76.84"
"16,26 : 78.34"
"16,27 : 98.27"
"16,28 : 26.83"
"16,29 : 37.64"
"16,30 : 53.15"
"16,31 : 64.76"
"16,32 : 92.63"
"16,33 : 63.03"
"16,34 : 31.95"
"16,35 : 74.95"
"16,36 : 74.95"
"16,37 : 69.72"
"16,38 : 6.08"
"16,39 : 51.24"
"16,40 : 41.11"
"16,41 : 54.13"
"16,42 : 31.0"
"16,43 : 62.07"
"16,44 : 59.82"
"16,45 : 54.82"
"16,46 : 92.11"
"16,47 : 95.59"
"16,48 : 47.41"
"16,49 : 74.32"
"17,0 : 78.77"
"17,1 : 19.42"
"17,2 : 65.12"
"17,3 : 3.16"
"17,4 : 93.15"
"17,5 : 49.65"
"17,6 : 27.46"
"17,7 : 72.92"
"17,8 : 43.66"
"17,9 : 31.78"
"17,10 : 21.59"
"17,11 : 29.43"
"17,12 : 76.9"
"17,13 : 34.18"
"17,14 : 10.77"
"17,15 : 34.21"
"17,16 : 61.47"
"17,17 : 0.0"
"17,18 : 22.8"
"17,19 : 64.2"
"17,20 : 84.65"
"17,21 : 34.06"
"17,22 : 87.0"
"17,23 : 42.45"
"17,24 : 56.04"
"17,25 : 38.08"
"17,26 : 65.22"
"17,27 : 61.29"
"17,28 : 45.01"
"17,29 : 69.23"
"17,30 : 13.0"
"17,31 : 82.37"
"17,32 : 43.74"
"17,33 : 71.28"
"17,34 : 68.36"
"17,35 : 17.09"
"17,36 : 58.25"
"17,37 : 81.27"
"17,38 : 60.44"
"17,39 : 11.31"
"17,40 : 56.92"
"17,41 : 84.12"
"17,42 : 34.71"
"17,43 : 20.62"
"17,44 : 31.24"
"17,45 : 30.48"
"17,46 : 67.42"
"17,47 : 48.51"
"17,48 : 81.25"
"17,49 : 52.48"
"18,0 : 79.2"
"18,1 : 38.33"
"18,2 : 46.04"
"18,3 : 24.7"
"18,4 : 78.75"
"18,5 : 27.07"
"18,6 : 50.22"
"18,7 : 55.07"
"18,8 : 28.32"
"18,9 : 9.9"
"18,10 : 44.38"
"18,11 : 13.04"
"18,12 : 69.18"
"18,13 : 27.86"
"18,14 : 18.44"
"18,15 : 11.4"
"18,16 : 68.01"
"18,17 : 22.8"
"18,18 : 0.0"
"18,19 : 69.2"
"18,20 : 87.32"
"18,21 : 36.88"
"18,22 : 67.8"
"18,23 : 36.69"
"18,24 : 34.23"
"18,25 : 15.3"
"18,26 : 44.55"
"18,27 : 39.0"
"18,28 : 44.29"
"18,29 : 62.65"
"18,30 : 34.01"
"18,31 : 68.41"
"18,32 : 25.24"
"18,33 : 55.97"
"18,34 : 63.79"
"18,35 : 35.61"
"18,36 : 37.48"
"18,37 : 65.55"
"18,38 : 65.0"
"18,39 : 30.07"
"18,40 : 48.17"
"18,41 : 74.11"
"18,42 : 49.24"
"18,43 : 43.42"
"18,44 : 14.14"
"18,45 : 17.12"
"18,46 : 44.78"
"18,47 : 29.07"
"18,48 : 73.06"
"18,49 : 31.14"
"19,0 : 19.24"
"19,1 : 50.16"
"19,2 : 70.09"
"19,3 : 66.76"
"19,4 : 68.96"
"19,5 : 87.01"
"19,6 : 66.37"
"19,7 : 69.35"
"19,8 : 97.45"
"19,9 : 68.59"
"19,10 : 66.01"
"19,11 : 82.2"
"19,12 : 39.56"
"19,13 : 43.19"
"19,14 : 56.36"
"19,15 : 74.25"
"19,16 : 5.0"
"19,17 : 64.2"
"19,18 : 69.2"
"19,19 : 0.0"
"19,20 : 21.02"
"19,21 : 32.45"
"19,22 : 83.01"
"19,23 : 36.89"
"19,24 : 96.21"
"19,25 : 77.16"
"19,26 : 76.54"
"19,27 : 97.91"
"19,28 : 26.4"
"19,29 : 33.73"
"19,30 : 56.57"
"19,31 : 61.0"
"19,32 : 93.43"
"19,33 : 60.03"
"19,34 : 27.89"
"19,35 : 78.26"
"19,36 : 73.54"
"19,37 : 66.27"
"19,38 : 4.24"
"19,39 : 54.34"
"19,40 : 38.64"
"19,41 : 49.77"
"19,42 : 35.13"
"19,43 : 66.0"
"19,44 : 60.14"
"19,45 : 55.17"
"19,46 : 90.87"
"19,47 : 96.17"
"19,48 : 42.95"
"19,49 : 73.36"
"20,0 : 10.77"
"20,1 : 71.18"
"20,2 : 78.77"
"20,3 : 87.32"
"20,4 : 67.01"
"20,5 : 101.86"
"20,6 : 87.21"
"20,7 : 75.39"
"20,8 : 115.12"
"20,9 : 85.21"
"20,10 : 87.0"
"20,11 : 100.34"
"20,12 : 38.64"
"20,13 : 59.91"
"20,14 : 76.22"
"20,15 : 90.8"
"20,16 : 25.08"
"20,17 : 84.65"
"20,18 : 87.32"
"20,19 : 21.02"
"20,20 : 0.0"
"20,21 : 51.62"
"20,22 : 86.83"
"20,23 : 52.01"
"20,24 : 111.04"
"20,25 : 93.24"
"20,26 : 86.09"
"20,27 : 111.8"
"20,28 : 43.05"
"20,29 : 36.77"
"20,30 : 77.52"
"20,31 : 61.81"
"20,32 : 110.44"
"20,33 : 65.19"
"20,34 : 31.3"
"20,35 : 99.14"
"20,36 : 84.63"
"20,37 : 68.66"
"20,38 : 24.33"
"20,39 : 75.13"
"20,40 : 48.01"
"20,41 : 47.04"
"20,42 : 56.04"
"20,43 : 87.01"
"20,44 : 76.61"
"20,45 : 71.85"
"20,46 : 102.08"
"20,47 : 112.61"
"20,48 : 40.11"
"20,49 : 85.91"
"21,0 : 44.91"
"21,1 : 26.93"
"21,2 : 50.99"
"21,3 : 37.01"
"21,4 : 67.18"
"21,5 : 57.25"
"21,6 : 46.32"
"21,7 : 54.78"
"21,8 : 65.19"
"21,9 : 37.44"
"21,10 : 43.38"
"21,11 : 49.82"
"21,12 : 45.19"
"21,13 : 14.14"
"21,14 : 24.74"
"21,15 : 43.01"
"21,16 : 31.14"
"21,17 : 34.06"
"21,18 : 36.88"
"21,19 : 32.45"
"21,20 : 51.62"
"21,21 : 0.0"
"21,22 : 70.01"
"21,23 : 14.76"
"21,24 : 66.24"
"21,25 : 46.32"
"21,26 : 55.15"
"21,27 : 68.94"
"21,28 : 11.4"
"21,29 : 37.16"
"21,30 : 30.68"
"21,31 : 56.64"
"21,32 : 61.55"
"21,33 : 48.88"
"21,34 : 35.17"
"21,35 : 50.16"
"21,36 : 50.01"
"21,37 : 58.25"
"21,38 : 28.3"
"21,39 : 26.68"
"21,40 : 28.28"
"21,41 : 53.85"
"21,42 : 22.47"
"21,43 : 42.95"
"21,44 : 29.53"
"21,45 : 24.6"
"21,46 : 65.76"
"21,47 : 64.66"
"21,48 : 49.66"
"21,49 : 47.52"
"22,0 : 76.16"
"22,1 : 92.96"
"22,2 : 21.93"
"22,3 : 89.81"
"22,4 : 27.02"
"22,5 : 53.85"
"22,6 : 111.02"
"22,7 : 15.23"
"22,8 : 78.16"
"22,9 : 58.01"
"22,10 : 106.21"
"22,11 : 73.36"
"22,12 : 48.38"
"22,13 : 58.18"
"22,14 : 77.34"
"22,15 : 59.17"
"22,16 : 86.05"
"22,17 : 87.0"
"22,18 : 67.8"
"22,19 : 83.01"
"22,20 : 86.83"
"22,21 : 70.01"
"22,22 : 0.0"
"22,23 : 55.36"
"22,24 : 58.42"
"22,25 : 57.25"
"22,26 : 24.17"
"22,27 : 54.04"
"22,28 : 63.79"
"22,29 : 50.64"
"22,30 : 93.01"
"22,31 : 25.94"
"22,32 : 70.88"
"22,33 : 23.02"
"22,34 : 56.57"
"22,35 : 102.65"
"22,36 : 30.89"
"22,37 : 18.38"
"22,38 : 80.02"
"22,39 : 88.01"
"22,40 : 45.4"
"22,41 : 42.06"
"22,42 : 92.48"
"22,43 : 105.42"
"22,44 : 55.87"
"22,45 : 56.73"
"22,46 : 36.0"
"22,47 : 68.66"
"22,48 : 47.93"
"22,49 : 37.59"
"23,0 : 43.05"
"23,1 : 40.36"
"23,2 : 37.12"
"23,3 : 45.61"
"23,4 : 53.15"
"23,5 : 50.33"
"23,6 : 59.67"
"23,7 : 40.16"
"23,8 : 63.53"
"23,9 : 33.29"
"23,10 : 56.04"
"23,11 : 49.4"
"23,12 : 34.53"
"23,13 : 9.06"
"23,14 : 31.78"
"23,15 : 38.83"
"23,16 : 37.58"
"23,17 : 42.45"
"23,18 : 36.69"
"23,19 : 36.89"
"23,20 : 52.01"
"23,21 : 14.76"
"23,22 : 55.36"
"23,23 : 0.0"
"23,24 : 59.55"
"23,25 : 41.23"
"23,26 : 42.11"
"23,27 : 61.03"
"23,28 : 10.77"
"23,29 : 27.07"
"23,30 : 42.72"
"23,31 : 42.45"
"23,32 : 58.52"
"23,33 : 34.13"
"23,34 : 27.29"
"23,35 : 59.48"
"23,36 : 37.85"
"23,37 : 43.6"
"23,38 : 32.76"
"23,39 : 38.08"
"23,40 : 14.76"
"23,41 : 41.79"
"23,42 : 37.16"
"23,43 : 55.47"
"23,44 : 24.7"
"23,45 : 20.12"
"23,46 : 54.71"
"23,47 : 60.61"
"23,48 : 38.83"
"23,49 : 36.77"
"24,0 : 101.32"
"24,1 : 72.56"
"24,2 : 42.76"
"24,3 : 57.22"
"24,4 : 79.63"
"24,5 : 9.22"
"24,6 : 83.29"
"24,7 : 52.47"
"24,8 : 22.67"
"24,9 : 29.15"
"24,10 : 77.32"
"24,11 : 27.89"
"24,12 : 82.76"
"24,13 : 53.25"
"24,14 : 52.61"
"24,15 : 24.04"
"24,16 : 96.26"
"24,17 : 56.04"
"24,18 : 34.23"
"24,19 : 96.21"
"24,20 : 111.04"
"24,21 : 66.24"
"24,22 : 58.42"
"24,23 : 59.55"
"24,24 : 0.0"
"24,25 : 20.25"
"24,26 : 36.12"
"24,27 : 6.4"
"24,28 : 69.81"
"24,29 : 78.77"
"24,30 : 68.07"
"24,31 : 71.81"
"24,32 : 16.4"
"24,33 : 59.2"
"24,34 : 82.2"
"24,35 : 64.56"
"24,36 : 32.02"
"24,37 : 65.76"
"24,38 : 92.01"
"24,39 : 64.28"
"24,40 : 64.4"
"24,41 : 83.57"
"24,42 : 82.57"
"24,43 : 76.32"
"24,44 : 36.72"
"24,45 : 41.68"
"24,46 : 23.09"
"24,47 : 12.04"
"24,48 : 85.43"
"24,49 : 27.31"
"25,0 : 84.05"
"25,1 : 53.04"
"25,2 : 36.69"
"25,3 : 39.85"
"25,4 : 72.56"
"25,5 : 12.04"
"25,6 : 65.51"
"25,7 : 46.57"
"25,8 : 24.33"
"25,9 : 8.94"
"25,10 : 59.67"
"25,11 : 16.12"
"25,12 : 68.96"
"25,13 : 33.97"
"25,14 : 33.02"
"25,15 : 4.0"
"25,16 : 76.84"
"25,17 : 38.08"
"25,18 : 15.3"
"25,19 : 77.16"
"25,20 : 93.24"
"25,21 : 46.32"
"25,22 : 57.25"
"25,23 : 41.23"
"25,24 : 20.25"
"25,25 : 0.0"
"25,26 : 33.12"
"25,27 : 24.19"
"25,28 : 50.91"
"25,29 : 63.69"
"25,30 : 49.16"
"25,31 : 63.07"
"25,32 : 18.03"
"25,33 : 50.09"
"25,34 : 66.19"
"25,35 : 49.74"
"25,36 : 26.4"
"25,37 : 58.69"
"25,38 : 72.92"
"25,39 : 45.01"
"25,40 : 48.85"
"25,41 : 71.85"
"25,42 : 62.36"
"25,43 : 58.69"
"25,44 : 17.03"
"25,45 : 22.02"
"25,46 : 30.02"
"25,47 : 19.42"
"25,48 : 72.28"
"25,49 : 19.7"
"26,0 : 75.47"
"26,1 : 74.09"
"26,2 : 7.81"
"26,3 : 67.8"
"26,4 : 43.57"
"26,5 : 30.27"
"26,6 : 90.82"
"26,7 : 16.49"
"26,8 : 54.34"
"26,9 : 34.66"
"26,10 : 85.59"
"26,11 : 49.24"
"26,12 : 51.62"
"26,13 : 41.44"
"26,14 : 56.44"
"26,15 : 35.23"
"26,16 : 78.34"
"26,17 : 65.22"
"26,18 : 44.55"
"26,19 : 76.54"
"26,20 : 86.09"
"26,21 : 55.15"
"26,22 : 24.17"
"26,23 : 42.11"
"26,24 : 36.12"
"26,25 : 33.12"
"26,26 : 0.0"
"26,27 : 32.98"
"26,28 : 52.47"
"26,29 : 50.0"
"26,30 : 72.9"
"26,31 : 36.4"
"26,32 : 47.07"
"26,33 : 24.7"
"26,34 : 54.92"
"26,35 : 79.98"
"26,36 : 7.07"
"26,37 : 29.83"
"26,38 : 72.8"
"26,39 : 67.98"
"26,40 : 38.48"
"26,41 : 49.93"
"26,42 : 76.94"
"26,43 : 84.72"
"26,44 : 34.13"
"26,45 : 36.25"
"26,46 : 17.2"
"26,47 : 45.28"
"26,48 : 53.26"
"26,49 : 13.6"
"27,0 : 101.82"
"27,1 : 77.16"
"27,2 : 40.16"
"27,3 : 62.65"
"27,4 : 76.49"
"27,5 : 12.17"
"27,6 : 88.68"
"27,7 : 49.48"
"27,8 : 29.0"
"27,9 : 32.76"
"27,10 : 82.73"
"27,11 : 33.84"
"27,12 : 81.84"
"27,13 : 55.47"
"27,14 : 57.14"
"27,15 : 28.16"
"27,16 : 98.27"
"27,17 : 61.29"
"27,18 : 39.0"
"27,19 : 97.91"
"27,20 : 111.8"
"27,21 : 68.94"
"27,22 : 54.04"
"27,23 : 61.03"
"27,24 : 6.4"
"27,25 : 24.19"
"27,26 : 32.98"
"27,27 : 0.0"
"27,28 : 71.56"
"27,29 : 78.41"
"27,30 : 73.01"
"27,31 : 69.26"
"27,32 : 22.8"
"27,33 : 57.01"
"27,34 : 82.22"
"27,35 : 70.52"
"27,36 : 29.97"
"27,37 : 62.82"
"27,38 : 93.74"
"27,39 : 69.03"
"27,40 : 64.44"
"27,41 : 81.86"
"27,42 : 86.35"
"27,43 : 81.74"
"27,44 : 39.56"
"27,45 : 44.38"
"27,46 : 18.11"
"27,47 : 18.38"
"27,48 : 84.22"
"27,49 : 26.4"
"28,0 : 35.11"
"28,1 : 38.01"
"28,2 : 47.01"
"28,3 : 48.04"
"28,4 : 57.63"
"28,5 : 60.61"
"28,6 : 57.31"
"28,7 : 48.84"
"28,8 : 72.11"
"28,9 : 42.52"
"28,10 : 54.63"
"28,11 : 57.31"
"28,12 : 34.0"
"28,13 : 17.03"
"28,14 : 35.13"
"28,15 : 48.17"
"28,16 : 26.83"
"28,17 : 45.01"
"28,18 : 44.29"
"28,19 : 26.4"
"28,20 : 43.05"
"28,21 : 11.4"
"28,22 : 63.79"
"28,23 : 10.77"
"28,24 : 69.81"
"28,25 : 50.91"
"28,26 : 52.47"
"28,27 : 71.56"
"28,28 : 0.0"
"28,29 : 25.94"
"28,30 : 42.06"
"28,31 : 47.43"
"28,32 : 67.62"
"28,33 : 41.44"
"28,34 : 23.77"
"28,35 : 61.4"
"28,36 : 48.51"
"28,37 : 50.09"
"28,38 : 22.2"
"28,39 : 38.08"
"28,40 : 19.24"
"28,41 : 43.01"
"28,42 : 30.61"
"28,43 : 54.23"
"28,44 : 33.97"
"28,45 : 29.07"
"28,46 : 65.46"
"28,47 : 70.09"
"28,48 : 38.47"
"28,49 : 47.54"
"29,0 : 26.0"
"29,1 : 63.95"
"29,2 : 42.44"
"29,3 : 72.37"
"29,4 : 35.47"
"29,5 : 69.97"
"29,6 : 83.24"
"29,7 : 38.63"
"29,8 : 87.6"
"29,9 : 57.28"
"29,10 : 80.53"
"29,11 : 74.73"
"29,12 : 8.06"
"29,13 : 36.01"
"29,14 : 58.69"
"29,15 : 62.3"
"29,16 : 37.64"
"29,17 : 69.23"
"29,18 : 62.65"
"29,19 : 33.73"
"29,20 : 36.77"
"29,21 : 37.16"
"29,22 : 50.64"
"29,23 : 27.07"
"29,24 : 78.77"
"29,25 : 63.69"
"29,26 : 50.0"
"29,27 : 78.41"
"29,28 : 25.94"
"29,29 : 0.0"
"29,30 : 67.78"
"29,31 : 27.29"
"29,32 : 81.71"
"29,33 : 28.46"
"29,34 : 6.0"
"29,35 : 86.12"
"29,36 : 49.5"
"29,37 : 33.02"
"29,38 : 31.62"
"29,39 : 63.57"
"29,40 : 14.87"
"29,41 : 17.69"
"29,42 : 55.32"
"29,43 : 80.11"
"29,44 : 49.24"
"29,45 : 45.54"
"29,46 : 66.6"
"29,47 : 82.76"
"29,48 : 12.53"
"29,49 : 52.01"
"30,0 : 73.01"
"30,1 : 7.21"
"30,2 : 71.56"
"30,3 : 13.6"
"30,4 : 95.6"
"30,5 : 61.07"
"30,6 : 18.03"
"30,7 : 78.24"
"30,8 : 56.65"
"30,9 : 41.77"
"30,10 : 13.45"
"30,11 : 42.2"
"30,12 : 75.77"
"30,13 : 36.12"
"30,14 : 16.76"
"30,15 : 45.18"
"30,16 : 53.15"
"30,17 : 13.0"
"30,18 : 34.01"
"30,19 : 56.57"
"30,20 : 77.52"
"30,21 : 30.68"
"30,22 : 93.01"
"30,23 : 42.72"
"30,24 : 68.07"
"30,25 : 49.16"
"30,26 : 72.9"
"30,27 : 73.01"
"30,28 : 42.06"
"30,29 : 67.78"
"30,30 : 0.0"
"30,31 : 84.81"
"30,32 : 56.52"
"30,33 : 74.97"
"30,34 : 65.8"
"30,35 : 21.84"
"30,36 : 66.21"
"30,37 : 84.9"
"30,38 : 53.24"
"30,39 : 5.0"
"30,40 : 57.45"
"30,41 : 84.08"
"30,42 : 23.71"
"30,43 : 12.81"
"30,44 : 39.0"
"30,45 : 36.72"
"30,46 : 77.37"
"30,47 : 61.19"
"30,48 : 80.23"
"30,49 : 61.1"
"31,0 : 51.35"
"31,1 : 82.81"
"31,2 : 29.12"
"31,3 : 85.48"
"31,4 : 10.82"
"31,5 : 64.63"
"31,6 : 102.07"
"31,7 : 20.12"
"31,8 : 87.01"
"31,9 : 60.02"
"31,10 : 98.23"
"31,11 : 77.78"
"31,12 : 23.19"
"31,13 : 48.83"
"31,14 : 71.69"
"31,15 : 63.39"
"31,16 : 64.76"
"31,17 : 82.37"
"31,18 : 68.41"
"31,19 : 61.0"
"31,20 : 61.81"
"31,21 : 56.64"
"31,22 : 25.94"
"31,23 : 42.45"
"31,24 : 71.81"
"31,25 : 63.07"
"31,26 : 36.4"
"31,27 : 69.26"
"31,28 : 47.43"
"31,29 : 27.29"
"31,30 : 84.81"
"31,31 : 0.0"
"31,32 : 80.06"
"31,33 : 13.0"
"31,34 : 33.24"
"31,35 : 99.3"
"31,36 : 39.81"
"31,37 : 7.81"
"31,38 : 58.69"
"31,39 : 80.0"
"31,40 : 28.43"
"31,41 : 16.12"
"31,42 : 78.01"
"31,43 : 97.62"
"31,44 : 54.41"
"31,45 : 52.92"
"31,46 : 53.23"
"31,47 : 79.4"
"31,48 : 22.14"
"31,49 : 45.28"
"32,0 : 101.55"
"32,1 : 61.98"
"32,2 : 52.24"
"32,3 : 44.28"
"32,4 : 89.05"
"32,5 : 17.09"
"32,6 : 70.06"
"32,7 : 62.29"
"32,8 : 7.28"
"32,9 : 25.24"
"32,10 : 64.07"
"32,11 : 14.32"
"32,12 : 86.98"
"32,13 : 50.61"
"32,14 : 42.95"
"32,15 : 19.72"
"32,16 : 92.63"
"32,17 : 43.74"
"32,18 : 25.24"
"32,19 : 93.43"
"32,20 : 110.44"
"32,21 : 61.55"
"32,22 : 70.88"
"32,23 : 58.52"
"32,24 : 16.4"
"32,25 : 18.03"
"32,26 : 47.07"
"32,27 : 22.8"
"32,28 : 67.62"
"32,29 : 81.71"
"32,30 : 56.52"
"32,31 : 80.06"
"32,32 : 0.0"
"32,33 : 67.07"
"32,34 : 84.1"
"32,35 : 49.65"
"32,36 : 41.3"
"32,37 : 75.06"
"32,38 : 89.2"
"32,39 : 53.45"
"32,40 : 66.85"
"32,41 : 89.63"
"32,42 : 74.24"
"32,43 : 63.07"
"32,44 : 33.84"
"32,45 : 38.6"
"32,46 : 37.74"
"32,47 : 5.1"
"32,48 : 90.25"
"32,49 : 35.06"
"33,0 : 54.42"
"33,1 : 73.76"
"33,2 : 17.0"
"33,3 : 74.33"
"33,4 : 22.8"
"33,5 : 51.79"
"33,6 : 92.66"
"33,7 : 10.3"
"33,8 : 74.01"
"33,9 : 47.3"
"33,10 : 88.41"
"33,11 : 64.94"
"33,12 : 28.02"
"33,13 : 38.9"
"33,14 : 60.8"
"33,15 : 50.49"
"33,16 : 63.03"
"33,17 : 71.28"
"33,18 : 55.97"
"33,19 : 60.03"
"33,20 : 65.19"
"33,21 : 48.88"
"33,22 : 23.02"
"33,23 : 34.13"
"33,24 : 59.2"
"33,25 : 50.09"
"33,26 : 24.7"
"33,27 : 57.01"
"33,28 : 41.44"
"33,29 : 28.46"
"33,30 : 74.97"
"33,31 : 13.0"
"33,32 : 67.07"
"33,33 : 0.0"
"33,34 : 34.21"
"33,35 : 87.98"
"33,36 : 27.2"
"33,37 : 10.0"
"33,38 : 57.01"
"33,39 : 70.04"
"33,40 : 22.56"
"33,41 : 25.24"
"33,42 : 71.12"
"33,43 : 87.73"
"33,44 : 42.15"
"33,45 : 41.18"
"33,46 : 41.88"
"33,47 : 66.48"
"33,48 : 29.0"
"33,49 : 32.39"
"34,0 : 20.59"
"34,1 : 61.47"
"34,2 : 47.51"
"34,3 : 71.45"
"34,4 : 41.11"
"34,5 : 73.24"
"34,6 : 80.53"
"34,7 : 44.27"
"34,8 : 89.69"
"34,9 : 59.24"
"34,10 : 78.19"
"34,11 : 76.24"
"34,12 : 12.21"
"34,13 : 36.35"
"34,14 : 58.08"
"34,15 : 64.47"
"34,16 : 31.95"
"34,17 : 68.36"
"34,18 : 63.79"
"34,19 : 27.89"
"34,20 : 31.3"
"34,21 : 35.17"
"34,22 : 56.57"
"34,23 : 27.29"
"34,24 : 82.2"
"34,25 : 66.19"
"34,26 : 54.92"
"34,27 : 82.22"
"34,28 : 23.77"
"34,29 : 6.0"
"34,30 : 65.8"
"34,31 : 33.24"
"34,32 : 84.1"
"34,33 : 34.21"
"34,34 : 0.0"
"34,35 : 85.0"
"34,36 : 53.91"
"34,37 : 39.01"
"34,38 : 26.0"
"34,39 : 61.85"
"34,40 : 17.8"
"34,41 : 22.47"
"34,42 : 51.61"
"34,43 : 77.83"
"34,44 : 50.92"
"34,45 : 46.84"
"34,46 : 71.22"
"34,47 : 85.48"
"34,48 : 16.28"
"34,49 : 55.9"
"35,0 : 94.13"
"35,1 : 28.79"
"35,2 : 80.72"
"35,3 : 13.93"
"35,4 : 110.06"
"35,5 : 60.01"
"35,6 : 23.71"
"35,7 : 89.02"
"35,8 : 47.01"
"35,9 : 45.45"
"35,10 : 18.6"
"35,11 : 36.69"
"35,12 : 93.86"
"35,13 : 51.26"
"35,14 : 27.86"
"35,15 : 46.32"
"35,16 : 74.95"
"35,17 : 17.09"
"35,18 : 35.61"
"35,19 : 78.26"
"35,20 : 99.14"
"35,21 : 50.16"
"35,22 : 102.65"
"35,23 : 59.48"
"35,24 : 64.56"
"35,25 : 49.74"
"35,26 : 79.98"
"35,27 : 70.52"
"35,28 : 61.4"
"35,29 : 86.12"
"35,30 : 21.84"
"35,31 : 99.3"
"35,32 : 49.65"
"35,33 : 87.98"
"35,34 : 85.0"
"35,35 : 0.0"
"35,36 : 72.92"
"35,37 : 97.94"
"35,38 : 74.81"
"35,39 : 24.08"
"35,40 : 74.0"
"35,41 : 101.19"
"35,42 : 45.31"
"35,43 : 17.8"
"35,44 : 46.86"
"35,45 : 46.87"
"35,46 : 79.76"
"35,47 : 54.74"
"35,48 : 98.23"
"35,49 : 66.71"
"36,0 : 74.2"
"36,1 : 67.68"
"36,2 : 11.0"
"36,3 : 60.8"
"36,4 : 48.04"
"36,5 : 25.02"
"36,6 : 84.08"
"36,7 : 21.02"
"36,8 : 48.51"
"36,9 : 27.59"
"36,10 : 78.77"
"36,11 : 42.49"
"36,12 : 52.2"
"36,13 : 36.01"
"36,14 : 49.65"
"36,15 : 28.3"
"36,16 : 74.95"
"36,17 : 58.25"
"36,18 : 37.48"
"36,19 : 73.54"
"36,20 : 84.63"
"36,21 : 50.01"
"36,22 : 30.89"
"36,23 : 37.85"
"36,24 : 32.02"
"36,25 : 26.4"
"36,26 : 7.07"
"36,27 : 29.97"
"36,28 : 48.51"
"36,29 : 49.5"
"36,30 : 66.21"
"36,31 : 39.81"
"36,32 : 41.3"
"36,33 : 27.2"
"36,34 : 53.91"
"36,35 : 72.92"
"36,36 : 0.0"
"36,37 : 34.06"
"36,38 : 69.64"
"36,39 : 61.33"
"36,40 : 36.62"
"36,41 : 51.89"
"36,42 : 71.34"
"36,43 : 77.9"
"36,44 : 27.29"
"36,45 : 29.73"
"36,46 : 17.49"
"36,47 : 40.0"
"36,48 : 54.38"
"36,49 : 6.71"
"37,0 : 58.05"
"37,1 : 83.55"
"37,2 : 23.09"
"37,3 : 84.31"
"37,4 : 14.0"
"37,5 : 59.08"
"37,6 : 102.53"
"37,7 : 13.34"
"37,8 : 82.15"
"37,9 : 56.61"
"37,10 : 98.35"
"37,11 : 73.98"
"37,12 : 30.08"
"37,13 : 48.8"
"37,14 : 70.8"
"37,15 : 59.44"
"37,16 : 69.72"
"37,17 : 81.27"
"37,18 : 65.55"
"37,19 : 66.27"
"37,20 : 68.66"
"37,21 : 58.25"
"37,22 : 18.38"
"37,23 : 43.6"
"37,24 : 65.76"
"37,25 : 58.69"
"37,26 : 29.83"
"37,27 : 62.82"
"37,28 : 50.09"
"37,29 : 33.02"
"37,30 : 84.9"
"37,31 : 7.81"
"37,32 : 75.06"
"37,33 : 10.0"
"37,34 : 39.01"
"37,35 : 97.94"
"37,36 : 34.06"
"37,37 : 0.0"
"37,38 : 63.64"
"37,39 : 79.98"
"37,40 : 30.87"
"37,41 : 23.85"
"37,42 : 80.26"
"37,43 : 97.67"
"37,44 : 51.89"
"37,45 : 51.11"
"37,46 : 46.24"
"37,47 : 74.03"
"37,48 : 29.55"
"37,49 : 40.01"
"38,0 : 20.88"
"38,1 : 47.01"
"38,2 : 66.49"
"38,3 : 63.06"
"38,4 : 67.07"
"38,5 : 82.8"
"38,6 : 63.79"
"38,7 : 66.12"
"38,8 : 93.24"
"38,9 : 64.35"
"38,10 : 63.13"
"38,11 : 78.01"
"38,12 : 38.01"
"38,13 : 38.95"
"38,14 : 52.39"
"38,15 : 70.01"
"38,16 : 6.08"
"38,17 : 60.44"
"38,18 : 65.0"
"38,19 : 4.24"
"38,20 : 24.33"
"38,21 : 28.3"
"38,22 : 80.02"
"38,23 : 32.76"
"38,24 : 92.01"
"38,25 : 72.92"
"38,26 : 72.8"
"38,27 : 93.74"
"38,28 : 22.2"
"38,29 : 31.62"
"38,30 : 53.24"
"38,31 : 58.69"
"38,32 : 89.2"
"38,33 : 57.01"
"38,34 : 26.0"
"38,35 : 74.81"
"38,36 : 69.64"
"38,37 : 63.64"
"38,38 : 0.0"
"38,39 : 50.8"
"38,40 : 35.23"
"38,41 : 48.3"
"38,42 : 32.56"
"38,43 : 63.07"
"38,44 : 55.9"
"38,45 : 50.93"
"38,46 : 86.93"
"38,47 : 91.92"
"38,48 : 41.68"
"38,49 : 69.32"
"39,0 : 70.06"
"39,1 : 8.54"
"39,2 : 66.57"
"39,3 : 13.04"
"39,4 : 90.8"
"39,5 : 57.0"
"39,6 : 23.02"
"39,7 : 73.25"
"39,8 : 54.13"
"39,9 : 37.34"
"39,10 : 18.38"
"39,11 : 39.22"
"39,12 : 71.51"
"39,13 : 31.24"
"39,14 : 12.17"
"39,15 : 41.01"
"39,16 : 51.24"
"39,17 : 11.31"
"39,18 : 30.07"
"39,19 : 54.34"
"39,20 : 75.13"
"39,21 : 26.68"
"39,22 : 88.01"
"39,23 : 38.08"
"39,24 : 64.28"
"39,25 : 45.01"
"39,26 : 67.98"
"39,27 : 69.03"
"39,28 : 38.08"
"39,29 : 63.57"
"39,30 : 5.0"
"39,31 : 80.0"
"39,32 : 53.45"
"39,33 : 70.04"
"39,34 : 61.85"
"39,35 : 24.08"
"39,36 : 61.33"
"39,37 : 79.98"
"39,38 : 50.8"
"39,39 : 0.0"
"39,40 : 52.84"
"39,41 : 79.62"
"39,42 : 23.43"
"39,43 : 17.69"
"39,44 : 34.18"
"39,45 : 31.76"
"39,46 : 72.78"
"39,47 : 57.97"
"39,48 : 75.96"
"39,49 : 56.3"
"40,0 : 37.64"
"40,1 : 54.82"
"40,2 : 31.62"
"40,3 : 60.08"
"40,4 : 38.9"
"40,5 : 55.47"
"40,6 : 74.2"
"40,7 : 31.0"
"40,8 : 72.73"
"40,9 : 42.45"
"40,10 : 70.72"
"40,11 : 60.02"
"40,12 : 21.02"
"40,13 : 22.8"
"40,14 : 46.17"
"40,15 : 47.43"
"40,16 : 41.11"
"40,17 : 56.92"
"40,18 : 48.17"
"40,19 : 38.64"
"40,20 : 48.01"
"40,21 : 28.28"
"40,22 : 45.4"
"40,23 : 14.76"
"40,24 : 64.4"
"40,25 : 48.85"
"40,26 : 38.48"
"40,27 : 64.44"
"40,28 : 19.24"
"40,29 : 14.87"
"40,30 : 57.45"
"40,31 : 28.43"
"40,32 : 66.85"
"40,33 : 22.56"
"40,34 : 17.8"
"40,35 : 74.0"
"40,36 : 36.62"
"40,37 : 30.87"
"40,38 : 35.23"
"40,39 : 52.84"
"40,40 : 0.0"
"40,41 : 27.2"
"40,42 : 49.65"
"40,43 : 70.18"
"40,44 : 34.53"
"40,45 : 31.06"
"40,46 : 54.08"
"40,47 : 67.98"
"40,48 : 25.02"
"40,49 : 38.18"
"41,0 : 37.05"
"41,1 : 80.78"
"41,2 : 42.19"
"41,3 : 87.28"
"41,4 : 20.02"
"41,5 : 75.58"
"41,6 : 100.17"
"41,7 : 34.71"
"41,8 : 96.18"
"41,9 : 67.07"
"41,10 : 97.13"
"41,11 : 85.05"
"41,12 : 10.3"
"41,13 : 50.0"
"41,14 : 73.38"
"41,15 : 71.34"
"41,16 : 54.13"
"41,17 : 84.12"
"41,18 : 74.11"
"41,19 : 49.77"
"41,20 : 47.04"
"41,21 : 53.85"
"41,22 : 42.06"
"41,23 : 41.79"
"41,24 : 83.57"
"41,25 : 71.85"
"41,26 : 49.93"
"41,27 : 81.86"
"41,28 : 43.01"
"41,29 : 17.69"
"41,30 : 84.08"
"41,31 : 16.12"
"41,32 : 89.63"
"41,33 : 25.24"
"41,34 : 22.47"
"41,35 : 101.19"
"41,36 : 51.89"
"41,37 : 23.85"
"41,38 : 48.3"
"41,39 : 79.62"
"41,40 : 27.2"
"41,41 : 0.0"
"41,42 : 72.92"
"41,43 : 96.65"
"41,44 : 60.03"
"41,45 : 57.31"
"41,46 : 67.12"
"41,47 : 89.74"
"41,48 : 7.07"
"41,49 : 56.3"
"42,0 : 53.37"
"42,1 : 16.55"
"42,2 : 73.25"
"42,3 : 36.4"
"42,4 : 88.24"
"42,5 : 74.22"
"42,6 : 31.26"
"42,7 : 77.25"
"42,8 : 76.01"
"42,9 : 53.6"
"42,10 : 31.06"
"42,11 : 60.54"
"42,12 : 63.25"
"42,13 : 35.51"
"42,14 : 31.38"
"42,15 : 58.52"
"42,16 : 31.0"
"42,17 : 34.71"
"42,18 : 49.24"
"42,19 : 35.13"
"42,20 : 56.04"
"42,21 : 22.47"
"42,22 : 92.48"
"42,23 : 37.16"
"42,24 : 82.57"
"42,25 : 62.36"
"42,26 : 76.94"
"42,27 : 86.35"
"42,28 : 30.61"
"42,29 : 55.32"
"42,30 : 23.71"
"42,31 : 78.01"
"42,32 : 74.24"
"42,33 : 71.12"
"42,34 : 51.61"
"42,35 : 45.31"
"42,36 : 71.34"
"42,37 : 80.26"
"42,38 : 32.56"
"42,39 : 23.43"
"42,40 : 49.65"
"42,41 : 72.92"
"42,42 : 0.0"
"42,43 : 31.14"
"42,44 : 47.38"
"42,45 : 43.1"
"42,46 : 86.02"
"42,47 : 78.29"
"42,48 : 67.62"
"42,49 : 68.01"
"43,0 : 83.49"
"43,1 : 16.49"
"43,2 : 83.82"
"43,3 : 19.1"
"43,4 : 108.41"
"43,5 : 70.21"
"43,6 : 7.0"
"43,7 : 90.79"
"43,8 : 61.81"
"43,9 : 52.2"
"43,10 : 1.0"
"43,11 : 49.0"
"43,12 : 88.14"
"43,13 : 48.92"
"43,14 : 28.3"
"43,15 : 54.82"
"43,16 : 62.07"
"43,17 : 20.62"
"43,18 : 43.42"
"43,19 : 66.0"
"43,20 : 87.01"
"43,21 : 42.95"
"43,22 : 105.42"
"43,23 : 55.47"
"43,24 : 76.32"
"43,25 : 58.69"
"43,26 : 84.72"
"43,27 : 81.74"
"43,28 : 54.23"
"43,29 : 80.11"
"43,30 : 12.81"
"43,31 : 97.62"
"43,32 : 63.07"
"43,33 : 87.73"
"43,34 : 77.83"
"43,35 : 17.8"
"43,36 : 77.9"
"43,37 : 97.67"
"43,38 : 63.07"
"43,39 : 17.69"
"43,40 : 70.18"
"43,41 : 96.65"
"43,42 : 31.14"
"43,43 : 0.0"
"43,44 : 50.61"
"43,45 : 48.83"
"43,46 : 87.92"
"43,47 : 68.03"
"43,48 : 92.61"
"43,49 : 72.45"
"44,0 : 67.74"
"44,1 : 41.0"
"44,2 : 33.94"
"44,3 : 33.97"
"44,4 : 64.85"
"44,5 : 27.73"
"44,6 : 56.8"
"44,7 : 42.2"
"44,8 : 38.91"
"44,9 : 8.6"
"44,10 : 51.48"
"44,11 : 25.5"
"44,12 : 55.44"
"44,13 : 16.97"
"44,14 : 22.36"
"44,15 : 14.21"
"44,16 : 59.82"
"44,17 : 31.24"
"44,18 : 14.14"
"44,19 : 60.14"
"44,20 : 76.61"
"44,21 : 29.53"
"44,22 : 55.87"
"44,23 : 24.7"
"44,24 : 36.72"
"44,25 : 17.03"
"44,26 : 34.13"
"44,27 : 39.56"
"44,28 : 33.97"
"44,29 : 49.24"
"44,30 : 39.0"
"44,31 : 54.41"
"44,32 : 33.84"
"44,33 : 42.15"
"44,34 : 50.92"
"44,35 : 46.86"
"44,36 : 27.29"
"44,37 : 51.89"
"44,38 : 55.9"
"44,39 : 34.18"
"44,40 : 34.53"
"44,41 : 60.03"
"44,42 : 47.38"
"44,43 : 50.61"
"44,44 : 0.0"
"44,45 : 5.0"
"44,46 : 39.2"
"44,47 : 36.12"
"44,48 : 59.21"
"44,49 : 22.14"
"45,0 : 63.13"
"45,1 : 37.95"
"45,2 : 35.0"
"45,3 : 33.42"
"45,4 : 63.56"
"45,5 : 32.65"
"45,6 : 54.71"
"45,7 : 42.45"
"45,8 : 43.42"
"45,9 : 13.45"
"45,10 : 49.65"
"45,11 : 29.41"
"45,12 : 52.09"
"45,13 : 12.04"
"45,14 : 20.62"
"45,15 : 19.1"
"45,16 : 54.82"
"45,17 : 30.48"
"45,18 : 17.12"
"45,19 : 55.17"
"45,20 : 71.85"
"45,21 : 24.6"
"45,22 : 56.73"
"45,23 : 20.12"
"45,24 : 41.68"
"45,25 : 22.02"
"45,26 : 36.25"
"45,27 : 44.38"
"45,28 : 29.07"
"45,29 : 45.54"
"45,30 : 36.72"
"45,31 : 52.92"
"45,32 : 38.6"
"45,33 : 41.18"
"45,34 : 46.84"
"45,35 : 46.87"
"45,36 : 29.73"
"45,37 : 51.11"
"45,38 : 50.93"
"45,39 : 31.76"
"45,40 : 31.06"
"45,41 : 57.31"
"45,42 : 43.1"
"45,43 : 48.83"
"45,44 : 5.0"
"45,45 : 0.0"
"45,46 : 43.01"
"45,47 : 41.04"
"45,48 : 56.01"
"45,49 : 25.32"
"46,0 : 91.61"
"46,1 : 80.06"
"46,2 : 25.0"
"46,3 : 69.46"
"46,4 : 59.48"
"46,5 : 21.26"
"46,6 : 94.56"
"46,7 : 33.11"
"46,8 : 44.78"
"46,9 : 35.74"
"46,10 : 88.87"
"46,11 : 44.69"
"46,12 : 68.68"
"46,13 : 51.62"
"46,14 : 60.64"
"46,15 : 33.54"
"46,16 : 92.11"
"46,17 : 67.42"
"46,18 : 44.78"
"46,19 : 90.87"
"46,20 : 102.08"
"46,21 : 65.76"
"46,22 : 36.0"
"46,23 : 54.71"
"46,24 : 23.09"
"46,25 : 30.02"
"46,26 : 17.2"
"46,27 : 18.11"
"46,28 : 65.46"
"46,29 : 66.6"
"46,30 : 77.37"
"46,31 : 53.23"
"46,32 : 37.74"
"46,33 : 41.88"
"46,34 : 71.22"
"46,35 : 79.76"
"46,36 : 17.49"
"46,37 : 46.24"
"46,38 : 86.93"
"46,39 : 72.78"
"46,40 : 54.08"
"46,41 : 67.12"
"46,42 : 86.02"
"46,43 : 87.92"
"46,44 : 39.2"
"46,45 : 43.01"
"46,46 : 0.0"
"46,47 : 34.44"
"46,48 : 70.43"
"46,49 : 18.25"
"47,0 : 103.47"
"47,1 : 66.48"
"47,2 : 51.0"
"47,3 : 49.16"
"47,4 : 88.02"
"47,5 : 15.03"
"47,6 : 75.03"
"47,7 : 61.01"
"47,8 : 10.63"
"47,9 : 27.59"
"47,10 : 69.03"
"47,11 : 19.1"
"47,12 : 87.66"
"47,13 : 53.08"
"47,14 : 47.17"
"47,15 : 21.93"
"47,16 : 95.59"
"47,17 : 48.51"
"47,18 : 29.07"
"47,19 : 96.17"
"47,20 : 112.61"
"47,21 : 64.66"
"47,22 : 68.66"
"47,23 : 60.61"
"47,24 : 12.04"
"47,25 : 19.42"
"47,26 : 45.28"
"47,27 : 18.38"
"47,28 : 70.09"
"47,29 : 82.76"
"47,30 : 61.19"
"47,31 : 79.4"
"47,32 : 5.1"
"47,33 : 66.48"
"47,34 : 85.48"
"47,35 : 54.74"
"47,36 : 40.0"
"47,37 : 74.03"
"47,38 : 91.92"
"47,39 : 57.97"
"47,40 : 67.98"
"47,41 : 89.74"
"47,42 : 78.29"
"47,43 : 68.03"
"47,44 : 36.12"
"47,45 : 41.04"
"47,46 : 34.44"
"47,47 : 0.0"
"47,48 : 90.76"
"47,49 : 34.13"
"48,0 : 30.02"
"48,1 : 76.48"
"48,2 : 45.45"
"48,3 : 84.4"
"48,4 : 27.07"
"48,5 : 77.08"
"48,6 : 95.77"
"48,7 : 39.05"
"48,8 : 96.54"
"48,9 : 66.75"
"48,10 : 93.04"
"48,11 : 84.59"
"48,12 : 4.47"
"48,13 : 47.52"
"48,14 : 70.61"
"48,15 : 71.39"
"48,16 : 47.41"
"48,17 : 81.25"
"48,18 : 73.06"
"48,19 : 42.95"
"48,20 : 40.11"
"48,21 : 49.66"
"48,22 : 47.93"
"48,23 : 38.83"
"48,24 : 85.43"
"48,25 : 72.28"
"48,26 : 53.26"
"48,27 : 84.22"
"48,28 : 38.47"
"48,29 : 12.53"
"48,30 : 80.23"
"48,31 : 22.14"
"48,32 : 90.25"
"48,33 : 29.0"
"48,34 : 16.28"
"48,35 : 98.23"
"48,36 : 54.38"
"48,37 : 29.55"
"48,38 : 41.68"
"48,39 : 75.96"
"48,40 : 25.02"
"48,41 : 7.07"
"48,42 : 67.62"
"48,43 : 92.61"
"48,44 : 59.21"
"48,45 : 56.01"
"48,46 : 70.43"
"48,47 : 90.76"
"48,48 : 0.0"
"48,49 : 58.14"
"49,0 : 75.74"
"49,1 : 63.06"
"49,2 : 17.26"
"49,3 : 54.92"
"49,4 : 54.01"
"49,5 : 19.42"
"49,6 : 78.79"
"49,7 : 27.29"
"49,8 : 42.19"
"49,9 : 21.26"
"49,10 : 73.35"
"49,11 : 35.78"
"49,12 : 55.57"
"49,13 : 33.38"
"49,14 : 44.38"
"49,15 : 21.63"
"49,16 : 74.32"
"49,17 : 52.48"
"49,18 : 31.14"
"49,19 : 73.36"
"49,20 : 85.91"
"49,21 : 47.52"
"49,22 : 37.59"
"49,23 : 36.77"
"49,24 : 27.31"
"49,25 : 19.7"
"49,26 : 13.6"
"49,27 : 26.4"
"49,28 : 47.54"
"49,29 : 52.01"
"49,30 : 61.1"
"49,31 : 45.28"
"49,32 : 35.06"
"49,33 : 32.39"
"49,34 : 55.9"
"49,35 : 66.71"
"49,36 : 6.71"
"49,37 : 40.01"
"49,38 : 69.32"
"49,39 : 56.3"
"49,40 : 38.18"
"49,41 : 56.3"
"49,42 : 68.01"
"49,43 : 72.45"
"49,44 : 22.14"
"49,45 : 25.32"
"49,46 : 18.25"
"49,47 : 34.13"
"49,48 : 58.14"
"49,49 : 0.0"
