x,y
21,69
78,6
28,37
39,47
2,60
1,89
13,6
78,34
59,3
20,49
36,43
81,9
9,0
13,90
11,0
14,29
41,100
96,4
17,14
64,94
89,87
8,96
17,27
41,12
69,67
84,58
21,80
71,30
0,53
23,25
23,38
33,10
8,27
89,53
59,7
35,58
80,29
31,99
80,33
61,6
8,4
75,33
95,2
27,33
85,5
11,48
66,52
37,57
13,51
20,4

Distanze
"0,0 : 0.0"
"0,1 : 84.96"
"0,2 : 32.76"
"0,3 : 28.43"
"0,4 : 21.02"
"0,5 : 28.28"
"0,6 : 63.51"
"0,7 : 66.89"
"0,8 : 76.16"
"0,9 : 20.02"
"0,10 : 30.02"
"0,11 : 84.85"
"0,12 : 70.04"
"0,13 : 22.47"
"0,14 : 69.72"
"0,15 : 40.61"
"0,16 : 36.89"
"0,17 : 99.25"
"0,18 : 55.15"
"0,19 : 49.74"
"0,20 : 70.34"
"0,21 : 29.97"
"0,22 : 42.19"
"0,23 : 60.41"
"0,24 : 48.04"
"0,25 : 63.95"
"0,26 : 11.0"
"0,27 : 63.41"
"0,28 : 26.4"
"0,29 : 44.05"
"0,30 : 31.06"
"0,31 : 60.21"
"0,32 : 43.97"
"0,33 : 69.86"
"0,34 : 72.72"
"0,35 : 17.8"
"0,36 : 71.28"
"0,37 : 31.62"
"0,38 : 69.12"
"0,39 : 74.63"
"0,40 : 66.29"
"0,41 : 64.9"
"0,42 : 99.82"
"0,43 : 36.5"
"0,44 : 90.51"
"0,45 : 23.26"
"0,46 : 48.1"
"0,47 : 20.0"
"0,48 : 19.7"
"0,49 : 65.01"
"1,0 : 84.96"
"1,1 : 0.0"
"1,2 : 58.83"
"1,3 : 56.59"
"1,4 : 93.23"
"1,5 : 113.22"
"1,6 : 65.0"
"1,7 : 28.0"
"1,8 : 19.24"
"1,9 : 72.2"
"1,10 : 55.97"
"1,11 : 4.24"
"1,12 : 69.26"
"1,13 : 106.21"
"1,14 : 67.27"
"1,15 : 68.01"
"1,16 : 101.02"
"1,17 : 18.11"
"1,18 : 61.52"
"1,19 : 89.11"
"1,20 : 81.74"
"1,21 : 114.02"
"1,22 : 64.51"
"1,23 : 37.48"
"1,24 : 61.66"
"1,25 : 52.35"
"1,26 : 93.41"
"1,27 : 25.0"
"1,28 : 91.07"
"1,29 : 58.19"
"1,30 : 63.63"
"1,31 : 45.18"
"1,32 : 73.08"
"1,33 : 48.27"
"1,34 : 19.03"
"1,35 : 67.48"
"1,36 : 23.09"
"1,37 : 104.2"
"1,38 : 27.07"
"1,39 : 17.0"
"1,40 : 70.03"
"1,41 : 27.17"
"1,42 : 17.46"
"1,43 : 57.71"
"1,44 : 7.07"
"1,45 : 79.08"
"1,46 : 47.54"
"1,47 : 65.44"
"1,48 : 79.06"
"1,49 : 58.03"
"2,0 : 32.76"
"2,1 : 58.83"
"2,2 : 0.0"
"2,3 : 14.87"
"2,4 : 34.71"
"2,5 : 58.59"
"2,6 : 34.44"
"2,7 : 50.09"
"2,8 : 46.01"
"2,9 : 14.42"
"2,10 : 10.0"
"2,11 : 59.94"
"2,12 : 41.59"
"2,13 : 55.08"
"2,14 : 40.72"
"2,15 : 16.12"
"2,16 : 64.33"
"2,17 : 75.58"
"2,18 : 25.5"
"2,19 : 67.42"
"2,20 : 78.87"
"2,21 : 62.3"
"2,22 : 14.87"
"2,23 : 28.18"
"2,24 : 50.8"
"2,25 : 59.81"
"2,26 : 43.57"
"2,27 : 43.57"
"2,28 : 32.25"
"2,29 : 13.0"
"2,30 : 5.1"
"2,31 : 27.46"
"2,32 : 22.36"
"2,33 : 63.06"
"2,34 : 43.14"
"2,35 : 22.14"
"2,36 : 52.61"
"2,37 : 62.07"
"2,38 : 52.15"
"2,39 : 45.28"
"2,40 : 38.59"
"2,41 : 47.17"
"2,42 : 75.59"
"2,43 : 4.12"
"2,44 : 65.37"
"2,45 : 20.25"
"2,46 : 40.85"
"2,47 : 21.93"
"2,48 : 20.52"
"2,49 : 33.96"
"3,0 : 28.43"
"3,1 : 56.59"
"3,2 : 14.87"
"3,3 : 0.0"
"3,4 : 39.22"
"3,5 : 56.64"
"3,6 : 48.55"
"3,7 : 41.11"
"3,8 : 48.33"
"3,9 : 19.1"
"3,10 : 5.0"
"3,11 : 56.64"
"3,12 : 55.76"
"3,13 : 50.25"
"3,14 : 54.71"
"3,15 : 30.81"
"3,16 : 53.04"
"3,17 : 71.4"
"3,18 : 39.66"
"3,19 : 53.24"
"3,20 : 64.03"
"3,21 : 57.98"
"3,22 : 29.73"
"3,23 : 35.06"
"3,24 : 36.06"
"3,25 : 46.32"
"3,26 : 37.59"
"3,27 : 36.24"
"3,28 : 39.46"
"3,29 : 27.2"
"3,30 : 18.36"
"3,31 : 37.48"
"3,32 : 36.89"
"3,33 : 50.36"
"3,34 : 44.72"
"3,35 : 11.7"
"3,36 : 44.78"
"3,37 : 52.61"
"3,38 : 43.32"
"3,39 : 46.53"
"3,40 : 53.01"
"3,41 : 38.63"
"3,42 : 71.84"
"3,43 : 18.44"
"3,44 : 62.29"
"3,45 : 28.02"
"3,46 : 27.46"
"3,47 : 10.2"
"3,48 : 26.31"
"3,49 : 47.01"
"4,0 : 21.02"
"4,1 : 93.23"
"4,2 : 34.71"
"4,3 : 39.22"
"4,4 : 0.0"
"4,5 : 29.02"
"4,6 : 55.11"
"4,7 : 80.32"
"4,8 : 80.61"
"4,9 : 21.1"
"4,10 : 38.01"
"4,11 : 94.03"
"4,12 : 60.41"
"4,13 : 31.95"
"4,14 : 60.67"
"4,15 : 33.24"
"4,16 : 55.87"
"4,17 : 109.42"
"4,18 : 48.38"
"4,19 : 70.71"
"4,20 : 91.09"
"4,21 : 36.5"
"4,22 : 36.25"
"4,23 : 61.85"
"4,24 : 67.36"
"4,25 : 82.02"
"4,26 : 27.59"
"4,27 : 75.24"
"4,28 : 7.28"
"4,29 : 40.82"
"4,30 : 30.41"
"4,31 : 58.83"
"4,32 : 33.54"
"4,33 : 87.28"
"4,34 : 77.83"
"4,35 : 33.06"
"4,36 : 83.93"
"4,37 : 48.6"
"4,38 : 82.54"
"4,39 : 79.98"
"4,40 : 56.32"
"4,41 : 77.83"
"4,42 : 109.6"
"4,43 : 36.8"
"4,44 : 99.57"
"4,45 : 15.0"
"4,46 : 64.5"
"4,47 : 35.13"
"4,48 : 14.21"
"4,49 : 58.82"
"5,0 : 28.28"
"5,1 : 113.22"
"5,2 : 58.59"
"5,3 : 56.64"
"5,4 : 29.02"
"5,5 : 0.0"
"5,6 : 83.86"
"5,7 : 94.63"
"5,8 : 103.73"
"5,9 : 44.28"
"5,10 : 57.8"
"5,11 : 113.14"
"5,12 : 89.36"
"5,13 : 12.04"
"5,14 : 89.56"
"5,15 : 61.39"
"5,16 : 41.48"
"5,17 : 127.48"
"5,18 : 76.69"
"5,19 : 63.2"
"5,20 : 88.02"
"5,21 : 9.9"
"5,22 : 64.03"
"5,23 : 86.77"
"5,24 : 71.47"
"5,25 : 88.6"
"5,26 : 21.93"
"5,27 : 91.55"
"5,28 : 36.01"
"5,29 : 67.68"
"5,30 : 55.54"
"5,31 : 85.23"
"5,32 : 62.39"
"5,33 : 95.08"
"5,34 : 100.44"
"5,35 : 46.01"
"5,36 : 99.2"
"5,37 : 31.62"
"5,38 : 96.83"
"5,39 : 102.42"
"5,40 : 85.29"
"5,41 : 92.8"
"5,42 : 128.08"
"5,43 : 61.74"
"5,44 : 118.79"
"5,45 : 42.2"
"5,46 : 74.79"
"5,47 : 48.17"
"5,48 : 39.85"
"5,49 : 87.1"
"6,0 : 63.51"
"6,1 : 65.0"
"6,2 : 34.44"
"6,3 : 48.55"
"6,4 : 55.11"
"6,5 : 83.86"
"6,6 : 0.0"
"6,7 : 70.77"
"6,8 : 46.1"
"6,9 : 43.57"
"6,10 : 43.57"
"6,11 : 68.07"
"6,12 : 7.21"
"6,13 : 84.0"
"6,14 : 6.32"
"6,15 : 23.02"
"6,16 : 98.08"
"6,17 : 83.02"
"6,18 : 8.94"
"6,19 : 101.71"
"6,20 : 111.07"
"6,21 : 90.14"
"6,22 : 21.38"
"6,23 : 28.64"
"6,24 : 82.81"
"6,25 : 88.01"
"6,26 : 74.43"
"6,27 : 62.77"
"6,28 : 48.76"
"6,29 : 21.47"
"6,30 : 33.53"
"6,31 : 20.4"
"6,32 : 21.59"
"6,33 : 89.36"
"6,34 : 46.01"
"6,35 : 56.46"
"6,36 : 70.84"
"6,37 : 94.73"
"6,38 : 72.24"
"6,39 : 48.0"
"6,40 : 5.39"
"6,41 : 67.62"
"6,42 : 82.1"
"6,43 : 30.41"
"6,44 : 72.01"
"6,45 : 42.05"
"6,46 : 70.18"
"6,47 : 56.36"
"6,48 : 45.0"
"6,49 : 7.28"
"7,0 : 66.89"
"7,1 : 28.0"
"7,2 : 50.09"
"7,3 : 41.11"
"7,4 : 80.32"
"7,5 : 94.63"
"7,6 : 70.77"
"7,7 : 0.0"
"7,8 : 36.36"
"7,9 : 59.91"
"7,10 : 42.95"
"7,11 : 25.18"
"7,12 : 76.92"
"7,13 : 85.8"
"7,14 : 75.13"
"7,15 : 64.2"
"7,16 : 75.66"
"7,17 : 34.99"
"7,18 : 64.2"
"7,19 : 61.61"
"7,20 : 54.13"
"7,21 : 93.51"
"7,22 : 61.4"
"7,23 : 43.05"
"7,24 : 34.21"
"7,25 : 24.74"
"7,26 : 73.25"
"7,27 : 8.06"
"7,28 : 80.28"
"7,29 : 55.73"
"7,30 : 55.15"
"7,31 : 51.0"
"7,32 : 70.35"
"7,33 : 21.95"
"7,34 : 33.02"
"7,35 : 49.24"
"7,36 : 5.39"
"7,37 : 80.21"
"7,38 : 2.24"
"7,39 : 32.76"
"7,40 : 76.16"
"7,41 : 3.16"
"7,42 : 36.24"
"7,43 : 51.01"
"7,44 : 29.83"
"7,45 : 68.45"
"7,46 : 21.63"
"7,47 : 47.01"
"7,48 : 67.19"
"7,49 : 65.3"
"8,0 : 76.16"
"8,1 : 19.24"
"8,2 : 46.01"
"8,3 : 48.33"
"8,4 : 80.61"
"8,5 : 103.73"
"8,6 : 46.1"
"8,7 : 36.36"
"8,8 : 0.0"
"8,9 : 60.31"
"8,10 : 46.14"
"8,11 : 22.8"
"8,12 : 50.09"
"8,13 : 98.41"
"8,14 : 48.09"
"8,15 : 51.97"
"8,16 : 98.66"
"8,17 : 37.01"
"8,18 : 43.42"
"8,19 : 91.14"
"8,20 : 89.2"
"8,21 : 106.07"
"8,22 : 48.37"
"8,23 : 20.12"
"8,24 : 64.78"
"8,25 : 60.42"
"8,26 : 85.87"
"8,27 : 29.55"
"8,28 : 77.34"
"8,29 : 42.19"
"8,30 : 50.21"
"8,31 : 26.93"
"8,32 : 56.36"
"8,33 : 58.31"
"8,34 : 4.0"
"8,35 : 60.01"
"8,36 : 33.42"
"8,37 : 100.0"
"8,38 : 36.62"
"8,39 : 3.61"
"8,40 : 51.01"
"8,41 : 34.0"
"8,42 : 36.01"
"8,43 : 43.86"
"8,44 : 26.08"
"8,45 : 65.8"
"8,46 : 49.5"
"8,47 : 58.31"
"8,48 : 66.48"
"8,49 : 39.01"
"9,0 : 20.02"
"9,1 : 72.2"
"9,2 : 14.42"
"9,3 : 19.1"
"9,4 : 21.1"
"9,5 : 44.28"
"9,6 : 43.57"
"9,7 : 59.91"
"9,8 : 60.31"
"9,9 : 0.0"
"9,10 : 17.09"
"9,11 : 72.95"
"9,12 : 50.22"
"9,13 : 41.59"
"9,14 : 49.82"
"9,15 : 20.88"
"9,16 : 55.15"
"9,17 : 88.32"
"9,18 : 35.13"
"9,19 : 62.94"
"9,20 : 78.77"
"9,21 : 48.51"
"9,22 : 22.2"
"9,23 : 42.54"
"9,24 : 52.2"
"9,25 : 64.63"
"9,26 : 31.02"
"9,27 : 54.42"
"9,28 : 20.4"
"9,29 : 24.19"
"9,30 : 11.4"
"9,31 : 41.11"
"9,32 : 25.06"
"9,33 : 69.12"
"9,34 : 57.31"
"9,35 : 17.49"
"9,36 : 63.25"
"9,37 : 51.2"
"9,38 : 62.1"
"9,39 : 59.41"
"9,40 : 46.57"
"9,41 : 57.28"
"9,42 : 88.51"
"9,43 : 17.46"
"9,44 : 78.49"
"9,45 : 9.06"
"9,46 : 46.1"
"9,47 : 18.79"
"9,48 : 7.28"
"9,49 : 45.0"
"10,0 : 30.02"
"10,1 : 55.97"
"10,2 : 10.0"
"10,3 : 5.0"
"10,4 : 38.01"
"10,5 : 57.8"
"10,6 : 43.57"
"10,7 : 42.95"
"10,8 : 46.14"
"10,9 : 17.09"
"10,10 : 0.0"
"10,11 : 56.4"
"10,12 : 50.77"
"10,13 : 52.33"
"10,14 : 49.74"
"10,15 : 26.08"
"10,16 : 57.22"
"10,17 : 71.56"
"10,18 : 34.67"
"10,19 : 58.18"
"10,20 : 68.88"
"10,21 : 59.94"
"10,22 : 24.84"
"10,23 : 31.4"
"10,24 : 40.8"
"10,25 : 50.29"
"10,26 : 39.92"
"10,27 : 37.34"
"10,28 : 37.36"
"10,29 : 22.2"
"10,30 : 13.93"
"10,31 : 33.14"
"10,32 : 32.25"
"10,33 : 53.94"
"10,34 : 42.72"
"10,35 : 15.03"
"10,36 : 46.17"
"10,37 : 56.22"
"10,38 : 45.12"
"10,39 : 44.65"
"10,40 : 48.01"
"10,41 : 40.26"
"10,42 : 71.85"
"10,43 : 13.45"
"10,44 : 62.01"
"10,45 : 25.5"
"10,46 : 31.32"
"10,47 : 14.04"
"10,48 : 24.35"
"10,49 : 42.15"
"11,0 : 84.85"
"11,1 : 4.24"
"11,2 : 59.94"
"11,3 : 56.64"
"11,4 : 94.03"
"11,5 : 113.14"
"11,6 : 68.07"
"11,7 : 25.18"
"11,8 : 22.8"
"11,9 : 72.95"
"11,10 : 56.4"
"11,11 : 0.0"
"11,12 : 72.56"
"11,13 : 105.76"
"11,14 : 70.58"
"11,15 : 69.92"
"11,16 : 99.4"
"11,17 : 15.81"
"11,18 : 64.2"
"11,19 : 86.68"
"11,20 : 78.41"
"11,21 : 113.57"
"11,22 : 66.48"
"11,23 : 40.11"
"11,24 : 59.23"
"11,25 : 49.09"
"11,26 : 92.96"
"11,27 : 23.26"
"11,28 : 92.18"
"11,29 : 60.17"
"11,30 : 64.85"
"11,31 : 48.01"
"11,32 : 75.19"
"11,33 : 44.72"
"11,34 : 22.09"
"11,35 : 67.21"
"11,36 : 20.02"
"11,37 : 102.96"
"11,38 : 24.02"
"11,39 : 20.22"
"11,40 : 73.17"
"11,41 : 24.74"
"11,42 : 15.65"
"11,43 : 59.09"
"11,44 : 5.66"
"11,45 : 80.13"
"11,46 : 45.54"
"11,47 : 65.12"
"11,48 : 79.92"
"11,49 : 61.2"
"12,0 : 70.04"
"12,1 : 69.26"
"12,2 : 41.59"
"12,3 : 55.76"
"12,4 : 60.41"
"12,5 : 89.36"
"12,6 : 7.21"
"12,7 : 76.92"
"12,8 : 50.09"
"12,9 : 50.22"
"12,10 : 50.77"
"12,11 : 72.56"
"12,12 : 0.0"
"12,13 : 90.09"
"12,14 : 2.0"
"12,15 : 29.43"
"12,16 : 105.0"
"12,17 : 87.09"
"12,18 : 16.12"
"12,19 : 108.91"
"12,20 : 118.19"
"12,21 : 96.01"
"12,22 : 28.16"
"12,23 : 34.18"
"12,24 : 89.94"
"12,25 : 94.81"
"12,26 : 80.89"
"12,27 : 68.88"
"12,28 : 53.76"
"12,29 : 28.65"
"12,30 : 40.5"
"12,31 : 26.0"
"12,32 : 27.02"
"12,33 : 95.96"
"12,34 : 50.49"
"12,35 : 63.56"
"12,36 : 76.69"
"12,37 : 101.41"
"12,38 : 78.29"
"12,39 : 52.35"
"12,40 : 4.12"
"12,41 : 73.79"
"12,42 : 86.02"
"12,43 : 37.59"
"12,44 : 76.16"
"12,45 : 48.04"
"12,46 : 77.16"
"12,47 : 63.51"
"12,48 : 51.16"
"12,49 : 11.7"
"13,0 : 22.47"
"13,1 : 106.21"
"13,2 : 55.08"
"13,3 : 50.25"
"13,4 : 31.95"
"13,5 : 12.04"
"13,6 : 84.0"
"13,7 : 85.8"
"13,8 : 98.41"
"13,9 : 41.59"
"13,10 : 52.33"
"13,11 : 105.76"
"13,12 : 90.09"
"13,13 : 0.0"
"13,14 : 90.02"
"13,15 : 61.01"
"13,16 : 29.73"
"13,17 : 119.52"
"13,18 : 76.11"
"13,19 : 51.16"
"13,20 : 76.06"
"13,21 : 7.81"
"13,22 : 63.13"
"13,23 : 82.87"
"13,24 : 60.54"
"13,25 : 77.88"
"13,26 : 12.81"
"13,27 : 83.45"
"13,28 : 39.22"
"13,29 : 65.76"
"13,30 : 52.95"
"13,31 : 82.46"
"13,32 : 63.2"
"13,33 : 84.53"
"13,34 : 94.89"
"13,35 : 38.83"
"13,36 : 90.61"
"13,37 : 20.12"
"13,38 : 87.97"
"13,39 : 96.75"
"13,40 : 86.15"
"13,41 : 84.22"
"13,42 : 120.28"
"13,43 : 58.69"
"13,44 : 111.4"
"13,45 : 42.05"
"13,46 : 65.22"
"13,47 : 40.8"
"13,48 : 39.0"
"13,49 : 86.28"
"14,0 : 69.72"
"14,1 : 67.27"
"14,2 : 40.72"
"14,3 : 54.71"
"14,4 : 60.67"
"14,5 : 89.56"
"14,6 : 6.32"
"14,7 : 75.13"
"14,8 : 48.09"
"14,9 : 49.82"
"14,10 : 49.74"
"14,11 : 70.58"
"14,12 : 2.0"
"14,13 : 90.02"
"14,14 : 0.0"
"14,15 : 29.15"
"14,16 : 104.4"
"14,17 : 85.09"
"14,18 : 15.23"
"14,19 : 107.91"
"14,20 : 116.85"
"14,21 : 96.05"
"14,22 : 27.66"
"14,23 : 32.31"
"14,24 : 88.62"
"14,25 : 93.24"
"14,26 : 80.62"
"14,27 : 67.08"
"14,28 : 54.13"
"14,29 : 27.73"
"14,30 : 39.85"
"14,31 : 24.17"
"14,32 : 27.17"
"14,33 : 94.3"
"14,34 : 48.51"
"14,35 : 62.77"
"14,36 : 74.85"
"14,37 : 101.0"
"14,38 : 76.49"
"14,39 : 50.36"
"14,40 : 5.0"
"14,41 : 72.01"
"14,42 : 84.02"
"14,43 : 36.67"
"14,44 : 74.17"
"14,45 : 48.0"
"14,46 : 75.69"
"14,47 : 62.65"
"14,48 : 51.04"
"14,49 : 9.85"
"15,0 : 40.61"
"15,1 : 68.01"
"15,2 : 16.12"
"15,3 : 30.81"
"15,4 : 33.24"
"15,5 : 61.39"
"15,6 : 23.02"
"15,7 : 64.2"
"15,8 : 51.97"
"15,9 : 20.88"
"15,10 : 26.08"
"15,11 : 69.92"
"15,12 : 29.43"
"15,13 : 61.01"
"15,14 : 29.15"
"15,15 : 0.0"
"15,16 : 75.96"
"15,17 : 85.73"
"15,18 : 15.3"
"15,19 : 82.01"
"15,20 : 94.81"
"15,21 : 67.27"
"15,22 : 3.61"
"15,23 : 31.91"
"15,24 : 66.85"
"15,25 : 75.77"
"15,26 : 51.48"
"15,27 : 57.01"
"15,28 : 27.78"
"15,29 : 9.85"
"15,30 : 12.73"
"15,31 : 26.87"
"15,32 : 6.32"
"15,33 : 78.75"
"15,34 : 50.09"
"15,35 : 35.81"
"15,36 : 66.0"
"15,37 : 72.03"
"15,38 : 66.12"
"15,39 : 52.33"
"15,40 : 25.71"
"15,41 : 61.13"
"15,42 : 85.38"
"15,43 : 13.6"
"15,44 : 74.95"
"15,45 : 19.24"
"15,46 : 56.86"
"15,47 : 36.24"
"15,48 : 22.02"
"15,49 : 25.71"
"16,0 : 36.89"
"16,1 : 101.02"
"16,2 : 64.33"
"16,3 : 53.04"
"16,4 : 55.87"
"16,5 : 41.48"
"16,6 : 98.08"
"16,7 : 75.66"
"16,8 : 98.66"
"16,9 : 55.15"
"16,10 : 57.22"
"16,11 : 99.4"
"16,12 : 105.0"
"16,13 : 29.73"
"16,14 : 104.4"
"16,15 : 75.96"
"16,16 : 0.0"
"16,17 : 110.64"
"16,18 : 89.29"
"16,19 : 23.77"
"16,20 : 49.73"
"16,21 : 33.24"
"16,22 : 76.84"
"16,23 : 88.0"
"16,24 : 43.28"
"16,25 : 60.11"
"16,26 : 28.28"
"16,27 : 76.16"
"16,28 : 62.37"
"16,29 : 77.13"
"16,30 : 64.56"
"16,31 : 90.35"
"16,32 : 80.11"
"16,33 : 67.18"
"16,34 : 94.73"
"16,35 : 42.43"
"16,36 : 81.01"
"16,37 : 10.05"
"16,38 : 77.52"
"16,39 : 96.1"
"16,40 : 101.51"
"16,41 : 75.13"
"16,42 : 111.89"
"16,43 : 68.45"
"16,44 : 104.69"
"16,45 : 60.03"
"16,46 : 54.12"
"16,47 : 43.19"
"16,48 : 56.44"
"16,49 : 98.27"
"17,0 : 99.25"
"17,1 : 18.11"
"17,2 : 75.58"
"17,3 : 71.4"
"17,4 : 109.42"
"17,5 : 127.48"
"17,6 : 83.02"
"17,7 : 34.99"
"17,8 : 37.01"
"17,9 : 88.32"
"17,10 : 71.56"
"17,11 : 15.81"
"17,12 : 87.09"
"17,13 : 119.52"
"17,14 : 85.09"
"17,15 : 85.73"
"17,16 : 110.64"
"17,17 : 0.0"
"17,18 : 79.63"
"17,19 : 95.52"
"17,20 : 83.29"
"17,21 : 127.31"
"17,22 : 82.28"
"17,23 : 55.58"
"17,24 : 68.54"
"17,25 : 55.32"
"17,26 : 106.78"
"17,27 : 36.07"
"17,28 : 107.78"
"17,29 : 75.96"
"17,30 : 80.53"
"17,31 : 63.29"
"17,32 : 90.96"
"17,33 : 49.5"
"17,34 : 37.12"
"17,35 : 81.47"
"17,36 : 29.68"
"17,37 : 115.11"
"17,38 : 33.12"
"17,39 : 35.06"
"17,40 : 88.0"
"17,41 : 35.81"
"17,42 : 2.24"
"17,43 : 74.85"
"17,44 : 11.05"
"17,45 : 95.71"
"17,46 : 56.6"
"17,47 : 79.31"
"17,48 : 95.38"
"17,49 : 76.0"
"18,0 : 55.15"
"18,1 : 61.52"
"18,2 : 25.5"
"18,3 : 39.66"
"18,4 : 48.38"
"18,5 : 76.69"
"18,6 : 8.94"
"18,7 : 64.2"
"18,8 : 43.42"
"18,9 : 35.13"
"18,10 : 34.67"
"18,11 : 64.2"
"18,12 : 16.12"
"18,13 : 76.11"
"18,14 : 15.23"
"18,15 : 15.3"
"18,16 : 89.29"
"18,17 : 79.63"
"18,18 : 0.0"
"18,19 : 92.78"
"18,20 : 102.53"
"18,21 : 82.49"
"18,22 : 13.0"
"18,23 : 24.08"
"18,24 : 74.25"
"18,25 : 80.16"
"18,26 : 66.12"
"18,27 : 56.32"
"18,28 : 42.54"
"18,29 : 12.53"
"18,30 : 24.74"
"18,31 : 16.49"
"18,32 : 15.81"
"18,33 : 81.88"
"18,34 : 42.58"
"18,35 : 47.54"
"18,36 : 64.76"
"18,37 : 86.15"
"18,38 : 65.8"
"18,39 : 44.72"
"18,40 : 13.45"
"18,41 : 61.03"
"18,42 : 78.92"
"18,43 : 21.47"
"18,44 : 68.59"
"18,45 : 34.53"
"18,46 : 62.01"
"18,47 : 47.42"
"18,48 : 37.22"
"18,49 : 10.44"
"19,0 : 49.74"
"19,1 : 89.11"
"19,2 : 67.42"
"19,3 : 53.24"
"19,4 : 70.71"
"19,5 : 63.2"
"19,6 : 101.71"
"19,7 : 61.61"
"19,8 : 91.14"
"19,9 : 62.94"
"19,10 : 58.18"
"19,11 : 86.68"
"19,12 : 108.91"
"19,13 : 51.16"
"19,14 : 107.91"
"19,15 : 82.01"
"19,16 : 23.77"
"19,17 : 95.52"
"19,18 : 92.78"
"19,19 : 0.0"
"19,20 : 25.96"
"19,21 : 56.04"
"19,22 : 81.84"
"19,23 : 85.16"
"19,24 : 27.46"
"19,25 : 41.18"
"19,26 : 45.22"
"19,27 : 64.38"
"19,28 : 76.01"
"19,29 : 80.26"
"19,30 : 69.4"
"19,31 : 89.54"
"19,32 : 87.32"
"19,33 : 48.02"
"19,34 : 87.14"
"19,35 : 46.23"
"19,36 : 66.94"
"19,37 : 33.38"
"19,38 : 63.06"
"19,39 : 88.05"
"19,40 : 106.0"
"19,41 : 61.98"
"19,42 : 97.08"
"19,43 : 71.34"
"19,44 : 91.44"
"19,45 : 70.18"
"19,46 : 42.05"
"19,47 : 45.8"
"19,48 : 66.71"
"19,49 : 100.18"
"20,0 : 70.34"
"20,1 : 81.74"
"20,2 : 78.87"
"20,3 : 64.03"
"20,4 : 91.09"
"20,5 : 88.02"
"20,6 : 111.07"
"20,7 : 54.13"
"20,8 : 89.2"
"20,9 : 78.77"
"20,10 : 68.88"
"20,11 : 78.41"
"20,12 : 118.19"
"20,13 : 76.06"
"20,14 : 116.85"
"20,15 : 94.81"
"20,16 : 49.73"
"20,17 : 83.29"
"20,18 : 102.53"
"20,19 : 25.96"
"20,20 : 0.0"
"20,21 : 81.5"
"20,22 : 93.72"
"20,23 : 89.04"
"20,24 : 28.28"
"20,25 : 29.43"
"20,26 : 68.36"
"20,27 : 59.77"
"20,28 : 95.27"
"20,29 : 90.55"
"20,30 : 82.2"
"20,31 : 95.21"
"20,32 : 100.8"
"20,33 : 34.0"
"20,34 : 85.44"
"20,35 : 61.29"
"20,36 : 58.69"
"20,37 : 59.23"
"20,38 : 54.74"
"20,39 : 85.7"
"20,40 : 115.97"
"20,41 : 55.79"
"20,42 : 85.21"
"20,43 : 82.22"
"20,44 : 82.1"
"20,45 : 87.21"
"20,46 : 41.88"
"20,47 : 60.03"
"20,48 : 84.1"
"20,49 : 107.94"
"21,0 : 29.97"
"21,1 : 114.02"
"21,2 : 62.3"
"21,3 : 57.98"
"21,4 : 36.5"
"21,5 : 9.9"
"21,6 : 90.14"
"21,7 : 93.51"
"21,8 : 106.07"
"21,9 : 48.51"
"21,10 : 59.94"
"21,11 : 113.57"
"21,12 : 96.01"
"21,13 : 7.81"
"21,14 : 96.05"
"21,15 : 67.27"
"21,16 : 33.24"
"21,17 : 127.31"
"21,18 : 82.49"
"21,19 : 56.04"
"21,20 : 81.5"
"21,21 : 0.0"
"21,22 : 69.58"
"21,23 : 90.25"
"21,24 : 67.54"
"21,25 : 84.97"
"21,26 : 20.62"
"21,27 : 91.24"
"21,28 : 43.74"
"21,29 : 72.57"
"21,30 : 59.91"
"21,31 : 89.56"
"21,32 : 69.0"
"21,33 : 91.71"
"21,34 : 102.58"
"21,35 : 46.62"
"21,36 : 98.35"
"21,37 : 23.19"
"21,38 : 95.67"
"21,39 : 104.45"
"21,40 : 92.0"
"21,41 : 91.97"
"21,42 : 128.08"
"21,43 : 65.8"
"21,44 : 119.21"
"21,45 : 48.09"
"21,46 : 72.8"
"21,47 : 48.6"
"21,48 : 45.28"
"21,49 : 92.78"
"22,0 : 42.19"
"22,1 : 64.51"
"22,2 : 14.87"
"22,3 : 29.73"
"22,4 : 36.25"
"22,5 : 64.03"
"22,6 : 21.38"
"22,7 : 61.4"
"22,8 : 48.37"
"22,9 : 22.2"
"22,10 : 24.84"
"22,11 : 66.48"
"22,12 : 28.16"
"22,13 : 63.13"
"22,14 : 27.66"
"22,15 : 3.61"
"22,16 : 76.84"
"22,17 : 82.28"
"22,18 : 13.0"
"22,19 : 81.84"
"22,20 : 93.72"
"22,21 : 69.58"
"22,22 : 0.0"
"22,23 : 28.3"
"22,24 : 65.6"
"22,25 : 73.82"
"22,26 : 53.15"
"22,27 : 54.08"
"22,28 : 31.06"
"22,29 : 6.32"
"22,30 : 12.53"
"22,31 : 23.35"
"22,32 : 9.0"
"22,33 : 76.55"
"22,34 : 46.52"
"22,35 : 35.85"
"22,36 : 63.03"
"22,37 : 73.35"
"22,38 : 63.29"
"22,39 : 48.75"
"22,40 : 24.7"
"22,41 : 58.31"
"22,42 : 81.91"
"22,43 : 11.66"
"22,44 : 71.47"
"22,45 : 21.84"
"22,46 : 55.01"
"22,47 : 36.06"
"22,48 : 24.33"
"22,49 : 23.19"
"23,0 : 60.41"
"23,1 : 37.48"
"23,2 : 28.18"
"23,3 : 35.06"
"23,4 : 61.85"
"23,5 : 86.77"
"23,6 : 28.64"
"23,7 : 43.05"
"23,8 : 20.12"
"23,9 : 42.54"
"23,10 : 31.4"
"23,11 : 40.11"
"23,12 : 34.18"
"23,13 : 82.87"
"23,14 : 32.31"
"23,15 : 31.91"
"23,16 : 88.0"
"23,17 : 55.58"
"23,18 : 24.08"
"23,19 : 85.16"
"23,20 : 89.04"
"23,21 : 90.25"
"23,22 : 28.3"
"23,23 : 0.0"
"23,24 : 61.72"
"23,25 : 62.97"
"23,26 : 70.88"
"23,27 : 34.99"
"23,28 : 57.98"
"23,29 : 22.2"
"23,30 : 31.62"
"23,31 : 8.25"
"23,32 : 36.25"
"23,33 : 63.13"
"23,34 : 18.68"
"23,35 : 46.39"
"23,36 : 42.54"
"23,37 : 87.57"
"23,38 : 44.29"
"23,39 : 20.88"
"23,40 : 33.96"
"23,41 : 39.96"
"23,42 : 54.92"
"23,43 : 25.24"
"23,44 : 44.55"
"23,45 : 46.86"
"23,46 : 47.17"
"23,47 : 45.18"
"23,48 : 48.01"
"23,49 : 22.47"
"24,0 : 48.04"
"24,1 : 61.66"
"24,2 : 50.8"
"24,3 : 36.06"
"24,4 : 67.36"
"24,5 : 71.47"
"24,6 : 82.81"
"24,7 : 34.21"
"24,8 : 64.78"
"24,9 : 52.2"
"24,10 : 40.8"
"24,11 : 59.23"
"24,12 : 89.94"
"24,13 : 60.54"
"24,14 : 88.62"
"24,15 : 66.85"
"24,16 : 43.28"
"24,17 : 68.54"
"24,18 : 74.25"
"24,19 : 27.46"
"24,20 : 28.28"
"24,21 : 67.54"
"24,22 : 65.6"
"24,23 : 61.72"
"24,24 : 0.0"
"24,25 : 17.49"
"24,26 : 49.73"
"24,27 : 37.05"
"24,28 : 70.41"
"24,29 : 62.29"
"24,30 : 54.38"
"24,31 : 67.42"
"24,32 : 72.95"
"24,33 : 24.41"
"24,34 : 60.83"
"24,35 : 35.17"
"24,36 : 39.56"
"24,37 : 49.68"
"24,38 : 35.74"
"24,39 : 61.52"
"24,40 : 87.69"
"24,41 : 34.53"
"24,42 : 70.01"
"24,43 : 54.04"
"24,44 : 64.03"
"24,45 : 61.03"
"24,46 : 15.3"
"24,47 : 33.53"
"24,48 : 58.24"
"24,49 : 79.81"
"25,0 : 63.95"
"25,1 : 52.35"
"25,2 : 59.81"
"25,3 : 46.32"
"25,4 : 82.02"
"25,5 : 88.6"
"25,6 : 88.01"
"25,7 : 24.74"
"25,8 : 60.42"
"25,9 : 64.63"
"25,10 : 50.29"
"25,11 : 49.09"
"25,12 : 94.81"
"25,13 : 77.88"
"25,14 : 93.24"
"25,15 : 75.77"
"25,16 : 60.11"
"25,17 : 55.32"
"25,18 : 80.16"
"25,19 : 41.18"
"25,20 : 29.43"
"25,21 : 84.97"
"25,22 : 73.82"
"25,23 : 62.97"
"25,24 : 17.49"
"25,25 : 0.0"
"25,26 : 66.73"
"25,27 : 30.87"
"25,28 : 84.15"
"25,29 : 69.35"
"25,30 : 64.2"
"25,31 : 70.04"
"25,32 : 82.08"
"25,33 : 7.07"
"25,34 : 56.8"
"25,35 : 49.0"
"25,36 : 29.27"
"25,37 : 67.01"
"25,38 : 25.32"
"25,39 : 56.86"
"25,40 : 93.23"
"25,41 : 26.57"
"25,42 : 57.07"
"25,43 : 62.24"
"25,44 : 53.01"
"25,45 : 73.68"
"25,46 : 18.97"
"25,47 : 47.01"
"25,48 : 71.34"
"25,49 : 83.74"
"26,0 : 11.0"
"26,1 : 93.41"
"26,2 : 43.57"
"26,3 : 37.59"
"26,4 : 27.59"
"26,5 : 21.93"
"26,6 : 74.43"
"26,7 : 73.25"
"26,8 : 85.87"
"26,9 : 31.02"
"26,10 : 39.92"
"26,11 : 92.96"
"26,12 : 80.89"
"26,13 : 12.81"
"26,14 : 80.62"
"26,15 : 51.48"
"26,16 : 28.28"
"26,17 : 106.78"
"26,18 : 66.12"
"26,19 : 45.22"
"26,20 : 68.36"
"26,21 : 20.62"
"26,22 : 53.15"
"26,23 : 70.88"
"26,24 : 49.73"
"26,25 : 66.73"
"26,26 : 0.0"
"26,27 : 70.71"
"26,28 : 34.21"
"26,29 : 55.04"
"26,30 : 42.05"
"26,31 : 71.02"
"26,32 : 54.57"
"26,33 : 73.16"
"26,34 : 82.3"
"26,35 : 26.08"
"26,36 : 77.99"
"26,37 : 21.47"
"26,38 : 75.43"
"26,39 : 84.12"
"26,40 : 77.1"
"26,41 : 71.59"
"26,42 : 107.52"
"26,43 : 47.38"
"26,44 : 98.6"
"26,45 : 33.53"
"26,46 : 53.0"
"26,47 : 28.02"
"26,48 : 30.08"
"26,49 : 76.01"
"27,0 : 63.41"
"27,1 : 25.0"
"27,2 : 43.57"
"27,3 : 36.24"
"27,4 : 75.24"
"27,5 : 91.55"
"27,6 : 62.77"
"27,7 : 8.06"
"27,8 : 29.55"
"27,9 : 54.42"
"27,10 : 37.34"
"27,11 : 23.26"
"27,12 : 68.88"
"27,13 : 83.45"
"27,14 : 67.08"
"27,15 : 57.01"
"27,16 : 76.16"
"27,17 : 36.07"
"27,18 : 56.32"
"27,19 : 64.38"
"27,20 : 59.77"
"27,21 : 91.24"
"27,22 : 54.08"
"27,23 : 34.99"
"27,24 : 37.05"
"27,25 : 30.87"
"27,26 : 70.71"
"27,27 : 0.0"
"27,28 : 74.63"
"27,29 : 48.26"
"27,30 : 48.66"
"27,31 : 42.94"
"27,32 : 63.07"
"27,33 : 29.21"
"27,34 : 25.94"
"27,35 : 45.61"
"27,36 : 9.06"
"27,37 : 79.76"
"27,38 : 9.49"
"27,39 : 26.0"
"27,40 : 68.15"
"27,41 : 5.0"
"27,42 : 36.88"
"27,43 : 44.1"
"27,44 : 28.65"
"27,45 : 62.64"
"27,46 : 22.56"
"27,47 : 43.42"
"27,48 : 61.68"
"27,49 : 57.25"
"28,0 : 26.4"
"28,1 : 91.07"
"28,2 : 32.25"
"28,3 : 39.46"
"28,4 : 7.28"
"28,5 : 36.01"
"28,6 : 48.76"
"28,7 : 80.28"
"28,8 : 77.34"
"28,9 : 20.4"
"28,10 : 37.36"
"28,11 : 92.18"
"28,12 : 53.76"
"28,13 : 39.22"
"28,14 : 54.13"
"28,15 : 27.78"
"28,16 : 62.37"
"28,17 : 107.78"
"28,18 : 42.54"
"28,19 : 76.01"
"28,20 : 95.27"
"28,21 : 43.74"
"28,22 : 31.06"
"28,23 : 57.98"
"28,24 : 70.41"
"28,25 : 84.15"
"28,26 : 34.21"
"28,27 : 74.63"
"28,28 : 0.0"
"28,29 : 36.24"
"28,30 : 27.46"
"28,31 : 54.2"
"28,32 : 27.2"
"28,33 : 89.0"
"28,34 : 74.81"
"28,35 : 35.36"
"28,36 : 83.52"
"28,37 : 55.47"
"28,38 : 82.46"
"28,39 : 77.01"
"28,40 : 49.65"
"28,41 : 77.62"
"28,42 : 107.82"
"28,43 : 33.6"
"28,44 : 97.62"
"28,45 : 12.08"
"28,46 : 66.01"
"28,47 : 37.22"
"28,48 : 13.15"
"28,49 : 52.92"
"29,0 : 44.05"
"29,1 : 58.19"
"29,2 : 13.0"
"29,3 : 27.2"
"29,4 : 40.82"
"29,5 : 67.68"
"29,6 : 21.47"
"29,7 : 55.73"
"29,8 : 42.19"
"29,9 : 24.19"
"29,10 : 22.2"
"29,11 : 60.17"
"29,12 : 28.65"
"29,13 : 65.76"
"29,14 : 27.73"
"29,15 : 9.85"
"29,16 : 77.13"
"29,17 : 75.96"
"29,18 : 12.53"
"29,19 : 80.26"
"29,20 : 90.55"
"29,21 : 72.57"
"29,22 : 6.32"
"29,23 : 22.2"
"29,24 : 62.29"
"29,25 : 69.35"
"29,26 : 55.04"
"29,27 : 48.26"
"29,28 : 36.24"
"29,29 : 0.0"
"29,30 : 13.0"
"29,31 : 18.03"
"29,32 : 15.13"
"29,33 : 71.69"
"29,34 : 40.25"
"29,35 : 35.11"
"29,36 : 57.14"
"29,37 : 74.43"
"29,38 : 57.56"
"29,39 : 42.49"
"29,40 : 25.81"
"29,41 : 52.61"
"29,42 : 75.58"
"29,43 : 8.94"
"29,44 : 65.15"
"29,45 : 25.94"
"29,46 : 50.77"
"29,47 : 34.93"
"29,48 : 27.86"
"29,49 : 21.21"
"30,0 : 31.06"
"30,1 : 63.63"
"30,2 : 5.1"
"30,3 : 18.36"
"30,4 : 30.41"
"30,5 : 55.54"
"30,6 : 33.53"
"30,7 : 55.15"
"30,8 : 50.21"
"30,9 : 11.4"
"30,10 : 13.93"
"30,11 : 64.85"
"30,12 : 40.5"
"30,13 : 52.95"
"30,14 : 39.85"
"30,15 : 12.73"
"30,16 : 64.56"
"30,17 : 80.53"
"30,18 : 24.74"
"30,19 : 69.4"
"30,20 : 82.2"
"30,21 : 59.91"
"30,22 : 12.53"
"30,23 : 31.62"
"30,24 : 54.38"
"30,25 : 64.2"
"30,26 : 42.05"
"30,27 : 48.66"
"30,28 : 27.46"
"30,29 : 13.0"
"30,30 : 0.0"
"30,31 : 29.73"
"30,32 : 18.6"
"30,33 : 67.68"
"30,34 : 47.51"
"30,35 : 23.32"
"30,36 : 57.71"
"30,37 : 61.52"
"30,38 : 57.22"
"30,39 : 49.68"
"30,40 : 37.16"
"30,41 : 52.24"
"30,42 : 80.5"
"30,43 : 6.4"
"30,44 : 70.24"
"30,45 : 15.62"
"30,46 : 45.22"
"30,47 : 23.6"
"30,48 : 16.4"
"30,49 : 34.13"
"31,0 : 60.21"
"31,1 : 45.18"
"31,2 : 27.46"
"31,3 : 37.48"
"31,4 : 58.83"
"31,5 : 85.23"
"31,6 : 20.4"
"31,7 : 51.0"
"31,8 : 26.93"
"31,9 : 41.11"
"31,10 : 33.14"
"31,11 : 48.01"
"31,12 : 26.0"
"31,13 : 82.46"
"31,14 : 24.17"
"31,15 : 26.87"
"31,16 : 90.35"
"31,17 : 63.29"
"31,18 : 16.49"
"31,19 : 89.54"
"31,20 : 95.21"
"31,21 : 89.56"
"31,22 : 23.35"
"31,23 : 8.25"
"31,24 : 67.42"
"31,25 : 70.04"
"31,26 : 71.02"
"31,27 : 42.94"
"31,28 : 54.2"
"31,29 : 18.03"
"31,30 : 29.73"
"31,31 : 0.0"
"31,32 : 30.23"
"31,33 : 70.6"
"31,34 : 26.17"
"31,35 : 48.04"
"31,36 : 50.7"
"31,37 : 89.02"
"31,38 : 52.33"
"31,39 : 28.28"
"31,40 : 25.71"
"31,41 : 47.89"
"31,42 : 62.51"
"31,43 : 23.77"
"31,44 : 52.24"
"31,45 : 43.91"
"31,46 : 53.41"
"31,47 : 47.17"
"31,48 : 45.62"
"31,49 : 14.32"
"32,0 : 43.97"
"32,1 : 73.08"
"32,2 : 22.36"
"32,3 : 36.89"
"32,4 : 33.54"
"32,5 : 62.39"
"32,6 : 21.59"
"32,7 : 70.35"
"32,8 : 56.36"
"32,9 : 25.06"
"32,10 : 32.25"
"32,11 : 75.19"
"32,12 : 27.02"
"32,13 : 63.2"
"32,14 : 27.17"
"32,15 : 6.32"
"32,16 : 80.11"
"32,17 : 90.96"
"32,18 : 15.81"
"32,19 : 87.32"
"32,20 : 100.8"
"32,21 : 69.0"
"32,22 : 9.0"
"32,23 : 36.25"
"32,24 : 72.95"
"32,25 : 82.08"
"32,26 : 54.57"
"32,27 : 63.07"
"32,28 : 27.2"
"32,29 : 15.13"
"32,30 : 18.6"
"32,31 : 30.23"
"32,32 : 0.0"
"32,33 : 85.07"
"32,34 : 54.78"
"32,35 : 41.11"
"32,36 : 72.03"
"32,37 : 75.58"
"32,38 : 72.25"
"32,39 : 57.01"
"32,40 : 23.0"
"32,41 : 67.27"
"32,42 : 90.52"
"32,43 : 19.92"
"32,44 : 80.08"
"32,45 : 21.21"
"32,46 : 63.16"
"32,47 : 41.73"
"32,48 : 24.52"
"32,49 : 25.94"
"33,0 : 69.86"
"33,1 : 48.27"
"33,2 : 63.06"
"33,3 : 50.36"
"33,4 : 87.28"
"33,5 : 95.08"
"33,6 : 89.36"
"33,7 : 21.95"
"33,8 : 58.31"
"33,9 : 69.12"
"33,10 : 53.94"
"33,11 : 44.72"
"33,12 : 95.96"
"33,13 : 84.53"
"33,14 : 94.3"
"33,15 : 78.75"
"33,16 : 67.18"
"33,17 : 49.5"
"33,18 : 81.88"
"33,19 : 48.02"
"33,20 : 34.0"
"33,21 : 91.71"
"33,22 : 76.55"
"33,23 : 63.13"
"33,24 : 24.41"
"33,25 : 7.07"
"33,26 : 73.16"
"33,27 : 29.21"
"33,28 : 89.0"
"33,29 : 71.69"
"33,30 : 67.68"
"33,31 : 70.6"
"33,32 : 85.07"
"33,33 : 0.0"
"33,34 : 54.92"
"33,35 : 54.23"
"33,36 : 25.63"
"33,37 : 74.03"
"33,38 : 21.93"
"33,39 : 54.71"
"33,40 : 94.67"
"33,41 : 24.41"
"33,42 : 51.35"
"33,43 : 65.15"
"33,44 : 48.17"
"33,45 : 78.16"
"33,46 : 23.02"
"33,47 : 52.15"
"33,48 : 76.03"
"33,49 : 84.63"
"34,0 : 72.72"
"34,1 : 19.03"
"34,2 : 43.14"
"34,3 : 44.72"
"34,4 : 77.83"
"34,5 : 100.44"
"34,6 : 46.01"
"34,7 : 33.02"
"34,8 : 4.0"
"34,9 : 57.31"
"34,10 : 42.72"
"34,11 : 22.09"
"34,12 : 50.49"
"34,13 : 94.89"
"34,14 : 48.51"
"34,15 : 50.09"
"34,16 : 94.73"
"34,17 : 37.12"
"34,18 : 42.58"
"34,19 : 87.14"
"34,20 : 85.44"
"34,21 : 102.58"
"34,22 : 46.52"
"34,23 : 18.68"
"34,24 : 60.83"
"34,25 : 56.8"
"34,26 : 82.3"
"34,27 : 25.94"
"34,28 : 74.81"
"34,29 : 40.25"
"34,30 : 47.51"
"34,31 : 26.17"
"34,32 : 54.78"
"34,33 : 54.92"
"34,34 : 0.0"
"34,35 : 56.36"
"34,36 : 30.41"
"34,37 : 96.17"
"34,38 : 33.42"
"34,39 : 2.24"
"34,40 : 51.09"
"34,41 : 30.53"
"34,42 : 36.35"
"34,43 : 41.23"
"34,44 : 26.08"
"34,45 : 63.13"
"34,46 : 45.54"
"34,47 : 54.63"
"34,48 : 63.66"
"34,49 : 39.12"
"35,0 : 17.8"
"35,1 : 67.48"
"35,2 : 22.14"
"35,3 : 11.7"
"35,4 : 33.06"
"35,5 : 46.01"
"35,6 : 56.46"
"35,7 : 49.24"
"35,8 : 60.01"
"35,9 : 17.49"
"35,10 : 15.03"
"35,11 : 67.21"
"35,12 : 63.56"
"35,13 : 38.83"
"35,14 : 62.77"
"35,15 : 35.81"
"35,16 : 42.43"
"35,17 : 81.47"
"35,18 : 47.54"
"35,19 : 46.23"
"35,20 : 61.29"
"35,21 : 46.62"
"35,22 : 35.85"
"35,23 : 46.39"
"35,24 : 35.17"
"35,25 : 49.0"
"35,26 : 26.08"
"35,27 : 45.61"
"35,28 : 35.36"
"35,29 : 35.11"
"35,30 : 23.32"
"35,31 : 48.04"
"35,32 : 41.11"
"35,33 : 54.23"
"35,34 : 56.36"
"35,35 : 0.0"
"35,36 : 53.54"
"35,37 : 41.19"
"35,38 : 51.48"
"35,39 : 58.14"
"35,40 : 60.37"
"35,41 : 47.17"
"35,42 : 82.07"
"35,43 : 26.25"
"35,44 : 72.86"
"35,45 : 26.0"
"35,46 : 31.58"
"35,47 : 2.24"
"35,48 : 23.09"
"35,49 : 56.04"
"36,0 : 71.28"
"36,1 : 23.09"
"36,2 : 52.61"
"36,3 : 44.78"
"36,4 : 83.93"
"36,5 : 99.2"
"36,6 : 70.84"
"36,7 : 5.39"
"36,8 : 33.42"
"36,9 : 63.25"
"36,10 : 46.17"
"36,11 : 20.02"
"36,12 : 76.69"
"36,13 : 90.61"
"36,14 : 74.85"
"36,15 : 66.0"
"36,16 : 81.01"
"36,17 : 29.68"
"36,18 : 64.76"
"36,19 : 66.94"
"36,20 : 58.69"
"36,21 : 98.35"
"36,22 : 63.03"
"36,23 : 42.54"
"36,24 : 39.56"
"36,25 : 29.27"
"36,26 : 77.99"
"36,27 : 9.06"
"36,28 : 83.52"
"36,29 : 57.14"
"36,30 : 57.71"
"36,31 : 50.7"
"36,32 : 72.03"
"36,33 : 25.63"
"36,34 : 30.41"
"36,35 : 53.54"
"36,36 : 0.0"
"36,37 : 85.45"
"36,38 : 4.0"
"36,39 : 29.83"
"36,40 : 76.22"
"36,41 : 6.4"
"36,42 : 30.89"
"36,43 : 53.15"
"36,44 : 24.52"
"36,45 : 71.57"
"36,46 : 26.93"
"36,47 : 51.31"
"36,48 : 70.52"
"36,49 : 65.0"
"37,0 : 31.62"
"37,1 : 104.2"
"37,2 : 62.07"
"37,3 : 52.61"
"37,4 : 48.6"
"37,5 : 31.62"
"37,6 : 94.73"
"37,7 : 80.21"
"37,8 : 100.0"
"37,9 : 51.2"
"37,10 : 56.22"
"37,11 : 102.96"
"37,12 : 101.41"
"37,13 : 20.12"
"37,14 : 101.0"
"37,15 : 72.03"
"37,16 : 10.05"
"37,17 : 115.11"
"37,18 : 86.15"
"37,19 : 33.38"
"37,20 : 59.23"
"37,21 : 23.19"
"37,22 : 73.35"
"37,23 : 87.57"
"37,24 : 49.68"
"37,25 : 67.01"
"37,26 : 21.47"
"37,27 : 79.76"
"37,28 : 55.47"
"37,29 : 74.43"
"37,30 : 61.52"
"37,31 : 89.02"
"37,32 : 75.58"
"37,33 : 74.03"
"37,34 : 96.17"
"37,35 : 41.19"
"37,36 : 85.45"
"37,37 : 0.0"
"37,38 : 82.2"
"37,39 : 97.72"
"37,40 : 97.74"
"37,41 : 79.32"
"37,42 : 116.21"
"37,43 : 66.12"
"37,44 : 108.41"
"37,45 : 54.78"
"37,46 : 58.6"
"37,47 : 42.43"
"37,48 : 51.26"
"37,49 : 95.63"
"38,0 : 69.12"
"38,1 : 27.07"
"38,2 : 52.15"
"38,3 : 43.32"
"38,4 : 82.54"
"38,5 : 96.83"
"38,6 : 72.24"
"38,7 : 2.24"
"38,8 : 36.62"
"38,9 : 62.1"
"38,10 : 45.12"
"38,11 : 24.02"
"38,12 : 78.29"
"38,13 : 87.97"
"38,14 : 76.49"
"38,15 : 66.12"
"38,16 : 77.52"
"38,17 : 33.12"
"38,18 : 65.8"
"38,19 : 63.06"
"38,20 : 54.74"
"38,21 : 95.67"
"38,22 : 63.29"
"38,23 : 44.29"
"38,24 : 35.74"
"38,25 : 25.32"
"38,26 : 75.43"
"38,27 : 9.49"
"38,28 : 82.46"
"38,29 : 57.56"
"38,30 : 57.22"
"38,31 : 52.33"
"38,32 : 72.25"
"38,33 : 21.93"
"38,34 : 33.42"
"38,35 : 51.48"
"38,36 : 4.0"
"38,37 : 82.2"
"38,38 : 0.0"
"38,39 : 33.02"
"38,40 : 77.62"
"38,41 : 5.0"
"38,42 : 34.44"
"38,43 : 53.0"
"38,44 : 28.44"
"38,45 : 70.61"
"38,46 : 23.6"
"38,47 : 49.24"
"38,48 : 69.38"
"38,49 : 66.64"
"39,0 : 74.63"
"39,1 : 17.0"
"39,2 : 45.28"
"39,3 : 46.53"
"39,4 : 79.98"
"39,5 : 102.42"
"39,6 : 48.0"
"39,7 : 32.76"
"39,8 : 3.61"
"39,9 : 59.41"
"39,10 : 44.65"
"39,11 : 20.22"
"39,12 : 52.35"
"39,13 : 96.75"
"39,14 : 50.36"
"39,15 : 52.33"
"39,16 : 96.1"
"39,17 : 35.06"
"39,18 : 44.72"
"39,19 : 88.05"
"39,20 : 85.7"
"39,21 : 104.45"
"39,22 : 48.75"
"39,23 : 20.88"
"39,24 : 61.52"
"39,25 : 56.86"
"39,26 : 84.12"
"39,27 : 26.0"
"39,28 : 77.01"
"39,29 : 42.49"
"39,30 : 49.68"
"39,31 : 28.28"
"39,32 : 57.01"
"39,33 : 54.71"
"39,34 : 2.24"
"39,35 : 58.14"
"39,36 : 29.83"
"39,37 : 97.72"
"39,38 : 33.02"
"39,39 : 0.0"
"39,40 : 53.04"
"39,41 : 30.41"
"39,42 : 34.23"
"39,43 : 43.42"
"39,44 : 24.02"
"39,45 : 65.3"
"39,46 : 46.27"
"39,47 : 56.36"
"39,48 : 65.8"
"39,49 : 41.05"
"40,0 : 66.29"
"40,1 : 70.03"
"40,2 : 38.59"
"40,3 : 53.01"
"40,4 : 56.32"
"40,5 : 85.29"
"40,6 : 5.39"
"40,7 : 76.16"
"40,8 : 51.01"
"40,9 : 46.57"
"40,10 : 48.01"
"40,11 : 73.17"
"40,12 : 4.12"
"40,13 : 86.15"
"40,14 : 5.0"
"40,15 : 25.71"
"40,16 : 101.51"
"40,17 : 88.0"
"40,18 : 13.45"
"40,19 : 106.0"
"40,20 : 115.97"
"40,21 : 92.0"
"40,22 : 24.7"
"40,23 : 33.96"
"40,24 : 87.69"
"40,25 : 93.23"
"40,26 : 77.1"
"40,27 : 68.15"
"40,28 : 49.65"
"40,29 : 25.81"
"40,30 : 37.16"
"40,31 : 25.71"
"40,32 : 23.0"
"40,33 : 94.67"
"40,34 : 51.09"
"40,35 : 60.37"
"40,36 : 76.22"
"40,37 : 97.74"
"40,38 : 77.62"
"40,39 : 53.04"
"40,40 : 0.0"
"40,41 : 73.01"
"40,42 : 87.02"
"40,43 : 34.67"
"40,44 : 77.01"
"40,45 : 44.1"
"40,46 : 75.29"
"40,47 : 60.42"
"40,48 : 47.27"
"40,49 : 12.0"
"41,0 : 64.9"
"41,1 : 27.17"
"41,2 : 47.17"
"41,3 : 38.63"
"41,4 : 77.83"
"41,5 : 92.8"
"41,6 : 67.62"
"41,7 : 3.16"
"41,8 : 34.0"
"41,9 : 57.28"
"41,10 : 40.26"
"41,11 : 24.74"
"41,12 : 73.79"
"41,13 : 84.22"
"41,14 : 72.01"
"41,15 : 61.13"
"41,16 : 75.13"
"41,17 : 35.81"
"41,18 : 61.03"
"41,19 : 61.98"
"41,20 : 55.79"
"41,21 : 91.97"
"41,22 : 58.31"
"41,23 : 39.96"
"41,24 : 34.53"
"41,25 : 26.57"
"41,26 : 71.59"
"41,27 : 5.0"
"41,28 : 77.62"
"41,29 : 52.61"
"41,30 : 52.24"
"41,31 : 47.89"
"41,32 : 67.27"
"41,33 : 24.41"
"41,34 : 30.53"
"41,35 : 47.17"
"41,36 : 6.4"
"41,37 : 79.32"
"41,38 : 5.0"
"41,39 : 30.41"
"41,40 : 73.01"
"41,41 : 0.0"
"41,42 : 36.89"
"41,43 : 48.0"
"41,44 : 29.73"
"41,45 : 65.73"
"41,46 : 21.02"
"41,47 : 44.94"
"41,48 : 64.56"
"41,49 : 62.18"
"42,0 : 99.82"
"42,1 : 17.46"
"42,2 : 75.59"
"42,3 : 71.84"
"42,4 : 109.6"
"42,5 : 128.08"
"42,6 : 82.1"
"42,7 : 36.24"
"42,8 : 36.01"
"42,9 : 88.51"
"42,10 : 71.85"
"42,11 : 15.65"
"42,12 : 86.02"
"42,13 : 120.28"
"42,14 : 84.02"
"42,15 : 85.38"
"42,16 : 111.89"
"42,17 : 2.24"
"42,18 : 78.92"
"42,19 : 97.08"
"42,20 : 85.21"
"42,21 : 128.08"
"42,22 : 81.91"
"42,23 : 54.92"
"42,24 : 70.01"
"42,25 : 57.07"
"42,26 : 107.52"
"42,27 : 36.88"
"42,28 : 107.82"
"42,29 : 75.58"
"42,30 : 80.5"
"42,31 : 62.51"
"42,32 : 90.52"
"42,33 : 51.35"
"42,34 : 36.35"
"42,35 : 82.07"
"42,36 : 30.89"
"42,37 : 116.21"
"42,38 : 34.44"
"42,39 : 34.23"
"42,40 : 87.02"
"42,41 : 36.89"
"42,42 : 0.0"
"42,43 : 74.73"
"42,44 : 10.44"
"42,45 : 95.77"
"42,46 : 57.8"
"42,47 : 79.93"
"42,48 : 95.52"
"42,49 : 75.03"
"43,0 : 36.5"
"43,1 : 57.71"
"43,2 : 4.12"
"43,3 : 18.44"
"43,4 : 36.8"
"43,5 : 61.74"
"43,6 : 30.41"
"43,7 : 51.01"
"43,8 : 43.86"
"43,9 : 17.46"
"43,10 : 13.45"
"43,11 : 59.09"
"43,12 : 37.59"
"43,13 : 58.69"
"43,14 : 36.67"
"43,15 : 13.6"
"43,16 : 68.45"
"43,17 : 74.85"
"43,18 : 21.47"
"43,19 : 71.34"
"43,20 : 82.22"
"43,21 : 65.8"
"43,22 : 11.66"
"43,23 : 25.24"
"43,24 : 54.04"
"43,25 : 62.24"
"43,26 : 47.38"
"43,27 : 44.1"
"43,28 : 33.6"
"43,29 : 8.94"
"43,30 : 6.4"
"43,31 : 23.77"
"43,32 : 19.92"
"43,33 : 65.15"
"43,34 : 41.23"
"43,35 : 26.25"
"43,36 : 53.15"
"43,37 : 66.12"
"43,38 : 53.0"
"43,39 : 43.42"
"43,40 : 34.67"
"43,41 : 48.0"
"43,42 : 74.73"
"43,43 : 0.0"
"43,44 : 64.4"
"43,45 : 21.93"
"43,46 : 43.38"
"43,47 : 26.0"
"43,48 : 22.8"
"43,49 : 29.83"
"44,0 : 90.51"
"44,1 : 7.07"
"44,2 : 65.37"
"44,3 : 62.29"
"44,4 : 99.57"
"44,5 : 118.79"
"44,6 : 72.01"
"44,7 : 29.83"
"44,8 : 26.08"
"44,9 : 78.49"
"44,10 : 62.01"
"44,11 : 5.66"
"44,12 : 76.16"
"44,13 : 111.4"
"44,14 : 74.17"
"44,15 : 74.95"
"44,16 : 104.69"
"44,17 : 11.05"
"44,18 : 68.59"
"44,19 : 91.44"
"44,20 : 82.1"
"44,21 : 119.21"
"44,22 : 71.47"
"44,23 : 44.55"
"44,24 : 64.03"
"44,25 : 53.01"
"44,26 : 98.6"
"44,27 : 28.65"
"44,28 : 97.62"
"44,29 : 65.15"
"44,30 : 70.24"
"44,31 : 52.24"
"44,32 : 80.08"
"44,33 : 48.17"
"44,34 : 26.08"
"44,35 : 72.86"
"44,36 : 24.52"
"44,37 : 108.41"
"44,38 : 28.44"
"44,39 : 24.02"
"44,40 : 77.01"
"44,41 : 29.73"
"44,42 : 10.44"
"44,43 : 64.4"
"44,44 : 0.0"
"44,45 : 85.59"
"44,46 : 50.7"
"44,47 : 70.77"
"44,48 : 85.44"
"44,49 : 65.01"
"45,0 : 23.26"
"45,1 : 79.08"
"45,2 : 20.25"
"45,3 : 28.02"
"45,4 : 15.0"
"45,5 : 42.2"
"45,6 : 42.05"
"45,7 : 68.45"
"45,8 : 65.8"
"45,9 : 9.06"
"45,10 : 25.5"
"45,11 : 80.13"
"45,12 : 48.04"
"45,13 : 42.05"
"45,14 : 48.0"
"45,15 : 19.24"
"45,16 : 60.03"
"45,17 : 95.71"
"45,18 : 34.53"
"45,19 : 70.18"
"45,20 : 87.21"
"45,21 : 48.09"
"45,22 : 21.84"
"45,23 : 46.86"
"45,24 : 61.03"
"45,25 : 73.68"
"45,26 : 33.53"
"45,27 : 62.64"
"45,28 : 12.08"
"45,29 : 25.94"
"45,30 : 15.62"
"45,31 : 43.91"
"45,32 : 21.21"
"45,33 : 78.16"
"45,34 : 63.13"
"45,35 : 26.0"
"45,36 : 71.57"
"45,37 : 54.78"
"45,38 : 70.61"
"45,39 : 65.3"
"45,40 : 44.1"
"45,41 : 65.73"
"45,42 : 95.77"
"45,43 : 21.93"
"45,44 : 85.59"
"45,45 : 0.0"
"45,46 : 55.15"
"45,47 : 27.51"
"45,48 : 3.61"
"45,49 : 44.91"
"46,0 : 48.1"
"46,1 : 47.54"
"46,2 : 40.85"
"46,3 : 27.46"
"46,4 : 64.5"
"46,5 : 74.79"
"46,6 : 70.18"
"46,7 : 21.63"
"46,8 : 49.5"
"46,9 : 46.1"
"46,10 : 31.32"
"46,11 : 45.54"
"46,12 : 77.16"
"46,13 : 65.22"
"46,14 : 75.69"
"46,15 : 56.86"
"46,16 : 54.12"
"46,17 : 56.6"
"46,18 : 62.01"
"46,19 : 42.05"
"46,20 : 41.88"
"46,21 : 72.8"
"46,22 : 55.01"
"46,23 : 47.17"
"46,24 : 15.3"
"46,25 : 18.97"
"46,26 : 53.0"
"46,27 : 22.56"
"46,28 : 66.01"
"46,29 : 50.77"
"46,30 : 45.22"
"46,31 : 53.41"
"46,32 : 63.16"
"46,33 : 23.02"
"46,34 : 45.54"
"46,35 : 31.58"
"46,36 : 26.93"
"46,37 : 58.6"
"46,38 : 23.6"
"46,39 : 46.27"
"46,40 : 75.29"
"46,41 : 21.02"
"46,42 : 57.8"
"46,43 : 43.38"
"46,44 : 50.7"
"46,45 : 55.15"
"46,46 : 0.0"
"46,47 : 29.43"
"46,48 : 53.01"
"46,49 : 66.48"
"47,0 : 20.0"
"47,1 : 65.44"
"47,2 : 21.93"
"47,3 : 10.2"
"47,4 : 35.13"
"47,5 : 48.17"
"47,6 : 56.36"
"47,7 : 47.01"
"47,8 : 58.31"
"47,9 : 18.79"
"47,10 : 14.04"
"47,11 : 65.12"
"47,12 : 63.51"
"47,13 : 40.8"
"47,14 : 62.65"
"47,15 : 36.24"
"47,16 : 43.19"
"47,17 : 79.31"
"47,18 : 47.42"
"47,19 : 45.8"
"47,20 : 60.03"
"47,21 : 48.6"
"47,22 : 36.06"
"47,23 : 45.18"
"47,24 : 33.53"
"47,25 : 47.01"
"47,26 : 28.02"
"47,27 : 43.42"
"47,28 : 37.22"
"47,29 : 34.93"
"47,30 : 23.6"
"47,31 : 47.17"
"47,32 : 41.73"
"47,33 : 52.15"
"47,34 : 54.63"
"47,35 : 2.24"
"47,36 : 51.31"
"47,37 : 42.43"
"47,38 : 49.24"
"47,39 : 56.36"
"47,40 : 60.42"
"47,41 : 44.94"
"47,42 : 79.93"
"47,43 : 26.0"
"47,44 : 70.77"
"47,45 : 27.51"
"47,46 : 29.43"
"47,47 : 0.0"
"47,48 : 24.74"
"47,49 : 55.66"
"48,0 : 19.7"
"48,1 : 79.06"
"48,2 : 20.52"
"48,3 : 26.31"
"48,4 : 14.21"
"48,5 : 39.85"
"48,6 : 45.0"
"48,7 : 67.19"
"48,8 : 66.48"
"48,9 : 7.28"
"48,10 : 24.35"
"48,11 : 79.92"
"48,12 : 51.16"
"48,13 : 39.0"
"48,14 : 51.04"
"48,15 : 22.02"
"48,16 : 56.44"
"48,17 : 95.38"
"48,18 : 37.22"
"48,19 : 66.71"
"48,20 : 84.1"
"48,21 : 45.28"
"48,22 : 24.33"
"48,23 : 48.01"
"48,24 : 58.24"
"48,25 : 71.34"
"48,26 : 30.08"
"48,27 : 61.68"
"48,28 : 13.15"
"48,29 : 27.86"
"48,30 : 16.4"
"48,31 : 45.62"
"48,32 : 24.52"
"48,33 : 76.03"
"48,34 : 63.66"
"48,35 : 23.09"
"48,36 : 70.52"
"48,37 : 51.26"
"48,38 : 69.38"
"48,39 : 65.8"
"48,40 : 47.27"
"48,41 : 64.56"
"48,42 : 95.52"
"48,43 : 22.8"
"48,44 : 85.44"
"48,45 : 3.61"
"48,46 : 53.01"
"48,47 : 24.74"
"48,48 : 0.0"
"48,49 : 47.52"
"49,0 : 65.01"
"49,1 : 58.03"
"49,2 : 33.96"
"49,3 : 47.01"
"49,4 : 58.82"
"49,5 : 87.1"
"49,6 : 7.28"
"49,7 : 65.3"
"49,8 : 39.01"
"49,9 : 45.0"
"49,10 : 42.15"
"49,11 : 61.2"
"49,12 : 11.7"
"49,13 : 86.28"
"49,14 : 9.85"
"49,15 : 25.71"
"49,16 : 98.27"
"49,17 : 76.0"
"49,18 : 10.44"
"49,19 : 100.18"
"49,20 : 107.94"
"49,21 : 92.78"
"49,22 : 23.19"
"49,23 : 22.47"
"49,24 : 79.81"
"49,25 : 83.74"
"49,26 : 76.01"
"49,27 : 57.25"
"49,28 : 52.92"
"49,29 : 21.21"
"49,30 : 34.13"
"49,31 : 14.32"
"49,32 : 25.94"
"49,33 : 84.63"
"49,34 : 39.12"
"49,35 : 56.04"
"49,36 : 65.0"
"49,37 : 95.63"
"49,38 : 66.64"
"49,39 : 41.05"
"49,40 : 12.0"
"49,41 : 62.18"
"49,42 : 75.03"
"49,43 : 29.83"
"49,44 : 65.01"
"49,45 : 44.91"
"49,46 : 66.48"
"49,47 : 55.66"
"49,48 : 47.52"
"49,49 : 0.0"
