x,y
98,85
91,9
85,13
23,46
4,4
17,11
53,84
23,68
69,1
52,18
17,85
73,9
65,82
50,6
88,14
99,99
20,56
18,35
5,51
35,11
15,59
82,93
16,91
47,30
19,70
97,77
74,3
74,52
40,4
8,27
53,21
79,9
74,91
38,28
64,59
99,25
66,36
26,7
16,11
5,7
92,72
29,55
71,46
34,98
98,95
34,26
85,62
40,17
24,2
31,9

Distanze
"0,0 : 0.0"
"0,1 : 81.71"
"0,2 : 74.46"
"0,3 : 44.42"
"0,4 : 62.29"
"0,5 : 42.01"
"0,6 : 4.47"
"0,7 : 14.21"
"0,8 : 73.11"
"0,9 : 90.47"
"0,10 : 100.3"
"0,11 : 50.49"
"0,12 : 59.77"
"0,13 : 95.26"
"0,14 : 80.13"
"0,15 : 71.31"
"0,16 : 58.14"
"0,17 : 88.6"
"0,18 : 5.0"
"0,19 : 19.24"
"0,20 : 65.76"
"0,21 : 48.0"
"0,22 : 36.12"
"0,23 : 42.2"
"0,24 : 30.48"
"0,25 : 68.66"
"0,26 : 37.7"
"0,27 : 47.27"
"0,28 : 84.22"
"0,29 : 57.94"
"0,30 : 56.94"
"0,31 : 51.62"
"0,32 : 62.97"
"0,33 : 86.28"
"0,34 : 11.4"
"0,35 : 49.2"
"0,36 : 68.31"
"0,37 : 42.0"
"0,38 : 48.09"
"0,39 : 61.52"
"0,40 : 68.1"
"0,41 : 92.27"
"0,42 : 34.53"
"0,43 : 49.4"
"0,44 : 84.93"
"0,45 : 76.84"
"0,46 : 51.31"
"0,47 : 48.51"
"0,48 : 57.25"
"0,49 : 71.17"
"1,0 : 81.71"
"1,1 : 0.0"
"1,2 : 7.28"
"1,3 : 65.22"
"1,4 : 32.31"
"1,5 : 43.19"
"1,6 : 85.09"
"1,7 : 69.64"
"1,8 : 34.13"
"1,9 : 66.37"
"1,10 : 18.68"
"1,11 : 45.22"
"1,12 : 22.47"
"1,13 : 73.55"
"1,14 : 69.26"
"1,15 : 48.51"
"1,16 : 75.15"
"1,17 : 10.3"
"1,18 : 83.17"
"1,19 : 73.82"
"1,20 : 63.6"
"1,21 : 41.04"
"1,22 : 98.41"
"1,23 : 51.16"
"1,24 : 77.1"
"1,25 : 17.49"
"1,26 : 44.01"
"1,27 : 104.74"
"1,28 : 12.37"
"1,29 : 23.77"
"1,30 : 91.92"
"1,31 : 65.37"
"1,32 : 36.67"
"1,33 : 38.33"
"1,34 : 81.25"
"1,35 : 82.93"
"1,36 : 52.17"
"1,37 : 104.69"
"1,38 : 81.02"
"1,39 : 79.71"
"1,40 : 66.22"
"1,41 : 28.02"
"1,42 : 70.11"
"1,43 : 34.23"
"1,44 : 13.89"
"1,45 : 79.62"
"1,46 : 66.73"
"1,47 : 51.04"
"1,48 : 95.19"
"1,49 : 12.04"
"2,0 : 74.46"
"2,1 : 7.28"
"2,2 : 0.0"
"2,3 : 59.68"
"2,4 : 26.93"
"2,5 : 36.06"
"2,6 : 77.88"
"2,7 : 62.36"
"2,8 : 32.25"
"2,9 : 65.51"
"2,10 : 25.96"
"2,11 : 39.82"
"2,12 : 15.62"
"2,13 : 72.78"
"2,14 : 67.01"
"2,15 : 46.0"
"2,16 : 70.58"
"2,17 : 16.28"
"2,18 : 75.89"
"2,19 : 66.61"
"2,20 : 60.02"
"2,21 : 35.0"
"2,22 : 91.93"
"2,23 : 44.41"
"2,24 : 70.72"
"2,25 : 13.15"
"2,26 : 36.77"
"2,27 : 98.6"
"2,28 : 14.56"
"2,29 : 16.55"
"2,30 : 86.77"
"2,31 : 60.42"
"2,32 : 31.62"
"2,33 : 38.91"
"2,34 : 73.98"
"2,35 : 77.52"
"2,36 : 49.16"
"2,37 : 98.29"
"2,38 : 74.73"
"2,39 : 75.27"
"2,40 : 62.8"
"2,41 : 31.14"
"2,42 : 63.29"
"2,43 : 27.07"
"2,44 : 17.2"
"2,45 : 76.53"
"2,46 : 61.74"
"2,47 : 45.65"
"2,48 : 89.94"
"2,49 : 7.07"
"3,0 : 44.42"
"3,1 : 65.22"
"3,2 : 59.68"
"3,3 : 0.0"
"3,4 : 65.49"
"3,5 : 49.25"
"3,6 : 44.28"
"3,7 : 44.69"
"3,8 : 39.82"
"3,9 : 46.84"
"3,10 : 80.62"
"3,11 : 20.0"
"3,12 : 45.19"
"3,13 : 51.08"
"3,14 : 35.78"
"3,15 : 31.4"
"3,16 : 16.16"
"3,17 : 67.18"
"3,18 : 49.09"
"3,19 : 54.67"
"3,20 : 21.54"
"3,21 : 25.08"
"3,22 : 37.34"
"3,23 : 58.46"
"3,24 : 18.0"
"3,25 : 47.8"
"3,26 : 37.12"
"3,27 : 40.8"
"3,28 : 73.82"
"3,29 : 46.82"
"3,30 : 27.51"
"3,31 : 7.21"
"3,32 : 69.18"
"3,33 : 50.6"
"3,34 : 53.26"
"3,35 : 17.89"
"3,36 : 27.07"
"3,37 : 42.49"
"3,38 : 81.99"
"3,39 : 20.88"
"3,40 : 23.71"
"3,41 : 61.77"
"3,42 : 65.37"
"3,43 : 49.16"
"3,44 : 60.88"
"3,45 : 33.3"
"3,46 : 7.07"
"3,47 : 14.21"
"3,48 : 30.46"
"3,49 : 53.25"
"4,0 : 62.29"
"4,1 : 32.31"
"4,2 : 26.93"
"4,3 : 65.49"
"4,4 : 0.0"
"4,5 : 20.62"
"4,6 : 66.48"
"4,7 : 48.27"
"4,8 : 53.34"
"4,9 : 86.33"
"4,10 : 48.51"
"4,11 : 49.16"
"4,12 : 26.4"
"4,13 : 93.52"
"4,14 : 84.48"
"4,15 : 64.26"
"4,16 : 80.02"
"4,17 : 42.54"
"4,18 : 62.01"
"4,19 : 48.76"
"4,20 : 73.98"
"4,21 : 42.05"
"4,22 : 89.07"
"4,23 : 22.47"
"4,24 : 70.01"
"4,25 : 34.21"
"4,26 : 30.08"
"4,27 : 97.99"
"4,28 : 27.0"
"4,29 : 22.47"
"4,30 : 92.57"
"4,31 : 69.03"
"4,32 : 5.0"
"4,33 : 63.25"
"4,34 : 57.98"
"4,35 : 82.57"
"4,36 : 65.8"
"4,37 : 95.77"
"4,38 : 49.37"
"4,39 : 85.02"
"4,40 : 77.1"
"4,41 : 57.8"
"4,42 : 40.79"
"4,43 : 16.49"
"4,44 : 44.1"
"4,45 : 91.08"
"4,46 : 70.06"
"4,47 : 54.01"
"4,48 : 95.13"
"4,49 : 30.41"
"5,0 : 42.01"
"5,1 : 43.19"
"5,2 : 36.06"
"5,3 : 49.25"
"5,4 : 20.62"
"5,5 : 0.0"
"5,6 : 46.1"
"5,7 : 28.3"
"5,8 : 50.0"
"5,9 : 79.65"
"5,10 : 61.66"
"5,11 : 37.12"
"5,12 : 25.3"
"5,13 : 86.4"
"5,14 : 74.79"
"5,15 : 56.85"
"5,16 : 64.94"
"5,17 : 52.01"
"5,18 : 42.19"
"5,19 : 30.81"
"5,20 : 62.24"
"5,21 : 30.02"
"5,22 : 68.88"
"5,23 : 11.31"
"5,24 : 50.7"
"5,25 : 35.74"
"5,26 : 12.17"
"5,27 : 78.19"
"5,28 : 43.08"
"5,29 : 21.59"
"5,30 : 75.11"
"5,31 : 54.13"
"5,32 : 22.36"
"5,33 : 62.43"
"5,34 : 39.0"
"5,35 : 65.07"
"5,36 : 56.86"
"5,37 : 75.58"
"5,38 : 42.19"
"5,39 : 69.87"
"5,40 : 65.39"
"5,41 : 61.98"
"5,42 : 28.16"
"5,43 : 9.0"
"5,44 : 50.64"
"5,45 : 78.77"
"5,46 : 54.92"
"5,47 : 40.5"
"5,48 : 77.32"
"5,49 : 35.36"
"6,0 : 4.47"
"6,1 : 85.09"
"6,2 : 77.88"
"6,3 : 44.28"
"6,4 : 66.48"
"6,5 : 46.1"
"6,6 : 0.0"
"6,7 : 18.6"
"6,8 : 75.0"
"6,9 : 90.82"
"6,10 : 103.62"
"6,11 : 52.09"
"6,12 : 62.97"
"6,13 : 95.34"
"6,14 : 80.06"
"6,15 : 72.37"
"6,16 : 57.2"
"6,17 : 91.71"
"6,18 : 8.06"
"6,19 : 23.54"
"6,20 : 65.8"
"6,21 : 50.16"
"6,22 : 32.39"
"6,23 : 46.62"
"6,24 : 29.07"
"6,25 : 71.57"
"6,26 : 41.15"
"6,27 : 43.57"
"6,28 : 87.98"
"6,29 : 61.33"
"6,30 : 54.64"
"6,31 : 51.43"
"6,32 : 67.27"
"6,33 : 88.05"
"6,34 : 15.03"
"6,35 : 47.42"
"6,36 : 69.12"
"6,37 : 38.05"
"6,38 : 52.01"
"6,39 : 60.31"
"6,40 : 67.98"
"6,41 : 94.64"
"6,42 : 38.83"
"6,43 : 53.25"
"6,44 : 87.8"
"6,45 : 76.03"
"6,46 : 51.0"
"6,47 : 49.65"
"6,48 : 54.71"
"6,49 : 74.33"
"7,0 : 14.21"
"7,1 : 69.64"
"7,2 : 62.36"
"7,3 : 44.69"
"7,4 : 48.27"
"7,5 : 28.3"
"7,6 : 18.6"
"7,7 : 0.0"
"7,8 : 65.73"
"7,9 : 87.66"
"7,10 : 88.32"
"7,11 : 44.78"
"7,12 : 48.51"
"7,13 : 93.23"
"7,14 : 78.87"
"7,15 : 66.64"
"7,16 : 60.22"
"7,17 : 77.28"
"7,18 : 13.89"
"7,19 : 10.0"
"7,20 : 64.54"
"7,21 : 40.52"
"7,22 : 47.38"
"7,23 : 28.02"
"7,24 : 35.74"
"7,25 : 58.14"
"7,26 : 26.17"
"7,27 : 58.14"
"7,28 : 71.11"
"7,29 : 46.1"
"7,30 : 63.25"
"7,31 : 51.66"
"7,32 : 48.8"
"7,33 : 79.08"
"7,34 : 12.0"
"7,35 : 54.23"
"7,36 : 64.5"
"7,37 : 53.76"
"7,38 : 38.9"
"7,39 : 64.35"
"7,40 : 67.27"
"7,41 : 83.1"
"7,42 : 23.19"
"7,43 : 36.25"
"7,44 : 74.33"
"7,45 : 77.99"
"7,46 : 51.74"
"7,47 : 44.42"
"7,48 : 64.29"
"7,49 : 59.84"
"8,0 : 73.11"
"8,1 : 34.13"
"8,2 : 32.25"
"8,3 : 39.82"
"8,4 : 53.34"
"8,5 : 50.0"
"8,6 : 75.0"
"8,7 : 65.73"
"8,8 : 0.0"
"8,9 : 33.53"
"8,10 : 44.29"
"8,11 : 23.19"
"8,12 : 27.2"
"8,13 : 40.8"
"8,14 : 35.13"
"8,15 : 14.56"
"8,16 : 44.69"
"8,17 : 31.38"
"8,18 : 76.42"
"8,19 : 73.68"
"8,20 : 30.89"
"8,21 : 25.32"
"8,22 : 76.97"
"8,23 : 61.22"
"8,24 : 56.3"
"8,25 : 19.92"
"8,26 : 42.05"
"8,27 : 80.45"
"8,28 : 46.0"
"8,29 : 31.4"
"8,30 : 62.94"
"8,31 : 37.01"
"8,32 : 58.31"
"8,33 : 13.34"
"8,34 : 77.47"
"8,35 : 55.44"
"8,36 : 18.79"
"8,37 : 82.3"
"8,38 : 92.09"
"8,39 : 48.6"
"8,40 : 33.11"
"8,41 : 21.95"
"8,42 : 77.03"
"8,43 : 43.14"
"8,44 : 24.17"
"8,45 : 45.88"
"8,46 : 38.42"
"8,47 : 27.2"
"8,48 : 66.47"
"8,49 : 25.5"
"9,0 : 90.47"
"9,1 : 66.37"
"9,2 : 65.51"
"9,3 : 46.84"
"9,4 : 86.33"
"9,5 : 79.65"
"9,6 : 90.82"
"9,7 : 87.66"
"9,8 : 33.53"
"9,9 : 0.0"
"9,10 : 71.85"
"9,11 : 43.93"
"9,12 : 59.93"
"9,13 : 7.28"
"9,14 : 13.34"
"9,15 : 22.8"
"9,16 : 39.05"
"9,17 : 61.03"
"9,18 : 94.85"
"9,19 : 97.08"
"9,20 : 25.5"
"9,21 : 50.21"
"9,22 : 80.0"
"9,23 : 90.91"
"9,24 : 64.33"
"9,25 : 53.45"
"9,26 : 69.31"
"9,27 : 78.77"
"9,28 : 78.64"
"9,29 : 63.95"
"9,30 : 55.54"
"9,31 : 40.02"
"9,32 : 91.24"
"9,33 : 29.15"
"9,34 : 98.01"
"9,35 : 53.08"
"9,36 : 23.43"
"9,37 : 83.22"
"9,38 : 120.22"
"9,39 : 39.62"
"9,40 : 24.08"
"9,41 : 43.93"
"9,42 : 104.06"
"9,43 : 74.33"
"9,44 : 54.0"
"9,45 : 25.94"
"9,46 : 40.79"
"9,47 : 43.27"
"9,48 : 58.94"
"9,49 : 58.94"
"10,0 : 100.3"
"10,1 : 18.68"
"10,2 : 25.96"
"10,3 : 80.62"
"10,4 : 48.51"
"10,5 : 61.66"
"10,6 : 103.62"
"10,7 : 88.32"
"10,8 : 44.29"
"10,9 : 71.85"
"10,10 : 0.0"
"10,11 : 60.83"
"10,12 : 40.72"
"10,13 : 78.52"
"10,14 : 77.79"
"10,15 : 58.6"
"10,16 : 88.48"
"10,17 : 13.45"
"10,18 : 101.83"
"10,19 : 92.4"
"10,20 : 75.18"
"10,21 : 57.8"
"10,22 : 115.42"
"10,23 : 69.01"
"10,24 : 94.02"
"10,25 : 33.6"
"10,26 : 62.63"
"10,27 : 121.02"
"10,28 : 22.14"
"10,29 : 42.38"
"10,30 : 106.21"
"10,31 : 79.65"
"10,32 : 52.17"
"10,33 : 42.76"
"10,34 : 99.92"
"10,35 : 97.84"
"10,36 : 63.06"
"10,37 : 121.51"
"10,38 : 97.87"
"10,39 : 92.65"
"10,40 : 77.37"
"10,41 : 28.07"
"10,42 : 88.01"
"10,43 : 52.77"
"10,44 : 20.25"
"10,45 : 89.69"
"10,46 : 81.06"
"10,47 : 66.47"
"10,48 : 109.64"
"10,49 : 29.53"
"11,0 : 50.49"
"11,1 : 45.22"
"11,2 : 39.82"
"11,3 : 20.0"
"11,4 : 49.16"
"11,5 : 37.12"
"11,6 : 52.09"
"11,7 : 44.78"
"11,8 : 23.19"
"11,9 : 43.93"
"11,10 : 60.83"
"11,11 : 0.0"
"11,12 : 25.96"
"11,13 : 50.21"
"11,14 : 37.74"
"11,15 : 21.95"
"11,16 : 31.58"
"11,17 : 47.42"
"11,18 : 54.13"
"11,19 : 53.71"
"11,20 : 25.3"
"11,21 : 7.28"
"11,22 : 55.23"
"11,23 : 48.02"
"11,24 : 34.0"
"11,25 : 27.8"
"11,26 : 25.81"
"11,27 : 60.21"
"11,28 : 54.13"
"11,29 : 28.28"
"11,30 : 46.96"
"11,31 : 20.88"
"11,32 : 53.46"
"11,33 : 36.0"
"11,34 : 55.97"
"11,35 : 37.74"
"11,36 : 20.52"
"11,37 : 61.03"
"11,38 : 76.38"
"11,39 : 36.5"
"11,40 : 28.46"
"11,41 : 44.27"
"11,42 : 60.14"
"11,43 : 33.96"
"11,44 : 41.4"
"11,45 : 42.2"
"11,46 : 22.14"
"11,47 : 5.83"
"11,48 : 50.12"
"11,49 : 33.29"
"12,0 : 59.77"
"12,1 : 22.47"
"12,2 : 15.62"
"12,3 : 45.19"
"12,4 : 26.4"
"12,5 : 25.3"
"12,6 : 62.97"
"12,7 : 48.51"
"12,8 : 27.2"
"12,9 : 59.93"
"12,10 : 40.72"
"12,11 : 25.96"
"12,12 : 0.0"
"12,13 : 67.12"
"12,14 : 58.46"
"12,15 : 37.95"
"12,16 : 57.49"
"12,17 : 28.86"
"12,18 : 61.61"
"12,19 : 54.01"
"12,20 : 49.01"
"12,21 : 20.12"
"12,22 : 76.37"
"12,23 : 35.78"
"12,24 : 55.23"
"12,25 : 10.44"
"12,26 : 22.36"
"12,27 : 83.24"
"12,28 : 28.84"
"12,29 : 4.24"
"12,30 : 72.62"
"12,31 : 46.84"
"12,32 : 31.3"
"12,33 : 38.29"
"12,34 : 60.41"
"12,35 : 63.07"
"12,36 : 39.81"
"12,37 : 82.76"
"12,38 : 67.08"
"12,39 : 62.37"
"12,40 : 52.04"
"12,41 : 36.69"
"12,42 : 53.45"
"12,43 : 17.0"
"12,44 : 26.0"
"12,45 : 66.07"
"12,46 : 48.08"
"12,47 : 31.62"
"12,48 : 75.64"
"12,49 : 11.4"
"13,0 : 95.26"
"13,1 : 73.55"
"13,2 : 72.78"
"13,3 : 51.08"
"13,4 : 93.52"
"13,5 : 86.4"
"13,6 : 95.34"
"13,7 : 93.23"
"13,8 : 40.8"
"13,9 : 7.28"
"13,10 : 78.52"
"13,11 : 50.21"
"13,12 : 67.12"
"13,13 : 0.0"
"13,14 : 15.52"
"13,15 : 29.68"
"13,16 : 41.3"
"13,17 : 68.0"
"13,18 : 99.76"
"13,19 : 102.8"
"13,20 : 29.55"
"13,21 : 56.73"
"13,22 : 82.3"
"13,23 : 97.62"
"13,24 : 68.01"
"13,25 : 60.73"
"13,26 : 75.82"
"13,27 : 80.1"
"13,28 : 85.84"
"13,29 : 71.11"
"13,30 : 56.32"
"13,31 : 44.01"
"13,32 : 98.41"
"13,33 : 36.01"
"13,34 : 103.25"
"13,35 : 55.15"
"13,36 : 29.73"
"13,37 : 85.01"
"13,38 : 126.59"
"13,39 : 41.0"
"13,40 : 27.51"
"13,41 : 50.49"
"13,42 : 110.32"
"13,43 : 81.3"
"13,44 : 61.03"
"13,45 : 25.5"
"13,46 : 44.6"
"13,47 : 49.04"
"13,48 : 59.54"
"13,49 : 66.22"
"14,0 : 80.13"
"14,1 : 69.26"
"14,2 : 67.01"
"14,3 : 35.78"
"14,4 : 84.48"
"14,5 : 74.79"
"14,6 : 80.06"
"14,7 : 78.87"
"14,8 : 35.13"
"14,9 : 13.34"
"14,10 : 77.79"
"14,11 : 37.74"
"14,12 : 58.46"
"14,13 : 15.52"
"14,14 : 0.0"
"14,15 : 21.02"
"14,16 : 26.02"
"14,17 : 65.73"
"14,18 : 84.72"
"14,19 : 88.62"
"14,20 : 14.42"
"14,21 : 44.78"
"14,22 : 67.07"
"14,23 : 85.76"
"14,24 : 52.5"
"14,25 : 54.08"
"14,26 : 63.51"
"14,27 : 65.49"
"14,28 : 81.06"
"14,29 : 62.1"
"14,30 : 42.2"
"14,31 : 28.64"
"14,32 : 89.19"
"14,33 : 35.78"
"14,34 : 88.48"
"14,35 : 40.0"
"14,36 : 18.68"
"14,37 : 70.06"
"14,38 : 113.57"
"14,39 : 26.31"
"14,40 : 12.08"
"14,41 : 50.99"
"14,42 : 97.08"
"14,43 : 70.77"
"14,44 : 58.46"
"14,45 : 13.45"
"14,46 : 29.15"
"14,47 : 35.47"
"14,48 : 45.61"
"14,49 : 60.03"
"15,0 : 71.31"
"15,1 : 48.51"
"15,2 : 46.0"
"15,3 : 31.4"
"15,4 : 64.26"
"15,5 : 56.85"
"15,6 : 72.37"
"15,7 : 66.64"
"15,8 : 14.56"
"15,9 : 22.8"
"15,10 : 58.6"
"15,11 : 21.95"
"15,12 : 37.95"
"15,13 : 29.68"
"15,14 : 21.02"
"15,15 : 0.0"
"15,16 : 32.02"
"15,17 : 45.88"
"15,18 : 75.29"
"15,19 : 75.66"
"15,20 : 17.03"
"15,21 : 27.66"
"15,22 : 68.41"
"15,23 : 68.12"
"15,24 : 49.25"
"15,25 : 33.06"
"15,26 : 46.69"
"15,27 : 70.26"
"15,28 : 60.13"
"15,29 : 41.79"
"15,30 : 50.61"
"15,31 : 26.57"
"15,32 : 69.08"
"15,33 : 20.25"
"15,34 : 77.62"
"15,35 : 44.29"
"15,36 : 5.0"
"15,37 : 73.05"
"15,38 : 97.67"
"15,39 : 35.36"
"15,40 : 18.87"
"15,41 : 33.97"
"15,42 : 81.69"
"15,43 : 51.62"
"15,44 : 38.63"
"15,45 : 31.32"
"15,46 : 27.86"
"15,47 : 22.8"
"15,48 : 54.2"
"15,49 : 39.01"
"16,0 : 58.14"
"16,1 : 75.15"
"16,2 : 70.58"
"16,3 : 16.16"
"16,4 : 80.02"
"16,5 : 64.94"
"16,6 : 57.2"
"16,7 : 60.22"
"16,8 : 44.69"
"16,9 : 39.05"
"16,10 : 88.48"
"16,11 : 31.58"
"16,12 : 57.49"
"16,13 : 41.3"
"16,14 : 26.02"
"16,15 : 32.02"
"16,16 : 0.0"
"16,17 : 75.17"
"16,18 : 63.03"
"16,19 : 70.21"
"16,20 : 15.65"
"16,21 : 38.21"
"16,22 : 41.05"
"16,23 : 74.46"
"16,24 : 28.3"
"16,25 : 57.78"
"16,26 : 52.77"
"16,27 : 40.02"
"16,28 : 85.09"
"16,29 : 59.84"
"16,30 : 18.6"
"16,31 : 11.0"
"16,32 : 84.01"
"16,33 : 52.2"
"16,34 : 67.9"
"16,35 : 14.04"
"16,36 : 27.02"
"16,37 : 44.18"
"16,38 : 98.01"
"16,39 : 5.0"
"16,40 : 15.52"
"16,41 : 65.8"
"16,42 : 81.41"
"16,43 : 64.03"
"16,44 : 68.24"
"16,45 : 18.87"
"16,46 : 10.05"
"16,47 : 26.17"
"16,48 : 22.2"
"16,49 : 63.69"
"17,0 : 88.6"
"17,1 : 10.3"
"17,2 : 16.28"
"17,3 : 67.18"
"17,4 : 42.54"
"17,5 : 52.01"
"17,6 : 91.71"
"17,7 : 77.28"
"17,8 : 31.38"
"17,9 : 61.03"
"17,10 : 13.45"
"17,11 : 47.42"
"17,12 : 28.86"
"17,13 : 68.0"
"17,14 : 65.73"
"17,15 : 45.88"
"17,16 : 75.17"
"17,17 : 0.0"
"17,18 : 90.47"
"17,19 : 82.22"
"17,20 : 62.17"
"17,21 : 44.65"
"17,22 : 102.2"
"17,23 : 60.67"
"17,24 : 80.8"
"17,25 : 20.59"
"17,26 : 51.2"
"17,27 : 107.63"
"17,28 : 20.81"
"17,29 : 31.26"
"17,30 : 92.8"
"17,31 : 66.22"
"17,32 : 46.96"
"17,33 : 32.02"
"17,34 : 89.11"
"17,35 : 84.39"
"17,36 : 50.16"
"17,37 : 108.23"
"17,38 : 90.96"
"17,39 : 79.4"
"17,40 : 64.47"
"17,41 : 19.31"
"17,42 : 79.51"
"17,43 : 43.01"
"17,44 : 7.28"
"17,45 : 77.16"
"17,46 : 67.62"
"17,47 : 53.04"
"17,48 : 96.21"
"17,49 : 17.46"
"18,0 : 5.0"
"18,1 : 83.17"
"18,2 : 75.89"
"18,3 : 49.09"
"18,4 : 62.01"
"18,5 : 42.19"
"18,6 : 8.06"
"18,7 : 13.89"
"18,8 : 76.42"
"18,9 : 94.85"
"18,10 : 101.83"
"18,11 : 54.13"
"18,12 : 61.61"
"18,13 : 99.76"
"18,14 : 84.72"
"18,15 : 75.29"
"18,16 : 63.03"
"18,17 : 90.47"
"18,18 : 0.0"
"18,19 : 16.16"
"18,20 : 70.33"
"18,21 : 51.16"
"18,22 : 40.45"
"18,23 : 41.04"
"18,24 : 35.47"
"18,25 : 70.86"
"18,26 : 39.29"
"18,27 : 51.62"
"18,28 : 84.97"
"18,29 : 59.48"
"18,30 : 61.91"
"18,31 : 56.3"
"18,32 : 62.29"
"18,33 : 89.68"
"18,34 : 7.0"
"18,35 : 54.2"
"18,36 : 72.45"
"18,37 : 46.1"
"18,38 : 44.0"
"18,39 : 66.47"
"18,40 : 72.72"
"18,41 : 95.05"
"18,42 : 31.32"
"18,43 : 50.09"
"18,44 : 87.13"
"18,45 : 81.69"
"18,46 : 56.04"
"18,47 : 52.5"
"18,48 : 62.18"
"18,49 : 73.01"
"19,0 : 19.24"
"19,1 : 73.82"
"19,2 : 66.61"
"19,3 : 54.67"
"19,4 : 48.76"
"19,5 : 30.81"
"19,6 : 23.54"
"19,7 : 10.0"
"19,8 : 73.68"
"19,9 : 97.08"
"19,10 : 92.4"
"19,11 : 53.71"
"19,12 : 54.01"
"19,13 : 102.8"
"19,14 : 88.62"
"19,15 : 75.66"
"19,16 : 70.21"
"19,17 : 82.22"
"19,18 : 16.16"
"19,19 : 0.0"
"19,20 : 74.33"
"19,21 : 48.85"
"19,22 : 55.0"
"19,23 : 26.63"
"19,24 : 45.31"
"19,25 : 64.12"
"19,26 : 32.39"
"19,27 : 66.03"
"19,28 : 73.68"
"19,29 : 51.04"
"19,30 : 72.8"
"19,31 : 61.62"
"19,32 : 48.26"
"19,33 : 86.98"
"19,34 : 10.0"
"19,35 : 63.98"
"19,36 : 73.78"
"19,37 : 61.07"
"19,38 : 29.61"
"19,39 : 74.33"
"19,40 : 77.1"
"19,41 : 89.81"
"19,42 : 15.3"
"19,43 : 39.62"
"19,44 : 80.01"
"19,45 : 87.97"
"19,46 : 61.72"
"19,47 : 53.82"
"19,48 : 73.68"
"19,49 : 65.03"
"20,0 : 65.76"
"20,1 : 63.6"
"20,2 : 60.02"
"20,3 : 21.54"
"20,4 : 73.98"
"20,5 : 62.24"
"20,6 : 65.8"
"20,7 : 64.54"
"20,8 : 30.89"
"20,9 : 25.5"
"20,10 : 75.18"
"20,11 : 25.3"
"20,12 : 49.01"
"20,13 : 29.55"
"20,14 : 14.42"
"20,15 : 17.03"
"20,16 : 15.65"
"20,17 : 62.17"
"20,18 : 70.33"
"20,19 : 74.33"
"20,20 : 0.0"
"20,21 : 32.57"
"20,22 : 55.23"
"20,23 : 72.9"
"20,24 : 38.83"
"20,25 : 46.87"
"20,26 : 50.54"
"20,27 : 55.36"
"20,28 : 74.53"
"20,29 : 52.15"
"20,30 : 34.13"
"20,31 : 14.56"
"20,32 : 78.45"
"20,33 : 36.88"
"20,34 : 74.06"
"20,35 : 29.12"
"20,36 : 12.21"
"20,37 : 59.03"
"20,38 : 99.81"
"20,39 : 18.44"
"20,40 : 3.16"
"20,41 : 50.99"
"20,42 : 83.24"
"20,43 : 59.2"
"20,44 : 55.01"
"20,45 : 17.12"
"20,46 : 15.3"
"20,47 : 21.95"
"20,48 : 37.74"
"20,49 : 52.95"
"21,0 : 48.0"
"21,1 : 41.04"
"21,2 : 35.0"
"21,3 : 25.08"
"21,4 : 42.05"
"21,5 : 30.02"
"21,6 : 50.16"
"21,7 : 40.52"
"21,8 : 25.32"
"21,9 : 50.21"
"21,10 : 57.8"
"21,11 : 7.28"
"21,12 : 20.12"
"21,13 : 56.73"
"21,14 : 44.78"
"21,15 : 27.66"
"21,16 : 38.21"
"21,17 : 44.65"
"21,18 : 51.16"
"21,19 : 48.85"
"21,20 : 32.57"
"21,21 : 0.0"
"21,22 : 57.63"
"21,23 : 41.05"
"21,24 : 36.24"
"21,25 : 24.21"
"21,26 : 19.1"
"21,27 : 63.7"
"21,28 : 48.88"
"21,29 : 21.84"
"21,30 : 52.55"
"21,31 : 27.29"
"21,32 : 46.27"
"21,33 : 38.64"
"21,34 : 52.17"
"21,35 : 42.95"
"21,36 : 27.02"
"21,37 : 63.78"
"21,38 : 70.04"
"21,39 : 43.19"
"21,40 : 35.74"
"21,41 : 44.55"
"21,42 : 54.04"
"21,43 : 26.68"
"21,44 : 39.36"
"21,45 : 49.48"
"21,46 : 28.44"
"21,47 : 12.04"
"21,48 : 55.54"
"21,49 : 29.0"
"22,0 : 36.12"
"22,1 : 98.41"
"22,2 : 91.93"
"22,3 : 37.34"
"22,4 : 89.07"
"22,5 : 68.88"
"22,6 : 32.39"
"22,7 : 47.38"
"22,8 : 76.97"
"22,9 : 80.0"
"22,10 : 115.42"
"22,11 : 55.23"
"22,12 : 76.37"
"22,13 : 82.3"
"22,14 : 67.07"
"22,15 : 68.41"
"22,16 : 41.05"
"22,17 : 102.2"
"22,18 : 40.45"
"22,19 : 55.0"
"22,20 : 55.23"
"22,21 : 57.63"
"22,22 : 0.0"
"22,23 : 73.38"
"22,24 : 21.4"
"22,25 : 81.84"
"22,26 : 59.36"
"22,27 : 11.18"
"22,28 : 104.8"
"22,29 : 76.49"
"22,30 : 29.07"
"22,31 : 41.98"
"22,32 : 91.24"
"22,33 : 87.92"
"22,34 : 47.38"
"22,35 : 27.17"
"22,36 : 63.79"
"22,37 : 6.71"
"22,38 : 84.21"
"22,39 : 41.59"
"22,40 : 56.04"
"22,41 : 98.84"
"22,42 : 70.06"
"22,43 : 73.25"
"22,44 : 96.52"
"22,45 : 58.25"
"22,46 : 40.79"
"22,47 : 50.12"
"22,48 : 27.46"
"22,49 : 86.45"
"23,0 : 42.2"
"23,1 : 51.16"
"23,2 : 44.41"
"23,3 : 58.46"
"23,4 : 22.47"
"23,5 : 11.31"
"23,6 : 46.62"
"23,7 : 28.02"
"23,8 : 61.22"
"23,9 : 90.91"
"23,10 : 69.01"
"23,11 : 48.02"
"23,12 : 35.78"
"23,13 : 97.62"
"23,14 : 85.76"
"23,15 : 68.12"
"23,16 : 74.46"
"23,17 : 60.67"
"23,18 : 41.04"
"23,19 : 26.63"
"23,20 : 72.9"
"23,21 : 41.05"
"23,22 : 73.38"
"23,23 : 0.0"
"23,24 : 57.22"
"23,25 : 46.1"
"23,26 : 22.36"
"23,27 : 83.43"
"23,28 : 48.66"
"23,29 : 31.78"
"23,30 : 83.1"
"23,31 : 63.89"
"23,32 : 21.63"
"23,33 : 73.5"
"23,34 : 36.24"
"23,35 : 73.17"
"23,36 : 68.01"
"23,37 : 80.01"
"23,38 : 31.3"
"23,39 : 79.31"
"23,40 : 76.03"
"23,41 : 72.24"
"23,42 : 19.0"
"23,43 : 18.79"
"23,44 : 60.17"
"23,45 : 89.16"
"23,46 : 64.56"
"23,47 : 50.99"
"23,48 : 85.01"
"23,49 : 44.92"
"24,0 : 30.48"
"24,1 : 77.1"
"24,2 : 70.72"
"24,3 : 18.0"
"24,4 : 70.01"
"24,5 : 50.7"
"24,6 : 29.07"
"24,7 : 35.74"
"24,8 : 56.3"
"24,9 : 64.33"
"24,10 : 94.02"
"24,11 : 34.0"
"24,12 : 55.23"
"24,13 : 68.01"
"24,14 : 52.5"
"24,15 : 49.25"
"24,16 : 28.3"
"24,17 : 80.8"
"24,18 : 35.47"
"24,19 : 45.31"
"24,20 : 38.83"
"24,21 : 36.24"
"24,22 : 21.4"
"24,23 : 57.22"
"24,24 : 0.0"
"24,25 : 60.44"
"24,26 : 39.92"
"24,27 : 28.3"
"24,28 : 83.87"
"24,29 : 55.61"
"24,30 : 27.51"
"24,31 : 24.33"
"24,32 : 72.73"
"24,33 : 67.91"
"24,34 : 41.05"
"24,35 : 18.87"
"24,36 : 45.04"
"24,37 : 27.59"
"24,38 : 74.63"
"24,39 : 31.24"
"24,40 : 40.52"
"24,41 : 78.0"
"24,42 : 58.69"
"24,43 : 53.71"
"24,44 : 75.17"
"24,45 : 47.17"
"24,46 : 23.54"
"24,47 : 29.15"
"24,48 : 28.64"
"24,49 : 65.12"
"25,0 : 68.66"
"25,1 : 17.49"
"25,2 : 13.15"
"25,3 : 47.8"
"25,4 : 34.21"
"25,5 : 35.74"
"25,6 : 71.57"
"25,7 : 58.14"
"25,8 : 19.92"
"25,9 : 53.45"
"25,10 : 33.6"
"25,11 : 27.8"
"25,12 : 10.44"
"25,13 : 60.73"
"25,14 : 54.08"
"25,15 : 33.06"
"25,16 : 57.78"
"25,17 : 20.59"
"25,18 : 70.86"
"25,19 : 64.12"
"25,20 : 46.87"
"25,21 : 24.21"
"25,22 : 81.84"
"25,23 : 46.1"
"25,24 : 60.44"
"25,25 : 0.0"
"25,26 : 32.02"
"25,27 : 87.68"
"25,28 : 27.66"
"25,29 : 14.32"
"25,30 : 74.43"
"25,31 : 47.89"
"25,32 : 39.2"
"25,33 : 29.07"
"25,34 : 70.11"
"25,35 : 65.46"
"25,36 : 36.06"
"25,37 : 87.97"
"25,38 : 77.39"
"25,39 : 62.39"
"25,40 : 49.65"
"25,41 : 26.25"
"25,42 : 63.89"
"25,43 : 27.31"
"25,44 : 16.28"
"25,45 : 63.39"
"25,46 : 49.24"
"25,47 : 33.6"
"25,48 : 77.7"
"25,49 : 6.08"
"26,0 : 37.7"
"26,1 : 44.01"
"26,2 : 36.77"
"26,3 : 37.12"
"26,4 : 30.08"
"26,5 : 12.17"
"26,6 : 41.15"
"26,7 : 26.17"
"26,8 : 42.05"
"26,9 : 69.31"
"26,10 : 62.63"
"26,11 : 25.81"
"26,12 : 22.36"
"26,13 : 75.82"
"26,14 : 63.51"
"26,15 : 46.69"
"26,16 : 52.77"
"26,17 : 51.2"
"26,18 : 39.29"
"26,19 : 32.39"
"26,20 : 50.54"
"26,21 : 19.1"
"26,22 : 59.36"
"26,23 : 22.36"
"26,24 : 39.92"
"26,25 : 32.02"
"26,26 : 0.0"
"26,27 : 67.98"
"26,28 : 47.2"
"26,29 : 20.25"
"26,30 : 63.29"
"26,31 : 41.98"
"26,32 : 32.98"
"26,33 : 55.15"
"26,34 : 38.12"
"26,35 : 53.24"
"26,36 : 46.1"
"26,37 : 66.04"
"26,38 : 50.99"
"26,39 : 57.71"
"26,40 : 53.67"
"26,41 : 57.43"
"26,42 : 35.23"
"26,43 : 13.89"
"26,44 : 48.17"
"26,45 : 66.85"
"26,46 : 42.76"
"26,47 : 28.64"
"26,48 : 65.62"
"26,49 : 33.73"
"27,0 : 47.27"
"27,1 : 104.74"
"27,2 : 98.6"
"27,3 : 40.8"
"27,4 : 97.99"
"27,5 : 78.19"
"27,6 : 43.57"
"27,7 : 58.14"
"27,8 : 80.45"
"27,9 : 78.77"
"27,10 : 121.02"
"27,11 : 60.21"
"27,12 : 83.24"
"27,13 : 80.1"
"27,14 : 65.49"
"27,15 : 70.26"
"27,16 : 40.02"
"27,17 : 107.63"
"27,18 : 51.62"
"27,19 : 66.03"
"27,20 : 55.36"
"27,21 : 63.7"
"27,22 : 11.18"
"27,23 : 83.43"
"27,24 : 28.3"
"27,25 : 87.68"
"27,26 : 67.98"
"27,27 : 0.0"
"27,28 : 112.0"
"27,29 : 83.82"
"27,30 : 24.08"
"27,31 : 43.83"
"27,32 : 100.46"
"27,33 : 90.34"
"27,34 : 58.55"
"27,35 : 26.25"
"27,36 : 65.39"
"27,37 : 7.07"
"27,38 : 95.34"
"27,39 : 39.2"
"27,40 : 55.54"
"27,41 : 102.4"
"27,42 : 81.01"
"27,43 : 81.84"
"27,44 : 101.53"
"27,45 : 55.01"
"27,46 : 42.49"
"27,47 : 54.67"
"27,48 : 21.38"
"27,49 : 92.7"
"28,0 : 84.22"
"28,1 : 12.37"
"28,2 : 14.56"
"28,3 : 73.82"
"28,4 : 27.0"
"28,5 : 43.08"
"28,6 : 87.98"
"28,7 : 71.11"
"28,8 : 46.0"
"28,9 : 78.64"
"28,10 : 22.14"
"28,11 : 54.13"
"28,12 : 28.84"
"28,13 : 85.84"
"28,14 : 81.06"
"28,15 : 60.13"
"28,16 : 85.09"
"28,17 : 20.81"
"28,18 : 84.97"
"28,19 : 73.68"
"28,20 : 74.53"
"28,21 : 48.88"
"28,22 : 104.8"
"28,23 : 48.66"
"28,24 : 83.87"
"28,25 : 27.66"
"28,26 : 47.2"
"28,27 : 112.0"
"28,28 : 0.0"
"28,29 : 28.32"
"28,30 : 101.08"
"28,31 : 74.85"
"28,32 : 30.27"
"28,33 : 50.7"
"28,34 : 82.08"
"28,35 : 91.71"
"28,36 : 63.51"
"28,37 : 111.29"
"28,38 : 76.24"
"28,39 : 89.81"
"28,40 : 77.28"
"28,41 : 39.82"
"28,42 : 67.48"
"28,43 : 34.89"
"28,44 : 26.0"
"28,45 : 90.93"
"28,46 : 76.16"
"28,47 : 59.93"
"28,48 : 104.2"
"28,49 : 21.59"
"29,0 : 57.94"
"29,1 : 23.77"
"29,2 : 16.55"
"29,3 : 46.82"
"29,4 : 22.47"
"29,5 : 21.59"
"29,6 : 61.33"
"29,7 : 46.1"
"29,8 : 31.4"
"29,9 : 63.95"
"29,10 : 42.38"
"29,11 : 28.28"
"29,12 : 4.24"
"29,13 : 71.11"
"29,14 : 62.1"
"29,15 : 41.79"
"29,16 : 59.84"
"29,17 : 31.26"
"29,18 : 59.48"
"29,19 : 51.04"
"29,20 : 52.15"
"29,21 : 21.84"
"29,22 : 76.49"
"29,23 : 31.78"
"29,24 : 55.61"
"29,25 : 14.32"
"29,26 : 20.25"
"29,27 : 83.82"
"29,28 : 28.32"
"29,29 : 0.0"
"29,30 : 74.33"
"29,31 : 49.03"
"29,32 : 27.31"
"29,33 : 42.52"
"29,34 : 57.87"
"29,35 : 64.62"
"29,36 : 43.42"
"29,37 : 82.98"
"29,38 : 63.07"
"29,39 : 64.78"
"29,40 : 55.23"
"29,41 : 40.5"
"29,42 : 49.73"
"29,43 : 13.0"
"29,44 : 29.15"
"29,45 : 69.26"
"29,46 : 50.22"
"29,47 : 33.73"
"29,48 : 77.25"
"29,49 : 14.0"
"30,0 : 56.94"
"30,1 : 91.92"
"30,2 : 86.77"
"30,3 : 27.51"
"30,4 : 92.57"
"30,5 : 75.11"
"30,6 : 54.64"
"30,7 : 63.25"
"30,8 : 62.94"
"30,9 : 55.54"
"30,10 : 106.21"
"30,11 : 46.96"
"30,12 : 72.62"
"30,13 : 56.32"
"30,14 : 42.2"
"30,15 : 50.61"
"30,16 : 18.6"
"30,17 : 92.8"
"30,18 : 61.91"
"30,19 : 72.8"
"30,20 : 34.13"
"30,21 : 52.55"
"30,22 : 29.07"
"30,23 : 83.1"
"30,24 : 27.51"
"30,25 : 74.43"
"30,26 : 63.29"
"30,27 : 24.08"
"30,28 : 101.08"
"30,29 : 74.33"
"30,30 : 0.0"
"30,31 : 26.63"
"30,32 : 96.03"
"30,33 : 70.8"
"30,34 : 68.0"
"30,35 : 10.05"
"30,36 : 45.61"
"30,37 : 29.83"
"30,38 : 102.14"
"30,39 : 16.16"
"30,40 : 33.54"
"30,41 : 84.29"
"30,42 : 86.13"
"30,43 : 76.12"
"30,44 : 86.05"
"30,45 : 31.02"
"30,46 : 25.24"
"30,47 : 41.15"
"30,48 : 3.61"
"30,49 : 80.13"
"31,0 : 51.62"
"31,1 : 65.37"
"31,2 : 60.42"
"31,3 : 7.21"
"31,4 : 69.03"
"31,5 : 54.13"
"31,6 : 51.43"
"31,7 : 51.66"
"31,8 : 37.01"
"31,9 : 40.02"
"31,10 : 79.65"
"31,11 : 20.88"
"31,12 : 46.84"
"31,13 : 44.01"
"31,14 : 28.64"
"31,15 : 26.57"
"31,16 : 11.0"
"31,17 : 66.22"
"31,18 : 56.3"
"31,19 : 61.62"
"31,20 : 14.56"
"31,21 : 27.29"
"31,22 : 41.98"
"31,23 : 63.89"
"31,24 : 24.33"
"31,25 : 47.89"
"31,26 : 41.98"
"31,27 : 43.83"
"31,28 : 74.85"
"31,29 : 49.03"
"31,30 : 26.63"
"31,31 : 0.0"
"31,32 : 73.01"
"31,33 : 46.52"
"31,34 : 60.44"
"31,35 : 18.44"
"31,36 : 21.84"
"31,37 : 46.49"
"31,38 : 88.51"
"31,39 : 16.0"
"31,40 : 16.55"
"31,41 : 58.82"
"31,42 : 71.87"
"31,43 : 53.04"
"31,44 : 59.55"
"31,45 : 26.4"
"31,46 : 1.41"
"31,47 : 15.3"
"31,48 : 30.0"
"31,49 : 53.67"
"32,0 : 62.97"
"32,1 : 36.67"
"32,2 : 31.62"
"32,3 : 69.18"
"32,4 : 5.0"
"32,5 : 22.36"
"32,6 : 67.27"
"32,7 : 48.8"
"32,8 : 58.31"
"32,9 : 91.24"
"32,10 : 52.17"
"32,11 : 53.46"
"32,12 : 31.3"
"32,13 : 98.41"
"32,14 : 89.19"
"32,15 : 69.08"
"32,16 : 84.01"
"32,17 : 46.96"
"32,18 : 62.29"
"32,19 : 48.26"
"32,20 : 78.45"
"32,21 : 46.27"
"32,22 : 91.24"
"32,23 : 21.63"
"32,24 : 72.73"
"32,25 : 39.2"
"32,26 : 32.98"
"32,27 : 100.46"
"32,28 : 30.27"
"32,29 : 27.31"
"32,30 : 96.03"
"32,31 : 73.01"
"32,32 : 0.0"
"32,33 : 68.25"
"32,34 : 57.8"
"32,35 : 85.99"
"32,36 : 70.52"
"32,37 : 97.94"
"32,38 : 46.04"
"32,39 : 89.01"
"32,40 : 81.58"
"32,41 : 62.63"
"32,42 : 38.9"
"32,43 : 20.02"
"32,44 : 48.83"
"32,45 : 95.52"
"32,46 : 74.0"
"32,47 : 58.14"
"32,48 : 98.48"
"32,49 : 35.36"
"33,0 : 86.28"
"33,1 : 38.33"
"33,2 : 38.91"
"33,3 : 50.6"
"33,4 : 63.25"
"33,5 : 62.43"
"33,6 : 88.05"
"33,7 : 79.08"
"33,8 : 13.34"
"33,9 : 29.15"
"33,10 : 42.76"
"33,11 : 36.0"
"33,12 : 38.29"
"33,13 : 36.01"
"33,14 : 35.78"
"33,15 : 20.25"
"33,16 : 52.2"
"33,17 : 32.02"
"33,18 : 89.68"
"33,19 : 86.98"
"33,20 : 36.88"
"33,21 : 38.64"
"33,22 : 87.92"
"33,23 : 73.5"
"33,24 : 67.91"
"33,25 : 29.07"
"33,26 : 55.15"
"33,27 : 90.34"
"33,28 : 50.7"
"33,29 : 42.52"
"33,30 : 70.8"
"33,31 : 46.52"
"33,32 : 68.25"
"33,33 : 0.0"
"33,34 : 90.8"
"33,35 : 64.5"
"33,36 : 25.24"
"33,37 : 92.85"
"33,38 : 104.62"
"33,39 : 55.32"
"33,40 : 38.18"
"33,41 : 15.23"
"33,42 : 89.89"
"33,43 : 55.0"
"33,44 : 25.18"
"33,45 : 48.55"
"33,46 : 47.85"
"33,47 : 39.32"
"33,48 : 74.4"
"33,49 : 33.29"
"34,0 : 11.4"
"34,1 : 81.25"
"34,2 : 73.98"
"34,3 : 53.26"
"34,4 : 57.98"
"34,5 : 39.0"
"34,6 : 15.03"
"34,7 : 12.0"
"34,8 : 77.47"
"34,9 : 98.01"
"34,10 : 99.92"
"34,11 : 55.97"
"34,12 : 60.41"
"34,13 : 103.25"
"34,14 : 88.48"
"34,15 : 77.62"
"34,16 : 67.9"
"34,17 : 89.11"
"34,18 : 7.0"
"34,19 : 10.0"
"34,20 : 74.06"
"34,21 : 52.17"
"34,22 : 47.38"
"34,23 : 36.24"
"34,24 : 41.05"
"34,25 : 70.11"
"34,26 : 38.12"
"34,27 : 58.55"
"34,28 : 82.08"
"34,29 : 57.87"
"34,30 : 68.0"
"34,31 : 60.44"
"34,32 : 57.8"
"34,33 : 90.8"
"34,34 : 0.0"
"34,35 : 59.91"
"34,36 : 75.15"
"34,37 : 53.08"
"34,38 : 37.0"
"34,39 : 71.59"
"34,40 : 76.61"
"34,41 : 95.08"
"34,42 : 24.7"
"34,43 : 47.43"
"34,44 : 86.28"
"34,45 : 86.31"
"34,46 : 60.31"
"34,47 : 55.04"
"34,48 : 68.45"
"34,49 : 71.7"
"35,0 : 49.2"
"35,1 : 82.93"
"35,2 : 77.52"
"35,3 : 17.89"
"35,4 : 82.57"
"35,5 : 65.07"
"35,6 : 47.42"
"35,7 : 54.23"
"35,8 : 55.44"
"35,9 : 53.08"
"35,10 : 97.84"
"35,11 : 37.74"
"35,12 : 63.07"
"35,13 : 55.15"
"35,14 : 40.0"
"35,15 : 44.29"
"35,16 : 14.04"
"35,17 : 84.39"
"35,18 : 54.2"
"35,19 : 63.98"
"35,20 : 29.12"
"35,21 : 42.95"
"35,22 : 27.17"
"35,23 : 73.17"
"35,24 : 18.87"
"35,25 : 65.46"
"35,26 : 53.24"
"35,27 : 26.25"
"35,28 : 91.71"
"35,29 : 64.62"
"35,30 : 10.05"
"35,31 : 18.44"
"35,32 : 85.99"
"35,33 : 64.5"
"35,34 : 59.91"
"35,35 : 0.0"
"35,36 : 39.36"
"35,37 : 30.15"
"35,38 : 93.05"
"35,39 : 14.56"
"35,40 : 29.43"
"35,41 : 77.2"
"35,42 : 76.84"
"35,43 : 66.1"
"35,44 : 77.83"
"35,45 : 31.32"
"35,46 : 17.03"
"35,47 : 31.91"
"35,48 : 12.65"
"35,49 : 71.02"
"36,0 : 68.31"
"36,1 : 52.17"
"36,2 : 49.16"
"36,3 : 27.07"
"36,4 : 65.8"
"36,5 : 56.86"
"36,6 : 69.12"
"36,7 : 64.5"
"36,8 : 18.79"
"36,9 : 23.43"
"36,10 : 63.06"
"36,11 : 20.52"
"36,12 : 39.81"
"36,13 : 29.73"
"36,14 : 18.68"
"36,15 : 5.0"
"36,16 : 27.02"
"36,17 : 50.16"
"36,18 : 72.45"
"36,19 : 73.78"
"36,20 : 12.21"
"36,21 : 27.02"
"36,22 : 63.79"
"36,23 : 68.01"
"36,24 : 45.04"
"36,25 : 36.06"
"36,26 : 46.1"
"36,27 : 65.39"
"36,28 : 63.51"
"36,29 : 43.42"
"36,30 : 45.61"
"36,31 : 21.84"
"36,32 : 70.52"
"36,33 : 25.24"
"36,34 : 75.15"
"36,35 : 39.36"
"36,36 : 0.0"
"36,37 : 68.31"
"36,38 : 96.88"
"36,39 : 30.41"
"36,40 : 14.32"
"36,41 : 38.9"
"36,42 : 80.66"
"36,43 : 52.33"
"36,44 : 42.95"
"36,45 : 27.46"
"36,46 : 23.09"
"36,47 : 20.12"
"36,48 : 49.2"
"36,49 : 42.11"
"37,0 : 42.0"
"37,1 : 104.69"
"37,2 : 98.29"
"37,3 : 42.49"
"37,4 : 95.77"
"37,5 : 75.58"
"37,6 : 38.05"
"37,7 : 53.76"
"37,8 : 82.3"
"37,9 : 83.22"
"37,10 : 121.51"
"37,11 : 61.03"
"37,12 : 82.76"
"37,13 : 85.01"
"37,14 : 70.06"
"37,15 : 73.05"
"37,16 : 44.18"
"37,17 : 108.23"
"37,18 : 46.1"
"37,19 : 61.07"
"37,20 : 59.03"
"37,21 : 63.78"
"37,22 : 6.71"
"37,23 : 80.01"
"37,24 : 27.59"
"37,25 : 87.97"
"37,26 : 66.04"
"37,27 : 7.07"
"37,28 : 111.29"
"37,29 : 82.98"
"37,30 : 29.83"
"37,31 : 46.49"
"37,32 : 97.94"
"37,33 : 92.85"
"37,34 : 53.08"
"37,35 : 30.15"
"37,36 : 68.31"
"37,37 : 0.0"
"37,38 : 90.05"
"37,39 : 44.01"
"37,40 : 59.54"
"37,41 : 104.24"
"37,42 : 76.24"
"37,43 : 79.92"
"37,44 : 102.42"
"37,45 : 60.3"
"37,46 : 45.22"
"37,47 : 55.76"
"37,48 : 27.51"
"37,49 : 92.7"
"38,0 : 48.09"
"38,1 : 81.02"
"38,2 : 74.73"
"38,3 : 81.99"
"38,4 : 49.37"
"38,5 : 42.19"
"38,6 : 52.01"
"38,7 : 38.9"
"38,8 : 92.09"
"38,9 : 120.22"
"38,10 : 97.87"
"38,11 : 76.38"
"38,12 : 67.08"
"38,13 : 126.59"
"38,14 : 113.57"
"38,15 : 97.67"
"38,16 : 98.01"
"38,17 : 90.96"
"38,18 : 44.0"
"38,19 : 29.61"
"38,20 : 99.81"
"38,21 : 70.04"
"38,22 : 84.21"
"38,23 : 31.3"
"38,24 : 74.63"
"38,25 : 77.39"
"38,26 : 50.99"
"38,27 : 95.34"
"38,28 : 76.24"
"38,29 : 63.07"
"38,30 : 102.14"
"38,31 : 88.51"
"38,32 : 46.04"
"38,33 : 104.62"
"38,34 : 37.0"
"38,35 : 93.05"
"38,36 : 96.88"
"38,37 : 90.05"
"38,38 : 0.0"
"38,39 : 102.42"
"38,40 : 102.8"
"38,41 : 103.47"
"38,42 : 16.64"
"38,43 : 50.09"
"38,44 : 91.08"
"38,45 : 114.83"
"38,46 : 88.84"
"38,47 : 78.1"
"38,48 : 103.16"
"38,49 : 75.96"
"39,0 : 61.52"
"39,1 : 79.71"
"39,2 : 75.27"
"39,3 : 20.88"
"39,4 : 85.02"
"39,5 : 69.87"
"39,6 : 60.31"
"39,7 : 64.35"
"39,8 : 48.6"
"39,9 : 39.62"
"39,10 : 92.65"
"39,11 : 36.5"
"39,12 : 62.37"
"39,13 : 41.0"
"39,14 : 26.31"
"39,15 : 35.36"
"39,16 : 5.0"
"39,17 : 79.4"
"39,18 : 66.47"
"39,19 : 74.33"
"39,20 : 18.44"
"39,21 : 43.19"
"39,22 : 41.59"
"39,23 : 79.31"
"39,24 : 31.24"
"39,25 : 62.39"
"39,26 : 57.71"
"39,27 : 39.2"
"39,28 : 89.81"
"39,29 : 64.78"
"39,30 : 16.16"
"39,31 : 16.0"
"39,32 : 89.01"
"39,33 : 55.32"
"39,34 : 71.59"
"39,35 : 14.56"
"39,36 : 30.41"
"39,37 : 44.01"
"39,38 : 102.42"
"39,39 : 0.0"
"39,40 : 17.49"
"39,41 : 69.31"
"39,42 : 85.87"
"39,43 : 69.03"
"39,44 : 72.4"
"39,45 : 16.76"
"39,46 : 15.03"
"39,47 : 31.14"
"39,48 : 19.7"
"39,49 : 68.35"
"40,0 : 68.1"
"40,1 : 66.22"
"40,2 : 62.8"
"40,3 : 23.71"
"40,4 : 77.1"
"40,5 : 65.39"
"40,6 : 67.98"
"40,7 : 67.27"
"40,8 : 33.11"
"40,9 : 24.08"
"40,10 : 77.37"
"40,11 : 28.46"
"40,12 : 52.04"
"40,13 : 27.51"
"40,14 : 12.08"
"40,15 : 18.87"
"40,16 : 15.52"
"40,17 : 64.47"
"40,18 : 72.72"
"40,19 : 77.1"
"40,20 : 3.16"
"40,21 : 35.74"
"40,22 : 56.04"
"40,23 : 76.03"
"40,24 : 40.52"
"40,25 : 49.65"
"40,26 : 53.67"
"40,27 : 55.54"
"40,28 : 77.28"
"40,29 : 55.23"
"40,30 : 33.54"
"40,31 : 16.55"
"40,32 : 81.58"
"40,33 : 38.18"
"40,34 : 76.61"
"40,35 : 29.43"
"40,36 : 14.32"
"40,37 : 59.54"
"40,38 : 102.8"
"40,39 : 17.49"
"40,40 : 0.0"
"40,41 : 52.63"
"40,42 : 86.21"
"40,43 : 62.36"
"40,44 : 57.27"
"40,45 : 14.04"
"40,46 : 17.09"
"40,47 : 25.06"
"40,48 : 37.12"
"40,49 : 55.73"
"41,0 : 92.27"
"41,1 : 28.02"
"41,2 : 31.14"
"41,3 : 61.77"
"41,4 : 57.8"
"41,5 : 61.98"
"41,6 : 94.64"
"41,7 : 83.1"
"41,8 : 21.95"
"41,9 : 43.93"
"41,10 : 28.07"
"41,11 : 44.27"
"41,12 : 36.69"
"41,13 : 50.49"
"41,14 : 50.99"
"41,15 : 33.97"
"41,16 : 65.8"
"41,17 : 19.31"
"41,18 : 95.05"
"41,19 : 89.81"
"41,20 : 50.99"
"41,21 : 44.55"
"41,22 : 98.84"
"41,23 : 72.24"
"41,24 : 78.0"
"41,25 : 26.25"
"41,26 : 57.43"
"41,27 : 102.4"
"41,28 : 39.82"
"41,29 : 40.5"
"41,30 : 84.29"
"41,31 : 58.82"
"41,32 : 62.63"
"41,33 : 15.23"
"41,34 : 95.08"
"41,35 : 77.2"
"41,36 : 38.9"
"41,37 : 104.24"
"41,38 : 103.47"
"41,39 : 69.31"
"41,40 : 52.63"
"41,41 : 0.0"
"41,42 : 90.14"
"41,43 : 53.49"
"41,44 : 14.21"
"41,45 : 63.63"
"41,46 : 60.22"
"41,47 : 48.85"
"41,48 : 87.86"
"41,49 : 27.78"
"42,0 : 34.53"
"42,1 : 70.11"
"42,2 : 63.29"
"42,3 : 65.37"
"42,4 : 40.79"
"42,5 : 28.16"
"42,6 : 38.83"
"42,7 : 23.19"
"42,8 : 77.03"
"42,9 : 104.06"
"42,10 : 88.01"
"42,11 : 60.14"
"42,12 : 53.45"
"42,13 : 110.32"
"42,14 : 97.08"
"42,15 : 81.69"
"42,16 : 81.41"
"42,17 : 79.51"
"42,18 : 31.32"
"42,19 : 15.3"
"42,20 : 83.24"
"42,21 : 54.04"
"42,22 : 70.06"
"42,23 : 19.0"
"42,24 : 58.69"
"42,25 : 63.89"
"42,26 : 35.23"
"42,27 : 81.01"
"42,28 : 67.48"
"42,29 : 49.73"
"42,30 : 86.13"
"42,31 : 71.87"
"42,32 : 38.9"
"42,33 : 89.89"
"42,34 : 24.7"
"42,35 : 76.84"
"42,36 : 80.66"
"42,37 : 76.24"
"42,38 : 16.64"
"42,39 : 85.87"
"42,40 : 86.21"
"42,41 : 90.14"
"42,42 : 0.0"
"42,43 : 36.88"
"42,44 : 78.64"
"42,45 : 98.18"
"42,46 : 72.2"
"42,47 : 61.62"
"42,48 : 87.32"
"42,49 : 63.35"
"43,0 : 49.4"
"43,1 : 34.23"
"43,2 : 27.07"
"43,3 : 49.16"
"43,4 : 16.49"
"43,5 : 9.0"
"43,6 : 53.25"
"43,7 : 36.25"
"43,8 : 43.14"
"43,9 : 74.33"
"43,10 : 52.77"
"43,11 : 33.96"
"43,12 : 17.0"
"43,13 : 81.3"
"43,14 : 70.77"
"43,15 : 51.62"
"43,16 : 64.03"
"43,17 : 43.01"
"43,18 : 50.09"
"43,19 : 39.62"
"43,20 : 59.2"
"43,21 : 26.68"
"43,22 : 73.25"
"43,23 : 18.79"
"43,24 : 53.71"
"43,25 : 27.31"
"43,26 : 13.89"
"43,27 : 81.84"
"43,28 : 34.89"
"43,29 : 13.0"
"43,30 : 76.12"
"43,31 : 53.04"
"43,32 : 20.02"
"43,33 : 55.0"
"43,34 : 47.43"
"43,35 : 66.1"
"43,36 : 52.33"
"43,37 : 79.92"
"43,38 : 50.09"
"43,39 : 69.03"
"43,40 : 62.36"
"43,41 : 53.49"
"43,42 : 36.88"
"43,43 : 0.0"
"43,44 : 41.77"
"43,45 : 76.16"
"43,46 : 54.01"
"43,47 : 38.33"
"43,48 : 78.64"
"43,49 : 26.48"
"44,0 : 84.93"
"44,1 : 13.89"
"44,2 : 17.2"
"44,3 : 60.88"
"44,4 : 44.1"
"44,5 : 50.64"
"44,6 : 87.8"
"44,7 : 74.33"
"44,8 : 24.17"
"44,9 : 54.0"
"44,10 : 20.25"
"44,11 : 41.4"
"44,12 : 26.0"
"44,13 : 61.03"
"44,14 : 58.46"
"44,15 : 38.63"
"44,16 : 68.24"
"44,17 : 7.28"
"44,18 : 87.13"
"44,19 : 80.01"
"44,20 : 55.01"
"44,21 : 39.36"
"44,22 : 96.52"
"44,23 : 60.17"
"44,24 : 75.17"
"44,25 : 16.28"
"44,26 : 48.17"
"44,27 : 101.53"
"44,28 : 26.0"
"44,29 : 29.15"
"44,30 : 86.05"
"44,31 : 59.55"
"44,32 : 48.83"
"44,33 : 25.18"
"44,34 : 86.28"
"44,35 : 77.83"
"44,36 : 42.95"
"44,37 : 102.42"
"44,38 : 91.08"
"44,39 : 72.4"
"44,40 : 57.27"
"44,41 : 14.21"
"44,42 : 78.64"
"44,43 : 41.77"
"44,44 : 0.0"
"44,45 : 69.89"
"44,46 : 60.96"
"44,47 : 46.86"
"44,48 : 89.5"
"44,49 : 15.3"
"45,0 : 76.84"
"45,1 : 79.62"
"45,2 : 76.53"
"45,3 : 33.3"
"45,4 : 91.08"
"45,5 : 78.77"
"45,6 : 76.03"
"45,7 : 77.99"
"45,8 : 45.88"
"45,9 : 25.94"
"45,10 : 89.69"
"45,11 : 42.2"
"45,12 : 66.07"
"45,13 : 25.5"
"45,14 : 13.45"
"45,15 : 31.32"
"45,16 : 18.87"
"45,17 : 77.16"
"45,18 : 81.69"
"45,19 : 87.97"
"45,20 : 17.12"
"45,21 : 49.48"
"45,22 : 58.25"
"45,23 : 89.16"
"45,24 : 47.17"
"45,25 : 63.39"
"45,26 : 66.85"
"45,27 : 55.01"
"45,28 : 90.93"
"45,29 : 69.26"
"45,30 : 31.02"
"45,31 : 26.4"
"45,32 : 95.52"
"45,33 : 48.55"
"45,34 : 86.31"
"45,35 : 31.32"
"45,36 : 27.46"
"45,37 : 60.3"
"45,38 : 114.83"
"45,39 : 16.76"
"45,40 : 14.04"
"45,41 : 63.63"
"45,42 : 98.18"
"45,43 : 76.16"
"45,44 : 69.89"
"45,45 : 0.0"
"45,46 : 26.25"
"45,47 : 38.28"
"45,48 : 34.13"
"45,49 : 69.46"
"46,0 : 51.31"
"46,1 : 66.73"
"46,2 : 61.74"
"46,3 : 7.07"
"46,4 : 70.06"
"46,5 : 54.92"
"46,6 : 51.0"
"46,7 : 51.74"
"46,8 : 38.42"
"46,9 : 40.79"
"46,10 : 81.06"
"46,11 : 22.14"
"46,12 : 48.08"
"46,13 : 44.6"
"46,14 : 29.15"
"46,15 : 27.86"
"46,16 : 10.05"
"46,17 : 67.62"
"46,18 : 56.04"
"46,19 : 61.72"
"46,20 : 15.3"
"46,21 : 28.44"
"46,22 : 40.79"
"46,23 : 64.56"
"46,24 : 23.54"
"46,25 : 49.24"
"46,26 : 42.76"
"46,27 : 42.49"
"46,28 : 76.16"
"46,29 : 50.22"
"46,30 : 25.24"
"46,31 : 1.41"
"46,32 : 74.0"
"46,33 : 47.85"
"46,34 : 60.31"
"46,35 : 17.03"
"46,36 : 23.09"
"46,37 : 45.22"
"46,38 : 88.84"
"46,39 : 15.03"
"46,40 : 17.09"
"46,41 : 60.22"
"46,42 : 72.2"
"46,43 : 54.01"
"46,44 : 60.96"
"46,45 : 26.25"
"46,46 : 0.0"
"46,47 : 16.49"
"46,48 : 28.6"
"46,49 : 55.01"
"47,0 : 48.51"
"47,1 : 51.04"
"47,2 : 45.65"
"47,3 : 14.21"
"47,4 : 54.01"
"47,5 : 40.5"
"47,6 : 49.65"
"47,7 : 44.42"
"47,8 : 27.2"
"47,9 : 43.27"
"47,10 : 66.47"
"47,11 : 5.83"
"47,12 : 31.62"
"47,13 : 49.04"
"47,14 : 35.47"
"47,15 : 22.8"
"47,16 : 26.17"
"47,17 : 53.04"
"47,18 : 52.5"
"47,19 : 53.82"
"47,20 : 21.95"
"47,21 : 12.04"
"47,22 : 50.12"
"47,23 : 50.99"
"47,24 : 29.15"
"47,25 : 33.6"
"47,26 : 28.64"
"47,27 : 54.67"
"47,28 : 59.93"
"47,29 : 33.73"
"47,30 : 41.15"
"47,31 : 15.3"
"47,32 : 58.14"
"47,33 : 39.32"
"47,34 : 55.04"
"47,35 : 31.91"
"47,36 : 20.12"
"47,37 : 55.76"
"47,38 : 78.1"
"47,39 : 31.14"
"47,40 : 25.06"
"47,41 : 48.85"
"47,42 : 61.62"
"47,43 : 38.33"
"47,44 : 46.86"
"47,45 : 38.28"
"47,46 : 16.49"
"47,47 : 0.0"
"47,48 : 44.29"
"47,49 : 39.12"
"48,0 : 57.25"
"48,1 : 95.19"
"48,2 : 89.94"
"48,3 : 30.46"
"48,4 : 95.13"
"48,5 : 77.32"
"48,6 : 54.71"
"48,7 : 64.29"
"48,8 : 66.47"
"48,9 : 58.94"
"48,10 : 109.64"
"48,11 : 50.12"
"48,12 : 75.64"
"48,13 : 59.54"
"48,14 : 45.61"
"48,15 : 54.2"
"48,16 : 22.2"
"48,17 : 96.21"
"48,18 : 62.18"
"48,19 : 73.68"
"48,20 : 37.74"
"48,21 : 55.54"
"48,22 : 27.46"
"48,23 : 85.01"
"48,24 : 28.64"
"48,25 : 77.7"
"48,26 : 65.62"
"48,27 : 21.38"
"48,28 : 104.2"
"48,29 : 77.25"
"48,30 : 3.61"
"48,31 : 30.0"
"48,32 : 98.48"
"48,33 : 74.4"
"48,34 : 68.45"
"48,35 : 12.65"
"48,36 : 49.2"
"48,37 : 27.51"
"48,38 : 103.16"
"48,39 : 19.7"
"48,40 : 37.12"
"48,41 : 87.86"
"48,42 : 87.32"
"48,43 : 78.64"
"48,44 : 89.5"
"48,45 : 34.13"
"48,46 : 28.6"
"48,47 : 44.29"
"48,48 : 0.0"
"48,49 : 83.35"
"49,0 : 71.17"
"49,1 : 12.04"
"49,2 : 7.07"
"49,3 : 53.25"
"49,4 : 30.41"
"49,5 : 35.36"
"49,6 : 74.33"
"49,7 : 59.84"
"49,8 : 25.5"
"49,9 : 58.94"
"49,10 : 29.53"
"49,11 : 33.29"
"49,12 : 11.4"
"49,13 : 66.22"
"49,14 : 60.03"
"49,15 : 39.01"
"49,16 : 63.69"
"49,17 : 17.46"
"49,18 : 73.01"
"49,19 : 65.03"
"49,20 : 52.95"
"49,21 : 29.0"
"49,22 : 86.45"
"49,23 : 44.92"
"49,24 : 65.12"
"49,25 : 6.08"
"49,26 : 33.73"
"49,27 : 92.7"
"49,28 : 21.59"
"49,29 : 14.0"
"49,30 : 80.13"
"49,31 : 53.67"
"49,32 : 35.36"
"49,33 : 33.29"
"49,34 : 71.7"
"49,35 : 71.02"
"49,36 : 42.11"
"49,37 : 92.7"
"49,38 : 75.96"
"49,39 : 68.35"
"49,40 : 55.73"
"49,41 : 27.78"
"49,42 : 63.35"
"49,43 : 26.48"
"49,44 : 15.3"
"49,45 : 69.46"
"49,46 : 55.01"
"49,47 : 39.12"
"49,48 : 83.35"
"49,49 : 0.0"
