x,y
46,97
7,27
16,33
45,25
7,28
45,33
18,34
67,57
37,87
63,15
10,73
9,99
18,66
94,91
48,46
85,94
56,68
59,9
43,88
28,6
55,48
71,72
45,14
43,51
30,73
8,42
97,75
27,49
77,55
16,87
11,57
32,42
6,7
28,66
0,73
76,77
65,23
65,62
25,16
53,4
10,42
55,78
21,48
0,50
94,89
18,5
8,19
31,37
67,34
58,56

Distanze
"0,0 : 0.0"
"0,1 : 80.13"
"0,2 : 70.68"
"0,3 : 72.01"
"0,4 : 79.26"
"0,5 : 64.01"
"0,6 : 68.94"
"0,7 : 45.18"
"0,8 : 13.45"
"0,9 : 83.74"
"0,10 : 43.27"
"0,11 : 37.05"
"0,12 : 41.77"
"0,13 : 48.37"
"0,14 : 51.04"
"0,15 : 39.12"
"0,16 : 30.68"
"0,17 : 88.96"
"0,18 : 9.49"
"0,19 : 92.76"
"0,20 : 49.82"
"0,21 : 35.36"
"0,22 : 83.01"
"0,23 : 46.1"
"0,24 : 28.84"
"0,25 : 66.85"
"0,26 : 55.54"
"0,27 : 51.62"
"0,28 : 52.2"
"0,29 : 31.62"
"0,30 : 53.15"
"0,31 : 56.75"
"0,32 : 98.49"
"0,33 : 35.85"
"0,34 : 51.88"
"0,35 : 36.06"
"0,36 : 76.4"
"0,37 : 39.82"
"0,38 : 83.68"
"0,39 : 93.26"
"0,40 : 65.73"
"0,41 : 21.02"
"0,42 : 55.01"
"0,43 : 65.76"
"0,44 : 48.66"
"0,45 : 96.17"
"0,46 : 86.76"
"0,47 : 61.85"
"0,48 : 66.41"
"0,49 : 42.72"
"1,0 : 80.13"
"1,1 : 0.0"
"1,2 : 10.82"
"1,3 : 38.05"
"1,4 : 1.0"
"1,5 : 38.47"
"1,6 : 13.04"
"1,7 : 67.08"
"1,8 : 67.08"
"1,9 : 57.27"
"1,10 : 46.1"
"1,11 : 72.03"
"1,12 : 40.52"
"1,13 : 108.0"
"1,14 : 45.19"
"1,15 : 102.83"
"1,16 : 63.89"
"1,17 : 55.03"
"1,18 : 70.83"
"1,19 : 29.7"
"1,20 : 52.39"
"1,21 : 78.24"
"1,22 : 40.16"
"1,23 : 43.27"
"1,24 : 51.43"
"1,25 : 15.03"
"1,26 : 102.0"
"1,27 : 29.73"
"1,28 : 75.39"
"1,29 : 60.67"
"1,30 : 30.27"
"1,31 : 29.15"
"1,32 : 20.02"
"1,33 : 44.29"
"1,34 : 46.53"
"1,35 : 85.21"
"1,36 : 58.14"
"1,37 : 67.74"
"1,38 : 21.1"
"1,39 : 51.43"
"1,40 : 15.3"
"1,41 : 70.04"
"1,42 : 25.24"
"1,43 : 24.04"
"1,44 : 106.83"
"1,45 : 24.6"
"1,46 : 8.06"
"1,47 : 26.0"
"1,48 : 60.41"
"1,49 : 58.67"
"2,0 : 70.68"
"2,1 : 10.82"
"2,2 : 0.0"
"2,3 : 30.08"
"2,4 : 10.3"
"2,5 : 29.0"
"2,6 : 2.24"
"2,7 : 56.36"
"2,8 : 57.94"
"2,9 : 50.33"
"2,10 : 40.45"
"2,11 : 66.37"
"2,12 : 33.06"
"2,13 : 97.2"
"2,14 : 34.54"
"2,15 : 92.1"
"2,16 : 53.15"
"2,17 : 49.24"
"2,18 : 61.27"
"2,19 : 29.55"
"2,20 : 41.79"
"2,21 : 67.42"
"2,22 : 34.67"
"2,23 : 32.45"
"2,24 : 42.38"
"2,25 : 12.04"
"2,26 : 91.24"
"2,27 : 19.42"
"2,28 : 64.85"
"2,29 : 54.0"
"2,30 : 24.52"
"2,31 : 18.36"
"2,32 : 27.86"
"2,33 : 35.11"
"2,34 : 43.08"
"2,35 : 74.4"
"2,36 : 50.01"
"2,37 : 56.94"
"2,38 : 19.24"
"2,39 : 47.01"
"2,40 : 10.82"
"2,41 : 59.55"
"2,42 : 15.81"
"2,43 : 23.35"
"2,44 : 96.02"
"2,45 : 28.07"
"2,46 : 16.12"
"2,47 : 15.52"
"2,48 : 51.01"
"2,49 : 47.89"
"3,0 : 72.01"
"3,1 : 38.05"
"3,2 : 30.08"
"3,3 : 0.0"
"3,4 : 38.12"
"3,5 : 8.0"
"3,6 : 28.46"
"3,7 : 38.83"
"3,8 : 62.51"
"3,9 : 20.59"
"3,10 : 59.41"
"3,11 : 82.29"
"3,12 : 49.09"
"3,13 : 82.2"
"3,14 : 21.21"
"3,15 : 79.76"
"3,16 : 44.38"
"3,17 : 21.26"
"3,18 : 63.03"
"3,19 : 25.5"
"3,20 : 25.08"
"3,21 : 53.71"
"3,22 : 11.0"
"3,23 : 26.08"
"3,24 : 50.29"
"3,25 : 40.72"
"3,26 : 72.14"
"3,27 : 30.0"
"3,28 : 43.86"
"3,29 : 68.45"
"3,30 : 46.69"
"3,31 : 21.4"
"3,32 : 42.95"
"3,33 : 44.38"
"3,34 : 65.8"
"3,35 : 60.54"
"3,36 : 20.1"
"3,37 : 42.06"
"3,38 : 21.93"
"3,39 : 22.47"
"3,40 : 38.91"
"3,41 : 53.94"
"3,42 : 33.24"
"3,43 : 51.48"
"3,44 : 80.6"
"3,45 : 33.6"
"3,46 : 37.48"
"3,47 : 18.44"
"3,48 : 23.77"
"3,49 : 33.62"
"4,0 : 79.26"
"4,1 : 1.0"
"4,2 : 10.3"
"4,3 : 38.12"
"4,4 : 0.0"
"4,5 : 38.33"
"4,6 : 12.53"
"4,7 : 66.64"
"4,8 : 66.19"
"4,9 : 57.49"
"4,10 : 45.1"
"4,11 : 71.03"
"4,12 : 39.56"
"4,13 : 107.42"
"4,14 : 44.78"
"4,15 : 102.18"
"4,16 : 63.25"
"4,17 : 55.36"
"4,18 : 69.97"
"4,19 : 30.41"
"4,20 : 52.0"
"4,21 : 77.67"
"4,22 : 40.5"
"4,23 : 42.72"
"4,24 : 50.54"
"4,25 : 14.04"
"4,26 : 101.53"
"4,27 : 29.0"
"4,28 : 75.03"
"4,29 : 59.68"
"4,30 : 29.27"
"4,31 : 28.65"
"4,32 : 21.02"
"4,33 : 43.42"
"4,34 : 45.54"
"4,35 : 84.63"
"4,36 : 58.22"
"4,37 : 67.23"
"4,38 : 21.63"
"4,39 : 51.88"
"4,40 : 14.32"
"4,41 : 69.31"
"4,42 : 24.41"
"4,43 : 23.09"
"4,44 : 106.25"
"4,45 : 25.5"
"4,46 : 9.06"
"4,47 : 25.63"
"4,48 : 60.3"
"4,49 : 58.18"
"5,0 : 64.01"
"5,1 : 38.47"
"5,2 : 29.0"
"5,3 : 8.0"
"5,4 : 38.33"
"5,5 : 0.0"
"5,6 : 27.02"
"5,7 : 32.56"
"5,8 : 54.59"
"5,9 : 25.46"
"5,10 : 53.15"
"5,11 : 75.18"
"5,12 : 42.64"
"5,13 : 75.93"
"5,14 : 13.34"
"5,15 : 72.95"
"5,16 : 36.69"
"5,17 : 27.78"
"5,18 : 55.04"
"5,19 : 31.91"
"5,20 : 18.03"
"5,21 : 46.87"
"5,22 : 19.0"
"5,23 : 18.11"
"5,24 : 42.72"
"5,25 : 38.08"
"5,26 : 66.84"
"5,27 : 24.08"
"5,28 : 38.83"
"5,29 : 61.29"
"5,30 : 41.62"
"5,31 : 15.81"
"5,32 : 46.87"
"5,33 : 37.12"
"5,34 : 60.21"
"5,35 : 53.82"
"5,36 : 22.36"
"5,37 : 35.23"
"5,38 : 26.25"
"5,39 : 30.08"
"5,40 : 36.14"
"5,41 : 46.1"
"5,42 : 28.3"
"5,43 : 48.1"
"5,44 : 74.41"
"5,45 : 38.9"
"5,46 : 39.56"
"5,47 : 14.56"
"5,48 : 22.02"
"5,49 : 26.42"
"6,0 : 68.94"
"6,1 : 13.04"
"6,2 : 2.24"
"6,3 : 28.46"
"6,4 : 12.53"
"6,5 : 27.02"
"6,6 : 0.0"
"6,7 : 54.13"
"6,8 : 56.3"
"6,9 : 48.85"
"6,10 : 39.81"
"6,11 : 65.62"
"6,12 : 32.0"
"6,13 : 95.0"
"6,14 : 32.31"
"6,15 : 89.94"
"6,16 : 50.99"
"6,17 : 48.02"
"6,18 : 59.51"
"6,19 : 29.73"
"6,20 : 39.56"
"6,21 : 65.22"
"6,22 : 33.6"
"6,23 : 30.23"
"6,24 : 40.8"
"6,25 : 12.81"
"6,26 : 89.01"
"6,27 : 17.49"
"6,28 : 62.63"
"6,29 : 53.04"
"6,30 : 24.04"
"6,31 : 16.12"
"6,32 : 29.55"
"6,33 : 33.53"
"6,34 : 42.95"
"6,35 : 72.2"
"6,36 : 48.27"
"6,37 : 54.71"
"6,38 : 19.31"
"6,39 : 46.1"
"6,40 : 11.31"
"6,41 : 57.49"
"6,42 : 14.32"
"6,43 : 24.08"
"6,44 : 93.81"
"6,45 : 29.0"
"6,46 : 18.03"
"6,47 : 13.34"
"6,48 : 49.0"
"6,49 : 45.65"
"7,0 : 45.18"
"7,1 : 67.08"
"7,2 : 56.36"
"7,3 : 38.83"
"7,4 : 66.64"
"7,5 : 32.56"
"7,6 : 54.13"
"7,7 : 0.0"
"7,8 : 42.43"
"7,9 : 42.19"
"7,10 : 59.2"
"7,11 : 71.61"
"7,12 : 49.82"
"7,13 : 43.42"
"7,14 : 21.95"
"7,15 : 41.15"
"7,16 : 15.56"
"7,17 : 48.66"
"7,18 : 39.2"
"7,19 : 64.2"
"7,20 : 15.0"
"7,21 : 15.52"
"7,22 : 48.3"
"7,23 : 24.74"
"7,24 : 40.31"
"7,25 : 60.88"
"7,26 : 34.99"
"7,27 : 40.79"
"7,28 : 10.2"
"7,29 : 59.17"
"7,30 : 56.0"
"7,31 : 38.08"
"7,32 : 78.87"
"7,33 : 40.02"
"7,34 : 68.88"
"7,35 : 21.93"
"7,36 : 34.06"
"7,37 : 5.39"
"7,38 : 58.69"
"7,39 : 54.82"
"7,40 : 58.94"
"7,41 : 24.19"
"7,42 : 46.87"
"7,43 : 67.36"
"7,44 : 41.87"
"7,45 : 71.45"
"7,46 : 70.18"
"7,47 : 41.18"
"7,48 : 23.0"
"7,49 : 9.06"
"8,0 : 13.45"
"8,1 : 67.08"
"8,2 : 57.94"
"8,3 : 62.51"
"8,4 : 66.19"
"8,5 : 54.59"
"8,6 : 56.3"
"8,7 : 42.43"
"8,8 : 0.0"
"8,9 : 76.55"
"8,10 : 30.41"
"8,11 : 30.46"
"8,12 : 28.32"
"8,13 : 57.14"
"8,14 : 42.45"
"8,15 : 48.51"
"8,16 : 26.87"
"8,17 : 81.04"
"8,18 : 6.08"
"8,19 : 81.5"
"8,20 : 42.95"
"8,21 : 37.16"
"8,22 : 73.44"
"8,23 : 36.5"
"8,24 : 15.65"
"8,25 : 53.54"
"8,26 : 61.19"
"8,27 : 39.29"
"8,28 : 51.22"
"8,29 : 21.0"
"8,30 : 39.7"
"8,31 : 45.28"
"8,32 : 85.8"
"8,33 : 22.85"
"8,34 : 39.56"
"8,35 : 40.26"
"8,36 : 69.86"
"8,37 : 37.54"
"8,38 : 72.01"
"8,39 : 84.53"
"8,40 : 52.48"
"8,41 : 20.12"
"8,42 : 42.15"
"8,43 : 52.33"
"8,44 : 57.04"
"8,45 : 84.17"
"8,46 : 73.93"
"8,47 : 50.36"
"8,48 : 60.9"
"8,49 : 37.44"
"9,0 : 83.74"
"9,1 : 57.27"
"9,2 : 50.33"
"9,3 : 20.59"
"9,4 : 57.49"
"9,5 : 25.46"
"9,6 : 48.85"
"9,7 : 42.19"
"9,8 : 76.55"
"9,9 : 0.0"
"9,10 : 78.57"
"9,11 : 99.86"
"9,12 : 68.01"
"9,13 : 82.08"
"9,14 : 34.44"
"9,15 : 82.01"
"9,16 : 53.46"
"9,17 : 7.21"
"9,18 : 75.69"
"9,19 : 36.14"
"9,20 : 33.96"
"9,21 : 57.56"
"9,22 : 18.03"
"9,23 : 41.18"
"9,24 : 66.73"
"9,25 : 61.27"
"9,26 : 68.96"
"9,27 : 49.52"
"9,28 : 42.38"
"9,29 : 85.98"
"9,30 : 66.84"
"9,31 : 41.11"
"9,32 : 57.56"
"9,33 : 61.85"
"9,34 : 85.63"
"9,35 : 63.35"
"9,36 : 8.25"
"9,37 : 47.04"
"9,38 : 38.01"
"9,39 : 14.87"
"9,40 : 59.48"
"9,41 : 63.51"
"9,42 : 53.41"
"9,43 : 72.07"
"9,44 : 80.23"
"9,45 : 46.1"
"9,46 : 55.15"
"9,47 : 38.83"
"9,48 : 19.42"
"9,49 : 41.3"
"10,0 : 43.27"
"10,1 : 46.1"
"10,2 : 40.45"
"10,3 : 59.41"
"10,4 : 45.1"
"10,5 : 53.15"
"10,6 : 39.81"
"10,7 : 59.2"
"10,8 : 30.41"
"10,9 : 78.57"
"10,10 : 0.0"
"10,11 : 26.02"
"10,12 : 10.63"
"10,13 : 85.91"
"10,14 : 46.62"
"10,15 : 77.88"
"10,16 : 46.27"
"10,17 : 80.6"
"10,18 : 36.25"
"10,19 : 69.38"
"10,20 : 51.48"
"10,21 : 61.01"
"10,22 : 68.6"
"10,23 : 39.66"
"10,24 : 20.0"
"10,25 : 31.06"
"10,26 : 87.02"
"10,27 : 29.41"
"10,28 : 69.38"
"10,29 : 15.23"
"10,30 : 16.03"
"10,31 : 38.01"
"10,32 : 66.12"
"10,33 : 19.31"
"10,34 : 10.0"
"10,35 : 66.12"
"10,36 : 74.33"
"10,37 : 56.09"
"10,38 : 58.94"
"10,39 : 81.3"
"10,40 : 31.0"
"10,41 : 45.28"
"10,42 : 27.31"
"10,43 : 25.08"
"10,44 : 85.51"
"10,45 : 68.47"
"10,46 : 54.04"
"10,47 : 41.68"
"10,48 : 69.07"
"10,49 : 50.92"
"11,0 : 37.05"
"11,1 : 72.03"
"11,2 : 66.37"
"11,3 : 82.29"
"11,4 : 71.03"
"11,5 : 75.18"
"11,6 : 65.62"
"11,7 : 71.61"
"11,8 : 30.46"
"11,9 : 99.86"
"11,10 : 26.02"
"11,11 : 0.0"
"11,12 : 34.21"
"11,13 : 85.38"
"11,14 : 65.8"
"11,15 : 76.16"
"11,16 : 56.3"
"11,17 : 102.96"
"11,18 : 35.74"
"11,19 : 94.92"
"11,20 : 68.68"
"11,21 : 67.62"
"11,22 : 92.31"
"11,23 : 58.82"
"11,24 : 33.42"
"11,25 : 57.01"
"11,26 : 91.21"
"11,27 : 53.14"
"11,28 : 80.99"
"11,29 : 13.89"
"11,30 : 42.05"
"11,31 : 61.47"
"11,32 : 92.05"
"11,33 : 38.08"
"11,34 : 27.51"
"11,35 : 70.52"
"11,36 : 94.4"
"11,37 : 67.12"
"11,38 : 84.53"
"11,39 : 104.69"
"11,40 : 57.01"
"11,41 : 50.57"
"11,42 : 52.39"
"11,43 : 49.82"
"11,44 : 85.59"
"11,45 : 94.43"
"11,46 : 80.01"
"11,47 : 65.79"
"11,48 : 87.11"
"11,49 : 65.19"
"12,0 : 41.77"
"12,1 : 40.52"
"12,2 : 33.06"
"12,3 : 49.09"
"12,4 : 39.56"
"12,5 : 42.64"
"12,6 : 32.0"
"12,7 : 49.82"
"12,8 : 28.32"
"12,9 : 68.01"
"12,10 : 10.63"
"12,11 : 34.21"
"12,12 : 0.0"
"12,13 : 80.01"
"12,14 : 36.06"
"12,15 : 72.62"
"12,16 : 38.05"
"12,17 : 70.21"
"12,18 : 33.3"
"12,19 : 60.83"
"12,20 : 41.15"
"12,21 : 53.34"
"12,22 : 58.59"
"12,23 : 29.15"
"12,24 : 13.89"
"12,25 : 26.0"
"12,26 : 79.51"
"12,27 : 19.24"
"12,28 : 60.02"
"12,29 : 21.1"
"12,30 : 11.4"
"12,31 : 27.78"
"12,32 : 60.21"
"12,33 : 10.0"
"12,34 : 19.31"
"12,35 : 59.03"
"12,36 : 63.7"
"12,37 : 47.17"
"12,38 : 50.49"
"12,39 : 71.2"
"12,40 : 25.3"
"12,41 : 38.9"
"12,42 : 18.25"
"12,43 : 24.08"
"12,44 : 79.4"
"12,45 : 61.0"
"12,46 : 48.05"
"12,47 : 31.78"
"12,48 : 58.52"
"12,49 : 41.23"
"13,0 : 48.37"
"13,1 : 108.0"
"13,2 : 97.2"
"13,3 : 82.2"
"13,4 : 107.42"
"13,5 : 75.93"
"13,6 : 95.0"
"13,7 : 43.42"
"13,8 : 57.14"
"13,9 : 82.08"
"13,10 : 85.91"
"13,11 : 85.38"
"13,12 : 80.01"
"13,13 : 0.0"
"13,14 : 64.35"
"13,15 : 9.49"
"13,16 : 44.42"
"13,17 : 89.16"
"13,18 : 51.09"
"13,19 : 107.62"
"13,20 : 58.05"
"13,21 : 29.83"
"13,22 : 91.27"
"13,23 : 64.82"
"13,24 : 66.48"
"13,25 : 98.98"
"13,26 : 16.28"
"13,27 : 79.08"
"13,28 : 39.81"
"13,29 : 78.1"
"13,30 : 89.69"
"13,31 : 79.03"
"13,32 : 121.66"
"13,33 : 70.58"
"13,34 : 95.71"
"13,35 : 22.8"
"13,36 : 73.93"
"13,37 : 41.01"
"13,38 : 101.91"
"13,39 : 96.18"
"13,40 : 97.25"
"13,41 : 41.11"
"13,42 : 84.72"
"13,43 : 102.55"
"13,44 : 2.0"
"13,45 : 114.77"
"13,46 : 112.16"
"13,47 : 82.98"
"13,48 : 63.07"
"13,49 : 50.21"
"14,0 : 51.04"
"14,1 : 45.19"
"14,2 : 34.54"
"14,3 : 21.21"
"14,4 : 44.78"
"14,5 : 13.34"
"14,6 : 32.31"
"14,7 : 21.95"
"14,8 : 42.45"
"14,9 : 34.44"
"14,10 : 46.62"
"14,11 : 65.8"
"14,12 : 36.06"
"14,13 : 64.35"
"14,14 : 0.0"
"14,15 : 60.61"
"14,16 : 23.41"
"14,17 : 38.6"
"14,18 : 42.3"
"14,19 : 44.72"
"14,20 : 7.28"
"14,21 : 34.71"
"14,22 : 32.14"
"14,23 : 7.07"
"14,24 : 32.45"
"14,25 : 40.2"
"14,26 : 56.94"
"14,27 : 21.21"
"14,28 : 30.36"
"14,29 : 52.01"
"14,30 : 38.6"
"14,31 : 16.49"
"14,32 : 57.31"
"14,33 : 28.28"
"14,34 : 55.07"
"14,35 : 41.77"
"14,36 : 28.6"
"14,37 : 23.35"
"14,38 : 37.8"
"14,39 : 42.3"
"14,40 : 38.21"
"14,41 : 32.76"
"14,42 : 27.07"
"14,43 : 48.17"
"14,44 : 62.97"
"14,45 : 50.8"
"14,46 : 48.26"
"14,47 : 19.24"
"14,48 : 22.47"
"14,49 : 14.14"
"15,0 : 39.12"
"15,1 : 102.83"
"15,2 : 92.1"
"15,3 : 79.76"
"15,4 : 102.18"
"15,5 : 72.95"
"15,6 : 89.94"
"15,7 : 41.15"
"15,8 : 48.51"
"15,9 : 82.01"
"15,10 : 77.88"
"15,11 : 76.16"
"15,12 : 72.62"
"15,13 : 9.49"
"15,14 : 60.61"
"15,15 : 0.0"
"15,16 : 38.95"
"15,17 : 88.89"
"15,18 : 42.43"
"15,19 : 104.85"
"15,20 : 54.92"
"15,21 : 26.08"
"15,22 : 89.44"
"15,23 : 60.11"
"15,24 : 58.87"
"15,25 : 92.91"
"15,26 : 22.47"
"15,27 : 73.41"
"15,28 : 39.81"
"15,29 : 69.35"
"15,30 : 82.73"
"15,31 : 74.25"
"15,32 : 117.52"
"15,33 : 63.51"
"15,34 : 87.56"
"15,35 : 19.24"
"15,36 : 73.76"
"15,37 : 37.74"
"15,38 : 98.41"
"15,39 : 95.52"
"15,40 : 91.26"
"15,41 : 34.0"
"15,42 : 78.82"
"15,43 : 95.71"
"15,44 : 10.3"
"15,45 : 111.4"
"15,46 : 107.49"
"15,47 : 78.52"
"15,48 : 62.64"
"15,49 : 46.62"
"16,0 : 30.68"
"16,1 : 63.89"
"16,2 : 53.15"
"16,3 : 44.38"
"16,4 : 63.25"
"16,5 : 36.69"
"16,6 : 50.99"
"16,7 : 15.56"
"16,8 : 26.87"
"16,9 : 53.46"
"16,10 : 46.27"
"16,11 : 56.3"
"16,12 : 38.05"
"16,13 : 44.42"
"16,14 : 23.41"
"16,15 : 38.95"
"16,16 : 0.0"
"16,17 : 59.08"
"16,18 : 23.85"
"16,19 : 68.03"
"16,20 : 20.02"
"16,21 : 15.52"
"16,22 : 55.11"
"16,23 : 21.4"
"16,24 : 26.48"
"16,25 : 54.59"
"16,26 : 41.59"
"16,27 : 34.67"
"16,28 : 24.7"
"16,29 : 44.28"
"16,30 : 46.32"
"16,31 : 35.38"
"16,32 : 78.87"
"16,33 : 28.07"
"16,34 : 56.22"
"16,35 : 21.93"
"16,36 : 45.89"
"16,37 : 10.82"
"16,38 : 60.54"
"16,39 : 64.07"
"16,40 : 52.84"
"16,41 : 10.05"
"16,42 : 40.31"
"16,43 : 58.82"
"16,44 : 43.42"
"16,45 : 73.57"
"16,46 : 68.59"
"16,47 : 39.82"
"16,48 : 35.74"
"16,49 : 12.17"
"17,0 : 88.96"
"17,1 : 55.03"
"17,2 : 49.24"
"17,3 : 21.26"
"17,4 : 55.36"
"17,5 : 27.78"
"17,6 : 48.02"
"17,7 : 48.66"
"17,8 : 81.04"
"17,9 : 7.21"
"17,10 : 80.6"
"17,11 : 102.96"
"17,12 : 70.21"
"17,13 : 89.16"
"17,14 : 38.6"
"17,15 : 88.89"
"17,16 : 59.08"
"17,17 : 0.0"
"17,18 : 80.6"
"17,19 : 31.14"
"17,20 : 39.2"
"17,21 : 64.13"
"17,22 : 14.87"
"17,23 : 44.94"
"17,24 : 70.26"
"17,25 : 60.75"
"17,26 : 76.16"
"17,27 : 51.22"
"17,28 : 49.4"
"17,29 : 89.07"
"17,30 : 67.88"
"17,31 : 42.64"
"17,32 : 53.04"
"17,33 : 64.88"
"17,34 : 87.05"
"17,35 : 70.09"
"17,36 : 15.23"
"17,37 : 53.34"
"17,38 : 34.71"
"17,39 : 7.81"
"17,40 : 59.08"
"17,41 : 69.12"
"17,42 : 54.45"
"17,43 : 71.85"
"17,44 : 87.32"
"17,45 : 41.19"
"17,46 : 51.97"
"17,47 : 39.6"
"17,48 : 26.25"
"17,49 : 47.01"
"18,0 : 9.49"
"18,1 : 70.83"
"18,2 : 61.27"
"18,3 : 63.03"
"18,4 : 69.97"
"18,5 : 55.04"
"18,6 : 59.51"
"18,7 : 39.2"
"18,8 : 6.08"
"18,9 : 75.69"
"18,10 : 36.25"
"18,11 : 35.74"
"18,12 : 33.3"
"18,13 : 51.09"
"18,14 : 42.3"
"18,15 : 42.43"
"18,16 : 23.85"
"18,17 : 80.6"
"18,18 : 0.0"
"18,19 : 83.36"
"18,20 : 41.76"
"18,21 : 32.25"
"18,22 : 74.03"
"18,23 : 37.0"
"18,24 : 19.85"
"18,25 : 57.8"
"18,26 : 55.54"
"18,27 : 42.15"
"18,28 : 47.38"
"18,29 : 27.02"
"18,30 : 44.55"
"18,31 : 47.3"
"18,32 : 89.05"
"18,33 : 26.63"
"18,34 : 45.54"
"18,35 : 34.79"
"18,36 : 68.62"
"18,37 : 34.06"
"18,38 : 74.22"
"18,39 : 84.59"
"18,40 : 56.61"
"18,41 : 15.62"
"18,42 : 45.65"
"18,43 : 57.38"
"18,44 : 51.01"
"18,45 : 86.68"
"18,46 : 77.37"
"18,47 : 52.39"
"18,48 : 59.09"
"18,49 : 35.34"
"19,0 : 92.76"
"19,1 : 29.7"
"19,2 : 29.55"
"19,3 : 25.5"
"19,4 : 30.41"
"19,5 : 31.91"
"19,6 : 29.73"
"19,7 : 64.2"
"19,8 : 81.5"
"19,9 : 36.14"
"19,10 : 69.38"
"19,11 : 94.92"
"19,12 : 60.83"
"19,13 : 107.62"
"19,14 : 44.72"
"19,15 : 104.85"
"19,16 : 68.03"
"19,17 : 31.14"
"19,18 : 83.36"
"19,19 : 0.0"
"19,20 : 49.93"
"19,21 : 78.77"
"19,22 : 18.79"
"19,23 : 47.43"
"19,24 : 67.03"
"19,25 : 41.18"
"19,26 : 97.58"
"19,27 : 43.01"
"19,28 : 69.3"
"19,29 : 81.88"
"19,30 : 53.76"
"19,31 : 36.22"
"19,32 : 22.02"
"19,33 : 60.0"
"19,34 : 72.62"
"19,35 : 85.7"
"19,36 : 40.72"
"19,37 : 67.12"
"19,38 : 10.44"
"19,39 : 25.08"
"19,40 : 40.25"
"19,41 : 76.9"
"19,42 : 42.58"
"19,43 : 52.15"
"19,44 : 106.04"
"19,45 : 10.05"
"19,46 : 23.85"
"19,47 : 31.14"
"19,48 : 48.01"
"19,49 : 58.31"
"20,0 : 49.82"
"20,1 : 52.39"
"20,2 : 41.79"
"20,3 : 25.08"
"20,4 : 52.0"
"20,5 : 18.03"
"20,6 : 39.56"
"20,7 : 15.0"
"20,8 : 42.95"
"20,9 : 33.96"
"20,10 : 51.48"
"20,11 : 68.68"
"20,12 : 41.15"
"20,13 : 58.05"
"20,14 : 7.28"
"20,15 : 54.92"
"20,16 : 20.02"
"20,17 : 39.2"
"20,18 : 41.76"
"20,19 : 49.93"
"20,20 : 0.0"
"20,21 : 28.84"
"20,22 : 35.44"
"20,23 : 12.37"
"20,24 : 35.36"
"20,25 : 47.38"
"20,26 : 49.93"
"20,27 : 28.02"
"20,28 : 23.09"
"20,29 : 55.15"
"20,30 : 44.91"
"20,31 : 23.77"
"20,32 : 63.89"
"20,33 : 32.45"
"20,34 : 60.42"
"20,35 : 35.81"
"20,36 : 26.93"
"20,37 : 17.2"
"20,38 : 43.86"
"20,39 : 44.05"
"20,40 : 45.4"
"20,41 : 30.0"
"20,42 : 34.0"
"20,43 : 55.04"
"20,44 : 56.59"
"20,45 : 56.73"
"20,46 : 55.23"
"20,47 : 26.4"
"20,48 : 18.44"
"20,49 : 8.54"
"21,0 : 35.36"
"21,1 : 78.24"
"21,2 : 67.42"
"21,3 : 53.71"
"21,4 : 77.67"
"21,5 : 46.87"
"21,6 : 65.22"
"21,7 : 15.52"
"21,8 : 37.16"
"21,9 : 57.56"
"21,10 : 61.01"
"21,11 : 67.62"
"21,12 : 53.34"
"21,13 : 29.83"
"21,14 : 34.71"
"21,15 : 26.08"
"21,16 : 15.52"
"21,17 : 64.13"
"21,18 : 32.25"
"21,19 : 78.77"
"21,20 : 28.84"
"21,21 : 0.0"
"21,22 : 63.56"
"21,23 : 35.0"
"21,24 : 41.01"
"21,25 : 69.78"
"21,26 : 26.17"
"21,27 : 49.65"
"21,28 : 18.03"
"21,29 : 57.01"
"21,30 : 61.85"
"21,31 : 49.2"
"21,32 : 91.92"
"21,33 : 43.42"
"21,34 : 71.01"
"21,35 : 7.07"
"21,36 : 49.37"
"21,37 : 11.66"
"21,38 : 72.47"
"21,39 : 70.34"
"21,40 : 67.98"
"21,41 : 17.09"
"21,42 : 55.46"
"21,43 : 74.33"
"21,44 : 28.6"
"21,45 : 85.43"
"21,46 : 82.33"
"21,47 : 53.15"
"21,48 : 38.21"
"21,49 : 20.62"
"22,0 : 83.01"
"22,1 : 40.16"
"22,2 : 34.67"
"22,3 : 11.0"
"22,4 : 40.5"
"22,5 : 19.0"
"22,6 : 33.6"
"22,7 : 48.3"
"22,8 : 73.44"
"22,9 : 18.03"
"22,10 : 68.6"
"22,11 : 92.31"
"22,12 : 58.59"
"22,13 : 91.27"
"22,14 : 32.14"
"22,15 : 89.44"
"22,16 : 55.11"
"22,17 : 14.87"
"22,18 : 74.03"
"22,19 : 18.79"
"22,20 : 35.44"
"22,21 : 63.56"
"22,22 : 0.0"
"22,23 : 37.05"
"22,24 : 60.88"
"22,25 : 46.4"
"22,26 : 80.16"
"22,27 : 39.36"
"22,28 : 52.01"
"22,29 : 78.55"
"22,30 : 54.82"
"22,31 : 30.87"
"22,32 : 39.62"
"22,33 : 54.71"
"22,34 : 74.2"
"22,35 : 70.21"
"22,36 : 21.93"
"22,37 : 52.0"
"22,38 : 20.1"
"22,39 : 12.81"
"22,40 : 44.82"
"22,41 : 64.78"
"22,42 : 41.62"
"22,43 : 57.63"
"22,44 : 89.59"
"22,45 : 28.46"
"22,46 : 37.34"
"22,47 : 26.93"
"22,48 : 29.73"
"22,49 : 43.97"
"23,0 : 46.1"
"23,1 : 43.27"
"23,2 : 32.45"
"23,3 : 26.08"
"23,4 : 42.72"
"23,5 : 18.11"
"23,6 : 30.23"
"23,7 : 24.74"
"23,8 : 36.5"
"23,9 : 41.18"
"23,10 : 39.66"
"23,11 : 58.82"
"23,12 : 29.15"
"23,13 : 64.82"
"23,14 : 7.07"
"23,15 : 60.11"
"23,16 : 21.4"
"23,17 : 44.94"
"23,18 : 37.0"
"23,19 : 47.43"
"23,20 : 12.37"
"23,21 : 35.0"
"23,22 : 37.05"
"23,23 : 0.0"
"23,24 : 25.55"
"23,25 : 36.14"
"23,26 : 59.09"
"23,27 : 16.12"
"23,28 : 34.23"
"23,29 : 45.0"
"23,30 : 32.56"
"23,31 : 14.21"
"23,32 : 57.49"
"23,33 : 21.21"
"23,34 : 48.3"
"23,35 : 42.01"
"23,36 : 35.61"
"23,37 : 24.6"
"23,38 : 39.36"
"23,39 : 48.05"
"23,40 : 34.21"
"23,41 : 29.55"
"23,42 : 22.2"
"23,43 : 43.01"
"23,44 : 63.6"
"23,45 : 52.35"
"23,46 : 47.42"
"23,47 : 18.44"
"23,48 : 29.41"
"23,49 : 15.81"
"24,0 : 28.84"
"24,1 : 51.43"
"24,2 : 42.38"
"24,3 : 50.29"
"24,4 : 50.54"
"24,5 : 42.72"
"24,6 : 40.8"
"24,7 : 40.31"
"24,8 : 15.65"
"24,9 : 66.73"
"24,10 : 20.0"
"24,11 : 33.42"
"24,12 : 13.89"
"24,13 : 66.48"
"24,14 : 32.45"
"24,15 : 58.87"
"24,16 : 26.48"
"24,17 : 70.26"
"24,18 : 19.85"
"24,19 : 67.03"
"24,20 : 35.36"
"24,21 : 41.01"
"24,22 : 60.88"
"24,23 : 25.55"
"24,24 : 0.0"
"24,25 : 38.01"
"24,26 : 67.03"
"24,27 : 24.19"
"24,28 : 50.33"
"24,29 : 19.8"
"24,30 : 24.84"
"24,31 : 31.06"
"24,32 : 70.23"
"24,33 : 7.28"
"24,34 : 30.0"
"24,35 : 46.17"
"24,36 : 61.03"
"24,37 : 36.69"
"24,38 : 57.22"
"24,39 : 72.73"
"24,40 : 36.89"
"24,41 : 25.5"
"24,42 : 26.57"
"24,43 : 37.8"
"24,44 : 65.97"
"24,45 : 69.05"
"24,46 : 58.31"
"24,47 : 36.01"
"24,48 : 53.76"
"24,49 : 32.76"
"25,0 : 66.85"
"25,1 : 15.03"
"25,2 : 12.04"
"25,3 : 40.72"
"25,4 : 14.04"
"25,5 : 38.08"
"25,6 : 12.81"
"25,7 : 60.88"
"25,8 : 53.54"
"25,9 : 61.27"
"25,10 : 31.06"
"25,11 : 57.01"
"25,12 : 26.0"
"25,13 : 98.98"
"25,14 : 40.2"
"25,15 : 92.91"
"25,16 : 54.59"
"25,17 : 60.75"
"25,18 : 57.8"
"25,19 : 41.18"
"25,20 : 47.38"
"25,21 : 69.78"
"25,22 : 46.4"
"25,23 : 36.14"
"25,24 : 38.01"
"25,25 : 0.0"
"25,26 : 94.92"
"25,27 : 20.25"
"25,28 : 70.21"
"25,29 : 45.71"
"25,30 : 15.3"
"25,31 : 24.0"
"25,32 : 35.06"
"25,33 : 31.24"
"25,34 : 32.02"
"25,35 : 76.48"
"25,36 : 60.08"
"25,37 : 60.41"
"25,38 : 31.06"
"25,39 : 58.9"
"25,40 : 2.0"
"25,41 : 59.2"
"25,42 : 14.32"
"25,43 : 11.31"
"25,44 : 98.01"
"25,45 : 38.33"
"25,46 : 23.0"
"25,47 : 23.54"
"25,48 : 59.54"
"25,49 : 51.92"
"26,0 : 55.54"
"26,1 : 102.0"
"26,2 : 91.24"
"26,3 : 72.14"
"26,4 : 101.53"
"26,5 : 66.84"
"26,6 : 89.01"
"26,7 : 34.99"
"26,8 : 61.19"
"26,9 : 68.96"
"26,10 : 87.02"
"26,11 : 91.21"
"26,12 : 79.51"
"26,13 : 16.28"
"26,14 : 56.94"
"26,15 : 22.47"
"26,16 : 41.59"
"26,17 : 76.16"
"26,18 : 55.54"
"26,19 : 97.58"
"26,20 : 49.93"
"26,21 : 26.17"
"26,22 : 80.16"
"26,23 : 59.09"
"26,24 : 67.03"
"26,25 : 94.92"
"26,26 : 0.0"
"26,27 : 74.67"
"26,28 : 28.28"
"26,29 : 81.88"
"26,30 : 87.86"
"26,31 : 72.9"
"26,32 : 113.6"
"26,33 : 69.58"
"26,34 : 97.02"
"26,35 : 21.1"
"26,36 : 61.06"
"26,37 : 34.54"
"26,38 : 93.09"
"26,39 : 83.53"
"26,40 : 93.05"
"26,41 : 42.11"
"26,42 : 80.65"
"26,43 : 100.17"
"26,44 : 14.32"
"26,45 : 105.55"
"26,46 : 105.15"
"26,47 : 76.16"
"26,48 : 50.8"
"26,49 : 43.38"
"27,0 : 51.62"
"27,1 : 29.73"
"27,2 : 19.42"
"27,3 : 30.0"
"27,4 : 29.0"
"27,5 : 24.08"
"27,6 : 17.49"
"27,7 : 40.79"
"27,8 : 39.29"
"27,9 : 49.52"
"27,10 : 29.41"
"27,11 : 53.14"
"27,12 : 19.24"
"27,13 : 79.08"
"27,14 : 21.21"
"27,15 : 73.41"
"27,16 : 34.67"
"27,17 : 51.22"
"27,18 : 42.15"
"27,19 : 43.01"
"27,20 : 28.02"
"27,21 : 49.65"
"27,22 : 39.36"
"27,23 : 16.12"
"27,24 : 24.19"
"27,25 : 20.25"
"27,26 : 74.67"
"27,27 : 0.0"
"27,28 : 50.36"
"27,29 : 39.56"
"27,30 : 17.89"
"27,31 : 8.6"
"27,32 : 46.96"
"27,33 : 17.03"
"27,34 : 36.12"
"27,35 : 56.44"
"27,36 : 46.04"
"27,37 : 40.16"
"27,38 : 33.06"
"27,39 : 51.97"
"27,40 : 18.38"
"27,41 : 40.31"
"27,42 : 6.08"
"27,43 : 27.02"
"27,44 : 78.03"
"27,45 : 44.91"
"27,46 : 35.51"
"27,47 : 12.65"
"27,48 : 42.72"
"27,49 : 31.78"
"28,0 : 52.2"
"28,1 : 75.39"
"28,2 : 64.85"
"28,3 : 43.86"
"28,4 : 75.03"
"28,5 : 38.83"
"28,6 : 62.63"
"28,7 : 10.2"
"28,8 : 51.22"
"28,9 : 42.38"
"28,10 : 69.38"
"28,11 : 80.99"
"28,12 : 60.02"
"28,13 : 39.81"
"28,14 : 30.36"
"28,15 : 39.81"
"28,16 : 24.7"
"28,17 : 49.4"
"28,18 : 47.38"
"28,19 : 69.3"
"28,20 : 23.09"
"28,21 : 18.03"
"28,22 : 52.01"
"28,23 : 34.23"
"28,24 : 50.33"
"28,25 : 70.21"
"28,26 : 28.28"
"28,27 : 50.36"
"28,28 : 0.0"
"28,29 : 68.88"
"28,30 : 66.03"
"28,31 : 46.84"
"28,32 : 85.7"
"28,33 : 50.22"
"28,34 : 79.08"
"28,35 : 22.02"
"28,36 : 34.18"
"28,37 : 13.89"
"28,38 : 65.0"
"28,39 : 56.36"
"28,40 : 68.25"
"28,41 : 31.83"
"28,42 : 56.44"
"28,43 : 77.16"
"28,44 : 38.01"
"28,45 : 77.34"
"28,46 : 77.83"
"28,47 : 49.4"
"28,48 : 23.26"
"28,49 : 19.03"
"29,0 : 31.62"
"29,1 : 60.67"
"29,2 : 54.0"
"29,3 : 68.45"
"29,4 : 59.68"
"29,5 : 61.29"
"29,6 : 53.04"
"29,7 : 59.17"
"29,8 : 21.0"
"29,9 : 85.98"
"29,10 : 15.23"
"29,11 : 13.89"
"29,12 : 21.1"
"29,13 : 78.1"
"29,14 : 52.01"
"29,15 : 69.35"
"29,16 : 44.28"
"29,17 : 89.07"
"29,18 : 27.02"
"29,19 : 81.88"
"29,20 : 55.15"
"29,21 : 57.01"
"29,22 : 78.55"
"29,23 : 45.0"
"29,24 : 19.8"
"29,25 : 45.71"
"29,26 : 81.88"
"29,27 : 39.56"
"29,28 : 68.88"
"29,29 : 0.0"
"29,30 : 30.41"
"29,31 : 47.76"
"29,32 : 80.62"
"29,33 : 24.19"
"29,34 : 21.26"
"29,35 : 60.83"
"29,36 : 80.6"
"29,37 : 55.01"
"29,38 : 71.57"
"29,39 : 90.87"
"29,40 : 45.4"
"29,41 : 40.02"
"29,42 : 39.32"
"29,43 : 40.31"
"29,44 : 78.03"
"29,45 : 82.02"
"29,46 : 68.47"
"29,47 : 52.2"
"29,48 : 73.55"
"29,49 : 52.2"
"30,0 : 53.15"
"30,1 : 30.27"
"30,2 : 24.52"
"30,3 : 46.69"
"30,4 : 29.27"
"30,5 : 41.62"
"30,6 : 24.04"
"30,7 : 56.0"
"30,8 : 39.7"
"30,9 : 66.84"
"30,10 : 16.03"
"30,11 : 42.05"
"30,12 : 11.4"
"30,13 : 89.69"
"30,14 : 38.6"
"30,15 : 82.73"
"30,16 : 46.32"
"30,17 : 67.88"
"30,18 : 44.55"
"30,19 : 53.76"
"30,20 : 44.91"
"30,21 : 61.85"
"30,22 : 54.82"
"30,23 : 32.56"
"30,24 : 24.84"
"30,25 : 15.3"
"30,26 : 87.86"
"30,27 : 17.89"
"30,28 : 66.03"
"30,29 : 30.41"
"30,30 : 0.0"
"30,31 : 25.81"
"30,32 : 50.25"
"30,33 : 19.24"
"30,34 : 19.42"
"30,35 : 68.01"
"30,36 : 63.81"
"30,37 : 54.23"
"30,38 : 43.32"
"30,39 : 67.62"
"30,40 : 15.03"
"30,41 : 48.75"
"30,42 : 13.45"
"30,43 : 13.04"
"30,44 : 88.96"
"30,45 : 52.47"
"30,46 : 38.12"
"30,47 : 28.28"
"30,48 : 60.54"
"30,49 : 47.01"
"31,0 : 56.75"
"31,1 : 29.15"
"31,2 : 18.36"
"31,3 : 21.4"
"31,4 : 28.65"
"31,5 : 15.81"
"31,6 : 16.12"
"31,7 : 38.08"
"31,8 : 45.28"
"31,9 : 41.11"
"31,10 : 38.01"
"31,11 : 61.47"
"31,12 : 27.78"
"31,13 : 79.03"
"31,14 : 16.49"
"31,15 : 74.25"
"31,16 : 35.38"
"31,17 : 42.64"
"31,18 : 47.3"
"31,19 : 36.22"
"31,20 : 23.77"
"31,21 : 49.2"
"31,22 : 30.87"
"31,23 : 14.21"
"31,24 : 31.06"
"31,25 : 24.0"
"31,26 : 72.9"
"31,27 : 8.6"
"31,28 : 46.84"
"31,29 : 47.76"
"31,30 : 25.81"
"31,31 : 0.0"
"31,32 : 43.6"
"31,33 : 24.33"
"31,34 : 44.55"
"31,35 : 56.22"
"31,36 : 38.08"
"31,37 : 38.59"
"31,38 : 26.93"
"31,39 : 43.42"
"31,40 : 22.0"
"31,41 : 42.72"
"31,42 : 12.53"
"31,43 : 32.98"
"31,44 : 77.8"
"31,45 : 39.56"
"31,46 : 33.24"
"31,47 : 5.1"
"31,48 : 35.9"
"31,49 : 29.53"
"32,0 : 98.49"
"32,1 : 20.02"
"32,2 : 27.86"
"32,3 : 42.95"
"32,4 : 21.02"
"32,5 : 46.87"
"32,6 : 29.55"
"32,7 : 78.87"
"32,8 : 85.8"
"32,9 : 57.56"
"32,10 : 66.12"
"32,11 : 92.05"
"32,12 : 60.21"
"32,13 : 121.66"
"32,14 : 57.31"
"32,15 : 117.52"
"32,16 : 78.87"
"32,17 : 53.04"
"32,18 : 89.05"
"32,19 : 22.02"
"32,20 : 63.89"
"32,21 : 91.92"
"32,22 : 39.62"
"32,23 : 57.49"
"32,24 : 70.23"
"32,25 : 35.06"
"32,26 : 113.6"
"32,27 : 46.96"
"32,28 : 85.7"
"32,29 : 80.62"
"32,30 : 50.25"
"32,31 : 43.6"
"32,32 : 0.0"
"32,33 : 62.97"
"32,34 : 66.27"
"32,35 : 98.99"
"32,36 : 61.13"
"32,37 : 80.66"
"32,38 : 21.02"
"32,39 : 47.1"
"32,40 : 35.23"
"32,41 : 86.27"
"32,42 : 43.66"
"32,43 : 43.42"
"32,44 : 120.28"
"32,45 : 12.17"
"32,46 : 12.17"
"32,47 : 39.05"
"32,48 : 66.71"
"32,49 : 71.45"
"33,0 : 35.85"
"33,1 : 44.29"
"33,2 : 35.11"
"33,3 : 44.38"
"33,4 : 43.42"
"33,5 : 37.12"
"33,6 : 33.53"
"33,7 : 40.02"
"33,8 : 22.85"
"33,9 : 61.85"
"33,10 : 19.31"
"33,11 : 38.08"
"33,12 : 10.0"
"33,13 : 70.58"
"33,14 : 28.28"
"33,15 : 63.51"
"33,16 : 28.07"
"33,17 : 64.88"
"33,18 : 26.63"
"33,19 : 60.0"
"33,20 : 32.45"
"33,21 : 43.42"
"33,22 : 54.71"
"33,23 : 21.21"
"33,24 : 7.28"
"33,25 : 31.24"
"33,26 : 69.58"
"33,27 : 17.03"
"33,28 : 50.22"
"33,29 : 24.19"
"33,30 : 19.24"
"33,31 : 24.33"
"33,32 : 62.97"
"33,33 : 0.0"
"33,34 : 28.86"
"33,35 : 49.24"
"33,36 : 56.73"
"33,37 : 37.22"
"33,38 : 50.09"
"33,39 : 66.85"
"33,40 : 30.0"
"33,41 : 29.55"
"33,42 : 19.31"
"33,43 : 32.25"
"33,44 : 69.89"
"33,45 : 61.81"
"33,46 : 51.08"
"33,47 : 29.15"
"33,48 : 50.45"
"33,49 : 31.62"
"34,0 : 51.88"
"34,1 : 46.53"
"34,2 : 43.08"
"34,3 : 65.8"
"34,4 : 45.54"
"34,5 : 60.21"
"34,6 : 42.95"
"34,7 : 68.88"
"34,8 : 39.56"
"34,9 : 85.63"
"34,10 : 10.0"
"34,11 : 27.51"
"34,12 : 19.31"
"34,13 : 95.71"
"34,14 : 55.07"
"34,15 : 87.56"
"34,16 : 56.22"
"34,17 : 87.05"
"34,18 : 45.54"
"34,19 : 72.62"
"34,20 : 60.42"
"34,21 : 71.01"
"34,22 : 74.2"
"34,23 : 48.3"
"34,24 : 30.0"
"34,25 : 32.02"
"34,26 : 97.02"
"34,27 : 36.12"
"34,28 : 79.08"
"34,29 : 21.26"
"34,30 : 19.42"
"34,31 : 44.55"
"34,32 : 66.27"
"34,33 : 28.86"
"34,34 : 0.0"
"34,35 : 76.11"
"34,36 : 82.01"
"34,37 : 65.92"
"34,38 : 62.24"
"34,39 : 87.01"
"34,40 : 32.57"
"34,41 : 55.23"
"34,42 : 32.65"
"34,43 : 23.0"
"34,44 : 95.35"
"34,45 : 70.34"
"34,46 : 54.59"
"34,47 : 47.51"
"34,48 : 77.52"
"34,49 : 60.44"
"35,0 : 36.06"
"35,1 : 85.21"
"35,2 : 74.4"
"35,3 : 60.54"
"35,4 : 84.63"
"35,5 : 53.82"
"35,6 : 72.2"
"35,7 : 21.93"
"35,8 : 40.26"
"35,9 : 63.35"
"35,10 : 66.12"
"35,11 : 70.52"
"35,12 : 59.03"
"35,13 : 22.8"
"35,14 : 41.77"
"35,15 : 19.24"
"35,16 : 21.93"
"35,17 : 70.09"
"35,18 : 34.79"
"35,19 : 85.7"
"35,20 : 35.81"
"35,21 : 7.07"
"35,22 : 70.21"
"35,23 : 42.01"
"35,24 : 46.17"
"35,25 : 76.48"
"35,26 : 21.1"
"35,27 : 56.44"
"35,28 : 22.02"
"35,29 : 60.83"
"35,30 : 68.01"
"35,31 : 56.22"
"35,32 : 98.99"
"35,33 : 49.24"
"35,34 : 76.11"
"35,35 : 0.0"
"35,36 : 55.11"
"35,37 : 18.6"
"35,38 : 79.51"
"35,39 : 76.54"
"35,40 : 74.71"
"35,41 : 21.02"
"35,42 : 62.18"
"35,43 : 80.65"
"35,44 : 21.63"
"35,45 : 92.46"
"35,46 : 89.38"
"35,47 : 60.21"
"35,48 : 43.93"
"35,49 : 27.66"
"36,0 : 76.4"
"36,1 : 58.14"
"36,2 : 50.01"
"36,3 : 20.1"
"36,4 : 58.22"
"36,5 : 22.36"
"36,6 : 48.27"
"36,7 : 34.06"
"36,8 : 69.86"
"36,9 : 8.25"
"36,10 : 74.33"
"36,11 : 94.4"
"36,12 : 63.7"
"36,13 : 73.93"
"36,14 : 28.6"
"36,15 : 73.76"
"36,16 : 45.89"
"36,17 : 15.23"
"36,18 : 68.62"
"36,19 : 40.72"
"36,20 : 26.93"
"36,21 : 49.37"
"36,22 : 21.93"
"36,23 : 35.61"
"36,24 : 61.03"
"36,25 : 60.08"
"36,26 : 61.06"
"36,27 : 46.04"
"36,28 : 34.18"
"36,29 : 80.6"
"36,30 : 63.81"
"36,31 : 38.08"
"36,32 : 61.13"
"36,33 : 56.73"
"36,34 : 82.01"
"36,35 : 55.11"
"36,36 : 0.0"
"36,37 : 39.0"
"36,38 : 40.61"
"36,39 : 22.47"
"36,40 : 58.19"
"36,41 : 55.9"
"36,42 : 50.61"
"36,43 : 70.38"
"36,44 : 72.09"
"36,45 : 50.33"
"36,46 : 57.14"
"36,47 : 36.77"
"36,48 : 11.18"
"36,49 : 33.73"
"37,0 : 39.82"
"37,1 : 67.74"
"37,2 : 56.94"
"37,3 : 42.06"
"37,4 : 67.23"
"37,5 : 35.23"
"37,6 : 54.71"
"37,7 : 5.39"
"37,8 : 37.54"
"37,9 : 47.04"
"37,10 : 56.09"
"37,11 : 67.12"
"37,12 : 47.17"
"37,13 : 41.01"
"37,14 : 23.35"
"37,15 : 37.74"
"37,16 : 10.82"
"37,17 : 53.34"
"37,18 : 34.06"
"37,19 : 67.12"
"37,20 : 17.2"
"37,21 : 11.66"
"37,22 : 52.0"
"37,23 : 24.6"
"37,24 : 36.69"
"37,25 : 60.41"
"37,26 : 34.54"
"37,27 : 40.16"
"37,28 : 13.89"
"37,29 : 55.01"
"37,30 : 54.23"
"37,31 : 38.59"
"37,32 : 80.66"
"37,33 : 37.22"
"37,34 : 65.92"
"37,35 : 18.6"
"37,36 : 39.0"
"37,37 : 0.0"
"37,38 : 60.96"
"37,39 : 59.23"
"37,40 : 58.52"
"37,41 : 18.87"
"37,42 : 46.17"
"37,43 : 66.1"
"37,44 : 39.62"
"37,45 : 73.88"
"37,46 : 71.4"
"37,47 : 42.2"
"37,48 : 28.07"
"37,49 : 9.22"
"38,0 : 83.68"
"38,1 : 21.1"
"38,2 : 19.24"
"38,3 : 21.93"
"38,4 : 21.63"
"38,5 : 26.25"
"38,6 : 19.31"
"38,7 : 58.69"
"38,8 : 72.01"
"38,9 : 38.01"
"38,10 : 58.94"
"38,11 : 84.53"
"38,12 : 50.49"
"38,13 : 101.91"
"38,14 : 37.8"
"38,15 : 98.41"
"38,16 : 60.54"
"38,17 : 34.71"
"38,18 : 74.22"
"38,19 : 10.44"
"38,20 : 43.86"
"38,21 : 72.47"
"38,22 : 20.1"
"38,23 : 39.36"
"38,24 : 57.22"
"38,25 : 31.06"
"38,26 : 93.09"
"38,27 : 33.06"
"38,28 : 65.0"
"38,29 : 71.57"
"38,30 : 43.32"
"38,31 : 26.93"
"38,32 : 21.02"
"38,33 : 50.09"
"38,34 : 62.24"
"38,35 : 79.51"
"38,36 : 40.61"
"38,37 : 60.96"
"38,38 : 0.0"
"38,39 : 30.46"
"38,40 : 30.02"
"38,41 : 68.88"
"38,42 : 32.25"
"38,43 : 42.2"
"38,44 : 100.45"
"38,45 : 13.04"
"38,46 : 17.26"
"38,47 : 21.84"
"38,48 : 45.69"
"38,49 : 51.86"
"39,0 : 93.26"
"39,1 : 51.43"
"39,2 : 47.01"
"39,3 : 22.47"
"39,4 : 51.88"
"39,5 : 30.08"
"39,6 : 46.1"
"39,7 : 54.82"
"39,8 : 84.53"
"39,9 : 14.87"
"39,10 : 81.3"
"39,11 : 104.69"
"39,12 : 71.2"
"39,13 : 96.18"
"39,14 : 42.3"
"39,15 : 95.52"
"39,16 : 64.07"
"39,17 : 7.81"
"39,18 : 84.59"
"39,19 : 25.08"
"39,20 : 44.05"
"39,21 : 70.34"
"39,22 : 12.81"
"39,23 : 48.05"
"39,24 : 72.73"
"39,25 : 58.9"
"39,26 : 83.53"
"39,27 : 51.97"
"39,28 : 56.36"
"39,29 : 90.87"
"39,30 : 67.62"
"39,31 : 43.42"
"39,32 : 47.1"
"39,33 : 66.85"
"39,34 : 87.01"
"39,35 : 76.54"
"39,36 : 22.47"
"39,37 : 59.23"
"39,38 : 30.46"
"39,39 : 0.0"
"39,40 : 57.38"
"39,41 : 74.03"
"39,42 : 54.41"
"39,43 : 70.18"
"39,44 : 94.37"
"39,45 : 35.01"
"39,46 : 47.43"
"39,47 : 39.66"
"39,48 : 33.11"
"39,49 : 52.24"
"40,0 : 65.73"
"40,1 : 15.3"
"40,2 : 10.82"
"40,3 : 38.91"
"40,4 : 14.32"
"40,5 : 36.14"
"40,6 : 11.31"
"40,7 : 58.94"
"40,8 : 52.48"
"40,9 : 59.48"
"40,10 : 31.0"
"40,11 : 57.01"
"40,12 : 25.3"
"40,13 : 97.25"
"40,14 : 38.21"
"40,15 : 91.26"
"40,16 : 52.84"
"40,17 : 59.08"
"40,18 : 56.61"
"40,19 : 40.25"
"40,20 : 45.4"
"40,21 : 67.98"
"40,22 : 44.82"
"40,23 : 34.21"
"40,24 : 36.89"
"40,25 : 2.0"
"40,26 : 93.05"
"40,27 : 18.38"
"40,28 : 68.25"
"40,29 : 45.4"
"40,30 : 15.03"
"40,31 : 22.0"
"40,32 : 35.23"
"40,33 : 30.0"
"40,34 : 32.57"
"40,35 : 74.71"
"40,36 : 58.19"
"40,37 : 58.52"
"40,38 : 30.02"
"40,39 : 57.38"
"40,40 : 0.0"
"40,41 : 57.63"
"40,42 : 12.53"
"40,43 : 12.81"
"40,44 : 96.25"
"40,45 : 37.85"
"40,46 : 23.09"
"40,47 : 21.59"
"40,48 : 57.56"
"40,49 : 50.0"
"41,0 : 21.02"
"41,1 : 70.04"
"41,2 : 59.55"
"41,3 : 53.94"
"41,4 : 69.31"
"41,5 : 46.1"
"41,6 : 57.49"
"41,7 : 24.19"
"41,8 : 20.12"
"41,9 : 63.51"
"41,10 : 45.28"
"41,11 : 50.57"
"41,12 : 38.9"
"41,13 : 41.11"
"41,14 : 32.76"
"41,15 : 34.0"
"41,16 : 10.05"
"41,17 : 69.12"
"41,18 : 15.62"
"41,19 : 76.9"
"41,20 : 30.0"
"41,21 : 17.09"
"41,22 : 64.78"
"41,23 : 29.55"
"41,24 : 25.5"
"41,25 : 59.2"
"41,26 : 42.11"
"41,27 : 40.31"
"41,28 : 31.83"
"41,29 : 40.02"
"41,30 : 48.75"
"41,31 : 42.72"
"41,32 : 86.27"
"41,33 : 29.55"
"41,34 : 55.23"
"41,35 : 21.02"
"41,36 : 55.9"
"41,37 : 18.87"
"41,38 : 68.88"
"41,39 : 74.03"
"41,40 : 57.63"
"41,41 : 0.0"
"41,42 : 45.34"
"41,43 : 61.72"
"41,44 : 40.52"
"41,45 : 81.84"
"41,46 : 75.43"
"41,47 : 47.51"
"41,48 : 45.61"
"41,49 : 22.2"
"42,0 : 55.01"
"42,1 : 25.24"
"42,2 : 15.81"
"42,3 : 33.24"
"42,4 : 24.41"
"42,5 : 28.3"
"42,6 : 14.32"
"42,7 : 46.87"
"42,8 : 42.15"
"42,9 : 53.41"
"42,10 : 27.31"
"42,11 : 52.39"
"42,12 : 18.25"
"42,13 : 84.72"
"42,14 : 27.07"
"42,15 : 78.82"
"42,16 : 40.31"
"42,17 : 54.45"
"42,18 : 45.65"
"42,19 : 42.58"
"42,20 : 34.0"
"42,21 : 55.46"
"42,22 : 41.62"
"42,23 : 22.2"
"42,24 : 26.57"
"42,25 : 14.32"
"42,26 : 80.65"
"42,27 : 6.08"
"42,28 : 56.44"
"42,29 : 39.32"
"42,30 : 13.45"
"42,31 : 12.53"
"42,32 : 43.66"
"42,33 : 19.31"
"42,34 : 32.65"
"42,35 : 62.18"
"42,36 : 50.61"
"42,37 : 46.17"
"42,38 : 32.25"
"42,39 : 54.41"
"42,40 : 12.53"
"42,41 : 45.34"
"42,42 : 0.0"
"42,43 : 21.1"
"42,44 : 83.73"
"42,45 : 43.1"
"42,46 : 31.78"
"42,47 : 14.87"
"42,48 : 48.08"
"42,49 : 37.85"
"43,0 : 65.76"
"43,1 : 24.04"
"43,2 : 23.35"
"43,3 : 51.48"
"43,4 : 23.09"
"43,5 : 48.1"
"43,6 : 24.08"
"43,7 : 67.36"
"43,8 : 52.33"
"43,9 : 72.07"
"43,10 : 25.08"
"43,11 : 49.82"
"43,12 : 24.08"
"43,13 : 102.55"
"43,14 : 48.17"
"43,15 : 95.71"
"43,16 : 58.82"
"43,17 : 71.85"
"43,18 : 57.38"
"43,19 : 52.15"
"43,20 : 55.04"
"43,21 : 74.33"
"43,22 : 57.63"
"43,23 : 43.01"
"43,24 : 37.8"
"43,25 : 11.31"
"43,26 : 100.17"
"43,27 : 27.02"
"43,28 : 77.16"
"43,29 : 40.31"
"43,30 : 13.04"
"43,31 : 32.98"
"43,32 : 43.42"
"43,33 : 32.25"
"43,34 : 23.0"
"43,35 : 80.65"
"43,36 : 70.38"
"43,37 : 66.1"
"43,38 : 42.2"
"43,39 : 70.18"
"43,40 : 12.81"
"43,41 : 61.72"
"43,42 : 21.1"
"43,43 : 0.0"
"43,44 : 101.77"
"43,45 : 48.47"
"43,46 : 32.02"
"43,47 : 33.62"
"43,48 : 68.88"
"43,49 : 58.31"
"44,0 : 48.66"
"44,1 : 106.83"
"44,2 : 96.02"
"44,3 : 80.6"
"44,4 : 106.25"
"44,5 : 74.41"
"44,6 : 93.81"
"44,7 : 41.87"
"44,8 : 57.04"
"44,9 : 80.23"
"44,10 : 85.51"
"44,11 : 85.59"
"44,12 : 79.4"
"44,13 : 2.0"
"44,14 : 62.97"
"44,15 : 10.3"
"44,16 : 43.42"
"44,17 : 87.32"
"44,18 : 51.01"
"44,19 : 106.04"
"44,20 : 56.59"
"44,21 : 28.6"
"44,22 : 89.59"
"44,23 : 63.6"
"44,24 : 65.97"
"44,25 : 98.01"
"44,26 : 14.32"
"44,27 : 78.03"
"44,28 : 38.01"
"44,29 : 78.03"
"44,30 : 88.96"
"44,31 : 77.8"
"44,32 : 120.28"
"44,33 : 69.89"
"44,34 : 95.35"
"44,35 : 21.63"
"44,36 : 72.09"
"44,37 : 39.62"
"44,38 : 100.45"
"44,39 : 94.37"
"44,40 : 96.25"
"44,41 : 40.52"
"44,42 : 83.73"
"44,43 : 101.77"
"44,44 : 0.0"
"44,45 : 113.28"
"44,46 : 110.89"
"44,47 : 81.69"
"44,48 : 61.27"
"44,49 : 48.84"
"45,0 : 96.17"
"45,1 : 24.6"
"45,2 : 28.07"
"45,3 : 33.6"
"45,4 : 25.5"
"45,5 : 38.9"
"45,6 : 29.0"
"45,7 : 71.45"
"45,8 : 84.17"
"45,9 : 46.1"
"45,10 : 68.47"
"45,11 : 94.43"
"45,12 : 61.0"
"45,13 : 114.77"
"45,14 : 50.8"
"45,15 : 111.4"
"45,16 : 73.57"
"45,17 : 41.19"
"45,18 : 86.68"
"45,19 : 10.05"
"45,20 : 56.73"
"45,21 : 85.43"
"45,22 : 28.46"
"45,23 : 52.35"
"45,24 : 69.05"
"45,25 : 38.33"
"45,26 : 105.55"
"45,27 : 44.91"
"45,28 : 77.34"
"45,29 : 82.02"
"45,30 : 52.47"
"45,31 : 39.56"
"45,32 : 12.17"
"45,33 : 61.81"
"45,34 : 70.34"
"45,35 : 92.46"
"45,36 : 50.33"
"45,37 : 73.88"
"45,38 : 13.04"
"45,39 : 35.01"
"45,40 : 37.85"
"45,41 : 81.84"
"45,42 : 43.1"
"45,43 : 48.47"
"45,44 : 113.28"
"45,45 : 0.0"
"45,46 : 17.2"
"45,47 : 34.54"
"45,48 : 56.94"
"45,49 : 64.82"
"46,0 : 86.76"
"46,1 : 8.06"
"46,2 : 16.12"
"46,3 : 37.48"
"46,4 : 9.06"
"46,5 : 39.56"
"46,6 : 18.03"
"46,7 : 70.18"
"46,8 : 73.93"
"46,9 : 55.15"
"46,10 : 54.04"
"46,11 : 80.01"
"46,12 : 48.05"
"46,13 : 112.16"
"46,14 : 48.26"
"46,15 : 107.49"
"46,16 : 68.59"
"46,17 : 51.97"
"46,18 : 77.37"
"46,19 : 23.85"
"46,20 : 55.23"
"46,21 : 82.33"
"46,22 : 37.34"
"46,23 : 47.42"
"46,24 : 58.31"
"46,25 : 23.0"
"46,26 : 105.15"
"46,27 : 35.51"
"46,28 : 77.83"
"46,29 : 68.47"
"46,30 : 38.12"
"46,31 : 33.24"
"46,32 : 12.17"
"46,33 : 51.08"
"46,34 : 54.59"
"46,35 : 89.38"
"46,36 : 57.14"
"46,37 : 71.4"
"46,38 : 17.26"
"46,39 : 47.43"
"46,40 : 23.09"
"46,41 : 75.43"
"46,42 : 31.78"
"46,43 : 32.02"
"46,44 : 110.89"
"46,45 : 17.2"
"46,46 : 0.0"
"46,47 : 29.21"
"46,48 : 60.88"
"46,49 : 62.2"
"47,0 : 61.85"
"47,1 : 26.0"
"47,2 : 15.52"
"47,3 : 18.44"
"47,4 : 25.63"
"47,5 : 14.56"
"47,6 : 13.34"
"47,7 : 41.18"
"47,8 : 50.36"
"47,9 : 38.83"
"47,10 : 41.68"
"47,11 : 65.79"
"47,12 : 31.78"
"47,13 : 82.98"
"47,14 : 19.24"
"47,15 : 78.52"
"47,16 : 39.82"
"47,17 : 39.6"
"47,18 : 52.39"
"47,19 : 31.14"
"47,20 : 26.4"
"47,21 : 53.15"
"47,22 : 26.93"
"47,23 : 18.44"
"47,24 : 36.01"
"47,25 : 23.54"
"47,26 : 76.16"
"47,27 : 12.65"
"47,28 : 49.4"
"47,29 : 52.2"
"47,30 : 28.28"
"47,31 : 5.1"
"47,32 : 39.05"
"47,33 : 29.15"
"47,34 : 47.51"
"47,35 : 60.21"
"47,36 : 36.77"
"47,37 : 42.2"
"47,38 : 21.84"
"47,39 : 39.66"
"47,40 : 21.59"
"47,41 : 47.51"
"47,42 : 14.87"
"47,43 : 33.62"
"47,44 : 81.69"
"47,45 : 34.54"
"47,46 : 29.21"
"47,47 : 0.0"
"47,48 : 36.12"
"47,49 : 33.02"
"48,0 : 66.41"
"48,1 : 60.41"
"48,2 : 51.01"
"48,3 : 23.77"
"48,4 : 60.3"
"48,5 : 22.02"
"48,6 : 49.0"
"48,7 : 23.0"
"48,8 : 60.9"
"48,9 : 19.42"
"48,10 : 69.07"
"48,11 : 87.11"
"48,12 : 58.52"
"48,13 : 63.07"
"48,14 : 22.47"
"48,15 : 62.64"
"48,16 : 35.74"
"48,17 : 26.25"
"48,18 : 59.09"
"48,19 : 48.01"
"48,20 : 18.44"
"48,21 : 38.21"
"48,22 : 29.73"
"48,23 : 29.41"
"48,24 : 53.76"
"48,25 : 59.54"
"48,26 : 50.8"
"48,27 : 42.72"
"48,28 : 23.26"
"48,29 : 73.55"
"48,30 : 60.54"
"48,31 : 35.9"
"48,32 : 66.71"
"48,33 : 50.45"
"48,34 : 77.52"
"48,35 : 43.93"
"48,36 : 11.18"
"48,37 : 28.07"
"48,38 : 45.69"
"48,39 : 33.11"
"48,40 : 57.56"
"48,41 : 45.61"
"48,42 : 48.08"
"48,43 : 68.88"
"48,44 : 61.27"
"48,45 : 56.94"
"48,46 : 60.88"
"48,47 : 36.12"
"48,48 : 0.0"
"48,49 : 23.77"
"49,0 : 42.72"
"49,1 : 58.67"
"49,2 : 47.89"
"49,3 : 33.62"
"49,4 : 58.18"
"49,5 : 26.42"
"49,6 : 45.65"
"49,7 : 9.06"
"49,8 : 37.44"
"49,9 : 41.3"
"49,10 : 50.92"
"49,11 : 65.19"
"49,12 : 41.23"
"49,13 : 50.21"
"49,14 : 14.14"
"49,15 : 46.62"
"49,16 : 12.17"
"49,17 : 47.01"
"49,18 : 35.34"
"49,19 : 58.31"
"49,20 : 8.54"
"49,21 : 20.62"
"49,22 : 43.97"
"49,23 : 15.81"
"49,24 : 32.76"
"49,25 : 51.92"
"49,26 : 43.38"
"49,27 : 31.78"
"49,28 : 19.03"
"49,29 : 52.2"
"49,30 : 47.01"
"49,31 : 29.53"
"49,32 : 71.45"
"49,33 : 31.62"
"49,34 : 60.44"
"49,35 : 27.66"
"49,36 : 33.73"
"49,37 : 9.22"
"49,38 : 51.86"
"49,39 : 52.24"
"49,40 : 50.0"
"49,41 : 22.2"
"49,42 : 37.85"
"49,43 : 58.31"
"49,44 : 48.84"
"49,45 : 64.82"
"49,46 : 62.2"
"49,47 : 33.02"
"49,48 : 23.77"
"49,49 : 0.0"
