x,y
6,89
89,7
75,48
84,34
9,89
84,0
54,30
38,75
99,93
86,66
56,59
23,36
98,70
53,63
57,92
38,32
67,41
63,30
73,62
5,28
55,82
39,15
91,51
49,81
61,6
12,92
90,22
32,12
84,38
66,13
67,43
21,56
16,1
20,76
81,10
48,52
25,76
22,34
91,98
11,45
63,48
23,52
37,48
92,23
0,82
43,4
71,83
60,68
75,27
4,98

Distanze
"0,0 : 0.0"
"0,1 : 116.67"
"0,2 : 80.26"
"0,3 : 95.44"
"0,4 : 3.0"
"0,5 : 118.34"
"0,6 : 76.06"
"0,7 : 34.93"
"0,8 : 93.09"
"0,9 : 83.24"
"0,10 : 58.31"
"0,11 : 55.66"
"0,12 : 93.94"
"0,13 : 53.71"
"0,14 : 51.09"
"0,15 : 65.37"
"0,16 : 77.62"
"0,17 : 82.04"
"0,18 : 72.24"
"0,19 : 61.01"
"0,20 : 49.5"
"0,21 : 81.02"
"0,22 : 93.11"
"0,23 : 43.74"
"0,24 : 99.57"
"0,25 : 6.71"
"0,26 : 107.45"
"0,27 : 81.27"
"0,28 : 93.19"
"0,29 : 96.83"
"0,30 : 76.4"
"0,31 : 36.25"
"0,32 : 88.57"
"0,33 : 19.1"
"0,34 : 108.93"
"0,35 : 55.97"
"0,36 : 23.02"
"0,37 : 57.28"
"0,38 : 85.48"
"0,39 : 44.28"
"0,40 : 70.21"
"0,41 : 40.72"
"0,42 : 51.4"
"0,43 : 108.41"
"0,44 : 9.22"
"0,45 : 92.7"
"0,46 : 65.28"
"0,47 : 57.94"
"0,48 : 92.76"
"0,49 : 9.22"
"1,0 : 116.67"
"1,1 : 0.0"
"1,2 : 43.32"
"1,3 : 27.46"
"1,4 : 114.56"
"1,5 : 8.6"
"1,6 : 41.88"
"1,7 : 85.0"
"1,8 : 86.58"
"1,9 : 59.08"
"1,10 : 61.59"
"1,11 : 72.09"
"1,12 : 63.64"
"1,13 : 66.57"
"1,14 : 90.82"
"1,15 : 56.8"
"1,16 : 40.5"
"1,17 : 34.71"
"1,18 : 57.28"
"1,19 : 86.59"
"1,20 : 82.35"
"1,21 : 50.64"
"1,22 : 44.05"
"1,23 : 84.12"
"1,24 : 28.02"
"1,25 : 114.69"
"1,26 : 15.03"
"1,27 : 57.22"
"1,28 : 31.4"
"1,29 : 23.77"
"1,30 : 42.19"
"1,31 : 83.82"
"1,32 : 73.25"
"1,33 : 97.58"
"1,34 : 8.54"
"1,35 : 60.88"
"1,36 : 94.11"
"1,37 : 72.24"
"1,38 : 91.02"
"1,39 : 86.76"
"1,40 : 48.55"
"1,41 : 79.88"
"1,42 : 66.22"
"1,43 : 16.28"
"1,44 : 116.39"
"1,45 : 46.1"
"1,46 : 78.1"
"1,47 : 67.54"
"1,48 : 24.41"
"1,49 : 124.52"
"2,0 : 80.26"
"2,1 : 43.32"
"2,2 : 0.0"
"2,3 : 16.64"
"2,4 : 77.7"
"2,5 : 48.84"
"2,6 : 27.66"
"2,7 : 45.8"
"2,8 : 51.0"
"2,9 : 21.1"
"2,10 : 21.95"
"2,11 : 53.37"
"2,12 : 31.83"
"2,13 : 26.63"
"2,14 : 47.54"
"2,15 : 40.31"
"2,16 : 10.63"
"2,17 : 21.63"
"2,18 : 14.14"
"2,19 : 72.8"
"2,20 : 39.45"
"2,21 : 48.84"
"2,22 : 16.28"
"2,23 : 42.01"
"2,24 : 44.27"
"2,25 : 76.84"
"2,26 : 30.02"
"2,27 : 56.08"
"2,28 : 13.45"
"2,29 : 36.14"
"2,30 : 9.43"
"2,31 : 54.59"
"2,32 : 75.43"
"2,33 : 61.72"
"2,34 : 38.47"
"2,35 : 27.29"
"2,36 : 57.31"
"2,37 : 54.82"
"2,38 : 52.5"
"2,39 : 64.07"
"2,40 : 12.0"
"2,41 : 52.15"
"2,42 : 38.0"
"2,43 : 30.23"
"2,44 : 82.35"
"2,45 : 54.41"
"2,46 : 35.23"
"2,47 : 25.0"
"2,48 : 21.0"
"2,49 : 86.84"
"3,0 : 95.44"
"3,1 : 27.46"
"3,2 : 16.64"
"3,3 : 0.0"
"3,4 : 93.01"
"3,5 : 34.0"
"3,6 : 30.27"
"3,7 : 61.62"
"3,8 : 60.88"
"3,9 : 32.06"
"3,10 : 37.54"
"3,11 : 61.03"
"3,12 : 38.63"
"3,13 : 42.45"
"3,14 : 63.98"
"3,15 : 46.04"
"3,16 : 18.38"
"3,17 : 21.38"
"3,18 : 30.08"
"3,19 : 79.23"
"3,20 : 56.08"
"3,21 : 48.85"
"3,22 : 18.38"
"3,23 : 58.6"
"3,24 : 36.24"
"3,25 : 92.46"
"3,26 : 13.42"
"3,27 : 56.46"
"3,28 : 4.0"
"3,29 : 27.66"
"3,30 : 19.24"
"3,31 : 66.73"
"3,32 : 75.58"
"3,33 : 76.55"
"3,34 : 24.19"
"3,35 : 40.25"
"3,36 : 72.42"
"3,37 : 62.0"
"3,38 : 64.38"
"3,39 : 73.82"
"3,40 : 25.24"
"3,41 : 63.6"
"3,42 : 49.04"
"3,43 : 13.6"
"3,44 : 96.75"
"3,45 : 50.8"
"3,46 : 50.7"
"3,47 : 41.62"
"3,48 : 11.4"
"3,49 : 102.45"
"4,0 : 3.0"
"4,1 : 114.56"
"4,2 : 77.7"
"4,3 : 93.01"
"4,4 : 0.0"
"4,5 : 116.39"
"4,6 : 74.2"
"4,7 : 32.2"
"4,8 : 90.09"
"4,9 : 80.36"
"4,10 : 55.76"
"4,11 : 54.82"
"4,12 : 91.01"
"4,13 : 51.11"
"4,14 : 48.09"
"4,15 : 63.95"
"4,16 : 75.29"
"4,17 : 79.98"
"4,18 : 69.46"
"4,19 : 61.13"
"4,20 : 46.53"
"4,21 : 79.85"
"4,22 : 90.38"
"4,23 : 40.79"
"4,24 : 97.94"
"4,25 : 4.24"
"4,26 : 105.12"
"4,27 : 80.36"
"4,28 : 90.7"
"4,29 : 95.0"
"4,30 : 74.03"
"4,31 : 35.11"
"4,32 : 88.28"
"4,33 : 17.03"
"4,34 : 106.89"
"4,35 : 53.76"
"4,36 : 20.62"
"4,37 : 56.52"
"4,38 : 82.49"
"4,39 : 44.05"
"4,40 : 67.8"
"4,41 : 39.56"
"4,42 : 49.65"
"4,43 : 106.04"
"4,44 : 11.4"
"4,45 : 91.55"
"4,46 : 62.29"
"4,47 : 55.15"
"4,48 : 90.55"
"4,49 : 10.3"
"5,0 : 118.34"
"5,1 : 8.6"
"5,2 : 48.84"
"5,3 : 34.0"
"5,4 : 116.39"
"5,5 : 0.0"
"5,6 : 42.43"
"5,7 : 87.98"
"5,8 : 94.2"
"5,9 : 66.03"
"5,10 : 65.31"
"5,11 : 70.83"
"5,12 : 71.39"
"5,13 : 70.21"
"5,14 : 95.88"
"5,15 : 56.04"
"5,16 : 44.38"
"5,17 : 36.62"
"5,18 : 62.97"
"5,19 : 83.82"
"5,20 : 86.98"
"5,21 : 47.43"
"5,22 : 51.48"
"5,23 : 88.24"
"5,24 : 23.77"
"5,25 : 116.82"
"5,26 : 22.8"
"5,27 : 53.37"
"5,28 : 38.0"
"5,29 : 22.2"
"5,30 : 46.24"
"5,31 : 84.29"
"5,32 : 68.01"
"5,33 : 99.36"
"5,34 : 10.44"
"5,35 : 63.25"
"5,36 : 96.21"
"5,37 : 70.71"
"5,38 : 98.25"
"5,39 : 85.76"
"5,40 : 52.39"
"5,41 : 80.16"
"5,42 : 67.18"
"5,43 : 24.35"
"5,44 : 117.39"
"5,45 : 41.19"
"5,46 : 84.01"
"5,47 : 72.11"
"5,48 : 28.46"
"5,49 : 126.51"
"6,0 : 76.06"
"6,1 : 41.88"
"6,2 : 27.66"
"6,3 : 30.27"
"6,4 : 74.2"
"6,5 : 42.43"
"6,6 : 0.0"
"6,7 : 47.76"
"6,8 : 77.42"
"6,9 : 48.17"
"6,10 : 29.07"
"6,11 : 31.58"
"6,12 : 59.46"
"6,13 : 33.02"
"6,14 : 62.07"
"6,15 : 16.12"
"6,16 : 17.03"
"6,17 : 9.0"
"6,18 : 37.22"
"6,19 : 49.04"
"6,20 : 52.01"
"6,21 : 21.21"
"6,22 : 42.54"
"6,23 : 51.24"
"6,24 : 25.0"
"6,25 : 74.89"
"6,26 : 36.88"
"6,27 : 28.43"
"6,28 : 31.05"
"6,29 : 20.81"
"6,30 : 18.38"
"6,31 : 42.01"
"6,32 : 47.8"
"6,33 : 57.2"
"6,34 : 33.6"
"6,35 : 22.8"
"6,36 : 54.38"
"6,37 : 32.25"
"6,38 : 77.41"
"6,39 : 45.54"
"6,40 : 20.12"
"6,41 : 38.01"
"6,42 : 24.76"
"6,43 : 38.64"
"6,44 : 74.97"
"6,45 : 28.23"
"6,46 : 55.66"
"6,47 : 38.47"
"6,48 : 21.21"
"6,49 : 84.4"
"7,0 : 34.93"
"7,1 : 85.0"
"7,2 : 45.8"
"7,3 : 61.62"
"7,4 : 32.2"
"7,5 : 87.98"
"7,6 : 47.76"
"7,7 : 0.0"
"7,8 : 63.6"
"7,9 : 48.84"
"7,10 : 24.08"
"7,11 : 41.79"
"7,12 : 60.21"
"7,13 : 19.21"
"7,14 : 25.5"
"7,15 : 43.0"
"7,16 : 44.69"
"7,17 : 51.48"
"7,18 : 37.34"
"7,19 : 57.43"
"7,20 : 18.38"
"7,21 : 60.01"
"7,22 : 58.18"
"7,23 : 12.53"
"7,24 : 72.73"
"7,25 : 31.06"
"7,26 : 74.25"
"7,27 : 63.29"
"7,28 : 59.03"
"7,29 : 68.03"
"7,30 : 43.19"
"7,31 : 25.5"
"7,32 : 77.2"
"7,33 : 18.03"
"7,34 : 77.94"
"7,35 : 25.08"
"7,36 : 13.04"
"7,37 : 44.01"
"7,38 : 57.78"
"7,39 : 40.36"
"7,40 : 36.8"
"7,41 : 27.46"
"7,42 : 27.02"
"7,43 : 74.97"
"7,44 : 38.64"
"7,45 : 71.18"
"7,46 : 33.96"
"7,47 : 23.09"
"7,48 : 60.61"
"7,49 : 41.05"
"8,0 : 93.09"
"8,1 : 86.58"
"8,2 : 51.0"
"8,3 : 60.88"
"8,4 : 90.09"
"8,5 : 94.2"
"8,6 : 77.42"
"8,7 : 63.6"
"8,8 : 0.0"
"8,9 : 29.97"
"8,10 : 54.82"
"8,11 : 95.0"
"8,12 : 23.02"
"8,13 : 54.92"
"8,14 : 42.01"
"8,15 : 86.27"
"8,16 : 61.06"
"8,17 : 72.56"
"8,18 : 40.46"
"8,19 : 114.28"
"8,20 : 45.35"
"8,21 : 98.41"
"8,22 : 42.76"
"8,23 : 51.42"
"8,24 : 94.94"
"8,25 : 87.01"
"8,26 : 71.57"
"8,27 : 105.12"
"8,28 : 57.01"
"8,29 : 86.54"
"8,30 : 59.36"
"8,31 : 86.33"
"8,32 : 123.91"
"8,33 : 80.81"
"8,34 : 84.93"
"8,35 : 65.44"
"8,36 : 75.93"
"8,37 : 97.01"
"8,38 : 9.43"
"8,39 : 100.24"
"8,40 : 57.63"
"8,41 : 86.35"
"8,42 : 76.61"
"8,43 : 70.35"
"8,44 : 99.61"
"8,45 : 105.15"
"8,46 : 29.73"
"8,47 : 46.32"
"8,48 : 70.23"
"8,49 : 95.13"
"9,0 : 83.24"
"9,1 : 59.08"
"9,2 : 21.1"
"9,3 : 32.06"
"9,4 : 80.36"
"9,5 : 66.03"
"9,6 : 48.17"
"9,7 : 48.84"
"9,8 : 29.97"
"9,9 : 0.0"
"9,10 : 30.81"
"9,11 : 69.78"
"9,12 : 12.65"
"9,13 : 33.14"
"9,14 : 38.95"
"9,15 : 58.82"
"9,16 : 31.4"
"9,17 : 42.72"
"9,18 : 13.6"
"9,19 : 89.47"
"9,20 : 34.89"
"9,21 : 69.35"
"9,22 : 15.81"
"9,23 : 39.92"
"9,24 : 65.0"
"9,25 : 78.43"
"9,26 : 44.18"
"9,27 : 76.37"
"9,28 : 28.07"
"9,29 : 56.65"
"9,30 : 29.83"
"9,31 : 65.76"
"9,32 : 95.52"
"9,33 : 66.75"
"9,34 : 56.22"
"9,35 : 40.5"
"9,36 : 61.81"
"9,37 : 71.55"
"9,38 : 32.39"
"9,39 : 77.88"
"9,40 : 29.21"
"9,41 : 64.54"
"9,42 : 52.2"
"9,43 : 43.42"
"9,44 : 87.48"
"9,45 : 75.45"
"9,46 : 22.67"
"9,47 : 26.08"
"9,48 : 40.52"
"9,49 : 88.02"
"10,0 : 58.31"
"10,1 : 61.59"
"10,2 : 21.95"
"10,3 : 37.54"
"10,4 : 55.76"
"10,5 : 65.31"
"10,6 : 29.07"
"10,7 : 24.08"
"10,8 : 54.82"
"10,9 : 30.81"
"10,10 : 0.0"
"10,11 : 40.22"
"10,12 : 43.42"
"10,13 : 5.0"
"10,14 : 33.02"
"10,15 : 32.45"
"10,16 : 21.1"
"10,17 : 29.83"
"10,18 : 17.26"
"10,19 : 59.68"
"10,20 : 23.02"
"10,21 : 47.17"
"10,22 : 35.9"
"10,23 : 23.09"
"10,24 : 53.24"
"10,25 : 55.0"
"10,26 : 50.25"
"10,27 : 52.77"
"10,28 : 35.0"
"10,29 : 47.07"
"10,30 : 19.42"
"10,31 : 35.13"
"10,32 : 70.46"
"10,33 : 39.81"
"10,34 : 55.01"
"10,35 : 10.63"
"10,36 : 35.36"
"10,37 : 42.2"
"10,38 : 52.4"
"10,39 : 47.13"
"10,40 : 13.04"
"10,41 : 33.73"
"10,42 : 21.95"
"10,43 : 50.91"
"10,44 : 60.54"
"10,45 : 56.52"
"10,46 : 28.3"
"10,47 : 9.85"
"10,48 : 37.22"
"10,49 : 65.0"
"11,0 : 55.66"
"11,1 : 72.09"
"11,2 : 53.37"
"11,3 : 61.03"
"11,4 : 54.82"
"11,5 : 70.83"
"11,6 : 31.58"
"11,7 : 41.79"
"11,8 : 95.0"
"11,9 : 69.78"
"11,10 : 40.22"
"11,11 : 0.0"
"11,12 : 82.35"
"11,13 : 40.36"
"11,14 : 65.51"
"11,15 : 15.52"
"11,16 : 44.28"
"11,17 : 40.45"
"11,18 : 56.36"
"11,19 : 19.7"
"11,20 : 56.04"
"11,21 : 26.4"
"11,22 : 69.63"
"11,23 : 51.97"
"11,24 : 48.41"
"11,25 : 57.07"
"11,26 : 68.45"
"11,27 : 25.63"
"11,28 : 61.03"
"11,29 : 48.76"
"11,30 : 44.55"
"11,31 : 20.1"
"11,32 : 35.69"
"11,33 : 40.11"
"11,34 : 63.56"
"11,35 : 29.68"
"11,36 : 40.05"
"11,37 : 2.24"
"11,38 : 92.02"
"11,39 : 15.0"
"11,40 : 41.76"
"11,41 : 16.0"
"11,42 : 18.44"
"11,43 : 70.21"
"11,44 : 51.43"
"11,45 : 37.74"
"11,46 : 67.18"
"11,47 : 48.92"
"11,48 : 52.77"
"11,49 : 64.85"
"12,0 : 93.94"
"12,1 : 63.64"
"12,2 : 31.83"
"12,3 : 38.63"
"12,4 : 91.01"
"12,5 : 71.39"
"12,6 : 59.46"
"12,7 : 60.21"
"12,8 : 23.02"
"12,9 : 12.65"
"12,10 : 43.42"
"12,11 : 82.35"
"12,12 : 0.0"
"12,13 : 45.54"
"12,14 : 46.53"
"12,15 : 71.02"
"12,16 : 42.45"
"12,17 : 53.15"
"12,18 : 26.25"
"12,19 : 102.04"
"12,20 : 44.64"
"12,21 : 80.66"
"12,22 : 20.25"
"12,23 : 50.22"
"12,24 : 73.93"
"12,25 : 88.77"
"12,26 : 48.66"
"12,27 : 87.86"
"12,28 : 34.93"
"12,29 : 65.37"
"12,30 : 41.11"
"12,31 : 78.26"
"12,32 : 107.17"
"12,33 : 78.23"
"12,34 : 62.36"
"12,35 : 53.14"
"12,36 : 73.25"
"12,37 : 84.1"
"12,38 : 28.86"
"12,39 : 90.52"
"12,40 : 41.34"
"12,41 : 77.13"
"12,42 : 64.85"
"12,43 : 47.38"
"12,44 : 98.73"
"12,45 : 85.91"
"12,46 : 29.97"
"12,47 : 38.05"
"12,48 : 48.76"
"12,49 : 98.08"
"13,0 : 53.71"
"13,1 : 66.57"
"13,2 : 26.63"
"13,3 : 42.45"
"13,4 : 51.11"
"13,5 : 70.21"
"13,6 : 33.02"
"13,7 : 19.21"
"13,8 : 54.92"
"13,9 : 33.14"
"13,10 : 5.0"
"13,11 : 40.36"
"13,12 : 45.54"
"13,13 : 0.0"
"13,14 : 29.27"
"13,15 : 34.44"
"13,16 : 26.08"
"13,17 : 34.48"
"13,18 : 20.02"
"13,19 : 59.41"
"13,20 : 19.1"
"13,21 : 50.0"
"13,22 : 39.85"
"13,23 : 18.44"
"13,24 : 57.56"
"13,25 : 50.22"
"13,26 : 55.23"
"13,27 : 55.15"
"13,28 : 39.82"
"13,29 : 51.66"
"13,30 : 24.41"
"13,31 : 32.76"
"13,32 : 72.2"
"13,33 : 35.47"
"13,34 : 59.94"
"13,35 : 12.08"
"13,36 : 30.87"
"13,37 : 42.45"
"13,38 : 51.66"
"13,39 : 45.69"
"13,40 : 18.03"
"13,41 : 31.95"
"13,42 : 21.93"
"13,43 : 55.87"
"13,44 : 56.3"
"13,45 : 59.84"
"13,46 : 26.91"
"13,47 : 8.6"
"13,48 : 42.19"
"13,49 : 60.22"
"14,0 : 51.09"
"14,1 : 90.82"
"14,2 : 47.54"
"14,3 : 63.98"
"14,4 : 48.09"
"14,5 : 95.88"
"14,6 : 62.07"
"14,7 : 25.5"
"14,8 : 42.01"
"14,9 : 38.95"
"14,10 : 33.02"
"14,11 : 65.51"
"14,12 : 46.53"
"14,13 : 29.27"
"14,14 : 0.0"
"14,15 : 62.94"
"14,16 : 51.97"
"14,17 : 62.29"
"14,18 : 34.0"
"14,19 : 82.46"
"14,20 : 10.2"
"14,21 : 79.08"
"14,22 : 53.26"
"14,23 : 13.6"
"14,24 : 86.09"
"14,25 : 45.0"
"14,26 : 77.39"
"14,27 : 83.82"
"14,28 : 60.37"
"14,29 : 79.51"
"14,30 : 50.01"
"14,31 : 50.91"
"14,32 : 99.81"
"14,33 : 40.31"
"14,34 : 85.44"
"14,35 : 41.0"
"14,36 : 35.78"
"14,37 : 67.74"
"14,38 : 34.53"
"14,39 : 65.76"
"14,40 : 44.41"
"14,41 : 52.5"
"14,42 : 48.33"
"14,43 : 77.37"
"14,44 : 57.87"
"14,45 : 89.11"
"14,46 : 16.64"
"14,47 : 24.19"
"14,48 : 67.45"
"14,49 : 53.34"
"15,0 : 65.37"
"15,1 : 56.8"
"15,2 : 40.31"
"15,3 : 46.04"
"15,4 : 63.95"
"15,5 : 56.04"
"15,6 : 16.12"
"15,7 : 43.0"
"15,8 : 86.27"
"15,9 : 58.82"
"15,10 : 32.45"
"15,11 : 15.52"
"15,12 : 71.02"
"15,13 : 34.44"
"15,14 : 62.94"
"15,15 : 0.0"
"15,16 : 30.36"
"15,17 : 25.08"
"15,18 : 46.1"
"15,19 : 33.24"
"15,20 : 52.81"
"15,21 : 17.03"
"15,22 : 56.3"
"15,23 : 50.22"
"15,24 : 34.71"
"15,25 : 65.39"
"15,26 : 52.95"
"15,27 : 20.88"
"15,28 : 46.39"
"15,29 : 33.84"
"15,30 : 31.02"
"15,31 : 29.41"
"15,32 : 38.01"
"15,33 : 47.54"
"15,34 : 48.3"
"15,35 : 22.36"
"15,36 : 45.88"
"15,37 : 16.12"
"15,38 : 84.65"
"15,39 : 29.97"
"15,40 : 29.68"
"15,41 : 25.0"
"15,42 : 16.03"
"15,43 : 54.74"
"15,44 : 62.8"
"15,45 : 28.44"
"15,46 : 60.75"
"15,47 : 42.19"
"15,48 : 37.34"
"15,49 : 74.24"
"16,0 : 77.62"
"16,1 : 40.5"
"16,2 : 10.63"
"16,3 : 18.38"
"16,4 : 75.29"
"16,5 : 44.38"
"16,6 : 17.03"
"16,7 : 44.69"
"16,8 : 61.06"
"16,9 : 31.4"
"16,10 : 21.1"
"16,11 : 44.28"
"16,12 : 42.45"
"16,13 : 26.08"
"16,14 : 51.97"
"16,15 : 30.36"
"16,16 : 0.0"
"16,17 : 11.7"
"16,18 : 21.84"
"16,19 : 63.35"
"16,20 : 42.72"
"16,21 : 38.21"
"16,22 : 26.0"
"16,23 : 43.86"
"16,24 : 35.51"
"16,25 : 75.01"
"16,26 : 29.83"
"16,27 : 45.45"
"16,28 : 17.26"
"16,29 : 28.02"
"16,30 : 2.0"
"16,31 : 48.38"
"16,32 : 64.82"
"16,33 : 58.6"
"16,34 : 34.01"
"16,35 : 21.95"
"16,36 : 54.67"
"16,37 : 45.54"
"16,38 : 61.85"
"16,39 : 56.14"
"16,40 : 8.06"
"16,41 : 45.35"
"16,42 : 30.81"
"16,43 : 30.81"
"16,44 : 78.55"
"16,45 : 44.1"
"16,46 : 42.19"
"16,47 : 27.89"
"16,48 : 16.12"
"16,49 : 84.96"
"17,0 : 82.04"
"17,1 : 34.71"
"17,2 : 21.63"
"17,3 : 21.38"
"17,4 : 79.98"
"17,5 : 36.62"
"17,6 : 9.0"
"17,7 : 51.48"
"17,8 : 72.56"
"17,9 : 42.72"
"17,10 : 29.83"
"17,11 : 40.45"
"17,12 : 53.15"
"17,13 : 34.48"
"17,14 : 62.29"
"17,15 : 25.08"
"17,16 : 11.7"
"17,17 : 0.0"
"17,18 : 33.53"
"17,19 : 58.03"
"17,20 : 52.61"
"17,21 : 28.3"
"17,22 : 35.0"
"17,23 : 52.89"
"17,24 : 24.08"
"17,25 : 80.28"
"17,26 : 28.16"
"17,27 : 35.85"
"17,28 : 22.47"
"17,29 : 17.26"
"17,30 : 13.6"
"17,31 : 49.4"
"17,32 : 55.23"
"17,33 : 62.97"
"17,34 : 26.91"
"17,35 : 26.63"
"17,36 : 59.67"
"17,37 : 41.19"
"17,38 : 73.54"
"17,39 : 54.12"
"17,40 : 18.0"
"17,41 : 45.65"
"17,42 : 31.62"
"17,43 : 29.83"
"17,44 : 81.69"
"17,45 : 32.8"
"17,46 : 53.6"
"17,47 : 38.12"
"17,48 : 12.37"
"17,49 : 90.03"
"18,0 : 72.24"
"18,1 : 57.28"
"18,2 : 14.14"
"18,3 : 30.08"
"18,4 : 69.46"
"18,5 : 62.97"
"18,6 : 37.22"
"18,7 : 37.34"
"18,8 : 40.46"
"18,9 : 13.6"
"18,10 : 17.26"
"18,11 : 56.36"
"18,12 : 26.25"
"18,13 : 20.02"
"18,14 : 34.0"
"18,15 : 46.1"
"18,16 : 21.84"
"18,17 : 33.53"
"18,18 : 0.0"
"18,19 : 76.03"
"18,20 : 26.91"
"18,21 : 58.01"
"18,22 : 21.1"
"18,23 : 30.61"
"18,24 : 57.27"
"18,25 : 67.98"
"18,26 : 43.46"
"18,27 : 64.66"
"18,28 : 26.4"
"18,29 : 49.5"
"18,30 : 19.92"
"18,31 : 52.35"
"18,32 : 83.49"
"18,33 : 54.82"
"18,34 : 52.61"
"18,35 : 26.93"
"18,36 : 50.0"
"18,37 : 58.18"
"18,38 : 40.25"
"18,39 : 64.29"
"18,40 : 17.2"
"18,41 : 50.99"
"18,42 : 38.63"
"18,43 : 43.38"
"18,44 : 75.69"
"18,45 : 65.3"
"18,46 : 21.1"
"18,47 : 14.32"
"18,48 : 35.06"
"18,49 : 77.83"
"19,0 : 61.01"
"19,1 : 86.59"
"19,2 : 72.8"
"19,3 : 79.23"
"19,4 : 61.13"
"19,5 : 83.82"
"19,6 : 49.04"
"19,7 : 57.43"
"19,8 : 114.28"
"19,9 : 89.47"
"19,10 : 59.68"
"19,11 : 19.7"
"19,12 : 102.04"
"19,13 : 59.41"
"19,14 : 82.46"
"19,15 : 33.24"
"19,16 : 63.35"
"19,17 : 58.03"
"19,18 : 76.03"
"19,19 : 0.0"
"19,20 : 73.59"
"19,21 : 36.4"
"19,22 : 89.02"
"19,23 : 68.88"
"19,24 : 60.17"
"19,25 : 64.38"
"19,26 : 85.21"
"19,27 : 31.38"
"19,28 : 79.63"
"19,29 : 62.82"
"19,30 : 63.79"
"19,31 : 32.25"
"19,32 : 29.15"
"19,33 : 50.29"
"19,34 : 78.1"
"19,35 : 49.24"
"19,36 : 52.0"
"19,37 : 18.03"
"19,38 : 110.89"
"19,39 : 18.03"
"19,40 : 61.35"
"19,41 : 30.0"
"19,42 : 37.74"
"19,43 : 87.14"
"19,44 : 54.23"
"19,45 : 44.94"
"19,46 : 85.91"
"19,47 : 68.01"
"19,48 : 70.01"
"19,49 : 70.01"
"20,0 : 49.5"
"20,1 : 82.35"
"20,2 : 39.45"
"20,3 : 56.08"
"20,4 : 46.53"
"20,5 : 86.98"
"20,6 : 52.01"
"20,7 : 18.38"
"20,8 : 45.35"
"20,9 : 34.89"
"20,10 : 23.02"
"20,11 : 56.04"
"20,12 : 44.64"
"20,13 : 19.1"
"20,14 : 10.2"
"20,15 : 52.81"
"20,16 : 42.72"
"20,17 : 52.61"
"20,18 : 26.91"
"20,19 : 73.59"
"20,20 : 0.0"
"20,21 : 68.88"
"20,22 : 47.51"
"20,23 : 6.08"
"20,24 : 76.24"
"20,25 : 44.15"
"20,26 : 69.46"
"20,27 : 73.68"
"20,28 : 52.7"
"20,29 : 69.87"
"20,30 : 40.8"
"20,31 : 42.8"
"20,32 : 89.9"
"20,33 : 35.51"
"20,34 : 76.55"
"20,35 : 30.81"
"20,36 : 30.59"
"20,37 : 58.25"
"20,38 : 39.4"
"20,39 : 57.49"
"20,40 : 34.93"
"20,41 : 43.86"
"20,42 : 38.47"
"20,43 : 69.64"
"20,44 : 55.0"
"20,45 : 78.92"
"20,46 : 16.03"
"20,47 : 14.87"
"20,48 : 58.52"
"20,49 : 53.45"
"21,0 : 81.02"
"21,1 : 50.64"
"21,2 : 48.84"
"21,3 : 48.85"
"21,4 : 79.85"
"21,5 : 47.43"
"21,6 : 21.21"
"21,7 : 60.01"
"21,8 : 98.41"
"21,9 : 69.35"
"21,10 : 47.17"
"21,11 : 26.4"
"21,12 : 80.66"
"21,13 : 50.0"
"21,14 : 79.08"
"21,15 : 17.03"
"21,16 : 38.21"
"21,17 : 28.3"
"21,18 : 58.01"
"21,19 : 36.4"
"21,20 : 68.88"
"21,21 : 0.0"
"21,22 : 63.25"
"21,23 : 66.75"
"21,24 : 23.77"
"21,25 : 81.6"
"21,26 : 51.48"
"21,27 : 7.62"
"21,28 : 50.54"
"21,29 : 27.07"
"21,30 : 39.6"
"21,31 : 44.78"
"21,32 : 26.93"
"21,33 : 63.89"
"21,34 : 42.3"
"21,35 : 38.08"
"21,36 : 62.59"
"21,37 : 25.5"
"21,38 : 97.94"
"21,39 : 41.04"
"21,40 : 40.8"
"21,41 : 40.31"
"21,42 : 33.06"
"21,43 : 53.6"
"21,44 : 77.52"
"21,45 : 11.7"
"21,46 : 75.15"
"21,47 : 57.01"
"21,48 : 37.95"
"21,49 : 90.08"
"22,0 : 93.11"
"22,1 : 44.05"
"22,2 : 16.28"
"22,3 : 18.38"
"22,4 : 90.38"
"22,5 : 51.48"
"22,6 : 42.54"
"22,7 : 58.18"
"22,8 : 42.76"
"22,9 : 15.81"
"22,10 : 35.9"
"22,11 : 69.63"
"22,12 : 20.25"
"22,13 : 39.85"
"22,14 : 53.26"
"22,15 : 56.3"
"22,16 : 26.0"
"22,17 : 35.0"
"22,18 : 21.1"
"22,19 : 89.02"
"22,20 : 47.51"
"22,21 : 63.25"
"22,22 : 0.0"
"22,23 : 51.61"
"22,24 : 54.08"
"22,25 : 89.01"
"22,26 : 29.02"
"22,27 : 70.72"
"22,28 : 14.76"
"22,29 : 45.49"
"22,30 : 25.3"
"22,31 : 70.18"
"22,32 : 90.14"
"22,33 : 75.27"
"22,34 : 42.2"
"22,35 : 43.01"
"22,36 : 70.58"
"22,37 : 71.06"
"22,38 : 47.0"
"22,39 : 80.22"
"22,40 : 28.16"
"22,41 : 68.01"
"22,42 : 54.08"
"22,43 : 28.02"
"22,44 : 96.14"
"22,45 : 67.18"
"22,46 : 37.74"
"22,47 : 35.36"
"22,48 : 28.84"
"22,49 : 98.88"
"23,0 : 43.74"
"23,1 : 84.12"
"23,2 : 42.01"
"23,3 : 58.6"
"23,4 : 40.79"
"23,5 : 88.24"
"23,6 : 51.24"
"23,7 : 12.53"
"23,8 : 51.42"
"23,9 : 39.92"
"23,10 : 23.09"
"23,11 : 51.97"
"23,12 : 50.22"
"23,13 : 18.44"
"23,14 : 13.6"
"23,15 : 50.22"
"23,16 : 43.86"
"23,17 : 52.89"
"23,18 : 30.61"
"23,19 : 68.88"
"23,20 : 6.08"
"23,21 : 66.75"
"23,22 : 51.61"
"23,23 : 0.0"
"23,24 : 75.95"
"23,25 : 38.6"
"23,26 : 71.85"
"23,27 : 71.06"
"23,28 : 55.44"
"23,29 : 70.09"
"23,30 : 42.05"
"23,31 : 37.54"
"23,32 : 86.54"
"23,33 : 29.43"
"23,34 : 77.88"
"23,35 : 29.02"
"23,36 : 24.52"
"23,37 : 54.2"
"23,38 : 45.31"
"23,39 : 52.35"
"23,40 : 35.85"
"23,41 : 38.95"
"23,42 : 35.11"
"23,43 : 72.2"
"23,44 : 49.01"
"23,45 : 77.23"
"23,46 : 22.09"
"23,47 : 17.03"
"23,48 : 59.93"
"23,49 : 48.1"
"24,0 : 99.57"
"24,1 : 28.02"
"24,2 : 44.27"
"24,3 : 36.24"
"24,4 : 97.94"
"24,5 : 23.77"
"24,6 : 25.0"
"24,7 : 72.73"
"24,8 : 94.94"
"24,9 : 65.0"
"24,10 : 53.24"
"24,11 : 48.41"
"24,12 : 73.93"
"24,13 : 57.56"
"24,14 : 86.09"
"24,15 : 34.71"
"24,16 : 35.51"
"24,17 : 24.08"
"24,18 : 57.27"
"24,19 : 60.17"
"24,20 : 76.24"
"24,21 : 23.77"
"24,22 : 54.08"
"24,23 : 75.95"
"24,24 : 0.0"
"24,25 : 98.98"
"24,26 : 33.12"
"24,27 : 29.61"
"24,28 : 39.41"
"24,29 : 8.6"
"24,30 : 37.48"
"24,31 : 64.03"
"24,32 : 45.28"
"24,33 : 81.12"
"24,34 : 20.4"
"24,35 : 47.8"
"24,36 : 78.71"
"24,37 : 48.01"
"24,38 : 96.77"
"24,39 : 63.41"
"24,40 : 42.05"
"24,41 : 59.67"
"24,42 : 48.37"
"24,43 : 35.36"
"24,44 : 97.45"
"24,45 : 18.11"
"24,46 : 77.65"
"24,47 : 62.01"
"24,48 : 25.24"
"24,49 : 108.23"
"25,0 : 6.71"
"25,1 : 114.69"
"25,2 : 76.84"
"25,3 : 92.46"
"25,4 : 4.24"
"25,5 : 116.82"
"25,6 : 74.89"
"25,7 : 31.06"
"25,8 : 87.01"
"25,9 : 78.43"
"25,10 : 55.0"
"25,11 : 57.07"
"25,12 : 88.77"
"25,13 : 50.22"
"25,14 : 45.0"
"25,15 : 65.39"
"25,16 : 75.01"
"25,17 : 80.28"
"25,18 : 67.98"
"25,19 : 64.38"
"25,20 : 44.15"
"25,21 : 81.6"
"25,22 : 89.01"
"25,23 : 38.6"
"25,24 : 98.98"
"25,25 : 0.0"
"25,26 : 104.8"
"25,27 : 82.46"
"25,28 : 90.0"
"25,29 : 95.69"
"25,30 : 73.66"
"25,31 : 37.11"
"25,32 : 91.09"
"25,33 : 17.89"
"25,34 : 107.17"
"25,35 : 53.81"
"25,36 : 20.62"
"25,37 : 58.86"
"25,38 : 79.23"
"25,39 : 47.01"
"25,40 : 67.36"
"25,41 : 41.48"
"25,42 : 50.61"
"25,43 : 105.65"
"25,44 : 15.62"
"25,45 : 93.3"
"25,46 : 59.68"
"25,47 : 53.67"
"25,48 : 90.52"
"25,49 : 10.0"
"26,0 : 107.45"
"26,1 : 15.03"
"26,2 : 30.02"
"26,3 : 13.42"
"26,4 : 105.12"
"26,5 : 22.8"
"26,6 : 36.88"
"26,7 : 74.25"
"26,8 : 71.57"
"26,9 : 44.18"
"26,10 : 50.25"
"26,11 : 68.45"
"26,12 : 48.66"
"26,13 : 55.23"
"26,14 : 77.39"
"26,15 : 52.95"
"26,16 : 29.83"
"26,17 : 28.16"
"26,18 : 43.46"
"26,19 : 85.21"
"26,20 : 69.46"
"26,21 : 51.48"
"26,22 : 29.02"
"26,23 : 71.85"
"26,24 : 33.12"
"26,25 : 104.8"
"26,26 : 0.0"
"26,27 : 58.86"
"26,28 : 17.09"
"26,29 : 25.63"
"26,30 : 31.14"
"26,31 : 76.92"
"26,32 : 76.92"
"26,33 : 88.41"
"26,34 : 15.0"
"26,35 : 51.61"
"26,36 : 84.5"
"26,37 : 69.05"
"26,38 : 76.01"
"26,39 : 82.28"
"26,40 : 37.48"
"26,41 : 73.41"
"26,42 : 59.03"
"26,43 : 2.24"
"26,44 : 108.17"
"26,45 : 50.33"
"26,46 : 63.89"
"26,47 : 54.92"
"26,48 : 15.81"
"26,49 : 114.77"
"27,0 : 81.27"
"27,1 : 57.22"
"27,2 : 56.08"
"27,3 : 56.46"
"27,4 : 80.36"
"27,5 : 53.37"
"27,6 : 28.43"
"27,7 : 63.29"
"27,8 : 105.12"
"27,9 : 76.37"
"27,10 : 52.77"
"27,11 : 25.63"
"27,12 : 87.86"
"27,13 : 55.15"
"27,14 : 83.82"
"27,15 : 20.88"
"27,16 : 45.45"
"27,17 : 35.85"
"27,18 : 64.66"
"27,19 : 31.38"
"27,20 : 73.68"
"27,21 : 7.62"
"27,22 : 70.72"
"27,23 : 71.06"
"27,24 : 29.61"
"27,25 : 82.46"
"27,26 : 58.86"
"27,27 : 0.0"
"27,28 : 58.14"
"27,29 : 34.01"
"27,30 : 46.75"
"27,31 : 45.35"
"27,32 : 19.42"
"27,33 : 65.12"
"27,34 : 49.04"
"27,35 : 43.08"
"27,36 : 64.38"
"27,37 : 24.17"
"27,38 : 104.29"
"27,39 : 39.12"
"27,40 : 47.51"
"27,41 : 41.0"
"27,42 : 36.35"
"27,43 : 61.0"
"27,44 : 76.97"
"27,45 : 13.6"
"27,46 : 81.01"
"27,47 : 62.61"
"27,48 : 45.54"
"27,49 : 90.44"
"28,0 : 93.19"
"28,1 : 31.4"
"28,2 : 13.45"
"28,3 : 4.0"
"28,4 : 90.7"
"28,5 : 38.0"
"28,6 : 31.05"
"28,7 : 59.03"
"28,8 : 57.01"
"28,9 : 28.07"
"28,10 : 35.0"
"28,11 : 61.03"
"28,12 : 34.93"
"28,13 : 39.82"
"28,14 : 60.37"
"28,15 : 46.39"
"28,16 : 17.26"
"28,17 : 22.47"
"28,18 : 26.4"
"28,19 : 79.63"
"28,20 : 52.7"
"28,21 : 50.54"
"28,22 : 14.76"
"28,23 : 55.44"
"28,24 : 39.41"
"28,25 : 90.0"
"28,26 : 17.09"
"28,27 : 58.14"
"28,28 : 0.0"
"28,29 : 30.81"
"28,30 : 17.72"
"28,31 : 65.52"
"28,32 : 77.41"
"28,33 : 74.43"
"28,34 : 28.16"
"28,35 : 38.63"
"28,36 : 70.18"
"28,37 : 62.13"
"28,38 : 60.41"
"28,39 : 73.33"
"28,40 : 23.26"
"28,41 : 62.59"
"28,42 : 48.05"
"28,43 : 17.0"
"28,44 : 94.83"
"28,45 : 53.26"
"28,46 : 46.84"
"28,47 : 38.42"
"28,48 : 14.21"
"28,49 : 100.0"
"29,0 : 96.83"
"29,1 : 23.77"
"29,2 : 36.14"
"29,3 : 27.66"
"29,4 : 95.0"
"29,5 : 22.2"
"29,6 : 20.81"
"29,7 : 68.03"
"29,8 : 86.54"
"29,9 : 56.65"
"29,10 : 47.07"
"29,11 : 48.76"
"29,12 : 65.37"
"29,13 : 51.66"
"29,14 : 79.51"
"29,15 : 33.84"
"29,16 : 28.02"
"29,17 : 17.26"
"29,18 : 49.5"
"29,19 : 62.82"
"29,20 : 69.87"
"29,21 : 27.07"
"29,22 : 45.49"
"29,23 : 70.09"
"29,24 : 8.6"
"29,25 : 95.69"
"29,26 : 25.63"
"29,27 : 34.01"
"29,28 : 30.81"
"29,29 : 0.0"
"29,30 : 30.02"
"29,31 : 62.24"
"29,32 : 51.42"
"29,33 : 78.01"
"29,34 : 15.3"
"29,35 : 42.95"
"29,36 : 75.17"
"29,37 : 48.75"
"29,38 : 88.6"
"29,39 : 63.63"
"29,40 : 35.13"
"29,41 : 58.05"
"29,42 : 45.45"
"29,43 : 27.86"
"29,44 : 95.48"
"29,45 : 24.7"
"29,46 : 70.18"
"29,47 : 55.33"
"29,48 : 16.64"
"29,49 : 105.21"
"30,0 : 76.4"
"30,1 : 42.19"
"30,2 : 9.43"
"30,3 : 19.24"
"30,4 : 74.03"
"30,5 : 46.24"
"30,6 : 18.38"
"30,7 : 43.19"
"30,8 : 59.36"
"30,9 : 29.83"
"30,10 : 19.42"
"30,11 : 44.55"
"30,12 : 41.11"
"30,13 : 24.41"
"30,14 : 50.01"
"30,15 : 31.02"
"30,16 : 2.0"
"30,17 : 13.6"
"30,18 : 19.92"
"30,19 : 63.79"
"30,20 : 40.8"
"30,21 : 39.6"
"30,22 : 25.3"
"30,23 : 42.05"
"30,24 : 37.48"
"30,25 : 73.66"
"30,26 : 31.14"
"30,27 : 46.75"
"30,28 : 17.72"
"30,29 : 30.02"
"30,30 : 0.0"
"30,31 : 47.8"
"30,32 : 66.07"
"30,33 : 57.43"
"30,34 : 35.85"
"30,35 : 21.02"
"30,36 : 53.41"
"30,37 : 45.89"
"30,38 : 60.01"
"30,39 : 56.04"
"30,40 : 6.4"
"30,41 : 44.91"
"30,42 : 30.41"
"30,43 : 32.02"
"30,44 : 77.52"
"30,45 : 45.79"
"30,46 : 40.2"
"30,47 : 25.96"
"30,48 : 17.89"
"30,49 : 83.63"
"31,0 : 36.25"
"31,1 : 83.82"
"31,2 : 54.59"
"31,3 : 66.73"
"31,4 : 35.11"
"31,5 : 84.29"
"31,6 : 42.01"
"31,7 : 25.5"
"31,8 : 86.33"
"31,9 : 65.76"
"31,10 : 35.13"
"31,11 : 20.1"
"31,12 : 78.26"
"31,13 : 32.76"
"31,14 : 50.91"
"31,15 : 29.41"
"31,16 : 48.38"
"31,17 : 49.4"
"31,18 : 52.35"
"31,19 : 32.25"
"31,20 : 42.8"
"31,21 : 44.78"
"31,22 : 70.18"
"31,23 : 37.54"
"31,24 : 64.03"
"31,25 : 37.11"
"31,26 : 76.92"
"31,27 : 45.35"
"31,28 : 65.52"
"31,29 : 62.24"
"31,30 : 47.8"
"31,31 : 0.0"
"31,32 : 55.23"
"31,33 : 20.02"
"31,34 : 75.6"
"31,35 : 27.29"
"31,36 : 20.4"
"31,37 : 22.02"
"31,38 : 81.63"
"31,39 : 14.87"
"31,40 : 42.76"
"31,41 : 4.47"
"31,42 : 17.89"
"31,43 : 78.29"
"31,44 : 33.42"
"31,45 : 56.46"
"31,46 : 56.82"
"31,47 : 40.8"
"31,48 : 61.29"
"31,49 : 45.31"
"32,0 : 88.57"
"32,1 : 73.25"
"32,2 : 75.43"
"32,3 : 75.58"
"32,4 : 88.28"
"32,5 : 68.01"
"32,6 : 47.8"
"32,7 : 77.2"
"32,8 : 123.91"
"32,9 : 95.52"
"32,10 : 70.46"
"32,11 : 35.69"
"32,12 : 107.17"
"32,13 : 72.2"
"32,14 : 99.81"
"32,15 : 38.01"
"32,16 : 64.82"
"32,17 : 55.23"
"32,18 : 83.49"
"32,19 : 29.15"
"32,20 : 89.9"
"32,21 : 26.93"
"32,22 : 90.14"
"32,23 : 86.54"
"32,24 : 45.28"
"32,25 : 91.09"
"32,26 : 76.92"
"32,27 : 19.42"
"32,28 : 77.41"
"32,29 : 51.42"
"32,30 : 66.07"
"32,31 : 55.23"
"32,32 : 0.0"
"32,33 : 75.11"
"32,34 : 65.62"
"32,35 : 60.21"
"32,36 : 75.54"
"32,37 : 33.54"
"32,38 : 122.61"
"32,39 : 44.28"
"32,40 : 66.47"
"32,41 : 51.48"
"32,42 : 51.48"
"32,43 : 79.12"
"32,44 : 82.57"
"32,45 : 27.17"
"32,46 : 98.74"
"32,47 : 80.16"
"32,48 : 64.47"
"32,49 : 97.74"
"33,0 : 19.1"
"33,1 : 97.58"
"33,2 : 61.72"
"33,3 : 76.55"
"33,4 : 17.03"
"33,5 : 99.36"
"33,6 : 57.2"
"33,7 : 18.03"
"33,8 : 80.81"
"33,9 : 66.75"
"33,10 : 39.81"
"33,11 : 40.11"
"33,12 : 78.23"
"33,13 : 35.47"
"33,14 : 40.31"
"33,15 : 47.54"
"33,16 : 58.6"
"33,17 : 62.97"
"33,18 : 54.82"
"33,19 : 50.29"
"33,20 : 35.51"
"33,21 : 63.89"
"33,22 : 75.27"
"33,23 : 29.43"
"33,24 : 81.12"
"33,25 : 17.89"
"33,26 : 88.41"
"33,27 : 65.12"
"33,28 : 74.43"
"33,29 : 78.01"
"33,30 : 57.43"
"33,31 : 20.02"
"33,32 : 75.11"
"33,33 : 0.0"
"33,34 : 89.87"
"33,35 : 36.88"
"33,36 : 5.0"
"33,37 : 42.05"
"33,38 : 74.33"
"33,39 : 32.28"
"33,40 : 51.31"
"33,41 : 24.19"
"33,42 : 32.76"
"33,43 : 89.4"
"33,44 : 20.88"
"33,45 : 75.58"
"33,46 : 51.48"
"33,47 : 40.79"
"33,48 : 73.66"
"33,49 : 27.2"
"34,0 : 108.93"
"34,1 : 8.54"
"34,2 : 38.47"
"34,3 : 24.19"
"34,4 : 106.89"
"34,5 : 10.44"
"34,6 : 33.6"
"34,7 : 77.94"
"34,8 : 84.93"
"34,9 : 56.22"
"34,10 : 55.01"
"34,11 : 63.56"
"34,12 : 62.36"
"34,13 : 59.94"
"34,14 : 85.44"
"34,15 : 48.3"
"34,16 : 34.01"
"34,17 : 26.91"
"34,18 : 52.61"
"34,19 : 78.1"
"34,20 : 76.55"
"34,21 : 42.3"
"34,22 : 42.2"
"34,23 : 77.88"
"34,24 : 20.4"
"34,25 : 107.17"
"34,26 : 15.0"
"34,27 : 49.04"
"34,28 : 28.16"
"34,29 : 15.3"
"34,30 : 35.85"
"34,31 : 75.6"
"34,32 : 65.62"
"34,33 : 89.87"
"34,34 : 0.0"
"34,35 : 53.41"
"34,36 : 86.56"
"34,37 : 63.69"
"34,38 : 88.57"
"34,39 : 78.26"
"34,40 : 42.05"
"34,41 : 71.61"
"34,42 : 58.14"
"34,43 : 17.03"
"34,44 : 108.37"
"34,45 : 38.47"
"34,46 : 73.68"
"34,47 : 61.68"
"34,48 : 18.03"
"34,49 : 116.93"
"35,0 : 55.97"
"35,1 : 60.88"
"35,2 : 27.29"
"35,3 : 40.25"
"35,4 : 53.76"
"35,5 : 63.25"
"35,6 : 22.8"
"35,7 : 25.08"
"35,8 : 65.44"
"35,9 : 40.5"
"35,10 : 10.63"
"35,11 : 29.68"
"35,12 : 53.14"
"35,13 : 12.08"
"35,14 : 41.0"
"35,15 : 22.36"
"35,16 : 21.95"
"35,17 : 26.63"
"35,18 : 26.93"
"35,19 : 49.24"
"35,20 : 30.81"
"35,21 : 38.08"
"35,22 : 43.01"
"35,23 : 29.02"
"35,24 : 47.8"
"35,25 : 53.81"
"35,26 : 51.61"
"35,27 : 43.08"
"35,28 : 38.63"
"35,29 : 42.95"
"35,30 : 21.02"
"35,31 : 27.29"
"35,32 : 60.21"
"35,33 : 36.88"
"35,34 : 53.41"
"35,35 : 0.0"
"35,36 : 33.24"
"35,37 : 31.62"
"35,38 : 62.97"
"35,39 : 37.66"
"35,40 : 15.52"
"35,41 : 25.0"
"35,42 : 11.7"
"35,43 : 52.7"
"35,44 : 56.6"
"35,45 : 48.26"
"35,46 : 38.6"
"35,47 : 20.0"
"35,48 : 36.8"
"35,49 : 63.66"
"36,0 : 23.02"
"36,1 : 94.11"
"36,2 : 57.31"
"36,3 : 72.42"
"36,4 : 20.62"
"36,5 : 96.21"
"36,6 : 54.38"
"36,7 : 13.04"
"36,8 : 75.93"
"36,9 : 61.81"
"36,10 : 35.36"
"36,11 : 40.05"
"36,12 : 73.25"
"36,13 : 30.87"
"36,14 : 35.78"
"36,15 : 45.88"
"36,16 : 54.67"
"36,17 : 59.67"
"36,18 : 50.0"
"36,19 : 52.0"
"36,20 : 30.59"
"36,21 : 62.59"
"36,22 : 70.58"
"36,23 : 24.52"
"36,24 : 78.71"
"36,25 : 20.62"
"36,26 : 84.5"
"36,27 : 64.38"
"36,28 : 70.18"
"36,29 : 75.17"
"36,30 : 53.41"
"36,31 : 20.4"
"36,32 : 75.54"
"36,33 : 5.0"
"36,34 : 86.56"
"36,35 : 33.24"
"36,36 : 0.0"
"36,37 : 42.11"
"36,38 : 69.57"
"36,39 : 34.01"
"36,40 : 47.2"
"36,41 : 24.08"
"36,42 : 30.46"
"36,43 : 85.43"
"36,44 : 25.71"
"36,45 : 74.22"
"36,46 : 46.53"
"36,47 : 35.9"
"36,48 : 70.01"
"36,49 : 30.41"
"37,0 : 57.28"
"37,1 : 72.24"
"37,2 : 54.82"
"37,3 : 62.0"
"37,4 : 56.52"
"37,5 : 70.71"
"37,6 : 32.25"
"37,7 : 44.01"
"37,8 : 97.01"
"37,9 : 71.55"
"37,10 : 42.2"
"37,11 : 2.24"
"37,12 : 84.1"
"37,13 : 42.45"
"37,14 : 67.74"
"37,15 : 16.12"
"37,16 : 45.54"
"37,17 : 41.19"
"37,18 : 58.18"
"37,19 : 18.03"
"37,20 : 58.25"
"37,21 : 25.5"
"37,22 : 71.06"
"37,23 : 54.2"
"37,24 : 48.01"
"37,25 : 58.86"
"37,26 : 69.05"
"37,27 : 24.17"
"37,28 : 62.13"
"37,29 : 48.75"
"37,30 : 45.89"
"37,31 : 22.02"
"37,32 : 33.54"
"37,33 : 42.05"
"37,34 : 63.69"
"37,35 : 31.62"
"37,36 : 42.11"
"37,37 : 0.0"
"37,38 : 94.11"
"37,39 : 15.56"
"37,40 : 43.32"
"37,41 : 18.03"
"37,42 : 20.52"
"37,43 : 70.86"
"37,44 : 52.8"
"37,45 : 36.62"
"37,46 : 69.3"
"37,47 : 50.99"
"37,48 : 53.46"
"37,49 : 66.48"
"38,0 : 85.48"
"38,1 : 91.02"
"38,2 : 52.5"
"38,3 : 64.38"
"38,4 : 82.49"
"38,5 : 98.25"
"38,6 : 77.41"
"38,7 : 57.78"
"38,8 : 9.43"
"38,9 : 32.39"
"38,10 : 52.4"
"38,11 : 92.02"
"38,12 : 28.86"
"38,13 : 51.66"
"38,14 : 34.53"
"38,15 : 84.65"
"38,16 : 61.85"
"38,17 : 73.54"
"38,18 : 40.25"
"38,19 : 110.89"
"38,20 : 39.4"
"38,21 : 97.94"
"38,22 : 47.0"
"38,23 : 45.31"
"38,24 : 96.77"
"38,25 : 79.23"
"38,26 : 76.01"
"38,27 : 104.29"
"38,28 : 60.41"
"38,29 : 88.6"
"38,30 : 60.01"
"38,31 : 81.63"
"38,32 : 122.61"
"38,33 : 74.33"
"38,34 : 88.57"
"38,35 : 62.97"
"38,36 : 69.57"
"38,37 : 94.11"
"38,38 : 0.0"
"38,39 : 95.96"
"38,40 : 57.31"
"38,41 : 82.1"
"38,42 : 73.59"
"38,43 : 75.01"
"38,44 : 92.4"
"38,45 : 105.55"
"38,46 : 25.0"
"38,47 : 43.14"
"38,48 : 72.78"
"38,49 : 87.0"
"39,0 : 44.28"
"39,1 : 86.76"
"39,2 : 64.07"
"39,3 : 73.82"
"39,4 : 44.05"
"39,5 : 85.76"
"39,6 : 45.54"
"39,7 : 40.36"
"39,8 : 100.24"
"39,9 : 77.88"
"39,10 : 47.13"
"39,11 : 15.0"
"39,12 : 90.52"
"39,13 : 45.69"
"39,14 : 65.76"
"39,15 : 29.97"
"39,16 : 56.14"
"39,17 : 54.12"
"39,18 : 64.29"
"39,19 : 18.03"
"39,20 : 57.49"
"39,21 : 41.04"
"39,22 : 80.22"
"39,23 : 52.35"
"39,24 : 63.41"
"39,25 : 47.01"
"39,26 : 82.28"
"39,27 : 39.12"
"39,28 : 73.33"
"39,29 : 63.63"
"39,30 : 56.04"
"39,31 : 14.87"
"39,32 : 44.28"
"39,33 : 32.28"
"39,34 : 78.26"
"39,35 : 37.66"
"39,36 : 34.01"
"39,37 : 15.56"
"39,38 : 95.96"
"39,39 : 0.0"
"39,40 : 52.09"
"39,41 : 13.89"
"39,42 : 26.17"
"39,43 : 83.93"
"39,44 : 38.6"
"39,45 : 52.01"
"39,46 : 71.02"
"39,47 : 54.13"
"39,48 : 66.48"
"39,49 : 53.46"
"40,0 : 70.21"
"40,1 : 48.55"
"40,2 : 12.0"
"40,3 : 25.24"
"40,4 : 67.8"
"40,5 : 52.39"
"40,6 : 20.12"
"40,7 : 36.8"
"40,8 : 57.63"
"40,9 : 29.21"
"40,10 : 13.04"
"40,11 : 41.76"
"40,12 : 41.34"
"40,13 : 18.03"
"40,14 : 44.41"
"40,15 : 29.68"
"40,16 : 8.06"
"40,17 : 18.0"
"40,18 : 17.2"
"40,19 : 61.35"
"40,20 : 34.93"
"40,21 : 40.8"
"40,22 : 28.16"
"40,23 : 35.85"
"40,24 : 42.05"
"40,25 : 67.36"
"40,26 : 37.48"
"40,27 : 47.51"
"40,28 : 23.26"
"40,29 : 35.13"
"40,30 : 6.4"
"40,31 : 42.76"
"40,32 : 66.47"
"40,33 : 51.31"
"40,34 : 42.05"
"40,35 : 15.52"
"40,36 : 47.2"
"40,37 : 43.32"
"40,38 : 57.31"
"40,39 : 52.09"
"40,40 : 0.0"
"40,41 : 40.2"
"40,42 : 26.0"
"40,43 : 38.29"
"40,44 : 71.59"
"40,45 : 48.33"
"40,46 : 35.9"
"40,47 : 20.22"
"40,48 : 24.19"
"40,49 : 77.34"
"41,0 : 40.72"
"41,1 : 79.88"
"41,2 : 52.15"
"41,3 : 63.6"
"41,4 : 39.56"
"41,5 : 80.16"
"41,6 : 38.01"
"41,7 : 27.46"
"41,8 : 86.35"
"41,9 : 64.54"
"41,10 : 33.73"
"41,11 : 16.0"
"41,12 : 77.13"
"41,13 : 31.95"
"41,14 : 52.5"
"41,15 : 25.0"
"41,16 : 45.35"
"41,17 : 45.65"
"41,18 : 50.99"
"41,19 : 30.0"
"41,20 : 43.86"
"41,21 : 40.31"
"41,22 : 68.01"
"41,23 : 38.95"
"41,24 : 59.67"
"41,25 : 41.48"
"41,26 : 73.41"
"41,27 : 41.0"
"41,28 : 62.59"
"41,29 : 58.05"
"41,30 : 44.91"
"41,31 : 4.47"
"41,32 : 51.48"
"41,33 : 24.19"
"41,34 : 71.61"
"41,35 : 25.0"
"41,36 : 24.08"
"41,37 : 18.03"
"41,38 : 82.1"
"41,39 : 13.89"
"41,40 : 40.2"
"41,41 : 0.0"
"41,42 : 14.56"
"41,43 : 74.85"
"41,44 : 37.8"
"41,45 : 52.0"
"41,46 : 57.14"
"41,47 : 40.31"
"41,48 : 57.7"
"41,49 : 49.77"
"42,0 : 51.4"
"42,1 : 66.22"
"42,2 : 38.0"
"42,3 : 49.04"
"42,4 : 49.65"
"42,5 : 67.18"
"42,6 : 24.76"
"42,7 : 27.02"
"42,8 : 76.61"
"42,9 : 52.2"
"42,10 : 21.95"
"42,11 : 18.44"
"42,12 : 64.85"
"42,13 : 21.93"
"42,14 : 48.33"
"42,15 : 16.03"
"42,16 : 30.81"
"42,17 : 31.62"
"42,18 : 38.63"
"42,19 : 37.74"
"42,20 : 38.47"
"42,21 : 33.06"
"42,22 : 54.08"
"42,23 : 35.11"
"42,24 : 48.37"
"42,25 : 50.61"
"42,26 : 59.03"
"42,27 : 36.35"
"42,28 : 48.05"
"42,29 : 45.45"
"42,30 : 30.41"
"42,31 : 17.89"
"42,32 : 51.48"
"42,33 : 32.76"
"42,34 : 58.14"
"42,35 : 11.7"
"42,36 : 30.46"
"42,37 : 20.52"
"42,38 : 73.59"
"42,39 : 26.17"
"42,40 : 26.0"
"42,41 : 14.56"
"42,42 : 0.0"
"42,43 : 60.42"
"42,44 : 50.25"
"42,45 : 44.41"
"42,46 : 48.8"
"42,47 : 30.48"
"42,48 : 43.42"
"42,49 : 59.91"
"43,0 : 108.41"
"43,1 : 16.28"
"43,2 : 30.23"
"43,3 : 13.6"
"43,4 : 106.04"
"43,5 : 24.35"
"43,6 : 38.64"
"43,7 : 74.97"
"43,8 : 70.35"
"43,9 : 43.42"
"43,10 : 50.91"
"43,11 : 70.21"
"43,12 : 47.38"
"43,13 : 55.87"
"43,14 : 77.37"
"43,15 : 54.74"
"43,16 : 30.81"
"43,17 : 29.83"
"43,18 : 43.38"
"43,19 : 87.14"
"43,20 : 69.64"
"43,21 : 53.6"
"43,22 : 28.02"
"43,23 : 72.2"
"43,24 : 35.36"
"43,25 : 105.65"
"43,26 : 2.24"
"43,27 : 61.0"
"43,28 : 17.0"
"43,29 : 27.86"
"43,30 : 32.02"
"43,31 : 78.29"
"43,32 : 79.12"
"43,33 : 89.4"
"43,34 : 17.03"
"43,35 : 52.7"
"43,36 : 85.43"
"43,37 : 70.86"
"43,38 : 75.01"
"43,39 : 83.93"
"43,40 : 38.29"
"43,41 : 74.85"
"43,42 : 60.42"
"43,43 : 0.0"
"43,44 : 109.29"
"43,45 : 52.55"
"43,46 : 63.57"
"43,47 : 55.22"
"43,48 : 17.46"
"43,49 : 115.62"
"44,0 : 9.22"
"44,1 : 116.39"
"44,2 : 82.35"
"44,3 : 96.75"
"44,4 : 11.4"
"44,5 : 117.39"
"44,6 : 74.97"
"44,7 : 38.64"
"44,8 : 99.61"
"44,9 : 87.48"
"44,10 : 60.54"
"44,11 : 51.43"
"44,12 : 98.73"
"44,13 : 56.3"
"44,14 : 57.87"
"44,15 : 62.8"
"44,16 : 78.55"
"44,17 : 81.69"
"44,18 : 75.69"
"44,19 : 54.23"
"44,20 : 55.0"
"44,21 : 77.52"
"44,22 : 96.14"
"44,23 : 49.01"
"44,24 : 97.45"
"44,25 : 15.62"
"44,26 : 108.17"
"44,27 : 76.97"
"44,28 : 94.83"
"44,29 : 95.48"
"44,30 : 77.52"
"44,31 : 33.42"
"44,32 : 82.57"
"44,33 : 20.88"
"44,34 : 108.37"
"44,35 : 56.6"
"44,36 : 25.71"
"44,37 : 52.8"
"44,38 : 92.4"
"44,39 : 38.6"
"44,40 : 71.59"
"44,41 : 37.8"
"44,42 : 50.25"
"44,43 : 109.29"
"44,44 : 0.0"
"44,45 : 89.07"
"44,46 : 71.01"
"44,47 : 61.61"
"44,48 : 93.01"
"44,49 : 16.49"
"45,0 : 92.7"
"45,1 : 46.1"
"45,2 : 54.41"
"45,3 : 50.8"
"45,4 : 91.55"
"45,5 : 41.19"
"45,6 : 28.23"
"45,7 : 71.18"
"45,8 : 105.15"
"45,9 : 75.45"
"45,10 : 56.52"
"45,11 : 37.74"
"45,12 : 85.91"
"45,13 : 59.84"
"45,14 : 89.11"
"45,15 : 28.44"
"45,16 : 44.1"
"45,17 : 32.8"
"45,18 : 65.3"
"45,19 : 44.94"
"45,20 : 78.92"
"45,21 : 11.7"
"45,22 : 67.18"
"45,23 : 77.23"
"45,24 : 18.11"
"45,25 : 93.3"
"45,26 : 50.33"
"45,27 : 13.6"
"45,28 : 53.26"
"45,29 : 24.7"
"45,30 : 45.79"
"45,31 : 56.46"
"45,32 : 27.17"
"45,33 : 75.58"
"45,34 : 38.47"
"45,35 : 48.26"
"45,36 : 74.22"
"45,37 : 36.62"
"45,38 : 105.55"
"45,39 : 52.01"
"45,40 : 48.33"
"45,41 : 52.0"
"45,42 : 44.41"
"45,43 : 52.55"
"45,44 : 89.07"
"45,45 : 0.0"
"45,46 : 83.82"
"45,47 : 66.22"
"45,48 : 39.41"
"45,49 : 101.77"
"46,0 : 65.28"
"46,1 : 78.1"
"46,2 : 35.23"
"46,3 : 50.7"
"46,4 : 62.29"
"46,5 : 84.01"
"46,6 : 55.66"
"46,7 : 33.96"
"46,8 : 29.73"
"46,9 : 22.67"
"46,10 : 28.3"
"46,11 : 67.18"
"46,12 : 29.97"
"46,13 : 26.91"
"46,14 : 16.64"
"46,15 : 60.75"
"46,16 : 42.19"
"46,17 : 53.6"
"46,18 : 21.1"
"46,19 : 85.91"
"46,20 : 16.03"
"46,21 : 75.15"
"46,22 : 37.74"
"46,23 : 22.09"
"46,24 : 77.65"
"46,25 : 59.68"
"46,26 : 63.89"
"46,27 : 81.01"
"46,28 : 46.84"
"46,29 : 70.18"
"46,30 : 40.2"
"46,31 : 56.82"
"46,32 : 98.74"
"46,33 : 51.48"
"46,34 : 73.68"
"46,35 : 38.6"
"46,36 : 46.53"
"46,37 : 69.3"
"46,38 : 25.0"
"46,39 : 71.02"
"46,40 : 35.9"
"46,41 : 57.14"
"46,42 : 48.8"
"46,43 : 63.57"
"46,44 : 71.01"
"46,45 : 83.82"
"46,46 : 0.0"
"46,47 : 18.6"
"46,48 : 56.14"
"46,49 : 68.66"
"47,0 : 57.94"
"47,1 : 67.54"
"47,2 : 25.0"
"47,3 : 41.62"
"47,4 : 55.15"
"47,5 : 72.11"
"47,6 : 38.47"
"47,7 : 23.09"
"47,8 : 46.32"
"47,9 : 26.08"
"47,10 : 9.85"
"47,11 : 48.92"
"47,12 : 38.05"
"47,13 : 8.6"
"47,14 : 24.19"
"47,15 : 42.19"
"47,16 : 27.89"
"47,17 : 38.12"
"47,18 : 14.32"
"47,19 : 68.01"
"47,20 : 14.87"
"47,21 : 57.01"
"47,22 : 35.36"
"47,23 : 17.03"
"47,24 : 62.01"
"47,25 : 53.67"
"47,26 : 54.92"
"47,27 : 62.61"
"47,28 : 38.42"
"47,29 : 55.33"
"47,30 : 25.96"
"47,31 : 40.8"
"47,32 : 80.16"
"47,33 : 40.79"
"47,34 : 61.68"
"47,35 : 20.0"
"47,36 : 35.9"
"47,37 : 50.99"
"47,38 : 43.14"
"47,39 : 54.13"
"47,40 : 20.22"
"47,41 : 40.31"
"47,42 : 30.48"
"47,43 : 55.22"
"47,44 : 61.61"
"47,45 : 66.22"
"47,46 : 18.6"
"47,47 : 0.0"
"47,48 : 43.66"
"47,49 : 63.53"
"48,0 : 92.76"
"48,1 : 24.41"
"48,2 : 21.0"
"48,3 : 11.4"
"48,4 : 90.55"
"48,5 : 28.46"
"48,6 : 21.21"
"48,7 : 60.61"
"48,8 : 70.23"
"48,9 : 40.52"
"48,10 : 37.22"
"48,11 : 52.77"
"48,12 : 48.76"
"48,13 : 42.19"
"48,14 : 67.45"
"48,15 : 37.34"
"48,16 : 16.12"
"48,17 : 12.37"
"48,18 : 35.06"
"48,19 : 70.01"
"48,20 : 58.52"
"48,21 : 37.95"
"48,22 : 28.84"
"48,23 : 59.93"
"48,24 : 25.24"
"48,25 : 90.52"
"48,26 : 15.81"
"48,27 : 45.54"
"48,28 : 14.21"
"48,29 : 16.64"
"48,30 : 17.89"
"48,31 : 61.29"
"48,32 : 64.47"
"48,33 : 73.66"
"48,34 : 18.03"
"48,35 : 36.8"
"48,36 : 70.01"
"48,37 : 53.46"
"48,38 : 72.78"
"48,39 : 66.48"
"48,40 : 24.19"
"48,41 : 57.7"
"48,42 : 43.42"
"48,43 : 17.46"
"48,44 : 93.01"
"48,45 : 39.41"
"48,46 : 56.14"
"48,47 : 43.66"
"48,48 : 0.0"
"48,49 : 100.41"
"49,0 : 9.22"
"49,1 : 124.52"
"49,2 : 86.84"
"49,3 : 102.45"
"49,4 : 10.3"
"49,5 : 126.51"
"49,6 : 84.4"
"49,7 : 41.05"
"49,8 : 95.13"
"49,9 : 88.02"
"49,10 : 65.0"
"49,11 : 64.85"
"49,12 : 98.08"
"49,13 : 60.22"
"49,14 : 53.34"
"49,15 : 74.24"
"49,16 : 84.96"
"49,17 : 90.03"
"49,18 : 77.83"
"49,19 : 70.01"
"49,20 : 53.45"
"49,21 : 90.08"
"49,22 : 98.88"
"49,23 : 48.1"
"49,24 : 108.23"
"49,25 : 10.0"
"49,26 : 114.77"
"49,27 : 90.44"
"49,28 : 100.0"
"49,29 : 105.21"
"49,30 : 83.63"
"49,31 : 45.31"
"49,32 : 97.74"
"49,33 : 27.2"
"49,34 : 116.93"
"49,35 : 63.66"
"49,36 : 30.41"
"49,37 : 66.48"
"49,38 : 87.0"
"49,39 : 53.46"
"49,40 : 77.34"
"49,41 : 49.77"
"49,42 : 59.91"
"49,43 : 115.62"
"49,44 : 16.49"
"49,45 : 101.77"
"49,46 : 68.66"
"49,47 : 63.53"
"49,48 : 100.41"
"49,49 : 0.0"
