x,y
64,61
15,1
91,69
42,51
21,76
9,57
31,59
3,83
9,33
58,95
65,98
15,34
64,81
37,22
63,30
21,52
15,56
92,8
22,67
47,71
19,87
40,38
18,15
94,18
87,38
81,56
43,4
11,19
62,24
16,61
97,16
64,40
93,10
78,8
25,71
54,13
86,95
84,58
25,24
42,29
7,44
81,6
43,99
74,36
25,70
49,98
25,8
8,88
49,20
90,87

Distanze
"0,0 : 0.0"
"0,1 : 44.28"
"0,2 : 40.45"
"0,3 : 32.8"
"0,4 : 68.96"
"0,5 : 70.66"
"0,6 : 7.07"
"0,7 : 36.67"
"0,8 : 7.62"
"0,9 : 26.48"
"0,10 : 44.41"
"0,11 : 70.01"
"0,12 : 21.21"
"0,13 : 20.88"
"0,14 : 48.04"
"0,15 : 31.06"
"0,16 : 8.25"
"0,17 : 43.91"
"0,18 : 79.93"
"0,19 : 25.94"
"0,20 : 7.07"
"0,21 : 46.32"
"0,22 : 62.24"
"0,23 : 33.97"
"0,24 : 68.1"
"0,25 : 15.0"
"0,26 : 28.64"
"0,27 : 29.02"
"0,28 : 42.72"
"0,29 : 43.01"
"0,30 : 30.15"
"0,31 : 47.76"
"0,32 : 70.04"
"0,33 : 53.23"
"0,34 : 45.61"
"0,35 : 25.02"
"0,36 : 33.11"
"0,37 : 64.01"
"0,38 : 38.95"
"0,39 : 32.02"
"0,40 : 54.59"
"0,41 : 67.6"
"0,42 : 48.55"
"0,43 : 60.54"
"0,44 : 64.54"
"0,45 : 44.69"
"0,46 : 53.0"
"0,47 : 27.29"
"0,48 : 38.59"
"0,49 : 48.1"
"1,0 : 44.28"
"1,1 : 0.0"
"1,2 : 25.0"
"1,3 : 21.19"
"1,4 : 25.0"
"1,5 : 84.38"
"1,6 : 37.7"
"1,7 : 35.69"
"1,8 : 36.67"
"1,9 : 57.01"
"1,10 : 68.15"
"1,11 : 32.28"
"1,12 : 54.49"
"1,13 : 51.74"
"1,14 : 47.8"
"1,15 : 72.62"
"1,16 : 46.62"
"1,17 : 26.17"
"1,18 : 40.25"
"1,19 : 52.15"
"1,20 : 51.0"
"1,21 : 90.43"
"1,22 : 26.17"
"1,23 : 44.6"
"1,24 : 40.45"
"1,25 : 57.98"
"1,26 : 28.86"
"1,27 : 22.83"
"1,28 : 7.07"
"1,29 : 44.28"
"1,30 : 44.38"
"1,31 : 61.74"
"1,32 : 31.02"
"1,33 : 8.94"
"1,34 : 20.81"
"1,35 : 67.45"
"1,36 : 11.18"
"1,37 : 38.08"
"1,38 : 46.32"
"1,39 : 59.36"
"1,40 : 32.2"
"1,41 : 55.36"
"1,42 : 26.08"
"1,43 : 34.21"
"1,44 : 69.66"
"1,45 : 18.6"
"1,46 : 28.64"
"1,47 : 71.55"
"1,48 : 73.01"
"1,49 : 76.3"
"2,0 : 40.45"
"2,1 : 25.0"
"2,2 : 0.0"
"2,3 : 37.74"
"2,4 : 44.72"
"2,5 : 99.72"
"2,6 : 36.69"
"2,7 : 12.21"
"2,8 : 34.21"
"2,9 : 40.31"
"2,10 : 78.23"
"2,11 : 56.72"
"2,12 : 39.92"
"2,13 : 36.77"
"2,14 : 66.03"
"2,15 : 60.41"
"2,16 : 38.05"
"2,17 : 47.54"
"2,18 : 63.6"
"2,19 : 59.54"
"2,20 : 45.01"
"2,21 : 81.25"
"2,22 : 51.09"
"2,23 : 22.67"
"2,24 : 65.28"
"2,25 : 49.37"
"2,26 : 42.52"
"2,27 : 12.08"
"2,28 : 18.03"
"2,29 : 19.65"
"2,30 : 56.08"
"2,31 : 75.74"
"2,32 : 55.11"
"2,33 : 30.08"
"2,34 : 43.68"
"2,35 : 65.38"
"2,36 : 22.36"
"2,37 : 62.65"
"2,38 : 22.83"
"2,39 : 40.61"
"2,40 : 55.79"
"2,41 : 33.02"
"2,42 : 49.04"
"2,43 : 58.69"
"2,44 : 87.62"
"2,45 : 41.48"
"2,46 : 52.39"
"2,47 : 64.38"
"2,48 : 77.49"
"2,49 : 84.53"
"3,0 : 32.8"
"3,1 : 21.19"
"3,2 : 37.74"
"3,3 : 0.0"
"3,4 : 40.79"
"3,5 : 63.82"
"3,6 : 25.81"
"3,7 : 43.97"
"3,8 : 26.42"
"3,9 : 54.12"
"3,10 : 47.07"
"3,11 : 37.64"
"3,12 : 49.98"
"3,13 : 48.08"
"3,14 : 28.43"
"3,15 : 63.82"
"3,16 : 38.47"
"3,17 : 12.17"
"3,18 : 47.8"
"3,19 : 32.14"
"3,20 : 39.82"
"3,21 : 77.99"
"3,22 : 29.83"
"3,23 : 49.25"
"3,24 : 35.85"
"3,25 : 47.8"
"3,26 : 8.0"
"3,27 : 28.46"
"3,28 : 25.24"
"3,29 : 53.16"
"3,30 : 23.35"
"3,31 : 40.71"
"3,32 : 38.01"
"3,33 : 28.16"
"3,34 : 12.81"
"3,35 : 51.48"
"3,36 : 15.62"
"3,37 : 31.95"
"3,38 : 52.77"
"3,39 : 58.25"
"3,40 : 22.8"
"3,41 : 70.72"
"3,42 : 16.16"
"3,43 : 28.23"
"3,44 : 50.25"
"3,45 : 12.04"
"3,46 : 20.62"
"3,47 : 58.8"
"3,48 : 53.34"
"3,49 : 55.44"
"4,0 : 68.96"
"4,1 : 25.0"
"4,2 : 44.72"
"4,3 : 40.79"
"4,4 : 0.0"
"4,5 : 96.46"
"4,6 : 62.18"
"4,7 : 56.82"
"4,8 : 61.4"
"4,9 : 81.39"
"4,10 : 86.02"
"4,11 : 19.42"
"4,12 : 79.21"
"4,13 : 76.37"
"4,14 : 59.67"
"4,15 : 97.62"
"4,16 : 71.61"
"4,17 : 38.21"
"4,18 : 21.1"
"4,19 : 72.84"
"4,20 : 75.8"
"4,21 : 115.25"
"4,22 : 20.25"
"4,23 : 66.89"
"4,24 : 36.07"
"4,25 : 82.93"
"4,26 : 48.66"
"4,27 : 46.75"
"4,28 : 29.07"
"4,29 : 64.08"
"4,30 : 63.13"
"4,31 : 76.79"
"4,32 : 16.64"
"4,33 : 16.28"
"4,34 : 32.06"
"4,35 : 91.18"
"4,36 : 36.06"
"4,37 : 36.4"
"4,38 : 67.54"
"4,39 : 83.24"
"4,40 : 36.77"
"4,41 : 67.01"
"4,42 : 34.71"
"4,43 : 34.13"
"4,44 : 79.48"
"4,45 : 31.0"
"4,46 : 33.84"
"4,47 : 96.25"
"4,48 : 94.05"
"4,49 : 95.01"
"5,0 : 70.66"
"5,1 : 84.38"
"5,2 : 99.72"
"5,3 : 63.82"
"5,4 : 96.46"
"5,5 : 0.0"
"5,6 : 68.8"
"5,7 : 102.3"
"5,8 : 71.56"
"5,9 : 96.38"
"5,10 : 27.66"
"5,11 : 82.04"
"5,12 : 91.0"
"5,13 : 91.29"
"5,14 : 37.16"
"5,15 : 90.26"
"5,16 : 78.72"
"5,17 : 59.51"
"5,18 : 90.35"
"5,19 : 44.72"
"5,20 : 73.16"
"5,21 : 88.28"
"5,22 : 77.13"
"5,23 : 103.17"
"5,24 : 66.12"
"5,25 : 78.45"
"5,26 : 57.49"
"5,27 : 88.41"
"5,28 : 89.05"
"5,29 : 110.6"
"5,30 : 43.93"
"5,31 : 24.08"
"5,32 : 84.34"
"5,33 : 89.44"
"5,34 : 65.8"
"5,35 : 62.39"
"5,36 : 79.03"
"5,37 : 63.39"
"5,38 : 107.9"
"5,39 : 102.16"
"5,40 : 59.91"
"5,41 : 132.28"
"5,42 : 62.03"
"5,43 : 63.95"
"5,44 : 18.0"
"5,45 : 67.54"
"5,46 : 62.64"
"5,47 : 76.42"
"5,48 : 43.01"
"5,49 : 30.15"
"6,0 : 7.07"
"6,1 : 37.7"
"6,2 : 36.69"
"6,3 : 25.81"
"6,4 : 62.18"
"6,5 : 68.8"
"6,6 : 0.0"
"6,7 : 35.0"
"6,8 : 2.83"
"6,9 : 31.0"
"6,10 : 43.84"
"6,11 : 62.94"
"6,12 : 26.08"
"6,13 : 25.02"
"6,14 : 43.1"
"6,15 : 38.01"
"6,16 : 13.34"
"6,17 : 37.12"
"6,18 : 72.86"
"6,19 : 24.76"
"6,20 : 14.14"
"6,21 : 53.25"
"6,22 : 55.17"
"6,23 : 34.41"
"6,24 : 61.29"
"6,25 : 22.02"
"6,26 : 22.14"
"6,27 : 24.74"
"6,28 : 36.67"
"6,29 : 42.43"
"6,30 : 26.25"
"6,31 : 45.18"
"6,32 : 62.97"
"6,33 : 46.62"
"6,34 : 38.6"
"6,35 : 30.27"
"6,36 : 26.57"
"6,37 : 57.25"
"6,38 : 39.2"
"6,39 : 36.12"
"6,40 : 47.85"
"6,41 : 66.03"
"6,42 : 41.68"
"6,43 : 53.71"
"6,44 : 61.03"
"6,45 : 37.64"
"6,46 : 46.14"
"6,47 : 34.13"
"6,48 : 40.85"
"6,49 : 48.83"
"7,0 : 36.67"
"7,1 : 35.69"
"7,2 : 12.21"
"7,3 : 43.97"
"7,4 : 56.82"
"7,5 : 102.3"
"7,6 : 35.0"
"7,7 : 0.0"
"7,8 : 32.2"
"7,9 : 29.73"
"7,10 : 78.64"
"7,11 : 67.91"
"7,12 : 30.41"
"7,13 : 27.29"
"7,14 : 71.11"
"7,15 : 50.99"
"7,16 : 32.02"
"7,17 : 55.11"
"7,18 : 75.27"
"7,19 : 59.55"
"7,20 : 39.56"
"7,21 : 72.56"
"7,22 : 61.81"
"7,23 : 10.63"
"7,24 : 75.01"
"7,25 : 42.19"
"7,26 : 46.96"
"7,27 : 15.52"
"7,28 : 29.12"
"7,29 : 9.22"
"7,30 : 58.41"
"7,31 : 78.24"
"7,32 : 66.48"
"7,33 : 41.79"
"7,34 : 52.24"
"7,35 : 60.44"
"7,36 : 30.15"
"7,37 : 72.03"
"7,38 : 10.77"
"7,39 : 29.15"
"7,40 : 64.38"
"7,41 : 31.06"
"7,42 : 57.43"
"7,43 : 68.03"
"7,44 : 91.92"
"7,45 : 50.16"
"7,46 : 61.2"
"7,47 : 57.08"
"7,48 : 75.18"
"7,49 : 83.82"
"8,0 : 7.62"
"8,1 : 36.67"
"8,2 : 34.21"
"8,3 : 26.42"
"8,4 : 61.4"
"8,5 : 71.56"
"8,6 : 2.83"
"8,7 : 32.2"
"8,8 : 0.0"
"8,9 : 29.07"
"8,10 : 46.67"
"8,11 : 63.03"
"8,12 : 24.33"
"8,13 : 23.02"
"8,14 : 45.28"
"8,15 : 37.64"
"8,16 : 12.08"
"8,17 : 38.08"
"8,18 : 72.84"
"8,19 : 27.59"
"8,20 : 14.42"
"8,21 : 53.85"
"8,22 : 55.32"
"8,23 : 31.62"
"8,24 : 62.17"
"8,25 : 21.93"
"8,26 : 23.54"
"8,27 : 22.36"
"8,28 : 35.17"
"8,29 : 39.6"
"8,30 : 28.79"
"8,31 : 47.89"
"8,32 : 62.94"
"8,33 : 45.62"
"8,34 : 39.12"
"8,35 : 32.06"
"8,36 : 25.5"
"8,37 : 58.18"
"8,38 : 36.4"
"8,39 : 34.01"
"8,40 : 48.85"
"8,41 : 63.25"
"8,42 : 42.49"
"8,43 : 54.56"
"8,44 : 63.57"
"8,45 : 38.01"
"8,46 : 46.96"
"8,47 : 34.89"
"8,48 : 43.46"
"8,49 : 51.61"
"9,0 : 26.48"
"9,1 : 57.01"
"9,2 : 40.31"
"9,3 : 54.12"
"9,4 : 81.39"
"9,5 : 96.38"
"9,6 : 31.0"
"9,7 : 29.73"
"9,8 : 29.07"
"9,9 : 0.0"
"9,10 : 69.32"
"9,11 : 87.82"
"9,12 : 5.39"
"9,13 : 6.08"
"9,14 : 74.06"
"9,15 : 22.0"
"9,16 : 18.25"
"9,17 : 66.22"
"9,18 : 96.8"
"9,19 : 51.87"
"9,20 : 23.26"
"9,21 : 44.01"
"9,22 : 80.53"
"9,23 : 20.22"
"9,24 : 89.81"
"9,25 : 19.8"
"9,26 : 52.47"
"9,27 : 34.66"
"9,28 : 52.35"
"9,29 : 30.02"
"9,30 : 56.57"
"9,31 : 74.04"
"9,32 : 87.13"
"9,33 : 65.19"
"9,34 : 66.13"
"9,35 : 40.36"
"9,36 : 47.17"
"9,37 : 86.02"
"9,38 : 24.0"
"9,39 : 5.83"
"9,40 : 76.92"
"9,41 : 54.45"
"9,42 : 70.21"
"9,43 : 82.22"
"9,44 : 91.01"
"9,45 : 64.62"
"9,46 : 74.63"
"9,47 : 31.78"
"9,48 : 59.67"
"9,49 : 71.28"
"10,0 : 44.41"
"10,1 : 68.15"
"10,2 : 78.23"
"10,3 : 47.07"
"10,4 : 86.02"
"10,5 : 27.66"
"10,6 : 43.84"
"10,7 : 78.64"
"10,8 : 46.67"
"10,9 : 69.32"
"10,10 : 0.0"
"10,11 : 76.3"
"10,12 : 63.95"
"10,13 : 64.5"
"10,14 : 30.46"
"10,15 : 62.65"
"10,16 : 52.15"
"10,17 : 48.04"
"10,18 : 86.12"
"10,19 : 19.1"
"10,20 : 46.07"
"10,21 : 62.37"
"10,22 : 69.58"
"10,23 : 77.99"
"10,24 : 64.26"
"10,25 : 50.92"
"10,26 : 39.29"
"10,27 : 66.29"
"10,28 : 71.17"
"10,29 : 86.27"
"10,30 : 23.77"
"10,31 : 13.45"
"10,32 : 77.93"
"10,33 : 75.13"
"10,34 : 54.0"
"10,35 : 35.01"
"10,36 : 60.17"
"10,37 : 60.41"
"10,38 : 82.88"
"10,39 : 75.13"
"10,40 : 53.37"
"10,41 : 109.48"
"10,42 : 52.24"
"10,43 : 59.2"
"10,44 : 29.55"
"10,45 : 55.04"
"10,46 : 54.74"
"10,47 : 49.04"
"10,48 : 17.46"
"10,49 : 9.49"
"11,0 : 70.01"
"11,1 : 32.28"
"11,2 : 56.72"
"11,3 : 37.64"
"11,4 : 19.42"
"11,5 : 82.04"
"11,6 : 62.94"
"11,7 : 67.91"
"11,8 : 63.03"
"11,9 : 87.82"
"11,10 : 76.3"
"11,11 : 0.0"
"11,12 : 84.6"
"11,13 : 82.15"
"11,14 : 47.04"
"11,15 : 100.66"
"11,16 : 74.65"
"11,17 : 29.55"
"11,18 : 10.3"
"11,19 : 66.71"
"11,20 : 77.08"
"11,21 : 115.62"
"11,22 : 7.81"
"11,23 : 76.84"
"11,24 : 17.49"
"11,25 : 84.9"
"11,26 : 44.1"
"11,27 : 54.78"
"11,28 : 38.83"
"11,29 : 76.3"
"11,30 : 55.71"
"11,31 : 65.19"
"11,32 : 2.83"
"11,33 : 27.02"
"11,34 : 25.24"
"11,35 : 88.75"
"11,36 : 40.71"
"11,37 : 18.97"
"11,38 : 78.59"
"11,39 : 90.79"
"11,40 : 23.09"
"11,41 : 83.6"
"11,42 : 24.7"
"11,43 : 18.11"
"11,44 : 64.33"
"11,45 : 25.61"
"11,46 : 21.59"
"11,47 : 96.43"
"11,48 : 87.32"
"11,49 : 85.7"
"12,0 : 21.21"
"12,1 : 54.49"
"12,2 : 39.92"
"12,3 : 49.98"
"12,4 : 79.21"
"12,5 : 91.0"
"12,6 : 26.08"
"12,7 : 30.41"
"12,8 : 24.33"
"12,9 : 5.39"
"12,10 : 63.95"
"12,11 : 84.6"
"12,12 : 0.0"
"12,13 : 3.16"
"12,14 : 69.01"
"12,15 : 20.62"
"12,16 : 13.04"
"12,17 : 61.98"
"12,18 : 93.81"
"12,19 : 46.49"
"12,20 : 17.89"
"12,21 : 42.19"
"12,22 : 77.18"
"12,23 : 22.09"
"12,24 : 85.8"
"12,25 : 15.0"
"12,26 : 47.85"
"12,27 : 32.8"
"12,28 : 50.33"
"12,29 : 32.25"
"12,30 : 51.35"
"12,31 : 68.68"
"12,32 : 84.05"
"12,33 : 62.94"
"12,34 : 62.24"
"12,35 : 35.61"
"12,36 : 44.2"
"12,37 : 81.93"
"12,38 : 26.48"
"12,39 : 11.18"
"12,40 : 72.73"
"12,41 : 57.27"
"12,42 : 66.13"
"12,43 : 78.19"
"12,44 : 85.7"
"12,45 : 60.84"
"12,46 : 70.58"
"12,47 : 28.16"
"12,48 : 54.56"
"12,49 : 66.03"
"13,0 : 20.88"
"13,1 : 51.74"
"13,2 : 36.77"
"13,3 : 48.08"
"13,4 : 76.37"
"13,5 : 91.29"
"13,6 : 25.02"
"13,7 : 27.29"
"13,8 : 23.02"
"13,9 : 6.08"
"13,10 : 64.5"
"13,11 : 82.15"
"13,12 : 3.16"
"13,13 : 0.0"
"13,14 : 68.12"
"13,15 : 23.77"
"13,16 : 12.65"
"13,17 : 60.17"
"13,18 : 91.26"
"13,19 : 46.62"
"13,20 : 18.6"
"13,21 : 45.28"
"13,22 : 74.79"
"13,23 : 19.24"
"13,24 : 83.82"
"13,25 : 17.0"
"13,26 : 46.39"
"13,27 : 29.83"
"13,28 : 47.42"
"13,29 : 29.43"
"13,30 : 50.8"
"13,31 : 68.62"
"13,32 : 81.54"
"13,33 : 60.11"
"13,34 : 60.17"
"13,35 : 37.44"
"13,36 : 41.62"
"13,37 : 80.01"
"13,38 : 23.77"
"13,39 : 11.18"
"13,40 : 70.88"
"13,41 : 54.57"
"13,42 : 64.2"
"13,43 : 76.22"
"13,44 : 85.38"
"13,45 : 58.69"
"13,46 : 68.62"
"13,47 : 30.81"
"13,48 : 55.87"
"13,49 : 67.01"
"14,0 : 48.04"
"14,1 : 47.8"
"14,2 : 66.03"
"14,3 : 28.43"
"14,4 : 59.67"
"14,5 : 37.16"
"14,6 : 43.1"
"14,7 : 71.11"
"14,8 : 45.28"
"14,9 : 74.06"
"14,10 : 30.46"
"14,11 : 47.04"
"14,12 : 69.01"
"14,13 : 68.12"
"14,14 : 0.0"
"14,15 : 76.4"
"14,16 : 56.0"
"14,17 : 22.36"
"14,18 : 56.44"
"14,19 : 28.65"
"14,20 : 53.46"
"14,21 : 83.73"
"14,22 : 41.11"
"14,23 : 74.63"
"14,24 : 33.84"
"14,25 : 61.0"
"14,26 : 24.17"
"14,27 : 55.95"
"14,28 : 53.08"
"14,29 : 80.11"
"14,30 : 18.68"
"14,31 : 18.25"
"14,32 : 49.0"
"14,33 : 52.35"
"14,34 : 28.64"
"14,35 : 54.2"
"14,36 : 44.05"
"14,37 : 30.08"
"14,38 : 78.77"
"14,39 : 79.23"
"14,40 : 24.0"
"14,41 : 99.05"
"14,42 : 25.0"
"14,43 : 29.27"
"14,44 : 21.93"
"14,45 : 30.41"
"14,46 : 26.17"
"14,47 : 66.31"
"14,48 : 44.82"
"14,49 : 39.92"
"15,0 : 31.06"
"15,1 : 72.62"
"15,2 : 60.41"
"15,3 : 63.82"
"15,4 : 97.62"
"15,5 : 90.26"
"15,6 : 38.01"
"15,7 : 50.99"
"15,8 : 37.64"
"15,9 : 22.0"
"15,10 : 62.65"
"15,11 : 100.66"
"15,12 : 20.62"
"15,13 : 23.77"
"15,14 : 76.4"
"15,15 : 0.0"
"15,16 : 26.17"
"15,17 : 74.95"
"15,18 : 110.39"
"15,19 : 49.25"
"15,20 : 24.19"
"15,21 : 22.02"
"15,22 : 92.96"
"15,23 : 42.11"
"15,24 : 99.13"
"15,25 : 16.12"
"15,26 : 59.54"
"15,27 : 52.35"
"15,28 : 69.34"
"15,29 : 52.01"
"15,30 : 57.72"
"15,31 : 71.01"
"15,32 : 100.5"
"15,33 : 81.4"
"15,34 : 76.61"
"15,35 : 28.16"
"15,36 : 61.72"
"15,37 : 95.02"
"15,38 : 46.0"
"15,39 : 25.5"
"15,40 : 85.59"
"15,41 : 76.32"
"15,42 : 79.61"
"15,43 : 91.59"
"15,44 : 89.05"
"15,45 : 75.6"
"15,46 : 84.06"
"15,47 : 14.76"
"15,48 : 48.7"
"15,49 : 61.68"
"16,0 : 8.25"
"16,1 : 46.62"
"16,2 : 38.05"
"16,3 : 38.47"
"16,4 : 71.61"
"16,5 : 78.72"
"16,6 : 13.34"
"16,7 : 32.02"
"16,8 : 12.08"
"16,9 : 18.25"
"16,10 : 52.15"
"16,11 : 74.65"
"16,12 : 13.04"
"16,13 : 12.65"
"16,14 : 56.0"
"16,15 : 26.17"
"16,16 : 0.0"
"16,17 : 50.16"
"16,18 : 84.29"
"16,19 : 34.01"
"16,20 : 7.62"
"16,21 : 44.38"
"16,22 : 67.01"
"16,23 : 27.46"
"16,24 : 74.25"
"16,25 : 11.7"
"16,26 : 35.44"
"16,27 : 27.89"
"16,28 : 43.83"
"16,29 : 37.12"
"16,30 : 38.33"
"16,31 : 55.97"
"16,32 : 74.41"
"16,33 : 55.47"
"16,34 : 51.11"
"16,35 : 28.46"
"16,36 : 35.61"
"16,37 : 70.26"
"16,38 : 32.45"
"16,39 : 23.77"
"16,40 : 60.93"
"16,41 : 62.24"
"16,42 : 54.56"
"16,43 : 66.64"
"16,44 : 72.78"
"16,45 : 49.93"
"16,46 : 59.03"
"16,47 : 26.48"
"16,48 : 44.82"
"16,49 : 55.23"
"17,0 : 43.91"
"17,1 : 26.17"
"17,2 : 47.54"
"17,3 : 12.17"
"17,4 : 38.21"
"17,5 : 59.51"
"17,6 : 37.12"
"17,7 : 55.11"
"17,8 : 38.08"
"17,9 : 66.22"
"17,10 : 48.04"
"17,11 : 29.55"
"17,12 : 61.98"
"17,13 : 60.17"
"17,14 : 22.36"
"17,15 : 74.95"
"17,16 : 50.16"
"17,17 : 0.0"
"17,18 : 39.81"
"17,19 : 37.16"
"17,20 : 50.77"
"17,21 : 87.69"
"17,22 : 22.14"
"17,23 : 61.07"
"17,24 : 24.19"
"17,25 : 58.83"
"17,26 : 15.62"
"17,27 : 39.62"
"17,28 : 32.2"
"17,29 : 64.33"
"17,30 : 26.25"
"17,31 : 38.64"
"17,32 : 30.68"
"17,33 : 30.02"
"17,34 : 6.32"
"17,35 : 59.82"
"17,36 : 25.3"
"17,37 : 20.12"
"17,38 : 64.38"
"17,39 : 70.41"
"17,40 : 10.77"
"17,41 : 80.06"
"17,42 : 5.0"
"17,43 : 16.64"
"17,44 : 43.83"
"17,45 : 8.06"
"17,46 : 9.22"
"17,47 : 68.68"
"17,48 : 57.87"
"17,49 : 57.22"
"18,0 : 79.93"
"18,1 : 40.25"
"18,2 : 63.6"
"18,3 : 47.8"
"18,4 : 21.1"
"18,5 : 90.35"
"18,6 : 72.86"
"18,7 : 75.27"
"18,8 : 72.84"
"18,9 : 96.8"
"18,10 : 86.12"
"18,11 : 10.3"
"18,12 : 93.81"
"18,13 : 91.26"
"18,14 : 56.44"
"18,15 : 110.39"
"18,16 : 84.29"
"18,17 : 39.81"
"18,18 : 0.0"
"18,19 : 76.97"
"18,20 : 87.0"
"18,21 : 125.73"
"18,22 : 18.03"
"18,23 : 84.69"
"18,24 : 24.33"
"18,25 : 94.75"
"18,26 : 54.38"
"18,27 : 63.06"
"18,28 : 46.24"
"18,29 : 83.24"
"18,30 : 65.92"
"18,31 : 74.67"
"18,32 : 9.9"
"18,33 : 33.53"
"18,34 : 35.51"
"18,35 : 99.02"
"18,36 : 49.65"
"18,37 : 27.02"
"18,38 : 86.03"
"18,39 : 99.48"
"18,40 : 32.76"
"18,41 : 88.01"
"18,42 : 34.93"
"18,43 : 27.17"
"18,44 : 72.44"
"18,45 : 35.81"
"18,46 : 31.62"
"18,47 : 106.53"
"18,48 : 97.5"
"18,49 : 95.57"
"19,0 : 25.94"
"19,1 : 52.15"
"19,2 : 59.54"
"19,3 : 32.14"
"19,4 : 72.84"
"19,5 : 44.72"
"19,6 : 24.76"
"19,7 : 59.55"
"19,8 : 27.59"
"19,9 : 51.87"
"19,10 : 19.1"
"19,11 : 66.71"
"19,12 : 46.49"
"19,13 : 46.62"
"19,14 : 28.65"
"19,15 : 49.25"
"19,16 : 34.01"
"19,17 : 37.16"
"19,18 : 76.97"
"19,19 : 0.0"
"19,20 : 28.86"
"19,21 : 55.07"
"19,22 : 59.24"
"19,23 : 59.03"
"19,24 : 58.41"
"19,25 : 35.13"
"19,26 : 24.19"
"19,27 : 47.51"
"19,28 : 54.13"
"19,29 : 67.18"
"19,30 : 11.4"
"19,31 : 22.36"
"19,32 : 67.78"
"19,33 : 60.0"
"19,34 : 42.06"
"19,35 : 25.55"
"19,36 : 42.95"
"19,37 : 54.2"
"19,38 : 63.89"
"19,39 : 57.58"
"19,40 : 45.49"
"19,41 : 90.43"
"19,42 : 42.05"
"19,43 : 51.87"
"19,44 : 40.05"
"19,45 : 42.45"
"19,46 : 45.65"
"19,47 : 37.95"
"19,48 : 21.21"
"19,49 : 25.08"
"20,0 : 7.07"
"20,1 : 51.0"
"20,2 : 45.01"
"20,3 : 39.82"
"20,4 : 75.8"
"20,5 : 73.16"
"20,6 : 14.14"
"20,7 : 39.56"
"20,8 : 14.42"
"20,9 : 23.26"
"20,10 : 46.07"
"20,11 : 77.08"
"20,12 : 17.89"
"20,13 : 18.6"
"20,14 : 53.46"
"20,15 : 24.19"
"20,16 : 7.62"
"20,17 : 50.77"
"20,18 : 87.0"
"20,19 : 28.86"
"20,20 : 0.0"
"20,21 : 39.45"
"20,22 : 69.31"
"20,23 : 34.99"
"20,24 : 74.95"
"20,25 : 8.06"
"20,26 : 35.36"
"20,27 : 34.23"
"20,28 : 49.04"
"20,29 : 44.72"
"20,30 : 35.06"
"20,31 : 51.2"
"20,32 : 77.1"
"20,33 : 59.94"
"20,34 : 52.63"
"20,35 : 20.88"
"20,36 : 39.82"
"20,37 : 70.83"
"20,38 : 39.96"
"20,39 : 29.07"
"20,40 : 61.4"
"20,41 : 69.86"
"20,42 : 55.47"
"20,43 : 67.42"
"20,44 : 68.59"
"20,45 : 51.74"
"20,46 : 59.91"
"20,47 : 20.62"
"20,48 : 37.54"
"20,49 : 48.41"
"21,0 : 46.32"
"21,1 : 90.43"
"21,2 : 81.25"
"21,3 : 77.99"
"21,4 : 115.25"
"21,5 : 88.28"
"21,6 : 53.25"
"21,7 : 72.56"
"21,8 : 53.85"
"21,9 : 44.01"
"21,10 : 62.37"
"21,11 : 115.62"
"21,12 : 42.19"
"21,13 : 45.28"
"21,14 : 83.73"
"21,15 : 22.02"
"21,16 : 44.38"
"21,17 : 87.69"
"21,18 : 125.73"
"21,19 : 55.07"
"21,20 : 39.45"
"21,21 : 0.0"
"21,22 : 107.81"
"21,23 : 64.03"
"21,24 : 111.29"
"21,25 : 32.7"
"21,26 : 72.12"
"21,27 : 72.11"
"21,28 : 88.14"
"21,29 : 74.0"
"21,30 : 65.73"
"21,31 : 73.68"
"21,32 : 115.88"
"21,33 : 99.36"
"21,34 : 90.61"
"21,35 : 29.53"
"21,36 : 79.26"
"21,37 : 107.06"
"21,38 : 68.01"
"21,39 : 47.38"
"21,40 : 97.74"
"21,41 : 98.33"
"21,42 : 92.63"
"21,43 : 104.06"
"21,44 : 91.48"
"21,45 : 90.03"
"21,46 : 96.9"
"21,47 : 19.21"
"21,48 : 45.4"
"21,49 : 58.14"
"22,0 : 62.24"
"22,1 : 26.17"
"22,2 : 51.09"
"22,3 : 29.83"
"22,4 : 20.25"
"22,5 : 77.13"
"22,6 : 55.17"
"22,7 : 61.81"
"22,8 : 55.32"
"22,9 : 80.53"
"22,10 : 69.58"
"22,11 : 7.81"
"22,12 : 77.18"
"22,13 : 74.79"
"22,14 : 41.11"
"22,15 : 92.96"
"22,16 : 67.01"
"22,17 : 22.14"
"22,18 : 18.03"
"22,19 : 59.24"
"22,20 : 69.31"
"22,21 : 107.81"
"22,22 : 0.0"
"22,23 : 70.34"
"22,24 : 16.64"
"22,25 : 77.16"
"22,26 : 36.36"
"22,27 : 48.08"
"22,28 : 33.06"
"22,29 : 70.46"
"22,30 : 48.38"
"22,31 : 59.0"
"22,32 : 8.54"
"22,33 : 22.56"
"22,34 : 17.49"
"22,35 : 80.99"
"22,36 : 33.62"
"22,37 : 16.28"
"22,38 : 72.37"
"22,39 : 83.67"
"22,40 : 17.26"
"22,41 : 79.62"
"22,42 : 17.46"
"22,43 : 13.89"
"22,44 : 59.77"
"22,45 : 17.8"
"22,46 : 15.0"
"22,47 : 88.62"
"22,48 : 80.01"
"22,49 : 78.92"
"23,0 : 33.97"
"23,1 : 44.6"
"23,2 : 22.67"
"23,3 : 49.25"
"23,4 : 66.89"
"23,5 : 103.17"
"23,6 : 34.41"
"23,7 : 10.63"
"23,8 : 31.62"
"23,9 : 20.22"
"23,10 : 77.99"
"23,11 : 76.84"
"23,12 : 22.09"
"23,13 : 19.24"
"23,14 : 74.63"
"23,15 : 42.11"
"23,16 : 27.46"
"23,17 : 61.07"
"23,18 : 84.69"
"23,19 : 59.03"
"23,20 : 34.99"
"23,21 : 64.03"
"23,22 : 70.34"
"23,23 : 0.0"
"23,24 : 82.49"
"23,25 : 35.74"
"23,26 : 50.7"
"23,27 : 22.36"
"23,28 : 38.48"
"23,29 : 10.2"
"23,30 : 59.94"
"23,31 : 79.4"
"23,32 : 75.61"
"23,33 : 51.43"
"23,34 : 59.08"
"23,35 : 55.46"
"23,36 : 37.34"
"23,37 : 79.23"
"23,38 : 5.0"
"23,39 : 18.79"
"23,40 : 71.01"
"23,41 : 35.44"
"23,42 : 64.01"
"23,43 : 75.24"
"23,44 : 94.43"
"23,45 : 57.14"
"23,46 : 68.07"
"23,47 : 50.01"
"23,48 : 72.2"
"23,49 : 82.07"
"24,0 : 68.1"
"24,1 : 40.45"
"24,2 : 65.28"
"24,3 : 35.85"
"24,4 : 36.07"
"24,5 : 66.12"
"24,6 : 61.29"
"24,7 : 75.01"
"24,8 : 62.17"
"24,9 : 89.81"
"24,10 : 64.26"
"24,11 : 17.49"
"24,12 : 85.8"
"24,13 : 83.82"
"24,14 : 33.84"
"24,15 : 99.13"
"24,16 : 74.25"
"24,17 : 24.19"
"24,18 : 24.33"
"24,19 : 58.41"
"24,20 : 74.95"
"24,21 : 111.29"
"24,22 : 16.64"
"24,23 : 82.49"
"24,24 : 0.0"
"24,25 : 83.01"
"24,26 : 39.66"
"24,27 : 60.21"
"24,28 : 47.52"
"24,29 : 84.01"
"24,30 : 47.01"
"24,31 : 51.92"
"24,32 : 20.25"
"24,33 : 38.63"
"24,34 : 23.77"
"24,35 : 82.73"
"24,36 : 45.18"
"24,37 : 4.24"
"24,38 : 85.15"
"24,39 : 93.68"
"24,40 : 13.6"
"24,41 : 95.34"
"24,42 : 19.7"
"24,43 : 7.62"
"24,44 : 48.17"
"24,45 : 25.5"
"24,46 : 15.23"
"24,47 : 92.46"
"24,48 : 77.52"
"24,49 : 73.74"
"25,0 : 15.0"
"25,1 : 57.98"
"25,2 : 49.37"
"25,3 : 47.8"
"25,4 : 82.93"
"25,5 : 78.45"
"25,6 : 22.02"
"25,7 : 42.19"
"25,8 : 21.93"
"25,9 : 19.8"
"25,10 : 50.92"
"25,11 : 84.9"
"25,12 : 15.0"
"25,13 : 17.0"
"25,14 : 61.0"
"25,15 : 16.12"
"25,16 : 11.7"
"25,17 : 58.83"
"25,18 : 94.75"
"25,19 : 35.13"
"25,20 : 8.06"
"25,21 : 32.7"
"25,22 : 77.16"
"25,23 : 35.74"
"25,24 : 83.01"
"25,25 : 0.0"
"25,26 : 43.42"
"25,27 : 39.56"
"25,28 : 55.46"
"25,29 : 45.88"
"25,30 : 42.43"
"25,31 : 57.43"
"25,32 : 84.85"
"25,33 : 66.89"
"25,34 : 60.61"
"25,35 : 20.62"
"25,36 : 46.87"
"25,37 : 78.89"
"25,38 : 40.5"
"25,39 : 25.5"
"25,40 : 69.46"
"25,41 : 71.17"
"25,42 : 63.51"
"25,43 : 75.47"
"25,44 : 75.17"
"25,45 : 59.67"
"25,46 : 67.96"
"25,47 : 15.03"
"25,48 : 40.0"
"25,49 : 51.97"
"26,0 : 28.64"
"26,1 : 28.86"
"26,2 : 42.52"
"26,3 : 8.0"
"26,4 : 48.66"
"26,5 : 57.49"
"26,6 : 22.14"
"26,7 : 46.96"
"26,8 : 23.54"
"26,9 : 52.47"
"26,10 : 39.29"
"26,11 : 44.1"
"26,12 : 47.85"
"26,13 : 46.39"
"26,14 : 24.17"
"26,15 : 59.54"
"26,16 : 35.44"
"26,17 : 15.62"
"26,18 : 54.38"
"26,19 : 24.19"
"26,20 : 35.36"
"26,21 : 72.12"
"26,22 : 36.36"
"26,23 : 50.7"
"26,24 : 39.66"
"26,25 : 43.42"
"26,26 : 0.0"
"26,27 : 31.91"
"26,28 : 32.2"
"26,29 : 55.95"
"26,30 : 15.52"
"26,31 : 33.84"
"26,32 : 44.78"
"26,33 : 36.12"
"26,34 : 18.87"
"26,35 : 44.65"
"26,36 : 21.63"
"26,37 : 35.51"
"26,38 : 54.71"
"26,39 : 57.14"
"26,40 : 26.08"
"26,41 : 75.43"
"26,42 : 20.52"
"26,43 : 32.2"
"26,44 : 45.22"
"26,45 : 18.79"
"26,46 : 24.84"
"26,47 : 53.08"
"26,48 : 45.4"
"26,49 : 47.52"
"27,0 : 29.02"
"27,1 : 22.83"
"27,2 : 12.08"
"27,3 : 28.46"
"27,4 : 46.75"
"27,5 : 88.41"
"27,6 : 24.74"
"27,7 : 15.52"
"27,8 : 22.36"
"27,9 : 34.66"
"27,10 : 66.29"
"27,11 : 54.78"
"27,12 : 32.8"
"27,13 : 29.83"
"27,14 : 55.95"
"27,15 : 52.35"
"27,16 : 27.89"
"27,17 : 39.62"
"27,18 : 63.06"
"27,19 : 47.51"
"27,20 : 34.23"
"27,21 : 72.11"
"27,22 : 48.08"
"27,23 : 22.36"
"27,24 : 60.21"
"27,25 : 39.56"
"27,26 : 31.91"
"27,27 : 0.0"
"27,28 : 17.69"
"27,29 : 24.74"
"27,30 : 44.55"
"27,31 : 64.35"
"27,32 : 53.71"
"27,33 : 30.61"
"27,34 : 37.01"
"27,35 : 54.04"
"27,36 : 15.03"
"27,37 : 57.04"
"27,38 : 25.0"
"27,39 : 36.62"
"27,40 : 49.09"
"27,41 : 43.86"
"27,42 : 42.11"
"27,43 : 53.04"
"27,44 : 77.1"
"27,45 : 35.0"
"27,46 : 46.01"
"27,47 : 54.34"
"27,48 : 65.46"
"27,49 : 72.47"
"28,0 : 42.72"
"28,1 : 7.07"
"28,2 : 18.03"
"28,3 : 25.24"
"28,4 : 29.07"
"28,5 : 89.05"
"28,6 : 36.67"
"28,7 : 29.12"
"28,8 : 35.17"
"28,9 : 52.35"
"28,10 : 71.17"
"28,11 : 38.83"
"28,12 : 50.33"
"28,13 : 47.42"
"28,14 : 53.08"
"28,15 : 69.34"
"28,16 : 43.83"
"28,17 : 32.2"
"28,18 : 46.24"
"28,19 : 54.13"
"28,20 : 49.04"
"28,21 : 88.14"
"28,22 : 33.06"
"28,23 : 38.48"
"28,24 : 47.52"
"28,25 : 55.46"
"28,26 : 32.2"
"28,27 : 17.69"
"28,28 : 0.0"
"28,29 : 37.48"
"28,30 : 47.54"
"28,31 : 65.86"
"28,32 : 37.36"
"28,33 : 13.04"
"28,34 : 27.29"
"28,35 : 66.91"
"28,36 : 11.18"
"28,37 : 45.12"
"28,38 : 39.85"
"28,39 : 54.2"
"28,40 : 39.0"
"28,41 : 48.47"
"28,42 : 32.65"
"28,43 : 41.23"
"28,44 : 75.01"
"28,45 : 25.06"
"28,46 : 35.47"
"28,47 : 69.64"
"28,48 : 74.43"
"28,49 : 78.85"
"29,0 : 43.01"
"29,1 : 44.28"
"29,2 : 19.65"
"29,3 : 53.16"
"29,4 : 64.08"
"29,5 : 110.6"
"29,6 : 42.43"
"29,7 : 9.22"
"29,8 : 39.6"
"29,9 : 30.02"
"29,10 : 86.27"
"29,11 : 76.3"
"29,12 : 32.25"
"29,13 : 29.43"
"29,14 : 80.11"
"29,15 : 52.01"
"29,16 : 37.12"
"29,17 : 64.33"
"29,18 : 83.24"
"29,19 : 67.18"
"29,20 : 44.72"
"29,21 : 74.0"
"29,22 : 70.46"
"29,23 : 10.2"
"29,24 : 84.01"
"29,25 : 45.88"
"29,26 : 55.95"
"29,27 : 24.74"
"29,28 : 37.48"
"29,29 : 0.0"
"29,30 : 66.85"
"29,31 : 86.61"
"29,32 : 74.73"
"29,33 : 49.73"
"29,34 : 61.4"
"29,35 : 65.39"
"29,36 : 39.32"
"29,37 : 81.1"
"29,38 : 6.08"
"29,39 : 27.66"
"29,40 : 73.55"
"29,41 : 25.3"
"29,42 : 66.61"
"29,43 : 77.1"
"29,44 : 100.72"
"29,45 : 59.3"
"29,46 : 70.35"
"29,47 : 60.21"
"29,48 : 81.54"
"29,49 : 90.91"
"30,0 : 30.15"
"30,1 : 44.38"
"30,2 : 56.08"
"30,3 : 23.35"
"30,4 : 63.13"
"30,5 : 43.93"
"30,6 : 26.25"
"30,7 : 58.41"
"30,8 : 28.79"
"30,9 : 56.57"
"30,10 : 23.77"
"30,11 : 55.71"
"30,12 : 51.35"
"30,13 : 50.8"
"30,14 : 18.68"
"30,15 : 57.72"
"30,16 : 38.33"
"30,17 : 26.25"
"30,18 : 65.92"
"30,19 : 11.4"
"30,20 : 35.06"
"30,21 : 65.73"
"30,22 : 48.38"
"30,23 : 59.94"
"30,24 : 47.01"
"30,25 : 42.43"
"30,26 : 15.52"
"30,27 : 44.55"
"30,28 : 47.54"
"30,29 : 66.85"
"30,30 : 0.0"
"30,31 : 19.85"
"30,32 : 56.92"
"30,33 : 51.48"
"30,34 : 31.58"
"30,35 : 36.4"
"30,36 : 36.67"
"30,37 : 42.8"
"30,38 : 64.5"
"30,39 : 61.98"
"30,40 : 34.13"
"30,41 : 88.39"
"30,42 : 31.02"
"30,43 : 40.5"
"30,44 : 34.79"
"30,45 : 32.25"
"30,46 : 34.44"
"30,47 : 47.85"
"30,48 : 31.62"
"30,49 : 32.14"
"31,0 : 47.76"
"31,1 : 61.74"
"31,2 : 75.74"
"31,3 : 40.71"
"31,4 : 76.79"
"31,5 : 24.08"
"31,6 : 45.18"
"31,7 : 78.24"
"31,8 : 47.89"
"31,9 : 74.04"
"31,10 : 13.45"
"31,11 : 65.19"
"31,12 : 68.68"
"31,13 : 68.62"
"31,14 : 18.25"
"31,15 : 71.01"
"31,16 : 55.97"
"31,17 : 38.64"
"31,18 : 74.67"
"31,19 : 22.36"
"31,20 : 51.2"
"31,21 : 73.68"
"31,22 : 59.0"
"31,23 : 79.4"
"31,24 : 51.92"
"31,25 : 57.43"
"31,26 : 33.84"
"31,27 : 64.35"
"31,28 : 65.86"
"31,29 : 86.61"
"31,30 : 19.85"
"31,31 : 0.0"
"31,32 : 67.07"
"31,33 : 67.68"
"31,34 : 44.91"
"31,35 : 44.91"
"31,36 : 55.47"
"31,37 : 48.27"
"31,38 : 84.06"
"31,39 : 79.7"
"31,40 : 42.11"
"31,41 : 108.21"
"31,42 : 42.19"
"31,43 : 47.52"
"31,44 : 18.11"
"31,45 : 46.32"
"31,46 : 44.0"
"31,47 : 58.55"
"31,48 : 30.23"
"31,49 : 22.47"
"32,0 : 70.04"
"32,1 : 31.02"
"32,2 : 55.11"
"32,3 : 38.01"
"32,4 : 16.64"
"32,5 : 84.34"
"32,6 : 62.97"
"32,7 : 66.48"
"32,8 : 62.94"
"32,9 : 87.13"
"32,10 : 77.93"
"32,11 : 2.83"
"32,12 : 84.05"
"32,13 : 81.54"
"32,14 : 49.0"
"32,15 : 100.5"
"32,16 : 74.41"
"32,17 : 30.68"
"32,18 : 9.9"
"32,19 : 67.78"
"32,20 : 77.1"
"32,21 : 115.88"
"32,22 : 8.54"
"32,23 : 75.61"
"32,24 : 20.25"
"32,25 : 84.85"
"32,26 : 44.78"
"32,27 : 53.71"
"32,28 : 37.36"
"32,29 : 74.73"
"32,30 : 56.92"
"32,31 : 67.07"
"32,32 : 0.0"
"32,33 : 25.18"
"32,34 : 25.94"
"32,35 : 89.36"
"32,36 : 39.96"
"32,37 : 21.54"
"32,38 : 77.2"
"32,39 : 89.94"
"32,40 : 25.0"
"32,41 : 81.39"
"32,42 : 25.96"
"32,43 : 20.4"
"32,44 : 66.71"
"32,45 : 26.08"
"32,46 : 23.19"
"32,47 : 96.67"
"32,48 : 88.54"
"32,49 : 87.3"
"33,0 : 53.23"
"33,1 : 8.94"
"33,2 : 30.08"
"33,3 : 28.16"
"33,4 : 16.28"
"33,5 : 89.44"
"33,6 : 46.62"
"33,7 : 41.79"
"33,8 : 45.62"
"33,9 : 65.19"
"33,10 : 75.13"
"33,11 : 27.02"
"33,12 : 62.94"
"33,13 : 60.11"
"33,14 : 52.35"
"33,15 : 81.4"
"33,16 : 55.47"
"33,17 : 30.02"
"33,18 : 33.53"
"33,19 : 60.0"
"33,20 : 59.94"
"33,21 : 99.36"
"33,22 : 22.56"
"33,23 : 51.43"
"33,24 : 38.63"
"33,25 : 66.89"
"33,26 : 36.12"
"33,27 : 30.61"
"33,28 : 13.04"
"33,29 : 49.73"
"33,30 : 51.48"
"33,31 : 67.68"
"33,32 : 25.18"
"33,33 : 0.0"
"33,34 : 23.85"
"33,35 : 76.24"
"33,36 : 20.12"
"33,37 : 37.12"
"33,38 : 52.55"
"33,39 : 67.2"
"33,40 : 33.3"
"33,41 : 57.07"
"33,42 : 28.43"
"33,43 : 33.62"
"33,44 : 73.78"
"33,45 : 21.95"
"33,46 : 29.73"
"33,47 : 80.5"
"33,48 : 81.06"
"33,49 : 83.6"
"34,0 : 45.61"
"34,1 : 20.81"
"34,2 : 43.68"
"34,3 : 12.81"
"34,4 : 32.06"
"34,5 : 65.8"
"34,6 : 38.6"
"34,7 : 52.24"
"34,8 : 39.12"
"34,9 : 66.13"
"34,10 : 54.0"
"34,11 : 25.24"
"34,12 : 62.24"
"34,13 : 60.17"
"34,14 : 28.64"
"34,15 : 76.61"
"34,16 : 51.11"
"34,17 : 6.32"
"34,18 : 35.51"
"34,19 : 42.06"
"34,20 : 52.63"
"34,21 : 90.61"
"34,22 : 17.49"
"34,23 : 59.08"
"34,24 : 23.77"
"34,25 : 60.61"
"34,26 : 18.87"
"34,27 : 37.01"
"34,28 : 27.29"
"34,29 : 61.4"
"34,30 : 31.58"
"34,31 : 44.91"
"34,32 : 25.94"
"34,33 : 23.85"
"34,34 : 0.0"
"34,35 : 63.51"
"34,36 : 22.09"
"34,37 : 20.22"
"34,38 : 62.01"
"34,39 : 69.92"
"34,40 : 12.17"
"34,41 : 75.64"
"34,42 : 5.39"
"34,43 : 16.28"
"34,44 : 49.93"
"34,45 : 2.24"
"34,46 : 9.0"
"34,47 : 71.45"
"34,48 : 63.06"
"34,49 : 63.07"
"35,0 : 25.02"
"35,1 : 67.45"
"35,2 : 65.38"
"35,3 : 51.48"
"35,4 : 91.18"
"35,5 : 62.39"
"35,6 : 30.27"
"35,7 : 60.44"
"35,8 : 32.06"
"35,9 : 40.36"
"35,10 : 35.01"
"35,11 : 88.75"
"35,12 : 35.61"
"35,13 : 37.44"
"35,14 : 54.2"
"35,15 : 28.16"
"35,16 : 28.46"
"35,17 : 59.82"
"35,18 : 99.02"
"35,19 : 25.55"
"35,20 : 20.88"
"35,21 : 29.53"
"35,22 : 80.99"
"35,23 : 55.46"
"35,24 : 82.73"
"35,25 : 20.62"
"35,26 : 44.65"
"35,27 : 54.04"
"35,28 : 66.91"
"35,29 : 65.39"
"35,30 : 36.4"
"35,31 : 44.91"
"35,32 : 89.36"
"35,33 : 76.24"
"35,34 : 63.51"
"35,35 : 0.0"
"35,36 : 56.52"
"35,37 : 78.49"
"35,38 : 60.37"
"35,39 : 45.97"
"35,40 : 69.35"
"35,41 : 90.62"
"35,42 : 64.82"
"35,43 : 75.74"
"35,44 : 62.97"
"35,45 : 63.29"
"35,46 : 68.88"
"35,47 : 14.04"
"35,48 : 20.62"
"35,49 : 33.53"
"36,0 : 33.11"
"36,1 : 11.18"
"36,2 : 22.36"
"36,3 : 15.62"
"36,4 : 36.06"
"36,5 : 79.03"
"36,6 : 26.57"
"36,7 : 30.15"
"36,8 : 25.5"
"36,9 : 47.17"
"36,10 : 60.17"
"36,11 : 40.71"
"36,12 : 44.2"
"36,13 : 41.62"
"36,14 : 44.05"
"36,15 : 61.72"
"36,16 : 35.61"
"36,17 : 25.3"
"36,18 : 49.65"
"36,19 : 42.95"
"36,20 : 39.82"
"36,21 : 79.26"
"36,22 : 33.62"
"36,23 : 37.34"
"36,24 : 45.18"
"36,25 : 46.87"
"36,26 : 21.63"
"36,27 : 15.03"
"36,28 : 11.18"
"36,29 : 39.32"
"36,30 : 36.67"
"36,31 : 55.47"
"36,32 : 39.96"
"36,33 : 20.12"
"36,34 : 22.09"
"36,35 : 56.52"
"36,36 : 0.0"
"36,37 : 42.01"
"36,38 : 40.01"
"36,39 : 50.09"
"36,40 : 34.23"
"36,41 : 55.23"
"36,42 : 27.29"
"36,43 : 38.01"
"36,44 : 65.86"
"36,45 : 20.02"
"36,46 : 31.06"
"36,47 : 60.37"
"36,48 : 63.29"
"36,49 : 67.72"
"37,0 : 64.01"
"37,1 : 38.08"
"37,2 : 62.65"
"37,3 : 31.95"
"37,4 : 36.4"
"37,5 : 63.39"
"37,6 : 57.25"
"37,7 : 72.03"
"37,8 : 58.18"
"37,9 : 86.02"
"37,10 : 60.41"
"37,11 : 18.97"
"37,12 : 81.93"
"37,13 : 80.01"
"37,14 : 30.08"
"37,15 : 95.02"
"37,16 : 70.26"
"37,17 : 20.12"
"37,18 : 27.02"
"37,19 : 54.2"
"37,20 : 70.83"
"37,21 : 107.06"
"37,22 : 16.28"
"37,23 : 79.23"
"37,24 : 4.24"
"37,25 : 78.89"
"37,26 : 35.51"
"37,27 : 57.04"
"37,28 : 45.12"
"37,29 : 81.1"
"37,30 : 42.8"
"37,31 : 48.27"
"37,32 : 21.54"
"37,33 : 37.12"
"37,34 : 20.22"
"37,35 : 78.49"
"37,36 : 42.01"
"37,37 : 0.0"
"37,38 : 82.02"
"37,39 : 89.99"
"37,40 : 9.43"
"37,41 : 93.3"
"37,42 : 15.81"
"37,43 : 4.0"
"37,44 : 45.54"
"37,45 : 22.09"
"37,46 : 11.4"
"37,47 : 88.24"
"37,48 : 73.43"
"37,49 : 69.89"
"38,0 : 38.95"
"38,1 : 46.32"
"38,2 : 22.83"
"38,3 : 52.77"
"38,4 : 67.54"
"38,5 : 107.9"
"38,6 : 39.2"
"38,7 : 10.77"
"38,8 : 36.4"
"38,9 : 24.0"
"38,10 : 82.88"
"38,11 : 78.59"
"38,12 : 26.48"
"38,13 : 23.77"
"38,14 : 78.77"
"38,15 : 46.0"
"38,16 : 32.45"
"38,17 : 64.38"
"38,18 : 86.03"
"38,19 : 63.89"
"38,20 : 39.96"
"38,21 : 68.01"
"38,22 : 72.37"
"38,23 : 5.0"
"38,24 : 85.15"
"38,25 : 40.5"
"38,26 : 54.71"
"38,27 : 25.0"
"38,28 : 39.85"
"38,29 : 6.08"
"38,30 : 64.5"
"38,31 : 84.06"
"38,32 : 77.2"
"38,33 : 52.55"
"38,34 : 62.01"
"38,35 : 60.37"
"38,36 : 40.01"
"38,37 : 82.02"
"38,38 : 0.0"
"38,39 : 21.59"
"38,40 : 74.06"
"38,41 : 30.81"
"38,42 : 67.07"
"38,43 : 78.03"
"38,44 : 98.84"
"38,45 : 60.0"
"38,46 : 71.01"
"38,47 : 54.57"
"38,48 : 77.2"
"38,49 : 87.05"
"39,0 : 32.02"
"39,1 : 59.36"
"39,2 : 40.61"
"39,3 : 58.25"
"39,4 : 83.24"
"39,5 : 102.16"
"39,6 : 36.12"
"39,7 : 29.15"
"39,8 : 34.01"
"39,9 : 5.83"
"39,10 : 75.13"
"39,11 : 90.79"
"39,12 : 11.18"
"39,13 : 11.18"
"39,14 : 79.23"
"39,15 : 25.5"
"39,16 : 23.77"
"39,17 : 70.41"
"39,18 : 99.48"
"39,19 : 57.58"
"39,20 : 29.07"
"39,21 : 47.38"
"39,22 : 83.67"
"39,23 : 18.79"
"39,24 : 93.68"
"39,25 : 25.5"
"39,26 : 57.14"
"39,27 : 36.62"
"39,28 : 54.2"
"39,29 : 27.66"
"39,30 : 61.98"
"39,31 : 79.7"
"39,32 : 89.94"
"39,33 : 67.2"
"39,34 : 69.92"
"39,35 : 45.97"
"39,36 : 50.09"
"39,37 : 89.99"
"39,38 : 21.59"
"39,39 : 0.0"
"39,40 : 81.02"
"39,41 : 51.04"
"39,42 : 74.22"
"39,43 : 86.13"
"39,44 : 96.54"
"39,45 : 68.31"
"39,46 : 78.59"
"39,47 : 36.72"
"39,48 : 65.44"
"39,49 : 77.1"
"40,0 : 54.59"
"40,1 : 32.2"
"40,2 : 55.79"
"40,3 : 22.8"
"40,4 : 36.77"
"40,5 : 59.91"
"40,6 : 47.85"
"40,7 : 64.38"
"40,8 : 48.85"
"40,9 : 76.92"
"40,10 : 53.37"
"40,11 : 23.09"
"40,12 : 72.73"
"40,13 : 70.88"
"40,14 : 24.0"
"40,15 : 85.59"
"40,16 : 60.93"
"40,17 : 10.77"
"40,18 : 32.76"
"40,19 : 45.49"
"40,20 : 61.4"
"40,21 : 97.74"
"40,22 : 17.26"
"40,23 : 71.01"
"40,24 : 13.6"
"40,25 : 69.46"
"40,26 : 26.08"
"40,27 : 49.09"
"40,28 : 39.0"
"40,29 : 73.55"
"40,30 : 34.13"
"40,31 : 42.11"
"40,32 : 25.0"
"40,33 : 33.3"
"40,34 : 12.17"
"40,35 : 69.35"
"40,36 : 34.23"
"40,37 : 9.43"
"40,38 : 74.06"
"40,39 : 81.02"
"40,40 : 0.0"
"40,41 : 87.46"
"40,42 : 7.0"
"40,43 : 6.4"
"40,44 : 42.72"
"40,45 : 14.32"
"40,46 : 3.61"
"40,47 : 78.87"
"40,48 : 65.31"
"40,49 : 62.82"
"41,0 : 67.6"
"41,1 : 55.36"
"41,2 : 33.02"
"41,3 : 70.72"
"41,4 : 67.01"
"41,5 : 132.28"
"41,6 : 66.03"
"41,7 : 31.06"
"41,8 : 63.25"
"41,9 : 54.45"
"41,10 : 109.48"
"41,11 : 83.6"
"41,12 : 57.27"
"41,13 : 54.57"
"41,14 : 99.05"
"41,15 : 76.32"
"41,16 : 62.24"
"41,17 : 80.06"
"41,18 : 88.01"
"41,19 : 90.43"
"41,20 : 69.86"
"41,21 : 98.33"
"41,22 : 79.62"
"41,23 : 35.44"
"41,24 : 95.34"
"41,25 : 71.17"
"41,26 : 75.43"
"41,27 : 43.86"
"41,28 : 48.47"
"41,29 : 25.3"
"41,30 : 88.39"
"41,31 : 108.21"
"41,32 : 81.39"
"41,33 : 57.07"
"41,34 : 75.64"
"41,35 : 90.62"
"41,36 : 55.23"
"41,37 : 93.3"
"41,38 : 30.81"
"41,39 : 51.04"
"41,40 : 87.46"
"41,41 : 0.0"
"41,42 : 81.02"
"41,43 : 89.49"
"41,44 : 120.6"
"41,45 : 73.41"
"41,46 : 83.93"
"41,47 : 85.38"
"41,48 : 106.17"
"41,49 : 114.86"
"42,0 : 48.55"
"42,1 : 26.08"
"42,2 : 49.04"
"42,3 : 16.16"
"42,4 : 34.71"
"42,5 : 62.03"
"42,6 : 41.68"
"42,7 : 57.43"
"42,8 : 42.49"
"42,9 : 70.21"
"42,10 : 52.24"
"42,11 : 24.7"
"42,12 : 66.13"
"42,13 : 64.2"
"42,14 : 25.0"
"42,15 : 79.61"
"42,16 : 54.56"
"42,17 : 5.0"
"42,18 : 34.93"
"42,19 : 42.05"
"42,20 : 55.47"
"42,21 : 92.63"
"42,22 : 17.46"
"42,23 : 64.01"
"42,24 : 19.7"
"42,25 : 63.51"
"42,26 : 20.52"
"42,27 : 42.11"
"42,28 : 32.65"
"42,29 : 66.61"
"42,30 : 31.02"
"42,31 : 42.19"
"42,32 : 25.96"
"42,33 : 28.43"
"42,34 : 5.39"
"42,35 : 64.82"
"42,36 : 27.29"
"42,37 : 15.81"
"42,38 : 67.07"
"42,39 : 74.22"
"42,40 : 7.0"
"42,41 : 81.02"
"42,42 : 0.0"
"42,43 : 12.08"
"42,44 : 45.65"
"42,45 : 7.62"
"42,46 : 4.47"
"42,47 : 73.59"
"42,48 : 62.63"
"42,49 : 61.52"
"43,0 : 60.54"
"43,1 : 34.21"
"43,2 : 58.69"
"43,3 : 28.23"
"43,4 : 34.13"
"43,5 : 63.95"
"43,6 : 53.71"
"43,7 : 68.03"
"43,8 : 54.56"
"43,9 : 82.22"
"43,10 : 59.2"
"43,11 : 18.11"
"43,12 : 78.19"
"43,13 : 76.22"
"43,14 : 29.27"
"43,15 : 91.59"
"43,16 : 66.64"
"43,17 : 16.64"
"43,18 : 27.17"
"43,19 : 51.87"
"43,20 : 67.42"
"43,21 : 104.06"
"43,22 : 13.89"
"43,23 : 75.24"
"43,24 : 7.62"
"43,25 : 75.47"
"43,26 : 32.2"
"43,27 : 53.04"
"43,28 : 41.23"
"43,29 : 77.1"
"43,30 : 40.5"
"43,31 : 47.52"
"43,32 : 20.4"
"43,33 : 33.62"
"43,34 : 16.28"
"43,35 : 75.74"
"43,36 : 38.01"
"43,37 : 4.0"
"43,38 : 78.03"
"43,39 : 86.13"
"43,40 : 6.4"
"43,41 : 89.49"
"43,42 : 12.08"
"43,43 : 0.0"
"43,44 : 46.32"
"43,45 : 18.11"
"43,46 : 7.62"
"43,47 : 85.15"
"43,48 : 71.55"
"43,49 : 68.68"
"44,0 : 64.54"
"44,1 : 69.66"
"44,2 : 87.62"
"44,3 : 50.25"
"44,4 : 79.48"
"44,5 : 18.0"
"44,6 : 61.03"
"44,7 : 91.92"
"44,8 : 63.57"
"44,9 : 91.01"
"44,10 : 29.55"
"44,11 : 64.33"
"44,12 : 85.7"
"44,13 : 85.38"
"44,14 : 21.93"
"44,15 : 89.05"
"44,16 : 72.78"
"44,17 : 43.83"
"44,18 : 72.44"
"44,19 : 40.05"
"44,20 : 68.59"
"44,21 : 91.48"
"44,22 : 59.77"
"44,23 : 94.43"
"44,24 : 48.17"
"44,25 : 75.17"
"44,26 : 45.22"
"44,27 : 77.1"
"44,28 : 75.01"
"44,29 : 100.72"
"44,30 : 34.79"
"44,31 : 18.11"
"44,32 : 66.71"
"44,33 : 73.78"
"44,34 : 49.93"
"44,35 : 62.97"
"44,36 : 65.86"
"44,37 : 45.54"
"44,38 : 98.84"
"44,39 : 96.54"
"44,40 : 42.72"
"44,41 : 120.6"
"44,42 : 45.65"
"44,43 : 46.32"
"44,44 : 0.0"
"44,45 : 51.87"
"44,46 : 45.69"
"44,47 : 76.66"
"44,48 : 47.01"
"44,49 : 36.62"
"45,0 : 44.69"
"45,1 : 18.6"
"45,2 : 41.48"
"45,3 : 12.04"
"45,4 : 31.0"
"45,5 : 67.54"
"45,6 : 37.64"
"45,7 : 50.16"
"45,8 : 38.01"
"45,9 : 64.62"
"45,10 : 55.04"
"45,11 : 25.61"
"45,12 : 60.84"
"45,13 : 58.69"
"45,14 : 30.41"
"45,15 : 75.6"
"45,16 : 49.93"
"45,17 : 8.06"
"45,18 : 35.81"
"45,19 : 42.45"
"45,20 : 51.74"
"45,21 : 90.03"
"45,22 : 17.8"
"45,23 : 57.14"
"45,24 : 25.5"
"45,25 : 59.67"
"45,26 : 18.79"
"45,27 : 35.0"
"45,28 : 25.06"
"45,29 : 59.3"
"45,30 : 32.25"
"45,31 : 46.32"
"45,32 : 26.08"
"45,33 : 21.95"
"45,34 : 2.24"
"45,35 : 63.29"
"45,36 : 20.02"
"45,37 : 22.09"
"45,38 : 60.0"
"45,39 : 68.31"
"45,40 : 14.32"
"45,41 : 73.41"
"45,42 : 7.62"
"45,43 : 18.11"
"45,44 : 51.87"
"45,45 : 0.0"
"45,46 : 11.05"
"45,47 : 70.84"
"45,48 : 63.56"
"45,49 : 64.01"
"46,0 : 53.0"
"46,1 : 28.64"
"46,2 : 52.39"
"46,3 : 20.62"
"46,4 : 33.84"
"46,5 : 62.64"
"46,6 : 46.14"
"46,7 : 61.2"
"46,8 : 46.96"
"46,9 : 74.63"
"46,10 : 54.74"
"46,11 : 21.59"
"46,12 : 70.58"
"46,13 : 68.62"
"46,14 : 26.17"
"46,15 : 84.06"
"46,16 : 59.03"
"46,17 : 9.22"
"46,18 : 31.62"
"46,19 : 45.65"
"46,20 : 59.91"
"46,21 : 96.9"
"46,22 : 15.0"
"46,23 : 68.07"
"46,24 : 15.23"
"46,25 : 67.96"
"46,26 : 24.84"
"46,27 : 46.01"
"46,28 : 35.47"
"46,29 : 70.35"
"46,30 : 34.44"
"46,31 : 44.0"
"46,32 : 23.19"
"46,33 : 29.73"
"46,34 : 9.0"
"46,35 : 68.88"
"46,36 : 31.06"
"46,37 : 11.4"
"46,38 : 71.01"
"46,39 : 78.59"
"46,40 : 3.61"
"46,41 : 83.93"
"46,42 : 4.47"
"46,43 : 7.62"
"46,44 : 45.69"
"46,45 : 11.05"
"46,46 : 0.0"
"46,47 : 77.9"
"46,48 : 65.92"
"46,49 : 64.13"
"47,0 : 27.29"
"47,1 : 71.55"
"47,2 : 64.38"
"47,3 : 58.8"
"47,4 : 96.25"
"47,5 : 76.42"
"47,6 : 34.13"
"47,7 : 57.08"
"47,8 : 34.89"
"47,9 : 31.78"
"47,10 : 49.04"
"47,11 : 96.43"
"47,12 : 28.16"
"47,13 : 30.81"
"47,14 : 66.31"
"47,15 : 14.76"
"47,16 : 26.48"
"47,17 : 68.68"
"47,18 : 106.53"
"47,19 : 37.95"
"47,20 : 20.62"
"47,21 : 19.21"
"47,22 : 88.62"
"47,23 : 50.01"
"47,24 : 92.46"
"47,25 : 15.03"
"47,26 : 53.08"
"47,27 : 54.34"
"47,28 : 69.64"
"47,29 : 60.21"
"47,30 : 47.85"
"47,31 : 58.55"
"47,32 : 96.67"
"47,33 : 80.5"
"47,34 : 71.45"
"47,35 : 14.04"
"47,36 : 60.37"
"47,37 : 88.24"
"47,38 : 54.57"
"47,39 : 36.72"
"47,40 : 78.87"
"47,41 : 85.38"
"47,42 : 73.59"
"47,43 : 85.15"
"47,44 : 76.66"
"47,45 : 70.84"
"47,46 : 77.9"
"47,47 : 0.0"
"47,48 : 34.21"
"47,49 : 47.3"
"48,0 : 38.59"
"48,1 : 73.01"
"48,2 : 77.49"
"48,3 : 53.34"
"48,4 : 94.05"
"48,5 : 43.01"
"48,6 : 40.85"
"48,7 : 75.18"
"48,8 : 43.46"
"48,9 : 59.67"
"48,10 : 17.46"
"48,11 : 87.32"
"48,12 : 54.56"
"48,13 : 55.87"
"48,14 : 44.82"
"48,15 : 48.7"
"48,16 : 44.82"
"48,17 : 57.87"
"48,18 : 97.5"
"48,19 : 21.21"
"48,20 : 37.54"
"48,21 : 45.4"
"48,22 : 80.01"
"48,23 : 72.2"
"48,24 : 77.52"
"48,25 : 40.0"
"48,26 : 45.4"
"48,27 : 65.46"
"48,28 : 74.43"
"48,29 : 81.54"
"48,30 : 31.62"
"48,31 : 30.23"
"48,32 : 88.54"
"48,33 : 81.06"
"48,34 : 63.06"
"48,35 : 20.62"
"48,36 : 63.29"
"48,37 : 73.43"
"48,38 : 77.2"
"48,39 : 65.44"
"48,40 : 65.31"
"48,41 : 106.17"
"48,42 : 62.63"
"48,43 : 71.55"
"48,44 : 47.01"
"48,45 : 63.56"
"48,46 : 65.92"
"48,47 : 34.21"
"48,48 : 0.0"
"48,49 : 13.15"
"49,0 : 48.1"
"49,1 : 76.3"
"49,2 : 84.53"
"49,3 : 55.44"
"49,4 : 95.01"
"49,5 : 30.15"
"49,6 : 48.83"
"49,7 : 83.82"
"49,8 : 51.61"
"49,9 : 71.28"
"49,10 : 9.49"
"49,11 : 85.7"
"49,12 : 66.03"
"49,13 : 67.01"
"49,14 : 39.92"
"49,15 : 61.68"
"49,16 : 55.23"
"49,17 : 57.22"
"49,18 : 95.57"
"49,19 : 25.08"
"49,20 : 48.41"
"49,21 : 58.14"
"49,22 : 78.92"
"49,23 : 82.07"
"49,24 : 73.74"
"49,25 : 51.97"
"49,26 : 47.52"
"49,27 : 72.47"
"49,28 : 78.85"
"49,29 : 90.91"
"49,30 : 32.14"
"49,31 : 22.47"
"49,32 : 87.3"
"49,33 : 83.6"
"49,34 : 63.07"
"49,35 : 33.53"
"49,36 : 67.72"
"49,37 : 69.89"
"49,38 : 87.05"
"49,39 : 77.1"
"49,40 : 62.82"
"49,41 : 114.86"
"49,42 : 61.52"
"49,43 : 68.68"
"49,44 : 36.62"
"49,45 : 64.01"
"49,46 : 64.13"
"49,47 : 47.3"
"49,48 : 13.15"
"49,49 : 0.0"
