x,y
78,4
6,15
84,69
79,47
75,13
53,77
80,65
72,97
45,97
51,96
70,51
100,97
37,1
93,5
51,22
61,4
53,57
35,53
50,1
56,3
7,19
47,53
78,25
44,64
93,55
11,40
89,32
14,12
27,99
75,47
3,64
68,3
33,80
56,16
63,85
80,32
57,2
5,57
100,41
80,36
82,63
30,18
84,16
14,40
71,49
15,12
19,98
17,56
85,3
72,53

Distanze
"0,0 : 0.0"
"0,1 : 72.84"
"0,2 : 65.28"
"0,3 : 43.01"
"0,4 : 9.49"
"0,5 : 77.16"
"0,6 : 61.03"
"0,7 : 93.19"
"0,8 : 98.68"
"0,9 : 95.88"
"0,10 : 47.68"
"0,11 : 95.57"
"0,12 : 41.11"
"0,13 : 15.03"
"0,14 : 32.45"
"0,15 : 17.0"
"0,16 : 58.6"
"0,17 : 65.19"
"0,18 : 28.16"
"0,19 : 22.02"
"0,20 : 72.57"
"0,21 : 57.98"
"0,22 : 21.0"
"0,23 : 68.96"
"0,24 : 53.16"
"0,25 : 76.06"
"0,26 : 30.08"
"0,27 : 64.5"
"0,28 : 107.82"
"0,29 : 43.1"
"0,30 : 96.05"
"0,31 : 10.05"
"0,32 : 88.32"
"0,33 : 25.06"
"0,34 : 82.38"
"0,35 : 28.07"
"0,36 : 21.1"
"0,37 : 90.21"
"0,38 : 43.05"
"0,39 : 32.06"
"0,40 : 59.14"
"0,41 : 50.0"
"0,42 : 13.42"
"0,43 : 73.43"
"0,44 : 45.54"
"0,45 : 63.51"
"0,46 : 110.98"
"0,47 : 80.16"
"0,48 : 7.07"
"0,49 : 49.37"
"1,0 : 72.84"
"1,1 : 0.0"
"1,2 : 94.87"
"1,3 : 79.71"
"1,4 : 69.03"
"1,5 : 77.8"
"1,6 : 89.31"
"1,7 : 105.26"
"1,8 : 90.8"
"1,9 : 92.66"
"1,10 : 73.43"
"1,11 : 124.74"
"1,12 : 34.01"
"1,13 : 87.57"
"1,14 : 45.54"
"1,15 : 56.09"
"1,16 : 63.03"
"1,17 : 47.8"
"1,18 : 46.17"
"1,19 : 51.42"
"1,20 : 4.12"
"1,21 : 55.9"
"1,22 : 72.69"
"1,23 : 62.01"
"1,24 : 95.75"
"1,25 : 25.5"
"1,26 : 84.72"
"1,27 : 8.54"
"1,28 : 86.59"
"1,29 : 76.06"
"1,30 : 49.09"
"1,31 : 63.15"
"1,32 : 70.38"
"1,33 : 50.01"
"1,34 : 90.27"
"1,35 : 75.93"
"1,36 : 52.63"
"1,37 : 42.01"
"1,38 : 97.53"
"1,39 : 76.92"
"1,40 : 89.89"
"1,41 : 24.19"
"1,42 : 78.01"
"1,43 : 26.25"
"1,44 : 73.36"
"1,45 : 9.49"
"1,46 : 84.01"
"1,47 : 42.45"
"1,48 : 79.91"
"1,49 : 76.16"
"2,0 : 65.28"
"2,1 : 94.87"
"2,2 : 0.0"
"2,3 : 22.56"
"2,4 : 56.72"
"2,5 : 32.02"
"2,6 : 5.66"
"2,7 : 30.46"
"2,8 : 48.01"
"2,9 : 42.64"
"2,10 : 22.8"
"2,11 : 32.25"
"2,12 : 82.66"
"2,13 : 64.63"
"2,14 : 57.43"
"2,15 : 68.95"
"2,16 : 33.24"
"2,17 : 51.55"
"2,18 : 76.03"
"2,19 : 71.69"
"2,20 : 91.81"
"2,21 : 40.31"
"2,22 : 44.41"
"2,23 : 40.31"
"2,24 : 16.64"
"2,25 : 78.55"
"2,26 : 37.34"
"2,27 : 90.27"
"2,28 : 64.41"
"2,29 : 23.77"
"2,30 : 81.15"
"2,31 : 67.91"
"2,32 : 52.17"
"2,33 : 59.94"
"2,34 : 26.4"
"2,35 : 37.22"
"2,36 : 72.24"
"2,37 : 79.91"
"2,38 : 32.25"
"2,39 : 33.24"
"2,40 : 6.32"
"2,41 : 74.28"
"2,42 : 53.0"
"2,43 : 75.77"
"2,44 : 23.85"
"2,45 : 89.5"
"2,46 : 71.18"
"2,47 : 68.25"
"2,48 : 66.01"
"2,49 : 20.0"
"3,0 : 43.01"
"3,1 : 79.71"
"3,2 : 22.56"
"3,3 : 0.0"
"3,4 : 34.23"
"3,5 : 39.7"
"3,6 : 18.03"
"3,7 : 50.49"
"3,8 : 60.46"
"3,9 : 56.44"
"3,10 : 9.85"
"3,11 : 54.23"
"3,12 : 62.29"
"3,13 : 44.27"
"3,14 : 37.54"
"3,15 : 46.62"
"3,16 : 27.86"
"3,17 : 44.41"
"3,18 : 54.38"
"3,19 : 49.65"
"3,20 : 77.25"
"3,21 : 32.56"
"3,22 : 22.02"
"3,23 : 38.91"
"3,24 : 16.12"
"3,25 : 68.36"
"3,26 : 18.03"
"3,27 : 73.82"
"3,28 : 73.54"
"3,29 : 4.0"
"3,30 : 77.88"
"3,31 : 45.35"
"3,32 : 56.61"
"3,33 : 38.6"
"3,34 : 41.23"
"3,35 : 15.03"
"3,36 : 50.09"
"3,37 : 74.67"
"3,38 : 21.84"
"3,39 : 11.05"
"3,40 : 16.28"
"3,41 : 56.94"
"3,42 : 31.4"
"3,43 : 65.38"
"3,44 : 8.25"
"3,45 : 72.95"
"3,46 : 78.75"
"3,47 : 62.65"
"3,48 : 44.41"
"3,49 : 9.22"
"4,0 : 9.49"
"4,1 : 69.03"
"4,2 : 56.72"
"4,3 : 34.23"
"4,4 : 0.0"
"4,5 : 67.68"
"4,6 : 52.24"
"4,7 : 84.05"
"4,8 : 89.2"
"4,9 : 86.4"
"4,10 : 38.33"
"4,11 : 87.64"
"4,12 : 39.85"
"4,13 : 19.7"
"4,14 : 25.63"
"4,15 : 16.64"
"4,16 : 49.19"
"4,17 : 56.57"
"4,18 : 27.73"
"4,19 : 21.47"
"4,20 : 68.26"
"4,21 : 48.83"
"4,22 : 12.37"
"4,23 : 59.68"
"4,24 : 45.69"
"4,25 : 69.46"
"4,26 : 23.6"
"4,27 : 61.01"
"4,28 : 98.49"
"4,29 : 34.0"
"4,30 : 88.23"
"4,31 : 12.21"
"4,32 : 79.08"
"4,33 : 19.24"
"4,34 : 72.99"
"4,35 : 19.65"
"4,36 : 21.1"
"4,37 : 82.68"
"4,38 : 37.54"
"4,39 : 23.54"
"4,40 : 50.49"
"4,41 : 45.28"
"4,42 : 9.49"
"4,43 : 66.71"
"4,44 : 36.22"
"4,45 : 60.01"
"4,46 : 101.79"
"4,47 : 72.2"
"4,48 : 14.14"
"4,49 : 40.11"
"5,0 : 77.16"
"5,1 : 77.8"
"5,2 : 32.02"
"5,3 : 39.7"
"5,4 : 67.68"
"5,5 : 0.0"
"5,6 : 29.55"
"5,7 : 27.59"
"5,8 : 21.54"
"5,9 : 19.1"
"5,10 : 31.06"
"5,11 : 51.08"
"5,12 : 77.67"
"5,13 : 82.37"
"5,14 : 55.04"
"5,15 : 73.44"
"5,16 : 20.0"
"5,17 : 30.0"
"5,18 : 76.06"
"5,19 : 74.06"
"5,20 : 74.03"
"5,21 : 24.74"
"5,22 : 57.7"
"5,23 : 15.81"
"5,24 : 45.65"
"5,25 : 55.97"
"5,26 : 57.63"
"5,27 : 75.8"
"5,28 : 34.06"
"5,29 : 37.2"
"5,30 : 51.66"
"5,31 : 75.5"
"5,32 : 20.22"
"5,33 : 61.07"
"5,34 : 12.81"
"5,35 : 52.48"
"5,36 : 75.11"
"5,37 : 52.0"
"5,38 : 59.2"
"5,39 : 49.09"
"5,40 : 32.2"
"5,41 : 63.32"
"5,42 : 68.43"
"5,43 : 53.76"
"5,44 : 33.29"
"5,45 : 75.29"
"5,46 : 39.96"
"5,47 : 41.68"
"5,48 : 80.62"
"5,49 : 30.61"
"6,0 : 61.03"
"6,1 : 89.31"
"6,2 : 5.66"
"6,3 : 18.03"
"6,4 : 52.24"
"6,5 : 29.55"
"6,6 : 0.0"
"6,7 : 32.98"
"6,8 : 47.42"
"6,9 : 42.45"
"6,10 : 17.2"
"6,11 : 37.74"
"6,12 : 77.1"
"6,13 : 61.39"
"6,14 : 51.87"
"6,15 : 63.89"
"6,16 : 28.16"
"6,17 : 46.57"
"6,18 : 70.68"
"6,19 : 66.48"
"6,20 : 86.28"
"6,21 : 35.11"
"6,22 : 40.05"
"6,23 : 36.01"
"6,24 : 16.4"
"6,25 : 73.39"
"6,26 : 34.21"
"6,27 : 84.65"
"6,28 : 62.97"
"6,29 : 18.68"
"6,30 : 77.01"
"6,31 : 63.15"
"6,32 : 49.34"
"6,33 : 54.56"
"6,34 : 26.25"
"6,35 : 33.0"
"6,36 : 67.07"
"6,37 : 75.43"
"6,38 : 31.24"
"6,39 : 29.0"
"6,40 : 2.83"
"6,41 : 68.62"
"6,42 : 49.16"
"6,43 : 70.58"
"6,44 : 18.36"
"6,45 : 83.87"
"6,46 : 69.35"
"6,47 : 63.64"
"6,48 : 62.2"
"6,49 : 14.42"
"7,0 : 93.19"
"7,1 : 105.26"
"7,2 : 30.46"
"7,3 : 50.49"
"7,4 : 84.05"
"7,5 : 27.59"
"7,6 : 32.98"
"7,7 : 0.0"
"7,8 : 27.0"
"7,9 : 21.02"
"7,10 : 46.04"
"7,11 : 28.0"
"7,12 : 102.18"
"7,13 : 94.37"
"7,14 : 77.88"
"7,15 : 93.65"
"7,16 : 44.28"
"7,17 : 57.49"
"7,18 : 98.49"
"7,19 : 95.35"
"7,20 : 101.53"
"7,21 : 50.61"
"7,22 : 72.25"
"7,23 : 43.28"
"7,24 : 46.96"
"7,25 : 83.49"
"7,26 : 67.19"
"7,27 : 102.9"
"7,28 : 45.04"
"7,29 : 50.09"
"7,30 : 76.49"
"7,31 : 94.09"
"7,32 : 42.54"
"7,33 : 82.57"
"7,34 : 15.0"
"7,35 : 65.49"
"7,36 : 96.18"
"7,37 : 78.03"
"7,38 : 62.61"
"7,39 : 61.52"
"7,40 : 35.44"
"7,41 : 89.47"
"7,42 : 81.88"
"7,43 : 81.32"
"7,44 : 48.01"
"7,45 : 102.34"
"7,46 : 53.01"
"7,47 : 68.6"
"7,48 : 94.89"
"7,49 : 44.0"
"8,0 : 98.68"
"8,1 : 90.8"
"8,2 : 48.01"
"8,3 : 60.46"
"8,4 : 89.2"
"8,5 : 21.54"
"8,6 : 47.42"
"8,7 : 27.0"
"8,8 : 0.0"
"8,9 : 6.08"
"8,10 : 52.35"
"8,11 : 55.0"
"8,12 : 96.33"
"8,13 : 103.77"
"8,14 : 75.24"
"8,15 : 94.37"
"8,16 : 40.79"
"8,17 : 45.12"
"8,18 : 96.13"
"8,19 : 94.64"
"8,20 : 86.76"
"8,21 : 44.05"
"8,22 : 79.2"
"8,23 : 33.02"
"8,24 : 63.78"
"8,25 : 66.37"
"8,26 : 78.49"
"8,27 : 90.48"
"8,28 : 18.11"
"8,29 : 58.31"
"8,30 : 53.41"
"8,31 : 96.77"
"8,32 : 20.81"
"8,33 : 81.74"
"8,34 : 21.63"
"8,35 : 73.82"
"8,36 : 95.75"
"8,37 : 56.57"
"8,38 : 78.49"
"8,39 : 70.33"
"8,40 : 50.25"
"8,41 : 80.41"
"8,42 : 89.9"
"8,43 : 64.88"
"8,44 : 54.59"
"8,45 : 90.14"
"8,46 : 26.02"
"8,47 : 49.65"
"8,48 : 102.16"
"8,49 : 51.62"
"9,0 : 95.88"
"9,1 : 92.66"
"9,2 : 42.64"
"9,3 : 56.44"
"9,4 : 86.4"
"9,5 : 19.1"
"9,6 : 42.45"
"9,7 : 21.02"
"9,8 : 6.08"
"9,9 : 0.0"
"9,10 : 48.85"
"9,11 : 49.01"
"9,12 : 96.03"
"9,13 : 100.22"
"9,14 : 74.0"
"9,15 : 92.54"
"9,16 : 39.05"
"9,17 : 45.88"
"9,18 : 95.01"
"9,19 : 93.13"
"9,20 : 88.68"
"9,21 : 43.19"
"9,22 : 75.96"
"9,23 : 32.76"
"9,24 : 58.69"
"9,25 : 68.82"
"9,26 : 74.43"
"9,27 : 91.79"
"9,28 : 24.19"
"9,29 : 54.56"
"9,30 : 57.69"
"9,31 : 94.54"
"9,32 : 24.08"
"9,33 : 80.16"
"9,34 : 16.28"
"9,35 : 70.26"
"9,36 : 94.19"
"9,37 : 60.31"
"9,38 : 73.66"
"9,39 : 66.64"
"9,40 : 45.28"
"9,41 : 80.78"
"9,42 : 86.54"
"9,43 : 67.12"
"9,44 : 51.08"
"9,45 : 91.39"
"9,46 : 32.06"
"9,47 : 52.5"
"9,48 : 99.02"
"9,49 : 47.85"
"10,0 : 47.68"
"10,1 : 73.43"
"10,2 : 22.8"
"10,3 : 9.85"
"10,4 : 38.33"
"10,5 : 31.06"
"10,6 : 17.2"
"10,7 : 46.04"
"10,8 : 52.35"
"10,9 : 48.85"
"10,10 : 0.0"
"10,11 : 54.92"
"10,12 : 59.91"
"10,13 : 51.43"
"10,14 : 34.67"
"10,15 : 47.85"
"10,16 : 18.03"
"10,17 : 35.06"
"10,18 : 53.85"
"10,19 : 50.0"
"10,20 : 70.66"
"10,21 : 23.09"
"10,22 : 27.2"
"10,23 : 29.07"
"10,24 : 23.35"
"10,25 : 60.02"
"10,26 : 26.87"
"10,27 : 68.24"
"10,28 : 64.44"
"10,29 : 6.4"
"10,30 : 68.25"
"10,31 : 48.04"
"10,32 : 47.01"
"10,33 : 37.7"
"10,34 : 34.71"
"10,35 : 21.47"
"10,36 : 50.7"
"10,37 : 65.28"
"10,38 : 31.62"
"10,39 : 18.03"
"10,40 : 16.97"
"10,41 : 51.86"
"10,42 : 37.7"
"10,43 : 57.07"
"10,44 : 2.24"
"10,45 : 67.42"
"10,46 : 69.35"
"10,47 : 53.24"
"10,48 : 50.29"
"10,49 : 2.83"
"11,0 : 95.57"
"11,1 : 124.74"
"11,2 : 32.25"
"11,3 : 54.23"
"11,4 : 87.64"
"11,5 : 51.08"
"11,6 : 37.74"
"11,7 : 28.0"
"11,8 : 55.0"
"11,9 : 49.01"
"11,10 : 54.92"
"11,11 : 0.0"
"11,12 : 114.83"
"11,13 : 92.27"
"11,14 : 89.59"
"11,15 : 100.85"
"11,16 : 61.72"
"11,17 : 78.49"
"11,18 : 108.24"
"11,19 : 103.79"
"11,20 : 121.38"
"11,21 : 68.88"
"11,22 : 75.29"
"11,23 : 65.0"
"11,24 : 42.58"
"11,25 : 105.69"
"11,26 : 65.92"
"11,27 : 120.92"
"11,28 : 73.03"
"11,29 : 55.9"
"11,30 : 102.46"
"11,31 : 99.3"
"11,32 : 69.12"
"11,33 : 92.18"
"11,34 : 38.9"
"11,35 : 68.01"
"11,36 : 104.28"
"11,37 : 103.08"
"11,38 : 56.0"
"11,39 : 64.2"
"11,40 : 38.47"
"11,41 : 105.55"
"11,42 : 82.57"
"11,43 : 103.17"
"11,44 : 56.08"
"11,45 : 120.21"
"11,46 : 81.01"
"11,47 : 92.57"
"11,48 : 95.19"
"11,49 : 52.15"
"12,0 : 41.11"
"12,1 : 34.01"
"12,2 : 82.66"
"12,3 : 62.29"
"12,4 : 39.85"
"12,5 : 77.67"
"12,6 : 77.1"
"12,7 : 102.18"
"12,8 : 96.33"
"12,9 : 96.03"
"12,10 : 59.91"
"12,11 : 114.83"
"12,12 : 0.0"
"12,13 : 56.14"
"12,14 : 25.24"
"12,15 : 24.19"
"12,16 : 58.24"
"12,17 : 52.04"
"12,18 : 13.0"
"12,19 : 19.1"
"12,20 : 34.99"
"12,21 : 52.95"
"12,22 : 47.51"
"12,23 : 63.39"
"12,24 : 77.79"
"12,25 : 46.87"
"12,26 : 60.54"
"12,27 : 25.5"
"12,28 : 98.51"
"12,29 : 59.67"
"12,30 : 71.59"
"12,31 : 31.06"
"12,32 : 79.1"
"12,33 : 24.21"
"12,34 : 87.93"
"12,35 : 53.01"
"12,36 : 20.02"
"12,37 : 64.5"
"12,38 : 74.63"
"12,39 : 55.44"
"12,40 : 76.61"
"12,41 : 18.38"
"12,42 : 49.34"
"12,43 : 45.28"
"12,44 : 58.82"
"12,45 : 24.6"
"12,46 : 98.66"
"12,47 : 58.52"
"12,48 : 48.04"
"12,49 : 62.68"
"13,0 : 15.03"
"13,1 : 87.57"
"13,2 : 64.63"
"13,3 : 44.27"
"13,4 : 19.7"
"13,5 : 82.37"
"13,6 : 61.39"
"13,7 : 94.37"
"13,8 : 103.77"
"13,9 : 100.22"
"13,10 : 51.43"
"13,11 : 92.27"
"13,12 : 56.14"
"13,13 : 0.0"
"13,14 : 45.31"
"13,15 : 32.02"
"13,16 : 65.6"
"13,17 : 75.29"
"13,18 : 43.19"
"13,19 : 37.05"
"13,20 : 87.13"
"13,21 : 66.48"
"13,22 : 25.0"
"13,23 : 76.69"
"13,24 : 50.0"
"13,25 : 89.16"
"13,26 : 27.29"
"13,27 : 79.31"
"13,28 : 114.86"
"13,29 : 45.69"
"13,30 : 107.62"
"13,31 : 25.08"
"13,32 : 96.05"
"13,33 : 38.6"
"13,34 : 85.44"
"13,35 : 29.97"
"13,36 : 36.12"
"13,37 : 102.22"
"13,38 : 36.67"
"13,39 : 33.62"
"13,40 : 59.03"
"13,41 : 64.33"
"13,42 : 14.21"
"13,43 : 86.41"
"13,44 : 49.19"
"13,45 : 78.31"
"13,46 : 118.85"
"13,47 : 91.53"
"13,48 : 8.25"
"13,49 : 52.39"
"14,0 : 32.45"
"14,1 : 45.54"
"14,2 : 57.43"
"14,3 : 37.54"
"14,4 : 25.63"
"14,5 : 55.04"
"14,6 : 51.87"
"14,7 : 77.88"
"14,8 : 75.24"
"14,9 : 74.0"
"14,10 : 34.67"
"14,11 : 89.59"
"14,12 : 25.24"
"14,13 : 45.31"
"14,14 : 0.0"
"14,15 : 20.59"
"14,16 : 35.06"
"14,17 : 34.89"
"14,18 : 21.02"
"14,19 : 19.65"
"14,20 : 44.1"
"14,21 : 31.26"
"14,22 : 27.17"
"14,23 : 42.58"
"14,24 : 53.41"
"14,25 : 43.86"
"14,26 : 39.29"
"14,27 : 38.33"
"14,28 : 80.65"
"14,29 : 34.66"
"14,30 : 63.78"
"14,31 : 25.5"
"14,32 : 60.73"
"14,33 : 7.81"
"14,34 : 64.13"
"14,35 : 30.68"
"14,36 : 20.88"
"14,37 : 57.8"
"14,38 : 52.55"
"14,39 : 32.2"
"14,40 : 51.4"
"14,41 : 21.38"
"14,42 : 33.54"
"14,43 : 41.15"
"14,44 : 33.6"
"14,45 : 37.36"
"14,46 : 82.46"
"14,47 : 48.08"
"14,48 : 38.95"
"14,49 : 37.44"
"15,0 : 17.0"
"15,1 : 56.09"
"15,2 : 68.95"
"15,3 : 46.62"
"15,4 : 16.64"
"15,5 : 73.44"
"15,6 : 63.89"
"15,7 : 93.65"
"15,8 : 94.37"
"15,9 : 92.54"
"15,10 : 47.85"
"15,11 : 100.85"
"15,12 : 24.19"
"15,13 : 32.02"
"15,14 : 20.59"
"15,15 : 0.0"
"15,16 : 53.6"
"15,17 : 55.47"
"15,18 : 11.4"
"15,19 : 5.1"
"15,20 : 56.04"
"15,21 : 50.96"
"15,22 : 27.02"
"15,23 : 62.36"
"15,24 : 60.21"
"15,25 : 61.61"
"15,26 : 39.6"
"15,27 : 47.68"
"15,28 : 100.9"
"15,29 : 45.22"
"15,30 : 83.45"
"15,31 : 7.07"
"15,32 : 80.99"
"15,33 : 13.0"
"15,34 : 81.02"
"15,35 : 33.84"
"15,36 : 4.47"
"15,37 : 77.1"
"15,38 : 53.76"
"15,39 : 37.22"
"15,40 : 62.63"
"15,41 : 34.01"
"15,42 : 25.94"
"15,43 : 59.2"
"15,44 : 46.1"
"15,45 : 46.69"
"15,46 : 102.96"
"15,47 : 68.12"
"15,48 : 24.02"
"15,49 : 50.22"
"16,0 : 58.6"
"16,1 : 63.03"
"16,2 : 33.24"
"16,3 : 27.86"
"16,4 : 49.19"
"16,5 : 20.0"
"16,6 : 28.16"
"16,7 : 44.28"
"16,8 : 40.79"
"16,9 : 39.05"
"16,10 : 18.03"
"16,11 : 61.72"
"16,12 : 58.24"
"16,13 : 65.6"
"16,14 : 35.06"
"16,15 : 53.6"
"16,16 : 0.0"
"16,17 : 18.44"
"16,18 : 56.08"
"16,19 : 54.08"
"16,20 : 59.67"
"16,21 : 7.21"
"16,22 : 40.61"
"16,23 : 11.4"
"16,24 : 40.05"
"16,25 : 45.31"
"16,26 : 43.83"
"16,27 : 59.55"
"16,28 : 49.4"
"16,29 : 24.17"
"16,30 : 50.49"
"16,31 : 56.04"
"16,32 : 30.48"
"16,33 : 41.11"
"16,34 : 29.73"
"16,35 : 36.8"
"16,36 : 55.15"
"16,37 : 48.0"
"16,38 : 49.65"
"16,39 : 34.21"
"16,40 : 29.61"
"16,41 : 45.28"
"16,42 : 51.4"
"16,43 : 42.54"
"16,44 : 19.7"
"16,45 : 58.9"
"16,46 : 53.26"
"16,47 : 36.01"
"16,48 : 62.77"
"16,49 : 19.42"
"17,0 : 65.19"
"17,1 : 47.8"
"17,2 : 51.55"
"17,3 : 44.41"
"17,4 : 56.57"
"17,5 : 30.0"
"17,6 : 46.57"
"17,7 : 57.49"
"17,8 : 45.12"
"17,9 : 45.88"
"17,10 : 35.06"
"17,11 : 78.49"
"17,12 : 52.04"
"17,13 : 75.29"
"17,14 : 34.89"
"17,15 : 55.47"
"17,16 : 18.44"
"17,17 : 0.0"
"17,18 : 54.12"
"17,19 : 54.23"
"17,20 : 44.05"
"17,21 : 12.0"
"17,22 : 51.31"
"17,23 : 14.21"
"17,24 : 58.03"
"17,25 : 27.29"
"17,26 : 57.94"
"17,27 : 46.07"
"17,28 : 46.69"
"17,29 : 40.45"
"17,30 : 33.84"
"17,31 : 59.91"
"17,32 : 27.07"
"17,33 : 42.54"
"17,34 : 42.52"
"17,35 : 49.66"
"17,36 : 55.54"
"17,37 : 30.27"
"17,38 : 66.1"
"17,39 : 48.1"
"17,40 : 48.05"
"17,41 : 35.36"
"17,42 : 61.4"
"17,43 : 24.7"
"17,44 : 36.22"
"17,45 : 45.62"
"17,46 : 47.76"
"17,47 : 18.25"
"17,48 : 70.71"
"17,49 : 37.0"
"18,0 : 28.16"
"18,1 : 46.17"
"18,2 : 76.03"
"18,3 : 54.38"
"18,4 : 27.73"
"18,5 : 76.06"
"18,6 : 70.68"
"18,7 : 98.49"
"18,8 : 96.13"
"18,9 : 95.01"
"18,10 : 53.85"
"18,11 : 108.24"
"18,12 : 13.0"
"18,13 : 43.19"
"18,14 : 21.02"
"18,15 : 11.4"
"18,16 : 56.08"
"18,17 : 54.12"
"18,18 : 0.0"
"18,19 : 6.32"
"18,20 : 46.62"
"18,21 : 52.09"
"18,22 : 36.88"
"18,23 : 63.29"
"18,24 : 69.03"
"18,25 : 55.15"
"18,26 : 49.82"
"18,27 : 37.64"
"18,28 : 100.66"
"18,29 : 52.35"
"18,30 : 78.6"
"18,31 : 18.11"
"18,32 : 80.81"
"18,33 : 16.16"
"18,34 : 85.0"
"18,35 : 43.14"
"18,36 : 7.07"
"18,37 : 71.84"
"18,38 : 64.03"
"18,39 : 46.1"
"18,40 : 69.77"
"18,41 : 26.25"
"18,42 : 37.16"
"18,43 : 53.08"
"18,44 : 52.39"
"18,45 : 36.69"
"18,46 : 101.83"
"18,47 : 64.14"
"18,48 : 35.06"
"18,49 : 56.46"
"19,0 : 22.02"
"19,1 : 51.42"
"19,2 : 71.69"
"19,3 : 49.65"
"19,4 : 21.47"
"19,5 : 74.06"
"19,6 : 66.48"
"19,7 : 95.35"
"19,8 : 94.64"
"19,9 : 93.13"
"19,10 : 50.0"
"19,11 : 103.79"
"19,12 : 19.1"
"19,13 : 37.05"
"19,14 : 19.65"
"19,15 : 5.1"
"19,16 : 54.08"
"19,17 : 54.23"
"19,18 : 6.32"
"19,19 : 0.0"
"19,20 : 51.55"
"19,21 : 50.8"
"19,22 : 31.11"
"19,23 : 62.17"
"19,24 : 63.82"
"19,25 : 58.26"
"19,26 : 43.93"
"19,27 : 42.95"
"19,28 : 100.28"
"19,29 : 47.93"
"19,30 : 80.81"
"19,31 : 12.0"
"19,32 : 80.36"
"19,33 : 13.0"
"19,34 : 82.3"
"19,35 : 37.64"
"19,36 : 1.41"
"19,37 : 74.28"
"19,38 : 58.14"
"19,39 : 40.8"
"19,40 : 65.39"
"19,41 : 30.02"
"19,42 : 30.87"
"19,43 : 55.97"
"19,44 : 48.38"
"19,45 : 41.98"
"19,46 : 101.95"
"19,47 : 65.8"
"19,48 : 29.0"
"19,49 : 52.5"
"20,0 : 72.57"
"20,1 : 4.12"
"20,2 : 91.81"
"20,3 : 77.25"
"20,4 : 68.26"
"20,5 : 74.03"
"20,6 : 86.28"
"20,7 : 101.53"
"20,8 : 86.76"
"20,9 : 88.68"
"20,10 : 70.66"
"20,11 : 121.38"
"20,12 : 34.99"
"20,13 : 87.13"
"20,14 : 44.1"
"20,15 : 56.04"
"20,16 : 59.67"
"20,17 : 44.05"
"20,18 : 46.62"
"20,19 : 51.55"
"20,20 : 0.0"
"20,21 : 52.5"
"20,22 : 71.25"
"20,23 : 58.26"
"20,24 : 93.23"
"20,25 : 21.38"
"20,26 : 83.02"
"20,27 : 9.9"
"20,28 : 82.46"
"20,29 : 73.54"
"20,30 : 45.18"
"20,31 : 63.06"
"20,32 : 66.31"
"20,33 : 49.09"
"20,34 : 86.56"
"20,35 : 74.15"
"20,36 : 52.81"
"20,37 : 38.05"
"20,38 : 95.57"
"20,39 : 74.95"
"20,40 : 86.95"
"20,41 : 23.02"
"20,42 : 77.06"
"20,43 : 22.14"
"20,44 : 70.68"
"20,45 : 10.63"
"20,46 : 79.91"
"20,47 : 38.33"
"20,48 : 79.62"
"20,49 : 73.36"
"21,0 : 57.98"
"21,1 : 55.9"
"21,2 : 40.31"
"21,3 : 32.56"
"21,4 : 48.83"
"21,5 : 24.74"
"21,6 : 35.11"
"21,7 : 50.61"
"21,8 : 44.05"
"21,9 : 43.19"
"21,10 : 23.09"
"21,11 : 68.88"
"21,12 : 52.95"
"21,13 : 66.48"
"21,14 : 31.26"
"21,15 : 50.96"
"21,16 : 7.21"
"21,17 : 12.0"
"21,18 : 52.09"
"21,19 : 50.8"
"21,20 : 52.5"
"21,21 : 0.0"
"21,22 : 41.77"
"21,23 : 11.4"
"21,24 : 46.04"
"21,25 : 38.28"
"21,26 : 46.96"
"21,27 : 52.63"
"21,28 : 50.16"
"21,29 : 28.64"
"21,30 : 45.35"
"21,31 : 54.23"
"21,32 : 30.41"
"21,33 : 38.08"
"21,34 : 35.78"
"21,35 : 39.12"
"21,36 : 51.97"
"21,37 : 42.19"
"21,38 : 54.34"
"21,39 : 37.12"
"21,40 : 36.4"
"21,41 : 38.91"
"21,42 : 52.33"
"21,43 : 35.47"
"21,44 : 24.33"
"21,45 : 52.01"
"21,46 : 53.0"
"21,47 : 30.15"
"21,48 : 62.8"
"21,49 : 25.0"
"22,0 : 21.0"
"22,1 : 72.69"
"22,2 : 44.41"
"22,3 : 22.02"
"22,4 : 12.37"
"22,5 : 57.7"
"22,6 : 40.05"
"22,7 : 72.25"
"22,8 : 79.2"
"22,9 : 75.96"
"22,10 : 27.2"
"22,11 : 75.29"
"22,12 : 47.51"
"22,13 : 25.0"
"22,14 : 27.17"
"22,15 : 27.02"
"22,16 : 40.61"
"22,17 : 51.31"
"22,18 : 36.88"
"22,19 : 31.11"
"22,20 : 71.25"
"22,21 : 41.77"
"22,22 : 0.0"
"22,23 : 51.74"
"22,24 : 33.54"
"22,25 : 68.66"
"22,26 : 13.04"
"22,27 : 65.31"
"22,28 : 89.87"
"22,29 : 22.2"
"22,30 : 84.53"
"22,31 : 24.17"
"22,32 : 71.06"
"22,33 : 23.77"
"22,34 : 61.85"
"22,35 : 7.28"
"22,36 : 31.14"
"22,37 : 79.71"
"22,38 : 27.2"
"22,39 : 11.18"
"22,40 : 38.21"
"22,41 : 48.51"
"22,42 : 10.82"
"22,43 : 65.73"
"22,44 : 25.0"
"22,45 : 64.33"
"22,46 : 93.86"
"22,47 : 68.43"
"22,48 : 23.09"
"22,49 : 28.64"
"23,0 : 68.96"
"23,1 : 62.01"
"23,2 : 40.31"
"23,3 : 38.91"
"23,4 : 59.68"
"23,5 : 15.81"
"23,6 : 36.01"
"23,7 : 43.28"
"23,8 : 33.02"
"23,9 : 32.76"
"23,10 : 29.07"
"23,11 : 65.0"
"23,12 : 63.39"
"23,13 : 76.69"
"23,14 : 42.58"
"23,15 : 62.36"
"23,16 : 11.4"
"23,17 : 14.21"
"23,18 : 63.29"
"23,19 : 62.17"
"23,20 : 58.26"
"23,21 : 11.4"
"23,22 : 51.74"
"23,23 : 0.0"
"23,24 : 49.82"
"23,25 : 40.8"
"23,26 : 55.22"
"23,27 : 60.03"
"23,28 : 38.91"
"23,29 : 35.36"
"23,30 : 41.0"
"23,31 : 65.55"
"23,32 : 19.42"
"23,33 : 49.48"
"23,34 : 28.32"
"23,35 : 48.17"
"23,36 : 63.35"
"23,37 : 39.62"
"23,38 : 60.54"
"23,39 : 45.61"
"23,40 : 38.01"
"23,41 : 48.08"
"23,42 : 62.48"
"23,43 : 38.42"
"23,44 : 30.89"
"23,45 : 59.54"
"23,46 : 42.2"
"23,47 : 28.16"
"23,48 : 73.5"
"23,49 : 30.08"
"24,0 : 53.16"
"24,1 : 95.75"
"24,2 : 16.64"
"24,3 : 16.12"
"24,4 : 45.69"
"24,5 : 45.65"
"24,6 : 16.4"
"24,7 : 46.96"
"24,8 : 63.78"
"24,9 : 58.69"
"24,10 : 23.35"
"24,11 : 42.58"
"24,12 : 77.79"
"24,13 : 50.0"
"24,14 : 53.41"
"24,15 : 60.21"
"24,16 : 40.05"
"24,17 : 58.03"
"24,18 : 69.03"
"24,19 : 63.82"
"24,20 : 93.23"
"24,21 : 46.04"
"24,22 : 33.54"
"24,23 : 49.82"
"24,24 : 0.0"
"24,25 : 83.36"
"24,26 : 23.35"
"24,27 : 89.94"
"24,28 : 79.32"
"24,29 : 19.7"
"24,30 : 90.45"
"24,31 : 57.7"
"24,32 : 65.0"
"24,33 : 53.76"
"24,34 : 42.43"
"24,35 : 26.42"
"24,36 : 64.07"
"24,37 : 88.02"
"24,38 : 15.65"
"24,39 : 23.02"
"24,40 : 13.6"
"24,41 : 73.06"
"24,42 : 40.02"
"24,43 : 80.41"
"24,44 : 22.8"
"24,45 : 89.07"
"24,46 : 85.59"
"24,47 : 76.01"
"24,48 : 52.61"
"24,49 : 21.1"
"25,0 : 76.06"
"25,1 : 25.5"
"25,2 : 78.55"
"25,3 : 68.36"
"25,4 : 69.46"
"25,5 : 55.97"
"25,6 : 73.39"
"25,7 : 83.49"
"25,8 : 66.37"
"25,9 : 68.82"
"25,10 : 60.02"
"25,11 : 105.69"
"25,12 : 46.87"
"25,13 : 89.16"
"25,14 : 43.86"
"25,15 : 61.61"
"25,16 : 45.31"
"25,17 : 27.29"
"25,18 : 55.15"
"25,19 : 58.26"
"25,20 : 21.38"
"25,21 : 38.28"
"25,22 : 68.66"
"25,23 : 40.8"
"25,24 : 83.36"
"25,25 : 0.0"
"25,26 : 78.41"
"25,27 : 28.16"
"25,28 : 61.13"
"25,29 : 64.38"
"25,30 : 25.3"
"25,31 : 67.96"
"25,32 : 45.65"
"25,33 : 51.0"
"25,34 : 68.77"
"25,35 : 69.46"
"25,36 : 59.67"
"25,37 : 18.03"
"25,38 : 89.01"
"25,39 : 69.12"
"25,40 : 74.63"
"25,41 : 29.07"
"25,42 : 76.84"
"25,43 : 3.0"
"25,44 : 60.67"
"25,45 : 28.28"
"25,46 : 58.55"
"25,47 : 17.09"
"25,48 : 82.73"
"25,49 : 62.37"
"26,0 : 30.08"
"26,1 : 84.72"
"26,2 : 37.34"
"26,3 : 18.03"
"26,4 : 23.6"
"26,5 : 57.63"
"26,6 : 34.21"
"26,7 : 67.19"
"26,8 : 78.49"
"26,9 : 74.43"
"26,10 : 26.87"
"26,11 : 65.92"
"26,12 : 60.54"
"26,13 : 27.29"
"26,14 : 39.29"
"26,15 : 39.6"
"26,16 : 43.83"
"26,17 : 57.94"
"26,18 : 49.82"
"26,19 : 43.93"
"26,20 : 83.02"
"26,21 : 46.96"
"26,22 : 13.04"
"26,23 : 55.22"
"26,24 : 23.35"
"26,25 : 78.41"
"26,26 : 0.0"
"26,27 : 77.62"
"26,28 : 91.29"
"26,29 : 20.52"
"26,30 : 91.76"
"26,31 : 35.81"
"26,32 : 73.76"
"26,33 : 36.67"
"26,34 : 59.03"
"26,35 : 9.0"
"26,36 : 43.86"
"26,37 : 87.64"
"26,38 : 14.21"
"26,39 : 9.85"
"26,40 : 31.78"
"26,41 : 60.64"
"26,42 : 16.76"
"26,43 : 75.43"
"26,44 : 24.76"
"26,45 : 76.66"
"26,46 : 96.21"
"26,47 : 75.89"
"26,48 : 29.27"
"26,49 : 27.02"
"27,0 : 64.5"
"27,1 : 8.54"
"27,2 : 90.27"
"27,3 : 73.82"
"27,4 : 61.01"
"27,5 : 75.8"
"27,6 : 84.65"
"27,7 : 102.9"
"27,8 : 90.48"
"27,9 : 91.79"
"27,10 : 68.24"
"27,11 : 120.92"
"27,12 : 25.5"
"27,13 : 79.31"
"27,14 : 38.33"
"27,15 : 47.68"
"27,16 : 59.55"
"27,17 : 46.07"
"27,18 : 37.64"
"27,19 : 42.95"
"27,20 : 9.9"
"27,21 : 52.63"
"27,22 : 65.31"
"27,23 : 60.03"
"27,24 : 89.94"
"27,25 : 28.16"
"27,26 : 77.62"
"27,27 : 0.0"
"27,28 : 87.97"
"27,29 : 70.33"
"27,30 : 53.15"
"27,31 : 54.74"
"27,32 : 70.6"
"27,33 : 42.19"
"27,34 : 87.92"
"27,35 : 68.96"
"27,36 : 44.15"
"27,37 : 45.89"
"27,38 : 90.76"
"27,39 : 70.23"
"27,40 : 85.0"
"27,41 : 17.09"
"27,42 : 70.11"
"27,43 : 28.0"
"27,44 : 67.96"
"27,45 : 1.0"
"27,46 : 86.15"
"27,47 : 44.1"
"27,48 : 71.57"
"27,49 : 71.03"
"28,0 : 107.82"
"28,1 : 86.59"
"28,2 : 64.41"
"28,3 : 73.54"
"28,4 : 98.49"
"28,5 : 34.06"
"28,6 : 62.97"
"28,7 : 45.04"
"28,8 : 18.11"
"28,9 : 24.19"
"28,10 : 64.44"
"28,11 : 73.03"
"28,12 : 98.51"
"28,13 : 114.86"
"28,14 : 80.65"
"28,15 : 100.9"
"28,16 : 49.4"
"28,17 : 46.69"
"28,18 : 100.66"
"28,19 : 100.28"
"28,20 : 82.46"
"28,21 : 50.16"
"28,22 : 89.87"
"28,23 : 38.91"
"28,24 : 79.32"
"28,25 : 61.13"
"28,26 : 91.29"
"28,27 : 87.97"
"28,28 : 0.0"
"28,29 : 70.77"
"28,30 : 42.44"
"28,31 : 104.39"
"28,32 : 19.92"
"28,33 : 87.92"
"28,34 : 38.63"
"28,35 : 85.43"
"28,36 : 101.53"
"28,37 : 47.41"
"28,38 : 93.24"
"28,39 : 82.33"
"28,40 : 65.73"
"28,41 : 81.06"
"28,42 : 100.69"
"28,43 : 60.42"
"28,44 : 66.6"
"28,45 : 87.82"
"28,46 : 8.06"
"28,47 : 44.15"
"28,48 : 112.16"
"28,49 : 64.35"
"29,0 : 43.1"
"29,1 : 76.06"
"29,2 : 23.77"
"29,3 : 4.0"
"29,4 : 34.0"
"29,5 : 37.2"
"29,6 : 18.68"
"29,7 : 50.09"
"29,8 : 58.31"
"29,9 : 54.56"
"29,10 : 6.4"
"29,11 : 55.9"
"29,12 : 59.67"
"29,13 : 45.69"
"29,14 : 34.66"
"29,15 : 45.22"
"29,16 : 24.17"
"29,17 : 40.45"
"29,18 : 52.35"
"29,19 : 47.93"
"29,20 : 73.54"
"29,21 : 28.64"
"29,22 : 22.2"
"29,23 : 35.36"
"29,24 : 19.7"
"29,25 : 64.38"
"29,26 : 20.52"
"29,27 : 70.33"
"29,28 : 70.77"
"29,29 : 0.0"
"29,30 : 73.98"
"29,31 : 44.55"
"29,32 : 53.41"
"29,33 : 36.36"
"29,34 : 39.85"
"29,35 : 15.81"
"29,36 : 48.47"
"29,37 : 70.71"
"29,38 : 25.71"
"29,39 : 12.08"
"29,40 : 17.46"
"29,41 : 53.54"
"29,42 : 32.28"
"29,43 : 61.4"
"29,44 : 4.47"
"29,45 : 69.46"
"29,46 : 75.74"
"29,47 : 58.69"
"29,48 : 45.12"
"29,49 : 6.71"
"30,0 : 96.05"
"30,1 : 49.09"
"30,2 : 81.15"
"30,3 : 77.88"
"30,4 : 88.23"
"30,5 : 51.66"
"30,6 : 77.01"
"30,7 : 76.49"
"30,8 : 53.41"
"30,9 : 57.69"
"30,10 : 68.25"
"30,11 : 102.46"
"30,12 : 71.59"
"30,13 : 107.62"
"30,14 : 63.78"
"30,15 : 83.45"
"30,16 : 50.49"
"30,17 : 33.84"
"30,18 : 78.6"
"30,19 : 80.81"
"30,20 : 45.18"
"30,21 : 45.35"
"30,22 : 84.53"
"30,23 : 41.0"
"30,24 : 90.45"
"30,25 : 25.3"
"30,26 : 91.76"
"30,27 : 53.15"
"30,28 : 42.44"
"30,29 : 73.98"
"30,30 : 0.0"
"30,31 : 89.14"
"30,32 : 34.0"
"30,33 : 71.51"
"30,34 : 63.57"
"30,35 : 83.38"
"30,36 : 82.22"
"30,37 : 7.28"
"30,38 : 99.69"
"30,39 : 81.93"
"30,40 : 79.01"
"30,41 : 53.34"
"30,42 : 94.15"
"30,43 : 26.4"
"30,44 : 69.63"
"30,45 : 53.37"
"30,46 : 37.58"
"30,47 : 16.12"
"30,48 : 102.2"
"30,49 : 69.87"
"31,0 : 10.05"
"31,1 : 63.15"
"31,2 : 67.91"
"31,3 : 45.35"
"31,4 : 12.21"
"31,5 : 75.5"
"31,6 : 63.15"
"31,7 : 94.09"
"31,8 : 96.77"
"31,9 : 94.54"
"31,10 : 48.04"
"31,11 : 99.3"
"31,12 : 31.06"
"31,13 : 25.08"
"31,14 : 25.5"
"31,15 : 7.07"
"31,16 : 56.04"
"31,17 : 59.91"
"31,18 : 18.11"
"31,19 : 12.0"
"31,20 : 63.06"
"31,21 : 54.23"
"31,22 : 24.17"
"31,23 : 65.55"
"31,24 : 57.7"
"31,25 : 67.96"
"31,26 : 35.81"
"31,27 : 54.74"
"31,28 : 104.39"
"31,29 : 44.55"
"31,30 : 89.14"
"31,31 : 0.0"
"31,32 : 84.58"
"31,33 : 17.69"
"31,34 : 82.15"
"31,35 : 31.38"
"31,36 : 11.05"
"31,37 : 82.98"
"31,38 : 49.68"
"31,39 : 35.11"
"31,40 : 61.61"
"31,41 : 40.85"
"31,42 : 20.62"
"31,43 : 65.46"
"31,44 : 46.1"
"31,45 : 53.76"
"31,46 : 106.89"
"31,47 : 73.55"
"31,48 : 17.0"
"31,49 : 50.16"
"32,0 : 88.32"
"32,1 : 70.38"
"32,2 : 52.17"
"32,3 : 56.61"
"32,4 : 79.08"
"32,5 : 20.22"
"32,6 : 49.34"
"32,7 : 42.54"
"32,8 : 20.81"
"32,9 : 24.08"
"32,10 : 47.01"
"32,11 : 69.12"
"32,12 : 79.1"
"32,13 : 96.05"
"32,14 : 60.73"
"32,15 : 80.99"
"32,16 : 30.48"
"32,17 : 27.07"
"32,18 : 80.81"
"32,19 : 80.36"
"32,20 : 66.31"
"32,21 : 30.41"
"32,22 : 71.06"
"32,23 : 19.42"
"32,24 : 65.0"
"32,25 : 45.65"
"32,26 : 73.76"
"32,27 : 70.6"
"32,28 : 19.92"
"32,29 : 53.41"
"32,30 : 34.0"
"32,31 : 84.58"
"32,32 : 0.0"
"32,33 : 68.01"
"32,34 : 30.41"
"32,35 : 67.18"
"32,36 : 81.61"
"32,37 : 36.24"
"32,38 : 77.52"
"32,39 : 64.38"
"32,40 : 51.87"
"32,41 : 62.07"
"32,42 : 81.84"
"32,43 : 44.28"
"32,44 : 49.04"
"32,45 : 70.34"
"32,46 : 22.8"
"32,47 : 28.84"
"32,48 : 92.91"
"32,49 : 47.43"
"33,0 : 25.06"
"33,1 : 50.01"
"33,2 : 59.94"
"33,3 : 38.6"
"33,4 : 19.24"
"33,5 : 61.07"
"33,6 : 54.56"
"33,7 : 82.57"
"33,8 : 81.74"
"33,9 : 80.16"
"33,10 : 37.7"
"33,11 : 92.18"
"33,12 : 24.21"
"33,13 : 38.6"
"33,14 : 7.81"
"33,15 : 13.0"
"33,16 : 41.11"
"33,17 : 42.54"
"33,18 : 16.16"
"33,19 : 13.0"
"33,20 : 49.09"
"33,21 : 38.08"
"33,22 : 23.77"
"33,23 : 49.48"
"33,24 : 53.76"
"33,25 : 51.0"
"33,26 : 36.67"
"33,27 : 42.19"
"33,28 : 87.92"
"33,29 : 36.36"
"33,30 : 71.51"
"33,31 : 17.69"
"33,32 : 68.01"
"33,33 : 0.0"
"33,34 : 69.35"
"33,35 : 28.84"
"33,36 : 14.04"
"33,37 : 65.44"
"33,38 : 50.61"
"33,39 : 31.24"
"33,40 : 53.71"
"33,41 : 26.08"
"33,42 : 28.0"
"33,43 : 48.37"
"33,44 : 36.25"
"33,45 : 41.19"
"33,46 : 89.96"
"33,47 : 55.87"
"33,48 : 31.78"
"33,49 : 40.31"
"34,0 : 82.38"
"34,1 : 90.27"
"34,2 : 26.4"
"34,3 : 41.23"
"34,4 : 72.99"
"34,5 : 12.81"
"34,6 : 26.25"
"34,7 : 15.0"
"34,8 : 21.63"
"34,9 : 16.28"
"34,10 : 34.71"
"34,11 : 38.9"
"34,12 : 87.93"
"34,13 : 85.44"
"34,14 : 64.13"
"34,15 : 81.02"
"34,16 : 29.73"
"34,17 : 42.52"
"34,18 : 85.0"
"34,19 : 82.3"
"34,20 : 86.56"
"34,21 : 35.78"
"34,22 : 61.85"
"34,23 : 28.32"
"34,24 : 42.43"
"34,25 : 68.77"
"34,26 : 59.03"
"34,27 : 87.92"
"34,28 : 38.63"
"34,29 : 39.85"
"34,30 : 63.57"
"34,31 : 82.15"
"34,32 : 30.41"
"34,33 : 69.35"
"34,34 : 0.0"
"34,35 : 55.66"
"34,36 : 83.22"
"34,37 : 64.4"
"34,38 : 57.49"
"34,39 : 51.87"
"34,40 : 29.07"
"34,41 : 74.69"
"34,42 : 72.12"
"34,43 : 66.53"
"34,44 : 36.88"
"34,45 : 87.37"
"34,46 : 45.88"
"34,47 : 54.38"
"34,48 : 84.9"
"34,49 : 33.24"
"35,0 : 28.07"
"35,1 : 75.93"
"35,2 : 37.22"
"35,3 : 15.03"
"35,4 : 19.65"
"35,5 : 52.48"
"35,6 : 33.0"
"35,7 : 65.49"
"35,8 : 73.82"
"35,9 : 70.26"
"35,10 : 21.47"
"35,11 : 68.01"
"35,12 : 53.01"
"35,13 : 29.97"
"35,14 : 30.68"
"35,15 : 33.84"
"35,16 : 36.8"
"35,17 : 49.66"
"35,18 : 43.14"
"35,19 : 37.64"
"35,20 : 74.15"
"35,21 : 39.12"
"35,22 : 7.28"
"35,23 : 48.17"
"35,24 : 26.42"
"35,25 : 69.46"
"35,26 : 9.0"
"35,27 : 68.96"
"35,28 : 85.43"
"35,29 : 15.81"
"35,30 : 83.38"
"35,31 : 31.38"
"35,32 : 67.18"
"35,33 : 28.84"
"35,34 : 55.66"
"35,35 : 0.0"
"35,36 : 37.8"
"35,37 : 79.06"
"35,38 : 21.93"
"35,39 : 4.0"
"35,40 : 31.06"
"35,41 : 51.92"
"35,42 : 16.49"
"35,43 : 66.48"
"35,44 : 19.24"
"35,45 : 68.01"
"35,46 : 89.87"
"35,47 : 67.42"
"35,48 : 29.43"
"35,49 : 22.47"
"36,0 : 21.1"
"36,1 : 52.63"
"36,2 : 72.24"
"36,3 : 50.09"
"36,4 : 21.1"
"36,5 : 75.11"
"36,6 : 67.07"
"36,7 : 96.18"
"36,8 : 95.75"
"36,9 : 94.19"
"36,10 : 50.7"
"36,11 : 104.28"
"36,12 : 20.02"
"36,13 : 36.12"
"36,14 : 20.88"
"36,15 : 4.47"
"36,16 : 55.15"
"36,17 : 55.54"
"36,18 : 7.07"
"36,19 : 1.41"
"36,20 : 52.81"
"36,21 : 51.97"
"36,22 : 31.14"
"36,23 : 63.35"
"36,24 : 64.07"
"36,25 : 59.67"
"36,26 : 43.86"
"36,27 : 44.15"
"36,28 : 101.53"
"36,29 : 48.47"
"36,30 : 82.22"
"36,31 : 11.05"
"36,32 : 81.61"
"36,33 : 14.04"
"36,34 : 83.22"
"36,35 : 37.8"
"36,36 : 0.0"
"36,37 : 75.69"
"36,38 : 58.05"
"36,39 : 41.05"
"36,40 : 65.92"
"36,41 : 31.38"
"36,42 : 30.41"
"36,43 : 57.38"
"36,44 : 49.04"
"36,45 : 43.17"
"36,46 : 103.25"
"36,47 : 67.2"
"36,48 : 28.02"
"36,49 : 53.16"
"37,0 : 90.21"
"37,1 : 42.01"
"37,2 : 79.91"
"37,3 : 74.67"
"37,4 : 82.68"
"37,5 : 52.0"
"37,6 : 75.43"
"37,7 : 78.03"
"37,8 : 56.57"
"37,9 : 60.31"
"37,10 : 65.28"
"37,11 : 103.08"
"37,12 : 64.5"
"37,13 : 102.22"
"37,14 : 57.8"
"37,15 : 77.1"
"37,16 : 48.0"
"37,17 : 30.27"
"37,18 : 71.84"
"37,19 : 74.28"
"37,20 : 38.05"
"37,21 : 42.19"
"37,22 : 79.71"
"37,23 : 39.62"
"37,24 : 88.02"
"37,25 : 18.03"
"37,26 : 87.64"
"37,27 : 45.89"
"37,28 : 47.41"
"37,29 : 70.71"
"37,30 : 7.28"
"37,31 : 82.98"
"37,32 : 36.24"
"37,33 : 65.44"
"37,34 : 64.4"
"37,35 : 79.06"
"37,36 : 75.69"
"37,37 : 0.0"
"37,38 : 96.34"
"37,39 : 77.88"
"37,40 : 77.23"
"37,41 : 46.32"
"37,42 : 89.01"
"37,43 : 19.24"
"37,44 : 66.48"
"37,45 : 46.1"
"37,46 : 43.32"
"37,47 : 12.04"
"37,48 : 96.52"
"37,49 : 67.12"
"38,0 : 43.05"
"38,1 : 97.53"
"38,2 : 32.25"
"38,3 : 21.84"
"38,4 : 37.54"
"38,5 : 59.2"
"38,6 : 31.24"
"38,7 : 62.61"
"38,8 : 78.49"
"38,9 : 73.66"
"38,10 : 31.62"
"38,11 : 56.0"
"38,12 : 74.63"
"38,13 : 36.67"
"38,14 : 52.55"
"38,15 : 53.76"
"38,16 : 49.65"
"38,17 : 66.1"
"38,18 : 64.03"
"38,19 : 58.14"
"38,20 : 95.57"
"38,21 : 54.34"
"38,22 : 27.2"
"38,23 : 60.54"
"38,24 : 15.65"
"38,25 : 89.01"
"38,26 : 14.21"
"38,27 : 90.76"
"38,28 : 93.24"
"38,29 : 25.71"
"38,30 : 99.69"
"38,31 : 49.68"
"38,32 : 77.52"
"38,33 : 50.61"
"38,34 : 57.49"
"38,35 : 21.93"
"38,36 : 58.05"
"38,37 : 96.34"
"38,38 : 0.0"
"38,39 : 20.62"
"38,40 : 28.43"
"38,41 : 73.68"
"38,42 : 29.68"
"38,43 : 86.01"
"38,44 : 30.08"
"38,45 : 89.81"
"38,46 : 99.05"
"38,47 : 84.34"
"38,48 : 40.85"
"38,49 : 30.46"
"39,0 : 32.06"
"39,1 : 76.92"
"39,2 : 33.24"
"39,3 : 11.05"
"39,4 : 23.54"
"39,5 : 49.09"
"39,6 : 29.0"
"39,7 : 61.52"
"39,8 : 70.33"
"39,9 : 66.64"
"39,10 : 18.03"
"39,11 : 64.2"
"39,12 : 55.44"
"39,13 : 33.62"
"39,14 : 32.2"
"39,15 : 37.22"
"39,16 : 34.21"
"39,17 : 48.1"
"39,18 : 46.1"
"39,19 : 40.8"
"39,20 : 74.95"
"39,21 : 37.12"
"39,22 : 11.18"
"39,23 : 45.61"
"39,24 : 23.02"
"39,25 : 69.12"
"39,26 : 9.85"
"39,27 : 70.23"
"39,28 : 82.33"
"39,29 : 12.08"
"39,30 : 81.93"
"39,31 : 35.11"
"39,32 : 64.38"
"39,33 : 31.24"
"39,34 : 51.87"
"39,35 : 4.0"
"39,36 : 41.05"
"39,37 : 77.88"
"39,38 : 20.62"
"39,39 : 0.0"
"39,40 : 27.07"
"39,41 : 53.14"
"39,42 : 20.4"
"39,43 : 66.12"
"39,44 : 15.81"
"39,45 : 69.29"
"39,46 : 86.98"
"39,47 : 66.1"
"39,48 : 33.38"
"39,49 : 18.79"
"40,0 : 59.14"
"40,1 : 89.89"
"40,2 : 6.32"
"40,3 : 16.28"
"40,4 : 50.49"
"40,5 : 32.2"
"40,6 : 2.83"
"40,7 : 35.44"
"40,8 : 50.25"
"40,9 : 45.28"
"40,10 : 16.97"
"40,11 : 38.47"
"40,12 : 76.61"
"40,13 : 59.03"
"40,14 : 51.4"
"40,15 : 62.63"
"40,16 : 29.61"
"40,17 : 48.05"
"40,18 : 69.77"
"40,19 : 65.39"
"40,20 : 86.95"
"40,21 : 36.4"
"40,22 : 38.21"
"40,23 : 38.01"
"40,24 : 13.6"
"40,25 : 74.63"
"40,26 : 31.78"
"40,27 : 85.0"
"40,28 : 65.73"
"40,29 : 17.46"
"40,30 : 79.01"
"40,31 : 61.61"
"40,32 : 51.87"
"40,33 : 53.71"
"40,34 : 29.07"
"40,35 : 31.06"
"40,36 : 65.92"
"40,37 : 77.23"
"40,38 : 28.43"
"40,39 : 27.07"
"40,40 : 0.0"
"40,41 : 68.77"
"40,42 : 47.04"
"40,43 : 71.78"
"40,44 : 17.8"
"40,45 : 84.2"
"40,46 : 72.07"
"40,47 : 65.38"
"40,48 : 60.07"
"40,49 : 14.14"
"41,0 : 50.0"
"41,1 : 24.19"
"41,2 : 74.28"
"41,3 : 56.94"
"41,4 : 45.28"
"41,5 : 63.32"
"41,6 : 68.62"
"41,7 : 89.47"
"41,8 : 80.41"
"41,9 : 80.78"
"41,10 : 51.86"
"41,11 : 105.55"
"41,12 : 18.38"
"41,13 : 64.33"
"41,14 : 21.38"
"41,15 : 34.01"
"41,16 : 45.28"
"41,17 : 35.36"
"41,18 : 26.25"
"41,19 : 30.02"
"41,20 : 23.02"
"41,21 : 38.91"
"41,22 : 48.51"
"41,23 : 48.08"
"41,24 : 73.06"
"41,25 : 29.07"
"41,26 : 60.64"
"41,27 : 17.09"
"41,28 : 81.06"
"41,29 : 53.54"
"41,30 : 53.34"
"41,31 : 40.85"
"41,32 : 62.07"
"41,33 : 26.08"
"41,34 : 74.69"
"41,35 : 51.92"
"41,36 : 31.38"
"41,37 : 46.32"
"41,38 : 73.68"
"41,39 : 53.14"
"41,40 : 68.77"
"41,41 : 0.0"
"41,42 : 54.04"
"41,43 : 27.2"
"41,44 : 51.4"
"41,45 : 16.16"
"41,46 : 80.75"
"41,47 : 40.16"
"41,48 : 57.01"
"41,49 : 54.67"
"42,0 : 13.42"
"42,1 : 78.01"
"42,2 : 53.0"
"42,3 : 31.4"
"42,4 : 9.49"
"42,5 : 68.43"
"42,6 : 49.16"
"42,7 : 81.88"
"42,8 : 89.9"
"42,9 : 86.54"
"42,10 : 37.7"
"42,11 : 82.57"
"42,12 : 49.34"
"42,13 : 14.21"
"42,14 : 33.54"
"42,15 : 25.94"
"42,16 : 51.4"
"42,17 : 61.4"
"42,18 : 37.16"
"42,19 : 30.87"
"42,20 : 77.06"
"42,21 : 52.33"
"42,22 : 10.82"
"42,23 : 62.48"
"42,24 : 40.02"
"42,25 : 76.84"
"42,26 : 16.76"
"42,27 : 70.11"
"42,28 : 100.69"
"42,29 : 32.28"
"42,30 : 94.15"
"42,31 : 20.62"
"42,32 : 81.84"
"42,33 : 28.0"
"42,34 : 72.12"
"42,35 : 16.49"
"42,36 : 30.41"
"42,37 : 89.01"
"42,38 : 29.68"
"42,39 : 20.4"
"42,40 : 47.04"
"42,41 : 54.04"
"42,42 : 0.0"
"42,43 : 74.0"
"42,44 : 35.47"
"42,45 : 69.12"
"42,46 : 104.64"
"42,47 : 78.03"
"42,48 : 13.04"
"42,49 : 38.9"
"43,0 : 73.43"
"43,1 : 26.25"
"43,2 : 75.77"
"43,3 : 65.38"
"43,4 : 66.71"
"43,5 : 53.76"
"43,6 : 70.58"
"43,7 : 81.32"
"43,8 : 64.88"
"43,9 : 67.12"
"43,10 : 57.07"
"43,11 : 103.17"
"43,12 : 45.28"
"43,13 : 86.41"
"43,14 : 41.15"
"43,15 : 59.2"
"43,16 : 42.54"
"43,17 : 24.7"
"43,18 : 53.08"
"43,19 : 55.97"
"43,20 : 22.14"
"43,21 : 35.47"
"43,22 : 65.73"
"43,23 : 38.42"
"43,24 : 80.41"
"43,25 : 3.0"
"43,26 : 75.43"
"43,27 : 28.0"
"43,28 : 60.42"
"43,29 : 61.4"
"43,30 : 26.4"
"43,31 : 65.46"
"43,32 : 44.28"
"43,33 : 48.37"
"43,34 : 66.53"
"43,35 : 66.48"
"43,36 : 57.38"
"43,37 : 19.24"
"43,38 : 86.01"
"43,39 : 66.12"
"43,40 : 71.78"
"43,41 : 27.2"
"43,42 : 74.0"
"43,43 : 0.0"
"43,44 : 57.71"
"43,45 : 28.02"
"43,46 : 58.22"
"43,47 : 16.28"
"43,48 : 80.06"
"43,49 : 59.44"
"44,0 : 45.54"
"44,1 : 73.36"
"44,2 : 23.85"
"44,3 : 8.25"
"44,4 : 36.22"
"44,5 : 33.29"
"44,6 : 18.36"
"44,7 : 48.01"
"44,8 : 54.59"
"44,9 : 51.08"
"44,10 : 2.24"
"44,11 : 56.08"
"44,12 : 58.82"
"44,13 : 49.19"
"44,14 : 33.6"
"44,15 : 46.1"
"44,16 : 19.7"
"44,17 : 36.22"
"44,18 : 52.39"
"44,19 : 48.38"
"44,20 : 70.68"
"44,21 : 24.33"
"44,22 : 25.0"
"44,23 : 30.89"
"44,24 : 22.8"
"44,25 : 60.67"
"44,26 : 24.76"
"44,27 : 67.96"
"44,28 : 66.6"
"44,29 : 4.47"
"44,30 : 69.63"
"44,31 : 46.1"
"44,32 : 49.04"
"44,33 : 36.25"
"44,34 : 36.88"
"44,35 : 19.24"
"44,36 : 49.04"
"44,37 : 66.48"
"44,38 : 30.08"
"44,39 : 15.81"
"44,40 : 17.8"
"44,41 : 51.4"
"44,42 : 35.47"
"44,43 : 57.71"
"44,44 : 0.0"
"44,45 : 67.12"
"44,46 : 71.45"
"44,47 : 54.45"
"44,48 : 48.08"
"44,49 : 4.12"
"45,0 : 63.51"
"45,1 : 9.49"
"45,2 : 89.5"
"45,3 : 72.95"
"45,4 : 60.01"
"45,5 : 75.29"
"45,6 : 83.87"
"45,7 : 102.34"
"45,8 : 90.14"
"45,9 : 91.39"
"45,10 : 67.42"
"45,11 : 120.21"
"45,12 : 24.6"
"45,13 : 78.31"
"45,14 : 37.36"
"45,15 : 46.69"
"45,16 : 58.9"
"45,17 : 45.62"
"45,18 : 36.69"
"45,19 : 41.98"
"45,20 : 10.63"
"45,21 : 52.01"
"45,22 : 64.33"
"45,23 : 59.54"
"45,24 : 89.07"
"45,25 : 28.28"
"45,26 : 76.66"
"45,27 : 1.0"
"45,28 : 87.82"
"45,29 : 69.46"
"45,30 : 53.37"
"45,31 : 53.76"
"45,32 : 70.34"
"45,33 : 41.19"
"45,34 : 87.37"
"45,35 : 68.01"
"45,36 : 43.17"
"45,37 : 46.1"
"45,38 : 89.81"
"45,39 : 69.29"
"45,40 : 84.2"
"45,41 : 16.16"
"45,42 : 69.12"
"45,43 : 28.02"
"45,44 : 67.12"
"45,45 : 0.0"
"45,46 : 86.09"
"45,47 : 44.05"
"45,48 : 70.58"
"45,49 : 70.21"
"46,0 : 110.98"
"46,1 : 84.01"
"46,2 : 71.18"
"46,3 : 78.75"
"46,4 : 101.79"
"46,5 : 39.96"
"46,6 : 69.35"
"46,7 : 53.01"
"46,8 : 26.02"
"46,9 : 32.06"
"46,10 : 69.35"
"46,11 : 81.01"
"46,12 : 98.66"
"46,13 : 118.85"
"46,14 : 82.46"
"46,15 : 102.96"
"46,16 : 53.26"
"46,17 : 47.76"
"46,18 : 101.83"
"46,19 : 101.95"
"46,20 : 79.91"
"46,21 : 53.0"
"46,22 : 93.86"
"46,23 : 42.2"
"46,24 : 85.59"
"46,25 : 58.55"
"46,26 : 96.21"
"46,27 : 86.15"
"46,28 : 8.06"
"46,29 : 75.74"
"46,30 : 37.58"
"46,31 : 106.89"
"46,32 : 22.8"
"46,33 : 89.96"
"46,34 : 45.88"
"46,35 : 89.87"
"46,36 : 103.25"
"46,37 : 43.32"
"46,38 : 99.05"
"46,39 : 86.98"
"46,40 : 72.07"
"46,41 : 80.75"
"46,42 : 104.64"
"46,43 : 58.22"
"46,44 : 71.45"
"46,45 : 86.09"
"46,46 : 0.0"
"46,47 : 42.05"
"46,48 : 115.68"
"46,49 : 69.53"
"47,0 : 80.16"
"47,1 : 42.45"
"47,2 : 68.25"
"47,3 : 62.65"
"47,4 : 72.2"
"47,5 : 41.68"
"47,6 : 63.64"
"47,7 : 68.6"
"47,8 : 49.65"
"47,9 : 52.5"
"47,10 : 53.24"
"47,11 : 92.57"
"47,12 : 58.52"
"47,13 : 91.53"
"47,14 : 48.08"
"47,15 : 68.12"
"47,16 : 36.01"
"47,17 : 18.25"
"47,18 : 64.14"
"47,19 : 65.8"
"47,20 : 38.33"
"47,21 : 30.15"
"47,22 : 68.43"
"47,23 : 28.16"
"47,24 : 76.01"
"47,25 : 17.09"
"47,26 : 75.89"
"47,27 : 44.1"
"47,28 : 44.15"
"47,29 : 58.69"
"47,30 : 16.12"
"47,31 : 73.55"
"47,32 : 28.84"
"47,33 : 55.87"
"47,34 : 54.38"
"47,35 : 67.42"
"47,36 : 67.2"
"47,37 : 12.04"
"47,38 : 84.34"
"47,39 : 66.1"
"47,40 : 65.38"
"47,41 : 40.16"
"47,42 : 78.03"
"47,43 : 16.28"
"47,44 : 54.45"
"47,45 : 44.05"
"47,46 : 42.05"
"47,47 : 0.0"
"47,48 : 86.21"
"47,49 : 55.08"
"48,0 : 7.07"
"48,1 : 79.91"
"48,2 : 66.01"
"48,3 : 44.41"
"48,4 : 14.14"
"48,5 : 80.62"
"48,6 : 62.2"
"48,7 : 94.89"
"48,8 : 102.16"
"48,9 : 99.02"
"48,10 : 50.29"
"48,11 : 95.19"
"48,12 : 48.04"
"48,13 : 8.25"
"48,14 : 38.95"
"48,15 : 24.02"
"48,16 : 62.77"
"48,17 : 70.71"
"48,18 : 35.06"
"48,19 : 29.0"
"48,20 : 79.62"
"48,21 : 62.8"
"48,22 : 23.09"
"48,23 : 73.5"
"48,24 : 52.61"
"48,25 : 82.73"
"48,26 : 29.27"
"48,27 : 71.57"
"48,28 : 112.16"
"48,29 : 45.12"
"48,30 : 102.2"
"48,31 : 17.0"
"48,32 : 92.91"
"48,33 : 31.78"
"48,34 : 84.9"
"48,35 : 29.43"
"48,36 : 28.02"
"48,37 : 96.52"
"48,38 : 40.85"
"48,39 : 33.38"
"48,40 : 60.07"
"48,41 : 57.01"
"48,42 : 13.04"
"48,43 : 80.06"
"48,44 : 48.08"
"48,45 : 70.58"
"48,46 : 115.68"
"48,47 : 86.21"
"48,48 : 0.0"
"48,49 : 51.66"
"49,0 : 49.37"
"49,1 : 76.16"
"49,2 : 20.0"
"49,3 : 9.22"
"49,4 : 40.11"
"49,5 : 30.61"
"49,6 : 14.42"
"49,7 : 44.0"
"49,8 : 51.62"
"49,9 : 47.85"
"49,10 : 2.83"
"49,11 : 52.15"
"49,12 : 62.68"
"49,13 : 52.39"
"49,14 : 37.44"
"49,15 : 50.22"
"49,16 : 19.42"
"49,17 : 37.0"
"49,18 : 56.46"
"49,19 : 52.5"
"49,20 : 73.36"
"49,21 : 25.0"
"49,22 : 28.64"
"49,23 : 30.08"
"49,24 : 21.1"
"49,25 : 62.37"
"49,26 : 27.02"
"49,27 : 71.03"
"49,28 : 64.35"
"49,29 : 6.71"
"49,30 : 69.87"
"49,31 : 50.16"
"49,32 : 47.43"
"49,33 : 40.31"
"49,34 : 33.24"
"49,35 : 22.47"
"49,36 : 53.16"
"49,37 : 67.12"
"49,38 : 30.46"
"49,39 : 18.79"
"49,40 : 14.14"
"49,41 : 54.67"
"49,42 : 38.9"
"49,43 : 59.44"
"49,44 : 4.12"
"49,45 : 70.21"
"49,46 : 69.53"
"49,47 : 55.08"
"49,48 : 51.66"
"49,49 : 0.0"
