x,y
21,25
76,49
63,46
41,44
81,0
35,87
99,73
28,20
50,34
78,79
71,39
1,44
12,99
4,2
41,9
21,19
96,0
69,78
53,56
3,69
46,73
57,86
5,100
70,51
13,11
51,77
3,39
0,1
20,73
51,27
14,96
3,35
33,30
62,46
31,7
77,74
4,82
39,80
4,17
90,6
48,8
46,95
71,29
86,60
1,78
11,99
90,24
25,71
54,30
47,92

Distanze
"0,0 : 0.0"
"0,1 : 83.29"
"0,2 : 25.32"
"0,3 : 53.85"
"0,4 : 43.42"
"0,5 : 15.81"
"0,6 : 75.24"
"0,7 : 19.65"
"0,8 : 69.84"
"0,9 : 64.63"
"0,10 : 53.91"
"0,11 : 63.82"
"0,12 : 53.23"
"0,13 : 41.77"
"0,14 : 36.24"
"0,15 : 43.93"
"0,16 : 100.12"
"0,17 : 77.2"
"0,18 : 89.19"
"0,19 : 48.0"
"0,20 : 28.18"
"0,21 : 86.95"
"0,22 : 54.12"
"0,23 : 64.85"
"0,24 : 48.88"
"0,25 : 16.03"
"0,26 : 48.37"
"0,27 : 87.8"
"0,28 : 84.22"
"0,29 : 92.13"
"0,30 : 49.01"
"0,31 : 63.69"
"0,32 : 38.05"
"0,33 : 21.38"
"0,34 : 97.2"
"0,35 : 48.04"
"0,36 : 42.44"
"0,37 : 40.46"
"0,38 : 39.2"
"0,39 : 27.8"
"0,40 : 45.28"
"0,41 : 49.65"
"0,42 : 42.06"
"0,43 : 69.18"
"0,44 : 72.28"
"0,45 : 40.31"
"0,46 : 107.35"
"0,47 : 70.43"
"0,48 : 56.0"
"0,49 : 63.66"
"1,0 : 83.29"
"1,1 : 0.0"
"1,2 : 58.08"
"1,3 : 50.93"
"1,4 : 42.06"
"1,5 : 68.03"
"1,6 : 15.26"
"1,7 : 65.12"
"1,8 : 34.83"
"1,9 : 24.84"
"1,10 : 50.48"
"1,11 : 64.35"
"1,12 : 38.48"
"1,13 : 66.85"
"1,14 : 62.65"
"1,15 : 43.08"
"1,16 : 57.31"
"1,17 : 17.49"
"1,18 : 20.1"
"1,19 : 92.57"
"1,20 : 61.35"
"1,21 : 37.85"
"1,22 : 81.54"
"1,23 : 33.3"
"1,24 : 52.01"
"1,25 : 84.48"
"1,26 : 37.34"
"1,27 : 47.8"
"1,28 : 36.4"
"1,29 : 35.01"
"1,30 : 92.13"
"1,31 : 29.41"
"1,32 : 90.48"
"1,33 : 88.12"
"1,34 : 51.24"
"1,35 : 94.37"
"1,36 : 65.31"
"1,37 : 61.85"
"1,38 : 45.35"
"1,39 : 65.55"
"1,40 : 68.0"
"1,41 : 42.15"
"1,42 : 69.78"
"1,43 : 18.44"
"1,44 : 17.03"
"1,45 : 55.07"
"1,46 : 44.64"
"1,47 : 61.85"
"1,48 : 96.38"
"1,49 : 55.15"
"2,0 : 25.32"
"2,1 : 58.08"
"2,2 : 0.0"
"2,3 : 38.28"
"2,4 : 20.59"
"2,5 : 10.05"
"2,6 : 50.99"
"2,7 : 10.82"
"2,8 : 46.86"
"2,9 : 41.11"
"2,10 : 34.89"
"2,11 : 49.48"
"2,12 : 29.83"
"2,13 : 35.13"
"2,14 : 27.17"
"2,15 : 22.2"
"2,16 : 79.4"
"2,17 : 52.2"
"2,18 : 64.26"
"2,19 : 50.61"
"2,20 : 17.0"
"2,21 : 64.03"
"2,22 : 49.03"
"2,23 : 41.4"
"2,24 : 33.62"
"2,25 : 28.64"
"2,26 : 25.08"
"2,27 : 66.53"
"2,28 : 61.22"
"2,29 : 68.51"
"2,30 : 51.0"
"2,31 : 39.45"
"2,32 : 43.42"
"2,33 : 33.62"
"2,34 : 75.66"
"2,35 : 51.62"
"2,36 : 31.02"
"2,37 : 27.02"
"2,38 : 16.12"
"2,39 : 21.21"
"2,40 : 35.06"
"2,41 : 26.87"
"2,42 : 33.38"
"2,43 : 44.91"
"2,44 : 47.13"
"2,45 : 26.0"
"2,46 : 83.76"
"2,47 : 54.42"
"2,48 : 57.7"
"2,49 : 46.1"
"3,0 : 53.85"
"3,1 : 50.93"
"3,2 : 38.28"
"3,3 : 0.0"
"3,4 : 22.2"
"3,5 : 45.28"
"3,6 : 36.4"
"3,7 : 35.47"
"3,8 : 63.79"
"3,9 : 26.17"
"3,10 : 63.2"
"3,11 : 80.5"
"3,12 : 51.04"
"3,13 : 18.25"
"3,14 : 18.68"
"3,15 : 19.24"
"3,16 : 97.08"
"3,17 : 57.31"
"3,18 : 67.42"
"3,19 : 88.84"
"3,20 : 25.81"
"3,21 : 77.62"
"3,22 : 85.8"
"3,23 : 58.25"
"3,24 : 5.0"
"3,25 : 64.38"
"3,26 : 22.09"
"3,27 : 84.48"
"3,28 : 75.03"
"3,29 : 78.71"
"3,30 : 89.19"
"3,31 : 53.6"
"3,32 : 81.61"
"3,33 : 70.01"
"3,34 : 91.76"
"3,35 : 89.89"
"3,36 : 66.73"
"3,37 : 62.3"
"3,38 : 25.0"
"3,39 : 26.4"
"3,40 : 70.84"
"3,41 : 51.04"
"3,42 : 70.01"
"3,43 : 32.53"
"3,44 : 51.88"
"3,45 : 13.6"
"3,46 : 92.11"
"3,47 : 83.02"
"3,48 : 95.77"
"3,49 : 74.03"
"4,0 : 43.42"
"4,1 : 42.06"
"4,2 : 20.59"
"4,3 : 22.2"
"4,4 : 0.0"
"4,5 : 30.08"
"4,6 : 32.0"
"4,7 : 24.02"
"4,8 : 43.86"
"4,9 : 21.21"
"4,10 : 41.05"
"4,11 : 58.31"
"4,12 : 29.43"
"4,13 : 29.15"
"4,14 : 22.67"
"4,15 : 3.0"
"4,16 : 77.82"
"4,17 : 41.77"
"4,18 : 53.41"
"4,19 : 69.03"
"4,20 : 19.31"
"4,21 : 59.36"
"4,22 : 64.4"
"4,23 : 38.08"
"4,24 : 19.03"
"4,25 : 49.19"
"4,26 : 5.0"
"4,27 : 64.88"
"4,28 : 56.6"
"4,29 : 61.85"
"4,30 : 69.2"
"4,31 : 34.0"
"4,32 : 62.94"
"4,33 : 54.2"
"4,34 : 72.95"
"4,35 : 70.29"
"4,36 : 45.19"
"4,37 : 40.72"
"4,38 : 4.47"
"4,39 : 23.71"
"4,40 : 49.24"
"4,41 : 29.02"
"4,42 : 48.76"
"4,43 : 26.02"
"4,44 : 36.12"
"4,45 : 16.12"
"4,46 : 76.42"
"4,47 : 61.01"
"4,48 : 75.45"
"4,49 : 52.01"
"5,0 : 15.81"
"5,1 : 68.03"
"5,2 : 10.05"
"5,3 : 45.28"
"5,4 : 30.08"
"5,5 : 0.0"
"5,6 : 61.0"
"5,7 : 10.77"
"5,8 : 54.38"
"5,9 : 50.96"
"5,10 : 39.7"
"5,11 : 51.89"
"5,12 : 37.59"
"5,13 : 38.28"
"5,14 : 30.87"
"5,15 : 31.3"
"5,16 : 85.59"
"5,17 : 61.4"
"5,18 : 73.38"
"5,19 : 45.54"
"5,20 : 20.59"
"5,21 : 71.56"
"5,22 : 47.0"
"5,23 : 49.24"
"5,24 : 40.36"
"5,25 : 19.42"
"5,26 : 34.79"
"5,27 : 73.0"
"5,28 : 68.8"
"5,29 : 76.54"
"5,30 : 46.17"
"5,31 : 47.93"
"5,32 : 37.12"
"5,33 : 24.84"
"5,34 : 82.33"
"5,35 : 46.24"
"5,36 : 31.32"
"5,37 : 28.23"
"5,38 : 25.63"
"5,39 : 23.09"
"5,40 : 34.93"
"5,41 : 34.13"
"5,42 : 32.39"
"5,43 : 54.92"
"5,44 : 56.52"
"5,45 : 32.02"
"5,46 : 91.79"
"5,47 : 57.8"
"5,48 : 53.16"
"5,49 : 50.22"
"6,0 : 75.24"
"6,1 : 15.26"
"6,2 : 50.99"
"6,3 : 36.4"
"6,4 : 32.0"
"6,5 : 61.0"
"6,6 : 0.0"
"6,7 : 56.01"
"6,8 : 42.38"
"6,9 : 11.4"
"6,10 : 53.26"
"6,11 : 69.34"
"6,12 : 39.62"
"6,13 : 53.24"
"6,14 : 49.98"
"6,15 : 32.14"
"6,16 : 70.03"
"6,17 : 28.02"
"6,18 : 34.48"
"6,19 : 92.42"
"6,20 : 50.49"
"6,21 : 50.0"
"6,22 : 83.45"
"6,23 : 38.91"
"6,24 : 38.08"
"6,25 : 79.12"
"6,26 : 27.0"
"6,27 : 59.21"
"6,28 : 48.04"
"6,29 : 48.51"
"6,30 : 92.2"
"6,31 : 34.0"
"6,32 : 88.68"
"6,33 : 83.49"
"6,34 : 64.07"
"6,35 : 94.05"
"6,36 : 65.44"
"6,37 : 61.4"
"6,38 : 36.06"
"6,39 : 54.13"
"6,40 : 68.77"
"6,41 : 42.45"
"6,42 : 69.81"
"6,43 : 6.08"
"6,44 : 24.52"
"6,45 : 42.38"
"6,46 : 59.46"
"6,47 : 68.43"
"6,48 : 97.31"
"6,49 : 60.54"
"7,0 : 19.65"
"7,1 : 65.12"
"7,2 : 10.82"
"7,3 : 35.47"
"7,4 : 24.02"
"7,5 : 10.77"
"7,6 : 56.01"
"7,7 : 0.0"
"7,8 : 57.31"
"7,9 : 45.18"
"7,10 : 45.65"
"7,11 : 59.77"
"7,12 : 40.31"
"7,13 : 27.51"
"7,14 : 20.12"
"7,15 : 24.33"
"7,16 : 90.14"
"7,17 : 61.27"
"7,18 : 73.35"
"7,19 : 56.3"
"7,20 : 10.0"
"7,21 : 74.41"
"7,22 : 57.14"
"7,23 : 51.74"
"7,24 : 30.48"
"7,25 : 29.0"
"7,26 : 29.02"
"7,27 : 77.23"
"7,28 : 71.59"
"7,29 : 78.6"
"7,30 : 56.92"
"7,31 : 49.41"
"7,32 : 47.85"
"7,33 : 34.71"
"7,34 : 86.31"
"7,35 : 57.01"
"7,36 : 40.31"
"7,37 : 36.67"
"7,38 : 20.02"
"7,39 : 12.37"
"7,40 : 44.18"
"7,41 : 37.54"
"7,42 : 42.01"
"7,43 : 50.0"
"7,44 : 55.95"
"7,45 : 21.93"
"7,46 : 93.81"
"7,47 : 65.0"
"7,48 : 63.89"
"7,49 : 56.8"
"8,0 : 69.84"
"8,1 : 34.83"
"8,2 : 46.86"
"8,3 : 63.79"
"8,4 : 43.86"
"8,5 : 54.38"
"8,6 : 42.38"
"8,7 : 57.31"
"8,8 : 0.0"
"8,9 : 43.1"
"8,10 : 20.02"
"8,11 : 30.0"
"8,12 : 17.03"
"8,13 : 72.9"
"8,14 : 65.86"
"8,15 : 46.62"
"8,16 : 34.0"
"8,17 : 17.69"
"8,18 : 25.0"
"8,19 : 62.59"
"8,20 : 59.2"
"8,21 : 17.2"
"8,22 : 49.4"
"8,23 : 5.83"
"8,24 : 61.98"
"8,25 : 64.56"
"8,26 : 42.06"
"8,27 : 21.02"
"8,28 : 14.42"
"8,29 : 22.47"
"8,30 : 61.85"
"8,31 : 10.2"
"8,32 : 63.13"
"8,33 : 66.29"
"8,34 : 29.41"
"8,35 : 64.54"
"8,36 : 37.01"
"8,37 : 35.13"
"8,38 : 43.91"
"8,39 : 64.2"
"8,40 : 38.33"
"8,41 : 20.25"
"8,42 : 41.11"
"8,43 : 39.81"
"8,44 : 18.36"
"8,45 : 59.93"
"8,46 : 37.58"
"8,47 : 27.02"
"8,48 : 64.85"
"8,49 : 20.81"
"9,0 : 64.63"
"9,1 : 24.84"
"9,2 : 41.11"
"9,3 : 26.17"
"9,4 : 21.21"
"9,5 : 50.96"
"9,6 : 11.4"
"9,7 : 45.18"
"9,8 : 43.1"
"9,9 : 0.0"
"9,10 : 49.65"
"9,11 : 66.71"
"9,12 : 35.78"
"9,13 : 42.19"
"9,14 : 38.63"
"9,15 : 21.0"
"9,16 : 74.15"
"9,17 : 32.57"
"9,18 : 41.68"
"9,19 : 85.7"
"9,20 : 39.2"
"9,21 : 54.13"
"9,22 : 78.24"
"9,23 : 38.47"
"9,24 : 27.2"
"9,25 : 69.64"
"9,26 : 16.28"
"9,27 : 62.29"
"9,28 : 51.79"
"9,29 : 54.08"
"9,30 : 85.63"
"9,31 : 33.38"
"9,32 : 81.02"
"9,33 : 74.32"
"9,34 : 68.45"
"9,35 : 87.21"
"9,36 : 59.46"
"9,37 : 55.17"
"9,38 : 25.5"
"9,39 : 42.76"
"9,40 : 63.13"
"9,41 : 37.74"
"9,42 : 63.66"
"9,43 : 6.4"
"9,44 : 27.66"
"9,45 : 31.02"
"9,46 : 66.65"
"9,47 : 67.05"
"9,48 : 91.22"
"9,49 : 58.52"
"10,0 : 53.91"
"10,1 : 50.48"
"10,2 : 34.89"
"10,3 : 63.2"
"10,4 : 41.05"
"10,5 : 39.7"
"10,6 : 53.26"
"10,7 : 45.65"
"10,8 : 20.02"
"10,9 : 49.65"
"10,10 : 0.0"
"10,11 : 17.46"
"10,12 : 13.89"
"10,13 : 67.27"
"10,14 : 59.44"
"10,15 : 44.05"
"10,16 : 46.23"
"10,17 : 35.47"
"10,18 : 44.72"
"10,19 : 43.01"
"10,20 : 50.6"
"10,21 : 35.17"
"10,22 : 31.06"
"10,23 : 18.03"
"10,24 : 60.01"
"10,25 : 46.1"
"10,26 : 41.59"
"10,27 : 34.13"
"10,28 : 32.76"
"10,29 : 41.59"
"10,30 : 42.38"
"10,31 : 21.1"
"10,32 : 43.1"
"10,33 : 47.13"
"10,34 : 43.57"
"10,35 : 44.92"
"10,36 : 17.0"
"10,37 : 15.52"
"10,38 : 39.05"
"10,39 : 55.36"
"10,40 : 18.44"
"10,41 : 12.37"
"10,42 : 21.1"
"10,43 : 48.83"
"10,44 : 33.62"
"10,45 : 55.33"
"10,46 : 56.04"
"10,47 : 20.22"
"10,48 : 46.07"
"10,49 : 11.4"
"11,0 : 63.82"
"11,1 : 64.35"
"11,2 : 49.48"
"11,3 : 80.5"
"11,4 : 58.31"
"11,5 : 51.89"
"11,6 : 69.34"
"11,7 : 59.77"
"11,8 : 30.0"
"11,9 : 66.71"
"11,10 : 17.46"
"11,11 : 0.0"
"11,12 : 31.02"
"11,13 : 83.49"
"11,14 : 75.54"
"11,15 : 61.29"
"11,16 : 41.76"
"11,17 : 47.63"
"11,18 : 54.12"
"11,19 : 37.22"
"11,20 : 66.1"
"11,21 : 38.83"
"11,22 : 22.0"
"11,23 : 31.14"
"11,24 : 77.16"
"11,25 : 52.35"
"11,26 : 59.03"
"11,27 : 33.02"
"11,28 : 37.36"
"11,29 : 46.1"
"11,30 : 36.12"
"11,31 : 35.61"
"11,32 : 41.44"
"11,33 : 51.4"
"11,34 : 41.44"
"11,35 : 39.2"
"11,36 : 21.4"
"11,37 : 23.71"
"11,38 : 56.04"
"11,39 : 70.61"
"11,40 : 19.1"
"11,41 : 29.83"
"11,42 : 22.67"
"11,43 : 65.37"
"11,44 : 47.38"
"11,45 : 72.03"
"11,46 : 58.03"
"11,47 : 7.62"
"11,48 : 37.22"
"11,49 : 9.22"
"12,0 : 53.23"
"12,1 : 38.48"
"12,2 : 29.83"
"12,3 : 51.04"
"12,4 : 29.43"
"12,5 : 37.59"
"12,6 : 39.62"
"12,7 : 40.31"
"12,8 : 17.03"
"12,9 : 35.78"
"12,10 : 13.89"
"12,11 : 31.02"
"12,12 : 0.0"
"12,13 : 57.58"
"12,14 : 50.16"
"12,15 : 32.39"
"12,16 : 50.22"
"12,17 : 26.02"
"12,18 : 37.22"
"12,19 : 54.12"
"12,20 : 42.72"
"12,21 : 34.21"
"12,22 : 43.93"
"12,23 : 11.66"
"12,24 : 48.37"
"12,25 : 49.5"
"12,26 : 29.0"
"12,27 : 37.2"
"12,28 : 31.4"
"12,29 : 38.95"
"12,30 : 53.71"
"12,31 : 11.05"
"12,32 : 52.2"
"12,33 : 52.04"
"12,34 : 46.1"
"12,35 : 55.9"
"12,36 : 26.83"
"12,37 : 23.41"
"12,38 : 28.46"
"12,39 : 47.71"
"12,40 : 29.68"
"12,41 : 4.0"
"12,42 : 31.3"
"12,43 : 35.0"
"12,44 : 22.56"
"12,45 : 44.92"
"12,46 : 54.2"
"12,47 : 32.25"
"12,48 : 58.25"
"12,49 : 23.35"
"13,0 : 41.77"
"13,1 : 66.85"
"13,2 : 35.13"
"13,3 : 18.25"
"13,4 : 29.15"
"13,5 : 38.28"
"13,6 : 53.24"
"13,7 : 27.51"
"13,8 : 72.9"
"13,9 : 42.19"
"13,10 : 67.27"
"13,11 : 83.49"
"13,12 : 57.58"
"13,13 : 0.0"
"13,14 : 8.0"
"13,15 : 26.63"
"13,16 : 106.89"
"13,17 : 70.18"
"13,18 : 81.32"
"13,19 : 83.82"
"13,20 : 18.25"
"13,21 : 88.51"
"13,22 : 84.01"
"13,23 : 67.08"
"13,24 : 15.23"
"13,25 : 55.23"
"13,26 : 32.02"
"13,27 : 93.91"
"13,28 : 85.76"
"13,29 : 90.8"
"13,30 : 84.43"
"13,31 : 63.13"
"13,32 : 75.24"
"13,33 : 61.06"
"13,34 : 102.08"
"13,35 : 84.5"
"13,36 : 66.12"
"13,37 : 62.03"
"13,38 : 29.15"
"13,39 : 15.23"
"13,40 : 70.18"
"13,41 : 56.32"
"13,42 : 68.47"
"13,43 : 48.55"
"13,44 : 64.54"
"13,45 : 13.04"
"13,46 : 105.12"
"13,47 : 87.48"
"13,48 : 91.39"
"13,49 : 78.64"
"14,0 : 36.24"
"14,1 : 62.65"
"14,2 : 27.17"
"14,3 : 18.68"
"14,4 : 22.67"
"14,5 : 30.87"
"14,6 : 49.98"
"14,7 : 20.12"
"14,8 : 65.86"
"14,9 : 38.63"
"14,10 : 59.44"
"14,11 : 75.54"
"14,12 : 50.16"
"14,13 : 8.0"
"14,14 : 0.0"
"14,15 : 20.52"
"14,16 : 99.85"
"14,17 : 64.35"
"14,18 : 75.82"
"14,19 : 76.32"
"14,20 : 10.44"
"14,21 : 81.84"
"14,22 : 76.12"
"14,23 : 60.03"
"14,24 : 14.14"
"14,25 : 48.6"
"14,26 : 26.25"
"14,27 : 86.83"
"14,28 : 79.06"
"14,29 : 84.5"
"14,30 : 76.9"
"14,31 : 56.3"
"14,32 : 67.98"
"14,33 : 54.41"
"14,34 : 95.19"
"14,35 : 77.08"
"14,36 : 58.14"
"14,37 : 54.04"
"14,38 : 21.95"
"14,39 : 8.49"
"14,40 : 62.2"
"14,41 : 48.7"
"14,42 : 60.53"
"14,43 : 44.78"
"14,44 : 58.69"
"14,45 : 7.62"
"14,46 : 99.09"
"14,47 : 79.62"
"14,48 : 83.82"
"14,49 : 70.83"
"15,0 : 43.93"
"15,1 : 43.08"
"15,2 : 22.2"
"15,3 : 19.24"
"15,4 : 3.0"
"15,5 : 31.3"
"15,6 : 32.14"
"15,7 : 24.33"
"15,8 : 46.62"
"15,9 : 21.0"
"15,10 : 44.05"
"15,11 : 61.29"
"15,12 : 32.39"
"15,13 : 26.63"
"15,14 : 20.52"
"15,15 : 0.0"
"15,16 : 80.53"
"15,17 : 43.84"
"15,18 : 55.32"
"15,19 : 71.4"
"15,20 : 18.44"
"15,21 : 61.91"
"15,22 : 67.12"
"15,23 : 40.85"
"15,24 : 16.03"
"15,25 : 50.61"
"15,26 : 5.83"
"15,27 : 67.62"
"15,28 : 59.17"
"15,29 : 64.2"
"15,30 : 71.61"
"15,31 : 36.67"
"15,32 : 65.07"
"15,33 : 55.76"
"15,34 : 75.59"
"15,35 : 72.62"
"15,36 : 47.93"
"15,37 : 43.46"
"15,38 : 6.4"
"15,39 : 22.47"
"15,40 : 52.0"
"15,41 : 32.02"
"15,42 : 51.43"
"15,43 : 26.31"
"15,44 : 38.18"
"15,45 : 13.6"
"15,46 : 78.64"
"15,47 : 64.01"
"15,48 : 77.94"
"15,49 : 55.01"
"16,0 : 100.12"
"16,1 : 57.31"
"16,2 : 79.4"
"16,3 : 97.08"
"16,4 : 77.82"
"16,5 : 85.59"
"16,6 : 70.03"
"16,7 : 90.14"
"16,8 : 34.0"
"16,9 : 74.15"
"16,10 : 46.23"
"16,11 : 41.76"
"16,12 : 50.22"
"16,13 : 106.89"
"16,14 : 99.85"
"16,15 : 80.53"
"16,16 : 0.0"
"16,17 : 42.11"
"16,18 : 37.85"
"16,19 : 78.64"
"16,20 : 92.91"
"16,21 : 20.1"
"16,22 : 63.15"
"16,23 : 39.82"
"16,24 : 95.63"
"16,25 : 91.59"
"16,26 : 75.77"
"16,27 : 13.04"
"16,28 : 22.36"
"16,29 : 22.56"
"16,30 : 77.47"
"16,31 : 43.86"
"16,32 : 83.17"
"16,33 : 91.71"
"16,34 : 6.08"
"16,35 : 80.6"
"16,36 : 60.42"
"16,37 : 60.75"
"16,38 : 77.9"
"16,39 : 97.91"
"16,40 : 59.51"
"16,41 : 52.63"
"16,42 : 63.07"
"16,43 : 69.46"
"16,44 : 46.53"
"16,45 : 93.91"
"16,46 : 22.8"
"16,47 : 34.21"
"16,48 : 77.41"
"16,49 : 37.59"
"17,0 : 77.2"
"17,1 : 17.49"
"17,2 : 52.2"
"17,3 : 57.31"
"17,4 : 41.77"
"17,5 : 61.4"
"17,6 : 28.02"
"17,7 : 61.27"
"17,8 : 17.69"
"17,9 : 32.57"
"17,10 : 35.47"
"17,11 : 47.63"
"17,12 : 26.02"
"17,13 : 70.18"
"17,14 : 64.35"
"17,15 : 43.84"
"17,16 : 42.11"
"17,17 : 0.0"
"17,18 : 12.08"
"17,19 : 78.43"
"17,20 : 60.22"
"17,21 : 22.02"
"17,22 : 66.19"
"17,23 : 17.46"
"17,24 : 56.86"
"17,25 : 75.24"
"17,26 : 38.21"
"17,27 : 31.26"
"17,28 : 20.02"
"17,29 : 21.54"
"17,30 : 77.83"
"17,31 : 15.13"
"17,32 : 77.67"
"17,33 : 78.01"
"17,34 : 36.22"
"17,35 : 80.32"
"17,36 : 51.66"
"17,37 : 48.84"
"17,38 : 43.6"
"17,39 : 65.0"
"17,40 : 53.76"
"17,41 : 30.02"
"17,42 : 56.04"
"17,43 : 27.46"
"17,44 : 5.66"
"17,45 : 57.31"
"17,46 : 35.0"
"17,47 : 44.6"
"17,48 : 81.44"
"17,49 : 38.42"
"18,0 : 89.19"
"18,1 : 20.1"
"18,2 : 64.26"
"18,3 : 67.42"
"18,4 : 53.41"
"18,5 : 73.38"
"18,6 : 34.48"
"18,7 : 73.35"
"18,8 : 25.0"
"18,9 : 41.68"
"18,10 : 44.72"
"18,11 : 54.12"
"18,12 : 37.22"
"18,13 : 81.32"
"18,14 : 75.82"
"18,15 : 55.32"
"18,16 : 37.85"
"18,17 : 12.08"
"18,18 : 0.0"
"18,19 : 87.56"
"18,20 : 72.11"
"18,21 : 19.72"
"18,22 : 74.33"
"18,23 : 27.07"
"18,24 : 67.48"
"18,25 : 86.7"
"18,26 : 49.58"
"18,27 : 30.02"
"18,28 : 19.21"
"18,29 : 15.3"
"18,30 : 86.83"
"18,31 : 26.17"
"18,32 : 87.69"
"18,33 : 89.2"
"18,34 : 31.78"
"18,35 : 89.5"
"18,36 : 61.52"
"18,37 : 59.14"
"18,38 : 55.47"
"18,39 : 76.84"
"18,40 : 63.15"
"18,41 : 41.19"
"18,42 : 65.76"
"18,43 : 35.78"
"18,44 : 17.49"
"18,45 : 68.62"
"18,46 : 25.08"
"18,47 : 49.65"
"18,48 : 89.81"
"18,49 : 45.19"
"19,0 : 48.0"
"19,1 : 92.57"
"19,2 : 50.61"
"19,3 : 88.84"
"19,4 : 69.03"
"19,5 : 45.54"
"19,6 : 92.42"
"19,7 : 56.3"
"19,8 : 62.59"
"19,9 : 85.7"
"19,10 : 43.01"
"19,11 : 37.22"
"19,12 : 54.12"
"19,13 : 83.82"
"19,14 : 76.32"
"19,15 : 71.4"
"19,16 : 78.64"
"19,17 : 78.43"
"19,18 : 87.56"
"19,19 : 0.0"
"19,20 : 65.92"
"19,21 : 75.11"
"19,22 : 15.52"
"19,23 : 61.03"
"19,24 : 84.22"
"19,25 : 32.02"
"19,26 : 72.25"
"19,27 : 70.18"
"19,28 : 73.25"
"19,29 : 82.22"
"19,30 : 1.41"
"19,31 : 63.69"
"19,32 : 10.2"
"19,33 : 27.29"
"19,34 : 78.64"
"19,35 : 2.0"
"19,36 : 27.29"
"19,37 : 31.06"
"19,38 : 65.0"
"19,39 : 68.62"
"19,40 : 24.7"
"19,41 : 50.61"
"19,42 : 22.83"
"19,43 : 87.01"
"19,44 : 76.16"
"19,45 : 76.48"
"19,46 : 95.02"
"19,47 : 44.55"
"19,48 : 8.0"
"19,49 : 44.05"
"20,0 : 28.18"
"20,1 : 61.35"
"20,2 : 17.0"
"20,3 : 25.81"
"20,4 : 19.31"
"20,5 : 20.59"
"20,6 : 50.49"
"20,7 : 10.0"
"20,8 : 59.2"
"20,9 : 39.2"
"20,10 : 50.6"
"20,11 : 66.1"
"20,12 : 42.72"
"20,13 : 18.25"
"20,14 : 10.44"
"20,15 : 18.44"
"20,16 : 92.91"
"20,17 : 60.22"
"20,18 : 72.11"
"20,19 : 65.92"
"20,20 : 0.0"
"20,21 : 75.82"
"20,22 : 65.76"
"20,23 : 53.41"
"20,24 : 20.81"
"20,25 : 38.95"
"20,26 : 24.04"
"20,27 : 79.88"
"20,28 : 73.0"
"20,29 : 79.21"
"20,30 : 66.48"
"20,31 : 50.25"
"20,32 : 57.71"
"20,33 : 44.69"
"20,34 : 88.6"
"20,35 : 66.71"
"20,36 : 48.01"
"20,37 : 44.01"
"20,38 : 16.64"
"20,39 : 5.0"
"20,40 : 52.04"
"20,41 : 40.71"
"20,42 : 50.25"
"20,43 : 44.72"
"20,44 : 54.64"
"20,45 : 12.21"
"20,46 : 94.18"
"20,47 : 70.6"
"20,48 : 73.39"
"20,49 : 61.98"
"21,0 : 86.95"
"21,1 : 37.85"
"21,2 : 64.03"
"21,3 : 77.62"
"21,4 : 59.36"
"21,5 : 71.56"
"21,6 : 50.0"
"21,7 : 74.41"
"21,8 : 17.2"
"21,9 : 54.13"
"21,10 : 35.17"
"21,11 : 38.83"
"21,12 : 34.21"
"21,13 : 88.51"
"21,14 : 81.84"
"21,15 : 61.91"
"21,16 : 20.1"
"21,17 : 22.02"
"21,18 : 19.72"
"21,19 : 75.11"
"21,20 : 75.82"
"21,21 : 0.0"
"21,22 : 60.53"
"21,23 : 22.67"
"21,24 : 76.49"
"21,25 : 80.99"
"21,26 : 56.82"
"21,27 : 10.3"
"21,28 : 2.83"
"21,29 : 7.28"
"21,30 : 74.17"
"21,31 : 25.61"
"21,32 : 77.23"
"21,33 : 82.28"
"21,34 : 14.32"
"21,35 : 77.1"
"21,36 : 51.79"
"21,37 : 50.7"
"21,38 : 60.0"
"21,39 : 80.81"
"21,40 : 52.24"
"21,41 : 37.44"
"21,42 : 55.44"
"21,43 : 49.37"
"21,44 : 26.48"
"21,45 : 75.47"
"21,46 : 20.88"
"21,47 : 32.89"
"21,48 : 75.95"
"21,49 : 31.06"
"22,0 : 54.12"
"22,1 : 81.54"
"22,2 : 49.03"
"22,3 : 85.8"
"22,4 : 64.4"
"22,5 : 47.0"
"22,6 : 83.45"
"22,7 : 57.14"
"22,8 : 49.4"
"22,9 : 78.24"
"22,10 : 31.06"
"22,11 : 22.0"
"22,12 : 43.93"
"22,13 : 84.01"
"22,14 : 76.12"
"22,15 : 67.12"
"22,16 : 63.15"
"22,17 : 66.19"
"22,18 : 74.33"
"22,19 : 15.52"
"22,20 : 65.76"
"22,21 : 60.53"
"22,22 : 0.0"
"22,23 : 48.76"
"22,24 : 81.6"
"22,25 : 39.4"
"22,26 : 66.73"
"22,27 : 55.01"
"22,28 : 58.86"
"22,29 : 67.74"
"22,30 : 14.32"
"22,31 : 52.15"
"22,32 : 22.02"
"22,33 : 36.36"
"22,34 : 63.29"
"22,35 : 17.46"
"22,36 : 19.24"
"22,37 : 23.71"
"22,38 : 60.93"
"22,39 : 69.35"
"22,40 : 15.26"
"22,41 : 41.01"
"22,42 : 15.81"
"22,43 : 78.52"
"22,44 : 64.66"
"22,45 : 74.73"
"22,46 : 80.02"
"22,47 : 29.15"
"22,48 : 15.52"
"22,49 : 29.61"
"23,0 : 64.85"
"23,1 : 33.3"
"23,2 : 41.4"
"23,3 : 58.25"
"23,4 : 38.08"
"23,5 : 49.24"
"23,6 : 38.91"
"23,7 : 51.74"
"23,8 : 5.83"
"23,9 : 38.47"
"23,10 : 18.03"
"23,11 : 31.14"
"23,12 : 11.66"
"23,13 : 67.08"
"23,14 : 60.03"
"23,15 : 40.85"
"23,16 : 39.82"
"23,17 : 17.46"
"23,18 : 27.07"
"23,19 : 61.03"
"23,20 : 53.41"
"23,21 : 22.67"
"23,22 : 48.76"
"23,23 : 0.0"
"23,24 : 56.32"
"23,25 : 60.42"
"23,26 : 36.4"
"23,27 : 26.83"
"23,28 : 19.85"
"23,29 : 27.29"
"23,30 : 60.41"
"23,31 : 5.1"
"23,32 : 60.67"
"23,33 : 62.51"
"23,34 : 35.23"
"23,35 : 62.94"
"23,36 : 34.53"
"23,37 : 32.06"
"23,38 : 38.08"
"23,39 : 58.41"
"23,40 : 36.4"
"23,41 : 15.23"
"23,42 : 38.83"
"23,43 : 35.74"
"23,44 : 16.28"
"23,45 : 54.13"
"23,46 : 42.54"
"23,47 : 29.53"
"23,48 : 63.98"
"23,49 : 22.02"
"24,0 : 48.88"
"24,1 : 52.01"
"24,2 : 33.62"
"24,3 : 5.0"
"24,4 : 19.03"
"24,5 : 40.36"
"24,6 : 38.08"
"24,7 : 30.48"
"24,8 : 61.98"
"24,9 : 27.2"
"24,10 : 60.01"
"24,11 : 77.16"
"24,12 : 48.37"
"24,13 : 15.23"
"24,14 : 14.14"
"24,15 : 16.03"
"24,16 : 95.63"
"24,17 : 56.86"
"24,18 : 67.48"
"24,19 : 84.22"
"24,20 : 20.81"
"24,21 : 76.49"
"24,22 : 81.6"
"24,23 : 56.32"
"24,24 : 0.0"
"24,25 : 59.41"
"24,26 : 19.92"
"24,27 : 82.87"
"24,28 : 73.82"
"24,29 : 78.03"
"24,30 : 84.6"
"24,31 : 51.87"
"24,32 : 76.84"
"24,33 : 65.05"
"24,34 : 90.47"
"24,35 : 85.23"
"24,36 : 62.64"
"24,37 : 58.24"
"24,38 : 21.21"
"24,39 : 21.54"
"24,40 : 66.76"
"24,41 : 48.04"
"24,42 : 65.79"
"24,43 : 33.6"
"24,44 : 51.31"
"24,45 : 8.6"
"24,46 : 91.84"
"24,47 : 80.02"
"24,48 : 91.24"
"24,49 : 71.03"
"25,0 : 16.03"
"25,1 : 84.48"
"25,2 : 28.64"
"25,3 : 64.38"
"25,4 : 49.19"
"25,5 : 19.42"
"25,6 : 79.12"
"25,7 : 29.0"
"25,8 : 64.56"
"25,9 : 69.64"
"25,10 : 46.1"
"25,11 : 52.35"
"25,12 : 49.5"
"25,13 : 55.23"
"25,14 : 48.6"
"25,15 : 50.61"
"25,16 : 91.59"
"25,17 : 75.24"
"25,18 : 86.7"
"25,19 : 32.02"
"25,20 : 38.95"
"25,21 : 80.99"
"25,22 : 39.4"
"25,23 : 60.42"
"25,24 : 59.41"
"25,25 : 0.0"
"25,26 : 53.71"
"25,27 : 80.06"
"25,28 : 78.43"
"25,29 : 86.98"
"25,30 : 33.06"
"25,31 : 60.53"
"25,32 : 22.02"
"25,33 : 5.83"
"25,34 : 89.47"
"25,35 : 32.02"
"25,36 : 31.4"
"25,37 : 30.89"
"25,38 : 44.72"
"25,39 : 40.22"
"25,40 : 33.24"
"25,41 : 45.54"
"25,42 : 29.7"
"25,43 : 73.08"
"25,44 : 71.03"
"25,45 : 50.91"
"25,46 : 101.84"
"25,47 : 59.55"
"25,48 : 40.01"
"25,49 : 54.08"
"26,0 : 48.37"
"26,1 : 37.34"
"26,2 : 25.08"
"26,3 : 22.09"
"26,4 : 5.0"
"26,5 : 34.79"
"26,6 : 27.0"
"26,7 : 29.02"
"26,8 : 42.06"
"26,9 : 16.28"
"26,10 : 41.59"
"26,11 : 59.03"
"26,12 : 29.0"
"26,13 : 32.02"
"26,14 : 26.25"
"26,15 : 5.83"
"26,16 : 75.77"
"26,17 : 38.21"
"26,18 : 49.58"
"26,19 : 72.25"
"26,20 : 24.04"
"26,21 : 56.82"
"26,22 : 66.73"
"26,23 : 36.4"
"26,24 : 19.92"
"26,25 : 53.71"
"26,26 : 0.0"
"26,27 : 62.97"
"26,28 : 54.12"
"26,29 : 58.82"
"26,30 : 72.35"
"26,31 : 31.95"
"26,32 : 66.6"
"26,33 : 58.59"
"26,34 : 70.68"
"26,35 : 73.59"
"26,36 : 47.51"
"26,37 : 43.05"
"26,38 : 9.22"
"26,39 : 28.23"
"26,40 : 51.48"
"26,41 : 29.27"
"26,42 : 51.31"
"26,43 : 21.02"
"26,44 : 32.56"
"26,45 : 19.1"
"26,46 : 73.11"
"26,47 : 61.13"
"26,48 : 78.41"
"26,49 : 52.15"
"27,0 : 87.8"
"27,1 : 47.8"
"27,2 : 66.53"
"27,3 : 84.48"
"27,4 : 64.88"
"27,5 : 73.0"
"27,6 : 59.21"
"27,7 : 77.23"
"27,8 : 21.02"
"27,9 : 62.29"
"27,10 : 34.13"
"27,11 : 33.02"
"27,12 : 37.2"
"27,13 : 93.91"
"27,14 : 86.83"
"27,15 : 67.62"
"27,16 : 13.04"
"27,17 : 31.26"
"27,18 : 30.02"
"27,19 : 70.18"
"27,20 : 79.88"
"27,21 : 10.3"
"27,22 : 55.01"
"27,23 : 26.83"
"27,24 : 82.87"
"27,25 : 80.06"
"27,26 : 62.97"
"27,27 : 0.0"
"27,28 : 11.4"
"27,29 : 16.28"
"27,30 : 69.12"
"27,31 : 31.02"
"27,32 : 73.55"
"27,33 : 80.62"
"27,34 : 9.43"
"27,35 : 72.17"
"27,36 : 49.4"
"27,37 : 49.19"
"27,38 : 64.88"
"27,39 : 84.88"
"27,40 : 49.04"
"27,41 : 39.7"
"27,42 : 52.5"
"27,43 : 58.01"
"27,44 : 35.0"
"27,45 : 80.96"
"27,46 : 25.18"
"27,47 : 26.08"
"27,48 : 70.06"
"27,49 : 26.93"
"28,0 : 84.22"
"28,1 : 36.4"
"28,2 : 61.22"
"28,3 : 75.03"
"28,4 : 56.6"
"28,5 : 68.8"
"28,6 : 48.04"
"28,7 : 71.59"
"28,8 : 14.42"
"28,9 : 51.79"
"28,10 : 32.76"
"28,11 : 37.36"
"28,12 : 31.4"
"28,13 : 85.76"
"28,14 : 79.06"
"28,15 : 59.17"
"28,16 : 22.36"
"28,17 : 20.02"
"28,18 : 19.21"
"28,19 : 73.25"
"28,20 : 73.0"
"28,21 : 2.83"
"28,22 : 58.86"
"28,23 : 19.85"
"28,24 : 73.82"
"28,25 : 78.43"
"28,26 : 54.12"
"28,27 : 11.4"
"28,28 : 0.0"
"28,29 : 9.0"
"28,30 : 72.34"
"28,31 : 22.8"
"28,32 : 75.11"
"28,33 : 79.81"
"28,34 : 16.76"
"28,35 : 75.24"
"28,36 : 49.5"
"28,37 : 48.27"
"28,38 : 57.2"
"28,39 : 77.99"
"28,40 : 50.09"
"28,41 : 34.67"
"28,42 : 53.24"
"28,43 : 47.17"
"28,44 : 24.19"
"28,45 : 72.72"
"28,46 : 23.41"
"28,47 : 31.78"
"28,48 : 74.33"
"28,49 : 29.27"
"29,0 : 92.13"
"29,1 : 35.01"
"29,2 : 68.51"
"29,3 : 78.71"
"29,4 : 61.85"
"29,5 : 76.54"
"29,6 : 48.51"
"29,7 : 78.6"
"29,8 : 22.47"
"29,9 : 54.08"
"29,10 : 41.59"
"29,11 : 46.1"
"29,12 : 38.95"
"29,13 : 90.8"
"29,14 : 84.5"
"29,15 : 64.2"
"29,16 : 22.56"
"29,17 : 21.54"
"29,18 : 15.3"
"29,19 : 82.22"
"29,20 : 79.21"
"29,21 : 7.28"
"29,22 : 67.74"
"29,23 : 27.29"
"29,24 : 78.03"
"29,25 : 86.98"
"29,26 : 58.82"
"29,27 : 16.28"
"29,28 : 9.0"
"29,29 : 0.0"
"29,30 : 81.3"
"29,31 : 29.21"
"29,32 : 84.1"
"29,33 : 88.53"
"29,34 : 16.49"
"29,35 : 84.21"
"29,36 : 58.42"
"29,37 : 57.07"
"29,38 : 62.97"
"29,39 : 84.15"
"29,40 : 59.08"
"29,41 : 42.49"
"29,42 : 62.2"
"29,43 : 48.76"
"29,44 : 26.83"
"29,45 : 77.8"
"29,46 : 15.26"
"29,47 : 40.16"
"29,48 : 83.19"
"29,49 : 38.21"
"30,0 : 49.01"
"30,1 : 92.13"
"30,2 : 51.0"
"30,3 : 89.19"
"30,4 : 69.2"
"30,5 : 46.17"
"30,6 : 92.2"
"30,7 : 56.92"
"30,8 : 61.85"
"30,9 : 85.63"
"30,10 : 42.38"
"30,11 : 36.12"
"30,12 : 53.71"
"30,13 : 84.43"
"30,14 : 76.9"
"30,15 : 71.61"
"30,16 : 77.47"
"30,17 : 77.83"
"30,18 : 86.83"
"30,19 : 1.41"
"30,20 : 66.48"
"30,21 : 74.17"
"30,22 : 14.32"
"30,23 : 60.41"
"30,24 : 84.6"
"30,25 : 33.06"
"30,26 : 72.35"
"30,27 : 69.12"
"30,28 : 72.34"
"30,29 : 81.3"
"30,30 : 0.0"
"30,31 : 63.16"
"30,32 : 11.4"
"30,33 : 28.44"
"30,34 : 77.52"
"30,35 : 3.16"
"30,36 : 26.93"
"30,37 : 30.81"
"30,38 : 65.22"
"30,39 : 69.26"
"30,40 : 24.17"
"30,41 : 50.25"
"30,42 : 22.47"
"30,43 : 86.83"
"30,44 : 75.64"
"30,45 : 76.92"
"30,46 : 94.01"
"30,47 : 43.42"
"30,48 : 7.07"
"30,49 : 43.1"
"31,0 : 63.69"
"31,1 : 29.41"
"31,2 : 39.45"
"31,3 : 53.6"
"31,4 : 34.0"
"31,5 : 47.93"
"31,6 : 34.0"
"31,7 : 49.41"
"31,8 : 10.2"
"31,9 : 33.38"
"31,10 : 21.1"
"31,11 : 35.61"
"31,12 : 11.05"
"31,13 : 63.13"
"31,14 : 56.3"
"31,15 : 36.67"
"31,16 : 43.86"
"31,17 : 15.13"
"31,18 : 26.17"
"31,19 : 63.69"
"31,20 : 50.25"
"31,21 : 25.61"
"31,22 : 52.15"
"31,23 : 5.1"
"31,24 : 51.87"
"31,25 : 60.53"
"31,26 : 31.95"
"31,27 : 31.02"
"31,28 : 22.8"
"31,29 : 29.21"
"31,30 : 63.16"
"31,31 : 0.0"
"31,32 : 62.59"
"31,33 : 63.07"
"31,34 : 38.95"
"31,35 : 65.55"
"31,36 : 36.69"
"31,37 : 33.73"
"31,38 : 34.41"
"31,39 : 55.23"
"31,40 : 39.0"
"31,41 : 15.03"
"31,42 : 41.11"
"31,43 : 30.68"
"31,44 : 12.53"
"31,45 : 50.12"
"31,46 : 44.41"
"31,47 : 34.44"
"31,48 : 67.12"
"31,49 : 26.63"
"32,0 : 38.05"
"32,1 : 90.48"
"32,2 : 43.42"
"32,3 : 81.61"
"32,4 : 62.94"
"32,5 : 37.12"
"32,6 : 88.68"
"32,7 : 47.85"
"32,8 : 63.13"
"32,9 : 81.02"
"32,10 : 43.1"
"32,11 : 41.44"
"32,12 : 52.2"
"32,13 : 75.24"
"32,14 : 67.98"
"32,15 : 65.07"
"32,16 : 83.17"
"32,17 : 77.67"
"32,18 : 87.69"
"32,19 : 10.2"
"32,20 : 57.71"
"32,21 : 77.23"
"32,22 : 22.02"
"32,23 : 60.67"
"32,24 : 76.84"
"32,25 : 22.02"
"32,26 : 66.6"
"32,27 : 73.55"
"32,28 : 75.11"
"32,29 : 84.1"
"32,30 : 11.4"
"32,31 : 62.59"
"32,32 : 0.0"
"32,33 : 17.12"
"32,34 : 82.46"
"32,35 : 10.0"
"32,36 : 26.17"
"32,37 : 28.86"
"32,38 : 58.69"
"32,39 : 60.01"
"32,40 : 25.02"
"32,41 : 48.38"
"32,42 : 22.02"
"32,43 : 83.01"
"32,44 : 74.73"
"32,45 : 68.8"
"32,46 : 97.74"
"32,47 : 49.04"
"32,48 : 18.11"
"32,49 : 46.69"
"33,0 : 21.38"
"33,1 : 88.12"
"33,2 : 33.62"
"33,3 : 70.01"
"33,4 : 54.2"
"33,5 : 24.84"
"33,6 : 83.49"
"33,7 : 34.71"
"33,8 : 66.29"
"33,9 : 74.32"
"33,10 : 47.13"
"33,11 : 51.4"
"33,12 : 52.04"
"33,13 : 61.06"
"33,14 : 54.41"
"33,15 : 55.76"
"33,16 : 91.71"
"33,17 : 78.01"
"33,18 : 89.2"
"33,19 : 27.29"
"33,20 : 44.69"
"33,21 : 82.28"
"33,22 : 36.36"
"33,23 : 62.51"
"33,24 : 65.05"
"33,25 : 5.83"
"33,26 : 58.59"
"33,27 : 80.62"
"33,28 : 79.81"
"33,29 : 88.53"
"33,30 : 28.44"
"33,31 : 63.07"
"33,32 : 17.12"
"33,33 : 0.0"
"33,34 : 89.96"
"33,35 : 27.07"
"33,36 : 31.3"
"33,37 : 31.62"
"33,38 : 49.74"
"33,39 : 46.04"
"33,40 : 32.45"
"33,41 : 48.04"
"33,42 : 28.84"
"33,43 : 77.49"
"33,44 : 74.06"
"33,45 : 56.59"
"33,46 : 103.16"
"33,47 : 58.82"
"33,48 : 35.23"
"33,49 : 54.12"
"34,0 : 97.2"
"34,1 : 51.24"
"34,2 : 75.66"
"34,3 : 91.76"
"34,4 : 72.95"
"34,5 : 82.33"
"34,6 : 64.07"
"34,7 : 86.31"
"34,8 : 29.41"
"34,9 : 68.45"
"34,10 : 43.57"
"34,11 : 41.44"
"34,12 : 46.1"
"34,13 : 102.08"
"34,14 : 95.19"
"34,15 : 75.59"
"34,16 : 6.08"
"34,17 : 36.22"
"34,18 : 31.78"
"34,19 : 78.64"
"34,20 : 88.6"
"34,21 : 14.32"
"34,22 : 63.29"
"34,23 : 35.23"
"34,24 : 90.47"
"34,25 : 89.47"
"34,26 : 70.68"
"34,27 : 9.43"
"34,28 : 16.76"
"34,29 : 16.49"
"34,30 : 77.52"
"34,31 : 38.95"
"34,32 : 82.46"
"34,33 : 89.96"
"34,34 : 0.0"
"34,35 : 80.62"
"34,36 : 58.69"
"34,37 : 58.59"
"34,38 : 73.25"
"34,39 : 93.6"
"34,40 : 58.19"
"34,41 : 48.8"
"34,42 : 61.68"
"34,43 : 63.64"
"34,44 : 40.79"
"34,45 : 89.07"
"34,46 : 18.79"
"34,47 : 34.13"
"34,48 : 78.03"
"34,49 : 36.06"
"35,0 : 48.04"
"35,1 : 94.37"
"35,2 : 51.62"
"35,3 : 89.89"
"35,4 : 70.29"
"35,5 : 46.24"
"35,6 : 94.05"
"35,7 : 57.01"
"35,8 : 64.54"
"35,9 : 87.21"
"35,10 : 44.92"
"35,11 : 39.2"
"35,12 : 55.9"
"35,13 : 84.5"
"35,14 : 77.08"
"35,15 : 72.62"
"35,16 : 80.6"
"35,17 : 80.32"
"35,18 : 89.5"
"35,19 : 2.0"
"35,20 : 66.71"
"35,21 : 77.1"
"35,22 : 17.46"
"35,23 : 62.94"
"35,24 : 85.23"
"35,25 : 32.02"
"35,26 : 73.59"
"35,27 : 72.17"
"35,28 : 75.24"
"35,29 : 84.21"
"35,30 : 3.16"
"35,31 : 65.55"
"35,32 : 10.0"
"35,33 : 27.07"
"35,34 : 80.62"
"35,35 : 0.0"
"35,36 : 29.07"
"35,37 : 32.76"
"35,38 : 66.22"
"35,39 : 69.29"
"35,40 : 26.57"
"35,41 : 52.35"
"35,42 : 24.6"
"35,43 : 88.6"
"35,44 : 78.0"
"35,45 : 77.41"
"35,46 : 97.02"
"35,47 : 46.53"
"35,48 : 8.25"
"35,49 : 46.04"
"36,0 : 42.44"
"36,1 : 65.31"
"36,2 : 31.02"
"36,3 : 66.73"
"36,4 : 45.19"
"36,5 : 31.32"
"36,6 : 65.44"
"36,7 : 40.31"
"36,8 : 37.01"
"36,9 : 59.46"
"36,10 : 17.0"
"36,11 : 21.4"
"36,12 : 26.83"
"36,13 : 66.12"
"36,14 : 58.14"
"36,15 : 47.93"
"36,16 : 60.42"
"36,17 : 51.66"
"36,18 : 61.52"
"36,19 : 27.29"
"36,20 : 48.01"
"36,21 : 51.79"
"36,22 : 19.24"
"36,23 : 34.53"
"36,24 : 62.64"
"36,25 : 31.4"
"36,26 : 47.51"
"36,27 : 49.4"
"36,28 : 49.5"
"36,29 : 58.42"
"36,30 : 26.93"
"36,31 : 36.69"
"36,32 : 26.17"
"36,33 : 31.3"
"36,34 : 58.69"
"36,35 : 29.07"
"36,36 : 0.0"
"36,37 : 4.47"
"36,38 : 41.79"
"36,39 : 52.04"
"36,40 : 4.12"
"36,41 : 23.32"
"36,42 : 4.47"
"36,43 : 60.21"
"36,44 : 49.04"
"36,45 : 56.09"
"36,46 : 72.57"
"36,47 : 28.28"
"36,48 : 31.89"
"36,49 : 22.83"
"37,0 : 40.46"
"37,1 : 61.85"
"37,2 : 27.02"
"37,3 : 62.3"
"37,4 : 40.72"
"37,5 : 28.23"
"37,6 : 61.4"
"37,7 : 36.67"
"37,8 : 35.13"
"37,9 : 55.17"
"37,10 : 15.52"
"37,11 : 23.71"
"37,12 : 23.41"
"37,13 : 62.03"
"37,14 : 54.04"
"37,15 : 43.46"
"37,16 : 60.75"
"37,17 : 48.84"
"37,18 : 59.14"
"37,19 : 31.06"
"37,20 : 44.01"
"37,21 : 50.7"
"37,22 : 23.71"
"37,23 : 32.06"
"37,24 : 58.24"
"37,25 : 30.89"
"37,26 : 43.05"
"37,27 : 49.19"
"37,28 : 48.27"
"37,29 : 57.07"
"37,30 : 30.81"
"37,31 : 33.73"
"37,32 : 28.86"
"37,33 : 31.62"
"37,34 : 58.59"
"37,35 : 32.76"
"37,36 : 4.47"
"37,37 : 0.0"
"37,38 : 37.34"
"37,39 : 48.17"
"37,40 : 8.54"
"37,41 : 19.7"
"37,42 : 8.49"
"37,43 : 56.08"
"37,44 : 45.88"
"37,45 : 51.79"
"37,46 : 71.57"
"37,47 : 30.0"
"37,48 : 36.07"
"37,49 : 23.43"
"38,0 : 39.2"
"38,1 : 45.35"
"38,2 : 16.12"
"38,3 : 25.0"
"38,4 : 4.47"
"38,5 : 25.63"
"38,6 : 36.06"
"38,7 : 20.02"
"38,8 : 43.91"
"38,9 : 25.5"
"38,10 : 39.05"
"38,11 : 56.04"
"38,12 : 28.46"
"38,13 : 29.15"
"38,14 : 21.95"
"38,15 : 6.4"
"38,16 : 77.9"
"38,17 : 43.6"
"38,18 : 55.47"
"38,19 : 65.0"
"38,20 : 16.64"
"38,21 : 60.0"
"38,22 : 60.93"
"38,23 : 38.08"
"38,24 : 21.21"
"38,25 : 44.72"
"38,26 : 9.22"
"38,27 : 64.88"
"38,28 : 57.2"
"38,29 : 62.97"
"38,30 : 65.22"
"38,31 : 34.41"
"38,32 : 58.69"
"38,33 : 49.74"
"38,34 : 73.25"
"38,35 : 66.22"
"38,36 : 41.79"
"38,37 : 37.34"
"38,38 : 0.0"
"38,39 : 21.4"
"38,40 : 45.88"
"38,41 : 27.46"
"38,42 : 45.19"
"38,43 : 30.02"
"38,44 : 38.01"
"38,45 : 16.49"
"38,46 : 77.79"
"38,47 : 59.21"
"38,48 : 71.56"
"38,49 : 50.25"
"39,0 : 27.8"
"39,1 : 65.55"
"39,2 : 21.21"
"39,3 : 26.4"
"39,4 : 23.71"
"39,5 : 23.09"
"39,6 : 54.13"
"39,7 : 12.37"
"39,8 : 64.2"
"39,9 : 42.76"
"39,10 : 55.36"
"39,11 : 70.61"
"39,12 : 47.71"
"39,13 : 15.23"
"39,14 : 8.49"
"39,15 : 22.47"
"39,16 : 97.91"
"39,17 : 65.0"
"39,18 : 76.84"
"39,19 : 68.62"
"39,20 : 5.0"
"39,21 : 80.81"
"39,22 : 69.35"
"39,23 : 58.41"
"39,24 : 21.54"
"39,25 : 40.22"
"39,26 : 28.23"
"39,27 : 84.88"
"39,28 : 77.99"
"39,29 : 84.15"
"39,30 : 69.26"
"39,31 : 55.23"
"39,32 : 60.01"
"39,33 : 46.04"
"39,34 : 93.6"
"39,35 : 69.29"
"39,36 : 52.04"
"39,37 : 48.17"
"39,38 : 21.4"
"39,39 : 0.0"
"39,40 : 56.01"
"39,41 : 45.65"
"39,42 : 54.04"
"39,43 : 48.51"
"39,44 : 59.41"
"39,45 : 13.34"
"39,46 : 99.09"
"39,47 : 75.29"
"39,48 : 76.24"
"39,49 : 66.73"
"40,0 : 45.28"
"40,1 : 68.0"
"40,2 : 35.06"
"40,3 : 70.84"
"40,4 : 49.24"
"40,5 : 34.93"
"40,6 : 68.77"
"40,7 : 44.18"
"40,8 : 38.33"
"40,9 : 63.13"
"40,10 : 18.44"
"40,11 : 19.1"
"40,12 : 29.68"
"40,13 : 70.18"
"40,14 : 62.2"
"40,15 : 52.0"
"40,16 : 59.51"
"40,17 : 53.76"
"40,18 : 63.15"
"40,19 : 24.7"
"40,20 : 52.04"
"40,21 : 52.24"
"40,22 : 15.26"
"40,23 : 36.4"
"40,24 : 66.76"
"40,25 : 33.24"
"40,26 : 51.48"
"40,27 : 49.04"
"40,28 : 50.09"
"40,29 : 59.08"
"40,30 : 24.17"
"40,31 : 39.0"
"40,32 : 25.02"
"40,33 : 32.45"
"40,34 : 58.19"
"40,35 : 26.57"
"40,36 : 4.12"
"40,37 : 8.54"
"40,38 : 45.88"
"40,39 : 56.01"
"40,40 : 0.0"
"40,41 : 26.4"
"40,42 : 3.61"
"40,43 : 63.66"
"40,44 : 51.48"
"40,45 : 60.21"
"40,46 : 72.84"
"40,47 : 26.4"
"40,48 : 28.6"
"40,49 : 22.14"
"41,0 : 49.65"
"41,1 : 42.15"
"41,2 : 26.87"
"41,3 : 51.04"
"41,4 : 29.02"
"41,5 : 34.13"
"41,6 : 42.45"
"41,7 : 37.54"
"41,8 : 20.25"
"41,9 : 37.74"
"41,10 : 12.37"
"41,11 : 29.83"
"41,12 : 4.0"
"41,13 : 56.32"
"41,14 : 48.7"
"41,15 : 32.02"
"41,16 : 52.63"
"41,17 : 30.02"
"41,18 : 41.19"
"41,19 : 50.61"
"41,20 : 40.71"
"41,21 : 37.44"
"41,22 : 41.01"
"41,23 : 15.23"
"41,24 : 48.04"
"41,25 : 45.54"
"41,26 : 29.27"
"41,27 : 39.7"
"41,28 : 34.67"
"41,29 : 42.49"
"41,30 : 50.25"
"41,31 : 15.03"
"41,32 : 48.38"
"41,33 : 48.04"
"41,34 : 48.8"
"41,35 : 52.35"
"41,36 : 23.32"
"41,37 : 19.7"
"41,38 : 27.46"
"41,39 : 45.65"
"41,40 : 26.4"
"41,41 : 0.0"
"41,42 : 27.78"
"41,43 : 37.54"
"41,44 : 26.48"
"41,45 : 43.93"
"41,46 : 57.71"
"41,47 : 32.0"
"41,48 : 55.0"
"41,49 : 23.0"
"42,0 : 42.06"
"42,1 : 69.78"
"42,2 : 33.38"
"42,3 : 70.01"
"42,4 : 48.76"
"42,5 : 32.39"
"42,6 : 69.81"
"42,7 : 42.01"
"42,8 : 41.11"
"42,9 : 63.66"
"42,10 : 21.1"
"42,11 : 22.67"
"42,12 : 31.3"
"42,13 : 68.47"
"42,14 : 60.53"
"42,15 : 51.43"
"42,16 : 63.07"
"42,17 : 56.04"
"42,18 : 65.76"
"42,19 : 22.83"
"42,20 : 50.25"
"42,21 : 55.44"
"42,22 : 15.81"
"42,23 : 38.83"
"42,24 : 65.79"
"42,25 : 29.7"
"42,26 : 51.31"
"42,27 : 52.5"
"42,28 : 53.24"
"42,29 : 62.2"
"42,30 : 22.47"
"42,31 : 41.11"
"42,32 : 22.02"
"42,33 : 28.84"
"42,34 : 61.68"
"42,35 : 24.6"
"42,36 : 4.47"
"42,37 : 8.49"
"42,38 : 45.19"
"42,39 : 54.04"
"42,40 : 3.61"
"42,41 : 27.78"
"42,42 : 0.0"
"42,43 : 64.54"
"42,44 : 53.49"
"42,45 : 58.94"
"42,46 : 76.12"
"42,47 : 30.0"
"42,48 : 27.59"
"42,49 : 25.63"
"43,0 : 69.18"
"43,1 : 18.44"
"43,2 : 44.91"
"43,3 : 32.53"
"43,4 : 26.02"
"43,5 : 54.92"
"43,6 : 6.08"
"43,7 : 50.0"
"43,8 : 39.81"
"43,9 : 6.4"
"43,10 : 48.83"
"43,11 : 65.37"
"43,12 : 35.0"
"43,13 : 48.55"
"43,14 : 44.78"
"43,15 : 26.31"
"43,16 : 69.46"
"43,17 : 27.46"
"43,18 : 35.78"
"43,19 : 87.01"
"43,20 : 44.72"
"43,21 : 49.37"
"43,22 : 78.52"
"43,23 : 35.74"
"43,24 : 33.6"
"43,25 : 73.08"
"43,26 : 21.02"
"43,27 : 58.01"
"43,28 : 47.17"
"43,29 : 48.76"
"43,30 : 86.83"
"43,31 : 30.68"
"43,32 : 83.01"
"43,33 : 77.49"
"43,34 : 63.64"
"43,35 : 88.6"
"43,36 : 60.21"
"43,37 : 56.08"
"43,38 : 30.02"
"43,39 : 48.51"
"43,40 : 63.66"
"43,41 : 37.54"
"43,42 : 64.54"
"43,43 : 0.0"
"43,44 : 23.02"
"43,45 : 37.16"
"43,46 : 60.84"
"43,47 : 65.0"
"43,48 : 92.1"
"43,49 : 56.8"
"44,0 : 72.28"
"44,1 : 17.03"
"44,2 : 47.13"
"44,3 : 51.88"
"44,4 : 36.12"
"44,5 : 56.52"
"44,6 : 24.52"
"44,7 : 55.95"
"44,8 : 18.36"
"44,9 : 27.66"
"44,10 : 33.62"
"44,11 : 47.38"
"44,12 : 22.56"
"44,13 : 64.54"
"44,14 : 58.69"
"44,15 : 38.18"
"44,16 : 46.53"
"44,17 : 5.66"
"44,18 : 17.49"
"44,19 : 76.16"
"44,20 : 54.64"
"44,21 : 26.48"
"44,22 : 64.66"
"44,23 : 16.28"
"44,24 : 51.31"
"44,25 : 71.03"
"44,26 : 32.56"
"44,27 : 35.0"
"44,28 : 24.19"
"44,29 : 26.83"
"44,30 : 75.64"
"44,31 : 12.53"
"44,32 : 74.73"
"44,33 : 74.06"
"44,34 : 40.79"
"44,35 : 78.0"
"44,36 : 49.04"
"44,37 : 45.88"
"44,38 : 38.01"
"44,39 : 59.41"
"44,40 : 51.48"
"44,41 : 26.48"
"44,42 : 53.49"
"44,43 : 23.02"
"44,44 : 0.0"
"44,45 : 51.66"
"44,46 : 40.61"
"44,47 : 45.22"
"44,48 : 79.65"
"44,49 : 38.21"
"45,0 : 40.31"
"45,1 : 55.07"
"45,2 : 26.0"
"45,3 : 13.6"
"45,4 : 16.12"
"45,5 : 32.02"
"45,6 : 42.38"
"45,7 : 21.93"
"45,8 : 59.93"
"45,9 : 31.02"
"45,10 : 55.33"
"45,11 : 72.03"
"45,12 : 44.92"
"45,13 : 13.04"
"45,14 : 7.62"
"45,15 : 13.6"
"45,16 : 93.91"
"45,17 : 57.31"
"45,18 : 68.62"
"45,19 : 76.48"
"45,20 : 12.21"
"45,21 : 75.47"
"45,22 : 74.73"
"45,23 : 54.13"
"45,24 : 8.6"
"45,25 : 50.91"
"45,26 : 19.1"
"45,27 : 80.96"
"45,28 : 72.72"
"45,29 : 77.8"
"45,30 : 76.92"
"45,31 : 50.12"
"45,32 : 68.8"
"45,33 : 56.59"
"45,34 : 89.07"
"45,35 : 77.41"
"45,36 : 56.09"
"45,37 : 51.79"
"45,38 : 16.49"
"45,39 : 13.34"
"45,40 : 60.21"
"45,41 : 43.93"
"45,42 : 58.94"
"45,43 : 37.16"
"45,44 : 51.66"
"45,45 : 0.0"
"45,46 : 92.2"
"45,47 : 75.54"
"45,48 : 83.67"
"45,49 : 66.61"
"46,0 : 107.35"
"46,1 : 44.64"
"46,2 : 83.76"
"46,3 : 92.11"
"46,4 : 76.42"
"46,5 : 91.79"
"46,6 : 59.46"
"46,7 : 93.81"
"46,8 : 37.58"
"46,9 : 66.65"
"46,10 : 56.04"
"46,11 : 58.03"
"46,12 : 54.2"
"46,13 : 105.12"
"46,14 : 99.09"
"46,15 : 78.64"
"46,16 : 22.8"
"46,17 : 35.0"
"46,18 : 25.08"
"46,19 : 95.02"
"46,20 : 94.18"
"46,21 : 20.88"
"46,22 : 80.02"
"46,23 : 42.54"
"46,24 : 91.84"
"46,25 : 101.84"
"46,26 : 73.11"
"46,27 : 25.18"
"46,28 : 23.41"
"46,29 : 15.26"
"46,30 : 94.01"
"46,31 : 44.41"
"46,32 : 97.74"
"46,33 : 103.16"
"46,34 : 18.79"
"46,35 : 97.02"
"46,36 : 72.57"
"46,37 : 71.57"
"46,38 : 77.79"
"46,39 : 99.09"
"46,40 : 72.84"
"46,41 : 57.71"
"46,42 : 76.12"
"46,43 : 60.84"
"46,44 : 40.61"
"46,45 : 92.2"
"46,46 : 0.0"
"46,47 : 51.24"
"46,48 : 95.19"
"46,49 : 51.16"
"47,0 : 70.43"
"47,1 : 61.85"
"47,2 : 54.42"
"47,3 : 83.02"
"47,4 : 61.01"
"47,5 : 57.8"
"47,6 : 68.43"
"47,7 : 65.0"
"47,8 : 27.02"
"47,9 : 67.05"
"47,10 : 20.22"
"47,11 : 7.62"
"47,12 : 32.25"
"47,13 : 87.48"
"47,14 : 79.62"
"47,15 : 64.01"
"47,16 : 34.21"
"47,17 : 44.6"
"47,18 : 49.65"
"47,19 : 44.55"
"47,20 : 70.6"
"47,21 : 32.89"
"47,22 : 29.15"
"47,23 : 29.53"
"47,24 : 80.02"
"47,25 : 59.55"
"47,26 : 61.13"
"47,27 : 26.08"
"47,28 : 31.78"
"47,29 : 40.16"
"47,30 : 43.42"
"47,31 : 34.44"
"47,32 : 49.04"
"47,33 : 58.82"
"47,34 : 34.13"
"47,35 : 46.53"
"47,36 : 28.28"
"47,37 : 30.0"
"47,38 : 59.21"
"47,39 : 75.29"
"47,40 : 26.4"
"47,41 : 32.0"
"47,42 : 30.0"
"47,43 : 65.0"
"47,44 : 45.22"
"47,45 : 75.54"
"47,46 : 51.24"
"47,47 : 0.0"
"47,48 : 44.01"
"47,49 : 9.0"
"48,0 : 56.0"
"48,1 : 96.38"
"48,2 : 57.7"
"48,3 : 95.77"
"48,4 : 75.45"
"48,5 : 53.16"
"48,6 : 97.31"
"48,7 : 63.89"
"48,8 : 64.85"
"48,9 : 91.22"
"48,10 : 46.07"
"48,11 : 37.22"
"48,12 : 58.25"
"48,13 : 91.39"
"48,14 : 83.82"
"48,15 : 77.94"
"48,16 : 77.41"
"48,17 : 81.44"
"48,18 : 89.81"
"48,19 : 8.0"
"48,20 : 73.39"
"48,21 : 75.95"
"48,22 : 15.52"
"48,23 : 63.98"
"48,24 : 91.24"
"48,25 : 40.01"
"48,26 : 78.41"
"48,27 : 70.06"
"48,28 : 74.33"
"48,29 : 83.19"
"48,30 : 7.07"
"48,31 : 67.12"
"48,32 : 18.11"
"48,33 : 35.23"
"48,34 : 78.03"
"48,35 : 8.25"
"48,36 : 31.89"
"48,37 : 36.07"
"48,38 : 71.56"
"48,39 : 76.24"
"48,40 : 28.6"
"48,41 : 55.0"
"48,42 : 27.59"
"48,43 : 92.1"
"48,44 : 79.65"
"48,45 : 83.67"
"48,46 : 95.19"
"48,47 : 44.01"
"48,48 : 0.0"
"48,49 : 45.12"
"49,0 : 63.66"
"49,1 : 55.15"
"49,2 : 46.1"
"49,3 : 74.03"
"49,4 : 52.01"
"49,5 : 50.22"
"49,6 : 60.54"
"49,7 : 56.8"
"49,8 : 20.81"
"49,9 : 58.52"
"49,10 : 11.4"
"49,11 : 9.22"
"49,12 : 23.35"
"49,13 : 78.64"
"49,14 : 70.83"
"49,15 : 55.01"
"49,16 : 37.59"
"49,17 : 38.42"
"49,18 : 45.19"
"49,19 : 44.05"
"49,20 : 61.98"
"49,21 : 31.06"
"49,22 : 29.61"
"49,23 : 22.02"
"49,24 : 71.03"
"49,25 : 54.08"
"49,26 : 52.15"
"49,27 : 26.93"
"49,28 : 29.27"
"49,29 : 38.21"
"49,30 : 43.1"
"49,31 : 26.63"
"49,32 : 46.69"
"49,33 : 54.12"
"49,34 : 36.06"
"49,35 : 46.04"
"49,36 : 22.83"
"49,37 : 23.43"
"49,38 : 50.25"
"49,39 : 66.73"
"49,40 : 22.14"
"49,41 : 23.0"
"49,42 : 25.63"
"49,43 : 56.8"
"49,44 : 38.21"
"49,45 : 66.61"
"49,46 : 51.16"
"49,47 : 9.0"
"49,48 : 45.12"
"49,49 : 0.0"
