x,y
21,39
3,41
76,21
79,30
56,46
22,1
26,59
9,96
70,16
72,29
57,2
30,30
55,89
78,81
33,20
14,50
40,94
72,27
74,99
53,77
52,36
20,19
10,52
98,25
68,66
17,3
87,91
90,64
56,26
29,32
59,11
2,70
89,48
4,21
97,7
48,44
26,79
31,67
36,32
62,64
47,11
10,71
23,29
20,8
11,16
12,60
53,27
6,24
50,72
93,96

Distanze
"0,0 : 0.0"
"0,1 : 18.11"
"0,2 : 57.87"
"0,3 : 58.69"
"0,4 : 35.69"
"0,5 : 38.01"
"0,6 : 20.62"
"0,7 : 58.25"
"0,8 : 54.13"
"0,9 : 51.97"
"0,10 : 51.62"
"0,11 : 12.73"
"0,12 : 60.46"
"0,13 : 70.8"
"0,14 : 22.47"
"0,15 : 13.04"
"0,16 : 58.19"
"0,17 : 52.39"
"0,18 : 80.06"
"0,19 : 49.68"
"0,20 : 31.14"
"0,21 : 20.02"
"0,22 : 17.03"
"0,23 : 78.26"
"0,24 : 54.2"
"0,25 : 36.22"
"0,26 : 84.02"
"0,27 : 73.39"
"0,28 : 37.34"
"0,29 : 10.63"
"0,30 : 47.2"
"0,31 : 36.36"
"0,32 : 68.59"
"0,33 : 24.76"
"0,34 : 82.46"
"0,35 : 27.46"
"0,36 : 40.31"
"0,37 : 29.73"
"0,38 : 16.55"
"0,39 : 48.02"
"0,40 : 38.21"
"0,41 : 33.84"
"0,42 : 10.2"
"0,43 : 31.02"
"0,44 : 25.08"
"0,45 : 22.85"
"0,46 : 34.18"
"0,47 : 21.21"
"0,48 : 43.93"
"0,49 : 91.83"
"1,0 : 18.11"
"1,1 : 0.0"
"1,2 : 75.69"
"1,3 : 76.79"
"1,4 : 53.24"
"1,5 : 44.28"
"1,6 : 29.21"
"1,7 : 55.33"
"1,8 : 71.51"
"1,9 : 70.04"
"1,10 : 66.61"
"1,11 : 29.15"
"1,12 : 70.77"
"1,13 : 85.0"
"1,14 : 36.62"
"1,15 : 14.21"
"1,16 : 64.64"
"1,17 : 70.41"
"1,18 : 91.68"
"1,19 : 61.61"
"1,20 : 49.25"
"1,21 : 27.8"
"1,22 : 13.04"
"1,23 : 96.34"
"1,24 : 69.64"
"1,25 : 40.5"
"1,26 : 97.75"
"1,27 : 89.99"
"1,28 : 55.08"
"1,29 : 27.51"
"1,30 : 63.53"
"1,31 : 29.02"
"1,32 : 86.28"
"1,33 : 20.02"
"1,34 : 99.96"
"1,35 : 45.1"
"1,36 : 44.42"
"1,37 : 38.21"
"1,38 : 34.21"
"1,39 : 63.32"
"1,40 : 53.25"
"1,41 : 30.81"
"1,42 : 23.32"
"1,43 : 37.12"
"1,44 : 26.25"
"1,45 : 21.02"
"1,46 : 51.92"
"1,47 : 17.26"
"1,48 : 56.3"
"1,49 : 105.48"
"2,0 : 57.87"
"2,1 : 75.69"
"2,2 : 0.0"
"2,3 : 9.49"
"2,4 : 32.02"
"2,5 : 57.58"
"2,6 : 62.8"
"2,7 : 100.57"
"2,8 : 7.81"
"2,9 : 8.94"
"2,10 : 26.87"
"2,11 : 46.87"
"2,12 : 71.17"
"2,13 : 60.03"
"2,14 : 43.01"
"2,15 : 68.45"
"2,16 : 81.39"
"2,17 : 7.21"
"2,18 : 78.03"
"2,19 : 60.54"
"2,20 : 28.3"
"2,21 : 56.04"
"2,22 : 72.92"
"2,23 : 22.36"
"2,24 : 45.71"
"2,25 : 61.68"
"2,26 : 70.86"
"2,27 : 45.22"
"2,28 : 20.62"
"2,29 : 48.27"
"2,30 : 19.72"
"2,31 : 88.75"
"2,32 : 29.97"
"2,33 : 72.0"
"2,34 : 25.24"
"2,35 : 36.24"
"2,36 : 76.58"
"2,37 : 64.35"
"2,38 : 41.48"
"2,39 : 45.22"
"2,40 : 30.68"
"2,41 : 82.8"
"2,42 : 53.6"
"2,43 : 57.49"
"2,44 : 65.19"
"2,45 : 74.95"
"2,46 : 23.77"
"2,47 : 70.06"
"2,48 : 57.25"
"2,49 : 76.9"
"3,0 : 58.69"
"3,1 : 76.79"
"3,2 : 9.49"
"3,3 : 0.0"
"3,4 : 28.02"
"3,5 : 63.95"
"3,6 : 60.42"
"3,7 : 96.21"
"3,8 : 16.64"
"3,9 : 7.07"
"3,10 : 35.61"
"3,11 : 49.0"
"3,12 : 63.69"
"3,13 : 51.01"
"3,14 : 47.07"
"3,15 : 68.01"
"3,16 : 74.95"
"3,17 : 7.62"
"3,18 : 69.18"
"3,19 : 53.71"
"3,20 : 27.66"
"3,21 : 60.02"
"3,22 : 72.42"
"3,23 : 19.65"
"3,24 : 37.64"
"3,25 : 67.62"
"3,26 : 61.52"
"3,27 : 35.74"
"3,28 : 23.35"
"3,29 : 50.04"
"3,30 : 27.59"
"3,31 : 86.77"
"3,32 : 20.59"
"3,33 : 75.54"
"3,34 : 29.21"
"3,35 : 34.01"
"3,36 : 72.18"
"3,37 : 60.61"
"3,38 : 43.05"
"3,39 : 38.01"
"3,40 : 37.22"
"3,41 : 80.26"
"3,42 : 56.01"
"3,43 : 62.97"
"3,44 : 69.43"
"3,45 : 73.41"
"3,46 : 26.17"
"3,47 : 73.25"
"3,48 : 51.04"
"3,49 : 67.47"
"4,0 : 35.69"
"4,1 : 53.24"
"4,2 : 32.02"
"4,3 : 28.02"
"4,4 : 0.0"
"4,5 : 56.4"
"4,6 : 32.7"
"4,7 : 68.62"
"4,8 : 33.11"
"4,9 : 23.35"
"4,10 : 44.01"
"4,11 : 30.53"
"4,12 : 43.01"
"4,13 : 41.34"
"4,14 : 34.71"
"4,15 : 42.19"
"4,16 : 50.6"
"4,17 : 24.84"
"4,18 : 55.97"
"4,19 : 31.14"
"4,20 : 10.77"
"4,21 : 45.0"
"4,22 : 46.39"
"4,23 : 46.96"
"4,24 : 23.32"
"4,25 : 58.05"
"4,26 : 54.64"
"4,27 : 38.47"
"4,28 : 20.0"
"4,29 : 30.41"
"4,30 : 35.13"
"4,31 : 59.09"
"4,32 : 33.06"
"4,33 : 57.7"
"4,34 : 56.59"
"4,35 : 8.25"
"4,36 : 44.6"
"4,37 : 32.65"
"4,38 : 24.41"
"4,39 : 18.97"
"4,40 : 36.14"
"4,41 : 52.35"
"4,42 : 37.12"
"4,43 : 52.35"
"4,44 : 54.08"
"4,45 : 46.17"
"4,46 : 19.24"
"4,47 : 54.63"
"4,48 : 26.68"
"4,49 : 62.2"
"5,0 : 38.01"
"5,1 : 44.28"
"5,2 : 57.58"
"5,3 : 63.95"
"5,4 : 56.4"
"5,5 : 0.0"
"5,6 : 58.14"
"5,7 : 95.89"
"5,8 : 50.29"
"5,9 : 57.31"
"5,10 : 35.01"
"5,11 : 30.08"
"5,12 : 93.98"
"5,13 : 97.65"
"5,14 : 21.95"
"5,15 : 49.65"
"5,16 : 94.73"
"5,17 : 56.36"
"5,18 : 110.94"
"5,19 : 82.08"
"5,20 : 46.1"
"5,21 : 18.11"
"5,22 : 52.39"
"5,23 : 79.7"
"5,24 : 79.63"
"5,25 : 5.39"
"5,26 : 111.02"
"5,27 : 92.7"
"5,28 : 42.2"
"5,29 : 31.78"
"5,30 : 38.33"
"5,31 : 71.84"
"5,32 : 81.84"
"5,33 : 26.91"
"5,34 : 75.24"
"5,35 : 50.25"
"5,36 : 78.1"
"5,37 : 66.61"
"5,38 : 34.01"
"5,39 : 74.63"
"5,40 : 26.93"
"5,41 : 71.02"
"5,42 : 28.02"
"5,43 : 7.28"
"5,44 : 18.6"
"5,45 : 59.84"
"5,46 : 40.46"
"5,47 : 28.02"
"5,48 : 76.32"
"5,49 : 118.6"
"6,0 : 20.62"
"6,1 : 29.21"
"6,2 : 62.8"
"6,3 : 60.42"
"6,4 : 32.7"
"6,5 : 58.14"
"6,6 : 0.0"
"6,7 : 40.72"
"6,8 : 61.52"
"6,9 : 54.92"
"6,10 : 64.88"
"6,11 : 29.27"
"6,12 : 41.73"
"6,13 : 56.46"
"6,14 : 39.62"
"6,15 : 15.0"
"6,16 : 37.7"
"6,17 : 56.04"
"6,18 : 62.48"
"6,19 : 32.45"
"6,20 : 34.71"
"6,21 : 40.45"
"6,22 : 17.46"
"6,23 : 79.62"
"6,24 : 42.58"
"6,25 : 56.72"
"6,26 : 68.88"
"6,27 : 64.2"
"6,28 : 44.6"
"6,29 : 27.17"
"6,30 : 58.25"
"6,31 : 26.4"
"6,32 : 63.95"
"6,33 : 43.91"
"6,34 : 88.01"
"6,35 : 26.63"
"6,36 : 20.0"
"6,37 : 9.43"
"6,38 : 28.79"
"6,39 : 36.35"
"6,40 : 52.39"
"6,41 : 20.0"
"6,42 : 30.15"
"6,43 : 51.35"
"6,44 : 45.54"
"6,45 : 14.04"
"6,46 : 41.87"
"6,47 : 40.31"
"6,48 : 27.29"
"6,49 : 76.54"
"7,0 : 58.25"
"7,1 : 55.33"
"7,2 : 100.57"
"7,3 : 96.21"
"7,4 : 68.62"
"7,5 : 95.89"
"7,6 : 40.72"
"7,7 : 0.0"
"7,8 : 100.6"
"7,9 : 91.97"
"7,10 : 105.55"
"7,11 : 69.26"
"7,12 : 46.53"
"7,13 : 70.61"
"7,14 : 79.7"
"7,15 : 46.27"
"7,16 : 31.06"
"7,17 : 93.43"
"7,18 : 65.07"
"7,19 : 47.93"
"7,20 : 73.82"
"7,21 : 77.78"
"7,22 : 44.01"
"7,23 : 113.85"
"7,24 : 66.19"
"7,25 : 93.34"
"7,26 : 78.16"
"7,27 : 87.09"
"7,28 : 84.31"
"7,29 : 67.05"
"7,30 : 98.62"
"7,31 : 26.93"
"7,32 : 93.3"
"7,33 : 75.17"
"7,34 : 125.16"
"7,35 : 65.0"
"7,36 : 24.04"
"7,37 : 36.4"
"7,38 : 69.46"
"7,39 : 61.91"
"7,40 : 93.11"
"7,41 : 25.02"
"7,42 : 68.45"
"7,43 : 88.68"
"7,44 : 80.02"
"7,45 : 36.12"
"7,46 : 81.84"
"7,47 : 72.06"
"7,48 : 47.51"
"7,49 : 84.0"
"8,0 : 54.13"
"8,1 : 71.51"
"8,2 : 7.81"
"8,3 : 16.64"
"8,4 : 33.11"
"8,5 : 50.29"
"8,6 : 61.52"
"8,7 : 100.6"
"8,8 : 0.0"
"8,9 : 13.15"
"8,10 : 19.1"
"8,11 : 42.38"
"8,12 : 74.53"
"8,13 : 65.49"
"8,14 : 37.22"
"8,15 : 65.51"
"8,16 : 83.57"
"8,17 : 11.18"
"8,18 : 83.1"
"8,19 : 63.32"
"8,20 : 26.91"
"8,21 : 50.09"
"8,22 : 69.97"
"8,23 : 29.41"
"8,24 : 50.04"
"8,25 : 54.57"
"8,26 : 76.9"
"8,27 : 52.0"
"8,28 : 17.2"
"8,29 : 44.01"
"8,30 : 12.08"
"8,31 : 86.83"
"8,32 : 37.22"
"8,33 : 66.19"
"8,34 : 28.46"
"8,35 : 35.61"
"8,36 : 76.84"
"8,37 : 64.2"
"8,38 : 37.58"
"8,39 : 48.66"
"8,40 : 23.54"
"8,41 : 81.39"
"8,42 : 48.76"
"8,43 : 50.64"
"8,44 : 59.0"
"8,45 : 72.8"
"8,46 : 20.25"
"8,47 : 64.5"
"8,48 : 59.46"
"8,49 : 83.24"
"9,0 : 51.97"
"9,1 : 70.04"
"9,2 : 8.94"
"9,3 : 7.07"
"9,4 : 23.35"
"9,5 : 57.31"
"9,6 : 54.92"
"9,7 : 91.97"
"9,8 : 13.15"
"9,9 : 0.0"
"9,10 : 30.89"
"9,11 : 42.01"
"9,12 : 62.36"
"9,13 : 52.35"
"9,14 : 40.02"
"9,15 : 61.68"
"9,16 : 72.45"
"9,17 : 2.0"
"9,18 : 70.03"
"9,19 : 51.62"
"9,20 : 21.19"
"9,21 : 52.95"
"9,22 : 66.13"
"9,23 : 26.31"
"9,24 : 37.22"
"9,25 : 60.84"
"9,26 : 63.79"
"9,27 : 39.36"
"9,28 : 16.28"
"9,29 : 43.1"
"9,30 : 22.2"
"9,31 : 81.12"
"9,32 : 25.5"
"9,33 : 68.47"
"9,34 : 33.3"
"9,35 : 28.3"
"9,36 : 67.94"
"9,37 : 55.9"
"9,38 : 36.12"
"9,39 : 36.4"
"9,40 : 30.81"
"9,41 : 74.89"
"9,42 : 49.0"
"9,43 : 56.08"
"9,44 : 62.37"
"9,45 : 67.54"
"9,46 : 19.1"
"9,47 : 66.19"
"9,48 : 48.3"
"9,49 : 70.21"
"10,0 : 51.62"
"10,1 : 66.61"
"10,2 : 26.87"
"10,3 : 35.61"
"10,4 : 44.01"
"10,5 : 35.01"
"10,6 : 64.88"
"10,7 : 105.55"
"10,8 : 19.1"
"10,9 : 30.89"
"10,10 : 0.0"
"10,11 : 38.9"
"10,12 : 87.02"
"10,13 : 81.74"
"10,14 : 30.0"
"10,15 : 64.44"
"10,16 : 93.56"
"10,17 : 29.15"
"10,18 : 98.48"
"10,19 : 75.11"
"10,20 : 34.37"
"10,21 : 40.72"
"10,22 : 68.62"
"10,23 : 47.01"
"10,24 : 64.94"
"10,25 : 40.01"
"10,26 : 93.92"
"10,27 : 70.24"
"10,28 : 24.02"
"10,29 : 41.04"
"10,30 : 9.22"
"10,31 : 87.46"
"10,32 : 56.04"
"10,33 : 56.3"
"10,34 : 40.31"
"10,35 : 42.95"
"10,36 : 83.01"
"10,37 : 70.01"
"10,38 : 36.62"
"10,39 : 62.2"
"10,40 : 13.45"
"10,41 : 83.49"
"10,42 : 43.42"
"10,43 : 37.48"
"10,44 : 48.08"
"10,45 : 73.41"
"10,46 : 25.32"
"10,47 : 55.54"
"10,48 : 70.35"
"10,49 : 100.66"
"11,0 : 12.73"
"11,1 : 29.15"
"11,2 : 46.87"
"11,3 : 49.0"
"11,4 : 30.53"
"11,5 : 30.08"
"11,6 : 29.27"
"11,7 : 69.26"
"11,8 : 42.38"
"11,9 : 42.01"
"11,10 : 38.9"
"11,11 : 0.0"
"11,12 : 64.08"
"11,13 : 70.04"
"11,14 : 10.44"
"11,15 : 25.61"
"11,16 : 64.78"
"11,17 : 42.11"
"11,18 : 81.84"
"11,19 : 52.33"
"11,20 : 22.8"
"11,21 : 14.87"
"11,22 : 29.73"
"11,23 : 68.18"
"11,24 : 52.35"
"11,25 : 29.97"
"11,26 : 83.49"
"11,27 : 68.96"
"11,28 : 26.31"
"11,29 : 2.24"
"11,30 : 34.67"
"11,31 : 48.83"
"11,32 : 61.68"
"11,33 : 27.51"
"11,34 : 70.84"
"11,35 : 22.8"
"11,36 : 49.16"
"11,37 : 37.01"
"11,38 : 6.32"
"11,39 : 46.69"
"11,40 : 25.5"
"11,41 : 45.62"
"11,42 : 7.07"
"11,43 : 24.17"
"11,44 : 23.6"
"11,45 : 34.99"
"11,46 : 23.19"
"11,47 : 24.74"
"11,48 : 46.52"
"11,49 : 91.24"
"12,0 : 60.46"
"12,1 : 70.77"
"12,2 : 71.17"
"12,3 : 63.69"
"12,4 : 43.01"
"12,5 : 93.98"
"12,6 : 41.73"
"12,7 : 46.53"
"12,8 : 74.53"
"12,9 : 62.36"
"12,10 : 87.02"
"12,11 : 64.08"
"12,12 : 0.0"
"12,13 : 24.35"
"12,14 : 72.42"
"12,15 : 56.59"
"12,16 : 15.81"
"12,17 : 64.29"
"12,18 : 21.47"
"12,19 : 12.17"
"12,20 : 53.08"
"12,21 : 78.26"
"12,22 : 58.26"
"12,23 : 77.1"
"12,24 : 26.42"
"12,25 : 94.02"
"12,26 : 32.06"
"12,27 : 43.01"
"12,28 : 63.01"
"12,29 : 62.65"
"12,30 : 78.1"
"12,31 : 56.3"
"12,32 : 53.26"
"12,33 : 85.0"
"12,34 : 92.13"
"12,35 : 45.54"
"12,36 : 30.68"
"12,37 : 32.56"
"12,38 : 60.08"
"12,39 : 25.96"
"12,40 : 78.41"
"12,41 : 48.47"
"12,42 : 68.0"
"12,43 : 88.24"
"12,44 : 85.23"
"12,45 : 51.87"
"12,46 : 62.03"
"12,47 : 81.4"
"12,48 : 17.72"
"12,49 : 38.64"
"13,0 : 70.8"
"13,1 : 85.0"
"13,2 : 60.03"
"13,3 : 51.01"
"13,4 : 41.34"
"13,5 : 97.65"
"13,6 : 56.46"
"13,7 : 70.61"
"13,8 : 65.49"
"13,9 : 52.35"
"13,10 : 81.74"
"13,11 : 70.04"
"13,12 : 24.35"
"13,13 : 0.0"
"13,14 : 75.8"
"13,15 : 71.11"
"13,16 : 40.16"
"13,17 : 54.33"
"13,18 : 18.44"
"13,19 : 25.32"
"13,20 : 51.97"
"13,21 : 84.9"
"13,22 : 73.93"
"13,23 : 59.46"
"13,24 : 18.03"
"13,25 : 99.02"
"13,26 : 13.45"
"13,27 : 20.81"
"13,28 : 59.24"
"13,29 : 69.3"
"13,30 : 72.53"
"13,31 : 76.79"
"13,32 : 34.79"
"13,33 : 95.27"
"13,34 : 76.4"
"13,35 : 47.63"
"13,36 : 52.04"
"13,37 : 49.04"
"13,38 : 64.54"
"13,39 : 23.35"
"13,40 : 76.56"
"13,41 : 68.73"
"13,42 : 75.69"
"13,43 : 93.24"
"13,44 : 93.35"
"13,45 : 69.26"
"13,46 : 59.51"
"13,47 : 91.83"
"13,48 : 29.41"
"13,49 : 21.21"
"14,0 : 22.47"
"14,1 : 36.62"
"14,2 : 43.01"
"14,3 : 47.07"
"14,4 : 34.71"
"14,5 : 21.95"
"14,6 : 39.62"
"14,7 : 79.7"
"14,8 : 37.22"
"14,9 : 40.02"
"14,10 : 30.0"
"14,11 : 10.44"
"14,12 : 72.42"
"14,13 : 75.8"
"14,14 : 0.0"
"14,15 : 35.51"
"14,16 : 74.33"
"14,17 : 39.62"
"14,18 : 89.01"
"14,19 : 60.41"
"14,20 : 24.84"
"14,21 : 13.04"
"14,22 : 39.41"
"14,23 : 65.19"
"14,24 : 57.8"
"14,25 : 23.35"
"14,26 : 89.2"
"14,27 : 72.01"
"14,28 : 23.77"
"14,29 : 12.65"
"14,30 : 27.51"
"14,31 : 58.83"
"14,32 : 62.61"
"14,33 : 29.02"
"14,34 : 65.31"
"14,35 : 28.3"
"14,36 : 59.41"
"14,37 : 47.04"
"14,38 : 12.37"
"14,39 : 52.7"
"14,40 : 16.64"
"14,41 : 55.95"
"14,42 : 13.45"
"14,43 : 17.69"
"14,44 : 22.36"
"14,45 : 45.18"
"14,46 : 21.19"
"14,47 : 27.29"
"14,48 : 54.71"
"14,49 : 96.83"
"15,0 : 13.04"
"15,1 : 14.21"
"15,2 : 68.45"
"15,3 : 68.01"
"15,4 : 42.19"
"15,5 : 49.65"
"15,6 : 15.0"
"15,7 : 46.27"
"15,8 : 65.51"
"15,9 : 61.68"
"15,10 : 64.44"
"15,11 : 25.61"
"15,12 : 56.59"
"15,13 : 71.11"
"15,14 : 35.51"
"15,15 : 0.0"
"15,16 : 51.11"
"15,17 : 62.39"
"15,18 : 77.47"
"15,19 : 47.43"
"15,20 : 40.5"
"15,21 : 31.58"
"15,22 : 4.47"
"15,23 : 87.64"
"15,24 : 56.32"
"15,25 : 47.1"
"15,26 : 83.73"
"15,27 : 77.28"
"15,28 : 48.37"
"15,29 : 23.43"
"15,30 : 59.55"
"15,31 : 23.32"
"15,32 : 75.03"
"15,33 : 30.68"
"15,34 : 93.48"
"15,35 : 34.53"
"15,36 : 31.38"
"15,37 : 24.04"
"15,38 : 28.43"
"15,39 : 50.0"
"15,40 : 51.09"
"15,41 : 21.38"
"15,42 : 22.85"
"15,43 : 42.43"
"15,44 : 34.13"
"15,45 : 10.2"
"15,46 : 45.28"
"15,47 : 27.2"
"15,48 : 42.19"
"15,49 : 91.42"
"16,0 : 58.19"
"16,1 : 64.64"
"16,2 : 81.39"
"16,3 : 74.95"
"16,4 : 50.6"
"16,5 : 94.73"
"16,6 : 37.7"
"16,7 : 31.06"
"16,8 : 83.57"
"16,9 : 72.45"
"16,10 : 93.56"
"16,11 : 64.78"
"16,12 : 15.81"
"16,13 : 40.16"
"16,14 : 74.33"
"16,15 : 51.11"
"16,16 : 0.0"
"16,17 : 74.25"
"16,18 : 34.37"
"16,19 : 21.4"
"16,20 : 59.23"
"16,21 : 77.62"
"16,22 : 51.61"
"16,23 : 90.14"
"16,24 : 39.6"
"16,25 : 93.86"
"16,26 : 47.1"
"16,27 : 58.31"
"16,28 : 69.86"
"16,29 : 62.97"
"16,30 : 85.15"
"16,31 : 44.94"
"16,32 : 67.21"
"16,33 : 81.39"
"16,34 : 104.01"
"16,35 : 50.64"
"16,36 : 20.52"
"16,37 : 28.46"
"16,38 : 62.13"
"16,39 : 37.2"
"16,40 : 83.29"
"16,41 : 37.8"
"16,42 : 67.19"
"16,43 : 88.29"
"16,44 : 83.22"
"16,45 : 44.05"
"16,46 : 68.25"
"16,47 : 77.82"
"16,48 : 24.17"
"16,49 : 53.04"
"17,0 : 52.39"
"17,1 : 70.41"
"17,2 : 7.21"
"17,3 : 7.62"
"17,4 : 24.84"
"17,5 : 56.36"
"17,6 : 56.04"
"17,7 : 93.43"
"17,8 : 11.18"
"17,9 : 2.0"
"17,10 : 29.15"
"17,11 : 42.11"
"17,12 : 64.29"
"17,13 : 54.33"
"17,14 : 39.62"
"17,15 : 62.39"
"17,16 : 74.25"
"17,17 : 0.0"
"17,18 : 72.03"
"17,19 : 53.49"
"17,20 : 21.93"
"17,21 : 52.61"
"17,22 : 66.85"
"17,23 : 26.08"
"17,24 : 39.2"
"17,25 : 60.01"
"17,26 : 65.73"
"17,27 : 41.15"
"17,28 : 16.03"
"17,29 : 43.29"
"17,30 : 20.62"
"17,31 : 82.15"
"17,32 : 27.02"
"17,33 : 68.26"
"17,34 : 32.02"
"17,35 : 29.41"
"17,36 : 69.43"
"17,37 : 57.28"
"17,38 : 36.35"
"17,39 : 38.33"
"17,40 : 29.68"
"17,41 : 76.03"
"17,42 : 49.04"
"17,43 : 55.36"
"17,44 : 61.98"
"17,45 : 68.48"
"17,46 : 19.0"
"17,47 : 66.07"
"17,48 : 50.09"
"17,49 : 72.12"
"18,0 : 80.06"
"18,1 : 91.68"
"18,2 : 78.03"
"18,3 : 69.18"
"18,4 : 55.97"
"18,5 : 110.94"
"18,6 : 62.48"
"18,7 : 65.07"
"18,8 : 83.1"
"18,9 : 70.03"
"18,10 : 98.48"
"18,11 : 81.84"
"18,12 : 21.47"
"18,13 : 18.44"
"18,14 : 89.01"
"18,15 : 77.47"
"18,16 : 34.37"
"18,17 : 72.03"
"18,18 : 0.0"
"18,19 : 30.41"
"18,20 : 66.73"
"18,21 : 96.52"
"18,22 : 79.4"
"18,23 : 77.79"
"18,24 : 33.54"
"18,25 : 111.65"
"18,26 : 15.26"
"18,27 : 38.48"
"18,28 : 75.19"
"18,29 : 80.71"
"18,30 : 89.27"
"18,31 : 77.62"
"18,32 : 53.16"
"18,33 : 104.8"
"18,34 : 94.83"
"18,35 : 60.84"
"18,36 : 52.0"
"18,37 : 53.6"
"18,38 : 77.03"
"18,39 : 37.0"
"18,40 : 92.05"
"18,41 : 69.86"
"18,42 : 86.61"
"18,43 : 105.82"
"18,44 : 104.2"
"18,45 : 73.25"
"18,46 : 75.0"
"18,47 : 101.24"
"18,48 : 36.12"
"18,49 : 19.24"
"19,0 : 49.68"
"19,1 : 61.61"
"19,2 : 60.54"
"19,3 : 53.71"
"19,4 : 31.14"
"19,5 : 82.08"
"19,6 : 32.45"
"19,7 : 47.93"
"19,8 : 63.32"
"19,9 : 51.62"
"19,10 : 75.11"
"19,11 : 52.33"
"19,12 : 12.17"
"19,13 : 25.32"
"19,14 : 60.41"
"19,15 : 47.43"
"19,16 : 21.4"
"19,17 : 53.49"
"19,18 : 30.41"
"19,19 : 0.0"
"19,20 : 41.01"
"19,21 : 66.73"
"19,22 : 49.74"
"19,23 : 68.77"
"19,24 : 18.6"
"19,25 : 82.29"
"19,26 : 36.77"
"19,27 : 39.22"
"19,28 : 51.09"
"19,29 : 51.0"
"19,30 : 66.27"
"19,31 : 51.48"
"19,32 : 46.23"
"19,33 : 74.41"
"19,34 : 82.68"
"19,35 : 33.38"
"19,36 : 27.07"
"19,37 : 24.17"
"19,38 : 48.1"
"19,39 : 15.81"
"19,40 : 66.27"
"19,41 : 43.42"
"19,42 : 56.6"
"19,43 : 76.49"
"19,44 : 74.06"
"19,45 : 44.38"
"19,46 : 50.0"
"19,47 : 70.84"
"19,48 : 5.83"
"19,49 : 44.28"
"20,0 : 31.14"
"20,1 : 49.25"
"20,2 : 28.3"
"20,3 : 27.66"
"20,4 : 10.77"
"20,5 : 46.1"
"20,6 : 34.71"
"20,7 : 73.82"
"20,8 : 26.91"
"20,9 : 21.19"
"20,10 : 34.37"
"20,11 : 22.8"
"20,12 : 53.08"
"20,13 : 51.97"
"20,14 : 24.84"
"20,15 : 40.5"
"20,16 : 59.23"
"20,17 : 21.93"
"20,18 : 66.73"
"20,19 : 41.01"
"20,20 : 0.0"
"20,21 : 36.24"
"20,22 : 44.94"
"20,23 : 47.3"
"20,24 : 34.0"
"20,25 : 48.1"
"20,26 : 65.19"
"20,27 : 47.2"
"20,28 : 10.77"
"20,29 : 23.35"
"20,30 : 25.96"
"20,31 : 60.46"
"20,32 : 38.9"
"20,33 : 50.29"
"20,34 : 53.54"
"20,35 : 8.94"
"20,36 : 50.25"
"20,37 : 37.44"
"20,38 : 16.49"
"20,39 : 29.73"
"20,40 : 25.5"
"20,41 : 54.67"
"20,42 : 29.83"
"20,43 : 42.52"
"20,44 : 45.62"
"20,45 : 46.65"
"20,46 : 9.06"
"20,47 : 47.54"
"20,48 : 36.06"
"20,49 : 72.67"
"21,0 : 20.02"
"21,1 : 27.8"
"21,2 : 56.04"
"21,3 : 60.02"
"21,4 : 45.0"
"21,5 : 18.11"
"21,6 : 40.45"
"21,7 : 77.78"
"21,8 : 50.09"
"21,9 : 52.95"
"21,10 : 40.72"
"21,11 : 14.87"
"21,12 : 78.26"
"21,13 : 84.9"
"21,14 : 13.04"
"21,15 : 31.58"
"21,16 : 77.62"
"21,17 : 52.61"
"21,18 : 96.52"
"21,19 : 66.73"
"21,20 : 36.24"
"21,21 : 0.0"
"21,22 : 34.48"
"21,23 : 78.23"
"21,24 : 67.18"
"21,25 : 16.28"
"21,26 : 98.35"
"21,27 : 83.22"
"21,28 : 36.67"
"21,29 : 15.81"
"21,30 : 39.81"
"21,31 : 54.08"
"21,32 : 74.85"
"21,33 : 16.12"
"21,34 : 77.93"
"21,35 : 37.54"
"21,36 : 60.3"
"21,37 : 49.24"
"21,38 : 20.62"
"21,39 : 61.55"
"21,40 : 28.16"
"21,41 : 52.95"
"21,42 : 10.44"
"21,43 : 11.0"
"21,44 : 9.49"
"21,45 : 41.77"
"21,46 : 33.96"
"21,47 : 14.87"
"21,48 : 60.9"
"21,49 : 106.1"
"22,0 : 17.03"
"22,1 : 13.04"
"22,2 : 72.92"
"22,3 : 72.42"
"22,4 : 46.39"
"22,5 : 52.39"
"22,6 : 17.46"
"22,7 : 44.01"
"22,8 : 69.97"
"22,9 : 66.13"
"22,10 : 68.62"
"22,11 : 29.73"
"22,12 : 58.26"
"22,13 : 73.93"
"22,14 : 39.41"
"22,15 : 4.47"
"22,16 : 51.61"
"22,17 : 66.85"
"22,18 : 79.4"
"22,19 : 49.74"
"22,20 : 44.94"
"22,21 : 34.48"
"22,22 : 0.0"
"22,23 : 92.05"
"22,24 : 59.67"
"22,25 : 49.5"
"22,26 : 86.31"
"22,27 : 80.89"
"22,28 : 52.84"
"22,29 : 27.59"
"22,30 : 63.89"
"22,31 : 19.7"
"22,32 : 79.1"
"22,33 : 31.58"
"22,34 : 97.95"
"22,35 : 38.83"
"22,36 : 31.38"
"22,37 : 25.81"
"22,38 : 32.8"
"22,39 : 53.37"
"22,40 : 55.23"
"22,41 : 19.0"
"22,42 : 26.42"
"22,43 : 45.12"
"22,44 : 36.01"
"22,45 : 8.25"
"22,46 : 49.74"
"22,47 : 28.28"
"22,48 : 44.72"
"22,49 : 93.94"
"23,0 : 78.26"
"23,1 : 96.34"
"23,2 : 22.36"
"23,3 : 19.65"
"23,4 : 46.96"
"23,5 : 79.7"
"23,6 : 79.62"
"23,7 : 113.85"
"23,8 : 29.41"
"23,9 : 26.31"
"23,10 : 47.01"
"23,11 : 68.18"
"23,12 : 77.1"
"23,13 : 59.46"
"23,14 : 65.19"
"23,15 : 87.64"
"23,16 : 90.14"
"23,17 : 26.08"
"23,18 : 77.79"
"23,19 : 68.77"
"23,20 : 47.3"
"23,21 : 78.23"
"23,22 : 92.05"
"23,23 : 0.0"
"23,24 : 50.8"
"23,25 : 83.93"
"23,26 : 66.91"
"23,27 : 39.81"
"23,28 : 42.01"
"23,29 : 69.35"
"23,30 : 41.44"
"23,31 : 106.02"
"23,32 : 24.7"
"23,33 : 94.09"
"23,34 : 18.03"
"23,35 : 53.49"
"23,36 : 90.0"
"23,37 : 79.08"
"23,38 : 62.39"
"23,39 : 53.08"
"23,40 : 52.89"
"23,41 : 99.3"
"23,42 : 75.11"
"23,43 : 79.83"
"23,44 : 87.46"
"23,45 : 92.85"
"23,46 : 45.04"
"23,47 : 92.01"
"23,48 : 67.18"
"23,49 : 71.18"
"24,0 : 54.2"
"24,1 : 69.64"
"24,2 : 45.71"
"24,3 : 37.64"
"24,4 : 23.32"
"24,5 : 79.63"
"24,6 : 42.58"
"24,7 : 66.19"
"24,8 : 50.04"
"24,9 : 37.22"
"24,10 : 64.94"
"24,11 : 52.35"
"24,12 : 26.42"
"24,13 : 18.03"
"24,14 : 57.8"
"24,15 : 56.32"
"24,16 : 39.6"
"24,17 : 39.2"
"24,18 : 33.54"
"24,19 : 18.6"
"24,20 : 34.0"
"24,21 : 67.18"
"24,22 : 59.67"
"24,23 : 50.8"
"24,24 : 0.0"
"24,25 : 81.06"
"24,26 : 31.4"
"24,27 : 22.09"
"24,28 : 41.76"
"24,29 : 51.74"
"24,30 : 55.73"
"24,31 : 66.12"
"24,32 : 27.66"
"24,33 : 78.24"
"24,34 : 65.74"
"24,35 : 29.73"
"24,36 : 43.97"
"24,37 : 37.01"
"24,38 : 46.69"
"24,39 : 6.32"
"24,40 : 58.87"
"24,41 : 58.22"
"24,42 : 58.26"
"24,43 : 75.29"
"24,44 : 75.82"
"24,45 : 56.32"
"24,46 : 41.79"
"24,47 : 74.89"
"24,48 : 18.97"
"24,49 : 39.05"
"25,0 : 36.22"
"25,1 : 40.5"
"25,2 : 61.68"
"25,3 : 67.62"
"25,4 : 58.05"
"25,5 : 5.39"
"25,6 : 56.72"
"25,7 : 93.34"
"25,8 : 54.57"
"25,9 : 60.84"
"25,10 : 40.01"
"25,11 : 29.97"
"25,12 : 94.02"
"25,13 : 99.02"
"25,14 : 23.35"
"25,15 : 47.1"
"25,16 : 93.86"
"25,17 : 60.01"
"25,18 : 111.65"
"25,19 : 82.29"
"25,20 : 48.1"
"25,21 : 16.28"
"25,22 : 49.5"
"25,23 : 83.93"
"25,24 : 81.06"
"25,25 : 0.0"
"25,26 : 112.45"
"25,27 : 95.13"
"25,28 : 45.28"
"25,29 : 31.38"
"25,30 : 42.76"
"25,31 : 68.66"
"25,32 : 84.91"
"25,33 : 22.2"
"25,34 : 80.1"
"25,35 : 51.4"
"25,36 : 76.53"
"25,37 : 65.51"
"25,38 : 34.67"
"25,39 : 75.8"
"25,40 : 31.05"
"25,41 : 68.36"
"25,42 : 26.68"
"25,43 : 5.83"
"25,44 : 14.32"
"25,45 : 57.22"
"25,46 : 43.27"
"25,47 : 23.71"
"25,48 : 76.49"
"25,49 : 120.1"
"26,0 : 84.02"
"26,1 : 97.75"
"26,2 : 70.86"
"26,3 : 61.52"
"26,4 : 54.64"
"26,5 : 111.02"
"26,6 : 68.88"
"26,7 : 78.16"
"26,8 : 76.9"
"26,9 : 63.79"
"26,10 : 93.92"
"26,11 : 83.49"
"26,12 : 32.06"
"26,13 : 13.45"
"26,14 : 89.2"
"26,15 : 83.73"
"26,16 : 47.1"
"26,17 : 65.73"
"26,18 : 15.26"
"26,19 : 36.77"
"26,20 : 65.19"
"26,21 : 98.35"
"26,22 : 86.31"
"26,23 : 66.91"
"26,24 : 31.4"
"26,25 : 112.45"
"26,26 : 0.0"
"26,27 : 27.17"
"26,28 : 72.01"
"26,29 : 82.73"
"26,30 : 84.76"
"26,31 : 87.56"
"26,32 : 43.05"
"26,33 : 108.58"
"26,34 : 84.59"
"26,35 : 61.07"
"26,36 : 62.17"
"26,37 : 60.93"
"26,38 : 77.99"
"26,39 : 36.8"
"26,40 : 89.44"
"26,41 : 79.56"
"26,42 : 89.11"
"26,43 : 106.67"
"26,44 : 106.78"
"26,45 : 81.15"
"26,46 : 72.47"
"26,47 : 105.12"
"26,48 : 41.59"
"26,49 : 7.81"
"27,0 : 73.39"
"27,1 : 89.99"
"27,2 : 45.22"
"27,3 : 35.74"
"27,4 : 38.47"
"27,5 : 92.7"
"27,6 : 64.2"
"27,7 : 87.09"
"27,8 : 52.0"
"27,9 : 39.36"
"27,10 : 70.24"
"27,11 : 68.96"
"27,12 : 43.01"
"27,13 : 20.81"
"27,14 : 72.01"
"27,15 : 77.28"
"27,16 : 58.31"
"27,17 : 41.15"
"27,18 : 38.48"
"27,19 : 39.22"
"27,20 : 47.2"
"27,21 : 83.22"
"27,22 : 80.89"
"27,23 : 39.81"
"27,24 : 22.09"
"27,25 : 95.13"
"27,26 : 27.17"
"27,27 : 0.0"
"27,28 : 50.99"
"27,29 : 68.88"
"27,30 : 61.4"
"27,31 : 88.2"
"27,32 : 16.03"
"27,33 : 96.15"
"27,34 : 57.43"
"27,35 : 46.52"
"27,36 : 65.73"
"27,37 : 59.08"
"27,38 : 62.77"
"27,39 : 28.0"
"27,40 : 68.25"
"27,41 : 80.31"
"27,42 : 75.59"
"27,43 : 89.64"
"27,44 : 92.44"
"27,45 : 78.1"
"27,46 : 52.33"
"27,47 : 93.04"
"27,48 : 40.79"
"27,49 : 32.14"
"28,0 : 37.34"
"28,1 : 55.08"
"28,2 : 20.62"
"28,3 : 23.35"
"28,4 : 20.0"
"28,5 : 42.2"
"28,6 : 44.6"
"28,7 : 84.31"
"28,8 : 17.2"
"28,9 : 16.28"
"28,10 : 24.02"
"28,11 : 26.31"
"28,12 : 63.01"
"28,13 : 59.24"
"28,14 : 23.77"
"28,15 : 48.37"
"28,16 : 69.86"
"28,17 : 16.03"
"28,18 : 75.19"
"28,19 : 51.09"
"28,20 : 10.77"
"28,21 : 36.67"
"28,22 : 52.84"
"28,23 : 42.01"
"28,24 : 41.76"
"28,25 : 45.28"
"28,26 : 72.01"
"28,27 : 50.99"
"28,28 : 0.0"
"28,29 : 27.66"
"28,30 : 15.3"
"28,31 : 69.66"
"28,32 : 39.66"
"28,33 : 52.24"
"28,34 : 45.19"
"28,35 : 19.7"
"28,36 : 60.9"
"28,37 : 48.02"
"28,38 : 20.88"
"28,39 : 38.47"
"28,40 : 17.49"
"28,41 : 64.35"
"28,42 : 33.14"
"28,43 : 40.25"
"28,44 : 46.1"
"28,45 : 55.61"
"28,46 : 3.16"
"28,47 : 50.04"
"28,48 : 46.39"
"28,49 : 79.18"
"29,0 : 10.63"
"29,1 : 27.51"
"29,2 : 48.27"
"29,3 : 50.04"
"29,4 : 30.41"
"29,5 : 31.78"
"29,6 : 27.17"
"29,7 : 67.05"
"29,8 : 44.01"
"29,9 : 43.1"
"29,10 : 41.04"
"29,11 : 2.24"
"29,12 : 62.65"
"29,13 : 69.3"
"29,14 : 12.65"
"29,15 : 23.43"
"29,16 : 62.97"
"29,17 : 43.29"
"29,18 : 80.71"
"29,19 : 51.0"
"29,20 : 23.35"
"29,21 : 15.81"
"29,22 : 27.59"
"29,23 : 69.35"
"29,24 : 51.74"
"29,25 : 31.38"
"29,26 : 82.73"
"29,27 : 68.88"
"29,28 : 27.66"
"29,29 : 0.0"
"29,30 : 36.62"
"29,31 : 46.62"
"29,32 : 62.1"
"29,33 : 27.31"
"29,34 : 72.45"
"29,35 : 22.47"
"29,36 : 47.1"
"29,37 : 35.06"
"29,38 : 7.0"
"29,39 : 45.97"
"29,40 : 27.66"
"29,41 : 43.38"
"29,42 : 6.71"
"29,43 : 25.63"
"29,44 : 24.08"
"29,45 : 32.76"
"29,46 : 24.52"
"29,47 : 24.35"
"29,48 : 45.18"
"29,49 : 90.51"
"30,0 : 47.2"
"30,1 : 63.53"
"30,2 : 19.72"
"30,3 : 27.59"
"30,4 : 35.13"
"30,5 : 38.33"
"30,6 : 58.25"
"30,7 : 98.62"
"30,8 : 12.08"
"30,9 : 22.2"
"30,10 : 9.22"
"30,11 : 34.67"
"30,12 : 78.1"
"30,13 : 72.53"
"30,14 : 27.51"
"30,15 : 59.55"
"30,16 : 85.15"
"30,17 : 20.62"
"30,18 : 89.27"
"30,19 : 66.27"
"30,20 : 25.96"
"30,21 : 39.81"
"30,22 : 63.89"
"30,23 : 41.44"
"30,24 : 55.73"
"30,25 : 42.76"
"30,26 : 84.76"
"30,27 : 61.4"
"30,28 : 15.3"
"30,29 : 36.62"
"30,30 : 0.0"
"30,31 : 82.04"
"30,32 : 47.63"
"30,33 : 55.9"
"30,34 : 38.21"
"30,35 : 34.79"
"30,36 : 75.58"
"30,37 : 62.61"
"30,38 : 31.14"
"30,39 : 53.08"
"30,40 : 12.0"
"30,41 : 77.47"
"30,42 : 40.25"
"30,43 : 39.12"
"30,44 : 48.26"
"30,45 : 67.9"
"30,46 : 17.09"
"30,47 : 54.57"
"30,48 : 61.66"
"30,49 : 91.55"
"31,0 : 36.36"
"31,1 : 29.02"
"31,2 : 88.75"
"31,3 : 86.77"
"31,4 : 59.09"
"31,5 : 71.84"
"31,6 : 26.4"
"31,7 : 26.93"
"31,8 : 86.83"
"31,9 : 81.12"
"31,10 : 87.46"
"31,11 : 48.83"
"31,12 : 56.3"
"31,13 : 76.79"
"31,14 : 58.83"
"31,15 : 23.32"
"31,16 : 44.94"
"31,17 : 82.15"
"31,18 : 77.62"
"31,19 : 51.48"
"31,20 : 60.46"
"31,21 : 54.08"
"31,22 : 19.7"
"31,23 : 106.02"
"31,24 : 66.12"
"31,25 : 68.66"
"31,26 : 87.56"
"31,27 : 88.2"
"31,28 : 69.66"
"31,29 : 46.62"
"31,30 : 82.04"
"31,31 : 0.0"
"31,32 : 89.74"
"31,33 : 49.04"
"31,34 : 113.99"
"31,35 : 52.84"
"31,36 : 25.63"
"31,37 : 29.15"
"31,38 : 50.99"
"31,39 : 60.3"
"31,40 : 74.2"
"31,41 : 8.06"
"31,42 : 46.07"
"31,43 : 64.56"
"31,44 : 54.74"
"31,45 : 14.14"
"31,46 : 66.71"
"31,47 : 46.17"
"31,48 : 48.04"
"31,49 : 94.64"
"32,0 : 68.59"
"32,1 : 86.28"
"32,2 : 29.97"
"32,3 : 20.59"
"32,4 : 33.06"
"32,5 : 81.84"
"32,6 : 63.95"
"32,7 : 93.3"
"32,8 : 37.22"
"32,9 : 25.5"
"32,10 : 56.04"
"32,11 : 61.68"
"32,12 : 53.26"
"32,13 : 34.79"
"32,14 : 62.61"
"32,15 : 75.03"
"32,16 : 67.21"
"32,17 : 27.02"
"32,18 : 53.16"
"32,19 : 46.23"
"32,20 : 38.9"
"32,21 : 74.85"
"32,22 : 79.1"
"32,23 : 24.7"
"32,24 : 27.66"
"32,25 : 84.91"
"32,26 : 43.05"
"32,27 : 16.03"
"32,28 : 39.66"
"32,29 : 62.1"
"32,30 : 47.63"
"32,31 : 89.74"
"32,32 : 0.0"
"32,33 : 89.19"
"32,34 : 41.77"
"32,35 : 41.19"
"32,36 : 70.21"
"32,37 : 61.03"
"32,38 : 55.36"
"32,39 : 31.38"
"32,40 : 55.97"
"32,41 : 82.28"
"32,42 : 68.68"
"32,43 : 79.76"
"32,44 : 84.31"
"32,45 : 77.93"
"32,46 : 41.68"
"32,47 : 86.4"
"32,48 : 45.79"
"32,49 : 48.17"
"33,0 : 24.76"
"33,1 : 20.02"
"33,2 : 72.0"
"33,3 : 75.54"
"33,4 : 57.7"
"33,5 : 26.91"
"33,6 : 43.91"
"33,7 : 75.17"
"33,8 : 66.19"
"33,9 : 68.47"
"33,10 : 56.3"
"33,11 : 27.51"
"33,12 : 85.0"
"33,13 : 95.27"
"33,14 : 29.02"
"33,15 : 30.68"
"33,16 : 81.39"
"33,17 : 68.26"
"33,18 : 104.8"
"33,19 : 74.41"
"33,20 : 50.29"
"33,21 : 16.12"
"33,22 : 31.58"
"33,23 : 94.09"
"33,24 : 78.24"
"33,25 : 22.2"
"33,26 : 108.58"
"33,27 : 96.15"
"33,28 : 52.24"
"33,29 : 27.31"
"33,30 : 55.9"
"33,31 : 49.04"
"33,32 : 89.19"
"33,33 : 0.0"
"33,34 : 94.05"
"33,35 : 49.65"
"33,36 : 62.03"
"33,37 : 53.34"
"33,38 : 33.84"
"33,39 : 72.2"
"33,40 : 44.15"
"33,41 : 50.36"
"33,42 : 20.62"
"33,43 : 20.62"
"33,44 : 8.6"
"33,45 : 39.81"
"33,46 : 49.37"
"33,47 : 3.61"
"33,48 : 68.68"
"33,49 : 116.39"
"34,0 : 82.46"
"34,1 : 99.96"
"34,2 : 25.24"
"34,3 : 29.21"
"34,4 : 56.59"
"34,5 : 75.24"
"34,6 : 88.01"
"34,7 : 125.16"
"34,8 : 28.46"
"34,9 : 33.3"
"34,10 : 40.31"
"34,11 : 70.84"
"34,12 : 92.13"
"34,13 : 76.4"
"34,14 : 65.31"
"34,15 : 93.48"
"34,16 : 104.01"
"34,17 : 32.02"
"34,18 : 94.83"
"34,19 : 82.68"
"34,20 : 53.54"
"34,21 : 77.93"
"34,22 : 97.95"
"34,23 : 18.03"
"34,24 : 65.74"
"34,25 : 80.1"
"34,26 : 84.59"
"34,27 : 57.43"
"34,28 : 45.19"
"34,29 : 72.45"
"34,30 : 38.21"
"34,31 : 113.99"
"34,32 : 41.77"
"34,33 : 94.05"
"34,34 : 0.0"
"34,35 : 61.4"
"34,36 : 101.12"
"34,37 : 89.2"
"34,38 : 65.92"
"34,39 : 66.89"
"34,40 : 50.16"
"34,41 : 108.0"
"34,42 : 77.2"
"34,43 : 77.01"
"34,44 : 86.47"
"34,45 : 100.17"
"34,46 : 48.33"
"34,47 : 92.57"
"34,48 : 80.21"
"34,49 : 89.09"
"35,0 : 27.46"
"35,1 : 45.1"
"35,2 : 36.24"
"35,3 : 34.01"
"35,4 : 8.25"
"35,5 : 50.25"
"35,6 : 26.63"
"35,7 : 65.0"
"35,8 : 35.61"
"35,9 : 28.3"
"35,10 : 42.95"
"35,11 : 22.8"
"35,12 : 45.54"
"35,13 : 47.63"
"35,14 : 28.3"
"35,15 : 34.53"
"35,16 : 50.64"
"35,17 : 29.41"
"35,18 : 60.84"
"35,19 : 33.38"
"35,20 : 8.94"
"35,21 : 37.54"
"35,22 : 38.83"
"35,23 : 53.49"
"35,24 : 29.73"
"35,25 : 51.4"
"35,26 : 61.07"
"35,27 : 46.52"
"35,28 : 19.7"
"35,29 : 22.47"
"35,30 : 34.79"
"35,31 : 52.84"
"35,32 : 41.19"
"35,33 : 49.65"
"35,34 : 61.4"
"35,35 : 0.0"
"35,36 : 41.34"
"35,37 : 28.6"
"35,38 : 16.97"
"35,39 : 24.41"
"35,40 : 33.02"
"35,41 : 46.62"
"35,42 : 29.15"
"35,43 : 45.61"
"35,44 : 46.4"
"35,45 : 39.4"
"35,46 : 17.72"
"35,47 : 46.52"
"35,48 : 28.07"
"35,49 : 68.77"
"36,0 : 40.31"
"36,1 : 44.42"
"36,2 : 76.58"
"36,3 : 72.18"
"36,4 : 44.6"
"36,5 : 78.1"
"36,6 : 20.0"
"36,7 : 24.04"
"36,8 : 76.84"
"36,9 : 67.94"
"36,10 : 83.01"
"36,11 : 49.16"
"36,12 : 30.68"
"36,13 : 52.04"
"36,14 : 59.41"
"36,15 : 31.38"
"36,16 : 20.52"
"36,17 : 69.43"
"36,18 : 52.0"
"36,19 : 27.07"
"36,20 : 50.25"
"36,21 : 60.3"
"36,22 : 31.38"
"36,23 : 90.0"
"36,24 : 43.97"
"36,25 : 76.53"
"36,26 : 62.17"
"36,27 : 65.73"
"36,28 : 60.9"
"36,29 : 47.1"
"36,30 : 75.58"
"36,31 : 25.63"
"36,32 : 70.21"
"36,33 : 62.03"
"36,34 : 101.12"
"36,35 : 41.34"
"36,36 : 0.0"
"36,37 : 13.0"
"36,38 : 48.05"
"36,39 : 39.0"
"36,40 : 71.17"
"36,41 : 17.89"
"36,42 : 50.09"
"36,43 : 71.25"
"36,44 : 64.76"
"36,45 : 23.6"
"36,46 : 58.59"
"36,47 : 58.52"
"36,48 : 25.0"
"36,49 : 69.12"
"37,0 : 29.73"
"37,1 : 38.21"
"37,2 : 64.35"
"37,3 : 60.61"
"37,4 : 32.65"
"37,5 : 66.61"
"37,6 : 9.43"
"37,7 : 36.4"
"37,8 : 64.2"
"37,9 : 55.9"
"37,10 : 70.01"
"37,11 : 37.01"
"37,12 : 32.56"
"37,13 : 49.04"
"37,14 : 47.04"
"37,15 : 24.04"
"37,16 : 28.46"
"37,17 : 57.28"
"37,18 : 53.6"
"37,19 : 24.17"
"37,20 : 37.44"
"37,21 : 49.24"
"37,22 : 25.81"
"37,23 : 79.08"
"37,24 : 37.01"
"37,25 : 65.51"
"37,26 : 60.93"
"37,27 : 59.08"
"37,28 : 48.02"
"37,29 : 35.06"
"37,30 : 62.61"
"37,31 : 29.15"
"37,32 : 61.03"
"37,33 : 53.34"
"37,34 : 89.2"
"37,35 : 28.6"
"37,36 : 13.0"
"37,37 : 0.0"
"37,38 : 35.36"
"37,39 : 31.14"
"37,40 : 58.24"
"37,41 : 21.38"
"37,42 : 38.83"
"37,43 : 60.02"
"37,44 : 54.78"
"37,45 : 20.25"
"37,46 : 45.65"
"37,47 : 49.74"
"37,48 : 19.65"
"37,49 : 68.45"
"38,0 : 16.55"
"38,1 : 34.21"
"38,2 : 41.48"
"38,3 : 43.05"
"38,4 : 24.41"
"38,5 : 34.01"
"38,6 : 28.79"
"38,7 : 69.46"
"38,8 : 37.58"
"38,9 : 36.12"
"38,10 : 36.62"
"38,11 : 6.32"
"38,12 : 60.08"
"38,13 : 64.54"
"38,14 : 12.37"
"38,15 : 28.43"
"38,16 : 62.13"
"38,17 : 36.35"
"38,18 : 77.03"
"38,19 : 48.1"
"38,20 : 16.49"
"38,21 : 20.62"
"38,22 : 32.8"
"38,23 : 62.39"
"38,24 : 46.69"
"38,25 : 34.67"
"38,26 : 77.99"
"38,27 : 62.77"
"38,28 : 20.88"
"38,29 : 7.0"
"38,30 : 31.14"
"38,31 : 50.99"
"38,32 : 55.36"
"38,33 : 33.84"
"38,34 : 65.92"
"38,35 : 16.97"
"38,36 : 48.05"
"38,37 : 35.36"
"38,38 : 0.0"
"38,39 : 41.23"
"38,40 : 23.71"
"38,41 : 46.87"
"38,42 : 13.34"
"38,43 : 28.84"
"38,44 : 29.68"
"38,45 : 36.88"
"38,46 : 17.72"
"38,47 : 31.05"
"38,48 : 42.38"
"38,49 : 85.7"
"39,0 : 48.02"
"39,1 : 63.32"
"39,2 : 45.22"
"39,3 : 38.01"
"39,4 : 18.97"
"39,5 : 74.63"
"39,6 : 36.35"
"39,7 : 61.91"
"39,8 : 48.66"
"39,9 : 36.4"
"39,10 : 62.2"
"39,11 : 46.69"
"39,12 : 25.96"
"39,13 : 23.35"
"39,14 : 52.7"
"39,15 : 50.0"
"39,16 : 37.2"
"39,17 : 38.33"
"39,18 : 37.0"
"39,19 : 15.81"
"39,20 : 29.73"
"39,21 : 61.55"
"39,22 : 53.37"
"39,23 : 53.08"
"39,24 : 6.32"
"39,25 : 75.8"
"39,26 : 36.8"
"39,27 : 28.0"
"39,28 : 38.47"
"39,29 : 45.97"
"39,30 : 53.08"
"39,31 : 60.3"
"39,32 : 31.38"
"39,33 : 72.2"
"39,34 : 66.89"
"39,35 : 24.41"
"39,36 : 39.0"
"39,37 : 31.14"
"39,38 : 41.23"
"39,39 : 0.0"
"39,40 : 55.08"
"39,41 : 52.47"
"39,42 : 52.4"
"39,43 : 70.0"
"39,44 : 70.04"
"39,45 : 50.16"
"39,46 : 38.08"
"39,47 : 68.82"
"39,48 : 14.42"
"39,49 : 44.55"
"40,0 : 38.21"
"40,1 : 53.25"
"40,2 : 30.68"
"40,3 : 37.22"
"40,4 : 36.14"
"40,5 : 26.93"
"40,6 : 52.39"
"40,7 : 93.11"
"40,8 : 23.54"
"40,9 : 30.81"
"40,10 : 13.45"
"40,11 : 25.5"
"40,12 : 78.41"
"40,13 : 76.56"
"40,14 : 16.64"
"40,15 : 51.09"
"40,16 : 83.29"
"40,17 : 29.68"
"40,18 : 92.05"
"40,19 : 66.27"
"40,20 : 25.5"
"40,21 : 28.16"
"40,22 : 55.23"
"40,23 : 52.89"
"40,24 : 58.87"
"40,25 : 31.05"
"40,26 : 89.44"
"40,27 : 68.25"
"40,28 : 17.49"
"40,29 : 27.66"
"40,30 : 12.0"
"40,31 : 74.2"
"40,32 : 55.97"
"40,33 : 44.15"
"40,34 : 50.16"
"40,35 : 33.02"
"40,36 : 71.17"
"40,37 : 58.24"
"40,38 : 23.71"
"40,39 : 55.08"
"40,40 : 0.0"
"40,41 : 70.49"
"40,42 : 30.0"
"40,43 : 27.17"
"40,44 : 36.35"
"40,45 : 60.22"
"40,46 : 17.09"
"40,47 : 43.01"
"40,48 : 61.07"
"40,49 : 96.65"
"41,0 : 33.84"
"41,1 : 30.81"
"41,2 : 82.8"
"41,3 : 80.26"
"41,4 : 52.35"
"41,5 : 71.02"
"41,6 : 20.0"
"41,7 : 25.02"
"41,8 : 81.39"
"41,9 : 74.89"
"41,10 : 83.49"
"41,11 : 45.62"
"41,12 : 48.47"
"41,13 : 68.73"
"41,14 : 55.95"
"41,15 : 21.38"
"41,16 : 37.8"
"41,17 : 76.03"
"41,18 : 69.86"
"41,19 : 43.42"
"41,20 : 54.67"
"41,21 : 52.95"
"41,22 : 19.0"
"41,23 : 99.3"
"41,24 : 58.22"
"41,25 : 68.36"
"41,26 : 79.56"
"41,27 : 80.31"
"41,28 : 64.35"
"41,29 : 43.38"
"41,30 : 77.47"
"41,31 : 8.06"
"41,32 : 82.28"
"41,33 : 50.36"
"41,34 : 108.0"
"41,35 : 46.62"
"41,36 : 17.89"
"41,37 : 21.38"
"41,38 : 46.87"
"41,39 : 52.47"
"41,40 : 70.49"
"41,41 : 0.0"
"41,42 : 43.97"
"41,43 : 63.79"
"41,44 : 55.01"
"41,45 : 11.18"
"41,46 : 61.52"
"41,47 : 47.17"
"41,48 : 40.01"
"41,49 : 86.68"
"42,0 : 10.2"
"42,1 : 23.32"
"42,2 : 53.6"
"42,3 : 56.01"
"42,4 : 37.12"
"42,5 : 28.02"
"42,6 : 30.15"
"42,7 : 68.45"
"42,8 : 48.76"
"42,9 : 49.0"
"42,10 : 43.42"
"42,11 : 7.07"
"42,12 : 68.0"
"42,13 : 75.69"
"42,14 : 13.45"
"42,15 : 22.85"
"42,16 : 67.19"
"42,17 : 49.04"
"42,18 : 86.61"
"42,19 : 56.6"
"42,20 : 29.83"
"42,21 : 10.44"
"42,22 : 26.42"
"42,23 : 75.11"
"42,24 : 58.26"
"42,25 : 26.68"
"42,26 : 89.11"
"42,27 : 75.59"
"42,28 : 33.14"
"42,29 : 6.71"
"42,30 : 40.25"
"42,31 : 46.07"
"42,32 : 68.68"
"42,33 : 20.62"
"42,34 : 77.2"
"42,35 : 29.15"
"42,36 : 50.09"
"42,37 : 38.83"
"42,38 : 13.34"
"42,39 : 52.4"
"42,40 : 30.0"
"42,41 : 43.97"
"42,42 : 0.0"
"42,43 : 21.21"
"42,44 : 17.69"
"42,45 : 32.89"
"42,46 : 30.07"
"42,47 : 17.72"
"42,48 : 50.77"
"42,49 : 96.9"
"43,0 : 31.02"
"43,1 : 37.12"
"43,2 : 57.49"
"43,3 : 62.97"
"43,4 : 52.35"
"43,5 : 7.28"
"43,6 : 51.35"
"43,7 : 88.68"
"43,8 : 50.64"
"43,9 : 56.08"
"43,10 : 37.48"
"43,11 : 24.17"
"43,12 : 88.24"
"43,13 : 93.24"
"43,14 : 17.69"
"43,15 : 42.43"
"43,16 : 88.29"
"43,17 : 55.36"
"43,18 : 105.82"
"43,19 : 76.49"
"43,20 : 42.52"
"43,21 : 11.0"
"43,22 : 45.12"
"43,23 : 79.83"
"43,24 : 75.29"
"43,25 : 5.83"
"43,26 : 106.67"
"43,27 : 89.64"
"43,28 : 40.25"
"43,29 : 25.63"
"43,30 : 39.12"
"43,31 : 64.56"
"43,32 : 79.76"
"43,33 : 20.62"
"43,34 : 77.01"
"43,35 : 45.61"
"43,36 : 71.25"
"43,37 : 60.02"
"43,38 : 28.84"
"43,39 : 70.0"
"43,40 : 27.17"
"43,41 : 63.79"
"43,42 : 21.21"
"43,43 : 0.0"
"43,44 : 12.04"
"43,45 : 52.61"
"43,46 : 38.08"
"43,47 : 21.26"
"43,48 : 70.68"
"43,49 : 114.34"
"44,0 : 25.08"
"44,1 : 26.25"
"44,2 : 65.19"
"44,3 : 69.43"
"44,4 : 54.08"
"44,5 : 18.6"
"44,6 : 45.54"
"44,7 : 80.02"
"44,8 : 59.0"
"44,9 : 62.37"
"44,10 : 48.08"
"44,11 : 23.6"
"44,12 : 85.23"
"44,13 : 93.35"
"44,14 : 22.36"
"44,15 : 34.13"
"44,16 : 83.22"
"44,17 : 61.98"
"44,18 : 104.2"
"44,19 : 74.06"
"44,20 : 45.62"
"44,21 : 9.49"
"44,22 : 36.01"
"44,23 : 87.46"
"44,24 : 75.82"
"44,25 : 14.32"
"44,26 : 106.78"
"44,27 : 92.44"
"44,28 : 46.1"
"44,29 : 24.08"
"44,30 : 48.26"
"44,31 : 54.74"
"44,32 : 84.31"
"44,33 : 8.6"
"44,34 : 86.47"
"44,35 : 46.4"
"44,36 : 64.76"
"44,37 : 54.78"
"44,38 : 29.68"
"44,39 : 70.04"
"44,40 : 36.35"
"44,41 : 55.01"
"44,42 : 17.69"
"44,43 : 12.04"
"44,44 : 0.0"
"44,45 : 44.01"
"44,46 : 43.42"
"44,47 : 9.43"
"44,48 : 68.24"
"44,49 : 114.56"
"45,0 : 22.85"
"45,1 : 21.02"
"45,2 : 74.95"
"45,3 : 73.41"
"45,4 : 46.17"
"45,5 : 59.84"
"45,6 : 14.04"
"45,7 : 36.12"
"45,8 : 72.8"
"45,9 : 67.54"
"45,10 : 73.41"
"45,11 : 34.99"
"45,12 : 51.87"
"45,13 : 69.26"
"45,14 : 45.18"
"45,15 : 10.2"
"45,16 : 44.05"
"45,17 : 68.48"
"45,18 : 73.25"
"45,19 : 44.38"
"45,20 : 46.65"
"45,21 : 41.77"
"45,22 : 8.25"
"45,23 : 92.85"
"45,24 : 56.32"
"45,25 : 57.22"
"45,26 : 81.15"
"45,27 : 78.1"
"45,28 : 55.61"
"45,29 : 32.76"
"45,30 : 67.9"
"45,31 : 14.14"
"45,32 : 77.93"
"45,33 : 39.81"
"45,34 : 100.17"
"45,35 : 39.4"
"45,36 : 23.6"
"45,37 : 20.25"
"45,38 : 36.88"
"45,39 : 50.16"
"45,40 : 60.22"
"45,41 : 11.18"
"45,42 : 32.89"
"45,43 : 52.61"
"45,44 : 44.01"
"45,45 : 0.0"
"45,46 : 52.63"
"45,47 : 36.5"
"45,48 : 39.85"
"45,49 : 88.64"
"46,0 : 34.18"
"46,1 : 51.92"
"46,2 : 23.77"
"46,3 : 26.17"
"46,4 : 19.24"
"46,5 : 40.46"
"46,6 : 41.87"
"46,7 : 81.84"
"46,8 : 20.25"
"46,9 : 19.1"
"46,10 : 25.32"
"46,11 : 23.19"
"46,12 : 62.03"
"46,13 : 59.51"
"46,14 : 21.19"
"46,15 : 45.28"
"46,16 : 68.25"
"46,17 : 19.0"
"46,18 : 75.0"
"46,19 : 50.0"
"46,20 : 9.06"
"46,21 : 33.96"
"46,22 : 49.74"
"46,23 : 45.04"
"46,24 : 41.79"
"46,25 : 43.27"
"46,26 : 72.47"
"46,27 : 52.33"
"46,28 : 3.16"
"46,29 : 24.52"
"46,30 : 17.09"
"46,31 : 66.71"
"46,32 : 41.68"
"46,33 : 49.37"
"46,34 : 48.33"
"46,35 : 17.72"
"46,36 : 58.59"
"46,37 : 45.65"
"46,38 : 17.72"
"46,39 : 38.08"
"46,40 : 17.09"
"46,41 : 61.52"
"46,42 : 30.07"
"46,43 : 38.08"
"46,44 : 43.42"
"46,45 : 52.63"
"46,46 : 0.0"
"46,47 : 47.1"
"46,48 : 45.1"
"46,49 : 79.76"
"47,0 : 21.21"
"47,1 : 17.26"
"47,2 : 70.06"
"47,3 : 73.25"
"47,4 : 54.63"
"47,5 : 28.02"
"47,6 : 40.31"
"47,7 : 72.06"
"47,8 : 64.5"
"47,9 : 66.19"
"47,10 : 55.54"
"47,11 : 24.74"
"47,12 : 81.4"
"47,13 : 91.83"
"47,14 : 27.29"
"47,15 : 27.2"
"47,16 : 77.82"
"47,17 : 66.07"
"47,18 : 101.24"
"47,19 : 70.84"
"47,20 : 47.54"
"47,21 : 14.87"
"47,22 : 28.28"
"47,23 : 92.01"
"47,24 : 74.89"
"47,25 : 23.71"
"47,26 : 105.12"
"47,27 : 93.04"
"47,28 : 50.04"
"47,29 : 24.35"
"47,30 : 54.57"
"47,31 : 46.17"
"47,32 : 86.4"
"47,33 : 3.61"
"47,34 : 92.57"
"47,35 : 46.52"
"47,36 : 58.52"
"47,37 : 49.74"
"47,38 : 31.05"
"47,39 : 68.82"
"47,40 : 43.01"
"47,41 : 47.17"
"47,42 : 17.72"
"47,43 : 21.26"
"47,44 : 9.43"
"47,45 : 36.5"
"47,46 : 47.1"
"47,47 : 0.0"
"47,48 : 65.12"
"47,49 : 112.93"
"48,0 : 43.93"
"48,1 : 56.3"
"48,2 : 57.25"
"48,3 : 51.04"
"48,4 : 26.68"
"48,5 : 76.32"
"48,6 : 27.29"
"48,7 : 47.51"
"48,8 : 59.46"
"48,9 : 48.3"
"48,10 : 70.35"
"48,11 : 46.52"
"48,12 : 17.72"
"48,13 : 29.41"
"48,14 : 54.71"
"48,15 : 42.19"
"48,16 : 24.17"
"48,17 : 50.09"
"48,18 : 36.12"
"48,19 : 5.83"
"48,20 : 36.06"
"48,21 : 60.9"
"48,22 : 44.72"
"48,23 : 67.18"
"48,24 : 18.97"
"48,25 : 76.49"
"48,26 : 41.59"
"48,27 : 40.79"
"48,28 : 46.39"
"48,29 : 45.18"
"48,30 : 61.66"
"48,31 : 48.04"
"48,32 : 45.79"
"48,33 : 68.68"
"48,34 : 80.21"
"48,35 : 28.07"
"48,36 : 25.0"
"48,37 : 19.65"
"48,38 : 42.38"
"48,39 : 14.42"
"48,40 : 61.07"
"48,41 : 40.01"
"48,42 : 50.77"
"48,43 : 70.68"
"48,44 : 68.24"
"48,45 : 39.85"
"48,46 : 45.1"
"48,47 : 65.12"
"48,48 : 0.0"
"48,49 : 49.24"
"49,0 : 91.83"
"49,1 : 105.48"
"49,2 : 76.9"
"49,3 : 67.47"
"49,4 : 62.2"
"49,5 : 118.6"
"49,6 : 76.54"
"49,7 : 84.0"
"49,8 : 83.24"
"49,9 : 70.21"
"49,10 : 100.66"
"49,11 : 91.24"
"49,12 : 38.64"
"49,13 : 21.21"
"49,14 : 96.83"
"49,15 : 91.42"
"49,16 : 53.04"
"49,17 : 72.12"
"49,18 : 19.24"
"49,19 : 44.28"
"49,20 : 72.67"
"49,21 : 106.1"
"49,22 : 93.94"
"49,23 : 71.18"
"49,24 : 39.05"
"49,25 : 120.1"
"49,26 : 7.81"
"49,27 : 32.14"
"49,28 : 79.18"
"49,29 : 90.51"
"49,30 : 91.55"
"49,31 : 94.64"
"49,32 : 48.17"
"49,33 : 116.39"
"49,34 : 89.09"
"49,35 : 68.77"
"49,36 : 69.12"
"49,37 : 68.45"
"49,38 : 85.7"
"49,39 : 44.55"
"49,40 : 96.65"
"49,41 : 86.68"
"49,42 : 96.9"
"49,43 : 114.34"
"49,44 : 114.56"
"49,45 : 88.64"
"49,46 : 79.76"
"49,47 : 112.93"
"49,48 : 49.24"
"49,49 : 0.0"
