x,y
51,94
7,17
62,63
47,57
91,61
40,0
76,20
59,62
74,99
21,56
70,77
89,93
38,61
25,58
61,36
49,38
42,55
73,13
84,24
53,52
96,55
95,0
9,74
15,73
17,84
37,71
39,87
26,83
77,1
89,77
70,76
4,86
65,10
66,45
92,91
51,87
83,86
43,92
15,84
4,97
17,34
2,56
99,99
68,43
2,29
95,65
2,6
57,66
74,45
15,82

Distanze
"0,0 : 0.0"
"0,1 : 89.02"
"0,2 : 106.02"
"0,3 : 45.71"
"0,4 : 51.31"
"0,5 : 20.02"
"0,6 : 41.05"
"0,7 : 60.13"
"0,8 : 85.28"
"0,9 : 105.65"
"0,10 : 91.53"
"0,11 : 112.61"
"0,12 : 104.74"
"0,13 : 93.98"
"0,14 : 90.47"
"0,15 : 107.71"
"0,16 : 74.95"
"0,17 : 29.73"
"0,18 : 78.39"
"0,19 : 85.07"
"0,20 : 63.89"
"0,21 : 84.72"
"0,22 : 82.3"
"0,23 : 118.83"
"0,24 : 39.7"
"0,25 : 98.37"
"0,26 : 83.38"
"0,27 : 47.93"
"0,28 : 47.52"
"0,29 : 24.19"
"0,30 : 99.73"
"0,31 : 40.11"
"0,32 : 47.85"
"0,33 : 73.78"
"0,34 : 72.01"
"0,35 : 17.72"
"0,36 : 51.62"
"0,37 : 58.14"
"0,38 : 100.24"
"0,39 : 48.01"
"0,40 : 99.3"
"0,41 : 71.85"
"0,42 : 61.91"
"0,43 : 11.4"
"0,44 : 96.52"
"0,45 : 78.41"
"0,46 : 35.01"
"0,47 : 31.4"
"0,48 : 51.2"
"0,49 : 115.42"
"1,0 : 89.02"
"1,1 : 0.0"
"1,2 : 17.46"
"1,3 : 67.78"
"1,4 : 43.68"
"1,5 : 75.07"
"1,6 : 51.48"
"1,7 : 59.84"
"1,8 : 19.42"
"1,9 : 17.2"
"1,10 : 7.21"
"1,11 : 23.6"
"1,12 : 17.46"
"1,13 : 28.43"
"1,14 : 44.05"
"1,15 : 26.02"
"1,16 : 32.28"
"1,17 : 59.91"
"1,18 : 16.12"
"1,19 : 51.11"
"1,20 : 29.61"
"1,21 : 65.74"
"1,22 : 17.26"
"1,23 : 31.38"
"1,24 : 50.61"
"1,25 : 35.38"
"1,26 : 68.03"
"1,27 : 52.17"
"1,28 : 66.13"
"1,29 : 65.19"
"1,30 : 42.2"
"1,31 : 65.3"
"1,32 : 68.01"
"1,33 : 30.81"
"1,34 : 43.01"
"1,35 : 72.86"
"1,36 : 38.08"
"1,37 : 31.06"
"1,38 : 39.66"
"1,39 : 41.11"
"1,40 : 48.01"
"1,41 : 44.01"
"1,42 : 28.6"
"1,43 : 78.64"
"1,44 : 29.68"
"1,45 : 66.13"
"1,46 : 73.76"
"1,47 : 57.63"
"1,48 : 48.33"
"1,49 : 26.4"
"2,0 : 106.02"
"2,1 : 17.46"
"2,2 : 0.0"
"2,3 : 81.12"
"2,4 : 61.03"
"2,5 : 91.24"
"2,6 : 68.94"
"2,7 : 70.94"
"2,8 : 32.25"
"2,9 : 9.22"
"2,10 : 14.87"
"2,11 : 7.62"
"2,12 : 12.73"
"2,13 : 29.07"
"2,14 : 54.23"
"2,15 : 24.21"
"2,16 : 47.04"
"2,17 : 77.18"
"2,18 : 29.21"
"2,19 : 62.94"
"2,20 : 46.84"
"2,21 : 78.16"
"2,22 : 27.29"
"2,23 : 20.0"
"2,24 : 68.0"
"2,25 : 33.96"
"2,26 : 80.78"
"2,27 : 69.38"
"2,28 : 79.26"
"2,29 : 82.01"
"2,30 : 49.09"
"2,31 : 79.63"
"2,32 : 81.01"
"2,33 : 46.0"
"2,34 : 52.2"
"2,35 : 89.5"
"2,36 : 55.47"
"2,37 : 48.37"
"2,38 : 46.04"
"2,39 : 58.01"
"2,40 : 47.54"
"2,41 : 53.16"
"2,42 : 44.6"
"2,43 : 95.43"
"2,44 : 36.72"
"2,45 : 79.62"
"2,46 : 91.09"
"2,47 : 74.63"
"2,48 : 62.43"
"2,49 : 10.3"
"3,0 : 45.71"
"3,1 : 67.78"
"3,2 : 81.12"
"3,3 : 0.0"
"3,4 : 53.76"
"3,5 : 25.96"
"3,6 : 47.41"
"3,7 : 15.52"
"3,8 : 74.55"
"3,9 : 84.58"
"3,10 : 66.65"
"3,11 : 88.68"
"3,12 : 85.23"
"3,13 : 59.41"
"3,14 : 91.44"
"3,15 : 92.72"
"3,16 : 72.25"
"3,17 : 39.05"
"3,18 : 52.33"
"3,19 : 91.01"
"3,20 : 57.14"
"3,21 : 98.08"
"3,22 : 53.85"
"3,23 : 98.9"
"3,24 : 42.49"
"3,25 : 61.4"
"3,26 : 98.23"
"3,27 : 58.14"
"3,28 : 2.24"
"3,29 : 31.24"
"3,30 : 97.0"
"3,31 : 7.07"
"3,32 : 2.24"
"3,33 : 70.18"
"3,34 : 32.8"
"3,35 : 30.87"
"3,36 : 44.72"
"3,37 : 46.01"
"3,38 : 96.05"
"3,39 : 36.5"
"3,40 : 58.18"
"3,41 : 32.2"
"3,42 : 40.79"
"3,43 : 35.74"
"3,44 : 88.46"
"3,45 : 93.62"
"3,46 : 62.97"
"3,47 : 33.6"
"3,48 : 19.65"
"3,49 : 91.42"
"4,0 : 51.31"
"4,1 : 43.68"
"4,2 : 61.03"
"4,3 : 53.76"
"4,4 : 0.0"
"4,5 : 44.72"
"4,6 : 10.3"
"4,7 : 56.86"
"4,8 : 34.71"
"4,9 : 58.14"
"4,10 : 48.66"
"4,11 : 66.31"
"4,12 : 56.44"
"4,13 : 60.83"
"4,14 : 40.79"
"4,15 : 57.38"
"4,16 : 23.71"
"4,17 : 22.47"
"4,18 : 40.2"
"4,19 : 38.05"
"4,20 : 14.32"
"4,21 : 44.38"
"4,22 : 45.28"
"4,23 : 69.89"
"4,24 : 13.15"
"4,25 : 67.47"
"4,26 : 44.72"
"4,27 : 9.06"
"4,28 : 53.49"
"4,29 : 31.78"
"4,30 : 49.04"
"4,31 : 47.54"
"4,32 : 55.36"
"4,33 : 22.47"
"4,34 : 53.01"
"4,35 : 39.56"
"4,36 : 11.4"
"4,37 : 16.76"
"4,38 : 49.24"
"4,39 : 18.6"
"4,40 : 75.03"
"4,41 : 53.6"
"4,42 : 27.31"
"4,43 : 43.46"
"4,44 : 45.22"
"4,45 : 40.31"
"4,46 : 30.08"
"4,47 : 24.19"
"4,48 : 38.83"
"4,49 : 68.94"
"5,0 : 20.02"
"5,1 : 75.07"
"5,2 : 91.24"
"5,3 : 25.96"
"5,4 : 44.72"
"5,5 : 0.0"
"5,6 : 35.13"
"5,7 : 40.11"
"5,8 : 75.13"
"5,9 : 92.2"
"5,10 : 76.42"
"5,11 : 98.29"
"5,12 : 91.83"
"5,13 : 76.03"
"5,14 : 85.51"
"5,15 : 96.57"
"5,16 : 67.72"
"5,17 : 23.0"
"5,18 : 62.48"
"5,19 : 82.22"
"5,20 : 54.23"
"5,21 : 85.48"
"5,22 : 65.8"
"5,23 : 106.04"
"5,24 : 31.58"
"5,25 : 79.85"
"5,26 : 84.85"
"5,27 : 45.01"
"5,28 : 27.66"
"5,29 : 13.04"
"5,30 : 93.41"
"5,31 : 20.1"
"5,32 : 28.16"
"5,33 : 66.1"
"5,34 : 52.63"
"5,35 : 6.71"
"5,36 : 40.72"
"5,37 : 45.79"
"5,38 : 93.3"
"5,39 : 34.67"
"5,40 : 79.83"
"5,41 : 52.39"
"5,42 : 46.67"
"5,43 : 9.85"
"5,44 : 87.85"
"5,45 : 79.91"
"5,46 : 41.68"
"5,47 : 20.62"
"5,48 : 32.31"
"5,49 : 101.12"
"6,0 : 41.05"
"6,1 : 51.48"
"6,2 : 68.94"
"6,3 : 47.41"
"6,4 : 10.3"
"6,5 : 35.13"
"6,6 : 0.0"
"6,7 : 53.04"
"6,8 : 44.55"
"6,9 : 66.89"
"6,10 : 55.66"
"6,11 : 74.71"
"6,12 : 65.46"
"6,13 : 65.01"
"6,14 : 50.7"
"6,15 : 67.18"
"6,16 : 34.0"
"6,17 : 12.37"
"6,18 : 45.28"
"6,19 : 47.1"
"6,20 : 23.43"
"6,21 : 51.42"
"6,22 : 50.16"
"6,23 : 79.2"
"6,24 : 5.0"
"6,25 : 71.18"
"6,26 : 51.24"
"6,27 : 10.77"
"6,28 : 47.51"
"6,29 : 22.09"
"6,30 : 59.24"
"6,31 : 40.72"
"6,32 : 49.24"
"6,33 : 32.76"
"6,34 : 52.8"
"6,35 : 29.61"
"6,36 : 14.14"
"6,37 : 21.38"
"6,38 : 59.51"
"6,39 : 17.09"
"6,40 : 77.13"
"6,41 : 53.23"
"6,42 : 30.07"
"6,43 : 33.24"
"6,44 : 55.47"
"6,45 : 46.49"
"6,46 : 24.02"
"6,47 : 15.13"
"6,48 : 35.47"
"6,49 : 77.41"
"7,0 : 60.13"
"7,1 : 59.84"
"7,2 : 70.94"
"7,3 : 15.52"
"7,4 : 56.86"
"7,5 : 40.11"
"7,6 : 53.04"
"7,7 : 0.0"
"7,8 : 70.26"
"7,9 : 75.69"
"7,10 : 57.28"
"7,11 : 78.55"
"7,12 : 76.9"
"7,13 : 46.4"
"7,14 : 90.25"
"7,15 : 85.71"
"7,16 : 71.17"
"7,17 : 47.71"
"7,18 : 43.74"
"7,19 : 91.55"
"7,20 : 56.3"
"7,21 : 100.72"
"7,22 : 43.97"
"7,23 : 89.84"
"7,24 : 48.08"
"7,25 : 47.38"
"7,26 : 101.36"
"7,27 : 63.13"
"7,28 : 13.34"
"7,29 : 42.15"
"7,30 : 94.2"
"7,31 : 20.02"
"7,32 : 13.93"
"7,33 : 68.96"
"7,34 : 19.42"
"7,35 : 43.93"
"7,36 : 46.14"
"7,37 : 44.94"
"7,38 : 92.78"
"7,39 : 38.28"
"7,40 : 42.94"
"7,41 : 18.6"
"7,42 : 36.67"
"7,43 : 49.5"
"7,44 : 84.21"
"7,45 : 97.1"
"7,46 : 72.4"
"7,47 : 41.88"
"7,48 : 18.03"
"7,49 : 81.15"
"8,0 : 85.28"
"8,1 : 19.42"
"8,2 : 32.25"
"8,3 : 74.55"
"8,4 : 34.71"
"8,5 : 75.13"
"8,6 : 44.55"
"8,7 : 70.26"
"8,8 : 0.0"
"8,9 : 26.17"
"8,10 : 26.63"
"8,11 : 35.13"
"8,12 : 23.54"
"8,13 : 47.38"
"8,14 : 24.76"
"8,15 : 22.67"
"8,16 : 15.13"
"8,17 : 55.61"
"8,18 : 30.41"
"8,19 : 31.76"
"8,20 : 21.4"
"8,21 : 46.62"
"8,22 : 33.84"
"8,23 : 35.78"
"8,24 : 45.61"
"8,25 : 54.49"
"8,26 : 49.04"
"8,27 : 41.34"
"8,28 : 73.33"
"8,29 : 63.29"
"8,30 : 24.7"
"8,31 : 70.41"
"8,32 : 75.33"
"8,33 : 14.56"
"8,34 : 56.61"
"8,35 : 71.34"
"8,36 : 34.48"
"8,37 : 29.73"
"8,38 : 22.8"
"8,39 : 40.85"
"8,40 : 66.6"
"8,41 : 57.57"
"8,42 : 34.01"
"8,43 : 76.28"
"8,44 : 14.0"
"8,45 : 47.54"
"8,46 : 63.13"
"8,47 : 55.23"
"8,48 : 55.15"
"8,49 : 37.34"
"9,0 : 105.65"
"9,1 : 17.2"
"9,2 : 9.22"
"9,3 : 84.58"
"9,4 : 58.14"
"9,5 : 92.2"
"9,6 : 66.89"
"9,7 : 75.69"
"9,8 : 26.17"
"9,9 : 0.0"
"9,10 : 18.44"
"9,11 : 9.0"
"9,12 : 3.61"
"9,13 : 36.88"
"9,14 : 46.17"
"9,15 : 15.0"
"9,16 : 41.3"
"9,17 : 76.22"
"9,18 : 32.31"
"9,19 : 55.32"
"9,20 : 43.83"
"9,21 : 70.61"
"9,22 : 31.78"
"9,23 : 14.32"
"9,24 : 66.61"
"9,25 : 42.38"
"9,26 : 73.35"
"9,27 : 65.92"
"9,28 : 82.86"
"9,29 : 82.04"
"9,30 : 40.31"
"9,31 : 82.37"
"9,32 : 84.69"
"9,33 : 40.61"
"9,34 : 57.71"
"9,35 : 89.81"
"9,36 : 54.2"
"9,37 : 47.51"
"9,38 : 37.22"
"9,39 : 57.98"
"9,40 : 55.97"
"9,41 : 58.69"
"9,42 : 45.8"
"9,43 : 95.48"
"9,44 : 28.23"
"9,45 : 72.56"
"9,46 : 87.85"
"9,47 : 74.33"
"9,48 : 65.3"
"9,49 : 11.18"
"10,0 : 91.53"
"10,1 : 7.21"
"10,2 : 14.87"
"10,3 : 66.65"
"10,4 : 48.66"
"10,5 : 76.42"
"10,6 : 55.66"
"10,7 : 57.28"
"10,8 : 26.63"
"10,9 : 18.44"
"10,10 : 0.0"
"10,11 : 22.2"
"10,12 : 20.02"
"10,13 : 21.63"
"10,14 : 51.22"
"10,15 : 30.41"
"10,16 : 39.22"
"10,17 : 63.06"
"10,18 : 14.42"
"10,19 : 58.31"
"10,20 : 35.06"
"10,21 : 72.9"
"10,22 : 13.34"
"10,23 : 32.57"
"10,24 : 54.23"
"10,25 : 28.43"
"10,26 : 75.15"
"10,27 : 57.43"
"10,28 : 64.85"
"10,29 : 67.42"
"10,30 : 49.04"
"10,31 : 64.9"
"10,32 : 66.64"
"10,33 : 37.64"
"10,34 : 39.32"
"10,35 : 74.81"
"10,36 : 41.79"
"10,37 : 34.54"
"10,38 : 46.4"
"10,39 : 43.57"
"10,40 : 41.34"
"10,41 : 40.31"
"10,42 : 29.83"
"10,43 : 80.8"
"10,44 : 36.4"
"10,45 : 73.16"
"10,46 : 78.64"
"10,47 : 60.21"
"10,48 : 47.71"
"10,49 : 25.0"
"11,0 : 112.61"
"11,1 : 23.6"
"11,2 : 7.62"
"11,3 : 88.68"
"11,4 : 66.31"
"11,5 : 98.29"
"11,6 : 74.71"
"11,7 : 78.55"
"11,8 : 35.13"
"11,9 : 9.0"
"11,10 : 22.2"
"11,11 : 0.0"
"11,12 : 12.17"
"11,13 : 36.01"
"11,14 : 54.82"
"11,15 : 21.63"
"11,16 : 50.25"
"11,17 : 83.49"
"11,18 : 36.62"
"11,19 : 64.13"
"11,20 : 52.0"
"11,21 : 79.43"
"11,22 : 34.89"
"11,23 : 13.34"
"11,24 : 74.09"
"11,25 : 40.31"
"11,26 : 82.2"
"11,27 : 74.33"
"11,28 : 86.83"
"11,29 : 88.73"
"11,30 : 48.33"
"11,31 : 87.09"
"11,32 : 88.59"
"11,33 : 49.5"
"11,34 : 59.77"
"11,35 : 96.33"
"11,36 : 61.59"
"11,37 : 54.64"
"11,38 : 45.19"
"11,39 : 64.66"
"11,40 : 53.76"
"11,41 : 60.73"
"11,42 : 51.62"
"11,43 : 102.18"
"11,44 : 36.69"
"11,45 : 81.5"
"11,46 : 96.21"
"11,47 : 81.22"
"11,48 : 69.89"
"11,49 : 2.83"
"12,0 : 104.74"
"12,1 : 17.46"
"12,2 : 12.73"
"12,3 : 85.23"
"12,4 : 56.44"
"12,5 : 91.83"
"12,6 : 65.46"
"12,7 : 76.9"
"12,8 : 23.54"
"12,9 : 3.61"
"12,10 : 20.02"
"12,11 : 12.17"
"12,12 : 0.0"
"12,13 : 39.56"
"12,14 : 42.72"
"12,15 : 11.66"
"12,16 : 38.64"
"12,17 : 75.17"
"12,18 : 33.24"
"12,19 : 51.97"
"12,20 : 42.19"
"12,21 : 67.27"
"12,22 : 33.24"
"12,23 : 14.21"
"12,24 : 65.44"
"12,25 : 45.31"
"12,26 : 70.04"
"12,27 : 63.98"
"12,28 : 83.57"
"12,29 : 81.34"
"12,30 : 36.72"
"12,31 : 82.73"
"12,32 : 85.44"
"12,33 : 38.08"
"12,34 : 59.3"
"12,35 : 89.2"
"12,36 : 53.15"
"12,37 : 46.67"
"12,38 : 33.62"
"12,39 : 57.38"
"12,40 : 58.87"
"12,41 : 60.3"
"12,42 : 45.79"
"12,43 : 94.76"
"12,44 : 24.7"
"12,45 : 69.35"
"12,46 : 85.91"
"12,47 : 73.54"
"12,48 : 65.8"
"12,49 : 14.0"
"13,0 : 93.98"
"13,1 : 28.43"
"13,2 : 29.07"
"13,3 : 59.41"
"13,4 : 60.83"
"13,5 : 76.03"
"13,6 : 65.01"
"13,7 : 46.4"
"13,8 : 47.38"
"13,9 : 36.88"
"13,10 : 21.63"
"13,11 : 36.01"
"13,12 : 39.56"
"13,13 : 0.0"
"13,14 : 72.14"
"13,15 : 50.92"
"13,16 : 57.98"
"13,17 : 68.88"
"13,18 : 20.88"
"13,19 : 78.41"
"13,20 : 49.65"
"13,21 : 92.36"
"13,22 : 15.81"
"13,23 : 49.04"
"13,24 : 62.07"
"13,25 : 7.21"
"13,26 : 94.34"
"13,27 : 69.87"
"13,28 : 57.28"
"13,29 : 70.21"
"13,30 : 70.6"
"13,31 : 60.0"
"13,32 : 58.69"
"13,33 : 56.08"
"13,34 : 27.02"
"13,35 : 76.32"
"13,36 : 51.09"
"13,37 : 44.28"
"13,38 : 68.01"
"13,39 : 49.25"
"13,40 : 19.72"
"13,41 : 27.8"
"13,42 : 35.01"
"13,43 : 82.64"
"13,44 : 58.01"
"13,45 : 91.79"
"13,46 : 89.02"
"13,47 : 64.54"
"13,48 : 43.91"
"13,49 : 38.12"
"14,0 : 90.47"
"14,1 : 44.05"
"14,2 : 54.23"
"14,3 : 91.44"
"14,4 : 40.79"
"14,5 : 85.51"
"14,6 : 50.7"
"14,7 : 90.25"
"14,8 : 24.76"
"14,9 : 46.17"
"14,10 : 51.22"
"14,11 : 54.82"
"14,12 : 42.72"
"14,13 : 72.14"
"14,14 : 0.0"
"14,15 : 35.06"
"14,16 : 19.24"
"14,17 : 63.06"
"14,18 : 54.41"
"14,19 : 10.2"
"14,20 : 34.37"
"14,21 : 25.02"
"14,22 : 58.26"
"14,23 : 50.01"
"14,24 : 53.94"
"14,25 : 79.25"
"14,26 : 28.0"
"14,27 : 42.54"
"14,28 : 90.67"
"14,29 : 72.57"
"14,30 : 10.82"
"14,31 : 86.09"
"14,32 : 92.66"
"14,33 : 21.38"
"14,34 : 79.16"
"14,35 : 80.28"
"14,36 : 47.01"
"14,37 : 45.71"
"14,38 : 13.0"
"14,39 : 55.08"
"14,40 : 91.29"
"14,41 : 80.06"
"14,42 : 53.76"
"14,43 : 83.82"
"14,44 : 18.25"
"14,45 : 28.44"
"14,46 : 60.61"
"14,47 : 64.94"
"14,48 : 73.35"
"14,49 : 56.29"
"15,0 : 107.71"
"15,1 : 26.02"
"15,2 : 24.21"
"15,3 : 92.72"
"15,4 : 57.38"
"15,5 : 96.57"
"15,6 : 67.18"
"15,7 : 85.71"
"15,8 : 22.67"
"15,9 : 15.0"
"15,10 : 30.41"
"15,11 : 21.63"
"15,12 : 11.66"
"15,13 : 50.92"
"15,14 : 35.06"
"15,15 : 0.0"
"15,16 : 36.24"
"15,17 : 77.99"
"15,18 : 42.11"
"15,19 : 45.0"
"15,20 : 43.86"
"15,21 : 60.07"
"15,22 : 43.05"
"15,23 : 15.03"
"15,24 : 68.01"
"15,25 : 56.86"
"15,26 : 63.03"
"15,27 : 63.82"
"15,28 : 91.21"
"15,29 : 85.21"
"15,30 : 27.2"
"15,31 : 89.54"
"15,32 : 93.15"
"15,33 : 36.36"
"15,34 : 69.0"
"15,35 : 93.23"
"15,36 : 56.4"
"15,37 : 50.77"
"15,38 : 24.04"
"15,39 : 61.91"
"15,40 : 70.38"
"15,41 : 70.0"
"15,42 : 52.2"
"15,43 : 98.41"
"15,44 : 17.03"
"15,45 : 63.07"
"15,46 : 85.44"
"15,47 : 77.2"
"15,48 : 73.08"
"15,49 : 22.36"
"16,0 : 74.95"
"16,1 : 32.28"
"16,2 : 47.04"
"16,3 : 72.25"
"16,4 : 23.71"
"16,5 : 67.72"
"16,6 : 34.0"
"16,7 : 71.17"
"16,8 : 15.13"
"16,9 : 41.3"
"16,10 : 39.22"
"16,11 : 50.25"
"16,12 : 38.64"
"16,13 : 57.98"
"16,14 : 19.24"
"16,15 : 36.24"
"16,16 : 0.0"
"16,17 : 46.1"
"16,18 : 38.29"
"16,19 : 21.4"
"16,20 : 15.13"
"16,21 : 34.41"
"16,22 : 42.8"
"16,23 : 50.33"
"16,24 : 36.4"
"16,25 : 65.19"
"16,26 : 36.36"
"16,27 : 28.28"
"16,28 : 71.45"
"16,29 : 55.03"
"16,30 : 25.71"
"16,31 : 67.01"
"16,32 : 73.44"
"16,33 : 2.24"
"16,34 : 61.06"
"16,35 : 62.97"
"16,36 : 28.07"
"16,37 : 26.48"
"16,38 : 25.63"
"16,39 : 36.0"
"16,40 : 76.06"
"16,41 : 61.91"
"16,42 : 34.93"
"16,43 : 67.12"
"16,44 : 21.93"
"16,45 : 34.01"
"16,46 : 49.41"
"16,47 : 47.13"
"16,48 : 54.13"
"16,49 : 52.47"
"17,0 : 29.73"
"17,1 : 59.91"
"17,2 : 77.18"
"17,3 : 39.05"
"17,4 : 22.47"
"17,5 : 23.0"
"17,6 : 12.37"
"17,7 : 47.71"
"17,8 : 55.61"
"17,9 : 76.22"
"17,10 : 63.06"
"17,11 : 83.49"
"17,12 : 75.17"
"17,13 : 68.88"
"17,14 : 63.06"
"17,15 : 77.99"
"17,16 : 46.1"
"17,17 : 0.0"
"17,18 : 50.92"
"17,19 : 59.3"
"17,20 : 34.21"
"17,21 : 62.65"
"17,22 : 55.36"
"17,23 : 89.2"
"17,24 : 10.0"
"17,25 : 74.33"
"17,26 : 62.17"
"17,27 : 22.02"
"17,28 : 39.62"
"17,29 : 10.05"
"17,30 : 71.51"
"17,31 : 32.02"
"17,32 : 41.11"
"17,33 : 44.72"
"17,34 : 51.97"
"17,35 : 17.26"
"17,36 : 22.02"
"17,37 : 28.84"
"17,38 : 71.69"
"17,39 : 19.92"
"17,40 : 78.23"
"17,41 : 52.17"
"17,42 : 34.48"
"17,43 : 21.02"
"17,44 : 67.23"
"17,45 : 57.27"
"17,46 : 24.7"
"17,47 : 5.83"
"17,48 : 31.95"
"17,49 : 86.27"
"18,0 : 78.39"
"18,1 : 16.12"
"18,2 : 29.21"
"18,3 : 52.33"
"18,4 : 40.2"
"18,5 : 62.48"
"18,6 : 45.28"
"18,7 : 43.74"
"18,8 : 30.41"
"18,9 : 32.31"
"18,10 : 14.42"
"18,11 : 36.62"
"18,12 : 33.24"
"18,13 : 20.88"
"18,14 : 54.41"
"18,15 : 42.11"
"18,16 : 38.29"
"18,17 : 50.92"
"18,18 : 0.0"
"18,19 : 59.4"
"18,20 : 28.79"
"18,21 : 72.62"
"18,22 : 5.1"
"18,23 : 46.62"
"18,24 : 42.95"
"18,25 : 27.86"
"18,26 : 74.4"
"18,27 : 49.25"
"18,28 : 50.57"
"18,29 : 54.2"
"18,30 : 55.04"
"18,31 : 50.48"
"18,32 : 52.39"
"18,33 : 36.24"
"18,34 : 27.17"
"18,35 : 61.29"
"18,36 : 31.14"
"18,37 : 24.02"
"18,38 : 52.92"
"18,39 : 31.02"
"18,40 : 37.8"
"18,41 : 28.16"
"18,42 : 16.55"
"18,43 : 67.42"
"18,44 : 43.32"
"18,45 : 71.56"
"18,46 : 69.12"
"18,47 : 47.42"
"18,48 : 33.29"
"18,49 : 39.41"
"19,0 : 85.07"
"19,1 : 51.11"
"19,2 : 62.94"
"19,3 : 91.01"
"19,4 : 38.05"
"19,5 : 82.22"
"19,6 : 47.1"
"19,7 : 91.55"
"19,8 : 31.76"
"19,9 : 55.32"
"19,10 : 58.31"
"19,11 : 64.13"
"19,12 : 51.97"
"19,13 : 78.41"
"19,14 : 10.2"
"19,15 : 45.0"
"19,16 : 21.4"
"19,17 : 59.3"
"19,18 : 59.4"
"19,19 : 0.0"
"19,20 : 35.34"
"19,21 : 15.3"
"19,22 : 63.7"
"19,23 : 60.01"
"19,24 : 51.0"
"19,25 : 85.6"
"19,26 : 18.11"
"19,27 : 37.66"
"19,28 : 90.47"
"19,29 : 69.18"
"19,30 : 20.62"
"19,31 : 85.16"
"19,32 : 92.42"
"19,33 : 23.6"
"19,34 : 82.38"
"19,35 : 76.53"
"19,36 : 46.32"
"19,37 : 46.62"
"19,38 : 23.09"
"19,39 : 54.57"
"19,40 : 97.0"
"19,41 : 83.22"
"19,42 : 55.95"
"19,43 : 79.43"
"19,44 : 28.02"
"19,45 : 18.25"
"19,46 : 53.34"
"19,47 : 62.01"
"19,48 : 74.0"
"19,49 : 65.76"
"20,0 : 63.89"
"20,1 : 29.61"
"20,2 : 46.84"
"20,3 : 57.14"
"20,4 : 14.32"
"20,5 : 54.23"
"20,6 : 23.43"
"20,7 : 56.3"
"20,8 : 21.4"
"20,9 : 43.83"
"20,10 : 35.06"
"20,11 : 52.0"
"20,12 : 42.19"
"20,13 : 49.65"
"20,14 : 34.37"
"20,15 : 43.86"
"20,16 : 15.13"
"20,17 : 34.21"
"20,18 : 28.79"
"20,19 : 35.34"
"20,20 : 0.0"
"20,21 : 46.1"
"20,22 : 33.84"
"20,23 : 55.8"
"20,24 : 24.21"
"20,25 : 56.65"
"20,26 : 47.38"
"20,27 : 22.56"
"20,28 : 56.32"
"20,29 : 42.06"
"20,30 : 40.2"
"20,31 : 52.01"
"20,32 : 58.31"
"20,33 : 13.04"
"20,34 : 47.63"
"20,35 : 50.12"
"20,36 : 13.6"
"20,37 : 11.4"
"20,38 : 39.62"
"20,39 : 21.1"
"20,40 : 65.86"
"20,41 : 48.41"
"20,42 : 20.81"
"20,43 : 54.92"
"20,44 : 33.62"
"20,45 : 43.93"
"20,46 : 44.27"
"20,47 : 34.0"
"20,48 : 39.05"
"20,49 : 54.63"
"21,0 : 84.72"
"21,1 : 65.74"
"21,2 : 78.16"
"21,3 : 98.08"
"21,4 : 44.38"
"21,5 : 85.48"
"21,6 : 51.42"
"21,7 : 100.72"
"21,8 : 46.62"
"21,9 : 70.61"
"21,10 : 72.9"
"21,11 : 79.43"
"21,12 : 67.27"
"21,13 : 92.36"
"21,14 : 25.02"
"21,15 : 60.07"
"21,16 : 34.41"
"21,17 : 62.65"
"21,18 : 72.62"
"21,19 : 15.3"
"21,20 : 46.1"
"21,21 : 0.0"
"21,22 : 77.2"
"21,23 : 75.03"
"21,24 : 56.04"
"21,25 : 99.57"
"21,26 : 3.16"
"21,27 : 40.79"
"21,28 : 97.86"
"21,29 : 72.69"
"21,30 : 34.37"
"21,31 : 91.71"
"21,32 : 99.72"
"21,33 : 36.4"
"21,34 : 93.72"
"21,35 : 79.23"
"21,36 : 54.59"
"21,37 : 56.61"
"21,38 : 37.22"
"21,39 : 62.61"
"21,40 : 110.42"
"21,41 : 94.49"
"21,42 : 66.84"
"21,43 : 81.0"
"21,44 : 43.19"
"21,45 : 6.71"
"21,46 : 50.45"
"21,47 : 66.49"
"21,48 : 82.76"
"21,49 : 81.05"
"22,0 : 82.3"
"22,1 : 17.26"
"22,2 : 27.29"
"22,3 : 53.85"
"22,4 : 45.28"
"22,5 : 65.8"
"22,6 : 50.16"
"22,7 : 43.97"
"22,8 : 33.84"
"22,9 : 31.78"
"22,10 : 13.34"
"22,11 : 34.89"
"22,12 : 33.24"
"22,13 : 15.81"
"22,14 : 58.26"
"22,15 : 43.05"
"22,16 : 42.8"
"22,17 : 55.36"
"22,18 : 5.1"
"22,19 : 63.7"
"22,20 : 33.84"
"22,21 : 77.2"
"22,22 : 0.0"
"22,23 : 45.88"
"22,24 : 47.68"
"22,25 : 22.85"
"22,26 : 79.06"
"22,27 : 54.33"
"22,28 : 51.97"
"22,29 : 58.14"
"22,30 : 58.18"
"22,31 : 52.63"
"22,32 : 53.71"
"22,33 : 40.8"
"22,34 : 26.08"
"22,35 : 65.0"
"22,36 : 36.06"
"22,37 : 29.0"
"22,38 : 55.9"
"22,39 : 35.44"
"22,40 : 33.3"
"22,41 : 27.07"
"22,42 : 20.88"
"22,43 : 71.2"
"22,44 : 46.1"
"22,45 : 76.32"
"22,46 : 74.06"
"22,47 : 51.62"
"22,48 : 35.47"
"22,49 : 37.59"
"23,0 : 118.83"
"23,1 : 31.38"
"23,2 : 20.0"
"23,3 : 98.9"
"23,4 : 69.89"
"23,5 : 106.04"
"23,6 : 79.2"
"23,7 : 89.84"
"23,8 : 35.78"
"23,9 : 14.32"
"23,10 : 32.57"
"23,11 : 13.34"
"23,12 : 14.21"
"23,13 : 49.04"
"23,14 : 50.01"
"23,15 : 15.03"
"23,16 : 50.33"
"23,17 : 89.2"
"23,18 : 46.62"
"23,19 : 60.01"
"23,20 : 55.8"
"23,21 : 75.03"
"23,22 : 45.88"
"23,23 : 0.0"
"23,24 : 79.4"
"23,25 : 53.6"
"23,26 : 78.01"
"23,27 : 77.03"
"23,28 : 97.17"
"23,29 : 95.52"
"23,30 : 41.59"
"23,31 : 96.65"
"23,32 : 99.01"
"23,33 : 50.16"
"23,34 : 71.59"
"23,35 : 103.39"
"23,36 : 67.21"
"23,37 : 60.83"
"23,38 : 38.47"
"23,39 : 71.59"
"23,40 : 67.08"
"23,41 : 72.57"
"23,42 : 59.91"
"23,43 : 108.93"
"23,44 : 32.06"
"23,45 : 78.1"
"23,46 : 98.88"
"23,47 : 87.69"
"23,48 : 79.61"
"23,49 : 12.08"
"24,0 : 39.7"
"24,1 : 50.61"
"24,2 : 68.0"
"24,3 : 42.49"
"24,4 : 13.15"
"24,5 : 31.58"
"24,6 : 5.0"
"24,7 : 48.08"
"24,8 : 45.61"
"24,9 : 66.61"
"24,10 : 54.23"
"24,11 : 74.09"
"24,12 : 65.44"
"24,13 : 62.07"
"24,14 : 53.94"
"24,15 : 68.01"
"24,16 : 36.4"
"24,17 : 10.0"
"24,18 : 42.95"
"24,19 : 51.0"
"24,20 : 24.21"
"24,21 : 56.04"
"24,22 : 47.68"
"24,23 : 79.4"
"24,24 : 0.0"
"24,25 : 68.01"
"24,26 : 55.97"
"24,27 : 15.65"
"24,28 : 42.54"
"24,29 : 18.68"
"24,30 : 61.98"
"24,31 : 35.85"
"24,32 : 44.29"
"24,33 : 34.93"
"24,34 : 48.47"
"24,35 : 26.57"
"24,36 : 12.53"
"24,37 : 19.7"
"24,38 : 62.03"
"24,39 : 13.15"
"24,40 : 73.35"
"24,41 : 48.85"
"24,42 : 27.07"
"24,43 : 30.89"
"24,44 : 57.31"
"24,45 : 51.26"
"24,46 : 27.46"
"24,47 : 11.05"
"24,48 : 30.61"
"24,49 : 76.85"
"25,0 : 98.37"
"25,1 : 35.38"
"25,2 : 33.96"
"25,3 : 61.4"
"25,4 : 67.47"
"25,5 : 79.85"
"25,6 : 71.18"
"25,7 : 47.38"
"25,8 : 54.49"
"25,9 : 42.38"
"25,10 : 28.43"
"25,11 : 40.31"
"25,12 : 45.31"
"25,13 : 7.21"
"25,14 : 79.25"
"25,15 : 56.86"
"25,16 : 65.19"
"25,17 : 74.33"
"25,18 : 27.86"
"25,19 : 85.6"
"25,20 : 56.65"
"25,21 : 99.57"
"25,22 : 22.85"
"25,23 : 53.6"
"25,24 : 68.01"
"25,25 : 0.0"
"25,26 : 101.55"
"25,27 : 76.49"
"25,28 : 59.2"
"25,29 : 74.95"
"25,30 : 77.47"
"25,31 : 62.77"
"25,32 : 60.44"
"25,33 : 63.29"
"25,34 : 28.6"
"25,35 : 80.65"
"25,36 : 57.43"
"25,37 : 50.8"
"25,38 : 74.81"
"25,39 : 55.01"
"25,40 : 13.6"
"25,41 : 29.21"
"25,42 : 41.11"
"25,43 : 86.98"
"25,44 : 64.82"
"25,45 : 98.98"
"25,46 : 95.19"
"25,47 : 69.72"
"25,48 : 47.54"
"25,49 : 42.11"
"26,0 : 83.38"
"26,1 : 68.03"
"26,2 : 80.78"
"26,3 : 98.23"
"26,4 : 44.72"
"26,5 : 84.85"
"26,6 : 51.24"
"26,7 : 101.36"
"26,8 : 49.04"
"26,9 : 73.35"
"26,10 : 75.15"
"26,11 : 82.2"
"26,12 : 70.04"
"26,13 : 94.34"
"26,14 : 28.0"
"26,15 : 63.03"
"26,16 : 36.36"
"26,17 : 62.17"
"26,18 : 74.4"
"26,19 : 18.11"
"26,20 : 47.38"
"26,21 : 3.16"
"26,22 : 79.06"
"26,23 : 78.01"
"26,24 : 55.97"
"26,25 : 101.55"
"26,26 : 0.0"
"26,27 : 40.52"
"26,28 : 98.09"
"26,29 : 72.18"
"26,30 : 37.48"
"26,31 : 91.76"
"26,32 : 99.92"
"26,33 : 38.28"
"26,34 : 94.92"
"26,35 : 78.52"
"26,36 : 55.23"
"26,37 : 57.63"
"26,38 : 40.31"
"26,39 : 63.13"
"26,40 : 112.2"
"26,41 : 95.67"
"26,42 : 68.01"
"26,43 : 80.06"
"26,44 : 46.1"
"26,45 : 5.0"
"26,46 : 48.84"
"26,47 : 66.22"
"26,48 : 83.35"
"26,49 : 83.86"
"27,0 : 47.93"
"27,1 : 52.17"
"27,2 : 69.38"
"27,3 : 58.14"
"27,4 : 9.06"
"27,5 : 45.01"
"27,6 : 10.77"
"27,7 : 63.13"
"27,8 : 41.34"
"27,9 : 65.92"
"27,10 : 57.43"
"27,11 : 74.33"
"27,12 : 63.98"
"27,13 : 69.87"
"27,14 : 42.54"
"27,15 : 63.82"
"27,16 : 28.28"
"27,17 : 22.02"
"27,18 : 49.25"
"27,19 : 37.66"
"27,20 : 22.56"
"27,21 : 40.79"
"27,22 : 54.33"
"27,23 : 77.03"
"27,24 : 15.65"
"27,25 : 76.49"
"27,26 : 40.52"
"27,27 : 0.0"
"27,28 : 58.18"
"27,29 : 32.06"
"27,30 : 51.97"
"27,31 : 51.48"
"27,32 : 59.94"
"27,33 : 27.66"
"27,34 : 61.06"
"27,35 : 39.05"
"27,36 : 19.7"
"27,37 : 25.71"
"27,38 : 52.7"
"27,39 : 25.61"
"27,40 : 83.82"
"27,41 : 61.59"
"27,42 : 36.06"
"27,43 : 41.77"
"27,44 : 50.21"
"27,45 : 35.74"
"27,46 : 21.93"
"27,47 : 25.71"
"27,48 : 45.28"
"27,49 : 76.9"
"28,0 : 47.52"
"28,1 : 66.13"
"28,2 : 79.26"
"28,3 : 2.24"
"28,4 : 53.49"
"28,5 : 27.66"
"28,6 : 47.51"
"28,7 : 13.34"
"28,8 : 73.33"
"28,9 : 82.86"
"28,10 : 64.85"
"28,11 : 86.83"
"28,12 : 83.57"
"28,13 : 57.28"
"28,14 : 90.67"
"28,15 : 91.21"
"28,16 : 71.45"
"28,17 : 39.62"
"28,18 : 50.57"
"28,19 : 90.47"
"28,20 : 56.32"
"28,21 : 97.86"
"28,22 : 51.97"
"28,23 : 97.17"
"28,24 : 42.54"
"28,25 : 59.2"
"28,26 : 98.09"
"28,27 : 58.18"
"28,28 : 0.0"
"28,29 : 32.2"
"28,30 : 96.02"
"28,31 : 8.06"
"28,32 : 2.0"
"28,33 : 69.35"
"28,34 : 30.61"
"28,35 : 32.31"
"28,36 : 44.15"
"28,37 : 45.1"
"28,38 : 95.01"
"28,39 : 35.9"
"28,40 : 55.95"
"28,41 : 30.0"
"28,42 : 39.46"
"28,43 : 37.36"
"28,44 : 87.28"
"28,45 : 93.52"
"28,46 : 63.78"
"28,47 : 34.06"
"28,48 : 18.25"
"28,49 : 89.55"
"29,0 : 24.19"
"29,1 : 65.19"
"29,2 : 82.01"
"29,3 : 31.24"
"29,4 : 31.78"
"29,5 : 13.04"
"29,6 : 22.09"
"29,7 : 42.15"
"29,8 : 63.29"
"29,9 : 82.04"
"29,10 : 67.42"
"29,11 : 88.73"
"29,12 : 81.34"
"29,13 : 70.21"
"29,14 : 72.57"
"29,15 : 85.21"
"29,16 : 55.03"
"29,17 : 10.05"
"29,18 : 54.2"
"29,19 : 69.18"
"29,20 : 42.06"
"29,21 : 72.69"
"29,22 : 58.14"
"29,23 : 95.52"
"29,24 : 18.68"
"29,25 : 74.95"
"29,26 : 72.18"
"29,27 : 32.06"
"29,28 : 32.2"
"29,29 : 0.0"
"29,30 : 80.65"
"29,31 : 24.21"
"29,32 : 33.42"
"29,33 : 53.49"
"29,34 : 50.0"
"29,35 : 8.06"
"29,36 : 28.84"
"29,37 : 34.71"
"29,38 : 80.65"
"29,39 : 24.08"
"29,40 : 77.1"
"29,41 : 50.01"
"29,42 : 37.74"
"29,43 : 13.45"
"29,44 : 75.58"
"29,45 : 67.27"
"29,46 : 31.83"
"29,47 : 8.06"
"29,48 : 29.02"
"29,49 : 91.55"
"30,0 : 99.73"
"30,1 : 42.2"
"30,2 : 49.09"
"30,3 : 97.0"
"30,4 : 49.04"
"30,5 : 93.41"
"30,6 : 59.24"
"30,7 : 94.2"
"30,8 : 24.7"
"30,9 : 40.31"
"30,10 : 49.04"
"30,11 : 48.33"
"30,12 : 36.72"
"30,13 : 70.6"
"30,14 : 10.82"
"30,15 : 27.2"
"30,16 : 25.71"
"30,17 : 71.51"
"30,18 : 55.04"
"30,19 : 20.62"
"30,20 : 40.2"
"30,21 : 34.37"
"30,22 : 58.18"
"30,23 : 41.59"
"30,24 : 61.98"
"30,25 : 77.47"
"30,26 : 37.48"
"30,27 : 51.97"
"30,28 : 96.02"
"30,29 : 80.65"
"30,30 : 0.0"
"30,31 : 92.14"
"30,32 : 98.02"
"30,33 : 27.46"
"30,34 : 81.27"
"30,35 : 88.54"
"30,36 : 53.6"
"30,37 : 51.01"
"30,38 : 3.16"
"30,39 : 61.29"
"30,40 : 90.21"
"30,41 : 82.22"
"30,42 : 57.56"
"30,43 : 92.48"
"30,44 : 12.73"
"30,45 : 38.6"
"30,46 : 70.94"
"30,47 : 72.8"
"30,48 : 78.16"
"30,49 : 49.4"
"31,0 : 40.11"
"31,1 : 65.3"
"31,2 : 79.63"
"31,3 : 7.07"
"31,4 : 47.54"
"31,5 : 20.1"
"31,6 : 40.72"
"31,7 : 20.02"
"31,8 : 70.41"
"31,9 : 82.37"
"31,10 : 64.9"
"31,11 : 87.09"
"31,12 : 82.73"
"31,13 : 60.0"
"31,14 : 86.09"
"31,15 : 89.54"
"31,16 : 67.01"
"31,17 : 32.02"
"31,18 : 50.48"
"31,19 : 85.16"
"31,20 : 52.01"
"31,21 : 91.71"
"31,22 : 52.63"
"31,23 : 96.65"
"31,24 : 35.85"
"31,25 : 62.77"
"31,26 : 91.76"
"31,27 : 51.48"
"31,28 : 8.06"
"31,29 : 24.21"
"31,30 : 92.14"
"31,31 : 0.0"
"31,32 : 9.22"
"31,33 : 65.0"
"31,34 : 34.44"
"31,35 : 24.35"
"31,36 : 39.12"
"31,37 : 41.19"
"31,38 : 91.35"
"31,39 : 31.02"
"31,40 : 61.03"
"31,41 : 34.01"
"31,42 : 37.34"
"31,43 : 29.61"
"31,44 : 84.17"
"31,45 : 87.09"
"31,46 : 55.9"
"31,47 : 26.63"
"31,48 : 17.2"
"31,49 : 89.87"
"32,0 : 47.85"
"32,1 : 68.01"
"32,2 : 81.01"
"32,3 : 2.24"
"32,4 : 55.36"
"32,5 : 28.16"
"32,6 : 49.24"
"32,7 : 13.93"
"32,8 : 75.33"
"32,9 : 84.69"
"32,10 : 66.64"
"32,11 : 88.59"
"32,12 : 85.44"
"32,13 : 58.69"
"32,14 : 92.66"
"32,15 : 93.15"
"32,16 : 73.44"
"32,17 : 41.11"
"32,18 : 52.39"
"32,19 : 92.42"
"32,20 : 58.31"
"32,21 : 99.72"
"32,22 : 53.71"
"32,23 : 99.01"
"32,24 : 44.29"
"32,25 : 60.44"
"32,26 : 99.92"
"32,27 : 59.94"
"32,28 : 2.0"
"32,29 : 33.42"
"32,30 : 98.02"
"32,31 : 9.22"
"32,32 : 0.0"
"32,33 : 71.34"
"32,34 : 31.89"
"32,35 : 33.11"
"32,36 : 46.1"
"32,37 : 47.1"
"32,38 : 97.01"
"32,39 : 37.85"
"32,40 : 56.8"
"32,41 : 31.24"
"32,42 : 41.44"
"32,43 : 37.95"
"32,44 : 89.27"
"32,45 : 95.34"
"32,46 : 65.12"
"32,47 : 35.61"
"32,48 : 20.22"
"32,49 : 91.3"
"33,0 : 73.78"
"33,1 : 30.81"
"33,2 : 46.0"
"33,3 : 70.18"
"33,4 : 22.47"
"33,5 : 66.1"
"33,6 : 32.76"
"33,7 : 68.96"
"33,8 : 14.56"
"33,9 : 40.61"
"33,10 : 37.64"
"33,11 : 49.5"
"33,12 : 38.08"
"33,13 : 56.08"
"33,14 : 21.38"
"33,15 : 36.36"
"33,16 : 2.24"
"33,17 : 44.72"
"33,18 : 36.24"
"33,19 : 23.6"
"33,20 : 13.04"
"33,21 : 36.4"
"33,22 : 40.8"
"33,23 : 50.16"
"33,24 : 34.93"
"33,25 : 63.29"
"33,26 : 38.28"
"33,27 : 27.66"
"33,28 : 69.35"
"33,29 : 53.49"
"33,30 : 27.46"
"33,31 : 65.0"
"33,32 : 71.34"
"33,33 : 0.0"
"33,34 : 58.83"
"33,35 : 61.47"
"33,36 : 26.17"
"33,37 : 24.33"
"33,38 : 27.2"
"33,39 : 34.01"
"33,40 : 74.03"
"33,41 : 59.68"
"33,42 : 32.7"
"33,43 : 65.74"
"33,44 : 22.8"
"33,45 : 35.78"
"33,46 : 49.09"
"33,47 : 45.54"
"33,48 : 51.97"
"33,49 : 51.79"
"34,0 : 72.01"
"34,1 : 43.01"
"34,2 : 52.2"
"34,3 : 32.8"
"34,4 : 53.01"
"34,5 : 52.63"
"34,6 : 52.8"
"34,7 : 19.42"
"34,8 : 56.61"
"34,9 : 57.71"
"34,10 : 39.32"
"34,11 : 59.77"
"34,12 : 59.3"
"34,13 : 27.02"
"34,14 : 79.16"
"34,15 : 69.0"
"34,16 : 61.06"
"34,17 : 51.97"
"34,18 : 27.17"
"34,19 : 82.38"
"34,20 : 47.63"
"34,21 : 93.72"
"34,22 : 26.08"
"34,23 : 71.59"
"34,24 : 48.47"
"34,25 : 28.6"
"34,26 : 94.92"
"34,27 : 61.06"
"34,28 : 30.61"
"34,29 : 50.0"
"34,30 : 81.27"
"34,31 : 34.44"
"34,32 : 31.89"
"34,33 : 58.83"
"34,34 : 0.0"
"34,35 : 54.45"
"34,36 : 41.62"
"34,37 : 37.48"
"34,38 : 79.4"
"34,39 : 35.78"
"34,40 : 27.29"
"34,41 : 1.0"
"34,42 : 26.91"
"34,43 : 60.67"
"34,44 : 70.09"
"34,45 : 91.24"
"34,46 : 75.58"
"34,47 : 46.53"
"34,48 : 21.02"
"34,49 : 62.3"
"35,0 : 17.72"
"35,1 : 72.86"
"35,2 : 89.5"
"35,3 : 30.87"
"35,4 : 39.56"
"35,5 : 6.71"
"35,6 : 29.61"
"35,7 : 43.93"
"35,8 : 71.34"
"35,9 : 89.81"
"35,10 : 74.81"
"35,11 : 96.33"
"35,12 : 89.2"
"35,13 : 76.32"
"35,14 : 80.28"
"35,15 : 93.23"
"35,16 : 62.97"
"35,17 : 17.26"
"35,18 : 61.29"
"35,19 : 76.53"
"35,20 : 50.12"
"35,21 : 79.23"
"35,22 : 65.0"
"35,23 : 103.39"
"35,24 : 26.57"
"35,25 : 80.65"
"35,26 : 78.52"
"35,27 : 39.05"
"35,28 : 32.31"
"35,29 : 8.06"
"35,30 : 88.54"
"35,31 : 24.35"
"35,32 : 33.11"
"35,33 : 61.47"
"35,34 : 54.45"
"35,35 : 0.0"
"35,36 : 36.89"
"35,37 : 42.64"
"35,38 : 88.6"
"35,39 : 31.83"
"35,40 : 81.74"
"35,41 : 54.33"
"35,42 : 45.0"
"35,43 : 6.32"
"35,44 : 83.63"
"35,45 : 73.55"
"35,46 : 34.99"
"35,47 : 16.12"
"35,48 : 33.54"
"35,49 : 99.16"
"36,0 : 51.62"
"36,1 : 38.08"
"36,2 : 55.47"
"36,3 : 44.72"
"36,4 : 11.4"
"36,5 : 40.72"
"36,6 : 14.14"
"36,7 : 46.14"
"36,8 : 34.48"
"36,9 : 54.2"
"36,10 : 41.79"
"36,11 : 61.59"
"36,12 : 53.15"
"36,13 : 51.09"
"36,14 : 47.01"
"36,15 : 56.4"
"36,16 : 28.07"
"36,17 : 22.02"
"36,18 : 31.14"
"36,19 : 46.32"
"36,20 : 13.6"
"36,21 : 54.59"
"36,22 : 36.06"
"36,23 : 67.21"
"36,24 : 12.53"
"36,25 : 57.43"
"36,26 : 55.23"
"36,27 : 19.7"
"36,28 : 44.15"
"36,29 : 28.84"
"36,30 : 53.6"
"36,31 : 39.12"
"36,32 : 46.1"
"36,33 : 26.17"
"36,34 : 41.62"
"36,35 : 36.89"
"36,36 : 0.0"
"36,37 : 7.28"
"36,38 : 53.15"
"36,39 : 8.25"
"36,40 : 64.2"
"36,41 : 42.2"
"36,42 : 16.49"
"36,43 : 42.01"
"36,44 : 47.17"
"36,45 : 51.04"
"36,46 : 38.01"
"36,47 : 20.81"
"36,48 : 28.18"
"36,49 : 64.35"
"37,0 : 58.14"
"37,1 : 31.06"
"37,2 : 48.37"
"37,3 : 46.01"
"37,4 : 16.76"
"37,5 : 45.79"
"37,6 : 21.38"
"37,7 : 44.94"
"37,8 : 29.73"
"37,9 : 47.51"
"37,10 : 34.54"
"37,11 : 54.64"
"37,12 : 46.67"
"37,13 : 44.28"
"37,14 : 45.71"
"37,15 : 50.77"
"37,16 : 26.48"
"37,17 : 28.84"
"37,18 : 24.02"
"37,19 : 46.62"
"37,20 : 11.4"
"37,21 : 56.61"
"37,22 : 29.0"
"37,23 : 60.83"
"37,24 : 19.7"
"37,25 : 50.8"
"37,26 : 57.63"
"37,27 : 25.71"
"37,28 : 45.1"
"37,29 : 34.71"
"37,30 : 51.01"
"37,31 : 41.19"
"37,32 : 47.1"
"37,33 : 24.33"
"37,34 : 37.48"
"37,35 : 42.64"
"37,36 : 7.28"
"37,37 : 0.0"
"37,38 : 50.16"
"37,39 : 11.18"
"37,40 : 58.31"
"37,41 : 38.18"
"37,42 : 10.82"
"37,43 : 48.1"
"37,44 : 43.17"
"37,45 : 53.81"
"37,46 : 45.1"
"37,47 : 26.87"
"37,48 : 27.66"
"37,49 : 57.43"
"38,0 : 100.24"
"38,1 : 39.66"
"38,2 : 46.04"
"38,3 : 96.05"
"38,4 : 49.24"
"38,5 : 93.3"
"38,6 : 59.51"
"38,7 : 92.78"
"38,8 : 22.8"
"38,9 : 37.22"
"38,10 : 46.4"
"38,11 : 45.19"
"38,12 : 33.62"
"38,13 : 68.01"
"38,14 : 13.0"
"38,15 : 24.04"
"38,16 : 25.63"
"38,17 : 71.69"
"38,18 : 52.92"
"38,19 : 23.09"
"38,20 : 39.62"
"38,21 : 37.22"
"38,22 : 55.9"
"38,23 : 38.47"
"38,24 : 62.03"
"38,25 : 74.81"
"38,26 : 40.31"
"38,27 : 52.7"
"38,28 : 95.01"
"38,29 : 80.65"
"38,30 : 3.16"
"38,31 : 91.35"
"38,32 : 97.01"
"38,33 : 27.2"
"38,34 : 79.4"
"38,35 : 88.6"
"38,36 : 53.15"
"38,37 : 50.16"
"38,38 : 0.0"
"38,39 : 60.67"
"38,40 : 87.66"
"38,41 : 80.36"
"38,42 : 56.22"
"38,43 : 92.7"
"38,44 : 10.0"
"38,45 : 41.23"
"38,46 : 72.18"
"38,47 : 72.73"
"38,48 : 77.03"
"38,49 : 46.24"
"39,0 : 48.01"
"39,1 : 41.11"
"39,2 : 58.01"
"39,3 : 36.5"
"39,4 : 18.6"
"39,5 : 34.67"
"39,6 : 17.09"
"39,7 : 38.28"
"39,8 : 40.85"
"39,9 : 57.98"
"39,10 : 43.57"
"39,11 : 64.66"
"39,12 : 57.38"
"39,13 : 49.25"
"39,14 : 55.08"
"39,15 : 61.91"
"39,16 : 36.0"
"39,17 : 19.92"
"39,18 : 31.02"
"39,19 : 54.57"
"39,20 : 21.1"
"39,21 : 62.61"
"39,22 : 35.44"
"39,23 : 71.59"
"39,24 : 13.15"
"39,25 : 55.01"
"39,26 : 63.13"
"39,27 : 25.61"
"39,28 : 35.9"
"39,29 : 24.08"
"39,30 : 61.29"
"39,31 : 31.02"
"39,32 : 37.85"
"39,33 : 34.01"
"39,34 : 35.78"
"39,35 : 31.83"
"39,36 : 8.25"
"39,37 : 11.18"
"39,38 : 60.67"
"39,39 : 0.0"
"39,40 : 60.21"
"39,41 : 36.24"
"39,42 : 14.56"
"39,43 : 37.54"
"39,44 : 54.12"
"39,45 : 58.83"
"39,46 : 40.61"
"39,47 : 16.64"
"39,48 : 20.25"
"39,49 : 67.48"
"40,0 : 99.3"
"40,1 : 48.01"
"40,2 : 47.54"
"40,3 : 58.18"
"40,4 : 75.03"
"40,5 : 79.83"
"40,6 : 77.13"
"40,7 : 42.94"
"40,8 : 66.6"
"40,9 : 55.97"
"40,10 : 41.34"
"40,11 : 53.76"
"40,12 : 58.87"
"40,13 : 19.72"
"40,14 : 91.29"
"40,15 : 70.38"
"40,16 : 76.06"
"40,17 : 78.23"
"40,18 : 37.8"
"40,19 : 97.0"
"40,20 : 65.86"
"40,21 : 110.42"
"40,22 : 33.3"
"40,23 : 67.08"
"40,24 : 73.35"
"40,25 : 13.6"
"40,26 : 112.2"
"40,27 : 83.82"
"40,28 : 55.95"
"40,29 : 77.1"
"40,30 : 90.21"
"40,31 : 61.03"
"40,32 : 56.8"
"40,33 : 74.03"
"40,34 : 27.29"
"40,35 : 81.74"
"40,36 : 64.2"
"40,37 : 58.31"
"40,38 : 87.66"
"40,39 : 60.21"
"40,40 : 0.0"
"40,41 : 27.46"
"40,42 : 47.76"
"40,43 : 87.97"
"40,44 : 77.67"
"40,45 : 109.29"
"40,46 : 100.81"
"40,47 : 73.06"
"40,48 : 48.26"
"40,49 : 55.44"
"41,0 : 71.85"
"41,1 : 44.01"
"41,2 : 53.16"
"41,3 : 32.2"
"41,4 : 53.6"
"41,5 : 52.39"
"41,6 : 53.23"
"41,7 : 18.6"
"41,8 : 57.57"
"41,9 : 58.69"
"41,10 : 40.31"
"41,11 : 60.73"
"41,12 : 60.3"
"41,13 : 27.8"
"41,14 : 80.06"
"41,15 : 70.0"
"41,16 : 61.91"
"41,17 : 52.17"
"41,18 : 28.16"
"41,19 : 83.22"
"41,20 : 48.41"
"41,21 : 94.49"
"41,22 : 27.07"
"41,23 : 72.57"
"41,24 : 48.85"
"41,25 : 29.21"
"41,26 : 95.67"
"41,27 : 61.59"
"41,28 : 30.0"
"41,29 : 50.01"
"41,30 : 82.22"
"41,31 : 34.01"
"41,32 : 31.24"
"41,33 : 59.68"
"41,34 : 1.0"
"41,35 : 54.33"
"41,36 : 42.2"
"41,37 : 38.18"
"41,38 : 80.36"
"41,39 : 36.24"
"41,40 : 27.46"
"41,41 : 0.0"
"41,42 : 27.66"
"41,43 : 60.53"
"41,44 : 71.06"
"41,45 : 91.97"
"41,46 : 75.89"
"41,47 : 46.69"
"41,48 : 21.0"
"41,49 : 63.25"
"42,0 : 61.91"
"42,1 : 28.6"
"42,2 : 44.6"
"42,3 : 40.79"
"42,4 : 27.31"
"42,5 : 46.67"
"42,6 : 30.07"
"42,7 : 36.67"
"42,8 : 34.01"
"42,9 : 45.8"
"42,10 : 29.83"
"42,11 : 51.62"
"42,12 : 45.79"
"42,13 : 35.01"
"42,14 : 53.76"
"42,15 : 52.2"
"42,16 : 34.93"
"42,17 : 34.48"
"42,18 : 16.55"
"42,19 : 55.95"
"42,20 : 20.81"
"42,21 : 66.84"
"42,22 : 20.88"
"42,23 : 59.91"
"42,24 : 27.07"
"42,25 : 41.11"
"42,26 : 68.01"
"42,27 : 36.06"
"42,28 : 39.46"
"42,29 : 37.74"
"42,30 : 57.56"
"42,31 : 37.34"
"42,32 : 41.44"
"42,33 : 32.7"
"42,34 : 26.91"
"42,35 : 45.0"
"42,36 : 16.49"
"42,37 : 10.82"
"42,38 : 56.22"
"42,39 : 14.56"
"42,40 : 47.76"
"42,41 : 27.66"
"42,42 : 0.0"
"42,43 : 51.04"
"42,44 : 48.01"
"42,45 : 64.35"
"42,46 : 54.08"
"42,47 : 30.87"
"42,48 : 21.21"
"42,49 : 54.45"
"43,0 : 11.4"
"43,1 : 78.64"
"43,2 : 95.43"
"43,3 : 35.74"
"43,4 : 43.46"
"43,5 : 9.85"
"43,6 : 33.24"
"43,7 : 49.5"
"43,8 : 76.28"
"43,9 : 95.48"
"43,10 : 80.8"
"43,11 : 102.18"
"43,12 : 94.76"
"43,13 : 82.64"
"43,14 : 83.82"
"43,15 : 98.41"
"43,16 : 67.12"
"43,17 : 21.02"
"43,18 : 67.42"
"43,19 : 79.43"
"43,20 : 54.92"
"43,21 : 81.0"
"43,22 : 71.2"
"43,23 : 108.93"
"43,24 : 30.89"
"43,25 : 86.98"
"43,26 : 80.06"
"43,27 : 41.77"
"43,28 : 37.36"
"43,29 : 13.45"
"43,30 : 92.48"
"43,31 : 29.61"
"43,32 : 37.95"
"43,33 : 65.74"
"43,34 : 60.67"
"43,35 : 6.32"
"43,36 : 42.01"
"43,37 : 48.1"
"43,38 : 92.7"
"43,39 : 37.54"
"43,40 : 87.97"
"43,41 : 60.53"
"43,42 : 51.04"
"43,43 : 0.0"
"43,44 : 88.19"
"43,45 : 75.06"
"43,46 : 34.18"
"43,47 : 21.26"
"43,48 : 39.81"
"43,49 : 105.0"
"44,0 : 96.52"
"44,1 : 29.68"
"44,2 : 36.72"
"44,3 : 88.46"
"44,4 : 45.22"
"44,5 : 87.85"
"44,6 : 55.47"
"44,7 : 84.21"
"44,8 : 14.0"
"44,9 : 28.23"
"44,10 : 36.4"
"44,11 : 36.69"
"44,12 : 24.7"
"44,13 : 58.01"
"44,14 : 18.25"
"44,15 : 17.03"
"44,16 : 21.93"
"44,17 : 67.23"
"44,18 : 43.32"
"44,19 : 28.02"
"44,20 : 33.62"
"44,21 : 43.19"
"44,22 : 46.1"
"44,23 : 32.06"
"44,24 : 57.31"
"44,25 : 64.82"
"44,26 : 46.1"
"44,27 : 50.21"
"44,28 : 87.28"
"44,29 : 75.58"
"44,30 : 12.73"
"44,31 : 84.17"
"44,32 : 89.27"
"44,33 : 22.8"
"44,34 : 70.09"
"44,35 : 83.63"
"44,36 : 47.17"
"44,37 : 43.17"
"44,38 : 10.0"
"44,39 : 54.12"
"44,40 : 77.67"
"44,41 : 71.06"
"44,42 : 48.01"
"44,43 : 88.19"
"44,44 : 0.0"
"44,45 : 46.04"
"44,46 : 71.06"
"44,47 : 67.54"
"44,48 : 69.12"
"44,49 : 38.08"
"45,0 : 78.41"
"45,1 : 66.13"
"45,2 : 79.62"
"45,3 : 93.62"
"45,4 : 40.31"
"45,5 : 79.91"
"45,6 : 46.49"
"45,7 : 97.1"
"45,8 : 47.54"
"45,9 : 72.56"
"45,10 : 73.16"
"45,11 : 81.5"
"45,12 : 69.35"
"45,13 : 91.79"
"45,14 : 28.44"
"45,15 : 63.07"
"45,16 : 34.01"
"45,17 : 57.27"
"45,18 : 71.56"
"45,19 : 18.25"
"45,20 : 43.93"
"45,21 : 6.71"
"45,22 : 76.32"
"45,23 : 78.1"
"45,24 : 51.26"
"45,25 : 98.98"
"45,26 : 5.0"
"45,27 : 35.74"
"45,28 : 93.52"
"45,29 : 67.27"
"45,30 : 38.6"
"45,31 : 87.09"
"45,32 : 95.34"
"45,33 : 35.78"
"45,34 : 91.24"
"45,35 : 73.55"
"45,36 : 51.04"
"45,37 : 53.81"
"45,38 : 41.23"
"45,39 : 58.83"
"45,40 : 109.29"
"45,41 : 91.97"
"45,42 : 64.35"
"45,43 : 75.06"
"45,44 : 46.04"
"45,45 : 0.0"
"45,46 : 43.93"
"45,47 : 61.4"
"45,48 : 79.08"
"45,49 : 83.29"
"46,0 : 35.01"
"46,1 : 73.76"
"46,2 : 91.09"
"46,3 : 62.97"
"46,4 : 30.08"
"46,5 : 41.68"
"46,6 : 24.02"
"46,7 : 72.4"
"46,8 : 63.13"
"46,9 : 87.85"
"46,10 : 78.64"
"46,11 : 96.21"
"46,12 : 85.91"
"46,13 : 89.02"
"46,14 : 60.61"
"46,15 : 85.44"
"46,16 : 49.41"
"46,17 : 24.7"
"46,18 : 69.12"
"46,19 : 53.34"
"46,20 : 44.27"
"46,21 : 50.45"
"46,22 : 74.06"
"46,23 : 98.88"
"46,24 : 27.46"
"46,25 : 95.19"
"46,26 : 48.84"
"46,27 : 21.93"
"46,28 : 63.78"
"46,29 : 31.83"
"46,30 : 70.94"
"46,31 : 55.9"
"46,32 : 65.12"
"46,33 : 49.09"
"46,34 : 75.58"
"46,35 : 34.99"
"46,36 : 38.01"
"46,37 : 45.1"
"46,38 : 72.18"
"46,39 : 40.61"
"46,40 : 100.81"
"46,41 : 75.89"
"46,42 : 54.08"
"46,43 : 34.18"
"46,44 : 71.06"
"46,45 : 43.93"
"46,46 : 0.0"
"46,47 : 30.53"
"46,48 : 56.36"
"46,49 : 98.79"
"47,0 : 31.4"
"47,1 : 57.63"
"47,2 : 74.63"
"47,3 : 33.6"
"47,4 : 24.19"
"47,5 : 20.62"
"47,6 : 15.13"
"47,7 : 41.88"
"47,8 : 55.23"
"47,9 : 74.33"
"47,10 : 60.21"
"47,11 : 81.22"
"47,12 : 73.54"
"47,13 : 64.54"
"47,14 : 64.94"
"47,15 : 77.2"
"47,16 : 47.13"
"47,17 : 5.83"
"47,18 : 47.42"
"47,19 : 62.01"
"47,20 : 34.0"
"47,21 : 66.49"
"47,22 : 51.62"
"47,23 : 87.69"
"47,24 : 11.05"
"47,25 : 69.72"
"47,26 : 66.22"
"47,27 : 25.71"
"47,28 : 34.06"
"47,29 : 8.06"
"47,30 : 72.8"
"47,31 : 26.63"
"47,32 : 35.61"
"47,33 : 45.54"
"47,34 : 46.53"
"47,35 : 16.12"
"47,36 : 20.81"
"47,37 : 26.87"
"47,38 : 72.73"
"47,39 : 16.64"
"47,40 : 73.06"
"47,41 : 46.69"
"47,42 : 30.87"
"47,43 : 21.26"
"47,44 : 67.54"
"47,45 : 61.4"
"47,46 : 30.53"
"47,47 : 0.0"
"47,48 : 26.25"
"47,49 : 84.02"
"48,0 : 51.2"
"48,1 : 48.33"
"48,2 : 62.43"
"48,3 : 19.65"
"48,4 : 38.83"
"48,5 : 32.31"
"48,6 : 35.47"
"48,7 : 18.03"
"48,8 : 55.15"
"48,9 : 65.3"
"48,10 : 47.71"
"48,11 : 69.89"
"48,12 : 65.8"
"48,13 : 43.91"
"48,14 : 73.35"
"48,15 : 73.08"
"48,16 : 54.13"
"48,17 : 31.95"
"48,18 : 33.29"
"48,19 : 74.0"
"48,20 : 39.05"
"48,21 : 82.76"
"48,22 : 35.47"
"48,23 : 79.61"
"48,24 : 30.61"
"48,25 : 47.54"
"48,26 : 83.35"
"48,27 : 45.28"
"48,28 : 18.25"
"48,29 : 29.02"
"48,30 : 78.16"
"48,31 : 17.2"
"48,32 : 20.22"
"48,33 : 51.97"
"48,34 : 21.02"
"48,35 : 33.54"
"48,36 : 28.18"
"48,37 : 27.66"
"48,38 : 77.03"
"48,39 : 20.25"
"48,40 : 48.26"
"48,41 : 21.0"
"48,42 : 21.21"
"48,43 : 39.81"
"48,44 : 69.12"
"48,45 : 79.08"
"48,46 : 56.36"
"48,47 : 26.25"
"48,48 : 0.0"
"48,49 : 72.67"
"49,0 : 115.42"
"49,1 : 26.4"
"49,2 : 10.3"
"49,3 : 91.42"
"49,4 : 68.94"
"49,5 : 101.12"
"49,6 : 77.41"
"49,7 : 81.15"
"49,8 : 37.34"
"49,9 : 11.18"
"49,10 : 25.0"
"49,11 : 2.83"
"49,12 : 14.0"
"49,13 : 38.12"
"49,14 : 56.29"
"49,15 : 22.36"
"49,16 : 52.47"
"49,17 : 86.27"
"49,18 : 39.41"
"49,19 : 65.76"
"49,20 : 54.63"
"49,21 : 81.05"
"49,22 : 37.59"
"49,23 : 12.08"
"49,24 : 76.85"
"49,25 : 42.11"
"49,26 : 83.86"
"49,27 : 76.9"
"49,28 : 89.55"
"49,29 : 91.55"
"49,30 : 49.4"
"49,31 : 89.87"
"49,32 : 91.3"
"49,33 : 51.79"
"49,34 : 62.3"
"49,35 : 99.16"
"49,36 : 64.35"
"49,37 : 57.43"
"49,38 : 46.24"
"49,39 : 67.48"
"49,40 : 55.44"
"49,41 : 63.25"
"49,42 : 54.45"
"49,43 : 105.0"
"49,44 : 38.08"
"49,45 : 83.29"
"49,46 : 98.79"
"49,47 : 84.02"
"49,48 : 72.67"
"49,49 : 0.0"
