x,y
59,38
23,64
80,77
73,76
69,6
50,23
4,54
12,65
39,59
17,86
99,63
47,14
0,5
48,23
24,69
27,5
49,44
57,70
14,30
67,49
63,71
52,98
46,54
7,59
26,11
90,21
90,64
1,47
99,45
99,46
36,32
99,85
23,95
6,39
76,2
76,1
81,1
29,81
50,88
87,88
19,42
70,66
76,92
85,57
79,38
19,46
89,20
45,64
80,33
84,31

Distanze
"0,0 : 0.0"
"0,1 : 44.41"
"0,2 : 44.29"
"0,3 : 40.5"
"0,4 : 33.53"
"0,5 : 17.49"
"0,6 : 57.28"
"0,7 : 54.2"
"0,8 : 29.0"
"0,9 : 63.78"
"0,10 : 47.17"
"0,11 : 26.83"
"0,12 : 67.6"
"0,13 : 18.6"
"0,14 : 46.75"
"0,15 : 45.97"
"0,16 : 11.66"
"0,17 : 32.06"
"0,18 : 45.71"
"0,19 : 13.6"
"0,20 : 33.24"
"0,21 : 60.41"
"0,22 : 20.62"
"0,23 : 56.08"
"0,24 : 42.64"
"0,25 : 35.36"
"0,26 : 40.46"
"0,27 : 58.69"
"0,28 : 40.61"
"0,29 : 40.79"
"0,30 : 23.77"
"0,31 : 61.72"
"0,32 : 67.42"
"0,33 : 53.01"
"0,34 : 39.81"
"0,35 : 40.72"
"0,36 : 43.05"
"0,37 : 52.43"
"0,38 : 50.8"
"0,39 : 57.31"
"0,40 : 40.2"
"0,41 : 30.08"
"0,42 : 56.61"
"0,43 : 32.2"
"0,44 : 20.0"
"0,45 : 40.79"
"0,46 : 34.99"
"0,47 : 29.53"
"0,48 : 21.59"
"0,49 : 25.96"
"1,0 : 44.41"
"1,1 : 0.0"
"1,2 : 58.46"
"1,3 : 51.42"
"1,4 : 74.03"
"1,5 : 49.09"
"1,6 : 21.47"
"1,7 : 11.05"
"1,8 : 16.76"
"1,9 : 22.8"
"1,10 : 76.01"
"1,11 : 55.46"
"1,12 : 63.32"
"1,13 : 48.02"
"1,14 : 5.1"
"1,15 : 59.14"
"1,16 : 32.8"
"1,17 : 34.53"
"1,18 : 35.17"
"1,19 : 46.49"
"1,20 : 40.61"
"1,21 : 44.69"
"1,22 : 25.08"
"1,23 : 16.76"
"1,24 : 53.08"
"1,25 : 79.61"
"1,26 : 67.0"
"1,27 : 27.8"
"1,28 : 78.34"
"1,29 : 78.1"
"1,30 : 34.54"
"1,31 : 78.85"
"1,32 : 31.0"
"1,33 : 30.23"
"1,34 : 81.57"
"1,35 : 82.33"
"1,36 : 85.63"
"1,37 : 18.03"
"1,38 : 36.12"
"1,39 : 68.35"
"1,40 : 22.36"
"1,41 : 47.04"
"1,42 : 59.94"
"1,43 : 62.39"
"1,44 : 61.74"
"1,45 : 18.44"
"1,46 : 79.32"
"1,47 : 22.0"
"1,48 : 64.88"
"1,49 : 69.35"
"2,0 : 44.29"
"2,1 : 58.46"
"2,2 : 0.0"
"2,3 : 7.07"
"2,4 : 71.85"
"2,5 : 61.77"
"2,6 : 79.4"
"2,7 : 69.05"
"2,8 : 44.78"
"2,9 : 63.64"
"2,10 : 23.6"
"2,11 : 71.12"
"2,12 : 107.63"
"2,13 : 62.77"
"2,14 : 56.57"
"2,15 : 89.4"
"2,16 : 45.28"
"2,17 : 24.04"
"2,18 : 81.02"
"2,19 : 30.87"
"2,20 : 18.03"
"2,21 : 35.0"
"2,22 : 41.05"
"2,23 : 75.19"
"2,24 : 85.28"
"2,25 : 56.89"
"2,26 : 16.4"
"2,27 : 84.5"
"2,28 : 37.22"
"2,29 : 36.36"
"2,30 : 62.94"
"2,31 : 20.62"
"2,32 : 59.77"
"2,33 : 83.19"
"2,34 : 75.11"
"2,35 : 76.11"
"2,36 : 76.01"
"2,37 : 51.16"
"2,38 : 31.95"
"2,39 : 13.04"
"2,40 : 70.33"
"2,41 : 14.87"
"2,42 : 15.52"
"2,43 : 20.62"
"2,44 : 39.01"
"2,45 : 68.43"
"2,46 : 57.71"
"2,47 : 37.34"
"2,48 : 44.0"
"2,49 : 46.17"
"3,0 : 40.5"
"3,1 : 51.42"
"3,2 : 7.07"
"3,3 : 0.0"
"3,4 : 70.11"
"3,5 : 57.78"
"3,6 : 72.42"
"3,7 : 61.98"
"3,8 : 38.01"
"3,9 : 56.89"
"3,10 : 29.07"
"3,11 : 67.23"
"3,12 : 101.83"
"3,13 : 58.6"
"3,14 : 49.5"
"3,15 : 84.6"
"3,16 : 40.0"
"3,17 : 17.09"
"3,18 : 74.81"
"3,19 : 27.66"
"3,20 : 11.18"
"3,21 : 30.41"
"3,22 : 34.83"
"3,23 : 68.15"
"3,24 : 80.21"
"3,25 : 57.57"
"3,26 : 20.81"
"3,27 : 77.62"
"3,28 : 40.46"
"3,29 : 39.7"
"3,30 : 57.49"
"3,31 : 27.51"
"3,32 : 53.49"
"3,33 : 76.54"
"3,34 : 74.06"
"3,35 : 75.06"
"3,36 : 75.43"
"3,37 : 44.28"
"3,38 : 25.94"
"3,39 : 18.44"
"3,40 : 63.81"
"3,41 : 10.44"
"3,42 : 16.28"
"3,43 : 22.47"
"3,44 : 38.47"
"3,45 : 61.77"
"3,46 : 58.24"
"3,47 : 30.46"
"3,48 : 43.57"
"3,49 : 46.32"
"4,0 : 33.53"
"4,1 : 74.03"
"4,2 : 71.85"
"4,3 : 70.11"
"4,4 : 0.0"
"4,5 : 25.5"
"4,6 : 80.8"
"4,7 : 82.04"
"4,8 : 60.9"
"4,9 : 95.41"
"4,10 : 64.41"
"4,11 : 23.41"
"4,12 : 69.01"
"4,13 : 27.02"
"4,14 : 77.42"
"4,15 : 42.01"
"4,16 : 42.94"
"4,17 : 65.12"
"4,18 : 60.01"
"4,19 : 43.05"
"4,20 : 65.28"
"4,21 : 93.56"
"4,22 : 53.23"
"4,23 : 81.57"
"4,24 : 43.29"
"4,25 : 25.81"
"4,26 : 61.68"
"4,27 : 79.4"
"4,28 : 49.2"
"4,29 : 50.0"
"4,30 : 42.01"
"4,31 : 84.5"
"4,32 : 100.18"
"4,33 : 71.12"
"4,34 : 8.06"
"4,35 : 8.6"
"4,36 : 13.0"
"4,37 : 85.0"
"4,38 : 84.17"
"4,39 : 83.95"
"4,40 : 61.61"
"4,41 : 60.01"
"4,42 : 86.28"
"4,43 : 53.45"
"4,44 : 33.53"
"4,45 : 64.03"
"4,46 : 24.41"
"4,47 : 62.77"
"4,48 : 29.15"
"4,49 : 29.15"
"5,0 : 17.49"
"5,1 : 49.09"
"5,2 : 61.77"
"5,3 : 57.78"
"5,4 : 25.5"
"5,5 : 0.0"
"5,6 : 55.47"
"5,7 : 56.64"
"5,8 : 37.64"
"5,9 : 71.12"
"5,10 : 63.25"
"5,11 : 9.49"
"5,12 : 53.14"
"5,13 : 2.0"
"5,14 : 52.84"
"5,15 : 29.21"
"5,16 : 21.02"
"5,17 : 47.52"
"5,18 : 36.67"
"5,19 : 31.06"
"5,20 : 49.73"
"5,21 : 75.03"
"5,22 : 31.26"
"5,23 : 56.08"
"5,24 : 26.83"
"5,25 : 40.05"
"5,26 : 57.28"
"5,27 : 54.56"
"5,28 : 53.71"
"5,29 : 54.13"
"5,30 : 16.64"
"5,31 : 79.03"
"5,32 : 76.9"
"5,33 : 46.82"
"5,34 : 33.42"
"5,35 : 34.06"
"5,36 : 38.01"
"5,37 : 61.68"
"5,38 : 65.0"
"5,39 : 74.79"
"5,40 : 36.36"
"5,41 : 47.42"
"5,42 : 73.74"
"5,43 : 48.8"
"5,44 : 32.65"
"5,45 : 38.6"
"5,46 : 39.12"
"5,47 : 41.3"
"5,48 : 31.62"
"5,49 : 34.93"
"6,0 : 57.28"
"6,1 : 21.47"
"6,2 : 79.4"
"6,3 : 72.42"
"6,4 : 80.8"
"6,5 : 55.47"
"6,6 : 0.0"
"6,7 : 13.6"
"6,8 : 35.36"
"6,9 : 34.54"
"6,10 : 95.43"
"6,11 : 58.73"
"6,12 : 49.16"
"6,13 : 53.82"
"6,14 : 25.0"
"6,15 : 54.13"
"6,16 : 46.1"
"6,17 : 55.36"
"6,18 : 26.0"
"6,19 : 63.2"
"6,20 : 61.4"
"6,21 : 65.12"
"6,22 : 42.0"
"6,23 : 5.83"
"6,24 : 48.3"
"6,25 : 92.11"
"6,26 : 86.58"
"6,27 : 7.62"
"6,28 : 95.43"
"6,29 : 95.34"
"6,30 : 38.83"
"6,31 : 99.93"
"6,32 : 45.19"
"6,33 : 15.13"
"6,34 : 88.81"
"6,35 : 89.4"
"6,36 : 93.48"
"6,37 : 36.8"
"6,38 : 57.2"
"6,39 : 89.69"
"6,40 : 19.21"
"6,41 : 67.08"
"6,42 : 81.41"
"6,43 : 81.06"
"6,44 : 76.69"
"6,45 : 17.0"
"6,46 : 91.55"
"6,47 : 42.2"
"6,48 : 78.85"
"6,49 : 83.24"
"7,0 : 54.2"
"7,1 : 11.05"
"7,2 : 69.05"
"7,3 : 61.98"
"7,4 : 82.04"
"7,5 : 56.64"
"7,6 : 13.6"
"7,7 : 0.0"
"7,8 : 27.66"
"7,9 : 21.59"
"7,10 : 87.02"
"7,11 : 61.85"
"7,12 : 61.19"
"7,13 : 55.32"
"7,14 : 12.65"
"7,15 : 61.85"
"7,16 : 42.54"
"7,17 : 45.28"
"7,18 : 35.06"
"7,19 : 57.28"
"7,20 : 51.35"
"7,21 : 51.86"
"7,22 : 35.74"
"7,23 : 7.81"
"7,24 : 55.79"
"7,25 : 89.55"
"7,26 : 78.01"
"7,27 : 21.1"
"7,28 : 89.27"
"7,29 : 89.05"
"7,30 : 40.8"
"7,31 : 89.27"
"7,32 : 31.95"
"7,33 : 26.68"
"7,34 : 89.81"
"7,35 : 90.51"
"7,36 : 94.11"
"7,37 : 23.35"
"7,38 : 44.42"
"7,39 : 78.45"
"7,40 : 24.04"
"7,41 : 58.01"
"7,42 : 69.46"
"7,43 : 73.44"
"7,44 : 72.24"
"7,45 : 20.25"
"7,46 : 89.19"
"7,47 : 33.02"
"7,48 : 75.15"
"7,49 : 79.62"
"8,0 : 29.0"
"8,1 : 16.76"
"8,2 : 44.78"
"8,3 : 38.01"
"8,4 : 60.9"
"8,5 : 37.64"
"8,6 : 35.36"
"8,7 : 27.66"
"8,8 : 0.0"
"8,9 : 34.83"
"8,10 : 60.13"
"8,11 : 45.71"
"8,12 : 66.61"
"8,13 : 37.11"
"8,14 : 18.03"
"8,15 : 55.32"
"8,16 : 18.03"
"8,17 : 21.1"
"8,18 : 38.29"
"8,19 : 29.73"
"8,20 : 26.83"
"8,21 : 41.11"
"8,22 : 8.6"
"8,23 : 32.0"
"8,24 : 49.73"
"8,25 : 63.6"
"8,26 : 51.24"
"8,27 : 39.85"
"8,28 : 61.61"
"8,29 : 61.39"
"8,30 : 27.17"
"8,31 : 65.39"
"8,32 : 39.4"
"8,33 : 38.59"
"8,34 : 67.96"
"8,35 : 68.8"
"8,36 : 71.61"
"8,37 : 24.17"
"8,38 : 31.02"
"8,39 : 56.08"
"8,40 : 26.25"
"8,41 : 31.78"
"8,42 : 49.58"
"8,43 : 46.04"
"8,44 : 45.18"
"8,45 : 23.85"
"8,46 : 63.41"
"8,47 : 7.81"
"8,48 : 48.55"
"8,49 : 53.0"
"9,0 : 63.78"
"9,1 : 22.8"
"9,2 : 63.64"
"9,3 : 56.89"
"9,4 : 95.41"
"9,5 : 71.12"
"9,6 : 34.54"
"9,7 : 21.59"
"9,8 : 34.83"
"9,9 : 0.0"
"9,10 : 85.16"
"9,11 : 78.0"
"9,12 : 82.76"
"9,13 : 70.21"
"9,14 : 18.38"
"9,15 : 81.61"
"9,16 : 52.8"
"9,17 : 43.08"
"9,18 : 56.08"
"9,19 : 62.2"
"9,20 : 48.38"
"9,21 : 37.0"
"9,22 : 43.19"
"9,23 : 28.79"
"9,24 : 75.54"
"9,25 : 97.74"
"9,26 : 76.24"
"9,27 : 42.15"
"9,28 : 91.68"
"9,29 : 91.24"
"9,30 : 57.25"
"9,31 : 82.01"
"9,32 : 10.82"
"9,33 : 48.27"
"9,34 : 102.65"
"9,35 : 103.47"
"9,36 : 106.4"
"9,37 : 13.0"
"9,38 : 33.06"
"9,39 : 70.03"
"9,40 : 44.05"
"9,41 : 56.65"
"9,42 : 59.3"
"9,43 : 73.93"
"9,44 : 78.41"
"9,45 : 40.05"
"9,46 : 97.67"
"9,47 : 35.61"
"9,48 : 82.33"
"9,49 : 86.68"
"10,0 : 47.17"
"10,1 : 76.01"
"10,2 : 23.6"
"10,3 : 29.07"
"10,4 : 64.41"
"10,5 : 63.25"
"10,6 : 95.43"
"10,7 : 87.02"
"10,8 : 60.13"
"10,9 : 85.16"
"10,10 : 0.0"
"10,11 : 71.45"
"10,12 : 114.74"
"10,13 : 64.82"
"10,14 : 75.24"
"10,15 : 92.46"
"10,16 : 53.49"
"10,17 : 42.58"
"10,18 : 91.18"
"10,19 : 34.93"
"10,20 : 36.88"
"10,21 : 58.6"
"10,22 : 53.76"
"10,23 : 92.09"
"10,24 : 89.63"
"10,25 : 42.95"
"10,26 : 9.06"
"10,27 : 99.3"
"10,28 : 18.0"
"10,29 : 17.0"
"10,30 : 70.21"
"10,31 : 22.0"
"10,32 : 82.46"
"10,33 : 96.05"
"10,34 : 65.19"
"10,35 : 66.13"
"10,36 : 64.56"
"10,37 : 72.28"
"10,38 : 55.01"
"10,39 : 27.73"
"10,40 : 82.71"
"10,41 : 29.15"
"10,42 : 37.01"
"10,43 : 15.23"
"10,44 : 32.02"
"10,45 : 81.79"
"10,46 : 44.15"
"10,47 : 54.01"
"10,48 : 35.51"
"10,49 : 35.34"
"11,0 : 26.83"
"11,1 : 55.46"
"11,2 : 71.12"
"11,3 : 67.23"
"11,4 : 23.41"
"11,5 : 9.49"
"11,6 : 58.73"
"11,7 : 61.85"
"11,8 : 45.71"
"11,9 : 78.0"
"11,10 : 71.45"
"11,11 : 0.0"
"11,12 : 47.85"
"11,13 : 9.06"
"11,14 : 59.62"
"11,15 : 21.93"
"11,16 : 30.07"
"11,17 : 56.89"
"11,18 : 36.67"
"11,19 : 40.31"
"11,20 : 59.2"
"11,21 : 84.15"
"11,22 : 40.01"
"11,23 : 60.21"
"11,24 : 21.21"
"11,25 : 43.57"
"11,26 : 65.95"
"11,27 : 56.61"
"11,28 : 60.54"
"11,29 : 61.06"
"11,30 : 21.1"
"11,31 : 88.01"
"11,32 : 84.48"
"11,33 : 48.02"
"11,34 : 31.38"
"11,35 : 31.78"
"11,36 : 36.4"
"11,37 : 69.38"
"11,38 : 74.06"
"11,39 : 84.12"
"11,40 : 39.6"
"11,41 : 56.86"
"11,42 : 83.22"
"11,43 : 57.38"
"11,44 : 40.0"
"11,45 : 42.52"
"11,46 : 42.43"
"11,47 : 50.04"
"11,48 : 38.08"
"11,49 : 40.72"
"12,0 : 67.6"
"12,1 : 63.32"
"12,2 : 107.63"
"12,3 : 101.83"
"12,4 : 69.01"
"12,5 : 53.14"
"12,6 : 49.16"
"12,7 : 61.19"
"12,8 : 66.61"
"12,9 : 82.76"
"12,10 : 114.74"
"12,11 : 47.85"
"12,12 : 0.0"
"12,13 : 51.26"
"12,14 : 68.35"
"12,15 : 27.0"
"12,16 : 62.63"
"12,17 : 86.45"
"12,18 : 28.65"
"12,19 : 80.16"
"12,20 : 91.24"
"12,21 : 106.55"
"12,22 : 67.21"
"12,23 : 54.45"
"12,24 : 26.68"
"12,25 : 91.41"
"12,26 : 107.62"
"12,27 : 42.01"
"12,28 : 106.78"
"12,29 : 107.15"
"12,30 : 45.0"
"12,31 : 127.28"
"12,32 : 92.89"
"12,33 : 34.53"
"12,34 : 76.06"
"12,35 : 76.11"
"12,36 : 81.1"
"12,37 : 81.34"
"12,38 : 96.9"
"12,39 : 120.24"
"12,40 : 41.59"
"12,41 : 92.85"
"12,42 : 115.52"
"12,43 : 99.64"
"12,44 : 85.62"
"12,45 : 45.19"
"12,46 : 90.26"
"12,47 : 74.2"
"12,48 : 84.76"
"12,49 : 87.93"
"13,0 : 18.6"
"13,1 : 48.02"
"13,2 : 62.77"
"13,3 : 58.6"
"13,4 : 27.02"
"13,5 : 2.0"
"13,6 : 53.82"
"13,7 : 55.32"
"13,8 : 37.11"
"13,9 : 70.21"
"13,10 : 64.82"
"13,11 : 9.06"
"13,12 : 51.26"
"13,13 : 0.0"
"13,14 : 51.88"
"13,15 : 27.66"
"13,16 : 21.02"
"13,17 : 47.85"
"13,18 : 34.71"
"13,19 : 32.2"
"13,20 : 50.29"
"13,21 : 75.11"
"13,22 : 31.06"
"13,23 : 54.56"
"13,24 : 25.06"
"13,25 : 42.05"
"13,26 : 58.69"
"13,27 : 52.77"
"13,28 : 55.54"
"13,29 : 55.95"
"13,30 : 15.0"
"13,31 : 80.28"
"13,32 : 76.22"
"13,33 : 44.94"
"13,34 : 35.0"
"13,35 : 35.61"
"13,36 : 39.66"
"13,37 : 61.03"
"13,38 : 65.03"
"13,39 : 75.8"
"13,40 : 34.67"
"13,41 : 48.3"
"13,42 : 74.46"
"13,43 : 50.25"
"13,44 : 34.44"
"13,45 : 37.01"
"13,46 : 41.11"
"13,47 : 41.11"
"13,48 : 33.53"
"13,49 : 36.88"
"14,0 : 46.75"
"14,1 : 5.1"
"14,2 : 56.57"
"14,3 : 49.5"
"14,4 : 77.42"
"14,5 : 52.84"
"14,6 : 25.0"
"14,7 : 12.65"
"14,8 : 18.03"
"14,9 : 18.38"
"14,10 : 75.24"
"14,11 : 59.62"
"14,12 : 68.35"
"14,13 : 51.88"
"14,14 : 0.0"
"14,15 : 64.07"
"14,16 : 35.36"
"14,17 : 33.02"
"14,18 : 40.26"
"14,19 : 47.42"
"14,20 : 39.05"
"14,21 : 40.31"
"14,22 : 26.63"
"14,23 : 19.72"
"14,24 : 58.03"
"14,25 : 81.61"
"14,26 : 66.19"
"14,27 : 31.83"
"14,28 : 78.75"
"14,29 : 78.45"
"14,30 : 38.9"
"14,31 : 76.69"
"14,32 : 26.02"
"14,33 : 34.99"
"14,34 : 84.81"
"14,35 : 85.6"
"14,36 : 88.73"
"14,37 : 13.0"
"14,38 : 32.2"
"14,39 : 65.8"
"14,40 : 27.46"
"14,41 : 46.1"
"14,42 : 56.86"
"14,43 : 62.17"
"14,44 : 63.13"
"14,45 : 23.54"
"14,46 : 81.4"
"14,47 : 21.59"
"14,48 : 66.57"
"14,49 : 71.02"
"15,0 : 45.97"
"15,1 : 59.14"
"15,2 : 89.4"
"15,3 : 84.6"
"15,4 : 42.01"
"15,5 : 29.21"
"15,6 : 54.13"
"15,7 : 61.85"
"15,8 : 55.32"
"15,9 : 81.61"
"15,10 : 92.46"
"15,11 : 21.93"
"15,12 : 27.0"
"15,13 : 27.66"
"15,14 : 64.07"
"15,15 : 0.0"
"15,16 : 44.78"
"15,17 : 71.59"
"15,18 : 28.18"
"15,19 : 59.46"
"15,20 : 75.18"
"15,21 : 96.3"
"15,22 : 52.55"
"15,23 : 57.58"
"15,24 : 6.08"
"15,25 : 65.0"
"15,26 : 86.31"
"15,27 : 49.4"
"15,28 : 82.37"
"15,29 : 82.86"
"15,30 : 28.46"
"15,31 : 107.63"
"15,32 : 90.09"
"15,33 : 39.96"
"15,34 : 49.09"
"15,35 : 49.16"
"15,36 : 54.15"
"15,37 : 76.03"
"15,38 : 86.13"
"15,39 : 102.42"
"15,40 : 37.85"
"15,41 : 74.63"
"15,42 : 99.85"
"15,43 : 77.9"
"15,44 : 61.59"
"15,45 : 41.77"
"15,46 : 63.79"
"15,47 : 61.68"
"15,48 : 59.94"
"15,49 : 62.65"
"16,0 : 11.66"
"16,1 : 32.8"
"16,2 : 45.28"
"16,3 : 40.0"
"16,4 : 42.94"
"16,5 : 21.02"
"16,6 : 46.1"
"16,7 : 42.54"
"16,8 : 18.03"
"16,9 : 52.8"
"16,10 : 53.49"
"16,11 : 30.07"
"16,12 : 62.63"
"16,13 : 21.02"
"16,14 : 35.36"
"16,15 : 44.78"
"16,16 : 0.0"
"16,17 : 27.2"
"16,18 : 37.7"
"16,19 : 18.68"
"16,20 : 30.41"
"16,21 : 54.08"
"16,22 : 10.44"
"16,23 : 44.6"
"16,24 : 40.22"
"16,25 : 47.01"
"16,26 : 45.62"
"16,27 : 48.09"
"16,28 : 50.01"
"16,29 : 50.04"
"16,30 : 17.69"
"16,31 : 64.66"
"16,32 : 57.25"
"16,33 : 43.29"
"16,34 : 49.93"
"16,35 : 50.77"
"16,36 : 53.6"
"16,37 : 42.06"
"16,38 : 44.01"
"16,39 : 58.14"
"16,40 : 30.07"
"16,41 : 30.41"
"16,42 : 55.07"
"16,43 : 38.28"
"16,44 : 30.59"
"16,45 : 30.07"
"16,46 : 46.65"
"16,47 : 20.4"
"16,48 : 32.89"
"16,49 : 37.34"
"17,0 : 32.06"
"17,1 : 34.53"
"17,2 : 24.04"
"17,3 : 17.09"
"17,4 : 65.12"
"17,5 : 47.52"
"17,6 : 55.36"
"17,7 : 45.28"
"17,8 : 21.1"
"17,9 : 43.08"
"17,10 : 42.58"
"17,11 : 56.89"
"17,12 : 86.45"
"17,13 : 47.85"
"17,14 : 33.02"
"17,15 : 71.59"
"17,16 : 27.2"
"17,17 : 0.0"
"17,18 : 58.73"
"17,19 : 23.26"
"17,20 : 6.08"
"17,21 : 28.44"
"17,22 : 19.42"
"17,23 : 51.2"
"17,24 : 66.65"
"17,25 : 59.08"
"17,26 : 33.54"
"17,27 : 60.54"
"17,28 : 48.88"
"17,29 : 48.37"
"17,30 : 43.42"
"17,31 : 44.6"
"17,32 : 42.2"
"17,33 : 59.68"
"17,34 : 70.6"
"17,35 : 71.57"
"17,36 : 73.05"
"17,37 : 30.08"
"17,38 : 19.31"
"17,39 : 34.99"
"17,40 : 47.2"
"17,41 : 13.6"
"17,42 : 29.07"
"17,43 : 30.87"
"17,44 : 38.83"
"17,45 : 44.94"
"17,46 : 59.36"
"17,47 : 13.42"
"17,48 : 43.57"
"17,49 : 47.43"
"18,0 : 45.71"
"18,1 : 35.17"
"18,2 : 81.02"
"18,3 : 74.81"
"18,4 : 60.01"
"18,5 : 36.67"
"18,6 : 26.0"
"18,7 : 35.06"
"18,8 : 38.29"
"18,9 : 56.08"
"18,10 : 91.18"
"18,11 : 36.67"
"18,12 : 28.65"
"18,13 : 34.71"
"18,14 : 40.26"
"18,15 : 28.18"
"18,16 : 37.7"
"18,17 : 58.73"
"18,18 : 0.0"
"18,19 : 56.3"
"18,20 : 63.89"
"18,21 : 77.9"
"18,22 : 40.0"
"18,23 : 29.83"
"18,24 : 22.47"
"18,25 : 76.53"
"18,26 : 83.26"
"18,27 : 21.4"
"18,28 : 86.31"
"18,29 : 86.49"
"18,30 : 22.09"
"18,31 : 101.24"
"18,32 : 65.62"
"18,33 : 12.04"
"18,34 : 68.03"
"18,35 : 68.45"
"18,36 : 73.01"
"18,37 : 53.16"
"18,38 : 68.26"
"18,39 : 93.24"
"18,40 : 13.0"
"18,41 : 66.57"
"18,42 : 87.68"
"18,43 : 75.96"
"18,44 : 65.49"
"18,45 : 16.76"
"18,46 : 75.66"
"18,47 : 46.01"
"18,48 : 66.07"
"18,49 : 70.01"
"19,0 : 13.6"
"19,1 : 46.49"
"19,2 : 30.87"
"19,3 : 27.66"
"19,4 : 43.05"
"19,5 : 31.06"
"19,6 : 63.2"
"19,7 : 57.28"
"19,8 : 29.73"
"19,9 : 62.2"
"19,10 : 34.93"
"19,11 : 40.31"
"19,12 : 80.16"
"19,13 : 32.2"
"19,14 : 47.42"
"19,15 : 59.46"
"19,16 : 18.68"
"19,17 : 23.26"
"19,18 : 56.3"
"19,19 : 0.0"
"19,20 : 22.36"
"19,21 : 51.24"
"19,22 : 21.59"
"19,23 : 60.83"
"19,24 : 55.9"
"19,25 : 36.24"
"19,26 : 27.46"
"19,27 : 66.03"
"19,28 : 32.25"
"19,29 : 32.14"
"19,30 : 35.36"
"19,31 : 48.17"
"19,32 : 63.66"
"19,33 : 61.81"
"19,34 : 47.85"
"19,35 : 48.84"
"19,36 : 50.0"
"19,37 : 49.68"
"19,38 : 42.54"
"19,39 : 43.83"
"19,40 : 48.51"
"19,41 : 17.26"
"19,42 : 43.93"
"19,43 : 19.7"
"19,44 : 16.28"
"19,45 : 48.09"
"19,46 : 36.4"
"19,47 : 26.63"
"19,48 : 20.62"
"19,49 : 24.76"
"20,0 : 33.24"
"20,1 : 40.61"
"20,2 : 18.03"
"20,3 : 11.18"
"20,4 : 65.28"
"20,5 : 49.73"
"20,6 : 61.4"
"20,7 : 51.35"
"20,8 : 26.83"
"20,9 : 48.38"
"20,10 : 36.88"
"20,11 : 59.2"
"20,12 : 91.24"
"20,13 : 50.29"
"20,14 : 39.05"
"20,15 : 75.18"
"20,16 : 30.41"
"20,17 : 6.08"
"20,18 : 63.89"
"20,19 : 22.36"
"20,20 : 0.0"
"20,21 : 29.15"
"20,22 : 24.04"
"20,23 : 57.27"
"20,24 : 70.49"
"20,25 : 56.82"
"20,26 : 27.89"
"20,27 : 66.48"
"20,28 : 44.41"
"20,29 : 43.83"
"20,30 : 47.43"
"20,31 : 38.63"
"20,32 : 46.65"
"20,33 : 65.37"
"20,34 : 70.21"
"20,35 : 71.2"
"20,36 : 72.28"
"20,37 : 35.44"
"20,38 : 21.4"
"20,39 : 29.41"
"20,40 : 52.7"
"20,41 : 8.6"
"20,42 : 24.7"
"20,43 : 26.08"
"20,44 : 36.67"
"20,45 : 50.61"
"20,46 : 57.25"
"20,47 : 19.31"
"20,48 : 41.63"
"20,49 : 45.18"
"21,0 : 60.41"
"21,1 : 44.69"
"21,2 : 35.0"
"21,3 : 30.41"
"21,4 : 93.56"
"21,5 : 75.03"
"21,6 : 65.12"
"21,7 : 51.86"
"21,8 : 41.11"
"21,9 : 37.0"
"21,10 : 58.6"
"21,11 : 84.15"
"21,12 : 106.55"
"21,13 : 75.11"
"21,14 : 40.31"
"21,15 : 96.3"
"21,16 : 54.08"
"21,17 : 28.44"
"21,18 : 77.9"
"21,19 : 51.24"
"21,20 : 29.15"
"21,21 : 0.0"
"21,22 : 44.41"
"21,23 : 59.55"
"21,24 : 90.8"
"21,25 : 85.87"
"21,26 : 50.99"
"21,27 : 72.12"
"21,28 : 70.84"
"21,29 : 70.09"
"21,30 : 67.91"
"21,31 : 48.76"
"21,32 : 29.15"
"21,33 : 74.81"
"21,34 : 98.95"
"21,35 : 99.92"
"21,36 : 101.24"
"21,37 : 28.6"
"21,38 : 10.2"
"21,39 : 36.4"
"21,40 : 65.0"
"21,41 : 36.72"
"21,42 : 24.74"
"21,43 : 52.63"
"21,44 : 65.8"
"21,45 : 61.59"
"21,46 : 86.33"
"21,47 : 34.71"
"21,48 : 70.77"
"21,49 : 74.25"
"22,0 : 20.62"
"22,1 : 25.08"
"22,2 : 41.05"
"22,3 : 34.83"
"22,4 : 53.23"
"22,5 : 31.26"
"22,6 : 42.0"
"22,7 : 35.74"
"22,8 : 8.6"
"22,9 : 43.19"
"22,10 : 53.76"
"22,11 : 40.01"
"22,12 : 67.21"
"22,13 : 31.06"
"22,14 : 26.63"
"22,15 : 52.55"
"22,16 : 10.44"
"22,17 : 19.42"
"22,18 : 40.0"
"22,19 : 21.59"
"22,20 : 24.04"
"22,21 : 44.41"
"22,22 : 0.0"
"22,23 : 39.32"
"22,24 : 47.42"
"22,25 : 55.0"
"22,26 : 45.12"
"22,27 : 45.54"
"22,28 : 53.76"
"22,29 : 53.6"
"22,30 : 24.17"
"22,31 : 61.4"
"22,32 : 47.01"
"22,33 : 42.72"
"22,34 : 60.03"
"22,35 : 60.9"
"22,36 : 63.51"
"22,37 : 31.91"
"22,38 : 34.23"
"22,39 : 53.26"
"22,40 : 29.55"
"22,41 : 26.83"
"22,42 : 48.41"
"22,43 : 39.12"
"22,44 : 36.67"
"22,45 : 28.16"
"22,46 : 54.82"
"22,47 : 10.05"
"22,48 : 39.96"
"22,49 : 44.42"
"23,0 : 56.08"
"23,1 : 16.76"
"23,2 : 75.19"
"23,3 : 68.15"
"23,4 : 81.57"
"23,5 : 56.08"
"23,6 : 5.83"
"23,7 : 7.81"
"23,8 : 32.0"
"23,9 : 28.79"
"23,10 : 92.09"
"23,11 : 60.21"
"23,12 : 54.45"
"23,13 : 54.56"
"23,14 : 19.72"
"23,15 : 57.58"
"23,16 : 44.6"
"23,17 : 51.2"
"23,18 : 29.83"
"23,19 : 60.83"
"23,20 : 57.27"
"23,21 : 59.55"
"23,22 : 39.32"
"23,23 : 0.0"
"23,24 : 51.62"
"23,25 : 91.29"
"23,26 : 83.15"
"23,27 : 13.42"
"23,28 : 93.06"
"23,29 : 92.91"
"23,30 : 39.62"
"23,31 : 95.6"
"23,32 : 39.4"
"23,33 : 20.02"
"23,34 : 89.5"
"23,35 : 90.14"
"23,36 : 94.02"
"23,37 : 31.11"
"23,38 : 51.87"
"23,39 : 85.09"
"23,40 : 20.81"
"23,41 : 63.39"
"23,42 : 76.49"
"23,43 : 78.03"
"23,44 : 75.0"
"23,45 : 17.69"
"23,46 : 90.8"
"23,47 : 38.33"
"23,48 : 77.49"
"23,49 : 81.93"
"24,0 : 42.64"
"24,1 : 53.08"
"24,2 : 85.28"
"24,3 : 80.21"
"24,4 : 43.29"
"24,5 : 26.83"
"24,6 : 48.3"
"24,7 : 55.79"
"24,8 : 49.73"
"24,9 : 75.54"
"24,10 : 89.63"
"24,11 : 21.21"
"24,12 : 26.68"
"24,13 : 25.06"
"24,14 : 58.03"
"24,15 : 6.08"
"24,16 : 40.22"
"24,17 : 66.65"
"24,18 : 22.47"
"24,19 : 55.9"
"24,20 : 70.49"
"24,21 : 90.8"
"24,22 : 47.42"
"24,23 : 51.62"
"24,24 : 0.0"
"24,25 : 64.78"
"24,26 : 83.1"
"24,27 : 43.83"
"24,28 : 80.53"
"24,29 : 80.96"
"24,30 : 23.26"
"24,31 : 103.95"
"24,32 : 84.05"
"24,33 : 34.41"
"24,34 : 50.8"
"24,35 : 50.99"
"24,36 : 55.9"
"24,37 : 70.06"
"24,38 : 80.65"
"24,39 : 98.23"
"24,40 : 31.78"
"24,41 : 70.43"
"24,42 : 95.19"
"24,43 : 74.81"
"24,44 : 59.48"
"24,45 : 35.69"
"24,46 : 63.64"
"24,47 : 56.3"
"24,48 : 58.31"
"24,49 : 61.35"
"25,0 : 35.36"
"25,1 : 79.61"
"25,2 : 56.89"
"25,3 : 57.57"
"25,4 : 25.81"
"25,5 : 40.05"
"25,6 : 92.11"
"25,7 : 89.55"
"25,8 : 63.6"
"25,9 : 97.74"
"25,10 : 42.95"
"25,11 : 43.57"
"25,12 : 91.41"
"25,13 : 42.05"
"25,14 : 81.61"
"25,15 : 65.0"
"25,16 : 47.01"
"25,17 : 59.08"
"25,18 : 76.53"
"25,19 : 36.24"
"25,20 : 56.82"
"25,21 : 85.87"
"25,22 : 55.0"
"25,23 : 91.29"
"25,24 : 64.78"
"25,25 : 0.0"
"25,26 : 43.0"
"25,27 : 92.72"
"25,28 : 25.63"
"25,29 : 26.57"
"25,30 : 55.11"
"25,31 : 64.63"
"25,32 : 99.82"
"25,33 : 85.91"
"25,34 : 23.6"
"25,35 : 24.41"
"25,36 : 21.93"
"25,37 : 85.56"
"25,38 : 78.03"
"25,39 : 67.07"
"25,40 : 74.04"
"25,41 : 49.24"
"25,42 : 72.37"
"25,43 : 36.35"
"25,44 : 20.25"
"25,45 : 75.27"
"25,46 : 1.41"
"25,47 : 62.24"
"25,48 : 15.62"
"25,49 : 11.66"
"26,0 : 40.46"
"26,1 : 67.0"
"26,2 : 16.4"
"26,3 : 20.81"
"26,4 : 61.68"
"26,5 : 57.28"
"26,6 : 86.58"
"26,7 : 78.01"
"26,8 : 51.24"
"26,9 : 76.24"
"26,10 : 9.06"
"26,11 : 65.95"
"26,12 : 107.62"
"26,13 : 58.69"
"26,14 : 66.19"
"26,15 : 86.31"
"26,16 : 45.62"
"26,17 : 33.54"
"26,18 : 83.26"
"26,19 : 27.46"
"26,20 : 27.89"
"26,21 : 50.99"
"26,22 : 45.12"
"26,23 : 83.15"
"26,24 : 83.1"
"26,25 : 43.0"
"26,26 : 0.0"
"26,27 : 90.61"
"26,28 : 21.02"
"26,29 : 20.12"
"26,30 : 62.77"
"26,31 : 22.85"
"26,32 : 73.82"
"26,33 : 87.64"
"26,34 : 63.56"
"26,35 : 64.54"
"26,36 : 63.64"
"26,37 : 63.32"
"26,38 : 46.65"
"26,39 : 24.19"
"26,40 : 74.33"
"26,41 : 20.1"
"26,42 : 31.3"
"26,43 : 8.6"
"26,44 : 28.23"
"26,45 : 73.25"
"26,46 : 44.01"
"26,47 : 45.0"
"26,48 : 32.57"
"26,49 : 33.54"
"27,0 : 58.69"
"27,1 : 27.8"
"27,2 : 84.5"
"27,3 : 77.62"
"27,4 : 79.4"
"27,5 : 54.56"
"27,6 : 7.62"
"27,7 : 21.1"
"27,8 : 39.85"
"27,9 : 42.15"
"27,10 : 99.3"
"27,11 : 56.61"
"27,12 : 42.01"
"27,13 : 52.77"
"27,14 : 31.83"
"27,15 : 49.4"
"27,16 : 48.09"
"27,17 : 60.54"
"27,18 : 21.4"
"27,19 : 66.03"
"27,20 : 66.48"
"27,21 : 72.12"
"27,22 : 45.54"
"27,23 : 13.42"
"27,24 : 43.83"
"27,25 : 92.72"
"27,26 : 90.61"
"27,27 : 0.0"
"27,28 : 98.02"
"27,29 : 98.01"
"27,30 : 38.08"
"27,31 : 105.11"
"27,32 : 52.8"
"27,33 : 9.43"
"27,34 : 87.46"
"27,35 : 87.98"
"27,36 : 92.28"
"27,37 : 44.05"
"27,38 : 63.89"
"27,39 : 95.27"
"27,40 : 18.68"
"27,41 : 71.57"
"27,42 : 87.46"
"27,43 : 84.59"
"27,44 : 78.52"
"27,45 : 18.03"
"27,46 : 92.05"
"27,47 : 47.17"
"27,48 : 80.23"
"27,49 : 84.53"
"28,0 : 40.61"
"28,1 : 78.34"
"28,2 : 37.22"
"28,3 : 40.46"
"28,4 : 49.2"
"28,5 : 53.71"
"28,6 : 95.43"
"28,7 : 89.27"
"28,8 : 61.61"
"28,9 : 91.68"
"28,10 : 18.0"
"28,11 : 60.54"
"28,12 : 106.78"
"28,13 : 55.54"
"28,14 : 78.75"
"28,15 : 82.37"
"28,16 : 50.01"
"28,17 : 48.88"
"28,18 : 86.31"
"28,19 : 32.25"
"28,20 : 44.41"
"28,21 : 70.84"
"28,22 : 53.76"
"28,23 : 93.06"
"28,24 : 80.53"
"28,25 : 25.63"
"28,26 : 21.02"
"28,27 : 98.02"
"28,28 : 0.0"
"28,29 : 1.0"
"28,30 : 64.33"
"28,31 : 40.0"
"28,32 : 90.97"
"28,33 : 93.19"
"28,34 : 48.76"
"28,35 : 49.65"
"28,36 : 47.54"
"28,37 : 78.71"
"28,38 : 65.19"
"28,39 : 44.64"
"28,40 : 80.06"
"28,41 : 35.81"
"28,42 : 52.33"
"28,43 : 18.44"
"28,44 : 21.19"
"28,45 : 80.01"
"28,46 : 26.93"
"28,47 : 57.25"
"28,48 : 22.47"
"28,49 : 20.52"
"29,0 : 40.79"
"29,1 : 78.1"
"29,2 : 36.36"
"29,3 : 39.7"
"29,4 : 50.0"
"29,5 : 54.13"
"29,6 : 95.34"
"29,7 : 89.05"
"29,8 : 61.39"
"29,9 : 91.24"
"29,10 : 17.0"
"29,11 : 61.06"
"29,12 : 107.15"
"29,13 : 55.95"
"29,14 : 78.45"
"29,15 : 82.86"
"29,16 : 50.04"
"29,17 : 48.37"
"29,18 : 86.49"
"29,19 : 32.14"
"29,20 : 43.83"
"29,21 : 70.09"
"29,22 : 53.6"
"29,23 : 92.91"
"29,24 : 80.96"
"29,25 : 26.57"
"29,26 : 20.12"
"29,27 : 98.01"
"29,28 : 1.0"
"29,29 : 0.0"
"29,30 : 64.54"
"29,31 : 39.0"
"29,32 : 90.43"
"29,33 : 93.26"
"29,34 : 49.65"
"29,35 : 50.54"
"29,36 : 48.47"
"29,37 : 78.26"
"29,38 : 64.54"
"29,39 : 43.68"
"29,40 : 80.1"
"29,41 : 35.23"
"29,42 : 51.43"
"29,43 : 17.8"
"29,44 : 21.54"
"29,45 : 80.0"
"29,46 : 27.86"
"29,47 : 56.92"
"29,48 : 23.02"
"29,49 : 21.21"
"30,0 : 23.77"
"30,1 : 34.54"
"30,2 : 62.94"
"30,3 : 57.49"
"30,4 : 42.01"
"30,5 : 16.64"
"30,6 : 38.83"
"30,7 : 40.8"
"30,8 : 27.17"
"30,9 : 57.25"
"30,10 : 70.21"
"30,11 : 21.1"
"30,12 : 45.0"
"30,13 : 15.0"
"30,14 : 38.9"
"30,15 : 28.46"
"30,16 : 17.69"
"30,17 : 43.42"
"30,18 : 22.09"
"30,19 : 35.36"
"30,20 : 47.43"
"30,21 : 67.91"
"30,22 : 24.17"
"30,23 : 39.62"
"30,24 : 23.26"
"30,25 : 55.11"
"30,26 : 62.77"
"30,27 : 38.08"
"30,28 : 64.33"
"30,29 : 64.54"
"30,30 : 0.0"
"30,31 : 82.33"
"30,32 : 64.33"
"30,33 : 30.81"
"30,34 : 50.0"
"30,35 : 50.61"
"30,36 : 54.64"
"30,37 : 49.5"
"30,38 : 57.72"
"30,39 : 75.74"
"30,40 : 19.72"
"30,41 : 48.08"
"30,42 : 72.11"
"30,43 : 55.01"
"30,44 : 43.42"
"30,45 : 22.02"
"30,46 : 54.34"
"30,47 : 33.24"
"30,48 : 44.01"
"30,49 : 48.01"
"31,0 : 61.72"
"31,1 : 78.85"
"31,2 : 20.62"
"31,3 : 27.51"
"31,4 : 84.5"
"31,5 : 79.03"
"31,6 : 99.93"
"31,7 : 89.27"
"31,8 : 65.39"
"31,9 : 82.01"
"31,10 : 22.0"
"31,11 : 88.01"
"31,12 : 127.28"
"31,13 : 80.28"
"31,14 : 76.69"
"31,15 : 107.63"
"31,16 : 64.66"
"31,17 : 44.6"
"31,18 : 101.24"
"31,19 : 48.17"
"31,20 : 38.63"
"31,21 : 48.76"
"31,22 : 61.4"
"31,23 : 95.6"
"31,24 : 103.95"
"31,25 : 64.63"
"31,26 : 22.85"
"31,27 : 105.11"
"31,28 : 40.0"
"31,29 : 39.0"
"31,30 : 82.33"
"31,31 : 0.0"
"31,32 : 76.66"
"31,33 : 103.75"
"31,34 : 86.13"
"31,35 : 87.09"
"31,36 : 85.91"
"31,37 : 70.11"
"31,38 : 49.09"
"31,39 : 12.37"
"31,40 : 90.82"
"31,41 : 34.67"
"31,42 : 24.04"
"31,43 : 31.3"
"31,44 : 51.08"
"31,45 : 89.0"
"31,46 : 65.76"
"31,47 : 57.94"
"31,48 : 55.36"
"31,49 : 56.04"
"32,0 : 67.42"
"32,1 : 31.0"
"32,2 : 59.77"
"32,3 : 53.49"
"32,4 : 100.18"
"32,5 : 76.9"
"32,6 : 45.19"
"32,7 : 31.95"
"32,8 : 39.4"
"32,9 : 10.82"
"32,10 : 82.46"
"32,11 : 84.48"
"32,12 : 92.89"
"32,13 : 76.22"
"32,14 : 26.02"
"32,15 : 90.09"
"32,16 : 57.25"
"32,17 : 42.2"
"32,18 : 65.62"
"32,19 : 63.66"
"32,20 : 46.65"
"32,21 : 29.15"
"32,22 : 47.01"
"32,23 : 39.4"
"32,24 : 84.05"
"32,25 : 99.82"
"32,26 : 73.82"
"32,27 : 52.8"
"32,28 : 90.97"
"32,29 : 90.43"
"32,30 : 64.33"
"32,31 : 76.66"
"32,32 : 0.0"
"32,33 : 58.52"
"32,34 : 107.04"
"32,35 : 107.91"
"32,36 : 110.45"
"32,37 : 15.23"
"32,38 : 27.89"
"32,39 : 64.38"
"32,40 : 53.15"
"32,41 : 55.23"
"32,42 : 53.08"
"32,43 : 72.72"
"32,44 : 79.91"
"32,45 : 49.16"
"32,46 : 99.9"
"32,47 : 38.01"
"32,48 : 84.22"
"32,49 : 88.41"
"33,0 : 53.01"
"33,1 : 30.23"
"33,2 : 83.19"
"33,3 : 76.54"
"33,4 : 71.12"
"33,5 : 46.82"
"33,6 : 15.13"
"33,7 : 26.68"
"33,8 : 38.59"
"33,9 : 48.27"
"33,10 : 96.05"
"33,11 : 48.02"
"33,12 : 34.53"
"33,13 : 44.94"
"33,14 : 34.99"
"33,15 : 39.96"
"33,16 : 43.29"
"33,17 : 59.68"
"33,18 : 12.04"
"33,19 : 61.81"
"33,20 : 65.37"
"33,21 : 74.81"
"33,22 : 42.72"
"33,23 : 20.02"
"33,24 : 34.41"
"33,25 : 85.91"
"33,26 : 87.64"
"33,27 : 9.43"
"33,28 : 93.19"
"33,29 : 93.26"
"33,30 : 30.81"
"33,31 : 103.75"
"33,32 : 58.52"
"33,33 : 0.0"
"33,34 : 79.18"
"33,35 : 79.65"
"33,36 : 84.08"
"33,37 : 47.89"
"33,38 : 65.86"
"33,39 : 94.67"
"33,40 : 13.34"
"33,41 : 69.46"
"33,42 : 87.8"
"33,43 : 81.02"
"33,44 : 73.01"
"33,45 : 14.76"
"33,46 : 85.15"
"33,47 : 46.32"
"33,48 : 74.24"
"33,49 : 78.41"
"34,0 : 39.81"
"34,1 : 81.57"
"34,2 : 75.11"
"34,3 : 74.06"
"34,4 : 8.06"
"34,5 : 33.42"
"34,6 : 88.81"
"34,7 : 89.81"
"34,8 : 67.96"
"34,9 : 102.65"
"34,10 : 65.19"
"34,11 : 31.38"
"34,12 : 76.06"
"34,13 : 35.0"
"34,14 : 84.81"
"34,15 : 49.09"
"34,16 : 49.93"
"34,17 : 70.6"
"34,18 : 68.03"
"34,19 : 47.85"
"34,20 : 70.21"
"34,21 : 98.95"
"34,22 : 60.03"
"34,23 : 89.5"
"34,24 : 50.8"
"34,25 : 23.6"
"34,26 : 63.56"
"34,27 : 87.46"
"34,28 : 48.76"
"34,29 : 49.65"
"34,30 : 50.0"
"34,31 : 86.13"
"34,32 : 107.04"
"34,33 : 79.18"
"34,34 : 0.0"
"34,35 : 1.0"
"34,36 : 5.1"
"34,37 : 91.92"
"34,38 : 89.84"
"34,39 : 86.7"
"34,40 : 69.63"
"34,41 : 64.28"
"34,42 : 90.0"
"34,43 : 55.73"
"34,44 : 36.12"
"34,45 : 72.01"
"34,46 : 22.2"
"34,47 : 69.32"
"34,48 : 31.26"
"34,49 : 30.08"
"35,0 : 40.72"
"35,1 : 82.33"
"35,2 : 76.11"
"35,3 : 75.06"
"35,4 : 8.6"
"35,5 : 34.06"
"35,6 : 89.4"
"35,7 : 90.51"
"35,8 : 68.8"
"35,9 : 103.47"
"35,10 : 66.13"
"35,11 : 31.78"
"35,12 : 76.11"
"35,13 : 35.61"
"35,14 : 85.6"
"35,15 : 49.16"
"35,16 : 50.77"
"35,17 : 71.57"
"35,18 : 68.45"
"35,19 : 48.84"
"35,20 : 71.2"
"35,21 : 99.92"
"35,22 : 60.9"
"35,23 : 90.14"
"35,24 : 50.99"
"35,25 : 24.41"
"35,26 : 64.54"
"35,27 : 87.98"
"35,28 : 49.65"
"35,29 : 50.54"
"35,30 : 50.61"
"35,31 : 87.09"
"35,32 : 107.91"
"35,33 : 79.65"
"35,34 : 1.0"
"35,35 : 0.0"
"35,36 : 5.0"
"35,37 : 92.78"
"35,38 : 90.8"
"35,39 : 87.69"
"35,40 : 70.21"
"35,41 : 65.28"
"35,42 : 91.0"
"35,43 : 56.72"
"35,44 : 37.12"
"35,45 : 72.62"
"35,46 : 23.02"
"35,47 : 70.21"
"35,48 : 32.25"
"35,49 : 31.05"
"36,0 : 43.05"
"36,1 : 85.63"
"36,2 : 76.01"
"36,3 : 75.43"
"36,4 : 13.0"
"36,5 : 38.01"
"36,6 : 93.48"
"36,7 : 94.11"
"36,8 : 71.61"
"36,9 : 106.4"
"36,10 : 64.56"
"36,11 : 36.4"
"36,12 : 81.1"
"36,13 : 39.66"
"36,14 : 88.73"
"36,15 : 54.15"
"36,16 : 53.6"
"36,17 : 73.05"
"36,18 : 73.01"
"36,19 : 50.0"
"36,20 : 72.28"
"36,21 : 101.24"
"36,22 : 63.51"
"36,23 : 94.02"
"36,24 : 55.9"
"36,25 : 21.93"
"36,26 : 63.64"
"36,27 : 92.28"
"36,28 : 47.54"
"36,29 : 48.47"
"36,30 : 54.64"
"36,31 : 85.91"
"36,32 : 110.45"
"36,33 : 84.08"
"36,34 : 5.1"
"36,35 : 5.0"
"36,36 : 0.0"
"36,37 : 95.41"
"36,38 : 92.36"
"36,39 : 87.21"
"36,40 : 74.33"
"36,41 : 65.92"
"36,42 : 91.14"
"36,43 : 56.14"
"36,44 : 37.05"
"36,45 : 76.61"
"36,46 : 20.62"
"36,47 : 72.56"
"36,48 : 32.02"
"36,49 : 30.15"
"37,0 : 52.43"
"37,1 : 18.03"
"37,2 : 51.16"
"37,3 : 44.28"
"37,4 : 85.0"
"37,5 : 61.68"
"37,6 : 36.8"
"37,7 : 23.35"
"37,8 : 24.17"
"37,9 : 13.0"
"37,10 : 72.28"
"37,11 : 69.38"
"37,12 : 81.34"
"37,13 : 61.03"
"37,14 : 13.0"
"37,15 : 76.03"
"37,16 : 42.06"
"37,17 : 30.08"
"37,18 : 53.16"
"37,19 : 49.68"
"37,20 : 35.44"
"37,21 : 28.6"
"37,22 : 31.91"
"37,23 : 31.11"
"37,24 : 70.06"
"37,25 : 85.56"
"37,26 : 63.32"
"37,27 : 44.05"
"37,28 : 78.71"
"37,29 : 78.26"
"37,30 : 49.5"
"37,31 : 70.11"
"37,32 : 15.23"
"37,33 : 47.89"
"37,34 : 91.92"
"37,35 : 92.78"
"37,36 : 95.41"
"37,37 : 0.0"
"37,38 : 22.14"
"37,39 : 58.42"
"37,40 : 40.26"
"37,41 : 43.66"
"37,42 : 48.27"
"37,43 : 60.93"
"37,44 : 65.95"
"37,45 : 36.4"
"37,46 : 85.56"
"37,47 : 23.35"
"37,48 : 70.04"
"37,49 : 74.33"
"38,0 : 50.8"
"38,1 : 36.12"
"38,2 : 31.95"
"38,3 : 25.94"
"38,4 : 84.17"
"38,5 : 65.0"
"38,6 : 57.2"
"38,7 : 44.42"
"38,8 : 31.02"
"38,9 : 33.06"
"38,10 : 55.01"
"38,11 : 74.06"
"38,12 : 96.9"
"38,13 : 65.03"
"38,14 : 32.2"
"38,15 : 86.13"
"38,16 : 44.01"
"38,17 : 19.31"
"38,18 : 68.26"
"38,19 : 42.54"
"38,20 : 21.4"
"38,21 : 10.2"
"38,22 : 34.23"
"38,23 : 51.87"
"38,24 : 80.65"
"38,25 : 78.03"
"38,26 : 46.65"
"38,27 : 63.89"
"38,28 : 65.19"
"38,29 : 64.54"
"38,30 : 57.72"
"38,31 : 49.09"
"38,32 : 27.89"
"38,33 : 65.86"
"38,34 : 89.84"
"38,35 : 90.8"
"38,36 : 92.36"
"38,37 : 22.14"
"38,38 : 0.0"
"38,39 : 37.0"
"38,40 : 55.47"
"38,41 : 29.73"
"38,42 : 26.31"
"38,43 : 46.75"
"38,44 : 57.8"
"38,45 : 52.2"
"38,46 : 78.39"
"38,47 : 24.52"
"38,48 : 62.65"
"38,49 : 66.37"
"39,0 : 57.31"
"39,1 : 68.35"
"39,2 : 13.04"
"39,3 : 18.44"
"39,4 : 83.95"
"39,5 : 74.79"
"39,6 : 89.69"
"39,7 : 78.45"
"39,8 : 56.08"
"39,9 : 70.03"
"39,10 : 27.73"
"39,11 : 84.12"
"39,12 : 120.24"
"39,13 : 75.8"
"39,14 : 65.8"
"39,15 : 102.42"
"39,16 : 58.14"
"39,17 : 34.99"
"39,18 : 93.24"
"39,19 : 43.83"
"39,20 : 29.41"
"39,21 : 36.4"
"39,22 : 53.26"
"39,23 : 85.09"
"39,24 : 98.23"
"39,25 : 67.07"
"39,26 : 24.19"
"39,27 : 95.27"
"39,28 : 44.64"
"39,29 : 43.68"
"39,30 : 75.74"
"39,31 : 12.37"
"39,32 : 64.38"
"39,33 : 94.67"
"39,34 : 86.7"
"39,35 : 87.69"
"39,36 : 87.21"
"39,37 : 58.42"
"39,38 : 37.0"
"39,39 : 0.0"
"39,40 : 82.1"
"39,41 : 27.8"
"39,42 : 11.7"
"39,43 : 31.06"
"39,44 : 50.64"
"39,45 : 79.92"
"39,46 : 68.03"
"39,47 : 48.37"
"39,48 : 55.44"
"39,49 : 57.08"
"40,0 : 40.2"
"40,1 : 22.36"
"40,2 : 70.33"
"40,3 : 63.81"
"40,4 : 61.61"
"40,5 : 36.36"
"40,6 : 19.21"
"40,7 : 24.04"
"40,8 : 26.25"
"40,9 : 44.05"
"40,10 : 82.71"
"40,11 : 39.6"
"40,12 : 41.59"
"40,13 : 34.67"
"40,14 : 27.46"
"40,15 : 37.85"
"40,16 : 30.07"
"40,17 : 47.2"
"40,18 : 13.0"
"40,19 : 48.51"
"40,20 : 52.7"
"40,21 : 65.0"
"40,22 : 29.55"
"40,23 : 20.81"
"40,24 : 31.78"
"40,25 : 74.04"
"40,26 : 74.33"
"40,27 : 18.68"
"40,28 : 80.06"
"40,29 : 80.1"
"40,30 : 19.72"
"40,31 : 90.82"
"40,32 : 53.15"
"40,33 : 13.34"
"40,34 : 69.63"
"40,35 : 70.21"
"40,36 : 74.33"
"40,37 : 40.26"
"40,38 : 55.47"
"40,39 : 82.1"
"40,40 : 0.0"
"40,41 : 56.36"
"40,42 : 75.82"
"40,43 : 67.68"
"40,44 : 60.13"
"40,45 : 4.0"
"40,46 : 73.38"
"40,47 : 34.06"
"40,48 : 61.66"
"40,49 : 65.92"
"41,0 : 30.08"
"41,1 : 47.04"
"41,2 : 14.87"
"41,3 : 10.44"
"41,4 : 60.01"
"41,5 : 47.42"
"41,6 : 67.08"
"41,7 : 58.01"
"41,8 : 31.78"
"41,9 : 56.65"
"41,10 : 29.15"
"41,11 : 56.86"
"41,12 : 92.85"
"41,13 : 48.3"
"41,14 : 46.1"
"41,15 : 74.63"
"41,16 : 30.41"
"41,17 : 13.6"
"41,18 : 66.57"
"41,19 : 17.26"
"41,20 : 8.6"
"41,21 : 36.72"
"41,22 : 26.83"
"41,23 : 63.39"
"41,24 : 70.43"
"41,25 : 49.24"
"41,26 : 20.1"
"41,27 : 71.57"
"41,28 : 35.81"
"41,29 : 35.23"
"41,30 : 48.08"
"41,31 : 34.67"
"41,32 : 55.23"
"41,33 : 69.46"
"41,34 : 64.28"
"41,35 : 65.28"
"41,36 : 65.92"
"41,37 : 43.66"
"41,38 : 29.73"
"41,39 : 27.8"
"41,40 : 56.36"
"41,41 : 0.0"
"41,42 : 26.68"
"41,43 : 17.49"
"41,44 : 29.41"
"41,45 : 54.78"
"41,46 : 49.77"
"41,47 : 25.08"
"41,48 : 34.48"
"41,49 : 37.7"
"42,0 : 56.61"
"42,1 : 59.94"
"42,2 : 15.52"
"42,3 : 16.28"
"42,4 : 86.28"
"42,5 : 73.74"
"42,6 : 81.41"
"42,7 : 69.46"
"42,8 : 49.58"
"42,9 : 59.3"
"42,10 : 37.01"
"42,11 : 83.22"
"42,12 : 115.52"
"42,13 : 74.46"
"42,14 : 56.86"
"42,15 : 99.85"
"42,16 : 55.07"
"42,17 : 29.07"
"42,18 : 87.68"
"42,19 : 43.93"
"42,20 : 24.7"
"42,21 : 24.74"
"42,22 : 48.41"
"42,23 : 76.49"
"42,24 : 95.19"
"42,25 : 72.37"
"42,26 : 31.3"
"42,27 : 87.46"
"42,28 : 52.33"
"42,29 : 51.43"
"42,30 : 72.11"
"42,31 : 24.04"
"42,32 : 53.08"
"42,33 : 87.8"
"42,34 : 90.0"
"42,35 : 91.0"
"42,36 : 91.14"
"42,37 : 48.27"
"42,38 : 26.31"
"42,39 : 11.7"
"42,40 : 75.82"
"42,41 : 26.68"
"42,42 : 0.0"
"42,43 : 36.14"
"42,44 : 54.08"
"42,45 : 73.25"
"42,46 : 73.16"
"42,47 : 41.77"
"42,48 : 59.14"
"42,49 : 61.52"
"43,0 : 32.2"
"43,1 : 62.39"
"43,2 : 20.62"
"43,3 : 22.47"
"43,4 : 53.45"
"43,5 : 48.8"
"43,6 : 81.06"
"43,7 : 73.44"
"43,8 : 46.04"
"43,9 : 73.93"
"43,10 : 15.23"
"43,11 : 57.38"
"43,12 : 99.64"
"43,13 : 50.25"
"43,14 : 62.17"
"43,15 : 77.9"
"43,16 : 38.28"
"43,17 : 30.87"
"43,18 : 75.96"
"43,19 : 19.7"
"43,20 : 26.08"
"43,21 : 52.63"
"43,22 : 39.12"
"43,23 : 78.03"
"43,24 : 74.81"
"43,25 : 36.35"
"43,26 : 8.6"
"43,27 : 84.59"
"43,28 : 18.44"
"43,29 : 17.8"
"43,30 : 55.01"
"43,31 : 31.3"
"43,32 : 72.72"
"43,33 : 81.02"
"43,34 : 55.73"
"43,35 : 56.72"
"43,36 : 56.14"
"43,37 : 60.93"
"43,38 : 46.75"
"43,39 : 31.06"
"43,40 : 67.68"
"43,41 : 17.49"
"43,42 : 36.14"
"43,43 : 0.0"
"43,44 : 19.92"
"43,45 : 66.91"
"43,46 : 37.22"
"43,47 : 40.61"
"43,48 : 24.52"
"43,49 : 26.02"
"44,0 : 20.0"
"44,1 : 61.74"
"44,2 : 39.01"
"44,3 : 38.47"
"44,4 : 33.53"
"44,5 : 32.65"
"44,6 : 76.69"
"44,7 : 72.24"
"44,8 : 45.18"
"44,9 : 78.41"
"44,10 : 32.02"
"44,11 : 40.0"
"44,12 : 85.62"
"44,13 : 34.44"
"44,14 : 63.13"
"44,15 : 61.59"
"44,16 : 30.59"
"44,17 : 38.83"
"44,18 : 65.49"
"44,19 : 16.28"
"44,20 : 36.67"
"44,21 : 65.8"
"44,22 : 36.67"
"44,23 : 75.0"
"44,24 : 59.48"
"44,25 : 20.25"
"44,26 : 28.23"
"44,27 : 78.52"
"44,28 : 21.19"
"44,29 : 21.54"
"44,30 : 43.42"
"44,31 : 51.08"
"44,32 : 79.91"
"44,33 : 73.01"
"44,34 : 36.12"
"44,35 : 37.12"
"44,36 : 37.05"
"44,37 : 65.95"
"44,38 : 57.8"
"44,39 : 50.64"
"44,40 : 60.13"
"44,41 : 29.41"
"44,42 : 54.08"
"44,43 : 19.92"
"44,44 : 0.0"
"44,45 : 60.53"
"44,46 : 20.59"
"44,47 : 42.8"
"44,48 : 5.1"
"44,49 : 8.6"
"45,0 : 40.79"
"45,1 : 18.44"
"45,2 : 68.43"
"45,3 : 61.77"
"45,4 : 64.03"
"45,5 : 38.6"
"45,6 : 17.0"
"45,7 : 20.25"
"45,8 : 23.85"
"45,9 : 40.05"
"45,10 : 81.79"
"45,11 : 42.52"
"45,12 : 45.19"
"45,13 : 37.01"
"45,14 : 23.54"
"45,15 : 41.77"
"45,16 : 30.07"
"45,17 : 44.94"
"45,18 : 16.76"
"45,19 : 48.09"
"45,20 : 50.61"
"45,21 : 61.59"
"45,22 : 28.16"
"45,23 : 17.69"
"45,24 : 35.69"
"45,25 : 75.27"
"45,26 : 73.25"
"45,27 : 18.03"
"45,28 : 80.01"
"45,29 : 80.0"
"45,30 : 22.02"
"45,31 : 89.0"
"45,32 : 49.16"
"45,33 : 14.76"
"45,34 : 72.01"
"45,35 : 72.62"
"45,36 : 76.61"
"45,37 : 36.4"
"45,38 : 52.2"
"45,39 : 79.92"
"45,40 : 4.0"
"45,41 : 54.78"
"45,42 : 73.25"
"45,43 : 66.91"
"45,44 : 60.53"
"45,45 : 0.0"
"45,46 : 74.67"
"45,47 : 31.62"
"45,48 : 62.37"
"45,49 : 66.71"
"46,0 : 34.99"
"46,1 : 79.32"
"46,2 : 57.71"
"46,3 : 58.24"
"46,4 : 24.41"
"46,5 : 39.12"
"46,6 : 91.55"
"46,7 : 89.19"
"46,8 : 63.41"
"46,9 : 97.67"
"46,10 : 44.15"
"46,11 : 42.43"
"46,12 : 90.26"
"46,13 : 41.11"
"46,14 : 81.4"
"46,15 : 63.79"
"46,16 : 46.65"
"46,17 : 59.36"
"46,18 : 75.66"
"46,19 : 36.4"
"46,20 : 57.25"
"46,21 : 86.33"
"46,22 : 54.82"
"46,23 : 90.8"
"46,24 : 63.64"
"46,25 : 1.41"
"46,26 : 44.01"
"46,27 : 92.05"
"46,28 : 26.93"
"46,29 : 27.86"
"46,30 : 54.34"
"46,31 : 65.76"
"46,32 : 99.9"
"46,33 : 85.15"
"46,34 : 22.2"
"46,35 : 23.02"
"46,36 : 20.62"
"46,37 : 85.56"
"46,38 : 78.39"
"46,39 : 68.03"
"46,40 : 73.38"
"46,41 : 49.77"
"46,42 : 73.16"
"46,43 : 37.22"
"46,44 : 20.59"
"46,45 : 74.67"
"46,46 : 0.0"
"46,47 : 62.23"
"46,48 : 15.81"
"46,49 : 12.08"
"47,0 : 29.53"
"47,1 : 22.0"
"47,2 : 37.34"
"47,3 : 30.46"
"47,4 : 62.77"
"47,5 : 41.3"
"47,6 : 42.2"
"47,7 : 33.02"
"47,8 : 7.81"
"47,9 : 35.61"
"47,10 : 54.01"
"47,11 : 50.04"
"47,12 : 74.2"
"47,13 : 41.11"
"47,14 : 21.59"
"47,15 : 61.68"
"47,16 : 20.4"
"47,17 : 13.42"
"47,18 : 46.01"
"47,19 : 26.63"
"47,20 : 19.31"
"47,21 : 34.71"
"47,22 : 10.05"
"47,23 : 38.33"
"47,24 : 56.3"
"47,25 : 62.24"
"47,26 : 45.0"
"47,27 : 47.17"
"47,28 : 57.25"
"47,29 : 56.92"
"47,30 : 33.24"
"47,31 : 57.94"
"47,32 : 38.01"
"47,33 : 46.32"
"47,34 : 69.32"
"47,35 : 70.21"
"47,36 : 72.56"
"47,37 : 23.35"
"47,38 : 24.52"
"47,39 : 48.37"
"47,40 : 34.06"
"47,41 : 25.08"
"47,42 : 41.77"
"47,43 : 40.61"
"47,44 : 42.8"
"47,45 : 31.62"
"47,46 : 62.23"
"47,47 : 0.0"
"47,48 : 46.75"
"47,49 : 51.09"
"48,0 : 21.59"
"48,1 : 64.88"
"48,2 : 44.0"
"48,3 : 43.57"
"48,4 : 29.15"
"48,5 : 31.62"
"48,6 : 78.85"
"48,7 : 75.15"
"48,8 : 48.55"
"48,9 : 82.33"
"48,10 : 35.51"
"48,11 : 38.08"
"48,12 : 84.76"
"48,13 : 33.53"
"48,14 : 66.57"
"48,15 : 59.94"
"48,16 : 32.89"
"48,17 : 43.57"
"48,18 : 66.07"
"48,19 : 20.62"
"48,20 : 41.63"
"48,21 : 70.77"
"48,22 : 39.96"
"48,23 : 77.49"
"48,24 : 58.31"
"48,25 : 15.62"
"48,26 : 32.57"
"48,27 : 80.23"
"48,28 : 22.47"
"48,29 : 23.02"
"48,30 : 44.01"
"48,31 : 55.36"
"48,32 : 84.22"
"48,33 : 74.24"
"48,34 : 31.26"
"48,35 : 32.25"
"48,36 : 32.02"
"48,37 : 70.04"
"48,38 : 62.65"
"48,39 : 55.44"
"48,40 : 61.66"
"48,41 : 34.48"
"48,42 : 59.14"
"48,43 : 24.52"
"48,44 : 5.1"
"48,45 : 62.37"
"48,46 : 15.81"
"48,47 : 46.75"
"48,48 : 0.0"
"48,49 : 4.47"
"49,0 : 25.96"
"49,1 : 69.35"
"49,2 : 46.17"
"49,3 : 46.32"
"49,4 : 29.15"
"49,5 : 34.93"
"49,6 : 83.24"
"49,7 : 79.62"
"49,8 : 53.0"
"49,9 : 86.68"
"49,10 : 35.34"
"49,11 : 40.72"
"49,12 : 87.93"
"49,13 : 36.88"
"49,14 : 71.02"
"49,15 : 62.65"
"49,16 : 37.34"
"49,17 : 47.43"
"49,18 : 70.01"
"49,19 : 24.76"
"49,20 : 45.18"
"49,21 : 74.25"
"49,22 : 44.42"
"49,23 : 81.93"
"49,24 : 61.35"
"49,25 : 11.66"
"49,26 : 33.54"
"49,27 : 84.53"
"49,28 : 20.52"
"49,29 : 21.21"
"49,30 : 48.01"
"49,31 : 56.04"
"49,32 : 88.41"
"49,33 : 78.41"
"49,34 : 30.08"
"49,35 : 31.05"
"49,36 : 30.15"
"49,37 : 74.33"
"49,38 : 66.37"
"49,39 : 57.08"
"49,40 : 65.92"
"49,41 : 37.7"
"49,42 : 61.52"
"49,43 : 26.02"
"49,44 : 8.6"
"49,45 : 66.71"
"49,46 : 12.08"
"49,47 : 51.09"
"49,48 : 4.47"
"49,49 : 0.0"
