x,y
27,99
71,44
99,93
22,19
66,15
90,35
71,92
25,67
59,73
17,67
6,82
93,90
72,62
38,45
34,52
78,91
91,13
100,62
52,4
100,90
83,87
8,58
72,100
0,73
99,76
64,9
54,95
51,10
10,77
35,5
85,52
93,16
13,6
82,94
40,90
24,27
36,57
99,26
0,20
5,50
58,94
13,9
34,74
36,75
35,42
8,40
34,20
85,52
41,45
79,0

Distanze
"0,0 : 0.0"
"0,1 : 70.43"
"0,2 : 72.25"
"0,3 : 80.16"
"0,4 : 92.61"
"0,5 : 89.81"
"0,6 : 44.55"
"0,7 : 32.06"
"0,8 : 41.23"
"0,9 : 33.53"
"0,10 : 27.02"
"0,11 : 66.61"
"0,12 : 58.26"
"0,13 : 55.11"
"0,14 : 47.52"
"0,15 : 51.62"
"0,16 : 107.2"
"0,17 : 81.84"
"0,18 : 98.23"
"0,19 : 73.55"
"0,20 : 57.27"
"0,21 : 45.19"
"0,22 : 45.01"
"0,23 : 37.48"
"0,24 : 75.58"
"0,25 : 97.31"
"0,26 : 27.29"
"0,27 : 92.18"
"0,28 : 27.8"
"0,29 : 94.34"
"0,30 : 74.65"
"0,31 : 106.04"
"0,32 : 94.05"
"0,33 : 55.23"
"0,34 : 15.81"
"0,35 : 72.06"
"0,36 : 42.95"
"0,37 : 102.53"
"0,38 : 83.49"
"0,39 : 53.71"
"0,40 : 31.4"
"0,41 : 91.08"
"0,42 : 25.96"
"0,43 : 25.63"
"0,44 : 57.56"
"0,45 : 61.98"
"0,46 : 79.31"
"0,47 : 74.65"
"0,48 : 55.79"
"0,49 : 111.83"
"1,0 : 70.43"
"1,1 : 0.0"
"1,2 : 56.44"
"1,3 : 55.01"
"1,4 : 29.43"
"1,5 : 21.02"
"1,6 : 48.0"
"1,7 : 51.43"
"1,8 : 31.38"
"1,9 : 58.69"
"1,10 : 75.29"
"1,11 : 50.99"
"1,12 : 18.03"
"1,13 : 33.02"
"1,14 : 37.85"
"1,15 : 47.52"
"1,16 : 36.89"
"1,17 : 34.13"
"1,18 : 44.28"
"1,19 : 54.38"
"1,20 : 44.64"
"1,21 : 64.54"
"1,22 : 56.01"
"1,23 : 76.69"
"1,24 : 42.52"
"1,25 : 35.69"
"1,26 : 53.76"
"1,27 : 39.45"
"1,28 : 69.35"
"1,29 : 53.08"
"1,30 : 16.12"
"1,31 : 35.61"
"1,32 : 69.34"
"1,33 : 51.2"
"1,34 : 55.47"
"1,35 : 49.98"
"1,36 : 37.34"
"1,37 : 33.29"
"1,38 : 74.95"
"1,39 : 66.27"
"1,40 : 51.66"
"1,41 : 67.74"
"1,42 : 47.63"
"1,43 : 46.75"
"1,44 : 36.06"
"1,45 : 63.13"
"1,46 : 44.1"
"1,47 : 16.12"
"1,48 : 30.02"
"1,49 : 44.72"
"2,0 : 72.25"
"2,1 : 56.44"
"2,2 : 0.0"
"2,3 : 106.79"
"2,4 : 84.69"
"2,5 : 58.69"
"2,6 : 28.02"
"2,7 : 78.43"
"2,8 : 44.72"
"2,9 : 86.02"
"2,10 : 93.65"
"2,11 : 6.71"
"2,12 : 41.11"
"2,13 : 77.62"
"2,14 : 76.85"
"2,15 : 21.1"
"2,16 : 80.4"
"2,17 : 31.02"
"2,18 : 100.65"
"2,19 : 3.16"
"2,20 : 17.09"
"2,21 : 97.5"
"2,22 : 27.89"
"2,23 : 101.0"
"2,24 : 17.0"
"2,25 : 91.0"
"2,26 : 45.04"
"2,27 : 95.88"
"2,28 : 90.43"
"2,29 : 108.81"
"2,30 : 43.32"
"2,31 : 77.23"
"2,32 : 122.33"
"2,33 : 17.03"
"2,34 : 59.08"
"2,35 : 99.9"
"2,36 : 72.56"
"2,37 : 67.0"
"2,38 : 123.0"
"2,39 : 103.37"
"2,40 : 41.01"
"2,41 : 120.22"
"2,42 : 67.72"
"2,43 : 65.52"
"2,44 : 81.84"
"2,45 : 105.31"
"2,46 : 97.74"
"2,47 : 43.32"
"2,48 : 75.29"
"2,49 : 95.13"
"3,0 : 80.16"
"3,1 : 55.01"
"3,2 : 106.79"
"3,3 : 0.0"
"3,4 : 44.18"
"3,5 : 69.86"
"3,6 : 87.92"
"3,7 : 48.09"
"3,8 : 65.46"
"3,9 : 48.26"
"3,10 : 65.0"
"3,11 : 100.41"
"3,12 : 65.95"
"3,13 : 30.53"
"3,14 : 35.11"
"3,15 : 91.21"
"3,16 : 69.26"
"3,17 : 89.07"
"3,18 : 33.54"
"3,19 : 105.48"
"3,20 : 91.35"
"3,21 : 41.44"
"3,22 : 95.19"
"3,23 : 58.31"
"3,24 : 95.8"
"3,25 : 43.17"
"3,26 : 82.46"
"3,27 : 30.36"
"3,28 : 59.23"
"3,29 : 19.1"
"3,30 : 71.12"
"3,31 : 71.06"
"3,32 : 15.81"
"3,33 : 96.05"
"3,34 : 73.25"
"3,35 : 8.25"
"3,36 : 40.5"
"3,37 : 77.32"
"3,38 : 22.02"
"3,39 : 35.36"
"3,40 : 83.19"
"3,41 : 13.45"
"3,42 : 56.29"
"3,43 : 57.72"
"3,44 : 26.42"
"3,45 : 25.24"
"3,46 : 12.04"
"3,47 : 71.12"
"3,48 : 32.2"
"3,49 : 60.08"
"4,0 : 92.61"
"4,1 : 29.43"
"4,2 : 84.69"
"4,3 : 44.18"
"4,4 : 0.0"
"4,5 : 31.24"
"4,6 : 77.16"
"4,7 : 66.22"
"4,8 : 58.42"
"4,9 : 71.45"
"4,10 : 89.94"
"4,11 : 79.71"
"4,12 : 47.38"
"4,13 : 41.04"
"4,14 : 48.92"
"4,15 : 76.94"
"4,16 : 25.08"
"4,17 : 58.01"
"4,18 : 17.8"
"4,19 : 82.35"
"4,20 : 73.98"
"4,21 : 72.2"
"4,22 : 85.21"
"4,23 : 87.86"
"4,24 : 69.35"
"4,25 : 6.32"
"4,26 : 80.89"
"4,27 : 15.81"
"4,28 : 83.55"
"4,29 : 32.57"
"4,30 : 41.59"
"4,31 : 27.02"
"4,32 : 53.76"
"4,33 : 80.6"
"4,34 : 79.38"
"4,35 : 43.68"
"4,36 : 51.61"
"4,37 : 34.79"
"4,38 : 66.19"
"4,39 : 70.33"
"4,40 : 79.4"
"4,41 : 53.34"
"4,42 : 67.12"
"4,43 : 67.08"
"4,44 : 41.11"
"4,45 : 63.16"
"4,46 : 32.39"
"4,47 : 41.59"
"4,48 : 39.05"
"4,49 : 19.85"
"5,0 : 89.81"
"5,1 : 21.02"
"5,2 : 58.69"
"5,3 : 69.86"
"5,4 : 31.24"
"5,5 : 0.0"
"5,6 : 60.08"
"5,7 : 72.45"
"5,8 : 49.04"
"5,9 : 79.71"
"5,10 : 96.25"
"5,11 : 55.08"
"5,12 : 32.45"
"5,13 : 52.95"
"5,14 : 58.52"
"5,15 : 57.27"
"5,16 : 22.02"
"5,17 : 28.79"
"5,18 : 49.04"
"5,19 : 55.9"
"5,20 : 52.47"
"5,21 : 85.16"
"5,22 : 67.45"
"5,23 : 97.69"
"5,24 : 41.98"
"5,25 : 36.77"
"5,26 : 69.97"
"5,27 : 46.32"
"5,28 : 90.35"
"5,29 : 62.65"
"5,30 : 17.72"
"5,31 : 19.24"
"5,32 : 82.28"
"5,33 : 59.54"
"5,34 : 74.33"
"5,35 : 66.48"
"5,36 : 58.31"
"5,37 : 12.73"
"5,38 : 91.24"
"5,39 : 86.31"
"5,40 : 67.12"
"5,41 : 81.27"
"5,42 : 68.24"
"5,43 : 67.2"
"5,44 : 55.44"
"5,45 : 82.15"
"5,46 : 57.97"
"5,47 : 17.72"
"5,48 : 50.01"
"5,49 : 36.69"
"6,0 : 44.55"
"6,1 : 48.0"
"6,2 : 28.02"
"6,3 : 87.92"
"6,4 : 77.16"
"6,5 : 60.08"
"6,6 : 0.0"
"6,7 : 52.35"
"6,8 : 22.47"
"6,9 : 59.51"
"6,10 : 65.76"
"6,11 : 22.09"
"6,12 : 30.02"
"6,13 : 57.43"
"6,14 : 54.49"
"6,15 : 7.07"
"6,16 : 81.49"
"6,17 : 41.73"
"6,18 : 90.03"
"6,19 : 29.07"
"6,20 : 13.0"
"6,21 : 71.59"
"6,22 : 8.06"
"6,23 : 73.5"
"6,24 : 32.25"
"6,25 : 83.29"
"6,26 : 17.26"
"6,27 : 84.4"
"6,28 : 62.82"
"6,29 : 94.15"
"6,30 : 42.38"
"6,31 : 79.12"
"6,32 : 103.73"
"6,33 : 11.18"
"6,34 : 31.06"
"6,35 : 80.21"
"6,36 : 49.5"
"6,37 : 71.69"
"6,38 : 101.12"
"6,39 : 78.23"
"6,40 : 13.15"
"6,41 : 101.26"
"6,42 : 41.15"
"6,43 : 38.91"
"6,44 : 61.61"
"6,45 : 81.69"
"6,46 : 80.95"
"6,47 : 42.38"
"6,48 : 55.76"
"6,49 : 92.35"
"7,0 : 32.06"
"7,1 : 51.43"
"7,2 : 78.43"
"7,3 : 48.09"
"7,4 : 66.22"
"7,5 : 72.45"
"7,6 : 52.35"
"7,7 : 0.0"
"7,8 : 34.53"
"7,9 : 8.0"
"7,10 : 24.21"
"7,11 : 71.78"
"7,12 : 47.27"
"7,13 : 25.55"
"7,14 : 17.49"
"7,15 : 58.18"
"7,16 : 85.28"
"7,17 : 75.17"
"7,18 : 68.54"
"7,19 : 78.45"
"7,20 : 61.35"
"7,21 : 19.24"
"7,22 : 57.43"
"7,23 : 25.71"
"7,24 : 74.55"
"7,25 : 69.89"
"7,26 : 40.31"
"7,27 : 62.65"
"7,28 : 18.03"
"7,29 : 62.8"
"7,30 : 61.85"
"7,31 : 85.0"
"7,32 : 62.17"
"7,33 : 63.07"
"7,34 : 27.46"
"7,35 : 40.01"
"7,36 : 14.87"
"7,37 : 84.6"
"7,38 : 53.24"
"7,39 : 26.25"
"7,40 : 42.64"
"7,41 : 59.23"
"7,42 : 11.4"
"7,43 : 13.6"
"7,44 : 26.93"
"7,45 : 31.91"
"7,46 : 47.85"
"7,47 : 61.85"
"7,48 : 27.2"
"7,49 : 86.05"
"8,0 : 41.23"
"8,1 : 31.38"
"8,2 : 44.72"
"8,3 : 65.46"
"8,4 : 58.42"
"8,5 : 49.04"
"8,6 : 22.47"
"8,7 : 34.53"
"8,8 : 0.0"
"8,9 : 42.43"
"8,10 : 53.76"
"8,11 : 38.01"
"8,12 : 17.03"
"8,13 : 35.0"
"8,14 : 32.65"
"8,15 : 26.17"
"8,16 : 68.0"
"8,17 : 42.45"
"8,18 : 69.35"
"8,19 : 44.38"
"8,20 : 27.78"
"8,21 : 53.16"
"8,22 : 29.97"
"8,23 : 59.0"
"8,24 : 40.11"
"8,25 : 64.2"
"8,26 : 22.56"
"8,27 : 63.51"
"8,28 : 49.16"
"8,29 : 72.11"
"8,30 : 33.42"
"8,31 : 66.37"
"8,32 : 81.27"
"8,33 : 31.14"
"8,34 : 25.5"
"8,35 : 57.8"
"8,36 : 28.02"
"8,37 : 61.72"
"8,38 : 79.31"
"8,39 : 58.69"
"8,40 : 21.02"
"8,41 : 78.82"
"8,42 : 25.02"
"8,43 : 23.09"
"8,44 : 39.2"
"8,45 : 60.75"
"8,46 : 58.6"
"8,47 : 33.42"
"8,48 : 33.29"
"8,49 : 75.69"
"9,0 : 33.53"
"9,1 : 58.69"
"9,2 : 86.02"
"9,3 : 48.26"
"9,4 : 71.45"
"9,5 : 79.71"
"9,6 : 59.51"
"9,7 : 8.0"
"9,8 : 42.43"
"9,9 : 0.0"
"9,10 : 18.6"
"9,11 : 79.4"
"9,12 : 55.23"
"9,13 : 30.41"
"9,14 : 22.67"
"9,15 : 65.55"
"9,16 : 91.61"
"9,17 : 83.15"
"9,18 : 72.07"
"9,19 : 86.13"
"9,20 : 68.96"
"9,21 : 12.73"
"9,22 : 64.14"
"9,23 : 18.03"
"9,24 : 82.49"
"9,25 : 74.65"
"9,26 : 46.4"
"9,27 : 66.37"
"9,28 : 12.21"
"9,29 : 64.56"
"9,30 : 69.63"
"9,31 : 91.53"
"9,32 : 61.13"
"9,33 : 70.38"
"9,34 : 32.53"
"9,35 : 40.61"
"9,36 : 21.47"
"9,37 : 91.68"
"9,38 : 49.98"
"9,39 : 20.81"
"9,40 : 49.09"
"9,41 : 58.14"
"9,42 : 18.38"
"9,43 : 20.62"
"9,44 : 30.81"
"9,45 : 28.46"
"9,46 : 49.98"
"9,47 : 69.63"
"9,48 : 32.56"
"9,49 : 91.29"
"10,0 : 27.02"
"10,1 : 75.29"
"10,2 : 93.65"
"10,3 : 65.0"
"10,4 : 89.94"
"10,5 : 96.25"
"10,6 : 65.76"
"10,7 : 24.21"
"10,8 : 53.76"
"10,9 : 18.6"
"10,10 : 0.0"
"10,11 : 87.37"
"10,12 : 68.96"
"10,13 : 48.92"
"10,14 : 41.04"
"10,15 : 72.56"
"10,16 : 109.48"
"10,17 : 96.1"
"10,18 : 90.55"
"10,19 : 94.34"
"10,20 : 77.16"
"10,21 : 24.08"
"10,22 : 68.41"
"10,23 : 10.82"
"10,24 : 93.19"
"10,25 : 93.24"
"10,26 : 49.73"
"10,27 : 84.91"
"10,28 : 6.4"
"10,29 : 82.28"
"10,30 : 84.5"
"10,31 : 109.2"
"10,32 : 76.32"
"10,33 : 76.94"
"10,34 : 34.93"
"10,35 : 57.87"
"10,36 : 39.05"
"10,37 : 108.56"
"10,38 : 62.29"
"10,39 : 32.02"
"10,40 : 53.37"
"10,41 : 73.33"
"10,42 : 29.12"
"10,43 : 30.81"
"10,44 : 49.41"
"10,45 : 42.05"
"10,46 : 68.03"
"10,47 : 84.5"
"10,48 : 50.93"
"10,49 : 109.79"
"11,0 : 66.61"
"11,1 : 50.99"
"11,2 : 6.71"
"11,3 : 100.41"
"11,4 : 79.71"
"11,5 : 55.08"
"11,6 : 22.09"
"11,7 : 71.78"
"11,8 : 38.01"
"11,9 : 79.4"
"11,10 : 87.37"
"11,11 : 0.0"
"11,12 : 35.0"
"11,13 : 71.06"
"11,14 : 70.18"
"11,15 : 15.03"
"11,16 : 77.03"
"11,17 : 28.86"
"11,18 : 95.27"
"11,19 : 7.0"
"11,20 : 10.44"
"11,21 : 90.82"
"11,22 : 23.26"
"11,23 : 94.54"
"11,24 : 15.23"
"11,25 : 86.03"
"11,26 : 39.32"
"11,27 : 90.35"
"11,28 : 84.01"
"11,29 : 102.9"
"11,30 : 38.83"
"11,31 : 74.0"
"11,32 : 116.0"
"11,33 : 11.7"
"11,34 : 53.0"
"11,35 : 93.43"
"11,36 : 65.86"
"11,37 : 64.28"
"11,38 : 116.4"
"11,39 : 96.66"
"11,40 : 35.23"
"11,41 : 113.85"
"11,42 : 61.13"
"11,43 : 58.94"
"11,44 : 75.29"
"11,45 : 98.62"
"11,46 : 91.55"
"11,47 : 38.83"
"11,48 : 68.77"
"11,49 : 91.08"
"12,0 : 58.26"
"12,1 : 18.03"
"12,2 : 41.11"
"12,3 : 65.95"
"12,4 : 47.38"
"12,5 : 32.45"
"12,6 : 30.02"
"12,7 : 47.27"
"12,8 : 17.03"
"12,9 : 55.23"
"12,10 : 68.96"
"12,11 : 35.0"
"12,12 : 0.0"
"12,13 : 38.01"
"12,14 : 39.29"
"12,15 : 29.61"
"12,16 : 52.55"
"12,17 : 28.0"
"12,18 : 61.35"
"12,19 : 39.6"
"12,20 : 27.31"
"12,21 : 64.12"
"12,22 : 38.0"
"12,23 : 72.84"
"12,24 : 30.41"
"12,25 : 53.6"
"12,26 : 37.59"
"12,27 : 56.08"
"12,28 : 63.79"
"12,29 : 67.96"
"12,30 : 16.4"
"12,31 : 50.57"
"12,32 : 81.34"
"12,33 : 33.53"
"12,34 : 42.52"
"12,35 : 59.41"
"12,36 : 36.35"
"12,37 : 45.0"
"12,38 : 83.35"
"12,39 : 68.07"
"12,40 : 34.93"
"12,41 : 79.31"
"12,42 : 39.85"
"12,43 : 38.28"
"12,44 : 42.06"
"12,45 : 67.68"
"12,46 : 56.64"
"12,47 : 16.4"
"12,48 : 35.36"
"12,49 : 62.39"
"13,0 : 55.11"
"13,1 : 33.02"
"13,2 : 77.62"
"13,3 : 30.53"
"13,4 : 41.04"
"13,5 : 52.95"
"13,6 : 57.43"
"13,7 : 25.55"
"13,8 : 35.0"
"13,9 : 30.41"
"13,10 : 48.92"
"13,11 : 71.06"
"13,12 : 38.01"
"13,13 : 0.0"
"13,14 : 8.06"
"13,15 : 60.96"
"13,16 : 61.91"
"13,17 : 64.29"
"13,18 : 43.32"
"13,19 : 76.61"
"13,20 : 61.55"
"13,21 : 32.7"
"13,22 : 64.66"
"13,23 : 47.2"
"13,24 : 68.43"
"13,25 : 44.41"
"13,26 : 52.5"
"13,27 : 37.34"
"13,28 : 42.52"
"13,29 : 40.11"
"13,30 : 47.52"
"13,31 : 62.18"
"13,32 : 46.32"
"13,33 : 65.86"
"13,34 : 45.04"
"13,35 : 22.8"
"13,36 : 12.17"
"13,37 : 63.89"
"13,38 : 45.49"
"13,39 : 33.38"
"13,40 : 52.92"
"13,41 : 43.83"
"13,42 : 29.27"
"13,43 : 30.07"
"13,44 : 4.24"
"13,45 : 30.41"
"13,46 : 25.32"
"13,47 : 47.52"
"13,48 : 3.0"
"13,49 : 60.88"
"14,0 : 47.52"
"14,1 : 37.85"
"14,2 : 76.85"
"14,3 : 35.11"
"14,4 : 48.92"
"14,5 : 58.52"
"14,6 : 54.49"
"14,7 : 17.49"
"14,8 : 32.65"
"14,9 : 22.67"
"14,10 : 41.04"
"14,11 : 70.18"
"14,12 : 39.29"
"14,13 : 8.06"
"14,14 : 0.0"
"14,15 : 58.8"
"14,16 : 69.07"
"14,17 : 66.75"
"14,18 : 51.26"
"14,19 : 76.16"
"14,20 : 60.22"
"14,21 : 26.68"
"14,22 : 61.22"
"14,23 : 39.96"
"14,24 : 69.29"
"14,25 : 52.43"
"14,26 : 47.42"
"14,27 : 45.31"
"14,28 : 34.66"
"14,29 : 47.01"
"14,30 : 51.0"
"14,31 : 69.12"
"14,32 : 50.57"
"14,33 : 63.78"
"14,34 : 38.47"
"14,35 : 26.93"
"14,36 : 5.39"
"14,37 : 70.01"
"14,38 : 46.69"
"14,39 : 29.07"
"14,40 : 48.37"
"14,41 : 47.85"
"14,42 : 22.0"
"14,43 : 23.09"
"14,44 : 10.05"
"14,45 : 28.64"
"14,46 : 32.0"
"14,47 : 51.0"
"14,48 : 9.9"
"14,49 : 68.77"
"15,0 : 51.62"
"15,1 : 47.52"
"15,2 : 21.1"
"15,3 : 91.21"
"15,4 : 76.94"
"15,5 : 57.27"
"15,6 : 7.07"
"15,7 : 58.18"
"15,8 : 26.17"
"15,9 : 65.55"
"15,10 : 72.56"
"15,11 : 15.03"
"15,12 : 29.61"
"15,13 : 60.96"
"15,14 : 58.8"
"15,15 : 0.0"
"15,16 : 79.08"
"15,17 : 36.4"
"15,18 : 90.8"
"15,19 : 22.02"
"15,20 : 6.4"
"15,21 : 77.39"
"15,22 : 10.82"
"15,23 : 80.05"
"15,24 : 25.81"
"15,25 : 83.19"
"15,26 : 24.33"
"15,27 : 85.38"
"15,28 : 69.43"
"15,29 : 96.15"
"15,30 : 39.62"
"15,31 : 76.49"
"15,32 : 107.0"
"15,33 : 5.0"
"15,34 : 38.01"
"15,35 : 83.74"
"15,36 : 54.04"
"15,37 : 68.31"
"15,38 : 105.48"
"15,39 : 83.73"
"15,40 : 20.22"
"15,41 : 104.64"
"15,42 : 47.17"
"15,43 : 44.94"
"15,44 : 65.19"
"15,45 : 86.61"
"15,46 : 83.53"
"15,47 : 39.62"
"15,48 : 59.03"
"15,49 : 91.01"
"16,0 : 107.2"
"16,1 : 36.89"
"16,2 : 80.4"
"16,3 : 69.26"
"16,4 : 25.08"
"16,5 : 22.02"
"16,6 : 81.49"
"16,7 : 85.28"
"16,8 : 68.0"
"16,9 : 91.61"
"16,10 : 109.48"
"16,11 : 77.03"
"16,12 : 52.55"
"16,13 : 61.91"
"16,14 : 69.07"
"16,15 : 79.08"
"16,16 : 0.0"
"16,17 : 49.82"
"16,18 : 40.02"
"16,19 : 77.52"
"16,20 : 74.43"
"16,21 : 94.41"
"16,22 : 89.05"
"16,23 : 109.0"
"16,24 : 63.51"
"16,25 : 27.29"
"16,26 : 89.96"
"16,27 : 40.11"
"16,28 : 103.23"
"16,29 : 56.57"
"16,30 : 39.46"
"16,31 : 3.61"
"16,32 : 78.31"
"16,33 : 81.5"
"16,34 : 92.36"
"16,35 : 68.45"
"16,36 : 70.43"
"16,37 : 15.26"
"16,38 : 91.27"
"16,39 : 93.62"
"16,40 : 87.46"
"16,41 : 78.1"
"16,42 : 83.49"
"16,43 : 82.88"
"16,44 : 63.06"
"16,45 : 87.28"
"16,46 : 57.43"
"16,47 : 39.46"
"16,48 : 59.36"
"16,49 : 17.69"
"17,0 : 81.84"
"17,1 : 34.13"
"17,2 : 31.02"
"17,3 : 89.07"
"17,4 : 58.01"
"17,5 : 28.79"
"17,6 : 41.73"
"17,7 : 75.17"
"17,8 : 42.45"
"17,9 : 83.15"
"17,10 : 96.1"
"17,11 : 28.86"
"17,12 : 28.0"
"17,13 : 64.29"
"17,14 : 66.75"
"17,15 : 36.4"
"17,16 : 49.82"
"17,17 : 0.0"
"17,18 : 75.29"
"17,19 : 28.0"
"17,20 : 30.23"
"17,21 : 92.09"
"17,22 : 47.2"
"17,23 : 100.6"
"17,24 : 14.04"
"17,25 : 64.07"
"17,26 : 56.61"
"17,27 : 71.45"
"17,28 : 91.24"
"17,29 : 86.45"
"17,30 : 18.03"
"17,31 : 46.53"
"17,32 : 103.46"
"17,33 : 36.72"
"17,34 : 66.21"
"17,35 : 83.67"
"17,36 : 64.2"
"17,37 : 36.01"
"17,38 : 108.46"
"17,39 : 95.75"
"17,40 : 52.8"
"17,41 : 101.87"
"17,42 : 67.08"
"17,43 : 65.31"
"17,44 : 68.01"
"17,45 : 94.59"
"17,46 : 78.23"
"17,47 : 18.03"
"17,48 : 61.4"
"17,49 : 65.46"
"18,0 : 98.23"
"18,1 : 44.28"
"18,2 : 100.65"
"18,3 : 33.54"
"18,4 : 17.8"
"18,5 : 49.04"
"18,6 : 90.03"
"18,7 : 68.54"
"18,8 : 69.35"
"18,9 : 72.07"
"18,10 : 90.55"
"18,11 : 95.27"
"18,12 : 61.35"
"18,13 : 43.32"
"18,14 : 51.26"
"18,15 : 90.8"
"18,16 : 40.02"
"18,17 : 75.29"
"18,18 : 0.0"
"18,19 : 98.49"
"18,20 : 88.6"
"18,21 : 69.66"
"18,22 : 98.06"
"18,23 : 86.4"
"18,24 : 85.98"
"18,25 : 13.0"
"18,26 : 91.02"
"18,27 : 6.08"
"18,28 : 84.22"
"18,29 : 17.03"
"18,30 : 58.25"
"18,31 : 42.72"
"18,32 : 39.05"
"18,33 : 94.87"
"18,34 : 86.83"
"18,35 : 36.24"
"18,36 : 55.36"
"18,37 : 51.89"
"18,38 : 54.41"
"18,39 : 65.76"
"18,40 : 90.2"
"18,41 : 39.32"
"18,42 : 72.28"
"18,43 : 72.78"
"18,44 : 41.63"
"18,45 : 56.85"
"18,46 : 24.08"
"18,47 : 58.25"
"18,48 : 42.45"
"18,49 : 27.29"
"19,0 : 73.55"
"19,1 : 54.38"
"19,2 : 3.16"
"19,3 : 105.48"
"19,4 : 82.35"
"19,5 : 55.9"
"19,6 : 29.07"
"19,7 : 78.45"
"19,8 : 44.38"
"19,9 : 86.13"
"19,10 : 94.34"
"19,11 : 7.0"
"19,12 : 39.6"
"19,13 : 76.61"
"19,14 : 76.16"
"19,15 : 22.02"
"19,16 : 77.52"
"19,17 : 28.0"
"19,18 : 98.49"
"19,19 : 0.0"
"19,20 : 17.26"
"19,21 : 97.41"
"19,22 : 29.73"
"19,23 : 101.43"
"19,24 : 14.04"
"19,25 : 88.64"
"19,26 : 46.27"
"19,27 : 93.81"
"19,28 : 90.93"
"19,29 : 107.0"
"19,30 : 40.85"
"19,31 : 74.33"
"19,32 : 120.93"
"19,33 : 18.44"
"19,34 : 60.0"
"19,35 : 98.72"
"19,36 : 72.01"
"19,37 : 64.01"
"19,38 : 122.07"
"19,39 : 103.08"
"19,40 : 42.19"
"19,41 : 118.87"
"19,42 : 67.91"
"19,43 : 65.73"
"19,44 : 80.8"
"19,45 : 104.71"
"19,46 : 96.21"
"19,47 : 40.85"
"19,48 : 74.2"
"19,49 : 92.42"
"20,0 : 57.27"
"20,1 : 44.64"
"20,2 : 17.09"
"20,3 : 91.35"
"20,4 : 73.98"
"20,5 : 52.47"
"20,6 : 13.0"
"20,7 : 61.35"
"20,8 : 27.78"
"20,9 : 68.96"
"20,10 : 77.16"
"20,11 : 10.44"
"20,12 : 27.31"
"20,13 : 61.55"
"20,14 : 60.22"
"20,15 : 6.4"
"20,16 : 74.43"
"20,17 : 30.23"
"20,18 : 88.6"
"20,19 : 17.26"
"20,20 : 0.0"
"20,21 : 80.41"
"20,22 : 17.03"
"20,23 : 84.17"
"20,24 : 19.42"
"20,25 : 80.28"
"20,26 : 30.08"
"20,27 : 83.38"
"20,28 : 73.68"
"20,29 : 95.02"
"20,30 : 35.06"
"20,31 : 71.7"
"20,32 : 107.06"
"20,33 : 7.07"
"20,34 : 43.1"
"20,35 : 84.15"
"20,36 : 55.76"
"20,37 : 63.06"
"20,38 : 106.67"
"20,39 : 86.33"
"20,40 : 25.96"
"20,41 : 104.8"
"20,42 : 50.7"
"20,43 : 48.51"
"20,44 : 65.8"
"20,45 : 88.51"
"20,46 : 83.01"
"20,47 : 35.06"
"20,48 : 59.4"
"20,49 : 87.09"
"21,0 : 45.19"
"21,1 : 64.54"
"21,2 : 97.5"
"21,3 : 41.44"
"21,4 : 72.2"
"21,5 : 85.16"
"21,6 : 71.59"
"21,7 : 19.24"
"21,8 : 53.16"
"21,9 : 12.73"
"21,10 : 24.08"
"21,11 : 90.82"
"21,12 : 64.12"
"21,13 : 32.7"
"21,14 : 26.68"
"21,15 : 77.39"
"21,16 : 94.41"
"21,17 : 92.09"
"21,18 : 69.66"
"21,19 : 97.41"
"21,20 : 80.41"
"21,21 : 0.0"
"21,22 : 76.55"
"21,23 : 17.0"
"21,24 : 92.76"
"21,25 : 74.41"
"21,26 : 59.03"
"21,27 : 64.44"
"21,28 : 19.1"
"21,29 : 59.48"
"21,30 : 77.23"
"21,31 : 94.81"
"21,32 : 52.24"
"21,33 : 82.29"
"21,34 : 45.25"
"21,35 : 34.89"
"21,36 : 28.02"
"21,37 : 96.46"
"21,38 : 38.83"
"21,39 : 8.54"
"21,40 : 61.61"
"21,41 : 49.25"
"21,42 : 30.53"
"21,43 : 32.76"
"21,44 : 31.38"
"21,45 : 18.0"
"21,46 : 46.04"
"21,47 : 77.23"
"21,48 : 35.47"
"21,49 : 91.68"
"22,0 : 45.01"
"22,1 : 56.01"
"22,2 : 27.89"
"22,3 : 95.19"
"22,4 : 85.21"
"22,5 : 67.45"
"22,6 : 8.06"
"22,7 : 57.43"
"22,8 : 29.97"
"22,9 : 64.14"
"22,10 : 68.41"
"22,11 : 23.26"
"22,12 : 38.0"
"22,13 : 64.66"
"22,14 : 61.22"
"22,15 : 10.82"
"22,16 : 89.05"
"22,17 : 47.2"
"22,18 : 98.06"
"22,19 : 29.73"
"22,20 : 17.03"
"22,21 : 76.55"
"22,22 : 0.0"
"22,23 : 76.9"
"22,24 : 36.12"
"22,25 : 91.35"
"22,26 : 18.68"
"22,27 : 92.42"
"22,28 : 66.13"
"22,29 : 101.95"
"22,30 : 49.73"
"22,31 : 86.59"
"22,32 : 110.98"
"22,33 : 11.66"
"22,34 : 33.53"
"22,35 : 87.37"
"22,36 : 56.08"
"22,37 : 78.77"
"22,38 : 107.63"
"22,39 : 83.6"
"22,40 : 15.23"
"22,41 : 108.45"
"22,42 : 46.04"
"22,43 : 43.83"
"22,44 : 68.8"
"22,45 : 87.73"
"22,46 : 88.57"
"22,47 : 49.73"
"22,48 : 63.13"
"22,49 : 100.24"
"23,0 : 37.48"
"23,1 : 76.69"
"23,2 : 101.0"
"23,3 : 58.31"
"23,4 : 87.86"
"23,5 : 97.69"
"23,6 : 73.5"
"23,7 : 25.71"
"23,8 : 59.0"
"23,9 : 18.03"
"23,10 : 10.82"
"23,11 : 94.54"
"23,12 : 72.84"
"23,13 : 47.2"
"23,14 : 39.96"
"23,15 : 80.05"
"23,16 : 109.0"
"23,17 : 100.6"
"23,18 : 86.4"
"23,19 : 101.43"
"23,20 : 84.17"
"23,21 : 17.0"
"23,22 : 76.9"
"23,23 : 0.0"
"23,24 : 99.05"
"23,25 : 90.51"
"23,26 : 58.31"
"23,27 : 81.06"
"23,28 : 10.77"
"23,29 : 76.48"
"23,30 : 87.56"
"23,31 : 109.08"
"23,32 : 68.25"
"23,33 : 84.65"
"23,34 : 43.46"
"23,35 : 51.88"
"23,36 : 39.4"
"23,37 : 109.59"
"23,38 : 53.0"
"23,39 : 23.54"
"23,40 : 61.68"
"23,41 : 65.31"
"23,42 : 34.01"
"23,43 : 36.06"
"23,44 : 46.75"
"23,45 : 33.96"
"23,46 : 62.97"
"23,47 : 87.56"
"23,48 : 49.65"
"23,49 : 107.56"
"24,0 : 75.58"
"24,1 : 42.52"
"24,2 : 17.0"
"24,3 : 95.8"
"24,4 : 69.35"
"24,5 : 41.98"
"24,6 : 32.25"
"24,7 : 74.55"
"24,8 : 40.11"
"24,9 : 82.49"
"24,10 : 93.19"
"24,11 : 15.23"
"24,12 : 30.41"
"24,13 : 68.43"
"24,14 : 69.29"
"24,15 : 25.81"
"24,16 : 63.51"
"24,17 : 14.04"
"24,18 : 85.98"
"24,19 : 14.04"
"24,20 : 19.42"
"24,21 : 92.76"
"24,22 : 36.12"
"24,23 : 99.05"
"24,24 : 0.0"
"24,25 : 75.59"
"24,26 : 48.85"
"24,27 : 81.61"
"24,28 : 89.01"
"24,29 : 95.59"
"24,30 : 27.78"
"24,31 : 60.3"
"24,32 : 110.89"
"24,33 : 24.76"
"24,34 : 60.64"
"24,35 : 89.59"
"24,36 : 65.8"
"24,37 : 50.0"
"24,38 : 113.74"
"24,39 : 97.53"
"24,40 : 44.78"
"24,41 : 109.02"
"24,42 : 65.03"
"24,43 : 63.01"
"24,44 : 72.47"
"24,45 : 97.86"
"24,46 : 85.8"
"24,47 : 27.78"
"24,48 : 65.76"
"24,49 : 78.59"
"25,0 : 97.31"
"25,1 : 35.69"
"25,2 : 91.0"
"25,3 : 43.17"
"25,4 : 6.32"
"25,5 : 36.77"
"25,6 : 83.29"
"25,7 : 69.89"
"25,8 : 64.2"
"25,9 : 74.65"
"25,10 : 93.24"
"25,11 : 86.03"
"25,12 : 53.6"
"25,13 : 44.41"
"25,14 : 52.43"
"25,15 : 83.19"
"25,16 : 27.29"
"25,17 : 64.07"
"25,18 : 13.0"
"25,19 : 88.64"
"25,20 : 80.28"
"25,21 : 74.41"
"25,22 : 91.35"
"25,23 : 90.51"
"25,24 : 75.59"
"25,25 : 0.0"
"25,26 : 86.58"
"25,27 : 13.04"
"25,28 : 86.83"
"25,29 : 29.27"
"25,30 : 47.85"
"25,31 : 29.83"
"25,32 : 51.09"
"25,33 : 86.88"
"25,34 : 84.48"
"25,35 : 43.86"
"25,36 : 55.57"
"25,37 : 38.91"
"25,38 : 64.94"
"25,39 : 71.85"
"25,40 : 85.21"
"25,41 : 51.0"
"25,42 : 71.59"
"25,43 : 71.69"
"25,44 : 43.93"
"25,45 : 64.01"
"25,46 : 31.95"
"25,47 : 47.85"
"25,48 : 42.72"
"25,49 : 17.49"
"26,0 : 27.29"
"26,1 : 53.76"
"26,2 : 45.04"
"26,3 : 82.46"
"26,4 : 80.89"
"26,5 : 69.97"
"26,6 : 17.26"
"26,7 : 40.31"
"26,8 : 22.56"
"26,9 : 46.4"
"26,10 : 49.73"
"26,11 : 39.32"
"26,12 : 37.59"
"26,13 : 52.5"
"26,14 : 47.42"
"26,15 : 24.33"
"26,16 : 89.96"
"26,17 : 56.61"
"26,18 : 91.02"
"26,19 : 46.27"
"26,20 : 30.08"
"26,21 : 59.03"
"26,22 : 18.68"
"26,23 : 58.31"
"26,24 : 48.85"
"26,25 : 86.58"
"26,26 : 0.0"
"26,27 : 85.05"
"26,28 : 47.54"
"26,29 : 91.98"
"26,30 : 53.01"
"26,31 : 88.1"
"26,32 : 97.99"
"26,33 : 28.02"
"26,34 : 14.87"
"26,35 : 74.32"
"26,36 : 42.05"
"26,37 : 82.38"
"26,38 : 92.42"
"26,39 : 66.53"
"26,40 : 4.12"
"26,41 : 95.27"
"26,42 : 29.0"
"26,43 : 26.91"
"26,44 : 56.3"
"26,45 : 71.7"
"26,46 : 77.62"
"26,47 : 53.01"
"26,48 : 51.66"
"26,49 : 98.23"
"27,0 : 92.18"
"27,1 : 39.45"
"27,2 : 95.88"
"27,3 : 30.36"
"27,4 : 15.81"
"27,5 : 46.32"
"27,6 : 84.4"
"27,7 : 62.65"
"27,8 : 63.51"
"27,9 : 66.37"
"27,10 : 84.91"
"27,11 : 90.35"
"27,12 : 56.08"
"27,13 : 37.34"
"27,14 : 45.31"
"27,15 : 85.38"
"27,16 : 40.11"
"27,17 : 71.45"
"27,18 : 6.08"
"27,19 : 93.81"
"27,20 : 83.38"
"27,21 : 64.44"
"27,22 : 92.42"
"27,23 : 81.06"
"27,24 : 81.61"
"27,25 : 13.04"
"27,26 : 85.05"
"27,27 : 0.0"
"27,28 : 78.55"
"27,29 : 16.76"
"27,30 : 54.04"
"27,31 : 42.43"
"27,32 : 38.21"
"27,33 : 89.54"
"27,34 : 80.75"
"27,35 : 31.91"
"27,36 : 49.34"
"27,37 : 50.6"
"27,38 : 51.97"
"27,39 : 60.96"
"27,40 : 84.29"
"27,41 : 38.01"
"27,42 : 66.22"
"27,43 : 66.71"
"27,44 : 35.78"
"27,45 : 52.43"
"27,46 : 19.72"
"27,47 : 54.04"
"27,48 : 36.4"
"27,49 : 29.73"
"28,0 : 27.8"
"28,1 : 69.35"
"28,2 : 90.43"
"28,3 : 59.23"
"28,4 : 83.55"
"28,5 : 90.35"
"28,6 : 62.82"
"28,7 : 18.03"
"28,8 : 49.16"
"28,9 : 12.21"
"28,10 : 6.4"
"28,11 : 84.01"
"28,12 : 63.79"
"28,13 : 42.52"
"28,14 : 34.66"
"28,15 : 69.43"
"28,16 : 103.23"
"28,17 : 91.24"
"28,18 : 84.22"
"28,19 : 90.93"
"28,20 : 73.68"
"28,21 : 19.1"
"28,22 : 66.13"
"28,23 : 10.77"
"28,24 : 89.01"
"28,25 : 86.83"
"28,26 : 47.54"
"28,27 : 78.55"
"28,28 : 0.0"
"28,29 : 76.22"
"28,30 : 79.06"
"28,31 : 103.0"
"28,32 : 71.06"
"28,33 : 73.98"
"28,34 : 32.7"
"28,35 : 51.92"
"28,36 : 32.8"
"28,37 : 102.58"
"28,38 : 57.87"
"28,39 : 27.46"
"28,40 : 50.92"
"28,41 : 68.07"
"28,42 : 24.19"
"28,43 : 26.08"
"28,44 : 43.01"
"28,45 : 37.05"
"28,46 : 61.85"
"28,47 : 79.06"
"28,48 : 44.55"
"28,49 : 103.39"
"29,0 : 94.34"
"29,1 : 53.08"
"29,2 : 108.81"
"29,3 : 19.1"
"29,4 : 32.57"
"29,5 : 62.65"
"29,6 : 94.15"
"29,7 : 62.8"
"29,8 : 72.11"
"29,9 : 64.56"
"29,10 : 82.28"
"29,11 : 102.9"
"29,12 : 67.96"
"29,13 : 40.11"
"29,14 : 47.01"
"29,15 : 96.15"
"29,16 : 56.57"
"29,17 : 86.45"
"29,18 : 17.03"
"29,19 : 107.0"
"29,20 : 95.02"
"29,21 : 59.48"
"29,22 : 101.95"
"29,23 : 76.48"
"29,24 : 95.59"
"29,25 : 29.27"
"29,26 : 91.98"
"29,27 : 16.76"
"29,28 : 76.22"
"29,29 : 0.0"
"29,30 : 68.62"
"29,31 : 59.03"
"29,32 : 22.02"
"29,33 : 100.65"
"29,34 : 85.15"
"29,35 : 24.6"
"29,36 : 52.01"
"29,37 : 67.36"
"29,38 : 38.08"
"29,39 : 54.08"
"29,40 : 91.92"
"29,41 : 22.36"
"29,42 : 69.01"
"29,43 : 70.01"
"29,44 : 37.0"
"29,45 : 44.2"
"29,46 : 15.03"
"29,47 : 68.62"
"29,48 : 40.45"
"29,49 : 44.28"
"30,0 : 74.65"
"30,1 : 16.12"
"30,2 : 43.32"
"30,3 : 71.12"
"30,4 : 41.59"
"30,5 : 17.72"
"30,6 : 42.38"
"30,7 : 61.85"
"30,8 : 33.42"
"30,9 : 69.63"
"30,10 : 84.5"
"30,11 : 38.83"
"30,12 : 16.4"
"30,13 : 47.52"
"30,14 : 51.0"
"30,15 : 39.62"
"30,16 : 39.46"
"30,17 : 18.03"
"30,18 : 58.25"
"30,19 : 40.85"
"30,20 : 35.06"
"30,21 : 77.23"
"30,22 : 49.73"
"30,23 : 87.56"
"30,24 : 27.78"
"30,25 : 47.85"
"30,26 : 53.01"
"30,27 : 54.04"
"30,28 : 79.06"
"30,29 : 68.62"
"30,30 : 0.0"
"30,31 : 36.88"
"30,32 : 85.44"
"30,33 : 42.11"
"30,34 : 58.9"
"30,35 : 65.92"
"30,36 : 49.25"
"30,37 : 29.53"
"30,38 : 90.82"
"30,39 : 80.02"
"30,40 : 49.93"
"30,41 : 83.86"
"30,42 : 55.54"
"30,43 : 54.13"
"30,44 : 50.99"
"30,45 : 77.93"
"30,46 : 60.21"
"30,47 : 0.0"
"30,48 : 44.55"
"30,49 : 52.35"
"31,0 : 106.04"
"31,1 : 35.61"
"31,2 : 77.23"
"31,3 : 71.06"
"31,4 : 27.02"
"31,5 : 19.24"
"31,6 : 79.12"
"31,7 : 85.0"
"31,8 : 66.37"
"31,9 : 91.53"
"31,10 : 109.2"
"31,11 : 74.0"
"31,12 : 50.57"
"31,13 : 62.18"
"31,14 : 69.12"
"31,15 : 76.49"
"31,16 : 3.61"
"31,17 : 46.53"
"31,18 : 42.72"
"31,19 : 74.33"
"31,20 : 71.7"
"31,21 : 94.81"
"31,22 : 86.59"
"31,23 : 109.08"
"31,24 : 60.3"
"31,25 : 29.83"
"31,26 : 88.1"
"31,27 : 42.43"
"31,28 : 103.0"
"31,29 : 59.03"
"31,30 : 36.88"
"31,31 : 0.0"
"31,32 : 80.62"
"31,33 : 78.77"
"31,34 : 91.02"
"31,35 : 69.87"
"31,36 : 70.21"
"31,37 : 11.66"
"31,38 : 93.09"
"31,39 : 94.34"
"31,40 : 85.49"
"31,41 : 80.31"
"31,42 : 82.73"
"31,43 : 82.04"
"31,44 : 63.56"
"31,45 : 88.32"
"31,46 : 59.14"
"31,47 : 36.88"
"31,48 : 59.54"
"31,49 : 21.26"
"32,0 : 94.05"
"32,1 : 69.34"
"32,2 : 122.33"
"32,3 : 15.81"
"32,4 : 53.76"
"32,5 : 82.28"
"32,6 : 103.73"
"32,7 : 62.17"
"32,8 : 81.27"
"32,9 : 61.13"
"32,10 : 76.32"
"32,11 : 116.0"
"32,12 : 81.34"
"32,13 : 46.32"
"32,14 : 50.57"
"32,15 : 107.0"
"32,16 : 78.31"
"32,17 : 103.46"
"32,18 : 39.05"
"32,19 : 120.93"
"32,20 : 107.06"
"32,21 : 52.24"
"32,22 : 110.98"
"32,23 : 68.25"
"32,24 : 110.89"
"32,25 : 51.09"
"32,26 : 97.99"
"32,27 : 38.21"
"32,28 : 71.06"
"32,29 : 22.02"
"32,30 : 85.44"
"32,31 : 80.62"
"32,32 : 0.0"
"32,33 : 111.83"
"32,34 : 88.23"
"32,35 : 23.71"
"32,36 : 55.95"
"32,37 : 88.29"
"32,38 : 19.1"
"32,39 : 44.72"
"32,40 : 98.84"
"32,41 : 3.0"
"32,42 : 71.17"
"32,43 : 72.73"
"32,44 : 42.19"
"32,45 : 34.37"
"32,46 : 25.24"
"32,47 : 85.44"
"32,48 : 48.01"
"32,49 : 66.27"
"33,0 : 55.23"
"33,1 : 51.2"
"33,2 : 17.03"
"33,3 : 96.05"
"33,4 : 80.6"
"33,5 : 59.54"
"33,6 : 11.18"
"33,7 : 63.07"
"33,8 : 31.14"
"33,9 : 70.38"
"33,10 : 76.94"
"33,11 : 11.7"
"33,12 : 33.53"
"33,13 : 65.86"
"33,14 : 63.78"
"33,15 : 5.0"
"33,16 : 81.5"
"33,17 : 36.72"
"33,18 : 94.87"
"33,19 : 18.44"
"33,20 : 7.07"
"33,21 : 82.29"
"33,22 : 11.66"
"33,23 : 84.65"
"33,24 : 24.76"
"33,25 : 86.88"
"33,26 : 28.02"
"33,27 : 89.54"
"33,28 : 73.98"
"33,29 : 100.65"
"33,30 : 42.11"
"33,31 : 78.77"
"33,32 : 111.83"
"33,33 : 0.0"
"33,34 : 42.19"
"33,35 : 88.62"
"33,36 : 59.03"
"33,37 : 70.09"
"33,38 : 110.45"
"33,39 : 88.68"
"33,40 : 24.0"
"33,41 : 109.48"
"33,42 : 52.0"
"33,43 : 49.77"
"33,44 : 70.09"
"33,45 : 91.61"
"33,46 : 88.2"
"33,47 : 42.11"
"33,48 : 63.89"
"33,49 : 94.05"
"34,0 : 15.81"
"34,1 : 55.47"
"34,2 : 59.08"
"34,3 : 73.25"
"34,4 : 79.38"
"34,5 : 74.33"
"34,6 : 31.06"
"34,7 : 27.46"
"34,8 : 25.5"
"34,9 : 32.53"
"34,10 : 34.93"
"34,11 : 53.0"
"34,12 : 42.52"
"34,13 : 45.04"
"34,14 : 38.47"
"34,15 : 38.01"
"34,16 : 92.36"
"34,17 : 66.21"
"34,18 : 86.83"
"34,19 : 60.0"
"34,20 : 43.1"
"34,21 : 45.25"
"34,22 : 33.53"
"34,23 : 43.46"
"34,24 : 60.64"
"34,25 : 84.48"
"34,26 : 14.87"
"34,27 : 80.75"
"34,28 : 32.7"
"34,29 : 85.15"
"34,30 : 58.9"
"34,31 : 91.02"
"34,32 : 88.23"
"34,33 : 42.19"
"34,34 : 0.0"
"34,35 : 65.0"
"34,36 : 33.24"
"34,37 : 87.05"
"34,38 : 80.62"
"34,39 : 53.15"
"34,40 : 18.44"
"34,41 : 85.38"
"34,42 : 17.09"
"34,43 : 15.52"
"34,44 : 48.26"
"34,45 : 59.36"
"34,46 : 70.26"
"34,47 : 58.9"
"34,48 : 45.01"
"34,49 : 98.09"
"35,0 : 72.06"
"35,1 : 49.98"
"35,2 : 99.9"
"35,3 : 8.25"
"35,4 : 43.68"
"35,5 : 66.48"
"35,6 : 80.21"
"35,7 : 40.01"
"35,8 : 57.8"
"35,9 : 40.61"
"35,10 : 57.87"
"35,11 : 93.43"
"35,12 : 59.41"
"35,13 : 22.8"
"35,14 : 26.93"
"35,15 : 83.74"
"35,16 : 68.45"
"35,17 : 83.67"
"35,18 : 36.24"
"35,19 : 98.72"
"35,20 : 84.15"
"35,21 : 34.89"
"35,22 : 87.37"
"35,23 : 51.88"
"35,24 : 89.59"
"35,25 : 43.86"
"35,26 : 74.32"
"35,27 : 31.91"
"35,28 : 51.92"
"35,29 : 24.6"
"35,30 : 65.92"
"35,31 : 69.87"
"35,32 : 23.71"
"35,33 : 88.62"
"35,34 : 65.0"
"35,35 : 0.0"
"35,36 : 32.31"
"35,37 : 75.01"
"35,38 : 25.0"
"35,39 : 29.83"
"35,40 : 75.13"
"35,41 : 21.1"
"35,42 : 48.05"
"35,43 : 49.48"
"35,44 : 18.6"
"35,45 : 20.62"
"35,46 : 12.21"
"35,47 : 65.92"
"35,48 : 24.76"
"35,49 : 61.27"
"36,0 : 42.95"
"36,1 : 37.34"
"36,2 : 72.56"
"36,3 : 40.5"
"36,4 : 51.61"
"36,5 : 58.31"
"36,6 : 49.5"
"36,7 : 14.87"
"36,8 : 28.02"
"36,9 : 21.47"
"36,10 : 39.05"
"36,11 : 65.86"
"36,12 : 36.35"
"36,13 : 12.17"
"36,14 : 5.39"
"36,15 : 54.04"
"36,16 : 70.43"
"36,17 : 64.2"
"36,18 : 55.36"
"36,19 : 72.01"
"36,20 : 55.76"
"36,21 : 28.02"
"36,22 : 56.08"
"36,23 : 39.4"
"36,24 : 65.8"
"36,25 : 55.57"
"36,26 : 42.05"
"36,27 : 49.34"
"36,28 : 32.8"
"36,29 : 52.01"
"36,30 : 49.25"
"36,31 : 70.21"
"36,32 : 55.95"
"36,33 : 59.03"
"36,34 : 33.24"
"36,35 : 32.31"
"36,36 : 0.0"
"36,37 : 70.21"
"36,38 : 51.62"
"36,39 : 31.78"
"36,40 : 43.05"
"36,41 : 53.23"
"36,42 : 17.12"
"36,43 : 18.0"
"36,44 : 15.03"
"36,45 : 32.76"
"36,46 : 37.05"
"36,47 : 49.25"
"36,48 : 13.0"
"36,49 : 71.4"
"37,0 : 102.53"
"37,1 : 33.29"
"37,2 : 67.0"
"37,3 : 77.32"
"37,4 : 34.79"
"37,5 : 12.73"
"37,6 : 71.69"
"37,7 : 84.6"
"37,8 : 61.72"
"37,9 : 91.68"
"37,10 : 108.56"
"37,11 : 64.28"
"37,12 : 45.0"
"37,13 : 63.89"
"37,14 : 70.01"
"37,15 : 68.31"
"37,16 : 15.26"
"37,17 : 36.01"
"37,18 : 51.89"
"37,19 : 64.01"
"37,20 : 63.06"
"37,21 : 96.46"
"37,22 : 78.77"
"37,23 : 109.59"
"37,24 : 50.0"
"37,25 : 38.91"
"37,26 : 82.38"
"37,27 : 50.6"
"37,28 : 102.58"
"37,29 : 67.36"
"37,30 : 29.53"
"37,31 : 11.66"
"37,32 : 88.29"
"37,33 : 70.09"
"37,34 : 87.05"
"37,35 : 75.01"
"37,36 : 70.21"
"37,37 : 0.0"
"37,38 : 99.18"
"37,39 : 97.02"
"37,40 : 79.4"
"37,41 : 87.66"
"37,42 : 80.8"
"37,43 : 79.81"
"37,44 : 65.97"
"37,45 : 92.07"
"37,46 : 65.28"
"37,47 : 29.53"
"37,48 : 61.03"
"37,49 : 32.8"
"38,0 : 83.49"
"38,1 : 74.95"
"38,2 : 123.0"
"38,3 : 22.02"
"38,4 : 66.19"
"38,5 : 91.24"
"38,6 : 101.12"
"38,7 : 53.24"
"38,8 : 79.31"
"38,9 : 49.98"
"38,10 : 62.29"
"38,11 : 116.4"
"38,12 : 83.35"
"38,13 : 45.49"
"38,14 : 46.69"
"38,15 : 105.48"
"38,16 : 91.27"
"38,17 : 108.46"
"38,18 : 54.41"
"38,19 : 122.07"
"38,20 : 106.67"
"38,21 : 38.83"
"38,22 : 107.63"
"38,23 : 53.0"
"38,24 : 113.74"
"38,25 : 64.94"
"38,26 : 92.42"
"38,27 : 51.97"
"38,28 : 57.87"
"38,29 : 38.08"
"38,30 : 90.82"
"38,31 : 93.09"
"38,32 : 19.1"
"38,33 : 110.45"
"38,34 : 80.62"
"38,35 : 25.0"
"38,36 : 51.62"
"38,37 : 99.18"
"38,38 : 0.0"
"38,39 : 30.41"
"38,40 : 94.02"
"38,41 : 17.03"
"38,42 : 63.81"
"38,43 : 65.73"
"38,44 : 41.34"
"38,45 : 21.54"
"38,46 : 34.0"
"38,47 : 90.82"
"38,48 : 48.02"
"38,49 : 81.49"
"39,0 : 53.71"
"39,1 : 66.27"
"39,2 : 103.37"
"39,3 : 35.36"
"39,4 : 70.33"
"39,5 : 86.31"
"39,6 : 78.23"
"39,7 : 26.25"
"39,8 : 58.69"
"39,9 : 20.81"
"39,10 : 32.02"
"39,11 : 96.66"
"39,12 : 68.07"
"39,13 : 33.38"
"39,14 : 29.07"
"39,15 : 83.73"
"39,16 : 93.62"
"39,17 : 95.75"
"39,18 : 65.76"
"39,19 : 103.08"
"39,20 : 86.33"
"39,21 : 8.54"
"39,22 : 83.6"
"39,23 : 23.54"
"39,24 : 97.53"
"39,25 : 71.85"
"39,26 : 66.53"
"39,27 : 60.96"
"39,28 : 27.46"
"39,29 : 54.08"
"39,30 : 80.02"
"39,31 : 94.34"
"39,32 : 44.72"
"39,33 : 88.68"
"39,34 : 53.15"
"39,35 : 29.83"
"39,36 : 31.78"
"39,37 : 97.02"
"39,38 : 30.41"
"39,39 : 0.0"
"39,40 : 68.88"
"39,41 : 41.77"
"39,42 : 37.64"
"39,43 : 39.82"
"39,44 : 31.05"
"39,45 : 10.44"
"39,46 : 41.73"
"39,47 : 80.02"
"39,48 : 36.35"
"39,49 : 89.31"
"40,0 : 31.4"
"40,1 : 51.66"
"40,2 : 41.01"
"40,3 : 83.19"
"40,4 : 79.4"
"40,5 : 67.12"
"40,6 : 13.15"
"40,7 : 42.64"
"40,8 : 21.02"
"40,9 : 49.09"
"40,10 : 53.37"
"40,11 : 35.23"
"40,12 : 34.93"
"40,13 : 52.92"
"40,14 : 48.37"
"40,15 : 20.22"
"40,16 : 87.46"
"40,17 : 52.8"
"40,18 : 90.2"
"40,19 : 42.19"
"40,20 : 25.96"
"40,21 : 61.61"
"40,22 : 15.23"
"40,23 : 61.68"
"40,24 : 44.78"
"40,25 : 85.21"
"40,26 : 4.12"
"40,27 : 84.29"
"40,28 : 50.92"
"40,29 : 91.92"
"40,30 : 49.93"
"40,31 : 85.49"
"40,32 : 98.84"
"40,33 : 24.0"
"40,34 : 18.44"
"40,35 : 75.13"
"40,36 : 43.05"
"40,37 : 79.4"
"40,38 : 94.02"
"40,39 : 68.88"
"40,40 : 0.0"
"40,41 : 96.18"
"40,42 : 31.24"
"40,43 : 29.07"
"40,44 : 56.86"
"40,45 : 73.59"
"40,46 : 77.79"
"40,47 : 49.93"
"40,48 : 51.87"
"40,49 : 96.32"
"41,0 : 91.08"
"41,1 : 67.74"
"41,2 : 120.22"
"41,3 : 13.45"
"41,4 : 53.34"
"41,5 : 81.27"
"41,6 : 101.26"
"41,7 : 59.23"
"41,8 : 78.82"
"41,9 : 58.14"
"41,10 : 73.33"
"41,11 : 113.85"
"41,12 : 79.31"
"41,13 : 43.83"
"41,14 : 47.85"
"41,15 : 104.64"
"41,16 : 78.1"
"41,17 : 101.87"
"41,18 : 39.32"
"41,19 : 118.87"
"41,20 : 104.8"
"41,21 : 49.25"
"41,22 : 108.45"
"41,23 : 65.31"
"41,24 : 109.02"
"41,25 : 51.0"
"41,26 : 95.27"
"41,27 : 38.01"
"41,28 : 68.07"
"41,29 : 22.36"
"41,30 : 83.86"
"41,31 : 80.31"
"41,32 : 3.0"
"41,33 : 109.48"
"41,34 : 85.38"
"41,35 : 21.1"
"41,36 : 53.23"
"41,37 : 87.66"
"41,38 : 17.03"
"41,39 : 41.77"
"41,40 : 96.18"
"41,41 : 0.0"
"41,42 : 68.31"
"41,43 : 69.89"
"41,44 : 39.66"
"41,45 : 31.4"
"41,46 : 23.71"
"41,47 : 83.86"
"41,48 : 45.61"
"41,49 : 66.61"
"42,0 : 25.96"
"42,1 : 47.63"
"42,2 : 67.72"
"42,3 : 56.29"
"42,4 : 67.12"
"42,5 : 68.24"
"42,6 : 41.15"
"42,7 : 11.4"
"42,8 : 25.02"
"42,9 : 18.38"
"42,10 : 29.12"
"42,11 : 61.13"
"42,12 : 39.85"
"42,13 : 29.27"
"42,14 : 22.0"
"42,15 : 47.17"
"42,16 : 83.49"
"42,17 : 67.08"
"42,18 : 72.28"
"42,19 : 67.91"
"42,20 : 50.7"
"42,21 : 30.53"
"42,22 : 46.04"
"42,23 : 34.01"
"42,24 : 65.03"
"42,25 : 71.59"
"42,26 : 29.0"
"42,27 : 66.22"
"42,28 : 24.19"
"42,29 : 69.01"
"42,30 : 55.54"
"42,31 : 82.73"
"42,32 : 71.17"
"42,33 : 52.0"
"42,34 : 17.09"
"42,35 : 48.05"
"42,36 : 17.12"
"42,37 : 80.8"
"42,38 : 63.81"
"42,39 : 37.64"
"42,40 : 31.24"
"42,41 : 68.31"
"42,42 : 0.0"
"42,43 : 2.24"
"42,44 : 32.02"
"42,45 : 42.8"
"42,46 : 54.0"
"42,47 : 55.54"
"42,48 : 29.83"
"42,49 : 86.61"
"43,0 : 25.63"
"43,1 : 46.75"
"43,2 : 65.52"
"43,3 : 57.72"
"43,4 : 67.08"
"43,5 : 67.2"
"43,6 : 38.91"
"43,7 : 13.6"
"43,8 : 23.09"
"43,9 : 20.62"
"43,10 : 30.81"
"43,11 : 58.94"
"43,12 : 38.28"
"43,13 : 30.07"
"43,14 : 23.09"
"43,15 : 44.94"
"43,16 : 82.88"
"43,17 : 65.31"
"43,18 : 72.78"
"43,19 : 65.73"
"43,20 : 48.51"
"43,21 : 32.76"
"43,22 : 43.83"
"43,23 : 36.06"
"43,24 : 63.01"
"43,25 : 71.69"
"43,26 : 26.91"
"43,27 : 66.71"
"43,28 : 26.08"
"43,29 : 70.01"
"43,30 : 54.13"
"43,31 : 82.04"
"43,32 : 72.73"
"43,33 : 49.77"
"43,34 : 15.52"
"43,35 : 49.48"
"43,36 : 18.0"
"43,37 : 79.81"
"43,38 : 65.73"
"43,39 : 39.82"
"43,40 : 29.07"
"43,41 : 69.89"
"43,42 : 2.24"
"43,43 : 0.0"
"43,44 : 33.02"
"43,45 : 44.82"
"43,46 : 55.04"
"43,47 : 54.13"
"43,48 : 30.41"
"43,49 : 86.45"
"44,0 : 57.56"
"44,1 : 36.06"
"44,2 : 81.84"
"44,3 : 26.42"
"44,4 : 41.11"
"44,5 : 55.44"
"44,6 : 61.61"
"44,7 : 26.93"
"44,8 : 39.2"
"44,9 : 30.81"
"44,10 : 49.41"
"44,11 : 75.29"
"44,12 : 42.06"
"44,13 : 4.24"
"44,14 : 10.05"
"44,15 : 65.19"
"44,16 : 63.06"
"44,17 : 68.01"
"44,18 : 41.63"
"44,19 : 80.8"
"44,20 : 65.8"
"44,21 : 31.38"
"44,22 : 68.8"
"44,23 : 46.75"
"44,24 : 72.47"
"44,25 : 43.93"
"44,26 : 56.3"
"44,27 : 35.78"
"44,28 : 43.01"
"44,29 : 37.0"
"44,30 : 50.99"
"44,31 : 63.56"
"44,32 : 42.19"
"44,33 : 70.09"
"44,34 : 48.26"
"44,35 : 18.6"
"44,36 : 15.03"
"44,37 : 65.97"
"44,38 : 41.34"
"44,39 : 31.05"
"44,40 : 56.86"
"44,41 : 39.66"
"44,42 : 32.02"
"44,43 : 33.02"
"44,44 : 0.0"
"44,45 : 27.07"
"44,46 : 22.02"
"44,47 : 50.99"
"44,48 : 6.71"
"44,49 : 60.83"
"45,0 : 61.98"
"45,1 : 63.13"
"45,2 : 105.31"
"45,3 : 25.24"
"45,4 : 63.16"
"45,5 : 82.15"
"45,6 : 81.69"
"45,7 : 31.91"
"45,8 : 60.75"
"45,9 : 28.46"
"45,10 : 42.05"
"45,11 : 98.62"
"45,12 : 67.68"
"45,13 : 30.41"
"45,14 : 28.64"
"45,15 : 86.61"
"45,16 : 87.28"
"45,17 : 94.59"
"45,18 : 56.85"
"45,19 : 104.71"
"45,20 : 88.51"
"45,21 : 18.0"
"45,22 : 87.73"
"45,23 : 33.96"
"45,24 : 97.86"
"45,25 : 64.01"
"45,26 : 71.7"
"45,27 : 52.43"
"45,28 : 37.05"
"45,29 : 44.2"
"45,30 : 77.93"
"45,31 : 88.32"
"45,32 : 34.37"
"45,33 : 91.61"
"45,34 : 59.36"
"45,35 : 20.62"
"45,36 : 32.76"
"45,37 : 92.07"
"45,38 : 21.54"
"45,39 : 10.44"
"45,40 : 73.59"
"45,41 : 31.4"
"45,42 : 42.8"
"45,43 : 44.82"
"45,44 : 27.07"
"45,45 : 0.0"
"45,46 : 32.8"
"45,47 : 77.93"
"45,48 : 33.38"
"45,49 : 81.49"
"46,0 : 79.31"
"46,1 : 44.1"
"46,2 : 97.74"
"46,3 : 12.04"
"46,4 : 32.39"
"46,5 : 57.97"
"46,6 : 80.95"
"46,7 : 47.85"
"46,8 : 58.6"
"46,9 : 49.98"
"46,10 : 68.03"
"46,11 : 91.55"
"46,12 : 56.64"
"46,13 : 25.32"
"46,14 : 32.0"
"46,15 : 83.53"
"46,16 : 57.43"
"46,17 : 78.23"
"46,18 : 24.08"
"46,19 : 96.21"
"46,20 : 83.01"
"46,21 : 46.04"
"46,22 : 88.57"
"46,23 : 62.97"
"46,24 : 85.8"
"46,25 : 31.95"
"46,26 : 77.62"
"46,27 : 19.72"
"46,28 : 61.85"
"46,29 : 15.03"
"46,30 : 60.21"
"46,31 : 59.14"
"46,32 : 25.24"
"46,33 : 88.2"
"46,34 : 70.26"
"46,35 : 12.21"
"46,36 : 37.05"
"46,37 : 65.28"
"46,38 : 34.0"
"46,39 : 41.73"
"46,40 : 77.79"
"46,41 : 23.71"
"46,42 : 54.0"
"46,43 : 55.04"
"46,44 : 22.02"
"46,45 : 32.8"
"46,46 : 0.0"
"46,47 : 60.21"
"46,48 : 25.96"
"46,49 : 49.24"
"47,0 : 74.65"
"47,1 : 16.12"
"47,2 : 43.32"
"47,3 : 71.12"
"47,4 : 41.59"
"47,5 : 17.72"
"47,6 : 42.38"
"47,7 : 61.85"
"47,8 : 33.42"
"47,9 : 69.63"
"47,10 : 84.5"
"47,11 : 38.83"
"47,12 : 16.4"
"47,13 : 47.52"
"47,14 : 51.0"
"47,15 : 39.62"
"47,16 : 39.46"
"47,17 : 18.03"
"47,18 : 58.25"
"47,19 : 40.85"
"47,20 : 35.06"
"47,21 : 77.23"
"47,22 : 49.73"
"47,23 : 87.56"
"47,24 : 27.78"
"47,25 : 47.85"
"47,26 : 53.01"
"47,27 : 54.04"
"47,28 : 79.06"
"47,29 : 68.62"
"47,30 : 0.0"
"47,31 : 36.88"
"47,32 : 85.44"
"47,33 : 42.11"
"47,34 : 58.9"
"47,35 : 65.92"
"47,36 : 49.25"
"47,37 : 29.53"
"47,38 : 90.82"
"47,39 : 80.02"
"47,40 : 49.93"
"47,41 : 83.86"
"47,42 : 55.54"
"47,43 : 54.13"
"47,44 : 50.99"
"47,45 : 77.93"
"47,46 : 60.21"
"47,47 : 0.0"
"47,48 : 44.55"
"47,49 : 52.35"
"48,0 : 55.79"
"48,1 : 30.02"
"48,2 : 75.29"
"48,3 : 32.2"
"48,4 : 39.05"
"48,5 : 50.01"
"48,6 : 55.76"
"48,7 : 27.2"
"48,8 : 33.29"
"48,9 : 32.56"
"48,10 : 50.93"
"48,11 : 68.77"
"48,12 : 35.36"
"48,13 : 3.0"
"48,14 : 9.9"
"48,15 : 59.03"
"48,16 : 59.36"
"48,17 : 61.4"
"48,18 : 42.45"
"48,19 : 74.2"
"48,20 : 59.4"
"48,21 : 35.47"
"48,22 : 63.13"
"48,23 : 49.65"
"48,24 : 65.76"
"48,25 : 42.72"
"48,26 : 51.66"
"48,27 : 36.4"
"48,28 : 44.55"
"48,29 : 40.45"
"48,30 : 44.55"
"48,31 : 59.54"
"48,32 : 48.01"
"48,33 : 63.89"
"48,34 : 45.01"
"48,35 : 24.76"
"48,36 : 13.0"
"48,37 : 61.03"
"48,38 : 48.02"
"48,39 : 36.35"
"48,40 : 51.87"
"48,41 : 45.61"
"48,42 : 29.83"
"48,43 : 30.41"
"48,44 : 6.71"
"48,45 : 33.38"
"48,46 : 25.96"
"48,47 : 44.55"
"48,48 : 0.0"
"48,49 : 58.9"
"49,0 : 111.83"
"49,1 : 44.72"
"49,2 : 95.13"
"49,3 : 60.08"
"49,4 : 19.85"
"49,5 : 36.69"
"49,6 : 92.35"
"49,7 : 86.05"
"49,8 : 75.69"
"49,9 : 91.29"
"49,10 : 109.79"
"49,11 : 91.08"
"49,12 : 62.39"
"49,13 : 60.88"
"49,14 : 68.77"
"49,15 : 91.01"
"49,16 : 17.69"
"49,17 : 65.46"
"49,18 : 27.29"
"49,19 : 92.42"
"49,20 : 87.09"
"49,21 : 91.68"
"49,22 : 100.24"
"49,23 : 107.56"
"49,24 : 78.59"
"49,25 : 17.49"
"49,26 : 98.23"
"49,27 : 29.73"
"49,28 : 103.39"
"49,29 : 44.28"
"49,30 : 52.35"
"49,31 : 21.26"
"49,32 : 66.27"
"49,33 : 94.05"
"49,34 : 98.09"
"49,35 : 61.27"
"49,36 : 71.4"
"49,37 : 32.8"
"49,38 : 81.49"
"49,39 : 89.31"
"49,40 : 96.32"
"49,41 : 66.61"
"49,42 : 86.61"
"49,43 : 86.45"
"49,44 : 60.83"
"49,45 : 81.49"
"49,46 : 49.24"
"49,47 : 52.35"
"49,48 : 58.9"
"49,49 : 0.0"
