x,y
47,74
21,20
46,82
10,0
95,91
59,75
59,63
99,47
7,53
76,56
40,33
36,19
7,8
70,98
56,43
55,41
74,33
11,76
9,68
42,83
53,43
57,29
49,97
27,46
19,88
0,97
19,47
99,53
95,49
66,31
71,84
90,56
70,25
84,41
28,78
83,16
38,61
52,36
14,73
89,89
80,16
100,2
83,9
14,81
98,15
76,35
10,96
85,76
7,54
61,45

Distanze
"0,0 : 0.0"
"0,1 : 59.93"
"0,2 : 8.06"
"0,3 : 82.73"
"0,4 : 50.92"
"0,5 : 12.04"
"0,6 : 16.28"
"0,7 : 58.59"
"0,8 : 45.18"
"0,9 : 34.13"
"0,10 : 41.59"
"0,11 : 56.09"
"0,12 : 77.18"
"0,13 : 33.24"
"0,14 : 32.28"
"0,15 : 33.96"
"0,16 : 49.09"
"0,17 : 36.06"
"0,18 : 38.47"
"0,19 : 10.3"
"0,20 : 31.58"
"0,21 : 46.1"
"0,22 : 23.09"
"0,23 : 34.41"
"0,24 : 31.3"
"0,25 : 52.33"
"0,26 : 38.9"
"0,27 : 56.08"
"0,28 : 54.12"
"0,29 : 47.01"
"0,30 : 26.0"
"0,31 : 46.62"
"0,32 : 54.13"
"0,33 : 49.58"
"0,34 : 19.42"
"0,35 : 68.26"
"0,36 : 15.81"
"0,37 : 38.33"
"0,38 : 33.02"
"0,39 : 44.6"
"0,40 : 66.73"
"0,41 : 89.4"
"0,42 : 74.3"
"0,43 : 33.73"
"0,44 : 77.99"
"0,45 : 48.6"
"0,46 : 43.05"
"0,47 : 38.05"
"0,48 : 44.72"
"0,49 : 32.2"
"1,0 : 59.93"
"1,1 : 0.0"
"1,2 : 66.85"
"1,3 : 22.83"
"1,4 : 102.55"
"1,5 : 66.85"
"1,6 : 57.38"
"1,7 : 82.54"
"1,8 : 35.85"
"1,9 : 65.73"
"1,10 : 23.02"
"1,11 : 15.03"
"1,12 : 18.44"
"1,13 : 92.11"
"1,14 : 41.88"
"1,15 : 39.96"
"1,16 : 54.57"
"1,17 : 56.89"
"1,18 : 49.48"
"1,19 : 66.41"
"1,20 : 39.41"
"1,21 : 37.11"
"1,22 : 81.93"
"1,23 : 26.68"
"1,24 : 68.03"
"1,25 : 79.81"
"1,26 : 27.07"
"1,27 : 84.69"
"1,28 : 79.48"
"1,29 : 46.32"
"1,30 : 81.22"
"1,31 : 77.83"
"1,32 : 49.25"
"1,33 : 66.41"
"1,34 : 58.42"
"1,35 : 62.13"
"1,36 : 44.38"
"1,37 : 34.89"
"1,38 : 53.46"
"1,39 : 96.88"
"1,40 : 59.14"
"1,41 : 81.02"
"1,42 : 62.97"
"1,43 : 61.4"
"1,44 : 77.16"
"1,45 : 57.01"
"1,46 : 76.79"
"1,47 : 85.04"
"1,48 : 36.77"
"1,49 : 47.17"
"2,0 : 8.06"
"2,1 : 66.85"
"2,2 : 0.0"
"2,3 : 89.55"
"2,4 : 49.82"
"2,5 : 14.76"
"2,6 : 23.02"
"2,7 : 63.51"
"2,8 : 48.6"
"2,9 : 39.7"
"2,10 : 49.37"
"2,11 : 63.79"
"2,12 : 83.65"
"2,13 : 28.84"
"2,14 : 40.26"
"2,15 : 41.98"
"2,16 : 56.44"
"2,17 : 35.51"
"2,18 : 39.56"
"2,19 : 4.12"
"2,20 : 39.62"
"2,21 : 54.13"
"2,22 : 15.3"
"2,23 : 40.71"
"2,24 : 27.66"
"2,25 : 48.38"
"2,26 : 44.2"
"2,27 : 60.42"
"2,28 : 59.08"
"2,29 : 54.78"
"2,30 : 25.08"
"2,31 : 51.11"
"2,32 : 61.85"
"2,33 : 55.9"
"2,34 : 18.44"
"2,35 : 75.66"
"2,36 : 22.47"
"2,37 : 46.39"
"2,38 : 33.24"
"2,39 : 43.57"
"2,40 : 74.24"
"2,41 : 96.52"
"2,42 : 81.84"
"2,43 : 32.02"
"2,44 : 84.81"
"2,45 : 55.76"
"2,46 : 38.63"
"2,47 : 39.46"
"2,48 : 48.01"
"2,49 : 39.92"
"3,0 : 82.73"
"3,1 : 22.83"
"3,2 : 89.55"
"3,3 : 0.0"
"3,4 : 124.52"
"3,5 : 89.59"
"3,6 : 79.81"
"3,7 : 100.65"
"3,8 : 53.08"
"3,9 : 86.56"
"3,10 : 44.6"
"3,11 : 32.2"
"3,12 : 8.54"
"3,13 : 114.91"
"3,14 : 62.97"
"3,15 : 60.88"
"3,16 : 72.01"
"3,17 : 76.01"
"3,18 : 68.01"
"3,19 : 88.96"
"3,20 : 60.81"
"3,21 : 55.23"
"3,22 : 104.55"
"3,23 : 49.04"
"3,24 : 88.46"
"3,25 : 97.51"
"3,26 : 47.85"
"3,27 : 103.59"
"3,28 : 98.11"
"3,29 : 64.01"
"3,30 : 103.81"
"3,31 : 97.65"
"3,32 : 65.0"
"3,33 : 84.6"
"3,34 : 80.05"
"3,35 : 74.73"
"3,36 : 67.12"
"3,37 : 55.32"
"3,38 : 73.11"
"3,39 : 119.0"
"3,40 : 71.81"
"3,41 : 90.02"
"3,42 : 73.55"
"3,43 : 81.1"
"3,44 : 89.27"
"3,45 : 74.71"
"3,46 : 96.0"
"3,47 : 106.78"
"3,48 : 54.08"
"3,49 : 68.01"
"4,0 : 50.92"
"4,1 : 102.55"
"4,2 : 49.82"
"4,3 : 124.52"
"4,4 : 0.0"
"4,5 : 39.4"
"4,6 : 45.61"
"4,7 : 44.18"
"4,8 : 95.85"
"4,9 : 39.82"
"4,10 : 79.93"
"4,11 : 93.09"
"4,12 : 120.97"
"4,13 : 25.96"
"4,14 : 61.85"
"4,15 : 64.03"
"4,16 : 61.68"
"4,17 : 85.33"
"4,18 : 89.02"
"4,19 : 53.6"
"4,20 : 63.78"
"4,21 : 72.72"
"4,22 : 46.39"
"4,23 : 81.54"
"4,24 : 76.06"
"4,25 : 95.19"
"4,26 : 87.82"
"4,27 : 38.21"
"4,28 : 42.0"
"4,29 : 66.64"
"4,30 : 25.0"
"4,31 : 35.36"
"4,32 : 70.58"
"4,33 : 51.2"
"4,34 : 68.25"
"4,35 : 75.95"
"4,36 : 64.41"
"4,37 : 69.81"
"4,38 : 82.98"
"4,39 : 6.32"
"4,40 : 76.49"
"4,41 : 89.14"
"4,42 : 82.87"
"4,43 : 81.61"
"4,44 : 76.06"
"4,45 : 59.14"
"4,46 : 85.15"
"4,47 : 18.03"
"4,48 : 95.46"
"4,49 : 57.2"
"5,0 : 12.04"
"5,1 : 66.85"
"5,2 : 14.76"
"5,3 : 89.59"
"5,4 : 39.4"
"5,5 : 0.0"
"5,6 : 12.0"
"5,7 : 48.83"
"5,8 : 56.46"
"5,9 : 25.5"
"5,10 : 46.1"
"5,11 : 60.54"
"5,12 : 84.81"
"5,13 : 25.5"
"5,14 : 32.14"
"5,15 : 34.23"
"5,16 : 44.6"
"5,17 : 48.01"
"5,18 : 50.49"
"5,19 : 18.79"
"5,20 : 32.56"
"5,21 : 46.04"
"5,22 : 24.17"
"5,23 : 43.19"
"5,24 : 42.06"
"5,25 : 62.97"
"5,26 : 48.83"
"5,27 : 45.65"
"5,28 : 44.41"
"5,29 : 44.55"
"5,30 : 15.0"
"5,31 : 36.36"
"5,32 : 51.2"
"5,33 : 42.2"
"5,34 : 31.14"
"5,35 : 63.69"
"5,36 : 25.24"
"5,37 : 39.62"
"5,38 : 45.04"
"5,39 : 33.11"
"5,40 : 62.63"
"5,41 : 83.73"
"5,42 : 70.23"
"5,43 : 45.4"
"5,44 : 71.56"
"5,45 : 43.46"
"5,46 : 53.31"
"5,47 : 26.02"
"5,48 : 56.08"
"5,49 : 30.07"
"6,0 : 16.28"
"6,1 : 57.38"
"6,2 : 23.02"
"6,3 : 79.81"
"6,4 : 45.61"
"6,5 : 12.0"
"6,6 : 0.0"
"6,7 : 43.08"
"6,8 : 52.95"
"6,9 : 18.38"
"6,10 : 35.51"
"6,11 : 49.65"
"6,12 : 75.69"
"6,13 : 36.69"
"6,14 : 20.22"
"6,15 : 22.36"
"6,16 : 33.54"
"6,17 : 49.73"
"6,18 : 50.25"
"6,19 : 26.25"
"6,20 : 20.88"
"6,21 : 34.06"
"6,22 : 35.44"
"6,23 : 36.24"
"6,24 : 47.17"
"6,25 : 68.1"
"6,26 : 43.08"
"6,27 : 41.23"
"6,28 : 38.63"
"6,29 : 32.76"
"6,30 : 24.19"
"6,31 : 31.78"
"6,32 : 39.56"
"6,33 : 33.3"
"6,34 : 34.44"
"6,35 : 52.77"
"6,36 : 21.1"
"6,37 : 27.89"
"6,38 : 46.1"
"6,39 : 39.7"
"6,40 : 51.48"
"6,41 : 73.5"
"6,42 : 59.09"
"6,43 : 48.47"
"6,44 : 61.85"
"6,45 : 32.76"
"6,46 : 59.08"
"6,47 : 29.07"
"6,48 : 52.77"
"6,49 : 18.11"
"7,0 : 58.59"
"7,1 : 82.54"
"7,2 : 63.51"
"7,3 : 100.65"
"7,4 : 44.18"
"7,5 : 48.83"
"7,6 : 43.08"
"7,7 : 0.0"
"7,8 : 92.2"
"7,9 : 24.7"
"7,10 : 60.64"
"7,11 : 68.94"
"7,12 : 99.92"
"7,13 : 58.67"
"7,14 : 43.19"
"7,15 : 44.41"
"7,16 : 28.65"
"7,17 : 92.66"
"7,18 : 92.42"
"7,19 : 67.42"
"7,20 : 46.17"
"7,21 : 45.69"
"7,22 : 70.71"
"7,23 : 72.01"
"7,24 : 89.89"
"7,25 : 110.91"
"7,26 : 80.0"
"7,27 : 6.0"
"7,28 : 4.47"
"7,29 : 36.67"
"7,30 : 46.4"
"7,31 : 12.73"
"7,32 : 36.4"
"7,33 : 16.16"
"7,34 : 77.47"
"7,35 : 34.89"
"7,36 : 62.59"
"7,37 : 48.27"
"7,38 : 88.89"
"7,39 : 43.17"
"7,40 : 36.36"
"7,41 : 45.01"
"7,42 : 41.23"
"7,43 : 91.55"
"7,44 : 32.02"
"7,45 : 25.94"
"7,46 : 101.6"
"7,47 : 32.2"
"7,48 : 92.27"
"7,49 : 38.05"
"8,0 : 45.18"
"8,1 : 35.85"
"8,2 : 48.6"
"8,3 : 53.08"
"8,4 : 95.85"
"8,5 : 56.46"
"8,6 : 52.95"
"8,7 : 92.2"
"8,8 : 0.0"
"8,9 : 69.07"
"8,10 : 38.59"
"8,11 : 44.69"
"8,12 : 45.0"
"8,13 : 77.42"
"8,14 : 50.01"
"8,15 : 49.48"
"8,16 : 69.92"
"8,17 : 23.35"
"8,18 : 15.13"
"8,19 : 46.1"
"8,20 : 47.07"
"8,21 : 55.46"
"8,22 : 60.83"
"8,23 : 21.19"
"8,24 : 37.0"
"8,25 : 44.55"
"8,26 : 13.42"
"8,27 : 92.0"
"8,28 : 88.09"
"8,29 : 62.97"
"8,30 : 71.11"
"8,31 : 83.05"
"8,32 : 68.94"
"8,33 : 77.93"
"8,34 : 32.65"
"8,35 : 84.53"
"8,36 : 32.02"
"8,37 : 48.1"
"8,38 : 21.19"
"8,39 : 89.55"
"8,40 : 81.84"
"8,41 : 106.07"
"8,42 : 87.82"
"8,43 : 28.86"
"8,44 : 98.62"
"8,45 : 71.31"
"8,46 : 43.1"
"8,47 : 81.32"
"8,48 : 1.0"
"8,49 : 54.59"
"9,0 : 34.13"
"9,1 : 65.73"
"9,2 : 39.7"
"9,3 : 86.56"
"9,4 : 39.82"
"9,5 : 25.5"
"9,6 : 18.38"
"9,7 : 24.7"
"9,8 : 69.07"
"9,9 : 0.0"
"9,10 : 42.72"
"9,11 : 54.49"
"9,12 : 84.05"
"9,13 : 42.43"
"9,14 : 23.85"
"9,15 : 25.81"
"9,16 : 23.09"
"9,17 : 68.01"
"9,18 : 68.07"
"9,19 : 43.42"
"9,20 : 26.42"
"9,21 : 33.02"
"9,22 : 49.09"
"9,23 : 50.01"
"9,24 : 65.37"
"9,25 : 86.35"
"9,26 : 57.71"
"9,27 : 23.19"
"9,28 : 20.25"
"9,29 : 26.93"
"9,30 : 28.44"
"9,31 : 14.0"
"9,32 : 31.58"
"9,33 : 17.0"
"9,34 : 52.8"
"9,35 : 40.61"
"9,36 : 38.33"
"9,37 : 31.24"
"9,38 : 64.29"
"9,39 : 35.47"
"9,40 : 40.2"
"9,41 : 59.09"
"9,42 : 47.52"
"9,43 : 66.85"
"9,44 : 46.53"
"9,45 : 21.0"
"9,46 : 77.18"
"9,47 : 21.93"
"9,48 : 69.03"
"9,49 : 18.6"
"10,0 : 41.59"
"10,1 : 23.02"
"10,2 : 49.37"
"10,3 : 44.6"
"10,4 : 79.93"
"10,5 : 46.1"
"10,6 : 35.51"
"10,7 : 60.64"
"10,8 : 38.59"
"10,9 : 42.72"
"10,10 : 0.0"
"10,11 : 14.56"
"10,12 : 41.4"
"10,13 : 71.59"
"10,14 : 18.87"
"10,15 : 17.0"
"10,16 : 34.0"
"10,17 : 51.87"
"10,18 : 46.75"
"10,19 : 50.04"
"10,20 : 16.4"
"10,21 : 17.46"
"10,22 : 64.63"
"10,23 : 18.38"
"10,24 : 58.87"
"10,25 : 75.47"
"10,26 : 25.24"
"10,27 : 62.3"
"10,28 : 57.28"
"10,29 : 26.08"
"10,30 : 59.68"
"10,31 : 55.04"
"10,32 : 31.05"
"10,33 : 44.72"
"10,34 : 46.57"
"10,35 : 46.24"
"10,36 : 28.07"
"10,37 : 12.37"
"10,38 : 47.71"
"10,39 : 74.41"
"10,40 : 43.46"
"10,41 : 67.54"
"10,42 : 49.24"
"10,43 : 54.59"
"10,44 : 60.73"
"10,45 : 36.06"
"10,46 : 69.78"
"10,47 : 62.24"
"10,48 : 39.12"
"10,49 : 24.19"
"11,0 : 56.09"
"11,1 : 15.03"
"11,2 : 63.79"
"11,3 : 32.2"
"11,4 : 93.09"
"11,5 : 60.54"
"11,6 : 49.65"
"11,7 : 68.94"
"11,8 : 44.69"
"11,9 : 54.49"
"11,10 : 14.56"
"11,11 : 0.0"
"11,12 : 31.02"
"11,13 : 86.01"
"11,14 : 31.24"
"11,15 : 29.07"
"11,16 : 40.5"
"11,17 : 62.24"
"11,18 : 55.95"
"11,19 : 64.28"
"11,20 : 29.41"
"11,21 : 23.26"
"11,22 : 79.08"
"11,23 : 28.46"
"11,24 : 71.06"
"11,25 : 85.91"
"11,26 : 32.76"
"11,27 : 71.59"
"11,28 : 66.19"
"11,29 : 32.31"
"11,30 : 73.82"
"11,31 : 65.46"
"11,32 : 34.53"
"11,33 : 52.8"
"11,34 : 59.54"
"11,35 : 47.1"
"11,36 : 42.05"
"11,37 : 23.35"
"11,38 : 58.31"
"11,39 : 87.8"
"11,40 : 44.1"
"11,41 : 66.22"
"11,42 : 48.05"
"11,43 : 65.79"
"11,44 : 62.13"
"11,45 : 43.08"
"11,46 : 81.27"
"11,47 : 75.17"
"11,48 : 45.45"
"11,49 : 36.07"
"12,0 : 77.18"
"12,1 : 18.44"
"12,2 : 83.65"
"12,3 : 8.54"
"12,4 : 120.97"
"12,5 : 84.81"
"12,6 : 75.69"
"12,7 : 99.92"
"12,8 : 45.0"
"12,9 : 84.05"
"12,10 : 41.4"
"12,11 : 31.02"
"12,12 : 0.0"
"12,13 : 109.86"
"12,14 : 60.22"
"12,15 : 58.25"
"12,16 : 71.51"
"12,17 : 68.12"
"12,18 : 60.03"
"12,19 : 82.76"
"12,20 : 57.8"
"12,21 : 54.23"
"12,22 : 98.41"
"12,23 : 42.94"
"12,24 : 80.89"
"12,25 : 89.27"
"12,26 : 40.8"
"12,27 : 102.42"
"12,28 : 97.08"
"12,29 : 63.32"
"12,30 : 99.36"
"12,31 : 95.88"
"12,32 : 65.25"
"12,33 : 83.77"
"12,34 : 73.08"
"12,35 : 76.42"
"12,36 : 61.4"
"12,37 : 53.0"
"12,38 : 65.38"
"12,39 : 115.26"
"12,40 : 73.44"
"12,41 : 93.19"
"12,42 : 76.01"
"12,43 : 73.33"
"12,44 : 91.27"
"12,45 : 74.09"
"12,46 : 88.05"
"12,47 : 103.48"
"12,48 : 46.0"
"12,49 : 65.46"
"13,0 : 33.24"
"13,1 : 92.11"
"13,2 : 28.84"
"13,3 : 114.91"
"13,4 : 25.96"
"13,5 : 25.5"
"13,6 : 36.69"
"13,7 : 58.67"
"13,8 : 77.42"
"13,9 : 42.43"
"13,10 : 71.59"
"13,11 : 86.01"
"13,12 : 109.86"
"13,13 : 0.0"
"13,14 : 56.75"
"13,15 : 58.94"
"13,16 : 65.12"
"13,17 : 62.97"
"13,18 : 67.98"
"13,19 : 31.76"
"13,20 : 57.57"
"13,21 : 70.21"
"13,22 : 21.02"
"13,23 : 67.48"
"13,24 : 51.97"
"13,25 : 70.01"
"13,26 : 72.12"
"13,27 : 53.54"
"13,28 : 55.01"
"13,29 : 67.12"
"13,30 : 14.04"
"13,31 : 46.52"
"13,32 : 73.0"
"13,33 : 58.69"
"13,34 : 46.52"
"13,35 : 83.02"
"13,36 : 48.92"
"13,37 : 64.56"
"13,38 : 61.33"
"13,39 : 21.02"
"13,40 : 82.61"
"13,41 : 100.58"
"13,42 : 89.94"
"13,43 : 58.52"
"13,44 : 87.6"
"13,45 : 63.29"
"13,46 : 60.03"
"13,47 : 26.63"
"13,48 : 76.84"
"13,49 : 53.76"
"14,0 : 32.28"
"14,1 : 41.88"
"14,2 : 40.26"
"14,3 : 62.97"
"14,4 : 61.85"
"14,5 : 32.14"
"14,6 : 20.22"
"14,7 : 43.19"
"14,8 : 50.01"
"14,9 : 23.85"
"14,10 : 18.87"
"14,11 : 31.24"
"14,12 : 60.22"
"14,13 : 56.75"
"14,14 : 0.0"
"14,15 : 2.24"
"14,16 : 20.59"
"14,17 : 55.8"
"14,18 : 53.24"
"14,19 : 42.38"
"14,20 : 3.0"
"14,21 : 14.04"
"14,22 : 54.45"
"14,23 : 29.15"
"14,24 : 58.26"
"14,25 : 77.79"
"14,26 : 37.22"
"14,27 : 44.15"
"14,28 : 39.46"
"14,29 : 15.62"
"14,30 : 43.66"
"14,31 : 36.4"
"14,32 : 22.8"
"14,33 : 28.07"
"14,34 : 44.82"
"14,35 : 38.18"
"14,36 : 25.46"
"14,37 : 8.06"
"14,38 : 51.61"
"14,39 : 56.61"
"14,40 : 36.12"
"14,41 : 60.14"
"14,42 : 43.42"
"14,43 : 56.64"
"14,44 : 50.48"
"14,45 : 21.54"
"14,46 : 70.18"
"14,47 : 43.93"
"14,48 : 50.22"
"14,49 : 5.39"
"15,0 : 33.96"
"15,1 : 39.96"
"15,2 : 41.98"
"15,3 : 60.88"
"15,4 : 64.03"
"15,5 : 34.23"
"15,6 : 22.36"
"15,7 : 44.41"
"15,8 : 49.48"
"15,9 : 25.81"
"15,10 : 17.0"
"15,11 : 29.07"
"15,12 : 58.25"
"15,13 : 58.94"
"15,14 : 2.24"
"15,15 : 0.0"
"15,16 : 20.62"
"15,17 : 56.22"
"15,18 : 53.34"
"15,19 : 43.97"
"15,20 : 2.83"
"15,21 : 12.17"
"15,22 : 56.32"
"15,23 : 28.44"
"15,24 : 59.2"
"15,25 : 78.49"
"15,26 : 36.5"
"15,27 : 45.61"
"15,28 : 40.79"
"15,29 : 14.87"
"15,30 : 45.88"
"15,31 : 38.08"
"15,32 : 21.93"
"15,33 : 29.0"
"15,34 : 45.8"
"15,35 : 37.54"
"15,36 : 26.25"
"15,37 : 5.83"
"15,38 : 52.01"
"15,39 : 58.82"
"15,40 : 35.36"
"15,41 : 59.55"
"15,42 : 42.52"
"15,43 : 57.28"
"15,44 : 50.25"
"15,45 : 21.84"
"15,46 : 71.06"
"15,47 : 46.1"
"15,48 : 49.73"
"15,49 : 7.21"
"16,0 : 49.09"
"16,1 : 54.57"
"16,2 : 56.44"
"16,3 : 72.01"
"16,4 : 61.68"
"16,5 : 44.6"
"16,6 : 33.54"
"16,7 : 28.65"
"16,8 : 69.92"
"16,9 : 23.09"
"16,10 : 34.0"
"16,11 : 40.5"
"16,12 : 71.51"
"16,13 : 65.12"
"16,14 : 20.59"
"16,15 : 20.62"
"16,16 : 0.0"
"16,17 : 76.28"
"16,18 : 73.82"
"16,19 : 59.36"
"16,20 : 23.26"
"16,21 : 17.46"
"16,22 : 68.71"
"16,23 : 48.76"
"16,24 : 77.78"
"16,25 : 97.84"
"16,26 : 56.75"
"16,27 : 32.02"
"16,28 : 26.4"
"16,29 : 8.25"
"16,30 : 51.09"
"16,31 : 28.02"
"16,32 : 8.94"
"16,33 : 12.81"
"16,34 : 64.35"
"16,35 : 19.24"
"16,36 : 45.61"
"16,37 : 22.2"
"16,38 : 72.11"
"16,39 : 57.97"
"16,40 : 18.03"
"16,41 : 40.46"
"16,42 : 25.63"
"16,43 : 76.84"
"16,44 : 30.0"
"16,45 : 2.83"
"16,46 : 89.81"
"16,47 : 44.38"
"16,48 : 70.21"
"16,49 : 17.69"
"17,0 : 36.06"
"17,1 : 56.89"
"17,2 : 35.51"
"17,3 : 76.01"
"17,4 : 85.33"
"17,5 : 48.01"
"17,6 : 49.73"
"17,7 : 92.66"
"17,8 : 23.35"
"17,9 : 68.01"
"17,10 : 51.87"
"17,11 : 62.24"
"17,12 : 68.12"
"17,13 : 62.97"
"17,14 : 55.8"
"17,15 : 56.22"
"17,16 : 76.28"
"17,17 : 0.0"
"17,18 : 8.25"
"17,19 : 31.78"
"17,20 : 53.41"
"17,21 : 65.76"
"17,22 : 43.42"
"17,23 : 34.0"
"17,24 : 14.42"
"17,25 : 23.71"
"17,26 : 30.08"
"17,27 : 90.96"
"17,28 : 88.23"
"17,29 : 71.06"
"17,30 : 60.53"
"17,31 : 81.49"
"17,32 : 77.99"
"17,33 : 80.96"
"17,34 : 17.12"
"17,35 : 93.72"
"17,36 : 30.89"
"17,37 : 57.28"
"17,38 : 4.24"
"17,39 : 79.08"
"17,40 : 91.44"
"17,41 : 115.75"
"17,42 : 98.35"
"17,43 : 5.83"
"17,44 : 106.25"
"17,45 : 76.85"
"17,46 : 20.02"
"17,47 : 74.0"
"17,48 : 22.36"
"17,49 : 58.83"
"18,0 : 38.47"
"18,1 : 49.48"
"18,2 : 39.56"
"18,3 : 68.01"
"18,4 : 89.02"
"18,5 : 50.49"
"18,6 : 50.25"
"18,7 : 92.42"
"18,8 : 15.13"
"18,9 : 68.07"
"18,10 : 46.75"
"18,11 : 55.95"
"18,12 : 60.03"
"18,13 : 67.98"
"18,14 : 53.24"
"18,15 : 53.34"
"18,16 : 73.82"
"18,17 : 8.25"
"18,18 : 0.0"
"18,19 : 36.25"
"18,20 : 50.61"
"18,21 : 61.85"
"18,22 : 49.41"
"18,23 : 28.43"
"18,24 : 22.36"
"18,25 : 30.36"
"18,26 : 23.26"
"18,27 : 91.24"
"18,28 : 88.07"
"18,29 : 67.96"
"18,30 : 64.03"
"18,31 : 81.88"
"18,32 : 74.63"
"18,33 : 79.71"
"18,34 : 21.47"
"18,35 : 90.44"
"18,36 : 29.83"
"18,37 : 53.6"
"18,38 : 7.07"
"18,39 : 82.71"
"18,40 : 88.01"
"18,41 : 112.41"
"18,42 : 94.64"
"18,43 : 13.93"
"18,44 : 103.59"
"18,45 : 74.69"
"18,46 : 28.02"
"18,47 : 76.42"
"18,48 : 14.14"
"18,49 : 56.86"
"19,0 : 10.3"
"19,1 : 66.41"
"19,2 : 4.12"
"19,3 : 88.96"
"19,4 : 53.6"
"19,5 : 18.79"
"19,6 : 26.25"
"19,7 : 67.42"
"19,8 : 46.1"
"19,9 : 43.42"
"19,10 : 50.04"
"19,11 : 64.28"
"19,12 : 82.76"
"19,13 : 31.76"
"19,14 : 42.38"
"19,15 : 43.97"
"19,16 : 59.36"
"19,17 : 31.78"
"19,18 : 36.25"
"19,19 : 0.0"
"19,20 : 41.48"
"19,21 : 56.04"
"19,22 : 15.65"
"19,23 : 39.92"
"19,24 : 23.54"
"19,25 : 44.27"
"19,26 : 42.72"
"19,27 : 64.41"
"19,28 : 62.97"
"19,29 : 57.27"
"19,30 : 29.02"
"19,31 : 55.07"
"19,32 : 64.4"
"19,33 : 59.4"
"19,34 : 14.87"
"19,35 : 78.55"
"19,36 : 22.36"
"19,37 : 48.05"
"19,38 : 29.73"
"19,39 : 47.38"
"19,40 : 77.03"
"19,41 : 99.62"
"19,42 : 84.6"
"19,43 : 28.07"
"19,44 : 88.09"
"19,45 : 58.82"
"19,46 : 34.54"
"19,47 : 43.57"
"19,48 : 45.45"
"19,49 : 42.49"
"20,0 : 31.58"
"20,1 : 39.41"
"20,2 : 39.62"
"20,3 : 60.81"
"20,4 : 63.78"
"20,5 : 32.56"
"20,6 : 20.88"
"20,7 : 46.17"
"20,8 : 47.07"
"20,9 : 26.42"
"20,10 : 16.4"
"20,11 : 29.41"
"20,12 : 57.8"
"20,13 : 57.57"
"20,14 : 3.0"
"20,15 : 2.83"
"20,16 : 23.26"
"20,17 : 53.41"
"20,18 : 50.61"
"20,19 : 41.48"
"20,20 : 0.0"
"20,21 : 14.56"
"20,22 : 54.15"
"20,23 : 26.17"
"20,24 : 56.4"
"20,25 : 75.66"
"20,26 : 34.23"
"20,27 : 47.07"
"20,28 : 42.43"
"20,29 : 17.69"
"20,30 : 44.78"
"20,31 : 39.22"
"20,32 : 24.76"
"20,33 : 31.06"
"20,34 : 43.01"
"20,35 : 40.36"
"20,36 : 23.43"
"20,37 : 7.07"
"20,38 : 49.2"
"20,39 : 58.41"
"20,40 : 38.18"
"20,41 : 62.37"
"20,42 : 45.34"
"20,43 : 54.45"
"20,44 : 53.0"
"20,45 : 24.35"
"20,46 : 68.25"
"20,47 : 45.97"
"20,48 : 47.3"
"20,49 : 8.25"
"21,0 : 46.1"
"21,1 : 37.11"
"21,2 : 54.13"
"21,3 : 55.23"
"21,4 : 72.72"
"21,5 : 46.04"
"21,6 : 34.06"
"21,7 : 45.69"
"21,8 : 55.46"
"21,9 : 33.02"
"21,10 : 17.46"
"21,11 : 23.26"
"21,12 : 54.23"
"21,13 : 70.21"
"21,14 : 14.04"
"21,15 : 12.17"
"21,16 : 17.46"
"21,17 : 65.76"
"21,18 : 61.85"
"21,19 : 56.04"
"21,20 : 14.56"
"21,21 : 0.0"
"21,22 : 68.47"
"21,23 : 34.48"
"21,24 : 70.18"
"21,25 : 88.73"
"21,26 : 42.05"
"21,27 : 48.37"
"21,28 : 42.94"
"21,29 : 9.22"
"21,30 : 56.75"
"21,31 : 42.64"
"21,32 : 13.6"
"21,33 : 29.55"
"21,34 : 56.94"
"21,35 : 29.07"
"21,36 : 37.22"
"21,37 : 8.6"
"21,38 : 61.52"
"21,39 : 68.0"
"21,40 : 26.42"
"21,41 : 50.77"
"21,42 : 32.8"
"21,43 : 67.48"
"21,44 : 43.32"
"21,45 : 19.92"
"21,46 : 81.84"
"21,47 : 54.71"
"21,48 : 55.9"
"21,49 : 16.49"
"22,0 : 23.09"
"22,1 : 81.93"
"22,2 : 15.3"
"22,3 : 104.55"
"22,4 : 46.39"
"22,5 : 24.17"
"22,6 : 35.44"
"22,7 : 70.71"
"22,8 : 60.83"
"22,9 : 49.09"
"22,10 : 64.63"
"22,11 : 79.08"
"22,12 : 98.41"
"22,13 : 21.02"
"22,14 : 54.45"
"22,15 : 56.32"
"22,16 : 68.71"
"22,17 : 43.42"
"22,18 : 49.41"
"22,19 : 15.65"
"22,20 : 54.15"
"22,21 : 68.47"
"22,22 : 0.0"
"22,23 : 55.54"
"22,24 : 31.32"
"22,25 : 49.0"
"22,26 : 58.31"
"22,27 : 66.6"
"22,28 : 66.48"
"22,29 : 68.15"
"22,30 : 25.55"
"22,31 : 57.98"
"22,32 : 75.0"
"22,33 : 66.04"
"22,34 : 28.32"
"22,35 : 87.85"
"22,36 : 37.64"
"22,37 : 61.07"
"22,38 : 42.44"
"22,39 : 40.79"
"22,40 : 86.73"
"22,41 : 107.82"
"22,42 : 94.34"
"22,43 : 38.48"
"22,44 : 95.52"
"22,45 : 67.62"
"22,46 : 39.01"
"22,47 : 41.68"
"22,48 : 60.11"
"22,49 : 53.37"
"23,0 : 34.41"
"23,1 : 26.68"
"23,2 : 40.71"
"23,3 : 49.04"
"23,4 : 81.54"
"23,5 : 43.19"
"23,6 : 36.24"
"23,7 : 72.01"
"23,8 : 21.19"
"23,9 : 50.01"
"23,10 : 18.38"
"23,11 : 28.46"
"23,12 : 42.94"
"23,13 : 67.48"
"23,14 : 29.15"
"23,15 : 28.44"
"23,16 : 48.76"
"23,17 : 34.0"
"23,18 : 28.43"
"23,19 : 39.92"
"23,20 : 26.17"
"23,21 : 34.48"
"23,22 : 55.54"
"23,23 : 0.0"
"23,24 : 42.76"
"23,25 : 57.71"
"23,26 : 8.06"
"23,27 : 72.34"
"23,28 : 68.07"
"23,29 : 41.79"
"23,30 : 58.14"
"23,31 : 63.79"
"23,32 : 47.85"
"23,33 : 57.22"
"23,34 : 32.02"
"23,35 : 63.53"
"23,36 : 18.6"
"23,37 : 26.93"
"23,38 : 29.97"
"23,39 : 75.45"
"23,40 : 60.9"
"23,41 : 85.23"
"23,42 : 67.12"
"23,43 : 37.34"
"23,44 : 77.47"
"23,45 : 50.22"
"23,46 : 52.81"
"23,47 : 65.3"
"23,48 : 21.54"
"23,49 : 34.01"
"24,0 : 31.3"
"24,1 : 68.03"
"24,2 : 27.66"
"24,3 : 88.46"
"24,4 : 76.06"
"24,5 : 42.06"
"24,6 : 47.17"
"24,7 : 89.89"
"24,8 : 37.0"
"24,9 : 65.37"
"24,10 : 58.87"
"24,11 : 71.06"
"24,12 : 80.89"
"24,13 : 51.97"
"24,14 : 58.26"
"24,15 : 59.2"
"24,16 : 77.78"
"24,17 : 14.42"
"24,18 : 22.36"
"24,19 : 23.54"
"24,20 : 56.4"
"24,21 : 70.18"
"24,22 : 31.32"
"24,23 : 42.76"
"24,24 : 0.0"
"24,25 : 21.02"
"24,26 : 41.0"
"24,27 : 87.32"
"24,28 : 85.42"
"24,29 : 73.88"
"24,30 : 52.15"
"24,31 : 77.88"
"24,32 : 81.06"
"24,33 : 80.21"
"24,34 : 13.45"
"24,35 : 96.33"
"24,36 : 33.02"
"24,37 : 61.59"
"24,38 : 15.81"
"24,39 : 70.01"
"24,40 : 94.37"
"24,41 : 118.14"
"24,42 : 101.67"
"24,43 : 8.6"
"24,44 : 107.56"
"24,45 : 77.83"
"24,46 : 12.04"
"24,47 : 67.08"
"24,48 : 36.06"
"24,49 : 60.11"
"25,0 : 52.33"
"25,1 : 79.81"
"25,2 : 48.38"
"25,3 : 97.51"
"25,4 : 95.19"
"25,5 : 62.97"
"25,6 : 68.1"
"25,7 : 110.91"
"25,8 : 44.55"
"25,9 : 86.35"
"25,10 : 75.47"
"25,11 : 85.91"
"25,12 : 89.27"
"25,13 : 70.01"
"25,14 : 77.79"
"25,15 : 78.49"
"25,16 : 97.84"
"25,17 : 23.71"
"25,18 : 30.36"
"25,19 : 44.27"
"25,20 : 75.66"
"25,21 : 88.73"
"25,22 : 49.0"
"25,23 : 57.71"
"25,24 : 21.02"
"25,25 : 0.0"
"25,26 : 53.49"
"25,27 : 108.34"
"25,28 : 106.44"
"25,29 : 93.34"
"25,30 : 72.18"
"25,31 : 98.9"
"25,32 : 100.42"
"25,33 : 100.96"
"25,34 : 33.84"
"25,35 : 115.97"
"25,36 : 52.35"
"25,37 : 80.16"
"25,38 : 27.78"
"25,39 : 89.36"
"25,40 : 113.85"
"25,41 : 137.93"
"25,42 : 120.97"
"25,43 : 21.26"
"25,44 : 127.78"
"25,45 : 98.08"
"25,46 : 10.05"
"25,47 : 87.56"
"25,48 : 43.57"
"25,49 : 80.16"
"26,0 : 38.9"
"26,1 : 27.07"
"26,2 : 44.2"
"26,3 : 47.85"
"26,4 : 87.82"
"26,5 : 48.83"
"26,6 : 43.08"
"26,7 : 80.0"
"26,8 : 13.42"
"26,9 : 57.71"
"26,10 : 25.24"
"26,11 : 32.76"
"26,12 : 40.8"
"26,13 : 72.12"
"26,14 : 37.22"
"26,15 : 36.5"
"26,16 : 56.75"
"26,17 : 30.08"
"26,18 : 23.26"
"26,19 : 42.72"
"26,20 : 34.23"
"26,21 : 42.05"
"26,22 : 58.31"
"26,23 : 8.06"
"26,24 : 41.0"
"26,25 : 53.49"
"26,26 : 0.0"
"26,27 : 80.22"
"26,28 : 76.03"
"26,29 : 49.65"
"26,30 : 63.82"
"26,31 : 71.57"
"26,32 : 55.54"
"26,33 : 65.28"
"26,34 : 32.28"
"26,35 : 71.11"
"26,36 : 23.6"
"26,37 : 34.79"
"26,38 : 26.48"
"26,39 : 81.63"
"26,40 : 68.43"
"26,41 : 92.66"
"26,42 : 74.43"
"26,43 : 34.37"
"26,44 : 85.23"
"26,45 : 58.25"
"26,46 : 49.82"
"26,47 : 72.09"
"26,48 : 13.89"
"26,49 : 42.05"
"27,0 : 56.08"
"27,1 : 84.69"
"27,2 : 60.42"
"27,3 : 103.59"
"27,4 : 38.21"
"27,5 : 45.65"
"27,6 : 41.23"
"27,7 : 6.0"
"27,8 : 92.0"
"27,9 : 23.19"
"27,10 : 62.3"
"27,11 : 71.59"
"27,12 : 102.42"
"27,13 : 53.54"
"27,14 : 44.15"
"27,15 : 45.61"
"27,16 : 32.02"
"27,17 : 90.96"
"27,18 : 91.24"
"27,19 : 64.41"
"27,20 : 47.07"
"27,21 : 48.37"
"27,22 : 66.6"
"27,23 : 72.34"
"27,24 : 87.32"
"27,25 : 108.34"
"27,26 : 80.22"
"27,27 : 0.0"
"27,28 : 5.66"
"27,29 : 39.66"
"27,30 : 41.77"
"27,31 : 9.49"
"27,32 : 40.31"
"27,33 : 19.21"
"27,34 : 75.27"
"27,35 : 40.31"
"27,36 : 61.52"
"27,37 : 49.98"
"27,38 : 87.32"
"27,39 : 37.36"
"27,40 : 41.59"
"27,41 : 51.01"
"27,42 : 46.82"
"27,43 : 89.49"
"27,44 : 38.01"
"27,45 : 29.21"
"27,46 : 98.84"
"27,47 : 26.93"
"27,48 : 92.01"
"27,49 : 38.83"
"28,0 : 54.12"
"28,1 : 79.48"
"28,2 : 59.08"
"28,3 : 98.11"
"28,4 : 42.0"
"28,5 : 44.41"
"28,6 : 38.63"
"28,7 : 4.47"
"28,8 : 88.09"
"28,9 : 20.25"
"28,10 : 57.28"
"28,11 : 66.19"
"28,12 : 97.08"
"28,13 : 55.01"
"28,14 : 39.46"
"28,15 : 40.79"
"28,16 : 26.4"
"28,17 : 88.23"
"28,18 : 88.07"
"28,19 : 62.97"
"28,20 : 42.43"
"28,21 : 42.94"
"28,22 : 66.48"
"28,23 : 68.07"
"28,24 : 85.42"
"28,25 : 106.44"
"28,26 : 76.03"
"28,27 : 5.66"
"28,28 : 0.0"
"28,29 : 34.13"
"28,30 : 42.44"
"28,31 : 8.6"
"28,32 : 34.66"
"28,33 : 13.6"
"28,34 : 73.01"
"28,35 : 35.11"
"28,36 : 58.25"
"28,37 : 44.92"
"28,38 : 84.48"
"28,39 : 40.45"
"28,40 : 36.25"
"28,41 : 47.27"
"28,42 : 41.76"
"28,43 : 87.09"
"28,44 : 34.13"
"28,45 : 23.6"
"28,46 : 97.13"
"28,47 : 28.79"
"28,48 : 88.14"
"28,49 : 34.23"
"29,0 : 47.01"
"29,1 : 46.32"
"29,2 : 54.78"
"29,3 : 64.01"
"29,4 : 66.64"
"29,5 : 44.55"
"29,6 : 32.76"
"29,7 : 36.67"
"29,8 : 62.97"
"29,9 : 26.93"
"29,10 : 26.08"
"29,11 : 32.31"
"29,12 : 63.32"
"29,13 : 67.12"
"29,14 : 15.62"
"29,15 : 14.87"
"29,16 : 8.25"
"29,17 : 71.06"
"29,18 : 67.96"
"29,19 : 57.27"
"29,20 : 17.69"
"29,21 : 9.22"
"29,22 : 68.15"
"29,23 : 41.79"
"29,24 : 73.88"
"29,25 : 93.34"
"29,26 : 49.65"
"29,27 : 39.66"
"29,28 : 34.13"
"29,29 : 0.0"
"29,30 : 53.24"
"29,31 : 34.66"
"29,32 : 7.21"
"29,33 : 20.59"
"29,34 : 60.44"
"29,35 : 22.67"
"29,36 : 41.04"
"29,37 : 14.87"
"29,38 : 66.84"
"29,39 : 62.39"
"29,40 : 20.52"
"29,41 : 44.69"
"29,42 : 27.8"
"29,43 : 72.14"
"29,44 : 35.78"
"29,45 : 10.77"
"29,46 : 85.8"
"29,47 : 48.85"
"29,48 : 63.32"
"29,49 : 14.87"
"30,0 : 26.0"
"30,1 : 81.22"
"30,2 : 25.08"
"30,3 : 103.81"
"30,4 : 25.0"
"30,5 : 15.0"
"30,6 : 24.19"
"30,7 : 46.4"
"30,8 : 71.11"
"30,9 : 28.44"
"30,10 : 59.68"
"30,11 : 73.82"
"30,12 : 99.36"
"30,13 : 14.04"
"30,14 : 43.66"
"30,15 : 45.88"
"30,16 : 51.09"
"30,17 : 60.53"
"30,18 : 64.03"
"30,19 : 29.02"
"30,20 : 44.78"
"30,21 : 56.75"
"30,22 : 25.55"
"30,23 : 58.14"
"30,24 : 52.15"
"30,25 : 72.18"
"30,26 : 63.82"
"30,27 : 41.77"
"30,28 : 42.44"
"30,29 : 53.24"
"30,30 : 0.0"
"30,31 : 33.84"
"30,32 : 59.01"
"30,33 : 44.92"
"30,34 : 43.42"
"30,35 : 69.05"
"30,36 : 40.22"
"30,37 : 51.62"
"30,38 : 58.05"
"30,39 : 18.68"
"30,40 : 68.59"
"30,41 : 86.98"
"30,42 : 75.95"
"30,43 : 57.08"
"30,44 : 74.09"
"30,45 : 49.25"
"30,46 : 62.17"
"30,47 : 16.12"
"30,48 : 70.68"
"30,49 : 40.26"
"31,0 : 46.62"
"31,1 : 77.83"
"31,2 : 51.11"
"31,3 : 97.65"
"31,4 : 35.36"
"31,5 : 36.36"
"31,6 : 31.78"
"31,7 : 12.73"
"31,8 : 83.05"
"31,9 : 14.0"
"31,10 : 55.04"
"31,11 : 65.46"
"31,12 : 95.88"
"31,13 : 46.52"
"31,14 : 36.4"
"31,15 : 38.08"
"31,16 : 28.02"
"31,17 : 81.49"
"31,18 : 81.88"
"31,19 : 55.07"
"31,20 : 39.22"
"31,21 : 42.64"
"31,22 : 57.98"
"31,23 : 63.79"
"31,24 : 77.88"
"31,25 : 98.9"
"31,26 : 71.57"
"31,27 : 9.49"
"31,28 : 8.6"
"31,29 : 34.66"
"31,30 : 33.84"
"31,31 : 0.0"
"31,32 : 36.89"
"31,33 : 16.16"
"31,34 : 65.79"
"31,35 : 40.61"
"31,36 : 52.24"
"31,37 : 42.94"
"31,38 : 77.88"
"31,39 : 33.02"
"31,40 : 41.23"
"31,41 : 54.92"
"31,42 : 47.52"
"31,43 : 80.01"
"31,44 : 41.77"
"31,45 : 25.24"
"31,46 : 89.44"
"31,47 : 20.62"
"31,48 : 83.02"
"31,49 : 31.02"
"32,0 : 54.13"
"32,1 : 49.25"
"32,2 : 61.85"
"32,3 : 65.0"
"32,4 : 70.58"
"32,5 : 51.2"
"32,6 : 39.56"
"32,7 : 36.4"
"32,8 : 68.94"
"32,9 : 31.58"
"32,10 : 31.05"
"32,11 : 34.53"
"32,12 : 65.25"
"32,13 : 73.0"
"32,14 : 22.8"
"32,15 : 21.93"
"32,16 : 8.94"
"32,17 : 77.99"
"32,18 : 74.63"
"32,19 : 64.4"
"32,20 : 24.76"
"32,21 : 13.6"
"32,22 : 75.0"
"32,23 : 47.85"
"32,24 : 81.06"
"32,25 : 100.42"
"32,26 : 55.54"
"32,27 : 40.31"
"32,28 : 34.66"
"32,29 : 7.21"
"32,30 : 59.01"
"32,31 : 36.89"
"32,32 : 0.0"
"32,33 : 21.26"
"32,34 : 67.62"
"32,35 : 15.81"
"32,36 : 48.17"
"32,37 : 21.1"
"32,38 : 73.76"
"32,39 : 66.76"
"32,40 : 13.45"
"32,41 : 37.8"
"32,42 : 20.62"
"32,43 : 79.2"
"32,44 : 29.73"
"32,45 : 11.66"
"32,46 : 92.96"
"32,47 : 53.16"
"32,48 : 69.35"
"32,49 : 21.93"
"33,0 : 49.58"
"33,1 : 66.41"
"33,2 : 55.9"
"33,3 : 84.6"
"33,4 : 51.2"
"33,5 : 42.2"
"33,6 : 33.3"
"33,7 : 16.16"
"33,8 : 77.93"
"33,9 : 17.0"
"33,10 : 44.72"
"33,11 : 52.8"
"33,12 : 83.77"
"33,13 : 58.69"
"33,14 : 28.07"
"33,15 : 29.0"
"33,16 : 12.81"
"33,17 : 80.96"
"33,18 : 79.71"
"33,19 : 59.4"
"33,20 : 31.06"
"33,21 : 29.55"
"33,22 : 66.04"
"33,23 : 57.22"
"33,24 : 80.21"
"33,25 : 100.96"
"33,26 : 65.28"
"33,27 : 19.21"
"33,28 : 13.6"
"33,29 : 20.59"
"33,30 : 44.92"
"33,31 : 16.16"
"33,32 : 21.26"
"33,33 : 0.0"
"33,34 : 67.12"
"33,35 : 25.02"
"33,36 : 50.16"
"33,37 : 32.39"
"33,38 : 76.97"
"33,39 : 48.26"
"33,40 : 25.32"
"33,41 : 42.15"
"33,42 : 32.02"
"33,43 : 80.62"
"33,44 : 29.53"
"33,45 : 10.0"
"33,46 : 92.2"
"33,47 : 35.01"
"33,48 : 78.09"
"33,49 : 23.35"
"34,0 : 19.42"
"34,1 : 58.42"
"34,2 : 18.44"
"34,3 : 80.05"
"34,4 : 68.25"
"34,5 : 31.14"
"34,6 : 34.44"
"34,7 : 77.47"
"34,8 : 32.65"
"34,9 : 52.8"
"34,10 : 46.57"
"34,11 : 59.54"
"34,12 : 73.08"
"34,13 : 46.52"
"34,14 : 44.82"
"34,15 : 45.8"
"34,16 : 64.35"
"34,17 : 17.12"
"34,18 : 21.47"
"34,19 : 14.87"
"34,20 : 43.01"
"34,21 : 56.94"
"34,22 : 28.32"
"34,23 : 32.02"
"34,24 : 13.45"
"34,25 : 33.84"
"34,26 : 32.28"
"34,27 : 75.27"
"34,28 : 73.01"
"34,29 : 60.44"
"34,30 : 43.42"
"34,31 : 65.79"
"34,32 : 67.62"
"34,33 : 67.12"
"34,34 : 0.0"
"34,35 : 82.88"
"34,36 : 19.72"
"34,37 : 48.37"
"34,38 : 14.87"
"34,39 : 61.98"
"34,40 : 80.92"
"34,41 : 104.69"
"34,42 : 88.24"
"34,43 : 14.32"
"34,44 : 94.18"
"34,45 : 64.44"
"34,46 : 25.46"
"34,47 : 57.04"
"34,48 : 31.89"
"34,49 : 46.67"
"35,0 : 68.26"
"35,1 : 62.13"
"35,2 : 75.66"
"35,3 : 74.73"
"35,4 : 75.95"
"35,5 : 63.69"
"35,6 : 52.77"
"35,7 : 34.89"
"35,8 : 84.53"
"35,9 : 40.61"
"35,10 : 46.24"
"35,11 : 47.1"
"35,12 : 76.42"
"35,13 : 83.02"
"35,14 : 38.18"
"35,15 : 37.54"
"35,16 : 19.24"
"35,17 : 93.72"
"35,18 : 90.44"
"35,19 : 78.55"
"35,20 : 40.36"
"35,21 : 29.07"
"35,22 : 87.85"
"35,23 : 63.53"
"35,24 : 96.33"
"35,25 : 115.97"
"35,26 : 71.11"
"35,27 : 40.31"
"35,28 : 35.11"
"35,29 : 22.67"
"35,30 : 69.05"
"35,31 : 40.61"
"35,32 : 15.81"
"35,33 : 25.02"
"35,34 : 82.88"
"35,35 : 0.0"
"35,36 : 63.64"
"35,37 : 36.89"
"35,38 : 89.5"
"35,39 : 73.25"
"35,40 : 3.0"
"35,41 : 22.02"
"35,42 : 7.0"
"35,43 : 94.79"
"35,44 : 15.03"
"35,45 : 20.25"
"35,46 : 108.3"
"35,47 : 60.03"
"35,48 : 84.97"
"35,49 : 36.4"
"36,0 : 15.81"
"36,1 : 44.38"
"36,2 : 22.47"
"36,3 : 67.12"
"36,4 : 64.41"
"36,5 : 25.24"
"36,6 : 21.1"
"36,7 : 62.59"
"36,8 : 32.02"
"36,9 : 38.33"
"36,10 : 28.07"
"36,11 : 42.05"
"36,12 : 61.4"
"36,13 : 48.92"
"36,14 : 25.46"
"36,15 : 26.25"
"36,16 : 45.61"
"36,17 : 30.89"
"36,18 : 29.83"
"36,19 : 22.36"
"36,20 : 23.43"
"36,21 : 37.22"
"36,22 : 37.64"
"36,23 : 18.6"
"36,24 : 33.02"
"36,25 : 52.35"
"36,26 : 23.6"
"36,27 : 61.52"
"36,28 : 58.25"
"36,29 : 41.04"
"36,30 : 40.22"
"36,31 : 52.24"
"36,32 : 48.17"
"36,33 : 50.16"
"36,34 : 19.72"
"36,35 : 63.64"
"36,36 : 0.0"
"36,37 : 28.65"
"36,38 : 26.83"
"36,39 : 58.18"
"36,40 : 61.55"
"36,41 : 85.59"
"36,42 : 68.77"
"36,43 : 31.24"
"36,44 : 75.6"
"36,45 : 46.04"
"36,46 : 44.82"
"36,47 : 49.34"
"36,48 : 31.78"
"36,49 : 28.02"
"37,0 : 38.33"
"37,1 : 34.89"
"37,2 : 46.39"
"37,3 : 55.32"
"37,4 : 69.81"
"37,5 : 39.62"
"37,6 : 27.89"
"37,7 : 48.27"
"37,8 : 48.1"
"37,9 : 31.24"
"37,10 : 12.37"
"37,11 : 23.35"
"37,12 : 53.0"
"37,13 : 64.56"
"37,14 : 8.06"
"37,15 : 5.83"
"37,16 : 22.2"
"37,17 : 57.28"
"37,18 : 53.6"
"37,19 : 48.05"
"37,20 : 7.07"
"37,21 : 8.6"
"37,22 : 61.07"
"37,23 : 26.93"
"37,24 : 61.59"
"37,25 : 80.16"
"37,26 : 34.79"
"37,27 : 49.98"
"37,28 : 44.92"
"37,29 : 14.87"
"37,30 : 51.62"
"37,31 : 42.94"
"37,32 : 21.1"
"37,33 : 32.39"
"37,34 : 48.37"
"37,35 : 36.89"
"37,36 : 28.65"
"37,37 : 0.0"
"37,38 : 53.04"
"37,39 : 64.64"
"37,40 : 34.41"
"37,41 : 58.82"
"37,42 : 41.11"
"37,43 : 58.9"
"37,44 : 50.57"
"37,45 : 24.02"
"37,46 : 73.24"
"37,47 : 51.86"
"37,48 : 48.47"
"37,49 : 12.73"
"38,0 : 33.02"
"38,1 : 53.46"
"38,2 : 33.24"
"38,3 : 73.11"
"38,4 : 82.98"
"38,5 : 45.04"
"38,6 : 46.1"
"38,7 : 88.89"
"38,8 : 21.19"
"38,9 : 64.29"
"38,10 : 47.71"
"38,11 : 58.31"
"38,12 : 65.38"
"38,13 : 61.33"
"38,14 : 51.61"
"38,15 : 52.01"
"38,16 : 72.11"
"38,17 : 4.24"
"38,18 : 7.07"
"38,19 : 29.73"
"38,20 : 49.2"
"38,21 : 61.52"
"38,22 : 42.44"
"38,23 : 29.97"
"38,24 : 15.81"
"38,25 : 27.78"
"38,26 : 26.48"
"38,27 : 87.32"
"38,28 : 84.48"
"38,29 : 66.84"
"38,30 : 58.05"
"38,31 : 77.88"
"38,32 : 73.76"
"38,33 : 76.97"
"38,34 : 14.87"
"38,35 : 89.5"
"38,36 : 26.83"
"38,37 : 53.04"
"38,38 : 0.0"
"38,39 : 76.69"
"38,40 : 87.21"
"38,41 : 111.52"
"38,42 : 94.11"
"38,43 : 8.0"
"38,44 : 102.08"
"38,45 : 72.72"
"38,46 : 23.35"
"38,47 : 71.06"
"38,48 : 20.25"
"38,49 : 54.71"
"39,0 : 44.6"
"39,1 : 96.88"
"39,2 : 43.57"
"39,3 : 119.0"
"39,4 : 6.32"
"39,5 : 33.11"
"39,6 : 39.7"
"39,7 : 43.17"
"39,8 : 89.55"
"39,9 : 35.47"
"39,10 : 74.41"
"39,11 : 87.8"
"39,12 : 115.26"
"39,13 : 21.02"
"39,14 : 56.61"
"39,15 : 58.82"
"39,16 : 57.97"
"39,17 : 79.08"
"39,18 : 82.71"
"39,19 : 47.38"
"39,20 : 58.41"
"39,21 : 68.0"
"39,22 : 40.79"
"39,23 : 75.45"
"39,24 : 70.01"
"39,25 : 89.36"
"39,26 : 81.63"
"39,27 : 37.36"
"39,28 : 40.45"
"39,29 : 62.39"
"39,30 : 18.68"
"39,31 : 33.02"
"39,32 : 66.76"
"39,33 : 48.26"
"39,34 : 61.98"
"39,35 : 73.25"
"39,36 : 58.18"
"39,37 : 64.64"
"39,38 : 76.69"
"39,39 : 0.0"
"39,40 : 73.55"
"39,41 : 87.69"
"39,42 : 80.22"
"39,43 : 75.43"
"39,44 : 74.55"
"39,45 : 55.54"
"39,46 : 79.31"
"39,47 : 13.6"
"39,48 : 89.16"
"39,49 : 52.15"
"40,0 : 66.73"
"40,1 : 59.14"
"40,2 : 74.24"
"40,3 : 71.81"
"40,4 : 76.49"
"40,5 : 62.63"
"40,6 : 51.48"
"40,7 : 36.36"
"40,8 : 81.84"
"40,9 : 40.2"
"40,10 : 43.46"
"40,11 : 44.1"
"40,12 : 73.44"
"40,13 : 82.61"
"40,14 : 36.12"
"40,15 : 35.36"
"40,16 : 18.03"
"40,17 : 91.44"
"40,18 : 88.01"
"40,19 : 77.03"
"40,20 : 38.18"
"40,21 : 26.42"
"40,22 : 86.73"
"40,23 : 60.9"
"40,24 : 94.37"
"40,25 : 113.85"
"40,26 : 68.43"
"40,27 : 41.59"
"40,28 : 36.25"
"40,29 : 20.52"
"40,30 : 68.59"
"40,31 : 41.23"
"40,32 : 13.45"
"40,33 : 25.32"
"40,34 : 80.92"
"40,35 : 3.0"
"40,36 : 61.55"
"40,37 : 34.41"
"40,38 : 87.21"
"40,39 : 73.55"
"40,40 : 0.0"
"40,41 : 24.41"
"40,42 : 7.62"
"40,43 : 92.63"
"40,44 : 18.03"
"40,45 : 19.42"
"40,46 : 106.3"
"40,47 : 60.21"
"40,48 : 82.3"
"40,49 : 34.67"
"41,0 : 89.4"
"41,1 : 81.02"
"41,2 : 96.52"
"41,3 : 90.02"
"41,4 : 89.14"
"41,5 : 83.73"
"41,6 : 73.5"
"41,7 : 45.01"
"41,8 : 106.07"
"41,9 : 59.09"
"41,10 : 67.54"
"41,11 : 66.22"
"41,12 : 93.19"
"41,13 : 100.58"
"41,14 : 60.14"
"41,15 : 59.55"
"41,16 : 40.46"
"41,17 : 115.75"
"41,18 : 112.41"
"41,19 : 99.62"
"41,20 : 62.37"
"41,21 : 50.77"
"41,22 : 107.82"
"41,23 : 85.23"
"41,24 : 118.14"
"41,25 : 137.93"
"41,26 : 92.66"
"41,27 : 51.01"
"41,28 : 47.27"
"41,29 : 44.69"
"41,30 : 86.98"
"41,31 : 54.92"
"41,32 : 37.8"
"41,33 : 42.15"
"41,34 : 104.69"
"41,35 : 22.02"
"41,36 : 85.59"
"41,37 : 58.82"
"41,38 : 111.52"
"41,39 : 87.69"
"41,40 : 24.41"
"41,41 : 0.0"
"41,42 : 18.38"
"41,43 : 116.78"
"41,44 : 13.15"
"41,45 : 40.8"
"41,46 : 130.14"
"41,47 : 75.5"
"41,48 : 106.55"
"41,49 : 58.05"
"42,0 : 74.3"
"42,1 : 62.97"
"42,2 : 81.84"
"42,3 : 73.55"
"42,4 : 82.87"
"42,5 : 70.23"
"42,6 : 59.09"
"42,7 : 41.23"
"42,8 : 87.82"
"42,9 : 47.52"
"42,10 : 49.24"
"42,11 : 48.05"
"42,12 : 76.01"
"42,13 : 89.94"
"42,14 : 43.42"
"42,15 : 42.52"
"42,16 : 25.63"
"42,17 : 98.35"
"42,18 : 94.64"
"42,19 : 84.6"
"42,20 : 45.34"
"42,21 : 32.8"
"42,22 : 94.34"
"42,23 : 67.12"
"42,24 : 101.67"
"42,25 : 120.97"
"42,26 : 74.43"
"42,27 : 46.82"
"42,28 : 41.76"
"42,29 : 27.8"
"42,30 : 75.95"
"42,31 : 47.52"
"42,32 : 20.62"
"42,33 : 32.02"
"42,34 : 88.24"
"42,35 : 7.0"
"42,36 : 68.77"
"42,37 : 41.11"
"42,38 : 94.11"
"42,39 : 80.22"
"42,40 : 7.62"
"42,41 : 18.38"
"42,42 : 0.0"
"42,43 : 99.72"
"42,44 : 16.16"
"42,45 : 26.93"
"42,46 : 113.57"
"42,47 : 67.03"
"42,48 : 88.32"
"42,49 : 42.19"
"43,0 : 33.73"
"43,1 : 61.4"
"43,2 : 32.02"
"43,3 : 81.1"
"43,4 : 81.61"
"43,5 : 45.4"
"43,6 : 48.47"
"43,7 : 91.55"
"43,8 : 28.86"
"43,9 : 66.85"
"43,10 : 54.59"
"43,11 : 65.79"
"43,12 : 73.33"
"43,13 : 58.52"
"43,14 : 56.64"
"43,15 : 57.28"
"43,16 : 76.84"
"43,17 : 5.83"
"43,18 : 13.93"
"43,19 : 28.07"
"43,20 : 54.45"
"43,21 : 67.48"
"43,22 : 38.48"
"43,23 : 37.34"
"43,24 : 8.6"
"43,25 : 21.26"
"43,26 : 34.37"
"43,27 : 89.49"
"43,28 : 87.09"
"43,29 : 72.14"
"43,30 : 57.08"
"43,31 : 80.01"
"43,32 : 79.2"
"43,33 : 80.62"
"43,34 : 14.32"
"43,35 : 94.79"
"43,36 : 31.24"
"43,37 : 58.9"
"43,38 : 8.0"
"43,39 : 75.43"
"43,40 : 92.63"
"43,41 : 116.78"
"43,42 : 99.72"
"43,43 : 0.0"
"43,44 : 106.83"
"43,45 : 77.2"
"43,46 : 15.52"
"43,47 : 71.18"
"43,48 : 27.89"
"43,49 : 59.2"
"44,0 : 77.99"
"44,1 : 77.16"
"44,2 : 84.81"
"44,3 : 89.27"
"44,4 : 76.06"
"44,5 : 71.56"
"44,6 : 61.85"
"44,7 : 32.02"
"44,8 : 98.62"
"44,9 : 46.53"
"44,10 : 60.73"
"44,11 : 62.13"
"44,12 : 91.27"
"44,13 : 87.6"
"44,14 : 50.48"
"44,15 : 50.25"
"44,16 : 30.0"
"44,17 : 106.25"
"44,18 : 103.59"
"44,19 : 88.09"
"44,20 : 53.0"
"44,21 : 43.32"
"44,22 : 95.52"
"44,23 : 77.47"
"44,24 : 107.56"
"44,25 : 127.78"
"44,26 : 85.23"
"44,27 : 38.01"
"44,28 : 34.13"
"44,29 : 35.78"
"44,30 : 74.09"
"44,31 : 41.77"
"44,32 : 29.73"
"44,33 : 29.53"
"44,34 : 94.18"
"44,35 : 15.03"
"44,36 : 75.6"
"44,37 : 50.57"
"44,38 : 102.08"
"44,39 : 74.55"
"44,40 : 18.03"
"44,41 : 13.15"
"44,42 : 16.16"
"44,43 : 106.83"
"44,44 : 0.0"
"44,45 : 29.73"
"44,46 : 119.6"
"44,47 : 62.37"
"44,48 : 99.01"
"44,49 : 47.63"
"45,0 : 48.6"
"45,1 : 57.01"
"45,2 : 55.76"
"45,3 : 74.71"
"45,4 : 59.14"
"45,5 : 43.46"
"45,6 : 32.76"
"45,7 : 25.94"
"45,8 : 71.31"
"45,9 : 21.0"
"45,10 : 36.06"
"45,11 : 43.08"
"45,12 : 74.09"
"45,13 : 63.29"
"45,14 : 21.54"
"45,15 : 21.84"
"45,16 : 2.83"
"45,17 : 76.85"
"45,18 : 74.69"
"45,19 : 58.82"
"45,20 : 24.35"
"45,21 : 19.92"
"45,22 : 67.62"
"45,23 : 50.22"
"45,24 : 77.83"
"45,25 : 98.08"
"45,26 : 58.25"
"45,27 : 29.21"
"45,28 : 23.6"
"45,29 : 10.77"
"45,30 : 49.25"
"45,31 : 25.24"
"45,32 : 11.66"
"45,33 : 10.0"
"45,34 : 64.44"
"45,35 : 20.25"
"45,36 : 46.04"
"45,37 : 24.02"
"45,38 : 72.72"
"45,39 : 55.54"
"45,40 : 19.42"
"45,41 : 40.8"
"45,42 : 26.93"
"45,43 : 77.2"
"45,44 : 29.73"
"45,45 : 0.0"
"45,46 : 89.87"
"45,47 : 41.98"
"45,48 : 71.57"
"45,49 : 18.03"
"46,0 : 43.05"
"46,1 : 76.79"
"46,2 : 38.63"
"46,3 : 96.0"
"46,4 : 85.15"
"46,5 : 53.31"
"46,6 : 59.08"
"46,7 : 101.6"
"46,8 : 43.1"
"46,9 : 77.18"
"46,10 : 69.78"
"46,11 : 81.27"
"46,12 : 88.05"
"46,13 : 60.03"
"46,14 : 70.18"
"46,15 : 71.06"
"46,16 : 89.81"
"46,17 : 20.02"
"46,18 : 28.02"
"46,19 : 34.54"
"46,20 : 68.25"
"46,21 : 81.84"
"46,22 : 39.01"
"46,23 : 52.81"
"46,24 : 12.04"
"46,25 : 10.05"
"46,26 : 49.82"
"46,27 : 98.84"
"46,28 : 97.13"
"46,29 : 85.8"
"46,30 : 62.17"
"46,31 : 89.44"
"46,32 : 92.96"
"46,33 : 92.2"
"46,34 : 25.46"
"46,35 : 108.3"
"46,36 : 44.82"
"46,37 : 73.24"
"46,38 : 23.35"
"46,39 : 79.31"
"46,40 : 106.3"
"46,41 : 130.14"
"46,42 : 113.57"
"46,43 : 15.52"
"46,44 : 119.6"
"46,45 : 89.87"
"46,46 : 0.0"
"46,47 : 77.62"
"46,48 : 42.11"
"46,49 : 72.12"
"47,0 : 38.05"
"47,1 : 85.04"
"47,2 : 39.46"
"47,3 : 106.78"
"47,4 : 18.03"
"47,5 : 26.02"
"47,6 : 29.07"
"47,7 : 32.2"
"47,8 : 81.32"
"47,9 : 21.93"
"47,10 : 62.24"
"47,11 : 75.17"
"47,12 : 103.48"
"47,13 : 26.63"
"47,14 : 43.93"
"47,15 : 46.1"
"47,16 : 44.38"
"47,17 : 74.0"
"47,18 : 76.42"
"47,19 : 43.57"
"47,20 : 45.97"
"47,21 : 54.71"
"47,22 : 41.68"
"47,23 : 65.3"
"47,24 : 67.08"
"47,25 : 87.56"
"47,26 : 72.09"
"47,27 : 26.93"
"47,28 : 28.79"
"47,29 : 48.85"
"47,30 : 16.12"
"47,31 : 20.62"
"47,32 : 53.16"
"47,33 : 35.01"
"47,34 : 57.04"
"47,35 : 60.03"
"47,36 : 49.34"
"47,37 : 51.86"
"47,38 : 71.06"
"47,39 : 13.6"
"47,40 : 60.21"
"47,41 : 75.5"
"47,42 : 67.03"
"47,43 : 71.18"
"47,44 : 62.37"
"47,45 : 41.98"
"47,46 : 77.62"
"47,47 : 0.0"
"47,48 : 81.04"
"47,49 : 39.2"
"48,0 : 44.72"
"48,1 : 36.77"
"48,2 : 48.01"
"48,3 : 54.08"
"48,4 : 95.46"
"48,5 : 56.08"
"48,6 : 52.77"
"48,7 : 92.27"
"48,8 : 1.0"
"48,9 : 69.03"
"48,10 : 39.12"
"48,11 : 45.45"
"48,12 : 46.0"
"48,13 : 76.84"
"48,14 : 50.22"
"48,15 : 49.73"
"48,16 : 70.21"
"48,17 : 22.36"
"48,18 : 14.14"
"48,19 : 45.45"
"48,20 : 47.3"
"48,21 : 55.9"
"48,22 : 60.11"
"48,23 : 21.54"
"48,24 : 36.06"
"48,25 : 43.57"
"48,26 : 13.89"
"48,27 : 92.01"
"48,28 : 88.14"
"48,29 : 63.32"
"48,30 : 70.68"
"48,31 : 83.02"
"48,32 : 69.35"
"48,33 : 78.09"
"48,34 : 31.89"
"48,35 : 84.97"
"48,36 : 31.78"
"48,37 : 48.47"
"48,38 : 20.25"
"48,39 : 89.16"
"48,40 : 82.3"
"48,41 : 106.55"
"48,42 : 88.32"
"48,43 : 27.89"
"48,44 : 99.01"
"48,45 : 71.57"
"48,46 : 42.11"
"48,47 : 81.04"
"48,48 : 0.0"
"48,49 : 54.74"
"49,0 : 32.2"
"49,1 : 47.17"
"49,2 : 39.92"
"49,3 : 68.01"
"49,4 : 57.2"
"49,5 : 30.07"
"49,6 : 18.11"
"49,7 : 38.05"
"49,8 : 54.59"
"49,9 : 18.6"
"49,10 : 24.19"
"49,11 : 36.07"
"49,12 : 65.46"
"49,13 : 53.76"
"49,14 : 5.39"
"49,15 : 7.21"
"49,16 : 17.69"
"49,17 : 58.83"
"49,18 : 56.86"
"49,19 : 42.49"
"49,20 : 8.25"
"49,21 : 16.49"
"49,22 : 53.37"
"49,23 : 34.01"
"49,24 : 60.11"
"49,25 : 80.16"
"49,26 : 42.05"
"49,27 : 38.83"
"49,28 : 34.23"
"49,29 : 14.87"
"49,30 : 40.26"
"49,31 : 31.02"
"49,32 : 21.93"
"49,33 : 23.35"
"49,34 : 46.67"
"49,35 : 36.4"
"49,36 : 28.02"
"49,37 : 12.73"
"49,38 : 54.71"
"49,39 : 52.15"
"49,40 : 34.67"
"49,41 : 58.05"
"49,42 : 42.19"
"49,43 : 59.2"
"49,44 : 47.63"
"49,45 : 18.03"
"49,46 : 72.12"
"49,47 : 39.2"
"49,48 : 54.74"
"49,49 : 0.0"
