x,y
26,40
3,17
65,52
83,86
2,97
13,71
8,85
99,73
68,18
51,99
45,73
31,29
62,42
50,47
8,25
24,29
99,68
23,28
46,72
86,2
71,54
77,35
98,15
52,90
94,51
90,18
34,28
85,48
62,80
41,75
51,22
62,25
91,22
60,88
92,37
39,91
56,77
74,6
28,30
72,26
71,48
36,22
80,14
11,77
27,50
13,10
81,51
7,75
18,35
73,28

Distanze
"0,0 : 0.0"
"0,1 : 32.53"
"0,2 : 40.8"
"0,3 : 73.25"
"0,4 : 61.85"
"0,5 : 33.62"
"0,6 : 48.47"
"0,7 : 80.11"
"0,8 : 47.41"
"0,9 : 64.08"
"0,10 : 38.08"
"0,11 : 12.08"
"0,12 : 36.06"
"0,13 : 25.0"
"0,14 : 23.43"
"0,15 : 11.18"
"0,16 : 78.19"
"0,17 : 12.37"
"0,18 : 37.74"
"0,19 : 71.02"
"0,20 : 47.13"
"0,21 : 51.24"
"0,22 : 76.22"
"0,23 : 56.36"
"0,24 : 68.88"
"0,25 : 67.68"
"0,26 : 14.42"
"0,27 : 59.54"
"0,28 : 53.81"
"0,29 : 38.08"
"0,30 : 30.81"
"0,31 : 39.0"
"0,32 : 67.45"
"0,33 : 58.82"
"0,34 : 66.07"
"0,35 : 52.63"
"0,36 : 47.63"
"0,37 : 58.82"
"0,38 : 10.2"
"0,39 : 48.08"
"0,40 : 45.71"
"0,41 : 20.59"
"0,42 : 59.93"
"0,43 : 39.92"
"0,44 : 10.05"
"0,45 : 32.7"
"0,46 : 56.09"
"0,47 : 39.82"
"0,48 : 9.43"
"0,49 : 48.51"
"1,0 : 32.53"
"1,1 : 0.0"
"1,2 : 71.2"
"1,3 : 105.65"
"1,4 : 80.01"
"1,5 : 54.92"
"1,6 : 68.18"
"1,7 : 111.14"
"1,8 : 65.01"
"1,9 : 95.02"
"1,10 : 70.0"
"1,11 : 30.46"
"1,12 : 64.08"
"1,13 : 55.76"
"1,14 : 9.43"
"1,15 : 24.19"
"1,16 : 108.71"
"1,17 : 22.83"
"1,18 : 69.81"
"1,19 : 84.34"
"1,20 : 77.41"
"1,21 : 76.16"
"1,22 : 95.02"
"1,23 : 87.92"
"1,24 : 97.14"
"1,25 : 87.01"
"1,26 : 32.89"
"1,27 : 87.66"
"1,28 : 86.31"
"1,29 : 69.34"
"1,30 : 48.26"
"1,31 : 59.54"
"1,32 : 88.14"
"1,33 : 91.05"
"1,34 : 91.22"
"1,35 : 82.29"
"1,36 : 80.06"
"1,37 : 71.85"
"1,38 : 28.18"
"1,39 : 69.58"
"1,40 : 74.73"
"1,41 : 33.38"
"1,42 : 77.06"
"1,43 : 60.53"
"1,44 : 40.8"
"1,45 : 12.21"
"1,46 : 85.09"
"1,47 : 58.14"
"1,48 : 23.43"
"1,49 : 70.86"
"2,0 : 40.8"
"2,1 : 71.2"
"2,2 : 0.0"
"2,3 : 38.47"
"2,4 : 77.42"
"2,5 : 55.36"
"2,6 : 65.86"
"2,7 : 39.96"
"2,8 : 34.13"
"2,9 : 49.04"
"2,10 : 29.0"
"2,11 : 41.05"
"2,12 : 10.44"
"2,13 : 15.81"
"2,14 : 63.07"
"2,15 : 47.01"
"2,16 : 37.58"
"2,17 : 48.37"
"2,18 : 27.59"
"2,19 : 54.23"
"2,20 : 6.32"
"2,21 : 20.81"
"2,22 : 49.58"
"2,23 : 40.16"
"2,24 : 29.02"
"2,25 : 42.2"
"2,26 : 39.2"
"2,27 : 20.4"
"2,28 : 28.16"
"2,29 : 33.24"
"2,30 : 33.11"
"2,31 : 27.17"
"2,32 : 39.7"
"2,33 : 36.35"
"2,34 : 30.89"
"2,35 : 46.87"
"2,36 : 26.57"
"2,37 : 46.87"
"2,38 : 43.05"
"2,39 : 26.93"
"2,40 : 7.21"
"2,41 : 41.73"
"2,42 : 40.85"
"2,43 : 59.51"
"2,44 : 38.05"
"2,45 : 66.84"
"2,46 : 16.03"
"2,47 : 62.39"
"2,48 : 49.98"
"2,49 : 25.3"
"3,0 : 73.25"
"3,1 : 105.65"
"3,2 : 38.47"
"3,3 : 0.0"
"3,4 : 81.74"
"3,5 : 71.59"
"3,6 : 75.01"
"3,7 : 20.62"
"3,8 : 69.63"
"3,9 : 34.54"
"3,10 : 40.16"
"3,11 : 77.16"
"3,12 : 48.75"
"3,13 : 51.09"
"3,14 : 96.67"
"3,15 : 82.04"
"3,16 : 24.08"
"3,17 : 83.45"
"3,18 : 39.56"
"3,19 : 84.05"
"3,20 : 34.18"
"3,21 : 51.35"
"3,22 : 72.57"
"3,23 : 31.26"
"3,24 : 36.69"
"3,25 : 68.36"
"3,26 : 75.93"
"3,27 : 38.05"
"3,28 : 21.84"
"3,29 : 43.42"
"3,30 : 71.55"
"3,31 : 64.51"
"3,32 : 64.5"
"3,33 : 23.09"
"3,34 : 49.82"
"3,35 : 44.28"
"3,36 : 28.46"
"3,37 : 80.5"
"3,38 : 78.49"
"3,39 : 61.0"
"3,40 : 39.85"
"3,41 : 79.4"
"3,42 : 72.06"
"3,43 : 72.56"
"3,44 : 66.57"
"3,45 : 103.32"
"3,46 : 35.06"
"3,47 : 76.79"
"3,48 : 82.62"
"3,49 : 58.86"
"4,0 : 61.85"
"4,1 : 80.01"
"4,2 : 77.42"
"4,3 : 81.74"
"4,4 : 0.0"
"4,5 : 28.23"
"4,6 : 13.42"
"4,7 : 99.92"
"4,8 : 102.94"
"4,9 : 49.04"
"4,10 : 49.24"
"4,11 : 73.93"
"4,12 : 81.39"
"4,13 : 69.31"
"4,14 : 72.25"
"4,15 : 71.47"
"4,16 : 101.24"
"4,17 : 72.12"
"4,18 : 50.61"
"4,19 : 126.81"
"4,20 : 81.3"
"4,21 : 97.31"
"4,22 : 126.25"
"4,23 : 50.49"
"4,24 : 102.86"
"4,25 : 118.26"
"4,26 : 76.06"
"4,27 : 96.38"
"4,28 : 62.36"
"4,29 : 44.78"
"4,30 : 89.59"
"4,31 : 93.72"
"4,32 : 116.39"
"4,33 : 58.69"
"4,34 : 108.17"
"4,35 : 37.48"
"4,36 : 57.58"
"4,37 : 116.04"
"4,38 : 71.87"
"4,39 : 99.7"
"4,40 : 84.63"
"4,41 : 82.35"
"4,42 : 113.9"
"4,43 : 21.93"
"4,44 : 53.24"
"4,45 : 87.69"
"4,46 : 91.42"
"4,47 : 22.56"
"4,48 : 64.03"
"4,49 : 99.01"
"5,0 : 33.62"
"5,1 : 54.92"
"5,2 : 55.36"
"5,3 : 71.59"
"5,4 : 28.23"
"5,5 : 0.0"
"5,6 : 14.87"
"5,7 : 86.02"
"5,8 : 76.38"
"5,9 : 47.2"
"5,10 : 32.06"
"5,11 : 45.69"
"5,12 : 56.94"
"5,13 : 44.1"
"5,14 : 46.27"
"5,15 : 43.42"
"5,16 : 86.05"
"5,17 : 44.15"
"5,18 : 33.02"
"5,19 : 100.45"
"5,20 : 60.44"
"5,21 : 73.43"
"5,22 : 101.79"
"5,23 : 43.38"
"5,24 : 83.43"
"5,25 : 93.48"
"5,26 : 47.85"
"5,27 : 75.58"
"5,28 : 49.82"
"5,29 : 28.28"
"5,30 : 62.01"
"5,31 : 67.21"
"5,32 : 92.11"
"5,33 : 49.98"
"5,34 : 86.01"
"5,35 : 32.8"
"5,36 : 43.42"
"5,37 : 89.14"
"5,38 : 43.66"
"5,39 : 74.2"
"5,40 : 62.39"
"5,41 : 54.13"
"5,42 : 87.97"
"5,43 : 6.32"
"5,44 : 25.24"
"5,45 : 61.0"
"5,46 : 70.88"
"5,47 : 7.21"
"5,48 : 36.35"
"5,49 : 73.82"
"6,0 : 48.47"
"6,1 : 68.18"
"6,2 : 65.86"
"6,3 : 75.01"
"6,4 : 13.42"
"6,5 : 14.87"
"6,6 : 0.0"
"6,7 : 91.79"
"6,8 : 89.94"
"6,9 : 45.22"
"6,10 : 38.9"
"6,11 : 60.54"
"6,12 : 69.03"
"6,13 : 56.64"
"6,14 : 60.0"
"6,15 : 58.24"
"6,16 : 92.57"
"6,17 : 58.94"
"6,18 : 40.16"
"6,19 : 113.9"
"6,20 : 70.21"
"6,21 : 85.21"
"6,22 : 114.02"
"6,23 : 44.28"
"6,24 : 92.48"
"6,25 : 105.89"
"6,26 : 62.65"
"6,27 : 85.43"
"6,28 : 54.23"
"6,29 : 34.48"
"6,30 : 76.28"
"6,31 : 80.72"
"6,32 : 104.2"
"6,33 : 52.09"
"6,34 : 96.75"
"6,35 : 31.58"
"6,36 : 48.66"
"6,37 : 102.94"
"6,38 : 58.52"
"6,39 : 87.05"
"6,40 : 73.06"
"6,41 : 68.94"
"6,42 : 101.12"
"6,43 : 8.54"
"6,44 : 39.82"
"6,45 : 75.17"
"6,46 : 80.53"
"6,47 : 10.05"
"6,48 : 50.99"
"6,49 : 86.45"
"7,0 : 80.11"
"7,1 : 111.14"
"7,2 : 39.96"
"7,3 : 20.62"
"7,4 : 99.92"
"7,5 : 86.02"
"7,6 : 91.79"
"7,7 : 0.0"
"7,8 : 63.13"
"7,9 : 54.59"
"7,10 : 54.0"
"7,11 : 80.99"
"7,12 : 48.27"
"7,13 : 55.47"
"7,14 : 102.88"
"7,15 : 86.95"
"7,16 : 5.0"
"7,17 : 88.32"
"7,18 : 53.01"
"7,19 : 72.18"
"7,20 : 33.84"
"7,21 : 43.91"
"7,22 : 58.01"
"7,23 : 49.98"
"7,24 : 22.56"
"7,25 : 55.73"
"7,26 : 79.06"
"7,27 : 28.65"
"7,28 : 37.66"
"7,29 : 58.03"
"7,30 : 70.04"
"7,31 : 60.61"
"7,32 : 51.62"
"7,33 : 41.79"
"7,34 : 36.67"
"7,35 : 62.64"
"7,36 : 43.19"
"7,37 : 71.51"
"7,38 : 83.01"
"7,39 : 54.2"
"7,40 : 37.54"
"7,41 : 81.06"
"7,42 : 61.98"
"7,43 : 88.09"
"7,44 : 75.58"
"7,45 : 106.61"
"7,46 : 28.43"
"7,47 : 92.02"
"7,48 : 89.47"
"7,49 : 51.97"
"8,0 : 47.41"
"8,1 : 65.01"
"8,2 : 34.13"
"8,3 : 69.63"
"8,4 : 102.94"
"8,5 : 76.38"
"8,6 : 89.94"
"8,7 : 63.13"
"8,8 : 0.0"
"8,9 : 82.76"
"8,10 : 59.62"
"8,11 : 38.6"
"8,12 : 24.74"
"8,13 : 34.13"
"8,14 : 60.41"
"8,15 : 45.35"
"8,16 : 58.83"
"8,17 : 46.1"
"8,18 : 58.31"
"8,19 : 24.08"
"8,20 : 36.12"
"8,21 : 19.24"
"8,22 : 30.15"
"8,23 : 73.76"
"8,24 : 42.01"
"8,25 : 22.0"
"8,26 : 35.44"
"8,27 : 34.48"
"8,28 : 62.29"
"8,29 : 63.07"
"8,30 : 17.46"
"8,31 : 9.22"
"8,32 : 23.35"
"8,33 : 70.46"
"8,34 : 30.61"
"8,35 : 78.55"
"8,36 : 60.21"
"8,37 : 13.42"
"8,38 : 41.76"
"8,39 : 8.94"
"8,40 : 30.15"
"8,41 : 32.25"
"8,42 : 12.65"
"8,43 : 82.04"
"8,44 : 52.01"
"8,45 : 55.58"
"8,46 : 35.47"
"8,47 : 83.49"
"8,48 : 52.81"
"8,49 : 11.18"
"9,0 : 64.08"
"9,1 : 95.02"
"9,2 : 49.04"
"9,3 : 34.54"
"9,4 : 49.04"
"9,5 : 47.2"
"9,6 : 45.22"
"9,7 : 54.59"
"9,8 : 82.76"
"9,9 : 0.0"
"9,10 : 26.68"
"9,11 : 72.8"
"9,12 : 58.05"
"9,13 : 52.01"
"9,14 : 85.59"
"9,15 : 75.03"
"9,16 : 57.14"
"9,17 : 76.32"
"9,18 : 27.46"
"9,19 : 103.12"
"9,20 : 49.24"
"9,21 : 69.08"
"9,22 : 96.25"
"9,23 : 9.06"
"9,24 : 64.44"
"9,25 : 89.9"
"9,26 : 73.01"
"9,27 : 61.29"
"9,28 : 21.95"
"9,29 : 26.0"
"9,30 : 77.0"
"9,31 : 74.81"
"9,32 : 86.77"
"9,33 : 14.21"
"9,34 : 74.33"
"9,35 : 14.42"
"9,36 : 22.56"
"9,37 : 95.8"
"9,38 : 72.73"
"9,39 : 75.96"
"9,40 : 54.78"
"9,41 : 78.45"
"9,42 : 89.81"
"9,43 : 45.65"
"9,44 : 54.56"
"9,45 : 96.77"
"9,46 : 56.6"
"9,47 : 50.12"
"9,48 : 72.01"
"9,49 : 74.33"
"10,0 : 38.08"
"10,1 : 70.0"
"10,2 : 29.0"
"10,3 : 40.16"
"10,4 : 49.24"
"10,5 : 32.06"
"10,6 : 38.9"
"10,7 : 54.0"
"10,8 : 59.62"
"10,9 : 26.68"
"10,10 : 0.0"
"10,11 : 46.17"
"10,12 : 35.36"
"10,13 : 26.48"
"10,14 : 60.61"
"10,15 : 48.75"
"10,16 : 54.23"
"10,17 : 50.09"
"10,18 : 1.41"
"10,19 : 81.99"
"10,20 : 32.2"
"10,21 : 49.68"
"10,22 : 78.57"
"10,23 : 18.38"
"10,24 : 53.71"
"10,25 : 71.06"
"10,26 : 46.32"
"10,27 : 47.17"
"10,28 : 18.38"
"10,29 : 4.47"
"10,30 : 51.35"
"10,31 : 50.92"
"10,32 : 68.68"
"10,33 : 21.21"
"10,34 : 59.2"
"10,35 : 18.97"
"10,36 : 11.7"
"10,37 : 73.01"
"10,38 : 46.24"
"10,39 : 54.2"
"10,40 : 36.07"
"10,41 : 51.79"
"10,42 : 68.6"
"10,43 : 34.23"
"10,44 : 29.21"
"10,45 : 70.66"
"10,46 : 42.19"
"10,47 : 38.05"
"10,48 : 46.62"
"10,49 : 53.0"
"11,0 : 12.08"
"11,1 : 30.46"
"11,2 : 41.05"
"11,3 : 77.16"
"11,4 : 73.93"
"11,5 : 45.69"
"11,6 : 60.54"
"11,7 : 80.99"
"11,8 : 38.6"
"11,9 : 72.8"
"11,10 : 46.17"
"11,11 : 0.0"
"11,12 : 33.62"
"11,13 : 26.17"
"11,14 : 23.35"
"11,15 : 7.0"
"11,16 : 78.39"
"11,17 : 8.06"
"11,18 : 45.54"
"11,19 : 61.27"
"11,20 : 47.17"
"11,21 : 46.39"
"11,22 : 68.45"
"11,23 : 64.51"
"11,24 : 66.73"
"11,25 : 60.02"
"11,26 : 3.16"
"11,27 : 57.25"
"11,28 : 59.68"
"11,29 : 47.07"
"11,30 : 21.19"
"11,31 : 31.26"
"11,32 : 60.41"
"11,33 : 65.74"
"11,34 : 61.52"
"11,35 : 62.51"
"11,36 : 54.12"
"11,37 : 48.76"
"11,38 : 3.16"
"11,39 : 41.11"
"11,40 : 44.28"
"11,41 : 8.6"
"11,42 : 51.24"
"11,43 : 52.0"
"11,44 : 21.38"
"11,45 : 26.17"
"11,46 : 54.63"
"11,47 : 51.88"
"11,48 : 14.32"
"11,49 : 42.01"
"12,0 : 36.06"
"12,1 : 64.08"
"12,2 : 10.44"
"12,3 : 48.75"
"12,4 : 81.39"
"12,5 : 56.94"
"12,6 : 69.03"
"12,7 : 48.27"
"12,8 : 24.74"
"12,9 : 58.05"
"12,10 : 35.36"
"12,11 : 33.62"
"12,12 : 0.0"
"12,13 : 13.0"
"12,14 : 56.61"
"12,15 : 40.16"
"12,16 : 45.22"
"12,17 : 41.44"
"12,18 : 34.0"
"12,19 : 46.65"
"12,20 : 15.0"
"12,21 : 16.55"
"12,22 : 45.0"
"12,23 : 49.03"
"12,24 : 33.24"
"12,25 : 36.88"
"12,26 : 31.3"
"12,27 : 23.77"
"12,28 : 38.0"
"12,29 : 39.12"
"12,30 : 22.83"
"12,31 : 17.0"
"12,32 : 35.23"
"12,33 : 46.04"
"12,34 : 30.41"
"12,35 : 54.13"
"12,36 : 35.51"
"12,37 : 37.95"
"12,38 : 36.06"
"12,39 : 18.87"
"12,40 : 10.82"
"12,41 : 32.8"
"12,42 : 33.29"
"12,43 : 61.85"
"12,44 : 35.9"
"12,45 : 58.52"
"12,46 : 21.02"
"12,47 : 64.14"
"12,48 : 44.55"
"12,49 : 17.8"
"13,0 : 25.0"
"13,1 : 55.76"
"13,2 : 15.81"
"13,3 : 51.09"
"13,4 : 69.31"
"13,5 : 44.1"
"13,6 : 56.64"
"13,7 : 55.47"
"13,8 : 34.13"
"13,9 : 52.01"
"13,10 : 26.48"
"13,11 : 26.17"
"13,12 : 13.0"
"13,13 : 0.0"
"13,14 : 47.41"
"13,15 : 31.62"
"13,16 : 53.31"
"13,17 : 33.02"
"13,18 : 25.32"
"13,19 : 57.63"
"13,20 : 22.14"
"13,21 : 29.55"
"13,22 : 57.69"
"13,23 : 43.05"
"13,24 : 44.18"
"13,25 : 49.41"
"13,26 : 24.84"
"13,27 : 35.01"
"13,28 : 35.11"
"13,29 : 29.41"
"13,30 : 25.02"
"13,31 : 25.06"
"13,32 : 48.02"
"13,33 : 42.2"
"13,34 : 43.17"
"13,35 : 45.35"
"13,36 : 30.59"
"13,37 : 47.51"
"13,38 : 27.8"
"13,39 : 30.41"
"13,40 : 21.02"
"13,41 : 28.65"
"13,42 : 44.6"
"13,43 : 49.2"
"13,44 : 23.19"
"13,45 : 52.33"
"13,46 : 31.26"
"13,47 : 51.31"
"13,48 : 34.18"
"13,49 : 29.83"
"14,0 : 23.43"
"14,1 : 9.43"
"14,2 : 63.07"
"14,3 : 96.67"
"14,4 : 72.25"
"14,5 : 46.27"
"14,6 : 60.0"
"14,7 : 102.88"
"14,8 : 60.41"
"14,9 : 85.59"
"14,10 : 60.61"
"14,11 : 23.35"
"14,12 : 56.61"
"14,13 : 47.41"
"14,14 : 0.0"
"14,15 : 16.49"
"14,16 : 100.65"
"14,17 : 15.3"
"14,18 : 60.44"
"14,19 : 81.32"
"14,20 : 69.35"
"14,21 : 69.72"
"14,22 : 90.55"
"14,23 : 78.49"
"14,24 : 89.84"
"14,25 : 82.3"
"14,26 : 26.17"
"14,27 : 80.36"
"14,28 : 77.08"
"14,29 : 59.91"
"14,30 : 43.1"
"14,31 : 54.0"
"14,32 : 83.05"
"14,33 : 81.69"
"14,34 : 84.85"
"14,35 : 72.92"
"14,36 : 70.77"
"14,37 : 68.68"
"14,38 : 20.62"
"14,39 : 64.01"
"14,40 : 67.07"
"14,41 : 28.16"
"14,42 : 72.84"
"14,43 : 52.09"
"14,44 : 31.4"
"14,45 : 15.81"
"14,46 : 77.49"
"14,47 : 50.01"
"14,48 : 14.14"
"14,49 : 65.07"
"15,0 : 11.18"
"15,1 : 24.19"
"15,2 : 47.01"
"15,3 : 82.04"
"15,4 : 71.47"
"15,5 : 43.42"
"15,6 : 58.24"
"15,7 : 86.95"
"15,8 : 45.35"
"15,9 : 75.03"
"15,10 : 48.75"
"15,11 : 7.0"
"15,12 : 40.16"
"15,13 : 31.62"
"15,14 : 16.49"
"15,15 : 0.0"
"15,16 : 84.53"
"15,17 : 1.41"
"15,18 : 48.3"
"15,19 : 67.62"
"15,20 : 53.24"
"15,21 : 53.34"
"15,22 : 75.31"
"15,23 : 67.12"
"15,24 : 73.38"
"15,25 : 66.91"
"15,26 : 10.05"
"15,27 : 63.89"
"15,28 : 63.6"
"15,29 : 49.04"
"15,30 : 27.89"
"15,31 : 38.21"
"15,32 : 67.36"
"15,33 : 69.12"
"15,34 : 68.47"
"15,35 : 63.79"
"15,36 : 57.69"
"15,37 : 55.04"
"15,38 : 4.12"
"15,39 : 48.09"
"15,40 : 50.7"
"15,41 : 13.89"
"15,42 : 57.97"
"15,43 : 49.73"
"15,44 : 21.21"
"15,45 : 21.95"
"15,46 : 61.1"
"15,47 : 49.04"
"15,48 : 8.49"
"15,49 : 49.01"
"16,0 : 78.19"
"16,1 : 108.71"
"16,2 : 37.58"
"16,3 : 24.08"
"16,4 : 101.24"
"16,5 : 86.05"
"16,6 : 92.57"
"16,7 : 5.0"
"16,8 : 58.83"
"16,9 : 57.14"
"16,10 : 54.23"
"16,11 : 78.39"
"16,12 : 45.22"
"16,13 : 53.31"
"16,14 : 100.65"
"16,15 : 84.53"
"16,16 : 0.0"
"16,17 : 85.88"
"16,18 : 53.15"
"16,19 : 67.27"
"16,20 : 31.3"
"16,21 : 39.66"
"16,22 : 53.01"
"16,23 : 51.89"
"16,24 : 17.72"
"16,25 : 50.8"
"16,26 : 76.32"
"16,27 : 24.41"
"16,28 : 38.9"
"16,29 : 58.42"
"16,30 : 66.48"
"16,31 : 56.73"
"16,32 : 46.69"
"16,33 : 43.83"
"16,34 : 31.78"
"16,35 : 64.26"
"16,36 : 43.93"
"16,37 : 66.85"
"16,38 : 80.53"
"16,39 : 49.93"
"16,40 : 34.41"
"16,41 : 78.01"
"16,42 : 57.25"
"16,43 : 88.46"
"16,44 : 74.22"
"16,45 : 103.73"
"16,46 : 24.76"
"16,47 : 92.27"
"16,48 : 87.46"
"16,49 : 47.71"
"17,0 : 12.37"
"17,1 : 22.83"
"17,2 : 48.37"
"17,3 : 83.45"
"17,4 : 72.12"
"17,5 : 44.15"
"17,6 : 58.94"
"17,7 : 88.32"
"17,8 : 46.1"
"17,9 : 76.32"
"17,10 : 50.09"
"17,11 : 8.06"
"17,12 : 41.44"
"17,13 : 33.02"
"17,14 : 15.3"
"17,15 : 1.41"
"17,16 : 85.88"
"17,17 : 0.0"
"17,18 : 49.65"
"17,19 : 68.15"
"17,20 : 54.59"
"17,21 : 54.45"
"17,22 : 76.12"
"17,23 : 68.45"
"17,24 : 74.63"
"17,25 : 67.74"
"17,26 : 11.0"
"17,27 : 65.15"
"17,28 : 65.0"
"17,29 : 50.33"
"17,30 : 28.64"
"17,31 : 39.12"
"17,32 : 68.26"
"17,33 : 70.49"
"17,34 : 69.58"
"17,35 : 65.0"
"17,36 : 59.08"
"17,37 : 55.54"
"17,38 : 5.39"
"17,39 : 49.04"
"17,40 : 52.0"
"17,41 : 14.32"
"17,42 : 58.69"
"17,43 : 50.45"
"17,44 : 22.36"
"17,45 : 20.59"
"17,46 : 62.39"
"17,47 : 49.65"
"17,48 : 8.6"
"17,49 : 50.0"
"18,0 : 37.74"
"18,1 : 69.81"
"18,2 : 27.59"
"18,3 : 39.56"
"18,4 : 50.61"
"18,5 : 33.02"
"18,6 : 40.16"
"18,7 : 53.01"
"18,8 : 58.31"
"18,9 : 27.46"
"18,10 : 1.41"
"18,11 : 45.54"
"18,12 : 34.0"
"18,13 : 25.32"
"18,14 : 60.44"
"18,15 : 48.3"
"18,16 : 53.15"
"18,17 : 49.65"
"18,18 : 0.0"
"18,19 : 80.62"
"18,20 : 30.81"
"18,21 : 48.27"
"18,22 : 77.16"
"18,23 : 18.97"
"18,24 : 52.39"
"18,25 : 69.66"
"18,26 : 45.61"
"18,27 : 45.79"
"18,28 : 17.89"
"18,29 : 5.83"
"18,30 : 50.25"
"18,31 : 49.65"
"18,32 : 67.27"
"18,33 : 21.26"
"18,34 : 57.8"
"18,35 : 20.25"
"18,36 : 11.18"
"18,37 : 71.69"
"18,38 : 45.69"
"18,39 : 52.84"
"18,40 : 34.66"
"18,41 : 50.99"
"18,42 : 67.23"
"18,43 : 35.36"
"18,44 : 29.07"
"18,45 : 70.24"
"18,46 : 40.82"
"18,47 : 39.12"
"18,48 : 46.4"
"18,49 : 51.62"
"19,0 : 71.02"
"19,1 : 84.34"
"19,2 : 54.23"
"19,3 : 84.05"
"19,4 : 126.81"
"19,5 : 100.45"
"19,6 : 113.9"
"19,7 : 72.18"
"19,8 : 24.08"
"19,9 : 103.12"
"19,10 : 81.99"
"19,11 : 61.27"
"19,12 : 46.65"
"19,13 : 57.63"
"19,14 : 81.32"
"19,15 : 67.62"
"19,16 : 67.27"
"19,17 : 68.15"
"19,18 : 80.62"
"19,19 : 0.0"
"19,20 : 54.12"
"19,21 : 34.21"
"19,22 : 17.69"
"19,23 : 94.34"
"19,24 : 49.65"
"19,25 : 16.49"
"19,26 : 58.14"
"19,27 : 46.01"
"19,28 : 81.61"
"19,29 : 85.76"
"19,30 : 40.31"
"19,31 : 33.24"
"19,32 : 20.62"
"19,33 : 89.84"
"19,34 : 35.51"
"19,35 : 100.65"
"19,36 : 80.78"
"19,37 : 12.65"
"19,38 : 64.4"
"19,39 : 27.78"
"19,40 : 48.38"
"19,41 : 53.85"
"19,42 : 13.42"
"19,43 : 106.07"
"19,44 : 76.06"
"19,45 : 73.44"
"19,46 : 49.25"
"19,47 : 107.56"
"19,48 : 75.58"
"19,49 : 29.07"
"20,0 : 47.13"
"20,1 : 77.41"
"20,2 : 6.32"
"20,3 : 34.18"
"20,4 : 81.3"
"20,5 : 60.44"
"20,6 : 70.21"
"20,7 : 33.84"
"20,8 : 36.12"
"20,9 : 49.24"
"20,10 : 32.2"
"20,11 : 47.17"
"20,12 : 15.0"
"20,13 : 22.14"
"20,14 : 69.35"
"20,15 : 53.24"
"20,16 : 31.3"
"20,17 : 54.59"
"20,18 : 30.81"
"20,19 : 54.12"
"20,20 : 0.0"
"20,21 : 19.92"
"20,22 : 47.43"
"20,23 : 40.71"
"20,24 : 23.19"
"20,25 : 40.71"
"20,26 : 45.22"
"20,27 : 15.23"
"20,28 : 27.51"
"20,29 : 36.62"
"20,30 : 37.74"
"20,31 : 30.36"
"20,32 : 37.74"
"20,33 : 35.74"
"20,34 : 27.02"
"20,35 : 48.92"
"20,36 : 27.46"
"20,37 : 48.09"
"20,38 : 49.24"
"20,39 : 28.02"
"20,40 : 6.0"
"20,41 : 47.42"
"20,42 : 41.0"
"20,43 : 64.26"
"20,44 : 44.18"
"20,45 : 72.8"
"20,46 : 10.44"
"20,47 : 67.36"
"20,48 : 56.3"
"20,49 : 26.08"
"21,0 : 51.24"
"21,1 : 76.16"
"21,2 : 20.81"
"21,3 : 51.35"
"21,4 : 97.31"
"21,5 : 73.43"
"21,6 : 85.21"
"21,7 : 43.91"
"21,8 : 19.24"
"21,9 : 69.08"
"21,10 : 49.68"
"21,11 : 46.39"
"21,12 : 16.55"
"21,13 : 29.55"
"21,14 : 69.72"
"21,15 : 53.34"
"21,16 : 39.66"
"21,17 : 54.45"
"21,18 : 48.27"
"21,19 : 34.21"
"21,20 : 19.92"
"21,21 : 0.0"
"21,22 : 29.0"
"21,23 : 60.42"
"21,24 : 23.35"
"21,25 : 21.4"
"21,26 : 43.57"
"21,27 : 15.26"
"21,28 : 47.43"
"21,29 : 53.81"
"21,30 : 29.07"
"21,31 : 18.03"
"21,32 : 19.1"
"21,33 : 55.66"
"21,34 : 15.13"
"21,35 : 67.68"
"21,36 : 46.96"
"21,37 : 29.15"
"21,38 : 49.25"
"21,39 : 10.3"
"21,40 : 14.32"
"21,41 : 43.01"
"21,42 : 21.21"
"21,43 : 78.23"
"21,44 : 52.2"
"21,45 : 68.71"
"21,46 : 16.49"
"21,47 : 80.62"
"21,48 : 59.0"
"21,49 : 8.06"
"22,0 : 76.22"
"22,1 : 95.02"
"22,2 : 49.58"
"22,3 : 72.57"
"22,4 : 126.25"
"22,5 : 101.79"
"22,6 : 114.02"
"22,7 : 58.01"
"22,8 : 30.15"
"22,9 : 96.25"
"22,10 : 78.57"
"22,11 : 68.45"
"22,12 : 45.0"
"22,13 : 57.69"
"22,14 : 90.55"
"22,15 : 75.31"
"22,16 : 53.01"
"22,17 : 76.12"
"22,18 : 77.16"
"22,19 : 17.69"
"22,20 : 47.43"
"22,21 : 29.0"
"22,22 : 0.0"
"22,23 : 87.98"
"22,24 : 36.22"
"22,25 : 8.54"
"22,26 : 65.31"
"22,27 : 35.47"
"22,28 : 74.3"
"22,29 : 82.76"
"22,30 : 47.52"
"22,31 : 37.36"
"22,32 : 9.9"
"22,33 : 82.3"
"22,34 : 22.8"
"22,35 : 96.21"
"22,36 : 74.89"
"22,37 : 25.63"
"22,38 : 71.59"
"22,39 : 28.23"
"22,40 : 42.64"
"22,41 : 62.39"
"22,42 : 18.03"
"22,43 : 106.83"
"22,44 : 79.16"
"22,45 : 85.15"
"22,46 : 39.81"
"22,47 : 109.0"
"22,48 : 82.46"
"22,49 : 28.18"
"23,0 : 56.36"
"23,1 : 87.92"
"23,2 : 40.16"
"23,3 : 31.26"
"23,4 : 50.49"
"23,5 : 43.38"
"23,6 : 44.28"
"23,7 : 49.98"
"23,8 : 73.76"
"23,9 : 9.06"
"23,10 : 18.38"
"23,11 : 64.51"
"23,12 : 49.03"
"23,13 : 43.05"
"23,14 : 78.49"
"23,15 : 67.12"
"23,16 : 51.89"
"23,17 : 68.45"
"23,18 : 18.97"
"23,19 : 94.34"
"23,20 : 40.71"
"23,21 : 60.42"
"23,22 : 87.98"
"23,23 : 0.0"
"23,24 : 57.31"
"23,25 : 81.41"
"23,26 : 64.56"
"23,27 : 53.41"
"23,28 : 14.14"
"23,29 : 18.6"
"23,30 : 68.01"
"23,31 : 65.76"
"23,32 : 78.39"
"23,33 : 8.25"
"23,34 : 66.4"
"23,35 : 13.04"
"23,36 : 13.6"
"23,37 : 86.83"
"23,38 : 64.62"
"23,39 : 67.05"
"23,40 : 46.1"
"23,41 : 69.86"
"23,42 : 80.99"
"23,43 : 43.01"
"23,44 : 47.17"
"23,45 : 89.0"
"23,46 : 48.6"
"23,47 : 47.43"
"23,48 : 64.66"
"23,49 : 65.46"
"24,0 : 68.88"
"24,1 : 97.14"
"24,2 : 29.02"
"24,3 : 36.69"
"24,4 : 102.86"
"24,5 : 83.43"
"24,6 : 92.48"
"24,7 : 22.56"
"24,8 : 42.01"
"24,9 : 64.44"
"24,10 : 53.71"
"24,11 : 66.73"
"24,12 : 33.24"
"24,13 : 44.18"
"24,14 : 89.84"
"24,15 : 73.38"
"24,16 : 17.72"
"24,17 : 74.63"
"24,18 : 52.39"
"24,19 : 49.65"
"24,20 : 23.19"
"24,21 : 23.35"
"24,22 : 36.22"
"24,23 : 57.31"
"24,24 : 0.0"
"24,25 : 33.24"
"24,26 : 64.26"
"24,27 : 9.49"
"24,28 : 43.19"
"24,29 : 58.18"
"24,30 : 51.87"
"24,31 : 41.23"
"24,32 : 29.15"
"24,33 : 50.25"
"24,34 : 14.14"
"24,35 : 68.01"
"24,36 : 46.04"
"24,37 : 49.24"
"24,38 : 69.26"
"24,39 : 33.3"
"24,40 : 23.19"
"24,41 : 64.85"
"24,42 : 39.56"
"24,43 : 86.98"
"24,44 : 67.01"
"24,45 : 90.79"
"24,46 : 13.0"
"24,47 : 90.25"
"24,48 : 77.67"
"24,49 : 31.14"
"25,0 : 67.68"
"25,1 : 87.01"
"25,2 : 42.2"
"25,3 : 68.36"
"25,4 : 118.26"
"25,5 : 93.48"
"25,6 : 105.89"
"25,7 : 55.73"
"25,8 : 22.0"
"25,9 : 89.9"
"25,10 : 71.06"
"25,11 : 60.02"
"25,12 : 36.88"
"25,13 : 49.41"
"25,14 : 82.3"
"25,15 : 66.91"
"25,16 : 50.8"
"25,17 : 67.74"
"25,18 : 69.66"
"25,19 : 16.49"
"25,20 : 40.71"
"25,21 : 21.4"
"25,22 : 8.54"
"25,23 : 81.41"
"25,24 : 33.24"
"25,25 : 0.0"
"25,26 : 56.89"
"25,27 : 30.41"
"25,28 : 68.03"
"25,29 : 75.17"
"25,30 : 39.2"
"25,31 : 28.86"
"25,32 : 4.12"
"25,33 : 76.16"
"25,34 : 19.1"
"25,35 : 89.05"
"25,36 : 68.1"
"25,37 : 20.0"
"25,38 : 63.15"
"25,39 : 19.7"
"25,40 : 35.51"
"25,41 : 54.15"
"25,42 : 10.77"
"25,43 : 98.6"
"25,44 : 70.66"
"25,45 : 77.41"
"25,46 : 34.21"
"25,47 : 100.69"
"25,48 : 73.98"
"25,49 : 19.72"
"26,0 : 14.42"
"26,1 : 32.89"
"26,2 : 39.2"
"26,3 : 75.93"
"26,4 : 76.06"
"26,5 : 47.85"
"26,6 : 62.65"
"26,7 : 79.06"
"26,8 : 35.44"
"26,9 : 73.01"
"26,10 : 46.32"
"26,11 : 3.16"
"26,12 : 31.3"
"26,13 : 24.84"
"26,14 : 26.17"
"26,15 : 10.05"
"26,16 : 76.32"
"26,17 : 11.0"
"26,18 : 45.61"
"26,19 : 58.14"
"26,20 : 45.22"
"26,21 : 43.57"
"26,22 : 65.31"
"26,23 : 64.56"
"26,24 : 64.26"
"26,25 : 56.89"
"26,26 : 0.0"
"26,27 : 54.78"
"26,28 : 59.06"
"26,29 : 47.52"
"26,30 : 18.03"
"26,31 : 28.16"
"26,32 : 57.31"
"26,33 : 65.39"
"26,34 : 58.69"
"26,35 : 63.2"
"26,36 : 53.71"
"26,37 : 45.65"
"26,38 : 6.32"
"26,39 : 38.05"
"26,40 : 42.06"
"26,41 : 6.32"
"26,42 : 48.08"
"26,43 : 54.13"
"26,44 : 23.09"
"26,45 : 27.66"
"26,46 : 52.33"
"26,47 : 54.2"
"26,48 : 17.46"
"26,49 : 39.0"
"27,0 : 59.54"
"27,1 : 87.66"
"27,2 : 20.4"
"27,3 : 38.05"
"27,4 : 96.38"
"27,5 : 75.58"
"27,6 : 85.43"
"27,7 : 28.65"
"27,8 : 34.48"
"27,9 : 61.29"
"27,10 : 47.17"
"27,11 : 57.25"
"27,12 : 23.77"
"27,13 : 35.01"
"27,14 : 80.36"
"27,15 : 63.89"
"27,16 : 24.41"
"27,17 : 65.15"
"27,18 : 45.79"
"27,19 : 46.01"
"27,20 : 15.23"
"27,21 : 15.26"
"27,22 : 35.47"
"27,23 : 53.41"
"27,24 : 9.49"
"27,25 : 30.41"
"27,26 : 54.78"
"27,27 : 0.0"
"27,28 : 39.41"
"27,29 : 51.62"
"27,30 : 42.8"
"27,31 : 32.53"
"27,32 : 26.68"
"27,33 : 47.17"
"27,34 : 13.04"
"27,35 : 62.97"
"27,36 : 41.01"
"27,37 : 43.42"
"27,38 : 59.77"
"27,39 : 25.55"
"27,40 : 14.0"
"27,41 : 55.47"
"27,42 : 34.37"
"27,43 : 79.48"
"27,44 : 58.03"
"27,45 : 81.41"
"27,46 : 5.0"
"27,47 : 82.54"
"27,48 : 68.25"
"27,49 : 23.32"
"28,0 : 53.81"
"28,1 : 86.31"
"28,2 : 28.16"
"28,3 : 21.84"
"28,4 : 62.36"
"28,5 : 49.82"
"28,6 : 54.23"
"28,7 : 37.66"
"28,8 : 62.29"
"28,9 : 21.95"
"28,10 : 18.38"
"28,11 : 59.68"
"28,12 : 38.0"
"28,13 : 35.11"
"28,14 : 77.08"
"28,15 : 63.6"
"28,16 : 38.9"
"28,17 : 65.0"
"28,18 : 17.89"
"28,19 : 81.61"
"28,20 : 27.51"
"28,21 : 47.43"
"28,22 : 74.3"
"28,23 : 14.14"
"28,24 : 43.19"
"28,25 : 68.03"
"28,26 : 59.06"
"28,27 : 39.41"
"28,28 : 0.0"
"28,29 : 21.59"
"28,30 : 59.03"
"28,31 : 55.0"
"28,32 : 64.85"
"28,33 : 8.25"
"28,34 : 52.43"
"28,35 : 25.5"
"28,36 : 6.71"
"28,37 : 74.97"
"28,38 : 60.46"
"28,39 : 54.92"
"28,40 : 33.24"
"28,41 : 63.56"
"28,42 : 68.41"
"28,43 : 51.09"
"28,44 : 46.1"
"28,45 : 85.45"
"28,46 : 34.67"
"28,47 : 55.23"
"28,48 : 62.94"
"28,49 : 53.15"
"29,0 : 38.08"
"29,1 : 69.34"
"29,2 : 33.24"
"29,3 : 43.42"
"29,4 : 44.78"
"29,5 : 28.28"
"29,6 : 34.48"
"29,7 : 58.03"
"29,8 : 63.07"
"29,9 : 26.0"
"29,10 : 4.47"
"29,11 : 47.07"
"29,12 : 39.12"
"29,13 : 29.41"
"29,14 : 59.91"
"29,15 : 49.04"
"29,16 : 58.42"
"29,17 : 50.33"
"29,18 : 5.83"
"29,19 : 85.76"
"29,20 : 36.62"
"29,21 : 53.81"
"29,22 : 82.76"
"29,23 : 18.6"
"29,24 : 58.18"
"29,25 : 75.17"
"29,26 : 47.52"
"29,27 : 51.62"
"29,28 : 21.59"
"29,29 : 0.0"
"29,30 : 53.94"
"29,31 : 54.23"
"29,32 : 72.86"
"29,33 : 23.02"
"29,34 : 63.6"
"29,35 : 16.12"
"29,36 : 15.13"
"29,37 : 76.49"
"29,38 : 46.84"
"29,39 : 57.98"
"29,40 : 40.36"
"29,41 : 53.24"
"29,42 : 72.4"
"29,43 : 30.07"
"29,44 : 28.65"
"29,45 : 70.77"
"29,46 : 46.65"
"29,47 : 34.0"
"29,48 : 46.14"
"29,49 : 56.86"
"30,0 : 30.81"
"30,1 : 48.26"
"30,2 : 33.11"
"30,3 : 71.55"
"30,4 : 89.59"
"30,5 : 62.01"
"30,6 : 76.28"
"30,7 : 70.04"
"30,8 : 17.46"
"30,9 : 77.0"
"30,10 : 51.35"
"30,11 : 21.19"
"30,12 : 22.83"
"30,13 : 25.02"
"30,14 : 43.1"
"30,15 : 27.89"
"30,16 : 66.48"
"30,17 : 28.64"
"30,18 : 50.25"
"30,19 : 40.31"
"30,20 : 37.74"
"30,21 : 29.07"
"30,22 : 47.52"
"30,23 : 68.01"
"30,24 : 51.87"
"30,25 : 39.2"
"30,26 : 18.03"
"30,27 : 42.8"
"30,28 : 59.03"
"30,29 : 53.94"
"30,30 : 0.0"
"30,31 : 11.4"
"30,32 : 40.0"
"30,33 : 66.61"
"30,34 : 43.66"
"30,35 : 70.04"
"30,36 : 55.23"
"30,37 : 28.02"
"30,38 : 24.35"
"30,39 : 21.38"
"30,40 : 32.8"
"30,41 : 15.0"
"30,42 : 30.08"
"30,43 : 68.01"
"30,44 : 36.88"
"30,45 : 39.85"
"30,46 : 41.73"
"30,47 : 68.88"
"30,48 : 35.47"
"30,49 : 22.8"
"31,0 : 39.0"
"31,1 : 59.54"
"31,2 : 27.17"
"31,3 : 64.51"
"31,4 : 93.72"
"31,5 : 67.21"
"31,6 : 80.72"
"31,7 : 60.61"
"31,8 : 9.22"
"31,9 : 74.81"
"31,10 : 50.92"
"31,11 : 31.26"
"31,12 : 17.0"
"31,13 : 25.06"
"31,14 : 54.0"
"31,15 : 38.21"
"31,16 : 56.73"
"31,17 : 39.12"
"31,18 : 49.65"
"31,19 : 33.24"
"31,20 : 30.36"
"31,21 : 18.03"
"31,22 : 37.36"
"31,23 : 65.76"
"31,24 : 41.23"
"31,25 : 28.86"
"31,26 : 28.16"
"31,27 : 32.53"
"31,28 : 55.0"
"31,29 : 54.23"
"31,30 : 11.4"
"31,31 : 0.0"
"31,32 : 29.15"
"31,33 : 63.03"
"31,34 : 32.31"
"31,35 : 69.89"
"31,36 : 52.35"
"31,37 : 22.47"
"31,38 : 34.37"
"31,39 : 10.05"
"31,40 : 24.7"
"31,41 : 26.17"
"31,42 : 21.1"
"31,43 : 72.84"
"31,44 : 43.01"
"31,45 : 51.24"
"31,46 : 32.2"
"31,47 : 74.33"
"31,48 : 45.12"
"31,49 : 11.4"
"32,0 : 67.45"
"32,1 : 88.14"
"32,2 : 39.7"
"32,3 : 64.5"
"32,4 : 116.39"
"32,5 : 92.11"
"32,6 : 104.2"
"32,7 : 51.62"
"32,8 : 23.35"
"32,9 : 86.77"
"32,10 : 68.68"
"32,11 : 60.41"
"32,12 : 35.23"
"32,13 : 48.02"
"32,14 : 83.05"
"32,15 : 67.36"
"32,16 : 46.69"
"32,17 : 68.26"
"32,18 : 67.27"
"32,19 : 20.62"
"32,20 : 37.74"
"32,21 : 19.1"
"32,22 : 9.9"
"32,23 : 78.39"
"32,24 : 29.15"
"32,25 : 4.12"
"32,26 : 57.31"
"32,27 : 26.68"
"32,28 : 64.85"
"32,29 : 72.86"
"32,30 : 40.0"
"32,31 : 29.15"
"32,32 : 0.0"
"32,33 : 72.92"
"32,34 : 15.03"
"32,35 : 86.4"
"32,36 : 65.19"
"32,37 : 23.35"
"32,38 : 63.51"
"32,39 : 19.42"
"32,40 : 32.8"
"32,41 : 55.0"
"32,42 : 13.6"
"32,43 : 97.08"
"32,44 : 69.86"
"32,45 : 78.92"
"32,46 : 30.68"
"32,47 : 99.32"
"32,48 : 74.15"
"32,49 : 18.97"
"33,0 : 58.82"
"33,1 : 91.05"
"33,2 : 36.35"
"33,3 : 23.09"
"33,4 : 58.69"
"33,5 : 49.98"
"33,6 : 52.09"
"33,7 : 41.79"
"33,8 : 70.46"
"33,9 : 14.21"
"33,10 : 21.21"
"33,11 : 65.74"
"33,12 : 46.04"
"33,13 : 42.2"
"33,14 : 81.69"
"33,15 : 69.12"
"33,16 : 43.83"
"33,17 : 70.49"
"33,18 : 21.26"
"33,19 : 89.84"
"33,20 : 35.74"
"33,21 : 55.66"
"33,22 : 82.3"
"33,23 : 8.25"
"33,24 : 50.25"
"33,25 : 76.16"
"33,26 : 65.39"
"33,27 : 47.17"
"33,28 : 8.25"
"33,29 : 23.02"
"33,30 : 66.61"
"33,31 : 63.03"
"33,32 : 72.92"
"33,33 : 0.0"
"33,34 : 60.21"
"33,35 : 21.21"
"33,36 : 11.7"
"33,37 : 83.19"
"33,38 : 66.24"
"33,39 : 63.15"
"33,40 : 41.48"
"33,41 : 70.23"
"33,42 : 76.66"
"33,43 : 50.22"
"33,44 : 50.33"
"33,45 : 91.07"
"33,46 : 42.54"
"33,47 : 54.57"
"33,48 : 67.62"
"33,49 : 61.39"
"34,0 : 66.07"
"34,1 : 91.22"
"34,2 : 30.89"
"34,3 : 49.82"
"34,4 : 108.17"
"34,5 : 86.01"
"34,6 : 96.75"
"34,7 : 36.67"
"34,8 : 30.61"
"34,9 : 74.33"
"34,10 : 59.2"
"34,11 : 61.52"
"34,12 : 30.41"
"34,13 : 43.17"
"34,14 : 84.85"
"34,15 : 68.47"
"34,16 : 31.78"
"34,17 : 69.58"
"34,18 : 57.8"
"34,19 : 35.51"
"34,20 : 27.02"
"34,21 : 15.13"
"34,22 : 22.8"
"34,23 : 66.4"
"34,24 : 14.14"
"34,25 : 19.1"
"34,26 : 58.69"
"34,27 : 13.04"
"34,28 : 52.43"
"34,29 : 63.6"
"34,30 : 43.66"
"34,31 : 32.31"
"34,32 : 15.03"
"34,33 : 60.21"
"34,34 : 0.0"
"34,35 : 75.66"
"34,36 : 53.81"
"34,37 : 35.85"
"34,38 : 64.38"
"34,39 : 22.83"
"34,40 : 23.71"
"34,41 : 57.97"
"34,42 : 25.94"
"34,43 : 90.34"
"34,44 : 66.29"
"34,45 : 83.49"
"34,46 : 17.8"
"34,47 : 93.11"
"34,48 : 74.03"
"34,49 : 21.02"
"35,0 : 52.63"
"35,1 : 82.29"
"35,2 : 46.87"
"35,3 : 44.28"
"35,4 : 37.48"
"35,5 : 32.8"
"35,6 : 31.58"
"35,7 : 62.64"
"35,8 : 78.55"
"35,9 : 14.42"
"35,10 : 18.97"
"35,11 : 62.51"
"35,12 : 54.13"
"35,13 : 45.35"
"35,14 : 72.92"
"35,15 : 63.79"
"35,16 : 64.26"
"35,17 : 65.0"
"35,18 : 20.25"
"35,19 : 100.65"
"35,20 : 48.92"
"35,21 : 67.68"
"35,22 : 96.21"
"35,23 : 13.04"
"35,24 : 68.01"
"35,25 : 89.05"
"35,26 : 63.2"
"35,27 : 62.97"
"35,28 : 25.5"
"35,29 : 16.12"
"35,30 : 70.04"
"35,31 : 69.89"
"35,32 : 86.4"
"35,33 : 21.21"
"35,34 : 75.66"
"35,35 : 0.0"
"35,36 : 22.02"
"35,37 : 91.92"
"35,38 : 61.98"
"35,39 : 72.9"
"35,40 : 53.6"
"35,41 : 69.07"
"35,42 : 87.24"
"35,43 : 31.3"
"35,44 : 42.72"
"35,45 : 85.07"
"35,46 : 58.0"
"35,47 : 35.78"
"35,48 : 59.81"
"35,49 : 71.59"
"36,0 : 47.63"
"36,1 : 80.06"
"36,2 : 26.57"
"36,3 : 28.46"
"36,4 : 57.58"
"36,5 : 43.42"
"36,6 : 48.66"
"36,7 : 43.19"
"36,8 : 60.21"
"36,9 : 22.56"
"36,10 : 11.7"
"36,11 : 54.12"
"36,12 : 35.51"
"36,13 : 30.59"
"36,14 : 70.77"
"36,15 : 57.69"
"36,16 : 43.93"
"36,17 : 59.08"
"36,18 : 11.18"
"36,19 : 80.78"
"36,20 : 27.46"
"36,21 : 46.96"
"36,22 : 74.89"
"36,23 : 13.6"
"36,24 : 46.04"
"36,25 : 68.1"
"36,26 : 53.71"
"36,27 : 41.01"
"36,28 : 6.71"
"36,29 : 15.13"
"36,30 : 55.23"
"36,31 : 52.35"
"36,32 : 65.19"
"36,33 : 11.7"
"36,34 : 53.81"
"36,35 : 22.02"
"36,36 : 0.0"
"36,37 : 73.25"
"36,38 : 54.71"
"36,39 : 53.45"
"36,40 : 32.65"
"36,41 : 58.52"
"36,42 : 67.42"
"36,43 : 45.0"
"36,44 : 39.62"
"36,45 : 79.61"
"36,46 : 36.07"
"36,47 : 49.04"
"36,48 : 56.64"
"36,49 : 51.87"
"37,0 : 58.82"
"37,1 : 71.85"
"37,2 : 46.87"
"37,3 : 80.5"
"37,4 : 116.04"
"37,5 : 89.14"
"37,6 : 102.94"
"37,7 : 71.51"
"37,8 : 13.42"
"37,9 : 95.8"
"37,10 : 73.01"
"37,11 : 48.76"
"37,12 : 37.95"
"37,13 : 47.51"
"37,14 : 68.68"
"37,15 : 55.04"
"37,16 : 66.85"
"37,17 : 55.54"
"37,18 : 71.69"
"37,19 : 12.65"
"37,20 : 48.09"
"37,21 : 29.15"
"37,22 : 25.63"
"37,23 : 86.83"
"37,24 : 49.24"
"37,25 : 20.0"
"37,26 : 45.65"
"37,27 : 43.42"
"37,28 : 74.97"
"37,29 : 76.49"
"37,30 : 28.02"
"37,31 : 22.47"
"37,32 : 23.35"
"37,33 : 83.19"
"37,34 : 35.85"
"37,35 : 91.92"
"37,36 : 73.25"
"37,37 : 0.0"
"37,38 : 51.88"
"37,39 : 20.1"
"37,40 : 42.11"
"37,41 : 41.23"
"37,42 : 10.0"
"37,43 : 94.92"
"37,44 : 64.38"
"37,45 : 61.13"
"37,46 : 45.54"
"37,47 : 96.18"
"37,48 : 63.06"
"37,49 : 22.02"
"38,0 : 10.2"
"38,1 : 28.18"
"38,2 : 43.05"
"38,3 : 78.49"
"38,4 : 71.87"
"38,5 : 43.66"
"38,6 : 58.52"
"38,7 : 83.01"
"38,8 : 41.76"
"38,9 : 72.73"
"38,10 : 46.24"
"38,11 : 3.16"
"38,12 : 36.06"
"38,13 : 27.8"
"38,14 : 20.62"
"38,15 : 4.12"
"38,16 : 80.53"
"38,17 : 5.39"
"38,18 : 45.69"
"38,19 : 64.4"
"38,20 : 49.24"
"38,21 : 49.25"
"38,22 : 71.59"
"38,23 : 64.62"
"38,24 : 69.26"
"38,25 : 63.15"
"38,26 : 6.32"
"38,27 : 59.77"
"38,28 : 60.46"
"38,29 : 46.84"
"38,30 : 24.35"
"38,31 : 34.37"
"38,32 : 63.51"
"38,33 : 66.24"
"38,34 : 64.38"
"38,35 : 61.98"
"38,36 : 54.71"
"38,37 : 51.88"
"38,38 : 0.0"
"38,39 : 44.18"
"38,40 : 46.62"
"38,41 : 11.31"
"38,42 : 54.41"
"38,43 : 49.98"
"38,44 : 20.02"
"38,45 : 25.0"
"38,46 : 57.01"
"38,47 : 49.66"
"38,48 : 11.18"
"38,49 : 45.04"
"39,0 : 48.08"
"39,1 : 69.58"
"39,2 : 26.93"
"39,3 : 61.0"
"39,4 : 99.7"
"39,5 : 74.2"
"39,6 : 87.05"
"39,7 : 54.2"
"39,8 : 8.94"
"39,9 : 75.96"
"39,10 : 54.2"
"39,11 : 41.11"
"39,12 : 18.87"
"39,13 : 30.41"
"39,14 : 64.01"
"39,15 : 48.09"
"39,16 : 49.93"
"39,17 : 49.04"
"39,18 : 52.84"
"39,19 : 27.78"
"39,20 : 28.02"
"39,21 : 10.3"
"39,22 : 28.23"
"39,23 : 67.05"
"39,24 : 33.3"
"39,25 : 19.7"
"39,26 : 38.05"
"39,27 : 25.55"
"39,28 : 54.92"
"39,29 : 57.98"
"39,30 : 21.38"
"39,31 : 10.05"
"39,32 : 19.42"
"39,33 : 63.15"
"39,34 : 22.83"
"39,35 : 72.9"
"39,36 : 53.45"
"39,37 : 20.1"
"39,38 : 44.18"
"39,39 : 0.0"
"39,40 : 22.02"
"39,41 : 36.22"
"39,42 : 14.42"
"39,43 : 79.51"
"39,44 : 51.0"
"39,45 : 61.13"
"39,46 : 26.57"
"39,47 : 81.4"
"39,48 : 54.74"
"39,49 : 2.24"
"40,0 : 45.71"
"40,1 : 74.73"
"40,2 : 7.21"
"40,3 : 39.85"
"40,4 : 84.63"
"40,5 : 62.39"
"40,6 : 73.06"
"40,7 : 37.54"
"40,8 : 30.15"
"40,9 : 54.78"
"40,10 : 36.07"
"40,11 : 44.28"
"40,12 : 10.82"
"40,13 : 21.02"
"40,14 : 67.07"
"40,15 : 50.7"
"40,16 : 34.41"
"40,17 : 52.0"
"40,18 : 34.66"
"40,19 : 48.38"
"40,20 : 6.0"
"40,21 : 14.32"
"40,22 : 42.64"
"40,23 : 46.1"
"40,24 : 23.19"
"40,25 : 35.51"
"40,26 : 42.06"
"40,27 : 14.0"
"40,28 : 33.24"
"40,29 : 40.36"
"40,30 : 32.8"
"40,31 : 24.7"
"40,32 : 32.8"
"40,33 : 41.48"
"40,34 : 23.71"
"40,35 : 53.6"
"40,36 : 32.65"
"40,37 : 42.11"
"40,38 : 46.62"
"40,39 : 22.02"
"40,40 : 0.0"
"40,41 : 43.6"
"40,42 : 35.17"
"40,43 : 66.64"
"40,44 : 44.05"
"40,45 : 69.34"
"40,46 : 10.44"
"40,47 : 69.46"
"40,48 : 54.57"
"40,49 : 20.1"
"41,0 : 20.59"
"41,1 : 33.38"
"41,2 : 41.73"
"41,3 : 79.4"
"41,4 : 82.35"
"41,5 : 54.13"
"41,6 : 68.94"
"41,7 : 81.06"
"41,8 : 32.25"
"41,9 : 78.45"
"41,10 : 51.79"
"41,11 : 8.6"
"41,12 : 32.8"
"41,13 : 28.65"
"41,14 : 28.16"
"41,15 : 13.89"
"41,16 : 78.01"
"41,17 : 14.32"
"41,18 : 50.99"
"41,19 : 53.85"
"41,20 : 47.42"
"41,21 : 43.01"
"41,22 : 62.39"
"41,23 : 69.86"
"41,24 : 64.85"
"41,25 : 54.15"
"41,26 : 6.32"
"41,27 : 55.47"
"41,28 : 63.56"
"41,29 : 53.24"
"41,30 : 15.0"
"41,31 : 26.17"
"41,32 : 55.0"
"41,33 : 70.23"
"41,34 : 57.97"
"41,35 : 69.07"
"41,36 : 58.52"
"41,37 : 41.23"
"41,38 : 11.31"
"41,39 : 36.22"
"41,40 : 43.6"
"41,41 : 0.0"
"41,42 : 44.72"
"41,43 : 60.42"
"41,44 : 29.41"
"41,45 : 25.94"
"41,46 : 53.54"
"41,47 : 60.42"
"41,48 : 22.2"
"41,49 : 37.48"
"42,0 : 59.93"
"42,1 : 77.06"
"42,2 : 40.85"
"42,3 : 72.06"
"42,4 : 113.9"
"42,5 : 87.97"
"42,6 : 101.12"
"42,7 : 61.98"
"42,8 : 12.65"
"42,9 : 89.81"
"42,10 : 68.6"
"42,11 : 51.24"
"42,12 : 33.29"
"42,13 : 44.6"
"42,14 : 72.84"
"42,15 : 57.97"
"42,16 : 57.25"
"42,17 : 58.69"
"42,18 : 67.23"
"42,19 : 13.42"
"42,20 : 41.0"
"42,21 : 21.21"
"42,22 : 18.03"
"42,23 : 80.99"
"42,24 : 39.56"
"42,25 : 10.77"
"42,26 : 48.08"
"42,27 : 34.37"
"42,28 : 68.41"
"42,29 : 72.4"
"42,30 : 30.08"
"42,31 : 21.1"
"42,32 : 13.6"
"42,33 : 76.66"
"42,34 : 25.94"
"42,35 : 87.24"
"42,36 : 67.42"
"42,37 : 10.0"
"42,38 : 54.41"
"42,39 : 14.42"
"42,40 : 35.17"
"42,41 : 44.72"
"42,42 : 0.0"
"42,43 : 93.43"
"42,44 : 64.07"
"42,45 : 67.12"
"42,46 : 37.01"
"42,47 : 95.13"
"42,48 : 65.46"
"42,49 : 15.65"
"43,0 : 39.92"
"43,1 : 60.53"
"43,2 : 59.51"
"43,3 : 72.56"
"43,4 : 21.93"
"43,5 : 6.32"
"43,6 : 8.54"
"43,7 : 88.09"
"43,8 : 82.04"
"43,9 : 45.65"
"43,10 : 34.23"
"43,11 : 52.0"
"43,12 : 61.85"
"43,13 : 49.2"
"43,14 : 52.09"
"43,15 : 49.73"
"43,16 : 88.46"
"43,17 : 50.45"
"43,18 : 35.36"
"43,19 : 106.07"
"43,20 : 64.26"
"43,21 : 78.23"
"43,22 : 106.83"
"43,23 : 43.01"
"43,24 : 86.98"
"43,25 : 98.6"
"43,26 : 54.13"
"43,27 : 79.48"
"43,28 : 51.09"
"43,29 : 30.07"
"43,30 : 68.01"
"43,31 : 72.84"
"43,32 : 97.08"
"43,33 : 50.22"
"43,34 : 90.34"
"43,35 : 31.3"
"43,36 : 45.0"
"43,37 : 94.92"
"43,38 : 49.98"
"43,39 : 79.51"
"43,40 : 66.64"
"43,41 : 60.42"
"43,42 : 93.43"
"43,43 : 0.0"
"43,44 : 31.38"
"43,45 : 67.03"
"43,46 : 74.67"
"43,47 : 4.47"
"43,48 : 42.58"
"43,49 : 79.03"
"44,0 : 10.05"
"44,1 : 40.8"
"44,2 : 38.05"
"44,3 : 66.57"
"44,4 : 53.24"
"44,5 : 25.24"
"44,6 : 39.82"
"44,7 : 75.58"
"44,8 : 52.01"
"44,9 : 54.56"
"44,10 : 29.21"
"44,11 : 21.38"
"44,12 : 35.9"
"44,13 : 23.19"
"44,14 : 31.4"
"44,15 : 21.21"
"44,16 : 74.22"
"44,17 : 22.36"
"44,18 : 29.07"
"44,19 : 76.06"
"44,20 : 44.18"
"44,21 : 52.2"
"44,22 : 79.16"
"44,23 : 47.17"
"44,24 : 67.01"
"44,25 : 70.66"
"44,26 : 23.09"
"44,27 : 58.03"
"44,28 : 46.1"
"44,29 : 28.65"
"44,30 : 36.88"
"44,31 : 43.01"
"44,32 : 69.86"
"44,33 : 50.33"
"44,34 : 66.29"
"44,35 : 42.72"
"44,36 : 39.62"
"44,37 : 64.38"
"44,38 : 20.02"
"44,39 : 51.0"
"44,40 : 44.05"
"44,41 : 29.41"
"44,42 : 64.07"
"44,43 : 31.38"
"44,44 : 0.0"
"44,45 : 42.38"
"44,46 : 54.01"
"44,47 : 32.02"
"44,48 : 17.49"
"44,49 : 50.99"
"45,0 : 32.7"
"45,1 : 12.21"
"45,2 : 66.84"
"45,3 : 103.32"
"45,4 : 87.69"
"45,5 : 61.0"
"45,6 : 75.17"
"45,7 : 106.61"
"45,8 : 55.58"
"45,9 : 96.77"
"45,10 : 70.66"
"45,11 : 26.17"
"45,12 : 58.52"
"45,13 : 52.33"
"45,14 : 15.81"
"45,15 : 21.95"
"45,16 : 103.73"
"45,17 : 20.59"
"45,18 : 70.24"
"45,19 : 73.44"
"45,20 : 72.8"
"45,21 : 68.71"
"45,22 : 85.15"
"45,23 : 89.0"
"45,24 : 90.79"
"45,25 : 77.41"
"45,26 : 27.66"
"45,27 : 81.41"
"45,28 : 85.45"
"45,29 : 70.77"
"45,30 : 39.85"
"45,31 : 51.24"
"45,32 : 78.92"
"45,33 : 91.07"
"45,34 : 83.49"
"45,35 : 85.07"
"45,36 : 79.61"
"45,37 : 61.13"
"45,38 : 25.0"
"45,39 : 61.13"
"45,40 : 69.34"
"45,41 : 25.94"
"45,42 : 67.12"
"45,43 : 67.03"
"45,44 : 42.38"
"45,45 : 0.0"
"45,46 : 79.4"
"45,47 : 65.28"
"45,48 : 25.5"
"45,49 : 62.64"
"46,0 : 56.09"
"46,1 : 85.09"
"46,2 : 16.03"
"46,3 : 35.06"
"46,4 : 91.42"
"46,5 : 70.88"
"46,6 : 80.53"
"46,7 : 28.43"
"46,8 : 35.47"
"46,9 : 56.6"
"46,10 : 42.19"
"46,11 : 54.63"
"46,12 : 21.02"
"46,13 : 31.26"
"46,14 : 77.49"
"46,15 : 61.1"
"46,16 : 24.76"
"46,17 : 62.39"
"46,18 : 40.82"
"46,19 : 49.25"
"46,20 : 10.44"
"46,21 : 16.49"
"46,22 : 39.81"
"46,23 : 48.6"
"46,24 : 13.0"
"46,25 : 34.21"
"46,26 : 52.33"
"46,27 : 5.0"
"46,28 : 34.67"
"46,29 : 46.65"
"46,30 : 41.73"
"46,31 : 32.2"
"46,32 : 30.68"
"46,33 : 42.54"
"46,34 : 17.8"
"46,35 : 58.0"
"46,36 : 36.07"
"46,37 : 45.54"
"46,38 : 57.01"
"46,39 : 26.57"
"46,40 : 10.44"
"46,41 : 53.54"
"46,42 : 37.01"
"46,43 : 74.67"
"46,44 : 54.01"
"46,45 : 79.4"
"46,46 : 0.0"
"46,47 : 77.79"
"46,48 : 65.0"
"46,49 : 24.35"
"47,0 : 39.82"
"47,1 : 58.14"
"47,2 : 62.39"
"47,3 : 76.79"
"47,4 : 22.56"
"47,5 : 7.21"
"47,6 : 10.05"
"47,7 : 92.02"
"47,8 : 83.49"
"47,9 : 50.12"
"47,10 : 38.05"
"47,11 : 51.88"
"47,12 : 64.14"
"47,13 : 51.31"
"47,14 : 50.01"
"47,15 : 49.04"
"47,16 : 92.27"
"47,17 : 49.65"
"47,18 : 39.12"
"47,19 : 107.56"
"47,20 : 67.36"
"47,21 : 80.62"
"47,22 : 109.0"
"47,23 : 47.43"
"47,24 : 90.25"
"47,25 : 100.69"
"47,26 : 54.2"
"47,27 : 82.54"
"47,28 : 55.23"
"47,29 : 34.0"
"47,30 : 68.88"
"47,31 : 74.33"
"47,32 : 99.32"
"47,33 : 54.57"
"47,34 : 93.11"
"47,35 : 35.78"
"47,36 : 49.04"
"47,37 : 96.18"
"47,38 : 49.66"
"47,39 : 81.4"
"47,40 : 69.46"
"47,41 : 60.42"
"47,42 : 95.13"
"47,43 : 4.47"
"47,44 : 32.02"
"47,45 : 65.28"
"47,46 : 77.79"
"47,47 : 0.0"
"47,48 : 41.48"
"47,49 : 81.02"
"48,0 : 9.43"
"48,1 : 23.43"
"48,2 : 49.98"
"48,3 : 82.62"
"48,4 : 64.03"
"48,5 : 36.35"
"48,6 : 50.99"
"48,7 : 89.47"
"48,8 : 52.81"
"48,9 : 72.01"
"48,10 : 46.62"
"48,11 : 14.32"
"48,12 : 44.55"
"48,13 : 34.18"
"48,14 : 14.14"
"48,15 : 8.49"
"48,16 : 87.46"
"48,17 : 8.6"
"48,18 : 46.4"
"48,19 : 75.58"
"48,20 : 56.3"
"48,21 : 59.0"
"48,22 : 82.46"
"48,23 : 64.66"
"48,24 : 77.67"
"48,25 : 73.98"
"48,26 : 17.46"
"48,27 : 68.25"
"48,28 : 62.94"
"48,29 : 46.14"
"48,30 : 35.47"
"48,31 : 45.12"
"48,32 : 74.15"
"48,33 : 67.62"
"48,34 : 74.03"
"48,35 : 59.81"
"48,36 : 56.64"
"48,37 : 63.06"
"48,38 : 11.18"
"48,39 : 54.74"
"48,40 : 54.57"
"48,41 : 22.2"
"48,42 : 65.46"
"48,43 : 42.58"
"48,44 : 17.49"
"48,45 : 25.5"
"48,46 : 65.0"
"48,47 : 41.48"
"48,48 : 0.0"
"48,49 : 55.44"
"49,0 : 48.51"
"49,1 : 70.86"
"49,2 : 25.3"
"49,3 : 58.86"
"49,4 : 99.01"
"49,5 : 73.82"
"49,6 : 86.45"
"49,7 : 51.97"
"49,8 : 11.18"
"49,9 : 74.33"
"49,10 : 53.0"
"49,11 : 42.01"
"49,12 : 17.8"
"49,13 : 29.83"
"49,14 : 65.07"
"49,15 : 49.01"
"49,16 : 47.71"
"49,17 : 50.0"
"49,18 : 51.62"
"49,19 : 29.07"
"49,20 : 26.08"
"49,21 : 8.06"
"49,22 : 28.18"
"49,23 : 65.46"
"49,24 : 31.14"
"49,25 : 19.72"
"49,26 : 39.0"
"49,27 : 23.32"
"49,28 : 53.15"
"49,29 : 56.86"
"49,30 : 22.8"
"49,31 : 11.4"
"49,32 : 18.97"
"49,33 : 61.39"
"49,34 : 21.02"
"49,35 : 71.59"
"49,36 : 51.87"
"49,37 : 22.02"
"49,38 : 45.04"
"49,39 : 2.24"
"49,40 : 20.1"
"49,41 : 37.48"
"49,42 : 15.65"
"49,43 : 79.03"
"49,44 : 50.99"
"49,45 : 62.64"
"49,46 : 24.35"
"49,47 : 81.02"
"49,48 : 55.44"
"49,49 : 0.0"
