x,y
83,46
89,67
28,100
13,82
73,86
24,51
45,14
82,84
51,68
19,77
49,14
97,24
35,3
81,39
51,59
28,29
14,66
70,2
38,86
23,15
50,78
38,88
95,42
3,6
80,97
2,46
26,32
94,16
34,87
85,7
12,95
90,20
6,66
82,57
56,66
29,72
71,61
44,49
25,21
94,82
68,29
28,94
94,86
43,9
25,86
57,45
84,73
73,96
62,33
1,86

Distanze
"0,0 : 0.0"
"0,1 : 21.84"
"0,2 : 77.08"
"0,3 : 78.71"
"0,4 : 41.23"
"0,5 : 59.21"
"0,6 : 49.68"
"0,7 : 38.01"
"0,8 : 38.83"
"0,9 : 71.11"
"0,10 : 46.69"
"0,11 : 26.08"
"0,12 : 64.44"
"0,13 : 7.28"
"0,14 : 34.54"
"0,15 : 57.57"
"0,16 : 71.84"
"0,17 : 45.88"
"0,18 : 60.21"
"0,19 : 67.54"
"0,20 : 45.97"
"0,21 : 61.55"
"0,22 : 12.65"
"0,23 : 89.44"
"0,24 : 51.09"
"0,25 : 81.0"
"0,26 : 58.69"
"0,27 : 31.95"
"0,28 : 63.89"
"0,29 : 39.05"
"0,30 : 86.27"
"0,31 : 26.93"
"0,32 : 79.56"
"0,33 : 11.05"
"0,34 : 33.6"
"0,35 : 59.93"
"0,36 : 19.21"
"0,37 : 39.12"
"0,38 : 63.16"
"0,39 : 37.64"
"0,40 : 22.67"
"0,41 : 73.0"
"0,42 : 41.48"
"0,43 : 54.49"
"0,44 : 70.46"
"0,45 : 26.02"
"0,46 : 27.02"
"0,47 : 50.99"
"0,48 : 24.7"
"0,49 : 91.24"
"1,0 : 21.84"
"1,1 : 0.0"
"1,2 : 69.35"
"1,3 : 77.47"
"1,4 : 24.84"
"1,5 : 66.94"
"1,6 : 68.88"
"1,7 : 18.38"
"1,8 : 38.01"
"1,9 : 70.71"
"1,10 : 66.4"
"1,11 : 43.74"
"1,12 : 83.74"
"1,13 : 29.12"
"1,14 : 38.83"
"1,15 : 71.87"
"1,16 : 75.01"
"1,17 : 67.72"
"1,18 : 54.42"
"1,19 : 84.02"
"1,20 : 40.52"
"1,21 : 55.15"
"1,22 : 25.71"
"1,23 : 105.44"
"1,24 : 31.32"
"1,25 : 89.5"
"1,26 : 72.07"
"1,27 : 51.24"
"1,28 : 58.52"
"1,29 : 60.13"
"1,30 : 81.93"
"1,31 : 47.01"
"1,32 : 83.01"
"1,33 : 12.21"
"1,34 : 33.02"
"1,35 : 60.21"
"1,36 : 18.97"
"1,37 : 48.47"
"1,38 : 78.82"
"1,39 : 15.81"
"1,40 : 43.42"
"1,41 : 66.71"
"1,42 : 19.65"
"1,43 : 74.03"
"1,44 : 66.76"
"1,45 : 38.83"
"1,46 : 7.81"
"1,47 : 33.12"
"1,48 : 43.42"
"1,49 : 90.03"
"2,0 : 77.08"
"2,1 : 69.35"
"2,2 : 0.0"
"2,3 : 23.43"
"2,4 : 47.13"
"2,5 : 49.16"
"2,6 : 87.66"
"2,7 : 56.32"
"2,8 : 39.41"
"2,9 : 24.7"
"2,10 : 88.53"
"2,11 : 102.65"
"2,12 : 97.25"
"2,13 : 80.81"
"2,14 : 47.01"
"2,15 : 71.0"
"2,16 : 36.77"
"2,17 : 106.62"
"2,18 : 17.2"
"2,19 : 85.15"
"2,20 : 31.11"
"2,21 : 15.62"
"2,22 : 88.62"
"2,23 : 97.27"
"2,24 : 52.09"
"2,25 : 59.93"
"2,26 : 68.03"
"2,27 : 106.83"
"2,28 : 14.32"
"2,29 : 109.08"
"2,30 : 16.76"
"2,31 : 101.21"
"2,32 : 40.5"
"2,33 : 69.03"
"2,34 : 44.05"
"2,35 : 28.02"
"2,36 : 58.05"
"2,37 : 53.45"
"2,38 : 79.06"
"2,39 : 68.41"
"2,40 : 81.49"
"2,41 : 6.0"
"2,42 : 67.47"
"2,43 : 92.23"
"2,44 : 14.32"
"2,45 : 62.18"
"2,46 : 62.17"
"2,47 : 45.18"
"2,48 : 75.13"
"2,49 : 30.41"
"3,0 : 78.71"
"3,1 : 77.47"
"3,2 : 23.43"
"3,3 : 0.0"
"3,4 : 60.13"
"3,5 : 32.89"
"3,6 : 75.15"
"3,7 : 69.03"
"3,8 : 40.5"
"3,9 : 7.81"
"3,10 : 76.94"
"3,11 : 102.08"
"3,12 : 82.01"
"3,13 : 80.45"
"3,14 : 44.42"
"3,15 : 55.08"
"3,16 : 16.03"
"3,17 : 98.23"
"3,18 : 25.32"
"3,19 : 67.74"
"3,20 : 37.22"
"3,21 : 25.71"
"3,22 : 91.24"
"3,23 : 76.66"
"3,24 : 68.66"
"3,25 : 37.64"
"3,26 : 51.66"
"3,27 : 104.48"
"3,28 : 21.59"
"3,29 : 103.97"
"3,30 : 13.04"
"3,31 : 98.86"
"3,32 : 17.46"
"3,33 : 73.39"
"3,34 : 45.88"
"3,35 : 18.87"
"3,36 : 61.68"
"3,37 : 45.28"
"3,38 : 62.17"
"3,39 : 81.0"
"3,40 : 76.38"
"3,41 : 19.21"
"3,42 : 81.1"
"3,43 : 78.92"
"3,44 : 12.65"
"3,45 : 57.49"
"3,46 : 71.57"
"3,47 : 61.61"
"3,48 : 69.3"
"3,49 : 12.65"
"4,0 : 41.23"
"4,1 : 24.84"
"4,2 : 47.13"
"4,3 : 60.13"
"4,4 : 0.0"
"4,5 : 60.22"
"4,6 : 77.25"
"4,7 : 9.22"
"4,8 : 28.43"
"4,9 : 54.74"
"4,10 : 75.89"
"4,11 : 66.48"
"4,12 : 91.29"
"4,13 : 47.68"
"4,14 : 34.83"
"4,15 : 72.62"
"4,16 : 62.3"
"4,17 : 84.05"
"4,18 : 35.0"
"4,19 : 86.84"
"4,20 : 24.35"
"4,21 : 35.06"
"4,22 : 49.19"
"4,23 : 106.3"
"4,24 : 13.04"
"4,25 : 81.49"
"4,26 : 71.59"
"4,27 : 73.08"
"4,28 : 39.01"
"4,29 : 79.91"
"4,30 : 61.66"
"4,31 : 68.15"
"4,32 : 69.92"
"4,33 : 30.36"
"4,34 : 26.25"
"4,35 : 46.17"
"4,36 : 25.08"
"4,37 : 47.01"
"4,38 : 80.8"
"4,39 : 21.38"
"4,40 : 57.22"
"4,41 : 45.71"
"4,42 : 21.0"
"4,43 : 82.64"
"4,44 : 48.0"
"4,45 : 44.01"
"4,46 : 17.03"
"4,47 : 10.0"
"4,48 : 54.13"
"4,49 : 72.0"
"5,0 : 59.21"
"5,1 : 66.94"
"5,2 : 49.16"
"5,3 : 32.89"
"5,4 : 60.22"
"5,5 : 0.0"
"5,6 : 42.54"
"5,7 : 66.73"
"5,8 : 31.91"
"5,9 : 26.48"
"5,10 : 44.65"
"5,11 : 77.83"
"5,12 : 49.24"
"5,13 : 58.25"
"5,14 : 28.16"
"5,15 : 22.36"
"5,16 : 18.03"
"5,17 : 67.21"
"5,18 : 37.7"
"5,19 : 36.01"
"5,20 : 37.48"
"5,21 : 39.56"
"5,22 : 71.57"
"5,23 : 49.66"
"5,24 : 72.47"
"5,25 : 22.56"
"5,26 : 19.1"
"5,27 : 78.26"
"5,28 : 37.36"
"5,29 : 75.21"
"5,30 : 45.61"
"5,31 : 72.92"
"5,32 : 23.43"
"5,33 : 58.31"
"5,34 : 35.34"
"5,35 : 21.59"
"5,36 : 48.05"
"5,37 : 20.1"
"5,38 : 30.02"
"5,39 : 76.56"
"5,40 : 49.19"
"5,41 : 43.19"
"5,42 : 78.26"
"5,43 : 46.1"
"5,44 : 35.01"
"5,45 : 33.54"
"5,46 : 63.91"
"5,47 : 66.53"
"5,48 : 42.05"
"5,49 : 41.88"
"6,0 : 49.68"
"6,1 : 68.88"
"6,2 : 87.66"
"6,3 : 75.15"
"6,4 : 77.25"
"6,5 : 42.54"
"6,6 : 0.0"
"6,7 : 79.18"
"6,8 : 54.33"
"6,9 : 68.15"
"6,10 : 4.0"
"6,11 : 52.95"
"6,12 : 14.87"
"6,13 : 43.83"
"6,14 : 45.4"
"6,15 : 22.67"
"6,16 : 60.54"
"6,17 : 27.73"
"6,18 : 72.34"
"6,19 : 22.02"
"6,20 : 64.2"
"6,21 : 74.33"
"6,22 : 57.31"
"6,23 : 42.76"
"6,24 : 90.08"
"6,25 : 53.6"
"6,26 : 26.17"
"6,27 : 49.04"
"6,28 : 73.82"
"6,29 : 40.61"
"6,30 : 87.46"
"6,31 : 45.4"
"6,32 : 65.0"
"6,33 : 56.73"
"6,34 : 53.15"
"6,35 : 60.17"
"6,36 : 53.71"
"6,37 : 35.01"
"6,38 : 21.19"
"6,39 : 83.82"
"6,40 : 27.46"
"6,41 : 81.79"
"6,42 : 87.09"
"6,43 : 5.39"
"6,44 : 74.73"
"6,45 : 33.24"
"6,46 : 70.72"
"6,47 : 86.65"
"6,48 : 25.5"
"6,49 : 84.38"
"7,0 : 38.01"
"7,1 : 18.38"
"7,2 : 56.32"
"7,3 : 69.03"
"7,4 : 9.22"
"7,5 : 66.73"
"7,6 : 79.18"
"7,7 : 0.0"
"7,8 : 34.89"
"7,9 : 63.39"
"7,10 : 77.39"
"7,11 : 61.85"
"7,12 : 93.65"
"7,13 : 45.01"
"7,14 : 39.82"
"7,15 : 77.08"
"7,16 : 70.34"
"7,17 : 82.87"
"7,18 : 44.05"
"7,19 : 90.79"
"7,20 : 32.56"
"7,21 : 44.18"
"7,22 : 43.97"
"7,23 : 111.02"
"7,24 : 13.15"
"7,25 : 88.57"
"7,26 : 76.42"
"7,27 : 69.05"
"7,28 : 48.09"
"7,29 : 77.06"
"7,30 : 70.86"
"7,31 : 64.5"
"7,32 : 78.1"
"7,33 : 27.0"
"7,34 : 31.62"
"7,35 : 54.34"
"7,36 : 25.5"
"7,37 : 51.66"
"7,38 : 84.96"
"7,39 : 12.17"
"7,40 : 56.75"
"7,41 : 54.92"
"7,42 : 12.17"
"7,43 : 84.53"
"7,44 : 57.04"
"7,45 : 46.32"
"7,46 : 11.18"
"7,47 : 15.0"
"7,48 : 54.78"
"7,49 : 81.02"
"8,0 : 38.83"
"8,1 : 38.01"
"8,2 : 39.41"
"8,3 : 40.5"
"8,4 : 28.43"
"8,5 : 31.91"
"8,6 : 54.33"
"8,7 : 34.89"
"8,8 : 0.0"
"8,9 : 33.24"
"8,10 : 54.04"
"8,11 : 63.66"
"8,12 : 66.94"
"8,13 : 41.73"
"8,14 : 9.0"
"8,15 : 45.28"
"8,16 : 37.05"
"8,17 : 68.68"
"8,18 : 22.2"
"8,19 : 59.94"
"8,20 : 10.05"
"8,21 : 23.85"
"8,22 : 51.11"
"8,23 : 78.41"
"8,24 : 41.01"
"8,25 : 53.71"
"8,26 : 43.83"
"8,27 : 67.48"
"8,28 : 25.5"
"8,29 : 69.84"
"8,30 : 47.43"
"8,31 : 61.85"
"8,32 : 45.04"
"8,33 : 32.89"
"8,34 : 5.39"
"8,35 : 22.36"
"8,36 : 21.19"
"8,37 : 20.25"
"8,38 : 53.71"
"8,39 : 45.22"
"8,40 : 42.54"
"8,41 : 34.71"
"8,42 : 46.62"
"8,43 : 59.54"
"8,44 : 31.62"
"8,45 : 23.77"
"8,46 : 33.38"
"8,47 : 35.61"
"8,48 : 36.69"
"8,49 : 53.14"
"9,0 : 71.11"
"9,1 : 70.71"
"9,2 : 24.7"
"9,3 : 7.81"
"9,4 : 54.74"
"9,5 : 26.48"
"9,6 : 68.15"
"9,7 : 63.39"
"9,8 : 33.24"
"9,9 : 0.0"
"9,10 : 69.78"
"9,11 : 94.3"
"9,12 : 75.71"
"9,13 : 72.72"
"9,14 : 36.72"
"9,15 : 48.84"
"9,16 : 12.08"
"9,17 : 90.7"
"9,18 : 21.02"
"9,19 : 62.13"
"9,20 : 31.02"
"9,21 : 21.95"
"9,22 : 83.67"
"9,23 : 72.78"
"9,24 : 64.2"
"9,25 : 35.36"
"9,26 : 45.54"
"9,27 : 96.67"
"9,28 : 18.03"
"9,29 : 96.21"
"9,30 : 19.31"
"9,31 : 91.05"
"9,32 : 17.03"
"9,33 : 66.1"
"9,34 : 38.6"
"9,35 : 11.18"
"9,36 : 54.41"
"9,37 : 37.54"
"9,38 : 56.32"
"9,39 : 75.17"
"9,40 : 68.59"
"9,41 : 19.24"
"9,42 : 75.54"
"9,43 : 72.11"
"9,44 : 10.82"
"9,45 : 49.68"
"9,46 : 65.12"
"9,47 : 57.25"
"9,48 : 61.52"
"9,49 : 20.12"
"10,0 : 46.69"
"10,1 : 66.4"
"10,2 : 88.53"
"10,3 : 76.94"
"10,4 : 75.89"
"10,5 : 44.65"
"10,6 : 4.0"
"10,7 : 77.39"
"10,8 : 54.04"
"10,9 : 69.78"
"10,10 : 0.0"
"10,11 : 49.03"
"10,12 : 17.8"
"10,13 : 40.61"
"10,14 : 45.04"
"10,15 : 25.81"
"10,16 : 62.68"
"10,17 : 24.19"
"10,18 : 72.84"
"10,19 : 26.02"
"10,20 : 64.01"
"10,21 : 74.81"
"10,22 : 53.85"
"10,23 : 46.69"
"10,24 : 88.6"
"10,25 : 56.86"
"10,26 : 29.21"
"10,27 : 45.04"
"10,28 : 74.53"
"10,29 : 36.67"
"10,30 : 89.05"
"10,31 : 41.44"
"10,32 : 67.48"
"10,33 : 54.2"
"10,34 : 52.47"
"10,35 : 61.35"
"10,36 : 51.89"
"10,37 : 35.36"
"10,38 : 25.0"
"10,39 : 81.54"
"10,40 : 24.21"
"10,41 : 82.71"
"10,42 : 84.91"
"10,43 : 7.81"
"10,44 : 75.89"
"10,45 : 32.02"
"10,46 : 68.6"
"10,47 : 85.44"
"10,48 : 23.02"
"10,49 : 86.53"
"11,0 : 26.08"
"11,1 : 43.74"
"11,2 : 102.65"
"11,3 : 102.08"
"11,4 : 66.48"
"11,5 : 77.83"
"11,6 : 52.95"
"11,7 : 61.85"
"11,8 : 63.66"
"11,9 : 94.3"
"11,10 : 49.03"
"11,11 : 0.0"
"11,12 : 65.46"
"11,13 : 21.93"
"11,14 : 57.8"
"11,15 : 69.18"
"11,16 : 93.02"
"11,17 : 34.83"
"11,18 : 85.59"
"11,19 : 74.55"
"11,20 : 71.59"
"11,21 : 87.05"
"11,22 : 18.11"
"11,23 : 95.71"
"11,24 : 74.95"
"11,25 : 97.51"
"11,26 : 71.45"
"11,27 : 8.54"
"11,28 : 89.1"
"11,29 : 20.81"
"11,30 : 110.75"
"11,31 : 8.06"
"11,32 : 100.22"
"11,33 : 36.25"
"11,34 : 58.69"
"11,35 : 83.23"
"11,36 : 45.22"
"11,37 : 58.6"
"11,38 : 72.06"
"11,39 : 58.08"
"11,40 : 29.43"
"11,41 : 98.29"
"11,42 : 62.07"
"11,43 : 56.04"
"11,44 : 95.02"
"11,45 : 45.18"
"11,46 : 50.7"
"11,47 : 75.89"
"11,48 : 36.14"
"11,49 : 114.28"
"12,0 : 64.44"
"12,1 : 83.74"
"12,2 : 97.25"
"12,3 : 82.01"
"12,4 : 91.29"
"12,5 : 49.24"
"12,6 : 14.87"
"12,7 : 93.65"
"12,8 : 66.94"
"12,9 : 75.71"
"12,10 : 17.8"
"12,11 : 65.46"
"12,12 : 0.0"
"12,13 : 58.41"
"12,14 : 58.24"
"12,15 : 26.93"
"12,16 : 66.41"
"12,17 : 35.01"
"12,18 : 83.05"
"12,19 : 16.97"
"12,20 : 76.49"
"12,21 : 85.05"
"12,22 : 71.56"
"12,23 : 32.14"
"12,24 : 104.22"
"12,25 : 54.2"
"12,26 : 30.36"
"12,27 : 60.42"
"12,28 : 84.01"
"12,29 : 50.16"
"12,30 : 94.83"
"12,31 : 57.57"
"12,32 : 69.35"
"12,33 : 71.59"
"12,34 : 66.41"
"12,35 : 69.26"
"12,36 : 68.26"
"12,37 : 46.87"
"12,38 : 20.59"
"12,39 : 98.6"
"12,40 : 42.01"
"12,41 : 91.27"
"12,42 : 101.83"
"12,43 : 10.0"
"12,44 : 83.6"
"12,45 : 47.41"
"12,46 : 85.45"
"12,47 : 100.46"
"12,48 : 40.36"
"12,49 : 89.69"
"13,0 : 7.28"
"13,1 : 29.12"
"13,2 : 80.81"
"13,3 : 80.45"
"13,4 : 47.68"
"13,5 : 58.25"
"13,6 : 43.83"
"13,7 : 45.01"
"13,8 : 41.73"
"13,9 : 72.72"
"13,10 : 40.61"
"13,11 : 21.93"
"13,12 : 58.41"
"13,13 : 0.0"
"13,14 : 36.06"
"13,15 : 53.94"
"13,16 : 72.24"
"13,17 : 38.6"
"13,18 : 63.7"
"13,19 : 62.77"
"13,20 : 49.82"
"13,21 : 65.19"
"13,22 : 14.32"
"13,23 : 84.69"
"13,24 : 58.01"
"13,25 : 79.31"
"13,26 : 55.44"
"13,27 : 26.42"
"13,28 : 67.18"
"13,29 : 32.25"
"13,30 : 88.87"
"13,31 : 21.02"
"13,32 : 79.71"
"13,33 : 18.03"
"13,34 : 36.8"
"13,35 : 61.59"
"13,36 : 24.17"
"13,37 : 38.33"
"13,38 : 58.82"
"13,39 : 44.92"
"13,40 : 16.4"
"13,41 : 76.38"
"13,42 : 48.76"
"13,43 : 48.41"
"13,44 : 73.11"
"13,45 : 24.74"
"13,46 : 34.13"
"13,47 : 57.56"
"13,48 : 19.92"
"13,49 : 92.78"
"14,0 : 34.54"
"14,1 : 38.83"
"14,2 : 47.01"
"14,3 : 44.42"
"14,4 : 34.83"
"14,5 : 28.16"
"14,6 : 45.4"
"14,7 : 39.82"
"14,8 : 9.0"
"14,9 : 36.72"
"14,10 : 45.04"
"14,11 : 57.8"
"14,12 : 58.24"
"14,13 : 36.06"
"14,14 : 0.0"
"14,15 : 37.8"
"14,16 : 37.66"
"14,17 : 60.08"
"14,18 : 29.97"
"14,19 : 52.15"
"14,20 : 19.03"
"14,21 : 31.78"
"14,22 : 47.17"
"14,23 : 71.51"
"14,24 : 47.8"
"14,25 : 50.7"
"14,26 : 36.8"
"14,27 : 60.81"
"14,28 : 32.76"
"14,29 : 62.13"
"14,30 : 53.08"
"14,31 : 55.15"
"14,32 : 45.54"
"14,33 : 31.06"
"14,34 : 8.6"
"14,35 : 25.55"
"14,36 : 20.1"
"14,37 : 12.21"
"14,38 : 46.04"
"14,39 : 48.76"
"14,40 : 34.48"
"14,41 : 41.88"
"14,42 : 50.77"
"14,43 : 50.64"
"14,44 : 37.48"
"14,45 : 15.23"
"14,46 : 35.85"
"14,47 : 43.05"
"14,48 : 28.23"
"14,49 : 56.82"
"15,0 : 57.57"
"15,1 : 71.87"
"15,2 : 71.0"
"15,3 : 55.08"
"15,4 : 72.62"
"15,5 : 22.36"
"15,6 : 22.67"
"15,7 : 77.08"
"15,8 : 45.28"
"15,9 : 48.84"
"15,10 : 25.81"
"15,11 : 69.18"
"15,12 : 26.93"
"15,13 : 53.94"
"15,14 : 37.8"
"15,15 : 0.0"
"15,16 : 39.56"
"15,17 : 49.93"
"15,18 : 57.87"
"15,19 : 14.87"
"15,20 : 53.71"
"15,21 : 59.84"
"15,22 : 68.25"
"15,23 : 33.97"
"15,24 : 85.6"
"15,25 : 31.06"
"15,26 : 3.61"
"15,27 : 67.27"
"15,28 : 58.31"
"15,29 : 61.1"
"15,30 : 67.91"
"15,31 : 62.65"
"15,32 : 43.05"
"15,33 : 60.83"
"15,34 : 46.4"
"15,35 : 43.01"
"15,36 : 53.6"
"15,37 : 25.61"
"15,38 : 8.54"
"15,39 : 84.65"
"15,40 : 40.0"
"15,41 : 65.0"
"15,42 : 87.21"
"15,43 : 25.0"
"15,44 : 57.08"
"15,45 : 33.12"
"15,46 : 71.22"
"15,47 : 80.71"
"15,48 : 34.23"
"15,49 : 63.07"
"16,0 : 71.84"
"16,1 : 75.01"
"16,2 : 36.77"
"16,3 : 16.03"
"16,4 : 62.3"
"16,5 : 18.03"
"16,6 : 60.54"
"16,7 : 70.34"
"16,8 : 37.05"
"16,9 : 12.08"
"16,10 : 62.68"
"16,11 : 93.02"
"16,12 : 66.41"
"16,13 : 72.24"
"16,14 : 37.66"
"16,15 : 39.56"
"16,16 : 0.0"
"16,17 : 85.04"
"16,18 : 31.24"
"16,19 : 51.79"
"16,20 : 37.95"
"16,21 : 32.56"
"16,22 : 84.48"
"16,23 : 61.0"
"16,24 : 72.92"
"16,25 : 23.32"
"16,26 : 36.06"
"16,27 : 94.34"
"16,28 : 29.0"
"16,29 : 92.31"
"16,30 : 29.07"
"16,31 : 88.84"
"16,32 : 8.0"
"16,33 : 68.59"
"16,34 : 42.0"
"16,35 : 16.16"
"16,36 : 57.22"
"16,37 : 34.48"
"16,38 : 46.32"
"16,39 : 81.58"
"16,40 : 65.46"
"16,41 : 31.3"
"16,42 : 82.46"
"16,43 : 63.95"
"16,44 : 22.83"
"16,45 : 47.85"
"16,46 : 70.35"
"16,47 : 66.19"
"16,48 : 58.25"
"16,49 : 23.85"
"17,0 : 45.88"
"17,1 : 67.72"
"17,2 : 106.62"
"17,3 : 98.23"
"17,4 : 84.05"
"17,5 : 67.21"
"17,6 : 27.73"
"17,7 : 82.87"
"17,8 : 68.68"
"17,9 : 90.7"
"17,10 : 24.19"
"17,11 : 34.83"
"17,12 : 35.01"
"17,13 : 38.6"
"17,14 : 60.08"
"17,15 : 49.93"
"17,16 : 85.04"
"17,17 : 0.0"
"17,18 : 89.89"
"17,19 : 48.76"
"17,20 : 78.59"
"17,21 : 91.76"
"17,22 : 47.17"
"17,23 : 67.12"
"17,24 : 95.52"
"17,25 : 80.99"
"17,26 : 53.25"
"17,27 : 27.78"
"17,28 : 92.31"
"17,29 : 15.81"
"17,30 : 109.6"
"17,31 : 26.91"
"17,32 : 90.51"
"17,33 : 56.29"
"17,34 : 65.51"
"17,35 : 81.12"
"17,36 : 59.01"
"17,37 : 53.71"
"17,38 : 48.85"
"17,39 : 83.52"
"17,40 : 27.07"
"17,41 : 101.13"
"17,42 : 87.36"
"17,43 : 27.89"
"17,44 : 95.29"
"17,45 : 44.92"
"17,46 : 72.37"
"17,47 : 94.05"
"17,48 : 32.02"
"17,49 : 108.71"
"18,0 : 60.21"
"18,1 : 54.42"
"18,2 : 17.2"
"18,3 : 25.32"
"18,4 : 35.0"
"18,5 : 37.7"
"18,6 : 72.34"
"18,7 : 44.05"
"18,8 : 22.2"
"18,9 : 21.02"
"18,10 : 72.84"
"18,11 : 85.59"
"18,12 : 83.05"
"18,13 : 63.7"
"18,14 : 29.97"
"18,15 : 57.87"
"18,16 : 31.24"
"18,17 : 89.89"
"18,18 : 0.0"
"18,19 : 72.57"
"18,20 : 14.42"
"18,21 : 2.0"
"18,22 : 72.01"
"18,23 : 87.32"
"18,24 : 43.42"
"18,25 : 53.81"
"18,26 : 55.32"
"18,27 : 89.64"
"18,28 : 4.12"
"18,29 : 91.92"
"18,30 : 27.51"
"18,31 : 84.02"
"18,32 : 37.74"
"18,33 : 52.7"
"18,34 : 26.91"
"18,35 : 16.64"
"18,36 : 41.4"
"18,37 : 37.48"
"18,38 : 66.29"
"18,39 : 56.14"
"18,40 : 64.41"
"18,41 : 12.81"
"18,42 : 56.0"
"18,43 : 77.16"
"18,44 : 13.0"
"18,45 : 45.19"
"18,46 : 47.8"
"18,47 : 36.4"
"18,48 : 58.18"
"18,49 : 37.0"
"19,0 : 67.54"
"19,1 : 84.02"
"19,2 : 85.15"
"19,3 : 67.74"
"19,4 : 86.84"
"19,5 : 36.01"
"19,6 : 22.02"
"19,7 : 90.79"
"19,8 : 59.94"
"19,9 : 62.13"
"19,10 : 26.02"
"19,11 : 74.55"
"19,12 : 16.97"
"19,13 : 62.77"
"19,14 : 52.15"
"19,15 : 14.87"
"19,16 : 51.79"
"19,17 : 48.76"
"19,18 : 72.57"
"19,19 : 0.0"
"19,20 : 68.54"
"19,21 : 74.53"
"19,22 : 76.9"
"19,23 : 21.93"
"19,24 : 99.86"
"19,25 : 37.44"
"19,26 : 17.26"
"19,27 : 71.01"
"19,28 : 72.84"
"19,29 : 62.51"
"19,30 : 80.75"
"19,31 : 67.19"
"19,32 : 53.76"
"19,33 : 72.42"
"19,34 : 60.75"
"19,35 : 57.31"
"19,36 : 66.48"
"19,37 : 39.96"
"19,38 : 6.32"
"19,39 : 97.62"
"19,40 : 47.13"
"19,41 : 79.16"
"19,42 : 100.41"
"19,43 : 20.88"
"19,44 : 71.03"
"19,45 : 45.34"
"19,46 : 84.17"
"19,47 : 95.19"
"19,48 : 42.95"
"19,49 : 74.33"
"20,0 : 45.97"
"20,1 : 40.52"
"20,2 : 31.11"
"20,3 : 37.22"
"20,4 : 24.35"
"20,5 : 37.48"
"20,6 : 64.2"
"20,7 : 32.56"
"20,8 : 10.05"
"20,9 : 31.02"
"20,10 : 64.01"
"20,11 : 71.59"
"20,12 : 76.49"
"20,13 : 49.82"
"20,14 : 19.03"
"20,15 : 53.71"
"20,16 : 37.95"
"20,17 : 78.59"
"20,18 : 14.42"
"20,19 : 68.54"
"20,20 : 0.0"
"20,21 : 15.62"
"20,22 : 57.63"
"20,23 : 85.98"
"20,24 : 35.51"
"20,25 : 57.69"
"20,26 : 51.88"
"20,27 : 76.03"
"20,28 : 18.36"
"20,29 : 79.16"
"20,30 : 41.63"
"20,31 : 70.46"
"20,32 : 45.61"
"20,33 : 38.28"
"20,34 : 13.42"
"20,35 : 21.84"
"20,36 : 27.02"
"20,37 : 29.61"
"20,38 : 62.24"
"20,39 : 44.18"
"20,40 : 52.2"
"20,41 : 27.2"
"20,42 : 44.72"
"20,43 : 69.35"
"20,44 : 26.25"
"20,45 : 33.73"
"20,46 : 34.37"
"20,47 : 29.21"
"20,48 : 46.57"
"20,49 : 49.65"
"21,0 : 61.55"
"21,1 : 55.15"
"21,2 : 15.62"
"21,3 : 25.71"
"21,4 : 35.06"
"21,5 : 39.56"
"21,6 : 74.33"
"21,7 : 44.18"
"21,8 : 23.85"
"21,9 : 21.95"
"21,10 : 74.81"
"21,11 : 87.05"
"21,12 : 85.05"
"21,13 : 65.19"
"21,14 : 31.78"
"21,15 : 59.84"
"21,16 : 32.56"
"21,17 : 91.76"
"21,18 : 2.0"
"21,19 : 74.53"
"21,20 : 15.62"
"21,21 : 0.0"
"21,22 : 73.25"
"21,23 : 89.16"
"21,24 : 42.95"
"21,25 : 55.32"
"21,26 : 57.27"
"21,27 : 91.21"
"21,28 : 4.12"
"21,29 : 93.65"
"21,30 : 26.93"
"21,31 : 85.6"
"21,32 : 38.83"
"21,33 : 53.82"
"21,34 : 28.43"
"21,35 : 18.36"
"21,36 : 42.64"
"21,37 : 39.46"
"21,38 : 68.25"
"21,39 : 56.32"
"21,40 : 66.19"
"21,41 : 11.66"
"21,42 : 56.04"
"21,43 : 79.16"
"21,44 : 13.15"
"21,45 : 47.01"
"21,46 : 48.38"
"21,47 : 35.9"
"21,48 : 60.01"
"21,49 : 37.05"
"22,0 : 12.65"
"22,1 : 25.71"
"22,2 : 88.62"
"22,3 : 91.24"
"22,4 : 49.19"
"22,5 : 71.57"
"22,6 : 57.31"
"22,7 : 43.97"
"22,8 : 51.11"
"22,9 : 83.67"
"22,10 : 53.85"
"22,11 : 18.11"
"22,12 : 71.56"
"22,13 : 14.32"
"22,14 : 47.17"
"22,15 : 68.25"
"22,16 : 84.48"
"22,17 : 47.17"
"22,18 : 72.01"
"22,19 : 76.9"
"22,20 : 57.63"
"22,21 : 73.25"
"22,22 : 0.0"
"22,23 : 98.79"
"22,24 : 57.01"
"22,25 : 93.09"
"22,26 : 69.72"
"22,27 : 26.02"
"22,28 : 75.8"
"22,29 : 36.4"
"22,30 : 98.48"
"22,31 : 22.56"
"22,32 : 92.18"
"22,33 : 19.85"
"22,34 : 45.79"
"22,35 : 72.5"
"22,36 : 30.61"
"22,37 : 51.48"
"22,38 : 73.08"
"22,39 : 40.01"
"22,40 : 29.97"
"22,41 : 84.81"
"22,42 : 44.01"
"22,43 : 61.59"
"22,44 : 82.68"
"22,45 : 38.12"
"22,46 : 32.89"
"22,47 : 58.31"
"22,48 : 34.21"
"22,49 : 103.79"
"23,0 : 89.44"
"23,1 : 105.44"
"23,2 : 97.27"
"23,3 : 76.66"
"23,4 : 106.3"
"23,5 : 49.66"
"23,6 : 42.76"
"23,7 : 111.02"
"23,8 : 78.41"
"23,9 : 72.78"
"23,10 : 46.69"
"23,11 : 95.71"
"23,12 : 32.14"
"23,13 : 84.69"
"23,14 : 71.51"
"23,15 : 33.97"
"23,16 : 61.0"
"23,17 : 67.12"
"23,18 : 87.32"
"23,19 : 21.93"
"23,20 : 85.98"
"23,21 : 89.16"
"23,22 : 98.79"
"23,23 : 0.0"
"23,24 : 119.21"
"23,25 : 40.01"
"23,26 : 34.71"
"23,27 : 91.55"
"23,28 : 86.73"
"23,29 : 82.01"
"23,30 : 89.45"
"23,31 : 88.12"
"23,32 : 60.07"
"23,33 : 94.03"
"23,34 : 80.06"
"23,35 : 70.94"
"23,36 : 87.46"
"23,37 : 59.41"
"23,38 : 26.63"
"23,39 : 118.56"
"23,40 : 68.95"
"23,41 : 91.48"
"23,42 : 121.17"
"23,43 : 40.11"
"23,44 : 82.97"
"23,45 : 66.61"
"23,46 : 105.12"
"23,47 : 114.02"
"23,48 : 64.88"
"23,49 : 80.02"
"24,0 : 51.09"
"24,1 : 31.32"
"24,2 : 52.09"
"24,3 : 68.66"
"24,4 : 13.04"
"24,5 : 72.47"
"24,6 : 90.08"
"24,7 : 13.15"
"24,8 : 41.01"
"24,9 : 64.2"
"24,10 : 88.6"
"24,11 : 74.95"
"24,12 : 104.22"
"24,13 : 58.01"
"24,14 : 47.8"
"24,15 : 85.6"
"24,16 : 72.92"
"24,17 : 95.52"
"24,18 : 43.42"
"24,19 : 99.86"
"24,20 : 35.51"
"24,21 : 42.95"
"24,22 : 57.01"
"24,23 : 119.21"
"24,24 : 0.0"
"24,25 : 93.19"
"24,26 : 84.5"
"24,27 : 82.2"
"24,28 : 47.07"
"24,29 : 90.14"
"24,30 : 68.03"
"24,31 : 77.65"
"24,32 : 80.23"
"24,33 : 40.05"
"24,34 : 39.2"
"24,35 : 56.8"
"24,36 : 37.11"
"24,37 : 60.0"
"24,38 : 93.81"
"24,39 : 20.52"
"24,40 : 69.05"
"24,41 : 52.09"
"24,42 : 17.8"
"24,43 : 95.46"
"24,44 : 56.09"
"24,45 : 56.86"
"24,46 : 24.33"
"24,47 : 7.07"
"24,48 : 66.48"
"24,49 : 79.76"
"25,0 : 81.0"
"25,1 : 89.5"
"25,2 : 59.93"
"25,3 : 37.64"
"25,4 : 81.49"
"25,5 : 22.56"
"25,6 : 53.6"
"25,7 : 88.57"
"25,8 : 53.71"
"25,9 : 35.36"
"25,10 : 56.86"
"25,11 : 97.51"
"25,12 : 54.2"
"25,13 : 79.31"
"25,14 : 50.7"
"25,15 : 31.06"
"25,16 : 23.32"
"25,17 : 80.99"
"25,18 : 53.81"
"25,19 : 37.44"
"25,20 : 57.69"
"25,21 : 55.32"
"25,22 : 93.09"
"25,23 : 40.01"
"25,24 : 93.19"
"25,25 : 0.0"
"25,26 : 27.78"
"25,27 : 96.77"
"25,28 : 52.01"
"25,29 : 91.71"
"25,30 : 50.01"
"25,31 : 91.76"
"25,32 : 20.4"
"25,33 : 80.75"
"25,34 : 57.58"
"25,35 : 37.48"
"25,36 : 70.61"
"25,37 : 42.11"
"25,38 : 33.97"
"25,39 : 98.79"
"25,40 : 68.15"
"25,41 : 54.59"
"25,42 : 100.32"
"25,43 : 55.23"
"25,44 : 46.14"
"25,45 : 55.01"
"25,46 : 86.33"
"25,47 : 86.84"
"25,48 : 61.39"
"25,49 : 40.01"
"26,0 : 58.69"
"26,1 : 72.07"
"26,2 : 68.03"
"26,3 : 51.66"
"26,4 : 71.59"
"26,5 : 19.1"
"26,6 : 26.17"
"26,7 : 76.42"
"26,8 : 43.83"
"26,9 : 45.54"
"26,10 : 29.21"
"26,11 : 71.45"
"26,12 : 30.36"
"26,13 : 55.44"
"26,14 : 36.8"
"26,15 : 3.61"
"26,16 : 36.06"
"26,17 : 53.25"
"26,18 : 55.32"
"26,19 : 17.26"
"26,20 : 51.88"
"26,21 : 57.27"
"26,22 : 69.72"
"26,23 : 34.71"
"26,24 : 84.5"
"26,25 : 27.78"
"26,26 : 0.0"
"26,27 : 69.86"
"26,28 : 55.58"
"26,29 : 64.08"
"26,30 : 64.54"
"26,31 : 65.12"
"26,32 : 39.45"
"26,33 : 61.33"
"26,34 : 45.34"
"26,35 : 40.11"
"26,36 : 53.54"
"26,37 : 24.76"
"26,38 : 11.05"
"26,39 : 84.4"
"26,40 : 42.11"
"26,41 : 62.03"
"26,42 : 86.83"
"26,43 : 28.6"
"26,44 : 54.01"
"26,45 : 33.62"
"26,46 : 71.03"
"26,47 : 79.4"
"26,48 : 36.01"
"26,49 : 59.51"
"27,0 : 31.95"
"27,1 : 51.24"
"27,2 : 106.83"
"27,3 : 104.48"
"27,4 : 73.08"
"27,5 : 78.26"
"27,6 : 49.04"
"27,7 : 69.05"
"27,8 : 67.48"
"27,9 : 96.67"
"27,10 : 45.04"
"27,11 : 8.54"
"27,12 : 60.42"
"27,13 : 26.42"
"27,14 : 60.81"
"27,15 : 67.27"
"27,16 : 94.34"
"27,17 : 27.78"
"27,18 : 89.64"
"27,19 : 71.01"
"27,20 : 76.03"
"27,21 : 91.21"
"27,22 : 26.02"
"27,23 : 91.55"
"27,24 : 82.2"
"27,25 : 96.77"
"27,26 : 69.86"
"27,27 : 0.0"
"27,28 : 92.96"
"27,29 : 12.73"
"27,30 : 113.86"
"27,31 : 5.66"
"27,32 : 101.21"
"27,33 : 42.72"
"27,34 : 62.8"
"27,35 : 85.8"
"27,36 : 50.54"
"27,37 : 59.91"
"27,38 : 69.18"
"27,39 : 66.0"
"27,40 : 29.07"
"27,41 : 102.18"
"27,42 : 70.0"
"27,43 : 51.48"
"27,44 : 98.29"
"27,45 : 47.01"
"27,46 : 57.87"
"27,47 : 82.71"
"27,48 : 36.24"
"27,49 : 116.4"
"28,0 : 63.89"
"28,1 : 58.52"
"28,2 : 14.32"
"28,3 : 21.59"
"28,4 : 39.01"
"28,5 : 37.36"
"28,6 : 73.82"
"28,7 : 48.09"
"28,8 : 25.5"
"28,9 : 18.03"
"28,10 : 74.53"
"28,11 : 89.1"
"28,12 : 84.01"
"28,13 : 67.18"
"28,14 : 32.76"
"28,15 : 58.31"
"28,16 : 29.0"
"28,17 : 92.31"
"28,18 : 4.12"
"28,19 : 72.84"
"28,20 : 18.36"
"28,21 : 4.12"
"28,22 : 75.8"
"28,23 : 86.73"
"28,24 : 47.07"
"28,25 : 52.01"
"28,26 : 55.58"
"28,27 : 92.96"
"28,28 : 0.0"
"28,29 : 94.87"
"28,30 : 23.41"
"28,31 : 87.32"
"28,32 : 35.0"
"28,33 : 56.6"
"28,34 : 30.41"
"28,35 : 15.81"
"28,36 : 45.22"
"28,37 : 39.29"
"28,38 : 66.61"
"28,39 : 60.21"
"28,40 : 67.23"
"28,41 : 9.22"
"28,42 : 60.01"
"28,43 : 78.52"
"28,44 : 9.06"
"28,45 : 47.89"
"28,46 : 51.92"
"28,47 : 40.02"
"28,48 : 60.83"
"28,49 : 33.02"
"29,0 : 39.05"
"29,1 : 60.13"
"29,2 : 109.08"
"29,3 : 103.97"
"29,4 : 79.91"
"29,5 : 75.21"
"29,6 : 40.61"
"29,7 : 77.06"
"29,8 : 69.84"
"29,9 : 96.21"
"29,10 : 36.67"
"29,11 : 20.81"
"29,12 : 50.16"
"29,13 : 32.25"
"29,14 : 62.13"
"29,15 : 61.1"
"29,16 : 92.31"
"29,17 : 15.81"
"29,18 : 91.92"
"29,19 : 62.51"
"29,20 : 79.16"
"29,21 : 93.65"
"29,22 : 36.4"
"29,23 : 82.01"
"29,24 : 90.14"
"29,25 : 91.71"
"29,26 : 64.08"
"29,27 : 12.73"
"29,28 : 94.87"
"29,29 : 0.0"
"29,30 : 114.34"
"29,31 : 13.93"
"29,32 : 98.6"
"29,33 : 50.09"
"29,34 : 65.74"
"29,35 : 85.8"
"29,36 : 55.79"
"29,37 : 58.69"
"29,38 : 61.61"
"29,39 : 75.54"
"29,40 : 27.8"
"29,41 : 104.01"
"29,42 : 79.51"
"29,43 : 42.05"
"29,44 : 99.2"
"29,45 : 47.2"
"29,46 : 66.01"
"29,47 : 89.81"
"29,48 : 34.71"
"29,49 : 115.31"
"30,0 : 86.27"
"30,1 : 81.93"
"30,2 : 16.76"
"30,3 : 13.04"
"30,4 : 61.66"
"30,5 : 45.61"
"30,6 : 87.46"
"30,7 : 70.86"
"30,8 : 47.43"
"30,9 : 19.31"
"30,10 : 89.05"
"30,11 : 110.75"
"30,12 : 94.83"
"30,13 : 88.87"
"30,14 : 53.08"
"30,15 : 67.91"
"30,16 : 29.07"
"30,17 : 109.6"
"30,18 : 27.51"
"30,19 : 80.75"
"30,20 : 41.63"
"30,21 : 26.93"
"30,22 : 98.48"
"30,23 : 89.45"
"30,24 : 68.03"
"30,25 : 50.01"
"30,26 : 64.54"
"30,27 : 113.86"
"30,28 : 23.41"
"30,29 : 114.34"
"30,30 : 0.0"
"30,31 : 108.21"
"30,32 : 29.61"
"30,33 : 79.65"
"30,34 : 52.7"
"30,35 : 28.6"
"30,36 : 68.1"
"30,37 : 56.04"
"30,38 : 75.13"
"30,39 : 83.02"
"30,40 : 86.56"
"30,41 : 16.03"
"30,42 : 82.49"
"30,43 : 91.42"
"30,44 : 15.81"
"30,45 : 67.27"
"30,46 : 75.29"
"30,47 : 61.01"
"30,48 : 79.65"
"30,49 : 14.21"
"31,0 : 26.93"
"31,1 : 47.01"
"31,2 : 101.21"
"31,3 : 98.86"
"31,4 : 68.15"
"31,5 : 72.92"
"31,6 : 45.4"
"31,7 : 64.5"
"31,8 : 61.85"
"31,9 : 91.05"
"31,10 : 41.44"
"31,11 : 8.06"
"31,12 : 57.57"
"31,13 : 21.02"
"31,14 : 55.15"
"31,15 : 62.65"
"31,16 : 88.84"
"31,17 : 26.91"
"31,18 : 84.02"
"31,19 : 67.19"
"31,20 : 70.46"
"31,21 : 85.6"
"31,22 : 22.56"
"31,23 : 88.12"
"31,24 : 77.65"
"31,25 : 91.76"
"31,26 : 65.12"
"31,27 : 5.66"
"31,28 : 87.32"
"31,29 : 13.93"
"31,30 : 108.21"
"31,31 : 0.0"
"31,32 : 95.77"
"31,33 : 37.85"
"31,34 : 57.2"
"31,35 : 80.16"
"31,36 : 45.19"
"31,37 : 54.38"
"31,38 : 65.01"
"31,39 : 62.13"
"31,40 : 23.77"
"31,41 : 96.54"
"31,42 : 66.12"
"31,43 : 48.27"
"31,44 : 92.63"
"31,45 : 41.4"
"31,46 : 53.34"
"31,47 : 77.88"
"31,48 : 30.87"
"31,49 : 110.8"
"32,0 : 79.56"
"32,1 : 83.01"
"32,2 : 40.5"
"32,3 : 17.46"
"32,4 : 69.92"
"32,5 : 23.43"
"32,6 : 65.0"
"32,7 : 78.1"
"32,8 : 45.04"
"32,9 : 17.03"
"32,10 : 67.48"
"32,11 : 100.22"
"32,12 : 69.35"
"32,13 : 79.71"
"32,14 : 45.54"
"32,15 : 43.05"
"32,16 : 8.0"
"32,17 : 90.51"
"32,18 : 37.74"
"32,19 : 53.76"
"32,20 : 45.61"
"32,21 : 38.83"
"32,22 : 92.18"
"32,23 : 60.07"
"32,24 : 80.23"
"32,25 : 20.4"
"32,26 : 39.45"
"32,27 : 101.21"
"32,28 : 35.0"
"32,29 : 98.6"
"32,30 : 29.61"
"32,31 : 95.77"
"32,32 : 0.0"
"32,33 : 76.53"
"32,34 : 50.0"
"32,35 : 23.77"
"32,36 : 65.19"
"32,37 : 41.63"
"32,38 : 48.85"
"32,39 : 89.44"
"32,40 : 72.2"
"32,41 : 35.61"
"32,42 : 90.24"
"32,43 : 67.96"
"32,44 : 27.59"
"32,45 : 55.15"
"32,46 : 78.31"
"32,47 : 73.41"
"32,48 : 65.0"
"32,49 : 20.62"
"33,0 : 11.05"
"33,1 : 12.21"
"33,2 : 69.03"
"33,3 : 73.39"
"33,4 : 30.36"
"33,5 : 58.31"
"33,6 : 56.73"
"33,7 : 27.0"
"33,8 : 32.89"
"33,9 : 66.1"
"33,10 : 54.2"
"33,11 : 36.25"
"33,12 : 71.59"
"33,13 : 18.03"
"33,14 : 31.06"
"33,15 : 60.83"
"33,16 : 68.59"
"33,17 : 56.29"
"33,18 : 52.7"
"33,19 : 72.42"
"33,20 : 38.28"
"33,21 : 53.82"
"33,22 : 19.85"
"33,23 : 94.03"
"33,24 : 40.05"
"33,25 : 80.75"
"33,26 : 61.33"
"33,27 : 42.72"
"33,28 : 56.6"
"33,29 : 50.09"
"33,30 : 79.65"
"33,31 : 37.85"
"33,32 : 76.53"
"33,33 : 0.0"
"33,34 : 27.51"
"33,35 : 55.08"
"33,36 : 11.7"
"33,37 : 38.83"
"33,38 : 67.42"
"33,39 : 27.73"
"33,40 : 31.3"
"33,41 : 65.46"
"33,42 : 31.38"
"33,43 : 61.85"
"33,44 : 63.95"
"33,45 : 27.73"
"33,46 : 16.12"
"33,47 : 40.02"
"33,48 : 31.24"
"33,49 : 86.03"
"34,0 : 33.6"
"34,1 : 33.02"
"34,2 : 44.05"
"34,3 : 45.88"
"34,4 : 26.25"
"34,5 : 35.34"
"34,6 : 53.15"
"34,7 : 31.62"
"34,8 : 5.39"
"34,9 : 38.6"
"34,10 : 52.47"
"34,11 : 58.69"
"34,12 : 66.41"
"34,13 : 36.8"
"34,14 : 8.6"
"34,15 : 46.4"
"34,16 : 42.0"
"34,17 : 65.51"
"34,18 : 26.91"
"34,19 : 60.75"
"34,20 : 13.42"
"34,21 : 28.43"
"34,22 : 45.79"
"34,23 : 80.06"
"34,24 : 39.2"
"34,25 : 57.58"
"34,26 : 45.34"
"34,27 : 62.8"
"34,28 : 30.41"
"34,29 : 65.74"
"34,30 : 52.7"
"34,31 : 57.2"
"34,32 : 50.0"
"34,33 : 27.51"
"34,34 : 0.0"
"34,35 : 27.66"
"34,36 : 15.81"
"34,37 : 20.81"
"34,38 : 54.64"
"34,39 : 41.23"
"34,40 : 38.9"
"34,41 : 39.6"
"34,42 : 42.94"
"34,43 : 58.46"
"34,44 : 36.89"
"34,45 : 21.02"
"34,46 : 28.86"
"34,47 : 34.48"
"34,48 : 33.54"
"34,49 : 58.52"
"35,0 : 59.93"
"35,1 : 60.21"
"35,2 : 28.02"
"35,3 : 18.87"
"35,4 : 46.17"
"35,5 : 21.59"
"35,6 : 60.17"
"35,7 : 54.34"
"35,8 : 22.36"
"35,9 : 11.18"
"35,10 : 61.35"
"35,11 : 83.23"
"35,12 : 69.26"
"35,13 : 61.59"
"35,14 : 25.55"
"35,15 : 43.01"
"35,16 : 16.16"
"35,17 : 81.12"
"35,18 : 16.64"
"35,19 : 57.31"
"35,20 : 21.84"
"35,21 : 18.36"
"35,22 : 72.5"
"35,23 : 70.94"
"35,24 : 56.8"
"35,25 : 37.48"
"35,26 : 40.11"
"35,27 : 85.8"
"35,28 : 15.81"
"35,29 : 85.8"
"35,30 : 28.6"
"35,31 : 80.16"
"35,32 : 23.77"
"35,33 : 55.08"
"35,34 : 27.66"
"35,35 : 0.0"
"35,36 : 43.42"
"35,37 : 27.46"
"35,38 : 51.16"
"35,39 : 65.76"
"35,40 : 58.05"
"35,41 : 22.02"
"35,42 : 66.49"
"35,43 : 64.54"
"35,44 : 14.56"
"35,45 : 38.9"
"35,46 : 55.01"
"35,47 : 50.12"
"35,48 : 51.09"
"35,49 : 31.3"
"36,0 : 19.21"
"36,1 : 18.97"
"36,2 : 58.05"
"36,3 : 61.68"
"36,4 : 25.08"
"36,5 : 48.05"
"36,6 : 53.71"
"36,7 : 25.5"
"36,8 : 21.19"
"36,9 : 54.41"
"36,10 : 51.89"
"36,11 : 45.22"
"36,12 : 68.26"
"36,13 : 24.17"
"36,14 : 20.1"
"36,15 : 53.6"
"36,16 : 57.22"
"36,17 : 59.01"
"36,18 : 41.4"
"36,19 : 66.48"
"36,20 : 27.02"
"36,21 : 42.64"
"36,22 : 30.61"
"36,23 : 87.46"
"36,24 : 37.11"
"36,25 : 70.61"
"36,26 : 53.54"
"36,27 : 50.54"
"36,28 : 45.22"
"36,29 : 55.79"
"36,30 : 68.1"
"36,31 : 45.19"
"36,32 : 65.19"
"36,33 : 11.7"
"36,34 : 15.81"
"36,35 : 43.42"
"36,36 : 0.0"
"36,37 : 29.55"
"36,38 : 60.96"
"36,39 : 31.14"
"36,40 : 32.14"
"36,41 : 54.2"
"36,42 : 33.97"
"36,43 : 59.06"
"36,44 : 52.35"
"36,45 : 21.26"
"36,46 : 17.69"
"36,47 : 35.06"
"36,48 : 29.41"
"36,49 : 74.33"
"37,0 : 39.12"
"37,1 : 48.47"
"37,2 : 53.45"
"37,3 : 45.28"
"37,4 : 47.01"
"37,5 : 20.1"
"37,6 : 35.01"
"37,7 : 51.66"
"37,8 : 20.25"
"37,9 : 37.54"
"37,10 : 35.36"
"37,11 : 58.6"
"37,12 : 46.87"
"37,13 : 38.33"
"37,14 : 12.21"
"37,15 : 25.61"
"37,16 : 34.48"
"37,17 : 53.71"
"37,18 : 37.48"
"37,19 : 39.96"
"37,20 : 29.61"
"37,21 : 39.46"
"37,22 : 51.48"
"37,23 : 59.41"
"37,24 : 60.0"
"37,25 : 42.11"
"37,26 : 24.76"
"37,27 : 59.91"
"37,28 : 39.29"
"37,29 : 58.69"
"37,30 : 56.04"
"37,31 : 54.38"
"37,32 : 41.63"
"37,33 : 38.83"
"37,34 : 20.81"
"37,35 : 27.46"
"37,36 : 29.55"
"37,37 : 0.0"
"37,38 : 33.84"
"37,39 : 59.91"
"37,40 : 31.24"
"37,41 : 47.76"
"37,42 : 62.2"
"37,43 : 40.01"
"37,44 : 41.59"
"37,45 : 13.6"
"37,46 : 46.65"
"37,47 : 55.23"
"37,48 : 24.08"
"37,49 : 56.73"
"38,0 : 63.16"
"38,1 : 78.82"
"38,2 : 79.06"
"38,3 : 62.17"
"38,4 : 80.8"
"38,5 : 30.02"
"38,6 : 21.19"
"38,7 : 84.96"
"38,8 : 53.71"
"38,9 : 56.32"
"38,10 : 25.0"
"38,11 : 72.06"
"38,12 : 20.59"
"38,13 : 58.82"
"38,14 : 46.04"
"38,15 : 8.54"
"38,16 : 46.32"
"38,17 : 48.85"
"38,18 : 66.29"
"38,19 : 6.32"
"38,20 : 62.24"
"38,21 : 68.25"
"38,22 : 73.08"
"38,23 : 26.63"
"38,24 : 93.81"
"38,25 : 33.97"
"38,26 : 11.05"
"38,27 : 69.18"
"38,28 : 66.61"
"38,29 : 61.61"
"38,30 : 75.13"
"38,31 : 65.01"
"38,32 : 48.85"
"38,33 : 67.42"
"38,34 : 54.64"
"38,35 : 51.16"
"38,36 : 60.96"
"38,37 : 33.84"
"38,38 : 0.0"
"38,39 : 92.1"
"38,40 : 43.74"
"38,41 : 73.06"
"38,42 : 94.79"
"38,43 : 21.63"
"38,44 : 65.0"
"38,45 : 40.0"
"38,46 : 78.64"
"38,47 : 89.04"
"38,48 : 38.9"
"38,49 : 69.29"
"39,0 : 37.64"
"39,1 : 15.81"
"39,2 : 68.41"
"39,3 : 81.0"
"39,4 : 21.38"
"39,5 : 76.56"
"39,6 : 83.82"
"39,7 : 12.17"
"39,8 : 45.22"
"39,9 : 75.17"
"39,10 : 81.54"
"39,11 : 58.08"
"39,12 : 98.6"
"39,13 : 44.92"
"39,14 : 48.76"
"39,15 : 84.65"
"39,16 : 81.58"
"39,17 : 83.52"
"39,18 : 56.14"
"39,19 : 97.62"
"39,20 : 44.18"
"39,21 : 56.32"
"39,22 : 40.01"
"39,23 : 118.56"
"39,24 : 20.52"
"39,25 : 98.79"
"39,26 : 84.4"
"39,27 : 66.0"
"39,28 : 60.21"
"39,29 : 75.54"
"39,30 : 83.02"
"39,31 : 62.13"
"39,32 : 89.44"
"39,33 : 27.73"
"39,34 : 41.23"
"39,35 : 65.76"
"39,36 : 31.14"
"39,37 : 59.91"
"39,38 : 92.1"
"39,39 : 0.0"
"39,40 : 59.03"
"39,41 : 67.08"
"39,42 : 4.0"
"39,43 : 89.05"
"39,44 : 69.12"
"39,45 : 52.33"
"39,46 : 13.45"
"39,47 : 25.24"
"39,48 : 58.52"
"39,49 : 93.09"
"40,0 : 22.67"
"40,1 : 43.42"
"40,2 : 81.49"
"40,3 : 76.38"
"40,4 : 57.22"
"40,5 : 49.19"
"40,6 : 27.46"
"40,7 : 56.75"
"40,8 : 42.54"
"40,9 : 68.59"
"40,10 : 24.21"
"40,11 : 29.43"
"40,12 : 42.01"
"40,13 : 16.4"
"40,14 : 34.48"
"40,15 : 40.0"
"40,16 : 65.46"
"40,17 : 27.07"
"40,18 : 64.41"
"40,19 : 47.13"
"40,20 : 52.2"
"40,21 : 66.19"
"40,22 : 29.97"
"40,23 : 68.95"
"40,24 : 69.05"
"40,25 : 68.15"
"40,26 : 42.11"
"40,27 : 29.07"
"40,28 : 67.23"
"40,29 : 27.8"
"40,30 : 86.56"
"40,31 : 23.77"
"40,32 : 72.2"
"40,33 : 31.3"
"40,34 : 38.9"
"40,35 : 58.05"
"40,36 : 32.14"
"40,37 : 31.24"
"40,38 : 43.74"
"40,39 : 59.03"
"40,40 : 0.0"
"40,41 : 76.32"
"40,42 : 62.65"
"40,43 : 32.02"
"40,44 : 71.4"
"40,45 : 19.42"
"40,46 : 46.82"
"40,47 : 67.19"
"40,48 : 7.21"
"40,49 : 87.97"
"41,0 : 73.0"
"41,1 : 66.71"
"41,2 : 6.0"
"41,3 : 19.21"
"41,4 : 45.71"
"41,5 : 43.19"
"41,6 : 81.79"
"41,7 : 54.92"
"41,8 : 34.71"
"41,9 : 19.24"
"41,10 : 82.71"
"41,11 : 98.29"
"41,12 : 91.27"
"41,13 : 76.38"
"41,14 : 41.88"
"41,15 : 65.0"
"41,16 : 31.3"
"41,17 : 101.13"
"41,18 : 12.81"
"41,19 : 79.16"
"41,20 : 27.2"
"41,21 : 11.66"
"41,22 : 84.81"
"41,23 : 91.48"
"41,24 : 52.09"
"41,25 : 54.59"
"41,26 : 62.03"
"41,27 : 102.18"
"41,28 : 9.22"
"41,29 : 104.01"
"41,30 : 16.03"
"41,31 : 96.54"
"41,32 : 35.61"
"41,33 : 65.46"
"41,34 : 39.6"
"41,35 : 22.02"
"41,36 : 54.2"
"41,37 : 47.76"
"41,38 : 73.06"
"41,39 : 67.08"
"41,40 : 76.32"
"41,41 : 0.0"
"41,42 : 66.48"
"41,43 : 86.31"
"41,44 : 8.54"
"41,45 : 56.94"
"41,46 : 59.81"
"41,47 : 45.04"
"41,48 : 69.84"
"41,49 : 28.16"
"42,0 : 41.48"
"42,1 : 19.65"
"42,2 : 67.47"
"42,3 : 81.1"
"42,4 : 21.0"
"42,5 : 78.26"
"42,6 : 87.09"
"42,7 : 12.17"
"42,8 : 46.62"
"42,9 : 75.54"
"42,10 : 84.91"
"42,11 : 62.07"
"42,12 : 101.83"
"42,13 : 48.76"
"42,14 : 50.77"
"42,15 : 87.21"
"42,16 : 82.46"
"42,17 : 87.36"
"42,18 : 56.0"
"42,19 : 100.41"
"42,20 : 44.72"
"42,21 : 56.04"
"42,22 : 44.01"
"42,23 : 121.17"
"42,24 : 17.8"
"42,25 : 100.32"
"42,26 : 86.83"
"42,27 : 70.0"
"42,28 : 60.01"
"42,29 : 79.51"
"42,30 : 82.49"
"42,31 : 66.12"
"42,32 : 90.24"
"42,33 : 31.38"
"42,34 : 42.94"
"42,35 : 66.49"
"42,36 : 33.97"
"42,37 : 62.2"
"42,38 : 94.79"
"42,39 : 4.0"
"42,40 : 62.65"
"42,41 : 66.48"
"42,42 : 0.0"
"42,43 : 92.36"
"42,44 : 69.0"
"42,45 : 55.23"
"42,46 : 16.4"
"42,47 : 23.26"
"42,48 : 61.91"
"42,49 : 93.0"
"43,0 : 54.49"
"43,1 : 74.03"
"43,2 : 92.23"
"43,3 : 78.92"
"43,4 : 82.64"
"43,5 : 46.1"
"43,6 : 5.39"
"43,7 : 84.53"
"43,8 : 59.54"
"43,9 : 72.11"
"43,10 : 7.81"
"43,11 : 56.04"
"43,12 : 10.0"
"43,13 : 48.41"
"43,14 : 50.64"
"43,15 : 25.0"
"43,16 : 63.95"
"43,17 : 27.89"
"43,18 : 77.16"
"43,19 : 20.88"
"43,20 : 69.35"
"43,21 : 79.16"
"43,22 : 61.59"
"43,23 : 40.11"
"43,24 : 95.46"
"43,25 : 55.23"
"43,26 : 28.6"
"43,27 : 51.48"
"43,28 : 78.52"
"43,29 : 42.05"
"43,30 : 91.42"
"43,31 : 48.27"
"43,32 : 67.96"
"43,33 : 61.85"
"43,34 : 58.46"
"43,35 : 64.54"
"43,36 : 59.06"
"43,37 : 40.01"
"43,38 : 21.63"
"43,39 : 89.05"
"43,40 : 32.02"
"43,41 : 86.31"
"43,42 : 92.36"
"43,43 : 0.0"
"43,44 : 79.08"
"43,45 : 38.63"
"43,46 : 76.01"
"43,47 : 92.03"
"43,48 : 30.61"
"43,49 : 87.71"
"44,0 : 70.46"
"44,1 : 66.76"
"44,2 : 14.32"
"44,3 : 12.65"
"44,4 : 48.0"
"44,5 : 35.01"
"44,6 : 74.73"
"44,7 : 57.04"
"44,8 : 31.62"
"44,9 : 10.82"
"44,10 : 75.89"
"44,11 : 95.02"
"44,12 : 83.6"
"44,13 : 73.11"
"44,14 : 37.48"
"44,15 : 57.08"
"44,16 : 22.83"
"44,17 : 95.29"
"44,18 : 13.0"
"44,19 : 71.03"
"44,20 : 26.25"
"44,21 : 13.15"
"44,22 : 82.68"
"44,23 : 82.97"
"44,24 : 56.09"
"44,25 : 46.14"
"44,26 : 54.01"
"44,27 : 98.29"
"44,28 : 9.06"
"44,29 : 99.2"
"44,30 : 15.81"
"44,31 : 92.63"
"44,32 : 27.59"
"44,33 : 63.95"
"44,34 : 36.89"
"44,35 : 14.56"
"44,36 : 52.35"
"44,37 : 41.59"
"44,38 : 65.0"
"44,39 : 69.12"
"44,40 : 71.4"
"44,41 : 8.54"
"44,42 : 69.0"
"44,43 : 79.08"
"44,44 : 0.0"
"44,45 : 52.01"
"44,46 : 60.42"
"44,47 : 49.03"
"44,48 : 64.64"
"44,49 : 24.0"
"45,0 : 26.02"
"45,1 : 38.83"
"45,2 : 62.18"
"45,3 : 57.49"
"45,4 : 44.01"
"45,5 : 33.54"
"45,6 : 33.24"
"45,7 : 46.32"
"45,8 : 23.77"
"45,9 : 49.68"
"45,10 : 32.02"
"45,11 : 45.18"
"45,12 : 47.41"
"45,13 : 24.74"
"45,14 : 15.23"
"45,15 : 33.12"
"45,16 : 47.85"
"45,17 : 44.92"
"45,18 : 45.19"
"45,19 : 45.34"
"45,20 : 33.73"
"45,21 : 47.01"
"45,22 : 38.12"
"45,23 : 66.61"
"45,24 : 56.86"
"45,25 : 55.01"
"45,26 : 33.62"
"45,27 : 47.01"
"45,28 : 47.89"
"45,29 : 47.2"
"45,30 : 67.27"
"45,31 : 41.4"
"45,32 : 55.15"
"45,33 : 27.73"
"45,34 : 21.02"
"45,35 : 38.9"
"45,36 : 21.26"
"45,37 : 13.6"
"45,38 : 40.0"
"45,39 : 52.33"
"45,40 : 19.42"
"45,41 : 56.94"
"45,42 : 55.23"
"45,43 : 38.63"
"45,44 : 52.01"
"45,45 : 0.0"
"45,46 : 38.9"
"45,47 : 53.45"
"45,48 : 13.0"
"45,49 : 69.4"
"46,0 : 27.02"
"46,1 : 7.81"
"46,2 : 62.17"
"46,3 : 71.57"
"46,4 : 17.03"
"46,5 : 63.91"
"46,6 : 70.72"
"46,7 : 11.18"
"46,8 : 33.38"
"46,9 : 65.12"
"46,10 : 68.6"
"46,11 : 50.7"
"46,12 : 85.45"
"46,13 : 34.13"
"46,14 : 35.85"
"46,15 : 71.22"
"46,16 : 70.35"
"46,17 : 72.37"
"46,18 : 47.8"
"46,19 : 84.17"
"46,20 : 34.37"
"46,21 : 48.38"
"46,22 : 32.89"
"46,23 : 105.12"
"46,24 : 24.33"
"46,25 : 86.33"
"46,26 : 71.03"
"46,27 : 57.87"
"46,28 : 51.92"
"46,29 : 66.01"
"46,30 : 75.29"
"46,31 : 53.34"
"46,32 : 78.31"
"46,33 : 16.12"
"46,34 : 28.86"
"46,35 : 55.01"
"46,36 : 17.69"
"46,37 : 46.65"
"46,38 : 78.64"
"46,39 : 13.45"
"46,40 : 46.82"
"46,41 : 59.81"
"46,42 : 16.4"
"46,43 : 76.01"
"46,44 : 60.42"
"46,45 : 38.9"
"46,46 : 0.0"
"46,47 : 25.5"
"46,48 : 45.65"
"46,49 : 84.01"
"47,0 : 50.99"
"47,1 : 33.12"
"47,2 : 45.18"
"47,3 : 61.61"
"47,4 : 10.0"
"47,5 : 66.53"
"47,6 : 86.65"
"47,7 : 15.0"
"47,8 : 35.61"
"47,9 : 57.25"
"47,10 : 85.44"
"47,11 : 75.89"
"47,12 : 100.46"
"47,13 : 57.56"
"47,14 : 43.05"
"47,15 : 80.71"
"47,16 : 66.19"
"47,17 : 94.05"
"47,18 : 36.4"
"47,19 : 95.19"
"47,20 : 29.21"
"47,21 : 35.9"
"47,22 : 58.31"
"47,23 : 114.02"
"47,24 : 7.07"
"47,25 : 86.84"
"47,26 : 79.4"
"47,27 : 82.71"
"47,28 : 40.02"
"47,29 : 89.81"
"47,30 : 61.01"
"47,31 : 77.88"
"47,32 : 73.41"
"47,33 : 40.02"
"47,34 : 34.48"
"47,35 : 50.12"
"47,36 : 35.06"
"47,37 : 55.23"
"47,38 : 89.04"
"47,39 : 25.24"
"47,40 : 67.19"
"47,41 : 45.04"
"47,42 : 23.26"
"47,43 : 92.03"
"47,44 : 49.03"
"47,45 : 53.45"
"47,46 : 25.5"
"47,47 : 0.0"
"47,48 : 63.95"
"47,49 : 72.69"
"48,0 : 24.7"
"48,1 : 43.42"
"48,2 : 75.13"
"48,3 : 69.3"
"48,4 : 54.13"
"48,5 : 42.05"
"48,6 : 25.5"
"48,7 : 54.78"
"48,8 : 36.69"
"48,9 : 61.52"
"48,10 : 23.02"
"48,11 : 36.14"
"48,12 : 40.36"
"48,13 : 19.92"
"48,14 : 28.23"
"48,15 : 34.23"
"48,16 : 58.25"
"48,17 : 32.02"
"48,18 : 58.18"
"48,19 : 42.95"
"48,20 : 46.57"
"48,21 : 60.01"
"48,22 : 34.21"
"48,23 : 64.88"
"48,24 : 66.48"
"48,25 : 61.39"
"48,26 : 36.01"
"48,27 : 36.24"
"48,28 : 60.83"
"48,29 : 34.71"
"48,30 : 79.65"
"48,31 : 30.87"
"48,32 : 65.0"
"48,33 : 31.24"
"48,34 : 33.54"
"48,35 : 51.09"
"48,36 : 29.41"
"48,37 : 24.08"
"48,38 : 38.9"
"48,39 : 58.52"
"48,40 : 7.21"
"48,41 : 69.84"
"48,42 : 61.91"
"48,43 : 30.61"
"48,44 : 64.64"
"48,45 : 13.0"
"48,46 : 45.65"
"48,47 : 63.95"
"48,48 : 0.0"
"48,49 : 80.81"
"49,0 : 91.24"
"49,1 : 90.03"
"49,2 : 30.41"
"49,3 : 12.65"
"49,4 : 72.0"
"49,5 : 41.88"
"49,6 : 84.38"
"49,7 : 81.02"
"49,8 : 53.14"
"49,9 : 20.12"
"49,10 : 86.53"
"49,11 : 114.28"
"49,12 : 89.69"
"49,13 : 92.78"
"49,14 : 56.82"
"49,15 : 63.07"
"49,16 : 23.85"
"49,17 : 108.71"
"49,18 : 37.0"
"49,19 : 74.33"
"49,20 : 49.65"
"49,21 : 37.05"
"49,22 : 103.79"
"49,23 : 80.02"
"49,24 : 79.76"
"49,25 : 40.01"
"49,26 : 59.51"
"49,27 : 116.4"
"49,28 : 33.02"
"49,29 : 115.31"
"49,30 : 14.21"
"49,31 : 110.8"
"49,32 : 20.62"
"49,33 : 86.03"
"49,34 : 58.52"
"49,35 : 31.3"
"49,36 : 74.33"
"49,37 : 56.73"
"49,38 : 69.29"
"49,39 : 93.09"
"49,40 : 87.97"
"49,41 : 28.16"
"49,42 : 93.0"
"49,43 : 87.71"
"49,44 : 24.0"
"49,45 : 69.4"
"49,46 : 84.01"
"49,47 : 72.69"
"49,48 : 80.81"
"49,49 : 0.0"
