x,y
13,11
47,18
59,85
0,32
70,18
44,36
96,0
68,57
69,42
18,38
75,93
89,87
90,32
33,75
23,28
74,57
85,77
76,94
72,88
69,44
24,20
23,42
37,95
87,31
36,9
65,100
36,23
92,50
16,12
39,22
88,0
62,37
15,17
31,13
90,27
72,98
56,80
9,21
3,80
27,3
8,30
69,92
49,76
34,68
95,61
64,87
57,2
68,4
93,72
83,1

Distanze
"0,0 : 0.0"
"0,1 : 34.71"
"0,2 : 87.13"
"0,3 : 24.7"
"0,4 : 57.43"
"0,5 : 39.82"
"0,6 : 83.73"
"0,7 : 71.7"
"0,8 : 64.01"
"0,9 : 27.46"
"0,10 : 102.8"
"0,11 : 107.48"
"0,12 : 79.81"
"0,13 : 67.05"
"0,14 : 19.72"
"0,15 : 76.4"
"0,16 : 97.67"
"0,17 : 104.2"
"0,18 : 97.01"
"0,19 : 65.0"
"0,20 : 14.21"
"0,21 : 32.57"
"0,22 : 87.36"
"0,23 : 76.66"
"0,24 : 23.09"
"0,25 : 103.08"
"0,26 : 25.94"
"0,27 : 88.1"
"0,28 : 3.16"
"0,29 : 28.23"
"0,30 : 75.8"
"0,31 : 55.47"
"0,32 : 6.32"
"0,33 : 18.11"
"0,34 : 78.64"
"0,35 : 105.12"
"0,36 : 81.3"
"0,37 : 10.77"
"0,38 : 69.72"
"0,39 : 16.12"
"0,40 : 19.65"
"0,41 : 98.47"
"0,42 : 74.3"
"0,43 : 60.75"
"0,44 : 96.04"
"0,45 : 91.53"
"0,46 : 44.91"
"0,47 : 55.44"
"0,48 : 100.6"
"0,49 : 70.71"
"1,0 : 34.71"
"1,1 : 0.0"
"1,2 : 68.07"
"1,3 : 49.04"
"1,4 : 23.0"
"1,5 : 18.25"
"1,6 : 52.2"
"1,7 : 44.29"
"1,8 : 32.56"
"1,9 : 35.23"
"1,10 : 80.06"
"1,11 : 80.78"
"1,12 : 45.22"
"1,13 : 58.69"
"1,14 : 26.0"
"1,15 : 47.43"
"1,16 : 70.18"
"1,17 : 81.34"
"1,18 : 74.33"
"1,19 : 34.06"
"1,20 : 23.09"
"1,21 : 33.94"
"1,22 : 77.65"
"1,23 : 42.06"
"1,24 : 14.21"
"1,25 : 83.95"
"1,26 : 12.08"
"1,27 : 55.22"
"1,28 : 31.58"
"1,29 : 8.94"
"1,30 : 44.78"
"1,31 : 24.21"
"1,32 : 32.02"
"1,33 : 16.76"
"1,34 : 43.93"
"1,35 : 83.82"
"1,36 : 62.65"
"1,37 : 38.12"
"1,38 : 76.03"
"1,39 : 25.0"
"1,40 : 40.8"
"1,41 : 77.2"
"1,42 : 58.03"
"1,43 : 51.66"
"1,44 : 64.44"
"1,45 : 71.06"
"1,46 : 18.87"
"1,47 : 25.24"
"1,48 : 70.94"
"1,49 : 39.81"
"2,0 : 87.13"
"2,1 : 68.07"
"2,2 : 0.0"
"2,3 : 79.31"
"2,4 : 67.9"
"2,5 : 51.24"
"2,6 : 92.7"
"2,7 : 29.41"
"2,8 : 44.15"
"2,9 : 62.37"
"2,10 : 17.89"
"2,11 : 30.07"
"2,12 : 61.4"
"2,13 : 27.86"
"2,14 : 67.42"
"2,15 : 31.76"
"2,16 : 27.2"
"2,17 : 19.24"
"2,18 : 13.34"
"2,19 : 42.2"
"2,20 : 73.82"
"2,21 : 56.08"
"2,22 : 24.17"
"2,23 : 60.83"
"2,24 : 79.4"
"2,25 : 16.16"
"2,26 : 66.13"
"2,27 : 48.1"
"2,28 : 84.72"
"2,29 : 66.1"
"2,30 : 89.81"
"2,31 : 48.09"
"2,32 : 80.99"
"2,33 : 77.25"
"2,34 : 65.76"
"2,35 : 18.38"
"2,36 : 5.83"
"2,37 : 81.22"
"2,38 : 56.22"
"2,39 : 88.02"
"2,40 : 75.01"
"2,41 : 12.21"
"2,42 : 13.45"
"2,43 : 30.23"
"2,44 : 43.27"
"2,45 : 5.39"
"2,46 : 83.02"
"2,47 : 81.5"
"2,48 : 36.4"
"2,49 : 87.36"
"3,0 : 24.7"
"3,1 : 49.04"
"3,2 : 79.31"
"3,3 : 0.0"
"3,4 : 71.39"
"3,5 : 44.18"
"3,6 : 101.19"
"3,7 : 72.45"
"3,8 : 69.72"
"3,9 : 18.97"
"3,10 : 96.67"
"3,11 : 104.62"
"3,12 : 90.0"
"3,13 : 54.2"
"3,14 : 23.35"
"3,15 : 78.11"
"3,16 : 96.18"
"3,17 : 98.08"
"3,18 : 91.21"
"3,19 : 70.04"
"3,20 : 26.83"
"3,21 : 25.08"
"3,22 : 73.06"
"3,23 : 87.01"
"3,24 : 42.72"
"3,25 : 94.07"
"3,26 : 37.11"
"3,27 : 93.74"
"3,28 : 25.61"
"3,29 : 40.26"
"3,30 : 93.64"
"3,31 : 62.2"
"3,32 : 21.21"
"3,33 : 36.36"
"3,34 : 90.14"
"3,35 : 97.67"
"3,36 : 73.76"
"3,37 : 14.21"
"3,38 : 48.09"
"3,39 : 39.62"
"3,40 : 8.25"
"3,41 : 91.44"
"3,42 : 65.86"
"3,43 : 49.52"
"3,44 : 99.33"
"3,45 : 84.39"
"3,46 : 64.41"
"3,47 : 73.54"
"3,48 : 101.24"
"3,49 : 88.6"
"4,0 : 57.43"
"4,1 : 23.0"
"4,2 : 67.9"
"4,3 : 71.39"
"4,4 : 0.0"
"4,5 : 31.62"
"4,6 : 31.62"
"4,7 : 39.05"
"4,8 : 24.02"
"4,9 : 55.71"
"4,10 : 75.17"
"4,11 : 71.57"
"4,12 : 24.41"
"4,13 : 67.96"
"4,14 : 48.05"
"4,15 : 39.2"
"4,16 : 60.88"
"4,17 : 76.24"
"4,18 : 70.03"
"4,19 : 26.02"
"4,20 : 46.04"
"4,21 : 52.77"
"4,22 : 83.77"
"4,23 : 21.4"
"4,24 : 35.17"
"4,25 : 82.15"
"4,26 : 34.37"
"4,27 : 38.83"
"4,28 : 54.33"
"4,29 : 31.26"
"4,30 : 25.46"
"4,31 : 20.62"
"4,32 : 55.01"
"4,33 : 39.32"
"4,34 : 21.93"
"4,35 : 80.02"
"4,36 : 63.56"
"4,37 : 61.07"
"4,38 : 91.29"
"4,39 : 45.54"
"4,40 : 63.15"
"4,41 : 74.01"
"4,42 : 61.68"
"4,43 : 61.61"
"4,44 : 49.74"
"4,45 : 69.26"
"4,46 : 20.62"
"4,47 : 14.14"
"4,48 : 58.69"
"4,49 : 21.4"
"5,0 : 39.82"
"5,1 : 18.25"
"5,2 : 51.24"
"5,3 : 44.18"
"5,4 : 31.62"
"5,5 : 0.0"
"5,6 : 63.25"
"5,7 : 31.89"
"5,8 : 25.71"
"5,9 : 26.08"
"5,10 : 64.88"
"5,11 : 68.01"
"5,12 : 46.17"
"5,13 : 40.52"
"5,14 : 22.47"
"5,15 : 36.62"
"5,16 : 57.98"
"5,17 : 66.24"
"5,18 : 59.06"
"5,19 : 26.25"
"5,20 : 25.61"
"5,21 : 21.84"
"5,22 : 59.41"
"5,23 : 43.29"
"5,24 : 28.16"
"5,25 : 67.36"
"5,26 : 15.26"
"5,27 : 50.0"
"5,28 : 36.88"
"5,29 : 14.87"
"5,30 : 56.85"
"5,31 : 18.03"
"5,32 : 34.67"
"5,33 : 26.42"
"5,34 : 46.87"
"5,35 : 68.03"
"5,36 : 45.61"
"5,37 : 38.08"
"5,38 : 60.14"
"5,39 : 37.12"
"5,40 : 36.5"
"5,41 : 61.33"
"5,42 : 40.31"
"5,43 : 33.53"
"5,44 : 56.8"
"5,45 : 54.78"
"5,46 : 36.4"
"5,47 : 40.0"
"5,48 : 60.8"
"5,49 : 52.4"
"6,0 : 83.73"
"6,1 : 52.2"
"6,2 : 92.7"
"6,3 : 101.19"
"6,4 : 31.62"
"6,5 : 63.25"
"6,6 : 0.0"
"6,7 : 63.51"
"6,8 : 49.93"
"6,9 : 86.76"
"6,10 : 95.34"
"6,11 : 87.28"
"6,12 : 32.56"
"6,13 : 97.95"
"6,14 : 78.19"
"6,15 : 61.1"
"6,16 : 77.78"
"6,17 : 96.1"
"6,18 : 91.21"
"6,19 : 51.62"
"6,20 : 74.73"
"6,21 : 84.22"
"6,22 : 111.83"
"6,23 : 32.28"
"6,24 : 60.67"
"6,25 : 104.69"
"6,26 : 64.26"
"6,27 : 50.16"
"6,28 : 80.89"
"6,29 : 61.1"
"6,30 : 8.0"
"6,31 : 50.25"
"6,32 : 82.76"
"6,33 : 66.29"
"6,34 : 27.66"
"6,35 : 100.9"
"6,36 : 89.44"
"6,37 : 89.5"
"6,38 : 122.67"
"6,39 : 69.07"
"6,40 : 92.97"
"6,41 : 95.88"
"6,42 : 89.36"
"6,43 : 92.02"
"6,44 : 61.01"
"6,45 : 92.7"
"6,46 : 39.05"
"6,47 : 28.28"
"6,48 : 72.06"
"6,49 : 13.04"
"7,0 : 71.7"
"7,1 : 44.29"
"7,2 : 29.41"
"7,3 : 72.45"
"7,4 : 39.05"
"7,5 : 31.89"
"7,6 : 63.51"
"7,7 : 0.0"
"7,8 : 15.03"
"7,9 : 53.49"
"7,10 : 36.67"
"7,11 : 36.62"
"7,12 : 33.3"
"7,13 : 39.36"
"7,14 : 53.54"
"7,15 : 6.0"
"7,16 : 26.25"
"7,17 : 37.85"
"7,18 : 31.26"
"7,19 : 13.04"
"7,20 : 57.49"
"7,21 : 47.43"
"7,22 : 49.04"
"7,23 : 32.2"
"7,24 : 57.69"
"7,25 : 43.1"
"7,26 : 46.69"
"7,27 : 25.0"
"7,28 : 68.77"
"7,29 : 45.45"
"7,30 : 60.41"
"7,31 : 20.88"
"7,32 : 66.4"
"7,33 : 57.49"
"7,34 : 37.2"
"7,35 : 41.19"
"7,36 : 25.94"
"7,37 : 69.12"
"7,38 : 68.95"
"7,39 : 67.8"
"7,40 : 65.8"
"7,41 : 35.01"
"7,42 : 26.87"
"7,43 : 35.74"
"7,44 : 27.29"
"7,45 : 30.27"
"7,46 : 56.09"
"7,47 : 53.0"
"7,48 : 29.15"
"7,49 : 57.97"
"8,0 : 64.01"
"8,1 : 32.56"
"8,2 : 44.15"
"8,3 : 69.72"
"8,4 : 24.02"
"8,5 : 25.71"
"8,6 : 49.93"
"8,7 : 15.03"
"8,8 : 0.0"
"8,9 : 51.16"
"8,10 : 51.35"
"8,11 : 49.24"
"8,12 : 23.26"
"8,13 : 48.84"
"8,14 : 48.08"
"8,15 : 15.81"
"8,16 : 38.48"
"8,17 : 52.47"
"8,18 : 46.1"
"8,19 : 2.0"
"8,20 : 50.09"
"8,21 : 46.0"
"8,22 : 61.91"
"8,23 : 21.1"
"8,24 : 46.67"
"8,25 : 58.14"
"8,26 : 38.08"
"8,27 : 24.35"
"8,28 : 60.9"
"8,29 : 36.06"
"8,30 : 46.1"
"8,31 : 8.6"
"8,32 : 59.51"
"8,33 : 47.8"
"8,34 : 25.81"
"8,35 : 56.08"
"8,36 : 40.16"
"8,37 : 63.57"
"8,38 : 76.16"
"8,39 : 57.31"
"8,40 : 62.17"
"8,41 : 50.0"
"8,42 : 39.45"
"8,43 : 43.6"
"8,44 : 32.2"
"8,45 : 45.28"
"8,46 : 41.76"
"8,47 : 38.01"
"8,48 : 38.42"
"8,49 : 43.32"
"9,0 : 27.46"
"9,1 : 35.23"
"9,2 : 62.37"
"9,3 : 18.97"
"9,4 : 55.71"
"9,5 : 26.08"
"9,6 : 86.76"
"9,7 : 53.49"
"9,8 : 51.16"
"9,9 : 0.0"
"9,10 : 79.21"
"9,11 : 86.27"
"9,12 : 72.25"
"9,13 : 39.92"
"9,14 : 11.18"
"9,15 : 59.14"
"9,16 : 77.52"
"9,17 : 80.62"
"9,18 : 73.59"
"9,19 : 51.35"
"9,20 : 18.97"
"9,21 : 6.4"
"9,22 : 60.08"
"9,23 : 69.35"
"9,24 : 34.13"
"9,25 : 77.8"
"9,26 : 23.43"
"9,27 : 74.97"
"9,28 : 26.08"
"9,29 : 26.4"
"9,30 : 79.65"
"9,31 : 44.01"
"9,32 : 21.21"
"9,33 : 28.18"
"9,34 : 72.84"
"9,35 : 80.72"
"9,36 : 56.64"
"9,37 : 19.24"
"9,38 : 44.6"
"9,39 : 36.14"
"9,40 : 12.81"
"9,41 : 74.28"
"9,42 : 49.04"
"9,43 : 34.0"
"9,44 : 80.36"
"9,45 : 67.21"
"9,46 : 53.08"
"9,47 : 60.46"
"9,48 : 82.35"
"9,49 : 74.79"
"10,0 : 102.8"
"10,1 : 80.06"
"10,2 : 17.89"
"10,3 : 96.67"
"10,4 : 75.17"
"10,5 : 64.88"
"10,6 : 95.34"
"10,7 : 36.67"
"10,8 : 51.35"
"10,9 : 79.21"
"10,10 : 0.0"
"10,11 : 15.23"
"10,12 : 62.82"
"10,13 : 45.69"
"10,14 : 83.24"
"10,15 : 36.01"
"10,16 : 18.87"
"10,17 : 1.41"
"10,18 : 5.83"
"10,19 : 49.37"
"10,20 : 89.05"
"10,21 : 72.84"
"10,22 : 38.05"
"10,23 : 63.15"
"10,24 : 92.61"
"10,25 : 12.21"
"10,26 : 80.13"
"10,27 : 46.24"
"10,28 : 100.21"
"10,29 : 79.61"
"10,30 : 93.9"
"10,31 : 57.49"
"10,32 : 96.83"
"10,33 : 91.3"
"10,34 : 67.68"
"10,35 : 5.83"
"10,36 : 23.02"
"10,37 : 97.67"
"10,38 : 73.16"
"10,39 : 102.0"
"10,40 : 91.97"
"10,41 : 6.08"
"10,42 : 31.06"
"10,43 : 48.02"
"10,44 : 37.74"
"10,45 : 12.53"
"10,46 : 92.76"
"10,47 : 89.27"
"10,48 : 27.66"
"10,49 : 92.35"
"11,0 : 107.48"
"11,1 : 80.78"
"11,2 : 30.07"
"11,3 : 104.62"
"11,4 : 71.57"
"11,5 : 68.01"
"11,6 : 87.28"
"11,7 : 36.62"
"11,8 : 49.24"
"11,9 : 86.27"
"11,10 : 15.23"
"11,11 : 0.0"
"11,12 : 55.01"
"11,13 : 57.27"
"11,14 : 88.53"
"11,15 : 33.54"
"11,16 : 10.77"
"11,17 : 14.76"
"11,18 : 17.03"
"11,19 : 47.42"
"11,20 : 93.35"
"11,21 : 79.88"
"11,22 : 52.61"
"11,23 : 56.04"
"11,24 : 94.3"
"11,25 : 27.29"
"11,26 : 83.1"
"11,27 : 37.12"
"11,28 : 104.66"
"11,29 : 82.01"
"11,30 : 87.01"
"11,31 : 56.82"
"11,32 : 101.86"
"11,33 : 94.02"
"11,34 : 60.01"
"11,35 : 20.25"
"11,36 : 33.73"
"11,37 : 103.71"
"11,38 : 86.28"
"11,39 : 104.4"
"11,40 : 99.05"
"11,41 : 20.62"
"11,42 : 41.48"
"11,43 : 58.19"
"11,44 : 26.68"
"11,45 : 25.0"
"11,46 : 90.82"
"11,47 : 85.62"
"11,48 : 15.52"
"11,49 : 86.21"
"12,0 : 79.81"
"12,1 : 45.22"
"12,2 : 61.4"
"12,3 : 90.0"
"12,4 : 24.41"
"12,5 : 46.17"
"12,6 : 32.56"
"12,7 : 33.3"
"12,8 : 23.26"
"12,9 : 72.25"
"12,10 : 62.82"
"12,11 : 55.01"
"12,12 : 0.0"
"12,13 : 71.4"
"12,14 : 67.12"
"12,15 : 29.68"
"12,16 : 45.28"
"12,17 : 63.56"
"12,18 : 58.82"
"12,19 : 24.19"
"12,20 : 67.08"
"12,21 : 67.74"
"12,22 : 82.33"
"12,23 : 3.16"
"12,24 : 58.69"
"12,25 : 72.45"
"12,26 : 54.74"
"12,27 : 18.11"
"12,28 : 76.66"
"12,29 : 51.97"
"12,30 : 32.06"
"12,31 : 28.44"
"12,32 : 76.49"
"12,33 : 61.98"
"12,34 : 5.0"
"12,35 : 68.41"
"12,36 : 58.82"
"12,37 : 81.74"
"12,38 : 99.36"
"12,39 : 69.35"
"12,40 : 82.02"
"12,41 : 63.57"
"12,42 : 60.14"
"12,43 : 66.57"
"12,44 : 29.43"
"12,45 : 60.84"
"12,46 : 44.6"
"12,47 : 35.61"
"12,48 : 40.11"
"12,49 : 31.78"
"13,0 : 67.05"
"13,1 : 58.69"
"13,2 : 27.86"
"13,3 : 54.2"
"13,4 : 67.96"
"13,5 : 40.52"
"13,6 : 97.95"
"13,7 : 39.36"
"13,8 : 48.84"
"13,9 : 39.92"
"13,10 : 45.69"
"13,11 : 57.27"
"13,12 : 71.4"
"13,13 : 0.0"
"13,14 : 48.05"
"13,15 : 44.78"
"13,16 : 52.04"
"13,17 : 47.01"
"13,18 : 41.11"
"13,19 : 47.51"
"13,20 : 55.73"
"13,21 : 34.48"
"13,22 : 20.4"
"13,23 : 69.66"
"13,24 : 66.07"
"13,25 : 40.61"
"13,26 : 52.09"
"13,27 : 64.08"
"13,28 : 65.25"
"13,29 : 53.34"
"13,30 : 93.01"
"13,31 : 47.8"
"13,32 : 60.73"
"13,33 : 62.03"
"13,34 : 74.52"
"13,35 : 45.28"
"13,36 : 23.54"
"13,37 : 59.09"
"13,38 : 30.41"
"13,39 : 72.25"
"13,40 : 51.48"
"13,41 : 39.81"
"13,42 : 16.03"
"13,43 : 7.07"
"13,44 : 63.56"
"13,45 : 33.24"
"13,46 : 76.84"
"13,47 : 79.16"
"13,48 : 60.07"
"13,49 : 89.31"
"14,0 : 19.72"
"14,1 : 26.0"
"14,2 : 67.42"
"14,3 : 23.35"
"14,4 : 48.05"
"14,5 : 22.47"
"14,6 : 78.19"
"14,7 : 53.54"
"14,8 : 48.08"
"14,9 : 11.18"
"14,10 : 83.24"
"14,11 : 88.53"
"14,12 : 67.12"
"14,13 : 48.05"
"14,14 : 0.0"
"14,15 : 58.67"
"14,16 : 79.03"
"14,17 : 84.65"
"14,18 : 77.47"
"14,19 : 48.7"
"14,20 : 8.06"
"14,21 : 14.0"
"14,22 : 68.45"
"14,23 : 64.07"
"14,24 : 23.02"
"14,25 : 83.35"
"14,26 : 13.93"
"14,27 : 72.42"
"14,28 : 17.46"
"14,29 : 17.09"
"14,30 : 70.77"
"14,31 : 40.02"
"14,32 : 13.6"
"14,33 : 17.0"
"14,34 : 67.01"
"14,35 : 85.45"
"14,36 : 61.59"
"14,37 : 15.65"
"14,38 : 55.71"
"14,39 : 25.32"
"14,40 : 15.13"
"14,41 : 78.82"
"14,42 : 54.59"
"14,43 : 41.48"
"14,44 : 79.2"
"14,45 : 71.85"
"14,46 : 42.8"
"14,47 : 51.0"
"14,48 : 82.68"
"14,49 : 65.8"
"15,0 : 76.4"
"15,1 : 47.43"
"15,2 : 31.76"
"15,3 : 78.11"
"15,4 : 39.2"
"15,5 : 36.62"
"15,6 : 61.1"
"15,7 : 6.0"
"15,8 : 15.81"
"15,9 : 59.14"
"15,10 : 36.01"
"15,11 : 33.54"
"15,12 : 29.68"
"15,13 : 44.78"
"15,14 : 58.67"
"15,15 : 0.0"
"15,16 : 22.83"
"15,17 : 37.05"
"15,18 : 31.06"
"15,19 : 13.93"
"15,20 : 62.2"
"15,21 : 53.16"
"15,22 : 53.04"
"15,23 : 29.07"
"15,24 : 61.22"
"15,25 : 43.93"
"15,26 : 50.99"
"15,27 : 19.31"
"15,28 : 73.41"
"15,29 : 49.5"
"15,30 : 58.69"
"15,31 : 23.32"
"15,32 : 71.28"
"15,33 : 61.52"
"15,34 : 34.0"
"15,35 : 41.05"
"15,36 : 29.21"
"15,37 : 74.3"
"15,38 : 74.63"
"15,39 : 71.59"
"15,40 : 71.31"
"15,41 : 35.36"
"15,42 : 31.4"
"15,43 : 41.48"
"15,44 : 21.38"
"15,45 : 31.62"
"15,46 : 57.57"
"15,47 : 53.34"
"15,48 : 24.21"
"15,49 : 56.72"
"16,0 : 97.67"
"16,1 : 70.18"
"16,2 : 27.2"
"16,3 : 96.18"
"16,4 : 60.88"
"16,5 : 57.98"
"16,6 : 77.78"
"16,7 : 26.25"
"16,8 : 38.48"
"16,9 : 77.52"
"16,10 : 18.87"
"16,11 : 10.77"
"16,12 : 45.28"
"16,13 : 52.04"
"16,14 : 79.03"
"16,15 : 22.83"
"16,16 : 0.0"
"16,17 : 19.24"
"16,18 : 17.03"
"16,19 : 36.67"
"16,20 : 83.49"
"16,21 : 71.2"
"16,22 : 51.26"
"16,23 : 46.04"
"16,24 : 83.82"
"16,25 : 30.48"
"16,26 : 72.92"
"16,27 : 27.89"
"16,28 : 94.79"
"16,29 : 71.7"
"16,30 : 77.06"
"16,31 : 46.14"
"16,32 : 92.2"
"16,33 : 83.74"
"16,34 : 50.25"
"16,35 : 24.7"
"16,36 : 29.15"
"16,37 : 94.4"
"16,38 : 82.05"
"16,39 : 94.02"
"16,40 : 90.21"
"16,41 : 21.93"
"16,42 : 36.01"
"16,43 : 51.79"
"16,44 : 18.87"
"16,45 : 23.26"
"16,46 : 80.06"
"16,47 : 74.95"
"16,48 : 9.43"
"16,49 : 76.03"
"17,0 : 104.2"
"17,1 : 81.34"
"17,2 : 19.24"
"17,3 : 98.08"
"17,4 : 76.24"
"17,5 : 66.24"
"17,6 : 96.1"
"17,7 : 37.85"
"17,8 : 52.47"
"17,9 : 80.62"
"17,10 : 1.41"
"17,11 : 14.76"
"17,12 : 63.56"
"17,13 : 47.01"
"17,14 : 84.65"
"17,15 : 37.05"
"17,16 : 19.24"
"17,17 : 0.0"
"17,18 : 7.21"
"17,19 : 50.49"
"17,20 : 90.44"
"17,21 : 74.25"
"17,22 : 39.01"
"17,23 : 63.95"
"17,24 : 93.94"
"17,25 : 12.53"
"17,26 : 81.49"
"17,27 : 46.82"
"17,28 : 101.61"
"17,29 : 80.95"
"17,30 : 94.76"
"17,31 : 58.69"
"17,32 : 98.23"
"17,33 : 92.66"
"17,34 : 68.45"
"17,35 : 5.66"
"17,36 : 24.41"
"17,37 : 99.09"
"17,38 : 74.33"
"17,39 : 103.35"
"17,40 : 93.38"
"17,41 : 7.28"
"17,42 : 32.45"
"17,43 : 49.4"
"17,44 : 38.08"
"17,45 : 13.89"
"17,46 : 93.94"
"17,47 : 90.35"
"17,48 : 27.8"
"17,49 : 93.26"
"18,0 : 97.01"
"18,1 : 74.33"
"18,2 : 13.34"
"18,3 : 91.21"
"18,4 : 70.03"
"18,5 : 59.06"
"18,6 : 91.21"
"18,7 : 31.26"
"18,8 : 46.1"
"18,9 : 73.59"
"18,10 : 5.83"
"18,11 : 17.03"
"18,12 : 58.82"
"18,13 : 41.11"
"18,14 : 77.47"
"18,15 : 31.06"
"18,16 : 17.03"
"18,17 : 7.21"
"18,18 : 0.0"
"18,19 : 44.1"
"18,20 : 83.23"
"18,21 : 67.21"
"18,22 : 35.69"
"18,23 : 58.94"
"18,24 : 86.82"
"18,25 : 13.89"
"18,26 : 74.3"
"18,27 : 42.94"
"18,28 : 94.4"
"18,29 : 73.79"
"18,30 : 89.44"
"18,31 : 51.97"
"18,32 : 91.05"
"18,33 : 85.48"
"18,34 : 63.6"
"18,35 : 10.0"
"18,36 : 17.89"
"18,37 : 91.97"
"18,38 : 69.46"
"18,39 : 96.18"
"18,40 : 86.37"
"18,41 : 5.0"
"18,42 : 25.94"
"18,43 : 42.94"
"18,44 : 35.47"
"18,45 : 8.06"
"18,46 : 87.3"
"18,47 : 84.1"
"18,48 : 26.4"
"18,49 : 87.69"
"19,0 : 65.0"
"19,1 : 34.06"
"19,2 : 42.2"
"19,3 : 70.04"
"19,4 : 26.02"
"19,5 : 26.25"
"19,6 : 51.62"
"19,7 : 13.04"
"19,8 : 2.0"
"19,9 : 51.35"
"19,10 : 49.37"
"19,11 : 47.42"
"19,12 : 24.19"
"19,13 : 47.51"
"19,14 : 48.7"
"19,15 : 13.93"
"19,16 : 36.67"
"19,17 : 50.49"
"19,18 : 44.1"
"19,19 : 0.0"
"19,20 : 51.0"
"19,21 : 46.04"
"19,22 : 60.21"
"19,23 : 22.2"
"19,24 : 48.1"
"19,25 : 56.14"
"19,26 : 39.12"
"19,27 : 23.77"
"19,28 : 61.91"
"19,29 : 37.2"
"19,30 : 47.93"
"19,31 : 9.9"
"19,32 : 60.37"
"19,33 : 49.04"
"19,34 : 27.02"
"19,35 : 54.08"
"19,36 : 38.28"
"19,37 : 64.26"
"19,38 : 75.18"
"19,39 : 58.69"
"19,40 : 62.59"
"19,41 : 48.0"
"19,42 : 37.74"
"19,43 : 42.44"
"19,44 : 31.06"
"19,45 : 43.29"
"19,46 : 43.68"
"19,47 : 40.01"
"19,48 : 36.88"
"19,49 : 45.22"
"20,0 : 14.21"
"20,1 : 23.09"
"20,2 : 73.82"
"20,3 : 26.83"
"20,4 : 46.04"
"20,5 : 25.61"
"20,6 : 74.73"
"20,7 : 57.49"
"20,8 : 50.09"
"20,9 : 18.97"
"20,10 : 89.05"
"20,11 : 93.35"
"20,12 : 67.08"
"20,13 : 55.73"
"20,14 : 8.06"
"20,15 : 62.2"
"20,16 : 83.49"
"20,17 : 90.44"
"20,18 : 83.23"
"20,19 : 51.0"
"20,20 : 0.0"
"20,21 : 22.02"
"20,22 : 76.12"
"20,23 : 63.95"
"20,24 : 16.28"
"20,25 : 89.89"
"20,26 : 12.37"
"20,27 : 74.32"
"20,28 : 11.31"
"20,29 : 15.13"
"20,30 : 67.05"
"20,31 : 41.63"
"20,32 : 9.49"
"20,33 : 9.9"
"20,34 : 66.37"
"20,35 : 91.59"
"20,36 : 68.0"
"20,37 : 15.03"
"20,38 : 63.57"
"20,39 : 17.26"
"20,40 : 18.87"
"20,41 : 84.91"
"20,42 : 61.33"
"20,43 : 49.03"
"20,44 : 81.99"
"20,45 : 78.03"
"20,46 : 37.59"
"20,47 : 46.82"
"20,48 : 86.4"
"20,49 : 61.98"
"21,0 : 32.57"
"21,1 : 33.94"
"21,2 : 56.08"
"21,3 : 25.08"
"21,4 : 52.77"
"21,5 : 21.84"
"21,6 : 84.22"
"21,7 : 47.43"
"21,8 : 46.0"
"21,9 : 6.4"
"21,10 : 72.84"
"21,11 : 79.88"
"21,12 : 67.74"
"21,13 : 34.48"
"21,14 : 14.0"
"21,15 : 53.16"
"21,16 : 71.2"
"21,17 : 74.25"
"21,18 : 67.21"
"21,19 : 46.04"
"21,20 : 22.02"
"21,21 : 0.0"
"21,22 : 54.82"
"21,23 : 64.94"
"21,24 : 35.47"
"21,25 : 71.61"
"21,26 : 23.02"
"21,27 : 69.46"
"21,28 : 30.81"
"21,29 : 25.61"
"21,30 : 77.39"
"21,31 : 39.32"
"21,32 : 26.25"
"21,33 : 30.08"
"21,34 : 68.66"
"21,35 : 74.41"
"21,36 : 50.33"
"21,37 : 25.24"
"21,38 : 42.94"
"21,39 : 39.2"
"21,40 : 19.21"
"21,41 : 67.94"
"21,42 : 42.8"
"21,43 : 28.23"
"21,44 : 74.46"
"21,45 : 60.88"
"21,46 : 52.5"
"21,47 : 58.9"
"21,48 : 76.16"
"21,49 : 72.67"
"22,0 : 87.36"
"22,1 : 77.65"
"22,2 : 24.17"
"22,3 : 73.06"
"22,4 : 83.77"
"22,5 : 59.41"
"22,6 : 111.83"
"22,7 : 49.04"
"22,8 : 61.91"
"22,9 : 60.08"
"22,10 : 38.05"
"22,11 : 52.61"
"22,12 : 82.33"
"22,13 : 20.4"
"22,14 : 68.45"
"22,15 : 53.04"
"22,16 : 51.26"
"22,17 : 39.01"
"22,18 : 35.69"
"22,19 : 60.21"
"22,20 : 76.12"
"22,21 : 54.82"
"22,22 : 0.0"
"22,23 : 81.22"
"22,24 : 86.01"
"22,25 : 28.44"
"22,26 : 72.01"
"22,27 : 71.06"
"22,28 : 85.62"
"22,29 : 73.03"
"22,30 : 107.82"
"22,31 : 63.16"
"22,32 : 81.04"
"22,33 : 82.22"
"22,34 : 86.21"
"22,35 : 35.13"
"22,36 : 24.21"
"22,37 : 79.12"
"22,38 : 37.16"
"22,39 : 92.54"
"22,40 : 71.18"
"22,41 : 32.14"
"22,42 : 22.47"
"22,43 : 27.17"
"22,44 : 67.23"
"22,45 : 28.16"
"22,46 : 95.13"
"22,47 : 96.14"
"22,48 : 60.54"
"22,49 : 104.65"
"23,0 : 76.66"
"23,1 : 42.06"
"23,2 : 60.83"
"23,3 : 87.01"
"23,4 : 21.4"
"23,5 : 43.29"
"23,6 : 32.28"
"23,7 : 32.2"
"23,8 : 21.1"
"23,9 : 69.35"
"23,10 : 63.15"
"23,11 : 56.04"
"23,12 : 3.16"
"23,13 : 69.66"
"23,14 : 64.07"
"23,15 : 29.07"
"23,16 : 46.04"
"23,17 : 63.95"
"23,18 : 58.94"
"23,19 : 22.2"
"23,20 : 63.95"
"23,21 : 64.94"
"23,22 : 81.22"
"23,23 : 0.0"
"23,24 : 55.54"
"23,25 : 72.42"
"23,26 : 51.62"
"23,27 : 19.65"
"23,28 : 73.5"
"23,29 : 48.84"
"23,30 : 31.02"
"23,31 : 25.71"
"23,32 : 73.35"
"23,33 : 58.82"
"23,34 : 5.0"
"23,35 : 68.66"
"23,36 : 57.98"
"23,37 : 78.64"
"23,38 : 97.25"
"23,39 : 66.21"
"23,40 : 79.01"
"23,41 : 63.6"
"23,42 : 58.9"
"23,43 : 64.64"
"23,44 : 31.05"
"23,45 : 60.54"
"23,46 : 41.73"
"23,47 : 33.02"
"23,48 : 41.44"
"23,49 : 30.27"
"24,0 : 23.09"
"24,1 : 14.21"
"24,2 : 79.4"
"24,3 : 42.72"
"24,4 : 35.17"
"24,5 : 28.16"
"24,6 : 60.67"
"24,7 : 57.69"
"24,8 : 46.67"
"24,9 : 34.13"
"24,10 : 92.61"
"24,11 : 94.3"
"24,12 : 58.69"
"24,13 : 66.07"
"24,14 : 23.02"
"24,15 : 61.22"
"24,16 : 83.82"
"24,17 : 93.94"
"24,18 : 86.82"
"24,19 : 48.1"
"24,20 : 16.28"
"24,21 : 35.47"
"24,22 : 86.01"
"24,23 : 55.54"
"24,24 : 0.0"
"24,25 : 95.51"
"24,26 : 14.0"
"24,27 : 69.4"
"24,28 : 20.22"
"24,29 : 13.34"
"24,30 : 52.77"
"24,31 : 38.21"
"24,32 : 22.47"
"24,33 : 6.4"
"24,34 : 56.92"
"24,35 : 96.01"
"24,36 : 73.76"
"24,37 : 29.55"
"24,38 : 78.29"
"24,39 : 10.82"
"24,40 : 35.0"
"24,41 : 89.32"
"24,42 : 68.25"
"24,43 : 59.03"
"24,44 : 78.64"
"24,45 : 82.87"
"24,46 : 22.14"
"24,47 : 32.39"
"24,48 : 84.96"
"24,49 : 47.68"
"25,0 : 103.08"
"25,1 : 83.95"
"25,2 : 16.16"
"25,3 : 94.07"
"25,4 : 82.15"
"25,5 : 67.36"
"25,6 : 104.69"
"25,7 : 43.1"
"25,8 : 58.14"
"25,9 : 77.8"
"25,10 : 12.21"
"25,11 : 27.29"
"25,12 : 72.45"
"25,13 : 40.61"
"25,14 : 83.35"
"25,15 : 43.93"
"25,16 : 30.48"
"25,17 : 12.53"
"25,18 : 13.89"
"25,19 : 56.14"
"25,20 : 89.89"
"25,21 : 71.61"
"25,22 : 28.44"
"25,23 : 72.42"
"25,24 : 95.51"
"25,25 : 0.0"
"25,26 : 82.28"
"25,27 : 56.82"
"25,28 : 100.72"
"25,29 : 82.22"
"25,30 : 102.61"
"25,31 : 63.07"
"25,32 : 96.9"
"25,33 : 93.41"
"25,34 : 77.16"
"25,35 : 7.28"
"25,36 : 21.93"
"25,37 : 96.83"
"25,38 : 65.15"
"25,39 : 104.18"
"25,40 : 90.27"
"25,41 : 8.94"
"25,42 : 28.84"
"25,43 : 44.55"
"25,44 : 49.2"
"25,45 : 13.04"
"25,46 : 98.33"
"25,47 : 96.05"
"25,48 : 39.6"
"25,49 : 100.62"
"26,0 : 25.94"
"26,1 : 12.08"
"26,2 : 66.13"
"26,3 : 37.11"
"26,4 : 34.37"
"26,5 : 15.26"
"26,6 : 64.26"
"26,7 : 46.69"
"26,8 : 38.08"
"26,9 : 23.43"
"26,10 : 80.13"
"26,11 : 83.1"
"26,12 : 54.74"
"26,13 : 52.09"
"26,14 : 13.93"
"26,15 : 50.99"
"26,16 : 72.92"
"26,17 : 81.49"
"26,18 : 74.3"
"26,19 : 39.12"
"26,20 : 12.37"
"26,21 : 23.02"
"26,22 : 72.01"
"26,23 : 51.62"
"26,24 : 14.0"
"26,25 : 82.28"
"26,26 : 0.0"
"26,27 : 62.17"
"26,28 : 22.83"
"26,29 : 3.16"
"26,30 : 56.86"
"26,31 : 29.53"
"26,32 : 21.84"
"26,33 : 11.18"
"26,34 : 54.15"
"26,35 : 83.19"
"26,36 : 60.41"
"26,37 : 27.07"
"26,38 : 65.86"
"26,39 : 21.93"
"26,40 : 28.86"
"26,41 : 76.49"
"26,42 : 54.57"
"26,43 : 45.04"
"26,44 : 70.18"
"26,45 : 69.86"
"26,46 : 29.7"
"26,47 : 37.22"
"26,48 : 75.17"
"26,49 : 51.89"
"27,0 : 88.1"
"27,1 : 55.22"
"27,2 : 48.1"
"27,3 : 93.74"
"27,4 : 38.83"
"27,5 : 50.0"
"27,6 : 50.16"
"27,7 : 25.0"
"27,8 : 24.35"
"27,9 : 74.97"
"27,10 : 46.24"
"27,11 : 37.12"
"27,12 : 18.11"
"27,13 : 64.08"
"27,14 : 72.42"
"27,15 : 19.31"
"27,16 : 27.89"
"27,17 : 46.82"
"27,18 : 42.94"
"27,19 : 23.77"
"27,20 : 74.32"
"27,21 : 69.46"
"27,22 : 71.06"
"27,23 : 19.65"
"27,24 : 69.4"
"27,25 : 56.82"
"27,26 : 62.17"
"27,27 : 0.0"
"27,28 : 84.97"
"27,29 : 59.94"
"27,30 : 50.16"
"27,31 : 32.7"
"27,32 : 83.77"
"27,33 : 71.34"
"27,34 : 23.09"
"27,35 : 52.0"
"27,36 : 46.86"
"27,37 : 87.92"
"27,38 : 93.92"
"27,39 : 80.21"
"27,40 : 86.35"
"27,41 : 47.89"
"27,42 : 50.25"
"27,43 : 60.73"
"27,44 : 11.4"
"27,45 : 46.4"
"27,46 : 59.41"
"27,47 : 51.88"
"27,48 : 22.02"
"27,49 : 49.82"
"28,0 : 3.16"
"28,1 : 31.58"
"28,2 : 84.72"
"28,3 : 25.61"
"28,4 : 54.33"
"28,5 : 36.88"
"28,6 : 80.89"
"28,7 : 68.77"
"28,8 : 60.9"
"28,9 : 26.08"
"28,10 : 100.21"
"28,11 : 104.66"
"28,12 : 76.66"
"28,13 : 65.25"
"28,14 : 17.46"
"28,15 : 73.41"
"28,16 : 94.79"
"28,17 : 101.61"
"28,18 : 94.4"
"28,19 : 61.91"
"28,20 : 11.31"
"28,21 : 30.81"
"28,22 : 85.62"
"28,23 : 73.5"
"28,24 : 20.22"
"28,25 : 100.72"
"28,26 : 22.83"
"28,27 : 84.97"
"28,28 : 0.0"
"28,29 : 25.08"
"28,30 : 72.99"
"28,31 : 52.35"
"28,32 : 5.1"
"28,33 : 15.03"
"28,34 : 75.5"
"28,35 : 102.63"
"28,36 : 78.89"
"28,37 : 11.4"
"28,38 : 69.23"
"28,39 : 14.21"
"28,40 : 19.7"
"28,41 : 95.96"
"28,42 : 72.01"
"28,43 : 58.82"
"28,44 : 92.96"
"28,45 : 89.04"
"28,46 : 42.2"
"28,47 : 52.61"
"28,48 : 97.62"
"28,49 : 67.9"
"29,0 : 28.23"
"29,1 : 8.94"
"29,2 : 66.1"
"29,3 : 40.26"
"29,4 : 31.26"
"29,5 : 14.87"
"29,6 : 61.1"
"29,7 : 45.45"
"29,8 : 36.06"
"29,9 : 26.4"
"29,10 : 79.61"
"29,11 : 82.01"
"29,12 : 51.97"
"29,13 : 53.34"
"29,14 : 17.09"
"29,15 : 49.5"
"29,16 : 71.7"
"29,17 : 80.95"
"29,18 : 73.79"
"29,19 : 37.2"
"29,20 : 15.13"
"29,21 : 25.61"
"29,22 : 73.03"
"29,23 : 48.84"
"29,24 : 13.34"
"29,25 : 82.22"
"29,26 : 3.16"
"29,27 : 59.94"
"29,28 : 25.08"
"29,29 : 0.0"
"29,30 : 53.71"
"29,31 : 27.46"
"29,32 : 24.52"
"29,33 : 12.04"
"29,34 : 51.24"
"29,35 : 82.86"
"29,36 : 60.44"
"29,37 : 30.02"
"29,38 : 68.26"
"29,39 : 22.47"
"29,40 : 32.02"
"29,41 : 76.16"
"29,42 : 54.92"
"29,43 : 46.27"
"29,44 : 68.24"
"29,45 : 69.64"
"29,46 : 26.91"
"29,47 : 34.13"
"29,48 : 73.59"
"29,49 : 48.75"
"30,0 : 75.8"
"30,1 : 44.78"
"30,2 : 89.81"
"30,3 : 93.64"
"30,4 : 25.46"
"30,5 : 56.85"
"30,6 : 8.0"
"30,7 : 60.41"
"30,8 : 46.1"
"30,9 : 79.65"
"30,10 : 93.9"
"30,11 : 87.01"
"30,12 : 32.06"
"30,13 : 93.01"
"30,14 : 70.77"
"30,15 : 58.69"
"30,16 : 77.06"
"30,17 : 94.76"
"30,18 : 89.44"
"30,19 : 47.93"
"30,20 : 67.05"
"30,21 : 77.39"
"30,22 : 107.82"
"30,23 : 31.02"
"30,24 : 52.77"
"30,25 : 102.61"
"30,26 : 56.86"
"30,27 : 50.16"
"30,28 : 72.99"
"30,29 : 53.71"
"30,30 : 0.0"
"30,31 : 45.22"
"30,32 : 74.95"
"30,33 : 58.46"
"30,34 : 27.07"
"30,35 : 99.3"
"30,36 : 86.16"
"30,37 : 81.74"
"30,38 : 116.73"
"30,39 : 61.07"
"30,40 : 85.44"
"30,41 : 93.94"
"30,42 : 85.42"
"30,43 : 86.83"
"30,44 : 61.4"
"30,45 : 90.25"
"30,46 : 31.06"
"30,47 : 20.4"
"30,48 : 72.17"
"30,49 : 5.1"
"31,0 : 55.47"
"31,1 : 24.21"
"31,2 : 48.09"
"31,3 : 62.2"
"31,4 : 20.62"
"31,5 : 18.03"
"31,6 : 50.25"
"31,7 : 20.88"
"31,8 : 8.6"
"31,9 : 44.01"
"31,10 : 57.49"
"31,11 : 56.82"
"31,12 : 28.44"
"31,13 : 47.8"
"31,14 : 40.02"
"31,15 : 23.32"
"31,16 : 46.14"
"31,17 : 58.69"
"31,18 : 51.97"
"31,19 : 9.9"
"31,20 : 41.63"
"31,21 : 39.32"
"31,22 : 63.16"
"31,23 : 25.71"
"31,24 : 38.21"
"31,25 : 63.07"
"31,26 : 29.53"
"31,27 : 32.7"
"31,28 : 52.35"
"31,29 : 27.46"
"31,30 : 45.22"
"31,31 : 0.0"
"31,32 : 51.08"
"31,33 : 39.2"
"31,34 : 29.73"
"31,35 : 61.81"
"31,36 : 43.42"
"31,37 : 55.36"
"31,38 : 73.01"
"31,39 : 48.8"
"31,40 : 54.45"
"31,41 : 55.44"
"31,42 : 41.11"
"31,43 : 41.77"
"31,44 : 40.8"
"31,45 : 50.04"
"31,46 : 35.36"
"31,47 : 33.54"
"31,48 : 46.75"
"31,49 : 41.68"
"32,0 : 6.32"
"32,1 : 32.02"
"32,2 : 80.99"
"32,3 : 21.21"
"32,4 : 55.01"
"32,5 : 34.67"
"32,6 : 82.76"
"32,7 : 66.4"
"32,8 : 59.51"
"32,9 : 21.21"
"32,10 : 96.83"
"32,11 : 101.86"
"32,12 : 76.49"
"32,13 : 60.73"
"32,14 : 13.6"
"32,15 : 71.28"
"32,16 : 92.2"
"32,17 : 98.23"
"32,18 : 91.05"
"32,19 : 60.37"
"32,20 : 9.49"
"32,21 : 26.25"
"32,22 : 81.04"
"32,23 : 73.35"
"32,24 : 22.47"
"32,25 : 96.9"
"32,26 : 21.84"
"32,27 : 83.77"
"32,28 : 5.1"
"32,29 : 24.52"
"32,30 : 74.95"
"32,31 : 51.08"
"32,32 : 0.0"
"32,33 : 16.49"
"32,34 : 75.66"
"32,35 : 99.05"
"32,36 : 75.17"
"32,37 : 7.21"
"32,38 : 64.13"
"32,39 : 18.44"
"32,40 : 14.76"
"32,41 : 92.42"
"32,42 : 68.1"
"32,43 : 54.42"
"32,44 : 91.3"
"32,45 : 85.45"
"32,46 : 44.6"
"32,47 : 54.57"
"32,48 : 95.44"
"32,49 : 69.86"
"33,0 : 18.11"
"33,1 : 16.76"
"33,2 : 77.25"
"33,3 : 36.36"
"33,4 : 39.32"
"33,5 : 26.42"
"33,6 : 66.29"
"33,7 : 57.49"
"33,8 : 47.8"
"33,9 : 28.18"
"33,10 : 91.3"
"33,11 : 94.02"
"33,12 : 61.98"
"33,13 : 62.03"
"33,14 : 17.0"
"33,15 : 61.52"
"33,16 : 83.74"
"33,17 : 92.66"
"33,18 : 85.48"
"33,19 : 49.04"
"33,20 : 9.9"
"33,21 : 30.08"
"33,22 : 82.22"
"33,23 : 58.82"
"33,24 : 6.4"
"33,25 : 93.41"
"33,26 : 11.18"
"33,27 : 71.34"
"33,28 : 15.03"
"33,29 : 12.04"
"33,30 : 58.46"
"33,31 : 39.2"
"33,32 : 16.49"
"33,33 : 0.0"
"33,34 : 60.64"
"33,35 : 94.37"
"33,36 : 71.51"
"33,37 : 23.41"
"33,38 : 72.62"
"33,39 : 10.77"
"33,40 : 28.6"
"33,41 : 87.66"
"33,42 : 65.52"
"33,43 : 55.08"
"33,44 : 80.0"
"33,45 : 81.02"
"33,46 : 28.23"
"33,47 : 38.08"
"33,48 : 85.59"
"33,49 : 53.37"
"34,0 : 78.64"
"34,1 : 43.93"
"34,2 : 65.76"
"34,3 : 90.14"
"34,4 : 21.93"
"34,5 : 46.87"
"34,6 : 27.66"
"34,7 : 37.2"
"34,8 : 25.81"
"34,9 : 72.84"
"34,10 : 67.68"
"34,11 : 60.01"
"34,12 : 5.0"
"34,13 : 74.52"
"34,14 : 67.01"
"34,15 : 34.0"
"34,16 : 50.25"
"34,17 : 68.45"
"34,18 : 63.6"
"34,19 : 27.02"
"34,20 : 66.37"
"34,21 : 68.66"
"34,22 : 86.21"
"34,23 : 5.0"
"34,24 : 56.92"
"34,25 : 77.16"
"34,26 : 54.15"
"34,27 : 23.09"
"34,28 : 75.5"
"34,29 : 51.24"
"34,30 : 27.07"
"34,31 : 29.73"
"34,32 : 75.66"
"34,33 : 60.64"
"34,34 : 0.0"
"34,35 : 73.25"
"34,36 : 62.97"
"34,37 : 81.22"
"34,38 : 101.87"
"34,39 : 67.42"
"34,40 : 82.05"
"34,41 : 68.31"
"34,42 : 63.89"
"34,43 : 69.4"
"34,44 : 34.37"
"34,45 : 65.39"
"34,46 : 41.4"
"34,47 : 31.83"
"34,48 : 45.1"
"34,49 : 26.93"
"35,0 : 105.12"
"35,1 : 83.82"
"35,2 : 18.38"
"35,3 : 97.67"
"35,4 : 80.02"
"35,5 : 68.03"
"35,6 : 100.9"
"35,7 : 41.19"
"35,8 : 56.08"
"35,9 : 80.72"
"35,10 : 5.83"
"35,11 : 20.25"
"35,12 : 68.41"
"35,13 : 45.28"
"35,14 : 85.45"
"35,15 : 41.05"
"35,16 : 24.7"
"35,17 : 5.66"
"35,18 : 10.0"
"35,19 : 54.08"
"35,20 : 91.59"
"35,21 : 74.41"
"35,22 : 35.13"
"35,23 : 68.66"
"35,24 : 96.01"
"35,25 : 7.28"
"35,26 : 83.19"
"35,27 : 52.0"
"35,28 : 102.63"
"35,29 : 82.86"
"35,30 : 99.3"
"35,31 : 61.81"
"35,32 : 99.05"
"35,33 : 94.37"
"35,34 : 73.25"
"35,35 : 0.0"
"35,36 : 24.08"
"35,37 : 99.49"
"35,38 : 71.31"
"35,39 : 105.12"
"35,40 : 93.38"
"35,41 : 6.71"
"35,42 : 31.83"
"35,43 : 48.41"
"35,44 : 43.57"
"35,45 : 13.6"
"35,46 : 97.16"
"35,47 : 94.09"
"35,48 : 33.42"
"35,49 : 97.62"
"36,0 : 81.3"
"36,1 : 62.65"
"36,2 : 5.83"
"36,3 : 73.76"
"36,4 : 63.56"
"36,5 : 45.61"
"36,6 : 89.44"
"36,7 : 25.94"
"36,8 : 40.16"
"36,9 : 56.64"
"36,10 : 23.02"
"36,11 : 33.73"
"36,12 : 58.82"
"36,13 : 23.54"
"36,14 : 61.59"
"36,15 : 29.21"
"36,16 : 29.15"
"36,17 : 24.41"
"36,18 : 17.89"
"36,19 : 38.28"
"36,20 : 68.0"
"36,21 : 50.33"
"36,22 : 24.21"
"36,23 : 57.98"
"36,24 : 73.76"
"36,25 : 21.93"
"36,26 : 60.41"
"36,27 : 46.86"
"36,28 : 78.89"
"36,29 : 60.44"
"36,30 : 86.16"
"36,31 : 43.42"
"36,32 : 75.17"
"36,33 : 71.51"
"36,34 : 62.97"
"36,35 : 24.08"
"36,36 : 0.0"
"36,37 : 75.43"
"36,38 : 53.0"
"36,39 : 82.28"
"36,40 : 69.31"
"36,41 : 17.69"
"36,42 : 8.06"
"36,43 : 25.06"
"36,44 : 43.38"
"36,45 : 10.63"
"36,46 : 78.01"
"36,47 : 76.94"
"36,48 : 37.85"
"36,49 : 83.49"
"37,0 : 10.77"
"37,1 : 38.12"
"37,2 : 81.22"
"37,3 : 14.21"
"37,4 : 61.07"
"37,5 : 38.08"
"37,6 : 89.5"
"37,7 : 69.12"
"37,8 : 63.57"
"37,9 : 19.24"
"37,10 : 97.67"
"37,11 : 103.71"
"37,12 : 81.74"
"37,13 : 59.09"
"37,14 : 15.65"
"37,15 : 74.3"
"37,16 : 94.4"
"37,17 : 99.09"
"37,18 : 91.97"
"37,19 : 64.26"
"37,20 : 15.03"
"37,21 : 25.24"
"37,22 : 79.12"
"37,23 : 78.64"
"37,24 : 29.55"
"37,25 : 96.83"
"37,26 : 27.07"
"37,27 : 87.92"
"37,28 : 11.4"
"37,29 : 30.02"
"37,30 : 81.74"
"37,31 : 55.36"
"37,32 : 7.21"
"37,33 : 23.41"
"37,34 : 81.22"
"37,35 : 99.49"
"37,36 : 75.43"
"37,37 : 0.0"
"37,38 : 59.3"
"37,39 : 25.46"
"37,40 : 9.06"
"37,41 : 92.96"
"37,42 : 68.01"
"37,43 : 53.24"
"37,44 : 94.85"
"37,45 : 85.91"
"37,46 : 51.62"
"37,47 : 61.4"
"37,48 : 98.27"
"37,49 : 76.66"
"38,0 : 69.72"
"38,1 : 76.03"
"38,2 : 56.22"
"38,3 : 48.09"
"38,4 : 91.29"
"38,5 : 60.14"
"38,6 : 122.67"
"38,7 : 68.95"
"38,8 : 76.16"
"38,9 : 44.6"
"38,10 : 73.16"
"38,11 : 86.28"
"38,12 : 99.36"
"38,13 : 30.41"
"38,14 : 55.71"
"38,15 : 74.63"
"38,16 : 82.05"
"38,17 : 74.33"
"38,18 : 69.46"
"38,19 : 75.18"
"38,20 : 63.57"
"38,21 : 42.94"
"38,22 : 37.16"
"38,23 : 97.25"
"38,24 : 78.29"
"38,25 : 65.15"
"38,26 : 65.86"
"38,27 : 93.92"
"38,28 : 69.23"
"38,29 : 68.26"
"38,30 : 116.73"
"38,31 : 73.01"
"38,32 : 64.13"
"38,33 : 72.62"
"38,34 : 101.87"
"38,35 : 71.31"
"38,36 : 53.0"
"38,37 : 59.3"
"38,38 : 0.0"
"38,39 : 80.65"
"38,40 : 50.25"
"38,41 : 67.08"
"38,42 : 46.17"
"38,43 : 33.24"
"38,44 : 93.94"
"38,45 : 61.4"
"38,46 : 94.87"
"38,47 : 100.0"
"38,48 : 90.35"
"38,49 : 112.43"
"39,0 : 16.12"
"39,1 : 25.0"
"39,2 : 88.02"
"39,3 : 39.62"
"39,4 : 45.54"
"39,5 : 37.12"
"39,6 : 69.07"
"39,7 : 67.8"
"39,8 : 57.31"
"39,9 : 36.14"
"39,10 : 102.0"
"39,11 : 104.4"
"39,12 : 69.35"
"39,13 : 72.25"
"39,14 : 25.32"
"39,15 : 71.59"
"39,16 : 94.02"
"39,17 : 103.35"
"39,18 : 96.18"
"39,19 : 58.69"
"39,20 : 17.26"
"39,21 : 39.2"
"39,22 : 92.54"
"39,23 : 66.21"
"39,24 : 10.82"
"39,25 : 104.18"
"39,26 : 21.93"
"39,27 : 80.21"
"39,28 : 14.21"
"39,29 : 22.47"
"39,30 : 61.07"
"39,31 : 48.8"
"39,32 : 18.44"
"39,33 : 10.77"
"39,34 : 67.42"
"39,35 : 105.12"
"39,36 : 82.28"
"39,37 : 25.46"
"39,38 : 80.65"
"39,39 : 0.0"
"39,40 : 33.02"
"39,41 : 98.41"
"39,42 : 76.24"
"39,43 : 65.38"
"39,44 : 89.38"
"39,45 : 91.79"
"39,46 : 30.02"
"39,47 : 41.01"
"39,48 : 95.48"
"39,49 : 56.04"
"40,0 : 19.65"
"40,1 : 40.8"
"40,2 : 75.01"
"40,3 : 8.25"
"40,4 : 63.15"
"40,5 : 36.5"
"40,6 : 92.97"
"40,7 : 65.8"
"40,8 : 62.17"
"40,9 : 12.81"
"40,10 : 91.97"
"40,11 : 99.05"
"40,12 : 82.02"
"40,13 : 51.48"
"40,14 : 15.13"
"40,15 : 71.31"
"40,16 : 90.21"
"40,17 : 93.38"
"40,18 : 86.37"
"40,19 : 62.59"
"40,20 : 18.87"
"40,21 : 19.21"
"40,22 : 71.18"
"40,23 : 79.01"
"40,24 : 35.0"
"40,25 : 90.27"
"40,26 : 28.86"
"40,27 : 86.35"
"40,28 : 19.7"
"40,29 : 32.02"
"40,30 : 85.44"
"40,31 : 54.45"
"40,32 : 14.76"
"40,33 : 28.6"
"40,34 : 82.05"
"40,35 : 93.38"
"40,36 : 69.31"
"40,37 : 9.06"
"40,38 : 50.25"
"40,39 : 33.02"
"40,40 : 0.0"
"40,41 : 86.98"
"40,42 : 61.62"
"40,43 : 46.04"
"40,44 : 92.36"
"40,45 : 79.91"
"40,46 : 56.44"
"40,47 : 65.39"
"40,48 : 94.81"
"40,49 : 80.41"
"41,0 : 98.47"
"41,1 : 77.2"
"41,2 : 12.21"
"41,3 : 91.44"
"41,4 : 74.01"
"41,5 : 61.33"
"41,6 : 95.88"
"41,7 : 35.01"
"41,8 : 50.0"
"41,9 : 74.28"
"41,10 : 6.08"
"41,11 : 20.62"
"41,12 : 63.57"
"41,13 : 39.81"
"41,14 : 78.82"
"41,15 : 35.36"
"41,16 : 21.93"
"41,17 : 7.28"
"41,18 : 5.0"
"41,19 : 48.0"
"41,20 : 84.91"
"41,21 : 67.94"
"41,22 : 32.14"
"41,23 : 63.6"
"41,24 : 89.32"
"41,25 : 8.94"
"41,26 : 76.49"
"41,27 : 47.89"
"41,28 : 95.96"
"41,29 : 76.16"
"41,30 : 93.94"
"41,31 : 55.44"
"41,32 : 92.42"
"41,33 : 87.66"
"41,34 : 68.31"
"41,35 : 6.71"
"41,36 : 17.69"
"41,37 : 92.96"
"41,38 : 67.08"
"41,39 : 98.41"
"41,40 : 86.98"
"41,41 : 0.0"
"41,42 : 25.61"
"41,43 : 42.44"
"41,44 : 40.46"
"41,45 : 7.07"
"41,46 : 90.8"
"41,47 : 88.01"
"41,48 : 31.24"
"41,49 : 92.07"
"42,0 : 74.3"
"42,1 : 58.03"
"42,2 : 13.45"
"42,3 : 65.86"
"42,4 : 61.68"
"42,5 : 40.31"
"42,6 : 89.36"
"42,7 : 26.87"
"42,8 : 39.45"
"42,9 : 49.04"
"42,10 : 31.06"
"42,11 : 41.48"
"42,12 : 60.14"
"42,13 : 16.03"
"42,14 : 54.59"
"42,15 : 31.4"
"42,16 : 36.01"
"42,17 : 32.45"
"42,18 : 25.94"
"42,19 : 37.74"
"42,20 : 61.33"
"42,21 : 42.8"
"42,22 : 22.47"
"42,23 : 58.9"
"42,24 : 68.25"
"42,25 : 28.84"
"42,26 : 54.57"
"42,27 : 50.25"
"42,28 : 72.01"
"42,29 : 54.92"
"42,30 : 85.42"
"42,31 : 41.11"
"42,32 : 68.1"
"42,33 : 65.52"
"42,34 : 63.89"
"42,35 : 31.83"
"42,36 : 8.06"
"42,37 : 68.01"
"42,38 : 46.17"
"42,39 : 76.24"
"42,40 : 61.62"
"42,41 : 25.61"
"42,42 : 0.0"
"42,43 : 17.0"
"42,44 : 48.38"
"42,45 : 18.6"
"42,46 : 74.43"
"42,47 : 74.46"
"42,48 : 44.18"
"42,49 : 82.35"
"43,0 : 60.75"
"43,1 : 51.66"
"43,2 : 30.23"
"43,3 : 49.52"
"43,4 : 61.61"
"43,5 : 33.53"
"43,6 : 92.02"
"43,7 : 35.74"
"43,8 : 43.6"
"43,9 : 34.0"
"43,10 : 48.02"
"43,11 : 58.19"
"43,12 : 66.57"
"43,13 : 7.07"
"43,14 : 41.48"
"43,15 : 41.48"
"43,16 : 51.79"
"43,17 : 49.4"
"43,18 : 42.94"
"43,19 : 42.44"
"43,20 : 49.03"
"43,21 : 28.23"
"43,22 : 27.17"
"43,23 : 64.64"
"43,24 : 59.03"
"43,25 : 44.55"
"43,26 : 45.04"
"43,27 : 60.73"
"43,28 : 58.82"
"43,29 : 46.27"
"43,30 : 86.83"
"43,31 : 41.77"
"43,32 : 54.42"
"43,33 : 55.08"
"43,34 : 69.4"
"43,35 : 48.41"
"43,36 : 25.06"
"43,37 : 53.24"
"43,38 : 33.24"
"43,39 : 65.38"
"43,40 : 46.04"
"43,41 : 42.44"
"43,42 : 17.0"
"43,43 : 0.0"
"43,44 : 61.4"
"43,45 : 35.51"
"43,46 : 69.89"
"43,47 : 72.47"
"43,48 : 59.14"
"43,49 : 83.01"
"44,0 : 96.04"
"44,1 : 64.44"
"44,2 : 43.27"
"44,3 : 99.33"
"44,4 : 49.74"
"44,5 : 56.8"
"44,6 : 61.01"
"44,7 : 27.29"
"44,8 : 32.2"
"44,9 : 80.36"
"44,10 : 37.74"
"44,11 : 26.68"
"44,12 : 29.43"
"44,13 : 63.56"
"44,14 : 79.2"
"44,15 : 21.38"
"44,16 : 18.87"
"44,17 : 38.08"
"44,18 : 35.47"
"44,19 : 31.06"
"44,20 : 81.99"
"44,21 : 74.46"
"44,22 : 67.23"
"44,23 : 31.05"
"44,24 : 78.64"
"44,25 : 49.2"
"44,26 : 70.18"
"44,27 : 11.4"
"44,28 : 92.96"
"44,29 : 68.24"
"44,30 : 61.4"
"44,31 : 40.8"
"44,32 : 91.3"
"44,33 : 80.0"
"44,34 : 34.37"
"44,35 : 43.57"
"44,36 : 43.38"
"44,37 : 94.85"
"44,38 : 93.94"
"44,39 : 89.38"
"44,40 : 92.36"
"44,41 : 40.46"
"44,42 : 48.38"
"44,43 : 61.4"
"44,44 : 0.0"
"44,45 : 40.46"
"44,46 : 70.18"
"44,47 : 63.07"
"44,48 : 11.18"
"44,49 : 61.19"
"45,0 : 91.53"
"45,1 : 71.06"
"45,2 : 5.39"
"45,3 : 84.39"
"45,4 : 69.26"
"45,5 : 54.78"
"45,6 : 92.7"
"45,7 : 30.27"
"45,8 : 45.28"
"45,9 : 67.21"
"45,10 : 12.53"
"45,11 : 25.0"
"45,12 : 60.84"
"45,13 : 33.24"
"45,14 : 71.85"
"45,15 : 31.62"
"45,16 : 23.26"
"45,17 : 13.89"
"45,18 : 8.06"
"45,19 : 43.29"
"45,20 : 78.03"
"45,21 : 60.88"
"45,22 : 28.16"
"45,23 : 60.54"
"45,24 : 82.87"
"45,25 : 13.04"
"45,26 : 69.86"
"45,27 : 46.4"
"45,28 : 89.04"
"45,29 : 69.64"
"45,30 : 90.25"
"45,31 : 50.04"
"45,32 : 85.45"
"45,33 : 81.02"
"45,34 : 65.39"
"45,35 : 13.6"
"45,36 : 10.63"
"45,37 : 85.91"
"45,38 : 61.4"
"45,39 : 91.79"
"45,40 : 79.91"
"45,41 : 7.07"
"45,42 : 18.6"
"45,43 : 35.51"
"45,44 : 40.46"
"45,45 : 0.0"
"45,46 : 85.29"
"45,47 : 83.1"
"45,48 : 32.65"
"45,49 : 88.07"
"46,0 : 44.91"
"46,1 : 18.87"
"46,2 : 83.02"
"46,3 : 64.41"
"46,4 : 20.62"
"46,5 : 36.4"
"46,6 : 39.05"
"46,7 : 56.09"
"46,8 : 41.76"
"46,9 : 53.08"
"46,10 : 92.76"
"46,11 : 90.82"
"46,12 : 44.6"
"46,13 : 76.84"
"46,14 : 42.8"
"46,15 : 57.57"
"46,16 : 80.06"
"46,17 : 93.94"
"46,18 : 87.3"
"46,19 : 43.68"
"46,20 : 37.59"
"46,21 : 52.5"
"46,22 : 95.13"
"46,23 : 41.73"
"46,24 : 22.14"
"46,25 : 98.33"
"46,26 : 29.7"
"46,27 : 59.41"
"46,28 : 42.2"
"46,29 : 26.91"
"46,30 : 31.06"
"46,31 : 35.36"
"46,32 : 44.6"
"46,33 : 28.23"
"46,34 : 41.4"
"46,35 : 97.16"
"46,36 : 78.01"
"46,37 : 51.62"
"46,38 : 94.87"
"46,39 : 30.02"
"46,40 : 56.44"
"46,41 : 90.8"
"46,42 : 74.43"
"46,43 : 69.89"
"46,44 : 70.18"
"46,45 : 85.29"
"46,46 : 0.0"
"46,47 : 11.18"
"46,48 : 78.71"
"46,49 : 26.02"
"47,0 : 55.44"
"47,1 : 25.24"
"47,2 : 81.5"
"47,3 : 73.54"
"47,4 : 14.14"
"47,5 : 40.0"
"47,6 : 28.28"
"47,7 : 53.0"
"47,8 : 38.01"
"47,9 : 60.46"
"47,10 : 89.27"
"47,11 : 85.62"
"47,12 : 35.61"
"47,13 : 79.16"
"47,14 : 51.0"
"47,15 : 53.34"
"47,16 : 74.95"
"47,17 : 90.35"
"47,18 : 84.1"
"47,19 : 40.01"
"47,20 : 46.82"
"47,21 : 58.9"
"47,22 : 96.14"
"47,23 : 33.02"
"47,24 : 32.39"
"47,25 : 96.05"
"47,26 : 37.22"
"47,27 : 51.88"
"47,28 : 52.61"
"47,29 : 34.13"
"47,30 : 20.4"
"47,31 : 33.54"
"47,32 : 54.57"
"47,33 : 38.08"
"47,34 : 31.83"
"47,35 : 94.09"
"47,36 : 76.94"
"47,37 : 61.4"
"47,38 : 100.0"
"47,39 : 41.01"
"47,40 : 65.39"
"47,41 : 88.01"
"47,42 : 74.46"
"47,43 : 72.47"
"47,44 : 63.07"
"47,45 : 83.1"
"47,46 : 11.18"
"47,47 : 0.0"
"47,48 : 72.45"
"47,49 : 15.3"
"48,0 : 100.6"
"48,1 : 70.94"
"48,2 : 36.4"
"48,3 : 101.24"
"48,4 : 58.69"
"48,5 : 60.8"
"48,6 : 72.06"
"48,7 : 29.15"
"48,8 : 38.42"
"48,9 : 82.35"
"48,10 : 27.66"
"48,11 : 15.52"
"48,12 : 40.11"
"48,13 : 60.07"
"48,14 : 82.68"
"48,15 : 24.21"
"48,16 : 9.43"
"48,17 : 27.8"
"48,18 : 26.4"
"48,19 : 36.88"
"48,20 : 86.4"
"48,21 : 76.16"
"48,22 : 60.54"
"48,23 : 41.44"
"48,24 : 84.96"
"48,25 : 39.6"
"48,26 : 75.17"
"48,27 : 22.02"
"48,28 : 97.62"
"48,29 : 73.59"
"48,30 : 72.17"
"48,31 : 46.75"
"48,32 : 95.44"
"48,33 : 85.59"
"48,34 : 45.1"
"48,35 : 33.42"
"48,36 : 37.85"
"48,37 : 98.27"
"48,38 : 90.35"
"48,39 : 95.48"
"48,40 : 94.81"
"48,41 : 31.24"
"48,42 : 44.18"
"48,43 : 59.14"
"48,44 : 11.18"
"48,45 : 32.65"
"48,46 : 78.71"
"48,47 : 72.45"
"48,48 : 0.0"
"48,49 : 71.7"
"49,0 : 70.71"
"49,1 : 39.81"
"49,2 : 87.36"
"49,3 : 88.6"
"49,4 : 21.4"
"49,5 : 52.4"
"49,6 : 13.04"
"49,7 : 57.97"
"49,8 : 43.32"
"49,9 : 74.79"
"49,10 : 92.35"
"49,11 : 86.21"
"49,12 : 31.78"
"49,13 : 89.31"
"49,14 : 65.8"
"49,15 : 56.72"
"49,16 : 76.03"
"49,17 : 93.26"
"49,18 : 87.69"
"49,19 : 45.22"
"49,20 : 61.98"
"49,21 : 72.67"
"49,22 : 104.65"
"49,23 : 30.27"
"49,24 : 47.68"
"49,25 : 100.62"
"49,26 : 51.89"
"49,27 : 49.82"
"49,28 : 67.9"
"49,29 : 48.75"
"49,30 : 5.1"
"49,31 : 41.68"
"49,32 : 69.86"
"49,33 : 53.37"
"49,34 : 26.93"
"49,35 : 97.62"
"49,36 : 83.49"
"49,37 : 76.66"
"49,38 : 112.43"
"49,39 : 56.04"
"49,40 : 80.41"
"49,41 : 92.07"
"49,42 : 82.35"
"49,43 : 83.01"
"49,44 : 61.19"
"49,45 : 88.07"
"49,46 : 26.02"
"49,47 : 15.3"
"49,48 : 71.7"
"49,49 : 0.0"
