x,y
58,94
62,52
98,60
37,59
92,23
20,57
17,29
85,97
47,29
30,16
78,45
20,1
44,75
23,3
20,58
37,81
48,14
71,100
18,59
61,86
82,58
90,47
89,95
41,12
86,49
2,29
50,33
61,68
52,33
59,54
45,41
97,58
30,80
56,69
41,49
19,80
38,11
85,20
22,55
84,54
84,80
75,5
7,56
37,51
76,80
44,73
90,1
32,70
98,93
45,57

Distanze
"0,0 : 0.0"
"0,1 : 42.19"
"0,2 : 52.5"
"0,3 : 40.82"
"0,4 : 78.72"
"0,5 : 53.04"
"0,6 : 76.85"
"0,7 : 27.17"
"0,8 : 65.92"
"0,9 : 82.87"
"0,10 : 52.92"
"0,11 : 100.46"
"0,12 : 23.6"
"0,13 : 97.5"
"0,14 : 52.35"
"0,15 : 24.7"
"0,16 : 80.62"
"0,17 : 14.32"
"0,18 : 53.15"
"0,19 : 8.54"
"0,20 : 43.27"
"0,21 : 56.86"
"0,22 : 31.02"
"0,23 : 83.74"
"0,24 : 53.0"
"0,25 : 85.8"
"0,26 : 61.52"
"0,27 : 26.17"
"0,28 : 61.29"
"0,29 : 40.01"
"0,30 : 54.57"
"0,31 : 53.08"
"0,32 : 31.3"
"0,33 : 25.08"
"0,34 : 48.1"
"0,35 : 41.44"
"0,36 : 85.38"
"0,37 : 78.77"
"0,38 : 53.08"
"0,39 : 47.71"
"0,40 : 29.53"
"0,41 : 90.61"
"0,42 : 63.6"
"0,43 : 47.85"
"0,44 : 22.8"
"0,45 : 25.24"
"0,46 : 98.35"
"0,47 : 35.38"
"0,48 : 40.01"
"0,49 : 39.22"
"1,0 : 42.19"
"1,1 : 0.0"
"1,2 : 36.88"
"1,3 : 25.96"
"1,4 : 41.73"
"1,5 : 42.3"
"1,6 : 50.54"
"1,7 : 50.54"
"1,8 : 27.46"
"1,9 : 48.17"
"1,10 : 17.46"
"1,11 : 66.07"
"1,12 : 29.21"
"1,13 : 62.63"
"1,14 : 42.43"
"1,15 : 38.29"
"1,16 : 40.5"
"1,17 : 48.84"
"1,18 : 44.55"
"1,19 : 34.01"
"1,20 : 20.88"
"1,21 : 28.44"
"1,22 : 50.77"
"1,23 : 45.18"
"1,24 : 24.19"
"1,25 : 64.26"
"1,26 : 22.47"
"1,27 : 16.03"
"1,28 : 21.47"
"1,29 : 3.61"
"1,30 : 20.25"
"1,31 : 35.51"
"1,32 : 42.52"
"1,33 : 18.03"
"1,34 : 21.21"
"1,35 : 51.31"
"1,36 : 47.51"
"1,37 : 39.41"
"1,38 : 40.11"
"1,39 : 22.09"
"1,40 : 35.61"
"1,41 : 48.76"
"1,42 : 55.15"
"1,43 : 25.02"
"1,44 : 31.3"
"1,45 : 27.66"
"1,46 : 58.18"
"1,47 : 34.99"
"1,48 : 54.56"
"1,49 : 17.72"
"2,0 : 52.5"
"2,1 : 36.88"
"2,2 : 0.0"
"2,3 : 61.01"
"2,4 : 37.48"
"2,5 : 78.06"
"2,6 : 86.73"
"2,7 : 39.22"
"2,8 : 59.68"
"2,9 : 80.99"
"2,10 : 25.0"
"2,11 : 97.8"
"2,12 : 56.04"
"2,13 : 94.2"
"2,14 : 78.03"
"2,15 : 64.51"
"2,16 : 67.94"
"2,17 : 48.26"
"2,18 : 80.01"
"2,19 : 45.22"
"2,20 : 16.12"
"2,21 : 15.26"
"2,22 : 36.14"
"2,23 : 74.52"
"2,24 : 16.28"
"2,25 : 100.88"
"2,26 : 55.07"
"2,27 : 37.85"
"2,28 : 53.34"
"2,29 : 39.46"
"2,30 : 56.3"
"2,31 : 2.24"
"2,32 : 70.88"
"2,33 : 42.95"
"2,34 : 58.05"
"2,35 : 81.49"
"2,36 : 77.47"
"2,37 : 42.06"
"2,38 : 76.16"
"2,39 : 15.23"
"2,40 : 24.41"
"2,41 : 59.62"
"2,42 : 91.09"
"2,43 : 61.66"
"2,44 : 29.73"
"2,45 : 55.54"
"2,46 : 59.54"
"2,47 : 66.75"
"2,48 : 33.0"
"2,49 : 53.08"
"3,0 : 40.82"
"3,1 : 25.96"
"3,2 : 61.01"
"3,3 : 0.0"
"3,4 : 65.73"
"3,5 : 17.12"
"3,6 : 36.06"
"3,7 : 61.22"
"3,8 : 31.62"
"3,9 : 43.57"
"3,10 : 43.32"
"3,11 : 60.44"
"3,12 : 17.46"
"3,13 : 57.72"
"3,14 : 17.03"
"3,15 : 22.0"
"3,16 : 46.32"
"3,17 : 53.26"
"3,18 : 19.0"
"3,19 : 36.12"
"3,20 : 45.01"
"3,21 : 54.34"
"3,22 : 63.25"
"3,23 : 47.17"
"3,24 : 50.01"
"3,25 : 46.1"
"3,26 : 29.07"
"3,27 : 25.63"
"3,28 : 30.02"
"3,29 : 22.56"
"3,30 : 19.7"
"3,31 : 60.01"
"3,32 : 22.14"
"3,33 : 21.47"
"3,34 : 10.77"
"3,35 : 27.66"
"3,36 : 48.01"
"3,37 : 61.85"
"3,38 : 15.52"
"3,39 : 47.27"
"3,40 : 51.48"
"3,41 : 66.03"
"3,42 : 30.15"
"3,43 : 8.0"
"3,44 : 44.29"
"3,45 : 15.65"
"3,46 : 78.57"
"3,47 : 12.08"
"3,48 : 69.84"
"3,49 : 8.25"
"4,0 : 78.72"
"4,1 : 41.73"
"4,2 : 37.48"
"4,3 : 65.73"
"4,4 : 0.0"
"4,5 : 79.62"
"4,6 : 75.24"
"4,7 : 74.33"
"4,8 : 45.4"
"4,9 : 62.39"
"4,10 : 26.08"
"4,11 : 75.29"
"4,12 : 70.77"
"4,13 : 71.84"
"4,14 : 80.06"
"4,15 : 79.93"
"4,16 : 44.91"
"4,17 : 79.81"
"4,18 : 82.29"
"4,19 : 70.21"
"4,20 : 36.4"
"4,21 : 24.08"
"4,22 : 72.06"
"4,23 : 52.17"
"4,24 : 26.68"
"4,25 : 90.2"
"4,26 : 43.17"
"4,27 : 54.64"
"4,28 : 41.23"
"4,29 : 45.28"
"4,30 : 50.33"
"4,31 : 35.36"
"4,32 : 84.22"
"4,33 : 58.41"
"4,34 : 57.25"
"4,35 : 92.62"
"4,36 : 55.32"
"4,37 : 7.62"
"4,38 : 76.97"
"4,39 : 32.02"
"4,40 : 57.56"
"4,41 : 24.76"
"4,42 : 91.18"
"4,43 : 61.72"
"4,44 : 59.2"
"4,45 : 69.31"
"4,46 : 22.09"
"4,47 : 76.22"
"4,48 : 70.26"
"4,49 : 58.01"
"5,0 : 53.04"
"5,1 : 42.3"
"5,2 : 78.06"
"5,3 : 17.12"
"5,4 : 79.62"
"5,5 : 0.0"
"5,6 : 28.16"
"5,7 : 76.32"
"5,8 : 38.9"
"5,9 : 42.2"
"5,10 : 59.23"
"5,11 : 56.0"
"5,12 : 30.0"
"5,13 : 54.08"
"5,14 : 1.0"
"5,15 : 29.41"
"5,16 : 51.31"
"5,17 : 66.71"
"5,18 : 2.83"
"5,19 : 50.22"
"5,20 : 62.01"
"5,21 : 70.71"
"5,22 : 78.77"
"5,23 : 49.66"
"5,24 : 66.48"
"5,25 : 33.29"
"5,26 : 38.42"
"5,27 : 42.45"
"5,28 : 40.0"
"5,29 : 39.12"
"5,30 : 29.68"
"5,31 : 77.01"
"5,32 : 25.08"
"5,33 : 37.95"
"5,34 : 22.47"
"5,35 : 23.02"
"5,36 : 49.4"
"5,37 : 74.79"
"5,38 : 2.83"
"5,39 : 64.07"
"5,40 : 68.01"
"5,41 : 75.69"
"5,42 : 13.04"
"5,43 : 18.03"
"5,44 : 60.54"
"5,45 : 28.84"
"5,46 : 89.64"
"5,47 : 17.69"
"5,48 : 85.91"
"5,49 : 25.0"
"6,0 : 76.85"
"6,1 : 50.54"
"6,2 : 86.73"
"6,3 : 36.06"
"6,4 : 75.24"
"6,5 : 28.16"
"6,6 : 0.0"
"6,7 : 96.17"
"6,8 : 30.0"
"6,9 : 18.38"
"6,10 : 63.06"
"6,11 : 28.16"
"6,12 : 53.34"
"6,13 : 26.68"
"6,14 : 29.15"
"6,15 : 55.71"
"6,16 : 34.44"
"6,17 : 89.2"
"6,18 : 30.02"
"6,19 : 72.01"
"6,20 : 71.18"
"6,21 : 75.19"
"6,22 : 97.67"
"6,23 : 29.41"
"6,24 : 71.84"
"6,25 : 15.0"
"6,26 : 33.24"
"6,27 : 58.8"
"6,28 : 35.23"
"6,29 : 48.88"
"6,30 : 30.46"
"6,31 : 85.09"
"6,32 : 52.63"
"6,33 : 55.87"
"6,34 : 31.24"
"6,35 : 51.04"
"6,36 : 27.66"
"6,37 : 68.59"
"6,38 : 26.48"
"6,39 : 71.51"
"6,40 : 84.2"
"6,41 : 62.77"
"6,42 : 28.79"
"6,43 : 29.73"
"6,44 : 77.99"
"6,45 : 51.62"
"6,46 : 78.19"
"6,47 : 43.66"
"6,48 : 103.23"
"6,49 : 39.6"
"7,0 : 27.17"
"7,1 : 50.54"
"7,2 : 39.22"
"7,3 : 61.22"
"7,4 : 74.33"
"7,5 : 76.32"
"7,6 : 96.17"
"7,7 : 0.0"
"7,8 : 77.9"
"7,9 : 97.91"
"7,10 : 52.47"
"7,11 : 115.94"
"7,12 : 46.53"
"7,13 : 112.61"
"7,14 : 75.8"
"7,15 : 50.6"
"7,16 : 90.87"
"7,17 : 14.32"
"7,18 : 77.03"
"7,19 : 26.4"
"7,20 : 39.12"
"7,21 : 50.25"
"7,22 : 4.47"
"7,23 : 95.71"
"7,24 : 48.01"
"7,25 : 107.3"
"7,26 : 72.95"
"7,27 : 37.64"
"7,28 : 72.01"
"7,29 : 50.25"
"7,30 : 68.82"
"7,31 : 40.8"
"7,32 : 57.57"
"7,33 : 40.31"
"7,34 : 65.12"
"7,35 : 68.15"
"7,36 : 98.01"
"7,37 : 77.0"
"7,38 : 75.72"
"7,39 : 43.01"
"7,40 : 17.03"
"7,41 : 92.54"
"7,42 : 88.12"
"7,43 : 66.48"
"7,44 : 19.24"
"7,45 : 47.51"
"7,46 : 96.13"
"7,47 : 59.48"
"7,48 : 13.6"
"7,49 : 56.57"
"8,0 : 65.92"
"8,1 : 27.46"
"8,2 : 59.68"
"8,3 : 31.62"
"8,4 : 45.4"
"8,5 : 38.9"
"8,6 : 30.0"
"8,7 : 77.9"
"8,8 : 0.0"
"8,9 : 21.4"
"8,10 : 34.89"
"8,11 : 38.9"
"8,12 : 46.1"
"8,13 : 35.38"
"8,14 : 39.62"
"8,15 : 52.95"
"8,16 : 15.03"
"8,17 : 74.95"
"8,18 : 41.73"
"8,19 : 58.69"
"8,20 : 45.45"
"8,21 : 46.62"
"8,22 : 78.23"
"8,23 : 18.03"
"8,24 : 43.83"
"8,25 : 45.0"
"8,26 : 5.0"
"8,27 : 41.44"
"8,28 : 6.4"
"8,29 : 27.73"
"8,30 : 12.17"
"8,31 : 57.8"
"8,32 : 53.76"
"8,33 : 41.0"
"8,34 : 20.88"
"8,35 : 58.18"
"8,36 : 20.12"
"8,37 : 39.05"
"8,38 : 36.07"
"8,39 : 44.65"
"8,40 : 63.01"
"8,41 : 36.88"
"8,42 : 48.26"
"8,43 : 24.17"
"8,44 : 58.67"
"8,45 : 44.1"
"8,46 : 51.31"
"8,47 : 43.66"
"8,48 : 81.84"
"8,49 : 28.07"
"9,0 : 82.87"
"9,1 : 48.17"
"9,2 : 80.99"
"9,3 : 43.57"
"9,4 : 62.39"
"9,5 : 42.2"
"9,6 : 18.38"
"9,7 : 97.91"
"9,8 : 21.4"
"9,9 : 0.0"
"9,10 : 56.08"
"9,11 : 18.03"
"9,12 : 60.64"
"9,13 : 14.76"
"9,14 : 43.17"
"9,15 : 65.38"
"9,16 : 18.11"
"9,17 : 93.47"
"9,18 : 44.64"
"9,19 : 76.56"
"9,20 : 66.84"
"9,21 : 67.54"
"9,22 : 98.6"
"9,23 : 11.7"
"9,24 : 65.0"
"9,25 : 30.87"
"9,26 : 26.25"
"9,27 : 60.54"
"9,28 : 27.8"
"9,29 : 47.8"
"9,30 : 29.15"
"9,31 : 79.08"
"9,32 : 64.0"
"9,33 : 59.03"
"9,34 : 34.79"
"9,35 : 64.94"
"9,36 : 9.43"
"9,37 : 55.15"
"9,38 : 39.81"
"9,39 : 66.03"
"9,40 : 83.74"
"9,41 : 46.32"
"9,42 : 46.14"
"9,43 : 35.69"
"9,44 : 78.82"
"9,45 : 58.69"
"9,46 : 61.85"
"9,47 : 54.04"
"9,48 : 102.73"
"9,49 : 43.66"
"10,0 : 52.92"
"10,1 : 17.46"
"10,2 : 25.0"
"10,3 : 43.32"
"10,4 : 26.08"
"10,5 : 59.23"
"10,6 : 63.06"
"10,7 : 52.47"
"10,8 : 34.89"
"10,9 : 56.08"
"10,10 : 0.0"
"10,11 : 72.8"
"10,12 : 45.34"
"10,13 : 69.2"
"10,14 : 59.44"
"10,15 : 54.56"
"10,16 : 43.14"
"10,17 : 55.44"
"10,18 : 61.61"
"10,19 : 44.38"
"10,20 : 13.6"
"10,21 : 12.17"
"10,22 : 51.2"
"10,23 : 49.58"
"10,24 : 8.94"
"10,25 : 77.67"
"10,26 : 30.46"
"10,27 : 28.6"
"10,28 : 28.64"
"10,29 : 21.02"
"10,30 : 33.24"
"10,31 : 23.02"
"10,32 : 59.41"
"10,33 : 32.56"
"10,34 : 37.22"
"10,35 : 68.6"
"10,36 : 52.5"
"10,37 : 25.96"
"10,38 : 56.89"
"10,39 : 10.82"
"10,40 : 35.51"
"10,41 : 40.11"
"10,42 : 71.85"
"10,43 : 41.44"
"10,44 : 35.06"
"10,45 : 44.05"
"10,46 : 45.61"
"10,47 : 52.35"
"10,48 : 52.0"
"10,49 : 35.11"
"11,0 : 100.46"
"11,1 : 66.07"
"11,2 : 97.8"
"11,3 : 60.44"
"11,4 : 75.29"
"11,5 : 56.0"
"11,6 : 28.16"
"11,7 : 115.94"
"11,8 : 38.9"
"11,9 : 18.03"
"11,10 : 72.8"
"11,11 : 0.0"
"11,12 : 77.79"
"11,13 : 3.61"
"11,14 : 57.0"
"11,15 : 81.79"
"11,16 : 30.87"
"11,17 : 111.36"
"11,18 : 58.03"
"11,19 : 94.37"
"11,20 : 84.22"
"11,21 : 83.76"
"11,22 : 116.61"
"11,23 : 23.71"
"11,24 : 81.61"
"11,25 : 33.29"
"11,26 : 43.86"
"11,27 : 78.55"
"11,28 : 45.25"
"11,29 : 65.8"
"11,30 : 47.17"
"11,31 : 95.8"
"11,32 : 79.63"
"11,33 : 76.94"
"11,34 : 52.39"
"11,35 : 79.01"
"11,36 : 20.59"
"11,37 : 67.72"
"11,38 : 54.04"
"11,39 : 83.1"
"11,40 : 101.67"
"11,41 : 55.15"
"11,42 : 56.52"
"11,43 : 52.81"
"11,44 : 96.83"
"11,45 : 75.89"
"11,46 : 70.0"
"11,47 : 70.04"
"11,48 : 120.62"
"11,49 : 61.33"
"12,0 : 23.6"
"12,1 : 29.21"
"12,2 : 56.04"
"12,3 : 17.46"
"12,4 : 70.77"
"12,5 : 30.0"
"12,6 : 53.34"
"12,7 : 46.53"
"12,8 : 46.1"
"12,9 : 60.64"
"12,10 : 45.34"
"12,11 : 77.79"
"12,12 : 0.0"
"12,13 : 75.0"
"12,14 : 29.41"
"12,15 : 9.22"
"12,16 : 61.13"
"12,17 : 36.8"
"12,18 : 30.53"
"12,19 : 20.25"
"12,20 : 41.63"
"12,21 : 53.85"
"12,22 : 49.24"
"12,23 : 63.07"
"12,24 : 49.4"
"12,25 : 62.29"
"12,26 : 42.43"
"12,27 : 18.38"
"12,28 : 42.76"
"12,29 : 25.81"
"12,30 : 34.01"
"12,31 : 55.66"
"12,32 : 14.87"
"12,33 : 13.42"
"12,34 : 26.17"
"12,35 : 25.5"
"12,36 : 64.28"
"12,37 : 68.6"
"12,38 : 29.73"
"12,39 : 45.18"
"12,40 : 40.31"
"12,41 : 76.56"
"12,42 : 41.59"
"12,43 : 25.0"
"12,44 : 32.39"
"12,45 : 2.0"
"12,46 : 87.13"
"12,47 : 13.0"
"12,48 : 56.92"
"12,49 : 18.03"
"13,0 : 97.5"
"13,1 : 62.63"
"13,2 : 94.2"
"13,3 : 57.72"
"13,4 : 71.84"
"13,5 : 54.08"
"13,6 : 26.68"
"13,7 : 112.61"
"13,8 : 35.38"
"13,9 : 14.76"
"13,10 : 69.2"
"13,11 : 3.61"
"13,12 : 75.0"
"13,13 : 0.0"
"13,14 : 55.08"
"13,15 : 79.25"
"13,16 : 27.31"
"13,17 : 108.23"
"13,18 : 56.22"
"13,19 : 91.29"
"13,20 : 80.66"
"13,21 : 80.16"
"13,22 : 113.23"
"13,23 : 20.12"
"13,24 : 78.01"
"13,25 : 33.42"
"13,26 : 40.36"
"13,27 : 75.29"
"13,28 : 41.73"
"13,29 : 62.43"
"13,30 : 43.91"
"13,31 : 92.2"
"13,32 : 77.32"
"13,33 : 73.79"
"13,34 : 49.4"
"13,35 : 77.1"
"13,36 : 17.0"
"13,37 : 64.29"
"13,38 : 52.01"
"13,39 : 79.51"
"13,40 : 98.23"
"13,41 : 52.04"
"13,42 : 55.36"
"13,43 : 50.0"
"13,44 : 93.48"
"13,45 : 73.08"
"13,46 : 67.03"
"13,47 : 67.6"
"13,48 : 117.15"
"13,49 : 58.31"
"14,0 : 52.35"
"14,1 : 42.43"
"14,2 : 78.03"
"14,3 : 17.03"
"14,4 : 80.06"
"14,5 : 1.0"
"14,6 : 29.15"
"14,7 : 75.8"
"14,8 : 39.62"
"14,9 : 43.17"
"14,10 : 59.44"
"14,11 : 57.0"
"14,12 : 29.41"
"14,13 : 55.08"
"14,14 : 0.0"
"14,15 : 28.6"
"14,16 : 52.15"
"14,17 : 66.07"
"14,18 : 2.24"
"14,19 : 49.65"
"14,20 : 62.0"
"14,21 : 70.86"
"14,22 : 78.29"
"14,23 : 50.57"
"14,24 : 66.61"
"14,25 : 34.13"
"14,26 : 39.05"
"14,27 : 42.2"
"14,28 : 40.61"
"14,29 : 39.2"
"14,30 : 30.23"
"14,31 : 77.0"
"14,32 : 24.17"
"14,33 : 37.64"
"14,34 : 22.85"
"14,35 : 22.02"
"14,36 : 50.33"
"14,37 : 75.29"
"14,38 : 3.61"
"14,39 : 64.12"
"14,40 : 67.68"
"14,41 : 76.38"
"14,42 : 13.15"
"14,43 : 18.38"
"14,44 : 60.17"
"14,45 : 28.3"
"14,46 : 90.27"
"14,47 : 16.97"
"14,48 : 85.49"
"14,49 : 25.02"
"15,0 : 24.7"
"15,1 : 38.29"
"15,2 : 64.51"
"15,3 : 22.0"
"15,4 : 79.93"
"15,5 : 29.41"
"15,6 : 55.71"
"15,7 : 50.6"
"15,8 : 52.95"
"15,9 : 65.38"
"15,10 : 54.56"
"15,11 : 81.79"
"15,12 : 9.22"
"15,13 : 79.25"
"15,14 : 28.6"
"15,15 : 0.0"
"15,16 : 67.9"
"15,17 : 38.95"
"15,18 : 29.07"
"15,19 : 24.52"
"15,20 : 50.54"
"15,21 : 62.97"
"15,22 : 53.85"
"15,23 : 69.12"
"15,24 : 58.52"
"15,25 : 62.68"
"15,26 : 49.73"
"15,27 : 27.29"
"15,28 : 50.29"
"15,29 : 34.83"
"15,30 : 40.79"
"15,31 : 64.26"
"15,32 : 7.07"
"15,33 : 22.47"
"15,34 : 32.25"
"15,35 : 18.03"
"15,36 : 70.01"
"15,37 : 77.62"
"15,38 : 30.02"
"15,39 : 54.2"
"15,40 : 47.01"
"15,41 : 84.97"
"15,42 : 39.05"
"15,43 : 30.0"
"15,44 : 39.01"
"15,45 : 10.63"
"15,46 : 95.96"
"15,47 : 12.08"
"15,48 : 62.17"
"15,49 : 25.3"
"16,0 : 80.62"
"16,1 : 40.5"
"16,2 : 67.94"
"16,3 : 46.32"
"16,4 : 44.91"
"16,5 : 51.31"
"16,6 : 34.44"
"16,7 : 90.87"
"16,8 : 15.03"
"16,9 : 18.11"
"16,10 : 43.14"
"16,11 : 30.87"
"16,12 : 61.13"
"16,13 : 27.31"
"16,14 : 52.15"
"16,15 : 67.9"
"16,16 : 0.0"
"16,17 : 89.02"
"16,18 : 54.08"
"16,19 : 73.16"
"16,20 : 55.61"
"16,21 : 53.41"
"16,22 : 90.79"
"16,23 : 7.28"
"16,24 : 51.66"
"16,25 : 48.38"
"16,26 : 19.1"
"16,27 : 55.54"
"16,28 : 19.42"
"16,29 : 41.48"
"16,30 : 27.17"
"16,31 : 65.86"
"16,32 : 68.41"
"16,33 : 55.58"
"16,34 : 35.69"
"16,35 : 72.09"
"16,36 : 10.44"
"16,37 : 37.48"
"16,38 : 48.55"
"16,39 : 53.81"
"16,40 : 75.18"
"16,41 : 28.46"
"16,42 : 58.69"
"16,43 : 38.6"
"16,44 : 71.69"
"16,45 : 59.14"
"16,46 : 43.97"
"16,47 : 58.24"
"16,48 : 93.49"
"16,49 : 43.1"
"17,0 : 14.32"
"17,1 : 48.84"
"17,2 : 48.26"
"17,3 : 53.26"
"17,4 : 79.81"
"17,5 : 66.71"
"17,6 : 89.2"
"17,7 : 14.32"
"17,8 : 74.95"
"17,9 : 93.47"
"17,10 : 55.44"
"17,11 : 111.36"
"17,12 : 36.8"
"17,13 : 108.23"
"17,14 : 66.07"
"17,15 : 38.95"
"17,16 : 89.02"
"17,17 : 0.0"
"17,18 : 67.01"
"17,19 : 17.2"
"17,20 : 43.42"
"17,21 : 56.3"
"17,22 : 18.68"
"17,23 : 92.97"
"17,24 : 53.16"
"17,25 : 99.01"
"17,26 : 70.21"
"17,27 : 33.53"
"17,28 : 69.64"
"17,29 : 47.54"
"17,30 : 64.47"
"17,31 : 49.4"
"17,32 : 45.62"
"17,33 : 34.44"
"17,34 : 59.17"
"17,35 : 55.71"
"17,36 : 94.92"
"17,37 : 81.22"
"17,38 : 66.53"
"17,39 : 47.8"
"17,40 : 23.85"
"17,41 : 95.08"
"17,42 : 77.67"
"17,43 : 59.64"
"17,44 : 20.62"
"17,45 : 38.18"
"17,46 : 100.81"
"17,47 : 49.2"
"17,48 : 27.89"
"17,49 : 50.25"
"18,0 : 53.15"
"18,1 : 44.55"
"18,2 : 80.01"
"18,3 : 19.0"
"18,4 : 82.29"
"18,5 : 2.83"
"18,6 : 30.02"
"18,7 : 77.03"
"18,8 : 41.73"
"18,9 : 44.64"
"18,10 : 61.61"
"18,11 : 58.03"
"18,12 : 30.53"
"18,13 : 56.22"
"18,14 : 2.24"
"18,15 : 29.07"
"18,16 : 54.08"
"18,17 : 67.01"
"18,18 : 0.0"
"18,19 : 50.77"
"18,20 : 64.01"
"18,21 : 72.99"
"18,22 : 79.61"
"18,23 : 52.33"
"18,24 : 68.73"
"18,25 : 34.0"
"18,26 : 41.23"
"18,27 : 43.93"
"18,28 : 42.8"
"18,29 : 41.3"
"18,30 : 32.45"
"18,31 : 79.01"
"18,32 : 24.19"
"18,33 : 39.29"
"18,34 : 25.08"
"18,35 : 21.02"
"18,36 : 52.0"
"18,37 : 77.52"
"18,38 : 5.66"
"18,39 : 66.19"
"18,40 : 69.26"
"18,41 : 78.52"
"18,42 : 11.4"
"18,43 : 20.62"
"18,44 : 61.68"
"18,45 : 29.53"
"18,46 : 92.46"
"18,47 : 17.8"
"18,48 : 86.93"
"18,49 : 27.07"
"19,0 : 8.54"
"19,1 : 34.01"
"19,2 : 45.22"
"19,3 : 36.12"
"19,4 : 70.21"
"19,5 : 50.22"
"19,6 : 72.01"
"19,7 : 26.4"
"19,8 : 58.69"
"19,9 : 76.56"
"19,10 : 44.38"
"19,11 : 94.37"
"19,12 : 20.25"
"19,13 : 91.29"
"19,14 : 49.65"
"19,15 : 24.52"
"19,16 : 73.16"
"19,17 : 17.2"
"19,18 : 50.77"
"19,19 : 0.0"
"19,20 : 35.0"
"19,21 : 48.6"
"19,22 : 29.41"
"19,23 : 76.66"
"19,24 : 44.65"
"19,25 : 82.04"
"19,26 : 54.13"
"19,27 : 18.0"
"19,28 : 53.76"
"19,29 : 32.06"
"19,30 : 47.76"
"19,31 : 45.61"
"19,32 : 31.58"
"19,33 : 17.72"
"19,34 : 42.06"
"19,35 : 42.43"
"19,36 : 78.45"
"19,37 : 70.23"
"19,38 : 49.82"
"19,39 : 39.41"
"19,40 : 23.77"
"19,41 : 82.2"
"19,42 : 61.77"
"19,43 : 42.44"
"19,44 : 16.16"
"19,45 : 21.4"
"19,46 : 89.81"
"19,47 : 33.12"
"19,48 : 37.66"
"19,49 : 33.12"
"20,0 : 43.27"
"20,1 : 20.88"
"20,2 : 16.12"
"20,3 : 45.01"
"20,4 : 36.4"
"20,5 : 62.01"
"20,6 : 71.18"
"20,7 : 39.12"
"20,8 : 45.45"
"20,9 : 66.84"
"20,10 : 13.6"
"20,11 : 84.22"
"20,12 : 41.63"
"20,13 : 80.66"
"20,14 : 62.0"
"20,15 : 50.54"
"20,16 : 55.61"
"20,17 : 43.42"
"20,18 : 64.01"
"20,19 : 35.0"
"20,20 : 0.0"
"20,21 : 13.6"
"20,22 : 37.66"
"20,23 : 61.62"
"20,24 : 9.85"
"20,25 : 85.09"
"20,26 : 40.61"
"20,27 : 23.26"
"20,28 : 39.05"
"20,29 : 23.35"
"20,30 : 40.72"
"20,31 : 15.0"
"20,32 : 56.46"
"20,33 : 28.23"
"20,34 : 41.98"
"20,35 : 66.73"
"20,36 : 64.38"
"20,37 : 38.12"
"20,38 : 60.07"
"20,39 : 4.47"
"20,40 : 22.09"
"20,41 : 53.46"
"20,42 : 75.03"
"20,43 : 45.54"
"20,44 : 22.8"
"20,45 : 40.85"
"20,46 : 57.56"
"20,47 : 51.42"
"20,48 : 38.48"
"20,49 : 37.01"
"21,0 : 56.86"
"21,1 : 28.44"
"21,2 : 15.26"
"21,3 : 54.34"
"21,4 : 24.08"
"21,5 : 70.71"
"21,6 : 75.19"
"21,7 : 50.25"
"21,8 : 46.62"
"21,9 : 67.54"
"21,10 : 12.17"
"21,11 : 83.76"
"21,12 : 53.85"
"21,13 : 80.16"
"21,14 : 70.86"
"21,15 : 62.97"
"21,16 : 53.41"
"21,17 : 56.3"
"21,18 : 72.99"
"21,19 : 48.6"
"21,20 : 13.6"
"21,21 : 0.0"
"21,22 : 48.01"
"21,23 : 60.22"
"21,24 : 4.47"
"21,25 : 89.82"
"21,26 : 42.38"
"21,27 : 35.81"
"21,28 : 40.5"
"21,29 : 31.78"
"21,30 : 45.4"
"21,31 : 13.04"
"21,32 : 68.48"
"21,33 : 40.5"
"21,34 : 49.04"
"21,35 : 78.29"
"21,36 : 63.25"
"21,37 : 27.46"
"21,38 : 68.47"
"21,39 : 9.22"
"21,40 : 33.54"
"21,41 : 44.6"
"21,42 : 83.49"
"21,43 : 53.15"
"21,44 : 35.85"
"21,45 : 52.84"
"21,46 : 46.0"
"21,47 : 62.39"
"21,48 : 46.69"
"21,49 : 46.1"
"22,0 : 31.02"
"22,1 : 50.77"
"22,2 : 36.14"
"22,3 : 63.25"
"22,4 : 72.06"
"22,5 : 78.77"
"22,6 : 97.67"
"22,7 : 4.47"
"22,8 : 78.23"
"22,9 : 98.6"
"22,10 : 51.2"
"22,11 : 116.61"
"22,12 : 49.24"
"22,13 : 113.23"
"22,14 : 78.29"
"22,15 : 53.85"
"22,16 : 90.79"
"22,17 : 18.68"
"22,18 : 79.61"
"22,19 : 29.41"
"22,20 : 37.66"
"22,21 : 48.01"
"22,22 : 0.0"
"22,23 : 95.88"
"22,24 : 46.1"
"22,25 : 109.2"
"22,26 : 73.25"
"22,27 : 38.9"
"22,28 : 72.2"
"22,29 : 50.8"
"22,30 : 69.66"
"22,31 : 37.85"
"22,32 : 60.88"
"22,33 : 42.01"
"22,34 : 66.48"
"22,35 : 71.59"
"22,36 : 98.27"
"22,37 : 75.11"
"22,38 : 78.03"
"22,39 : 41.3"
"22,40 : 15.81"
"22,41 : 91.08"
"22,42 : 90.8"
"22,43 : 68.12"
"22,44 : 19.85"
"22,45 : 50.09"
"22,46 : 94.01"
"22,47 : 62.24"
"22,48 : 9.22"
"22,49 : 58.14"
"23,0 : 83.74"
"23,1 : 45.18"
"23,2 : 74.52"
"23,3 : 47.17"
"23,4 : 52.17"
"23,5 : 49.66"
"23,6 : 29.41"
"23,7 : 95.71"
"23,8 : 18.03"
"23,9 : 11.7"
"23,10 : 49.58"
"23,11 : 23.71"
"23,12 : 63.07"
"23,13 : 20.12"
"23,14 : 50.57"
"23,15 : 69.12"
"23,16 : 7.28"
"23,17 : 92.97"
"23,18 : 52.33"
"23,19 : 76.66"
"23,20 : 61.62"
"23,21 : 60.22"
"23,22 : 95.88"
"23,23 : 0.0"
"23,24 : 58.26"
"23,25 : 42.54"
"23,26 : 22.85"
"23,27 : 59.46"
"23,28 : 23.71"
"23,29 : 45.69"
"23,30 : 29.27"
"23,31 : 72.47"
"23,32 : 68.88"
"23,33 : 58.94"
"23,34 : 37.0"
"23,35 : 71.47"
"23,36 : 3.16"
"23,37 : 44.72"
"23,38 : 47.01"
"23,39 : 60.11"
"23,40 : 80.45"
"23,41 : 34.71"
"23,42 : 55.61"
"23,43 : 39.2"
"23,44 : 76.48"
"23,45 : 61.07"
"23,46 : 50.22"
"23,47 : 58.69"
"23,48 : 99.05"
"23,49 : 45.18"
"24,0 : 53.0"
"24,1 : 24.19"
"24,2 : 16.28"
"24,3 : 50.01"
"24,4 : 26.68"
"24,5 : 66.48"
"24,6 : 71.84"
"24,7 : 48.01"
"24,8 : 43.83"
"24,9 : 65.0"
"24,10 : 8.94"
"24,11 : 81.61"
"24,12 : 49.4"
"24,13 : 78.01"
"24,14 : 66.61"
"24,15 : 58.52"
"24,16 : 51.66"
"24,17 : 53.16"
"24,18 : 68.73"
"24,19 : 44.65"
"24,20 : 9.85"
"24,21 : 4.47"
"24,22 : 46.1"
"24,23 : 58.26"
"24,24 : 0.0"
"24,25 : 86.35"
"24,26 : 39.4"
"24,27 : 31.4"
"24,28 : 37.58"
"24,29 : 27.46"
"24,30 : 41.77"
"24,31 : 14.21"
"24,32 : 64.01"
"24,33 : 36.06"
"24,34 : 45.0"
"24,35 : 73.82"
"24,36 : 61.22"
"24,37 : 29.02"
"24,38 : 64.28"
"24,39 : 5.39"
"24,40 : 31.06"
"24,41 : 45.35"
"24,42 : 79.31"
"24,43 : 49.04"
"24,44 : 32.57"
"24,45 : 48.37"
"24,46 : 48.17"
"24,47 : 57.94"
"24,48 : 45.61"
"24,49 : 41.77"
"25,0 : 85.8"
"25,1 : 64.26"
"25,2 : 100.88"
"25,3 : 46.1"
"25,4 : 90.2"
"25,5 : 33.29"
"25,6 : 15.0"
"25,7 : 107.3"
"25,8 : 45.0"
"25,9 : 30.87"
"25,10 : 77.67"
"25,11 : 33.29"
"25,12 : 62.29"
"25,13 : 33.42"
"25,14 : 34.13"
"25,15 : 62.68"
"25,16 : 48.38"
"25,17 : 99.01"
"25,18 : 34.0"
"25,19 : 82.04"
"25,20 : 85.09"
"25,21 : 89.82"
"25,22 : 109.2"
"25,23 : 42.54"
"25,24 : 86.35"
"25,25 : 0.0"
"25,26 : 48.17"
"25,27 : 70.72"
"25,28 : 50.16"
"25,29 : 62.24"
"25,30 : 44.64"
"25,31 : 99.33"
"25,32 : 58.18"
"25,33 : 67.2"
"25,34 : 43.83"
"25,35 : 53.76"
"25,36 : 40.25"
"25,37 : 83.49"
"25,38 : 32.8"
"25,39 : 85.73"
"25,40 : 96.57"
"25,41 : 76.84"
"25,42 : 27.46"
"25,43 : 41.34"
"25,44 : 89.87"
"25,45 : 60.83"
"25,46 : 92.35"
"25,47 : 50.8"
"25,48 : 115.38"
"25,49 : 51.31"
"26,0 : 61.52"
"26,1 : 22.47"
"26,2 : 55.07"
"26,3 : 29.07"
"26,4 : 43.17"
"26,5 : 38.42"
"26,6 : 33.24"
"26,7 : 72.95"
"26,8 : 5.0"
"26,9 : 26.25"
"26,10 : 30.46"
"26,11 : 43.86"
"26,12 : 42.43"
"26,13 : 40.36"
"26,14 : 39.05"
"26,15 : 49.73"
"26,16 : 19.1"
"26,17 : 70.21"
"26,18 : 41.23"
"26,19 : 54.13"
"26,20 : 40.61"
"26,21 : 42.38"
"26,22 : 73.25"
"26,23 : 22.85"
"26,24 : 39.4"
"26,25 : 48.17"
"26,26 : 0.0"
"26,27 : 36.69"
"26,28 : 2.0"
"26,29 : 22.85"
"26,30 : 9.43"
"26,31 : 53.24"
"26,32 : 51.08"
"26,33 : 36.5"
"26,34 : 18.36"
"26,35 : 56.3"
"26,36 : 25.06"
"26,37 : 37.34"
"26,38 : 35.61"
"26,39 : 39.96"
"26,40 : 58.01"
"26,41 : 37.54"
"26,42 : 48.76"
"26,43 : 22.2"
"26,44 : 53.71"
"26,45 : 40.45"
"26,46 : 51.22"
"26,47 : 41.15"
"26,48 : 76.84"
"26,49 : 24.52"
"27,0 : 26.17"
"27,1 : 16.03"
"27,2 : 37.85"
"27,3 : 25.63"
"27,4 : 54.64"
"27,5 : 42.45"
"27,6 : 58.8"
"27,7 : 37.64"
"27,8 : 41.44"
"27,9 : 60.54"
"27,10 : 28.6"
"27,11 : 78.55"
"27,12 : 18.38"
"27,13 : 75.29"
"27,14 : 42.2"
"27,15 : 27.29"
"27,16 : 55.54"
"27,17 : 33.53"
"27,18 : 43.93"
"27,19 : 18.0"
"27,20 : 23.26"
"27,21 : 35.81"
"27,22 : 38.9"
"27,23 : 59.46"
"27,24 : 31.4"
"27,25 : 70.72"
"27,26 : 36.69"
"27,27 : 0.0"
"27,28 : 36.14"
"27,29 : 14.14"
"27,30 : 31.38"
"27,31 : 37.36"
"27,32 : 33.24"
"27,33 : 5.1"
"27,34 : 27.59"
"27,35 : 43.68"
"27,36 : 61.47"
"27,37 : 53.67"
"27,38 : 41.11"
"27,39 : 26.93"
"27,40 : 25.94"
"27,41 : 64.54"
"27,42 : 55.32"
"27,43 : 29.41"
"27,44 : 19.21"
"27,45 : 17.72"
"27,46 : 73.01"
"27,47 : 29.07"
"27,48 : 44.65"
"27,49 : 19.42"
"28,0 : 61.29"
"28,1 : 21.47"
"28,2 : 53.34"
"28,3 : 30.02"
"28,4 : 41.23"
"28,5 : 40.0"
"28,6 : 35.23"
"28,7 : 72.01"
"28,8 : 6.4"
"28,9 : 27.8"
"28,10 : 28.64"
"28,11 : 45.25"
"28,12 : 42.76"
"28,13 : 41.73"
"28,14 : 40.61"
"28,15 : 50.29"
"28,16 : 19.42"
"28,17 : 69.64"
"28,18 : 42.8"
"28,19 : 53.76"
"28,20 : 39.05"
"28,21 : 40.5"
"28,22 : 72.2"
"28,23 : 23.71"
"28,24 : 37.58"
"28,25 : 50.16"
"28,26 : 2.0"
"28,27 : 36.14"
"28,28 : 0.0"
"28,29 : 22.14"
"28,30 : 10.63"
"28,31 : 51.48"
"28,32 : 51.89"
"28,33 : 36.22"
"28,34 : 19.42"
"28,35 : 57.43"
"28,36 : 26.08"
"28,37 : 35.47"
"28,38 : 37.2"
"28,39 : 38.28"
"28,40 : 56.86"
"28,41 : 36.24"
"28,42 : 50.54"
"28,43 : 23.43"
"28,44 : 52.77"
"28,45 : 40.79"
"28,46 : 49.68"
"28,47 : 42.06"
"28,48 : 75.6"
"28,49 : 25.0"
"29,0 : 40.01"
"29,1 : 3.61"
"29,2 : 39.46"
"29,3 : 22.56"
"29,4 : 45.28"
"29,5 : 39.12"
"29,6 : 48.88"
"29,7 : 50.25"
"29,8 : 27.73"
"29,9 : 47.8"
"29,10 : 21.02"
"29,11 : 65.8"
"29,12 : 25.81"
"29,13 : 62.43"
"29,14 : 39.2"
"29,15 : 34.83"
"29,16 : 41.48"
"29,17 : 47.54"
"29,18 : 41.3"
"29,19 : 32.06"
"29,20 : 23.35"
"29,21 : 31.78"
"29,22 : 50.8"
"29,23 : 45.69"
"29,24 : 27.46"
"29,25 : 62.24"
"29,26 : 22.85"
"29,27 : 14.14"
"29,28 : 22.14"
"29,29 : 0.0"
"29,30 : 19.1"
"29,31 : 38.21"
"29,32 : 38.95"
"29,33 : 15.3"
"29,34 : 18.68"
"29,35 : 47.71"
"29,36 : 47.85"
"29,37 : 42.8"
"29,38 : 37.01"
"29,39 : 25.0"
"29,40 : 36.07"
"29,41 : 51.55"
"29,42 : 52.04"
"29,43 : 22.2"
"29,44 : 31.06"
"29,45 : 24.21"
"29,46 : 61.4"
"29,47 : 31.38"
"29,48 : 55.15"
"29,49 : 14.32"
"30,0 : 54.57"
"30,1 : 20.25"
"30,2 : 56.3"
"30,3 : 19.7"
"30,4 : 50.33"
"30,5 : 29.68"
"30,6 : 30.46"
"30,7 : 68.82"
"30,8 : 12.17"
"30,9 : 29.15"
"30,10 : 33.24"
"30,11 : 47.17"
"30,12 : 34.01"
"30,13 : 43.91"
"30,14 : 30.23"
"30,15 : 40.79"
"30,16 : 27.17"
"30,17 : 64.47"
"30,18 : 32.45"
"30,19 : 47.76"
"30,20 : 40.72"
"30,21 : 45.4"
"30,22 : 69.66"
"30,23 : 29.27"
"30,24 : 41.77"
"30,25 : 44.64"
"30,26 : 9.43"
"30,27 : 31.38"
"30,28 : 10.63"
"30,29 : 19.1"
"30,30 : 0.0"
"30,31 : 54.71"
"30,32 : 41.79"
"30,33 : 30.08"
"30,34 : 8.94"
"30,35 : 46.87"
"30,36 : 30.81"
"30,37 : 45.18"
"30,38 : 26.93"
"30,39 : 41.11"
"30,40 : 55.15"
"30,41 : 46.86"
"30,42 : 40.85"
"30,43 : 12.81"
"30,44 : 49.82"
"30,45 : 32.02"
"30,46 : 60.21"
"30,47 : 31.78"
"30,48 : 74.25"
"30,49 : 16.0"
"31,0 : 53.08"
"31,1 : 35.51"
"31,2 : 2.24"
"31,3 : 60.01"
"31,4 : 35.36"
"31,5 : 77.01"
"31,6 : 85.09"
"31,7 : 40.8"
"31,8 : 57.8"
"31,9 : 79.08"
"31,10 : 23.02"
"31,11 : 95.8"
"31,12 : 55.66"
"31,13 : 92.2"
"31,14 : 77.0"
"31,15 : 64.26"
"31,16 : 65.86"
"31,17 : 49.4"
"31,18 : 79.01"
"31,19 : 45.61"
"31,20 : 15.0"
"31,21 : 13.04"
"31,22 : 37.85"
"31,23 : 72.47"
"31,24 : 14.21"
"31,25 : 99.33"
"31,26 : 53.24"
"31,27 : 37.36"
"31,28 : 51.48"
"31,29 : 38.21"
"31,30 : 54.71"
"31,31 : 0.0"
"31,32 : 70.52"
"31,33 : 42.45"
"31,34 : 56.72"
"31,35 : 81.04"
"31,36 : 75.43"
"31,37 : 39.85"
"31,38 : 75.06"
"31,39 : 13.6"
"31,40 : 25.55"
"31,41 : 57.38"
"31,42 : 90.02"
"31,43 : 60.41"
"31,44 : 30.41"
"31,45 : 55.08"
"31,46 : 57.43"
"31,47 : 66.1"
"31,48 : 35.01"
"31,49 : 52.01"
"32,0 : 31.3"
"32,1 : 42.52"
"32,2 : 70.88"
"32,3 : 22.14"
"32,4 : 84.22"
"32,5 : 25.08"
"32,6 : 52.63"
"32,7 : 57.57"
"32,8 : 53.76"
"32,9 : 64.0"
"32,10 : 59.41"
"32,11 : 79.63"
"32,12 : 14.87"
"32,13 : 77.32"
"32,14 : 24.17"
"32,15 : 7.07"
"32,16 : 68.41"
"32,17 : 45.62"
"32,18 : 24.19"
"32,19 : 31.58"
"32,20 : 56.46"
"32,21 : 68.48"
"32,22 : 60.88"
"32,23 : 68.88"
"32,24 : 64.01"
"32,25 : 58.18"
"32,26 : 51.08"
"32,27 : 33.24"
"32,28 : 51.89"
"32,29 : 38.95"
"32,30 : 41.79"
"32,31 : 70.52"
"32,32 : 0.0"
"32,33 : 28.23"
"32,34 : 32.89"
"32,35 : 11.0"
"32,36 : 69.46"
"32,37 : 81.39"
"32,38 : 26.25"
"32,39 : 59.93"
"32,40 : 54.0"
"32,41 : 87.46"
"32,42 : 33.24"
"32,43 : 29.83"
"32,44 : 46.0"
"32,45 : 15.65"
"32,46 : 99.2"
"32,47 : 10.2"
"32,48 : 69.23"
"32,49 : 27.46"
"33,0 : 25.08"
"33,1 : 18.03"
"33,2 : 42.95"
"33,3 : 21.47"
"33,4 : 58.41"
"33,5 : 37.95"
"33,6 : 55.87"
"33,7 : 40.31"
"33,8 : 41.0"
"33,9 : 59.03"
"33,10 : 32.56"
"33,11 : 76.94"
"33,12 : 13.42"
"33,13 : 73.79"
"33,14 : 37.64"
"33,15 : 22.47"
"33,16 : 55.58"
"33,17 : 34.44"
"33,18 : 39.29"
"33,19 : 17.72"
"33,20 : 28.23"
"33,21 : 40.5"
"33,22 : 42.01"
"33,23 : 58.94"
"33,24 : 36.06"
"33,25 : 67.2"
"33,26 : 36.5"
"33,27 : 5.1"
"33,28 : 36.22"
"33,29 : 15.3"
"33,30 : 30.08"
"33,31 : 42.45"
"33,32 : 28.23"
"33,33 : 0.0"
"33,34 : 25.0"
"33,35 : 38.6"
"33,36 : 60.73"
"33,37 : 56.94"
"33,38 : 36.77"
"33,39 : 31.76"
"33,40 : 30.08"
"33,41 : 66.76"
"33,42 : 50.7"
"33,43 : 26.17"
"33,44 : 22.83"
"33,45 : 12.65"
"33,46 : 76.03"
"33,47 : 24.02"
"33,48 : 48.37"
"33,49 : 16.28"
"34,0 : 48.1"
"34,1 : 21.21"
"34,2 : 58.05"
"34,3 : 10.77"
"34,4 : 57.25"
"34,5 : 22.47"
"34,6 : 31.24"
"34,7 : 65.12"
"34,8 : 20.88"
"34,9 : 34.79"
"34,10 : 37.22"
"34,11 : 52.39"
"34,12 : 26.17"
"34,13 : 49.4"
"34,14 : 22.85"
"34,15 : 32.25"
"34,16 : 35.69"
"34,17 : 59.17"
"34,18 : 25.08"
"34,19 : 42.06"
"34,20 : 41.98"
"34,21 : 49.04"
"34,22 : 66.48"
"34,23 : 37.0"
"34,24 : 45.0"
"34,25 : 43.83"
"34,26 : 18.36"
"34,27 : 27.59"
"34,28 : 19.42"
"34,29 : 18.68"
"34,30 : 8.94"
"34,31 : 56.72"
"34,32 : 32.89"
"34,33 : 25.0"
"34,34 : 0.0"
"34,35 : 38.01"
"34,36 : 38.12"
"34,37 : 52.7"
"34,38 : 19.92"
"34,39 : 43.29"
"34,40 : 53.01"
"34,41 : 55.61"
"34,42 : 34.71"
"34,43 : 4.47"
"34,44 : 46.75"
"34,45 : 24.19"
"34,46 : 68.59"
"34,47 : 22.85"
"34,48 : 72.01"
"34,49 : 8.94"
"35,0 : 41.44"
"35,1 : 51.31"
"35,2 : 81.49"
"35,3 : 27.66"
"35,4 : 92.62"
"35,5 : 23.02"
"35,6 : 51.04"
"35,7 : 68.15"
"35,8 : 58.18"
"35,9 : 64.94"
"35,10 : 68.6"
"35,11 : 79.01"
"35,12 : 25.5"
"35,13 : 77.1"
"35,14 : 22.02"
"35,15 : 18.03"
"35,16 : 72.09"
"35,17 : 55.71"
"35,18 : 21.02"
"35,19 : 42.43"
"35,20 : 66.73"
"35,21 : 78.29"
"35,22 : 71.59"
"35,23 : 71.47"
"35,24 : 73.82"
"35,25 : 53.76"
"35,26 : 56.3"
"35,27 : 43.68"
"35,28 : 57.43"
"35,29 : 47.71"
"35,30 : 46.87"
"35,31 : 81.04"
"35,32 : 11.0"
"35,33 : 38.6"
"35,34 : 38.01"
"35,35 : 0.0"
"35,36 : 71.57"
"35,37 : 89.2"
"35,38 : 25.18"
"35,39 : 70.01"
"35,40 : 65.0"
"35,41 : 93.6"
"35,42 : 26.83"
"35,43 : 34.13"
"35,44 : 57.0"
"35,45 : 25.96"
"35,46 : 106.22"
"35,47 : 16.4"
"35,48 : 80.06"
"35,49 : 34.71"
"36,0 : 85.38"
"36,1 : 47.51"
"36,2 : 77.47"
"36,3 : 48.01"
"36,4 : 55.32"
"36,5 : 49.4"
"36,6 : 27.66"
"36,7 : 98.01"
"36,8 : 20.12"
"36,9 : 9.43"
"36,10 : 52.5"
"36,11 : 20.59"
"36,12 : 64.28"
"36,13 : 17.0"
"36,14 : 50.33"
"36,15 : 70.01"
"36,16 : 10.44"
"36,17 : 94.92"
"36,18 : 52.0"
"36,19 : 78.45"
"36,20 : 64.38"
"36,21 : 63.25"
"36,22 : 98.27"
"36,23 : 3.16"
"36,24 : 61.22"
"36,25 : 40.25"
"36,26 : 25.06"
"36,27 : 61.47"
"36,28 : 26.08"
"36,29 : 47.85"
"36,30 : 30.81"
"36,31 : 75.43"
"36,32 : 69.46"
"36,33 : 60.73"
"36,34 : 38.12"
"36,35 : 71.57"
"36,36 : 0.0"
"36,37 : 47.85"
"36,38 : 46.82"
"36,39 : 62.97"
"36,40 : 82.93"
"36,41 : 37.48"
"36,42 : 54.64"
"36,43 : 40.01"
"36,44 : 78.77"
"36,45 : 62.29"
"36,46 : 52.95"
"36,47 : 59.3"
"36,48 : 101.61"
"36,49 : 46.53"
"37,0 : 78.77"
"37,1 : 39.41"
"37,2 : 42.06"
"37,3 : 61.85"
"37,4 : 7.62"
"37,5 : 74.79"
"37,6 : 68.59"
"37,7 : 77.0"
"37,8 : 39.05"
"37,9 : 55.15"
"37,10 : 25.96"
"37,11 : 67.72"
"37,12 : 68.6"
"37,13 : 64.29"
"37,14 : 75.29"
"37,15 : 77.62"
"37,16 : 37.48"
"37,17 : 81.22"
"37,18 : 77.52"
"37,19 : 70.23"
"37,20 : 38.12"
"37,21 : 27.46"
"37,22 : 75.11"
"37,23 : 44.72"
"37,24 : 29.02"
"37,25 : 83.49"
"37,26 : 37.34"
"37,27 : 53.67"
"37,28 : 35.47"
"37,29 : 42.8"
"37,30 : 45.18"
"37,31 : 39.85"
"37,32 : 81.39"
"37,33 : 56.94"
"37,34 : 52.7"
"37,35 : 89.2"
"37,36 : 47.85"
"37,37 : 0.0"
"37,38 : 72.07"
"37,39 : 34.01"
"37,40 : 60.01"
"37,41 : 18.03"
"37,42 : 85.91"
"37,43 : 57.14"
"37,44 : 60.67"
"37,45 : 67.01"
"37,46 : 19.65"
"37,47 : 72.86"
"37,48 : 74.15"
"37,49 : 54.49"
"38,0 : 53.08"
"38,1 : 40.11"
"38,2 : 76.16"
"38,3 : 15.52"
"38,4 : 76.97"
"38,5 : 2.83"
"38,6 : 26.48"
"38,7 : 75.72"
"38,8 : 36.07"
"38,9 : 39.81"
"38,10 : 56.89"
"38,11 : 54.04"
"38,12 : 29.73"
"38,13 : 52.01"
"38,14 : 3.61"
"38,15 : 30.02"
"38,16 : 48.55"
"38,17 : 66.53"
"38,18 : 5.66"
"38,19 : 49.82"
"38,20 : 60.07"
"38,21 : 68.47"
"38,22 : 78.03"
"38,23 : 47.01"
"38,24 : 64.28"
"38,25 : 32.8"
"38,26 : 35.61"
"38,27 : 41.11"
"38,28 : 37.2"
"38,29 : 37.01"
"38,30 : 26.93"
"38,31 : 75.06"
"38,32 : 26.25"
"38,33 : 36.77"
"38,34 : 19.92"
"38,35 : 25.18"
"38,36 : 46.82"
"38,37 : 72.07"
"38,38 : 0.0"
"38,39 : 62.01"
"38,40 : 66.85"
"38,41 : 72.86"
"38,42 : 15.03"
"38,43 : 15.52"
"38,44 : 59.51"
"38,45 : 28.43"
"38,46 : 86.83"
"38,47 : 18.03"
"38,48 : 84.97"
"38,49 : 23.09"
"39,0 : 47.71"
"39,1 : 22.09"
"39,2 : 15.23"
"39,3 : 47.27"
"39,4 : 32.02"
"39,5 : 64.07"
"39,6 : 71.51"
"39,7 : 43.01"
"39,8 : 44.65"
"39,9 : 66.03"
"39,10 : 10.82"
"39,11 : 83.1"
"39,12 : 45.18"
"39,13 : 79.51"
"39,14 : 64.12"
"39,15 : 54.2"
"39,16 : 53.81"
"39,17 : 47.8"
"39,18 : 66.19"
"39,19 : 39.41"
"39,20 : 4.47"
"39,21 : 9.22"
"39,22 : 41.3"
"39,23 : 60.11"
"39,24 : 5.39"
"39,25 : 85.73"
"39,26 : 39.96"
"39,27 : 26.93"
"39,28 : 38.28"
"39,29 : 25.0"
"39,30 : 41.11"
"39,31 : 13.6"
"39,32 : 59.93"
"39,33 : 31.76"
"39,34 : 43.29"
"39,35 : 70.01"
"39,36 : 62.97"
"39,37 : 34.01"
"39,38 : 62.01"
"39,39 : 0.0"
"39,40 : 26.0"
"39,41 : 49.82"
"39,42 : 77.03"
"39,43 : 47.1"
"39,44 : 27.2"
"39,45 : 44.28"
"39,46 : 53.34"
"39,47 : 54.41"
"39,48 : 41.44"
"39,49 : 39.12"
"40,0 : 29.53"
"40,1 : 35.61"
"40,2 : 24.41"
"40,3 : 51.48"
"40,4 : 57.56"
"40,5 : 68.01"
"40,6 : 84.2"
"40,7 : 17.03"
"40,8 : 63.01"
"40,9 : 83.74"
"40,10 : 35.51"
"40,11 : 101.67"
"40,12 : 40.31"
"40,13 : 98.23"
"40,14 : 67.68"
"40,15 : 47.01"
"40,16 : 75.18"
"40,17 : 23.85"
"40,18 : 69.26"
"40,19 : 23.77"
"40,20 : 22.09"
"40,21 : 33.54"
"40,22 : 15.81"
"40,23 : 80.45"
"40,24 : 31.06"
"40,25 : 96.57"
"40,26 : 58.01"
"40,27 : 25.94"
"40,28 : 56.86"
"40,29 : 36.07"
"40,30 : 55.15"
"40,31 : 25.55"
"40,32 : 54.0"
"40,33 : 30.08"
"40,34 : 53.01"
"40,35 : 65.0"
"40,36 : 82.93"
"40,37 : 60.01"
"40,38 : 66.85"
"40,39 : 26.0"
"40,40 : 0.0"
"40,41 : 75.54"
"40,42 : 80.65"
"40,43 : 55.23"
"40,44 : 8.0"
"40,45 : 40.61"
"40,46 : 79.23"
"40,47 : 52.95"
"40,48 : 19.1"
"40,49 : 45.28"
"41,0 : 90.61"
"41,1 : 48.76"
"41,2 : 59.62"
"41,3 : 66.03"
"41,4 : 24.76"
"41,5 : 75.69"
"41,6 : 62.77"
"41,7 : 92.54"
"41,8 : 36.88"
"41,9 : 46.32"
"41,10 : 40.11"
"41,11 : 55.15"
"41,12 : 76.56"
"41,13 : 52.04"
"41,14 : 76.38"
"41,15 : 84.97"
"41,16 : 28.46"
"41,17 : 95.08"
"41,18 : 78.52"
"41,19 : 82.2"
"41,20 : 53.46"
"41,21 : 44.6"
"41,22 : 91.08"
"41,23 : 34.71"
"41,24 : 45.35"
"41,25 : 76.84"
"41,26 : 37.54"
"41,27 : 64.54"
"41,28 : 36.24"
"41,29 : 51.55"
"41,30 : 46.86"
"41,31 : 57.38"
"41,32 : 87.46"
"41,33 : 66.76"
"41,34 : 55.61"
"41,35 : 93.6"
"41,36 : 37.48"
"41,37 : 18.03"
"41,38 : 72.86"
"41,39 : 49.82"
"41,40 : 75.54"
"41,41 : 0.0"
"41,42 : 85.0"
"41,43 : 59.67"
"41,44 : 75.01"
"41,45 : 74.73"
"41,46 : 15.52"
"41,47 : 77.94"
"41,48 : 90.96"
"41,49 : 60.03"
"42,0 : 63.6"
"42,1 : 55.15"
"42,2 : 91.09"
"42,3 : 30.15"
"42,4 : 91.18"
"42,5 : 13.04"
"42,6 : 28.79"
"42,7 : 88.12"
"42,8 : 48.26"
"42,9 : 46.14"
"42,10 : 71.85"
"42,11 : 56.52"
"42,12 : 41.59"
"42,13 : 55.36"
"42,14 : 13.15"
"42,15 : 39.05"
"42,16 : 58.69"
"42,17 : 77.67"
"42,18 : 11.4"
"42,19 : 61.77"
"42,20 : 75.03"
"42,21 : 83.49"
"42,22 : 90.8"
"42,23 : 55.61"
"42,24 : 79.31"
"42,25 : 27.46"
"42,26 : 48.76"
"42,27 : 55.32"
"42,28 : 50.54"
"42,29 : 52.04"
"42,30 : 40.85"
"42,31 : 90.02"
"42,32 : 33.24"
"42,33 : 50.7"
"42,34 : 34.71"
"42,35 : 26.83"
"42,36 : 54.64"
"42,37 : 85.91"
"42,38 : 15.03"
"42,39 : 77.03"
"42,40 : 80.65"
"42,41 : 85.0"
"42,42 : 0.0"
"42,43 : 30.41"
"42,44 : 73.05"
"42,45 : 40.72"
"42,46 : 99.57"
"42,47 : 28.65"
"42,48 : 98.23"
"42,49 : 38.01"
"43,0 : 47.85"
"43,1 : 25.02"
"43,2 : 61.66"
"43,3 : 8.0"
"43,4 : 61.72"
"43,5 : 18.03"
"43,6 : 29.73"
"43,7 : 66.48"
"43,8 : 24.17"
"43,9 : 35.69"
"43,10 : 41.44"
"43,11 : 52.81"
"43,12 : 25.0"
"43,13 : 50.0"
"43,14 : 18.38"
"43,15 : 30.0"
"43,16 : 38.6"
"43,17 : 59.64"
"43,18 : 20.62"
"43,19 : 42.44"
"43,20 : 45.54"
"43,21 : 53.15"
"43,22 : 68.12"
"43,23 : 39.2"
"43,24 : 49.04"
"43,25 : 41.34"
"43,26 : 22.2"
"43,27 : 29.41"
"43,28 : 23.43"
"43,29 : 22.2"
"43,30 : 12.81"
"43,31 : 60.41"
"43,32 : 29.83"
"43,33 : 26.17"
"43,34 : 4.47"
"43,35 : 34.13"
"43,36 : 40.01"
"43,37 : 57.14"
"43,38 : 15.52"
"43,39 : 47.1"
"43,40 : 55.23"
"43,41 : 59.67"
"43,42 : 30.41"
"43,43 : 0.0"
"43,44 : 48.6"
"43,45 : 23.09"
"43,46 : 72.86"
"43,47 : 19.65"
"43,48 : 74.06"
"43,49 : 10.0"
"44,0 : 22.8"
"44,1 : 31.3"
"44,2 : 29.73"
"44,3 : 44.29"
"44,4 : 59.2"
"44,5 : 60.54"
"44,6 : 77.99"
"44,7 : 19.24"
"44,8 : 58.67"
"44,9 : 78.82"
"44,10 : 35.06"
"44,11 : 96.83"
"44,12 : 32.39"
"44,13 : 93.48"
"44,14 : 60.17"
"44,15 : 39.01"
"44,16 : 71.69"
"44,17 : 20.62"
"44,18 : 61.68"
"44,19 : 16.16"
"44,20 : 22.8"
"44,21 : 35.85"
"44,22 : 19.85"
"44,23 : 76.48"
"44,24 : 32.57"
"44,25 : 89.87"
"44,26 : 53.71"
"44,27 : 19.21"
"44,28 : 52.77"
"44,29 : 31.06"
"44,30 : 49.82"
"44,31 : 30.41"
"44,32 : 46.0"
"44,33 : 22.83"
"44,34 : 46.75"
"44,35 : 57.0"
"44,36 : 78.77"
"44,37 : 60.67"
"44,38 : 59.51"
"44,39 : 27.2"
"44,40 : 8.0"
"44,41 : 75.01"
"44,42 : 73.05"
"44,43 : 48.6"
"44,44 : 0.0"
"44,45 : 32.76"
"44,46 : 80.23"
"44,47 : 45.12"
"44,48 : 25.55"
"44,49 : 38.6"
"45,0 : 25.24"
"45,1 : 27.66"
"45,2 : 55.54"
"45,3 : 15.65"
"45,4 : 69.31"
"45,5 : 28.84"
"45,6 : 51.62"
"45,7 : 47.51"
"45,8 : 44.1"
"45,9 : 58.69"
"45,10 : 44.05"
"45,11 : 75.89"
"45,12 : 2.0"
"45,13 : 73.08"
"45,14 : 28.3"
"45,15 : 10.63"
"45,16 : 59.14"
"45,17 : 38.18"
"45,18 : 29.53"
"45,19 : 21.4"
"45,20 : 40.85"
"45,21 : 52.84"
"45,22 : 50.09"
"45,23 : 61.07"
"45,24 : 48.37"
"45,25 : 60.83"
"45,26 : 40.45"
"45,27 : 17.72"
"45,28 : 40.79"
"45,29 : 24.21"
"45,30 : 32.02"
"45,31 : 55.08"
"45,32 : 15.65"
"45,33 : 12.65"
"45,34 : 24.19"
"45,35 : 25.96"
"45,36 : 62.29"
"45,37 : 67.01"
"45,38 : 28.43"
"45,39 : 44.28"
"45,40 : 40.61"
"45,41 : 74.73"
"45,42 : 40.72"
"45,43 : 23.09"
"45,44 : 32.76"
"45,45 : 0.0"
"45,46 : 85.44"
"45,47 : 12.37"
"45,48 : 57.58"
"45,49 : 16.03"
"46,0 : 98.35"
"46,1 : 58.18"
"46,2 : 59.54"
"46,3 : 78.57"
"46,4 : 22.09"
"46,5 : 89.64"
"46,6 : 78.19"
"46,7 : 96.13"
"46,8 : 51.31"
"46,9 : 61.85"
"46,10 : 45.61"
"46,11 : 70.0"
"46,12 : 87.13"
"46,13 : 67.03"
"46,14 : 90.27"
"46,15 : 95.96"
"46,16 : 43.97"
"46,17 : 100.81"
"46,18 : 92.46"
"46,19 : 89.81"
"46,20 : 57.56"
"46,21 : 46.0"
"46,22 : 94.01"
"46,23 : 50.22"
"46,24 : 48.17"
"46,25 : 92.35"
"46,26 : 51.22"
"46,27 : 73.01"
"46,28 : 49.68"
"46,29 : 61.4"
"46,30 : 60.21"
"46,31 : 57.43"
"46,32 : 99.2"
"46,33 : 76.03"
"46,34 : 68.59"
"46,35 : 106.22"
"46,36 : 52.95"
"46,37 : 19.65"
"46,38 : 86.83"
"46,39 : 53.34"
"46,40 : 79.23"
"46,41 : 15.52"
"46,42 : 99.57"
"46,43 : 72.86"
"46,44 : 80.23"
"46,45 : 85.44"
"46,46 : 0.0"
"46,47 : 90.14"
"46,48 : 92.35"
"46,49 : 71.84"
"47,0 : 35.38"
"47,1 : 34.99"
"47,2 : 66.75"
"47,3 : 12.08"
"47,4 : 76.22"
"47,5 : 17.69"
"47,6 : 43.66"
"47,7 : 59.48"
"47,8 : 43.66"
"47,9 : 54.04"
"47,10 : 52.35"
"47,11 : 70.04"
"47,12 : 13.0"
"47,13 : 67.6"
"47,14 : 16.97"
"47,15 : 12.08"
"47,16 : 58.24"
"47,17 : 49.2"
"47,18 : 17.8"
"47,19 : 33.12"
"47,20 : 51.42"
"47,21 : 62.39"
"47,22 : 62.24"
"47,23 : 58.69"
"47,24 : 57.94"
"47,25 : 50.8"
"47,26 : 41.15"
"47,27 : 29.07"
"47,28 : 42.06"
"47,29 : 31.38"
"47,30 : 31.78"
"47,31 : 66.1"
"47,32 : 10.2"
"47,33 : 24.02"
"47,34 : 22.85"
"47,35 : 16.4"
"47,36 : 59.3"
"47,37 : 72.86"
"47,38 : 18.03"
"47,39 : 54.41"
"47,40 : 52.95"
"47,41 : 77.94"
"47,42 : 28.65"
"47,43 : 19.65"
"47,44 : 45.12"
"47,45 : 12.37"
"47,46 : 90.14"
"47,47 : 0.0"
"47,48 : 69.89"
"47,49 : 18.38"
"48,0 : 40.01"
"48,1 : 54.56"
"48,2 : 33.0"
"48,3 : 69.84"
"48,4 : 70.26"
"48,5 : 85.91"
"48,6 : 103.23"
"48,7 : 13.6"
"48,8 : 81.84"
"48,9 : 102.73"
"48,10 : 52.0"
"48,11 : 120.62"
"48,12 : 56.92"
"48,13 : 117.15"
"48,14 : 85.49"
"48,15 : 62.17"
"48,16 : 93.49"
"48,17 : 27.89"
"48,18 : 86.93"
"48,19 : 37.66"
"48,20 : 38.48"
"48,21 : 46.69"
"48,22 : 9.22"
"48,23 : 99.05"
"48,24 : 45.61"
"48,25 : 115.38"
"48,26 : 76.84"
"48,27 : 44.65"
"48,28 : 75.6"
"48,29 : 55.15"
"48,30 : 74.25"
"48,31 : 35.01"
"48,32 : 69.23"
"48,33 : 48.37"
"48,34 : 72.01"
"48,35 : 80.06"
"48,36 : 101.61"
"48,37 : 74.15"
"48,38 : 84.97"
"48,39 : 41.44"
"48,40 : 19.1"
"48,41 : 90.96"
"48,42 : 98.23"
"48,43 : 74.06"
"48,44 : 25.55"
"48,45 : 57.58"
"48,46 : 92.35"
"48,47 : 69.89"
"48,48 : 0.0"
"48,49 : 64.07"
"49,0 : 39.22"
"49,1 : 17.72"
"49,2 : 53.08"
"49,3 : 8.25"
"49,4 : 58.01"
"49,5 : 25.0"
"49,6 : 39.6"
"49,7 : 56.57"
"49,8 : 28.07"
"49,9 : 43.66"
"49,10 : 35.11"
"49,11 : 61.33"
"49,12 : 18.03"
"49,13 : 58.31"
"49,14 : 25.02"
"49,15 : 25.3"
"49,16 : 43.1"
"49,17 : 50.25"
"49,18 : 27.07"
"49,19 : 33.12"
"49,20 : 37.01"
"49,21 : 46.1"
"49,22 : 58.14"
"49,23 : 45.18"
"49,24 : 41.77"
"49,25 : 51.31"
"49,26 : 24.52"
"49,27 : 19.42"
"49,28 : 25.0"
"49,29 : 14.32"
"49,30 : 16.0"
"49,31 : 52.01"
"49,32 : 27.46"
"49,33 : 16.28"
"49,34 : 8.94"
"49,35 : 34.71"
"49,36 : 46.53"
"49,37 : 54.49"
"49,38 : 23.09"
"49,39 : 39.12"
"49,40 : 45.28"
"49,41 : 60.03"
"49,42 : 38.01"
"49,43 : 10.0"
"49,44 : 38.6"
"49,45 : 16.03"
"49,46 : 71.84"
"49,47 : 18.38"
"49,48 : 64.07"
"49,49 : 0.0"
