x,y
60,77
96,86
20,63
23,30
97,60
58,16
31,65
68,4
23,67
51,57
38,50
29,55
54,24
28,58
59,50
74,54
30,92
14,99
58,100
76,74
47,73
66,71
51,92
85,14
83,46
20,94
77,84
17,18
63,86
41,77
23,0
86,83
74,56
13,81
13,75
22,22
91,53
45,68
49,51
90,41
9,18
100,55
30,53
94,48
35,39
19,6
87,36
32,53
13,3
53,31

Distanze
"0,0 : 0.0"
"0,1 : 37.11"
"0,2 : 42.38"
"0,3 : 59.82"
"0,4 : 40.72"
"0,5 : 61.03"
"0,6 : 31.38"
"0,7 : 73.44"
"0,8 : 38.33"
"0,9 : 21.93"
"0,10 : 34.83"
"0,11 : 38.01"
"0,12 : 53.34"
"0,13 : 37.22"
"0,14 : 27.02"
"0,15 : 26.93"
"0,16 : 33.54"
"0,17 : 50.99"
"0,18 : 23.09"
"0,19 : 16.28"
"0,20 : 13.6"
"0,21 : 8.49"
"0,22 : 17.49"
"0,23 : 67.78"
"0,24 : 38.6"
"0,25 : 43.46"
"0,26 : 18.38"
"0,27 : 73.01"
"0,28 : 9.49"
"0,29 : 19.0"
"0,30 : 85.43"
"0,31 : 26.68"
"0,32 : 25.24"
"0,33 : 47.17"
"0,34 : 47.04"
"0,35 : 66.85"
"0,36 : 39.2"
"0,37 : 17.49"
"0,38 : 28.23"
"0,39 : 46.86"
"0,40 : 77.99"
"0,41 : 45.65"
"0,42 : 38.42"
"0,43 : 44.69"
"0,44 : 45.49"
"0,45 : 81.99"
"0,46 : 49.09"
"0,47 : 36.88"
"0,48 : 87.66"
"0,49 : 46.53"
"1,0 : 37.11"
"1,1 : 0.0"
"1,2 : 79.4"
"1,3 : 92.01"
"1,4 : 26.02"
"1,5 : 79.65"
"1,6 : 68.31"
"1,7 : 86.65"
"1,8 : 75.43"
"1,9 : 53.54"
"1,10 : 68.26"
"1,11 : 73.82"
"1,12 : 74.89"
"1,13 : 73.54"
"1,14 : 51.62"
"1,15 : 38.83"
"1,16 : 66.27"
"1,17 : 83.02"
"1,18 : 40.5"
"1,19 : 23.32"
"1,20 : 50.7"
"1,21 : 33.54"
"1,22 : 45.4"
"1,23 : 72.84"
"1,24 : 42.06"
"1,25 : 76.42"
"1,26 : 19.1"
"1,27 : 104.24"
"1,28 : 33.0"
"1,29 : 55.73"
"1,30 : 112.81"
"1,31 : 10.44"
"1,32 : 37.2"
"1,33 : 83.15"
"1,34 : 83.73"
"1,35 : 97.84"
"1,36 : 33.38"
"1,37 : 54.08"
"1,38 : 58.6"
"1,39 : 45.4"
"1,40 : 110.42"
"1,41 : 31.26"
"1,42 : 73.79"
"1,43 : 38.05"
"1,44 : 77.01"
"1,45 : 111.04"
"1,46 : 50.8"
"1,47 : 72.01"
"1,48 : 117.38"
"1,49 : 69.81"
"2,0 : 42.38"
"2,1 : 79.4"
"2,2 : 0.0"
"2,3 : 33.14"
"2,4 : 77.06"
"2,5 : 60.44"
"2,6 : 11.18"
"2,7 : 76.06"
"2,8 : 5.0"
"2,9 : 31.58"
"2,10 : 22.2"
"2,11 : 12.04"
"2,12 : 51.74"
"2,13 : 9.43"
"2,14 : 41.11"
"2,15 : 54.74"
"2,16 : 30.68"
"2,17 : 36.5"
"2,18 : 53.04"
"2,19 : 57.07"
"2,20 : 28.79"
"2,21 : 46.69"
"2,22 : 42.45"
"2,23 : 81.4"
"2,24 : 65.25"
"2,25 : 31.0"
"2,26 : 60.75"
"2,27 : 45.1"
"2,28 : 48.76"
"2,29 : 25.24"
"2,30 : 63.07"
"2,31 : 68.96"
"2,32 : 54.45"
"2,33 : 19.31"
"2,34 : 13.89"
"2,35 : 41.05"
"2,36 : 71.7"
"2,37 : 25.5"
"2,38 : 31.38"
"2,39 : 73.38"
"2,40 : 46.32"
"2,41 : 80.4"
"2,42 : 14.14"
"2,43 : 75.5"
"2,44 : 28.3"
"2,45 : 57.01"
"2,46 : 72.24"
"2,47 : 15.62"
"2,48 : 60.41"
"2,49 : 45.97"
"3,0 : 59.82"
"3,1 : 92.01"
"3,2 : 33.14"
"3,3 : 0.0"
"3,4 : 79.85"
"3,5 : 37.7"
"3,6 : 35.9"
"3,7 : 51.97"
"3,8 : 37.0"
"3,9 : 38.9"
"3,10 : 25.0"
"3,11 : 25.71"
"3,12 : 31.58"
"3,13 : 28.44"
"3,14 : 41.18"
"3,15 : 56.36"
"3,16 : 62.39"
"3,17 : 69.58"
"3,18 : 78.26"
"3,19 : 68.88"
"3,20 : 49.24"
"3,21 : 59.41"
"3,22 : 68.03"
"3,23 : 64.03"
"3,24 : 62.1"
"3,25 : 64.07"
"3,26 : 76.37"
"3,27 : 13.42"
"3,28 : 68.82"
"3,29 : 50.33"
"3,30 : 30.0"
"3,31 : 82.33"
"3,32 : 57.25"
"3,33 : 51.97"
"3,34 : 46.1"
"3,35 : 8.06"
"3,36 : 71.78"
"3,37 : 43.91"
"3,38 : 33.42"
"3,39 : 67.9"
"3,40 : 18.44"
"3,41 : 80.96"
"3,42 : 24.04"
"3,43 : 73.25"
"3,44 : 15.0"
"3,45 : 24.33"
"3,46 : 64.28"
"3,47 : 24.7"
"3,48 : 28.79"
"3,49 : 30.02"
"4,0 : 40.72"
"4,1 : 26.02"
"4,2 : 77.06"
"4,3 : 79.85"
"4,4 : 0.0"
"4,5 : 58.8"
"4,6 : 66.19"
"4,7 : 63.06"
"4,8 : 74.33"
"4,9 : 46.1"
"4,10 : 59.84"
"4,11 : 68.18"
"4,12 : 56.08"
"4,13 : 69.03"
"4,14 : 39.29"
"4,15 : 23.77"
"4,16 : 74.25"
"4,17 : 91.71"
"4,18 : 55.87"
"4,19 : 25.24"
"4,20 : 51.66"
"4,21 : 32.89"
"4,22 : 56.04"
"4,23 : 47.54"
"4,24 : 19.8"
"4,25 : 84.17"
"4,26 : 31.24"
"4,27 : 90.35"
"4,28 : 42.8"
"4,29 : 58.52"
"4,30 : 95.27"
"4,31 : 25.5"
"4,32 : 23.35"
"4,33 : 86.59"
"4,34 : 85.33"
"4,35 : 84.08"
"4,36 : 9.22"
"4,37 : 52.61"
"4,38 : 48.84"
"4,39 : 20.25"
"4,40 : 97.51"
"4,41 : 5.83"
"4,42 : 67.36"
"4,43 : 12.37"
"4,44 : 65.46"
"4,45 : 94.87"
"4,46 : 26.0"
"4,47 : 65.38"
"4,48 : 101.51"
"4,49 : 52.7"
"5,0 : 61.03"
"5,1 : 79.65"
"5,2 : 60.44"
"5,3 : 37.7"
"5,4 : 58.8"
"5,5 : 0.0"
"5,6 : 55.95"
"5,7 : 15.62"
"5,8 : 61.85"
"5,9 : 41.59"
"5,10 : 39.45"
"5,11 : 48.6"
"5,12 : 8.94"
"5,13 : 51.61"
"5,14 : 34.01"
"5,15 : 41.23"
"5,16 : 80.99"
"5,17 : 93.94"
"5,18 : 84.0"
"5,19 : 60.73"
"5,20 : 58.05"
"5,21 : 55.58"
"5,22 : 76.32"
"5,23 : 27.07"
"5,24 : 39.05"
"5,25 : 86.76"
"5,26 : 70.6"
"5,27 : 41.05"
"5,28 : 70.18"
"5,29 : 63.32"
"5,30 : 38.48"
"5,31 : 72.62"
"5,32 : 43.08"
"5,33 : 79.06"
"5,34 : 74.2"
"5,35 : 36.5"
"5,36 : 49.58"
"5,37 : 53.6"
"5,38 : 36.14"
"5,39 : 40.61"
"5,40 : 49.04"
"5,41 : 57.31"
"5,42 : 46.4"
"5,43 : 48.17"
"5,44 : 32.53"
"5,45 : 40.26"
"5,46 : 35.23"
"5,47 : 45.22"
"5,48 : 46.84"
"5,49 : 15.81"
"6,0 : 31.38"
"6,1 : 68.31"
"6,2 : 11.18"
"6,3 : 35.9"
"6,4 : 66.19"
"6,5 : 55.95"
"6,6 : 0.0"
"6,7 : 71.34"
"6,8 : 8.25"
"6,9 : 21.54"
"6,10 : 16.55"
"6,11 : 10.2"
"6,12 : 47.01"
"6,13 : 7.62"
"6,14 : 31.76"
"6,15 : 44.38"
"6,16 : 27.02"
"6,17 : 38.01"
"6,18 : 44.2"
"6,19 : 45.89"
"6,20 : 17.89"
"6,21 : 35.51"
"6,22 : 33.6"
"6,23 : 74.28"
"6,24 : 55.36"
"6,25 : 31.02"
"6,26 : 49.77"
"6,27 : 49.04"
"6,28 : 38.28"
"6,29 : 15.62"
"6,30 : 65.49"
"6,31 : 57.87"
"6,32 : 43.93"
"6,33 : 24.08"
"6,34 : 20.59"
"6,35 : 43.93"
"6,36 : 61.19"
"6,37 : 14.32"
"6,38 : 22.8"
"6,39 : 63.69"
"6,40 : 51.89"
"6,41 : 69.72"
"6,42 : 12.04"
"6,43 : 65.25"
"6,44 : 26.31"
"6,45 : 60.21"
"6,46 : 63.06"
"6,47 : 12.04"
"6,48 : 64.56"
"6,49 : 40.5"
"7,0 : 73.44"
"7,1 : 86.65"
"7,2 : 76.06"
"7,3 : 51.97"
"7,4 : 63.06"
"7,5 : 15.62"
"7,6 : 71.34"
"7,7 : 0.0"
"7,8 : 77.42"
"7,9 : 55.66"
"7,10 : 54.92"
"7,11 : 64.2"
"7,12 : 24.41"
"7,13 : 67.2"
"7,14 : 46.87"
"7,15 : 50.36"
"7,16 : 95.85"
"7,17 : 109.27"
"7,18 : 96.52"
"7,19 : 70.46"
"7,20 : 72.12"
"7,21 : 67.03"
"7,22 : 89.63"
"7,23 : 19.72"
"7,24 : 44.6"
"7,25 : 102.0"
"7,26 : 80.5"
"7,27 : 52.89"
"7,28 : 82.15"
"7,29 : 77.83"
"7,30 : 45.18"
"7,31 : 81.02"
"7,32 : 52.35"
"7,33 : 94.63"
"7,34 : 89.81"
"7,35 : 49.4"
"7,36 : 54.13"
"7,37 : 68.01"
"7,38 : 50.7"
"7,39 : 43.05"
"7,40 : 60.64"
"7,41 : 60.21"
"7,42 : 62.01"
"7,43 : 51.11"
"7,44 : 48.1"
"7,45 : 49.04"
"7,46 : 37.22"
"7,47 : 60.8"
"7,48 : 55.01"
"7,49 : 30.89"
"8,0 : 38.33"
"8,1 : 75.43"
"8,2 : 5.0"
"8,3 : 37.0"
"8,4 : 74.33"
"8,5 : 61.85"
"8,6 : 8.25"
"8,7 : 77.42"
"8,8 : 0.0"
"8,9 : 29.73"
"8,10 : 22.67"
"8,11 : 13.42"
"8,12 : 53.01"
"8,13 : 10.3"
"8,14 : 39.81"
"8,15 : 52.63"
"8,16 : 25.96"
"8,17 : 33.24"
"8,18 : 48.1"
"8,19 : 53.46"
"8,20 : 24.74"
"8,21 : 43.19"
"8,22 : 37.54"
"8,23 : 81.57"
"8,24 : 63.57"
"8,25 : 27.17"
"8,26 : 56.61"
"8,27 : 49.37"
"8,28 : 44.28"
"8,29 : 20.59"
"8,30 : 67.0"
"8,31 : 65.0"
"8,32 : 52.17"
"8,33 : 17.2"
"8,34 : 12.81"
"8,35 : 45.01"
"8,36 : 69.43"
"8,37 : 22.02"
"8,38 : 30.53"
"8,39 : 71.87"
"8,40 : 50.96"
"8,41 : 77.93"
"8,42 : 15.65"
"8,43 : 73.5"
"8,44 : 30.46"
"8,45 : 61.13"
"8,46 : 71.11"
"8,47 : 16.64"
"8,48 : 64.78"
"8,49 : 46.86"
"9,0 : 21.93"
"9,1 : 53.54"
"9,2 : 31.58"
"9,3 : 38.9"
"9,4 : 46.1"
"9,5 : 41.59"
"9,6 : 21.54"
"9,7 : 55.66"
"9,8 : 29.73"
"9,9 : 0.0"
"9,10 : 14.76"
"9,11 : 22.09"
"9,12 : 33.14"
"9,13 : 23.02"
"9,14 : 10.63"
"9,15 : 23.19"
"9,16 : 40.82"
"9,17 : 55.97"
"9,18 : 43.57"
"9,19 : 30.23"
"9,20 : 16.49"
"9,21 : 20.52"
"9,22 : 35.0"
"9,23 : 54.82"
"9,24 : 33.84"
"9,25 : 48.27"
"9,26 : 37.48"
"9,27 : 51.74"
"9,28 : 31.38"
"9,29 : 22.36"
"9,30 : 63.51"
"9,31 : 43.6"
"9,32 : 23.02"
"9,33 : 44.94"
"9,34 : 42.05"
"9,35 : 45.45"
"9,36 : 40.2"
"9,37 : 12.53"
"9,38 : 6.32"
"9,39 : 42.15"
"9,40 : 57.31"
"9,41 : 49.04"
"9,42 : 21.38"
"9,43 : 43.93"
"9,44 : 24.08"
"9,45 : 60.21"
"9,46 : 41.68"
"9,47 : 19.42"
"9,48 : 66.03"
"9,49 : 26.08"
"10,0 : 34.83"
"10,1 : 68.26"
"10,2 : 22.2"
"10,3 : 25.0"
"10,4 : 59.84"
"10,5 : 39.45"
"10,6 : 16.55"
"10,7 : 54.92"
"10,8 : 22.67"
"10,9 : 14.76"
"10,10 : 0.0"
"10,11 : 10.3"
"10,12 : 30.53"
"10,13 : 12.81"
"10,14 : 21.0"
"10,15 : 36.22"
"10,16 : 42.76"
"10,17 : 54.56"
"10,18 : 53.85"
"10,19 : 44.94"
"10,20 : 24.7"
"10,21 : 35.0"
"10,22 : 43.97"
"10,23 : 59.2"
"10,24 : 45.18"
"10,25 : 47.54"
"10,26 : 51.74"
"10,27 : 38.28"
"10,28 : 43.83"
"10,29 : 27.17"
"10,30 : 52.2"
"10,31 : 58.25"
"10,32 : 36.5"
"10,33 : 39.82"
"10,34 : 35.36"
"10,35 : 32.25"
"10,36 : 53.08"
"10,37 : 19.31"
"10,38 : 11.05"
"10,39 : 52.77"
"10,40 : 43.19"
"10,41 : 62.2"
"10,42 : 8.54"
"10,43 : 56.04"
"10,44 : 11.4"
"10,45 : 47.93"
"10,46 : 50.96"
"10,47 : 6.71"
"10,48 : 53.24"
"10,49 : 24.21"
"11,0 : 38.01"
"11,1 : 73.82"
"11,2 : 12.04"
"11,3 : 25.71"
"11,4 : 68.18"
"11,5 : 48.6"
"11,6 : 10.2"
"11,7 : 64.2"
"11,8 : 13.42"
"11,9 : 22.09"
"11,10 : 10.3"
"11,11 : 0.0"
"11,12 : 39.82"
"11,13 : 3.16"
"11,14 : 30.41"
"11,15 : 45.01"
"11,16 : 37.01"
"11,17 : 46.49"
"11,18 : 53.54"
"11,19 : 50.7"
"11,20 : 25.46"
"11,21 : 40.31"
"11,22 : 43.05"
"11,23 : 69.4"
"11,24 : 54.74"
"11,25 : 40.02"
"11,26 : 56.08"
"11,27 : 38.9"
"11,28 : 46.01"
"11,29 : 25.06"
"11,30 : 55.33"
"11,31 : 63.51"
"11,32 : 45.01"
"11,33 : 30.53"
"11,34 : 25.61"
"11,35 : 33.73"
"11,36 : 62.03"
"11,37 : 20.62"
"11,38 : 20.4"
"11,39 : 62.59"
"11,40 : 42.06"
"11,41 : 71.0"
"11,42 : 2.24"
"11,43 : 65.38"
"11,44 : 17.09"
"11,45 : 50.01"
"11,46 : 61.03"
"11,47 : 3.61"
"11,48 : 54.41"
"11,49 : 33.94"
"12,0 : 53.34"
"12,1 : 74.89"
"12,2 : 51.74"
"12,3 : 31.58"
"12,4 : 56.08"
"12,5 : 8.94"
"12,6 : 47.01"
"12,7 : 24.41"
"12,8 : 53.01"
"12,9 : 33.14"
"12,10 : 30.53"
"12,11 : 39.82"
"12,12 : 0.0"
"12,13 : 42.8"
"12,14 : 26.48"
"12,15 : 36.06"
"12,16 : 72.11"
"12,17 : 85.0"
"12,18 : 76.11"
"12,19 : 54.63"
"12,20 : 49.5"
"12,21 : 48.51"
"12,22 : 68.07"
"12,23 : 32.57"
"12,24 : 36.4"
"12,25 : 77.82"
"12,26 : 64.26"
"12,27 : 37.48"
"12,28 : 62.65"
"12,29 : 54.57"
"12,30 : 39.2"
"12,31 : 67.12"
"12,32 : 37.74"
"12,33 : 70.21"
"12,34 : 65.44"
"12,35 : 32.06"
"12,36 : 47.01"
"12,37 : 44.91"
"12,38 : 27.46"
"12,39 : 39.81"
"12,40 : 45.4"
"12,41 : 55.47"
"12,42 : 37.64"
"12,43 : 46.65"
"12,44 : 24.21"
"12,45 : 39.36"
"12,46 : 35.11"
"12,47 : 36.4"
"12,48 : 46.07"
"12,49 : 7.07"
"13,0 : 37.22"
"13,1 : 73.54"
"13,2 : 9.43"
"13,3 : 28.44"
"13,4 : 69.03"
"13,5 : 51.61"
"13,6 : 7.62"
"13,7 : 67.2"
"13,8 : 10.3"
"13,9 : 23.02"
"13,10 : 12.81"
"13,11 : 3.16"
"13,12 : 42.8"
"13,13 : 0.0"
"13,14 : 32.02"
"13,15 : 46.17"
"13,16 : 34.06"
"13,17 : 43.32"
"13,18 : 51.61"
"13,19 : 50.6"
"13,20 : 24.21"
"13,21 : 40.16"
"13,22 : 41.05"
"13,23 : 72.01"
"13,24 : 56.29"
"13,25 : 36.88"
"13,26 : 55.47"
"13,27 : 41.48"
"13,28 : 44.82"
"13,29 : 23.02"
"13,30 : 58.22"
"13,31 : 63.16"
"13,32 : 46.04"
"13,33 : 27.46"
"13,34 : 22.67"
"13,35 : 36.5"
"13,36 : 63.2"
"13,37 : 19.72"
"13,38 : 22.14"
"13,39 : 64.29"
"13,40 : 44.28"
"13,41 : 72.06"
"13,42 : 5.39"
"13,43 : 66.75"
"13,44 : 20.25"
"13,45 : 52.77"
"13,46 : 62.97"
"13,47 : 6.4"
"13,48 : 57.01"
"13,49 : 36.8"
"14,0 : 27.02"
"14,1 : 51.62"
"14,2 : 41.11"
"14,3 : 41.18"
"14,4 : 39.29"
"14,5 : 34.01"
"14,6 : 31.76"
"14,7 : 46.87"
"14,8 : 39.81"
"14,9 : 10.63"
"14,10 : 21.0"
"14,11 : 30.41"
"14,12 : 26.48"
"14,13 : 32.02"
"14,14 : 0.0"
"14,15 : 15.52"
"14,16 : 51.04"
"14,17 : 66.53"
"14,18 : 50.01"
"14,19 : 29.41"
"14,20 : 25.94"
"14,21 : 22.14"
"14,22 : 42.76"
"14,23 : 44.41"
"14,24 : 24.33"
"14,25 : 58.8"
"14,26 : 38.47"
"14,27 : 52.8"
"14,28 : 36.22"
"14,29 : 32.45"
"14,30 : 61.61"
"14,31 : 42.64"
"14,32 : 16.16"
"14,33 : 55.47"
"14,34 : 52.35"
"14,35 : 46.4"
"14,36 : 32.14"
"14,37 : 22.8"
"14,38 : 10.05"
"14,39 : 32.28"
"14,40 : 59.36"
"14,41 : 41.3"
"14,42 : 29.15"
"14,43 : 35.06"
"14,44 : 26.4"
"14,45 : 59.46"
"14,46 : 31.3"
"14,47 : 27.17"
"14,48 : 65.76"
"14,49 : 19.92"
"15,0 : 26.93"
"15,1 : 38.83"
"15,2 : 54.74"
"15,3 : 56.36"
"15,4 : 23.77"
"15,5 : 41.23"
"15,6 : 44.38"
"15,7 : 50.36"
"15,8 : 52.63"
"15,9 : 23.19"
"15,10 : 36.22"
"15,11 : 45.01"
"15,12 : 36.06"
"15,13 : 46.17"
"15,14 : 15.52"
"15,15 : 0.0"
"15,16 : 58.14"
"15,17 : 75.0"
"15,18 : 48.7"
"15,19 : 20.1"
"15,20 : 33.02"
"15,21 : 18.79"
"15,22 : 44.42"
"15,23 : 41.48"
"15,24 : 12.04"
"15,25 : 67.2"
"15,26 : 30.15"
"15,27 : 67.42"
"15,28 : 33.84"
"15,29 : 40.22"
"15,30 : 74.28"
"15,31 : 31.38"
"15,32 : 2.0"
"15,33 : 66.71"
"15,34 : 64.51"
"15,35 : 61.06"
"15,36 : 17.03"
"15,37 : 32.2"
"15,38 : 25.18"
"15,39 : 20.62"
"15,40 : 74.3"
"15,41 : 26.02"
"15,42 : 44.01"
"15,43 : 20.88"
"15,44 : 41.79"
"15,45 : 73.0"
"15,46 : 22.2"
"15,47 : 42.01"
"15,48 : 79.51"
"15,49 : 31.14"
"16,0 : 33.54"
"16,1 : 66.27"
"16,2 : 30.68"
"16,3 : 62.39"
"16,4 : 74.25"
"16,5 : 80.99"
"16,6 : 27.02"
"16,7 : 95.85"
"16,8 : 25.96"
"16,9 : 40.82"
"16,10 : 42.76"
"16,11 : 37.01"
"16,12 : 72.11"
"16,13 : 34.06"
"16,14 : 51.04"
"16,15 : 58.14"
"16,16 : 0.0"
"16,17 : 17.46"
"16,18 : 29.12"
"16,19 : 49.4"
"16,20 : 25.5"
"16,21 : 41.68"
"16,22 : 21.0"
"16,23 : 95.44"
"16,24 : 70.18"
"16,25 : 10.2"
"16,26 : 47.68"
"16,27 : 75.13"
"16,28 : 33.54"
"16,29 : 18.6"
"16,30 : 92.27"
"16,31 : 56.72"
"16,32 : 56.85"
"16,33 : 20.25"
"16,34 : 24.04"
"16,35 : 70.46"
"16,36 : 72.4"
"16,37 : 28.3"
"16,38 : 45.19"
"16,39 : 78.75"
"16,40 : 76.92"
"16,41 : 79.18"
"16,42 : 39.0"
"16,43 : 77.67"
"16,44 : 53.24"
"16,45 : 86.7"
"16,46 : 79.91"
"16,47 : 39.05"
"16,48 : 90.61"
"16,49 : 65.19"
"17,0 : 50.99"
"17,1 : 83.02"
"17,2 : 36.5"
"17,3 : 69.58"
"17,4 : 91.71"
"17,5 : 93.94"
"17,6 : 38.01"
"17,7 : 109.27"
"17,8 : 33.24"
"17,9 : 55.97"
"17,10 : 54.56"
"17,11 : 46.49"
"17,12 : 85.0"
"17,13 : 43.32"
"17,14 : 66.53"
"17,15 : 75.0"
"17,16 : 17.46"
"17,17 : 0.0"
"17,18 : 44.01"
"17,19 : 66.85"
"17,20 : 42.01"
"17,21 : 59.06"
"17,22 : 37.66"
"17,23 : 110.75"
"17,24 : 87.01"
"17,25 : 7.81"
"17,26 : 64.76"
"17,27 : 81.06"
"17,28 : 50.7"
"17,29 : 34.83"
"17,30 : 99.41"
"17,31 : 73.76"
"17,32 : 73.82"
"17,33 : 18.03"
"17,34 : 24.02"
"17,35 : 77.41"
"17,36 : 89.69"
"17,37 : 43.84"
"17,38 : 59.41"
"17,39 : 95.6"
"17,40 : 81.15"
"17,41 : 96.6"
"17,42 : 48.7"
"17,43 : 94.87"
"17,44 : 63.57"
"17,45 : 93.13"
"17,46 : 96.43"
"17,47 : 49.4"
"17,48 : 96.01"
"17,49 : 78.39"
"18,0 : 23.09"
"18,1 : 40.5"
"18,2 : 53.04"
"18,3 : 78.26"
"18,4 : 55.87"
"18,5 : 84.0"
"18,6 : 44.2"
"18,7 : 96.52"
"18,8 : 48.1"
"18,9 : 43.57"
"18,10 : 53.85"
"18,11 : 53.54"
"18,12 : 76.11"
"18,13 : 51.61"
"18,14 : 50.01"
"18,15 : 48.7"
"18,16 : 29.12"
"18,17 : 44.01"
"18,18 : 0.0"
"18,19 : 31.62"
"18,20 : 29.15"
"18,21 : 30.08"
"18,22 : 10.63"
"18,23 : 90.14"
"18,24 : 59.51"
"18,25 : 38.47"
"18,26 : 24.84"
"18,27 : 91.68"
"18,28 : 14.87"
"18,29 : 28.6"
"18,30 : 105.95"
"18,31 : 32.76"
"18,32 : 46.82"
"18,33 : 48.85"
"18,34 : 51.48"
"18,35 : 85.91"
"18,36 : 57.43"
"18,37 : 34.54"
"18,38 : 49.82"
"18,39 : 67.12"
"18,40 : 95.52"
"18,41 : 61.55"
"18,42 : 54.71"
"18,43 : 63.25"
"18,44 : 65.19"
"18,45 : 101.77"
"18,46 : 70.26"
"18,47 : 53.71"
"18,48 : 106.93"
"18,49 : 69.18"
"19,0 : 16.28"
"19,1 : 23.32"
"19,2 : 57.07"
"19,3 : 68.88"
"19,4 : 25.24"
"19,5 : 60.73"
"19,6 : 45.89"
"19,7 : 70.46"
"19,8 : 53.46"
"19,9 : 30.23"
"19,10 : 44.94"
"19,11 : 50.7"
"19,12 : 54.63"
"19,13 : 50.6"
"19,14 : 29.41"
"19,15 : 20.1"
"19,16 : 49.4"
"19,17 : 66.85"
"19,18 : 31.62"
"19,19 : 0.0"
"19,20 : 29.02"
"19,21 : 10.44"
"19,22 : 30.81"
"19,23 : 60.67"
"19,24 : 28.86"
"19,25 : 59.46"
"19,26 : 10.05"
"19,27 : 81.34"
"19,28 : 17.69"
"19,29 : 35.13"
"19,30 : 91.02"
"19,31 : 13.45"
"19,32 : 18.11"
"19,33 : 63.39"
"19,34 : 63.01"
"19,35 : 74.97"
"19,36 : 25.81"
"19,37 : 31.58"
"19,38 : 35.47"
"19,39 : 35.85"
"19,40 : 87.32"
"19,41 : 30.61"
"19,42 : 50.57"
"19,43 : 31.62"
"19,44 : 53.91"
"19,45 : 88.73"
"19,46 : 39.56"
"19,47 : 48.75"
"19,48 : 94.92"
"19,49 : 48.76"
"20,0 : 13.6"
"20,1 : 50.7"
"20,2 : 28.79"
"20,3 : 49.24"
"20,4 : 51.66"
"20,5 : 58.05"
"20,6 : 17.89"
"20,7 : 72.12"
"20,8 : 24.74"
"20,9 : 16.49"
"20,10 : 24.7"
"20,11 : 25.46"
"20,12 : 49.5"
"20,13 : 24.21"
"20,14 : 25.94"
"20,15 : 33.02"
"20,16 : 25.5"
"20,17 : 42.01"
"20,18 : 29.15"
"20,19 : 29.02"
"20,20 : 0.0"
"20,21 : 19.1"
"20,22 : 19.42"
"20,23 : 70.18"
"20,24 : 45.0"
"20,25 : 34.21"
"20,26 : 31.95"
"20,27 : 62.65"
"20,28 : 20.62"
"20,29 : 7.21"
"20,30 : 76.84"
"20,31 : 40.26"
"20,32 : 31.91"
"20,33 : 34.93"
"20,34 : 34.06"
"20,35 : 56.8"
"20,36 : 48.33"
"20,37 : 5.39"
"20,38 : 22.09"
"20,39 : 53.6"
"20,40 : 66.85"
"20,41 : 55.97"
"20,42 : 26.25"
"20,43 : 53.24"
"20,44 : 36.06"
"20,45 : 72.62"
"20,46 : 54.49"
"20,47 : 25.0"
"20,48 : 77.82"
"20,49 : 42.43"
"21,0 : 8.49"
"21,1 : 33.54"
"21,2 : 46.69"
"21,3 : 59.41"
"21,4 : 32.89"
"21,5 : 55.58"
"21,6 : 35.51"
"21,7 : 67.03"
"21,8 : 43.19"
"21,9 : 20.52"
"21,10 : 35.0"
"21,11 : 40.31"
"21,12 : 48.51"
"21,13 : 40.16"
"21,14 : 22.14"
"21,15 : 18.79"
"21,16 : 41.68"
"21,17 : 59.06"
"21,18 : 30.08"
"21,19 : 10.44"
"21,20 : 19.1"
"21,21 : 0.0"
"21,22 : 25.81"
"21,23 : 60.08"
"21,24 : 30.23"
"21,25 : 51.43"
"21,26 : 17.03"
"21,27 : 72.18"
"21,28 : 15.3"
"21,29 : 25.71"
"21,30 : 83.01"
"21,31 : 23.32"
"21,32 : 17.0"
"21,33 : 53.94"
"21,34 : 53.15"
"21,35 : 65.86"
"21,36 : 30.81"
"21,37 : 21.21"
"21,38 : 26.25"
"21,39 : 38.42"
"21,40 : 77.83"
"21,41 : 37.58"
"21,42 : 40.25"
"21,43 : 36.24"
"21,44 : 44.55"
"21,45 : 80.21"
"21,46 : 40.82"
"21,47 : 38.47"
"21,48 : 86.21"
"21,49 : 42.06"
"22,0 : 17.49"
"22,1 : 45.4"
"22,2 : 42.45"
"22,3 : 68.03"
"22,4 : 56.04"
"22,5 : 76.32"
"22,6 : 33.6"
"22,7 : 89.63"
"22,8 : 37.54"
"22,9 : 35.0"
"22,10 : 43.97"
"22,11 : 43.05"
"22,12 : 68.07"
"22,13 : 41.05"
"22,14 : 42.76"
"22,15 : 44.42"
"22,16 : 21.0"
"22,17 : 37.66"
"22,18 : 10.63"
"22,19 : 30.81"
"22,20 : 19.42"
"22,21 : 25.81"
"22,22 : 0.0"
"22,23 : 85.09"
"22,24 : 56.04"
"22,25 : 31.06"
"22,26 : 27.2"
"22,27 : 81.44"
"22,28 : 13.42"
"22,29 : 18.03"
"22,30 : 96.17"
"22,31 : 36.14"
"22,32 : 42.72"
"22,33 : 39.56"
"22,34 : 41.63"
"22,35 : 75.77"
"22,36 : 55.87"
"22,37 : 24.74"
"22,38 : 41.05"
"22,39 : 64.2"
"22,40 : 85.09"
"22,41 : 61.4"
"22,42 : 44.29"
"22,43 : 61.52"
"22,44 : 55.36"
"22,45 : 91.76"
"22,46 : 66.57"
"22,47 : 43.38"
"22,48 : 96.77"
"22,49 : 61.03"
"23,0 : 67.78"
"23,1 : 72.84"
"23,2 : 81.4"
"23,3 : 64.03"
"23,4 : 47.54"
"23,5 : 27.07"
"23,6 : 74.28"
"23,7 : 19.72"
"23,8 : 81.57"
"23,9 : 54.82"
"23,10 : 59.2"
"23,11 : 69.4"
"23,12 : 32.57"
"23,13 : 72.01"
"23,14 : 44.41"
"23,15 : 41.48"
"23,16 : 95.44"
"23,17 : 110.75"
"23,18 : 90.14"
"23,19 : 60.67"
"23,20 : 70.18"
"23,21 : 60.08"
"23,22 : 85.09"
"23,23 : 0.0"
"23,24 : 32.06"
"23,25 : 103.08"
"23,26 : 70.46"
"23,27 : 68.12"
"23,28 : 75.29"
"23,29 : 76.84"
"23,30 : 63.56"
"23,31 : 69.01"
"23,32 : 43.42"
"23,33 : 98.35"
"23,34 : 94.37"
"23,35 : 63.51"
"23,36 : 39.46"
"23,37 : 67.2"
"23,38 : 51.62"
"23,39 : 27.46"
"23,40 : 76.11"
"23,41 : 43.66"
"23,42 : 67.42"
"23,43 : 35.17"
"23,44 : 55.9"
"23,45 : 66.48"
"23,46 : 22.09"
"23,47 : 65.8"
"23,48 : 72.84"
"23,49 : 36.24"
"24,0 : 38.6"
"24,1 : 42.06"
"24,2 : 65.25"
"24,3 : 62.1"
"24,4 : 19.8"
"24,5 : 39.05"
"24,6 : 55.36"
"24,7 : 44.6"
"24,8 : 63.57"
"24,9 : 33.84"
"24,10 : 45.18"
"24,11 : 54.74"
"24,12 : 36.4"
"24,13 : 56.29"
"24,14 : 24.33"
"24,15 : 12.04"
"24,16 : 70.18"
"24,17 : 87.01"
"24,18 : 59.51"
"24,19 : 28.86"
"24,20 : 45.0"
"24,21 : 30.23"
"24,22 : 56.04"
"24,23 : 32.06"
"24,24 : 0.0"
"24,25 : 79.2"
"24,26 : 38.47"
"24,27 : 71.69"
"24,28 : 44.72"
"24,29 : 52.2"
"24,30 : 75.6"
"24,31 : 37.12"
"24,32 : 13.45"
"24,33 : 78.26"
"24,34 : 75.77"
"24,35 : 65.55"
"24,36 : 10.63"
"24,37 : 43.91"
"24,38 : 34.37"
"24,39 : 8.6"
"24,40 : 79.12"
"24,41 : 19.24"
"24,42 : 53.46"
"24,43 : 11.18"
"24,44 : 48.51"
"24,45 : 75.47"
"24,46 : 10.77"
"24,47 : 51.48"
"24,48 : 82.15"
"24,49 : 33.54"
"25,0 : 43.46"
"25,1 : 76.42"
"25,2 : 31.0"
"25,3 : 64.07"
"25,4 : 84.17"
"25,5 : 86.76"
"25,6 : 31.02"
"25,7 : 102.0"
"25,8 : 27.17"
"25,9 : 48.27"
"25,10 : 47.54"
"25,11 : 40.02"
"25,12 : 77.82"
"25,13 : 36.88"
"25,14 : 58.8"
"25,15 : 67.2"
"25,16 : 10.2"
"25,17 : 7.81"
"25,18 : 38.47"
"25,19 : 59.46"
"25,20 : 34.21"
"25,21 : 51.43"
"25,22 : 31.06"
"25,23 : 103.08"
"25,24 : 79.2"
"25,25 : 0.0"
"25,26 : 57.87"
"25,27 : 76.06"
"25,28 : 43.74"
"25,29 : 27.02"
"25,30 : 94.05"
"25,31 : 66.91"
"25,32 : 66.03"
"25,33 : 14.76"
"25,34 : 20.25"
"25,35 : 72.03"
"25,36 : 81.99"
"25,37 : 36.07"
"25,38 : 51.87"
"25,39 : 87.8"
"25,40 : 76.79"
"25,41 : 89.0"
"25,42 : 42.2"
"25,43 : 87.13"
"25,44 : 57.01"
"25,45 : 88.01"
"25,46 : 88.62"
"25,47 : 42.72"
"25,48 : 91.27"
"25,49 : 71.12"
"26,0 : 18.38"
"26,1 : 19.1"
"26,2 : 60.75"
"26,3 : 76.37"
"26,4 : 31.24"
"26,5 : 70.6"
"26,6 : 49.77"
"26,7 : 80.5"
"26,8 : 56.61"
"26,9 : 37.48"
"26,10 : 51.74"
"26,11 : 56.08"
"26,12 : 64.26"
"26,13 : 55.47"
"26,14 : 38.47"
"26,15 : 30.15"
"26,16 : 47.68"
"26,17 : 64.76"
"26,18 : 24.84"
"26,19 : 10.05"
"26,20 : 31.95"
"26,21 : 17.03"
"26,22 : 27.2"
"26,23 : 70.46"
"26,24 : 38.47"
"26,25 : 57.87"
"26,26 : 0.0"
"26,27 : 89.2"
"26,28 : 14.14"
"26,29 : 36.67"
"26,30 : 99.86"
"26,31 : 9.06"
"26,32 : 28.16"
"26,33 : 64.07"
"26,34 : 64.63"
"26,35 : 82.88"
"26,36 : 34.01"
"26,37 : 35.78"
"26,38 : 43.28"
"26,39 : 44.92"
"26,40 : 94.76"
"26,41 : 37.01"
"26,42 : 56.3"
"26,43 : 39.81"
"26,44 : 61.55"
"26,45 : 97.2"
"26,46 : 49.03"
"26,47 : 54.64"
"26,48 : 103.23"
"26,49 : 58.18"
"27,0 : 73.01"
"27,1 : 104.24"
"27,2 : 45.1"
"27,3 : 13.42"
"27,4 : 90.35"
"27,5 : 41.05"
"27,6 : 49.04"
"27,7 : 52.89"
"27,8 : 49.37"
"27,9 : 51.74"
"27,10 : 38.28"
"27,11 : 38.9"
"27,12 : 37.48"
"27,13 : 41.48"
"27,14 : 52.8"
"27,15 : 67.42"
"27,16 : 75.13"
"27,17 : 81.06"
"27,18 : 91.68"
"27,19 : 81.34"
"27,20 : 62.65"
"27,21 : 72.18"
"27,22 : 81.44"
"27,23 : 68.12"
"27,24 : 71.69"
"27,25 : 76.06"
"27,26 : 89.2"
"27,27 : 0.0"
"27,28 : 82.1"
"27,29 : 63.69"
"27,30 : 18.97"
"27,31 : 94.79"
"27,32 : 68.51"
"27,33 : 63.13"
"27,34 : 57.14"
"27,35 : 6.4"
"27,36 : 81.86"
"27,37 : 57.31"
"27,38 : 45.97"
"27,39 : 76.54"
"27,40 : 8.0"
"27,41 : 90.87"
"27,42 : 37.34"
"27,43 : 82.64"
"27,44 : 27.66"
"27,45 : 12.17"
"27,46 : 72.28"
"27,47 : 38.08"
"27,48 : 15.52"
"27,49 : 38.28"
"28,0 : 9.49"
"28,1 : 33.0"
"28,2 : 48.76"
"28,3 : 68.82"
"28,4 : 42.8"
"28,5 : 70.18"
"28,6 : 38.28"
"28,7 : 82.15"
"28,8 : 44.28"
"28,9 : 31.38"
"28,10 : 43.83"
"28,11 : 46.01"
"28,12 : 62.65"
"28,13 : 44.82"
"28,14 : 36.22"
"28,15 : 33.84"
"28,16 : 33.54"
"28,17 : 50.7"
"28,18 : 14.87"
"28,19 : 17.69"
"28,20 : 20.62"
"28,21 : 15.3"
"28,22 : 13.42"
"28,23 : 75.29"
"28,24 : 44.72"
"28,25 : 43.74"
"28,26 : 14.14"
"28,27 : 82.1"
"28,28 : 0.0"
"28,29 : 23.77"
"28,30 : 94.85"
"28,31 : 23.19"
"28,32 : 31.95"
"28,33 : 50.25"
"28,34 : 51.2"
"28,35 : 76.01"
"28,36 : 43.28"
"28,37 : 25.46"
"28,38 : 37.7"
"28,39 : 52.48"
"28,40 : 86.83"
"28,41 : 48.27"
"28,42 : 46.67"
"28,43 : 49.04"
"28,44 : 54.71"
"28,45 : 91.3"
"28,46 : 55.46"
"28,47 : 45.28"
"28,48 : 96.9"
"28,49 : 55.9"
"29,0 : 19.0"
"29,1 : 55.73"
"29,2 : 25.24"
"29,3 : 50.33"
"29,4 : 58.52"
"29,5 : 63.32"
"29,6 : 15.62"
"29,7 : 77.83"
"29,8 : 20.59"
"29,9 : 22.36"
"29,10 : 27.17"
"29,11 : 25.06"
"29,12 : 54.57"
"29,13 : 23.02"
"29,14 : 32.45"
"29,15 : 40.22"
"29,16 : 18.6"
"29,17 : 34.83"
"29,18 : 28.6"
"29,19 : 35.13"
"29,20 : 7.21"
"29,21 : 25.71"
"29,22 : 18.03"
"29,23 : 76.84"
"29,24 : 52.2"
"29,25 : 27.02"
"29,26 : 36.67"
"29,27 : 63.69"
"29,28 : 23.77"
"29,29 : 0.0"
"29,30 : 79.08"
"29,31 : 45.4"
"29,32 : 39.12"
"29,33 : 28.28"
"29,34 : 28.07"
"29,35 : 58.19"
"29,36 : 55.46"
"29,37 : 9.85"
"29,38 : 27.2"
"29,39 : 60.8"
"29,40 : 67.12"
"29,41 : 62.97"
"29,42 : 26.4"
"29,43 : 60.42"
"29,44 : 38.47"
"29,45 : 74.33"
"29,46 : 61.62"
"29,47 : 25.63"
"29,48 : 79.12"
"29,49 : 47.54"
"30,0 : 85.43"
"30,1 : 112.81"
"30,2 : 63.07"
"30,3 : 30.0"
"30,4 : 95.27"
"30,5 : 38.48"
"30,6 : 65.49"
"30,7 : 45.18"
"30,8 : 67.0"
"30,9 : 63.51"
"30,10 : 52.2"
"30,11 : 55.33"
"30,12 : 39.2"
"30,13 : 58.22"
"30,14 : 61.61"
"30,15 : 74.28"
"30,16 : 92.27"
"30,17 : 99.41"
"30,18 : 105.95"
"30,19 : 91.02"
"30,20 : 76.84"
"30,21 : 83.01"
"30,22 : 96.17"
"30,23 : 63.56"
"30,24 : 75.6"
"30,25 : 94.05"
"30,26 : 99.86"
"30,27 : 18.97"
"30,28 : 94.85"
"30,29 : 79.08"
"30,30 : 0.0"
"30,31 : 104.2"
"30,32 : 75.74"
"30,33 : 81.61"
"30,34 : 75.66"
"30,35 : 22.02"
"30,36 : 86.21"
"30,37 : 71.47"
"30,38 : 57.25"
"30,39 : 78.55"
"30,40 : 22.8"
"30,41 : 94.63"
"30,42 : 53.46"
"30,43 : 85.7"
"30,44 : 40.8"
"30,45 : 7.21"
"30,46 : 73.43"
"30,47 : 53.76"
"30,48 : 10.44"
"30,49 : 43.14"
"31,0 : 26.68"
"31,1 : 10.44"
"31,2 : 68.96"
"31,3 : 82.33"
"31,4 : 25.5"
"31,5 : 72.62"
"31,6 : 57.87"
"31,7 : 81.02"
"31,8 : 65.0"
"31,9 : 43.6"
"31,10 : 58.25"
"31,11 : 63.51"
"31,12 : 67.12"
"31,13 : 63.16"
"31,14 : 42.64"
"31,15 : 31.38"
"31,16 : 56.72"
"31,17 : 73.76"
"31,18 : 32.76"
"31,19 : 13.45"
"31,20 : 40.26"
"31,21 : 23.32"
"31,22 : 36.14"
"31,23 : 69.01"
"31,24 : 37.12"
"31,25 : 66.91"
"31,26 : 9.06"
"31,27 : 94.79"
"31,28 : 23.19"
"31,29 : 45.4"
"31,30 : 104.2"
"31,31 : 0.0"
"31,32 : 29.55"
"31,33 : 73.03"
"31,34 : 73.44"
"31,35 : 88.41"
"31,36 : 30.41"
"31,37 : 43.66"
"31,38 : 48.92"
"31,39 : 42.19"
"31,40 : 100.77"
"31,41 : 31.3"
"31,42 : 63.53"
"31,43 : 35.9"
"31,44 : 67.36"
"31,45 : 102.07"
"31,46 : 47.01"
"31,47 : 61.77"
"31,48 : 108.3"
"31,49 : 61.59"
"32,0 : 25.24"
"32,1 : 37.2"
"32,2 : 54.45"
"32,3 : 57.25"
"32,4 : 23.35"
"32,5 : 43.08"
"32,6 : 43.93"
"32,7 : 52.35"
"32,8 : 52.17"
"32,9 : 23.02"
"32,10 : 36.5"
"32,11 : 45.01"
"32,12 : 37.74"
"32,13 : 46.04"
"32,14 : 16.16"
"32,15 : 2.0"
"32,16 : 56.85"
"32,17 : 73.82"
"32,18 : 46.82"
"32,19 : 18.11"
"32,20 : 31.91"
"32,21 : 17.0"
"32,22 : 42.72"
"32,23 : 43.42"
"32,24 : 13.45"
"32,25 : 66.03"
"32,26 : 28.16"
"32,27 : 68.51"
"32,28 : 31.95"
"32,29 : 39.12"
"32,30 : 75.74"
"32,31 : 29.55"
"32,32 : 0.0"
"32,33 : 65.92"
"32,34 : 63.89"
"32,35 : 62.13"
"32,36 : 17.26"
"32,37 : 31.38"
"32,38 : 25.5"
"32,39 : 21.93"
"32,40 : 75.29"
"32,41 : 26.02"
"32,42 : 44.1"
"32,43 : 21.54"
"32,44 : 42.54"
"32,45 : 74.33"
"32,46 : 23.85"
"32,47 : 42.11"
"32,48 : 80.81"
"32,49 : 32.65"
"33,0 : 47.17"
"33,1 : 83.15"
"33,2 : 19.31"
"33,3 : 51.97"
"33,4 : 86.59"
"33,5 : 79.06"
"33,6 : 24.08"
"33,7 : 94.63"
"33,8 : 17.2"
"33,9 : 44.94"
"33,10 : 39.82"
"33,11 : 30.53"
"33,12 : 70.21"
"33,13 : 27.46"
"33,14 : 55.47"
"33,15 : 66.71"
"33,16 : 20.25"
"33,17 : 18.03"
"33,18 : 48.85"
"33,19 : 63.39"
"33,20 : 34.93"
"33,21 : 53.94"
"33,22 : 39.56"
"33,23 : 98.35"
"33,24 : 78.26"
"33,25 : 14.76"
"33,26 : 64.07"
"33,27 : 63.13"
"33,28 : 50.25"
"33,29 : 28.28"
"33,30 : 81.61"
"33,31 : 73.03"
"33,32 : 65.92"
"33,33 : 0.0"
"33,34 : 6.0"
"33,35 : 59.68"
"33,36 : 82.87"
"33,37 : 34.54"
"33,38 : 46.86"
"33,39 : 86.77"
"33,40 : 63.13"
"33,41 : 90.8"
"33,42 : 32.76"
"33,43 : 87.46"
"33,44 : 47.41"
"33,45 : 75.24"
"33,46 : 86.61"
"33,47 : 33.84"
"33,48 : 78.0"
"33,49 : 64.03"
"34,0 : 47.04"
"34,1 : 83.73"
"34,2 : 13.89"
"34,3 : 46.1"
"34,4 : 85.33"
"34,5 : 74.2"
"34,6 : 20.59"
"34,7 : 89.81"
"34,8 : 12.81"
"34,9 : 42.05"
"34,10 : 35.36"
"34,11 : 25.61"
"34,12 : 65.44"
"34,13 : 22.67"
"34,14 : 52.35"
"34,15 : 64.51"
"34,16 : 24.04"
"34,17 : 24.02"
"34,18 : 51.48"
"34,19 : 63.01"
"34,20 : 34.06"
"34,21 : 53.15"
"34,22 : 41.63"
"34,23 : 94.37"
"34,24 : 75.77"
"34,25 : 20.25"
"34,26 : 64.63"
"34,27 : 57.14"
"34,28 : 51.2"
"34,29 : 28.07"
"34,30 : 75.66"
"34,31 : 73.44"
"34,32 : 63.89"
"34,33 : 6.0"
"34,34 : 0.0"
"34,35 : 53.76"
"34,36 : 81.04"
"34,37 : 32.76"
"34,38 : 43.27"
"34,39 : 84.17"
"34,40 : 57.14"
"34,41 : 89.27"
"34,42 : 27.8"
"34,43 : 85.38"
"34,44 : 42.19"
"34,45 : 69.26"
"34,46 : 83.65"
"34,47 : 29.07"
"34,48 : 72.0"
"34,49 : 59.46"
"35,0 : 66.85"
"35,1 : 97.84"
"35,2 : 41.05"
"35,3 : 8.06"
"35,4 : 84.08"
"35,5 : 36.5"
"35,6 : 43.93"
"35,7 : 49.4"
"35,8 : 45.01"
"35,9 : 45.45"
"35,10 : 32.25"
"35,11 : 33.73"
"35,12 : 32.06"
"35,13 : 36.5"
"35,14 : 46.4"
"35,15 : 61.06"
"35,16 : 70.46"
"35,17 : 77.41"
"35,18 : 85.91"
"35,19 : 74.97"
"35,20 : 56.8"
"35,21 : 65.86"
"35,22 : 75.77"
"35,23 : 63.51"
"35,24 : 65.55"
"35,25 : 72.03"
"35,26 : 82.88"
"35,27 : 6.4"
"35,28 : 76.01"
"35,29 : 58.19"
"35,30 : 22.02"
"35,31 : 88.41"
"35,32 : 62.13"
"35,33 : 59.68"
"35,34 : 53.76"
"35,35 : 0.0"
"35,36 : 75.64"
"35,37 : 51.43"
"35,38 : 39.62"
"35,39 : 70.6"
"35,40 : 13.6"
"35,41 : 84.69"
"35,42 : 32.02"
"35,43 : 76.55"
"35,44 : 21.4"
"35,45 : 16.28"
"35,46 : 66.49"
"35,47 : 32.57"
"35,48 : 21.02"
"35,49 : 32.28"
"36,0 : 39.2"
"36,1 : 33.38"
"36,2 : 71.7"
"36,3 : 71.78"
"36,4 : 9.22"
"36,5 : 49.58"
"36,6 : 61.19"
"36,7 : 54.13"
"36,8 : 69.43"
"36,9 : 40.2"
"36,10 : 53.08"
"36,11 : 62.03"
"36,12 : 47.01"
"36,13 : 63.2"
"36,14 : 32.14"
"36,15 : 17.03"
"36,16 : 72.4"
"36,17 : 89.69"
"36,18 : 57.43"
"36,19 : 25.81"
"36,20 : 48.33"
"36,21 : 30.81"
"36,22 : 55.87"
"36,23 : 39.46"
"36,24 : 10.63"
"36,25 : 81.99"
"36,26 : 34.01"
"36,27 : 81.86"
"36,28 : 43.28"
"36,29 : 55.46"
"36,30 : 86.21"
"36,31 : 30.41"
"36,32 : 17.26"
"36,33 : 82.87"
"36,34 : 81.04"
"36,35 : 75.64"
"36,36 : 0.0"
"36,37 : 48.38"
"36,38 : 42.05"
"36,39 : 12.04"
"36,40 : 89.16"
"36,41 : 9.22"
"36,42 : 61.0"
"36,43 : 5.83"
"36,44 : 57.72"
"36,45 : 85.98"
"36,46 : 17.46"
"36,47 : 59.0"
"36,48 : 92.65"
"36,49 : 43.91"
"37,0 : 17.49"
"37,1 : 54.08"
"37,2 : 25.5"
"37,3 : 43.91"
"37,4 : 52.61"
"37,5 : 53.6"
"37,6 : 14.32"
"37,7 : 68.01"
"37,8 : 22.02"
"37,9 : 12.53"
"37,10 : 19.31"
"37,11 : 20.62"
"37,12 : 44.91"
"37,13 : 19.72"
"37,14 : 22.8"
"37,15 : 32.2"
"37,16 : 28.3"
"37,17 : 43.84"
"37,18 : 34.54"
"37,19 : 31.58"
"37,20 : 5.39"
"37,21 : 21.21"
"37,22 : 24.74"
"37,23 : 67.2"
"37,24 : 43.91"
"37,25 : 36.07"
"37,26 : 35.78"
"37,27 : 57.31"
"37,28 : 25.46"
"37,29 : 9.85"
"37,30 : 71.47"
"37,31 : 43.66"
"37,32 : 31.38"
"37,33 : 34.54"
"37,34 : 32.76"
"37,35 : 51.43"
"37,36 : 48.38"
"37,37 : 0.0"
"37,38 : 17.46"
"37,39 : 52.48"
"37,40 : 61.61"
"37,41 : 56.52"
"37,42 : 21.21"
"37,43 : 52.92"
"37,44 : 30.68"
"37,45 : 67.23"
"37,46 : 52.8"
"37,47 : 19.85"
"37,48 : 72.45"
"37,49 : 37.85"
"38,0 : 28.23"
"38,1 : 58.6"
"38,2 : 31.38"
"38,3 : 33.42"
"38,4 : 48.84"
"38,5 : 36.14"
"38,6 : 22.8"
"38,7 : 50.7"
"38,8 : 30.53"
"38,9 : 6.32"
"38,10 : 11.05"
"38,11 : 20.4"
"38,12 : 27.46"
"38,13 : 22.14"
"38,14 : 10.05"
"38,15 : 25.18"
"38,16 : 45.19"
"38,17 : 59.41"
"38,18 : 49.82"
"38,19 : 35.47"
"38,20 : 22.09"
"38,21 : 26.25"
"38,22 : 41.05"
"38,23 : 51.62"
"38,24 : 34.37"
"38,25 : 51.87"
"38,26 : 43.28"
"38,27 : 45.97"
"38,28 : 37.7"
"38,29 : 27.2"
"38,30 : 57.25"
"38,31 : 48.92"
"38,32 : 25.5"
"38,33 : 46.86"
"38,34 : 43.27"
"38,35 : 39.62"
"38,36 : 42.05"
"38,37 : 17.46"
"38,38 : 0.0"
"38,39 : 42.2"
"38,40 : 51.86"
"38,41 : 51.16"
"38,42 : 19.1"
"38,43 : 45.1"
"38,44 : 18.44"
"38,45 : 54.08"
"38,46 : 40.85"
"38,47 : 17.12"
"38,48 : 60.0"
"38,49 : 20.4"
"39,0 : 46.86"
"39,1 : 45.4"
"39,2 : 73.38"
"39,3 : 67.9"
"39,4 : 20.25"
"39,5 : 40.61"
"39,6 : 63.69"
"39,7 : 43.05"
"39,8 : 71.87"
"39,9 : 42.15"
"39,10 : 52.77"
"39,11 : 62.59"
"39,12 : 39.81"
"39,13 : 64.29"
"39,14 : 32.28"
"39,15 : 20.62"
"39,16 : 78.75"
"39,17 : 95.6"
"39,18 : 67.12"
"39,19 : 35.85"
"39,20 : 53.6"
"39,21 : 38.42"
"39,22 : 64.2"
"39,23 : 27.46"
"39,24 : 8.6"
"39,25 : 87.8"
"39,26 : 44.92"
"39,27 : 76.54"
"39,28 : 52.48"
"39,29 : 60.8"
"39,30 : 78.55"
"39,31 : 42.19"
"39,32 : 21.93"
"39,33 : 86.77"
"39,34 : 84.17"
"39,35 : 70.6"
"39,36 : 12.04"
"39,37 : 52.48"
"39,38 : 42.2"
"39,39 : 0.0"
"39,40 : 84.2"
"39,41 : 17.2"
"39,42 : 61.19"
"39,43 : 8.06"
"39,44 : 55.04"
"39,45 : 79.16"
"39,46 : 5.83"
"39,47 : 59.23"
"39,48 : 85.87"
"39,49 : 38.33"
"40,0 : 77.99"
"40,1 : 110.42"
"40,2 : 46.32"
"40,3 : 18.44"
"40,4 : 97.51"
"40,5 : 49.04"
"40,6 : 51.89"
"40,7 : 60.64"
"40,8 : 50.96"
"40,9 : 57.31"
"40,10 : 43.19"
"40,11 : 42.06"
"40,12 : 45.4"
"40,13 : 44.28"
"40,14 : 59.36"
"40,15 : 74.3"
"40,16 : 76.92"
"40,17 : 81.15"
"40,18 : 95.52"
"40,19 : 87.32"
"40,20 : 66.85"
"40,21 : 77.83"
"40,22 : 85.09"
"40,23 : 76.11"
"40,24 : 79.12"
"40,25 : 76.79"
"40,26 : 94.76"
"40,27 : 8.0"
"40,28 : 86.83"
"40,29 : 67.12"
"40,30 : 22.8"
"40,31 : 100.77"
"40,32 : 75.29"
"40,33 : 63.13"
"40,34 : 57.14"
"40,35 : 13.6"
"40,36 : 89.16"
"40,37 : 61.61"
"40,38 : 51.86"
"40,39 : 84.2"
"40,40 : 0.0"
"40,41 : 98.23"
"40,42 : 40.82"
"40,43 : 90.14"
"40,44 : 33.42"
"40,45 : 15.62"
"40,46 : 80.05"
"40,47 : 41.88"
"40,48 : 15.52"
"40,49 : 45.88"
"41,0 : 45.65"
"41,1 : 31.26"
"41,2 : 80.4"
"41,3 : 80.96"
"41,4 : 5.83"
"41,5 : 57.31"
"41,6 : 69.72"
"41,7 : 60.21"
"41,8 : 77.93"
"41,9 : 49.04"
"41,10 : 62.2"
"41,11 : 71.0"
"41,12 : 55.47"
"41,13 : 72.06"
"41,14 : 41.3"
"41,15 : 26.02"
"41,16 : 79.18"
"41,17 : 96.6"
"41,18 : 61.55"
"41,19 : 30.61"
"41,20 : 55.97"
"41,21 : 37.58"
"41,22 : 61.4"
"41,23 : 43.66"
"41,24 : 19.24"
"41,25 : 89.0"
"41,26 : 37.01"
"41,27 : 90.87"
"41,28 : 48.27"
"41,29 : 62.97"
"41,30 : 94.63"
"41,31 : 31.3"
"41,32 : 26.02"
"41,33 : 90.8"
"41,34 : 89.27"
"41,35 : 84.69"
"41,36 : 9.22"
"41,37 : 56.52"
"41,38 : 51.16"
"41,39 : 17.2"
"41,40 : 98.23"
"41,41 : 0.0"
"41,42 : 70.03"
"41,43 : 9.22"
"41,44 : 66.94"
"41,45 : 94.67"
"41,46 : 23.02"
"41,47 : 68.03"
"41,48 : 101.36"
"41,49 : 52.77"
"42,0 : 38.42"
"42,1 : 73.79"
"42,2 : 14.14"
"42,3 : 24.04"
"42,4 : 67.36"
"42,5 : 46.4"
"42,6 : 12.04"
"42,7 : 62.01"
"42,8 : 15.65"
"42,9 : 21.38"
"42,10 : 8.54"
"42,11 : 2.24"
"42,12 : 37.64"
"42,13 : 5.39"
"42,14 : 29.15"
"42,15 : 44.01"
"42,16 : 39.0"
"42,17 : 48.7"
"42,18 : 54.71"
"42,19 : 50.57"
"42,20 : 26.25"
"42,21 : 40.25"
"42,22 : 44.29"
"42,23 : 67.42"
"42,24 : 53.46"
"42,25 : 42.2"
"42,26 : 56.3"
"42,27 : 37.34"
"42,28 : 46.67"
"42,29 : 26.4"
"42,30 : 53.46"
"42,31 : 63.53"
"42,32 : 44.1"
"42,33 : 32.76"
"42,34 : 27.8"
"42,35 : 32.02"
"42,36 : 61.0"
"42,37 : 21.21"
"42,38 : 19.1"
"42,39 : 61.19"
"42,40 : 40.82"
"42,41 : 70.03"
"42,42 : 0.0"
"42,43 : 64.2"
"42,44 : 14.87"
"42,45 : 48.27"
"42,46 : 59.48"
"42,47 : 2.0"
"42,48 : 52.81"
"42,49 : 31.83"
"43,0 : 44.69"
"43,1 : 38.05"
"43,2 : 75.5"
"43,3 : 73.25"
"43,4 : 12.37"
"43,5 : 48.17"
"43,6 : 65.25"
"43,7 : 51.11"
"43,8 : 73.5"
"43,9 : 43.93"
"43,10 : 56.04"
"43,11 : 65.38"
"43,12 : 46.65"
"43,13 : 66.75"
"43,14 : 35.06"
"43,15 : 20.88"
"43,16 : 77.67"
"43,17 : 94.87"
"43,18 : 63.25"
"43,19 : 31.62"
"43,20 : 53.24"
"43,21 : 36.24"
"43,22 : 61.52"
"43,23 : 35.17"
"43,24 : 11.18"
"43,25 : 87.13"
"43,26 : 39.81"
"43,27 : 82.64"
"43,28 : 49.04"
"43,29 : 60.42"
"43,30 : 85.7"
"43,31 : 35.9"
"43,32 : 21.54"
"43,33 : 87.46"
"43,34 : 85.38"
"43,35 : 76.55"
"43,36 : 5.83"
"43,37 : 52.92"
"43,38 : 45.1"
"43,39 : 8.06"
"43,40 : 90.14"
"43,41 : 9.22"
"43,42 : 64.2"
"43,43 : 0.0"
"43,44 : 59.68"
"43,45 : 85.96"
"43,46 : 13.89"
"43,47 : 62.2"
"43,48 : 92.66"
"43,49 : 44.38"
"44,0 : 45.49"
"44,1 : 77.01"
"44,2 : 28.3"
"44,3 : 15.0"
"44,4 : 65.46"
"44,5 : 32.53"
"44,6 : 26.31"
"44,7 : 48.1"
"44,8 : 30.46"
"44,9 : 24.08"
"44,10 : 11.4"
"44,11 : 17.09"
"44,12 : 24.21"
"44,13 : 20.25"
"44,14 : 26.4"
"44,15 : 41.79"
"44,16 : 53.24"
"44,17 : 63.57"
"44,18 : 65.19"
"44,19 : 53.91"
"44,20 : 36.06"
"44,21 : 44.55"
"44,22 : 55.36"
"44,23 : 55.9"
"44,24 : 48.51"
"44,25 : 57.01"
"44,26 : 61.55"
"44,27 : 27.66"
"44,28 : 54.71"
"44,29 : 38.47"
"44,30 : 40.8"
"44,31 : 67.36"
"44,32 : 42.54"
"44,33 : 47.41"
"44,34 : 42.19"
"44,35 : 21.4"
"44,36 : 57.72"
"44,37 : 30.68"
"44,38 : 18.44"
"44,39 : 55.04"
"44,40 : 33.42"
"44,41 : 66.94"
"44,42 : 14.87"
"44,43 : 59.68"
"44,44 : 0.0"
"44,45 : 36.67"
"44,46 : 52.09"
"44,47 : 14.32"
"44,48 : 42.19"
"44,49 : 19.7"
"45,0 : 81.99"
"45,1 : 111.04"
"45,2 : 57.01"
"45,3 : 24.33"
"45,4 : 94.87"
"45,5 : 40.26"
"45,6 : 60.21"
"45,7 : 49.04"
"45,8 : 61.13"
"45,9 : 60.21"
"45,10 : 47.93"
"45,11 : 50.01"
"45,12 : 39.36"
"45,13 : 52.77"
"45,14 : 59.46"
"45,15 : 73.0"
"45,16 : 86.7"
"45,17 : 93.13"
"45,18 : 101.77"
"45,19 : 88.73"
"45,20 : 72.62"
"45,21 : 80.21"
"45,22 : 91.76"
"45,23 : 66.48"
"45,24 : 75.47"
"45,25 : 88.01"
"45,26 : 97.2"
"45,27 : 12.17"
"45,28 : 91.3"
"45,29 : 74.33"
"45,30 : 7.21"
"45,31 : 102.07"
"45,32 : 74.33"
"45,33 : 75.24"
"45,34 : 69.26"
"45,35 : 16.28"
"45,36 : 85.98"
"45,37 : 67.23"
"45,38 : 54.08"
"45,39 : 79.16"
"45,40 : 15.62"
"45,41 : 94.67"
"45,42 : 48.27"
"45,43 : 85.96"
"45,44 : 36.67"
"45,45 : 0.0"
"45,46 : 74.32"
"45,47 : 48.76"
"45,48 : 6.71"
"45,49 : 42.2"
"46,0 : 49.09"
"46,1 : 50.8"
"46,2 : 72.24"
"46,3 : 64.28"
"46,4 : 26.0"
"46,5 : 35.23"
"46,6 : 63.06"
"46,7 : 37.22"
"46,8 : 71.11"
"46,9 : 41.68"
"46,10 : 50.96"
"46,11 : 61.03"
"46,12 : 35.11"
"46,13 : 62.97"
"46,14 : 31.3"
"46,15 : 22.2"
"46,16 : 79.91"
"46,17 : 96.43"
"46,18 : 70.26"
"46,19 : 39.56"
"46,20 : 54.49"
"46,21 : 40.82"
"46,22 : 66.57"
"46,23 : 22.09"
"46,24 : 10.77"
"46,25 : 88.62"
"46,26 : 49.03"
"46,27 : 72.28"
"46,28 : 55.46"
"46,29 : 61.62"
"46,30 : 73.43"
"46,31 : 47.01"
"46,32 : 23.85"
"46,33 : 86.61"
"46,34 : 83.65"
"46,35 : 66.49"
"46,36 : 17.46"
"46,37 : 52.8"
"46,38 : 40.85"
"46,39 : 5.83"
"46,40 : 80.05"
"46,41 : 23.02"
"46,42 : 59.48"
"46,43 : 13.89"
"46,44 : 52.09"
"46,45 : 74.32"
"46,46 : 0.0"
"46,47 : 57.57"
"46,48 : 81.02"
"46,49 : 34.37"
"47,0 : 36.88"
"47,1 : 72.01"
"47,2 : 15.62"
"47,3 : 24.7"
"47,4 : 65.38"
"47,5 : 45.22"
"47,6 : 12.04"
"47,7 : 60.8"
"47,8 : 16.64"
"47,9 : 19.42"
"47,10 : 6.71"
"47,11 : 3.61"
"47,12 : 36.4"
"47,13 : 6.4"
"47,14 : 27.17"
"47,15 : 42.01"
"47,16 : 39.05"
"47,17 : 49.4"
"47,18 : 53.71"
"47,19 : 48.75"
"47,20 : 25.0"
"47,21 : 38.47"
"47,22 : 43.38"
"47,23 : 65.8"
"47,24 : 51.48"
"47,25 : 42.72"
"47,26 : 54.64"
"47,27 : 38.08"
"47,28 : 45.28"
"47,29 : 25.63"
"47,30 : 53.76"
"47,31 : 61.77"
"47,32 : 42.11"
"47,33 : 33.84"
"47,34 : 29.07"
"47,35 : 32.57"
"47,36 : 59.0"
"47,37 : 19.85"
"47,38 : 17.12"
"47,39 : 59.23"
"47,40 : 41.88"
"47,41 : 68.03"
"47,42 : 2.0"
"47,43 : 62.2"
"47,44 : 14.32"
"47,45 : 48.76"
"47,46 : 57.57"
"47,47 : 0.0"
"47,48 : 53.49"
"47,49 : 30.41"
"48,0 : 87.66"
"48,1 : 117.38"
"48,2 : 60.41"
"48,3 : 28.79"
"48,4 : 101.51"
"48,5 : 46.84"
"48,6 : 64.56"
"48,7 : 55.01"
"48,8 : 64.78"
"48,9 : 66.03"
"48,10 : 53.24"
"48,11 : 54.41"
"48,12 : 46.07"
"48,13 : 57.01"
"48,14 : 65.76"
"48,15 : 79.51"
"48,16 : 90.61"
"48,17 : 96.01"
"48,18 : 106.93"
"48,19 : 94.92"
"48,20 : 77.82"
"48,21 : 86.21"
"48,22 : 96.77"
"48,23 : 72.84"
"48,24 : 82.15"
"48,25 : 91.27"
"48,26 : 103.23"
"48,27 : 15.52"
"48,28 : 96.9"
"48,29 : 79.12"
"48,30 : 10.44"
"48,31 : 108.3"
"48,32 : 80.81"
"48,33 : 78.0"
"48,34 : 72.0"
"48,35 : 21.02"
"48,36 : 92.65"
"48,37 : 72.45"
"48,38 : 60.0"
"48,39 : 85.87"
"48,40 : 15.52"
"48,41 : 101.36"
"48,42 : 52.81"
"48,43 : 92.66"
"48,44 : 42.19"
"48,45 : 6.71"
"48,46 : 81.02"
"48,47 : 53.49"
"48,48 : 0.0"
"48,49 : 48.83"
"49,0 : 46.53"
"49,1 : 69.81"
"49,2 : 45.97"
"49,3 : 30.02"
"49,4 : 52.7"
"49,5 : 15.81"
"49,6 : 40.5"
"49,7 : 30.89"
"49,8 : 46.86"
"49,9 : 26.08"
"49,10 : 24.21"
"49,11 : 33.94"
"49,12 : 7.07"
"49,13 : 36.8"
"49,14 : 19.92"
"49,15 : 31.14"
"49,16 : 65.19"
"49,17 : 78.39"
"49,18 : 69.18"
"49,19 : 48.76"
"49,20 : 42.43"
"49,21 : 42.06"
"49,22 : 61.03"
"49,23 : 36.24"
"49,24 : 33.54"
"49,25 : 71.12"
"49,26 : 58.18"
"49,27 : 38.28"
"49,28 : 55.9"
"49,29 : 47.54"
"49,30 : 43.14"
"49,31 : 61.59"
"49,32 : 32.65"
"49,33 : 64.03"
"49,34 : 59.46"
"49,35 : 32.28"
"49,36 : 43.91"
"49,37 : 37.85"
"49,38 : 20.4"
"49,39 : 38.33"
"49,40 : 45.88"
"49,41 : 52.77"
"49,42 : 31.83"
"49,43 : 44.38"
"49,44 : 19.7"
"49,45 : 42.2"
"49,46 : 34.37"
"49,47 : 30.41"
"49,48 : 48.83"
"49,49 : 0.0"
