x,y
28,7
99,69
11,71
48,23
10,23
12,64
90,80
76,85
42,36
49,25
100,33
86,26
0,31
44,96
67,22
49,21
19,16
76,93
7,48
33,86
4,10
72,38
67,48
15,31
45,63
34,89
58,9
29,48
15,80
94,3
25,15
47,3
47,32
55,52
15,0
89,16
68,12
70,45
30,36
86,62
28,23
3,96
42,62
18,38
37,92
37,20
99,10
11,61
11,16
98,9

Distanze
"0,0 : 0.0"
"0,1 : 94.26"
"0,2 : 66.22"
"0,3 : 25.61"
"0,4 : 24.08"
"0,5 : 59.2"
"0,6 : 95.78"
"0,7 : 91.59"
"0,8 : 32.2"
"0,9 : 27.66"
"0,10 : 76.55"
"0,11 : 61.03"
"0,12 : 36.88"
"0,13 : 90.43"
"0,14 : 41.79"
"0,15 : 25.24"
"0,16 : 12.73"
"0,17 : 98.49"
"0,18 : 46.07"
"0,19 : 79.16"
"0,20 : 24.19"
"0,21 : 53.82"
"0,22 : 56.59"
"0,23 : 27.29"
"0,24 : 58.52"
"0,25 : 82.22"
"0,26 : 30.07"
"0,27 : 41.01"
"0,28 : 74.15"
"0,29 : 66.12"
"0,30 : 8.54"
"0,31 : 19.42"
"0,32 : 31.4"
"0,33 : 52.48"
"0,34 : 14.76"
"0,35 : 61.66"
"0,36 : 40.31"
"0,37 : 56.64"
"0,38 : 29.07"
"0,39 : 79.93"
"0,40 : 16.0"
"0,41 : 92.44"
"0,42 : 56.75"
"0,43 : 32.57"
"0,44 : 85.48"
"0,45 : 15.81"
"0,46 : 71.06"
"0,47 : 56.61"
"0,48 : 19.24"
"0,49 : 70.03"
"1,0 : 94.26"
"1,1 : 0.0"
"1,2 : 88.02"
"1,3 : 68.68"
"1,4 : 100.18"
"1,5 : 87.14"
"1,6 : 14.21"
"1,7 : 28.02"
"1,8 : 65.86"
"1,9 : 66.6"
"1,10 : 36.01"
"1,11 : 44.92"
"1,12 : 106.04"
"1,13 : 61.27"
"1,14 : 56.86"
"1,15 : 69.31"
"1,16 : 95.96"
"1,17 : 33.24"
"1,18 : 94.37"
"1,19 : 68.15"
"1,20 : 111.83"
"1,21 : 41.11"
"1,22 : 38.28"
"1,23 : 92.2"
"1,24 : 54.33"
"1,25 : 68.01"
"1,26 : 72.67"
"1,27 : 73.08"
"1,28 : 84.72"
"1,29 : 66.19"
"1,30 : 91.61"
"1,31 : 84.02"
"1,32 : 63.82"
"1,33 : 47.17"
"1,34 : 108.71"
"1,35 : 53.94"
"1,36 : 64.88"
"1,37 : 37.64"
"1,38 : 76.49"
"1,39 : 14.76"
"1,40 : 84.6"
"1,41 : 99.72"
"1,42 : 57.43"
"1,43 : 86.73"
"1,44 : 66.13"
"1,45 : 79.03"
"1,46 : 59.0"
"1,47 : 88.36"
"1,48 : 102.73"
"1,49 : 60.01"
"2,0 : 66.22"
"2,1 : 88.02"
"2,2 : 0.0"
"2,3 : 60.61"
"2,4 : 48.01"
"2,5 : 7.07"
"2,6 : 79.51"
"2,7 : 66.49"
"2,8 : 46.75"
"2,9 : 59.67"
"2,10 : 96.77"
"2,11 : 87.46"
"2,12 : 41.48"
"2,13 : 41.4"
"2,14 : 74.41"
"2,15 : 62.8"
"2,16 : 55.58"
"2,17 : 68.62"
"2,18 : 23.35"
"2,19 : 26.63"
"2,20 : 61.4"
"2,21 : 69.35"
"2,22 : 60.54"
"2,23 : 40.2"
"2,24 : 34.93"
"2,25 : 29.21"
"2,26 : 77.8"
"2,27 : 29.21"
"2,28 : 9.85"
"2,29 : 107.3"
"2,30 : 57.72"
"2,31 : 76.94"
"2,32 : 53.08"
"2,33 : 47.93"
"2,34 : 71.11"
"2,35 : 95.44"
"2,36 : 82.04"
"2,37 : 64.47"
"2,38 : 39.82"
"2,39 : 75.54"
"2,40 : 50.92"
"2,41 : 26.25"
"2,42 : 32.28"
"2,43 : 33.73"
"2,44 : 33.42"
"2,45 : 57.25"
"2,46 : 107.07"
"2,47 : 10.0"
"2,48 : 55.0"
"2,49 : 106.83"
"3,0 : 25.61"
"3,1 : 68.68"
"3,2 : 60.61"
"3,3 : 0.0"
"3,4 : 38.0"
"3,5 : 54.56"
"3,6 : 70.8"
"3,7 : 68.03"
"3,8 : 14.32"
"3,9 : 2.24"
"3,10 : 52.95"
"3,11 : 38.12"
"3,12 : 48.66"
"3,13 : 73.11"
"3,14 : 19.03"
"3,15 : 2.24"
"3,16 : 29.83"
"3,17 : 75.39"
"3,18 : 48.02"
"3,19 : 64.76"
"3,20 : 45.88"
"3,21 : 28.3"
"3,22 : 31.4"
"3,23 : 33.96"
"3,24 : 40.11"
"3,25 : 67.47"
"3,26 : 17.2"
"3,27 : 31.4"
"3,28 : 65.86"
"3,29 : 50.16"
"3,30 : 24.35"
"3,31 : 20.02"
"3,32 : 9.06"
"3,33 : 29.83"
"3,34 : 40.22"
"3,35 : 41.59"
"3,36 : 22.83"
"3,37 : 31.11"
"3,38 : 22.2"
"3,39 : 54.45"
"3,40 : 20.0"
"3,41 : 85.76"
"3,42 : 39.46"
"3,43 : 33.54"
"3,44 : 69.87"
"3,45 : 11.4"
"3,46 : 52.63"
"3,47 : 53.04"
"3,48 : 37.66"
"3,49 : 51.92"
"4,0 : 24.08"
"4,1 : 100.18"
"4,2 : 48.01"
"4,3 : 38.0"
"4,4 : 0.0"
"4,5 : 41.05"
"4,6 : 98.23"
"4,7 : 90.55"
"4,8 : 34.54"
"4,9 : 39.05"
"4,10 : 90.55"
"4,11 : 76.06"
"4,12 : 12.81"
"4,13 : 80.53"
"4,14 : 57.01"
"4,15 : 39.05"
"4,16 : 11.4"
"4,17 : 96.21"
"4,18 : 25.18"
"4,19 : 67.07"
"4,20 : 14.32"
"4,21 : 63.79"
"4,22 : 62.24"
"4,23 : 9.43"
"4,24 : 53.15"
"4,25 : 70.23"
"4,26 : 50.0"
"4,27 : 31.4"
"4,28 : 57.22"
"4,29 : 86.35"
"4,30 : 17.0"
"4,31 : 42.06"
"4,32 : 38.08"
"4,33 : 53.54"
"4,34 : 23.54"
"4,35 : 79.31"
"4,36 : 59.03"
"4,37 : 63.91"
"4,38 : 23.85"
"4,39 : 85.42"
"4,40 : 18.0"
"4,41 : 73.33"
"4,42 : 50.45"
"4,43 : 17.0"
"4,44 : 74.09"
"4,45 : 27.17"
"4,46 : 89.94"
"4,47 : 38.01"
"4,48 : 7.07"
"4,49 : 89.11"
"5,0 : 59.2"
"5,1 : 87.14"
"5,2 : 7.07"
"5,3 : 54.56"
"5,4 : 41.05"
"5,5 : 0.0"
"5,6 : 79.62"
"5,7 : 67.36"
"5,8 : 41.04"
"5,9 : 53.76"
"5,10 : 93.3"
"5,11 : 83.19"
"5,12 : 35.11"
"5,13 : 45.25"
"5,14 : 69.2"
"5,15 : 56.73"
"5,16 : 48.51"
"5,17 : 70.26"
"5,18 : 16.76"
"5,19 : 30.41"
"5,20 : 54.59"
"5,21 : 65.39"
"5,22 : 57.28"
"5,23 : 33.14"
"5,24 : 33.02"
"5,25 : 33.3"
"5,26 : 71.7"
"5,27 : 23.35"
"5,28 : 16.28"
"5,29 : 102.2"
"5,30 : 50.7"
"5,31 : 70.33"
"5,32 : 47.42"
"5,33 : 44.64"
"5,34 : 64.07"
"5,35 : 90.74"
"5,36 : 76.42"
"5,37 : 61.03"
"5,38 : 33.29"
"5,39 : 74.03"
"5,40 : 44.01"
"5,41 : 33.24"
"5,42 : 30.07"
"5,43 : 26.68"
"5,44 : 37.54"
"5,45 : 50.61"
"5,46 : 102.4"
"5,47 : 3.16"
"5,48 : 48.01"
"5,49 : 102.08"
"6,0 : 95.78"
"6,1 : 14.21"
"6,2 : 79.51"
"6,3 : 70.8"
"6,4 : 98.23"
"6,5 : 79.62"
"6,6 : 0.0"
"6,7 : 14.87"
"6,8 : 65.12"
"6,9 : 68.6"
"6,10 : 48.05"
"6,11 : 54.15"
"6,12 : 102.47"
"6,13 : 48.7"
"6,14 : 62.39"
"6,15 : 71.85"
"6,16 : 95.59"
"6,17 : 19.1"
"6,18 : 88.96"
"6,19 : 57.31"
"6,20 : 110.89"
"6,21 : 45.69"
"6,22 : 39.41"
"6,23 : 89.59"
"6,24 : 48.1"
"6,25 : 56.72"
"6,26 : 77.88"
"6,27 : 68.88"
"6,28 : 75.0"
"6,29 : 77.1"
"6,30 : 91.92"
"6,31 : 88.19"
"6,32 : 64.44"
"6,33 : 44.82"
"6,34 : 109.66"
"6,35 : 64.01"
"6,36 : 71.47"
"6,37 : 40.31"
"6,38 : 74.4"
"6,39 : 18.44"
"6,40 : 84.22"
"6,41 : 88.46"
"6,42 : 51.26"
"6,43 : 83.35"
"6,44 : 54.34"
"6,45 : 80.06"
"6,46 : 70.58"
"6,47 : 81.25"
"6,48 : 101.67"
"6,49 : 71.45"
"7,0 : 91.59"
"7,1 : 28.02"
"7,2 : 66.49"
"7,3 : 68.03"
"7,4 : 90.55"
"7,5 : 67.36"
"7,6 : 14.87"
"7,7 : 0.0"
"7,8 : 59.64"
"7,9 : 65.8"
"7,10 : 57.27"
"7,11 : 59.84"
"7,12 : 93.23"
"7,13 : 33.84"
"7,14 : 63.64"
"7,15 : 69.46"
"7,16 : 89.5"
"7,17 : 8.0"
"7,18 : 78.29"
"7,19 : 43.01"
"7,20 : 103.97"
"7,21 : 47.17"
"7,22 : 38.08"
"7,23 : 81.47"
"7,24 : 38.01"
"7,25 : 42.19"
"7,26 : 78.1"
"7,27 : 59.82"
"7,28 : 61.2"
"7,29 : 83.95"
"7,30 : 86.61"
"7,31 : 86.98"
"7,32 : 60.42"
"7,33 : 39.12"
"7,34 : 104.62"
"7,35 : 70.21"
"7,36 : 73.44"
"7,37 : 40.45"
"7,38 : 67.21"
"7,39 : 25.08"
"7,40 : 78.41"
"7,41 : 73.82"
"7,42 : 41.05"
"7,43 : 74.65"
"7,44 : 39.62"
"7,45 : 75.8"
"7,46 : 78.45"
"7,47 : 69.29"
"7,48 : 94.79"
"7,49 : 79.12"
"8,0 : 32.2"
"8,1 : 65.86"
"8,2 : 46.75"
"8,3 : 14.32"
"8,4 : 34.54"
"8,5 : 41.04"
"8,6 : 65.12"
"8,7 : 59.64"
"8,8 : 0.0"
"8,9 : 13.04"
"8,10 : 58.08"
"8,11 : 45.12"
"8,12 : 42.3"
"8,13 : 60.03"
"8,14 : 28.65"
"8,15 : 16.55"
"8,16 : 30.48"
"8,17 : 66.37"
"8,18 : 37.0"
"8,19 : 50.8"
"8,20 : 46.04"
"8,21 : 30.07"
"8,22 : 27.73"
"8,23 : 27.46"
"8,24 : 27.17"
"8,25 : 53.6"
"8,26 : 31.38"
"8,27 : 17.69"
"8,28 : 51.62"
"8,29 : 61.59"
"8,30 : 27.02"
"8,31 : 33.38"
"8,32 : 6.4"
"8,33 : 20.62"
"8,34 : 45.0"
"8,35 : 51.08"
"8,36 : 35.38"
"8,37 : 29.41"
"8,38 : 12.0"
"8,39 : 51.11"
"8,40 : 19.1"
"8,41 : 71.56"
"8,42 : 26.0"
"8,43 : 24.08"
"8,44 : 56.22"
"8,45 : 16.76"
"8,46 : 62.65"
"8,47 : 39.82"
"8,48 : 36.89"
"8,49 : 62.17"
"9,0 : 27.66"
"9,1 : 66.6"
"9,2 : 59.67"
"9,3 : 2.24"
"9,4 : 39.05"
"9,5 : 53.76"
"9,6 : 68.6"
"9,7 : 65.8"
"9,8 : 13.04"
"9,9 : 0.0"
"9,10 : 51.62"
"9,11 : 37.01"
"9,12 : 49.37"
"9,13 : 71.18"
"9,14 : 18.25"
"9,15 : 4.0"
"9,16 : 31.32"
"9,17 : 73.16"
"9,18 : 47.89"
"9,19 : 63.06"
"9,20 : 47.43"
"9,21 : 26.42"
"9,22 : 29.21"
"9,23 : 34.53"
"9,24 : 38.21"
"9,25 : 65.73"
"9,26 : 18.36"
"9,27 : 30.48"
"9,28 : 64.66"
"9,29 : 50.09"
"9,30 : 26.0"
"9,31 : 22.09"
"9,32 : 7.28"
"9,33 : 27.66"
"9,34 : 42.2"
"9,35 : 41.0"
"9,36 : 23.02"
"9,37 : 29.0"
"9,38 : 21.95"
"9,39 : 52.33"
"9,40 : 21.1"
"9,41 : 84.6"
"9,42 : 37.66"
"9,43 : 33.62"
"9,44 : 68.07"
"9,45 : 13.0"
"9,46 : 52.2"
"9,47 : 52.35"
"9,48 : 39.05"
"9,49 : 51.55"
"10,0 : 76.55"
"10,1 : 36.01"
"10,2 : 96.77"
"10,3 : 52.95"
"10,4 : 90.55"
"10,5 : 93.3"
"10,6 : 48.05"
"10,7 : 57.27"
"10,8 : 58.08"
"10,9 : 51.62"
"10,10 : 0.0"
"10,11 : 15.65"
"10,12 : 100.02"
"10,13 : 84.29"
"10,14 : 34.79"
"10,15 : 52.39"
"10,16 : 82.76"
"10,17 : 64.62"
"10,18 : 94.2"
"10,19 : 85.43"
"10,20 : 98.72"
"10,21 : 28.44"
"10,22 : 36.25"
"10,23 : 85.02"
"10,24 : 62.65"
"10,25 : 86.56"
"10,26 : 48.37"
"10,27 : 72.57"
"10,28 : 97.13"
"10,29 : 30.59"
"10,30 : 77.13"
"10,31 : 60.9"
"10,32 : 53.01"
"10,33 : 48.85"
"10,34 : 91.18"
"10,35 : 20.25"
"10,36 : 38.28"
"10,37 : 32.31"
"10,38 : 70.06"
"10,39 : 32.2"
"10,40 : 72.69"
"10,41 : 115.66"
"10,42 : 64.85"
"10,43 : 82.15"
"10,44 : 86.31"
"10,45 : 64.33"
"10,46 : 23.02"
"10,47 : 93.3"
"10,48 : 90.61"
"10,49 : 24.08"
"11,0 : 61.03"
"11,1 : 44.92"
"11,2 : 87.46"
"11,3 : 38.12"
"11,4 : 76.06"
"11,5 : 83.19"
"11,6 : 54.15"
"11,7 : 59.84"
"11,8 : 45.12"
"11,9 : 37.01"
"11,10 : 15.65"
"11,11 : 0.0"
"11,12 : 86.15"
"11,13 : 81.63"
"11,14 : 19.42"
"11,15 : 37.34"
"11,16 : 67.74"
"11,17 : 67.74"
"11,18 : 82.01"
"11,19 : 80.06"
"11,20 : 83.55"
"11,21 : 18.44"
"11,22 : 29.07"
"11,23 : 71.18"
"11,24 : 55.23"
"11,25 : 81.69"
"11,26 : 32.76"
"11,27 : 61.1"
"11,28 : 89.2"
"11,29 : 24.35"
"11,30 : 61.98"
"11,31 : 45.28"
"11,32 : 39.46"
"11,33 : 40.46"
"11,34 : 75.61"
"11,35 : 10.44"
"11,36 : 22.8"
"11,37 : 24.84"
"11,38 : 56.89"
"11,39 : 36.0"
"11,40 : 58.08"
"11,41 : 108.58"
"11,42 : 56.85"
"11,43 : 69.05"
"11,44 : 82.2"
"11,45 : 49.37"
"11,46 : 20.62"
"11,47 : 82.76"
"11,48 : 75.66"
"11,49 : 20.81"
"12,0 : 36.88"
"12,1 : 106.04"
"12,2 : 41.48"
"12,3 : 48.66"
"12,4 : 12.81"
"12,5 : 35.11"
"12,6 : 102.47"
"12,7 : 93.23"
"12,8 : 42.3"
"12,9 : 49.37"
"12,10 : 100.02"
"12,11 : 86.15"
"12,12 : 0.0"
"12,13 : 78.49"
"12,14 : 67.6"
"12,15 : 50.01"
"12,16 : 24.21"
"12,17 : 98.08"
"12,18 : 18.38"
"12,19 : 64.14"
"12,20 : 21.38"
"12,21 : 72.34"
"12,22 : 69.12"
"12,23 : 15.0"
"12,24 : 55.22"
"12,25 : 67.23"
"12,26 : 62.03"
"12,27 : 33.62"
"12,28 : 51.24"
"12,29 : 98.08"
"12,30 : 29.68"
"12,31 : 54.71"
"12,32 : 47.01"
"12,33 : 58.87"
"12,34 : 34.44"
"12,35 : 90.26"
"12,36 : 70.6"
"12,37 : 71.39"
"12,38 : 30.41"
"12,39 : 91.42"
"12,40 : 29.12"
"12,41 : 65.07"
"12,42 : 52.2"
"12,43 : 19.31"
"12,44 : 71.34"
"12,45 : 38.6"
"12,46 : 101.2"
"12,47 : 31.95"
"12,48 : 18.6"
"12,49 : 100.44"
"13,0 : 90.43"
"13,1 : 61.27"
"13,2 : 41.4"
"13,3 : 73.11"
"13,4 : 80.53"
"13,5 : 45.25"
"13,6 : 48.7"
"13,7 : 33.84"
"13,8 : 60.03"
"13,9 : 71.18"
"13,10 : 84.29"
"13,11 : 81.63"
"13,12 : 78.49"
"13,13 : 0.0"
"13,14 : 77.49"
"13,15 : 75.17"
"13,16 : 83.82"
"13,17 : 32.14"
"13,18 : 60.61"
"13,19 : 14.87"
"13,20 : 94.85"
"13,21 : 64.4"
"13,22 : 53.23"
"13,23 : 71.18"
"13,24 : 33.02"
"13,25 : 12.21"
"13,26 : 88.12"
"13,27 : 50.29"
"13,28 : 33.12"
"13,29 : 105.59"
"13,30 : 83.2"
"13,31 : 93.05"
"13,32 : 64.07"
"13,33 : 45.35"
"13,34 : 100.28"
"13,35 : 91.79"
"13,36 : 87.36"
"13,37 : 57.25"
"13,38 : 61.61"
"13,39 : 54.04"
"13,40 : 74.73"
"13,41 : 41.0"
"13,42 : 34.06"
"13,43 : 63.56"
"13,44 : 8.06"
"13,45 : 76.32"
"13,46 : 102.08"
"13,47 : 48.1"
"13,48 : 86.54"
"13,49 : 102.4"
"14,0 : 41.79"
"14,1 : 56.86"
"14,2 : 74.41"
"14,3 : 19.03"
"14,4 : 57.01"
"14,5 : 69.2"
"14,6 : 62.39"
"14,7 : 63.64"
"14,8 : 28.65"
"14,9 : 18.25"
"14,10 : 34.79"
"14,11 : 19.42"
"14,12 : 67.6"
"14,13 : 77.49"
"14,14 : 0.0"
"14,15 : 18.03"
"14,16 : 48.37"
"14,17 : 71.57"
"14,18 : 65.39"
"14,19 : 72.47"
"14,20 : 64.13"
"14,21 : 16.76"
"14,22 : 26.0"
"14,23 : 52.77"
"14,24 : 46.53"
"14,25 : 74.69"
"14,26 : 15.81"
"14,27 : 46.04"
"14,28 : 77.9"
"14,29 : 33.02"
"14,30 : 42.58"
"14,31 : 27.59"
"14,32 : 22.36"
"14,33 : 32.31"
"14,34 : 56.46"
"14,35 : 22.8"
"14,36 : 10.05"
"14,37 : 23.19"
"14,38 : 39.56"
"14,39 : 44.28"
"14,40 : 39.01"
"14,41 : 97.84"
"14,42 : 47.17"
"14,43 : 51.55"
"14,44 : 76.16"
"14,45 : 30.07"
"14,46 : 34.18"
"14,47 : 68.24"
"14,48 : 56.32"
"14,49 : 33.62"
"15,0 : 25.24"
"15,1 : 69.31"
"15,2 : 62.8"
"15,3 : 2.24"
"15,4 : 39.05"
"15,5 : 56.73"
"15,6 : 71.85"
"15,7 : 69.46"
"15,8 : 16.55"
"15,9 : 4.0"
"15,10 : 52.39"
"15,11 : 37.34"
"15,12 : 50.01"
"15,13 : 75.17"
"15,14 : 18.03"
"15,15 : 0.0"
"15,16 : 30.41"
"15,17 : 76.9"
"15,18 : 49.93"
"15,19 : 66.94"
"15,20 : 46.32"
"15,21 : 28.6"
"15,22 : 32.45"
"15,23 : 35.44"
"15,24 : 42.19"
"15,25 : 69.63"
"15,26 : 15.0"
"15,27 : 33.6"
"15,28 : 68.1"
"15,29 : 48.47"
"15,30 : 24.74"
"15,31 : 18.11"
"15,32 : 11.18"
"15,33 : 31.58"
"15,34 : 39.96"
"15,35 : 40.31"
"15,36 : 21.02"
"15,37 : 31.89"
"15,38 : 24.21"
"15,39 : 55.23"
"15,40 : 21.1"
"15,41 : 87.98"
"15,42 : 41.59"
"15,43 : 35.36"
"15,44 : 72.01"
"15,45 : 12.04"
"15,46 : 51.2"
"15,47 : 55.17"
"15,48 : 38.33"
"15,49 : 50.45"
"16,0 : 12.73"
"16,1 : 95.96"
"16,2 : 55.58"
"16,3 : 29.83"
"16,4 : 11.4"
"16,5 : 48.51"
"16,6 : 95.59"
"16,7 : 89.5"
"16,8 : 30.48"
"16,9 : 31.32"
"16,10 : 82.76"
"16,11 : 67.74"
"16,12 : 24.21"
"16,13 : 83.82"
"16,14 : 48.37"
"16,15 : 30.41"
"16,16 : 0.0"
"16,17 : 95.8"
"16,18 : 34.18"
"16,19 : 71.39"
"16,20 : 16.16"
"16,21 : 57.38"
"16,22 : 57.69"
"16,23 : 15.52"
"16,24 : 53.71"
"16,25 : 74.53"
"16,26 : 39.62"
"16,27 : 33.53"
"16,28 : 64.12"
"16,29 : 76.12"
"16,30 : 6.08"
"16,31 : 30.87"
"16,32 : 32.25"
"16,33 : 50.91"
"16,34 : 16.49"
"16,35 : 70.0"
"16,36 : 49.16"
"16,37 : 58.67"
"16,38 : 22.83"
"16,39 : 81.27"
"16,40 : 11.4"
"16,41 : 81.58"
"16,42 : 51.43"
"16,43 : 22.02"
"16,44 : 78.1"
"16,45 : 18.44"
"16,46 : 80.22"
"16,47 : 45.71"
"16,48 : 8.0"
"16,49 : 79.31"
"17,0 : 98.49"
"17,1 : 33.24"
"17,2 : 68.62"
"17,3 : 75.39"
"17,4 : 96.21"
"17,5 : 70.26"
"17,6 : 19.1"
"17,7 : 8.0"
"17,8 : 66.37"
"17,9 : 73.16"
"17,10 : 64.62"
"17,11 : 67.74"
"17,12 : 98.08"
"17,13 : 32.14"
"17,14 : 71.57"
"17,15 : 76.9"
"17,16 : 95.8"
"17,17 : 0.0"
"17,18 : 82.38"
"17,19 : 43.57"
"17,20 : 109.88"
"17,21 : 55.15"
"17,22 : 45.89"
"17,23 : 86.98"
"17,24 : 43.14"
"17,25 : 42.19"
"17,26 : 85.91"
"17,27 : 65.07"
"17,28 : 62.37"
"17,29 : 91.78"
"17,30 : 93.19"
"17,31 : 94.56"
"17,32 : 67.54"
"17,33 : 46.07"
"17,34 : 111.22"
"17,35 : 78.09"
"17,36 : 81.39"
"17,37 : 48.37"
"17,38 : 73.25"
"17,39 : 32.57"
"17,40 : 84.88"
"17,41 : 73.06"
"17,42 : 46.01"
"17,43 : 79.93"
"17,44 : 39.01"
"17,45 : 82.76"
"17,46 : 86.13"
"17,47 : 72.45"
"17,48 : 100.77"
"17,49 : 86.83"
"18,0 : 46.07"
"18,1 : 94.37"
"18,2 : 23.35"
"18,3 : 48.02"
"18,4 : 25.18"
"18,5 : 16.76"
"18,6 : 88.96"
"18,7 : 78.29"
"18,8 : 37.0"
"18,9 : 47.89"
"18,10 : 94.2"
"18,11 : 82.01"
"18,12 : 18.38"
"18,13 : 60.61"
"18,14 : 65.39"
"18,15 : 49.93"
"18,16 : 34.18"
"18,17 : 82.38"
"18,18 : 0.0"
"18,19 : 46.04"
"18,20 : 38.12"
"18,21 : 65.76"
"18,22 : 60.0"
"18,23 : 18.79"
"18,24 : 40.85"
"18,25 : 49.09"
"18,26 : 64.2"
"18,27 : 22.0"
"18,28 : 32.98"
"18,29 : 97.95"
"18,30 : 37.59"
"18,31 : 60.21"
"18,32 : 43.08"
"18,33 : 48.17"
"18,34 : 48.66"
"18,35 : 88.02"
"18,36 : 70.83"
"18,37 : 63.07"
"18,38 : 25.94"
"18,39 : 80.23"
"18,40 : 32.65"
"18,41 : 48.17"
"18,42 : 37.7"
"18,43 : 14.87"
"18,44 : 53.25"
"18,45 : 41.04"
"18,46 : 99.54"
"18,47 : 13.6"
"18,48 : 32.25"
"18,49 : 99.01"
"19,0 : 79.16"
"19,1 : 68.15"
"19,2 : 26.63"
"19,3 : 64.76"
"19,4 : 67.07"
"19,5 : 30.41"
"19,6 : 57.31"
"19,7 : 43.01"
"19,8 : 50.8"
"19,9 : 63.06"
"19,10 : 85.43"
"19,11 : 80.06"
"19,12 : 64.14"
"19,13 : 14.87"
"19,14 : 72.47"
"19,15 : 66.94"
"19,16 : 71.39"
"19,17 : 43.57"
"19,18 : 46.04"
"19,19 : 0.0"
"19,20 : 81.34"
"19,21 : 61.85"
"19,22 : 50.99"
"19,23 : 57.87"
"19,24 : 25.94"
"19,25 : 3.16"
"19,26 : 80.96"
"19,27 : 38.21"
"19,28 : 18.97"
"19,29 : 103.0"
"19,30 : 71.45"
"19,31 : 84.17"
"19,32 : 55.79"
"19,33 : 40.5"
"19,34 : 87.86"
"19,35 : 89.64"
"19,36 : 81.86"
"19,37 : 55.23"
"19,38 : 50.09"
"19,39 : 58.18"
"19,40 : 63.2"
"19,41 : 31.62"
"19,42 : 25.63"
"19,43 : 50.29"
"19,44 : 7.21"
"19,45 : 66.12"
"19,46 : 100.66"
"19,47 : 33.3"
"19,48 : 73.38"
"19,49 : 100.77"
"20,0 : 24.19"
"20,1 : 111.83"
"20,2 : 61.4"
"20,3 : 45.88"
"20,4 : 14.32"
"20,5 : 54.59"
"20,6 : 110.89"
"20,7 : 103.97"
"20,8 : 46.04"
"20,9 : 47.43"
"20,10 : 98.72"
"20,11 : 83.55"
"20,12 : 21.38"
"20,13 : 94.85"
"20,14 : 64.13"
"20,15 : 46.32"
"20,16 : 16.16"
"20,17 : 109.88"
"20,18 : 38.12"
"20,19 : 81.34"
"20,20 : 0.0"
"20,21 : 73.54"
"20,22 : 73.57"
"20,23 : 23.71"
"20,24 : 67.01"
"20,25 : 84.5"
"20,26 : 54.01"
"20,27 : 45.49"
"20,28 : 70.86"
"20,29 : 90.27"
"20,30 : 21.59"
"20,31 : 43.57"
"20,32 : 48.3"
"20,33 : 66.07"
"20,34 : 14.87"
"20,35 : 85.21"
"20,36 : 64.03"
"20,37 : 74.71"
"20,38 : 36.77"
"20,39 : 97.1"
"20,40 : 27.29"
"20,41 : 86.01"
"20,42 : 64.4"
"20,43 : 31.3"
"20,44 : 88.39"
"20,45 : 34.48"
"20,46 : 95.0"
"20,47 : 51.48"
"20,48 : 9.22"
"20,49 : 94.01"
"21,0 : 53.82"
"21,1 : 41.11"
"21,2 : 69.35"
"21,3 : 28.3"
"21,4 : 63.79"
"21,5 : 65.39"
"21,6 : 45.69"
"21,7 : 47.17"
"21,8 : 30.07"
"21,9 : 26.42"
"21,10 : 28.44"
"21,11 : 18.44"
"21,12 : 72.34"
"21,13 : 64.4"
"21,14 : 16.76"
"21,15 : 28.6"
"21,16 : 57.38"
"21,17 : 55.15"
"21,18 : 65.76"
"21,19 : 61.85"
"21,20 : 73.54"
"21,21 : 0.0"
"21,22 : 11.18"
"21,23 : 57.43"
"21,24 : 36.8"
"21,25 : 63.6"
"21,26 : 32.2"
"21,27 : 44.15"
"21,28 : 70.8"
"21,29 : 41.34"
"21,30 : 52.33"
"21,31 : 43.01"
"21,32 : 25.71"
"21,33 : 22.02"
"21,34 : 68.51"
"21,35 : 27.8"
"21,36 : 26.31"
"21,37 : 7.28"
"21,38 : 42.05"
"21,39 : 27.78"
"21,40 : 46.49"
"21,41 : 90.14"
"21,42 : 38.42"
"21,43 : 54.0"
"21,44 : 64.35"
"21,45 : 39.36"
"21,46 : 38.9"
"21,47 : 65.19"
"21,48 : 64.85"
"21,49 : 38.95"
"22,0 : 56.59"
"22,1 : 38.28"
"22,2 : 60.54"
"22,3 : 31.4"
"22,4 : 62.24"
"22,5 : 57.28"
"22,6 : 39.41"
"22,7 : 38.08"
"22,8 : 27.73"
"22,9 : 29.21"
"22,10 : 36.25"
"22,11 : 29.07"
"22,12 : 69.12"
"22,13 : 53.23"
"22,14 : 26.0"
"22,15 : 32.45"
"22,16 : 57.69"
"22,17 : 45.89"
"22,18 : 60.0"
"22,19 : 50.99"
"22,20 : 73.57"
"22,21 : 11.18"
"22,22 : 0.0"
"22,23 : 54.71"
"22,24 : 26.63"
"22,25 : 52.63"
"22,26 : 40.02"
"22,27 : 38.0"
"22,28 : 61.06"
"22,29 : 52.48"
"22,30 : 53.41"
"22,31 : 49.24"
"22,32 : 25.61"
"22,33 : 12.65"
"22,34 : 70.77"
"22,35 : 38.83"
"22,36 : 36.01"
"22,37 : 4.24"
"22,38 : 38.9"
"22,39 : 23.6"
"22,40 : 46.32"
"22,41 : 80.0"
"22,42 : 28.65"
"22,43 : 50.01"
"22,44 : 53.25"
"22,45 : 41.04"
"22,46 : 49.68"
"22,47 : 57.49"
"22,48 : 64.5"
"22,49 : 49.82"
"23,0 : 27.29"
"23,1 : 92.2"
"23,2 : 40.2"
"23,3 : 33.96"
"23,4 : 9.43"
"23,5 : 33.14"
"23,6 : 89.59"
"23,7 : 81.47"
"23,8 : 27.46"
"23,9 : 34.53"
"23,10 : 85.02"
"23,11 : 71.18"
"23,12 : 15.0"
"23,13 : 71.18"
"23,14 : 52.77"
"23,15 : 35.44"
"23,16 : 15.52"
"23,17 : 86.98"
"23,18 : 18.79"
"23,19 : 57.87"
"23,20 : 23.71"
"23,21 : 57.43"
"23,22 : 54.71"
"23,23 : 0.0"
"23,24 : 43.86"
"23,25 : 61.03"
"23,26 : 48.3"
"23,27 : 22.02"
"23,28 : 49.0"
"23,29 : 83.82"
"23,30 : 18.87"
"23,31 : 42.52"
"23,32 : 32.02"
"23,33 : 45.18"
"23,34 : 31.0"
"23,35 : 75.5"
"23,36 : 56.3"
"23,37 : 56.75"
"23,38 : 15.81"
"23,39 : 77.47"
"23,40 : 15.26"
"23,41 : 66.1"
"23,42 : 41.11"
"23,43 : 7.62"
"23,44 : 64.85"
"23,45 : 24.6"
"23,46 : 86.59"
"23,47 : 30.27"
"23,48 : 15.52"
"23,49 : 85.87"
"24,0 : 58.52"
"24,1 : 54.33"
"24,2 : 34.93"
"24,3 : 40.11"
"24,4 : 53.15"
"24,5 : 33.02"
"24,6 : 48.1"
"24,7 : 38.01"
"24,8 : 27.17"
"24,9 : 38.21"
"24,10 : 62.65"
"24,11 : 55.23"
"24,12 : 55.22"
"24,13 : 33.02"
"24,14 : 46.53"
"24,15 : 42.19"
"24,16 : 53.71"
"24,17 : 43.14"
"24,18 : 40.85"
"24,19 : 25.94"
"24,20 : 67.01"
"24,21 : 36.8"
"24,22 : 26.63"
"24,23 : 43.86"
"24,24 : 0.0"
"24,25 : 28.23"
"24,26 : 55.54"
"24,27 : 21.93"
"24,28 : 34.48"
"24,29 : 77.47"
"24,30 : 52.0"
"24,31 : 60.03"
"24,32 : 31.06"
"24,33 : 14.87"
"24,34 : 69.78"
"24,35 : 64.38"
"24,36 : 55.95"
"24,37 : 30.81"
"24,38 : 30.89"
"24,39 : 41.01"
"24,40 : 43.46"
"24,41 : 53.41"
"24,42 : 3.16"
"24,43 : 36.8"
"24,44 : 30.08"
"24,45 : 43.74"
"24,46 : 75.66"
"24,47 : 34.06"
"24,48 : 58.01"
"24,49 : 75.66"
"25,0 : 82.22"
"25,1 : 68.01"
"25,2 : 29.21"
"25,3 : 67.47"
"25,4 : 70.23"
"25,5 : 33.3"
"25,6 : 56.72"
"25,7 : 42.19"
"25,8 : 53.6"
"25,9 : 65.73"
"25,10 : 86.56"
"25,11 : 81.69"
"25,12 : 67.23"
"25,13 : 12.21"
"25,14 : 74.69"
"25,15 : 69.63"
"25,16 : 74.53"
"25,17 : 42.19"
"25,18 : 49.09"
"25,19 : 3.16"
"25,20 : 84.5"
"25,21 : 63.6"
"25,22 : 52.63"
"25,23 : 61.03"
"25,24 : 28.23"
"25,25 : 0.0"
"25,26 : 83.52"
"25,27 : 41.3"
"25,28 : 21.02"
"25,29 : 104.86"
"25,30 : 74.55"
"25,31 : 86.98"
"25,32 : 58.46"
"25,33 : 42.54"
"25,34 : 91.01"
"25,35 : 91.4"
"25,36 : 84.17"
"25,37 : 56.85"
"25,38 : 53.15"
"25,39 : 58.59"
"25,40 : 66.27"
"25,41 : 31.78"
"25,42 : 28.16"
"25,43 : 53.45"
"25,44 : 4.24"
"25,45 : 69.07"
"25,46 : 102.3"
"25,47 : 36.24"
"25,48 : 76.54"
"25,49 : 102.45"
"26,0 : 30.07"
"26,1 : 72.67"
"26,2 : 77.8"
"26,3 : 17.2"
"26,4 : 50.0"
"26,5 : 71.7"
"26,6 : 77.88"
"26,7 : 78.1"
"26,8 : 31.38"
"26,9 : 18.36"
"26,10 : 48.37"
"26,11 : 32.76"
"26,12 : 62.03"
"26,13 : 88.12"
"26,14 : 15.81"
"26,15 : 15.0"
"26,16 : 39.62"
"26,17 : 85.91"
"26,18 : 64.2"
"26,19 : 80.96"
"26,20 : 54.01"
"26,21 : 32.2"
"26,22 : 40.02"
"26,23 : 48.3"
"26,24 : 55.54"
"26,25 : 83.52"
"26,26 : 0.0"
"26,27 : 48.6"
"26,28 : 83.01"
"26,29 : 36.5"
"26,30 : 33.54"
"26,31 : 12.53"
"26,32 : 25.5"
"26,33 : 43.1"
"26,34 : 43.93"
"26,35 : 31.78"
"26,36 : 10.44"
"26,37 : 37.95"
"26,38 : 38.9"
"26,39 : 59.94"
"26,40 : 33.11"
"26,41 : 102.93"
"26,42 : 55.36"
"26,43 : 49.41"
"26,44 : 85.62"
"26,45 : 23.71"
"26,46 : 41.01"
"26,47 : 70.09"
"26,48 : 47.52"
"26,49 : 40.0"
"27,0 : 41.01"
"27,1 : 73.08"
"27,2 : 29.21"
"27,3 : 31.4"
"27,4 : 31.4"
"27,5 : 23.35"
"27,6 : 68.88"
"27,7 : 59.82"
"27,8 : 17.69"
"27,9 : 30.48"
"27,10 : 72.57"
"27,11 : 61.1"
"27,12 : 33.62"
"27,13 : 50.29"
"27,14 : 46.04"
"27,15 : 33.6"
"27,16 : 33.53"
"27,17 : 65.07"
"27,18 : 22.0"
"27,19 : 38.21"
"27,20 : 45.49"
"27,21 : 44.15"
"27,22 : 38.0"
"27,23 : 22.02"
"27,24 : 21.93"
"27,25 : 41.3"
"27,26 : 48.6"
"27,27 : 0.0"
"27,28 : 34.93"
"27,29 : 79.06"
"27,30 : 33.24"
"27,31 : 48.47"
"27,32 : 24.08"
"27,33 : 26.31"
"27,34 : 50.0"
"27,35 : 68.0"
"27,36 : 53.08"
"27,37 : 41.11"
"27,38 : 12.04"
"27,39 : 58.69"
"27,40 : 25.02"
"27,41 : 54.59"
"27,42 : 19.1"
"27,43 : 14.87"
"27,44 : 44.72"
"27,45 : 29.12"
"27,46 : 79.65"
"27,47 : 22.2"
"27,48 : 36.72"
"27,49 : 79.26"
"28,0 : 74.15"
"28,1 : 84.72"
"28,2 : 9.85"
"28,3 : 65.86"
"28,4 : 57.22"
"28,5 : 16.28"
"28,6 : 75.0"
"28,7 : 61.2"
"28,8 : 51.62"
"28,9 : 64.66"
"28,10 : 97.13"
"28,11 : 89.2"
"28,12 : 51.24"
"28,13 : 33.12"
"28,14 : 77.9"
"28,15 : 68.1"
"28,16 : 64.12"
"28,17 : 62.37"
"28,18 : 32.98"
"28,19 : 18.97"
"28,20 : 70.86"
"28,21 : 70.8"
"28,22 : 61.06"
"28,23 : 49.0"
"28,24 : 34.48"
"28,25 : 21.02"
"28,26 : 83.01"
"28,27 : 34.93"
"28,28 : 0.0"
"28,29 : 110.32"
"28,30 : 65.76"
"28,31 : 83.38"
"28,32 : 57.69"
"28,33 : 48.83"
"28,34 : 80.0"
"28,35 : 97.84"
"28,36 : 86.21"
"28,37 : 65.19"
"28,38 : 46.49"
"28,39 : 73.25"
"28,40 : 58.46"
"28,41 : 20.0"
"28,42 : 32.45"
"28,43 : 42.11"
"28,44 : 25.06"
"28,45 : 63.91"
"28,46 : 109.34"
"28,47 : 19.42"
"28,48 : 64.12"
"28,49 : 109.22"
"29,0 : 66.12"
"29,1 : 66.19"
"29,2 : 107.3"
"29,3 : 50.16"
"29,4 : 86.35"
"29,5 : 102.2"
"29,6 : 77.1"
"29,7 : 83.95"
"29,8 : 61.59"
"29,9 : 50.09"
"29,10 : 30.59"
"29,11 : 24.35"
"29,12 : 98.08"
"29,13 : 105.59"
"29,14 : 33.02"
"29,15 : 48.47"
"29,16 : 76.12"
"29,17 : 91.78"
"29,18 : 97.95"
"29,19 : 103.0"
"29,20 : 90.27"
"29,21 : 41.34"
"29,22 : 52.48"
"29,23 : 83.82"
"29,24 : 77.47"
"29,25 : 104.86"
"29,26 : 36.5"
"29,27 : 79.06"
"29,28 : 110.32"
"29,29 : 0.0"
"29,30 : 70.04"
"29,31 : 47.0"
"29,32 : 55.23"
"29,33 : 62.63"
"29,34 : 79.06"
"29,35 : 13.93"
"29,36 : 27.51"
"29,37 : 48.37"
"29,38 : 72.01"
"29,39 : 59.54"
"29,40 : 68.96"
"29,41 : 130.12"
"29,42 : 78.64"
"29,43 : 83.67"
"29,44 : 105.69"
"29,45 : 59.48"
"29,46 : 8.6"
"29,47 : 101.26"
"29,48 : 84.01"
"29,49 : 7.21"
"30,0 : 8.54"
"30,1 : 91.61"
"30,2 : 57.72"
"30,3 : 24.35"
"30,4 : 17.0"
"30,5 : 50.7"
"30,6 : 91.92"
"30,7 : 86.61"
"30,8 : 27.02"
"30,9 : 26.0"
"30,10 : 77.13"
"30,11 : 61.98"
"30,12 : 29.68"
"30,13 : 83.2"
"30,14 : 42.58"
"30,15 : 24.74"
"30,16 : 6.08"
"30,17 : 93.19"
"30,18 : 37.59"
"30,19 : 71.45"
"30,20 : 21.59"
"30,21 : 52.33"
"30,22 : 53.41"
"30,23 : 18.87"
"30,24 : 52.0"
"30,25 : 74.55"
"30,26 : 33.54"
"30,27 : 33.24"
"30,28 : 65.76"
"30,29 : 70.04"
"30,30 : 0.0"
"30,31 : 25.06"
"30,32 : 27.8"
"30,33 : 47.63"
"30,34 : 18.03"
"30,35 : 64.01"
"30,36 : 43.1"
"30,37 : 54.08"
"30,38 : 21.59"
"30,39 : 77.01"
"30,40 : 8.54"
"30,41 : 83.93"
"30,42 : 49.98"
"30,43 : 24.04"
"30,44 : 77.93"
"30,45 : 13.0"
"30,46 : 74.17"
"30,47 : 48.08"
"30,48 : 14.04"
"30,49 : 73.25"
"31,0 : 19.42"
"31,1 : 84.02"
"31,2 : 76.94"
"31,3 : 20.02"
"31,4 : 42.06"
"31,5 : 70.33"
"31,6 : 88.19"
"31,7 : 86.98"
"31,8 : 33.38"
"31,9 : 22.09"
"31,10 : 60.9"
"31,11 : 45.28"
"31,12 : 54.71"
"31,13 : 93.05"
"31,14 : 27.59"
"31,15 : 18.11"
"31,16 : 30.87"
"31,17 : 94.56"
"31,18 : 60.21"
"31,19 : 84.17"
"31,20 : 43.57"
"31,21 : 43.01"
"31,22 : 49.24"
"31,23 : 42.52"
"31,24 : 60.03"
"31,25 : 86.98"
"31,26 : 12.53"
"31,27 : 48.47"
"31,28 : 83.38"
"31,29 : 47.0"
"31,30 : 25.06"
"31,31 : 0.0"
"31,32 : 29.0"
"31,33 : 49.65"
"31,34 : 32.14"
"31,35 : 43.97"
"31,36 : 22.85"
"31,37 : 47.89"
"31,38 : 37.12"
"31,39 : 70.72"
"31,40 : 27.59"
"31,41 : 102.88"
"31,42 : 59.21"
"31,43 : 45.45"
"31,44 : 89.56"
"31,45 : 19.72"
"31,46 : 52.47"
"31,47 : 68.26"
"31,48 : 38.28"
"31,49 : 51.35"
"32,0 : 31.4"
"32,1 : 63.82"
"32,2 : 53.08"
"32,3 : 9.06"
"32,4 : 38.08"
"32,5 : 47.42"
"32,6 : 64.44"
"32,7 : 60.42"
"32,8 : 6.4"
"32,9 : 7.28"
"32,10 : 53.01"
"32,11 : 39.46"
"32,12 : 47.01"
"32,13 : 64.07"
"32,14 : 22.36"
"32,15 : 11.18"
"32,16 : 32.25"
"32,17 : 67.54"
"32,18 : 43.08"
"32,19 : 55.79"
"32,20 : 48.3"
"32,21 : 25.71"
"32,22 : 25.61"
"32,23 : 32.02"
"32,24 : 31.06"
"32,25 : 58.46"
"32,26 : 25.5"
"32,27 : 24.08"
"32,28 : 57.69"
"32,29 : 55.23"
"32,30 : 27.8"
"32,31 : 29.0"
"32,32 : 0.0"
"32,33 : 21.54"
"32,34 : 45.25"
"32,35 : 44.94"
"32,36 : 29.0"
"32,37 : 26.42"
"32,38 : 17.46"
"32,39 : 49.2"
"32,40 : 21.02"
"32,41 : 77.67"
"32,42 : 30.41"
"32,43 : 29.61"
"32,44 : 60.83"
"32,45 : 15.62"
"32,46 : 56.46"
"32,47 : 46.23"
"32,48 : 39.4"
"32,49 : 55.95"
"33,0 : 52.48"
"33,1 : 47.17"
"33,2 : 47.93"
"33,3 : 29.83"
"33,4 : 53.54"
"33,5 : 44.64"
"33,6 : 44.82"
"33,7 : 39.12"
"33,8 : 20.62"
"33,9 : 27.66"
"33,10 : 48.85"
"33,11 : 40.46"
"33,12 : 58.87"
"33,13 : 45.35"
"33,14 : 32.31"
"33,15 : 31.58"
"33,16 : 50.91"
"33,17 : 46.07"
"33,18 : 48.17"
"33,19 : 40.5"
"33,20 : 66.07"
"33,21 : 22.02"
"33,22 : 12.65"
"33,23 : 45.18"
"33,24 : 14.87"
"33,25 : 42.54"
"33,26 : 43.1"
"33,27 : 26.31"
"33,28 : 48.83"
"33,29 : 62.63"
"33,30 : 47.63"
"33,31 : 49.65"
"33,32 : 21.54"
"33,33 : 0.0"
"33,34 : 65.6"
"33,35 : 49.52"
"33,36 : 42.06"
"33,37 : 16.55"
"33,38 : 29.68"
"33,39 : 32.57"
"33,40 : 39.62"
"33,41 : 68.12"
"33,42 : 16.4"
"33,43 : 39.56"
"33,44 : 43.86"
"33,45 : 36.72"
"33,46 : 60.83"
"33,47 : 44.91"
"33,48 : 56.85"
"33,49 : 60.81"
"34,0 : 14.76"
"34,1 : 108.71"
"34,2 : 71.11"
"34,3 : 40.22"
"34,4 : 23.54"
"34,5 : 64.07"
"34,6 : 109.66"
"34,7 : 104.62"
"34,8 : 45.0"
"34,9 : 42.2"
"34,10 : 91.18"
"34,11 : 75.61"
"34,12 : 34.44"
"34,13 : 100.28"
"34,14 : 56.46"
"34,15 : 39.96"
"34,16 : 16.49"
"34,17 : 111.22"
"34,18 : 48.66"
"34,19 : 87.86"
"34,20 : 14.87"
"34,21 : 68.51"
"34,22 : 70.77"
"34,23 : 31.0"
"34,24 : 69.78"
"34,25 : 91.01"
"34,26 : 43.93"
"34,27 : 50.0"
"34,28 : 80.0"
"34,29 : 79.06"
"34,30 : 18.03"
"34,31 : 32.14"
"34,32 : 45.25"
"34,33 : 65.6"
"34,34 : 0.0"
"34,35 : 75.71"
"34,36 : 54.34"
"34,37 : 71.06"
"34,38 : 39.0"
"34,39 : 94.26"
"34,40 : 26.42"
"34,41 : 96.75"
"34,42 : 67.62"
"34,43 : 38.12"
"34,44 : 94.59"
"34,45 : 29.73"
"34,46 : 84.59"
"34,47 : 61.13"
"34,48 : 16.49"
"34,49 : 83.49"
"35,0 : 61.66"
"35,1 : 53.94"
"35,2 : 95.44"
"35,3 : 41.59"
"35,4 : 79.31"
"35,5 : 90.74"
"35,6 : 64.01"
"35,7 : 70.21"
"35,8 : 51.08"
"35,9 : 41.0"
"35,10 : 20.25"
"35,11 : 10.44"
"35,12 : 90.26"
"35,13 : 91.79"
"35,14 : 22.8"
"35,15 : 40.31"
"35,16 : 70.0"
"35,17 : 78.09"
"35,18 : 88.02"
"35,19 : 89.64"
"35,20 : 85.21"
"35,21 : 27.8"
"35,22 : 38.83"
"35,23 : 75.5"
"35,24 : 64.38"
"35,25 : 91.4"
"35,26 : 31.78"
"35,27 : 68.0"
"35,28 : 97.84"
"35,29 : 13.93"
"35,30 : 64.01"
"35,31 : 43.97"
"35,32 : 44.94"
"35,33 : 49.52"
"35,34 : 75.71"
"35,35 : 0.0"
"35,36 : 21.38"
"35,37 : 34.67"
"35,38 : 62.3"
"35,39 : 46.1"
"35,40 : 61.4"
"35,41 : 117.46"
"35,42 : 65.76"
"35,43 : 74.33"
"35,44 : 92.09"
"35,45 : 52.15"
"35,46 : 11.66"
"35,47 : 90.05"
"35,48 : 78.0"
"35,49 : 11.4"
"36,0 : 40.31"
"36,1 : 64.88"
"36,2 : 82.04"
"36,3 : 22.83"
"36,4 : 59.03"
"36,5 : 76.42"
"36,6 : 71.47"
"36,7 : 73.44"
"36,8 : 35.38"
"36,9 : 23.02"
"36,10 : 38.28"
"36,11 : 22.8"
"36,12 : 70.6"
"36,13 : 87.36"
"36,14 : 10.05"
"36,15 : 21.02"
"36,16 : 49.16"
"36,17 : 81.39"
"36,18 : 70.83"
"36,19 : 81.86"
"36,20 : 64.03"
"36,21 : 26.31"
"36,22 : 36.01"
"36,23 : 56.3"
"36,24 : 55.95"
"36,25 : 84.17"
"36,26 : 10.44"
"36,27 : 53.08"
"36,28 : 86.21"
"36,29 : 27.51"
"36,30 : 43.1"
"36,31 : 22.85"
"36,32 : 29.0"
"36,33 : 42.06"
"36,34 : 54.34"
"36,35 : 21.38"
"36,36 : 0.0"
"36,37 : 33.06"
"36,38 : 44.94"
"36,39 : 53.14"
"36,40 : 41.48"
"36,41 : 106.21"
"36,42 : 56.36"
"36,43 : 56.36"
"36,44 : 85.8"
"36,45 : 32.02"
"36,46 : 31.06"
"36,47 : 75.17"
"36,48 : 57.14"
"36,49 : 30.15"
"37,0 : 56.64"
"37,1 : 37.64"
"37,2 : 64.47"
"37,3 : 31.11"
"37,4 : 63.91"
"37,5 : 61.03"
"37,6 : 40.31"
"37,7 : 40.45"
"37,8 : 29.41"
"37,9 : 29.0"
"37,10 : 32.31"
"37,11 : 24.84"
"37,12 : 71.39"
"37,13 : 57.25"
"37,14 : 23.19"
"37,15 : 31.89"
"37,16 : 58.67"
"37,17 : 48.37"
"37,18 : 63.07"
"37,19 : 55.23"
"37,20 : 74.71"
"37,21 : 7.28"
"37,22 : 4.24"
"37,23 : 56.75"
"37,24 : 30.81"
"37,25 : 56.85"
"37,26 : 37.95"
"37,27 : 41.11"
"37,28 : 65.19"
"37,29 : 48.37"
"37,30 : 54.08"
"37,31 : 47.89"
"37,32 : 26.42"
"37,33 : 16.55"
"37,34 : 71.06"
"37,35 : 34.67"
"37,36 : 33.06"
"37,37 : 0.0"
"37,38 : 41.0"
"37,39 : 23.35"
"37,40 : 47.41"
"37,41 : 84.2"
"37,42 : 32.76"
"37,43 : 52.47"
"37,44 : 57.43"
"37,45 : 41.4"
"37,46 : 45.45"
"37,47 : 61.13"
"37,48 : 65.74"
"37,49 : 45.61"
"38,0 : 29.07"
"38,1 : 76.49"
"38,2 : 39.82"
"38,3 : 22.2"
"38,4 : 23.85"
"38,5 : 33.29"
"38,6 : 74.4"
"38,7 : 67.21"
"38,8 : 12.0"
"38,9 : 21.95"
"38,10 : 70.06"
"38,11 : 56.89"
"38,12 : 30.41"
"38,13 : 61.61"
"38,14 : 39.56"
"38,15 : 24.21"
"38,16 : 22.83"
"38,17 : 73.25"
"38,18 : 25.94"
"38,19 : 50.09"
"38,20 : 36.77"
"38,21 : 42.05"
"38,22 : 38.9"
"38,23 : 15.81"
"38,24 : 30.89"
"38,25 : 53.15"
"38,26 : 38.9"
"38,27 : 12.04"
"38,28 : 46.49"
"38,29 : 72.01"
"38,30 : 21.59"
"38,31 : 37.12"
"38,32 : 17.46"
"38,33 : 29.68"
"38,34 : 39.0"
"38,35 : 62.3"
"38,36 : 44.94"
"38,37 : 41.0"
"38,38 : 0.0"
"38,39 : 61.74"
"38,40 : 13.15"
"38,41 : 65.8"
"38,42 : 28.64"
"38,43 : 12.17"
"38,44 : 56.44"
"38,45 : 17.46"
"38,46 : 73.74"
"38,47 : 31.4"
"38,48 : 27.59"
"38,49 : 73.16"
"39,0 : 79.93"
"39,1 : 14.76"
"39,2 : 75.54"
"39,3 : 54.45"
"39,4 : 85.42"
"39,5 : 74.03"
"39,6 : 18.44"
"39,7 : 25.08"
"39,8 : 51.11"
"39,9 : 52.33"
"39,10 : 32.2"
"39,11 : 36.0"
"39,12 : 91.42"
"39,13 : 54.04"
"39,14 : 44.28"
"39,15 : 55.23"
"39,16 : 81.27"
"39,17 : 32.57"
"39,18 : 80.23"
"39,19 : 58.18"
"39,20 : 97.1"
"39,21 : 27.78"
"39,22 : 23.6"
"39,23 : 77.47"
"39,24 : 41.01"
"39,25 : 58.59"
"39,26 : 59.94"
"39,27 : 58.69"
"39,28 : 73.25"
"39,29 : 59.54"
"39,30 : 77.01"
"39,31 : 70.72"
"39,32 : 49.2"
"39,33 : 32.57"
"39,34 : 94.26"
"39,35 : 46.1"
"39,36 : 53.14"
"39,37 : 23.35"
"39,38 : 61.74"
"39,39 : 0.0"
"39,40 : 69.89"
"39,41 : 89.69"
"39,42 : 44.0"
"39,43 : 72.11"
"39,44 : 57.45"
"39,45 : 64.54"
"39,46 : 53.6"
"39,47 : 75.01"
"39,48 : 87.98"
"39,49 : 54.34"
"40,0 : 16.0"
"40,1 : 84.6"
"40,2 : 50.92"
"40,3 : 20.0"
"40,4 : 18.0"
"40,5 : 44.01"
"40,6 : 84.22"
"40,7 : 78.41"
"40,8 : 19.1"
"40,9 : 21.1"
"40,10 : 72.69"
"40,11 : 58.08"
"40,12 : 29.12"
"40,13 : 74.73"
"40,14 : 39.01"
"40,15 : 21.1"
"40,16 : 11.4"
"40,17 : 84.88"
"40,18 : 32.65"
"40,19 : 63.2"
"40,20 : 27.29"
"40,21 : 46.49"
"40,22 : 46.32"
"40,23 : 15.26"
"40,24 : 43.46"
"40,25 : 66.27"
"40,26 : 33.11"
"40,27 : 25.02"
"40,28 : 58.46"
"40,29 : 68.96"
"40,30 : 8.54"
"40,31 : 27.59"
"40,32 : 21.02"
"40,33 : 39.62"
"40,34 : 26.42"
"40,35 : 61.4"
"40,36 : 41.48"
"40,37 : 47.41"
"40,38 : 13.15"
"40,39 : 69.89"
"40,40 : 0.0"
"40,41 : 77.16"
"40,42 : 41.44"
"40,43 : 18.03"
"40,44 : 69.58"
"40,45 : 9.49"
"40,46 : 72.18"
"40,47 : 41.63"
"40,48 : 18.38"
"40,49 : 71.39"
"41,0 : 92.44"
"41,1 : 99.72"
"41,2 : 26.25"
"41,3 : 85.76"
"41,4 : 73.33"
"41,5 : 33.24"
"41,6 : 88.46"
"41,7 : 73.82"
"41,8 : 71.56"
"41,9 : 84.6"
"41,10 : 115.66"
"41,11 : 108.58"
"41,12 : 65.07"
"41,13 : 41.0"
"41,14 : 97.84"
"41,15 : 87.98"
"41,16 : 81.58"
"41,17 : 73.06"
"41,18 : 48.17"
"41,19 : 31.62"
"41,20 : 86.01"
"41,21 : 90.14"
"41,22 : 80.0"
"41,23 : 66.1"
"41,24 : 53.41"
"41,25 : 31.78"
"41,26 : 102.93"
"41,27 : 54.59"
"41,28 : 20.0"
"41,29 : 130.12"
"41,30 : 83.93"
"41,31 : 102.88"
"41,32 : 77.67"
"41,33 : 68.12"
"41,34 : 96.75"
"41,35 : 117.46"
"41,36 : 106.21"
"41,37 : 84.2"
"41,38 : 65.8"
"41,39 : 89.69"
"41,40 : 77.16"
"41,41 : 0.0"
"41,42 : 51.74"
"41,43 : 59.91"
"41,44 : 34.23"
"41,45 : 83.26"
"41,46 : 128.89"
"41,47 : 35.9"
"41,48 : 80.4"
"41,49 : 128.82"
"42,0 : 56.75"
"42,1 : 57.43"
"42,2 : 32.28"
"42,3 : 39.46"
"42,4 : 50.45"
"42,5 : 30.07"
"42,6 : 51.26"
"42,7 : 41.05"
"42,8 : 26.0"
"42,9 : 37.66"
"42,10 : 64.85"
"42,11 : 56.85"
"42,12 : 52.2"
"42,13 : 34.06"
"42,14 : 47.17"
"42,15 : 41.59"
"42,16 : 51.43"
"42,17 : 46.01"
"42,18 : 37.7"
"42,19 : 25.63"
"42,20 : 64.4"
"42,21 : 38.42"
"42,22 : 28.65"
"42,23 : 41.11"
"42,24 : 3.16"
"42,25 : 28.16"
"42,26 : 55.36"
"42,27 : 19.1"
"42,28 : 32.45"
"42,29 : 78.64"
"42,30 : 49.98"
"42,31 : 59.21"
"42,32 : 30.41"
"42,33 : 16.4"
"42,34 : 67.62"
"42,35 : 65.76"
"42,36 : 56.36"
"42,37 : 32.76"
"42,38 : 28.64"
"42,39 : 44.0"
"42,40 : 41.44"
"42,41 : 51.74"
"42,42 : 0.0"
"42,43 : 33.94"
"42,44 : 30.41"
"42,45 : 42.3"
"42,46 : 77.16"
"42,47 : 31.02"
"42,48 : 55.47"
"42,49 : 77.1"
"43,0 : 32.57"
"43,1 : 86.73"
"43,2 : 33.73"
"43,3 : 33.54"
"43,4 : 17.0"
"43,5 : 26.68"
"43,6 : 83.35"
"43,7 : 74.65"
"43,8 : 24.08"
"43,9 : 33.62"
"43,10 : 82.15"
"43,11 : 69.05"
"43,12 : 19.31"
"43,13 : 63.56"
"43,14 : 51.55"
"43,15 : 35.36"
"43,16 : 22.02"
"43,17 : 79.93"
"43,18 : 14.87"
"43,19 : 50.29"
"43,20 : 31.3"
"43,21 : 54.0"
"43,22 : 50.01"
"43,23 : 7.62"
"43,24 : 36.8"
"43,25 : 53.45"
"43,26 : 49.41"
"43,27 : 14.87"
"43,28 : 42.11"
"43,29 : 83.67"
"43,30 : 24.04"
"43,31 : 45.45"
"43,32 : 29.61"
"43,33 : 39.56"
"43,34 : 38.12"
"43,35 : 74.33"
"43,36 : 56.36"
"43,37 : 52.47"
"43,38 : 12.17"
"43,39 : 72.11"
"43,40 : 18.03"
"43,41 : 59.91"
"43,42 : 33.94"
"43,43 : 0.0"
"43,44 : 57.25"
"43,45 : 26.17"
"43,46 : 85.7"
"43,47 : 24.04"
"43,48 : 23.09"
"43,49 : 85.09"
"44,0 : 85.48"
"44,1 : 66.13"
"44,2 : 33.42"
"44,3 : 69.87"
"44,4 : 74.09"
"44,5 : 37.54"
"44,6 : 54.34"
"44,7 : 39.62"
"44,8 : 56.22"
"44,9 : 68.07"
"44,10 : 86.31"
"44,11 : 82.2"
"44,12 : 71.34"
"44,13 : 8.06"
"44,14 : 76.16"
"44,15 : 72.01"
"44,16 : 78.1"
"44,17 : 39.01"
"44,18 : 53.25"
"44,19 : 7.21"
"44,20 : 88.39"
"44,21 : 64.35"
"44,22 : 53.25"
"44,23 : 64.85"
"44,24 : 30.08"
"44,25 : 4.24"
"44,26 : 85.62"
"44,27 : 44.72"
"44,28 : 25.06"
"44,29 : 105.69"
"44,30 : 77.93"
"44,31 : 89.56"
"44,32 : 60.83"
"44,33 : 43.86"
"44,34 : 94.59"
"44,35 : 92.09"
"44,36 : 85.8"
"44,37 : 57.43"
"44,38 : 56.44"
"44,39 : 57.45"
"44,40 : 69.58"
"44,41 : 34.23"
"44,42 : 30.41"
"44,43 : 57.25"
"44,44 : 0.0"
"44,45 : 72.0"
"44,46 : 102.8"
"44,47 : 40.46"
"44,48 : 80.32"
"44,49 : 103.0"
"45,0 : 15.81"
"45,1 : 79.03"
"45,2 : 57.25"
"45,3 : 11.4"
"45,4 : 27.17"
"45,5 : 50.61"
"45,6 : 80.06"
"45,7 : 75.8"
"45,8 : 16.76"
"45,9 : 13.0"
"45,10 : 64.33"
"45,11 : 49.37"
"45,12 : 38.6"
"45,13 : 76.32"
"45,14 : 30.07"
"45,15 : 12.04"
"45,16 : 18.44"
"45,17 : 82.76"
"45,18 : 41.04"
"45,19 : 66.12"
"45,20 : 34.48"
"45,21 : 39.36"
"45,22 : 41.04"
"45,23 : 24.6"
"45,24 : 43.74"
"45,25 : 69.07"
"45,26 : 23.71"
"45,27 : 29.12"
"45,28 : 63.91"
"45,29 : 59.48"
"45,30 : 13.0"
"45,31 : 19.72"
"45,32 : 15.62"
"45,33 : 36.72"
"45,34 : 29.73"
"45,35 : 52.15"
"45,36 : 32.02"
"45,37 : 41.4"
"45,38 : 17.46"
"45,39 : 64.54"
"45,40 : 9.49"
"45,41 : 83.26"
"45,42 : 42.3"
"45,43 : 26.17"
"45,44 : 72.0"
"45,45 : 0.0"
"45,46 : 62.8"
"45,47 : 48.55"
"45,48 : 26.31"
"45,49 : 61.98"
"46,0 : 71.06"
"46,1 : 59.0"
"46,2 : 107.07"
"46,3 : 52.63"
"46,4 : 89.94"
"46,5 : 102.4"
"46,6 : 70.58"
"46,7 : 78.45"
"46,8 : 62.65"
"46,9 : 52.2"
"46,10 : 23.02"
"46,11 : 20.62"
"46,12 : 101.2"
"46,13 : 102.08"
"46,14 : 34.18"
"46,15 : 51.2"
"46,16 : 80.22"
"46,17 : 86.13"
"46,18 : 99.54"
"46,19 : 100.66"
"46,20 : 95.0"
"46,21 : 38.9"
"46,22 : 49.68"
"46,23 : 86.59"
"46,24 : 75.66"
"46,25 : 102.3"
"46,26 : 41.01"
"46,27 : 79.65"
"46,28 : 109.34"
"46,29 : 8.6"
"46,30 : 74.17"
"46,31 : 52.47"
"46,32 : 56.46"
"46,33 : 60.83"
"46,34 : 84.59"
"46,35 : 11.66"
"46,36 : 31.06"
"46,37 : 45.45"
"46,38 : 73.74"
"46,39 : 53.6"
"46,40 : 72.18"
"46,41 : 128.89"
"46,42 : 77.16"
"46,43 : 85.7"
"46,44 : 102.8"
"46,45 : 62.8"
"46,46 : 0.0"
"46,47 : 101.71"
"46,48 : 88.2"
"46,49 : 1.41"
"47,0 : 56.61"
"47,1 : 88.36"
"47,2 : 10.0"
"47,3 : 53.04"
"47,4 : 38.01"
"47,5 : 3.16"
"47,6 : 81.25"
"47,7 : 69.29"
"47,8 : 39.82"
"47,9 : 52.35"
"47,10 : 93.3"
"47,11 : 82.76"
"47,12 : 31.95"
"47,13 : 48.1"
"47,14 : 68.24"
"47,15 : 55.17"
"47,16 : 45.71"
"47,17 : 72.45"
"47,18 : 13.6"
"47,19 : 33.3"
"47,20 : 51.48"
"47,21 : 65.19"
"47,22 : 57.49"
"47,23 : 30.27"
"47,24 : 34.06"
"47,25 : 36.24"
"47,26 : 70.09"
"47,27 : 22.2"
"47,28 : 19.42"
"47,29 : 101.26"
"47,30 : 48.08"
"47,31 : 68.26"
"47,32 : 46.23"
"47,33 : 44.91"
"47,34 : 61.13"
"47,35 : 90.05"
"47,36 : 75.17"
"47,37 : 61.13"
"47,38 : 31.4"
"47,39 : 75.01"
"47,40 : 41.63"
"47,41 : 35.9"
"47,42 : 31.02"
"47,43 : 24.04"
"47,44 : 40.46"
"47,45 : 48.55"
"47,46 : 101.71"
"47,47 : 0.0"
"47,48 : 45.0"
"47,49 : 101.36"
"48,0 : 19.24"
"48,1 : 102.73"
"48,2 : 55.0"
"48,3 : 37.66"
"48,4 : 7.07"
"48,5 : 48.01"
"48,6 : 101.67"
"48,7 : 94.79"
"48,8 : 36.89"
"48,9 : 39.05"
"48,10 : 90.61"
"48,11 : 75.66"
"48,12 : 18.6"
"48,13 : 86.54"
"48,14 : 56.32"
"48,15 : 38.33"
"48,16 : 8.0"
"48,17 : 100.77"
"48,18 : 32.25"
"48,19 : 73.38"
"48,20 : 9.22"
"48,21 : 64.85"
"48,22 : 64.5"
"48,23 : 15.52"
"48,24 : 58.01"
"48,25 : 76.54"
"48,26 : 47.52"
"48,27 : 36.72"
"48,28 : 64.12"
"48,29 : 84.01"
"48,30 : 14.04"
"48,31 : 38.28"
"48,32 : 39.4"
"48,33 : 56.85"
"48,34 : 16.49"
"48,35 : 78.0"
"48,36 : 57.14"
"48,37 : 65.74"
"48,38 : 27.59"
"48,39 : 87.98"
"48,40 : 18.38"
"48,41 : 80.4"
"48,42 : 55.47"
"48,43 : 23.09"
"48,44 : 80.32"
"48,45 : 26.31"
"48,46 : 88.2"
"48,47 : 45.0"
"48,48 : 0.0"
"48,49 : 87.28"
"49,0 : 70.03"
"49,1 : 60.01"
"49,2 : 106.83"
"49,3 : 51.92"
"49,4 : 89.11"
"49,5 : 102.08"
"49,6 : 71.45"
"49,7 : 79.12"
"49,8 : 62.17"
"49,9 : 51.55"
"49,10 : 24.08"
"49,11 : 20.81"
"49,12 : 100.44"
"49,13 : 102.4"
"49,14 : 33.62"
"49,15 : 50.45"
"49,16 : 79.31"
"49,17 : 86.83"
"49,18 : 99.01"
"49,19 : 100.77"
"49,20 : 94.01"
"49,21 : 38.95"
"49,22 : 49.82"
"49,23 : 85.87"
"49,24 : 75.66"
"49,25 : 102.45"
"49,26 : 40.0"
"49,27 : 79.26"
"49,28 : 109.22"
"49,29 : 7.21"
"49,30 : 73.25"
"49,31 : 51.35"
"49,32 : 55.95"
"49,33 : 60.81"
"49,34 : 83.49"
"49,35 : 11.4"
"49,36 : 30.15"
"49,37 : 45.61"
"49,38 : 73.16"
"49,39 : 54.34"
"49,40 : 71.39"
"49,41 : 128.82"
"49,42 : 77.1"
"49,43 : 85.09"
"49,44 : 103.0"
"49,45 : 61.98"
"49,46 : 1.41"
"49,47 : 101.36"
"49,48 : 87.28"
"49,49 : 0.0"
