x,y
38,3
65,36
55,8
79,33
3,95
17,98
72,1
68,46
6,58
10,59
93,74
76,72
86,29
59,3
37,11
61,40
12,15
80,26
15,88
55,83
61,12
73,79
39,69
24,15
77,69
90,58
28,81
31,21
50,53
86,55
81,23
82,94
62,77
80,28
90,63
45,33
4,93
3,70
42,4
53,21
43,40
68,32
68,80
50,12
26,40
79,18
5,32
44,40
37,33
50,47

Distanze
"0,0 : 0.0"
"0,1 : 76.24"
"0,2 : 51.62"
"0,3 : 34.13"
"0,4 : 55.23"
"0,5 : 12.04"
"0,6 : 73.76"
"0,7 : 32.56"
"0,8 : 32.0"
"0,9 : 31.4"
"0,10 : 19.1"
"0,11 : 37.95"
"0,12 : 26.68"
"0,13 : 27.46"
"0,14 : 14.87"
"0,15 : 55.76"
"0,16 : 81.54"
"0,17 : 11.66"
"0,18 : 64.4"
"0,19 : 32.39"
"0,20 : 53.85"
"0,21 : 44.91"
"0,22 : 34.53"
"0,23 : 64.88"
"0,24 : 45.88"
"0,25 : 55.61"
"0,26 : 28.64"
"0,27 : 10.63"
"0,28 : 26.17"
"0,29 : 33.24"
"0,30 : 41.15"
"0,31 : 10.2"
"0,32 : 18.03"
"0,33 : 85.44"
"0,34 : 31.78"
"0,35 : 29.53"
"0,36 : 60.41"
"0,37 : 58.8"
"0,38 : 41.44"
"0,39 : 37.64"
"0,40 : 79.61"
"0,41 : 49.24"
"0,42 : 9.85"
"0,43 : 55.87"
"0,44 : 69.64"
"0,45 : 49.04"
"0,46 : 24.0"
"0,47 : 52.5"
"0,48 : 52.48"
"0,49 : 14.32"
"1,0 : 76.24"
"1,1 : 0.0"
"1,2 : 80.45"
"1,3 : 46.32"
"1,4 : 81.84"
"1,5 : 83.19"
"1,6 : 38.01"
"1,7 : 86.05"
"1,8 : 46.53"
"1,9 : 78.52"
"1,10 : 71.06"
"1,11 : 84.17"
"1,12 : 49.65"
"1,13 : 96.25"
"1,14 : 63.15"
"1,15 : 49.74"
"1,16 : 67.19"
"1,17 : 87.6"
"1,18 : 26.4"
"1,19 : 78.64"
"1,20 : 117.61"
"1,21 : 84.9"
"1,22 : 96.83"
"1,23 : 18.36"
"1,24 : 60.75"
"1,25 : 31.38"
"1,26 : 99.5"
"1,27 : 66.71"
"1,28 : 68.6"
"1,29 : 82.61"
"1,30 : 36.22"
"1,31 : 86.4"
"1,32 : 59.62"
"1,33 : 68.01"
"1,34 : 80.5"
"1,35 : 59.2"
"1,36 : 16.12"
"1,37 : 67.54"
"1,38 : 61.4"
"1,39 : 84.9"
"1,40 : 58.03"
"1,41 : 57.78"
"1,42 : 75.64"
"1,43 : 37.12"
"1,44 : 60.64"
"1,45 : 64.08"
"1,46 : 86.28"
"1,47 : 42.95"
"1,48 : 56.44"
"1,49 : 89.05"
"2,0 : 51.62"
"2,1 : 80.45"
"2,2 : 0.0"
"2,3 : 41.59"
"2,4 : 3.61"
"2,5 : 63.25"
"2,6 : 53.0"
"2,7 : 24.19"
"2,8 : 44.28"
"2,9 : 81.54"
"2,10 : 67.78"
"2,11 : 17.0"
"2,12 : 50.01"
"2,13 : 77.34"
"2,14 : 56.32"
"2,15 : 91.05"
"2,16 : 41.01"
"2,17 : 53.04"
"2,18 : 85.73"
"2,19 : 82.46"
"2,20 : 47.38"
"2,21 : 95.08"
"2,22 : 34.48"
"2,23 : 80.78"
"2,24 : 87.69"
"2,25 : 79.83"
"2,26 : 77.1"
"2,27 : 54.42"
"2,28 : 26.57"
"2,29 : 84.1"
"2,30 : 62.8"
"2,31 : 55.97"
"2,32 : 43.93"
"2,33 : 45.04"
"2,34 : 82.35"
"2,35 : 30.02"
"2,36 : 70.68"
"2,37 : 17.72"
"2,38 : 84.01"
"2,39 : 17.89"
"2,40 : 44.72"
"2,41 : 89.27"
"2,42 : 41.88"
"2,43 : 84.01"
"2,44 : 32.76"
"2,45 : 91.92"
"2,46 : 33.6"
"2,47 : 84.29"
"2,48 : 24.76"
"2,49 : 62.37"
"3,0 : 34.13"
"3,1 : 46.32"
"3,2 : 41.59"
"3,3 : 0.0"
"3,4 : 44.28"
"3,5 : 44.38"
"3,6 : 40.16"
"3,7 : 40.31"
"3,8 : 3.61"
"3,9 : 51.74"
"3,10 : 38.83"
"3,11 : 39.66"
"3,12 : 12.04"
"3,13 : 59.77"
"3,14 : 26.42"
"3,15 : 50.16"
"3,16 : 54.04"
"3,17 : 44.1"
"3,18 : 44.78"
"3,19 : 52.4"
"3,20 : 71.59"
"3,21 : 63.7"
"3,22 : 50.61"
"3,23 : 41.05"
"3,24 : 49.4"
"3,25 : 38.33"
"3,26 : 61.85"
"3,27 : 27.86"
"3,28 : 22.63"
"3,29 : 55.44"
"3,30 : 21.21"
"3,31 : 44.01"
"3,32 : 16.12"
"3,33 : 57.38"
"3,34 : 53.26"
"3,35 : 13.6"
"3,36 : 32.53"
"3,37 : 37.36"
"3,38 : 46.52"
"3,39 : 40.22"
"3,40 : 49.58"
"3,41 : 50.0"
"3,42 : 30.59"
"3,43 : 42.43"
"3,44 : 42.2"
"3,45 : 53.85"
"3,46 : 39.96"
"3,47 : 43.0"
"3,48 : 26.4"
"3,49 : 48.37"
"4,0 : 55.23"
"4,1 : 81.84"
"4,2 : 3.61"
"4,3 : 44.28"
"4,4 : 0.0"
"4,5 : 66.85"
"4,6 : 53.01"
"4,7 : 27.46"
"4,8 : 47.1"
"4,9 : 85.09"
"4,10 : 71.31"
"4,11 : 20.25"
"4,12 : 53.08"
"4,13 : 80.92"
"4,14 : 59.77"
"4,15 : 94.01"
"4,16 : 39.05"
"4,17 : 56.59"
"4,18 : 88.06"
"4,19 : 86.01"
"4,20 : 49.09"
"4,21 : 98.62"
"4,22 : 37.34"
"4,23 : 82.87"
"4,24 : 90.93"
"4,25 : 82.38"
"4,26 : 80.66"
"4,27 : 57.94"
"4,28 : 30.08"
"4,29 : 87.66"
"4,30 : 65.49"
"4,31 : 59.55"
"4,32 : 47.3"
"4,33 : 43.01"
"4,34 : 85.91"
"4,35 : 33.14"
"4,36 : 72.62"
"4,37 : 17.0"
"4,38 : 87.3"
"4,39 : 21.1"
"4,40 : 43.42"
"4,41 : 92.44"
"4,42 : 45.49"
"4,43 : 86.7"
"4,44 : 31.62"
"4,45 : 95.19"
"4,46 : 37.01"
"4,47 : 87.14"
"4,48 : 25.61"
"4,49 : 65.95"
"5,0 : 12.04"
"5,1 : 83.19"
"5,2 : 63.25"
"5,3 : 44.38"
"5,4 : 66.85"
"5,5 : 0.0"
"5,6 : 84.48"
"5,7 : 42.72"
"5,8 : 41.77"
"5,9 : 23.35"
"5,10 : 15.56"
"5,11 : 48.75"
"5,12 : 35.06"
"5,13 : 15.65"
"5,14 : 20.1"
"5,15 : 55.15"
"5,16 : 93.48"
"5,17 : 14.04"
"5,18 : 67.98"
"5,19 : 24.33"
"5,20 : 59.03"
"5,21 : 36.0"
"5,22 : 42.11"
"5,23 : 69.89"
"5,24 : 43.01"
"5,25 : 59.03"
"5,26 : 17.46"
"5,27 : 17.03"
"5,28 : 38.18"
"5,29 : 24.0"
"5,30 : 47.07"
"5,31 : 10.05"
"5,32 : 28.46"
"5,33 : 97.35"
"5,34 : 23.09"
"5,35 : 41.34"
"5,36 : 67.08"
"5,37 : 70.84"
"5,38 : 38.6"
"5,39 : 48.33"
"5,40 : 91.3"
"5,41 : 47.01"
"5,42 : 21.4"
"5,43 : 57.98"
"5,44 : 81.54"
"5,45 : 45.28"
"5,46 : 33.24"
"5,47 : 53.6"
"5,48 : 64.35"
"5,49 : 7.07"
"6,0 : 73.76"
"6,1 : 38.01"
"6,2 : 53.0"
"6,3 : 40.16"
"6,4 : 53.01"
"6,5 : 84.48"
"6,6 : 0.0"
"6,7 : 67.91"
"6,8 : 43.08"
"6,9 : 90.21"
"6,10 : 78.26"
"6,11 : 63.25"
"6,12 : 50.99"
"6,13 : 99.93"
"6,14 : 66.31"
"6,15 : 75.72"
"6,16 : 29.27"
"6,17 : 82.61"
"6,18 : 57.58"
"6,19 : 90.74"
"6,20 : 98.08"
"6,21 : 100.8"
"6,22 : 80.05"
"6,23 : 49.34"
"6,24 : 81.34"
"6,25 : 57.31"
"6,26 : 101.92"
"6,27 : 68.01"
"6,28 : 54.08"
"6,29 : 94.15"
"6,30 : 48.8"
"6,31 : 83.19"
"6,32 : 56.04"
"6,33 : 30.0"
"6,34 : 91.92"
"6,35 : 46.04"
"6,36 : 39.0"
"6,37 : 36.24"
"6,38 : 79.93"
"6,39 : 64.2"
"6,40 : 20.02"
"6,41 : 80.16"
"6,42 : 68.36"
"6,43 : 63.63"
"6,44 : 24.7"
"6,45 : 85.63"
"6,46 : 72.44"
"6,47 : 67.68"
"6,48 : 29.15"
"6,49 : 88.07"
"7,0 : 32.56"
"7,1 : 86.05"
"7,2 : 24.19"
"7,3 : 40.31"
"7,4 : 27.46"
"7,5 : 42.72"
"7,6 : 67.91"
"7,7 : 0.0"
"7,8 : 41.23"
"7,9 : 63.95"
"7,10 : 51.16"
"7,11 : 7.21"
"7,12 : 42.94"
"7,13 : 55.23"
"7,14 : 42.3"
"7,15 : 82.57"
"7,16 : 63.35"
"7,17 : 30.53"
"7,18 : 83.76"
"7,19 : 64.94"
"7,20 : 31.62"
"7,21 : 77.47"
"7,22 : 12.17"
"7,23 : 81.06"
"7,24 : 75.66"
"7,25 : 76.16"
"7,26 : 54.41"
"7,27 : 39.05"
"7,28 : 17.69"
"7,29 : 65.73"
"7,30 : 58.83"
"7,31 : 34.0"
"7,32 : 33.24"
"7,33 : 67.47"
"7,34 : 64.33"
"7,35 : 26.91"
"7,36 : 72.84"
"7,37 : 38.64"
"7,38 : 71.45"
"7,39 : 6.4"
"7,40 : 65.12"
"7,41 : 78.26"
"7,42 : 23.09"
"7,43 : 78.72"
"7,44 : 53.24"
"7,45 : 79.4"
"7,46 : 10.0"
"7,47 : 77.25"
"7,48 : 39.32"
"7,49 : 40.31"
"8,0 : 32.0"
"8,1 : 46.53"
"8,2 : 44.28"
"8,3 : 3.61"
"8,4 : 47.1"
"8,5 : 41.77"
"8,6 : 43.08"
"8,7 : 41.23"
"8,8 : 0.0"
"8,9 : 48.27"
"8,10 : 35.51"
"8,11 : 41.18"
"8,12 : 8.49"
"8,13 : 57.01"
"8,14 : 23.26"
"8,15 : 47.04"
"8,16 : 57.63"
"8,17 : 42.43"
"8,18 : 42.94"
"8,19 : 48.92"
"8,20 : 72.14"
"8,21 : 60.14"
"8,22 : 50.99"
"8,23 : 39.82"
"8,24 : 45.88"
"8,25 : 36.06"
"8,26 : 59.23"
"8,27 : 25.0"
"8,28 : 23.6"
"8,29 : 52.01"
"8,30 : 18.68"
"8,31 : 42.05"
"8,32 : 14.04"
"8,33 : 60.96"
"8,34 : 49.82"
"8,35 : 15.23"
"8,36 : 32.02"
"8,37 : 40.8"
"8,38 : 42.95"
"8,39 : 41.68"
"8,40 : 53.08"
"8,41 : 46.57"
"8,42 : 29.41"
"8,43 : 39.81"
"8,44 : 45.8"
"8,45 : 50.33"
"8,46 : 40.0"
"8,47 : 40.05"
"8,48 : 29.97"
"8,49 : 46.1"
"9,0 : 31.4"
"9,1 : 78.52"
"9,2 : 81.54"
"9,3 : 51.74"
"9,4 : 85.09"
"9,5 : 23.35"
"9,6 : 90.21"
"9,7 : 63.95"
"9,8 : 48.27"
"9,9 : 0.0"
"9,10 : 13.89"
"9,11 : 69.12"
"9,12 : 39.82"
"9,13 : 24.08"
"9,14 : 26.4"
"9,15 : 38.48"
"9,16 : 105.38"
"9,17 : 37.34"
"9,18 : 57.43"
"9,19 : 1.0"
"9,20 : 82.38"
"9,21 : 13.6"
"9,22 : 65.01"
"9,23 : 62.0"
"9,24 : 24.19"
"9,25 : 49.09"
"9,26 : 28.32"
"9,27 : 27.29"
"9,28 : 55.04"
"9,29 : 4.12"
"9,30 : 43.97"
"9,31 : 33.38"
"9,32 : 39.41"
"9,33 : 108.89"
"9,34 : 2.0"
"9,35 : 54.64"
"9,36 : 62.97"
"9,37 : 85.45"
"9,38 : 20.62"
"9,39 : 68.88"
"9,40 : 101.32"
"9,41 : 28.65"
"9,42 : 41.0"
"9,43 : 45.71"
"9,44 : 93.38"
"9,45 : 24.84"
"9,46 : 55.23"
"9,47 : 40.02"
"9,48 : 76.58"
"9,49 : 29.41"
"10,0 : 19.1"
"10,1 : 71.06"
"10,2 : 67.78"
"10,3 : 38.83"
"10,4 : 71.31"
"10,5 : 15.56"
"10,6 : 78.26"
"10,7 : 51.16"
"10,8 : 35.51"
"10,9 : 13.89"
"10,10 : 0.0"
"10,11 : 55.9"
"10,12 : 27.29"
"10,13 : 25.32"
"10,14 : 12.73"
"10,15 : 39.6"
"10,16 : 91.93"
"10,17 : 27.73"
"10,18 : 53.49"
"10,19 : 14.76"
"10,20 : 72.42"
"10,21 : 27.31"
"10,22 : 53.6"
"10,23 : 56.29"
"10,24 : 27.78"
"10,25 : 44.6"
"10,26 : 28.86"
"10,27 : 13.42"
"10,28 : 41.23"
"10,29 : 17.03"
"10,30 : 35.01"
"10,31 : 24.19"
"10,32 : 25.61"
"10,33 : 95.52"
"10,34 : 15.0"
"10,35 : 40.8"
"10,36 : 55.01"
"10,37 : 71.61"
"10,38 : 23.32"
"10,39 : 55.73"
"10,40 : 88.24"
"10,41 : 31.62"
"10,42 : 28.07"
"10,43 : 42.94"
"10,44 : 79.91"
"10,45 : 30.46"
"10,46 : 43.05"
"10,47 : 38.28"
"10,48 : 62.97"
"10,49 : 22.63"
"11,0 : 37.95"
"11,1 : 84.17"
"11,2 : 17.0"
"11,3 : 39.66"
"11,4 : 20.25"
"11,5 : 48.75"
"11,6 : 63.25"
"11,7 : 7.21"
"11,8 : 41.18"
"11,9 : 69.12"
"11,10 : 55.9"
"11,11 : 0.0"
"11,12 : 44.27"
"11,13 : 61.85"
"11,14 : 46.01"
"11,15 : 84.93"
"11,16 : 56.72"
"11,17 : 37.2"
"11,18 : 84.12"
"11,19 : 70.09"
"11,20 : 34.93"
"11,21 : 82.71"
"11,22 : 18.11"
"11,23 : 80.71"
"11,24 : 79.1"
"11,25 : 76.97"
"11,26 : 61.22"
"11,27 : 43.19"
"11,28 : 18.03"
"11,29 : 71.17"
"11,30 : 59.51"
"11,31 : 40.5"
"11,32 : 35.51"
"11,33 : 60.83"
"11,34 : 69.64"
"11,35 : 26.08"
"11,36 : 71.84"
"11,37 : 32.14"
"11,38 : 75.03"
"11,39 : 1.0"
"11,40 : 59.0"
"11,41 : 81.39"
"11,42 : 28.16"
"11,43 : 80.06"
"11,44 : 47.01"
"11,45 : 83.02"
"11,46 : 16.97"
"11,47 : 79.12"
"11,48 : 34.21"
"11,49 : 46.87"
"12,0 : 26.68"
"12,1 : 49.65"
"12,2 : 50.01"
"12,3 : 12.04"
"12,4 : 53.08"
"12,5 : 35.06"
"12,6 : 50.99"
"12,7 : 42.94"
"12,8 : 8.49"
"12,9 : 39.82"
"12,10 : 27.29"
"12,11 : 44.27"
"12,12 : 0.0"
"12,13 : 49.82"
"12,14 : 15.52"
"12,15 : 41.19"
"12,16 : 66.07"
"12,17 : 37.95"
"12,18 : 41.23"
"12,19 : 40.46"
"12,20 : 72.47"
"12,21 : 51.66"
"12,22 : 51.22"
"12,23 : 39.82"
"12,24 : 38.33"
"12,25 : 33.29"
"12,26 : 52.35"
"12,27 : 18.03"
"12,28 : 26.25"
"12,29 : 43.6"
"12,30 : 16.28"
"12,31 : 36.88"
"12,32 : 10.63"
"12,33 : 69.43"
"12,34 : 41.4"
"12,35 : 20.0"
"12,36 : 34.01"
"12,37 : 48.47"
"12,38 : 35.11"
"12,39 : 44.6"
"12,40 : 61.55"
"12,41 : 39.46"
"12,42 : 26.63"
"12,43 : 35.85"
"12,44 : 54.2"
"12,45 : 42.72"
"12,46 : 39.7"
"12,47 : 34.93"
"12,48 : 38.08"
"12,49 : 40.11"
"13,0 : 27.46"
"13,1 : 96.25"
"13,2 : 77.34"
"13,3 : 59.77"
"13,4 : 80.92"
"13,5 : 15.65"
"13,6 : 99.93"
"13,7 : 55.23"
"13,8 : 57.01"
"13,9 : 24.08"
"13,10 : 25.32"
"13,11 : 61.85"
"13,12 : 49.82"
"13,13 : 0.0"
"13,14 : 34.37"
"13,15 : 61.91"
"13,16 : 109.0"
"13,17 : 24.7"
"13,18 : 78.45"
"13,19 : 24.76"
"13,20 : 65.07"
"13,21 : 32.2"
"13,22 : 51.87"
"13,23 : 81.58"
"13,24 : 48.01"
"13,25 : 69.64"
"13,26 : 4.24"
"13,27 : 32.02"
"13,28 : 53.26"
"13,29 : 22.02"
"13,30 : 60.07"
"13,31 : 21.4"
"13,32 : 44.01"
"13,33 : 112.9"
"13,34 : 22.63"
"13,35 : 56.94"
"13,36 : 80.16"
"13,37 : 86.05"
"13,38 : 44.1"
"13,39 : 61.29"
"13,40 : 106.94"
"13,41 : 52.43"
"13,42 : 36.12"
"13,43 : 67.42"
"13,44 : 97.1"
"13,45 : 48.92"
"13,46 : 45.28"
"13,47 : 62.24"
"13,48 : 79.92"
"13,49 : 15.0"
"14,0 : 14.87"
"14,1 : 63.15"
"14,2 : 56.32"
"14,3 : 26.42"
"14,4 : 59.77"
"14,5 : 20.1"
"14,6 : 66.31"
"14,7 : 42.3"
"14,8 : 23.26"
"14,9 : 26.4"
"14,10 : 12.73"
"14,11 : 46.01"
"14,12 : 15.52"
"14,13 : 34.37"
"14,14 : 0.0"
"14,15 : 41.59"
"14,16 : 79.21"
"14,17 : 26.4"
"14,18 : 49.65"
"14,19 : 27.2"
"14,20 : 67.54"
"14,21 : 39.45"
"14,22 : 47.17"
"14,23 : 50.57"
"14,24 : 33.38"
"14,25 : 40.8"
"14,26 : 37.05"
"14,27 : 4.24"
"14,28 : 29.83"
"14,29 : 29.73"
"14,30 : 27.2"
"14,31 : 24.19"
"14,32 : 13.04"
"14,33 : 82.81"
"14,34 : 27.66"
"14,35 : 28.3"
"14,36 : 47.07"
"14,37 : 59.08"
"14,38 : 29.15"
"14,39 : 46.0"
"14,40 : 75.6"
"14,41 : 36.14"
"14,42 : 20.25"
"14,43 : 41.01"
"14,44 : 67.18"
"14,45 : 37.12"
"14,46 : 35.74"
"14,47 : 37.8"
"14,48 : 50.25"
"14,49 : 25.96"
"15,0 : 55.76"
"15,1 : 49.74"
"15,2 : 91.05"
"15,3 : 50.16"
"15,4 : 94.01"
"15,5 : 55.15"
"15,6 : 75.72"
"15,7 : 82.57"
"15,8 : 47.04"
"15,9 : 38.48"
"15,10 : 39.6"
"15,11 : 84.93"
"15,12 : 41.19"
"15,13 : 61.91"
"15,14 : 41.59"
"15,15 : 0.0"
"15,16 : 99.54"
"15,17 : 66.4"
"15,18 : 23.77"
"15,19 : 38.08"
"15,20 : 109.13"
"15,21 : 39.12"
"15,22 : 88.64"
"15,23 : 31.38"
"15,24 : 14.56"
"15,25 : 19.1"
"15,26 : 66.04"
"15,27 : 45.65"
"15,28 : 67.08"
"15,29 : 41.79"
"15,30 : 29.83"
"15,31 : 63.25"
"15,32 : 49.48"
"15,33 : 102.04"
"15,34 : 40.31"
"15,35 : 61.13"
"15,36 : 38.18"
"15,37 : 87.13"
"15,38 : 17.89"
"15,39 : 85.15"
"15,40 : 92.57"
"15,41 : 10.2"
"15,42 : 61.74"
"15,43 : 12.81"
"15,44 : 88.87"
"15,45 : 16.0"
"15,46 : 77.08"
"15,47 : 8.06"
"15,48 : 75.5"
"15,49 : 62.23"
"16,0 : 81.54"
"16,1 : 67.19"
"16,2 : 41.01"
"16,3 : 54.04"
"16,4 : 39.05"
"16,5 : 93.48"
"16,6 : 29.27"
"16,7 : 63.35"
"16,8 : 57.63"
"16,9 : 105.38"
"16,10 : 91.93"
"16,11 : 56.72"
"16,12 : 66.07"
"16,13 : 109.0"
"16,14 : 79.21"
"16,15 : 99.54"
"16,16 : 0.0"
"16,17 : 87.21"
"16,18 : 84.53"
"16,19 : 106.1"
"16,20 : 88.14"
"16,21 : 117.69"
"16,22 : 74.81"
"16,23 : 76.79"
"16,24 : 102.22"
"16,25 : 82.57"
"16,26 : 109.93"
"16,27 : 79.4"
"16,28 : 56.36"
"16,29 : 108.89"
"16,30 : 70.21"
"16,31 : 89.07"
"16,32 : 66.6"
"16,33 : 4.12"
"16,34 : 106.78"
"16,35 : 52.2"
"16,36 : 65.92"
"16,37 : 24.74"
"16,38 : 99.86"
"16,39 : 57.71"
"16,40 : 9.49"
"16,41 : 102.0"
"16,42 : 73.43"
"16,43 : 88.54"
"16,44 : 12.04"
"16,45 : 106.68"
"16,46 : 71.17"
"16,47 : 91.55"
"16,48 : 29.21"
"16,49 : 95.02"
"17,0 : 11.66"
"17,1 : 87.6"
"17,2 : 53.04"
"17,3 : 44.1"
"17,4 : 56.59"
"17,5 : 14.04"
"17,6 : 82.61"
"17,7 : 30.53"
"17,8 : 42.43"
"17,9 : 37.34"
"17,10 : 27.73"
"17,11 : 37.2"
"17,12 : 37.95"
"17,13 : 24.7"
"17,14 : 26.4"
"17,15 : 66.4"
"17,16 : 87.21"
"17,17 : 0.0"
"17,18 : 76.03"
"17,19 : 38.33"
"17,20 : 45.12"
"17,21 : 50.01"
"17,22 : 28.28"
"17,23 : 76.54"
"17,24 : 55.47"
"17,25 : 67.2"
"17,26 : 24.08"
"17,27 : 22.2"
"17,28 : 30.87"
"17,29 : 38.01"
"17,30 : 52.77"
"17,31 : 4.0"
"17,32 : 28.44"
"17,33 : 91.24"
"17,34 : 37.12"
"17,35 : 36.88"
"17,36 : 71.87"
"17,37 : 63.29"
"17,38 : 51.0"
"17,39 : 36.62"
"17,40 : 86.38"
"17,41 : 59.17"
"17,42 : 14.32"
"17,43 : 67.27"
"17,44 : 75.64"
"17,45 : 58.18"
"17,46 : 20.59"
"17,47 : 63.66"
"17,48 : 58.87"
"17,49 : 9.85"
"18,0 : 64.4"
"18,1 : 26.4"
"18,2 : 85.73"
"18,3 : 44.78"
"18,4 : 88.06"
"18,5 : 67.98"
"18,6 : 57.58"
"18,7 : 83.76"
"18,8 : 42.94"
"18,9 : 57.43"
"18,10 : 53.49"
"18,11 : 84.12"
"18,12 : 41.23"
"18,13 : 78.45"
"18,14 : 49.65"
"18,15 : 23.77"
"18,16 : 84.53"
"18,17 : 76.03"
"18,18 : 0.0"
"18,19 : 57.31"
"18,20 : 113.7"
"18,21 : 61.29"
"18,22 : 92.46"
"18,23 : 8.6"
"18,24 : 36.35"
"18,25 : 8.94"
"18,26 : 82.22"
"18,27 : 53.82"
"18,28 : 66.37"
"18,29 : 61.29"
"18,30 : 25.0"
"18,31 : 73.78"
"18,32 : 51.74"
"18,33 : 86.35"
"18,34 : 59.41"
"18,35 : 58.14"
"18,36 : 18.68"
"18,37 : 77.41"
"18,38 : 38.01"
"18,39 : 84.6"
"18,40 : 76.4"
"18,41 : 32.76"
"18,42 : 67.18"
"18,43 : 12.04"
"18,44 : 75.33"
"18,45 : 39.05"
"18,46 : 80.92"
"18,47 : 18.11"
"18,48 : 65.38"
"18,49 : 74.71"
"19,0 : 32.39"
"19,1 : 78.64"
"19,2 : 82.46"
"19,3 : 52.4"
"19,4 : 86.01"
"19,5 : 24.33"
"19,6 : 90.74"
"19,7 : 64.94"
"19,8 : 48.92"
"19,9 : 1.0"
"19,10 : 14.76"
"19,11 : 70.09"
"19,12 : 40.46"
"19,13 : 24.76"
"19,14 : 27.2"
"19,15 : 38.08"
"19,16 : 106.1"
"19,17 : 38.33"
"19,18 : 57.31"
"19,19 : 0.0"
"19,20 : 83.36"
"19,21 : 12.65"
"19,22 : 66.01"
"19,23 : 62.01"
"19,24 : 23.71"
"19,25 : 49.04"
"19,26 : 29.0"
"19,27 : 28.18"
"19,28 : 55.95"
"19,29 : 4.0"
"19,30 : 44.27"
"19,31 : 34.37"
"19,32 : 40.22"
"19,33 : 109.6"
"19,34 : 2.24"
"19,35 : 55.47"
"19,36 : 63.15"
"19,37 : 86.27"
"19,38 : 20.25"
"19,39 : 69.86"
"19,40 : 101.98"
"19,41 : 28.18"
"19,42 : 41.98"
"19,43 : 45.54"
"19,44 : 94.11"
"19,45 : 24.21"
"19,46 : 56.22"
"19,47 : 39.81"
"19,48 : 77.34"
"19,49 : 30.36"
"20,0 : 53.85"
"20,1 : 117.61"
"20,2 : 47.38"
"20,3 : 71.59"
"20,4 : 49.09"
"20,5 : 59.03"
"20,6 : 98.08"
"20,7 : 31.62"
"20,8 : 72.14"
"20,9 : 82.38"
"20,10 : 72.42"
"20,11 : 34.93"
"20,12 : 72.47"
"20,13 : 65.07"
"20,14 : 67.54"
"20,15 : 109.13"
"20,16 : 88.14"
"20,17 : 45.12"
"20,18 : 113.7"
"20,19 : 83.36"
"20,20 : 0.0"
"20,21 : 94.64"
"20,22 : 21.26"
"20,23 : 111.76"
"20,24 : 99.72"
"20,25 : 105.6"
"20,26 : 62.29"
"20,27 : 63.51"
"20,28 : 49.04"
"20,29 : 82.73"
"20,30 : 88.73"
"20,31 : 49.03"
"20,32 : 62.01"
"20,33 : 92.09"
"20,34 : 82.04"
"20,35 : 58.41"
"20,36 : 104.06"
"20,37 : 64.94"
"20,38 : 95.27"
"20,39 : 34.01"
"20,40 : 92.07"
"20,41 : 103.08"
"20,42 : 47.51"
"20,43 : 107.34"
"20,44 : 80.06"
"20,45 : 102.79"
"20,46 : 32.8"
"20,47 : 104.96"
"20,48 : 68.95"
"20,49 : 53.34"
"21,0 : 44.91"
"21,1 : 84.9"
"21,2 : 95.08"
"21,3 : 63.7"
"21,4 : 98.62"
"21,5 : 36.0"
"21,6 : 100.8"
"21,7 : 77.47"
"21,8 : 60.14"
"21,9 : 13.6"
"21,10 : 27.31"
"21,11 : 82.71"
"21,12 : 51.66"
"21,13 : 32.2"
"21,14 : 39.45"
"21,15 : 39.12"
"21,16 : 117.69"
"21,17 : 50.01"
"21,18 : 61.29"
"21,19 : 12.65"
"21,20 : 94.64"
"21,21 : 0.0"
"21,22 : 78.06"
"21,23 : 67.27"
"21,24 : 25.02"
"21,25 : 53.94"
"21,26 : 36.24"
"21,27 : 40.72"
"21,28 : 68.54"
"21,29 : 12.0"
"21,30 : 52.84"
"21,31 : 46.01"
"21,32 : 52.48"
"21,33 : 121.08"
"21,34 : 13.15"
"21,35 : 67.74"
"21,36 : 70.23"
"21,37 : 98.48"
"21,38 : 23.54"
"21,39 : 82.46"
"21,40 : 113.14"
"21,41 : 29.02"
"21,42 : 54.57"
"21,43 : 49.25"
"21,44 : 105.76"
"21,45 : 23.19"
"21,46 : 68.59"
"21,47 : 43.19"
"21,48 : 89.2"
"21,49 : 41.3"
"22,0 : 34.53"
"22,1 : 96.83"
"22,2 : 34.48"
"22,3 : 50.61"
"22,4 : 37.34"
"22,5 : 42.11"
"22,6 : 80.05"
"22,7 : 12.17"
"22,8 : 50.99"
"22,9 : 65.01"
"22,10 : 53.6"
"22,11 : 18.11"
"22,12 : 51.22"
"22,13 : 51.87"
"22,14 : 47.17"
"22,15 : 88.64"
"22,16 : 74.81"
"22,17 : 28.28"
"22,18 : 92.46"
"22,19 : 66.01"
"22,20 : 21.26"
"22,21 : 78.06"
"22,22 : 0.0"
"22,23 : 90.52"
"22,24 : 80.08"
"22,25 : 84.4"
"22,26 : 50.16"
"22,27 : 43.32"
"22,28 : 28.3"
"22,29 : 66.07"
"22,30 : 67.48"
"22,31 : 32.25"
"22,32 : 40.8"
"22,33 : 78.92"
"22,34 : 65.01"
"22,35 : 37.74"
"22,36 : 82.98"
"22,37 : 50.25"
"22,38 : 75.69"
"22,39 : 17.12"
"22,40 : 77.03"
"22,41 : 83.17"
"22,42 : 26.93"
"22,43 : 86.28"
"22,44 : 65.07"
"22,45 : 83.43"
"22,46 : 11.66"
"22,47 : 84.12"
"22,48 : 51.48"
"22,49 : 37.85"
"23,0 : 64.88"
"23,1 : 18.36"
"23,2 : 80.78"
"23,3 : 41.05"
"23,4 : 82.87"
"23,5 : 69.89"
"23,6 : 49.34"
"23,7 : 81.06"
"23,8 : 39.82"
"23,9 : 62.0"
"23,10 : 56.29"
"23,11 : 80.71"
"23,12 : 39.82"
"23,13 : 81.58"
"23,14 : 50.57"
"23,15 : 31.38"
"23,16 : 76.79"
"23,17 : 76.54"
"23,18 : 8.6"
"23,19 : 62.01"
"23,20 : 111.76"
"23,21 : 67.27"
"23,22 : 90.52"
"23,23 : 0.0"
"23,24 : 42.72"
"23,25 : 13.34"
"23,26 : 85.15"
"23,27 : 54.56"
"23,28 : 63.41"
"23,29 : 66.01"
"23,30 : 23.85"
"23,31 : 74.69"
"23,32 : 50.45"
"23,33 : 78.45"
"23,34 : 64.0"
"23,35 : 54.64"
"23,36 : 11.0"
"23,37 : 71.2"
"23,38 : 43.74"
"23,39 : 81.27"
"23,40 : 68.45"
"23,41 : 39.56"
"23,42 : 66.4"
"23,43 : 18.79"
"23,44 : 68.03"
"23,45 : 45.88"
"23,46 : 79.21"
"23,47 : 24.7"
"23,48 : 59.23"
"23,49 : 76.32"
"24,0 : 45.88"
"24,1 : 60.75"
"24,2 : 87.69"
"24,3 : 49.4"
"24,4 : 90.93"
"24,5 : 43.01"
"24,6 : 81.34"
"24,7 : 75.66"
"24,8 : 45.88"
"24,9 : 24.19"
"24,10 : 27.78"
"24,11 : 79.1"
"24,12 : 38.33"
"24,13 : 48.01"
"24,14 : 33.38"
"24,15 : 14.56"
"24,16 : 102.22"
"24,17 : 55.47"
"24,18 : 36.35"
"24,19 : 23.71"
"24,20 : 99.72"
"24,21 : 25.02"
"24,22 : 80.08"
"24,23 : 42.72"
"24,24 : 0.0"
"24,25 : 29.41"
"24,26 : 52.2"
"24,27 : 36.88"
"24,28 : 62.03"
"24,29 : 27.31"
"24,30 : 32.65"
"24,31 : 51.97"
"24,32 : 44.05"
"24,33 : 105.15"
"24,34 : 25.94"
"24,35 : 57.87"
"24,36 : 47.01"
"24,37 : 86.65"
"24,38 : 4.47"
"24,39 : 79.16"
"24,40 : 96.26"
"24,41 : 4.47"
"24,42 : 53.37"
"24,43 : 24.33"
"24,44 : 90.82"
"24,45 : 4.47"
"24,46 : 68.88"
"24,47 : 18.25"
"24,48 : 75.77"
"24,49 : 50.0"
"25,0 : 55.61"
"25,1 : 31.38"
"25,2 : 79.83"
"25,3 : 38.33"
"25,4 : 82.38"
"25,5 : 59.03"
"25,6 : 57.31"
"25,7 : 76.16"
"25,8 : 36.06"
"25,9 : 49.09"
"25,10 : 44.6"
"25,11 : 76.97"
"25,12 : 33.29"
"25,13 : 69.64"
"25,14 : 40.8"
"25,15 : 19.1"
"25,16 : 82.57"
"25,17 : 67.2"
"25,18 : 8.94"
"25,19 : 49.04"
"25,20 : 105.6"
"25,21 : 53.94"
"25,22 : 84.4"
"25,23 : 13.34"
"25,24 : 29.41"
"25,25 : 0.0"
"25,26 : 73.38"
"25,27 : 45.0"
"25,28 : 59.03"
"25,29 : 53.04"
"25,30 : 17.46"
"25,31 : 64.9"
"25,32 : 43.6"
"25,33 : 84.76"
"25,34 : 51.09"
"25,35 : 51.26"
"25,36 : 19.1"
"25,37 : 73.0"
"25,38 : 30.41"
"25,39 : 77.39"
"25,40 : 75.03"
"25,41 : 26.4"
"25,42 : 58.73"
"25,43 : 6.4"
"25,44 : 72.57"
"25,45 : 32.7"
"25,46 : 72.8"
"25,47 : 11.66"
"25,48 : 61.01"
"25,49 : 65.76"
"26,0 : 28.64"
"26,1 : 99.5"
"26,2 : 77.1"
"26,3 : 61.85"
"26,4 : 80.66"
"26,5 : 17.46"
"26,6 : 101.92"
"26,7 : 54.41"
"26,8 : 59.23"
"26,9 : 28.32"
"26,10 : 28.86"
"26,11 : 61.22"
"26,12 : 52.35"
"26,13 : 4.24"
"26,14 : 37.05"
"26,15 : 66.04"
"26,16 : 109.93"
"26,17 : 24.08"
"26,18 : 82.22"
"26,19 : 29.0"
"26,20 : 62.29"
"26,21 : 36.24"
"26,22 : 50.16"
"26,23 : 85.15"
"26,24 : 52.2"
"26,25 : 73.38"
"26,26 : 0.0"
"26,27 : 34.37"
"26,28 : 53.82"
"26,29 : 26.25"
"26,30 : 63.29"
"26,31 : 21.26"
"26,32 : 45.88"
"26,33 : 113.88"
"26,34 : 26.87"
"26,35 : 58.14"
"26,36 : 83.38"
"26,37 : 86.61"
"26,38 : 48.26"
"26,39 : 60.61"
"26,40 : 108.23"
"26,41 : 56.61"
"26,42 : 36.62"
"26,43 : 71.31"
"26,44 : 98.11"
"26,45 : 53.15"
"26,46 : 44.41"
"26,47 : 66.21"
"26,48 : 81.01"
"26,49 : 15.0"
"27,0 : 10.63"
"27,1 : 66.71"
"27,2 : 54.42"
"27,3 : 27.86"
"27,4 : 57.94"
"27,5 : 17.03"
"27,6 : 68.01"
"27,7 : 39.05"
"27,8 : 25.0"
"27,9 : 27.29"
"27,10 : 13.42"
"27,11 : 43.19"
"27,12 : 18.03"
"27,13 : 32.02"
"27,14 : 4.24"
"27,15 : 45.65"
"27,16 : 79.4"
"27,17 : 22.2"
"27,18 : 53.82"
"27,19 : 28.18"
"27,20 : 63.51"
"27,21 : 40.72"
"27,22 : 43.32"
"27,23 : 54.56"
"27,24 : 36.88"
"27,25 : 45.0"
"27,26 : 34.37"
"27,27 : 0.0"
"27,28 : 27.86"
"27,29 : 30.23"
"27,30 : 31.02"
"27,31 : 20.12"
"27,32 : 12.81"
"27,33 : 83.1"
"27,34 : 28.3"
"27,35 : 27.66"
"27,36 : 50.7"
"27,37 : 58.41"
"27,38 : 32.56"
"27,39 : 43.1"
"27,40 : 76.28"
"27,41 : 39.85"
"27,42 : 16.49"
"27,43 : 45.25"
"27,44 : 67.36"
"27,45 : 40.45"
"27,46 : 32.02"
"27,47 : 42.01"
"27,48 : 50.25"
"27,49 : 22.36"
"28,0 : 26.17"
"28,1 : 68.6"
"28,2 : 26.57"
"28,3 : 22.63"
"28,4 : 30.08"
"28,5 : 38.18"
"28,6 : 54.08"
"28,7 : 17.69"
"28,8 : 23.6"
"28,9 : 55.04"
"28,10 : 41.23"
"28,11 : 18.03"
"28,12 : 26.25"
"28,13 : 53.26"
"28,14 : 29.83"
"28,15 : 67.08"
"28,16 : 56.36"
"28,17 : 30.87"
"28,18 : 66.37"
"28,19 : 55.95"
"28,20 : 49.04"
"28,21 : 68.54"
"28,22 : 28.3"
"28,23 : 63.41"
"28,24 : 62.03"
"28,25 : 59.03"
"28,26 : 53.82"
"28,27 : 27.86"
"28,28 : 0.0"
"28,29 : 57.71"
"28,30 : 41.59"
"28,31 : 32.76"
"28,32 : 18.0"
"28,33 : 60.37"
"28,34 : 55.9"
"28,35 : 9.43"
"28,36 : 55.15"
"28,37 : 32.8"
"28,38 : 58.14"
"28,39 : 18.38"
"28,40 : 55.66"
"28,41 : 64.03"
"28,42 : 17.2"
"28,43 : 62.03"
"28,44 : 44.78"
"28,45 : 66.12"
"28,46 : 18.68"
"28,47 : 61.13"
"28,48 : 28.16"
"28,49 : 38.83"
"29,0 : 33.24"
"29,1 : 82.61"
"29,2 : 84.1"
"29,3 : 55.44"
"29,4 : 87.66"
"29,5 : 24.0"
"29,6 : 94.15"
"29,7 : 65.73"
"29,8 : 52.01"
"29,9 : 4.12"
"29,10 : 17.03"
"29,11 : 71.17"
"29,12 : 43.6"
"29,13 : 22.02"
"29,14 : 29.73"
"29,15 : 41.79"
"29,16 : 108.89"
"29,17 : 38.01"
"29,18 : 61.29"
"29,19 : 4.0"
"29,20 : 82.73"
"29,21 : 12.0"
"29,22 : 66.07"
"29,23 : 66.01"
"29,24 : 27.31"
"29,25 : 53.04"
"29,26 : 26.25"
"29,27 : 30.23"
"29,28 : 57.71"
"29,29 : 0.0"
"29,30 : 48.08"
"29,31 : 34.01"
"29,32 : 42.64"
"29,33 : 112.45"
"29,34 : 2.24"
"29,35 : 57.8"
"29,36 : 67.08"
"29,37 : 88.6"
"29,38 : 24.04"
"29,39 : 70.88"
"29,40 : 105.0"
"29,41 : 31.78"
"29,42 : 43.01"
"29,43 : 49.5"
"29,44 : 96.88"
"29,45 : 27.46"
"29,46 : 56.72"
"29,47 : 43.74"
"29,48 : 79.98"
"29,49 : 29.43"
"30,0 : 41.15"
"30,1 : 36.22"
"30,2 : 62.8"
"30,3 : 21.21"
"30,4 : 65.49"
"30,5 : 47.07"
"30,6 : 48.8"
"30,7 : 58.83"
"30,8 : 18.68"
"30,9 : 43.97"
"30,10 : 35.01"
"30,11 : 59.51"
"30,12 : 16.28"
"30,13 : 60.07"
"30,14 : 27.2"
"30,15 : 29.83"
"30,16 : 70.21"
"30,17 : 52.77"
"30,18 : 25.0"
"30,19 : 44.27"
"30,20 : 88.73"
"30,21 : 52.84"
"30,22 : 67.48"
"30,23 : 23.85"
"30,24 : 32.65"
"30,25 : 17.46"
"30,26 : 63.29"
"30,27 : 31.02"
"30,28 : 41.59"
"30,29 : 48.08"
"30,30 : 0.0"
"30,31 : 51.08"
"30,32 : 26.87"
"30,33 : 72.95"
"30,34 : 45.88"
"30,35 : 33.84"
"30,36 : 20.1"
"30,37 : 57.43"
"30,38 : 31.14"
"30,39 : 59.93"
"30,40 : 63.81"
"30,41 : 31.91"
"30,42 : 42.64"
"30,43 : 21.21"
"30,44 : 59.24"
"30,45 : 37.01"
"30,46 : 55.97"
"30,47 : 22.2"
"30,48 : 45.71"
"30,49 : 53.16"
"31,0 : 10.2"
"31,1 : 86.4"
"31,2 : 55.97"
"31,3 : 44.01"
"31,4 : 59.55"
"31,5 : 10.05"
"31,6 : 83.19"
"31,7 : 34.0"
"31,8 : 42.05"
"31,9 : 33.38"
"31,10 : 24.19"
"31,11 : 40.5"
"31,12 : 36.88"
"31,13 : 21.4"
"31,14 : 24.19"
"31,15 : 63.25"
"31,16 : 89.07"
"31,17 : 4.0"
"31,18 : 73.78"
"31,19 : 34.37"
"31,20 : 49.03"
"31,21 : 46.01"
"31,22 : 32.25"
"31,23 : 74.69"
"31,24 : 51.97"
"31,25 : 64.9"
"31,26 : 21.26"
"31,27 : 20.12"
"31,28 : 32.76"
"31,29 : 34.01"
"31,30 : 51.08"
"31,31 : 0.0"
"31,32 : 28.02"
"31,33 : 93.06"
"31,34 : 33.14"
"31,35 : 37.95"
"31,36 : 70.52"
"31,37 : 65.46"
"31,38 : 47.51"
"31,39 : 39.96"
"31,40 : 87.85"
"31,41 : 55.76"
"31,42 : 15.65"
"31,43 : 64.66"
"31,44 : 77.37"
"31,45 : 54.56"
"31,46 : 24.17"
"31,47 : 60.83"
"31,48 : 60.42"
"31,49 : 6.4"
"32,0 : 18.03"
"32,1 : 59.62"
"32,2 : 43.93"
"32,3 : 16.12"
"32,4 : 47.3"
"32,5 : 28.46"
"32,6 : 56.04"
"32,7 : 33.24"
"32,8 : 14.04"
"32,9 : 39.41"
"32,10 : 25.61"
"32,11 : 35.51"
"32,12 : 10.63"
"32,13 : 44.01"
"32,14 : 13.04"
"32,15 : 49.48"
"32,16 : 66.6"
"32,17 : 28.44"
"32,18 : 51.74"
"32,19 : 40.22"
"32,20 : 62.01"
"32,21 : 52.48"
"32,22 : 40.8"
"32,23 : 50.45"
"32,24 : 44.05"
"32,25 : 43.6"
"32,26 : 45.88"
"32,27 : 12.81"
"32,28 : 18.0"
"32,29 : 42.64"
"32,30 : 26.87"
"32,31 : 28.02"
"32,32 : 0.0"
"32,33 : 70.29"
"32,34 : 40.61"
"32,35 : 15.26"
"32,36 : 44.29"
"32,37 : 46.04"
"32,38 : 40.2"
"32,39 : 35.69"
"32,40 : 63.51"
"32,41 : 46.04"
"32,42 : 16.12"
"32,43 : 45.65"
"32,44 : 54.56"
"32,45 : 48.17"
"32,46 : 29.21"
"32,47 : 44.01"
"32,48 : 37.48"
"32,49 : 32.25"
"33,0 : 85.44"
"33,1 : 68.01"
"33,2 : 45.04"
"33,3 : 57.38"
"33,4 : 43.01"
"33,5 : 97.35"
"33,6 : 30.0"
"33,7 : 67.47"
"33,8 : 60.96"
"33,9 : 108.89"
"33,10 : 95.52"
"33,11 : 60.83"
"33,12 : 69.43"
"33,13 : 112.9"
"33,14 : 82.81"
"33,15 : 102.04"
"33,16 : 4.12"
"33,17 : 91.24"
"33,18 : 86.35"
"33,19 : 109.6"
"33,20 : 92.09"
"33,21 : 121.08"
"33,22 : 78.92"
"33,23 : 78.45"
"33,24 : 105.15"
"33,25 : 84.76"
"33,26 : 113.88"
"33,27 : 83.1"
"33,28 : 60.37"
"33,29 : 112.45"
"33,30 : 72.95"
"33,31 : 93.06"
"33,32 : 70.29"
"33,33 : 0.0"
"33,34 : 110.32"
"33,35 : 56.04"
"33,36 : 67.68"
"33,37 : 28.86"
"33,38 : 102.9"
"33,39 : 61.81"
"33,40 : 10.05"
"33,41 : 104.81"
"33,42 : 77.41"
"33,43 : 90.82"
"33,44 : 15.81"
"33,45 : 109.6"
"33,46 : 75.29"
"33,47 : 94.02"
"33,48 : 33.02"
"33,49 : 98.98"
"34,0 : 31.78"
"34,1 : 80.5"
"34,2 : 82.35"
"34,3 : 53.26"
"34,4 : 85.91"
"34,5 : 23.09"
"34,6 : 91.92"
"34,7 : 64.33"
"34,8 : 49.82"
"34,9 : 2.0"
"34,10 : 15.0"
"34,11 : 69.64"
"34,12 : 41.4"
"34,13 : 22.63"
"34,14 : 27.66"
"34,15 : 40.31"
"34,16 : 106.78"
"34,17 : 37.12"
"34,18 : 59.41"
"34,19 : 2.24"
"34,20 : 82.04"
"34,21 : 13.15"
"34,22 : 65.01"
"34,23 : 64.0"
"34,24 : 25.94"
"34,25 : 51.09"
"34,26 : 26.87"
"34,27 : 28.3"
"34,28 : 55.9"
"34,29 : 2.24"
"34,30 : 45.88"
"34,31 : 33.14"
"34,32 : 40.61"
"34,33 : 110.32"
"34,34 : 0.0"
"34,35 : 55.8"
"34,36 : 64.94"
"34,37 : 86.61"
"34,38 : 22.47"
"34,39 : 69.38"
"34,40 : 102.83"
"34,41 : 30.41"
"34,42 : 41.48"
"34,43 : 47.68"
"34,44 : 94.76"
"34,45 : 26.4"
"34,46 : 55.44"
"34,47 : 41.98"
"34,48 : 77.9"
"34,49 : 28.86"
"35,0 : 29.53"
"35,1 : 59.2"
"35,2 : 30.02"
"35,3 : 13.6"
"35,4 : 33.14"
"35,5 : 41.34"
"35,6 : 46.04"
"35,7 : 26.91"
"35,8 : 15.23"
"35,9 : 54.64"
"35,10 : 40.8"
"35,11 : 26.08"
"35,12 : 20.0"
"35,13 : 56.94"
"35,14 : 28.3"
"35,15 : 61.13"
"35,16 : 52.2"
"35,17 : 36.88"
"35,18 : 58.14"
"35,19 : 55.47"
"35,20 : 58.41"
"35,21 : 67.74"
"35,22 : 37.74"
"35,23 : 54.64"
"35,24 : 57.87"
"35,25 : 51.26"
"35,26 : 58.14"
"35,27 : 27.66"
"35,28 : 9.43"
"35,29 : 57.8"
"35,30 : 33.84"
"35,31 : 37.95"
"35,32 : 15.26"
"35,33 : 56.04"
"35,34 : 55.8"
"35,35 : 0.0"
"35,36 : 46.01"
"35,37 : 30.81"
"35,38 : 54.34"
"35,39 : 26.63"
"35,40 : 50.09"
"35,41 : 59.3"
"35,42 : 22.56"
"35,43 : 54.82"
"35,44 : 40.22"
"35,45 : 62.17"
"35,46 : 27.86"
"35,47 : 54.59"
"35,48 : 23.02"
"35,49 : 43.46"
"36,0 : 60.41"
"36,1 : 16.12"
"36,2 : 70.68"
"36,3 : 32.53"
"36,4 : 72.62"
"36,5 : 67.08"
"36,6 : 39.0"
"36,7 : 72.84"
"36,8 : 32.02"
"36,9 : 62.97"
"36,10 : 55.01"
"36,11 : 71.84"
"36,12 : 34.01"
"36,13 : 80.16"
"36,14 : 47.07"
"36,15 : 38.18"
"36,16 : 65.92"
"36,17 : 71.87"
"36,18 : 18.68"
"36,19 : 63.15"
"36,20 : 104.06"
"36,21 : 70.23"
"36,22 : 82.98"
"36,23 : 11.0"
"36,24 : 47.01"
"36,25 : 19.1"
"36,26 : 83.38"
"36,27 : 50.7"
"36,28 : 55.15"
"36,29 : 67.08"
"36,30 : 20.1"
"36,31 : 70.52"
"36,32 : 44.29"
"36,33 : 67.68"
"36,34 : 64.94"
"36,35 : 46.01"
"36,36 : 0.0"
"36,37 : 60.42"
"36,38 : 47.01"
"36,39 : 72.47"
"36,40 : 57.72"
"36,41 : 44.65"
"36,42 : 60.42"
"36,43 : 25.5"
"36,44 : 57.04"
"36,45 : 50.77"
"36,46 : 72.01"
"36,47 : 30.48"
"36,48 : 48.51"
"36,49 : 73.01"
"37,0 : 58.8"
"37,1 : 67.54"
"37,2 : 17.72"
"37,3 : 37.36"
"37,4 : 17.0"
"37,5 : 70.84"
"37,6 : 36.24"
"37,7 : 38.64"
"37,8 : 40.8"
"37,9 : 85.45"
"37,10 : 71.61"
"37,11 : 32.14"
"37,12 : 48.47"
"37,13 : 86.05"
"37,14 : 59.08"
"37,15 : 87.13"
"37,16 : 24.74"
"37,17 : 63.29"
"37,18 : 77.41"
"37,19 : 86.27"
"37,20 : 64.94"
"37,21 : 98.48"
"37,22 : 50.25"
"37,23 : 71.2"
"37,24 : 86.65"
"37,25 : 73.0"
"37,26 : 86.61"
"37,27 : 58.41"
"37,28 : 32.8"
"37,29 : 88.6"
"37,30 : 57.43"
"37,31 : 65.46"
"37,32 : 46.04"
"37,33 : 28.86"
"37,34 : 86.61"
"37,35 : 30.81"
"37,36 : 60.42"
"37,37 : 0.0"
"37,38 : 83.57"
"37,39 : 33.14"
"37,40 : 27.17"
"37,41 : 87.36"
"37,42 : 50.0"
"37,43 : 78.1"
"37,44 : 15.13"
"37,45 : 91.08"
"37,46 : 46.49"
"37,47 : 79.63"
"37,48 : 12.04"
"37,49 : 71.61"
"38,0 : 41.44"
"38,1 : 61.4"
"38,2 : 84.01"
"38,3 : 46.52"
"38,4 : 87.3"
"38,5 : 38.6"
"38,6 : 79.93"
"38,7 : 71.45"
"38,8 : 42.95"
"38,9 : 20.62"
"38,10 : 23.32"
"38,11 : 75.03"
"38,12 : 35.11"
"38,13 : 44.1"
"38,14 : 29.15"
"38,15 : 17.89"
"38,16 : 99.86"
"38,17 : 51.0"
"38,18 : 38.01"
"38,19 : 20.25"
"38,20 : 95.27"
"38,21 : 23.54"
"38,22 : 75.69"
"38,23 : 43.74"
"38,24 : 4.47"
"38,25 : 30.41"
"38,26 : 48.26"
"38,27 : 32.56"
"38,28 : 58.14"
"38,29 : 24.04"
"38,30 : 31.14"
"38,31 : 47.51"
"38,32 : 40.2"
"38,33 : 102.9"
"38,34 : 22.47"
"38,35 : 54.34"
"38,36 : 47.01"
"38,37 : 83.57"
"38,38 : 0.0"
"38,39 : 75.06"
"38,40 : 94.2"
"38,41 : 8.49"
"38,42 : 49.03"
"38,43 : 26.0"
"38,44 : 88.32"
"38,45 : 8.0"
"38,46 : 64.54"
"38,47 : 20.02"
"38,48 : 72.92"
"38,49 : 45.61"
"39,0 : 37.64"
"39,1 : 84.9"
"39,2 : 17.89"
"39,3 : 40.22"
"39,4 : 21.1"
"39,5 : 48.33"
"39,6 : 64.2"
"39,7 : 6.4"
"39,8 : 41.68"
"39,9 : 68.88"
"39,10 : 55.73"
"39,11 : 1.0"
"39,12 : 44.6"
"39,13 : 61.29"
"39,14 : 46.0"
"39,15 : 85.15"
"39,16 : 57.71"
"39,17 : 36.62"
"39,18 : 84.6"
"39,19 : 69.86"
"39,20 : 34.01"
"39,21 : 82.46"
"39,22 : 17.12"
"39,23 : 81.27"
"39,24 : 79.16"
"39,25 : 77.39"
"39,26 : 60.61"
"39,27 : 43.1"
"39,28 : 18.38"
"39,29 : 70.88"
"39,30 : 59.93"
"39,31 : 39.96"
"39,32 : 35.69"
"39,33 : 61.81"
"39,34 : 69.38"
"39,35 : 26.63"
"39,36 : 72.47"
"39,37 : 33.14"
"39,38 : 75.06"
"39,39 : 0.0"
"39,40 : 60.0"
"39,41 : 81.5"
"39,42 : 27.89"
"39,43 : 80.41"
"39,44 : 48.01"
"39,45 : 83.05"
"39,46 : 16.28"
"39,47 : 79.4"
"39,48 : 35.17"
"39,49 : 46.32"
"40,0 : 79.61"
"40,1 : 58.03"
"40,2 : 44.72"
"40,3 : 49.58"
"40,4 : 43.42"
"40,5 : 91.3"
"40,6 : 20.02"
"40,7 : 65.12"
"40,8 : 53.08"
"40,9 : 101.32"
"40,10 : 88.24"
"40,11 : 59.0"
"40,12 : 61.55"
"40,13 : 106.94"
"40,14 : 75.6"
"40,15 : 92.57"
"40,16 : 9.49"
"40,17 : 86.38"
"40,18 : 76.4"
"40,19 : 101.98"
"40,20 : 92.07"
"40,21 : 113.14"
"40,22 : 77.03"
"40,23 : 68.45"
"40,24 : 96.26"
"40,25 : 75.03"
"40,26 : 108.23"
"40,27 : 76.28"
"40,28 : 55.66"
"40,29 : 105.0"
"40,30 : 63.81"
"40,31 : 87.85"
"40,32 : 63.51"
"40,33 : 10.05"
"40,34 : 102.83"
"40,35 : 50.09"
"40,36 : 57.72"
"40,37 : 27.17"
"40,38 : 94.2"
"40,39 : 60.0"
"40,40 : 0.0"
"40,41 : 95.72"
"40,42 : 72.24"
"40,43 : 81.15"
"40,44 : 12.04"
"40,45 : 100.69"
"40,46 : 72.01"
"40,47 : 84.53"
"40,48 : 27.51"
"40,49 : 93.52"
"41,0 : 49.24"
"41,1 : 57.78"
"41,2 : 89.27"
"41,3 : 50.0"
"41,4 : 92.44"
"41,5 : 47.01"
"41,6 : 80.16"
"41,7 : 78.26"
"41,8 : 46.57"
"41,9 : 28.65"
"41,10 : 31.62"
"41,11 : 81.39"
"41,12 : 39.46"
"41,13 : 52.43"
"41,14 : 36.14"
"41,15 : 10.2"
"41,16 : 102.0"
"41,17 : 59.17"
"41,18 : 32.76"
"41,19 : 28.18"
"41,20 : 103.08"
"41,21 : 29.02"
"41,22 : 83.17"
"41,23 : 39.56"
"41,24 : 4.47"
"41,25 : 26.4"
"41,26 : 56.61"
"41,27 : 39.85"
"41,28 : 64.03"
"41,29 : 31.78"
"41,30 : 31.91"
"41,31 : 55.76"
"41,32 : 46.04"
"41,33 : 104.81"
"41,34 : 30.41"
"41,35 : 59.3"
"41,36 : 44.65"
"41,37 : 87.36"
"41,38 : 8.49"
"41,39 : 81.5"
"41,40 : 95.72"
"41,41 : 0.0"
"41,42 : 56.32"
"41,43 : 20.88"
"41,44 : 90.8"
"41,45 : 6.32"
"41,46 : 71.84"
"41,47 : 14.87"
"41,48 : 76.22"
"41,49 : 54.04"
"42,0 : 9.85"
"42,1 : 75.64"
"42,2 : 41.88"
"42,3 : 30.59"
"42,4 : 45.49"
"42,5 : 21.4"
"42,6 : 68.36"
"42,7 : 23.09"
"42,8 : 29.41"
"42,9 : 41.0"
"42,10 : 28.07"
"42,11 : 28.16"
"42,12 : 26.63"
"42,13 : 36.12"
"42,14 : 20.25"
"42,15 : 61.74"
"42,16 : 73.43"
"42,17 : 14.32"
"42,18 : 67.18"
"42,19 : 41.98"
"42,20 : 47.51"
"42,21 : 54.57"
"42,22 : 26.93"
"42,23 : 66.4"
"42,24 : 53.37"
"42,25 : 58.73"
"42,26 : 36.62"
"42,27 : 16.49"
"42,28 : 17.2"
"42,29 : 43.01"
"42,30 : 42.64"
"42,31 : 15.65"
"42,32 : 16.12"
"42,33 : 77.41"
"42,34 : 41.48"
"42,35 : 22.56"
"42,36 : 60.42"
"42,37 : 50.0"
"42,38 : 49.03"
"42,39 : 27.89"
"42,40 : 72.24"
"42,41 : 56.32"
"42,42 : 0.0"
"42,43 : 60.0"
"42,44 : 61.72"
"42,45 : 56.89"
"42,46 : 15.52"
"42,47 : 57.45"
"42,48 : 44.78"
"42,49 : 21.63"
"43,0 : 55.87"
"43,1 : 37.12"
"43,2 : 84.01"
"43,3 : 42.43"
"43,4 : 86.7"
"43,5 : 57.98"
"43,6 : 63.63"
"43,7 : 78.72"
"43,8 : 39.81"
"43,9 : 45.71"
"43,10 : 42.94"
"43,11 : 80.06"
"43,12 : 35.85"
"43,13 : 67.42"
"43,14 : 41.01"
"43,15 : 12.81"
"43,16 : 88.54"
"43,17 : 67.27"
"43,18 : 12.04"
"43,19 : 45.54"
"43,20 : 107.34"
"43,21 : 49.25"
"43,22 : 86.28"
"43,23 : 18.79"
"43,24 : 24.33"
"43,25 : 6.4"
"43,26 : 71.31"
"43,27 : 45.25"
"43,28 : 62.03"
"43,29 : 49.5"
"43,30 : 21.21"
"43,31 : 64.66"
"43,32 : 45.65"
"43,33 : 90.82"
"43,34 : 47.68"
"43,35 : 54.82"
"43,36 : 25.5"
"43,37 : 78.1"
"43,38 : 26.0"
"43,39 : 80.41"
"43,40 : 81.15"
"43,41 : 20.88"
"43,42 : 60.0"
"43,43 : 0.0"
"43,44 : 78.34"
"43,45 : 27.2"
"43,46 : 74.63"
"43,47 : 6.08"
"43,48 : 66.19"
"43,49 : 64.9"
"44,0 : 69.64"
"44,1 : 60.64"
"44,2 : 32.76"
"44,3 : 42.2"
"44,4 : 31.62"
"44,5 : 81.54"
"44,6 : 24.7"
"44,7 : 53.24"
"44,8 : 45.8"
"44,9 : 93.38"
"44,10 : 79.91"
"44,11 : 47.01"
"44,12 : 54.2"
"44,13 : 97.1"
"44,14 : 67.18"
"44,15 : 88.87"
"44,16 : 12.04"
"44,17 : 75.64"
"44,18 : 75.33"
"44,19 : 94.11"
"44,20 : 80.06"
"44,21 : 105.76"
"44,22 : 65.07"
"44,23 : 68.03"
"44,24 : 90.82"
"44,25 : 72.57"
"44,26 : 98.11"
"44,27 : 67.36"
"44,28 : 44.78"
"44,29 : 96.88"
"44,30 : 59.24"
"44,31 : 77.37"
"44,32 : 54.56"
"44,33 : 15.81"
"44,34 : 94.76"
"44,35 : 40.22"
"44,36 : 57.04"
"44,37 : 15.13"
"44,38 : 88.32"
"44,39 : 48.01"
"44,40 : 12.04"
"44,41 : 90.8"
"44,42 : 61.72"
"44,43 : 78.34"
"44,44 : 0.0"
"44,45 : 95.29"
"44,46 : 60.42"
"44,47 : 80.96"
"44,48 : 17.2"
"44,49 : 83.24"
"45,0 : 49.04"
"45,1 : 64.08"
"45,2 : 91.92"
"45,3 : 53.85"
"45,4 : 95.19"
"45,5 : 45.28"
"45,6 : 85.63"
"45,7 : 79.4"
"45,8 : 50.33"
"45,9 : 24.84"
"45,10 : 30.46"
"45,11 : 83.02"
"45,12 : 42.72"
"45,13 : 48.92"
"45,14 : 37.12"
"45,15 : 16.0"
"45,16 : 106.68"
"45,17 : 58.18"
"45,18 : 39.05"
"45,19 : 24.21"
"45,20 : 102.79"
"45,21 : 23.19"
"45,22 : 83.43"
"45,23 : 45.88"
"45,24 : 4.47"
"45,25 : 32.7"
"45,26 : 53.15"
"45,27 : 40.45"
"45,28 : 66.12"
"45,29 : 27.46"
"45,30 : 37.01"
"45,31 : 54.56"
"45,32 : 48.17"
"45,33 : 109.6"
"45,34 : 26.4"
"45,35 : 62.17"
"45,36 : 50.77"
"45,37 : 91.08"
"45,38 : 8.0"
"45,39 : 83.05"
"45,40 : 100.69"
"45,41 : 6.32"
"45,42 : 56.89"
"45,43 : 27.2"
"45,44 : 95.29"
"45,45 : 0.0"
"45,46 : 72.37"
"45,47 : 21.19"
"45,48 : 80.23"
"45,49 : 52.15"
"46,0 : 24.0"
"46,1 : 86.28"
"46,2 : 33.6"
"46,3 : 39.96"
"46,4 : 37.01"
"46,5 : 33.24"
"46,6 : 72.44"
"46,7 : 10.0"
"46,8 : 40.0"
"46,9 : 55.23"
"46,10 : 43.05"
"46,11 : 16.97"
"46,12 : 39.7"
"46,13 : 45.28"
"46,14 : 35.74"
"46,15 : 77.08"
"46,16 : 71.17"
"46,17 : 20.59"
"46,18 : 80.92"
"46,19 : 56.22"
"46,20 : 32.8"
"46,21 : 68.59"
"46,22 : 11.66"
"46,23 : 79.21"
"46,24 : 68.88"
"46,25 : 72.8"
"46,26 : 44.41"
"46,27 : 32.02"
"46,28 : 18.68"
"46,29 : 56.72"
"46,30 : 55.97"
"46,31 : 24.17"
"46,32 : 29.21"
"46,33 : 75.29"
"46,34 : 55.44"
"46,35 : 27.86"
"46,36 : 72.01"
"46,37 : 46.49"
"46,38 : 64.54"
"46,39 : 16.28"
"46,40 : 72.01"
"46,41 : 71.84"
"46,42 : 15.52"
"46,43 : 74.63"
"46,44 : 60.42"
"46,45 : 72.37"
"46,46 : 0.0"
"46,47 : 72.47"
"46,48 : 45.1"
"46,49 : 30.41"
"47,0 : 52.5"
"47,1 : 42.95"
"47,2 : 84.29"
"47,3 : 43.0"
"47,4 : 87.14"
"47,5 : 53.6"
"47,6 : 67.68"
"47,7 : 77.25"
"47,8 : 40.05"
"47,9 : 40.02"
"47,10 : 38.28"
"47,11 : 79.12"
"47,12 : 34.93"
"47,13 : 62.24"
"47,14 : 37.8"
"47,15 : 8.06"
"47,16 : 91.55"
"47,17 : 63.66"
"47,18 : 18.11"
"47,19 : 39.81"
"47,20 : 104.96"
"47,21 : 43.19"
"47,22 : 84.12"
"47,23 : 24.7"
"47,24 : 18.25"
"47,25 : 11.66"
"47,26 : 66.21"
"47,27 : 42.01"
"47,28 : 61.13"
"47,29 : 43.74"
"47,30 : 22.2"
"47,31 : 60.83"
"47,32 : 44.01"
"47,33 : 94.02"
"47,34 : 41.98"
"47,35 : 54.59"
"47,36 : 30.48"
"47,37 : 79.63"
"47,38 : 20.02"
"47,39 : 79.4"
"47,40 : 84.53"
"47,41 : 14.87"
"47,42 : 57.45"
"47,43 : 6.08"
"47,44 : 80.96"
"47,45 : 21.19"
"47,46 : 72.47"
"47,47 : 0.0"
"47,48 : 67.9"
"47,49 : 60.61"
"48,0 : 52.48"
"48,1 : 56.44"
"48,2 : 24.76"
"48,3 : 26.4"
"48,4 : 25.61"
"48,5 : 64.35"
"48,6 : 29.15"
"48,7 : 39.32"
"48,8 : 29.97"
"48,9 : 76.58"
"48,10 : 62.97"
"48,11 : 34.21"
"48,12 : 38.08"
"48,13 : 79.92"
"48,14 : 50.25"
"48,15 : 75.5"
"48,16 : 29.21"
"48,17 : 58.87"
"48,18 : 65.38"
"48,19 : 77.34"
"48,20 : 68.95"
"48,21 : 89.2"
"48,22 : 51.48"
"48,23 : 59.23"
"48,24 : 75.77"
"48,25 : 61.01"
"48,26 : 81.01"
"48,27 : 50.25"
"48,28 : 28.16"
"48,29 : 79.98"
"48,30 : 45.71"
"48,31 : 60.42"
"48,32 : 37.48"
"48,33 : 33.02"
"48,34 : 77.9"
"48,35 : 23.02"
"48,36 : 48.51"
"48,37 : 12.04"
"48,38 : 72.92"
"48,39 : 35.17"
"48,40 : 27.51"
"48,41 : 76.22"
"48,42 : 44.78"
"48,43 : 66.19"
"48,44 : 17.2"
"48,45 : 80.23"
"48,46 : 45.1"
"48,47 : 67.9"
"48,48 : 0.0"
"48,49 : 66.19"
"49,0 : 14.32"
"49,1 : 89.05"
"49,2 : 62.37"
"49,3 : 48.37"
"49,4 : 65.95"
"49,5 : 7.07"
"49,6 : 88.07"
"49,7 : 40.31"
"49,8 : 46.1"
"49,9 : 29.41"
"49,10 : 22.63"
"49,11 : 46.87"
"49,12 : 40.11"
"49,13 : 15.0"
"49,14 : 25.96"
"49,15 : 62.23"
"49,16 : 95.02"
"49,17 : 9.85"
"49,18 : 74.71"
"49,19 : 30.36"
"49,20 : 53.34"
"49,21 : 41.3"
"49,22 : 37.85"
"49,23 : 76.32"
"49,24 : 50.0"
"49,25 : 65.76"
"49,26 : 15.0"
"49,27 : 22.36"
"49,28 : 38.83"
"49,29 : 29.43"
"49,30 : 53.16"
"49,31 : 6.4"
"49,32 : 32.25"
"49,33 : 98.98"
"49,34 : 28.86"
"49,35 : 43.46"
"49,36 : 73.01"
"49,37 : 71.61"
"49,38 : 45.61"
"49,39 : 46.32"
"49,40 : 93.52"
"49,41 : 54.04"
"49,42 : 21.63"
"49,43 : 64.9"
"49,44 : 83.24"
"49,45 : 52.15"
"49,46 : 30.41"
"49,47 : 60.61"
"49,48 : 66.19"
"49,49 : 0.0"
