x,y
7,47
55,18
4,18
69,65
27,76
59,3
83,96
74,51
63,26
43,24
17,38
63,39
0,44
50,41
100,53
63,55
13,33
27,56
68,64
87,65
29,14
59,15
74,55
39,64
26,74
22,62
78,94
95,89
20,33
25,22
35,20
5,7
7,4
83,23
76,60
6,14
21,52
77,53
29,33
22,31
13,30
7,92
96,64
89,69
100,71
30,99
69,97
83,53
63,68
38,39

Distanze
"0,0 : 0.0"
"0,1 : 56.08"
"0,2 : 29.15"
"0,3 : 64.56"
"0,4 : 35.23"
"0,5 : 68.12"
"0,6 : 90.43"
"0,7 : 67.12"
"0,8 : 59.81"
"0,9 : 42.72"
"0,10 : 13.45"
"0,11 : 56.57"
"0,12 : 7.62"
"0,13 : 43.42"
"0,14 : 93.19"
"0,15 : 56.57"
"0,16 : 15.23"
"0,17 : 21.93"
"0,18 : 63.32"
"0,19 : 82.0"
"0,20 : 39.66"
"0,21 : 61.06"
"0,22 : 67.48"
"0,23 : 36.24"
"0,24 : 33.02"
"0,25 : 21.21"
"0,26 : 85.15"
"0,27 : 97.51"
"0,28 : 19.1"
"0,29 : 30.81"
"0,30 : 38.9"
"0,31 : 40.05"
"0,32 : 43.0"
"0,33 : 79.7"
"0,34 : 70.21"
"0,35 : 33.02"
"0,36 : 14.87"
"0,37 : 70.26"
"0,38 : 26.08"
"0,39 : 21.93"
"0,40 : 18.03"
"0,41 : 45.0"
"0,42 : 90.61"
"0,43 : 84.9"
"0,44 : 96.05"
"0,45 : 56.86"
"0,46 : 79.65"
"0,47 : 76.24"
"0,48 : 59.81"
"0,49 : 32.02"
"1,0 : 56.08"
"1,1 : 0.0"
"1,2 : 51.0"
"1,3 : 49.04"
"1,4 : 64.4"
"1,5 : 15.52"
"1,6 : 82.87"
"1,7 : 38.08"
"1,8 : 11.31"
"1,9 : 13.42"
"1,10 : 42.94"
"1,11 : 22.47"
"1,12 : 60.84"
"1,13 : 23.54"
"1,14 : 57.01"
"1,15 : 37.85"
"1,16 : 44.6"
"1,17 : 47.2"
"1,18 : 47.8"
"1,19 : 56.86"
"1,20 : 26.31"
"1,21 : 5.0"
"1,22 : 41.59"
"1,23 : 48.7"
"1,24 : 63.06"
"1,25 : 55.0"
"1,26 : 79.4"
"1,27 : 81.49"
"1,28 : 38.08"
"1,29 : 30.27"
"1,30 : 20.1"
"1,31 : 51.2"
"1,32 : 50.0"
"1,33 : 28.44"
"1,34 : 46.96"
"1,35 : 49.16"
"1,36 : 48.08"
"1,37 : 41.34"
"1,38 : 30.02"
"1,39 : 35.47"
"1,40 : 43.68"
"1,41 : 88.2"
"1,42 : 61.62"
"1,43 : 61.29"
"1,44 : 69.53"
"1,45 : 84.77"
"1,46 : 80.23"
"1,47 : 44.82"
"1,48 : 50.64"
"1,49 : 27.02"
"2,0 : 29.15"
"2,1 : 51.0"
"2,2 : 0.0"
"2,3 : 80.21"
"2,4 : 62.39"
"2,5 : 57.01"
"2,6 : 111.02"
"2,7 : 77.39"
"2,8 : 59.54"
"2,9 : 39.46"
"2,10 : 23.85"
"2,11 : 62.63"
"2,12 : 26.31"
"2,13 : 51.43"
"2,14 : 102.18"
"2,15 : 69.64"
"2,16 : 17.49"
"2,17 : 44.42"
"2,18 : 78.82"
"2,19 : 95.38"
"2,20 : 25.32"
"2,21 : 55.08"
"2,22 : 79.18"
"2,23 : 57.8"
"2,24 : 60.17"
"2,25 : 47.54"
"2,26 : 106.08"
"2,27 : 115.42"
"2,28 : 21.93"
"2,29 : 21.38"
"2,30 : 31.06"
"2,31 : 11.05"
"2,32 : 14.32"
"2,33 : 79.16"
"2,34 : 83.35"
"2,35 : 4.47"
"2,36 : 38.01"
"2,37 : 80.96"
"2,38 : 29.15"
"2,39 : 22.2"
"2,40 : 15.0"
"2,41 : 74.06"
"2,42 : 102.86"
"2,43 : 99.13"
"2,44 : 109.66"
"2,45 : 85.07"
"2,46 : 102.3"
"2,47 : 86.41"
"2,48 : 77.34"
"2,49 : 39.96"
"3,0 : 64.56"
"3,1 : 49.04"
"3,2 : 80.21"
"3,3 : 0.0"
"3,4 : 43.42"
"3,5 : 62.8"
"3,6 : 34.01"
"3,7 : 14.87"
"3,8 : 39.46"
"3,9 : 48.55"
"3,10 : 58.59"
"3,11 : 26.68"
"3,12 : 72.12"
"3,13 : 30.61"
"3,14 : 33.24"
"3,15 : 11.66"
"3,16 : 64.5"
"3,17 : 42.95"
"3,18 : 1.41"
"3,19 : 18.0"
"3,20 : 64.82"
"3,21 : 50.99"
"3,22 : 11.18"
"3,23 : 30.02"
"3,24 : 43.93"
"3,25 : 47.1"
"3,26 : 30.36"
"3,27 : 35.38"
"3,28 : 58.52"
"3,29 : 61.52"
"3,30 : 56.4"
"3,31 : 86.37"
"3,32 : 86.98"
"3,33 : 44.27"
"3,34 : 8.6"
"3,35 : 81.06"
"3,36 : 49.73"
"3,37 : 14.42"
"3,38 : 51.22"
"3,39 : 58.01"
"3,40 : 66.04"
"3,41 : 67.62"
"3,42 : 27.02"
"3,43 : 20.4"
"3,44 : 31.58"
"3,45 : 51.74"
"3,46 : 32.0"
"3,47 : 18.44"
"3,48 : 6.71"
"3,49 : 40.46"
"4,0 : 35.23"
"4,1 : 64.4"
"4,2 : 62.39"
"4,3 : 43.42"
"4,4 : 0.0"
"4,5 : 79.71"
"4,6 : 59.46"
"4,7 : 53.24"
"4,8 : 61.61"
"4,9 : 54.41"
"4,10 : 39.29"
"4,11 : 51.62"
"4,12 : 41.87"
"4,13 : 41.88"
"4,14 : 76.54"
"4,15 : 41.68"
"4,16 : 45.22"
"4,17 : 20.0"
"4,18 : 42.72"
"4,19 : 61.0"
"4,20 : 62.03"
"4,21 : 68.88"
"4,22 : 51.48"
"4,23 : 16.97"
"4,24 : 2.24"
"4,25 : 14.87"
"4,26 : 54.08"
"4,27 : 69.23"
"4,28 : 43.57"
"4,29 : 54.04"
"4,30 : 56.57"
"4,31 : 72.42"
"4,32 : 74.73"
"4,33 : 77.1"
"4,34 : 51.55"
"4,35 : 65.46"
"4,36 : 24.74"
"4,37 : 55.04"
"4,38 : 43.05"
"4,39 : 45.28"
"4,40 : 48.08"
"4,41 : 25.61"
"4,42 : 70.04"
"4,43 : 62.39"
"4,44 : 73.17"
"4,45 : 23.19"
"4,46 : 46.96"
"4,47 : 60.54"
"4,48 : 36.88"
"4,49 : 38.6"
"5,0 : 68.12"
"5,1 : 15.52"
"5,2 : 57.01"
"5,3 : 62.8"
"5,4 : 79.71"
"5,5 : 0.0"
"5,6 : 96.05"
"5,7 : 50.29"
"5,8 : 23.35"
"5,9 : 26.4"
"5,10 : 54.67"
"5,11 : 36.22"
"5,12 : 71.85"
"5,13 : 39.05"
"5,14 : 64.66"
"5,15 : 52.15"
"5,16 : 54.92"
"5,17 : 61.91"
"5,18 : 61.66"
"5,19 : 68.03"
"5,20 : 31.95"
"5,21 : 12.0"
"5,22 : 54.12"
"5,23 : 64.2"
"5,24 : 78.29"
"5,25 : 69.64"
"5,26 : 92.96"
"5,27 : 93.23"
"5,28 : 49.2"
"5,29 : 38.95"
"5,30 : 29.41"
"5,31 : 54.15"
"5,32 : 52.01"
"5,33 : 31.24"
"5,34 : 59.48"
"5,35 : 54.13"
"5,36 : 62.01"
"5,37 : 53.14"
"5,38 : 42.43"
"5,39 : 46.4"
"5,40 : 53.34"
"5,41 : 103.08"
"5,42 : 71.34"
"5,43 : 72.5"
"5,44 : 79.4"
"5,45 : 100.28"
"5,46 : 94.53"
"5,47 : 55.46"
"5,48 : 65.12"
"5,49 : 41.68"
"6,0 : 90.43"
"6,1 : 82.87"
"6,2 : 111.02"
"6,3 : 34.01"
"6,4 : 59.46"
"6,5 : 96.05"
"6,6 : 0.0"
"6,7 : 45.89"
"6,8 : 72.8"
"6,9 : 82.37"
"6,10 : 87.86"
"6,11 : 60.41"
"6,12 : 97.94"
"6,13 : 64.14"
"6,14 : 46.24"
"6,15 : 45.62"
"6,16 : 94.18"
"6,17 : 68.82"
"6,18 : 35.34"
"6,19 : 31.26"
"6,20 : 98.18"
"6,21 : 84.48"
"6,22 : 41.98"
"6,23 : 54.41"
"6,24 : 61.1"
"6,25 : 69.84"
"6,26 : 5.39"
"6,27 : 13.89"
"6,28 : 89.1"
"6,29 : 94.02"
"6,30 : 89.89"
"6,31 : 118.34"
"6,32 : 119.33"
"6,33 : 73.0"
"6,34 : 36.67"
"6,35 : 112.49"
"6,36 : 76.03"
"6,37 : 43.42"
"6,38 : 82.98"
"6,39 : 89.14"
"6,40 : 96.21"
"6,41 : 76.11"
"6,42 : 34.54"
"6,43 : 27.66"
"6,44 : 30.23"
"6,45 : 53.08"
"6,46 : 14.04"
"6,47 : 43.0"
"6,48 : 34.41"
"6,49 : 72.62"
"7,0 : 67.12"
"7,1 : 38.08"
"7,2 : 77.39"
"7,3 : 14.87"
"7,4 : 53.24"
"7,5 : 50.29"
"7,6 : 45.89"
"7,7 : 0.0"
"7,8 : 27.31"
"7,9 : 41.11"
"7,10 : 58.46"
"7,11 : 16.28"
"7,12 : 74.33"
"7,13 : 26.0"
"7,14 : 26.08"
"7,15 : 11.7"
"7,16 : 63.6"
"7,17 : 47.27"
"7,18 : 14.32"
"7,19 : 19.1"
"7,20 : 58.26"
"7,21 : 39.0"
"7,22 : 4.0"
"7,23 : 37.34"
"7,24 : 53.23"
"7,25 : 53.15"
"7,26 : 43.19"
"7,27 : 43.42"
"7,28 : 56.92"
"7,29 : 56.94"
"7,30 : 49.82"
"7,31 : 81.84"
"7,32 : 81.84"
"7,33 : 29.41"
"7,34 : 9.22"
"7,35 : 77.41"
"7,36 : 53.01"
"7,37 : 3.61"
"7,38 : 48.47"
"7,39 : 55.71"
"7,40 : 64.51"
"7,41 : 78.55"
"7,42 : 25.55"
"7,43 : 23.43"
"7,44 : 32.8"
"7,45 : 65.12"
"7,46 : 46.27"
"7,47 : 9.22"
"7,48 : 20.25"
"7,49 : 37.95"
"8,0 : 59.81"
"8,1 : 11.31"
"8,2 : 59.54"
"8,3 : 39.46"
"8,4 : 61.61"
"8,5 : 23.35"
"8,6 : 72.8"
"8,7 : 27.31"
"8,8 : 0.0"
"8,9 : 20.1"
"8,10 : 47.54"
"8,11 : 13.0"
"8,12 : 65.52"
"8,13 : 19.85"
"8,14 : 45.8"
"8,15 : 29.0"
"8,16 : 50.49"
"8,17 : 46.86"
"8,18 : 38.33"
"8,19 : 45.79"
"8,20 : 36.06"
"8,21 : 11.7"
"8,22 : 31.02"
"8,23 : 44.94"
"8,24 : 60.61"
"8,25 : 54.56"
"8,26 : 69.63"
"8,27 : 70.66"
"8,28 : 43.57"
"8,29 : 38.21"
"8,30 : 28.64"
"8,31 : 61.03"
"8,32 : 60.17"
"8,33 : 20.22"
"8,34 : 36.4"
"8,35 : 58.25"
"8,36 : 49.4"
"8,37 : 30.41"
"8,38 : 34.71"
"8,39 : 41.3"
"8,40 : 50.16"
"8,41 : 86.56"
"8,42 : 50.33"
"8,43 : 50.25"
"8,44 : 58.26"
"8,45 : 80.11"
"8,46 : 71.25"
"8,47 : 33.6"
"8,48 : 42.0"
"8,49 : 28.18"
"9,0 : 42.72"
"9,1 : 13.42"
"9,2 : 39.46"
"9,3 : 48.55"
"9,4 : 54.41"
"9,5 : 26.4"
"9,6 : 82.37"
"9,7 : 41.11"
"9,8 : 20.1"
"9,9 : 0.0"
"9,10 : 29.53"
"9,11 : 25.0"
"9,12 : 47.42"
"9,13 : 18.38"
"9,14 : 63.95"
"9,15 : 36.89"
"9,16 : 31.32"
"9,17 : 35.78"
"9,18 : 47.17"
"9,19 : 60.14"
"9,20 : 17.2"
"9,21 : 18.36"
"9,22 : 43.84"
"9,23 : 40.2"
"9,24 : 52.81"
"9,25 : 43.42"
"9,26 : 78.26"
"9,27 : 83.24"
"9,28 : 24.7"
"9,29 : 18.11"
"9,30 : 8.94"
"9,31 : 41.63"
"9,32 : 41.18"
"9,33 : 40.01"
"9,34 : 48.84"
"9,35 : 38.33"
"9,36 : 35.61"
"9,37 : 44.69"
"9,38 : 16.64"
"9,39 : 22.14"
"9,40 : 30.59"
"9,41 : 76.94"
"9,42 : 66.4"
"9,43 : 64.35"
"9,44 : 73.88"
"9,45 : 76.12"
"9,46 : 77.49"
"9,47 : 49.41"
"9,48 : 48.33"
"9,49 : 15.81"
"10,0 : 13.45"
"10,1 : 42.94"
"10,2 : 23.85"
"10,3 : 58.59"
"10,4 : 39.29"
"10,5 : 54.67"
"10,6 : 87.86"
"10,7 : 58.46"
"10,8 : 47.54"
"10,9 : 29.53"
"10,10 : 0.0"
"10,11 : 46.01"
"10,12 : 18.03"
"10,13 : 33.14"
"10,14 : 84.34"
"10,15 : 49.04"
"10,16 : 6.4"
"10,17 : 20.59"
"10,18 : 57.25"
"10,19 : 75.03"
"10,20 : 26.83"
"10,21 : 47.89"
"10,22 : 59.48"
"10,23 : 34.06"
"10,24 : 37.11"
"10,25 : 24.52"
"10,26 : 82.81"
"10,27 : 93.19"
"10,28 : 5.83"
"10,29 : 17.89"
"10,30 : 25.46"
"10,31 : 33.24"
"10,32 : 35.44"
"10,33 : 67.68"
"10,34 : 62.97"
"10,35 : 26.4"
"10,36 : 14.56"
"10,37 : 61.85"
"10,38 : 13.0"
"10,39 : 8.6"
"10,40 : 8.94"
"10,41 : 54.92"
"10,42 : 83.17"
"10,43 : 78.39"
"10,44 : 89.32"
"10,45 : 62.37"
"10,46 : 78.64"
"10,47 : 67.68"
"10,48 : 54.92"
"10,49 : 21.02"
"11,0 : 56.57"
"11,1 : 22.47"
"11,2 : 62.63"
"11,3 : 26.68"
"11,4 : 51.62"
"11,5 : 36.22"
"11,6 : 60.41"
"11,7 : 16.28"
"11,8 : 13.0"
"11,9 : 25.0"
"11,10 : 46.01"
"11,11 : 0.0"
"11,12 : 63.2"
"11,13 : 13.15"
"11,14 : 39.56"
"11,15 : 16.0"
"11,16 : 50.36"
"11,17 : 39.81"
"11,18 : 25.5"
"11,19 : 35.38"
"11,20 : 42.2"
"11,21 : 24.33"
"11,22 : 19.42"
"11,23 : 34.66"
"11,24 : 50.93"
"11,25 : 47.01"
"11,26 : 57.01"
"11,27 : 59.36"
"11,28 : 43.42"
"11,29 : 41.63"
"11,30 : 33.84"
"11,31 : 66.24"
"11,32 : 66.04"
"11,33 : 25.61"
"11,34 : 24.7"
"11,35 : 62.24"
"11,36 : 43.97"
"11,37 : 19.8"
"11,38 : 34.53"
"11,39 : 41.77"
"11,40 : 50.8"
"11,41 : 77.1"
"11,42 : 41.4"
"11,43 : 39.7"
"11,44 : 48.92"
"11,45 : 68.48"
"11,46 : 58.31"
"11,47 : 24.41"
"11,48 : 29.0"
"11,49 : 25.0"
"12,0 : 7.62"
"12,1 : 60.84"
"12,2 : 26.31"
"12,3 : 72.12"
"12,4 : 41.87"
"12,5 : 71.85"
"12,6 : 97.94"
"12,7 : 74.33"
"12,8 : 65.52"
"12,9 : 47.42"
"12,10 : 18.03"
"12,11 : 63.2"
"12,12 : 0.0"
"12,13 : 50.09"
"12,14 : 100.4"
"12,15 : 63.95"
"12,16 : 17.03"
"12,17 : 29.55"
"12,18 : 70.88"
"12,19 : 89.5"
"12,20 : 41.73"
"12,21 : 65.74"
"12,22 : 74.81"
"12,23 : 43.83"
"12,24 : 39.7"
"12,25 : 28.43"
"12,26 : 92.65"
"12,27 : 105.12"
"12,28 : 22.83"
"12,29 : 33.3"
"12,30 : 42.44"
"12,31 : 37.34"
"12,32 : 40.61"
"12,33 : 85.62"
"12,34 : 77.67"
"12,35 : 30.59"
"12,36 : 22.47"
"12,37 : 77.52"
"12,38 : 31.02"
"12,39 : 25.55"
"12,40 : 19.1"
"12,41 : 48.51"
"12,42 : 98.06"
"12,43 : 92.44"
"12,44 : 103.58"
"12,45 : 62.65"
"12,46 : 87.01"
"12,47 : 83.49"
"12,48 : 67.42"
"12,49 : 38.33"
"13,0 : 43.42"
"13,1 : 23.54"
"13,2 : 51.43"
"13,3 : 30.61"
"13,4 : 41.88"
"13,5 : 39.05"
"13,6 : 64.14"
"13,7 : 26.0"
"13,8 : 19.85"
"13,9 : 18.38"
"13,10 : 33.14"
"13,11 : 13.15"
"13,12 : 50.09"
"13,13 : 0.0"
"13,14 : 51.42"
"13,15 : 19.1"
"13,16 : 37.85"
"13,17 : 27.46"
"13,18 : 29.21"
"13,19 : 44.1"
"13,20 : 34.21"
"13,21 : 27.51"
"13,22 : 27.78"
"13,23 : 25.5"
"13,24 : 40.8"
"13,25 : 35.0"
"13,26 : 59.94"
"13,27 : 65.8"
"13,28 : 31.05"
"13,29 : 31.4"
"13,30 : 25.81"
"13,31 : 56.4"
"13,32 : 56.73"
"13,33 : 37.59"
"13,34 : 32.2"
"13,35 : 51.62"
"13,36 : 31.02"
"13,37 : 29.55"
"13,38 : 22.47"
"13,39 : 29.73"
"13,40 : 38.6"
"13,41 : 66.71"
"13,42 : 51.43"
"13,43 : 48.01"
"13,44 : 58.31"
"13,45 : 61.35"
"13,46 : 59.14"
"13,47 : 35.11"
"13,48 : 29.97"
"13,49 : 12.17"
"14,0 : 93.19"
"14,1 : 57.01"
"14,2 : 102.18"
"14,3 : 33.24"
"14,4 : 76.54"
"14,5 : 64.66"
"14,6 : 46.24"
"14,7 : 26.08"
"14,8 : 45.8"
"14,9 : 63.95"
"14,10 : 84.34"
"14,11 : 39.56"
"14,12 : 100.4"
"14,13 : 51.42"
"14,14 : 0.0"
"14,15 : 37.05"
"14,16 : 89.27"
"14,17 : 73.06"
"14,18 : 33.84"
"14,19 : 17.69"
"14,20 : 81.01"
"14,21 : 55.9"
"14,22 : 26.08"
"14,23 : 61.98"
"14,24 : 76.92"
"14,25 : 78.52"
"14,26 : 46.53"
"14,27 : 36.35"
"14,28 : 82.46"
"14,29 : 81.15"
"14,30 : 72.9"
"14,31 : 105.55"
"14,32 : 105.12"
"14,33 : 34.48"
"14,34 : 25.0"
"14,35 : 101.77"
"14,36 : 79.01"
"14,37 : 23.0"
"14,38 : 73.76"
"14,39 : 81.04"
"14,40 : 89.99"
"14,41 : 100.85"
"14,42 : 11.7"
"14,43 : 19.42"
"14,44 : 18.0"
"14,45 : 83.76"
"14,46 : 53.82"
"14,47 : 17.0"
"14,48 : 39.92"
"14,49 : 63.56"
"15,0 : 56.57"
"15,1 : 37.85"
"15,2 : 69.64"
"15,3 : 11.66"
"15,4 : 41.68"
"15,5 : 52.15"
"15,6 : 45.62"
"15,7 : 11.7"
"15,8 : 29.0"
"15,9 : 36.89"
"15,10 : 49.04"
"15,11 : 16.0"
"15,12 : 63.95"
"15,13 : 19.1"
"15,14 : 37.05"
"15,15 : 0.0"
"15,16 : 54.63"
"15,17 : 36.01"
"15,18 : 10.3"
"15,19 : 26.0"
"15,20 : 53.26"
"15,21 : 40.2"
"15,22 : 11.0"
"15,23 : 25.63"
"15,24 : 41.59"
"15,25 : 41.59"
"15,26 : 41.79"
"15,27 : 46.69"
"15,28 : 48.3"
"15,29 : 50.33"
"15,30 : 44.82"
"15,31 : 75.29"
"15,32 : 75.74"
"15,33 : 37.74"
"15,34 : 13.93"
"15,35 : 70.21"
"15,36 : 42.11"
"15,37 : 14.14"
"15,38 : 40.5"
"15,39 : 47.51"
"15,40 : 55.9"
"15,41 : 67.12"
"15,42 : 34.21"
"15,43 : 29.53"
"15,44 : 40.31"
"15,45 : 55.0"
"15,46 : 42.43"
"15,47 : 20.1"
"15,48 : 13.0"
"15,49 : 29.68"
"16,0 : 15.23"
"16,1 : 44.6"
"16,2 : 17.49"
"16,3 : 64.5"
"16,4 : 45.22"
"16,5 : 54.92"
"16,6 : 94.18"
"16,7 : 63.6"
"16,8 : 50.49"
"16,9 : 31.32"
"16,10 : 6.4"
"16,11 : 50.36"
"16,12 : 17.03"
"16,13 : 37.85"
"16,14 : 89.27"
"16,15 : 54.63"
"16,16 : 0.0"
"16,17 : 26.93"
"16,18 : 63.13"
"16,19 : 80.62"
"16,20 : 24.84"
"16,21 : 49.4"
"16,22 : 64.85"
"16,23 : 40.46"
"16,24 : 43.01"
"16,25 : 30.36"
"16,26 : 89.14"
"16,27 : 99.3"
"16,28 : 7.0"
"16,29 : 16.28"
"16,30 : 25.55"
"16,31 : 27.2"
"16,32 : 29.61"
"16,33 : 70.71"
"16,34 : 68.54"
"16,35 : 20.25"
"16,36 : 20.62"
"16,37 : 67.05"
"16,38 : 16.0"
"16,39 : 9.22"
"16,40 : 3.0"
"16,41 : 59.3"
"16,42 : 88.6"
"16,43 : 84.1"
"16,44 : 94.94"
"16,45 : 68.15"
"16,46 : 85.04"
"16,47 : 72.8"
"16,48 : 61.03"
"16,49 : 25.71"
"17,0 : 21.93"
"17,1 : 47.2"
"17,2 : 44.42"
"17,3 : 42.95"
"17,4 : 20.0"
"17,5 : 61.91"
"17,6 : 68.82"
"17,7 : 47.27"
"17,8 : 46.86"
"17,9 : 35.78"
"17,10 : 20.59"
"17,11 : 39.81"
"17,12 : 29.55"
"17,13 : 27.46"
"17,14 : 73.06"
"17,15 : 36.01"
"17,16 : 26.93"
"17,17 : 0.0"
"17,18 : 41.77"
"17,19 : 60.67"
"17,20 : 42.05"
"17,21 : 52.01"
"17,22 : 47.01"
"17,23 : 14.42"
"17,24 : 18.03"
"17,25 : 7.81"
"17,26 : 63.6"
"17,27 : 75.58"
"17,28 : 24.04"
"17,29 : 34.06"
"17,30 : 36.88"
"17,31 : 53.71"
"17,32 : 55.71"
"17,33 : 65.0"
"17,34 : 49.16"
"17,35 : 46.96"
"17,36 : 7.21"
"17,37 : 50.09"
"17,38 : 23.09"
"17,39 : 25.5"
"17,40 : 29.53"
"17,41 : 41.18"
"17,42 : 69.46"
"17,43 : 63.35"
"17,44 : 74.53"
"17,45 : 43.1"
"17,46 : 58.69"
"17,47 : 56.08"
"17,48 : 37.95"
"17,49 : 20.25"
"18,0 : 63.32"
"18,1 : 47.8"
"18,2 : 78.82"
"18,3 : 1.41"
"18,4 : 42.72"
"18,5 : 61.66"
"18,6 : 35.34"
"18,7 : 14.32"
"18,8 : 38.33"
"18,9 : 47.17"
"18,10 : 57.25"
"18,11 : 25.5"
"18,12 : 70.88"
"18,13 : 29.21"
"18,14 : 33.84"
"18,15 : 10.3"
"18,16 : 63.13"
"18,17 : 41.77"
"18,18 : 0.0"
"18,19 : 19.03"
"18,20 : 63.41"
"18,21 : 49.82"
"18,22 : 10.82"
"18,23 : 29.0"
"18,24 : 43.17"
"18,25 : 46.04"
"18,26 : 31.62"
"18,27 : 36.8"
"18,28 : 57.14"
"18,29 : 60.11"
"18,30 : 55.0"
"18,31 : 84.96"
"18,32 : 85.56"
"18,33 : 43.66"
"18,34 : 8.94"
"18,35 : 79.65"
"18,36 : 48.51"
"18,37 : 14.21"
"18,38 : 49.82"
"18,39 : 56.61"
"18,40 : 64.66"
"18,41 : 67.12"
"18,42 : 28.0"
"18,43 : 21.59"
"18,44 : 32.76"
"18,45 : 51.66"
"18,46 : 33.02"
"18,47 : 18.6"
"18,48 : 6.4"
"18,49 : 39.05"
"19,0 : 82.0"
"19,1 : 56.86"
"19,2 : 95.38"
"19,3 : 18.0"
"19,4 : 61.0"
"19,5 : 68.03"
"19,6 : 31.26"
"19,7 : 19.1"
"19,8 : 45.79"
"19,9 : 60.14"
"19,10 : 75.03"
"19,11 : 35.38"
"19,12 : 89.5"
"19,13 : 44.1"
"19,14 : 17.69"
"19,15 : 26.0"
"19,16 : 80.62"
"19,17 : 60.67"
"19,18 : 19.03"
"19,19 : 0.0"
"19,20 : 77.23"
"19,21 : 57.31"
"19,22 : 16.4"
"19,23 : 48.01"
"19,24 : 61.66"
"19,25 : 65.07"
"19,26 : 30.36"
"19,27 : 25.3"
"19,28 : 74.25"
"19,29 : 75.45"
"19,30 : 68.77"
"19,31 : 100.44"
"19,32 : 100.6"
"19,33 : 42.19"
"19,34 : 12.08"
"19,35 : 95.72"
"19,36 : 67.27"
"19,37 : 15.62"
"19,38 : 66.24"
"19,39 : 73.36"
"19,40 : 81.86"
"19,41 : 84.43"
"19,42 : 9.06"
"19,43 : 4.47"
"19,44 : 14.32"
"19,45 : 66.37"
"19,46 : 36.72"
"19,47 : 12.65"
"19,48 : 24.19"
"19,49 : 55.47"
"20,0 : 39.66"
"20,1 : 26.31"
"20,2 : 25.32"
"20,3 : 64.82"
"20,4 : 62.03"
"20,5 : 31.95"
"20,6 : 98.18"
"20,7 : 58.26"
"20,8 : 36.06"
"20,9 : 17.2"
"20,10 : 26.83"
"20,11 : 42.2"
"20,12 : 41.73"
"20,13 : 34.21"
"20,14 : 81.01"
"20,15 : 53.26"
"20,16 : 24.84"
"20,17 : 42.05"
"20,18 : 63.41"
"20,19 : 77.23"
"20,20 : 0.0"
"20,21 : 30.02"
"20,22 : 60.88"
"20,23 : 50.99"
"20,24 : 60.07"
"20,25 : 48.51"
"20,26 : 93.81"
"20,27 : 99.9"
"20,28 : 21.02"
"20,29 : 8.94"
"20,30 : 8.49"
"20,31 : 25.0"
"20,32 : 24.17"
"20,33 : 54.74"
"20,34 : 65.76"
"20,35 : 23.0"
"20,36 : 38.83"
"20,37 : 61.85"
"20,38 : 19.0"
"20,39 : 18.38"
"20,40 : 22.63"
"20,41 : 81.04"
"20,42 : 83.6"
"20,43 : 81.39"
"20,44 : 91.05"
"20,45 : 85.01"
"20,46 : 92.14"
"20,47 : 66.61"
"20,48 : 63.81"
"20,49 : 26.57"
"21,0 : 61.06"
"21,1 : 5.0"
"21,2 : 55.08"
"21,3 : 50.99"
"21,4 : 68.88"
"21,5 : 12.0"
"21,6 : 84.48"
"21,7 : 39.0"
"21,8 : 11.7"
"21,9 : 18.36"
"21,10 : 47.89"
"21,11 : 24.33"
"21,12 : 65.74"
"21,13 : 27.51"
"21,14 : 55.9"
"21,15 : 40.2"
"21,16 : 49.4"
"21,17 : 52.01"
"21,18 : 49.82"
"21,19 : 57.31"
"21,20 : 30.02"
"21,21 : 0.0"
"21,22 : 42.72"
"21,23 : 52.92"
"21,24 : 67.6"
"21,25 : 59.82"
"21,26 : 81.25"
"21,27 : 82.29"
"21,28 : 42.95"
"21,29 : 34.71"
"21,30 : 24.52"
"21,31 : 54.59"
"21,32 : 53.15"
"21,33 : 25.3"
"21,34 : 48.1"
"21,35 : 53.01"
"21,36 : 53.04"
"21,37 : 42.05"
"21,38 : 34.99"
"21,39 : 40.31"
"21,40 : 48.38"
"21,41 : 92.91"
"21,42 : 61.4"
"21,43 : 61.77"
"21,44 : 69.4"
"21,45 : 88.87"
"21,46 : 82.61"
"21,47 : 44.94"
"21,48 : 53.15"
"21,49 : 31.89"
"22,0 : 67.48"
"22,1 : 41.59"
"22,2 : 79.18"
"22,3 : 11.18"
"22,4 : 51.48"
"22,5 : 54.12"
"22,6 : 41.98"
"22,7 : 4.0"
"22,8 : 31.02"
"22,9 : 43.84"
"22,10 : 59.48"
"22,11 : 19.42"
"22,12 : 74.81"
"22,13 : 27.78"
"22,14 : 26.08"
"22,15 : 11.0"
"22,16 : 64.85"
"22,17 : 47.01"
"22,18 : 10.82"
"22,19 : 16.4"
"22,20 : 60.88"
"22,21 : 42.72"
"22,22 : 0.0"
"22,23 : 36.14"
"22,24 : 51.62"
"22,25 : 52.47"
"22,26 : 39.2"
"22,27 : 39.96"
"22,28 : 58.31"
"22,29 : 59.08"
"22,30 : 52.4"
"22,31 : 84.05"
"22,32 : 84.2"
"22,33 : 33.24"
"22,34 : 5.39"
"22,35 : 79.4"
"22,36 : 53.08"
"22,37 : 3.61"
"22,38 : 50.09"
"22,39 : 57.27"
"22,40 : 65.92"
"22,41 : 76.54"
"22,42 : 23.77"
"22,43 : 20.52"
"22,44 : 30.53"
"22,45 : 62.23"
"22,46 : 42.3"
"22,47 : 9.22"
"22,48 : 17.03"
"22,49 : 39.4"
"23,0 : 36.24"
"23,1 : 48.7"
"23,2 : 57.8"
"23,3 : 30.02"
"23,4 : 16.97"
"23,5 : 64.2"
"23,6 : 54.41"
"23,7 : 37.34"
"23,8 : 44.94"
"23,9 : 40.2"
"23,10 : 34.06"
"23,11 : 34.66"
"23,12 : 43.83"
"23,13 : 25.5"
"23,14 : 61.98"
"23,15 : 25.63"
"23,16 : 40.46"
"23,17 : 14.42"
"23,18 : 29.0"
"23,19 : 48.01"
"23,20 : 50.99"
"23,21 : 52.92"
"23,22 : 36.14"
"23,23 : 0.0"
"23,24 : 16.4"
"23,25 : 17.12"
"23,26 : 49.2"
"23,27 : 61.33"
"23,28 : 36.36"
"23,29 : 44.27"
"23,30 : 44.18"
"23,31 : 66.37"
"23,32 : 68.0"
"23,33 : 60.14"
"23,34 : 37.22"
"23,35 : 59.91"
"23,36 : 21.63"
"23,37 : 39.56"
"23,38 : 32.57"
"23,39 : 37.12"
"23,40 : 42.8"
"23,41 : 42.52"
"23,42 : 57.0"
"23,43 : 50.25"
"23,44 : 61.4"
"23,45 : 36.14"
"23,46 : 44.6"
"23,47 : 45.35"
"23,48 : 24.33"
"23,49 : 25.02"
"24,0 : 33.02"
"24,1 : 63.06"
"24,2 : 60.17"
"24,3 : 43.93"
"24,4 : 2.24"
"24,5 : 78.29"
"24,6 : 61.1"
"24,7 : 53.23"
"24,8 : 60.61"
"24,9 : 52.81"
"24,10 : 37.11"
"24,11 : 50.93"
"24,12 : 39.7"
"24,13 : 40.8"
"24,14 : 76.92"
"24,15 : 41.59"
"24,16 : 43.01"
"24,17 : 18.03"
"24,18 : 43.17"
"24,19 : 61.66"
"24,20 : 60.07"
"24,21 : 67.6"
"24,22 : 51.62"
"24,23 : 16.4"
"24,24 : 0.0"
"24,25 : 12.65"
"24,26 : 55.71"
"24,27 : 70.61"
"24,28 : 41.44"
"24,29 : 52.01"
"24,30 : 54.74"
"24,31 : 70.21"
"24,32 : 72.53"
"24,33 : 76.49"
"24,34 : 51.92"
"24,35 : 63.25"
"24,36 : 22.56"
"24,37 : 55.15"
"24,38 : 41.11"
"24,39 : 43.19"
"24,40 : 45.88"
"24,41 : 26.17"
"24,42 : 70.71"
"24,43 : 63.2"
"24,44 : 74.06"
"24,45 : 25.32"
"24,46 : 48.76"
"24,47 : 60.75"
"24,48 : 37.48"
"24,49 : 37.0"
"25,0 : 21.21"
"25,1 : 55.0"
"25,2 : 47.54"
"25,3 : 47.1"
"25,4 : 14.87"
"25,5 : 69.64"
"25,6 : 69.84"
"25,7 : 53.15"
"25,8 : 54.56"
"25,9 : 43.42"
"25,10 : 24.52"
"25,11 : 47.01"
"25,12 : 28.43"
"25,13 : 35.0"
"25,14 : 78.52"
"25,15 : 41.59"
"25,16 : 30.36"
"25,17 : 7.81"
"25,18 : 46.04"
"25,19 : 65.07"
"25,20 : 48.51"
"25,21 : 59.82"
"25,22 : 52.47"
"25,23 : 17.12"
"25,24 : 12.65"
"25,25 : 0.0"
"25,26 : 64.5"
"25,27 : 77.83"
"25,28 : 29.07"
"25,29 : 40.11"
"25,30 : 43.97"
"25,31 : 57.57"
"25,32 : 59.91"
"25,33 : 72.4"
"25,34 : 54.04"
"25,35 : 50.6"
"25,36 : 10.05"
"25,37 : 55.73"
"25,38 : 29.83"
"25,39 : 31.0"
"25,40 : 33.24"
"25,41 : 33.54"
"25,42 : 74.03"
"25,43 : 67.36"
"25,44 : 78.52"
"25,45 : 37.85"
"25,46 : 58.6"
"25,47 : 61.66"
"25,48 : 41.44"
"25,49 : 28.02"
"26,0 : 85.15"
"26,1 : 79.4"
"26,2 : 106.08"
"26,3 : 30.36"
"26,4 : 54.08"
"26,5 : 92.96"
"26,6 : 5.39"
"26,7 : 43.19"
"26,8 : 69.63"
"26,9 : 78.26"
"26,10 : 82.81"
"26,11 : 57.01"
"26,12 : 92.65"
"26,13 : 59.94"
"26,14 : 46.53"
"26,15 : 41.79"
"26,16 : 89.14"
"26,17 : 63.6"
"26,18 : 31.62"
"26,19 : 30.36"
"26,20 : 93.81"
"26,21 : 81.25"
"26,22 : 39.2"
"26,23 : 49.2"
"26,24 : 55.71"
"26,25 : 64.5"
"26,26 : 0.0"
"26,27 : 17.72"
"26,28 : 84.17"
"26,29 : 89.4"
"26,30 : 85.59"
"26,31 : 113.57"
"26,32 : 114.63"
"26,33 : 71.18"
"26,34 : 34.06"
"26,35 : 107.63"
"26,36 : 70.8"
"26,37 : 41.01"
"26,38 : 78.24"
"26,39 : 84.29"
"26,40 : 91.22"
"26,41 : 71.03"
"26,42 : 34.99"
"26,43 : 27.31"
"26,44 : 31.83"
"26,45 : 48.26"
"26,46 : 9.49"
"26,47 : 41.3"
"26,48 : 30.02"
"26,49 : 68.01"
"27,0 : 97.51"
"27,1 : 81.49"
"27,2 : 115.42"
"27,3 : 35.38"
"27,4 : 69.23"
"27,5 : 93.23"
"27,6 : 13.89"
"27,7 : 43.42"
"27,8 : 70.66"
"27,9 : 83.24"
"27,10 : 93.19"
"27,11 : 59.36"
"27,12 : 105.12"
"27,13 : 65.8"
"27,14 : 36.35"
"27,15 : 46.69"
"27,16 : 99.3"
"27,17 : 75.58"
"27,18 : 36.8"
"27,19 : 25.3"
"27,20 : 99.9"
"27,21 : 82.29"
"27,22 : 39.96"
"27,23 : 61.33"
"27,24 : 70.61"
"27,25 : 77.83"
"27,26 : 17.72"
"27,27 : 0.0"
"27,28 : 93.6"
"27,29 : 96.9"
"27,30 : 91.44"
"27,31 : 121.75"
"27,32 : 122.35"
"27,33 : 67.08"
"27,34 : 34.67"
"27,35 : 116.39"
"27,36 : 82.73"
"27,37 : 40.25"
"27,38 : 86.56"
"27,39 : 93.24"
"27,40 : 101.02"
"27,41 : 88.05"
"27,42 : 25.02"
"27,43 : 20.88"
"27,44 : 18.68"
"27,45 : 65.76"
"27,46 : 27.2"
"27,47 : 37.95"
"27,48 : 38.28"
"27,49 : 75.82"
"28,0 : 19.1"
"28,1 : 38.08"
"28,2 : 21.93"
"28,3 : 58.52"
"28,4 : 43.57"
"28,5 : 49.2"
"28,6 : 89.1"
"28,7 : 56.92"
"28,8 : 43.57"
"28,9 : 24.7"
"28,10 : 5.83"
"28,11 : 43.42"
"28,12 : 22.83"
"28,13 : 31.05"
"28,14 : 82.46"
"28,15 : 48.3"
"28,16 : 7.0"
"28,17 : 24.04"
"28,18 : 57.14"
"28,19 : 74.25"
"28,20 : 21.02"
"28,21 : 42.95"
"28,22 : 58.31"
"28,23 : 36.36"
"28,24 : 41.44"
"28,25 : 29.07"
"28,26 : 84.17"
"28,27 : 93.6"
"28,28 : 0.0"
"28,29 : 12.08"
"28,30 : 19.85"
"28,31 : 30.02"
"28,32 : 31.78"
"28,33 : 63.79"
"28,34 : 62.17"
"28,35 : 23.6"
"28,36 : 19.03"
"28,37 : 60.41"
"28,38 : 9.0"
"28,39 : 2.83"
"28,40 : 7.62"
"28,41 : 60.42"
"28,42 : 82.08"
"28,43 : 77.83"
"28,44 : 88.57"
"28,45 : 66.75"
"28,46 : 80.6"
"28,47 : 66.1"
"28,48 : 55.44"
"28,49 : 18.97"
"29,0 : 30.81"
"29,1 : 30.27"
"29,2 : 21.38"
"29,3 : 61.52"
"29,4 : 54.04"
"29,5 : 38.95"
"29,6 : 94.02"
"29,7 : 56.94"
"29,8 : 38.21"
"29,9 : 18.11"
"29,10 : 17.89"
"29,11 : 41.63"
"29,12 : 33.3"
"29,13 : 31.4"
"29,14 : 81.15"
"29,15 : 50.33"
"29,16 : 16.28"
"29,17 : 34.06"
"29,18 : 60.11"
"29,19 : 75.45"
"29,20 : 8.94"
"29,21 : 34.71"
"29,22 : 59.08"
"29,23 : 44.27"
"29,24 : 52.01"
"29,25 : 40.11"
"29,26 : 89.4"
"29,27 : 96.9"
"29,28 : 12.08"
"29,29 : 0.0"
"29,30 : 10.2"
"29,31 : 25.0"
"29,32 : 25.46"
"29,33 : 58.01"
"29,34 : 63.6"
"29,35 : 20.62"
"29,36 : 30.27"
"29,37 : 60.54"
"29,38 : 11.7"
"29,39 : 9.49"
"29,40 : 14.42"
"29,41 : 72.28"
"29,42 : 82.49"
"29,43 : 79.4"
"29,44 : 89.59"
"29,45 : 77.16"
"29,46 : 86.95"
"29,47 : 65.76"
"29,48 : 59.67"
"29,49 : 21.4"
"30,0 : 38.9"
"30,1 : 20.1"
"30,2 : 31.06"
"30,3 : 56.4"
"30,4 : 56.57"
"30,5 : 29.41"
"30,6 : 89.89"
"30,7 : 49.82"
"30,8 : 28.64"
"30,9 : 8.94"
"30,10 : 25.46"
"30,11 : 33.84"
"30,12 : 42.44"
"30,13 : 25.81"
"30,14 : 72.9"
"30,15 : 44.82"
"30,16 : 25.55"
"30,17 : 36.88"
"30,18 : 55.0"
"30,19 : 68.77"
"30,20 : 8.49"
"30,21 : 24.52"
"30,22 : 52.4"
"30,23 : 44.18"
"30,24 : 54.74"
"30,25 : 43.97"
"30,26 : 85.59"
"30,27 : 91.44"
"30,28 : 19.85"
"30,29 : 10.2"
"30,30 : 0.0"
"30,31 : 32.7"
"30,32 : 32.25"
"30,33 : 48.09"
"30,34 : 57.28"
"30,35 : 29.61"
"30,36 : 34.93"
"30,37 : 53.41"
"30,38 : 14.32"
"30,39 : 17.03"
"30,40 : 24.17"
"30,41 : 77.25"
"30,42 : 75.21"
"30,43 : 72.92"
"30,44 : 82.62"
"30,45 : 79.16"
"30,46 : 84.17"
"30,47 : 58.25"
"30,48 : 55.57"
"30,49 : 19.24"
"31,0 : 40.05"
"31,1 : 51.2"
"31,2 : 11.05"
"31,3 : 86.37"
"31,4 : 72.42"
"31,5 : 54.15"
"31,6 : 118.34"
"31,7 : 81.84"
"31,8 : 61.03"
"31,9 : 41.63"
"31,10 : 33.24"
"31,11 : 66.24"
"31,12 : 37.34"
"31,13 : 56.4"
"31,14 : 105.55"
"31,15 : 75.29"
"31,16 : 27.2"
"31,17 : 53.71"
"31,18 : 84.96"
"31,19 : 100.44"
"31,20 : 25.0"
"31,21 : 54.59"
"31,22 : 84.05"
"31,23 : 66.37"
"31,24 : 70.21"
"31,25 : 57.57"
"31,26 : 113.57"
"31,27 : 121.75"
"31,28 : 30.02"
"31,29 : 25.0"
"31,30 : 32.7"
"31,31 : 0.0"
"31,32 : 3.61"
"31,33 : 79.62"
"31,34 : 88.6"
"31,35 : 7.07"
"31,36 : 47.76"
"31,37 : 85.44"
"31,38 : 35.38"
"31,39 : 29.41"
"31,40 : 24.35"
"31,41 : 85.02"
"31,42 : 107.38"
"31,43 : 104.4"
"31,44 : 114.55"
"31,45 : 95.34"
"31,46 : 110.44"
"31,47 : 90.55"
"31,48 : 84.17"
"31,49 : 45.97"
"32,0 : 43.0"
"32,1 : 50.0"
"32,2 : 14.32"
"32,3 : 86.98"
"32,4 : 74.73"
"32,5 : 52.01"
"32,6 : 119.33"
"32,7 : 81.84"
"32,8 : 60.17"
"32,9 : 41.18"
"32,10 : 35.44"
"32,11 : 66.04"
"32,12 : 40.61"
"32,13 : 56.73"
"32,14 : 105.12"
"32,15 : 75.74"
"32,16 : 29.61"
"32,17 : 55.71"
"32,18 : 85.56"
"32,19 : 100.6"
"32,20 : 24.17"
"32,21 : 53.15"
"32,22 : 84.2"
"32,23 : 68.0"
"32,24 : 72.53"
"32,25 : 59.91"
"32,26 : 114.63"
"32,27 : 122.35"
"32,28 : 31.78"
"32,29 : 25.46"
"32,30 : 32.25"
"32,31 : 3.61"
"32,32 : 0.0"
"32,33 : 78.34"
"32,34 : 88.87"
"32,35 : 10.05"
"32,36 : 50.0"
"32,37 : 85.45"
"32,38 : 36.4"
"32,39 : 30.89"
"32,40 : 26.68"
"32,41 : 88.0"
"32,42 : 107.34"
"32,43 : 104.64"
"32,44 : 114.62"
"32,45 : 97.74"
"32,46 : 111.77"
"32,47 : 90.43"
"32,48 : 85.04"
"32,49 : 46.75"
"33,0 : 79.7"
"33,1 : 28.44"
"33,2 : 79.16"
"33,3 : 44.27"
"33,4 : 77.1"
"33,5 : 31.24"
"33,6 : 73.0"
"33,7 : 29.41"
"33,8 : 20.22"
"33,9 : 40.01"
"33,10 : 67.68"
"33,11 : 25.61"
"33,12 : 85.62"
"33,13 : 37.59"
"33,14 : 34.48"
"33,15 : 37.74"
"33,16 : 70.71"
"33,17 : 65.0"
"33,18 : 43.66"
"33,19 : 42.19"
"33,20 : 54.74"
"33,21 : 25.3"
"33,22 : 33.24"
"33,23 : 60.14"
"33,24 : 76.49"
"33,25 : 72.4"
"33,26 : 71.18"
"33,27 : 67.08"
"33,28 : 63.79"
"33,29 : 58.01"
"33,30 : 48.09"
"33,31 : 79.62"
"33,32 : 78.34"
"33,33 : 0.0"
"33,34 : 37.66"
"33,35 : 77.52"
"33,36 : 68.45"
"33,37 : 30.59"
"33,38 : 54.92"
"33,39 : 61.52"
"33,40 : 70.35"
"33,41 : 102.65"
"33,42 : 43.01"
"33,43 : 46.39"
"33,44 : 50.92"
"33,45 : 92.66"
"33,46 : 75.31"
"33,47 : 30.0"
"33,48 : 49.24"
"33,49 : 47.76"
"34,0 : 70.21"
"34,1 : 46.96"
"34,2 : 83.35"
"34,3 : 8.6"
"34,4 : 51.55"
"34,5 : 59.48"
"34,6 : 36.67"
"34,7 : 9.22"
"34,8 : 36.4"
"34,9 : 48.84"
"34,10 : 62.97"
"34,11 : 24.7"
"34,12 : 77.67"
"34,13 : 32.2"
"34,14 : 25.0"
"34,15 : 13.93"
"34,16 : 68.54"
"34,17 : 49.16"
"34,18 : 8.94"
"34,19 : 12.08"
"34,20 : 65.76"
"34,21 : 48.1"
"34,22 : 5.39"
"34,23 : 37.22"
"34,24 : 51.92"
"34,25 : 54.04"
"34,26 : 34.06"
"34,27 : 34.67"
"34,28 : 62.17"
"34,29 : 63.6"
"34,30 : 57.28"
"34,31 : 88.6"
"34,32 : 88.87"
"34,33 : 37.66"
"34,34 : 0.0"
"34,35 : 83.76"
"34,36 : 55.58"
"34,37 : 7.07"
"34,38 : 54.2"
"34,39 : 61.29"
"34,40 : 69.78"
"34,41 : 76.06"
"34,42 : 20.4"
"34,43 : 15.81"
"34,44 : 26.4"
"34,45 : 60.31"
"34,46 : 37.66"
"34,47 : 9.9"
"34,48 : 15.26"
"34,49 : 43.42"
"35,0 : 33.02"
"35,1 : 49.16"
"35,2 : 4.47"
"35,3 : 81.06"
"35,4 : 65.46"
"35,5 : 54.13"
"35,6 : 112.49"
"35,7 : 77.41"
"35,8 : 58.25"
"35,9 : 38.33"
"35,10 : 26.4"
"35,11 : 62.24"
"35,12 : 30.59"
"35,13 : 51.62"
"35,14 : 101.77"
"35,15 : 70.21"
"35,16 : 20.25"
"35,17 : 46.96"
"35,18 : 79.65"
"35,19 : 95.72"
"35,20 : 23.0"
"35,21 : 53.01"
"35,22 : 79.4"
"35,23 : 59.91"
"35,24 : 63.25"
"35,25 : 50.6"
"35,26 : 107.63"
"35,27 : 116.39"
"35,28 : 23.6"
"35,29 : 20.62"
"35,30 : 29.61"
"35,31 : 7.07"
"35,32 : 10.05"
"35,33 : 77.52"
"35,34 : 83.76"
"35,35 : 0.0"
"35,36 : 40.85"
"35,37 : 81.01"
"35,38 : 29.83"
"35,39 : 23.35"
"35,40 : 17.46"
"35,41 : 78.01"
"35,42 : 102.96"
"35,43 : 99.57"
"35,44 : 109.93"
"35,45 : 88.32"
"35,46 : 104.2"
"35,47 : 86.31"
"35,48 : 78.52"
"35,49 : 40.61"
"36,0 : 14.87"
"36,1 : 48.08"
"36,2 : 38.01"
"36,3 : 49.73"
"36,4 : 24.74"
"36,5 : 62.01"
"36,6 : 76.03"
"36,7 : 53.01"
"36,8 : 49.4"
"36,9 : 35.61"
"36,10 : 14.56"
"36,11 : 43.97"
"36,12 : 22.47"
"36,13 : 31.02"
"36,14 : 79.01"
"36,15 : 42.11"
"36,16 : 20.62"
"36,17 : 7.21"
"36,18 : 48.51"
"36,19 : 67.27"
"36,20 : 38.83"
"36,21 : 53.04"
"36,22 : 53.08"
"36,23 : 21.63"
"36,24 : 22.56"
"36,25 : 10.05"
"36,26 : 70.8"
"36,27 : 82.73"
"36,28 : 19.03"
"36,29 : 30.27"
"36,30 : 34.93"
"36,31 : 47.76"
"36,32 : 50.0"
"36,33 : 68.45"
"36,34 : 55.58"
"36,35 : 40.85"
"36,36 : 0.0"
"36,37 : 56.01"
"36,38 : 20.62"
"36,39 : 21.02"
"36,40 : 23.41"
"36,41 : 42.38"
"36,42 : 75.95"
"36,43 : 70.09"
"36,44 : 81.25"
"36,45 : 47.85"
"36,46 : 65.8"
"36,47 : 62.01"
"36,48 : 44.94"
"36,49 : 21.4"
"37,0 : 70.26"
"37,1 : 41.34"
"37,2 : 80.96"
"37,3 : 14.42"
"37,4 : 55.04"
"37,5 : 53.14"
"37,6 : 43.42"
"37,7 : 3.61"
"37,8 : 30.41"
"37,9 : 44.69"
"37,10 : 61.85"
"37,11 : 19.8"
"37,12 : 77.52"
"37,13 : 29.55"
"37,14 : 23.0"
"37,15 : 14.14"
"37,16 : 67.05"
"37,17 : 50.09"
"37,18 : 14.21"
"37,19 : 15.62"
"37,20 : 61.85"
"37,21 : 42.05"
"37,22 : 3.61"
"37,23 : 39.56"
"37,24 : 55.15"
"37,25 : 55.73"
"37,26 : 41.01"
"37,27 : 40.25"
"37,28 : 60.41"
"37,29 : 60.54"
"37,30 : 53.41"
"37,31 : 85.44"
"37,32 : 85.45"
"37,33 : 30.59"
"37,34 : 7.07"
"37,35 : 81.01"
"37,36 : 56.01"
"37,37 : 0.0"
"37,38 : 52.0"
"37,39 : 59.24"
"37,40 : 68.01"
"37,41 : 80.13"
"37,42 : 21.95"
"37,43 : 20.0"
"37,44 : 29.21"
"37,45 : 65.76"
"37,46 : 44.72"
"37,47 : 6.0"
"37,48 : 20.52"
"37,49 : 41.44"
"38,0 : 26.08"
"38,1 : 30.02"
"38,2 : 29.15"
"38,3 : 51.22"
"38,4 : 43.05"
"38,5 : 42.43"
"38,6 : 82.98"
"38,7 : 48.47"
"38,8 : 34.71"
"38,9 : 16.64"
"38,10 : 13.0"
"38,11 : 34.53"
"38,12 : 31.02"
"38,13 : 22.47"
"38,14 : 73.76"
"38,15 : 40.5"
"38,16 : 16.0"
"38,17 : 23.09"
"38,18 : 49.82"
"38,19 : 66.24"
"38,20 : 19.0"
"38,21 : 34.99"
"38,22 : 50.09"
"38,23 : 32.57"
"38,24 : 41.11"
"38,25 : 29.83"
"38,26 : 78.24"
"38,27 : 86.56"
"38,28 : 9.0"
"38,29 : 11.7"
"38,30 : 14.32"
"38,31 : 35.38"
"38,32 : 36.4"
"38,33 : 54.92"
"38,34 : 54.2"
"38,35 : 29.83"
"38,36 : 20.62"
"38,37 : 52.0"
"38,38 : 0.0"
"38,39 : 7.28"
"38,40 : 16.28"
"38,41 : 62.97"
"38,42 : 73.82"
"38,43 : 69.97"
"38,44 : 80.53"
"38,45 : 66.01"
"38,46 : 75.47"
"38,47 : 57.58"
"38,48 : 48.8"
"38,49 : 10.82"
"39,0 : 21.93"
"39,1 : 35.47"
"39,2 : 22.2"
"39,3 : 58.01"
"39,4 : 45.28"
"39,5 : 46.4"
"39,6 : 89.14"
"39,7 : 55.71"
"39,8 : 41.3"
"39,9 : 22.14"
"39,10 : 8.6"
"39,11 : 41.77"
"39,12 : 25.55"
"39,13 : 29.73"
"39,14 : 81.04"
"39,15 : 47.51"
"39,16 : 9.22"
"39,17 : 25.5"
"39,18 : 56.61"
"39,19 : 73.36"
"39,20 : 18.38"
"39,21 : 40.31"
"39,22 : 57.27"
"39,23 : 37.12"
"39,24 : 43.19"
"39,25 : 31.0"
"39,26 : 84.29"
"39,27 : 93.24"
"39,28 : 2.83"
"39,29 : 9.49"
"39,30 : 17.03"
"39,31 : 29.41"
"39,32 : 30.89"
"39,33 : 61.52"
"39,34 : 61.29"
"39,35 : 23.35"
"39,36 : 21.02"
"39,37 : 59.24"
"39,38 : 7.28"
"39,39 : 0.0"
"39,40 : 9.06"
"39,41 : 62.82"
"39,42 : 81.02"
"39,43 : 77.03"
"39,44 : 87.66"
"39,45 : 68.47"
"39,46 : 81.02"
"39,47 : 64.85"
"39,48 : 55.23"
"39,49 : 17.89"
"40,0 : 18.03"
"40,1 : 43.68"
"40,2 : 15.0"
"40,3 : 66.04"
"40,4 : 48.08"
"40,5 : 53.34"
"40,6 : 96.21"
"40,7 : 64.51"
"40,8 : 50.16"
"40,9 : 30.59"
"40,10 : 8.94"
"40,11 : 50.8"
"40,12 : 19.1"
"40,13 : 38.6"
"40,14 : 89.99"
"40,15 : 55.9"
"40,16 : 3.0"
"40,17 : 29.53"
"40,18 : 64.66"
"40,19 : 81.86"
"40,20 : 22.63"
"40,21 : 48.38"
"40,22 : 65.92"
"40,23 : 42.8"
"40,24 : 45.88"
"40,25 : 33.24"
"40,26 : 91.22"
"40,27 : 101.02"
"40,28 : 7.62"
"40,29 : 14.42"
"40,30 : 24.17"
"40,31 : 24.35"
"40,32 : 26.68"
"40,33 : 70.35"
"40,34 : 69.78"
"40,35 : 17.46"
"40,36 : 23.41"
"40,37 : 68.01"
"40,38 : 16.28"
"40,39 : 9.06"
"40,40 : 0.0"
"40,41 : 62.29"
"40,42 : 89.69"
"40,43 : 85.42"
"40,44 : 96.18"
"40,45 : 71.06"
"40,46 : 87.32"
"40,47 : 73.68"
"40,48 : 62.8"
"40,49 : 26.57"
"41,0 : 45.0"
"41,1 : 88.2"
"41,2 : 74.06"
"41,3 : 67.62"
"41,4 : 25.61"
"41,5 : 103.08"
"41,6 : 76.11"
"41,7 : 78.55"
"41,8 : 86.56"
"41,9 : 76.94"
"41,10 : 54.92"
"41,11 : 77.1"
"41,12 : 48.51"
"41,13 : 66.71"
"41,14 : 100.85"
"41,15 : 67.12"
"41,16 : 59.3"
"41,17 : 41.18"
"41,18 : 67.12"
"41,19 : 84.43"
"41,20 : 81.04"
"41,21 : 92.91"
"41,22 : 76.54"
"41,23 : 42.52"
"41,24 : 26.17"
"41,25 : 33.54"
"41,26 : 71.03"
"41,27 : 88.05"
"41,28 : 60.42"
"41,29 : 72.28"
"41,30 : 77.25"
"41,31 : 85.02"
"41,32 : 88.0"
"41,33 : 102.65"
"41,34 : 76.06"
"41,35 : 78.01"
"41,36 : 42.38"
"41,37 : 80.13"
"41,38 : 62.97"
"41,39 : 62.82"
"41,40 : 62.29"
"41,41 : 0.0"
"41,42 : 93.3"
"41,43 : 85.16"
"41,44 : 95.34"
"41,45 : 24.04"
"41,46 : 62.2"
"41,47 : 85.42"
"41,48 : 60.93"
"41,49 : 61.4"
"42,0 : 90.61"
"42,1 : 61.62"
"42,2 : 102.86"
"42,3 : 27.02"
"42,4 : 70.04"
"42,5 : 71.34"
"42,6 : 34.54"
"42,7 : 25.55"
"42,8 : 50.33"
"42,9 : 66.4"
"42,10 : 83.17"
"42,11 : 41.4"
"42,12 : 98.06"
"42,13 : 51.43"
"42,14 : 11.7"
"42,15 : 34.21"
"42,16 : 88.6"
"42,17 : 69.46"
"42,18 : 28.0"
"42,19 : 9.06"
"42,20 : 83.6"
"42,21 : 61.4"
"42,22 : 23.77"
"42,23 : 57.0"
"42,24 : 70.71"
"42,25 : 74.03"
"42,26 : 34.99"
"42,27 : 25.02"
"42,28 : 82.08"
"42,29 : 82.49"
"42,30 : 75.21"
"42,31 : 107.38"
"42,32 : 107.34"
"42,33 : 43.01"
"42,34 : 20.4"
"42,35 : 102.96"
"42,36 : 75.95"
"42,37 : 21.95"
"42,38 : 73.82"
"42,39 : 81.02"
"42,40 : 89.69"
"42,41 : 93.3"
"42,42 : 0.0"
"42,43 : 8.6"
"42,44 : 8.06"
"42,45 : 74.71"
"42,46 : 42.64"
"42,47 : 17.03"
"42,48 : 33.24"
"42,49 : 63.16"
"43,0 : 84.9"
"43,1 : 61.29"
"43,2 : 99.13"
"43,3 : 20.4"
"43,4 : 62.39"
"43,5 : 72.5"
"43,6 : 27.66"
"43,7 : 23.43"
"43,8 : 50.25"
"43,9 : 64.35"
"43,10 : 78.39"
"43,11 : 39.7"
"43,12 : 92.44"
"43,13 : 48.01"
"43,14 : 19.42"
"43,15 : 29.53"
"43,16 : 84.1"
"43,17 : 63.35"
"43,18 : 21.59"
"43,19 : 4.47"
"43,20 : 81.39"
"43,21 : 61.77"
"43,22 : 20.52"
"43,23 : 50.25"
"43,24 : 63.2"
"43,25 : 67.36"
"43,26 : 27.31"
"43,27 : 20.88"
"43,28 : 77.83"
"43,29 : 79.4"
"43,30 : 72.92"
"43,31 : 104.4"
"43,32 : 104.64"
"43,33 : 46.39"
"43,34 : 15.81"
"43,35 : 99.57"
"43,36 : 70.09"
"43,37 : 20.0"
"43,38 : 69.97"
"43,39 : 77.03"
"43,40 : 85.42"
"43,41 : 85.16"
"43,42 : 8.6"
"43,43 : 0.0"
"43,44 : 11.18"
"43,45 : 66.19"
"43,46 : 34.41"
"43,47 : 17.09"
"43,48 : 26.02"
"43,49 : 59.17"
"44,0 : 96.05"
"44,1 : 69.53"
"44,2 : 109.66"
"44,3 : 31.58"
"44,4 : 73.17"
"44,5 : 79.4"
"44,6 : 30.23"
"44,7 : 32.8"
"44,8 : 58.26"
"44,9 : 73.88"
"44,10 : 89.32"
"44,11 : 48.92"
"44,12 : 103.58"
"44,13 : 58.31"
"44,14 : 18.0"
"44,15 : 40.31"
"44,16 : 94.94"
"44,17 : 74.53"
"44,18 : 32.76"
"44,19 : 14.32"
"44,20 : 91.05"
"44,21 : 69.4"
"44,22 : 30.53"
"44,23 : 61.4"
"44,24 : 74.06"
"44,25 : 78.52"
"44,26 : 31.83"
"44,27 : 18.68"
"44,28 : 88.57"
"44,29 : 89.59"
"44,30 : 82.62"
"44,31 : 114.55"
"44,32 : 114.62"
"44,33 : 50.92"
"44,34 : 26.4"
"44,35 : 109.93"
"44,36 : 81.25"
"44,37 : 29.21"
"44,38 : 80.53"
"44,39 : 87.66"
"44,40 : 96.18"
"44,41 : 95.34"
"44,42 : 8.06"
"44,43 : 11.18"
"44,44 : 0.0"
"44,45 : 75.39"
"44,46 : 40.46"
"44,47 : 24.76"
"44,48 : 37.12"
"44,49 : 69.77"
"45,0 : 56.86"
"45,1 : 84.77"
"45,2 : 85.07"
"45,3 : 51.74"
"45,4 : 23.19"
"45,5 : 100.28"
"45,6 : 53.08"
"45,7 : 65.12"
"45,8 : 80.11"
"45,9 : 76.12"
"45,10 : 62.37"
"45,11 : 68.48"
"45,12 : 62.65"
"45,13 : 61.35"
"45,14 : 83.76"
"45,15 : 55.0"
"45,16 : 68.15"
"45,17 : 43.1"
"45,18 : 51.66"
"45,19 : 66.37"
"45,20 : 85.01"
"45,21 : 88.87"
"45,22 : 62.23"
"45,23 : 36.14"
"45,24 : 25.32"
"45,25 : 37.85"
"45,26 : 48.26"
"45,27 : 65.76"
"45,28 : 66.75"
"45,29 : 77.16"
"45,30 : 79.16"
"45,31 : 95.34"
"45,32 : 97.74"
"45,33 : 92.66"
"45,34 : 60.31"
"45,35 : 88.32"
"45,36 : 47.85"
"45,37 : 65.76"
"45,38 : 66.01"
"45,39 : 68.47"
"45,40 : 71.06"
"45,41 : 24.04"
"45,42 : 74.71"
"45,43 : 66.19"
"45,44 : 75.39"
"45,45 : 0.0"
"45,46 : 39.05"
"45,47 : 70.18"
"45,48 : 45.28"
"45,49 : 60.53"
"46,0 : 79.65"
"46,1 : 80.23"
"46,2 : 102.3"
"46,3 : 32.0"
"46,4 : 46.96"
"46,5 : 94.53"
"46,6 : 14.04"
"46,7 : 46.27"
"46,8 : 71.25"
"46,9 : 77.49"
"46,10 : 78.64"
"46,11 : 58.31"
"46,12 : 87.01"
"46,13 : 59.14"
"46,14 : 53.82"
"46,15 : 42.43"
"46,16 : 85.04"
"46,17 : 58.69"
"46,18 : 33.02"
"46,19 : 36.72"
"46,20 : 92.14"
"46,21 : 82.61"
"46,22 : 42.3"
"46,23 : 44.6"
"46,24 : 48.76"
"46,25 : 58.6"
"46,26 : 9.49"
"46,27 : 27.2"
"46,28 : 80.6"
"46,29 : 86.95"
"46,30 : 84.17"
"46,31 : 110.44"
"46,32 : 111.77"
"46,33 : 75.31"
"46,34 : 37.66"
"46,35 : 104.2"
"46,36 : 65.8"
"46,37 : 44.72"
"46,38 : 75.47"
"46,39 : 81.02"
"46,40 : 87.32"
"46,41 : 62.2"
"46,42 : 42.64"
"46,43 : 34.41"
"46,44 : 40.46"
"46,45 : 39.05"
"46,46 : 0.0"
"46,47 : 46.17"
"46,48 : 29.61"
"46,49 : 65.76"
"47,0 : 76.24"
"47,1 : 44.82"
"47,2 : 86.41"
"47,3 : 18.44"
"47,4 : 60.54"
"47,5 : 55.46"
"47,6 : 43.0"
"47,7 : 9.22"
"47,8 : 33.6"
"47,9 : 49.41"
"47,10 : 67.68"
"47,11 : 24.41"
"47,12 : 83.49"
"47,13 : 35.11"
"47,14 : 17.0"
"47,15 : 20.1"
"47,16 : 72.8"
"47,17 : 56.08"
"47,18 : 18.6"
"47,19 : 12.65"
"47,20 : 66.61"
"47,21 : 44.94"
"47,22 : 9.22"
"47,23 : 45.35"
"47,24 : 60.75"
"47,25 : 61.66"
"47,26 : 41.3"
"47,27 : 37.95"
"47,28 : 66.1"
"47,29 : 65.76"
"47,30 : 58.25"
"47,31 : 90.55"
"47,32 : 90.43"
"47,33 : 30.0"
"47,34 : 9.9"
"47,35 : 86.31"
"47,36 : 62.01"
"47,37 : 6.0"
"47,38 : 57.58"
"47,39 : 64.85"
"47,40 : 73.68"
"47,41 : 85.42"
"47,42 : 17.03"
"47,43 : 17.09"
"47,44 : 24.76"
"47,45 : 70.18"
"47,46 : 46.17"
"47,47 : 0.0"
"47,48 : 25.0"
"47,49 : 47.13"
"48,0 : 59.81"
"48,1 : 50.64"
"48,2 : 77.34"
"48,3 : 6.71"
"48,4 : 36.88"
"48,5 : 65.12"
"48,6 : 34.41"
"48,7 : 20.25"
"48,8 : 42.0"
"48,9 : 48.33"
"48,10 : 54.92"
"48,11 : 29.0"
"48,12 : 67.42"
"48,13 : 29.97"
"48,14 : 39.92"
"48,15 : 13.0"
"48,16 : 61.03"
"48,17 : 37.95"
"48,18 : 6.4"
"48,19 : 24.19"
"48,20 : 63.81"
"48,21 : 53.15"
"48,22 : 17.03"
"48,23 : 24.33"
"48,24 : 37.48"
"48,25 : 41.44"
"48,26 : 30.02"
"48,27 : 38.28"
"48,28 : 55.44"
"48,29 : 59.67"
"48,30 : 55.57"
"48,31 : 84.17"
"48,32 : 85.04"
"48,33 : 49.24"
"48,34 : 15.26"
"48,35 : 78.52"
"48,36 : 44.94"
"48,37 : 20.52"
"48,38 : 48.8"
"48,39 : 55.23"
"48,40 : 62.8"
"48,41 : 60.93"
"48,42 : 33.24"
"48,43 : 26.02"
"48,44 : 37.12"
"48,45 : 45.28"
"48,46 : 29.61"
"48,47 : 25.0"
"48,48 : 0.0"
"48,49 : 38.29"
"49,0 : 32.02"
"49,1 : 27.02"
"49,2 : 39.96"
"49,3 : 40.46"
"49,4 : 38.6"
"49,5 : 41.68"
"49,6 : 72.62"
"49,7 : 37.95"
"49,8 : 28.18"
"49,9 : 15.81"
"49,10 : 21.02"
"49,11 : 25.0"
"49,12 : 38.33"
"49,13 : 12.17"
"49,14 : 63.56"
"49,15 : 29.68"
"49,16 : 25.71"
"49,17 : 20.25"
"49,18 : 39.05"
"49,19 : 55.47"
"49,20 : 26.57"
"49,21 : 31.89"
"49,22 : 39.4"
"49,23 : 25.02"
"49,24 : 37.0"
"49,25 : 28.02"
"49,26 : 68.01"
"49,27 : 75.82"
"49,28 : 18.97"
"49,29 : 21.4"
"49,30 : 19.24"
"49,31 : 45.97"
"49,32 : 46.75"
"49,33 : 47.76"
"49,34 : 43.42"
"49,35 : 40.61"
"49,36 : 21.4"
"49,37 : 41.44"
"49,38 : 10.82"
"49,39 : 17.89"
"49,40 : 26.57"
"49,41 : 61.4"
"49,42 : 63.16"
"49,43 : 59.17"
"49,44 : 69.77"
"49,45 : 60.53"
"49,46 : 65.76"
"49,47 : 47.13"
"49,48 : 38.29"
"49,49 : 0.0"
