x,y
59,72
45,92
74,69
35,93
61,3
85,17
56,71
40,71
20,66
100,38
56,54
61,23
12,99
50,40
92,97
16,25
50,66
2,12
79,42
42,18
69,69
78,24
48,59
55,42
93,17
10,21
32,64
30,41
40,87
24,88
83,14
60,93
49,23
60,64
48,69
70,98
19,0
16,64
93,6
51,52
23,57
25,2
95,33
11,92
82,29
82,86
35,17
28,18
77,46
72,44

Distanze
"0,0 : 0.0"
"0,1 : 24.41"
"0,2 : 15.3"
"0,3 : 31.89"
"0,4 : 69.03"
"0,5 : 60.84"
"0,6 : 3.16"
"0,7 : 19.03"
"0,8 : 39.46"
"0,9 : 53.26"
"0,10 : 18.25"
"0,11 : 49.04"
"0,12 : 54.2"
"0,13 : 33.24"
"0,14 : 41.4"
"0,15 : 63.7"
"0,16 : 10.82"
"0,17 : 82.76"
"0,18 : 36.06"
"0,19 : 56.61"
"0,20 : 10.44"
"0,21 : 51.62"
"0,22 : 17.03"
"0,23 : 30.27"
"0,24 : 64.66"
"0,25 : 70.72"
"0,26 : 28.16"
"0,27 : 42.45"
"0,28 : 24.21"
"0,29 : 38.48"
"0,30 : 62.77"
"0,31 : 21.02"
"0,32 : 50.01"
"0,33 : 8.06"
"0,34 : 11.4"
"0,35 : 28.23"
"0,36 : 82.37"
"0,37 : 43.74"
"0,38 : 74.24"
"0,39 : 21.54"
"0,40 : 39.0"
"0,41 : 77.82"
"0,42 : 53.08"
"0,43 : 52.0"
"0,44 : 48.76"
"0,45 : 26.93"
"0,46 : 60.01"
"0,47 : 62.27"
"0,48 : 31.62"
"0,49 : 30.87"
"1,0 : 24.41"
"1,1 : 0.0"
"1,2 : 37.01"
"1,3 : 10.05"
"1,4 : 90.43"
"1,5 : 85.0"
"1,6 : 23.71"
"1,7 : 21.59"
"1,8 : 36.07"
"1,9 : 77.08"
"1,10 : 39.56"
"1,11 : 70.83"
"1,12 : 33.73"
"1,13 : 52.24"
"1,14 : 47.27"
"1,15 : 73.01"
"1,16 : 26.48"
"1,17 : 90.82"
"1,18 : 60.46"
"1,19 : 74.06"
"1,20 : 33.24"
"1,21 : 75.58"
"1,22 : 33.14"
"1,23 : 50.99"
"1,24 : 89.04"
"1,25 : 79.16"
"1,26 : 30.87"
"1,27 : 53.16"
"1,28 : 7.07"
"1,29 : 21.38"
"1,30 : 86.76"
"1,31 : 15.03"
"1,32 : 69.12"
"1,33 : 31.76"
"1,34 : 23.19"
"1,35 : 25.71"
"1,36 : 95.6"
"1,37 : 40.31"
"1,38 : 98.49"
"1,39 : 40.45"
"1,40 : 41.34"
"1,41 : 92.2"
"1,42 : 77.34"
"1,43 : 34.0"
"1,44 : 73.06"
"1,45 : 37.48"
"1,46 : 75.66"
"1,47 : 75.93"
"1,48 : 56.04"
"1,49 : 55.07"
"2,0 : 15.3"
"2,1 : 37.01"
"2,2 : 0.0"
"2,3 : 45.79"
"2,4 : 67.27"
"2,5 : 53.15"
"2,6 : 18.11"
"2,7 : 34.06"
"2,8 : 54.08"
"2,9 : 40.46"
"2,10 : 23.43"
"2,11 : 47.8"
"2,12 : 68.88"
"2,13 : 37.64"
"2,14 : 33.29"
"2,15 : 72.8"
"2,16 : 24.19"
"2,17 : 91.83"
"2,18 : 27.46"
"2,19 : 60.21"
"2,20 : 5.0"
"2,21 : 45.18"
"2,22 : 27.86"
"2,23 : 33.02"
"2,24 : 55.36"
"2,25 : 80.0"
"2,26 : 42.3"
"2,27 : 52.15"
"2,28 : 38.47"
"2,29 : 53.49"
"2,30 : 55.73"
"2,31 : 27.78"
"2,32 : 52.35"
"2,33 : 14.87"
"2,34 : 26.0"
"2,35 : 29.27"
"2,36 : 88.24"
"2,37 : 58.22"
"2,38 : 65.8"
"2,39 : 28.6"
"2,40 : 52.39"
"2,41 : 83.01"
"2,42 : 41.68"
"2,43 : 67.07"
"2,44 : 40.79"
"2,45 : 18.79"
"2,46 : 65.0"
"2,47 : 68.68"
"2,48 : 23.19"
"2,49 : 25.08"
"3,0 : 31.89"
"3,1 : 10.05"
"3,2 : 45.79"
"3,3 : 0.0"
"3,4 : 93.68"
"3,5 : 90.97"
"3,6 : 30.41"
"3,7 : 22.56"
"3,8 : 30.89"
"3,9 : 85.15"
"3,10 : 44.29"
"3,11 : 74.67"
"3,12 : 23.77"
"3,13 : 55.08"
"3,14 : 57.14"
"3,15 : 70.6"
"3,16 : 30.89"
"3,17 : 87.46"
"3,18 : 67.36"
"3,19 : 75.33"
"3,20 : 41.62"
"3,21 : 81.3"
"3,22 : 36.4"
"3,23 : 54.78"
"3,24 : 95.6"
"3,25 : 76.22"
"3,26 : 29.15"
"3,27 : 52.24"
"3,28 : 7.81"
"3,29 : 12.08"
"3,30 : 92.44"
"3,31 : 25.0"
"3,32 : 71.39"
"3,33 : 38.29"
"3,34 : 27.29"
"3,35 : 35.36"
"3,36 : 94.37"
"3,37 : 34.67"
"3,38 : 104.56"
"3,39 : 44.01"
"3,40 : 37.95"
"3,41 : 91.55"
"3,42 : 84.85"
"3,43 : 24.02"
"3,44 : 79.4"
"3,45 : 47.52"
"3,46 : 76.0"
"3,47 : 75.33"
"3,48 : 63.03"
"3,49 : 61.4"
"4,0 : 69.03"
"4,1 : 90.43"
"4,2 : 67.27"
"4,3 : 93.68"
"4,4 : 0.0"
"4,5 : 27.78"
"4,6 : 68.18"
"4,7 : 71.17"
"4,8 : 75.17"
"4,9 : 52.4"
"4,10 : 51.24"
"4,11 : 20.0"
"4,12 : 107.78"
"4,13 : 38.6"
"4,14 : 98.98"
"4,15 : 50.09"
"4,16 : 63.95"
"4,17 : 59.68"
"4,18 : 42.95"
"4,19 : 24.21"
"4,20 : 66.48"
"4,21 : 27.02"
"4,22 : 57.49"
"4,23 : 39.46"
"4,24 : 34.93"
"4,25 : 54.08"
"4,26 : 67.54"
"4,27 : 49.04"
"4,28 : 86.59"
"4,29 : 92.7"
"4,30 : 24.6"
"4,31 : 90.01"
"4,32 : 23.32"
"4,33 : 61.01"
"4,34 : 67.27"
"4,35 : 95.43"
"4,36 : 42.11"
"4,37 : 75.8"
"4,38 : 32.14"
"4,39 : 50.01"
"4,40 : 66.03"
"4,41 : 36.01"
"4,42 : 45.34"
"4,43 : 102.08"
"4,44 : 33.42"
"4,45 : 85.62"
"4,46 : 29.53"
"4,47 : 36.25"
"4,48 : 45.88"
"4,49 : 42.45"
"5,0 : 60.84"
"5,1 : 85.0"
"5,2 : 53.15"
"5,3 : 90.97"
"5,4 : 27.78"
"5,5 : 0.0"
"5,6 : 61.29"
"5,7 : 70.29"
"5,8 : 81.4"
"5,9 : 25.81"
"5,10 : 47.01"
"5,11 : 24.74"
"5,12 : 109.79"
"5,13 : 41.88"
"5,14 : 80.31"
"5,15 : 69.46"
"5,16 : 60.22"
"5,17 : 83.15"
"5,18 : 25.71"
"5,19 : 43.01"
"5,20 : 54.41"
"5,21 : 9.9"
"5,22 : 55.97"
"5,23 : 39.05"
"5,24 : 8.0"
"5,25 : 75.11"
"5,26 : 70.84"
"5,27 : 60.01"
"5,28 : 83.22"
"5,29 : 93.61"
"5,30 : 3.61"
"5,31 : 80.01"
"5,32 : 36.5"
"5,33 : 53.24"
"5,34 : 63.82"
"5,35 : 82.38"
"5,36 : 68.15"
"5,37 : 83.49"
"5,38 : 13.6"
"5,39 : 48.8"
"5,40 : 73.78"
"5,41 : 61.85"
"5,42 : 18.87"
"5,43 : 105.36"
"5,44 : 12.37"
"5,45 : 69.07"
"5,46 : 50.0"
"5,47 : 57.01"
"5,48 : 30.08"
"5,49 : 29.97"
"6,0 : 3.16"
"6,1 : 23.71"
"6,2 : 18.11"
"6,3 : 30.41"
"6,4 : 68.18"
"6,5 : 61.29"
"6,6 : 0.0"
"6,7 : 16.0"
"6,8 : 36.35"
"6,9 : 55.0"
"6,10 : 17.0"
"6,11 : 48.26"
"6,12 : 52.15"
"6,13 : 31.58"
"6,14 : 44.41"
"6,15 : 60.96"
"6,16 : 7.81"
"6,17 : 79.98"
"6,18 : 37.01"
"6,19 : 54.82"
"6,20 : 13.15"
"6,21 : 51.89"
"6,22 : 14.42"
"6,23 : 29.02"
"6,24 : 65.46"
"6,25 : 67.94"
"6,26 : 25.0"
"6,27 : 39.7"
"6,28 : 22.63"
"6,29 : 36.24"
"6,30 : 63.07"
"6,31 : 22.36"
"6,32 : 48.51"
"6,33 : 8.06"
"6,34 : 8.25"
"6,35 : 30.41"
"6,36 : 80.06"
"6,37 : 40.61"
"6,38 : 74.79"
"6,39 : 19.65"
"6,40 : 35.85"
"6,41 : 75.64"
"6,42 : 54.45"
"6,43 : 49.66"
"6,44 : 49.4"
"6,45 : 30.02"
"6,46 : 57.94"
"6,47 : 59.94"
"6,48 : 32.65"
"6,49 : 31.38"
"7,0 : 19.03"
"7,1 : 21.59"
"7,2 : 34.06"
"7,3 : 22.56"
"7,4 : 71.17"
"7,5 : 70.29"
"7,6 : 16.0"
"7,7 : 0.0"
"7,8 : 20.62"
"7,9 : 68.48"
"7,10 : 23.35"
"7,11 : 52.39"
"7,12 : 39.6"
"7,13 : 32.57"
"7,14 : 58.14"
"7,15 : 51.88"
"7,16 : 11.18"
"7,17 : 70.18"
"7,18 : 48.6"
"7,19 : 53.04"
"7,20 : 29.07"
"7,21 : 60.44"
"7,22 : 14.42"
"7,23 : 32.65"
"7,24 : 75.66"
"7,25 : 58.31"
"7,26 : 10.63"
"7,27 : 31.62"
"7,28 : 16.0"
"7,29 : 23.35"
"7,30 : 71.4"
"7,31 : 29.73"
"7,32 : 48.84"
"7,33 : 21.19"
"7,34 : 8.25"
"7,35 : 40.36"
"7,36 : 74.04"
"7,37 : 25.0"
"7,38 : 83.87"
"7,39 : 21.95"
"7,40 : 22.02"
"7,41 : 70.61"
"7,42 : 66.85"
"7,43 : 35.81"
"7,44 : 59.4"
"7,45 : 44.6"
"7,46 : 54.23"
"7,47 : 54.34"
"7,48 : 44.65"
"7,49 : 41.87"
"8,0 : 39.46"
"8,1 : 36.07"
"8,2 : 54.08"
"8,3 : 30.89"
"8,4 : 75.17"
"8,5 : 81.4"
"8,6 : 36.35"
"8,7 : 20.62"
"8,8 : 0.0"
"8,9 : 84.76"
"8,10 : 37.95"
"8,11 : 59.41"
"8,12 : 33.96"
"8,13 : 39.7"
"8,14 : 78.39"
"8,15 : 41.19"
"8,16 : 30.0"
"8,17 : 56.92"
"8,18 : 63.69"
"8,19 : 52.8"
"8,20 : 49.09"
"8,21 : 71.61"
"8,22 : 28.86"
"8,23 : 42.44"
"8,24 : 87.92"
"8,25 : 46.1"
"8,26 : 12.17"
"8,27 : 26.93"
"8,28 : 29.0"
"8,29 : 22.36"
"8,30 : 81.69"
"8,31 : 48.26"
"8,32 : 51.87"
"8,33 : 40.05"
"8,34 : 28.16"
"8,35 : 59.36"
"8,36 : 66.01"
"8,37 : 4.47"
"8,38 : 94.49"
"8,39 : 34.01"
"8,40 : 9.49"
"8,41 : 64.2"
"8,42 : 81.94"
"8,43 : 27.51"
"8,44 : 72.2"
"8,45 : 65.15"
"8,46 : 51.24"
"8,47 : 48.66"
"8,48 : 60.41"
"8,49 : 56.46"
"9,0 : 53.26"
"9,1 : 77.08"
"9,2 : 40.46"
"9,3 : 85.15"
"9,4 : 52.4"
"9,5 : 25.81"
"9,6 : 55.0"
"9,7 : 68.48"
"9,8 : 84.76"
"9,9 : 0.0"
"9,10 : 46.82"
"9,11 : 41.79"
"9,12 : 107.07"
"9,13 : 50.04"
"9,14 : 59.54"
"9,15 : 85.0"
"9,16 : 57.31"
"9,17 : 101.39"
"9,18 : 21.38"
"9,19 : 61.35"
"9,20 : 43.84"
"9,21 : 26.08"
"9,22 : 56.08"
"9,23 : 45.18"
"9,24 : 22.14"
"9,25 : 91.59"
"9,26 : 72.8"
"9,27 : 70.06"
"9,28 : 77.47"
"9,29 : 90.97"
"9,30 : 29.41"
"9,31 : 68.01"
"9,32 : 53.16"
"9,33 : 47.71"
"9,34 : 60.54"
"9,35 : 67.08"
"9,36 : 89.47"
"9,37 : 87.93"
"9,38 : 32.76"
"9,39 : 50.96"
"9,40 : 79.31"
"9,41 : 83.19"
"9,42 : 7.07"
"9,43 : 104.1"
"9,44 : 20.12"
"9,45 : 51.26"
"9,46 : 68.31"
"9,47 : 74.73"
"9,48 : 24.35"
"9,49 : 28.64"
"10,0 : 18.25"
"10,1 : 39.56"
"10,2 : 23.43"
"10,3 : 44.29"
"10,4 : 51.24"
"10,5 : 47.01"
"10,6 : 17.0"
"10,7 : 23.35"
"10,8 : 37.95"
"10,9 : 46.82"
"10,10 : 0.0"
"10,11 : 31.4"
"10,12 : 62.94"
"10,13 : 15.23"
"10,14 : 56.08"
"10,15 : 49.41"
"10,16 : 13.42"
"10,17 : 68.41"
"10,18 : 25.94"
"10,19 : 38.63"
"10,20 : 19.85"
"10,21 : 37.2"
"10,22 : 9.43"
"10,23 : 12.04"
"10,24 : 52.33"
"10,25 : 56.61"
"10,26 : 26.0"
"10,27 : 29.07"
"10,28 : 36.67"
"10,29 : 46.69"
"10,30 : 48.26"
"10,31 : 39.2"
"10,32 : 31.78"
"10,33 : 10.77"
"10,34 : 17.0"
"10,35 : 46.17"
"10,36 : 65.46"
"10,37 : 41.23"
"10,38 : 60.61"
"10,39 : 5.39"
"10,40 : 33.14"
"10,41 : 60.54"
"10,42 : 44.29"
"10,43 : 58.9"
"10,44 : 36.07"
"10,45 : 41.23"
"10,46 : 42.54"
"10,47 : 45.61"
"10,48 : 22.47"
"10,49 : 18.87"
"11,0 : 49.04"
"11,1 : 70.83"
"11,2 : 47.8"
"11,3 : 74.67"
"11,4 : 20.0"
"11,5 : 24.74"
"11,6 : 48.26"
"11,7 : 52.39"
"11,8 : 59.41"
"11,9 : 41.79"
"11,10 : 31.4"
"11,11 : 0.0"
"11,12 : 90.43"
"11,13 : 20.25"
"11,14 : 80.23"
"11,15 : 45.04"
"11,16 : 44.38"
"11,17 : 60.02"
"11,18 : 26.17"
"11,19 : 19.65"
"11,20 : 46.69"
"11,21 : 17.03"
"11,22 : 38.28"
"11,23 : 19.92"
"11,24 : 32.56"
"11,25 : 51.04"
"11,26 : 50.22"
"11,27 : 35.85"
"11,28 : 67.36"
"11,29 : 74.79"
"11,30 : 23.77"
"11,31 : 70.01"
"11,32 : 12.0"
"11,33 : 41.01"
"11,34 : 47.8"
"11,35 : 75.54"
"11,36 : 47.89"
"11,37 : 60.88"
"11,38 : 36.24"
"11,39 : 30.68"
"11,40 : 50.99"
"11,41 : 41.68"
"11,42 : 35.44"
"11,43 : 85.21"
"11,44 : 21.84"
"11,45 : 66.41"
"11,46 : 26.68"
"11,47 : 33.38"
"11,48 : 28.02"
"11,49 : 23.71"
"12,0 : 54.2"
"12,1 : 33.73"
"12,2 : 68.88"
"12,3 : 23.77"
"12,4 : 107.78"
"12,5 : 109.79"
"12,6 : 52.15"
"12,7 : 39.6"
"12,8 : 33.96"
"12,9 : 107.07"
"12,10 : 62.94"
"12,11 : 90.43"
"12,12 : 0.0"
"12,13 : 70.18"
"12,14 : 80.02"
"12,15 : 74.11"
"12,16 : 50.33"
"12,17 : 87.57"
"12,18 : 87.97"
"12,19 : 86.38"
"12,20 : 64.41"
"12,21 : 99.9"
"12,22 : 53.81"
"12,23 : 71.4"
"12,24 : 115.26"
"12,25 : 78.03"
"12,26 : 40.31"
"12,27 : 60.73"
"12,28 : 30.46"
"12,29 : 16.28"
"12,30 : 110.75"
"12,31 : 48.37"
"12,32 : 84.53"
"12,33 : 59.41"
"12,34 : 46.86"
"12,35 : 58.01"
"12,36 : 99.25"
"12,37 : 35.23"
"12,38 : 123.33"
"12,39 : 61.07"
"12,40 : 43.42"
"12,41 : 97.87"
"12,42 : 106.04"
"12,43 : 7.07"
"12,44 : 98.99"
"12,45 : 71.2"
"12,46 : 85.16"
"12,47 : 82.57"
"12,48 : 83.87"
"12,49 : 81.39"
"13,0 : 33.24"
"13,1 : 52.24"
"13,2 : 37.64"
"13,3 : 55.08"
"13,4 : 38.6"
"13,5 : 41.88"
"13,6 : 31.58"
"13,7 : 32.57"
"13,8 : 39.7"
"13,9 : 50.04"
"13,10 : 15.23"
"13,11 : 20.25"
"13,12 : 70.18"
"13,13 : 0.0"
"13,14 : 70.8"
"13,15 : 37.16"
"13,16 : 26.0"
"13,17 : 55.57"
"13,18 : 29.07"
"13,19 : 23.41"
"13,20 : 34.67"
"13,21 : 32.25"
"13,22 : 19.1"
"13,23 : 5.39"
"13,24 : 48.76"
"13,25 : 44.28"
"13,26 : 30.0"
"13,27 : 20.02"
"13,28 : 48.05"
"13,29 : 54.59"
"13,30 : 42.01"
"13,31 : 53.94"
"13,32 : 17.03"
"13,33 : 26.0"
"13,34 : 29.07"
"13,35 : 61.35"
"13,36 : 50.61"
"13,37 : 41.62"
"13,38 : 54.82"
"13,39 : 12.04"
"13,40 : 31.91"
"13,41 : 45.49"
"13,42 : 45.54"
"13,43 : 65.0"
"13,44 : 33.84"
"13,45 : 56.04"
"13,46 : 27.46"
"13,47 : 31.11"
"13,48 : 27.66"
"13,49 : 22.36"
"14,0 : 41.4"
"14,1 : 47.27"
"14,2 : 33.29"
"14,3 : 57.14"
"14,4 : 98.98"
"14,5 : 80.31"
"14,6 : 44.41"
"14,7 : 58.14"
"14,8 : 78.39"
"14,9 : 59.54"
"14,10 : 56.08"
"14,11 : 80.23"
"14,12 : 80.02"
"14,13 : 70.8"
"14,14 : 0.0"
"14,15 : 104.69"
"14,16 : 52.2"
"14,17 : 123.79"
"14,18 : 56.52"
"14,19 : 93.49"
"14,20 : 36.24"
"14,21 : 74.33"
"14,22 : 58.14"
"14,23 : 66.29"
"14,24 : 80.01"
"14,25 : 111.8"
"14,26 : 68.48"
"14,27 : 83.55"
"14,28 : 52.95"
"14,29 : 68.59"
"14,30 : 83.49"
"14,31 : 32.25"
"14,32 : 85.59"
"14,33 : 45.97"
"14,34 : 52.15"
"14,35 : 22.02"
"14,36 : 121.4"
"14,37 : 82.86"
"14,38 : 91.01"
"14,39 : 60.88"
"14,40 : 79.76"
"14,41 : 116.25"
"14,42 : 64.07"
"14,43 : 81.15"
"14,44 : 68.73"
"14,45 : 14.87"
"14,46 : 98.23"
"14,47 : 101.67"
"14,48 : 53.16"
"14,49 : 56.65"
"15,0 : 63.7"
"15,1 : 73.01"
"15,2 : 72.8"
"15,3 : 70.6"
"15,4 : 50.09"
"15,5 : 69.46"
"15,6 : 60.96"
"15,7 : 51.88"
"15,8 : 41.19"
"15,9 : 85.0"
"15,10 : 49.41"
"15,11 : 45.04"
"15,12 : 74.11"
"15,13 : 37.16"
"15,14 : 104.69"
"15,15 : 0.0"
"15,16 : 53.26"
"15,17 : 19.1"
"15,18 : 65.25"
"15,19 : 26.93"
"15,20 : 68.88"
"15,21 : 62.01"
"15,22 : 46.69"
"15,23 : 42.54"
"15,24 : 77.41"
"15,25 : 7.21"
"15,26 : 42.15"
"15,27 : 21.26"
"15,28 : 66.48"
"15,29 : 63.51"
"15,30 : 67.9"
"15,31 : 80.99"
"15,32 : 33.06"
"15,33 : 58.8"
"15,34 : 54.41"
"15,35 : 90.8"
"15,36 : 25.18"
"15,37 : 39.0"
"15,38 : 79.31"
"15,39 : 44.2"
"15,40 : 32.76"
"15,41 : 24.7"
"15,42 : 79.4"
"15,43 : 67.19"
"15,44 : 66.12"
"15,45 : 89.87"
"15,46 : 20.62"
"15,47 : 13.89"
"15,48 : 64.51"
"15,49 : 59.14"
"16,0 : 10.82"
"16,1 : 26.48"
"16,2 : 24.19"
"16,3 : 30.89"
"16,4 : 63.95"
"16,5 : 60.22"
"16,6 : 7.81"
"16,7 : 11.18"
"16,8 : 30.0"
"16,9 : 57.31"
"16,10 : 13.42"
"16,11 : 44.38"
"16,12 : 50.33"
"16,13 : 26.0"
"16,14 : 52.2"
"16,15 : 53.26"
"16,16 : 0.0"
"16,17 : 72.25"
"16,18 : 37.64"
"16,19 : 48.66"
"16,20 : 19.24"
"16,21 : 50.48"
"16,22 : 7.28"
"16,23 : 24.52"
"16,24 : 65.19"
"16,25 : 60.21"
"16,26 : 18.11"
"16,27 : 32.02"
"16,28 : 23.26"
"16,29 : 34.06"
"16,30 : 61.59"
"16,31 : 28.79"
"16,32 : 43.01"
"16,33 : 10.2"
"16,34 : 3.61"
"16,35 : 37.74"
"16,36 : 72.92"
"16,37 : 34.06"
"16,38 : 73.82"
"16,39 : 14.04"
"16,40 : 28.46"
"16,41 : 68.71"
"16,42 : 55.8"
"16,43 : 46.87"
"16,44 : 48.92"
"16,45 : 37.74"
"16,46 : 51.24"
"16,47 : 52.8"
"16,48 : 33.6"
"16,49 : 31.11"
"17,0 : 82.76"
"17,1 : 90.82"
"17,2 : 91.83"
"17,3 : 87.46"
"17,4 : 59.68"
"17,5 : 83.15"
"17,6 : 79.98"
"17,7 : 70.18"
"17,8 : 56.92"
"17,9 : 101.39"
"17,10 : 68.41"
"17,11 : 60.02"
"17,12 : 87.57"
"17,13 : 55.57"
"17,14 : 123.79"
"17,15 : 19.1"
"17,16 : 72.25"
"17,17 : 0.0"
"17,18 : 82.64"
"17,19 : 40.45"
"17,20 : 87.97"
"17,21 : 76.94"
"17,22 : 65.76"
"17,23 : 60.9"
"17,24 : 91.14"
"17,25 : 12.04"
"17,26 : 60.03"
"17,27 : 40.31"
"17,28 : 84.08"
"17,29 : 79.12"
"17,30 : 81.02"
"17,31 : 99.62"
"17,32 : 48.27"
"17,33 : 77.9"
"17,34 : 73.25"
"17,35 : 109.64"
"17,36 : 20.81"
"17,37 : 53.85"
"17,38 : 91.2"
"17,39 : 63.25"
"17,40 : 49.66"
"17,41 : 25.08"
"17,42 : 95.34"
"17,43 : 80.5"
"17,44 : 81.79"
"17,45 : 108.98"
"17,46 : 33.38"
"17,47 : 26.68"
"17,48 : 82.35"
"17,49 : 76.97"
"18,0 : 36.06"
"18,1 : 60.46"
"18,2 : 27.46"
"18,3 : 67.36"
"18,4 : 42.95"
"18,5 : 25.71"
"18,6 : 37.01"
"18,7 : 48.6"
"18,8 : 63.69"
"18,9 : 21.38"
"18,10 : 25.94"
"18,11 : 26.17"
"18,12 : 87.97"
"18,13 : 29.07"
"18,14 : 56.52"
"18,15 : 65.25"
"18,16 : 37.64"
"18,17 : 82.64"
"18,18 : 0.0"
"18,19 : 44.1"
"18,20 : 28.79"
"18,21 : 18.03"
"18,22 : 35.36"
"18,23 : 24.0"
"18,24 : 28.65"
"18,25 : 72.12"
"18,26 : 51.89"
"18,27 : 49.01"
"18,28 : 59.55"
"18,29 : 71.7"
"18,30 : 28.28"
"18,31 : 54.42"
"18,32 : 35.51"
"18,33 : 29.07"
"18,34 : 41.11"
"18,35 : 56.72"
"18,36 : 73.24"
"18,37 : 66.73"
"18,38 : 38.63"
"18,39 : 29.73"
"18,40 : 57.97"
"18,41 : 67.2"
"18,42 : 18.36"
"18,43 : 84.4"
"18,44 : 13.34"
"18,45 : 44.1"
"18,46 : 50.61"
"18,47 : 56.36"
"18,48 : 4.47"
"18,49 : 7.28"
"19,0 : 56.61"
"19,1 : 74.06"
"19,2 : 60.21"
"19,3 : 75.33"
"19,4 : 24.21"
"19,5 : 43.01"
"19,6 : 54.82"
"19,7 : 53.04"
"19,8 : 52.8"
"19,9 : 61.35"
"19,10 : 38.63"
"19,11 : 19.65"
"19,12 : 86.38"
"19,13 : 23.41"
"19,14 : 93.49"
"19,15 : 26.93"
"19,16 : 48.66"
"19,17 : 40.45"
"19,18 : 44.1"
"19,19 : 0.0"
"19,20 : 57.71"
"19,21 : 36.5"
"19,22 : 41.44"
"19,23 : 27.29"
"19,24 : 51.01"
"19,25 : 32.14"
"19,26 : 47.07"
"19,27 : 25.94"
"19,28 : 69.03"
"19,29 : 72.28"
"19,30 : 41.19"
"19,31 : 77.13"
"19,32 : 8.6"
"19,33 : 49.4"
"19,34 : 51.35"
"19,35 : 84.76"
"19,36 : 29.21"
"19,37 : 52.84"
"19,38 : 52.39"
"19,39 : 35.17"
"19,40 : 43.38"
"19,41 : 23.35"
"19,42 : 55.08"
"19,43 : 80.23"
"19,44 : 41.48"
"19,45 : 78.89"
"19,46 : 7.07"
"19,47 : 14.0"
"19,48 : 44.82"
"19,49 : 39.7"
"20,0 : 10.44"
"20,1 : 33.24"
"20,2 : 5.0"
"20,3 : 41.62"
"20,4 : 66.48"
"20,5 : 54.41"
"20,6 : 13.15"
"20,7 : 29.07"
"20,8 : 49.09"
"20,9 : 43.84"
"20,10 : 19.85"
"20,11 : 46.69"
"20,12 : 64.41"
"20,13 : 34.67"
"20,14 : 36.24"
"20,15 : 68.88"
"20,16 : 19.24"
"20,17 : 87.97"
"20,18 : 28.79"
"20,19 : 57.71"
"20,20 : 0.0"
"20,21 : 45.89"
"20,22 : 23.26"
"20,23 : 30.41"
"20,24 : 57.27"
"20,25 : 76.06"
"20,26 : 37.34"
"20,27 : 48.01"
"20,28 : 34.13"
"20,29 : 48.85"
"20,30 : 56.75"
"20,31 : 25.63"
"20,32 : 50.16"
"20,33 : 10.3"
"20,34 : 21.0"
"20,35 : 29.02"
"20,36 : 85.21"
"20,37 : 53.24"
"20,38 : 67.42"
"20,39 : 24.76"
"20,40 : 47.54"
"20,41 : 80.16"
"20,42 : 44.41"
"20,43 : 62.39"
"20,44 : 42.06"
"20,45 : 21.4"
"20,46 : 62.13"
"20,47 : 65.44"
"20,48 : 24.35"
"20,49 : 25.18"
"21,0 : 51.62"
"21,1 : 75.58"
"21,2 : 45.18"
"21,3 : 81.3"
"21,4 : 27.02"
"21,5 : 9.9"
"21,6 : 51.89"
"21,7 : 60.44"
"21,8 : 71.61"
"21,9 : 26.08"
"21,10 : 37.2"
"21,11 : 17.03"
"21,12 : 99.9"
"21,13 : 32.25"
"21,14 : 74.33"
"21,15 : 62.01"
"21,16 : 50.48"
"21,17 : 76.94"
"21,18 : 18.03"
"21,19 : 36.5"
"21,20 : 45.89"
"21,21 : 0.0"
"21,22 : 46.1"
"21,23 : 29.21"
"21,24 : 16.55"
"21,25 : 68.07"
"21,26 : 60.96"
"21,27 : 50.92"
"21,28 : 73.57"
"21,29 : 83.74"
"21,30 : 11.18"
"21,31 : 71.31"
"21,32 : 29.02"
"21,33 : 43.86"
"21,34 : 54.08"
"21,35 : 74.43"
"21,36 : 63.69"
"21,37 : 73.78"
"21,38 : 23.43"
"21,39 : 38.9"
"21,40 : 64.14"
"21,41 : 57.38"
"21,42 : 19.24"
"21,43 : 95.46"
"21,44 : 6.4"
"21,45 : 62.13"
"21,46 : 43.57"
"21,47 : 50.36"
"21,48 : 22.02"
"21,49 : 20.88"
"22,0 : 17.03"
"22,1 : 33.14"
"22,2 : 27.86"
"22,3 : 36.4"
"22,4 : 57.49"
"22,5 : 55.97"
"22,6 : 14.42"
"22,7 : 14.42"
"22,8 : 28.86"
"22,9 : 56.08"
"22,10 : 9.43"
"22,11 : 38.28"
"22,12 : 53.81"
"22,13 : 19.1"
"22,14 : 58.14"
"22,15 : 46.69"
"22,16 : 7.28"
"22,17 : 65.76"
"22,18 : 35.36"
"22,19 : 41.44"
"22,20 : 23.26"
"22,21 : 46.1"
"22,22 : 0.0"
"22,23 : 18.38"
"22,24 : 61.55"
"22,25 : 53.74"
"22,26 : 16.76"
"22,27 : 25.46"
"22,28 : 29.12"
"22,29 : 37.64"
"22,30 : 57.01"
"22,31 : 36.06"
"22,32 : 36.01"
"22,33 : 13.0"
"22,34 : 10.0"
"22,35 : 44.78"
"22,36 : 65.74"
"22,37 : 32.39"
"22,38 : 69.53"
"22,39 : 7.62"
"22,40 : 25.08"
"22,41 : 61.47"
"22,42 : 53.71"
"22,43 : 49.58"
"22,44 : 45.34"
"22,45 : 43.42"
"22,46 : 43.97"
"22,47 : 45.62"
"22,48 : 31.78"
"22,49 : 28.3"
"23,0 : 30.27"
"23,1 : 50.99"
"23,2 : 33.02"
"23,3 : 54.78"
"23,4 : 39.46"
"23,5 : 39.05"
"23,6 : 29.02"
"23,7 : 32.65"
"23,8 : 42.44"
"23,9 : 45.18"
"23,10 : 12.04"
"23,11 : 19.92"
"23,12 : 71.4"
"23,13 : 5.39"
"23,14 : 66.29"
"23,15 : 42.54"
"23,16 : 24.52"
"23,17 : 60.9"
"23,18 : 24.0"
"23,19 : 27.29"
"23,20 : 30.41"
"23,21 : 29.21"
"23,22 : 18.38"
"23,23 : 0.0"
"23,24 : 45.49"
"23,25 : 49.66"
"23,26 : 31.83"
"23,27 : 25.02"
"23,28 : 47.43"
"23,29 : 55.47"
"23,30 : 39.6"
"23,31 : 51.24"
"23,32 : 19.92"
"23,33 : 22.56"
"23,34 : 27.89"
"23,35 : 57.97"
"23,36 : 55.32"
"23,37 : 44.78"
"23,38 : 52.35"
"23,39 : 10.77"
"23,40 : 35.34"
"23,41 : 50.0"
"23,42 : 41.0"
"23,43 : 66.6"
"23,44 : 29.97"
"23,45 : 51.62"
"23,46 : 32.02"
"23,47 : 36.12"
"23,48 : 22.36"
"23,49 : 17.12"
"24,0 : 64.66"
"24,1 : 89.04"
"24,2 : 55.36"
"24,3 : 95.6"
"24,4 : 34.93"
"24,5 : 8.0"
"24,6 : 65.46"
"24,7 : 75.66"
"24,8 : 87.92"
"24,9 : 22.14"
"24,10 : 52.33"
"24,11 : 32.56"
"24,12 : 115.26"
"24,13 : 48.76"
"24,14 : 80.01"
"24,15 : 77.41"
"24,16 : 65.19"
"24,17 : 91.14"
"24,18 : 28.65"
"24,19 : 51.01"
"24,20 : 57.27"
"24,21 : 16.55"
"24,22 : 61.55"
"24,23 : 45.49"
"24,24 : 0.0"
"24,25 : 83.1"
"24,26 : 77.01"
"24,27 : 67.42"
"24,28 : 87.8"
"24,29 : 99.01"
"24,30 : 10.44"
"24,31 : 82.86"
"24,32 : 44.41"
"24,33 : 57.43"
"24,34 : 68.77"
"24,35 : 84.2"
"24,36 : 75.93"
"24,37 : 90.21"
"24,38 : 11.0"
"24,39 : 54.67"
"24,40 : 80.62"
"24,41 : 69.63"
"24,42 : 16.12"
"24,43 : 111.13"
"24,44 : 16.28"
"24,45 : 69.87"
"24,46 : 58.0"
"24,47 : 65.01"
"24,48 : 33.12"
"24,49 : 34.21"
"25,0 : 70.72"
"25,1 : 79.16"
"25,2 : 80.0"
"25,3 : 76.22"
"25,4 : 54.08"
"25,5 : 75.11"
"25,6 : 67.94"
"25,7 : 58.31"
"25,8 : 46.1"
"25,9 : 91.59"
"25,10 : 56.61"
"25,11 : 51.04"
"25,12 : 78.03"
"25,13 : 44.28"
"25,14 : 111.8"
"25,15 : 7.21"
"25,16 : 60.21"
"25,17 : 12.04"
"25,18 : 72.12"
"25,19 : 32.14"
"25,20 : 76.06"
"25,21 : 68.07"
"25,22 : 53.74"
"25,23 : 49.66"
"25,24 : 83.1"
"25,25 : 0.0"
"25,26 : 48.3"
"25,27 : 28.28"
"25,28 : 72.5"
"25,29 : 68.45"
"25,30 : 73.33"
"25,31 : 87.66"
"25,32 : 39.05"
"25,33 : 65.95"
"25,34 : 61.22"
"25,35 : 97.62"
"25,36 : 22.85"
"25,37 : 43.42"
"25,38 : 84.34"
"25,39 : 51.4"
"25,40 : 38.28"
"25,41 : 24.21"
"25,42 : 85.84"
"25,43 : 71.01"
"25,44 : 72.44"
"25,45 : 97.0"
"25,46 : 25.32"
"25,47 : 18.25"
"25,48 : 71.51"
"25,49 : 66.13"
"26,0 : 28.16"
"26,1 : 30.87"
"26,2 : 42.3"
"26,3 : 29.15"
"26,4 : 67.54"
"26,5 : 70.84"
"26,6 : 25.0"
"26,7 : 10.63"
"26,8 : 12.17"
"26,9 : 72.8"
"26,10 : 26.0"
"26,11 : 50.22"
"26,12 : 40.31"
"26,13 : 30.0"
"26,14 : 68.48"
"26,15 : 42.15"
"26,16 : 18.11"
"26,17 : 60.03"
"26,18 : 51.89"
"26,19 : 47.07"
"26,20 : 37.34"
"26,21 : 60.96"
"26,22 : 16.76"
"26,23 : 31.83"
"26,24 : 77.01"
"26,25 : 48.3"
"26,26 : 0.0"
"26,27 : 23.09"
"26,28 : 24.35"
"26,29 : 25.3"
"26,30 : 71.42"
"26,31 : 40.31"
"26,32 : 44.38"
"26,33 : 28.0"
"26,34 : 16.76"
"26,35 : 50.99"
"26,36 : 65.31"
"26,37 : 16.0"
"26,38 : 84.17"
"26,39 : 22.47"
"26,40 : 11.4"
"26,41 : 62.39"
"26,42 : 70.21"
"26,43 : 35.0"
"26,44 : 61.03"
"26,45 : 54.63"
"26,46 : 47.1"
"26,47 : 46.17"
"26,48 : 48.47"
"26,49 : 44.72"
"27,0 : 42.45"
"27,1 : 53.16"
"27,2 : 52.15"
"27,3 : 52.24"
"27,4 : 49.04"
"27,5 : 60.01"
"27,6 : 39.7"
"27,7 : 31.62"
"27,8 : 26.93"
"27,9 : 70.06"
"27,10 : 29.07"
"27,11 : 35.85"
"27,12 : 60.73"
"27,13 : 20.02"
"27,14 : 83.55"
"27,15 : 21.26"
"27,16 : 32.02"
"27,17 : 40.31"
"27,18 : 49.01"
"27,19 : 25.94"
"27,20 : 48.01"
"27,21 : 50.92"
"27,22 : 25.46"
"27,23 : 25.02"
"27,24 : 67.42"
"27,25 : 28.28"
"27,26 : 23.09"
"27,27 : 0.0"
"27,28 : 47.07"
"27,29 : 47.38"
"27,30 : 59.48"
"27,31 : 60.03"
"27,32 : 26.17"
"27,33 : 37.8"
"27,34 : 33.29"
"27,35 : 69.63"
"27,36 : 42.45"
"27,37 : 26.93"
"27,38 : 72.07"
"27,39 : 23.71"
"27,40 : 17.46"
"27,41 : 39.32"
"27,42 : 65.49"
"27,43 : 54.42"
"27,44 : 53.37"
"27,45 : 68.77"
"27,46 : 24.52"
"27,47 : 23.09"
"27,48 : 47.27"
"27,49 : 42.11"
"28,0 : 24.21"
"28,1 : 7.07"
"28,2 : 38.47"
"28,3 : 7.81"
"28,4 : 86.59"
"28,5 : 83.22"
"28,6 : 22.63"
"28,7 : 16.0"
"28,8 : 29.0"
"28,9 : 77.47"
"28,10 : 36.67"
"28,11 : 67.36"
"28,12 : 30.46"
"28,13 : 48.05"
"28,14 : 52.95"
"28,15 : 66.48"
"28,16 : 23.26"
"28,17 : 84.08"
"28,18 : 59.55"
"28,19 : 69.03"
"28,20 : 34.13"
"28,21 : 73.57"
"28,22 : 29.12"
"28,23 : 47.43"
"28,24 : 87.8"
"28,25 : 72.5"
"28,26 : 24.35"
"28,27 : 47.07"
"28,28 : 0.0"
"28,29 : 16.03"
"28,30 : 84.72"
"28,31 : 20.88"
"28,32 : 64.63"
"28,33 : 30.48"
"28,34 : 19.7"
"28,35 : 31.95"
"28,36 : 89.5"
"28,37 : 33.24"
"28,38 : 96.8"
"28,39 : 36.69"
"28,40 : 34.48"
"28,41 : 86.31"
"28,42 : 77.08"
"28,43 : 29.43"
"28,44 : 71.61"
"28,45 : 42.01"
"28,46 : 70.18"
"28,47 : 70.04"
"28,48 : 55.23"
"28,49 : 53.6"
"29,0 : 38.48"
"29,1 : 21.38"
"29,2 : 53.49"
"29,3 : 12.08"
"29,4 : 92.7"
"29,5 : 93.61"
"29,6 : 36.24"
"29,7 : 23.35"
"29,8 : 22.36"
"29,9 : 90.97"
"29,10 : 46.69"
"29,11 : 74.79"
"29,12 : 16.28"
"29,13 : 54.59"
"29,14 : 68.59"
"29,15 : 63.51"
"29,16 : 34.06"
"29,17 : 79.12"
"29,18 : 71.7"
"29,19 : 72.28"
"29,20 : 48.85"
"29,21 : 83.74"
"29,22 : 37.64"
"29,23 : 55.47"
"29,24 : 99.01"
"29,25 : 68.45"
"29,26 : 25.3"
"29,27 : 47.38"
"29,28 : 16.03"
"29,29 : 0.0"
"29,30 : 94.64"
"29,31 : 36.35"
"29,32 : 69.64"
"29,33 : 43.27"
"29,34 : 30.61"
"29,35 : 47.07"
"29,36 : 88.14"
"29,37 : 25.3"
"29,38 : 107.17"
"29,39 : 45.0"
"29,40 : 31.02"
"29,41 : 86.01"
"29,42 : 89.81"
"29,43 : 13.6"
"29,44 : 82.73"
"29,45 : 58.03"
"29,46 : 71.85"
"29,47 : 70.11"
"29,48 : 67.62"
"29,49 : 65.12"
"30,0 : 62.77"
"30,1 : 86.76"
"30,2 : 55.73"
"30,3 : 92.44"
"30,4 : 24.6"
"30,5 : 3.61"
"30,6 : 63.07"
"30,7 : 71.4"
"30,8 : 81.69"
"30,9 : 29.41"
"30,10 : 48.26"
"30,11 : 23.77"
"30,12 : 110.75"
"30,13 : 42.01"
"30,14 : 83.49"
"30,15 : 67.9"
"30,16 : 61.59"
"30,17 : 81.02"
"30,18 : 28.28"
"30,19 : 41.19"
"30,20 : 56.75"
"30,21 : 11.18"
"30,22 : 57.01"
"30,23 : 39.6"
"30,24 : 10.44"
"30,25 : 73.33"
"30,26 : 71.42"
"30,27 : 59.48"
"30,28 : 84.72"
"30,29 : 94.64"
"30,30 : 0.0"
"30,31 : 82.28"
"30,32 : 35.17"
"30,33 : 55.04"
"30,34 : 65.19"
"30,35 : 85.0"
"30,36 : 65.51"
"30,37 : 83.6"
"30,38 : 12.81"
"30,39 : 49.68"
"30,40 : 73.82"
"30,41 : 59.23"
"30,42 : 22.47"
"30,43 : 106.15"
"30,44 : 15.03"
"30,45 : 72.01"
"30,46 : 48.09"
"30,47 : 55.15"
"30,48 : 32.56"
"30,49 : 31.95"
"31,0 : 21.02"
"31,1 : 15.03"
"31,2 : 27.78"
"31,3 : 25.0"
"31,4 : 90.01"
"31,5 : 80.01"
"31,6 : 22.36"
"31,7 : 29.73"
"31,8 : 48.26"
"31,9 : 68.01"
"31,10 : 39.2"
"31,11 : 70.01"
"31,12 : 48.37"
"31,13 : 53.94"
"31,14 : 32.25"
"31,15 : 80.99"
"31,16 : 28.79"
"31,17 : 99.62"
"31,18 : 54.42"
"31,19 : 77.13"
"31,20 : 25.63"
"31,21 : 71.31"
"31,22 : 36.06"
"31,23 : 51.24"
"31,24 : 82.86"
"31,25 : 87.66"
"31,26 : 40.31"
"31,27 : 60.03"
"31,28 : 20.88"
"31,29 : 36.35"
"31,30 : 82.28"
"31,31 : 0.0"
"31,32 : 70.86"
"31,33 : 29.0"
"31,34 : 26.83"
"31,35 : 11.18"
"31,36 : 101.64"
"31,37 : 52.7"
"31,38 : 93.05"
"31,39 : 41.98"
"31,40 : 51.62"
"31,41 : 97.5"
"31,42 : 69.46"
"31,43 : 49.01"
"31,44 : 67.68"
"31,45 : 23.09"
"31,46 : 80.01"
"31,47 : 81.54"
"31,48 : 49.98"
"31,49 : 50.45"
"32,0 : 50.01"
"32,1 : 69.12"
"32,2 : 52.35"
"32,3 : 71.39"
"32,4 : 23.32"
"32,5 : 36.5"
"32,6 : 48.51"
"32,7 : 48.84"
"32,8 : 51.87"
"32,9 : 53.16"
"32,10 : 31.78"
"32,11 : 12.0"
"32,12 : 84.53"
"32,13 : 17.03"
"32,14 : 85.59"
"32,15 : 33.06"
"32,16 : 43.01"
"32,17 : 48.27"
"32,18 : 35.51"
"32,19 : 8.6"
"32,20 : 50.16"
"32,21 : 29.02"
"32,22 : 36.01"
"32,23 : 19.92"
"32,24 : 44.41"
"32,25 : 39.05"
"32,26 : 44.38"
"32,27 : 26.17"
"32,28 : 64.63"
"32,29 : 69.64"
"32,30 : 35.17"
"32,31 : 70.86"
"32,32 : 0.0"
"32,33 : 42.45"
"32,34 : 46.01"
"32,35 : 77.88"
"32,36 : 37.8"
"32,37 : 52.63"
"32,38 : 47.17"
"32,39 : 29.07"
"32,40 : 42.8"
"32,41 : 31.89"
"32,42 : 47.07"
"32,43 : 78.77"
"32,44 : 33.54"
"32,45 : 71.12"
"32,46 : 15.23"
"32,47 : 21.59"
"32,48 : 36.24"
"32,49 : 31.14"
"33,0 : 8.06"
"33,1 : 31.76"
"33,2 : 14.87"
"33,3 : 38.29"
"33,4 : 61.01"
"33,5 : 53.24"
"33,6 : 8.06"
"33,7 : 21.19"
"33,8 : 40.05"
"33,9 : 47.71"
"33,10 : 10.77"
"33,11 : 41.01"
"33,12 : 59.41"
"33,13 : 26.0"
"33,14 : 45.97"
"33,15 : 58.8"
"33,16 : 10.2"
"33,17 : 77.9"
"33,18 : 29.07"
"33,19 : 49.4"
"33,20 : 10.3"
"33,21 : 43.86"
"33,22 : 13.0"
"33,23 : 22.56"
"33,24 : 57.43"
"33,25 : 65.95"
"33,26 : 28.0"
"33,27 : 37.8"
"33,28 : 30.48"
"33,29 : 43.27"
"33,30 : 55.04"
"33,31 : 29.0"
"33,32 : 42.45"
"33,33 : 0.0"
"33,34 : 13.0"
"33,35 : 35.44"
"33,36 : 76.01"
"33,37 : 44.0"
"33,38 : 66.73"
"33,39 : 15.0"
"33,40 : 37.66"
"33,41 : 71.2"
"33,42 : 46.75"
"33,43 : 56.44"
"33,44 : 41.34"
"33,45 : 31.11"
"33,46 : 53.24"
"33,47 : 56.04"
"33,48 : 24.76"
"33,49 : 23.32"
"34,0 : 11.4"
"34,1 : 23.19"
"34,2 : 26.0"
"34,3 : 27.29"
"34,4 : 67.27"
"34,5 : 63.82"
"34,6 : 8.25"
"34,7 : 8.25"
"34,8 : 28.16"
"34,9 : 60.54"
"34,10 : 17.0"
"34,11 : 47.8"
"34,12 : 46.86"
"34,13 : 29.07"
"34,14 : 52.15"
"34,15 : 54.41"
"34,16 : 3.61"
"34,17 : 73.25"
"34,18 : 41.11"
"34,19 : 51.35"
"34,20 : 21.0"
"34,21 : 54.08"
"34,22 : 10.0"
"34,23 : 27.89"
"34,24 : 68.77"
"34,25 : 61.22"
"34,26 : 16.76"
"34,27 : 33.29"
"34,28 : 19.7"
"34,29 : 30.61"
"34,30 : 65.19"
"34,31 : 26.83"
"34,32 : 46.01"
"34,33 : 13.0"
"34,34 : 0.0"
"34,35 : 36.4"
"34,36 : 74.85"
"34,37 : 32.39"
"34,38 : 77.42"
"34,39 : 17.26"
"34,40 : 27.73"
"34,41 : 70.84"
"34,42 : 59.2"
"34,43 : 43.57"
"34,44 : 52.5"
"34,45 : 38.01"
"34,46 : 53.6"
"34,47 : 54.78"
"34,48 : 37.01"
"34,49 : 34.66"
"35,0 : 28.23"
"35,1 : 25.71"
"35,2 : 29.27"
"35,3 : 35.36"
"35,4 : 95.43"
"35,5 : 82.38"
"35,6 : 30.41"
"35,7 : 40.36"
"35,8 : 59.36"
"35,9 : 67.08"
"35,10 : 46.17"
"35,11 : 75.54"
"35,12 : 58.01"
"35,13 : 61.35"
"35,14 : 22.02"
"35,15 : 90.8"
"35,16 : 37.74"
"35,17 : 109.64"
"35,18 : 56.72"
"35,19 : 84.76"
"35,20 : 29.02"
"35,21 : 74.43"
"35,22 : 44.78"
"35,23 : 57.97"
"35,24 : 84.2"
"35,25 : 97.62"
"35,26 : 50.99"
"35,27 : 69.63"
"35,28 : 31.95"
"35,29 : 47.07"
"35,30 : 85.0"
"35,31 : 11.18"
"35,32 : 77.88"
"35,33 : 35.44"
"35,34 : 36.4"
"35,35 : 0.0"
"35,36 : 110.48"
"35,37 : 63.81"
"35,38 : 94.83"
"35,39 : 49.77"
"35,40 : 62.37"
"35,41 : 106.02"
"35,42 : 69.64"
"35,43 : 59.3"
"35,44 : 70.04"
"35,45 : 16.97"
"35,46 : 88.24"
"35,47 : 90.35"
"35,48 : 52.47"
"35,49 : 54.04"
"36,0 : 82.37"
"36,1 : 95.6"
"36,2 : 88.24"
"36,3 : 94.37"
"36,4 : 42.11"
"36,5 : 68.15"
"36,6 : 80.06"
"36,7 : 74.04"
"36,8 : 66.01"
"36,9 : 89.47"
"36,10 : 65.46"
"36,11 : 47.89"
"36,12 : 99.25"
"36,13 : 50.61"
"36,14 : 121.4"
"36,15 : 25.18"
"36,16 : 72.92"
"36,17 : 20.81"
"36,18 : 73.24"
"36,19 : 29.21"
"36,20 : 85.21"
"36,21 : 63.69"
"36,22 : 65.74"
"36,23 : 55.32"
"36,24 : 75.93"
"36,25 : 22.85"
"36,26 : 65.31"
"36,27 : 42.45"
"36,28 : 89.5"
"36,29 : 88.14"
"36,30 : 65.51"
"36,31 : 101.64"
"36,32 : 37.8"
"36,33 : 76.01"
"36,34 : 74.85"
"36,35 : 110.48"
"36,36 : 0.0"
"36,37 : 64.07"
"36,38 : 74.24"
"36,39 : 61.06"
"36,40 : 57.14"
"36,41 : 6.32"
"36,42 : 82.86"
"36,43 : 92.35"
"36,44 : 69.35"
"36,45 : 106.61"
"36,46 : 23.35"
"36,47 : 20.12"
"36,48 : 74.03"
"36,49 : 68.88"
"37,0 : 43.74"
"37,1 : 40.31"
"37,2 : 58.22"
"37,3 : 34.67"
"37,4 : 75.8"
"37,5 : 83.49"
"37,6 : 40.61"
"37,7 : 25.0"
"37,8 : 4.47"
"37,9 : 87.93"
"37,10 : 41.23"
"37,11 : 60.88"
"37,12 : 35.23"
"37,13 : 41.62"
"37,14 : 82.86"
"37,15 : 39.0"
"37,16 : 34.06"
"37,17 : 53.85"
"37,18 : 66.73"
"37,19 : 52.84"
"37,20 : 53.24"
"37,21 : 73.78"
"37,22 : 32.39"
"37,23 : 44.78"
"37,24 : 90.21"
"37,25 : 43.42"
"37,26 : 16.0"
"37,27 : 26.93"
"37,28 : 33.24"
"37,29 : 25.3"
"37,30 : 83.6"
"37,31 : 52.7"
"37,32 : 52.63"
"37,33 : 44.0"
"37,34 : 32.39"
"37,35 : 63.81"
"37,36 : 64.07"
"37,37 : 0.0"
"37,38 : 96.4"
"37,39 : 37.0"
"37,40 : 9.9"
"37,41 : 62.65"
"37,42 : 84.86"
"37,43 : 28.44"
"37,44 : 74.71"
"37,45 : 69.57"
"37,46 : 50.7"
"37,47 : 47.54"
"37,48 : 63.6"
"37,49 : 59.46"
"38,0 : 74.24"
"38,1 : 98.49"
"38,2 : 65.8"
"38,3 : 104.56"
"38,4 : 32.14"
"38,5 : 13.6"
"38,6 : 74.79"
"38,7 : 83.87"
"38,8 : 94.49"
"38,9 : 32.76"
"38,10 : 60.61"
"38,11 : 36.24"
"38,12 : 123.33"
"38,13 : 54.82"
"38,14 : 91.01"
"38,15 : 79.31"
"38,16 : 73.82"
"38,17 : 91.2"
"38,18 : 38.63"
"38,19 : 52.39"
"38,20 : 67.42"
"38,21 : 23.43"
"38,22 : 69.53"
"38,23 : 52.35"
"38,24 : 11.0"
"38,25 : 84.34"
"38,26 : 84.17"
"38,27 : 72.07"
"38,28 : 96.8"
"38,29 : 107.17"
"38,30 : 12.81"
"38,31 : 93.05"
"38,32 : 47.17"
"38,33 : 66.73"
"38,34 : 77.42"
"38,35 : 94.83"
"38,36 : 74.24"
"38,37 : 96.4"
"38,38 : 0.0"
"38,39 : 62.29"
"38,40 : 86.61"
"38,41 : 68.12"
"38,42 : 27.07"
"38,43 : 118.83"
"38,44 : 25.5"
"38,45 : 80.75"
"38,46 : 59.03"
"38,47 : 66.1"
"38,48 : 43.08"
"38,49 : 43.42"
"39,0 : 21.54"
"39,1 : 40.45"
"39,2 : 28.6"
"39,3 : 44.01"
"39,4 : 50.01"
"39,5 : 48.8"
"39,6 : 19.65"
"39,7 : 21.95"
"39,8 : 34.01"
"39,9 : 50.96"
"39,10 : 5.39"
"39,11 : 30.68"
"39,12 : 61.07"
"39,13 : 12.04"
"39,14 : 60.88"
"39,15 : 44.2"
"39,16 : 14.04"
"39,17 : 63.25"
"39,18 : 29.73"
"39,19 : 35.17"
"39,20 : 24.76"
"39,21 : 38.9"
"39,22 : 7.62"
"39,23 : 10.77"
"39,24 : 54.67"
"39,25 : 51.4"
"39,26 : 22.47"
"39,27 : 23.71"
"39,28 : 36.69"
"39,29 : 45.0"
"39,30 : 49.68"
"39,31 : 41.98"
"39,32 : 29.07"
"39,33 : 15.0"
"39,34 : 17.26"
"39,35 : 49.77"
"39,36 : 61.06"
"39,37 : 37.0"
"39,38 : 62.29"
"39,39 : 0.0"
"39,40 : 28.44"
"39,41 : 56.36"
"39,42 : 47.93"
"39,43 : 56.57"
"39,44 : 38.6"
"39,45 : 46.01"
"39,46 : 38.48"
"39,47 : 41.05"
"39,48 : 26.68"
"39,49 : 22.47"
"40,0 : 39.0"
"40,1 : 41.34"
"40,2 : 52.39"
"40,3 : 37.95"
"40,4 : 66.03"
"40,5 : 73.78"
"40,6 : 35.85"
"40,7 : 22.02"
"40,8 : 9.49"
"40,9 : 79.31"
"40,10 : 33.14"
"40,11 : 50.99"
"40,12 : 43.42"
"40,13 : 31.91"
"40,14 : 79.76"
"40,15 : 32.76"
"40,16 : 28.46"
"40,17 : 49.66"
"40,18 : 57.97"
"40,19 : 43.38"
"40,20 : 47.54"
"40,21 : 64.14"
"40,22 : 25.08"
"40,23 : 35.34"
"40,24 : 80.62"
"40,25 : 38.28"
"40,26 : 11.4"
"40,27 : 17.46"
"40,28 : 34.48"
"40,29 : 31.02"
"40,30 : 73.82"
"40,31 : 51.62"
"40,32 : 42.8"
"40,33 : 37.66"
"40,34 : 27.73"
"40,35 : 62.37"
"40,36 : 57.14"
"40,37 : 9.9"
"40,38 : 86.61"
"40,39 : 28.44"
"40,40 : 0.0"
"40,41 : 55.04"
"40,42 : 75.89"
"40,43 : 37.0"
"40,44 : 65.31"
"40,45 : 65.74"
"40,46 : 41.76"
"40,47 : 39.32"
"40,48 : 55.11"
"40,49 : 50.7"
"41,0 : 77.82"
"41,1 : 92.2"
"41,2 : 83.01"
"41,3 : 91.55"
"41,4 : 36.01"
"41,5 : 61.85"
"41,6 : 75.64"
"41,7 : 70.61"
"41,8 : 64.2"
"41,9 : 83.19"
"41,10 : 60.54"
"41,11 : 41.68"
"41,12 : 97.87"
"41,13 : 45.49"
"41,14 : 116.25"
"41,15 : 24.7"
"41,16 : 68.71"
"41,17 : 25.08"
"41,18 : 67.2"
"41,19 : 23.35"
"41,20 : 80.16"
"41,21 : 57.38"
"41,22 : 61.47"
"41,23 : 50.0"
"41,24 : 69.63"
"41,25 : 24.21"
"41,26 : 62.39"
"41,27 : 39.32"
"41,28 : 86.31"
"41,29 : 86.01"
"41,30 : 59.23"
"41,31 : 97.5"
"41,32 : 31.89"
"41,33 : 71.2"
"41,34 : 70.84"
"41,35 : 106.02"
"41,36 : 6.32"
"41,37 : 62.65"
"41,38 : 68.12"
"41,39 : 56.36"
"41,40 : 55.04"
"41,41 : 0.0"
"41,42 : 76.56"
"41,43 : 91.08"
"41,44 : 63.07"
"41,45 : 101.51"
"41,46 : 18.03"
"41,47 : 16.28"
"41,48 : 68.12"
"41,49 : 63.03"
"42,0 : 53.08"
"42,1 : 77.34"
"42,2 : 41.68"
"42,3 : 84.85"
"42,4 : 45.34"
"42,5 : 18.87"
"42,6 : 54.45"
"42,7 : 66.85"
"42,8 : 81.94"
"42,9 : 7.07"
"42,10 : 44.29"
"42,11 : 35.44"
"42,12 : 106.04"
"42,13 : 45.54"
"42,14 : 64.07"
"42,15 : 79.4"
"42,16 : 55.8"
"42,17 : 95.34"
"42,18 : 18.36"
"42,19 : 55.08"
"42,20 : 44.41"
"42,21 : 19.24"
"42,22 : 53.71"
"42,23 : 41.0"
"42,24 : 16.12"
"42,25 : 85.84"
"42,26 : 70.21"
"42,27 : 65.49"
"42,28 : 77.08"
"42,29 : 89.81"
"42,30 : 22.47"
"42,31 : 69.46"
"42,32 : 47.07"
"42,33 : 46.75"
"42,34 : 59.2"
"42,35 : 69.64"
"42,36 : 82.86"
"42,37 : 84.86"
"42,38 : 27.07"
"42,39 : 47.93"
"42,40 : 75.89"
"42,41 : 76.56"
"42,42 : 0.0"
"42,43 : 102.65"
"42,44 : 13.6"
"42,45 : 54.57"
"42,46 : 62.1"
"42,47 : 68.66"
"42,48 : 22.2"
"42,49 : 25.5"
"43,0 : 52.0"
"43,1 : 34.0"
"43,2 : 67.07"
"43,3 : 24.02"
"43,4 : 102.08"
"43,5 : 105.36"
"43,6 : 49.66"
"43,7 : 35.81"
"43,8 : 27.51"
"43,9 : 104.1"
"43,10 : 58.9"
"43,11 : 85.21"
"43,12 : 7.07"
"43,13 : 65.0"
"43,14 : 81.15"
"43,15 : 67.19"
"43,16 : 46.87"
"43,17 : 80.5"
"43,18 : 84.4"
"43,19 : 80.23"
"43,20 : 62.39"
"43,21 : 95.46"
"43,22 : 49.58"
"43,23 : 66.6"
"43,24 : 111.13"
"43,25 : 71.01"
"43,26 : 35.0"
"43,27 : 54.42"
"43,28 : 29.43"
"43,29 : 13.6"
"43,30 : 106.15"
"43,31 : 49.01"
"43,32 : 78.77"
"43,33 : 56.44"
"43,34 : 43.57"
"43,35 : 59.3"
"43,36 : 92.35"
"43,37 : 28.44"
"43,38 : 118.83"
"43,39 : 56.57"
"43,40 : 37.0"
"43,41 : 91.08"
"43,42 : 102.65"
"43,43 : 0.0"
"43,44 : 94.92"
"43,45 : 71.25"
"43,46 : 78.75"
"43,47 : 75.93"
"43,48 : 80.45"
"43,49 : 77.62"
"44,0 : 48.76"
"44,1 : 73.06"
"44,2 : 40.79"
"44,3 : 79.4"
"44,4 : 33.42"
"44,5 : 12.37"
"44,6 : 49.4"
"44,7 : 59.4"
"44,8 : 72.2"
"44,9 : 20.12"
"44,10 : 36.07"
"44,11 : 21.84"
"44,12 : 98.99"
"44,13 : 33.84"
"44,14 : 68.73"
"44,15 : 66.12"
"44,16 : 48.92"
"44,17 : 81.79"
"44,18 : 13.34"
"44,19 : 41.48"
"44,20 : 42.06"
"44,21 : 6.4"
"44,22 : 45.34"
"44,23 : 29.97"
"44,24 : 16.28"
"44,25 : 72.44"
"44,26 : 61.03"
"44,27 : 53.37"
"44,28 : 71.61"
"44,29 : 82.73"
"44,30 : 15.03"
"44,31 : 67.68"
"44,32 : 33.54"
"44,33 : 41.34"
"44,34 : 52.5"
"44,35 : 70.04"
"44,36 : 69.35"
"44,37 : 74.71"
"44,38 : 25.5"
"44,39 : 38.6"
"44,40 : 65.31"
"44,41 : 63.07"
"44,42 : 13.6"
"44,43 : 94.92"
"44,44 : 0.0"
"44,45 : 57.0"
"44,46 : 48.51"
"44,47 : 55.11"
"44,48 : 17.72"
"44,49 : 18.03"
"45,0 : 26.93"
"45,1 : 37.48"
"45,2 : 18.79"
"45,3 : 47.52"
"45,4 : 85.62"
"45,5 : 69.07"
"45,6 : 30.02"
"45,7 : 44.6"
"45,8 : 65.15"
"45,9 : 51.26"
"45,10 : 41.23"
"45,11 : 66.41"
"45,12 : 71.2"
"45,13 : 56.04"
"45,14 : 14.87"
"45,15 : 89.87"
"45,16 : 37.74"
"45,17 : 108.98"
"45,18 : 44.1"
"45,19 : 78.89"
"45,20 : 21.4"
"45,21 : 62.13"
"45,22 : 43.42"
"45,23 : 51.62"
"45,24 : 69.87"
"45,25 : 97.0"
"45,26 : 54.63"
"45,27 : 68.77"
"45,28 : 42.01"
"45,29 : 58.03"
"45,30 : 72.01"
"45,31 : 23.09"
"45,32 : 71.12"
"45,33 : 31.11"
"45,34 : 38.01"
"45,35 : 16.97"
"45,36 : 106.61"
"45,37 : 69.57"
"45,38 : 80.75"
"45,39 : 46.01"
"45,40 : 65.74"
"45,41 : 101.51"
"45,42 : 54.57"
"45,43 : 71.25"
"45,44 : 57.0"
"45,45 : 0.0"
"45,46 : 83.49"
"45,47 : 86.83"
"45,48 : 40.31"
"45,49 : 43.17"
"46,0 : 60.01"
"46,1 : 75.66"
"46,2 : 65.0"
"46,3 : 76.0"
"46,4 : 29.53"
"46,5 : 50.0"
"46,6 : 57.94"
"46,7 : 54.23"
"46,8 : 51.24"
"46,9 : 68.31"
"46,10 : 42.54"
"46,11 : 26.68"
"46,12 : 85.16"
"46,13 : 27.46"
"46,14 : 98.23"
"46,15 : 20.62"
"46,16 : 51.24"
"46,17 : 33.38"
"46,18 : 50.61"
"46,19 : 7.07"
"46,20 : 62.13"
"46,21 : 43.57"
"46,22 : 43.97"
"46,23 : 32.02"
"46,24 : 58.0"
"46,25 : 25.32"
"46,26 : 47.1"
"46,27 : 24.52"
"46,28 : 70.18"
"46,29 : 71.85"
"46,30 : 48.09"
"46,31 : 80.01"
"46,32 : 15.23"
"46,33 : 53.24"
"46,34 : 53.6"
"46,35 : 88.24"
"46,36 : 23.35"
"46,37 : 50.7"
"46,38 : 59.03"
"46,39 : 38.48"
"46,40 : 41.76"
"46,41 : 18.03"
"46,42 : 62.1"
"46,43 : 78.75"
"46,44 : 48.51"
"46,45 : 83.49"
"46,46 : 0.0"
"46,47 : 7.07"
"46,48 : 51.04"
"46,49 : 45.8"
"47,0 : 62.27"
"47,1 : 75.93"
"47,2 : 68.68"
"47,3 : 75.33"
"47,4 : 36.25"
"47,5 : 57.01"
"47,6 : 59.94"
"47,7 : 54.34"
"47,8 : 48.66"
"47,9 : 74.73"
"47,10 : 45.61"
"47,11 : 33.38"
"47,12 : 82.57"
"47,13 : 31.11"
"47,14 : 101.67"
"47,15 : 13.89"
"47,16 : 52.8"
"47,17 : 26.68"
"47,18 : 56.36"
"47,19 : 14.0"
"47,20 : 65.44"
"47,21 : 50.36"
"47,22 : 45.62"
"47,23 : 36.12"
"47,24 : 65.01"
"47,25 : 18.25"
"47,26 : 46.17"
"47,27 : 23.09"
"47,28 : 70.04"
"47,29 : 70.11"
"47,30 : 55.15"
"47,31 : 81.54"
"47,32 : 21.59"
"47,33 : 56.04"
"47,34 : 54.78"
"47,35 : 90.35"
"47,36 : 20.12"
"47,37 : 47.54"
"47,38 : 66.1"
"47,39 : 41.05"
"47,40 : 39.32"
"47,41 : 16.28"
"47,42 : 68.66"
"47,43 : 75.93"
"47,44 : 55.11"
"47,45 : 86.83"
"47,46 : 7.07"
"47,47 : 0.0"
"47,48 : 56.44"
"47,49 : 51.11"
"48,0 : 31.62"
"48,1 : 56.04"
"48,2 : 23.19"
"48,3 : 63.03"
"48,4 : 45.88"
"48,5 : 30.08"
"48,6 : 32.65"
"48,7 : 44.65"
"48,8 : 60.41"
"48,9 : 24.35"
"48,10 : 22.47"
"48,11 : 28.02"
"48,12 : 83.87"
"48,13 : 27.66"
"48,14 : 53.16"
"48,15 : 64.51"
"48,16 : 33.6"
"48,17 : 82.35"
"48,18 : 4.47"
"48,19 : 44.82"
"48,20 : 24.35"
"48,21 : 22.02"
"48,22 : 31.78"
"48,23 : 22.36"
"48,24 : 33.12"
"48,25 : 71.51"
"48,26 : 48.47"
"48,27 : 47.27"
"48,28 : 55.23"
"48,29 : 67.62"
"48,30 : 32.56"
"48,31 : 49.98"
"48,32 : 36.24"
"48,33 : 24.76"
"48,34 : 37.01"
"48,35 : 52.47"
"48,36 : 74.03"
"48,37 : 63.6"
"48,38 : 43.08"
"48,39 : 26.68"
"48,40 : 55.11"
"48,41 : 68.12"
"48,42 : 22.2"
"48,43 : 80.45"
"48,44 : 17.72"
"48,45 : 40.31"
"48,46 : 51.04"
"48,47 : 56.44"
"48,48 : 0.0"
"48,49 : 5.39"
"49,0 : 30.87"
"49,1 : 55.07"
"49,2 : 25.08"
"49,3 : 61.4"
"49,4 : 42.45"
"49,5 : 29.97"
"49,6 : 31.38"
"49,7 : 41.87"
"49,8 : 56.46"
"49,9 : 28.64"
"49,10 : 18.87"
"49,11 : 23.71"
"49,12 : 81.39"
"49,13 : 22.36"
"49,14 : 56.65"
"49,15 : 59.14"
"49,16 : 31.11"
"49,17 : 76.97"
"49,18 : 7.28"
"49,19 : 39.7"
"49,20 : 25.18"
"49,21 : 20.88"
"49,22 : 28.3"
"49,23 : 17.12"
"49,24 : 34.21"
"49,25 : 66.13"
"49,26 : 44.72"
"49,27 : 42.11"
"49,28 : 53.6"
"49,29 : 65.12"
"49,30 : 31.95"
"49,31 : 50.45"
"49,32 : 31.14"
"49,33 : 23.32"
"49,34 : 34.66"
"49,35 : 54.04"
"49,36 : 68.88"
"49,37 : 59.46"
"49,38 : 43.42"
"49,39 : 22.47"
"49,40 : 50.7"
"49,41 : 63.03"
"49,42 : 25.5"
"49,43 : 77.62"
"49,44 : 18.03"
"49,45 : 43.17"
"49,46 : 45.8"
"49,47 : 51.11"
"49,48 : 5.39"
"49,49 : 0.0"
