x,y
51,77
53,75
64,12
48,34
88,31
19,30
82,6
98,39
84,56
40,59
55,20
100,62
9,8
87,64
17,80
94,44
99,89
64,80
58,66
26,56
73,29
91,49
39,49
23,66
18,39
70,92
16,54
56,86
41,25
46,84
76,67
88,59
72,29
49,90
72,17
38,21
0,66
11,47
31,43
66,12
66,61
79,61
81,89
61,85
77,80
49,65
10,64
61,83
98,80
61,81

Distanze
"0,0 : 0.0"
"0,1 : 6.32"
"0,2 : 85.99"
"0,3 : 34.13"
"0,4 : 10.63"
"0,5 : 37.01"
"0,6 : 44.27"
"0,7 : 101.64"
"0,8 : 55.17"
"0,9 : 53.08"
"0,10 : 86.16"
"0,11 : 39.7"
"0,12 : 34.54"
"0,13 : 55.23"
"0,14 : 69.97"
"0,15 : 89.63"
"0,16 : 92.66"
"0,17 : 88.12"
"0,18 : 75.74"
"0,19 : 72.92"
"0,20 : 44.29"
"0,21 : 44.27"
"0,22 : 42.06"
"0,23 : 54.13"
"0,24 : 40.31"
"0,25 : 98.41"
"0,26 : 29.15"
"0,27 : 42.11"
"0,28 : 33.24"
"0,29 : 60.67"
"0,30 : 62.27"
"0,31 : 52.35"
"0,32 : 18.03"
"0,33 : 21.38"
"0,34 : 24.02"
"0,35 : 65.8"
"0,36 : 93.3"
"0,37 : 89.36"
"0,38 : 44.27"
"0,39 : 87.64"
"0,40 : 41.0"
"0,41 : 96.3"
"0,42 : 46.32"
"0,43 : 87.93"
"0,44 : 84.5"
"0,45 : 41.04"
"0,46 : 30.81"
"0,47 : 61.81"
"0,48 : 28.3"
"0,49 : 84.6"
"1,0 : 6.32"
"1,1 : 0.0"
"1,2 : 85.15"
"1,3 : 40.31"
"1,4 : 16.64"
"1,5 : 43.01"
"1,6 : 44.72"
"1,7 : 102.42"
"1,8 : 49.52"
"1,9 : 51.79"
"1,10 : 82.22"
"1,11 : 33.94"
"1,12 : 28.23"
"1,13 : 49.82"
"1,14 : 65.3"
"1,15 : 84.6"
"1,16 : 90.14"
"1,17 : 89.36"
"1,18 : 70.29"
"1,19 : 67.18"
"1,20 : 48.85"
"1,21 : 44.72"
"1,22 : 42.49"
"1,23 : 51.24"
"1,24 : 42.01"
"1,25 : 94.15"
"1,26 : 23.02"
"1,27 : 48.01"
"1,28 : 27.66"
"1,29 : 59.91"
"1,30 : 63.82"
"1,31 : 46.17"
"1,32 : 16.76"
"1,33 : 27.07"
"1,34 : 18.03"
"1,35 : 59.82"
"1,36 : 89.56"
"1,37 : 87.02"
"1,38 : 40.79"
"1,39 : 87.66"
"1,40 : 46.53"
"1,41 : 96.14"
"1,42 : 46.24"
"1,43 : 84.4"
"1,44 : 80.65"
"1,45 : 44.41"
"1,46 : 28.02"
"1,47 : 59.14"
"1,48 : 23.77"
"1,49 : 80.06"
"2,0 : 85.99"
"2,1 : 85.15"
"2,2 : 0.0"
"2,3 : 90.47"
"2,4 : 92.14"
"2,5 : 87.36"
"2,6 : 43.01"
"2,7 : 29.12"
"2,8 : 70.84"
"2,9 : 33.53"
"2,10 : 45.28"
"2,11 : 73.01"
"2,12 : 84.91"
"2,13 : 66.6"
"2,14 : 55.01"
"2,15 : 66.1"
"2,16 : 25.0"
"2,17 : 28.86"
"2,18 : 70.26"
"2,19 : 76.06"
"2,20 : 69.08"
"2,21 : 43.01"
"2,22 : 45.0"
"2,23 : 40.0"
"2,24 : 50.49"
"2,25 : 55.15"
"2,26 : 79.65"
"2,27 : 86.98"
"2,28 : 72.2"
"2,29 : 25.32"
"2,30 : 35.85"
"2,31 : 102.3"
"2,32 : 68.45"
"2,33 : 81.39"
"2,34 : 91.79"
"2,35 : 80.45"
"2,36 : 44.1"
"2,37 : 21.38"
"2,38 : 50.77"
"2,39 : 12.04"
"2,40 : 80.65"
"2,41 : 14.42"
"2,42 : 40.05"
"2,43 : 39.01"
"2,44 : 43.42"
"2,45 : 59.48"
"2,46 : 58.52"
"2,47 : 33.24"
"2,48 : 67.12"
"2,49 : 55.11"
"3,0 : 34.13"
"3,1 : 40.31"
"3,2 : 90.47"
"3,3 : 0.0"
"3,4 : 26.31"
"3,5 : 5.0"
"3,6 : 49.24"
"3,7 : 96.25"
"3,8 : 84.6"
"3,9 : 64.01"
"3,10 : 106.04"
"3,11 : 70.26"
"3,12 : 67.91"
"3,13 : 83.53"
"3,14 : 94.18"
"3,15 : 114.77"
"3,16 : 105.12"
"3,17 : 81.3"
"3,18 : 103.47"
"3,19 : 102.22"
"3,20 : 24.52"
"3,21 : 49.24"
"3,22 : 47.85"
"3,23 : 71.84"
"3,24 : 40.5"
"3,25 : 119.33"
"3,26 : 61.68"
"3,27 : 10.0"
"3,28 : 63.56"
"3,29 : 67.78"
"3,30 : 57.08"
"3,31 : 86.47"
"3,32 : 40.82"
"3,33 : 14.76"
"3,34 : 58.14"
"3,35 : 96.61"
"3,36 : 111.83"
"3,37 : 101.13"
"3,38 : 65.8"
"3,39 : 87.46"
"3,40 : 13.42"
"3,41 : 96.42"
"3,42 : 53.23"
"3,43 : 105.68"
"3,44 : 104.02"
"3,45 : 31.26"
"3,46 : 52.63"
"3,47 : 77.67"
"3,48 : 55.95"
"3,49 : 107.49"
"4,0 : 10.63"
"4,1 : 16.64"
"4,2 : 92.14"
"4,3 : 26.31"
"4,4 : 0.0"
"4,5 : 30.08"
"4,6 : 49.37"
"4,7 : 105.3"
"4,8 : 65.8"
"4,9 : 60.21"
"4,10 : 95.75"
"4,11 : 50.33"
"4,12 : 44.72"
"4,13 : 65.8"
"4,14 : 80.16"
"4,15 : 100.0"
"4,16 : 100.81"
"4,17 : 91.18"
"4,18 : 86.31"
"4,19 : 83.55"
"4,20 : 41.77"
"4,21 : 49.37"
"4,22 : 47.27"
"4,23 : 62.94"
"4,24 : 43.68"
"4,25 : 108.24"
"4,26 : 39.66"
"4,27 : 35.44"
"4,28 : 43.86"
"4,29 : 67.01"
"4,30 : 65.19"
"4,31 : 61.39"
"4,32 : 26.57"
"4,33 : 17.03"
"4,34 : 32.98"
"4,35 : 76.4"
"4,36 : 102.69"
"4,37 : 97.32"
"4,38 : 53.71"
"4,39 : 92.57"
"4,40 : 35.78"
"4,41 : 101.43"
"4,42 : 52.09"
"4,43 : 97.14"
"4,44 : 94.02"
"4,45 : 41.34"
"4,46 : 39.92"
"4,47 : 70.34"
"4,48 : 38.6"
"4,49 : 94.67"
"5,0 : 37.01"
"5,1 : 43.01"
"5,2 : 87.36"
"5,3 : 5.0"
"5,4 : 30.08"
"5,5 : 0.0"
"5,6 : 47.01"
"5,7 : 92.09"
"5,8 : 85.43"
"5,9 : 62.13"
"5,10 : 104.89"
"5,11 : 71.51"
"5,12 : 70.04"
"5,13 : 84.12"
"5,14 : 93.86"
"5,15 : 114.48"
"5,16 : 102.88"
"5,17 : 77.1"
"5,18 : 103.77"
"5,19 : 102.88"
"5,20 : 20.1"
"5,21 : 47.01"
"5,22 : 45.79"
"5,23 : 70.77"
"5,24 : 38.01"
"5,25 : 118.26"
"5,26 : 63.56"
"5,27 : 5.39"
"5,28 : 64.85"
"5,29 : 65.31"
"5,30 : 53.34"
"5,31 : 89.14"
"5,32 : 41.63"
"5,33 : 16.28"
"5,34 : 61.0"
"5,35 : 97.69"
"5,36 : 110.42"
"5,37 : 98.84"
"5,38 : 65.44"
"5,39 : 83.86"
"5,40 : 8.54"
"5,41 : 92.78"
"5,42 : 51.11"
"5,43 : 104.2"
"5,44 : 102.83"
"5,45 : 27.89"
"5,46 : 52.7"
"5,47 : 76.22"
"5,48 : 56.86"
"5,49 : 106.83"
"6,0 : 44.27"
"6,1 : 44.72"
"6,2 : 43.01"
"6,3 : 49.24"
"6,4 : 49.37"
"6,5 : 47.01"
"6,6 : 0.0"
"6,7 : 57.71"
"6,8 : 54.15"
"6,9 : 15.56"
"6,10 : 59.67"
"6,11 : 46.82"
"6,12 : 54.38"
"6,13 : 51.01"
"6,14 : 53.14"
"6,15 : 72.92"
"6,16 : 55.9"
"6,17 : 45.0"
"6,18 : 66.49"
"6,19 : 68.36"
"6,20 : 32.65"
"6,21 : 0.0"
"6,22 : 2.24"
"6,23 : 27.31"
"6,24 : 9.22"
"6,25 : 73.11"
"6,26 : 47.43"
"6,27 : 48.01"
"6,28 : 42.49"
"6,29 : 18.68"
"6,30 : 20.81"
"6,31 : 75.18"
"6,32 : 28.3"
"6,33 : 38.64"
"6,34 : 55.9"
"6,35 : 67.07"
"6,36 : 64.35"
"6,37 : 51.89"
"6,38 : 28.0"
"6,39 : 43.42"
"6,40 : 42.01"
"6,41 : 52.17"
"6,42 : 4.24"
"6,43 : 58.0"
"6,44 : 57.49"
"6,45 : 21.26"
"6,46 : 24.19"
"6,47 : 30.61"
"6,48 : 34.13"
"6,49 : 63.63"
"7,0 : 101.64"
"7,1 : 102.42"
"7,2 : 29.12"
"7,3 : 96.25"
"7,4 : 105.3"
"7,5 : 92.09"
"7,6 : 57.71"
"7,7 : 0.0"
"7,8 : 97.91"
"7,9 : 55.17"
"7,10 : 74.15"
"7,11 : 97.62"
"7,12 : 108.3"
"7,13 : 93.74"
"7,14 : 83.77"
"7,15 : 95.13"
"7,16 : 52.01"
"7,17 : 15.0"
"7,18 : 99.16"
"7,19 : 104.69"
"7,20 : 72.03"
"7,21 : 57.71"
"7,22 : 59.94"
"7,23 : 65.6"
"7,24 : 61.68"
"7,25 : 83.1"
"7,26 : 102.18"
"7,27 : 90.01"
"7,28 : 95.52"
"7,29 : 45.97"
"7,30 : 40.26"
"7,31 : 127.35"
"7,32 : 85.96"
"7,33 : 91.22"
"7,34 : 112.65"
"7,35 : 108.41"
"7,36 : 72.17"
"7,37 : 49.16"
"7,38 : 75.01"
"7,39 : 18.36"
"7,40 : 84.01"
"7,41 : 16.0"
"7,42 : 56.6"
"7,43 : 67.6"
"7,44 : 72.37"
"7,45 : 65.92"
"7,46 : 79.2"
"7,47 : 60.21"
"7,48 : 88.87"
"7,49 : 84.17"
"8,0 : 55.17"
"8,1 : 49.52"
"8,2 : 70.84"
"8,3 : 84.6"
"8,4 : 65.8"
"8,5 : 85.43"
"8,6 : 54.15"
"8,7 : 97.91"
"8,8 : 0.0"
"8,9 : 45.54"
"8,10 : 42.76"
"8,11 : 15.62"
"8,12 : 26.25"
"8,13 : 4.24"
"8,14 : 22.36"
"8,15 : 37.0"
"8,16 : 61.29"
"8,17 : 90.34"
"8,18 : 21.1"
"8,19 : 17.8"
"8,20 : 80.81"
"8,21 : 54.15"
"8,22 : 53.04"
"8,23 : 32.65"
"8,24 : 60.07"
"8,25 : 51.04"
"8,26 : 27.46"
"8,27 : 89.16"
"8,28 : 21.93"
"8,29 : 53.71"
"8,30 : 72.78"
"8,31 : 34.18"
"8,32 : 43.83"
"8,33 : 69.84"
"8,34 : 40.31"
"8,35 : 13.04"
"8,36 : 50.8"
"8,37 : 60.21"
"8,38 : 26.31"
"8,39 : 79.63"
"8,40 : 85.09"
"8,41 : 85.15"
"8,42 : 51.48"
"8,43 : 48.08"
"8,44 : 42.2"
"8,45 : 70.71"
"8,46 : 33.96"
"8,47 : 37.8"
"8,48 : 28.65"
"8,49 : 36.01"
"9,0 : 53.08"
"9,1 : 51.79"
"9,2 : 33.53"
"9,3 : 64.01"
"9,4 : 60.21"
"9,5 : 62.13"
"9,6 : 15.56"
"9,7 : 55.17"
"9,8 : 45.54"
"9,9 : 0.0"
"9,10 : 44.2"
"9,11 : 42.64"
"9,12 : 53.15"
"9,13 : 41.76"
"9,14 : 39.62"
"9,15 : 58.52"
"9,16 : 41.44"
"9,17 : 45.49"
"9,18 : 54.08"
"9,19 : 57.14"
"9,20 : 48.17"
"9,21 : 15.56"
"9,22 : 16.4"
"9,23 : 14.0"
"9,24 : 24.76"
"9,25 : 57.63"
"9,26 : 47.2"
"9,27 : 63.41"
"9,28 : 40.36"
"9,29 : 9.22"
"9,30 : 28.02"
"9,31 : 72.35"
"9,32 : 35.23"
"9,33 : 52.2"
"9,34 : 58.59"
"9,35 : 57.72"
"9,36 : 48.8"
"9,37 : 37.64"
"9,38 : 20.25"
"9,39 : 38.01"
"9,40 : 57.49"
"9,41 : 45.65"
"9,42 : 11.31"
"9,43 : 42.45"
"9,44 : 42.01"
"9,45 : 36.8"
"9,46 : 25.08"
"9,47 : 15.26"
"9,48 : 34.13"
"9,49 : 48.75"
"10,0 : 86.16"
"10,1 : 82.22"
"10,2 : 45.28"
"10,3 : 106.04"
"10,4 : 95.75"
"10,5 : 104.89"
"10,6 : 59.67"
"10,7 : 74.15"
"10,8 : 42.76"
"10,9 : 44.2"
"10,10 : 0.0"
"10,11 : 54.04"
"10,12 : 67.0"
"10,13 : 39.32"
"10,14 : 20.4"
"10,15 : 21.19"
"10,16 : 24.19"
"10,17 : 73.03"
"10,18 : 30.61"
"10,19 : 38.01"
"10,20 : 92.31"
"10,21 : 59.67"
"10,22 : 60.21"
"10,23 : 34.21"
"10,24 : 68.77"
"10,25 : 13.45"
"10,26 : 65.38"
"10,27 : 106.79"
"10,28 : 57.56"
"10,29 : 45.62"
"10,30 : 68.15"
"10,31 : 76.66"
"10,32 : 69.32"
"10,33 : 92.66"
"10,34 : 79.4"
"10,35 : 46.07"
"10,36 : 8.06"
"10,37 : 25.63"
"10,38 : 42.05"
"10,39 : 57.14"
"10,40 : 101.12"
"10,41 : 58.46"
"10,42 : 55.44"
"10,43 : 7.21"
"10,44 : 2.24"
"10,45 : 80.92"
"10,46 : 55.9"
"10,47 : 29.07"
"10,48 : 58.52"
"10,49 : 10.82"
"11,0 : 39.7"
"11,1 : 33.94"
"11,2 : 73.01"
"11,3 : 70.26"
"11,4 : 50.33"
"11,5 : 71.51"
"11,6 : 46.82"
"11,7 : 97.62"
"11,8 : 15.62"
"11,9 : 42.64"
"11,10 : 54.04"
"11,11 : 0.0"
"11,12 : 13.15"
"11,13 : 16.55"
"11,14 : 34.53"
"11,15 : 51.89"
"11,16 : 68.68"
"11,17 : 88.01"
"11,18 : 36.62"
"11,19 : 33.24"
"11,20 : 69.18"
"11,21 : 46.82"
"11,22 : 45.22"
"11,23 : 33.02"
"11,24 : 50.8"
"11,25 : 64.13"
"11,26 : 12.08"
"11,27 : 75.58"
"11,28 : 6.71"
"11,29 : 51.74"
"11,30 : 67.12"
"11,31 : 29.73"
"11,32 : 30.08"
"11,33 : 55.54"
"11,34 : 25.71"
"11,35 : 26.42"
"11,36 : 62.01"
"11,37 : 66.73"
"11,38 : 22.63"
"11,39 : 79.93"
"11,40 : 72.03"
"11,41 : 86.68"
"11,42 : 45.19"
"11,43 : 58.14"
"11,44 : 53.0"
"11,45 : 60.03"
"11,46 : 23.35"
"11,47 : 40.31"
"11,48 : 15.13"
"11,49 : 49.24"
"12,0 : 34.54"
"12,1 : 28.23"
"12,2 : 84.91"
"12,3 : 67.91"
"12,4 : 44.72"
"12,5 : 70.04"
"12,6 : 54.38"
"12,7 : 108.3"
"12,8 : 26.25"
"12,9 : 53.15"
"12,10 : 67.0"
"12,11 : 13.15"
"12,12 : 0.0"
"12,13 : 28.44"
"12,14 : 47.17"
"12,15 : 63.25"
"12,16 : 81.74"
"12,17 : 97.74"
"12,18 : 47.01"
"12,19 : 42.19"
"12,20 : 71.45"
"12,21 : 54.38"
"12,22 : 52.48"
"12,23 : 45.18"
"12,24 : 56.46"
"12,25 : 76.66"
"12,26 : 7.28"
"12,27 : 74.67"
"12,28 : 12.81"
"12,29 : 62.37"
"12,30 : 75.17"
"12,31 : 21.19"
"12,32 : 31.4"
"12,33 : 53.76"
"12,34 : 14.42"
"12,35 : 33.42"
"12,36 : 75.01"
"12,37 : 79.7"
"12,38 : 34.13"
"12,39 : 91.05"
"12,40 : 72.11"
"12,41 : 98.23"
"12,42 : 53.6"
"12,43 : 71.25"
"12,44 : 66.03"
"12,45 : 63.79"
"12,46 : 30.23"
"12,47 : 52.8"
"12,48 : 20.25"
"12,49 : 61.66"
"13,0 : 55.23"
"13,1 : 49.82"
"13,2 : 66.6"
"13,3 : 83.53"
"13,4 : 65.8"
"13,5 : 84.12"
"13,6 : 51.01"
"13,7 : 93.74"
"13,8 : 4.24"
"13,9 : 41.76"
"13,10 : 39.32"
"13,11 : 16.55"
"13,12 : 28.44"
"13,13 : 0.0"
"13,14 : 19.03"
"13,15 : 35.34"
"13,16 : 57.25"
"13,17 : 86.33"
"13,18 : 20.52"
"13,19 : 18.79"
"13,20 : 78.59"
"13,21 : 51.01"
"13,22 : 50.01"
"13,23 : 28.64"
"13,24 : 57.31"
"13,25 : 48.26"
"13,26 : 28.64"
"13,27 : 87.66"
"13,28 : 22.2"
"13,29 : 49.77"
"13,30 : 69.23"
"13,31 : 38.08"
"13,32 : 42.72"
"13,33 : 68.8"
"13,34 : 42.06"
"13,35 : 16.12"
"13,36 : 47.38"
"13,37 : 56.08"
"13,38 : 23.02"
"13,39 : 75.45"
"13,40 : 83.38"
"13,41 : 80.92"
"13,42 : 48.17"
"13,43 : 44.38"
"13,44 : 38.64"
"13,45 : 68.25"
"13,46 : 31.95"
"13,47 : 33.6"
"13,48 : 27.8"
"13,49 : 33.24"
"14,0 : 69.97"
"14,1 : 65.3"
"14,2 : 55.01"
"14,3 : 94.18"
"14,4 : 80.16"
"14,5 : 93.86"
"14,6 : 53.14"
"14,7 : 83.77"
"14,8 : 22.36"
"14,9 : 39.62"
"14,10 : 20.4"
"14,11 : 34.53"
"14,12 : 47.17"
"14,13 : 19.03"
"14,14 : 0.0"
"14,15 : 20.62"
"14,16 : 40.61"
"14,17 : 79.08"
"14,18 : 15.52"
"14,19 : 21.1"
"14,20 : 84.53"
"14,21 : 53.14"
"14,22 : 52.92"
"14,23 : 25.96"
"14,24 : 61.33"
"14,25 : 29.61"
"14,26 : 46.32"
"14,27 : 96.61"
"14,28 : 38.9"
"14,29 : 45.0"
"14,30 : 67.27"
"14,31 : 56.32"
"14,32 : 54.67"
"14,33 : 79.91"
"14,34 : 60.21"
"14,35 : 27.02"
"14,36 : 28.44"
"14,37 : 40.31"
"14,38 : 28.43"
"14,39 : 65.55"
"14,40 : 91.53"
"14,41 : 69.35"
"14,42 : 49.34"
"14,43 : 26.0"
"14,44 : 19.92"
"14,45 : 73.35"
"14,46 : 41.73"
"14,47 : 26.02"
"14,48 : 41.68"
"14,49 : 14.87"
"15,0 : 89.63"
"15,1 : 84.6"
"15,2 : 66.1"
"15,3 : 114.77"
"15,4 : 100.0"
"15,5 : 114.48"
"15,6 : 72.92"
"15,7 : 95.13"
"15,8 : 37.0"
"15,9 : 58.52"
"15,10 : 21.19"
"15,11 : 51.89"
"15,12 : 63.25"
"15,13 : 35.34"
"15,14 : 20.62"
"15,15 : 0.0"
"15,16 : 45.19"
"15,17 : 93.13"
"15,18 : 17.03"
"15,19 : 24.08"
"15,20 : 104.81"
"15,21 : 72.92"
"15,22 : 72.9"
"15,23 : 45.62"
"15,24 : 81.41"
"15,25 : 18.87"
"15,26 : 63.98"
"15,27 : 117.2"
"15,28 : 57.31"
"15,29 : 62.37"
"15,30 : 85.15"
"15,31 : 67.0"
"15,32 : 75.01"
"15,33 : 100.45"
"15,34 : 77.25"
"15,35 : 34.01"
"15,36 : 25.81"
"15,37 : 46.82"
"15,38 : 49.04"
"15,39 : 77.78"
"15,40 : 112.07"
"15,41 : 79.56"
"15,42 : 68.94"
"15,43 : 28.23"
"15,44 : 22.8"
"15,45 : 93.54"
"15,46 : 62.24"
"15,47 : 43.68"
"15,48 : 61.4"
"15,49 : 11.05"
"16,0 : 92.66"
"16,1 : 90.14"
"16,2 : 25.0"
"16,3 : 105.12"
"16,4 : 100.81"
"16,5 : 102.88"
"16,6 : 55.9"
"16,7 : 52.01"
"16,8 : 61.29"
"16,9 : 41.44"
"16,10 : 24.19"
"16,11 : 68.68"
"16,12 : 81.74"
"16,13 : 57.25"
"16,14 : 40.61"
"16,15 : 45.19"
"16,16 : 0.0"
"16,17 : 53.85"
"16,18 : 53.81"
"16,19 : 60.81"
"16,20 : 86.84"
"16,21 : 55.9"
"16,22 : 57.27"
"16,23 : 39.0"
"16,24 : 64.88"
"16,25 : 31.14"
"16,26 : 78.26"
"16,27 : 103.59"
"16,28 : 70.21"
"16,29 : 37.74"
"16,30 : 56.64"
"16,31 : 95.27"
"16,32 : 74.67"
"16,33 : 93.64"
"16,34 : 91.92"
"16,35 : 67.62"
"16,36 : 20.4"
"16,37 : 4.24"
"16,38 : 50.09"
"16,39 : 36.88"
"16,40 : 97.42"
"16,41 : 36.01"
"16,42 : 51.89"
"16,43 : 17.0"
"16,44 : 23.02"
"16,45 : 76.01"
"16,46 : 62.13"
"16,47 : 31.02"
"16,48 : 68.12"
"16,49 : 34.99"
"17,0 : 88.12"
"17,1 : 89.36"
"17,2 : 28.86"
"17,3 : 81.3"
"17,4 : 91.18"
"17,5 : 77.1"
"17,6 : 45.0"
"17,7 : 15.0"
"17,8 : 90.34"
"17,9 : 45.49"
"17,10 : 73.03"
"17,11 : 88.01"
"17,12 : 97.74"
"17,13 : 86.33"
"17,14 : 79.08"
"17,15 : 93.13"
"17,16 : 53.85"
"17,17 : 0.0"
"17,18 : 94.59"
"17,19 : 99.33"
"17,20 : 57.04"
"17,21 : 45.0"
"17,22 : 47.2"
"17,23 : 57.7"
"17,24 : 47.85"
"17,25 : 83.73"
"17,26 : 91.24"
"17,27 : 75.01"
"17,28 : 85.15"
"17,29 : 36.72"
"17,30 : 26.0"
"17,31 : 117.61"
"17,32 : 73.24"
"17,33 : 76.66"
"17,34 : 100.77"
"17,35 : 101.77"
"17,36 : 72.69"
"17,37 : 50.22"
"17,38 : 65.73"
"17,39 : 17.09"
"17,40 : 69.01"
"17,41 : 21.93"
"17,42 : 44.6"
"17,43 : 67.27"
"17,44 : 71.01"
"17,45 : 51.2"
"17,46 : 67.88"
"17,47 : 53.76"
"17,48 : 77.79"
"17,49 : 82.1"
"18,0 : 75.74"
"18,1 : 70.29"
"18,2 : 70.26"
"18,3 : 103.47"
"18,4 : 86.31"
"18,5 : 103.77"
"18,6 : 66.49"
"18,7 : 99.16"
"18,8 : 21.1"
"18,9 : 54.08"
"18,10 : 30.61"
"18,11 : 36.62"
"18,12 : 47.01"
"18,13 : 20.52"
"18,14 : 15.52"
"18,15 : 17.03"
"18,16 : 53.81"
"18,17 : 94.59"
"18,18 : 0.0"
"18,19 : 7.62"
"18,20 : 96.57"
"18,21 : 66.49"
"18,22 : 65.97"
"18,23 : 40.11"
"18,24 : 74.04"
"18,25 : 34.21"
"18,26 : 48.55"
"18,27 : 107.04"
"18,28 : 42.64"
"18,29 : 60.13"
"18,30 : 82.02"
"18,31 : 50.01"
"18,32 : 62.8"
"18,33 : 88.81"
"18,34 : 61.27"
"18,35 : 17.12"
"18,36 : 37.74"
"18,37 : 54.2"
"18,38 : 39.56"
"18,39 : 80.99"
"18,40 : 102.42"
"18,41 : 84.53"
"18,42 : 62.97"
"18,43 : 37.54"
"18,44 : 31.14"
"18,45 : 85.7"
"18,46 : 51.11"
"18,47 : 41.3"
"18,48 : 48.17"
"18,49 : 20.59"
"19,0 : 72.92"
"19,1 : 67.18"
"19,2 : 76.06"
"19,3 : 102.22"
"19,4 : 83.55"
"19,5 : 102.88"
"19,6 : 68.36"
"19,7 : 104.69"
"19,8 : 17.8"
"19,9 : 57.14"
"19,10 : 38.01"
"19,11 : 33.24"
"19,12 : 42.19"
"19,13 : 18.79"
"19,14 : 21.1"
"19,15 : 24.08"
"19,16 : 60.81"
"19,17 : 99.33"
"19,18 : 7.62"
"19,19 : 0.0"
"19,20 : 97.12"
"19,21 : 68.36"
"19,22 : 67.6"
"19,23 : 43.19"
"19,24 : 75.31"
"19,25 : 41.76"
"19,26 : 44.69"
"19,27 : 106.45"
"19,28 : 39.7"
"19,29 : 63.95"
"19,30 : 85.15"
"19,31 : 43.05"
"19,32 : 61.4"
"19,33 : 87.46"
"19,34 : 56.6"
"19,35 : 10.05"
"19,36 : 45.28"
"19,37 : 60.96"
"19,38 : 40.61"
"19,39 : 86.41"
"19,40 : 102.16"
"19,41 : 90.43"
"19,42 : 65.12"
"19,43 : 44.82"
"19,44 : 38.42"
"19,45 : 86.59"
"19,46 : 50.7"
"19,47 : 45.61"
"19,48 : 46.32"
"19,49 : 28.18"
"20,0 : 44.29"
"20,1 : 48.85"
"20,2 : 69.08"
"20,3 : 24.52"
"20,4 : 41.77"
"20,5 : 20.1"
"20,6 : 32.65"
"20,7 : 72.03"
"20,8 : 80.81"
"20,9 : 48.17"
"20,10 : 92.31"
"20,11 : 69.18"
"20,12 : 71.45"
"20,13 : 78.59"
"20,14 : 84.53"
"20,15 : 104.81"
"20,16 : 86.84"
"20,17 : 57.04"
"20,18 : 96.57"
"20,19 : 97.12"
"20,20 : 0.0"
"20,21 : 32.65"
"20,22 : 32.2"
"20,23 : 59.36"
"20,24 : 23.6"
"20,25 : 105.76"
"20,26 : 64.28"
"20,27 : 18.25"
"20,28 : 63.03"
"20,29 : 49.2"
"20,30 : 33.96"
"20,31 : 92.23"
"20,32 : 40.11"
"20,33 : 24.76"
"20,34 : 66.1"
"20,35 : 93.74"
"20,36 : 96.9"
"20,37 : 82.66"
"20,38 : 57.01"
"20,39 : 64.54"
"20,40 : 12.04"
"20,41 : 73.35"
"20,42 : 36.88"
"20,43 : 90.52"
"20,44 : 90.14"
"20,45 : 11.4"
"20,46 : 46.87"
"20,47 : 63.25"
"20,48 : 54.08"
"20,49 : 95.96"
"21,0 : 44.27"
"21,1 : 44.72"
"21,2 : 43.01"
"21,3 : 49.24"
"21,4 : 49.37"
"21,5 : 47.01"
"21,6 : 0.0"
"21,7 : 57.71"
"21,8 : 54.15"
"21,9 : 15.56"
"21,10 : 59.67"
"21,11 : 46.82"
"21,12 : 54.38"
"21,13 : 51.01"
"21,14 : 53.14"
"21,15 : 72.92"
"21,16 : 55.9"
"21,17 : 45.0"
"21,18 : 66.49"
"21,19 : 68.36"
"21,20 : 32.65"
"21,21 : 0.0"
"21,22 : 2.24"
"21,23 : 27.31"
"21,24 : 9.22"
"21,25 : 73.11"
"21,26 : 47.43"
"21,27 : 48.01"
"21,28 : 42.49"
"21,29 : 18.68"
"21,30 : 20.81"
"21,31 : 75.18"
"21,32 : 28.3"
"21,33 : 38.64"
"21,34 : 55.9"
"21,35 : 67.07"
"21,36 : 64.35"
"21,37 : 51.89"
"21,38 : 28.0"
"21,39 : 43.42"
"21,40 : 42.01"
"21,41 : 52.17"
"21,42 : 4.24"
"21,43 : 58.0"
"21,44 : 57.49"
"21,45 : 21.26"
"21,46 : 24.19"
"21,47 : 30.61"
"21,48 : 34.13"
"21,49 : 63.63"
"22,0 : 42.06"
"22,1 : 42.49"
"22,2 : 45.0"
"22,3 : 47.85"
"22,4 : 47.27"
"22,5 : 45.79"
"22,6 : 2.24"
"22,7 : 59.94"
"22,8 : 53.04"
"22,9 : 16.4"
"22,10 : 60.21"
"22,11 : 45.22"
"22,12 : 52.48"
"22,13 : 50.01"
"22,14 : 52.92"
"22,15 : 72.9"
"22,16 : 57.27"
"22,17 : 47.2"
"22,18 : 65.97"
"22,19 : 67.6"
"22,20 : 32.2"
"22,21 : 2.24"
"22,22 : 0.0"
"22,23 : 27.29"
"22,24 : 8.6"
"22,25 : 73.66"
"22,26 : 45.49"
"22,27 : 47.01"
"22,28 : 40.72"
"22,29 : 20.4"
"22,30 : 22.8"
"22,31 : 73.36"
"22,32 : 26.08"
"22,33 : 36.88"
"22,34 : 53.76"
"22,35 : 66.01"
"22,36 : 65.12"
"22,37 : 53.31"
"22,38 : 27.07"
"22,39 : 45.61"
"22,40 : 41.11"
"22,41 : 54.34"
"22,42 : 5.39"
"22,43 : 58.8"
"22,44 : 58.05"
"22,45 : 20.81"
"22,46 : 22.36"
"22,47 : 31.14"
"22,48 : 32.25"
"22,49 : 63.81"
"23,0 : 54.13"
"23,1 : 51.24"
"23,2 : 40.0"
"23,3 : 71.84"
"23,4 : 62.94"
"23,5 : 70.77"
"23,6 : 27.31"
"23,7 : 65.6"
"23,8 : 32.65"
"23,9 : 14.0"
"23,10 : 34.21"
"23,11 : 33.02"
"23,12 : 45.18"
"23,13 : 28.64"
"23,14 : 25.96"
"23,15 : 45.62"
"23,16 : 39.0"
"23,17 : 57.7"
"23,18 : 40.11"
"23,19 : 43.19"
"23,20 : 59.36"
"23,21 : 27.31"
"23,22 : 27.29"
"23,23 : 0.0"
"23,24 : 35.85"
"23,25 : 47.51"
"23,26 : 40.5"
"23,27 : 72.86"
"23,28 : 32.7"
"23,29 : 21.19"
"23,30 : 42.01"
"23,31 : 62.37"
"23,32 : 36.4"
"23,33 : 58.52"
"23,34 : 53.6"
"23,35 : 44.27"
"23,36 : 40.31"
"23,37 : 36.12"
"23,38 : 11.4"
"23,39 : 47.51"
"23,40 : 67.36"
"23,41 : 53.81"
"23,42 : 23.41"
"23,43 : 34.44"
"23,44 : 32.2"
"23,45 : 48.02"
"23,46 : 23.35"
"23,47 : 8.06"
"23,48 : 29.27"
"23,49 : 36.62"
"24,0 : 40.31"
"24,1 : 42.01"
"24,2 : 50.49"
"24,3 : 40.5"
"24,4 : 43.68"
"24,5 : 38.01"
"24,6 : 9.22"
"24,7 : 61.68"
"24,8 : 60.07"
"24,9 : 24.76"
"24,10 : 68.77"
"24,11 : 50.8"
"24,12 : 56.46"
"24,13 : 57.31"
"24,14 : 61.33"
"24,15 : 81.41"
"24,16 : 64.88"
"24,17 : 47.85"
"24,18 : 74.04"
"24,19 : 75.31"
"24,20 : 23.6"
"24,21 : 9.22"
"24,22 : 8.6"
"24,23 : 35.85"
"24,24 : 0.0"
"24,25 : 82.22"
"24,26 : 49.24"
"24,27 : 38.83"
"24,28 : 45.61"
"24,29 : 27.31"
"24,30 : 21.95"
"24,31 : 77.62"
"24,32 : 27.02"
"24,33 : 31.02"
"24,34 : 55.61"
"24,35 : 73.11"
"24,36 : 73.55"
"24,37 : 60.83"
"24,38 : 34.71"
"24,39 : 49.25"
"24,40 : 32.8"
"24,41 : 58.22"
"24,42 : 13.45"
"24,43 : 67.21"
"24,44 : 66.6"
"24,45 : 12.21"
"24,46 : 27.46"
"24,47 : 39.7"
"24,48 : 36.69"
"24,49 : 72.4"
"25,0 : 98.41"
"25,1 : 94.15"
"25,2 : 55.15"
"25,3 : 119.33"
"25,4 : 108.24"
"25,5 : 118.26"
"25,6 : 73.11"
"25,7 : 83.1"
"25,8 : 51.04"
"25,9 : 57.63"
"25,10 : 13.45"
"25,11 : 64.13"
"25,12 : 76.66"
"25,13 : 48.26"
"25,14 : 29.61"
"25,15 : 18.87"
"25,16 : 31.14"
"25,17 : 83.73"
"25,18 : 34.21"
"25,19 : 41.76"
"25,20 : 105.76"
"25,21 : 73.11"
"25,22 : 73.66"
"25,23 : 47.51"
"25,24 : 82.22"
"25,25 : 0.0"
"25,26 : 75.93"
"25,27 : 120.22"
"25,28 : 68.41"
"25,29 : 58.67"
"25,30 : 80.96"
"25,31 : 83.6"
"25,32 : 81.99"
"25,33 : 105.8"
"25,34 : 89.82"
"25,35 : 51.2"
"25,36 : 11.05"
"25,37 : 34.0"
"25,38 : 54.71"
"25,39 : 67.19"
"25,40 : 114.56"
"25,41 : 67.12"
"25,42 : 68.88"
"25,43 : 16.76"
"25,44 : 15.62"
"25,45 : 94.37"
"25,46 : 68.6"
"25,47 : 42.52"
"25,48 : 70.38"
"25,49 : 15.03"
"26,0 : 29.15"
"26,1 : 23.02"
"26,2 : 79.65"
"26,3 : 61.68"
"26,4 : 39.66"
"26,5 : 63.56"
"26,6 : 47.43"
"26,7 : 102.18"
"26,8 : 27.46"
"26,9 : 47.2"
"26,10 : 65.38"
"26,11 : 12.08"
"26,12 : 7.28"
"26,13 : 28.64"
"26,14 : 46.32"
"26,15 : 63.98"
"26,16 : 78.26"
"26,17 : 91.24"
"26,18 : 48.55"
"26,19 : 44.69"
"26,20 : 64.28"
"26,21 : 47.43"
"26,22 : 45.49"
"26,23 : 40.5"
"26,24 : 49.24"
"26,25 : 75.93"
"26,26 : 0.0"
"26,27 : 68.07"
"26,28 : 8.06"
"26,29 : 56.4"
"26,30 : 68.24"
"26,31 : 28.46"
"26,32 : 24.19"
"26,33 : 47.3"
"26,34 : 14.04"
"26,35 : 36.88"
"26,36 : 73.25"
"26,37 : 75.93"
"26,38 : 29.15"
"26,39 : 85.21"
"26,40 : 65.28"
"26,41 : 92.65"
"26,42 : 46.86"
"26,43 : 69.01"
"26,44 : 64.2"
"26,45 : 56.52"
"26,46 : 23.43"
"26,47 : 48.38"
"26,48 : 13.45"
"26,49 : 61.13"
"27,0 : 42.11"
"27,1 : 48.01"
"27,2 : 86.98"
"27,3 : 10.0"
"27,4 : 35.44"
"27,5 : 5.39"
"27,6 : 48.01"
"27,7 : 90.01"
"27,8 : 89.16"
"27,9 : 63.41"
"27,10 : 106.79"
"27,11 : 75.58"
"27,12 : 74.67"
"27,13 : 87.66"
"27,14 : 96.61"
"27,15 : 117.2"
"27,16 : 103.59"
"27,17 : 75.01"
"27,18 : 107.04"
"27,19 : 106.45"
"27,20 : 18.25"
"27,21 : 48.01"
"27,22 : 47.01"
"27,23 : 72.86"
"27,24 : 38.83"
"27,25 : 120.22"
"27,26 : 68.07"
"27,27 : 0.0"
"27,28 : 68.96"
"27,29 : 65.86"
"27,30 : 52.17"
"27,31 : 94.05"
"27,32 : 45.54"
"27,33 : 21.02"
"27,34 : 66.03"
"27,35 : 101.59"
"27,36 : 112.04"
"27,37 : 99.48"
"27,38 : 68.24"
"27,39 : 82.76"
"27,40 : 6.32"
"27,41 : 91.59"
"27,42 : 52.2"
"27,43 : 105.76"
"27,44 : 104.69"
"27,45 : 27.73"
"27,46 : 55.95"
"27,47 : 77.9"
"27,48 : 60.75"
"27,49 : 109.22"
"28,0 : 33.24"
"28,1 : 27.66"
"28,2 : 72.2"
"28,3 : 63.56"
"28,4 : 43.86"
"28,5 : 64.85"
"28,6 : 42.49"
"28,7 : 95.52"
"28,8 : 21.93"
"28,9 : 40.36"
"28,10 : 57.56"
"28,11 : 6.71"
"28,12 : 12.81"
"28,13 : 22.2"
"28,14 : 38.9"
"28,15 : 57.31"
"28,16 : 70.21"
"28,17 : 85.15"
"28,18 : 42.64"
"28,19 : 39.7"
"28,20 : 63.03"
"28,21 : 42.49"
"28,22 : 40.72"
"28,23 : 32.7"
"28,24 : 45.61"
"28,25 : 68.41"
"28,26 : 8.06"
"28,27 : 68.96"
"28,28 : 0.0"
"28,29 : 49.58"
"28,30 : 63.13"
"28,31 : 32.76"
"28,32 : 23.54"
"28,33 : 48.85"
"28,34 : 22.0"
"28,35 : 33.12"
"28,36 : 65.38"
"28,37 : 67.91"
"28,38 : 21.47"
"28,39 : 78.24"
"28,40 : 65.51"
"28,41 : 85.45"
"28,42 : 41.34"
"28,43 : 61.03"
"28,44 : 56.32"
"28,45 : 54.23"
"28,46 : 18.38"
"28,47 : 40.5"
"28,48 : 9.06"
"28,49 : 53.76"
"29,0 : 60.67"
"29,1 : 59.91"
"29,2 : 25.32"
"29,3 : 67.78"
"29,4 : 67.01"
"29,5 : 65.31"
"29,6 : 18.68"
"29,7 : 45.97"
"29,8 : 53.71"
"29,9 : 9.22"
"29,10 : 45.62"
"29,11 : 51.74"
"29,12 : 62.37"
"29,13 : 49.77"
"29,14 : 45.0"
"29,15 : 62.37"
"29,16 : 37.74"
"29,17 : 36.72"
"29,18 : 60.13"
"29,19 : 63.95"
"29,20 : 49.2"
"29,21 : 18.68"
"29,22 : 20.4"
"29,23 : 21.19"
"29,24 : 27.31"
"29,25 : 58.67"
"29,26 : 56.4"
"29,27 : 65.86"
"29,28 : 49.58"
"29,29 : 0.0"
"29,30 : 22.8"
"29,31 : 81.47"
"29,32 : 43.17"
"29,33 : 57.27"
"29,34 : 67.6"
"29,35 : 65.46"
"29,36 : 48.83"
"29,37 : 33.62"
"29,38 : 29.21"
"29,39 : 28.84"
"29,40 : 59.68"
"29,41 : 36.67"
"29,42 : 15.13"
"29,43 : 42.44"
"29,44 : 43.38"
"29,45 : 38.28"
"29,46 : 34.0"
"29,47 : 19.03"
"29,48 : 43.27"
"29,49 : 51.92"
"30,0 : 62.27"
"30,1 : 63.82"
"30,2 : 35.85"
"30,3 : 57.08"
"30,4 : 65.19"
"30,5 : 53.34"
"30,6 : 20.81"
"30,7 : 40.26"
"30,8 : 72.78"
"30,9 : 28.02"
"30,10 : 68.15"
"30,11 : 67.12"
"30,12 : 75.17"
"30,13 : 69.23"
"30,14 : 67.27"
"30,15 : 85.15"
"30,16 : 56.64"
"30,17 : 26.0"
"30,18 : 82.02"
"30,19 : 85.15"
"30,20 : 33.96"
"30,21 : 20.81"
"30,22 : 22.8"
"30,23 : 42.01"
"30,24 : 21.95"
"30,25 : 80.96"
"30,26 : 68.24"
"30,27 : 52.17"
"30,28 : 63.13"
"30,29 : 22.8"
"30,30 : 0.0"
"30,31 : 95.88"
"30,32 : 48.17"
"30,33 : 50.99"
"30,34 : 76.38"
"30,35 : 85.33"
"30,36 : 70.71"
"30,37 : 52.4"
"30,38 : 46.57"
"30,39 : 30.59"
"30,40 : 45.89"
"30,41 : 39.46"
"30,42 : 21.93"
"30,43 : 64.41"
"30,44 : 65.92"
"30,45 : 26.02"
"30,46 : 44.94"
"30,47 : 41.59"
"30,48 : 54.92"
"30,49 : 74.73"
"31,0 : 52.35"
"31,1 : 46.17"
"31,2 : 102.3"
"31,3 : 86.47"
"31,4 : 61.39"
"31,5 : 89.14"
"31,6 : 75.18"
"31,7 : 127.35"
"31,8 : 34.18"
"31,9 : 72.35"
"31,10 : 76.66"
"31,11 : 29.73"
"31,12 : 21.19"
"31,13 : 38.08"
"31,14 : 56.32"
"31,15 : 67.0"
"31,16 : 95.27"
"31,17 : 117.61"
"31,18 : 50.01"
"31,19 : 43.05"
"31,20 : 92.23"
"31,21 : 75.18"
"31,22 : 73.36"
"31,23 : 62.37"
"31,24 : 77.62"
"31,25 : 83.6"
"31,26 : 28.46"
"31,27 : 94.05"
"31,28 : 32.76"
"31,29 : 81.47"
"31,30 : 95.88"
"31,31 : 0.0"
"31,32 : 52.39"
"31,33 : 73.03"
"31,34 : 28.44"
"31,35 : 33.02"
"31,36 : 84.65"
"31,37 : 93.94"
"31,38 : 52.35"
"31,39 : 109.6"
"31,40 : 92.05"
"31,41 : 116.18"
"31,42 : 74.09"
"31,43 : 82.22"
"31,44 : 76.24"
"31,45 : 84.9"
"31,46 : 51.0"
"31,47 : 69.2"
"31,48 : 41.15"
"31,49 : 68.88"
"32,0 : 18.03"
"32,1 : 16.76"
"32,2 : 68.45"
"32,3 : 40.82"
"32,4 : 26.57"
"32,5 : 41.63"
"32,6 : 28.3"
"32,7 : 85.96"
"32,8 : 43.83"
"32,9 : 35.23"
"32,10 : 69.32"
"32,11 : 30.08"
"32,12 : 31.4"
"32,13 : 42.72"
"32,14 : 54.67"
"32,15 : 75.01"
"32,16 : 74.67"
"32,17 : 73.24"
"32,18 : 62.8"
"32,19 : 61.4"
"32,20 : 40.11"
"32,21 : 28.3"
"32,22 : 26.08"
"32,23 : 36.4"
"32,24 : 27.02"
"32,25 : 81.99"
"32,26 : 24.19"
"32,27 : 45.54"
"32,28 : 23.54"
"32,29 : 43.17"
"32,30 : 48.17"
"32,31 : 52.39"
"32,32 : 0.0"
"32,33 : 26.08"
"32,34 : 28.6"
"32,35 : 56.08"
"32,36 : 76.16"
"32,37 : 71.34"
"32,38 : 27.29"
"32,39 : 70.94"
"32,40 : 41.98"
"32,41 : 79.38"
"32,42 : 29.55"
"32,43 : 70.58"
"32,44 : 67.54"
"32,45 : 32.57"
"32,46 : 13.42"
"32,47 : 43.93"
"32,48 : 15.23"
"32,49 : 68.82"
"33,0 : 21.38"
"33,1 : 27.07"
"33,2 : 81.39"
"33,3 : 14.76"
"33,4 : 17.03"
"33,5 : 16.28"
"33,6 : 38.64"
"33,7 : 91.22"
"33,8 : 69.84"
"33,9 : 52.2"
"33,10 : 92.66"
"33,11 : 55.54"
"33,12 : 53.76"
"33,13 : 68.8"
"33,14 : 79.91"
"33,15 : 100.45"
"33,16 : 93.64"
"33,17 : 76.66"
"33,18 : 88.81"
"33,19 : 87.46"
"33,20 : 24.76"
"33,21 : 38.64"
"33,22 : 36.88"
"33,23 : 58.52"
"33,24 : 31.02"
"33,25 : 105.8"
"33,26 : 47.3"
"33,27 : 21.02"
"33,28 : 48.85"
"33,29 : 57.27"
"33,30 : 50.99"
"33,31 : 73.03"
"33,32 : 26.08"
"33,33 : 0.0"
"33,34 : 45.1"
"33,35 : 81.86"
"33,36 : 98.79"
"33,37 : 89.81"
"33,38 : 51.66"
"33,39 : 80.1"
"33,40 : 19.65"
"33,41 : 89.09"
"33,42 : 42.2"
"33,43 : 92.78"
"33,44 : 90.7"
"33,45 : 25.63"
"33,46 : 38.21"
"33,47 : 64.88"
"33,48 : 41.18"
"33,49 : 93.51"
"34,0 : 24.02"
"34,1 : 18.03"
"34,2 : 91.79"
"34,3 : 58.14"
"34,4 : 32.98"
"34,5 : 61.0"
"34,6 : 55.9"
"34,7 : 112.65"
"34,8 : 40.31"
"34,9 : 58.59"
"34,10 : 79.4"
"34,11 : 25.71"
"34,12 : 14.42"
"34,13 : 42.06"
"34,14 : 60.21"
"34,15 : 77.25"
"34,16 : 91.92"
"34,17 : 100.77"
"34,18 : 61.27"
"34,19 : 56.6"
"34,20 : 66.1"
"34,21 : 55.9"
"34,22 : 53.76"
"34,23 : 53.6"
"34,24 : 55.61"
"34,25 : 89.82"
"34,26 : 14.04"
"34,27 : 66.03"
"34,28 : 22.0"
"34,29 : 67.6"
"34,30 : 76.38"
"34,31 : 28.44"
"34,32 : 28.6"
"34,33 : 45.1"
"34,34 : 0.0"
"34,35 : 47.8"
"34,36 : 87.28"
"34,37 : 89.44"
"34,38 : 42.2"
"34,39 : 96.38"
"34,40 : 64.5"
"34,41 : 104.24"
"34,42 : 56.22"
"34,43 : 83.02"
"34,44 : 78.23"
"34,45 : 60.37"
"34,46 : 33.62"
"34,47 : 61.61"
"34,48 : 24.7"
"34,49 : 74.95"
"35,0 : 65.8"
"35,1 : 59.82"
"35,2 : 80.45"
"35,3 : 96.61"
"35,4 : 76.4"
"35,5 : 97.69"
"35,6 : 67.07"
"35,7 : 108.41"
"35,8 : 13.04"
"35,9 : 57.72"
"35,10 : 46.07"
"35,11 : 26.42"
"35,12 : 33.42"
"35,13 : 16.12"
"35,14 : 27.02"
"35,15 : 34.01"
"35,16 : 67.62"
"35,17 : 101.77"
"35,18 : 17.12"
"35,19 : 10.05"
"35,20 : 93.74"
"35,21 : 67.07"
"35,22 : 66.01"
"35,23 : 44.27"
"35,24 : 73.11"
"35,25 : 51.2"
"35,26 : 36.88"
"35,27 : 101.59"
"35,28 : 33.12"
"35,29 : 65.46"
"35,30 : 85.33"
"35,31 : 33.02"
"35,32 : 56.08"
"35,33 : 81.86"
"35,34 : 47.8"
"35,35 : 0.0"
"35,36 : 53.71"
"35,37 : 67.27"
"35,38 : 39.12"
"35,39 : 90.05"
"35,40 : 97.72"
"35,41 : 94.87"
"35,42 : 64.28"
"35,43 : 52.48"
"35,44 : 46.14"
"35,45 : 83.73"
"35,46 : 46.87"
"35,47 : 48.3"
"35,48 : 40.85"
"35,49 : 37.0"
"36,0 : 93.3"
"36,1 : 89.56"
"36,2 : 44.1"
"36,3 : 111.83"
"36,4 : 102.69"
"36,5 : 110.42"
"36,6 : 64.35"
"36,7 : 72.17"
"36,8 : 50.8"
"36,9 : 48.8"
"36,10 : 8.06"
"36,11 : 62.01"
"36,12 : 75.01"
"36,13 : 47.38"
"36,14 : 28.44"
"36,15 : 25.81"
"36,16 : 20.4"
"36,17 : 72.69"
"36,18 : 37.74"
"36,19 : 45.28"
"36,20 : 96.9"
"36,21 : 64.35"
"36,22 : 65.12"
"36,23 : 40.31"
"36,24 : 73.55"
"36,25 : 11.05"
"36,26 : 73.25"
"36,27 : 112.04"
"36,28 : 65.38"
"36,29 : 48.83"
"36,30 : 70.71"
"36,31 : 84.65"
"36,32 : 76.16"
"36,33 : 98.79"
"36,34 : 87.28"
"36,35 : 53.71"
"36,36 : 0.0"
"36,37 : 23.02"
"36,38 : 49.04"
"36,39 : 56.14"
"36,40 : 106.22"
"36,41 : 56.22"
"36,42 : 60.11"
"36,43 : 6.4"
"36,44 : 9.06"
"36,45 : 85.56"
"36,46 : 62.77"
"36,47 : 34.21"
"36,48 : 65.97"
"36,49 : 17.2"
"37,0 : 89.36"
"37,1 : 87.02"
"37,2 : 21.38"
"37,3 : 101.13"
"37,4 : 97.32"
"37,5 : 98.84"
"37,6 : 51.89"
"37,7 : 49.16"
"37,8 : 60.21"
"37,9 : 37.64"
"37,10 : 25.63"
"37,11 : 66.73"
"37,12 : 79.7"
"37,13 : 56.08"
"37,14 : 40.31"
"37,15 : 46.82"
"37,16 : 4.24"
"37,17 : 50.22"
"37,18 : 54.2"
"37,19 : 60.96"
"37,20 : 82.66"
"37,21 : 51.89"
"37,22 : 53.31"
"37,23 : 36.12"
"37,24 : 60.83"
"37,25 : 34.0"
"37,26 : 75.93"
"37,27 : 99.48"
"37,28 : 67.91"
"37,29 : 33.62"
"37,30 : 52.4"
"37,31 : 93.94"
"37,32 : 71.34"
"37,33 : 89.81"
"37,34 : 89.44"
"37,35 : 67.27"
"37,36 : 23.02"
"37,37 : 0.0"
"37,38 : 47.38"
"37,39 : 33.38"
"37,40 : 93.3"
"37,41 : 33.24"
"37,42 : 47.93"
"37,43 : 18.68"
"37,44 : 24.17"
"37,45 : 71.87"
"37,46 : 59.01"
"37,47 : 28.07"
"37,48 : 65.38"
"37,49 : 36.25"
"38,0 : 44.27"
"38,1 : 40.79"
"38,2 : 50.77"
"38,3 : 65.8"
"38,4 : 53.71"
"38,5 : 65.44"
"38,6 : 28.0"
"38,7 : 75.01"
"38,8 : 26.31"
"38,9 : 20.25"
"38,10 : 42.05"
"38,11 : 22.63"
"38,12 : 34.13"
"38,13 : 23.02"
"38,14 : 28.43"
"38,15 : 49.04"
"38,16 : 50.09"
"38,17 : 65.73"
"38,18 : 39.56"
"38,19 : 40.61"
"38,20 : 57.01"
"38,21 : 28.0"
"38,22 : 27.07"
"38,23 : 11.4"
"38,24 : 34.71"
"38,25 : 54.71"
"38,26 : 29.15"
"38,27 : 68.24"
"38,28 : 21.47"
"38,29 : 29.21"
"38,30 : 46.57"
"38,31 : 52.35"
"38,32 : 27.29"
"38,33 : 51.66"
"38,34 : 42.2"
"38,35 : 39.12"
"38,36 : 49.04"
"38,37 : 47.38"
"38,38 : 0.0"
"38,39 : 57.31"
"38,40 : 63.29"
"38,41 : 64.2"
"38,42 : 25.18"
"38,43 : 43.68"
"38,44 : 40.31"
"38,45 : 46.17"
"38,46 : 13.89"
"38,47 : 19.42"
"38,48 : 18.03"
"38,49 : 41.87"
"39,0 : 87.64"
"39,1 : 87.66"
"39,2 : 12.04"
"39,3 : 87.46"
"39,4 : 92.57"
"39,5 : 83.86"
"39,6 : 43.42"
"39,7 : 18.36"
"39,8 : 79.63"
"39,9 : 38.01"
"39,10 : 57.14"
"39,11 : 79.93"
"39,12 : 91.05"
"39,13 : 75.45"
"39,14 : 65.55"
"39,15 : 77.78"
"39,16 : 36.88"
"39,17 : 17.09"
"39,18 : 80.99"
"39,19 : 86.41"
"39,20 : 64.54"
"39,21 : 43.42"
"39,22 : 45.61"
"39,23 : 47.51"
"39,24 : 49.25"
"39,25 : 67.19"
"39,26 : 85.21"
"39,27 : 82.76"
"39,28 : 78.24"
"39,29 : 28.84"
"39,30 : 30.59"
"39,31 : 109.6"
"39,32 : 70.94"
"39,33 : 80.1"
"39,34 : 96.38"
"39,35 : 90.05"
"39,36 : 56.14"
"39,37 : 33.38"
"39,38 : 57.31"
"39,39 : 0.0"
"39,40 : 76.49"
"39,41 : 9.0"
"39,42 : 41.44"
"39,43 : 51.0"
"39,44 : 55.23"
"39,45 : 56.22"
"39,46 : 62.77"
"39,47 : 41.88"
"39,48 : 72.11"
"39,49 : 66.75"
"40,0 : 41.0"
"40,1 : 46.53"
"40,2 : 80.65"
"40,3 : 13.42"
"40,4 : 35.78"
"40,5 : 8.54"
"40,6 : 42.01"
"40,7 : 84.01"
"40,8 : 85.09"
"40,9 : 57.49"
"40,10 : 101.12"
"40,11 : 72.03"
"40,12 : 72.11"
"40,13 : 83.38"
"40,14 : 91.53"
"40,15 : 112.07"
"40,16 : 97.42"
"40,17 : 69.01"
"40,18 : 102.42"
"40,19 : 102.16"
"40,20 : 12.04"
"40,21 : 42.01"
"40,22 : 41.11"
"40,23 : 67.36"
"40,24 : 32.8"
"40,25 : 114.56"
"40,26 : 65.28"
"40,27 : 6.32"
"40,28 : 65.51"
"40,29 : 59.68"
"40,30 : 45.89"
"40,31 : 92.05"
"40,32 : 41.98"
"40,33 : 19.65"
"40,34 : 64.5"
"40,35 : 97.72"
"40,36 : 106.22"
"40,37 : 93.3"
"40,38 : 63.29"
"40,39 : 76.49"
"40,40 : 0.0"
"40,41 : 85.33"
"40,42 : 46.23"
"40,43 : 99.9"
"40,44 : 98.99"
"40,45 : 21.47"
"40,46 : 51.48"
"40,47 : 72.14"
"40,48 : 57.01"
"40,49 : 103.86"
"41,0 : 96.3"
"41,1 : 96.14"
"41,2 : 14.42"
"41,3 : 96.42"
"41,4 : 101.43"
"41,5 : 92.78"
"41,6 : 52.17"
"41,7 : 16.0"
"41,8 : 85.15"
"41,9 : 45.65"
"41,10 : 58.46"
"41,11 : 86.68"
"41,12 : 98.23"
"41,13 : 80.92"
"41,14 : 69.35"
"41,15 : 79.56"
"41,16 : 36.01"
"41,17 : 21.93"
"41,18 : 84.53"
"41,19 : 90.43"
"41,20 : 73.35"
"41,21 : 52.17"
"41,22 : 54.34"
"41,23 : 53.81"
"41,24 : 58.22"
"41,25 : 67.12"
"41,26 : 92.65"
"41,27 : 91.59"
"41,28 : 85.45"
"41,29 : 36.67"
"41,30 : 39.46"
"41,31 : 116.18"
"41,32 : 79.38"
"41,33 : 89.09"
"41,34 : 104.24"
"41,35 : 94.87"
"41,36 : 56.22"
"41,37 : 33.24"
"41,38 : 64.2"
"41,39 : 9.0"
"41,40 : 85.33"
"41,41 : 0.0"
"41,42 : 50.0"
"41,43 : 51.79"
"41,44 : 56.75"
"41,45 : 65.19"
"41,46 : 70.66"
"41,47 : 47.42"
"41,48 : 79.76"
"41,49 : 68.68"
"42,0 : 46.32"
"42,1 : 46.24"
"42,2 : 40.05"
"42,3 : 53.23"
"42,4 : 52.09"
"42,5 : 51.11"
"42,6 : 4.24"
"42,7 : 56.6"
"42,8 : 51.48"
"42,9 : 11.31"
"42,10 : 55.44"
"42,11 : 45.19"
"42,12 : 53.6"
"42,13 : 48.17"
"42,14 : 49.34"
"42,15 : 68.94"
"42,16 : 51.89"
"42,17 : 44.6"
"42,18 : 62.97"
"42,19 : 65.12"
"42,20 : 36.88"
"42,21 : 4.24"
"42,22 : 5.39"
"42,23 : 23.41"
"42,24 : 13.45"
"42,25 : 68.88"
"42,26 : 46.86"
"42,27 : 52.2"
"42,28 : 41.34"
"42,29 : 15.13"
"42,30 : 21.93"
"42,31 : 74.09"
"42,32 : 29.55"
"42,33 : 42.2"
"42,34 : 56.22"
"42,35 : 64.28"
"42,36 : 60.11"
"42,37 : 47.93"
"42,38 : 25.18"
"42,39 : 41.44"
"42,40 : 46.23"
"42,41 : 50.0"
"42,42 : 0.0"
"42,43 : 53.76"
"42,44 : 53.26"
"42,45 : 25.5"
"42,46 : 23.43"
"42,47 : 26.4"
"42,48 : 33.42"
"42,49 : 59.54"
"43,0 : 87.93"
"43,1 : 84.4"
"43,2 : 39.01"
"43,3 : 105.68"
"43,4 : 97.14"
"43,5 : 104.2"
"43,6 : 58.0"
"43,7 : 67.6"
"43,8 : 48.08"
"43,9 : 42.45"
"43,10 : 7.21"
"43,11 : 58.14"
"43,12 : 71.25"
"43,13 : 44.38"
"43,14 : 26.0"
"43,15 : 28.23"
"43,16 : 17.0"
"43,17 : 67.27"
"43,18 : 37.54"
"43,19 : 44.82"
"43,20 : 90.52"
"43,21 : 58.0"
"43,22 : 58.8"
"43,23 : 34.44"
"43,24 : 67.21"
"43,25 : 16.76"
"43,26 : 69.01"
"43,27 : 105.76"
"43,28 : 61.03"
"43,29 : 42.44"
"43,30 : 64.41"
"43,31 : 82.22"
"43,32 : 70.58"
"43,33 : 92.78"
"43,34 : 83.02"
"43,35 : 52.48"
"43,36 : 6.4"
"43,37 : 18.68"
"43,38 : 43.68"
"43,39 : 51.0"
"43,40 : 99.9"
"43,41 : 51.79"
"43,42 : 53.76"
"43,43 : 0.0"
"43,44 : 6.4"
"43,45 : 79.2"
"43,46 : 57.25"
"43,47 : 28.02"
"43,48 : 61.0"
"43,49 : 18.03"
"44,0 : 84.5"
"44,1 : 80.65"
"44,2 : 43.42"
"44,3 : 104.02"
"44,4 : 94.02"
"44,5 : 102.83"
"44,6 : 57.49"
"44,7 : 72.37"
"44,8 : 42.2"
"44,9 : 42.01"
"44,10 : 2.24"
"44,11 : 53.0"
"44,12 : 66.03"
"44,13 : 38.64"
"44,14 : 19.92"
"44,15 : 22.8"
"44,16 : 23.02"
"44,17 : 71.01"
"44,18 : 31.14"
"44,19 : 38.42"
"44,20 : 90.14"
"44,21 : 57.49"
"44,22 : 58.05"
"44,23 : 32.2"
"44,24 : 66.6"
"44,25 : 15.62"
"44,26 : 64.2"
"44,27 : 104.69"
"44,28 : 56.32"
"44,29 : 43.38"
"44,30 : 65.92"
"44,31 : 76.24"
"44,32 : 67.54"
"44,33 : 90.7"
"44,34 : 78.23"
"44,35 : 46.14"
"44,36 : 9.06"
"44,37 : 24.17"
"44,38 : 40.31"
"44,39 : 55.23"
"44,40 : 98.99"
"44,41 : 56.75"
"44,42 : 53.26"
"44,43 : 6.4"
"44,44 : 0.0"
"44,45 : 78.75"
"44,46 : 54.13"
"44,47 : 26.91"
"44,48 : 57.01"
"44,49 : 12.08"
"45,0 : 41.04"
"45,1 : 44.41"
"45,2 : 59.48"
"45,3 : 31.26"
"45,4 : 41.34"
"45,5 : 27.89"
"45,6 : 21.26"
"45,7 : 65.92"
"45,8 : 70.71"
"45,9 : 36.8"
"45,10 : 80.92"
"45,11 : 60.03"
"45,12 : 63.79"
"45,13 : 68.25"
"45,14 : 73.35"
"45,15 : 93.54"
"45,16 : 76.01"
"45,17 : 51.2"
"45,18 : 85.7"
"45,19 : 86.59"
"45,20 : 11.4"
"45,21 : 21.26"
"45,22 : 20.81"
"45,23 : 48.02"
"45,24 : 12.21"
"45,25 : 94.37"
"45,26 : 56.52"
"45,27 : 27.73"
"45,28 : 54.23"
"45,29 : 38.28"
"45,30 : 26.02"
"45,31 : 84.9"
"45,32 : 32.57"
"45,33 : 25.63"
"45,34 : 60.37"
"45,35 : 83.73"
"45,36 : 85.56"
"45,37 : 71.87"
"45,38 : 46.17"
"45,39 : 56.22"
"45,40 : 21.47"
"45,41 : 65.19"
"45,42 : 25.5"
"45,43 : 79.2"
"45,44 : 78.75"
"45,45 : 0.0"
"45,46 : 37.05"
"45,47 : 51.86"
"45,48 : 45.18"
"45,49 : 84.6"
"46,0 : 30.81"
"46,1 : 28.02"
"46,2 : 58.52"
"46,3 : 52.63"
"46,4 : 39.92"
"46,5 : 52.7"
"46,6 : 24.19"
"46,7 : 79.2"
"46,8 : 33.96"
"46,9 : 25.08"
"46,10 : 55.9"
"46,11 : 23.35"
"46,12 : 30.23"
"46,13 : 31.95"
"46,14 : 41.73"
"46,15 : 62.24"
"46,16 : 62.13"
"46,17 : 67.88"
"46,18 : 51.11"
"46,19 : 50.7"
"46,20 : 46.87"
"46,21 : 24.19"
"46,22 : 22.36"
"46,23 : 23.35"
"46,24 : 27.46"
"46,25 : 68.6"
"46,26 : 23.43"
"46,27 : 55.95"
"46,28 : 18.38"
"46,29 : 34.0"
"46,30 : 44.94"
"46,31 : 51.0"
"46,32 : 13.42"
"46,33 : 38.21"
"46,34 : 33.62"
"46,35 : 46.87"
"46,36 : 62.77"
"46,37 : 59.01"
"46,38 : 13.89"
"46,39 : 62.77"
"46,40 : 51.48"
"46,41 : 70.66"
"46,42 : 23.43"
"46,43 : 57.25"
"46,44 : 54.13"
"46,45 : 37.05"
"46,46 : 0.0"
"46,47 : 31.14"
"46,48 : 10.0"
"46,49 : 55.61"
"47,0 : 61.81"
"47,1 : 59.14"
"47,2 : 33.24"
"47,3 : 77.67"
"47,4 : 70.34"
"47,5 : 76.22"
"47,6 : 30.61"
"47,7 : 60.21"
"47,8 : 37.8"
"47,9 : 15.26"
"47,10 : 29.07"
"47,11 : 40.31"
"47,12 : 52.8"
"47,13 : 33.6"
"47,14 : 26.02"
"47,15 : 43.68"
"47,16 : 31.02"
"47,17 : 53.76"
"47,18 : 41.3"
"47,19 : 45.61"
"47,20 : 63.25"
"47,21 : 30.61"
"47,22 : 31.14"
"47,23 : 8.06"
"47,24 : 39.7"
"47,25 : 42.52"
"47,26 : 48.38"
"47,27 : 77.9"
"47,28 : 40.5"
"47,29 : 19.03"
"47,30 : 41.59"
"47,31 : 69.2"
"47,32 : 43.93"
"47,33 : 64.88"
"47,34 : 61.61"
"47,35 : 48.3"
"47,36 : 34.21"
"47,37 : 28.07"
"47,38 : 19.42"
"47,39 : 41.88"
"47,40 : 72.14"
"47,41 : 47.42"
"47,42 : 26.4"
"47,43 : 28.02"
"47,44 : 26.91"
"47,45 : 51.86"
"47,46 : 31.14"
"47,47 : 0.0"
"47,48 : 37.34"
"47,49 : 33.62"
"48,0 : 28.3"
"48,1 : 23.77"
"48,2 : 67.12"
"48,3 : 55.95"
"48,4 : 38.6"
"48,5 : 56.86"
"48,6 : 34.13"
"48,7 : 88.87"
"48,8 : 28.65"
"48,9 : 34.13"
"48,10 : 58.52"
"48,11 : 15.13"
"48,12 : 20.25"
"48,13 : 27.8"
"48,14 : 41.68"
"48,15 : 61.4"
"48,16 : 68.12"
"48,17 : 77.79"
"48,18 : 48.17"
"48,19 : 46.32"
"48,20 : 54.08"
"48,21 : 34.13"
"48,22 : 32.25"
"48,23 : 29.27"
"48,24 : 36.69"
"48,25 : 70.38"
"48,26 : 13.45"
"48,27 : 60.75"
"48,28 : 9.06"
"48,29 : 43.27"
"48,30 : 54.92"
"48,31 : 41.15"
"48,32 : 15.23"
"48,33 : 41.18"
"48,34 : 24.7"
"48,35 : 40.85"
"48,36 : 65.97"
"48,37 : 65.38"
"48,38 : 18.03"
"48,39 : 72.11"
"48,40 : 57.01"
"48,41 : 79.76"
"48,42 : 33.42"
"48,43 : 61.0"
"48,44 : 57.01"
"48,45 : 45.18"
"48,46 : 10.0"
"48,47 : 37.34"
"48,48 : 0.0"
"48,49 : 56.36"
"49,0 : 84.6"
"49,1 : 80.06"
"49,2 : 55.11"
"49,3 : 107.49"
"49,4 : 94.67"
"49,5 : 106.83"
"49,6 : 63.63"
"49,7 : 84.17"
"49,8 : 36.01"
"49,9 : 48.75"
"49,10 : 10.82"
"49,11 : 49.24"
"49,12 : 61.66"
"49,13 : 33.24"
"49,14 : 14.87"
"49,15 : 11.05"
"49,16 : 34.99"
"49,17 : 82.1"
"49,18 : 20.59"
"49,19 : 28.18"
"49,20 : 95.96"
"49,21 : 63.63"
"49,22 : 63.81"
"49,23 : 36.62"
"49,24 : 72.4"
"49,25 : 15.03"
"49,26 : 61.13"
"49,27 : 109.22"
"49,28 : 53.76"
"49,29 : 51.92"
"49,30 : 74.73"
"49,31 : 68.88"
"49,32 : 68.82"
"49,33 : 93.51"
"49,34 : 74.95"
"49,35 : 37.0"
"49,36 : 17.2"
"49,37 : 36.25"
"49,38 : 41.87"
"49,39 : 66.75"
"49,40 : 103.86"
"49,41 : 68.68"
"49,42 : 59.54"
"49,43 : 18.03"
"49,44 : 12.08"
"49,45 : 84.6"
"49,46 : 55.61"
"49,47 : 33.62"
"49,48 : 56.36"
"49,49 : 0.0"
