x,y
83,67
29,22
11,58
100,87
8,30
96,38
100,82
15,61
58,95
54,71
2,94
44,74
56,76
76,71
78,44
31,30
0,35
89,71
20,54
33,43
24,66
28,32
65,70
99,41
76,89
92,64
0,6
21,23
77,29
4,45
15,60
29,21
98,42
84,82
28,57
97,67
14,91
46,32
44,6
84,56
40,40
100,20
21,100
63,66
22,19
78,71
0,98
59,9
5,89
5,99

Distanze
"0,0 : 0.0"
"0,1 : 17.8"
"0,2 : 19.92"
"0,3 : 26.25"
"0,4 : 55.76"
"0,5 : 30.41"
"0,6 : 62.17"
"0,7 : 7.62"
"0,8 : 58.52"
"0,9 : 34.89"
"0,10 : 21.02"
"0,11 : 66.24"
"0,12 : 79.16"
"0,13 : 71.57"
"0,14 : 61.29"
"0,15 : 58.69"
"0,16 : 73.01"
"0,17 : 74.09"
"0,18 : 48.04"
"0,19 : 67.54"
"0,20 : 54.67"
"0,21 : 85.38"
"0,22 : 77.88"
"0,23 : 50.99"
"0,24 : 88.65"
"0,25 : 36.07"
"0,26 : 80.78"
"0,27 : 100.12"
"0,28 : 90.25"
"0,29 : 89.81"
"0,30 : 40.22"
"0,31 : 29.68"
"0,32 : 76.54"
"0,33 : 32.7"
"0,34 : 42.49"
"0,35 : 31.06"
"0,36 : 13.89"
"0,37 : 88.6"
"0,38 : 48.88"
"0,39 : 53.15"
"0,40 : 12.04"
"0,41 : 52.47"
"0,42 : 25.63"
"0,43 : 56.04"
"0,44 : 43.42"
"0,45 : 43.0"
"0,46 : 43.27"
"0,47 : 84.59"
"0,48 : 80.72"
"0,49 : 65.19"
"1,0 : 17.8"
"1,1 : 0.0"
"1,2 : 33.38"
"1,3 : 39.12"
"1,4 : 56.85"
"1,5 : 12.81"
"1,6 : 50.04"
"1,7 : 22.47"
"1,8 : 66.41"
"1,9 : 45.28"
"1,10 : 16.4"
"1,11 : 50.33"
"1,12 : 70.6"
"1,13 : 60.21"
"1,14 : 50.64"
"1,15 : 63.53"
"1,16 : 60.07"
"1,17 : 81.93"
"1,18 : 38.9"
"1,19 : 65.95"
"1,20 : 60.93"
"1,21 : 71.2"
"1,22 : 72.01"
"1,23 : 64.01"
"1,24 : 82.08"
"1,25 : 18.44"
"1,26 : 65.97"
"1,27 : 100.42"
"1,28 : 84.97"
"1,29 : 78.03"
"1,30 : 48.51"
"1,31 : 14.14"
"1,32 : 75.74"
"1,33 : 19.03"
"1,34 : 52.61"
"1,35 : 45.89"
"1,36 : 21.02"
"1,37 : 74.81"
"1,38 : 57.72"
"1,39 : 56.94"
"1,40 : 20.88"
"1,41 : 46.07"
"1,42 : 13.93"
"1,43 : 51.87"
"1,44 : 59.48"
"1,45 : 34.93"
"1,46 : 51.66"
"1,47 : 73.11"
"1,48 : 85.59"
"1,49 : 62.2"
"2,0 : 19.92"
"2,1 : 33.38"
"2,2 : 0.0"
"2,3 : 6.32"
"2,4 : 42.45"
"2,5 : 43.66"
"2,6 : 63.13"
"2,7 : 12.37"
"2,8 : 39.7"
"2,9 : 15.62"
"2,10 : 25.0"
"2,11 : 72.84"
"2,12 : 74.33"
"2,13 : 70.77"
"2,14 : 60.42"
"2,15 : 41.88"
"2,16 : 74.3"
"2,17 : 55.0"
"2,18 : 46.96"
"2,19 : 55.9"
"2,20 : 37.01"
"2,21 : 87.98"
"2,22 : 70.03"
"2,23 : 31.26"
"2,24 : 81.02"
"2,25 : 48.85"
"2,26 : 84.63"
"2,27 : 85.43"
"2,28 : 81.15"
"2,29 : 88.6"
"2,30 : 22.02"
"2,31 : 39.82"
"2,32 : 63.6"
"2,33 : 40.0"
"2,34 : 23.02"
"2,35 : 12.65"
"2,36 : 13.42"
"2,37 : 90.43"
"2,38 : 29.83"
"2,39 : 37.58"
"2,40 : 30.89"
"2,41 : 47.54"
"2,42 : 33.29"
"2,43 : 48.17"
"2,44 : 26.83"
"2,45 : 41.59"
"2,46 : 24.76"
"2,47 : 83.22"
"2,48 : 63.13"
"2,49 : 55.15"
"3,0 : 26.25"
"3,1 : 39.12"
"3,2 : 6.32"
"3,3 : 0.0"
"3,4 : 39.32"
"3,5 : 48.76"
"3,6 : 64.64"
"3,7 : 18.68"
"3,8 : 33.94"
"3,9 : 10.0"
"3,10 : 29.07"
"3,11 : 75.82"
"3,12 : 73.76"
"3,13 : 71.59"
"3,14 : 61.4"
"3,15 : 37.12"
"3,16 : 75.72"
"3,17 : 49.04"
"3,18 : 48.26"
"3,19 : 53.15"
"3,20 : 31.91"
"3,21 : 89.63"
"3,22 : 68.47"
"3,23 : 25.08"
"3,24 : 79.4"
"3,25 : 53.76"
"3,26 : 86.68"
"3,27 : 81.15"
"3,28 : 79.01"
"3,29 : 89.05"
"3,30 : 17.0"
"3,31 : 44.38"
"3,32 : 60.21"
"3,33 : 43.91"
"3,34 : 17.03"
"3,35 : 8.49"
"3,36 : 18.44"
"3,37 : 91.81"
"3,38 : 24.04"
"3,39 : 33.53"
"3,40 : 37.12"
"3,41 : 47.54"
"3,42 : 37.58"
"3,43 : 47.07"
"3,44 : 22.8"
"3,45 : 43.01"
"3,46 : 19.42"
"3,47 : 83.67"
"3,48 : 57.8"
"3,49 : 53.04"
"4,0 : 55.76"
"4,1 : 56.85"
"4,2 : 42.45"
"4,3 : 39.32"
"4,4 : 0.0"
"4,5 : 58.14"
"4,6 : 44.27"
"4,7 : 49.65"
"4,8 : 24.21"
"4,9 : 31.02"
"4,10 : 40.46"
"4,11 : 62.97"
"4,12 : 40.61"
"4,13 : 45.79"
"4,14 : 38.63"
"4,15 : 13.42"
"4,16 : 52.77"
"4,17 : 33.96"
"4,18 : 32.02"
"4,19 : 14.04"
"4,20 : 16.97"
"4,21 : 66.37"
"4,22 : 31.78"
"4,23 : 42.06"
"4,24 : 42.06"
"4,25 : 60.17"
"4,26 : 66.21"
"4,27 : 44.41"
"4,28 : 40.45"
"4,29 : 59.4"
"4,30 : 24.19"
"4,31 : 50.99"
"4,32 : 21.19"
"4,33 : 46.24"
"4,34 : 29.12"
"4,35 : 45.01"
"4,36 : 41.88"
"4,37 : 66.85"
"4,38 : 25.06"
"4,39 : 8.6"
"4,40 : 67.68"
"4,41 : 23.54"
"4,42 : 45.28"
"4,43 : 16.55"
"4,44 : 54.57"
"4,45 : 30.27"
"4,46 : 23.77"
"4,47 : 54.49"
"4,48 : 30.81"
"4,49 : 15.65"
"5,0 : 30.41"
"5,1 : 12.81"
"5,2 : 43.66"
"5,3 : 48.76"
"5,4 : 58.14"
"5,5 : 0.0"
"5,6 : 41.23"
"5,7 : 34.13"
"5,8 : 71.85"
"5,9 : 53.24"
"5,10 : 21.0"
"5,11 : 38.33"
"5,12 : 63.98"
"5,13 : 51.66"
"5,14 : 43.08"
"5,15 : 67.05"
"5,16 : 50.25"
"5,17 : 86.88"
"5,18 : 33.6"
"5,19 : 64.82"
"5,20 : 65.51"
"5,21 : 60.21"
"5,22 : 67.42"
"5,23 : 72.84"
"5,24 : 76.66"
"5,25 : 5.66"
"5,26 : 54.59"
"5,27 : 99.64"
"5,28 : 80.45"
"5,29 : 68.73"
"5,30 : 55.04"
"5,31 : 7.21"
"5,32 : 74.81"
"5,33 : 12.73"
"5,34 : 60.03"
"5,35 : 56.3"
"5,36 : 30.36"
"5,37 : 64.07"
"5,38 : 64.12"
"5,39 : 60.08"
"5,40 : 33.11"
"5,41 : 42.45"
"5,42 : 13.34"
"5,43 : 49.58"
"5,44 : 70.38"
"5,45 : 31.11"
"5,46 : 58.08"
"5,47 : 64.13"
"5,48 : 88.39"
"5,49 : 60.21"
"6,0 : 62.17"
"6,1 : 50.04"
"6,2 : 63.13"
"6,3 : 64.64"
"6,4 : 44.27"
"6,5 : 41.23"
"6,6 : 0.0"
"6,7 : 61.03"
"6,8 : 67.54"
"6,9 : 62.24"
"6,10 : 41.48"
"6,11 : 20.22"
"6,12 : 24.76"
"6,13 : 10.44"
"6,14 : 6.0"
"6,15 : 57.58"
"6,16 : 11.18"
"6,17 : 78.16"
"6,18 : 16.4"
"6,19 : 41.0"
"6,20 : 59.93"
"6,21 : 25.0"
"6,22 : 32.65"
"6,23 : 80.28"
"6,24 : 38.95"
"6,25 : 38.63"
"6,26 : 22.8"
"6,27 : 71.47"
"6,28 : 44.41"
"6,29 : 28.0"
"6,30 : 58.9"
"6,31 : 36.22"
"6,32 : 49.37"
"6,33 : 31.02"
"6,34 : 65.3"
"6,35 : 73.01"
"6,36 : 52.55"
"6,37 : 27.29"
"6,38 : 64.9"
"6,39 : 51.48"
"6,40 : 70.11"
"6,41 : 21.02"
"6,42 : 37.12"
"6,43 : 27.89"
"6,44 : 86.68"
"6,45 : 21.63"
"6,46 : 60.61"
"6,47 : 23.09"
"6,48 : 72.34"
"6,49 : 35.0"
"7,0 : 7.62"
"7,1 : 22.47"
"7,2 : 12.37"
"7,3 : 18.68"
"7,4 : 49.65"
"7,5 : 34.13"
"7,6 : 61.03"
"7,7 : 0.0"
"7,8 : 51.04"
"7,9 : 27.29"
"7,10 : 19.7"
"7,11 : 67.42"
"7,12 : 76.03"
"7,13 : 69.86"
"7,14 : 59.44"
"7,15 : 51.66"
"7,16 : 72.11"
"7,17 : 66.57"
"7,18 : 45.89"
"7,19 : 62.03"
"7,20 : 47.42"
"7,21 : 85.09"
"7,22 : 73.68"
"7,23 : 43.57"
"7,24 : 84.59"
"7,25 : 39.66"
"7,26 : 80.95"
"7,27 : 93.81"
"7,28 : 85.7"
"7,29 : 88.07"
"7,30 : 32.8"
"7,31 : 31.83"
"7,32 : 70.68"
"7,33 : 33.6"
"7,34 : 34.89"
"7,35 : 24.02"
"7,36 : 9.0"
"7,37 : 88.02"
"7,38 : 41.34"
"7,39 : 46.4"
"7,40 : 19.21"
"7,41 : 49.0"
"7,42 : 26.4"
"7,43 : 51.62"
"7,44 : 37.11"
"7,45 : 40.61"
"7,46 : 35.81"
"7,47 : 82.76"
"7,48 : 73.55"
"7,49 : 60.17"
"8,0 : 58.52"
"8,1 : 66.41"
"8,2 : 39.7"
"8,3 : 33.94"
"8,4 : 24.21"
"8,5 : 71.85"
"8,6 : 67.54"
"8,7 : 51.04"
"8,8 : 0.0"
"8,9 : 24.08"
"8,10 : 51.2"
"8,11 : 85.07"
"8,12 : 64.38"
"8,13 : 69.89"
"8,14 : 62.18"
"8,15 : 11.4"
"8,16 : 76.66"
"8,17 : 15.65"
"8,18 : 53.45"
"8,19 : 35.23"
"8,20 : 7.62"
"8,21 : 90.43"
"8,22 : 54.41"
"8,23 : 22.02"
"8,24 : 63.63"
"8,25 : 75.33"
"8,26 : 89.94"
"8,27 : 51.48"
"8,28 : 60.42"
"8,29 : 83.49"
"8,30 : 18.36"
"8,31 : 65.38"
"8,32 : 37.0"
"8,33 : 62.03"
"8,34 : 17.03"
"8,35 : 34.99"
"8,36 : 46.52"
"8,37 : 91.02"
"8,38 : 9.9"
"8,39 : 16.12"
"8,40 : 70.21"
"8,41 : 46.52"
"8,42 : 58.55"
"8,43 : 40.5"
"8,44 : 38.47"
"8,45 : 50.22"
"8,46 : 15.26"
"8,47 : 78.64"
"8,48 : 24.6"
"8,49 : 38.95"
"9,0 : 34.89"
"9,1 : 45.28"
"9,2 : 15.62"
"9,3 : 10.0"
"9,4 : 31.02"
"9,5 : 53.24"
"9,6 : 62.24"
"9,7 : 27.29"
"9,8 : 24.08"
"9,9 : 0.0"
"9,10 : 32.39"
"9,11 : 75.72"
"9,12 : 68.15"
"9,13 : 68.01"
"9,14 : 58.26"
"9,15 : 27.31"
"9,16 : 73.0"
"9,17 : 39.41"
"9,18 : 45.97"
"9,19 : 45.04"
"9,20 : 21.95"
"9,21 : 87.11"
"9,22 : 61.61"
"9,23 : 19.92"
"9,24 : 72.37"
"9,25 : 57.71"
"9,26 : 84.86"
"9,27 : 71.51"
"9,28 : 71.34"
"9,29 : 84.72"
"9,30 : 7.28"
"9,31 : 47.85"
"9,32 : 51.35"
"9,33 : 46.17"
"9,34 : 7.62"
"9,35 : 14.0"
"9,36 : 24.33"
"9,37 : 88.87"
"9,38 : 14.21"
"9,39 : 24.33"
"9,40 : 46.32"
"9,41 : 43.27"
"9,42 : 40.79"
"9,43 : 41.23"
"9,44 : 25.06"
"9,45 : 41.11"
"9,46 : 9.43"
"9,47 : 79.4"
"9,48 : 47.8"
"9,49 : 45.71"
"10,0 : 21.02"
"10,1 : 16.4"
"10,2 : 25.0"
"10,3 : 29.07"
"10,4 : 40.46"
"10,5 : 21.0"
"10,6 : 41.48"
"10,7 : 19.7"
"10,8 : 51.2"
"10,9 : 32.39"
"10,10 : 0.0"
"10,11 : 48.27"
"10,12 : 58.31"
"10,13 : 50.64"
"10,14 : 40.31"
"10,15 : 47.42"
"10,16 : 52.5"
"10,17 : 66.48"
"10,18 : 27.02"
"10,19 : 50.0"
"10,20 : 45.22"
"10,21 : 65.39"
"10,22 : 57.87"
"10,23 : 52.17"
"10,24 : 68.41"
"10,25 : 25.32"
"10,26 : 61.29"
"10,27 : 84.22"
"10,28 : 70.58"
"10,29 : 68.88"
"10,30 : 34.06"
"10,31 : 15.52"
"10,32 : 59.67"
"10,33 : 15.0"
"10,34 : 39.05"
"10,35 : 37.22"
"10,36 : 12.04"
"10,37 : 68.35"
"10,38 : 43.19"
"10,39 : 40.71"
"10,40 : 30.81"
"10,41 : 32.02"
"10,42 : 8.54"
"10,43 : 36.67"
"10,44 : 51.62"
"10,45 : 22.02"
"10,46 : 37.12"
"10,47 : 63.64"
"10,48 : 69.35"
"10,49 : 46.65"
"11,0 : 66.24"
"11,1 : 50.33"
"11,2 : 72.84"
"11,3 : 75.82"
"11,4 : 62.97"
"11,5 : 38.33"
"11,6 : 20.22"
"11,7 : 67.42"
"11,8 : 85.07"
"11,9 : 75.72"
"11,10 : 48.27"
"11,11 : 0.0"
"11,12 : 42.54"
"11,13 : 26.42"
"11,14 : 26.17"
"11,15 : 75.93"
"11,16 : 19.85"
"11,17 : 96.88"
"11,18 : 31.62"
"11,19 : 61.07"
"11,20 : 77.49"
"11,21 : 23.54"
"11,22 : 52.2"
"11,23 : 95.02"
"11,24 : 56.94"
"11,25 : 33.54"
"11,26 : 17.12"
"11,27 : 91.48"
"11,28 : 63.06"
"11,29 : 36.89"
"11,30 : 73.82"
"11,31 : 36.67"
"11,32 : 69.58"
"11,33 : 33.84"
"11,34 : 80.13"
"11,35 : 84.29"
"11,36 : 60.31"
"11,37 : 27.89"
"11,38 : 81.02"
"11,39 : 69.38"
"11,40 : 71.17"
"11,41 : 39.46"
"11,42 : 41.05"
"11,43 : 47.17"
"11,44 : 98.6"
"11,45 : 35.34"
"11,46 : 76.03"
"11,47 : 34.06"
"11,48 : 92.09"
"11,49 : 55.08"
"12,0 : 79.16"
"12,1 : 70.6"
"12,2 : 74.33"
"12,3 : 73.76"
"12,4 : 40.61"
"12,5 : 63.98"
"12,6 : 24.76"
"12,7 : 76.03"
"12,8 : 64.38"
"12,9 : 68.15"
"12,10 : 58.31"
"12,11 : 42.54"
"12,12 : 0.0"
"12,13 : 16.12"
"12,14 : 21.1"
"12,15 : 53.04"
"12,16 : 23.41"
"12,17 : 70.46"
"12,18 : 31.78"
"12,19 : 30.0"
"12,20 : 57.49"
"12,21 : 32.06"
"12,22 : 12.37"
"12,23 : 82.38"
"12,24 : 14.42"
"12,25 : 62.27"
"12,26 : 35.23"
"12,27 : 51.16"
"12,28 : 20.62"
"12,29 : 19.72"
"12,30 : 62.61"
"12,31 : 57.94"
"12,32 : 34.18"
"12,33 : 52.2"
"12,34 : 68.48"
"12,35 : 81.27"
"12,36 : 67.03"
"12,37 : 30.59"
"12,38 : 65.46"
"12,39 : 49.2"
"12,40 : 88.96"
"12,41 : 27.07"
"12,42 : 56.75"
"12,43 : 26.93"
"12,44 : 93.11"
"12,45 : 36.35"
"12,46 : 63.13"
"12,47 : 15.81"
"12,48 : 60.42"
"12,49 : 25.46"
"13,0 : 71.57"
"13,1 : 60.21"
"13,2 : 70.77"
"13,3 : 71.59"
"13,4 : 45.79"
"13,5 : 51.66"
"13,6 : 10.44"
"13,7 : 69.86"
"13,8 : 69.89"
"13,9 : 68.01"
"13,10 : 50.64"
"13,11 : 26.42"
"13,12 : 16.12"
"13,13 : 0.0"
"13,14 : 10.44"
"13,15 : 59.17"
"13,16 : 8.0"
"13,17 : 78.79"
"13,18 : 24.04"
"13,19 : 39.29"
"13,20 : 62.43"
"13,21 : 20.59"
"13,22 : 26.48"
"13,23 : 84.86"
"13,24 : 30.53"
"13,25 : 49.04"
"13,26 : 21.38"
"13,27 : 66.1"
"13,28 : 36.67"
"13,29 : 18.25"
"13,30 : 63.78"
"13,31 : 46.53"
"13,32 : 46.17"
"13,33 : 41.19"
"13,34 : 70.09"
"13,35 : 79.76"
"13,36 : 61.13"
"13,37 : 21.26"
"13,38 : 68.68"
"13,39 : 53.82"
"13,40 : 80.01"
"13,41 : 24.84"
"13,42 : 47.0"
"13,43 : 29.41"
"13,44 : 92.91"
"13,45 : 29.41"
"13,46 : 65.07"
"13,47 : 13.04"
"13,48 : 71.06"
"13,49 : 33.53"
"14,0 : 61.29"
"14,1 : 50.64"
"14,2 : 60.42"
"14,3 : 61.4"
"14,4 : 38.63"
"14,5 : 43.08"
"14,6 : 6.0"
"14,7 : 59.44"
"14,8 : 62.18"
"14,9 : 58.26"
"14,10 : 40.31"
"14,11 : 26.17"
"14,12 : 21.1"
"14,13 : 10.44"
"14,14 : 0.0"
"14,15 : 52.0"
"14,16 : 14.87"
"14,17 : 72.42"
"14,18 : 13.6"
"14,19 : 35.0"
"14,20 : 54.59"
"14,21 : 29.0"
"14,22 : 27.46"
"14,23 : 75.74"
"14,24 : 34.71"
"14,25 : 41.18"
"14,26 : 27.78"
"14,27 : 65.79"
"14,28 : 39.7"
"14,29 : 28.64"
"14,30 : 54.45"
"14,31 : 37.36"
"14,32 : 43.42"
"14,33 : 31.78"
"14,34 : 60.83"
"14,35 : 69.64"
"14,36 : 50.7"
"14,37 : 30.61"
"14,38 : 60.0"
"14,39 : 46.07"
"14,40 : 70.03"
"14,41 : 15.81"
"14,42 : 37.12"
"14,43 : 22.14"
"14,44 : 83.01"
"14,45 : 18.97"
"14,46 : 55.97"
"14,47 : 23.35"
"14,48 : 66.37"
"14,49 : 29.0"
"15,0 : 58.69"
"15,1 : 63.53"
"15,2 : 41.88"
"15,3 : 37.12"
"15,4 : 13.42"
"15,5 : 67.05"
"15,6 : 57.58"
"15,7 : 51.66"
"15,8 : 11.4"
"15,9 : 27.31"
"15,10 : 47.42"
"15,11 : 75.93"
"15,12 : 53.04"
"15,13 : 59.17"
"15,14 : 52.0"
"15,15 : 0.0"
"15,16 : 66.19"
"15,17 : 21.1"
"15,18 : 44.55"
"15,19 : 23.85"
"15,20 : 6.0"
"15,21 : 79.76"
"15,22 : 43.01"
"15,23 : 32.02"
"15,24 : 52.35"
"15,25 : 69.86"
"15,26 : 79.62"
"15,27 : 44.27"
"15,28 : 49.4"
"15,29 : 72.25"
"15,30 : 20.12"
"15,31 : 60.17"
"15,32 : 26.48"
"15,33 : 56.09"
"15,34 : 22.36"
"15,35 : 40.52"
"15,36 : 45.45"
"15,37 : 80.16"
"15,38 : 16.0"
"15,39 : 7.07"
"15,40 : 70.71"
"15,41 : 36.69"
"15,42 : 53.76"
"15,43 : 29.97"
"15,44 : 47.01"
"15,45 : 42.05"
"15,46 : 18.03"
"15,47 : 67.48"
"15,48 : 22.2"
"15,49 : 27.59"
"16,0 : 73.01"
"16,1 : 60.07"
"16,2 : 74.3"
"16,3 : 75.72"
"16,4 : 52.77"
"16,5 : 50.25"
"16,6 : 11.18"
"16,7 : 72.11"
"16,8 : 76.66"
"16,9 : 73.0"
"16,10 : 52.5"
"16,11 : 19.85"
"16,12 : 23.41"
"16,13 : 8.0"
"16,14 : 14.87"
"16,15 : 66.19"
"16,16 : 0.0"
"16,17 : 86.16"
"16,18 : 27.46"
"16,19 : 47.07"
"16,20 : 69.12"
"16,21 : 14.14"
"16,22 : 34.37"
"16,23 : 90.61"
"16,24 : 37.58"
"16,25 : 46.87"
"16,26 : 13.6"
"16,27 : 73.98"
"16,28 : 44.01"
"16,29 : 18.68"
"16,30 : 69.31"
"16,31 : 46.01"
"16,32 : 54.15"
"16,33 : 41.19"
"16,34 : 75.69"
"16,35 : 84.05"
"16,36 : 63.69"
"16,37 : 16.12"
"16,38 : 74.81"
"16,39 : 60.54"
"16,40 : 80.5"
"16,41 : 30.61"
"16,42 : 47.68"
"16,43 : 36.24"
"16,44 : 97.62"
"16,45 : 32.76"
"16,46 : 70.84"
"16,47 : 14.76"
"16,48 : 78.85"
"16,49 : 41.23"
"17,0 : 74.09"
"17,1 : 81.93"
"17,2 : 55.0"
"17,3 : 49.04"
"17,4 : 33.96"
"17,5 : 86.88"
"17,6 : 78.16"
"17,7 : 66.57"
"17,8 : 15.65"
"17,9 : 39.41"
"17,10 : 66.48"
"17,11 : 96.88"
"17,12 : 70.46"
"17,13 : 78.79"
"17,14 : 72.42"
"17,15 : 21.1"
"17,16 : 86.16"
"17,17 : 0.0"
"17,18 : 65.62"
"17,19 : 40.5"
"17,20 : 21.38"
"17,21 : 99.32"
"17,22 : 59.03"
"17,23 : 31.78"
"17,24 : 66.48"
"17,25 : 90.09"
"17,26 : 99.72"
"17,27 : 44.55"
"17,28 : 61.85"
"17,29 : 90.14"
"17,30 : 34.0"
"17,31 : 80.23"
"17,32 : 38.21"
"17,33 : 76.53"
"17,34 : 32.02"
"17,35 : 48.92"
"17,36 : 62.17"
"17,37 : 99.3"
"17,38 : 25.24"
"17,39 : 28.02"
"17,40 : 85.7"
"17,41 : 57.49"
"17,42 : 73.55"
"17,43 : 50.29"
"17,44 : 49.24"
"17,45 : 63.13"
"17,46 : 30.89"
"17,47 : 85.76"
"17,48 : 15.3"
"17,49 : 45.65"
"18,0 : 48.04"
"18,1 : 38.9"
"18,2 : 46.96"
"18,3 : 48.26"
"18,4 : 32.02"
"18,5 : 33.6"
"18,6 : 16.4"
"18,7 : 45.89"
"18,8 : 53.45"
"18,9 : 45.97"
"18,10 : 27.02"
"18,11 : 31.62"
"18,12 : 31.78"
"18,13 : 24.04"
"18,14 : 13.6"
"18,15 : 44.55"
"18,16 : 27.46"
"18,17 : 65.62"
"18,18 : 0.0"
"18,19 : 33.62"
"18,20 : 45.88"
"18,21 : 41.4"
"18,22 : 33.84"
"18,23 : 64.4"
"18,24 : 43.38"
"18,25 : 33.24"
"18,26 : 38.9"
"18,27 : 67.74"
"18,28 : 46.87"
"18,29 : 42.2"
"18,30 : 43.01"
"18,31 : 26.93"
"18,32 : 43.38"
"18,33 : 21.1"
"18,34 : 49.41"
"18,35 : 56.61"
"18,36 : 37.11"
"18,37 : 43.57"
"18,38 : 49.65"
"18,39 : 37.85"
"18,40 : 57.31"
"18,41 : 9.85"
"18,42 : 25.0"
"18,43 : 18.03"
"18,44 : 70.29"
"18,45 : 5.39"
"18,46 : 44.94"
"18,47 : 36.88"
"18,48 : 62.29"
"18,49 : 28.18"
"19,0 : 67.54"
"19,1 : 65.95"
"19,2 : 55.9"
"19,3 : 53.15"
"19,4 : 14.04"
"19,5 : 64.82"
"19,6 : 41.0"
"19,7 : 62.03"
"19,8 : 35.23"
"19,9 : 45.04"
"19,10 : 50.0"
"19,11 : 61.07"
"19,12 : 30.0"
"19,13 : 39.29"
"19,14 : 35.0"
"19,15 : 23.85"
"19,16 : 47.07"
"19,17 : 40.5"
"19,18 : 33.62"
"19,19 : 0.0"
"19,20 : 29.07"
"19,21 : 59.46"
"19,22 : 19.21"
"19,23 : 55.15"
"19,24 : 28.64"
"19,25 : 65.73"
"19,26 : 60.64"
"19,27 : 34.83"
"19,28 : 26.48"
"19,29 : 49.65"
"19,30 : 38.21"
"19,31 : 57.63"
"19,32 : 10.0"
"19,33 : 52.2"
"19,34 : 42.95"
"19,35 : 59.03"
"19,36 : 53.71"
"19,37 : 59.09"
"19,38 : 38.28"
"19,39 : 21.84"
"19,40 : 79.18"
"19,41 : 23.77"
"19,42 : 53.04"
"19,43 : 15.65"
"19,44 : 68.45"
"19,45 : 34.13"
"19,46 : 37.66"
"19,47 : 45.28"
"19,48 : 31.78"
"19,49 : 6.0"
"20,0 : 54.67"
"20,1 : 60.93"
"20,2 : 37.01"
"20,3 : 31.91"
"20,4 : 16.97"
"20,5 : 65.51"
"20,6 : 59.93"
"20,7 : 47.42"
"20,8 : 7.62"
"20,9 : 21.95"
"20,10 : 45.22"
"20,11 : 77.49"
"20,12 : 57.49"
"20,13 : 62.43"
"20,14 : 54.59"
"20,15 : 6.0"
"20,16 : 69.12"
"20,17 : 21.38"
"20,18 : 45.88"
"20,19 : 29.07"
"20,20 : 0.0"
"20,21 : 82.93"
"20,22 : 48.02"
"20,23 : 26.25"
"20,24 : 57.7"
"20,25 : 68.73"
"20,26 : 82.37"
"20,27 : 50.0"
"20,28 : 55.03"
"20,29 : 76.37"
"20,30 : 15.0"
"20,31 : 58.86"
"20,32 : 32.39"
"20,33 : 55.23"
"20,34 : 16.49"
"20,35 : 34.79"
"20,36 : 41.88"
"20,37 : 83.6"
"20,38 : 10.0"
"20,39 : 8.6"
"20,40 : 66.6"
"20,41 : 38.91"
"20,42 : 52.17"
"20,43 : 33.02"
"20,44 : 41.01"
"20,45 : 42.76"
"20,46 : 12.53"
"20,47 : 71.45"
"20,48 : 26.17"
"20,49 : 32.2"
"21,0 : 85.38"
"21,1 : 71.2"
"21,2 : 87.98"
"21,3 : 89.63"
"21,4 : 66.37"
"21,5 : 60.21"
"21,6 : 25.0"
"21,7 : 85.09"
"21,8 : 90.43"
"21,9 : 87.11"
"21,10 : 65.39"
"21,11 : 23.54"
"21,12 : 32.06"
"21,13 : 20.59"
"21,14 : 29.0"
"21,15 : 79.76"
"21,16 : 14.14"
"21,17 : 99.32"
"21,18 : 41.4"
"21,19 : 59.46"
"21,20 : 82.93"
"21,21 : 0.0"
"21,22 : 44.28"
"21,23 : 104.74"
"21,24 : 44.41"
"21,25 : 56.01"
"21,26 : 6.71"
"21,27 : 83.02"
"21,28 : 51.35"
"21,29 : 17.0"
"21,30 : 83.45"
"21,31 : 57.07"
"21,32 : 65.51"
"21,33 : 52.89"
"21,34 : 89.83"
"21,35 : 98.01"
"21,36 : 76.92"
"21,37 : 4.47"
"21,38 : 88.87"
"21,39 : 74.33"
"21,40 : 91.98"
"21,41 : 44.69"
"21,42 : 59.77"
"21,43 : 49.93"
"21,44 : 111.66"
"21,45 : 46.62"
"21,46 : 84.96"
"21,47 : 17.26"
"21,48 : 91.09"
"21,49 : 53.85"
"22,0 : 77.88"
"22,1 : 72.01"
"22,2 : 70.03"
"22,3 : 68.47"
"22,4 : 31.78"
"22,5 : 67.42"
"22,6 : 32.65"
"22,7 : 73.68"
"22,8 : 54.41"
"22,9 : 61.61"
"22,10 : 57.87"
"22,11 : 52.2"
"22,12 : 12.37"
"22,13 : 26.48"
"22,14 : 27.46"
"22,15 : 43.01"
"22,16 : 34.37"
"22,17 : 59.03"
"22,18 : 33.84"
"22,19 : 19.21"
"22,20 : 48.02"
"22,21 : 44.28"
"22,22 : 0.0"
"22,23 : 73.79"
"22,24 : 11.0"
"22,25 : 66.71"
"22,26 : 47.01"
"22,27 : 39.62"
"22,28 : 13.04"
"22,29 : 31.78"
"22,30 : 55.36"
"22,31 : 60.75"
"22,32 : 21.93"
"22,33 : 54.92"
"22,34 : 60.75"
"22,35 : 75.31"
"22,36 : 64.78"
"22,37 : 42.95"
"22,38 : 56.8"
"22,39 : 40.25"
"22,40 : 88.6"
"22,41 : 26.0"
"22,42 : 58.14"
"22,43 : 22.09"
"22,44 : 86.02"
"22,45 : 37.12"
"22,46 : 55.36"
"22,47 : 28.16"
"22,48 : 48.3"
"22,49 : 16.16"
"23,0 : 50.99"
"23,1 : 64.01"
"23,2 : 31.26"
"23,3 : 25.08"
"23,4 : 42.06"
"23,5 : 72.84"
"23,6 : 80.28"
"23,7 : 43.57"
"23,8 : 22.02"
"23,9 : 19.92"
"23,10 : 52.17"
"23,11 : 95.02"
"23,12 : 82.38"
"23,13 : 84.86"
"23,14 : 75.74"
"23,15 : 32.02"
"23,16 : 90.61"
"23,17 : 31.78"
"23,18 : 64.4"
"23,19 : 55.15"
"23,20 : 26.25"
"23,21 : 104.74"
"23,22 : 73.79"
"23,23 : 0.0"
"23,24 : 83.77"
"23,25 : 77.47"
"23,26 : 103.08"
"23,27 : 73.25"
"23,28 : 81.27"
"23,29 : 100.42"
"23,30 : 21.4"
"23,31 : 67.68"
"23,32 : 58.46"
"23,33 : 66.1"
"23,34 : 15.0"
"23,35 : 20.62"
"23,36 : 43.05"
"23,37 : 106.07"
"23,38 : 17.0"
"23,39 : 33.54"
"23,40 : 61.03"
"23,41 : 60.11"
"23,42 : 60.64"
"23,43 : 56.22"
"23,44 : 17.46"
"23,45 : 59.91"
"23,46 : 19.8"
"23,47 : 95.27"
"23,48 : 45.12"
"23,49 : 57.71"
"24,0 : 88.65"
"24,1 : 82.08"
"24,2 : 81.02"
"24,3 : 79.4"
"24,4 : 42.06"
"24,5 : 76.66"
"24,6 : 38.95"
"24,7 : 84.59"
"24,8 : 63.63"
"24,9 : 72.37"
"24,10 : 68.41"
"24,11 : 56.94"
"24,12 : 14.42"
"24,13 : 30.53"
"24,14 : 34.71"
"24,15 : 52.35"
"24,16 : 37.58"
"24,17 : 66.48"
"24,18 : 43.38"
"24,19 : 28.64"
"24,20 : 57.7"
"24,21 : 44.41"
"24,22 : 11.0"
"24,23 : 83.77"
"24,24 : 0.0"
"24,25 : 75.45"
"24,26 : 48.51"
"24,27 : 39.2"
"24,28 : 7.0"
"24,29 : 29.07"
"24,30 : 65.97"
"24,31 : 70.24"
"24,32 : 28.28"
"24,33 : 64.41"
"24,34 : 71.17"
"24,35 : 86.15"
"24,36 : 75.66"
"24,37 : 42.05"
"24,38 : 66.85"
"24,39 : 50.33"
"24,40 : 99.2"
"24,41 : 36.4"
"24,42 : 68.15"
"24,43 : 33.06"
"24,44 : 96.57"
"24,45 : 47.17"
"24,46 : 65.8"
"24,47 : 27.17"
"24,48 : 54.2"
"24,49 : 26.68"
"25,0 : 36.07"
"25,1 : 18.44"
"25,2 : 48.85"
"25,3 : 53.76"
"25,4 : 60.17"
"25,5 : 5.66"
"25,6 : 38.63"
"25,7 : 39.66"
"25,8 : 75.33"
"25,9 : 57.71"
"25,10 : 25.32"
"25,11 : 33.54"
"25,12 : 62.27"
"25,13 : 49.04"
"25,14 : 41.18"
"25,15 : 69.86"
"25,16 : 46.87"
"25,17 : 90.09"
"25,18 : 33.24"
"25,19 : 65.73"
"25,20 : 68.73"
"25,21 : 56.01"
"25,22 : 66.71"
"25,23 : 77.47"
"25,24 : 75.45"
"25,25 : 0.0"
"25,26 : 50.16"
"25,27 : 100.44"
"25,28 : 79.65"
"25,29 : 65.51"
"25,30 : 59.03"
"25,31 : 10.0"
"25,32 : 75.72"
"25,33 : 13.93"
"25,34 : 64.28"
"25,35 : 61.47"
"25,36 : 35.47"
"25,37 : 60.01"
"25,38 : 68.0"
"25,39 : 62.82"
"25,40 : 38.47"
"25,41 : 42.64"
"25,42 : 17.03"
"25,43 : 50.22"
"25,44 : 75.64"
"25,45 : 31.62"
"25,46 : 62.01"
"25,47 : 61.13"
"25,48 : 90.76"
"25,49 : 60.8"
"26,0 : 80.78"
"26,1 : 65.97"
"26,2 : 84.63"
"26,3 : 86.68"
"26,4 : 66.21"
"26,5 : 54.59"
"26,6 : 22.8"
"26,7 : 80.95"
"26,8 : 89.94"
"26,9 : 84.86"
"26,10 : 61.29"
"26,11 : 17.12"
"26,12 : 35.23"
"26,13 : 21.38"
"26,14 : 27.78"
"26,15 : 79.62"
"26,16 : 13.6"
"26,17 : 99.72"
"26,18 : 38.9"
"26,19 : 60.64"
"26,20 : 82.37"
"26,21 : 6.71"
"26,22 : 47.01"
"26,23 : 103.08"
"26,24 : 48.51"
"26,25 : 50.16"
"26,26 : 0.0"
"26,27 : 86.37"
"26,28 : 55.32"
"26,29 : 22.8"
"26,30 : 81.69"
"26,31 : 51.92"
"26,32 : 67.48"
"26,33 : 48.1"
"26,34 : 88.09"
"26,35 : 95.13"
"26,36 : 73.06"
"26,37 : 11.18"
"26,38 : 87.66"
"26,39 : 73.82"
"26,40 : 86.83"
"26,41 : 43.57"
"26,42 : 55.15"
"26,43 : 49.66"
"26,44 : 109.04"
"26,45 : 43.86"
"26,46 : 83.41"
"26,47 : 21.93"
"26,48 : 92.42"
"26,49 : 54.82"
"27,0 : 100.12"
"27,1 : 100.42"
"27,2 : 85.43"
"27,3 : 81.15"
"27,4 : 44.41"
"27,5 : 99.64"
"27,6 : 71.47"
"27,7 : 93.81"
"27,8 : 51.48"
"27,9 : 71.51"
"27,10 : 84.22"
"27,11 : 91.48"
"27,12 : 51.16"
"27,13 : 66.1"
"27,14 : 65.79"
"27,15 : 44.27"
"27,16 : 73.98"
"27,17 : 44.55"
"27,18 : 67.74"
"27,19 : 34.83"
"27,20 : 50.0"
"27,21 : 83.02"
"27,22 : 39.62"
"27,23 : 73.25"
"27,24 : 39.2"
"27,25 : 100.44"
"27,26 : 86.37"
"27,27 : 0.0"
"27,28 : 32.25"
"27,29 : 68.26"
"27,30 : 64.26"
"27,31 : 92.46"
"27,32 : 24.84"
"27,33 : 87.01"
"27,34 : 66.48"
"27,35 : 84.77"
"27,36 : 86.27"
"27,37 : 81.02"
"27,38 : 59.67"
"27,39 : 47.85"
"27,40 : 112.07"
"27,41 : 57.98"
"27,42 : 87.78"
"27,43 : 50.22"
"27,44 : 89.94"
"27,45 : 68.82"
"27,46 : 62.3"
"27,47 : 66.01"
"27,48 : 29.27"
"27,49 : 39.66"
"28,0 : 90.25"
"28,1 : 84.97"
"28,2 : 81.15"
"28,3 : 79.01"
"28,4 : 40.45"
"28,5 : 80.45"
"28,6 : 44.41"
"28,7 : 85.7"
"28,8 : 60.42"
"28,9 : 71.34"
"28,10 : 70.58"
"28,11 : 63.06"
"28,12 : 20.62"
"28,13 : 36.67"
"28,14 : 39.7"
"28,15 : 49.4"
"28,16 : 44.01"
"28,17 : 61.85"
"28,18 : 46.87"
"28,19 : 26.48"
"28,20 : 55.03"
"28,21 : 51.35"
"28,22 : 13.04"
"28,23 : 81.27"
"28,24 : 7.0"
"28,25 : 79.65"
"28,26 : 55.32"
"28,27 : 32.25"
"28,28 : 0.0"
"28,29 : 36.06"
"28,30 : 64.63"
"28,31 : 73.78"
"28,32 : 23.85"
"28,33 : 67.96"
"28,34 : 69.43"
"28,35 : 85.29"
"28,36 : 76.9"
"28,37 : 49.04"
"28,38 : 64.56"
"28,39 : 48.27"
"28,40 : 101.19"
"28,41 : 38.91"
"28,42 : 71.12"
"28,43 : 34.21"
"28,44 : 94.92"
"28,45 : 50.12"
"28,46 : 64.13"
"28,47 : 34.13"
"28,48 : 48.84"
"28,49 : 26.02"
"29,0 : 89.81"
"29,1 : 78.03"
"29,2 : 88.6"
"29,3 : 89.05"
"29,4 : 59.4"
"29,5 : 68.73"
"29,6 : 28.0"
"29,7 : 88.07"
"29,8 : 83.49"
"29,9 : 84.72"
"29,10 : 68.88"
"29,11 : 36.89"
"29,12 : 19.72"
"29,13 : 18.25"
"29,14 : 28.64"
"29,15 : 72.25"
"29,16 : 18.68"
"29,17 : 90.14"
"29,18 : 42.2"
"29,19 : 49.65"
"29,20 : 76.37"
"29,21 : 17.0"
"29,22 : 31.78"
"29,23 : 100.42"
"29,24 : 29.07"
"29,25 : 65.51"
"29,26 : 22.8"
"29,27 : 68.26"
"29,28 : 36.06"
"29,29 : 0.0"
"29,30 : 79.88"
"29,31 : 64.12"
"29,32 : 53.71"
"29,33 : 59.01"
"29,34 : 86.02"
"29,35 : 97.05"
"29,36 : 79.31"
"29,37 : 13.6"
"29,38 : 83.74"
"29,39 : 67.9"
"29,40 : 98.08"
"29,41 : 41.59"
"29,42 : 65.07"
"29,43 : 44.2"
"29,44 : 109.77"
"29,45 : 47.54"
"29,46 : 80.8"
"29,47 : 5.39"
"29,48 : 80.06"
"29,49 : 44.82"
"30,0 : 40.22"
"30,1 : 48.51"
"30,2 : 22.02"
"30,3 : 17.0"
"30,4 : 24.19"
"30,5 : 55.04"
"30,6 : 58.9"
"30,7 : 32.8"
"30,8 : 18.36"
"30,9 : 7.28"
"30,10 : 34.06"
"30,11 : 73.82"
"30,12 : 62.61"
"30,13 : 63.78"
"30,14 : 54.45"
"30,15 : 20.12"
"30,16 : 69.31"
"30,17 : 34.0"
"30,18 : 43.01"
"30,19 : 38.21"
"30,20 : 15.0"
"30,21 : 83.45"
"30,22 : 55.36"
"30,23 : 21.4"
"30,24 : 65.97"
"30,25 : 59.03"
"30,26 : 81.69"
"30,27 : 64.26"
"30,28 : 64.63"
"30,29 : 79.88"
"30,30 : 0.0"
"30,31 : 49.04"
"30,32 : 44.18"
"30,33 : 46.53"
"30,34 : 6.4"
"30,35 : 21.1"
"30,36 : 28.23"
"30,37 : 84.9"
"30,38 : 9.22"
"30,39 : 17.12"
"30,40 : 52.01"
"30,41 : 38.95"
"30,42 : 42.01"
"30,43 : 35.85"
"30,44 : 30.68"
"30,45 : 38.59"
"30,46 : 3.16"
"30,47 : 74.63"
"30,48 : 41.11"
"30,49 : 39.29"
"31,0 : 29.68"
"31,1 : 14.14"
"31,2 : 39.82"
"31,3 : 44.38"
"31,4 : 50.99"
"31,5 : 7.21"
"31,6 : 36.22"
"31,7 : 31.83"
"31,8 : 65.38"
"31,9 : 47.85"
"31,10 : 15.52"
"31,11 : 36.67"
"31,12 : 57.94"
"31,13 : 46.53"
"31,14 : 37.36"
"31,15 : 60.17"
"31,16 : 46.01"
"31,17 : 80.23"
"31,18 : 26.93"
"31,19 : 57.63"
"31,20 : 58.86"
"31,21 : 57.07"
"31,22 : 60.75"
"31,23 : 67.68"
"31,24 : 70.24"
"31,25 : 10.0"
"31,26 : 51.92"
"31,27 : 92.46"
"31,28 : 73.78"
"31,29 : 64.12"
"31,30 : 49.04"
"31,31 : 0.0"
"31,32 : 67.62"
"31,33 : 5.83"
"31,34 : 54.33"
"31,35 : 52.33"
"31,36 : 26.42"
"31,37 : 60.67"
"31,38 : 58.0"
"31,39 : 53.16"
"31,40 : 34.93"
"31,41 : 35.47"
"31,42 : 7.07"
"31,43 : 42.45"
"31,44 : 66.65"
"31,45 : 24.08"
"31,46 : 52.01"
"31,47 : 59.3"
"31,48 : 81.34"
"31,49 : 53.08"
"32,0 : 76.54"
"32,1 : 75.74"
"32,2 : 63.6"
"32,3 : 60.21"
"32,4 : 21.19"
"32,5 : 74.81"
"32,6 : 49.37"
"32,7 : 70.68"
"32,8 : 37.0"
"32,9 : 51.35"
"32,10 : 59.67"
"32,11 : 69.58"
"32,12 : 34.18"
"32,13 : 46.17"
"32,14 : 43.42"
"32,15 : 26.48"
"32,16 : 54.15"
"32,17 : 38.21"
"32,18 : 43.38"
"32,19 : 10.0"
"32,20 : 32.39"
"32,21 : 65.51"
"32,22 : 21.93"
"32,23 : 58.46"
"32,24 : 28.28"
"32,25 : 75.72"
"32,26 : 67.48"
"32,27 : 24.84"
"32,28 : 23.85"
"32,29 : 53.71"
"32,30 : 44.18"
"32,31 : 67.62"
"32,32 : 0.0"
"32,33 : 62.2"
"32,34 : 48.01"
"32,35 : 65.28"
"32,36 : 62.65"
"32,37 : 64.56"
"32,38 : 42.3"
"32,39 : 27.07"
"32,40 : 88.32"
"32,41 : 33.54"
"32,42 : 62.97"
"32,43 : 25.55"
"32,44 : 73.25"
"32,45 : 44.1"
"32,46 : 43.01"
"32,47 : 49.98"
"32,48 : 26.42"
"32,49 : 15.23"
"33,0 : 32.7"
"33,1 : 19.03"
"33,2 : 40.0"
"33,3 : 43.91"
"33,4 : 46.24"
"33,5 : 12.73"
"33,6 : 31.02"
"33,7 : 33.6"
"33,8 : 62.03"
"33,9 : 46.17"
"33,10 : 15.0"
"33,11 : 33.84"
"33,12 : 52.2"
"33,13 : 41.19"
"33,14 : 31.78"
"33,15 : 56.09"
"33,16 : 41.19"
"33,17 : 76.53"
"33,18 : 21.1"
"33,19 : 52.2"
"33,20 : 55.23"
"33,21 : 52.89"
"33,22 : 54.92"
"33,23 : 66.1"
"33,24 : 64.41"
"33,25 : 13.93"
"33,26 : 48.1"
"33,27 : 87.01"
"33,28 : 67.96"
"33,29 : 59.01"
"33,30 : 46.53"
"33,31 : 5.83"
"33,32 : 62.2"
"33,33 : 0.0"
"33,34 : 52.17"
"33,35 : 52.15"
"33,36 : 26.91"
"33,37 : 56.29"
"33,38 : 55.23"
"33,39 : 49.03"
"33,40 : 39.32"
"33,41 : 29.73"
"33,42 : 7.21"
"33,43 : 36.88"
"33,44 : 66.57"
"33,45 : 18.38"
"33,46 : 49.37"
"33,47 : 54.08"
"33,48 : 76.84"
"33,49 : 47.51"
"34,0 : 42.49"
"34,1 : 52.61"
"34,2 : 23.02"
"34,3 : 17.03"
"34,4 : 29.12"
"34,5 : 60.03"
"34,6 : 65.3"
"34,7 : 34.89"
"34,8 : 17.03"
"34,9 : 7.62"
"34,10 : 39.05"
"34,11 : 80.13"
"34,12 : 68.48"
"34,13 : 70.09"
"34,14 : 60.83"
"34,15 : 22.36"
"34,16 : 75.69"
"34,17 : 32.02"
"34,18 : 49.41"
"34,19 : 42.95"
"34,20 : 16.49"
"34,21 : 89.83"
"34,22 : 60.75"
"34,23 : 15.0"
"34,24 : 71.17"
"34,25 : 64.28"
"34,26 : 88.09"
"34,27 : 66.48"
"34,28 : 69.43"
"34,29 : 86.02"
"34,30 : 6.4"
"34,31 : 54.33"
"34,32 : 48.01"
"34,33 : 52.17"
"34,34 : 0.0"
"34,35 : 18.38"
"34,36 : 31.78"
"34,37 : 91.24"
"34,38 : 7.21"
"34,39 : 21.21"
"34,40 : 53.85"
"34,41 : 45.28"
"34,42 : 47.27"
"34,43 : 41.88"
"34,44 : 25.5"
"34,45 : 44.94"
"34,46 : 5.39"
"34,47 : 80.8"
"34,48 : 41.34"
"34,49 : 44.6"
"35,0 : 31.06"
"35,1 : 45.89"
"35,2 : 12.65"
"35,3 : 8.49"
"35,4 : 45.01"
"35,5 : 56.3"
"35,6 : 73.01"
"35,7 : 24.02"
"35,8 : 34.99"
"35,9 : 14.0"
"35,10 : 37.22"
"35,11 : 84.29"
"35,12 : 81.27"
"35,13 : 79.76"
"35,14 : 69.64"
"35,15 : 40.52"
"35,16 : 84.05"
"35,17 : 48.92"
"35,18 : 56.61"
"35,19 : 59.03"
"35,20 : 34.79"
"35,21 : 98.01"
"35,22 : 75.31"
"35,23 : 20.62"
"35,24 : 86.15"
"35,25 : 61.47"
"35,26 : 95.13"
"35,27 : 84.77"
"35,28 : 85.29"
"35,29 : 97.05"
"35,30 : 21.1"
"35,31 : 52.33"
"35,32 : 65.28"
"35,33 : 52.15"
"35,34 : 18.38"
"35,35 : 0.0"
"35,36 : 26.0"
"35,37 : 100.12"
"35,38 : 25.5"
"35,39 : 38.21"
"35,40 : 40.52"
"35,41 : 55.46"
"35,42 : 45.65"
"35,43 : 54.41"
"35,44 : 14.42"
"35,45 : 51.4"
"35,46 : 22.56"
"35,47 : 91.68"
"35,48 : 59.54"
"35,49 : 59.54"
"36,0 : 13.89"
"36,1 : 21.02"
"36,2 : 13.42"
"36,3 : 18.44"
"36,4 : 41.88"
"36,5 : 30.36"
"36,6 : 52.55"
"36,7 : 9.0"
"36,8 : 46.52"
"36,9 : 24.33"
"36,10 : 12.04"
"36,11 : 60.31"
"36,12 : 67.03"
"36,13 : 61.13"
"36,14 : 50.7"
"36,15 : 45.45"
"36,16 : 63.69"
"36,17 : 62.17"
"36,18 : 37.11"
"36,19 : 53.71"
"36,20 : 41.88"
"36,21 : 76.92"
"36,22 : 64.78"
"36,23 : 43.05"
"36,24 : 75.66"
"36,25 : 35.47"
"36,26 : 73.06"
"36,27 : 86.27"
"36,28 : 76.9"
"36,29 : 79.31"
"36,30 : 28.23"
"36,31 : 26.42"
"36,32 : 62.65"
"36,33 : 26.91"
"36,34 : 31.78"
"36,35 : 26.0"
"36,36 : 0.0"
"36,37 : 79.71"
"36,38 : 37.34"
"36,39 : 39.6"
"36,40 : 25.81"
"36,41 : 40.0"
"36,42 : 20.0"
"36,43 : 42.76"
"36,44 : 40.25"
"36,45 : 31.78"
"36,46 : 31.38"
"36,47 : 73.98"
"36,48 : 67.62"
"36,49 : 51.55"
"37,0 : 88.6"
"37,1 : 74.81"
"37,2 : 90.43"
"37,3 : 91.81"
"37,4 : 66.85"
"37,5 : 64.07"
"37,6 : 27.29"
"37,7 : 88.02"
"37,8 : 91.02"
"37,9 : 88.87"
"37,10 : 68.35"
"37,11 : 27.89"
"37,12 : 30.59"
"37,13 : 21.26"
"37,14 : 30.61"
"37,15 : 80.16"
"37,16 : 16.12"
"37,17 : 99.3"
"37,18 : 43.57"
"37,19 : 59.09"
"37,20 : 83.6"
"37,21 : 4.47"
"37,22 : 42.95"
"37,23 : 106.07"
"37,24 : 42.05"
"37,25 : 60.01"
"37,26 : 11.18"
"37,27 : 81.02"
"37,28 : 49.04"
"37,29 : 13.6"
"37,30 : 84.9"
"37,31 : 60.67"
"37,32 : 64.56"
"37,33 : 56.29"
"37,34 : 91.24"
"37,35 : 100.12"
"37,36 : 79.71"
"37,37 : 0.0"
"37,38 : 89.94"
"37,39 : 75.0"
"37,40 : 95.52"
"37,41 : 45.97"
"37,42 : 63.06"
"37,43 : 50.61"
"37,44 : 113.6"
"37,45 : 48.88"
"37,46 : 86.27"
"37,47 : 15.03"
"37,48 : 90.48"
"37,49 : 53.67"
"38,0 : 48.88"
"38,1 : 57.72"
"38,2 : 29.83"
"38,3 : 24.04"
"38,4 : 25.06"
"38,5 : 64.12"
"38,6 : 64.9"
"38,7 : 41.34"
"38,8 : 9.9"
"38,9 : 14.21"
"38,10 : 43.19"
"38,11 : 81.02"
"38,12 : 65.46"
"38,13 : 68.68"
"38,14 : 60.0"
"38,15 : 16.0"
"38,16 : 74.81"
"38,17 : 25.24"
"38,18 : 49.65"
"38,19 : 38.28"
"38,20 : 10.0"
"38,21 : 88.87"
"38,22 : 56.8"
"38,23 : 17.0"
"38,24 : 66.85"
"38,25 : 68.0"
"38,26 : 87.66"
"38,27 : 59.67"
"38,28 : 64.56"
"38,29 : 83.74"
"38,30 : 9.22"
"38,31 : 58.0"
"38,32 : 42.3"
"38,33 : 55.23"
"38,34 : 7.21"
"38,35 : 25.5"
"38,36 : 37.34"
"38,37 : 89.94"
"38,38 : 0.0"
"38,39 : 16.55"
"38,40 : 60.46"
"38,41 : 44.2"
"38,42 : 51.01"
"38,43 : 39.62"
"38,44 : 31.02"
"38,45 : 45.69"
"38,46 : 6.08"
"38,47 : 78.64"
"38,48 : 34.13"
"38,49 : 40.71"
"39,0 : 53.15"
"39,1 : 56.94"
"39,2 : 37.58"
"39,3 : 33.53"
"39,4 : 8.6"
"39,5 : 60.08"
"39,6 : 51.48"
"39,7 : 46.4"
"39,8 : 16.12"
"39,9 : 24.33"
"39,10 : 40.71"
"39,11 : 69.38"
"39,12 : 49.2"
"39,13 : 53.82"
"39,14 : 46.07"
"39,15 : 7.07"
"39,16 : 60.54"
"39,17 : 28.02"
"39,18 : 37.85"
"39,19 : 21.84"
"39,20 : 8.6"
"39,21 : 74.33"
"39,22 : 40.25"
"39,23 : 33.54"
"39,24 : 50.33"
"39,25 : 62.82"
"39,26 : 73.82"
"39,27 : 47.85"
"39,28 : 48.27"
"39,29 : 67.9"
"39,30 : 17.12"
"39,31 : 53.16"
"39,32 : 27.07"
"39,33 : 49.03"
"39,34 : 21.21"
"39,35 : 38.21"
"39,36 : 39.6"
"39,37 : 75.0"
"39,38 : 16.55"
"39,39 : 0.0"
"39,40 : 65.19"
"39,41 : 30.46"
"39,42 : 46.82"
"39,43 : 24.41"
"39,44 : 46.69"
"39,45 : 35.13"
"39,46 : 16.03"
"39,47 : 62.94"
"39,48 : 28.65"
"39,49 : 24.19"
"40,0 : 12.04"
"40,1 : 20.88"
"40,2 : 30.89"
"40,3 : 37.12"
"40,4 : 67.68"
"40,5 : 33.11"
"40,6 : 70.11"
"40,7 : 19.21"
"40,8 : 70.21"
"40,9 : 46.32"
"40,10 : 30.81"
"40,11 : 71.17"
"40,12 : 88.96"
"40,13 : 80.01"
"40,14 : 70.03"
"40,15 : 70.71"
"40,16 : 80.5"
"40,17 : 85.7"
"40,18 : 57.31"
"40,19 : 79.18"
"40,20 : 66.6"
"40,21 : 91.98"
"40,22 : 88.6"
"40,23 : 61.03"
"40,24 : 99.2"
"40,25 : 38.47"
"40,26 : 86.83"
"40,27 : 112.07"
"40,28 : 101.19"
"40,29 : 98.08"
"40,30 : 52.01"
"40,31 : 34.93"
"40,32 : 88.32"
"40,33 : 39.32"
"40,34 : 53.85"
"40,35 : 40.52"
"40,36 : 25.81"
"40,37 : 95.52"
"40,38 : 60.46"
"40,39 : 65.19"
"40,40 : 0.0"
"40,41 : 62.82"
"40,42 : 33.02"
"40,43 : 67.07"
"40,44 : 51.09"
"40,45 : 52.61"
"40,46 : 55.0"
"40,47 : 93.02"
"40,48 : 92.7"
"40,49 : 76.56"
"41,0 : 52.47"
"41,1 : 46.07"
"41,2 : 47.54"
"41,3 : 47.54"
"41,4 : 23.54"
"41,5 : 42.45"
"41,6 : 21.02"
"41,7 : 49.0"
"41,8 : 46.52"
"41,9 : 43.27"
"41,10 : 32.02"
"41,11 : 39.46"
"41,12 : 27.07"
"41,13 : 24.84"
"41,14 : 15.81"
"41,15 : 36.69"
"41,16 : 30.61"
"41,17 : 57.49"
"41,18 : 9.85"
"41,19 : 23.77"
"41,20 : 38.91"
"41,21 : 44.69"
"41,22 : 26.0"
"41,23 : 60.11"
"41,24 : 36.4"
"41,25 : 42.64"
"41,26 : 43.57"
"41,27 : 57.98"
"41,28 : 38.91"
"41,29 : 41.59"
"41,30 : 38.95"
"41,31 : 35.47"
"41,32 : 33.54"
"41,33 : 29.73"
"41,34 : 45.28"
"41,35 : 55.46"
"41,36 : 40.0"
"41,37 : 45.97"
"41,38 : 44.2"
"41,39 : 30.46"
"41,40 : 62.82"
"41,41 : 0.0"
"41,42 : 32.25"
"41,43 : 8.25"
"41,44 : 68.26"
"41,45 : 11.4"
"41,46 : 40.31"
"41,47 : 36.24"
"41,48 : 53.04"
"41,49 : 18.36"
"42,0 : 25.63"
"42,1 : 13.93"
"42,2 : 33.29"
"42,3 : 37.58"
"42,4 : 45.28"
"42,5 : 13.34"
"42,6 : 37.12"
"42,7 : 26.4"
"42,8 : 58.55"
"42,9 : 40.79"
"42,10 : 8.54"
"42,11 : 41.05"
"42,12 : 56.75"
"42,13 : 47.0"
"42,14 : 37.12"
"42,15 : 53.76"
"42,16 : 47.68"
"42,17 : 73.55"
"42,18 : 25.0"
"42,19 : 53.04"
"42,20 : 52.17"
"42,21 : 59.77"
"42,22 : 58.14"
"42,23 : 60.64"
"42,24 : 68.15"
"42,25 : 17.03"
"42,26 : 55.15"
"42,27 : 87.78"
"42,28 : 71.12"
"42,29 : 65.07"
"42,30 : 42.01"
"42,31 : 7.07"
"42,32 : 62.97"
"42,33 : 7.21"
"42,34 : 47.27"
"42,35 : 45.65"
"42,36 : 20.0"
"42,37 : 63.06"
"42,38 : 51.01"
"42,39 : 46.82"
"42,40 : 33.02"
"42,41 : 32.25"
"42,42 : 0.0"
"42,43 : 38.42"
"42,44 : 60.03"
"42,45 : 21.02"
"42,46 : 45.0"
"42,47 : 60.01"
"42,48 : 75.24"
"42,49 : 48.92"
"43,0 : 56.04"
"43,1 : 51.87"
"43,2 : 48.17"
"43,3 : 47.07"
"43,4 : 16.55"
"43,5 : 49.58"
"43,6 : 27.89"
"43,7 : 51.62"
"43,8 : 40.5"
"43,9 : 41.23"
"43,10 : 36.67"
"43,11 : 47.17"
"43,12 : 26.93"
"43,13 : 29.41"
"43,14 : 22.14"
"43,15 : 29.97"
"43,16 : 36.24"
"43,17 : 50.29"
"43,18 : 18.03"
"43,19 : 15.65"
"43,20 : 33.02"
"43,21 : 49.93"
"43,22 : 22.09"
"43,23 : 56.22"
"43,24 : 33.06"
"43,25 : 50.22"
"43,26 : 49.66"
"43,27 : 50.22"
"43,28 : 34.21"
"43,29 : 44.2"
"43,30 : 35.85"
"43,31 : 42.45"
"43,32 : 25.55"
"43,33 : 36.88"
"43,34 : 41.88"
"43,35 : 54.41"
"43,36 : 42.76"
"43,37 : 50.61"
"43,38 : 39.62"
"43,39 : 24.41"
"43,40 : 67.07"
"43,41 : 8.25"
"43,42 : 38.42"
"43,43 : 0.0"
"43,44 : 66.21"
"43,45 : 18.6"
"43,46 : 36.62"
"43,47 : 39.05"
"43,48 : 45.0"
"43,49 : 10.63"
"44,0 : 43.42"
"44,1 : 59.48"
"44,2 : 26.83"
"44,3 : 22.8"
"44,4 : 54.57"
"44,5 : 70.38"
"44,6 : 86.68"
"44,7 : 37.11"
"44,8 : 38.47"
"44,9 : 25.06"
"44,10 : 51.62"
"44,11 : 98.6"
"44,12 : 93.11"
"44,13 : 92.91"
"44,14 : 83.01"
"44,15 : 47.01"
"44,16 : 97.62"
"44,17 : 49.24"
"44,18 : 70.29"
"44,19 : 68.45"
"44,20 : 41.01"
"44,21 : 111.66"
"44,22 : 86.02"
"44,23 : 17.46"
"44,24 : 96.57"
"44,25 : 75.64"
"44,26 : 109.04"
"44,27 : 89.94"
"44,28 : 94.92"
"44,29 : 109.77"
"44,30 : 30.68"
"44,31 : 66.65"
"44,32 : 73.25"
"44,33 : 66.57"
"44,34 : 25.5"
"44,35 : 14.42"
"44,36 : 40.25"
"44,37 : 113.6"
"44,38 : 31.02"
"44,39 : 46.69"
"44,40 : 51.09"
"44,41 : 68.26"
"44,42 : 60.03"
"44,43 : 66.21"
"44,44 : 0.0"
"44,45 : 65.19"
"44,46 : 30.81"
"44,47 : 104.45"
"44,48 : 62.36"
"44,49 : 69.92"
"45,0 : 43.0"
"45,1 : 34.93"
"45,2 : 41.59"
"45,3 : 43.01"
"45,4 : 30.27"
"45,5 : 31.11"
"45,6 : 21.63"
"45,7 : 40.61"
"45,8 : 50.22"
"45,9 : 41.11"
"45,10 : 22.02"
"45,11 : 35.34"
"45,12 : 36.35"
"45,13 : 29.41"
"45,14 : 18.97"
"45,15 : 42.05"
"45,16 : 32.76"
"45,17 : 63.13"
"45,18 : 5.39"
"45,19 : 34.13"
"45,20 : 42.76"
"45,21 : 46.62"
"45,22 : 37.12"
"45,23 : 59.91"
"45,24 : 47.17"
"45,25 : 31.62"
"45,26 : 43.86"
"45,27 : 68.82"
"45,28 : 50.12"
"45,29 : 47.54"
"45,30 : 38.59"
"45,31 : 24.08"
"45,32 : 44.1"
"45,33 : 18.38"
"45,34 : 44.94"
"45,35 : 51.4"
"45,36 : 31.78"
"45,37 : 48.88"
"45,38 : 45.69"
"45,39 : 35.13"
"45,40 : 52.61"
"45,41 : 11.4"
"45,42 : 21.02"
"45,43 : 18.6"
"45,44 : 65.19"
"45,45 : 0.0"
"45,46 : 40.71"
"45,47 : 42.2"
"45,48 : 61.0"
"45,49 : 29.21"
"46,0 : 43.27"
"46,1 : 51.66"
"46,2 : 24.76"
"46,3 : 19.42"
"46,4 : 23.77"
"46,5 : 58.08"
"46,6 : 60.61"
"46,7 : 35.81"
"46,8 : 15.26"
"46,9 : 9.43"
"46,10 : 37.12"
"46,11 : 76.03"
"46,12 : 63.13"
"46,13 : 65.07"
"46,14 : 55.97"
"46,15 : 18.03"
"46,16 : 70.84"
"46,17 : 30.89"
"46,18 : 44.94"
"46,19 : 37.66"
"46,20 : 12.53"
"46,21 : 84.96"
"46,22 : 55.36"
"46,23 : 19.8"
"46,24 : 65.8"
"46,25 : 62.01"
"46,26 : 83.41"
"46,27 : 62.3"
"46,28 : 64.13"
"46,29 : 80.8"
"46,30 : 3.16"
"46,31 : 52.01"
"46,32 : 43.01"
"46,33 : 49.37"
"46,34 : 5.39"
"46,35 : 22.56"
"46,36 : 31.38"
"46,37 : 86.27"
"46,38 : 6.08"
"46,39 : 16.03"
"46,40 : 55.0"
"46,41 : 40.31"
"46,42 : 45.0"
"46,43 : 36.62"
"46,44 : 30.81"
"46,45 : 40.71"
"46,46 : 0.0"
"46,47 : 75.6"
"46,48 : 38.42"
"46,49 : 39.22"
"47,0 : 84.59"
"47,1 : 73.11"
"47,2 : 83.22"
"47,3 : 83.67"
"47,4 : 54.49"
"47,5 : 64.13"
"47,6 : 23.09"
"47,7 : 82.76"
"47,8 : 78.64"
"47,9 : 79.4"
"47,10 : 63.64"
"47,11 : 34.06"
"47,12 : 15.81"
"47,13 : 13.04"
"47,14 : 23.35"
"47,15 : 67.48"
"47,16 : 14.76"
"47,17 : 85.76"
"47,18 : 36.88"
"47,19 : 45.28"
"47,20 : 71.45"
"47,21 : 17.26"
"47,22 : 28.16"
"47,23 : 95.27"
"47,24 : 27.17"
"47,25 : 61.13"
"47,26 : 21.93"
"47,27 : 66.01"
"47,28 : 34.13"
"47,29 : 5.39"
"47,30 : 74.63"
"47,31 : 59.3"
"47,32 : 49.98"
"47,33 : 54.08"
"47,34 : 80.8"
"47,35 : 91.68"
"47,36 : 73.98"
"47,37 : 15.03"
"47,38 : 78.64"
"47,39 : 62.94"
"47,40 : 93.02"
"47,41 : 36.24"
"47,42 : 60.01"
"47,43 : 39.05"
"47,44 : 104.45"
"47,45 : 42.2"
"47,46 : 75.6"
"47,47 : 0.0"
"47,48 : 76.16"
"47,49 : 40.22"
"48,0 : 80.72"
"48,1 : 85.59"
"48,2 : 63.13"
"48,3 : 57.8"
"48,4 : 30.81"
"48,5 : 88.39"
"48,6 : 72.34"
"48,7 : 73.55"
"48,8 : 24.6"
"48,9 : 47.8"
"48,10 : 69.35"
"48,11 : 92.09"
"48,12 : 60.42"
"48,13 : 71.06"
"48,14 : 66.37"
"48,15 : 22.2"
"48,16 : 78.85"
"48,17 : 15.3"
"48,18 : 62.29"
"48,19 : 31.78"
"48,20 : 26.17"
"48,21 : 91.09"
"48,22 : 48.3"
"48,23 : 45.12"
"48,24 : 54.2"
"48,25 : 90.76"
"48,26 : 92.42"
"48,27 : 29.27"
"48,28 : 48.84"
"48,29 : 80.06"
"48,30 : 41.11"
"48,31 : 81.34"
"48,32 : 26.42"
"48,33 : 76.84"
"48,34 : 41.34"
"48,35 : 59.54"
"48,36 : 67.62"
"48,37 : 90.48"
"48,38 : 34.13"
"48,39 : 28.65"
"48,40 : 92.7"
"48,41 : 53.04"
"48,42 : 75.24"
"48,43 : 45.0"
"48,44 : 62.36"
"48,45 : 61.0"
"48,46 : 38.42"
"48,47 : 76.16"
"48,48 : 0.0"
"48,49 : 37.66"
"49,0 : 65.19"
"49,1 : 62.2"
"49,2 : 55.15"
"49,3 : 53.04"
"49,4 : 15.65"
"49,5 : 60.21"
"49,6 : 35.0"
"49,7 : 60.17"
"49,8 : 38.95"
"49,9 : 45.71"
"49,10 : 46.65"
"49,11 : 55.08"
"49,12 : 25.46"
"49,13 : 33.53"
"49,14 : 29.0"
"49,15 : 27.59"
"49,16 : 41.23"
"49,17 : 45.65"
"49,18 : 28.18"
"49,19 : 6.0"
"49,20 : 32.2"
"49,21 : 53.85"
"49,22 : 16.16"
"49,23 : 57.71"
"49,24 : 26.68"
"49,25 : 60.8"
"49,26 : 54.82"
"49,27 : 39.66"
"49,28 : 26.02"
"49,29 : 44.82"
"49,30 : 39.29"
"49,31 : 53.08"
"49,32 : 15.23"
"49,33 : 47.51"
"49,34 : 44.6"
"49,35 : 59.54"
"49,36 : 51.55"
"49,37 : 53.67"
"49,38 : 40.71"
"49,39 : 24.19"
"49,40 : 76.56"
"49,41 : 18.36"
"49,42 : 48.92"
"49,43 : 10.63"
"49,44 : 69.92"
"49,45 : 29.21"
"49,46 : 39.22"
"49,47 : 40.22"
"49,48 : 37.66"
"49,49 : 0.0"
