x,y
85,3
67,97
12,55
96,56
49,56
52,61
11,23
70,63
79,98
99,94
42,3
18,67
99,89
38,3
77,9
70,10
64,76
41,63
74,80
6,84
8,25
68,93
57,76
46,29
91,2
33,9
27,2
6,26
76,48
56,94
65,47
68,17
7,46
62,29
99,95
95,40
38,26
45,66
11,14
86,25
20,99
43,78
91,36
15,40
57,93
16,45
50,2
1,29
52,97
20,70

Distanze
"0,0 : 0.0"
"0,1 : 95.71"
"0,2 : 89.63"
"0,3 : 54.13"
"0,4 : 64.07"
"0,5 : 66.73"
"0,6 : 76.66"
"0,7 : 61.85"
"0,8 : 95.19"
"0,9 : 92.07"
"0,10 : 43.0"
"0,11 : 92.66"
"0,12 : 87.13"
"0,13 : 47.0"
"0,14 : 10.0"
"0,15 : 16.55"
"0,16 : 75.96"
"0,17 : 74.4"
"0,18 : 77.78"
"0,19 : 113.15"
"0,20 : 80.08"
"0,21 : 91.59"
"0,22 : 78.19"
"0,23 : 46.87"
"0,24 : 6.08"
"0,25 : 52.35"
"0,26 : 58.01"
"0,27 : 82.28"
"0,28 : 45.89"
"0,29 : 95.51"
"0,30 : 48.33"
"0,31 : 22.02"
"0,32 : 89.07"
"0,33 : 34.71"
"0,34 : 93.06"
"0,35 : 38.33"
"0,36 : 52.33"
"0,37 : 74.63"
"0,38 : 74.81"
"0,39 : 22.02"
"0,40 : 115.94"
"0,41 : 85.96"
"0,42 : 33.54"
"0,43 : 79.18"
"0,44 : 94.25"
"0,45 : 80.78"
"0,46 : 35.01"
"0,47 : 87.93"
"0,48 : 99.62"
"0,49 : 93.35"
"1,0 : 95.71"
"1,1 : 0.0"
"1,2 : 69.2"
"1,3 : 50.22"
"1,4 : 44.78"
"1,5 : 39.0"
"1,6 : 92.8"
"1,7 : 34.13"
"1,8 : 12.04"
"1,9 : 32.14"
"1,10 : 97.27"
"1,11 : 57.45"
"1,12 : 32.98"
"1,13 : 98.37"
"1,14 : 88.57"
"1,15 : 87.05"
"1,16 : 21.21"
"1,17 : 42.8"
"1,18 : 18.38"
"1,19 : 62.37"
"1,20 : 93.09"
"1,21 : 4.12"
"1,22 : 23.26"
"1,23 : 71.17"
"1,24 : 97.98"
"1,25 : 94.34"
"1,26 : 103.08"
"1,27 : 93.61"
"1,28 : 49.82"
"1,29 : 11.4"
"1,30 : 50.04"
"1,31 : 80.01"
"1,32 : 78.75"
"1,33 : 68.18"
"1,34 : 32.06"
"1,35 : 63.51"
"1,36 : 76.69"
"1,37 : 38.01"
"1,38 : 100.12"
"1,39 : 74.46"
"1,40 : 47.04"
"1,41 : 30.61"
"1,42 : 65.55"
"1,43 : 77.16"
"1,44 : 10.77"
"1,45 : 72.84"
"1,46 : 96.51"
"1,47 : 94.76"
"1,48 : 15.0"
"1,49 : 54.2"
"2,0 : 89.63"
"2,1 : 69.2"
"2,2 : 0.0"
"2,3 : 84.01"
"2,4 : 37.01"
"2,5 : 40.45"
"2,6 : 32.02"
"2,7 : 58.55"
"2,8 : 79.61"
"2,9 : 95.34"
"2,10 : 60.03"
"2,11 : 13.42"
"2,12 : 93.41"
"2,13 : 58.14"
"2,14 : 79.63"
"2,15 : 73.41"
"2,16 : 56.08"
"2,17 : 30.08"
"2,18 : 66.85"
"2,19 : 29.61"
"2,20 : 30.27"
"2,21 : 67.68"
"2,22 : 49.66"
"2,23 : 42.8"
"2,24 : 95.13"
"2,25 : 50.57"
"2,26 : 55.08"
"2,27 : 29.61"
"2,28 : 64.38"
"2,29 : 58.8"
"2,30 : 53.6"
"2,31 : 67.68"
"2,32 : 10.3"
"2,33 : 56.36"
"2,34 : 95.75"
"2,35 : 84.34"
"2,36 : 38.95"
"2,37 : 34.79"
"2,38 : 41.01"
"2,39 : 79.85"
"2,40 : 44.72"
"2,41 : 38.6"
"2,42 : 81.25"
"2,43 : 15.3"
"2,44 : 58.9"
"2,45 : 10.77"
"2,46 : 65.22"
"2,47 : 28.23"
"2,48 : 58.0"
"2,49 : 17.0"
"3,0 : 54.13"
"3,1 : 50.22"
"3,2 : 84.01"
"3,3 : 0.0"
"3,4 : 47.0"
"3,5 : 44.28"
"3,6 : 91.18"
"3,7 : 26.93"
"3,8 : 45.31"
"3,9 : 38.12"
"3,10 : 75.66"
"3,11 : 78.77"
"3,12 : 33.14"
"3,13 : 78.57"
"3,14 : 50.7"
"3,15 : 52.84"
"3,16 : 37.74"
"3,17 : 55.44"
"3,18 : 32.56"
"3,19 : 94.25"
"3,20 : 93.3"
"3,21 : 46.4"
"3,22 : 43.83"
"3,23 : 56.82"
"3,24 : 54.23"
"3,25 : 78.6"
"3,26 : 87.62"
"3,27 : 94.87"
"3,28 : 21.54"
"3,29 : 55.17"
"3,30 : 32.28"
"3,31 : 48.01"
"3,32 : 89.56"
"3,33 : 43.42"
"3,34 : 39.12"
"3,35 : 16.03"
"3,36 : 65.3"
"3,37 : 51.97"
"3,38 : 94.81"
"3,39 : 32.57"
"3,40 : 87.32"
"3,41 : 57.38"
"3,42 : 20.62"
"3,43 : 82.57"
"3,44 : 53.76"
"3,45 : 80.75"
"3,46 : 70.94"
"3,47 : 98.76"
"3,48 : 60.14"
"3,49 : 77.28"
"4,0 : 64.07"
"4,1 : 44.78"
"4,2 : 37.01"
"4,3 : 47.0"
"4,4 : 0.0"
"4,5 : 5.83"
"4,6 : 50.33"
"4,7 : 22.14"
"4,8 : 51.61"
"4,9 : 62.8"
"4,10 : 53.46"
"4,11 : 32.89"
"4,12 : 59.91"
"4,13 : 54.13"
"4,14 : 54.71"
"4,15 : 50.57"
"4,16 : 25.0"
"4,17 : 10.63"
"4,18 : 34.66"
"4,19 : 51.31"
"4,20 : 51.4"
"4,21 : 41.59"
"4,22 : 21.54"
"4,23 : 27.17"
"4,24 : 68.41"
"4,25 : 49.65"
"4,26 : 58.31"
"4,27 : 52.43"
"4,28 : 28.16"
"4,29 : 38.64"
"4,30 : 18.36"
"4,31 : 43.38"
"4,32 : 43.17"
"4,33 : 29.97"
"4,34 : 63.41"
"4,35 : 48.7"
"4,36 : 31.95"
"4,37 : 10.77"
"4,38 : 56.64"
"4,39 : 48.27"
"4,40 : 51.87"
"4,41 : 22.8"
"4,42 : 46.52"
"4,43 : 37.58"
"4,44 : 37.85"
"4,45 : 34.79"
"4,46 : 54.01"
"4,47 : 55.07"
"4,48 : 41.11"
"4,49 : 32.2"
"5,0 : 66.73"
"5,1 : 39.0"
"5,2 : 40.45"
"5,3 : 44.28"
"5,4 : 5.83"
"5,5 : 0.0"
"5,6 : 55.9"
"5,7 : 18.11"
"5,8 : 45.8"
"5,9 : 57.43"
"5,10 : 58.86"
"5,11 : 34.53"
"5,12 : 54.71"
"5,13 : 59.67"
"5,14 : 57.7"
"5,15 : 54.08"
"5,16 : 19.21"
"5,17 : 11.18"
"5,18 : 29.07"
"5,19 : 51.43"
"5,20 : 56.85"
"5,21 : 35.78"
"5,22 : 15.81"
"5,23 : 32.56"
"5,24 : 70.72"
"5,25 : 55.36"
"5,26 : 64.08"
"5,27 : 57.8"
"5,28 : 27.29"
"5,29 : 33.24"
"5,30 : 19.1"
"5,31 : 46.82"
"5,32 : 47.43"
"5,33 : 33.53"
"5,34 : 58.01"
"5,35 : 47.85"
"5,36 : 37.7"
"5,37 : 8.6"
"5,38 : 62.37"
"5,39 : 49.52"
"5,40 : 49.68"
"5,41 : 19.24"
"5,42 : 46.32"
"5,43 : 42.54"
"5,44 : 32.39"
"5,45 : 39.4"
"5,46 : 59.03"
"5,47 : 60.21"
"5,48 : 36.0"
"5,49 : 33.24"
"6,0 : 76.66"
"6,1 : 92.8"
"6,2 : 32.02"
"6,3 : 91.18"
"6,4 : 50.33"
"6,5 : 55.9"
"6,6 : 0.0"
"6,7 : 71.28"
"6,8 : 101.24"
"6,9 : 113.07"
"6,10 : 36.89"
"6,11 : 44.55"
"6,12 : 110.0"
"6,13 : 33.6"
"6,14 : 67.47"
"6,15 : 60.42"
"6,16 : 74.95"
"6,17 : 50.0"
"6,18 : 84.96"
"6,19 : 61.2"
"6,20 : 3.61"
"6,21 : 90.27"
"6,22 : 70.18"
"6,23 : 35.51"
"6,24 : 82.71"
"6,25 : 26.08"
"6,26 : 26.4"
"6,27 : 5.83"
"6,28 : 69.64"
"6,29 : 84.06"
"6,30 : 59.09"
"6,31 : 57.31"
"6,32 : 23.35"
"6,33 : 51.35"
"6,34 : 113.7"
"6,35 : 85.7"
"6,36 : 27.17"
"6,37 : 54.82"
"6,38 : 9.0"
"6,39 : 75.03"
"6,40 : 76.53"
"6,41 : 63.63"
"6,42 : 81.05"
"6,43 : 17.46"
"6,44 : 83.76"
"6,45 : 22.56"
"6,46 : 44.29"
"6,47 : 11.66"
"6,48 : 84.6"
"6,49 : 47.85"
"7,0 : 61.85"
"7,1 : 34.13"
"7,2 : 58.55"
"7,3 : 26.93"
"7,4 : 22.14"
"7,5 : 18.11"
"7,6 : 71.28"
"7,7 : 0.0"
"7,8 : 36.14"
"7,9 : 42.45"
"7,10 : 66.21"
"7,11 : 52.15"
"7,12 : 38.95"
"7,13 : 68.0"
"7,14 : 54.45"
"7,15 : 53.0"
"7,16 : 14.32"
"7,17 : 29.0"
"7,18 : 17.46"
"7,19 : 67.36"
"7,20 : 72.72"
"7,21 : 30.07"
"7,22 : 18.38"
"7,23 : 41.62"
"7,24 : 64.51"
"7,25 : 65.46"
"7,26 : 74.63"
"7,27 : 73.93"
"7,28 : 16.16"
"7,29 : 34.01"
"7,30 : 16.76"
"7,31 : 46.04"
"7,32 : 65.25"
"7,33 : 34.93"
"7,34 : 43.19"
"7,35 : 33.97"
"7,36 : 48.92"
"7,37 : 25.18"
"7,38 : 76.69"
"7,39 : 41.23"
"7,40 : 61.61"
"7,41 : 30.89"
"7,42 : 34.21"
"7,43 : 59.62"
"7,44 : 32.7"
"7,45 : 56.92"
"7,46 : 64.2"
"7,47 : 76.92"
"7,48 : 38.47"
"7,49 : 50.49"
"8,0 : 95.19"
"8,1 : 12.04"
"8,2 : 79.61"
"8,3 : 45.31"
"8,4 : 51.61"
"8,5 : 45.8"
"8,6 : 101.24"
"8,7 : 36.14"
"8,8 : 0.0"
"8,9 : 20.4"
"8,10 : 101.95"
"8,11 : 68.43"
"8,12 : 21.93"
"8,13 : 103.47"
"8,14 : 89.02"
"8,15 : 88.46"
"8,16 : 26.63"
"8,17 : 51.66"
"8,18 : 18.68"
"8,19 : 74.33"
"8,20 : 101.83"
"8,21 : 12.08"
"8,22 : 31.11"
"8,23 : 76.49"
"8,24 : 96.75"
"8,25 : 100.18"
"8,26 : 109.18"
"8,27 : 102.53"
"8,28 : 50.09"
"8,29 : 23.35"
"8,30 : 52.89"
"8,31 : 81.74"
"8,32 : 88.81"
"8,33 : 71.06"
"8,34 : 20.22"
"8,35 : 60.17"
"8,36 : 82.86"
"8,37 : 46.69"
"8,38 : 108.07"
"8,39 : 73.33"
"8,40 : 59.01"
"8,41 : 41.18"
"8,42 : 63.15"
"8,43 : 86.37"
"8,44 : 22.56"
"8,45 : 82.33"
"8,46 : 100.28"
"8,47 : 104.14"
"8,48 : 27.02"
"8,49 : 65.31"
"9,0 : 92.07"
"9,1 : 32.14"
"9,2 : 95.34"
"9,3 : 38.12"
"9,4 : 62.8"
"9,5 : 57.43"
"9,6 : 113.07"
"9,7 : 42.45"
"9,8 : 20.4"
"9,9 : 0.0"
"9,10 : 107.38"
"9,11 : 85.38"
"9,12 : 5.0"
"9,13 : 109.55"
"9,14 : 87.8"
"9,15 : 88.87"
"9,16 : 39.36"
"9,17 : 65.76"
"9,18 : 28.65"
"9,19 : 93.54"
"9,20 : 114.2"
"9,21 : 31.02"
"9,22 : 45.69"
"9,23 : 83.87"
"9,24 : 92.35"
"9,25 : 107.62"
"9,26 : 116.82"
"9,27 : 115.21"
"9,28 : 51.43"
"9,29 : 43.0"
"9,30 : 58.01"
"9,31 : 83.01"
"9,32 : 103.77"
"9,33 : 74.79"
"9,34 : 1.0"
"9,35 : 54.15"
"9,36 : 91.35"
"9,37 : 60.83"
"9,38 : 118.93"
"9,39 : 70.21"
"9,40 : 79.16"
"9,41 : 58.24"
"9,42 : 58.55"
"9,43 : 99.86"
"9,44 : 42.01"
"9,45 : 96.38"
"9,46 : 104.24"
"9,47 : 117.6"
"9,48 : 47.1"
"9,49 : 82.57"
"10,0 : 43.0"
"10,1 : 97.27"
"10,2 : 60.03"
"10,3 : 75.66"
"10,4 : 53.46"
"10,5 : 58.86"
"10,6 : 36.89"
"10,7 : 66.21"
"10,8 : 101.95"
"10,9 : 107.38"
"10,10 : 0.0"
"10,11 : 68.35"
"10,12 : 103.17"
"10,13 : 4.0"
"10,14 : 35.51"
"10,15 : 28.86"
"10,16 : 76.24"
"10,17 : 60.01"
"10,18 : 83.38"
"10,19 : 88.64"
"10,20 : 40.5"
"10,21 : 93.68"
"10,22 : 74.53"
"10,23 : 26.31"
"10,24 : 49.01"
"10,25 : 10.82"
"10,26 : 15.03"
"10,27 : 42.72"
"10,28 : 56.4"
"10,29 : 92.07"
"10,30 : 49.65"
"10,31 : 29.53"
"10,32 : 55.44"
"10,33 : 32.8"
"10,34 : 108.23"
"10,35 : 64.64"
"10,36 : 23.35"
"10,37 : 63.07"
"10,38 : 32.89"
"10,39 : 49.19"
"10,40 : 98.49"
"10,41 : 75.01"
"10,42 : 59.08"
"10,43 : 45.8"
"10,44 : 91.24"
"10,45 : 49.4"
"10,46 : 8.06"
"10,47 : 48.55"
"10,48 : 94.53"
"10,49 : 70.52"
"11,0 : 92.66"
"11,1 : 57.45"
"11,2 : 13.42"
"11,3 : 78.77"
"11,4 : 32.89"
"11,5 : 34.53"
"11,6 : 44.55"
"11,7 : 52.15"
"11,8 : 68.43"
"11,9 : 85.38"
"11,10 : 68.35"
"11,11 : 0.0"
"11,12 : 83.93"
"11,13 : 67.05"
"11,14 : 82.73"
"11,15 : 77.16"
"11,16 : 46.87"
"11,17 : 23.35"
"11,18 : 57.49"
"11,19 : 20.81"
"11,20 : 43.17"
"11,21 : 56.36"
"11,22 : 40.02"
"11,23 : 47.2"
"11,24 : 97.74"
"11,25 : 59.91"
"11,26 : 65.62"
"11,27 : 42.72"
"11,28 : 61.03"
"11,29 : 46.62"
"11,30 : 51.08"
"11,31 : 70.71"
"11,32 : 23.71"
"11,33 : 58.14"
"11,34 : 85.7"
"11,35 : 81.6"
"11,36 : 45.62"
"11,37 : 27.02"
"11,38 : 53.46"
"11,39 : 79.92"
"11,40 : 32.06"
"11,41 : 27.31"
"11,42 : 79.31"
"11,43 : 27.17"
"11,44 : 46.87"
"11,45 : 22.09"
"11,46 : 72.45"
"11,47 : 41.63"
"11,48 : 45.34"
"11,49 : 3.61"
"12,0 : 87.13"
"12,1 : 32.98"
"12,2 : 93.41"
"12,3 : 33.14"
"12,4 : 59.91"
"12,5 : 54.71"
"12,6 : 110.0"
"12,7 : 38.95"
"12,8 : 21.93"
"12,9 : 5.0"
"12,10 : 103.17"
"12,11 : 83.93"
"12,12 : 0.0"
"12,13 : 105.44"
"12,14 : 82.97"
"12,15 : 84.15"
"12,16 : 37.34"
"12,17 : 63.56"
"12,18 : 26.57"
"12,19 : 93.13"
"12,20 : 111.25"
"12,21 : 31.26"
"12,22 : 43.97"
"12,23 : 80.06"
"12,24 : 87.37"
"12,25 : 103.71"
"12,26 : 112.93"
"12,27 : 112.33"
"12,28 : 47.01"
"12,29 : 43.29"
"12,30 : 54.04"
"12,31 : 78.39"
"12,32 : 101.55"
"12,33 : 70.49"
"12,34 : 6.0"
"12,35 : 49.16"
"12,36 : 87.69"
"12,37 : 58.69"
"12,38 : 115.62"
"12,39 : 65.31"
"12,40 : 79.63"
"12,41 : 57.07"
"12,42 : 53.6"
"12,43 : 97.25"
"12,44 : 42.19"
"12,45 : 93.94"
"12,46 : 99.85"
"12,47 : 114.91"
"12,48 : 47.68"
"12,49 : 81.25"
"13,0 : 47.0"
"13,1 : 98.37"
"13,2 : 58.14"
"13,3 : 78.57"
"13,4 : 54.13"
"13,5 : 59.67"
"13,6 : 33.6"
"13,7 : 68.0"
"13,8 : 103.47"
"13,9 : 109.55"
"13,10 : 4.0"
"13,11 : 67.05"
"13,12 : 105.44"
"13,13 : 0.0"
"13,14 : 39.46"
"13,15 : 32.76"
"13,16 : 77.49"
"13,17 : 60.07"
"13,18 : 85.0"
"13,19 : 87.09"
"13,20 : 37.2"
"13,21 : 94.87"
"13,22 : 75.43"
"13,23 : 27.2"
"13,24 : 53.01"
"13,25 : 7.81"
"13,26 : 11.05"
"13,27 : 39.41"
"13,28 : 58.9"
"13,29 : 92.76"
"13,30 : 51.62"
"13,31 : 33.11"
"13,32 : 53.01"
"13,33 : 35.38"
"13,34 : 110.39"
"13,35 : 67.96"
"13,36 : 23.0"
"13,37 : 63.39"
"13,38 : 29.15"
"13,39 : 52.8"
"13,40 : 97.67"
"13,41 : 75.17"
"13,42 : 62.43"
"13,43 : 43.57"
"13,44 : 91.98"
"13,45 : 47.41"
"13,46 : 12.04"
"13,47 : 45.22"
"13,48 : 95.04"
"13,49 : 69.38"
"14,0 : 10.0"
"14,1 : 88.57"
"14,2 : 79.63"
"14,3 : 50.7"
"14,4 : 54.71"
"14,5 : 57.7"
"14,6 : 67.47"
"14,7 : 54.45"
"14,8 : 89.02"
"14,9 : 87.8"
"14,10 : 35.51"
"14,11 : 82.73"
"14,12 : 82.97"
"14,13 : 39.46"
"14,14 : 0.0"
"14,15 : 7.07"
"14,16 : 68.25"
"14,17 : 64.9"
"14,18 : 71.06"
"14,19 : 103.28"
"14,20 : 70.83"
"14,21 : 84.48"
"14,22 : 69.92"
"14,23 : 36.89"
"14,24 : 15.65"
"14,25 : 44.0"
"14,26 : 50.49"
"14,27 : 73.01"
"14,28 : 39.01"
"14,29 : 87.56"
"14,30 : 39.85"
"14,31 : 12.04"
"14,32 : 79.18"
"14,33 : 25.0"
"14,34 : 88.77"
"14,35 : 35.85"
"14,36 : 42.54"
"14,37 : 65.37"
"14,38 : 66.19"
"14,39 : 18.36"
"14,40 : 106.53"
"14,41 : 76.92"
"14,42 : 30.41"
"14,43 : 69.32"
"14,44 : 86.35"
"14,45 : 70.83"
"14,46 : 27.89"
"14,47 : 78.59"
"14,48 : 91.48"
"14,49 : 83.49"
"15,0 : 16.55"
"15,1 : 87.05"
"15,2 : 73.41"
"15,3 : 52.84"
"15,4 : 50.57"
"15,5 : 54.08"
"15,6 : 60.42"
"15,7 : 53.0"
"15,8 : 88.46"
"15,9 : 88.87"
"15,10 : 28.86"
"15,11 : 77.16"
"15,12 : 84.15"
"15,13 : 32.76"
"15,14 : 7.07"
"15,15 : 0.0"
"15,16 : 66.27"
"15,17 : 60.42"
"15,18 : 70.11"
"15,19 : 97.84"
"15,20 : 63.79"
"15,21 : 83.02"
"15,22 : 67.27"
"15,23 : 30.61"
"15,24 : 22.47"
"15,25 : 37.01"
"15,26 : 43.74"
"15,27 : 65.97"
"15,28 : 38.47"
"15,29 : 85.16"
"15,30 : 37.34"
"15,31 : 7.28"
"15,32 : 72.56"
"15,33 : 20.62"
"15,34 : 89.81"
"15,35 : 39.05"
"15,36 : 35.78"
"15,37 : 61.33"
"15,38 : 59.14"
"15,39 : 21.93"
"15,40 : 102.08"
"15,41 : 73.16"
"15,42 : 33.42"
"15,43 : 62.65"
"15,44 : 84.01"
"15,45 : 64.35"
"15,46 : 21.54"
"15,47 : 71.57"
"15,48 : 88.84"
"15,49 : 78.1"
"16,0 : 75.96"
"16,1 : 21.21"
"16,2 : 56.08"
"16,3 : 37.74"
"16,4 : 25.0"
"16,5 : 19.21"
"16,6 : 74.95"
"16,7 : 14.32"
"16,8 : 26.63"
"16,9 : 39.36"
"16,10 : 76.24"
"16,11 : 46.87"
"16,12 : 37.34"
"16,13 : 77.49"
"16,14 : 68.25"
"16,15 : 66.27"
"16,16 : 0.0"
"16,17 : 26.42"
"16,18 : 10.77"
"16,19 : 58.55"
"16,20 : 75.74"
"16,21 : 17.46"
"16,22 : 7.0"
"16,23 : 50.33"
"16,24 : 78.77"
"16,25 : 73.82"
"16,26 : 82.73"
"16,27 : 76.58"
"16,28 : 30.46"
"16,29 : 19.7"
"16,30 : 29.02"
"16,31 : 59.14"
"16,32 : 64.41"
"16,33 : 47.04"
"16,34 : 39.82"
"16,35 : 47.51"
"16,36 : 56.36"
"16,37 : 21.47"
"16,38 : 81.57"
"16,39 : 55.54"
"16,40 : 49.65"
"16,41 : 21.1"
"16,42 : 48.26"
"16,43 : 60.8"
"16,44 : 18.38"
"16,45 : 57.14"
"16,46 : 75.31"
"16,47 : 78.6"
"16,48 : 24.19"
"16,49 : 44.41"
"17,0 : 74.4"
"17,1 : 42.8"
"17,2 : 30.08"
"17,3 : 55.44"
"17,4 : 10.63"
"17,5 : 11.18"
"17,6 : 50.0"
"17,7 : 29.0"
"17,8 : 51.66"
"17,9 : 65.76"
"17,10 : 60.01"
"17,11 : 23.35"
"17,12 : 63.56"
"17,13 : 60.07"
"17,14 : 64.9"
"17,15 : 60.42"
"17,16 : 26.42"
"17,17 : 0.0"
"17,18 : 37.12"
"17,19 : 40.82"
"17,20 : 50.33"
"17,21 : 40.36"
"17,22 : 20.62"
"17,23 : 34.37"
"17,24 : 78.87"
"17,25 : 54.59"
"17,26 : 62.59"
"17,27 : 50.93"
"17,28 : 38.08"
"17,29 : 34.44"
"17,30 : 28.84"
"17,31 : 53.34"
"17,32 : 38.01"
"17,33 : 39.96"
"17,34 : 66.24"
"17,35 : 58.69"
"17,36 : 37.12"
"17,37 : 5.0"
"17,38 : 57.45"
"17,39 : 58.9"
"17,40 : 41.68"
"17,41 : 15.13"
"17,42 : 56.82"
"17,43 : 34.71"
"17,44 : 34.0"
"17,45 : 30.81"
"17,46 : 61.66"
"17,47 : 52.5"
"17,48 : 35.74"
"17,49 : 22.14"
"18,0 : 77.78"
"18,1 : 18.38"
"18,2 : 66.85"
"18,3 : 32.56"
"18,4 : 34.66"
"18,5 : 29.07"
"18,6 : 84.96"
"18,7 : 17.46"
"18,8 : 18.68"
"18,9 : 28.65"
"18,10 : 83.38"
"18,11 : 57.49"
"18,12 : 26.57"
"18,13 : 85.0"
"18,14 : 71.06"
"18,15 : 70.11"
"18,16 : 10.77"
"18,17 : 37.12"
"18,18 : 0.0"
"18,19 : 68.12"
"18,20 : 85.91"
"18,21 : 14.32"
"18,22 : 17.46"
"18,23 : 58.18"
"18,24 : 79.83"
"18,25 : 81.99"
"18,26 : 91.07"
"18,27 : 86.83"
"18,28 : 32.06"
"18,29 : 22.8"
"18,30 : 34.21"
"18,31 : 63.29"
"18,32 : 75.13"
"18,33 : 52.39"
"18,34 : 29.15"
"18,35 : 45.18"
"18,36 : 64.9"
"18,37 : 32.2"
"18,38 : 91.24"
"18,39 : 56.29"
"18,40 : 57.25"
"18,41 : 31.06"
"18,42 : 47.17"
"18,43 : 71.28"
"18,44 : 21.4"
"18,45 : 67.74"
"18,46 : 81.61"
"18,47 : 89.05"
"18,48 : 27.8"
"18,49 : 54.92"
"19,0 : 113.15"
"19,1 : 62.37"
"19,2 : 29.61"
"19,3 : 94.25"
"19,4 : 51.31"
"19,5 : 51.43"
"19,6 : 61.2"
"19,7 : 67.36"
"19,8 : 74.33"
"19,9 : 93.54"
"19,10 : 88.64"
"19,11 : 20.81"
"19,12 : 93.13"
"19,13 : 87.09"
"19,14 : 103.28"
"19,15 : 97.84"
"19,16 : 58.55"
"19,17 : 40.82"
"19,18 : 68.12"
"19,19 : 0.0"
"19,20 : 59.03"
"19,21 : 62.65"
"19,22 : 51.62"
"19,23 : 68.01"
"19,24 : 118.11"
"19,25 : 79.71"
"19,26 : 84.65"
"19,27 : 58.0"
"19,28 : 78.71"
"19,29 : 50.99"
"19,30 : 69.64"
"19,31 : 91.29"
"19,32 : 38.01"
"19,33 : 78.49"
"19,34 : 93.65"
"19,35 : 99.28"
"19,36 : 66.24"
"19,37 : 42.95"
"19,38 : 70.18"
"19,39 : 99.4"
"19,40 : 20.52"
"19,41 : 37.48"
"19,42 : 97.62"
"19,43 : 44.91"
"19,44 : 51.79"
"19,45 : 40.26"
"19,46 : 93.06"
"19,47 : 55.23"
"19,48 : 47.8"
"19,49 : 19.8"
"20,0 : 80.08"
"20,1 : 93.09"
"20,2 : 30.27"
"20,3 : 93.3"
"20,4 : 51.4"
"20,5 : 56.85"
"20,6 : 3.61"
"20,7 : 72.72"
"20,8 : 101.83"
"20,9 : 114.2"
"20,10 : 40.5"
"20,11 : 43.17"
"20,12 : 111.25"
"20,13 : 37.2"
"20,14 : 70.83"
"20,15 : 63.79"
"20,16 : 75.74"
"20,17 : 50.33"
"20,18 : 85.91"
"20,19 : 59.03"
"20,20 : 0.0"
"20,21 : 90.69"
"20,22 : 70.72"
"20,23 : 38.21"
"20,24 : 86.13"
"20,25 : 29.68"
"20,26 : 29.83"
"20,27 : 2.24"
"20,28 : 71.78"
"20,29 : 84.05"
"20,30 : 61.1"
"20,31 : 60.53"
"20,32 : 21.02"
"20,33 : 54.15"
"20,34 : 114.81"
"20,35 : 88.28"
"20,36 : 30.02"
"20,37 : 55.23"
"20,38 : 11.4"
"20,39 : 78.0"
"20,40 : 74.97"
"20,41 : 63.51"
"20,42 : 83.73"
"20,43 : 16.55"
"20,44 : 83.82"
"20,45 : 21.54"
"20,46 : 47.89"
"20,47 : 8.06"
"20,48 : 84.38"
"20,49 : 46.57"
"21,0 : 91.59"
"21,1 : 4.12"
"21,2 : 67.68"
"21,3 : 46.4"
"21,4 : 41.59"
"21,5 : 35.78"
"21,6 : 90.27"
"21,7 : 30.07"
"21,8 : 12.08"
"21,9 : 31.02"
"21,10 : 93.68"
"21,11 : 56.36"
"21,12 : 31.26"
"21,13 : 94.87"
"21,14 : 84.48"
"21,15 : 83.02"
"21,16 : 17.46"
"21,17 : 40.36"
"21,18 : 14.32"
"21,19 : 62.65"
"21,20 : 90.69"
"21,21 : 0.0"
"21,22 : 20.25"
"21,23 : 67.68"
"21,24 : 93.86"
"21,25 : 91.0"
"21,26 : 99.81"
"21,27 : 91.29"
"21,28 : 45.71"
"21,29 : 12.04"
"21,30 : 46.1"
"21,31 : 76.0"
"21,32 : 77.01"
"21,33 : 64.28"
"21,34 : 31.06"
"21,35 : 59.48"
"21,36 : 73.41"
"21,37 : 35.47"
"21,38 : 97.42"
"21,39 : 70.34"
"21,40 : 48.37"
"21,41 : 29.15"
"21,42 : 61.47"
"21,43 : 74.95"
"21,44 : 11.0"
"21,45 : 70.77"
"21,46 : 92.76"
"21,47 : 92.66"
"21,48 : 16.49"
"21,49 : 53.23"
"22,0 : 78.19"
"22,1 : 23.26"
"22,2 : 49.66"
"22,3 : 43.83"
"22,4 : 21.54"
"22,5 : 15.81"
"22,6 : 70.18"
"22,7 : 18.38"
"22,8 : 31.11"
"22,9 : 45.69"
"22,10 : 74.53"
"22,11 : 40.02"
"22,12 : 43.97"
"22,13 : 75.43"
"22,14 : 69.92"
"22,15 : 67.27"
"22,16 : 7.0"
"22,17 : 20.62"
"22,18 : 17.46"
"22,19 : 51.62"
"22,20 : 70.72"
"22,21 : 20.25"
"22,22 : 0.0"
"22,23 : 48.27"
"22,24 : 81.44"
"22,25 : 71.17"
"22,26 : 79.85"
"22,27 : 71.42"
"22,28 : 33.84"
"22,29 : 18.03"
"22,30 : 30.08"
"22,31 : 60.02"
"22,32 : 58.31"
"22,33 : 47.27"
"22,34 : 46.1"
"22,35 : 52.35"
"22,36 : 53.49"
"22,37 : 15.62"
"22,38 : 77.2"
"22,39 : 58.67"
"22,40 : 43.57"
"22,41 : 14.14"
"22,42 : 52.5"
"22,43 : 55.32"
"22,44 : 17.0"
"22,45 : 51.4"
"22,46 : 74.33"
"22,47 : 73.11"
"22,48 : 21.59"
"22,49 : 37.48"
"23,0 : 46.87"
"23,1 : 71.17"
"23,2 : 42.8"
"23,3 : 56.82"
"23,4 : 27.17"
"23,5 : 32.56"
"23,6 : 35.51"
"23,7 : 41.62"
"23,8 : 76.49"
"23,9 : 83.87"
"23,10 : 26.31"
"23,11 : 47.2"
"23,12 : 80.06"
"23,13 : 27.2"
"23,14 : 36.89"
"23,15 : 30.61"
"23,16 : 50.33"
"23,17 : 34.37"
"23,18 : 58.18"
"23,19 : 68.01"
"23,20 : 38.21"
"23,21 : 67.68"
"23,22 : 48.27"
"23,23 : 0.0"
"23,24 : 52.48"
"23,25 : 23.85"
"23,26 : 33.02"
"23,27 : 40.11"
"23,28 : 35.51"
"23,29 : 65.76"
"23,30 : 26.17"
"23,31 : 25.06"
"23,32 : 42.54"
"23,33 : 16.0"
"23,34 : 84.65"
"23,35 : 50.22"
"23,36 : 8.54"
"23,37 : 37.01"
"23,38 : 38.08"
"23,39 : 40.2"
"23,40 : 74.67"
"23,41 : 49.09"
"23,42 : 45.54"
"23,43 : 32.89"
"23,44 : 64.94"
"23,45 : 34.0"
"23,46 : 27.29"
"23,47 : 45.0"
"23,48 : 68.26"
"23,49 : 48.55"
"24,0 : 6.08"
"24,1 : 97.98"
"24,2 : 95.13"
"24,3 : 54.23"
"24,4 : 68.41"
"24,5 : 70.72"
"24,6 : 82.71"
"24,7 : 64.51"
"24,8 : 96.75"
"24,9 : 92.35"
"24,10 : 49.01"
"24,11 : 97.74"
"24,12 : 87.37"
"24,13 : 53.01"
"24,14 : 15.65"
"24,15 : 22.47"
"24,16 : 78.77"
"24,17 : 78.87"
"24,18 : 79.83"
"24,19 : 118.11"
"24,20 : 86.13"
"24,21 : 93.86"
"24,22 : 81.44"
"24,23 : 52.48"
"24,24 : 0.0"
"24,25 : 58.42"
"24,26 : 64.0"
"24,27 : 88.32"
"24,28 : 48.38"
"24,29 : 98.43"
"24,30 : 51.97"
"24,31 : 27.46"
"24,32 : 94.83"
"24,33 : 39.62"
"24,34 : 93.34"
"24,35 : 38.21"
"24,36 : 58.18"
"24,37 : 78.82"
"24,38 : 80.89"
"24,39 : 23.54"
"24,40 : 120.21"
"24,41 : 89.89"
"24,42 : 34.0"
"24,43 : 84.97"
"24,44 : 97.14"
"24,45 : 86.45"
"24,46 : 41.0"
"24,47 : 93.96"
"24,48 : 102.69"
"24,49 : 98.31"
"25,0 : 52.35"
"25,1 : 94.34"
"25,2 : 50.57"
"25,3 : 78.6"
"25,4 : 49.65"
"25,5 : 55.36"
"25,6 : 26.08"
"25,7 : 65.46"
"25,8 : 100.18"
"25,9 : 107.62"
"25,10 : 10.82"
"25,11 : 59.91"
"25,12 : 103.71"
"25,13 : 7.81"
"25,14 : 44.0"
"25,15 : 37.01"
"25,16 : 73.82"
"25,17 : 54.59"
"25,18 : 81.99"
"25,19 : 79.71"
"25,20 : 29.68"
"25,21 : 91.0"
"25,22 : 71.17"
"25,23 : 23.85"
"25,24 : 58.42"
"25,25 : 0.0"
"25,26 : 9.22"
"25,27 : 31.91"
"25,28 : 58.05"
"25,29 : 88.06"
"25,30 : 49.68"
"25,31 : 35.9"
"25,32 : 45.22"
"25,33 : 35.23"
"25,34 : 108.41"
"25,35 : 69.32"
"25,36 : 17.72"
"25,37 : 58.25"
"25,38 : 22.56"
"25,39 : 55.36"
"25,40 : 90.93"
"25,41 : 69.72"
"25,42 : 63.98"
"25,43 : 35.85"
"25,44 : 87.36"
"25,45 : 39.81"
"25,46 : 18.38"
"25,47 : 37.74"
"25,48 : 90.03"
"25,49 : 62.37"
"26,0 : 58.01"
"26,1 : 103.08"
"26,2 : 55.08"
"26,3 : 87.62"
"26,4 : 58.31"
"26,5 : 64.08"
"26,6 : 26.4"
"26,7 : 74.63"
"26,8 : 109.18"
"26,9 : 116.82"
"26,10 : 15.03"
"26,11 : 65.62"
"26,12 : 112.93"
"26,13 : 11.05"
"26,14 : 50.49"
"26,15 : 43.74"
"26,16 : 82.73"
"26,17 : 62.59"
"26,18 : 91.07"
"26,19 : 84.65"
"26,20 : 29.83"
"26,21 : 99.81"
"26,22 : 79.85"
"26,23 : 33.02"
"26,24 : 64.0"
"26,25 : 9.22"
"26,26 : 0.0"
"26,27 : 31.89"
"26,28 : 67.21"
"26,29 : 96.46"
"26,30 : 58.9"
"26,31 : 43.66"
"26,32 : 48.33"
"26,33 : 44.2"
"26,34 : 117.61"
"26,35 : 77.9"
"26,36 : 26.4"
"26,37 : 66.48"
"26,38 : 20.0"
"26,39 : 63.32"
"26,40 : 97.25"
"26,41 : 77.67"
"26,42 : 72.47"
"26,43 : 39.85"
"26,44 : 95.82"
"26,45 : 44.38"
"26,46 : 23.0"
"26,47 : 37.48"
"26,48 : 98.23"
"26,49 : 68.36"
"27,0 : 82.28"
"27,1 : 93.61"
"27,2 : 29.61"
"27,3 : 94.87"
"27,4 : 52.43"
"27,5 : 57.8"
"27,6 : 5.83"
"27,7 : 73.93"
"27,8 : 102.53"
"27,9 : 115.21"
"27,10 : 42.72"
"27,11 : 42.72"
"27,12 : 112.33"
"27,13 : 39.41"
"27,14 : 73.01"
"27,15 : 65.97"
"27,16 : 76.58"
"27,17 : 50.93"
"27,18 : 86.83"
"27,19 : 58.0"
"27,20 : 2.24"
"27,21 : 91.29"
"27,22 : 71.42"
"27,23 : 40.11"
"27,24 : 88.32"
"27,25 : 31.91"
"27,26 : 31.89"
"27,27 : 0.0"
"27,28 : 73.38"
"27,29 : 84.4"
"27,30 : 62.63"
"27,31 : 62.65"
"27,32 : 20.02"
"27,33 : 56.08"
"27,34 : 115.8"
"27,35 : 90.09"
"27,36 : 32.0"
"27,37 : 55.87"
"27,38 : 13.0"
"27,39 : 80.01"
"27,40 : 74.33"
"27,41 : 63.82"
"27,42 : 85.59"
"27,43 : 16.64"
"27,44 : 84.2"
"27,45 : 21.47"
"27,46 : 50.12"
"27,47 : 5.83"
"27,48 : 84.6"
"27,49 : 46.17"
"28,0 : 45.89"
"28,1 : 49.82"
"28,2 : 64.38"
"28,3 : 21.54"
"28,4 : 28.16"
"28,5 : 27.29"
"28,6 : 69.64"
"28,7 : 16.16"
"28,8 : 50.09"
"28,9 : 51.43"
"28,10 : 56.4"
"28,11 : 61.03"
"28,12 : 47.01"
"28,13 : 58.9"
"28,14 : 39.01"
"28,15 : 38.47"
"28,16 : 30.46"
"28,17 : 38.08"
"28,18 : 32.06"
"28,19 : 78.71"
"28,20 : 71.78"
"28,21 : 45.71"
"28,22 : 33.84"
"28,23 : 35.51"
"28,24 : 48.38"
"28,25 : 58.05"
"28,26 : 67.21"
"28,27 : 73.38"
"28,28 : 0.0"
"28,29 : 50.16"
"28,30 : 11.05"
"28,31 : 32.02"
"28,32 : 69.03"
"28,33 : 23.6"
"28,34 : 52.33"
"28,35 : 20.62"
"28,36 : 43.91"
"28,37 : 35.85"
"28,38 : 73.36"
"28,39 : 25.08"
"28,40 : 75.74"
"28,41 : 44.6"
"28,42 : 19.21"
"28,43 : 61.52"
"28,44 : 48.85"
"28,45 : 60.07"
"28,46 : 52.84"
"28,47 : 77.37"
"28,48 : 54.56"
"28,49 : 60.17"
"29,0 : 95.51"
"29,1 : 11.4"
"29,2 : 58.8"
"29,3 : 55.17"
"29,4 : 38.64"
"29,5 : 33.24"
"29,6 : 84.06"
"29,7 : 34.01"
"29,8 : 23.35"
"29,9 : 43.0"
"29,10 : 92.07"
"29,11 : 46.62"
"29,12 : 43.29"
"29,13 : 92.76"
"29,14 : 87.56"
"29,15 : 85.16"
"29,16 : 19.7"
"29,17 : 34.44"
"29,18 : 22.8"
"29,19 : 50.99"
"29,20 : 84.05"
"29,21 : 12.04"
"29,22 : 18.03"
"29,23 : 65.76"
"29,24 : 98.43"
"29,25 : 88.06"
"29,26 : 96.46"
"29,27 : 84.4"
"29,28 : 50.16"
"29,29 : 0.0"
"29,30 : 47.85"
"29,31 : 77.93"
"29,32 : 68.59"
"29,33 : 65.28"
"29,34 : 43.01"
"29,35 : 66.61"
"29,36 : 70.34"
"29,37 : 30.08"
"29,38 : 91.79"
"29,39 : 75.24"
"29,40 : 36.35"
"29,41 : 20.62"
"29,42 : 67.74"
"29,43 : 67.8"
"29,44 : 1.41"
"29,45 : 63.25"
"29,46 : 92.2"
"29,47 : 85.15"
"29,48 : 5.0"
"29,49 : 43.27"
"30,0 : 48.33"
"30,1 : 50.04"
"30,2 : 53.6"
"30,3 : 32.28"
"30,4 : 18.36"
"30,5 : 19.1"
"30,6 : 59.09"
"30,7 : 16.76"
"30,8 : 52.89"
"30,9 : 58.01"
"30,10 : 49.65"
"30,11 : 51.08"
"30,12 : 54.04"
"30,13 : 51.62"
"30,14 : 39.85"
"30,15 : 37.34"
"30,16 : 29.02"
"30,17 : 28.84"
"30,18 : 34.21"
"30,19 : 69.64"
"30,20 : 61.1"
"30,21 : 46.1"
"30,22 : 30.08"
"30,23 : 26.17"
"30,24 : 51.97"
"30,25 : 49.68"
"30,26 : 58.9"
"30,27 : 62.63"
"30,28 : 11.05"
"30,29 : 47.85"
"30,30 : 0.0"
"30,31 : 30.15"
"30,32 : 58.01"
"30,33 : 18.25"
"30,34 : 58.82"
"30,35 : 30.81"
"30,36 : 34.21"
"30,37 : 27.59"
"30,38 : 63.29"
"30,39 : 30.41"
"30,40 : 68.77"
"30,41 : 38.01"
"30,42 : 28.23"
"30,43 : 50.49"
"30,44 : 46.69"
"30,45 : 49.04"
"30,46 : 47.43"
"30,47 : 66.48"
"30,48 : 51.66"
"30,49 : 50.54"
"31,0 : 22.02"
"31,1 : 80.01"
"31,2 : 67.68"
"31,3 : 48.01"
"31,4 : 43.38"
"31,5 : 46.82"
"31,6 : 57.31"
"31,7 : 46.04"
"31,8 : 81.74"
"31,9 : 83.01"
"31,10 : 29.53"
"31,11 : 70.71"
"31,12 : 78.39"
"31,13 : 33.11"
"31,14 : 12.04"
"31,15 : 7.28"
"31,16 : 59.14"
"31,17 : 53.34"
"31,18 : 63.29"
"31,19 : 91.29"
"31,20 : 60.53"
"31,21 : 76.0"
"31,22 : 60.02"
"31,23 : 25.06"
"31,24 : 27.46"
"31,25 : 35.9"
"31,26 : 43.66"
"31,27 : 62.65"
"31,28 : 32.02"
"31,29 : 77.93"
"31,30 : 30.15"
"31,31 : 0.0"
"31,32 : 67.54"
"31,33 : 13.42"
"31,34 : 83.93"
"31,35 : 35.47"
"31,36 : 31.32"
"31,37 : 54.13"
"31,38 : 57.08"
"31,39 : 19.7"
"31,40 : 95.02"
"31,41 : 65.92"
"31,42 : 29.83"
"31,43 : 57.78"
"31,44 : 76.79"
"31,45 : 59.06"
"31,46 : 23.43"
"31,47 : 68.07"
"31,48 : 81.58"
"31,49 : 71.51"
"32,0 : 89.07"
"32,1 : 78.75"
"32,2 : 10.3"
"32,3 : 89.56"
"32,4 : 43.17"
"32,5 : 47.43"
"32,6 : 23.35"
"32,7 : 65.25"
"32,8 : 88.81"
"32,9 : 103.77"
"32,10 : 55.44"
"32,11 : 23.71"
"32,12 : 101.55"
"32,13 : 53.01"
"32,14 : 79.18"
"32,15 : 72.56"
"32,16 : 64.41"
"32,17 : 38.01"
"32,18 : 75.13"
"32,19 : 38.01"
"32,20 : 21.02"
"32,21 : 77.01"
"32,22 : 58.31"
"32,23 : 42.54"
"32,24 : 94.83"
"32,25 : 45.22"
"32,26 : 48.33"
"32,27 : 20.02"
"32,28 : 69.03"
"32,29 : 68.59"
"32,30 : 58.01"
"32,31 : 67.54"
"32,32 : 0.0"
"32,33 : 57.57"
"32,34 : 104.24"
"32,35 : 88.2"
"32,36 : 36.89"
"32,37 : 42.94"
"32,38 : 32.25"
"32,39 : 81.74"
"32,40 : 54.57"
"32,41 : 48.17"
"32,42 : 84.59"
"32,43 : 10.0"
"32,44 : 68.62"
"32,45 : 9.06"
"32,46 : 61.52"
"32,47 : 18.03"
"32,48 : 68.01"
"32,49 : 27.29"
"33,0 : 34.71"
"33,1 : 68.18"
"33,2 : 56.36"
"33,3 : 43.42"
"33,4 : 29.97"
"33,5 : 33.53"
"33,6 : 51.35"
"33,7 : 34.93"
"33,8 : 71.06"
"33,9 : 74.79"
"33,10 : 32.8"
"33,11 : 58.14"
"33,12 : 70.49"
"33,13 : 35.38"
"33,14 : 25.0"
"33,15 : 20.62"
"33,16 : 47.04"
"33,17 : 39.96"
"33,18 : 52.39"
"33,19 : 78.49"
"33,20 : 54.15"
"33,21 : 64.28"
"33,22 : 47.27"
"33,23 : 16.0"
"33,24 : 39.62"
"33,25 : 35.23"
"33,26 : 44.2"
"33,27 : 56.08"
"33,28 : 23.6"
"33,29 : 65.28"
"33,30 : 18.25"
"33,31 : 13.42"
"33,32 : 57.57"
"33,33 : 0.0"
"33,34 : 75.66"
"33,35 : 34.79"
"33,36 : 24.19"
"33,37 : 40.72"
"33,38 : 53.16"
"33,39 : 24.33"
"33,40 : 81.63"
"33,41 : 52.55"
"33,42 : 29.83"
"33,43 : 48.27"
"33,44 : 64.2"
"33,45 : 48.7"
"33,46 : 29.55"
"33,47 : 61.0"
"33,48 : 68.73"
"33,49 : 58.69"
"34,0 : 93.06"
"34,1 : 32.06"
"34,2 : 95.75"
"34,3 : 39.12"
"34,4 : 63.41"
"34,5 : 58.01"
"34,6 : 113.7"
"34,7 : 43.19"
"34,8 : 20.22"
"34,9 : 1.0"
"34,10 : 108.23"
"34,11 : 85.7"
"34,12 : 6.0"
"34,13 : 110.39"
"34,14 : 88.77"
"34,15 : 89.81"
"34,16 : 39.82"
"34,17 : 66.24"
"34,18 : 29.15"
"34,19 : 93.65"
"34,20 : 114.81"
"34,21 : 31.06"
"34,22 : 46.1"
"34,23 : 84.65"
"34,24 : 93.34"
"34,25 : 108.41"
"34,26 : 117.61"
"34,27 : 115.8"
"34,28 : 52.33"
"34,29 : 43.01"
"34,30 : 58.82"
"34,31 : 83.93"
"34,32 : 104.24"
"34,33 : 75.66"
"34,34 : 0.0"
"34,35 : 55.15"
"34,36 : 92.1"
"34,37 : 61.29"
"34,38 : 119.6"
"34,39 : 71.2"
"34,40 : 79.1"
"34,41 : 58.52"
"34,42 : 59.54"
"34,43 : 100.4"
"34,44 : 42.05"
"34,45 : 96.9"
"34,46 : 105.12"
"34,47 : 118.15"
"34,48 : 47.04"
"34,49 : 82.86"
"35,0 : 38.33"
"35,1 : 63.51"
"35,2 : 84.34"
"35,3 : 16.03"
"35,4 : 48.7"
"35,5 : 47.85"
"35,6 : 85.7"
"35,7 : 33.97"
"35,8 : 60.17"
"35,9 : 54.15"
"35,10 : 64.64"
"35,11 : 81.6"
"35,12 : 49.16"
"35,13 : 67.96"
"35,14 : 35.85"
"35,15 : 39.05"
"35,16 : 47.51"
"35,17 : 58.69"
"35,18 : 45.18"
"35,19 : 99.28"
"35,20 : 88.28"
"35,21 : 59.48"
"35,22 : 52.35"
"35,23 : 50.22"
"35,24 : 38.21"
"35,25 : 69.32"
"35,26 : 77.9"
"35,27 : 90.09"
"35,28 : 20.62"
"35,29 : 66.61"
"35,30 : 30.81"
"35,31 : 35.47"
"35,32 : 88.2"
"35,33 : 34.79"
"35,34 : 55.15"
"35,35 : 0.0"
"35,36 : 58.69"
"35,37 : 56.36"
"35,38 : 87.93"
"35,39 : 17.49"
"35,40 : 95.43"
"35,41 : 64.4"
"35,42 : 5.66"
"35,43 : 80.0"
"35,44 : 65.22"
"35,45 : 79.16"
"35,46 : 58.9"
"35,47 : 94.64"
"35,48 : 71.4"
"35,49 : 80.78"
"36,0 : 52.33"
"36,1 : 76.69"
"36,2 : 38.95"
"36,3 : 65.3"
"36,4 : 31.95"
"36,5 : 37.7"
"36,6 : 27.17"
"36,7 : 48.92"
"36,8 : 82.86"
"36,9 : 91.35"
"36,10 : 23.35"
"36,11 : 45.62"
"36,12 : 87.69"
"36,13 : 23.0"
"36,14 : 42.54"
"36,15 : 35.78"
"36,16 : 56.36"
"36,17 : 37.12"
"36,18 : 64.9"
"36,19 : 66.24"
"36,20 : 30.02"
"36,21 : 73.41"
"36,22 : 53.49"
"36,23 : 8.54"
"36,24 : 58.18"
"36,25 : 17.72"
"36,26 : 26.4"
"36,27 : 32.0"
"36,28 : 43.91"
"36,29 : 70.34"
"36,30 : 34.21"
"36,31 : 31.32"
"36,32 : 36.89"
"36,33 : 24.19"
"36,34 : 92.1"
"36,35 : 58.69"
"36,36 : 0.0"
"36,37 : 40.61"
"36,38 : 29.55"
"36,39 : 48.01"
"36,40 : 75.19"
"36,41 : 52.24"
"36,42 : 53.94"
"36,43 : 26.93"
"36,44 : 69.64"
"36,45 : 29.07"
"36,46 : 26.83"
"36,47 : 37.12"
"36,48 : 72.37"
"36,49 : 47.54"
"37,0 : 74.63"
"37,1 : 38.01"
"37,2 : 34.79"
"37,3 : 51.97"
"37,4 : 10.77"
"37,5 : 8.6"
"37,6 : 54.82"
"37,7 : 25.18"
"37,8 : 46.69"
"37,9 : 60.83"
"37,10 : 63.07"
"37,11 : 27.02"
"37,12 : 58.69"
"37,13 : 63.39"
"37,14 : 65.37"
"37,15 : 61.33"
"37,16 : 21.47"
"37,17 : 5.0"
"37,18 : 32.2"
"37,19 : 42.95"
"37,20 : 55.23"
"37,21 : 35.47"
"37,22 : 15.62"
"37,23 : 37.01"
"37,24 : 78.82"
"37,25 : 58.25"
"37,26 : 66.48"
"37,27 : 55.87"
"37,28 : 35.85"
"37,29 : 30.08"
"37,30 : 27.59"
"37,31 : 54.13"
"37,32 : 42.94"
"37,33 : 40.72"
"37,34 : 61.29"
"37,35 : 56.36"
"37,36 : 40.61"
"37,37 : 0.0"
"37,38 : 62.13"
"37,39 : 57.98"
"37,40 : 41.4"
"37,41 : 12.17"
"37,42 : 54.92"
"37,43 : 39.7"
"37,44 : 29.55"
"37,45 : 35.81"
"37,46 : 64.2"
"37,47 : 57.49"
"37,48 : 31.78"
"37,49 : 25.32"
"38,0 : 74.81"
"38,1 : 100.12"
"38,2 : 41.01"
"38,3 : 94.81"
"38,4 : 56.64"
"38,5 : 62.37"
"38,6 : 9.0"
"38,7 : 76.69"
"38,8 : 108.07"
"38,9 : 118.93"
"38,10 : 32.89"
"38,11 : 53.46"
"38,12 : 115.62"
"38,13 : 29.15"
"38,14 : 66.19"
"38,15 : 59.14"
"38,16 : 81.57"
"38,17 : 57.45"
"38,18 : 91.24"
"38,19 : 70.18"
"38,20 : 11.4"
"38,21 : 97.42"
"38,22 : 77.2"
"38,23 : 38.08"
"38,24 : 80.89"
"38,25 : 22.56"
"38,26 : 20.0"
"38,27 : 13.0"
"38,28 : 73.36"
"38,29 : 91.79"
"38,30 : 63.29"
"38,31 : 57.08"
"38,32 : 32.25"
"38,33 : 53.16"
"38,34 : 119.6"
"38,35 : 87.93"
"38,36 : 29.55"
"38,37 : 62.13"
"38,38 : 0.0"
"38,39 : 75.8"
"38,40 : 85.48"
"38,41 : 71.55"
"38,42 : 82.97"
"38,43 : 26.31"
"38,44 : 91.42"
"38,45 : 31.4"
"38,46 : 40.8"
"38,47 : 18.03"
"38,48 : 92.57"
"38,49 : 56.72"
"39,0 : 22.02"
"39,1 : 74.46"
"39,2 : 79.85"
"39,3 : 32.57"
"39,4 : 48.27"
"39,5 : 49.52"
"39,6 : 75.03"
"39,7 : 41.23"
"39,8 : 73.33"
"39,9 : 70.21"
"39,10 : 49.19"
"39,11 : 79.92"
"39,12 : 65.31"
"39,13 : 52.8"
"39,14 : 18.36"
"39,15 : 21.93"
"39,16 : 55.54"
"39,17 : 58.9"
"39,18 : 56.29"
"39,19 : 99.4"
"39,20 : 78.0"
"39,21 : 70.34"
"39,22 : 58.67"
"39,23 : 40.2"
"39,24 : 23.54"
"39,25 : 55.36"
"39,26 : 63.32"
"39,27 : 80.01"
"39,28 : 25.08"
"39,29 : 75.24"
"39,30 : 30.41"
"39,31 : 19.7"
"39,32 : 81.74"
"39,33 : 24.33"
"39,34 : 71.2"
"39,35 : 17.49"
"39,36 : 48.01"
"39,37 : 57.98"
"39,38 : 75.8"
"39,39 : 0.0"
"39,40 : 99.16"
"39,41 : 68.25"
"39,42 : 12.08"
"39,43 : 72.57"
"39,44 : 73.93"
"39,45 : 72.8"
"39,46 : 42.72"
"39,47 : 85.09"
"39,48 : 79.62"
"39,49 : 79.88"
"40,0 : 115.94"
"40,1 : 47.04"
"40,2 : 44.72"
"40,3 : 87.32"
"40,4 : 51.87"
"40,5 : 49.68"
"40,6 : 76.53"
"40,7 : 61.61"
"40,8 : 59.01"
"40,9 : 79.16"
"40,10 : 98.49"
"40,11 : 32.06"
"40,12 : 79.63"
"40,13 : 97.67"
"40,14 : 106.53"
"40,15 : 102.08"
"40,16 : 49.65"
"40,17 : 41.68"
"40,18 : 57.25"
"40,19 : 20.52"
"40,20 : 74.97"
"40,21 : 48.37"
"40,22 : 43.57"
"40,23 : 74.67"
"40,24 : 120.21"
"40,25 : 90.93"
"40,26 : 97.25"
"40,27 : 74.33"
"40,28 : 75.74"
"40,29 : 36.35"
"40,30 : 68.77"
"40,31 : 95.02"
"40,32 : 54.57"
"40,33 : 81.63"
"40,34 : 79.1"
"40,35 : 95.43"
"40,36 : 75.19"
"40,37 : 41.4"
"40,38 : 85.48"
"40,39 : 99.16"
"40,40 : 0.0"
"40,41 : 31.14"
"40,42 : 94.92"
"40,43 : 59.21"
"40,44 : 37.48"
"40,45 : 54.15"
"40,46 : 101.53"
"40,47 : 72.53"
"40,48 : 32.06"
"40,49 : 29.0"
"41,0 : 85.96"
"41,1 : 30.61"
"41,2 : 38.6"
"41,3 : 57.38"
"41,4 : 22.8"
"41,5 : 19.24"
"41,6 : 63.63"
"41,7 : 30.89"
"41,8 : 41.18"
"41,9 : 58.24"
"41,10 : 75.01"
"41,11 : 27.31"
"41,12 : 57.07"
"41,13 : 75.17"
"41,14 : 76.92"
"41,15 : 73.16"
"41,16 : 21.1"
"41,17 : 15.13"
"41,18 : 31.06"
"41,19 : 37.48"
"41,20 : 63.51"
"41,21 : 29.15"
"41,22 : 14.14"
"41,23 : 49.09"
"41,24 : 89.89"
"41,25 : 69.72"
"41,26 : 77.67"
"41,27 : 63.82"
"41,28 : 44.6"
"41,29 : 20.62"
"41,30 : 38.01"
"41,31 : 65.92"
"41,32 : 48.17"
"41,33 : 52.55"
"41,34 : 58.52"
"41,35 : 64.4"
"41,36 : 52.24"
"41,37 : 12.17"
"41,38 : 71.55"
"41,39 : 68.25"
"41,40 : 31.14"
"41,41 : 0.0"
"41,42 : 63.78"
"41,43 : 47.2"
"41,44 : 20.52"
"41,45 : 42.64"
"41,46 : 76.32"
"41,47 : 64.54"
"41,48 : 21.02"
"41,49 : 24.35"
"42,0 : 33.54"
"42,1 : 65.55"
"42,2 : 81.25"
"42,3 : 20.62"
"42,4 : 46.52"
"42,5 : 46.32"
"42,6 : 81.05"
"42,7 : 34.21"
"42,8 : 63.15"
"42,9 : 58.55"
"42,10 : 59.08"
"42,11 : 79.31"
"42,12 : 53.6"
"42,13 : 62.43"
"42,14 : 30.41"
"42,15 : 33.42"
"42,16 : 48.26"
"42,17 : 56.82"
"42,18 : 47.17"
"42,19 : 97.62"
"42,20 : 83.73"
"42,21 : 61.47"
"42,22 : 52.5"
"42,23 : 45.54"
"42,24 : 34.0"
"42,25 : 63.98"
"42,26 : 72.47"
"42,27 : 85.59"
"42,28 : 19.21"
"42,29 : 67.74"
"42,30 : 28.23"
"42,31 : 29.83"
"42,32 : 84.59"
"42,33 : 29.83"
"42,34 : 59.54"
"42,35 : 5.66"
"42,36 : 53.94"
"42,37 : 54.92"
"42,38 : 82.97"
"42,39 : 12.08"
"42,40 : 94.92"
"42,41 : 63.78"
"42,42 : 0.0"
"42,43 : 76.11"
"42,44 : 66.37"
"42,45 : 75.54"
"42,46 : 53.26"
"42,47 : 90.27"
"42,48 : 72.4"
"42,49 : 78.72"
"43,0 : 79.18"
"43,1 : 77.16"
"43,2 : 15.3"
"43,3 : 82.57"
"43,4 : 37.58"
"43,5 : 42.54"
"43,6 : 17.46"
"43,7 : 59.62"
"43,8 : 86.37"
"43,9 : 99.86"
"43,10 : 45.8"
"43,11 : 27.17"
"43,12 : 97.25"
"43,13 : 43.57"
"43,14 : 69.32"
"43,15 : 62.65"
"43,16 : 60.8"
"43,17 : 34.71"
"43,18 : 71.28"
"43,19 : 44.91"
"43,20 : 16.55"
"43,21 : 74.95"
"43,22 : 55.32"
"43,23 : 32.89"
"43,24 : 84.97"
"43,25 : 35.85"
"43,26 : 39.85"
"43,27 : 16.64"
"43,28 : 61.52"
"43,29 : 67.8"
"43,30 : 50.49"
"43,31 : 57.78"
"43,32 : 10.0"
"43,33 : 48.27"
"43,34 : 100.4"
"43,35 : 80.0"
"43,36 : 26.93"
"43,37 : 39.7"
"43,38 : 26.31"
"43,39 : 72.57"
"43,40 : 59.21"
"43,41 : 47.2"
"43,42 : 76.11"
"43,43 : 0.0"
"43,44 : 67.62"
"43,45 : 5.1"
"43,46 : 51.66"
"43,47 : 17.8"
"43,48 : 67.96"
"43,49 : 30.41"
"44,0 : 94.25"
"44,1 : 10.77"
"44,2 : 58.9"
"44,3 : 53.76"
"44,4 : 37.85"
"44,5 : 32.39"
"44,6 : 83.76"
"44,7 : 32.7"
"44,8 : 22.56"
"44,9 : 42.01"
"44,10 : 91.24"
"44,11 : 46.87"
"44,12 : 42.19"
"44,13 : 91.98"
"44,14 : 86.35"
"44,15 : 84.01"
"44,16 : 18.38"
"44,17 : 34.0"
"44,18 : 21.4"
"44,19 : 51.79"
"44,20 : 83.82"
"44,21 : 11.0"
"44,22 : 17.0"
"44,23 : 64.94"
"44,24 : 97.14"
"44,25 : 87.36"
"44,26 : 95.82"
"44,27 : 84.2"
"44,28 : 48.85"
"44,29 : 1.41"
"44,30 : 46.69"
"44,31 : 76.79"
"44,32 : 68.62"
"44,33 : 64.2"
"44,34 : 42.05"
"44,35 : 65.22"
"44,36 : 69.64"
"44,37 : 29.55"
"44,38 : 91.42"
"44,39 : 73.93"
"44,40 : 37.48"
"44,41 : 20.52"
"44,42 : 66.37"
"44,43 : 67.62"
"44,44 : 0.0"
"44,45 : 63.13"
"44,46 : 91.27"
"44,47 : 85.04"
"44,48 : 6.4"
"44,49 : 43.57"
"45,0 : 80.78"
"45,1 : 72.84"
"45,2 : 10.77"
"45,3 : 80.75"
"45,4 : 34.79"
"45,5 : 39.4"
"45,6 : 22.56"
"45,7 : 56.92"
"45,8 : 82.33"
"45,9 : 96.38"
"45,10 : 49.4"
"45,11 : 22.09"
"45,12 : 93.94"
"45,13 : 47.41"
"45,14 : 70.83"
"45,15 : 64.35"
"45,16 : 57.14"
"45,17 : 30.81"
"45,18 : 67.74"
"45,19 : 40.26"
"45,20 : 21.54"
"45,21 : 70.77"
"45,22 : 51.4"
"45,23 : 34.0"
"45,24 : 86.45"
"45,25 : 39.81"
"45,26 : 44.38"
"45,27 : 21.47"
"45,28 : 60.07"
"45,29 : 63.25"
"45,30 : 49.04"
"45,31 : 59.06"
"45,32 : 9.06"
"45,33 : 48.7"
"45,34 : 96.9"
"45,35 : 79.16"
"45,36 : 29.07"
"45,37 : 35.81"
"45,38 : 31.4"
"45,39 : 72.8"
"45,40 : 54.15"
"45,41 : 42.64"
"45,42 : 75.54"
"45,43 : 5.1"
"45,44 : 63.13"
"45,45 : 0.0"
"45,46 : 54.82"
"45,47 : 21.93"
"45,48 : 63.25"
"45,49 : 25.32"
"46,0 : 35.01"
"46,1 : 96.51"
"46,2 : 65.22"
"46,3 : 70.94"
"46,4 : 54.01"
"46,5 : 59.03"
"46,6 : 44.29"
"46,7 : 64.2"
"46,8 : 100.28"
"46,9 : 104.24"
"46,10 : 8.06"
"46,11 : 72.45"
"46,12 : 99.85"
"46,13 : 12.04"
"46,14 : 27.89"
"46,15 : 21.54"
"46,16 : 75.31"
"46,17 : 61.66"
"46,18 : 81.61"
"46,19 : 93.06"
"46,20 : 47.89"
"46,21 : 92.76"
"46,22 : 74.33"
"46,23 : 27.29"
"46,24 : 41.0"
"46,25 : 18.38"
"46,26 : 23.0"
"46,27 : 50.12"
"46,28 : 52.84"
"46,29 : 92.2"
"46,30 : 47.43"
"46,31 : 23.43"
"46,32 : 61.52"
"46,33 : 29.55"
"46,34 : 105.12"
"46,35 : 58.9"
"46,36 : 26.83"
"46,37 : 64.2"
"46,38 : 40.8"
"46,39 : 42.72"
"46,40 : 101.53"
"46,41 : 76.32"
"46,42 : 53.26"
"46,43 : 51.66"
"46,44 : 91.27"
"46,45 : 54.82"
"46,46 : 0.0"
"46,47 : 55.95"
"46,48 : 95.02"
"46,49 : 74.32"
"47,0 : 87.93"
"47,1 : 94.76"
"47,2 : 28.23"
"47,3 : 98.76"
"47,4 : 55.07"
"47,5 : 60.21"
"47,6 : 11.66"
"47,7 : 76.92"
"47,8 : 104.14"
"47,9 : 117.6"
"47,10 : 48.55"
"47,11 : 41.63"
"47,12 : 114.91"
"47,13 : 45.22"
"47,14 : 78.59"
"47,15 : 71.57"
"47,16 : 78.6"
"47,17 : 52.5"
"47,18 : 89.05"
"47,19 : 55.23"
"47,20 : 8.06"
"47,21 : 92.66"
"47,22 : 73.11"
"47,23 : 45.0"
"47,24 : 93.96"
"47,25 : 37.74"
"47,26 : 37.48"
"47,27 : 5.83"
"47,28 : 77.37"
"47,29 : 85.15"
"47,30 : 66.48"
"47,31 : 68.07"
"47,32 : 18.03"
"47,33 : 61.0"
"47,34 : 118.15"
"47,35 : 94.64"
"47,36 : 37.12"
"47,37 : 57.49"
"47,38 : 18.03"
"47,39 : 85.09"
"47,40 : 72.53"
"47,41 : 64.54"
"47,42 : 90.27"
"47,43 : 17.8"
"47,44 : 85.04"
"47,45 : 21.93"
"47,46 : 55.95"
"47,47 : 0.0"
"47,48 : 85.0"
"47,49 : 45.19"
"48,0 : 99.62"
"48,1 : 15.0"
"48,2 : 58.0"
"48,3 : 60.14"
"48,4 : 41.11"
"48,5 : 36.0"
"48,6 : 84.6"
"48,7 : 38.47"
"48,8 : 27.02"
"48,9 : 47.1"
"48,10 : 94.53"
"48,11 : 45.34"
"48,12 : 47.68"
"48,13 : 95.04"
"48,14 : 91.48"
"48,15 : 88.84"
"48,16 : 24.19"
"48,17 : 35.74"
"48,18 : 27.8"
"48,19 : 47.8"
"48,20 : 84.38"
"48,21 : 16.49"
"48,22 : 21.59"
"48,23 : 68.26"
"48,24 : 102.69"
"48,25 : 90.03"
"48,26 : 98.23"
"48,27 : 84.6"
"48,28 : 54.56"
"48,29 : 5.0"
"48,30 : 51.66"
"48,31 : 81.58"
"48,32 : 68.01"
"48,33 : 68.73"
"48,34 : 47.04"
"48,35 : 71.4"
"48,36 : 72.37"
"48,37 : 31.78"
"48,38 : 92.57"
"48,39 : 79.62"
"48,40 : 32.06"
"48,41 : 21.02"
"48,42 : 72.4"
"48,43 : 67.96"
"48,44 : 6.4"
"48,45 : 63.25"
"48,46 : 95.02"
"48,47 : 85.0"
"48,48 : 0.0"
"48,49 : 41.87"
"49,0 : 93.35"
"49,1 : 54.2"
"49,2 : 17.0"
"49,3 : 77.28"
"49,4 : 32.2"
"49,5 : 33.24"
"49,6 : 47.85"
"49,7 : 50.49"
"49,8 : 65.31"
"49,9 : 82.57"
"49,10 : 70.52"
"49,11 : 3.61"
"49,12 : 81.25"
"49,13 : 69.38"
"49,14 : 83.49"
"49,15 : 78.1"
"49,16 : 44.41"
"49,17 : 22.14"
"49,18 : 54.92"
"49,19 : 19.8"
"49,20 : 46.57"
"49,21 : 53.23"
"49,22 : 37.48"
"49,23 : 48.55"
"49,24 : 98.31"
"49,25 : 62.37"
"49,26 : 68.36"
"49,27 : 46.17"
"49,28 : 60.17"
"49,29 : 43.27"
"49,30 : 50.54"
"49,31 : 71.51"
"49,32 : 27.29"
"49,33 : 58.69"
"49,34 : 82.86"
"49,35 : 80.78"
"49,36 : 47.54"
"49,37 : 25.32"
"49,38 : 56.72"
"49,39 : 79.88"
"49,40 : 29.0"
"49,41 : 24.35"
"49,42 : 78.72"
"49,43 : 30.41"
"49,44 : 43.57"
"49,45 : 25.32"
"49,46 : 74.32"
"49,47 : 45.19"
"49,48 : 41.87"
"49,49 : 0.0"
