x,y
39,90
1,61
50,69
5,15
66,66
15,91
86,49
53,100
71,13
21,67
91,54
63,63
41,66
78,35
15,66
42,96
69,8
10,19
51,0
39,75
11,92
93,17
30,75
90,87
68,64
48,41
0,51
95,100
65,38
59,94
37,94
97,24
18,86
96,12
97,26
65,60
16,51
21,45
50,60
37,80
69,60
51,95
68,20
83,84
16,98
28,12
42,25
35,25
3,63
31,61

Distanze
"0,0 : 0.0"
"0,1 : 48.8"
"0,2 : 10.2"
"0,3 : 36.35"
"0,4 : 47.54"
"0,5 : 16.76"
"0,6 : 59.03"
"0,7 : 46.1"
"0,8 : 60.93"
"0,9 : 40.25"
"0,10 : 26.93"
"0,11 : 40.5"
"0,12 : 59.68"
"0,13 : 1.41"
"0,14 : 56.86"
"0,15 : 23.54"
"0,16 : 57.07"
"0,17 : 44.05"
"0,18 : 50.12"
"0,19 : 43.83"
"0,20 : 45.88"
"0,21 : 54.15"
"0,22 : 49.65"
"0,23 : 57.38"
"0,24 : 21.93"
"0,25 : 44.72"
"0,26 : 18.03"
"0,27 : 37.59"
"0,28 : 43.83"
"0,29 : 49.65"
"0,30 : 46.1"
"0,31 : 30.53"
"0,32 : 53.6"
"0,33 : 49.58"
"0,34 : 33.38"
"0,35 : 35.74"
"0,36 : 56.08"
"0,37 : 28.79"
"0,38 : 24.08"
"0,39 : 50.25"
"0,40 : 56.08"
"0,41 : 25.5"
"0,42 : 41.11"
"0,43 : 33.62"
"0,44 : 74.95"
"0,45 : 61.52"
"0,46 : 23.77"
"0,47 : 54.74"
"0,48 : 28.46"
"0,49 : 39.85"
"1,0 : 48.8"
"1,1 : 0.0"
"1,2 : 44.1"
"1,3 : 81.01"
"1,4 : 94.58"
"1,5 : 43.38"
"1,6 : 19.7"
"1,7 : 82.86"
"1,8 : 61.68"
"1,9 : 72.03"
"1,10 : 64.62"
"1,11 : 70.04"
"1,12 : 66.94"
"1,13 : 50.21"
"1,14 : 13.34"
"1,15 : 64.85"
"1,16 : 31.14"
"1,17 : 84.69"
"1,18 : 58.69"
"1,19 : 92.2"
"1,20 : 92.36"
"1,21 : 43.83"
"1,22 : 62.29"
"1,23 : 58.82"
"1,24 : 29.53"
"1,25 : 76.3"
"1,26 : 59.06"
"1,27 : 52.04"
"1,28 : 91.4"
"1,29 : 23.02"
"1,30 : 78.45"
"1,31 : 78.75"
"1,32 : 67.6"
"1,33 : 67.03"
"1,34 : 39.05"
"1,35 : 82.1"
"1,36 : 9.06"
"1,37 : 44.72"
"1,38 : 55.97"
"1,39 : 34.0"
"1,40 : 22.8"
"1,41 : 47.3"
"1,42 : 8.54"
"1,43 : 81.69"
"1,44 : 26.17"
"1,45 : 78.64"
"1,46 : 70.21"
"1,47 : 32.8"
"1,48 : 26.93"
"1,49 : 47.17"
"2,0 : 10.2"
"2,1 : 44.1"
"2,2 : 0.0"
"2,3 : 37.16"
"2,4 : 50.48"
"2,5 : 23.43"
"2,6 : 57.28"
"2,7 : 56.29"
"2,8 : 67.23"
"2,9 : 50.16"
"2,10 : 23.0"
"2,11 : 34.18"
"2,12 : 67.01"
"2,13 : 11.05"
"2,14 : 50.25"
"2,15 : 21.59"
"2,16 : 58.01"
"2,17 : 54.15"
"2,18 : 57.2"
"2,19 : 51.43"
"2,20 : 54.82"
"2,21 : 44.05"
"2,22 : 57.38"
"2,23 : 63.63"
"2,24 : 14.87"
"2,25 : 39.29"
"2,26 : 15.52"
"2,27 : 44.82"
"2,28 : 52.2"
"2,29 : 41.15"
"2,30 : 41.0"
"2,31 : 38.63"
"2,32 : 44.6"
"2,33 : 58.05"
"2,34 : 38.08"
"2,35 : 44.91"
"2,36 : 50.33"
"2,37 : 35.23"
"2,38 : 17.09"
"2,39 : 40.61"
"2,40 : 47.89"
"2,41 : 15.81"
"2,42 : 35.81"
"2,43 : 41.79"
"2,44 : 69.81"
"2,45 : 53.26"
"2,46 : 33.24"
"2,47 : 45.35"
"2,48 : 20.25"
"2,49 : 29.73"
"3,0 : 36.35"
"3,1 : 81.01"
"3,2 : 37.16"
"3,3 : 0.0"
"3,4 : 15.26"
"3,5 : 52.0"
"3,6 : 94.24"
"3,7 : 60.96"
"3,8 : 93.94"
"3,9 : 62.27"
"3,10 : 18.6"
"3,11 : 27.07"
"3,12 : 90.8"
"3,13 : 35.23"
"3,14 : 85.6"
"3,15 : 16.4"
"3,16 : 93.38"
"3,17 : 54.45"
"3,18 : 82.23"
"3,19 : 32.89"
"3,20 : 42.94"
"3,21 : 67.12"
"3,22 : 80.36"
"3,23 : 90.61"
"3,24 : 51.48"
"3,25 : 25.32"
"3,26 : 21.95"
"3,27 : 70.21"
"3,28 : 37.58"
"3,29 : 73.54"
"3,30 : 24.74"
"3,31 : 29.0"
"3,32 : 48.17"
"3,33 : 78.19"
"3,34 : 69.0"
"3,35 : 38.29"
"3,36 : 86.53"
"3,37 : 63.2"
"3,38 : 27.66"
"3,39 : 68.6"
"3,40 : 80.61"
"3,41 : 37.54"
"3,42 : 72.56"
"3,43 : 30.61"
"3,44 : 106.23"
"3,45 : 49.5"
"3,46 : 34.99"
"3,47 : 74.2"
"3,48 : 55.22"
"3,49 : 49.24"
"4,0 : 47.54"
"4,1 : 94.58"
"4,2 : 50.48"
"4,3 : 15.26"
"4,4 : 0.0"
"4,5 : 61.39"
"4,6 : 106.51"
"4,7 : 60.37"
"4,8 : 100.18"
"4,9 : 64.56"
"4,10 : 33.84"
"4,11 : 41.23"
"4,12 : 95.89"
"4,13 : 46.24"
"4,14 : 100.0"
"4,15 : 31.14"
"4,16 : 104.12"
"4,17 : 52.84"
"4,18 : 88.2"
"4,19 : 26.17"
"4,20 : 37.54"
"4,21 : 82.37"
"4,22 : 85.59"
"4,23 : 97.08"
"4,24 : 65.22"
"4,25 : 38.21"
"4,26 : 36.12"
"4,27 : 77.0"
"4,28 : 31.89"
"4,29 : 88.46"
"4,30 : 37.05"
"4,31 : 29.12"
"4,32 : 62.17"
"4,33 : 82.38"
"4,34 : 78.09"
"4,35 : 36.67"
"4,36 : 100.6"
"4,37 : 71.45"
"4,38 : 42.8"
"4,39 : 83.82"
"4,40 : 95.52"
"4,41 : 52.63"
"4,42 : 86.27"
"4,43 : 29.15"
"4,44 : 120.21"
"4,45 : 62.01"
"4,46 : 38.33"
"4,47 : 89.4"
"4,48 : 69.53"
"4,49 : 64.5"
"5,0 : 16.76"
"5,1 : 43.38"
"5,2 : 23.43"
"5,3 : 52.0"
"5,4 : 61.39"
"5,5 : 0.0"
"5,6 : 48.27"
"5,7 : 40.45"
"5,8 : 44.28"
"5,9 : 31.06"
"5,10 : 43.66"
"5,11 : 56.82"
"5,12 : 43.6"
"5,13 : 17.46"
"5,14 : 54.41"
"5,15 : 40.26"
"5,16 : 43.08"
"5,17 : 41.44"
"5,18 : 33.84"
"5,19 : 51.4"
"5,20 : 49.68"
"5,21 : 62.3"
"5,22 : 33.97"
"5,23 : 40.72"
"5,24 : 25.96"
"5,25 : 61.33"
"5,26 : 34.79"
"5,27 : 21.4"
"5,28 : 49.52"
"5,29 : 52.0"
"5,30 : 62.77"
"5,31 : 38.28"
"5,32 : 67.88"
"5,33 : 35.0"
"5,34 : 17.0"
"5,35 : 39.62"
"5,36 : 52.0"
"5,37 : 12.08"
"5,38 : 39.96"
"5,39 : 56.09"
"5,40 : 57.22"
"5,41 : 38.9"
"5,42 : 37.64"
"5,43 : 40.8"
"5,44 : 68.8"
"5,45 : 76.69"
"5,46 : 28.43"
"5,47 : 59.41"
"5,48 : 32.76"
"5,49 : 51.31"
"6,0 : 59.03"
"6,1 : 19.7"
"6,2 : 57.28"
"6,3 : 94.24"
"6,4 : 106.51"
"6,5 : 48.27"
"6,6 : 0.0"
"6,7 : 83.01"
"6,8 : 50.09"
"6,9 : 71.2"
"6,10 : 79.62"
"6,11 : 87.09"
"6,12 : 57.04"
"6,13 : 60.37"
"6,14 : 29.7"
"6,15 : 78.85"
"6,16 : 15.3"
"6,17 : 86.61"
"6,18 : 50.8"
"6,19 : 99.64"
"6,20 : 97.58"
"6,21 : 63.51"
"6,22 : 55.32"
"6,23 : 48.0"
"6,24 : 44.41"
"6,25 : 93.19"
"6,26 : 72.8"
"6,27 : 48.33"
"6,28 : 97.74"
"6,29 : 42.54"
"6,30 : 95.26"
"6,31 : 86.4"
"6,32 : 86.68"
"6,33 : 61.13"
"6,34 : 36.89"
"6,35 : 87.73"
"6,36 : 24.04"
"6,37 : 44.41"
"6,38 : 71.7"
"6,39 : 53.67"
"6,40 : 41.23"
"6,41 : 64.07"
"6,42 : 26.48"
"6,43 : 89.02"
"6,44 : 27.0"
"6,45 : 97.67"
"6,46 : 76.69"
"6,47 : 52.15"
"6,48 : 44.01"
"6,49 : 66.1"
"7,0 : 46.1"
"7,1 : 82.86"
"7,2 : 56.29"
"7,3 : 60.96"
"7,4 : 60.37"
"7,5 : 40.45"
"7,6 : 83.01"
"7,7 : 0.0"
"7,8 : 50.57"
"7,9 : 12.04"
"7,10 : 65.19"
"7,11 : 80.16"
"7,12 : 43.32"
"7,13 : 45.35"
"7,14 : 94.59"
"7,15 : 59.91"
"7,16 : 72.47"
"7,17 : 8.06"
"7,18 : 39.96"
"7,19 : 36.14"
"7,20 : 26.08"
"7,21 : 99.98"
"7,22 : 35.36"
"7,23 : 48.76"
"7,24 : 65.01"
"7,25 : 82.01"
"7,26 : 57.71"
"7,27 : 35.47"
"7,28 : 30.59"
"7,29 : 92.2"
"7,30 : 82.46"
"7,31 : 32.2"
"7,32 : 97.51"
"7,33 : 29.55"
"7,34 : 46.14"
"7,35 : 23.71"
"7,36 : 91.76"
"7,37 : 38.91"
"7,38 : 67.12"
"7,39 : 95.13"
"7,40 : 97.62"
"7,41 : 71.17"
"7,42 : 77.88"
"7,43 : 31.38"
"7,44 : 107.02"
"7,45 : 103.59"
"7,46 : 27.2"
"7,47 : 99.01"
"7,48 : 72.01"
"7,49 : 85.87"
"8,0 : 60.93"
"8,1 : 61.68"
"8,2 : 67.23"
"8,3 : 93.94"
"8,4 : 100.18"
"8,5 : 44.28"
"8,6 : 50.09"
"8,7 : 50.57"
"8,8 : 0.0"
"8,9 : 39.85"
"8,10 : 87.85"
"8,11 : 101.07"
"8,12 : 8.6"
"8,13 : 61.47"
"8,14 : 74.95"
"8,15 : 84.15"
"8,16 : 35.0"
"8,17 : 57.58"
"8,18 : 12.0"
"8,19 : 81.88"
"8,20 : 74.46"
"8,21 : 98.41"
"8,22 : 15.52"
"8,23 : 3.61"
"8,24 : 64.38"
"8,25 : 105.6"
"8,26 : 78.92"
"8,27 : 23.77"
"8,28 : 77.47"
"8,29 : 81.49"
"8,30 : 107.02"
"8,31 : 72.03"
"8,32 : 110.6"
"8,33 : 21.02"
"8,34 : 29.83"
"8,35 : 67.74"
"8,36 : 69.92"
"8,37 : 32.2"
"8,38 : 84.12"
"8,39 : 89.87"
"8,40 : 83.67"
"8,41 : 81.84"
"8,42 : 62.18"
"8,43 : 73.17"
"8,44 : 77.06"
"8,45 : 120.1"
"8,46 : 62.01"
"8,47 : 91.07"
"8,48 : 69.35"
"8,49 : 92.02"
"9,0 : 40.25"
"9,1 : 72.03"
"9,2 : 50.16"
"9,3 : 62.27"
"9,4 : 64.56"
"9,5 : 31.06"
"9,6 : 71.2"
"9,7 : 12.04"
"9,8 : 39.85"
"9,9 : 0.0"
"9,10 : 62.97"
"9,11 : 77.9"
"9,12 : 33.38"
"9,13 : 39.82"
"9,14 : 84.17"
"9,15 : 57.98"
"9,16 : 60.44"
"9,17 : 17.89"
"9,18 : 28.64"
"9,19 : 43.0"
"9,20 : 34.71"
"9,21 : 92.65"
"9,22 : 24.35"
"9,23 : 37.7"
"9,24 : 56.72"
"9,25 : 80.62"
"9,26 : 54.67"
"9,27 : 23.43"
"9,28 : 38.12"
"9,29 : 83.02"
"9,30 : 81.39"
"9,31 : 35.44"
"9,32 : 93.49"
"9,33 : 19.24"
"9,34 : 34.44"
"9,35 : 29.07"
"9,36 : 81.02"
"9,37 : 27.51"
"9,38 : 63.25"
"9,39 : 86.98"
"9,40 : 88.05"
"9,41 : 65.74"
"9,42 : 67.6"
"9,43 : 35.69"
"9,44 : 95.63"
"9,45 : 100.6"
"9,46 : 27.29"
"9,47 : 90.45"
"9,48 : 63.64"
"9,49 : 79.85"
"10,0 : 26.93"
"10,1 : 64.62"
"10,2 : 23.0"
"10,3 : 18.6"
"10,4 : 33.84"
"10,5 : 43.66"
"10,6 : 79.62"
"10,7 : 65.19"
"10,8 : 87.85"
"10,9 : 62.97"
"10,10 : 0.0"
"10,11 : 15.0"
"10,12 : 86.35"
"10,13 : 26.4"
"10,14 : 67.96"
"10,15 : 5.39"
"10,16 : 81.01"
"10,17 : 60.37"
"10,18 : 76.92"
"10,19 : 46.0"
"10,20 : 53.76"
"10,21 : 48.75"
"10,22 : 76.16"
"10,23 : 84.31"
"10,24 : 35.44"
"10,25 : 18.03"
"10,26 : 8.94"
"10,27 : 64.4"
"10,28 : 49.25"
"10,29 : 55.23"
"10,30 : 19.24"
"10,31 : 37.11"
"10,32 : 33.73"
"10,33 : 75.45"
"10,34 : 59.91"
"10,35 : 46.17"
"10,36 : 69.35"
"10,37 : 55.71"
"10,38 : 9.22"
"10,39 : 50.0"
"10,40 : 62.29"
"10,41 : 19.1"
"10,42 : 56.08"
"10,43 : 39.81"
"10,44 : 89.07"
"10,45 : 38.47"
"10,46 : 38.08"
"10,47 : 55.61"
"10,48 : 38.01"
"10,49 : 30.87"
"11,0 : 40.5"
"11,1 : 70.04"
"11,2 : 34.18"
"11,3 : 27.07"
"11,4 : 41.23"
"11,5 : 56.82"
"11,6 : 87.09"
"11,7 : 80.16"
"11,8 : 101.07"
"11,9 : 77.9"
"11,10 : 15.0"
"11,11 : 0.0"
"11,12 : 100.17"
"11,13 : 40.22"
"11,14 : 70.58"
"11,15 : 20.25"
"11,16 : 90.67"
"11,17 : 75.18"
"11,18 : 90.55"
"11,19 : 58.69"
"11,20 : 67.45"
"11,21 : 43.86"
"11,22 : 90.14"
"11,23 : 97.49"
"11,24 : 43.05"
"11,25 : 6.32"
"11,26 : 23.35"
"11,27 : 78.03"
"11,28 : 62.59"
"11,29 : 55.9"
"11,30 : 8.54"
"11,31 : 51.26"
"11,32 : 21.1"
"11,33 : 89.81"
"11,34 : 72.24"
"11,35 : 60.54"
"11,36 : 73.08"
"11,37 : 68.88"
"11,38 : 17.09"
"11,39 : 48.01"
"11,40 : 62.65"
"11,41 : 23.02"
"11,42 : 61.66"
"11,43 : 53.76"
"11,44 : 92.36"
"11,45 : 23.77"
"11,46 : 53.0"
"11,47 : 53.6"
"11,48 : 43.29"
"11,49 : 27.2"
"12,0 : 59.68"
"12,1 : 66.94"
"12,2 : 67.01"
"12,3 : 90.8"
"12,4 : 95.89"
"12,5 : 43.6"
"12,6 : 57.04"
"12,7 : 43.32"
"12,8 : 8.6"
"12,9 : 33.38"
"12,10 : 86.35"
"12,11 : 100.17"
"12,12 : 0.0"
"12,13 : 60.03"
"12,14 : 80.28"
"12,15 : 82.29"
"12,16 : 42.3"
"12,17 : 50.7"
"12,18 : 9.9"
"12,19 : 76.16"
"12,20 : 68.07"
"12,21 : 101.24"
"12,22 : 10.44"
"12,23 : 9.22"
"12,24 : 66.07"
"12,25 : 104.32"
"12,26 : 77.41"
"12,27 : 22.2"
"12,28 : 71.45"
"12,29 : 85.49"
"12,30 : 105.59"
"12,31 : 67.19"
"12,32 : 111.2"
"12,33 : 14.14"
"12,34 : 31.62"
"12,35 : 62.07"
"12,36 : 75.5"
"12,37 : 31.89"
"12,38 : 83.49"
"12,39 : 93.15"
"12,40 : 88.26"
"12,41 : 82.22"
"12,42 : 66.48"
"12,43 : 68.03"
"12,44 : 84.02"
"12,45 : 120.25"
"12,46 : 57.56"
"12,47 : 94.81"
"12,48 : 71.61"
"12,49 : 93.43"
"13,0 : 1.41"
"13,1 : 50.21"
"13,2 : 11.05"
"13,3 : 35.23"
"13,4 : 46.24"
"13,5 : 17.46"
"13,6 : 60.37"
"13,7 : 45.35"
"13,8 : 61.47"
"13,9 : 39.82"
"13,10 : 26.4"
"13,11 : 40.22"
"13,12 : 60.03"
"13,13 : 0.0"
"13,14 : 58.25"
"13,15 : 22.8"
"13,16 : 58.25"
"13,17 : 43.1"
"13,18 : 50.54"
"13,19 : 42.44"
"13,20 : 44.6"
"13,21 : 55.08"
"13,22 : 49.93"
"13,23 : 57.94"
"13,24 : 23.26"
"13,25 : 44.29"
"13,26 : 17.46"
"13,27 : 38.01"
"13,28 : 42.49"
"13,29 : 50.92"
"13,30 : 45.62"
"13,31 : 29.15"
"13,32 : 53.82"
"13,33 : 49.68"
"13,34 : 34.23"
"13,35 : 34.48"
"13,36 : 57.49"
"13,37 : 29.41"
"13,38 : 24.04"
"13,39 : 51.35"
"13,40 : 57.38"
"13,41 : 26.0"
"13,42 : 42.52"
"13,43 : 32.25"
"13,44 : 76.37"
"13,45 : 61.55"
"13,46 : 22.56"
"13,47 : 55.9"
"13,48 : 29.73"
"13,49 : 40.52"
"14,0 : 56.86"
"14,1 : 13.34"
"14,2 : 50.25"
"14,3 : 85.6"
"14,4 : 100.0"
"14,5 : 54.41"
"14,6 : 29.7"
"14,7 : 94.59"
"14,8 : 74.95"
"14,9 : 84.17"
"14,10 : 67.96"
"14,11 : 70.58"
"14,12 : 80.28"
"14,13 : 58.25"
"14,14 : 0.0"
"14,15 : 69.2"
"14,16 : 43.27"
"14,17 : 95.82"
"14,18 : 72.01"
"14,19 : 100.69"
"14,20 : 102.0"
"14,21 : 36.67"
"14,22 : 75.54"
"14,23 : 72.12"
"14,24 : 35.47"
"14,25 : 76.9"
"14,26 : 63.89"
"14,27 : 65.01"
"14,28 : 100.5"
"14,29 : 16.0"
"14,30 : 79.12"
"14,31 : 87.37"
"14,32 : 64.12"
"14,33 : 80.16"
"14,34 : 52.01"
"14,35 : 91.71"
"14,36 : 5.66"
"14,37 : 57.22"
"14,38 : 58.83"
"14,39 : 27.17"
"14,40 : 12.08"
"14,41 : 49.24"
"14,42 : 16.76"
"14,43 : 90.43"
"14,44 : 21.84"
"14,45 : 75.06"
"14,46 : 79.65"
"14,47 : 24.04"
"14,48 : 30.48"
"14,49 : 44.91"
"15,0 : 23.54"
"15,1 : 64.85"
"15,2 : 21.59"
"15,3 : 16.4"
"15,4 : 31.14"
"15,5 : 40.26"
"15,6 : 78.85"
"15,7 : 59.91"
"15,8 : 84.15"
"15,9 : 57.98"
"15,10 : 5.39"
"15,11 : 20.25"
"15,12 : 82.29"
"15,13 : 22.8"
"15,14 : 69.2"
"15,15 : 0.0"
"15,16 : 79.23"
"15,17 : 55.01"
"15,18 : 73.01"
"15,19 : 41.05"
"15,20 : 48.51"
"15,21 : 52.55"
"15,22 : 72.01"
"15,23 : 80.65"
"15,24 : 35.34"
"15,25 : 22.67"
"15,26 : 6.08"
"15,27 : 60.54"
"15,28 : 44.1"
"15,29 : 57.31"
"15,30 : 23.6"
"15,31 : 31.78"
"15,32 : 39.05"
"15,33 : 71.02"
"15,34 : 56.89"
"15,35 : 40.8"
"15,36 : 70.18"
"15,37 : 52.2"
"15,38 : 12.08"
"15,39 : 53.0"
"15,40 : 64.38"
"15,41 : 21.63"
"15,42 : 56.36"
"15,43 : 34.53"
"15,44 : 89.89"
"15,45 : 43.83"
"15,46 : 32.76"
"15,47 : 58.52"
"15,48 : 38.83"
"15,49 : 34.79"
"16,0 : 57.07"
"16,1 : 31.14"
"16,2 : 58.01"
"16,3 : 93.38"
"16,4 : 104.12"
"16,5 : 43.08"
"16,6 : 15.3"
"16,7 : 72.47"
"16,8 : 35.0"
"16,9 : 60.44"
"16,10 : 81.01"
"16,11 : 90.67"
"16,12 : 42.3"
"16,13 : 58.25"
"16,14 : 43.27"
"16,15 : 79.23"
"16,16 : 0.0"
"16,17 : 77.08"
"16,18 : 37.0"
"16,19 : 93.65"
"16,20 : 90.0"
"16,21 : 73.82"
"16,22 : 41.79"
"16,23 : 33.14"
"16,24 : 47.85"
"16,25 : 96.42"
"16,26 : 73.17"
"16,27 : 37.01"
"16,28 : 90.97"
"16,29 : 53.81"
"16,30 : 98.33"
"16,31 : 80.95"
"16,32 : 93.64"
"16,33 : 47.93"
"16,34 : 28.02"
"16,35 : 80.71"
"16,36 : 37.74"
"16,37 : 35.81"
"16,38 : 74.17"
"16,39 : 64.2"
"16,40 : 53.91"
"16,41 : 68.07"
"16,42 : 35.23"
"16,43 : 83.24"
"16,44 : 42.11"
"16,45 : 104.36"
"16,46 : 70.71"
"16,47 : 63.7"
"16,48 : 49.65"
"16,49 : 73.16"
"17,0 : 44.05"
"17,1 : 84.69"
"17,2 : 54.15"
"17,3 : 54.45"
"17,4 : 52.84"
"17,5 : 41.44"
"17,6 : 86.61"
"17,7 : 8.06"
"17,8 : 57.58"
"17,9 : 17.89"
"17,10 : 60.37"
"17,11 : 75.18"
"17,12 : 50.7"
"17,13 : 43.1"
"17,14 : 95.82"
"17,15 : 55.01"
"17,16 : 77.08"
"17,17 : 0.0"
"17,18 : 46.52"
"17,19 : 28.16"
"17,20 : 18.03"
"17,21 : 98.18"
"17,22 : 42.15"
"17,23 : 55.54"
"17,24 : 64.38"
"17,25 : 76.55"
"17,26 : 53.49"
"17,27 : 40.46"
"17,28 : 22.56"
"17,29 : 92.07"
"17,30 : 76.84"
"17,31 : 25.46"
"17,32 : 93.41"
"17,33 : 36.69"
"17,34 : 49.82"
"17,35 : 16.4"
"17,36 : 93.41"
"17,37 : 42.2"
"17,38 : 63.25"
"17,39 : 94.05"
"17,40 : 97.86"
"17,41 : 68.25"
"17,42 : 79.06"
"17,43 : 24.21"
"17,44 : 109.59"
"17,45 : 98.84"
"17,46 : 22.47"
"17,47 : 98.25"
"17,48 : 71.34"
"17,49 : 83.19"
"18,0 : 50.12"
"18,1 : 58.69"
"18,2 : 57.2"
"18,3 : 82.23"
"18,4 : 88.2"
"18,5 : 33.84"
"18,6 : 50.8"
"18,7 : 39.96"
"18,8 : 12.0"
"18,9 : 28.64"
"18,10 : 76.92"
"18,11 : 90.55"
"18,12 : 9.9"
"18,13 : 50.54"
"18,14 : 72.01"
"18,15 : 73.01"
"18,16 : 37.0"
"18,17 : 46.52"
"18,18 : 0.0"
"18,19 : 70.04"
"18,20 : 62.94"
"18,21 : 91.59"
"18,22 : 5.0"
"18,23 : 9.22"
"18,24 : 56.22"
"18,25 : 94.83"
"18,26 : 67.98"
"18,27 : 12.53"
"18,28 : 65.73"
"18,29 : 76.32"
"18,30 : 96.15"
"18,31 : 60.03"
"18,32 : 101.32"
"18,33 : 11.4"
"18,34 : 21.95"
"18,35 : 55.9"
"18,36 : 67.48"
"18,37 : 22.02"
"18,38 : 73.78"
"18,39 : 83.65"
"18,40 : 79.4"
"18,41 : 72.35"
"18,42 : 57.57"
"18,43 : 61.2"
"18,44 : 77.52"
"18,45 : 110.42"
"18,46 : 50.01"
"18,47 : 85.49"
"18,48 : 61.85"
"18,49 : 83.55"
"19,0 : 43.83"
"19,1 : 92.2"
"19,2 : 51.43"
"19,3 : 32.89"
"19,4 : 26.17"
"19,5 : 51.4"
"19,6 : 99.64"
"19,7 : 36.14"
"19,8 : 81.88"
"19,9 : 43.0"
"19,10 : 46.0"
"19,11 : 58.69"
"19,12 : 76.16"
"19,13 : 42.44"
"19,14 : 100.69"
"19,15 : 41.05"
"19,16 : 93.65"
"19,17 : 28.16"
"19,18 : 70.04"
"19,19 : 0.0"
"19,20 : 11.4"
"19,21 : 92.42"
"19,22 : 66.48"
"19,23 : 79.25"
"19,24 : 65.51"
"19,25 : 57.97"
"19,26 : 42.76"
"19,27 : 60.73"
"19,28 : 5.83"
"19,29 : 92.57"
"19,30 : 57.57"
"19,31 : 13.45"
"19,32 : 79.31"
"19,33 : 62.07"
"19,34 : 65.76"
"19,35 : 14.14"
"19,36 : 99.81"
"19,37 : 58.14"
"19,38 : 52.47"
"19,39 : 91.08"
"19,40 : 99.3"
"19,41 : 60.64"
"19,42 : 84.81"
"19,43 : 10.63"
"19,44 : 118.34"
"19,45 : 82.0"
"19,46 : 23.02"
"19,47 : 96.21"
"19,48 : 71.59"
"19,49 : 75.13"
"20,0 : 45.88"
"20,1 : 92.36"
"20,2 : 54.82"
"20,3 : 42.94"
"20,4 : 37.54"
"20,5 : 49.68"
"20,6 : 97.58"
"20,7 : 26.08"
"20,8 : 74.46"
"20,9 : 34.71"
"20,10 : 53.76"
"20,11 : 67.45"
"20,12 : 68.07"
"20,13 : 44.6"
"20,14 : 102.0"
"20,15 : 48.51"
"20,16 : 90.0"
"20,17 : 18.03"
"20,18 : 62.94"
"20,19 : 11.4"
"20,20 : 0.0"
"20,21 : 97.74"
"20,22 : 58.94"
"20,23 : 72.12"
"20,24 : 67.78"
"20,25 : 67.42"
"20,26 : 49.01"
"20,27 : 55.01"
"20,28 : 5.66"
"20,29 : 95.52"
"20,30 : 67.23"
"20,31 : 17.0"
"20,32 : 87.48"
"20,33 : 53.94"
"20,34 : 62.01"
"20,35 : 10.3"
"20,36 : 100.5"
"20,37 : 54.2"
"20,38 : 59.03"
"20,39 : 95.34"
"20,40 : 101.95"
"20,41 : 66.19"
"20,42 : 85.59"
"20,43 : 14.04"
"20,44 : 118.22"
"20,45 : 91.09"
"20,46 : 22.36"
"20,47 : 100.17"
"20,48 : 74.33"
"20,49 : 81.1"
"21,0 : 54.15"
"21,1 : 43.83"
"21,2 : 44.05"
"21,3 : 67.12"
"21,4 : 82.37"
"21,5 : 62.3"
"21,6 : 63.51"
"21,7 : 99.98"
"21,8 : 98.41"
"21,9 : 92.65"
"21,10 : 48.75"
"21,11 : 43.86"
"21,12 : 101.24"
"21,13 : 55.08"
"21,14 : 36.67"
"21,15 : 52.55"
"21,16 : 73.82"
"21,17 : 98.18"
"21,18 : 91.59"
"21,19 : 92.42"
"21,20 : 97.74"
"21,21 : 0.0"
"21,22 : 93.54"
"21,23 : 95.0"
"21,24 : 36.4"
"21,25 : 49.52"
"21,26 : 49.73"
"21,27 : 80.95"
"21,28 : 94.37"
"21,29 : 21.19"
"21,30 : 51.66"
"21,31 : 80.89"
"21,32 : 30.08"
"21,33 : 96.18"
"21,34 : 69.64"
"21,35 : 88.28"
"21,36 : 41.48"
"21,37 : 71.11"
"21,38 : 40.5"
"21,39 : 9.85"
"21,40 : 25.08"
"21,41 : 31.78"
"21,42 : 38.6"
"21,43 : 84.01"
"21,44 : 57.01"
"21,45 : 40.26"
"21,46 : 77.03"
"21,47 : 13.0"
"21,48 : 29.97"
"21,49 : 17.89"
"22,0 : 49.65"
"22,1 : 62.29"
"22,2 : 57.38"
"22,3 : 80.36"
"22,4 : 85.59"
"22,5 : 33.97"
"22,6 : 55.32"
"22,7 : 35.36"
"22,8 : 15.52"
"22,9 : 24.35"
"22,10 : 76.16"
"22,11 : 90.14"
"22,12 : 10.44"
"22,13 : 49.93"
"22,14 : 75.54"
"22,15 : 72.01"
"22,16 : 41.79"
"22,17 : 42.15"
"22,18 : 5.0"
"22,19 : 66.48"
"22,20 : 58.94"
"22,21 : 93.54"
"22,22 : 0.0"
"22,23 : 13.42"
"22,24 : 57.69"
"22,25 : 94.15"
"22,26 : 67.23"
"22,27 : 12.81"
"22,28 : 61.98"
"22,29 : 79.06"
"22,30 : 95.38"
"22,31 : 57.04"
"22,32 : 101.83"
"22,33 : 6.4"
"22,34 : 24.35"
"22,35 : 52.35"
"22,36 : 71.18"
"22,37 : 22.8"
"22,38 : 73.6"
"22,39 : 85.91"
"22,40 : 82.46"
"22,41 : 72.84"
"22,42 : 60.64"
"22,43 : 58.01"
"22,44 : 81.88"
"22,45 : 110.63"
"22,46 : 47.27"
"22,47 : 88.02"
"22,48 : 63.63"
"22,49 : 84.65"
"23,0 : 57.38"
"23,1 : 58.82"
"23,2 : 63.63"
"23,3 : 90.61"
"23,4 : 97.08"
"23,5 : 40.72"
"23,6 : 48.0"
"23,7 : 48.76"
"23,8 : 3.61"
"23,9 : 37.7"
"23,10 : 84.31"
"23,11 : 97.49"
"23,12 : 9.22"
"23,13 : 57.94"
"23,14 : 72.12"
"23,15 : 80.65"
"23,16 : 33.14"
"23,17 : 55.54"
"23,18 : 9.22"
"23,19 : 79.25"
"23,20 : 72.12"
"23,21 : 95.0"
"23,22 : 13.42"
"23,23 : 0.0"
"23,24 : 60.83"
"23,25 : 102.04"
"23,26 : 75.39"
"23,27 : 20.4"
"23,28 : 74.95"
"23,29 : 78.29"
"23,30 : 103.47"
"23,31 : 69.12"
"23,32 : 107.0"
"23,33 : 19.42"
"23,34 : 26.25"
"23,35 : 65.12"
"23,36 : 67.19"
"23,37 : 28.64"
"23,38 : 80.53"
"23,39 : 86.53"
"23,40 : 80.62"
"23,41 : 78.24"
"23,42 : 59.03"
"23,43 : 70.35"
"23,44 : 75.0"
"23,45 : 116.5"
"23,46 : 59.01"
"23,47 : 87.82"
"23,48 : 65.86"
"23,49 : 88.46"
"24,0 : 21.93"
"24,1 : 29.53"
"24,2 : 14.87"
"24,3 : 51.48"
"24,4 : 65.22"
"24,5 : 25.96"
"24,6 : 44.41"
"24,7 : 65.01"
"24,8 : 64.38"
"24,9 : 56.72"
"24,10 : 35.44"
"24,11 : 43.05"
"24,12 : 66.07"
"24,13 : 23.26"
"24,14 : 35.47"
"24,15 : 35.34"
"24,16 : 47.85"
"24,17 : 64.38"
"24,18 : 56.22"
"24,19 : 65.51"
"24,20 : 67.78"
"24,21 : 36.4"
"24,22 : 57.69"
"24,23 : 60.83"
"24,24 : 0.0"
"24,25 : 49.0"
"24,26 : 29.53"
"24,27 : 44.94"
"24,28 : 65.74"
"24,29 : 27.89"
"24,30 : 51.01"
"24,31 : 52.35"
"24,32 : 47.01"
"24,33 : 59.94"
"24,34 : 34.66"
"24,35 : 57.58"
"24,36 : 35.47"
"24,37 : 34.99"
"24,38 : 27.29"
"24,39 : 30.27"
"24,40 : 34.18"
"24,41 : 20.22"
"24,42 : 21.1"
"24,43 : 55.47"
"24,44 : 55.0"
"24,45 : 57.27"
"24,46 : 45.54"
"24,47 : 34.0"
"24,48 : 7.0"
"24,49 : 27.66"
"25,0 : 44.72"
"25,1 : 76.3"
"25,2 : 39.29"
"25,3 : 25.32"
"25,4 : 38.21"
"25,5 : 61.33"
"25,6 : 93.19"
"25,7 : 82.01"
"25,8 : 105.6"
"25,9 : 80.62"
"25,10 : 18.03"
"25,11 : 6.32"
"25,12 : 104.32"
"25,13 : 44.29"
"25,14 : 76.9"
"25,15 : 22.67"
"25,16 : 96.42"
"25,17 : 76.55"
"25,18 : 94.83"
"25,19 : 57.97"
"25,20 : 67.42"
"25,21 : 49.52"
"25,22 : 94.15"
"25,23 : 102.04"
"25,24 : 49.0"
"25,25 : 0.0"
"25,26 : 26.93"
"25,27 : 82.3"
"25,28 : 62.3"
"25,29 : 62.17"
"25,30 : 2.24"
"25,31 : 51.88"
"25,32 : 24.35"
"25,33 : 93.48"
"25,34 : 77.16"
"25,35 : 61.29"
"25,36 : 79.4"
"25,37 : 73.41"
"25,38 : 22.36"
"25,39 : 54.08"
"25,40 : 68.88"
"25,41 : 29.15"
"25,42 : 67.9"
"25,43 : 54.13"
"25,44 : 98.68"
"25,45 : 24.19"
"25,46 : 54.82"
"25,47 : 59.64"
"25,48 : 49.5"
"25,49 : 33.29"
"26,0 : 18.03"
"26,1 : 59.06"
"26,2 : 15.52"
"26,3 : 21.95"
"26,4 : 36.12"
"26,5 : 34.79"
"26,6 : 72.8"
"26,7 : 57.71"
"26,8 : 78.92"
"26,9 : 54.67"
"26,10 : 8.94"
"26,11 : 23.35"
"26,12 : 77.41"
"26,13 : 17.46"
"26,14 : 63.89"
"26,15 : 6.08"
"26,16 : 73.17"
"26,17 : 53.49"
"26,18 : 67.98"
"26,19 : 42.76"
"26,20 : 49.01"
"26,21 : 49.73"
"26,22 : 67.23"
"26,23 : 75.39"
"26,24 : 29.53"
"26,25 : 26.93"
"26,26 : 0.0"
"26,27 : 55.46"
"26,28 : 45.1"
"26,29 : 52.63"
"26,30 : 28.18"
"26,31 : 32.02"
"26,32 : 39.92"
"26,33 : 66.61"
"26,34 : 51.2"
"26,35 : 40.45"
"26,36 : 64.64"
"26,37 : 46.82"
"26,38 : 10.05"
"26,39 : 49.19"
"26,40 : 59.67"
"26,41 : 18.03"
"26,42 : 50.61"
"26,43 : 35.0"
"26,44 : 84.31"
"26,45 : 46.04"
"26,46 : 31.02"
"26,47 : 54.59"
"26,48 : 33.42"
"26,49 : 32.39"
"27,0 : 37.59"
"27,1 : 52.04"
"27,2 : 44.82"
"27,3 : 70.21"
"27,4 : 77.0"
"27,5 : 21.4"
"27,6 : 48.33"
"27,7 : 35.47"
"27,8 : 23.77"
"27,9 : 23.43"
"27,10 : 64.4"
"27,11 : 78.03"
"27,12 : 22.2"
"27,13 : 38.01"
"27,14 : 65.01"
"27,15 : 60.54"
"27,16 : 37.01"
"27,17 : 40.46"
"27,18 : 12.53"
"27,19 : 60.73"
"27,20 : 55.01"
"27,21 : 80.95"
"27,22 : 12.81"
"27,23 : 20.4"
"27,24 : 44.94"
"27,25 : 82.3"
"27,26 : 55.46"
"27,27 : 0.0"
"27,28 : 57.01"
"27,29 : 67.19"
"27,30 : 83.63"
"27,31 : 49.65"
"27,32 : 89.14"
"27,33 : 15.52"
"27,34 : 13.0"
"27,35 : 46.82"
"27,36 : 61.07"
"27,37 : 10.0"
"27,38 : 61.29"
"27,39 : 73.54"
"27,40 : 71.02"
"27,41 : 60.14"
"27,42 : 49.37"
"27,43 : 51.2"
"27,44 : 73.76"
"27,45 : 98.08"
"27,46 : 39.32"
"27,47 : 75.89"
"27,48 : 51.0"
"27,49 : 71.84"
"28,0 : 43.83"
"28,1 : 91.4"
"28,2 : 52.2"
"28,3 : 37.58"
"28,4 : 31.89"
"28,5 : 49.52"
"28,6 : 97.74"
"28,7 : 30.59"
"28,8 : 77.47"
"28,9 : 38.12"
"28,10 : 49.25"
"28,11 : 62.59"
"28,12 : 71.45"
"28,13 : 42.49"
"28,14 : 100.5"
"28,15 : 44.1"
"28,16 : 90.97"
"28,17 : 22.56"
"28,18 : 65.73"
"28,19 : 5.83"
"28,20 : 5.66"
"28,21 : 94.37"
"28,22 : 61.98"
"28,23 : 74.95"
"28,24 : 65.74"
"28,25 : 62.3"
"28,26 : 45.1"
"28,27 : 57.01"
"28,28 : 0.0"
"28,29 : 93.23"
"28,30 : 62.03"
"28,31 : 13.6"
"28,32 : 82.87"
"28,33 : 57.31"
"28,34 : 62.97"
"28,35 : 10.3"
"28,36 : 99.3"
"28,37 : 55.23"
"28,38 : 55.04"
"28,39 : 92.44"
"28,40 : 99.81"
"28,41 : 62.65"
"28,42 : 84.31"
"28,43 : 10.44"
"28,44 : 117.44"
"28,45 : 86.13"
"28,46 : 21.26"
"28,47 : 97.42"
"28,48 : 72.09"
"28,49 : 77.41"
"29,0 : 49.65"
"29,1 : 23.02"
"29,2 : 41.15"
"29,3 : 73.54"
"29,4 : 88.46"
"29,5 : 52.0"
"29,6 : 42.54"
"29,7 : 92.2"
"29,8 : 81.49"
"29,9 : 83.02"
"29,10 : 55.23"
"29,11 : 55.9"
"29,12 : 85.49"
"29,13 : 50.92"
"29,14 : 16.0"
"29,15 : 57.31"
"29,16 : 53.81"
"29,17 : 92.07"
"29,18 : 76.32"
"29,19 : 92.57"
"29,20 : 95.52"
"29,21 : 21.19"
"29,22 : 79.06"
"29,23 : 78.29"
"29,24 : 27.89"
"29,25 : 62.17"
"29,26 : 52.63"
"29,27 : 67.19"
"29,28 : 93.23"
"29,29 : 0.0"
"29,30 : 64.4"
"29,31 : 79.71"
"29,32 : 48.17"
"29,33 : 82.71"
"29,34 : 54.71"
"29,35 : 85.38"
"29,36 : 20.4"
"29,37 : 58.05"
"29,38 : 46.01"
"29,39 : 11.4"
"29,40 : 7.07"
"29,41 : 36.12"
"29,42 : 19.42"
"29,43 : 82.86"
"29,44 : 37.48"
"29,45 : 59.08"
"29,46 : 73.38"
"29,47 : 9.9"
"29,48 : 21.19"
"29,49 : 29.41"
"30,0 : 46.1"
"30,1 : 78.45"
"30,2 : 41.0"
"30,3 : 24.74"
"30,4 : 37.05"
"30,5 : 62.77"
"30,6 : 95.26"
"30,7 : 82.46"
"30,8 : 107.02"
"30,9 : 81.39"
"30,10 : 19.24"
"30,11 : 8.54"
"30,12 : 105.59"
"30,13 : 45.62"
"30,14 : 79.12"
"30,15 : 23.6"
"30,16 : 98.33"
"30,17 : 76.84"
"30,18 : 96.15"
"30,19 : 57.57"
"30,20 : 67.23"
"30,21 : 51.66"
"30,22 : 95.38"
"30,23 : 103.47"
"30,24 : 51.01"
"30,25 : 2.24"
"30,26 : 28.18"
"30,27 : 83.63"
"30,28 : 62.03"
"30,29 : 64.4"
"30,30 : 0.0"
"30,31 : 51.97"
"30,32 : 26.0"
"30,33 : 94.58"
"30,34 : 78.75"
"30,35 : 61.4"
"30,36 : 81.61"
"30,37 : 74.85"
"30,38 : 24.19"
"30,39 : 56.3"
"30,40 : 71.12"
"30,41 : 31.26"
"30,42 : 70.04"
"30,43 : 54.12"
"30,44 : 100.9"
"30,45 : 25.02"
"30,46 : 55.32"
"30,47 : 61.85"
"30,48 : 51.62"
"30,49 : 35.51"
"31,0 : 30.53"
"31,1 : 78.75"
"31,2 : 38.63"
"31,3 : 29.0"
"31,4 : 29.12"
"31,5 : 38.28"
"31,6 : 86.4"
"31,7 : 32.2"
"31,8 : 72.03"
"31,9 : 35.44"
"31,10 : 37.11"
"31,11 : 51.26"
"31,12 : 67.19"
"31,13 : 29.15"
"31,14 : 87.37"
"31,15 : 31.78"
"31,16 : 80.95"
"31,17 : 25.46"
"31,18 : 60.03"
"31,19 : 13.45"
"31,20 : 17.0"
"31,21 : 80.89"
"31,22 : 57.04"
"31,23 : 69.12"
"31,24 : 52.35"
"31,25 : 51.88"
"31,26 : 32.02"
"31,27 : 49.65"
"31,28 : 13.6"
"31,29 : 79.71"
"31,30 : 51.97"
"31,31 : 0.0"
"31,32 : 70.83"
"31,33 : 53.46"
"31,34 : 53.31"
"31,35 : 9.43"
"31,36 : 86.4"
"31,37 : 45.88"
"31,38 : 42.05"
"31,39 : 78.85"
"31,40 : 86.33"
"31,41 : 49.25"
"31,42 : 71.4"
"31,43 : 3.16"
"31,44 : 104.89"
"31,45 : 75.03"
"31,46 : 10.44"
"31,47 : 83.82"
"31,48 : 58.6"
"31,49 : 64.12"
"32,0 : 53.6"
"32,1 : 67.6"
"32,2 : 44.6"
"32,3 : 48.17"
"32,4 : 62.17"
"32,5 : 67.88"
"32,6 : 86.68"
"32,7 : 97.51"
"32,8 : 110.6"
"32,9 : 93.49"
"32,10 : 33.73"
"32,11 : 21.1"
"32,12 : 111.2"
"32,13 : 53.82"
"32,14 : 64.12"
"32,15 : 39.05"
"32,16 : 93.64"
"32,17 : 93.41"
"32,18 : 101.32"
"32,19 : 79.31"
"32,20 : 87.48"
"32,21 : 30.08"
"32,22 : 101.83"
"32,23 : 107.0"
"32,24 : 47.01"
"32,25 : 24.35"
"32,26 : 39.92"
"32,27 : 89.14"
"32,28 : 82.87"
"32,29 : 48.17"
"32,30 : 26.0"
"32,31 : 70.83"
"32,32 : 0.0"
"32,33 : 102.65"
"32,34 : 80.8"
"32,35 : 79.81"
"32,36 : 68.0"
"32,37 : 79.31"
"32,38 : 30.41"
"32,39 : 37.66"
"32,40 : 53.76"
"32,41 : 29.0"
"32,42 : 60.21"
"32,43 : 73.55"
"32,44 : 85.59"
"32,45 : 11.05"
"32,46 : 70.94"
"32,47 : 42.45"
"32,48 : 44.01"
"32,49 : 20.62"
"33,0 : 49.58"
"33,1 : 67.03"
"33,2 : 58.05"
"33,3 : 78.19"
"33,4 : 82.38"
"33,5 : 35.0"
"33,6 : 61.13"
"33,7 : 29.55"
"33,8 : 21.02"
"33,9 : 19.24"
"33,10 : 75.45"
"33,11 : 89.81"
"33,12 : 14.14"
"33,13 : 49.68"
"33,14 : 80.16"
"33,15 : 71.02"
"33,16 : 47.93"
"33,17 : 36.69"
"33,18 : 11.4"
"33,19 : 62.07"
"33,20 : 53.94"
"33,21 : 96.18"
"33,22 : 6.4"
"33,23 : 19.42"
"33,24 : 59.94"
"33,25 : 93.48"
"33,26 : 66.61"
"33,27 : 15.52"
"33,28 : 57.31"
"33,29 : 82.71"
"33,30 : 94.58"
"33,31 : 53.46"
"33,32 : 102.65"
"33,33 : 0.0"
"33,34 : 28.28"
"33,35 : 48.01"
"33,36 : 76.01"
"33,37 : 25.08"
"33,38 : 73.66"
"33,39 : 88.96"
"33,40 : 86.49"
"33,41 : 73.76"
"33,42 : 64.78"
"33,43 : 54.15"
"33,44 : 87.48"
"33,45 : 111.04"
"33,46 : 44.15"
"33,47 : 91.39"
"33,48 : 66.21"
"33,49 : 86.27"
"34,0 : 33.38"
"34,1 : 39.05"
"34,2 : 38.08"
"34,3 : 69.0"
"34,4 : 78.09"
"34,5 : 17.0"
"34,6 : 36.89"
"34,7 : 46.14"
"34,8 : 29.83"
"34,9 : 34.44"
"34,10 : 59.91"
"34,11 : 72.24"
"34,12 : 31.62"
"34,13 : 34.23"
"34,14 : 52.01"
"34,15 : 56.89"
"34,16 : 28.02"
"34,17 : 49.82"
"34,18 : 21.95"
"34,19 : 65.76"
"34,20 : 62.01"
"34,21 : 69.64"
"34,22 : 24.35"
"34,23 : 26.25"
"34,24 : 34.66"
"34,25 : 77.16"
"34,26 : 51.2"
"34,27 : 13.0"
"34,28 : 62.97"
"34,29 : 54.71"
"34,30 : 78.75"
"34,31 : 53.31"
"34,32 : 80.8"
"34,33 : 28.28"
"34,34 : 0.0"
"34,35 : 52.7"
"34,36 : 48.09"
"34,37 : 7.81"
"34,38 : 55.15"
"34,39 : 61.72"
"34,40 : 58.25"
"34,41 : 52.15"
"34,42 : 36.5"
"34,43 : 55.46"
"34,44 : 61.35"
"34,45 : 90.43"
"34,46 : 42.95"
"34,47 : 63.69"
"34,48 : 40.0"
"34,49 : 62.24"
"35,0 : 35.74"
"35,1 : 82.1"
"35,2 : 44.91"
"35,3 : 38.29"
"35,4 : 36.67"
"35,5 : 39.62"
"35,6 : 87.73"
"35,7 : 23.71"
"35,8 : 67.74"
"35,9 : 29.07"
"35,10 : 46.17"
"35,11 : 60.54"
"35,12 : 62.07"
"35,13 : 34.48"
"35,14 : 91.71"
"35,15 : 40.8"
"35,16 : 80.71"
"35,17 : 16.4"
"35,18 : 55.9"
"35,19 : 14.14"
"35,20 : 10.3"
"35,21 : 88.28"
"35,22 : 52.35"
"35,23 : 65.12"
"35,24 : 57.58"
"35,25 : 61.29"
"35,26 : 40.45"
"35,27 : 46.82"
"35,28 : 10.3"
"35,29 : 85.38"
"35,30 : 61.4"
"35,31 : 9.43"
"35,32 : 79.81"
"35,33 : 48.01"
"35,34 : 52.7"
"35,35 : 0.0"
"35,36 : 90.21"
"35,37 : 44.94"
"35,38 : 50.49"
"35,39 : 85.51"
"35,40 : 91.76"
"35,41 : 57.0"
"35,42 : 75.29"
"35,43 : 7.81"
"35,44 : 108.0"
"35,45 : 84.31"
"35,46 : 12.08"
"35,47 : 90.24"
"35,48 : 64.2"
"35,49 : 72.01"
"36,0 : 56.08"
"36,1 : 9.06"
"36,2 : 50.33"
"36,3 : 86.53"
"36,4 : 100.6"
"36,5 : 52.0"
"36,6 : 24.04"
"36,7 : 91.76"
"36,8 : 69.92"
"36,9 : 81.02"
"36,10 : 69.35"
"36,11 : 73.08"
"36,12 : 75.5"
"36,13 : 57.49"
"36,14 : 5.66"
"36,15 : 70.18"
"36,16 : 37.74"
"36,17 : 93.41"
"36,18 : 67.48"
"36,19 : 99.81"
"36,20 : 100.5"
"36,21 : 41.48"
"36,22 : 71.18"
"36,23 : 67.19"
"36,24 : 35.47"
"36,25 : 79.4"
"36,26 : 64.64"
"36,27 : 61.07"
"36,28 : 99.3"
"36,29 : 20.4"
"36,30 : 81.61"
"36,31 : 86.4"
"36,32 : 68.0"
"36,33 : 76.01"
"36,34 : 48.09"
"36,35 : 90.21"
"36,36 : 0.0"
"36,37 : 53.76"
"36,38 : 60.37"
"36,39 : 31.78"
"36,40 : 17.49"
"36,41 : 51.08"
"36,42 : 15.0"
"36,43 : 89.4"
"36,44 : 19.72"
"36,45 : 79.01"
"36,46 : 78.23"
"36,47 : 29.15"
"36,48 : 31.38"
"36,49 : 48.26"
"37,0 : 28.79"
"37,1 : 44.72"
"37,2 : 35.23"
"37,3 : 63.2"
"37,4 : 71.45"
"37,5 : 12.08"
"37,6 : 44.41"
"37,7 : 38.91"
"37,8 : 32.2"
"37,9 : 27.51"
"37,10 : 55.71"
"37,11 : 68.88"
"37,12 : 31.89"
"37,13 : 29.41"
"37,14 : 57.22"
"37,15 : 52.2"
"37,16 : 35.81"
"37,17 : 42.2"
"37,18 : 22.02"
"37,19 : 58.14"
"37,20 : 54.2"
"37,21 : 71.11"
"37,22 : 22.8"
"37,23 : 28.64"
"37,24 : 34.99"
"37,25 : 73.41"
"37,26 : 46.82"
"37,27 : 10.0"
"37,28 : 55.23"
"37,29 : 58.05"
"37,30 : 74.85"
"37,31 : 45.88"
"37,32 : 79.31"
"37,33 : 25.08"
"37,34 : 7.81"
"37,35 : 44.94"
"37,36 : 53.76"
"37,37 : 0.0"
"37,38 : 51.97"
"37,39 : 63.91"
"37,40 : 62.29"
"37,41 : 50.33"
"37,42 : 41.0"
"37,43 : 47.93"
"37,44 : 68.15"
"37,45 : 88.41"
"37,46 : 35.47"
"37,47 : 66.48"
"37,48 : 41.15"
"37,49 : 61.85"
"38,0 : 24.08"
"38,1 : 55.97"
"38,2 : 17.09"
"38,3 : 27.66"
"38,4 : 42.8"
"38,5 : 39.96"
"38,6 : 71.7"
"38,7 : 67.12"
"38,8 : 84.12"
"38,9 : 63.25"
"38,10 : 9.22"
"38,11 : 17.09"
"38,12 : 83.49"
"38,13 : 24.04"
"38,14 : 58.83"
"38,15 : 12.08"
"38,16 : 74.17"
"38,17 : 63.25"
"38,18 : 73.78"
"38,19 : 52.47"
"38,20 : 59.03"
"38,21 : 40.5"
"38,22 : 73.6"
"38,23 : 80.53"
"38,24 : 27.29"
"38,25 : 22.36"
"38,26 : 10.05"
"38,27 : 61.29"
"38,28 : 55.04"
"38,29 : 46.01"
"38,30 : 24.19"
"38,31 : 42.05"
"38,32 : 30.41"
"38,33 : 73.66"
"38,34 : 55.15"
"38,35 : 50.49"
"38,36 : 60.37"
"38,37 : 51.97"
"38,38 : 0.0"
"38,39 : 41.05"
"38,40 : 53.08"
"38,41 : 9.9"
"38,42 : 47.43"
"38,43 : 45.01"
"38,44 : 80.06"
"38,45 : 37.54"
"38,46 : 40.8"
"38,47 : 46.62"
"38,48 : 29.15"
"38,49 : 22.8"
"39,0 : 50.25"
"39,1 : 34.0"
"39,2 : 40.61"
"39,3 : 68.6"
"39,4 : 83.82"
"39,5 : 56.09"
"39,6 : 53.67"
"39,7 : 95.13"
"39,8 : 89.87"
"39,9 : 86.98"
"39,10 : 50.0"
"39,11 : 48.01"
"39,12 : 93.15"
"39,13 : 51.35"
"39,14 : 27.17"
"39,15 : 53.0"
"39,16 : 64.2"
"39,17 : 94.05"
"39,18 : 83.65"
"39,19 : 91.08"
"39,20 : 95.34"
"39,21 : 9.85"
"39,22 : 85.91"
"39,23 : 86.53"
"39,24 : 30.27"
"39,25 : 54.08"
"39,26 : 49.19"
"39,27 : 73.54"
"39,28 : 92.44"
"39,29 : 11.4"
"39,30 : 56.3"
"39,31 : 78.85"
"39,32 : 37.66"
"39,33 : 88.96"
"39,34 : 61.72"
"39,35 : 85.51"
"39,36 : 31.78"
"39,37 : 63.91"
"39,38 : 41.05"
"39,39 : 0.0"
"39,40 : 16.12"
"39,41 : 31.38"
"39,42 : 29.07"
"39,43 : 82.01"
"39,44 : 48.09"
"39,45 : 48.37"
"39,46 : 73.82"
"39,47 : 5.66"
"39,48 : 23.35"
"39,49 : 20.81"
"40,0 : 56.08"
"40,1 : 22.8"
"40,2 : 47.89"
"40,3 : 80.61"
"40,4 : 95.52"
"40,5 : 57.22"
"40,6 : 41.23"
"40,7 : 97.62"
"40,8 : 83.67"
"40,9 : 88.05"
"40,10 : 62.29"
"40,11 : 62.65"
"40,12 : 88.26"
"40,13 : 57.38"
"40,14 : 12.08"
"40,15 : 64.38"
"40,16 : 53.91"
"40,17 : 97.86"
"40,18 : 79.4"
"40,19 : 99.3"
"40,20 : 101.95"
"40,21 : 25.08"
"40,22 : 82.46"
"40,23 : 80.62"
"40,24 : 34.18"
"40,25 : 68.88"
"40,26 : 59.67"
"40,27 : 71.02"
"40,28 : 99.81"
"40,29 : 7.07"
"40,30 : 71.12"
"40,31 : 86.33"
"40,32 : 53.76"
"40,33 : 86.49"
"40,34 : 58.25"
"40,35 : 91.76"
"40,36 : 17.49"
"40,37 : 62.29"
"40,38 : 53.08"
"40,39 : 16.12"
"40,40 : 0.0"
"40,41 : 43.19"
"40,42 : 21.84"
"40,43 : 89.47"
"40,44 : 32.02"
"40,45 : 64.5"
"40,46 : 79.71"
"40,47 : 12.17"
"40,48 : 27.73"
"40,49 : 35.85"
"41,0 : 25.5"
"41,1 : 47.3"
"41,2 : 15.81"
"41,3 : 37.54"
"41,4 : 52.63"
"41,5 : 38.9"
"41,6 : 64.07"
"41,7 : 71.17"
"41,8 : 81.84"
"41,9 : 65.74"
"41,10 : 19.1"
"41,11 : 23.02"
"41,12 : 82.22"
"41,13 : 26.0"
"41,14 : 49.24"
"41,15 : 21.63"
"41,16 : 68.07"
"41,17 : 68.25"
"41,18 : 72.35"
"41,19 : 60.64"
"41,20 : 66.19"
"41,21 : 31.78"
"41,22 : 72.84"
"41,23 : 78.24"
"41,24 : 20.22"
"41,25 : 29.15"
"41,26 : 18.03"
"41,27 : 60.14"
"41,28 : 62.65"
"41,29 : 36.12"
"41,30 : 31.26"
"41,31 : 49.25"
"41,32 : 29.0"
"41,33 : 73.76"
"41,34 : 52.15"
"41,35 : 57.0"
"41,36 : 51.08"
"41,37 : 50.33"
"41,38 : 9.9"
"41,39 : 31.38"
"41,40 : 43.19"
"41,41 : 0.0"
"41,42 : 38.83"
"41,43 : 52.35"
"41,44 : 70.68"
"41,45 : 38.28"
"41,46 : 46.27"
"41,47 : 36.89"
"41,48 : 20.4"
"41,49 : 15.03"
"42,0 : 41.11"
"42,1 : 8.54"
"42,2 : 35.81"
"42,3 : 72.56"
"42,4 : 86.27"
"42,5 : 37.64"
"42,6 : 26.48"
"42,7 : 77.88"
"42,8 : 62.18"
"42,9 : 67.6"
"42,10 : 56.08"
"42,11 : 61.66"
"42,12 : 66.48"
"42,13 : 42.52"
"42,14 : 16.76"
"42,15 : 56.36"
"42,16 : 35.23"
"42,17 : 79.06"
"42,18 : 57.57"
"42,19 : 84.81"
"42,20 : 85.59"
"42,21 : 38.6"
"42,22 : 60.64"
"42,23 : 59.03"
"42,24 : 21.1"
"42,25 : 67.9"
"42,26 : 50.61"
"42,27 : 49.37"
"42,28 : 84.31"
"42,29 : 19.42"
"42,30 : 70.04"
"42,31 : 71.4"
"42,32 : 60.21"
"42,33 : 64.78"
"42,34 : 36.5"
"42,35 : 75.29"
"42,36 : 15.0"
"42,37 : 41.0"
"42,38 : 47.43"
"42,39 : 29.07"
"42,40 : 21.84"
"42,41 : 38.83"
"42,42 : 0.0"
"42,43 : 74.4"
"42,44 : 34.06"
"42,45 : 71.2"
"42,46 : 63.29"
"42,47 : 29.21"
"42,48 : 18.44"
"42,49 : 39.62"
"43,0 : 33.62"
"43,1 : 81.69"
"43,2 : 41.79"
"43,3 : 30.61"
"43,4 : 29.15"
"43,5 : 40.8"
"43,6 : 89.02"
"43,7 : 31.38"
"43,8 : 73.17"
"43,9 : 35.69"
"43,10 : 39.81"
"43,11 : 53.76"
"43,12 : 68.03"
"43,13 : 32.25"
"43,14 : 90.43"
"43,15 : 34.53"
"43,16 : 83.24"
"43,17 : 24.21"
"43,18 : 61.2"
"43,19 : 10.63"
"43,20 : 14.04"
"43,21 : 84.01"
"43,22 : 58.01"
"43,23 : 70.35"
"43,24 : 55.47"
"43,25 : 54.13"
"43,26 : 35.0"
"43,27 : 51.2"
"43,28 : 10.44"
"43,29 : 82.86"
"43,30 : 54.12"
"43,31 : 3.16"
"43,32 : 73.55"
"43,33 : 54.15"
"43,34 : 55.46"
"43,35 : 7.81"
"43,36 : 89.4"
"43,37 : 47.93"
"43,38 : 45.01"
"43,39 : 82.01"
"43,40 : 89.47"
"43,41 : 52.35"
"43,42 : 74.4"
"43,43 : 0.0"
"43,44 : 107.81"
"43,45 : 77.49"
"43,46 : 12.53"
"43,47 : 86.98"
"43,48 : 61.74"
"43,49 : 67.19"
"44,0 : 74.95"
"44,1 : 26.17"
"44,2 : 69.81"
"44,3 : 106.23"
"44,4 : 120.21"
"44,5 : 68.8"
"44,6 : 27.0"
"44,7 : 107.02"
"44,8 : 77.06"
"44,9 : 95.63"
"44,10 : 89.07"
"44,11 : 92.36"
"44,12 : 84.02"
"44,13 : 76.37"
"44,14 : 21.84"
"44,15 : 89.89"
"44,16 : 42.11"
"44,17 : 109.59"
"44,18 : 77.52"
"44,19 : 118.34"
"44,20 : 118.22"
"44,21 : 57.01"
"44,22 : 81.88"
"44,23 : 75.0"
"44,24 : 55.0"
"44,25 : 98.68"
"44,26 : 84.31"
"44,27 : 73.76"
"44,28 : 117.44"
"44,29 : 37.48"
"44,30 : 100.9"
"44,31 : 104.89"
"44,32 : 85.59"
"44,33 : 87.48"
"44,34 : 61.35"
"44,35 : 108.0"
"44,36 : 19.72"
"44,37 : 68.15"
"44,38 : 80.06"
"44,39 : 48.09"
"44,40 : 32.02"
"44,41 : 70.68"
"44,42 : 34.06"
"44,43 : 107.81"
"44,44 : 0.0"
"44,45 : 96.42"
"44,46 : 96.21"
"44,47 : 44.01"
"44,48 : 51.11"
"44,49 : 66.71"
"45,0 : 61.52"
"45,1 : 78.64"
"45,2 : 53.26"
"45,3 : 49.5"
"45,4 : 62.01"
"45,5 : 76.69"
"45,6 : 97.67"
"45,7 : 103.59"
"45,8 : 120.1"
"45,9 : 100.6"
"45,10 : 38.47"
"45,11 : 23.77"
"45,12 : 120.25"
"45,13 : 61.55"
"45,14 : 75.06"
"45,15 : 43.83"
"45,16 : 104.36"
"45,17 : 98.84"
"45,18 : 110.42"
"45,19 : 82.0"
"45,20 : 91.09"
"45,21 : 40.26"
"45,22 : 110.63"
"45,23 : 116.5"
"45,24 : 57.27"
"45,25 : 24.19"
"45,26 : 46.04"
"45,27 : 98.08"
"45,28 : 86.13"
"45,29 : 59.08"
"45,30 : 25.02"
"45,31 : 75.03"
"45,32 : 11.05"
"45,33 : 111.04"
"45,34 : 90.43"
"45,35 : 84.31"
"45,36 : 79.01"
"45,37 : 88.41"
"45,38 : 37.54"
"45,39 : 48.37"
"45,40 : 64.5"
"45,41 : 38.28"
"45,42 : 71.2"
"45,43 : 77.49"
"45,44 : 96.42"
"45,45 : 0.0"
"45,46 : 76.54"
"45,47 : 52.95"
"45,48 : 54.71"
"45,49 : 31.58"
"46,0 : 23.77"
"46,1 : 70.21"
"46,2 : 33.24"
"46,3 : 34.99"
"46,4 : 38.33"
"46,5 : 28.43"
"46,6 : 76.69"
"46,7 : 27.2"
"46,8 : 62.01"
"46,9 : 27.29"
"46,10 : 38.08"
"46,11 : 53.0"
"46,12 : 57.56"
"46,13 : 22.56"
"46,14 : 79.65"
"46,15 : 32.76"
"46,16 : 70.71"
"46,17 : 22.47"
"46,18 : 50.01"
"46,19 : 23.02"
"46,20 : 22.36"
"46,21 : 77.03"
"46,22 : 47.27"
"46,23 : 59.01"
"46,24 : 45.54"
"46,25 : 54.82"
"46,26 : 31.02"
"46,27 : 39.32"
"46,28 : 21.26"
"46,29 : 73.38"
"46,30 : 55.32"
"46,31 : 10.44"
"46,32 : 70.94"
"46,33 : 44.15"
"46,34 : 42.95"
"46,35 : 12.08"
"46,36 : 78.23"
"46,37 : 35.47"
"46,38 : 40.8"
"46,39 : 73.82"
"46,40 : 79.71"
"46,41 : 46.27"
"46,42 : 63.29"
"46,43 : 12.53"
"46,44 : 96.21"
"46,45 : 76.54"
"46,46 : 0.0"
"46,47 : 78.45"
"46,48 : 52.2"
"46,49 : 61.29"
"47,0 : 54.74"
"47,1 : 32.8"
"47,2 : 45.35"
"47,3 : 74.2"
"47,4 : 89.4"
"47,5 : 59.41"
"47,6 : 52.15"
"47,7 : 99.01"
"47,8 : 91.07"
"47,9 : 90.45"
"47,10 : 55.61"
"47,11 : 53.6"
"47,12 : 94.81"
"47,13 : 55.9"
"47,14 : 24.04"
"47,15 : 58.52"
"47,16 : 63.7"
"47,17 : 98.25"
"47,18 : 85.49"
"47,19 : 96.21"
"47,20 : 100.17"
"47,21 : 13.0"
"47,22 : 88.02"
"47,23 : 87.82"
"47,24 : 34.0"
"47,25 : 59.64"
"47,26 : 54.59"
"47,27 : 75.89"
"47,28 : 97.42"
"47,29 : 9.9"
"47,30 : 61.85"
"47,31 : 83.82"
"47,32 : 42.45"
"47,33 : 91.39"
"47,34 : 63.69"
"47,35 : 90.24"
"47,36 : 29.15"
"47,37 : 66.48"
"47,38 : 46.62"
"47,39 : 5.66"
"47,40 : 12.17"
"47,41 : 36.89"
"47,42 : 29.21"
"47,43 : 86.98"
"47,44 : 44.01"
"47,45 : 52.95"
"47,46 : 78.45"
"47,47 : 0.0"
"47,48 : 27.0"
"47,49 : 26.4"
"48,0 : 28.46"
"48,1 : 26.93"
"48,2 : 20.25"
"48,3 : 55.22"
"48,4 : 69.53"
"48,5 : 32.76"
"48,6 : 44.01"
"48,7 : 72.01"
"48,8 : 69.35"
"48,9 : 63.64"
"48,10 : 38.01"
"48,11 : 43.29"
"48,12 : 71.61"
"48,13 : 29.73"
"48,14 : 30.48"
"48,15 : 38.83"
"48,16 : 49.65"
"48,17 : 71.34"
"48,18 : 61.85"
"48,19 : 71.59"
"48,20 : 74.33"
"48,21 : 29.97"
"48,22 : 63.63"
"48,23 : 65.86"
"48,24 : 7.0"
"48,25 : 49.5"
"48,26 : 33.42"
"48,27 : 51.0"
"48,28 : 72.09"
"48,29 : 21.19"
"48,30 : 51.62"
"48,31 : 58.6"
"48,32 : 44.01"
"48,33 : 66.21"
"48,34 : 40.0"
"48,35 : 64.2"
"48,36 : 31.38"
"48,37 : 41.15"
"48,38 : 29.15"
"48,39 : 23.35"
"48,40 : 27.73"
"48,41 : 20.4"
"48,42 : 18.44"
"48,43 : 61.74"
"48,44 : 51.11"
"48,45 : 54.71"
"48,46 : 52.2"
"48,47 : 27.0"
"48,48 : 0.0"
"48,49 : 23.71"
"49,0 : 39.85"
"49,1 : 47.17"
"49,2 : 29.73"
"49,3 : 49.24"
"49,4 : 64.5"
"49,5 : 51.31"
"49,6 : 66.1"
"49,7 : 85.87"
"49,8 : 92.02"
"49,9 : 79.85"
"49,10 : 30.87"
"49,11 : 27.2"
"49,12 : 93.43"
"49,13 : 40.52"
"49,14 : 44.91"
"49,15 : 34.79"
"49,16 : 73.16"
"49,17 : 83.19"
"49,18 : 83.55"
"49,19 : 75.13"
"49,20 : 81.1"
"49,21 : 17.89"
"49,22 : 84.65"
"49,23 : 88.46"
"49,24 : 27.66"
"49,25 : 33.29"
"49,26 : 32.39"
"49,27 : 71.84"
"49,28 : 77.41"
"49,29 : 29.41"
"49,30 : 35.51"
"49,31 : 64.12"
"49,32 : 20.62"
"49,33 : 86.27"
"49,34 : 62.24"
"49,35 : 72.01"
"49,36 : 48.26"
"49,37 : 61.85"
"49,38 : 22.8"
"49,39 : 20.81"
"49,40 : 35.85"
"49,41 : 15.03"
"49,42 : 39.62"
"49,43 : 67.19"
"49,44 : 66.71"
"49,45 : 31.58"
"49,46 : 61.29"
"49,47 : 26.4"
"49,48 : 23.71"
"49,49 : 0.0"
