x,y
8,45
95,58
10,72
25,69
6,87
22,94
100,55
22,22
16,59
94,54
50,92
31,88
70,88
80,41
88,38
56,47
10,95
1,80
0,31
41,29
41,25
16,16
15,30
0,5
14,47
82,73
6,65
7,83
61,99
37,38
13,62
33,91
49,72
37,18
44,17
96,8
47,55
34,62
28,53
10,79
73,86
5,65
100,61
65,74
73,55
16,37
97,26
67,68
51,26
80,98

Distanze
"0,0 : 0.0"
"0,1 : 87.97"
"0,2 : 27.07"
"0,3 : 29.41"
"0,4 : 42.05"
"0,5 : 50.96"
"0,6 : 92.54"
"0,7 : 26.93"
"0,8 : 16.12"
"0,9 : 86.47"
"0,10 : 63.03"
"0,11 : 48.76"
"0,12 : 75.45"
"0,13 : 72.11"
"0,14 : 80.31"
"0,15 : 48.04"
"0,16 : 50.04"
"0,17 : 35.69"
"0,18 : 16.12"
"0,19 : 36.67"
"0,20 : 38.59"
"0,21 : 30.08"
"0,22 : 16.55"
"0,23 : 40.79"
"0,24 : 6.32"
"0,25 : 79.12"
"0,26 : 20.1"
"0,27 : 38.01"
"0,28 : 75.66"
"0,29 : 29.83"
"0,30 : 17.72"
"0,31 : 52.35"
"0,32 : 49.09"
"0,33 : 39.62"
"0,34 : 45.61"
"0,35 : 95.46"
"0,36 : 40.26"
"0,37 : 31.06"
"0,38 : 21.54"
"0,39 : 34.06"
"0,40 : 76.85"
"0,41 : 20.22"
"0,42 : 93.38"
"0,43 : 63.95"
"0,44 : 65.76"
"0,45 : 11.31"
"0,46 : 91.01"
"0,47 : 63.32"
"0,48 : 47.01"
"0,49 : 89.4"
"1,0 : 87.97"
"1,1 : 0.0"
"1,2 : 86.15"
"1,3 : 70.86"
"1,4 : 93.61"
"1,5 : 81.39"
"1,6 : 5.83"
"1,7 : 81.39"
"1,8 : 79.01"
"1,9 : 4.12"
"1,10 : 56.4"
"1,11 : 70.68"
"1,12 : 39.05"
"1,13 : 22.67"
"1,14 : 21.19"
"1,15 : 40.52"
"1,16 : 92.7"
"1,17 : 96.54"
"1,18 : 98.76"
"1,19 : 61.29"
"1,20 : 63.29"
"1,21 : 89.47"
"1,22 : 84.76"
"1,23 : 108.78"
"1,24 : 81.74"
"1,25 : 19.85"
"1,26 : 89.27"
"1,27 : 91.48"
"1,28 : 53.26"
"1,29 : 61.35"
"1,30 : 82.1"
"1,31 : 70.24"
"1,32 : 48.08"
"1,33 : 70.46"
"1,34 : 65.44"
"1,35 : 50.01"
"1,36 : 48.09"
"1,37 : 61.13"
"1,38 : 67.19"
"1,39 : 87.56"
"1,40 : 35.61"
"1,41 : 90.27"
"1,42 : 5.83"
"1,43 : 34.0"
"1,44 : 22.2"
"1,45 : 81.74"
"1,46 : 32.06"
"1,47 : 29.73"
"1,48 : 54.41"
"1,49 : 42.72"
"2,0 : 27.07"
"2,1 : 86.15"
"2,2 : 0.0"
"2,3 : 15.3"
"2,4 : 15.52"
"2,5 : 25.06"
"2,6 : 91.59"
"2,7 : 51.42"
"2,8 : 14.32"
"2,9 : 85.91"
"2,10 : 44.72"
"2,11 : 26.4"
"2,12 : 62.1"
"2,13 : 76.56"
"2,14 : 85.09"
"2,15 : 52.35"
"2,16 : 23.0"
"2,17 : 12.04"
"2,18 : 42.2"
"2,19 : 53.01"
"2,20 : 56.3"
"2,21 : 56.32"
"2,22 : 42.3"
"2,23 : 67.74"
"2,24 : 25.32"
"2,25 : 72.01"
"2,26 : 8.06"
"2,27 : 11.4"
"2,28 : 57.71"
"2,29 : 43.42"
"2,30 : 10.44"
"2,31 : 29.83"
"2,32 : 39.0"
"2,33 : 60.37"
"2,34 : 64.66"
"2,35 : 107.2"
"2,36 : 40.72"
"2,37 : 26.0"
"2,38 : 26.17"
"2,39 : 7.0"
"2,40 : 64.54"
"2,41 : 8.6"
"2,42 : 90.67"
"2,43 : 55.04"
"2,44 : 65.25"
"2,45 : 35.51"
"2,46 : 98.41"
"2,47 : 57.14"
"2,48 : 61.62"
"2,49 : 74.67"
"3,0 : 29.41"
"3,1 : 70.86"
"3,2 : 15.3"
"3,3 : 0.0"
"3,4 : 26.17"
"3,5 : 25.18"
"3,6 : 76.3"
"3,7 : 47.1"
"3,8 : 13.45"
"3,9 : 70.61"
"3,10 : 33.97"
"3,11 : 19.92"
"3,12 : 48.85"
"3,13 : 61.72"
"3,14 : 70.21"
"3,15 : 38.01"
"3,16 : 30.02"
"3,17 : 26.4"
"3,18 : 45.49"
"3,19 : 43.08"
"3,20 : 46.82"
"3,21 : 53.76"
"3,22 : 40.26"
"3,23 : 68.71"
"3,24 : 24.6"
"3,25 : 57.14"
"3,26 : 19.42"
"3,27 : 22.8"
"3,28 : 46.86"
"3,29 : 33.24"
"3,30 : 13.89"
"3,31 : 23.41"
"3,32 : 24.19"
"3,33 : 52.39"
"3,34 : 55.36"
"3,35 : 93.61"
"3,36 : 26.08"
"3,37 : 11.4"
"3,38 : 16.28"
"3,39 : 18.03"
"3,40 : 50.92"
"3,41 : 20.4"
"3,42 : 75.43"
"3,43 : 40.31"
"3,44 : 50.0"
"3,45 : 33.24"
"3,46 : 83.86"
"3,47 : 42.01"
"3,48 : 50.25"
"3,49 : 62.18"
"4,0 : 42.05"
"4,1 : 93.61"
"4,2 : 15.52"
"4,3 : 26.17"
"4,4 : 0.0"
"4,5 : 17.46"
"4,6 : 99.3"
"4,7 : 66.94"
"4,8 : 29.73"
"4,9 : 93.98"
"4,10 : 44.28"
"4,11 : 25.02"
"4,12 : 64.01"
"4,13 : 87.13"
"4,14 : 95.52"
"4,15 : 64.03"
"4,16 : 8.94"
"4,17 : 8.6"
"4,18 : 56.32"
"4,19 : 67.74"
"4,20 : 71.2"
"4,21 : 71.7"
"4,22 : 57.71"
"4,23 : 82.22"
"4,24 : 40.79"
"4,25 : 77.28"
"4,26 : 22.0"
"4,27 : 4.12"
"4,28 : 56.29"
"4,29 : 57.98"
"4,30 : 25.96"
"4,31 : 27.29"
"4,32 : 45.54"
"4,33 : 75.64"
"4,34 : 79.65"
"4,35 : 119.75"
"4,36 : 52.01"
"4,37 : 37.54"
"4,38 : 40.5"
"4,39 : 8.94"
"4,40 : 67.01"
"4,41 : 22.02"
"4,42 : 97.53"
"4,43 : 60.42"
"4,44 : 74.25"
"4,45 : 50.99"
"4,46 : 109.55"
"4,47 : 63.89"
"4,48 : 75.8"
"4,49 : 74.81"
"5,0 : 50.96"
"5,1 : 81.39"
"5,2 : 25.06"
"5,3 : 25.18"
"5,4 : 17.46"
"5,5 : 0.0"
"5,6 : 87.21"
"5,7 : 72.0"
"5,8 : 35.51"
"5,9 : 82.37"
"5,10 : 28.07"
"5,11 : 10.82"
"5,12 : 48.37"
"5,13 : 78.57"
"5,14 : 86.56"
"5,15 : 58.01"
"5,16 : 12.04"
"5,17 : 25.24"
"5,18 : 66.73"
"5,19 : 67.72"
"5,20 : 71.57"
"5,21 : 78.23"
"5,22 : 64.38"
"5,23 : 91.68"
"5,24 : 47.68"
"5,25 : 63.57"
"5,26 : 33.12"
"5,27 : 18.6"
"5,28 : 39.32"
"5,29 : 57.97"
"5,30 : 33.24"
"5,31 : 11.4"
"5,32 : 34.83"
"5,33 : 77.47"
"5,34 : 80.08"
"5,35 : 113.45"
"5,36 : 46.32"
"5,37 : 34.18"
"5,38 : 41.44"
"5,39 : 19.21"
"5,40 : 51.62"
"5,41 : 33.62"
"5,42 : 84.69"
"5,43 : 47.42"
"5,44 : 64.2"
"5,45 : 57.31"
"5,46 : 101.24"
"5,47 : 51.97"
"5,48 : 73.93"
"5,49 : 58.14"
"6,0 : 92.54"
"6,1 : 5.83"
"6,2 : 91.59"
"6,3 : 76.3"
"6,4 : 99.3"
"6,5 : 87.21"
"6,6 : 0.0"
"6,7 : 84.69"
"6,8 : 84.1"
"6,9 : 6.08"
"6,10 : 62.2"
"6,11 : 76.49"
"6,12 : 44.6"
"6,13 : 24.41"
"6,14 : 20.81"
"6,15 : 44.72"
"6,16 : 98.49"
"6,17 : 102.11"
"6,18 : 102.84"
"6,19 : 64.47"
"6,20 : 66.19"
"6,21 : 92.61"
"6,22 : 88.6"
"6,23 : 111.8"
"6,24 : 86.37"
"6,25 : 25.46"
"6,26 : 94.53"
"6,27 : 97.12"
"6,28 : 58.8"
"6,29 : 65.25"
"6,30 : 87.28"
"6,31 : 76.06"
"6,32 : 53.76"
"6,33 : 73.06"
"6,34 : 67.68"
"6,35 : 47.17"
"6,36 : 53.0"
"6,37 : 66.37"
"6,38 : 72.03"
"6,39 : 93.15"
"6,40 : 41.11"
"6,41 : 95.52"
"6,42 : 6.0"
"6,43 : 39.82"
"6,44 : 27.0"
"6,45 : 85.91"
"6,46 : 29.15"
"6,47 : 35.47"
"6,48 : 56.94"
"6,49 : 47.42"
"7,0 : 26.93"
"7,1 : 81.39"
"7,2 : 51.42"
"7,3 : 47.1"
"7,4 : 66.94"
"7,5 : 72.0"
"7,6 : 84.69"
"7,7 : 0.0"
"7,8 : 37.48"
"7,9 : 78.79"
"7,10 : 75.39"
"7,11 : 66.61"
"7,12 : 81.61"
"7,13 : 61.03"
"7,14 : 67.91"
"7,15 : 42.2"
"7,16 : 73.98"
"7,17 : 61.68"
"7,18 : 23.77"
"7,19 : 20.25"
"7,20 : 19.24"
"7,21 : 8.49"
"7,22 : 10.63"
"7,23 : 27.8"
"7,24 : 26.25"
"7,25 : 78.75"
"7,26 : 45.88"
"7,27 : 62.82"
"7,28 : 86.31"
"7,29 : 21.93"
"7,30 : 41.0"
"7,31 : 69.87"
"7,32 : 56.82"
"7,33 : 15.52"
"7,34 : 22.56"
"7,35 : 75.31"
"7,36 : 41.4"
"7,37 : 41.76"
"7,38 : 31.58"
"7,39 : 58.25"
"7,40 : 81.84"
"7,41 : 46.24"
"7,42 : 87.21"
"7,43 : 67.48"
"7,44 : 60.75"
"7,45 : 16.16"
"7,46 : 75.11"
"7,47 : 64.35"
"7,48 : 29.27"
"7,49 : 95.6"
"8,0 : 16.12"
"8,1 : 79.01"
"8,2 : 14.32"
"8,3 : 13.45"
"8,4 : 29.73"
"8,5 : 35.51"
"8,6 : 84.1"
"8,7 : 37.48"
"8,8 : 0.0"
"8,9 : 78.16"
"8,10 : 47.38"
"8,11 : 32.65"
"8,12 : 61.29"
"8,13 : 66.48"
"8,14 : 75.0"
"8,15 : 41.76"
"8,16 : 36.5"
"8,17 : 25.81"
"8,18 : 32.25"
"8,19 : 39.05"
"8,20 : 42.2"
"8,21 : 43.0"
"8,22 : 29.02"
"8,23 : 56.32"
"8,24 : 12.17"
"8,25 : 67.47"
"8,26 : 11.66"
"8,27 : 25.63"
"8,28 : 60.21"
"8,29 : 29.7"
"8,30 : 4.24"
"8,31 : 36.24"
"8,32 : 35.47"
"8,33 : 46.07"
"8,34 : 50.48"
"8,35 : 94.87"
"8,36 : 31.26"
"8,37 : 18.25"
"8,38 : 13.42"
"8,39 : 20.88"
"8,40 : 63.07"
"8,41 : 12.53"
"8,42 : 84.02"
"8,43 : 51.24"
"8,44 : 57.14"
"8,45 : 22.0"
"8,46 : 87.46"
"8,47 : 51.79"
"8,48 : 48.1"
"8,49 : 74.95"
"9,0 : 86.47"
"9,1 : 4.12"
"9,2 : 85.91"
"9,3 : 70.61"
"9,4 : 93.98"
"9,5 : 82.37"
"9,6 : 6.08"
"9,7 : 78.79"
"9,8 : 78.16"
"9,9 : 0.0"
"9,10 : 58.14"
"9,11 : 71.59"
"9,12 : 41.62"
"9,13 : 19.1"
"9,14 : 17.09"
"9,15 : 38.64"
"9,16 : 93.47"
"9,17 : 96.57"
"9,18 : 96.77"
"9,19 : 58.6"
"9,20 : 60.42"
"9,21 : 86.76"
"9,22 : 82.57"
"9,23 : 106.0"
"9,24 : 80.31"
"9,25 : 22.47"
"9,26 : 88.68"
"9,27 : 91.71"
"9,28 : 55.8"
"9,29 : 59.2"
"9,30 : 81.39"
"9,31 : 71.34"
"9,32 : 48.47"
"9,33 : 67.42"
"9,34 : 62.2"
"9,35 : 46.04"
"9,36 : 47.01"
"9,37 : 60.53"
"9,38 : 66.01"
"9,39 : 87.64"
"9,40 : 38.28"
"9,41 : 89.68"
"9,42 : 9.22"
"9,43 : 35.23"
"9,44 : 21.02"
"9,45 : 79.83"
"9,46 : 28.16"
"9,47 : 30.41"
"9,48 : 51.31"
"9,49 : 46.17"
"10,0 : 63.03"
"10,1 : 56.4"
"10,2 : 44.72"
"10,3 : 33.97"
"10,4 : 44.28"
"10,5 : 28.07"
"10,6 : 62.2"
"10,7 : 75.39"
"10,8 : 47.38"
"10,9 : 58.14"
"10,10 : 0.0"
"10,11 : 19.42"
"10,12 : 20.4"
"10,13 : 59.17"
"10,14 : 66.03"
"10,15 : 45.4"
"10,16 : 40.11"
"10,17 : 50.45"
"10,18 : 78.87"
"10,19 : 63.64"
"10,20 : 67.6"
"10,21 : 83.26"
"10,22 : 71.2"
"10,23 : 100.34"
"10,24 : 57.63"
"10,25 : 37.22"
"10,26 : 51.62"
"10,27 : 43.93"
"10,28 : 13.04"
"10,29 : 55.54"
"10,30 : 47.63"
"10,31 : 17.03"
"10,32 : 20.02"
"10,33 : 75.13"
"10,34 : 75.24"
"10,35 : 95.77"
"10,36 : 37.12"
"10,37 : 34.0"
"10,38 : 44.78"
"10,39 : 42.06"
"10,40 : 23.77"
"10,41 : 52.48"
"10,42 : 58.83"
"10,43 : 23.43"
"10,44 : 43.57"
"10,45 : 64.66"
"10,46 : 81.02"
"10,47 : 29.41"
"10,48 : 66.01"
"10,49 : 30.59"
"11,0 : 48.76"
"11,1 : 70.68"
"11,2 : 26.4"
"11,3 : 19.92"
"11,4 : 25.02"
"11,5 : 10.82"
"11,6 : 76.49"
"11,7 : 66.61"
"11,8 : 32.65"
"11,9 : 71.59"
"11,10 : 19.42"
"11,11 : 0.0"
"11,12 : 39.0"
"11,13 : 67.9"
"11,14 : 75.82"
"11,15 : 48.02"
"11,16 : 22.14"
"11,17 : 31.05"
"11,18 : 64.88"
"11,19 : 59.84"
"11,20 : 63.79"
"11,21 : 73.55"
"11,22 : 60.17"
"11,23 : 88.6"
"11,24 : 44.38"
"11,25 : 53.16"
"11,26 : 33.97"
"11,27 : 24.52"
"11,28 : 31.95"
"11,29 : 50.36"
"11,30 : 31.62"
"11,31 : 3.61"
"11,32 : 24.08"
"11,33 : 70.26"
"11,34 : 72.18"
"11,35 : 103.08"
"11,36 : 36.67"
"11,37 : 26.17"
"11,38 : 35.13"
"11,39 : 22.85"
"11,40 : 42.05"
"11,41 : 34.71"
"11,42 : 74.09"
"11,43 : 36.77"
"11,44 : 53.41"
"11,45 : 53.16"
"11,46 : 90.55"
"11,47 : 41.18"
"11,48 : 65.15"
"11,49 : 50.01"
"12,0 : 75.45"
"12,1 : 39.05"
"12,2 : 62.1"
"12,3 : 48.85"
"12,4 : 64.01"
"12,5 : 48.37"
"12,6 : 44.6"
"12,7 : 81.61"
"12,8 : 61.29"
"12,9 : 41.62"
"12,10 : 20.4"
"12,11 : 39.0"
"12,12 : 0.0"
"12,13 : 48.05"
"12,14 : 53.14"
"12,15 : 43.32"
"12,16 : 60.41"
"12,17 : 69.46"
"12,18 : 90.27"
"12,19 : 65.74"
"12,20 : 69.35"
"12,21 : 90.0"
"12,22 : 79.93"
"12,23 : 108.58"
"12,24 : 69.4"
"12,25 : 19.21"
"12,26 : 68.01"
"12,27 : 63.2"
"12,28 : 14.21"
"12,29 : 59.91"
"12,30 : 62.65"
"12,31 : 37.12"
"12,32 : 26.4"
"12,33 : 77.39"
"12,34 : 75.61"
"12,35 : 84.12"
"12,36 : 40.22"
"12,37 : 44.41"
"12,38 : 54.67"
"12,39 : 60.67"
"12,40 : 3.61"
"12,41 : 68.95"
"12,42 : 40.36"
"12,43 : 14.87"
"12,44 : 33.14"
"12,45 : 74.28"
"12,46 : 67.62"
"12,47 : 20.22"
"12,48 : 64.85"
"12,49 : 14.14"
"13,0 : 72.11"
"13,1 : 22.67"
"13,2 : 76.56"
"13,3 : 61.72"
"13,4 : 87.13"
"13,5 : 78.57"
"13,6 : 24.41"
"13,7 : 61.03"
"13,8 : 66.48"
"13,9 : 19.1"
"13,10 : 59.17"
"13,11 : 67.9"
"13,12 : 48.05"
"13,13 : 0.0"
"13,14 : 8.54"
"13,15 : 24.74"
"13,16 : 88.41"
"13,17 : 88.1"
"13,18 : 80.62"
"13,19 : 40.8"
"13,20 : 42.15"
"13,21 : 68.71"
"13,22 : 65.92"
"13,23 : 87.73"
"13,24 : 66.27"
"13,25 : 32.06"
"13,26 : 77.79"
"13,27 : 84.22"
"13,28 : 61.03"
"13,29 : 43.1"
"13,30 : 70.21"
"13,31 : 68.62"
"13,32 : 43.84"
"13,33 : 48.76"
"13,34 : 43.27"
"13,35 : 36.67"
"13,36 : 35.85"
"13,37 : 50.57"
"13,38 : 53.37"
"13,39 : 79.65"
"13,40 : 45.54"
"13,41 : 78.75"
"13,42 : 28.28"
"13,43 : 36.25"
"13,44 : 15.65"
"13,45 : 64.12"
"13,46 : 22.67"
"13,47 : 29.97"
"13,48 : 32.65"
"13,49 : 57.0"
"14,0 : 80.31"
"14,1 : 21.19"
"14,2 : 85.09"
"14,3 : 70.21"
"14,4 : 95.52"
"14,5 : 86.56"
"14,6 : 20.81"
"14,7 : 67.91"
"14,8 : 75.0"
"14,9 : 17.09"
"14,10 : 66.03"
"14,11 : 75.82"
"14,12 : 53.14"
"14,13 : 8.54"
"14,14 : 0.0"
"14,15 : 33.24"
"14,16 : 96.61"
"14,17 : 96.61"
"14,18 : 88.28"
"14,19 : 47.85"
"14,20 : 48.76"
"14,21 : 75.29"
"14,22 : 73.44"
"14,23 : 93.98"
"14,24 : 74.55"
"14,25 : 35.51"
"14,26 : 86.33"
"14,27 : 92.66"
"14,28 : 66.71"
"14,29 : 51.0"
"14,30 : 78.75"
"14,31 : 76.38"
"14,32 : 51.74"
"14,33 : 54.78"
"14,34 : 48.75"
"14,35 : 31.05"
"14,36 : 44.38"
"14,37 : 59.09"
"14,38 : 61.85"
"14,39 : 88.12"
"14,40 : 50.29"
"14,41 : 87.28"
"14,42 : 25.94"
"14,43 : 42.72"
"14,44 : 22.67"
"14,45 : 72.01"
"14,46 : 15.0"
"14,47 : 36.62"
"14,48 : 38.9"
"14,49 : 60.53"
"15,0 : 48.04"
"15,1 : 40.52"
"15,2 : 52.35"
"15,3 : 38.01"
"15,4 : 64.03"
"15,5 : 58.01"
"15,6 : 44.72"
"15,7 : 42.2"
"15,8 : 41.76"
"15,9 : 38.64"
"15,10 : 45.4"
"15,11 : 48.02"
"15,12 : 43.32"
"15,13 : 24.74"
"15,14 : 33.24"
"15,15 : 0.0"
"15,16 : 66.48"
"15,17 : 64.14"
"15,18 : 58.24"
"15,19 : 23.43"
"15,20 : 26.63"
"15,21 : 50.61"
"15,22 : 44.38"
"15,23 : 70.0"
"15,24 : 42.0"
"15,25 : 36.77"
"15,26 : 53.14"
"15,27 : 60.8"
"15,28 : 52.24"
"15,29 : 21.02"
"15,30 : 45.54"
"15,31 : 49.65"
"15,32 : 25.96"
"15,33 : 34.67"
"15,34 : 32.31"
"15,35 : 55.87"
"15,36 : 12.04"
"15,37 : 26.63"
"15,38 : 28.64"
"15,39 : 56.04"
"15,40 : 42.54"
"15,41 : 54.08"
"15,42 : 46.17"
"15,43 : 28.46"
"15,44 : 18.79"
"15,45 : 41.23"
"15,46 : 46.07"
"15,47 : 23.71"
"15,48 : 21.59"
"15,49 : 56.36"
"16,0 : 50.04"
"16,1 : 92.7"
"16,2 : 23.0"
"16,3 : 30.02"
"16,4 : 8.94"
"16,5 : 12.04"
"16,6 : 98.49"
"16,7 : 73.98"
"16,8 : 36.5"
"16,9 : 93.47"
"16,10 : 40.11"
"16,11 : 22.14"
"16,12 : 60.41"
"16,13 : 88.41"
"16,14 : 96.61"
"16,15 : 66.48"
"16,16 : 0.0"
"16,17 : 17.49"
"16,18 : 64.78"
"16,19 : 72.92"
"16,20 : 76.56"
"16,21 : 79.23"
"16,22 : 65.19"
"16,23 : 90.55"
"16,24 : 48.17"
"16,25 : 75.29"
"16,26 : 30.27"
"16,27 : 12.37"
"16,28 : 51.16"
"16,29 : 63.07"
"16,30 : 33.14"
"16,31 : 23.35"
"16,32 : 45.28"
"16,33 : 81.6"
"16,34 : 85.09"
"16,35 : 122.33"
"16,36 : 54.49"
"16,37 : 40.8"
"16,38 : 45.69"
"16,39 : 16.0"
"16,40 : 63.64"
"16,41 : 30.41"
"16,42 : 96.21"
"16,43 : 58.87"
"16,44 : 74.63"
"16,45 : 58.31"
"16,46 : 111.04"
"16,47 : 63.07"
"16,48 : 80.26"
"16,49 : 70.06"
"17,0 : 35.69"
"17,1 : 96.54"
"17,2 : 12.04"
"17,3 : 26.4"
"17,4 : 8.6"
"17,5 : 25.24"
"17,6 : 102.11"
"17,7 : 61.68"
"17,8 : 25.81"
"17,9 : 96.57"
"17,10 : 50.45"
"17,11 : 31.05"
"17,12 : 69.46"
"17,13 : 88.1"
"17,14 : 96.61"
"17,15 : 64.14"
"17,16 : 17.49"
"17,17 : 0.0"
"17,18 : 49.01"
"17,19 : 64.82"
"17,20 : 68.01"
"17,21 : 65.73"
"17,22 : 51.92"
"17,23 : 75.01"
"17,24 : 35.47"
"17,25 : 81.3"
"17,26 : 15.81"
"17,27 : 6.71"
"17,28 : 62.94"
"17,29 : 55.32"
"17,30 : 21.63"
"17,31 : 33.84"
"17,32 : 48.66"
"17,33 : 71.69"
"17,34 : 76.28"
"17,35 : 119.2"
"17,36 : 52.35"
"17,37 : 37.59"
"17,38 : 38.18"
"17,39 : 9.06"
"17,40 : 72.25"
"17,41 : 15.52"
"17,42 : 100.81"
"17,43 : 64.28"
"17,44 : 76.22"
"17,45 : 45.54"
"17,46 : 110.15"
"17,47 : 67.08"
"17,48 : 73.59"
"17,49 : 81.02"
"18,0 : 16.12"
"18,1 : 98.76"
"18,2 : 42.2"
"18,3 : 45.49"
"18,4 : 56.32"
"18,5 : 66.73"
"18,6 : 102.84"
"18,7 : 23.77"
"18,8 : 32.25"
"18,9 : 96.77"
"18,10 : 78.87"
"18,11 : 64.88"
"18,12 : 90.27"
"18,13 : 80.62"
"18,14 : 88.28"
"18,15 : 58.24"
"18,16 : 64.78"
"18,17 : 49.01"
"18,18 : 0.0"
"18,19 : 41.05"
"18,20 : 41.44"
"18,21 : 21.93"
"18,22 : 15.03"
"18,23 : 26.0"
"18,24 : 21.26"
"18,25 : 92.13"
"18,26 : 34.53"
"18,27 : 52.47"
"18,28 : 91.35"
"18,29 : 37.66"
"18,30 : 33.62"
"18,31 : 68.48"
"18,32 : 63.89"
"18,33 : 39.22"
"18,34 : 46.17"
"18,35 : 98.72"
"18,36 : 52.77"
"18,37 : 46.01"
"18,38 : 35.61"
"18,39 : 49.03"
"18,40 : 91.4"
"18,41 : 34.37"
"18,42 : 104.4"
"18,43 : 77.94"
"18,44 : 76.84"
"18,45 : 17.09"
"18,46 : 97.13"
"18,47 : 76.54"
"18,48 : 51.24"
"18,49 : 104.35"
"19,0 : 36.67"
"19,1 : 61.29"
"19,2 : 53.01"
"19,3 : 43.08"
"19,4 : 67.74"
"19,5 : 67.72"
"19,6 : 64.47"
"19,7 : 20.25"
"19,8 : 39.05"
"19,9 : 58.6"
"19,10 : 63.64"
"19,11 : 59.84"
"19,12 : 65.74"
"19,13 : 40.8"
"19,14 : 47.85"
"19,15 : 23.43"
"19,16 : 72.92"
"19,17 : 64.82"
"19,18 : 41.05"
"19,19 : 0.0"
"19,20 : 4.0"
"19,21 : 28.18"
"19,22 : 26.02"
"19,23 : 47.51"
"19,24 : 32.45"
"19,25 : 60.14"
"19,26 : 50.21"
"19,27 : 63.81"
"19,28 : 72.8"
"19,29 : 9.85"
"19,30 : 43.28"
"19,31 : 62.51"
"19,32 : 43.74"
"19,33 : 11.7"
"19,34 : 12.37"
"19,35 : 58.87"
"19,36 : 26.68"
"19,37 : 33.73"
"19,38 : 27.29"
"19,39 : 58.83"
"19,40 : 65.37"
"19,41 : 50.91"
"19,42 : 67.12"
"19,43 : 51.0"
"19,44 : 41.23"
"19,45 : 26.25"
"19,46 : 56.08"
"19,47 : 46.87"
"19,48 : 10.44"
"19,49 : 79.26"
"20,0 : 38.59"
"20,1 : 63.29"
"20,2 : 56.3"
"20,3 : 46.82"
"20,4 : 71.2"
"20,5 : 71.57"
"20,6 : 66.19"
"20,7 : 19.24"
"20,8 : 42.2"
"20,9 : 60.42"
"20,10 : 67.6"
"20,11 : 63.79"
"20,12 : 69.35"
"20,13 : 42.15"
"20,14 : 48.76"
"20,15 : 26.63"
"20,16 : 76.56"
"20,17 : 68.01"
"20,18 : 41.44"
"20,19 : 4.0"
"20,20 : 0.0"
"20,21 : 26.57"
"20,22 : 26.48"
"20,23 : 45.62"
"20,24 : 34.83"
"20,25 : 63.13"
"20,26 : 53.15"
"20,27 : 67.23"
"20,28 : 76.66"
"20,29 : 13.6"
"20,30 : 46.4"
"20,31 : 66.48"
"20,32 : 47.68"
"20,33 : 8.06"
"20,34 : 8.54"
"20,35 : 57.57"
"20,36 : 30.59"
"20,37 : 37.66"
"20,38 : 30.87"
"20,39 : 62.27"
"20,40 : 68.88"
"20,41 : 53.81"
"20,42 : 69.12"
"20,43 : 54.56"
"20,44 : 43.86"
"20,45 : 27.73"
"20,46 : 56.01"
"20,47 : 50.25"
"20,48 : 10.05"
"20,49 : 82.76"
"21,0 : 30.08"
"21,1 : 89.47"
"21,2 : 56.32"
"21,3 : 53.76"
"21,4 : 71.7"
"21,5 : 78.23"
"21,6 : 92.61"
"21,7 : 8.49"
"21,8 : 43.0"
"21,9 : 86.76"
"21,10 : 83.26"
"21,11 : 73.55"
"21,12 : 90.0"
"21,13 : 68.71"
"21,14 : 75.29"
"21,15 : 50.61"
"21,16 : 79.23"
"21,17 : 65.73"
"21,18 : 21.93"
"21,19 : 28.18"
"21,20 : 26.57"
"21,21 : 0.0"
"21,22 : 14.04"
"21,23 : 19.42"
"21,24 : 31.06"
"21,25 : 87.21"
"21,26 : 50.01"
"21,27 : 67.6"
"21,28 : 94.41"
"21,29 : 30.41"
"21,30 : 46.1"
"21,31 : 76.9"
"21,32 : 65.0"
"21,33 : 21.1"
"21,34 : 28.02"
"21,35 : 80.4"
"21,36 : 49.82"
"21,37 : 49.4"
"21,38 : 38.9"
"21,39 : 63.29"
"21,40 : 90.27"
"21,41 : 50.22"
"21,42 : 95.29"
"21,43 : 75.93"
"21,44 : 69.07"
"21,45 : 21.0"
"21,46 : 81.61"
"21,47 : 72.84"
"21,48 : 36.4"
"21,49 : 104.02"
"22,0 : 16.55"
"22,1 : 84.76"
"22,2 : 42.3"
"22,3 : 40.26"
"22,4 : 57.71"
"22,5 : 64.38"
"22,6 : 88.6"
"22,7 : 10.63"
"22,8 : 29.02"
"22,9 : 82.57"
"22,10 : 71.2"
"22,11 : 60.17"
"22,12 : 79.93"
"22,13 : 65.92"
"22,14 : 73.44"
"22,15 : 44.38"
"22,16 : 65.19"
"22,17 : 51.92"
"22,18 : 15.03"
"22,19 : 26.02"
"22,20 : 26.48"
"22,21 : 14.04"
"22,22 : 0.0"
"22,23 : 29.15"
"22,24 : 17.03"
"22,25 : 79.61"
"22,26 : 36.14"
"22,27 : 53.6"
"22,28 : 82.93"
"22,29 : 23.41"
"22,30 : 32.06"
"22,31 : 63.6"
"22,32 : 54.04"
"22,33 : 25.06"
"22,34 : 31.78"
"22,35 : 83.93"
"22,36 : 40.61"
"22,37 : 37.22"
"22,38 : 26.42"
"22,39 : 49.25"
"22,40 : 80.62"
"22,41 : 36.4"
"22,42 : 90.48"
"22,43 : 66.6"
"22,44 : 63.16"
"22,45 : 7.07"
"22,46 : 82.1"
"22,47 : 64.4"
"22,48 : 36.22"
"22,49 : 94.07"
"23,0 : 40.79"
"23,1 : 108.78"
"23,2 : 67.74"
"23,3 : 68.71"
"23,4 : 82.22"
"23,5 : 91.68"
"23,6 : 111.8"
"23,7 : 27.8"
"23,8 : 56.32"
"23,9 : 106.0"
"23,10 : 100.34"
"23,11 : 88.6"
"23,12 : 108.58"
"23,13 : 87.73"
"23,14 : 93.98"
"23,15 : 70.0"
"23,16 : 90.55"
"23,17 : 75.01"
"23,18 : 26.0"
"23,19 : 47.51"
"23,20 : 45.62"
"23,21 : 19.42"
"23,22 : 29.15"
"23,23 : 0.0"
"23,24 : 44.27"
"23,25 : 106.53"
"23,26 : 60.3"
"23,27 : 78.31"
"23,28 : 112.06"
"23,29 : 49.58"
"23,30 : 58.46"
"23,31 : 92.11"
"23,32 : 83.01"
"23,33 : 39.22"
"23,34 : 45.61"
"23,35 : 96.05"
"23,36 : 68.62"
"23,37 : 66.37"
"23,38 : 55.57"
"23,39 : 74.67"
"23,40 : 109.04"
"23,41 : 60.21"
"23,42 : 114.61"
"23,43 : 94.79"
"23,44 : 88.48"
"23,45 : 35.78"
"23,46 : 99.25"
"23,47 : 91.97"
"23,48 : 55.15"
"23,49 : 122.67"
"24,0 : 6.32"
"24,1 : 81.74"
"24,2 : 25.32"
"24,3 : 24.6"
"24,4 : 40.79"
"24,5 : 47.68"
"24,6 : 86.37"
"24,7 : 26.25"
"24,8 : 12.17"
"24,9 : 80.31"
"24,10 : 57.63"
"24,11 : 44.38"
"24,12 : 69.4"
"24,13 : 66.27"
"24,14 : 74.55"
"24,15 : 42.0"
"24,16 : 48.17"
"24,17 : 35.47"
"24,18 : 21.26"
"24,19 : 32.45"
"24,20 : 34.83"
"24,21 : 31.06"
"24,22 : 17.03"
"24,23 : 44.27"
"24,24 : 0.0"
"24,25 : 72.8"
"24,26 : 19.7"
"24,27 : 36.67"
"24,28 : 70.09"
"24,29 : 24.7"
"24,30 : 15.03"
"24,31 : 47.93"
"24,32 : 43.01"
"24,33 : 37.01"
"24,34 : 42.43"
"24,35 : 90.8"
"24,36 : 33.96"
"24,37 : 25.0"
"24,38 : 15.23"
"24,39 : 32.25"
"24,40 : 70.72"
"24,41 : 20.12"
"24,42 : 87.13"
"24,43 : 57.71"
"24,44 : 59.54"
"24,45 : 10.2"
"24,46 : 85.62"
"24,47 : 57.01"
"24,48 : 42.54"
"24,49 : 83.41"
"25,0 : 79.12"
"25,1 : 19.85"
"25,2 : 72.01"
"25,3 : 57.14"
"25,4 : 77.28"
"25,5 : 63.57"
"25,6 : 25.46"
"25,7 : 78.75"
"25,8 : 67.47"
"25,9 : 22.47"
"25,10 : 37.22"
"25,11 : 53.16"
"25,12 : 19.21"
"25,13 : 32.06"
"25,14 : 35.51"
"25,15 : 36.77"
"25,16 : 75.29"
"25,17 : 81.3"
"25,18 : 92.13"
"25,19 : 60.14"
"25,20 : 63.13"
"25,21 : 87.21"
"25,22 : 79.61"
"25,23 : 106.53"
"25,24 : 72.8"
"25,25 : 0.0"
"25,26 : 76.42"
"25,27 : 75.66"
"25,28 : 33.42"
"25,29 : 57.01"
"25,30 : 69.87"
"25,31 : 52.2"
"25,32 : 33.02"
"25,33 : 71.06"
"25,34 : 67.68"
"25,35 : 66.49"
"25,36 : 39.36"
"25,37 : 49.24"
"25,38 : 57.58"
"25,39 : 72.25"
"25,40 : 15.81"
"25,41 : 77.41"
"25,42 : 21.63"
"25,43 : 17.03"
"25,44 : 20.12"
"25,45 : 75.18"
"25,46 : 49.34"
"25,47 : 15.81"
"25,48 : 56.3"
"25,49 : 25.08"
"26,0 : 20.1"
"26,1 : 89.27"
"26,2 : 8.06"
"26,3 : 19.42"
"26,4 : 22.0"
"26,5 : 33.12"
"26,6 : 94.53"
"26,7 : 45.88"
"26,8 : 11.66"
"26,9 : 88.68"
"26,10 : 51.62"
"26,11 : 33.97"
"26,12 : 68.01"
"26,13 : 77.79"
"26,14 : 86.33"
"26,15 : 53.14"
"26,16 : 30.27"
"26,17 : 15.81"
"26,18 : 34.53"
"26,19 : 50.21"
"26,20 : 53.15"
"26,21 : 50.01"
"26,22 : 36.14"
"26,23 : 60.3"
"26,24 : 19.7"
"26,25 : 76.42"
"26,26 : 0.0"
"26,27 : 18.03"
"26,28 : 64.66"
"26,29 : 41.11"
"26,30 : 7.62"
"26,31 : 37.48"
"26,32 : 43.57"
"26,33 : 56.3"
"26,34 : 61.22"
"26,35 : 106.53"
"26,36 : 42.2"
"26,37 : 28.16"
"26,38 : 25.06"
"26,39 : 14.56"
"26,40 : 70.21"
"26,41 : 1.0"
"26,42 : 94.09"
"26,43 : 59.68"
"26,44 : 67.74"
"26,45 : 29.73"
"26,46 : 99.01"
"26,47 : 61.07"
"26,48 : 59.55"
"26,49 : 81.02"
"27,0 : 38.01"
"27,1 : 91.48"
"27,2 : 11.4"
"27,3 : 22.8"
"27,4 : 4.12"
"27,5 : 18.6"
"27,6 : 97.12"
"27,7 : 62.82"
"27,8 : 25.63"
"27,9 : 91.71"
"27,10 : 43.93"
"27,11 : 24.52"
"27,12 : 63.2"
"27,13 : 84.22"
"27,14 : 92.66"
"27,15 : 60.8"
"27,16 : 12.37"
"27,17 : 6.71"
"27,18 : 52.47"
"27,19 : 63.81"
"27,20 : 67.23"
"27,21 : 67.6"
"27,22 : 53.6"
"27,23 : 78.31"
"27,24 : 36.67"
"27,25 : 75.66"
"27,26 : 18.03"
"27,27 : 0.0"
"27,28 : 56.32"
"27,29 : 54.08"
"27,30 : 21.84"
"27,31 : 27.2"
"27,32 : 43.42"
"27,33 : 71.59"
"27,34 : 75.66"
"27,35 : 116.39"
"27,36 : 48.83"
"27,37 : 34.21"
"27,38 : 36.62"
"27,39 : 5.0"
"27,40 : 66.07"
"27,41 : 18.11"
"27,42 : 95.57"
"27,43 : 58.69"
"27,44 : 71.69"
"27,45 : 46.87"
"27,46 : 106.53"
"27,47 : 61.85"
"27,48 : 72.01"
"27,49 : 74.53"
"28,0 : 75.66"
"28,1 : 53.26"
"28,2 : 57.71"
"28,3 : 46.86"
"28,4 : 56.29"
"28,5 : 39.32"
"28,6 : 58.8"
"28,7 : 86.31"
"28,8 : 60.21"
"28,9 : 55.8"
"28,10 : 13.04"
"28,11 : 31.95"
"28,12 : 14.21"
"28,13 : 61.03"
"28,14 : 66.71"
"28,15 : 52.24"
"28,16 : 51.16"
"28,17 : 62.94"
"28,18 : 91.35"
"28,19 : 72.8"
"28,20 : 76.66"
"28,21 : 94.41"
"28,22 : 82.93"
"28,23 : 112.06"
"28,24 : 70.09"
"28,25 : 33.42"
"28,26 : 64.66"
"28,27 : 56.32"
"28,28 : 0.0"
"28,29 : 65.55"
"28,30 : 60.61"
"28,31 : 29.12"
"28,32 : 29.55"
"28,33 : 84.48"
"28,34 : 83.74"
"28,35 : 97.5"
"28,36 : 46.17"
"28,37 : 45.8"
"28,38 : 56.61"
"28,39 : 54.78"
"28,40 : 17.69"
"28,41 : 65.51"
"28,42 : 54.45"
"28,43 : 25.32"
"28,44 : 45.61"
"28,45 : 76.61"
"28,46 : 81.39"
"28,47 : 31.58"
"28,48 : 73.68"
"28,49 : 19.03"
"29,0 : 29.83"
"29,1 : 61.35"
"29,2 : 43.42"
"29,3 : 33.24"
"29,4 : 57.98"
"29,5 : 57.97"
"29,6 : 65.25"
"29,7 : 21.93"
"29,8 : 29.7"
"29,9 : 59.2"
"29,10 : 55.54"
"29,11 : 50.36"
"29,12 : 59.91"
"29,13 : 43.1"
"29,14 : 51.0"
"29,15 : 21.02"
"29,16 : 63.07"
"29,17 : 55.32"
"29,18 : 37.66"
"29,19 : 9.85"
"29,20 : 13.6"
"29,21 : 30.41"
"29,22 : 23.41"
"29,23 : 49.58"
"29,24 : 24.7"
"29,25 : 57.01"
"29,26 : 41.11"
"29,27 : 54.08"
"29,28 : 65.55"
"29,29 : 0.0"
"29,30 : 33.94"
"29,31 : 53.15"
"29,32 : 36.06"
"29,33 : 20.0"
"29,34 : 22.14"
"29,35 : 66.19"
"29,36 : 19.72"
"29,37 : 24.19"
"29,38 : 17.49"
"29,39 : 49.09"
"29,40 : 60.0"
"29,41 : 41.87"
"29,42 : 67.07"
"29,43 : 45.61"
"29,44 : 39.81"
"29,45 : 21.02"
"29,46 : 61.19"
"29,47 : 42.43"
"29,48 : 18.44"
"29,49 : 73.82"
"30,0 : 17.72"
"30,1 : 82.1"
"30,2 : 10.44"
"30,3 : 13.89"
"30,4 : 25.96"
"30,5 : 33.24"
"30,6 : 87.28"
"30,7 : 41.0"
"30,8 : 4.24"
"30,9 : 81.39"
"30,10 : 47.63"
"30,11 : 31.62"
"30,12 : 62.65"
"30,13 : 70.21"
"30,14 : 78.75"
"30,15 : 45.54"
"30,16 : 33.14"
"30,17 : 21.63"
"30,18 : 33.62"
"30,19 : 43.28"
"30,20 : 46.4"
"30,21 : 46.1"
"30,22 : 32.06"
"30,23 : 58.46"
"30,24 : 15.03"
"30,25 : 69.87"
"30,26 : 7.62"
"30,27 : 21.84"
"30,28 : 60.61"
"30,29 : 33.94"
"30,30 : 0.0"
"30,31 : 35.23"
"30,32 : 37.36"
"30,33 : 50.12"
"30,34 : 54.64"
"30,35 : 99.02"
"30,36 : 34.71"
"30,37 : 21.0"
"30,38 : 17.49"
"30,39 : 17.26"
"30,40 : 64.62"
"30,41 : 8.54"
"30,42 : 87.01"
"30,43 : 53.37"
"30,44 : 60.41"
"30,45 : 25.18"
"30,46 : 91.39"
"30,47 : 54.33"
"30,48 : 52.35"
"30,49 : 76.06"
"31,0 : 52.35"
"31,1 : 70.24"
"31,2 : 29.83"
"31,3 : 23.41"
"31,4 : 27.29"
"31,5 : 11.4"
"31,6 : 76.06"
"31,7 : 69.87"
"31,8 : 36.24"
"31,9 : 71.34"
"31,10 : 17.03"
"31,11 : 3.61"
"31,12 : 37.12"
"31,13 : 68.62"
"31,14 : 76.38"
"31,15 : 49.65"
"31,16 : 23.35"
"31,17 : 33.84"
"31,18 : 68.48"
"31,19 : 62.51"
"31,20 : 66.48"
"31,21 : 76.9"
"31,22 : 63.6"
"31,23 : 92.11"
"31,24 : 47.93"
"31,25 : 52.2"
"31,26 : 37.48"
"31,27 : 27.2"
"31,28 : 29.12"
"31,29 : 53.15"
"31,30 : 35.23"
"31,31 : 0.0"
"31,32 : 24.84"
"31,33 : 73.11"
"31,34 : 74.81"
"31,35 : 104.2"
"31,36 : 38.63"
"31,37 : 29.02"
"31,38 : 38.33"
"31,39 : 25.94"
"31,40 : 40.31"
"31,41 : 38.21"
"31,42 : 73.41"
"31,43 : 36.24"
"31,44 : 53.81"
"31,45 : 56.61"
"31,46 : 91.22"
"31,47 : 41.05"
"31,48 : 67.45"
"31,49 : 47.52"
"32,0 : 49.09"
"32,1 : 48.08"
"32,2 : 39.0"
"32,3 : 24.19"
"32,4 : 45.54"
"32,5 : 34.83"
"32,6 : 53.76"
"32,7 : 56.82"
"32,8 : 35.47"
"32,9 : 48.47"
"32,10 : 20.02"
"32,11 : 24.08"
"32,12 : 26.4"
"32,13 : 43.84"
"32,14 : 51.74"
"32,15 : 25.96"
"32,16 : 45.28"
"32,17 : 48.66"
"32,18 : 63.89"
"32,19 : 43.74"
"32,20 : 47.68"
"32,21 : 65.0"
"32,22 : 54.04"
"32,23 : 83.01"
"32,24 : 43.01"
"32,25 : 33.02"
"32,26 : 43.57"
"32,27 : 43.42"
"32,28 : 29.55"
"32,29 : 36.06"
"32,30 : 37.36"
"32,31 : 24.84"
"32,32 : 0.0"
"32,33 : 55.32"
"32,34 : 55.23"
"32,35 : 79.4"
"32,36 : 17.12"
"32,37 : 18.03"
"32,38 : 28.32"
"32,39 : 39.62"
"32,40 : 27.78"
"32,41 : 44.55"
"32,42 : 52.17"
"32,43 : 16.12"
"32,44 : 29.41"
"32,45 : 48.1"
"32,46 : 66.48"
"32,47 : 18.44"
"32,48 : 46.04"
"32,49 : 40.46"
"33,0 : 39.62"
"33,1 : 70.46"
"33,2 : 60.37"
"33,3 : 52.39"
"33,4 : 75.64"
"33,5 : 77.47"
"33,6 : 73.06"
"33,7 : 15.52"
"33,8 : 46.07"
"33,9 : 67.42"
"33,10 : 75.13"
"33,11 : 70.26"
"33,12 : 77.39"
"33,13 : 48.76"
"33,14 : 54.78"
"33,15 : 34.67"
"33,16 : 81.6"
"33,17 : 71.69"
"33,18 : 39.22"
"33,19 : 11.7"
"33,20 : 8.06"
"33,21 : 21.1"
"33,22 : 25.06"
"33,23 : 39.22"
"33,24 : 37.01"
"33,25 : 71.06"
"33,26 : 56.3"
"33,27 : 71.59"
"33,28 : 84.48"
"33,29 : 20.0"
"33,30 : 50.12"
"33,31 : 73.11"
"33,32 : 55.32"
"33,33 : 0.0"
"33,34 : 7.07"
"33,35 : 59.84"
"33,36 : 38.33"
"33,37 : 44.1"
"33,38 : 36.14"
"33,39 : 66.71"
"33,40 : 76.94"
"33,41 : 56.86"
"33,42 : 76.28"
"33,43 : 62.61"
"33,44 : 51.62"
"33,45 : 28.32"
"33,46 : 60.53"
"33,47 : 58.31"
"33,48 : 16.12"
"33,49 : 90.82"
"34,0 : 45.61"
"34,1 : 65.44"
"34,2 : 64.66"
"34,3 : 55.36"
"34,4 : 79.65"
"34,5 : 80.08"
"34,6 : 67.68"
"34,7 : 22.56"
"34,8 : 50.48"
"34,9 : 62.2"
"34,10 : 75.24"
"34,11 : 72.18"
"34,12 : 75.61"
"34,13 : 43.27"
"34,14 : 48.75"
"34,15 : 32.31"
"34,16 : 85.09"
"34,17 : 76.28"
"34,18 : 46.17"
"34,19 : 12.37"
"34,20 : 8.54"
"34,21 : 28.02"
"34,22 : 31.78"
"34,23 : 45.61"
"34,24 : 42.43"
"34,25 : 67.68"
"34,26 : 61.22"
"34,27 : 75.66"
"34,28 : 83.74"
"34,29 : 22.14"
"34,30 : 54.64"
"34,31 : 74.81"
"34,32 : 55.23"
"34,33 : 7.07"
"34,34 : 0.0"
"34,35 : 52.77"
"34,36 : 38.12"
"34,37 : 46.1"
"34,38 : 39.4"
"34,39 : 70.71"
"34,40 : 74.85"
"34,41 : 61.85"
"34,42 : 71.22"
"34,43 : 60.75"
"34,44 : 47.8"
"34,45 : 34.41"
"34,46 : 53.76"
"34,47 : 55.95"
"34,48 : 11.4"
"34,49 : 88.64"
"35,0 : 95.46"
"35,1 : 50.01"
"35,2 : 107.2"
"35,3 : 93.61"
"35,4 : 119.75"
"35,5 : 113.45"
"35,6 : 47.17"
"35,7 : 75.31"
"35,8 : 94.87"
"35,9 : 46.04"
"35,10 : 95.77"
"35,11 : 103.08"
"35,12 : 84.12"
"35,13 : 36.67"
"35,14 : 31.05"
"35,15 : 55.87"
"35,16 : 122.33"
"35,17 : 119.2"
"35,18 : 98.72"
"35,19 : 58.87"
"35,20 : 57.57"
"35,21 : 80.4"
"35,22 : 83.93"
"35,23 : 96.05"
"35,24 : 90.8"
"35,25 : 66.49"
"35,26 : 106.53"
"35,27 : 116.39"
"35,28 : 97.5"
"35,29 : 66.19"
"35,30 : 99.02"
"35,31 : 104.2"
"35,32 : 79.4"
"35,33 : 59.84"
"35,34 : 52.77"
"35,35 : 0.0"
"35,36 : 67.9"
"35,37 : 82.22"
"35,38 : 81.54"
"35,39 : 111.52"
"35,40 : 81.32"
"35,41 : 107.38"
"35,42 : 53.15"
"35,43 : 72.92"
"35,44 : 52.33"
"35,45 : 85.09"
"35,46 : 18.03"
"35,47 : 66.64"
"35,48 : 48.47"
"35,49 : 91.41"
"36,0 : 40.26"
"36,1 : 48.09"
"36,2 : 40.72"
"36,3 : 26.08"
"36,4 : 52.01"
"36,5 : 46.32"
"36,6 : 53.0"
"36,7 : 41.4"
"36,8 : 31.26"
"36,9 : 47.01"
"36,10 : 37.12"
"36,11 : 36.67"
"36,12 : 40.22"
"36,13 : 35.85"
"36,14 : 44.38"
"36,15 : 12.04"
"36,16 : 54.49"
"36,17 : 52.35"
"36,18 : 52.77"
"36,19 : 26.68"
"36,20 : 30.59"
"36,21 : 49.82"
"36,22 : 40.61"
"36,23 : 68.62"
"36,24 : 33.96"
"36,25 : 39.36"
"36,26 : 42.2"
"36,27 : 48.83"
"36,28 : 46.17"
"36,29 : 19.72"
"36,30 : 34.71"
"36,31 : 38.63"
"36,32 : 17.12"
"36,33 : 38.33"
"36,34 : 38.12"
"36,35 : 67.9"
"36,36 : 0.0"
"36,37 : 14.76"
"36,38 : 19.1"
"36,39 : 44.1"
"36,40 : 40.46"
"36,41 : 43.17"
"36,42 : 53.34"
"36,43 : 26.17"
"36,44 : 26.0"
"36,45 : 35.85"
"36,46 : 57.8"
"36,47 : 23.85"
"36,48 : 29.27"
"36,49 : 54.2"
"37,0 : 31.06"
"37,1 : 61.13"
"37,2 : 26.0"
"37,3 : 11.4"
"37,4 : 37.54"
"37,5 : 34.18"
"37,6 : 66.37"
"37,7 : 41.76"
"37,8 : 18.25"
"37,9 : 60.53"
"37,10 : 34.0"
"37,11 : 26.17"
"37,12 : 44.41"
"37,13 : 50.57"
"37,14 : 59.09"
"37,15 : 26.63"
"37,16 : 40.8"
"37,17 : 37.59"
"37,18 : 46.01"
"37,19 : 33.73"
"37,20 : 37.66"
"37,21 : 49.4"
"37,22 : 37.22"
"37,23 : 66.37"
"37,24 : 25.0"
"37,25 : 49.24"
"37,26 : 28.16"
"37,27 : 34.21"
"37,28 : 45.8"
"37,29 : 24.19"
"37,30 : 21.0"
"37,31 : 29.02"
"37,32 : 18.03"
"37,33 : 44.1"
"37,34 : 46.1"
"37,35 : 82.22"
"37,36 : 14.76"
"37,37 : 0.0"
"37,38 : 10.82"
"37,39 : 29.41"
"37,40 : 45.79"
"37,41 : 29.15"
"37,42 : 66.01"
"37,43 : 33.24"
"37,44 : 39.62"
"37,45 : 30.81"
"37,46 : 72.56"
"37,47 : 33.54"
"37,48 : 39.81"
"37,49 : 58.41"
"38,0 : 21.54"
"38,1 : 67.19"
"38,2 : 26.17"
"38,3 : 16.28"
"38,4 : 40.5"
"38,5 : 41.44"
"38,6 : 72.03"
"38,7 : 31.58"
"38,8 : 13.42"
"38,9 : 66.01"
"38,10 : 44.78"
"38,11 : 35.13"
"38,12 : 54.67"
"38,13 : 53.37"
"38,14 : 61.85"
"38,15 : 28.64"
"38,16 : 45.69"
"38,17 : 38.18"
"38,18 : 35.61"
"38,19 : 27.29"
"38,20 : 30.87"
"38,21 : 38.9"
"38,22 : 26.42"
"38,23 : 55.57"
"38,24 : 15.23"
"38,25 : 57.58"
"38,26 : 25.06"
"38,27 : 36.62"
"38,28 : 56.61"
"38,29 : 17.49"
"38,30 : 17.49"
"38,31 : 38.33"
"38,32 : 28.32"
"38,33 : 36.14"
"38,34 : 39.4"
"38,35 : 81.54"
"38,36 : 19.1"
"38,37 : 10.82"
"38,38 : 0.0"
"38,39 : 31.62"
"38,40 : 55.8"
"38,41 : 25.94"
"38,42 : 72.44"
"38,43 : 42.54"
"38,44 : 45.04"
"38,45 : 20.0"
"38,46 : 74.09"
"38,47 : 41.79"
"38,48 : 35.47"
"38,49 : 68.77"
"39,0 : 34.06"
"39,1 : 87.56"
"39,2 : 7.0"
"39,3 : 18.03"
"39,4 : 8.94"
"39,5 : 19.21"
"39,6 : 93.15"
"39,7 : 58.25"
"39,8 : 20.88"
"39,9 : 87.64"
"39,10 : 42.06"
"39,11 : 22.85"
"39,12 : 60.67"
"39,13 : 79.65"
"39,14 : 88.12"
"39,15 : 56.04"
"39,16 : 16.0"
"39,17 : 9.06"
"39,18 : 49.03"
"39,19 : 58.83"
"39,20 : 62.27"
"39,21 : 63.29"
"39,22 : 49.25"
"39,23 : 74.67"
"39,24 : 32.25"
"39,25 : 72.25"
"39,26 : 14.56"
"39,27 : 5.0"
"39,28 : 54.78"
"39,29 : 49.09"
"39,30 : 17.26"
"39,31 : 25.94"
"39,32 : 39.62"
"39,33 : 66.71"
"39,34 : 70.71"
"39,35 : 111.52"
"39,36 : 44.1"
"39,37 : 29.41"
"39,38 : 31.62"
"39,39 : 0.0"
"39,40 : 63.39"
"39,41 : 14.87"
"39,42 : 91.78"
"39,43 : 55.23"
"39,44 : 67.42"
"39,45 : 42.43"
"39,46 : 101.87"
"39,47 : 58.05"
"39,48 : 67.01"
"39,49 : 72.53"
"40,0 : 76.85"
"40,1 : 35.61"
"40,2 : 64.54"
"40,3 : 50.92"
"40,4 : 67.01"
"40,5 : 51.62"
"40,6 : 41.11"
"40,7 : 81.84"
"40,8 : 63.07"
"40,9 : 38.28"
"40,10 : 23.77"
"40,11 : 42.05"
"40,12 : 3.61"
"40,13 : 45.54"
"40,14 : 50.29"
"40,15 : 42.54"
"40,16 : 63.64"
"40,17 : 72.25"
"40,18 : 91.4"
"40,19 : 65.37"
"40,20 : 68.88"
"40,21 : 90.27"
"40,22 : 80.62"
"40,23 : 109.04"
"40,24 : 70.72"
"40,25 : 15.81"
"40,26 : 70.21"
"40,27 : 66.07"
"40,28 : 17.69"
"40,29 : 60.0"
"40,30 : 64.62"
"40,31 : 40.31"
"40,32 : 27.78"
"40,33 : 76.94"
"40,34 : 74.85"
"40,35 : 81.32"
"40,36 : 40.46"
"40,37 : 45.79"
"40,38 : 55.8"
"40,39 : 63.39"
"40,40 : 0.0"
"40,41 : 71.17"
"40,42 : 36.8"
"40,43 : 14.42"
"40,44 : 31.0"
"40,45 : 75.17"
"40,46 : 64.62"
"40,47 : 18.97"
"40,48 : 63.91"
"40,49 : 13.89"
"41,0 : 20.22"
"41,1 : 90.27"
"41,2 : 8.6"
"41,3 : 20.4"
"41,4 : 22.02"
"41,5 : 33.62"
"41,6 : 95.52"
"41,7 : 46.24"
"41,8 : 12.53"
"41,9 : 89.68"
"41,10 : 52.48"
"41,11 : 34.71"
"41,12 : 68.95"
"41,13 : 78.75"
"41,14 : 87.28"
"41,15 : 54.08"
"41,16 : 30.41"
"41,17 : 15.52"
"41,18 : 34.37"
"41,19 : 50.91"
"41,20 : 53.81"
"41,21 : 50.22"
"41,22 : 36.4"
"41,23 : 60.21"
"41,24 : 20.12"
"41,25 : 77.41"
"41,26 : 1.0"
"41,27 : 18.11"
"41,28 : 65.51"
"41,29 : 41.87"
"41,30 : 8.54"
"41,31 : 38.21"
"41,32 : 44.55"
"41,33 : 56.86"
"41,34 : 61.85"
"41,35 : 107.38"
"41,36 : 43.17"
"41,37 : 29.15"
"41,38 : 25.94"
"41,39 : 14.87"
"41,40 : 71.17"
"41,41 : 0.0"
"41,42 : 95.08"
"41,43 : 60.67"
"41,44 : 68.73"
"41,45 : 30.08"
"41,46 : 99.92"
"41,47 : 62.07"
"41,48 : 60.31"
"41,49 : 81.94"
"42,0 : 93.38"
"42,1 : 5.83"
"42,2 : 90.67"
"42,3 : 75.43"
"42,4 : 97.53"
"42,5 : 84.69"
"42,6 : 6.0"
"42,7 : 87.21"
"42,8 : 84.02"
"42,9 : 9.22"
"42,10 : 58.83"
"42,11 : 74.09"
"42,12 : 40.36"
"42,13 : 28.28"
"42,14 : 25.94"
"42,15 : 46.17"
"42,16 : 96.21"
"42,17 : 100.81"
"42,18 : 104.4"
"42,19 : 67.12"
"42,20 : 69.12"
"42,21 : 95.29"
"42,22 : 90.48"
"42,23 : 114.61"
"42,24 : 87.13"
"42,25 : 21.63"
"42,26 : 94.09"
"42,27 : 95.57"
"42,28 : 54.45"
"42,29 : 67.07"
"42,30 : 87.01"
"42,31 : 73.41"
"42,32 : 52.17"
"42,33 : 76.28"
"42,34 : 71.22"
"42,35 : 53.15"
"42,36 : 53.34"
"42,37 : 66.01"
"42,38 : 72.44"
"42,39 : 91.78"
"42,40 : 36.8"
"42,41 : 95.08"
"42,42 : 0.0"
"42,43 : 37.34"
"42,44 : 27.66"
"42,45 : 87.36"
"42,46 : 35.13"
"42,47 : 33.73"
"42,48 : 60.22"
"42,49 : 42.06"
"43,0 : 63.95"
"43,1 : 34.0"
"43,2 : 55.04"
"43,3 : 40.31"
"43,4 : 60.42"
"43,5 : 47.42"
"43,6 : 39.82"
"43,7 : 67.48"
"43,8 : 51.24"
"43,9 : 35.23"
"43,10 : 23.43"
"43,11 : 36.77"
"43,12 : 14.87"
"43,13 : 36.25"
"43,14 : 42.72"
"43,15 : 28.46"
"43,16 : 58.87"
"43,17 : 64.28"
"43,18 : 77.94"
"43,19 : 51.0"
"43,20 : 54.56"
"43,21 : 75.93"
"43,22 : 66.6"
"43,23 : 94.79"
"43,24 : 57.71"
"43,25 : 17.03"
"43,26 : 59.68"
"43,27 : 58.69"
"43,28 : 25.32"
"43,29 : 45.61"
"43,30 : 53.37"
"43,31 : 36.24"
"43,32 : 16.12"
"43,33 : 62.61"
"43,34 : 60.75"
"43,35 : 72.92"
"43,36 : 26.17"
"43,37 : 33.24"
"43,38 : 42.54"
"43,39 : 55.23"
"43,40 : 14.42"
"43,41 : 60.67"
"43,42 : 37.34"
"43,43 : 0.0"
"43,44 : 20.62"
"43,45 : 61.4"
"43,46 : 57.69"
"43,47 : 6.32"
"43,48 : 50.0"
"43,49 : 28.3"
"44,0 : 65.76"
"44,1 : 22.2"
"44,2 : 65.25"
"44,3 : 50.0"
"44,4 : 74.25"
"44,5 : 64.2"
"44,6 : 27.0"
"44,7 : 60.75"
"44,8 : 57.14"
"44,9 : 21.02"
"44,10 : 43.57"
"44,11 : 53.41"
"44,12 : 33.14"
"44,13 : 15.65"
"44,14 : 22.67"
"44,15 : 18.79"
"44,16 : 74.63"
"44,17 : 76.22"
"44,18 : 76.84"
"44,19 : 41.23"
"44,20 : 43.86"
"44,21 : 69.07"
"44,22 : 63.16"
"44,23 : 88.48"
"44,24 : 59.54"
"44,25 : 20.12"
"44,26 : 67.74"
"44,27 : 71.69"
"44,28 : 45.61"
"44,29 : 39.81"
"44,30 : 60.41"
"44,31 : 53.81"
"44,32 : 29.41"
"44,33 : 51.62"
"44,34 : 47.8"
"44,35 : 52.33"
"44,36 : 26.0"
"44,37 : 39.62"
"44,38 : 45.04"
"44,39 : 67.42"
"44,40 : 31.0"
"44,41 : 68.73"
"44,42 : 27.66"
"44,43 : 20.62"
"44,44 : 0.0"
"44,45 : 59.77"
"44,46 : 37.64"
"44,47 : 14.32"
"44,48 : 36.4"
"44,49 : 43.57"
"45,0 : 11.31"
"45,1 : 81.74"
"45,2 : 35.51"
"45,3 : 33.24"
"45,4 : 50.99"
"45,5 : 57.31"
"45,6 : 85.91"
"45,7 : 16.16"
"45,8 : 22.0"
"45,9 : 79.83"
"45,10 : 64.66"
"45,11 : 53.16"
"45,12 : 74.28"
"45,13 : 64.12"
"45,14 : 72.01"
"45,15 : 41.23"
"45,16 : 58.31"
"45,17 : 45.54"
"45,18 : 17.09"
"45,19 : 26.25"
"45,20 : 27.73"
"45,21 : 21.0"
"45,22 : 7.07"
"45,23 : 35.78"
"45,24 : 10.2"
"45,25 : 75.18"
"45,26 : 29.73"
"45,27 : 46.87"
"45,28 : 76.61"
"45,29 : 21.02"
"45,30 : 25.18"
"45,31 : 56.61"
"45,32 : 48.1"
"45,33 : 28.32"
"45,34 : 34.41"
"45,35 : 85.09"
"45,36 : 35.85"
"45,37 : 30.81"
"45,38 : 20.0"
"45,39 : 42.43"
"45,40 : 75.17"
"45,41 : 30.08"
"45,42 : 87.36"
"45,43 : 61.4"
"45,44 : 59.77"
"45,45 : 0.0"
"45,46 : 81.74"
"45,47 : 59.68"
"45,48 : 36.69"
"45,49 : 88.41"
"46,0 : 91.01"
"46,1 : 32.06"
"46,2 : 98.41"
"46,3 : 83.86"
"46,4 : 109.55"
"46,5 : 101.24"
"46,6 : 29.15"
"46,7 : 75.11"
"46,8 : 87.46"
"46,9 : 28.16"
"46,10 : 81.02"
"46,11 : 90.55"
"46,12 : 67.62"
"46,13 : 22.67"
"46,14 : 15.0"
"46,15 : 46.07"
"46,16 : 111.04"
"46,17 : 110.15"
"46,18 : 97.13"
"46,19 : 56.08"
"46,20 : 56.01"
"46,21 : 81.61"
"46,22 : 82.1"
"46,23 : 99.25"
"46,24 : 85.62"
"46,25 : 49.34"
"46,26 : 99.01"
"46,27 : 106.53"
"46,28 : 81.39"
"46,29 : 61.19"
"46,30 : 91.39"
"46,31 : 91.22"
"46,32 : 66.48"
"46,33 : 60.53"
"46,34 : 53.76"
"46,35 : 18.03"
"46,36 : 57.8"
"46,37 : 72.56"
"46,38 : 74.09"
"46,39 : 101.87"
"46,40 : 64.62"
"46,41 : 99.92"
"46,42 : 35.13"
"46,43 : 57.69"
"46,44 : 37.64"
"46,45 : 81.74"
"46,46 : 0.0"
"46,47 : 51.61"
"46,48 : 46.0"
"46,49 : 73.98"
"47,0 : 63.32"
"47,1 : 29.73"
"47,2 : 57.14"
"47,3 : 42.01"
"47,4 : 63.89"
"47,5 : 51.97"
"47,6 : 35.47"
"47,7 : 64.35"
"47,8 : 51.79"
"47,9 : 30.41"
"47,10 : 29.41"
"47,11 : 41.18"
"47,12 : 20.22"
"47,13 : 29.97"
"47,14 : 36.62"
"47,15 : 23.71"
"47,16 : 63.07"
"47,17 : 67.08"
"47,18 : 76.54"
"47,19 : 46.87"
"47,20 : 50.25"
"47,21 : 72.84"
"47,22 : 64.4"
"47,23 : 91.97"
"47,24 : 57.01"
"47,25 : 15.81"
"47,26 : 61.07"
"47,27 : 61.85"
"47,28 : 31.58"
"47,29 : 42.43"
"47,30 : 54.33"
"47,31 : 41.05"
"47,32 : 18.44"
"47,33 : 58.31"
"47,34 : 55.95"
"47,35 : 66.64"
"47,36 : 23.85"
"47,37 : 33.54"
"47,38 : 41.79"
"47,39 : 58.05"
"47,40 : 18.97"
"47,41 : 62.07"
"47,42 : 33.73"
"47,43 : 6.32"
"47,44 : 14.32"
"47,45 : 59.68"
"47,46 : 51.61"
"47,47 : 0.0"
"47,48 : 44.94"
"47,49 : 32.7"
"48,0 : 47.01"
"48,1 : 54.41"
"48,2 : 61.62"
"48,3 : 50.25"
"48,4 : 75.8"
"48,5 : 73.93"
"48,6 : 56.94"
"48,7 : 29.27"
"48,8 : 48.1"
"48,9 : 51.31"
"48,10 : 66.01"
"48,11 : 65.15"
"48,12 : 64.85"
"48,13 : 32.65"
"48,14 : 38.9"
"48,15 : 21.59"
"48,16 : 80.26"
"48,17 : 73.59"
"48,18 : 51.24"
"48,19 : 10.44"
"48,20 : 10.05"
"48,21 : 36.4"
"48,22 : 36.22"
"48,23 : 55.15"
"48,24 : 42.54"
"48,25 : 56.3"
"48,26 : 59.55"
"48,27 : 72.01"
"48,28 : 73.68"
"48,29 : 18.44"
"48,30 : 52.35"
"48,31 : 67.45"
"48,32 : 46.04"
"48,33 : 16.12"
"48,34 : 11.4"
"48,35 : 48.47"
"48,36 : 29.27"
"48,37 : 39.81"
"48,38 : 35.47"
"48,39 : 67.01"
"48,40 : 63.91"
"48,41 : 60.31"
"48,42 : 60.22"
"48,43 : 50.0"
"48,44 : 36.4"
"48,45 : 36.69"
"48,46 : 46.0"
"48,47 : 44.94"
"48,48 : 0.0"
"48,49 : 77.62"
"49,0 : 89.4"
"49,1 : 42.72"
"49,2 : 74.67"
"49,3 : 62.18"
"49,4 : 74.81"
"49,5 : 58.14"
"49,6 : 47.42"
"49,7 : 95.6"
"49,8 : 74.95"
"49,9 : 46.17"
"49,10 : 30.59"
"49,11 : 50.01"
"49,12 : 14.14"
"49,13 : 57.0"
"49,14 : 60.53"
"49,15 : 56.36"
"49,16 : 70.06"
"49,17 : 81.02"
"49,18 : 104.35"
"49,19 : 79.26"
"49,20 : 82.76"
"49,21 : 104.02"
"49,22 : 94.07"
"49,23 : 122.67"
"49,24 : 83.41"
"49,25 : 25.08"
"49,26 : 81.02"
"49,27 : 74.53"
"49,28 : 19.03"
"49,29 : 73.82"
"49,30 : 76.06"
"49,31 : 47.52"
"49,32 : 40.46"
"49,33 : 90.82"
"49,34 : 88.64"
"49,35 : 91.41"
"49,36 : 54.2"
"49,37 : 58.41"
"49,38 : 68.77"
"49,39 : 72.53"
"49,40 : 13.89"
"49,41 : 81.94"
"49,42 : 42.06"
"49,43 : 28.3"
"49,44 : 43.57"
"49,45 : 88.41"
"49,46 : 73.98"
"49,47 : 32.7"
"49,48 : 77.62"
"49,49 : 0.0"
