x,y
88,32
69,45
95,97
63,45
97,47
3,42
52,61
30,46
63,76
98,45
66,18
44,47
47,42
87,86
37,32
63,54
84,68
0,61
92,35
46,38
59,18
81,79
25,62
45,2
23,60
5,88
50,55
98,58
51,26
79,53
35,95
55,98
57,77
64,33
85,54
75,77
79,47
30,95
29,90
32,48
73,32
41,3
46,97
54,15
41,85
16,10
35,34
34,11
98,78
98,91

Distanze
"0,0 : 0.0"
"0,1 : 23.02"
"0,2 : 65.38"
"0,3 : 28.18"
"0,4 : 17.49"
"0,5 : 85.59"
"0,6 : 46.23"
"0,7 : 59.67"
"0,8 : 50.61"
"0,9 : 16.4"
"0,10 : 26.08"
"0,11 : 46.49"
"0,12 : 42.2"
"0,13 : 54.01"
"0,14 : 51.0"
"0,15 : 33.3"
"0,16 : 36.22"
"0,17 : 92.66"
"0,18 : 5.0"
"0,19 : 42.43"
"0,20 : 32.2"
"0,21 : 47.52"
"0,22 : 69.78"
"0,23 : 52.43"
"0,24 : 70.77"
"0,25 : 100.12"
"0,26 : 44.42"
"0,27 : 27.86"
"0,28 : 37.48"
"0,29 : 22.85"
"0,30 : 82.33"
"0,31 : 73.79"
"0,32 : 54.64"
"0,33 : 24.02"
"0,34 : 22.2"
"0,35 : 46.84"
"0,36 : 17.49"
"0,37 : 85.63"
"0,38 : 82.73"
"0,39 : 58.24"
"0,40 : 15.0"
"0,41 : 55.23"
"0,42 : 77.39"
"0,43 : 38.01"
"0,44 : 70.84"
"0,45 : 75.29"
"0,46 : 53.04"
"0,47 : 57.94"
"0,48 : 47.07"
"0,49 : 59.84"
"1,0 : 23.02"
"1,1 : 0.0"
"1,2 : 58.14"
"1,3 : 6.0"
"1,4 : 28.07"
"1,5 : 66.07"
"1,6 : 23.35"
"1,7 : 39.01"
"1,8 : 31.58"
"1,9 : 29.0"
"1,10 : 27.17"
"1,11 : 25.08"
"1,12 : 22.2"
"1,13 : 44.78"
"1,14 : 34.54"
"1,15 : 10.82"
"1,16 : 27.46"
"1,17 : 70.83"
"1,18 : 25.08"
"1,19 : 24.04"
"1,20 : 28.79"
"1,21 : 36.06"
"1,22 : 47.17"
"1,23 : 49.24"
"1,24 : 48.38"
"1,25 : 77.1"
"1,26 : 21.47"
"1,27 : 31.78"
"1,28 : 26.17"
"1,29 : 12.81"
"1,30 : 60.46"
"1,31 : 54.82"
"1,32 : 34.18"
"1,33 : 13.0"
"1,34 : 18.36"
"1,35 : 32.56"
"1,36 : 10.2"
"1,37 : 63.41"
"1,38 : 60.21"
"1,39 : 37.12"
"1,40 : 13.6"
"1,41 : 50.48"
"1,42 : 56.86"
"1,43 : 33.54"
"1,44 : 48.83"
"1,45 : 63.51"
"1,46 : 35.74"
"1,47 : 48.8"
"1,48 : 43.93"
"1,49 : 54.38"
"2,0 : 65.38"
"2,1 : 58.14"
"2,2 : 0.0"
"2,3 : 61.06"
"2,4 : 50.04"
"2,5 : 107.19"
"2,6 : 56.08"
"2,7 : 82.62"
"2,8 : 38.28"
"2,9 : 52.09"
"2,10 : 84.15"
"2,11 : 71.42"
"2,12 : 73.0"
"2,13 : 13.6"
"2,14 : 87.11"
"2,15 : 53.6"
"2,16 : 31.02"
"2,17 : 101.59"
"2,18 : 62.07"
"2,19 : 76.69"
"2,20 : 86.82"
"2,21 : 22.8"
"2,22 : 78.26"
"2,23 : 107.35"
"2,24 : 80.95"
"2,25 : 90.45"
"2,26 : 61.55"
"2,27 : 39.12"
"2,28 : 83.53"
"2,29 : 46.82"
"2,30 : 60.03"
"2,31 : 40.01"
"2,32 : 42.94"
"2,33 : 71.11"
"2,34 : 44.15"
"2,35 : 28.28"
"2,36 : 52.5"
"2,37 : 65.03"
"2,38 : 66.37"
"2,39 : 79.81"
"2,40 : 68.62"
"2,41 : 108.41"
"2,42 : 49.0"
"2,43 : 91.68"
"2,44 : 55.32"
"2,45 : 117.52"
"2,46 : 87.0"
"2,47 : 105.44"
"2,48 : 19.24"
"2,49 : 6.71"
"3,0 : 28.18"
"3,1 : 6.0"
"3,2 : 61.06"
"3,3 : 0.0"
"3,4 : 34.06"
"3,5 : 60.07"
"3,6 : 19.42"
"3,7 : 33.02"
"3,8 : 31.0"
"3,9 : 35.0"
"3,10 : 27.17"
"3,11 : 19.1"
"3,12 : 16.28"
"3,13 : 47.51"
"3,14 : 29.07"
"3,15 : 9.0"
"3,16 : 31.14"
"3,17 : 65.0"
"3,18 : 30.68"
"3,19 : 18.38"
"3,20 : 27.29"
"3,21 : 38.47"
"3,22 : 41.63"
"3,23 : 46.62"
"3,24 : 42.72"
"3,25 : 72.2"
"3,26 : 16.4"
"3,27 : 37.34"
"3,28 : 22.47"
"3,29 : 17.89"
"3,30 : 57.31"
"3,31 : 53.6"
"3,32 : 32.56"
"3,33 : 12.04"
"3,34 : 23.77"
"3,35 : 34.18"
"3,36 : 16.12"
"3,37 : 59.91"
"3,38 : 56.4"
"3,39 : 31.14"
"3,40 : 16.4"
"3,41 : 47.41"
"3,42 : 54.71"
"3,43 : 31.32"
"3,44 : 45.65"
"3,45 : 58.6"
"3,46 : 30.08"
"3,47 : 44.69"
"3,48 : 48.1"
"3,49 : 57.8"
"4,0 : 17.49"
"4,1 : 28.07"
"4,2 : 50.04"
"4,3 : 34.06"
"4,4 : 0.0"
"4,5 : 94.13"
"4,6 : 47.13"
"4,7 : 67.01"
"4,8 : 44.69"
"4,9 : 2.24"
"4,10 : 42.45"
"4,11 : 53.0"
"4,12 : 50.25"
"4,13 : 40.26"
"4,14 : 61.85"
"4,15 : 34.71"
"4,16 : 24.7"
"4,17 : 98.01"
"4,18 : 13.0"
"4,19 : 51.79"
"4,20 : 47.8"
"4,21 : 35.78"
"4,22 : 73.55"
"4,23 : 68.77"
"4,24 : 75.13"
"4,25 : 100.72"
"4,26 : 47.68"
"4,27 : 11.05"
"4,28 : 50.57"
"4,29 : 18.97"
"4,30 : 78.41"
"4,31 : 66.07"
"4,32 : 50.0"
"4,33 : 35.85"
"4,34 : 13.89"
"4,35 : 37.2"
"4,36 : 18.0"
"4,37 : 82.42"
"4,38 : 80.45"
"4,39 : 65.01"
"4,40 : 28.3"
"4,41 : 71.22"
"4,42 : 71.42"
"4,43 : 53.6"
"4,44 : 67.68"
"4,45 : 89.05"
"4,46 : 63.35"
"4,47 : 72.56"
"4,48 : 31.02"
"4,49 : 44.01"
"5,0 : 85.59"
"5,1 : 66.07"
"5,2 : 107.19"
"5,3 : 60.07"
"5,4 : 94.13"
"5,5 : 0.0"
"5,6 : 52.55"
"5,7 : 27.29"
"5,8 : 68.96"
"5,9 : 95.05"
"5,10 : 67.42"
"5,11 : 41.3"
"5,12 : 44.0"
"5,13 : 94.83"
"5,14 : 35.44"
"5,15 : 61.19"
"5,16 : 85.07"
"5,17 : 19.24"
"5,18 : 89.27"
"5,19 : 43.19"
"5,20 : 60.93"
"5,21 : 86.33"
"5,22 : 29.73"
"5,23 : 58.0"
"5,24 : 26.91"
"5,25 : 46.04"
"5,26 : 48.76"
"5,27 : 96.34"
"5,28 : 50.6"
"5,29 : 76.79"
"5,30 : 61.91"
"5,31 : 76.42"
"5,32 : 64.35"
"5,33 : 61.66"
"5,34 : 82.87"
"5,35 : 80.06"
"5,36 : 76.16"
"5,37 : 59.48"
"5,38 : 54.59"
"5,39 : 29.61"
"5,40 : 70.71"
"5,41 : 54.45"
"5,42 : 69.81"
"5,43 : 57.71"
"5,44 : 57.38"
"5,45 : 34.54"
"5,46 : 32.98"
"5,47 : 43.84"
"5,48 : 101.59"
"5,49 : 106.89"
"6,0 : 46.23"
"6,1 : 23.35"
"6,2 : 56.08"
"6,3 : 19.42"
"6,4 : 47.13"
"6,5 : 52.55"
"6,6 : 0.0"
"6,7 : 26.63"
"6,8 : 18.6"
"6,9 : 48.7"
"6,10 : 45.22"
"6,11 : 16.12"
"6,12 : 19.65"
"6,13 : 43.01"
"6,14 : 32.65"
"6,15 : 13.04"
"6,16 : 32.76"
"6,17 : 52.0"
"6,18 : 47.71"
"6,19 : 23.77"
"6,20 : 43.57"
"6,21 : 34.13"
"6,22 : 27.02"
"6,23 : 59.41"
"6,24 : 29.02"
"6,25 : 54.2"
"6,26 : 6.32"
"6,27 : 46.1"
"6,28 : 35.01"
"6,29 : 28.16"
"6,30 : 38.01"
"6,31 : 37.12"
"6,32 : 16.76"
"6,33 : 30.46"
"6,34 : 33.73"
"6,35 : 28.02"
"6,36 : 30.41"
"6,37 : 40.5"
"6,38 : 37.01"
"6,39 : 23.85"
"6,40 : 35.81"
"6,41 : 59.03"
"6,42 : 36.5"
"6,43 : 46.04"
"6,44 : 26.4"
"6,45 : 62.43"
"6,46 : 31.91"
"6,47 : 53.14"
"6,48 : 49.04"
"6,49 : 54.92"
"7,0 : 59.67"
"7,1 : 39.01"
"7,2 : 82.62"
"7,3 : 33.02"
"7,4 : 67.01"
"7,5 : 27.29"
"7,6 : 26.63"
"7,7 : 0.0"
"7,8 : 44.6"
"7,9 : 68.01"
"7,10 : 45.61"
"7,11 : 14.04"
"7,12 : 17.46"
"7,13 : 69.63"
"7,14 : 15.65"
"7,15 : 33.96"
"7,16 : 58.31"
"7,17 : 33.54"
"7,18 : 62.97"
"7,19 : 17.89"
"7,20 : 40.31"
"7,21 : 60.75"
"7,22 : 16.76"
"7,23 : 46.49"
"7,24 : 15.65"
"7,25 : 48.88"
"7,26 : 21.93"
"7,27 : 69.05"
"7,28 : 29.0"
"7,29 : 49.5"
"7,30 : 49.25"
"7,31 : 57.7"
"7,32 : 41.11"
"7,33 : 36.4"
"7,34 : 55.58"
"7,35 : 54.64"
"7,36 : 49.01"
"7,37 : 49.0"
"7,38 : 44.01"
"7,39 : 2.83"
"7,40 : 45.22"
"7,41 : 44.38"
"7,42 : 53.45"
"7,43 : 39.2"
"7,44 : 40.52"
"7,45 : 38.63"
"7,46 : 13.0"
"7,47 : 35.23"
"7,48 : 75.15"
"7,49 : 81.54"
"8,0 : 50.61"
"8,1 : 31.58"
"8,2 : 38.28"
"8,3 : 31.0"
"8,4 : 44.69"
"8,5 : 68.96"
"8,6 : 18.6"
"8,7 : 44.6"
"8,8 : 0.0"
"8,9 : 46.75"
"8,10 : 58.08"
"8,11 : 34.67"
"8,12 : 37.58"
"8,13 : 26.0"
"8,14 : 51.11"
"8,15 : 22.0"
"8,16 : 22.47"
"8,17 : 64.76"
"8,18 : 50.22"
"8,19 : 41.63"
"8,20 : 58.14"
"8,21 : 18.25"
"8,22 : 40.5"
"8,23 : 76.16"
"8,24 : 43.08"
"8,25 : 59.23"
"8,26 : 24.7"
"8,27 : 39.36"
"8,28 : 51.42"
"8,29 : 28.02"
"8,30 : 33.84"
"8,31 : 23.41"
"8,32 : 6.08"
"8,33 : 43.01"
"8,34 : 31.11"
"8,35 : 12.04"
"8,36 : 33.12"
"8,37 : 38.08"
"8,38 : 36.77"
"8,39 : 41.77"
"8,40 : 45.12"
"8,41 : 76.24"
"8,42 : 27.02"
"8,43 : 61.66"
"8,44 : 23.77"
"8,45 : 81.02"
"8,46 : 50.48"
"8,47 : 71.18"
"8,48 : 35.06"
"8,49 : 38.08"
"9,0 : 16.4"
"9,1 : 29.0"
"9,2 : 52.09"
"9,3 : 35.0"
"9,4 : 2.24"
"9,5 : 95.05"
"9,6 : 48.7"
"9,7 : 68.01"
"9,8 : 46.75"
"9,9 : 0.0"
"9,10 : 41.87"
"9,11 : 54.04"
"9,12 : 51.09"
"9,13 : 42.45"
"9,14 : 62.37"
"9,15 : 36.14"
"9,16 : 26.93"
"9,17 : 99.3"
"9,18 : 11.66"
"9,19 : 52.47"
"9,20 : 47.43"
"9,21 : 38.01"
"9,22 : 74.95"
"9,23 : 68.25"
"9,24 : 76.49"
"9,25 : 102.46"
"9,26 : 49.03"
"9,27 : 13.0"
"9,28 : 50.7"
"9,29 : 20.62"
"9,30 : 80.43"
"9,31 : 68.25"
"9,32 : 52.01"
"9,33 : 36.06"
"9,34 : 15.81"
"9,35 : 39.41"
"9,36 : 19.1"
"9,37 : 84.4"
"9,38 : 82.38"
"9,39 : 66.07"
"9,40 : 28.18"
"9,41 : 70.8"
"9,42 : 73.54"
"9,43 : 53.25"
"9,44 : 69.63"
"9,45 : 89.16"
"9,46 : 63.95"
"9,47 : 72.47"
"9,48 : 33.0"
"9,49 : 46.0"
"10,0 : 26.08"
"10,1 : 27.17"
"10,2 : 84.15"
"10,3 : 27.17"
"10,4 : 42.45"
"10,5 : 67.42"
"10,6 : 45.22"
"10,7 : 45.61"
"10,8 : 58.08"
"10,9 : 41.87"
"10,10 : 0.0"
"10,11 : 36.4"
"10,12 : 30.61"
"10,13 : 71.17"
"10,14 : 32.2"
"10,15 : 36.12"
"10,16 : 53.14"
"10,17 : 78.77"
"10,18 : 31.06"
"10,19 : 28.28"
"10,20 : 7.0"
"10,21 : 62.82"
"10,22 : 60.14"
"10,23 : 26.4"
"10,24 : 60.11"
"10,25 : 92.85"
"10,26 : 40.31"
"10,27 : 51.22"
"10,28 : 17.0"
"10,29 : 37.34"
"10,30 : 83.01"
"10,31 : 80.75"
"10,32 : 59.68"
"10,33 : 15.13"
"10,34 : 40.71"
"10,35 : 59.68"
"10,36 : 31.78"
"10,37 : 85.0"
"10,38 : 80.95"
"10,39 : 45.34"
"10,40 : 15.65"
"10,41 : 29.15"
"10,42 : 81.49"
"10,43 : 12.37"
"10,44 : 71.51"
"10,45 : 50.64"
"10,46 : 34.89"
"10,47 : 32.76"
"10,48 : 68.0"
"10,49 : 79.71"
"11,0 : 46.49"
"11,1 : 25.08"
"11,2 : 71.42"
"11,3 : 19.1"
"11,4 : 53.0"
"11,5 : 41.3"
"11,6 : 16.12"
"11,7 : 14.04"
"11,8 : 34.67"
"11,9 : 54.04"
"11,10 : 36.4"
"11,11 : 0.0"
"11,12 : 5.83"
"11,13 : 58.05"
"11,14 : 16.55"
"11,15 : 20.25"
"11,16 : 45.18"
"11,17 : 46.17"
"11,18 : 49.48"
"11,19 : 9.22"
"11,20 : 32.65"
"11,21 : 48.92"
"11,22 : 24.21"
"11,23 : 45.01"
"11,24 : 24.7"
"11,25 : 56.59"
"11,26 : 10.0"
"11,27 : 55.11"
"11,28 : 22.14"
"11,29 : 35.51"
"11,30 : 48.84"
"11,31 : 52.17"
"11,32 : 32.7"
"11,33 : 24.41"
"11,34 : 41.59"
"11,35 : 43.14"
"11,36 : 35.0"
"11,37 : 50.0"
"11,38 : 45.54"
"11,39 : 12.04"
"11,40 : 32.65"
"11,41 : 44.1"
"11,42 : 50.04"
"11,43 : 33.53"
"11,44 : 38.12"
"11,45 : 46.4"
"11,46 : 15.81"
"11,47 : 37.36"
"11,48 : 62.27"
"11,49 : 69.66"
"12,0 : 42.2"
"12,1 : 22.2"
"12,2 : 73.0"
"12,3 : 16.28"
"12,4 : 50.25"
"12,5 : 44.0"
"12,6 : 19.65"
"12,7 : 17.46"
"12,8 : 37.58"
"12,9 : 51.09"
"12,10 : 30.61"
"12,11 : 5.83"
"12,12 : 0.0"
"12,13 : 59.46"
"12,14 : 14.14"
"12,15 : 20.0"
"12,16 : 45.22"
"12,17 : 50.7"
"12,18 : 45.54"
"12,19 : 4.12"
"12,20 : 26.83"
"12,21 : 50.25"
"12,22 : 29.73"
"12,23 : 40.05"
"12,24 : 30.0"
"12,25 : 62.29"
"12,26 : 13.34"
"12,27 : 53.45"
"12,28 : 16.49"
"12,29 : 33.84"
"12,30 : 54.34"
"12,31 : 56.57"
"12,32 : 36.4"
"12,33 : 19.24"
"12,34 : 39.85"
"12,35 : 44.82"
"12,36 : 32.39"
"12,37 : 55.66"
"12,38 : 51.26"
"12,39 : 16.16"
"12,40 : 27.86"
"12,41 : 39.46"
"12,42 : 55.01"
"12,43 : 27.89"
"12,44 : 43.42"
"12,45 : 44.55"
"12,46 : 14.42"
"12,47 : 33.62"
"12,48 : 62.43"
"12,49 : 70.72"
"13,0 : 54.01"
"13,1 : 44.78"
"13,2 : 13.6"
"13,3 : 47.51"
"13,4 : 40.26"
"13,5 : 94.83"
"13,6 : 43.01"
"13,7 : 69.63"
"13,8 : 26.0"
"13,9 : 42.45"
"13,10 : 71.17"
"13,11 : 58.05"
"13,12 : 59.46"
"13,13 : 0.0"
"13,14 : 73.59"
"13,15 : 40.0"
"13,16 : 18.25"
"13,17 : 90.52"
"13,18 : 51.24"
"13,19 : 63.13"
"13,20 : 73.54"
"13,21 : 9.22"
"13,22 : 66.48"
"13,23 : 93.91"
"13,24 : 69.08"
"13,25 : 82.02"
"13,26 : 48.27"
"13,27 : 30.08"
"13,28 : 69.97"
"13,29 : 33.96"
"13,30 : 52.77"
"13,31 : 34.18"
"13,32 : 31.32"
"13,33 : 57.78"
"13,34 : 32.06"
"13,35 : 15.0"
"13,36 : 39.81"
"13,37 : 57.71"
"13,38 : 58.14"
"13,39 : 66.85"
"13,40 : 55.79"
"13,41 : 94.89"
"13,42 : 42.45"
"13,43 : 78.29"
"13,44 : 46.01"
"13,45 : 104.0"
"13,46 : 73.54"
"13,47 : 91.84"
"13,48 : 13.6"
"13,49 : 12.08"
"14,0 : 51.0"
"14,1 : 34.54"
"14,2 : 87.11"
"14,3 : 29.07"
"14,4 : 61.85"
"14,5 : 35.44"
"14,6 : 32.65"
"14,7 : 15.65"
"14,8 : 51.11"
"14,9 : 62.37"
"14,10 : 32.2"
"14,11 : 16.55"
"14,12 : 14.14"
"14,13 : 73.59"
"14,14 : 0.0"
"14,15 : 34.06"
"14,16 : 59.2"
"14,17 : 47.01"
"14,18 : 55.08"
"14,19 : 10.82"
"14,20 : 26.08"
"14,21 : 64.38"
"14,22 : 32.31"
"14,23 : 31.05"
"14,24 : 31.3"
"14,25 : 64.5"
"14,26 : 26.42"
"14,27 : 66.31"
"14,28 : 15.23"
"14,29 : 46.96"
"14,30 : 63.03"
"14,31 : 68.41"
"14,32 : 49.24"
"14,33 : 27.02"
"14,34 : 52.8"
"14,35 : 58.9"
"14,36 : 44.6"
"14,37 : 63.39"
"14,38 : 58.55"
"14,39 : 16.76"
"14,40 : 36.0"
"14,41 : 29.27"
"14,42 : 65.62"
"14,43 : 24.04"
"14,44 : 53.15"
"14,45 : 30.41"
"14,46 : 2.83"
"14,47 : 21.21"
"14,48 : 76.4"
"14,49 : 84.86"
"15,0 : 33.3"
"15,1 : 10.82"
"15,2 : 53.6"
"15,3 : 9.0"
"15,4 : 34.71"
"15,5 : 61.19"
"15,6 : 13.04"
"15,7 : 33.96"
"15,8 : 22.0"
"15,9 : 36.14"
"15,10 : 36.12"
"15,11 : 20.25"
"15,12 : 20.0"
"15,13 : 40.0"
"15,14 : 34.06"
"15,15 : 0.0"
"15,16 : 25.24"
"15,17 : 63.39"
"15,18 : 34.67"
"15,19 : 23.35"
"15,20 : 36.22"
"15,21 : 30.81"
"15,22 : 38.83"
"15,23 : 55.03"
"15,24 : 40.45"
"15,25 : 67.23"
"15,26 : 13.04"
"15,27 : 35.23"
"15,28 : 30.46"
"15,29 : 16.03"
"15,30 : 49.65"
"15,31 : 44.72"
"15,32 : 23.77"
"15,33 : 21.02"
"15,34 : 22.0"
"15,35 : 25.94"
"15,36 : 17.46"
"15,37 : 52.63"
"15,38 : 49.52"
"15,39 : 31.58"
"15,40 : 24.17"
"15,41 : 55.54"
"15,42 : 46.24"
"15,43 : 40.02"
"15,44 : 38.01"
"15,45 : 64.38"
"15,46 : 34.41"
"15,47 : 51.87"
"15,48 : 42.44"
"15,49 : 50.93"
"16,0 : 36.22"
"16,1 : 27.46"
"16,2 : 31.02"
"16,3 : 31.14"
"16,4 : 24.7"
"16,5 : 85.07"
"16,6 : 32.76"
"16,7 : 58.31"
"16,8 : 22.47"
"16,9 : 26.93"
"16,10 : 53.14"
"16,11 : 45.18"
"16,12 : 45.22"
"16,13 : 18.25"
"16,14 : 59.2"
"16,15 : 25.24"
"16,16 : 0.0"
"16,17 : 84.29"
"16,18 : 33.96"
"16,19 : 48.41"
"16,20 : 55.9"
"16,21 : 11.4"
"16,22 : 59.3"
"16,23 : 76.66"
"16,24 : 61.52"
"16,25 : 81.49"
"16,26 : 36.4"
"16,27 : 17.2"
"16,28 : 53.41"
"16,29 : 15.81"
"16,30 : 55.95"
"16,31 : 41.73"
"16,32 : 28.46"
"16,33 : 40.31"
"16,34 : 14.04"
"16,35 : 12.73"
"16,36 : 21.59"
"16,37 : 60.37"
"16,38 : 59.24"
"16,39 : 55.71"
"16,40 : 37.64"
"16,41 : 77.94"
"16,42 : 47.8"
"16,43 : 60.9"
"16,44 : 46.24"
"16,45 : 89.38"
"16,46 : 59.64"
"16,47 : 75.82"
"16,48 : 17.2"
"16,49 : 26.93"
"17,0 : 92.66"
"17,1 : 70.83"
"17,2 : 101.59"
"17,3 : 65.0"
"17,4 : 98.01"
"17,5 : 19.24"
"17,6 : 52.0"
"17,7 : 33.54"
"17,8 : 64.76"
"17,9 : 99.3"
"17,10 : 78.77"
"17,11 : 46.17"
"17,12 : 50.7"
"17,13 : 90.52"
"17,14 : 47.01"
"17,15 : 63.39"
"17,16 : 84.29"
"17,17 : 0.0"
"17,18 : 95.6"
"17,19 : 51.43"
"17,20 : 73.01"
"17,21 : 82.98"
"17,22 : 25.02"
"17,23 : 74.2"
"17,24 : 23.02"
"17,25 : 27.46"
"17,26 : 50.36"
"17,27 : 98.05"
"17,28 : 61.85"
"17,29 : 79.4"
"17,30 : 48.8"
"17,31 : 66.29"
"17,32 : 59.2"
"17,33 : 69.86"
"17,34 : 85.29"
"17,35 : 76.69"
"17,36 : 80.23"
"17,37 : 45.34"
"17,38 : 41.01"
"17,39 : 34.54"
"17,40 : 78.55"
"17,41 : 71.03"
"17,42 : 58.41"
"17,43 : 70.94"
"17,44 : 47.51"
"17,45 : 53.45"
"17,46 : 44.2"
"17,47 : 60.46"
"17,48 : 99.46"
"17,49 : 102.49"
"18,0 : 5.0"
"18,1 : 25.08"
"18,2 : 62.07"
"18,3 : 30.68"
"18,4 : 13.0"
"18,5 : 89.27"
"18,6 : 47.71"
"18,7 : 62.97"
"18,8 : 50.22"
"18,9 : 11.66"
"18,10 : 31.06"
"18,11 : 49.48"
"18,12 : 45.54"
"18,13 : 51.24"
"18,14 : 55.08"
"18,15 : 34.67"
"18,16 : 33.96"
"18,17 : 95.6"
"18,18 : 0.0"
"18,19 : 46.1"
"18,20 : 37.12"
"18,21 : 45.35"
"18,22 : 72.24"
"18,23 : 57.43"
"18,24 : 73.39"
"18,25 : 101.87"
"18,26 : 46.52"
"18,27 : 23.77"
"18,28 : 41.98"
"18,29 : 22.2"
"18,30 : 82.76"
"18,31 : 73.06"
"18,32 : 54.67"
"18,33 : 28.07"
"18,34 : 20.25"
"18,35 : 45.31"
"18,36 : 17.69"
"18,37 : 86.28"
"18,38 : 83.63"
"18,39 : 61.39"
"18,40 : 19.24"
"18,41 : 60.21"
"18,42 : 77.2"
"18,43 : 42.94"
"18,44 : 71.42"
"18,45 : 80.01"
"18,46 : 57.01"
"18,47 : 62.77"
"18,48 : 43.42"
"18,49 : 56.32"
"19,0 : 42.43"
"19,1 : 24.04"
"19,2 : 76.69"
"19,3 : 18.38"
"19,4 : 51.79"
"19,5 : 43.19"
"19,6 : 23.77"
"19,7 : 17.89"
"19,8 : 41.63"
"19,9 : 52.47"
"19,10 : 28.28"
"19,11 : 9.22"
"19,12 : 4.12"
"19,13 : 63.13"
"19,14 : 10.82"
"19,15 : 23.35"
"19,16 : 48.41"
"19,17 : 51.43"
"19,18 : 46.1"
"19,19 : 0.0"
"19,20 : 23.85"
"19,21 : 53.91"
"19,22 : 31.89"
"19,23 : 36.01"
"19,24 : 31.83"
"19,25 : 64.66"
"19,26 : 17.46"
"19,27 : 55.71"
"19,28 : 13.0"
"19,29 : 36.25"
"19,30 : 58.05"
"19,31 : 60.67"
"19,32 : 40.52"
"19,33 : 18.68"
"19,34 : 42.15"
"19,35 : 48.6"
"19,36 : 34.21"
"19,37 : 59.2"
"19,38 : 54.71"
"19,39 : 17.2"
"19,40 : 27.66"
"19,41 : 35.36"
"19,42 : 59.0"
"19,43 : 24.35"
"19,44 : 47.27"
"19,45 : 41.04"
"19,46 : 11.7"
"19,47 : 29.55"
"19,48 : 65.6"
"19,49 : 74.25"
"20,0 : 32.2"
"20,1 : 28.79"
"20,2 : 86.82"
"20,3 : 27.29"
"20,4 : 47.8"
"20,5 : 60.93"
"20,6 : 43.57"
"20,7 : 40.31"
"20,8 : 58.14"
"20,9 : 47.43"
"20,10 : 7.0"
"20,11 : 32.65"
"20,12 : 26.83"
"20,13 : 73.54"
"20,14 : 26.08"
"20,15 : 36.22"
"20,16 : 55.9"
"20,17 : 73.01"
"20,18 : 37.12"
"20,19 : 23.85"
"20,20 : 0.0"
"20,21 : 64.85"
"20,22 : 55.61"
"20,23 : 21.26"
"20,24 : 55.32"
"20,25 : 88.41"
"20,26 : 38.08"
"20,27 : 55.87"
"20,28 : 11.31"
"20,29 : 40.31"
"20,30 : 80.65"
"20,31 : 80.1"
"20,32 : 59.03"
"20,33 : 15.81"
"20,34 : 44.41"
"20,35 : 61.13"
"20,36 : 35.23"
"20,37 : 82.28"
"20,38 : 78.0"
"20,39 : 40.36"
"20,40 : 19.8"
"20,41 : 23.43"
"20,42 : 80.06"
"20,43 : 5.83"
"20,44 : 69.38"
"20,45 : 43.74"
"20,46 : 28.84"
"20,47 : 25.96"
"20,48 : 71.56"
"20,49 : 82.76"
"21,0 : 47.52"
"21,1 : 36.06"
"21,2 : 22.8"
"21,3 : 38.47"
"21,4 : 35.78"
"21,5 : 86.33"
"21,6 : 34.13"
"21,7 : 60.75"
"21,8 : 18.25"
"21,9 : 38.01"
"21,10 : 62.82"
"21,11 : 48.92"
"21,12 : 50.25"
"21,13 : 9.22"
"21,14 : 64.38"
"21,15 : 30.81"
"21,16 : 11.4"
"21,17 : 82.98"
"21,18 : 45.35"
"21,19 : 53.91"
"21,20 : 64.85"
"21,21 : 0.0"
"21,22 : 58.52"
"21,23 : 85.0"
"21,24 : 61.03"
"21,25 : 76.53"
"21,26 : 39.2"
"21,27 : 27.02"
"21,28 : 60.9"
"21,29 : 26.08"
"21,30 : 48.7"
"21,31 : 32.2"
"21,32 : 24.08"
"21,33 : 49.04"
"21,34 : 25.32"
"21,35 : 6.32"
"21,36 : 32.06"
"21,37 : 53.45"
"21,38 : 53.15"
"21,39 : 57.98"
"21,40 : 47.68"
"21,41 : 85.88"
"21,42 : 39.36"
"21,43 : 69.46"
"21,44 : 40.45"
"21,45 : 94.79"
"21,46 : 64.35"
"21,47 : 82.66"
"21,48 : 17.03"
"21,49 : 20.81"
"22,0 : 69.78"
"22,1 : 47.17"
"22,2 : 78.26"
"22,3 : 41.63"
"22,4 : 73.55"
"22,5 : 29.73"
"22,6 : 27.02"
"22,7 : 16.76"
"22,8 : 40.5"
"22,9 : 74.95"
"22,10 : 60.14"
"22,11 : 24.21"
"22,12 : 29.73"
"22,13 : 66.48"
"22,14 : 32.31"
"22,15 : 38.83"
"22,16 : 59.3"
"22,17 : 25.02"
"22,18 : 72.24"
"22,19 : 31.89"
"22,20 : 55.61"
"22,21 : 58.52"
"22,22 : 0.0"
"22,23 : 63.25"
"22,24 : 2.83"
"22,25 : 32.8"
"22,26 : 25.96"
"22,27 : 73.11"
"22,28 : 44.41"
"22,29 : 54.74"
"22,30 : 34.48"
"22,31 : 46.86"
"22,32 : 35.34"
"22,33 : 48.6"
"22,34 : 60.53"
"22,35 : 52.2"
"22,36 : 56.04"
"22,37 : 33.38"
"22,38 : 28.28"
"22,39 : 15.65"
"22,40 : 56.6"
"22,41 : 61.13"
"22,42 : 40.82"
"22,43 : 55.23"
"22,44 : 28.02"
"22,45 : 52.77"
"22,46 : 29.73"
"22,47 : 51.79"
"22,48 : 74.73"
"22,49 : 78.55"
"23,0 : 52.43"
"23,1 : 49.24"
"23,2 : 107.35"
"23,3 : 46.62"
"23,4 : 68.77"
"23,5 : 58.0"
"23,6 : 59.41"
"23,7 : 46.49"
"23,8 : 76.16"
"23,9 : 68.25"
"23,10 : 26.4"
"23,11 : 45.01"
"23,12 : 40.05"
"23,13 : 93.91"
"23,14 : 31.05"
"23,15 : 55.03"
"23,16 : 76.66"
"23,17 : 74.2"
"23,18 : 57.43"
"23,19 : 36.01"
"23,20 : 21.26"
"23,21 : 85.0"
"23,22 : 63.25"
"23,23 : 0.0"
"23,24 : 62.03"
"23,25 : 94.85"
"23,26 : 53.24"
"23,27 : 77.1"
"23,28 : 24.74"
"23,29 : 61.29"
"23,30 : 93.54"
"23,31 : 96.52"
"23,32 : 75.95"
"23,33 : 36.36"
"23,34 : 65.6"
"23,35 : 80.78"
"23,36 : 56.4"
"23,37 : 94.2"
"23,38 : 89.44"
"23,39 : 47.8"
"23,40 : 41.04"
"23,41 : 4.12"
"23,42 : 95.01"
"23,43 : 15.81"
"23,44 : 83.1"
"23,45 : 30.08"
"23,46 : 33.53"
"23,47 : 14.21"
"23,48 : 92.66"
"23,49 : 103.59"
"24,0 : 70.77"
"24,1 : 48.38"
"24,2 : 80.95"
"24,3 : 42.72"
"24,4 : 75.13"
"24,5 : 26.91"
"24,6 : 29.02"
"24,7 : 15.65"
"24,8 : 43.08"
"24,9 : 76.49"
"24,10 : 60.11"
"24,11 : 24.7"
"24,12 : 30.0"
"24,13 : 69.08"
"24,14 : 31.3"
"24,15 : 40.45"
"24,16 : 61.52"
"24,17 : 23.02"
"24,18 : 73.39"
"24,19 : 31.83"
"24,20 : 55.32"
"24,21 : 61.03"
"24,22 : 2.83"
"24,23 : 62.03"
"24,24 : 0.0"
"24,25 : 33.29"
"24,26 : 27.46"
"24,27 : 75.03"
"24,28 : 44.05"
"24,29 : 56.44"
"24,30 : 37.0"
"24,31 : 49.68"
"24,32 : 38.01"
"24,33 : 49.09"
"24,34 : 62.29"
"24,35 : 54.71"
"24,36 : 57.49"
"24,37 : 35.69"
"24,38 : 30.59"
"24,39 : 15.0"
"24,40 : 57.31"
"24,41 : 59.77"
"24,42 : 43.57"
"24,43 : 54.64"
"24,44 : 30.81"
"24,45 : 50.49"
"24,46 : 28.64"
"24,47 : 50.22"
"24,48 : 77.13"
"24,49 : 81.15"
"25,0 : 100.12"
"25,1 : 77.1"
"25,2 : 90.45"
"25,3 : 72.2"
"25,4 : 100.72"
"25,5 : 46.04"
"25,6 : 54.2"
"25,7 : 48.88"
"25,8 : 59.23"
"25,9 : 102.46"
"25,10 : 92.85"
"25,11 : 56.59"
"25,12 : 62.29"
"25,13 : 82.02"
"25,14 : 64.5"
"25,15 : 67.23"
"25,16 : 81.49"
"25,17 : 27.46"
"25,18 : 101.87"
"25,19 : 64.66"
"25,20 : 88.41"
"25,21 : 76.53"
"25,22 : 32.8"
"25,23 : 94.85"
"25,24 : 33.29"
"25,25 : 0.0"
"25,26 : 55.8"
"25,27 : 97.72"
"25,28 : 77.2"
"25,29 : 81.86"
"25,30 : 30.81"
"25,31 : 50.99"
"25,32 : 53.15"
"25,33 : 80.66"
"25,34 : 86.93"
"25,35 : 70.86"
"25,36 : 84.6"
"25,37 : 25.96"
"25,38 : 24.08"
"25,39 : 48.26"
"25,40 : 88.09"
"25,41 : 92.31"
"25,42 : 41.98"
"25,43 : 87.92"
"25,44 : 36.12"
"25,45 : 78.77"
"25,46 : 61.77"
"25,47 : 82.28"
"25,48 : 93.54"
"25,49 : 93.05"
"26,0 : 44.42"
"26,1 : 21.47"
"26,2 : 61.55"
"26,3 : 16.4"
"26,4 : 47.68"
"26,5 : 48.76"
"26,6 : 6.32"
"26,7 : 21.93"
"26,8 : 24.7"
"26,9 : 49.03"
"26,10 : 40.31"
"26,11 : 10.0"
"26,12 : 13.34"
"26,13 : 48.27"
"26,14 : 26.42"
"26,15 : 13.04"
"26,16 : 36.4"
"26,17 : 50.36"
"26,18 : 46.52"
"26,19 : 17.46"
"26,20 : 38.08"
"26,21 : 39.2"
"26,22 : 25.96"
"26,23 : 53.24"
"26,24 : 27.46"
"26,25 : 55.8"
"26,26 : 0.0"
"26,27 : 48.09"
"26,28 : 29.02"
"26,29 : 29.07"
"26,30 : 42.72"
"26,31 : 43.29"
"26,32 : 23.09"
"26,33 : 26.08"
"26,34 : 35.01"
"26,35 : 33.3"
"26,36 : 30.08"
"26,37 : 44.72"
"26,38 : 40.82"
"26,39 : 19.31"
"26,40 : 32.53"
"26,41 : 52.77"
"26,42 : 42.19"
"26,43 : 40.2"
"26,44 : 31.32"
"26,45 : 56.4"
"26,46 : 25.81"
"26,47 : 46.82"
"26,48 : 53.23"
"26,49 : 60.0"
"27,0 : 27.86"
"27,1 : 31.78"
"27,2 : 39.12"
"27,3 : 37.34"
"27,4 : 11.05"
"27,5 : 96.34"
"27,6 : 46.1"
"27,7 : 69.05"
"27,8 : 39.36"
"27,9 : 13.0"
"27,10 : 51.22"
"27,11 : 55.11"
"27,12 : 53.45"
"27,13 : 30.08"
"27,14 : 66.31"
"27,15 : 35.23"
"27,16 : 17.2"
"27,17 : 98.05"
"27,18 : 23.77"
"27,19 : 55.71"
"27,20 : 55.87"
"27,21 : 27.02"
"27,22 : 73.11"
"27,23 : 77.1"
"27,24 : 75.03"
"27,25 : 97.72"
"27,26 : 48.09"
"27,27 : 0.0"
"27,28 : 56.86"
"27,29 : 19.65"
"27,30 : 73.06"
"27,31 : 58.73"
"27,32 : 45.19"
"27,33 : 42.2"
"27,34 : 13.6"
"27,35 : 29.83"
"27,36 : 21.95"
"27,37 : 77.41"
"27,38 : 76.06"
"27,39 : 66.75"
"27,40 : 36.07"
"27,41 : 79.21"
"27,42 : 65.0"
"27,43 : 61.52"
"27,44 : 63.07"
"27,45 : 95.02"
"27,46 : 67.42"
"27,47 : 79.4"
"27,48 : 20.0"
"27,49 : 33.0"
"28,0 : 37.48"
"28,1 : 26.17"
"28,2 : 83.53"
"28,3 : 22.47"
"28,4 : 50.57"
"28,5 : 50.6"
"28,6 : 35.01"
"28,7 : 29.0"
"28,8 : 51.42"
"28,9 : 50.7"
"28,10 : 17.0"
"28,11 : 22.14"
"28,12 : 16.49"
"28,13 : 69.97"
"28,14 : 15.23"
"28,15 : 30.46"
"28,16 : 53.41"
"28,17 : 61.85"
"28,18 : 41.98"
"28,19 : 13.0"
"28,20 : 11.31"
"28,21 : 60.9"
"28,22 : 44.41"
"28,23 : 24.74"
"28,24 : 44.05"
"28,25 : 77.2"
"28,26 : 29.02"
"28,27 : 56.86"
"28,28 : 0.0"
"28,29 : 38.9"
"28,30 : 70.83"
"28,31 : 72.11"
"28,32 : 51.35"
"28,33 : 14.76"
"28,34 : 44.05"
"28,35 : 56.36"
"28,36 : 35.0"
"28,37 : 72.12"
"28,38 : 67.68"
"28,39 : 29.07"
"28,40 : 22.8"
"28,41 : 25.08"
"28,42 : 71.18"
"28,43 : 11.4"
"28,44 : 59.84"
"28,45 : 38.48"
"28,46 : 17.89"
"28,47 : 22.67"
"28,48 : 70.09"
"28,49 : 80.21"
"29,0 : 22.85"
"29,1 : 12.81"
"29,2 : 46.82"
"29,3 : 17.89"
"29,4 : 18.97"
"29,5 : 76.79"
"29,6 : 28.16"
"29,7 : 49.5"
"29,8 : 28.02"
"29,9 : 20.62"
"29,10 : 37.34"
"29,11 : 35.51"
"29,12 : 33.84"
"29,13 : 33.96"
"29,14 : 46.96"
"29,15 : 16.03"
"29,16 : 15.81"
"29,17 : 79.4"
"29,18 : 22.2"
"29,19 : 36.25"
"29,20 : 40.31"
"29,21 : 26.08"
"29,22 : 54.74"
"29,23 : 61.29"
"29,24 : 56.44"
"29,25 : 81.86"
"29,26 : 29.07"
"29,27 : 19.65"
"29,28 : 38.9"
"29,29 : 0.0"
"29,30 : 60.83"
"29,31 : 51.0"
"29,32 : 32.56"
"29,33 : 25.0"
"29,34 : 6.08"
"29,35 : 24.33"
"29,36 : 6.0"
"29,37 : 64.54"
"29,38 : 62.2"
"29,39 : 47.27"
"29,40 : 21.84"
"29,41 : 62.8"
"29,42 : 55.0"
"29,43 : 45.49"
"29,44 : 49.68"
"29,45 : 76.28"
"29,46 : 47.93"
"29,47 : 61.55"
"29,48 : 31.4"
"29,49 : 42.49"
"30,0 : 82.33"
"30,1 : 60.46"
"30,2 : 60.03"
"30,3 : 57.31"
"30,4 : 78.41"
"30,5 : 61.91"
"30,6 : 38.01"
"30,7 : 49.25"
"30,8 : 33.84"
"30,9 : 80.43"
"30,10 : 83.01"
"30,11 : 48.84"
"30,12 : 54.34"
"30,13 : 52.77"
"30,14 : 63.03"
"30,15 : 49.65"
"30,16 : 55.95"
"30,17 : 48.8"
"30,18 : 82.76"
"30,19 : 58.05"
"30,20 : 80.65"
"30,21 : 48.7"
"30,22 : 34.48"
"30,23 : 93.54"
"30,24 : 37.0"
"30,25 : 30.81"
"30,26 : 42.72"
"30,27 : 73.06"
"30,28 : 70.83"
"30,29 : 60.83"
"30,30 : 0.0"
"30,31 : 20.22"
"30,32 : 28.43"
"30,33 : 68.45"
"30,34 : 64.66"
"30,35 : 43.86"
"30,36 : 65.12"
"30,37 : 5.0"
"30,38 : 7.81"
"30,39 : 47.1"
"30,40 : 73.57"
"30,41 : 92.2"
"30,42 : 11.18"
"30,43 : 82.23"
"30,44 : 11.66"
"30,45 : 87.1"
"30,46 : 61.0"
"30,47 : 84.01"
"30,48 : 65.25"
"30,49 : 63.13"
"31,0 : 73.79"
"31,1 : 54.82"
"31,2 : 40.01"
"31,3 : 53.6"
"31,4 : 66.07"
"31,5 : 76.42"
"31,6 : 37.12"
"31,7 : 57.7"
"31,8 : 23.41"
"31,9 : 68.25"
"31,10 : 80.75"
"31,11 : 52.17"
"31,12 : 56.57"
"31,13 : 34.18"
"31,14 : 68.41"
"31,15 : 44.72"
"31,16 : 41.73"
"31,17 : 66.29"
"31,18 : 73.06"
"31,19 : 60.67"
"31,20 : 80.1"
"31,21 : 32.2"
"31,22 : 46.86"
"31,23 : 96.52"
"31,24 : 49.68"
"31,25 : 50.99"
"31,26 : 43.29"
"31,27 : 58.73"
"31,28 : 72.11"
"31,29 : 51.0"
"31,30 : 20.22"
"31,31 : 0.0"
"31,32 : 21.1"
"31,33 : 65.62"
"31,34 : 53.25"
"31,35 : 29.0"
"31,36 : 56.36"
"31,37 : 25.18"
"31,38 : 27.2"
"31,39 : 55.04"
"31,40 : 68.41"
"31,41 : 96.03"
"31,42 : 9.06"
"31,43 : 83.01"
"31,44 : 19.1"
"31,45 : 96.25"
"31,46 : 67.05"
"31,47 : 89.5"
"31,48 : 47.42"
"31,49 : 43.57"
"32,0 : 54.64"
"32,1 : 34.18"
"32,2 : 42.94"
"32,3 : 32.56"
"32,4 : 50.0"
"32,5 : 64.35"
"32,6 : 16.76"
"32,7 : 41.11"
"32,8 : 6.08"
"32,9 : 52.01"
"32,10 : 59.68"
"32,11 : 32.7"
"32,12 : 36.4"
"32,13 : 31.32"
"32,14 : 49.24"
"32,15 : 23.77"
"32,16 : 28.46"
"32,17 : 59.2"
"32,18 : 54.67"
"32,19 : 40.52"
"32,20 : 59.03"
"32,21 : 24.08"
"32,22 : 35.34"
"32,23 : 75.95"
"32,24 : 38.01"
"32,25 : 53.15"
"32,26 : 23.09"
"32,27 : 45.19"
"32,28 : 51.35"
"32,29 : 32.56"
"32,30 : 28.43"
"32,31 : 21.1"
"32,32 : 0.0"
"32,33 : 44.55"
"32,34 : 36.24"
"32,35 : 18.0"
"32,36 : 37.2"
"32,37 : 32.45"
"32,38 : 30.87"
"32,39 : 38.29"
"32,40 : 47.76"
"32,41 : 75.71"
"32,42 : 22.83"
"32,43 : 62.07"
"32,44 : 17.89"
"32,45 : 78.55"
"32,46 : 48.3"
"32,47 : 69.89"
"32,48 : 41.01"
"32,49 : 43.32"
"33,0 : 24.02"
"33,1 : 13.0"
"33,2 : 71.11"
"33,3 : 12.04"
"33,4 : 35.85"
"33,5 : 61.66"
"33,6 : 30.46"
"33,7 : 36.4"
"33,8 : 43.01"
"33,9 : 36.06"
"33,10 : 15.13"
"33,11 : 24.41"
"33,12 : 19.24"
"33,13 : 57.78"
"33,14 : 27.02"
"33,15 : 21.02"
"33,16 : 40.31"
"33,17 : 69.86"
"33,18 : 28.07"
"33,19 : 18.68"
"33,20 : 15.81"
"33,21 : 49.04"
"33,22 : 48.6"
"33,23 : 36.36"
"33,24 : 49.09"
"33,25 : 80.66"
"33,26 : 26.08"
"33,27 : 42.2"
"33,28 : 14.76"
"33,29 : 25.0"
"33,30 : 68.45"
"33,31 : 65.62"
"33,32 : 44.55"
"33,33 : 0.0"
"33,34 : 29.7"
"33,35 : 45.35"
"33,36 : 20.52"
"33,37 : 70.71"
"33,38 : 66.89"
"33,39 : 35.34"
"33,40 : 9.06"
"33,41 : 37.8"
"33,42 : 66.48"
"33,43 : 20.59"
"33,44 : 56.86"
"33,45 : 53.23"
"33,46 : 29.02"
"33,47 : 37.2"
"33,48 : 56.4"
"33,49 : 67.23"
"34,0 : 22.2"
"34,1 : 18.36"
"34,2 : 44.15"
"34,3 : 23.77"
"34,4 : 13.89"
"34,5 : 82.87"
"34,6 : 33.73"
"34,7 : 55.58"
"34,8 : 31.11"
"34,9 : 15.81"
"34,10 : 40.71"
"34,11 : 41.59"
"34,12 : 39.85"
"34,13 : 32.06"
"34,14 : 52.8"
"34,15 : 22.0"
"34,16 : 14.04"
"34,17 : 85.29"
"34,18 : 20.25"
"34,19 : 42.15"
"34,20 : 44.41"
"34,21 : 25.32"
"34,22 : 60.53"
"34,23 : 65.6"
"34,24 : 62.29"
"34,25 : 86.93"
"34,26 : 35.01"
"34,27 : 13.6"
"34,28 : 44.05"
"34,29 : 6.08"
"34,30 : 64.66"
"34,31 : 53.25"
"34,32 : 36.24"
"34,33 : 29.7"
"34,34 : 0.0"
"34,35 : 25.08"
"34,36 : 9.22"
"34,37 : 68.6"
"34,38 : 66.57"
"34,39 : 53.34"
"34,40 : 25.06"
"34,41 : 67.36"
"34,42 : 58.05"
"34,43 : 49.82"
"34,44 : 53.82"
"34,45 : 81.84"
"34,46 : 53.85"
"34,47 : 66.71"
"34,48 : 27.29"
"34,49 : 39.22"
"35,0 : 46.84"
"35,1 : 32.56"
"35,2 : 28.28"
"35,3 : 34.18"
"35,4 : 37.2"
"35,5 : 80.06"
"35,6 : 28.02"
"35,7 : 54.64"
"35,8 : 12.04"
"35,9 : 39.41"
"35,10 : 59.68"
"35,11 : 43.14"
"35,12 : 44.82"
"35,13 : 15.0"
"35,14 : 58.9"
"35,15 : 25.94"
"35,16 : 12.73"
"35,17 : 76.69"
"35,18 : 45.31"
"35,19 : 48.6"
"35,20 : 61.13"
"35,21 : 6.32"
"35,22 : 52.2"
"35,23 : 80.78"
"35,24 : 54.71"
"35,25 : 70.86"
"35,26 : 33.3"
"35,27 : 29.83"
"35,28 : 56.36"
"35,29 : 24.33"
"35,30 : 43.86"
"35,31 : 29.0"
"35,32 : 18.0"
"35,33 : 45.35"
"35,34 : 25.08"
"35,35 : 0.0"
"35,36 : 30.27"
"35,37 : 48.47"
"35,38 : 47.8"
"35,39 : 51.87"
"35,40 : 45.04"
"35,41 : 81.44"
"35,42 : 35.23"
"35,43 : 65.46"
"35,44 : 34.93"
"35,45 : 89.27"
"35,46 : 58.73"
"35,47 : 77.7"
"35,48 : 23.02"
"35,49 : 26.93"
"36,0 : 17.49"
"36,1 : 10.2"
"36,2 : 52.5"
"36,3 : 16.12"
"36,4 : 18.0"
"36,5 : 76.16"
"36,6 : 30.41"
"36,7 : 49.01"
"36,8 : 33.12"
"36,9 : 19.1"
"36,10 : 31.78"
"36,11 : 35.0"
"36,12 : 32.39"
"36,13 : 39.81"
"36,14 : 44.6"
"36,15 : 17.46"
"36,16 : 21.59"
"36,17 : 80.23"
"36,18 : 17.69"
"36,19 : 34.21"
"36,20 : 35.23"
"36,21 : 32.06"
"36,22 : 56.04"
"36,23 : 56.4"
"36,24 : 57.49"
"36,25 : 84.6"
"36,26 : 30.08"
"36,27 : 21.95"
"36,28 : 35.0"
"36,29 : 6.0"
"36,30 : 65.12"
"36,31 : 56.36"
"36,32 : 37.2"
"36,33 : 20.52"
"36,34 : 9.22"
"36,35 : 30.27"
"36,36 : 0.0"
"36,37 : 68.59"
"36,38 : 65.95"
"36,39 : 47.01"
"36,40 : 16.16"
"36,41 : 58.14"
"36,42 : 59.91"
"36,43 : 40.61"
"36,44 : 53.74"
"36,45 : 73.06"
"36,46 : 45.88"
"36,47 : 57.63"
"36,48 : 36.36"
"36,49 : 47.93"
"37,0 : 85.63"
"37,1 : 63.41"
"37,2 : 65.03"
"37,3 : 59.91"
"37,4 : 82.42"
"37,5 : 59.48"
"37,6 : 40.5"
"37,7 : 49.0"
"37,8 : 38.08"
"37,9 : 84.4"
"37,10 : 85.0"
"37,11 : 50.0"
"37,12 : 55.66"
"37,13 : 57.71"
"37,14 : 63.39"
"37,15 : 52.63"
"37,16 : 60.37"
"37,17 : 45.34"
"37,18 : 86.28"
"37,19 : 59.2"
"37,20 : 82.28"
"37,21 : 53.45"
"37,22 : 33.38"
"37,23 : 94.2"
"37,24 : 35.69"
"37,25 : 25.96"
"37,26 : 44.72"
"37,27 : 77.41"
"37,28 : 72.12"
"37,29 : 64.54"
"37,30 : 5.0"
"37,31 : 25.18"
"37,32 : 32.45"
"37,33 : 70.71"
"37,34 : 68.6"
"37,35 : 48.47"
"37,36 : 68.59"
"37,37 : 0.0"
"37,38 : 5.1"
"37,39 : 47.04"
"37,40 : 76.28"
"37,41 : 92.66"
"37,42 : 16.12"
"37,43 : 83.52"
"37,44 : 14.87"
"37,45 : 86.15"
"37,46 : 61.2"
"37,47 : 84.1"
"37,48 : 70.09"
"37,49 : 68.12"
"38,0 : 82.73"
"38,1 : 60.21"
"38,2 : 66.37"
"38,3 : 56.4"
"38,4 : 80.45"
"38,5 : 54.59"
"38,6 : 37.01"
"38,7 : 44.01"
"38,8 : 36.77"
"38,9 : 82.38"
"38,10 : 80.95"
"38,11 : 45.54"
"38,12 : 51.26"
"38,13 : 58.14"
"38,14 : 58.55"
"38,15 : 49.52"
"38,16 : 59.24"
"38,17 : 41.01"
"38,18 : 83.63"
"38,19 : 54.71"
"38,20 : 78.0"
"38,21 : 53.15"
"38,22 : 28.28"
"38,23 : 89.44"
"38,24 : 30.59"
"38,25 : 24.08"
"38,26 : 40.82"
"38,27 : 76.06"
"38,28 : 67.68"
"38,29 : 62.2"
"38,30 : 7.81"
"38,31 : 27.2"
"38,32 : 30.87"
"38,33 : 66.89"
"38,34 : 66.57"
"38,35 : 47.8"
"38,36 : 65.95"
"38,37 : 5.1"
"38,38 : 0.0"
"38,39 : 42.11"
"38,40 : 72.8"
"38,41 : 87.82"
"38,42 : 18.38"
"38,43 : 79.06"
"38,44 : 13.0"
"38,45 : 81.05"
"38,46 : 56.32"
"38,47 : 79.16"
"38,48 : 70.04"
"38,49 : 69.01"
"39,0 : 58.24"
"39,1 : 37.12"
"39,2 : 79.81"
"39,3 : 31.14"
"39,4 : 65.01"
"39,5 : 29.61"
"39,6 : 23.85"
"39,7 : 2.83"
"39,8 : 41.77"
"39,9 : 66.07"
"39,10 : 45.34"
"39,11 : 12.04"
"39,12 : 16.16"
"39,13 : 66.85"
"39,14 : 16.76"
"39,15 : 31.58"
"39,16 : 55.71"
"39,17 : 34.54"
"39,18 : 61.39"
"39,19 : 17.2"
"39,20 : 40.36"
"39,21 : 57.98"
"39,22 : 15.65"
"39,23 : 47.8"
"39,24 : 15.0"
"39,25 : 48.26"
"39,26 : 19.31"
"39,27 : 66.75"
"39,28 : 29.07"
"39,29 : 47.27"
"39,30 : 47.1"
"39,31 : 55.04"
"39,32 : 38.29"
"39,33 : 35.34"
"39,34 : 53.34"
"39,35 : 51.87"
"39,36 : 47.01"
"39,37 : 47.04"
"39,38 : 42.11"
"39,39 : 0.0"
"39,40 : 44.01"
"39,41 : 45.89"
"39,42 : 50.96"
"39,43 : 39.66"
"39,44 : 38.08"
"39,45 : 41.23"
"39,46 : 14.32"
"39,47 : 37.05"
"39,48 : 72.5"
"39,49 : 78.77"
"40,0 : 15.0"
"40,1 : 13.6"
"40,2 : 68.62"
"40,3 : 16.4"
"40,4 : 28.3"
"40,5 : 70.71"
"40,6 : 35.81"
"40,7 : 45.22"
"40,8 : 45.12"
"40,9 : 28.18"
"40,10 : 15.65"
"40,11 : 32.65"
"40,12 : 27.86"
"40,13 : 55.79"
"40,14 : 36.0"
"40,15 : 24.17"
"40,16 : 37.64"
"40,17 : 78.55"
"40,18 : 19.24"
"40,19 : 27.66"
"40,20 : 19.8"
"40,21 : 47.68"
"40,22 : 56.6"
"40,23 : 41.04"
"40,24 : 57.31"
"40,25 : 88.09"
"40,26 : 32.53"
"40,27 : 36.07"
"40,28 : 22.8"
"40,29 : 21.84"
"40,30 : 73.57"
"40,31 : 68.41"
"40,32 : 47.76"
"40,33 : 9.06"
"40,34 : 25.06"
"40,35 : 45.04"
"40,36 : 16.16"
"40,37 : 76.28"
"40,38 : 72.8"
"40,39 : 44.01"
"40,40 : 0.0"
"40,41 : 43.19"
"40,42 : 70.38"
"40,43 : 25.5"
"40,44 : 61.91"
"40,45 : 61.1"
"40,46 : 38.05"
"40,47 : 44.29"
"40,48 : 52.35"
"40,49 : 64.08"
"41,0 : 55.23"
"41,1 : 50.48"
"41,2 : 108.41"
"41,3 : 47.41"
"41,4 : 71.22"
"41,5 : 54.45"
"41,6 : 59.03"
"41,7 : 44.38"
"41,8 : 76.24"
"41,9 : 70.8"
"41,10 : 29.15"
"41,11 : 44.1"
"41,12 : 39.46"
"41,13 : 94.89"
"41,14 : 29.27"
"41,15 : 55.54"
"41,16 : 77.94"
"41,17 : 71.03"
"41,18 : 60.21"
"41,19 : 35.36"
"41,20 : 23.43"
"41,21 : 85.88"
"41,22 : 61.13"
"41,23 : 4.12"
"41,24 : 59.77"
"41,25 : 92.31"
"41,26 : 52.77"
"41,27 : 79.21"
"41,28 : 25.08"
"41,29 : 62.8"
"41,30 : 92.2"
"41,31 : 96.03"
"41,32 : 75.71"
"41,33 : 37.8"
"41,34 : 67.36"
"41,35 : 81.44"
"41,36 : 58.14"
"41,37 : 92.66"
"41,38 : 87.82"
"41,39 : 45.89"
"41,40 : 43.19"
"41,41 : 0.0"
"41,42 : 94.13"
"41,43 : 17.69"
"41,44 : 82.0"
"41,45 : 25.96"
"41,46 : 31.58"
"41,47 : 10.63"
"41,48 : 94.2"
"41,49 : 104.85"
"42,0 : 77.39"
"42,1 : 56.86"
"42,2 : 49.0"
"42,3 : 54.71"
"42,4 : 71.42"
"42,5 : 69.81"
"42,6 : 36.5"
"42,7 : 53.45"
"42,8 : 27.02"
"42,9 : 73.54"
"42,10 : 81.49"
"42,11 : 50.04"
"42,12 : 55.01"
"42,13 : 42.45"
"42,14 : 65.62"
"42,15 : 46.24"
"42,16 : 47.8"
"42,17 : 58.41"
"42,18 : 77.2"
"42,19 : 59.0"
"42,20 : 80.06"
"42,21 : 39.36"
"42,22 : 40.82"
"42,23 : 95.01"
"42,24 : 43.57"
"42,25 : 41.98"
"42,26 : 42.19"
"42,27 : 65.0"
"42,28 : 71.18"
"42,29 : 55.0"
"42,30 : 11.18"
"42,31 : 9.06"
"42,32 : 22.83"
"42,33 : 66.48"
"42,34 : 58.05"
"42,35 : 35.23"
"42,36 : 59.91"
"42,37 : 16.12"
"42,38 : 18.38"
"42,39 : 50.96"
"42,40 : 70.38"
"42,41 : 94.13"
"42,42 : 0.0"
"42,43 : 82.39"
"42,44 : 13.0"
"42,45 : 92.03"
"42,46 : 63.95"
"42,47 : 86.83"
"42,48 : 55.36"
"42,49 : 52.35"
"43,0 : 38.01"
"43,1 : 33.54"
"43,2 : 91.68"
"43,3 : 31.32"
"43,4 : 53.6"
"43,5 : 57.71"
"43,6 : 46.04"
"43,7 : 39.2"
"43,8 : 61.66"
"43,9 : 53.25"
"43,10 : 12.37"
"43,11 : 33.53"
"43,12 : 27.89"
"43,13 : 78.29"
"43,14 : 24.04"
"43,15 : 40.02"
"43,16 : 60.9"
"43,17 : 70.94"
"43,18 : 42.94"
"43,19 : 24.35"
"43,20 : 5.83"
"43,21 : 69.46"
"43,22 : 55.23"
"43,23 : 15.81"
"43,24 : 54.64"
"43,25 : 87.92"
"43,26 : 40.2"
"43,27 : 61.52"
"43,28 : 11.4"
"43,29 : 45.49"
"43,30 : 82.23"
"43,31 : 83.01"
"43,32 : 62.07"
"43,33 : 20.59"
"43,34 : 49.82"
"43,35 : 65.46"
"43,36 : 40.61"
"43,37 : 83.52"
"43,38 : 79.06"
"43,39 : 39.66"
"43,40 : 25.5"
"43,41 : 17.69"
"43,42 : 82.39"
"43,43 : 0.0"
"43,44 : 71.2"
"43,45 : 38.33"
"43,46 : 26.87"
"43,47 : 20.4"
"43,48 : 76.84"
"43,49 : 87.82"
"44,0 : 70.84"
"44,1 : 48.83"
"44,2 : 55.32"
"44,3 : 45.65"
"44,4 : 67.68"
"44,5 : 57.38"
"44,6 : 26.4"
"44,7 : 40.52"
"44,8 : 23.77"
"44,9 : 69.63"
"44,10 : 71.51"
"44,11 : 38.12"
"44,12 : 43.42"
"44,13 : 46.01"
"44,14 : 53.15"
"44,15 : 38.01"
"44,16 : 46.24"
"44,17 : 47.51"
"44,18 : 71.42"
"44,19 : 47.27"
"44,20 : 69.38"
"44,21 : 40.45"
"44,22 : 28.02"
"44,23 : 83.1"
"44,24 : 30.81"
"44,25 : 36.12"
"44,26 : 31.32"
"44,27 : 63.07"
"44,28 : 59.84"
"44,29 : 49.68"
"44,30 : 11.66"
"44,31 : 19.1"
"44,32 : 17.89"
"44,33 : 56.86"
"44,34 : 53.82"
"44,35 : 34.93"
"44,36 : 53.74"
"44,37 : 14.87"
"44,38 : 13.0"
"44,39 : 38.08"
"44,40 : 61.91"
"44,41 : 82.0"
"44,42 : 13.0"
"44,43 : 71.2"
"44,44 : 0.0"
"44,45 : 79.06"
"44,46 : 51.35"
"44,47 : 74.33"
"44,48 : 57.43"
"44,49 : 57.31"
"45,0 : 75.29"
"45,1 : 63.51"
"45,2 : 117.52"
"45,3 : 58.6"
"45,4 : 89.05"
"45,5 : 34.54"
"45,6 : 62.43"
"45,7 : 38.63"
"45,8 : 81.02"
"45,9 : 89.16"
"45,10 : 50.64"
"45,11 : 46.4"
"45,12 : 44.55"
"45,13 : 104.0"
"45,14 : 30.41"
"45,15 : 64.38"
"45,16 : 89.38"
"45,17 : 53.45"
"45,18 : 80.01"
"45,19 : 41.04"
"45,20 : 43.74"
"45,21 : 94.79"
"45,22 : 52.77"
"45,23 : 30.08"
"45,24 : 50.49"
"45,25 : 78.77"
"45,26 : 56.4"
"45,27 : 95.02"
"45,28 : 38.48"
"45,29 : 76.28"
"45,30 : 87.1"
"45,31 : 96.25"
"45,32 : 78.55"
"45,33 : 53.23"
"45,34 : 81.84"
"45,35 : 89.27"
"45,36 : 73.06"
"45,37 : 86.15"
"45,38 : 81.05"
"45,39 : 41.23"
"45,40 : 61.1"
"45,41 : 25.96"
"45,42 : 92.03"
"45,43 : 38.33"
"45,44 : 79.06"
"45,45 : 0.0"
"45,46 : 30.61"
"45,47 : 18.03"
"45,48 : 106.53"
"45,49 : 115.26"
"46,0 : 53.04"
"46,1 : 35.74"
"46,2 : 87.0"
"46,3 : 30.08"
"46,4 : 63.35"
"46,5 : 32.98"
"46,6 : 31.91"
"46,7 : 13.0"
"46,8 : 50.48"
"46,9 : 63.95"
"46,10 : 34.89"
"46,11 : 15.81"
"46,12 : 14.42"
"46,13 : 73.54"
"46,14 : 2.83"
"46,15 : 34.41"
"46,16 : 59.64"
"46,17 : 44.2"
"46,18 : 57.01"
"46,19 : 11.7"
"46,20 : 28.84"
"46,21 : 64.35"
"46,22 : 29.73"
"46,23 : 33.53"
"46,24 : 28.64"
"46,25 : 61.77"
"46,26 : 25.81"
"46,27 : 67.42"
"46,28 : 17.89"
"46,29 : 47.93"
"46,30 : 61.0"
"46,31 : 67.05"
"46,32 : 48.3"
"46,33 : 29.02"
"46,34 : 53.85"
"46,35 : 58.73"
"46,36 : 45.88"
"46,37 : 61.2"
"46,38 : 56.32"
"46,39 : 14.32"
"46,40 : 38.05"
"46,41 : 31.58"
"46,42 : 63.95"
"46,43 : 26.87"
"46,44 : 51.35"
"46,45 : 30.61"
"46,46 : 0.0"
"46,47 : 23.02"
"46,48 : 76.84"
"46,49 : 84.96"
"47,0 : 57.94"
"47,1 : 48.8"
"47,2 : 105.44"
"47,3 : 44.69"
"47,4 : 72.56"
"47,5 : 43.84"
"47,6 : 53.14"
"47,7 : 35.23"
"47,8 : 71.18"
"47,9 : 72.47"
"47,10 : 32.76"
"47,11 : 37.36"
"47,12 : 33.62"
"47,13 : 91.84"
"47,14 : 21.21"
"47,15 : 51.87"
"47,16 : 75.82"
"47,17 : 60.46"
"47,18 : 62.77"
"47,19 : 29.55"
"47,20 : 25.96"
"47,21 : 82.66"
"47,22 : 51.79"
"47,23 : 14.21"
"47,24 : 50.22"
"47,25 : 82.28"
"47,26 : 46.82"
"47,27 : 79.4"
"47,28 : 22.67"
"47,29 : 61.55"
"47,30 : 84.01"
"47,31 : 89.5"
"47,32 : 69.89"
"47,33 : 37.2"
"47,34 : 66.71"
"47,35 : 77.7"
"47,36 : 57.63"
"47,37 : 84.1"
"47,38 : 79.16"
"47,39 : 37.05"
"47,40 : 44.29"
"47,41 : 10.63"
"47,42 : 86.83"
"47,43 : 20.4"
"47,44 : 74.33"
"47,45 : 18.03"
"47,46 : 23.02"
"47,47 : 0.0"
"47,48 : 92.66"
"47,49 : 102.45"
"48,0 : 47.07"
"48,1 : 43.93"
"48,2 : 19.24"
"48,3 : 48.1"
"48,4 : 31.02"
"48,5 : 101.59"
"48,6 : 49.04"
"48,7 : 75.15"
"48,8 : 35.06"
"48,9 : 33.0"
"48,10 : 68.0"
"48,11 : 62.27"
"48,12 : 62.43"
"48,13 : 13.6"
"48,14 : 76.4"
"48,15 : 42.44"
"48,16 : 17.2"
"48,17 : 99.46"
"48,18 : 43.42"
"48,19 : 65.6"
"48,20 : 71.56"
"48,21 : 17.03"
"48,22 : 74.73"
"48,23 : 92.66"
"48,24 : 77.13"
"48,25 : 93.54"
"48,26 : 53.23"
"48,27 : 20.0"
"48,28 : 70.09"
"48,29 : 31.4"
"48,30 : 65.25"
"48,31 : 47.42"
"48,32 : 41.01"
"48,33 : 56.4"
"48,34 : 27.29"
"48,35 : 23.02"
"48,36 : 36.36"
"48,37 : 70.09"
"48,38 : 70.04"
"48,39 : 72.5"
"48,40 : 52.35"
"48,41 : 94.2"
"48,42 : 55.36"
"48,43 : 76.84"
"48,44 : 57.43"
"48,45 : 106.53"
"48,46 : 76.84"
"48,47 : 92.66"
"48,48 : 0.0"
"48,49 : 13.0"
"49,0 : 59.84"
"49,1 : 54.38"
"49,2 : 6.71"
"49,3 : 57.8"
"49,4 : 44.01"
"49,5 : 106.89"
"49,6 : 54.92"
"49,7 : 81.54"
"49,8 : 38.08"
"49,9 : 46.0"
"49,10 : 79.71"
"49,11 : 69.66"
"49,12 : 70.72"
"49,13 : 12.08"
"49,14 : 84.86"
"49,15 : 50.93"
"49,16 : 26.93"
"49,17 : 102.49"
"49,18 : 56.32"
"49,19 : 74.25"
"49,20 : 82.76"
"49,21 : 20.81"
"49,22 : 78.55"
"49,23 : 103.59"
"49,24 : 81.15"
"49,25 : 93.05"
"49,26 : 60.0"
"49,27 : 33.0"
"49,28 : 80.21"
"49,29 : 42.49"
"49,30 : 63.13"
"49,31 : 43.57"
"49,32 : 43.32"
"49,33 : 67.23"
"49,34 : 39.22"
"49,35 : 26.93"
"49,36 : 47.93"
"49,37 : 68.12"
"49,38 : 69.01"
"49,39 : 78.77"
"49,40 : 64.08"
"49,41 : 104.85"
"49,42 : 52.35"
"49,43 : 87.82"
"49,44 : 57.31"
"49,45 : 115.26"
"49,46 : 84.96"
"49,47 : 102.45"
"49,48 : 13.0"
"49,49 : 0.0"
