x,y
92,77
72,30
95,43
71,30
98,87
60,96
7,84
37,85
21,95
23,11
44,85
57,25
29,48
73,84
57,47
14,3
37,57
89,24
99,35
14,30
67,5
9,66
36,3
35,21
76,84
30,62
33,48
22,25
82,4
76,42
67,67
10,50
66,18
5,54
17,52
75,99
62,52
82,83
74,9
50,54
60,34
41,97
66,20
35,36
75,88
34,88
61,37
89,89
69,84
23,21

Distanze
"0,0 : 0.0"
"0,1 : 51.08"
"0,2 : 34.13"
"0,3 : 51.48"
"0,4 : 11.66"
"0,5 : 37.22"
"0,6 : 85.29"
"0,7 : 55.58"
"0,8 : 73.25"
"0,9 : 95.48"
"0,10 : 48.66"
"0,11 : 62.68"
"0,12 : 69.35"
"0,13 : 20.25"
"0,14 : 46.1"
"0,15 : 107.52"
"0,16 : 58.52"
"0,17 : 53.08"
"0,18 : 42.58"
"0,19 : 91.07"
"0,20 : 76.22"
"0,21 : 83.73"
"0,22 : 92.8"
"0,23 : 79.91"
"0,24 : 17.46"
"0,25 : 63.79"
"0,26 : 65.74"
"0,27 : 87.2"
"0,28 : 73.68"
"0,29 : 38.48"
"0,30 : 26.93"
"0,31 : 86.33"
"0,32 : 64.47"
"0,33 : 89.99"
"0,34 : 79.06"
"0,35 : 27.8"
"0,36 : 39.05"
"0,37 : 11.66"
"0,38 : 70.34"
"0,39 : 47.89"
"0,40 : 53.6"
"0,41 : 54.78"
"0,42 : 62.65"
"0,43 : 70.21"
"0,44 : 20.25"
"0,45 : 59.03"
"0,46 : 50.61"
"0,47 : 12.37"
"0,48 : 24.04"
"0,49 : 88.87"
"1,0 : 51.08"
"1,1 : 0.0"
"1,2 : 26.42"
"1,3 : 1.0"
"1,4 : 62.65"
"1,5 : 67.08"
"1,6 : 84.5"
"1,7 : 65.19"
"1,8 : 82.62"
"1,9 : 52.55"
"1,10 : 61.72"
"1,11 : 15.81"
"1,12 : 46.62"
"1,13 : 54.01"
"1,14 : 22.67"
"1,15 : 63.98"
"1,16 : 44.2"
"1,17 : 18.03"
"1,18 : 27.46"
"1,19 : 58.0"
"1,20 : 25.5"
"1,21 : 72.56"
"1,22 : 45.0"
"1,23 : 38.08"
"1,24 : 54.15"
"1,25 : 52.8"
"1,26 : 42.95"
"1,27 : 50.25"
"1,28 : 27.86"
"1,29 : 12.65"
"1,30 : 37.34"
"1,31 : 65.15"
"1,32 : 13.42"
"1,33 : 71.17"
"1,34 : 59.24"
"1,35 : 69.07"
"1,36 : 24.17"
"1,37 : 53.94"
"1,38 : 21.1"
"1,39 : 32.56"
"1,40 : 12.65"
"1,41 : 73.82"
"1,42 : 11.66"
"1,43 : 37.48"
"1,44 : 58.08"
"1,45 : 69.34"
"1,46 : 13.04"
"1,47 : 61.4"
"1,48 : 54.08"
"1,49 : 49.82"
"2,0 : 34.13"
"2,1 : 26.42"
"2,2 : 0.0"
"2,3 : 27.29"
"2,4 : 44.1"
"2,5 : 63.51"
"2,6 : 97.08"
"2,7 : 71.61"
"2,8 : 90.44"
"2,9 : 78.79"
"2,10 : 66.07"
"2,11 : 42.05"
"2,12 : 66.19"
"2,13 : 46.53"
"2,14 : 38.21"
"2,15 : 90.34"
"2,16 : 59.67"
"2,17 : 19.92"
"2,18 : 8.94"
"2,19 : 82.04"
"2,20 : 47.2"
"2,21 : 89.02"
"2,22 : 71.28"
"2,23 : 63.91"
"2,24 : 45.19"
"2,25 : 67.72"
"2,26 : 62.2"
"2,27 : 75.19"
"2,28 : 41.11"
"2,29 : 19.03"
"2,30 : 36.88"
"2,31 : 85.29"
"2,32 : 38.29"
"2,33 : 90.67"
"2,34 : 78.52"
"2,35 : 59.46"
"2,36 : 34.21"
"2,37 : 42.06"
"2,38 : 39.96"
"2,39 : 46.32"
"2,40 : 36.14"
"2,41 : 76.37"
"2,42 : 37.01"
"2,43 : 60.41"
"2,44 : 49.24"
"2,45 : 75.8"
"2,46 : 34.53"
"2,47 : 46.39"
"2,48 : 48.55"
"2,49 : 75.29"
"3,0 : 51.48"
"3,1 : 1.0"
"3,2 : 27.29"
"3,3 : 0.0"
"3,4 : 63.07"
"3,5 : 66.91"
"3,6 : 83.74"
"3,7 : 64.66"
"3,8 : 82.01"
"3,9 : 51.62"
"3,10 : 61.27"
"3,11 : 14.87"
"3,12 : 45.69"
"3,13 : 54.04"
"3,14 : 22.02"
"3,15 : 63.07"
"3,16 : 43.42"
"3,17 : 18.97"
"3,18 : 28.44"
"3,19 : 57.0"
"3,20 : 25.32"
"3,21 : 71.69"
"3,22 : 44.2"
"3,23 : 37.11"
"3,24 : 54.23"
"3,25 : 52.01"
"3,26 : 42.05"
"3,27 : 49.25"
"3,28 : 28.23"
"3,29 : 13.0"
"3,30 : 37.22"
"3,31 : 64.2"
"3,32 : 13.0"
"3,33 : 70.23"
"3,34 : 58.31"
"3,35 : 69.12"
"3,36 : 23.77"
"3,37 : 54.13"
"3,38 : 21.21"
"3,39 : 31.89"
"3,40 : 11.7"
"3,41 : 73.41"
"3,42 : 11.18"
"3,43 : 36.5"
"3,44 : 58.14"
"3,45 : 68.8"
"3,46 : 12.21"
"3,47 : 61.68"
"3,48 : 54.04"
"3,49 : 48.84"
"4,0 : 11.66"
"4,1 : 62.65"
"4,2 : 44.1"
"4,3 : 63.07"
"4,4 : 0.0"
"4,5 : 39.05"
"4,6 : 91.05"
"4,7 : 61.03"
"4,8 : 77.41"
"4,9 : 106.78"
"4,10 : 54.04"
"4,11 : 74.33"
"4,12 : 79.26"
"4,13 : 25.18"
"4,14 : 57.28"
"4,15 : 118.79"
"4,16 : 67.98"
"4,17 : 63.64"
"4,18 : 52.01"
"4,19 : 101.51"
"4,20 : 87.66"
"4,21 : 91.44"
"4,22 : 104.4"
"4,23 : 91.24"
"4,24 : 22.2"
"4,25 : 72.45"
"4,26 : 75.8"
"4,27 : 98.08"
"4,28 : 84.53"
"4,29 : 50.09"
"4,30 : 36.89"
"4,31 : 95.46"
"4,32 : 76.06"
"4,33 : 98.68"
"4,34 : 88.24"
"4,35 : 25.94"
"4,36 : 50.21"
"4,37 : 16.49"
"4,38 : 81.61"
"4,39 : 58.25"
"4,40 : 65.22"
"4,41 : 57.87"
"4,42 : 74.25"
"4,43 : 81.06"
"4,44 : 23.02"
"4,45 : 64.01"
"4,46 : 62.2"
"4,47 : 9.22"
"4,48 : 29.15"
"4,49 : 99.9"
"5,0 : 37.22"
"5,1 : 67.08"
"5,2 : 63.51"
"5,3 : 66.91"
"5,4 : 39.05"
"5,5 : 0.0"
"5,6 : 54.34"
"5,7 : 25.5"
"5,8 : 39.01"
"5,9 : 92.7"
"5,10 : 19.42"
"5,11 : 71.06"
"5,12 : 57.14"
"5,13 : 17.69"
"5,14 : 49.09"
"5,15 : 103.75"
"5,16 : 45.28"
"5,17 : 77.62"
"5,18 : 72.4"
"5,19 : 80.45"
"5,20 : 91.27"
"5,21 : 59.17"
"5,22 : 96.05"
"5,23 : 79.06"
"5,24 : 20.0"
"5,25 : 45.34"
"5,26 : 55.07"
"5,27 : 80.53"
"5,28 : 94.59"
"5,29 : 56.32"
"5,30 : 29.83"
"5,31 : 67.94"
"5,32 : 78.23"
"5,33 : 69.2"
"5,34 : 61.52"
"5,35 : 15.3"
"5,36 : 44.05"
"5,37 : 25.55"
"5,38 : 88.12"
"5,39 : 43.17"
"5,40 : 62.0"
"5,41 : 19.03"
"5,42 : 76.24"
"5,43 : 65.0"
"5,44 : 17.0"
"5,45 : 27.2"
"5,46 : 59.01"
"5,47 : 29.83"
"5,48 : 15.0"
"5,49 : 83.63"
"6,0 : 85.29"
"6,1 : 84.5"
"6,2 : 97.08"
"6,3 : 83.74"
"6,4 : 91.05"
"6,5 : 54.34"
"6,6 : 0.0"
"6,7 : 30.02"
"6,8 : 17.8"
"6,9 : 74.73"
"6,10 : 37.01"
"6,11 : 77.34"
"6,12 : 42.19"
"6,13 : 66.0"
"6,14 : 62.2"
"6,15 : 81.3"
"6,16 : 40.36"
"6,17 : 101.61"
"6,18 : 104.24"
"6,19 : 54.45"
"6,20 : 99.2"
"6,21 : 18.11"
"6,22 : 86.03"
"6,23 : 68.94"
"6,24 : 69.0"
"6,25 : 31.83"
"6,26 : 44.41"
"6,27 : 60.88"
"6,28 : 109.66"
"6,29 : 80.78"
"6,30 : 62.36"
"6,31 : 34.13"
"6,32 : 88.53"
"6,33 : 30.07"
"6,34 : 33.53"
"6,35 : 69.63"
"6,36 : 63.63"
"6,37 : 75.01"
"6,38 : 100.57"
"6,39 : 52.43"
"6,40 : 72.86"
"6,41 : 36.4"
"6,42 : 87.05"
"6,43 : 55.57"
"6,44 : 68.12"
"6,45 : 27.29"
"6,46 : 71.59"
"6,47 : 82.15"
"6,48 : 62.0"
"6,49 : 65.0"
"7,0 : 55.58"
"7,1 : 65.19"
"7,2 : 71.61"
"7,3 : 64.66"
"7,4 : 61.03"
"7,5 : 25.5"
"7,6 : 30.02"
"7,7 : 0.0"
"7,8 : 18.87"
"7,9 : 75.31"
"7,10 : 7.0"
"7,11 : 63.25"
"7,12 : 37.85"
"7,13 : 36.01"
"7,14 : 42.94"
"7,15 : 85.16"
"7,16 : 28.0"
"7,17 : 80.16"
"7,18 : 79.65"
"7,19 : 59.62"
"7,20 : 85.44"
"7,21 : 33.84"
"7,22 : 82.01"
"7,23 : 64.03"
"7,24 : 39.01"
"7,25 : 24.04"
"7,26 : 37.22"
"7,27 : 61.85"
"7,28 : 92.66"
"7,29 : 58.05"
"7,30 : 34.99"
"7,31 : 44.2"
"7,32 : 73.01"
"7,33 : 44.55"
"7,34 : 38.59"
"7,35 : 40.5"
"7,36 : 41.4"
"7,37 : 45.04"
"7,38 : 84.53"
"7,39 : 33.62"
"7,40 : 55.95"
"7,41 : 12.65"
"7,42 : 71.18"
"7,43 : 49.04"
"7,44 : 38.12"
"7,45 : 4.24"
"7,46 : 53.67"
"7,47 : 52.15"
"7,48 : 32.02"
"7,49 : 65.51"
"8,0 : 73.25"
"8,1 : 82.62"
"8,2 : 90.44"
"8,3 : 82.01"
"8,4 : 77.41"
"8,5 : 39.01"
"8,6 : 17.8"
"8,7 : 18.87"
"8,8 : 0.0"
"8,9 : 84.02"
"8,10 : 25.08"
"8,11 : 78.71"
"8,12 : 47.68"
"8,13 : 53.15"
"8,14 : 60.0"
"8,15 : 92.27"
"8,16 : 41.23"
"8,17 : 98.31"
"8,18 : 98.41"
"8,19 : 65.38"
"8,20 : 101.07"
"8,21 : 31.38"
"8,22 : 93.21"
"8,23 : 75.31"
"8,24 : 56.09"
"8,25 : 34.21"
"8,26 : 48.51"
"8,27 : 70.01"
"8,28 : 109.55"
"8,29 : 76.38"
"8,30 : 53.85"
"8,31 : 46.32"
"8,32 : 89.19"
"8,33 : 44.01"
"8,34 : 43.19"
"8,35 : 54.15"
"8,36 : 59.41"
"8,37 : 62.17"
"8,38 : 101.02"
"8,39 : 50.22"
"8,40 : 72.4"
"8,41 : 20.1"
"8,42 : 87.46"
"8,43 : 60.64"
"8,44 : 54.45"
"8,45 : 14.76"
"8,46 : 70.46"
"8,47 : 68.26"
"8,48 : 49.24"
"8,49 : 74.03"
"9,0 : 95.48"
"9,1 : 52.55"
"9,2 : 78.79"
"9,3 : 51.62"
"9,4 : 106.78"
"9,5 : 92.7"
"9,6 : 74.73"
"9,7 : 75.31"
"9,8 : 84.02"
"9,9 : 0.0"
"9,10 : 76.92"
"9,11 : 36.77"
"9,12 : 37.48"
"9,13 : 88.48"
"9,14 : 49.52"
"9,15 : 12.04"
"9,16 : 48.08"
"9,17 : 67.27"
"9,18 : 79.7"
"9,19 : 21.02"
"9,20 : 44.41"
"9,21 : 56.75"
"9,22 : 15.26"
"9,23 : 15.62"
"9,24 : 90.21"
"9,25 : 51.48"
"9,26 : 38.33"
"9,27 : 14.04"
"9,28 : 59.41"
"9,29 : 61.4"
"9,30 : 71.22"
"9,31 : 41.11"
"9,32 : 43.57"
"9,33 : 46.62"
"9,34 : 41.44"
"9,35 : 102.22"
"9,36 : 56.59"
"9,37 : 93.09"
"9,38 : 51.04"
"9,39 : 50.77"
"9,40 : 43.57"
"9,41 : 87.86"
"9,42 : 43.93"
"9,43 : 27.73"
"9,44 : 92.91"
"9,45 : 77.78"
"9,46 : 46.04"
"9,47 : 102.18"
"9,48 : 86.28"
"9,49 : 10.0"
"10,0 : 48.66"
"10,1 : 61.72"
"10,2 : 66.07"
"10,3 : 61.27"
"10,4 : 54.04"
"10,5 : 19.42"
"10,6 : 37.01"
"10,7 : 7.0"
"10,8 : 25.08"
"10,9 : 76.92"
"10,10 : 0.0"
"10,11 : 61.39"
"10,12 : 39.92"
"10,13 : 29.02"
"10,14 : 40.16"
"10,15 : 87.32"
"10,16 : 28.86"
"10,17 : 75.8"
"10,18 : 74.33"
"10,19 : 62.65"
"10,20 : 83.24"
"10,21 : 39.82"
"10,22 : 82.39"
"10,23 : 64.63"
"10,24 : 32.02"
"10,25 : 26.93"
"10,26 : 38.6"
"10,27 : 63.91"
"10,28 : 89.47"
"10,29 : 53.6"
"10,30 : 29.21"
"10,31 : 48.8"
"10,32 : 70.52"
"10,33 : 49.82"
"10,34 : 42.64"
"10,35 : 34.01"
"10,36 : 37.59"
"10,37 : 38.05"
"10,38 : 81.71"
"10,39 : 31.58"
"10,40 : 53.45"
"10,41 : 12.37"
"10,42 : 68.62"
"10,43 : 49.82"
"10,44 : 31.14"
"10,45 : 10.44"
"10,46 : 50.92"
"10,47 : 45.18"
"10,48 : 25.02"
"10,49 : 67.36"
"11,0 : 62.68"
"11,1 : 15.81"
"11,2 : 42.05"
"11,3 : 14.87"
"11,4 : 74.33"
"11,5 : 71.06"
"11,6 : 77.34"
"11,7 : 63.25"
"11,8 : 78.71"
"11,9 : 36.77"
"11,10 : 61.39"
"11,11 : 0.0"
"11,12 : 36.24"
"11,13 : 61.13"
"11,14 : 22.0"
"11,15 : 48.3"
"11,16 : 37.74"
"11,17 : 32.02"
"11,18 : 43.17"
"11,19 : 43.29"
"11,20 : 22.36"
"11,21 : 63.13"
"11,22 : 30.41"
"11,23 : 22.36"
"11,24 : 61.98"
"11,25 : 45.8"
"11,26 : 33.24"
"11,27 : 35.0"
"11,28 : 32.65"
"11,29 : 25.5"
"11,30 : 43.17"
"11,31 : 53.24"
"11,32 : 11.4"
"11,33 : 59.54"
"11,34 : 48.26"
"11,35 : 76.16"
"11,36 : 27.46"
"11,37 : 63.16"
"11,38 : 23.35"
"11,39 : 29.83"
"11,40 : 9.49"
"11,41 : 73.76"
"11,42 : 10.3"
"11,43 : 24.6"
"11,44 : 65.52"
"11,45 : 67.07"
"11,46 : 12.65"
"11,47 : 71.55"
"11,48 : 60.21"
"11,49 : 34.23"
"12,0 : 69.35"
"12,1 : 46.62"
"12,2 : 66.19"
"12,3 : 45.69"
"12,4 : 79.26"
"12,5 : 57.14"
"12,6 : 42.19"
"12,7 : 37.85"
"12,8 : 47.68"
"12,9 : 37.48"
"12,10 : 39.92"
"12,11 : 36.24"
"12,12 : 0.0"
"12,13 : 56.85"
"12,14 : 28.02"
"12,15 : 47.43"
"12,16 : 12.04"
"12,17 : 64.62"
"12,18 : 71.2"
"12,19 : 23.43"
"12,20 : 57.38"
"12,21 : 26.91"
"12,22 : 45.54"
"12,23 : 27.66"
"12,24 : 59.2"
"12,25 : 14.04"
"12,26 : 4.0"
"12,27 : 24.04"
"12,28 : 68.88"
"12,29 : 47.38"
"12,30 : 42.49"
"12,31 : 19.1"
"12,32 : 47.63"
"12,33 : 24.74"
"12,34 : 12.65"
"12,35 : 68.68"
"12,36 : 33.24"
"12,37 : 63.51"
"12,38 : 59.55"
"12,39 : 21.84"
"12,40 : 34.01"
"12,41 : 50.45"
"12,42 : 46.4"
"12,43 : 13.42"
"12,44 : 60.96"
"12,45 : 40.31"
"12,46 : 33.84"
"12,47 : 72.67"
"12,48 : 53.81"
"12,49 : 27.66"
"13,0 : 20.25"
"13,1 : 54.01"
"13,2 : 46.53"
"13,3 : 54.04"
"13,4 : 25.18"
"13,5 : 17.69"
"13,6 : 66.0"
"13,7 : 36.01"
"13,8 : 53.15"
"13,9 : 88.48"
"13,10 : 29.02"
"13,11 : 61.13"
"13,12 : 56.85"
"13,13 : 0.0"
"13,14 : 40.31"
"13,15 : 100.21"
"13,16 : 45.0"
"13,17 : 62.1"
"13,18 : 55.47"
"13,19 : 79.98"
"13,20 : 79.23"
"13,21 : 66.48"
"13,22 : 89.05"
"13,23 : 73.57"
"13,24 : 3.0"
"13,25 : 48.3"
"13,26 : 53.81"
"13,27 : 77.99"
"13,28 : 80.5"
"13,29 : 42.11"
"13,30 : 18.03"
"13,31 : 71.59"
"13,32 : 66.37"
"13,33 : 74.32"
"13,34 : 64.5"
"13,35 : 15.13"
"13,36 : 33.84"
"13,37 : 9.06"
"13,38 : 75.01"
"13,39 : 37.8"
"13,40 : 51.66"
"13,41 : 34.54"
"13,42 : 64.38"
"13,43 : 61.22"
"13,44 : 4.47"
"13,45 : 39.2"
"13,46 : 48.51"
"13,47 : 16.76"
"13,48 : 4.0"
"13,49 : 80.43"
"14,0 : 46.1"
"14,1 : 22.67"
"14,2 : 38.21"
"14,3 : 22.02"
"14,4 : 57.28"
"14,5 : 49.09"
"14,6 : 62.2"
"14,7 : 42.94"
"14,8 : 60.0"
"14,9 : 49.52"
"14,10 : 40.16"
"14,11 : 22.0"
"14,12 : 28.02"
"14,13 : 40.31"
"14,14 : 0.0"
"14,15 : 61.52"
"14,16 : 22.36"
"14,17 : 39.41"
"14,18 : 43.68"
"14,19 : 46.24"
"14,20 : 43.17"
"14,21 : 51.62"
"14,22 : 48.75"
"14,23 : 34.06"
"14,24 : 41.59"
"14,25 : 30.89"
"14,26 : 24.02"
"14,27 : 41.34"
"14,28 : 49.74"
"14,29 : 19.65"
"14,30 : 22.36"
"14,31 : 47.1"
"14,32 : 30.36"
"14,33 : 52.47"
"14,34 : 40.31"
"14,35 : 55.03"
"14,36 : 7.07"
"14,37 : 43.83"
"14,38 : 41.63"
"14,39 : 9.9"
"14,40 : 13.34"
"14,41 : 52.5"
"14,42 : 28.46"
"14,43 : 24.6"
"14,44 : 44.78"
"14,45 : 47.01"
"14,46 : 10.77"
"14,47 : 52.8"
"14,48 : 38.9"
"14,49 : 42.8"
"15,0 : 107.52"
"15,1 : 63.98"
"15,2 : 90.34"
"15,3 : 63.07"
"15,4 : 118.79"
"15,5 : 103.75"
"15,6 : 81.3"
"15,7 : 85.16"
"15,8 : 92.27"
"15,9 : 12.04"
"15,10 : 87.32"
"15,11 : 48.3"
"15,12 : 47.43"
"15,13 : 100.21"
"15,14 : 61.52"
"15,15 : 0.0"
"15,16 : 58.69"
"15,17 : 77.88"
"15,18 : 90.82"
"15,19 : 27.0"
"15,20 : 53.04"
"15,21 : 63.2"
"15,22 : 22.0"
"15,23 : 27.66"
"15,24 : 102.0"
"15,25 : 61.13"
"15,26 : 48.85"
"15,27 : 23.41"
"15,28 : 68.01"
"15,29 : 73.25"
"15,30 : 83.1"
"15,31 : 47.17"
"15,32 : 54.12"
"15,33 : 51.79"
"15,34 : 49.09"
"15,35 : 113.74"
"15,36 : 68.59"
"15,37 : 105.0"
"15,38 : 60.3"
"15,39 : 62.43"
"15,40 : 55.47"
"15,41 : 97.8"
"15,42 : 54.71"
"15,43 : 39.12"
"15,44 : 104.62"
"15,45 : 87.32"
"15,46 : 58.01"
"15,47 : 114.11"
"15,48 : 97.91"
"15,49 : 20.12"
"16,0 : 58.52"
"16,1 : 44.2"
"16,2 : 59.67"
"16,3 : 43.42"
"16,4 : 67.98"
"16,5 : 45.28"
"16,6 : 40.36"
"16,7 : 28.0"
"16,8 : 41.23"
"16,9 : 48.08"
"16,10 : 28.86"
"16,11 : 37.74"
"16,12 : 12.04"
"16,13 : 45.0"
"16,14 : 22.36"
"16,15 : 58.69"
"16,16 : 0.0"
"16,17 : 61.59"
"16,18 : 65.79"
"16,19 : 35.47"
"16,20 : 60.03"
"16,21 : 29.41"
"16,22 : 54.01"
"16,23 : 36.06"
"16,24 : 47.43"
"16,25 : 8.6"
"16,26 : 9.85"
"16,27 : 35.34"
"16,28 : 69.53"
"16,29 : 41.79"
"16,30 : 31.62"
"16,31 : 27.89"
"16,32 : 48.6"
"16,33 : 32.14"
"16,34 : 20.62"
"16,35 : 56.64"
"16,36 : 25.5"
"16,37 : 51.97"
"16,38 : 60.61"
"16,39 : 13.34"
"16,40 : 32.53"
"16,41 : 40.2"
"16,42 : 47.01"
"16,43 : 21.1"
"16,44 : 49.04"
"16,45 : 31.14"
"16,46 : 31.24"
"16,47 : 61.06"
"16,48 : 41.87"
"16,49 : 38.63"
"17,0 : 53.08"
"17,1 : 18.03"
"17,2 : 19.92"
"17,3 : 18.97"
"17,4 : 63.64"
"17,5 : 77.62"
"17,6 : 101.61"
"17,7 : 80.16"
"17,8 : 98.31"
"17,9 : 67.27"
"17,10 : 75.8"
"17,11 : 32.02"
"17,12 : 64.62"
"17,13 : 62.1"
"17,14 : 39.41"
"17,15 : 77.88"
"17,16 : 61.59"
"17,17 : 0.0"
"17,18 : 14.87"
"17,19 : 75.24"
"17,20 : 29.07"
"17,21 : 90.35"
"17,22 : 57.01"
"17,23 : 54.08"
"17,24 : 61.39"
"17,25 : 70.18"
"17,26 : 60.93"
"17,27 : 67.01"
"17,28 : 21.19"
"17,29 : 22.2"
"17,30 : 48.3"
"17,31 : 83.17"
"17,32 : 23.77"
"17,33 : 89.2"
"17,34 : 77.25"
"17,35 : 76.3"
"17,36 : 38.9"
"17,37 : 59.41"
"17,38 : 21.21"
"17,39 : 49.2"
"17,40 : 30.68"
"17,41 : 87.37"
"17,42 : 23.35"
"17,43 : 55.32"
"17,44 : 65.51"
"17,45 : 84.39"
"17,46 : 30.87"
"17,47 : 65.0"
"17,48 : 63.25"
"17,49 : 66.07"
"18,0 : 42.58"
"18,1 : 27.46"
"18,2 : 8.94"
"18,3 : 28.44"
"18,4 : 52.01"
"18,5 : 72.4"
"18,6 : 104.24"
"18,7 : 79.65"
"18,8 : 98.41"
"18,9 : 79.7"
"18,10 : 74.33"
"18,11 : 43.17"
"18,12 : 71.2"
"18,13 : 55.47"
"18,14 : 43.68"
"18,15 : 90.82"
"18,16 : 65.79"
"18,17 : 14.87"
"18,18 : 0.0"
"18,19 : 85.15"
"18,20 : 43.86"
"18,21 : 95.19"
"18,22 : 70.66"
"18,23 : 65.51"
"18,24 : 54.13"
"18,25 : 74.09"
"18,26 : 67.27"
"18,27 : 77.65"
"18,28 : 35.36"
"18,29 : 24.04"
"18,30 : 45.25"
"18,31 : 90.26"
"18,32 : 37.12"
"18,33 : 95.9"
"18,34 : 83.74"
"18,35 : 68.35"
"18,36 : 40.72"
"18,37 : 50.92"
"18,38 : 36.07"
"18,39 : 52.55"
"18,40 : 39.01"
"18,41 : 84.9"
"18,42 : 36.25"
"18,43 : 64.01"
"18,44 : 58.18"
"18,45 : 83.87"
"18,46 : 38.05"
"18,47 : 54.92"
"18,48 : 57.45"
"18,49 : 77.28"
"19,0 : 91.07"
"19,1 : 58.0"
"19,2 : 82.04"
"19,3 : 57.0"
"19,4 : 101.51"
"19,5 : 80.45"
"19,6 : 54.45"
"19,7 : 59.62"
"19,8 : 65.38"
"19,9 : 21.02"
"19,10 : 62.65"
"19,11 : 43.29"
"19,12 : 23.43"
"19,13 : 79.98"
"19,14 : 46.24"
"19,15 : 27.0"
"19,16 : 35.47"
"19,17 : 75.24"
"19,18 : 85.15"
"19,19 : 0.0"
"19,20 : 58.6"
"19,21 : 36.35"
"19,22 : 34.83"
"19,23 : 22.85"
"19,24 : 82.22"
"19,25 : 35.78"
"19,26 : 26.17"
"19,27 : 9.43"
"19,28 : 72.8"
"19,29 : 63.15"
"19,30 : 64.64"
"19,31 : 20.4"
"19,32 : 53.37"
"19,33 : 25.63"
"19,34 : 22.2"
"19,35 : 92.1"
"19,36 : 52.8"
"19,37 : 86.21"
"19,38 : 63.57"
"19,39 : 43.27"
"19,40 : 46.17"
"19,41 : 72.24"
"19,42 : 52.95"
"19,43 : 21.84"
"19,44 : 84.17"
"19,45 : 61.35"
"19,46 : 47.52"
"19,47 : 95.43"
"19,48 : 77.08"
"19,49 : 12.73"
"20,0 : 76.22"
"20,1 : 25.5"
"20,2 : 47.2"
"20,3 : 25.32"
"20,4 : 87.66"
"20,5 : 91.27"
"20,6 : 99.2"
"20,7 : 85.44"
"20,8 : 101.07"
"20,9 : 44.41"
"20,10 : 83.24"
"20,11 : 22.36"
"20,12 : 57.38"
"20,13 : 79.23"
"20,14 : 43.17"
"20,15 : 53.04"
"20,16 : 60.03"
"20,17 : 29.07"
"20,18 : 43.86"
"20,19 : 58.6"
"20,20 : 0.0"
"20,21 : 84.17"
"20,22 : 31.06"
"20,23 : 35.78"
"20,24 : 79.51"
"20,25 : 67.96"
"20,26 : 54.82"
"20,27 : 49.24"
"20,28 : 15.03"
"20,29 : 38.08"
"20,30 : 62.0"
"20,31 : 72.62"
"20,32 : 13.04"
"20,33 : 79.03"
"20,34 : 68.62"
"20,35 : 94.34"
"20,36 : 47.27"
"20,37 : 79.43"
"20,38 : 8.06"
"20,39 : 51.87"
"20,40 : 29.83"
"20,41 : 95.6"
"20,42 : 15.03"
"20,43 : 44.55"
"20,44 : 83.38"
"20,45 : 89.32"
"20,46 : 32.56"
"20,47 : 86.83"
"20,48 : 79.03"
"20,49 : 46.82"
"21,0 : 83.73"
"21,1 : 72.56"
"21,2 : 89.02"
"21,3 : 71.69"
"21,4 : 91.44"
"21,5 : 59.17"
"21,6 : 18.11"
"21,7 : 33.84"
"21,8 : 31.38"
"21,9 : 56.75"
"21,10 : 39.82"
"21,11 : 63.13"
"21,12 : 26.91"
"21,13 : 66.48"
"21,14 : 51.62"
"21,15 : 63.2"
"21,16 : 29.41"
"21,17 : 90.35"
"21,18 : 95.19"
"21,19 : 36.35"
"21,20 : 84.17"
"21,21 : 0.0"
"21,22 : 68.54"
"21,23 : 51.97"
"21,24 : 69.38"
"21,25 : 21.38"
"21,26 : 30.0"
"21,27 : 43.01"
"21,28 : 95.78"
"21,29 : 71.17"
"21,30 : 58.01"
"21,31 : 16.03"
"21,32 : 74.52"
"21,33 : 12.65"
"21,34 : 16.12"
"21,35 : 73.79"
"21,36 : 54.82"
"21,37 : 74.95"
"21,38 : 86.45"
"21,39 : 42.72"
"21,40 : 60.21"
"21,41 : 44.55"
"21,42 : 73.25"
"21,43 : 39.7"
"21,44 : 69.57"
"21,45 : 33.3"
"21,46 : 59.54"
"21,47 : 83.24"
"21,48 : 62.64"
"21,49 : 47.13"
"22,0 : 92.8"
"22,1 : 45.0"
"22,2 : 71.28"
"22,3 : 44.2"
"22,4 : 104.4"
"22,5 : 96.05"
"22,6 : 86.03"
"22,7 : 82.01"
"22,8 : 93.21"
"22,9 : 15.26"
"22,10 : 82.39"
"22,11 : 30.41"
"22,12 : 45.54"
"22,13 : 89.05"
"22,14 : 48.75"
"22,15 : 22.0"
"22,16 : 54.01"
"22,17 : 57.01"
"22,18 : 70.66"
"22,19 : 34.83"
"22,20 : 31.06"
"22,21 : 68.54"
"22,22 : 0.0"
"22,23 : 18.03"
"22,24 : 90.34"
"22,25 : 59.3"
"22,26 : 45.1"
"22,27 : 26.08"
"22,28 : 46.01"
"22,29 : 55.87"
"22,30 : 71.11"
"22,31 : 53.71"
"22,32 : 33.54"
"22,33 : 59.68"
"22,34 : 52.55"
"22,35 : 103.62"
"22,36 : 55.47"
"22,37 : 92.28"
"22,38 : 38.47"
"22,39 : 52.89"
"22,40 : 39.2"
"22,41 : 94.13"
"22,42 : 34.48"
"22,43 : 33.02"
"22,44 : 93.52"
"22,45 : 85.02"
"22,46 : 42.2"
"22,47 : 101.02"
"22,48 : 87.46"
"22,49 : 22.2"
"23,0 : 79.91"
"23,1 : 38.08"
"23,2 : 63.91"
"23,3 : 37.11"
"23,4 : 91.24"
"23,5 : 79.06"
"23,6 : 68.94"
"23,7 : 64.03"
"23,8 : 75.31"
"23,9 : 15.62"
"23,10 : 64.63"
"23,11 : 22.36"
"23,12 : 27.66"
"23,13 : 73.57"
"23,14 : 34.06"
"23,15 : 27.66"
"23,16 : 36.06"
"23,17 : 54.08"
"23,18 : 65.51"
"23,19 : 22.85"
"23,20 : 35.78"
"23,21 : 51.97"
"23,22 : 18.03"
"23,23 : 0.0"
"23,24 : 75.17"
"23,25 : 41.3"
"23,26 : 27.07"
"23,27 : 13.6"
"23,28 : 49.98"
"23,29 : 46.07"
"23,30 : 56.04"
"23,31 : 38.29"
"23,32 : 31.14"
"23,33 : 44.6"
"23,34 : 35.85"
"23,35 : 87.66"
"23,36 : 41.11"
"23,37 : 77.8"
"23,38 : 40.8"
"23,39 : 36.25"
"23,40 : 28.18"
"23,41 : 76.24"
"23,42 : 31.02"
"23,43 : 15.0"
"23,44 : 78.03"
"23,45 : 67.01"
"23,46 : 30.53"
"23,47 : 86.83"
"23,48 : 71.59"
"23,49 : 12.0"
"24,0 : 17.46"
"24,1 : 54.15"
"24,2 : 45.19"
"24,3 : 54.23"
"24,4 : 22.2"
"24,5 : 20.0"
"24,6 : 69.0"
"24,7 : 39.01"
"24,8 : 56.09"
"24,9 : 90.21"
"24,10 : 32.02"
"24,11 : 61.98"
"24,12 : 59.2"
"24,13 : 3.0"
"24,14 : 41.59"
"24,15 : 102.0"
"24,16 : 47.43"
"24,17 : 61.39"
"24,18 : 54.13"
"24,19 : 82.22"
"24,20 : 79.51"
"24,21 : 69.38"
"24,22 : 90.34"
"24,23 : 75.17"
"24,24 : 0.0"
"24,25 : 50.99"
"24,26 : 56.08"
"24,27 : 79.98"
"24,28 : 80.22"
"24,29 : 42.0"
"24,30 : 19.24"
"24,31 : 74.24"
"24,32 : 66.75"
"24,33 : 77.08"
"24,34 : 67.12"
"24,35 : 15.03"
"24,36 : 34.93"
"24,37 : 6.08"
"24,38 : 75.03"
"24,39 : 39.7"
"24,40 : 52.5"
"24,41 : 37.34"
"24,42 : 64.78"
"24,43 : 63.13"
"24,44 : 4.12"
"24,45 : 42.19"
"24,46 : 49.34"
"24,47 : 13.93"
"24,48 : 7.0"
"24,49 : 82.33"
"25,0 : 63.79"
"25,1 : 52.8"
"25,2 : 67.72"
"25,3 : 52.01"
"25,4 : 72.45"
"25,5 : 45.34"
"25,6 : 31.83"
"25,7 : 24.04"
"25,8 : 34.21"
"25,9 : 51.48"
"25,10 : 26.93"
"25,11 : 45.8"
"25,12 : 14.04"
"25,13 : 48.3"
"25,14 : 30.89"
"25,15 : 61.13"
"25,16 : 8.6"
"25,17 : 70.18"
"25,18 : 74.09"
"25,19 : 35.78"
"25,20 : 67.96"
"25,21 : 21.38"
"25,22 : 59.3"
"25,23 : 41.3"
"25,24 : 50.99"
"25,25 : 0.0"
"25,26 : 14.32"
"25,27 : 37.85"
"25,28 : 77.9"
"25,29 : 50.16"
"25,30 : 37.34"
"25,31 : 23.32"
"25,32 : 56.85"
"25,33 : 26.25"
"25,34 : 16.4"
"25,35 : 58.26"
"25,36 : 33.53"
"25,37 : 56.08"
"25,38 : 68.88"
"25,39 : 21.54"
"25,40 : 41.04"
"25,41 : 36.69"
"25,42 : 55.32"
"25,43 : 26.48"
"25,44 : 51.97"
"25,45 : 26.31"
"25,46 : 39.82"
"25,47 : 64.88"
"25,48 : 44.78"
"25,49 : 41.59"
"26,0 : 65.74"
"26,1 : 42.95"
"26,2 : 62.2"
"26,3 : 42.05"
"26,4 : 75.8"
"26,5 : 55.07"
"26,6 : 44.41"
"26,7 : 37.22"
"26,8 : 48.51"
"26,9 : 38.33"
"26,10 : 38.6"
"26,11 : 33.24"
"26,12 : 4.0"
"26,13 : 53.81"
"26,14 : 24.02"
"26,15 : 48.85"
"26,16 : 9.85"
"26,17 : 60.93"
"26,18 : 67.27"
"26,19 : 26.17"
"26,20 : 54.82"
"26,21 : 30.0"
"26,22 : 45.1"
"26,23 : 27.07"
"26,24 : 56.08"
"26,25 : 14.32"
"26,26 : 0.0"
"26,27 : 25.5"
"26,28 : 65.86"
"26,29 : 43.42"
"26,30 : 38.95"
"26,31 : 23.09"
"26,32 : 44.6"
"26,33 : 28.64"
"26,34 : 16.49"
"26,35 : 66.07"
"26,36 : 29.27"
"26,37 : 60.22"
"26,38 : 56.59"
"26,39 : 18.03"
"26,40 : 30.41"
"26,41 : 49.65"
"26,42 : 43.28"
"26,43 : 12.17"
"26,44 : 58.0"
"26,45 : 40.01"
"26,46 : 30.08"
"26,47 : 69.4"
"26,48 : 50.91"
"26,49 : 28.79"
"27,0 : 87.2"
"27,1 : 50.25"
"27,2 : 75.19"
"27,3 : 49.25"
"27,4 : 98.08"
"27,5 : 80.53"
"27,6 : 60.88"
"27,7 : 61.85"
"27,8 : 70.01"
"27,9 : 14.04"
"27,10 : 63.91"
"27,11 : 35.0"
"27,12 : 24.04"
"27,13 : 77.99"
"27,14 : 41.34"
"27,15 : 23.41"
"27,16 : 35.34"
"27,17 : 67.01"
"27,18 : 77.65"
"27,19 : 9.43"
"27,20 : 49.24"
"27,21 : 43.01"
"27,22 : 26.08"
"27,23 : 13.6"
"27,24 : 79.98"
"27,25 : 37.85"
"27,26 : 25.5"
"27,27 : 0.0"
"27,28 : 63.57"
"27,29 : 56.61"
"27,30 : 61.55"
"27,31 : 27.73"
"27,32 : 44.55"
"27,33 : 33.62"
"27,34 : 27.46"
"27,35 : 91.02"
"27,36 : 48.26"
"27,37 : 83.45"
"27,38 : 54.41"
"27,39 : 40.31"
"27,40 : 39.05"
"27,41 : 74.46"
"27,42 : 44.28"
"27,43 : 17.03"
"27,44 : 82.33"
"27,45 : 64.13"
"27,46 : 40.8"
"27,47 : 92.66"
"27,48 : 75.43"
"27,49 : 4.12"
"28,0 : 73.68"
"28,1 : 27.86"
"28,2 : 41.11"
"28,3 : 28.23"
"28,4 : 84.53"
"28,5 : 94.59"
"28,6 : 109.66"
"28,7 : 92.66"
"28,8 : 109.55"
"28,9 : 59.41"
"28,10 : 89.47"
"28,11 : 32.65"
"28,12 : 68.88"
"28,13 : 80.5"
"28,14 : 49.74"
"28,15 : 68.01"
"28,16 : 69.53"
"28,17 : 21.19"
"28,18 : 35.36"
"28,19 : 72.8"
"28,20 : 15.03"
"28,21 : 95.78"
"28,22 : 46.01"
"28,23 : 49.98"
"28,24 : 80.22"
"28,25 : 77.9"
"28,26 : 65.86"
"28,27 : 63.57"
"28,28 : 0.0"
"28,29 : 38.47"
"28,30 : 64.76"
"28,31 : 85.44"
"28,32 : 21.26"
"28,33 : 91.81"
"28,34 : 80.8"
"28,35 : 95.26"
"28,36 : 52.0"
"28,37 : 79.0"
"28,38 : 9.43"
"28,39 : 59.36"
"28,40 : 37.2"
"28,41 : 101.64"
"28,42 : 22.63"
"28,43 : 56.86"
"28,44 : 84.29"
"28,45 : 96.75"
"28,46 : 39.12"
"28,47 : 85.29"
"28,48 : 81.05"
"28,49 : 61.4"
"29,0 : 38.48"
"29,1 : 12.65"
"29,2 : 19.03"
"29,3 : 13.0"
"29,4 : 50.09"
"29,5 : 56.32"
"29,6 : 80.78"
"29,7 : 58.05"
"29,8 : 76.38"
"29,9 : 61.4"
"29,10 : 53.6"
"29,11 : 25.5"
"29,12 : 47.38"
"29,13 : 42.11"
"29,14 : 19.65"
"29,15 : 73.25"
"29,16 : 41.79"
"29,17 : 22.2"
"29,18 : 24.04"
"29,19 : 63.15"
"29,20 : 38.08"
"29,21 : 71.17"
"29,22 : 55.87"
"29,23 : 46.07"
"29,24 : 42.0"
"29,25 : 50.16"
"29,26 : 43.42"
"29,27 : 56.61"
"29,28 : 38.47"
"29,29 : 0.0"
"29,30 : 26.57"
"29,31 : 66.48"
"29,32 : 26.0"
"29,33 : 72.01"
"29,34 : 59.84"
"29,35 : 57.01"
"29,36 : 17.2"
"29,37 : 41.44"
"29,38 : 33.06"
"29,39 : 28.64"
"29,40 : 17.89"
"29,41 : 65.19"
"29,42 : 24.17"
"29,43 : 41.44"
"29,44 : 46.01"
"29,45 : 62.29"
"29,46 : 15.81"
"29,47 : 48.76"
"29,48 : 42.58"
"29,49 : 57.01"
"30,0 : 26.93"
"30,1 : 37.34"
"30,2 : 36.88"
"30,3 : 37.22"
"30,4 : 36.89"
"30,5 : 29.83"
"30,6 : 62.36"
"30,7 : 34.99"
"30,8 : 53.85"
"30,9 : 71.22"
"30,10 : 29.21"
"30,11 : 43.17"
"30,12 : 42.49"
"30,13 : 18.03"
"30,14 : 22.36"
"30,15 : 83.1"
"30,16 : 31.62"
"30,17 : 48.3"
"30,18 : 45.25"
"30,19 : 64.64"
"30,20 : 62.0"
"30,21 : 58.01"
"30,22 : 71.11"
"30,23 : 56.04"
"30,24 : 19.24"
"30,25 : 37.34"
"30,26 : 38.95"
"30,27 : 61.55"
"30,28 : 64.76"
"30,29 : 26.57"
"30,30 : 0.0"
"30,31 : 59.48"
"30,32 : 49.01"
"30,33 : 63.35"
"30,34 : 52.2"
"30,35 : 32.98"
"30,36 : 15.81"
"30,37 : 21.93"
"30,38 : 58.42"
"30,39 : 21.4"
"30,40 : 33.73"
"30,41 : 39.7"
"30,42 : 47.01"
"30,43 : 44.55"
"30,44 : 22.47"
"30,45 : 39.12"
"30,46 : 30.59"
"30,47 : 31.11"
"30,48 : 17.12"
"30,49 : 63.66"
"31,0 : 86.33"
"31,1 : 65.15"
"31,2 : 85.29"
"31,3 : 64.2"
"31,4 : 95.46"
"31,5 : 67.94"
"31,6 : 34.13"
"31,7 : 44.2"
"31,8 : 46.32"
"31,9 : 41.11"
"31,10 : 48.8"
"31,11 : 53.24"
"31,12 : 19.1"
"31,13 : 71.59"
"31,14 : 47.1"
"31,15 : 47.17"
"31,16 : 27.89"
"31,17 : 83.17"
"31,18 : 90.26"
"31,19 : 20.4"
"31,20 : 72.62"
"31,21 : 16.03"
"31,22 : 53.71"
"31,23 : 38.29"
"31,24 : 74.24"
"31,25 : 23.32"
"31,26 : 23.09"
"31,27 : 27.73"
"31,28 : 85.44"
"31,29 : 66.48"
"31,30 : 59.48"
"31,31 : 0.0"
"31,32 : 64.5"
"31,33 : 6.4"
"31,34 : 7.28"
"31,35 : 81.4"
"31,36 : 52.04"
"31,37 : 79.2"
"31,38 : 76.01"
"31,39 : 40.2"
"31,40 : 52.5"
"31,41 : 56.3"
"31,42 : 63.53"
"31,43 : 28.65"
"31,44 : 75.29"
"31,45 : 44.94"
"31,46 : 52.63"
"31,47 : 88.1"
"31,48 : 68.1"
"31,49 : 31.78"
"32,0 : 64.47"
"32,1 : 13.42"
"32,2 : 38.29"
"32,3 : 13.0"
"32,4 : 76.06"
"32,5 : 78.23"
"32,6 : 88.53"
"32,7 : 73.01"
"32,8 : 89.19"
"32,9 : 43.57"
"32,10 : 70.52"
"32,11 : 11.4"
"32,12 : 47.63"
"32,13 : 66.37"
"32,14 : 30.36"
"32,15 : 54.12"
"32,16 : 48.6"
"32,17 : 23.77"
"32,18 : 37.12"
"32,19 : 53.37"
"32,20 : 13.04"
"32,21 : 74.52"
"32,22 : 33.54"
"32,23 : 31.14"
"32,24 : 66.75"
"32,25 : 56.85"
"32,26 : 44.6"
"32,27 : 44.55"
"32,28 : 21.26"
"32,29 : 26.0"
"32,30 : 49.01"
"32,31 : 64.5"
"32,32 : 0.0"
"32,33 : 70.83"
"32,34 : 59.64"
"32,35 : 81.5"
"32,36 : 34.23"
"32,37 : 66.94"
"32,38 : 12.04"
"32,39 : 39.4"
"32,40 : 17.09"
"32,41 : 82.86"
"32,42 : 2.0"
"32,43 : 35.85"
"32,44 : 70.58"
"32,45 : 76.97"
"32,46 : 19.65"
"32,47 : 74.63"
"32,48 : 66.07"
"32,49 : 43.1"
"33,0 : 89.99"
"33,1 : 71.17"
"33,2 : 90.67"
"33,3 : 70.23"
"33,4 : 98.68"
"33,5 : 69.2"
"33,6 : 30.07"
"33,7 : 44.55"
"33,8 : 44.01"
"33,9 : 46.62"
"33,10 : 49.82"
"33,11 : 59.54"
"33,12 : 24.74"
"33,13 : 74.32"
"33,14 : 52.47"
"33,15 : 51.79"
"33,16 : 32.14"
"33,17 : 89.2"
"33,18 : 95.9"
"33,19 : 25.63"
"33,20 : 79.03"
"33,21 : 12.65"
"33,22 : 59.68"
"33,23 : 44.6"
"33,24 : 77.08"
"33,25 : 26.25"
"33,26 : 28.64"
"33,27 : 33.62"
"33,28 : 91.81"
"33,29 : 72.01"
"33,30 : 63.35"
"33,31 : 6.4"
"33,32 : 70.83"
"33,33 : 0.0"
"33,34 : 12.17"
"33,35 : 83.22"
"33,36 : 57.04"
"33,37 : 82.28"
"33,38 : 82.38"
"33,39 : 45.0"
"33,40 : 58.52"
"33,41 : 56.08"
"33,42 : 69.84"
"33,43 : 34.99"
"33,44 : 77.82"
"33,45 : 44.69"
"33,46 : 58.52"
"33,47 : 91.0"
"33,48 : 70.68"
"33,49 : 37.59"
"34,0 : 79.06"
"34,1 : 59.24"
"34,2 : 78.52"
"34,3 : 58.31"
"34,4 : 88.24"
"34,5 : 61.52"
"34,6 : 33.53"
"34,7 : 38.59"
"34,8 : 43.19"
"34,9 : 41.44"
"34,10 : 42.64"
"34,11 : 48.26"
"34,12 : 12.65"
"34,13 : 64.5"
"34,14 : 40.31"
"34,15 : 49.09"
"34,16 : 20.62"
"34,17 : 77.25"
"34,18 : 83.74"
"34,19 : 22.2"
"34,20 : 68.62"
"34,21 : 16.12"
"34,22 : 52.55"
"34,23 : 35.85"
"34,24 : 67.12"
"34,25 : 16.4"
"34,26 : 16.49"
"34,27 : 27.46"
"34,28 : 80.8"
"34,29 : 59.84"
"34,30 : 52.2"
"34,31 : 7.28"
"34,32 : 59.64"
"34,33 : 12.17"
"34,34 : 0.0"
"34,35 : 74.65"
"34,36 : 45.0"
"34,37 : 72.01"
"34,38 : 71.4"
"34,39 : 33.06"
"34,40 : 46.62"
"34,41 : 51.0"
"34,42 : 58.52"
"34,43 : 24.08"
"34,44 : 68.26"
"34,45 : 39.81"
"34,46 : 46.49"
"34,47 : 80.95"
"34,48 : 61.06"
"34,49 : 31.58"
"35,0 : 27.8"
"35,1 : 69.07"
"35,2 : 59.46"
"35,3 : 69.12"
"35,4 : 25.94"
"35,5 : 15.3"
"35,6 : 69.63"
"35,7 : 40.5"
"35,8 : 54.15"
"35,9 : 102.22"
"35,10 : 34.01"
"35,11 : 76.16"
"35,12 : 68.68"
"35,13 : 15.13"
"35,14 : 55.03"
"35,15 : 113.74"
"35,16 : 56.64"
"35,17 : 76.3"
"35,18 : 68.35"
"35,19 : 92.1"
"35,20 : 94.34"
"35,21 : 73.79"
"35,22 : 103.62"
"35,23 : 87.66"
"35,24 : 15.03"
"35,25 : 58.26"
"35,26 : 66.07"
"35,27 : 91.02"
"35,28 : 95.26"
"35,29 : 57.01"
"35,30 : 32.98"
"35,31 : 81.4"
"35,32 : 81.5"
"35,33 : 83.22"
"35,34 : 74.65"
"35,35 : 0.0"
"35,36 : 48.76"
"35,37 : 17.46"
"35,38 : 90.01"
"35,39 : 51.48"
"35,40 : 66.71"
"35,41 : 34.06"
"35,42 : 79.51"
"35,43 : 74.63"
"35,44 : 11.0"
"35,45 : 42.45"
"35,46 : 63.56"
"35,47 : 17.2"
"35,48 : 16.16"
"35,49 : 93.74"
"36,0 : 39.05"
"36,1 : 24.17"
"36,2 : 34.21"
"36,3 : 23.77"
"36,4 : 50.21"
"36,5 : 44.05"
"36,6 : 63.63"
"36,7 : 41.4"
"36,8 : 59.41"
"36,9 : 56.59"
"36,10 : 37.59"
"36,11 : 27.46"
"36,12 : 33.24"
"36,13 : 33.84"
"36,14 : 7.07"
"36,15 : 68.59"
"36,16 : 25.5"
"36,17 : 38.9"
"36,18 : 40.72"
"36,19 : 52.8"
"36,20 : 47.27"
"36,21 : 54.82"
"36,22 : 55.47"
"36,23 : 41.11"
"36,24 : 34.93"
"36,25 : 33.53"
"36,26 : 29.27"
"36,27 : 48.26"
"36,28 : 52.0"
"36,29 : 17.2"
"36,30 : 15.81"
"36,31 : 52.04"
"36,32 : 34.23"
"36,33 : 57.04"
"36,34 : 45.0"
"36,35 : 48.76"
"36,36 : 0.0"
"36,37 : 36.89"
"36,38 : 44.64"
"36,39 : 12.17"
"36,40 : 18.11"
"36,41 : 49.66"
"36,42 : 32.25"
"36,43 : 31.38"
"36,44 : 38.28"
"36,45 : 45.61"
"36,46 : 15.03"
"36,47 : 45.8"
"36,48 : 32.76"
"36,49 : 49.82"
"37,0 : 11.66"
"37,1 : 53.94"
"37,2 : 42.06"
"37,3 : 54.13"
"37,4 : 16.49"
"37,5 : 25.55"
"37,6 : 75.01"
"37,7 : 45.04"
"37,8 : 62.17"
"37,9 : 93.09"
"37,10 : 38.05"
"37,11 : 63.16"
"37,12 : 63.51"
"37,13 : 9.06"
"37,14 : 43.83"
"37,15 : 105.0"
"37,16 : 51.97"
"37,17 : 59.41"
"37,18 : 50.92"
"37,19 : 86.21"
"37,20 : 79.43"
"37,21 : 74.95"
"37,22 : 92.28"
"37,23 : 77.8"
"37,24 : 6.08"
"37,25 : 56.08"
"37,26 : 60.22"
"37,27 : 83.45"
"37,28 : 79.0"
"37,29 : 41.44"
"37,30 : 21.93"
"37,31 : 79.2"
"37,32 : 66.94"
"37,33 : 82.28"
"37,34 : 72.01"
"37,35 : 17.46"
"37,36 : 36.89"
"37,37 : 0.0"
"37,38 : 74.43"
"37,39 : 43.19"
"37,40 : 53.71"
"37,41 : 43.32"
"37,42 : 65.0"
"37,43 : 66.47"
"37,44 : 8.6"
"37,45 : 48.26"
"37,46 : 50.57"
"37,47 : 9.22"
"37,48 : 13.04"
"37,49 : 85.59"
"38,0 : 70.34"
"38,1 : 21.1"
"38,2 : 39.96"
"38,3 : 21.21"
"38,4 : 81.61"
"38,5 : 88.12"
"38,6 : 100.57"
"38,7 : 84.53"
"38,8 : 101.02"
"38,9 : 51.04"
"38,10 : 81.71"
"38,11 : 23.35"
"38,12 : 59.55"
"38,13 : 75.01"
"38,14 : 41.63"
"38,15 : 60.3"
"38,16 : 60.61"
"38,17 : 21.21"
"38,18 : 36.07"
"38,19 : 63.57"
"38,20 : 8.06"
"38,21 : 86.45"
"38,22 : 38.47"
"38,23 : 40.8"
"38,24 : 75.03"
"38,25 : 68.88"
"38,26 : 56.59"
"38,27 : 54.41"
"38,28 : 9.43"
"38,29 : 33.06"
"38,30 : 58.42"
"38,31 : 76.01"
"38,32 : 12.04"
"38,33 : 82.38"
"38,34 : 71.4"
"38,35 : 90.01"
"38,36 : 44.64"
"38,37 : 74.43"
"38,38 : 0.0"
"38,39 : 51.0"
"38,40 : 28.65"
"38,41 : 93.98"
"38,42 : 13.6"
"38,43 : 47.43"
"38,44 : 79.01"
"38,45 : 88.55"
"38,46 : 30.87"
"38,47 : 81.39"
"38,48 : 75.17"
"38,49 : 52.39"
"39,0 : 47.89"
"39,1 : 32.56"
"39,2 : 46.32"
"39,3 : 31.89"
"39,4 : 58.25"
"39,5 : 43.17"
"39,6 : 52.43"
"39,7 : 33.62"
"39,8 : 50.22"
"39,9 : 50.77"
"39,10 : 31.58"
"39,11 : 29.83"
"39,12 : 21.84"
"39,13 : 37.8"
"39,14 : 9.9"
"39,15 : 62.43"
"39,16 : 13.34"
"39,17 : 49.2"
"39,18 : 52.55"
"39,19 : 43.27"
"39,20 : 51.87"
"39,21 : 42.72"
"39,22 : 52.89"
"39,23 : 36.25"
"39,24 : 39.7"
"39,25 : 21.54"
"39,26 : 18.03"
"39,27 : 40.31"
"39,28 : 59.36"
"39,29 : 28.64"
"39,30 : 21.4"
"39,31 : 40.2"
"39,32 : 39.4"
"39,33 : 45.0"
"39,34 : 33.06"
"39,35 : 51.48"
"39,36 : 12.17"
"39,37 : 43.19"
"39,38 : 51.0"
"39,39 : 0.0"
"39,40 : 22.36"
"39,41 : 43.93"
"39,42 : 37.58"
"39,43 : 23.43"
"39,44 : 42.2"
"39,45 : 37.58"
"39,46 : 20.25"
"39,47 : 52.4"
"39,48 : 35.51"
"39,49 : 42.64"
"40,0 : 53.6"
"40,1 : 12.65"
"40,2 : 36.14"
"40,3 : 11.7"
"40,4 : 65.22"
"40,5 : 62.0"
"40,6 : 72.86"
"40,7 : 55.95"
"40,8 : 72.4"
"40,9 : 43.57"
"40,10 : 53.45"
"40,11 : 9.49"
"40,12 : 34.01"
"40,13 : 51.66"
"40,14 : 13.34"
"40,15 : 55.47"
"40,16 : 32.53"
"40,17 : 30.68"
"40,18 : 39.01"
"40,19 : 46.17"
"40,20 : 29.83"
"40,21 : 60.21"
"40,22 : 39.2"
"40,23 : 28.18"
"40,24 : 52.5"
"40,25 : 41.04"
"40,26 : 30.41"
"40,27 : 39.05"
"40,28 : 37.2"
"40,29 : 17.89"
"40,30 : 33.73"
"40,31 : 52.5"
"40,32 : 17.09"
"40,33 : 58.52"
"40,34 : 46.62"
"40,35 : 66.71"
"40,36 : 18.11"
"40,37 : 53.71"
"40,38 : 28.65"
"40,39 : 22.36"
"40,40 : 0.0"
"40,41 : 65.8"
"40,42 : 15.23"
"40,43 : 25.08"
"40,44 : 56.04"
"40,45 : 59.93"
"40,46 : 3.16"
"40,47 : 62.18"
"40,48 : 50.8"
"40,49 : 39.22"
"41,0 : 54.78"
"41,1 : 73.82"
"41,2 : 76.37"
"41,3 : 73.41"
"41,4 : 57.87"
"41,5 : 19.03"
"41,6 : 36.4"
"41,7 : 12.65"
"41,8 : 20.1"
"41,9 : 87.86"
"41,10 : 12.37"
"41,11 : 73.76"
"41,12 : 50.45"
"41,13 : 34.54"
"41,14 : 52.5"
"41,15 : 97.8"
"41,16 : 40.2"
"41,17 : 87.37"
"41,18 : 84.9"
"41,19 : 72.24"
"41,20 : 95.6"
"41,21 : 44.55"
"41,22 : 94.13"
"41,23 : 76.24"
"41,24 : 37.34"
"41,25 : 36.69"
"41,26 : 49.65"
"41,27 : 74.46"
"41,28 : 101.64"
"41,29 : 65.19"
"41,30 : 39.7"
"41,31 : 56.3"
"41,32 : 82.86"
"41,33 : 56.08"
"41,34 : 51.0"
"41,35 : 34.06"
"41,36 : 49.66"
"41,37 : 43.32"
"41,38 : 93.98"
"41,39 : 43.93"
"41,40 : 65.8"
"41,41 : 0.0"
"41,42 : 80.96"
"41,43 : 61.29"
"41,44 : 35.17"
"41,45 : 11.4"
"41,46 : 63.25"
"41,47 : 48.66"
"41,48 : 30.87"
"41,49 : 78.1"
"42,0 : 62.65"
"42,1 : 11.66"
"42,2 : 37.01"
"42,3 : 11.18"
"42,4 : 74.25"
"42,5 : 76.24"
"42,6 : 87.05"
"42,7 : 71.18"
"42,8 : 87.46"
"42,9 : 43.93"
"42,10 : 68.62"
"42,11 : 10.3"
"42,12 : 46.4"
"42,13 : 64.38"
"42,14 : 28.46"
"42,15 : 54.71"
"42,16 : 47.01"
"42,17 : 23.35"
"42,18 : 36.25"
"42,19 : 52.95"
"42,20 : 15.03"
"42,21 : 73.25"
"42,22 : 34.48"
"42,23 : 31.02"
"42,24 : 64.78"
"42,25 : 55.32"
"42,26 : 43.28"
"42,27 : 44.28"
"42,28 : 22.63"
"42,29 : 24.17"
"42,30 : 47.01"
"42,31 : 63.53"
"42,32 : 2.0"
"42,33 : 69.84"
"42,34 : 58.52"
"42,35 : 79.51"
"42,36 : 32.25"
"42,37 : 65.0"
"42,38 : 13.6"
"42,39 : 37.58"
"42,40 : 15.23"
"42,41 : 80.96"
"42,42 : 0.0"
"42,43 : 34.89"
"42,44 : 68.59"
"42,45 : 75.15"
"42,46 : 17.72"
"42,47 : 72.73"
"42,48 : 64.07"
"42,49 : 43.01"
"43,0 : 70.21"
"43,1 : 37.48"
"43,2 : 60.41"
"43,3 : 36.5"
"43,4 : 81.06"
"43,5 : 65.0"
"43,6 : 55.57"
"43,7 : 49.04"
"43,8 : 60.64"
"43,9 : 27.73"
"43,10 : 49.82"
"43,11 : 24.6"
"43,12 : 13.42"
"43,13 : 61.22"
"43,14 : 24.6"
"43,15 : 39.12"
"43,16 : 21.1"
"43,17 : 55.32"
"43,18 : 64.01"
"43,19 : 21.84"
"43,20 : 44.55"
"43,21 : 39.7"
"43,22 : 33.02"
"43,23 : 15.0"
"43,24 : 63.13"
"43,25 : 26.48"
"43,26 : 12.17"
"43,27 : 17.03"
"43,28 : 56.86"
"43,29 : 41.44"
"43,30 : 44.55"
"43,31 : 28.65"
"43,32 : 35.85"
"43,33 : 34.99"
"43,34 : 24.08"
"43,35 : 74.63"
"43,36 : 31.38"
"43,37 : 66.47"
"43,38 : 47.43"
"43,39 : 23.43"
"43,40 : 25.08"
"43,41 : 61.29"
"43,42 : 34.89"
"43,43 : 0.0"
"43,44 : 65.6"
"43,45 : 52.01"
"43,46 : 26.02"
"43,47 : 75.66"
"43,48 : 58.82"
"43,49 : 19.21"
"44,0 : 20.25"
"44,1 : 58.08"
"44,2 : 49.24"
"44,3 : 58.14"
"44,4 : 23.02"
"44,5 : 17.0"
"44,6 : 68.12"
"44,7 : 38.12"
"44,8 : 54.45"
"44,9 : 92.91"
"44,10 : 31.14"
"44,11 : 65.52"
"44,12 : 60.96"
"44,13 : 4.47"
"44,14 : 44.78"
"44,15 : 104.62"
"44,16 : 49.04"
"44,17 : 65.51"
"44,18 : 58.18"
"44,19 : 84.17"
"44,20 : 83.38"
"44,21 : 69.57"
"44,22 : 93.52"
"44,23 : 78.03"
"44,24 : 4.12"
"44,25 : 51.97"
"44,26 : 58.0"
"44,27 : 82.33"
"44,28 : 84.29"
"44,29 : 46.01"
"44,30 : 22.47"
"44,31 : 75.29"
"44,32 : 70.58"
"44,33 : 77.82"
"44,34 : 68.26"
"44,35 : 11.0"
"44,36 : 38.28"
"44,37 : 8.6"
"44,38 : 79.01"
"44,39 : 42.2"
"44,40 : 56.04"
"44,41 : 35.17"
"44,42 : 68.59"
"44,43 : 65.6"
"44,44 : 0.0"
"44,45 : 41.0"
"44,46 : 52.89"
"44,47 : 14.04"
"44,48 : 7.21"
"44,49 : 84.81"
"45,0 : 59.03"
"45,1 : 69.34"
"45,2 : 75.8"
"45,3 : 68.8"
"45,4 : 64.01"
"45,5 : 27.2"
"45,6 : 27.29"
"45,7 : 4.24"
"45,8 : 14.76"
"45,9 : 77.78"
"45,10 : 10.44"
"45,11 : 67.07"
"45,12 : 40.31"
"45,13 : 39.2"
"45,14 : 47.01"
"45,15 : 87.32"
"45,16 : 31.14"
"45,17 : 84.39"
"45,18 : 83.87"
"45,19 : 61.35"
"45,20 : 89.32"
"45,21 : 33.3"
"45,22 : 85.02"
"45,23 : 67.01"
"45,24 : 42.19"
"45,25 : 26.31"
"45,26 : 40.01"
"45,27 : 64.13"
"45,28 : 96.75"
"45,29 : 62.29"
"45,30 : 39.12"
"45,31 : 44.94"
"45,32 : 76.97"
"45,33 : 44.69"
"45,34 : 39.81"
"45,35 : 42.45"
"45,36 : 45.61"
"45,37 : 48.26"
"45,38 : 88.55"
"45,39 : 37.58"
"45,40 : 59.93"
"45,41 : 11.4"
"45,42 : 75.15"
"45,43 : 52.01"
"45,44 : 41.0"
"45,45 : 0.0"
"45,46 : 57.71"
"45,47 : 55.01"
"45,48 : 35.23"
"45,49 : 67.9"
"46,0 : 50.61"
"46,1 : 13.04"
"46,2 : 34.53"
"46,3 : 12.21"
"46,4 : 62.2"
"46,5 : 59.01"
"46,6 : 71.59"
"46,7 : 53.67"
"46,8 : 70.46"
"46,9 : 46.04"
"46,10 : 50.92"
"46,11 : 12.65"
"46,12 : 33.84"
"46,13 : 48.51"
"46,14 : 10.77"
"46,15 : 58.01"
"46,16 : 31.24"
"46,17 : 30.87"
"46,18 : 38.05"
"46,19 : 47.52"
"46,20 : 32.56"
"46,21 : 59.54"
"46,22 : 42.2"
"46,23 : 30.53"
"46,24 : 49.34"
"46,25 : 39.82"
"46,26 : 30.08"
"46,27 : 40.8"
"46,28 : 39.12"
"46,29 : 15.81"
"46,30 : 30.59"
"46,31 : 52.63"
"46,32 : 19.65"
"46,33 : 58.52"
"46,34 : 46.49"
"46,35 : 63.56"
"46,36 : 15.03"
"46,37 : 50.57"
"46,38 : 30.87"
"46,39 : 20.25"
"46,40 : 3.16"
"46,41 : 63.25"
"46,42 : 17.72"
"46,43 : 26.02"
"46,44 : 52.89"
"46,45 : 57.71"
"46,46 : 0.0"
"46,47 : 59.06"
"46,48 : 47.68"
"46,49 : 41.23"
"47,0 : 12.37"
"47,1 : 61.4"
"47,2 : 46.39"
"47,3 : 61.68"
"47,4 : 9.22"
"47,5 : 29.83"
"47,6 : 82.15"
"47,7 : 52.15"
"47,8 : 68.26"
"47,9 : 102.18"
"47,10 : 45.18"
"47,11 : 71.55"
"47,12 : 72.67"
"47,13 : 16.76"
"47,14 : 52.8"
"47,15 : 114.11"
"47,16 : 61.06"
"47,17 : 65.0"
"47,18 : 54.92"
"47,19 : 95.43"
"47,20 : 86.83"
"47,21 : 83.24"
"47,22 : 101.02"
"47,23 : 86.83"
"47,24 : 13.93"
"47,25 : 64.88"
"47,26 : 69.4"
"47,27 : 92.66"
"47,28 : 85.29"
"47,29 : 48.76"
"47,30 : 31.11"
"47,31 : 88.1"
"47,32 : 74.63"
"47,33 : 91.0"
"47,34 : 80.95"
"47,35 : 17.2"
"47,36 : 45.8"
"47,37 : 9.22"
"47,38 : 81.39"
"47,39 : 52.4"
"47,40 : 62.18"
"47,41 : 48.66"
"47,42 : 72.73"
"47,43 : 75.66"
"47,44 : 14.04"
"47,45 : 55.01"
"47,46 : 59.06"
"47,47 : 0.0"
"47,48 : 20.62"
"47,49 : 94.76"
"48,0 : 24.04"
"48,1 : 54.08"
"48,2 : 48.55"
"48,3 : 54.04"
"48,4 : 29.15"
"48,5 : 15.0"
"48,6 : 62.0"
"48,7 : 32.02"
"48,8 : 49.24"
"48,9 : 86.28"
"48,10 : 25.02"
"48,11 : 60.21"
"48,12 : 53.81"
"48,13 : 4.0"
"48,14 : 38.9"
"48,15 : 97.91"
"48,16 : 41.87"
"48,17 : 63.25"
"48,18 : 57.45"
"48,19 : 77.08"
"48,20 : 79.03"
"48,21 : 62.64"
"48,22 : 87.46"
"48,23 : 71.59"
"48,24 : 7.0"
"48,25 : 44.78"
"48,26 : 50.91"
"48,27 : 75.43"
"48,28 : 81.05"
"48,29 : 42.58"
"48,30 : 17.12"
"48,31 : 68.1"
"48,32 : 66.07"
"48,33 : 70.68"
"48,34 : 61.06"
"48,35 : 16.16"
"48,36 : 32.76"
"48,37 : 13.04"
"48,38 : 75.17"
"48,39 : 35.51"
"48,40 : 50.8"
"48,41 : 30.87"
"48,42 : 64.07"
"48,43 : 58.82"
"48,44 : 7.21"
"48,45 : 35.23"
"48,46 : 47.68"
"48,47 : 20.62"
"48,48 : 0.0"
"48,49 : 78.01"
"49,0 : 88.87"
"49,1 : 49.82"
"49,2 : 75.29"
"49,3 : 48.84"
"49,4 : 99.9"
"49,5 : 83.63"
"49,6 : 65.0"
"49,7 : 65.51"
"49,8 : 74.03"
"49,9 : 10.0"
"49,10 : 67.36"
"49,11 : 34.23"
"49,12 : 27.66"
"49,13 : 80.43"
"49,14 : 42.8"
"49,15 : 20.12"
"49,16 : 38.63"
"49,17 : 66.07"
"49,18 : 77.28"
"49,19 : 12.73"
"49,20 : 46.82"
"49,21 : 47.13"
"49,22 : 22.2"
"49,23 : 12.0"
"49,24 : 82.33"
"49,25 : 41.59"
"49,26 : 28.79"
"49,27 : 4.12"
"49,28 : 61.4"
"49,29 : 57.01"
"49,30 : 63.66"
"49,31 : 31.78"
"49,32 : 43.1"
"49,33 : 37.59"
"49,34 : 31.58"
"49,35 : 93.74"
"49,36 : 49.82"
"49,37 : 85.59"
"49,38 : 52.39"
"49,39 : 42.64"
"49,40 : 39.22"
"49,41 : 78.1"
"49,42 : 43.01"
"49,43 : 19.21"
"49,44 : 84.81"
"49,45 : 67.9"
"49,46 : 41.23"
"49,47 : 94.76"
"49,48 : 78.01"
"49,49 : 0.0"
