x,y
60,88
17,22
36,45
8,55
26,98
37,12
68,88
22,71
33,87
80,95
2,55
48,71
25,8
55,2
67,91
29,91
93,73
24,6
93,60
56,78
24,8
40,72
46,48
63,73
34,77
69,97
27,85
86,52
34,79
28,87
3,47
53,18
37,42
38,98
56,28
86,78
54,8
0,46
5,44
91,95
94,93
15,44
22,92
25,8
47,22
11,42
64,35
52,26
8,12
78,56

Distanze
"0,0 : 0.0"
"0,1 : 78.77"
"0,2 : 49.24"
"0,3 : 61.59"
"0,4 : 35.44"
"0,5 : 79.4"
"0,6 : 8.0"
"0,7 : 41.63"
"0,8 : 27.02"
"0,9 : 21.19"
"0,10 : 66.73"
"0,11 : 20.81"
"0,12 : 87.32"
"0,13 : 86.15"
"0,14 : 7.62"
"0,15 : 31.14"
"0,16 : 36.25"
"0,17 : 89.55"
"0,18 : 43.28"
"0,19 : 10.77"
"0,20 : 87.73"
"0,21 : 25.61"
"0,22 : 42.38"
"0,23 : 15.3"
"0,24 : 28.23"
"0,25 : 12.73"
"0,26 : 33.14"
"0,27 : 44.41"
"0,28 : 27.51"
"0,29 : 32.02"
"0,30 : 70.21"
"0,31 : 70.35"
"0,32 : 51.43"
"0,33 : 24.17"
"0,34 : 60.13"
"0,35 : 27.86"
"0,36 : 80.22"
"0,37 : 73.24"
"0,38 : 70.43"
"0,39 : 31.78"
"0,40 : 34.37"
"0,41 : 62.94"
"0,42 : 38.21"
"0,43 : 87.32"
"0,44 : 67.27"
"0,45 : 67.21"
"0,46 : 53.15"
"0,47 : 62.51"
"0,48 : 92.09"
"0,49 : 36.72"
"1,0 : 78.77"
"1,1 : 0.0"
"1,2 : 29.83"
"1,3 : 34.21"
"1,4 : 76.53"
"1,5 : 22.36"
"1,6 : 83.41"
"1,7 : 49.25"
"1,8 : 66.94"
"1,9 : 96.43"
"1,10 : 36.25"
"1,11 : 57.98"
"1,12 : 16.12"
"1,13 : 42.94"
"1,14 : 85.21"
"1,15 : 70.04"
"1,16 : 91.53"
"1,17 : 17.46"
"1,18 : 84.97"
"1,19 : 68.24"
"1,20 : 15.65"
"1,21 : 55.04"
"1,22 : 38.95"
"1,23 : 68.68"
"1,24 : 57.57"
"1,25 : 91.26"
"1,26 : 63.79"
"1,27 : 75.24"
"1,28 : 59.48"
"1,29 : 65.92"
"1,30 : 28.65"
"1,31 : 36.22"
"1,32 : 28.28"
"1,33 : 78.85"
"1,34 : 39.46"
"1,35 : 88.87"
"1,36 : 39.56"
"1,37 : 29.41"
"1,38 : 25.06"
"1,39 : 103.95"
"1,40 : 104.74"
"1,41 : 22.09"
"1,42 : 70.18"
"1,43 : 16.12"
"1,44 : 30.0"
"1,45 : 20.88"
"1,46 : 48.76"
"1,47 : 35.23"
"1,48 : 13.45"
"1,49 : 69.84"
"2,0 : 49.24"
"2,1 : 29.83"
"2,2 : 0.0"
"2,3 : 29.73"
"2,4 : 53.94"
"2,5 : 33.02"
"2,6 : 53.6"
"2,7 : 29.53"
"2,8 : 42.11"
"2,9 : 66.6"
"2,10 : 35.44"
"2,11 : 28.64"
"2,12 : 38.6"
"2,13 : 47.01"
"2,14 : 55.47"
"2,15 : 46.53"
"2,16 : 63.51"
"2,17 : 40.8"
"2,18 : 58.94"
"2,19 : 38.59"
"2,20 : 38.9"
"2,21 : 27.29"
"2,22 : 10.44"
"2,23 : 38.9"
"2,24 : 32.06"
"2,25 : 61.59"
"2,26 : 41.0"
"2,27 : 50.49"
"2,28 : 34.06"
"2,29 : 42.76"
"2,30 : 33.06"
"2,31 : 31.91"
"2,32 : 3.16"
"2,33 : 53.04"
"2,34 : 26.25"
"2,35 : 59.91"
"2,36 : 41.15"
"2,37 : 36.01"
"2,38 : 31.02"
"2,39 : 74.33"
"2,40 : 75.29"
"2,41 : 21.02"
"2,42 : 49.04"
"2,43 : 38.6"
"2,44 : 25.5"
"2,45 : 25.18"
"2,46 : 29.73"
"2,47 : 24.84"
"2,48 : 43.28"
"2,49 : 43.42"
"3,0 : 61.59"
"3,1 : 34.21"
"3,2 : 29.73"
"3,3 : 0.0"
"3,4 : 46.62"
"3,5 : 51.87"
"3,6 : 68.48"
"3,7 : 21.26"
"3,8 : 40.61"
"3,9 : 82.37"
"3,10 : 6.0"
"3,11 : 43.08"
"3,12 : 49.98"
"3,13 : 70.84"
"3,14 : 69.12"
"3,15 : 41.68"
"3,16 : 86.88"
"3,17 : 51.55"
"3,18 : 85.15"
"3,19 : 53.23"
"3,20 : 49.65"
"3,21 : 36.24"
"3,22 : 38.64"
"3,23 : 57.87"
"3,24 : 34.06"
"3,25 : 74.06"
"3,26 : 35.51"
"3,27 : 78.06"
"3,28 : 35.38"
"3,29 : 37.74"
"3,30 : 9.43"
"3,31 : 58.26"
"3,32 : 31.78"
"3,33 : 52.43"
"3,34 : 55.07"
"3,35 : 81.32"
"3,36 : 65.76"
"3,37 : 12.04"
"3,38 : 11.4"
"3,39 : 92.14"
"3,40 : 94.02"
"3,41 : 13.04"
"3,42 : 39.56"
"3,43 : 49.98"
"3,44 : 51.09"
"3,45 : 13.34"
"3,46 : 59.46"
"3,47 : 52.7"
"3,48 : 43.0"
"3,49 : 70.01"
"4,0 : 35.44"
"4,1 : 76.53"
"4,2 : 53.94"
"4,3 : 46.62"
"4,4 : 0.0"
"4,5 : 86.7"
"4,6 : 43.17"
"4,7 : 27.29"
"4,8 : 13.04"
"4,9 : 54.08"
"4,10 : 49.24"
"4,11 : 34.83"
"4,12 : 90.01"
"4,13 : 100.28"
"4,14 : 41.59"
"4,15 : 7.62"
"4,16 : 71.51"
"4,17 : 92.02"
"4,18 : 77.03"
"4,19 : 36.06"
"4,20 : 90.02"
"4,21 : 29.53"
"4,22 : 53.85"
"4,23 : 44.65"
"4,24 : 22.47"
"4,25 : 43.01"
"4,26 : 13.04"
"4,27 : 75.6"
"4,28 : 20.62"
"4,29 : 11.18"
"4,30 : 55.95"
"4,31 : 84.43"
"4,32 : 57.07"
"4,33 : 12.0"
"4,34 : 76.16"
"4,35 : 63.25"
"4,36 : 94.25"
"4,37 : 58.14"
"4,38 : 57.94"
"4,39 : 65.07"
"4,40 : 68.18"
"4,41 : 55.11"
"4,42 : 7.21"
"4,43 : 90.01"
"4,44 : 78.85"
"4,45 : 57.97"
"4,46 : 73.57"
"4,47 : 76.55"
"4,48 : 87.86"
"4,49 : 66.84"
"5,0 : 79.4"
"5,1 : 22.36"
"5,2 : 33.02"
"5,3 : 51.87"
"5,4 : 86.7"
"5,5 : 0.0"
"5,6 : 82.08"
"5,7 : 60.88"
"5,8 : 75.11"
"5,9 : 93.48"
"5,10 : 55.44"
"5,11 : 60.02"
"5,12 : 12.65"
"5,13 : 20.59"
"5,14 : 84.5"
"5,15 : 79.4"
"5,16 : 82.81"
"5,17 : 14.32"
"5,18 : 73.76"
"5,19 : 68.68"
"5,20 : 13.6"
"5,21 : 60.07"
"5,22 : 37.11"
"5,23 : 66.31"
"5,24 : 65.07"
"5,25 : 90.82"
"5,26 : 73.68"
"5,27 : 63.25"
"5,28 : 67.07"
"5,29 : 75.54"
"5,30 : 48.8"
"5,31 : 17.09"
"5,32 : 30.0"
"5,33 : 86.01"
"5,34 : 24.84"
"5,35 : 82.2"
"5,36 : 17.46"
"5,37 : 50.25"
"5,38 : 45.25"
"5,39 : 99.02"
"5,40 : 99.05"
"5,41 : 38.83"
"5,42 : 81.39"
"5,43 : 12.65"
"5,44 : 14.14"
"5,45 : 39.7"
"5,46 : 35.47"
"5,47 : 20.52"
"5,48 : 29.0"
"5,49 : 60.14"
"6,0 : 8.0"
"6,1 : 83.41"
"6,2 : 53.6"
"6,3 : 68.48"
"6,4 : 43.17"
"6,5 : 82.08"
"6,6 : 0.0"
"6,7 : 49.04"
"6,8 : 35.01"
"6,9 : 13.89"
"6,10 : 73.79"
"6,11 : 26.25"
"6,12 : 90.82"
"6,13 : 86.98"
"6,14 : 3.16"
"6,15 : 39.12"
"6,16 : 29.15"
"6,17 : 93.06"
"6,18 : 37.54"
"6,19 : 15.62"
"6,20 : 91.3"
"6,21 : 32.25"
"6,22 : 45.65"
"6,23 : 15.81"
"6,24 : 35.74"
"6,25 : 9.06"
"6,26 : 41.11"
"6,27 : 40.25"
"6,28 : 35.17"
"6,29 : 40.01"
"6,30 : 76.85"
"6,31 : 71.59"
"6,32 : 55.47"
"6,33 : 31.62"
"6,34 : 61.19"
"6,35 : 20.59"
"6,36 : 81.22"
"6,37 : 79.92"
"6,38 : 76.84"
"6,39 : 24.04"
"6,40 : 26.48"
"6,41 : 68.88"
"6,42 : 46.17"
"6,43 : 90.82"
"6,44 : 69.26"
"6,45 : 73.25"
"6,46 : 53.15"
"6,47 : 64.03"
"6,48 : 96.83"
"6,49 : 33.53"
"7,0 : 41.63"
"7,1 : 49.25"
"7,2 : 29.53"
"7,3 : 21.26"
"7,4 : 27.29"
"7,5 : 60.88"
"7,6 : 49.04"
"7,7 : 0.0"
"7,8 : 19.42"
"7,9 : 62.77"
"7,10 : 25.61"
"7,11 : 26.0"
"7,12 : 63.07"
"7,13 : 76.49"
"7,14 : 49.24"
"7,15 : 21.19"
"7,16 : 71.03"
"7,17 : 65.03"
"7,18 : 71.85"
"7,19 : 34.71"
"7,20 : 63.03"
"7,21 : 18.03"
"7,22 : 33.24"
"7,23 : 41.05"
"7,24 : 13.42"
"7,25 : 53.71"
"7,26 : 14.87"
"7,27 : 66.76"
"7,28 : 14.42"
"7,29 : 17.09"
"7,30 : 30.61"
"7,31 : 61.4"
"7,32 : 32.65"
"7,33 : 31.38"
"7,34 : 54.82"
"7,35 : 64.38"
"7,36 : 70.66"
"7,37 : 33.3"
"7,38 : 31.91"
"7,39 : 73.05"
"7,40 : 75.29"
"7,41 : 27.89"
"7,42 : 21.0"
"7,43 : 63.07"
"7,44 : 55.01"
"7,45 : 31.02"
"7,46 : 55.32"
"7,47 : 54.08"
"7,48 : 60.64"
"7,49 : 57.97"
"8,0 : 27.02"
"8,1 : 66.94"
"8,2 : 42.11"
"8,3 : 40.61"
"8,4 : 13.04"
"8,5 : 75.11"
"8,6 : 35.01"
"8,7 : 19.42"
"8,8 : 0.0"
"8,9 : 47.68"
"8,10 : 44.55"
"8,11 : 21.93"
"8,12 : 79.4"
"8,13 : 87.8"
"8,14 : 34.23"
"8,15 : 5.66"
"8,16 : 61.61"
"8,17 : 81.5"
"8,18 : 65.8"
"8,19 : 24.7"
"8,20 : 79.51"
"8,21 : 16.55"
"8,22 : 41.11"
"8,23 : 33.11"
"8,24 : 10.05"
"8,25 : 37.36"
"8,26 : 6.32"
"8,27 : 63.51"
"8,28 : 8.06"
"8,29 : 5.0"
"8,30 : 50.0"
"8,31 : 71.84"
"8,32 : 45.18"
"8,33 : 12.08"
"8,34 : 63.32"
"8,35 : 53.76"
"8,36 : 81.74"
"8,37 : 52.63"
"8,38 : 51.31"
"8,39 : 58.55"
"8,40 : 61.29"
"8,41 : 46.62"
"8,42 : 12.08"
"8,43 : 79.4"
"8,44 : 66.49"
"8,45 : 50.09"
"8,46 : 60.54"
"8,47 : 63.89"
"8,48 : 79.06"
"8,49 : 54.64"
"9,0 : 21.19"
"9,1 : 96.43"
"9,2 : 66.6"
"9,3 : 82.37"
"9,4 : 54.08"
"9,5 : 93.48"
"9,6 : 13.89"
"9,7 : 62.77"
"9,8 : 47.68"
"9,9 : 0.0"
"9,10 : 87.66"
"9,11 : 40.0"
"9,12 : 102.93"
"9,13 : 96.3"
"9,14 : 13.6"
"9,15 : 51.16"
"9,16 : 25.55"
"9,17 : 105.15"
"9,18 : 37.34"
"9,19 : 29.41"
"9,20 : 103.46"
"9,21 : 46.14"
"9,22 : 58.01"
"9,23 : 27.8"
"9,24 : 49.4"
"9,25 : 11.18"
"9,26 : 53.94"
"9,27 : 43.42"
"9,28 : 48.7"
"9,29 : 52.61"
"9,30 : 90.74"
"9,31 : 81.6"
"9,32 : 68.25"
"9,33 : 42.11"
"9,34 : 71.17"
"9,35 : 18.03"
"9,36 : 90.8"
"9,37 : 93.81"
"9,38 : 90.7"
"9,39 : 11.0"
"9,40 : 14.14"
"9,41 : 82.62"
"9,42 : 58.08"
"9,43 : 102.93"
"9,44 : 80.11"
"9,45 : 87.01"
"9,46 : 62.1"
"9,47 : 74.46"
"9,48 : 109.88"
"9,49 : 39.05"
"10,0 : 66.73"
"10,1 : 36.25"
"10,2 : 35.44"
"10,3 : 6.0"
"10,4 : 49.24"
"10,5 : 55.44"
"10,6 : 73.79"
"10,7 : 25.61"
"10,8 : 44.55"
"10,9 : 87.66"
"10,10 : 0.0"
"10,11 : 48.7"
"10,12 : 52.33"
"10,13 : 74.95"
"10,14 : 74.3"
"10,15 : 45.0"
"10,16 : 92.76"
"10,17 : 53.71"
"10,18 : 91.14"
"10,19 : 58.69"
"10,20 : 51.89"
"10,21 : 41.63"
"10,22 : 44.55"
"10,23 : 63.6"
"10,24 : 38.83"
"10,25 : 79.08"
"10,26 : 39.05"
"10,27 : 84.05"
"10,28 : 40.0"
"10,29 : 41.23"
"10,30 : 8.06"
"10,31 : 63.01"
"10,32 : 37.34"
"10,33 : 56.08"
"10,34 : 60.37"
"10,35 : 87.09"
"10,36 : 70.09"
"10,37 : 9.22"
"10,38 : 11.4"
"10,39 : 97.58"
"10,40 : 99.54"
"10,41 : 17.03"
"10,42 : 42.06"
"10,43 : 52.33"
"10,44 : 55.8"
"10,45 : 15.81"
"10,46 : 65.15"
"10,47 : 57.8"
"10,48 : 43.42"
"10,49 : 76.01"
"11,0 : 20.81"
"11,1 : 57.98"
"11,2 : 28.64"
"11,3 : 43.08"
"11,4 : 34.83"
"11,5 : 60.02"
"11,6 : 26.25"
"11,7 : 26.0"
"11,8 : 21.93"
"11,9 : 40.0"
"11,10 : 48.7"
"11,11 : 0.0"
"11,12 : 67.07"
"11,13 : 69.35"
"11,14 : 27.59"
"11,15 : 27.59"
"11,16 : 45.04"
"11,17 : 69.29"
"11,18 : 46.32"
"11,19 : 10.63"
"11,20 : 67.42"
"11,21 : 8.06"
"11,22 : 23.09"
"11,23 : 15.13"
"11,24 : 15.23"
"11,25 : 33.42"
"11,26 : 25.24"
"11,27 : 42.49"
"11,28 : 16.12"
"11,29 : 25.61"
"11,30 : 51.0"
"11,31 : 53.24"
"11,32 : 31.02"
"11,33 : 28.79"
"11,34 : 43.74"
"11,35 : 38.64"
"11,36 : 63.29"
"11,37 : 54.12"
"11,38 : 50.77"
"11,39 : 49.24"
"11,40 : 50.99"
"11,41 : 42.64"
"11,42 : 33.42"
"11,43 : 67.07"
"11,44 : 49.01"
"11,45 : 47.01"
"11,46 : 39.4"
"11,47 : 45.18"
"11,48 : 71.28"
"11,49 : 33.54"
"12,0 : 87.32"
"12,1 : 16.12"
"12,2 : 38.6"
"12,3 : 49.98"
"12,4 : 90.01"
"12,5 : 12.65"
"12,6 : 90.82"
"12,7 : 63.07"
"12,8 : 79.4"
"12,9 : 102.93"
"12,10 : 52.33"
"12,11 : 67.07"
"12,12 : 0.0"
"12,13 : 30.59"
"12,14 : 93.02"
"12,15 : 83.1"
"12,16 : 94.07"
"12,17 : 2.24"
"12,18 : 85.6"
"12,19 : 76.56"
"12,20 : 1.0"
"12,21 : 65.73"
"12,22 : 45.18"
"12,23 : 75.29"
"12,24 : 69.58"
"12,25 : 99.28"
"12,26 : 77.03"
"12,27 : 75.21"
"12,28 : 71.57"
"12,29 : 79.06"
"12,30 : 44.78"
"12,31 : 29.73"
"12,32 : 36.06"
"12,33 : 90.93"
"12,34 : 36.89"
"12,35 : 92.85"
"12,36 : 29.0"
"12,37 : 45.49"
"12,38 : 41.18"
"12,39 : 109.2"
"12,40 : 109.48"
"12,41 : 37.36"
"12,42 : 84.05"
"12,43 : 0.0"
"12,44 : 26.08"
"12,45 : 36.77"
"12,46 : 47.43"
"12,47 : 32.45"
"12,48 : 17.46"
"12,49 : 71.51"
"13,0 : 86.15"
"13,1 : 42.94"
"13,2 : 47.01"
"13,3 : 70.84"
"13,4 : 100.28"
"13,5 : 20.59"
"13,6 : 86.98"
"13,7 : 76.49"
"13,8 : 87.8"
"13,9 : 96.3"
"13,10 : 74.95"
"13,11 : 69.35"
"13,12 : 30.59"
"13,13 : 0.0"
"13,14 : 89.81"
"13,15 : 92.72"
"13,16 : 80.53"
"13,17 : 31.26"
"13,18 : 69.34"
"13,19 : 76.01"
"13,20 : 31.58"
"13,21 : 71.59"
"13,22 : 46.87"
"13,23 : 71.45"
"13,24 : 77.88"
"13,25 : 96.03"
"13,26 : 87.6"
"13,27 : 58.83"
"13,28 : 79.81"
"13,29 : 89.19"
"13,30 : 68.77"
"13,31 : 16.12"
"13,32 : 43.86"
"13,33 : 97.49"
"13,34 : 26.02"
"13,35 : 82.08"
"13,36 : 6.08"
"13,37 : 70.43"
"13,38 : 65.3"
"13,39 : 99.72"
"13,40 : 99.01"
"13,41 : 58.0"
"13,42 : 95.86"
"13,43 : 30.59"
"13,44 : 21.54"
"13,45 : 59.46"
"13,46 : 34.21"
"13,47 : 24.19"
"13,48 : 48.05"
"13,49 : 58.69"
"14,0 : 7.62"
"14,1 : 85.21"
"14,2 : 55.47"
"14,3 : 69.12"
"14,4 : 41.59"
"14,5 : 84.5"
"14,6 : 3.16"
"14,7 : 49.24"
"14,8 : 34.23"
"14,9 : 13.6"
"14,10 : 74.3"
"14,11 : 27.59"
"14,12 : 93.02"
"14,13 : 89.81"
"14,14 : 0.0"
"14,15 : 38.0"
"14,16 : 31.62"
"14,17 : 95.26"
"14,18 : 40.46"
"14,19 : 17.03"
"14,20 : 93.48"
"14,21 : 33.02"
"14,22 : 47.85"
"14,23 : 18.44"
"14,24 : 35.85"
"14,25 : 6.32"
"14,26 : 40.45"
"14,27 : 43.38"
"14,28 : 35.11"
"14,29 : 39.2"
"14,30 : 77.67"
"14,31 : 74.33"
"14,32 : 57.45"
"14,33 : 29.83"
"14,34 : 63.95"
"14,35 : 23.02"
"14,36 : 84.01"
"14,37 : 80.71"
"14,38 : 77.8"
"14,39 : 24.33"
"14,40 : 27.07"
"14,41 : 70.09"
"14,42 : 45.01"
"14,43 : 93.02"
"14,44 : 71.84"
"14,45 : 74.41"
"14,46 : 56.08"
"14,47 : 66.71"
"14,48 : 98.6"
"14,49 : 36.69"
"15,0 : 31.14"
"15,1 : 70.04"
"15,2 : 46.53"
"15,3 : 41.68"
"15,4 : 7.62"
"15,5 : 79.4"
"15,6 : 39.12"
"15,7 : 21.19"
"15,8 : 5.66"
"15,9 : 51.16"
"15,10 : 45.0"
"15,11 : 27.59"
"15,12 : 83.1"
"15,13 : 92.72"
"15,14 : 38.0"
"15,15 : 0.0"
"15,16 : 66.48"
"15,17 : 85.15"
"15,18 : 71.11"
"15,19 : 29.97"
"15,20 : 83.15"
"15,21 : 21.95"
"15,22 : 46.24"
"15,23 : 38.47"
"15,24 : 14.87"
"15,25 : 40.45"
"15,26 : 6.32"
"15,27 : 69.07"
"15,28 : 13.0"
"15,29 : 4.12"
"15,30 : 51.11"
"15,31 : 76.84"
"15,32 : 49.65"
"15,33 : 11.4"
"15,34 : 68.54"
"15,35 : 58.46"
"15,36 : 86.68"
"15,37 : 53.54"
"15,38 : 52.77"
"15,39 : 62.13"
"15,40 : 65.03"
"15,41 : 49.04"
"15,42 : 7.07"
"15,43 : 83.1"
"15,44 : 71.31"
"15,45 : 52.2"
"15,46 : 66.04"
"15,47 : 68.95"
"15,48 : 81.74"
"15,49 : 60.22"
"16,0 : 36.25"
"16,1 : 91.53"
"16,2 : 63.51"
"16,3 : 86.88"
"16,4 : 71.51"
"16,5 : 82.81"
"16,6 : 29.15"
"16,7 : 71.03"
"16,8 : 61.61"
"16,9 : 25.55"
"16,10 : 92.76"
"16,11 : 45.04"
"16,12 : 94.07"
"16,13 : 80.53"
"16,14 : 31.62"
"16,15 : 66.48"
"16,16 : 0.0"
"16,17 : 96.18"
"16,18 : 13.0"
"16,19 : 37.34"
"16,20 : 94.79"
"16,21 : 53.01"
"16,22 : 53.24"
"16,23 : 30.0"
"16,24 : 59.14"
"16,25 : 33.94"
"16,26 : 67.08"
"16,27 : 22.14"
"16,28 : 59.3"
"16,29 : 66.49"
"16,30 : 93.68"
"16,31 : 68.01"
"16,32 : 64.01"
"16,33 : 60.42"
"16,34 : 58.26"
"16,35 : 8.6"
"16,36 : 75.8"
"16,37 : 96.84"
"16,38 : 92.66"
"16,39 : 22.09"
"16,40 : 20.02"
"16,41 : 83.22"
"16,42 : 73.5"
"16,43 : 94.07"
"16,44 : 68.68"
"16,45 : 87.66"
"16,46 : 47.8"
"16,47 : 62.37"
"16,48 : 104.62"
"16,49 : 22.67"
"17,0 : 89.55"
"17,1 : 17.46"
"17,2 : 40.8"
"17,3 : 51.55"
"17,4 : 92.02"
"17,5 : 14.32"
"17,6 : 93.06"
"17,7 : 65.03"
"17,8 : 81.5"
"17,9 : 105.15"
"17,10 : 53.71"
"17,11 : 69.29"
"17,12 : 2.24"
"17,13 : 31.26"
"17,14 : 95.26"
"17,15 : 85.15"
"17,16 : 96.18"
"17,17 : 0.0"
"17,18 : 87.62"
"17,19 : 78.79"
"17,20 : 2.0"
"17,21 : 67.91"
"17,22 : 47.41"
"17,23 : 77.52"
"17,24 : 71.7"
"17,25 : 101.52"
"17,26 : 79.06"
"17,27 : 77.2"
"17,28 : 73.68"
"17,29 : 81.1"
"17,30 : 46.07"
"17,31 : 31.38"
"17,32 : 38.28"
"17,33 : 93.06"
"17,34 : 38.83"
"17,35 : 95.02"
"17,36 : 30.07"
"17,37 : 46.65"
"17,38 : 42.49"
"17,39 : 111.4"
"17,40 : 111.66"
"17,41 : 39.05"
"17,42 : 86.02"
"17,43 : 2.24"
"17,44 : 28.02"
"17,45 : 38.28"
"17,46 : 49.41"
"17,47 : 34.41"
"17,48 : 17.09"
"17,49 : 73.59"
"18,0 : 43.28"
"18,1 : 84.97"
"18,2 : 58.94"
"18,3 : 85.15"
"18,4 : 77.03"
"18,5 : 73.76"
"18,6 : 37.54"
"18,7 : 71.85"
"18,8 : 65.8"
"18,9 : 37.34"
"18,10 : 91.14"
"18,11 : 46.32"
"18,12 : 85.6"
"18,13 : 69.34"
"18,14 : 40.46"
"18,15 : 71.11"
"18,16 : 13.0"
"18,17 : 87.62"
"18,18 : 0.0"
"18,19 : 41.15"
"18,20 : 86.4"
"18,21 : 54.34"
"18,22 : 48.51"
"18,23 : 32.7"
"18,24 : 61.4"
"18,25 : 44.1"
"18,26 : 70.58"
"18,27 : 10.63"
"18,28 : 61.98"
"18,29 : 70.38"
"18,30 : 90.93"
"18,31 : 58.0"
"18,32 : 58.82"
"18,33 : 66.85"
"18,34 : 48.92"
"18,35 : 19.31"
"18,36 : 65.0"
"18,37 : 94.05"
"18,38 : 89.44"
"18,39 : 35.06"
"18,40 : 33.02"
"18,41 : 79.62"
"18,42 : 77.88"
"18,43 : 85.6"
"18,44 : 59.67"
"18,45 : 83.95"
"18,46 : 38.29"
"18,47 : 53.26"
"18,48 : 97.62"
"18,49 : 15.52"
"19,0 : 10.77"
"19,1 : 68.24"
"19,2 : 38.59"
"19,3 : 53.23"
"19,4 : 36.06"
"19,5 : 68.68"
"19,6 : 15.62"
"19,7 : 34.71"
"19,8 : 24.7"
"19,9 : 29.41"
"19,10 : 58.69"
"19,11 : 10.63"
"19,12 : 76.56"
"19,13 : 76.01"
"19,14 : 17.03"
"19,15 : 29.97"
"19,16 : 37.34"
"19,17 : 78.79"
"19,18 : 41.15"
"19,19 : 0.0"
"19,20 : 76.97"
"19,21 : 17.09"
"19,22 : 31.62"
"19,23 : 8.6"
"19,24 : 22.02"
"19,25 : 23.02"
"19,26 : 29.83"
"19,27 : 39.7"
"19,28 : 22.02"
"19,29 : 29.41"
"19,30 : 61.4"
"19,31 : 60.07"
"19,32 : 40.71"
"19,33 : 26.91"
"19,34 : 50.0"
"19,35 : 30.0"
"19,36 : 70.03"
"19,37 : 64.5"
"19,38 : 61.29"
"19,39 : 38.91"
"19,40 : 40.85"
"19,41 : 53.26"
"19,42 : 36.77"
"19,43 : 76.56"
"19,44 : 56.72"
"19,45 : 57.63"
"19,46 : 43.74"
"19,47 : 52.15"
"19,48 : 81.61"
"19,49 : 31.11"
"20,0 : 87.73"
"20,1 : 15.65"
"20,2 : 38.9"
"20,3 : 49.65"
"20,4 : 90.02"
"20,5 : 13.6"
"20,6 : 91.3"
"20,7 : 63.03"
"20,8 : 79.51"
"20,9 : 103.46"
"20,10 : 51.89"
"20,11 : 67.42"
"20,12 : 1.0"
"20,13 : 31.58"
"20,14 : 93.48"
"20,15 : 83.15"
"20,16 : 94.79"
"20,17 : 2.0"
"20,18 : 86.4"
"20,19 : 76.97"
"20,20 : 0.0"
"20,21 : 65.97"
"20,22 : 45.65"
"20,23 : 75.8"
"20,24 : 69.72"
"20,25 : 99.73"
"20,26 : 77.06"
"20,27 : 76.03"
"20,28 : 71.7"
"20,29 : 79.1"
"20,30 : 44.29"
"20,31 : 30.68"
"20,32 : 36.4"
"20,33 : 91.08"
"20,34 : 37.74"
"20,35 : 93.51"
"20,36 : 30.0"
"20,37 : 44.94"
"20,38 : 40.71"
"20,39 : 109.81"
"20,40 : 110.11"
"20,41 : 37.11"
"20,42 : 84.02"
"20,43 : 1.0"
"20,44 : 26.93"
"20,45 : 36.4"
"20,46 : 48.26"
"20,47 : 33.29"
"20,48 : 16.49"
"20,49 : 72.25"
"21,0 : 25.61"
"21,1 : 55.04"
"21,2 : 27.29"
"21,3 : 36.24"
"21,4 : 29.53"
"21,5 : 60.07"
"21,6 : 32.25"
"21,7 : 18.03"
"21,8 : 16.55"
"21,9 : 46.14"
"21,10 : 41.63"
"21,11 : 8.06"
"21,12 : 65.73"
"21,13 : 71.59"
"21,14 : 33.02"
"21,15 : 21.95"
"21,16 : 53.01"
"21,17 : 67.91"
"21,18 : 54.34"
"21,19 : 17.09"
"21,20 : 65.97"
"21,21 : 0.0"
"21,22 : 24.74"
"21,23 : 23.02"
"21,24 : 7.81"
"21,25 : 38.29"
"21,26 : 18.38"
"21,27 : 50.16"
"21,28 : 9.22"
"21,29 : 19.21"
"21,30 : 44.65"
"21,31 : 55.54"
"21,32 : 30.15"
"21,33 : 26.08"
"21,34 : 46.82"
"21,35 : 46.39"
"21,36 : 65.51"
"21,37 : 47.71"
"21,38 : 44.82"
"21,39 : 55.95"
"21,40 : 57.94"
"21,41 : 37.54"
"21,42 : 26.91"
"21,43 : 65.73"
"21,44 : 50.49"
"21,45 : 41.73"
"21,46 : 44.1"
"21,47 : 47.54"
"21,48 : 68.0"
"21,49 : 41.23"
"22,0 : 42.38"
"22,1 : 38.95"
"22,2 : 10.44"
"22,3 : 38.64"
"22,4 : 53.85"
"22,5 : 37.11"
"22,6 : 45.65"
"22,7 : 33.24"
"22,8 : 41.11"
"22,9 : 58.01"
"22,10 : 44.55"
"22,11 : 23.09"
"22,12 : 45.18"
"22,13 : 46.87"
"22,14 : 47.85"
"22,15 : 46.24"
"22,16 : 53.24"
"22,17 : 47.41"
"22,18 : 48.51"
"22,19 : 31.62"
"22,20 : 45.65"
"22,21 : 24.74"
"22,22 : 0.0"
"22,23 : 30.23"
"22,24 : 31.38"
"22,25 : 54.13"
"22,26 : 41.59"
"22,27 : 40.2"
"22,28 : 33.24"
"22,29 : 42.95"
"22,30 : 43.01"
"22,31 : 30.81"
"22,32 : 10.82"
"22,33 : 50.64"
"22,34 : 22.36"
"22,35 : 50.0"
"22,36 : 40.79"
"22,37 : 46.04"
"22,38 : 41.19"
"22,39 : 65.07"
"22,40 : 65.8"
"22,41 : 31.26"
"22,42 : 50.12"
"22,43 : 45.18"
"22,44 : 26.02"
"22,45 : 35.51"
"22,46 : 22.2"
"22,47 : 22.8"
"22,48 : 52.35"
"22,49 : 32.98"
"23,0 : 15.3"
"23,1 : 68.68"
"23,2 : 38.9"
"23,3 : 57.87"
"23,4 : 44.65"
"23,5 : 66.31"
"23,6 : 15.81"
"23,7 : 41.05"
"23,8 : 33.11"
"23,9 : 27.8"
"23,10 : 63.6"
"23,11 : 15.13"
"23,12 : 75.29"
"23,13 : 71.45"
"23,14 : 18.44"
"23,15 : 38.47"
"23,16 : 30.0"
"23,17 : 77.52"
"23,18 : 32.7"
"23,19 : 8.6"
"23,20 : 75.8"
"23,21 : 23.02"
"23,22 : 30.23"
"23,23 : 0.0"
"23,24 : 29.27"
"23,25 : 24.74"
"23,26 : 37.95"
"23,27 : 31.14"
"23,28 : 29.61"
"23,29 : 37.7"
"23,30 : 65.39"
"23,31 : 55.9"
"23,32 : 40.46"
"23,33 : 35.36"
"23,34 : 45.54"
"23,35 : 23.54"
"23,36 : 65.62"
"23,37 : 68.54"
"23,38 : 64.85"
"23,39 : 35.61"
"23,40 : 36.89"
"23,41 : 56.08"
"23,42 : 45.19"
"23,43 : 75.29"
"23,44 : 53.45"
"23,45 : 60.54"
"23,46 : 38.01"
"23,47 : 48.27"
"23,48 : 82.13"
"23,49 : 22.67"
"24,0 : 28.23"
"24,1 : 57.57"
"24,2 : 32.06"
"24,3 : 34.06"
"24,4 : 22.47"
"24,5 : 65.07"
"24,6 : 35.74"
"24,7 : 13.42"
"24,8 : 10.05"
"24,9 : 49.4"
"24,10 : 38.83"
"24,11 : 15.23"
"24,12 : 69.58"
"24,13 : 77.88"
"24,14 : 35.85"
"24,15 : 14.87"
"24,16 : 59.14"
"24,17 : 71.7"
"24,18 : 61.4"
"24,19 : 22.02"
"24,20 : 69.72"
"24,21 : 7.81"
"24,22 : 31.38"
"24,23 : 29.27"
"24,24 : 0.0"
"24,25 : 40.31"
"24,26 : 10.63"
"24,27 : 57.7"
"24,28 : 2.0"
"24,29 : 11.66"
"24,30 : 43.14"
"24,31 : 61.98"
"24,32 : 35.13"
"24,33 : 21.38"
"24,34 : 53.71"
"24,35 : 52.01"
"24,36 : 71.84"
"24,37 : 46.01"
"24,38 : 43.93"
"24,39 : 59.77"
"24,40 : 62.1"
"24,41 : 38.08"
"24,42 : 19.21"
"24,43 : 69.58"
"24,44 : 56.52"
"24,45 : 41.88"
"24,46 : 51.61"
"24,47 : 54.08"
"24,48 : 70.01"
"24,49 : 48.75"
"25,0 : 12.73"
"25,1 : 91.26"
"25,2 : 61.59"
"25,3 : 74.06"
"25,4 : 43.01"
"25,5 : 90.82"
"25,6 : 9.06"
"25,7 : 53.71"
"25,8 : 37.36"
"25,9 : 11.18"
"25,10 : 79.08"
"25,11 : 33.42"
"25,12 : 99.28"
"25,13 : 96.03"
"25,14 : 6.32"
"25,15 : 40.45"
"25,16 : 33.94"
"25,17 : 101.52"
"25,18 : 44.1"
"25,19 : 23.02"
"25,20 : 99.73"
"25,21 : 38.29"
"25,22 : 54.13"
"25,23 : 24.74"
"25,24 : 40.31"
"25,25 : 0.0"
"25,26 : 43.68"
"25,27 : 48.1"
"25,28 : 39.36"
"25,29 : 42.2"
"25,30 : 82.8"
"25,31 : 80.6"
"25,32 : 63.63"
"25,33 : 31.02"
"25,34 : 70.21"
"25,35 : 25.5"
"25,36 : 90.26"
"25,37 : 85.8"
"25,38 : 83.1"
"25,39 : 22.09"
"25,40 : 25.32"
"25,41 : 75.66"
"25,42 : 47.27"
"25,43 : 99.28"
"25,44 : 78.16"
"25,45 : 79.93"
"25,46 : 62.2"
"25,47 : 73.01"
"25,48 : 104.62"
"25,49 : 41.98"
"26,0 : 33.14"
"26,1 : 63.79"
"26,2 : 41.0"
"26,3 : 35.51"
"26,4 : 13.04"
"26,5 : 73.68"
"26,6 : 41.11"
"26,7 : 14.87"
"26,8 : 6.32"
"26,9 : 53.94"
"26,10 : 39.05"
"26,11 : 25.24"
"26,12 : 77.03"
"26,13 : 87.6"
"26,14 : 40.45"
"26,15 : 6.32"
"26,16 : 67.08"
"26,17 : 79.06"
"26,18 : 70.58"
"26,19 : 29.83"
"26,20 : 77.06"
"26,21 : 18.38"
"26,22 : 41.59"
"26,23 : 37.95"
"26,24 : 10.63"
"26,25 : 43.68"
"26,26 : 0.0"
"26,27 : 67.6"
"26,28 : 9.22"
"26,29 : 2.24"
"26,30 : 44.94"
"26,31 : 71.87"
"26,32 : 44.15"
"26,33 : 17.03"
"26,34 : 63.95"
"26,35 : 59.41"
"26,36 : 81.6"
"26,37 : 47.43"
"26,38 : 46.53"
"26,39 : 64.78"
"26,40 : 67.48"
"26,41 : 42.72"
"26,42 : 8.6"
"26,43 : 77.03"
"26,44 : 66.1"
"26,45 : 45.88"
"26,46 : 62.2"
"26,47 : 64.08"
"26,48 : 75.43"
"26,49 : 58.67"
"27,0 : 44.41"
"27,1 : 75.24"
"27,2 : 50.49"
"27,3 : 78.06"
"27,4 : 75.6"
"27,5 : 63.25"
"27,6 : 40.25"
"27,7 : 66.76"
"27,8 : 63.51"
"27,9 : 43.42"
"27,10 : 84.05"
"27,11 : 42.49"
"27,12 : 75.21"
"27,13 : 58.83"
"27,14 : 43.38"
"27,15 : 69.07"
"27,16 : 22.14"
"27,17 : 77.2"
"27,18 : 10.63"
"27,19 : 39.7"
"27,20 : 76.03"
"27,21 : 50.16"
"27,22 : 40.2"
"27,23 : 31.14"
"27,24 : 57.7"
"27,25 : 48.1"
"27,26 : 67.6"
"27,27 : 0.0"
"27,28 : 58.59"
"27,29 : 67.74"
"27,30 : 83.15"
"27,31 : 47.38"
"27,32 : 50.01"
"27,33 : 66.48"
"27,34 : 38.42"
"27,35 : 26.0"
"27,36 : 54.41"
"27,37 : 86.21"
"27,38 : 81.39"
"27,39 : 43.29"
"27,40 : 41.77"
"27,41 : 71.45"
"27,42 : 75.47"
"27,43 : 75.21"
"27,44 : 49.2"
"27,45 : 75.66"
"27,46 : 27.8"
"27,47 : 42.8"
"27,48 : 87.66"
"27,49 : 8.94"
"28,0 : 27.51"
"28,1 : 59.48"
"28,2 : 34.06"
"28,3 : 35.38"
"28,4 : 20.62"
"28,5 : 67.07"
"28,6 : 35.17"
"28,7 : 14.42"
"28,8 : 8.06"
"28,9 : 48.7"
"28,10 : 40.0"
"28,11 : 16.12"
"28,12 : 71.57"
"28,13 : 79.81"
"28,14 : 35.11"
"28,15 : 13.0"
"28,16 : 59.3"
"28,17 : 73.68"
"28,18 : 61.98"
"28,19 : 22.02"
"28,20 : 71.7"
"28,21 : 9.22"
"28,22 : 33.24"
"28,23 : 29.61"
"28,24 : 2.0"
"28,25 : 39.36"
"28,26 : 9.22"
"28,27 : 58.59"
"28,28 : 0.0"
"28,29 : 10.0"
"28,30 : 44.55"
"28,31 : 63.89"
"28,32 : 37.12"
"28,33 : 19.42"
"28,34 : 55.54"
"28,35 : 52.01"
"28,36 : 73.76"
"28,37 : 47.38"
"28,38 : 45.45"
"28,39 : 59.2"
"28,40 : 61.61"
"28,41 : 39.82"
"28,42 : 17.69"
"28,43 : 71.57"
"28,44 : 58.46"
"28,45 : 43.57"
"28,46 : 53.25"
"28,47 : 55.97"
"28,48 : 71.87"
"28,49 : 49.65"
"29,0 : 32.02"
"29,1 : 65.92"
"29,2 : 42.76"
"29,3 : 37.74"
"29,4 : 11.18"
"29,5 : 75.54"
"29,6 : 40.01"
"29,7 : 17.09"
"29,8 : 5.0"
"29,9 : 52.61"
"29,10 : 41.23"
"29,11 : 25.61"
"29,12 : 79.06"
"29,13 : 89.19"
"29,14 : 39.2"
"29,15 : 4.12"
"29,16 : 66.49"
"29,17 : 81.1"
"29,18 : 70.38"
"29,19 : 29.41"
"29,20 : 79.1"
"29,21 : 19.21"
"29,22 : 42.95"
"29,23 : 37.7"
"29,24 : 11.66"
"29,25 : 42.2"
"29,26 : 2.24"
"29,27 : 67.74"
"29,28 : 10.0"
"29,29 : 0.0"
"29,30 : 47.17"
"29,31 : 73.39"
"29,32 : 45.89"
"29,33 : 14.87"
"29,34 : 65.31"
"29,35 : 58.69"
"29,36 : 83.17"
"29,37 : 49.65"
"29,38 : 48.76"
"29,39 : 63.51"
"29,40 : 66.27"
"29,41 : 44.92"
"29,42 : 7.81"
"29,43 : 79.06"
"29,44 : 67.72"
"29,45 : 48.1"
"29,46 : 63.25"
"29,47 : 65.55"
"29,48 : 77.62"
"29,49 : 58.83"
"30,0 : 70.21"
"30,1 : 28.65"
"30,2 : 33.06"
"30,3 : 9.43"
"30,4 : 55.95"
"30,5 : 48.8"
"30,6 : 76.85"
"30,7 : 30.61"
"30,8 : 50.0"
"30,9 : 90.74"
"30,10 : 8.06"
"30,11 : 51.0"
"30,12 : 44.78"
"30,13 : 68.77"
"30,14 : 77.67"
"30,15 : 51.11"
"30,16 : 93.68"
"30,17 : 46.07"
"30,18 : 90.93"
"30,19 : 61.4"
"30,20 : 44.29"
"30,21 : 44.65"
"30,22 : 43.01"
"30,23 : 65.39"
"30,24 : 43.14"
"30,25 : 82.8"
"30,26 : 44.94"
"30,27 : 83.15"
"30,28 : 44.55"
"30,29 : 47.17"
"30,30 : 0.0"
"30,31 : 57.8"
"30,32 : 34.37"
"30,33 : 61.85"
"30,34 : 56.3"
"30,35 : 88.6"
"30,36 : 64.2"
"30,37 : 3.16"
"30,38 : 3.61"
"30,39 : 100.24"
"30,40 : 101.97"
"30,41 : 12.37"
"30,42 : 48.85"
"30,43 : 44.78"
"30,44 : 50.61"
"30,45 : 9.43"
"30,46 : 62.17"
"30,47 : 53.31"
"30,48 : 35.36"
"30,49 : 75.54"
"31,0 : 70.35"
"31,1 : 36.22"
"31,2 : 31.91"
"31,3 : 58.26"
"31,4 : 84.43"
"31,5 : 17.09"
"31,6 : 71.59"
"31,7 : 61.4"
"31,8 : 71.84"
"31,9 : 81.6"
"31,10 : 63.01"
"31,11 : 53.24"
"31,12 : 29.73"
"31,13 : 16.12"
"31,14 : 74.33"
"31,15 : 76.84"
"31,16 : 68.01"
"31,17 : 31.38"
"31,18 : 58.0"
"31,19 : 60.07"
"31,20 : 30.68"
"31,21 : 55.54"
"31,22 : 30.81"
"31,23 : 55.9"
"31,24 : 61.98"
"31,25 : 80.6"
"31,26 : 71.87"
"31,27 : 47.38"
"31,28 : 63.89"
"31,29 : 73.39"
"31,30 : 57.8"
"31,31 : 0.0"
"31,32 : 28.84"
"31,33 : 81.39"
"31,34 : 10.44"
"31,35 : 68.48"
"31,36 : 10.05"
"31,37 : 59.94"
"31,38 : 54.59"
"31,39 : 85.87"
"31,40 : 85.48"
"31,41 : 46.04"
"31,42 : 80.23"
"31,43 : 29.73"
"31,44 : 7.21"
"31,45 : 48.37"
"31,46 : 20.25"
"31,47 : 8.06"
"31,48 : 45.4"
"31,49 : 45.49"
"32,0 : 51.43"
"32,1 : 28.28"
"32,2 : 3.16"
"32,3 : 31.78"
"32,4 : 57.07"
"32,5 : 30.0"
"32,6 : 55.47"
"32,7 : 32.65"
"32,8 : 45.18"
"32,9 : 68.25"
"32,10 : 37.34"
"32,11 : 31.02"
"32,12 : 36.06"
"32,13 : 43.86"
"32,14 : 57.45"
"32,15 : 49.65"
"32,16 : 64.01"
"32,17 : 38.28"
"32,18 : 58.82"
"32,19 : 40.71"
"32,20 : 36.4"
"32,21 : 30.15"
"32,22 : 10.82"
"32,23 : 40.46"
"32,24 : 35.13"
"32,25 : 63.63"
"32,26 : 44.15"
"32,27 : 50.01"
"32,28 : 37.12"
"32,29 : 45.89"
"32,30 : 34.37"
"32,31 : 28.84"
"32,32 : 0.0"
"32,33 : 56.01"
"32,34 : 23.6"
"32,35 : 60.8"
"32,36 : 38.01"
"32,37 : 37.22"
"32,38 : 32.06"
"32,39 : 75.66"
"32,40 : 76.49"
"32,41 : 22.09"
"32,42 : 52.2"
"32,43 : 36.06"
"32,44 : 22.36"
"32,45 : 26.0"
"32,46 : 27.89"
"32,47 : 21.93"
"32,48 : 41.73"
"32,49 : 43.32"
"33,0 : 24.17"
"33,1 : 78.85"
"33,2 : 53.04"
"33,3 : 52.43"
"33,4 : 12.0"
"33,5 : 86.01"
"33,6 : 31.62"
"33,7 : 31.38"
"33,8 : 12.08"
"33,9 : 42.11"
"33,10 : 56.08"
"33,11 : 28.79"
"33,12 : 90.93"
"33,13 : 97.49"
"33,14 : 29.83"
"33,15 : 11.4"
"33,16 : 60.42"
"33,17 : 93.06"
"33,18 : 66.85"
"33,19 : 26.91"
"33,20 : 91.08"
"33,21 : 26.08"
"33,22 : 50.64"
"33,23 : 35.36"
"33,24 : 21.38"
"33,25 : 31.02"
"33,26 : 17.03"
"33,27 : 66.48"
"33,28 : 19.42"
"33,29 : 14.87"
"33,30 : 61.85"
"33,31 : 81.39"
"33,32 : 56.01"
"33,33 : 0.0"
"33,34 : 72.28"
"33,35 : 52.0"
"33,36 : 91.41"
"33,37 : 64.4"
"33,38 : 63.29"
"33,39 : 53.08"
"33,40 : 56.22"
"33,41 : 58.69"
"33,42 : 17.09"
"33,43 : 90.93"
"33,44 : 76.53"
"33,45 : 62.17"
"33,46 : 68.15"
"33,47 : 73.35"
"33,48 : 91.08"
"33,49 : 58.0"
"34,0 : 60.13"
"34,1 : 39.46"
"34,2 : 26.25"
"34,3 : 55.07"
"34,4 : 76.16"
"34,5 : 24.84"
"34,6 : 61.19"
"34,7 : 54.82"
"34,8 : 63.32"
"34,9 : 71.17"
"34,10 : 60.37"
"34,11 : 43.74"
"34,12 : 36.89"
"34,13 : 26.02"
"34,14 : 63.95"
"34,15 : 68.54"
"34,16 : 58.26"
"34,17 : 38.83"
"34,18 : 48.92"
"34,19 : 50.0"
"34,20 : 37.74"
"34,21 : 46.82"
"34,22 : 22.36"
"34,23 : 45.54"
"34,24 : 53.71"
"34,25 : 70.21"
"34,26 : 63.95"
"34,27 : 38.42"
"34,28 : 55.54"
"34,29 : 65.31"
"34,30 : 56.3"
"34,31 : 10.44"
"34,32 : 23.6"
"34,33 : 72.28"
"34,34 : 0.0"
"34,35 : 58.31"
"34,36 : 20.1"
"34,37 : 58.82"
"34,38 : 53.45"
"34,39 : 75.59"
"34,40 : 75.29"
"34,41 : 44.01"
"34,42 : 72.47"
"34,43 : 36.89"
"34,44 : 10.82"
"34,45 : 47.13"
"34,46 : 10.63"
"34,47 : 4.47"
"34,48 : 50.6"
"34,49 : 35.61"
"35,0 : 27.86"
"35,1 : 88.87"
"35,2 : 59.91"
"35,3 : 81.32"
"35,4 : 63.25"
"35,5 : 82.2"
"35,6 : 20.59"
"35,7 : 64.38"
"35,8 : 53.76"
"35,9 : 18.03"
"35,10 : 87.09"
"35,11 : 38.64"
"35,12 : 92.85"
"35,13 : 82.08"
"35,14 : 23.02"
"35,15 : 58.46"
"35,16 : 8.6"
"35,17 : 95.02"
"35,18 : 19.31"
"35,19 : 30.0"
"35,20 : 93.51"
"35,21 : 46.39"
"35,22 : 50.0"
"35,23 : 23.54"
"35,24 : 52.01"
"35,25 : 25.5"
"35,26 : 59.41"
"35,27 : 26.0"
"35,28 : 52.01"
"35,29 : 58.69"
"35,30 : 88.6"
"35,31 : 68.48"
"35,32 : 60.8"
"35,33 : 52.0"
"35,34 : 58.31"
"35,35 : 0.0"
"35,36 : 76.97"
"35,37 : 91.76"
"35,38 : 87.85"
"35,39 : 17.72"
"35,40 : 17.0"
"35,41 : 78.72"
"35,42 : 65.51"
"35,43 : 92.85"
"35,44 : 68.24"
"35,45 : 83.19"
"35,46 : 48.3"
"35,47 : 62.13"
"35,48 : 102.18"
"35,49 : 23.41"
"36,0 : 80.22"
"36,1 : 39.56"
"36,2 : 41.15"
"36,3 : 65.76"
"36,4 : 94.25"
"36,5 : 17.46"
"36,6 : 81.22"
"36,7 : 70.66"
"36,8 : 81.74"
"36,9 : 90.8"
"36,10 : 70.09"
"36,11 : 63.29"
"36,12 : 29.0"
"36,13 : 6.08"
"36,14 : 84.01"
"36,15 : 86.68"
"36,16 : 75.8"
"36,17 : 30.07"
"36,18 : 65.0"
"36,19 : 70.03"
"36,20 : 30.0"
"36,21 : 65.51"
"36,22 : 40.79"
"36,23 : 65.62"
"36,24 : 71.84"
"36,25 : 90.26"
"36,26 : 81.6"
"36,27 : 54.41"
"36,28 : 73.76"
"36,29 : 83.17"
"36,30 : 64.2"
"36,31 : 10.05"
"36,32 : 38.01"
"36,33 : 91.41"
"36,34 : 20.1"
"36,35 : 76.97"
"36,36 : 0.0"
"36,37 : 66.03"
"36,38 : 60.8"
"36,39 : 94.54"
"36,40 : 93.94"
"36,41 : 53.08"
"36,42 : 89.89"
"36,43 : 29.0"
"36,44 : 15.65"
"36,45 : 54.82"
"36,46 : 28.79"
"36,47 : 18.11"
"36,48 : 46.17"
"36,49 : 53.67"
"37,0 : 73.24"
"37,1 : 29.41"
"37,2 : 36.01"
"37,3 : 12.04"
"37,4 : 58.14"
"37,5 : 50.25"
"37,6 : 79.92"
"37,7 : 33.3"
"37,8 : 52.63"
"37,9 : 93.81"
"37,10 : 9.22"
"37,11 : 54.12"
"37,12 : 45.49"
"37,13 : 70.43"
"37,14 : 80.71"
"37,15 : 53.54"
"37,16 : 96.84"
"37,17 : 46.65"
"37,18 : 94.05"
"37,19 : 64.5"
"37,20 : 44.94"
"37,21 : 47.71"
"37,22 : 46.04"
"37,23 : 68.54"
"37,24 : 46.01"
"37,25 : 85.8"
"37,26 : 47.43"
"37,27 : 86.21"
"37,28 : 47.38"
"37,29 : 49.65"
"37,30 : 3.16"
"37,31 : 59.94"
"37,32 : 37.22"
"37,33 : 64.4"
"37,34 : 58.82"
"37,35 : 91.76"
"37,36 : 66.03"
"37,37 : 0.0"
"37,38 : 5.39"
"37,39 : 103.35"
"37,40 : 105.1"
"37,41 : 15.13"
"37,42 : 50.99"
"37,43 : 45.49"
"37,44 : 52.77"
"37,45 : 11.7"
"37,46 : 64.94"
"37,47 : 55.71"
"37,48 : 34.93"
"37,49 : 78.64"
"38,0 : 70.43"
"38,1 : 25.06"
"38,2 : 31.02"
"38,3 : 11.4"
"38,4 : 57.94"
"38,5 : 45.25"
"38,6 : 76.84"
"38,7 : 31.91"
"38,8 : 51.31"
"38,9 : 90.7"
"38,10 : 11.4"
"38,11 : 50.77"
"38,12 : 41.18"
"38,13 : 65.3"
"38,14 : 77.8"
"38,15 : 52.77"
"38,16 : 92.66"
"38,17 : 42.49"
"38,18 : 89.44"
"38,19 : 61.29"
"38,20 : 40.71"
"38,21 : 44.82"
"38,22 : 41.19"
"38,23 : 64.85"
"38,24 : 43.93"
"38,25 : 83.1"
"38,26 : 46.53"
"38,27 : 81.39"
"38,28 : 45.45"
"38,29 : 48.76"
"38,30 : 3.61"
"38,31 : 54.59"
"38,32 : 32.06"
"38,33 : 63.29"
"38,34 : 53.45"
"38,35 : 87.85"
"38,36 : 60.8"
"38,37 : 5.39"
"38,38 : 0.0"
"38,39 : 99.98"
"38,40 : 101.6"
"38,41 : 10.0"
"38,42 : 50.92"
"38,43 : 41.18"
"38,44 : 47.41"
"38,45 : 6.32"
"38,46 : 59.68"
"38,47 : 50.33"
"38,48 : 32.14"
"38,49 : 73.98"
"39,0 : 31.78"
"39,1 : 103.95"
"39,2 : 74.33"
"39,3 : 92.14"
"39,4 : 65.07"
"39,5 : 99.02"
"39,6 : 24.04"
"39,7 : 73.05"
"39,8 : 58.55"
"39,9 : 11.0"
"39,10 : 97.58"
"39,11 : 49.24"
"39,12 : 109.2"
"39,13 : 99.72"
"39,14 : 24.33"
"39,15 : 62.13"
"39,16 : 22.09"
"39,17 : 111.4"
"39,18 : 35.06"
"39,19 : 38.91"
"39,20 : 109.81"
"39,21 : 55.95"
"39,22 : 65.07"
"39,23 : 35.61"
"39,24 : 59.77"
"39,25 : 22.09"
"39,26 : 64.78"
"39,27 : 43.29"
"39,28 : 59.2"
"39,29 : 63.51"
"39,30 : 100.24"
"39,31 : 85.87"
"39,32 : 75.66"
"39,33 : 53.08"
"39,34 : 75.59"
"39,35 : 17.72"
"39,36 : 94.54"
"39,37 : 103.35"
"39,38 : 99.98"
"39,39 : 0.0"
"39,40 : 3.61"
"39,41 : 91.53"
"39,42 : 69.07"
"39,43 : 109.2"
"39,44 : 85.23"
"39,45 : 95.96"
"39,46 : 65.8"
"39,47 : 79.26"
"39,48 : 117.38"
"39,49 : 41.11"
"40,0 : 34.37"
"40,1 : 104.74"
"40,2 : 75.29"
"40,3 : 94.02"
"40,4 : 68.18"
"40,5 : 99.05"
"40,6 : 26.48"
"40,7 : 75.29"
"40,8 : 61.29"
"40,9 : 14.14"
"40,10 : 99.54"
"40,11 : 50.99"
"40,12 : 109.48"
"40,13 : 99.01"
"40,14 : 27.07"
"40,15 : 65.03"
"40,16 : 20.02"
"40,17 : 111.66"
"40,18 : 33.02"
"40,19 : 40.85"
"40,20 : 110.11"
"40,21 : 57.94"
"40,22 : 65.8"
"40,23 : 36.89"
"40,24 : 62.1"
"40,25 : 25.32"
"40,26 : 67.48"
"40,27 : 41.77"
"40,28 : 61.61"
"40,29 : 66.27"
"40,30 : 101.97"
"40,31 : 85.48"
"40,32 : 76.49"
"40,33 : 56.22"
"40,34 : 75.29"
"40,35 : 17.0"
"40,36 : 93.94"
"40,37 : 105.1"
"40,38 : 101.6"
"40,39 : 3.61"
"40,40 : 0.0"
"40,41 : 92.96"
"40,42 : 72.01"
"40,43 : 109.48"
"40,44 : 85.15"
"40,45 : 97.42"
"40,46 : 65.3"
"40,47 : 79.08"
"40,48 : 118.14"
"40,49 : 40.31"
"41,0 : 62.94"
"41,1 : 22.09"
"41,2 : 21.02"
"41,3 : 13.04"
"41,4 : 55.11"
"41,5 : 38.83"
"41,6 : 68.88"
"41,7 : 27.89"
"41,8 : 46.62"
"41,9 : 82.62"
"41,10 : 17.03"
"41,11 : 42.64"
"41,12 : 37.36"
"41,13 : 58.0"
"41,14 : 70.09"
"41,15 : 49.04"
"41,16 : 83.22"
"41,17 : 39.05"
"41,18 : 79.62"
"41,19 : 53.26"
"41,20 : 37.11"
"41,21 : 37.54"
"41,22 : 31.26"
"41,23 : 56.08"
"41,24 : 38.08"
"41,25 : 75.66"
"41,26 : 42.72"
"41,27 : 71.45"
"41,28 : 39.82"
"41,29 : 44.92"
"41,30 : 12.37"
"41,31 : 46.04"
"41,32 : 22.09"
"41,33 : 58.69"
"41,34 : 44.01"
"41,35 : 78.72"
"41,36 : 53.08"
"41,37 : 15.13"
"41,38 : 10.0"
"41,39 : 91.53"
"41,40 : 92.96"
"41,41 : 0.0"
"41,42 : 48.51"
"41,43 : 37.36"
"41,44 : 38.83"
"41,45 : 4.47"
"41,46 : 49.82"
"41,47 : 41.15"
"41,48 : 32.76"
"41,49 : 64.13"
"42,0 : 38.21"
"42,1 : 70.18"
"42,2 : 49.04"
"42,3 : 39.56"
"42,4 : 7.21"
"42,5 : 81.39"
"42,6 : 46.17"
"42,7 : 21.0"
"42,8 : 12.08"
"42,9 : 58.08"
"42,10 : 42.06"
"42,11 : 33.42"
"42,12 : 84.05"
"42,13 : 95.86"
"42,14 : 45.01"
"42,15 : 7.07"
"42,16 : 73.5"
"42,17 : 86.02"
"42,18 : 77.88"
"42,19 : 36.77"
"42,20 : 84.02"
"42,21 : 26.91"
"42,22 : 50.12"
"42,23 : 45.19"
"42,24 : 19.21"
"42,25 : 47.27"
"42,26 : 8.6"
"42,27 : 75.47"
"42,28 : 17.69"
"42,29 : 7.81"
"42,30 : 48.85"
"42,31 : 80.23"
"42,32 : 52.2"
"42,33 : 17.09"
"42,34 : 72.47"
"42,35 : 65.51"
"42,36 : 89.89"
"42,37 : 50.99"
"42,38 : 50.92"
"42,39 : 69.07"
"42,40 : 72.01"
"42,41 : 48.51"
"42,42 : 0.0"
"42,43 : 84.05"
"42,44 : 74.33"
"42,45 : 51.2"
"42,46 : 70.8"
"42,47 : 72.5"
"42,48 : 81.22"
"42,49 : 66.57"
"43,0 : 87.32"
"43,1 : 16.12"
"43,2 : 38.6"
"43,3 : 49.98"
"43,4 : 90.01"
"43,5 : 12.65"
"43,6 : 90.82"
"43,7 : 63.07"
"43,8 : 79.4"
"43,9 : 102.93"
"43,10 : 52.33"
"43,11 : 67.07"
"43,12 : 0.0"
"43,13 : 30.59"
"43,14 : 93.02"
"43,15 : 83.1"
"43,16 : 94.07"
"43,17 : 2.24"
"43,18 : 85.6"
"43,19 : 76.56"
"43,20 : 1.0"
"43,21 : 65.73"
"43,22 : 45.18"
"43,23 : 75.29"
"43,24 : 69.58"
"43,25 : 99.28"
"43,26 : 77.03"
"43,27 : 75.21"
"43,28 : 71.57"
"43,29 : 79.06"
"43,30 : 44.78"
"43,31 : 29.73"
"43,32 : 36.06"
"43,33 : 90.93"
"43,34 : 36.89"
"43,35 : 92.85"
"43,36 : 29.0"
"43,37 : 45.49"
"43,38 : 41.18"
"43,39 : 109.2"
"43,40 : 109.48"
"43,41 : 37.36"
"43,42 : 84.05"
"43,43 : 0.0"
"43,44 : 26.08"
"43,45 : 36.77"
"43,46 : 47.43"
"43,47 : 32.45"
"43,48 : 17.46"
"43,49 : 71.51"
"44,0 : 67.27"
"44,1 : 30.0"
"44,2 : 25.5"
"44,3 : 51.09"
"44,4 : 78.85"
"44,5 : 14.14"
"44,6 : 69.26"
"44,7 : 55.01"
"44,8 : 66.49"
"44,9 : 80.11"
"44,10 : 55.8"
"44,11 : 49.01"
"44,12 : 26.08"
"44,13 : 21.54"
"44,14 : 71.84"
"44,15 : 71.31"
"44,16 : 68.68"
"44,17 : 28.02"
"44,18 : 59.67"
"44,19 : 56.72"
"44,20 : 26.93"
"44,21 : 50.49"
"44,22 : 26.02"
"44,23 : 53.45"
"44,24 : 56.52"
"44,25 : 78.16"
"44,26 : 66.1"
"44,27 : 49.2"
"44,28 : 58.46"
"44,29 : 67.72"
"44,30 : 50.61"
"44,31 : 7.21"
"44,32 : 22.36"
"44,33 : 76.53"
"44,34 : 10.82"
"44,35 : 68.24"
"44,36 : 15.65"
"44,37 : 52.77"
"44,38 : 47.41"
"44,39 : 85.23"
"44,40 : 85.15"
"44,41 : 38.83"
"44,42 : 74.33"
"44,43 : 26.08"
"44,44 : 0.0"
"44,45 : 41.18"
"44,46 : 21.4"
"44,47 : 6.4"
"44,48 : 40.26"
"44,49 : 46.01"
"45,0 : 67.21"
"45,1 : 20.88"
"45,2 : 25.18"
"45,3 : 13.34"
"45,4 : 57.97"
"45,5 : 39.7"
"45,6 : 73.25"
"45,7 : 31.02"
"45,8 : 50.09"
"45,9 : 87.01"
"45,10 : 15.81"
"45,11 : 47.01"
"45,12 : 36.77"
"45,13 : 59.46"
"45,14 : 74.41"
"45,15 : 52.2"
"45,16 : 87.66"
"45,17 : 38.28"
"45,18 : 83.95"
"45,19 : 57.63"
"45,20 : 36.4"
"45,21 : 41.73"
"45,22 : 35.51"
"45,23 : 60.54"
"45,24 : 41.88"
"45,25 : 79.93"
"45,26 : 45.88"
"45,27 : 75.66"
"45,28 : 43.57"
"45,29 : 48.1"
"45,30 : 9.43"
"45,31 : 48.37"
"45,32 : 26.0"
"45,33 : 62.17"
"45,34 : 47.13"
"45,35 : 83.19"
"45,36 : 54.82"
"45,37 : 11.7"
"45,38 : 6.32"
"45,39 : 95.96"
"45,40 : 97.42"
"45,41 : 4.47"
"45,42 : 51.2"
"45,43 : 36.77"
"45,44 : 41.18"
"45,45 : 0.0"
"45,46 : 53.46"
"45,47 : 44.01"
"45,48 : 30.15"
"45,49 : 68.45"
"46,0 : 53.15"
"46,1 : 48.76"
"46,2 : 29.73"
"46,3 : 59.46"
"46,4 : 73.57"
"46,5 : 35.47"
"46,6 : 53.15"
"46,7 : 55.32"
"46,8 : 60.54"
"46,9 : 62.1"
"46,10 : 65.15"
"46,11 : 39.4"
"46,12 : 47.43"
"46,13 : 34.21"
"46,14 : 56.08"
"46,15 : 66.04"
"46,16 : 47.8"
"46,17 : 49.41"
"46,18 : 38.29"
"46,19 : 43.74"
"46,20 : 48.26"
"46,21 : 44.1"
"46,22 : 22.2"
"46,23 : 38.01"
"46,24 : 51.61"
"46,25 : 62.2"
"46,26 : 62.2"
"46,27 : 27.8"
"46,28 : 53.25"
"46,29 : 63.25"
"46,30 : 62.17"
"46,31 : 20.25"
"46,32 : 27.89"
"46,33 : 68.15"
"46,34 : 10.63"
"46,35 : 48.3"
"46,36 : 28.79"
"46,37 : 64.94"
"46,38 : 59.68"
"46,39 : 65.8"
"46,40 : 65.3"
"46,41 : 49.82"
"46,42 : 70.8"
"46,43 : 47.43"
"46,44 : 21.4"
"46,45 : 53.46"
"46,46 : 0.0"
"46,47 : 15.0"
"46,48 : 60.54"
"46,49 : 25.24"
"47,0 : 62.51"
"47,1 : 35.23"
"47,2 : 24.84"
"47,3 : 52.7"
"47,4 : 76.55"
"47,5 : 20.52"
"47,6 : 64.03"
"47,7 : 54.08"
"47,8 : 63.89"
"47,9 : 74.46"
"47,10 : 57.8"
"47,11 : 45.18"
"47,12 : 32.45"
"47,13 : 24.19"
"47,14 : 66.71"
"47,15 : 68.95"
"47,16 : 62.37"
"47,17 : 34.41"
"47,18 : 53.26"
"47,19 : 52.15"
"47,20 : 33.29"
"47,21 : 47.54"
"47,22 : 22.8"
"47,23 : 48.27"
"47,24 : 54.08"
"47,25 : 73.01"
"47,26 : 64.08"
"47,27 : 42.8"
"47,28 : 55.97"
"47,29 : 65.55"
"47,30 : 53.31"
"47,31 : 8.06"
"47,32 : 21.93"
"47,33 : 73.35"
"47,34 : 4.47"
"47,35 : 62.13"
"47,36 : 18.11"
"47,37 : 55.71"
"47,38 : 50.33"
"47,39 : 79.26"
"47,40 : 79.08"
"47,41 : 41.15"
"47,42 : 72.5"
"47,43 : 32.45"
"47,44 : 6.4"
"47,45 : 44.01"
"47,46 : 15.0"
"47,47 : 0.0"
"47,48 : 46.17"
"47,49 : 39.7"
"48,0 : 92.09"
"48,1 : 13.45"
"48,2 : 43.28"
"48,3 : 43.0"
"48,4 : 87.86"
"48,5 : 29.0"
"48,6 : 96.83"
"48,7 : 60.64"
"48,8 : 79.06"
"48,9 : 109.88"
"48,10 : 43.42"
"48,11 : 71.28"
"48,12 : 17.46"
"48,13 : 48.05"
"48,14 : 98.6"
"48,15 : 81.74"
"48,16 : 104.62"
"48,17 : 17.09"
"48,18 : 97.62"
"48,19 : 81.61"
"48,20 : 16.49"
"48,21 : 68.0"
"48,22 : 52.35"
"48,23 : 82.13"
"48,24 : 70.01"
"48,25 : 104.62"
"48,26 : 75.43"
"48,27 : 87.66"
"48,28 : 71.87"
"48,29 : 77.62"
"48,30 : 35.36"
"48,31 : 45.4"
"48,32 : 41.73"
"48,33 : 91.08"
"48,34 : 50.6"
"48,35 : 102.18"
"48,36 : 46.17"
"48,37 : 34.93"
"48,38 : 32.14"
"48,39 : 117.38"
"48,40 : 118.14"
"48,41 : 32.76"
"48,42 : 81.22"
"48,43 : 17.46"
"48,44 : 40.26"
"48,45 : 30.15"
"48,46 : 60.54"
"48,47 : 46.17"
"48,48 : 0.0"
"48,49 : 82.68"
"49,0 : 36.72"
"49,1 : 69.84"
"49,2 : 43.42"
"49,3 : 70.01"
"49,4 : 66.84"
"49,5 : 60.14"
"49,6 : 33.53"
"49,7 : 57.97"
"49,8 : 54.64"
"49,9 : 39.05"
"49,10 : 76.01"
"49,11 : 33.54"
"49,12 : 71.51"
"49,13 : 58.69"
"49,14 : 36.69"
"49,15 : 60.22"
"49,16 : 22.67"
"49,17 : 73.59"
"49,18 : 15.52"
"49,19 : 31.11"
"49,20 : 72.25"
"49,21 : 41.23"
"49,22 : 32.98"
"49,23 : 22.67"
"49,24 : 48.75"
"49,25 : 41.98"
"49,26 : 58.67"
"49,27 : 8.94"
"49,28 : 49.65"
"49,29 : 58.83"
"49,30 : 75.54"
"49,31 : 45.49"
"49,32 : 43.32"
"49,33 : 58.0"
"49,34 : 35.61"
"49,35 : 23.41"
"49,36 : 53.67"
"49,37 : 78.64"
"49,38 : 73.98"
"49,39 : 41.11"
"49,40 : 40.31"
"49,41 : 64.13"
"49,42 : 66.57"
"49,43 : 71.51"
"49,44 : 46.01"
"49,45 : 68.45"
"49,46 : 25.24"
"49,47 : 39.7"
"49,48 : 82.68"
"49,49 : 0.0"
