x,y
34,87
92,83
97,34
96,41
60,97
55,60
51,74
19,4
57,29
80,30
11,55
74,62
91,72
26,37
20,3
69,73
85,38
76,39
71,66
47,3
28,17
61,12
55,54
73,83
55,58
22,95
19,31
78,93
56,90
36,53
70,97
78,92
44,92
82,90
54,29
48,86
39,96
95,95
80,18
65,23
60,23
22,89
51,67
91,90
67,88
61,71
27,75
32,36
22,60
6,36

Distanze
"0,0 : 0.0"
"0,1 : 18.68"
"0,2 : 60.0"
"0,3 : 32.39"
"0,4 : 15.81"
"0,5 : 77.52"
"0,6 : 20.12"
"0,7 : 54.23"
"0,8 : 19.8"
"0,9 : 96.05"
"0,10 : 42.01"
"0,11 : 85.44"
"0,12 : 86.59"
"0,13 : 21.54"
"0,14 : 83.87"
"0,15 : 32.25"
"0,16 : 61.29"
"0,17 : 61.59"
"0,18 : 72.78"
"0,19 : 36.77"
"0,20 : 27.31"
"0,21 : 20.25"
"0,22 : 49.03"
"0,23 : 22.02"
"0,24 : 91.71"
"0,25 : 47.01"
"0,26 : 62.13"
"0,27 : 20.0"
"0,28 : 20.52"
"0,29 : 61.85"
"0,30 : 45.12"
"0,31 : 41.23"
"0,32 : 75.03"
"0,33 : 56.82"
"0,34 : 28.07"
"0,35 : 115.97"
"0,36 : 83.05"
"0,37 : 27.89"
"0,38 : 54.13"
"0,39 : 72.06"
"0,40 : 81.61"
"0,41 : 8.54"
"0,42 : 95.38"
"0,43 : 83.55"
"0,44 : 108.3"
"0,45 : 26.4"
"0,46 : 12.17"
"0,47 : 34.67"
"0,48 : 93.35"
"0,49 : 10.82"
"1,0 : 18.68"
"1,1 : 0.0"
"1,2 : 42.3"
"1,3 : 43.57"
"1,4 : 3.0"
"1,5 : 86.33"
"1,6 : 24.7"
"1,7 : 37.36"
"1,8 : 37.22"
"1,9 : 86.45"
"1,10 : 24.74"
"1,11 : 74.28"
"1,12 : 70.94"
"1,13 : 36.07"
"1,14 : 78.26"
"1,15 : 47.38"
"1,16 : 44.38"
"1,17 : 50.99"
"1,18 : 57.01"
"1,19 : 50.45"
"1,20 : 41.73"
"1,21 : 31.38"
"1,22 : 59.94"
"1,23 : 12.65"
"1,24 : 78.49"
"1,25 : 46.27"
"1,26 : 70.52"
"1,27 : 7.28"
"1,28 : 38.08"
"1,29 : 62.29"
"1,30 : 30.02"
"1,31 : 26.63"
"1,32 : 75.54"
"1,33 : 45.25"
"1,34 : 36.67"
"1,35 : 108.0"
"1,36 : 65.03"
"1,37 : 40.61"
"1,38 : 64.85"
"1,39 : 79.81"
"1,40 : 86.37"
"1,41 : 21.21"
"1,42 : 83.24"
"1,43 : 93.41"
"1,44 : 99.64"
"1,45 : 17.09"
"1,46 : 17.46"
"1,47 : 34.01"
"1,48 : 85.45"
"1,49 : 27.02"
"2,0 : 60.0"
"2,1 : 42.3"
"2,2 : 0.0"
"2,3 : 72.45"
"2,4 : 45.28"
"2,5 : 103.39"
"2,6 : 54.08"
"2,7 : 7.81"
"2,8 : 75.31"
"2,9 : 61.85"
"2,10 : 18.03"
"2,11 : 47.54"
"2,12 : 31.89"
"2,13 : 70.88"
"2,14 : 65.38"
"2,15 : 80.99"
"2,16 : 6.08"
"2,17 : 33.96"
"2,18 : 19.42"
"2,19 : 81.44"
"2,20 : 75.27"
"2,21 : 73.01"
"2,22 : 84.88"
"2,23 : 49.04"
"2,24 : 45.28"
"2,25 : 55.23"
"2,26 : 89.11"
"2,27 : 45.61"
"2,28 : 76.3"
"2,29 : 67.42"
"2,30 : 18.87"
"2,31 : 22.36"
"2,32 : 77.39"
"2,33 : 28.79"
"2,34 : 64.4"
"2,35 : 84.9"
"2,36 : 23.19"
"2,37 : 72.24"
"2,38 : 88.6"
"2,39 : 95.67"
"2,40 : 95.19"
"2,41 : 63.51"
"2,42 : 52.33"
"2,43 : 111.8"
"2,44 : 75.69"
"2,45 : 37.64"
"2,46 : 59.23"
"2,47 : 50.22"
"2,48 : 65.38"
"2,49 : 69.26"
"3,0 : 32.39"
"3,1 : 43.57"
"3,2 : 72.45"
"3,3 : 0.0"
"3,4 : 42.06"
"3,5 : 45.18"
"3,6 : 19.8"
"3,7 : 64.88"
"3,8 : 20.12"
"3,9 : 84.76"
"3,10 : 56.3"
"3,11 : 78.26"
"3,12 : 89.68"
"3,13 : 12.37"
"3,14 : 66.73"
"3,15 : 11.7"
"3,16 : 70.94"
"3,17 : 57.01"
"3,18 : 77.67"
"3,19 : 9.22"
"3,20 : 9.22"
"3,21 : 49.37"
"3,22 : 16.76"
"3,23 : 52.55"
"3,24 : 88.28"
"3,25 : 29.41"
"3,26 : 30.02"
"3,27 : 48.75"
"3,28 : 20.59"
"3,29 : 38.29"
"3,30 : 53.71"
"3,31 : 50.09"
"3,32 : 49.68"
"3,33 : 55.23"
"3,34 : 8.06"
"3,35 : 100.34"
"3,36 : 94.7"
"3,37 : 5.39"
"3,38 : 21.84"
"3,39 : 40.05"
"3,40 : 51.24"
"3,41 : 40.05"
"3,42 : 89.27"
"3,43 : 51.2"
"3,44 : 94.37"
"3,45 : 35.81"
"3,46 : 44.55"
"3,47 : 24.19"
"3,48 : 79.2"
"3,49 : 38.21"
"4,0 : 15.81"
"4,1 : 3.0"
"4,2 : 45.28"
"4,3 : 42.06"
"4,4 : 0.0"
"4,5 : 85.44"
"4,6 : 23.77"
"4,7 : 40.26"
"4,8 : 34.67"
"4,9 : 88.46"
"4,10 : 27.66"
"4,11 : 76.49"
"4,12 : 73.74"
"4,13 : 33.97"
"4,14 : 79.65"
"4,15 : 45.28"
"4,16 : 47.3"
"4,17 : 53.04"
"4,18 : 59.81"
"4,19 : 48.6"
"4,20 : 39.7"
"4,21 : 28.64"
"4,22 : 58.6"
"4,23 : 12.04"
"4,24 : 80.99"
"4,25 : 46.69"
"4,26 : 69.64"
"4,27 : 7.07"
"4,28 : 35.51"
"4,29 : 62.65"
"4,30 : 32.65"
"4,31 : 29.15"
"4,32 : 75.95"
"4,33 : 47.42"
"4,34 : 35.47"
"4,35 : 109.81"
"4,36 : 68.03"
"4,37 : 38.83"
"4,38 : 63.56"
"4,39 : 79.08"
"4,40 : 86.15"
"4,41 : 18.25"
"4,42 : 85.6"
"4,43 : 92.36"
"4,44 : 101.53"
"4,45 : 18.36"
"4,46 : 14.76"
"4,47 : 34.23"
"4,48 : 87.2"
"4,49 : 24.02"
"5,0 : 77.52"
"5,1 : 86.33"
"5,2 : 103.39"
"5,3 : 45.18"
"5,4 : 85.44"
"5,5 : 0.0"
"5,6 : 61.68"
"5,7 : 95.67"
"5,8 : 63.2"
"5,9 : 85.7"
"5,10 : 91.53"
"5,11 : 86.73"
"5,12 : 108.56"
"5,13 : 57.01"
"5,14 : 63.15"
"5,15 : 49.5"
"5,16 : 99.7"
"5,17 : 75.21"
"5,18 : 100.6"
"5,19 : 43.29"
"5,20 : 52.04"
"5,21 : 94.02"
"5,22 : 29.02"
"5,23 : 96.77"
"5,24 : 99.54"
"5,25 : 48.17"
"5,26 : 15.81"
"5,27 : 92.44"
"5,28 : 63.29"
"5,29 : 38.59"
"5,30 : 85.43"
"5,31 : 83.01"
"5,32 : 36.67"
"5,33 : 77.34"
"5,34 : 50.22"
"5,35 : 91.14"
"5,36 : 121.92"
"5,37 : 50.04"
"5,38 : 24.08"
"5,39 : 7.81"
"5,40 : 19.42"
"5,41 : 85.21"
"5,42 : 96.77"
"5,43 : 8.6"
"5,44 : 89.09"
"5,45 : 73.79"
"5,46 : 89.68"
"5,47 : 55.57"
"5,48 : 76.94"
"5,49 : 83.0"
"6,0 : 20.12"
"6,1 : 24.7"
"6,2 : 54.08"
"6,3 : 19.8"
"6,4 : 23.77"
"6,5 : 61.68"
"6,6 : 0.0"
"6,7 : 46.84"
"6,8 : 23.35"
"6,9 : 78.23"
"6,10 : 37.12"
"6,11 : 68.94"
"6,12 : 75.06"
"6,13 : 17.12"
"6,14 : 64.38"
"6,15 : 26.93"
"6,16 : 53.37"
"6,17 : 45.54"
"6,18 : 62.03"
"6,19 : 28.02"
"6,20 : 21.19"
"6,21 : 40.31"
"6,22 : 35.51"
"6,23 : 35.36"
"6,24 : 76.92"
"6,25 : 26.93"
"6,26 : 45.88"
"6,27 : 30.81"
"6,28 : 24.33"
"6,29 : 41.79"
"6,30 : 35.9"
"6,31 : 32.02"
"6,32 : 55.03"
"6,33 : 41.98"
"6,34 : 12.21"
"6,35 : 97.08"
"6,36 : 76.92"
"6,37 : 18.36"
"6,38 : 40.31"
"6,39 : 55.32"
"6,40 : 63.01"
"6,41 : 28.64"
"6,42 : 79.48"
"6,43 : 68.71"
"6,44 : 89.81"
"6,45 : 16.55"
"6,46 : 30.81"
"6,47 : 14.87"
"6,48 : 74.65"
"6,49 : 30.0"
"7,0 : 54.23"
"7,1 : 37.36"
"7,2 : 7.81"
"7,3 : 64.88"
"7,4 : 40.26"
"7,5 : 95.67"
"7,6 : 46.84"
"7,7 : 0.0"
"7,8 : 68.59"
"7,9 : 58.87"
"7,10 : 12.65"
"7,11 : 44.78"
"7,12 : 34.0"
"7,13 : 63.79"
"7,14 : 60.01"
"7,15 : 73.68"
"7,16 : 7.07"
"7,17 : 28.07"
"7,18 : 20.25"
"7,19 : 73.93"
"7,20 : 68.01"
"7,21 : 68.62"
"7,22 : 77.1"
"7,23 : 45.65"
"7,24 : 44.69"
"7,25 : 47.51"
"7,26 : 81.32"
"7,27 : 41.63"
"7,28 : 69.58"
"7,29 : 60.03"
"7,30 : 11.18"
"7,31 : 14.87"
"7,32 : 70.38"
"7,33 : 22.36"
"7,34 : 56.86"
"7,35 : 81.93"
"7,36 : 30.08"
"7,37 : 64.85"
"7,38 : 80.8"
"7,39 : 87.97"
"7,40 : 87.82"
"7,41 : 58.46"
"7,42 : 51.04"
"7,43 : 104.06"
"7,44 : 72.8"
"7,45 : 30.59"
"7,46 : 54.71"
"7,47 : 42.44"
"7,48 : 61.39"
"7,49 : 63.95"
"8,0 : 19.8"
"8,1 : 37.22"
"8,2 : 75.31"
"8,3 : 20.12"
"8,4 : 34.67"
"8,5 : 63.2"
"8,6 : 23.35"
"8,7 : 68.59"
"8,8 : 0.0"
"8,9 : 100.18"
"8,10 : 57.49"
"8,11 : 91.76"
"8,12 : 98.25"
"8,13 : 8.49"
"8,14 : 84.2"
"8,15 : 14.14"
"8,16 : 75.43"
"8,17 : 68.68"
"8,18 : 85.02"
"8,19 : 20.0"
"8,20 : 11.4"
"8,21 : 31.14"
"8,22 : 34.23"
"8,23 : 41.77"
"8,24 : 100.17"
"8,25 : 45.8"
"8,26 : 49.03"
"8,27 : 39.7"
"8,28 : 1.0"
"8,29 : 57.38"
"8,30 : 58.14"
"8,31 : 54.15"
"8,32 : 69.4"
"8,33 : 65.31"
"8,34 : 21.26"
"8,35 : 117.64"
"8,36 : 98.48"
"8,37 : 14.76"
"8,38 : 39.12"
"8,39 : 59.03"
"8,40 : 71.17"
"8,41 : 24.6"
"8,42 : 102.46"
"8,43 : 68.03"
"8,44 : 110.98"
"8,45 : 38.12"
"8,46 : 30.53"
"8,47 : 36.25"
"8,48 : 95.72"
"8,49 : 20.62"
"9,0 : 96.05"
"9,1 : 86.45"
"9,2 : 61.85"
"9,3 : 84.76"
"9,4 : 88.46"
"9,5 : 85.7"
"9,6 : 78.23"
"9,7 : 58.87"
"9,8 : 100.18"
"9,9 : 0.0"
"9,10 : 67.6"
"9,11 : 14.32"
"9,12 : 40.02"
"9,13 : 92.14"
"9,14 : 22.56"
"9,15 : 96.46"
"9,16 : 55.79"
"9,17 : 35.47"
"9,18 : 44.18"
"9,19 : 92.72"
"9,20 : 92.85"
"9,21 : 115.43"
"9,22 : 85.84"
"9,23 : 98.23"
"9,24 : 22.47"
"9,25 : 55.36"
"9,26 : 79.03"
"9,27 : 93.09"
"9,28 : 101.07"
"9,29 : 51.09"
"9,30 : 58.83"
"9,31 : 61.03"
"9,32 : 49.03"
"9,33 : 41.4"
"9,34 : 79.71"
"9,35 : 23.09"
"9,36 : 63.51"
"9,37 : 88.39"
"9,38 : 86.28"
"9,39 : 78.92"
"9,40 : 68.31"
"9,41 : 103.48"
"9,42 : 15.26"
"9,43 : 93.62"
"9,44 : 13.93"
"9,45 : 70.72"
"9,46 : 102.53"
"9,47 : 64.01"
"9,48 : 9.43"
"9,49 : 106.83"
"10,0 : 42.01"
"10,1 : 24.74"
"10,2 : 18.03"
"10,3 : 56.3"
"10,4 : 27.66"
"10,5 : 91.53"
"10,6 : 37.12"
"10,7 : 12.65"
"10,8 : 57.49"
"10,9 : 67.6"
"10,10 : 0.0"
"10,11 : 54.08"
"10,12 : 46.52"
"10,13 : 53.49"
"10,14 : 64.94"
"10,15 : 63.98"
"10,16 : 19.65"
"10,17 : 33.53"
"10,18 : 32.65"
"10,19 : 65.0"
"10,20 : 58.18"
"10,21 : 55.97"
"10,22 : 70.09"
"10,23 : 33.29"
"10,24 : 55.9"
"10,25 : 44.28"
"10,26 : 76.4"
"10,27 : 29.07"
"10,28 : 58.46"
"10,29 : 58.82"
"10,30 : 9.22"
"10,31 : 9.22"
"10,32 : 70.61"
"10,33 : 27.2"
"10,34 : 48.26"
"10,35 : 90.34"
"10,36 : 41.19"
"10,37 : 55.47"
"10,38 : 74.25"
"10,39 : 84.06"
"10,40 : 86.16"
"10,41 : 45.89"
"10,42 : 61.62"
"10,43 : 99.62"
"10,44 : 81.41"
"10,45 : 20.59"
"10,46 : 42.06"
"10,47 : 36.24"
"10,48 : 68.71"
"10,49 : 51.48"
"11,0 : 85.44"
"11,1 : 74.28"
"11,2 : 47.54"
"11,3 : 78.26"
"11,4 : 76.49"
"11,5 : 86.73"
"11,6 : 68.94"
"11,7 : 44.78"
"11,8 : 91.76"
"11,9 : 14.32"
"11,10 : 54.08"
"11,11 : 0.0"
"11,12 : 27.73"
"11,13 : 84.12"
"11,14 : 26.87"
"11,15 : 89.82"
"11,16 : 41.48"
"11,17 : 23.85"
"11,18 : 30.02"
"11,19 : 86.83"
"11,20 : 85.62"
"11,21 : 104.2"
"11,22 : 82.02"
"11,23 : 85.63"
"11,24 : 13.04"
"11,25 : 49.25"
"11,26 : 77.67"
"11,27 : 80.62"
"11,28 : 92.7"
"11,29 : 49.24"
"11,30 : 45.61"
"11,31 : 48.17"
"11,32 : 51.0"
"11,33 : 29.07"
"11,34 : 72.28"
"11,35 : 37.36"
"11,36 : 50.22"
"11,37 : 81.25"
"11,38 : 83.29"
"11,39 : 79.38"
"11,40 : 71.2"
"11,41 : 92.42"
"11,42 : 11.05"
"11,43 : 95.08"
"11,44 : 28.16"
"11,45 : 59.41"
"11,46 : 90.91"
"11,47 : 55.66"
"11,48 : 19.65"
"11,49 : 96.25"
"12,0 : 86.59"
"12,1 : 70.94"
"12,2 : 31.89"
"12,3 : 89.68"
"12,4 : 73.74"
"12,5 : 108.56"
"12,6 : 75.06"
"12,7 : 34.0"
"12,8 : 98.25"
"12,9 : 40.02"
"12,10 : 46.52"
"12,11 : 27.73"
"12,12 : 0.0"
"12,13 : 92.01"
"12,14 : 53.82"
"12,15 : 100.24"
"12,16 : 27.46"
"12,17 : 34.18"
"12,18 : 13.93"
"12,19 : 98.86"
"12,20 : 95.08"
"12,21 : 102.32"
"12,22 : 97.8"
"12,23 : 79.65"
"12,24 : 18.03"
"12,25 : 64.2"
"12,26 : 97.08"
"12,27 : 75.58"
"12,28 : 99.25"
"12,29 : 69.97"
"12,30 : 41.48"
"12,31 : 45.35"
"12,32 : 75.17"
"12,33 : 34.53"
"12,34 : 82.3"
"12,35 : 61.03"
"12,36 : 24.02"
"12,37 : 91.2"
"12,38 : 100.24"
"12,39 : 100.85"
"12,40 : 95.27"
"12,41 : 91.71"
"12,42 : 26.02"
"12,43 : 117.14"
"12,44 : 52.15"
"12,45 : 60.83"
"12,46 : 88.39"
"12,47 : 65.49"
"12,48 : 47.17"
"12,49 : 96.84"
"13,0 : 21.54"
"13,1 : 36.07"
"13,2 : 70.88"
"13,3 : 12.37"
"13,4 : 33.97"
"13,5 : 57.01"
"13,6 : 17.12"
"13,7 : 63.79"
"13,8 : 8.49"
"13,9 : 92.14"
"13,10 : 53.49"
"13,11 : 84.12"
"13,12 : 92.01"
"13,13 : 0.0"
"13,14 : 75.8"
"13,15 : 11.31"
"13,16 : 70.41"
"13,17 : 61.39"
"13,18 : 79.1"
"13,19 : 15.23"
"13,20 : 5.83"
"13,21 : 37.12"
"13,22 : 28.07"
"13,23 : 43.05"
"13,24 : 92.96"
"13,25 : 37.44"
"13,26 : 42.19"
"13,27 : 40.0"
"13,28 : 9.22"
"13,29 : 48.92"
"13,30 : 52.95"
"13,31 : 49.03"
"13,32 : 61.03"
"13,33 : 58.42"
"13,34 : 12.81"
"13,35 : 109.29"
"13,36 : 93.86"
"13,37 : 7.07"
"13,38 : 33.14"
"13,39 : 52.24"
"13,40 : 63.6"
"13,41 : 28.44"
"13,42 : 94.92"
"13,43 : 62.51"
"13,44 : 102.73"
"13,45 : 33.24"
"13,46 : 33.53"
"13,47 : 28.46"
"13,48 : 87.46"
"13,49 : 26.02"
"14,0 : 83.87"
"14,1 : 78.26"
"14,2 : 65.38"
"14,3 : 66.73"
"14,4 : 79.65"
"14,5 : 63.15"
"14,6 : 64.38"
"14,7 : 60.01"
"14,8 : 84.2"
"14,9 : 22.56"
"14,10 : 64.94"
"14,11 : 26.87"
"14,12 : 53.82"
"14,13 : 75.8"
"14,14 : 0.0"
"14,15 : 78.29"
"14,16 : 59.54"
"14,17 : 32.02"
"14,18 : 52.2"
"14,19 : 73.82"
"14,20 : 75.47"
"14,21 : 104.02"
"14,22 : 65.25"
"14,23 : 90.8"
"14,24 : 39.7"
"14,25 : 38.42"
"14,26 : 57.08"
"14,27 : 85.43"
"14,28 : 85.0"
"14,29 : 30.08"
"14,30 : 55.73"
"14,31 : 56.52"
"14,32 : 26.48"
"14,33 : 38.12"
"14,34 : 63.01"
"14,35 : 33.62"
"14,36 : 74.32"
"14,37 : 71.02"
"14,38 : 65.12"
"14,39 : 56.44"
"14,40 : 45.88"
"14,41 : 92.01"
"14,42 : 34.99"
"14,43 : 71.06"
"14,44 : 28.16"
"14,45 : 61.29"
"14,46 : 92.36"
"14,47 : 49.52"
"14,48 : 14.0"
"14,49 : 94.26"
"15,0 : 32.25"
"15,1 : 47.38"
"15,2 : 80.99"
"15,3 : 11.7"
"15,4 : 45.28"
"15,5 : 49.5"
"15,6 : 26.93"
"15,7 : 73.68"
"15,8 : 14.14"
"15,9 : 96.46"
"15,10 : 63.98"
"15,11 : 89.82"
"15,12 : 100.24"
"15,13 : 11.31"
"15,14 : 78.29"
"15,15 : 0.0"
"15,16 : 80.08"
"15,17 : 68.18"
"15,18 : 87.82"
"15,19 : 6.32"
"15,20 : 5.83"
"15,21 : 45.28"
"15,22 : 20.88"
"15,23 : 54.08"
"15,24 : 99.61"
"15,25 : 41.11"
"15,26 : 36.06"
"15,27 : 51.22"
"15,28 : 14.04"
"15,29 : 49.41"
"15,30 : 62.64"
"15,31 : 58.82"
"15,32 : 60.11"
"15,33 : 66.01"
"15,34 : 18.0"
"15,35 : 111.89"
"15,36 : 103.74"
"15,37 : 9.06"
"15,38 : 25.5"
"15,39 : 45.88"
"15,40 : 59.03"
"15,41 : 38.28"
"15,42 : 100.81"
"15,43 : 54.0"
"15,44 : 106.02"
"15,45 : 43.46"
"15,46 : 43.86"
"15,47 : 35.01"
"15,48 : 90.87"
"15,49 : 34.71"
"16,0 : 61.29"
"16,1 : 44.38"
"16,2 : 6.08"
"16,3 : 70.94"
"16,4 : 47.3"
"16,5 : 99.7"
"16,6 : 53.37"
"16,7 : 7.07"
"16,8 : 75.43"
"16,9 : 55.79"
"16,10 : 19.65"
"16,11 : 41.48"
"16,12 : 27.46"
"16,13 : 70.41"
"16,14 : 59.54"
"16,15 : 80.08"
"16,16 : 0.0"
"16,17 : 28.46"
"16,18 : 14.14"
"16,19 : 80.06"
"16,20 : 74.46"
"16,21 : 75.58"
"16,22 : 82.49"
"16,23 : 52.33"
"16,24 : 39.66"
"16,25 : 51.66"
"16,26 : 85.8"
"16,27 : 48.47"
"16,28 : 76.42"
"16,29 : 63.01"
"16,30 : 17.46"
"16,31 : 21.38"
"16,32 : 72.47"
"16,33 : 23.71"
"16,34 : 62.97"
"16,35 : 78.85"
"16,36 : 23.77"
"16,37 : 71.17"
"16,38 : 85.98"
"16,39 : 91.93"
"16,40 : 90.7"
"16,41 : 65.51"
"16,42 : 46.53"
"16,43 : 108.19"
"16,44 : 69.64"
"16,45 : 37.34"
"16,46 : 61.68"
"16,47 : 47.89"
"16,48 : 59.3"
"16,49 : 71.02"
"17,0 : 61.59"
"17,1 : 50.99"
"17,2 : 33.96"
"17,3 : 57.01"
"17,4 : 53.04"
"17,5 : 75.21"
"17,6 : 45.54"
"17,7 : 28.07"
"17,8 : 68.68"
"17,9 : 35.47"
"17,10 : 33.53"
"17,11 : 23.85"
"17,12 : 34.18"
"17,13 : 61.39"
"17,14 : 32.02"
"17,15 : 68.18"
"17,16 : 28.46"
"17,17 : 0.0"
"17,18 : 25.5"
"17,19 : 66.01"
"17,20 : 63.51"
"17,21 : 80.43"
"17,22 : 63.79"
"17,23 : 62.8"
"17,24 : 31.58"
"17,25 : 30.08"
"17,26 : 63.06"
"17,27 : 57.63"
"17,28 : 69.64"
"17,29 : 36.88"
"17,30 : 24.35"
"17,31 : 25.94"
"17,32 : 44.65"
"17,33 : 6.32"
"17,34 : 50.25"
"17,35 : 57.45"
"17,36 : 47.51"
"17,37 : 59.3"
"17,38 : 66.1"
"17,39 : 67.42"
"17,40 : 63.78"
"17,41 : 68.6"
"17,42 : 34.01"
"17,43 : 83.82"
"17,44 : 48.83"
"17,45 : 35.61"
"17,46 : 67.27"
"17,47 : 33.24"
"17,48 : 35.34"
"17,49 : 72.4"
"18,0 : 72.78"
"18,1 : 57.01"
"18,2 : 19.42"
"18,3 : 77.67"
"18,4 : 59.81"
"18,5 : 100.6"
"18,6 : 62.03"
"18,7 : 20.25"
"18,8 : 85.02"
"18,9 : 44.18"
"18,10 : 32.65"
"18,11 : 30.02"
"18,12 : 13.93"
"18,13 : 79.1"
"18,14 : 52.2"
"18,15 : 87.82"
"18,16 : 14.14"
"18,17 : 25.5"
"18,18 : 0.0"
"18,19 : 86.88"
"18,20 : 82.49"
"18,21 : 88.39"
"18,22 : 87.09"
"18,23 : 65.86"
"18,24 : 25.94"
"18,25 : 54.12"
"18,26 : 87.98"
"18,27 : 61.72"
"18,28 : 86.02"
"18,29 : 62.37"
"18,30 : 27.66"
"18,31 : 31.58"
"18,32 : 69.66"
"18,33 : 23.71"
"18,34 : 70.04"
"18,35 : 66.91"
"18,36 : 22.47"
"18,37 : 78.77"
"18,38 : 89.96"
"18,39 : 92.8"
"18,40 : 89.14"
"18,41 : 77.79"
"18,42 : 33.24"
"18,43 : 109.2"
"18,44 : 57.71"
"18,45 : 47.27"
"18,46 : 74.46"
"18,47 : 53.6"
"18,48 : 49.16"
"18,49 : 82.97"
"19,0 : 36.77"
"19,1 : 50.45"
"19,2 : 81.44"
"19,3 : 9.22"
"19,4 : 48.6"
"19,5 : 43.29"
"19,6 : 28.02"
"19,7 : 73.93"
"19,8 : 20.0"
"19,9 : 92.72"
"19,10 : 65.0"
"19,11 : 86.83"
"19,12 : 98.86"
"19,13 : 15.23"
"19,14 : 73.82"
"19,15 : 6.32"
"19,16 : 80.06"
"19,17 : 66.01"
"19,18 : 86.88"
"19,19 : 0.0"
"19,20 : 9.49"
"19,21 : 51.09"
"19,22 : 14.56"
"19,23 : 58.18"
"19,24 : 97.13"
"19,25 : 37.66"
"19,26 : 29.73"
"19,27 : 54.92"
"19,28 : 20.02"
"19,29 : 44.42"
"19,30 : 62.77"
"19,31 : 59.09"
"19,32 : 54.56"
"19,33 : 64.38"
"19,34 : 17.09"
"19,35 : 107.33"
"19,36 : 103.82"
"19,37 : 9.9"
"19,38 : 19.24"
"19,39 : 39.56"
"19,40 : 52.77"
"19,41 : 43.42"
"19,42 : 97.87"
"19,43 : 48.04"
"19,44 : 101.77"
"19,45 : 44.42"
"19,46 : 48.7"
"19,47 : 33.38"
"19,48 : 86.73"
"19,49 : 40.31"
"20,0 : 27.31"
"20,1 : 41.73"
"20,2 : 75.27"
"20,3 : 9.22"
"20,4 : 39.7"
"20,5 : 52.04"
"20,6 : 21.19"
"20,7 : 68.01"
"20,8 : 11.4"
"20,9 : 92.85"
"20,10 : 58.18"
"20,11 : 85.62"
"20,12 : 95.08"
"20,13 : 5.83"
"20,14 : 75.47"
"20,15 : 5.83"
"20,16 : 74.46"
"20,17 : 63.51"
"20,18 : 82.49"
"20,19 : 9.49"
"20,20 : 0.0"
"20,21 : 42.0"
"20,22 : 23.02"
"20,23 : 48.88"
"20,24 : 95.04"
"20,25 : 37.58"
"20,26 : 37.66"
"20,27 : 45.8"
"20,28 : 11.7"
"20,29 : 47.42"
"20,30 : 57.01"
"20,31 : 53.16"
"20,32 : 58.9"
"20,33 : 61.03"
"20,34 : 13.34"
"20,35 : 109.08"
"20,36 : 98.08"
"20,37 : 4.47"
"20,38 : 28.0"
"20,39 : 47.68"
"20,40 : 59.81"
"20,41 : 33.96"
"20,42 : 96.54"
"20,43 : 57.22"
"20,44 : 102.88"
"20,45 : 37.7"
"20,46 : 39.22"
"20,47 : 30.27"
"20,48 : 87.66"
"20,49 : 31.06"
"21,0 : 20.25"
"21,1 : 31.38"
"21,2 : 73.01"
"21,3 : 49.37"
"21,4 : 28.64"
"21,5 : 94.02"
"21,6 : 40.31"
"21,7 : 68.62"
"21,8 : 31.14"
"21,9 : 115.43"
"21,10 : 55.97"
"21,11 : 104.2"
"21,12 : 102.32"
"21,13 : 37.12"
"21,14 : 104.02"
"21,15 : 45.28"
"21,16 : 75.58"
"21,17 : 80.43"
"21,18 : 88.39"
"21,19 : 51.09"
"21,20 : 42.0"
"21,21 : 0.0"
"21,22 : 65.01"
"21,23 : 25.0"
"21,24 : 109.42"
"21,25 : 67.23"
"21,26 : 79.31"
"21,27 : 27.46"
"21,28 : 31.26"
"21,29 : 81.86"
"21,30 : 61.27"
"21,31 : 57.71"
"21,32 : 94.94"
"21,33 : 75.21"
"21,34 : 46.84"
"21,35 : 135.83"
"21,36 : 95.04"
"21,37 : 44.18"
"21,38 : 70.0"
"21,39 : 89.36"
"21,40 : 100.22"
"21,41 : 12.04"
"21,42 : 113.72"
"21,43 : 99.13"
"21,44 : 127.99"
"21,45 : 44.82"
"21,46 : 13.93"
"21,47 : 54.92"
"21,48 : 113.17"
"21,49 : 11.18"
"22,0 : 49.03"
"22,1 : 59.94"
"22,2 : 84.88"
"22,3 : 16.76"
"22,4 : 58.6"
"22,5 : 29.02"
"22,6 : 35.51"
"22,7 : 77.1"
"22,8 : 34.23"
"22,9 : 85.84"
"22,10 : 70.09"
"22,11 : 82.02"
"22,12 : 97.8"
"22,13 : 28.07"
"22,14 : 65.25"
"22,15 : 20.88"
"22,16 : 82.49"
"22,17 : 63.79"
"22,18 : 87.09"
"22,19 : 14.56"
"22,20 : 23.02"
"22,21 : 65.01"
"22,22 : 0.0"
"22,23 : 69.29"
"22,24 : 93.43"
"22,25 : 33.73"
"22,26 : 15.23"
"22,27 : 65.39"
"22,28 : 34.37"
"22,29 : 35.17"
"22,30 : 66.03"
"22,31 : 62.8"
"22,32 : 43.05"
"22,33 : 63.57"
"22,34 : 23.32"
"22,35 : 98.08"
"22,36 : 106.07"
"22,37 : 21.21"
"22,38 : 5.1"
"22,39 : 25.0"
"22,40 : 38.59"
"22,41 : 56.44"
"22,42 : 93.01"
"22,43 : 34.53"
"22,44 : 93.41"
"22,45 : 50.25"
"22,46 : 61.19"
"22,47 : 34.67"
"22,48 : 78.85"
"22,49 : 54.01"
"23,0 : 22.02"
"23,1 : 12.65"
"23,2 : 49.04"
"23,3 : 52.55"
"23,4 : 12.04"
"23,5 : 96.77"
"23,6 : 35.36"
"23,7 : 45.65"
"23,8 : 41.77"
"23,9 : 98.23"
"23,10 : 33.29"
"23,11 : 85.63"
"23,12 : 79.65"
"23,13 : 43.05"
"23,14 : 90.8"
"23,15 : 54.08"
"23,16 : 52.33"
"23,17 : 62.8"
"23,18 : 65.86"
"23,19 : 58.18"
"23,20 : 48.88"
"23,21 : 25.0"
"23,22 : 69.29"
"23,23 : 0.0"
"23,24 : 88.87"
"23,25 : 58.69"
"23,26 : 81.02"
"23,27 : 5.39"
"23,28 : 42.45"
"23,29 : 74.67"
"23,30 : 40.36"
"23,31 : 37.48"
"23,32 : 87.97"
"23,33 : 56.85"
"23,34 : 46.57"
"23,35 : 120.1"
"23,36 : 70.41"
"23,37 : 48.75"
"23,38 : 74.33"
"23,39 : 90.61"
"23,40 : 98.08"
"23,41 : 19.24"
"23,42 : 94.11"
"23,43 : 103.45"
"23,44 : 111.61"
"23,45 : 29.73"
"23,46 : 13.0"
"23,47 : 46.27"
"23,48 : 97.64"
"23,49 : 25.5"
"24,0 : 91.71"
"24,1 : 78.49"
"24,2 : 45.28"
"24,3 : 88.28"
"24,4 : 80.99"
"24,5 : 99.54"
"24,6 : 76.92"
"24,7 : 44.69"
"24,8 : 100.17"
"24,9 : 22.47"
"24,10 : 55.9"
"24,11 : 13.04"
"24,12 : 18.03"
"24,13 : 92.96"
"24,14 : 39.7"
"24,15 : 99.61"
"24,16 : 39.66"
"24,17 : 31.58"
"24,18 : 25.94"
"24,19 : 97.13"
"24,20 : 95.04"
"24,21 : 109.42"
"24,22 : 93.43"
"24,23 : 88.87"
"24,24 : 0.0"
"24,25 : 60.03"
"24,26 : 89.99"
"24,27 : 84.2"
"24,28 : 101.14"
"24,29 : 61.68"
"24,30 : 48.6"
"24,31 : 51.87"
"24,32 : 64.01"
"24,33 : 35.11"
"24,34 : 81.74"
"24,35 : 43.01"
"24,36 : 42.0"
"24,37 : 90.8"
"24,38 : 95.04"
"24,39 : 92.11"
"24,40 : 84.22"
"24,41 : 98.01"
"24,42 : 8.0"
"24,43 : 107.94"
"24,44 : 34.13"
"24,45 : 65.31"
"24,46 : 95.72"
"24,47 : 64.78"
"24,48 : 30.53"
"24,49 : 102.42"
"25,0 : 47.01"
"25,1 : 46.27"
"25,2 : 55.23"
"25,3 : 29.41"
"25,4 : 46.69"
"25,5 : 48.17"
"25,6 : 26.93"
"25,7 : 47.51"
"25,8 : 45.8"
"25,9 : 55.36"
"25,10 : 44.28"
"25,11 : 49.25"
"25,12 : 64.2"
"25,13 : 37.44"
"25,14 : 38.42"
"25,15 : 41.11"
"25,16 : 51.66"
"25,17 : 30.08"
"25,18 : 54.12"
"25,19 : 37.66"
"25,20 : 37.58"
"25,21 : 67.23"
"25,22 : 33.73"
"25,23 : 58.69"
"25,24 : 60.03"
"25,25 : 0.0"
"25,26 : 34.21"
"25,27 : 53.46"
"25,28 : 46.62"
"25,29 : 16.03"
"25,30 : 37.44"
"25,31 : 35.36"
"25,32 : 29.27"
"25,33 : 30.41"
"25,34 : 24.7"
"25,35 : 71.85"
"25,36 : 74.4"
"25,37 : 33.11"
"25,38 : 36.06"
"25,39 : 40.46"
"25,40 : 42.06"
"25,41 : 55.47"
"25,42 : 60.3"
"25,43 : 56.59"
"25,44 : 65.37"
"25,45 : 30.02"
"25,46 : 57.01"
"25,47 : 12.65"
"25,48 : 50.12"
"25,49 : 56.86"
"26,0 : 62.13"
"26,1 : 70.52"
"26,2 : 89.11"
"26,3 : 30.02"
"26,4 : 69.64"
"26,5 : 15.81"
"26,6 : 45.88"
"26,7 : 81.32"
"26,8 : 49.03"
"26,9 : 79.03"
"26,10 : 76.4"
"26,11 : 77.67"
"26,12 : 97.08"
"26,13 : 42.19"
"26,14 : 57.08"
"26,15 : 36.06"
"26,16 : 85.8"
"26,17 : 63.06"
"26,18 : 87.98"
"26,19 : 29.73"
"26,20 : 37.66"
"26,21 : 79.31"
"26,22 : 15.23"
"26,23 : 81.02"
"26,24 : 89.99"
"26,25 : 34.21"
"26,26 : 0.0"
"26,27 : 76.66"
"26,28 : 49.24"
"26,29 : 28.44"
"26,30 : 70.77"
"26,31 : 68.12"
"26,32 : 32.02"
"26,33 : 64.35"
"26,34 : 34.53"
"26,35 : 88.29"
"26,36 : 108.6"
"26,37 : 35.13"
"26,38 : 11.4"
"26,39 : 10.05"
"26,40 : 23.6"
"26,41 : 70.01"
"26,42 : 88.28"
"26,43 : 23.32"
"26,44 : 84.72"
"26,45 : 58.18"
"26,46 : 74.24"
"26,47 : 40.22"
"26,48 : 71.06"
"26,49 : 68.18"
"27,0 : 20.0"
"27,1 : 7.28"
"27,2 : 45.61"
"27,3 : 48.75"
"27,4 : 7.07"
"27,5 : 92.44"
"27,6 : 30.81"
"27,7 : 41.63"
"27,8 : 39.7"
"27,9 : 93.09"
"27,10 : 29.07"
"27,11 : 80.62"
"27,12 : 75.58"
"27,13 : 40.0"
"27,14 : 85.43"
"27,15 : 51.22"
"27,16 : 48.47"
"27,17 : 57.63"
"27,18 : 61.72"
"27,19 : 54.92"
"27,20 : 45.8"
"27,21 : 27.46"
"27,22 : 65.39"
"27,23 : 5.39"
"27,24 : 84.2"
"27,25 : 53.46"
"27,26 : 76.66"
"27,27 : 0.0"
"27,28 : 40.46"
"27,29 : 69.46"
"27,30 : 35.61"
"27,31 : 32.56"
"27,32 : 82.73"
"27,33 : 51.74"
"27,34 : 42.38"
"27,35 : 114.86"
"27,36 : 67.6"
"27,37 : 45.28"
"27,38 : 70.38"
"27,39 : 86.12"
"27,40 : 93.19"
"27,41 : 19.42"
"27,42 : 89.27"
"27,43 : 99.3"
"27,44 : 106.4"
"27,45 : 24.35"
"27,46 : 14.0"
"27,47 : 41.11"
"27,48 : 92.36"
"27,49 : 25.71"
"28,0 : 20.52"
"28,1 : 38.08"
"28,2 : 76.3"
"28,3 : 20.59"
"28,4 : 35.51"
"28,5 : 63.29"
"28,6 : 24.33"
"28,7 : 69.58"
"28,8 : 1.0"
"28,9 : 101.07"
"28,10 : 58.46"
"28,11 : 92.7"
"28,12 : 99.25"
"28,13 : 9.22"
"28,14 : 85.0"
"28,15 : 14.04"
"28,16 : 76.42"
"28,17 : 69.64"
"28,18 : 86.02"
"28,19 : 20.02"
"28,20 : 11.7"
"28,21 : 31.26"
"28,22 : 34.37"
"28,23 : 42.45"
"28,24 : 101.14"
"28,25 : 46.62"
"28,26 : 49.24"
"28,27 : 40.46"
"28,28 : 0.0"
"28,29 : 58.05"
"28,30 : 59.14"
"28,31 : 55.15"
"28,32 : 70.0"
"28,33 : 66.29"
"28,34 : 22.02"
"28,35 : 118.46"
"28,36 : 99.46"
"28,37 : 15.26"
"28,38 : 39.2"
"28,39 : 59.23"
"28,40 : 71.51"
"28,41 : 25.06"
"28,42 : 103.41"
"28,43 : 68.01"
"28,44 : 111.83"
"28,45 : 39.12"
"28,46 : 31.06"
"28,47 : 37.16"
"28,48 : 96.57"
"28,49 : 20.88"
"29,0 : 61.85"
"29,1 : 62.29"
"29,2 : 67.42"
"29,3 : 38.29"
"29,4 : 62.65"
"29,5 : 38.59"
"29,6 : 41.79"
"29,7 : 60.03"
"29,8 : 57.38"
"29,9 : 51.09"
"29,10 : 58.82"
"29,11 : 49.24"
"29,12 : 69.97"
"29,13 : 48.92"
"29,14 : 30.08"
"29,15 : 49.41"
"29,16 : 63.01"
"29,17 : 36.88"
"29,18 : 62.37"
"29,19 : 44.42"
"29,20 : 47.42"
"29,21 : 81.86"
"29,22 : 35.17"
"29,23 : 74.67"
"29,24 : 61.68"
"29,25 : 16.03"
"29,26 : 28.44"
"29,27 : 69.46"
"29,28 : 58.05"
"29,29 : 0.0"
"29,30 : 51.08"
"29,31 : 49.65"
"29,32 : 13.34"
"29,33 : 39.7"
"29,34 : 36.4"
"29,35 : 63.16"
"29,36 : 84.15"
"29,37 : 43.14"
"29,38 : 35.23"
"29,39 : 30.89"
"29,40 : 27.78"
"29,41 : 70.38"
"29,42 : 59.84"
"29,43 : 47.17"
"29,44 : 58.24"
"29,45 : 46.0"
"29,46 : 72.42"
"29,47 : 28.44"
"29,48 : 43.74"
"29,49 : 71.12"
"30,0 : 45.12"
"30,1 : 30.02"
"30,2 : 18.87"
"30,3 : 53.71"
"30,4 : 32.65"
"30,5 : 85.43"
"30,6 : 35.9"
"30,7 : 11.18"
"30,8 : 58.14"
"30,9 : 58.83"
"30,10 : 9.22"
"30,11 : 45.61"
"30,12 : 41.48"
"30,13 : 52.95"
"30,14 : 55.73"
"30,15 : 62.64"
"30,16 : 17.46"
"30,17 : 24.35"
"30,18 : 27.66"
"30,19 : 62.77"
"30,20 : 57.01"
"30,21 : 61.27"
"30,22 : 66.03"
"30,23 : 40.36"
"30,24 : 48.6"
"30,25 : 37.44"
"30,26 : 70.77"
"30,27 : 35.61"
"30,28 : 59.14"
"30,29 : 51.08"
"30,30 : 0.0"
"30,31 : 4.0"
"30,32 : 62.36"
"30,33 : 18.03"
"30,34 : 45.69"
"30,35 : 81.41"
"30,36 : 41.11"
"30,37 : 53.76"
"30,38 : 69.81"
"30,39 : 77.8"
"30,40 : 78.72"
"30,41 : 50.33"
"30,42 : 53.76"
"30,43 : 93.72"
"30,44 : 72.56"
"30,45 : 20.02"
"30,46 : 47.41"
"30,47 : 31.4"
"30,48 : 59.62"
"30,49 : 55.36"
"31,0 : 41.23"
"31,1 : 26.63"
"31,2 : 22.36"
"31,3 : 50.09"
"31,4 : 29.15"
"31,5 : 83.01"
"31,6 : 32.02"
"31,7 : 14.87"
"31,8 : 54.15"
"31,9 : 61.03"
"31,10 : 9.22"
"31,11 : 48.17"
"31,12 : 45.35"
"31,13 : 49.03"
"31,14 : 56.52"
"31,15 : 58.82"
"31,16 : 21.38"
"31,17 : 25.94"
"31,18 : 31.58"
"31,19 : 59.09"
"31,20 : 53.16"
"31,21 : 57.71"
"31,22 : 62.8"
"31,23 : 37.48"
"31,24 : 51.87"
"31,25 : 35.36"
"31,26 : 68.12"
"31,27 : 32.56"
"31,28 : 55.15"
"31,29 : 49.65"
"31,30 : 4.0"
"31,31 : 0.0"
"31,32 : 61.39"
"31,33 : 19.72"
"31,34 : 42.05"
"31,35 : 83.35"
"31,36 : 44.92"
"31,37 : 49.98"
"31,38 : 66.71"
"31,39 : 75.45"
"31,40 : 77.08"
"31,41 : 46.62"
"31,42 : 56.73"
"31,43 : 91.21"
"31,44 : 74.63"
"31,45 : 16.03"
"31,46 : 43.91"
"31,47 : 28.32"
"31,48 : 61.27"
"31,49 : 51.55"
"32,0 : 75.03"
"32,1 : 75.54"
"32,2 : 77.39"
"32,3 : 49.68"
"32,4 : 75.95"
"32,5 : 36.67"
"32,6 : 55.03"
"32,7 : 70.38"
"32,8 : 69.4"
"32,9 : 49.03"
"32,10 : 70.61"
"32,11 : 51.0"
"32,12 : 75.17"
"32,13 : 61.03"
"32,14 : 26.48"
"32,15 : 60.11"
"32,16 : 72.47"
"32,17 : 44.65"
"32,18 : 69.66"
"32,19 : 54.56"
"32,20 : 58.9"
"32,21 : 94.94"
"32,22 : 43.05"
"32,23 : 87.97"
"32,24 : 64.01"
"32,25 : 29.27"
"32,26 : 32.02"
"32,27 : 82.73"
"32,28 : 70.0"
"32,29 : 13.34"
"32,30 : 62.36"
"32,31 : 61.39"
"32,32 : 0.0"
"32,33 : 48.76"
"32,34 : 48.88"
"32,35 : 56.29"
"32,36 : 92.01"
"32,37 : 54.82"
"32,38 : 41.63"
"32,39 : 30.07"
"32,40 : 20.25"
"32,41 : 83.57"
"32,42 : 60.54"
"32,43 : 44.64"
"32,44 : 53.08"
"32,45 : 59.08"
"32,46 : 85.73"
"32,47 : 41.77"
"32,48 : 40.31"
"32,49 : 84.1"
"33,0 : 56.82"
"33,1 : 45.25"
"33,2 : 28.79"
"33,3 : 55.23"
"33,4 : 47.42"
"33,5 : 77.34"
"33,6 : 41.98"
"33,7 : 22.36"
"33,8 : 65.31"
"33,9 : 41.4"
"33,10 : 27.2"
"33,11 : 29.07"
"33,12 : 34.53"
"33,13 : 58.42"
"33,14 : 38.12"
"33,15 : 66.01"
"33,16 : 23.71"
"33,17 : 6.32"
"33,18 : 23.71"
"33,19 : 64.38"
"33,20 : 61.03"
"33,21 : 75.21"
"33,22 : 63.57"
"33,23 : 56.85"
"33,24 : 35.11"
"33,25 : 30.41"
"33,26 : 64.35"
"33,27 : 51.74"
"33,28 : 66.29"
"33,29 : 39.7"
"33,30 : 18.03"
"33,31 : 19.72"
"33,32 : 48.76"
"33,33 : 0.0"
"33,34 : 48.01"
"33,35 : 63.63"
"33,36 : 44.6"
"33,37 : 57.0"
"33,38 : 66.31"
"33,39 : 69.53"
"33,40 : 67.2"
"33,41 : 63.51"
"33,42 : 38.59"
"33,43 : 85.91"
"33,44 : 54.92"
"33,45 : 30.53"
"33,46 : 61.85"
"33,47 : 31.06"
"33,48 : 41.63"
"33,49 : 67.6"
"34,0 : 28.07"
"34,1 : 36.67"
"34,2 : 64.4"
"34,3 : 8.06"
"34,4 : 35.47"
"34,5 : 50.22"
"34,6 : 12.21"
"34,7 : 56.86"
"34,8 : 21.26"
"34,9 : 79.71"
"34,10 : 48.26"
"34,11 : 72.28"
"34,12 : 82.3"
"34,13 : 12.81"
"34,14 : 63.01"
"34,15 : 18.0"
"34,16 : 62.97"
"34,17 : 50.25"
"34,18 : 70.04"
"34,19 : 17.09"
"34,20 : 13.34"
"34,21 : 46.84"
"34,22 : 23.32"
"34,23 : 46.57"
"34,24 : 81.74"
"34,25 : 24.7"
"34,26 : 34.53"
"34,27 : 42.38"
"34,28 : 22.02"
"34,29 : 36.4"
"34,30 : 45.69"
"34,31 : 42.05"
"34,32 : 48.88"
"34,33 : 48.01"
"34,34 : 0.0"
"34,35 : 96.52"
"34,36 : 86.73"
"34,37 : 9.06"
"34,38 : 28.18"
"34,39 : 44.28"
"34,40 : 53.6"
"34,41 : 36.35"
"34,42 : 83.2"
"34,43 : 56.92"
"34,44 : 90.05"
"34,45 : 27.8"
"34,46 : 40.0"
"34,47 : 17.03"
"34,48 : 74.79"
"34,49 : 35.74"
"35,0 : 115.97"
"35,1 : 108.0"
"35,2 : 84.9"
"35,3 : 100.34"
"35,4 : 109.81"
"35,5 : 91.14"
"35,6 : 97.08"
"35,7 : 81.93"
"35,8 : 117.64"
"35,9 : 23.09"
"35,10 : 90.34"
"35,11 : 37.36"
"35,12 : 61.03"
"35,13 : 109.29"
"35,14 : 33.62"
"35,15 : 111.89"
"35,16 : 78.85"
"35,17 : 57.45"
"35,18 : 66.91"
"35,19 : 107.33"
"35,20 : 109.08"
"35,21 : 135.83"
"35,22 : 98.08"
"35,23 : 120.1"
"35,24 : 43.01"
"35,25 : 71.85"
"35,26 : 88.29"
"35,27 : 114.86"
"35,28 : 118.46"
"35,29 : 63.16"
"35,30 : 81.41"
"35,31 : 83.35"
"35,32 : 56.29"
"35,33 : 63.63"
"35,34 : 96.52"
"35,35 : 0.0"
"35,36 : 85.01"
"35,37 : 104.62"
"35,38 : 97.42"
"35,39 : 85.59"
"35,40 : 72.01"
"35,41 : 123.79"
"35,42 : 35.01"
"35,43 : 98.0"
"35,44 : 9.22"
"35,45 : 91.68"
"35,46 : 123.43"
"35,47 : 82.33"
"35,48 : 22.67"
"35,49 : 126.59"
"36,0 : 83.05"
"36,1 : 65.03"
"36,2 : 23.19"
"36,3 : 94.7"
"36,4 : 68.03"
"36,5 : 121.92"
"36,6 : 76.92"
"36,7 : 30.08"
"36,8 : 98.48"
"36,9 : 63.51"
"36,10 : 41.19"
"36,11 : 50.22"
"36,12 : 24.02"
"36,13 : 93.86"
"36,14 : 74.32"
"36,15 : 103.74"
"36,16 : 23.77"
"36,17 : 47.51"
"36,18 : 22.47"
"36,19 : 103.82"
"36,20 : 98.08"
"36,21 : 95.04"
"36,22 : 106.07"
"36,23 : 70.41"
"36,24 : 42.0"
"36,25 : 74.4"
"36,26 : 108.6"
"36,27 : 67.6"
"36,28 : 99.46"
"36,29 : 84.15"
"36,30 : 41.11"
"36,31 : 44.92"
"36,32 : 92.01"
"36,33 : 44.6"
"36,34 : 86.73"
"36,35 : 85.01"
"36,36 : 0.0"
"36,37 : 94.87"
"36,38 : 109.42"
"36,39 : 114.11"
"36,40 : 111.29"
"36,41 : 86.15"
"36,42 : 50.0"
"36,43 : 130.48"
"36,44 : 76.06"
"36,45 : 60.64"
"36,46 : 81.5"
"36,47 : 71.55"
"36,48 : 69.86"
"36,49 : 92.05"
"37,0 : 27.89"
"37,1 : 40.61"
"37,2 : 72.24"
"37,3 : 5.39"
"37,4 : 38.83"
"37,5 : 50.04"
"37,6 : 18.36"
"37,7 : 64.85"
"37,8 : 14.76"
"37,9 : 88.39"
"37,10 : 55.47"
"37,11 : 81.25"
"37,12 : 91.2"
"37,13 : 7.07"
"37,14 : 71.02"
"37,15 : 9.06"
"37,16 : 71.17"
"37,17 : 59.3"
"37,18 : 78.77"
"37,19 : 9.9"
"37,20 : 4.47"
"37,21 : 44.18"
"37,22 : 21.21"
"37,23 : 48.75"
"37,24 : 90.8"
"37,25 : 33.11"
"37,26 : 35.13"
"37,27 : 45.28"
"37,28 : 15.26"
"37,29 : 43.14"
"37,30 : 53.76"
"37,31 : 49.98"
"37,32 : 54.82"
"37,33 : 57.0"
"37,34 : 9.06"
"37,35 : 104.62"
"37,36 : 94.87"
"37,37 : 0.0"
"37,38 : 26.31"
"37,39 : 45.18"
"37,40 : 56.61"
"37,41 : 35.23"
"37,42 : 92.2"
"37,43 : 55.73"
"37,44 : 98.41"
"37,45 : 34.89"
"37,46 : 40.02"
"37,47 : 26.08"
"37,48 : 83.19"
"37,49 : 33.06"
"38,0 : 54.13"
"38,1 : 64.85"
"38,2 : 88.6"
"38,3 : 21.84"
"38,4 : 63.56"
"38,5 : 24.08"
"38,6 : 40.31"
"38,7 : 80.8"
"38,8 : 39.12"
"38,9 : 86.28"
"38,10 : 74.25"
"38,11 : 83.29"
"38,12 : 100.24"
"38,13 : 33.14"
"38,14 : 65.12"
"38,15 : 25.5"
"38,16 : 85.98"
"38,17 : 66.1"
"38,18 : 89.96"
"38,19 : 19.24"
"38,20 : 28.0"
"38,21 : 70.0"
"38,22 : 5.1"
"38,23 : 74.33"
"38,24 : 95.04"
"38,25 : 36.06"
"38,26 : 11.4"
"38,27 : 70.38"
"38,28 : 39.2"
"38,29 : 35.23"
"38,30 : 69.81"
"38,31 : 66.71"
"38,32 : 41.63"
"38,33 : 66.31"
"38,34 : 28.18"
"38,35 : 97.42"
"38,36 : 109.42"
"38,37 : 26.31"
"38,38 : 0.0"
"38,39 : 20.62"
"38,40 : 35.0"
"38,41 : 61.52"
"38,42 : 94.19"
"38,43 : 29.43"
"38,44 : 93.17"
"38,45 : 54.67"
"38,46 : 66.29"
"38,47 : 38.42"
"38,48 : 78.92"
"38,49 : 59.03"
"39,0 : 72.06"
"39,1 : 79.81"
"39,2 : 95.67"
"39,3 : 40.05"
"39,4 : 79.08"
"39,5 : 7.81"
"39,6 : 55.32"
"39,7 : 87.97"
"39,8 : 59.03"
"39,9 : 78.92"
"39,10 : 84.06"
"39,11 : 79.38"
"39,12 : 100.85"
"39,13 : 52.24"
"39,14 : 56.44"
"39,15 : 45.88"
"39,16 : 91.93"
"39,17 : 67.42"
"39,18 : 92.8"
"39,19 : 39.56"
"39,20 : 47.68"
"39,21 : 89.36"
"39,22 : 25.0"
"39,23 : 90.61"
"39,24 : 92.11"
"39,25 : 40.46"
"39,26 : 10.05"
"39,27 : 86.12"
"39,28 : 59.23"
"39,29 : 30.89"
"39,30 : 77.8"
"39,31 : 75.45"
"39,32 : 30.07"
"39,33 : 69.53"
"39,34 : 44.28"
"39,35 : 85.59"
"39,36 : 114.11"
"39,37 : 45.18"
"39,38 : 20.62"
"39,39 : 0.0"
"39,40 : 15.81"
"39,41 : 80.0"
"39,42 : 89.56"
"39,43 : 16.4"
"39,44 : 83.01"
"39,45 : 66.71"
"39,46 : 84.15"
"39,47 : 48.3"
"39,48 : 70.35"
"39,49 : 78.23"
"40,0 : 81.61"
"40,1 : 86.37"
"40,2 : 95.19"
"40,3 : 51.24"
"40,4 : 86.15"
"40,5 : 19.42"
"40,6 : 63.01"
"40,7 : 87.82"
"40,8 : 71.17"
"40,9 : 68.31"
"40,10 : 86.16"
"40,11 : 71.2"
"40,12 : 95.27"
"40,13 : 63.6"
"40,14 : 45.88"
"40,15 : 59.03"
"40,16 : 90.7"
"40,17 : 63.78"
"40,18 : 89.14"
"40,19 : 52.77"
"40,20 : 59.81"
"40,21 : 100.22"
"40,22 : 38.59"
"40,23 : 98.08"
"40,24 : 84.22"
"40,25 : 42.06"
"40,26 : 23.6"
"40,27 : 93.19"
"40,28 : 71.51"
"40,29 : 27.78"
"40,30 : 78.72"
"40,31 : 77.08"
"40,32 : 20.25"
"40,33 : 67.2"
"40,34 : 53.6"
"40,35 : 72.01"
"40,36 : 111.29"
"40,37 : 56.61"
"40,38 : 35.0"
"40,39 : 15.81"
"40,40 : 0.0"
"40,41 : 89.94"
"40,42 : 80.53"
"40,43 : 26.02"
"40,44 : 70.46"
"40,45 : 71.39"
"40,46 : 93.34"
"40,47 : 52.77"
"40,48 : 59.2"
"40,49 : 89.05"
"41,0 : 8.54"
"41,1 : 21.21"
"41,2 : 63.51"
"41,3 : 40.05"
"41,4 : 18.25"
"41,5 : 85.21"
"41,6 : 28.64"
"41,7 : 58.46"
"41,8 : 24.6"
"41,9 : 103.48"
"41,10 : 45.89"
"41,11 : 92.42"
"41,12 : 91.71"
"41,13 : 28.44"
"41,14 : 92.01"
"41,15 : 38.28"
"41,16 : 65.51"
"41,17 : 68.6"
"41,18 : 77.79"
"41,19 : 43.42"
"41,20 : 33.96"
"41,21 : 12.04"
"41,22 : 56.44"
"41,23 : 19.24"
"41,24 : 98.01"
"41,25 : 55.47"
"41,26 : 70.01"
"41,27 : 19.42"
"41,28 : 25.06"
"41,29 : 70.38"
"41,30 : 50.33"
"41,31 : 46.62"
"41,32 : 83.57"
"41,33 : 63.51"
"41,34 : 36.35"
"41,35 : 123.79"
"41,36 : 86.15"
"41,37 : 35.23"
"41,38 : 61.52"
"41,39 : 80.0"
"41,40 : 89.94"
"41,41 : 0.0"
"41,42 : 102.08"
"41,43 : 90.93"
"41,44 : 115.97"
"41,45 : 33.02"
"41,46 : 6.4"
"41,47 : 43.05"
"41,48 : 101.14"
"41,49 : 6.32"
"42,0 : 95.38"
"42,1 : 83.24"
"42,2 : 52.33"
"42,3 : 89.27"
"42,4 : 85.6"
"42,5 : 96.77"
"42,6 : 79.48"
"42,7 : 51.04"
"42,8 : 102.46"
"42,9 : 15.26"
"42,10 : 61.62"
"42,11 : 11.05"
"42,12 : 26.02"
"42,13 : 94.92"
"42,14 : 34.99"
"42,15 : 100.81"
"42,16 : 46.53"
"42,17 : 34.01"
"42,18 : 33.24"
"42,19 : 97.87"
"42,20 : 96.54"
"42,21 : 113.72"
"42,22 : 93.01"
"42,23 : 94.11"
"42,24 : 8.0"
"42,25 : 60.3"
"42,26 : 88.28"
"42,27 : 89.27"
"42,28 : 103.41"
"42,29 : 59.84"
"42,30 : 53.76"
"42,31 : 56.73"
"42,32 : 60.54"
"42,33 : 38.59"
"42,34 : 83.2"
"42,35 : 35.01"
"42,36 : 50.0"
"42,37 : 92.2"
"42,38 : 94.19"
"42,39 : 89.56"
"42,40 : 80.53"
"42,41 : 102.08"
"42,42 : 0.0"
"42,43 : 105.0"
"42,44 : 26.17"
"42,45 : 69.12"
"42,46 : 100.21"
"42,47 : 66.48"
"42,48 : 24.08"
"42,49 : 106.17"
"43,0 : 83.55"
"43,1 : 93.41"
"43,2 : 111.8"
"43,3 : 51.2"
"43,4 : 92.36"
"43,5 : 8.6"
"43,6 : 68.71"
"43,7 : 104.06"
"43,8 : 68.03"
"43,9 : 93.62"
"43,10 : 99.62"
"43,11 : 95.08"
"43,12 : 117.14"
"43,13 : 62.51"
"43,14 : 71.06"
"43,15 : 54.0"
"43,16 : 108.19"
"43,17 : 83.82"
"43,18 : 109.2"
"43,19 : 48.04"
"43,20 : 57.22"
"43,21 : 99.13"
"43,22 : 34.53"
"43,23 : 103.45"
"43,24 : 107.94"
"43,25 : 56.59"
"43,26 : 23.32"
"43,27 : 99.3"
"43,28 : 68.01"
"43,29 : 47.17"
"43,30 : 93.72"
"43,31 : 91.21"
"43,32 : 44.64"
"43,33 : 85.91"
"43,34 : 56.92"
"43,35 : 98.0"
"43,36 : 130.48"
"43,37 : 55.73"
"43,38 : 29.43"
"43,39 : 16.4"
"43,40 : 26.02"
"43,41 : 90.93"
"43,42 : 105.0"
"43,43 : 0.0"
"43,44 : 96.42"
"43,45 : 81.49"
"43,46 : 95.71"
"43,47 : 63.51"
"43,48 : 84.72"
"43,49 : 88.28"
"44,0 : 108.3"
"44,1 : 99.64"
"44,2 : 75.69"
"44,3 : 94.37"
"44,4 : 101.53"
"44,5 : 89.09"
"44,6 : 89.81"
"44,7 : 72.8"
"44,8 : 110.98"
"44,9 : 13.93"
"44,10 : 81.41"
"44,11 : 28.16"
"44,12 : 52.15"
"44,13 : 102.73"
"44,14 : 28.16"
"44,15 : 106.02"
"44,16 : 69.64"
"44,17 : 48.83"
"44,18 : 57.71"
"44,19 : 101.77"
"44,20 : 102.88"
"44,21 : 127.99"
"44,22 : 93.41"
"44,23 : 111.61"
"44,24 : 34.13"
"44,25 : 65.37"
"44,26 : 84.72"
"44,27 : 106.4"
"44,28 : 111.83"
"44,29 : 58.24"
"44,30 : 72.56"
"44,31 : 74.63"
"44,32 : 53.08"
"44,33 : 54.92"
"44,34 : 90.05"
"44,35 : 9.22"
"44,36 : 76.06"
"44,37 : 98.41"
"44,38 : 93.17"
"44,39 : 83.01"
"44,40 : 70.46"
"44,41 : 115.97"
"44,42 : 26.17"
"44,43 : 96.42"
"44,44 : 0.0"
"44,45 : 83.55"
"44,46 : 115.36"
"44,47 : 75.21"
"44,48 : 15.26"
"44,49 : 119.0"
"45,0 : 26.4"
"45,1 : 17.09"
"45,2 : 37.64"
"45,3 : 35.81"
"45,4 : 18.36"
"45,5 : 73.79"
"45,6 : 16.55"
"45,7 : 30.59"
"45,8 : 38.12"
"45,9 : 70.72"
"45,10 : 20.59"
"45,11 : 59.41"
"45,12 : 60.83"
"45,13 : 33.24"
"45,14 : 61.29"
"45,15 : 43.46"
"45,16 : 37.34"
"45,17 : 35.61"
"45,18 : 47.27"
"45,19 : 44.42"
"45,20 : 37.7"
"45,21 : 44.82"
"45,22 : 50.25"
"45,23 : 29.73"
"45,24 : 65.31"
"45,25 : 30.02"
"45,26 : 58.18"
"45,27 : 24.35"
"45,28 : 39.12"
"45,29 : 46.0"
"45,30 : 20.02"
"45,31 : 16.03"
"45,32 : 59.08"
"45,33 : 30.53"
"45,34 : 27.8"
"45,35 : 91.68"
"45,36 : 60.64"
"45,37 : 34.89"
"45,38 : 54.67"
"45,39 : 66.71"
"45,40 : 71.39"
"45,41 : 33.02"
"45,42 : 69.12"
"45,43 : 81.49"
"45,44 : 83.55"
"45,45 : 0.0"
"45,46 : 31.83"
"45,47 : 18.68"
"45,48 : 69.03"
"45,49 : 37.12"
"46,0 : 12.17"
"46,1 : 17.46"
"46,2 : 59.23"
"46,3 : 44.55"
"46,4 : 14.76"
"46,5 : 89.68"
"46,6 : 30.81"
"46,7 : 54.71"
"46,8 : 30.53"
"46,9 : 102.53"
"46,10 : 42.06"
"46,11 : 90.91"
"46,12 : 88.39"
"46,13 : 33.53"
"46,14 : 92.36"
"46,15 : 43.86"
"46,16 : 61.68"
"46,17 : 67.27"
"46,18 : 74.46"
"46,19 : 48.7"
"46,20 : 39.22"
"46,21 : 13.93"
"46,22 : 61.19"
"46,23 : 13.0"
"46,24 : 95.72"
"46,25 : 57.01"
"46,26 : 74.24"
"46,27 : 14.0"
"46,28 : 31.06"
"46,29 : 72.42"
"46,30 : 47.41"
"46,31 : 43.91"
"46,32 : 85.73"
"46,33 : 61.85"
"46,34 : 40.0"
"46,35 : 123.43"
"46,36 : 81.5"
"46,37 : 40.02"
"46,38 : 66.29"
"46,39 : 84.15"
"46,40 : 93.34"
"46,41 : 6.4"
"46,42 : 100.21"
"46,43 : 95.71"
"46,44 : 115.36"
"46,45 : 31.83"
"46,46 : 0.0"
"46,47 : 44.38"
"46,48 : 100.77"
"46,49 : 12.53"
"47,0 : 34.67"
"47,1 : 34.01"
"47,2 : 50.22"
"47,3 : 24.19"
"47,4 : 34.23"
"47,5 : 55.57"
"47,6 : 14.87"
"47,7 : 42.44"
"47,8 : 36.25"
"47,9 : 64.01"
"47,10 : 36.24"
"47,11 : 55.66"
"47,12 : 65.49"
"47,13 : 28.46"
"47,14 : 49.52"
"47,15 : 35.01"
"47,16 : 47.89"
"47,17 : 33.24"
"47,18 : 53.6"
"47,19 : 33.38"
"47,20 : 30.27"
"47,21 : 54.92"
"47,22 : 34.67"
"47,23 : 46.27"
"47,24 : 64.78"
"47,25 : 12.65"
"47,26 : 40.22"
"47,27 : 41.11"
"47,28 : 37.16"
"47,29 : 28.44"
"47,30 : 31.4"
"47,31 : 28.32"
"47,32 : 41.77"
"47,33 : 31.06"
"47,34 : 17.03"
"47,35 : 82.33"
"47,36 : 71.55"
"47,37 : 26.08"
"47,38 : 38.42"
"47,39 : 48.3"
"47,40 : 52.77"
"47,41 : 43.05"
"47,42 : 66.48"
"47,43 : 63.51"
"47,44 : 75.21"
"47,45 : 18.68"
"47,46 : 44.38"
"47,47 : 0.0"
"47,48 : 60.0"
"47,49 : 44.82"
"48,0 : 93.35"
"48,1 : 85.45"
"48,2 : 65.38"
"48,3 : 79.2"
"48,4 : 87.2"
"48,5 : 76.94"
"48,6 : 74.65"
"48,7 : 61.39"
"48,8 : 95.72"
"48,9 : 9.43"
"48,10 : 68.71"
"48,11 : 19.65"
"48,12 : 47.17"
"48,13 : 87.46"
"48,14 : 14.0"
"48,15 : 90.87"
"48,16 : 59.3"
"48,17 : 35.34"
"48,18 : 49.16"
"48,19 : 86.73"
"48,20 : 87.66"
"48,21 : 113.17"
"48,22 : 78.85"
"48,23 : 97.64"
"48,24 : 30.53"
"48,25 : 50.12"
"48,26 : 71.06"
"48,27 : 92.36"
"48,28 : 96.57"
"48,29 : 43.74"
"48,30 : 59.62"
"48,31 : 61.27"
"48,32 : 40.31"
"48,33 : 41.63"
"48,34 : 74.79"
"48,35 : 22.67"
"48,36 : 69.86"
"48,37 : 83.19"
"48,38 : 78.92"
"48,39 : 70.35"
"48,40 : 59.2"
"48,41 : 101.14"
"48,42 : 24.08"
"48,43 : 84.72"
"48,44 : 15.26"
"48,45 : 69.03"
"48,46 : 100.77"
"48,47 : 60.0"
"48,48 : 0.0"
"48,49 : 104.0"
"49,0 : 10.82"
"49,1 : 27.02"
"49,2 : 69.26"
"49,3 : 38.21"
"49,4 : 24.02"
"49,5 : 83.0"
"49,6 : 30.0"
"49,7 : 63.95"
"49,8 : 20.62"
"49,9 : 106.83"
"49,10 : 51.48"
"49,11 : 96.25"
"49,12 : 96.84"
"49,13 : 26.02"
"49,14 : 94.26"
"49,15 : 34.71"
"49,16 : 71.02"
"49,17 : 72.4"
"49,18 : 82.97"
"49,19 : 40.31"
"49,20 : 31.06"
"49,21 : 11.18"
"49,22 : 54.01"
"49,23 : 25.5"
"49,24 : 102.42"
"49,25 : 56.86"
"49,26 : 68.18"
"49,27 : 25.71"
"49,28 : 20.88"
"49,29 : 71.12"
"49,30 : 55.36"
"49,31 : 51.55"
"49,32 : 84.1"
"49,33 : 67.6"
"49,34 : 35.74"
"49,35 : 126.59"
"49,36 : 92.05"
"49,37 : 33.06"
"49,38 : 59.03"
"49,39 : 78.23"
"49,40 : 89.05"
"49,41 : 6.32"
"49,42 : 106.17"
"49,43 : 88.28"
"49,44 : 119.0"
"49,45 : 37.12"
"49,46 : 12.53"
"49,47 : 44.82"
"49,48 : 104.0"
"49,49 : 0.0"
