x,y
55,39
95,1
20,37
59,26
83,41
34,26
100,30
13,97
23,71
33,54
25,13
30,81
100,76
59,6
13,70
57,42
69,98
75,34
37,32
60,93
68,40
50,73
29,2
0,32
31,3
99,53
27,88
33,52
81,30
78,50
48,30
97,64
72,13
60,60
21,91
38,55
39,41
23,5
8,100
53,42
25,87
43,79
65,79
23,45
11,37
81,99
53,48
59,37
10,56
93,37

Distanze
"0,0 : 0.0"
"0,1 : 55.17"
"0,2 : 35.06"
"0,3 : 13.6"
"0,4 : 28.07"
"0,5 : 24.7"
"0,6 : 45.89"
"0,7 : 71.61"
"0,8 : 45.25"
"0,9 : 26.63"
"0,10 : 39.7"
"0,11 : 48.88"
"0,12 : 58.26"
"0,13 : 33.24"
"0,14 : 52.2"
"0,15 : 3.61"
"0,16 : 60.64"
"0,17 : 20.62"
"0,18 : 19.31"
"0,19 : 54.23"
"0,20 : 13.04"
"0,21 : 34.37"
"0,22 : 45.22"
"0,23 : 55.44"
"0,24 : 43.27"
"0,25 : 46.17"
"0,26 : 56.44"
"0,27 : 25.55"
"0,28 : 27.51"
"0,29 : 25.5"
"0,30 : 11.4"
"0,31 : 48.88"
"0,32 : 31.06"
"0,33 : 21.59"
"0,34 : 62.13"
"0,35 : 23.35"
"0,36 : 16.12"
"0,37 : 46.69"
"0,38 : 77.01"
"0,39 : 3.61"
"0,40 : 56.6"
"0,41 : 41.76"
"0,42 : 41.23"
"0,43 : 32.56"
"0,44 : 44.05"
"0,45 : 65.39"
"0,46 : 9.22"
"0,47 : 4.47"
"0,48 : 48.1"
"0,49 : 38.05"
"1,0 : 55.17"
"1,1 : 0.0"
"1,2 : 83.19"
"1,3 : 43.83"
"1,4 : 41.76"
"1,5 : 65.92"
"1,6 : 29.43"
"1,7 : 126.25"
"1,8 : 100.42"
"1,9 : 81.57"
"1,10 : 71.02"
"1,11 : 103.08"
"1,12 : 75.17"
"1,13 : 36.35"
"1,14 : 107.17"
"1,15 : 55.9"
"1,16 : 100.42"
"1,17 : 38.59"
"1,18 : 65.76"
"1,19 : 98.43"
"1,20 : 47.43"
"1,21 : 84.91"
"1,22 : 66.01"
"1,23 : 99.93"
"1,24 : 64.03"
"1,25 : 52.15"
"1,26 : 110.42"
"1,27 : 80.28"
"1,28 : 32.2"
"1,29 : 51.87"
"1,30 : 55.23"
"1,31 : 63.03"
"1,32 : 25.94"
"1,33 : 68.6"
"1,34 : 116.52"
"1,35 : 78.52"
"1,36 : 68.82"
"1,37 : 72.11"
"1,38 : 131.8"
"1,39 : 58.69"
"1,40 : 110.89"
"1,41 : 93.74"
"1,42 : 83.57"
"1,43 : 84.38"
"1,44 : 91.39"
"1,45 : 98.99"
"1,46 : 63.03"
"1,47 : 50.91"
"1,48 : 101.24"
"1,49 : 36.06"
"2,0 : 35.06"
"2,1 : 83.19"
"2,2 : 0.0"
"2,3 : 40.52"
"2,4 : 63.13"
"2,5 : 17.8"
"2,6 : 80.31"
"2,7 : 60.41"
"2,8 : 34.13"
"2,9 : 21.4"
"2,10 : 24.52"
"2,11 : 45.12"
"2,12 : 89.0"
"2,13 : 49.82"
"2,14 : 33.73"
"2,15 : 37.34"
"2,16 : 78.24"
"2,17 : 55.08"
"2,18 : 17.72"
"2,19 : 68.82"
"2,20 : 48.09"
"2,21 : 46.86"
"2,22 : 36.14"
"2,23 : 20.62"
"2,24 : 35.74"
"2,25 : 80.6"
"2,26 : 51.48"
"2,27 : 19.85"
"2,28 : 61.4"
"2,29 : 59.44"
"2,30 : 28.86"
"2,31 : 81.6"
"2,32 : 57.27"
"2,33 : 46.14"
"2,34 : 54.01"
"2,35 : 25.46"
"2,36 : 19.42"
"2,37 : 32.14"
"2,38 : 64.13"
"2,39 : 33.38"
"2,40 : 50.25"
"2,41 : 47.89"
"2,42 : 61.55"
"2,43 : 8.54"
"2,44 : 9.0"
"2,45 : 86.98"
"2,46 : 34.79"
"2,47 : 39.0"
"2,48 : 21.47"
"2,49 : 73.0"
"3,0 : 13.6"
"3,1 : 43.83"
"3,2 : 40.52"
"3,3 : 0.0"
"3,4 : 28.3"
"3,5 : 25.0"
"3,6 : 41.19"
"3,7 : 84.6"
"3,8 : 57.63"
"3,9 : 38.21"
"3,10 : 36.4"
"3,11 : 62.18"
"3,12 : 64.66"
"3,13 : 20.0"
"3,14 : 63.66"
"3,15 : 16.12"
"3,16 : 72.69"
"3,17 : 17.89"
"3,18 : 22.8"
"3,19 : 67.01"
"3,20 : 16.64"
"3,21 : 47.85"
"3,22 : 38.42"
"3,23 : 59.3"
"3,24 : 36.24"
"3,25 : 48.26"
"3,26 : 69.77"
"3,27 : 36.77"
"3,28 : 22.36"
"3,29 : 30.61"
"3,30 : 11.7"
"3,31 : 53.74"
"3,32 : 18.38"
"3,33 : 34.01"
"3,34 : 75.29"
"3,35 : 35.81"
"3,36 : 25.0"
"3,37 : 41.68"
"3,38 : 89.87"
"3,39 : 17.09"
"3,40 : 69.84"
"3,41 : 55.36"
"3,42 : 53.34"
"3,43 : 40.71"
"3,44 : 49.24"
"3,45 : 76.24"
"3,46 : 22.8"
"3,47 : 11.0"
"3,48 : 57.45"
"3,49 : 35.74"
"4,0 : 28.07"
"4,1 : 41.76"
"4,2 : 63.13"
"4,3 : 28.3"
"4,4 : 0.0"
"4,5 : 51.24"
"4,6 : 20.25"
"4,7 : 89.64"
"4,8 : 67.08"
"4,9 : 51.66"
"4,10 : 64.4"
"4,11 : 66.4"
"4,12 : 38.91"
"4,13 : 42.44"
"4,14 : 75.77"
"4,15 : 26.02"
"4,16 : 58.69"
"4,17 : 10.63"
"4,18 : 46.87"
"4,19 : 56.86"
"4,20 : 15.03"
"4,21 : 45.97"
"4,22 : 66.61"
"4,23 : 83.49"
"4,24 : 64.4"
"4,25 : 20.0"
"4,26 : 73.11"
"4,27 : 51.2"
"4,28 : 11.18"
"4,29 : 10.3"
"4,30 : 36.69"
"4,31 : 26.93"
"4,32 : 30.08"
"4,33 : 29.83"
"4,34 : 79.65"
"4,35 : 47.13"
"4,36 : 44.0"
"4,37 : 69.97"
"4,38 : 95.43"
"4,39 : 30.02"
"4,40 : 74.03"
"4,41 : 55.17"
"4,42 : 42.05"
"4,43 : 60.13"
"4,44 : 72.11"
"4,45 : 58.03"
"4,46 : 30.81"
"4,47 : 24.33"
"4,48 : 74.53"
"4,49 : 10.77"
"5,0 : 24.7"
"5,1 : 65.92"
"5,2 : 17.8"
"5,3 : 25.0"
"5,4 : 51.24"
"5,5 : 0.0"
"5,6 : 66.12"
"5,7 : 74.04"
"5,8 : 46.32"
"5,9 : 28.02"
"5,10 : 15.81"
"5,11 : 55.15"
"5,12 : 82.8"
"5,13 : 32.02"
"5,14 : 48.75"
"5,15 : 28.02"
"5,16 : 80.06"
"5,17 : 41.77"
"5,18 : 6.71"
"5,19 : 71.87"
"5,20 : 36.77"
"5,21 : 49.65"
"5,22 : 24.52"
"5,23 : 34.53"
"5,24 : 23.19"
"5,25 : 70.38"
"5,26 : 62.39"
"5,27 : 26.02"
"5,28 : 47.17"
"5,29 : 50.12"
"5,30 : 14.56"
"5,31 : 73.57"
"5,32 : 40.16"
"5,33 : 42.8"
"5,34 : 66.29"
"5,35 : 29.27"
"5,36 : 15.81"
"5,37 : 23.71"
"5,38 : 78.43"
"5,39 : 24.84"
"5,40 : 61.66"
"5,41 : 53.76"
"5,42 : 61.4"
"5,43 : 21.95"
"5,44 : 25.5"
"5,45 : 86.82"
"5,46 : 29.07"
"5,47 : 27.31"
"5,48 : 38.42"
"5,49 : 60.02"
"6,0 : 45.89"
"6,1 : 29.43"
"6,2 : 80.31"
"6,3 : 41.19"
"6,4 : 20.25"
"6,5 : 66.12"
"6,6 : 0.0"
"6,7 : 109.81"
"6,8 : 87.24"
"6,9 : 71.17"
"6,10 : 76.9"
"6,11 : 86.61"
"6,12 : 46.0"
"6,13 : 47.51"
"6,14 : 95.75"
"6,15 : 44.64"
"6,16 : 74.73"
"6,17 : 25.32"
"6,18 : 63.03"
"6,19 : 74.63"
"6,20 : 33.53"
"6,21 : 65.95"
"6,22 : 76.32"
"6,23 : 100.02"
"6,24 : 74.09"
"6,25 : 23.02"
"6,26 : 93.24"
"6,27 : 70.52"
"6,28 : 19.0"
"6,29 : 29.73"
"6,30 : 52.0"
"6,31 : 34.13"
"6,32 : 32.76"
"6,33 : 50.0"
"6,34 : 99.81"
"6,35 : 66.85"
"6,36 : 61.98"
"6,37 : 80.96"
"6,38 : 115.6"
"6,39 : 48.51"
"6,40 : 94.2"
"6,41 : 75.17"
"6,42 : 60.22"
"6,43 : 78.45"
"6,44 : 89.27"
"6,45 : 71.57"
"6,46 : 50.33"
"6,47 : 41.59"
"6,48 : 93.68"
"6,49 : 9.9"
"7,0 : 71.61"
"7,1 : 126.25"
"7,2 : 60.41"
"7,3 : 84.6"
"7,4 : 89.64"
"7,5 : 74.04"
"7,6 : 109.81"
"7,7 : 0.0"
"7,8 : 27.86"
"7,9 : 47.42"
"7,10 : 84.85"
"7,11 : 23.35"
"7,12 : 89.5"
"7,13 : 101.97"
"7,14 : 27.0"
"7,15 : 70.43"
"7,16 : 56.01"
"7,17 : 88.39"
"7,18 : 69.29"
"7,19 : 47.17"
"7,20 : 79.21"
"7,21 : 44.1"
"7,22 : 96.34"
"7,23 : 66.29"
"7,24 : 95.71"
"7,25 : 96.6"
"7,26 : 16.64"
"7,27 : 49.24"
"7,28 : 95.46"
"7,29 : 80.21"
"7,30 : 75.59"
"7,31 : 90.25"
"7,32 : 102.65"
"7,33 : 59.82"
"7,34 : 10.0"
"7,35 : 48.88"
"7,36 : 61.74"
"7,37 : 92.54"
"7,38 : 5.83"
"7,39 : 68.01"
"7,40 : 15.62"
"7,41 : 34.99"
"7,42 : 55.03"
"7,43 : 52.95"
"7,44 : 60.03"
"7,45 : 68.03"
"7,46 : 63.25"
"7,47 : 75.6"
"7,48 : 41.11"
"7,49 : 100.0"
"8,0 : 45.25"
"8,1 : 100.42"
"8,2 : 34.13"
"8,3 : 57.63"
"8,4 : 67.08"
"8,5 : 46.32"
"8,6 : 87.24"
"8,7 : 27.86"
"8,8 : 0.0"
"8,9 : 19.72"
"8,10 : 58.03"
"8,11 : 12.21"
"8,12 : 77.16"
"8,13 : 74.3"
"8,14 : 10.05"
"8,15 : 44.69"
"8,16 : 53.34"
"8,17 : 63.82"
"8,18 : 41.44"
"8,19 : 43.05"
"8,20 : 54.64"
"8,21 : 27.07"
"8,22 : 69.26"
"8,23 : 45.28"
"8,24 : 68.47"
"8,25 : 78.1"
"8,26 : 17.46"
"8,27 : 21.47"
"8,28 : 71.03"
"8,29 : 58.87"
"8,30 : 48.02"
"8,31 : 74.33"
"8,32 : 75.93"
"8,33 : 38.6"
"8,34 : 20.1"
"8,35 : 21.93"
"8,36 : 34.0"
"8,37 : 66.0"
"8,38 : 32.65"
"8,39 : 41.73"
"8,40 : 16.12"
"8,41 : 21.54"
"8,42 : 42.76"
"8,43 : 26.0"
"8,44 : 36.06"
"8,45 : 64.4"
"8,46 : 37.8"
"8,47 : 49.52"
"8,48 : 19.85"
"8,49 : 77.82"
"9,0 : 26.63"
"9,1 : 81.57"
"9,2 : 21.4"
"9,3 : 38.21"
"9,4 : 51.66"
"9,5 : 28.02"
"9,6 : 71.17"
"9,7 : 47.42"
"9,8 : 19.72"
"9,9 : 0.0"
"9,10 : 41.77"
"9,11 : 27.17"
"9,12 : 70.52"
"9,13 : 54.59"
"9,14 : 25.61"
"9,15 : 26.83"
"9,16 : 56.85"
"9,17 : 46.52"
"9,18 : 22.36"
"9,19 : 47.43"
"9,20 : 37.7"
"9,21 : 25.5"
"9,22 : 52.15"
"9,23 : 39.66"
"9,24 : 51.04"
"9,25 : 66.01"
"9,26 : 34.53"
"9,27 : 2.0"
"9,28 : 53.67"
"9,29 : 45.18"
"9,30 : 28.3"
"9,31 : 64.78"
"9,32 : 56.59"
"9,33 : 27.66"
"9,34 : 38.9"
"9,35 : 5.1"
"9,36 : 14.32"
"9,37 : 50.01"
"9,38 : 52.35"
"9,39 : 23.32"
"9,40 : 33.96"
"9,41 : 26.93"
"9,42 : 40.61"
"9,43 : 13.45"
"9,44 : 27.8"
"9,45 : 65.8"
"9,46 : 20.88"
"9,47 : 31.06"
"9,48 : 23.09"
"9,49 : 62.36"
"10,0 : 39.7"
"10,1 : 71.02"
"10,2 : 24.52"
"10,3 : 36.4"
"10,4 : 64.4"
"10,5 : 15.81"
"10,6 : 76.9"
"10,7 : 84.85"
"10,8 : 58.03"
"10,9 : 41.77"
"10,10 : 0.0"
"10,11 : 68.18"
"10,12 : 97.95"
"10,13 : 34.71"
"10,14 : 58.25"
"10,15 : 43.19"
"10,16 : 95.71"
"10,17 : 54.23"
"10,18 : 22.47"
"10,19 : 87.32"
"10,20 : 50.77"
"10,21 : 65.0"
"10,22 : 11.7"
"10,23 : 31.4"
"10,24 : 11.66"
"10,25 : 84.12"
"10,26 : 75.03"
"10,27 : 39.81"
"10,28 : 58.52"
"10,29 : 64.64"
"10,30 : 28.6"
"10,31 : 88.23"
"10,32 : 47.0"
"10,33 : 58.6"
"10,34 : 78.1"
"10,35 : 43.97"
"10,36 : 31.3"
"10,37 : 8.25"
"10,38 : 88.65"
"10,39 : 40.31"
"10,40 : 74.0"
"10,41 : 68.41"
"10,42 : 77.18"
"10,43 : 32.06"
"10,44 : 27.78"
"10,45 : 102.63"
"10,46 : 44.82"
"10,47 : 41.62"
"10,48 : 45.54"
"10,49 : 72.11"
"11,0 : 48.88"
"11,1 : 103.08"
"11,2 : 45.12"
"11,3 : 62.18"
"11,4 : 66.4"
"11,5 : 55.15"
"11,6 : 86.61"
"11,7 : 23.35"
"11,8 : 12.21"
"11,9 : 27.17"
"11,10 : 68.18"
"11,11 : 0.0"
"11,12 : 70.18"
"11,13 : 80.41"
"11,14 : 20.25"
"11,15 : 47.43"
"11,16 : 42.54"
"11,17 : 65.07"
"11,18 : 49.5"
"11,19 : 32.31"
"11,20 : 55.9"
"11,21 : 21.54"
"11,22 : 79.01"
"11,23 : 57.45"
"11,24 : 78.01"
"11,25 : 74.46"
"11,26 : 7.62"
"11,27 : 29.15"
"11,28 : 72.12"
"11,29 : 57.14"
"11,30 : 54.08"
"11,31 : 69.12"
"11,32 : 79.92"
"11,33 : 36.62"
"11,34 : 13.45"
"11,35 : 27.2"
"11,36 : 41.0"
"11,37 : 76.32"
"11,38 : 29.07"
"11,39 : 45.28"
"11,40 : 7.81"
"11,41 : 13.15"
"11,42 : 35.06"
"11,43 : 36.67"
"11,44 : 47.93"
"11,45 : 54.08"
"11,46 : 40.22"
"11,47 : 52.7"
"11,48 : 32.02"
"11,49 : 76.84"
"12,0 : 58.26"
"12,1 : 75.17"
"12,2 : 89.0"
"12,3 : 64.66"
"12,4 : 38.91"
"12,5 : 82.8"
"12,6 : 46.0"
"12,7 : 89.5"
"12,8 : 77.16"
"12,9 : 70.52"
"12,10 : 97.95"
"12,11 : 70.18"
"12,12 : 0.0"
"12,13 : 81.12"
"12,14 : 87.21"
"12,15 : 54.82"
"12,16 : 38.01"
"12,17 : 48.88"
"12,18 : 76.84"
"12,19 : 43.46"
"12,20 : 48.17"
"12,21 : 50.09"
"12,22 : 102.55"
"12,23 : 109.25"
"12,24 : 100.45"
"12,25 : 23.02"
"12,26 : 73.98"
"12,27 : 71.17"
"12,28 : 49.77"
"12,29 : 34.06"
"12,30 : 69.43"
"12,31 : 12.37"
"12,32 : 68.94"
"12,33 : 43.08"
"12,34 : 80.41"
"12,35 : 65.46"
"12,36 : 70.33"
"12,37 : 104.74"
"12,38 : 95.08"
"12,39 : 58.01"
"12,40 : 75.8"
"12,41 : 57.08"
"12,42 : 35.13"
"12,43 : 83.01"
"12,44 : 97.17"
"12,45 : 29.83"
"12,46 : 54.71"
"12,47 : 56.59"
"12,48 : 92.2"
"12,49 : 39.62"
"13,0 : 33.24"
"13,1 : 36.35"
"13,2 : 49.82"
"13,3 : 20.0"
"13,4 : 42.44"
"13,5 : 32.02"
"13,6 : 47.51"
"13,7 : 101.97"
"13,8 : 74.3"
"13,9 : 54.59"
"13,10 : 34.71"
"13,11 : 80.41"
"13,12 : 81.12"
"13,13 : 0.0"
"13,14 : 78.82"
"13,15 : 36.06"
"13,16 : 92.54"
"13,17 : 32.25"
"13,18 : 34.06"
"13,19 : 87.01"
"13,20 : 35.17"
"13,21 : 67.6"
"13,22 : 30.27"
"13,23 : 64.47"
"13,24 : 28.16"
"13,25 : 61.72"
"13,26 : 88.02"
"13,27 : 52.84"
"13,28 : 32.56"
"13,29 : 47.93"
"13,30 : 26.4"
"13,31 : 69.34"
"13,32 : 14.76"
"13,33 : 54.01"
"13,34 : 93.11"
"13,35 : 53.31"
"13,36 : 40.31"
"13,37 : 36.01"
"13,38 : 106.94"
"13,39 : 36.5"
"13,40 : 87.85"
"13,41 : 74.73"
"13,42 : 73.25"
"13,43 : 53.08"
"13,44 : 57.14"
"13,45 : 95.57"
"13,46 : 42.43"
"13,47 : 31.0"
"13,48 : 70.01"
"13,49 : 46.01"
"14,0 : 52.2"
"14,1 : 107.17"
"14,2 : 33.73"
"14,3 : 63.66"
"14,4 : 75.77"
"14,5 : 48.75"
"14,6 : 95.75"
"14,7 : 27.0"
"14,8 : 10.05"
"14,9 : 25.61"
"14,10 : 58.25"
"14,11 : 20.25"
"14,12 : 87.21"
"14,13 : 78.82"
"14,14 : 0.0"
"14,15 : 52.15"
"14,16 : 62.61"
"14,17 : 71.69"
"14,18 : 44.94"
"14,19 : 52.33"
"14,20 : 62.65"
"14,21 : 37.12"
"14,22 : 69.86"
"14,23 : 40.16"
"14,24 : 69.38"
"14,25 : 87.66"
"14,26 : 22.8"
"14,27 : 26.91"
"14,28 : 78.89"
"14,29 : 68.01"
"14,30 : 53.15"
"14,31 : 84.21"
"14,32 : 82.04"
"14,33 : 48.05"
"14,34 : 22.47"
"14,35 : 29.15"
"14,36 : 38.95"
"14,37 : 65.76"
"14,38 : 30.41"
"14,39 : 48.83"
"14,40 : 20.81"
"14,41 : 31.32"
"14,42 : 52.77"
"14,43 : 26.93"
"14,44 : 33.06"
"14,45 : 73.93"
"14,46 : 45.65"
"14,47 : 56.61"
"14,48 : 14.32"
"14,49 : 86.54"
"15,0 : 3.61"
"15,1 : 55.9"
"15,2 : 37.34"
"15,3 : 16.12"
"15,4 : 26.02"
"15,5 : 28.02"
"15,6 : 44.64"
"15,7 : 70.43"
"15,8 : 44.69"
"15,9 : 26.83"
"15,10 : 43.19"
"15,11 : 47.43"
"15,12 : 54.82"
"15,13 : 36.06"
"15,14 : 52.15"
"15,15 : 0.0"
"15,16 : 57.27"
"15,17 : 19.7"
"15,18 : 22.36"
"15,19 : 51.09"
"15,20 : 11.18"
"15,21 : 31.78"
"15,22 : 48.83"
"15,23 : 57.87"
"15,24 : 46.87"
"15,25 : 43.42"
"15,26 : 54.92"
"15,27 : 26.0"
"15,28 : 26.83"
"15,29 : 22.47"
"15,30 : 15.0"
"15,31 : 45.65"
"15,32 : 32.65"
"15,33 : 18.25"
"15,34 : 60.8"
"15,35 : 23.02"
"15,36 : 18.03"
"15,37 : 50.25"
"15,38 : 75.93"
"15,39 : 4.0"
"15,40 : 55.22"
"15,41 : 39.56"
"15,42 : 37.85"
"15,43 : 34.13"
"15,44 : 46.27"
"15,45 : 61.85"
"15,46 : 7.21"
"15,47 : 5.39"
"15,48 : 49.04"
"15,49 : 36.35"
"16,0 : 60.64"
"16,1 : 100.42"
"16,2 : 78.24"
"16,3 : 72.69"
"16,4 : 58.69"
"16,5 : 80.06"
"16,6 : 74.73"
"16,7 : 56.01"
"16,8 : 53.34"
"16,9 : 56.85"
"16,10 : 95.71"
"16,11 : 42.54"
"16,12 : 38.01"
"16,13 : 92.54"
"16,14 : 62.61"
"16,15 : 57.27"
"16,16 : 0.0"
"16,17 : 64.28"
"16,18 : 73.35"
"16,19 : 10.3"
"16,20 : 58.01"
"16,21 : 31.4"
"16,22 : 104.0"
"16,23 : 95.48"
"16,24 : 102.32"
"16,25 : 54.08"
"16,26 : 43.17"
"16,27 : 58.41"
"16,28 : 69.05"
"16,29 : 48.84"
"16,30 : 71.17"
"16,31 : 44.05"
"16,32 : 85.05"
"16,33 : 39.05"
"16,34 : 48.51"
"16,35 : 53.01"
"16,36 : 64.41"
"16,37 : 103.75"
"16,38 : 61.03"
"16,39 : 58.24"
"16,40 : 45.35"
"16,41 : 32.2"
"16,42 : 19.42"
"16,43 : 70.18"
"16,44 : 84.17"
"16,45 : 12.04"
"16,46 : 52.5"
"16,47 : 61.81"
"16,48 : 72.42"
"16,49 : 65.55"
"17,0 : 20.62"
"17,1 : 38.59"
"17,2 : 55.08"
"17,3 : 17.89"
"17,4 : 10.63"
"17,5 : 41.77"
"17,6 : 25.32"
"17,7 : 88.39"
"17,8 : 63.82"
"17,9 : 46.52"
"17,10 : 54.23"
"17,11 : 65.07"
"17,12 : 48.88"
"17,13 : 32.25"
"17,14 : 71.69"
"17,15 : 19.7"
"17,16 : 64.28"
"17,17 : 0.0"
"17,18 : 38.05"
"17,19 : 60.88"
"17,20 : 9.22"
"17,21 : 46.32"
"17,22 : 56.04"
"17,23 : 75.03"
"17,24 : 53.82"
"17,25 : 30.61"
"17,26 : 72.25"
"17,27 : 45.69"
"17,28 : 7.21"
"17,29 : 16.28"
"17,30 : 27.29"
"17,31 : 37.2"
"17,32 : 21.21"
"17,33 : 30.02"
"17,34 : 78.52"
"17,35 : 42.54"
"17,36 : 36.67"
"17,37 : 59.54"
"17,38 : 94.05"
"17,39 : 23.41"
"17,40 : 72.86"
"17,41 : 55.22"
"17,42 : 46.1"
"17,43 : 53.15"
"17,44 : 64.07"
"17,45 : 65.28"
"17,46 : 26.08"
"17,47 : 16.28"
"17,48 : 68.62"
"17,49 : 18.25"
"18,0 : 19.31"
"18,1 : 65.76"
"18,2 : 17.72"
"18,3 : 22.8"
"18,4 : 46.87"
"18,5 : 6.71"
"18,6 : 63.03"
"18,7 : 69.29"
"18,8 : 41.44"
"18,9 : 22.36"
"18,10 : 22.47"
"18,11 : 49.5"
"18,12 : 76.84"
"18,13 : 34.06"
"18,14 : 44.94"
"18,15 : 22.36"
"18,16 : 73.35"
"18,17 : 38.05"
"18,18 : 0.0"
"18,19 : 65.19"
"18,20 : 32.02"
"18,21 : 43.01"
"18,22 : 31.05"
"18,23 : 37.0"
"18,24 : 29.61"
"18,25 : 65.46"
"18,26 : 56.89"
"18,27 : 20.4"
"18,28 : 44.05"
"18,29 : 44.78"
"18,30 : 11.18"
"18,31 : 68.0"
"18,32 : 39.82"
"18,33 : 36.24"
"18,34 : 61.13"
"18,35 : 23.02"
"18,36 : 9.22"
"18,37 : 30.41"
"18,38 : 73.93"
"18,39 : 18.87"
"18,40 : 56.29"
"18,41 : 47.38"
"18,42 : 54.71"
"18,43 : 19.1"
"18,44 : 26.48"
"18,45 : 80.16"
"18,46 : 22.63"
"18,47 : 22.56"
"18,48 : 36.12"
"18,49 : 56.22"
"19,0 : 54.23"
"19,1 : 98.43"
"19,2 : 68.82"
"19,3 : 67.01"
"19,4 : 56.86"
"19,5 : 71.87"
"19,6 : 74.63"
"19,7 : 47.17"
"19,8 : 43.05"
"19,9 : 47.43"
"19,10 : 87.32"
"19,11 : 32.31"
"19,12 : 43.46"
"19,13 : 87.01"
"19,14 : 52.33"
"19,15 : 51.09"
"19,16 : 10.3"
"19,17 : 60.88"
"19,18 : 65.19"
"19,19 : 0.0"
"19,20 : 53.6"
"19,21 : 22.36"
"19,22 : 96.14"
"19,23 : 85.56"
"19,24 : 94.56"
"19,25 : 55.87"
"19,26 : 33.38"
"19,27 : 49.09"
"19,28 : 66.41"
"19,29 : 46.62"
"19,30 : 64.13"
"19,31 : 47.01"
"19,32 : 80.89"
"19,33 : 33.0"
"19,34 : 39.05"
"19,35 : 43.91"
"19,36 : 56.08"
"19,37 : 95.46"
"19,38 : 52.47"
"19,39 : 51.48"
"19,40 : 35.51"
"19,41 : 22.02"
"19,42 : 14.87"
"19,43 : 60.61"
"19,44 : 74.41"
"19,45 : 21.84"
"19,46 : 45.54"
"19,47 : 56.01"
"19,48 : 62.2"
"19,49 : 65.0"
"20,0 : 13.04"
"20,1 : 47.43"
"20,2 : 48.09"
"20,3 : 16.64"
"20,4 : 15.03"
"20,5 : 36.77"
"20,6 : 33.53"
"20,7 : 79.21"
"20,8 : 54.64"
"20,9 : 37.7"
"20,10 : 50.77"
"20,11 : 55.9"
"20,12 : 48.17"
"20,13 : 35.17"
"20,14 : 62.65"
"20,15 : 11.18"
"20,16 : 58.01"
"20,17 : 9.22"
"20,18 : 32.02"
"20,19 : 53.6"
"20,20 : 0.0"
"20,21 : 37.59"
"20,22 : 54.45"
"20,23 : 68.47"
"20,24 : 52.33"
"20,25 : 33.62"
"20,26 : 63.13"
"20,27 : 37.0"
"20,28 : 16.4"
"20,29 : 14.14"
"20,30 : 22.36"
"20,31 : 37.64"
"20,32 : 27.29"
"20,33 : 21.54"
"20,34 : 69.35"
"20,35 : 33.54"
"20,36 : 29.02"
"20,37 : 57.01"
"20,38 : 84.85"
"20,39 : 15.13"
"20,40 : 63.7"
"20,41 : 46.32"
"20,42 : 39.12"
"20,43 : 45.28"
"20,44 : 57.08"
"20,45 : 60.42"
"20,46 : 17.0"
"20,47 : 9.49"
"20,48 : 60.17"
"20,49 : 25.18"
"21,0 : 34.37"
"21,1 : 84.91"
"21,2 : 46.86"
"21,3 : 47.85"
"21,4 : 45.97"
"21,5 : 49.65"
"21,6 : 65.95"
"21,7 : 44.1"
"21,8 : 27.07"
"21,9 : 25.5"
"21,10 : 65.0"
"21,11 : 21.54"
"21,12 : 50.09"
"21,13 : 67.6"
"21,14 : 37.12"
"21,15 : 31.78"
"21,16 : 31.4"
"21,17 : 46.32"
"21,18 : 43.01"
"21,19 : 22.36"
"21,20 : 37.59"
"21,21 : 0.0"
"21,22 : 74.04"
"21,23 : 64.66"
"21,24 : 72.53"
"21,25 : 52.92"
"21,26 : 27.46"
"21,27 : 27.02"
"21,28 : 53.01"
"21,29 : 36.24"
"21,30 : 43.05"
"21,31 : 47.85"
"21,32 : 63.91"
"21,33 : 16.4"
"21,34 : 34.13"
"21,35 : 21.63"
"21,36 : 33.84"
"21,37 : 73.16"
"21,38 : 49.93"
"21,39 : 31.14"
"21,40 : 28.65"
"21,41 : 9.22"
"21,42 : 16.16"
"21,43 : 38.9"
"21,44 : 53.08"
"21,45 : 40.46"
"21,46 : 25.18"
"21,47 : 37.11"
"21,48 : 43.46"
"21,49 : 56.08"
"22,0 : 45.22"
"22,1 : 66.01"
"22,2 : 36.14"
"22,3 : 38.42"
"22,4 : 66.61"
"22,5 : 24.52"
"22,6 : 76.32"
"22,7 : 96.34"
"22,8 : 69.26"
"22,9 : 52.15"
"22,10 : 11.7"
"22,11 : 79.01"
"22,12 : 102.55"
"22,13 : 30.27"
"22,14 : 69.86"
"22,15 : 48.83"
"22,16 : 104.0"
"22,17 : 56.04"
"22,18 : 31.05"
"22,19 : 96.14"
"22,20 : 54.45"
"22,21 : 74.04"
"22,22 : 0.0"
"22,23 : 41.73"
"22,24 : 2.24"
"22,25 : 86.61"
"22,26 : 86.02"
"22,27 : 50.16"
"22,28 : 59.06"
"22,29 : 68.59"
"22,30 : 33.84"
"22,31 : 92.02"
"22,32 : 44.38"
"22,33 : 65.76"
"22,34 : 89.36"
"22,35 : 53.76"
"22,36 : 40.26"
"22,37 : 6.71"
"22,38 : 100.22"
"22,39 : 46.65"
"22,40 : 85.09"
"22,41 : 78.26"
"22,42 : 85.0"
"22,43 : 43.42"
"22,44 : 39.36"
"22,45 : 110.06"
"22,46 : 51.88"
"22,47 : 46.1"
"22,48 : 57.25"
"22,49 : 72.95"
"23,0 : 55.44"
"23,1 : 99.93"
"23,2 : 20.62"
"23,3 : 59.3"
"23,4 : 83.49"
"23,5 : 34.53"
"23,6 : 100.02"
"23,7 : 66.29"
"23,8 : 45.28"
"23,9 : 39.66"
"23,10 : 31.4"
"23,11 : 57.45"
"23,12 : 109.25"
"23,13 : 64.47"
"23,14 : 40.16"
"23,15 : 57.87"
"23,16 : 95.48"
"23,17 : 75.03"
"23,18 : 37.0"
"23,19 : 85.56"
"23,20 : 68.47"
"23,21 : 64.66"
"23,22 : 41.73"
"23,23 : 0.0"
"23,24 : 42.45"
"23,25 : 101.2"
"23,26 : 62.17"
"23,27 : 38.59"
"23,28 : 81.02"
"23,29 : 80.05"
"23,30 : 48.04"
"23,31 : 102.14"
"23,32 : 74.46"
"23,33 : 66.21"
"23,34 : 62.63"
"23,35 : 44.42"
"23,36 : 40.02"
"23,37 : 35.47"
"23,38 : 68.47"
"23,39 : 53.94"
"23,40 : 60.42"
"23,41 : 63.7"
"23,42 : 80.21"
"23,43 : 26.42"
"23,44 : 12.08"
"23,45 : 105.12"
"23,46 : 55.36"
"23,47 : 59.21"
"23,48 : 26.0"
"23,49 : 93.13"
"24,0 : 43.27"
"24,1 : 64.03"
"24,2 : 35.74"
"24,3 : 36.24"
"24,4 : 64.4"
"24,5 : 23.19"
"24,6 : 74.09"
"24,7 : 95.71"
"24,8 : 68.47"
"24,9 : 51.04"
"24,10 : 11.66"
"24,11 : 78.01"
"24,12 : 100.45"
"24,13 : 28.16"
"24,14 : 69.38"
"24,15 : 46.87"
"24,16 : 102.32"
"24,17 : 53.82"
"24,18 : 29.61"
"24,19 : 94.56"
"24,20 : 52.33"
"24,21 : 72.53"
"24,22 : 2.24"
"24,23 : 42.45"
"24,24 : 0.0"
"24,25 : 84.4"
"24,26 : 85.09"
"24,27 : 49.04"
"24,28 : 56.82"
"24,29 : 66.47"
"24,30 : 31.91"
"24,31 : 89.87"
"24,32 : 42.2"
"24,33 : 63.95"
"24,34 : 88.57"
"24,35 : 52.47"
"24,36 : 38.83"
"24,37 : 8.25"
"24,38 : 99.69"
"24,39 : 44.78"
"24,40 : 84.21"
"24,41 : 76.94"
"24,42 : 83.26"
"24,43 : 42.76"
"24,44 : 39.45"
"24,45 : 108.24"
"24,46 : 50.09"
"24,47 : 44.05"
"24,48 : 57.01"
"24,49 : 70.71"
"25,0 : 46.17"
"25,1 : 52.15"
"25,2 : 80.6"
"25,3 : 48.26"
"25,4 : 20.0"
"25,5 : 70.38"
"25,6 : 23.02"
"25,7 : 96.6"
"25,8 : 78.1"
"25,9 : 66.01"
"25,10 : 84.12"
"25,11 : 74.46"
"25,12 : 23.02"
"25,13 : 61.72"
"25,14 : 87.66"
"25,15 : 43.42"
"25,16 : 54.08"
"25,17 : 30.61"
"25,18 : 65.46"
"25,19 : 55.87"
"25,20 : 33.62"
"25,21 : 52.92"
"25,22 : 86.61"
"25,23 : 101.2"
"25,24 : 84.4"
"25,25 : 0.0"
"25,26 : 80.06"
"25,27 : 66.01"
"25,28 : 29.21"
"25,29 : 21.21"
"25,30 : 55.95"
"25,31 : 11.18"
"25,32 : 48.26"
"25,33 : 39.62"
"25,34 : 86.76"
"25,35 : 61.03"
"25,36 : 61.19"
"25,37 : 89.89"
"25,38 : 102.42"
"25,39 : 47.3"
"25,40 : 81.44"
"25,41 : 61.74"
"25,42 : 42.8"
"25,43 : 76.42"
"25,44 : 89.44"
"25,45 : 49.4"
"25,46 : 46.27"
"25,47 : 43.08"
"25,48 : 89.05"
"25,49 : 17.09"
"26,0 : 56.44"
"26,1 : 110.42"
"26,2 : 51.48"
"26,3 : 69.77"
"26,4 : 73.11"
"26,5 : 62.39"
"26,6 : 93.24"
"26,7 : 16.64"
"26,8 : 17.46"
"26,9 : 34.53"
"26,10 : 75.03"
"26,11 : 7.62"
"26,12 : 73.98"
"26,13 : 88.02"
"26,14 : 22.8"
"26,15 : 54.92"
"26,16 : 43.17"
"26,17 : 72.25"
"26,18 : 56.89"
"26,19 : 33.38"
"26,20 : 63.13"
"26,21 : 27.46"
"26,22 : 86.02"
"26,23 : 62.17"
"26,24 : 85.09"
"26,25 : 80.06"
"26,26 : 0.0"
"26,27 : 36.5"
"26,28 : 79.25"
"26,29 : 63.6"
"26,30 : 61.68"
"26,31 : 74.0"
"26,32 : 87.46"
"26,33 : 43.28"
"26,34 : 6.71"
"26,35 : 34.79"
"26,36 : 48.51"
"26,37 : 83.1"
"26,38 : 22.47"
"26,39 : 52.84"
"26,40 : 2.24"
"26,41 : 18.36"
"26,42 : 39.05"
"26,43 : 43.19"
"26,44 : 53.45"
"26,45 : 55.11"
"26,46 : 47.71"
"26,47 : 60.21"
"26,48 : 36.24"
"26,49 : 83.41"
"27,0 : 25.55"
"27,1 : 80.28"
"27,2 : 19.85"
"27,3 : 36.77"
"27,4 : 51.2"
"27,5 : 26.02"
"27,6 : 70.52"
"27,7 : 49.24"
"27,8 : 21.47"
"27,9 : 2.0"
"27,10 : 39.81"
"27,11 : 29.15"
"27,12 : 71.17"
"27,13 : 52.84"
"27,14 : 26.91"
"27,15 : 26.0"
"27,16 : 58.41"
"27,17 : 45.69"
"27,18 : 20.4"
"27,19 : 49.09"
"27,20 : 37.0"
"27,21 : 27.02"
"27,22 : 50.16"
"27,23 : 38.59"
"27,24 : 49.04"
"27,25 : 66.01"
"27,26 : 36.5"
"27,27 : 0.0"
"27,28 : 52.8"
"27,29 : 45.04"
"27,30 : 26.63"
"27,31 : 65.12"
"27,32 : 55.15"
"27,33 : 28.16"
"27,34 : 40.8"
"27,35 : 5.83"
"27,36 : 12.53"
"27,37 : 48.05"
"27,38 : 54.12"
"27,39 : 22.36"
"27,40 : 35.9"
"27,41 : 28.79"
"27,42 : 41.87"
"27,43 : 12.21"
"27,44 : 26.63"
"27,45 : 67.18"
"27,46 : 20.4"
"27,47 : 30.02"
"27,48 : 23.35"
"27,49 : 61.85"
"28,0 : 27.51"
"28,1 : 32.2"
"28,2 : 61.4"
"28,3 : 22.36"
"28,4 : 11.18"
"28,5 : 47.17"
"28,6 : 19.0"
"28,7 : 95.46"
"28,8 : 71.03"
"28,9 : 53.67"
"28,10 : 58.52"
"28,11 : 72.12"
"28,12 : 49.77"
"28,13 : 32.56"
"28,14 : 78.89"
"28,15 : 26.83"
"28,16 : 69.05"
"28,17 : 7.21"
"28,18 : 44.05"
"28,19 : 66.41"
"28,20 : 16.4"
"28,21 : 53.01"
"28,22 : 59.06"
"28,23 : 81.02"
"28,24 : 56.82"
"28,25 : 29.21"
"28,26 : 79.25"
"28,27 : 52.8"
"28,28 : 0.0"
"28,29 : 20.22"
"28,30 : 33.0"
"28,31 : 37.58"
"28,32 : 19.24"
"28,33 : 36.62"
"28,34 : 85.56"
"28,35 : 49.74"
"28,36 : 43.42"
"28,37 : 63.16"
"28,38 : 101.14"
"28,39 : 30.46"
"28,40 : 79.91"
"28,41 : 62.01"
"28,42 : 51.55"
"28,43 : 59.91"
"28,44 : 70.35"
"28,45 : 69.0"
"28,46 : 33.29"
"28,47 : 23.09"
"28,48 : 75.61"
"28,49 : 13.89"
"29,0 : 25.5"
"29,1 : 51.87"
"29,2 : 59.44"
"29,3 : 30.61"
"29,4 : 10.3"
"29,5 : 50.12"
"29,6 : 29.73"
"29,7 : 80.21"
"29,8 : 58.87"
"29,9 : 45.18"
"29,10 : 64.64"
"29,11 : 57.14"
"29,12 : 34.06"
"29,13 : 47.93"
"29,14 : 68.01"
"29,15 : 22.47"
"29,16 : 48.84"
"29,17 : 16.28"
"29,18 : 44.78"
"29,19 : 46.62"
"29,20 : 14.14"
"29,21 : 36.24"
"29,22 : 68.59"
"29,23 : 80.05"
"29,24 : 66.47"
"29,25 : 21.21"
"29,26 : 63.6"
"29,27 : 45.04"
"29,28 : 20.22"
"29,29 : 0.0"
"29,30 : 36.06"
"29,31 : 23.6"
"29,32 : 37.48"
"29,33 : 20.59"
"29,34 : 70.21"
"29,35 : 40.31"
"29,36 : 40.02"
"29,37 : 71.06"
"29,38 : 86.02"
"29,39 : 26.25"
"29,40 : 64.64"
"29,41 : 45.45"
"29,42 : 31.78"
"29,43 : 55.23"
"29,44 : 68.25"
"29,45 : 49.09"
"29,46 : 25.08"
"29,47 : 23.02"
"29,48 : 68.26"
"29,49 : 19.85"
"30,0 : 11.4"
"30,1 : 55.23"
"30,2 : 28.86"
"30,3 : 11.7"
"30,4 : 36.69"
"30,5 : 14.56"
"30,6 : 52.0"
"30,7 : 75.59"
"30,8 : 48.02"
"30,9 : 28.3"
"30,10 : 28.6"
"30,11 : 54.08"
"30,12 : 69.43"
"30,13 : 26.4"
"30,14 : 53.15"
"30,15 : 15.0"
"30,16 : 71.17"
"30,17 : 27.29"
"30,18 : 11.18"
"30,19 : 64.13"
"30,20 : 22.36"
"30,21 : 43.05"
"30,22 : 33.84"
"30,23 : 48.04"
"30,24 : 31.91"
"30,25 : 55.95"
"30,26 : 61.68"
"30,27 : 26.63"
"30,28 : 33.0"
"30,29 : 36.06"
"30,30 : 0.0"
"30,31 : 59.64"
"30,32 : 29.41"
"30,33 : 32.31"
"30,34 : 66.71"
"30,35 : 26.93"
"30,36 : 14.21"
"30,37 : 35.36"
"30,38 : 80.62"
"30,39 : 13.0"
"30,40 : 61.47"
"30,41 : 49.25"
"30,42 : 51.87"
"30,43 : 29.15"
"30,44 : 37.66"
"30,45 : 76.49"
"30,46 : 18.68"
"30,47 : 13.04"
"30,48 : 46.04"
"30,49 : 45.54"
"31,0 : 48.88"
"31,1 : 63.03"
"31,2 : 81.6"
"31,3 : 53.74"
"31,4 : 26.93"
"31,5 : 73.57"
"31,6 : 34.13"
"31,7 : 90.25"
"31,8 : 74.33"
"31,9 : 64.78"
"31,10 : 88.23"
"31,11 : 69.12"
"31,12 : 12.37"
"31,13 : 69.34"
"31,14 : 84.21"
"31,15 : 45.65"
"31,16 : 44.05"
"31,17 : 37.2"
"31,18 : 68.0"
"31,19 : 47.01"
"31,20 : 37.64"
"31,21 : 47.85"
"31,22 : 92.02"
"31,23 : 102.14"
"31,24 : 89.87"
"31,25 : 11.18"
"31,26 : 74.0"
"31,27 : 65.12"
"31,28 : 37.58"
"31,29 : 23.6"
"31,30 : 59.64"
"31,31 : 0.0"
"31,32 : 56.8"
"31,33 : 37.22"
"31,34 : 80.65"
"31,35 : 59.68"
"31,36 : 62.39"
"31,37 : 94.64"
"31,38 : 96.01"
"31,39 : 49.19"
"31,40 : 75.58"
"31,41 : 56.04"
"31,42 : 35.34"
"31,43 : 76.4"
"31,44 : 90.14"
"31,45 : 38.48"
"31,46 : 46.82"
"31,47 : 46.62"
"31,48 : 87.37"
"31,49 : 27.29"
"32,0 : 31.06"
"32,1 : 25.94"
"32,2 : 57.27"
"32,3 : 18.38"
"32,4 : 30.08"
"32,5 : 40.16"
"32,6 : 32.76"
"32,7 : 102.65"
"32,8 : 75.93"
"32,9 : 56.59"
"32,10 : 47.0"
"32,11 : 79.92"
"32,12 : 68.94"
"32,13 : 14.76"
"32,14 : 82.04"
"32,15 : 32.65"
"32,16 : 85.05"
"32,17 : 21.21"
"32,18 : 39.82"
"32,19 : 80.89"
"32,20 : 27.29"
"32,21 : 63.91"
"32,22 : 44.38"
"32,23 : 74.46"
"32,24 : 42.2"
"32,25 : 48.26"
"32,26 : 87.46"
"32,27 : 55.15"
"32,28 : 19.24"
"32,29 : 37.48"
"32,30 : 29.41"
"32,31 : 56.8"
"32,32 : 0.0"
"32,33 : 48.51"
"32,34 : 93.19"
"32,35 : 54.04"
"32,36 : 43.28"
"32,37 : 49.65"
"32,38 : 108.0"
"32,39 : 34.67"
"32,40 : 87.66"
"32,41 : 72.09"
"32,42 : 66.37"
"32,43 : 58.52"
"32,44 : 65.55"
"32,45 : 86.47"
"32,46 : 39.82"
"32,47 : 27.29"
"32,48 : 75.45"
"32,49 : 31.89"
"33,0 : 21.59"
"33,1 : 68.6"
"33,2 : 46.14"
"33,3 : 34.01"
"33,4 : 29.83"
"33,5 : 42.8"
"33,6 : 50.0"
"33,7 : 59.82"
"33,8 : 38.6"
"33,9 : 27.66"
"33,10 : 58.6"
"33,11 : 36.62"
"33,12 : 43.08"
"33,13 : 54.01"
"33,14 : 48.05"
"33,15 : 18.25"
"33,16 : 39.05"
"33,17 : 30.02"
"33,18 : 36.24"
"33,19 : 33.0"
"33,20 : 21.54"
"33,21 : 16.4"
"33,22 : 65.76"
"33,23 : 66.21"
"33,24 : 63.95"
"33,25 : 39.62"
"33,26 : 43.28"
"33,27 : 28.16"
"33,28 : 36.62"
"33,29 : 20.59"
"33,30 : 32.31"
"33,31 : 37.22"
"33,32 : 48.51"
"33,33 : 0.0"
"33,34 : 49.82"
"33,35 : 22.56"
"33,36 : 28.32"
"33,37 : 66.29"
"33,38 : 65.6"
"33,39 : 19.31"
"33,40 : 44.2"
"33,41 : 25.5"
"33,42 : 19.65"
"33,43 : 39.92"
"33,44 : 54.13"
"33,45 : 44.29"
"33,46 : 13.89"
"33,47 : 23.02"
"33,48 : 50.16"
"33,49 : 40.22"
"34,0 : 62.13"
"34,1 : 116.52"
"34,2 : 54.01"
"34,3 : 75.29"
"34,4 : 79.65"
"34,5 : 66.29"
"34,6 : 99.81"
"34,7 : 10.0"
"34,8 : 20.1"
"34,9 : 38.9"
"34,10 : 78.1"
"34,11 : 13.45"
"34,12 : 80.41"
"34,13 : 93.11"
"34,14 : 22.47"
"34,15 : 60.8"
"34,16 : 48.51"
"34,17 : 78.52"
"34,18 : 61.13"
"34,19 : 39.05"
"34,20 : 69.35"
"34,21 : 34.13"
"34,22 : 89.36"
"34,23 : 62.63"
"34,24 : 88.57"
"34,25 : 86.76"
"34,26 : 6.71"
"34,27 : 40.8"
"34,28 : 85.56"
"34,29 : 70.21"
"34,30 : 66.71"
"34,31 : 80.65"
"34,32 : 93.19"
"34,33 : 49.82"
"34,34 : 0.0"
"34,35 : 39.81"
"34,36 : 53.14"
"34,37 : 86.02"
"34,38 : 15.81"
"34,39 : 58.52"
"34,40 : 5.66"
"34,41 : 25.06"
"34,42 : 45.61"
"34,43 : 46.04"
"34,44 : 54.92"
"34,45 : 60.53"
"34,46 : 53.6"
"34,47 : 66.03"
"34,48 : 36.69"
"34,49 : 90.0"
"35,0 : 23.35"
"35,1 : 78.52"
"35,2 : 25.46"
"35,3 : 35.81"
"35,4 : 47.13"
"35,5 : 29.27"
"35,6 : 66.85"
"35,7 : 48.88"
"35,8 : 21.93"
"35,9 : 5.1"
"35,10 : 43.97"
"35,11 : 27.2"
"35,12 : 65.46"
"35,13 : 53.31"
"35,14 : 29.15"
"35,15 : 23.02"
"35,16 : 53.01"
"35,17 : 42.54"
"35,18 : 23.02"
"35,19 : 43.91"
"35,20 : 33.54"
"35,21 : 21.63"
"35,22 : 53.76"
"35,23 : 44.42"
"35,24 : 52.47"
"35,25 : 61.03"
"35,26 : 34.79"
"35,27 : 5.83"
"35,28 : 49.74"
"35,29 : 40.31"
"35,30 : 26.93"
"35,31 : 59.68"
"35,32 : 54.04"
"35,33 : 22.56"
"35,34 : 39.81"
"35,35 : 0.0"
"35,36 : 14.04"
"35,37 : 52.2"
"35,38 : 54.08"
"35,39 : 19.85"
"35,40 : 34.54"
"35,41 : 24.52"
"35,42 : 36.12"
"35,43 : 18.03"
"35,44 : 32.45"
"35,45 : 61.52"
"35,46 : 16.55"
"35,47 : 27.66"
"35,48 : 28.02"
"35,49 : 57.87"
"36,0 : 16.12"
"36,1 : 68.82"
"36,2 : 19.42"
"36,3 : 25.0"
"36,4 : 44.0"
"36,5 : 15.81"
"36,6 : 61.98"
"36,7 : 61.74"
"36,8 : 34.0"
"36,9 : 14.32"
"36,10 : 31.3"
"36,11 : 41.0"
"36,12 : 70.33"
"36,13 : 40.31"
"36,14 : 38.95"
"36,15 : 18.03"
"36,16 : 64.41"
"36,17 : 36.67"
"36,18 : 9.22"
"36,19 : 56.08"
"36,20 : 29.02"
"36,21 : 33.84"
"36,22 : 40.26"
"36,23 : 40.02"
"36,24 : 38.83"
"36,25 : 61.19"
"36,26 : 48.51"
"36,27 : 12.53"
"36,28 : 43.42"
"36,29 : 40.02"
"36,30 : 14.21"
"36,31 : 62.39"
"36,32 : 43.28"
"36,33 : 28.32"
"36,34 : 53.14"
"36,35 : 14.04"
"36,36 : 0.0"
"36,37 : 39.4"
"36,38 : 66.65"
"36,39 : 14.04"
"36,40 : 48.08"
"36,41 : 38.21"
"36,42 : 46.04"
"36,43 : 16.49"
"36,44 : 28.28"
"36,45 : 71.61"
"36,46 : 15.65"
"36,47 : 20.4"
"36,48 : 32.65"
"36,49 : 54.15"
"37,0 : 46.69"
"37,1 : 72.11"
"37,2 : 32.14"
"37,3 : 41.68"
"37,4 : 69.97"
"37,5 : 23.71"
"37,6 : 80.96"
"37,7 : 92.54"
"37,8 : 66.0"
"37,9 : 50.01"
"37,10 : 8.25"
"37,11 : 76.32"
"37,12 : 104.74"
"37,13 : 36.01"
"37,14 : 65.76"
"37,15 : 50.25"
"37,16 : 103.75"
"37,17 : 59.54"
"37,18 : 30.41"
"37,19 : 95.46"
"37,20 : 57.01"
"37,21 : 73.16"
"37,22 : 6.71"
"37,23 : 35.47"
"37,24 : 8.25"
"37,25 : 89.89"
"37,26 : 83.1"
"37,27 : 48.05"
"37,28 : 63.16"
"37,29 : 71.06"
"37,30 : 35.36"
"37,31 : 94.64"
"37,32 : 49.65"
"37,33 : 66.29"
"37,34 : 86.02"
"37,35 : 52.2"
"37,36 : 39.4"
"37,37 : 0.0"
"37,38 : 96.18"
"37,39 : 47.63"
"37,40 : 82.02"
"37,41 : 76.66"
"37,42 : 85.09"
"37,43 : 40.0"
"37,44 : 34.18"
"37,45 : 110.45"
"37,46 : 52.43"
"37,47 : 48.17"
"37,48 : 52.63"
"37,49 : 76.97"
"38,0 : 77.01"
"38,1 : 131.8"
"38,2 : 64.13"
"38,3 : 89.87"
"38,4 : 95.43"
"38,5 : 78.43"
"38,6 : 115.6"
"38,7 : 5.83"
"38,8 : 32.65"
"38,9 : 52.35"
"38,10 : 88.65"
"38,11 : 29.07"
"38,12 : 95.08"
"38,13 : 106.94"
"38,14 : 30.41"
"38,15 : 75.93"
"38,16 : 61.03"
"38,17 : 94.05"
"38,18 : 73.93"
"38,19 : 52.47"
"38,20 : 84.85"
"38,21 : 49.93"
"38,22 : 100.22"
"38,23 : 68.47"
"38,24 : 99.69"
"38,25 : 102.42"
"38,26 : 22.47"
"38,27 : 54.12"
"38,28 : 101.14"
"38,29 : 86.02"
"38,30 : 80.62"
"38,31 : 96.01"
"38,32 : 108.0"
"38,33 : 65.6"
"38,34 : 15.81"
"38,35 : 54.08"
"38,36 : 66.65"
"38,37 : 96.18"
"38,38 : 0.0"
"38,39 : 73.41"
"38,40 : 21.4"
"38,41 : 40.82"
"38,42 : 60.75"
"38,43 : 57.01"
"38,44 : 63.07"
"38,45 : 73.01"
"38,46 : 68.77"
"38,47 : 81.06"
"38,48 : 44.05"
"38,49 : 105.8"
"39,0 : 3.61"
"39,1 : 58.69"
"39,2 : 33.38"
"39,3 : 17.09"
"39,4 : 30.02"
"39,5 : 24.84"
"39,6 : 48.51"
"39,7 : 68.01"
"39,8 : 41.73"
"39,9 : 23.32"
"39,10 : 40.31"
"39,11 : 45.28"
"39,12 : 58.01"
"39,13 : 36.5"
"39,14 : 48.83"
"39,15 : 4.0"
"39,16 : 58.24"
"39,17 : 23.41"
"39,18 : 18.87"
"39,19 : 51.48"
"39,20 : 15.13"
"39,21 : 31.14"
"39,22 : 46.65"
"39,23 : 53.94"
"39,24 : 44.78"
"39,25 : 47.3"
"39,26 : 52.84"
"39,27 : 22.36"
"39,28 : 30.46"
"39,29 : 26.25"
"39,30 : 13.0"
"39,31 : 49.19"
"39,32 : 34.67"
"39,33 : 19.31"
"39,34 : 58.52"
"39,35 : 19.85"
"39,36 : 14.04"
"39,37 : 47.63"
"39,38 : 73.41"
"39,39 : 0.0"
"39,40 : 53.0"
"39,41 : 38.33"
"39,42 : 38.9"
"39,43 : 30.15"
"39,44 : 42.3"
"39,45 : 63.51"
"39,46 : 6.0"
"39,47 : 7.81"
"39,48 : 45.22"
"39,49 : 40.31"
"40,0 : 56.6"
"40,1 : 110.89"
"40,2 : 50.25"
"40,3 : 69.84"
"40,4 : 74.03"
"40,5 : 61.66"
"40,6 : 94.2"
"40,7 : 15.62"
"40,8 : 16.12"
"40,9 : 33.96"
"40,10 : 74.0"
"40,11 : 7.81"
"40,12 : 75.8"
"40,13 : 87.85"
"40,14 : 20.81"
"40,15 : 55.22"
"40,16 : 45.35"
"40,17 : 72.86"
"40,18 : 56.29"
"40,19 : 35.51"
"40,20 : 63.7"
"40,21 : 28.65"
"40,22 : 85.09"
"40,23 : 60.42"
"40,24 : 84.21"
"40,25 : 81.44"
"40,26 : 2.24"
"40,27 : 35.9"
"40,28 : 79.91"
"40,29 : 64.64"
"40,30 : 61.47"
"40,31 : 75.58"
"40,32 : 87.66"
"40,33 : 44.2"
"40,34 : 5.66"
"40,35 : 34.54"
"40,36 : 48.08"
"40,37 : 82.02"
"40,38 : 21.4"
"40,39 : 53.0"
"40,40 : 0.0"
"40,41 : 19.7"
"40,42 : 40.79"
"40,43 : 42.05"
"40,44 : 51.92"
"40,45 : 57.27"
"40,46 : 48.01"
"40,47 : 60.46"
"40,48 : 34.44"
"40,49 : 84.4"
"41,0 : 41.76"
"41,1 : 93.74"
"41,2 : 47.89"
"41,3 : 55.36"
"41,4 : 55.17"
"41,5 : 53.76"
"41,6 : 75.17"
"41,7 : 34.99"
"41,8 : 21.54"
"41,9 : 26.93"
"41,10 : 68.41"
"41,11 : 13.15"
"41,12 : 57.08"
"41,13 : 74.73"
"41,14 : 31.32"
"41,15 : 39.56"
"41,16 : 32.2"
"41,17 : 55.22"
"41,18 : 47.38"
"41,19 : 22.02"
"41,20 : 46.32"
"41,21 : 9.22"
"41,22 : 78.26"
"41,23 : 63.7"
"41,24 : 76.94"
"41,25 : 61.74"
"41,26 : 18.36"
"41,27 : 28.79"
"41,28 : 62.01"
"41,29 : 45.45"
"41,30 : 49.25"
"41,31 : 56.04"
"41,32 : 72.09"
"41,33 : 25.5"
"41,34 : 25.06"
"41,35 : 24.52"
"41,36 : 38.21"
"41,37 : 76.66"
"41,38 : 40.82"
"41,39 : 38.33"
"41,40 : 19.7"
"41,41 : 0.0"
"41,42 : 22.0"
"41,43 : 39.45"
"41,44 : 52.8"
"41,45 : 42.94"
"41,46 : 32.57"
"41,47 : 44.94"
"41,48 : 40.22"
"41,49 : 65.3"
"42,0 : 41.23"
"42,1 : 83.57"
"42,2 : 61.55"
"42,3 : 53.34"
"42,4 : 42.05"
"42,5 : 61.4"
"42,6 : 60.22"
"42,7 : 55.03"
"42,8 : 42.76"
"42,9 : 40.61"
"42,10 : 77.18"
"42,11 : 35.06"
"42,12 : 35.13"
"42,13 : 73.25"
"42,14 : 52.77"
"42,15 : 37.85"
"42,16 : 19.42"
"42,17 : 46.1"
"42,18 : 54.71"
"42,19 : 14.87"
"42,20 : 39.12"
"42,21 : 16.16"
"42,22 : 85.0"
"42,23 : 80.21"
"42,24 : 83.26"
"42,25 : 42.8"
"42,26 : 39.05"
"42,27 : 41.87"
"42,28 : 51.55"
"42,29 : 31.78"
"42,30 : 51.87"
"42,31 : 35.34"
"42,32 : 66.37"
"42,33 : 19.65"
"42,34 : 45.61"
"42,35 : 36.12"
"42,36 : 46.04"
"42,37 : 85.09"
"42,38 : 60.75"
"42,39 : 38.9"
"42,40 : 40.79"
"42,41 : 22.0"
"42,42 : 0.0"
"42,43 : 54.04"
"42,44 : 68.41"
"42,45 : 25.61"
"42,46 : 33.24"
"42,47 : 42.43"
"42,48 : 59.62"
"42,49 : 50.48"
"43,0 : 32.56"
"43,1 : 84.38"
"43,2 : 8.54"
"43,3 : 40.71"
"43,4 : 60.13"
"43,5 : 21.95"
"43,6 : 78.45"
"43,7 : 52.95"
"43,8 : 26.0"
"43,9 : 13.45"
"43,10 : 32.06"
"43,11 : 36.67"
"43,12 : 83.01"
"43,13 : 53.08"
"43,14 : 26.93"
"43,15 : 34.13"
"43,16 : 70.18"
"43,17 : 53.15"
"43,18 : 19.1"
"43,19 : 60.61"
"43,20 : 45.28"
"43,21 : 38.9"
"43,22 : 43.42"
"43,23 : 26.42"
"43,24 : 42.76"
"43,25 : 76.42"
"43,26 : 43.19"
"43,27 : 12.21"
"43,28 : 59.91"
"43,29 : 55.23"
"43,30 : 29.15"
"43,31 : 76.4"
"43,32 : 58.52"
"43,33 : 39.92"
"43,34 : 46.04"
"43,35 : 18.03"
"43,36 : 16.49"
"43,37 : 40.0"
"43,38 : 57.01"
"43,39 : 30.15"
"43,40 : 42.05"
"43,41 : 39.45"
"43,42 : 54.04"
"43,43 : 0.0"
"43,44 : 14.42"
"43,45 : 79.25"
"43,46 : 30.15"
"43,47 : 36.88"
"43,48 : 17.03"
"43,49 : 70.46"
"44,0 : 44.05"
"44,1 : 91.39"
"44,2 : 9.0"
"44,3 : 49.24"
"44,4 : 72.11"
"44,5 : 25.5"
"44,6 : 89.27"
"44,7 : 60.03"
"44,8 : 36.06"
"44,9 : 27.8"
"44,10 : 27.78"
"44,11 : 47.93"
"44,12 : 97.17"
"44,13 : 57.14"
"44,14 : 33.06"
"44,15 : 46.27"
"44,16 : 84.17"
"44,17 : 64.07"
"44,18 : 26.48"
"44,19 : 74.41"
"44,20 : 57.08"
"44,21 : 53.08"
"44,22 : 39.36"
"44,23 : 12.08"
"44,24 : 39.45"
"44,25 : 89.44"
"44,26 : 53.45"
"44,27 : 26.63"
"44,28 : 70.35"
"44,29 : 68.25"
"44,30 : 37.66"
"44,31 : 90.14"
"44,32 : 65.55"
"44,33 : 54.13"
"44,34 : 54.92"
"44,35 : 32.45"
"44,36 : 28.28"
"44,37 : 34.18"
"44,38 : 63.07"
"44,39 : 42.3"
"44,40 : 51.92"
"44,41 : 52.8"
"44,42 : 68.41"
"44,43 : 14.42"
"44,44 : 0.0"
"44,45 : 93.51"
"44,46 : 43.42"
"44,47 : 48.0"
"44,48 : 19.03"
"44,49 : 82.0"
"45,0 : 65.39"
"45,1 : 98.99"
"45,2 : 86.98"
"45,3 : 76.24"
"45,4 : 58.03"
"45,5 : 86.82"
"45,6 : 71.57"
"45,7 : 68.03"
"45,8 : 64.4"
"45,9 : 65.8"
"45,10 : 102.63"
"45,11 : 54.08"
"45,12 : 29.83"
"45,13 : 95.57"
"45,14 : 73.93"
"45,15 : 61.85"
"45,16 : 12.04"
"45,17 : 65.28"
"45,18 : 80.16"
"45,19 : 21.84"
"45,20 : 60.42"
"45,21 : 40.46"
"45,22 : 110.06"
"45,23 : 105.12"
"45,24 : 108.24"
"45,25 : 49.4"
"45,26 : 55.11"
"45,27 : 67.18"
"45,28 : 69.0"
"45,29 : 49.09"
"45,30 : 76.49"
"45,31 : 38.48"
"45,32 : 86.47"
"45,33 : 44.29"
"45,34 : 60.53"
"45,35 : 61.52"
"45,36 : 71.61"
"45,37 : 110.45"
"45,38 : 73.01"
"45,39 : 63.51"
"45,40 : 57.27"
"45,41 : 42.94"
"45,42 : 25.61"
"45,43 : 79.25"
"45,44 : 93.51"
"45,45 : 0.0"
"45,46 : 58.18"
"45,47 : 65.79"
"45,48 : 83.01"
"45,49 : 63.15"
"46,0 : 9.22"
"46,1 : 63.03"
"46,2 : 34.79"
"46,3 : 22.8"
"46,4 : 30.81"
"46,5 : 29.07"
"46,6 : 50.33"
"46,7 : 63.25"
"46,8 : 37.8"
"46,9 : 20.88"
"46,10 : 44.82"
"46,11 : 40.22"
"46,12 : 54.71"
"46,13 : 42.43"
"46,14 : 45.65"
"46,15 : 7.21"
"46,16 : 52.5"
"46,17 : 26.08"
"46,18 : 22.63"
"46,19 : 45.54"
"46,20 : 17.0"
"46,21 : 25.18"
"46,22 : 51.88"
"46,23 : 55.36"
"46,24 : 50.09"
"46,25 : 46.27"
"46,26 : 47.71"
"46,27 : 20.4"
"46,28 : 33.29"
"46,29 : 25.08"
"46,30 : 18.68"
"46,31 : 46.82"
"46,32 : 39.82"
"46,33 : 13.89"
"46,34 : 53.6"
"46,35 : 16.55"
"46,36 : 15.65"
"46,37 : 52.43"
"46,38 : 68.77"
"46,39 : 6.0"
"46,40 : 48.01"
"46,41 : 32.57"
"46,42 : 33.24"
"46,43 : 30.15"
"46,44 : 43.42"
"46,45 : 58.18"
"46,46 : 0.0"
"46,47 : 12.53"
"46,48 : 43.74"
"46,49 : 41.48"
"47,0 : 4.47"
"47,1 : 50.91"
"47,2 : 39.0"
"47,3 : 11.0"
"47,4 : 24.33"
"47,5 : 27.31"
"47,6 : 41.59"
"47,7 : 75.6"
"47,8 : 49.52"
"47,9 : 31.06"
"47,10 : 41.62"
"47,11 : 52.7"
"47,12 : 56.59"
"47,13 : 31.0"
"47,14 : 56.61"
"47,15 : 5.39"
"47,16 : 61.81"
"47,17 : 16.28"
"47,18 : 22.56"
"47,19 : 56.01"
"47,20 : 9.49"
"47,21 : 37.11"
"47,22 : 46.1"
"47,23 : 59.21"
"47,24 : 44.05"
"47,25 : 43.08"
"47,26 : 60.21"
"47,27 : 30.02"
"47,28 : 23.09"
"47,29 : 23.02"
"47,30 : 13.04"
"47,31 : 46.62"
"47,32 : 27.29"
"47,33 : 23.02"
"47,34 : 66.03"
"47,35 : 27.66"
"47,36 : 20.4"
"47,37 : 48.17"
"47,38 : 81.06"
"47,39 : 7.81"
"47,40 : 60.46"
"47,41 : 44.94"
"47,42 : 42.43"
"47,43 : 36.88"
"47,44 : 48.0"
"47,45 : 65.79"
"47,46 : 12.53"
"47,47 : 0.0"
"47,48 : 52.55"
"47,49 : 34.0"
"48,0 : 48.1"
"48,1 : 101.24"
"48,2 : 21.47"
"48,3 : 57.45"
"48,4 : 74.53"
"48,5 : 38.42"
"48,6 : 93.68"
"48,7 : 41.11"
"48,8 : 19.85"
"48,9 : 23.09"
"48,10 : 45.54"
"48,11 : 32.02"
"48,12 : 92.2"
"48,13 : 70.01"
"48,14 : 14.32"
"48,15 : 49.04"
"48,16 : 72.42"
"48,17 : 68.62"
"48,18 : 36.12"
"48,19 : 62.2"
"48,20 : 60.17"
"48,21 : 43.46"
"48,22 : 57.25"
"48,23 : 26.0"
"48,24 : 57.01"
"48,25 : 89.05"
"48,26 : 36.24"
"48,27 : 23.35"
"48,28 : 75.61"
"48,29 : 68.26"
"48,30 : 46.04"
"48,31 : 87.37"
"48,32 : 75.45"
"48,33 : 50.16"
"48,34 : 36.69"
"48,35 : 28.02"
"48,36 : 32.65"
"48,37 : 52.63"
"48,38 : 44.05"
"48,39 : 45.22"
"48,40 : 34.44"
"48,41 : 40.22"
"48,42 : 59.62"
"48,43 : 17.03"
"48,44 : 19.03"
"48,45 : 83.01"
"48,46 : 43.74"
"48,47 : 52.55"
"48,48 : 0.0"
"48,49 : 85.15"
"49,0 : 38.05"
"49,1 : 36.06"
"49,2 : 73.0"
"49,3 : 35.74"
"49,4 : 10.77"
"49,5 : 60.02"
"49,6 : 9.9"
"49,7 : 100.0"
"49,8 : 77.82"
"49,9 : 62.36"
"49,10 : 72.11"
"49,11 : 76.84"
"49,12 : 39.62"
"49,13 : 46.01"
"49,14 : 86.54"
"49,15 : 36.35"
"49,16 : 65.55"
"49,17 : 18.25"
"49,18 : 56.22"
"49,19 : 65.0"
"49,20 : 25.18"
"49,21 : 56.08"
"49,22 : 72.95"
"49,23 : 93.13"
"49,24 : 70.71"
"49,25 : 17.09"
"49,26 : 83.41"
"49,27 : 61.85"
"49,28 : 13.89"
"49,29 : 19.85"
"49,30 : 45.54"
"49,31 : 27.29"
"49,32 : 31.89"
"49,33 : 40.22"
"49,34 : 90.0"
"49,35 : 57.87"
"49,36 : 54.15"
"49,37 : 76.97"
"49,38 : 105.8"
"49,39 : 40.31"
"49,40 : 84.4"
"49,41 : 65.3"
"49,42 : 50.48"
"49,43 : 70.46"
"49,44 : 82.0"
"49,45 : 63.15"
"49,46 : 41.48"
"49,47 : 34.0"
"49,48 : 85.15"
"49,49 : 0.0"
