x,y
70,35
2,100
5,42
2,33
29,1
44,45
25,15
92,35
30,77
91,66
60,35
74,79
25,17
68,32
56,43
6,0
30,65
16,27
89,94
71,67
10,93
51,10
1,23
27,87
8,20
78,21
24,30
56,54
10,12
66,7
3,9
77,71
16,7
84,78
84,100
79,25
87,85
96,14
70,72
88,11
23,87
45,57
61,89
48,44
21,72
37,75
23,86
94,40
85,41
56,5

Distanze
"0,0 : 0.0"
"0,1 : 26.4"
"0,2 : 23.35"
"0,3 : 60.14"
"0,4 : 69.87"
"0,5 : 80.92"
"0,6 : 8.94"
"0,7 : 71.59"
"0,8 : 86.88"
"0,9 : 27.07"
"0,10 : 19.42"
"0,11 : 38.64"
"0,12 : 44.29"
"0,13 : 51.24"
"0,14 : 18.68"
"0,15 : 87.32"
"0,16 : 37.36"
"0,17 : 30.48"
"0,18 : 70.46"
"0,19 : 8.49"
"0,20 : 89.81"
"0,21 : 45.54"
"0,22 : 57.2"
"0,23 : 94.51"
"0,24 : 64.2"
"0,25 : 82.97"
"0,26 : 50.22"
"0,27 : 7.07"
"0,28 : 44.05"
"0,29 : 78.55"
"0,30 : 79.01"
"0,31 : 80.95"
"0,32 : 10.2"
"0,33 : 9.06"
"0,34 : 16.64"
"0,35 : 13.6"
"0,36 : 47.01"
"0,37 : 4.47"
"0,38 : 41.23"
"0,39 : 85.48"
"0,40 : 114.59"
"0,41 : 70.68"
"0,42 : 100.8"
"0,43 : 5.39"
"0,44 : 54.74"
"0,45 : 55.0"
"0,46 : 21.47"
"0,47 : 99.62"
"0,48 : 43.93"
"0,49 : 46.1"
"1,0 : 26.4"
"1,1 : 0.0"
"1,2 : 8.6"
"1,3 : 55.71"
"1,4 : 87.32"
"1,5 : 73.57"
"1,6 : 35.34"
"1,7 : 81.5"
"1,8 : 67.54"
"1,9 : 46.04"
"1,10 : 13.93"
"1,11 : 57.98"
"1,12 : 50.09"
"1,13 : 31.38"
"1,14 : 34.67"
"1,15 : 74.97"
"1,16 : 24.19"
"1,17 : 31.02"
"1,18 : 70.83"
"1,19 : 18.68"
"1,20 : 84.53"
"1,21 : 32.2"
"1,22 : 50.09"
"1,23 : 95.8"
"1,24 : 48.27"
"1,25 : 91.02"
"1,26 : 61.39"
"1,27 : 30.81"
"1,28 : 40.26"
"1,29 : 84.15"
"1,30 : 55.9"
"1,31 : 67.88"
"1,32 : 16.64"
"1,33 : 18.03"
"1,34 : 41.4"
"1,35 : 18.6"
"1,36 : 48.26"
"1,37 : 29.41"
"1,38 : 43.05"
"1,39 : 64.2"
"1,40 : 107.62"
"1,41 : 75.24"
"1,42 : 91.05"
"1,43 : 22.8"
"1,44 : 66.71"
"1,45 : 32.89"
"1,46 : 45.34"
"1,47 : 98.08"
"1,48 : 27.59"
"1,49 : 29.7"
"2,0 : 23.35"
"2,1 : 8.6"
"2,2 : 0.0"
"2,3 : 63.07"
"2,4 : 89.49"
"2,5 : 81.54"
"2,6 : 32.02"
"2,7 : 86.02"
"2,8 : 76.03"
"2,9 : 47.01"
"2,10 : 6.0"
"2,11 : 59.09"
"2,12 : 55.15"
"2,13 : 39.96"
"2,14 : 36.06"
"2,15 : 83.44"
"2,16 : 32.2"
"2,17 : 36.5"
"2,18 : 77.49"
"2,19 : 14.87"
"2,20 : 92.28"
"2,21 : 40.46"
"2,22 : 57.8"
"2,23 : 102.49"
"2,24 : 56.85"
"2,25 : 96.13"
"2,26 : 65.28"
"2,27 : 29.21"
"2,28 : 47.17"
"2,29 : 89.81"
"2,30 : 63.79"
"2,31 : 76.38"
"2,32 : 15.65"
"2,33 : 17.0"
"2,34 : 39.7"
"2,35 : 20.4"
"2,36 : 54.34"
"2,37 : 25.24"
"2,38 : 48.84"
"2,39 : 72.45"
"2,40 : 115.68"
"2,41 : 81.05"
"2,42 : 99.36"
"2,43 : 18.6"
"2,44 : 70.46"
"2,45 : 41.23"
"2,46 : 44.2"
"2,47 : 105.31"
"2,48 : 36.07"
"2,49 : 38.21"
"3,0 : 60.14"
"3,1 : 55.71"
"3,2 : 63.07"
"3,3 : 0.0"
"3,4 : 61.72"
"3,5 : 21.1"
"3,6 : 63.82"
"3,7 : 41.01"
"3,8 : 47.01"
"3,9 : 48.08"
"3,10 : 65.86"
"3,11 : 51.09"
"3,12 : 23.09"
"3,13 : 36.67"
"3,14 : 45.28"
"3,15 : 32.06"
"3,16 : 32.02"
"3,17 : 29.7"
"3,18 : 17.46"
"3,19 : 60.44"
"3,20 : 29.83"
"3,21 : 26.02"
"3,22 : 7.28"
"3,23 : 41.11"
"3,24 : 27.02"
"3,25 : 44.78"
"3,26 : 33.96"
"3,27 : 56.4"
"3,28 : 16.4"
"3,29 : 35.34"
"3,30 : 54.67"
"3,31 : 28.28"
"3,32 : 54.82"
"3,33 : 54.67"
"3,34 : 59.48"
"3,35 : 48.27"
"3,36 : 15.52"
"3,37 : 64.44"
"3,38 : 20.12"
"3,39 : 52.01"
"3,40 : 54.45"
"3,41 : 26.93"
"3,42 : 41.59"
"3,43 : 62.29"
"3,44 : 37.34"
"3,45 : 42.45"
"3,46 : 58.31"
"3,47 : 42.38"
"3,48 : 32.02"
"3,49 : 31.02"
"4,0 : 69.87"
"4,1 : 87.32"
"4,2 : 89.49"
"4,3 : 61.72"
"4,4 : 0.0"
"4,5 : 74.95"
"4,6 : 65.07"
"4,7 : 26.02"
"4,8 : 108.71"
"4,9 : 42.95"
"4,10 : 87.8"
"4,11 : 31.26"
"4,12 : 43.86"
"4,13 : 89.11"
"4,14 : 53.45"
"4,15 : 90.8"
"4,16 : 75.43"
"4,17 : 59.64"
"4,18 : 52.17"
"4,19 : 76.9"
"4,20 : 74.17"
"4,21 : 76.37"
"4,22 : 66.89"
"4,23 : 59.44"
"4,24 : 87.09"
"4,25 : 34.79"
"4,26 : 29.73"
"4,27 : 62.8"
"4,28 : 60.88"
"4,29 : 40.2"
"4,30 : 114.02"
"4,31 : 88.96"
"4,32 : 74.04"
"4,33 : 72.8"
"4,34 : 55.04"
"4,35 : 69.29"
"4,36 : 51.22"
"4,37 : 71.34"
"4,38 : 52.33"
"4,39 : 113.21"
"4,40 : 94.53"
"4,41 : 41.3"
"4,42 : 92.44"
"4,43 : 75.13"
"4,44 : 25.0"
"4,45 : 95.48"
"4,46 : 50.01"
"4,47 : 70.04"
"4,48 : 80.72"
"4,49 : 81.34"
"5,0 : 80.92"
"5,1 : 73.57"
"5,2 : 81.54"
"5,3 : 21.1"
"5,4 : 74.95"
"5,5 : 0.0"
"5,6 : 84.88"
"5,7 : 50.33"
"5,8 : 41.05"
"5,9 : 68.71"
"5,10 : 85.0"
"5,11 : 70.41"
"5,12 : 43.01"
"5,13 : 48.27"
"5,14 : 66.37"
"5,15 : 16.64"
"5,16 : 49.4"
"5,17 : 50.45"
"5,18 : 22.8"
"5,19 : 80.62"
"5,20 : 12.04"
"5,21 : 41.59"
"5,22 : 24.08"
"5,23 : 33.54"
"5,24 : 32.02"
"5,25 : 48.83"
"5,26 : 51.09"
"5,27 : 77.42"
"5,28 : 36.88"
"5,29 : 39.12"
"5,30 : 55.66"
"5,31 : 18.03"
"5,32 : 74.97"
"5,33 : 74.95"
"5,34 : 80.53"
"5,35 : 68.59"
"5,36 : 36.25"
"5,37 : 85.28"
"5,38 : 41.18"
"5,39 : 48.76"
"5,40 : 34.21"
"5,41 : 34.18"
"5,42 : 20.62"
"5,43 : 82.76"
"5,44 : 53.04"
"5,45 : 52.47"
"5,46 : 79.2"
"5,47 : 29.27"
"5,48 : 47.01"
"5,49 : 45.31"
"6,0 : 8.94"
"6,1 : 35.34"
"6,2 : 32.02"
"6,3 : 63.82"
"6,4 : 65.07"
"6,5 : 84.88"
"6,6 : 0.0"
"6,7 : 69.89"
"6,8 : 94.05"
"6,9 : 23.77"
"6,10 : 27.59"
"6,11 : 34.01"
"6,12 : 45.45"
"6,13 : 59.01"
"6,14 : 19.1"
"6,15 : 92.61"
"6,16 : 44.41"
"6,17 : 34.89"
"6,18 : 72.25"
"6,19 : 17.2"
"6,20 : 92.96"
"6,21 : 52.17"
"6,22 : 61.77"
"6,23 : 95.44"
"6,24 : 70.83"
"6,25 : 81.71"
"6,26 : 48.85"
"6,27 : 7.62"
"6,28 : 48.37"
"6,29 : 78.29"
"6,30 : 87.14"
"6,31 : 86.54"
"6,32 : 18.97"
"6,33 : 17.72"
"6,34 : 10.05"
"6,35 : 21.0"
"6,36 : 49.58"
"6,37 : 7.21"
"6,38 : 44.05"
"6,39 : 93.13"
"6,40 : 117.92"
"6,41 : 71.02"
"6,42 : 105.15"
"6,43 : 13.45"
"6,44 : 52.81"
"6,45 : 63.13"
"6,46 : 15.13"
"6,47 : 101.41"
"6,48 : 51.24"
"6,49 : 53.34"
"7,0 : 71.59"
"7,1 : 81.5"
"7,2 : 86.02"
"7,3 : 41.01"
"7,4 : 26.02"
"7,5 : 50.33"
"7,6 : 69.89"
"7,7 : 0.0"
"7,8 : 87.2"
"7,9 : 46.24"
"7,10 : 86.09"
"7,11 : 38.83"
"7,12 : 31.58"
"7,13 : 74.3"
"7,14 : 52.95"
"7,15 : 66.71"
"7,16 : 63.57"
"7,17 : 50.64"
"7,18 : 27.73"
"7,19 : 76.53"
"7,20 : 48.37"
"7,21 : 61.72"
"7,22 : 47.51"
"7,23 : 34.18"
"7,24 : 67.94"
"7,25 : 12.21"
"7,26 : 21.38"
"7,27 : 65.0"
"7,28 : 46.1"
"7,29 : 14.32"
"7,30 : 95.59"
"7,31 : 65.86"
"7,32 : 72.17"
"7,33 : 71.25"
"7,34 : 60.93"
"7,35 : 66.03"
"7,36 : 35.85"
"7,37 : 74.46"
"7,38 : 39.56"
"7,39 : 92.85"
"7,40 : 68.59"
"7,41 : 16.16"
"7,42 : 66.75"
"7,43 : 76.12"
"7,44 : 17.09"
"7,45 : 80.62"
"7,46 : 56.8"
"7,47 : 44.38"
"7,48 : 67.12"
"7,49 : 67.08"
"8,0 : 86.88"
"8,1 : 67.54"
"8,2 : 76.03"
"8,3 : 47.01"
"8,4 : 108.71"
"8,5 : 41.05"
"8,6 : 94.05"
"8,7 : 87.2"
"8,8 : 0.0"
"8,9 : 87.46"
"8,10 : 81.44"
"8,11 : 94.15"
"8,12 : 67.36"
"8,13 : 36.4"
"8,14 : 80.0"
"8,15 : 26.57"
"8,16 : 49.65"
"8,17 : 62.03"
"8,18 : 60.21"
"8,19 : 82.57"
"8,20 : 50.99"
"8,21 : 42.11"
"8,22 : 42.15"
"8,23 : 74.43"
"8,24 : 24.08"
"8,25 : 88.39"
"8,26 : 80.23"
"8,27 : 86.7"
"8,28 : 51.97"
"8,29 : 78.49"
"8,30 : 19.92"
"8,31 : 23.02"
"8,32 : 77.62"
"8,33 : 78.34"
"8,34 : 94.09"
"8,35 : 73.35"
"8,36 : 59.14"
"8,37 : 91.22"
"8,38 : 60.64"
"8,39 : 9.0"
"8,40 : 61.03"
"8,41 : 71.7"
"8,42 : 42.19"
"8,43 : 86.13"
"8,44 : 84.1"
"8,45 : 34.99"
"8,46 : 95.01"
"8,47 : 68.54"
"8,48 : 42.95"
"8,49 : 40.79"
"9,0 : 27.07"
"9,1 : 46.04"
"9,2 : 47.01"
"9,3 : 48.08"
"9,4 : 42.95"
"9,5 : 68.71"
"9,6 : 23.77"
"9,7 : 46.24"
"9,8 : 87.46"
"9,9 : 0.0"
"9,10 : 44.92"
"9,11 : 12.08"
"9,12 : 25.94"
"9,13 : 57.38"
"9,14 : 11.4"
"9,15 : 79.62"
"9,16 : 41.63"
"9,17 : 25.96"
"9,18 : 52.2"
"9,19 : 33.96"
"9,20 : 74.79"
"9,21 : 46.57"
"9,22 : 48.51"
"9,23 : 73.66"
"9,24 : 63.39"
"9,25 : 58.18"
"9,26 : 25.55"
"9,27 : 20.02"
"9,28 : 36.01"
"9,29 : 55.47"
"9,30 : 85.7"
"9,31 : 74.67"
"9,32 : 31.38"
"9,33 : 30.08"
"9,34 : 14.76"
"9,35 : 27.46"
"9,36 : 32.57"
"9,37 : 29.07"
"9,38 : 28.44"
"9,39 : 88.84"
"9,40 : 99.64"
"9,41 : 48.92"
"9,42 : 89.32"
"9,43 : 32.25"
"9,44 : 29.15"
"9,45 : 63.07"
"9,46 : 11.31"
"9,47 : 80.72"
"9,48 : 48.47"
"9,49 : 49.98"
"10,0 : 19.42"
"10,1 : 13.93"
"10,2 : 6.0"
"10,3 : 65.86"
"10,4 : 87.8"
"10,5 : 85.0"
"10,6 : 27.59"
"10,7 : 86.09"
"10,8 : 81.44"
"10,9 : 44.92"
"10,10 : 0.0"
"10,11 : 56.92"
"10,12 : 55.9"
"10,13 : 45.18"
"10,14 : 34.53"
"10,15 : 87.78"
"10,16 : 36.07"
"10,17 : 37.95"
"10,18 : 79.48"
"10,19 : 11.18"
"10,20 : 95.41"
"10,21 : 44.55"
"10,22 : 61.03"
"10,23 : 104.4"
"10,24 : 61.61"
"10,25 : 96.63"
"10,26 : 65.0"
"10,27 : 25.94"
"10,28 : 49.65"
"10,29 : 90.8"
"10,30 : 69.63"
"10,31 : 80.81"
"10,32 : 14.04"
"10,33 : 15.13"
"10,34 : 36.06"
"10,35 : 20.1"
"10,36 : 55.97"
"10,37 : 20.52"
"10,38 : 50.29"
"10,39 : 78.11"
"10,40 : 119.2"
"10,41 : 82.23"
"10,42 : 103.32"
"10,43 : 14.21"
"10,44 : 70.03"
"10,45 : 46.82"
"10,46 : 40.82"
"10,47 : 107.79"
"10,48 : 40.61"
"10,49 : 42.8"
"11,0 : 38.64"
"11,1 : 57.98"
"11,2 : 59.09"
"11,3 : 51.09"
"11,4 : 31.26"
"11,5 : 70.41"
"11,6 : 34.01"
"11,7 : 38.83"
"11,8 : 94.15"
"11,9 : 12.08"
"11,10 : 56.92"
"11,11 : 0.0"
"11,12 : 28.02"
"11,13 : 66.73"
"11,14 : 23.32"
"11,15 : 83.15"
"11,16 : 51.31"
"11,17 : 34.99"
"11,18 : 51.08"
"11,19 : 45.88"
"11,20 : 74.67"
"11,21 : 55.04"
"11,22 : 53.15"
"11,23 : 69.66"
"11,24 : 70.34"
"11,25 : 51.04"
"11,26 : 21.1"
"11,27 : 31.58"
"11,28 : 42.2"
"11,29 : 50.21"
"11,30 : 94.43"
"11,31 : 79.01"
"11,32 : 43.46"
"11,33 : 42.15"
"11,34 : 24.08"
"11,35 : 39.45"
"11,36 : 36.01"
"11,37 : 40.11"
"11,38 : 33.54"
"11,39 : 96.46"
"11,40 : 98.9"
"11,41 : 45.22"
"11,42 : 90.71"
"11,43 : 43.93"
"11,44 : 22.63"
"11,45 : 72.72"
"11,46 : 19.24"
"11,47 : 77.94"
"11,48 : 57.8"
"11,49 : 59.06"
"12,0 : 44.29"
"12,1 : 50.09"
"12,2 : 55.15"
"12,3 : 23.09"
"12,4 : 43.86"
"12,5 : 43.01"
"12,6 : 45.45"
"12,7 : 31.58"
"12,8 : 67.36"
"12,9 : 25.94"
"12,10 : 55.9"
"12,11 : 28.02"
"12,12 : 0.0"
"12,13 : 45.34"
"12,14 : 26.4"
"12,15 : 55.15"
"12,16 : 32.65"
"12,17 : 19.1"
"12,18 : 26.87"
"12,19 : 47.43"
"12,20 : 48.88"
"12,21 : 32.56"
"12,22 : 25.5"
"12,23 : 50.25"
"12,24 : 44.28"
"12,25 : 41.01"
"12,26 : 14.14"
"12,27 : 38.83"
"12,28 : 17.03"
"12,29 : 34.93"
"12,30 : 70.46"
"12,31 : 51.04"
"12,32 : 42.45"
"12,33 : 41.76"
"12,34 : 39.05"
"12,35 : 35.9"
"12,36 : 8.25"
"12,37 : 48.02"
"12,38 : 8.6"
"12,39 : 70.68"
"12,40 : 73.78"
"12,41 : 26.57"
"12,42 : 63.57"
"12,43 : 47.93"
"12,44 : 19.21"
"12,45 : 51.74"
"12,46 : 36.89"
"12,47 : 55.97"
"12,48 : 37.2"
"12,49 : 37.64"
"13,0 : 51.24"
"13,1 : 31.38"
"13,2 : 39.96"
"13,3 : 36.67"
"13,4 : 89.11"
"13,5 : 48.27"
"13,6 : 59.01"
"13,7 : 74.3"
"13,8 : 36.4"
"13,9 : 57.38"
"13,10 : 45.18"
"13,11 : 66.73"
"13,12 : 45.34"
"13,13 : 0.0"
"13,14 : 47.8"
"13,15 : 45.49"
"13,16 : 15.81"
"13,17 : 31.76"
"13,18 : 54.13"
"13,19 : 46.32"
"13,20 : 60.21"
"13,21 : 12.81"
"13,22 : 29.43"
"13,23 : 77.1"
"13,24 : 18.03"
"13,25 : 80.41"
"13,26 : 59.46"
"13,27 : 52.04"
"13,28 : 28.6"
"13,29 : 71.47"
"13,30 : 28.64"
"13,31 : 38.28"
"13,32 : 41.59"
"13,33 : 42.43"
"13,34 : 60.67"
"13,35 : 38.01"
"13,36 : 38.83"
"13,37 : 55.44"
"13,38 : 36.8"
"13,39 : 34.23"
"13,40 : 80.62"
"13,41 : 62.63"
"13,42 : 62.65"
"13,43 : 50.01"
"13,44 : 64.54"
"13,45 : 6.4"
"13,46 : 62.59"
"13,47 : 76.32"
"13,48 : 8.94"
"13,49 : 7.81"
"14,0 : 18.68"
"14,1 : 34.67"
"14,2 : 36.06"
"14,3 : 45.28"
"14,4 : 53.45"
"14,5 : 66.37"
"14,6 : 19.1"
"14,7 : 52.95"
"14,8 : 80.0"
"14,9 : 11.4"
"14,10 : 34.53"
"14,11 : 23.32"
"14,12 : 26.4"
"14,13 : 47.8"
"14,14 : 0.0"
"14,15 : 75.27"
"14,16 : 32.02"
"14,17 : 18.11"
"14,18 : 53.15"
"14,19 : 24.02"
"14,20 : 74.03"
"14,21 : 38.12"
"14,22 : 44.01"
"14,23 : 76.55"
"14,24 : 56.04"
"14,25 : 64.29"
"14,26 : 31.58"
"14,27 : 12.53"
"14,28 : 30.68"
"14,29 : 60.01"
"14,30 : 76.4"
"14,31 : 69.64"
"14,32 : 20.62"
"14,33 : 19.42"
"14,34 : 14.56"
"14,35 : 16.12"
"14,36 : 30.61"
"14,37 : 21.93"
"14,38 : 25.24"
"14,39 : 80.5"
"14,40 : 99.02"
"14,41 : 52.35"
"14,42 : 86.83"
"14,43 : 23.19"
"14,44 : 36.22"
"14,45 : 53.14"
"14,46 : 15.03"
"14,47 : 82.33"
"14,48 : 39.05"
"14,49 : 40.79"
"15,0 : 87.32"
"15,1 : 74.97"
"15,2 : 83.44"
"15,3 : 32.06"
"15,4 : 90.8"
"15,5 : 16.64"
"15,6 : 92.61"
"15,7 : 66.71"
"15,8 : 26.57"
"15,9 : 79.62"
"15,10 : 87.78"
"15,11 : 83.15"
"15,12 : 55.15"
"15,13 : 45.49"
"15,14 : 75.27"
"15,15 : 0.0"
"15,16 : 51.86"
"15,17 : 57.78"
"15,18 : 39.0"
"15,19 : 85.45"
"15,20 : 24.7"
"15,21 : 43.28"
"15,22 : 31.32"
"15,23 : 48.6"
"15,24 : 27.46"
"15,25 : 65.46"
"15,26 : 65.28"
"15,27 : 85.0"
"15,28 : 44.6"
"15,29 : 55.76"
"15,30 : 44.1"
"15,31 : 7.21"
"15,32 : 79.88"
"15,33 : 80.16"
"15,34 : 89.81"
"15,35 : 74.09"
"15,36 : 47.38"
"15,37 : 91.79"
"15,38 : 51.2"
"15,39 : 35.17"
"15,40 : 36.67"
"15,41 : 50.57"
"15,42 : 17.72"
"15,43 : 88.2"
"15,44 : 67.9"
"15,45 : 47.85"
"15,46 : 89.29"
"15,47 : 42.05"
"15,48 : 47.38"
"15,49 : 45.28"
"16,0 : 37.36"
"16,1 : 24.19"
"16,2 : 32.2"
"16,3 : 32.02"
"16,4 : 75.43"
"16,5 : 49.4"
"16,6 : 44.41"
"16,7 : 63.57"
"16,8 : 49.65"
"16,9 : 41.63"
"16,10 : 36.07"
"16,11 : 51.31"
"16,12 : 32.65"
"16,13 : 15.81"
"16,14 : 32.02"
"16,15 : 51.86"
"16,16 : 0.0"
"16,17 : 16.4"
"16,18 : 48.17"
"16,19 : 34.0"
"16,20 : 60.37"
"16,21 : 8.6"
"16,22 : 26.0"
"16,23 : 72.84"
"16,24 : 26.93"
"16,25 : 71.39"
"16,26 : 46.32"
"16,27 : 37.12"
"16,28 : 18.11"
"16,29 : 63.39"
"16,30 : 44.38"
"16,31 : 45.0"
"16,32 : 28.64"
"16,33 : 29.15"
"16,34 : 45.18"
"16,35 : 23.77"
"16,36 : 27.89"
"16,37 : 41.76"
"16,38 : 24.17"
"16,39 : 49.01"
"16,40 : 83.49"
"16,41 : 54.33"
"16,42 : 67.27"
"16,43 : 37.16"
"16,44 : 51.62"
"16,45 : 21.47"
"16,46 : 46.87"
"16,47 : 74.33"
"16,48 : 7.07"
"16,49 : 9.0"
"17,0 : 30.48"
"17,1 : 31.02"
"17,2 : 36.5"
"17,3 : 29.7"
"17,4 : 59.64"
"17,5 : 50.45"
"17,6 : 34.89"
"17,7 : 50.64"
"17,8 : 62.03"
"17,9 : 25.96"
"17,10 : 37.95"
"17,11 : 34.99"
"17,12 : 19.1"
"17,13 : 31.76"
"17,14 : 18.11"
"17,15 : 57.78"
"17,16 : 16.4"
"17,17 : 0.0"
"17,18 : 41.63"
"17,19 : 31.06"
"17,20 : 59.46"
"17,21 : 20.62"
"17,22 : 26.93"
"17,23 : 66.48"
"17,24 : 38.0"
"17,25 : 60.01"
"17,26 : 31.38"
"17,27 : 27.29"
"17,28 : 13.6"
"17,29 : 53.34"
"17,30 : 59.81"
"17,31 : 51.87"
"17,32 : 25.55"
"17,33 : 25.24"
"17,34 : 32.56"
"17,35 : 18.87"
"17,36 : 18.03"
"17,37 : 34.83"
"17,38 : 12.37"
"17,39 : 62.97"
"17,40 : 84.15"
"17,41 : 44.55"
"17,42 : 70.46"
"17,43 : 32.65"
"17,44 : 36.77"
"17,45 : 37.74"
"17,46 : 33.02"
"17,47 : 70.33"
"17,48 : 22.83"
"17,49 : 24.17"
"18,0 : 70.46"
"18,1 : 70.83"
"18,2 : 77.49"
"18,3 : 17.46"
"18,4 : 52.17"
"18,5 : 22.8"
"18,6 : 72.25"
"18,7 : 27.73"
"18,8 : 60.21"
"18,9 : 52.2"
"18,10 : 79.48"
"18,11 : 51.08"
"18,12 : 26.87"
"18,13 : 54.13"
"18,14 : 53.15"
"18,15 : 39.0"
"18,16 : 48.17"
"18,17 : 41.63"
"18,18 : 0.0"
"18,19 : 72.47"
"18,20 : 23.77"
"18,21 : 43.1"
"18,22 : 24.74"
"18,23 : 25.0"
"18,24 : 43.42"
"18,25 : 28.43"
"18,26 : 30.36"
"18,27 : 65.44"
"18,28 : 30.59"
"18,29 : 18.6"
"18,30 : 70.72"
"18,31 : 38.28"
"18,32 : 67.08"
"18,33 : 66.65"
"18,34 : 65.86"
"18,35 : 60.37"
"18,36 : 23.71"
"18,37 : 74.4"
"18,38 : 29.53"
"18,39 : 66.53"
"18,40 : 47.85"
"18,41 : 11.66"
"18,42 : 41.05"
"18,43 : 73.57"
"18,44 : 31.26"
"18,45 : 59.91"
"18,46 : 63.41"
"18,47 : 29.21"
"18,48 : 49.09"
"18,49 : 48.26"
"19,0 : 8.49"
"19,1 : 18.68"
"19,2 : 14.87"
"19,3 : 60.44"
"19,4 : 76.9"
"19,5 : 80.62"
"19,6 : 17.2"
"19,7 : 76.53"
"19,8 : 82.57"
"19,9 : 33.96"
"19,10 : 11.18"
"19,11 : 45.88"
"19,12 : 47.43"
"19,13 : 46.32"
"19,14 : 24.02"
"19,15 : 85.45"
"19,16 : 34.0"
"19,17 : 31.06"
"19,18 : 72.47"
"19,19 : 0.0"
"19,20 : 90.27"
"19,21 : 42.54"
"19,22 : 56.57"
"19,23 : 97.08"
"19,24 : 60.84"
"19,25 : 87.48"
"19,26 : 55.23"
"19,27 : 14.76"
"19,28 : 44.05"
"19,29 : 82.28"
"19,30 : 73.17"
"19,31 : 78.77"
"19,32 : 5.66"
"19,33 : 5.83"
"19,34 : 25.0"
"19,35 : 12.21"
"19,36 : 48.76"
"19,37 : 10.77"
"19,38 : 42.94"
"19,39 : 80.41"
"19,40 : 114.69"
"19,41 : 74.0"
"19,42 : 99.9"
"19,43 : 4.12"
"19,44 : 60.07"
"19,45 : 49.37"
"19,46 : 29.68"
"19,47 : 101.36"
"19,48 : 39.92"
"19,49 : 42.15"
"20,0 : 89.81"
"20,1 : 84.53"
"20,2 : 92.28"
"20,3 : 29.83"
"20,4 : 74.17"
"20,5 : 12.04"
"20,6 : 92.96"
"20,7 : 48.37"
"20,8 : 50.99"
"20,9 : 74.79"
"20,10 : 95.41"
"20,11 : 74.67"
"20,12 : 48.88"
"20,13 : 60.21"
"20,14 : 74.03"
"20,15 : 24.7"
"20,16 : 60.37"
"20,17 : 59.46"
"20,18 : 23.77"
"20,19 : 90.27"
"20,20 : 0.0"
"20,21 : 52.92"
"20,22 : 34.48"
"20,23 : 24.08"
"20,24 : 44.05"
"20,25 : 44.01"
"20,26 : 54.12"
"20,27 : 85.7"
"20,28 : 46.23"
"20,29 : 35.17"
"20,30 : 66.94"
"20,31 : 28.46"
"20,32 : 84.65"
"20,33 : 84.5"
"20,34 : 87.66"
"20,35 : 78.1"
"20,36 : 43.42"
"20,37 : 94.05"
"20,38 : 48.92"
"20,39 : 59.24"
"20,40 : 25.0"
"20,41 : 33.0"
"20,42 : 18.44"
"20,43 : 92.1"
"20,44 : 54.92"
"20,45 : 64.5"
"20,46 : 85.76"
"20,47 : 17.72"
"20,48 : 58.52"
"20,49 : 56.92"
"21,0 : 45.54"
"21,1 : 32.2"
"21,2 : 40.46"
"21,3 : 26.02"
"21,4 : 76.37"
"21,5 : 41.59"
"21,6 : 52.17"
"21,7 : 61.72"
"21,8 : 42.11"
"21,9 : 46.57"
"21,10 : 44.55"
"21,11 : 55.04"
"21,12 : 32.56"
"21,13 : 12.81"
"21,14 : 38.12"
"21,15 : 43.28"
"21,16 : 8.6"
"21,17 : 20.62"
"21,18 : 43.1"
"21,19 : 42.54"
"21,20 : 52.92"
"21,21 : 0.0"
"21,22 : 19.24"
"21,23 : 67.12"
"21,24 : 18.68"
"21,25 : 68.31"
"21,26 : 46.69"
"21,27 : 44.72"
"21,28 : 15.81"
"21,29 : 59.67"
"21,30 : 39.4"
"21,31 : 36.4"
"21,32 : 37.12"
"21,33 : 37.58"
"21,34 : 52.01"
"21,35 : 31.95"
"21,36 : 26.08"
"21,37 : 49.98"
"21,38 : 24.04"
"21,39 : 42.43"
"21,40 : 75.47"
"21,41 : 50.7"
"21,42 : 58.9"
"21,43 : 45.62"
"21,44 : 51.74"
"21,45 : 19.21"
"21,46 : 53.15"
"21,47 : 67.68"
"21,48 : 6.0"
"21,49 : 5.39"
"22,0 : 57.2"
"22,1 : 50.09"
"22,2 : 57.8"
"22,3 : 7.28"
"22,4 : 66.89"
"22,5 : 24.08"
"22,6 : 61.77"
"22,7 : 47.51"
"22,8 : 42.15"
"22,9 : 48.51"
"22,10 : 61.03"
"22,11 : 53.15"
"22,12 : 25.5"
"22,13 : 29.43"
"22,14 : 44.01"
"22,15 : 31.32"
"22,16 : 26.0"
"22,17 : 26.93"
"22,18 : 24.74"
"22,19 : 56.57"
"22,20 : 34.48"
"22,21 : 19.24"
"22,22 : 0.0"
"22,23 : 48.01"
"22,24 : 20.52"
"22,25 : 51.88"
"22,26 : 38.08"
"22,27 : 54.2"
"22,28 : 13.42"
"22,29 : 42.54"
"22,30 : 48.1"
"22,31 : 26.17"
"22,32 : 50.91"
"22,33 : 50.93"
"22,34 : 58.52"
"22,35 : 44.6"
"22,36 : 17.26"
"22,37 : 61.61"
"22,38 : 20.1"
"22,39 : 46.32"
"22,40 : 58.26"
"22,41 : 34.0"
"22,42 : 43.6"
"22,43 : 58.8"
"22,44 : 42.06"
"22,45 : 35.17"
"22,46 : 57.97"
"22,47 : 48.51"
"22,48 : 25.18"
"22,49 : 24.02"
"23,0 : 94.51"
"23,1 : 95.8"
"23,2 : 102.49"
"23,3 : 41.11"
"23,4 : 59.44"
"23,5 : 33.54"
"23,6 : 95.44"
"23,7 : 34.18"
"23,8 : 74.43"
"23,9 : 73.66"
"23,10 : 104.4"
"23,11 : 69.66"
"23,12 : 50.25"
"23,13 : 77.1"
"23,14 : 76.55"
"23,15 : 48.6"
"23,16 : 72.84"
"23,17 : 66.48"
"23,18 : 25.0"
"23,19 : 97.08"
"23,20 : 24.08"
"23,21 : 67.12"
"23,22 : 48.01"
"23,23 : 0.0"
"23,24 : 63.56"
"23,25 : 25.08"
"23,26 : 48.84"
"23,27 : 89.04"
"23,28 : 55.54"
"23,29 : 20.12"
"23,30 : 88.96"
"23,31 : 51.48"
"23,32 : 91.79"
"23,33 : 91.29"
"23,34 : 88.09"
"23,35 : 85.09"
"23,36 : 48.47"
"23,37 : 98.27"
"23,38 : 54.23"
"23,39 : 82.3"
"23,40 : 36.12"
"23,41 : 24.76"
"23,42 : 40.5"
"23,43 : 97.95"
"23,44 : 47.2"
"23,45 : 82.39"
"23,46 : 84.96"
"23,47 : 11.05"
"23,48 : 73.11"
"23,49 : 72.03"
"24,0 : 64.2"
"24,1 : 48.27"
"24,2 : 56.85"
"24,3 : 27.02"
"24,4 : 87.09"
"24,5 : 32.02"
"24,6 : 70.83"
"24,7 : 67.94"
"24,8 : 24.08"
"24,9 : 63.39"
"24,10 : 61.61"
"24,11 : 70.34"
"24,12 : 44.28"
"24,13 : 18.03"
"24,14 : 56.04"
"24,15 : 27.46"
"24,16 : 26.93"
"24,17 : 38.0"
"24,18 : 43.42"
"24,19 : 60.84"
"24,20 : 44.05"
"24,21 : 18.68"
"24,22 : 20.52"
"24,23 : 63.56"
"24,24 : 0.0"
"24,25 : 71.56"
"24,26 : 57.8"
"24,27 : 63.35"
"24,28 : 28.16"
"24,29 : 61.91"
"24,30 : 27.66"
"24,31 : 20.25"
"24,32 : 55.54"
"24,33 : 56.08"
"24,34 : 70.26"
"24,35 : 50.6"
"24,36 : 36.24"
"24,37 : 68.62"
"24,38 : 37.0"
"24,39 : 26.4"
"24,40 : 62.97"
"24,41 : 53.82"
"24,42 : 44.72"
"24,43 : 64.08"
"24,44 : 62.13"
"24,45 : 20.88"
"24,46 : 71.01"
"24,47 : 61.07"
"24,48 : 21.1"
"24,49 : 18.87"
"25,0 : 82.97"
"25,1 : 91.02"
"25,2 : 96.13"
"25,3 : 44.78"
"25,4 : 34.79"
"25,5 : 48.83"
"25,6 : 81.71"
"25,7 : 12.21"
"25,8 : 88.39"
"25,9 : 58.18"
"25,10 : 96.63"
"25,11 : 51.04"
"25,12 : 41.01"
"25,13 : 80.41"
"25,14 : 64.29"
"25,15 : 65.46"
"25,16 : 71.39"
"25,17 : 60.01"
"25,18 : 28.43"
"25,19 : 87.48"
"25,20 : 44.01"
"25,21 : 68.31"
"25,22 : 51.88"
"25,23 : 25.08"
"25,24 : 71.56"
"25,25 : 0.0"
"25,26 : 32.89"
"25,27 : 76.54"
"25,28 : 53.37"
"25,29 : 9.9"
"25,30 : 99.05"
"25,31 : 65.95"
"25,32 : 82.87"
"25,33 : 82.04"
"25,34 : 72.92"
"25,35 : 76.53"
"25,36 : 43.57"
"25,37 : 86.02"
"25,38 : 48.17"
"25,39 : 94.92"
"25,40 : 61.01"
"25,41 : 17.89"
"25,42 : 62.3"
"25,43 : 87.32"
"25,44 : 29.07"
"25,45 : 86.54"
"25,46 : 68.88"
"25,47 : 36.01"
"25,48 : 74.04"
"25,49 : 73.68"
"26,0 : 50.22"
"26,1 : 61.39"
"26,2 : 65.28"
"26,3 : 33.96"
"26,4 : 29.73"
"26,5 : 51.09"
"26,6 : 48.85"
"26,7 : 21.38"
"26,8 : 80.23"
"26,9 : 25.55"
"26,10 : 65.0"
"26,11 : 21.1"
"26,12 : 14.14"
"26,13 : 59.46"
"26,14 : 31.58"
"26,15 : 65.28"
"26,16 : 46.32"
"26,17 : 31.38"
"26,18 : 30.36"
"26,19 : 55.23"
"26,20 : 54.12"
"26,21 : 46.69"
"26,22 : 38.08"
"26,23 : 48.84"
"26,24 : 57.8"
"26,25 : 32.89"
"26,26 : 0.0"
"26,27 : 43.68"
"26,28 : 31.14"
"26,29 : 30.0"
"26,30 : 84.4"
"26,31 : 62.17"
"26,32 : 51.01"
"26,33 : 50.04"
"26,34 : 40.31"
"26,35 : 45.04"
"26,36 : 21.63"
"26,37 : 53.16"
"26,38 : 22.67"
"26,39 : 84.12"
"26,40 : 78.0"
"26,41 : 24.21"
"26,42 : 70.86"
"26,43 : 54.74"
"26,44 : 5.39"
"26,45 : 65.86"
"26,46 : 36.62"
"26,47 : 56.86"
"26,48 : 51.22"
"26,49 : 51.74"
"27,0 : 7.07"
"27,1 : 30.81"
"27,2 : 29.21"
"27,3 : 56.4"
"27,4 : 62.8"
"27,5 : 77.42"
"27,6 : 7.62"
"27,7 : 65.0"
"27,8 : 86.7"
"27,9 : 20.02"
"27,10 : 25.94"
"27,11 : 31.58"
"27,12 : 38.83"
"27,13 : 52.04"
"27,14 : 12.53"
"27,15 : 85.0"
"27,16 : 37.12"
"27,17 : 27.29"
"27,18 : 65.44"
"27,19 : 14.76"
"27,20 : 85.7"
"27,21 : 44.72"
"27,22 : 54.2"
"27,23 : 89.04"
"27,24 : 63.35"
"27,25 : 76.54"
"27,26 : 43.68"
"27,27 : 0.0"
"27,28 : 40.82"
"27,29 : 72.5"
"27,30 : 80.4"
"27,31 : 78.92"
"27,32 : 14.21"
"27,33 : 12.81"
"27,34 : 10.63"
"27,35 : 14.32"
"27,36 : 42.43"
"27,37 : 9.49"
"27,38 : 36.8"
"27,39 : 86.02"
"27,40 : 110.63"
"27,41 : 64.88"
"27,42 : 97.64"
"27,43 : 12.37"
"27,44 : 48.05"
"27,45 : 56.44"
"27,46 : 15.0"
"27,47 : 94.64"
"27,48 : 44.05"
"27,49 : 46.1"
"28,0 : 44.05"
"28,1 : 40.26"
"28,2 : 47.17"
"28,3 : 16.4"
"28,4 : 60.88"
"28,5 : 36.88"
"28,6 : 48.37"
"28,7 : 46.1"
"28,8 : 51.97"
"28,9 : 36.01"
"28,10 : 49.65"
"28,11 : 42.2"
"28,12 : 17.03"
"28,13 : 28.6"
"28,14 : 30.68"
"28,15 : 44.6"
"28,16 : 18.11"
"28,17 : 13.6"
"28,18 : 30.59"
"28,19 : 44.05"
"28,20 : 46.23"
"28,21 : 15.81"
"28,22 : 13.42"
"28,23 : 55.54"
"28,24 : 28.16"
"28,25 : 53.37"
"28,26 : 31.14"
"28,27 : 40.82"
"28,28 : 0.0"
"28,29 : 45.28"
"28,30 : 53.54"
"28,31 : 39.05"
"28,32 : 38.42"
"28,33 : 38.29"
"28,34 : 45.22"
"28,35 : 31.89"
"28,36 : 10.3"
"28,37 : 48.41"
"28,38 : 8.94"
"28,39 : 54.42"
"28,40 : 70.72"
"28,41 : 36.22"
"28,42 : 56.86"
"28,43 : 45.97"
"28,44 : 36.07"
"28,45 : 35.0"
"28,46 : 44.91"
"28,47 : 58.18"
"28,48 : 21.02"
"28,49 : 21.1"
"29,0 : 78.55"
"29,1 : 84.15"
"29,2 : 89.81"
"29,3 : 35.34"
"29,4 : 40.2"
"29,5 : 39.12"
"29,6 : 78.29"
"29,7 : 14.32"
"29,8 : 78.49"
"29,9 : 55.47"
"29,10 : 90.8"
"29,11 : 50.21"
"29,12 : 34.93"
"29,13 : 71.47"
"29,14 : 60.01"
"29,15 : 55.76"
"29,16 : 63.39"
"29,17 : 53.34"
"29,18 : 18.6"
"29,19 : 82.28"
"29,20 : 35.17"
"29,21 : 59.67"
"29,22 : 42.54"
"29,23 : 20.12"
"29,24 : 61.91"
"29,25 : 9.9"
"29,26 : 30.0"
"29,27 : 72.5"
"29,28 : 45.28"
"29,29 : 0.0"
"29,30 : 89.31"
"29,31 : 56.08"
"29,32 : 77.37"
"29,33 : 76.66"
"29,34 : 70.18"
"29,35 : 70.83"
"29,36 : 36.0"
"29,37 : 81.94"
"29,38 : 41.11"
"29,39 : 85.04"
"29,40 : 54.33"
"29,41 : 9.06"
"29,42 : 53.6"
"29,43 : 82.54"
"29,44 : 27.59"
"29,45 : 77.49"
"29,46 : 66.61"
"29,47 : 30.08"
"29,48 : 65.51"
"29,49 : 65.0"
"30,0 : 79.01"
"30,1 : 55.9"
"30,2 : 63.79"
"30,3 : 54.67"
"30,4 : 114.02"
"30,5 : 55.66"
"30,6 : 87.14"
"30,7 : 95.59"
"30,8 : 19.92"
"30,9 : 85.7"
"30,10 : 69.63"
"30,11 : 94.43"
"30,12 : 70.46"
"30,13 : 28.64"
"30,14 : 76.4"
"30,15 : 44.1"
"30,16 : 44.38"
"30,17 : 59.81"
"30,18 : 70.72"
"30,19 : 73.17"
"30,20 : 66.94"
"30,21 : 39.4"
"30,22 : 48.1"
"30,23 : 88.96"
"30,24 : 27.66"
"30,25 : 99.05"
"30,26 : 84.4"
"30,27 : 80.4"
"30,28 : 53.54"
"30,29 : 89.31"
"30,30 : 0.0"
"30,31 : 38.64"
"30,32 : 69.01"
"30,33 : 70.0"
"30,34 : 89.27"
"30,35 : 66.19"
"30,36 : 62.8"
"30,37 : 83.01"
"30,38 : 62.43"
"30,39 : 11.66"
"30,40 : 80.1"
"30,41 : 81.4"
"30,42 : 61.03"
"30,43 : 77.1"
"30,44 : 89.02"
"30,45 : 24.02"
"30,46 : 91.22"
"30,47 : 84.65"
"30,48 : 37.36"
"30,49 : 35.74"
"31,0 : 80.95"
"31,1 : 67.88"
"31,2 : 76.38"
"31,3 : 28.28"
"31,4 : 88.96"
"31,5 : 18.03"
"31,6 : 86.54"
"31,7 : 65.86"
"31,8 : 23.02"
"31,9 : 74.67"
"31,10 : 80.81"
"31,11 : 79.01"
"31,12 : 51.04"
"31,13 : 38.28"
"31,14 : 69.64"
"31,15 : 7.21"
"31,16 : 45.0"
"31,17 : 51.87"
"31,18 : 38.28"
"31,19 : 78.77"
"31,20 : 28.46"
"31,21 : 36.4"
"31,22 : 26.17"
"31,23 : 51.48"
"31,24 : 20.25"
"31,25 : 65.95"
"31,26 : 62.17"
"31,27 : 78.92"
"31,28 : 39.05"
"31,29 : 56.08"
"31,30 : 38.64"
"31,31 : 0.0"
"31,32 : 73.25"
"31,33 : 73.57"
"31,34 : 84.2"
"31,35 : 67.6"
"31,36 : 43.0"
"31,37 : 85.42"
"31,38 : 46.27"
"31,39 : 30.87"
"31,40 : 43.42"
"31,41 : 49.93"
"31,42 : 24.7"
"31,43 : 81.63"
"31,44 : 65.25"
"31,45 : 40.72"
"31,46 : 83.95"
"31,47 : 46.17"
"31,48 : 40.31"
"31,49 : 38.18"
"32,0 : 10.2"
"32,1 : 16.64"
"32,2 : 15.65"
"32,3 : 54.82"
"32,4 : 74.04"
"32,5 : 74.97"
"32,6 : 18.97"
"32,7 : 72.17"
"32,8 : 77.62"
"32,9 : 31.38"
"32,10 : 14.04"
"32,11 : 43.46"
"32,12 : 42.45"
"32,13 : 41.59"
"32,14 : 20.62"
"32,15 : 79.88"
"32,16 : 28.64"
"32,17 : 25.55"
"32,18 : 67.08"
"32,19 : 5.66"
"32,20 : 84.65"
"32,21 : 37.12"
"32,22 : 50.91"
"32,23 : 91.79"
"32,24 : 55.54"
"32,25 : 82.87"
"32,26 : 51.01"
"32,27 : 14.21"
"32,28 : 38.42"
"32,29 : 77.37"
"32,30 : 69.01"
"32,31 : 73.25"
"32,32 : 0.0"
"32,33 : 1.41"
"32,34 : 24.84"
"32,35 : 6.71"
"32,36 : 43.38"
"32,37 : 14.0"
"32,38 : 37.58"
"32,39 : 75.8"
"32,40 : 109.04"
"32,41 : 68.96"
"32,42 : 94.26"
"32,43 : 8.54"
"32,44 : 56.01"
"32,45 : 45.04"
"32,46 : 29.0"
"32,47 : 95.88"
"32,48 : 34.79"
"32,49 : 37.0"
"33,0 : 9.06"
"33,1 : 18.03"
"33,2 : 17.0"
"33,3 : 54.67"
"33,4 : 72.8"
"33,5 : 74.95"
"33,6 : 17.72"
"33,7 : 71.25"
"33,8 : 78.34"
"33,9 : 30.08"
"33,10 : 15.13"
"33,11 : 42.15"
"33,12 : 41.76"
"33,13 : 42.43"
"33,14 : 19.42"
"33,15 : 80.16"
"33,16 : 29.15"
"33,17 : 25.24"
"33,18 : 66.65"
"33,19 : 5.83"
"33,20 : 84.5"
"33,21 : 37.58"
"33,22 : 50.93"
"33,23 : 91.29"
"33,24 : 56.08"
"33,25 : 82.04"
"33,26 : 50.04"
"33,27 : 12.81"
"33,28 : 38.29"
"33,29 : 76.66"
"33,30 : 70.0"
"33,31 : 73.57"
"33,32 : 1.41"
"33,33 : 0.0"
"33,34 : 23.43"
"33,35 : 6.4"
"33,36 : 42.94"
"33,37 : 13.04"
"33,38 : 37.12"
"33,39 : 76.66"
"33,40 : 108.98"
"33,41 : 68.31"
"33,42 : 94.37"
"33,43 : 8.06"
"33,44 : 55.0"
"33,45 : 46.01"
"33,46 : 27.59"
"33,47 : 95.52"
"33,48 : 35.44"
"33,49 : 37.64"
"34,0 : 16.64"
"34,1 : 41.4"
"34,2 : 39.7"
"34,3 : 59.48"
"34,4 : 55.04"
"34,5 : 80.53"
"34,6 : 10.05"
"34,7 : 60.93"
"34,8 : 94.09"
"34,9 : 14.76"
"34,10 : 36.06"
"34,11 : 24.08"
"34,12 : 39.05"
"34,13 : 60.67"
"34,14 : 14.56"
"34,15 : 89.81"
"34,16 : 45.18"
"34,17 : 32.56"
"34,18 : 65.86"
"34,19 : 25.0"
"34,20 : 87.66"
"34,21 : 52.01"
"34,22 : 58.52"
"34,23 : 88.09"
"34,24 : 70.26"
"34,25 : 72.92"
"34,26 : 40.31"
"34,27 : 10.63"
"34,28 : 45.22"
"34,29 : 70.18"
"34,30 : 89.27"
"34,31 : 84.2"
"34,32 : 24.84"
"34,33 : 23.43"
"34,34 : 0.0"
"34,35 : 24.17"
"34,36 : 44.42"
"34,37 : 16.76"
"34,38 : 39.36"
"34,39 : 94.13"
"34,40 : 112.65"
"34,41 : 63.41"
"34,42 : 101.07"
"34,43 : 21.95"
"34,44 : 43.86"
"34,45 : 65.51"
"34,46 : 5.1"
"34,47 : 94.75"
"34,48 : 52.24"
"34,49 : 54.15"
"35,0 : 13.6"
"35,1 : 18.6"
"35,2 : 20.4"
"35,3 : 48.27"
"35,4 : 69.29"
"35,5 : 68.59"
"35,6 : 21.0"
"35,7 : 66.03"
"35,8 : 73.35"
"35,9 : 27.46"
"35,10 : 20.1"
"35,11 : 39.45"
"35,12 : 35.9"
"35,13 : 38.01"
"35,14 : 16.12"
"35,15 : 74.09"
"35,16 : 23.77"
"35,17 : 18.87"
"35,18 : 60.37"
"35,19 : 12.21"
"35,20 : 78.1"
"35,21 : 31.95"
"35,22 : 44.6"
"35,23 : 85.09"
"35,24 : 50.6"
"35,25 : 76.53"
"35,26 : 45.04"
"35,27 : 14.32"
"35,28 : 31.89"
"35,29 : 70.83"
"35,30 : 66.19"
"35,31 : 67.6"
"35,32 : 6.71"
"35,33 : 6.4"
"35,34 : 24.17"
"35,35 : 0.0"
"35,36 : 36.67"
"35,37 : 18.03"
"35,38 : 30.87"
"35,39 : 72.17"
"35,40 : 102.59"
"35,41 : 62.36"
"35,42 : 88.09"
"35,43 : 14.21"
"35,44 : 50.16"
"35,45 : 42.19"
"35,46 : 27.46"
"35,47 : 89.19"
"35,48 : 30.41"
"35,49 : 32.56"
"36,0 : 47.01"
"36,1 : 48.26"
"36,2 : 54.34"
"36,3 : 15.52"
"36,4 : 51.22"
"36,5 : 36.25"
"36,6 : 49.58"
"36,7 : 35.85"
"36,8 : 59.14"
"36,9 : 32.57"
"36,10 : 55.97"
"36,11 : 36.01"
"36,12 : 8.25"
"36,13 : 38.83"
"36,14 : 30.61"
"36,15 : 47.38"
"36,16 : 27.89"
"36,17 : 18.03"
"36,18 : 23.71"
"36,19 : 48.76"
"36,20 : 43.42"
"36,21 : 26.08"
"36,22 : 17.26"
"36,23 : 48.47"
"36,24 : 36.24"
"36,25 : 43.57"
"36,26 : 21.63"
"36,27 : 42.43"
"36,28 : 10.3"
"36,29 : 36.0"
"36,30 : 62.8"
"36,31 : 43.0"
"36,32 : 43.38"
"36,33 : 42.94"
"36,34 : 44.42"
"36,35 : 36.67"
"36,36 : 0.0"
"36,37 : 51.09"
"36,38 : 5.83"
"36,39 : 62.61"
"36,40 : 68.41"
"36,41 : 27.02"
"36,42 : 56.86"
"36,43 : 49.93"
"36,44 : 26.25"
"36,45 : 45.22"
"36,46 : 42.95"
"36,47 : 52.7"
"36,48 : 31.3"
"36,49 : 31.38"
"37,0 : 4.47"
"37,1 : 29.41"
"37,2 : 25.24"
"37,3 : 64.44"
"37,4 : 71.34"
"37,5 : 85.28"
"37,6 : 7.21"
"37,7 : 74.46"
"37,8 : 91.22"
"37,9 : 29.07"
"37,10 : 20.52"
"37,11 : 40.11"
"37,12 : 48.02"
"37,13 : 55.44"
"37,14 : 21.93"
"37,15 : 91.79"
"37,16 : 41.76"
"37,17 : 34.83"
"37,18 : 74.4"
"37,19 : 10.77"
"37,20 : 94.05"
"37,21 : 49.98"
"37,22 : 61.61"
"37,23 : 98.27"
"37,24 : 68.62"
"37,25 : 86.02"
"37,26 : 53.16"
"37,27 : 9.49"
"37,28 : 48.41"
"37,29 : 81.94"
"37,30 : 83.01"
"37,31 : 85.42"
"37,32 : 14.0"
"37,33 : 13.04"
"37,34 : 16.76"
"37,35 : 18.03"
"37,36 : 51.09"
"37,37 : 0.0"
"37,38 : 45.34"
"37,39 : 89.68"
"37,40 : 118.87"
"37,41 : 74.24"
"37,42 : 105.21"
"37,43 : 6.71"
"37,44 : 57.49"
"37,45 : 59.03"
"37,46 : 21.84"
"37,47 : 103.6"
"37,48 : 48.27"
"37,49 : 50.45"
"38,0 : 41.23"
"38,1 : 43.05"
"38,2 : 48.84"
"38,3 : 20.12"
"38,4 : 52.33"
"38,5 : 41.18"
"38,6 : 44.05"
"38,7 : 39.56"
"38,8 : 60.64"
"38,9 : 28.44"
"38,10 : 50.29"
"38,11 : 33.54"
"38,12 : 8.6"
"38,13 : 36.8"
"38,14 : 25.24"
"38,15 : 51.2"
"38,16 : 24.17"
"38,17 : 12.37"
"38,18 : 29.53"
"38,19 : 42.94"
"38,20 : 48.92"
"38,21 : 24.04"
"38,22 : 20.1"
"38,23 : 54.23"
"38,24 : 37.0"
"38,25 : 48.17"
"38,26 : 22.67"
"38,27 : 36.8"
"38,28 : 8.94"
"38,29 : 41.11"
"38,30 : 62.43"
"38,31 : 46.27"
"38,32 : 37.58"
"38,33 : 37.12"
"38,34 : 39.36"
"38,35 : 30.87"
"38,36 : 5.83"
"38,37 : 45.34"
"38,38 : 0.0"
"38,39 : 63.32"
"38,40 : 73.88"
"38,41 : 32.25"
"38,42 : 61.72"
"38,43 : 44.1"
"38,44 : 27.8"
"38,45 : 43.19"
"38,46 : 38.28"
"38,47 : 58.52"
"38,48 : 28.6"
"38,49 : 29.07"
"39,0 : 85.48"
"39,1 : 64.2"
"39,2 : 72.45"
"39,3 : 52.01"
"39,4 : 113.21"
"39,5 : 48.76"
"39,6 : 93.13"
"39,7 : 92.85"
"39,8 : 9.0"
"39,9 : 88.84"
"39,10 : 78.11"
"39,11 : 96.46"
"39,12 : 70.68"
"39,13 : 34.23"
"39,14 : 80.5"
"39,15 : 35.17"
"39,16 : 49.01"
"39,17 : 62.97"
"39,18 : 66.53"
"39,19 : 80.41"
"39,20 : 59.24"
"39,21 : 42.43"
"39,22 : 46.32"
"39,23 : 82.3"
"39,24 : 26.4"
"39,25 : 94.92"
"39,26 : 84.12"
"39,27 : 86.02"
"39,28 : 54.42"
"39,29 : 85.04"
"39,30 : 11.66"
"39,31 : 30.87"
"39,32 : 75.8"
"39,33 : 76.66"
"39,34 : 94.13"
"39,35 : 72.17"
"39,36 : 62.61"
"39,37 : 89.68"
"39,38 : 63.32"
"39,39 : 0.0"
"39,40 : 70.03"
"39,41 : 77.78"
"39,42 : 51.16"
"39,43 : 84.17"
"39,44 : 88.32"
"39,45 : 31.32"
"39,46 : 95.52"
"39,47 : 76.9"
"39,48 : 42.0"
"39,49 : 40.01"
"40,0 : 114.59"
"40,1 : 107.62"
"40,2 : 115.68"
"40,3 : 54.45"
"40,4 : 94.53"
"40,5 : 34.21"
"40,6 : 117.92"
"40,7 : 68.59"
"40,8 : 61.03"
"40,9 : 99.64"
"40,10 : 119.2"
"40,11 : 98.9"
"40,12 : 73.78"
"40,13 : 80.62"
"40,14 : 99.02"
"40,15 : 36.67"
"40,16 : 83.49"
"40,17 : 84.15"
"40,18 : 47.85"
"40,19 : 114.69"
"40,20 : 25.0"
"40,21 : 75.47"
"40,22 : 58.26"
"40,23 : 36.12"
"40,24 : 62.97"
"40,25 : 61.01"
"40,26 : 78.0"
"40,27 : 110.63"
"40,28 : 70.72"
"40,29 : 54.33"
"40,30 : 80.1"
"40,31 : 43.42"
"40,32 : 109.04"
"40,33 : 108.98"
"40,34 : 112.65"
"40,35 : 102.59"
"40,36 : 68.41"
"40,37 : 118.87"
"40,38 : 73.88"
"40,39 : 70.03"
"40,40 : 0.0"
"40,41 : 55.08"
"40,42 : 19.1"
"40,43 : 116.69"
"40,44 : 78.11"
"40,45 : 83.82"
"40,46 : 110.68"
"40,47 : 25.08"
"40,48 : 80.62"
"40,49 : 78.77"
"41,0 : 70.68"
"41,1 : 75.24"
"41,2 : 81.05"
"41,3 : 26.93"
"41,4 : 41.3"
"41,5 : 34.18"
"41,6 : 71.02"
"41,7 : 16.16"
"41,8 : 71.7"
"41,9 : 48.92"
"41,10 : 82.23"
"41,11 : 45.22"
"41,12 : 26.57"
"41,13 : 62.63"
"41,14 : 52.35"
"41,15 : 50.57"
"41,16 : 54.33"
"41,17 : 44.55"
"41,18 : 11.66"
"41,19 : 74.0"
"41,20 : 33.0"
"41,21 : 50.7"
"41,22 : 34.0"
"41,23 : 24.76"
"41,24 : 53.82"
"41,25 : 17.89"
"41,26 : 24.21"
"41,27 : 64.88"
"41,28 : 36.22"
"41,29 : 9.06"
"41,30 : 81.4"
"41,31 : 49.93"
"41,32 : 68.96"
"41,33 : 68.31"
"41,34 : 63.41"
"41,35 : 62.36"
"41,36 : 27.02"
"41,37 : 74.24"
"41,38 : 32.25"
"41,39 : 77.78"
"41,40 : 55.08"
"41,41 : 0.0"
"41,42 : 51.16"
"41,43 : 74.46"
"41,44 : 23.26"
"41,45 : 68.71"
"41,46 : 60.21"
"41,47 : 32.76"
"41,48 : 56.52"
"41,49 : 56.04"
"42,0 : 100.8"
"42,1 : 91.05"
"42,2 : 99.36"
"42,3 : 41.59"
"42,4 : 92.44"
"42,5 : 20.62"
"42,6 : 105.15"
"42,7 : 66.75"
"42,8 : 42.19"
"42,9 : 89.32"
"42,10 : 103.32"
"42,11 : 90.71"
"42,12 : 63.57"
"42,13 : 62.65"
"42,14 : 86.83"
"42,15 : 17.72"
"42,16 : 67.27"
"42,17 : 70.46"
"42,18 : 41.05"
"42,19 : 99.9"
"42,20 : 18.44"
"42,21 : 58.9"
"42,22 : 43.6"
"42,23 : 40.5"
"42,24 : 44.72"
"42,25 : 62.3"
"42,26 : 70.86"
"42,27 : 97.64"
"42,28 : 56.86"
"42,29 : 53.6"
"42,30 : 61.03"
"42,31 : 24.7"
"42,32 : 94.26"
"42,33 : 94.37"
"42,34 : 101.07"
"42,35 : 88.09"
"42,36 : 56.86"
"42,37 : 105.21"
"42,38 : 61.72"
"42,39 : 51.16"
"42,40 : 19.1"
"42,41 : 51.16"
"42,42 : 0.0"
"42,43 : 102.3"
"42,44 : 72.25"
"42,45 : 65.39"
"42,46 : 99.81"
"42,47 : 31.14"
"42,48 : 63.6"
"42,49 : 61.61"
"43,0 : 5.39"
"43,1 : 22.8"
"43,2 : 18.6"
"43,3 : 62.29"
"43,4 : 75.13"
"43,5 : 82.76"
"43,6 : 13.45"
"43,7 : 76.12"
"43,8 : 86.13"
"43,9 : 32.25"
"43,10 : 14.21"
"43,11 : 43.93"
"43,12 : 47.93"
"43,13 : 50.01"
"43,14 : 23.19"
"43,15 : 88.2"
"43,16 : 37.16"
"43,17 : 32.65"
"43,18 : 73.57"
"43,19 : 4.12"
"43,20 : 92.1"
"43,21 : 45.62"
"43,22 : 58.8"
"43,23 : 97.95"
"43,24 : 64.08"
"43,25 : 87.32"
"43,26 : 54.74"
"43,27 : 12.37"
"43,28 : 45.97"
"43,29 : 82.54"
"43,30 : 77.1"
"43,31 : 81.63"
"43,32 : 8.54"
"43,33 : 8.06"
"43,34 : 21.95"
"43,35 : 14.21"
"43,36 : 49.93"
"43,37 : 6.71"
"43,38 : 44.1"
"43,39 : 84.17"
"43,40 : 116.69"
"43,41 : 74.46"
"43,42 : 102.3"
"43,43 : 0.0"
"43,44 : 59.41"
"43,45 : 53.24"
"43,46 : 26.83"
"43,47 : 102.63"
"43,48 : 43.32"
"43,49 : 45.54"
"44,0 : 54.74"
"44,1 : 66.71"
"44,2 : 70.46"
"44,3 : 37.34"
"44,4 : 25.0"
"44,5 : 53.04"
"44,6 : 52.81"
"44,7 : 17.09"
"44,8 : 84.1"
"44,9 : 29.15"
"44,10 : 70.03"
"44,11 : 22.63"
"44,12 : 19.21"
"44,13 : 64.54"
"44,14 : 36.22"
"44,15 : 67.9"
"44,16 : 51.62"
"44,17 : 36.77"
"44,18 : 31.26"
"44,19 : 60.07"
"44,20 : 54.92"
"44,21 : 51.74"
"44,22 : 42.06"
"44,23 : 47.2"
"44,24 : 62.13"
"44,25 : 29.07"
"44,26 : 5.39"
"44,27 : 48.05"
"44,28 : 36.07"
"44,29 : 27.59"
"44,30 : 89.02"
"44,31 : 65.25"
"44,32 : 56.01"
"44,33 : 55.0"
"44,34 : 43.86"
"44,35 : 50.16"
"44,36 : 26.25"
"44,37 : 57.49"
"44,38 : 27.8"
"44,39 : 88.32"
"44,40 : 78.11"
"44,41 : 23.26"
"44,42 : 72.25"
"44,43 : 59.41"
"44,44 : 0.0"
"44,45 : 70.94"
"44,46 : 39.82"
"44,47 : 55.95"
"44,48 : 56.4"
"44,49 : 56.85"
"45,0 : 55.0"
"45,1 : 32.89"
"45,2 : 41.23"
"45,3 : 42.45"
"45,4 : 95.48"
"45,5 : 52.47"
"45,6 : 63.13"
"45,7 : 80.62"
"45,8 : 34.99"
"45,9 : 63.07"
"45,10 : 46.82"
"45,11 : 72.72"
"45,12 : 51.74"
"45,13 : 6.4"
"45,14 : 53.14"
"45,15 : 47.85"
"45,16 : 21.47"
"45,17 : 37.74"
"45,18 : 59.91"
"45,19 : 49.37"
"45,20 : 64.5"
"45,21 : 19.21"
"45,22 : 35.17"
"45,23 : 82.39"
"45,24 : 20.88"
"45,25 : 86.54"
"45,26 : 65.86"
"45,27 : 56.44"
"45,28 : 35.0"
"45,29 : 77.49"
"45,30 : 24.02"
"45,31 : 40.72"
"45,32 : 45.04"
"45,33 : 46.01"
"45,34 : 65.51"
"45,35 : 42.19"
"45,36 : 45.22"
"45,37 : 59.03"
"45,38 : 43.19"
"45,39 : 31.32"
"45,40 : 83.82"
"45,41 : 68.71"
"45,42 : 65.39"
"45,43 : 53.24"
"45,44 : 70.94"
"45,45 : 0.0"
"45,46 : 67.72"
"45,47 : 81.06"
"45,48 : 15.0"
"45,49 : 14.14"
"46,0 : 21.47"
"46,1 : 45.34"
"46,2 : 44.2"
"46,3 : 58.31"
"46,4 : 50.01"
"46,5 : 79.2"
"46,6 : 15.13"
"46,7 : 56.8"
"46,8 : 95.01"
"46,9 : 11.31"
"46,10 : 40.82"
"46,11 : 19.24"
"46,12 : 36.89"
"46,13 : 62.59"
"46,14 : 15.03"
"46,15 : 89.29"
"46,16 : 46.87"
"46,17 : 33.02"
"46,18 : 63.41"
"46,19 : 29.68"
"46,20 : 85.76"
"46,21 : 53.15"
"46,22 : 57.97"
"46,23 : 84.96"
"46,24 : 71.01"
"46,25 : 68.88"
"46,26 : 36.62"
"46,27 : 15.0"
"46,28 : 44.91"
"46,29 : 66.61"
"46,30 : 91.22"
"46,31 : 83.95"
"46,32 : 29.0"
"46,33 : 27.59"
"46,34 : 5.1"
"46,35 : 27.46"
"46,36 : 42.95"
"46,37 : 21.84"
"46,38 : 38.28"
"46,39 : 95.52"
"46,40 : 110.68"
"46,41 : 60.21"
"46,42 : 99.81"
"46,43 : 26.83"
"46,44 : 39.82"
"46,45 : 67.72"
"46,46 : 0.0"
"46,47 : 92.02"
"46,48 : 53.94"
"46,49 : 55.73"
"47,0 : 99.62"
"47,1 : 98.08"
"47,2 : 105.31"
"47,3 : 42.38"
"47,4 : 70.04"
"47,5 : 29.27"
"47,6 : 101.41"
"47,7 : 44.38"
"47,8 : 68.54"
"47,9 : 80.72"
"47,10 : 107.79"
"47,11 : 77.94"
"47,12 : 55.97"
"47,13 : 76.32"
"47,14 : 82.33"
"47,15 : 42.05"
"47,16 : 74.33"
"47,17 : 70.33"
"47,18 : 29.21"
"47,19 : 101.36"
"47,20 : 17.72"
"47,21 : 67.68"
"47,22 : 48.51"
"47,23 : 11.05"
"47,24 : 61.07"
"47,25 : 36.01"
"47,26 : 56.86"
"47,27 : 94.64"
"47,28 : 58.18"
"47,29 : 30.08"
"47,30 : 84.65"
"47,31 : 46.17"
"47,32 : 95.88"
"47,33 : 95.52"
"47,34 : 94.75"
"47,35 : 89.19"
"47,36 : 52.7"
"47,37 : 103.6"
"47,38 : 58.52"
"47,39 : 76.9"
"47,40 : 25.08"
"47,41 : 32.76"
"47,42 : 31.14"
"47,43 : 102.63"
"47,44 : 55.95"
"47,45 : 81.06"
"47,46 : 92.02"
"47,47 : 0.0"
"47,48 : 73.55"
"47,49 : 72.18"
"48,0 : 43.93"
"48,1 : 27.59"
"48,2 : 36.07"
"48,3 : 32.02"
"48,4 : 80.72"
"48,5 : 47.01"
"48,6 : 51.24"
"48,7 : 67.12"
"48,8 : 42.95"
"48,9 : 48.47"
"48,10 : 40.61"
"48,11 : 57.8"
"48,12 : 37.2"
"48,13 : 8.94"
"48,14 : 39.05"
"48,15 : 47.38"
"48,16 : 7.07"
"48,17 : 22.83"
"48,18 : 49.09"
"48,19 : 39.92"
"48,20 : 58.52"
"48,21 : 6.0"
"48,22 : 25.18"
"48,23 : 73.11"
"48,24 : 21.1"
"48,25 : 74.04"
"48,26 : 51.22"
"48,27 : 44.05"
"48,28 : 21.02"
"48,29 : 65.51"
"48,30 : 37.36"
"48,31 : 40.31"
"48,32 : 34.79"
"48,33 : 35.44"
"48,34 : 52.24"
"48,35 : 30.41"
"48,36 : 31.3"
"48,37 : 48.27"
"48,38 : 28.6"
"48,39 : 42.0"
"48,40 : 80.62"
"48,41 : 56.52"
"48,42 : 63.6"
"48,43 : 43.32"
"48,44 : 56.4"
"48,45 : 15.0"
"48,46 : 53.94"
"48,47 : 73.55"
"48,48 : 0.0"
"48,49 : 2.24"
"49,0 : 46.1"
"49,1 : 29.7"
"49,2 : 38.21"
"49,3 : 31.02"
"49,4 : 81.34"
"49,5 : 45.31"
"49,6 : 53.34"
"49,7 : 67.08"
"49,8 : 40.79"
"49,9 : 49.98"
"49,10 : 42.8"
"49,11 : 59.06"
"49,12 : 37.64"
"49,13 : 7.81"
"49,14 : 40.79"
"49,15 : 45.28"
"49,16 : 9.0"
"49,17 : 24.17"
"49,18 : 48.26"
"49,19 : 42.15"
"49,20 : 56.92"
"49,21 : 5.39"
"49,22 : 24.02"
"49,23 : 72.03"
"49,24 : 18.87"
"49,25 : 73.68"
"49,26 : 51.74"
"49,27 : 46.1"
"49,28 : 21.1"
"49,29 : 65.0"
"49,30 : 35.74"
"49,31 : 38.18"
"49,32 : 37.0"
"49,33 : 37.64"
"49,34 : 54.15"
"49,35 : 32.56"
"49,36 : 31.38"
"49,37 : 50.45"
"49,38 : 29.07"
"49,39 : 40.01"
"49,40 : 78.77"
"49,41 : 56.04"
"49,42 : 61.61"
"49,43 : 45.54"
"49,44 : 56.85"
"49,45 : 14.14"
"49,46 : 55.73"
"49,47 : 72.18"
"49,48 : 2.24"
"49,49 : 0.0"
