x,y
46,62
37,13
73,53
17,84
88,36
3,33
55,97
96,12
63,1
52,62
30,32
80,45
82,53
74,24
33,13
41,59
4,36
76,99
50,98
15,74
88,12
10,97
70,39
43,99
60,82
35,20
35,14
30,23
43,26
28,12
76,21
87,33
1,75
97,84
71,22
92,3
65,32
69,40
5,82
74,9
70,19
57,6
90,37
75,80
83,20
11,67
38,77
6,6
90,1
20,21

Distanze
"0,0 : 0.0"
"0,1 : 49.82"
"0,2 : 28.46"
"0,3 : 36.4"
"0,4 : 49.4"
"0,5 : 51.87"
"0,6 : 36.14"
"0,7 : 70.71"
"0,8 : 63.32"
"0,9 : 6.0"
"0,10 : 34.0"
"0,11 : 38.01"
"0,12 : 37.11"
"0,13 : 47.2"
"0,14 : 50.7"
"0,15 : 5.83"
"0,16 : 49.4"
"0,17 : 47.63"
"0,18 : 36.22"
"0,19 : 33.24"
"0,20 : 65.3"
"0,21 : 50.21"
"0,22 : 33.24"
"0,23 : 37.12"
"0,24 : 24.41"
"0,25 : 43.42"
"0,26 : 49.24"
"0,27 : 42.15"
"0,28 : 36.12"
"0,29 : 53.14"
"0,30 : 50.8"
"0,31 : 50.22"
"0,32 : 46.84"
"0,33 : 55.54"
"0,34 : 47.17"
"0,35 : 74.81"
"0,36 : 35.51"
"0,37 : 31.83"
"0,38 : 45.62"
"0,39 : 59.94"
"0,40 : 49.24"
"0,41 : 57.07"
"0,42 : 50.61"
"0,43 : 34.13"
"0,44 : 55.97"
"0,45 : 35.36"
"0,46 : 17.0"
"0,47 : 68.82"
"0,48 : 75.21"
"0,49 : 48.55"
"1,0 : 49.82"
"1,1 : 0.0"
"1,2 : 53.81"
"1,3 : 73.76"
"1,4 : 55.95"
"1,5 : 39.45"
"1,6 : 85.91"
"1,7 : 59.01"
"1,8 : 28.64"
"1,9 : 51.24"
"1,10 : 20.25"
"1,11 : 53.6"
"1,12 : 60.21"
"1,13 : 38.6"
"1,14 : 4.0"
"1,15 : 46.17"
"1,16 : 40.22"
"1,17 : 94.43"
"1,18 : 85.99"
"1,19 : 64.85"
"1,20 : 51.01"
"1,21 : 88.23"
"1,22 : 42.01"
"1,23 : 86.21"
"1,24 : 72.73"
"1,25 : 7.28"
"1,26 : 2.24"
"1,27 : 12.21"
"1,28 : 14.32"
"1,29 : 9.06"
"1,30 : 39.81"
"1,31 : 53.85"
"1,32 : 71.69"
"1,33 : 92.96"
"1,34 : 35.17"
"1,35 : 55.9"
"1,36 : 33.84"
"1,37 : 41.87"
"1,38 : 76.06"
"1,39 : 37.22"
"1,40 : 33.54"
"1,41 : 21.19"
"1,42 : 58.18"
"1,43 : 77.03"
"1,44 : 46.53"
"1,45 : 59.93"
"1,46 : 64.01"
"1,47 : 31.78"
"1,48 : 54.34"
"1,49 : 18.79"
"2,0 : 28.46"
"2,1 : 53.81"
"2,2 : 0.0"
"2,3 : 64.01"
"2,4 : 22.67"
"2,5 : 72.8"
"2,6 : 47.54"
"2,7 : 47.01"
"2,8 : 52.95"
"2,9 : 22.85"
"2,10 : 47.85"
"2,11 : 10.63"
"2,12 : 9.0"
"2,13 : 29.02"
"2,14 : 56.57"
"2,15 : 32.56"
"2,16 : 71.06"
"2,17 : 46.1"
"2,18 : 50.54"
"2,19 : 61.68"
"2,20 : 43.66"
"2,21 : 76.84"
"2,22 : 14.32"
"2,23 : 54.92"
"2,24 : 31.78"
"2,25 : 50.33"
"2,26 : 54.45"
"2,27 : 52.43"
"2,28 : 40.36"
"2,29 : 60.88"
"2,30 : 32.14"
"2,31 : 24.41"
"2,32 : 75.29"
"2,33 : 39.2"
"2,34 : 31.06"
"2,35 : 53.49"
"2,36 : 22.47"
"2,37 : 13.6"
"2,38 : 73.93"
"2,39 : 44.01"
"2,40 : 34.13"
"2,41 : 49.65"
"2,42 : 23.35"
"2,43 : 27.07"
"2,44 : 34.48"
"2,45 : 63.56"
"2,46 : 42.44"
"2,47 : 81.84"
"2,48 : 54.71"
"2,49 : 61.91"
"3,0 : 36.4"
"3,1 : 73.76"
"3,2 : 64.01"
"3,3 : 0.0"
"3,4 : 85.7"
"3,5 : 52.89"
"3,6 : 40.16"
"3,7 : 106.89"
"3,8 : 94.89"
"3,9 : 41.34"
"3,10 : 53.6"
"3,11 : 74.09"
"3,12 : 72.01"
"3,13 : 82.76"
"3,14 : 72.78"
"3,15 : 34.66"
"3,16 : 49.73"
"3,17 : 60.88"
"3,18 : 35.85"
"3,19 : 10.2"
"3,20 : 101.12"
"3,21 : 14.76"
"3,22 : 69.53"
"3,23 : 30.02"
"3,24 : 43.05"
"3,25 : 66.48"
"3,26 : 72.28"
"3,27 : 62.37"
"3,28 : 63.56"
"3,29 : 72.84"
"3,30 : 86.31"
"3,31 : 86.61"
"3,32 : 18.36"
"3,33 : 80.0"
"3,34 : 82.22"
"3,35 : 110.39"
"3,36 : 70.77"
"3,37 : 68.12"
"3,38 : 12.17"
"3,39 : 94.2"
"3,40 : 83.87"
"3,41 : 87.66"
"3,42 : 86.82"
"3,43 : 58.14"
"3,44 : 91.93"
"3,45 : 18.03"
"3,46 : 22.14"
"3,47 : 78.77"
"3,48 : 110.54"
"3,49 : 63.07"
"4,0 : 49.4"
"4,1 : 55.95"
"4,2 : 22.67"
"4,3 : 85.7"
"4,4 : 0.0"
"4,5 : 85.05"
"4,6 : 69.35"
"4,7 : 25.3"
"4,8 : 43.01"
"4,9 : 44.41"
"4,10 : 58.14"
"4,11 : 12.04"
"4,12 : 18.03"
"4,13 : 18.44"
"4,14 : 59.62"
"4,15 : 52.33"
"4,16 : 84.0"
"4,17 : 64.13"
"4,18 : 72.72"
"4,19 : 82.3"
"4,20 : 24.0"
"4,21 : 99.02"
"4,22 : 18.25"
"4,23 : 77.42"
"4,24 : 53.85"
"4,25 : 55.36"
"4,26 : 57.38"
"4,27 : 59.44"
"4,28 : 46.1"
"4,29 : 64.62"
"4,30 : 19.21"
"4,31 : 3.16"
"4,32 : 95.34"
"4,33 : 48.84"
"4,34 : 22.02"
"4,35 : 33.24"
"4,36 : 23.35"
"4,37 : 19.42"
"4,38 : 94.89"
"4,39 : 30.41"
"4,40 : 24.76"
"4,41 : 43.14"
"4,42 : 2.24"
"4,43 : 45.88"
"4,44 : 16.76"
"4,45 : 83.01"
"4,46 : 64.66"
"4,47 : 87.32"
"4,48 : 35.06"
"4,49 : 69.63"
"5,0 : 51.87"
"5,1 : 39.45"
"5,2 : 72.8"
"5,3 : 52.89"
"5,4 : 85.05"
"5,5 : 0.0"
"5,6 : 82.46"
"5,7 : 95.34"
"5,8 : 68.0"
"5,9 : 56.94"
"5,10 : 27.02"
"5,11 : 77.93"
"5,12 : 81.49"
"5,13 : 71.57"
"5,14 : 36.06"
"5,15 : 46.04"
"5,16 : 3.16"
"5,17 : 98.41"
"5,18 : 80.21"
"5,19 : 42.72"
"5,20 : 87.56"
"5,21 : 64.38"
"5,22 : 67.27"
"5,23 : 77.18"
"5,24 : 75.17"
"5,25 : 34.54"
"5,26 : 37.22"
"5,27 : 28.79"
"5,28 : 40.61"
"5,29 : 32.65"
"5,30 : 73.98"
"5,31 : 84.0"
"5,32 : 42.05"
"5,33 : 106.94"
"5,34 : 68.88"
"5,35 : 93.92"
"5,36 : 62.01"
"5,37 : 66.37"
"5,38 : 49.04"
"5,39 : 74.95"
"5,40 : 68.45"
"5,41 : 60.37"
"5,42 : 87.09"
"5,43 : 85.98"
"5,44 : 81.05"
"5,45 : 34.93"
"5,46 : 56.22"
"5,47 : 27.17"
"5,48 : 92.7"
"5,49 : 20.81"
"6,0 : 36.14"
"6,1 : 85.91"
"6,2 : 47.54"
"6,3 : 40.16"
"6,4 : 69.35"
"6,5 : 82.46"
"6,6 : 0.0"
"6,7 : 94.37"
"6,8 : 96.33"
"6,9 : 35.13"
"6,10 : 69.64"
"6,11 : 57.7"
"6,12 : 51.62"
"6,13 : 75.43"
"6,14 : 86.83"
"6,15 : 40.5"
"6,16 : 79.51"
"6,17 : 21.1"
"6,18 : 5.1"
"6,19 : 46.14"
"6,20 : 91.18"
"6,21 : 45.0"
"6,22 : 59.91"
"6,23 : 12.17"
"6,24 : 15.81"
"6,25 : 79.56"
"6,26 : 85.38"
"6,27 : 78.11"
"6,28 : 72.01"
"6,29 : 89.19"
"6,30 : 78.85"
"6,31 : 71.55"
"6,32 : 58.31"
"6,33 : 43.97"
"6,34 : 76.69"
"6,35 : 101.02"
"6,36 : 65.76"
"6,37 : 58.69"
"6,38 : 52.2"
"6,39 : 90.03"
"6,40 : 79.43"
"6,41 : 91.02"
"6,42 : 69.46"
"6,43 : 26.25"
"6,44 : 81.93"
"6,45 : 53.25"
"6,46 : 26.25"
"6,47 : 103.35"
"6,48 : 102.18"
"6,49 : 83.67"
"7,0 : 70.71"
"7,1 : 59.01"
"7,2 : 47.01"
"7,3 : 106.89"
"7,4 : 25.3"
"7,5 : 95.34"
"7,6 : 94.37"
"7,7 : 0.0"
"7,8 : 34.79"
"7,9 : 66.6"
"7,10 : 68.96"
"7,11 : 36.67"
"7,12 : 43.32"
"7,13 : 25.06"
"7,14 : 63.01"
"7,15 : 72.35"
"7,16 : 95.08"
"7,17 : 89.27"
"7,18 : 97.53"
"7,19 : 102.0"
"7,20 : 8.0"
"7,21 : 120.92"
"7,22 : 37.48"
"7,23 : 101.87"
"7,24 : 78.71"
"7,25 : 61.52"
"7,26 : 61.03"
"7,27 : 66.91"
"7,28 : 54.82"
"7,29 : 68.0"
"7,30 : 21.93"
"7,31 : 22.85"
"7,32 : 113.99"
"7,33 : 72.01"
"7,34 : 26.93"
"7,35 : 9.85"
"7,36 : 36.89"
"7,37 : 38.9"
"7,38 : 114.81"
"7,39 : 22.2"
"7,40 : 26.93"
"7,41 : 39.46"
"7,42 : 25.71"
"7,43 : 71.17"
"7,44 : 15.26"
"7,45 : 101.24"
"7,46 : 87.11"
"7,47 : 90.2"
"7,48 : 12.53"
"7,49 : 76.53"
"8,0 : 63.32"
"8,1 : 28.64"
"8,2 : 52.95"
"8,3 : 94.89"
"8,4 : 43.01"
"8,5 : 68.0"
"8,6 : 96.33"
"8,7 : 34.79"
"8,8 : 0.0"
"8,9 : 61.98"
"8,10 : 45.28"
"8,11 : 47.17"
"8,12 : 55.36"
"8,13 : 25.5"
"8,14 : 32.31"
"8,15 : 62.03"
"8,16 : 68.6"
"8,17 : 98.86"
"8,18 : 97.87"
"8,19 : 87.37"
"8,20 : 27.31"
"8,21 : 109.66"
"8,22 : 38.64"
"8,23 : 100.02"
"8,24 : 81.06"
"8,25 : 33.84"
"8,26 : 30.87"
"8,27 : 39.66"
"8,28 : 32.02"
"8,29 : 36.69"
"8,30 : 23.85"
"8,31 : 40.0"
"8,32 : 96.54"
"8,33 : 89.69"
"8,34 : 22.47"
"8,35 : 29.07"
"8,36 : 31.06"
"8,37 : 39.46"
"8,38 : 99.62"
"8,39 : 13.6"
"8,40 : 19.31"
"8,41 : 7.81"
"8,42 : 45.0"
"8,43 : 79.91"
"8,44 : 27.59"
"8,45 : 84.02"
"8,46 : 80.01"
"8,47 : 57.22"
"8,48 : 27.0"
"8,49 : 47.42"
"9,0 : 6.0"
"9,1 : 51.24"
"9,2 : 22.85"
"9,3 : 41.34"
"9,4 : 44.41"
"9,5 : 56.94"
"9,6 : 35.13"
"9,7 : 66.6"
"9,8 : 61.98"
"9,9 : 0.0"
"9,10 : 37.2"
"9,11 : 32.76"
"9,12 : 31.32"
"9,13 : 43.91"
"9,14 : 52.55"
"9,15 : 11.4"
"9,16 : 54.59"
"9,17 : 44.1"
"9,18 : 36.06"
"9,19 : 38.9"
"9,20 : 61.61"
"9,21 : 54.67"
"9,22 : 29.21"
"9,23 : 38.08"
"9,24 : 21.54"
"9,25 : 45.31"
"9,26 : 50.92"
"9,27 : 44.78"
"9,28 : 37.11"
"9,29 : 55.46"
"9,30 : 47.51"
"9,31 : 45.45"
"9,32 : 52.63"
"9,33 : 50.09"
"9,34 : 44.28"
"9,35 : 71.28"
"9,36 : 32.7"
"9,37 : 27.8"
"9,38 : 51.08"
"9,39 : 57.38"
"9,40 : 46.62"
"9,41 : 56.22"
"9,42 : 45.49"
"9,43 : 29.21"
"9,44 : 52.2"
"9,45 : 41.3"
"9,46 : 20.52"
"9,47 : 72.47"
"9,48 : 71.87"
"9,49 : 52.01"
"10,0 : 34.0"
"10,1 : 20.25"
"10,2 : 47.85"
"10,3 : 53.6"
"10,4 : 58.14"
"10,5 : 27.02"
"10,6 : 69.64"
"10,7 : 68.96"
"10,8 : 45.28"
"10,9 : 37.2"
"10,10 : 0.0"
"10,11 : 51.66"
"10,12 : 56.08"
"10,13 : 44.72"
"10,14 : 19.24"
"10,15 : 29.15"
"10,16 : 26.31"
"10,17 : 81.27"
"10,18 : 68.96"
"10,19 : 44.6"
"10,20 : 61.35"
"10,21 : 68.01"
"10,22 : 40.61"
"10,23 : 68.25"
"10,24 : 58.31"
"10,25 : 13.0"
"10,26 : 18.68"
"10,27 : 9.0"
"10,28 : 14.32"
"10,29 : 20.1"
"10,30 : 47.3"
"10,31 : 57.01"
"10,32 : 51.87"
"10,33 : 84.81"
"10,34 : 42.2"
"10,35 : 68.45"
"10,36 : 35.0"
"10,37 : 39.81"
"10,38 : 55.9"
"10,39 : 49.65"
"10,40 : 42.06"
"10,41 : 37.48"
"10,42 : 60.21"
"10,43 : 65.8"
"10,44 : 54.34"
"10,45 : 39.82"
"10,46 : 45.71"
"10,47 : 35.38"
"10,48 : 67.54"
"10,49 : 14.87"
"11,0 : 38.01"
"11,1 : 53.6"
"11,2 : 10.63"
"11,3 : 74.09"
"11,4 : 12.04"
"11,5 : 77.93"
"11,6 : 57.7"
"11,7 : 36.67"
"11,8 : 47.17"
"11,9 : 32.76"
"11,10 : 51.66"
"11,11 : 0.0"
"11,12 : 8.25"
"11,13 : 21.84"
"11,14 : 56.86"
"11,15 : 41.44"
"11,16 : 76.53"
"11,17 : 54.15"
"11,18 : 60.9"
"11,19 : 71.18"
"11,20 : 33.96"
"11,21 : 87.2"
"11,22 : 11.66"
"11,23 : 65.46"
"11,24 : 42.06"
"11,25 : 51.48"
"11,26 : 54.64"
"11,27 : 54.63"
"11,28 : 41.59"
"11,29 : 61.59"
"11,30 : 24.33"
"11,31 : 13.89"
"11,32 : 84.5"
"11,33 : 42.54"
"11,34 : 24.7"
"11,35 : 43.68"
"11,36 : 19.85"
"11,37 : 12.08"
"11,38 : 83.63"
"11,39 : 36.5"
"11,40 : 27.86"
"11,41 : 45.28"
"11,42 : 12.81"
"11,43 : 35.36"
"11,44 : 25.18"
"11,45 : 72.42"
"11,46 : 52.8"
"11,47 : 83.65"
"11,48 : 45.12"
"11,49 : 64.62"
"12,0 : 37.11"
"12,1 : 60.21"
"12,2 : 9.0"
"12,3 : 72.01"
"12,4 : 18.03"
"12,5 : 81.49"
"12,6 : 51.62"
"12,7 : 43.32"
"12,8 : 55.36"
"12,9 : 31.32"
"12,10 : 56.08"
"12,11 : 8.25"
"12,12 : 0.0"
"12,13 : 30.08"
"12,14 : 63.25"
"12,15 : 41.44"
"12,16 : 79.83"
"12,17 : 46.39"
"12,18 : 55.22"
"12,19 : 70.21"
"12,20 : 41.44"
"12,21 : 84.38"
"12,22 : 18.44"
"12,23 : 60.31"
"12,24 : 36.4"
"12,25 : 57.43"
"12,26 : 61.07"
"12,27 : 60.03"
"12,28 : 47.43"
"12,29 : 67.8"
"12,30 : 32.56"
"12,31 : 20.62"
"12,32 : 83.93"
"12,33 : 34.44"
"12,34 : 32.89"
"12,35 : 50.99"
"12,36 : 27.02"
"12,37 : 18.38"
"12,38 : 82.28"
"12,39 : 44.72"
"12,40 : 36.06"
"12,41 : 53.24"
"12,42 : 17.89"
"12,43 : 27.89"
"12,44 : 33.02"
"12,45 : 72.37"
"12,46 : 50.12"
"12,47 : 89.36"
"12,48 : 52.61"
"12,49 : 69.77"
"13,0 : 47.2"
"13,1 : 38.6"
"13,2 : 29.02"
"13,3 : 82.76"
"13,4 : 18.44"
"13,5 : 71.57"
"13,6 : 75.43"
"13,7 : 25.06"
"13,8 : 25.5"
"13,9 : 43.91"
"13,10 : 44.72"
"13,11 : 21.84"
"13,12 : 30.08"
"13,13 : 0.0"
"13,14 : 42.45"
"13,15 : 48.1"
"13,16 : 71.02"
"13,17 : 75.03"
"13,18 : 77.79"
"13,19 : 77.34"
"13,20 : 18.44"
"13,21 : 97.08"
"13,22 : 15.52"
"13,23 : 81.15"
"13,24 : 59.67"
"13,25 : 39.2"
"13,26 : 40.26"
"13,27 : 44.01"
"13,28 : 31.06"
"13,29 : 47.54"
"13,30 : 3.61"
"13,31 : 15.81"
"13,32 : 89.05"
"13,33 : 64.26"
"13,34 : 3.61"
"13,35 : 27.66"
"13,36 : 12.04"
"13,37 : 16.76"
"13,38 : 90.14"
"13,39 : 15.0"
"13,40 : 6.4"
"13,41 : 24.76"
"13,42 : 20.62"
"13,43 : 56.01"
"13,44 : 9.85"
"13,45 : 76.28"
"13,46 : 64.07"
"13,47 : 70.34"
"13,48 : 28.02"
"13,49 : 54.08"
"14,0 : 50.7"
"14,1 : 4.0"
"14,2 : 56.57"
"14,3 : 72.78"
"14,4 : 59.62"
"14,5 : 36.06"
"14,6 : 86.83"
"14,7 : 63.01"
"14,8 : 32.31"
"14,9 : 52.55"
"14,10 : 19.24"
"14,11 : 56.86"
"14,12 : 63.25"
"14,13 : 42.45"
"14,14 : 0.0"
"14,15 : 46.69"
"14,16 : 37.01"
"14,17 : 96.15"
"14,18 : 86.68"
"14,19 : 63.6"
"14,20 : 55.01"
"14,21 : 87.09"
"14,22 : 45.22"
"14,23 : 86.58"
"14,24 : 74.09"
"14,25 : 7.28"
"14,26 : 2.24"
"14,27 : 10.44"
"14,28 : 16.4"
"14,29 : 5.1"
"14,30 : 43.74"
"14,31 : 57.58"
"14,32 : 69.77"
"14,33 : 95.59"
"14,34 : 39.05"
"14,35 : 59.84"
"14,36 : 37.22"
"14,37 : 45.0"
"14,38 : 74.46"
"14,39 : 41.19"
"14,40 : 37.48"
"14,41 : 25.0"
"14,42 : 61.85"
"14,43 : 79.08"
"14,44 : 50.49"
"14,45 : 58.31"
"14,46 : 64.2"
"14,47 : 27.89"
"14,48 : 58.25"
"14,49 : 15.26"
"15,0 : 5.83"
"15,1 : 46.17"
"15,2 : 32.56"
"15,3 : 34.66"
"15,4 : 52.33"
"15,5 : 46.04"
"15,6 : 40.5"
"15,7 : 72.35"
"15,8 : 62.03"
"15,9 : 11.4"
"15,10 : 29.15"
"15,11 : 41.44"
"15,12 : 41.44"
"15,13 : 48.1"
"15,14 : 46.69"
"15,15 : 0.0"
"15,16 : 43.57"
"15,17 : 53.15"
"15,18 : 40.02"
"15,19 : 30.02"
"15,20 : 66.47"
"15,21 : 49.04"
"15,22 : 35.23"
"15,23 : 40.05"
"15,24 : 29.83"
"15,25 : 39.46"
"15,26 : 45.4"
"15,27 : 37.64"
"15,28 : 33.06"
"15,29 : 48.76"
"15,30 : 51.66"
"15,31 : 52.84"
"15,32 : 43.08"
"15,33 : 61.33"
"15,34 : 47.63"
"15,35 : 75.74"
"15,36 : 36.12"
"15,37 : 33.84"
"15,38 : 42.72"
"15,39 : 59.91"
"15,40 : 49.41"
"15,41 : 55.36"
"15,42 : 53.71"
"15,43 : 39.96"
"15,44 : 57.31"
"15,45 : 31.05"
"15,46 : 18.25"
"15,47 : 63.51"
"15,48 : 75.93"
"15,49 : 43.42"
"16,0 : 49.4"
"16,1 : 40.22"
"16,2 : 71.06"
"16,3 : 49.73"
"16,4 : 84.0"
"16,5 : 3.16"
"16,6 : 79.51"
"16,7 : 95.08"
"16,8 : 68.6"
"16,9 : 54.59"
"16,10 : 26.31"
"16,11 : 76.53"
"16,12 : 79.83"
"16,13 : 71.02"
"16,14 : 37.01"
"16,15 : 43.57"
"16,16 : 0.0"
"16,17 : 95.67"
"16,18 : 77.2"
"16,19 : 39.56"
"16,20 : 87.36"
"16,21 : 61.29"
"16,22 : 66.07"
"16,23 : 74.09"
"16,24 : 72.47"
"16,25 : 34.89"
"16,26 : 38.01"
"16,27 : 29.07"
"16,28 : 40.26"
"16,29 : 33.94"
"16,30 : 73.55"
"16,31 : 83.05"
"16,32 : 39.12"
"16,33 : 104.66"
"16,34 : 68.45"
"16,35 : 93.98"
"16,36 : 61.13"
"16,37 : 65.12"
"16,38 : 46.01"
"16,39 : 75.03"
"16,40 : 68.15"
"16,41 : 60.9"
"16,42 : 86.01"
"16,43 : 83.53"
"16,44 : 80.6"
"16,45 : 31.78"
"16,46 : 53.26"
"16,47 : 30.07"
"16,48 : 92.85"
"16,49 : 21.93"
"17,0 : 47.63"
"17,1 : 94.43"
"17,2 : 46.1"
"17,3 : 60.88"
"17,4 : 64.13"
"17,5 : 98.41"
"17,6 : 21.1"
"17,7 : 89.27"
"17,8 : 98.86"
"17,9 : 44.1"
"17,10 : 81.27"
"17,11 : 54.15"
"17,12 : 46.39"
"17,13 : 75.03"
"17,14 : 96.15"
"17,15 : 53.15"
"17,16 : 95.67"
"17,17 : 0.0"
"17,18 : 26.02"
"17,19 : 65.92"
"17,20 : 87.82"
"17,21 : 66.03"
"17,22 : 60.3"
"17,23 : 33.0"
"17,24 : 23.35"
"17,25 : 89.01"
"17,26 : 94.37"
"17,27 : 88.84"
"17,28 : 80.11"
"17,29 : 99.36"
"17,30 : 78.0"
"17,31 : 66.91"
"17,32 : 78.75"
"17,33 : 25.81"
"17,34 : 77.16"
"17,35 : 97.32"
"17,36 : 67.9"
"17,37 : 59.41"
"17,38 : 73.01"
"17,39 : 90.02"
"17,40 : 80.22"
"17,41 : 94.92"
"17,42 : 63.56"
"17,43 : 19.03"
"17,44 : 79.31"
"17,45 : 72.45"
"17,46 : 43.91"
"17,47 : 116.4"
"17,48 : 98.99"
"17,49 : 96.02"
"18,0 : 36.22"
"18,1 : 85.99"
"18,2 : 50.54"
"18,3 : 35.85"
"18,4 : 72.72"
"18,5 : 80.21"
"18,6 : 5.1"
"18,7 : 97.53"
"18,8 : 97.87"
"18,9 : 36.06"
"18,10 : 68.96"
"18,11 : 60.9"
"18,12 : 55.22"
"18,13 : 77.79"
"18,14 : 86.68"
"18,15 : 40.02"
"18,16 : 77.2"
"18,17 : 26.02"
"18,18 : 0.0"
"18,19 : 42.44"
"18,20 : 94.02"
"18,21 : 40.01"
"18,22 : 62.3"
"18,23 : 7.07"
"18,24 : 18.87"
"18,25 : 79.43"
"18,26 : 85.33"
"18,27 : 77.62"
"18,28 : 72.34"
"18,29 : 88.77"
"18,30 : 81.27"
"18,31 : 74.79"
"18,32 : 54.13"
"18,33 : 49.04"
"18,34 : 78.85"
"18,35 : 103.87"
"18,36 : 67.68"
"18,37 : 61.03"
"18,38 : 47.76"
"18,39 : 92.18"
"18,40 : 81.49"
"18,41 : 92.27"
"18,42 : 72.95"
"18,43 : 30.81"
"18,44 : 84.69"
"18,45 : 49.82"
"18,46 : 24.19"
"18,47 : 101.98"
"18,48 : 104.92"
"18,49 : 82.64"
"19,0 : 33.24"
"19,1 : 64.85"
"19,2 : 61.68"
"19,3 : 10.2"
"19,4 : 82.3"
"19,5 : 42.72"
"19,6 : 46.14"
"19,7 : 102.0"
"19,8 : 87.37"
"19,9 : 38.9"
"19,10 : 44.6"
"19,11 : 71.18"
"19,12 : 70.21"
"19,13 : 77.34"
"19,14 : 63.6"
"19,15 : 30.02"
"19,16 : 39.56"
"19,17 : 65.92"
"19,18 : 42.44"
"19,19 : 0.0"
"19,20 : 95.78"
"19,21 : 23.54"
"19,22 : 65.19"
"19,23 : 37.54"
"19,24 : 45.71"
"19,25 : 57.58"
"19,26 : 63.25"
"19,27 : 53.16"
"19,28 : 55.57"
"19,29 : 63.35"
"19,30 : 80.81"
"19,31 : 82.86"
"19,32 : 14.04"
"19,33 : 82.61"
"19,34 : 76.42"
"19,35 : 104.74"
"19,36 : 65.3"
"19,37 : 63.81"
"19,38 : 12.81"
"19,39 : 87.78"
"19,40 : 77.78"
"19,41 : 79.92"
"19,42 : 83.63"
"19,43 : 60.3"
"19,44 : 86.83"
"19,45 : 8.06"
"19,46 : 23.19"
"19,47 : 68.59"
"19,48 : 104.66"
"19,49 : 53.24"
"20,0 : 65.3"
"20,1 : 51.01"
"20,2 : 43.66"
"20,3 : 101.12"
"20,4 : 24.0"
"20,5 : 87.56"
"20,6 : 91.18"
"20,7 : 8.0"
"20,8 : 27.31"
"20,9 : 61.61"
"20,10 : 61.35"
"20,11 : 33.96"
"20,12 : 41.44"
"20,13 : 18.44"
"20,14 : 55.01"
"20,15 : 66.47"
"20,16 : 87.36"
"20,17 : 87.82"
"20,18 : 94.02"
"20,19 : 95.78"
"20,20 : 0.0"
"20,21 : 115.36"
"20,22 : 32.45"
"20,23 : 97.95"
"20,24 : 75.39"
"20,25 : 53.6"
"20,26 : 53.04"
"20,27 : 59.03"
"20,28 : 47.13"
"20,29 : 60.0"
"20,30 : 15.0"
"20,31 : 21.02"
"20,32 : 107.42"
"20,33 : 72.56"
"20,34 : 19.72"
"20,35 : 9.85"
"20,36 : 30.48"
"20,37 : 33.84"
"20,38 : 108.58"
"20,39 : 14.32"
"20,40 : 19.31"
"20,41 : 31.58"
"20,42 : 25.08"
"20,43 : 69.23"
"20,44 : 9.43"
"20,45 : 94.63"
"20,46 : 82.01"
"20,47 : 82.22"
"20,48 : 11.18"
"20,49 : 68.59"
"21,0 : 50.21"
"21,1 : 88.23"
"21,2 : 76.84"
"21,3 : 14.76"
"21,4 : 99.02"
"21,5 : 64.38"
"21,6 : 45.0"
"21,7 : 120.92"
"21,8 : 109.66"
"21,9 : 54.67"
"21,10 : 68.01"
"21,11 : 87.2"
"21,12 : 84.38"
"21,13 : 97.08"
"21,14 : 87.09"
"21,15 : 49.04"
"21,16 : 61.29"
"21,17 : 66.03"
"21,18 : 40.01"
"21,19 : 23.54"
"21,20 : 115.36"
"21,21 : 0.0"
"21,22 : 83.45"
"21,23 : 33.06"
"21,24 : 52.2"
"21,25 : 80.96"
"21,26 : 86.68"
"21,27 : 76.66"
"21,28 : 78.29"
"21,29 : 86.88"
"21,30 : 100.66"
"21,31 : 100.12"
"21,32 : 23.77"
"21,33 : 87.97"
"21,34 : 96.67"
"21,35 : 124.74"
"21,36 : 85.15"
"21,37 : 82.04"
"21,38 : 15.81"
"21,39 : 108.81"
"21,40 : 98.41"
"21,41 : 102.42"
"21,42 : 100.0"
"21,43 : 67.19"
"21,44 : 106.1"
"21,45 : 30.02"
"21,46 : 34.41"
"21,47 : 91.09"
"21,48 : 124.96"
"21,49 : 76.66"
"22,0 : 33.24"
"22,1 : 42.01"
"22,2 : 14.32"
"22,3 : 69.53"
"22,4 : 18.25"
"22,5 : 67.27"
"22,6 : 59.91"
"22,7 : 37.48"
"22,8 : 38.64"
"22,9 : 29.21"
"22,10 : 40.61"
"22,11 : 11.66"
"22,12 : 18.44"
"22,13 : 15.52"
"22,14 : 45.22"
"22,15 : 35.23"
"22,16 : 66.07"
"22,17 : 60.3"
"22,18 : 62.3"
"22,19 : 65.19"
"22,20 : 32.45"
"22,21 : 83.45"
"22,22 : 0.0"
"22,23 : 65.8"
"22,24 : 44.15"
"22,25 : 39.82"
"22,26 : 43.01"
"22,27 : 43.08"
"22,28 : 29.97"
"22,29 : 49.93"
"22,30 : 18.97"
"22,31 : 18.03"
"22,32 : 77.83"
"22,33 : 52.48"
"22,34 : 17.03"
"22,35 : 42.19"
"22,36 : 8.6"
"22,37 : 1.41"
"22,38 : 77.94"
"22,39 : 30.27"
"22,40 : 20.0"
"22,41 : 35.47"
"22,42 : 20.1"
"22,43 : 41.3"
"22,44 : 23.02"
"22,45 : 65.31"
"22,46 : 49.68"
"22,47 : 72.01"
"22,48 : 42.94"
"22,49 : 53.14"
"23,0 : 37.12"
"23,1 : 86.21"
"23,2 : 54.92"
"23,3 : 30.02"
"23,4 : 77.42"
"23,5 : 77.18"
"23,6 : 12.17"
"23,7 : 101.87"
"23,8 : 100.02"
"23,9 : 38.08"
"23,10 : 68.25"
"23,11 : 65.46"
"23,12 : 60.31"
"23,13 : 81.15"
"23,14 : 86.58"
"23,15 : 40.05"
"23,16 : 74.09"
"23,17 : 33.0"
"23,18 : 7.07"
"23,19 : 37.54"
"23,20 : 97.95"
"23,21 : 33.06"
"23,22 : 65.8"
"23,23 : 0.0"
"23,24 : 24.04"
"23,25 : 79.4"
"23,26 : 85.38"
"23,27 : 77.1"
"23,28 : 73.0"
"23,29 : 88.28"
"23,30 : 84.69"
"23,31 : 79.32"
"23,32 : 48.37"
"23,33 : 56.04"
"23,34 : 81.93"
"23,35 : 107.78"
"23,36 : 70.52"
"23,37 : 64.47"
"23,38 : 41.63"
"23,39 : 95.19"
"23,40 : 84.43"
"23,41 : 94.05"
"23,42 : 77.8"
"23,43 : 37.22"
"23,44 : 88.55"
"23,45 : 45.25"
"23,46 : 22.56"
"23,47 : 100.09"
"23,48 : 108.69"
"23,49 : 81.32"
"24,0 : 24.41"
"24,1 : 72.73"
"24,2 : 31.78"
"24,3 : 43.05"
"24,4 : 53.85"
"24,5 : 75.17"
"24,6 : 15.81"
"24,7 : 78.71"
"24,8 : 81.06"
"24,9 : 21.54"
"24,10 : 58.31"
"24,11 : 42.06"
"24,12 : 36.4"
"24,13 : 59.67"
"24,14 : 74.09"
"24,15 : 29.83"
"24,16 : 72.47"
"24,17 : 23.35"
"24,18 : 18.87"
"24,19 : 45.71"
"24,20 : 75.39"
"24,21 : 52.2"
"24,22 : 44.15"
"24,23 : 24.04"
"24,24 : 0.0"
"24,25 : 66.85"
"24,26 : 72.45"
"24,27 : 66.19"
"24,28 : 58.52"
"24,29 : 76.97"
"24,30 : 63.06"
"24,31 : 55.95"
"24,32 : 59.41"
"24,33 : 37.05"
"24,34 : 61.0"
"24,35 : 85.23"
"24,36 : 50.25"
"24,37 : 42.95"
"24,38 : 55.0"
"24,39 : 74.33"
"24,40 : 63.79"
"24,41 : 76.06"
"24,42 : 54.08"
"24,43 : 15.13"
"24,44 : 66.13"
"24,45 : 51.24"
"24,46 : 22.56"
"24,47 : 93.23"
"24,48 : 86.38"
"24,49 : 72.95"
"25,0 : 43.42"
"25,1 : 7.28"
"25,2 : 50.33"
"25,3 : 66.48"
"25,4 : 55.36"
"25,5 : 34.54"
"25,6 : 79.56"
"25,7 : 61.52"
"25,8 : 33.84"
"25,9 : 45.31"
"25,10 : 13.0"
"25,11 : 51.48"
"25,12 : 57.43"
"25,13 : 39.2"
"25,14 : 7.28"
"25,15 : 39.46"
"25,16 : 34.89"
"25,17 : 89.01"
"25,18 : 79.43"
"25,19 : 57.58"
"25,20 : 53.6"
"25,21 : 80.96"
"25,22 : 39.82"
"25,23 : 79.4"
"25,24 : 66.85"
"25,25 : 0.0"
"25,26 : 6.0"
"25,27 : 5.83"
"25,28 : 10.0"
"25,29 : 10.63"
"25,30 : 41.01"
"25,31 : 53.6"
"25,32 : 64.66"
"25,33 : 89.11"
"25,34 : 36.06"
"25,35 : 59.48"
"25,36 : 32.31"
"25,37 : 39.45"
"25,38 : 68.88"
"25,39 : 40.52"
"25,40 : 35.01"
"25,41 : 26.08"
"25,42 : 57.57"
"25,43 : 72.11"
"25,44 : 48.0"
"25,45 : 52.77"
"25,46 : 57.08"
"25,47 : 32.2"
"25,48 : 58.19"
"25,49 : 15.03"
"26,0 : 49.24"
"26,1 : 2.24"
"26,2 : 54.45"
"26,3 : 72.28"
"26,4 : 57.38"
"26,5 : 37.22"
"26,6 : 85.38"
"26,7 : 61.03"
"26,8 : 30.87"
"26,9 : 50.92"
"26,10 : 18.68"
"26,11 : 54.64"
"26,12 : 61.07"
"26,13 : 40.26"
"26,14 : 2.24"
"26,15 : 45.4"
"26,16 : 38.01"
"26,17 : 94.37"
"26,18 : 85.33"
"26,19 : 63.25"
"26,20 : 53.04"
"26,21 : 86.68"
"26,22 : 43.01"
"26,23 : 85.38"
"26,24 : 72.45"
"26,25 : 6.0"
"26,26 : 0.0"
"26,27 : 10.3"
"26,28 : 14.42"
"26,29 : 7.28"
"26,30 : 41.59"
"26,31 : 55.36"
"26,32 : 69.84"
"26,33 : 93.51"
"26,34 : 36.88"
"26,35 : 58.05"
"26,36 : 34.99"
"26,37 : 42.8"
"26,38 : 74.32"
"26,39 : 39.32"
"26,40 : 35.36"
"26,41 : 23.41"
"26,42 : 59.62"
"26,43 : 77.18"
"26,44 : 48.37"
"26,45 : 58.18"
"26,46 : 63.07"
"26,47 : 30.08"
"26,48 : 56.52"
"26,49 : 16.55"
"27,0 : 42.15"
"27,1 : 12.21"
"27,2 : 52.43"
"27,3 : 62.37"
"27,4 : 59.44"
"27,5 : 28.79"
"27,6 : 78.11"
"27,7 : 66.91"
"27,8 : 39.66"
"27,9 : 44.78"
"27,10 : 9.0"
"27,11 : 54.63"
"27,12 : 60.03"
"27,13 : 44.01"
"27,14 : 10.44"
"27,15 : 37.64"
"27,16 : 29.07"
"27,17 : 88.84"
"27,18 : 77.62"
"27,19 : 53.16"
"27,20 : 59.03"
"27,21 : 76.66"
"27,22 : 43.08"
"27,23 : 77.1"
"27,24 : 66.19"
"27,25 : 5.83"
"27,26 : 10.3"
"27,27 : 0.0"
"27,28 : 13.34"
"27,29 : 11.18"
"27,30 : 46.04"
"27,31 : 57.87"
"27,32 : 59.54"
"27,33 : 90.61"
"27,34 : 41.01"
"27,35 : 65.15"
"27,36 : 36.14"
"27,37 : 42.54"
"27,38 : 64.08"
"27,39 : 46.17"
"27,40 : 40.2"
"27,41 : 31.91"
"27,42 : 61.61"
"27,43 : 72.62"
"27,44 : 53.08"
"27,45 : 47.93"
"27,46 : 54.59"
"27,47 : 29.41"
"27,48 : 63.91"
"27,49 : 10.2"
"28,0 : 36.12"
"28,1 : 14.32"
"28,2 : 40.36"
"28,3 : 63.56"
"28,4 : 46.1"
"28,5 : 40.61"
"28,6 : 72.01"
"28,7 : 54.82"
"28,8 : 32.02"
"28,9 : 37.11"
"28,10 : 14.32"
"28,11 : 41.59"
"28,12 : 47.43"
"28,13 : 31.06"
"28,14 : 16.4"
"28,15 : 33.06"
"28,16 : 40.26"
"28,17 : 80.11"
"28,18 : 72.34"
"28,19 : 55.57"
"28,20 : 47.13"
"28,21 : 78.29"
"28,22 : 29.97"
"28,23 : 73.0"
"28,24 : 58.52"
"28,25 : 10.0"
"28,26 : 14.42"
"28,27 : 13.34"
"28,28 : 0.0"
"28,29 : 20.52"
"28,30 : 33.38"
"28,31 : 44.55"
"28,32 : 64.54"
"28,33 : 79.25"
"28,34 : 28.28"
"28,35 : 54.13"
"28,36 : 22.8"
"28,37 : 29.53"
"28,38 : 67.68"
"28,39 : 35.36"
"28,40 : 27.89"
"28,41 : 24.41"
"28,42 : 48.27"
"28,43 : 62.77"
"28,44 : 40.45"
"28,45 : 52.01"
"28,46 : 51.24"
"28,47 : 42.06"
"28,48 : 53.24"
"28,49 : 23.54"
"29,0 : 53.14"
"29,1 : 9.06"
"29,2 : 60.88"
"29,3 : 72.84"
"29,4 : 64.62"
"29,5 : 32.65"
"29,6 : 89.19"
"29,7 : 68.0"
"29,8 : 36.69"
"29,9 : 55.46"
"29,10 : 20.1"
"29,11 : 61.59"
"29,12 : 67.8"
"29,13 : 47.54"
"29,14 : 5.1"
"29,15 : 48.76"
"29,16 : 33.94"
"29,17 : 99.36"
"29,18 : 88.77"
"29,19 : 63.35"
"29,20 : 60.0"
"29,21 : 86.88"
"29,22 : 49.93"
"29,23 : 88.28"
"29,24 : 76.97"
"29,25 : 10.63"
"29,26 : 7.28"
"29,27 : 11.18"
"29,28 : 20.52"
"29,29 : 0.0"
"29,30 : 48.84"
"29,31 : 62.63"
"29,32 : 68.54"
"29,33 : 99.72"
"29,34 : 44.15"
"29,35 : 64.63"
"29,36 : 42.06"
"29,37 : 49.65"
"29,38 : 73.68"
"29,39 : 46.1"
"29,40 : 42.58"
"29,41 : 29.61"
"29,42 : 66.85"
"29,43 : 82.66"
"29,44 : 55.58"
"29,45 : 57.57"
"29,46 : 65.76"
"29,47 : 22.8"
"29,48 : 62.97"
"29,49 : 12.04"
"30,0 : 50.8"
"30,1 : 39.81"
"30,2 : 32.14"
"30,3 : 86.31"
"30,4 : 19.21"
"30,5 : 73.98"
"30,6 : 78.85"
"30,7 : 21.93"
"30,8 : 23.85"
"30,9 : 47.51"
"30,10 : 47.3"
"30,11 : 24.33"
"30,12 : 32.56"
"30,13 : 3.61"
"30,14 : 43.74"
"30,15 : 51.66"
"30,16 : 73.55"
"30,17 : 78.0"
"30,18 : 81.27"
"30,19 : 80.81"
"30,20 : 15.0"
"30,21 : 100.66"
"30,22 : 18.97"
"30,23 : 84.69"
"30,24 : 63.06"
"30,25 : 41.01"
"30,26 : 41.59"
"30,27 : 46.04"
"30,28 : 33.38"
"30,29 : 48.84"
"30,30 : 0.0"
"30,31 : 16.28"
"30,32 : 92.42"
"30,33 : 66.41"
"30,34 : 5.1"
"30,35 : 24.08"
"30,36 : 15.56"
"30,37 : 20.25"
"30,38 : 93.61"
"30,39 : 12.17"
"30,40 : 6.32"
"30,41 : 24.21"
"30,42 : 21.26"
"30,43 : 59.01"
"30,44 : 7.07"
"30,45 : 79.63"
"30,46 : 67.68"
"30,47 : 71.59"
"30,48 : 24.41"
"30,49 : 56.0"
"31,0 : 50.22"
"31,1 : 53.85"
"31,2 : 24.41"
"31,3 : 86.61"
"31,4 : 3.16"
"31,5 : 84.0"
"31,6 : 71.55"
"31,7 : 22.85"
"31,8 : 40.0"
"31,9 : 45.45"
"31,10 : 57.01"
"31,11 : 13.89"
"31,12 : 20.62"
"31,13 : 15.81"
"31,14 : 57.58"
"31,15 : 52.84"
"31,16 : 83.05"
"31,17 : 66.91"
"31,18 : 74.79"
"31,19 : 82.86"
"31,20 : 21.02"
"31,21 : 100.12"
"31,22 : 18.03"
"31,23 : 79.32"
"31,24 : 55.95"
"31,25 : 53.6"
"31,26 : 55.36"
"31,27 : 57.87"
"31,28 : 44.55"
"31,29 : 62.63"
"31,30 : 16.28"
"31,31 : 0.0"
"31,32 : 95.71"
"31,33 : 51.97"
"31,34 : 19.42"
"31,35 : 30.41"
"31,36 : 22.02"
"31,37 : 19.31"
"31,38 : 95.52"
"31,39 : 27.29"
"31,40 : 22.02"
"31,41 : 40.36"
"31,42 : 5.0"
"31,43 : 48.51"
"31,44 : 13.6"
"31,45 : 83.26"
"31,46 : 65.86"
"31,47 : 85.38"
"31,48 : 32.14"
"31,49 : 68.07"
"32,0 : 46.84"
"32,1 : 71.69"
"32,2 : 75.29"
"32,3 : 18.36"
"32,4 : 95.34"
"32,5 : 42.05"
"32,6 : 58.31"
"32,7 : 113.99"
"32,8 : 96.54"
"32,9 : 52.63"
"32,10 : 51.87"
"32,11 : 84.5"
"32,12 : 83.93"
"32,13 : 89.05"
"32,14 : 69.77"
"32,15 : 43.08"
"32,16 : 39.12"
"32,17 : 78.75"
"32,18 : 54.13"
"32,19 : 14.04"
"32,20 : 107.42"
"32,21 : 23.77"
"32,22 : 77.83"
"32,23 : 48.37"
"32,24 : 59.41"
"32,25 : 64.66"
"32,26 : 69.84"
"32,27 : 59.54"
"32,28 : 64.54"
"32,29 : 68.54"
"32,30 : 92.42"
"32,31 : 95.71"
"32,32 : 0.0"
"32,33 : 96.42"
"32,34 : 87.8"
"32,35 : 116.04"
"32,36 : 77.1"
"32,37 : 76.48"
"32,38 : 8.06"
"32,39 : 98.41"
"32,40 : 88.87"
"32,41 : 88.87"
"32,42 : 96.77"
"32,43 : 74.17"
"32,44 : 98.74"
"32,45 : 12.81"
"32,46 : 37.05"
"32,47 : 69.18"
"32,48 : 115.75"
"32,49 : 57.25"
"33,0 : 55.54"
"33,1 : 92.96"
"33,2 : 39.2"
"33,3 : 80.0"
"33,4 : 48.84"
"33,5 : 106.94"
"33,6 : 43.97"
"33,7 : 72.01"
"33,8 : 89.69"
"33,9 : 50.09"
"33,10 : 84.81"
"33,11 : 42.54"
"33,12 : 34.44"
"33,13 : 64.26"
"33,14 : 95.59"
"33,15 : 61.33"
"33,16 : 104.66"
"33,17 : 25.81"
"33,18 : 49.04"
"33,19 : 82.61"
"33,20 : 72.56"
"33,21 : 87.97"
"33,22 : 52.48"
"33,23 : 56.04"
"33,24 : 37.05"
"33,25 : 89.11"
"33,26 : 93.51"
"33,27 : 90.61"
"33,28 : 79.25"
"33,29 : 99.72"
"33,30 : 66.41"
"33,31 : 51.97"
"33,32 : 96.42"
"33,33 : 0.0"
"33,34 : 67.23"
"33,35 : 81.15"
"33,36 : 61.06"
"33,37 : 52.15"
"33,38 : 92.02"
"33,39 : 78.45"
"33,40 : 70.38"
"33,41 : 87.66"
"33,42 : 47.52"
"33,43 : 22.36"
"33,44 : 65.51"
"33,45 : 87.66"
"33,46 : 59.41"
"33,47 : 119.85"
"33,48 : 83.29"
"33,49 : 99.49"
"34,0 : 47.17"
"34,1 : 35.17"
"34,2 : 31.06"
"34,3 : 82.22"
"34,4 : 22.02"
"34,5 : 68.88"
"34,6 : 76.69"
"34,7 : 26.93"
"34,8 : 22.47"
"34,9 : 44.28"
"34,10 : 42.2"
"34,11 : 24.7"
"34,12 : 32.89"
"34,13 : 3.61"
"34,14 : 39.05"
"34,15 : 47.63"
"34,16 : 68.45"
"34,17 : 77.16"
"34,18 : 78.85"
"34,19 : 76.42"
"34,20 : 19.72"
"34,21 : 96.67"
"34,22 : 17.03"
"34,23 : 81.93"
"34,24 : 61.0"
"34,25 : 36.06"
"34,26 : 36.88"
"34,27 : 41.01"
"34,28 : 28.28"
"34,29 : 44.15"
"34,30 : 5.1"
"34,31 : 19.42"
"34,32 : 87.8"
"34,33 : 67.23"
"34,34 : 0.0"
"34,35 : 28.32"
"34,36 : 11.66"
"34,37 : 18.11"
"34,38 : 89.2"
"34,39 : 13.34"
"34,40 : 3.16"
"34,41 : 21.26"
"34,42 : 24.21"
"34,43 : 58.14"
"34,44 : 12.17"
"34,45 : 75.0"
"34,46 : 64.14"
"34,47 : 66.94"
"34,48 : 28.32"
"34,49 : 51.01"
"35,0 : 74.81"
"35,1 : 55.9"
"35,2 : 53.49"
"35,3 : 110.39"
"35,4 : 33.24"
"35,5 : 93.92"
"35,6 : 101.02"
"35,7 : 9.85"
"35,8 : 29.07"
"35,9 : 71.28"
"35,10 : 68.45"
"35,11 : 43.68"
"35,12 : 50.99"
"35,13 : 27.66"
"35,14 : 59.84"
"35,15 : 75.74"
"35,16 : 93.98"
"35,17 : 97.32"
"35,18 : 103.87"
"35,19 : 104.74"
"35,20 : 9.85"
"35,21 : 124.74"
"35,22 : 42.19"
"35,23 : 107.78"
"35,24 : 85.23"
"35,25 : 59.48"
"35,26 : 58.05"
"35,27 : 65.15"
"35,28 : 54.13"
"35,29 : 64.63"
"35,30 : 24.08"
"35,31 : 30.41"
"35,32 : 116.04"
"35,33 : 81.15"
"35,34 : 28.32"
"35,35 : 0.0"
"35,36 : 39.62"
"35,37 : 43.57"
"35,38 : 117.52"
"35,39 : 18.97"
"35,40 : 27.2"
"35,41 : 35.13"
"35,42 : 34.06"
"35,43 : 78.85"
"35,44 : 19.24"
"35,45 : 103.23"
"35,46 : 91.61"
"35,47 : 86.05"
"35,48 : 2.83"
"35,49 : 74.22"
"36,0 : 35.51"
"36,1 : 33.84"
"36,2 : 22.47"
"36,3 : 70.77"
"36,4 : 23.35"
"36,5 : 62.01"
"36,6 : 65.76"
"36,7 : 36.89"
"36,8 : 31.06"
"36,9 : 32.7"
"36,10 : 35.0"
"36,11 : 19.85"
"36,12 : 27.02"
"36,13 : 12.04"
"36,14 : 37.22"
"36,15 : 36.12"
"36,16 : 61.13"
"36,17 : 67.9"
"36,18 : 67.68"
"36,19 : 65.3"
"36,20 : 30.48"
"36,21 : 85.15"
"36,22 : 8.6"
"36,23 : 70.52"
"36,24 : 50.25"
"36,25 : 32.31"
"36,26 : 34.99"
"36,27 : 36.14"
"36,28 : 22.8"
"36,29 : 42.06"
"36,30 : 15.56"
"36,31 : 22.02"
"36,32 : 77.1"
"36,33 : 61.06"
"36,34 : 11.66"
"36,35 : 39.62"
"36,36 : 0.0"
"36,37 : 8.94"
"36,38 : 78.1"
"36,39 : 24.7"
"36,40 : 13.93"
"36,41 : 27.2"
"36,42 : 25.5"
"36,43 : 49.03"
"36,44 : 21.63"
"36,45 : 64.35"
"36,46 : 52.48"
"36,47 : 64.47"
"36,48 : 39.82"
"36,49 : 46.32"
"37,0 : 31.83"
"37,1 : 41.87"
"37,2 : 13.6"
"37,3 : 68.12"
"37,4 : 19.42"
"37,5 : 66.37"
"37,6 : 58.69"
"37,7 : 38.9"
"37,8 : 39.46"
"37,9 : 27.8"
"37,10 : 39.81"
"37,11 : 12.08"
"37,12 : 18.38"
"37,13 : 16.76"
"37,14 : 45.0"
"37,15 : 33.84"
"37,16 : 65.12"
"37,17 : 59.41"
"37,18 : 61.03"
"37,19 : 63.81"
"37,20 : 33.84"
"37,21 : 82.04"
"37,22 : 1.41"
"37,23 : 64.47"
"37,24 : 42.95"
"37,25 : 39.45"
"37,26 : 42.8"
"37,27 : 42.54"
"37,28 : 29.53"
"37,29 : 49.65"
"37,30 : 20.25"
"37,31 : 19.31"
"37,32 : 76.48"
"37,33 : 52.15"
"37,34 : 18.11"
"37,35 : 43.57"
"37,36 : 8.94"
"37,37 : 0.0"
"37,38 : 76.55"
"37,39 : 31.4"
"37,40 : 21.02"
"37,41 : 36.06"
"37,42 : 21.21"
"37,43 : 40.45"
"37,44 : 24.41"
"37,45 : 63.98"
"37,46 : 48.27"
"37,47 : 71.59"
"37,48 : 44.29"
"37,49 : 52.55"
"38,0 : 45.62"
"38,1 : 76.06"
"38,2 : 73.93"
"38,3 : 12.17"
"38,4 : 94.89"
"38,5 : 49.04"
"38,6 : 52.2"
"38,7 : 114.81"
"38,8 : 99.62"
"38,9 : 51.08"
"38,10 : 55.9"
"38,11 : 83.63"
"38,12 : 82.28"
"38,13 : 90.14"
"38,14 : 74.46"
"38,15 : 42.72"
"38,16 : 46.01"
"38,17 : 73.01"
"38,18 : 47.76"
"38,19 : 12.81"
"38,20 : 108.58"
"38,21 : 15.81"
"38,22 : 77.94"
"38,23 : 41.63"
"38,24 : 55.0"
"38,25 : 68.88"
"38,26 : 74.32"
"38,27 : 64.08"
"38,28 : 67.68"
"38,29 : 73.68"
"38,30 : 93.61"
"38,31 : 95.52"
"38,32 : 8.06"
"38,33 : 92.02"
"38,34 : 89.2"
"38,35 : 117.52"
"38,36 : 78.1"
"38,37 : 76.55"
"38,38 : 0.0"
"38,39 : 100.45"
"38,40 : 90.52"
"38,41 : 92.09"
"38,42 : 96.18"
"38,43 : 70.03"
"38,44 : 99.64"
"38,45 : 16.16"
"38,46 : 33.38"
"38,47 : 76.01"
"38,48 : 117.41"
"38,49 : 62.82"
"39,0 : 59.94"
"39,1 : 37.22"
"39,2 : 44.01"
"39,3 : 94.2"
"39,4 : 30.41"
"39,5 : 74.95"
"39,6 : 90.03"
"39,7 : 22.2"
"39,8 : 13.6"
"39,9 : 57.38"
"39,10 : 49.65"
"39,11 : 36.5"
"39,12 : 44.72"
"39,13 : 15.0"
"39,14 : 41.19"
"39,15 : 59.91"
"39,16 : 75.03"
"39,17 : 90.02"
"39,18 : 92.18"
"39,19 : 87.78"
"39,20 : 14.32"
"39,21 : 108.81"
"39,22 : 30.27"
"39,23 : 95.19"
"39,24 : 74.33"
"39,25 : 40.52"
"39,26 : 39.32"
"39,27 : 46.17"
"39,28 : 35.36"
"39,29 : 46.1"
"39,30 : 12.17"
"39,31 : 27.29"
"39,32 : 98.41"
"39,33 : 78.45"
"39,34 : 13.34"
"39,35 : 18.97"
"39,36 : 24.7"
"39,37 : 31.4"
"39,38 : 100.45"
"39,39 : 0.0"
"39,40 : 10.77"
"39,41 : 17.26"
"39,42 : 32.25"
"39,43 : 71.01"
"39,44 : 14.21"
"39,45 : 85.63"
"39,46 : 76.94"
"39,47 : 68.07"
"39,48 : 17.89"
"39,49 : 55.32"
"40,0 : 49.24"
"40,1 : 33.54"
"40,2 : 34.13"
"40,3 : 83.87"
"40,4 : 24.76"
"40,5 : 68.45"
"40,6 : 79.43"
"40,7 : 26.93"
"40,8 : 19.31"
"40,9 : 46.62"
"40,10 : 42.06"
"40,11 : 27.86"
"40,12 : 36.06"
"40,13 : 6.4"
"40,14 : 37.48"
"40,15 : 49.41"
"40,16 : 68.15"
"40,17 : 80.22"
"40,18 : 81.49"
"40,19 : 77.78"
"40,20 : 19.31"
"40,21 : 98.41"
"40,22 : 20.0"
"40,23 : 84.43"
"40,24 : 63.79"
"40,25 : 35.01"
"40,26 : 35.36"
"40,27 : 40.2"
"40,28 : 27.89"
"40,29 : 42.58"
"40,30 : 6.32"
"40,31 : 22.02"
"40,32 : 88.87"
"40,33 : 70.38"
"40,34 : 3.16"
"40,35 : 27.2"
"40,36 : 13.93"
"40,37 : 21.02"
"40,38 : 90.52"
"40,39 : 10.77"
"40,40 : 0.0"
"40,41 : 18.38"
"40,42 : 26.91"
"40,43 : 61.2"
"40,44 : 13.04"
"40,45 : 76.06"
"40,46 : 66.24"
"40,47 : 65.31"
"40,48 : 26.91"
"40,49 : 50.04"
"41,0 : 57.07"
"41,1 : 21.19"
"41,2 : 49.65"
"41,3 : 87.66"
"41,4 : 43.14"
"41,5 : 60.37"
"41,6 : 91.02"
"41,7 : 39.46"
"41,8 : 7.81"
"41,9 : 56.22"
"41,10 : 37.48"
"41,11 : 45.28"
"41,12 : 53.24"
"41,13 : 24.76"
"41,14 : 25.0"
"41,15 : 55.36"
"41,16 : 60.9"
"41,17 : 94.92"
"41,18 : 92.27"
"41,19 : 79.92"
"41,20 : 31.58"
"41,21 : 102.42"
"41,22 : 35.47"
"41,23 : 94.05"
"41,24 : 76.06"
"41,25 : 26.08"
"41,26 : 23.41"
"41,27 : 31.91"
"41,28 : 24.41"
"41,29 : 29.61"
"41,30 : 24.21"
"41,31 : 40.36"
"41,32 : 88.87"
"41,33 : 87.66"
"41,34 : 21.26"
"41,35 : 35.13"
"41,36 : 27.2"
"41,37 : 36.06"
"41,38 : 92.09"
"41,39 : 17.26"
"41,40 : 18.38"
"41,41 : 0.0"
"41,42 : 45.28"
"41,43 : 76.16"
"41,44 : 29.53"
"41,45 : 76.4"
"41,46 : 73.5"
"41,47 : 51.0"
"41,48 : 33.38"
"41,49 : 39.92"
"42,0 : 50.61"
"42,1 : 58.18"
"42,2 : 23.35"
"42,3 : 86.82"
"42,4 : 2.24"
"42,5 : 87.09"
"42,6 : 69.46"
"42,7 : 25.71"
"42,8 : 45.0"
"42,9 : 45.49"
"42,10 : 60.21"
"42,11 : 12.81"
"42,12 : 17.89"
"42,13 : 20.62"
"42,14 : 61.85"
"42,15 : 53.71"
"42,16 : 86.01"
"42,17 : 63.56"
"42,18 : 72.95"
"42,19 : 83.63"
"42,20 : 25.08"
"42,21 : 100.0"
"42,22 : 20.1"
"42,23 : 77.8"
"42,24 : 54.08"
"42,25 : 57.57"
"42,26 : 59.62"
"42,27 : 61.61"
"42,28 : 48.27"
"42,29 : 66.85"
"42,30 : 21.26"
"42,31 : 5.0"
"42,32 : 96.77"
"42,33 : 47.52"
"42,34 : 24.21"
"42,35 : 34.06"
"42,36 : 25.5"
"42,37 : 21.21"
"42,38 : 96.18"
"42,39 : 32.25"
"42,40 : 26.91"
"42,41 : 45.28"
"42,42 : 0.0"
"42,43 : 45.54"
"42,44 : 18.38"
"42,45 : 84.5"
"42,46 : 65.6"
"42,47 : 89.54"
"42,48 : 36.0"
"42,49 : 71.81"
"43,0 : 34.13"
"43,1 : 77.03"
"43,2 : 27.07"
"43,3 : 58.14"
"43,4 : 45.88"
"43,5 : 85.98"
"43,6 : 26.25"
"43,7 : 71.17"
"43,8 : 79.91"
"43,9 : 29.21"
"43,10 : 65.8"
"43,11 : 35.36"
"43,12 : 27.89"
"43,13 : 56.01"
"43,14 : 79.08"
"43,15 : 39.96"
"43,16 : 83.53"
"43,17 : 19.03"
"43,18 : 30.81"
"43,19 : 60.3"
"43,20 : 69.23"
"43,21 : 67.19"
"43,22 : 41.3"
"43,23 : 37.22"
"43,24 : 15.13"
"43,25 : 72.11"
"43,26 : 77.18"
"43,27 : 72.62"
"43,28 : 62.77"
"43,29 : 82.66"
"43,30 : 59.01"
"43,31 : 48.51"
"43,32 : 74.17"
"43,33 : 22.36"
"43,34 : 58.14"
"43,35 : 78.85"
"43,36 : 49.03"
"43,37 : 40.45"
"43,38 : 70.03"
"43,39 : 71.01"
"43,40 : 61.2"
"43,41 : 76.16"
"43,42 : 45.54"
"43,43 : 0.0"
"43,44 : 60.53"
"43,45 : 65.31"
"43,46 : 37.12"
"43,47 : 101.18"
"43,48 : 80.41"
"43,49 : 80.66"
"44,0 : 55.97"
"44,1 : 46.53"
"44,2 : 34.48"
"44,3 : 91.93"
"44,4 : 16.76"
"44,5 : 81.05"
"44,6 : 81.93"
"44,7 : 15.26"
"44,8 : 27.59"
"44,9 : 52.2"
"44,10 : 54.34"
"44,11 : 25.18"
"44,12 : 33.02"
"44,13 : 9.85"
"44,14 : 50.49"
"44,15 : 57.31"
"44,16 : 80.6"
"44,17 : 79.31"
"44,18 : 84.69"
"44,19 : 86.83"
"44,20 : 9.43"
"44,21 : 106.1"
"44,22 : 23.02"
"44,23 : 88.55"
"44,24 : 66.13"
"44,25 : 48.0"
"44,26 : 48.37"
"44,27 : 53.08"
"44,28 : 40.45"
"44,29 : 55.58"
"44,30 : 7.07"
"44,31 : 13.6"
"44,32 : 98.74"
"44,33 : 65.51"
"44,34 : 12.17"
"44,35 : 19.24"
"44,36 : 21.63"
"44,37 : 24.41"
"44,38 : 99.64"
"44,39 : 14.21"
"44,40 : 13.04"
"44,41 : 29.53"
"44,42 : 18.38"
"44,43 : 60.53"
"44,44 : 0.0"
"44,45 : 85.98"
"44,46 : 72.62"
"44,47 : 78.26"
"44,48 : 20.25"
"44,49 : 63.01"
"45,0 : 35.36"
"45,1 : 59.93"
"45,2 : 63.56"
"45,3 : 18.03"
"45,4 : 83.01"
"45,5 : 34.93"
"45,6 : 53.25"
"45,7 : 101.24"
"45,8 : 84.02"
"45,9 : 41.3"
"45,10 : 39.82"
"45,11 : 72.42"
"45,12 : 72.37"
"45,13 : 76.28"
"45,14 : 58.31"
"45,15 : 31.05"
"45,16 : 31.78"
"45,17 : 72.45"
"45,18 : 49.82"
"45,19 : 8.06"
"45,20 : 94.63"
"45,21 : 30.02"
"45,22 : 65.31"
"45,23 : 45.25"
"45,24 : 51.24"
"45,25 : 52.77"
"45,26 : 58.18"
"45,27 : 47.93"
"45,28 : 52.01"
"45,29 : 57.57"
"45,30 : 79.63"
"45,31 : 83.26"
"45,32 : 12.81"
"45,33 : 87.66"
"45,34 : 75.0"
"45,35 : 103.23"
"45,36 : 64.35"
"45,37 : 63.98"
"45,38 : 16.16"
"45,39 : 85.63"
"45,40 : 76.06"
"45,41 : 76.4"
"45,42 : 84.5"
"45,43 : 65.31"
"45,44 : 85.98"
"45,45 : 0.0"
"45,46 : 28.79"
"45,47 : 61.2"
"45,48 : 102.94"
"45,49 : 46.87"
"46,0 : 17.0"
"46,1 : 64.01"
"46,2 : 42.44"
"46,3 : 22.14"
"46,4 : 64.66"
"46,5 : 56.22"
"46,6 : 26.25"
"46,7 : 87.11"
"46,8 : 80.01"
"46,9 : 20.52"
"46,10 : 45.71"
"46,11 : 52.8"
"46,12 : 50.12"
"46,13 : 64.07"
"46,14 : 64.2"
"46,15 : 18.25"
"46,16 : 53.26"
"46,17 : 43.91"
"46,18 : 24.19"
"46,19 : 23.19"
"46,20 : 82.01"
"46,21 : 34.41"
"46,22 : 49.68"
"46,23 : 22.56"
"46,24 : 22.56"
"46,25 : 57.08"
"46,26 : 63.07"
"46,27 : 54.59"
"46,28 : 51.24"
"46,29 : 65.76"
"46,30 : 67.68"
"46,31 : 65.86"
"46,32 : 37.05"
"46,33 : 59.41"
"46,34 : 64.14"
"46,35 : 91.61"
"46,36 : 52.48"
"46,37 : 48.27"
"46,38 : 33.38"
"46,39 : 76.94"
"46,40 : 66.24"
"46,41 : 73.5"
"46,42 : 65.6"
"46,43 : 37.12"
"46,44 : 72.62"
"46,45 : 28.79"
"46,46 : 0.0"
"46,47 : 77.88"
"46,48 : 92.09"
"46,49 : 58.82"
"47,0 : 68.82"
"47,1 : 31.78"
"47,2 : 81.84"
"47,3 : 78.77"
"47,4 : 87.32"
"47,5 : 27.17"
"47,6 : 103.35"
"47,7 : 90.2"
"47,8 : 57.22"
"47,9 : 72.47"
"47,10 : 35.38"
"47,11 : 83.65"
"47,12 : 89.36"
"47,13 : 70.34"
"47,14 : 27.89"
"47,15 : 63.51"
"47,16 : 30.07"
"47,17 : 116.4"
"47,18 : 101.98"
"47,19 : 68.59"
"47,20 : 82.22"
"47,21 : 91.09"
"47,22 : 72.01"
"47,23 : 100.09"
"47,24 : 93.23"
"47,25 : 32.2"
"47,26 : 30.08"
"47,27 : 29.41"
"47,28 : 42.06"
"47,29 : 22.8"
"47,30 : 71.59"
"47,31 : 85.38"
"47,32 : 69.18"
"47,33 : 119.85"
"47,34 : 66.94"
"47,35 : 86.05"
"47,36 : 64.47"
"47,37 : 71.59"
"47,38 : 76.01"
"47,39 : 68.07"
"47,40 : 65.31"
"47,41 : 51.0"
"47,42 : 89.54"
"47,43 : 101.18"
"47,44 : 78.26"
"47,45 : 61.2"
"47,46 : 77.88"
"47,47 : 0.0"
"47,48 : 84.15"
"47,49 : 20.52"
"48,0 : 75.21"
"48,1 : 54.34"
"48,2 : 54.71"
"48,3 : 110.54"
"48,4 : 35.06"
"48,5 : 92.7"
"48,6 : 102.18"
"48,7 : 12.53"
"48,8 : 27.0"
"48,9 : 71.87"
"48,10 : 67.54"
"48,11 : 45.12"
"48,12 : 52.61"
"48,13 : 28.02"
"48,14 : 58.25"
"48,15 : 75.93"
"48,16 : 92.85"
"48,17 : 98.99"
"48,18 : 104.92"
"48,19 : 104.66"
"48,20 : 11.18"
"48,21 : 124.96"
"48,22 : 42.94"
"48,23 : 108.69"
"48,24 : 86.38"
"48,25 : 58.19"
"48,26 : 56.52"
"48,27 : 63.91"
"48,28 : 53.24"
"48,29 : 62.97"
"48,30 : 24.41"
"48,31 : 32.14"
"48,32 : 115.75"
"48,33 : 83.29"
"48,34 : 28.32"
"48,35 : 2.83"
"48,36 : 39.82"
"48,37 : 44.29"
"48,38 : 117.41"
"48,39 : 17.89"
"48,40 : 26.91"
"48,41 : 33.38"
"48,42 : 36.0"
"48,43 : 80.41"
"48,44 : 20.25"
"48,45 : 102.94"
"48,46 : 92.09"
"48,47 : 84.15"
"48,48 : 0.0"
"48,49 : 72.8"
"49,0 : 48.55"
"49,1 : 18.79"
"49,2 : 61.91"
"49,3 : 63.07"
"49,4 : 69.63"
"49,5 : 20.81"
"49,6 : 83.67"
"49,7 : 76.53"
"49,8 : 47.42"
"49,9 : 52.01"
"49,10 : 14.87"
"49,11 : 64.62"
"49,12 : 69.77"
"49,13 : 54.08"
"49,14 : 15.26"
"49,15 : 43.42"
"49,16 : 21.93"
"49,17 : 96.02"
"49,18 : 82.64"
"49,19 : 53.24"
"49,20 : 68.59"
"49,21 : 76.66"
"49,22 : 53.14"
"49,23 : 81.32"
"49,24 : 72.95"
"49,25 : 15.03"
"49,26 : 16.55"
"49,27 : 10.2"
"49,28 : 23.54"
"49,29 : 12.04"
"49,30 : 56.0"
"49,31 : 68.07"
"49,32 : 57.25"
"49,33 : 99.49"
"49,34 : 51.01"
"49,35 : 74.22"
"49,36 : 46.32"
"49,37 : 52.55"
"49,38 : 62.82"
"49,39 : 55.32"
"49,40 : 50.04"
"49,41 : 39.92"
"49,42 : 71.81"
"49,43 : 80.66"
"49,44 : 63.01"
"49,45 : 46.87"
"49,46 : 58.82"
"49,47 : 20.52"
"49,48 : 72.8"
"49,49 : 0.0"
