x,y
67,41
65,70
85,69
0,59
83,23
87,87
73,5
64,22
84,13
63,72
27,10
63,76
15,0
88,18
3,99
27,97
73,59
9,74
30,30
0,17
75,49
30,58
3,26
2,67
87,57
32,18
99,43
92,91
78,40
60,11
68,61
22,66
98,80
97,82
78,10
9,91
38,84
74,33
45,66
52,50
73,7
75,66
50,84
70,42
74,73
54,1
73,43
89,98
46,18
19,75

Distanze
"0,0 : 0.0"
"0,1 : 29.07"
"0,2 : 33.29"
"0,3 : 69.38"
"0,4 : 24.08"
"0,5 : 50.16"
"0,6 : 36.5"
"0,7 : 19.24"
"0,8 : 32.76"
"0,9 : 31.26"
"0,10 : 50.61"
"0,11 : 35.23"
"0,12 : 66.22"
"0,13 : 31.14"
"0,14 : 86.37"
"0,15 : 68.82"
"0,16 : 18.97"
"0,17 : 66.73"
"0,18 : 38.6"
"0,19 : 71.17"
"0,20 : 11.31"
"0,21 : 40.72"
"0,22 : 65.73"
"0,23 : 70.01"
"0,24 : 25.61"
"0,25 : 41.88"
"0,26 : 32.06"
"0,27 : 55.9"
"0,28 : 11.05"
"0,29 : 30.81"
"0,30 : 20.02"
"0,31 : 51.48"
"0,32 : 49.82"
"0,33 : 50.8"
"0,34 : 32.89"
"0,35 : 76.58"
"0,36 : 51.87"
"0,37 : 10.63"
"0,38 : 33.3"
"0,39 : 17.49"
"0,40 : 34.53"
"0,41 : 26.25"
"0,42 : 46.24"
"0,43 : 3.16"
"0,44 : 32.76"
"0,45 : 42.06"
"0,46 : 6.32"
"0,47 : 61.1"
"0,48 : 31.14"
"0,49 : 58.82"
"1,0 : 29.07"
"1,1 : 0.0"
"1,2 : 20.02"
"1,3 : 65.92"
"1,4 : 50.33"
"1,5 : 27.8"
"1,6 : 65.49"
"1,7 : 48.01"
"1,8 : 60.08"
"1,9 : 2.83"
"1,10 : 71.02"
"1,11 : 6.32"
"1,12 : 86.02"
"1,13 : 56.86"
"1,14 : 68.45"
"1,15 : 46.62"
"1,16 : 13.6"
"1,17 : 56.14"
"1,18 : 53.15"
"1,19 : 83.87"
"1,20 : 23.26"
"1,21 : 37.0"
"1,22 : 76.03"
"1,23 : 63.07"
"1,24 : 25.55"
"1,25 : 61.59"
"1,26 : 43.42"
"1,27 : 34.21"
"1,28 : 32.7"
"1,29 : 59.21"
"1,30 : 9.49"
"1,31 : 43.19"
"1,32 : 34.48"
"1,33 : 34.18"
"1,34 : 61.39"
"1,35 : 59.81"
"1,36 : 30.41"
"1,37 : 38.08"
"1,38 : 20.4"
"1,39 : 23.85"
"1,40 : 63.51"
"1,41 : 10.77"
"1,42 : 20.52"
"1,43 : 28.44"
"1,44 : 9.49"
"1,45 : 69.87"
"1,46 : 28.16"
"1,47 : 36.88"
"1,48 : 55.36"
"1,49 : 46.27"
"2,0 : 33.29"
"2,1 : 20.02"
"2,2 : 0.0"
"2,3 : 85.59"
"2,4 : 46.04"
"2,5 : 18.11"
"2,6 : 65.12"
"2,7 : 51.48"
"2,8 : 56.01"
"2,9 : 22.2"
"2,10 : 82.73"
"2,11 : 23.09"
"2,12 : 98.29"
"2,13 : 51.09"
"2,14 : 87.32"
"2,15 : 64.4"
"2,16 : 15.62"
"2,17 : 76.16"
"2,18 : 67.42"
"2,19 : 99.64"
"2,20 : 22.36"
"2,21 : 56.09"
"2,22 : 92.59"
"2,23 : 83.02"
"2,24 : 12.17"
"2,25 : 73.55"
"2,26 : 29.53"
"2,27 : 23.09"
"2,28 : 29.83"
"2,29 : 63.16"
"2,30 : 18.79"
"2,31 : 63.07"
"2,32 : 17.03"
"2,33 : 17.69"
"2,34 : 59.41"
"2,35 : 79.12"
"2,36 : 49.34"
"2,37 : 37.64"
"2,38 : 40.11"
"2,39 : 38.08"
"2,40 : 63.15"
"2,41 : 10.44"
"2,42 : 38.08"
"2,43 : 30.89"
"2,44 : 11.7"
"2,45 : 74.73"
"2,46 : 28.64"
"2,47 : 29.27"
"2,48 : 64.2"
"2,49 : 66.27"
"3,0 : 69.38"
"3,1 : 65.92"
"3,2 : 85.59"
"3,3 : 0.0"
"3,4 : 90.47"
"3,5 : 91.39"
"3,6 : 90.8"
"3,7 : 73.93"
"3,8 : 95.77"
"3,9 : 64.33"
"3,10 : 55.95"
"3,11 : 65.25"
"3,12 : 60.88"
"3,13 : 97.08"
"3,14 : 40.11"
"3,15 : 46.62"
"3,16 : 73.0"
"3,17 : 17.49"
"3,18 : 41.73"
"3,19 : 42.0"
"3,20 : 75.66"
"3,21 : 30.02"
"3,22 : 33.14"
"3,23 : 8.25"
"3,24 : 87.02"
"3,25 : 52.01"
"3,26 : 100.28"
"3,27 : 97.41"
"3,28 : 80.28"
"3,29 : 76.84"
"3,30 : 68.03"
"3,31 : 23.09"
"3,32 : 100.22"
"3,33 : 99.69"
"3,34 : 92.11"
"3,35 : 33.24"
"3,36 : 45.49"
"3,37 : 78.43"
"3,38 : 45.54"
"3,39 : 52.77"
"3,40 : 89.63"
"3,41 : 75.33"
"3,42 : 55.9"
"3,43 : 72.03"
"3,44 : 75.31"
"3,45 : 79.25"
"3,46 : 74.73"
"3,47 : 97.17"
"3,48 : 61.62"
"3,49 : 24.84"
"4,0 : 24.08"
"4,1 : 50.33"
"4,2 : 46.04"
"4,3 : 90.47"
"4,4 : 0.0"
"4,5 : 64.12"
"4,6 : 20.59"
"4,7 : 19.03"
"4,8 : 10.05"
"4,9 : 52.92"
"4,10 : 57.49"
"4,11 : 56.65"
"4,12 : 71.78"
"4,13 : 7.07"
"4,14 : 110.34"
"4,15 : 92.8"
"4,16 : 37.36"
"4,17 : 89.87"
"4,18 : 53.46"
"4,19 : 83.22"
"4,20 : 27.2"
"4,21 : 63.51"
"4,22 : 80.06"
"4,23 : 92.18"
"4,24 : 34.23"
"4,25 : 51.24"
"4,26 : 25.61"
"4,27 : 68.59"
"4,28 : 17.72"
"4,29 : 25.94"
"4,30 : 40.85"
"4,31 : 74.63"
"4,32 : 58.94"
"4,33 : 60.64"
"4,34 : 13.93"
"4,35 : 100.5"
"4,36 : 75.8"
"4,37 : 13.45"
"4,38 : 57.38"
"4,39 : 41.11"
"4,40 : 18.87"
"4,41 : 43.74"
"4,42 : 69.35"
"4,43 : 23.02"
"4,44 : 50.8"
"4,45 : 36.4"
"4,46 : 22.36"
"4,47 : 75.24"
"4,48 : 37.34"
"4,49 : 82.46"
"5,0 : 50.16"
"5,1 : 27.8"
"5,2 : 18.11"
"5,3 : 91.39"
"5,4 : 64.12"
"5,5 : 0.0"
"5,6 : 83.19"
"5,7 : 68.95"
"5,8 : 74.06"
"5,9 : 28.3"
"5,10 : 97.62"
"5,11 : 26.4"
"5,12 : 112.93"
"5,13 : 69.01"
"5,14 : 84.85"
"5,15 : 60.83"
"5,16 : 31.3"
"5,17 : 79.08"
"5,18 : 80.61"
"5,19 : 111.66"
"5,20 : 39.85"
"5,21 : 63.95"
"5,22 : 103.81"
"5,23 : 87.32"
"5,24 : 30.0"
"5,25 : 88.24"
"5,26 : 45.61"
"5,27 : 6.4"
"5,28 : 47.85"
"5,29 : 80.65"
"5,30 : 32.2"
"5,31 : 68.31"
"5,32 : 13.04"
"5,33 : 11.18"
"5,34 : 77.52"
"5,35 : 78.1"
"5,36 : 49.09"
"5,37 : 55.54"
"5,38 : 46.96"
"5,39 : 50.93"
"5,40 : 81.22"
"5,41 : 24.19"
"5,42 : 37.12"
"5,43 : 48.1"
"5,44 : 19.1"
"5,45 : 92.11"
"5,46 : 46.17"
"5,47 : 11.18"
"5,48 : 80.26"
"5,49 : 69.05"
"6,0 : 36.5"
"6,1 : 65.49"
"6,2 : 65.12"
"6,3 : 90.8"
"6,4 : 20.59"
"6,5 : 83.19"
"6,6 : 0.0"
"6,7 : 19.24"
"6,8 : 13.6"
"6,9 : 67.74"
"6,10 : 46.27"
"6,11 : 71.7"
"6,12 : 58.22"
"6,13 : 19.85"
"6,14 : 117.2"
"6,15 : 102.86"
"6,16 : 54.0"
"6,17 : 94.11"
"6,18 : 49.74"
"6,19 : 73.98"
"6,20 : 44.05"
"6,21 : 68.25"
"6,22 : 73.08"
"6,23 : 94.26"
"6,24 : 53.85"
"6,25 : 43.01"
"6,26 : 46.04"
"6,27 : 88.07"
"6,28 : 35.36"
"6,29 : 14.32"
"6,30 : 56.22"
"6,31 : 79.51"
"6,32 : 79.06"
"6,33 : 80.65"
"6,34 : 7.07"
"6,35 : 107.2"
"6,36 : 86.41"
"6,37 : 28.02"
"6,38 : 67.12"
"6,39 : 49.66"
"6,40 : 2.0"
"6,41 : 61.03"
"6,42 : 82.28"
"6,43 : 37.12"
"6,44 : 68.01"
"6,45 : 19.42"
"6,46 : 38.0"
"6,47 : 94.37"
"6,48 : 29.97"
"6,49 : 88.41"
"7,0 : 19.24"
"7,1 : 48.01"
"7,2 : 51.48"
"7,3 : 73.93"
"7,4 : 19.03"
"7,5 : 68.95"
"7,6 : 19.24"
"7,7 : 0.0"
"7,8 : 21.93"
"7,9 : 50.01"
"7,10 : 38.9"
"7,11 : 54.01"
"7,12 : 53.71"
"7,13 : 24.33"
"7,14 : 98.23"
"7,15 : 83.63"
"7,16 : 38.08"
"7,17 : 75.69"
"7,18 : 34.93"
"7,19 : 64.2"
"7,20 : 29.15"
"7,21 : 49.52"
"7,22 : 61.13"
"7,23 : 76.61"
"7,24 : 41.88"
"7,25 : 32.25"
"7,26 : 40.82"
"7,27 : 74.46"
"7,28 : 22.8"
"7,29 : 11.7"
"7,30 : 39.2"
"7,31 : 60.83"
"7,32 : 67.23"
"7,33 : 68.48"
"7,34 : 18.44"
"7,35 : 88.24"
"7,36 : 67.23"
"7,37 : 14.87"
"7,38 : 47.93"
"7,39 : 30.46"
"7,40 : 17.49"
"7,41 : 45.35"
"7,42 : 63.56"
"7,43 : 20.88"
"7,44 : 51.97"
"7,45 : 23.26"
"7,46 : 22.85"
"7,47 : 80.01"
"7,48 : 18.44"
"7,49 : 69.53"
"8,0 : 32.76"
"8,1 : 60.08"
"8,2 : 56.01"
"8,3 : 95.77"
"8,4 : 10.05"
"8,5 : 74.06"
"8,6 : 13.6"
"8,7 : 21.93"
"8,8 : 0.0"
"8,9 : 62.63"
"8,10 : 57.08"
"8,11 : 66.41"
"8,12 : 70.21"
"8,13 : 6.4"
"8,14 : 118.14"
"8,15 : 101.51"
"8,16 : 47.3"
"8,17 : 96.67"
"8,18 : 56.61"
"8,19 : 84.1"
"8,20 : 37.11"
"8,21 : 70.29"
"8,22 : 82.04"
"8,23 : 98.18"
"8,24 : 44.1"
"8,25 : 52.24"
"8,26 : 33.54"
"8,27 : 78.41"
"8,28 : 27.66"
"8,29 : 24.08"
"8,30 : 50.6"
"8,31 : 81.57"
"8,32 : 68.45"
"8,33 : 70.21"
"8,34 : 6.71"
"8,35 : 108.21"
"8,36 : 84.6"
"8,37 : 22.36"
"8,38 : 65.8"
"8,39 : 48.92"
"8,40 : 12.53"
"8,41 : 53.76"
"8,42 : 78.72"
"8,43 : 32.2"
"8,44 : 60.83"
"8,45 : 32.31"
"8,46 : 31.95"
"8,47 : 85.15"
"8,48 : 38.33"
"8,49 : 89.83"
"9,0 : 31.26"
"9,1 : 2.83"
"9,2 : 22.2"
"9,3 : 64.33"
"9,4 : 52.92"
"9,5 : 28.3"
"9,6 : 67.74"
"9,7 : 50.01"
"9,8 : 62.63"
"9,9 : 0.0"
"9,10 : 71.69"
"9,11 : 4.0"
"9,12 : 86.53"
"9,13 : 59.51"
"9,14 : 65.8"
"9,15 : 43.83"
"9,16 : 16.4"
"9,17 : 54.04"
"9,18 : 53.41"
"9,19 : 83.63"
"9,20 : 25.94"
"9,21 : 35.85"
"9,22 : 75.6"
"9,23 : 61.2"
"9,24 : 28.3"
"9,25 : 62.27"
"9,26 : 46.23"
"9,27 : 34.67"
"9,28 : 35.34"
"9,29 : 61.07"
"9,30 : 12.08"
"9,31 : 41.44"
"9,32 : 35.9"
"9,33 : 35.44"
"9,34 : 63.79"
"9,35 : 57.25"
"9,36 : 27.73"
"9,37 : 40.52"
"9,38 : 18.97"
"9,39 : 24.6"
"9,40 : 65.76"
"9,41 : 13.42"
"9,42 : 17.69"
"9,43 : 30.81"
"9,44 : 11.05"
"9,45 : 71.57"
"9,46 : 30.68"
"9,47 : 36.77"
"9,48 : 56.61"
"9,49 : 44.1"
"10,0 : 50.61"
"10,1 : 71.02"
"10,2 : 82.73"
"10,3 : 55.95"
"10,4 : 57.49"
"10,5 : 97.62"
"10,6 : 46.27"
"10,7 : 38.9"
"10,8 : 57.08"
"10,9 : 71.69"
"10,10 : 0.0"
"10,11 : 75.18"
"10,12 : 15.62"
"10,13 : 61.52"
"10,14 : 92.18"
"10,15 : 87.0"
"10,16 : 67.21"
"10,17 : 66.48"
"10,18 : 20.22"
"10,19 : 27.89"
"10,20 : 61.85"
"10,21 : 48.09"
"10,22 : 28.84"
"10,23 : 62.24"
"10,24 : 76.22"
"10,25 : 9.43"
"10,26 : 79.2"
"10,27 : 103.86"
"10,28 : 59.17"
"10,29 : 33.02"
"10,30 : 65.44"
"10,31 : 56.22"
"10,32 : 99.7"
"10,33 : 100.42"
"10,34 : 51.0"
"10,35 : 82.98"
"10,36 : 74.81"
"10,37 : 52.33"
"10,38 : 58.82"
"10,39 : 47.17"
"10,40 : 46.1"
"10,41 : 73.76"
"10,42 : 77.49"
"10,43 : 53.6"
"10,44 : 78.6"
"10,45 : 28.46"
"10,46 : 56.61"
"10,47 : 107.65"
"10,48 : 20.62"
"10,49 : 65.49"
"11,0 : 35.23"
"11,1 : 6.32"
"11,2 : 23.09"
"11,3 : 65.25"
"11,4 : 56.65"
"11,5 : 26.4"
"11,6 : 71.7"
"11,7 : 54.01"
"11,8 : 66.41"
"11,9 : 4.0"
"11,10 : 75.18"
"11,11 : 0.0"
"11,12 : 89.89"
"11,13 : 63.16"
"11,14 : 64.26"
"11,15 : 41.68"
"11,16 : 19.72"
"11,17 : 54.04"
"11,18 : 56.61"
"11,19 : 86.31"
"11,20 : 29.55"
"11,21 : 37.59"
"11,22 : 78.1"
"11,23 : 61.66"
"11,24 : 30.61"
"11,25 : 65.76"
"11,26 : 48.84"
"11,27 : 32.65"
"11,28 : 39.0"
"11,29 : 65.07"
"11,30 : 15.81"
"11,31 : 42.2"
"11,32 : 35.23"
"11,33 : 34.53"
"11,34 : 67.68"
"11,35 : 56.04"
"11,36 : 26.25"
"11,37 : 44.38"
"11,38 : 20.59"
"11,39 : 28.23"
"11,40 : 69.72"
"11,41 : 15.62"
"11,42 : 15.26"
"11,43 : 34.71"
"11,44 : 11.4"
"11,45 : 75.54"
"11,46 : 34.48"
"11,47 : 34.06"
"11,48 : 60.44"
"11,49 : 44.01"
"12,0 : 66.22"
"12,1 : 86.02"
"12,2 : 98.29"
"12,3 : 60.88"
"12,4 : 71.78"
"12,5 : 112.93"
"12,6 : 58.22"
"12,7 : 53.71"
"12,8 : 70.21"
"12,9 : 86.53"
"12,10 : 15.62"
"12,11 : 89.89"
"12,12 : 0.0"
"12,13 : 75.19"
"12,14 : 99.72"
"12,15 : 97.74"
"12,16 : 82.73"
"12,17 : 74.24"
"12,18 : 33.54"
"12,19 : 22.67"
"12,20 : 77.47"
"12,21 : 59.91"
"12,22 : 28.64"
"12,23 : 68.25"
"12,24 : 91.83"
"12,25 : 24.76"
"12,26 : 94.37"
"12,27 : 119.21"
"12,28 : 74.63"
"12,29 : 46.32"
"12,30 : 80.81"
"12,31 : 66.37"
"12,32 : 115.28"
"12,33 : 115.97"
"12,34 : 63.79"
"12,35 : 91.2"
"12,36 : 87.09"
"12,37 : 67.6"
"12,38 : 72.5"
"12,39 : 62.2"
"12,40 : 58.42"
"12,41 : 89.2"
"12,42 : 91.0"
"12,43 : 69.2"
"12,44 : 93.86"
"12,45 : 39.01"
"12,46 : 72.2"
"12,47 : 122.8"
"12,48 : 35.85"
"12,49 : 75.11"
"13,0 : 31.14"
"13,1 : 56.86"
"13,2 : 51.09"
"13,3 : 97.08"
"13,4 : 7.07"
"13,5 : 69.01"
"13,6 : 19.85"
"13,7 : 24.33"
"13,8 : 6.4"
"13,9 : 59.51"
"13,10 : 61.52"
"13,11 : 63.16"
"13,12 : 75.19"
"13,13 : 0.0"
"13,14 : 117.41"
"13,15 : 99.81"
"13,16 : 43.66"
"13,17 : 96.83"
"13,18 : 59.23"
"13,19 : 88.01"
"13,20 : 33.62"
"13,21 : 70.46"
"13,22 : 85.38"
"13,23 : 98.98"
"13,24 : 39.01"
"13,25 : 56.0"
"13,26 : 27.31"
"13,27 : 73.11"
"13,28 : 24.17"
"13,29 : 28.86"
"13,30 : 47.42"
"13,31 : 81.61"
"13,32 : 62.8"
"13,33 : 64.63"
"13,34 : 12.81"
"13,35 : 107.56"
"13,36 : 82.8"
"13,37 : 20.52"
"13,38 : 64.44"
"13,39 : 48.17"
"13,40 : 18.6"
"13,41 : 49.73"
"13,42 : 76.16"
"13,43 : 30.0"
"13,44 : 56.75"
"13,45 : 38.01"
"13,46 : 29.15"
"13,47 : 80.01"
"13,48 : 42.0"
"13,49 : 89.5"
"14,0 : 86.37"
"14,1 : 68.45"
"14,2 : 87.32"
"14,3 : 40.11"
"14,4 : 110.34"
"14,5 : 84.85"
"14,6 : 117.2"
"14,7 : 98.23"
"14,8 : 118.14"
"14,9 : 65.8"
"14,10 : 92.18"
"14,11 : 64.26"
"14,12 : 99.72"
"14,13 : 117.41"
"14,14 : 0.0"
"14,15 : 24.08"
"14,16 : 80.62"
"14,17 : 25.71"
"14,18 : 74.09"
"14,19 : 82.05"
"14,20 : 87.66"
"14,21 : 49.09"
"14,22 : 73.0"
"14,23 : 32.02"
"14,24 : 93.91"
"14,25 : 86.03"
"14,26 : 111.14"
"14,27 : 89.36"
"14,28 : 95.43"
"14,29 : 104.85"
"14,30 : 75.29"
"14,31 : 38.08"
"14,32 : 96.88"
"14,33 : 95.52"
"14,34 : 116.39"
"14,35 : 10.0"
"14,36 : 38.08"
"14,37 : 96.94"
"14,38 : 53.41"
"14,39 : 69.3"
"14,40 : 115.6"
"14,41 : 79.2"
"14,42 : 49.34"
"14,43 : 87.97"
"14,44 : 75.61"
"14,45 : 110.48"
"14,46 : 89.64"
"14,47 : 86.01"
"14,48 : 91.71"
"14,49 : 28.84"
"15,0 : 68.82"
"15,1 : 46.62"
"15,2 : 64.4"
"15,3 : 46.62"
"15,4 : 92.8"
"15,5 : 60.83"
"15,6 : 102.86"
"15,7 : 83.63"
"15,8 : 101.51"
"15,9 : 43.83"
"15,10 : 87.0"
"15,11 : 41.68"
"15,12 : 97.74"
"15,13 : 99.81"
"15,14 : 24.08"
"15,15 : 0.0"
"15,16 : 59.67"
"15,17 : 29.21"
"15,18 : 67.07"
"15,19 : 84.43"
"15,20 : 67.88"
"15,21 : 39.12"
"15,22 : 74.95"
"15,23 : 39.05"
"15,24 : 72.11"
"15,25 : 79.16"
"15,26 : 90.0"
"15,27 : 65.28"
"15,28 : 76.49"
"15,29 : 92.11"
"15,30 : 54.56"
"15,31 : 31.4"
"15,32 : 73.01"
"15,33 : 71.59"
"15,34 : 100.85"
"15,35 : 18.97"
"15,36 : 17.03"
"15,37 : 79.4"
"15,38 : 35.85"
"15,39 : 53.24"
"15,40 : 101.07"
"15,41 : 57.14"
"15,42 : 26.42"
"15,43 : 69.81"
"15,44 : 52.77"
"15,45 : 99.72"
"15,46 : 70.94"
"15,47 : 62.01"
"15,48 : 81.25"
"15,49 : 23.41"
"16,0 : 18.97"
"16,1 : 13.6"
"16,2 : 15.62"
"16,3 : 73.0"
"16,4 : 37.36"
"16,5 : 31.3"
"16,6 : 54.0"
"16,7 : 38.08"
"16,8 : 47.3"
"16,9 : 16.4"
"16,10 : 67.21"
"16,11 : 19.72"
"16,12 : 82.73"
"16,13 : 43.66"
"16,14 : 80.62"
"16,15 : 59.67"
"16,16 : 0.0"
"16,17 : 65.73"
"16,18 : 51.87"
"16,19 : 84.22"
"16,20 : 10.2"
"16,21 : 43.01"
"16,22 : 77.39"
"16,23 : 71.45"
"16,24 : 14.14"
"16,25 : 57.98"
"16,26 : 30.53"
"16,27 : 37.22"
"16,28 : 19.65"
"16,29 : 49.73"
"16,30 : 5.39"
"16,31 : 51.48"
"16,32 : 32.65"
"16,33 : 33.24"
"16,34 : 49.25"
"16,35 : 71.55"
"16,36 : 43.01"
"16,37 : 26.02"
"16,38 : 28.86"
"16,39 : 22.85"
"16,40 : 52.0"
"16,41 : 7.28"
"16,42 : 33.97"
"16,43 : 17.26"
"16,44 : 14.04"
"16,45 : 61.03"
"16,46 : 16.0"
"16,47 : 42.15"
"16,48 : 49.09"
"16,49 : 56.32"
"17,0 : 66.73"
"17,1 : 56.14"
"17,2 : 76.16"
"17,3 : 17.49"
"17,4 : 89.87"
"17,5 : 79.08"
"17,6 : 94.11"
"17,7 : 75.69"
"17,8 : 96.67"
"17,9 : 54.04"
"17,10 : 66.48"
"17,11 : 54.04"
"17,12 : 74.24"
"17,13 : 96.83"
"17,14 : 25.71"
"17,15 : 29.21"
"17,16 : 65.73"
"17,17 : 0.0"
"17,18 : 48.75"
"17,19 : 57.71"
"17,20 : 70.58"
"17,21 : 26.4"
"17,22 : 48.37"
"17,23 : 9.9"
"17,24 : 79.83"
"17,25 : 60.54"
"17,26 : 95.19"
"17,27 : 84.72"
"17,28 : 76.92"
"17,29 : 81.06"
"17,30 : 60.42"
"17,31 : 15.26"
"17,32 : 89.2"
"17,33 : 88.36"
"17,34 : 94.11"
"17,35 : 17.0"
"17,36 : 30.68"
"17,37 : 76.85"
"17,38 : 36.88"
"17,39 : 49.24"
"17,40 : 92.66"
"17,41 : 66.48"
"17,42 : 42.2"
"17,43 : 68.88"
"17,44 : 65.01"
"17,45 : 85.76"
"17,46 : 71.11"
"17,47 : 83.52"
"17,48 : 67.12"
"17,49 : 10.05"
"18,0 : 38.6"
"18,1 : 53.15"
"18,2 : 67.42"
"18,3 : 41.73"
"18,4 : 53.46"
"18,5 : 80.61"
"18,6 : 49.74"
"18,7 : 34.93"
"18,8 : 56.61"
"18,9 : 53.41"
"18,10 : 20.22"
"18,11 : 56.61"
"18,12 : 33.54"
"18,13 : 59.23"
"18,14 : 74.09"
"18,15 : 67.07"
"18,16 : 51.87"
"18,17 : 48.75"
"18,18 : 0.0"
"18,19 : 32.7"
"18,20 : 48.85"
"18,21 : 28.0"
"18,22 : 27.29"
"18,23 : 46.4"
"18,24 : 63.07"
"18,25 : 12.17"
"18,26 : 70.21"
"18,27 : 86.98"
"18,28 : 49.03"
"18,29 : 35.51"
"18,30 : 49.04"
"18,31 : 36.88"
"18,32 : 84.4"
"18,33 : 84.81"
"18,34 : 52.0"
"18,35 : 64.51"
"18,36 : 54.59"
"18,37 : 44.1"
"18,38 : 39.0"
"18,39 : 29.73"
"18,40 : 48.76"
"18,41 : 57.63"
"18,42 : 57.58"
"18,43 : 41.76"
"18,44 : 61.52"
"18,45 : 37.64"
"18,46 : 44.92"
"18,47 : 90.03"
"18,48 : 20.0"
"18,49 : 46.32"
"19,0 : 71.17"
"19,1 : 83.87"
"19,2 : 99.64"
"19,3 : 42.0"
"19,4 : 83.22"
"19,5 : 111.66"
"19,6 : 73.98"
"19,7 : 64.2"
"19,8 : 84.1"
"19,9 : 83.63"
"19,10 : 27.89"
"19,11 : 86.31"
"19,12 : 22.67"
"19,13 : 88.01"
"19,14 : 82.05"
"19,15 : 84.43"
"19,16 : 84.22"
"19,17 : 57.71"
"19,18 : 32.7"
"19,19 : 0.0"
"19,20 : 81.54"
"19,21 : 50.8"
"19,22 : 9.49"
"19,23 : 50.04"
"19,24 : 95.75"
"19,25 : 32.02"
"19,26 : 102.36"
"19,27 : 118.07"
"19,28 : 81.32"
"19,29 : 60.3"
"19,30 : 80.99"
"19,31 : 53.71"
"19,32 : 116.5"
"19,33 : 116.76"
"19,34 : 78.31"
"19,35 : 74.55"
"19,36 : 77.03"
"19,37 : 75.71"
"19,38 : 66.53"
"19,39 : 61.59"
"19,40 : 73.68"
"19,41 : 89.59"
"19,42 : 83.6"
"19,43 : 74.33"
"19,44 : 92.8"
"19,45 : 56.32"
"19,46 : 77.49"
"19,47 : 120.34"
"19,48 : 46.01"
"19,49 : 61.03"
"20,0 : 11.31"
"20,1 : 23.26"
"20,2 : 22.36"
"20,3 : 75.66"
"20,4 : 27.2"
"20,5 : 39.85"
"20,6 : 44.05"
"20,7 : 29.15"
"20,8 : 37.11"
"20,9 : 25.94"
"20,10 : 61.85"
"20,11 : 29.55"
"20,12 : 77.47"
"20,13 : 33.62"
"20,14 : 87.66"
"20,15 : 67.88"
"20,16 : 10.2"
"20,17 : 70.58"
"20,18 : 48.85"
"20,19 : 81.54"
"20,20 : 0.0"
"20,21 : 45.89"
"20,22 : 75.58"
"20,23 : 75.19"
"20,24 : 14.42"
"20,25 : 53.01"
"20,26 : 24.74"
"20,27 : 45.31"
"20,28 : 9.49"
"20,29 : 40.85"
"20,30 : 13.89"
"20,31 : 55.66"
"20,32 : 38.6"
"20,33 : 39.66"
"20,34 : 39.12"
"20,35 : 78.23"
"20,36 : 50.93"
"20,37 : 16.03"
"20,38 : 34.48"
"20,39 : 23.02"
"20,40 : 42.05"
"20,41 : 17.0"
"20,42 : 43.01"
"20,43 : 8.6"
"20,44 : 24.02"
"20,45 : 52.39"
"20,46 : 6.32"
"20,47 : 50.96"
"20,48 : 42.45"
"20,49 : 61.74"
"21,0 : 40.72"
"21,1 : 37.0"
"21,2 : 56.09"
"21,3 : 30.02"
"21,4 : 63.51"
"21,5 : 63.95"
"21,6 : 68.25"
"21,7 : 49.52"
"21,8 : 70.29"
"21,9 : 35.85"
"21,10 : 48.09"
"21,11 : 37.59"
"21,12 : 59.91"
"21,13 : 70.46"
"21,14 : 49.09"
"21,15 : 39.12"
"21,16 : 43.01"
"21,17 : 26.4"
"21,18 : 28.0"
"21,19 : 50.8"
"21,20 : 45.89"
"21,21 : 0.0"
"21,22 : 41.87"
"21,23 : 29.41"
"21,24 : 57.01"
"21,25 : 40.05"
"21,26 : 70.61"
"21,27 : 70.24"
"21,28 : 51.26"
"21,29 : 55.76"
"21,30 : 38.12"
"21,31 : 11.31"
"21,32 : 71.47"
"21,33 : 71.17"
"21,34 : 67.88"
"21,35 : 39.12"
"21,36 : 27.2"
"21,37 : 50.61"
"21,38 : 17.0"
"21,39 : 23.41"
"21,40 : 66.71"
"21,41 : 45.71"
"21,42 : 32.8"
"21,43 : 43.08"
"21,44 : 46.49"
"21,45 : 61.85"
"21,46 : 45.54"
"21,47 : 71.28"
"21,48 : 43.08"
"21,49 : 20.25"
"22,0 : 65.73"
"22,1 : 76.03"
"22,2 : 92.59"
"22,3 : 33.14"
"22,4 : 80.06"
"22,5 : 103.81"
"22,6 : 73.08"
"22,7 : 61.13"
"22,8 : 82.04"
"22,9 : 75.6"
"22,10 : 28.84"
"22,11 : 78.1"
"22,12 : 28.64"
"22,13 : 85.38"
"22,14 : 73.0"
"22,15 : 74.95"
"22,16 : 77.39"
"22,17 : 48.37"
"22,18 : 27.29"
"22,19 : 9.49"
"22,20 : 75.58"
"22,21 : 41.87"
"22,22 : 0.0"
"22,23 : 41.01"
"22,24 : 89.54"
"22,25 : 30.08"
"22,26 : 97.49"
"22,27 : 110.21"
"22,28 : 76.3"
"22,29 : 58.94"
"22,30 : 73.82"
"22,31 : 44.28"
"22,32 : 109.27"
"22,33 : 109.42"
"22,34 : 76.69"
"22,35 : 65.28"
"22,36 : 67.74"
"22,37 : 71.34"
"22,38 : 58.0"
"22,39 : 54.56"
"22,40 : 72.53"
"22,41 : 82.37"
"22,42 : 74.65"
"22,43 : 68.88"
"22,44 : 85.15"
"22,45 : 56.8"
"22,46 : 72.03"
"22,47 : 112.16"
"22,48 : 43.74"
"22,49 : 51.55"
"23,0 : 70.01"
"23,1 : 63.07"
"23,2 : 83.02"
"23,3 : 8.25"
"23,4 : 92.18"
"23,5 : 87.32"
"23,6 : 94.26"
"23,7 : 76.61"
"23,8 : 98.18"
"23,9 : 61.2"
"23,10 : 62.24"
"23,11 : 61.66"
"23,12 : 68.25"
"23,13 : 98.98"
"23,14 : 32.02"
"23,15 : 39.05"
"23,16 : 71.45"
"23,17 : 9.9"
"23,18 : 46.4"
"23,19 : 50.04"
"23,20 : 75.19"
"23,21 : 29.41"
"23,22 : 41.01"
"23,23 : 0.0"
"23,24 : 85.59"
"23,25 : 57.45"
"23,26 : 99.92"
"23,27 : 93.15"
"23,28 : 80.65"
"23,29 : 80.62"
"23,30 : 66.27"
"23,31 : 20.02"
"23,32 : 96.88"
"23,33 : 96.18"
"23,34 : 95.0"
"23,35 : 25.0"
"23,36 : 39.81"
"23,37 : 79.62"
"23,38 : 43.01"
"23,39 : 52.81"
"23,40 : 92.96"
"23,41 : 73.01"
"23,42 : 50.92"
"23,43 : 72.45"
"23,44 : 72.25"
"23,45 : 84.02"
"23,46 : 74.95"
"23,47 : 92.36"
"23,48 : 65.86"
"23,49 : 18.79"
"24,0 : 25.61"
"24,1 : 25.55"
"24,2 : 12.17"
"24,3 : 87.02"
"24,4 : 34.23"
"24,5 : 30.0"
"24,6 : 53.85"
"24,7 : 41.88"
"24,8 : 44.1"
"24,9 : 28.3"
"24,10 : 76.22"
"24,11 : 30.61"
"24,12 : 91.83"
"24,13 : 39.01"
"24,14 : 93.91"
"24,15 : 72.11"
"24,16 : 14.14"
"24,17 : 79.83"
"24,18 : 63.07"
"24,19 : 95.75"
"24,20 : 14.42"
"24,21 : 57.01"
"24,22 : 89.54"
"24,23 : 85.59"
"24,24 : 0.0"
"24,25 : 67.42"
"24,26 : 18.44"
"24,27 : 34.37"
"24,28 : 19.24"
"24,29 : 53.34"
"24,30 : 19.42"
"24,31 : 65.62"
"24,32 : 25.5"
"24,33 : 26.93"
"24,34 : 47.85"
"24,35 : 85.09"
"24,36 : 55.95"
"24,37 : 27.29"
"24,38 : 42.95"
"24,39 : 35.69"
"24,40 : 51.92"
"24,41 : 15.0"
"24,42 : 45.8"
"24,43 : 22.67"
"24,44 : 20.62"
"24,45 : 65.0"
"24,46 : 19.8"
"24,47 : 41.05"
"24,48 : 56.59"
"24,49 : 70.34"
"25,0 : 41.88"
"25,1 : 61.59"
"25,2 : 73.55"
"25,3 : 52.01"
"25,4 : 51.24"
"25,5 : 88.24"
"25,6 : 43.01"
"25,7 : 32.25"
"25,8 : 52.24"
"25,9 : 62.27"
"25,10 : 9.43"
"25,11 : 65.76"
"25,12 : 24.76"
"25,13 : 56.0"
"25,14 : 86.03"
"25,15 : 79.16"
"25,16 : 57.98"
"25,17 : 60.54"
"25,18 : 12.17"
"25,19 : 32.02"
"25,20 : 53.01"
"25,21 : 40.05"
"25,22 : 30.08"
"25,23 : 57.45"
"25,24 : 67.42"
"25,25 : 0.0"
"25,26 : 71.51"
"25,27 : 94.49"
"25,28 : 50.99"
"25,29 : 28.86"
"25,30 : 56.08"
"25,31 : 49.03"
"25,32 : 90.55"
"25,33 : 91.22"
"25,34 : 46.69"
"25,35 : 76.54"
"25,36 : 66.27"
"25,37 : 44.6"
"25,38 : 49.73"
"25,39 : 37.74"
"25,40 : 42.45"
"25,41 : 64.44"
"25,42 : 68.41"
"25,43 : 44.94"
"25,44 : 69.2"
"25,45 : 27.8"
"25,46 : 48.02"
"25,47 : 98.23"
"25,48 : 14.0"
"25,49 : 58.46"
"26,0 : 32.06"
"26,1 : 43.42"
"26,2 : 29.53"
"26,3 : 100.28"
"26,4 : 25.61"
"26,5 : 45.61"
"26,6 : 46.04"
"26,7 : 40.82"
"26,8 : 33.54"
"26,9 : 46.23"
"26,10 : 79.2"
"26,11 : 48.84"
"26,12 : 94.37"
"26,13 : 27.31"
"26,14 : 111.14"
"26,15 : 90.0"
"26,16 : 30.53"
"26,17 : 95.19"
"26,18 : 70.21"
"26,19 : 102.36"
"26,20 : 24.74"
"26,21 : 70.61"
"26,22 : 97.49"
"26,23 : 99.92"
"26,24 : 18.44"
"26,25 : 71.51"
"26,26 : 0.0"
"26,27 : 48.51"
"26,28 : 21.21"
"26,29 : 50.45"
"26,30 : 35.85"
"26,31 : 80.36"
"26,32 : 37.01"
"26,33 : 39.05"
"26,34 : 39.12"
"26,35 : 102.0"
"26,36 : 73.5"
"26,37 : 26.93"
"26,38 : 58.69"
"26,39 : 47.52"
"26,40 : 44.41"
"26,41 : 33.24"
"26,42 : 63.89"
"26,43 : 29.02"
"26,44 : 39.05"
"26,45 : 61.55"
"26,46 : 26.0"
"26,47 : 55.9"
"26,48 : 58.6"
"26,49 : 86.16"
"27,0 : 55.9"
"27,1 : 34.21"
"27,2 : 23.09"
"27,3 : 97.41"
"27,4 : 68.59"
"27,5 : 6.4"
"27,6 : 88.07"
"27,7 : 74.46"
"27,8 : 78.41"
"27,9 : 34.67"
"27,10 : 103.86"
"27,11 : 32.65"
"27,12 : 119.21"
"27,13 : 73.11"
"27,14 : 89.36"
"27,15 : 65.28"
"27,16 : 37.22"
"27,17 : 84.72"
"27,18 : 86.98"
"27,19 : 118.07"
"27,20 : 45.31"
"27,21 : 70.24"
"27,22 : 110.21"
"27,23 : 93.15"
"27,24 : 34.37"
"27,25 : 94.49"
"27,26 : 48.51"
"27,27 : 0.0"
"27,28 : 52.89"
"27,29 : 86.16"
"27,30 : 38.42"
"27,31 : 74.33"
"27,32 : 12.53"
"27,33 : 10.3"
"27,34 : 82.2"
"27,35 : 83.0"
"27,36 : 54.45"
"27,37 : 60.73"
"27,38 : 53.24"
"27,39 : 57.28"
"27,40 : 86.12"
"27,41 : 30.23"
"27,42 : 42.58"
"27,43 : 53.71"
"27,44 : 25.46"
"27,45 : 97.69"
"27,46 : 51.62"
"27,47 : 7.62"
"27,48 : 86.28"
"27,49 : 74.73"
"28,0 : 11.05"
"28,1 : 32.7"
"28,2 : 29.83"
"28,3 : 80.28"
"28,4 : 17.72"
"28,5 : 47.85"
"28,6 : 35.36"
"28,7 : 22.8"
"28,8 : 27.66"
"28,9 : 35.34"
"28,10 : 59.17"
"28,11 : 39.0"
"28,12 : 74.63"
"28,13 : 24.17"
"28,14 : 95.43"
"28,15 : 76.49"
"28,16 : 19.65"
"28,17 : 76.92"
"28,18 : 49.03"
"28,19 : 81.32"
"28,20 : 9.49"
"28,21 : 51.26"
"28,22 : 76.3"
"28,23 : 80.65"
"28,24 : 19.24"
"28,25 : 50.99"
"28,26 : 21.21"
"28,27 : 52.89"
"28,28 : 0.0"
"28,29 : 34.13"
"28,30 : 23.26"
"28,31 : 61.74"
"28,32 : 44.72"
"28,33 : 46.1"
"28,34 : 30.0"
"28,35 : 85.8"
"28,36 : 59.46"
"28,37 : 8.06"
"28,38 : 42.01"
"28,39 : 27.86"
"28,40 : 33.38"
"28,41 : 26.17"
"28,42 : 52.15"
"28,43 : 8.25"
"28,44 : 33.24"
"28,45 : 45.79"
"28,46 : 5.83"
"28,47 : 59.03"
"28,48 : 38.83"
"28,49 : 68.6"
"29,0 : 30.81"
"29,1 : 59.21"
"29,2 : 63.16"
"29,3 : 76.84"
"29,4 : 25.94"
"29,5 : 80.65"
"29,6 : 14.32"
"29,7 : 11.7"
"29,8 : 24.08"
"29,9 : 61.07"
"29,10 : 33.02"
"29,11 : 65.07"
"29,12 : 46.32"
"29,13 : 28.86"
"29,14 : 104.85"
"29,15 : 92.11"
"29,16 : 49.73"
"29,17 : 81.06"
"29,18 : 35.51"
"29,19 : 60.3"
"29,20 : 40.85"
"29,21 : 55.76"
"29,22 : 58.94"
"29,23 : 80.62"
"29,24 : 53.34"
"29,25 : 28.86"
"29,26 : 50.45"
"29,27 : 86.16"
"29,28 : 34.13"
"29,29 : 0.0"
"29,30 : 50.64"
"29,31 : 66.85"
"29,32 : 78.77"
"29,33 : 80.06"
"29,34 : 18.03"
"29,35 : 94.87"
"29,36 : 76.24"
"29,37 : 26.08"
"29,38 : 57.01"
"29,39 : 39.81"
"29,40 : 13.6"
"29,41 : 57.01"
"29,42 : 73.68"
"29,43 : 32.57"
"29,44 : 63.56"
"29,45 : 11.66"
"29,46 : 34.54"
"29,47 : 91.71"
"29,48 : 15.65"
"29,49 : 76.01"
"30,0 : 20.02"
"30,1 : 9.49"
"30,2 : 18.79"
"30,3 : 68.03"
"30,4 : 40.85"
"30,5 : 32.2"
"30,6 : 56.22"
"30,7 : 39.2"
"30,8 : 50.6"
"30,9 : 12.08"
"30,10 : 65.44"
"30,11 : 15.81"
"30,12 : 80.81"
"30,13 : 47.42"
"30,14 : 75.29"
"30,15 : 54.56"
"30,16 : 5.39"
"30,17 : 60.42"
"30,18 : 49.04"
"30,19 : 80.99"
"30,20 : 13.89"
"30,21 : 38.12"
"30,22 : 73.82"
"30,23 : 66.27"
"30,24 : 19.42"
"30,25 : 56.08"
"30,26 : 35.85"
"30,27 : 38.42"
"30,28 : 23.26"
"30,29 : 50.64"
"30,30 : 0.0"
"30,31 : 46.27"
"30,32 : 35.51"
"30,33 : 35.81"
"30,34 : 51.97"
"30,35 : 66.19"
"30,36 : 37.8"
"30,37 : 28.64"
"30,38 : 23.54"
"30,39 : 19.42"
"30,40 : 54.23"
"30,41 : 8.6"
"30,42 : 29.21"
"30,43 : 19.1"
"30,44 : 13.42"
"30,45 : 61.61"
"30,46 : 18.68"
"30,47 : 42.54"
"30,48 : 48.3"
"30,49 : 50.96"
"31,0 : 51.48"
"31,1 : 43.19"
"31,2 : 63.07"
"31,3 : 23.09"
"31,4 : 74.63"
"31,5 : 68.31"
"31,6 : 79.51"
"31,7 : 60.83"
"31,8 : 81.57"
"31,9 : 41.44"
"31,10 : 56.22"
"31,11 : 42.2"
"31,12 : 66.37"
"31,13 : 81.61"
"31,14 : 38.08"
"31,15 : 31.4"
"31,16 : 51.48"
"31,17 : 15.26"
"31,18 : 36.88"
"31,19 : 53.71"
"31,20 : 55.66"
"31,21 : 11.31"
"31,22 : 44.28"
"31,23 : 20.02"
"31,24 : 65.62"
"31,25 : 49.03"
"31,26 : 80.36"
"31,27 : 74.33"
"31,28 : 61.74"
"31,29 : 66.85"
"31,30 : 46.27"
"31,31 : 0.0"
"31,32 : 77.28"
"31,33 : 76.69"
"31,34 : 79.2"
"31,35 : 28.18"
"31,36 : 24.08"
"31,37 : 61.59"
"31,38 : 23.0"
"31,39 : 34.0"
"31,40 : 77.99"
"31,41 : 53.0"
"31,42 : 33.29"
"31,43 : 53.67"
"31,44 : 52.47"
"31,45 : 72.45"
"31,46 : 55.95"
"31,47 : 74.25"
"31,48 : 53.67"
"31,49 : 9.49"
"32,0 : 49.82"
"32,1 : 34.48"
"32,2 : 17.03"
"32,3 : 100.22"
"32,4 : 58.94"
"32,5 : 13.04"
"32,6 : 79.06"
"32,7 : 67.23"
"32,8 : 68.45"
"32,9 : 35.9"
"32,10 : 99.7"
"32,11 : 35.23"
"32,12 : 115.28"
"32,13 : 62.8"
"32,14 : 96.88"
"32,15 : 73.01"
"32,16 : 32.65"
"32,17 : 89.2"
"32,18 : 84.4"
"32,19 : 116.5"
"32,20 : 38.6"
"32,21 : 71.47"
"32,22 : 109.27"
"32,23 : 96.88"
"32,24 : 25.5"
"32,25 : 90.55"
"32,26 : 37.01"
"32,27 : 12.53"
"32,28 : 44.72"
"32,29 : 78.77"
"32,30 : 35.51"
"32,31 : 77.28"
"32,32 : 0.0"
"32,33 : 2.24"
"32,34 : 72.8"
"32,35 : 89.68"
"32,36 : 60.13"
"32,37 : 52.77"
"32,38 : 54.82"
"32,39 : 54.92"
"32,40 : 77.16"
"32,41 : 26.93"
"32,42 : 48.17"
"32,43 : 47.2"
"32,44 : 25.0"
"32,45 : 90.43"
"32,46 : 44.65"
"32,47 : 20.12"
"32,48 : 80.92"
"32,49 : 79.16"
"33,0 : 50.8"
"33,1 : 34.18"
"33,2 : 17.69"
"33,3 : 99.69"
"33,4 : 60.64"
"33,5 : 11.18"
"33,6 : 80.65"
"33,7 : 68.48"
"33,8 : 70.21"
"33,9 : 35.44"
"33,10 : 100.42"
"33,11 : 34.53"
"33,12 : 115.97"
"33,13 : 64.63"
"33,14 : 95.52"
"33,15 : 71.59"
"33,16 : 33.24"
"33,17 : 88.36"
"33,18 : 84.81"
"33,19 : 116.76"
"33,20 : 39.66"
"33,21 : 71.17"
"33,22 : 109.42"
"33,23 : 96.18"
"33,24 : 26.93"
"33,25 : 91.22"
"33,26 : 39.05"
"33,27 : 10.3"
"33,28 : 46.1"
"33,29 : 80.06"
"33,30 : 35.81"
"33,31 : 76.69"
"33,32 : 2.24"
"33,33 : 0.0"
"33,34 : 74.46"
"33,35 : 88.46"
"33,36 : 59.03"
"33,37 : 54.13"
"33,38 : 54.41"
"33,39 : 55.22"
"33,40 : 78.75"
"33,41 : 27.2"
"33,42 : 47.04"
"33,43 : 48.26"
"33,44 : 24.7"
"33,45 : 91.71"
"33,46 : 45.79"
"33,47 : 17.89"
"33,48 : 81.84"
"33,49 : 78.31"
"34,0 : 32.89"
"34,1 : 61.39"
"34,2 : 59.41"
"34,3 : 92.11"
"34,4 : 13.93"
"34,5 : 77.52"
"34,6 : 7.07"
"34,7 : 18.44"
"34,8 : 6.71"
"34,9 : 63.79"
"34,10 : 51.0"
"34,11 : 67.68"
"34,12 : 63.79"
"34,13 : 12.81"
"34,14 : 116.39"
"34,15 : 100.85"
"34,16 : 49.25"
"34,17 : 94.11"
"34,18 : 52.0"
"34,19 : 78.31"
"34,20 : 39.12"
"34,21 : 67.88"
"34,22 : 76.69"
"34,23 : 95.0"
"34,24 : 47.85"
"34,25 : 46.69"
"34,26 : 39.12"
"34,27 : 82.2"
"34,28 : 30.0"
"34,29 : 18.03"
"34,30 : 51.97"
"34,31 : 79.2"
"34,32 : 72.8"
"34,33 : 74.46"
"34,34 : 0.0"
"34,35 : 106.4"
"34,36 : 84.12"
"34,37 : 23.35"
"34,38 : 65.0"
"34,39 : 47.71"
"34,40 : 5.83"
"34,41 : 56.08"
"34,42 : 79.12"
"34,43 : 32.98"
"34,44 : 63.13"
"34,45 : 25.63"
"34,46 : 33.38"
"34,47 : 88.68"
"34,48 : 32.98"
"34,49 : 87.78"
"35,0 : 76.58"
"35,1 : 59.81"
"35,2 : 79.12"
"35,3 : 33.24"
"35,4 : 100.5"
"35,5 : 78.1"
"35,6 : 107.2"
"35,7 : 88.24"
"35,8 : 108.21"
"35,9 : 57.25"
"35,10 : 82.98"
"35,11 : 56.04"
"35,12 : 91.2"
"35,13 : 107.56"
"35,14 : 10.0"
"35,15 : 18.97"
"35,16 : 71.55"
"35,17 : 17.0"
"35,18 : 64.51"
"35,19 : 74.55"
"35,20 : 78.23"
"35,21 : 39.12"
"35,22 : 65.28"
"35,23 : 25.0"
"35,24 : 85.09"
"35,25 : 76.54"
"35,26 : 102.0"
"35,27 : 83.0"
"35,28 : 85.8"
"35,29 : 94.87"
"35,30 : 66.19"
"35,31 : 28.18"
"35,32 : 89.68"
"35,33 : 88.46"
"35,34 : 106.4"
"35,35 : 0.0"
"35,36 : 29.83"
"35,37 : 87.11"
"35,38 : 43.83"
"35,39 : 59.41"
"35,40 : 105.6"
"35,41 : 70.58"
"35,42 : 41.59"
"35,43 : 78.24"
"35,44 : 67.45"
"35,45 : 100.62"
"35,46 : 80.0"
"35,47 : 80.31"
"35,48 : 81.84"
"35,49 : 18.87"
"36,0 : 51.87"
"36,1 : 30.41"
"36,2 : 49.34"
"36,3 : 45.49"
"36,4 : 75.8"
"36,5 : 49.09"
"36,6 : 86.41"
"36,7 : 67.23"
"36,8 : 84.6"
"36,9 : 27.73"
"36,10 : 74.81"
"36,11 : 26.25"
"36,12 : 87.09"
"36,13 : 82.8"
"36,14 : 38.08"
"36,15 : 17.03"
"36,16 : 43.01"
"36,17 : 30.68"
"36,18 : 54.59"
"36,19 : 77.03"
"36,20 : 50.93"
"36,21 : 27.2"
"36,22 : 67.74"
"36,23 : 39.81"
"36,24 : 55.95"
"36,25 : 66.27"
"36,26 : 73.5"
"36,27 : 54.45"
"36,28 : 59.46"
"36,29 : 76.24"
"36,30 : 37.8"
"36,31 : 24.08"
"36,32 : 60.13"
"36,33 : 59.03"
"36,34 : 84.12"
"36,35 : 29.83"
"36,36 : 0.0"
"36,37 : 62.43"
"36,38 : 19.31"
"36,39 : 36.77"
"36,40 : 84.58"
"36,41 : 41.15"
"36,42 : 12.0"
"36,43 : 52.8"
"36,44 : 37.64"
"36,45 : 84.53"
"36,46 : 53.91"
"36,47 : 52.89"
"36,48 : 66.48"
"36,49 : 21.02"
"37,0 : 10.63"
"37,1 : 38.08"
"37,2 : 37.64"
"37,3 : 78.43"
"37,4 : 13.45"
"37,5 : 55.54"
"37,6 : 28.02"
"37,7 : 14.87"
"37,8 : 22.36"
"37,9 : 40.52"
"37,10 : 52.33"
"37,11 : 44.38"
"37,12 : 67.6"
"37,13 : 20.52"
"37,14 : 96.94"
"37,15 : 79.4"
"37,16 : 26.02"
"37,17 : 76.85"
"37,18 : 44.1"
"37,19 : 75.71"
"37,20 : 16.03"
"37,21 : 50.61"
"37,22 : 71.34"
"37,23 : 79.62"
"37,24 : 27.29"
"37,25 : 44.6"
"37,26 : 26.93"
"37,27 : 60.73"
"37,28 : 8.06"
"37,29 : 26.08"
"37,30 : 28.64"
"37,31 : 61.59"
"37,32 : 52.77"
"37,33 : 54.13"
"37,34 : 23.35"
"37,35 : 87.11"
"37,36 : 62.43"
"37,37 : 0.0"
"37,38 : 43.93"
"37,39 : 27.8"
"37,40 : 26.02"
"37,41 : 33.02"
"37,42 : 56.36"
"37,43 : 9.85"
"37,44 : 40.0"
"37,45 : 37.74"
"37,46 : 10.05"
"37,47 : 66.71"
"37,48 : 31.76"
"37,49 : 69.2"
"38,0 : 33.3"
"38,1 : 20.4"
"38,2 : 40.11"
"38,3 : 45.54"
"38,4 : 57.38"
"38,5 : 46.96"
"38,6 : 67.12"
"38,7 : 47.93"
"38,8 : 65.8"
"38,9 : 18.97"
"38,10 : 58.82"
"38,11 : 20.59"
"38,12 : 72.5"
"38,13 : 64.44"
"38,14 : 53.41"
"38,15 : 35.85"
"38,16 : 28.86"
"38,17 : 36.88"
"38,18 : 39.0"
"38,19 : 66.53"
"38,20 : 34.48"
"38,21 : 17.0"
"38,22 : 58.0"
"38,23 : 43.01"
"38,24 : 42.95"
"38,25 : 49.73"
"38,26 : 58.69"
"38,27 : 53.24"
"38,28 : 42.01"
"38,29 : 57.01"
"38,30 : 23.54"
"38,31 : 23.0"
"38,32 : 54.82"
"38,33 : 54.41"
"38,34 : 65.0"
"38,35 : 43.83"
"38,36 : 19.31"
"38,37 : 43.93"
"38,38 : 0.0"
"38,39 : 17.46"
"38,40 : 65.31"
"38,41 : 30.0"
"38,42 : 18.68"
"38,43 : 34.66"
"38,44 : 29.83"
"38,45 : 65.62"
"38,46 : 36.24"
"38,47 : 54.41"
"38,48 : 48.01"
"38,49 : 27.51"
"39,0 : 17.49"
"39,1 : 23.85"
"39,2 : 38.08"
"39,3 : 52.77"
"39,4 : 41.11"
"39,5 : 50.93"
"39,6 : 49.66"
"39,7 : 30.46"
"39,8 : 48.92"
"39,9 : 24.6"
"39,10 : 47.17"
"39,11 : 28.23"
"39,12 : 62.2"
"39,13 : 48.17"
"39,14 : 69.3"
"39,15 : 53.24"
"39,16 : 22.85"
"39,17 : 49.24"
"39,18 : 29.73"
"39,19 : 61.59"
"39,20 : 23.02"
"39,21 : 23.41"
"39,22 : 54.56"
"39,23 : 52.81"
"39,24 : 35.69"
"39,25 : 37.74"
"39,26 : 47.52"
"39,27 : 57.28"
"39,28 : 27.86"
"39,29 : 39.81"
"39,30 : 19.42"
"39,31 : 34.0"
"39,32 : 54.92"
"39,33 : 55.22"
"39,34 : 47.71"
"39,35 : 59.41"
"39,36 : 36.77"
"39,37 : 27.8"
"39,38 : 17.46"
"39,39 : 0.0"
"39,40 : 47.85"
"39,41 : 28.02"
"39,42 : 34.06"
"39,43 : 19.7"
"39,44 : 31.83"
"39,45 : 49.04"
"39,46 : 22.14"
"39,47 : 60.61"
"39,48 : 32.56"
"39,49 : 41.4"
"40,0 : 34.53"
"40,1 : 63.51"
"40,2 : 63.15"
"40,3 : 89.63"
"40,4 : 18.87"
"40,5 : 81.22"
"40,6 : 2.0"
"40,7 : 17.49"
"40,8 : 12.53"
"40,9 : 65.76"
"40,10 : 46.1"
"40,11 : 69.72"
"40,12 : 58.42"
"40,13 : 18.6"
"40,14 : 115.6"
"40,15 : 101.07"
"40,16 : 52.0"
"40,17 : 92.66"
"40,18 : 48.76"
"40,19 : 73.68"
"40,20 : 42.05"
"40,21 : 66.71"
"40,22 : 72.53"
"40,23 : 92.96"
"40,24 : 51.92"
"40,25 : 42.45"
"40,26 : 44.41"
"40,27 : 86.12"
"40,28 : 33.38"
"40,29 : 13.6"
"40,30 : 54.23"
"40,31 : 77.99"
"40,32 : 77.16"
"40,33 : 78.75"
"40,34 : 5.83"
"40,35 : 105.6"
"40,36 : 84.58"
"40,37 : 26.02"
"40,38 : 65.31"
"40,39 : 47.85"
"40,40 : 0.0"
"40,41 : 59.03"
"40,42 : 80.36"
"40,43 : 35.13"
"40,44 : 66.01"
"40,45 : 19.92"
"40,46 : 36.0"
"40,47 : 92.4"
"40,48 : 29.15"
"40,49 : 86.83"
"41,0 : 26.25"
"41,1 : 10.77"
"41,2 : 10.44"
"41,3 : 75.33"
"41,4 : 43.74"
"41,5 : 24.19"
"41,6 : 61.03"
"41,7 : 45.35"
"41,8 : 53.76"
"41,9 : 13.42"
"41,10 : 73.76"
"41,11 : 15.62"
"41,12 : 89.2"
"41,13 : 49.73"
"41,14 : 79.2"
"41,15 : 57.14"
"41,16 : 7.28"
"41,17 : 66.48"
"41,18 : 57.63"
"41,19 : 89.59"
"41,20 : 17.0"
"41,21 : 45.71"
"41,22 : 82.37"
"41,23 : 73.01"
"41,24 : 15.0"
"41,25 : 64.44"
"41,26 : 33.24"
"41,27 : 30.23"
"41,28 : 26.17"
"41,29 : 57.01"
"41,30 : 8.6"
"41,31 : 53.0"
"41,32 : 26.93"
"41,33 : 27.2"
"41,34 : 56.08"
"41,35 : 70.58"
"41,36 : 41.15"
"41,37 : 33.02"
"41,38 : 30.0"
"41,39 : 28.02"
"41,40 : 59.03"
"41,41 : 0.0"
"41,42 : 30.81"
"41,43 : 24.52"
"41,44 : 7.07"
"41,45 : 68.31"
"41,46 : 23.09"
"41,47 : 34.93"
"41,48 : 56.08"
"41,49 : 56.72"
"42,0 : 46.24"
"42,1 : 20.52"
"42,2 : 38.08"
"42,3 : 55.9"
"42,4 : 69.35"
"42,5 : 37.12"
"42,6 : 82.28"
"42,7 : 63.56"
"42,8 : 78.72"
"42,9 : 17.69"
"42,10 : 77.49"
"42,11 : 15.26"
"42,12 : 91.0"
"42,13 : 76.16"
"42,14 : 49.34"
"42,15 : 26.42"
"42,16 : 33.97"
"42,17 : 42.2"
"42,18 : 57.58"
"42,19 : 83.6"
"42,20 : 43.01"
"42,21 : 32.8"
"42,22 : 74.65"
"42,23 : 50.92"
"42,24 : 45.8"
"42,25 : 68.41"
"42,26 : 63.89"
"42,27 : 42.58"
"42,28 : 52.15"
"42,29 : 73.68"
"42,30 : 29.21"
"42,31 : 33.29"
"42,32 : 48.17"
"42,33 : 47.04"
"42,34 : 79.12"
"42,35 : 41.59"
"42,36 : 12.0"
"42,37 : 56.36"
"42,38 : 18.68"
"42,39 : 34.06"
"42,40 : 80.36"
"42,41 : 30.81"
"42,42 : 0.0"
"42,43 : 46.52"
"42,44 : 26.4"
"42,45 : 83.1"
"42,46 : 47.01"
"42,47 : 41.44"
"42,48 : 66.12"
"42,49 : 32.28"
"43,0 : 3.16"
"43,1 : 28.44"
"43,2 : 30.89"
"43,3 : 72.03"
"43,4 : 23.02"
"43,5 : 48.1"
"43,6 : 37.12"
"43,7 : 20.88"
"43,8 : 32.2"
"43,9 : 30.81"
"43,10 : 53.6"
"43,11 : 34.71"
"43,12 : 69.2"
"43,13 : 30.0"
"43,14 : 87.97"
"43,15 : 69.81"
"43,16 : 17.26"
"43,17 : 68.88"
"43,18 : 41.76"
"43,19 : 74.33"
"43,20 : 8.6"
"43,21 : 43.08"
"43,22 : 68.88"
"43,23 : 72.45"
"43,24 : 22.67"
"43,25 : 44.94"
"43,26 : 29.02"
"43,27 : 53.71"
"43,28 : 8.25"
"43,29 : 32.57"
"43,30 : 19.1"
"43,31 : 53.67"
"43,32 : 47.2"
"43,33 : 48.26"
"43,34 : 32.98"
"43,35 : 78.24"
"43,36 : 52.8"
"43,37 : 9.85"
"43,38 : 34.66"
"43,39 : 19.7"
"43,40 : 35.13"
"43,41 : 24.52"
"43,42 : 46.52"
"43,43 : 0.0"
"43,44 : 31.26"
"43,45 : 44.01"
"43,46 : 3.16"
"43,47 : 59.14"
"43,48 : 33.94"
"43,49 : 60.75"
"44,0 : 32.76"
"44,1 : 9.49"
"44,2 : 11.7"
"44,3 : 75.31"
"44,4 : 50.8"
"44,5 : 19.1"
"44,6 : 68.01"
"44,7 : 51.97"
"44,8 : 60.83"
"44,9 : 11.05"
"44,10 : 78.6"
"44,11 : 11.4"
"44,12 : 93.86"
"44,13 : 56.75"
"44,14 : 75.61"
"44,15 : 52.77"
"44,16 : 14.04"
"44,17 : 65.01"
"44,18 : 61.52"
"44,19 : 92.8"
"44,20 : 24.02"
"44,21 : 46.49"
"44,22 : 85.15"
"44,23 : 72.25"
"44,24 : 20.62"
"44,25 : 69.2"
"44,26 : 39.05"
"44,27 : 25.46"
"44,28 : 33.24"
"44,29 : 63.56"
"44,30 : 13.42"
"44,31 : 52.47"
"44,32 : 25.0"
"44,33 : 24.7"
"44,34 : 63.13"
"44,35 : 67.45"
"44,36 : 37.64"
"44,37 : 40.0"
"44,38 : 29.83"
"44,39 : 31.83"
"44,40 : 66.01"
"44,41 : 7.07"
"44,42 : 26.4"
"44,43 : 31.26"
"44,44 : 0.0"
"44,45 : 74.73"
"44,46 : 30.02"
"44,47 : 29.15"
"44,48 : 61.72"
"44,49 : 55.04"
"45,0 : 42.06"
"45,1 : 69.87"
"45,2 : 74.73"
"45,3 : 79.25"
"45,4 : 36.4"
"45,5 : 92.11"
"45,6 : 19.42"
"45,7 : 23.26"
"45,8 : 32.31"
"45,9 : 71.57"
"45,10 : 28.46"
"45,11 : 75.54"
"45,12 : 39.01"
"45,13 : 38.01"
"45,14 : 110.48"
"45,15 : 99.72"
"45,16 : 61.03"
"45,17 : 85.76"
"45,18 : 37.64"
"45,19 : 56.32"
"45,20 : 52.39"
"45,21 : 61.85"
"45,22 : 56.8"
"45,23 : 84.02"
"45,24 : 65.0"
"45,25 : 27.8"
"45,26 : 61.55"
"45,27 : 97.69"
"45,28 : 45.79"
"45,29 : 11.66"
"45,30 : 61.61"
"45,31 : 72.45"
"45,32 : 90.43"
"45,33 : 91.71"
"45,34 : 25.63"
"45,35 : 100.62"
"45,36 : 84.53"
"45,37 : 37.74"
"45,38 : 65.62"
"45,39 : 49.04"
"45,40 : 19.92"
"45,41 : 68.31"
"45,42 : 83.1"
"45,43 : 44.01"
"45,44 : 74.73"
"45,45 : 0.0"
"45,46 : 46.1"
"45,47 : 103.12"
"45,48 : 18.79"
"45,49 : 81.86"
"46,0 : 6.32"
"46,1 : 28.16"
"46,2 : 28.64"
"46,3 : 74.73"
"46,4 : 22.36"
"46,5 : 46.17"
"46,6 : 38.0"
"46,7 : 22.85"
"46,8 : 31.95"
"46,9 : 30.68"
"46,10 : 56.61"
"46,11 : 34.48"
"46,12 : 72.2"
"46,13 : 29.15"
"46,14 : 89.64"
"46,15 : 70.94"
"46,16 : 16.0"
"46,17 : 71.11"
"46,18 : 44.92"
"46,19 : 77.49"
"46,20 : 6.32"
"46,21 : 45.54"
"46,22 : 72.03"
"46,23 : 74.95"
"46,24 : 19.8"
"46,25 : 48.02"
"46,26 : 26.0"
"46,27 : 51.62"
"46,28 : 5.83"
"46,29 : 34.54"
"46,30 : 18.68"
"46,31 : 55.95"
"46,32 : 44.65"
"46,33 : 45.79"
"46,34 : 33.38"
"46,35 : 80.0"
"46,36 : 53.91"
"46,37 : 10.05"
"46,38 : 36.24"
"46,39 : 22.14"
"46,40 : 36.0"
"46,41 : 23.09"
"46,42 : 47.01"
"46,43 : 3.16"
"46,44 : 30.02"
"46,45 : 46.1"
"46,46 : 0.0"
"46,47 : 57.28"
"46,48 : 36.8"
"46,49 : 62.77"
"47,0 : 61.1"
"47,1 : 36.88"
"47,2 : 29.27"
"47,3 : 97.17"
"47,4 : 75.24"
"47,5 : 11.18"
"47,6 : 94.37"
"47,7 : 80.01"
"47,8 : 85.15"
"47,9 : 36.77"
"47,10 : 107.65"
"47,11 : 34.06"
"47,12 : 122.8"
"47,13 : 80.01"
"47,14 : 86.01"
"47,15 : 62.01"
"47,16 : 42.15"
"47,17 : 83.52"
"47,18 : 90.03"
"47,19 : 120.34"
"47,20 : 50.96"
"47,21 : 71.28"
"47,22 : 112.16"
"47,23 : 92.36"
"47,24 : 41.05"
"47,25 : 98.23"
"47,26 : 55.9"
"47,27 : 7.62"
"47,28 : 59.03"
"47,29 : 91.71"
"47,30 : 42.54"
"47,31 : 74.25"
"47,32 : 20.12"
"47,33 : 17.89"
"47,34 : 88.68"
"47,35 : 80.31"
"47,36 : 52.89"
"47,37 : 66.71"
"47,38 : 54.41"
"47,39 : 60.61"
"47,40 : 92.4"
"47,41 : 34.93"
"47,42 : 41.44"
"47,43 : 59.14"
"47,44 : 29.15"
"47,45 : 103.12"
"47,46 : 57.28"
"47,47 : 0.0"
"47,48 : 90.82"
"47,49 : 73.68"
"48,0 : 31.14"
"48,1 : 55.36"
"48,2 : 64.2"
"48,3 : 61.62"
"48,4 : 37.34"
"48,5 : 80.26"
"48,6 : 29.97"
"48,7 : 18.44"
"48,8 : 38.33"
"48,9 : 56.61"
"48,10 : 20.62"
"48,11 : 60.44"
"48,12 : 35.85"
"48,13 : 42.0"
"48,14 : 91.71"
"48,15 : 81.25"
"48,16 : 49.09"
"48,17 : 67.12"
"48,18 : 20.0"
"48,19 : 46.01"
"48,20 : 42.45"
"48,21 : 43.08"
"48,22 : 43.74"
"48,23 : 65.86"
"48,24 : 56.59"
"48,25 : 14.0"
"48,26 : 58.6"
"48,27 : 86.28"
"48,28 : 38.83"
"48,29 : 15.65"
"48,30 : 48.3"
"48,31 : 53.67"
"48,32 : 80.92"
"48,33 : 81.84"
"48,34 : 32.98"
"48,35 : 81.84"
"48,36 : 66.48"
"48,37 : 31.76"
"48,38 : 48.01"
"48,39 : 32.56"
"48,40 : 29.15"
"48,41 : 56.08"
"48,42 : 66.12"
"48,43 : 33.94"
"48,44 : 61.72"
"48,45 : 18.79"
"48,46 : 36.8"
"48,47 : 90.82"
"48,48 : 0.0"
"48,49 : 63.07"
"49,0 : 58.82"
"49,1 : 46.27"
"49,2 : 66.27"
"49,3 : 24.84"
"49,4 : 82.46"
"49,5 : 69.05"
"49,6 : 88.41"
"49,7 : 69.53"
"49,8 : 89.83"
"49,9 : 44.1"
"49,10 : 65.49"
"49,11 : 44.01"
"49,12 : 75.11"
"49,13 : 89.5"
"49,14 : 28.84"
"49,15 : 23.41"
"49,16 : 56.32"
"49,17 : 10.05"
"49,18 : 46.32"
"49,19 : 61.03"
"49,20 : 61.74"
"49,21 : 20.25"
"49,22 : 51.55"
"49,23 : 18.79"
"49,24 : 70.34"
"49,25 : 58.46"
"49,26 : 86.16"
"49,27 : 74.73"
"49,28 : 68.6"
"49,29 : 76.01"
"49,30 : 50.96"
"49,31 : 9.49"
"49,32 : 79.16"
"49,33 : 78.31"
"49,34 : 87.78"
"49,35 : 18.87"
"49,36 : 21.02"
"49,37 : 69.2"
"49,38 : 27.51"
"49,39 : 41.4"
"49,40 : 86.83"
"49,41 : 56.72"
"49,42 : 32.28"
"49,43 : 60.75"
"49,44 : 55.04"
"49,45 : 81.86"
"49,46 : 62.77"
"49,47 : 73.68"
"49,48 : 63.07"
"49,49 : 0.0"
