x,y
13,43
31,93
18,48
24,59
40,85
79,21
98,79
39,83
35,3
92,72
58,66
81,25
48,73
90,6
48,83
52,40
47,64
93,10
40,56
99,2
59,95
47,27
88,73
66,92
71,29
98,76
100,46
71,57
21,23
37,36
30,30
96,19
89,21
79,4
85,47
48,29
75,71
81,19
60,58
100,91
93,39
56,81
49,90
45,40
83,61
59,79
85,11
87,20
17,97
36,8

Distanze
"0,0 : 0.0"
"0,1 : 53.14"
"0,2 : 7.07"
"0,3 : 19.42"
"0,4 : 49.93"
"0,5 : 69.57"
"0,6 : 92.31"
"0,7 : 47.71"
"0,8 : 45.65"
"0,9 : 84.15"
"0,10 : 50.54"
"0,11 : 70.34"
"0,12 : 46.1"
"0,13 : 85.43"
"0,14 : 53.15"
"0,15 : 39.12"
"0,16 : 39.96"
"0,17 : 86.54"
"0,18 : 29.97"
"0,19 : 95.27"
"0,20 : 69.43"
"0,21 : 37.58"
"0,22 : 80.78"
"0,23 : 72.18"
"0,24 : 59.67"
"0,25 : 91.18"
"0,26 : 87.05"
"0,27 : 59.67"
"0,28 : 21.54"
"0,29 : 25.0"
"0,30 : 21.4"
"0,31 : 86.4"
"0,32 : 79.12"
"0,33 : 76.66"
"0,34 : 72.11"
"0,35 : 37.7"
"0,36 : 68.03"
"0,37 : 72.11"
"0,38 : 49.34"
"0,39 : 99.36"
"0,40 : 80.1"
"0,41 : 57.38"
"0,42 : 59.2"
"0,43 : 32.14"
"0,44 : 72.28"
"0,45 : 58.41"
"0,46 : 78.79"
"0,47 : 77.49"
"0,48 : 54.15"
"0,49 : 41.88"
"1,0 : 53.14"
"1,1 : 0.0"
"1,2 : 46.84"
"1,3 : 34.71"
"1,4 : 12.04"
"1,5 : 86.53"
"1,6 : 68.45"
"1,7 : 12.81"
"1,8 : 90.09"
"1,9 : 64.51"
"1,10 : 38.18"
"1,11 : 84.4"
"1,12 : 26.25"
"1,13 : 105.12"
"1,14 : 19.72"
"1,15 : 57.01"
"1,16 : 33.12"
"1,17 : 103.6"
"1,18 : 38.08"
"1,19 : 113.6"
"1,20 : 28.07"
"1,21 : 67.91"
"1,22 : 60.41"
"1,23 : 35.01"
"1,24 : 75.47"
"1,25 : 69.12"
"1,26 : 83.49"
"1,27 : 53.81"
"1,28 : 70.71"
"1,29 : 57.31"
"1,30 : 63.01"
"1,31 : 98.49"
"1,32 : 92.46"
"1,33 : 101.12"
"1,34 : 70.94"
"1,35 : 66.22"
"1,36 : 49.19"
"1,37 : 89.31"
"1,38 : 45.45"
"1,39 : 69.03"
"1,40 : 82.22"
"1,41 : 27.73"
"1,42 : 18.25"
"1,43 : 54.82"
"1,44 : 61.06"
"1,45 : 31.3"
"1,46 : 98.18"
"1,47 : 92.01"
"1,48 : 14.56"
"1,49 : 85.15"
"2,0 : 7.07"
"2,1 : 46.84"
"2,2 : 0.0"
"2,3 : 12.53"
"2,4 : 43.05"
"2,5 : 66.71"
"2,6 : 85.8"
"2,7 : 40.82"
"2,8 : 48.1"
"2,9 : 77.79"
"2,10 : 43.86"
"2,11 : 67.07"
"2,12 : 39.05"
"2,13 : 83.35"
"2,14 : 46.1"
"2,15 : 34.93"
"2,16 : 33.12"
"2,17 : 84.08"
"2,18 : 23.41"
"2,19 : 93.15"
"2,20 : 62.37"
"2,21 : 35.81"
"2,22 : 74.33"
"2,23 : 65.12"
"2,24 : 56.3"
"2,25 : 84.76"
"2,26 : 82.02"
"2,27 : 53.76"
"2,28 : 25.18"
"2,29 : 22.47"
"2,30 : 21.63"
"2,31 : 83.22"
"2,32 : 75.96"
"2,33 : 75.21"
"2,34 : 67.01"
"2,35 : 35.51"
"2,36 : 61.47"
"2,37 : 69.35"
"2,38 : 43.17"
"2,39 : 92.59"
"2,40 : 75.54"
"2,41 : 50.33"
"2,42 : 52.2"
"2,43 : 28.16"
"2,44 : 66.29"
"2,45 : 51.4"
"2,46 : 76.54"
"2,47 : 74.46"
"2,48 : 49.01"
"2,49 : 43.86"
"3,0 : 19.42"
"3,1 : 34.71"
"3,2 : 12.53"
"3,3 : 0.0"
"3,4 : 30.53"
"3,5 : 66.85"
"3,6 : 76.66"
"3,7 : 28.3"
"3,8 : 57.07"
"3,9 : 69.23"
"3,10 : 34.71"
"3,11 : 66.37"
"3,12 : 27.78"
"3,13 : 84.65"
"3,14 : 33.94"
"3,15 : 33.84"
"3,16 : 23.54"
"3,17 : 84.63"
"3,18 : 16.28"
"3,19 : 94.2"
"3,20 : 50.21"
"3,21 : 39.41"
"3,22 : 65.51"
"3,23 : 53.41"
"3,24 : 55.76"
"3,25 : 75.93"
"3,26 : 77.1"
"3,27 : 47.04"
"3,28 : 36.12"
"3,29 : 26.42"
"3,30 : 29.61"
"3,31 : 82.37"
"3,32 : 75.29"
"3,33 : 77.78"
"3,34 : 62.17"
"3,35 : 38.42"
"3,36 : 52.39"
"3,37 : 69.63"
"3,38 : 36.01"
"3,39 : 82.46"
"3,40 : 71.84"
"3,41 : 38.83"
"3,42 : 39.82"
"3,43 : 28.32"
"3,44 : 59.03"
"3,45 : 40.31"
"3,46 : 77.62"
"3,47 : 74.09"
"3,48 : 38.64"
"3,49 : 52.39"
"4,0 : 49.93"
"4,1 : 12.04"
"4,2 : 43.05"
"4,3 : 30.53"
"4,4 : 0.0"
"4,5 : 74.95"
"4,6 : 58.31"
"4,7 : 2.24"
"4,8 : 82.15"
"4,9 : 53.6"
"4,10 : 26.17"
"4,11 : 72.67"
"4,12 : 14.42"
"4,13 : 93.49"
"4,14 : 8.25"
"4,15 : 46.57"
"4,16 : 22.14"
"4,17 : 91.84"
"4,18 : 29.0"
"4,19 : 101.83"
"4,20 : 21.47"
"4,21 : 58.42"
"4,22 : 49.48"
"4,23 : 26.93"
"4,24 : 64.01"
"4,25 : 58.69"
"4,26 : 71.56"
"4,27 : 41.77"
"4,28 : 64.85"
"4,29 : 49.09"
"4,30 : 55.9"
"4,31 : 86.56"
"4,32 : 80.6"
"4,33 : 89.9"
"4,34 : 58.9"
"4,35 : 56.57"
"4,36 : 37.7"
"4,37 : 77.7"
"4,38 : 33.6"
"4,39 : 60.3"
"4,40 : 70.18"
"4,41 : 16.49"
"4,42 : 10.3"
"4,43 : 45.28"
"4,44 : 49.24"
"4,45 : 19.92"
"4,46 : 86.61"
"4,47 : 80.21"
"4,48 : 25.94"
"4,49 : 77.1"
"5,0 : 69.57"
"5,1 : 86.53"
"5,2 : 66.71"
"5,3 : 66.85"
"5,4 : 74.95"
"5,5 : 0.0"
"5,6 : 61.03"
"5,7 : 73.78"
"5,8 : 47.54"
"5,9 : 52.63"
"5,10 : 49.66"
"5,11 : 4.47"
"5,12 : 60.54"
"5,13 : 18.6"
"5,14 : 69.32"
"5,15 : 33.02"
"5,16 : 53.6"
"5,17 : 17.8"
"5,18 : 52.4"
"5,19 : 27.59"
"5,20 : 76.66"
"5,21 : 32.56"
"5,22 : 52.77"
"5,23 : 72.18"
"5,24 : 11.31"
"5,25 : 58.19"
"5,26 : 32.65"
"5,27 : 36.88"
"5,28 : 58.03"
"5,29 : 44.6"
"5,30 : 49.82"
"5,31 : 17.12"
"5,32 : 10.0"
"5,33 : 17.0"
"5,34 : 26.68"
"5,35 : 32.02"
"5,36 : 50.16"
"5,37 : 2.83"
"5,38 : 41.59"
"5,39 : 73.08"
"5,40 : 22.8"
"5,41 : 64.26"
"5,42 : 75.24"
"5,43 : 38.95"
"5,44 : 40.2"
"5,45 : 61.35"
"5,46 : 11.66"
"5,47 : 8.06"
"5,48 : 98.08"
"5,49 : 44.92"
"6,0 : 92.31"
"6,1 : 68.45"
"6,2 : 85.8"
"6,3 : 76.66"
"6,4 : 58.31"
"6,5 : 61.03"
"6,6 : 0.0"
"6,7 : 59.14"
"6,8 : 98.72"
"6,9 : 9.22"
"6,10 : 42.06"
"6,11 : 56.61"
"6,12 : 50.36"
"6,13 : 73.44"
"6,14 : 50.16"
"6,15 : 60.31"
"6,16 : 53.16"
"6,17 : 69.18"
"6,18 : 62.39"
"6,19 : 77.01"
"6,20 : 42.15"
"6,21 : 72.84"
"6,22 : 11.66"
"6,23 : 34.54"
"6,24 : 56.82"
"6,25 : 3.0"
"6,26 : 33.06"
"6,27 : 34.83"
"6,28 : 95.21"
"6,29 : 74.63"
"6,30 : 83.82"
"6,31 : 60.03"
"6,32 : 58.69"
"6,33 : 77.37"
"6,34 : 34.54"
"6,35 : 70.71"
"6,36 : 24.35"
"6,37 : 62.36"
"6,38 : 43.42"
"6,39 : 12.17"
"6,40 : 40.31"
"6,41 : 42.05"
"6,42 : 50.22"
"6,43 : 65.8"
"6,44 : 23.43"
"6,45 : 39.0"
"6,46 : 69.23"
"6,47 : 60.02"
"6,48 : 82.98"
"6,49 : 94.26"
"7,0 : 47.71"
"7,1 : 12.81"
"7,2 : 40.82"
"7,3 : 28.3"
"7,4 : 2.24"
"7,5 : 73.78"
"7,6 : 59.14"
"7,7 : 0.0"
"7,8 : 80.1"
"7,9 : 54.13"
"7,10 : 25.5"
"7,11 : 71.61"
"7,12 : 13.45"
"7,13 : 92.36"
"7,14 : 9.0"
"7,15 : 44.92"
"7,16 : 20.62"
"7,17 : 90.8"
"7,18 : 27.02"
"7,19 : 100.8"
"7,20 : 23.32"
"7,21 : 56.57"
"7,22 : 50.01"
"7,23 : 28.46"
"7,24 : 62.77"
"7,25 : 59.41"
"7,26 : 71.34"
"7,27 : 41.23"
"7,28 : 62.64"
"7,29 : 47.04"
"7,30 : 53.76"
"7,31 : 85.7"
"7,32 : 79.65"
"7,33 : 88.55"
"7,34 : 58.41"
"7,35 : 54.74"
"7,36 : 37.95"
"7,37 : 76.55"
"7,38 : 32.65"
"7,39 : 61.52"
"7,40 : 69.66"
"7,41 : 17.12"
"7,42 : 12.21"
"7,43 : 43.42"
"7,44 : 49.19"
"7,45 : 20.4"
"7,46 : 85.44"
"7,47 : 79.2"
"7,48 : 26.08"
"7,49 : 75.06"
"8,0 : 45.65"
"8,1 : 90.09"
"8,2 : 48.1"
"8,3 : 57.07"
"8,4 : 82.15"
"8,5 : 47.54"
"8,6 : 98.72"
"8,7 : 80.1"
"8,8 : 0.0"
"8,9 : 89.5"
"8,10 : 67.07"
"8,11 : 50.99"
"8,12 : 71.2"
"8,13 : 55.08"
"8,14 : 81.05"
"8,15 : 40.72"
"8,16 : 62.17"
"8,17 : 58.42"
"8,18 : 53.24"
"8,19 : 64.01"
"8,20 : 95.08"
"8,21 : 26.83"
"8,22 : 87.8"
"8,23 : 94.24"
"8,24 : 44.41"
"8,25 : 96.43"
"8,26 : 77.94"
"8,27 : 64.9"
"8,28 : 24.41"
"8,29 : 33.06"
"8,30 : 27.46"
"8,31 : 63.06"
"8,32 : 56.92"
"8,33 : 44.01"
"8,34 : 66.6"
"8,35 : 29.07"
"8,36 : 78.89"
"8,37 : 48.7"
"8,38 : 60.42"
"8,39 : 109.4"
"8,40 : 68.26"
"8,41 : 80.78"
"8,42 : 88.12"
"8,43 : 38.33"
"8,44 : 75.29"
"8,45 : 79.7"
"8,46 : 50.64"
"8,47 : 54.71"
"8,48 : 95.71"
"8,49 : 5.1"
"9,0 : 84.15"
"9,1 : 64.51"
"9,2 : 77.79"
"9,3 : 69.23"
"9,4 : 53.6"
"9,5 : 52.63"
"9,6 : 9.22"
"9,7 : 54.13"
"9,8 : 89.5"
"9,9 : 0.0"
"9,10 : 34.53"
"9,11 : 48.27"
"9,12 : 44.01"
"9,13 : 66.03"
"9,14 : 45.35"
"9,15 : 51.22"
"9,16 : 45.71"
"9,17 : 62.01"
"9,18 : 54.41"
"9,19 : 70.35"
"9,20 : 40.22"
"9,21 : 63.64"
"9,22 : 4.12"
"9,23 : 32.8"
"9,24 : 47.85"
"9,25 : 7.21"
"9,26 : 27.2"
"9,27 : 25.81"
"9,28 : 86.27"
"9,29 : 65.73"
"9,30 : 74.89"
"9,31 : 53.15"
"9,32 : 51.09"
"9,33 : 69.23"
"9,34 : 25.96"
"9,35 : 61.52"
"9,36 : 17.03"
"9,37 : 54.13"
"9,38 : 34.93"
"9,39 : 20.62"
"9,40 : 33.02"
"9,41 : 37.11"
"9,42 : 46.62"
"9,43 : 56.86"
"9,44 : 14.21"
"9,45 : 33.73"
"9,46 : 61.4"
"9,47 : 52.24"
"9,48 : 79.06"
"9,49 : 85.04"
"10,0 : 50.54"
"10,1 : 38.18"
"10,2 : 43.86"
"10,3 : 34.71"
"10,4 : 26.17"
"10,5 : 49.66"
"10,6 : 42.06"
"10,7 : 25.5"
"10,8 : 67.07"
"10,9 : 34.53"
"10,10 : 0.0"
"10,11 : 47.01"
"10,12 : 12.21"
"10,13 : 68.0"
"10,14 : 19.72"
"10,15 : 26.68"
"10,16 : 11.18"
"10,17 : 66.04"
"10,18 : 20.59"
"10,19 : 76.01"
"10,20 : 29.02"
"10,21 : 40.52"
"10,22 : 30.81"
"10,23 : 27.2"
"10,24 : 39.22"
"10,25 : 41.23"
"10,26 : 46.52"
"10,27 : 15.81"
"10,28 : 56.73"
"10,29 : 36.62"
"10,30 : 45.61"
"10,31 : 60.44"
"10,32 : 54.64"
"10,33 : 65.46"
"10,34 : 33.02"
"10,35 : 38.33"
"10,36 : 17.72"
"10,37 : 52.33"
"10,38 : 8.25"
"10,39 : 48.88"
"10,40 : 44.2"
"10,41 : 15.13"
"10,42 : 25.63"
"10,43 : 29.07"
"10,44 : 25.5"
"10,45 : 13.04"
"10,46 : 61.27"
"10,47 : 54.38"
"10,48 : 51.4"
"10,49 : 62.03"
"11,0 : 70.34"
"11,1 : 84.4"
"11,2 : 67.07"
"11,3 : 66.37"
"11,4 : 72.67"
"11,5 : 4.47"
"11,6 : 56.61"
"11,7 : 71.61"
"11,8 : 50.99"
"11,9 : 48.27"
"11,10 : 47.01"
"11,11 : 0.0"
"11,12 : 58.25"
"11,13 : 21.02"
"11,14 : 66.73"
"11,15 : 32.65"
"11,16 : 51.74"
"11,17 : 19.21"
"11,18 : 51.4"
"11,19 : 29.21"
"11,20 : 73.38"
"11,21 : 34.06"
"11,22 : 48.51"
"11,23 : 68.66"
"11,24 : 10.77"
"11,25 : 53.76"
"11,26 : 28.32"
"11,27 : 33.53"
"11,28 : 60.03"
"11,29 : 45.35"
"11,30 : 51.24"
"11,31 : 16.16"
"11,32 : 8.94"
"11,33 : 21.1"
"11,34 : 22.36"
"11,35 : 33.24"
"11,36 : 46.39"
"11,37 : 6.0"
"11,38 : 39.12"
"11,39 : 68.68"
"11,40 : 18.44"
"11,41 : 61.33"
"11,42 : 72.45"
"11,43 : 39.0"
"11,44 : 36.06"
"11,45 : 58.31"
"11,46 : 14.56"
"11,47 : 7.81"
"11,48 : 96.33"
"11,49 : 48.1"
"12,0 : 46.1"
"12,1 : 26.25"
"12,2 : 39.05"
"12,3 : 27.78"
"12,4 : 14.42"
"12,5 : 60.54"
"12,6 : 50.36"
"12,7 : 13.45"
"12,8 : 71.2"
"12,9 : 44.01"
"12,10 : 12.21"
"12,11 : 58.25"
"12,12 : 0.0"
"12,13 : 79.08"
"12,14 : 10.0"
"12,15 : 33.24"
"12,16 : 9.06"
"12,17 : 77.42"
"12,18 : 18.79"
"12,19 : 87.42"
"12,20 : 24.6"
"12,21 : 46.01"
"12,22 : 40.0"
"12,23 : 26.17"
"12,24 : 49.65"
"12,25 : 50.09"
"12,26 : 58.59"
"12,27 : 28.02"
"12,28 : 56.82"
"12,29 : 38.6"
"12,30 : 46.62"
"12,31 : 72.25"
"12,32 : 66.22"
"12,33 : 75.64"
"12,34 : 45.22"
"12,35 : 44.0"
"12,36 : 27.07"
"12,37 : 63.29"
"12,38 : 19.21"
"12,39 : 55.03"
"12,40 : 56.4"
"12,41 : 11.31"
"12,42 : 17.03"
"12,43 : 33.14"
"12,44 : 37.0"
"12,45 : 12.53"
"12,46 : 72.2"
"12,47 : 65.8"
"12,48 : 39.2"
"12,49 : 66.1"
"13,0 : 85.43"
"13,1 : 105.12"
"13,2 : 83.35"
"13,3 : 84.65"
"13,4 : 93.49"
"13,5 : 18.6"
"13,6 : 73.44"
"13,7 : 92.36"
"13,8 : 55.08"
"13,9 : 66.03"
"13,10 : 68.0"
"13,11 : 21.02"
"13,12 : 79.08"
"13,13 : 0.0"
"13,14 : 87.71"
"13,15 : 50.99"
"13,16 : 72.2"
"13,17 : 5.0"
"13,18 : 70.71"
"13,19 : 9.85"
"13,20 : 94.24"
"13,21 : 47.85"
"13,22 : 67.03"
"13,23 : 89.29"
"13,24 : 29.83"
"13,25 : 70.46"
"13,26 : 41.23"
"13,27 : 54.42"
"13,28 : 71.06"
"13,29 : 60.9"
"13,30 : 64.62"
"13,31 : 14.32"
"13,32 : 15.03"
"13,33 : 11.18"
"13,34 : 41.3"
"13,35 : 47.89"
"13,36 : 66.71"
"13,37 : 15.81"
"13,38 : 60.03"
"13,39 : 85.59"
"13,40 : 33.14"
"13,41 : 82.35"
"13,42 : 93.47"
"13,43 : 56.4"
"13,44 : 55.44"
"13,45 : 79.31"
"13,46 : 7.07"
"13,47 : 14.32"
"13,48 : 116.66"
"13,49 : 54.04"
"14,0 : 53.15"
"14,1 : 19.72"
"14,2 : 46.1"
"14,3 : 33.94"
"14,4 : 8.25"
"14,5 : 69.32"
"14,6 : 50.16"
"14,7 : 9.0"
"14,8 : 81.05"
"14,9 : 45.35"
"14,10 : 19.72"
"14,11 : 66.73"
"14,12 : 10.0"
"14,13 : 87.71"
"14,14 : 0.0"
"14,15 : 43.19"
"14,16 : 19.03"
"14,17 : 85.76"
"14,18 : 28.16"
"14,19 : 95.72"
"14,20 : 16.28"
"14,21 : 56.01"
"14,22 : 41.23"
"14,23 : 20.12"
"14,24 : 58.69"
"14,25 : 50.49"
"14,26 : 63.82"
"14,27 : 34.71"
"14,28 : 65.8"
"14,29 : 48.27"
"14,30 : 55.97"
"14,31 : 80.0"
"14,32 : 74.33"
"14,33 : 84.86"
"14,34 : 51.62"
"14,35 : 54.0"
"14,36 : 29.55"
"14,37 : 72.01"
"14,38 : 27.73"
"14,39 : 52.61"
"14,40 : 62.94"
"14,41 : 8.25"
"14,42 : 7.07"
"14,43 : 43.1"
"14,44 : 41.34"
"14,45 : 11.7"
"14,46 : 80.95"
"14,47 : 74.09"
"14,48 : 34.01"
"14,49 : 75.95"
"15,0 : 39.12"
"15,1 : 57.01"
"15,2 : 34.93"
"15,3 : 33.84"
"15,4 : 46.57"
"15,5 : 33.02"
"15,6 : 60.31"
"15,7 : 44.92"
"15,8 : 40.72"
"15,9 : 51.22"
"15,10 : 26.68"
"15,11 : 32.65"
"15,12 : 33.24"
"15,13 : 50.99"
"15,14 : 43.19"
"15,15 : 0.0"
"15,16 : 24.52"
"15,17 : 50.8"
"15,18 : 20.0"
"15,19 : 60.44"
"15,20 : 55.44"
"15,21 : 13.93"
"15,22 : 48.84"
"15,23 : 53.85"
"15,24 : 21.95"
"15,25 : 58.41"
"15,26 : 48.37"
"15,27 : 25.5"
"15,28 : 35.36"
"15,29 : 15.52"
"15,30 : 24.17"
"15,31 : 48.75"
"15,32 : 41.59"
"15,33 : 45.0"
"15,34 : 33.73"
"15,35 : 11.7"
"15,36 : 38.6"
"15,37 : 35.81"
"15,38 : 19.7"
"15,39 : 70.04"
"15,40 : 41.01"
"15,41 : 41.19"
"15,42 : 50.09"
"15,43 : 7.0"
"15,44 : 37.44"
"15,45 : 39.62"
"15,46 : 43.93"
"15,47 : 40.31"
"15,48 : 66.89"
"15,49 : 35.78"
"16,0 : 39.96"
"16,1 : 33.12"
"16,2 : 33.12"
"16,3 : 23.54"
"16,4 : 22.14"
"16,5 : 53.6"
"16,6 : 53.16"
"16,7 : 20.62"
"16,8 : 62.17"
"16,9 : 45.71"
"16,10 : 11.18"
"16,11 : 51.74"
"16,12 : 9.06"
"16,13 : 72.2"
"16,14 : 19.03"
"16,15 : 24.52"
"16,16 : 0.0"
"16,17 : 70.94"
"16,18 : 10.63"
"16,19 : 80.92"
"16,20 : 33.24"
"16,21 : 37.0"
"16,22 : 41.98"
"16,23 : 33.84"
"16,24 : 42.44"
"16,25 : 52.39"
"16,26 : 55.97"
"16,27 : 25.0"
"16,28 : 48.55"
"16,29 : 29.73"
"16,30 : 38.01"
"16,31 : 66.53"
"16,32 : 60.11"
"16,33 : 68.0"
"16,34 : 41.63"
"16,35 : 35.01"
"16,36 : 28.86"
"16,37 : 56.4"
"16,38 : 14.32"
"16,39 : 59.48"
"16,40 : 52.35"
"16,41 : 19.24"
"16,42 : 26.08"
"16,43 : 24.08"
"16,44 : 36.12"
"16,45 : 19.21"
"16,46 : 65.22"
"16,47 : 59.46"
"16,48 : 44.6"
"16,49 : 57.07"
"17,0 : 86.54"
"17,1 : 103.6"
"17,2 : 84.08"
"17,3 : 84.63"
"17,4 : 91.84"
"17,5 : 17.8"
"17,6 : 69.18"
"17,7 : 90.8"
"17,8 : 58.42"
"17,9 : 62.01"
"17,10 : 66.04"
"17,11 : 19.21"
"17,12 : 77.42"
"17,13 : 5.0"
"17,14 : 85.76"
"17,15 : 50.8"
"17,16 : 70.94"
"17,17 : 0.0"
"17,18 : 70.18"
"17,19 : 10.0"
"17,20 : 91.55"
"17,21 : 49.04"
"17,22 : 63.2"
"17,23 : 86.33"
"17,24 : 29.07"
"17,25 : 66.19"
"17,26 : 36.67"
"17,27 : 51.89"
"17,28 : 73.16"
"17,29 : 61.74"
"17,30 : 66.1"
"17,31 : 9.49"
"17,32 : 11.7"
"17,33 : 15.23"
"17,34 : 37.85"
"17,35 : 48.85"
"17,36 : 63.6"
"17,37 : 15.0"
"17,38 : 58.25"
"17,39 : 81.3"
"17,40 : 29.0"
"17,41 : 80.06"
"17,42 : 91.3"
"17,43 : 56.6"
"17,44 : 51.97"
"17,45 : 76.92"
"17,46 : 8.06"
"17,47 : 11.66"
"17,48 : 115.52"
"17,49 : 57.04"
"18,0 : 29.97"
"18,1 : 38.08"
"18,2 : 23.41"
"18,3 : 16.28"
"18,4 : 29.0"
"18,5 : 52.4"
"18,6 : 62.39"
"18,7 : 27.02"
"18,8 : 53.24"
"18,9 : 54.41"
"18,10 : 20.59"
"18,11 : 51.4"
"18,12 : 18.79"
"18,13 : 70.71"
"18,14 : 28.16"
"18,15 : 20.0"
"18,16 : 10.63"
"18,17 : 70.18"
"18,18 : 0.0"
"18,19 : 79.98"
"18,20 : 43.38"
"18,21 : 29.83"
"18,22 : 50.92"
"18,23 : 44.41"
"18,24 : 41.11"
"18,25 : 61.35"
"18,26 : 60.83"
"18,27 : 31.02"
"18,28 : 38.08"
"18,29 : 20.22"
"18,30 : 27.86"
"18,31 : 67.12"
"18,32 : 60.22"
"18,33 : 65.0"
"18,34 : 45.89"
"18,35 : 28.16"
"18,36 : 38.08"
"18,37 : 55.23"
"18,38 : 20.1"
"18,39 : 69.46"
"18,40 : 55.66"
"18,41 : 29.68"
"18,42 : 35.17"
"18,43 : 16.76"
"18,44 : 43.29"
"18,45 : 29.83"
"18,46 : 63.64"
"18,47 : 59.2"
"18,48 : 47.01"
"18,49 : 48.17"
"19,0 : 95.27"
"19,1 : 113.6"
"19,2 : 93.15"
"19,3 : 94.2"
"19,4 : 101.83"
"19,5 : 27.59"
"19,6 : 77.01"
"19,7 : 100.8"
"19,8 : 64.01"
"19,9 : 70.35"
"19,10 : 76.01"
"19,11 : 29.21"
"19,12 : 87.42"
"19,13 : 9.85"
"19,14 : 95.72"
"19,15 : 60.44"
"19,16 : 80.92"
"19,17 : 10.0"
"19,18 : 79.98"
"19,19 : 0.0"
"19,20 : 101.24"
"19,21 : 57.7"
"19,22 : 71.85"
"19,23 : 95.86"
"19,24 : 38.9"
"19,25 : 74.01"
"19,26 : 44.01"
"19,27 : 61.72"
"19,28 : 80.78"
"19,29 : 70.71"
"19,30 : 74.46"
"19,31 : 17.26"
"19,32 : 21.47"
"19,33 : 20.1"
"19,34 : 47.13"
"19,35 : 57.71"
"19,36 : 73.05"
"19,37 : 24.76"
"19,38 : 68.24"
"19,39 : 89.01"
"19,40 : 37.48"
"19,41 : 89.94"
"19,42 : 101.21"
"19,43 : 66.03"
"19,44 : 61.13"
"19,45 : 86.77"
"19,46 : 16.64"
"19,47 : 21.63"
"19,48 : 125.5"
"19,49 : 63.29"
"20,0 : 69.43"
"20,1 : 28.07"
"20,2 : 62.37"
"20,3 : 50.21"
"20,4 : 21.47"
"20,5 : 76.66"
"20,6 : 42.15"
"20,7 : 23.32"
"20,8 : 95.08"
"20,9 : 40.22"
"20,10 : 29.02"
"20,11 : 73.38"
"20,12 : 24.6"
"20,13 : 94.24"
"20,14 : 16.28"
"20,15 : 55.44"
"20,16 : 33.24"
"20,17 : 91.55"
"20,18 : 43.38"
"20,19 : 101.24"
"20,20 : 0.0"
"20,21 : 69.05"
"20,22 : 36.4"
"20,23 : 7.62"
"20,24 : 67.08"
"20,25 : 43.38"
"20,26 : 63.89"
"20,27 : 39.85"
"20,28 : 81.41"
"20,29 : 62.97"
"20,30 : 71.18"
"20,31 : 84.53"
"20,32 : 79.85"
"20,33 : 93.17"
"20,34 : 54.59"
"20,35 : 66.91"
"20,36 : 28.84"
"20,37 : 79.12"
"20,38 : 37.01"
"20,39 : 41.19"
"20,40 : 65.51"
"20,41 : 14.32"
"20,42 : 11.18"
"20,43 : 56.75"
"20,44 : 41.62"
"20,45 : 16.0"
"20,46 : 87.93"
"20,47 : 80.06"
"20,48 : 42.05"
"20,49 : 89.99"
"21,0 : 37.58"
"21,1 : 67.91"
"21,2 : 35.81"
"21,3 : 39.41"
"21,4 : 58.42"
"21,5 : 32.56"
"21,6 : 72.84"
"21,7 : 56.57"
"21,8 : 26.83"
"21,9 : 63.64"
"21,10 : 40.52"
"21,11 : 34.06"
"21,12 : 46.01"
"21,13 : 47.85"
"21,14 : 56.01"
"21,15 : 13.93"
"21,16 : 37.0"
"21,17 : 49.04"
"21,18 : 29.83"
"21,19 : 57.7"
"21,20 : 69.05"
"21,21 : 0.0"
"21,22 : 61.62"
"21,23 : 67.72"
"21,24 : 24.08"
"21,25 : 70.72"
"21,26 : 56.3"
"21,27 : 38.42"
"21,28 : 26.31"
"21,29 : 13.45"
"21,30 : 17.26"
"21,31 : 49.65"
"21,32 : 42.43"
"21,33 : 39.41"
"21,34 : 42.94"
"21,35 : 2.24"
"21,36 : 52.15"
"21,37 : 34.93"
"21,38 : 33.62"
"21,39 : 83.1"
"21,40 : 47.54"
"21,41 : 54.74"
"21,42 : 63.03"
"21,43 : 13.15"
"21,44 : 49.52"
"21,45 : 53.37"
"21,46 : 41.23"
"21,47 : 40.61"
"21,48 : 76.16"
"21,49 : 21.95"
"22,0 : 80.78"
"22,1 : 60.41"
"22,2 : 74.33"
"22,3 : 65.51"
"22,4 : 49.48"
"22,5 : 52.77"
"22,6 : 11.66"
"22,7 : 50.01"
"22,8 : 87.8"
"22,9 : 4.12"
"22,10 : 30.81"
"22,11 : 48.51"
"22,12 : 40.0"
"22,13 : 67.03"
"22,14 : 41.23"
"22,15 : 48.84"
"22,16 : 41.98"
"22,17 : 63.2"
"22,18 : 50.92"
"22,19 : 71.85"
"22,20 : 36.4"
"22,21 : 61.62"
"22,22 : 0.0"
"22,23 : 29.07"
"22,24 : 47.17"
"22,25 : 10.44"
"22,26 : 29.55"
"22,27 : 23.35"
"22,28 : 83.6"
"22,29 : 63.01"
"22,30 : 72.2"
"22,31 : 54.59"
"22,32 : 52.01"
"22,33 : 69.58"
"22,34 : 26.17"
"22,35 : 59.46"
"22,36 : 13.15"
"22,37 : 54.45"
"22,38 : 31.76"
"22,39 : 21.63"
"22,40 : 34.37"
"22,41 : 32.98"
"22,42 : 42.54"
"22,43 : 54.2"
"22,44 : 13.0"
"22,45 : 29.61"
"22,46 : 62.07"
"22,47 : 53.01"
"22,48 : 74.95"
"22,49 : 83.24"
"23,0 : 72.18"
"23,1 : 35.01"
"23,2 : 65.12"
"23,3 : 53.41"
"23,4 : 26.93"
"23,5 : 72.18"
"23,6 : 34.54"
"23,7 : 28.46"
"23,8 : 94.24"
"23,9 : 32.8"
"23,10 : 27.2"
"23,11 : 68.66"
"23,12 : 26.17"
"23,13 : 89.29"
"23,14 : 20.12"
"23,15 : 53.85"
"23,16 : 33.84"
"23,17 : 86.33"
"23,18 : 44.41"
"23,19 : 95.86"
"23,20 : 7.62"
"23,21 : 67.72"
"23,22 : 29.07"
"23,23 : 0.0"
"23,24 : 63.2"
"23,25 : 35.78"
"23,26 : 57.2"
"23,27 : 35.36"
"23,28 : 82.38"
"23,29 : 63.06"
"23,30 : 71.69"
"23,31 : 78.92"
"23,32 : 74.63"
"23,33 : 88.96"
"23,34 : 48.85"
"23,35 : 65.52"
"23,36 : 22.85"
"23,37 : 74.53"
"23,38 : 34.53"
"23,39 : 34.01"
"23,40 : 59.48"
"23,41 : 14.87"
"23,42 : 17.12"
"23,43 : 56.08"
"23,44 : 35.36"
"23,45 : 14.76"
"23,46 : 83.2"
"23,47 : 75.0"
"23,48 : 49.25"
"23,49 : 89.2"
"24,0 : 59.67"
"24,1 : 75.47"
"24,2 : 56.3"
"24,3 : 55.76"
"24,4 : 64.01"
"24,5 : 11.31"
"24,6 : 56.82"
"24,7 : 62.77"
"24,8 : 44.41"
"24,9 : 47.85"
"24,10 : 39.22"
"24,11 : 10.77"
"24,12 : 49.65"
"24,13 : 29.83"
"24,14 : 58.69"
"24,15 : 21.95"
"24,16 : 42.44"
"24,17 : 29.07"
"24,18 : 41.11"
"24,19 : 38.9"
"24,20 : 67.08"
"24,21 : 24.08"
"24,22 : 47.17"
"24,23 : 63.2"
"24,24 : 0.0"
"24,25 : 54.2"
"24,26 : 33.62"
"24,27 : 28.0"
"24,28 : 50.36"
"24,29 : 34.71"
"24,30 : 41.01"
"24,31 : 26.93"
"24,32 : 19.7"
"24,33 : 26.25"
"24,34 : 22.8"
"24,35 : 23.0"
"24,36 : 42.19"
"24,37 : 14.14"
"24,38 : 31.02"
"24,39 : 68.45"
"24,40 : 24.17"
"24,41 : 54.12"
"24,42 : 64.85"
"24,43 : 28.23"
"24,44 : 34.18"
"24,45 : 51.42"
"24,46 : 22.8"
"24,47 : 18.36"
"24,48 : 86.83"
"24,49 : 40.82"
"25,0 : 91.18"
"25,1 : 69.12"
"25,2 : 84.76"
"25,3 : 75.93"
"25,4 : 58.69"
"25,5 : 58.19"
"25,6 : 3.0"
"25,7 : 59.41"
"25,8 : 96.43"
"25,9 : 7.21"
"25,10 : 41.23"
"25,11 : 53.76"
"25,12 : 50.09"
"25,13 : 70.46"
"25,14 : 50.49"
"25,15 : 58.41"
"25,16 : 52.39"
"25,17 : 66.19"
"25,18 : 61.35"
"25,19 : 74.01"
"25,20 : 43.38"
"25,21 : 70.72"
"25,22 : 10.44"
"25,23 : 35.78"
"25,24 : 54.2"
"25,25 : 0.0"
"25,26 : 30.07"
"25,27 : 33.02"
"25,28 : 93.48"
"25,29 : 72.95"
"25,30 : 82.1"
"25,31 : 57.04"
"25,32 : 55.73"
"25,33 : 74.46"
"25,34 : 31.78"
"25,35 : 68.62"
"25,36 : 23.54"
"25,37 : 59.48"
"25,38 : 42.05"
"25,39 : 15.13"
"25,40 : 37.34"
"25,41 : 42.3"
"25,42 : 50.96"
"25,43 : 64.07"
"25,44 : 21.21"
"25,45 : 39.12"
"25,46 : 66.29"
"25,47 : 57.07"
"25,48 : 83.68"
"25,49 : 92.02"
"26,0 : 87.05"
"26,1 : 83.49"
"26,2 : 82.02"
"26,3 : 77.1"
"26,4 : 71.56"
"26,5 : 32.65"
"26,6 : 33.06"
"26,7 : 71.34"
"26,8 : 77.94"
"26,9 : 27.2"
"26,10 : 46.52"
"26,11 : 28.32"
"26,12 : 58.59"
"26,13 : 41.23"
"26,14 : 63.82"
"26,15 : 48.37"
"26,16 : 55.97"
"26,17 : 36.67"
"26,18 : 60.83"
"26,19 : 44.01"
"26,20 : 63.89"
"26,21 : 56.3"
"26,22 : 29.55"
"26,23 : 57.2"
"26,24 : 33.62"
"26,25 : 30.07"
"26,26 : 0.0"
"26,27 : 31.02"
"26,28 : 82.28"
"26,29 : 63.79"
"26,30 : 71.81"
"26,31 : 27.29"
"26,32 : 27.31"
"26,33 : 46.96"
"26,34 : 15.03"
"26,35 : 54.71"
"26,36 : 35.36"
"26,37 : 33.02"
"26,38 : 41.76"
"26,39 : 45.0"
"26,40 : 9.9"
"26,41 : 56.22"
"26,42 : 67.36"
"26,43 : 55.33"
"26,44 : 22.67"
"26,45 : 52.63"
"26,46 : 38.08"
"26,47 : 29.07"
"26,48 : 97.42"
"26,49 : 74.43"
"27,0 : 59.67"
"27,1 : 53.81"
"27,2 : 53.76"
"27,3 : 47.04"
"27,4 : 41.77"
"27,5 : 36.88"
"27,6 : 34.83"
"27,7 : 41.23"
"27,8 : 64.9"
"27,9 : 25.81"
"27,10 : 15.81"
"27,11 : 33.53"
"27,12 : 28.02"
"27,13 : 54.42"
"27,14 : 34.71"
"27,15 : 25.5"
"27,16 : 25.0"
"27,17 : 51.89"
"27,18 : 31.02"
"27,19 : 61.72"
"27,20 : 39.85"
"27,21 : 38.42"
"27,22 : 23.35"
"27,23 : 35.36"
"27,24 : 28.0"
"27,25 : 33.02"
"27,26 : 31.02"
"27,27 : 0.0"
"27,28 : 60.46"
"27,29 : 39.96"
"27,30 : 49.09"
"27,31 : 45.49"
"27,32 : 40.25"
"27,33 : 53.6"
"27,34 : 17.2"
"27,35 : 36.24"
"27,36 : 14.56"
"27,37 : 39.29"
"27,38 : 11.05"
"27,39 : 44.69"
"27,40 : 28.43"
"27,41 : 28.3"
"27,42 : 39.66"
"27,43 : 31.06"
"27,44 : 12.65"
"27,45 : 25.06"
"27,46 : 48.08"
"27,47 : 40.31"
"27,48 : 67.2"
"27,49 : 60.22"
"28,0 : 21.54"
"28,1 : 70.71"
"28,2 : 25.18"
"28,3 : 36.12"
"28,4 : 64.85"
"28,5 : 58.03"
"28,6 : 95.21"
"28,7 : 62.64"
"28,8 : 24.41"
"28,9 : 86.27"
"28,10 : 56.73"
"28,11 : 60.03"
"28,12 : 56.82"
"28,13 : 71.06"
"28,14 : 65.8"
"28,15 : 35.36"
"28,16 : 48.55"
"28,17 : 73.16"
"28,18 : 38.08"
"28,19 : 80.78"
"28,20 : 81.41"
"28,21 : 26.31"
"28,22 : 83.6"
"28,23 : 82.38"
"28,24 : 50.36"
"28,25 : 93.48"
"28,26 : 82.28"
"28,27 : 60.46"
"28,28 : 0.0"
"28,29 : 20.62"
"28,30 : 11.4"
"28,31 : 75.11"
"28,32 : 68.03"
"28,33 : 61.03"
"28,34 : 68.35"
"28,35 : 27.66"
"28,36 : 72.25"
"28,37 : 60.13"
"28,38 : 52.4"
"28,39 : 104.24"
"28,40 : 73.76"
"28,41 : 67.74"
"28,42 : 72.62"
"28,43 : 29.41"
"28,44 : 72.72"
"28,45 : 67.68"
"28,46 : 65.12"
"28,47 : 66.07"
"28,48 : 74.11"
"28,49 : 21.21"
"29,0 : 25.0"
"29,1 : 57.31"
"29,2 : 22.47"
"29,3 : 26.42"
"29,4 : 49.09"
"29,5 : 44.6"
"29,6 : 74.63"
"29,7 : 47.04"
"29,8 : 33.06"
"29,9 : 65.73"
"29,10 : 36.62"
"29,11 : 45.35"
"29,12 : 38.6"
"29,13 : 60.9"
"29,14 : 48.27"
"29,15 : 15.52"
"29,16 : 29.73"
"29,17 : 61.74"
"29,18 : 20.22"
"29,19 : 70.71"
"29,20 : 62.97"
"29,21 : 13.45"
"29,22 : 63.01"
"29,23 : 63.06"
"29,24 : 34.71"
"29,25 : 72.95"
"29,26 : 63.79"
"29,27 : 39.96"
"29,28 : 20.62"
"29,29 : 0.0"
"29,30 : 9.22"
"29,31 : 61.4"
"29,32 : 54.12"
"29,33 : 52.8"
"29,34 : 49.24"
"29,35 : 13.04"
"29,36 : 51.66"
"29,37 : 47.17"
"29,38 : 31.83"
"29,39 : 83.63"
"29,40 : 56.08"
"29,41 : 48.85"
"29,42 : 55.32"
"29,43 : 8.94"
"29,44 : 52.35"
"29,45 : 48.3"
"29,46 : 54.12"
"29,47 : 52.5"
"29,48 : 64.2"
"29,49 : 28.02"
"30,0 : 21.4"
"30,1 : 63.01"
"30,2 : 21.63"
"30,3 : 29.61"
"30,4 : 55.9"
"30,5 : 49.82"
"30,6 : 83.82"
"30,7 : 53.76"
"30,8 : 27.46"
"30,9 : 74.89"
"30,10 : 45.61"
"30,11 : 51.24"
"30,12 : 46.62"
"30,13 : 64.62"
"30,14 : 55.97"
"30,15 : 24.17"
"30,16 : 38.01"
"30,17 : 66.1"
"30,18 : 27.86"
"30,19 : 74.46"
"30,20 : 71.18"
"30,21 : 17.26"
"30,22 : 72.2"
"30,23 : 71.69"
"30,24 : 41.01"
"30,25 : 82.1"
"30,26 : 71.81"
"30,27 : 49.09"
"30,28 : 11.4"
"30,29 : 9.22"
"30,30 : 0.0"
"30,31 : 66.91"
"30,32 : 59.68"
"30,33 : 55.47"
"30,34 : 57.57"
"30,35 : 18.03"
"30,36 : 60.88"
"30,37 : 52.17"
"30,38 : 41.04"
"30,39 : 92.85"
"30,40 : 63.64"
"30,41 : 57.25"
"30,42 : 62.94"
"30,43 : 18.03"
"30,44 : 61.4"
"30,45 : 56.94"
"30,46 : 58.19"
"30,47 : 57.87"
"30,48 : 68.25"
"30,49 : 22.8"
"31,0 : 86.4"
"31,1 : 98.49"
"31,2 : 83.22"
"31,3 : 82.37"
"31,4 : 86.56"
"31,5 : 17.12"
"31,6 : 60.03"
"31,7 : 85.7"
"31,8 : 63.06"
"31,9 : 53.15"
"31,10 : 60.44"
"31,11 : 16.16"
"31,12 : 72.25"
"31,13 : 14.32"
"31,14 : 80.0"
"31,15 : 48.75"
"31,16 : 66.53"
"31,17 : 9.49"
"31,18 : 67.12"
"31,19 : 17.26"
"31,20 : 84.53"
"31,21 : 49.65"
"31,22 : 54.59"
"31,23 : 78.92"
"31,24 : 26.93"
"31,25 : 57.04"
"31,26 : 27.29"
"31,27 : 45.49"
"31,28 : 75.11"
"31,29 : 61.4"
"31,30 : 66.91"
"31,31 : 0.0"
"31,32 : 7.28"
"31,33 : 22.67"
"31,34 : 30.08"
"31,35 : 49.03"
"31,36 : 56.08"
"31,37 : 15.0"
"31,38 : 53.08"
"31,39 : 72.11"
"31,40 : 20.22"
"31,41 : 73.78"
"31,42 : 85.15"
"31,43 : 55.15"
"31,44 : 43.97"
"31,45 : 70.49"
"31,46 : 13.6"
"31,47 : 9.06"
"31,48 : 111.02"
"31,49 : 61.0"
"32,0 : 79.12"
"32,1 : 92.46"
"32,2 : 75.96"
"32,3 : 75.29"
"32,4 : 80.6"
"32,5 : 10.0"
"32,6 : 58.69"
"32,7 : 79.65"
"32,8 : 56.92"
"32,9 : 51.09"
"32,10 : 54.64"
"32,11 : 8.94"
"32,12 : 66.22"
"32,13 : 15.03"
"32,14 : 74.33"
"32,15 : 41.59"
"32,16 : 60.11"
"32,17 : 11.7"
"32,18 : 60.22"
"32,19 : 21.47"
"32,20 : 79.85"
"32,21 : 42.43"
"32,22 : 52.01"
"32,23 : 74.63"
"32,24 : 19.7"
"32,25 : 55.73"
"32,26 : 27.31"
"32,27 : 40.25"
"32,28 : 68.03"
"32,29 : 54.12"
"32,30 : 59.68"
"32,31 : 7.28"
"32,32 : 0.0"
"32,33 : 19.72"
"32,34 : 26.31"
"32,35 : 41.77"
"32,36 : 51.92"
"32,37 : 8.25"
"32,38 : 47.01"
"32,39 : 70.86"
"32,40 : 18.44"
"32,41 : 68.48"
"32,42 : 79.76"
"32,43 : 47.93"
"32,44 : 40.45"
"32,45 : 65.3"
"32,46 : 10.77"
"32,47 : 2.24"
"32,48 : 104.69"
"32,49 : 54.57"
"33,0 : 76.66"
"33,1 : 101.12"
"33,2 : 75.21"
"33,3 : 77.78"
"33,4 : 89.9"
"33,5 : 17.0"
"33,6 : 77.37"
"33,7 : 88.55"
"33,8 : 44.01"
"33,9 : 69.23"
"33,10 : 65.46"
"33,11 : 21.1"
"33,12 : 75.64"
"33,13 : 11.18"
"33,14 : 84.86"
"33,15 : 45.0"
"33,16 : 68.0"
"33,17 : 15.23"
"33,18 : 65.0"
"33,19 : 20.1"
"33,20 : 93.17"
"33,21 : 39.41"
"33,22 : 69.58"
"33,23 : 88.96"
"33,24 : 26.25"
"33,25 : 74.46"
"33,26 : 46.96"
"33,27 : 53.6"
"33,28 : 61.03"
"33,29 : 52.8"
"33,30 : 55.47"
"33,31 : 22.67"
"33,32 : 19.72"
"33,33 : 0.0"
"33,34 : 43.42"
"33,35 : 39.82"
"33,36 : 67.12"
"33,37 : 15.13"
"33,38 : 57.25"
"33,39 : 89.5"
"33,40 : 37.7"
"33,41 : 80.36"
"33,42 : 91.08"
"33,43 : 49.52"
"33,44 : 57.14"
"33,45 : 77.62"
"33,46 : 9.22"
"33,47 : 17.89"
"33,48 : 111.77"
"33,49 : 43.19"
"34,0 : 72.11"
"34,1 : 70.94"
"34,2 : 67.01"
"34,3 : 62.17"
"34,4 : 58.9"
"34,5 : 26.68"
"34,6 : 34.54"
"34,7 : 58.41"
"34,8 : 66.6"
"34,9 : 25.96"
"34,10 : 33.02"
"34,11 : 22.36"
"34,12 : 45.22"
"34,13 : 41.3"
"34,14 : 51.62"
"34,15 : 33.73"
"34,16 : 41.63"
"34,17 : 37.85"
"34,18 : 45.89"
"34,19 : 47.13"
"34,20 : 54.59"
"34,21 : 42.94"
"34,22 : 26.17"
"34,23 : 48.85"
"34,24 : 22.8"
"34,25 : 31.78"
"34,26 : 15.03"
"34,27 : 17.2"
"34,28 : 68.35"
"34,29 : 49.24"
"34,30 : 57.57"
"34,31 : 30.08"
"34,32 : 26.31"
"34,33 : 43.42"
"34,34 : 0.0"
"34,35 : 41.15"
"34,36 : 26.0"
"34,37 : 28.28"
"34,38 : 27.31"
"34,39 : 46.49"
"34,40 : 11.31"
"34,41 : 44.69"
"34,42 : 56.08"
"34,43 : 40.61"
"34,44 : 14.14"
"34,45 : 41.23"
"34,46 : 36.0"
"34,47 : 27.07"
"34,48 : 84.4"
"34,49 : 62.63"
"35,0 : 37.7"
"35,1 : 66.22"
"35,2 : 35.51"
"35,3 : 38.42"
"35,4 : 56.57"
"35,5 : 32.02"
"35,6 : 70.71"
"35,7 : 54.74"
"35,8 : 29.07"
"35,9 : 61.52"
"35,10 : 38.33"
"35,11 : 33.24"
"35,12 : 44.0"
"35,13 : 47.89"
"35,14 : 54.0"
"35,15 : 11.7"
"35,16 : 35.01"
"35,17 : 48.85"
"35,18 : 28.16"
"35,19 : 57.71"
"35,20 : 66.91"
"35,21 : 2.24"
"35,22 : 59.46"
"35,23 : 65.52"
"35,24 : 23.0"
"35,25 : 68.62"
"35,26 : 54.71"
"35,27 : 36.24"
"35,28 : 27.66"
"35,29 : 13.04"
"35,30 : 18.03"
"35,31 : 49.03"
"35,32 : 41.77"
"35,33 : 39.82"
"35,34 : 41.15"
"35,35 : 0.0"
"35,36 : 49.93"
"35,37 : 34.48"
"35,38 : 31.38"
"35,39 : 80.92"
"35,40 : 46.1"
"35,41 : 52.61"
"35,42 : 61.01"
"35,43 : 11.4"
"35,44 : 47.42"
"35,45 : 51.2"
"35,46 : 41.15"
"35,47 : 40.02"
"35,48 : 74.73"
"35,49 : 24.19"
"36,0 : 68.03"
"36,1 : 49.19"
"36,2 : 61.47"
"36,3 : 52.39"
"36,4 : 37.7"
"36,5 : 50.16"
"36,6 : 24.35"
"36,7 : 37.95"
"36,8 : 78.89"
"36,9 : 17.03"
"36,10 : 17.72"
"36,11 : 46.39"
"36,12 : 27.07"
"36,13 : 66.71"
"36,14 : 29.55"
"36,15 : 38.6"
"36,16 : 28.86"
"36,17 : 63.6"
"36,18 : 38.08"
"36,19 : 73.05"
"36,20 : 28.84"
"36,21 : 52.15"
"36,22 : 13.15"
"36,23 : 22.85"
"36,24 : 42.19"
"36,25 : 23.54"
"36,26 : 35.36"
"36,27 : 14.56"
"36,28 : 72.25"
"36,29 : 51.66"
"36,30 : 60.88"
"36,31 : 56.08"
"36,32 : 51.92"
"36,33 : 67.12"
"36,34 : 26.0"
"36,35 : 49.93"
"36,36 : 0.0"
"36,37 : 52.35"
"36,38 : 19.85"
"36,39 : 32.02"
"36,40 : 36.72"
"36,41 : 21.47"
"36,42 : 32.2"
"36,43 : 43.14"
"36,44 : 12.81"
"36,45 : 17.89"
"36,46 : 60.83"
"36,47 : 52.39"
"36,48 : 63.56"
"36,49 : 74.09"
"37,0 : 72.11"
"37,1 : 89.31"
"37,2 : 69.35"
"37,3 : 69.63"
"37,4 : 77.7"
"37,5 : 2.83"
"37,6 : 62.36"
"37,7 : 76.55"
"37,8 : 48.7"
"37,9 : 54.13"
"37,10 : 52.33"
"37,11 : 6.0"
"37,12 : 63.29"
"37,13 : 15.81"
"37,14 : 72.01"
"37,15 : 35.81"
"37,16 : 56.4"
"37,17 : 15.0"
"37,18 : 55.23"
"37,19 : 24.76"
"37,20 : 79.12"
"37,21 : 34.93"
"37,22 : 54.45"
"37,23 : 74.53"
"37,24 : 14.14"
"37,25 : 59.48"
"37,26 : 33.02"
"37,27 : 39.29"
"37,28 : 60.13"
"37,29 : 47.17"
"37,30 : 52.17"
"37,31 : 15.0"
"37,32 : 8.25"
"37,33 : 15.13"
"37,34 : 28.28"
"37,35 : 34.48"
"37,36 : 52.35"
"37,37 : 0.0"
"37,38 : 44.29"
"37,39 : 74.46"
"37,40 : 23.32"
"37,41 : 66.85"
"37,42 : 77.88"
"37,43 : 41.68"
"37,44 : 42.05"
"37,45 : 63.91"
"37,46 : 8.94"
"37,47 : 6.08"
"37,48 : 100.9"
"37,49 : 46.32"
"38,0 : 49.34"
"38,1 : 45.45"
"38,2 : 43.17"
"38,3 : 36.01"
"38,4 : 33.6"
"38,5 : 41.59"
"38,6 : 43.42"
"38,7 : 32.65"
"38,8 : 60.42"
"38,9 : 34.93"
"38,10 : 8.25"
"38,11 : 39.12"
"38,12 : 19.21"
"38,13 : 60.03"
"38,14 : 27.73"
"38,15 : 19.7"
"38,16 : 14.32"
"38,17 : 58.25"
"38,18 : 20.1"
"38,19 : 68.24"
"38,20 : 37.01"
"38,21 : 33.62"
"38,22 : 31.76"
"38,23 : 34.53"
"38,24 : 31.02"
"38,25 : 42.05"
"38,26 : 41.76"
"38,27 : 11.05"
"38,28 : 52.4"
"38,29 : 31.83"
"38,30 : 41.04"
"38,31 : 53.08"
"38,32 : 47.01"
"38,33 : 57.25"
"38,34 : 27.31"
"38,35 : 31.38"
"38,36 : 19.85"
"38,37 : 44.29"
"38,38 : 0.0"
"38,39 : 51.86"
"38,40 : 38.08"
"38,41 : 23.35"
"38,42 : 33.84"
"38,43 : 23.43"
"38,44 : 23.19"
"38,45 : 21.02"
"38,46 : 53.24"
"38,47 : 46.62"
"38,48 : 58.05"
"38,49 : 55.46"
"39,0 : 99.36"
"39,1 : 69.03"
"39,2 : 92.59"
"39,3 : 82.46"
"39,4 : 60.3"
"39,5 : 73.08"
"39,6 : 12.17"
"39,7 : 61.52"
"39,8 : 109.4"
"39,9 : 20.62"
"39,10 : 48.88"
"39,11 : 68.68"
"39,12 : 55.03"
"39,13 : 85.59"
"39,14 : 52.61"
"39,15 : 70.04"
"39,16 : 59.48"
"39,17 : 81.3"
"39,18 : 69.46"
"39,19 : 89.01"
"39,20 : 41.19"
"39,21 : 83.1"
"39,22 : 21.63"
"39,23 : 34.01"
"39,24 : 68.45"
"39,25 : 15.13"
"39,26 : 45.0"
"39,27 : 44.69"
"39,28 : 104.24"
"39,29 : 83.63"
"39,30 : 92.85"
"39,31 : 72.11"
"39,32 : 70.86"
"39,33 : 89.5"
"39,34 : 46.49"
"39,35 : 80.92"
"39,36 : 32.02"
"39,37 : 74.46"
"39,38 : 51.86"
"39,39 : 0.0"
"39,40 : 52.47"
"39,41 : 45.12"
"39,42 : 51.01"
"39,43 : 75.01"
"39,44 : 34.48"
"39,45 : 42.72"
"39,46 : 81.39"
"39,47 : 72.18"
"39,48 : 83.22"
"39,49 : 104.81"
"40,0 : 80.1"
"40,1 : 82.22"
"40,2 : 75.54"
"40,3 : 71.84"
"40,4 : 70.18"
"40,5 : 22.8"
"40,6 : 40.31"
"40,7 : 69.66"
"40,8 : 68.26"
"40,9 : 33.02"
"40,10 : 44.2"
"40,11 : 18.44"
"40,12 : 56.4"
"40,13 : 33.14"
"40,14 : 62.94"
"40,15 : 41.01"
"40,16 : 52.35"
"40,17 : 29.0"
"40,18 : 55.66"
"40,19 : 37.48"
"40,20 : 65.51"
"40,21 : 47.54"
"40,22 : 34.37"
"40,23 : 59.48"
"40,24 : 24.17"
"40,25 : 37.34"
"40,26 : 9.9"
"40,27 : 28.43"
"40,28 : 73.76"
"40,29 : 56.08"
"40,30 : 63.64"
"40,31 : 20.22"
"40,32 : 18.44"
"40,33 : 37.7"
"40,34 : 11.31"
"40,35 : 46.1"
"40,36 : 36.72"
"40,37 : 23.32"
"40,38 : 38.08"
"40,39 : 52.47"
"40,40 : 0.0"
"40,41 : 55.97"
"40,42 : 67.36"
"40,43 : 48.01"
"40,44 : 24.17"
"40,45 : 52.5"
"40,46 : 29.12"
"40,47 : 19.92"
"40,48 : 95.6"
"40,49 : 64.88"
"41,0 : 57.38"
"41,1 : 27.73"
"41,2 : 50.33"
"41,3 : 38.83"
"41,4 : 16.49"
"41,5 : 64.26"
"41,6 : 42.05"
"41,7 : 17.12"
"41,8 : 80.78"
"41,9 : 37.11"
"41,10 : 15.13"
"41,11 : 61.33"
"41,12 : 11.31"
"41,13 : 82.35"
"41,14 : 8.25"
"41,15 : 41.19"
"41,16 : 19.24"
"41,17 : 80.06"
"41,18 : 29.68"
"41,19 : 89.94"
"41,20 : 14.32"
"41,21 : 54.74"
"41,22 : 32.98"
"41,23 : 14.87"
"41,24 : 54.12"
"41,25 : 42.3"
"41,26 : 56.22"
"41,27 : 28.3"
"41,28 : 67.74"
"41,29 : 48.85"
"41,30 : 57.25"
"41,31 : 73.78"
"41,32 : 68.48"
"41,33 : 80.36"
"41,34 : 44.69"
"41,35 : 52.61"
"41,36 : 21.47"
"41,37 : 66.85"
"41,38 : 23.35"
"41,39 : 45.12"
"41,40 : 55.97"
"41,41 : 0.0"
"41,42 : 11.4"
"41,43 : 42.45"
"41,44 : 33.6"
"41,45 : 3.61"
"41,46 : 75.77"
"41,47 : 68.43"
"41,48 : 42.15"
"41,49 : 75.69"
"42,0 : 59.2"
"42,1 : 18.25"
"42,2 : 52.2"
"42,3 : 39.82"
"42,4 : 10.3"
"42,5 : 75.24"
"42,6 : 50.22"
"42,7 : 12.21"
"42,8 : 88.12"
"42,9 : 46.62"
"42,10 : 25.63"
"42,11 : 72.45"
"42,12 : 17.03"
"42,13 : 93.47"
"42,14 : 7.07"
"42,15 : 50.09"
"42,16 : 26.08"
"42,17 : 91.3"
"42,18 : 35.17"
"42,19 : 101.21"
"42,20 : 11.18"
"42,21 : 63.03"
"42,22 : 42.54"
"42,23 : 17.12"
"42,24 : 64.85"
"42,25 : 50.96"
"42,26 : 67.36"
"42,27 : 39.66"
"42,28 : 72.62"
"42,29 : 55.32"
"42,30 : 62.94"
"42,31 : 85.15"
"42,32 : 79.76"
"42,33 : 91.08"
"42,34 : 56.08"
"42,35 : 61.01"
"42,36 : 32.2"
"42,37 : 77.88"
"42,38 : 33.84"
"42,39 : 51.01"
"42,40 : 67.36"
"42,41 : 11.4"
"42,42 : 0.0"
"42,43 : 50.16"
"42,44 : 44.69"
"42,45 : 14.87"
"42,46 : 86.82"
"42,47 : 79.65"
"42,48 : 32.76"
"42,49 : 83.02"
"43,0 : 32.14"
"43,1 : 54.82"
"43,2 : 28.16"
"43,3 : 28.32"
"43,4 : 45.28"
"43,5 : 38.95"
"43,6 : 65.8"
"43,7 : 43.42"
"43,8 : 38.33"
"43,9 : 56.86"
"43,10 : 29.07"
"43,11 : 39.0"
"43,12 : 33.14"
"43,13 : 56.4"
"43,14 : 43.1"
"43,15 : 7.0"
"43,16 : 24.08"
"43,17 : 56.6"
"43,18 : 16.76"
"43,19 : 66.03"
"43,20 : 56.75"
"43,21 : 13.15"
"43,22 : 54.2"
"43,23 : 56.08"
"43,24 : 28.23"
"43,25 : 64.07"
"43,26 : 55.33"
"43,27 : 31.06"
"43,28 : 29.41"
"43,29 : 8.94"
"43,30 : 18.03"
"43,31 : 55.15"
"43,32 : 47.93"
"43,33 : 49.52"
"43,34 : 40.61"
"43,35 : 11.4"
"43,36 : 43.14"
"43,37 : 41.68"
"43,38 : 23.43"
"43,39 : 75.01"
"43,40 : 48.01"
"43,41 : 42.45"
"43,42 : 50.16"
"43,43 : 0.0"
"43,44 : 43.42"
"43,45 : 41.44"
"43,46 : 49.41"
"43,47 : 46.52"
"43,48 : 63.51"
"43,49 : 33.24"
"44,0 : 72.28"
"44,1 : 61.06"
"44,2 : 66.29"
"44,3 : 59.03"
"44,4 : 49.24"
"44,5 : 40.2"
"44,6 : 23.43"
"44,7 : 49.19"
"44,8 : 75.29"
"44,9 : 14.21"
"44,10 : 25.5"
"44,11 : 36.06"
"44,12 : 37.0"
"44,13 : 55.44"
"44,14 : 41.34"
"44,15 : 37.44"
"44,16 : 36.12"
"44,17 : 51.97"
"44,18 : 43.29"
"44,19 : 61.13"
"44,20 : 41.62"
"44,21 : 49.52"
"44,22 : 13.0"
"44,23 : 35.36"
"44,24 : 34.18"
"44,25 : 21.21"
"44,26 : 22.67"
"44,27 : 12.65"
"44,28 : 72.72"
"44,29 : 52.35"
"44,30 : 61.4"
"44,31 : 43.97"
"44,32 : 40.45"
"44,33 : 57.14"
"44,34 : 14.14"
"44,35 : 47.42"
"44,36 : 12.81"
"44,37 : 42.05"
"44,38 : 23.19"
"44,39 : 34.48"
"44,40 : 24.17"
"44,41 : 33.6"
"44,42 : 44.69"
"44,43 : 43.42"
"44,44 : 0.0"
"44,45 : 30.0"
"44,46 : 50.04"
"44,47 : 41.19"
"44,48 : 75.18"
"44,49 : 70.84"
"45,0 : 58.41"
"45,1 : 31.3"
"45,2 : 51.4"
"45,3 : 40.31"
"45,4 : 19.92"
"45,5 : 61.35"
"45,6 : 39.0"
"45,7 : 20.4"
"45,8 : 79.7"
"45,9 : 33.73"
"45,10 : 13.04"
"45,11 : 58.31"
"45,12 : 12.53"
"45,13 : 79.31"
"45,14 : 11.7"
"45,15 : 39.62"
"45,16 : 19.21"
"45,17 : 76.92"
"45,18 : 29.83"
"45,19 : 86.77"
"45,20 : 16.0"
"45,21 : 53.37"
"45,22 : 29.61"
"45,23 : 14.76"
"45,24 : 51.42"
"45,25 : 39.12"
"45,26 : 52.63"
"45,27 : 25.06"
"45,28 : 67.68"
"45,29 : 48.3"
"45,30 : 56.94"
"45,31 : 70.49"
"45,32 : 65.3"
"45,33 : 77.62"
"45,34 : 41.23"
"45,35 : 51.2"
"45,36 : 17.89"
"45,37 : 63.91"
"45,38 : 21.02"
"45,39 : 42.72"
"45,40 : 52.5"
"45,41 : 3.61"
"45,42 : 14.87"
"45,43 : 41.44"
"45,44 : 30.0"
"45,45 : 0.0"
"45,46 : 72.8"
"45,47 : 65.31"
"45,48 : 45.69"
"45,49 : 74.63"
"46,0 : 78.79"
"46,1 : 98.18"
"46,2 : 76.54"
"46,3 : 77.62"
"46,4 : 86.61"
"46,5 : 11.66"
"46,6 : 69.23"
"46,7 : 85.44"
"46,8 : 50.64"
"46,9 : 61.4"
"46,10 : 61.27"
"46,11 : 14.56"
"46,12 : 72.2"
"46,13 : 7.07"
"46,14 : 80.95"
"46,15 : 43.93"
"46,16 : 65.22"
"46,17 : 8.06"
"46,18 : 63.64"
"46,19 : 16.64"
"46,20 : 87.93"
"46,21 : 41.23"
"46,22 : 62.07"
"46,23 : 83.2"
"46,24 : 22.8"
"46,25 : 66.29"
"46,26 : 38.08"
"46,27 : 48.08"
"46,28 : 65.12"
"46,29 : 54.12"
"46,30 : 58.19"
"46,31 : 13.6"
"46,32 : 10.77"
"46,33 : 9.22"
"46,34 : 36.0"
"46,35 : 41.15"
"46,36 : 60.83"
"46,37 : 8.94"
"46,38 : 53.24"
"46,39 : 81.39"
"46,40 : 29.12"
"46,41 : 75.77"
"46,42 : 86.82"
"46,43 : 49.41"
"46,44 : 50.04"
"46,45 : 72.8"
"46,46 : 0.0"
"46,47 : 9.22"
"46,48 : 109.64"
"46,49 : 49.09"
"47,0 : 77.49"
"47,1 : 92.01"
"47,2 : 74.46"
"47,3 : 74.09"
"47,4 : 80.21"
"47,5 : 8.06"
"47,6 : 60.02"
"47,7 : 79.2"
"47,8 : 54.71"
"47,9 : 52.24"
"47,10 : 54.38"
"47,11 : 7.81"
"47,12 : 65.8"
"47,13 : 14.32"
"47,14 : 74.09"
"47,15 : 40.31"
"47,16 : 59.46"
"47,17 : 11.66"
"47,18 : 59.2"
"47,19 : 21.63"
"47,20 : 80.06"
"47,21 : 40.61"
"47,22 : 53.01"
"47,23 : 75.0"
"47,24 : 18.36"
"47,25 : 57.07"
"47,26 : 29.07"
"47,27 : 40.31"
"47,28 : 66.07"
"47,29 : 52.5"
"47,30 : 57.87"
"47,31 : 9.06"
"47,32 : 2.24"
"47,33 : 17.89"
"47,34 : 27.07"
"47,35 : 40.02"
"47,36 : 52.39"
"47,37 : 6.08"
"47,38 : 46.62"
"47,39 : 72.18"
"47,40 : 19.92"
"47,41 : 68.43"
"47,42 : 79.65"
"47,43 : 46.52"
"47,44 : 41.19"
"47,45 : 65.31"
"47,46 : 9.22"
"47,47 : 0.0"
"47,48 : 104.06"
"47,49 : 52.39"
"48,0 : 54.15"
"48,1 : 14.56"
"48,2 : 49.01"
"48,3 : 38.64"
"48,4 : 25.94"
"48,5 : 98.08"
"48,6 : 82.98"
"48,7 : 26.08"
"48,8 : 95.71"
"48,9 : 79.06"
"48,10 : 51.4"
"48,11 : 96.33"
"48,12 : 39.2"
"48,13 : 116.66"
"48,14 : 34.01"
"48,15 : 66.89"
"48,16 : 44.6"
"48,17 : 115.52"
"48,18 : 47.01"
"48,19 : 125.5"
"48,20 : 42.05"
"48,21 : 76.16"
"48,22 : 74.95"
"48,23 : 49.25"
"48,24 : 86.83"
"48,25 : 83.68"
"48,26 : 97.42"
"48,27 : 67.2"
"48,28 : 74.11"
"48,29 : 64.2"
"48,30 : 68.25"
"48,31 : 111.02"
"48,32 : 104.69"
"48,33 : 111.77"
"48,34 : 84.4"
"48,35 : 74.73"
"48,36 : 63.56"
"48,37 : 100.9"
"48,38 : 58.05"
"48,39 : 83.22"
"48,40 : 95.6"
"48,41 : 42.15"
"48,42 : 32.76"
"48,43 : 63.51"
"48,44 : 75.18"
"48,45 : 45.69"
"48,46 : 109.64"
"48,47 : 104.06"
"48,48 : 0.0"
"48,49 : 91.01"
"49,0 : 41.88"
"49,1 : 85.15"
"49,2 : 43.86"
"49,3 : 52.39"
"49,4 : 77.1"
"49,5 : 44.92"
"49,6 : 94.26"
"49,7 : 75.06"
"49,8 : 5.1"
"49,9 : 85.04"
"49,10 : 62.03"
"49,11 : 48.1"
"49,12 : 66.1"
"49,13 : 54.04"
"49,14 : 75.95"
"49,15 : 35.78"
"49,16 : 57.07"
"49,17 : 57.04"
"49,18 : 48.17"
"49,19 : 63.29"
"49,20 : 89.99"
"49,21 : 21.95"
"49,22 : 83.24"
"49,23 : 89.2"
"49,24 : 40.82"
"49,25 : 92.02"
"49,26 : 74.43"
"49,27 : 60.22"
"49,28 : 21.21"
"49,29 : 28.02"
"49,30 : 22.8"
"49,31 : 61.0"
"49,32 : 54.57"
"49,33 : 43.19"
"49,34 : 62.63"
"49,35 : 24.19"
"49,36 : 74.09"
"49,37 : 46.32"
"49,38 : 55.46"
"49,39 : 104.81"
"49,40 : 64.88"
"49,41 : 75.69"
"49,42 : 83.02"
"49,43 : 33.24"
"49,44 : 70.84"
"49,45 : 74.63"
"49,46 : 49.09"
"49,47 : 52.39"
"49,48 : 91.01"
"49,49 : 0.0"
