x,y
24,45
46,23
67,50
33,34
31,7
59,15
14,86
10,4
68,62
90,8
34,47
64,68
84,27
80,38
79,0
33,11
72,39
84,29
55,32
90,60
35,81
22,88
21,85
64,19
48,67
26,6
53,59
23,55
69,88
36,19
55,36
4,92
84,66
28,19
83,51
64,10
9,55
41,44
76,34
86,20
6,12
85,69
82,26
25,20
81,74
23,14
72,28
20,94
37,26
56,57

Distanze
"0,0 : 0.0"
"0,1 : 36.24"
"0,2 : 36.35"
"0,3 : 76.85"
"0,4 : 30.81"
"0,5 : 94.37"
"0,6 : 78.23"
"0,7 : 40.22"
"0,8 : 68.0"
"0,9 : 89.2"
"0,10 : 86.56"
"0,11 : 49.93"
"0,12 : 65.86"
"0,13 : 75.18"
"0,14 : 12.17"
"0,15 : 9.22"
"0,16 : 53.82"
"0,17 : 34.48"
"0,18 : 84.4"
"0,19 : 33.24"
"0,20 : 73.98"
"0,21 : 40.36"
"0,22 : 102.83"
"0,23 : 32.25"
"0,24 : 60.83"
"0,25 : 93.48"
"0,26 : 72.95"
"0,27 : 87.62"
"0,28 : 36.62"
"0,29 : 57.71"
"0,30 : 52.01"
"0,31 : 59.41"
"0,32 : 89.81"
"0,33 : 92.13"
"0,34 : 87.56"
"0,35 : 99.02"
"0,36 : 14.76"
"0,37 : 83.02"
"0,38 : 13.42"
"0,39 : 83.6"
"0,40 : 67.6"
"0,41 : 57.43"
"0,42 : 31.02"
"0,43 : 67.48"
"0,44 : 23.26"
"0,45 : 23.26"
"0,46 : 79.63"
"0,47 : 84.2"
"0,48 : 22.47"
"0,49 : 69.26"
"1,0 : 36.24"
"1,1 : 0.0"
"1,2 : 19.7"
"1,3 : 41.15"
"1,4 : 5.83"
"1,5 : 59.46"
"1,6 : 52.81"
"1,7 : 11.18"
"1,8 : 53.0"
"1,9 : 56.44"
"1,10 : 50.33"
"1,11 : 19.03"
"1,12 : 34.37"
"1,13 : 40.16"
"1,14 : 26.4"
"1,15 : 45.34"
"1,16 : 21.21"
"1,17 : 33.38"
"1,18 : 54.08"
"1,19 : 26.0"
"1,20 : 52.5"
"1,21 : 7.07"
"1,22 : 67.42"
"1,23 : 25.63"
"1,24 : 34.54"
"1,25 : 59.51"
"1,26 : 37.12"
"1,27 : 52.84"
"1,28 : 2.83"
"1,29 : 32.2"
"1,30 : 18.44"
"1,31 : 43.14"
"1,32 : 53.6"
"1,33 : 60.64"
"1,34 : 57.04"
"1,35 : 65.39"
"1,36 : 41.68"
"1,37 : 54.92"
"1,38 : 49.41"
"1,39 : 56.52"
"1,40 : 41.44"
"1,41 : 48.8"
"1,42 : 34.01"
"1,43 : 32.65"
"1,44 : 38.05"
"1,45 : 38.05"
"1,46 : 58.82"
"1,47 : 49.65"
"1,48 : 40.2"
"1,49 : 43.57"
"2,0 : 36.35"
"2,1 : 19.7"
"2,2 : 0.0"
"2,3 : 46.23"
"2,4 : 17.03"
"2,5 : 61.22"
"2,6 : 42.01"
"2,7 : 30.87"
"2,8 : 72.56"
"2,9 : 54.12"
"2,10 : 59.17"
"2,11 : 38.08"
"2,12 : 52.09"
"2,13 : 43.14"
"2,14 : 24.19"
"2,15 : 43.68"
"2,16 : 39.32"
"2,17 : 15.3"
"2,18 : 48.38"
"2,19 : 42.52"
"2,20 : 72.11"
"2,21 : 26.57"
"2,22 : 79.31"
"2,23 : 41.87"
"2,24 : 24.52"
"2,25 : 73.98"
"2,26 : 43.01"
"2,27 : 66.48"
"2,28 : 17.09"
"2,29 : 21.38"
"2,30 : 36.22"
"2,31 : 25.94"
"2,32 : 61.03"
"2,33 : 77.23"
"2,34 : 51.55"
"2,35 : 80.05"
"2,36 : 34.13"
"2,37 : 46.69"
"2,38 : 49.24"
"2,39 : 47.27"
"2,40 : 31.26"
"2,41 : 67.48"
"2,42 : 17.46"
"2,43 : 47.52"
"2,44 : 48.7"
"2,45 : 48.7"
"2,46 : 78.43"
"2,47 : 63.79"
"2,48 : 50.0"
"2,49 : 62.82"
"3,0 : 76.85"
"3,1 : 41.15"
"3,2 : 46.23"
"3,3 : 0.0"
"3,4 : 46.14"
"3,5 : 19.1"
"3,6 : 37.34"
"3,7 : 42.76"
"3,8 : 70.38"
"3,9 : 21.95"
"3,10 : 15.03"
"3,11 : 38.01"
"3,12 : 35.78"
"3,13 : 5.1"
"3,14 : 65.8"
"3,15 : 85.7"
"3,16 : 34.13"
"3,17 : 60.21"
"3,18 : 27.02"
"3,19 : 61.52"
"3,20 : 61.91"
"3,21 : 39.56"
"3,22 : 37.05"
"3,23 : 61.66"
"3,24 : 31.4"
"3,25 : 37.95"
"3,26 : 4.12"
"3,27 : 30.08"
"3,28 : 40.31"
"3,29 : 32.98"
"3,30 : 33.0"
"3,31 : 48.37"
"3,32 : 15.23"
"3,33 : 47.01"
"3,34 : 28.28"
"3,35 : 43.42"
"3,36 : 79.25"
"3,37 : 32.76"
"3,38 : 90.21"
"3,39 : 35.85"
"3,40 : 32.06"
"3,41 : 73.76"
"3,42 : 63.25"
"3,43 : 24.6"
"3,44 : 77.62"
"3,45 : 77.62"
"3,46 : 66.85"
"3,47 : 29.53"
"3,48 : 80.08"
"3,49 : 50.61"
"4,0 : 30.81"
"4,1 : 5.83"
"4,2 : 17.03"
"4,3 : 46.14"
"4,4 : 0.0"
"4,5 : 64.08"
"4,6 : 54.34"
"4,7 : 15.13"
"4,8 : 55.9"
"4,9 : 60.21"
"4,10 : 55.9"
"4,11 : 24.08"
"4,12 : 39.81"
"4,13 : 44.78"
"4,14 : 20.62"
"4,15 : 39.82"
"4,16 : 26.68"
"4,17 : 29.12"
"4,18 : 57.04"
"4,19 : 25.81"
"4,20 : 56.52"
"4,21 : 12.17"
"4,22 : 73.24"
"4,23 : 25.24"
"4,24 : 35.9"
"4,25 : 65.31"
"4,26 : 42.19"
"4,27 : 58.67"
"4,28 : 5.83"
"4,29 : 33.24"
"4,30 : 24.04"
"4,31 : 42.2"
"4,32 : 59.03"
"4,33 : 66.22"
"4,34 : 60.07"
"4,35 : 71.18"
"4,36 : 35.85"
"4,37 : 57.22"
"4,38 : 44.1"
"4,39 : 58.55"
"4,40 : 42.95"
"4,41 : 50.45"
"4,42 : 29.27"
"4,43 : 38.47"
"4,44 : 35.13"
"4,45 : 35.13"
"4,46 : 62.82"
"4,47 : 55.47"
"4,48 : 37.01"
"4,49 : 48.17"
"5,0 : 94.37"
"5,1 : 59.46"
"5,2 : 61.22"
"5,3 : 19.1"
"5,4 : 64.08"
"5,5 : 0.0"
"5,6 : 37.48"
"5,7 : 61.81"
"5,8 : 87.64"
"5,9 : 13.0"
"5,10 : 22.2"
"5,11 : 57.01"
"5,12 : 52.89"
"5,13 : 19.31"
"5,14 : 82.86"
"5,15 : 102.96"
"5,16 : 53.01"
"5,17 : 73.55"
"5,18 : 23.09"
"5,19 : 80.62"
"5,20 : 78.0"
"5,21 : 58.46"
"5,22 : 38.91"
"5,23 : 80.75"
"5,24 : 40.8"
"5,25 : 46.01"
"5,26 : 23.19"
"5,27 : 39.7"
"5,28 : 58.31"
"5,29 : 43.42"
"5,30 : 52.04"
"5,31 : 55.9"
"5,32 : 17.69"
"5,33 : 57.31"
"5,34 : 22.02"
"5,35 : 50.0"
"5,36 : 95.21"
"5,37 : 30.07"
"5,38 : 107.78"
"5,39 : 33.02"
"5,40 : 38.01"
"5,41 : 92.07"
"5,42 : 77.08"
"5,43 : 41.98"
"5,44 : 96.54"
"5,45 : 96.54"
"5,46 : 82.29"
"5,47 : 40.8"
"5,48 : 98.95"
"5,49 : 67.07"
"6,0 : 78.23"
"6,1 : 52.81"
"6,2 : 42.01"
"6,3 : 37.34"
"6,4 : 54.34"
"6,5 : 37.48"
"6,6 : 0.0"
"6,7 : 61.27"
"6,8 : 99.64"
"6,9 : 24.74"
"6,10 : 51.42"
"6,11 : 62.43"
"6,12 : 68.01"
"6,13 : 32.31"
"6,14 : 66.12"
"6,15 : 85.0"
"6,16 : 60.44"
"6,17 : 47.76"
"6,18 : 14.56"
"6,19 : 78.77"
"6,20 : 94.05"
"6,21 : 56.36"
"6,22 : 72.84"
"6,23 : 78.43"
"6,24 : 18.44"
"6,25 : 75.27"
"6,26 : 38.01"
"6,27 : 67.42"
"6,28 : 50.29"
"6,29 : 21.21"
"6,30 : 57.8"
"6,31 : 23.02"
"6,32 : 49.5"
"6,33 : 84.1"
"6,34 : 16.55"
"6,35 : 80.65"
"6,36 : 73.5"
"6,37 : 8.06"
"6,38 : 90.8"
"6,39 : 6.4"
"6,40 : 11.4"
"6,41 : 99.13"
"6,42 : 51.87"
"6,43 : 57.8"
"6,44 : 89.27"
"6,45 : 89.27"
"6,46 : 99.76"
"6,47 : 66.71"
"6,48 : 90.93"
"6,49 : 82.76"
"7,0 : 40.22"
"7,1 : 11.18"
"7,2 : 30.87"
"7,3 : 42.76"
"7,4 : 15.13"
"7,5 : 61.81"
"7,6 : 61.27"
"7,7 : 0.0"
"7,8 : 41.88"
"7,9 : 61.07"
"7,10 : 48.76"
"7,11 : 9.85"
"7,12 : 26.0"
"7,13 : 43.1"
"7,14 : 32.89"
"7,15 : 49.41"
"7,16 : 13.6"
"7,17 : 44.15"
"7,18 : 60.42"
"7,19 : 19.0"
"7,20 : 41.48"
"7,21 : 5.0"
"7,22 : 62.94"
"7,23 : 19.03"
"7,24 : 43.57"
"7,25 : 53.25"
"7,26 : 38.64"
"7,27 : 47.51"
"7,28 : 13.89"
"7,29 : 41.62"
"7,30 : 12.04"
"7,31 : 53.81"
"7,32 : 52.8"
"7,33 : 52.55"
"7,34 : 63.15"
"7,35 : 58.83"
"7,36 : 48.7"
"7,37 : 62.3"
"7,38 : 52.4"
"7,39 : 64.26"
"7,40 : 50.12"
"7,41 : 38.42"
"7,42 : 44.41"
"7,43 : 27.59"
"7,44 : 35.11"
"7,45 : 35.11"
"7,46 : 47.8"
"7,47 : 44.05"
"7,48 : 37.7"
"7,49 : 33.06"
"8,0 : 68.0"
"8,1 : 53.0"
"8,2 : 72.56"
"8,3 : 70.38"
"8,4 : 55.9"
"8,5 : 87.64"
"8,6 : 99.64"
"8,7 : 41.88"
"8,8 : 0.0"
"8,9 : 92.2"
"8,10 : 67.08"
"8,11 : 37.48"
"8,12 : 34.79"
"8,13 : 73.35"
"8,14 : 67.08"
"8,15 : 75.24"
"8,16 : 39.2"
"8,17 : 84.69"
"8,18 : 95.02"
"8,19 : 35.23"
"8,20 : 13.0"
"8,21 : 46.62"
"8,22 : 67.74"
"8,23 : 36.22"
"8,24 : 83.45"
"8,25 : 53.76"
"8,26 : 67.12"
"8,27 : 54.01"
"8,28 : 55.76"
"8,29 : 82.04"
"8,30 : 41.87"
"8,31 : 95.43"
"8,32 : 72.18"
"8,33 : 44.27"
"8,34 : 97.13"
"8,35 : 56.04"
"8,36 : 81.3"
"8,37 : 98.74"
"8,38 : 74.97"
"8,39 : 101.26"
"8,40 : 89.27"
"8,41 : 13.04"
"8,42 : 84.15"
"8,43 : 45.88"
"8,44 : 48.05"
"8,45 : 48.05"
"8,46 : 14.87"
"8,47 : 51.01"
"8,48 : 50.45"
"8,49 : 21.1"
"9,0 : 89.2"
"9,1 : 56.44"
"9,2 : 54.12"
"9,3 : 21.95"
"9,4 : 60.21"
"9,5 : 13.0"
"9,6 : 24.74"
"9,7 : 61.07"
"9,8 : 92.2"
"9,9 : 0.0"
"9,10 : 31.62"
"9,11 : 58.25"
"9,12 : 57.71"
"9,13 : 18.97"
"9,14 : 77.25"
"9,15 : 97.31"
"9,16 : 54.82"
"9,17 : 64.82"
"9,18 : 10.2"
"9,19 : 80.06"
"9,20 : 83.86"
"9,21 : 57.0"
"9,22 : 50.92"
"9,23 : 80.02"
"9,24 : 31.24"
"9,25 : 56.3"
"9,26 : 25.08"
"9,27 : 49.2"
"9,28 : 54.74"
"9,29 : 34.21"
"9,30 : 53.15"
"9,31 : 44.65"
"9,32 : 28.18"
"9,33 : 66.84"
"9,34 : 9.06"
"9,35 : 60.9"
"9,36 : 88.19"
"9,37 : 17.12"
"9,38 : 102.53"
"9,39 : 20.02"
"9,40 : 27.02"
"9,41 : 94.92"
"9,42 : 68.6"
"9,43 : 46.53"
"9,44 : 94.43"
"9,45 : 94.43"
"9,46 : 88.75"
"9,47 : 49.58"
"9,48 : 96.63"
"9,49 : 72.56"
"10,0 : 86.56"
"10,1 : 50.33"
"10,2 : 59.17"
"10,3 : 15.03"
"10,4 : 55.9"
"10,5 : 22.2"
"10,6 : 51.42"
"10,7 : 48.76"
"10,8 : 67.08"
"10,9 : 31.62"
"10,10 : 0.0"
"10,11 : 41.44"
"10,12 : 33.02"
"10,13 : 20.0"
"10,14 : 76.37"
"10,15 : 95.67"
"10,16 : 37.0"
"10,17 : 73.79"
"10,18 : 39.4"
"10,19 : 66.13"
"10,20 : 56.61"
"10,21 : 46.87"
"10,22 : 22.02"
"10,23 : 66.48"
"10,24 : 46.39"
"10,25 : 24.7"
"10,26 : 16.76"
"10,27 : 17.69"
"10,28 : 50.21"
"10,29 : 47.85"
"10,30 : 37.16"
"10,31 : 63.39"
"10,32 : 5.1"
"10,33 : 35.38"
"10,34 : 39.82"
"10,35 : 29.55"
"10,36 : 90.79"
"10,37 : 45.88"
"10,38 : 99.64"
"10,39 : 49.04"
"10,40 : 47.01"
"10,41 : 73.01"
"10,42 : 76.54"
"10,43 : 23.35"
"10,44 : 83.67"
"10,45 : 83.67"
"10,46 : 60.54"
"10,47 : 18.6"
"10,48 : 86.33"
"10,49 : 46.1"
"11,0 : 49.93"
"11,1 : 19.03"
"11,2 : 38.08"
"11,3 : 38.01"
"11,4 : 24.08"
"11,5 : 57.01"
"11,6 : 62.43"
"11,7 : 9.85"
"11,8 : 37.48"
"11,9 : 58.25"
"11,10 : 41.44"
"11,11 : 0.0"
"11,12 : 16.16"
"11,13 : 39.46"
"11,14 : 42.72"
"11,15 : 59.08"
"11,16 : 4.47"
"11,17 : 52.35"
"11,18 : 59.24"
"11,19 : 24.7"
"11,20 : 34.44"
"11,21 : 12.0"
"11,22 : 53.81"
"11,23 : 25.08"
"11,24 : 45.97"
"11,25 : 43.6"
"11,26 : 34.06"
"11,27 : 38.18"
"11,28 : 21.21"
"11,29 : 44.6"
"11,30 : 5.1"
"11,31 : 58.52"
"11,32 : 45.88"
"11,33 : 42.72"
"11,34 : 61.68"
"11,35 : 49.09"
"11,36 : 58.52"
"11,37 : 62.18"
"11,38 : 61.85"
"11,39 : 64.5"
"11,40 : 51.86"
"11,41 : 37.16"
"11,42 : 53.04"
"11,43 : 18.87"
"11,44 : 42.54"
"11,45 : 42.54"
"11,46 : 40.72"
"11,47 : 34.66"
"11,48 : 45.28"
"11,49 : 24.74"
"12,0 : 65.86"
"12,1 : 34.37"
"12,2 : 52.09"
"12,3 : 35.78"
"12,4 : 39.81"
"12,5 : 52.89"
"12,6 : 68.01"
"12,7 : 26.0"
"12,8 : 34.79"
"12,9 : 57.71"
"12,10 : 33.02"
"12,11 : 16.16"
"12,12 : 0.0"
"12,13 : 39.12"
"12,14 : 58.87"
"12,15 : 74.95"
"12,16 : 13.15"
"12,17 : 67.0"
"12,18 : 61.4"
"12,19 : 37.64"
"12,20 : 26.4"
"12,21 : 27.66"
"12,22 : 39.96"
"12,23 : 38.29"
"12,24 : 54.2"
"12,25 : 28.28"
"12,26 : 32.76"
"12,27 : 24.19"
"12,28 : 36.12"
"12,29 : 53.67"
"12,30 : 16.03"
"12,31 : 69.08"
"12,32 : 38.05"
"12,33 : 26.57"
"12,34 : 63.25"
"12,35 : 33.42"
"12,36 : 74.67"
"12,37 : 65.86"
"12,38 : 77.42"
"12,39 : 68.62"
"12,40 : 58.82"
"12,41 : 40.0"
"12,42 : 68.12"
"12,43 : 11.18"
"12,44 : 56.08"
"12,45 : 56.08"
"12,46 : 31.83"
"12,47 : 20.59"
"12,48 : 58.9"
"12,49 : 15.0"
"13,0 : 75.18"
"13,1 : 40.16"
"13,2 : 43.14"
"13,3 : 5.1"
"13,4 : 44.78"
"13,5 : 19.31"
"13,6 : 32.31"
"13,7 : 43.1"
"13,8 : 73.35"
"13,9 : 18.97"
"13,10 : 20.0"
"13,11 : 39.46"
"13,12 : 39.12"
"13,13 : 0.0"
"13,14 : 63.81"
"13,15 : 83.86"
"13,16 : 35.9"
"13,17 : 56.61"
"13,18 : 22.63"
"13,19 : 62.07"
"13,20 : 65.46"
"13,21 : 39.46"
"13,22 : 42.01"
"13,23 : 62.13"
"13,24 : 26.68"
"13,25 : 43.01"
"13,26 : 6.4"
"13,27 : 35.11"
"13,28 : 39.0"
"13,29 : 28.46"
"13,30 : 34.37"
"13,31 : 43.57"
"13,32 : 19.65"
"13,33 : 51.88"
"13,34 : 24.21"
"13,35 : 48.51"
"13,36 : 76.69"
"13,37 : 28.02"
"13,38 : 88.59"
"13,39 : 31.06"
"13,40 : 27.02"
"13,41 : 75.96"
"13,42 : 59.82"
"13,43 : 28.02"
"13,44 : 77.47"
"13,45 : 77.47"
"13,46 : 70.6"
"13,47 : 34.44"
"13,48 : 79.83"
"13,49 : 54.08"
"14,0 : 12.17"
"14,1 : 26.4"
"14,2 : 24.19"
"14,3 : 65.8"
"14,4 : 20.62"
"14,5 : 82.86"
"14,6 : 66.12"
"14,7 : 32.89"
"14,8 : 67.08"
"14,9 : 77.25"
"14,10 : 76.37"
"14,11 : 42.72"
"14,12 : 58.87"
"14,13 : 63.81"
"14,14 : 0.0"
"14,15 : 20.12"
"14,16 : 46.1"
"14,17 : 24.19"
"14,18 : 72.28"
"14,19 : 32.02"
"14,20 : 71.0"
"14,21 : 31.76"
"14,22 : 93.81"
"14,23 : 31.05"
"14,24 : 48.66"
"14,25 : 85.48"
"14,26 : 62.01"
"14,27 : 79.08"
"14,28 : 26.17"
"14,29 : 45.54"
"14,30 : 43.83"
"14,31 : 47.85"
"14,32 : 79.31"
"14,33 : 85.44"
"14,34 : 75.43"
"14,35 : 91.24"
"14,36 : 15.81"
"14,37 : 70.86"
"14,38 : 25.3"
"14,39 : 71.45"
"14,40 : 55.44"
"14,41 : 58.19"
"14,42 : 21.4"
"14,43 : 58.83"
"14,44 : 29.07"
"14,45 : 29.07"
"14,46 : 77.03"
"14,47 : 75.8"
"14,48 : 29.41"
"14,49 : 64.63"
"15,0 : 9.22"
"15,1 : 45.34"
"15,2 : 43.68"
"15,3 : 85.7"
"15,4 : 39.82"
"15,5 : 102.96"
"15,6 : 85.0"
"15,7 : 49.41"
"15,8 : 75.24"
"15,9 : 97.31"
"15,10 : 95.67"
"15,11 : 59.08"
"15,12 : 74.95"
"15,13 : 83.86"
"15,14 : 20.12"
"15,15 : 0.0"
"15,16 : 63.01"
"15,17 : 39.12"
"15,18 : 92.05"
"15,19 : 41.23"
"15,20 : 82.0"
"15,21 : 49.58"
"15,22 : 112.04"
"15,23 : 40.26"
"15,24 : 68.15"
"15,25 : 102.65"
"15,26 : 81.84"
"15,27 : 96.83"
"15,28 : 45.61"
"15,29 : 65.0"
"15,30 : 61.22"
"15,31 : 65.0"
"15,32 : 98.86"
"15,33 : 101.12"
"15,34 : 95.21"
"15,35 : 108.17"
"15,36 : 14.32"
"15,37 : 90.24"
"15,38 : 6.08"
"15,39 : 90.61"
"15,40 : 74.73"
"15,41 : 64.01"
"15,42 : 35.23"
"15,43 : 76.69"
"15,44 : 28.28"
"15,45 : 28.28"
"15,46 : 87.48"
"15,47 : 93.41"
"15,48 : 26.68"
"15,49 : 77.83"
"16,0 : 53.82"
"16,1 : 21.21"
"16,2 : 39.32"
"16,3 : 34.13"
"16,4 : 26.68"
"16,5 : 53.01"
"16,6 : 60.44"
"16,7 : 13.6"
"16,8 : 39.2"
"16,9 : 54.82"
"16,10 : 37.0"
"16,11 : 4.47"
"16,12 : 13.15"
"16,13 : 35.9"
"16,14 : 46.1"
"16,15 : 63.01"
"16,16 : 0.0"
"16,17 : 54.04"
"16,18 : 56.36"
"16,19 : 29.15"
"16,20 : 34.67"
"16,21 : 14.56"
"16,22 : 49.52"
"16,23 : 29.55"
"16,24 : 44.69"
"16,25 : 39.66"
"16,26 : 30.27"
"16,27 : 33.97"
"16,28 : 23.02"
"16,29 : 43.6"
"16,30 : 3.16"
"16,31 : 58.18"
"16,32 : 41.48"
"16,33 : 39.56"
"16,34 : 58.69"
"16,35 : 45.28"
"16,36 : 61.85"
"16,37 : 59.68"
"16,38 : 65.95"
"16,39 : 62.13"
"16,40 : 50.21"
"16,41 : 40.16"
"16,42 : 55.04"
"16,43 : 14.42"
"16,44 : 47.01"
"16,45 : 47.01"
"16,46 : 40.82"
"16,47 : 30.48"
"16,48 : 49.74"
"16,49 : 24.17"
"17,0 : 34.48"
"17,1 : 33.38"
"17,2 : 15.3"
"17,3 : 60.21"
"17,4 : 29.12"
"17,5 : 73.55"
"17,6 : 47.76"
"17,7 : 44.15"
"17,8 : 84.69"
"17,9 : 64.82"
"17,10 : 73.79"
"17,11 : 52.35"
"17,12 : 67.0"
"17,13 : 56.61"
"17,14 : 24.19"
"17,15 : 39.12"
"17,16 : 54.04"
"17,17 : 0.0"
"17,18 : 57.45"
"17,19 : 51.87"
"17,20 : 85.62"
"17,21 : 40.45"
"17,22 : 94.34"
"17,23 : 51.04"
"17,24 : 33.6"
"17,25 : 89.27"
"17,26 : 57.31"
"17,27 : 81.74"
"17,28 : 31.14"
"17,29 : 30.61"
"17,30 : 51.01"
"17,31 : 26.17"
"17,32 : 75.29"
"17,33 : 92.44"
"17,34 : 60.54"
"17,35 : 95.34"
"17,36 : 26.17"
"17,37 : 54.13"
"17,38 : 45.18"
"17,39 : 53.85"
"17,40 : 38.95"
"17,41 : 78.03"
"17,42 : 4.12"
"17,43 : 62.8"
"17,44 : 53.01"
"17,45 : 53.01"
"17,46 : 91.92"
"17,47 : 79.08"
"17,48 : 53.54"
"17,49 : 76.94"
"18,0 : 84.4"
"18,1 : 54.08"
"18,2 : 48.38"
"18,3 : 27.02"
"18,4 : 57.04"
"18,5 : 23.09"
"18,6 : 14.56"
"18,7 : 60.42"
"18,8 : 95.02"
"18,9 : 10.2"
"18,10 : 39.4"
"18,11 : 59.24"
"18,12 : 61.4"
"18,13 : 22.63"
"18,14 : 72.28"
"18,15 : 92.05"
"18,16 : 56.36"
"18,17 : 57.45"
"18,18 : 0.0"
"18,19 : 79.08"
"18,20 : 87.8"
"18,21 : 55.9"
"18,22 : 59.91"
"18,23 : 78.92"
"18,24 : 24.17"
"18,25 : 63.95"
"18,26 : 29.0"
"18,27 : 56.44"
"18,28 : 52.01"
"18,29 : 27.31"
"18,30 : 54.23"
"18,31 : 35.47"
"18,32 : 36.69"
"18,33 : 73.78"
"18,34 : 3.16"
"18,35 : 68.94"
"18,36 : 81.94"
"18,37 : 7.0"
"18,38 : 97.53"
"18,39 : 10.05"
"18,40 : 18.6"
"18,41 : 96.38"
"18,42 : 61.4"
"18,43 : 50.45"
"18,44 : 92.01"
"18,45 : 92.01"
"18,46 : 93.09"
"18,47 : 56.3"
"18,48 : 94.01"
"18,49 : 76.4"
"19,0 : 33.24"
"19,1 : 26.0"
"19,2 : 42.52"
"19,3 : 61.52"
"19,4 : 25.81"
"19,5 : 80.62"
"19,6 : 78.77"
"19,7 : 19.0"
"19,8 : 35.23"
"19,9 : 80.06"
"19,10 : 66.13"
"19,11 : 24.7"
"19,12 : 37.64"
"19,13 : 62.07"
"19,14 : 32.02"
"19,15 : 41.23"
"19,16 : 29.15"
"19,17 : 51.87"
"19,18 : 79.08"
"19,19 : 0.0"
"19,20 : 40.79"
"19,21 : 23.19"
"19,22 : 77.42"
"19,23 : 1.0"
"19,24 : 60.54"
"19,25 : 65.86"
"19,26 : 57.43"
"19,27 : 61.61"
"19,28 : 28.64"
"19,29 : 58.18"
"19,30 : 29.12"
"19,31 : 68.01"
"19,32 : 70.52"
"19,33 : 62.01"
"19,34 : 81.88"
"19,35 : 70.71"
"19,36 : 46.1"
"19,37 : 80.52"
"19,38 : 42.15"
"19,39 : 82.28"
"19,40 : 67.42"
"19,41 : 26.4"
"19,42 : 50.61"
"19,43 : 43.38"
"19,44 : 18.44"
"19,45 : 18.44"
"19,46 : 46.39"
"19,47 : 58.01"
"19,48 : 21.26"
"19,49 : 37.12"
"20,0 : 73.98"
"20,1 : 52.5"
"20,2 : 72.11"
"20,3 : 61.91"
"20,4 : 56.52"
"20,5 : 78.0"
"20,6 : 94.05"
"20,7 : 41.48"
"20,8 : 13.0"
"20,9 : 83.86"
"20,10 : 56.61"
"20,11 : 34.44"
"20,12 : 26.4"
"20,13 : 65.46"
"20,14 : 71.0"
"20,15 : 82.0"
"20,16 : 34.67"
"20,17 : 85.62"
"20,18 : 87.8"
"20,19 : 40.79"
"20,20 : 0.0"
"20,21 : 45.54"
"20,22 : 55.23"
"20,23 : 41.77"
"20,24 : 79.2"
"20,25 : 41.19"
"20,26 : 59.08"
"20,27 : 42.19"
"20,28 : 55.03"
"20,29 : 78.24"
"20,30 : 37.74"
"20,31 : 92.78"
"20,32 : 61.68"
"20,33 : 31.32"
"20,34 : 89.63"
"20,35 : 43.17"
"20,36 : 86.15"
"20,37 : 92.2"
"20,38 : 82.57"
"20,39 : 94.92"
"20,40 : 84.39"
"20,41 : 24.84"
"20,42 : 85.7"
"20,43 : 37.44"
"20,44 : 56.46"
"20,45 : 56.46"
"20,46 : 6.32"
"20,47 : 39.46"
"20,48 : 59.09"
"20,49 : 11.4"
"21,0 : 40.36"
"21,1 : 7.07"
"21,2 : 26.57"
"21,3 : 39.56"
"21,4 : 12.17"
"21,5 : 58.46"
"21,6 : 56.36"
"21,7 : 5.0"
"21,8 : 46.62"
"21,9 : 57.0"
"21,10 : 46.87"
"21,11 : 12.0"
"21,12 : 27.66"
"21,13 : 39.46"
"21,14 : 31.76"
"21,15 : 49.58"
"21,16 : 14.56"
"21,17 : 40.45"
"21,18 : 55.9"
"21,19 : 23.19"
"21,20 : 45.54"
"21,21 : 0.0"
"21,22 : 62.48"
"21,23 : 23.09"
"21,24 : 38.59"
"21,25 : 53.71"
"21,26 : 35.44"
"21,27 : 47.43"
"21,28 : 9.49"
"21,29 : 36.62"
"21,30 : 12.08"
"21,31 : 48.92"
"21,32 : 50.61"
"21,33 : 54.12"
"21,34 : 58.69"
"21,35 : 59.48"
"21,36 : 47.42"
"21,37 : 57.57"
"21,38 : 53.08"
"21,39 : 59.46"
"21,40 : 45.18"
"21,41 : 43.42"
"21,42 : 41.05"
"21,43 : 27.2"
"21,44 : 38.08"
"21,45 : 38.08"
"21,46 : 51.87"
"21,47 : 44.1"
"21,48 : 40.52"
"21,49 : 36.5"
"22,0 : 102.83"
"22,1 : 67.42"
"22,2 : 79.31"
"22,3 : 37.05"
"22,4 : 73.24"
"22,5 : 38.91"
"22,6 : 72.84"
"22,7 : 62.94"
"22,8 : 67.74"
"22,9 : 50.92"
"22,10 : 22.02"
"22,11 : 53.81"
"22,12 : 39.96"
"22,13 : 42.01"
"22,14 : 93.81"
"22,15 : 112.04"
"22,16 : 49.52"
"22,17 : 94.34"
"22,18 : 59.91"
"22,19 : 77.42"
"22,20 : 55.23"
"22,21 : 62.48"
"22,22 : 0.0"
"22,23 : 78.01"
"22,24 : 68.36"
"22,25 : 14.04"
"22,26 : 38.47"
"22,27 : 15.81"
"22,28 : 67.96"
"22,29 : 69.72"
"22,30 : 50.93"
"22,31 : 85.38"
"22,32 : 23.35"
"22,33 : 25.32"
"22,34 : 59.77"
"22,35 : 13.93"
"22,36 : 109.0"
"22,37 : 66.71"
"22,38 : 115.31"
"22,39 : 69.86"
"22,40 : 69.0"
"22,41 : 76.92"
"22,42 : 96.77"
"22,43 : 35.38"
"22,44 : 95.8"
"22,45 : 95.8"
"22,46 : 57.01"
"22,47 : 19.42"
"22,48 : 98.6"
"22,49 : 47.54"
"23,0 : 32.25"
"23,1 : 25.63"
"23,2 : 41.87"
"23,3 : 61.66"
"23,4 : 25.24"
"23,5 : 80.75"
"23,6 : 78.43"
"23,7 : 19.03"
"23,8 : 36.22"
"23,9 : 80.02"
"23,10 : 66.48"
"23,11 : 25.08"
"23,12 : 38.29"
"23,13 : 62.13"
"23,14 : 31.05"
"23,15 : 40.26"
"23,16 : 29.55"
"23,17 : 51.04"
"23,18 : 78.92"
"23,19 : 1.0"
"23,20 : 41.77"
"23,21 : 23.09"
"23,22 : 78.01"
"23,23 : 0.0"
"23,24 : 60.17"
"23,25 : 66.53"
"23,26 : 57.56"
"23,27 : 62.2"
"23,28 : 28.23"
"23,29 : 57.78"
"23,30 : 29.41"
"23,31 : 67.42"
"23,32 : 70.84"
"23,33 : 62.8"
"23,34 : 81.74"
"23,35 : 71.42"
"23,36 : 45.1"
"23,37 : 80.28"
"23,38 : 41.23"
"23,39 : 82.01"
"23,40 : 67.07"
"23,41 : 27.31"
"23,42 : 49.74"
"23,43 : 43.83"
"23,44 : 17.8"
"23,45 : 17.8"
"23,46 : 47.38"
"23,47 : 58.6"
"23,48 : 20.62"
"23,49 : 38.01"
"24,0 : 60.83"
"24,1 : 34.54"
"24,2 : 24.52"
"24,3 : 31.4"
"24,4 : 35.9"
"24,5 : 40.8"
"24,6 : 18.44"
"24,7 : 43.57"
"24,8 : 83.45"
"24,9 : 31.24"
"24,10 : 46.39"
"24,11 : 45.97"
"24,12 : 54.2"
"24,13 : 26.68"
"24,14 : 48.66"
"24,15 : 68.15"
"24,16 : 44.69"
"24,17 : 33.6"
"24,18 : 24.17"
"24,19 : 60.54"
"24,20 : 79.2"
"24,21 : 38.59"
"24,22 : 68.36"
"24,23 : 60.17"
"24,24 : 0.0"
"24,25 : 67.36"
"24,26 : 30.02"
"24,27 : 59.3"
"24,28 : 31.95"
"24,29 : 3.16"
"24,30 : 41.77"
"24,31 : 17.03"
"24,32 : 46.32"
"24,33 : 74.22"
"24,34 : 27.31"
"24,35 : 73.25"
"24,36 : 57.78"
"24,37 : 22.2"
"24,38 : 73.76"
"24,39 : 23.0"
"24,40 : 7.07"
"24,41 : 81.84"
"24,42 : 37.44"
"24,43 : 45.31"
"24,44 : 70.86"
"24,45 : 70.86"
"24,46 : 85.21"
"24,47 : 57.71"
"24,48 : 72.56"
"24,49 : 68.24"
"25,0 : 93.48"
"25,1 : 59.51"
"25,2 : 73.98"
"25,3 : 37.95"
"25,4 : 65.31"
"25,5 : 46.01"
"25,6 : 75.27"
"25,7 : 53.25"
"25,8 : 53.76"
"25,9 : 56.3"
"25,10 : 24.7"
"25,11 : 43.6"
"25,12 : 28.28"
"25,13 : 43.01"
"25,14 : 85.48"
"25,15 : 102.65"
"25,16 : 39.66"
"25,17 : 89.27"
"25,18 : 63.95"
"25,19 : 65.86"
"25,20 : 41.19"
"25,21 : 53.71"
"25,22 : 14.04"
"25,23 : 66.53"
"25,24 : 67.36"
"25,25 : 0.0"
"25,26 : 37.85"
"25,27 : 8.06"
"25,28 : 60.54"
"25,29 : 68.12"
"25,30 : 41.68"
"25,31 : 84.21"
"25,32 : 28.43"
"25,33 : 12.08"
"25,34 : 64.5"
"25,35 : 6.08"
"25,36 : 101.07"
"25,37 : 70.26"
"25,38 : 105.42"
"25,39 : 73.41"
"25,40 : 69.43"
"25,41 : 63.25"
"25,42 : 91.21"
"25,43 : 26.93"
"25,44 : 84.29"
"25,45 : 84.29"
"25,46 : 43.05"
"25,47 : 10.2"
"25,48 : 87.11"
"25,49 : 33.84"
"26,0 : 72.95"
"26,1 : 37.12"
"26,2 : 43.01"
"26,3 : 4.12"
"26,4 : 42.19"
"26,5 : 23.19"
"26,6 : 38.01"
"26,7 : 38.64"
"26,8 : 67.12"
"26,9 : 25.08"
"26,10 : 16.76"
"26,11 : 34.06"
"26,12 : 32.76"
"26,13 : 6.4"
"26,14 : 62.01"
"26,15 : 81.84"
"26,16 : 30.27"
"26,17 : 57.31"
"26,18 : 29.0"
"26,19 : 57.43"
"26,20 : 59.08"
"26,21 : 35.44"
"26,22 : 38.47"
"26,23 : 57.56"
"26,24 : 30.02"
"26,25 : 37.85"
"26,26 : 0.0"
"26,27 : 29.83"
"26,28 : 36.36"
"26,29 : 31.26"
"26,30 : 29.02"
"26,31 : 47.04"
"26,32 : 18.03"
"26,33 : 46.1"
"26,34 : 30.61"
"26,35 : 43.57"
"26,36 : 75.66"
"26,37 : 34.21"
"26,38 : 86.28"
"26,39 : 37.2"
"26,40 : 31.58"
"26,41 : 70.09"
"26,42 : 60.21"
"26,43 : 21.63"
"26,44 : 73.5"
"26,45 : 73.5"
"26,46 : 64.2"
"26,47 : 28.79"
"26,48 : 75.96"
"26,49 : 47.71"
"27,0 : 87.62"
"27,1 : 52.84"
"27,2 : 66.48"
"27,3 : 30.08"
"27,4 : 58.67"
"27,5 : 39.7"
"27,6 : 67.42"
"27,7 : 47.51"
"27,8 : 54.01"
"27,9 : 49.2"
"27,10 : 17.69"
"27,11 : 38.18"
"27,12 : 24.19"
"27,13 : 35.11"
"27,14 : 79.08"
"27,15 : 96.83"
"27,16 : 33.97"
"27,17 : 81.74"
"27,18 : 56.44"
"27,19 : 61.61"
"27,20 : 42.19"
"27,21 : 47.43"
"27,22 : 15.81"
"27,23 : 62.2"
"27,24 : 59.3"
"27,25 : 8.06"
"27,26 : 29.83"
"27,27 : 0.0"
"27,28 : 53.67"
"27,29 : 60.07"
"27,30 : 35.61"
"27,31 : 76.16"
"27,32 : 22.02"
"27,33 : 17.69"
"27,34 : 57.14"
"27,35 : 14.0"
"27,36 : 94.51"
"27,37 : 62.61"
"27,38 : 99.9"
"27,39 : 65.74"
"27,40 : 61.39"
"27,41 : 62.17"
"27,42 : 83.82"
"27,43 : 20.25"
"27,44 : 80.0"
"27,45 : 80.0"
"27,46 : 45.12"
"27,47 : 3.61"
"27,48 : 82.8"
"27,49 : 33.14"
"28,0 : 36.62"
"28,1 : 2.83"
"28,2 : 17.09"
"28,3 : 40.31"
"28,4 : 5.83"
"28,5 : 58.31"
"28,6 : 50.29"
"28,7 : 13.89"
"28,8 : 55.76"
"28,9 : 54.74"
"28,10 : 50.21"
"28,11 : 21.21"
"28,12 : 36.12"
"28,13 : 39.0"
"28,14 : 26.17"
"28,15 : 45.61"
"28,16 : 23.02"
"28,17 : 31.14"
"28,18 : 52.01"
"28,19 : 28.64"
"28,20 : 55.03"
"28,21 : 9.49"
"28,22 : 67.96"
"28,23 : 28.23"
"28,24 : 31.95"
"28,25 : 60.54"
"28,26 : 36.36"
"28,27 : 53.67"
"28,28 : 0.0"
"28,29 : 29.55"
"28,30 : 20.1"
"28,31 : 40.31"
"28,32 : 53.26"
"28,33 : 62.17"
"28,34 : 55.0"
"28,35 : 66.48"
"28,36 : 41.05"
"28,37 : 52.61"
"28,38 : 49.93"
"28,39 : 54.13"
"28,40 : 38.9"
"28,41 : 51.62"
"28,42 : 32.02"
"28,43 : 33.62"
"28,44 : 40.0"
"28,45 : 40.0"
"28,46 : 61.35"
"28,47 : 50.57"
"28,48 : 42.05"
"28,49 : 45.89"
"29,0 : 57.71"
"29,1 : 32.2"
"29,2 : 21.38"
"29,3 : 32.98"
"29,4 : 33.24"
"29,5 : 43.42"
"29,6 : 21.21"
"29,7 : 41.62"
"29,8 : 82.04"
"29,9 : 34.21"
"29,10 : 47.85"
"29,11 : 44.6"
"29,12 : 53.67"
"29,13 : 28.46"
"29,14 : 45.54"
"29,15 : 65.0"
"29,16 : 43.6"
"29,17 : 30.61"
"29,18 : 27.31"
"29,19 : 58.18"
"29,20 : 78.24"
"29,21 : 36.62"
"29,22 : 69.72"
"29,23 : 57.78"
"29,24 : 3.16"
"29,25 : 68.12"
"29,26 : 31.26"
"29,27 : 60.07"
"29,28 : 29.55"
"29,29 : 0.0"
"29,30 : 40.61"
"29,31 : 16.12"
"29,32 : 48.08"
"29,33 : 74.53"
"29,34 : 30.46"
"29,35 : 74.06"
"29,36 : 54.63"
"29,37 : 25.32"
"29,38 : 70.61"
"29,39 : 26.02"
"29,40 : 10.0"
"29,41 : 80.0"
"29,42 : 34.41"
"29,43 : 45.22"
"29,44 : 68.07"
"29,45 : 68.07"
"29,46 : 84.31"
"29,47 : 58.31"
"29,48 : 69.72"
"29,49 : 67.42"
"30,0 : 52.01"
"30,1 : 18.44"
"30,2 : 36.22"
"30,3 : 33.0"
"30,4 : 24.04"
"30,5 : 52.04"
"30,6 : 57.8"
"30,7 : 12.04"
"30,8 : 41.87"
"30,9 : 53.15"
"30,10 : 37.16"
"30,11 : 5.1"
"30,12 : 16.03"
"30,13 : 34.37"
"30,14 : 43.83"
"30,15 : 61.22"
"30,16 : 3.16"
"30,17 : 51.01"
"30,18 : 54.23"
"30,19 : 29.12"
"30,20 : 37.74"
"30,21 : 12.08"
"30,22 : 50.93"
"30,23 : 29.41"
"30,24 : 41.77"
"30,25 : 41.68"
"30,26 : 29.02"
"30,27 : 35.61"
"30,28 : 20.1"
"30,29 : 40.61"
"30,30 : 0.0"
"30,31 : 55.07"
"30,32 : 41.44"
"30,33 : 42.2"
"30,34 : 56.65"
"30,35 : 47.41"
"30,36 : 59.51"
"30,37 : 57.31"
"30,38 : 64.38"
"30,39 : 59.68"
"30,40 : 47.42"
"30,41 : 42.15"
"30,42 : 52.09"
"30,43 : 15.56"
"30,44 : 46.52"
"30,45 : 46.52"
"30,46 : 43.91"
"30,47 : 32.2"
"30,48 : 49.19"
"30,49 : 27.31"
"31,0 : 59.41"
"31,1 : 43.14"
"31,2 : 25.94"
"31,3 : 48.37"
"31,4 : 42.2"
"31,5 : 55.9"
"31,6 : 23.02"
"31,7 : 53.81"
"31,8 : 95.43"
"31,9 : 44.65"
"31,10 : 63.39"
"31,11 : 58.52"
"31,12 : 69.08"
"31,13 : 43.57"
"31,14 : 47.85"
"31,15 : 65.0"
"31,16 : 58.18"
"31,17 : 26.17"
"31,18 : 35.47"
"31,19 : 68.01"
"31,20 : 92.78"
"31,21 : 48.92"
"31,22 : 85.38"
"31,23 : 67.42"
"31,24 : 17.03"
"31,25 : 84.21"
"31,26 : 47.04"
"31,27 : 76.16"
"31,28 : 40.31"
"31,29 : 16.12"
"31,30 : 55.07"
"31,31 : 0.0"
"31,32 : 63.15"
"31,33 : 90.61"
"31,34 : 38.21"
"31,35 : 90.14"
"31,36 : 52.35"
"31,37 : 30.48"
"31,38 : 71.01"
"31,39 : 29.41"
"31,40 : 17.89"
"31,41 : 91.93"
"31,42 : 30.27"
"31,43 : 61.13"
"31,44 : 74.46"
"31,45 : 74.46"
"31,46 : 98.98"
"31,47 : 74.43"
"31,48 : 75.61"
"31,49 : 82.3"
"32,0 : 89.81"
"32,1 : 53.6"
"32,2 : 61.03"
"32,3 : 15.23"
"32,4 : 59.03"
"32,5 : 17.69"
"32,6 : 49.5"
"32,7 : 52.8"
"32,8 : 72.18"
"32,9 : 28.18"
"32,10 : 5.1"
"32,11 : 45.88"
"32,12 : 38.05"
"32,13 : 19.65"
"32,14 : 79.31"
"32,15 : 98.86"
"32,16 : 41.48"
"32,17 : 75.29"
"32,18 : 36.69"
"32,19 : 70.52"
"32,20 : 61.68"
"32,21 : 50.61"
"32,22 : 23.35"
"32,23 : 70.84"
"32,24 : 46.32"
"32,25 : 28.43"
"32,26 : 18.03"
"32,27 : 22.02"
"32,28 : 53.26"
"32,29 : 48.08"
"32,30 : 41.44"
"32,31 : 63.15"
"32,32 : 0.0"
"32,33 : 39.62"
"32,34 : 36.77"
"32,35 : 32.76"
"32,36 : 93.38"
"32,37 : 43.42"
"32,38 : 103.0"
"32,39 : 46.57"
"32,40 : 46.17"
"32,41 : 78.03"
"32,42 : 78.23"
"32,43 : 28.16"
"32,44 : 87.85"
"32,45 : 87.85"
"32,46 : 65.55"
"32,47 : 23.32"
"32,48 : 90.47"
"32,49 : 51.2"
"33,0 : 92.13"
"33,1 : 60.64"
"33,2 : 77.23"
"33,3 : 47.01"
"33,4 : 66.22"
"33,5 : 57.31"
"33,6 : 84.1"
"33,7 : 52.55"
"33,8 : 44.27"
"33,9 : 66.84"
"33,10 : 35.38"
"33,11 : 42.72"
"33,12 : 26.57"
"33,13 : 51.88"
"33,14 : 85.44"
"33,15 : 101.12"
"33,16 : 39.56"
"33,17 : 92.44"
"33,18 : 73.78"
"33,19 : 62.01"
"33,20 : 31.32"
"33,21 : 54.12"
"33,22 : 25.32"
"33,23 : 62.8"
"33,24 : 74.22"
"33,25 : 12.08"
"33,26 : 46.1"
"33,27 : 17.69"
"33,28 : 62.17"
"33,29 : 74.53"
"33,30 : 42.2"
"33,31 : 90.61"
"33,32 : 39.62"
"33,33 : 0.0"
"33,34 : 74.63"
"33,35 : 12.04"
"33,36 : 101.24"
"33,37 : 79.76"
"33,38 : 103.25"
"33,39 : 82.86"
"33,40 : 77.16"
"33,41 : 55.01"
"33,42 : 93.9"
"33,43 : 30.02"
"33,44 : 80.16"
"33,45 : 80.16"
"33,46 : 32.14"
"33,47 : 17.49"
"33,48 : 82.98"
"33,49 : 26.4"
"34,0 : 87.56"
"34,1 : 57.04"
"34,2 : 51.55"
"34,3 : 28.28"
"34,4 : 60.07"
"34,5 : 22.02"
"34,6 : 16.55"
"34,7 : 63.15"
"34,8 : 97.13"
"34,9 : 9.06"
"34,10 : 39.82"
"34,11 : 61.68"
"34,12 : 63.25"
"34,13 : 24.21"
"34,14 : 75.43"
"34,15 : 95.21"
"34,16 : 58.69"
"34,17 : 60.54"
"34,18 : 3.16"
"34,19 : 81.88"
"34,20 : 89.63"
"34,21 : 58.69"
"34,22 : 59.77"
"34,23 : 81.74"
"34,24 : 27.31"
"34,25 : 64.5"
"34,26 : 30.61"
"34,27 : 57.14"
"34,28 : 55.0"
"34,29 : 30.46"
"34,30 : 56.65"
"34,31 : 38.21"
"34,32 : 36.77"
"34,33 : 74.63"
"34,34 : 0.0"
"34,35 : 69.32"
"34,36 : 85.09"
"34,37 : 8.54"
"34,38 : 100.69"
"34,39 : 11.18"
"34,40 : 21.63"
"34,41 : 98.79"
"34,42 : 64.5"
"34,43 : 52.2"
"34,44 : 95.0"
"34,45 : 95.0"
"34,46 : 94.81"
"34,47 : 57.2"
"34,48 : 97.02"
"34,49 : 78.24"
"35,0 : 99.02"
"35,1 : 65.39"
"35,2 : 80.05"
"35,3 : 43.42"
"35,4 : 71.18"
"35,5 : 50.0"
"35,6 : 80.65"
"35,7 : 58.83"
"35,8 : 56.04"
"35,9 : 60.9"
"35,10 : 29.55"
"35,11 : 49.09"
"35,12 : 33.42"
"35,13 : 48.51"
"35,14 : 91.24"
"35,15 : 108.17"
"35,16 : 45.28"
"35,17 : 95.34"
"35,18 : 68.94"
"35,19 : 70.71"
"35,20 : 43.17"
"35,21 : 59.48"
"35,22 : 13.93"
"35,23 : 71.42"
"35,24 : 73.25"
"35,25 : 6.08"
"35,26 : 43.57"
"35,27 : 14.0"
"35,28 : 66.48"
"35,29 : 74.06"
"35,30 : 47.41"
"35,31 : 90.14"
"35,32 : 32.76"
"35,33 : 12.04"
"35,34 : 69.32"
"35,35 : 0.0"
"35,36 : 106.89"
"35,37 : 75.39"
"35,38 : 110.8"
"35,39 : 78.55"
"35,40 : 75.13"
"35,41 : 66.31"
"35,42 : 97.27"
"35,43 : 32.89"
"35,44 : 89.11"
"35,45 : 89.11"
"35,46 : 44.18"
"35,47 : 16.28"
"35,48 : 91.93"
"35,49 : 37.12"
"36,0 : 14.76"
"36,1 : 41.68"
"36,2 : 34.13"
"36,3 : 79.25"
"36,4 : 35.85"
"36,5 : 95.21"
"36,6 : 73.5"
"36,7 : 48.7"
"36,8 : 81.3"
"36,9 : 88.19"
"36,10 : 90.79"
"36,11 : 58.52"
"36,12 : 74.67"
"36,13 : 76.69"
"36,14 : 15.81"
"36,15 : 14.32"
"36,16 : 61.85"
"36,17 : 26.17"
"36,18 : 81.94"
"36,19 : 46.1"
"36,20 : 86.15"
"36,21 : 47.42"
"36,22 : 109.0"
"36,23 : 45.1"
"36,24 : 57.78"
"36,25 : 101.07"
"36,26 : 75.66"
"36,27 : 94.51"
"36,28 : 41.05"
"36,29 : 54.63"
"36,30 : 59.51"
"36,31 : 52.35"
"36,32 : 93.38"
"36,33 : 101.24"
"36,34 : 85.09"
"36,35 : 106.89"
"36,36 : 0.0"
"36,37 : 79.38"
"36,38 : 20.25"
"36,39 : 79.4"
"36,40 : 63.91"
"36,41 : 71.39"
"36,42 : 22.09"
"36,43 : 74.3"
"36,44 : 38.01"
"36,45 : 38.01"
"36,46 : 92.05"
"36,47 : 91.3"
"36,48 : 37.22"
"36,49 : 80.23"
"37,0 : 83.02"
"37,1 : 54.92"
"37,2 : 46.69"
"37,3 : 32.76"
"37,4 : 57.22"
"37,5 : 30.07"
"37,6 : 8.06"
"37,7 : 62.3"
"37,8 : 98.74"
"37,9 : 17.12"
"37,10 : 45.88"
"37,11 : 62.18"
"37,12 : 65.86"
"37,13 : 28.02"
"37,14 : 70.86"
"37,15 : 90.24"
"37,16 : 59.68"
"37,17 : 54.13"
"37,18 : 7.0"
"37,19 : 80.52"
"37,20 : 92.2"
"37,21 : 57.57"
"37,22 : 66.71"
"37,23 : 80.28"
"37,24 : 22.2"
"37,25 : 70.26"
"37,26 : 34.21"
"37,27 : 62.61"
"37,28 : 52.61"
"37,29 : 25.32"
"37,30 : 57.31"
"37,31 : 30.48"
"37,32 : 43.42"
"37,33 : 79.76"
"37,34 : 8.54"
"37,35 : 75.39"
"37,36 : 79.38"
"37,37 : 0.0"
"37,38 : 95.9"
"37,39 : 3.16"
"37,40 : 15.52"
"37,41 : 99.28"
"37,42 : 58.18"
"37,43 : 55.15"
"37,44 : 92.35"
"37,45 : 92.35"
"37,46 : 97.67"
"37,47 : 62.27"
"37,48 : 94.19"
"37,49 : 80.81"
"38,0 : 13.42"
"38,1 : 49.41"
"38,2 : 49.24"
"38,3 : 90.21"
"38,4 : 44.1"
"38,5 : 107.78"
"38,6 : 90.8"
"38,7 : 52.4"
"38,8 : 74.97"
"38,9 : 102.53"
"38,10 : 99.64"
"38,11 : 61.85"
"38,12 : 77.42"
"38,13 : 88.59"
"38,14 : 25.3"
"38,15 : 6.08"
"38,16 : 65.95"
"38,17 : 45.18"
"38,18 : 97.53"
"38,19 : 42.15"
"38,20 : 82.57"
"38,21 : 53.08"
"38,22 : 115.31"
"38,23 : 41.23"
"38,24 : 73.76"
"38,25 : 105.42"
"38,26 : 86.28"
"38,27 : 99.9"
"38,28 : 49.93"
"38,29 : 70.61"
"38,30 : 64.38"
"38,31 : 71.01"
"38,32 : 103.0"
"38,33 : 103.25"
"38,34 : 100.69"
"38,35 : 110.8"
"38,36 : 20.25"
"38,37 : 95.9"
"38,38 : 0.0"
"38,39 : 96.34"
"38,40 : 80.41"
"38,41 : 63.2"
"38,42 : 41.3"
"38,43 : 79.93"
"38,44 : 27.07"
"38,45 : 27.07"
"38,46 : 87.8"
"38,47 : 96.43"
"38,48 : 25.0"
"38,49 : 79.2"
"39,0 : 83.6"
"39,1 : 56.52"
"39,2 : 47.27"
"39,3 : 35.85"
"39,4 : 58.55"
"39,5 : 33.02"
"39,6 : 6.4"
"39,7 : 64.26"
"39,8 : 101.26"
"39,9 : 20.02"
"39,10 : 49.04"
"39,11 : 64.5"
"39,12 : 68.62"
"39,13 : 31.06"
"39,14 : 71.45"
"39,15 : 90.61"
"39,16 : 62.13"
"39,17 : 53.85"
"39,18 : 10.05"
"39,19 : 82.28"
"39,20 : 94.92"
"39,21 : 59.46"
"39,22 : 69.86"
"39,23 : 82.01"
"39,24 : 23.0"
"39,25 : 73.41"
"39,26 : 37.2"
"39,27 : 65.74"
"39,28 : 54.13"
"39,29 : 26.02"
"39,30 : 59.68"
"39,31 : 29.41"
"39,32 : 46.57"
"39,33 : 82.86"
"39,34 : 11.18"
"39,35 : 78.55"
"39,36 : 79.4"
"39,37 : 3.16"
"39,38 : 96.34"
"39,39 : 0.0"
"39,40 : 16.03"
"39,41 : 101.53"
"39,42 : 57.94"
"39,43 : 58.0"
"39,44 : 93.65"
"39,45 : 93.65"
"39,46 : 100.45"
"39,47 : 65.37"
"39,48 : 95.43"
"39,49 : 83.55"
"40,0 : 67.6"
"40,1 : 41.44"
"40,2 : 31.26"
"40,3 : 32.06"
"40,4 : 42.95"
"40,5 : 38.01"
"40,6 : 11.4"
"40,7 : 50.12"
"40,8 : 89.27"
"40,9 : 27.02"
"40,10 : 47.01"
"40,11 : 51.86"
"40,12 : 58.82"
"40,13 : 27.02"
"40,14 : 55.44"
"40,15 : 74.73"
"40,16 : 50.21"
"40,17 : 38.95"
"40,18 : 18.6"
"40,19 : 67.42"
"40,20 : 84.39"
"40,21 : 45.18"
"40,22 : 69.0"
"40,23 : 67.07"
"40,24 : 7.07"
"40,25 : 69.43"
"40,26 : 31.58"
"40,27 : 61.39"
"40,28 : 38.9"
"40,29 : 10.0"
"40,30 : 47.42"
"40,31 : 17.89"
"40,32 : 46.17"
"40,33 : 77.16"
"40,34 : 21.63"
"40,35 : 75.13"
"40,36 : 63.91"
"40,37 : 15.52"
"40,38 : 80.41"
"40,39 : 16.03"
"40,40 : 0.0"
"40,41 : 88.2"
"40,42 : 42.94"
"40,43 : 49.24"
"40,44 : 77.93"
"40,45 : 77.93"
"40,46 : 90.27"
"40,47 : 60.17"
"40,48 : 79.63"
"40,49 : 73.25"
"41,0 : 57.43"
"41,1 : 48.8"
"41,2 : 67.48"
"41,3 : 73.76"
"41,4 : 50.45"
"41,5 : 92.07"
"41,6 : 99.13"
"41,7 : 38.42"
"41,8 : 13.04"
"41,9 : 94.92"
"41,10 : 73.01"
"41,11 : 37.16"
"41,12 : 40.0"
"41,13 : 75.96"
"41,14 : 58.19"
"41,15 : 64.01"
"41,16 : 40.16"
"41,17 : 78.03"
"41,18 : 96.38"
"41,19 : 26.4"
"41,20 : 24.84"
"41,21 : 43.42"
"41,22 : 76.92"
"41,23 : 27.31"
"41,24 : 81.84"
"41,25 : 63.25"
"41,26 : 70.09"
"41,27 : 62.17"
"41,28 : 51.62"
"41,29 : 80.0"
"41,30 : 42.15"
"41,31 : 91.93"
"41,32 : 78.03"
"41,33 : 55.01"
"41,34 : 98.79"
"41,35 : 66.31"
"41,36 : 71.39"
"41,37 : 99.28"
"41,38 : 63.2"
"41,39 : 101.53"
"41,40 : 88.2"
"41,41 : 0.0"
"41,42 : 76.94"
"41,43 : 50.25"
"41,44 : 36.12"
"41,45 : 36.12"
"41,46 : 27.8"
"41,47 : 58.86"
"41,48 : 38.33"
"41,49 : 29.41"
"42,0 : 31.02"
"42,1 : 34.01"
"42,2 : 17.46"
"42,3 : 63.25"
"42,4 : 29.27"
"42,5 : 77.08"
"42,6 : 51.87"
"42,7 : 44.41"
"42,8 : 84.15"
"42,9 : 68.6"
"42,10 : 76.54"
"42,11 : 53.04"
"42,12 : 68.12"
"42,13 : 59.82"
"42,14 : 21.4"
"42,15 : 35.23"
"42,16 : 55.04"
"42,17 : 4.12"
"42,18 : 61.4"
"42,19 : 50.61"
"42,20 : 85.7"
"42,21 : 41.05"
"42,22 : 96.77"
"42,23 : 49.74"
"42,24 : 37.44"
"42,25 : 91.21"
"42,26 : 60.21"
"42,27 : 83.82"
"42,28 : 32.02"
"42,29 : 34.41"
"42,30 : 52.09"
"42,31 : 30.27"
"42,32 : 78.23"
"42,33 : 93.9"
"42,34 : 64.5"
"42,35 : 97.27"
"42,36 : 22.09"
"42,37 : 58.18"
"42,38 : 41.3"
"42,39 : 57.94"
"42,40 : 42.94"
"42,41 : 76.94"
"42,42 : 0.0"
"42,43 : 64.54"
"42,44 : 50.45"
"42,45 : 50.45"
"42,46 : 91.98"
"42,47 : 81.04"
"42,48 : 50.8"
"42,49 : 77.41"
"43,0 : 67.48"
"43,1 : 32.65"
"43,2 : 47.52"
"43,3 : 24.6"
"43,4 : 38.47"
"43,5 : 41.98"
"43,6 : 57.8"
"43,7 : 27.59"
"43,8 : 45.88"
"43,9 : 46.53"
"43,10 : 23.35"
"43,11 : 18.87"
"43,12 : 11.18"
"43,13 : 28.02"
"43,14 : 58.83"
"43,15 : 76.69"
"43,16 : 14.42"
"43,17 : 62.8"
"43,18 : 50.45"
"43,19 : 43.38"
"43,20 : 37.44"
"43,21 : 27.2"
"43,22 : 35.38"
"43,23 : 43.83"
"43,24 : 45.31"
"43,25 : 26.93"
"43,26 : 21.63"
"43,27 : 20.25"
"43,28 : 33.62"
"43,29 : 45.22"
"43,30 : 15.56"
"43,31 : 61.13"
"43,32 : 28.16"
"43,33 : 30.02"
"43,34 : 52.2"
"43,35 : 32.89"
"43,36 : 74.3"
"43,37 : 55.15"
"43,38 : 79.93"
"43,39 : 58.0"
"43,40 : 49.24"
"43,41 : 50.25"
"43,42 : 64.54"
"43,43 : 0.0"
"43,44 : 61.4"
"43,45 : 61.4"
"43,46 : 42.64"
"43,47 : 17.0"
"43,48 : 64.14"
"43,49 : 26.08"
"44,0 : 23.26"
"44,1 : 38.05"
"44,2 : 48.7"
"44,3 : 77.62"
"44,4 : 35.13"
"44,5 : 96.54"
"44,6 : 89.27"
"44,7 : 35.11"
"44,8 : 48.05"
"44,9 : 94.43"
"44,10 : 83.67"
"44,11 : 42.54"
"44,12 : 56.08"
"44,13 : 77.47"
"44,14 : 29.07"
"44,15 : 28.28"
"44,16 : 47.01"
"44,17 : 53.01"
"44,18 : 92.01"
"44,19 : 18.44"
"44,20 : 56.46"
"44,21 : 38.08"
"44,22 : 95.8"
"44,23 : 17.8"
"44,24 : 70.86"
"44,25 : 84.29"
"44,26 : 73.5"
"44,27 : 80.0"
"44,28 : 40.0"
"44,29 : 68.07"
"44,30 : 46.52"
"44,31 : 74.46"
"44,32 : 87.85"
"44,33 : 80.16"
"44,34 : 95.0"
"44,35 : 89.11"
"44,36 : 38.01"
"44,37 : 92.35"
"44,38 : 27.07"
"44,39 : 93.65"
"44,40 : 77.93"
"44,41 : 36.12"
"44,42 : 50.45"
"44,43 : 61.4"
"44,44 : 0.0"
"44,45 : 0.0"
"44,46 : 61.35"
"44,47 : 76.4"
"44,48 : 2.83"
"44,49 : 54.64"
"45,0 : 23.26"
"45,1 : 38.05"
"45,2 : 48.7"
"45,3 : 77.62"
"45,4 : 35.13"
"45,5 : 96.54"
"45,6 : 89.27"
"45,7 : 35.11"
"45,8 : 48.05"
"45,9 : 94.43"
"45,10 : 83.67"
"45,11 : 42.54"
"45,12 : 56.08"
"45,13 : 77.47"
"45,14 : 29.07"
"45,15 : 28.28"
"45,16 : 47.01"
"45,17 : 53.01"
"45,18 : 92.01"
"45,19 : 18.44"
"45,20 : 56.46"
"45,21 : 38.08"
"45,22 : 95.8"
"45,23 : 17.8"
"45,24 : 70.86"
"45,25 : 84.29"
"45,26 : 73.5"
"45,27 : 80.0"
"45,28 : 40.0"
"45,29 : 68.07"
"45,30 : 46.52"
"45,31 : 74.46"
"45,32 : 87.85"
"45,33 : 80.16"
"45,34 : 95.0"
"45,35 : 89.11"
"45,36 : 38.01"
"45,37 : 92.35"
"45,38 : 27.07"
"45,39 : 93.65"
"45,40 : 77.93"
"45,41 : 36.12"
"45,42 : 50.45"
"45,43 : 61.4"
"45,44 : 0.0"
"45,45 : 0.0"
"45,46 : 61.35"
"45,47 : 76.4"
"45,48 : 2.83"
"45,49 : 54.64"
"46,0 : 79.63"
"46,1 : 58.82"
"46,2 : 78.43"
"46,3 : 66.85"
"46,4 : 62.82"
"46,5 : 82.29"
"46,6 : 99.76"
"46,7 : 47.8"
"46,8 : 14.87"
"46,9 : 88.75"
"46,10 : 60.54"
"46,11 : 40.72"
"46,12 : 31.83"
"46,13 : 70.6"
"46,14 : 77.03"
"46,15 : 87.48"
"46,16 : 40.82"
"46,17 : 91.92"
"46,18 : 93.09"
"46,19 : 46.39"
"46,20 : 6.32"
"46,21 : 51.87"
"46,22 : 57.01"
"46,23 : 47.38"
"46,24 : 85.21"
"46,25 : 43.05"
"46,26 : 64.2"
"46,27 : 45.12"
"46,28 : 61.35"
"46,29 : 84.31"
"46,30 : 43.91"
"46,31 : 98.98"
"46,32 : 65.55"
"46,33 : 32.14"
"46,34 : 94.81"
"46,35 : 44.18"
"46,36 : 92.05"
"46,37 : 97.67"
"46,38 : 87.8"
"46,39 : 100.45"
"46,40 : 90.27"
"46,41 : 27.8"
"46,42 : 91.98"
"46,43 : 42.64"
"46,44 : 61.35"
"46,45 : 61.35"
"46,46 : 0.0"
"46,47 : 42.72"
"46,48 : 63.91"
"46,49 : 17.03"
"47,0 : 84.2"
"47,1 : 49.65"
"47,2 : 63.79"
"47,3 : 29.53"
"47,4 : 55.47"
"47,5 : 40.8"
"47,6 : 66.71"
"47,7 : 44.05"
"47,8 : 51.01"
"47,9 : 49.58"
"47,10 : 18.6"
"47,11 : 34.66"
"47,12 : 20.59"
"47,13 : 34.44"
"47,14 : 75.8"
"47,15 : 93.41"
"47,16 : 30.48"
"47,17 : 79.08"
"47,18 : 56.3"
"47,19 : 58.01"
"47,20 : 39.46"
"47,21 : 44.1"
"47,22 : 19.42"
"47,23 : 58.6"
"47,24 : 57.71"
"47,25 : 10.2"
"47,26 : 28.79"
"47,27 : 3.61"
"47,28 : 50.57"
"47,29 : 58.31"
"47,30 : 32.2"
"47,31 : 74.43"
"47,32 : 23.32"
"47,33 : 17.49"
"47,34 : 57.2"
"47,35 : 16.28"
"47,36 : 91.3"
"47,37 : 62.27"
"47,38 : 96.43"
"47,39 : 65.37"
"47,40 : 60.17"
"47,41 : 58.86"
"47,42 : 81.04"
"47,43 : 17.0"
"47,44 : 76.4"
"47,45 : 76.4"
"47,46 : 42.72"
"47,47 : 0.0"
"47,48 : 79.2"
"47,49 : 30.02"
"48,0 : 22.47"
"48,1 : 40.2"
"48,2 : 50.0"
"48,3 : 80.08"
"48,4 : 37.01"
"48,5 : 98.95"
"48,6 : 90.93"
"48,7 : 37.7"
"48,8 : 50.45"
"48,9 : 96.63"
"48,10 : 86.33"
"48,11 : 45.28"
"48,12 : 58.9"
"48,13 : 79.83"
"48,14 : 29.41"
"48,15 : 26.68"
"48,16 : 49.74"
"48,17 : 53.54"
"48,18 : 94.01"
"48,19 : 21.26"
"48,20 : 59.09"
"48,21 : 40.52"
"48,22 : 98.6"
"48,23 : 20.62"
"48,24 : 72.56"
"48,25 : 87.11"
"48,26 : 75.96"
"48,27 : 82.8"
"48,28 : 42.05"
"48,29 : 69.72"
"48,30 : 49.19"
"48,31 : 75.61"
"48,32 : 90.47"
"48,33 : 82.98"
"48,34 : 97.02"
"48,35 : 91.93"
"48,36 : 37.22"
"48,37 : 94.19"
"48,38 : 25.0"
"48,39 : 95.43"
"48,40 : 79.63"
"48,41 : 38.33"
"48,42 : 50.8"
"48,43 : 64.14"
"48,44 : 2.83"
"48,45 : 2.83"
"48,46 : 63.91"
"48,47 : 79.2"
"48,48 : 0.0"
"48,49 : 57.43"
"49,0 : 69.26"
"49,1 : 43.57"
"49,2 : 62.82"
"49,3 : 50.61"
"49,4 : 48.17"
"49,5 : 67.07"
"49,6 : 82.76"
"49,7 : 33.06"
"49,8 : 21.1"
"49,9 : 72.56"
"49,10 : 46.1"
"49,11 : 24.74"
"49,12 : 15.0"
"49,13 : 54.08"
"49,14 : 64.63"
"49,15 : 77.83"
"49,16 : 24.17"
"49,17 : 76.94"
"49,18 : 76.4"
"49,19 : 37.12"
"49,20 : 11.4"
"49,21 : 36.5"
"49,22 : 47.54"
"49,23 : 38.01"
"49,24 : 68.24"
"49,25 : 33.84"
"49,26 : 47.71"
"49,27 : 33.14"
"49,28 : 45.89"
"49,29 : 67.42"
"49,30 : 27.31"
"49,31 : 82.3"
"49,32 : 51.2"
"49,33 : 26.4"
"49,34 : 78.24"
"49,35 : 37.12"
"49,36 : 80.23"
"49,37 : 80.81"
"49,38 : 79.2"
"49,39 : 83.55"
"49,40 : 73.25"
"49,41 : 29.41"
"49,42 : 77.41"
"49,43 : 26.08"
"49,44 : 54.64"
"49,45 : 54.64"
"49,46 : 17.03"
"49,47 : 30.02"
"49,48 : 57.43"
"49,49 : 0.0"
