x,y
14,40
81,61
45,73
44,16
48,90
31,98
21,73
98,68
88,69
29,59
47,9
23,88
74,77
69,91
99,46
19,78
51,43
24,25
66,18
53,3
85,83
52,0
50,58
93,73
68,98
33,2
84,80
8,97
58,92
84,16
4,92
89,74
32,61
4,70
31,55
23,16
43,34
50,3
12,73
37,0
65,27
32,8
90,1
64,88
28,42
31,26
26,83
12,12
85,73
86,3

Distanze
"0,0 : 0.0"
"0,1 : 70.21"
"0,2 : 45.28"
"0,3 : 38.42"
"0,4 : 60.46"
"0,5 : 60.44"
"0,6 : 33.73"
"0,7 : 88.54"
"0,8 : 79.48"
"0,9 : 24.21"
"0,10 : 45.28"
"0,11 : 48.84"
"0,12 : 70.49"
"0,13 : 75.01"
"0,14 : 85.21"
"0,15 : 38.33"
"0,16 : 37.12"
"0,17 : 18.03"
"0,18 : 56.46"
"0,19 : 53.76"
"0,20 : 83.01"
"0,21 : 55.17"
"0,22 : 40.25"
"0,23 : 85.62"
"0,24 : 79.25"
"0,25 : 42.49"
"0,26 : 80.62"
"0,27 : 57.31"
"0,28 : 68.12"
"0,29 : 74.0"
"0,30 : 52.95"
"0,31 : 82.35"
"0,32 : 27.66"
"0,33 : 31.62"
"0,34 : 22.67"
"0,35 : 25.63"
"0,36 : 29.61"
"0,37 : 51.62"
"0,38 : 33.06"
"0,39 : 46.14"
"0,40 : 52.63"
"0,41 : 36.72"
"0,42 : 85.42"
"0,43 : 69.31"
"0,44 : 14.14"
"0,45 : 22.02"
"0,46 : 44.64"
"0,47 : 28.07"
"0,48 : 78.29"
"0,49 : 80.95"
"1,0 : 70.21"
"1,1 : 0.0"
"1,2 : 37.95"
"1,3 : 58.26"
"1,4 : 43.93"
"1,5 : 62.2"
"1,6 : 61.19"
"1,7 : 18.38"
"1,8 : 10.63"
"1,9 : 52.04"
"1,10 : 62.13"
"1,11 : 63.98"
"1,12 : 17.46"
"1,13 : 32.31"
"1,14 : 23.43"
"1,15 : 64.29"
"1,16 : 34.99"
"1,17 : 67.42"
"1,18 : 45.54"
"1,19 : 64.4"
"1,20 : 22.36"
"1,21 : 67.54"
"1,22 : 31.14"
"1,23 : 16.97"
"1,24 : 39.22"
"1,25 : 76.06"
"1,26 : 19.24"
"1,27 : 81.39"
"1,28 : 38.6"
"1,29 : 45.1"
"1,30 : 83.01"
"1,31 : 15.26"
"1,32 : 49.0"
"1,33 : 77.52"
"1,34 : 50.36"
"1,35 : 73.41"
"1,36 : 46.62"
"1,37 : 65.76"
"1,38 : 70.04"
"1,39 : 75.21"
"1,40 : 37.58"
"1,41 : 72.18"
"1,42 : 60.67"
"1,43 : 31.91"
"1,44 : 56.3"
"1,45 : 61.03"
"1,46 : 59.24"
"1,47 : 84.63"
"1,48 : 12.65"
"1,49 : 58.22"
"2,0 : 45.28"
"2,1 : 37.95"
"2,2 : 0.0"
"2,3 : 57.01"
"2,4 : 17.26"
"2,5 : 28.65"
"2,6 : 24.0"
"2,7 : 53.24"
"2,8 : 43.19"
"2,9 : 21.26"
"2,10 : 64.03"
"2,11 : 26.63"
"2,12 : 29.27"
"2,13 : 30.0"
"2,14 : 60.37"
"2,15 : 26.48"
"2,16 : 30.59"
"2,17 : 52.39"
"2,18 : 58.87"
"2,19 : 70.46"
"2,20 : 41.23"
"2,21 : 73.33"
"2,22 : 15.81"
"2,23 : 48.0"
"2,24 : 33.97"
"2,25 : 72.01"
"2,26 : 39.62"
"2,27 : 44.1"
"2,28 : 23.02"
"2,29 : 69.07"
"2,30 : 45.19"
"2,31 : 44.01"
"2,32 : 17.69"
"2,33 : 41.11"
"2,34 : 22.8"
"2,35 : 61.1"
"2,36 : 39.05"
"2,37 : 70.18"
"2,38 : 33.0"
"2,39 : 73.44"
"2,40 : 50.16"
"2,41 : 66.29"
"2,42 : 84.91"
"2,43 : 24.21"
"2,44 : 35.36"
"2,45 : 49.04"
"2,46 : 21.47"
"2,47 : 69.35"
"2,48 : 40.0"
"2,49 : 81.12"
"3,0 : 38.42"
"3,1 : 58.26"
"3,2 : 57.01"
"3,3 : 0.0"
"3,4 : 74.11"
"3,5 : 83.02"
"3,6 : 61.47"
"3,7 : 74.97"
"3,8 : 68.88"
"3,9 : 45.54"
"3,10 : 7.62"
"3,11 : 75.0"
"3,12 : 67.98"
"3,13 : 79.06"
"3,14 : 62.65"
"3,15 : 66.85"
"3,16 : 27.89"
"3,17 : 21.93"
"3,18 : 22.09"
"3,19 : 15.81"
"3,20 : 78.55"
"3,21 : 17.89"
"3,22 : 42.43"
"3,23 : 75.17"
"3,24 : 85.44"
"3,25 : 17.8"
"3,26 : 75.47"
"3,27 : 88.64"
"3,28 : 77.28"
"3,29 : 40.0"
"3,30 : 85.88"
"3,31 : 73.41"
"3,32 : 46.57"
"3,33 : 67.2"
"3,34 : 41.11"
"3,35 : 21.0"
"3,36 : 18.03"
"3,37 : 14.32"
"3,38 : 65.37"
"3,39 : 17.46"
"3,40 : 23.71"
"3,41 : 14.42"
"3,42 : 48.38"
"3,43 : 74.73"
"3,44 : 30.53"
"3,45 : 16.4"
"3,46 : 69.38"
"3,47 : 32.25"
"3,48 : 70.21"
"3,49 : 43.97"
"4,0 : 60.46"
"4,1 : 43.93"
"4,2 : 17.26"
"4,3 : 74.11"
"4,4 : 0.0"
"4,5 : 18.79"
"4,6 : 31.91"
"4,7 : 54.63"
"4,8 : 45.18"
"4,9 : 36.36"
"4,10 : 81.01"
"4,11 : 25.08"
"4,12 : 29.07"
"4,13 : 21.02"
"4,14 : 67.36"
"4,15 : 31.38"
"4,16 : 47.1"
"4,17 : 69.29"
"4,18 : 74.22"
"4,19 : 87.14"
"4,20 : 37.66"
"4,21 : 90.09"
"4,22 : 32.06"
"4,23 : 48.1"
"4,24 : 21.54"
"4,25 : 89.27"
"4,26 : 37.36"
"4,27 : 40.61"
"4,28 : 10.2"
"4,29 : 82.29"
"4,30 : 44.05"
"4,31 : 44.01"
"4,32 : 33.12"
"4,33 : 48.33"
"4,34 : 38.91"
"4,35 : 78.11"
"4,36 : 56.22"
"4,37 : 87.02"
"4,38 : 39.81"
"4,39 : 90.67"
"4,40 : 65.25"
"4,41 : 83.55"
"4,42 : 98.41"
"4,43 : 16.12"
"4,44 : 52.0"
"4,45 : 66.22"
"4,46 : 23.09"
"4,47 : 85.91"
"4,48 : 40.72"
"4,49 : 94.94"
"5,0 : 60.44"
"5,1 : 62.2"
"5,2 : 28.65"
"5,3 : 83.02"
"5,4 : 18.79"
"5,5 : 0.0"
"5,6 : 26.93"
"5,7 : 73.41"
"5,8 : 63.95"
"5,9 : 39.05"
"5,10 : 90.43"
"5,11 : 12.81"
"5,12 : 47.85"
"5,13 : 38.64"
"5,14 : 85.6"
"5,15 : 23.32"
"5,16 : 58.52"
"5,17 : 73.33"
"5,18 : 87.32"
"5,19 : 97.51"
"5,20 : 56.04"
"5,21 : 100.22"
"5,22 : 44.28"
"5,23 : 66.85"
"5,24 : 37.0"
"5,25 : 96.02"
"5,26 : 55.97"
"5,27 : 23.02"
"5,28 : 27.66"
"5,29 : 97.64"
"5,30 : 27.66"
"5,31 : 62.77"
"5,32 : 37.01"
"5,33 : 38.9"
"5,34 : 43.0"
"5,35 : 82.39"
"5,36 : 65.12"
"5,37 : 96.88"
"5,38 : 31.4"
"5,39 : 98.18"
"5,40 : 78.72"
"5,41 : 90.01"
"5,42 : 113.53"
"5,43 : 34.48"
"5,44 : 56.08"
"5,45 : 72.0"
"5,46 : 15.81"
"5,47 : 88.07"
"5,48 : 59.51"
"5,49 : 109.77"
"6,0 : 33.73"
"6,1 : 61.19"
"6,2 : 24.0"
"6,3 : 61.47"
"6,4 : 31.91"
"6,5 : 26.93"
"6,6 : 0.0"
"6,7 : 77.16"
"6,8 : 67.12"
"6,9 : 16.12"
"6,10 : 69.08"
"6,11 : 15.13"
"6,12 : 53.15"
"6,13 : 51.26"
"6,14 : 82.54"
"6,15 : 5.39"
"6,16 : 42.43"
"6,17 : 48.09"
"6,18 : 71.06"
"6,19 : 76.97"
"6,20 : 64.78"
"6,21 : 79.31"
"6,22 : 32.65"
"6,23 : 72.0"
"6,24 : 53.24"
"6,25 : 72.01"
"6,26 : 63.39"
"6,27 : 27.29"
"6,28 : 41.59"
"6,29 : 84.96"
"6,30 : 25.5"
"6,31 : 68.01"
"6,32 : 16.28"
"6,33 : 17.26"
"6,34 : 20.59"
"6,35 : 57.04"
"6,36 : 44.78"
"6,37 : 75.77"
"6,38 : 9.0"
"6,39 : 74.73"
"6,40 : 63.66"
"6,41 : 65.92"
"6,42 : 99.72"
"6,43 : 45.54"
"6,44 : 31.78"
"6,45 : 48.05"
"6,46 : 11.18"
"6,47 : 61.66"
"6,48 : 64.0"
"6,49 : 95.52"
"7,0 : 88.54"
"7,1 : 18.38"
"7,2 : 53.24"
"7,3 : 74.97"
"7,4 : 54.63"
"7,5 : 73.41"
"7,6 : 77.16"
"7,7 : 0.0"
"7,8 : 10.05"
"7,9 : 69.58"
"7,10 : 77.99"
"7,11 : 77.62"
"7,12 : 25.63"
"7,13 : 37.01"
"7,14 : 22.02"
"7,15 : 79.63"
"7,16 : 53.24"
"7,17 : 85.59"
"7,18 : 59.36"
"7,19 : 79.06"
"7,20 : 19.85"
"7,21 : 82.1"
"7,22 : 49.03"
"7,23 : 7.07"
"7,24 : 42.43"
"7,25 : 92.63"
"7,26 : 18.44"
"7,27 : 94.56"
"7,28 : 46.65"
"7,29 : 53.85"
"7,30 : 97.02"
"7,31 : 10.82"
"7,32 : 66.37"
"7,33 : 94.02"
"7,34 : 68.25"
"7,35 : 91.26"
"7,36 : 64.66"
"7,37 : 80.8"
"7,38 : 86.15"
"7,39 : 91.35"
"7,40 : 52.63"
"7,41 : 89.2"
"7,42 : 67.48"
"7,43 : 39.45"
"7,44 : 74.67"
"7,45 : 79.08"
"7,46 : 73.55"
"7,47 : 102.63"
"7,48 : 13.93"
"7,49 : 66.1"
"8,0 : 79.48"
"8,1 : 10.63"
"8,2 : 43.19"
"8,3 : 68.88"
"8,4 : 45.18"
"8,5 : 63.95"
"8,6 : 67.12"
"8,7 : 10.05"
"8,8 : 0.0"
"8,9 : 59.84"
"8,10 : 72.67"
"8,11 : 67.72"
"8,12 : 16.12"
"8,13 : 29.07"
"8,14 : 25.5"
"8,15 : 69.58"
"8,16 : 45.22"
"8,17 : 77.67"
"8,18 : 55.54"
"8,19 : 74.71"
"8,20 : 14.32"
"8,21 : 77.83"
"8,22 : 39.56"
"8,23 : 6.4"
"8,24 : 35.23"
"8,25 : 86.68"
"8,26 : 11.7"
"8,27 : 84.76"
"8,28 : 37.8"
"8,29 : 53.15"
"8,30 : 87.09"
"8,31 : 5.1"
"8,32 : 56.57"
"8,33 : 84.01"
"8,34 : 58.69"
"8,35 : 83.87"
"8,36 : 57.01"
"8,37 : 76.16"
"8,38 : 76.11"
"8,39 : 85.8"
"8,40 : 47.89"
"8,41 : 82.81"
"8,42 : 68.03"
"8,43 : 30.61"
"8,44 : 65.8"
"8,45 : 71.4"
"8,46 : 63.56"
"8,47 : 95.0"
"8,48 : 5.0"
"8,49 : 66.03"
"9,0 : 24.21"
"9,1 : 52.04"
"9,2 : 21.26"
"9,3 : 45.54"
"9,4 : 36.36"
"9,5 : 39.05"
"9,6 : 16.12"
"9,7 : 69.58"
"9,8 : 59.84"
"9,9 : 0.0"
"9,10 : 53.14"
"9,11 : 29.61"
"9,12 : 48.47"
"9,13 : 51.22"
"9,14 : 71.2"
"9,15 : 21.47"
"9,16 : 27.2"
"9,17 : 34.37"
"9,18 : 55.23"
"9,19 : 60.93"
"9,20 : 60.93"
"9,21 : 63.32"
"9,22 : 21.02"
"9,23 : 65.51"
"9,24 : 55.15"
"9,25 : 57.14"
"9,26 : 58.87"
"9,27 : 43.42"
"9,28 : 43.93"
"9,29 : 69.81"
"9,30 : 41.4"
"9,31 : 61.85"
"9,32 : 3.61"
"9,33 : 27.31"
"9,34 : 4.47"
"9,35 : 43.42"
"9,36 : 28.65"
"9,37 : 59.81"
"9,38 : 22.02"
"9,39 : 59.54"
"9,40 : 48.17"
"9,41 : 51.09"
"9,42 : 84.17"
"9,43 : 45.45"
"9,44 : 17.03"
"9,45 : 33.06"
"9,46 : 24.19"
"9,47 : 49.98"
"9,48 : 57.72"
"9,49 : 79.91"
"10,0 : 45.28"
"10,1 : 62.13"
"10,2 : 64.03"
"10,3 : 7.62"
"10,4 : 81.01"
"10,5 : 90.43"
"10,6 : 69.08"
"10,7 : 77.99"
"10,8 : 72.67"
"10,9 : 53.14"
"10,10 : 0.0"
"10,11 : 82.57"
"10,12 : 73.16"
"10,13 : 84.9"
"10,14 : 63.82"
"10,15 : 74.46"
"10,16 : 34.23"
"10,17 : 28.02"
"10,18 : 21.02"
"10,19 : 8.49"
"10,20 : 83.19"
"10,21 : 10.3"
"10,22 : 49.09"
"10,23 : 78.82"
"10,24 : 91.44"
"10,25 : 15.65"
"10,26 : 80.06"
"10,27 : 96.25"
"10,28 : 83.73"
"10,29 : 37.66"
"10,30 : 93.48"
"10,31 : 77.39"
"10,32 : 54.12"
"10,33 : 74.63"
"10,34 : 48.7"
"10,35 : 25.0"
"10,36 : 25.32"
"10,37 : 6.71"
"10,38 : 72.95"
"10,39 : 13.45"
"10,40 : 25.46"
"10,41 : 15.03"
"10,42 : 43.74"
"10,43 : 80.81"
"10,44 : 38.08"
"10,45 : 23.35"
"10,46 : 76.92"
"10,47 : 35.13"
"10,48 : 74.43"
"10,49 : 39.46"
"11,0 : 48.84"
"11,1 : 63.98"
"11,2 : 26.63"
"11,3 : 75.0"
"11,4 : 25.08"
"11,5 : 12.81"
"11,6 : 15.13"
"11,7 : 77.62"
"11,8 : 67.72"
"11,9 : 29.61"
"11,10 : 82.57"
"11,11 : 0.0"
"11,12 : 52.17"
"11,13 : 46.1"
"11,14 : 86.83"
"11,15 : 10.77"
"11,16 : 53.0"
"11,17 : 63.01"
"11,18 : 82.15"
"11,19 : 90.14"
"11,20 : 62.2"
"11,21 : 92.66"
"11,22 : 40.36"
"11,23 : 71.59"
"11,24 : 46.1"
"11,25 : 86.58"
"11,26 : 61.52"
"11,27 : 17.49"
"11,28 : 35.23"
"11,29 : 94.37"
"11,30 : 19.42"
"11,31 : 67.47"
"11,32 : 28.46"
"11,33 : 26.17"
"11,34 : 33.96"
"11,35 : 72.0"
"11,36 : 57.58"
"11,37 : 89.19"
"11,38 : 18.6"
"11,39 : 89.11"
"11,40 : 74.06"
"11,41 : 80.5"
"11,42 : 109.81"
"11,43 : 41.0"
"11,44 : 46.27"
"11,45 : 62.51"
"11,46 : 5.83"
"11,47 : 76.79"
"11,48 : 63.79"
"11,49 : 105.8"
"12,0 : 70.49"
"12,1 : 17.46"
"12,2 : 29.27"
"12,3 : 67.98"
"12,4 : 29.07"
"12,5 : 47.85"
"12,6 : 53.15"
"12,7 : 25.63"
"12,8 : 16.12"
"12,9 : 48.47"
"12,10 : 73.16"
"12,11 : 52.17"
"12,12 : 0.0"
"12,13 : 14.87"
"12,14 : 39.82"
"12,15 : 55.01"
"12,16 : 41.05"
"12,17 : 72.14"
"12,18 : 59.54"
"12,19 : 76.92"
"12,20 : 12.53"
"12,21 : 80.08"
"12,22 : 30.61"
"12,23 : 19.42"
"12,24 : 21.84"
"12,25 : 85.48"
"12,26 : 10.44"
"12,27 : 68.96"
"12,28 : 21.93"
"12,29 : 61.81"
"12,30 : 71.59"
"12,31 : 15.3"
"12,32 : 44.94"
"12,33 : 70.35"
"12,34 : 48.3"
"12,35 : 79.51"
"12,36 : 53.01"
"12,37 : 77.79"
"12,38 : 62.13"
"12,39 : 85.43"
"12,40 : 50.8"
"12,41 : 80.78"
"12,42 : 77.67"
"12,43 : 14.87"
"12,44 : 57.8"
"12,45 : 66.71"
"12,46 : 48.37"
"12,47 : 89.83"
"12,48 : 11.7"
"12,49 : 74.97"
"13,0 : 75.01"
"13,1 : 32.31"
"13,2 : 30.0"
"13,3 : 79.06"
"13,4 : 21.02"
"13,5 : 38.64"
"13,6 : 51.26"
"13,7 : 37.01"
"13,8 : 29.07"
"13,9 : 51.22"
"13,10 : 84.9"
"13,11 : 46.1"
"13,12 : 14.87"
"13,13 : 0.0"
"13,14 : 54.08"
"13,15 : 51.66"
"13,16 : 51.26"
"13,17 : 79.88"
"13,18 : 73.06"
"13,19 : 89.44"
"13,20 : 17.89"
"13,21 : 92.57"
"13,22 : 38.08"
"13,23 : 30.0"
"13,24 : 7.07"
"13,25 : 96.01"
"13,26 : 18.6"
"13,27 : 61.29"
"13,28 : 11.05"
"13,29 : 76.49"
"13,30 : 65.01"
"13,31 : 26.25"
"13,32 : 47.63"
"13,33 : 68.31"
"13,34 : 52.35"
"13,35 : 87.98"
"13,36 : 62.65"
"13,37 : 90.03"
"13,38 : 59.77"
"13,39 : 96.46"
"13,40 : 64.12"
"13,41 : 90.87"
"13,42 : 92.42"
"13,43 : 5.83"
"13,44 : 63.89"
"13,45 : 75.29"
"13,46 : 43.74"
"13,47 : 97.42"
"13,48 : 24.08"
"13,49 : 89.63"
"14,0 : 85.21"
"14,1 : 23.43"
"14,2 : 60.37"
"14,3 : 62.65"
"14,4 : 67.36"
"14,5 : 85.6"
"14,6 : 82.54"
"14,7 : 22.02"
"14,8 : 25.5"
"14,9 : 71.2"
"14,10 : 63.82"
"14,11 : 86.83"
"14,12 : 39.82"
"14,13 : 54.08"
"14,14 : 0.0"
"14,15 : 86.16"
"14,16 : 48.09"
"14,17 : 77.88"
"14,18 : 43.28"
"14,19 : 62.97"
"14,20 : 39.56"
"14,21 : 65.76"
"14,22 : 50.45"
"14,23 : 27.66"
"14,24 : 60.54"
"14,25 : 79.32"
"14,26 : 37.16"
"14,27 : 104.32"
"14,28 : 61.62"
"14,29 : 33.54"
"14,30 : 105.55"
"14,31 : 29.73"
"14,32 : 68.66"
"14,33 : 97.98"
"14,34 : 68.59"
"14,35 : 81.71"
"14,36 : 57.27"
"14,37 : 65.19"
"14,38 : 91.09"
"14,39 : 77.2"
"14,40 : 38.95"
"14,41 : 77.03"
"14,42 : 45.89"
"14,43 : 54.67"
"14,44 : 71.11"
"14,45 : 70.88"
"14,46 : 81.84"
"14,47 : 93.41"
"14,48 : 30.41"
"14,49 : 44.92"
"15,0 : 38.33"
"15,1 : 64.29"
"15,2 : 26.48"
"15,3 : 66.85"
"15,4 : 31.38"
"15,5 : 23.32"
"15,6 : 5.39"
"15,7 : 79.63"
"15,8 : 69.58"
"15,9 : 21.47"
"15,10 : 74.46"
"15,11 : 10.77"
"15,12 : 55.01"
"15,13 : 51.66"
"15,14 : 86.16"
"15,15 : 0.0"
"15,16 : 47.42"
"15,17 : 53.24"
"15,18 : 76.22"
"15,19 : 82.35"
"15,20 : 66.19"
"15,21 : 84.69"
"15,22 : 36.89"
"15,23 : 74.17"
"15,24 : 52.92"
"15,25 : 77.28"
"15,26 : 65.03"
"15,27 : 21.95"
"15,28 : 41.44"
"15,29 : 89.83"
"15,30 : 20.52"
"15,31 : 70.11"
"15,32 : 21.4"
"15,33 : 17.0"
"15,34 : 25.94"
"15,35 : 62.13"
"15,36 : 50.12"
"15,37 : 81.15"
"15,38 : 8.6"
"15,39 : 80.05"
"15,40 : 68.68"
"15,41 : 71.2"
"15,42 : 104.74"
"15,43 : 46.1"
"15,44 : 37.11"
"15,45 : 53.37"
"15,46 : 8.6"
"15,47 : 66.37"
"15,48 : 66.19"
"15,49 : 100.57"
"16,0 : 37.12"
"16,1 : 34.99"
"16,2 : 30.59"
"16,3 : 27.89"
"16,4 : 47.1"
"16,5 : 58.52"
"16,6 : 42.43"
"16,7 : 53.24"
"16,8 : 45.22"
"16,9 : 27.2"
"16,10 : 34.23"
"16,11 : 53.0"
"16,12 : 41.05"
"16,13 : 51.26"
"16,14 : 48.09"
"16,15 : 47.42"
"16,16 : 0.0"
"16,17 : 32.45"
"16,18 : 29.15"
"16,19 : 40.05"
"16,20 : 52.5"
"16,21 : 43.01"
"16,22 : 15.03"
"16,23 : 51.61"
"16,24 : 57.57"
"16,25 : 44.78"
"16,26 : 49.58"
"16,27 : 69.03"
"16,28 : 49.5"
"16,29 : 42.64"
"16,30 : 67.9"
"16,31 : 49.04"
"16,32 : 26.17"
"16,33 : 54.2"
"16,34 : 23.32"
"16,35 : 38.9"
"16,36 : 12.04"
"16,37 : 40.01"
"16,38 : 49.2"
"16,39 : 45.22"
"16,40 : 21.26"
"16,41 : 39.82"
"16,42 : 57.31"
"16,43 : 46.84"
"16,44 : 23.02"
"16,45 : 26.25"
"16,46 : 47.17"
"16,47 : 49.82"
"16,48 : 45.34"
"16,49 : 53.15"
"17,0 : 18.03"
"17,1 : 67.42"
"17,2 : 52.39"
"17,3 : 21.93"
"17,4 : 69.29"
"17,5 : 73.33"
"17,6 : 48.09"
"17,7 : 85.59"
"17,8 : 77.67"
"17,9 : 34.37"
"17,10 : 28.02"
"17,11 : 63.01"
"17,12 : 72.14"
"17,13 : 79.88"
"17,14 : 77.88"
"17,15 : 53.24"
"17,16 : 32.45"
"17,17 : 0.0"
"17,18 : 42.58"
"17,19 : 36.4"
"17,20 : 84.17"
"17,21 : 37.54"
"17,22 : 42.01"
"17,23 : 84.05"
"17,24 : 85.23"
"17,25 : 24.7"
"17,26 : 81.39"
"17,27 : 73.76"
"17,28 : 75.13"
"17,29 : 60.67"
"17,30 : 69.92"
"17,31 : 81.4"
"17,32 : 36.88"
"17,33 : 49.24"
"17,34 : 30.81"
"17,35 : 9.06"
"17,36 : 21.02"
"17,37 : 34.06"
"17,38 : 49.48"
"17,39 : 28.18"
"17,40 : 41.05"
"17,41 : 18.79"
"17,42 : 70.23"
"17,43 : 74.63"
"17,44 : 17.46"
"17,45 : 7.07"
"17,46 : 58.03"
"17,47 : 17.69"
"17,48 : 77.62"
"17,49 : 65.79"
"18,0 : 56.46"
"18,1 : 45.54"
"18,2 : 58.87"
"18,3 : 22.09"
"18,4 : 74.22"
"18,5 : 87.32"
"18,6 : 71.06"
"18,7 : 59.36"
"18,8 : 55.54"
"18,9 : 55.23"
"18,10 : 21.02"
"18,11 : 82.15"
"18,12 : 59.54"
"18,13 : 73.06"
"18,14 : 43.28"
"18,15 : 76.22"
"18,16 : 29.15"
"18,17 : 42.58"
"18,18 : 0.0"
"18,19 : 19.85"
"18,20 : 67.72"
"18,21 : 22.8"
"18,22 : 43.08"
"18,23 : 61.27"
"18,24 : 80.02"
"18,25 : 36.67"
"18,26 : 64.56"
"18,27 : 98.01"
"18,28 : 74.43"
"18,29 : 18.11"
"18,30 : 96.54"
"18,31 : 60.54"
"18,32 : 54.82"
"18,33 : 80.92"
"18,34 : 50.93"
"18,35 : 43.05"
"18,36 : 28.02"
"18,37 : 21.93"
"18,38 : 77.08"
"18,39 : 34.13"
"18,40 : 9.06"
"18,41 : 35.44"
"18,42 : 29.41"
"18,43 : 70.03"
"18,44 : 44.94"
"18,45 : 35.9"
"18,46 : 76.32"
"18,47 : 54.33"
"18,48 : 58.19"
"18,49 : 25.0"
"19,0 : 53.76"
"19,1 : 64.4"
"19,2 : 70.46"
"19,3 : 15.81"
"19,4 : 87.14"
"19,5 : 97.51"
"19,6 : 76.97"
"19,7 : 79.06"
"19,8 : 74.71"
"19,9 : 60.93"
"19,10 : 8.49"
"19,11 : 90.14"
"19,12 : 76.92"
"19,13 : 89.44"
"19,14 : 62.97"
"19,15 : 82.35"
"19,16 : 40.05"
"19,17 : 36.4"
"19,18 : 19.85"
"19,19 : 0.0"
"19,20 : 86.16"
"19,21 : 3.16"
"19,22 : 55.08"
"19,23 : 80.62"
"19,24 : 96.18"
"19,25 : 20.02"
"19,26 : 83.01"
"19,27 : 104.22"
"19,28 : 89.14"
"19,29 : 33.62"
"19,30 : 101.6"
"19,31 : 79.61"
"19,32 : 61.68"
"19,33 : 83.01"
"19,34 : 56.46"
"19,35 : 32.7"
"19,36 : 32.57"
"19,37 : 3.0"
"19,38 : 81.12"
"19,39 : 16.28"
"19,40 : 26.83"
"19,41 : 21.59"
"19,42 : 37.05"
"19,43 : 85.71"
"19,44 : 46.32"
"19,45 : 31.83"
"19,46 : 84.43"
"19,47 : 41.98"
"19,48 : 76.97"
"19,49 : 33.0"
"20,0 : 83.01"
"20,1 : 22.36"
"20,2 : 41.23"
"20,3 : 78.55"
"20,4 : 37.66"
"20,5 : 56.04"
"20,6 : 64.78"
"20,7 : 19.85"
"20,8 : 14.32"
"20,9 : 60.93"
"20,10 : 83.19"
"20,11 : 62.2"
"20,12 : 12.53"
"20,13 : 17.89"
"20,14 : 39.56"
"20,15 : 66.19"
"20,16 : 52.5"
"20,17 : 84.17"
"20,18 : 67.72"
"20,19 : 86.16"
"20,20 : 0.0"
"20,21 : 89.32"
"20,22 : 43.01"
"20,23 : 12.81"
"20,24 : 22.67"
"20,25 : 96.25"
"20,26 : 3.16"
"20,27 : 78.26"
"20,28 : 28.46"
"20,29 : 67.01"
"20,30 : 81.5"
"20,31 : 9.85"
"20,32 : 57.38"
"20,33 : 82.04"
"20,34 : 60.83"
"20,35 : 91.29"
"20,36 : 64.54"
"20,37 : 87.32"
"20,38 : 73.68"
"20,39 : 95.88"
"20,40 : 59.46"
"20,41 : 91.84"
"20,42 : 82.15"
"20,43 : 21.59"
"20,44 : 70.21"
"20,45 : 78.52"
"20,46 : 59.0"
"20,47 : 101.83"
"20,48 : 10.0"
"20,49 : 80.01"
"21,0 : 55.17"
"21,1 : 67.54"
"21,2 : 73.33"
"21,3 : 17.89"
"21,4 : 90.09"
"21,5 : 100.22"
"21,6 : 79.31"
"21,7 : 82.1"
"21,8 : 77.83"
"21,9 : 63.32"
"21,10 : 10.3"
"21,11 : 92.66"
"21,12 : 80.08"
"21,13 : 92.57"
"21,14 : 65.76"
"21,15 : 84.69"
"21,16 : 43.01"
"21,17 : 37.54"
"21,18 : 22.8"
"21,19 : 3.16"
"21,20 : 89.32"
"21,21 : 0.0"
"21,22 : 58.03"
"21,23 : 83.73"
"21,24 : 99.3"
"21,25 : 19.1"
"21,26 : 86.16"
"21,27 : 106.51"
"21,28 : 92.2"
"21,29 : 35.78"
"21,30 : 103.77"
"21,31 : 82.73"
"21,32 : 64.2"
"21,33 : 84.88"
"21,34 : 58.87"
"21,35 : 33.12"
"21,36 : 35.17"
"21,37 : 3.61"
"21,38 : 83.24"
"21,39 : 15.0"
"21,40 : 29.97"
"21,41 : 21.54"
"21,42 : 38.01"
"21,43 : 88.81"
"21,44 : 48.37"
"21,45 : 33.42"
"21,46 : 86.98"
"21,47 : 41.76"
"21,48 : 80.11"
"21,49 : 34.13"
"22,0 : 40.25"
"22,1 : 31.14"
"22,2 : 15.81"
"22,3 : 42.43"
"22,4 : 32.06"
"22,5 : 44.28"
"22,6 : 32.65"
"22,7 : 49.03"
"22,8 : 39.56"
"22,9 : 21.02"
"22,10 : 49.09"
"22,11 : 40.36"
"22,12 : 30.61"
"22,13 : 38.08"
"22,14 : 50.45"
"22,15 : 36.89"
"22,16 : 15.03"
"22,17 : 42.01"
"22,18 : 43.08"
"22,19 : 55.08"
"22,20 : 43.01"
"22,21 : 58.03"
"22,22 : 0.0"
"22,23 : 45.54"
"22,24 : 43.86"
"22,25 : 58.52"
"22,26 : 40.5"
"22,27 : 57.31"
"22,28 : 34.93"
"22,29 : 54.04"
"22,30 : 57.2"
"22,31 : 42.15"
"22,32 : 18.25"
"22,33 : 47.54"
"22,34 : 19.24"
"22,35 : 49.93"
"22,36 : 25.0"
"22,37 : 55.0"
"22,38 : 40.85"
"22,39 : 59.44"
"22,40 : 34.44"
"22,41 : 53.14"
"22,42 : 69.63"
"22,43 : 33.11"
"22,44 : 27.2"
"22,45 : 37.22"
"22,46 : 34.66"
"22,47 : 59.67"
"22,48 : 38.08"
"22,49 : 65.73"
"23,0 : 85.62"
"23,1 : 16.97"
"23,2 : 48.0"
"23,3 : 75.17"
"23,4 : 48.1"
"23,5 : 66.85"
"23,6 : 72.0"
"23,7 : 7.07"
"23,8 : 6.4"
"23,9 : 65.51"
"23,10 : 78.82"
"23,11 : 71.59"
"23,12 : 19.42"
"23,13 : 30.0"
"23,14 : 27.66"
"23,15 : 74.17"
"23,16 : 51.61"
"23,17 : 84.05"
"23,18 : 61.27"
"23,19 : 80.62"
"23,20 : 12.81"
"23,21 : 83.73"
"23,22 : 45.54"
"23,23 : 0.0"
"23,24 : 35.36"
"23,25 : 92.96"
"23,26 : 11.4"
"23,27 : 88.32"
"23,28 : 39.82"
"23,29 : 57.71"
"23,30 : 91.01"
"23,31 : 4.12"
"23,32 : 62.17"
"23,33 : 89.05"
"23,34 : 64.56"
"23,35 : 90.27"
"23,36 : 63.41"
"23,37 : 82.15"
"23,38 : 81.0"
"23,39 : 92.01"
"23,40 : 53.85"
"23,41 : 89.14"
"23,42 : 72.06"
"23,43 : 32.65"
"23,44 : 72.01"
"23,45 : 77.8"
"23,46 : 67.74"
"23,47 : 101.4"
"23,48 : 8.0"
"23,49 : 70.35"
"24,0 : 79.25"
"24,1 : 39.22"
"24,2 : 33.97"
"24,3 : 85.44"
"24,4 : 21.54"
"24,5 : 37.0"
"24,6 : 53.24"
"24,7 : 42.43"
"24,8 : 35.23"
"24,9 : 55.15"
"24,10 : 91.44"
"24,11 : 46.1"
"24,12 : 21.84"
"24,13 : 7.07"
"24,14 : 60.54"
"24,15 : 52.92"
"24,16 : 57.57"
"24,17 : 85.23"
"24,18 : 80.02"
"24,19 : 96.18"
"24,20 : 22.67"
"24,21 : 99.3"
"24,22 : 43.86"
"24,23 : 35.36"
"24,24 : 0.0"
"24,25 : 102.18"
"24,26 : 24.08"
"24,27 : 60.01"
"24,28 : 11.66"
"24,29 : 83.55"
"24,30 : 64.28"
"24,31 : 31.89"
"24,32 : 51.62"
"24,33 : 69.86"
"24,34 : 56.73"
"24,35 : 93.54"
"24,36 : 68.71"
"24,37 : 96.69"
"24,38 : 61.33"
"24,39 : 102.79"
"24,40 : 71.06"
"24,41 : 96.93"
"24,42 : 99.46"
"24,43 : 10.77"
"24,44 : 68.82"
"24,45 : 80.95"
"24,46 : 44.6"
"24,47 : 102.63"
"24,48 : 30.23"
"24,49 : 96.69"
"25,0 : 42.49"
"25,1 : 76.06"
"25,2 : 72.01"
"25,3 : 17.8"
"25,4 : 89.27"
"25,5 : 96.02"
"25,6 : 72.01"
"25,7 : 92.63"
"25,8 : 86.68"
"25,9 : 57.14"
"25,10 : 15.65"
"25,11 : 86.58"
"25,12 : 85.48"
"25,13 : 96.01"
"25,14 : 79.32"
"25,15 : 77.28"
"25,16 : 44.78"
"25,17 : 24.7"
"25,18 : 36.67"
"25,19 : 20.02"
"25,20 : 96.25"
"25,21 : 19.1"
"25,22 : 58.52"
"25,23 : 92.96"
"25,24 : 102.18"
"25,25 : 0.0"
"25,26 : 93.19"
"25,27 : 98.23"
"25,28 : 93.41"
"25,29 : 52.89"
"25,30 : 94.56"
"25,31 : 91.21"
"25,32 : 59.01"
"25,33 : 73.93"
"25,34 : 53.04"
"25,35 : 17.2"
"25,36 : 33.53"
"25,37 : 17.03"
"25,38 : 74.04"
"25,39 : 4.47"
"25,40 : 40.61"
"25,41 : 6.08"
"25,42 : 57.01"
"25,43 : 91.42"
"25,44 : 40.31"
"25,45 : 24.08"
"25,46 : 81.3"
"25,47 : 23.26"
"25,48 : 88.01"
"25,49 : 53.01"
"26,0 : 80.62"
"26,1 : 19.24"
"26,2 : 39.62"
"26,3 : 75.47"
"26,4 : 37.36"
"26,5 : 55.97"
"26,6 : 63.39"
"26,7 : 18.44"
"26,8 : 11.7"
"26,9 : 58.87"
"26,10 : 80.06"
"26,11 : 61.52"
"26,12 : 10.44"
"26,13 : 18.6"
"26,14 : 37.16"
"26,15 : 65.03"
"26,16 : 49.58"
"26,17 : 81.39"
"26,18 : 64.56"
"26,19 : 83.01"
"26,20 : 3.16"
"26,21 : 86.16"
"26,22 : 40.5"
"26,23 : 11.4"
"26,24 : 24.08"
"26,25 : 93.19"
"26,26 : 0.0"
"26,27 : 77.88"
"26,28 : 28.64"
"26,29 : 64.0"
"26,30 : 80.89"
"26,31 : 7.81"
"26,32 : 55.36"
"26,33 : 80.62"
"26,34 : 58.6"
"26,35 : 88.41"
"26,36 : 61.62"
"26,37 : 84.17"
"26,38 : 72.34"
"26,39 : 92.78"
"26,40 : 56.3"
"26,41 : 88.81"
"26,42 : 79.23"
"26,43 : 21.54"
"26,44 : 67.68"
"26,45 : 75.66"
"26,46 : 58.08"
"26,47 : 99.04"
"26,48 : 7.07"
"26,49 : 77.03"
"27,0 : 57.31"
"27,1 : 81.39"
"27,2 : 44.1"
"27,3 : 88.64"
"27,4 : 40.61"
"27,5 : 23.02"
"27,6 : 27.29"
"27,7 : 94.56"
"27,8 : 84.76"
"27,9 : 43.42"
"27,10 : 96.25"
"27,11 : 17.49"
"27,12 : 68.96"
"27,13 : 61.29"
"27,14 : 104.32"
"27,15 : 21.95"
"27,16 : 69.03"
"27,17 : 73.76"
"27,18 : 98.01"
"27,19 : 104.22"
"27,20 : 78.26"
"27,21 : 106.51"
"27,22 : 57.31"
"27,23 : 88.32"
"27,24 : 60.01"
"27,25 : 98.23"
"27,26 : 77.88"
"27,27 : 0.0"
"27,28 : 50.25"
"27,29 : 111.07"
"27,30 : 6.4"
"27,31 : 84.2"
"27,32 : 43.27"
"27,33 : 27.29"
"27,34 : 47.89"
"27,35 : 82.38"
"27,36 : 72.07"
"27,37 : 102.96"
"27,38 : 24.33"
"27,39 : 101.24"
"27,40 : 90.27"
"27,41 : 92.18"
"27,42 : 126.25"
"27,43 : 56.72"
"27,44 : 58.52"
"27,45 : 74.63"
"27,46 : 22.8"
"27,47 : 85.09"
"27,48 : 80.65"
"27,49 : 122.15"
"28,0 : 68.12"
"28,1 : 38.6"
"28,2 : 23.02"
"28,3 : 77.28"
"28,4 : 10.2"
"28,5 : 27.66"
"28,6 : 41.59"
"28,7 : 46.65"
"28,8 : 37.8"
"28,9 : 43.93"
"28,10 : 83.73"
"28,11 : 35.23"
"28,12 : 21.93"
"28,13 : 11.05"
"28,14 : 61.62"
"28,15 : 41.44"
"28,16 : 49.5"
"28,17 : 75.13"
"28,18 : 74.43"
"28,19 : 89.14"
"28,20 : 28.46"
"28,21 : 92.2"
"28,22 : 34.93"
"28,23 : 39.82"
"28,24 : 11.66"
"28,25 : 93.41"
"28,26 : 28.64"
"28,27 : 50.25"
"28,28 : 0.0"
"28,29 : 80.32"
"28,30 : 54.0"
"28,31 : 35.85"
"28,32 : 40.46"
"28,33 : 58.31"
"28,34 : 45.8"
"28,35 : 83.67"
"28,36 : 59.91"
"28,37 : 89.36"
"28,38 : 49.77"
"28,39 : 94.37"
"28,40 : 65.38"
"28,41 : 87.93"
"28,42 : 96.46"
"28,43 : 7.21"
"28,44 : 58.31"
"28,45 : 71.31"
"28,46 : 33.24"
"28,47 : 92.28"
"28,48 : 33.02"
"28,49 : 93.3"
"29,0 : 74.0"
"29,1 : 45.1"
"29,2 : 69.07"
"29,3 : 40.0"
"29,4 : 82.29"
"29,5 : 97.64"
"29,6 : 84.96"
"29,7 : 53.85"
"29,8 : 53.15"
"29,9 : 69.81"
"29,10 : 37.66"
"29,11 : 94.37"
"29,12 : 61.81"
"29,13 : 76.49"
"29,14 : 33.54"
"29,15 : 89.83"
"29,16 : 42.64"
"29,17 : 60.67"
"29,18 : 18.11"
"29,19 : 33.62"
"29,20 : 67.01"
"29,21 : 35.78"
"29,22 : 54.04"
"29,23 : 57.71"
"29,24 : 83.55"
"29,25 : 52.89"
"29,26 : 64.0"
"29,27 : 111.07"
"29,28 : 80.32"
"29,29 : 0.0"
"29,30 : 110.34"
"29,31 : 58.22"
"29,32 : 68.77"
"29,33 : 96.52"
"29,34 : 65.8"
"29,35 : 61.0"
"29,36 : 44.78"
"29,37 : 36.4"
"29,38 : 91.83"
"29,39 : 49.65"
"29,40 : 21.95"
"29,41 : 52.61"
"29,42 : 16.16"
"29,43 : 74.73"
"29,44 : 61.74"
"29,45 : 53.94"
"29,46 : 88.62"
"29,47 : 72.11"
"29,48 : 57.01"
"29,49 : 13.15"
"30,0 : 52.95"
"30,1 : 83.01"
"30,2 : 45.19"
"30,3 : 85.88"
"30,4 : 44.05"
"30,5 : 27.66"
"30,6 : 25.5"
"30,7 : 97.02"
"30,8 : 87.09"
"30,9 : 41.4"
"30,10 : 93.48"
"30,11 : 19.42"
"30,12 : 71.59"
"30,13 : 65.01"
"30,14 : 105.55"
"30,15 : 20.52"
"30,16 : 67.9"
"30,17 : 69.92"
"30,18 : 96.54"
"30,19 : 101.6"
"30,20 : 81.5"
"30,21 : 103.77"
"30,22 : 57.2"
"30,23 : 91.01"
"30,24 : 64.28"
"30,25 : 94.56"
"30,26 : 80.89"
"30,27 : 6.4"
"30,28 : 54.0"
"30,29 : 110.34"
"30,30 : 0.0"
"30,31 : 86.88"
"30,32 : 41.77"
"30,33 : 22.0"
"30,34 : 45.8"
"30,35 : 78.34"
"30,36 : 69.89"
"30,37 : 100.18"
"30,38 : 20.62"
"30,39 : 97.74"
"30,40 : 89.14"
"30,41 : 88.54"
"30,42 : 125.21"
"30,43 : 60.13"
"30,44 : 55.46"
"30,45 : 71.31"
"30,46 : 23.77"
"30,47 : 80.4"
"30,48 : 83.2"
"30,49 : 121.02"
"31,0 : 82.35"
"31,1 : 15.26"
"31,2 : 44.01"
"31,3 : 73.41"
"31,4 : 44.01"
"31,5 : 62.77"
"31,6 : 68.01"
"31,7 : 10.82"
"31,8 : 5.1"
"31,9 : 61.85"
"31,10 : 77.39"
"31,11 : 67.47"
"31,12 : 15.3"
"31,13 : 26.25"
"31,14 : 29.73"
"31,15 : 70.11"
"31,16 : 49.04"
"31,17 : 81.4"
"31,18 : 60.54"
"31,19 : 79.61"
"31,20 : 9.85"
"31,21 : 82.73"
"31,22 : 42.15"
"31,23 : 4.12"
"31,24 : 31.89"
"31,25 : 91.21"
"31,26 : 7.81"
"31,27 : 84.2"
"31,28 : 35.85"
"31,29 : 58.22"
"31,30 : 86.88"
"31,31 : 0.0"
"31,32 : 58.46"
"31,33 : 85.09"
"31,34 : 61.03"
"31,35 : 87.86"
"31,36 : 60.96"
"31,37 : 81.01"
"31,38 : 77.01"
"31,39 : 90.44"
"31,40 : 52.77"
"31,41 : 87.21"
"31,42 : 73.01"
"31,43 : 28.65"
"31,44 : 68.88"
"31,45 : 75.29"
"31,46 : 63.64"
"31,47 : 98.86"
"31,48 : 4.12"
"31,49 : 71.06"
"32,0 : 27.66"
"32,1 : 49.0"
"32,2 : 17.69"
"32,3 : 46.57"
"32,4 : 33.12"
"32,5 : 37.01"
"32,6 : 16.28"
"32,7 : 66.37"
"32,8 : 56.57"
"32,9 : 3.61"
"32,10 : 54.12"
"32,11 : 28.46"
"32,12 : 44.94"
"32,13 : 47.63"
"32,14 : 68.66"
"32,15 : 21.4"
"32,16 : 26.17"
"32,17 : 36.88"
"32,18 : 54.82"
"32,19 : 61.68"
"32,20 : 57.38"
"32,21 : 64.2"
"32,22 : 18.25"
"32,23 : 62.17"
"32,24 : 51.62"
"32,25 : 59.01"
"32,26 : 55.36"
"32,27 : 43.27"
"32,28 : 40.46"
"32,29 : 68.77"
"32,30 : 41.77"
"32,31 : 58.46"
"32,32 : 0.0"
"32,33 : 29.41"
"32,34 : 6.08"
"32,35 : 45.89"
"32,36 : 29.15"
"32,37 : 60.73"
"32,38 : 23.32"
"32,39 : 61.2"
"32,40 : 47.38"
"32,41 : 53.0"
"32,42 : 83.45"
"32,43 : 41.87"
"32,44 : 19.42"
"32,45 : 35.01"
"32,46 : 22.8"
"32,47 : 52.92"
"32,48 : 54.34"
"32,49 : 79.25"
"33,0 : 31.62"
"33,1 : 77.52"
"33,2 : 41.11"
"33,3 : 67.2"
"33,4 : 48.33"
"33,5 : 38.9"
"33,6 : 17.26"
"33,7 : 94.02"
"33,8 : 84.01"
"33,9 : 27.31"
"33,10 : 74.63"
"33,11 : 26.17"
"33,12 : 70.35"
"33,13 : 68.31"
"33,14 : 97.98"
"33,15 : 17.0"
"33,16 : 54.2"
"33,17 : 49.24"
"33,18 : 80.92"
"33,19 : 83.01"
"33,20 : 82.04"
"33,21 : 84.88"
"33,22 : 47.54"
"33,23 : 89.05"
"33,24 : 69.86"
"33,25 : 73.93"
"33,26 : 80.62"
"33,27 : 27.29"
"33,28 : 58.31"
"33,29 : 96.52"
"33,30 : 22.0"
"33,31 : 85.09"
"33,32 : 29.41"
"33,33 : 0.0"
"33,34 : 30.89"
"33,35 : 57.25"
"33,36 : 53.08"
"33,37 : 81.27"
"33,38 : 8.54"
"33,39 : 77.39"
"33,40 : 74.63"
"33,41 : 68.03"
"33,42 : 110.26"
"33,43 : 62.64"
"33,44 : 36.88"
"33,45 : 51.62"
"33,46 : 25.55"
"33,47 : 58.55"
"33,48 : 81.06"
"33,49 : 105.89"
"34,0 : 22.67"
"34,1 : 50.36"
"34,2 : 22.8"
"34,3 : 41.11"
"34,4 : 38.91"
"34,5 : 43.0"
"34,6 : 20.59"
"34,7 : 68.25"
"34,8 : 58.69"
"34,9 : 4.47"
"34,10 : 48.7"
"34,11 : 33.96"
"34,12 : 48.3"
"34,13 : 52.35"
"34,14 : 68.59"
"34,15 : 25.94"
"34,16 : 23.32"
"34,17 : 30.81"
"34,18 : 50.93"
"34,19 : 56.46"
"34,20 : 60.83"
"34,21 : 58.87"
"34,22 : 19.24"
"34,23 : 64.56"
"34,24 : 56.73"
"34,25 : 53.04"
"34,26 : 58.6"
"34,27 : 47.89"
"34,28 : 45.8"
"34,29 : 65.8"
"34,30 : 45.8"
"34,31 : 61.03"
"34,32 : 6.08"
"34,33 : 30.89"
"34,34 : 0.0"
"34,35 : 39.81"
"34,36 : 24.19"
"34,37 : 55.36"
"34,38 : 26.17"
"34,39 : 55.33"
"34,40 : 44.05"
"34,41 : 47.01"
"34,42 : 79.98"
"34,43 : 46.67"
"34,44 : 13.34"
"34,45 : 29.0"
"34,46 : 28.44"
"34,47 : 47.01"
"34,48 : 56.92"
"34,49 : 75.69"
"35,0 : 25.63"
"35,1 : 73.41"
"35,2 : 61.1"
"35,3 : 21.0"
"35,4 : 78.11"
"35,5 : 82.39"
"35,6 : 57.04"
"35,7 : 91.26"
"35,8 : 83.87"
"35,9 : 43.42"
"35,10 : 25.0"
"35,11 : 72.0"
"35,12 : 79.51"
"35,13 : 87.98"
"35,14 : 81.71"
"35,15 : 62.13"
"35,16 : 38.9"
"35,17 : 9.06"
"35,18 : 43.05"
"35,19 : 32.7"
"35,20 : 91.29"
"35,21 : 33.12"
"35,22 : 49.93"
"35,23 : 90.27"
"35,24 : 93.54"
"35,25 : 17.2"
"35,26 : 88.41"
"35,27 : 82.38"
"35,28 : 83.67"
"35,29 : 61.0"
"35,30 : 78.34"
"35,31 : 87.86"
"35,32 : 45.89"
"35,33 : 57.25"
"35,34 : 39.81"
"35,35 : 0.0"
"35,36 : 26.91"
"35,37 : 29.97"
"35,38 : 58.05"
"35,39 : 21.26"
"35,40 : 43.42"
"35,41 : 12.04"
"35,42 : 68.66"
"35,43 : 82.86"
"35,44 : 26.48"
"35,45 : 12.81"
"35,46 : 67.07"
"35,47 : 11.7"
"35,48 : 84.22"
"35,49 : 64.33"
"36,0 : 29.61"
"36,1 : 46.62"
"36,2 : 39.05"
"36,3 : 18.03"
"36,4 : 56.22"
"36,5 : 65.12"
"36,6 : 44.78"
"36,7 : 64.66"
"36,8 : 57.01"
"36,9 : 28.65"
"36,10 : 25.32"
"36,11 : 57.58"
"36,12 : 53.01"
"36,13 : 62.65"
"36,14 : 57.27"
"36,15 : 50.12"
"36,16 : 12.04"
"36,17 : 21.02"
"36,18 : 28.02"
"36,19 : 32.57"
"36,20 : 64.54"
"36,21 : 35.17"
"36,22 : 25.0"
"36,23 : 63.41"
"36,24 : 68.71"
"36,25 : 33.53"
"36,26 : 61.62"
"36,27 : 72.07"
"36,28 : 59.91"
"36,29 : 44.78"
"36,30 : 69.89"
"36,31 : 60.96"
"36,32 : 29.15"
"36,33 : 53.08"
"36,34 : 24.19"
"36,35 : 26.91"
"36,36 : 0.0"
"36,37 : 31.78"
"36,38 : 49.82"
"36,39 : 34.53"
"36,40 : 23.09"
"36,41 : 28.23"
"36,42 : 57.43"
"36,43 : 57.94"
"36,44 : 17.0"
"36,45 : 14.42"
"36,46 : 51.87"
"36,47 : 38.01"
"36,48 : 57.31"
"36,49 : 53.01"
"37,0 : 51.62"
"37,1 : 65.76"
"37,2 : 70.18"
"37,3 : 14.32"
"37,4 : 87.02"
"37,5 : 96.88"
"37,6 : 75.77"
"37,7 : 80.8"
"37,8 : 76.16"
"37,9 : 59.81"
"37,10 : 6.71"
"37,11 : 89.19"
"37,12 : 77.79"
"37,13 : 90.03"
"37,14 : 65.19"
"37,15 : 81.15"
"37,16 : 40.01"
"37,17 : 34.06"
"37,18 : 21.93"
"37,19 : 3.0"
"37,20 : 87.32"
"37,21 : 3.61"
"37,22 : 55.0"
"37,23 : 82.15"
"37,24 : 96.69"
"37,25 : 17.03"
"37,26 : 84.17"
"37,27 : 102.96"
"37,28 : 89.36"
"37,29 : 36.4"
"37,30 : 100.18"
"37,31 : 81.01"
"37,32 : 60.73"
"37,33 : 81.27"
"37,34 : 55.36"
"37,35 : 29.97"
"37,36 : 31.78"
"37,37 : 0.0"
"37,38 : 79.65"
"37,39 : 13.34"
"37,40 : 28.3"
"37,41 : 18.68"
"37,42 : 40.05"
"37,43 : 86.15"
"37,44 : 44.78"
"37,45 : 29.83"
"37,46 : 83.52"
"37,47 : 39.05"
"37,48 : 78.26"
"37,49 : 36.0"
"38,0 : 33.06"
"38,1 : 70.04"
"38,2 : 33.0"
"38,3 : 65.37"
"38,4 : 39.81"
"38,5 : 31.4"
"38,6 : 9.0"
"38,7 : 86.15"
"38,8 : 76.11"
"38,9 : 22.02"
"38,10 : 72.95"
"38,11 : 18.6"
"38,12 : 62.13"
"38,13 : 59.77"
"38,14 : 91.09"
"38,15 : 8.6"
"38,16 : 49.2"
"38,17 : 49.48"
"38,18 : 77.08"
"38,19 : 81.12"
"38,20 : 73.68"
"38,21 : 83.24"
"38,22 : 40.85"
"38,23 : 81.0"
"38,24 : 61.33"
"38,25 : 74.04"
"38,26 : 72.34"
"38,27 : 24.33"
"38,28 : 49.77"
"38,29 : 91.83"
"38,30 : 20.62"
"38,31 : 77.01"
"38,32 : 23.32"
"38,33 : 8.54"
"38,34 : 26.17"
"38,35 : 58.05"
"38,36 : 49.82"
"38,37 : 79.65"
"38,38 : 0.0"
"38,39 : 77.16"
"38,40 : 70.18"
"38,41 : 68.01"
"38,42 : 106.15"
"38,43 : 54.12"
"38,44 : 34.89"
"38,45 : 50.7"
"38,46 : 17.2"
"38,47 : 61.0"
"38,48 : 73.0"
"38,49 : 101.86"
"39,0 : 46.14"
"39,1 : 75.21"
"39,2 : 73.44"
"39,3 : 17.46"
"39,4 : 90.67"
"39,5 : 98.18"
"39,6 : 74.73"
"39,7 : 91.35"
"39,8 : 85.8"
"39,9 : 59.54"
"39,10 : 13.45"
"39,11 : 89.11"
"39,12 : 85.43"
"39,13 : 96.46"
"39,14 : 77.2"
"39,15 : 80.05"
"39,16 : 45.22"
"39,17 : 28.18"
"39,18 : 34.13"
"39,19 : 16.28"
"39,20 : 95.88"
"39,21 : 15.0"
"39,22 : 59.44"
"39,23 : 92.01"
"39,24 : 102.79"
"39,25 : 4.47"
"39,26 : 92.78"
"39,27 : 101.24"
"39,28 : 94.37"
"39,29 : 49.65"
"39,30 : 97.74"
"39,31 : 90.44"
"39,32 : 61.2"
"39,33 : 77.39"
"39,34 : 55.33"
"39,35 : 21.26"
"39,36 : 34.53"
"39,37 : 13.34"
"39,38 : 77.16"
"39,39 : 0.0"
"39,40 : 38.9"
"39,41 : 9.43"
"39,42 : 53.01"
"39,43 : 92.05"
"39,44 : 42.95"
"39,45 : 26.68"
"39,46 : 83.73"
"39,47 : 27.73"
"39,48 : 87.37"
"39,49 : 49.09"
"40,0 : 52.63"
"40,1 : 37.58"
"40,2 : 50.16"
"40,3 : 23.71"
"40,4 : 65.25"
"40,5 : 78.72"
"40,6 : 63.66"
"40,7 : 52.63"
"40,8 : 47.89"
"40,9 : 48.17"
"40,10 : 25.46"
"40,11 : 74.06"
"40,12 : 50.8"
"40,13 : 64.12"
"40,14 : 38.95"
"40,15 : 68.68"
"40,16 : 21.26"
"40,17 : 41.05"
"40,18 : 9.06"
"40,19 : 26.83"
"40,20 : 59.46"
"40,21 : 29.97"
"40,22 : 34.44"
"40,23 : 53.85"
"40,24 : 71.06"
"40,25 : 40.61"
"40,26 : 56.3"
"40,27 : 90.27"
"40,28 : 65.38"
"40,29 : 21.95"
"40,30 : 89.14"
"40,31 : 52.77"
"40,32 : 47.38"
"40,33 : 74.63"
"40,34 : 44.05"
"40,35 : 43.42"
"40,36 : 23.09"
"40,37 : 28.3"
"40,38 : 70.18"
"40,39 : 38.9"
"40,40 : 0.0"
"40,41 : 38.08"
"40,42 : 36.07"
"40,43 : 61.01"
"40,44 : 39.92"
"40,45 : 34.01"
"40,46 : 68.24"
"40,47 : 55.08"
"40,48 : 50.16"
"40,49 : 31.89"
"41,0 : 36.72"
"41,1 : 72.18"
"41,2 : 66.29"
"41,3 : 14.42"
"41,4 : 83.55"
"41,5 : 90.01"
"41,6 : 65.92"
"41,7 : 89.2"
"41,8 : 82.81"
"41,9 : 51.09"
"41,10 : 15.03"
"41,11 : 80.5"
"41,12 : 80.78"
"41,13 : 90.87"
"41,14 : 77.03"
"41,15 : 71.2"
"41,16 : 39.82"
"41,17 : 18.79"
"41,18 : 35.44"
"41,19 : 21.59"
"41,20 : 91.84"
"41,21 : 21.54"
"41,22 : 53.14"
"41,23 : 89.14"
"41,24 : 96.93"
"41,25 : 6.08"
"41,26 : 88.81"
"41,27 : 92.18"
"41,28 : 87.93"
"41,29 : 52.61"
"41,30 : 88.54"
"41,31 : 87.21"
"41,32 : 53.0"
"41,33 : 68.03"
"41,34 : 47.01"
"41,35 : 12.04"
"41,36 : 28.23"
"41,37 : 18.68"
"41,38 : 68.01"
"41,39 : 9.43"
"41,40 : 38.08"
"41,41 : 0.0"
"41,42 : 58.42"
"41,43 : 86.16"
"41,44 : 34.23"
"41,45 : 18.03"
"41,46 : 75.24"
"41,47 : 20.4"
"41,48 : 83.87"
"41,49 : 54.23"
"42,0 : 85.42"
"42,1 : 60.67"
"42,2 : 84.91"
"42,3 : 48.38"
"42,4 : 98.41"
"42,5 : 113.53"
"42,6 : 99.72"
"42,7 : 67.48"
"42,8 : 68.03"
"42,9 : 84.17"
"42,10 : 43.74"
"42,11 : 109.81"
"42,12 : 77.67"
"42,13 : 92.42"
"42,14 : 45.89"
"42,15 : 104.74"
"42,16 : 57.31"
"42,17 : 70.23"
"42,18 : 29.41"
"42,19 : 37.05"
"42,20 : 82.15"
"42,21 : 38.01"
"42,22 : 69.63"
"42,23 : 72.06"
"42,24 : 99.46"
"42,25 : 57.01"
"42,26 : 79.23"
"42,27 : 126.25"
"42,28 : 96.46"
"42,29 : 16.16"
"42,30 : 125.21"
"42,31 : 73.01"
"42,32 : 83.45"
"42,33 : 110.26"
"42,34 : 79.98"
"42,35 : 68.66"
"42,36 : 57.43"
"42,37 : 40.05"
"42,38 : 106.15"
"42,39 : 53.01"
"42,40 : 36.07"
"42,41 : 58.42"
"42,42 : 0.0"
"42,43 : 90.8"
"42,44 : 74.33"
"42,45 : 64.08"
"42,46 : 104.02"
"42,47 : 78.77"
"42,48 : 72.17"
"42,49 : 4.47"
"43,0 : 69.31"
"43,1 : 31.91"
"43,2 : 24.21"
"43,3 : 74.73"
"43,4 : 16.12"
"43,5 : 34.48"
"43,6 : 45.54"
"43,7 : 39.45"
"43,8 : 30.61"
"43,9 : 45.45"
"43,10 : 80.81"
"43,11 : 41.0"
"43,12 : 14.87"
"43,13 : 5.83"
"43,14 : 54.67"
"43,15 : 46.1"
"43,16 : 46.84"
"43,17 : 74.63"
"43,18 : 70.03"
"43,19 : 85.71"
"43,20 : 21.59"
"43,21 : 88.81"
"43,22 : 33.11"
"43,23 : 32.65"
"43,24 : 10.77"
"43,25 : 91.42"
"43,26 : 21.54"
"43,27 : 56.72"
"43,28 : 7.21"
"43,29 : 74.73"
"43,30 : 60.13"
"43,31 : 28.65"
"43,32 : 41.87"
"43,33 : 62.64"
"43,34 : 46.67"
"43,35 : 82.86"
"43,36 : 57.94"
"43,37 : 86.15"
"43,38 : 54.12"
"43,39 : 92.05"
"43,40 : 61.01"
"43,41 : 86.16"
"43,42 : 90.8"
"43,43 : 0.0"
"43,44 : 58.41"
"43,45 : 70.24"
"43,46 : 38.33"
"43,47 : 92.09"
"43,48 : 25.81"
"43,49 : 87.8"
"44,0 : 14.14"
"44,1 : 56.3"
"44,2 : 35.36"
"44,3 : 30.53"
"44,4 : 52.0"
"44,5 : 56.08"
"44,6 : 31.78"
"44,7 : 74.67"
"44,8 : 65.8"
"44,9 : 17.03"
"44,10 : 38.08"
"44,11 : 46.27"
"44,12 : 57.8"
"44,13 : 63.89"
"44,14 : 71.11"
"44,15 : 37.11"
"44,16 : 23.02"
"44,17 : 17.46"
"44,18 : 44.94"
"44,19 : 46.32"
"44,20 : 70.21"
"44,21 : 48.37"
"44,22 : 27.2"
"44,23 : 72.01"
"44,24 : 68.82"
"44,25 : 40.31"
"44,26 : 67.68"
"44,27 : 58.52"
"44,28 : 58.31"
"44,29 : 61.74"
"44,30 : 55.46"
"44,31 : 68.88"
"44,32 : 19.42"
"44,33 : 36.88"
"44,34 : 13.34"
"44,35 : 26.48"
"44,36 : 17.0"
"44,37 : 44.78"
"44,38 : 34.89"
"44,39 : 42.95"
"44,40 : 39.92"
"44,41 : 34.23"
"44,42 : 74.33"
"44,43 : 58.41"
"44,44 : 0.0"
"44,45 : 16.28"
"44,46 : 41.05"
"44,47 : 34.0"
"44,48 : 64.88"
"44,49 : 69.89"
"45,0 : 22.02"
"45,1 : 61.03"
"45,2 : 49.04"
"45,3 : 16.4"
"45,4 : 66.22"
"45,5 : 72.0"
"45,6 : 48.05"
"45,7 : 79.08"
"45,8 : 71.4"
"45,9 : 33.06"
"45,10 : 23.35"
"45,11 : 62.51"
"45,12 : 66.71"
"45,13 : 75.29"
"45,14 : 70.88"
"45,15 : 53.37"
"45,16 : 26.25"
"45,17 : 7.07"
"45,18 : 35.9"
"45,19 : 31.83"
"45,20 : 78.52"
"45,21 : 33.42"
"45,22 : 37.22"
"45,23 : 77.8"
"45,24 : 80.95"
"45,25 : 24.08"
"45,26 : 75.66"
"45,27 : 74.63"
"45,28 : 71.31"
"45,29 : 53.94"
"45,30 : 71.31"
"45,31 : 75.29"
"45,32 : 35.01"
"45,33 : 51.62"
"45,34 : 29.0"
"45,35 : 12.81"
"45,36 : 14.42"
"45,37 : 29.83"
"45,38 : 50.7"
"45,39 : 26.68"
"45,40 : 34.01"
"45,41 : 18.03"
"45,42 : 64.08"
"45,43 : 70.24"
"45,44 : 16.28"
"45,45 : 0.0"
"45,46 : 57.22"
"45,47 : 23.6"
"45,48 : 71.59"
"45,49 : 59.62"
"46,0 : 44.64"
"46,1 : 59.24"
"46,2 : 21.47"
"46,3 : 69.38"
"46,4 : 23.09"
"46,5 : 15.81"
"46,6 : 11.18"
"46,7 : 73.55"
"46,8 : 63.56"
"46,9 : 24.19"
"46,10 : 76.92"
"46,11 : 5.83"
"46,12 : 48.37"
"46,13 : 43.74"
"46,14 : 81.84"
"46,15 : 8.6"
"46,16 : 47.17"
"46,17 : 58.03"
"46,18 : 76.32"
"46,19 : 84.43"
"46,20 : 59.0"
"46,21 : 86.98"
"46,22 : 34.66"
"46,23 : 67.74"
"46,24 : 44.6"
"46,25 : 81.3"
"46,26 : 58.08"
"46,27 : 22.8"
"46,28 : 33.24"
"46,29 : 88.62"
"46,30 : 23.77"
"46,31 : 63.64"
"46,32 : 22.8"
"46,33 : 25.55"
"46,34 : 28.44"
"46,35 : 67.07"
"46,36 : 51.87"
"46,37 : 83.52"
"46,38 : 17.2"
"46,39 : 83.73"
"46,40 : 68.24"
"46,41 : 75.24"
"46,42 : 104.02"
"46,43 : 38.33"
"46,44 : 41.05"
"46,45 : 57.22"
"46,46 : 0.0"
"46,47 : 72.37"
"46,48 : 59.84"
"46,49 : 100.0"
"47,0 : 28.07"
"47,1 : 84.63"
"47,2 : 69.35"
"47,3 : 32.25"
"47,4 : 85.91"
"47,5 : 88.07"
"47,6 : 61.66"
"47,7 : 102.63"
"47,8 : 95.0"
"47,9 : 49.98"
"47,10 : 35.13"
"47,11 : 76.79"
"47,12 : 89.83"
"47,13 : 97.42"
"47,14 : 93.41"
"47,15 : 66.37"
"47,16 : 49.82"
"47,17 : 17.69"
"47,18 : 54.33"
"47,19 : 41.98"
"47,20 : 101.83"
"47,21 : 41.76"
"47,22 : 59.67"
"47,23 : 101.4"
"47,24 : 102.63"
"47,25 : 23.26"
"47,26 : 99.04"
"47,27 : 85.09"
"47,28 : 92.28"
"47,29 : 72.11"
"47,30 : 80.4"
"47,31 : 98.86"
"47,32 : 52.92"
"47,33 : 58.55"
"47,34 : 47.01"
"47,35 : 11.7"
"47,36 : 38.01"
"47,37 : 39.05"
"47,38 : 61.0"
"47,39 : 27.73"
"47,40 : 55.08"
"47,41 : 20.4"
"47,42 : 78.77"
"47,43 : 92.09"
"47,44 : 34.0"
"47,45 : 23.6"
"47,46 : 72.37"
"47,47 : 0.0"
"47,48 : 95.13"
"47,49 : 74.55"
"48,0 : 78.29"
"48,1 : 12.65"
"48,2 : 40.0"
"48,3 : 70.21"
"48,4 : 40.72"
"48,5 : 59.51"
"48,6 : 64.0"
"48,7 : 13.93"
"48,8 : 5.0"
"48,9 : 57.72"
"48,10 : 74.43"
"48,11 : 63.79"
"48,12 : 11.7"
"48,13 : 24.08"
"48,14 : 30.41"
"48,15 : 66.19"
"48,16 : 45.34"
"48,17 : 77.62"
"48,18 : 58.19"
"48,19 : 76.97"
"48,20 : 10.0"
"48,21 : 80.11"
"48,22 : 38.08"
"48,23 : 8.0"
"48,24 : 30.23"
"48,25 : 88.01"
"48,26 : 7.07"
"48,27 : 80.65"
"48,28 : 33.02"
"48,29 : 57.01"
"48,30 : 83.2"
"48,31 : 4.12"
"48,32 : 54.34"
"48,33 : 81.06"
"48,34 : 56.92"
"48,35 : 84.22"
"48,36 : 57.31"
"48,37 : 78.26"
"48,38 : 73.0"
"48,39 : 87.37"
"48,40 : 50.16"
"48,41 : 83.87"
"48,42 : 72.17"
"48,43 : 25.81"
"48,44 : 64.88"
"48,45 : 71.59"
"48,46 : 59.84"
"48,47 : 95.13"
"48,48 : 0.0"
"48,49 : 70.01"
"49,0 : 80.95"
"49,1 : 58.22"
"49,2 : 81.12"
"49,3 : 43.97"
"49,4 : 94.94"
"49,5 : 109.77"
"49,6 : 95.52"
"49,7 : 66.1"
"49,8 : 66.03"
"49,9 : 79.91"
"49,10 : 39.46"
"49,11 : 105.8"
"49,12 : 74.97"
"49,13 : 89.63"
"49,14 : 44.92"
"49,15 : 100.57"
"49,16 : 53.15"
"49,17 : 65.79"
"49,18 : 25.0"
"49,19 : 33.0"
"49,20 : 80.01"
"49,21 : 34.13"
"49,22 : 65.73"
"49,23 : 70.35"
"49,24 : 96.69"
"49,25 : 53.01"
"49,26 : 77.03"
"49,27 : 122.15"
"49,28 : 93.3"
"49,29 : 13.15"
"49,30 : 121.02"
"49,31 : 71.06"
"49,32 : 79.25"
"49,33 : 105.89"
"49,34 : 75.69"
"49,35 : 64.33"
"49,36 : 53.01"
"49,37 : 36.0"
"49,38 : 101.86"
"49,39 : 49.09"
"49,40 : 31.89"
"49,41 : 54.23"
"49,42 : 4.47"
"49,43 : 87.8"
"49,44 : 69.89"
"49,45 : 59.62"
"49,46 : 100.0"
"49,47 : 74.55"
"49,48 : 70.01"
"49,49 : 0.0"
