x,y
71,82
19,18
29,32
61,92
59,67
62,76
65,66
40,54
62,83
73,25
97,63
60,10
11,10
9,36
47,7
29,57
82,32
33,57
96,88
97,16
62,26
71,64
42,39
66,74
100,75
90,36
90,23
95,25
66,56
57,7
19,22
11,19
5,68
68,57
90,94
43,21
17,20
14,56
60,27
56,24
15,64
3,7
8,91
45,5
83,36
26,74
42,89
49,32
48,46
2,35

Distanze
"0,0 : 0.0"
"0,1 : 61.4"
"0,2 : 45.69"
"0,3 : 38.63"
"0,4 : 41.63"
"0,5 : 29.61"
"0,6 : 62.43"
"0,7 : 53.74"
"0,8 : 54.2"
"0,9 : 44.41"
"0,10 : 44.65"
"0,11 : 44.82"
"0,12 : 53.08"
"0,13 : 42.64"
"0,14 : 13.45"
"0,15 : 10.63"
"0,16 : 11.7"
"0,17 : 57.71"
"0,18 : 36.01"
"0,19 : 21.84"
"0,20 : 33.53"
"0,21 : 21.59"
"0,22 : 41.23"
"0,23 : 36.77"
"0,24 : 53.49"
"0,25 : 38.6"
"0,26 : 56.86"
"0,27 : 41.79"
"0,28 : 44.29"
"0,29 : 39.12"
"0,30 : 51.55"
"0,31 : 57.28"
"0,32 : 11.05"
"0,33 : 33.54"
"0,34 : 52.01"
"0,35 : 47.42"
"0,36 : 38.28"
"0,37 : 20.88"
"0,38 : 19.03"
"0,39 : 36.69"
"0,40 : 49.65"
"0,41 : 51.24"
"0,42 : 62.01"
"0,43 : 31.76"
"0,44 : 23.09"
"0,45 : 31.4"
"0,46 : 50.25"
"0,47 : 33.24"
"0,48 : 9.49"
"0,49 : 55.9"
"1,0 : 61.4"
"1,1 : 0.0"
"1,2 : 106.33"
"1,3 : 63.01"
"1,4 : 55.11"
"1,5 : 36.89"
"1,6 : 5.66"
"1,7 : 114.87"
"1,8 : 81.58"
"1,9 : 43.57"
"1,10 : 104.65"
"1,11 : 84.48"
"1,12 : 10.05"
"1,13 : 18.87"
"1,14 : 48.26"
"1,15 : 71.84"
"1,16 : 51.97"
"1,17 : 10.2"
"1,18 : 48.01"
"1,19 : 41.77"
"1,20 : 85.38"
"1,21 : 50.48"
"1,22 : 100.65"
"1,23 : 27.46"
"1,24 : 69.23"
"1,25 : 49.48"
"1,26 : 73.55"
"1,27 : 99.36"
"1,28 : 105.39"
"1,29 : 94.34"
"1,30 : 53.0"
"1,31 : 67.45"
"1,32 : 71.02"
"1,33 : 45.88"
"1,34 : 36.12"
"1,35 : 81.02"
"1,36 : 28.44"
"1,37 : 51.87"
"1,38 : 46.86"
"1,39 : 50.0"
"1,40 : 111.02"
"1,41 : 65.12"
"1,42 : 75.0"
"1,43 : 35.17"
"1,44 : 46.87"
"1,45 : 92.8"
"1,46 : 75.24"
"1,47 : 94.49"
"1,48 : 70.46"
"1,49 : 27.29"
"2,0 : 45.69"
"2,1 : 106.33"
"2,2 : 0.0"
"2,3 : 60.83"
"2,4 : 80.01"
"2,5 : 74.95"
"2,6 : 107.82"
"2,7 : 20.4"
"2,8 : 79.06"
"2,9 : 78.41"
"2,10 : 25.5"
"2,11 : 46.53"
"2,12 : 97.35"
"2,13 : 87.46"
"2,14 : 58.18"
"2,15 : 36.4"
"2,16 : 54.38"
"2,17 : 103.32"
"2,18 : 69.03"
"2,19 : 67.42"
"2,20 : 29.73"
"2,21 : 64.33"
"2,22 : 8.25"
"2,23 : 82.46"
"2,24 : 71.78"
"2,25 : 79.31"
"2,26 : 72.53"
"2,27 : 34.21"
"2,28 : 4.24"
"2,29 : 21.21"
"2,30 : 91.02"
"2,31 : 77.49"
"2,32 : 35.36"
"2,33 : 75.95"
"2,34 : 95.9"
"2,35 : 53.94"
"2,36 : 80.43"
"2,37 : 63.15"
"2,38 : 63.89"
"2,39 : 77.32"
"2,40 : 10.05"
"2,41 : 72.24"
"2,42 : 93.17"
"2,43 : 73.25"
"2,44 : 66.94"
"2,45 : 17.03"
"2,46 : 63.06"
"2,47 : 18.68"
"2,48 : 36.25"
"2,49 : 95.46"
"3,0 : 38.63"
"3,1 : 63.01"
"3,2 : 60.83"
"3,3 : 0.0"
"3,4 : 74.25"
"3,5 : 52.43"
"3,6 : 67.07"
"3,7 : 77.79"
"3,8 : 91.92"
"3,9 : 21.54"
"3,10 : 73.82"
"3,11 : 22.47"
"3,12 : 53.0"
"3,13 : 47.85"
"3,14 : 34.71"
"3,15 : 44.55"
"3,16 : 30.81"
"3,17 : 65.62"
"3,18 : 15.0"
"3,19 : 46.1"
"3,20 : 31.62"
"3,21 : 53.91"
"3,22 : 52.84"
"3,23 : 52.8"
"3,24 : 14.87"
"3,25 : 69.35"
"3,26 : 18.36"
"3,27 : 75.01"
"3,28 : 62.24"
"3,29 : 41.4"
"3,30 : 81.69"
"3,31 : 19.1"
"3,32 : 37.12"
"3,33 : 63.03"
"3,34 : 74.71"
"3,35 : 18.03"
"3,36 : 35.23"
"3,37 : 54.04"
"3,38 : 48.1"
"3,39 : 67.9"
"3,40 : 69.46"
"3,41 : 13.04"
"3,42 : 97.19"
"3,43 : 30.08"
"3,44 : 53.04"
"3,45 : 56.09"
"3,46 : 13.89"
"3,47 : 59.84"
"3,48 : 39.32"
"3,49 : 41.44"
"4,0 : 41.63"
"4,1 : 55.11"
"4,2 : 80.01"
"4,3 : 74.25"
"4,4 : 0.0"
"4,5 : 24.7"
"4,6 : 52.2"
"4,7 : 78.85"
"4,8 : 26.48"
"4,9 : 68.88"
"4,10 : 66.1"
"4,11 : 85.76"
"4,12 : 53.01"
"4,13 : 44.28"
"4,14 : 39.62"
"4,15 : 45.89"
"4,16 : 44.05"
"4,17 : 45.88"
"4,18 : 64.64"
"4,19 : 28.6"
"4,20 : 75.03"
"4,21 : 20.81"
"4,22 : 78.31"
"4,23 : 31.26"
"4,24 : 87.97"
"4,25 : 6.08"
"4,26 : 92.1"
"4,27 : 57.38"
"4,28 : 77.1"
"4,29 : 79.56"
"4,30 : 11.05"
"4,31 : 90.0"
"4,32 : 51.55"
"4,33 : 12.08"
"4,34 : 22.8"
"4,35 : 87.2"
"4,36 : 51.87"
"4,37 : 21.1"
"4,38 : 26.17"
"4,39 : 6.71"
"4,40 : 79.76"
"4,41 : 84.65"
"4,42 : 23.71"
"4,43 : 50.54"
"4,44 : 21.21"
"4,45 : 63.03"
"4,46 : 87.73"
"4,47 : 62.29"
"4,48 : 49.04"
"4,49 : 68.25"
"5,0 : 29.61"
"5,1 : 36.89"
"5,2 : 74.95"
"5,3 : 52.43"
"5,4 : 24.7"
"5,5 : 0.0"
"5,6 : 36.12"
"5,7 : 80.16"
"5,8 : 49.16"
"5,9 : 44.42"
"5,10 : 69.03"
"5,11 : 67.68"
"5,12 : 31.62"
"5,13 : 21.38"
"5,14 : 20.4"
"5,15 : 38.63"
"5,16 : 25.5"
"5,17 : 30.41"
"5,18 : 41.04"
"5,19 : 8.0"
"5,20 : 61.13"
"5,21 : 13.6"
"5,22 : 70.83"
"5,23 : 9.43"
"5,24 : 65.12"
"5,25 : 18.79"
"5,26 : 69.43"
"5,27 : 62.94"
"5,28 : 73.16"
"5,29 : 68.07"
"5,30 : 29.73"
"5,31 : 66.53"
"5,32 : 40.61"
"5,33 : 12.65"
"5,34 : 23.54"
"5,35 : 67.54"
"5,36 : 27.2"
"5,37 : 15.0"
"5,38 : 11.18"
"5,39 : 18.03"
"5,40 : 77.82"
"5,41 : 61.52"
"5,42 : 48.33"
"5,43 : 26.08"
"5,44 : 10.0"
"5,45 : 59.51"
"5,46 : 66.29"
"5,47 : 60.42"
"5,48 : 39.05"
"5,49 : 44.18"
"6,0 : 62.43"
"6,1 : 5.66"
"6,2 : 107.82"
"6,3 : 67.07"
"6,4 : 52.2"
"6,5 : 36.12"
"6,6 : 0.0"
"6,7 : 115.42"
"6,8 : 78.59"
"6,9 : 48.27"
"6,10 : 104.8"
"6,11 : 88.14"
"6,12 : 14.32"
"6,13 : 20.88"
"6,14 : 49.65"
"6,15 : 72.67"
"6,16 : 53.71"
"6,17 : 6.32"
"6,18 : 52.09"
"6,19 : 41.87"
"6,20 : 88.06"
"6,21 : 49.68"
"6,22 : 102.46"
"6,23 : 26.87"
"6,24 : 73.98"
"6,25 : 46.82"
"6,26 : 78.34"
"6,27 : 99.04"
"6,28 : 106.68"
"6,29 : 96.77"
"6,30 : 49.16"
"6,31 : 72.42"
"6,32 : 72.47"
"6,33 : 43.83"
"6,34 : 32.02"
"6,35 : 85.02"
"6,36 : 32.02"
"6,37 : 51.09"
"6,38 : 46.69"
"6,39 : 47.54"
"6,40 : 112.06"
"6,41 : 69.86"
"6,42 : 71.11"
"6,43 : 38.33"
"6,44 : 46.1"
"6,45 : 93.74"
"6,46 : 79.63"
"6,47 : 95.21"
"6,48 : 71.69"
"6,49 : 32.76"
"7,0 : 53.74"
"7,1 : 114.87"
"7,2 : 20.4"
"7,3 : 77.79"
"7,4 : 78.85"
"7,5 : 80.16"
"7,6 : 115.42"
"7,7 : 0.0"
"7,8 : 71.18"
"7,9 : 93.06"
"7,10 : 13.04"
"7,11 : 66.07"
"7,12 : 106.79"
"7,13 : 96.26"
"7,14 : 67.18"
"7,15 : 43.14"
"7,16 : 64.54"
"7,17 : 110.21"
"7,18 : 83.65"
"7,19 : 73.6"
"7,20 : 48.37"
"7,21 : 67.6"
"7,22 : 28.07"
"7,23 : 88.81"
"7,24 : 90.03"
"7,25 : 79.71"
"7,26 : 91.24"
"7,27 : 23.02"
"7,28 : 17.03"
"7,29 : 41.01"
"7,30 : 89.74"
"7,31 : 95.57"
"7,32 : 45.8"
"7,33 : 77.88"
"7,34 : 98.09"
"7,35 : 73.25"
"7,36 : 91.55"
"7,37 : 66.24"
"7,38 : 69.07"
"7,39 : 77.83"
"7,40 : 10.44"
"7,41 : 89.99"
"7,42 : 87.0"
"7,43 : 84.65"
"7,44 : 70.83"
"7,45 : 23.02"
"7,46 : 81.88"
"7,47 : 20.52"
"7,48 : 45.45"
"7,49 : 108.23"
"8,0 : 54.2"
"8,1 : 81.58"
"8,2 : 79.06"
"8,3 : 91.92"
"8,4 : 26.48"
"8,5 : 49.16"
"8,6 : 78.59"
"8,7 : 71.18"
"8,8 : 0.0"
"8,9 : 91.09"
"8,10 : 58.31"
"8,11 : 98.31"
"8,12 : 79.23"
"8,13 : 70.0"
"8,14 : 58.18"
"8,15 : 53.15"
"8,16 : 61.29"
"8,17 : 72.28"
"8,18 : 85.23"
"8,19 : 50.45"
"8,20 : 83.87"
"8,21 : 39.85"
"8,22 : 80.11"
"8,23 : 57.01"
"8,24 : 106.55"
"8,25 : 32.25"
"8,26 : 110.28"
"8,27 : 48.17"
"8,28 : 75.29"
"8,29 : 85.44"
"8,30 : 31.38"
"8,31 : 109.57"
"8,32 : 60.83"
"8,33 : 37.0"
"8,34 : 47.93"
"8,35 : 101.53"
"8,36 : 75.95"
"8,37 : 39.22"
"8,38 : 46.17"
"8,39 : 32.06"
"8,40 : 75.5"
"8,41 : 103.77"
"8,42 : 16.76"
"8,43 : 73.25"
"8,44 : 42.2"
"8,45 : 62.77"
"8,46 : 104.29"
"8,47 : 60.41"
"8,48 : 58.0"
"8,49 : 93.34"
"9,0 : 44.41"
"9,1 : 43.57"
"9,2 : 78.41"
"9,3 : 21.54"
"9,4 : 68.88"
"9,5 : 44.42"
"9,6 : 48.27"
"9,7 : 93.06"
"9,8 : 91.09"
"9,9 : 0.0"
"9,10 : 86.73"
"9,11 : 44.01"
"9,12 : 33.96"
"9,13 : 31.91"
"9,14 : 34.13"
"9,15 : 53.6"
"9,16 : 33.06"
"9,17 : 48.1"
"9,18 : 9.43"
"9,19 : 40.85"
"9,20 : 50.99"
"9,21 : 51.24"
"9,22 : 70.94"
"9,23 : 41.04"
"9,24 : 25.71"
"9,25 : 63.13"
"9,26 : 30.08"
"9,27 : 85.62"
"9,28 : 79.06"
"9,29 : 60.88"
"9,30 : 73.82"
"9,31 : 24.6"
"9,32 : 48.1"
"9,33 : 56.82"
"9,34 : 62.97"
"9,35 : 39.05"
"9,36 : 19.21"
"9,37 : 51.92"
"9,38 : 44.92"
"9,39 : 62.18"
"9,40 : 85.98"
"9,41 : 21.59"
"9,42 : 92.59"
"9,43 : 18.36"
"9,44 : 49.04"
"9,45 : 70.21"
"9,46 : 32.02"
"9,47 : 73.41"
"9,48 : 49.34"
"9,49 : 19.92"
"10,0 : 44.65"
"10,1 : 104.65"
"10,2 : 25.5"
"10,3 : 73.82"
"10,4 : 66.1"
"10,5 : 69.03"
"10,6 : 104.8"
"10,7 : 13.04"
"10,8 : 58.31"
"10,9 : 86.73"
"10,10 : 0.0"
"10,11 : 65.76"
"10,12 : 97.08"
"10,13 : 86.37"
"10,14 : 58.01"
"10,15 : 34.13"
"10,16 : 56.08"
"10,17 : 99.36"
"10,18 : 77.49"
"10,19 : 62.97"
"10,20 : 47.52"
"10,21 : 56.04"
"10,22 : 30.89"
"10,23 : 77.99"
"10,24 : 87.21"
"10,25 : 67.23"
"10,26 : 89.02"
"10,27 : 10.2"
"10,28 : 21.26"
"10,29 : 42.38"
"10,30 : 76.92"
"10,31 : 92.44"
"10,32 : 38.63"
"10,33 : 65.76"
"10,34 : 85.87"
"10,35 : 72.34"
"10,36 : 82.93"
"10,37 : 54.64"
"10,38 : 58.14"
"10,39 : 65.39"
"10,40 : 18.36"
"10,41 : 86.58"
"10,42 : 74.01"
"10,43 : 76.32"
"10,44 : 59.41"
"10,45 : 18.0"
"10,46 : 80.01"
"10,47 : 14.04"
"10,48 : 37.58"
"10,49 : 100.34"
"11,0 : 44.82"
"11,1 : 84.48"
"11,2 : 46.53"
"11,3 : 22.47"
"11,4 : 85.76"
"11,5 : 67.68"
"11,6 : 88.14"
"11,7 : 66.07"
"11,8 : 98.31"
"11,9 : 44.01"
"11,10 : 65.76"
"11,11 : 0.0"
"11,12 : 74.43"
"11,13 : 68.01"
"11,14 : 47.54"
"11,15 : 45.61"
"11,16 : 42.54"
"11,17 : 86.01"
"11,18 : 36.88"
"11,19 : 60.17"
"11,20 : 18.25"
"11,21 : 65.0"
"11,22 : 38.33"
"11,23 : 70.41"
"11,24 : 27.2"
"11,25 : 81.88"
"11,26 : 26.83"
"11,27 : 69.92"
"11,28 : 49.16"
"11,29 : 25.32"
"11,30 : 94.83"
"11,31 : 33.02"
"11,32 : 37.64"
"11,33 : 76.03"
"11,34 : 91.09"
"11,35 : 7.62"
"11,36 : 56.14"
"11,37 : 64.66"
"11,38 : 60.37"
"11,39 : 80.13"
"11,40 : 56.32"
"11,41 : 29.0"
"11,42 : 106.83"
"11,43 : 50.0"
"11,44 : 65.3"
"11,45 : 48.05"
"11,46 : 17.49"
"11,47 : 52.17"
"11,48 : 40.46"
"11,49 : 63.91"
"12,0 : 53.08"
"12,1 : 10.05"
"12,2 : 97.35"
"12,3 : 53.0"
"12,4 : 53.01"
"12,5 : 31.62"
"12,6 : 14.32"
"12,7 : 106.79"
"12,8 : 79.23"
"12,9 : 33.96"
"12,10 : 97.08"
"12,11 : 74.43"
"12,12 : 0.0"
"12,13 : 10.82"
"12,14 : 39.7"
"12,15 : 63.66"
"12,16 : 43.01"
"12,17 : 15.0"
"12,18 : 38.0"
"12,19 : 34.99"
"12,20 : 75.61"
"12,21 : 44.78"
"12,22 : 91.42"
"12,23 : 22.56"
"12,24 : 59.67"
"12,25 : 47.04"
"12,26 : 64.03"
"12,27 : 92.42"
"12,28 : 96.61"
"12,29 : 84.69"
"12,30 : 52.95"
"12,31 : 58.19"
"12,32 : 62.2"
"12,33 : 42.43"
"12,34 : 37.34"
"12,35 : 71.01"
"12,36 : 18.44"
"12,37 : 46.1"
"12,38 : 40.31"
"12,39 : 47.17"
"12,40 : 102.45"
"12,41 : 55.54"
"12,42 : 74.67"
"12,43 : 25.3"
"12,44 : 41.23"
"12,45 : 84.39"
"12,46 : 65.38"
"12,47 : 86.31"
"12,48 : 61.85"
"12,49 : 19.8"
"13,0 : 42.64"
"13,1 : 18.87"
"13,2 : 87.46"
"13,3 : 47.85"
"13,4 : 44.28"
"13,5 : 21.38"
"13,6 : 20.88"
"13,7 : 96.26"
"13,8 : 70.0"
"13,9 : 31.91"
"13,10 : 86.37"
"13,11 : 68.01"
"13,12 : 10.82"
"13,13 : 0.0"
"13,14 : 29.41"
"13,15 : 53.15"
"13,16 : 33.12"
"13,17 : 18.0"
"13,18 : 33.24"
"13,19 : 24.19"
"13,20 : 67.19"
"13,21 : 34.18"
"13,22 : 81.84"
"13,23 : 13.04"
"13,24 : 56.86"
"13,25 : 38.21"
"13,26 : 61.33"
"13,27 : 81.61"
"13,28 : 86.53"
"13,29 : 75.89"
"13,30 : 45.88"
"13,31 : 56.44"
"13,32 : 52.15"
"13,33 : 33.0"
"13,34 : 32.2"
"13,35 : 65.49"
"13,36 : 13.0"
"13,37 : 35.47"
"13,38 : 29.53"
"13,39 : 38.05"
"13,40 : 92.2"
"13,41 : 52.8"
"13,42 : 66.94"
"13,43 : 18.03"
"13,44 : 30.68"
"13,45 : 74.03"
"13,46 : 61.13"
"13,47 : 75.82"
"13,48 : 51.61"
"13,49 : 24.35"
"14,0 : 13.45"
"14,1 : 48.26"
"14,2 : 58.18"
"14,3 : 34.71"
"14,4 : 39.62"
"14,5 : 20.4"
"14,6 : 49.65"
"14,7 : 67.18"
"14,8 : 58.18"
"14,9 : 34.13"
"14,10 : 58.01"
"14,11 : 47.54"
"14,12 : 39.7"
"14,13 : 29.41"
"14,14 : 0.0"
"14,15 : 24.08"
"14,16 : 5.1"
"14,17 : 45.31"
"14,18 : 27.2"
"14,19 : 12.65"
"14,20 : 41.0"
"14,21 : 19.21"
"14,22 : 52.92"
"14,23 : 25.32"
"14,24 : 48.83"
"14,25 : 35.0"
"14,26 : 52.8"
"14,27 : 54.56"
"14,28 : 57.14"
"14,29 : 48.51"
"14,30 : 47.71"
"14,31 : 51.48"
"14,32 : 22.83"
"14,33 : 28.84"
"14,34 : 43.93"
"14,35 : 48.02"
"14,36 : 25.06"
"14,37 : 19.42"
"14,38 : 13.45"
"14,39 : 33.42"
"14,40 : 62.8"
"14,41 : 45.79"
"14,42 : 62.48"
"14,43 : 18.97"
"14,44 : 18.44"
"14,45 : 44.69"
"14,46 : 48.1"
"14,47 : 46.67"
"14,48 : 22.2"
"14,49 : 43.08"
"15,0 : 10.63"
"15,1 : 71.84"
"15,2 : 36.4"
"15,3 : 44.55"
"15,4 : 45.89"
"15,5 : 38.63"
"15,6 : 72.67"
"15,7 : 43.14"
"15,8 : 53.15"
"15,9 : 53.6"
"15,10 : 34.13"
"15,11 : 45.61"
"15,12 : 63.66"
"15,13 : 53.15"
"15,14 : 24.08"
"15,15 : 0.0"
"15,16 : 21.95"
"15,17 : 67.74"
"15,18 : 44.72"
"15,19 : 31.3"
"15,20 : 30.81"
"15,21 : 28.16"
"15,22 : 33.06"
"15,23 : 46.53"
"15,24 : 59.23"
"15,25 : 44.1"
"15,26 : 62.1"
"15,27 : 32.02"
"15,28 : 34.54"
"15,29 : 33.84"
"15,30 : 56.57"
"15,31 : 63.64"
"15,32 : 8.06"
"15,33 : 40.05"
"15,34 : 59.68"
"15,35 : 49.74"
"15,36 : 48.83"
"15,37 : 27.07"
"15,38 : 27.51"
"15,39 : 42.11"
"15,40 : 39.45"
"15,41 : 57.56"
"15,42 : 63.53"
"15,43 : 42.19"
"15,44 : 30.59"
"15,45 : 21.1"
"15,46 : 54.42"
"15,47 : 22.67"
"15,48 : 5.39"
"15,49 : 66.24"
"16,0 : 11.7"
"16,1 : 51.97"
"16,2 : 54.38"
"16,3 : 30.81"
"16,4 : 44.05"
"16,5 : 25.5"
"16,6 : 53.71"
"16,7 : 64.54"
"16,8 : 61.29"
"16,9 : 33.06"
"16,10 : 56.08"
"16,11 : 42.54"
"16,12 : 43.01"
"16,13 : 33.12"
"16,14 : 5.1"
"16,15 : 21.95"
"16,16 : 0.0"
"16,17 : 49.65"
"16,18 : 25.18"
"16,19 : 17.72"
"16,20 : 36.01"
"16,21 : 23.35"
"16,22 : 48.75"
"16,23 : 30.15"
"16,24 : 45.28"
"16,25 : 39.66"
"16,26 : 49.09"
"16,27 : 53.49"
"16,28 : 53.6"
"16,29 : 43.74"
"16,30 : 52.48"
"16,31 : 48.33"
"16,32 : 19.21"
"16,33 : 33.62"
"16,34 : 49.03"
"16,35 : 43.27"
"16,36 : 27.02"
"16,37 : 23.35"
"16,38 : 18.03"
"16,39 : 38.01"
"16,40 : 59.55"
"16,41 : 42.49"
"16,42 : 66.53"
"16,43 : 20.25"
"16,44 : 23.02"
"16,45 : 41.73"
"16,46 : 43.86"
"16,47 : 44.05"
"16,48 : 19.1"
"16,49 : 44.29"
"17,0 : 57.71"
"17,1 : 10.2"
"17,2 : 103.32"
"17,3 : 65.62"
"17,4 : 45.88"
"17,5 : 30.41"
"17,6 : 6.32"
"17,7 : 110.21"
"17,8 : 72.28"
"17,9 : 48.1"
"17,10 : 99.36"
"17,11 : 86.01"
"17,12 : 15.0"
"17,13 : 18.0"
"17,14 : 45.31"
"17,15 : 67.74"
"17,16 : 49.65"
"17,17 : 0.0"
"17,18 : 50.8"
"17,19 : 36.62"
"17,20 : 84.72"
"17,21 : 43.86"
"17,22 : 98.23"
"17,23 : 21.4"
"17,24 : 73.68"
"17,25 : 40.5"
"17,26 : 78.11"
"17,27 : 93.34"
"17,28 : 102.0"
"17,29 : 93.15"
"17,30 : 43.05"
"17,31 : 72.62"
"17,32 : 68.03"
"17,33 : 37.59"
"17,34 : 26.02"
"17,35 : 83.38"
"17,36 : 30.41"
"17,37 : 45.28"
"17,38 : 41.23"
"17,39 : 41.23"
"17,40 : 107.19"
"17,41 : 69.57"
"17,42 : 65.03"
"17,43 : 36.01"
"17,44 : 40.31"
"17,45 : 88.84"
"17,46 : 78.64"
"17,47 : 90.14"
"17,48 : 67.08"
"17,49 : 34.71"
"18,0 : 36.01"
"18,1 : 48.01"
"18,2 : 69.03"
"18,3 : 15.0"
"18,4 : 64.64"
"18,5 : 41.04"
"18,6 : 52.09"
"18,7 : 83.65"
"18,8 : 85.23"
"18,9 : 9.43"
"18,10 : 77.49"
"18,11 : 36.88"
"18,12 : 38.0"
"18,13 : 33.24"
"18,14 : 27.2"
"18,15 : 44.72"
"18,16 : 25.18"
"18,17 : 50.8"
"18,18 : 0.0"
"18,19 : 36.06"
"18,20 : 42.01"
"18,21 : 45.62"
"18,22 : 61.62"
"18,23 : 39.66"
"18,24 : 24.41"
"18,25 : 59.2"
"18,26 : 28.84"
"18,27 : 76.69"
"18,28 : 69.63"
"18,29 : 51.86"
"18,30 : 70.77"
"18,31 : 25.5"
"18,32 : 38.9"
"18,33 : 52.8"
"18,34 : 61.85"
"18,35 : 33.02"
"18,36 : 20.4"
"18,37 : 46.1"
"18,38 : 39.36"
"18,39 : 58.01"
"18,40 : 76.55"
"18,41 : 20.62"
"18,42 : 88.2"
"18,43 : 16.12"
"18,44 : 43.91"
"18,45 : 60.84"
"18,46 : 27.89"
"18,47 : 64.08"
"18,48 : 40.26"
"18,49 : 27.78"
"19,0 : 21.84"
"19,1 : 41.77"
"19,2 : 67.42"
"19,3 : 46.1"
"19,4 : 28.6"
"19,5 : 8.0"
"19,6 : 41.87"
"19,7 : 73.6"
"19,8 : 50.45"
"19,9 : 40.85"
"19,10 : 62.97"
"19,11 : 60.17"
"19,12 : 34.99"
"19,13 : 24.19"
"19,14 : 12.65"
"19,15 : 31.3"
"19,16 : 17.72"
"19,17 : 36.62"
"19,18 : 36.06"
"19,19 : 0.0"
"19,20 : 53.15"
"19,21 : 11.0"
"19,22 : 63.06"
"19,23 : 15.26"
"19,24 : 59.46"
"19,25 : 23.35"
"19,26 : 63.66"
"19,27 : 57.63"
"19,28 : 65.8"
"19,29 : 60.07"
"19,30 : 35.61"
"19,31 : 61.4"
"19,32 : 32.76"
"19,33 : 16.97"
"19,34 : 31.4"
"19,35 : 60.42"
"19,36 : 26.0"
"19,37 : 12.04"
"19,38 : 5.39"
"19,39 : 22.02"
"19,40 : 70.71"
"19,41 : 56.08"
"19,42 : 52.15"
"19,43 : 22.8"
"19,44 : 8.25"
"19,45 : 52.35"
"19,46 : 59.82"
"19,47 : 53.54"
"19,48 : 31.32"
"19,49 : 44.18"
"20,0 : 33.53"
"20,1 : 85.38"
"20,2 : 29.73"
"20,3 : 31.62"
"20,4 : 75.03"
"20,5 : 61.13"
"20,6 : 88.06"
"20,7 : 48.37"
"20,8 : 83.87"
"20,9 : 50.99"
"20,10 : 47.52"
"20,11 : 18.25"
"20,12 : 75.61"
"20,13 : 67.19"
"20,14 : 41.0"
"20,15 : 30.81"
"20,16 : 36.01"
"20,17 : 84.72"
"20,18 : 42.01"
"20,19 : 53.15"
"20,20 : 0.0"
"20,21 : 55.08"
"20,22 : 21.54"
"20,23 : 66.12"
"20,24 : 42.06"
"20,25 : 72.12"
"20,26 : 42.95"
"20,27 : 51.87"
"20,28 : 31.78"
"20,29 : 9.9"
"20,30 : 85.07"
"20,31 : 47.76"
"20,32 : 23.71"
"20,33 : 66.94"
"20,34 : 84.48"
"20,35 : 25.0"
"20,36 : 57.38"
"20,37 : 54.41"
"20,38 : 51.79"
"20,39 : 70.21"
"20,40 : 39.05"
"20,41 : 42.54"
"20,42 : 94.15"
"20,43 : 50.33"
"20,44 : 56.29"
"20,45 : 29.83"
"20,46 : 33.54"
"20,47 : 33.96"
"20,48 : 26.42"
"20,49 : 69.63"
"21,0 : 21.59"
"21,1 : 50.48"
"21,2 : 64.33"
"21,3 : 53.91"
"21,4 : 20.81"
"21,5 : 13.6"
"21,6 : 49.68"
"21,7 : 67.6"
"21,8 : 39.85"
"21,9 : 51.24"
"21,10 : 56.04"
"21,11 : 65.0"
"21,12 : 44.78"
"21,13 : 34.18"
"21,14 : 19.21"
"21,15 : 28.16"
"21,16 : 23.35"
"21,17 : 43.86"
"21,18 : 45.62"
"21,19 : 11.0"
"21,20 : 55.08"
"21,21 : 0.0"
"21,22 : 61.2"
"21,23 : 23.02"
"21,24 : 68.01"
"21,25 : 17.09"
"21,26 : 72.01"
"21,27 : 49.52"
"21,28 : 62.1"
"21,29 : 60.53"
"21,30 : 30.08"
"21,31 : 70.49"
"21,32 : 32.25"
"21,33 : 12.04"
"21,34 : 31.58"
"21,35 : 66.4"
"21,36 : 37.0"
"21,37 : 1.41"
"21,38 : 6.32"
"21,39 : 15.23"
"21,40 : 66.13"
"21,41 : 64.9"
"21,42 : 43.28"
"21,43 : 33.54"
"21,44 : 3.61"
"21,45 : 48.08"
"21,46 : 67.18"
"21,47 : 48.47"
"21,48 : 30.07"
"21,49 : 55.15"
"22,0 : 41.23"
"22,1 : 100.65"
"22,2 : 8.25"
"22,3 : 52.84"
"22,4 : 78.31"
"22,5 : 70.83"
"22,6 : 102.46"
"22,7 : 28.07"
"22,8 : 80.11"
"22,9 : 70.94"
"22,10 : 30.89"
"22,11 : 38.33"
"22,12 : 91.42"
"22,13 : 81.84"
"22,14 : 52.92"
"22,15 : 33.06"
"22,16 : 48.75"
"22,17 : 98.23"
"22,18 : 61.62"
"22,19 : 63.06"
"22,20 : 21.54"
"22,21 : 61.2"
"22,22 : 0.0"
"22,23 : 77.79"
"22,24 : 63.57"
"22,25 : 77.01"
"22,26 : 64.29"
"22,27 : 38.29"
"22,28 : 11.05"
"22,29 : 13.04"
"22,30 : 89.2"
"22,31 : 69.29"
"22,32 : 30.36"
"22,33 : 73.11"
"22,34 : 92.66"
"22,35 : 45.71"
"22,36 : 74.06"
"22,37 : 60.13"
"22,38 : 60.02"
"22,39 : 75.01"
"22,40 : 18.03"
"22,41 : 64.08"
"22,42 : 93.3"
"22,43 : 66.85"
"22,44 : 63.51"
"22,45 : 17.49"
"22,46 : 54.82"
"22,47 : 20.62"
"22,48 : 31.78"
"22,49 : 88.46"
"23,0 : 36.77"
"23,1 : 27.46"
"23,2 : 82.46"
"23,3 : 52.8"
"23,4 : 31.26"
"23,5 : 9.43"
"23,6 : 26.87"
"23,7 : 88.81"
"23,8 : 57.01"
"23,9 : 41.04"
"23,10 : 77.99"
"23,11 : 70.41"
"23,12 : 22.56"
"23,13 : 13.04"
"23,14 : 25.32"
"23,15 : 46.53"
"23,16 : 30.15"
"23,17 : 21.4"
"23,18 : 39.66"
"23,19 : 15.26"
"23,20 : 66.12"
"23,21 : 23.02"
"23,22 : 77.79"
"23,23 : 0.0"
"23,24 : 64.07"
"23,25 : 25.18"
"23,26 : 68.51"
"23,27 : 72.18"
"23,28 : 80.96"
"23,29 : 73.82"
"23,30 : 33.54"
"23,31 : 64.66"
"23,32 : 47.43"
"23,33 : 20.02"
"23,34 : 22.2"
"23,35 : 69.26"
"23,36 : 22.2"
"23,37 : 24.41"
"23,38 : 19.85"
"23,39 : 25.02"
"23,40 : 85.96"
"23,41 : 60.22"
"23,42 : 54.12"
"23,43 : 23.6"
"23,44 : 19.42"
"23,45 : 67.6"
"23,46 : 66.64"
"23,47 : 68.8"
"23,48 : 46.24"
"23,49 : 37.11"
"24,0 : 53.49"
"24,1 : 69.23"
"24,2 : 71.78"
"24,3 : 14.87"
"24,4 : 87.97"
"24,5 : 65.12"
"24,6 : 73.98"
"24,7 : 90.03"
"24,8 : 106.55"
"24,9 : 25.71"
"24,10 : 87.21"
"24,11 : 27.2"
"24,12 : 59.67"
"24,13 : 56.86"
"24,14 : 48.83"
"24,15 : 59.23"
"24,16 : 45.28"
"24,17 : 73.68"
"24,18 : 24.41"
"24,19 : 59.46"
"24,20 : 42.06"
"24,21 : 68.01"
"24,22 : 63.57"
"24,23 : 64.07"
"24,24 : 0.0"
"24,25 : 82.81"
"24,26 : 4.47"
"24,27 : 89.09"
"24,28 : 73.76"
"24,29 : 51.08"
"24,30 : 94.76"
"24,31 : 5.83"
"24,32 : 51.62"
"24,33 : 76.42"
"24,34 : 86.27"
"24,35 : 19.85"
"24,36 : 43.86"
"24,37 : 68.24"
"24,38 : 62.01"
"24,39 : 81.47"
"24,40 : 81.04"
"24,41 : 4.12"
"24,42 : 111.21"
"24,43 : 40.5"
"24,44 : 66.84"
"24,45 : 69.26"
"24,46 : 9.9"
"24,47 : 73.17"
"24,48 : 53.94"
"24,49 : 44.0"
"25,0 : 38.6"
"25,1 : 49.48"
"25,2 : 79.31"
"25,3 : 69.35"
"25,4 : 6.08"
"25,5 : 18.79"
"25,6 : 46.82"
"25,7 : 79.71"
"25,8 : 32.25"
"25,9 : 63.13"
"25,10 : 67.23"
"25,11 : 81.88"
"25,12 : 47.04"
"25,13 : 38.21"
"25,14 : 35.0"
"25,15 : 44.1"
"25,16 : 39.66"
"25,17 : 40.5"
"25,18 : 59.2"
"25,19 : 23.35"
"25,20 : 72.12"
"25,21 : 17.09"
"25,22 : 77.01"
"25,23 : 25.18"
"25,24 : 82.81"
"25,25 : 0.0"
"25,26 : 87.0"
"25,27 : 59.06"
"25,28 : 76.66"
"25,29 : 77.28"
"25,30 : 13.0"
"25,31 : 84.65"
"25,32 : 49.03"
"25,33 : 6.4"
"25,34 : 19.21"
"25,35 : 82.93"
"25,36 : 45.88"
"25,37 : 17.72"
"25,38 : 21.63"
"25,39 : 2.0"
"25,40 : 79.83"
"25,41 : 79.4"
"25,42 : 29.55"
"25,43 : 44.78"
"25,44 : 16.64"
"25,45 : 62.51"
"25,46 : 82.98"
"25,47 : 62.17"
"25,48 : 46.69"
"25,49 : 62.17"
"26,0 : 56.86"
"26,1 : 73.55"
"26,2 : 72.53"
"26,3 : 18.36"
"26,4 : 92.1"
"26,5 : 69.43"
"26,6 : 78.34"
"26,7 : 91.24"
"26,8 : 110.28"
"26,9 : 30.08"
"26,10 : 89.02"
"26,11 : 26.83"
"26,12 : 64.03"
"26,13 : 61.33"
"26,14 : 52.8"
"26,15 : 62.1"
"26,16 : 49.09"
"26,17 : 78.11"
"26,18 : 28.84"
"26,19 : 63.66"
"26,20 : 42.95"
"26,21 : 72.01"
"26,22 : 64.29"
"26,23 : 68.51"
"26,24 : 4.47"
"26,25 : 87.0"
"26,26 : 0.0"
"26,27 : 91.35"
"26,28 : 74.73"
"26,29 : 51.55"
"26,30 : 99.04"
"26,31 : 7.62"
"26,32 : 54.34"
"26,33 : 80.62"
"26,34 : 90.7"
"26,35 : 19.24"
"26,36 : 48.33"
"26,37 : 72.2"
"26,38 : 66.07"
"26,39 : 85.63"
"26,40 : 82.0"
"26,41 : 8.54"
"26,42 : 115.26"
"26,43 : 44.94"
"26,44 : 70.94"
"26,45 : 71.03"
"26,46 : 9.49"
"26,47 : 75.01"
"26,48 : 56.75"
"26,49 : 48.04"
"27,0 : 41.79"
"27,1 : 99.36"
"27,2 : 34.21"
"27,3 : 75.01"
"27,4 : 57.38"
"27,5 : 62.94"
"27,6 : 99.04"
"27,7 : 23.02"
"27,8 : 48.17"
"27,9 : 85.62"
"27,10 : 10.2"
"27,11 : 69.92"
"27,12 : 92.42"
"27,13 : 81.61"
"27,14 : 54.56"
"27,15 : 32.02"
"27,16 : 53.49"
"27,17 : 93.34"
"27,18 : 76.69"
"27,19 : 57.63"
"27,20 : 51.87"
"27,21 : 49.52"
"27,22 : 38.29"
"27,23 : 72.18"
"27,24 : 89.09"
"27,25 : 59.06"
"27,26 : 91.35"
"27,27 : 0.0"
"27,28 : 30.0"
"27,29 : 48.37"
"27,30 : 68.01"
"27,31 : 94.01"
"27,32 : 38.21"
"27,33 : 58.25"
"27,34 : 78.03"
"27,35 : 75.93"
"27,36 : 79.61"
"27,37 : 48.1"
"27,38 : 52.5"
"27,39 : 57.31"
"27,40 : 28.23"
"27,41 : 88.0"
"27,42 : 64.01"
"27,43 : 73.41"
"27,44 : 53.04"
"27,45 : 22.36"
"27,46 : 82.73"
"27,47 : 18.36"
"27,48 : 36.5"
"27,49 : 97.58"
"28,0 : 44.29"
"28,1 : 105.39"
"28,2 : 4.24"
"28,3 : 62.24"
"28,4 : 77.1"
"28,5 : 73.16"
"28,6 : 106.68"
"28,7 : 17.03"
"28,8 : 75.29"
"28,9 : 79.06"
"28,10 : 21.26"
"28,11 : 49.16"
"28,12 : 96.61"
"28,13 : 86.53"
"28,14 : 57.14"
"28,15 : 34.54"
"28,16 : 53.6"
"28,17 : 102.0"
"28,18 : 69.63"
"28,19 : 65.8"
"28,20 : 31.78"
"28,21 : 62.1"
"28,22 : 11.05"
"28,23 : 80.96"
"28,24 : 73.76"
"28,25 : 76.66"
"28,26 : 74.73"
"28,27 : 30.0"
"28,28 : 0.0"
"28,29 : 24.0"
"28,30 : 88.14"
"28,31 : 79.4"
"28,32 : 34.41"
"28,33 : 73.55"
"28,34 : 93.62"
"28,35 : 56.44"
"28,36 : 80.06"
"28,37 : 60.88"
"28,38 : 62.03"
"28,39 : 74.67"
"28,40 : 7.28"
"28,41 : 74.0"
"28,42 : 89.63"
"28,43 : 72.92"
"28,44 : 64.85"
"28,45 : 14.14"
"28,46 : 65.31"
"28,47 : 15.13"
"28,48 : 34.99"
"28,49 : 95.59"
"29,0 : 39.12"
"29,1 : 94.34"
"29,2 : 21.21"
"29,3 : 41.4"
"29,4 : 79.56"
"29,5 : 68.07"
"29,6 : 96.77"
"29,7 : 41.01"
"29,8 : 85.44"
"29,9 : 60.88"
"29,10 : 42.38"
"29,11 : 25.32"
"29,12 : 84.69"
"29,13 : 75.89"
"29,14 : 48.51"
"29,15 : 33.84"
"29,16 : 43.74"
"29,17 : 93.15"
"29,18 : 51.86"
"29,19 : 60.07"
"29,20 : 9.9"
"29,21 : 60.53"
"29,22 : 13.04"
"29,23 : 73.82"
"29,24 : 51.08"
"29,25 : 77.28"
"29,26 : 51.55"
"29,27 : 48.37"
"29,28 : 24.0"
"29,29 : 0.0"
"29,30 : 90.03"
"29,31 : 56.86"
"29,32 : 28.28"
"29,33 : 72.56"
"29,34 : 91.02"
"29,35 : 32.76"
"29,36 : 66.64"
"29,37 : 59.68"
"29,38 : 58.03"
"29,39 : 75.31"
"29,40 : 31.06"
"29,41 : 51.88"
"29,42 : 97.08"
"29,43 : 59.51"
"29,44 : 62.2"
"29,45 : 26.08"
"29,46 : 42.06"
"29,47 : 30.02"
"29,48 : 30.59"
"29,49 : 79.4"
"30,0 : 51.55"
"30,1 : 53.0"
"30,2 : 91.02"
"30,3 : 81.69"
"30,4 : 11.05"
"30,5 : 29.73"
"30,6 : 49.16"
"30,7 : 89.74"
"30,8 : 31.38"
"30,9 : 73.82"
"30,10 : 76.92"
"30,11 : 94.83"
"30,12 : 52.95"
"30,13 : 45.88"
"30,14 : 47.71"
"30,15 : 56.57"
"30,16 : 52.48"
"30,17 : 43.05"
"30,18 : 70.77"
"30,19 : 35.61"
"30,20 : 85.07"
"30,21 : 30.08"
"30,22 : 89.2"
"30,23 : 33.54"
"30,24 : 94.76"
"30,25 : 13.0"
"30,26 : 99.04"
"30,27 : 68.01"
"30,28 : 88.14"
"30,29 : 90.03"
"30,30 : 0.0"
"30,31 : 96.26"
"30,32 : 61.85"
"30,33 : 18.87"
"30,34 : 17.26"
"30,35 : 95.72"
"30,36 : 55.57"
"30,37 : 30.68"
"30,38 : 34.48"
"30,39 : 14.87"
"30,40 : 90.8"
"30,41 : 91.22"
"30,42 : 22.0"
"30,43 : 55.61"
"30,44 : 29.53"
"30,45 : 74.06"
"30,46 : 95.43"
"30,47 : 73.33"
"30,48 : 59.44"
"30,49 : 70.23"
"31,0 : 57.28"
"31,1 : 67.45"
"31,2 : 77.49"
"31,3 : 19.1"
"31,4 : 90.0"
"31,5 : 66.53"
"31,6 : 72.42"
"31,7 : 95.57"
"31,8 : 109.57"
"31,9 : 24.6"
"31,10 : 92.44"
"31,11 : 33.02"
"31,12 : 58.19"
"31,13 : 56.44"
"31,14 : 51.48"
"31,15 : 63.64"
"31,16 : 48.33"
"31,17 : 72.62"
"31,18 : 25.5"
"31,19 : 61.4"
"31,20 : 47.76"
"31,21 : 70.49"
"31,22 : 69.29"
"31,23 : 64.66"
"31,24 : 5.83"
"31,25 : 84.65"
"31,26 : 7.62"
"31,27 : 94.01"
"31,28 : 79.4"
"31,29 : 56.86"
"31,30 : 96.26"
"31,31 : 0.0"
"31,32 : 56.22"
"31,33 : 78.24"
"31,34 : 86.83"
"31,35 : 25.61"
"31,36 : 43.57"
"31,37 : 70.83"
"31,38 : 64.35"
"31,39 : 83.41"
"31,40 : 86.68"
"31,41 : 6.08"
"31,42 : 113.46"
"31,43 : 41.11"
"31,44 : 69.07"
"31,45 : 74.55"
"31,46 : 15.62"
"31,47 : 78.41"
"31,48 : 58.42"
"31,49 : 41.3"
"32,0 : 11.05"
"32,1 : 71.02"
"32,2 : 35.36"
"32,3 : 37.12"
"32,4 : 51.55"
"32,5 : 40.61"
"32,6 : 72.47"
"32,7 : 45.8"
"32,8 : 60.83"
"32,9 : 48.1"
"32,10 : 38.63"
"32,11 : 37.64"
"32,12 : 62.2"
"32,13 : 52.15"
"32,14 : 22.83"
"32,15 : 8.06"
"32,16 : 19.21"
"32,17 : 68.03"
"32,18 : 38.9"
"32,19 : 32.76"
"32,20 : 23.71"
"32,21 : 32.25"
"32,22 : 30.36"
"32,23 : 47.43"
"32,24 : 51.62"
"32,25 : 49.03"
"32,26 : 54.34"
"32,27 : 38.21"
"32,28 : 34.41"
"32,29 : 28.28"
"32,30 : 61.85"
"32,31 : 56.22"
"32,32 : 0.0"
"32,33 : 44.28"
"32,34 : 63.03"
"32,35 : 41.68"
"32,36 : 45.97"
"32,37 : 31.4"
"32,38 : 30.07"
"32,39 : 47.07"
"32,40 : 40.36"
"32,41 : 50.16"
"32,42 : 70.49"
"32,43 : 38.95"
"32,44 : 34.01"
"32,45 : 22.8"
"32,46 : 46.49"
"32,47 : 25.55"
"32,48 : 2.83"
"32,49 : 62.43"
"33,0 : 33.54"
"33,1 : 45.88"
"33,2 : 75.95"
"33,3 : 63.03"
"33,4 : 12.08"
"33,5 : 12.65"
"33,6 : 43.83"
"33,7 : 77.88"
"33,8 : 37.0"
"33,9 : 56.82"
"33,10 : 65.76"
"33,11 : 76.03"
"33,12 : 42.43"
"33,13 : 33.0"
"33,14 : 28.84"
"33,15 : 40.05"
"33,16 : 33.62"
"33,17 : 37.59"
"33,18 : 52.8"
"33,19 : 16.97"
"33,20 : 66.94"
"33,21 : 12.04"
"33,22 : 73.11"
"33,23 : 20.02"
"33,24 : 76.42"
"33,25 : 6.4"
"33,26 : 80.62"
"33,27 : 58.25"
"33,28 : 73.55"
"33,29 : 72.56"
"33,30 : 18.87"
"33,31 : 78.24"
"33,32 : 44.28"
"33,33 : 0.0"
"33,34 : 20.25"
"33,35 : 76.85"
"33,36 : 39.85"
"33,37 : 13.0"
"33,38 : 15.65"
"33,39 : 5.39"
"33,40 : 77.2"
"33,41 : 73.0"
"33,42 : 35.78"
"33,43 : 38.47"
"33,44 : 10.77"
"33,45 : 59.44"
"33,46 : 76.69"
"33,47 : 59.48"
"33,48 : 42.11"
"33,49 : 56.57"
"34,0 : 52.01"
"34,1 : 36.12"
"34,2 : 95.9"
"34,3 : 74.71"
"34,4 : 22.8"
"34,5 : 23.54"
"34,6 : 32.02"
"34,7 : 98.09"
"34,8 : 47.93"
"34,9 : 62.97"
"34,10 : 85.87"
"34,11 : 91.09"
"34,12 : 37.34"
"34,13 : 32.2"
"34,14 : 43.93"
"34,15 : 59.68"
"34,16 : 49.03"
"34,17 : 26.02"
"34,18 : 61.85"
"34,19 : 31.4"
"34,20 : 84.48"
"34,21 : 31.58"
"34,22 : 92.66"
"34,23 : 22.2"
"34,24 : 86.27"
"34,25 : 19.21"
"34,26 : 90.7"
"34,27 : 78.03"
"34,28 : 93.62"
"34,29 : 91.02"
"34,30 : 17.26"
"34,31 : 86.83"
"34,32 : 63.03"
"34,33 : 20.25"
"34,34 : 0.0"
"34,35 : 90.62"
"34,36 : 43.84"
"34,37 : 32.76"
"34,38 : 33.0"
"34,39 : 20.81"
"34,40 : 97.42"
"34,41 : 82.42"
"34,42 : 39.12"
"34,43 : 45.8"
"34,44 : 29.15"
"34,45 : 79.56"
"34,46 : 88.59"
"34,47 : 79.7"
"34,48 : 61.13"
"34,49 : 55.95"
"35,0 : 47.42"
"35,1 : 81.02"
"35,2 : 53.94"
"35,3 : 18.03"
"35,4 : 87.2"
"35,5 : 67.54"
"35,6 : 85.02"
"35,7 : 73.25"
"35,8 : 101.53"
"35,9 : 39.05"
"35,10 : 72.34"
"35,11 : 7.62"
"35,12 : 71.01"
"35,13 : 65.49"
"35,14 : 48.02"
"35,15 : 49.74"
"35,16 : 43.27"
"35,17 : 83.38"
"35,18 : 33.02"
"35,19 : 60.42"
"35,20 : 25.0"
"35,21 : 66.4"
"35,22 : 45.71"
"35,23 : 69.26"
"35,24 : 19.85"
"35,25 : 82.93"
"35,26 : 19.24"
"35,27 : 75.93"
"35,28 : 56.44"
"35,29 : 32.76"
"35,30 : 95.72"
"35,31 : 25.61"
"35,32 : 41.68"
"35,33 : 76.85"
"35,34 : 90.62"
"35,35 : 0.0"
"35,36 : 53.08"
"35,37 : 66.22"
"35,38 : 61.29"
"35,39 : 81.27"
"35,40 : 63.64"
"35,41 : 22.02"
"35,42 : 109.04"
"35,43 : 47.52"
"35,44 : 66.29"
"35,45 : 54.45"
"35,46 : 10.0"
"35,47 : 58.55"
"35,48 : 44.42"
"35,49 : 58.94"
"36,0 : 38.28"
"36,1 : 28.44"
"36,2 : 80.43"
"36,3 : 35.23"
"36,4 : 51.87"
"36,5 : 27.2"
"36,6 : 32.02"
"36,7 : 91.55"
"36,8 : 75.95"
"36,9 : 19.21"
"36,10 : 82.93"
"36,11 : 56.14"
"36,12 : 18.44"
"36,13 : 13.0"
"36,14 : 25.06"
"36,15 : 48.83"
"36,16 : 27.02"
"36,17 : 30.41"
"36,18 : 20.4"
"36,19 : 26.0"
"36,20 : 57.38"
"36,21 : 37.0"
"36,22 : 74.06"
"36,23 : 22.2"
"36,24 : 43.86"
"36,25 : 45.88"
"36,26 : 48.33"
"36,27 : 79.61"
"36,28 : 80.06"
"36,29 : 66.64"
"36,30 : 55.57"
"36,31 : 43.57"
"36,32 : 45.97"
"36,33 : 39.85"
"36,34 : 43.84"
"36,35 : 53.08"
"36,36 : 0.0"
"36,37 : 38.01"
"36,38 : 31.06"
"36,39 : 45.22"
"36,40 : 86.28"
"36,41 : 39.81"
"36,42 : 75.39"
"36,43 : 7.21"
"36,44 : 34.06"
"36,45 : 68.68"
"36,46 : 48.27"
"36,47 : 71.06"
"36,48 : 46.1"
"36,49 : 18.44"
"37,0 : 20.88"
"37,1 : 51.87"
"37,2 : 63.15"
"37,3 : 54.04"
"37,4 : 21.1"
"37,5 : 15.0"
"37,6 : 51.09"
"37,7 : 66.24"
"37,8 : 39.22"
"37,9 : 51.92"
"37,10 : 54.64"
"37,11 : 64.66"
"37,12 : 46.1"
"37,13 : 35.47"
"37,14 : 19.42"
"37,15 : 27.07"
"37,16 : 23.35"
"37,17 : 45.28"
"37,18 : 46.1"
"37,19 : 12.04"
"37,20 : 54.41"
"37,21 : 1.41"
"37,22 : 60.13"
"37,23 : 24.41"
"37,24 : 68.24"
"37,25 : 17.72"
"37,26 : 72.2"
"37,27 : 48.1"
"37,28 : 60.88"
"37,29 : 59.68"
"37,30 : 30.68"
"37,31 : 70.83"
"37,32 : 31.4"
"37,33 : 13.0"
"37,34 : 32.76"
"37,35 : 66.22"
"37,36 : 38.01"
"37,37 : 0.0"
"37,38 : 7.07"
"37,39 : 15.81"
"37,40 : 64.85"
"37,41 : 65.19"
"37,42 : 43.19"
"37,43 : 34.37"
"37,44 : 5.0"
"37,45 : 46.84"
"37,46 : 67.21"
"37,47 : 47.17"
"37,48 : 29.15"
"37,49 : 56.22"
"38,0 : 19.03"
"38,1 : 46.86"
"38,2 : 63.89"
"38,3 : 48.1"
"38,4 : 26.17"
"38,5 : 11.18"
"38,6 : 46.69"
"38,7 : 69.07"
"38,8 : 46.17"
"38,9 : 44.92"
"38,10 : 58.14"
"38,11 : 60.37"
"38,12 : 40.31"
"38,13 : 29.53"
"38,14 : 13.45"
"38,15 : 27.51"
"38,16 : 18.03"
"38,17 : 41.23"
"38,18 : 39.36"
"38,19 : 5.39"
"38,20 : 51.79"
"38,21 : 6.32"
"38,22 : 60.02"
"38,23 : 19.85"
"38,24 : 62.01"
"38,25 : 21.63"
"38,26 : 66.07"
"38,27 : 52.5"
"38,28 : 62.03"
"38,29 : 58.03"
"38,30 : 34.48"
"38,31 : 64.35"
"38,32 : 30.07"
"38,33 : 15.65"
"38,34 : 33.0"
"38,35 : 61.29"
"38,36 : 31.06"
"38,37 : 7.07"
"38,38 : 0.0"
"38,39 : 20.0"
"38,40 : 66.64"
"38,41 : 58.82"
"38,42 : 49.2"
"38,43 : 27.29"
"38,44 : 5.0"
"38,45 : 48.33"
"38,46 : 61.55"
"38,47 : 49.24"
"38,48 : 28.28"
"38,49 : 49.37"
"39,0 : 36.69"
"39,1 : 50.0"
"39,2 : 77.32"
"39,3 : 67.9"
"39,4 : 6.71"
"39,5 : 18.03"
"39,6 : 47.54"
"39,7 : 77.83"
"39,8 : 32.06"
"39,9 : 62.18"
"39,10 : 65.39"
"39,11 : 80.13"
"39,12 : 47.17"
"39,13 : 38.05"
"39,14 : 33.42"
"39,15 : 42.11"
"39,16 : 38.01"
"39,17 : 41.23"
"39,18 : 58.01"
"39,19 : 22.02"
"39,20 : 70.21"
"39,21 : 15.23"
"39,22 : 75.01"
"39,23 : 25.02"
"39,24 : 81.47"
"39,25 : 2.0"
"39,26 : 85.63"
"39,27 : 57.31"
"39,28 : 74.67"
"39,29 : 75.31"
"39,30 : 14.87"
"39,31 : 83.41"
"39,32 : 47.07"
"39,33 : 5.39"
"39,34 : 20.81"
"39,35 : 81.27"
"39,36 : 45.22"
"39,37 : 15.81"
"39,38 : 20.0"
"39,39 : 0.0"
"39,40 : 77.88"
"39,41 : 78.1"
"39,42 : 30.41"
"39,43 : 43.83"
"39,44 : 15.0"
"39,45 : 60.53"
"39,46 : 81.47"
"39,47 : 60.21"
"39,48 : 44.72"
"39,49 : 61.81"
"40,0 : 49.65"
"40,1 : 111.02"
"40,2 : 10.05"
"40,3 : 69.46"
"40,4 : 79.76"
"40,5 : 77.82"
"40,6 : 112.06"
"40,7 : 10.44"
"40,8 : 75.5"
"40,9 : 85.98"
"40,10 : 18.36"
"40,11 : 56.32"
"40,12 : 102.45"
"40,13 : 92.2"
"40,14 : 62.8"
"40,15 : 39.45"
"40,16 : 59.55"
"40,17 : 107.19"
"40,18 : 76.55"
"40,19 : 70.71"
"40,20 : 39.05"
"40,21 : 66.13"
"40,22 : 18.03"
"40,23 : 85.96"
"40,24 : 81.04"
"40,25 : 79.83"
"40,26 : 82.0"
"40,27 : 28.23"
"40,28 : 7.28"
"40,29 : 31.06"
"40,30 : 90.8"
"40,31 : 86.68"
"40,32 : 40.36"
"40,33 : 77.2"
"40,34 : 97.42"
"40,35 : 63.64"
"40,36 : 86.28"
"40,37 : 64.85"
"40,38 : 66.64"
"40,39 : 77.88"
"40,40 : 0.0"
"40,41 : 81.27"
"40,42 : 90.55"
"40,43 : 79.2"
"40,44 : 69.08"
"40,45 : 18.36"
"40,46 : 72.57"
"40,47 : 17.72"
"40,48 : 40.61"
"40,49 : 102.18"
"41,0 : 51.24"
"41,1 : 65.12"
"41,2 : 72.24"
"41,3 : 13.04"
"41,4 : 84.65"
"41,5 : 61.52"
"41,6 : 69.86"
"41,7 : 89.99"
"41,8 : 103.77"
"41,9 : 21.59"
"41,10 : 86.58"
"41,11 : 29.0"
"41,12 : 55.54"
"41,13 : 52.8"
"41,14 : 45.79"
"41,15 : 57.56"
"41,16 : 42.49"
"41,17 : 69.57"
"41,18 : 20.62"
"41,19 : 56.08"
"41,20 : 42.54"
"41,21 : 64.9"
"41,22 : 64.08"
"41,23 : 60.22"
"41,24 : 4.12"
"41,25 : 79.4"
"41,26 : 8.54"
"41,27 : 88.0"
"41,28 : 74.0"
"41,29 : 51.88"
"41,30 : 91.22"
"41,31 : 6.08"
"41,32 : 50.16"
"41,33 : 73.0"
"41,34 : 82.42"
"41,35 : 22.02"
"41,36 : 39.81"
"41,37 : 65.19"
"41,38 : 58.82"
"41,39 : 78.1"
"41,40 : 81.27"
"41,41 : 0.0"
"41,42 : 108.0"
"41,43 : 36.62"
"41,44 : 63.6"
"41,45 : 68.73"
"41,46 : 12.53"
"41,47 : 72.56"
"41,48 : 52.35"
"41,49 : 40.01"
"42,0 : 62.01"
"42,1 : 75.0"
"42,2 : 93.17"
"42,3 : 97.19"
"42,4 : 23.71"
"42,5 : 48.33"
"42,6 : 71.11"
"42,7 : 87.0"
"42,8 : 16.76"
"42,9 : 92.59"
"42,10 : 74.01"
"42,11 : 106.83"
"42,12 : 74.67"
"42,13 : 66.94"
"42,14 : 62.48"
"42,15 : 63.53"
"42,16 : 66.53"
"42,17 : 65.03"
"42,18 : 88.2"
"42,19 : 52.15"
"42,20 : 94.15"
"42,21 : 43.28"
"42,22 : 93.3"
"42,23 : 54.12"
"42,24 : 111.21"
"42,25 : 29.55"
"42,26 : 115.26"
"42,27 : 64.01"
"42,28 : 89.63"
"42,29 : 97.08"
"42,30 : 22.0"
"42,31 : 113.46"
"42,32 : 70.49"
"42,33 : 35.78"
"42,34 : 39.12"
"42,35 : 109.04"
"42,36 : 75.39"
"42,37 : 43.19"
"42,38 : 49.2"
"42,39 : 30.41"
"42,40 : 90.55"
"42,41 : 108.0"
"42,42 : 0.0"
"42,43 : 74.24"
"42,44 : 44.41"
"42,45 : 76.4"
"42,46 : 110.39"
"42,47 : 74.53"
"42,48 : 67.74"
"42,49 : 91.21"
"43,0 : 31.76"
"43,1 : 35.17"
"43,2 : 73.25"
"43,3 : 30.08"
"43,4 : 50.54"
"43,5 : 26.08"
"43,6 : 38.33"
"43,7 : 84.65"
"43,8 : 73.25"
"43,9 : 18.36"
"43,10 : 76.32"
"43,11 : 50.0"
"43,12 : 25.3"
"43,13 : 18.03"
"43,14 : 18.97"
"43,15 : 42.19"
"43,16 : 20.25"
"43,17 : 36.01"
"43,18 : 16.12"
"43,19 : 22.8"
"43,20 : 50.33"
"43,21 : 33.54"
"43,22 : 66.85"
"43,23 : 23.6"
"43,24 : 40.5"
"43,25 : 44.78"
"43,26 : 44.94"
"43,27 : 73.41"
"43,28 : 72.92"
"43,29 : 59.51"
"43,30 : 55.61"
"43,31 : 41.11"
"43,32 : 38.95"
"43,33 : 38.47"
"43,34 : 45.8"
"43,35 : 47.52"
"43,36 : 7.21"
"43,37 : 34.37"
"43,38 : 27.29"
"43,39 : 43.83"
"43,40 : 79.2"
"43,41 : 36.62"
"43,42 : 74.24"
"43,43 : 0.0"
"43,44 : 31.05"
"43,45 : 61.72"
"43,46 : 43.66"
"43,47 : 64.2"
"43,48 : 39.2"
"43,49 : 24.17"
"44,0 : 23.09"
"44,1 : 46.87"
"44,2 : 66.94"
"44,3 : 53.04"
"44,4 : 21.21"
"44,5 : 10.0"
"44,6 : 46.1"
"44,7 : 70.83"
"44,8 : 42.2"
"44,9 : 49.04"
"44,10 : 59.41"
"44,11 : 65.3"
"44,12 : 41.23"
"44,13 : 30.68"
"44,14 : 18.44"
"44,15 : 30.59"
"44,16 : 23.02"
"44,17 : 40.31"
"44,18 : 43.91"
"44,19 : 8.25"
"44,20 : 56.29"
"44,21 : 3.61"
"44,22 : 63.51"
"44,23 : 19.42"
"44,24 : 66.84"
"44,25 : 16.64"
"44,26 : 70.94"
"44,27 : 53.04"
"44,28 : 64.85"
"44,29 : 62.2"
"44,30 : 29.53"
"44,31 : 69.07"
"44,32 : 34.01"
"44,33 : 10.77"
"44,34 : 29.15"
"44,35 : 66.29"
"44,36 : 34.06"
"44,37 : 5.0"
"44,38 : 5.0"
"44,39 : 15.0"
"44,40 : 69.08"
"44,41 : 63.6"
"44,42 : 44.41"
"44,43 : 31.05"
"44,44 : 0.0"
"44,45 : 50.92"
"44,46 : 66.53"
"44,47 : 51.48"
"44,48 : 32.02"
"44,49 : 52.04"
"45,0 : 31.4"
"45,1 : 92.8"
"45,2 : 17.03"
"45,3 : 56.09"
"45,4 : 63.03"
"45,5 : 59.51"
"45,6 : 93.74"
"45,7 : 23.02"
"45,8 : 62.77"
"45,9 : 70.21"
"45,10 : 18.0"
"45,11 : 48.05"
"45,12 : 84.39"
"45,13 : 74.03"
"45,14 : 44.69"
"45,15 : 21.1"
"45,16 : 41.73"
"45,17 : 88.84"
"45,18 : 60.84"
"45,19 : 52.35"
"45,20 : 29.83"
"45,21 : 48.08"
"45,22 : 17.49"
"45,23 : 67.6"
"45,24 : 69.26"
"45,25 : 62.51"
"45,26 : 71.03"
"45,27 : 22.36"
"45,28 : 14.14"
"45,29 : 26.08"
"45,30 : 74.06"
"45,31 : 74.55"
"45,32 : 22.8"
"45,33 : 59.44"
"45,34 : 79.56"
"45,35 : 54.45"
"45,36 : 68.68"
"45,37 : 46.84"
"45,38 : 48.33"
"45,39 : 60.53"
"45,40 : 18.36"
"45,41 : 68.73"
"45,42 : 76.4"
"45,43 : 61.72"
"45,44 : 50.92"
"45,45 : 0.0"
"45,46 : 62.01"
"45,47 : 4.12"
"45,48 : 22.63"
"45,49 : 85.21"
"46,0 : 50.25"
"46,1 : 75.24"
"46,2 : 63.06"
"46,3 : 13.89"
"46,4 : 87.73"
"46,5 : 66.29"
"46,6 : 79.63"
"46,7 : 81.88"
"46,8 : 104.29"
"46,9 : 32.02"
"46,10 : 80.01"
"46,11 : 17.49"
"46,12 : 65.38"
"46,13 : 61.13"
"46,14 : 48.1"
"46,15 : 54.42"
"46,16 : 43.86"
"46,17 : 78.64"
"46,18 : 27.89"
"46,19 : 59.82"
"46,20 : 33.54"
"46,21 : 67.18"
"46,22 : 54.82"
"46,23 : 66.64"
"46,24 : 9.9"
"46,25 : 82.98"
"46,26 : 9.49"
"46,27 : 82.73"
"46,28 : 65.31"
"46,29 : 42.06"
"46,30 : 95.43"
"46,31 : 15.62"
"46,32 : 46.49"
"46,33 : 76.69"
"46,34 : 88.59"
"46,35 : 10.0"
"46,36 : 48.27"
"46,37 : 67.21"
"46,38 : 61.55"
"46,39 : 81.47"
"46,40 : 72.57"
"46,41 : 12.53"
"46,42 : 110.39"
"46,43 : 43.66"
"46,44 : 66.53"
"46,45 : 62.01"
"46,46 : 0.0"
"46,47 : 66.03"
"46,48 : 49.04"
"46,49 : 51.48"
"47,0 : 33.24"
"47,1 : 94.49"
"47,2 : 18.68"
"47,3 : 59.84"
"47,4 : 62.29"
"47,5 : 60.42"
"47,6 : 95.21"
"47,7 : 20.52"
"47,8 : 60.41"
"47,9 : 73.41"
"47,10 : 14.04"
"47,11 : 52.17"
"47,12 : 86.31"
"47,13 : 75.82"
"47,14 : 46.67"
"47,15 : 22.67"
"47,16 : 44.05"
"47,17 : 90.14"
"47,18 : 64.08"
"47,19 : 53.54"
"47,20 : 33.96"
"47,21 : 48.47"
"47,22 : 20.62"
"47,23 : 68.8"
"47,24 : 73.17"
"47,25 : 62.17"
"47,26 : 75.01"
"47,27 : 18.36"
"47,28 : 15.13"
"47,29 : 30.02"
"47,30 : 73.33"
"47,31 : 78.41"
"47,32 : 25.55"
"47,33 : 59.48"
"47,34 : 79.7"
"47,35 : 58.55"
"47,36 : 71.06"
"47,37 : 47.17"
"47,38 : 49.24"
"47,39 : 60.21"
"47,40 : 17.72"
"47,41 : 72.56"
"47,42 : 74.53"
"47,43 : 64.2"
"47,44 : 51.48"
"47,45 : 4.12"
"47,46 : 66.03"
"47,47 : 0.0"
"47,48 : 25.0"
"47,49 : 87.92"
"48,0 : 9.49"
"48,1 : 70.46"
"48,2 : 36.25"
"48,3 : 39.32"
"48,4 : 49.04"
"48,5 : 39.05"
"48,6 : 71.69"
"48,7 : 45.45"
"48,8 : 58.0"
"48,9 : 49.34"
"48,10 : 37.58"
"48,11 : 40.46"
"48,12 : 61.85"
"48,13 : 51.61"
"48,14 : 22.2"
"48,15 : 5.39"
"48,16 : 19.1"
"48,17 : 67.08"
"48,18 : 40.26"
"48,19 : 31.32"
"48,20 : 26.42"
"48,21 : 30.07"
"48,22 : 31.78"
"48,23 : 46.24"
"48,24 : 53.94"
"48,25 : 46.69"
"48,26 : 56.75"
"48,27 : 36.5"
"48,28 : 34.99"
"48,29 : 30.59"
"48,30 : 59.44"
"48,31 : 58.42"
"48,32 : 2.83"
"48,33 : 42.11"
"48,34 : 61.13"
"48,35 : 44.42"
"48,36 : 46.1"
"48,37 : 29.15"
"48,38 : 28.28"
"48,39 : 44.72"
"48,40 : 40.61"
"48,41 : 52.35"
"48,42 : 67.74"
"48,43 : 39.2"
"48,44 : 32.02"
"48,45 : 22.63"
"48,46 : 49.04"
"48,47 : 25.0"
"48,48 : 0.0"
"48,49 : 62.97"
"49,0 : 55.9"
"49,1 : 27.29"
"49,2 : 95.46"
"49,3 : 41.44"
"49,4 : 68.25"
"49,5 : 44.18"
"49,6 : 32.76"
"49,7 : 108.23"
"49,8 : 93.34"
"49,9 : 19.92"
"49,10 : 100.34"
"49,11 : 63.91"
"49,12 : 19.8"
"49,13 : 24.35"
"49,14 : 43.08"
"49,15 : 66.24"
"49,16 : 44.29"
"49,17 : 34.71"
"49,18 : 27.78"
"49,19 : 44.18"
"49,20 : 69.63"
"49,21 : 55.15"
"49,22 : 88.46"
"49,23 : 37.11"
"49,24 : 44.0"
"49,25 : 62.17"
"49,26 : 48.04"
"49,27 : 97.58"
"49,28 : 95.59"
"49,29 : 79.4"
"49,30 : 70.23"
"49,31 : 41.3"
"49,32 : 62.43"
"49,33 : 56.57"
"49,34 : 55.95"
"49,35 : 58.94"
"49,36 : 18.44"
"49,37 : 56.22"
"49,38 : 49.37"
"49,39 : 61.81"
"49,40 : 102.18"
"49,41 : 40.01"
"49,42 : 91.21"
"49,43 : 24.17"
"49,44 : 52.04"
"49,45 : 85.21"
"49,46 : 51.48"
"49,47 : 87.92"
"49,48 : 62.97"
"49,49 : 0.0"
