x,y
17,5
49,46
41,17
14,76
72,41
7,81
90,93
19,27
33,22
5,76
3,83
97,68
98,58
82,30
85,84
27,49
54,31
90,72
74,54
17,18
6,73
31,68
55,28
91,82
33,64
79,36
2,73
77,35
19,62
0,10
92,8
92,25
37,89
36,23
27,76
31,85
62,60
31,62
53,61
95,5
9,42
49,18
18,59
22,70
26,100
67,43
96,63
50,16
89,10
16,20

Distanze
"0,0 : 0.0"
"0,1 : 43.91"
"0,2 : 43.27"
"0,3 : 21.54"
"0,4 : 45.88"
"0,5 : 62.94"
"0,6 : 39.05"
"0,7 : 53.91"
"0,8 : 18.87"
"0,9 : 10.05"
"0,10 : 21.1"
"0,11 : 56.94"
"0,12 : 30.89"
"0,13 : 52.01"
"0,14 : 54.64"
"0,15 : 43.29"
"0,16 : 42.06"
"0,17 : 55.9"
"0,18 : 60.11"
"0,19 : 58.26"
"0,20 : 34.89"
"0,21 : 38.05"
"0,22 : 50.49"
"0,23 : 33.11"
"0,24 : 55.76"
"0,25 : 47.51"
"0,26 : 24.21"
"0,27 : 43.93"
"0,28 : 43.97"
"0,29 : 19.65"
"0,30 : 11.4"
"0,31 : 32.7"
"0,32 : 53.15"
"0,33 : 32.53"
"0,34 : 50.09"
"0,35 : 51.62"
"0,36 : 35.9"
"0,37 : 30.53"
"0,38 : 18.25"
"0,39 : 20.0"
"0,40 : 32.76"
"0,41 : 54.38"
"0,42 : 50.91"
"0,43 : 46.62"
"0,44 : 34.83"
"0,45 : 38.33"
"0,46 : 23.35"
"0,47 : 27.73"
"0,48 : 32.02"
"0,49 : 9.06"
"1,0 : 43.91"
"1,1 : 0.0"
"1,2 : 87.13"
"1,3 : 51.61"
"1,4 : 7.81"
"1,5 : 67.27"
"1,6 : 33.12"
"1,7 : 19.24"
"1,8 : 28.64"
"1,9 : 35.0"
"1,10 : 38.59"
"1,11 : 100.85"
"1,12 : 13.04"
"1,13 : 63.29"
"1,14 : 98.48"
"1,15 : 17.72"
"1,16 : 85.49"
"1,17 : 99.76"
"1,18 : 65.12"
"1,19 : 84.34"
"1,20 : 23.77"
"1,21 : 79.7"
"1,22 : 84.91"
"1,23 : 36.88"
"1,24 : 99.64"
"1,25 : 23.6"
"1,26 : 67.96"
"1,27 : 13.93"
"1,28 : 80.5"
"1,29 : 59.41"
"1,30 : 55.01"
"1,31 : 51.62"
"1,32 : 75.19"
"1,33 : 75.8"
"1,34 : 93.94"
"1,35 : 75.5"
"1,36 : 78.92"
"1,37 : 64.28"
"1,38 : 27.59"
"1,39 : 62.8"
"1,40 : 66.19"
"1,41 : 98.27"
"1,42 : 94.02"
"1,43 : 6.4"
"1,44 : 11.0"
"1,45 : 31.76"
"1,46 : 34.01"
"1,47 : 36.4"
"1,48 : 46.87"
"1,49 : 41.11"
"2,0 : 43.27"
"2,1 : 87.13"
"2,2 : 0.0"
"2,3 : 44.18"
"2,4 : 88.55"
"2,5 : 82.71"
"2,6 : 76.61"
"2,7 : 96.26"
"2,8 : 60.96"
"2,9 : 52.35"
"2,10 : 55.54"
"2,11 : 13.93"
"2,12 : 74.09"
"2,13 : 70.09"
"2,14 : 11.4"
"2,15 : 84.15"
"2,16 : 11.7"
"2,17 : 14.04"
"2,18 : 80.28"
"2,19 : 61.66"
"2,20 : 75.69"
"2,21 : 22.09"
"2,22 : 38.95"
"2,23 : 66.75"
"2,24 : 12.53"
"2,25 : 88.46"
"2,26 : 19.24"
"2,27 : 85.62"
"2,28 : 37.48"
"2,29 : 31.4"
"2,30 : 32.65"
"2,31 : 58.69"
"2,32 : 64.01"
"2,33 : 13.04"
"2,34 : 9.22"
"2,35 : 61.0"
"2,36 : 16.03"
"2,37 : 41.23"
"2,38 : 60.37"
"2,39 : 25.3"
"2,40 : 41.77"
"2,41 : 11.18"
"2,42 : 12.0"
"2,43 : 89.47"
"2,44 : 78.01"
"2,45 : 76.4"
"2,46 : 61.72"
"2,47 : 62.17"
"2,48 : 61.72"
"2,49 : 48.1"
"3,0 : 21.54"
"3,1 : 51.61"
"3,2 : 44.18"
"3,3 : 0.0"
"3,4 : 50.21"
"3,5 : 43.83"
"3,6 : 58.01"
"3,7 : 66.71"
"3,8 : 36.06"
"3,9 : 21.1"
"3,10 : 13.45"
"3,11 : 57.71"
"3,12 : 39.82"
"3,13 : 31.89"
"3,14 : 54.13"
"3,15 : 43.01"
"3,16 : 48.51"
"3,17 : 58.22"
"3,18 : 41.05"
"3,19 : 77.83"
"3,20 : 51.62"
"3,21 : 49.4"
"3,22 : 33.54"
"3,23 : 22.8"
"3,24 : 55.9"
"3,25 : 63.06"
"3,26 : 27.46"
"3,27 : 45.45"
"3,28 : 59.91"
"3,29 : 13.04"
"3,30 : 25.5"
"3,31 : 54.23"
"3,32 : 73.82"
"3,33 : 31.14"
"3,34 : 53.04"
"3,35 : 72.01"
"3,36 : 44.64"
"3,37 : 49.52"
"3,38 : 25.08"
"3,39 : 20.4"
"3,40 : 51.62"
"3,41 : 54.74"
"3,42 : 46.82"
"3,43 : 51.66"
"3,44 : 46.1"
"3,45 : 57.04"
"3,46 : 43.19"
"3,47 : 18.79"
"3,48 : 53.45"
"3,49 : 30.36"
"4,0 : 45.88"
"4,1 : 7.81"
"4,2 : 88.55"
"4,3 : 50.21"
"4,4 : 0.0"
"4,5 : 61.01"
"4,6 : 40.5"
"4,7 : 26.25"
"4,8 : 33.0"
"4,9 : 36.25"
"4,10 : 36.8"
"4,11 : 102.42"
"4,12 : 16.03"
"4,13 : 58.05"
"4,14 : 99.76"
"4,15 : 11.0"
"4,16 : 87.92"
"4,17 : 101.64"
"4,18 : 59.01"
"4,19 : 90.47"
"4,20 : 30.89"
"4,21 : 82.98"
"4,22 : 82.8"
"4,23 : 32.7"
"4,24 : 101.07"
"4,25 : 31.4"
"4,26 : 69.32"
"4,27 : 7.0"
"4,28 : 85.05"
"4,29 : 59.41"
"4,30 : 57.25"
"4,31 : 57.72"
"4,32 : 81.61"
"4,33 : 76.66"
"4,34 : 95.85"
"4,35 : 81.74"
"4,36 : 81.61"
"4,37 : 69.0"
"4,38 : 28.18"
"4,39 : 63.63"
"4,40 : 71.01"
"4,41 : 99.73"
"4,42 : 94.58"
"4,43 : 2.0"
"4,44 : 17.09"
"4,45 : 39.12"
"4,46 : 39.62"
"4,47 : 33.29"
"4,48 : 53.16"
"4,49 : 44.55"
"5,0 : 62.94"
"5,1 : 67.27"
"5,2 : 82.71"
"5,3 : 43.83"
"5,4 : 61.01"
"5,5 : 0.0"
"5,6 : 90.08"
"5,7 : 86.47"
"5,8 : 69.84"
"5,9 : 57.2"
"5,10 : 42.8"
"5,11 : 94.37"
"5,12 : 62.36"
"5,13 : 12.65"
"5,14 : 90.09"
"5,15 : 50.01"
"5,16 : 89.89"
"5,17 : 96.1"
"5,18 : 2.83"
"5,19 : 121.02"
"5,20 : 80.99"
"5,21 : 92.59"
"5,22 : 51.24"
"5,23 : 34.01"
"5,24 : 92.23"
"5,25 : 88.29"
"5,26 : 69.78"
"5,27 : 54.01"
"5,28 : 103.73"
"5,29 : 55.47"
"5,30 : 69.2"
"5,31 : 94.2"
"5,32 : 116.04"
"5,33 : 70.52"
"5,34 : 91.92"
"5,35 : 114.56"
"5,36 : 87.24"
"5,37 : 92.85"
"5,38 : 54.59"
"5,39 : 63.06"
"5,40 : 95.02"
"5,41 : 91.41"
"5,42 : 80.5"
"5,43 : 63.01"
"5,44 : 69.12"
"5,45 : 88.77"
"5,46 : 78.89"
"5,47 : 38.08"
"5,48 : 92.09"
"5,49 : 70.29"
"6,0 : 39.05"
"6,1 : 33.12"
"6,2 : 76.61"
"6,3 : 58.01"
"6,4 : 40.5"
"6,5 : 90.08"
"6,6 : 0.0"
"6,7 : 26.17"
"6,8 : 22.02"
"6,9 : 37.01"
"6,10 : 49.82"
"6,11 : 88.62"
"6,12 : 29.21"
"6,13 : 82.28"
"6,14 : 87.62"
"6,15 : 47.38"
"6,16 : 70.72"
"6,17 : 86.31"
"6,18 : 87.46"
"6,19 : 54.01"
"6,20 : 9.9"
"6,21 : 61.72"
"6,22 : 89.44"
"6,23 : 56.08"
"6,24 : 88.09"
"6,25 : 15.3"
"6,26 : 59.94"
"6,27 : 44.69"
"6,28 : 56.8"
"6,29 : 58.69"
"6,30 : 45.62"
"6,31 : 23.41"
"6,32 : 44.05"
"6,33 : 68.88"
"6,34 : 80.72"
"6,35 : 45.01"
"6,36 : 63.66"
"6,37 : 41.34"
"6,38 : 36.14"
"6,39 : 57.94"
"6,40 : 42.54"
"6,41 : 86.68"
"6,42 : 86.61"
"6,43 : 39.45"
"6,44 : 24.08"
"6,45 : 1.41"
"6,46 : 15.81"
"6,47 : 52.5"
"6,48 : 18.38"
"6,49 : 30.68"
"7,0 : 53.91"
"7,1 : 19.24"
"7,2 : 96.26"
"7,3 : 66.71"
"7,4 : 26.25"
"7,5 : 86.47"
"7,6 : 26.17"
"7,7 : 0.0"
"7,8 : 35.36"
"7,9 : 47.17"
"7,10 : 54.71"
"7,11 : 109.34"
"7,12 : 27.2"
"7,13 : 82.05"
"7,14 : 107.63"
"7,15 : 36.88"
"7,16 : 92.42"
"7,17 : 107.62"
"7,18 : 84.29"
"7,19 : 80.1"
"7,20 : 21.47"
"7,21 : 84.72"
"7,22 : 100.22"
"7,23 : 55.23"
"7,24 : 108.47"
"7,25 : 11.0"
"7,26 : 77.79"
"7,27 : 32.98"
"7,28 : 81.93"
"7,29 : 72.11"
"7,30 : 63.66"
"7,31 : 49.24"
"7,32 : 70.01"
"7,33 : 86.37"
"7,34 : 101.83"
"7,35 : 71.11"
"7,36 : 85.45"
"7,37 : 65.92"
"7,38 : 41.63"
"7,39 : 73.88"
"7,40 : 67.42"
"7,41 : 107.06"
"7,42 : 104.74"
"7,43 : 24.35"
"7,44 : 20.62"
"7,45 : 25.32"
"7,46 : 35.85"
"7,47 : 53.94"
"7,48 : 44.15"
"7,49 : 48.17"
"8,0 : 18.87"
"8,1 : 28.64"
"8,2 : 60.96"
"8,3 : 36.06"
"8,4 : 33.0"
"8,5 : 69.84"
"8,6 : 22.02"
"8,7 : 35.36"
"8,8 : 0.0"
"8,9 : 15.0"
"8,10 : 28.16"
"8,11 : 74.2"
"8,12 : 17.03"
"8,13 : 61.1"
"8,14 : 72.35"
"8,15 : 34.79"
"8,16 : 57.8"
"8,17 : 72.67"
"8,18 : 67.12"
"8,19 : 58.87"
"8,20 : 16.16"
"8,21 : 51.26"
"8,22 : 68.15"
"8,23 : 36.06"
"8,24 : 73.25"
"8,25 : 28.65"
"8,26 : 42.45"
"8,27 : 33.73"
"8,28 : 52.09"
"8,29 : 38.08"
"8,30 : 28.32"
"8,31 : 26.93"
"8,32 : 51.0"
"8,33 : 51.09"
"8,34 : 66.85"
"8,35 : 50.57"
"8,36 : 51.0"
"8,37 : 36.0"
"8,38 : 15.26"
"8,39 : 38.83"
"8,40 : 38.01"
"8,41 : 71.84"
"8,42 : 69.43"
"8,43 : 33.06"
"8,44 : 18.03"
"8,45 : 21.0"
"8,46 : 9.22"
"8,47 : 31.76"
"8,48 : 23.43"
"8,49 : 13.04"
"9,0 : 10.05"
"9,1 : 35.0"
"9,2 : 52.35"
"9,3 : 21.1"
"9,4 : 36.25"
"9,5 : 57.2"
"9,6 : 37.01"
"9,7 : 47.17"
"9,8 : 15.0"
"9,9 : 0.0"
"9,10 : 14.42"
"9,11 : 66.19"
"9,12 : 22.02"
"9,13 : 47.41"
"9,14 : 63.63"
"9,15 : 33.24"
"9,16 : 51.92"
"9,17 : 65.39"
"9,18 : 54.41"
"9,19 : 65.73"
"9,20 : 30.59"
"9,21 : 48.09"
"9,22 : 53.76"
"9,23 : 25.0"
"9,24 : 64.88"
"9,25 : 42.38"
"9,26 : 33.12"
"9,27 : 33.96"
"9,28 : 53.37"
"9,29 : 25.0"
"9,30 : 21.38"
"9,31 : 37.01"
"9,32 : 59.55"
"9,33 : 40.8"
"9,34 : 59.62"
"9,35 : 58.41"
"9,36 : 45.89"
"9,37 : 39.0"
"9,38 : 8.25"
"9,39 : 27.8"
"9,40 : 41.23"
"9,41 : 63.53"
"9,42 : 59.03"
"9,43 : 37.12"
"9,44 : 27.02"
"9,45 : 36.0"
"9,46 : 22.8"
"9,47 : 19.85"
"9,48 : 34.99"
"9,49 : 13.6"
"10,0 : 21.1"
"10,1 : 38.59"
"10,2 : 55.54"
"10,3 : 13.45"
"10,4 : 36.8"
"10,5 : 42.8"
"10,6 : 49.82"
"10,7 : 54.71"
"10,8 : 28.16"
"10,9 : 14.42"
"10,10 : 0.0"
"10,11 : 69.38"
"10,12 : 27.51"
"10,13 : 33.11"
"10,14 : 66.1"
"10,15 : 29.68"
"10,16 : 58.03"
"10,17 : 69.43"
"10,18 : 40.0"
"10,19 : 79.2"
"10,20 : 42.05"
"10,21 : 56.72"
"10,22 : 46.32"
"10,23 : 12.37"
"10,24 : 67.72"
"10,25 : 52.35"
"10,26 : 37.22"
"10,27 : 32.02"
"10,28 : 64.62"
"10,29 : 24.35"
"10,30 : 30.08"
"10,31 : 51.4"
"10,32 : 73.55"
"10,33 : 42.72"
"10,34 : 63.95"
"10,35 : 72.25"
"10,36 : 53.08"
"10,37 : 51.62"
"10,38 : 14.0"
"10,39 : 30.41"
"10,40 : 53.85"
"10,41 : 66.48"
"10,42 : 59.51"
"10,43 : 38.29"
"10,44 : 34.21"
"10,45 : 48.66"
"10,46 : 36.77"
"10,47 : 7.07"
"10,48 : 49.4"
"10,49 : 27.59"
"11,0 : 56.94"
"11,1 : 100.85"
"11,2 : 13.93"
"11,3 : 57.71"
"11,4 : 102.42"
"11,5 : 94.37"
"11,6 : 88.62"
"11,7 : 109.34"
"11,8 : 74.2"
"11,9 : 66.19"
"11,10 : 69.38"
"11,11 : 0.0"
"11,12 : 87.82"
"11,13 : 81.88"
"11,14 : 4.47"
"11,15 : 98.08"
"11,16 : 18.36"
"11,17 : 4.12"
"11,18 : 92.07"
"11,19 : 66.12"
"11,20 : 88.46"
"11,21 : 29.15"
"11,22 : 46.96"
"11,23 : 80.41"
"11,24 : 2.24"
"11,25 : 101.14"
"11,26 : 33.11"
"11,27 : 99.54"
"11,28 : 42.58"
"11,29 : 45.12"
"11,30 : 46.04"
"11,31 : 69.12"
"11,32 : 70.41"
"11,33 : 26.68"
"11,34 : 8.06"
"11,35 : 67.27"
"11,36 : 25.24"
"11,37 : 50.54"
"11,38 : 74.25"
"11,39 : 39.22"
"11,40 : 50.57"
"11,41 : 3.0"
"11,42 : 14.76"
"11,43 : 103.31"
"11,44 : 91.53"
"11,45 : 88.53"
"11,46 : 74.25"
"11,47 : 75.93"
"11,48 : 72.67"
"11,49 : 61.22"
"12,0 : 30.89"
"12,1 : 13.04"
"12,2 : 74.09"
"12,3 : 39.82"
"12,4 : 16.03"
"12,5 : 62.36"
"12,6 : 29.21"
"12,7 : 27.2"
"12,8 : 17.03"
"12,9 : 22.02"
"12,10 : 27.51"
"12,11 : 87.82"
"12,12 : 0.0"
"12,13 : 56.22"
"12,14 : 85.44"
"12,15 : 18.87"
"12,16 : 72.62"
"12,17 : 86.77"
"12,18 : 59.91"
"12,19 : 75.29"
"12,20 : 19.42"
"12,21 : 67.19"
"12,22 : 73.36"
"12,23 : 29.15"
"12,24 : 86.61"
"12,25 : 26.17"
"12,26 : 54.92"
"12,27 : 17.09"
"12,28 : 69.03"
"12,29 : 46.69"
"12,30 : 42.05"
"12,31 : 42.72"
"12,32 : 66.85"
"12,33 : 62.8"
"12,34 : 80.95"
"12,35 : 66.73"
"12,36 : 66.13"
"12,37 : 53.01"
"12,38 : 15.0"
"12,39 : 49.82"
"12,40 : 55.04"
"12,41 : 85.23"
"12,42 : 81.06"
"12,43 : 16.28"
"12,44 : 7.0"
"12,45 : 27.8"
"12,46 : 24.35"
"12,47 : 27.07"
"12,48 : 38.48"
"12,49 : 28.64"
"13,0 : 52.01"
"13,1 : 63.29"
"13,2 : 70.09"
"13,3 : 31.89"
"13,4 : 58.05"
"13,5 : 12.65"
"13,6 : 82.28"
"13,7 : 82.05"
"13,8 : 61.1"
"13,9 : 47.41"
"13,10 : 33.11"
"13,11 : 81.88"
"13,12 : 56.22"
"13,13 : 0.0"
"13,14 : 77.65"
"13,15 : 47.3"
"13,16 : 77.25"
"13,17 : 83.55"
"13,18 : 10.2"
"13,19 : 109.6"
"13,20 : 73.76"
"13,21 : 80.13"
"13,22 : 40.02"
"13,23 : 27.07"
"13,24 : 79.76"
"13,25 : 82.39"
"13,26 : 57.25"
"13,27 : 51.2"
"13,28 : 91.61"
"13,29 : 43.05"
"13,30 : 57.38"
"13,31 : 84.06"
"13,32 : 105.12"
"13,33 : 57.87"
"13,34 : 79.31"
"13,35 : 103.48"
"13,36 : 74.69"
"13,37 : 81.32"
"13,38 : 46.17"
"13,39 : 50.61"
"13,40 : 83.45"
"13,41 : 78.92"
"13,42 : 68.18"
"13,43 : 60.02"
"13,44 : 63.2"
"13,45 : 81.04"
"13,46 : 69.86"
"13,47 : 29.83"
"13,48 : 82.37"
"13,49 : 59.91"
"14,0 : 54.64"
"14,1 : 98.48"
"14,2 : 11.4"
"14,3 : 54.13"
"14,4 : 99.76"
"14,5 : 90.09"
"14,6 : 87.62"
"14,7 : 107.63"
"14,8 : 72.35"
"14,9 : 63.63"
"14,10 : 66.1"
"14,11 : 4.47"
"14,12 : 85.44"
"14,13 : 77.65"
"14,14 : 0.0"
"14,15 : 95.08"
"14,16 : 18.68"
"14,17 : 7.81"
"14,18 : 87.82"
"14,19 : 68.0"
"14,20 : 86.98"
"14,21 : 29.83"
"14,22 : 42.49"
"14,23 : 76.9"
"14,24 : 2.24"
"14,25 : 99.72"
"14,26 : 30.53"
"14,27 : 96.66"
"14,28 : 44.1"
"14,29 : 41.76"
"14,30 : 44.05"
"14,31 : 68.88"
"14,32 : 71.7"
"14,33 : 23.41"
"14,34 : 9.0"
"14,35 : 68.59"
"14,36 : 25.08"
"14,37 : 50.7"
"14,38 : 71.59"
"14,39 : 36.25"
"14,40 : 50.92"
"14,41 : 2.24"
"14,42 : 10.3"
"14,43 : 100.72"
"14,44 : 89.4"
"14,45 : 87.46"
"14,46 : 72.92"
"14,47 : 72.53"
"14,48 : 72.2"
"14,49 : 59.46"
"15,0 : 43.29"
"15,1 : 17.72"
"15,2 : 84.15"
"15,3 : 43.01"
"15,4 : 11.0"
"15,5 : 50.01"
"15,6 : 47.38"
"15,7 : 36.88"
"15,8 : 34.79"
"15,9 : 33.24"
"15,10 : 29.68"
"15,11 : 98.08"
"15,12 : 18.87"
"15,13 : 47.3"
"15,14 : 95.08"
"15,15 : 0.0"
"15,16 : 84.93"
"15,17 : 97.72"
"15,18 : 48.01"
"15,19 : 93.64"
"15,20 : 37.48"
"15,21 : 81.3"
"15,22 : 74.33"
"15,23 : 23.02"
"15,24 : 96.57"
"15,25 : 40.71"
"15,26 : 65.15"
"15,27 : 4.0"
"15,28 : 85.38"
"15,29 : 53.67"
"15,30 : 54.59"
"15,31 : 61.33"
"15,32 : 85.49"
"15,33 : 71.69"
"15,34 : 92.05"
"15,35 : 85.23"
"15,36 : 79.08"
"15,37 : 69.87"
"15,38 : 25.08"
"15,39 : 58.87"
"15,40 : 72.01"
"15,41 : 95.27"
"15,42 : 89.01"
"15,43 : 13.0"
"15,44 : 23.35"
"15,45 : 45.97"
"15,46 : 42.95"
"15,47 : 24.76"
"15,48 : 57.25"
"15,49 : 44.18"
"16,0 : 42.06"
"16,1 : 85.49"
"16,2 : 11.7"
"16,3 : 48.51"
"16,4 : 87.92"
"16,5 : 89.89"
"16,6 : 70.72"
"16,7 : 92.42"
"16,8 : 57.8"
"16,9 : 51.92"
"16,10 : 58.03"
"16,11 : 18.36"
"16,12 : 72.62"
"16,13 : 77.25"
"16,14 : 18.68"
"16,15 : 84.93"
"16,16 : 0.0"
"16,17 : 15.62"
"16,18 : 87.32"
"16,19 : 50.25"
"16,20 : 71.22"
"16,21 : 11.18"
"16,22 : 49.58"
"16,23 : 70.01"
"16,24 : 18.38"
"16,25 : 83.74"
"16,26 : 21.1"
"16,27 : 85.87"
"16,28 : 26.08"
"16,29 : 35.51"
"16,30 : 30.68"
"16,31 : 50.77"
"16,32 : 53.24"
"16,33 : 19.72"
"16,34 : 10.3"
"16,35 : 50.16"
"16,36 : 7.07"
"16,37 : 32.2"
"16,38 : 60.17"
"16,39 : 28.16"
"16,40 : 32.31"
"16,41 : 17.09"
"16,42 : 23.35"
"16,43 : 88.6"
"16,44 : 75.59"
"16,45 : 70.71"
"16,46 : 56.85"
"16,47 : 65.01"
"16,48 : 54.41"
"16,49 : 44.78"
"17,0 : 55.9"
"17,1 : 99.76"
"17,2 : 14.04"
"17,3 : 58.22"
"17,4 : 101.64"
"17,5 : 96.1"
"17,6 : 86.31"
"17,7 : 107.62"
"17,8 : 72.67"
"17,9 : 65.39"
"17,10 : 69.43"
"17,11 : 4.12"
"17,12 : 86.77"
"17,13 : 83.55"
"17,14 : 7.81"
"17,15 : 97.72"
"17,16 : 15.62"
"17,17 : 0.0"
"17,18 : 93.74"
"17,19 : 62.2"
"17,20 : 86.56"
"17,21 : 25.94"
"17,22 : 49.74"
"17,23 : 80.75"
"17,24 : 5.83"
"17,25 : 99.16"
"17,26 : 32.57"
"17,27 : 99.02"
"17,28 : 38.83"
"17,29 : 45.4"
"17,30 : 44.78"
"17,31 : 66.29"
"17,32 : 66.71"
"17,33 : 27.07"
"17,34 : 5.83"
"17,35 : 63.56"
"17,36 : 22.67"
"17,37 : 47.51"
"17,38 : 73.54"
"17,39 : 39.05"
"17,40 : 47.41"
"17,41 : 5.66"
"17,42 : 17.8"
"17,43 : 102.46"
"17,44 : 90.21"
"17,45 : 86.28"
"17,46 : 72.25"
"17,47 : 76.12"
"17,48 : 70.0"
"17,49 : 59.64"
"18,0 : 60.11"
"18,1 : 65.12"
"18,2 : 80.28"
"18,3 : 41.05"
"18,4 : 59.01"
"18,5 : 2.83"
"18,6 : 87.46"
"18,7 : 84.29"
"18,8 : 67.12"
"18,9 : 54.41"
"18,10 : 40.0"
"18,11 : 92.07"
"18,12 : 59.91"
"18,13 : 10.2"
"18,14 : 87.82"
"18,15 : 48.01"
"18,16 : 87.32"
"18,17 : 93.74"
"18,18 : 0.0"
"18,19 : 118.19"
"18,20 : 78.43"
"18,21 : 89.89"
"18,22 : 49.5"
"18,23 : 31.38"
"18,24 : 89.94"
"18,25 : 85.91"
"18,26 : 67.12"
"18,27 : 52.01"
"18,28 : 100.96"
"18,29 : 52.77"
"18,30 : 66.4"
"18,31 : 91.4"
"18,32 : 113.22"
"18,33 : 68.01"
"18,34 : 89.5"
"18,35 : 111.73"
"18,36 : 84.58"
"18,37 : 90.03"
"18,38 : 51.88"
"18,39 : 60.37"
"18,40 : 92.2"
"18,41 : 89.11"
"18,42 : 78.31"
"18,43 : 61.01"
"18,44 : 66.71"
"18,45 : 86.16"
"18,46 : 76.16"
"18,47 : 35.36"
"18,48 : 89.31"
"18,49 : 67.48"
"19,0 : 58.26"
"19,1 : 84.34"
"19,2 : 61.66"
"19,3 : 77.83"
"19,4 : 90.47"
"19,5 : 121.02"
"19,6 : 54.01"
"19,7 : 80.1"
"19,8 : 58.87"
"19,9 : 65.73"
"19,10 : 79.2"
"19,11 : 66.12"
"19,12 : 75.29"
"19,13 : 109.6"
"19,14 : 68.0"
"19,15 : 93.64"
"19,16 : 50.25"
"19,17 : 62.2"
"19,18 : 118.19"
"19,19 : 0.0"
"19,20 : 61.29"
"19,21 : 39.62"
"19,22 : 94.94"
"19,23 : 90.7"
"19,24 : 67.03"
"19,25 : 69.12"
"19,26 : 58.14"
"19,27 : 92.35"
"19,28 : 24.19"
"19,29 : 68.82"
"19,30 : 52.5"
"19,31 : 32.76"
"19,32 : 10.44"
"19,33 : 63.91"
"19,34 : 59.0"
"19,35 : 9.0"
"19,36 : 46.1"
"19,37 : 28.32"
"19,38 : 71.59"
"19,39 : 62.43"
"19,40 : 26.25"
"19,41 : 66.01"
"19,42 : 73.55"
"19,43 : 90.03"
"19,44 : 73.55"
"19,45 : 55.0"
"19,46 : 50.96"
"19,47 : 85.45"
"19,48 : 37.48"
"19,49 : 52.15"
"20,0 : 34.89"
"20,1 : 23.77"
"20,2 : 75.69"
"20,3 : 51.62"
"20,4 : 30.89"
"20,5 : 80.99"
"20,6 : 9.9"
"20,7 : 21.47"
"20,8 : 16.16"
"20,9 : 30.59"
"20,10 : 42.05"
"20,11 : 88.46"
"20,12 : 19.42"
"20,13 : 73.76"
"20,14 : 86.98"
"20,15 : 37.48"
"20,16 : 71.22"
"20,17 : 86.56"
"20,18 : 78.43"
"20,19 : 61.29"
"20,20 : 0.0"
"20,21 : 63.29"
"20,22 : 84.2"
"20,23 : 47.13"
"20,24 : 87.69"
"20,25 : 12.81"
"20,26 : 57.8"
"20,27 : 34.83"
"20,28 : 60.73"
"20,29 : 54.23"
"20,30 : 43.42"
"20,31 : 29.02"
"20,32 : 51.79"
"20,33 : 66.61"
"20,34 : 80.81"
"20,35 : 52.35"
"20,36 : 64.2"
"20,37 : 44.6"
"20,38 : 28.07"
"20,39 : 54.71"
"20,40 : 46.17"
"20,41 : 86.28"
"20,42 : 84.81"
"20,43 : 29.97"
"20,44 : 14.21"
"20,45 : 8.49"
"20,46 : 14.42"
"20,47 : 43.93"
"20,48 : 24.0"
"20,49 : 27.8"
"21,0 : 38.05"
"21,1 : 79.7"
"21,2 : 22.09"
"21,3 : 49.4"
"21,4 : 82.98"
"21,5 : 92.59"
"21,6 : 61.72"
"21,7 : 84.72"
"21,8 : 51.26"
"21,9 : 48.09"
"21,10 : 56.72"
"21,11 : 29.15"
"21,12 : 67.19"
"21,13 : 80.13"
"21,14 : 29.83"
"21,15 : 81.3"
"21,16 : 11.18"
"21,17 : 25.94"
"21,18 : 89.89"
"21,19 : 39.62"
"21,20 : 63.29"
"21,21 : 0.0"
"21,22 : 57.14"
"21,23 : 69.05"
"21,24 : 29.41"
"21,25 : 75.45"
"21,26 : 23.02"
"21,27 : 81.74"
"21,28 : 15.52"
"21,29 : 37.12"
"21,30 : 27.02"
"21,31 : 40.61"
"21,32 : 42.11"
"21,33 : 25.81"
"21,34 : 21.19"
"21,35 : 39.05"
"21,36 : 6.71"
"21,37 : 21.63"
"21,38 : 56.22"
"21,39 : 29.53"
"21,40 : 21.47"
"21,41 : 28.16"
"21,42 : 34.06"
"21,43 : 83.43"
"21,44 : 69.29"
"21,45 : 61.85"
"21,46 : 48.88"
"21,47 : 63.79"
"21,48 : 44.6"
"21,49 : 38.6"
"22,0 : 50.49"
"22,1 : 84.91"
"22,2 : 38.95"
"22,3 : 33.54"
"22,4 : 82.8"
"22,5 : 51.24"
"22,6 : 89.44"
"22,7 : 100.22"
"22,8 : 68.15"
"22,9 : 53.76"
"22,10 : 46.32"
"22,11 : 46.96"
"22,12 : 73.36"
"22,13 : 40.02"
"22,14 : 42.49"
"22,15 : 74.33"
"22,16 : 49.58"
"22,17 : 49.74"
"22,18 : 49.5"
"22,19 : 94.94"
"22,20 : 84.2"
"22,21 : 57.14"
"22,22 : 0.0"
"22,23 : 51.62"
"22,24 : 44.72"
"22,25 : 96.14"
"22,26 : 37.0"
"22,27 : 77.34"
"22,28 : 72.07"
"22,29 : 31.06"
"22,30 : 47.17"
"22,31 : 80.22"
"22,32 : 94.25"
"22,33 : 31.38"
"22,34 : 47.2"
"22,35 : 91.71"
"22,36 : 50.48"
"22,37 : 68.68"
"22,38 : 58.6"
"22,39 : 34.37"
"22,40 : 70.21"
"22,41 : 44.29"
"22,42 : 32.2"
"22,43 : 84.4"
"22,44 : 79.62"
"22,45 : 88.65"
"22,46 : 73.82"
"22,47 : 49.68"
"22,48 : 81.01"
"22,49 : 59.3"
"23,0 : 33.11"
"23,1 : 36.88"
"23,2 : 66.75"
"23,3 : 22.8"
"23,4 : 32.7"
"23,5 : 34.01"
"23,6 : 56.08"
"23,7 : 55.23"
"23,8 : 36.06"
"23,9 : 25.0"
"23,10 : 12.37"
"23,11 : 80.41"
"23,12 : 29.15"
"23,13 : 27.07"
"23,14 : 76.9"
"23,15 : 23.02"
"23,16 : 70.01"
"23,17 : 80.75"
"23,18 : 31.38"
"23,19 : 90.7"
"23,20 : 47.13"
"23,21 : 69.05"
"23,22 : 51.62"
"23,23 : 0.0"
"23,24 : 78.64"
"23,25 : 55.33"
"23,26 : 49.01"
"23,27 : 26.42"
"23,28 : 76.9"
"23,29 : 35.36"
"23,30 : 42.45"
"23,31 : 61.52"
"23,32 : 84.5"
"23,33 : 53.76"
"23,34 : 75.43"
"23,35 : 83.41"
"23,36 : 65.28"
"23,37 : 63.53"
"23,38 : 20.81"
"23,39 : 42.05"
"23,40 : 65.76"
"23,41 : 77.47"
"23,42 : 69.57"
"23,43 : 34.54"
"23,44 : 36.12"
"23,45 : 54.78"
"23,46 : 45.22"
"23,47 : 5.39"
"23,48 : 58.9"
"23,49 : 38.6"
"24,0 : 55.76"
"24,1 : 99.64"
"24,2 : 12.53"
"24,3 : 55.9"
"24,4 : 101.07"
"24,5 : 92.23"
"24,6 : 88.09"
"24,7 : 108.47"
"24,8 : 73.25"
"24,9 : 64.88"
"24,10 : 67.72"
"24,11 : 2.24"
"24,12 : 86.61"
"24,13 : 79.76"
"24,14 : 2.24"
"24,15 : 96.57"
"24,16 : 18.38"
"24,17 : 5.83"
"24,18 : 89.94"
"24,19 : 67.03"
"24,20 : 87.69"
"24,21 : 29.41"
"24,22 : 44.72"
"24,23 : 78.64"
"24,24 : 0.0"
"24,25 : 100.41"
"24,26 : 31.76"
"24,27 : 98.09"
"24,28 : 43.29"
"24,29 : 43.42"
"24,30 : 45.0"
"24,31 : 68.96"
"24,32 : 71.02"
"24,33 : 25.0"
"24,34 : 8.25"
"24,35 : 67.9"
"24,36 : 25.06"
"24,37 : 50.57"
"24,38 : 72.9"
"24,39 : 37.7"
"24,40 : 50.7"
"24,41 : 1.41"
"24,42 : 12.53"
"24,43 : 102.0"
"24,44 : 90.44"
"24,45 : 87.97"
"24,46 : 73.55"
"24,47 : 74.22"
"24,48 : 72.4"
"24,49 : 60.31"
"25,0 : 47.51"
"25,1 : 23.6"
"25,2 : 88.46"
"25,3 : 63.06"
"25,4 : 31.4"
"25,5 : 88.29"
"25,6 : 15.3"
"25,7 : 11.0"
"25,8 : 28.65"
"25,9 : 42.38"
"25,10 : 52.35"
"25,11 : 101.14"
"25,12 : 26.17"
"25,13 : 82.39"
"25,14 : 99.72"
"25,15 : 40.71"
"25,16 : 83.74"
"25,17 : 99.16"
"25,18 : 85.91"
"25,19 : 69.12"
"25,20 : 12.81"
"25,21 : 75.45"
"25,22 : 96.14"
"25,23 : 55.33"
"25,24 : 100.41"
"25,25 : 0.0"
"25,26 : 70.6"
"25,27 : 37.22"
"25,28 : 71.69"
"25,29 : 66.64"
"25,30 : 56.22"
"25,31 : 38.6"
"25,32 : 59.01"
"25,33 : 79.4"
"25,34 : 93.43"
"25,35 : 60.13"
"25,36 : 76.69"
"25,37 : 55.9"
"25,38 : 38.47"
"25,39 : 67.42"
"25,40 : 57.27"
"25,41 : 98.99"
"25,42 : 97.62"
"25,43 : 29.83"
"25,44 : 19.24"
"25,45 : 14.56"
"25,46 : 26.91"
"25,47 : 53.01"
"25,48 : 33.53"
"25,49 : 40.61"
"26,0 : 24.21"
"26,1 : 67.96"
"26,2 : 19.24"
"26,3 : 27.46"
"26,4 : 69.32"
"26,5 : 69.78"
"26,6 : 59.94"
"26,7 : 77.79"
"26,8 : 42.45"
"26,9 : 33.12"
"26,10 : 37.22"
"26,11 : 33.11"
"26,12 : 54.92"
"26,13 : 57.25"
"26,14 : 30.53"
"26,15 : 65.15"
"26,16 : 21.1"
"26,17 : 32.57"
"26,18 : 67.12"
"26,19 : 58.14"
"26,20 : 57.8"
"26,21 : 23.02"
"26,22 : 37.0"
"26,23 : 49.01"
"26,24 : 31.76"
"26,25 : 70.6"
"26,26 : 0.0"
"26,27 : 66.48"
"26,28 : 36.24"
"26,29 : 14.56"
"26,30 : 14.42"
"26,31 : 45.4"
"26,32 : 57.28"
"26,33 : 8.94"
"26,34 : 26.93"
"26,35 : 54.71"
"26,36 : 17.46"
"26,37 : 31.78"
"26,38 : 41.15"
"26,39 : 7.07"
"26,40 : 33.24"
"26,41 : 30.41"
"26,42 : 27.02"
"26,43 : 70.24"
"26,44 : 59.03"
"26,45 : 59.54"
"26,46 : 44.42"
"26,47 : 44.1"
"26,48 : 47.3"
"26,49 : 30.0"
"27,0 : 43.93"
"27,1 : 13.93"
"27,2 : 85.62"
"27,3 : 45.45"
"27,4 : 7.0"
"27,5 : 54.01"
"27,6 : 44.69"
"27,7 : 32.98"
"27,8 : 33.73"
"27,9 : 33.96"
"27,10 : 32.02"
"27,11 : 99.54"
"27,12 : 17.09"
"27,13 : 51.2"
"27,14 : 96.66"
"27,15 : 4.0"
"27,16 : 85.87"
"27,17 : 99.02"
"27,18 : 52.01"
"27,19 : 92.35"
"27,20 : 34.83"
"27,21 : 81.74"
"27,22 : 77.34"
"27,23 : 26.42"
"27,24 : 98.09"
"27,25 : 37.22"
"27,26 : 66.48"
"27,27 : 0.0"
"27,28 : 85.09"
"27,29 : 55.57"
"27,30 : 55.32"
"27,31 : 59.81"
"27,32 : 83.93"
"27,33 : 73.35"
"27,34 : 93.3"
"27,35 : 83.82"
"27,36 : 79.83"
"27,37 : 69.35"
"27,38 : 25.71"
"27,39 : 60.42"
"27,40 : 71.45"
"27,41 : 96.77"
"27,42 : 90.92"
"27,43 : 9.0"
"27,44 : 20.62"
"27,45 : 43.28"
"27,46 : 41.44"
"27,47 : 27.66"
"27,48 : 55.54"
"27,49 : 44.0"
"28,0 : 43.97"
"28,1 : 80.5"
"28,2 : 37.48"
"28,3 : 59.91"
"28,4 : 85.05"
"28,5 : 103.73"
"28,6 : 56.8"
"28,7 : 81.93"
"28,8 : 52.09"
"28,9 : 53.37"
"28,10 : 64.62"
"28,11 : 42.58"
"28,12 : 69.03"
"28,13 : 91.61"
"28,14 : 44.1"
"28,15 : 85.38"
"28,16 : 26.08"
"28,17 : 38.83"
"28,18 : 100.96"
"28,19 : 24.19"
"28,20 : 60.73"
"28,21 : 15.52"
"28,22 : 72.07"
"28,23 : 76.9"
"28,24 : 43.29"
"28,25 : 71.69"
"28,26 : 36.24"
"28,27 : 85.09"
"28,28 : 0.0"
"28,29 : 48.92"
"28,30 : 34.89"
"28,31 : 33.62"
"28,32 : 27.89"
"28,33 : 40.71"
"28,34 : 35.13"
"28,35 : 24.74"
"28,36 : 22.14"
"28,37 : 16.28"
"28,38 : 60.83"
"28,39 : 41.73"
"28,40 : 14.56"
"28,41 : 42.19"
"28,42 : 49.37"
"28,43 : 85.15"
"28,44 : 69.58"
"28,45 : 57.27"
"28,46 : 47.07"
"28,47 : 71.51"
"28,48 : 38.47"
"28,49 : 41.19"
"29,0 : 19.65"
"29,1 : 59.41"
"29,2 : 31.4"
"29,3 : 13.04"
"29,4 : 59.41"
"29,5 : 55.47"
"29,6 : 58.69"
"29,7 : 72.11"
"29,8 : 38.08"
"29,9 : 25.0"
"29,10 : 24.35"
"29,11 : 45.12"
"29,12 : 46.69"
"29,13 : 43.05"
"29,14 : 41.76"
"29,15 : 53.67"
"29,16 : 35.51"
"29,17 : 45.4"
"29,18 : 52.77"
"29,19 : 68.82"
"29,20 : 54.23"
"29,21 : 37.12"
"29,22 : 31.06"
"29,23 : 35.36"
"29,24 : 43.42"
"29,25 : 66.64"
"29,26 : 14.56"
"29,27 : 55.57"
"29,28 : 48.92"
"29,29 : 0.0"
"29,30 : 17.09"
"29,31 : 49.65"
"29,32 : 66.19"
"29,33 : 18.44"
"29,34 : 40.11"
"29,35 : 64.01"
"29,36 : 31.95"
"29,37 : 40.82"
"29,38 : 31.83"
"29,39 : 7.62"
"29,40 : 42.72"
"29,41 : 42.2"
"29,42 : 35.36"
"29,43 : 60.61"
"29,44 : 52.01"
"29,45 : 57.97"
"29,46 : 42.95"
"29,47 : 30.81"
"29,48 : 50.09"
"29,49 : 28.28"
"30,0 : 11.4"
"30,1 : 55.01"
"30,2 : 32.65"
"30,3 : 25.5"
"30,4 : 57.25"
"30,5 : 69.2"
"30,6 : 45.62"
"30,7 : 63.66"
"30,8 : 28.32"
"30,9 : 21.38"
"30,10 : 30.08"
"30,11 : 46.04"
"30,12 : 42.05"
"30,13 : 57.38"
"30,14 : 44.05"
"30,15 : 54.59"
"30,16 : 30.68"
"30,17 : 44.78"
"30,18 : 66.4"
"30,19 : 52.5"
"30,20 : 43.42"
"30,21 : 27.02"
"30,22 : 47.17"
"30,23 : 42.45"
"30,24 : 45.0"
"30,25 : 56.22"
"30,26 : 14.42"
"30,27 : 55.32"
"30,28 : 34.89"
"30,29 : 17.09"
"30,30 : 0.0"
"30,31 : 33.06"
"30,32 : 49.24"
"30,33 : 23.32"
"30,34 : 38.95"
"30,35 : 47.17"
"30,36 : 24.52"
"30,37 : 24.21"
"30,38 : 29.61"
"30,39 : 13.04"
"30,40 : 26.25"
"30,41 : 43.6"
"30,42 : 41.4"
"30,43 : 57.94"
"30,44 : 45.49"
"30,45 : 45.18"
"30,46 : 30.02"
"30,47 : 37.11"
"30,48 : 34.13"
"30,49 : 15.62"
"31,0 : 32.7"
"31,1 : 51.62"
"31,2 : 58.69"
"31,3 : 54.23"
"31,4 : 57.72"
"31,5 : 94.2"
"31,6 : 23.41"
"31,7 : 49.24"
"31,8 : 26.93"
"31,9 : 37.01"
"31,10 : 51.4"
"31,11 : 69.12"
"31,12 : 42.72"
"31,13 : 84.06"
"31,14 : 68.88"
"31,15 : 61.33"
"31,16 : 50.77"
"31,17 : 66.29"
"31,18 : 91.4"
"31,19 : 32.76"
"31,20 : 29.02"
"31,21 : 40.61"
"31,22 : 80.22"
"31,23 : 61.52"
"31,24 : 68.96"
"31,25 : 38.6"
"31,26 : 45.4"
"31,27 : 59.81"
"31,28 : 33.62"
"31,29 : 49.65"
"31,30 : 33.06"
"31,31 : 0.0"
"31,32 : 24.17"
"31,33 : 53.94"
"31,34 : 61.06"
"31,35 : 24.04"
"31,36 : 43.91"
"31,37 : 19.1"
"31,38 : 41.11"
"31,39 : 46.01"
"31,40 : 19.85"
"31,41 : 67.6"
"31,42 : 69.89"
"31,43 : 57.27"
"31,44 : 40.79"
"31,45 : 24.04"
"31,46 : 18.38"
"31,47 : 56.64"
"31,48 : 5.1"
"31,49 : 24.19"
"32,0 : 53.15"
"32,1 : 75.19"
"32,2 : 64.01"
"32,3 : 73.82"
"32,4 : 81.61"
"32,5 : 116.04"
"32,6 : 44.05"
"32,7 : 70.01"
"32,8 : 51.0"
"32,9 : 59.55"
"32,10 : 73.55"
"32,11 : 70.41"
"32,12 : 66.85"
"32,13 : 105.12"
"32,14 : 71.7"
"32,15 : 85.49"
"32,16 : 53.24"
"32,17 : 66.71"
"32,18 : 113.22"
"32,19 : 10.44"
"32,20 : 51.79"
"32,21 : 42.11"
"32,22 : 94.25"
"32,23 : 84.5"
"32,24 : 71.02"
"32,25 : 59.01"
"32,26 : 57.28"
"32,27 : 83.93"
"32,28 : 27.89"
"32,29 : 66.19"
"32,30 : 49.24"
"32,31 : 24.17"
"32,32 : 0.0"
"32,33 : 64.13"
"32,34 : 62.8"
"32,35 : 3.16"
"32,36 : 48.0"
"32,37 : 25.63"
"32,38 : 64.64"
"32,39 : 60.54"
"32,40 : 24.04"
"32,41 : 69.87"
"32,42 : 76.01"
"32,43 : 81.04"
"32,44 : 64.56"
"32,45 : 45.1"
"32,46 : 42.54"
"32,47 : 79.4"
"32,48 : 28.46"
"32,49 : 46.01"
"33,0 : 32.53"
"33,1 : 75.8"
"33,2 : 13.04"
"33,3 : 31.14"
"33,4 : 76.66"
"33,5 : 70.52"
"33,6 : 68.88"
"33,7 : 86.37"
"33,8 : 51.09"
"33,9 : 40.8"
"33,10 : 42.72"
"33,11 : 26.68"
"33,12 : 62.8"
"33,13 : 57.87"
"33,14 : 23.41"
"33,15 : 71.69"
"33,16 : 19.72"
"33,17 : 27.07"
"33,18 : 68.01"
"33,19 : 63.91"
"33,20 : 66.61"
"33,21 : 25.81"
"33,22 : 31.38"
"33,23 : 53.76"
"33,24 : 25.0"
"33,25 : 79.4"
"33,26 : 8.94"
"33,27 : 73.35"
"33,28 : 40.71"
"33,29 : 18.44"
"33,30 : 23.32"
"33,31 : 53.94"
"33,32 : 64.13"
"33,33 : 0.0"
"33,34 : 22.02"
"33,35 : 61.39"
"33,36 : 19.21"
"33,37 : 39.12"
"33,38 : 48.55"
"33,39 : 13.04"
"33,40 : 40.31"
"33,41 : 23.77"
"33,42 : 18.38"
"33,43 : 77.7"
"33,44 : 67.27"
"33,45 : 68.48"
"33,46 : 53.34"
"33,47 : 49.24"
"33,48 : 56.04"
"33,49 : 38.83"
"34,0 : 50.09"
"34,1 : 93.94"
"34,2 : 9.22"
"34,3 : 53.04"
"34,4 : 95.85"
"34,5 : 91.92"
"34,6 : 80.72"
"34,7 : 101.83"
"34,8 : 66.85"
"34,9 : 59.62"
"34,10 : 63.95"
"34,11 : 8.06"
"34,12 : 80.95"
"34,13 : 79.31"
"34,14 : 9.0"
"34,15 : 92.05"
"34,16 : 10.3"
"34,17 : 5.83"
"34,18 : 89.5"
"34,19 : 59.0"
"34,20 : 80.81"
"34,21 : 21.19"
"34,22 : 47.2"
"34,23 : 75.43"
"34,24 : 8.25"
"34,25 : 93.43"
"34,26 : 26.93"
"34,27 : 93.3"
"34,28 : 35.13"
"34,29 : 40.11"
"34,30 : 38.95"
"34,31 : 61.06"
"34,32 : 62.8"
"34,33 : 22.02"
"34,34 : 0.0"
"34,35 : 59.68"
"34,36 : 17.2"
"34,37 : 42.49"
"34,38 : 67.78"
"34,39 : 33.54"
"34,40 : 42.54"
"34,41 : 7.07"
"34,42 : 16.64"
"34,43 : 96.66"
"34,44 : 84.38"
"34,45 : 80.66"
"34,46 : 66.53"
"34,47 : 70.71"
"34,48 : 64.64"
"34,49 : 53.82"
"35,0 : 51.62"
"35,1 : 75.5"
"35,2 : 61.0"
"35,3 : 72.01"
"35,4 : 81.74"
"35,5 : 114.56"
"35,6 : 45.01"
"35,7 : 71.11"
"35,8 : 50.57"
"35,9 : 58.41"
"35,10 : 72.25"
"35,11 : 67.27"
"35,12 : 66.73"
"35,13 : 103.48"
"35,14 : 68.59"
"35,15 : 85.23"
"35,16 : 50.16"
"35,17 : 63.56"
"35,18 : 111.73"
"35,19 : 9.0"
"35,20 : 52.35"
"35,21 : 39.05"
"35,22 : 91.71"
"35,23 : 83.41"
"35,24 : 67.9"
"35,25 : 60.13"
"35,26 : 54.71"
"35,27 : 83.82"
"35,28 : 24.74"
"35,29 : 64.01"
"35,30 : 47.17"
"35,31 : 24.04"
"35,32 : 3.16"
"35,33 : 61.39"
"35,34 : 59.68"
"35,35 : 0.0"
"35,36 : 45.01"
"35,37 : 23.26"
"35,38 : 63.81"
"35,39 : 58.18"
"35,40 : 21.54"
"35,41 : 66.75"
"35,42 : 73.0"
"35,43 : 81.25"
"35,44 : 64.76"
"35,45 : 46.0"
"35,46 : 42.38"
"35,47 : 78.24"
"35,48 : 28.64"
"35,49 : 44.82"
"36,0 : 35.9"
"36,1 : 78.92"
"36,2 : 16.03"
"36,3 : 44.64"
"36,4 : 81.61"
"36,5 : 87.24"
"36,6 : 63.66"
"36,7 : 85.45"
"36,8 : 51.0"
"36,9 : 45.89"
"36,10 : 53.08"
"36,11 : 25.24"
"36,12 : 66.13"
"36,13 : 74.69"
"36,14 : 25.08"
"36,15 : 79.08"
"36,16 : 7.07"
"36,17 : 22.67"
"36,18 : 84.58"
"36,19 : 46.1"
"36,20 : 64.2"
"36,21 : 6.71"
"36,22 : 50.48"
"36,23 : 65.28"
"36,24 : 25.06"
"36,25 : 76.69"
"36,26 : 17.46"
"36,27 : 79.83"
"36,28 : 22.14"
"36,29 : 31.95"
"36,30 : 24.52"
"36,31 : 43.91"
"36,32 : 48.0"
"36,33 : 19.21"
"36,34 : 17.2"
"36,35 : 45.01"
"36,36 : 0.0"
"36,37 : 25.63"
"36,38 : 54.13"
"36,39 : 24.35"
"36,40 : 25.96"
"36,41 : 23.71"
"36,42 : 28.02"
"36,43 : 82.22"
"36,44 : 68.88"
"36,45 : 63.64"
"36,46 : 49.82"
"36,47 : 60.13"
"36,48 : 47.43"
"36,49 : 38.01"
"37,0 : 30.53"
"37,1 : 64.28"
"37,2 : 41.23"
"37,3 : 49.52"
"37,4 : 69.0"
"37,5 : 92.85"
"37,6 : 41.34"
"37,7 : 65.92"
"37,8 : 36.0"
"37,9 : 39.0"
"37,10 : 51.62"
"37,11 : 50.54"
"37,12 : 53.01"
"37,13 : 81.32"
"37,14 : 50.7"
"37,15 : 69.87"
"37,16 : 32.2"
"37,17 : 47.51"
"37,18 : 90.03"
"37,19 : 28.32"
"37,20 : 44.6"
"37,21 : 21.63"
"37,22 : 68.68"
"37,23 : 63.53"
"37,24 : 50.57"
"37,25 : 55.9"
"37,26 : 31.78"
"37,27 : 69.35"
"37,28 : 16.28"
"37,29 : 40.82"
"37,30 : 24.21"
"37,31 : 19.1"
"37,32 : 25.63"
"37,33 : 39.12"
"37,34 : 42.49"
"37,35 : 23.26"
"37,36 : 25.63"
"37,37 : 0.0"
"37,38 : 45.88"
"37,39 : 34.93"
"37,40 : 2.24"
"37,41 : 49.24"
"37,42 : 52.95"
"37,43 : 69.03"
"37,44 : 53.34"
"37,45 : 41.68"
"37,46 : 30.81"
"37,47 : 58.18"
"37,48 : 23.43"
"37,49 : 25.96"
"38,0 : 18.25"
"38,1 : 27.59"
"38,2 : 60.37"
"38,3 : 25.08"
"38,4 : 28.18"
"38,5 : 54.59"
"38,6 : 36.14"
"38,7 : 41.63"
"38,8 : 15.26"
"38,9 : 8.25"
"38,10 : 14.0"
"38,11 : 74.25"
"38,12 : 15.0"
"38,13 : 46.17"
"38,14 : 71.59"
"38,15 : 25.08"
"38,16 : 60.17"
"38,17 : 73.54"
"38,18 : 51.88"
"38,19 : 71.59"
"38,20 : 28.07"
"38,21 : 56.22"
"38,22 : 58.6"
"38,23 : 20.81"
"38,24 : 72.9"
"38,25 : 38.47"
"38,26 : 41.15"
"38,27 : 25.71"
"38,28 : 60.83"
"38,29 : 31.83"
"38,30 : 29.61"
"38,31 : 41.11"
"38,32 : 64.64"
"38,33 : 48.55"
"38,34 : 67.78"
"38,35 : 63.81"
"38,36 : 54.13"
"38,37 : 45.88"
"38,38 : 0.0"
"38,39 : 35.51"
"38,40 : 48.08"
"38,41 : 71.55"
"38,42 : 66.61"
"38,43 : 29.15"
"38,44 : 21.02"
"38,45 : 34.93"
"38,46 : 24.41"
"38,47 : 16.55"
"38,48 : 38.21"
"38,49 : 19.92"
"39,0 : 20.0"
"39,1 : 62.8"
"39,2 : 25.3"
"39,3 : 20.4"
"39,4 : 63.63"
"39,5 : 63.06"
"39,6 : 57.94"
"39,7 : 73.88"
"39,8 : 38.83"
"39,9 : 27.8"
"39,10 : 30.41"
"39,11 : 39.22"
"39,12 : 49.82"
"39,13 : 50.61"
"39,14 : 36.25"
"39,15 : 58.87"
"39,16 : 28.16"
"39,17 : 39.05"
"39,18 : 60.37"
"39,19 : 62.43"
"39,20 : 54.71"
"39,21 : 29.53"
"39,22 : 34.37"
"39,23 : 42.05"
"39,24 : 37.7"
"39,25 : 67.42"
"39,26 : 7.07"
"39,27 : 60.42"
"39,28 : 41.73"
"39,29 : 7.62"
"39,30 : 13.04"
"39,31 : 46.01"
"39,32 : 60.54"
"39,33 : 13.04"
"39,34 : 33.54"
"39,35 : 58.18"
"39,36 : 24.35"
"39,37 : 34.93"
"39,38 : 35.51"
"39,39 : 0.0"
"39,40 : 36.67"
"39,41 : 36.4"
"39,42 : 31.24"
"39,43 : 64.66"
"39,44 : 54.45"
"39,45 : 57.38"
"39,46 : 42.15"
"39,47 : 37.22"
"39,48 : 47.17"
"39,49 : 27.31"
"40,0 : 32.76"
"40,1 : 66.19"
"40,2 : 41.77"
"40,3 : 51.62"
"40,4 : 71.01"
"40,5 : 95.02"
"40,6 : 42.54"
"40,7 : 67.42"
"40,8 : 38.01"
"40,9 : 41.23"
"40,10 : 53.85"
"40,11 : 50.57"
"40,12 : 55.04"
"40,13 : 83.45"
"40,14 : 50.92"
"40,15 : 72.01"
"40,16 : 32.31"
"40,17 : 47.41"
"40,18 : 92.2"
"40,19 : 26.25"
"40,20 : 46.17"
"40,21 : 21.47"
"40,22 : 70.21"
"40,23 : 65.76"
"40,24 : 50.7"
"40,25 : 57.27"
"40,26 : 33.24"
"40,27 : 71.45"
"40,28 : 14.56"
"40,29 : 42.72"
"40,30 : 26.25"
"40,31 : 19.85"
"40,32 : 24.04"
"40,33 : 40.31"
"40,34 : 42.54"
"40,35 : 21.54"
"40,36 : 25.96"
"40,37 : 2.24"
"40,38 : 48.08"
"40,39 : 36.67"
"40,40 : 0.0"
"40,41 : 49.4"
"40,42 : 53.6"
"40,43 : 71.01"
"40,44 : 55.23"
"40,45 : 42.94"
"40,46 : 32.56"
"40,47 : 60.42"
"40,48 : 24.41"
"40,49 : 28.16"
"41,0 : 54.38"
"41,1 : 98.27"
"41,2 : 11.18"
"41,3 : 54.74"
"41,4 : 99.73"
"41,5 : 91.41"
"41,6 : 86.68"
"41,7 : 107.06"
"41,8 : 71.84"
"41,9 : 63.53"
"41,10 : 66.48"
"41,11 : 3.0"
"41,12 : 85.23"
"41,13 : 78.92"
"41,14 : 2.24"
"41,15 : 95.27"
"41,16 : 17.09"
"41,17 : 5.66"
"41,18 : 89.11"
"41,19 : 66.01"
"41,20 : 86.28"
"41,21 : 28.16"
"41,22 : 44.29"
"41,23 : 77.47"
"41,24 : 1.41"
"41,25 : 98.99"
"41,26 : 30.41"
"41,27 : 96.77"
"41,28 : 42.19"
"41,29 : 42.2"
"41,30 : 43.6"
"41,31 : 67.6"
"41,32 : 69.87"
"41,33 : 23.77"
"41,34 : 7.07"
"41,35 : 66.75"
"41,36 : 23.71"
"41,37 : 49.24"
"41,38 : 71.55"
"41,39 : 36.4"
"41,40 : 49.4"
"41,41 : 0.0"
"41,42 : 12.21"
"41,43 : 100.65"
"41,44 : 89.05"
"41,45 : 86.56"
"41,46 : 72.14"
"41,47 : 73.01"
"41,48 : 71.02"
"41,49 : 58.9"
"42,0 : 50.91"
"42,1 : 94.02"
"42,2 : 12.0"
"42,3 : 46.82"
"42,4 : 94.58"
"42,5 : 80.5"
"42,6 : 86.61"
"42,7 : 104.74"
"42,8 : 69.43"
"42,9 : 59.03"
"42,10 : 59.51"
"42,11 : 14.76"
"42,12 : 81.06"
"42,13 : 68.18"
"42,14 : 10.3"
"42,15 : 89.01"
"42,16 : 23.35"
"42,17 : 17.8"
"42,18 : 78.31"
"42,19 : 73.55"
"42,20 : 84.81"
"42,21 : 34.06"
"42,22 : 32.2"
"42,23 : 69.57"
"42,24 : 12.53"
"42,25 : 97.62"
"42,26 : 27.02"
"42,27 : 90.92"
"42,28 : 49.37"
"42,29 : 35.36"
"42,30 : 41.4"
"42,31 : 69.89"
"42,32 : 76.01"
"42,33 : 18.38"
"42,34 : 16.64"
"42,35 : 73.0"
"42,36 : 28.02"
"42,37 : 52.95"
"42,38 : 66.61"
"42,39 : 31.24"
"42,40 : 53.6"
"42,41 : 12.21"
"42,42 : 0.0"
"42,43 : 95.69"
"42,44 : 85.63"
"42,45 : 86.28"
"42,46 : 71.28"
"42,47 : 65.55"
"42,48 : 72.62"
"42,49 : 57.01"
"43,0 : 46.62"
"43,1 : 6.4"
"43,2 : 89.47"
"43,3 : 51.66"
"43,4 : 2.0"
"43,5 : 63.01"
"43,6 : 39.45"
"43,7 : 24.35"
"43,8 : 33.06"
"43,9 : 37.12"
"43,10 : 38.29"
"43,11 : 103.31"
"43,12 : 16.28"
"43,13 : 60.02"
"43,14 : 100.72"
"43,15 : 13.0"
"43,16 : 88.6"
"43,17 : 102.46"
"43,18 : 61.01"
"43,19 : 90.03"
"43,20 : 29.97"
"43,21 : 83.43"
"43,22 : 84.4"
"43,23 : 34.54"
"43,24 : 102.0"
"43,25 : 29.83"
"43,26 : 70.24"
"43,27 : 9.0"
"43,28 : 85.15"
"43,29 : 60.61"
"43,30 : 57.94"
"43,31 : 57.27"
"43,32 : 81.04"
"43,33 : 77.7"
"43,34 : 96.66"
"43,35 : 81.25"
"43,36 : 82.22"
"43,37 : 69.03"
"43,38 : 29.15"
"43,39 : 64.66"
"43,40 : 71.01"
"43,41 : 100.65"
"43,42 : 95.69"
"43,43 : 0.0"
"43,44 : 16.49"
"43,45 : 38.08"
"43,46 : 39.32"
"43,47 : 34.99"
"43,48 : 52.63"
"43,49 : 44.91"
"44,0 : 34.83"
"44,1 : 11.0"
"44,2 : 78.01"
"44,3 : 46.1"
"44,4 : 17.09"
"44,5 : 69.12"
"44,6 : 24.08"
"44,7 : 20.62"
"44,8 : 18.03"
"44,9 : 27.02"
"44,10 : 34.21"
"44,11 : 91.53"
"44,12 : 7.0"
"44,13 : 63.2"
"44,14 : 89.4"
"44,15 : 23.35"
"44,16 : 75.59"
"44,17 : 90.21"
"44,18 : 66.71"
"44,19 : 73.55"
"44,20 : 14.21"
"44,21 : 69.29"
"44,22 : 79.62"
"44,23 : 36.12"
"44,24 : 90.44"
"44,25 : 19.24"
"44,26 : 59.03"
"44,27 : 20.62"
"44,28 : 69.58"
"44,29 : 52.01"
"44,30 : 45.49"
"44,31 : 40.79"
"44,32 : 64.56"
"44,33 : 67.27"
"44,34 : 84.38"
"44,35 : 64.76"
"44,36 : 68.88"
"44,37 : 53.34"
"44,38 : 21.02"
"44,39 : 54.45"
"44,40 : 55.23"
"44,41 : 89.05"
"44,42 : 85.63"
"44,43 : 16.49"
"44,44 : 0.0"
"44,45 : 22.67"
"44,46 : 23.02"
"44,47 : 34.06"
"44,48 : 36.14"
"44,49 : 30.87"
"45,0 : 38.33"
"45,1 : 31.76"
"45,2 : 76.4"
"45,3 : 57.04"
"45,4 : 39.12"
"45,5 : 88.77"
"45,6 : 1.41"
"45,7 : 25.32"
"45,8 : 21.0"
"45,9 : 36.0"
"45,10 : 48.66"
"45,11 : 88.53"
"45,12 : 27.8"
"45,13 : 81.04"
"45,14 : 87.46"
"45,15 : 45.97"
"45,16 : 70.71"
"45,17 : 86.28"
"45,18 : 86.16"
"45,19 : 55.0"
"45,20 : 8.49"
"45,21 : 61.85"
"45,22 : 88.65"
"45,23 : 54.78"
"45,24 : 87.97"
"45,25 : 14.56"
"45,26 : 59.54"
"45,27 : 43.28"
"45,28 : 57.27"
"45,29 : 57.97"
"45,30 : 45.18"
"45,31 : 24.04"
"45,32 : 45.1"
"45,33 : 68.48"
"45,34 : 80.66"
"45,35 : 46.0"
"45,36 : 63.64"
"45,37 : 41.68"
"45,38 : 34.93"
"45,39 : 57.38"
"45,40 : 42.94"
"45,41 : 86.56"
"45,42 : 86.28"
"45,43 : 38.08"
"45,44 : 22.67"
"45,45 : 0.0"
"45,46 : 15.23"
"45,47 : 51.24"
"45,48 : 18.97"
"45,49 : 30.08"
"46,0 : 23.35"
"46,1 : 34.01"
"46,2 : 61.72"
"46,3 : 43.19"
"46,4 : 39.62"
"46,5 : 78.89"
"46,6 : 15.81"
"46,7 : 35.85"
"46,8 : 9.22"
"46,9 : 22.8"
"46,10 : 36.77"
"46,11 : 74.25"
"46,12 : 24.35"
"46,13 : 69.86"
"46,14 : 72.92"
"46,15 : 42.95"
"46,16 : 56.85"
"46,17 : 72.25"
"46,18 : 76.16"
"46,19 : 50.96"
"46,20 : 14.42"
"46,21 : 48.88"
"46,22 : 73.82"
"46,23 : 45.22"
"46,24 : 73.55"
"46,25 : 26.91"
"46,26 : 44.42"
"46,27 : 41.44"
"46,28 : 47.07"
"46,29 : 42.95"
"46,30 : 30.02"
"46,31 : 18.38"
"46,32 : 42.54"
"46,33 : 53.34"
"46,34 : 66.53"
"46,35 : 42.38"
"46,36 : 49.82"
"46,37 : 30.81"
"46,38 : 24.41"
"46,39 : 42.15"
"46,40 : 32.56"
"46,41 : 72.14"
"46,42 : 71.28"
"46,43 : 39.32"
"46,44 : 23.02"
"46,45 : 15.23"
"46,46 : 0.0"
"46,47 : 40.82"
"46,48 : 14.42"
"46,49 : 14.87"
"47,0 : 27.73"
"47,1 : 36.4"
"47,2 : 62.17"
"47,3 : 18.79"
"47,4 : 33.29"
"47,5 : 38.08"
"47,6 : 52.5"
"47,7 : 53.94"
"47,8 : 31.76"
"47,9 : 19.85"
"47,10 : 7.07"
"47,11 : 75.93"
"47,12 : 27.07"
"47,13 : 29.83"
"47,14 : 72.53"
"47,15 : 24.76"
"47,16 : 65.01"
"47,17 : 76.12"
"47,18 : 35.36"
"47,19 : 85.45"
"47,20 : 43.93"
"47,21 : 63.79"
"47,22 : 49.68"
"47,23 : 5.39"
"47,24 : 74.22"
"47,25 : 53.01"
"47,26 : 44.1"
"47,27 : 27.66"
"47,28 : 71.51"
"47,29 : 30.81"
"47,30 : 37.11"
"47,31 : 56.64"
"47,32 : 79.4"
"47,33 : 49.24"
"47,34 : 70.71"
"47,35 : 78.24"
"47,36 : 60.13"
"47,37 : 58.18"
"47,38 : 16.55"
"47,39 : 37.22"
"47,40 : 60.42"
"47,41 : 73.01"
"47,42 : 65.55"
"47,43 : 34.99"
"47,44 : 34.06"
"47,45 : 51.24"
"47,46 : 40.82"
"47,47 : 0.0"
"47,48 : 54.2"
"47,49 : 33.42"
"48,0 : 32.02"
"48,1 : 46.87"
"48,2 : 61.72"
"48,3 : 53.45"
"48,4 : 53.16"
"48,5 : 92.09"
"48,6 : 18.38"
"48,7 : 44.15"
"48,8 : 23.43"
"48,9 : 34.99"
"48,10 : 49.4"
"48,11 : 72.67"
"48,12 : 38.48"
"48,13 : 82.37"
"48,14 : 72.2"
"48,15 : 57.25"
"48,16 : 54.41"
"48,17 : 70.0"
"48,18 : 89.31"
"48,19 : 37.48"
"48,20 : 24.0"
"48,21 : 44.6"
"48,22 : 81.01"
"48,23 : 58.9"
"48,24 : 72.4"
"48,25 : 33.53"
"48,26 : 47.3"
"48,27 : 55.54"
"48,28 : 38.47"
"48,29 : 50.09"
"48,30 : 34.13"
"48,31 : 5.1"
"48,32 : 28.46"
"48,33 : 56.04"
"48,34 : 64.64"
"48,35 : 28.64"
"48,36 : 47.43"
"48,37 : 23.43"
"48,38 : 38.21"
"48,39 : 47.17"
"48,40 : 24.41"
"48,41 : 71.02"
"48,42 : 72.62"
"48,43 : 52.63"
"48,44 : 36.14"
"48,45 : 18.97"
"48,46 : 14.42"
"48,47 : 54.2"
"48,48 : 0.0"
"48,49 : 23.09"
"49,0 : 9.06"
"49,1 : 41.11"
"49,2 : 48.1"
"49,3 : 30.36"
"49,4 : 44.55"
"49,5 : 70.29"
"49,6 : 30.68"
"49,7 : 48.17"
"49,8 : 13.04"
"49,9 : 13.6"
"49,10 : 27.59"
"49,11 : 61.22"
"49,12 : 28.64"
"49,13 : 59.91"
"49,14 : 59.46"
"49,15 : 44.18"
"49,16 : 44.78"
"49,17 : 59.64"
"49,18 : 67.48"
"49,19 : 52.15"
"49,20 : 27.8"
"49,21 : 38.6"
"49,22 : 59.3"
"49,23 : 38.6"
"49,24 : 60.31"
"49,25 : 40.61"
"49,26 : 30.0"
"49,27 : 44.0"
"49,28 : 41.19"
"49,29 : 28.28"
"49,30 : 15.62"
"49,31 : 24.19"
"49,32 : 46.01"
"49,33 : 38.83"
"49,34 : 53.82"
"49,35 : 44.82"
"49,36 : 38.01"
"49,37 : 25.96"
"49,38 : 19.92"
"49,39 : 27.31"
"49,40 : 28.16"
"49,41 : 58.9"
"49,42 : 57.01"
"49,43 : 44.91"
"49,44 : 30.87"
"49,45 : 30.08"
"49,46 : 14.87"
"49,47 : 33.42"
"49,48 : 23.09"
"49,49 : 0.0"
