x,y
80,23
90,66
20,88
77,17
6,100
50,20
54,3
10,97
15,32
43,53
93,67
93,30
21,45
94,66
20,5
5,63
32,51
19,62
8,54
58,89
25,63
41,63
15,20
4,52
79,46
54,79
32,64
96,48
79,84
42,3
81,94
80,31
64,62
91,18
72,90
83,28
27,52
50,72
82,10
10,29
24,71
84,94
82,72
76,4
9,62
74,51
2,4
30,34
60,90
82,57

Distanze
"0,0 : 0.0"
"0,1 : 31.89"
"0,2 : 50.33"
"0,3 : 31.38"
"0,4 : 69.4"
"0,5 : 6.4"
"0,6 : 31.89"
"0,7 : 41.87"
"0,8 : 41.59"
"0,9 : 85.7"
"0,10 : 44.82"
"0,11 : 19.92"
"0,12 : 50.0"
"0,13 : 54.67"
"0,14 : 65.97"
"0,15 : 58.24"
"0,16 : 31.3"
"0,17 : 58.67"
"0,18 : 51.87"
"0,19 : 31.32"
"0,20 : 74.63"
"0,21 : 31.02"
"0,22 : 69.07"
"0,23 : 86.61"
"0,24 : 15.26"
"0,25 : 81.99"
"0,26 : 28.65"
"0,27 : 12.0"
"0,28 : 6.32"
"0,29 : 10.44"
"0,30 : 55.79"
"0,31 : 54.56"
"0,32 : 50.49"
"0,33 : 11.05"
"0,34 : 81.02"
"0,35 : 34.89"
"0,36 : 21.54"
"0,37 : 80.61"
"0,38 : 27.2"
"0,39 : 64.66"
"0,40 : 43.01"
"0,41 : 20.62"
"0,42 : 49.74"
"0,43 : 60.21"
"0,44 : 48.88"
"0,45 : 21.38"
"0,46 : 22.8"
"0,47 : 70.43"
"0,48 : 2.24"
"0,49 : 9.9"
"1,0 : 31.89"
"1,1 : 0.0"
"1,2 : 55.79"
"1,3 : 61.61"
"1,4 : 37.74"
"1,5 : 33.62"
"1,6 : 45.1"
"1,7 : 53.08"
"1,8 : 58.22"
"1,9 : 54.2"
"1,10 : 14.56"
"1,11 : 27.46"
"1,12 : 37.64"
"1,13 : 58.82"
"1,14 : 54.49"
"1,15 : 35.9"
"1,16 : 8.06"
"1,17 : 56.82"
"1,18 : 53.49"
"1,19 : 17.49"
"1,20 : 43.05"
"1,21 : 56.86"
"1,22 : 39.0"
"1,23 : 55.46"
"1,24 : 31.02"
"1,25 : 77.8"
"1,26 : 35.01"
"1,27 : 25.63"
"1,28 : 30.02"
"1,29 : 41.62"
"1,30 : 34.48"
"1,31 : 23.32"
"1,32 : 42.45"
"1,33 : 39.41"
"1,34 : 51.42"
"1,35 : 12.81"
"1,36 : 13.6"
"1,37 : 48.84"
"1,38 : 13.15"
"1,39 : 32.8"
"1,40 : 56.01"
"1,41 : 50.22"
"1,42 : 64.01"
"1,43 : 48.1"
"1,44 : 49.4"
"1,45 : 17.26"
"1,46 : 35.51"
"1,47 : 38.6"
"1,48 : 34.06"
"1,49 : 34.01"
"2,0 : 50.33"
"2,1 : 55.79"
"2,2 : 0.0"
"2,3 : 50.16"
"2,4 : 76.16"
"2,5 : 56.73"
"2,6 : 82.04"
"2,7 : 11.05"
"2,8 : 19.42"
"2,9 : 87.46"
"2,10 : 68.73"
"2,11 : 33.02"
"2,12 : 91.29"
"2,13 : 4.47"
"2,14 : 31.06"
"2,15 : 91.68"
"2,16 : 48.05"
"2,17 : 13.6"
"2,18 : 6.4"
"2,19 : 69.35"
"2,20 : 79.4"
"2,21 : 37.05"
"2,22 : 90.01"
"2,23 : 85.91"
"2,24 : 35.36"
"2,25 : 33.96"
"2,26 : 23.02"
"2,27 : 58.9"
"2,28 : 55.87"
"2,29 : 56.6"
"2,30 : 90.25"
"2,31 : 74.03"
"2,32 : 94.41"
"2,33 : 43.05"
"2,34 : 75.18"
"2,35 : 67.68"
"2,36 : 44.78"
"2,37 : 91.98"
"2,38 : 42.72"
"2,39 : 74.97"
"2,40 : 13.15"
"2,41 : 44.92"
"2,42 : 16.4"
"2,43 : 29.7"
"2,44 : 8.94"
"2,45 : 40.72"
"2,46 : 27.59"
"2,47 : 78.85"
"2,48 : 51.22"
"2,49 : 60.21"
"3,0 : 31.38"
"3,1 : 61.61"
"3,2 : 50.16"
"3,3 : 0.0"
"3,4 : 97.59"
"3,5 : 33.73"
"3,6 : 53.76"
"3,7 : 39.12"
"3,8 : 32.02"
"3,9 : 113.22"
"3,10 : 75.47"
"3,11 : 38.6"
"3,12 : 79.91"
"3,13 : 54.33"
"3,14 : 77.1"
"3,15 : 89.49"
"3,16 : 58.73"
"3,17 : 63.0"
"3,18 : 55.0"
"3,19 : 62.63"
"3,20 : 102.53"
"3,21 : 13.15"
"3,22 : 99.98"
"3,23 : 113.45"
"3,24 : 32.65"
"3,25 : 83.86"
"3,26 : 39.92"
"3,27 : 42.72"
"3,28 : 36.4"
"3,29 : 26.08"
"3,30 : 86.98"
"3,31 : 84.88"
"3,32 : 79.16"
"3,33 : 22.2"
"3,34 : 106.02"
"3,35 : 66.21"
"3,36 : 48.92"
"3,37 : 110.26"
"3,38 : 53.04"
"3,39 : 93.51"
"3,40 : 37.48"
"3,41 : 11.4"
"3,42 : 39.56"
"3,43 : 73.01"
"3,44 : 54.15"
"3,45 : 46.67"
"3,46 : 33.54"
"3,47 : 99.09"
"3,48 : 29.73"
"3,49 : 36.35"
"4,0 : 69.4"
"4,1 : 37.74"
"4,2 : 76.16"
"4,3 : 97.59"
"4,4 : 0.0"
"4,5 : 71.34"
"4,6 : 78.85"
"4,7 : 78.55"
"4,8 : 86.33"
"4,9 : 16.55"
"4,10 : 28.64"
"4,11 : 59.82"
"4,12 : 56.72"
"4,13 : 77.28"
"4,14 : 57.56"
"4,15 : 42.72"
"4,16 : 38.9"
"4,17 : 70.18"
"4,18 : 71.2"
"4,19 : 48.27"
"4,20 : 5.39"
"4,21 : 90.6"
"4,22 : 23.35"
"4,23 : 18.44"
"4,24 : 65.19"
"4,25 : 83.36"
"4,26 : 63.13"
"4,27 : 63.06"
"4,28 : 67.74"
"4,29 : 79.32"
"4,30 : 43.97"
"4,31 : 20.0"
"4,32 : 63.64"
"4,33 : 75.69"
"4,34 : 19.7"
"4,35 : 41.23"
"4,36 : 48.84"
"4,37 : 16.03"
"4,38 : 44.6"
"4,39 : 6.0"
"4,40 : 82.08"
"4,41 : 86.27"
"4,42 : 89.54"
"4,43 : 53.08"
"4,44 : 67.47"
"4,45 : 50.93"
"4,46 : 66.85"
"4,47 : 3.16"
"4,48 : 71.61"
"4,49 : 71.59"
"5,0 : 6.4"
"5,1 : 33.62"
"5,2 : 56.73"
"5,3 : 33.73"
"5,4 : 71.34"
"5,5 : 0.0"
"5,6 : 25.61"
"5,7 : 48.17"
"5,8 : 47.51"
"5,9 : 87.82"
"5,10 : 45.28"
"5,11 : 26.0"
"5,12 : 46.27"
"5,13 : 61.07"
"5,14 : 71.84"
"5,15 : 56.08"
"5,16 : 34.48"
"5,17 : 65.0"
"5,18 : 58.25"
"5,19 : 29.53"
"5,20 : 76.66"
"5,21 : 35.51"
"5,22 : 68.88"
"5,23 : 89.01"
"5,24 : 21.63"
"5,25 : 88.32"
"5,26 : 34.99"
"5,27 : 9.43"
"5,28 : 3.61"
"5,29 : 8.6"
"5,30 : 53.49"
"5,31 : 55.23"
"5,32 : 46.04"
"5,33 : 16.16"
"5,34 : 84.15"
"5,35 : 34.21"
"5,36 : 25.32"
"5,37 : 81.57"
"5,38 : 31.26"
"5,39 : 66.29"
"5,40 : 49.2"
"5,41 : 24.0"
"5,42 : 55.76"
"5,43 : 65.97"
"5,44 : 55.23"
"5,45 : 26.0"
"5,46 : 29.21"
"5,47 : 72.11"
"5,48 : 5.83"
"5,49 : 3.61"
"6,0 : 31.89"
"6,1 : 45.1"
"6,2 : 82.04"
"6,3 : 53.76"
"6,4 : 78.85"
"6,5 : 25.61"
"6,6 : 0.0"
"6,7 : 73.76"
"6,8 : 72.95"
"6,9 : 95.08"
"6,10 : 50.22"
"6,11 : 50.0"
"6,12 : 33.42"
"6,13 : 86.31"
"6,14 : 93.94"
"6,15 : 48.92"
"6,16 : 50.01"
"6,17 : 89.4"
"6,18 : 83.1"
"6,19 : 30.59"
"6,20 : 84.17"
"6,21 : 59.24"
"6,22 : 68.48"
"6,23 : 97.29"
"6,24 : 46.69"
"6,25 : 112.65"
"6,26 : 59.67"
"6,27 : 24.19"
"6,28 : 26.17"
"6,29 : 29.15"
"6,30 : 46.1"
"6,31 : 59.48"
"6,32 : 29.53"
"6,33 : 41.34"
"6,34 : 95.43"
"6,35 : 37.66"
"6,36 : 44.01"
"6,37 : 84.69"
"6,38 : 49.65"
"6,39 : 73.01"
"6,40 : 74.81"
"6,41 : 46.82"
"6,42 : 81.27"
"6,43 : 87.73"
"6,44 : 79.81"
"6,45 : 46.52"
"6,46 : 54.45"
"6,47 : 78.59"
"6,48 : 31.4"
"6,49 : 22.02"
"7,0 : 41.87"
"7,1 : 53.08"
"7,2 : 11.05"
"7,3 : 39.12"
"7,4 : 78.55"
"7,5 : 48.17"
"7,6 : 73.76"
"7,7 : 0.0"
"7,8 : 9.43"
"7,9 : 91.3"
"7,10 : 67.01"
"7,11 : 27.2"
"7,12 : 86.33"
"7,13 : 15.3"
"7,14 : 40.31"
"7,15 : 88.68"
"7,16 : 46.01"
"7,17 : 24.19"
"7,18 : 16.28"
"7,19 : 64.56"
"7,20 : 82.35"
"7,21 : 26.02"
"7,22 : 89.81"
"7,23 : 90.21"
"7,24 : 27.78"
"7,25 : 44.91"
"7,26 : 18.11"
"7,27 : 51.62"
"7,28 : 47.8"
"7,29 : 47.01"
"7,30 : 86.98"
"7,31 : 73.55"
"7,32 : 88.77"
"7,33 : 33.42"
"7,34 : 80.21"
"7,35 : 63.95"
"7,36 : 40.61"
"7,37 : 93.92"
"7,38 : 40.01"
"7,39 : 76.54"
"7,40 : 3.61"
"7,41 : 34.18"
"7,42 : 11.18"
"7,43 : 37.74"
"7,44 : 16.55"
"7,45 : 36.5"
"7,46 : 20.12"
"7,47 : 80.99"
"7,48 : 42.45"
"7,49 : 51.74"
"8,0 : 41.59"
"8,1 : 58.22"
"8,2 : 19.42"
"8,3 : 32.02"
"8,4 : 86.33"
"8,5 : 47.51"
"8,6 : 72.95"
"8,7 : 9.43"
"8,8 : 0.0"
"8,9 : 99.64"
"8,10 : 72.56"
"8,11 : 31.0"
"8,12 : 89.05"
"8,13 : 23.09"
"8,14 : 49.66"
"8,15 : 93.05"
"8,16 : 51.79"
"8,17 : 32.98"
"8,18 : 25.3"
"8,19 : 67.74"
"8,20 : 90.35"
"8,21 : 18.97"
"8,22 : 96.1"
"8,23 : 98.74"
"8,24 : 29.61"
"8,25 : 52.15"
"8,26 : 23.77"
"8,27 : 52.55"
"8,28 : 47.85"
"8,29 : 44.69"
"8,30 : 91.14"
"8,31 : 79.83"
"8,32 : 90.8"
"8,33 : 31.62"
"8,34 : 89.02"
"8,35 : 68.07"
"8,36 : 45.01"
"8,37 : 101.39"
"8,38 : 45.54"
"8,39 : 83.93"
"8,40 : 6.32"
"8,41 : 29.41"
"8,42 : 8.49"
"8,43 : 47.17"
"8,44 : 25.94"
"8,45 : 41.05"
"8,46 : 23.02"
"8,47 : 88.64"
"8,48 : 41.68"
"8,49 : 51.11"
"9,0 : 85.7"
"9,1 : 54.2"
"9,2 : 87.46"
"9,3 : 113.22"
"9,4 : 16.55"
"9,5 : 87.82"
"9,6 : 95.08"
"9,7 : 91.3"
"9,8 : 99.64"
"9,9 : 0.0"
"9,10 : 44.92"
"9,11 : 74.97"
"9,12 : 71.03"
"9,13 : 87.92"
"9,14 : 64.38"
"9,15 : 55.58"
"9,16 : 54.82"
"9,17 : 79.56"
"9,18 : 81.93"
"9,19 : 64.56"
"9,20 : 11.18"
"9,21 : 105.55"
"9,22 : 33.24"
"9,23 : 4.24"
"9,24 : 80.62"
"9,25 : 89.0"
"9,26 : 77.2"
"9,27 : 79.61"
"9,28 : 84.22"
"9,29 : 95.72"
"9,30 : 57.31"
"9,31 : 35.69"
"9,32 : 78.03"
"9,33 : 91.55"
"9,34 : 15.3"
"9,35 : 57.57"
"9,36 : 64.82"
"9,37 : 16.64"
"9,38 : 60.21"
"9,39 : 22.14"
"9,40 : 94.89"
"9,41 : 101.98"
"9,42 : 101.97"
"9,43 : 61.19"
"9,44 : 78.55"
"9,45 : 66.6"
"9,46 : 81.57"
"9,47 : 16.49"
"9,48 : 87.92"
"9,49 : 88.12"
"10,0 : 44.82"
"10,1 : 14.56"
"10,2 : 68.73"
"10,3 : 75.47"
"10,4 : 28.64"
"10,5 : 45.28"
"10,6 : 50.22"
"10,7 : 67.01"
"10,8 : 72.56"
"10,9 : 44.92"
"10,10 : 0.0"
"10,11 : 41.98"
"10,12 : 31.76"
"10,13 : 71.39"
"10,14 : 62.43"
"10,15 : 24.19"
"10,16 : 21.0"
"10,17 : 68.01"
"10,18 : 65.73"
"10,19 : 19.65"
"10,20 : 33.96"
"10,21 : 71.31"
"10,22 : 24.6"
"10,23 : 47.07"
"10,24 : 45.54"
"10,25 : 87.32"
"10,26 : 49.09"
"10,27 : 36.24"
"10,28 : 41.73"
"10,29 : 53.74"
"10,30 : 23.6"
"10,31 : 10.0"
"10,32 : 38.08"
"10,33 : 53.34"
"10,34 : 46.04"
"10,35 : 12.65"
"10,36 : 28.16"
"10,37 : 36.4"
"10,38 : 27.07"
"10,39 : 22.8"
"10,40 : 70.06"
"10,41 : 64.14"
"10,42 : 78.06"
"10,43 : 56.3"
"10,44 : 61.61"
"10,45 : 31.78"
"10,46 : 50.01"
"10,47 : 28.46"
"10,48 : 46.86"
"10,49 : 44.82"
"11,0 : 19.92"
"11,1 : 27.46"
"11,2 : 33.02"
"11,3 : 38.6"
"11,4 : 59.82"
"11,5 : 26.0"
"11,6 : 50.0"
"11,7 : 27.2"
"11,8 : 31.0"
"11,9 : 74.97"
"11,10 : 41.98"
"11,11 : 0.0"
"11,12 : 59.14"
"11,13 : 37.01"
"11,14 : 46.1"
"11,15 : 62.07"
"11,16 : 21.93"
"11,17 : 39.41"
"11,18 : 33.24"
"11,19 : 37.36"
"11,20 : 64.54"
"11,21 : 30.81"
"11,22 : 66.1"
"11,23 : 75.01"
"11,24 : 6.32"
"11,25 : 62.68"
"11,26 : 10.0"
"11,27 : 26.17"
"11,28 : 24.19"
"11,29 : 29.15"
"11,30 : 60.21"
"11,31 : 49.98"
"11,32 : 61.74"
"11,33 : 18.68"
"11,34 : 67.42"
"11,35 : 37.12"
"11,36 : 14.04"
"11,37 : 73.57"
"11,38 : 15.65"
"11,39 : 56.3"
"11,40 : 29.61"
"11,41 : 27.78"
"11,42 : 37.48"
"11,43 : 40.45"
"11,44 : 29.83"
"11,45 : 10.2"
"11,46 : 8.06"
"11,47 : 61.61"
"11,48 : 21.59"
"11,49 : 29.07"
"12,0 : 50.0"
"12,1 : 37.64"
"12,2 : 91.29"
"12,3 : 79.91"
"12,4 : 56.72"
"12,5 : 46.27"
"12,6 : 33.42"
"12,7 : 86.33"
"12,8 : 89.05"
"12,9 : 71.03"
"12,10 : 31.76"
"12,11 : 59.14"
"12,12 : 0.0"
"12,13 : 94.81"
"12,14 : 91.93"
"12,15 : 17.09"
"12,16 : 45.61"
"12,17 : 94.03"
"12,18 : 89.94"
"12,19 : 21.93"
"12,20 : 61.4"
"12,21 : 81.01"
"12,22 : 39.62"
"12,23 : 74.17"
"12,24 : 59.44"
"12,25 : 115.42"
"12,26 : 68.71"
"12,27 : 38.0"
"12,28 : 44.05"
"12,29 : 53.94"
"12,30 : 14.56"
"12,31 : 37.11"
"12,32 : 7.0"
"12,33 : 61.01"
"12,34 : 75.93"
"12,35 : 24.84"
"12,36 : 46.52"
"12,37 : 57.43"
"12,38 : 49.4"
"12,39 : 50.8"
"12,40 : 88.6"
"12,41 : 70.18"
"12,42 : 96.3"
"12,43 : 85.59"
"12,44 : 85.96"
"12,45 : 50.57"
"12,46 : 66.48"
"12,47 : 55.33"
"12,48 : 51.04"
"12,49 : 43.57"
"13,0 : 54.67"
"13,1 : 58.82"
"13,2 : 4.47"
"13,3 : 54.33"
"13,4 : 77.28"
"13,5 : 61.07"
"13,6 : 86.31"
"13,7 : 15.3"
"13,8 : 23.09"
"13,9 : 87.92"
"13,10 : 71.39"
"13,11 : 37.01"
"13,12 : 94.81"
"13,13 : 0.0"
"13,14 : 29.07"
"13,15 : 94.64"
"13,16 : 50.96"
"13,17 : 10.82"
"13,18 : 6.08"
"13,19 : 72.9"
"13,20 : 80.28"
"13,21 : 41.19"
"13,22 : 92.05"
"13,23 : 86.16"
"13,24 : 39.62"
"13,25 : 29.61"
"13,26 : 27.02"
"13,27 : 63.03"
"13,28 : 60.14"
"13,29 : 61.06"
"13,30 : 93.3"
"13,31 : 76.24"
"13,32 : 98.11"
"13,33 : 47.51"
"13,34 : 75.15"
"13,35 : 70.94"
"13,36 : 48.3"
"13,37 : 93.21"
"13,38 : 45.88"
"13,39 : 76.42"
"13,40 : 17.0"
"13,41 : 49.34"
"13,42 : 18.79"
"13,43 : 28.6"
"13,44 : 10.0"
"13,45 : 44.29"
"13,46 : 31.89"
"13,47 : 80.06"
"13,48 : 55.61"
"13,49 : 64.54"
"14,0 : 65.97"
"14,1 : 54.49"
"14,2 : 31.06"
"14,3 : 77.1"
"14,4 : 57.56"
"14,5 : 71.84"
"14,6 : 93.94"
"14,7 : 40.31"
"14,8 : 49.66"
"14,9 : 64.38"
"14,10 : 62.43"
"14,11 : 46.1"
"14,12 : 91.93"
"14,13 : 29.07"
"14,14 : 0.0"
"14,15 : 86.53"
"14,16 : 46.86"
"14,17 : 18.38"
"14,18 : 24.7"
"14,19 : 71.7"
"14,20 : 59.08"
"14,21 : 64.76"
"14,22 : 77.16"
"14,23 : 61.81"
"14,24 : 51.62"
"14,25 : 25.96"
"14,26 : 39.05"
"14,27 : 69.86"
"14,28 : 69.57"
"14,29 : 75.13"
"14,30 : 86.02"
"14,31 : 63.51"
"14,32 : 96.94"
"14,33 : 63.2"
"14,34 : 50.01"
"14,35 : 67.18"
"14,36 : 50.12"
"14,37 : 73.33"
"14,38 : 44.94"
"14,39 : 58.69"
"14,40 : 43.38"
"14,41 : 69.12"
"14,42 : 47.43"
"14,43 : 6.4"
"14,44 : 23.77"
"14,45 : 47.42"
"14,46 : 46.04"
"14,47 : 60.67"
"14,48 : 67.68"
"14,49 : 74.63"
"15,0 : 58.24"
"15,1 : 35.9"
"15,2 : 91.68"
"15,3 : 89.49"
"15,4 : 42.72"
"15,5 : 56.08"
"15,6 : 48.92"
"15,7 : 88.68"
"15,8 : 93.05"
"15,9 : 55.58"
"15,10 : 24.19"
"15,11 : 62.07"
"15,12 : 17.09"
"15,13 : 94.64"
"15,14 : 86.53"
"15,15 : 0.0"
"15,16 : 43.68"
"15,17 : 91.92"
"15,18 : 89.19"
"15,19 : 26.93"
"15,20 : 46.84"
"15,21 : 88.28"
"15,22 : 23.02"
"15,23 : 59.03"
"15,24 : 64.07"
"15,25 : 111.51"
"15,26 : 70.58"
"15,27 : 46.82"
"15,28 : 53.14"
"15,29 : 64.47"
"15,30 : 2.83"
"15,31 : 25.0"
"15,32 : 23.77"
"15,33 : 68.66"
"15,34 : 62.39"
"15,35 : 25.0"
"15,36 : 48.17"
"15,37 : 41.01"
"15,38 : 49.03"
"15,39 : 37.16"
"15,40 : 91.44"
"15,41 : 78.85"
"15,42 : 99.41"
"15,43 : 80.45"
"15,44 : 85.07"
"15,45 : 52.24"
"15,46 : 70.03"
"15,47 : 40.8"
"15,48 : 59.77"
"15,49 : 54.13"
"16,0 : 31.3"
"16,1 : 8.06"
"16,2 : 48.05"
"16,3 : 58.73"
"16,4 : 38.9"
"16,5 : 34.48"
"16,6 : 50.01"
"16,7 : 46.01"
"16,8 : 51.79"
"16,9 : 54.82"
"16,10 : 21.0"
"16,11 : 21.93"
"16,12 : 45.61"
"16,13 : 50.96"
"16,14 : 46.86"
"16,15 : 43.68"
"16,16 : 0.0"
"16,17 : 48.76"
"16,18 : 45.54"
"16,19 : 24.84"
"16,20 : 43.93"
"16,21 : 52.48"
"16,22 : 44.38"
"16,23 : 55.47"
"16,24 : 26.63"
"16,25 : 69.81"
"16,26 : 28.16"
"16,27 : 28.07"
"16,28 : 31.05"
"16,29 : 41.63"
"16,30 : 42.38"
"16,31 : 28.16"
"16,32 : 50.21"
"16,33 : 36.8"
"16,34 : 49.77"
"16,35 : 20.81"
"16,36 : 10.0"
"16,37 : 51.87"
"16,38 : 6.32"
"16,39 : 34.83"
"16,40 : 49.09"
"16,41 : 47.38"
"16,42 : 57.08"
"16,43 : 40.46"
"16,44 : 41.44"
"16,45 : 12.21"
"16,46 : 29.73"
"16,47 : 40.36"
"16,48 : 33.54"
"16,49 : 35.69"
"17,0 : 58.67"
"17,1 : 56.82"
"17,2 : 13.6"
"17,3 : 63.0"
"17,4 : 70.18"
"17,5 : 65.0"
"17,6 : 89.4"
"17,7 : 24.19"
"17,8 : 32.98"
"17,9 : 79.56"
"17,10 : 68.01"
"17,11 : 39.41"
"17,12 : 94.03"
"17,13 : 10.82"
"17,14 : 18.38"
"17,15 : 91.92"
"17,16 : 48.76"
"17,17 : 0.0"
"17,18 : 8.0"
"17,19 : 72.42"
"17,20 : 72.69"
"17,21 : 50.04"
"17,22 : 86.83"
"17,23 : 77.49"
"17,24 : 43.42"
"17,25 : 23.32"
"17,26 : 30.02"
"17,27 : 65.44"
"17,28 : 63.51"
"17,29 : 66.31"
"17,30 : 90.87"
"17,31 : 71.59"
"17,32 : 98.01"
"17,33 : 53.14"
"17,34 : 66.13"
"17,35 : 69.46"
"17,36 : 48.27"
"17,37 : 86.21"
"17,38 : 44.65"
"17,39 : 70.01"
"17,40 : 26.68"
"17,41 : 56.72"
"17,42 : 29.53"
"17,43 : 18.79"
"17,44 : 9.85"
"17,45 : 44.6"
"17,46 : 36.25"
"17,47 : 73.11"
"17,48 : 59.94"
"17,49 : 68.26"
"18,0 : 51.87"
"18,1 : 53.49"
"18,2 : 6.4"
"18,3 : 55.0"
"18,4 : 71.2"
"18,5 : 58.25"
"18,6 : 83.1"
"18,7 : 16.28"
"18,8 : 25.3"
"18,9 : 81.93"
"18,10 : 65.73"
"18,11 : 33.24"
"18,12 : 89.94"
"18,13 : 6.08"
"18,14 : 24.7"
"18,15 : 89.19"
"18,16 : 45.54"
"18,17 : 8.0"
"18,18 : 0.0"
"18,19 : 68.1"
"18,20 : 74.22"
"18,21 : 42.05"
"18,22 : 86.09"
"18,23 : 80.23"
"18,24 : 36.62"
"18,25 : 30.46"
"18,26 : 23.43"
"18,27 : 59.41"
"18,28 : 57.01"
"18,29 : 59.03"
"18,30 : 87.92"
"18,31 : 70.35"
"18,32 : 93.49"
"18,33 : 45.69"
"18,34 : 69.32"
"18,35 : 65.8"
"18,36 : 43.57"
"18,37 : 87.13"
"18,38 : 40.72"
"18,39 : 70.35"
"18,40 : 18.97"
"18,41 : 48.84"
"18,42 : 22.8"
"18,43 : 23.35"
"18,44 : 4.12"
"18,45 : 39.66"
"18,46 : 29.15"
"18,47 : 73.98"
"18,48 : 53.0"
"18,49 : 61.61"
"19,0 : 31.32"
"19,1 : 17.49"
"19,2 : 69.35"
"19,3 : 62.63"
"19,4 : 48.27"
"19,5 : 29.53"
"19,6 : 30.59"
"19,7 : 64.56"
"19,8 : 67.74"
"19,9 : 64.56"
"19,10 : 19.65"
"19,11 : 37.36"
"19,12 : 21.93"
"19,13 : 72.9"
"19,14 : 71.7"
"19,15 : 26.93"
"19,16 : 24.84"
"19,17 : 72.42"
"19,18 : 68.1"
"19,19 : 0.0"
"19,20 : 53.6"
"19,21 : 61.52"
"19,22 : 40.36"
"19,23 : 66.71"
"19,24 : 38.21"
"19,25 : 94.26"
"19,26 : 46.82"
"19,27 : 20.12"
"19,28 : 26.4"
"19,29 : 38.08"
"19,30 : 24.52"
"19,31 : 29.15"
"19,32 : 25.61"
"19,33 : 41.77"
"19,34 : 65.07"
"19,35 : 7.07"
"19,36 : 24.6"
"19,37 : 55.07"
"19,38 : 27.8"
"19,39 : 42.45"
"19,40 : 66.94"
"19,41 : 51.92"
"19,42 : 74.73"
"19,43 : 65.3"
"19,44 : 64.14"
"19,45 : 28.64"
"19,46 : 44.91"
"19,47 : 48.08"
"19,48 : 32.89"
"19,49 : 28.02"
"20,0 : 74.63"
"20,1 : 43.05"
"20,2 : 79.4"
"20,3 : 102.53"
"20,4 : 5.39"
"20,5 : 76.66"
"20,6 : 84.17"
"20,7 : 82.35"
"20,8 : 90.35"
"20,9 : 11.18"
"20,10 : 33.96"
"20,11 : 64.54"
"20,12 : 61.4"
"20,13 : 80.28"
"20,14 : 59.08"
"20,15 : 46.84"
"20,16 : 43.93"
"20,17 : 72.69"
"20,18 : 74.22"
"20,19 : 53.6"
"20,20 : 0.0"
"20,21 : 95.27"
"20,22 : 26.08"
"20,23 : 13.15"
"20,24 : 70.04"
"20,25 : 84.59"
"20,26 : 67.42"
"20,27 : 68.43"
"20,28 : 73.06"
"20,29 : 84.6"
"20,30 : 48.27"
"20,31 : 25.08"
"20,32 : 68.36"
"20,33 : 80.72"
"20,34 : 16.4"
"20,35 : 46.57"
"20,36 : 53.91"
"20,37 : 14.56"
"20,38 : 49.5"
"20,39 : 11.18"
"20,40 : 85.91"
"20,41 : 91.24"
"20,42 : 93.23"
"20,43 : 55.04"
"20,44 : 70.6"
"20,45 : 55.87"
"20,46 : 71.4"
"20,47 : 6.08"
"20,48 : 76.84"
"20,49 : 76.94"
"21,0 : 31.02"
"21,1 : 56.86"
"21,2 : 37.05"
"21,3 : 13.15"
"21,4 : 90.6"
"21,5 : 35.51"
"21,6 : 59.24"
"21,7 : 26.02"
"21,8 : 18.97"
"21,9 : 105.55"
"21,10 : 71.31"
"21,11 : 30.81"
"21,12 : 81.01"
"21,13 : 41.19"
"21,14 : 64.76"
"21,15 : 88.28"
"21,16 : 52.48"
"21,17 : 50.04"
"21,18 : 42.05"
"21,19 : 61.52"
"21,20 : 95.27"
"21,21 : 0.0"
"21,22 : 95.85"
"21,23 : 105.38"
"21,24 : 25.94"
"21,25 : 70.71"
"21,26 : 29.41"
"21,27 : 43.01"
"21,28 : 37.12"
"21,29 : 30.08"
"21,30 : 85.99"
"21,31 : 80.06"
"21,32 : 81.39"
"21,33 : 20.0"
"21,34 : 97.08"
"21,35 : 63.79"
"21,36 : 43.38"
"21,37 : 104.31"
"21,38 : 46.32"
"21,39 : 87.09"
"21,40 : 24.33"
"21,41 : 12.53"
"21,42 : 26.83"
"21,43 : 61.03"
"21,44 : 41.44"
"21,45 : 40.31"
"21,46 : 24.04"
"21,47 : 92.42"
"21,48 : 30.15"
"21,49 : 38.83"
"22,0 : 69.07"
"22,1 : 39.0"
"22,2 : 90.01"
"22,3 : 99.98"
"22,4 : 23.35"
"22,5 : 68.88"
"22,6 : 68.48"
"22,7 : 89.81"
"22,8 : 96.1"
"22,9 : 33.24"
"22,10 : 24.6"
"22,11 : 66.1"
"22,12 : 39.62"
"22,13 : 92.05"
"22,14 : 77.16"
"22,15 : 23.02"
"22,16 : 44.38"
"22,17 : 86.83"
"22,18 : 86.09"
"22,19 : 40.36"
"22,20 : 26.08"
"22,21 : 95.85"
"22,22 : 0.0"
"22,23 : 37.0"
"22,24 : 70.01"
"22,25 : 103.09"
"22,26 : 72.37"
"22,27 : 59.55"
"22,28 : 65.44"
"22,29 : 77.47"
"22,30 : 25.18"
"22,31 : 16.28"
"22,32 : 46.53"
"22,33 : 77.9"
"22,34 : 42.44"
"22,35 : 34.71"
"22,36 : 52.55"
"22,37 : 18.0"
"22,38 : 50.7"
"22,39 : 19.42"
"22,40 : 93.06"
"22,41 : 88.68"
"22,42 : 100.98"
"22,43 : 71.84"
"22,44 : 82.05"
"22,45 : 55.97"
"22,46 : 74.04"
"22,47 : 20.62"
"22,48 : 71.03"
"22,49 : 67.94"
"23,0 : 86.61"
"23,1 : 55.46"
"23,2 : 85.91"
"23,3 : 113.45"
"23,4 : 18.44"
"23,5 : 89.01"
"23,6 : 97.29"
"23,7 : 90.21"
"23,8 : 98.74"
"23,9 : 4.24"
"23,10 : 47.07"
"23,11 : 75.01"
"23,12 : 74.17"
"23,13 : 86.16"
"23,14 : 61.81"
"23,15 : 59.03"
"23,16 : 55.47"
"23,17 : 77.49"
"23,18 : 80.23"
"23,19 : 66.71"
"23,20 : 13.15"
"23,21 : 105.38"
"23,22 : 37.0"
"23,23 : 0.0"
"23,24 : 80.81"
"23,25 : 86.05"
"23,26 : 76.69"
"23,27 : 81.02"
"23,28 : 85.42"
"23,29 : 96.75"
"23,30 : 60.67"
"23,31 : 38.21"
"23,32 : 81.15"
"23,33 : 92.01"
"23,34 : 12.0"
"23,35 : 59.67"
"23,36 : 65.46"
"23,37 : 20.81"
"23,38 : 60.61"
"23,39 : 24.33"
"23,40 : 93.81"
"23,41 : 102.3"
"23,42 : 100.72"
"23,43 : 58.94"
"23,44 : 76.97"
"23,45 : 67.01"
"23,46 : 81.34"
"23,47 : 19.03"
"23,48 : 88.84"
"23,49 : 89.47"
"24,0 : 15.26"
"24,1 : 31.02"
"24,2 : 35.36"
"24,3 : 32.65"
"24,4 : 65.19"
"24,5 : 21.63"
"24,6 : 46.69"
"24,7 : 27.78"
"24,8 : 29.61"
"24,9 : 80.62"
"24,10 : 45.54"
"24,11 : 6.32"
"24,12 : 59.44"
"24,13 : 39.62"
"24,14 : 51.62"
"24,15 : 64.07"
"24,16 : 26.63"
"24,17 : 43.42"
"24,18 : 36.62"
"24,19 : 38.21"
"24,20 : 70.04"
"24,21 : 25.94"
"24,22 : 70.01"
"24,23 : 80.81"
"24,24 : 0.0"
"24,25 : 66.73"
"24,26 : 13.42"
"24,27 : 23.85"
"24,28 : 20.52"
"24,29 : 23.54"
"24,30 : 62.01"
"24,31 : 54.13"
"24,32 : 61.35"
"24,33 : 12.37"
"24,34 : 73.5"
"24,35 : 39.12"
"24,36 : 17.46"
"24,37 : 78.49"
"24,38 : 20.62"
"24,39 : 61.4"
"24,40 : 29.55"
"24,41 : 21.63"
"24,42 : 37.0"
"24,43 : 46.17"
"24,44 : 33.62"
"24,45 : 14.42"
"24,46 : 7.81"
"24,47 : 66.84"
"24,48 : 16.55"
"24,49 : 25.0"
"25,0 : 81.99"
"25,1 : 77.8"
"25,2 : 33.96"
"25,3 : 83.86"
"25,4 : 83.36"
"25,5 : 88.32"
"25,6 : 112.65"
"25,7 : 44.91"
"25,8 : 52.15"
"25,9 : 89.0"
"25,10 : 87.32"
"25,11 : 62.68"
"25,12 : 115.42"
"25,13 : 29.61"
"25,14 : 25.96"
"25,15 : 111.51"
"25,16 : 69.81"
"25,17 : 23.32"
"25,18 : 30.46"
"25,19 : 94.26"
"25,20 : 84.59"
"25,21 : 70.71"
"25,22 : 103.09"
"25,23 : 86.05"
"25,24 : 66.73"
"25,25 : 0.0"
"25,26 : 53.34"
"25,27 : 88.6"
"25,28 : 86.82"
"25,29 : 89.47"
"25,30 : 110.79"
"25,31 : 89.16"
"25,32 : 119.85"
"25,33 : 76.16"
"25,34 : 74.06"
"25,35 : 90.6"
"25,36 : 70.72"
"25,37 : 98.99"
"25,38 : 66.53"
"25,39 : 84.65"
"25,40 : 46.39"
"25,41 : 78.85"
"25,42 : 46.04"
"25,43 : 31.38"
"25,44 : 33.12"
"25,45 : 67.27"
"25,46 : 59.48"
"25,47 : 86.49"
"25,48 : 83.24"
"25,49 : 91.59"
"26,0 : 28.65"
"26,1 : 35.01"
"26,2 : 23.02"
"26,3 : 39.92"
"26,4 : 63.13"
"26,5 : 34.99"
"26,6 : 59.67"
"26,7 : 18.11"
"26,8 : 23.77"
"26,9 : 77.2"
"26,10 : 49.09"
"26,11 : 10.0"
"26,12 : 68.71"
"26,13 : 27.02"
"26,14 : 39.05"
"26,15 : 70.58"
"26,16 : 28.16"
"26,17 : 30.02"
"26,18 : 23.43"
"26,19 : 46.82"
"26,20 : 67.42"
"26,21 : 29.41"
"26,22 : 72.37"
"26,23 : 76.69"
"26,24 : 13.42"
"26,25 : 53.34"
"26,26 : 0.0"
"26,27 : 36.07"
"26,28 : 33.6"
"26,29 : 36.69"
"26,30 : 68.88"
"26,31 : 56.09"
"26,32 : 71.55"
"26,33 : 24.19"
"26,34 : 67.9"
"26,35 : 45.89"
"26,36 : 22.56"
"26,37 : 77.88"
"26,38 : 22.02"
"26,39 : 60.42"
"26,40 : 21.0"
"26,41 : 30.59"
"26,42 : 29.0"
"26,43 : 34.06"
"26,44 : 20.25"
"26,45 : 18.44"
"26,46 : 7.0"
"26,47 : 65.3"
"26,48 : 29.97"
"26,49 : 38.28"
"27,0 : 12.0"
"27,1 : 25.63"
"27,2 : 58.9"
"27,3 : 42.72"
"27,4 : 63.06"
"27,5 : 9.43"
"27,6 : 24.19"
"27,7 : 51.62"
"27,8 : 52.55"
"27,9 : 79.61"
"27,10 : 36.24"
"27,11 : 26.17"
"27,12 : 38.0"
"27,13 : 63.03"
"27,14 : 69.86"
"27,15 : 46.82"
"27,16 : 28.07"
"27,17 : 65.44"
"27,18 : 59.41"
"27,19 : 20.12"
"27,20 : 68.43"
"27,21 : 43.01"
"27,22 : 59.55"
"27,23 : 81.02"
"27,24 : 23.85"
"27,25 : 88.6"
"27,26 : 36.07"
"27,27 : 0.0"
"27,28 : 6.32"
"27,29 : 18.03"
"27,30 : 44.27"
"27,31 : 46.23"
"27,32 : 38.64"
"27,33 : 23.02"
"27,34 : 76.92"
"27,35 : 24.84"
"27,36 : 20.4"
"27,37 : 72.62"
"27,38 : 26.31"
"27,39 : 57.8"
"27,40 : 53.24"
"27,41 : 32.39"
"27,42 : 60.42"
"27,43 : 63.69"
"27,44 : 55.97"
"27,45 : 22.47"
"27,46 : 31.62"
"27,47 : 63.63"
"27,48 : 13.15"
"27,49 : 8.6"
"28,0 : 6.32"
"28,1 : 30.02"
"28,2 : 55.87"
"28,3 : 36.4"
"28,4 : 67.74"
"28,5 : 3.61"
"28,6 : 26.17"
"28,7 : 47.8"
"28,8 : 47.85"
"28,9 : 84.22"
"28,10 : 41.73"
"28,11 : 24.19"
"28,12 : 44.05"
"28,13 : 60.14"
"28,14 : 69.57"
"28,15 : 53.14"
"28,16 : 31.05"
"28,17 : 63.51"
"28,18 : 57.01"
"28,19 : 26.4"
"28,20 : 73.06"
"28,21 : 37.12"
"28,22 : 65.44"
"28,23 : 85.42"
"28,24 : 20.52"
"28,25 : 86.82"
"28,26 : 33.6"
"28,27 : 6.32"
"28,28 : 0.0"
"28,29 : 12.04"
"28,30 : 50.6"
"28,31 : 51.66"
"28,32 : 44.28"
"28,33 : 17.26"
"28,34 : 80.65"
"28,35 : 30.81"
"28,36 : 22.09"
"28,37 : 77.99"
"28,38 : 28.07"
"28,39 : 62.68"
"28,40 : 49.09"
"28,41 : 26.17"
"28,42 : 55.95"
"28,43 : 63.6"
"28,44 : 53.82"
"28,45 : 23.09"
"28,46 : 28.28"
"28,47 : 68.51"
"28,48 : 7.0"
"28,49 : 5.1"
"29,0 : 10.44"
"29,1 : 41.62"
"29,2 : 56.6"
"29,3 : 26.08"
"29,4 : 79.32"
"29,5 : 8.6"
"29,6 : 29.15"
"29,7 : 47.01"
"29,8 : 44.69"
"29,9 : 95.72"
"29,10 : 53.74"
"29,11 : 29.15"
"29,12 : 53.94"
"29,13 : 61.06"
"29,14 : 75.13"
"29,15 : 64.47"
"29,16 : 41.63"
"29,17 : 66.31"
"29,18 : 59.03"
"29,19 : 38.08"
"29,20 : 84.6"
"29,21 : 30.08"
"29,22 : 77.47"
"29,23 : 96.75"
"29,24 : 23.54"
"29,25 : 89.47"
"29,26 : 36.69"
"29,27 : 18.03"
"29,28 : 12.04"
"29,29 : 0.0"
"29,30 : 61.85"
"29,31 : 63.66"
"29,32 : 53.08"
"29,33 : 13.6"
"29,34 : 91.39"
"29,35 : 42.8"
"29,36 : 31.95"
"29,37 : 89.94"
"29,38 : 37.64"
"29,39 : 74.4"
"29,40 : 47.42"
"29,41 : 17.72"
"29,42 : 53.15"
"29,43 : 69.58"
"29,44 : 56.46"
"29,45 : 31.78"
"29,46 : 30.08"
"29,47 : 80.21"
"29,48 : 8.25"
"29,49 : 10.44"
"30,0 : 55.79"
"30,1 : 34.48"
"30,2 : 90.25"
"30,3 : 86.98"
"30,4 : 43.97"
"30,5 : 53.49"
"30,6 : 46.1"
"30,7 : 86.98"
"30,8 : 91.14"
"30,9 : 57.31"
"30,10 : 23.6"
"30,11 : 60.21"
"30,12 : 14.56"
"30,13 : 93.3"
"30,14 : 86.02"
"30,15 : 2.83"
"30,16 : 42.38"
"30,17 : 90.87"
"30,18 : 87.92"
"30,19 : 24.52"
"30,20 : 48.27"
"30,21 : 85.99"
"30,22 : 25.18"
"30,23 : 60.67"
"30,24 : 62.01"
"30,25 : 110.79"
"30,26 : 68.88"
"30,27 : 44.27"
"30,28 : 50.6"
"30,29 : 61.85"
"30,30 : 0.0"
"30,31 : 25.55"
"30,32 : 21.38"
"30,33 : 66.29"
"30,34 : 63.57"
"30,35 : 23.09"
"30,36 : 46.39"
"30,37 : 43.1"
"30,38 : 47.54"
"30,39 : 38.28"
"30,40 : 89.68"
"30,41 : 76.4"
"30,42 : 97.62"
"30,43 : 79.88"
"30,44 : 83.82"
"30,45 : 50.49"
"30,46 : 68.12"
"30,47 : 42.2"
"30,48 : 57.28"
"30,49 : 51.48"
"31,0 : 54.56"
"31,1 : 23.32"
"31,2 : 74.03"
"31,3 : 84.88"
"31,4 : 20.0"
"31,5 : 55.23"
"31,6 : 59.48"
"31,7 : 73.55"
"31,8 : 79.83"
"31,9 : 35.69"
"31,10 : 10.0"
"31,11 : 49.98"
"31,12 : 37.11"
"31,13 : 76.24"
"31,14 : 63.51"
"31,15 : 25.0"
"31,16 : 28.16"
"31,17 : 71.59"
"31,18 : 70.35"
"31,19 : 29.15"
"31,20 : 25.08"
"31,21 : 80.06"
"31,22 : 16.28"
"31,23 : 38.21"
"31,24 : 54.13"
"31,25 : 89.16"
"31,26 : 56.09"
"31,27 : 46.23"
"31,28 : 51.66"
"31,29 : 63.66"
"31,30 : 25.55"
"31,31 : 0.0"
"31,32 : 43.93"
"31,33 : 62.68"
"31,34 : 38.83"
"31,35 : 22.36"
"31,36 : 36.67"
"31,37 : 26.4"
"31,38 : 34.48"
"31,39 : 14.0"
"31,40 : 76.79"
"31,41 : 73.5"
"31,42 : 84.72"
"31,43 : 57.78"
"31,44 : 66.27"
"31,45 : 39.92"
"31,46 : 57.87"
"31,47 : 19.24"
"31,48 : 56.64"
"31,49 : 54.82"
"32,0 : 50.49"
"32,1 : 42.45"
"32,2 : 94.41"
"32,3 : 79.16"
"32,4 : 63.64"
"32,5 : 46.04"
"32,6 : 29.53"
"32,7 : 88.77"
"32,8 : 90.8"
"32,9 : 78.03"
"32,10 : 38.08"
"32,11 : 61.74"
"32,12 : 7.0"
"32,13 : 98.11"
"32,14 : 96.94"
"32,15 : 23.77"
"32,16 : 50.21"
"32,17 : 98.01"
"32,18 : 93.49"
"32,19 : 25.61"
"32,20 : 68.36"
"32,21 : 81.39"
"32,22 : 46.53"
"32,23 : 81.15"
"32,24 : 61.35"
"32,25 : 119.85"
"32,26 : 71.55"
"32,27 : 38.64"
"32,28 : 44.28"
"32,29 : 53.08"
"32,30 : 21.38"
"32,31 : 43.93"
"32,32 : 0.0"
"32,33 : 61.52"
"32,34 : 82.76"
"32,35 : 29.83"
"32,36 : 49.93"
"32,37 : 64.38"
"32,38 : 53.41"
"32,39 : 57.71"
"32,40 : 90.82"
"32,41 : 70.03"
"32,42 : 98.35"
"32,43 : 90.55"
"32,44 : 89.59"
"32,45 : 53.85"
"32,46 : 68.71"
"32,47 : 62.29"
"32,48 : 51.24"
"32,49 : 43.0"
"33,0 : 11.05"
"33,1 : 39.41"
"33,2 : 43.05"
"33,3 : 22.2"
"33,4 : 75.69"
"33,5 : 16.16"
"33,6 : 41.34"
"33,7 : 33.42"
"33,8 : 31.62"
"33,9 : 91.55"
"33,10 : 53.34"
"33,11 : 18.68"
"33,12 : 61.01"
"33,13 : 47.51"
"33,14 : 63.2"
"33,15 : 68.66"
"33,16 : 36.8"
"33,17 : 53.14"
"33,18 : 45.69"
"33,19 : 41.77"
"33,20 : 80.72"
"33,21 : 20.0"
"33,22 : 77.9"
"33,23 : 92.01"
"33,24 : 12.37"
"33,25 : 76.16"
"33,26 : 24.19"
"33,27 : 23.02"
"33,28 : 17.26"
"33,29 : 13.6"
"33,30 : 66.29"
"33,31 : 62.68"
"33,32 : 61.52"
"33,33 : 0.0"
"33,34 : 85.23"
"33,35 : 44.6"
"33,36 : 26.87"
"33,37 : 88.09"
"33,38 : 31.4"
"33,39 : 71.45"
"33,40 : 33.94"
"33,41 : 10.82"
"33,42 : 40.0"
"33,43 : 58.01"
"33,44 : 43.32"
"33,45 : 25.0"
"33,46 : 17.26"
"33,47 : 77.08"
"33,48 : 10.44"
"33,49 : 19.7"
"34,0 : 81.02"
"34,1 : 51.42"
"34,2 : 75.18"
"34,3 : 106.02"
"34,4 : 19.7"
"34,5 : 84.15"
"34,6 : 95.43"
"34,7 : 80.21"
"34,8 : 89.02"
"34,9 : 15.3"
"34,10 : 46.04"
"34,11 : 67.42"
"34,12 : 75.93"
"34,13 : 75.15"
"34,14 : 50.01"
"34,15 : 62.39"
"34,16 : 49.77"
"34,17 : 66.13"
"34,18 : 69.32"
"34,19 : 65.07"
"34,20 : 16.4"
"34,21 : 97.08"
"34,22 : 42.44"
"34,23 : 12.0"
"34,24 : 73.5"
"34,25 : 74.06"
"34,26 : 67.9"
"34,27 : 76.92"
"34,28 : 80.65"
"34,29 : 91.39"
"34,30 : 63.57"
"34,31 : 38.83"
"34,32 : 82.76"
"34,33 : 85.23"
"34,34 : 0.0"
"34,35 : 58.03"
"34,36 : 59.51"
"34,37 : 29.41"
"34,38 : 54.12"
"34,39 : 25.3"
"34,40 : 83.82"
"34,41 : 95.13"
"34,42 : 90.43"
"34,43 : 47.43"
"34,44 : 66.24"
"34,45 : 60.42"
"34,46 : 73.11"
"34,47 : 21.95"
"34,48 : 83.26"
"34,49 : 85.07"
"35,0 : 34.89"
"35,1 : 12.81"
"35,2 : 67.68"
"35,3 : 66.21"
"35,4 : 41.23"
"35,5 : 34.21"
"35,6 : 37.66"
"35,7 : 63.95"
"35,8 : 68.07"
"35,9 : 57.57"
"35,10 : 12.65"
"35,11 : 37.12"
"35,12 : 24.84"
"35,13 : 70.94"
"35,14 : 67.18"
"35,15 : 25.0"
"35,16 : 20.81"
"35,17 : 69.46"
"35,18 : 65.8"
"35,19 : 7.07"
"35,20 : 46.57"
"35,21 : 63.79"
"35,22 : 34.71"
"35,23 : 59.67"
"35,24 : 39.12"
"35,25 : 90.6"
"35,26 : 45.89"
"35,27 : 24.84"
"35,28 : 30.81"
"35,29 : 42.8"
"35,30 : 23.09"
"35,31 : 22.36"
"35,32 : 29.83"
"35,33 : 44.6"
"35,34 : 58.03"
"35,35 : 0.0"
"35,36 : 23.35"
"35,37 : 48.55"
"35,38 : 25.08"
"35,39 : 35.44"
"35,40 : 66.61"
"35,41 : 55.15"
"35,42 : 74.55"
"35,43 : 60.81"
"35,44 : 61.74"
"35,45 : 27.46"
"35,46 : 45.04"
"35,47 : 41.11"
"35,48 : 36.72"
"35,49 : 33.24"
"36,0 : 21.54"
"36,1 : 13.6"
"36,2 : 44.78"
"36,3 : 48.92"
"36,4 : 48.84"
"36,5 : 25.32"
"36,6 : 44.01"
"36,7 : 40.61"
"36,8 : 45.01"
"36,9 : 64.82"
"36,10 : 28.16"
"36,11 : 14.04"
"36,12 : 46.52"
"36,13 : 48.3"
"36,14 : 50.12"
"36,15 : 48.17"
"36,16 : 10.0"
"36,17 : 48.27"
"36,18 : 43.57"
"36,19 : 24.6"
"36,20 : 53.91"
"36,21 : 43.38"
"36,22 : 52.55"
"36,23 : 65.46"
"36,24 : 17.46"
"36,25 : 70.72"
"36,26 : 22.56"
"36,27 : 20.4"
"36,28 : 22.09"
"36,29 : 31.95"
"36,30 : 46.39"
"36,31 : 36.67"
"36,32 : 49.93"
"36,33 : 26.87"
"36,34 : 59.51"
"36,35 : 23.35"
"36,36 : 0.0"
"36,37 : 61.4"
"36,38 : 6.0"
"36,39 : 44.6"
"36,40 : 43.29"
"36,41 : 37.54"
"36,42 : 51.24"
"36,43 : 43.83"
"36,44 : 39.66"
"36,45 : 4.12"
"36,46 : 22.09"
"36,47 : 50.21"
"36,48 : 23.77"
"36,49 : 27.02"
"37,0 : 80.61"
"37,1 : 48.84"
"37,2 : 91.98"
"37,3 : 110.26"
"37,4 : 16.03"
"37,5 : 81.57"
"37,6 : 84.69"
"37,7 : 93.92"
"37,8 : 101.39"
"37,9 : 16.64"
"37,10 : 36.4"
"37,11 : 73.57"
"37,12 : 57.43"
"37,13 : 93.21"
"37,14 : 73.33"
"37,15 : 41.01"
"37,16 : 51.87"
"37,17 : 86.21"
"37,18 : 87.13"
"37,19 : 55.07"
"37,20 : 14.56"
"37,21 : 104.31"
"37,22 : 18.0"
"37,23 : 20.81"
"37,24 : 78.49"
"37,25 : 98.99"
"37,26 : 77.88"
"37,27 : 72.62"
"37,28 : 77.99"
"37,29 : 89.94"
"37,30 : 43.1"
"37,31 : 26.4"
"37,32 : 64.38"
"37,33 : 88.09"
"37,34 : 29.41"
"37,35 : 48.55"
"37,36 : 61.4"
"37,37 : 0.0"
"37,38 : 57.98"
"37,39 : 17.46"
"37,40 : 97.41"
"37,41 : 98.86"
"37,42 : 105.0"
"37,43 : 69.03"
"37,44 : 83.36"
"37,45 : 64.07"
"37,46 : 81.01"
"37,47 : 13.15"
"37,48 : 82.73"
"37,49 : 81.22"
"38,0 : 27.2"
"38,1 : 13.15"
"38,2 : 42.72"
"38,3 : 53.04"
"38,4 : 44.6"
"38,5 : 31.26"
"38,6 : 49.65"
"38,7 : 40.01"
"38,8 : 45.54"
"38,9 : 60.21"
"38,10 : 27.07"
"38,11 : 15.65"
"38,12 : 49.4"
"38,13 : 45.88"
"38,14 : 44.94"
"38,15 : 49.03"
"38,16 : 6.32"
"38,17 : 44.65"
"38,18 : 40.72"
"38,19 : 27.8"
"38,20 : 49.5"
"38,21 : 46.32"
"38,22 : 50.7"
"38,23 : 60.61"
"38,24 : 20.62"
"38,25 : 66.53"
"38,26 : 22.02"
"38,27 : 26.31"
"38,28 : 28.07"
"38,29 : 37.64"
"38,30 : 47.54"
"38,31 : 34.48"
"38,32 : 53.41"
"38,33 : 31.4"
"38,34 : 54.12"
"38,35 : 25.08"
"38,36 : 6.0"
"38,37 : 57.98"
"38,38 : 0.0"
"38,39 : 40.8"
"38,40 : 43.01"
"38,41 : 41.77"
"38,42 : 51.01"
"38,43 : 38.59"
"38,44 : 36.67"
"38,45 : 6.4"
"38,46 : 23.41"
"38,47 : 46.23"
"38,48 : 29.41"
"38,49 : 33.02"
"39,0 : 64.66"
"39,1 : 32.8"
"39,2 : 74.97"
"39,3 : 93.51"
"39,4 : 6.0"
"39,5 : 66.29"
"39,6 : 73.01"
"39,7 : 76.54"
"39,8 : 83.93"
"39,9 : 22.14"
"39,10 : 22.8"
"39,11 : 56.3"
"39,12 : 50.8"
"39,13 : 76.42"
"39,14 : 58.69"
"39,15 : 37.16"
"39,16 : 34.83"
"39,17 : 70.01"
"39,18 : 70.35"
"39,19 : 42.45"
"39,20 : 11.18"
"39,21 : 87.09"
"39,22 : 19.42"
"39,23 : 24.33"
"39,24 : 61.4"
"39,25 : 84.65"
"39,26 : 60.42"
"39,27 : 57.8"
"39,28 : 62.68"
"39,29 : 74.4"
"39,30 : 38.28"
"39,31 : 14.0"
"39,32 : 57.71"
"39,33 : 71.45"
"39,34 : 25.3"
"39,35 : 35.44"
"39,36 : 44.6"
"39,37 : 17.46"
"39,38 : 40.8"
"39,39 : 0.0"
"39,40 : 80.01"
"39,41 : 82.13"
"39,42 : 87.64"
"39,43 : 53.76"
"39,44 : 66.48"
"39,45 : 47.01"
"39,46 : 63.63"
"39,47 : 5.83"
"39,48 : 66.84"
"39,49 : 66.37"
"40,0 : 43.01"
"40,1 : 56.01"
"40,2 : 13.15"
"40,3 : 37.48"
"40,4 : 82.08"
"40,5 : 49.2"
"40,6 : 74.81"
"40,7 : 3.61"
"40,8 : 6.32"
"40,9 : 94.89"
"40,10 : 70.06"
"40,11 : 29.61"
"40,12 : 88.6"
"40,13 : 17.0"
"40,14 : 43.38"
"40,15 : 91.44"
"40,16 : 49.09"
"40,17 : 26.68"
"40,18 : 18.97"
"40,19 : 66.94"
"40,20 : 85.91"
"40,21 : 24.33"
"40,22 : 93.06"
"40,23 : 93.81"
"40,24 : 29.55"
"40,25 : 46.39"
"40,26 : 21.0"
"40,27 : 53.24"
"40,28 : 49.09"
"40,29 : 47.42"
"40,30 : 89.68"
"40,31 : 76.79"
"40,32 : 90.82"
"40,33 : 33.94"
"40,34 : 83.82"
"40,35 : 66.61"
"40,36 : 43.29"
"40,37 : 97.41"
"40,38 : 43.01"
"40,39 : 80.01"
"40,40 : 0.0"
"40,41 : 33.54"
"40,42 : 8.0"
"40,43 : 41.05"
"40,44 : 19.72"
"40,45 : 39.2"
"40,46 : 22.14"
"40,47 : 84.5"
"40,48 : 43.42"
"40,49 : 52.8"
"41,0 : 20.62"
"41,1 : 50.22"
"41,2 : 44.92"
"41,3 : 11.4"
"41,4 : 86.27"
"41,5 : 24.0"
"41,6 : 46.82"
"41,7 : 34.18"
"41,8 : 29.41"
"41,9 : 101.98"
"41,10 : 64.14"
"41,11 : 27.78"
"41,12 : 70.18"
"41,13 : 49.34"
"41,14 : 69.12"
"41,15 : 78.85"
"41,16 : 47.38"
"41,17 : 56.72"
"41,18 : 48.84"
"41,19 : 51.92"
"41,20 : 91.24"
"41,21 : 12.53"
"41,22 : 88.68"
"41,23 : 102.3"
"41,24 : 21.63"
"41,25 : 78.85"
"41,26 : 30.59"
"41,27 : 32.39"
"41,28 : 26.17"
"41,29 : 17.72"
"41,30 : 76.4"
"41,31 : 73.5"
"41,32 : 70.03"
"41,33 : 10.82"
"41,34 : 95.13"
"41,35 : 55.15"
"41,36 : 37.54"
"41,37 : 98.86"
"41,38 : 41.77"
"41,39 : 82.13"
"41,40 : 33.54"
"41,41 : 0.0"
"41,42 : 37.8"
"41,43 : 64.5"
"41,44 : 47.27"
"41,45 : 35.38"
"41,46 : 23.77"
"41,47 : 87.73"
"41,48 : 19.24"
"41,49 : 27.07"
"42,0 : 49.74"
"42,1 : 64.01"
"42,2 : 16.4"
"42,3 : 39.56"
"42,4 : 89.54"
"42,5 : 55.76"
"42,6 : 81.27"
"42,7 : 11.18"
"42,8 : 8.49"
"42,9 : 101.97"
"42,10 : 78.06"
"42,11 : 37.48"
"42,12 : 96.3"
"42,13 : 18.79"
"42,14 : 47.43"
"42,15 : 99.41"
"42,16 : 57.08"
"42,17 : 29.53"
"42,18 : 22.8"
"42,19 : 74.73"
"42,20 : 93.23"
"42,21 : 26.83"
"42,22 : 100.98"
"42,23 : 100.72"
"42,24 : 37.0"
"42,25 : 46.04"
"42,26 : 29.0"
"42,27 : 60.42"
"42,28 : 55.95"
"42,29 : 53.15"
"42,30 : 97.62"
"42,31 : 84.72"
"42,32 : 98.35"
"42,33 : 40.0"
"42,34 : 90.43"
"42,35 : 74.55"
"42,36 : 51.24"
"42,37 : 105.0"
"42,38 : 51.01"
"42,39 : 87.64"
"42,40 : 8.0"
"42,41 : 37.8"
"42,42 : 0.0"
"42,43 : 46.01"
"42,44 : 24.76"
"42,45 : 47.17"
"42,46 : 29.83"
"42,47 : 92.03"
"42,48 : 49.93"
"42,49 : 59.36"
"43,0 : 60.21"
"43,1 : 48.1"
"43,2 : 29.7"
"43,3 : 73.01"
"43,4 : 53.08"
"43,5 : 65.97"
"43,6 : 87.73"
"43,7 : 37.74"
"43,8 : 47.17"
"43,9 : 61.19"
"43,10 : 56.3"
"43,11 : 40.45"
"43,12 : 85.59"
"43,13 : 28.6"
"43,14 : 6.4"
"43,15 : 80.45"
"43,16 : 40.46"
"43,17 : 18.79"
"43,18 : 23.35"
"43,19 : 65.3"
"43,20 : 55.04"
"43,21 : 61.03"
"43,22 : 71.84"
"43,23 : 58.94"
"43,24 : 46.17"
"43,25 : 31.38"
"43,26 : 34.06"
"43,27 : 63.69"
"43,28 : 63.6"
"43,29 : 69.58"
"43,30 : 79.88"
"43,31 : 57.78"
"43,32 : 90.55"
"43,33 : 58.01"
"43,34 : 47.43"
"43,35 : 60.81"
"43,36 : 43.83"
"43,37 : 69.03"
"43,38 : 38.59"
"43,39 : 53.76"
"43,40 : 41.05"
"43,41 : 64.5"
"43,42 : 46.01"
"43,43 : 0.0"
"43,44 : 21.4"
"43,45 : 41.23"
"43,46 : 41.05"
"43,47 : 56.14"
"43,48 : 61.98"
"43,49 : 68.68"
"44,0 : 48.88"
"44,1 : 49.4"
"44,2 : 8.94"
"44,3 : 54.15"
"44,4 : 67.47"
"44,5 : 55.23"
"44,6 : 79.81"
"44,7 : 16.55"
"44,8 : 25.94"
"44,9 : 78.55"
"44,10 : 61.61"
"44,11 : 29.83"
"44,12 : 85.96"
"44,13 : 10.0"
"44,14 : 23.77"
"44,15 : 85.07"
"44,16 : 41.44"
"44,17 : 9.85"
"44,18 : 4.12"
"44,19 : 64.14"
"44,20 : 70.6"
"44,21 : 41.44"
"44,22 : 82.05"
"44,23 : 76.97"
"44,24 : 33.62"
"44,25 : 33.12"
"44,26 : 20.25"
"44,27 : 55.97"
"44,28 : 53.82"
"44,29 : 56.46"
"44,30 : 83.82"
"44,31 : 66.27"
"44,32 : 89.59"
"44,33 : 43.32"
"44,34 : 66.24"
"44,35 : 61.74"
"44,36 : 39.66"
"44,37 : 83.36"
"44,38 : 36.67"
"44,39 : 66.48"
"44,40 : 19.72"
"44,41 : 47.27"
"44,42 : 24.76"
"44,43 : 21.4"
"44,44 : 0.0"
"44,45 : 35.81"
"44,46 : 26.4"
"44,47 : 70.21"
"44,48 : 50.12"
"44,49 : 58.52"
"45,0 : 21.38"
"45,1 : 17.26"
"45,2 : 40.72"
"45,3 : 46.67"
"45,4 : 50.93"
"45,5 : 26.0"
"45,6 : 46.52"
"45,7 : 36.5"
"45,8 : 41.05"
"45,9 : 66.6"
"45,10 : 31.78"
"45,11 : 10.2"
"45,12 : 50.57"
"45,13 : 44.29"
"45,14 : 47.42"
"45,15 : 52.24"
"45,16 : 12.21"
"45,17 : 44.6"
"45,18 : 39.66"
"45,19 : 28.64"
"45,20 : 55.87"
"45,21 : 40.31"
"45,22 : 55.97"
"45,23 : 67.01"
"45,24 : 14.42"
"45,25 : 67.27"
"45,26 : 18.44"
"45,27 : 22.47"
"45,28 : 23.09"
"45,29 : 31.78"
"45,30 : 50.49"
"45,31 : 39.92"
"45,32 : 53.85"
"45,33 : 25.0"
"45,34 : 60.42"
"45,35 : 27.46"
"45,36 : 4.12"
"45,37 : 64.07"
"45,38 : 6.4"
"45,39 : 47.01"
"45,40 : 39.2"
"45,41 : 35.38"
"45,42 : 47.17"
"45,43 : 41.23"
"45,44 : 35.81"
"45,45 : 0.0"
"45,46 : 18.25"
"45,47 : 52.5"
"45,48 : 23.54"
"45,49 : 28.16"
"46,0 : 22.8"
"46,1 : 35.51"
"46,2 : 27.59"
"46,3 : 33.54"
"46,4 : 66.85"
"46,5 : 29.21"
"46,6 : 54.45"
"46,7 : 20.12"
"46,8 : 23.02"
"46,9 : 81.57"
"46,10 : 50.01"
"46,11 : 8.06"
"46,12 : 66.48"
"46,13 : 31.89"
"46,14 : 46.04"
"46,15 : 70.03"
"46,16 : 29.73"
"46,17 : 36.25"
"46,18 : 29.15"
"46,19 : 44.91"
"46,20 : 71.4"
"46,21 : 24.04"
"46,22 : 74.04"
"46,23 : 81.34"
"46,24 : 7.81"
"46,25 : 59.48"
"46,26 : 7.0"
"46,27 : 31.62"
"46,28 : 28.28"
"46,29 : 30.08"
"46,30 : 68.12"
"46,31 : 57.87"
"46,32 : 68.71"
"46,33 : 17.26"
"46,34 : 73.11"
"46,35 : 45.04"
"46,36 : 22.09"
"46,37 : 81.01"
"46,38 : 23.41"
"46,39 : 63.63"
"46,40 : 22.14"
"46,41 : 23.77"
"46,42 : 29.83"
"46,43 : 41.05"
"46,44 : 26.4"
"46,45 : 18.25"
"46,46 : 0.0"
"46,47 : 68.8"
"46,48 : 23.85"
"46,49 : 32.65"
"47,0 : 70.43"
"47,1 : 38.6"
"47,2 : 78.85"
"47,3 : 99.09"
"47,4 : 3.16"
"47,5 : 72.11"
"47,6 : 78.59"
"47,7 : 80.99"
"47,8 : 88.64"
"47,9 : 16.49"
"47,10 : 28.46"
"47,11 : 61.61"
"47,12 : 55.33"
"47,13 : 80.06"
"47,14 : 60.67"
"47,15 : 40.8"
"47,16 : 40.36"
"47,17 : 73.11"
"47,18 : 73.98"
"47,19 : 48.08"
"47,20 : 6.08"
"47,21 : 92.42"
"47,22 : 20.62"
"47,23 : 19.03"
"47,24 : 66.84"
"47,25 : 86.49"
"47,26 : 65.3"
"47,27 : 63.63"
"47,28 : 68.51"
"47,29 : 80.21"
"47,30 : 42.2"
"47,31 : 19.24"
"47,32 : 62.29"
"47,33 : 77.08"
"47,34 : 21.95"
"47,35 : 41.11"
"47,36 : 50.21"
"47,37 : 13.15"
"47,38 : 46.23"
"47,39 : 5.83"
"47,40 : 84.5"
"47,41 : 87.73"
"47,42 : 92.03"
"47,43 : 56.14"
"47,44 : 70.21"
"47,45 : 52.5"
"47,46 : 68.8"
"47,47 : 0.0"
"47,48 : 72.62"
"47,49 : 72.2"
"48,0 : 2.24"
"48,1 : 34.06"
"48,2 : 51.22"
"48,3 : 29.73"
"48,4 : 71.61"
"48,5 : 5.83"
"48,6 : 31.4"
"48,7 : 42.45"
"48,8 : 41.68"
"48,9 : 87.92"
"48,10 : 46.86"
"48,11 : 21.59"
"48,12 : 51.04"
"48,13 : 55.61"
"48,14 : 67.68"
"48,15 : 59.77"
"48,16 : 33.54"
"48,17 : 59.94"
"48,18 : 53.0"
"48,19 : 32.89"
"48,20 : 76.84"
"48,21 : 30.15"
"48,22 : 71.03"
"48,23 : 88.84"
"48,24 : 16.55"
"48,25 : 83.24"
"48,26 : 29.97"
"48,27 : 13.15"
"48,28 : 7.0"
"48,29 : 8.25"
"48,30 : 57.28"
"48,31 : 56.64"
"48,32 : 51.24"
"48,33 : 10.44"
"48,34 : 83.26"
"48,35 : 36.72"
"48,36 : 23.77"
"48,37 : 82.73"
"48,38 : 29.41"
"48,39 : 66.84"
"48,40 : 43.42"
"48,41 : 19.24"
"48,42 : 49.93"
"48,43 : 61.98"
"48,44 : 50.12"
"48,45 : 23.54"
"48,46 : 23.85"
"48,47 : 72.62"
"48,48 : 0.0"
"48,49 : 9.43"
"49,0 : 9.9"
"49,1 : 34.01"
"49,2 : 60.21"
"49,3 : 36.35"
"49,4 : 71.59"
"49,5 : 3.61"
"49,6 : 22.02"
"49,7 : 51.74"
"49,8 : 51.11"
"49,9 : 88.12"
"49,10 : 44.82"
"49,11 : 29.07"
"49,12 : 43.57"
"49,13 : 64.54"
"49,14 : 74.63"
"49,15 : 54.13"
"49,16 : 35.69"
"49,17 : 68.26"
"49,18 : 61.61"
"49,19 : 28.02"
"49,20 : 76.94"
"49,21 : 38.83"
"49,22 : 67.94"
"49,23 : 89.47"
"49,24 : 25.0"
"49,25 : 91.59"
"49,26 : 38.28"
"49,27 : 8.6"
"49,28 : 5.1"
"49,29 : 10.44"
"49,30 : 51.48"
"49,31 : 54.82"
"49,32 : 43.0"
"49,33 : 19.7"
"49,34 : 85.07"
"49,35 : 33.24"
"49,36 : 27.02"
"49,37 : 81.22"
"49,38 : 33.02"
"49,39 : 66.37"
"49,40 : 52.8"
"49,41 : 27.07"
"49,42 : 59.36"
"49,43 : 68.68"
"49,44 : 58.52"
"49,45 : 28.16"
"49,46 : 32.65"
"49,47 : 72.2"
"49,48 : 9.43"
"49,49 : 0.0"
