x,y
40,29
71,3
58,22
30,73
35,93
99,1
42,68
76,53
78,35
61,52
34,29
30,62
81,98
6,59
8,0
55,33
57,99
61,80
11,36
22,47
58,90
99,68
22,33
33,48
56,79
15,87
50,58
33,10
21,44
82,1
44,15
57,62
5,67
53,55
51,32
58,60
97,2
57,35
6,9
74,44
67,81
51,17
73,82
53,59
92,25
39,42
29,90
44,58
14,17
21,30

Distanze
"0,0 : 0.0"
"0,1 : 6.71"
"0,2 : 56.46"
"0,3 : 49.34"
"0,4 : 70.84"
"0,5 : 34.41"
"0,6 : 23.32"
"0,7 : 15.0"
"0,8 : 33.54"
"0,9 : 41.3"
"0,10 : 51.04"
"0,11 : 59.03"
"0,12 : 28.07"
"0,13 : 54.71"
"0,14 : 36.24"
"0,15 : 57.71"
"0,16 : 38.95"
"0,17 : 46.69"
"0,18 : 22.67"
"0,19 : 69.86"
"0,20 : 35.01"
"0,21 : 25.0"
"0,22 : 18.03"
"0,23 : 68.77"
"0,24 : 60.61"
"0,25 : 57.14"
"0,26 : 29.21"
"0,27 : 32.06"
"0,28 : 9.49"
"0,29 : 62.94"
"0,30 : 19.72"
"0,31 : 3.0"
"0,32 : 44.28"
"0,33 : 72.67"
"0,34 : 29.12"
"0,35 : 43.66"
"0,36 : 54.71"
"0,37 : 68.1"
"0,38 : 28.43"
"0,39 : 51.04"
"0,40 : 12.81"
"0,41 : 28.65"
"0,42 : 66.27"
"0,43 : 35.17"
"0,44 : 72.11"
"0,45 : 67.23"
"0,46 : 12.21"
"0,47 : 58.19"
"0,48 : 67.42"
"0,49 : 56.61"
"1,0 : 6.71"
"1,1 : 0.0"
"1,2 : 52.35"
"1,3 : 55.97"
"1,4 : 69.4"
"1,5 : 28.65"
"1,6 : 29.21"
"1,7 : 13.42"
"1,8 : 28.46"
"1,9 : 47.04"
"1,10 : 44.41"
"1,11 : 57.98"
"1,12 : 26.25"
"1,13 : 54.63"
"1,14 : 40.5"
"1,15 : 57.94"
"1,16 : 41.88"
"1,17 : 49.04"
"1,18 : 25.94"
"1,19 : 70.52"
"1,20 : 38.33"
"1,21 : 19.24"
"1,22 : 24.08"
"1,23 : 67.42"
"1,24 : 59.68"
"1,25 : 63.01"
"1,26 : 28.64"
"1,27 : 35.23"
"1,28 : 15.0"
"1,29 : 61.07"
"1,30 : 20.4"
"1,31 : 4.24"
"1,32 : 48.7"
"1,33 : 72.07"
"1,34 : 34.01"
"1,35 : 48.51"
"1,36 : 50.16"
"1,37 : 68.03"
"1,38 : 26.4"
"1,39 : 54.59"
"1,40 : 15.65"
"1,41 : 25.5"
"1,42 : 69.0"
"1,43 : 30.46"
"1,44 : 71.59"
"1,45 : 72.95"
"1,46 : 16.49"
"1,47 : 59.44"
"1,48 : 67.08"
"1,49 : 58.05"
"2,0 : 56.46"
"2,1 : 52.35"
"2,2 : 0.0"
"2,3 : 99.25"
"2,4 : 31.4"
"2,5 : 59.36"
"2,6 : 64.03"
"2,7 : 63.82"
"2,8 : 63.82"
"2,9 : 96.84"
"2,10 : 51.97"
"2,11 : 28.3"
"2,12 : 73.59"
"2,13 : 34.66"
"2,14 : 92.61"
"2,15 : 38.29"
"2,16 : 94.15"
"2,17 : 50.12"
"2,18 : 78.29"
"2,19 : 48.37"
"2,20 : 52.63"
"2,21 : 34.83"
"2,22 : 62.39"
"2,23 : 30.81"
"2,24 : 30.02"
"2,25 : 86.98"
"2,26 : 34.01"
"2,27 : 50.99"
"2,28 : 65.92"
"2,29 : 23.09"
"2,30 : 42.3"
"2,31 : 53.71"
"2,32 : 100.72"
"2,33 : 39.56"
"2,34 : 60.3"
"2,35 : 100.09"
"2,36 : 5.0"
"2,37 : 41.15"
"2,38 : 30.27"
"2,39 : 106.94"
"2,40 : 68.0"
"2,41 : 28.16"
"2,42 : 63.66"
"2,43 : 22.2"
"2,44 : 39.85"
"2,45 : 93.23"
"2,46 : 68.45"
"2,47 : 46.67"
"2,48 : 38.48"
"2,49 : 47.42"
"3,0 : 49.34"
"3,1 : 55.97"
"3,2 : 99.25"
"3,3 : 0.0"
"3,4 : 101.39"
"3,5 : 79.61"
"3,6 : 35.36"
"3,7 : 55.76"
"3,8 : 76.61"
"3,9 : 20.88"
"3,10 : 99.28"
"3,11 : 89.54"
"3,12 : 62.24"
"3,13 : 81.54"
"3,14 : 35.34"
"3,15 : 82.29"
"3,16 : 44.78"
"3,17 : 63.13"
"3,18 : 42.43"
"3,19 : 89.59"
"3,20 : 52.0"
"3,21 : 73.55"
"3,22 : 37.0"
"3,23 : 99.16"
"3,24 : 90.25"
"3,25 : 36.67"
"3,26 : 65.49"
"3,27 : 51.87"
"3,28 : 42.05"
"3,29 : 96.46"
"3,30 : 57.04"
"3,31 : 52.2"
"3,32 : 34.71"
"3,33 : 98.84"
"3,34 : 41.11"
"3,35 : 30.59"
"3,36 : 99.02"
"3,37 : 92.18"
"3,38 : 69.07"
"3,39 : 44.28"
"3,40 : 46.32"
"3,41 : 72.01"
"3,42 : 73.55"
"3,43 : 81.22"
"3,44 : 97.95"
"3,45 : 44.92"
"3,46 : 43.05"
"3,47 : 77.18"
"3,48 : 93.02"
"3,49 : 74.95"
"4,0 : 70.84"
"4,1 : 69.4"
"4,2 : 31.4"
"4,3 : 101.39"
"4,4 : 0.0"
"4,5 : 85.38"
"4,6 : 67.6"
"4,7 : 82.66"
"4,8 : 88.96"
"4,9 : 105.39"
"4,10 : 82.15"
"4,11 : 12.21"
"4,12 : 94.67"
"4,13 : 19.92"
"4,14 : 105.55"
"4,15 : 20.1"
"4,16 : 109.62"
"4,17 : 39.62"
"4,18 : 93.38"
"4,19 : 21.95"
"4,20 : 49.4"
"4,21 : 57.38"
"4,22 : 68.51"
"4,23 : 2.24"
"4,24 : 11.18"
"4,25 : 78.16"
"4,26 : 41.73"
"4,27 : 49.66"
"4,28 : 79.2"
"4,29 : 9.22"
"4,30 : 51.62"
"4,31 : 68.88"
"4,32 : 112.93"
"4,33 : 9.22"
"4,34 : 60.42"
"4,35 : 111.21"
"4,36 : 36.35"
"4,37 : 14.32"
"4,38 : 43.01"
"4,39 : 121.02"
"4,40 : 83.63"
"4,41 : 44.78"
"4,42 : 43.01"
"4,43 : 45.88"
"4,44 : 9.9"
"4,45 : 81.15"
"4,46 : 82.76"
"4,47 : 28.07"
"4,48 : 11.7"
"4,49 : 30.02"
"5,0 : 34.41"
"5,1 : 28.65"
"5,2 : 59.36"
"5,3 : 79.61"
"5,4 : 85.38"
"5,5 : 0.0"
"5,6 : 57.69"
"5,7 : 23.85"
"5,8 : 5.39"
"5,9 : 65.19"
"5,10 : 22.02"
"5,11 : 75.93"
"5,12 : 22.0"
"5,13 : 75.43"
"5,14 : 53.15"
"5,15 : 79.31"
"5,16 : 49.04"
"5,17 : 74.97"
"5,18 : 39.22"
"5,19 : 92.35"
"5,20 : 65.8"
"5,21 : 28.44"
"5,22 : 52.43"
"5,23 : 83.82"
"5,24 : 77.88"
"5,25 : 91.53"
"5,26 : 51.04"
"5,27 : 62.64"
"5,28 : 38.29"
"5,29 : 76.22"
"5,30 : 46.1"
"5,31 : 32.76"
"5,32 : 60.67"
"5,33 : 90.47"
"5,34 : 62.61"
"5,35 : 62.37"
"5,36 : 55.22"
"5,37 : 88.12"
"5,38 : 46.04"
"5,39 : 62.01"
"5,40 : 33.29"
"5,41 : 42.3"
"5,42 : 95.04"
"5,43 : 39.56"
"5,44 : 90.24"
"5,45 : 101.55"
"5,46 : 36.62"
"5,47 : 83.01"
"5,48 : 86.49"
"5,49 : 82.05"
"6,0 : 23.32"
"6,1 : 29.21"
"6,2 : 64.03"
"6,3 : 35.36"
"6,4 : 67.6"
"6,5 : 57.69"
"6,6 : 0.0"
"6,7 : 37.0"
"6,8 : 56.82"
"6,9 : 38.29"
"6,10 : 72.92"
"6,11 : 55.47"
"6,12 : 49.03"
"6,13 : 48.26"
"6,14 : 42.06"
"6,15 : 49.82"
"6,16 : 49.04"
"6,17 : 32.8"
"6,18 : 35.36"
"6,19 : 59.46"
"6,20 : 19.85"
"6,21 : 42.06"
"6,22 : 5.39"
"6,23 : 65.37"
"6,24 : 56.44"
"6,25 : 33.84"
"6,26 : 30.15"
"6,27 : 18.44"
"6,28 : 23.19"
"6,29 : 61.85"
"6,30 : 22.2"
"6,31 : 25.0"
"6,32 : 48.01"
"6,33 : 66.4"
"6,34 : 8.94"
"6,35 : 45.45"
"6,36 : 64.07"
"6,37 : 60.31"
"6,38 : 34.06"
"6,39 : 57.45"
"6,40 : 30.27"
"6,41 : 37.48"
"6,42 : 49.4"
"6,43 : 47.3"
"6,44 : 65.6"
"6,45 : 43.91"
"6,46 : 27.07"
"6,47 : 46.75"
"6,48 : 60.61"
"6,49 : 44.69"
"7,0 : 15.0"
"7,1 : 13.42"
"7,2 : 63.82"
"7,3 : 55.76"
"7,4 : 82.66"
"7,5 : 23.85"
"7,6 : 37.0"
"7,7 : 0.0"
"7,8 : 21.21"
"7,9 : 42.2"
"7,10 : 44.27"
"7,11 : 71.34"
"7,12 : 13.15"
"7,13 : 68.03"
"7,14 : 32.06"
"7,15 : 71.31"
"7,16 : 31.02"
"7,17 : 61.52"
"7,18 : 17.0"
"7,19 : 83.82"
"7,20 : 50.01"
"7,21 : 29.15"
"7,22 : 31.62"
"7,23 : 80.71"
"7,24 : 73.06"
"7,25 : 70.21"
"7,26 : 42.05"
"7,27 : 47.04"
"7,28 : 15.0"
"7,29 : 74.2"
"7,30 : 33.53"
"7,31 : 15.3"
"7,32 : 40.2"
"7,33 : 85.48"
"7,34 : 43.74"
"7,35 : 41.0"
"7,36 : 61.06"
"7,37 : 81.44"
"7,38 : 39.66"
"7,39 : 44.27"
"7,40 : 9.43"
"7,41 : 38.29"
"7,42 : 81.22"
"7,43 : 41.62"
"7,44 : 85.0"
"7,45 : 80.53"
"7,46 : 12.81"
"7,47 : 72.53"
"7,48 : 80.5"
"7,49 : 71.06"
"8,0 : 33.54"
"8,1 : 28.46"
"8,2 : 63.82"
"8,3 : 76.61"
"8,4 : 88.96"
"8,5 : 5.39"
"8,6 : 56.82"
"8,7 : 21.21"
"8,8 : 0.0"
"8,9 : 61.33"
"8,10 : 27.02"
"8,11 : 79.12"
"8,12 : 17.12"
"8,13 : 78.09"
"8,14 : 48.76"
"8,15 : 81.88"
"8,16 : 44.18"
"8,17 : 76.32"
"8,18 : 35.34"
"8,19 : 94.89"
"8,20 : 66.49"
"8,21 : 31.62"
"8,22 : 51.48"
"8,23 : 87.32"
"8,24 : 81.04"
"8,25 : 90.55"
"8,26 : 53.08"
"8,27 : 63.35"
"8,28 : 36.12"
"8,29 : 79.85"
"8,30 : 47.27"
"8,31 : 32.31"
"8,32 : 56.09"
"8,33 : 93.68"
"8,34 : 62.39"
"8,35 : 57.97"
"8,36 : 59.82"
"8,37 : 91.01"
"8,38 : 48.51"
"8,39 : 57.01"
"8,40 : 30.48"
"8,41 : 45.12"
"8,42 : 96.42"
"8,43 : 43.38"
"8,44 : 93.41"
"8,45 : 100.72"
"8,46 : 33.97"
"8,47 : 85.09"
"8,48 : 89.5"
"8,49 : 84.02"
"9,0 : 41.3"
"9,1 : 47.04"
"9,2 : 96.84"
"9,3 : 20.88"
"9,4 : 105.39"
"9,5 : 65.19"
"9,6 : 38.29"
"9,7 : 42.2"
"9,8 : 61.33"
"9,9 : 0.0"
"9,10 : 86.4"
"9,11 : 93.19"
"9,12 : 45.28"
"9,13 : 86.4"
"9,14 : 15.0"
"9,15 : 88.09"
"9,16 : 24.19"
"9,17 : 70.72"
"9,18 : 26.0"
"9,19 : 97.58"
"9,20 : 58.0"
"9,21 : 66.19"
"9,22 : 36.89"
"9,23 : 103.17"
"9,24 : 94.3"
"9,25 : 53.94"
"9,26 : 65.31"
"9,27 : 56.73"
"9,28 : 32.06"
"9,29 : 98.98"
"9,30 : 55.54"
"9,31 : 44.28"
"9,32 : 14.04"
"9,33 : 104.64"
"9,34 : 46.67"
"9,35 : 10.0"
"9,36 : 95.57"
"9,37 : 98.6"
"9,38 : 67.07"
"9,39 : 24.02"
"9,40 : 33.38"
"9,41 : 68.68"
"9,42 : 85.15"
"9,43 : 76.3"
"9,44 : 103.86"
"9,45 : 63.39"
"9,46 : 31.06"
"9,47 : 84.85"
"9,48 : 98.86"
"9,49 : 82.73"
"10,0 : 51.04"
"10,1 : 44.41"
"10,2 : 51.97"
"10,3 : 99.28"
"10,4 : 82.15"
"10,5 : 22.02"
"10,6 : 72.92"
"10,7 : 44.27"
"10,8 : 27.02"
"10,9 : 86.4"
"10,10 : 0.0"
"10,11 : 75.17"
"10,12 : 44.01"
"10,13 : 77.28"
"10,14 : 74.97"
"10,15 : 81.39"
"10,16 : 71.06"
"10,17 : 82.35"
"10,18 : 60.64"
"10,19 : 94.05"
"10,20 : 76.01"
"10,21 : 33.62"
"10,22 : 68.12"
"10,23 : 81.06"
"10,24 : 77.16"
"10,25 : 106.1"
"10,26 : 57.27"
"10,27 : 72.95"
"10,28 : 57.25"
"10,29 : 73.06"
"10,30 : 56.04"
"10,31 : 48.6"
"10,32 : 82.61"
"10,33 : 89.01"
"10,34 : 75.82"
"10,35 : 84.17"
"10,36 : 47.07"
"10,37 : 88.36"
"10,38 : 51.08"
"10,39 : 84.0"
"10,40 : 53.49"
"10,41 : 46.24"
"10,42 : 101.59"
"10,43 : 38.83"
"10,44 : 89.02"
"10,45 : 115.52"
"10,46 : 56.46"
"10,47 : 87.09"
"10,48 : 86.21"
"10,49 : 86.68"
"11,0 : 59.03"
"11,1 : 57.98"
"11,2 : 28.3"
"11,3 : 89.54"
"11,4 : 12.21"
"11,5 : 75.93"
"11,6 : 55.47"
"11,7 : 71.34"
"11,8 : 79.12"
"11,9 : 93.19"
"11,10 : 75.17"
"11,11 : 0.0"
"11,12 : 83.65"
"11,13 : 9.06"
"11,14 : 93.43"
"11,15 : 11.18"
"11,16 : 97.67"
"11,17 : 29.0"
"11,18 : 81.47"
"11,19 : 20.12"
"11,20 : 37.64"
"11,21 : 47.54"
"11,22 : 56.3"
"11,23 : 10.0"
"11,24 : 2.0"
"11,25 : 68.03"
"11,26 : 29.83"
"11,27 : 37.7"
"11,28 : 67.21"
"11,29 : 8.25"
"11,30 : 39.62"
"11,31 : 57.2"
"11,32 : 100.77"
"11,33 : 14.56"
"11,34 : 48.47"
"11,35 : 99.02"
"11,36 : 32.65"
"11,37 : 13.34"
"11,38 : 31.76"
"11,39 : 108.93"
"11,40 : 71.84"
"11,41 : 34.18"
"11,42 : 36.89"
"11,43 : 37.12"
"11,44 : 14.32"
"11,45 : 72.01"
"11,46 : 70.84"
"11,47 : 20.12"
"11,48 : 11.05"
"11,49 : 21.54"
"12,0 : 28.07"
"12,1 : 26.25"
"12,2 : 73.59"
"12,3 : 62.24"
"12,4 : 94.67"
"12,5 : 22.0"
"12,6 : 49.03"
"12,7 : 13.15"
"12,8 : 17.12"
"12,9 : 45.28"
"12,10 : 44.01"
"12,11 : 83.65"
"12,12 : 0.0"
"12,13 : 80.78"
"12,14 : 31.95"
"12,15 : 84.15"
"12,16 : 27.07"
"12,17 : 74.67"
"12,18 : 19.85"
"12,19 : 96.77"
"12,20 : 63.07"
"12,21 : 38.9"
"12,22 : 43.74"
"12,23 : 92.78"
"12,24 : 85.42"
"12,25 : 81.34"
"12,26 : 54.78"
"12,27 : 60.13"
"12,28 : 25.96"
"12,29 : 85.98"
"12,30 : 46.57"
"12,31 : 28.44"
"12,32 : 39.05"
"12,33 : 97.94"
"12,34 : 56.32"
"12,35 : 41.11"
"12,36 : 70.29"
"12,37 : 94.15"
"12,38 : 51.88"
"12,39 : 40.01"
"12,40 : 18.97"
"12,41 : 49.93"
"12,42 : 94.34"
"12,43 : 51.62"
"12,44 : 97.51"
"12,45 : 91.76"
"12,46 : 22.47"
"12,47 : 85.62"
"12,48 : 93.11"
"12,49 : 84.17"
"13,0 : 54.71"
"13,1 : 54.63"
"13,2 : 34.66"
"13,3 : 81.54"
"13,4 : 19.92"
"13,5 : 75.43"
"13,6 : 48.26"
"13,7 : 68.03"
"13,8 : 78.09"
"13,9 : 86.4"
"13,10 : 77.28"
"13,11 : 9.06"
"13,12 : 80.78"
"13,13 : 0.0"
"13,14 : 87.73"
"13,15 : 4.12"
"13,16 : 92.62"
"13,17 : 20.02"
"13,18 : 76.61"
"13,19 : 17.0"
"13,20 : 29.55"
"13,21 : 47.1"
"13,22 : 49.68"
"13,23 : 17.72"
"13,24 : 9.06"
"13,25 : 59.01"
"13,26 : 26.0"
"13,27 : 30.02"
"13,28 : 62.2"
"13,29 : 17.26"
"13,30 : 34.99"
"13,31 : 53.24"
"13,32 : 94.76"
"13,33 : 18.38"
"13,34 : 40.71"
"13,35 : 92.76"
"13,36 : 38.42"
"13,37 : 13.42"
"13,38 : 29.61"
"13,39 : 103.32"
"13,40 : 67.42"
"13,41 : 33.14"
"13,42 : 29.07"
"13,43 : 38.47"
"13,44 : 17.69"
"13,45 : 62.97"
"13,46 : 66.03"
"13,47 : 12.04"
"13,48 : 12.81"
"13,49 : 13.04"
"14,0 : 36.24"
"14,1 : 40.5"
"14,2 : 92.61"
"14,3 : 35.34"
"14,4 : 105.55"
"14,5 : 53.15"
"14,6 : 42.06"
"14,7 : 32.06"
"14,8 : 48.76"
"14,9 : 15.0"
"14,10 : 74.97"
"14,11 : 93.43"
"14,12 : 31.95"
"14,13 : 87.73"
"14,14 : 0.0"
"14,15 : 90.03"
"14,16 : 9.49"
"14,17 : 74.63"
"14,18 : 15.13"
"14,19 : 100.8"
"14,20 : 61.59"
"14,21 : 59.48"
"14,22 : 38.83"
"14,23 : 103.39"
"14,24 : 94.79"
"14,25 : 65.01"
"14,26 : 64.03"
"14,27 : 59.64"
"14,28 : 26.93"
"14,29 : 98.23"
"14,30 : 54.04"
"14,31 : 38.91"
"14,32 : 8.25"
"14,33 : 106.1"
"14,34 : 51.0"
"14,35 : 9.22"
"14,36 : 90.62"
"14,37 : 100.66"
"14,38 : 64.35"
"14,39 : 15.62"
"14,40 : 25.0"
"14,41 : 64.88"
"14,42 : 91.29"
"14,43 : 70.94"
"14,44 : 105.42"
"14,45 : 75.03"
"14,46 : 24.17"
"14,47 : 88.23"
"14,48 : 100.5"
"14,49 : 86.27"
"15,0 : 57.71"
"15,1 : 57.94"
"15,2 : 38.29"
"15,3 : 82.29"
"15,4 : 20.1"
"15,5 : 79.31"
"15,6 : 49.82"
"15,7 : 71.31"
"15,8 : 81.88"
"15,9 : 88.09"
"15,10 : 81.39"
"15,11 : 11.18"
"15,12 : 84.15"
"15,13 : 4.12"
"15,14 : 90.03"
"15,15 : 0.0"
"15,16 : 95.21"
"15,17 : 19.65"
"15,18 : 79.32"
"15,19 : 13.04"
"15,20 : 30.53"
"15,21 : 51.04"
"15,22 : 51.62"
"15,23 : 18.03"
"15,24 : 10.44"
"15,25 : 58.08"
"15,26 : 29.41"
"15,27 : 31.4"
"15,28 : 64.9"
"15,29 : 19.31"
"15,30 : 38.01"
"15,31 : 56.36"
"15,32 : 96.9"
"15,33 : 16.64"
"15,34 : 41.88"
"15,35 : 94.76"
"15,36 : 42.2"
"15,37 : 10.63"
"15,38 : 33.38"
"15,39 : 105.65"
"15,40 : 70.33"
"15,41 : 37.05"
"15,42 : 25.81"
"15,43 : 42.58"
"15,44 : 15.81"
"15,45 : 61.4"
"15,46 : 68.8"
"15,47 : 8.94"
"15,48 : 10.82"
"15,49 : 10.44"
"16,0 : 38.95"
"16,1 : 41.88"
"16,2 : 94.15"
"16,3 : 44.78"
"16,4 : 109.62"
"16,5 : 49.04"
"16,6 : 49.04"
"16,7 : 31.02"
"16,8 : 44.18"
"16,9 : 24.19"
"16,10 : 71.06"
"16,11 : 97.67"
"16,12 : 27.07"
"16,13 : 92.62"
"16,14 : 9.49"
"16,15 : 95.21"
"16,16 : 0.0"
"16,17 : 80.95"
"16,18 : 16.28"
"16,19 : 106.53"
"16,20 : 67.98"
"16,21 : 59.93"
"16,22 : 45.19"
"16,23 : 107.52"
"16,24 : 99.16"
"16,25 : 74.03"
"16,26 : 67.9"
"16,27 : 65.76"
"16,28 : 30.48"
"16,29 : 101.86"
"16,30 : 58.05"
"16,31 : 41.23"
"16,32 : 13.04"
"16,33 : 110.89"
"16,34 : 57.94"
"16,35 : 16.28"
"16,36 : 91.71"
"16,37 : 105.8"
"16,38 : 67.36"
"16,39 : 13.34"
"16,40 : 26.4"
"16,41 : 67.2"
"16,42 : 98.43"
"16,43 : 72.07"
"16,44 : 110.26"
"16,45 : 84.15"
"16,46 : 26.87"
"16,47 : 94.15"
"16,48 : 105.42"
"16,49 : 92.28"
"17,0 : 46.69"
"17,1 : 49.04"
"17,2 : 50.12"
"17,3 : 63.13"
"17,4 : 39.62"
"17,5 : 74.97"
"17,6 : 32.8"
"17,7 : 61.52"
"17,8 : 76.32"
"17,9 : 70.72"
"17,10 : 82.35"
"17,11 : 29.0"
"17,12 : 74.67"
"17,13 : 20.02"
"17,14 : 74.63"
"17,15 : 19.65"
"17,16 : 80.95"
"17,17 : 0.0"
"17,18 : 65.92"
"17,19 : 26.91"
"17,20 : 13.04"
"17,21 : 49.04"
"17,22 : 35.85"
"17,23 : 37.48"
"17,24 : 29.07"
"17,25 : 39.05"
"17,26 : 25.08"
"17,27 : 15.23"
"17,28 : 51.87"
"17,29 : 37.05"
"17,30 : 29.07"
"17,31 : 46.27"
"17,32 : 80.8"
"17,33 : 35.85"
"17,34 : 24.08"
"17,35 : 78.24"
"17,36 : 52.7"
"17,37 : 29.07"
"17,38 : 31.3"
"17,39 : 90.14"
"17,40 : 58.24"
"17,41 : 36.24"
"17,42 : 20.1"
"17,43 : 45.22"
"17,44 : 34.93"
"17,45 : 43.68"
"17,46 : 55.97"
"17,47 : 14.21"
"17,48 : 30.08"
"17,49 : 12.04"
"18,0 : 22.67"
"18,1 : 25.94"
"18,2 : 78.29"
"18,3 : 42.43"
"18,4 : 93.38"
"18,5 : 39.22"
"18,6 : 35.36"
"18,7 : 17.0"
"18,8 : 35.34"
"18,9 : 26.0"
"18,10 : 60.64"
"18,11 : 81.47"
"18,12 : 19.85"
"18,13 : 76.61"
"18,14 : 15.13"
"18,15 : 79.32"
"18,16 : 16.28"
"18,17 : 65.92"
"18,18 : 0.0"
"18,19 : 90.92"
"18,20 : 53.14"
"18,21 : 44.6"
"18,22 : 30.81"
"18,23 : 91.29"
"18,24 : 82.98"
"18,25 : 64.54"
"18,26 : 51.66"
"18,27 : 50.7"
"18,28 : 14.42"
"18,29 : 85.59"
"18,30 : 41.87"
"18,31 : 25.0"
"18,32 : 23.35"
"18,33 : 94.81"
"18,34 : 43.93"
"18,35 : 24.0"
"18,36 : 76.06"
"18,37 : 89.87"
"18,38 : 51.09"
"18,39 : 28.65"
"18,40 : 10.3"
"18,41 : 51.04"
"18,42 : 84.2"
"18,43 : 56.36"
"18,44 : 94.2"
"18,45 : 74.95"
"18,46 : 10.63"
"18,47 : 78.71"
"18,48 : 89.4"
"18,49 : 76.92"
"19,0 : 69.86"
"19,1 : 70.52"
"19,2 : 48.37"
"19,3 : 89.59"
"19,4 : 21.95"
"19,5 : 92.35"
"19,6 : 59.46"
"19,7 : 83.82"
"19,8 : 94.89"
"19,9 : 97.58"
"19,10 : 94.05"
"19,11 : 20.12"
"19,12 : 96.77"
"19,13 : 17.0"
"19,14 : 100.8"
"19,15 : 13.04"
"19,16 : 106.53"
"19,17 : 26.91"
"19,18 : 90.92"
"19,19 : 0.0"
"19,20 : 39.62"
"19,21 : 64.07"
"19,22 : 62.01"
"19,23 : 20.81"
"19,24 : 18.36"
"19,25 : 61.13"
"19,26 : 42.2"
"19,27 : 41.23"
"19,28 : 76.54"
"19,29 : 26.25"
"19,30 : 50.33"
"19,31 : 68.71"
"19,32 : 107.3"
"19,33 : 13.6"
"19,34 : 50.91"
"19,35 : 104.89"
"19,36 : 52.77"
"19,37 : 7.81"
"19,38 : 46.39"
"19,39 : 116.4"
"19,40 : 82.29"
"19,41 : 50.09"
"19,42 : 22.09"
"19,43 : 55.33"
"19,44 : 12.65"
"19,45 : 62.29"
"19,46 : 80.53"
"19,47 : 12.73"
"19,48 : 10.63"
"19,49 : 14.87"
"20,0 : 35.01"
"20,1 : 38.33"
"20,2 : 52.63"
"20,3 : 52.0"
"20,4 : 49.4"
"20,5 : 65.8"
"20,6 : 19.85"
"20,7 : 50.01"
"20,8 : 66.49"
"20,9 : 58.0"
"20,10 : 76.01"
"20,11 : 37.64"
"20,12 : 63.07"
"20,13 : 29.55"
"20,14 : 61.59"
"20,15 : 30.53"
"20,16 : 67.98"
"20,17 : 13.04"
"20,18 : 53.14"
"20,19 : 39.62"
"20,20 : 0.0"
"20,21 : 42.44"
"20,22 : 22.83"
"20,23 : 47.17"
"20,24 : 38.28"
"20,25 : 34.54"
"20,26 : 20.81"
"20,27 : 3.16"
"20,28 : 39.29"
"20,29 : 44.91"
"20,30 : 20.12"
"20,31 : 35.06"
"20,32 : 67.8"
"20,33 : 47.17"
"20,34 : 11.4"
"20,35 : 65.3"
"20,36 : 54.08"
"20,37 : 40.8"
"20,38 : 27.02"
"20,39 : 77.1"
"20,40 : 45.89"
"20,41 : 31.89"
"20,42 : 31.4"
"20,43 : 42.01"
"20,44 : 46.32"
"20,45 : 41.88"
"20,46 : 43.42"
"20,47 : 26.91"
"20,48 : 41.34"
"20,49 : 24.84"
"21,0 : 25.0"
"21,1 : 19.24"
"21,2 : 34.83"
"21,3 : 73.55"
"21,4 : 57.38"
"21,5 : 28.44"
"21,6 : 42.06"
"21,7 : 29.15"
"21,8 : 31.62"
"21,9 : 66.19"
"21,10 : 33.62"
"21,11 : 47.54"
"21,12 : 38.9"
"21,13 : 47.1"
"21,14 : 59.48"
"21,15 : 51.04"
"21,16 : 59.93"
"21,17 : 49.04"
"21,18 : 44.6"
"21,19 : 64.07"
"21,20 : 42.44"
"21,21 : 0.0"
"21,22 : 38.08"
"21,23 : 55.71"
"21,24 : 49.48"
"21,25 : 73.76"
"21,26 : 24.04"
"21,27 : 39.41"
"21,28 : 34.13"
"21,29 : 48.33"
"21,30 : 22.67"
"21,31 : 22.0"
"21,32 : 67.72"
"21,33 : 62.1"
"21,34 : 43.28"
"21,35 : 67.68"
"21,36 : 31.91"
"21,37 : 59.68"
"21,38 : 18.25"
"21,39 : 73.01"
"21,40 : 34.48"
"21,41 : 14.0"
"21,42 : 68.68"
"21,43 : 12.73"
"21,44 : 61.85"
"21,45 : 82.73"
"21,46 : 35.69"
"21,47 : 55.33"
"21,48 : 58.05"
"21,49 : 54.59"
"22,0 : 18.03"
"22,1 : 24.08"
"22,2 : 62.39"
"22,3 : 37.0"
"22,4 : 68.51"
"22,5 : 52.43"
"22,6 : 5.39"
"22,7 : 31.62"
"22,8 : 51.48"
"22,9 : 36.89"
"22,10 : 68.12"
"22,11 : 56.3"
"22,12 : 43.74"
"22,13 : 49.68"
"22,14 : 38.83"
"22,15 : 51.62"
"22,16 : 45.19"
"22,17 : 35.85"
"22,18 : 30.81"
"22,19 : 62.01"
"22,20 : 22.83"
"22,21 : 38.08"
"22,22 : 0.0"
"22,23 : 66.29"
"22,24 : 57.43"
"22,25 : 39.12"
"22,26 : 29.12"
"22,27 : 20.81"
"22,28 : 18.03"
"22,29 : 62.18"
"22,30 : 20.1"
"22,31 : 19.85"
"22,32 : 45.34"
"22,33 : 68.01"
"22,34 : 13.15"
"22,35 : 43.14"
"22,36 : 62.03"
"22,37 : 62.23"
"22,38 : 32.14"
"22,39 : 54.41"
"22,40 : 25.08"
"22,41 : 35.01"
"22,42 : 53.45"
"22,43 : 44.41"
"22,44 : 67.27"
"22,45 : 49.24"
"22,46 : 22.0"
"22,47 : 49.41"
"22,48 : 62.29"
"22,49 : 47.43"
"23,0 : 68.77"
"23,1 : 67.42"
"23,2 : 30.81"
"23,3 : 99.16"
"23,4 : 2.24"
"23,5 : 83.82"
"23,6 : 65.37"
"23,7 : 80.71"
"23,8 : 87.32"
"23,9 : 103.17"
"23,10 : 81.06"
"23,11 : 10.0"
"23,12 : 92.78"
"23,13 : 17.72"
"23,14 : 103.39"
"23,15 : 18.03"
"23,16 : 107.52"
"23,17 : 37.48"
"23,18 : 91.29"
"23,19 : 20.81"
"23,20 : 47.17"
"23,21 : 55.71"
"23,22 : 66.29"
"23,23 : 0.0"
"23,24 : 8.94"
"23,25 : 76.11"
"23,26 : 39.62"
"23,27 : 47.42"
"23,28 : 77.08"
"23,29 : 8.0"
"23,30 : 49.5"
"23,31 : 66.84"
"23,32 : 110.75"
"23,33 : 8.94"
"23,34 : 58.18"
"23,35 : 109.02"
"23,36 : 35.69"
"23,37 : 13.04"
"23,38 : 41.05"
"23,39 : 118.87"
"23,40 : 81.57"
"23,41 : 42.94"
"23,42 : 41.44"
"23,43 : 44.38"
"23,44 : 9.43"
"23,45 : 79.23"
"23,46 : 80.66"
"23,47 : 26.17"
"23,48 : 10.3"
"23,49 : 28.07"
"24,0 : 60.61"
"24,1 : 59.68"
"24,2 : 30.02"
"24,3 : 90.25"
"24,4 : 11.18"
"24,5 : 77.88"
"24,6 : 56.44"
"24,7 : 73.06"
"24,8 : 81.04"
"24,9 : 94.3"
"24,10 : 77.16"
"24,11 : 2.0"
"24,12 : 85.42"
"24,13 : 9.06"
"24,14 : 94.79"
"24,15 : 10.44"
"24,16 : 99.16"
"24,17 : 29.07"
"24,18 : 82.98"
"24,19 : 18.36"
"24,20 : 38.28"
"24,21 : 49.48"
"24,22 : 57.43"
"24,23 : 8.94"
"24,24 : 0.0"
"24,25 : 68.0"
"24,26 : 31.4"
"24,27 : 38.48"
"24,28 : 68.68"
"24,29 : 8.94"
"24,30 : 41.11"
"24,31 : 58.82"
"24,32 : 102.07"
"24,33 : 12.65"
"24,34 : 49.24"
"24,35 : 100.26"
"24,36 : 34.44"
"24,37 : 11.4"
"24,38 : 33.54"
"24,39 : 110.32"
"24,40 : 73.41"
"24,41 : 36.06"
"24,42 : 35.85"
"24,43 : 39.12"
"24,44 : 12.37"
"24,45 : 71.7"
"24,46 : 72.35"
"24,47 : 19.31"
"24,48 : 9.06"
"24,49 : 20.88"
"25,0 : 57.14"
"25,1 : 63.01"
"25,2 : 86.98"
"25,3 : 36.67"
"25,4 : 78.16"
"25,5 : 91.53"
"25,6 : 33.84"
"25,7 : 70.21"
"25,8 : 90.55"
"25,9 : 53.94"
"25,10 : 106.1"
"25,11 : 68.03"
"25,12 : 81.34"
"25,13 : 59.01"
"25,14 : 65.01"
"25,15 : 58.08"
"25,16 : 74.03"
"25,17 : 39.05"
"25,18 : 64.54"
"25,19 : 61.13"
"25,20 : 34.54"
"25,21 : 73.76"
"25,22 : 39.12"
"25,23 : 76.11"
"25,24 : 68.0"
"25,25 : 0.0"
"25,26 : 55.01"
"25,27 : 36.67"
"25,28 : 55.54"
"25,29 : 76.11"
"25,30 : 51.4"
"25,31 : 58.82"
"25,32 : 67.6"
"25,33 : 72.99"
"25,34 : 30.48"
"25,35 : 63.79"
"25,36 : 88.6"
"25,37 : 65.92"
"25,38 : 60.9"
"25,39 : 77.78"
"25,40 : 62.39"
"25,41 : 65.51"
"25,42 : 41.15"
"25,43 : 75.8"
"25,44 : 72.01"
"25,45 : 10.44"
"25,46 : 58.87"
"25,47 : 50.49"
"25,48 : 67.6"
"25,49 : 48.37"
"26,0 : 29.21"
"26,1 : 28.64"
"26,2 : 34.01"
"26,3 : 65.49"
"26,4 : 41.73"
"26,5 : 51.04"
"26,6 : 30.15"
"26,7 : 42.05"
"26,8 : 53.08"
"26,9 : 65.31"
"26,10 : 57.27"
"26,11 : 29.83"
"26,12 : 54.78"
"26,13 : 26.0"
"26,14 : 64.03"
"26,15 : 29.41"
"26,16 : 67.9"
"26,17 : 25.08"
"26,18 : 51.66"
"26,19 : 42.2"
"26,20 : 20.81"
"26,21 : 24.04"
"26,22 : 29.12"
"26,23 : 39.62"
"26,24 : 31.4"
"26,25 : 55.01"
"26,26 : 0.0"
"26,27 : 18.36"
"26,28 : 37.48"
"26,29 : 34.21"
"26,30 : 10.0"
"26,31 : 27.46"
"26,32 : 71.61"
"26,33 : 43.57"
"26,34 : 26.48"
"26,35 : 70.18"
"26,36 : 34.53"
"26,37 : 39.4"
"26,38 : 6.4"
"26,39 : 79.4"
"26,40 : 42.01"
"26,41 : 11.4"
"26,42 : 44.64"
"26,43 : 21.26"
"26,44 : 43.05"
"26,45 : 62.68"
"26,46 : 41.04"
"26,47 : 32.02"
"26,48 : 38.47"
"26,49 : 31.02"
"27,0 : 32.06"
"27,1 : 35.23"
"27,2 : 50.99"
"27,3 : 51.87"
"27,4 : 49.66"
"27,5 : 62.64"
"27,6 : 18.44"
"27,7 : 47.04"
"27,8 : 63.35"
"27,9 : 56.73"
"27,10 : 72.95"
"27,11 : 37.7"
"27,12 : 60.13"
"27,13 : 30.02"
"27,14 : 59.64"
"27,15 : 31.4"
"27,16 : 65.76"
"27,17 : 15.23"
"27,18 : 50.7"
"27,19 : 41.23"
"27,20 : 3.16"
"27,21 : 39.41"
"27,22 : 20.81"
"27,23 : 47.42"
"27,24 : 38.48"
"27,25 : 36.67"
"27,26 : 18.36"
"27,27 : 0.0"
"27,28 : 36.69"
"27,29 : 44.64"
"27,30 : 17.0"
"27,31 : 32.02"
"27,32 : 66.07"
"27,33 : 48.01"
"27,34 : 10.77"
"27,35 : 63.7"
"27,36 : 52.2"
"27,37 : 41.87"
"27,38 : 24.41"
"27,39 : 75.21"
"27,40 : 43.17"
"27,41 : 29.21"
"27,42 : 34.23"
"27,43 : 39.41"
"27,44 : 47.2"
"27,45 : 44.41"
"27,46 : 40.8"
"27,47 : 28.6"
"27,48 : 42.2"
"27,49 : 26.63"
"28,0 : 9.49"
"28,1 : 15.0"
"28,2 : 65.92"
"28,3 : 42.05"
"28,4 : 79.2"
"28,5 : 38.29"
"28,6 : 23.19"
"28,7 : 15.0"
"28,8 : 36.12"
"28,9 : 32.06"
"28,10 : 57.25"
"28,11 : 67.21"
"28,12 : 25.96"
"28,13 : 62.2"
"28,14 : 26.93"
"28,15 : 64.9"
"28,16 : 30.48"
"28,17 : 51.87"
"28,18 : 14.42"
"28,19 : 76.54"
"28,20 : 39.29"
"28,21 : 34.13"
"28,22 : 18.03"
"28,23 : 77.08"
"28,24 : 68.68"
"28,25 : 55.54"
"28,26 : 37.48"
"28,27 : 36.69"
"28,28 : 0.0"
"28,29 : 71.59"
"28,30 : 27.59"
"28,31 : 12.37"
"28,32 : 34.89"
"28,33 : 80.43"
"28,34 : 31.02"
"28,35 : 34.18"
"28,36 : 64.2"
"28,37 : 75.45"
"28,38 : 37.44"
"28,39 : 42.01"
"28,40 : 7.07"
"28,41 : 38.01"
"28,42 : 70.61"
"28,43 : 44.64"
"28,44 : 79.81"
"28,45 : 65.92"
"28,46 : 4.12"
"28,47 : 64.4"
"28,48 : 75.0"
"28,49 : 62.65"
"29,0 : 62.94"
"29,1 : 61.07"
"29,2 : 23.09"
"29,3 : 96.46"
"29,4 : 9.22"
"29,5 : 76.22"
"29,6 : 61.85"
"29,7 : 74.2"
"29,8 : 79.85"
"29,9 : 98.98"
"29,10 : 73.06"
"29,11 : 8.25"
"29,12 : 85.98"
"29,13 : 17.26"
"29,14 : 98.23"
"29,15 : 19.31"
"29,16 : 101.86"
"29,17 : 37.05"
"29,18 : 85.59"
"29,19 : 26.25"
"29,20 : 44.91"
"29,21 : 48.33"
"29,22 : 62.18"
"29,23 : 8.0"
"29,24 : 8.94"
"29,25 : 76.11"
"29,26 : 34.21"
"29,27 : 44.64"
"29,28 : 71.59"
"29,29 : 0.0"
"29,30 : 44.2"
"29,31 : 60.83"
"29,32 : 105.8"
"29,33 : 16.49"
"29,34 : 55.36"
"29,35 : 104.29"
"29,36 : 27.89"
"29,37 : 18.6"
"29,38 : 34.71"
"29,39 : 113.57"
"29,40 : 75.66"
"29,41 : 36.06"
"29,42 : 44.78"
"29,43 : 36.69"
"29,44 : 16.76"
"29,45 : 80.23"
"29,46 : 75.01"
"29,47 : 28.23"
"29,48 : 15.81"
"29,49 : 29.73"
"30,0 : 19.72"
"30,1 : 20.4"
"30,2 : 42.3"
"30,3 : 57.04"
"30,4 : 51.62"
"30,5 : 46.1"
"30,6 : 22.2"
"30,7 : 33.53"
"30,8 : 47.27"
"30,9 : 55.54"
"30,10 : 56.04"
"30,11 : 39.62"
"30,12 : 46.57"
"30,13 : 34.99"
"30,14 : 54.04"
"30,15 : 38.01"
"30,16 : 58.05"
"30,17 : 29.07"
"30,18 : 41.87"
"30,19 : 50.33"
"30,20 : 20.12"
"30,21 : 22.67"
"30,22 : 20.1"
"30,23 : 49.5"
"30,24 : 41.11"
"30,25 : 51.4"
"30,26 : 10.0"
"30,27 : 17.0"
"30,28 : 27.59"
"30,29 : 44.2"
"30,30 : 0.0"
"30,31 : 18.38"
"30,32 : 61.61"
"30,33 : 53.01"
"30,34 : 21.1"
"30,35 : 60.21"
"30,36 : 42.0"
"30,37 : 48.37"
"30,38 : 12.04"
"30,39 : 69.43"
"30,40 : 32.45"
"30,41 : 15.3"
"30,42 : 49.16"
"30,43 : 25.3"
"30,44 : 52.43"
"30,45 : 60.14"
"30,46 : 31.24"
"30,47 : 39.05"
"30,48 : 47.71"
"30,49 : 37.66"
"31,0 : 3.0"
"31,1 : 4.24"
"31,2 : 53.71"
"31,3 : 52.2"
"31,4 : 68.88"
"31,5 : 32.76"
"31,6 : 25.0"
"31,7 : 15.3"
"31,8 : 32.31"
"31,9 : 44.28"
"31,10 : 48.6"
"31,11 : 57.2"
"31,12 : 28.44"
"31,13 : 53.24"
"31,14 : 38.91"
"31,15 : 56.36"
"31,16 : 41.23"
"31,17 : 46.27"
"31,18 : 25.0"
"31,19 : 68.71"
"31,20 : 35.06"
"31,21 : 22.0"
"31,22 : 19.85"
"31,23 : 66.84"
"31,24 : 58.82"
"31,25 : 58.82"
"31,26 : 27.46"
"31,27 : 32.02"
"31,28 : 12.37"
"31,29 : 60.83"
"31,30 : 18.38"
"31,31 : 0.0"
"31,32 : 47.01"
"31,33 : 71.02"
"31,34 : 30.08"
"31,35 : 46.49"
"31,36 : 51.87"
"31,37 : 66.65"
"31,38 : 26.17"
"31,39 : 53.54"
"31,40 : 14.87"
"31,41 : 26.08"
"31,42 : 66.07"
"31,43 : 32.28"
"31,44 : 70.49"
"31,45 : 68.8"
"31,46 : 14.76"
"31,47 : 57.28"
"31,48 : 65.86"
"31,49 : 55.79"
"32,0 : 44.28"
"32,1 : 48.7"
"32,2 : 100.72"
"32,3 : 34.71"
"32,4 : 112.93"
"32,5 : 60.67"
"32,6 : 48.01"
"32,7 : 40.2"
"32,8 : 56.09"
"32,9 : 14.04"
"32,10 : 82.61"
"32,11 : 100.77"
"32,12 : 39.05"
"32,13 : 94.76"
"32,14 : 8.25"
"32,15 : 96.9"
"32,16 : 13.04"
"32,17 : 80.8"
"32,18 : 23.35"
"32,19 : 107.3"
"32,20 : 67.8"
"32,21 : 67.72"
"32,22 : 45.34"
"32,23 : 110.75"
"32,24 : 102.07"
"32,25 : 67.6"
"32,26 : 71.61"
"32,27 : 66.07"
"32,28 : 34.89"
"32,29 : 105.8"
"32,30 : 61.61"
"32,31 : 47.01"
"32,32 : 0.0"
"32,33 : 113.15"
"32,34 : 56.86"
"32,35 : 4.12"
"32,36 : 98.79"
"32,37 : 107.52"
"32,38 : 72.2"
"32,39 : 10.2"
"32,40 : 33.24"
"32,41 : 72.9"
"32,42 : 96.65"
"32,43 : 79.12"
"32,44 : 112.43"
"32,45 : 77.23"
"32,46 : 32.31"
"32,47 : 94.64"
"32,48 : 107.48"
"32,49 : 92.62"
"33,0 : 72.67"
"33,1 : 72.07"
"33,2 : 39.56"
"33,3 : 98.84"
"33,4 : 9.22"
"33,5 : 90.47"
"33,6 : 66.4"
"33,7 : 85.48"
"33,8 : 93.68"
"33,9 : 104.64"
"33,10 : 89.01"
"33,11 : 14.56"
"33,12 : 97.94"
"33,13 : 18.38"
"33,14 : 106.1"
"33,15 : 16.64"
"33,16 : 110.89"
"33,17 : 35.85"
"33,18 : 94.81"
"33,19 : 13.6"
"33,20 : 47.17"
"33,21 : 62.1"
"33,22 : 68.01"
"33,23 : 8.94"
"33,24 : 12.65"
"33,25 : 72.99"
"33,26 : 43.57"
"33,27 : 48.01"
"33,28 : 80.43"
"33,29 : 16.49"
"33,30 : 53.01"
"33,31 : 71.02"
"33,32 : 113.15"
"33,33 : 0.0"
"33,34 : 58.52"
"33,35 : 111.13"
"33,36 : 44.38"
"33,37 : 7.07"
"33,38 : 46.1"
"33,39 : 121.7"
"33,40 : 85.45"
"33,41 : 48.7"
"33,42 : 35.51"
"33,43 : 51.48"
"33,44 : 1.0"
"33,45 : 75.03"
"33,46 : 84.2"
"33,47 : 22.56"
"33,48 : 5.83"
"33,49 : 24.74"
"34,0 : 29.12"
"34,1 : 34.01"
"34,2 : 60.3"
"34,3 : 41.11"
"34,4 : 60.42"
"34,5 : 62.61"
"34,6 : 8.94"
"34,7 : 43.74"
"34,8 : 62.39"
"34,9 : 46.67"
"34,10 : 75.82"
"34,11 : 48.47"
"34,12 : 56.32"
"34,13 : 40.71"
"34,14 : 51.0"
"34,15 : 41.88"
"34,16 : 57.94"
"34,17 : 24.08"
"34,18 : 43.93"
"34,19 : 50.91"
"34,20 : 11.4"
"34,21 : 43.28"
"34,22 : 13.15"
"34,23 : 58.18"
"34,24 : 49.24"
"34,25 : 30.48"
"34,26 : 26.48"
"34,27 : 10.77"
"34,28 : 31.02"
"34,29 : 55.36"
"34,30 : 21.1"
"34,31 : 30.08"
"34,32 : 56.86"
"34,33 : 58.52"
"34,34 : 0.0"
"34,35 : 54.2"
"34,36 : 61.0"
"34,37 : 52.2"
"34,38 : 31.62"
"34,39 : 66.37"
"34,40 : 38.0"
"34,41 : 35.85"
"34,42 : 40.5"
"34,43 : 46.1"
"34,44 : 57.69"
"34,45 : 39.7"
"34,46 : 35.06"
"34,47 : 38.18"
"34,48 : 52.7"
"34,49 : 36.07"
"35,0 : 43.66"
"35,1 : 48.51"
"35,2 : 100.09"
"35,3 : 30.59"
"35,4 : 111.21"
"35,5 : 62.37"
"35,6 : 45.45"
"35,7 : 41.0"
"35,8 : 57.97"
"35,9 : 10.0"
"35,10 : 84.17"
"35,11 : 99.02"
"35,12 : 41.11"
"35,13 : 92.76"
"35,14 : 9.22"
"35,15 : 94.76"
"35,16 : 16.28"
"35,17 : 78.24"
"35,18 : 24.0"
"35,19 : 104.89"
"35,20 : 65.3"
"35,21 : 67.68"
"35,22 : 43.14"
"35,23 : 109.02"
"35,24 : 100.26"
"35,25 : 63.79"
"35,26 : 70.18"
"35,27 : 63.7"
"35,28 : 34.18"
"35,29 : 104.29"
"35,30 : 60.21"
"35,31 : 46.49"
"35,32 : 4.12"
"35,33 : 111.13"
"35,34 : 54.2"
"35,35 : 0.0"
"35,36 : 98.35"
"35,37 : 105.36"
"35,38 : 71.12"
"35,39 : 14.04"
"35,40 : 33.38"
"35,41 : 72.09"
"35,42 : 93.65"
"35,43 : 78.75"
"35,44 : 110.39"
"35,45 : 73.33"
"35,46 : 32.02"
"35,47 : 92.2"
"35,48 : 105.42"
"35,49 : 90.14"
"36,0 : 54.71"
"36,1 : 50.16"
"36,2 : 5.0"
"36,3 : 99.02"
"36,4 : 36.35"
"36,5 : 55.22"
"36,6 : 64.07"
"36,7 : 61.06"
"36,8 : 59.82"
"36,9 : 95.57"
"36,10 : 47.07"
"36,11 : 32.65"
"36,12 : 70.29"
"36,13 : 38.42"
"36,14 : 90.62"
"36,15 : 42.2"
"36,16 : 91.71"
"36,17 : 52.7"
"36,18 : 76.06"
"36,19 : 52.77"
"36,20 : 54.08"
"36,21 : 31.91"
"36,22 : 62.03"
"36,23 : 35.69"
"36,24 : 34.44"
"36,25 : 88.6"
"36,26 : 34.53"
"36,27 : 52.2"
"36,28 : 64.2"
"36,29 : 27.89"
"36,30 : 42.0"
"36,31 : 51.87"
"36,32 : 98.79"
"36,33 : 44.38"
"36,34 : 61.0"
"36,35 : 98.35"
"36,36 : 0.0"
"36,37 : 45.69"
"36,38 : 30.02"
"36,39 : 104.65"
"36,40 : 65.8"
"36,41 : 27.17"
"36,42 : 67.21"
"36,43 : 19.7"
"36,44 : 44.64"
"36,45 : 95.27"
"36,46 : 66.48"
"36,47 : 50.33"
"36,48 : 43.08"
"36,49 : 50.93"
"37,0 : 68.1"
"37,1 : 68.03"
"37,2 : 41.15"
"37,3 : 92.18"
"37,4 : 14.32"
"37,5 : 88.12"
"37,6 : 60.31"
"37,7 : 81.44"
"37,8 : 91.01"
"37,9 : 98.6"
"37,10 : 88.36"
"37,11 : 13.34"
"37,12 : 94.15"
"37,13 : 13.42"
"37,14 : 100.66"
"37,15 : 10.63"
"37,16 : 105.8"
"37,17 : 29.07"
"37,18 : 89.87"
"37,19 : 7.81"
"37,20 : 40.8"
"37,21 : 59.68"
"37,22 : 62.23"
"37,23 : 13.04"
"37,24 : 11.4"
"37,25 : 65.92"
"37,26 : 39.4"
"37,27 : 41.87"
"37,28 : 75.45"
"37,29 : 18.6"
"37,30 : 48.37"
"37,31 : 66.65"
"37,32 : 107.52"
"37,33 : 7.07"
"37,34 : 52.2"
"37,35 : 105.36"
"37,36 : 45.69"
"37,37 : 0.0"
"37,38 : 42.72"
"37,39 : 116.28"
"37,40 : 80.78"
"37,41 : 45.89"
"37,42 : 28.86"
"37,43 : 50.0"
"37,44 : 6.08"
"37,45 : 68.01"
"37,46 : 79.32"
"37,47 : 15.52"
"37,48 : 2.83"
"37,49 : 17.72"
"38,0 : 28.43"
"38,1 : 26.4"
"38,2 : 30.27"
"38,3 : 69.07"
"38,4 : 43.01"
"38,5 : 46.04"
"38,6 : 34.06"
"38,7 : 39.66"
"38,8 : 48.51"
"38,9 : 67.07"
"38,10 : 51.08"
"38,11 : 31.76"
"38,12 : 51.88"
"38,13 : 29.61"
"38,14 : 64.35"
"38,15 : 33.38"
"38,16 : 67.36"
"38,17 : 31.3"
"38,18 : 51.09"
"38,19 : 46.39"
"38,20 : 27.02"
"38,21 : 18.25"
"38,22 : 32.14"
"38,23 : 41.05"
"38,24 : 33.54"
"38,25 : 60.9"
"38,26 : 6.4"
"38,27 : 24.41"
"38,28 : 37.44"
"38,29 : 34.71"
"38,30 : 12.04"
"38,31 : 26.17"
"38,32 : 72.2"
"38,33 : 46.1"
"38,34 : 31.62"
"38,35 : 71.12"
"38,36 : 30.02"
"38,37 : 42.72"
"38,38 : 0.0"
"38,39 : 79.4"
"38,40 : 41.04"
"38,41 : 5.0"
"38,42 : 50.6"
"38,43 : 15.0"
"38,44 : 45.69"
"38,45 : 68.82"
"38,46 : 40.61"
"38,47 : 37.12"
"38,48 : 41.44"
"38,49 : 36.35"
"39,0 : 51.04"
"39,1 : 54.59"
"39,2 : 106.94"
"39,3 : 44.28"
"39,4 : 121.02"
"39,5 : 62.01"
"39,6 : 57.45"
"39,7 : 44.27"
"39,8 : 57.01"
"39,9 : 24.02"
"39,10 : 84.0"
"39,11 : 108.93"
"39,12 : 40.01"
"39,13 : 103.32"
"39,14 : 15.62"
"39,15 : 105.65"
"39,16 : 13.34"
"39,17 : 90.14"
"39,18 : 28.65"
"39,19 : 116.4"
"39,20 : 77.1"
"39,21 : 73.01"
"39,22 : 54.41"
"39,23 : 118.87"
"39,24 : 110.32"
"39,25 : 77.78"
"39,26 : 79.4"
"39,27 : 75.21"
"39,28 : 42.01"
"39,29 : 113.57"
"39,30 : 69.43"
"39,31 : 53.54"
"39,32 : 10.2"
"39,33 : 121.7"
"39,34 : 66.37"
"39,35 : 14.04"
"39,36 : 104.65"
"39,37 : 116.28"
"39,38 : 79.4"
"39,39 : 0.0"
"39,40 : 38.95"
"39,41 : 79.61"
"39,42 : 106.44"
"39,43 : 84.97"
"39,44 : 121.02"
"39,45 : 87.37"
"39,46 : 38.83"
"39,47 : 103.81"
"39,48 : 116.1"
"39,49 : 101.83"
"40,0 : 12.81"
"40,1 : 15.65"
"40,2 : 68.0"
"40,3 : 46.32"
"40,4 : 83.63"
"40,5 : 33.29"
"40,6 : 30.27"
"40,7 : 9.43"
"40,8 : 30.48"
"40,9 : 33.38"
"40,10 : 53.49"
"40,11 : 71.84"
"40,12 : 18.97"
"40,13 : 67.42"
"40,14 : 25.0"
"40,15 : 70.33"
"40,16 : 26.4"
"40,17 : 58.24"
"40,18 : 10.3"
"40,19 : 82.29"
"40,20 : 45.89"
"40,21 : 34.48"
"40,22 : 25.08"
"40,23 : 81.57"
"40,24 : 73.41"
"40,25 : 62.39"
"40,26 : 42.01"
"40,27 : 43.17"
"40,28 : 7.07"
"40,29 : 75.66"
"40,30 : 32.45"
"40,31 : 14.87"
"40,32 : 33.24"
"40,33 : 85.45"
"40,34 : 38.0"
"40,35 : 33.38"
"40,36 : 65.8"
"40,37 : 80.78"
"40,38 : 41.04"
"40,39 : 38.95"
"40,40 : 0.0"
"40,41 : 40.8"
"40,42 : 77.28"
"40,43 : 46.1"
"40,44 : 84.88"
"40,45 : 72.8"
"40,46 : 3.61"
"40,47 : 70.38"
"40,48 : 80.16"
"40,49 : 68.71"
"41,0 : 28.65"
"41,1 : 25.5"
"41,2 : 28.16"
"41,3 : 72.01"
"41,4 : 44.78"
"41,5 : 42.3"
"41,6 : 37.48"
"41,7 : 38.29"
"41,8 : 45.12"
"41,9 : 68.68"
"41,10 : 46.24"
"41,11 : 34.18"
"41,12 : 49.93"
"41,13 : 33.14"
"41,14 : 64.88"
"41,15 : 37.05"
"41,16 : 67.2"
"41,17 : 36.24"
"41,18 : 51.04"
"41,19 : 50.09"
"41,20 : 31.89"
"41,21 : 14.0"
"41,22 : 35.01"
"41,23 : 42.94"
"41,24 : 36.06"
"41,25 : 65.51"
"41,26 : 11.4"
"41,27 : 29.21"
"41,28 : 38.01"
"41,29 : 36.06"
"41,30 : 15.3"
"41,31 : 26.08"
"41,32 : 72.9"
"41,33 : 48.7"
"41,34 : 35.85"
"41,35 : 72.09"
"41,36 : 27.17"
"41,37 : 45.89"
"41,38 : 5.0"
"41,39 : 79.61"
"41,40 : 40.8"
"41,41 : 0.0"
"41,42 : 55.36"
"41,43 : 10.3"
"41,44 : 48.38"
"41,45 : 73.6"
"41,46 : 40.82"
"41,47 : 41.44"
"41,48 : 44.38"
"41,49 : 40.79"
"42,0 : 66.27"
"42,1 : 69.0"
"42,2 : 63.66"
"42,3 : 73.55"
"42,4 : 43.01"
"42,5 : 95.04"
"42,6 : 49.4"
"42,7 : 81.22"
"42,8 : 96.42"
"42,9 : 85.15"
"42,10 : 101.59"
"42,11 : 36.89"
"42,12 : 94.34"
"42,13 : 29.07"
"42,14 : 91.29"
"42,15 : 25.81"
"42,16 : 98.43"
"42,17 : 20.1"
"42,18 : 84.2"
"42,19 : 22.09"
"42,20 : 31.4"
"42,21 : 68.68"
"42,22 : 53.45"
"42,23 : 41.44"
"42,24 : 35.85"
"42,25 : 41.15"
"42,26 : 44.64"
"42,27 : 34.23"
"42,28 : 70.61"
"42,29 : 44.78"
"42,30 : 49.16"
"42,31 : 66.07"
"42,32 : 96.65"
"42,33 : 35.51"
"42,34 : 40.5"
"42,35 : 93.65"
"42,36 : 67.21"
"42,37 : 28.86"
"42,38 : 50.6"
"42,39 : 106.44"
"42,40 : 77.28"
"42,41 : 55.36"
"42,42 : 0.0"
"42,43 : 63.51"
"42,44 : 34.53"
"42,45 : 40.79"
"42,46 : 74.73"
"42,47 : 17.03"
"42,48 : 31.32"
"42,49 : 16.28"
"43,0 : 35.17"
"43,1 : 30.46"
"43,2 : 22.2"
"43,3 : 81.22"
"43,4 : 45.88"
"43,5 : 39.56"
"43,6 : 47.3"
"43,7 : 41.62"
"43,8 : 43.38"
"43,9 : 76.3"
"43,10 : 38.83"
"43,11 : 37.12"
"43,12 : 51.62"
"43,13 : 38.47"
"43,14 : 70.94"
"43,15 : 42.58"
"43,16 : 72.07"
"43,17 : 45.22"
"43,18 : 56.36"
"43,19 : 55.33"
"43,20 : 42.01"
"43,21 : 12.73"
"43,22 : 44.41"
"43,23 : 44.38"
"43,24 : 39.12"
"43,25 : 75.8"
"43,26 : 21.26"
"43,27 : 39.41"
"43,28 : 44.64"
"43,29 : 36.69"
"43,30 : 25.3"
"43,31 : 32.28"
"43,32 : 79.12"
"43,33 : 51.48"
"43,34 : 46.1"
"43,35 : 78.75"
"43,36 : 19.7"
"43,37 : 50.0"
"43,38 : 15.0"
"43,39 : 84.97"
"43,40 : 46.1"
"43,41 : 10.3"
"43,42 : 63.51"
"43,43 : 0.0"
"43,44 : 51.35"
"43,45 : 83.82"
"43,46 : 46.82"
"43,47 : 48.38"
"43,48 : 48.04"
"43,49 : 48.1"
"44,0 : 72.11"
"44,1 : 71.59"
"44,2 : 39.85"
"44,3 : 97.95"
"44,4 : 9.9"
"44,5 : 90.24"
"44,6 : 65.6"
"44,7 : 85.0"
"44,8 : 93.41"
"44,9 : 103.86"
"44,10 : 89.02"
"44,11 : 14.32"
"44,12 : 97.51"
"44,13 : 17.69"
"44,14 : 105.42"
"44,15 : 15.81"
"44,16 : 110.26"
"44,17 : 34.93"
"44,18 : 94.2"
"44,19 : 12.65"
"44,20 : 46.32"
"44,21 : 61.85"
"44,22 : 67.27"
"44,23 : 9.43"
"44,24 : 12.37"
"44,25 : 72.01"
"44,26 : 43.05"
"44,27 : 47.2"
"44,28 : 79.81"
"44,29 : 16.76"
"44,30 : 52.43"
"44,31 : 70.49"
"44,32 : 112.43"
"44,33 : 1.0"
"44,34 : 57.69"
"44,35 : 110.39"
"44,36 : 44.64"
"44,37 : 6.08"
"44,38 : 45.69"
"44,39 : 121.02"
"44,40 : 84.88"
"44,41 : 48.38"
"44,42 : 34.53"
"44,43 : 51.35"
"44,44 : 0.0"
"44,45 : 74.03"
"44,46 : 83.6"
"44,47 : 21.59"
"44,48 : 5.0"
"44,49 : 23.77"
"45,0 : 67.23"
"45,1 : 72.95"
"45,2 : 93.23"
"45,3 : 44.92"
"45,4 : 81.15"
"45,5 : 101.55"
"45,6 : 43.91"
"45,7 : 80.53"
"45,8 : 100.72"
"45,9 : 63.39"
"45,10 : 115.52"
"45,11 : 72.01"
"45,12 : 91.76"
"45,13 : 62.97"
"45,14 : 75.03"
"45,15 : 61.4"
"45,16 : 84.15"
"45,17 : 43.68"
"45,18 : 74.95"
"45,19 : 62.29"
"45,20 : 41.88"
"45,21 : 82.73"
"45,22 : 49.24"
"45,23 : 79.23"
"45,24 : 71.7"
"45,25 : 10.44"
"45,26 : 62.68"
"45,27 : 44.41"
"45,28 : 65.92"
"45,29 : 80.23"
"45,30 : 60.14"
"45,31 : 68.8"
"45,32 : 77.23"
"45,33 : 75.03"
"45,34 : 39.7"
"45,35 : 73.33"
"45,36 : 95.27"
"45,37 : 68.01"
"45,38 : 68.82"
"45,39 : 87.37"
"45,40 : 72.8"
"45,41 : 73.6"
"45,42 : 40.79"
"45,43 : 83.82"
"45,44 : 74.03"
"45,45 : 0.0"
"45,46 : 69.29"
"45,47 : 53.08"
"45,48 : 70.01"
"45,49 : 51.16"
"46,0 : 12.21"
"46,1 : 16.49"
"46,2 : 68.45"
"46,3 : 43.05"
"46,4 : 82.76"
"46,5 : 36.62"
"46,6 : 27.07"
"46,7 : 12.81"
"46,8 : 33.97"
"46,9 : 31.06"
"46,10 : 56.46"
"46,11 : 70.84"
"46,12 : 22.47"
"46,13 : 66.03"
"46,14 : 24.17"
"46,15 : 68.8"
"46,16 : 26.87"
"46,17 : 55.97"
"46,18 : 10.63"
"46,19 : 80.53"
"46,20 : 43.42"
"46,21 : 35.69"
"46,22 : 22.0"
"46,23 : 80.66"
"46,24 : 72.35"
"46,25 : 58.87"
"46,26 : 41.04"
"46,27 : 40.8"
"46,28 : 4.12"
"46,29 : 75.01"
"46,30 : 31.24"
"46,31 : 14.76"
"46,32 : 32.31"
"46,33 : 84.2"
"46,34 : 35.06"
"46,35 : 32.02"
"46,36 : 66.48"
"46,37 : 79.32"
"46,38 : 40.61"
"46,39 : 38.83"
"46,40 : 3.61"
"46,41 : 40.82"
"46,42 : 74.73"
"46,43 : 46.82"
"46,44 : 83.6"
"46,45 : 69.29"
"46,46 : 0.0"
"46,47 : 68.45"
"46,48 : 78.82"
"46,49 : 66.71"
"47,0 : 58.19"
"47,1 : 59.44"
"47,2 : 46.67"
"47,3 : 77.18"
"47,4 : 28.07"
"47,5 : 83.01"
"47,6 : 46.75"
"47,7 : 72.53"
"47,8 : 85.09"
"47,9 : 84.85"
"47,10 : 87.09"
"47,11 : 20.12"
"47,12 : 85.62"
"47,13 : 12.04"
"47,14 : 88.23"
"47,15 : 8.94"
"47,16 : 94.15"
"47,17 : 14.21"
"47,18 : 78.71"
"47,19 : 12.73"
"47,20 : 26.91"
"47,21 : 55.33"
"47,22 : 49.41"
"47,23 : 26.17"
"47,24 : 19.31"
"47,25 : 50.49"
"47,26 : 32.02"
"47,27 : 28.6"
"47,28 : 64.4"
"47,29 : 28.23"
"47,30 : 39.05"
"47,31 : 57.28"
"47,32 : 94.64"
"47,33 : 22.56"
"47,34 : 38.18"
"47,35 : 92.2"
"47,36 : 50.33"
"47,37 : 15.52"
"47,38 : 37.12"
"47,39 : 103.81"
"47,40 : 70.38"
"47,41 : 41.44"
"47,42 : 17.03"
"47,43 : 48.38"
"47,44 : 21.59"
"47,45 : 53.08"
"47,46 : 68.45"
"47,47 : 0.0"
"47,48 : 17.12"
"47,49 : 2.24"
"48,0 : 67.42"
"48,1 : 67.08"
"48,2 : 38.48"
"48,3 : 93.02"
"48,4 : 11.7"
"48,5 : 86.49"
"48,6 : 60.61"
"48,7 : 80.5"
"48,8 : 89.5"
"48,9 : 98.86"
"48,10 : 86.21"
"48,11 : 11.05"
"48,12 : 93.11"
"48,13 : 12.81"
"48,14 : 100.5"
"48,15 : 10.82"
"48,16 : 105.42"
"48,17 : 30.08"
"48,18 : 89.4"
"48,19 : 10.63"
"48,20 : 41.34"
"48,21 : 58.05"
"48,22 : 62.29"
"48,23 : 10.3"
"48,24 : 9.06"
"48,25 : 67.6"
"48,26 : 38.47"
"48,27 : 42.2"
"48,28 : 75.0"
"48,29 : 15.81"
"48,30 : 47.71"
"48,31 : 65.86"
"48,32 : 107.48"
"48,33 : 5.83"
"48,34 : 52.7"
"48,35 : 105.42"
"48,36 : 43.08"
"48,37 : 2.83"
"48,38 : 41.44"
"48,39 : 116.1"
"48,40 : 80.16"
"48,41 : 44.38"
"48,42 : 31.32"
"48,43 : 48.04"
"48,44 : 5.0"
"48,45 : 70.01"
"48,46 : 78.82"
"48,47 : 17.12"
"48,48 : 0.0"
"48,49 : 19.24"
"49,0 : 56.61"
"49,1 : 58.05"
"49,2 : 47.42"
"49,3 : 74.95"
"49,4 : 30.02"
"49,5 : 82.05"
"49,6 : 44.69"
"49,7 : 71.06"
"49,8 : 84.02"
"49,9 : 82.73"
"49,10 : 86.68"
"49,11 : 21.54"
"49,12 : 84.17"
"49,13 : 13.04"
"49,14 : 86.27"
"49,15 : 10.44"
"49,16 : 92.28"
"49,17 : 12.04"
"49,18 : 76.92"
"49,19 : 14.87"
"49,20 : 24.84"
"49,21 : 54.59"
"49,22 : 47.43"
"49,23 : 28.07"
"49,24 : 20.88"
"49,25 : 48.37"
"49,26 : 31.02"
"49,27 : 26.63"
"49,28 : 62.65"
"49,29 : 29.73"
"49,30 : 37.66"
"49,31 : 55.79"
"49,32 : 92.62"
"49,33 : 24.74"
"49,34 : 36.07"
"49,35 : 90.14"
"49,36 : 50.93"
"49,37 : 17.72"
"49,38 : 36.35"
"49,39 : 101.83"
"49,40 : 68.71"
"49,41 : 40.79"
"49,42 : 16.28"
"49,43 : 48.1"
"49,44 : 23.77"
"49,45 : 51.16"
"49,46 : 66.71"
"49,47 : 2.24"
"49,48 : 19.24"
"49,49 : 0.0"
