x,y
91,46
87,63
13,47
26,34
7,93
11,47
81,80
33,35
64,95
61,29
29,95
28,75
58,32
32,31
16,34
79,75
2,19
15,82
99,41
89,68
83,96
1,86
90,68
82,15
70,95
15,72
63,48
60,53
98,1
54,96
46,65
47,36
61,24
34,87
65,40
97,96
99,60
44,12
71,23
59,26
24,74
59,10
92,56
97,45
58,87
15,55
31,77
1,89
43,34
59,84

Distanze
"0,0 : 0.0"
"0,1 : 50.21"
"0,2 : 73.05"
"0,3 : 105.48"
"0,4 : 31.14"
"0,5 : 48.0"
"0,6 : 74.41"
"0,7 : 67.42"
"0,8 : 52.04"
"0,9 : 46.53"
"0,10 : 58.14"
"0,11 : 106.85"
"0,12 : 65.01"
"0,13 : 44.64"
"0,14 : 21.1"
"0,15 : 28.18"
"0,16 : 63.89"
"0,17 : 72.62"
"0,18 : 77.83"
"0,19 : 45.0"
"0,20 : 26.93"
"0,21 : 14.56"
"0,22 : 22.09"
"0,23 : 79.4"
"0,24 : 96.61"
"0,25 : 86.95"
"0,26 : 75.96"
"0,27 : 74.52"
"0,28 : 84.53"
"0,29 : 33.84"
"0,30 : 21.21"
"0,31 : 71.45"
"0,32 : 81.71"
"0,33 : 48.08"
"0,34 : 80.11"
"0,35 : 94.83"
"0,36 : 65.07"
"0,37 : 78.92"
"0,38 : 78.16"
"0,39 : 72.25"
"0,40 : 45.65"
"0,41 : 16.16"
"0,42 : 46.23"
"0,43 : 59.23"
"0,44 : 55.17"
"0,45 : 69.43"
"0,46 : 58.83"
"0,47 : 37.22"
"0,48 : 9.43"
"0,49 : 14.32"
"1,0 : 50.21"
"1,1 : 0.0"
"1,2 : 36.06"
"1,3 : 55.44"
"1,4 : 38.33"
"1,5 : 38.28"
"1,6 : 24.41"
"1,7 : 66.21"
"1,8 : 41.63"
"1,9 : 13.93"
"1,10 : 44.78"
"1,11 : 59.46"
"1,12 : 44.69"
"1,13 : 24.04"
"1,14 : 67.96"
"1,15 : 50.01"
"1,16 : 14.32"
"1,17 : 31.78"
"1,18 : 27.8"
"1,19 : 36.14"
"1,20 : 24.7"
"1,21 : 38.28"
"1,22 : 39.56"
"1,23 : 41.76"
"1,24 : 52.35"
"1,25 : 40.79"
"1,26 : 39.56"
"1,27 : 24.7"
"1,28 : 52.0"
"1,29 : 18.38"
"1,30 : 29.0"
"1,31 : 21.4"
"1,32 : 41.44"
"1,33 : 23.26"
"1,34 : 38.12"
"1,35 : 49.65"
"1,36 : 44.6"
"1,37 : 64.44"
"1,38 : 59.41"
"1,39 : 22.2"
"1,40 : 14.87"
"1,41 : 46.52"
"1,42 : 7.07"
"1,43 : 53.23"
"1,44 : 5.39"
"1,45 : 19.72"
"1,46 : 14.56"
"1,47 : 32.06"
"1,48 : 53.25"
"1,49 : 47.41"
"2,0 : 73.05"
"2,1 : 36.06"
"2,2 : 0.0"
"2,3 : 47.85"
"2,4 : 72.34"
"2,5 : 31.89"
"2,6 : 37.74"
"2,7 : 48.37"
"2,8 : 31.06"
"2,9 : 49.98"
"2,10 : 80.53"
"2,11 : 38.83"
"2,12 : 79.4"
"2,13 : 60.08"
"2,14 : 84.06"
"2,15 : 57.49"
"2,16 : 37.54"
"2,17 : 59.41"
"2,18 : 31.38"
"2,19 : 72.12"
"2,20 : 55.01"
"2,21 : 58.52"
"2,22 : 71.03"
"2,23 : 69.43"
"2,24 : 25.46"
"2,25 : 20.88"
"2,26 : 68.59"
"2,27 : 39.12"
"2,28 : 16.12"
"2,29 : 41.3"
"2,30 : 54.74"
"2,31 : 30.23"
"2,32 : 9.22"
"2,33 : 59.24"
"2,34 : 9.85"
"2,35 : 25.0"
"2,36 : 21.38"
"2,37 : 37.11"
"2,38 : 30.36"
"2,39 : 36.62"
"2,40 : 29.07"
"2,41 : 61.77"
"2,42 : 33.38"
"2,43 : 37.64"
"2,44 : 32.2"
"2,45 : 27.8"
"2,46 : 46.04"
"2,47 : 37.74"
"2,48 : 71.55"
"2,49 : 63.53"
"3,0 : 105.48"
"3,1 : 55.44"
"3,2 : 47.85"
"3,3 : 0.0"
"3,4 : 90.34"
"3,5 : 77.08"
"3,6 : 32.65"
"3,7 : 96.18"
"3,8 : 77.49"
"3,9 : 63.53"
"3,10 : 83.02"
"3,11 : 19.85"
"3,12 : 77.23"
"3,13 : 71.69"
"3,14 : 121.92"
"3,15 : 99.32"
"3,16 : 43.05"
"3,17 : 50.16"
"3,18 : 27.66"
"3,19 : 82.22"
"3,20 : 80.0"
"3,21 : 92.66"
"3,22 : 93.81"
"3,23 : 55.23"
"3,24 : 30.36"
"3,25 : 27.17"
"3,26 : 57.04"
"3,27 : 33.11"
"3,28 : 55.23"
"3,29 : 72.14"
"3,30 : 84.29"
"3,31 : 34.06"
"3,32 : 41.05"
"3,33 : 68.71"
"3,34 : 38.33"
"3,35 : 27.66"
"3,36 : 69.23"
"3,37 : 83.0"
"3,38 : 76.0"
"3,39 : 34.48"
"3,40 : 62.01"
"3,41 : 99.49"
"3,42 : 59.4"
"3,43 : 85.38"
"3,44 : 50.33"
"3,45 : 36.07"
"3,46 : 51.48"
"3,47 : 78.55"
"3,48 : 107.56"
"3,49 : 100.77"
"4,0 : 31.14"
"4,1 : 38.33"
"4,2 : 72.34"
"4,3 : 90.34"
"4,4 : 0.0"
"4,5 : 59.68"
"4,6 : 57.7"
"4,7 : 85.91"
"4,8 : 64.14"
"4,9 : 26.93"
"4,10 : 27.02"
"4,11 : 97.27"
"4,12 : 34.23"
"4,13 : 19.21"
"4,14 : 52.01"
"4,15 : 52.15"
"4,16 : 47.54"
"4,17 : 47.51"
"4,18 : 63.91"
"4,19 : 14.32"
"4,20 : 18.79"
"4,21 : 31.91"
"4,22 : 9.06"
"4,23 : 51.97"
"4,24 : 90.67"
"4,25 : 79.08"
"4,26 : 48.37"
"4,27 : 57.25"
"4,28 : 87.3"
"4,29 : 33.24"
"4,30 : 24.08"
"4,31 : 57.87"
"4,32 : 79.01"
"4,33 : 22.67"
"4,34 : 76.03"
"4,35 : 87.97"
"4,36 : 73.54"
"4,37 : 91.71"
"4,38 : 88.64"
"4,39 : 55.95"
"4,40 : 43.93"
"4,41 : 41.15"
"4,42 : 39.05"
"4,43 : 74.63"
"4,44 : 43.57"
"4,45 : 57.01"
"4,46 : 38.95"
"4,47 : 48.26"
"4,48 : 39.81"
"4,49 : 40.31"
"5,0 : 48.0"
"5,1 : 38.28"
"5,2 : 31.89"
"5,3 : 77.08"
"5,4 : 59.68"
"5,5 : 0.0"
"5,6 : 56.01"
"5,7 : 28.3"
"5,8 : 4.47"
"5,9 : 48.55"
"5,10 : 77.9"
"5,11 : 70.6"
"5,12 : 80.21"
"5,13 : 56.08"
"5,14 : 54.23"
"5,15 : 26.42"
"5,16 : 49.5"
"5,17 : 69.92"
"5,18 : 53.76"
"5,19 : 65.8"
"5,20 : 41.05"
"5,21 : 34.23"
"5,22 : 54.63"
"5,23 : 80.01"
"5,24 : 57.31"
"5,25 : 51.62"
"5,26 : 77.83"
"5,27 : 57.0"
"5,28 : 38.48"
"5,29 : 27.59"
"5,30 : 36.25"
"5,31 : 49.16"
"5,32 : 41.04"
"5,33 : 57.2"
"5,34 : 41.4"
"5,35 : 56.85"
"5,36 : 17.26"
"5,37 : 32.31"
"5,38 : 30.41"
"5,39 : 54.0"
"5,40 : 23.41"
"5,41 : 33.54"
"5,42 : 31.38"
"5,43 : 15.62"
"5,44 : 38.83"
"5,45 : 46.17"
"5,46 : 52.81"
"5,47 : 11.7"
"5,48 : 43.74"
"5,49 : 35.51"
"6,0 : 74.41"
"6,1 : 24.41"
"6,2 : 37.74"
"6,3 : 32.65"
"6,4 : 57.7"
"6,5 : 56.01"
"6,6 : 0.0"
"6,7 : 81.22"
"6,8 : 58.08"
"6,9 : 30.89"
"6,10 : 53.04"
"6,11 : 42.0"
"6,12 : 48.84"
"6,13 : 39.22"
"6,14 : 92.36"
"6,15 : 73.05"
"6,16 : 10.63"
"6,17 : 23.71"
"6,18 : 8.54"
"6,19 : 50.22"
"6,20 : 48.1"
"6,21 : 62.68"
"6,22 : 61.29"
"6,23 : 32.8"
"6,24 : 40.5"
"6,25 : 28.64"
"6,26 : 32.76"
"6,27 : 1.41"
"6,28 : 52.5"
"6,29 : 42.54"
"6,30 : 53.26"
"6,31 : 7.62"
"6,32 : 37.48"
"6,33 : 36.4"
"6,34 : 33.24"
"6,35 : 37.0"
"6,36 : 55.36"
"6,37 : 73.93"
"6,38 : 67.54"
"6,39 : 2.24"
"6,40 : 35.17"
"6,41 : 70.71"
"6,42 : 29.97"
"6,43 : 68.59"
"6,44 : 20.12"
"6,45 : 10.44"
"6,46 : 18.97"
"6,47 : 53.37"
"6,48 : 77.67"
"6,49 : 71.69"
"7,0 : 67.42"
"7,1 : 66.21"
"7,2 : 48.37"
"7,3 : 96.18"
"7,4 : 85.91"
"7,5 : 28.3"
"7,6 : 81.22"
"7,7 : 0.0"
"7,8 : 24.6"
"7,9 : 76.85"
"7,10 : 105.89"
"7,11 : 84.76"
"7,12 : 108.47"
"7,13 : 84.2"
"7,14 : 65.07"
"7,15 : 39.56"
"7,16 : 76.24"
"7,17 : 97.5"
"7,18 : 77.23"
"7,19 : 93.43"
"7,20 : 67.9"
"7,21 : 56.44"
"7,22 : 79.63"
"7,23 : 107.7"
"7,24 : 70.23"
"7,25 : 69.05"
"7,26 : 105.7"
"7,27 : 82.38"
"7,28 : 44.72"
"7,29 : 55.44"
"7,30 : 61.85"
"7,31 : 73.82"
"7,32 : 55.54"
"7,33 : 85.45"
"7,34 : 57.87"
"7,35 : 71.17"
"7,36 : 27.07"
"7,37 : 19.21"
"7,38 : 24.21"
"7,39 : 79.43"
"7,40 : 51.43"
"7,41 : 51.26"
"7,42 : 59.48"
"7,43 : 13.0"
"7,44 : 66.13"
"7,45 : 70.86"
"7,46 : 80.62"
"7,47 : 38.21"
"7,48 : 60.17"
"7,49 : 53.14"
"8,0 : 52.04"
"8,1 : 41.63"
"8,2 : 31.06"
"8,3 : 77.49"
"8,4 : 64.14"
"8,5 : 4.47"
"8,6 : 58.08"
"8,7 : 24.6"
"8,8 : 0.0"
"8,9 : 52.43"
"8,10 : 82.07"
"8,11 : 69.89"
"8,12 : 84.2"
"8,13 : 60.21"
"8,14 : 57.25"
"8,15 : 29.15"
"8,16 : 52.17"
"8,17 : 73.05"
"8,18 : 55.23"
"8,19 : 70.09"
"8,20 : 45.49"
"8,21 : 38.47"
"8,22 : 59.09"
"8,23 : 83.22"
"8,24 : 56.22"
"8,25 : 51.43"
"8,26 : 81.15"
"8,27 : 59.14"
"8,28 : 35.85"
"8,29 : 31.89"
"8,30 : 40.72"
"8,31 : 51.0"
"8,32 : 40.0"
"8,33 : 61.22"
"8,34 : 40.82"
"8,35 : 56.04"
"8,36 : 13.93"
"8,37 : 27.86"
"8,38 : 26.17"
"8,39 : 56.14"
"8,40 : 26.83"
"8,41 : 37.22"
"8,42 : 34.89"
"8,43 : 11.66"
"8,44 : 41.76"
"8,45 : 48.0"
"8,46 : 56.08"
"8,47 : 16.16"
"8,48 : 47.38"
"8,49 : 39.2"
"9,0 : 46.53"
"9,1 : 13.93"
"9,2 : 49.98"
"9,3 : 63.53"
"9,4 : 26.93"
"9,5 : 48.55"
"9,6 : 30.89"
"9,7 : 76.85"
"9,8 : 52.43"
"9,9 : 0.0"
"9,10 : 31.06"
"9,11 : 70.61"
"9,12 : 31.89"
"9,13 : 10.2"
"9,14 : 66.48"
"9,15 : 54.08"
"9,16 : 20.62"
"9,17 : 26.68"
"9,18 : 37.0"
"9,19 : 22.36"
"9,20 : 19.7"
"9,21 : 37.85"
"9,22 : 30.61"
"9,23 : 35.01"
"9,24 : 65.01"
"9,25 : 53.08"
"9,26 : 32.02"
"9,27 : 30.53"
"9,28 : 65.92"
"9,29 : 22.8"
"9,30 : 26.93"
"9,31 : 31.05"
"9,32 : 55.11"
"9,33 : 9.43"
"9,34 : 51.62"
"9,35 : 62.07"
"9,36 : 57.38"
"9,37 : 77.1"
"9,38 : 72.47"
"9,39 : 29.07"
"9,40 : 26.17"
"9,41 : 47.52"
"9,42 : 18.44"
"9,43 : 64.07"
"9,44 : 18.25"
"9,45 : 30.41"
"9,46 : 12.73"
"9,47 : 39.92"
"9,48 : 51.87"
"9,49 : 47.85"
"10,0 : 58.14"
"10,1 : 44.78"
"10,2 : 80.53"
"10,3 : 83.02"
"10,4 : 27.02"
"10,5 : 77.9"
"10,6 : 53.04"
"10,7 : 105.89"
"10,8 : 82.07"
"10,9 : 31.06"
"10,10 : 0.0"
"10,11 : 95.02"
"10,12 : 8.6"
"10,13 : 21.93"
"10,14 : 79.03"
"10,15 : 76.69"
"10,16 : 45.89"
"10,17 : 33.24"
"10,18 : 61.2"
"10,19 : 13.6"
"10,20 : 39.36"
"10,21 : 56.92"
"10,22 : 36.06"
"10,23 : 32.45"
"10,24 : 92.4"
"10,25 : 80.23"
"10,26 : 29.15"
"10,27 : 52.01"
"10,28 : 96.61"
"10,29 : 50.45"
"10,30 : 47.01"
"10,31 : 56.72"
"10,32 : 84.76"
"10,33 : 21.63"
"10,34 : 80.96"
"10,35 : 89.11"
"10,36 : 88.24"
"10,37 : 107.81"
"10,38 : 103.41"
"10,39 : 52.15"
"10,40 : 56.85"
"10,41 : 66.76"
"10,42 : 49.41"
"10,43 : 93.51"
"10,44 : 48.33"
"10,45 : 57.27"
"10,46 : 35.9"
"10,47 : 67.8"
"10,48 : 66.61"
"10,49 : 66.22"
"11,0 : 106.85"
"11,1 : 59.46"
"11,2 : 38.83"
"11,3 : 19.85"
"11,4 : 97.27"
"11,5 : 70.6"
"11,6 : 42.0"
"11,7 : 84.76"
"11,8 : 69.89"
"11,9 : 70.61"
"11,10 : 95.02"
"11,11 : 0.0"
"11,12 : 90.45"
"11,13 : 80.06"
"11,14 : 120.74"
"11,15 : 95.48"
"11,16 : 50.49"
"11,17 : 63.95"
"11,18 : 34.13"
"11,19 : 91.66"
"11,20 : 83.77"
"11,21 : 92.91"
"11,22 : 99.02"
"11,23 : 70.88"
"11,24 : 14.56"
"11,25 : 20.0"
"11,26 : 72.03"
"11,27 : 43.01"
"11,28 : 40.79"
"11,29 : 73.06"
"11,30 : 86.35"
"11,31 : 39.62"
"11,32 : 30.02"
"11,33 : 77.65"
"11,34 : 29.21"
"11,35 : 13.89"
"11,36 : 59.03"
"11,37 : 69.23"
"11,38 : 62.37"
"11,39 : 43.05"
"11,40 : 61.29"
"11,41 : 98.08"
"11,42 : 61.27"
"11,43 : 75.58"
"11,44 : 54.08"
"11,45 : 40.26"
"11,46 : 60.3"
"11,47 : 74.97"
"11,48 : 107.2"
"11,49 : 99.64"
"12,0 : 65.01"
"12,1 : 44.69"
"12,2 : 79.4"
"12,3 : 77.23"
"12,4 : 34.23"
"12,5 : 80.21"
"12,6 : 48.84"
"12,7 : 108.47"
"12,8 : 84.2"
"12,9 : 31.89"
"12,10 : 8.6"
"12,11 : 90.45"
"12,12 : 0.0"
"12,13 : 24.6"
"12,14 : 86.05"
"12,15 : 81.61"
"12,16 : 43.08"
"12,17 : 27.07"
"12,18 : 57.27"
"12,19 : 20.02"
"12,20 : 43.97"
"12,21 : 62.37"
"12,22 : 43.1"
"12,23 : 24.6"
"12,24 : 89.02"
"12,25 : 76.92"
"12,26 : 21.54"
"12,27 : 47.68"
"12,28 : 95.52"
"12,29 : 53.34"
"12,30 : 51.92"
"12,31 : 53.45"
"12,32 : 82.76"
"12,33 : 23.02"
"12,34 : 78.79"
"12,35 : 85.62"
"12,36 : 89.11"
"12,37 : 108.89"
"12,38 : 104.06"
"12,39 : 48.27"
"12,40 : 58.05"
"12,41 : 72.37"
"12,42 : 50.21"
"12,43 : 95.8"
"12,44 : 47.43"
"12,45 : 54.42"
"12,46 : 33.54"
"12,47 : 70.83"
"12,48 : 73.11"
"12,49 : 72.01"
"13,0 : 44.64"
"13,1 : 24.04"
"13,2 : 60.08"
"13,3 : 71.69"
"13,4 : 19.21"
"13,5 : 56.08"
"13,6 : 39.22"
"13,7 : 84.2"
"13,8 : 60.21"
"13,9 : 10.2"
"13,10 : 21.93"
"13,11 : 80.06"
"13,12 : 24.6"
"13,13 : 0.0"
"13,14 : 65.51"
"13,15 : 57.49"
"13,16 : 29.61"
"13,17 : 28.84"
"13,18 : 46.1"
"13,19 : 12.17"
"13,20 : 20.1"
"13,21 : 39.05"
"13,22 : 25.24"
"13,23 : 34.79"
"13,24 : 75.01"
"13,25 : 63.01"
"13,26 : 31.32"
"13,27 : 38.63"
"13,28 : 75.96"
"13,29 : 28.84"
"13,30 : 28.16"
"13,31 : 40.45"
"13,32 : 65.31"
"13,33 : 3.61"
"13,34 : 61.81"
"13,35 : 72.01"
"13,36 : 66.4"
"13,37 : 85.91"
"13,38 : 81.61"
"13,39 : 37.64"
"13,40 : 35.0"
"13,41 : 49.09"
"13,42 : 27.78"
"13,43 : 71.7"
"13,44 : 28.44"
"13,45 : 40.11"
"13,46 : 20.25"
"13,47 : 46.32"
"13,48 : 51.48"
"13,49 : 49.01"
"14,0 : 21.1"
"14,1 : 67.96"
"14,2 : 84.06"
"14,3 : 121.92"
"14,4 : 52.01"
"14,5 : 54.23"
"14,6 : 92.36"
"14,7 : 65.07"
"14,8 : 57.25"
"14,9 : 66.48"
"14,10 : 79.03"
"14,11 : 120.74"
"14,12 : 86.05"
"14,13 : 65.51"
"14,14 : 0.0"
"14,15 : 28.16"
"14,16 : 82.15"
"14,17 : 92.97"
"14,18 : 94.64"
"14,19 : 66.03"
"14,20 : 46.82"
"14,21 : 29.68"
"14,22 : 43.0"
"14,23 : 100.17"
"14,24 : 109.04"
"14,25 : 100.77"
"14,26 : 96.77"
"14,27 : 92.65"
"14,28 : 92.7"
"14,29 : 50.0"
"14,30 : 39.81"
"14,31 : 88.41"
"14,32 : 93.19"
"14,33 : 68.88"
"14,34 : 92.42"
"14,35 : 107.8"
"14,36 : 71.17"
"14,37 : 80.5"
"14,38 : 81.58"
"14,39 : 90.14"
"14,40 : 60.11"
"14,41 : 22.67"
"14,42 : 62.8"
"14,43 : 60.67"
"14,44 : 72.42"
"14,45 : 86.05"
"14,46 : 78.29"
"14,47 : 46.32"
"14,48 : 14.76"
"14,49 : 21.21"
"15,0 : 28.18"
"15,1 : 50.01"
"15,2 : 57.49"
"15,3 : 99.32"
"15,4 : 52.15"
"15,5 : 26.42"
"15,6 : 73.05"
"15,7 : 39.56"
"15,8 : 29.15"
"15,9 : 54.08"
"15,10 : 76.69"
"15,11 : 95.48"
"15,12 : 81.61"
"15,13 : 57.49"
"15,14 : 28.16"
"15,15 : 0.0"
"15,16 : 64.03"
"15,17 : 80.06"
"15,18 : 73.35"
"15,19 : 63.16"
"15,20 : 37.64"
"15,21 : 20.25"
"15,22 : 44.2"
"15,23 : 89.02"
"15,24 : 82.88"
"15,25 : 75.82"
"15,26 : 86.09"
"15,27 : 73.68"
"15,28 : 64.85"
"15,29 : 32.14"
"15,30 : 29.73"
"15,31 : 67.62"
"15,32 : 66.71"
"15,33 : 60.02"
"15,34 : 66.48"
"15,35 : 82.04"
"15,36 : 43.08"
"15,37 : 53.01"
"15,38 : 53.6"
"15,39 : 70.84"
"15,40 : 38.08"
"15,41 : 12.21"
"15,42 : 43.42"
"15,43 : 33.02"
"15,44 : 53.16"
"15,45 : 64.88"
"15,46 : 63.29"
"15,47 : 20.81"
"15,48 : 20.62"
"15,49 : 13.89"
"16,0 : 63.89"
"16,1 : 14.32"
"16,2 : 37.54"
"16,3 : 43.05"
"16,4 : 47.54"
"16,5 : 49.5"
"16,6 : 10.63"
"16,7 : 76.24"
"16,8 : 52.17"
"16,9 : 20.62"
"16,10 : 45.89"
"16,11 : 50.49"
"16,12 : 43.08"
"16,13 : 29.61"
"16,14 : 82.15"
"16,15 : 64.03"
"16,16 : 0.0"
"16,17 : 22.2"
"16,18 : 16.49"
"16,19 : 41.19"
"16,20 : 37.48"
"16,21 : 52.48"
"16,22 : 50.77"
"16,23 : 32.45"
"16,24 : 46.53"
"16,25 : 34.37"
"16,26 : 31.24"
"16,27 : 10.63"
"16,28 : 53.41"
"16,29 : 32.7"
"16,30 : 42.8"
"16,31 : 11.0"
"16,32 : 39.82"
"16,33 : 27.17"
"16,34 : 35.78"
"16,35 : 43.29"
"16,36 : 51.88"
"16,37 : 71.34"
"16,38 : 65.46"
"16,39 : 8.6"
"16,40 : 27.02"
"16,41 : 60.84"
"16,42 : 20.62"
"16,43 : 63.32"
"16,44 : 11.05"
"16,45 : 11.4"
"16,46 : 10.05"
"16,47 : 45.18"
"16,48 : 67.42"
"16,49 : 61.72"
"17,0 : 72.62"
"17,1 : 31.78"
"17,2 : 59.41"
"17,3 : 50.16"
"17,4 : 47.51"
"17,5 : 69.92"
"17,6 : 23.71"
"17,7 : 97.5"
"17,8 : 73.05"
"17,9 : 26.68"
"17,10 : 33.24"
"17,11 : 63.95"
"17,12 : 27.07"
"17,13 : 28.84"
"17,14 : 92.97"
"17,15 : 80.06"
"17,16 : 22.2"
"17,17 : 0.0"
"17,18 : 32.2"
"17,19 : 35.61"
"17,20 : 46.17"
"17,21 : 64.54"
"17,22 : 54.08"
"17,23 : 10.3"
"17,24 : 64.08"
"17,25 : 52.33"
"17,26 : 9.22"
"17,27 : 22.36"
"17,28 : 75.01"
"17,29 : 48.0"
"17,30 : 53.6"
"17,31 : 30.0"
"17,32 : 60.61"
"17,33 : 25.24"
"17,34 : 56.4"
"17,35 : 60.54"
"17,36 : 73.93"
"17,37 : 93.49"
"17,38 : 87.66"
"17,39 : 23.85"
"17,40 : 46.57"
"17,41 : 74.15"
"17,42 : 38.83"
"17,43 : 84.5"
"17,44 : 31.38"
"17,45 : 31.89"
"17,46 : 17.26"
"17,47 : 63.64"
"17,48 : 78.45"
"17,49 : 74.53"
"18,0 : 77.83"
"18,1 : 27.8"
"18,2 : 31.38"
"18,3 : 27.66"
"18,4 : 63.91"
"18,5 : 53.76"
"18,6 : 8.54"
"18,7 : 77.23"
"18,8 : 55.23"
"18,9 : 37.0"
"18,10 : 61.2"
"18,11 : 34.13"
"18,12 : 57.27"
"18,13 : 46.1"
"18,14 : 94.64"
"18,15 : 73.35"
"18,16 : 16.49"
"18,17 : 32.2"
"18,18 : 0.0"
"18,19 : 57.56"
"18,20 : 52.43"
"18,21 : 65.19"
"18,22 : 66.65"
"18,23 : 41.05"
"18,24 : 31.95"
"18,25 : 20.12"
"18,26 : 41.18"
"18,27 : 9.85"
"18,28 : 45.22"
"18,29 : 44.69"
"18,30 : 56.64"
"18,31 : 6.4"
"18,32 : 29.83"
"18,33 : 43.57"
"18,34 : 25.61"
"18,35 : 28.46"
"18,36 : 50.64"
"18,37 : 68.31"
"18,38 : 61.68"
"18,39 : 9.06"
"18,40 : 35.36"
"18,41 : 72.42"
"18,42 : 31.89"
"18,43 : 65.01"
"18,44 : 22.67"
"18,45 : 8.6"
"18,46 : 26.17"
"18,47 : 52.92"
"18,48 : 80.16"
"18,49 : 73.6"
"19,0 : 45.0"
"19,1 : 36.14"
"19,2 : 72.12"
"19,3 : 82.22"
"19,4 : 14.32"
"19,5 : 65.8"
"19,6 : 50.22"
"19,7 : 93.43"
"19,8 : 70.09"
"19,9 : 22.36"
"19,10 : 13.6"
"19,11 : 91.66"
"19,12 : 20.02"
"19,13 : 12.17"
"19,14 : 66.03"
"19,15 : 63.16"
"19,16 : 41.19"
"19,17 : 35.61"
"19,18 : 57.56"
"19,19 : 0.0"
"19,20 : 26.08"
"19,21 : 43.32"
"19,22 : 23.09"
"19,23 : 38.6"
"19,24 : 87.05"
"19,25 : 75.01"
"19,26 : 35.0"
"19,27 : 49.48"
"19,28 : 87.92"
"19,29 : 38.21"
"19,30 : 33.54"
"19,31 : 52.15"
"19,32 : 77.47"
"19,33 : 14.04"
"19,34 : 73.98"
"19,35 : 84.01"
"19,36 : 77.39"
"19,37 : 96.61"
"19,38 : 92.65"
"19,39 : 48.84"
"19,40 : 46.14"
"19,41 : 53.16"
"19,42 : 39.4"
"19,43 : 81.32"
"19,44 : 40.61"
"19,45 : 52.01"
"19,46 : 31.4"
"19,47 : 55.23"
"19,48 : 53.24"
"19,49 : 52.63"
"20,0 : 26.93"
"20,1 : 24.7"
"20,2 : 55.01"
"20,3 : 80.0"
"20,4 : 18.79"
"20,5 : 41.05"
"20,6 : 48.1"
"20,7 : 67.9"
"20,8 : 45.49"
"20,9 : 19.7"
"20,10 : 39.36"
"20,11 : 83.77"
"20,12 : 43.97"
"20,13 : 20.1"
"20,14 : 46.82"
"20,15 : 37.64"
"20,16 : 37.48"
"20,17 : 46.17"
"20,18 : 52.43"
"20,19 : 26.08"
"20,20 : 0.0"
"20,21 : 19.0"
"20,22 : 16.03"
"20,23 : 53.76"
"20,24 : 75.43"
"20,25 : 64.51"
"20,26 : 50.49"
"20,27 : 48.08"
"20,28 : 69.35"
"20,29 : 14.56"
"20,30 : 8.06"
"20,31 : 46.04"
"20,32 : 62.39"
"20,33 : 23.0"
"20,34 : 59.84"
"20,35 : 73.08"
"20,36 : 54.78"
"20,37 : 72.95"
"20,38 : 69.86"
"20,39 : 46.01"
"20,40 : 26.02"
"20,41 : 29.02"
"20,42 : 22.8"
"20,43 : 56.22"
"20,44 : 30.02"
"20,45 : 44.42"
"20,46 : 31.91"
"20,47 : 29.83"
"20,48 : 32.28"
"20,49 : 29.02"
"21,0 : 14.56"
"21,1 : 38.28"
"21,2 : 58.52"
"21,3 : 92.66"
"21,4 : 31.91"
"21,5 : 34.23"
"21,6 : 62.68"
"21,7 : 56.44"
"21,8 : 38.47"
"21,9 : 37.85"
"21,10 : 56.92"
"21,11 : 92.91"
"21,12 : 62.37"
"21,13 : 39.05"
"21,14 : 29.68"
"21,15 : 20.25"
"21,16 : 52.48"
"21,17 : 64.54"
"21,18 : 65.19"
"21,19 : 43.32"
"21,20 : 19.0"
"21,21 : 0.0"
"21,22 : 24.08"
"21,23 : 72.56"
"21,24 : 82.3"
"21,25 : 72.95"
"21,26 : 69.35"
"21,27 : 62.97"
"21,28 : 70.04"
"21,29 : 20.52"
"21,30 : 11.05"
"21,31 : 58.9"
"21,32 : 67.23"
"21,33 : 42.0"
"21,34 : 65.74"
"21,35 : 80.62"
"21,36 : 51.01"
"21,37 : 65.97"
"21,38 : 64.63"
"21,39 : 60.46"
"21,40 : 31.62"
"21,41 : 10.05"
"21,42 : 33.3"
"21,43 : 46.82"
"21,44 : 42.8"
"21,45 : 56.64"
"21,46 : 49.04"
"21,47 : 23.0"
"21,48 : 15.0"
"21,49 : 10.05"
"22,0 : 22.09"
"22,1 : 39.56"
"22,2 : 71.03"
"22,3 : 93.81"
"22,4 : 9.06"
"22,5 : 54.63"
"22,6 : 61.29"
"22,7 : 79.63"
"22,8 : 59.09"
"22,9 : 30.61"
"22,10 : 36.06"
"22,11 : 99.02"
"22,12 : 43.1"
"22,13 : 25.24"
"22,14 : 43.0"
"22,15 : 44.2"
"22,16 : 50.77"
"22,17 : 54.08"
"22,18 : 66.65"
"22,19 : 23.09"
"22,20 : 16.03"
"22,21 : 24.08"
"22,22 : 0.0"
"22,23 : 59.51"
"22,24 : 91.22"
"22,25 : 80.08"
"22,26 : 55.95"
"22,27 : 61.03"
"22,28 : 85.21"
"22,29 : 30.15"
"22,30 : 18.38"
"22,31 : 60.37"
"22,32 : 78.41"
"22,33 : 28.84"
"22,34 : 75.8"
"22,35 : 88.77"
"22,36 : 69.64"
"22,37 : 86.93"
"22,38 : 84.43"
"22,39 : 59.36"
"22,40 : 42.0"
"22,41 : 32.76"
"22,42 : 38.64"
"22,43 : 68.96"
"22,44 : 44.94"
"22,45 : 59.09"
"22,46 : 43.28"
"22,47 : 42.95"
"22,48 : 30.81"
"22,49 : 31.76"
"23,0 : 79.4"
"23,1 : 41.76"
"23,2 : 69.43"
"23,3 : 55.23"
"23,4 : 51.97"
"23,5 : 80.01"
"23,6 : 32.8"
"23,7 : 107.7"
"23,8 : 83.22"
"23,9 : 35.01"
"23,10 : 32.45"
"23,11 : 70.88"
"23,12 : 24.6"
"23,13 : 34.79"
"23,14 : 100.17"
"23,15 : 89.02"
"23,16 : 32.45"
"23,17 : 10.3"
"23,18 : 41.05"
"23,19 : 38.6"
"23,20 : 53.76"
"23,21 : 72.56"
"23,22 : 59.51"
"23,23 : 0.0"
"23,24 : 72.47"
"23,25 : 61.06"
"23,26 : 3.61"
"23,27 : 31.4"
"23,28 : 84.85"
"23,29 : 57.22"
"23,30 : 61.52"
"23,31 : 39.62"
"23,32 : 70.18"
"23,33 : 31.32"
"23,34 : 65.95"
"23,35 : 68.88"
"23,36 : 84.22"
"23,37 : 103.77"
"23,38 : 97.91"
"23,39 : 33.3"
"23,40 : 56.61"
"23,41 : 82.39"
"23,42 : 48.76"
"23,43 : 94.7"
"23,44 : 41.63"
"23,45 : 41.73"
"23,46 : 27.2"
"23,47 : 73.35"
"23,48 : 85.91"
"23,49 : 82.61"
"24,0 : 96.61"
"24,1 : 52.35"
"24,2 : 25.46"
"24,3 : 30.36"
"24,4 : 90.67"
"24,5 : 57.31"
"24,6 : 40.5"
"24,7 : 70.23"
"24,8 : 56.22"
"24,9 : 65.01"
"24,10 : 92.4"
"24,11 : 14.56"
"24,12 : 89.02"
"24,13 : 75.01"
"24,14 : 109.04"
"24,15 : 82.88"
"24,16 : 46.53"
"24,17 : 64.08"
"24,18 : 31.95"
"24,19 : 87.05"
"24,20 : 75.43"
"24,21 : 82.3"
"24,22 : 91.22"
"24,23 : 72.47"
"24,24 : 0.0"
"24,25 : 12.17"
"24,26 : 72.92"
"24,27 : 41.79"
"24,28 : 26.31"
"24,29 : 63.32"
"24,30 : 76.9"
"24,31 : 35.69"
"24,32 : 16.28"
"24,33 : 73.11"
"24,34 : 16.64"
"24,35 : 3.61"
"24,36 : 44.78"
"24,37 : 54.74"
"24,38 : 47.85"
"24,39 : 40.8"
"24,40 : 51.08"
"24,41 : 86.53"
"24,42 : 52.63"
"24,43 : 61.29"
"24,44 : 47.17"
"24,45 : 35.23"
"24,46 : 56.57"
"24,47 : 62.8"
"24,48 : 96.04"
"24,49 : 88.2"
"25,0 : 86.95"
"25,1 : 40.79"
"25,2 : 20.88"
"25,3 : 27.17"
"25,4 : 79.08"
"25,5 : 51.62"
"25,6 : 28.64"
"25,7 : 69.05"
"25,8 : 51.43"
"25,9 : 53.08"
"25,10 : 80.23"
"25,11 : 20.0"
"25,12 : 76.92"
"25,13 : 63.01"
"25,14 : 100.77"
"25,15 : 75.82"
"25,16 : 34.37"
"25,17 : 52.33"
"25,18 : 20.12"
"25,19 : 75.01"
"25,20 : 64.51"
"25,21 : 72.95"
"25,22 : 80.08"
"25,23 : 61.06"
"25,24 : 12.17"
"25,25 : 0.0"
"25,26 : 61.29"
"25,27 : 29.97"
"25,28 : 29.12"
"25,29 : 53.24"
"25,30 : 66.64"
"25,31 : 23.54"
"25,32 : 14.04"
"25,33 : 61.03"
"25,34 : 11.18"
"25,35 : 9.0"
"25,36 : 42.2"
"25,37 : 56.08"
"25,38 : 49.09"
"25,39 : 28.79"
"25,40 : 41.34"
"25,41 : 78.1"
"25,42 : 41.79"
"25,43 : 58.52"
"25,44 : 35.51"
"25,45 : 23.09"
"25,46 : 44.41"
"25,47 : 55.17"
"25,48 : 87.2"
"25,49 : 79.65"
"26,0 : 75.96"
"26,1 : 39.56"
"26,2 : 68.59"
"26,3 : 57.04"
"26,4 : 48.37"
"26,5 : 77.83"
"26,6 : 32.76"
"26,7 : 105.7"
"26,8 : 81.15"
"26,9 : 32.02"
"26,10 : 29.15"
"26,11 : 72.03"
"26,12 : 21.54"
"26,13 : 31.32"
"26,14 : 96.77"
"26,15 : 86.09"
"26,16 : 31.24"
"26,17 : 9.22"
"26,18 : 41.18"
"26,19 : 35.0"
"26,20 : 50.49"
"26,21 : 69.35"
"26,22 : 55.95"
"26,23 : 3.61"
"26,24 : 72.92"
"26,25 : 61.29"
"26,26 : 0.0"
"26,27 : 31.38"
"26,28 : 84.22"
"26,29 : 54.45"
"26,30 : 58.31"
"26,31 : 39.2"
"26,32 : 69.81"
"26,33 : 27.89"
"26,34 : 65.6"
"26,35 : 69.35"
"26,36 : 82.68"
"26,37 : 102.34"
"26,38 : 96.61"
"26,39 : 33.02"
"26,40 : 54.42"
"26,41 : 79.23"
"26,42 : 46.49"
"26,43 : 92.7"
"26,44 : 39.82"
"26,45 : 41.11"
"26,46 : 25.08"
"26,47 : 70.83"
"26,48 : 82.57"
"26,49 : 79.4"
"27,0 : 74.52"
"27,1 : 24.7"
"27,2 : 39.12"
"27,3 : 33.11"
"27,4 : 57.25"
"27,5 : 57.0"
"27,6 : 1.41"
"27,7 : 82.38"
"27,8 : 59.14"
"27,9 : 30.53"
"27,10 : 52.01"
"27,11 : 43.01"
"27,12 : 47.68"
"27,13 : 38.63"
"27,14 : 92.65"
"27,15 : 73.68"
"27,16 : 10.63"
"27,17 : 22.36"
"27,18 : 9.85"
"27,19 : 49.48"
"27,20 : 48.08"
"27,21 : 62.97"
"27,22 : 61.03"
"27,23 : 31.4"
"27,24 : 41.79"
"27,25 : 29.97"
"27,26 : 31.38"
"27,27 : 0.0"
"27,28 : 53.91"
"27,29 : 42.94"
"27,30 : 53.41"
"27,31 : 8.94"
"27,32 : 38.9"
"27,33 : 35.74"
"27,34 : 34.66"
"27,35 : 38.28"
"27,36 : 56.61"
"27,37 : 75.24"
"27,38 : 68.88"
"27,39 : 3.0"
"27,40 : 35.9"
"27,41 : 71.12"
"27,42 : 30.46"
"27,43 : 69.72"
"27,44 : 20.62"
"27,45 : 11.7"
"27,46 : 18.38"
"27,47 : 54.13"
"27,48 : 77.94"
"27,49 : 72.07"
"28,0 : 84.53"
"28,1 : 52.0"
"28,2 : 16.12"
"28,3 : 55.23"
"28,4 : 87.3"
"28,5 : 38.48"
"28,6 : 52.5"
"28,7 : 44.72"
"28,8 : 35.85"
"28,9 : 65.92"
"28,10 : 96.61"
"28,11 : 40.79"
"28,12 : 95.52"
"28,13 : 75.96"
"28,14 : 92.7"
"28,15 : 64.85"
"28,16 : 53.41"
"28,17 : 75.01"
"28,18 : 45.22"
"28,19 : 87.92"
"28,20 : 69.35"
"28,21 : 70.04"
"28,22 : 85.21"
"28,23 : 84.85"
"28,24 : 26.31"
"28,25 : 29.12"
"28,26 : 84.22"
"28,27 : 53.91"
"28,28 : 0.0"
"28,29 : 55.08"
"28,30 : 68.01"
"28,31 : 45.28"
"28,32 : 15.65"
"28,33 : 75.24"
"28,34 : 19.72"
"28,35 : 28.02"
"28,36 : 22.2"
"28,37 : 28.44"
"28,38 : 21.59"
"28,39 : 51.66"
"28,40 : 43.42"
"28,41 : 71.47"
"28,42 : 48.76"
"28,43 : 37.54"
"28,44 : 48.3"
"28,45 : 43.14"
"28,46 : 62.13"
"28,47 : 47.54"
"28,48 : 81.61"
"28,49 : 73.38"
"29,0 : 33.84"
"29,1 : 18.38"
"29,2 : 41.3"
"29,3 : 72.14"
"29,4 : 33.24"
"29,5 : 27.59"
"29,6 : 42.54"
"29,7 : 55.44"
"29,8 : 31.89"
"29,9 : 22.8"
"29,10 : 50.45"
"29,11 : 73.06"
"29,12 : 53.34"
"29,13 : 28.84"
"29,14 : 50.0"
"29,15 : 32.14"
"29,16 : 32.7"
"29,17 : 48.0"
"29,18 : 44.69"
"29,19 : 38.21"
"29,20 : 14.56"
"29,21 : 20.52"
"29,22 : 30.15"
"29,23 : 57.22"
"29,24 : 63.32"
"29,25 : 53.24"
"29,26 : 54.45"
"29,27 : 42.94"
"29,28 : 55.08"
"29,29 : 0.0"
"29,30 : 13.6"
"29,31 : 38.42"
"29,32 : 49.24"
"29,33 : 30.41"
"29,34 : 47.13"
"29,35 : 61.33"
"29,36 : 40.31"
"29,37 : 58.83"
"29,38 : 55.46"
"29,39 : 40.31"
"29,40 : 12.37"
"29,41 : 28.18"
"29,42 : 12.81"
"29,43 : 43.14"
"29,44 : 22.47"
"29,45 : 36.12"
"29,46 : 31.14"
"29,47 : 17.49"
"29,48 : 35.47"
"29,49 : 29.15"
"30,0 : 21.21"
"30,1 : 29.0"
"30,2 : 54.74"
"30,3 : 84.29"
"30,4 : 24.08"
"30,5 : 36.25"
"30,6 : 53.26"
"30,7 : 61.85"
"30,8 : 40.72"
"30,9 : 26.93"
"30,10 : 47.01"
"30,11 : 86.35"
"30,12 : 51.92"
"30,13 : 28.16"
"30,14 : 39.81"
"30,15 : 29.73"
"30,16 : 42.8"
"30,17 : 53.6"
"30,18 : 56.64"
"30,19 : 33.54"
"30,20 : 8.06"
"30,21 : 11.05"
"30,22 : 18.38"
"30,23 : 61.52"
"30,24 : 76.9"
"30,25 : 66.64"
"30,26 : 58.31"
"30,27 : 53.41"
"30,28 : 68.01"
"30,29 : 13.6"
"30,30 : 0.0"
"30,31 : 50.25"
"30,32 : 62.82"
"30,33 : 31.02"
"30,34 : 60.73"
"30,35 : 74.85"
"30,36 : 51.42"
"30,37 : 68.54"
"30,38 : 66.1"
"30,39 : 51.09"
"30,40 : 25.96"
"30,41 : 21.0"
"30,42 : 25.24"
"30,43 : 50.77"
"30,44 : 33.97"
"30,45 : 48.27"
"30,46 : 38.48"
"30,47 : 24.6"
"30,48 : 25.08"
"30,49 : 21.1"
"31,0 : 71.45"
"31,1 : 21.4"
"31,2 : 30.23"
"31,3 : 34.06"
"31,4 : 57.87"
"31,5 : 49.16"
"31,6 : 7.62"
"31,7 : 73.82"
"31,8 : 51.0"
"31,9 : 31.05"
"31,10 : 56.72"
"31,11 : 39.62"
"31,12 : 53.45"
"31,13 : 40.45"
"31,14 : 88.41"
"31,15 : 67.62"
"31,16 : 11.0"
"31,17 : 30.0"
"31,18 : 6.4"
"31,19 : 52.15"
"31,20 : 46.04"
"31,21 : 58.9"
"31,22 : 60.37"
"31,23 : 39.62"
"31,24 : 35.69"
"31,25 : 23.54"
"31,26 : 39.2"
"31,27 : 8.94"
"31,28 : 45.28"
"31,29 : 38.42"
"31,30 : 50.25"
"31,31 : 0.0"
"31,32 : 30.61"
"31,33 : 38.12"
"31,34 : 26.4"
"31,35 : 32.39"
"31,36 : 47.8"
"31,37 : 66.31"
"31,38 : 59.93"
"31,39 : 6.4"
"31,40 : 29.55"
"31,41 : 66.29"
"31,42 : 25.61"
"31,43 : 61.29"
"31,44 : 16.28"
"31,45 : 3.0"
"31,46 : 21.02"
"31,47 : 47.43"
"31,48 : 73.88"
"31,49 : 67.42"
"32,0 : 81.71"
"32,1 : 41.44"
"32,2 : 9.22"
"32,3 : 41.05"
"32,4 : 79.01"
"32,5 : 41.04"
"32,6 : 37.48"
"32,7 : 55.54"
"32,8 : 40.0"
"32,9 : 55.11"
"32,10 : 84.76"
"32,11 : 30.02"
"32,12 : 82.76"
"32,13 : 65.31"
"32,14 : 93.19"
"32,15 : 66.71"
"32,16 : 39.82"
"32,17 : 60.61"
"32,18 : 29.83"
"32,19 : 77.47"
"32,20 : 62.39"
"32,21 : 67.23"
"32,22 : 78.41"
"32,23 : 70.18"
"32,24 : 16.28"
"32,25 : 14.04"
"32,26 : 69.81"
"32,27 : 38.9"
"32,28 : 15.65"
"32,29 : 49.24"
"32,30 : 62.82"
"32,31 : 30.61"
"32,32 : 0.0"
"32,33 : 64.03"
"32,34 : 4.24"
"32,35 : 16.12"
"32,36 : 29.15"
"32,37 : 42.05"
"32,38 : 35.06"
"32,39 : 36.88"
"32,40 : 36.88"
"32,41 : 70.83"
"32,42 : 40.01"
"32,43 : 45.69"
"32,44 : 36.88"
"32,45 : 28.84"
"32,46 : 49.24"
"32,47 : 46.87"
"32,48 : 80.53"
"32,49 : 72.56"
"33,0 : 48.08"
"33,1 : 23.26"
"33,2 : 59.24"
"33,3 : 68.71"
"33,4 : 22.67"
"33,5 : 57.2"
"33,6 : 36.4"
"33,7 : 85.45"
"33,8 : 61.22"
"33,9 : 9.43"
"33,10 : 21.63"
"33,11 : 77.65"
"33,12 : 23.02"
"33,13 : 3.61"
"33,14 : 68.88"
"33,15 : 60.02"
"33,16 : 27.17"
"33,17 : 25.24"
"33,18 : 43.57"
"33,19 : 14.04"
"33,20 : 23.0"
"33,21 : 42.0"
"33,22 : 28.84"
"33,23 : 31.32"
"33,24 : 73.11"
"33,25 : 61.03"
"33,26 : 27.89"
"33,27 : 35.74"
"33,28 : 75.24"
"33,29 : 30.41"
"33,30 : 31.02"
"33,31 : 38.12"
"33,32 : 64.03"
"33,33 : 0.0"
"33,34 : 60.42"
"33,35 : 70.03"
"33,36 : 66.71"
"33,37 : 86.37"
"33,38 : 81.84"
"33,39 : 34.93"
"33,40 : 35.38"
"33,41 : 52.01"
"33,42 : 27.8"
"33,43 : 72.8"
"33,44 : 27.2"
"33,45 : 38.0"
"33,46 : 17.46"
"33,47 : 47.89"
"33,48 : 54.74"
"33,49 : 52.01"
"34,0 : 80.11"
"34,1 : 38.12"
"34,2 : 9.85"
"34,3 : 38.33"
"34,4 : 76.03"
"34,5 : 41.4"
"34,6 : 33.24"
"34,7 : 57.87"
"34,8 : 40.82"
"34,9 : 51.62"
"34,10 : 80.96"
"34,11 : 29.21"
"34,12 : 78.79"
"34,13 : 61.81"
"34,14 : 92.42"
"34,15 : 66.48"
"34,16 : 35.78"
"34,17 : 56.4"
"34,18 : 25.61"
"34,19 : 73.98"
"34,20 : 59.84"
"34,21 : 65.74"
"34,22 : 75.8"
"34,23 : 65.95"
"34,24 : 16.64"
"34,25 : 11.18"
"34,26 : 65.6"
"34,27 : 34.66"
"34,28 : 19.72"
"34,29 : 47.13"
"34,30 : 60.73"
"34,31 : 26.4"
"34,32 : 4.24"
"34,33 : 60.42"
"34,34 : 0.0"
"34,35 : 15.56"
"34,36 : 31.05"
"34,37 : 45.28"
"34,38 : 38.33"
"34,39 : 32.65"
"34,40 : 34.79"
"34,41 : 69.89"
"34,42 : 37.22"
"34,43 : 47.43"
"34,44 : 33.38"
"34,45 : 24.7"
"34,46 : 45.31"
"34,47 : 46.23"
"34,48 : 79.4"
"34,49 : 71.56"
"35,0 : 94.83"
"35,1 : 49.65"
"35,2 : 25.0"
"35,3 : 27.66"
"35,4 : 87.97"
"35,5 : 56.85"
"35,6 : 37.0"
"35,7 : 71.17"
"35,8 : 56.04"
"35,9 : 62.07"
"35,10 : 89.11"
"35,11 : 13.89"
"35,12 : 85.62"
"35,13 : 72.01"
"35,14 : 107.8"
"35,15 : 82.04"
"35,16 : 43.29"
"35,17 : 60.54"
"35,18 : 28.46"
"35,19 : 84.01"
"35,20 : 73.08"
"35,21 : 80.62"
"35,22 : 88.77"
"35,23 : 68.88"
"35,24 : 3.61"
"35,25 : 9.0"
"35,26 : 69.35"
"35,27 : 38.28"
"35,28 : 28.02"
"35,29 : 61.33"
"35,30 : 74.85"
"35,31 : 32.39"
"35,32 : 16.12"
"35,33 : 70.03"
"35,34 : 15.56"
"35,35 : 0.0"
"35,36 : 45.19"
"35,37 : 56.32"
"35,38 : 49.37"
"35,39 : 37.36"
"35,40 : 49.19"
"35,41 : 85.21"
"35,42 : 50.29"
"35,43 : 61.74"
"35,44 : 44.41"
"35,45 : 32.06"
"35,46 : 53.34"
"35,47 : 61.72"
"35,48 : 94.58"
"35,49 : 86.84"
"36,0 : 65.07"
"36,1 : 44.6"
"36,2 : 21.38"
"36,3 : 69.23"
"36,4 : 73.54"
"36,5 : 17.26"
"36,6 : 55.36"
"36,7 : 27.07"
"36,8 : 13.93"
"36,9 : 57.38"
"36,10 : 88.24"
"36,11 : 59.03"
"36,12 : 89.11"
"36,13 : 66.4"
"36,14 : 71.17"
"36,15 : 43.08"
"36,16 : 51.88"
"36,17 : 73.93"
"36,18 : 50.64"
"36,19 : 77.39"
"36,20 : 54.78"
"36,21 : 51.01"
"36,22 : 69.64"
"36,23 : 84.22"
"36,24 : 44.78"
"36,25 : 42.2"
"36,26 : 82.68"
"36,27 : 56.61"
"36,28 : 22.2"
"36,29 : 40.31"
"36,30 : 51.42"
"36,31 : 47.8"
"36,32 : 29.15"
"36,33 : 66.71"
"36,34 : 31.05"
"36,35 : 45.19"
"36,36 : 0.0"
"36,37 : 19.85"
"36,38 : 15.26"
"36,39 : 53.76"
"36,40 : 31.4"
"36,41 : 50.8"
"36,42 : 38.95"
"36,43 : 16.55"
"36,44 : 43.01"
"36,45 : 44.92"
"36,46 : 58.01"
"36,47 : 28.02"
"36,48 : 61.0"
"36,49 : 52.77"
"37,0 : 78.92"
"37,1 : 64.44"
"37,2 : 37.11"
"37,3 : 83.0"
"37,4 : 91.71"
"37,5 : 32.31"
"37,6 : 73.93"
"37,7 : 19.21"
"37,8 : 27.86"
"37,9 : 77.1"
"37,10 : 107.81"
"37,11 : 69.23"
"37,12 : 108.89"
"37,13 : 85.91"
"37,14 : 80.5"
"37,15 : 53.01"
"37,16 : 71.34"
"37,17 : 93.49"
"37,18 : 68.31"
"37,19 : 96.61"
"37,20 : 72.95"
"37,21 : 65.97"
"37,22 : 86.93"
"37,23 : 103.77"
"37,24 : 54.74"
"37,25 : 56.08"
"37,26 : 102.34"
"37,27 : 75.24"
"37,28 : 28.44"
"37,29 : 58.83"
"37,30 : 68.54"
"37,31 : 66.31"
"37,32 : 42.05"
"37,33 : 86.37"
"37,34 : 45.28"
"37,35 : 56.32"
"37,36 : 19.85"
"37,37 : 0.0"
"37,38 : 7.0"
"37,39 : 72.5"
"37,40 : 50.99"
"37,41 : 63.29"
"37,42 : 58.69"
"37,43 : 20.0"
"37,44 : 62.8"
"37,45 : 63.56"
"37,46 : 77.8"
"37,47 : 44.01"
"37,48 : 73.11"
"37,49 : 65.28"
"38,0 : 78.16"
"38,1 : 59.41"
"38,2 : 30.36"
"38,3 : 76.0"
"38,4 : 88.64"
"38,5 : 30.41"
"38,6 : 67.54"
"38,7 : 24.21"
"38,8 : 26.17"
"38,9 : 72.47"
"38,10 : 103.41"
"38,11 : 62.37"
"38,12 : 104.06"
"38,13 : 81.61"
"38,14 : 81.58"
"38,15 : 53.6"
"38,16 : 65.46"
"38,17 : 87.66"
"38,18 : 61.68"
"38,19 : 92.65"
"38,20 : 69.86"
"38,21 : 64.63"
"38,22 : 84.43"
"38,23 : 97.91"
"38,24 : 47.85"
"38,25 : 49.09"
"38,26 : 96.61"
"38,27 : 68.88"
"38,28 : 21.59"
"38,29 : 55.46"
"38,30 : 66.1"
"38,31 : 59.93"
"38,32 : 35.06"
"38,33 : 81.84"
"38,34 : 38.33"
"38,35 : 49.37"
"38,36 : 15.26"
"38,37 : 7.0"
"38,38 : 0.0"
"38,39 : 66.19"
"38,40 : 46.62"
"38,41 : 63.01"
"38,42 : 54.04"
"38,43 : 21.19"
"38,44 : 57.38"
"38,45 : 57.25"
"38,46 : 72.35"
"38,47 : 41.98"
"38,48 : 73.06"
"38,49 : 65.01"
"39,0 : 72.25"
"39,1 : 22.2"
"39,2 : 36.62"
"39,3 : 34.48"
"39,4 : 55.95"
"39,5 : 54.0"
"39,6 : 2.24"
"39,7 : 79.43"
"39,8 : 56.14"
"39,9 : 29.07"
"39,10 : 52.15"
"39,11 : 43.05"
"39,12 : 48.27"
"39,13 : 37.64"
"39,14 : 90.14"
"39,15 : 70.84"
"39,16 : 8.6"
"39,17 : 23.85"
"39,18 : 9.06"
"39,19 : 48.84"
"39,20 : 46.01"
"39,21 : 60.46"
"39,22 : 59.36"
"39,23 : 33.3"
"39,24 : 40.8"
"39,25 : 28.79"
"39,26 : 33.02"
"39,27 : 3.0"
"39,28 : 51.66"
"39,29 : 40.31"
"39,30 : 51.09"
"39,31 : 6.4"
"39,32 : 36.88"
"39,33 : 34.93"
"39,34 : 32.65"
"39,35 : 37.36"
"39,36 : 53.76"
"39,37 : 72.5"
"39,38 : 66.19"
"39,39 : 0.0"
"39,40 : 32.98"
"39,41 : 68.48"
"39,42 : 27.73"
"39,43 : 66.75"
"39,44 : 17.89"
"39,45 : 8.94"
"39,46 : 17.46"
"39,47 : 51.2"
"39,48 : 75.45"
"39,49 : 69.46"
"40,0 : 45.65"
"40,1 : 14.87"
"40,2 : 29.07"
"40,3 : 62.01"
"40,4 : 43.93"
"40,5 : 23.41"
"40,6 : 35.17"
"40,7 : 51.43"
"40,8 : 26.83"
"40,9 : 26.17"
"40,10 : 56.85"
"40,11 : 61.29"
"40,12 : 58.05"
"40,13 : 35.0"
"40,14 : 60.11"
"40,15 : 38.08"
"40,16 : 27.02"
"40,17 : 46.57"
"40,18 : 35.36"
"40,19 : 46.14"
"40,20 : 26.02"
"40,21 : 31.62"
"40,22 : 42.0"
"40,23 : 56.61"
"40,24 : 51.08"
"40,25 : 41.34"
"40,26 : 54.42"
"40,27 : 35.9"
"40,28 : 43.42"
"40,29 : 12.37"
"40,30 : 25.96"
"40,31 : 29.55"
"40,32 : 36.88"
"40,33 : 35.38"
"40,34 : 34.79"
"40,35 : 49.19"
"40,36 : 31.4"
"40,37 : 50.99"
"40,38 : 46.62"
"40,39 : 32.98"
"40,40 : 0.0"
"40,41 : 37.54"
"40,42 : 8.06"
"40,43 : 38.47"
"40,44 : 16.0"
"40,45 : 26.83"
"40,46 : 29.41"
"40,47 : 18.25"
"40,48 : 46.1"
"40,49 : 38.9"
"41,0 : 16.16"
"41,1 : 46.52"
"41,2 : 61.77"
"41,3 : 99.49"
"41,4 : 41.15"
"41,5 : 33.54"
"41,6 : 70.71"
"41,7 : 51.26"
"41,8 : 37.22"
"41,9 : 47.52"
"41,10 : 66.76"
"41,11 : 98.08"
"41,12 : 72.37"
"41,13 : 49.09"
"41,14 : 22.67"
"41,15 : 12.21"
"41,16 : 60.84"
"41,17 : 74.15"
"41,18 : 72.42"
"41,19 : 53.16"
"41,20 : 29.02"
"41,21 : 10.05"
"41,22 : 32.76"
"41,23 : 82.39"
"41,24 : 86.53"
"41,25 : 78.1"
"41,26 : 79.23"
"41,27 : 71.12"
"41,28 : 71.47"
"41,29 : 28.18"
"41,30 : 21.0"
"41,31 : 66.29"
"41,32 : 70.83"
"41,33 : 52.01"
"41,34 : 69.89"
"41,35 : 85.21"
"41,36 : 50.8"
"41,37 : 63.29"
"41,38 : 63.01"
"41,39 : 68.48"
"41,40 : 37.54"
"41,41 : 0.0"
"41,42 : 40.82"
"41,43 : 43.42"
"41,44 : 50.61"
"41,45 : 63.82"
"41,46 : 58.24"
"41,47 : 24.17"
"41,48 : 10.2"
"41,49 : 2.0"
"42,0 : 46.23"
"42,1 : 7.07"
"42,2 : 33.38"
"42,3 : 59.4"
"42,4 : 39.05"
"42,5 : 31.38"
"42,6 : 29.97"
"42,7 : 59.48"
"42,8 : 34.89"
"42,9 : 18.44"
"42,10 : 49.41"
"42,11 : 61.27"
"42,12 : 50.21"
"42,13 : 27.78"
"42,14 : 62.8"
"42,15 : 43.42"
"42,16 : 20.62"
"42,17 : 38.83"
"42,18 : 31.89"
"42,19 : 39.4"
"42,20 : 22.8"
"42,21 : 33.3"
"42,22 : 38.64"
"42,23 : 48.76"
"42,24 : 52.63"
"42,25 : 41.79"
"42,26 : 46.49"
"42,27 : 30.46"
"42,28 : 48.76"
"42,29 : 12.81"
"42,30 : 25.24"
"42,31 : 25.61"
"42,32 : 40.01"
"42,33 : 27.8"
"42,34 : 37.22"
"42,35 : 50.29"
"42,36 : 38.95"
"42,37 : 58.69"
"42,38 : 54.04"
"42,39 : 27.73"
"42,40 : 8.06"
"42,41 : 40.82"
"42,42 : 0.0"
"42,43 : 46.53"
"42,44 : 9.85"
"42,45 : 23.35"
"42,46 : 21.59"
"42,47 : 25.02"
"42,48 : 48.27"
"42,49 : 41.88"
"43,0 : 59.23"
"43,1 : 53.23"
"43,2 : 37.64"
"43,3 : 85.38"
"43,4 : 74.63"
"43,5 : 15.62"
"43,6 : 68.59"
"43,7 : 13.0"
"43,8 : 11.66"
"43,9 : 64.07"
"43,10 : 93.51"
"43,11 : 75.58"
"43,12 : 95.8"
"43,13 : 71.7"
"43,14 : 60.67"
"43,15 : 33.02"
"43,16 : 63.32"
"43,17 : 84.5"
"43,18 : 65.01"
"43,19 : 81.32"
"43,20 : 56.22"
"43,21 : 46.82"
"43,22 : 68.96"
"43,23 : 94.7"
"43,24 : 61.29"
"43,25 : 58.52"
"43,26 : 92.7"
"43,27 : 69.72"
"43,28 : 37.54"
"43,29 : 43.14"
"43,30 : 50.77"
"43,31 : 61.29"
"43,32 : 45.69"
"43,33 : 72.8"
"43,34 : 47.43"
"43,35 : 61.74"
"43,36 : 16.55"
"43,37 : 20.0"
"43,38 : 21.19"
"43,39 : 66.75"
"43,40 : 38.47"
"43,41 : 43.42"
"43,42 : 46.53"
"43,43 : 0.0"
"43,44 : 53.14"
"43,45 : 58.31"
"43,46 : 67.62"
"43,47 : 26.4"
"43,48 : 53.15"
"43,49 : 45.4"
"44,0 : 55.17"
"44,1 : 5.39"
"44,2 : 32.2"
"44,3 : 50.33"
"44,4 : 43.57"
"44,5 : 38.83"
"44,6 : 20.12"
"44,7 : 66.13"
"44,8 : 41.76"
"44,9 : 18.25"
"44,10 : 48.33"
"44,11 : 54.08"
"44,12 : 47.43"
"44,13 : 28.44"
"44,14 : 72.42"
"44,15 : 53.16"
"44,16 : 11.05"
"44,17 : 31.38"
"44,18 : 22.67"
"44,19 : 40.61"
"44,20 : 30.02"
"44,21 : 42.8"
"44,22 : 44.94"
"44,23 : 41.63"
"44,24 : 47.17"
"44,25 : 35.51"
"44,26 : 39.82"
"44,27 : 20.62"
"44,28 : 48.3"
"44,29 : 22.47"
"44,30 : 33.97"
"44,31 : 16.28"
"44,32 : 36.88"
"44,33 : 27.2"
"44,34 : 33.38"
"44,35 : 44.41"
"44,36 : 43.01"
"44,37 : 62.8"
"44,38 : 57.38"
"44,39 : 17.89"
"44,40 : 16.0"
"44,41 : 50.61"
"44,42 : 9.85"
"44,43 : 53.14"
"44,44 : 0.0"
"44,45 : 14.42"
"44,46 : 15.0"
"44,47 : 34.13"
"44,48 : 57.8"
"44,49 : 51.62"
"45,0 : 69.43"
"45,1 : 19.72"
"45,2 : 27.8"
"45,3 : 36.07"
"45,4 : 57.01"
"45,5 : 46.17"
"45,6 : 10.44"
"45,7 : 70.86"
"45,8 : 48.0"
"45,9 : 30.41"
"45,10 : 57.27"
"45,11 : 40.26"
"45,12 : 54.42"
"45,13 : 40.11"
"45,14 : 86.05"
"45,15 : 64.88"
"45,16 : 11.4"
"45,17 : 31.89"
"45,18 : 8.6"
"45,19 : 52.01"
"45,20 : 44.42"
"45,21 : 56.64"
"45,22 : 59.09"
"45,23 : 41.73"
"45,24 : 35.23"
"45,25 : 23.09"
"45,26 : 41.11"
"45,27 : 11.7"
"45,28 : 43.14"
"45,29 : 36.12"
"45,30 : 48.27"
"45,31 : 3.0"
"45,32 : 28.84"
"45,33 : 38.0"
"45,34 : 24.7"
"45,35 : 32.06"
"45,36 : 44.92"
"45,37 : 63.56"
"45,38 : 57.25"
"45,39 : 8.94"
"45,40 : 26.83"
"45,41 : 63.82"
"45,42 : 23.35"
"45,43 : 58.31"
"45,44 : 14.42"
"45,45 : 0.0"
"45,46 : 21.38"
"45,47 : 44.6"
"45,48 : 71.59"
"45,49 : 65.0"
"46,0 : 58.83"
"46,1 : 14.56"
"46,2 : 46.04"
"46,3 : 51.48"
"46,4 : 38.95"
"46,5 : 52.81"
"46,6 : 18.97"
"46,7 : 80.62"
"46,8 : 56.08"
"46,9 : 12.73"
"46,10 : 35.9"
"46,11 : 60.3"
"46,12 : 33.54"
"46,13 : 20.25"
"46,14 : 78.29"
"46,15 : 63.29"
"46,16 : 10.05"
"46,17 : 17.26"
"46,18 : 26.17"
"46,19 : 31.4"
"46,20 : 31.91"
"46,21 : 49.04"
"46,22 : 43.28"
"46,23 : 27.2"
"46,24 : 56.57"
"46,25 : 44.41"
"46,26 : 25.08"
"46,27 : 18.38"
"46,28 : 62.13"
"46,29 : 31.14"
"46,30 : 38.48"
"46,31 : 21.02"
"46,32 : 49.24"
"46,33 : 17.46"
"46,34 : 45.31"
"46,35 : 53.34"
"46,36 : 58.01"
"46,37 : 77.8"
"46,38 : 72.35"
"46,39 : 17.46"
"46,40 : 29.41"
"46,41 : 58.24"
"46,42 : 21.59"
"46,43 : 67.62"
"46,44 : 15.0"
"46,45 : 21.38"
"46,46 : 0.0"
"46,47 : 46.39"
"46,48 : 63.56"
"46,49 : 58.82"
"47,0 : 37.22"
"47,1 : 32.06"
"47,2 : 37.74"
"47,3 : 78.55"
"47,4 : 48.26"
"47,5 : 11.7"
"47,6 : 53.37"
"47,7 : 38.21"
"47,8 : 16.16"
"47,9 : 39.92"
"47,10 : 67.8"
"47,11 : 74.97"
"47,12 : 70.83"
"47,13 : 46.32"
"47,14 : 46.32"
"47,15 : 20.81"
"47,16 : 45.18"
"47,17 : 63.64"
"47,18 : 52.92"
"47,19 : 55.23"
"47,20 : 29.83"
"47,21 : 23.0"
"47,22 : 42.95"
"47,23 : 73.35"
"47,24 : 62.8"
"47,25 : 55.17"
"47,26 : 70.83"
"47,27 : 54.13"
"47,28 : 47.54"
"47,29 : 17.49"
"47,30 : 24.6"
"47,31 : 47.43"
"47,32 : 46.87"
"47,33 : 47.89"
"47,34 : 46.23"
"47,35 : 61.72"
"47,36 : 28.02"
"47,37 : 44.01"
"47,38 : 41.98"
"47,39 : 51.2"
"47,40 : 18.25"
"47,41 : 24.17"
"47,42 : 25.02"
"47,43 : 26.4"
"47,44 : 34.13"
"47,45 : 44.6"
"47,46 : 46.39"
"47,47 : 0.0"
"47,48 : 34.18"
"47,49 : 26.0"
"48,0 : 9.43"
"48,1 : 53.25"
"48,2 : 71.55"
"48,3 : 107.56"
"48,4 : 39.81"
"48,5 : 43.74"
"48,6 : 77.67"
"48,7 : 60.17"
"48,8 : 47.38"
"48,9 : 51.87"
"48,10 : 66.61"
"48,11 : 107.2"
"48,12 : 73.11"
"48,13 : 51.48"
"48,14 : 14.76"
"48,15 : 20.62"
"48,16 : 67.42"
"48,17 : 78.45"
"48,18 : 80.16"
"48,19 : 53.24"
"48,20 : 32.28"
"48,21 : 15.0"
"48,22 : 30.81"
"48,23 : 85.91"
"48,24 : 96.04"
"48,25 : 87.2"
"48,26 : 82.57"
"48,27 : 77.94"
"48,28 : 81.61"
"48,29 : 35.47"
"48,30 : 25.08"
"48,31 : 73.88"
"48,32 : 80.53"
"48,33 : 54.74"
"48,34 : 79.4"
"48,35 : 94.58"
"48,36 : 61.0"
"48,37 : 73.11"
"48,38 : 73.06"
"48,39 : 75.45"
"48,40 : 46.1"
"48,41 : 10.2"
"48,42 : 48.27"
"48,43 : 53.15"
"48,44 : 57.8"
"48,45 : 71.59"
"48,46 : 63.56"
"48,47 : 34.18"
"48,48 : 0.0"
"48,49 : 8.25"
"49,0 : 14.32"
"49,1 : 47.41"
"49,2 : 63.53"
"49,3 : 100.77"
"49,4 : 40.31"
"49,5 : 35.51"
"49,6 : 71.69"
"49,7 : 53.14"
"49,8 : 39.2"
"49,9 : 47.85"
"49,10 : 66.22"
"49,11 : 99.64"
"49,12 : 72.01"
"49,13 : 49.01"
"49,14 : 21.21"
"49,15 : 13.89"
"49,16 : 61.72"
"49,17 : 74.53"
"49,18 : 73.6"
"49,19 : 52.63"
"49,20 : 29.02"
"49,21 : 10.05"
"49,22 : 31.76"
"49,23 : 82.61"
"49,24 : 88.2"
"49,25 : 79.65"
"49,26 : 79.4"
"49,27 : 72.07"
"49,28 : 73.38"
"49,29 : 29.15"
"49,30 : 21.1"
"49,31 : 67.42"
"49,32 : 72.56"
"49,33 : 52.01"
"49,34 : 71.56"
"49,35 : 86.84"
"49,36 : 52.77"
"49,37 : 65.28"
"49,38 : 65.01"
"49,39 : 69.46"
"49,40 : 38.9"
"49,41 : 2.0"
"49,42 : 41.88"
"49,43 : 45.4"
"49,44 : 51.62"
"49,45 : 65.0"
"49,46 : 58.82"
"49,47 : 26.0"
"49,48 : 8.25"
"49,49 : 0.0"
