x,y
63,0
63,76
7,48
34,24
83,88
4,99
36,93
48,26
47,78
58,57
96,19
30,10
79,53
45,2
72,68
10,80
5,16
65,23
84,19
66,21
39,78
70,28
96,51
55,56
90,99
61,9
82,48
19,82
90,20
7,16
63,4
35,44
31,83
67,33
64,40
34,65
9,98
8,59
21,43
77,86
64,16
59,87
82,83
95,63
90,72
16,48
37,20
51,71
59,38
92,4

Distanze
"0,0 : 0.0"
"0,1 : 76.0"
"0,2 : 73.76"
"0,3 : 37.64"
"0,4 : 90.24"
"0,5 : 115.25"
"0,6 : 96.84"
"0,7 : 30.02"
"0,8 : 79.62"
"0,9 : 57.22"
"0,10 : 38.08"
"0,11 : 34.48"
"0,12 : 55.36"
"0,13 : 18.11"
"0,14 : 68.59"
"0,15 : 95.96"
"0,16 : 60.17"
"0,17 : 23.09"
"0,18 : 28.32"
"0,19 : 21.21"
"0,20 : 81.61"
"0,21 : 28.86"
"0,22 : 60.75"
"0,23 : 56.57"
"0,24 : 102.62"
"0,25 : 9.22"
"0,26 : 51.62"
"0,27 : 93.06"
"0,28 : 33.6"
"0,29 : 58.24"
"0,30 : 4.0"
"0,31 : 52.15"
"0,32 : 88.96"
"0,33 : 33.24"
"0,34 : 40.01"
"0,35 : 71.18"
"0,36 : 111.89"
"0,37 : 80.66"
"0,38 : 60.11"
"0,39 : 87.13"
"0,40 : 16.03"
"0,41 : 87.09"
"0,42 : 85.15"
"0,43 : 70.66"
"0,44 : 76.9"
"0,45 : 67.18"
"0,46 : 32.8"
"0,47 : 72.01"
"0,48 : 38.21"
"0,49 : 29.27"
"1,0 : 76.0"
"1,1 : 0.0"
"1,2 : 62.61"
"1,3 : 59.54"
"1,4 : 23.32"
"1,5 : 63.32"
"1,6 : 31.91"
"1,7 : 52.2"
"1,8 : 16.12"
"1,9 : 19.65"
"1,10 : 65.86"
"1,11 : 73.79"
"1,12 : 28.02"
"1,13 : 76.16"
"1,14 : 12.04"
"1,15 : 53.15"
"1,16 : 83.45"
"1,17 : 53.04"
"1,18 : 60.75"
"1,19 : 55.08"
"1,20 : 24.08"
"1,21 : 48.51"
"1,22 : 41.4"
"1,23 : 21.54"
"1,24 : 35.47"
"1,25 : 67.03"
"1,26 : 33.84"
"1,27 : 44.41"
"1,28 : 62.17"
"1,29 : 82.07"
"1,30 : 72.0"
"1,31 : 42.52"
"1,32 : 32.76"
"1,33 : 43.19"
"1,34 : 36.01"
"1,35 : 31.02"
"1,36 : 58.31"
"1,37 : 57.57"
"1,38 : 53.41"
"1,39 : 17.2"
"1,40 : 60.01"
"1,41 : 11.7"
"1,42 : 20.25"
"1,43 : 34.54"
"1,44 : 27.29"
"1,45 : 54.71"
"1,46 : 61.74"
"1,47 : 13.0"
"1,48 : 38.21"
"1,49 : 77.62"
"2,0 : 73.76"
"2,1 : 62.61"
"2,2 : 0.0"
"2,3 : 36.12"
"2,4 : 85.88"
"2,5 : 51.09"
"2,6 : 53.54"
"2,7 : 46.53"
"2,8 : 50.0"
"2,9 : 51.79"
"2,10 : 93.61"
"2,11 : 44.42"
"2,12 : 72.17"
"2,13 : 59.67"
"2,14 : 68.01"
"2,15 : 32.14"
"2,16 : 32.06"
"2,17 : 63.16"
"2,18 : 82.28"
"2,19 : 64.88"
"2,20 : 43.86"
"2,21 : 66.1"
"2,22 : 89.05"
"2,23 : 48.66"
"2,24 : 97.42"
"2,25 : 66.61"
"2,26 : 75.0"
"2,27 : 36.06"
"2,28 : 87.6"
"2,29 : 32.0"
"2,30 : 71.22"
"2,31 : 28.28"
"2,32 : 42.44"
"2,33 : 61.85"
"2,34 : 57.56"
"2,35 : 31.91"
"2,36 : 50.04"
"2,37 : 11.05"
"2,38 : 14.87"
"2,39 : 79.65"
"2,40 : 65.37"
"2,41 : 65.0"
"2,42 : 82.76"
"2,43 : 89.27"
"2,44 : 86.4"
"2,45 : 9.0"
"2,46 : 41.04"
"2,47 : 49.65"
"2,48 : 52.95"
"2,49 : 95.71"
"3,0 : 37.64"
"3,1 : 59.54"
"3,2 : 36.12"
"3,3 : 0.0"
"3,4 : 80.6"
"3,5 : 80.78"
"3,6 : 69.03"
"3,7 : 14.14"
"3,8 : 55.54"
"3,9 : 40.8"
"3,10 : 62.2"
"3,11 : 14.56"
"3,12 : 53.54"
"3,13 : 24.6"
"3,14 : 58.14"
"3,15 : 60.93"
"3,16 : 30.08"
"3,17 : 31.02"
"3,18 : 50.25"
"3,19 : 32.14"
"3,20 : 54.23"
"3,21 : 36.22"
"3,22 : 67.62"
"3,23 : 38.28"
"3,24 : 93.6"
"3,25 : 30.89"
"3,26 : 53.67"
"3,27 : 59.91"
"3,28 : 56.14"
"3,29 : 28.16"
"3,30 : 35.23"
"3,31 : 20.02"
"3,32 : 59.08"
"3,33 : 34.21"
"3,34 : 34.0"
"3,35 : 41.0"
"3,36 : 78.11"
"3,37 : 43.6"
"3,38 : 23.02"
"3,39 : 75.45"
"3,40 : 31.05"
"3,41 : 67.78"
"3,42 : 76.06"
"3,43 : 72.4"
"3,44 : 73.76"
"3,45 : 30.0"
"3,46 : 5.0"
"3,47 : 49.98"
"3,48 : 28.65"
"3,49 : 61.35"
"4,0 : 90.24"
"4,1 : 23.32"
"4,2 : 85.88"
"4,3 : 80.6"
"4,4 : 0.0"
"4,5 : 79.76"
"4,6 : 47.27"
"4,7 : 71.2"
"4,8 : 37.36"
"4,9 : 39.82"
"4,10 : 70.21"
"4,11 : 94.3"
"4,12 : 35.23"
"4,13 : 94.02"
"4,14 : 22.83"
"4,15 : 73.44"
"4,16 : 106.15"
"4,17 : 67.45"
"4,18 : 69.01"
"4,19 : 69.12"
"4,20 : 45.12"
"4,21 : 61.39"
"4,22 : 39.22"
"4,23 : 42.52"
"4,24 : 13.04"
"4,25 : 82.01"
"4,26 : 40.01"
"4,27 : 64.28"
"4,28 : 68.36"
"4,29 : 104.69"
"4,30 : 86.35"
"4,31 : 65.12"
"4,32 : 52.24"
"4,33 : 57.28"
"4,34 : 51.62"
"4,35 : 54.13"
"4,36 : 74.67"
"4,37 : 80.41"
"4,38 : 76.61"
"4,39 : 6.32"
"4,40 : 74.46"
"4,41 : 24.02"
"4,42 : 5.1"
"4,43 : 27.73"
"4,44 : 17.46"
"4,45 : 78.03"
"4,46 : 82.1"
"4,47 : 36.24"
"4,48 : 55.46"
"4,49 : 84.48"
"5,0 : 115.25"
"5,1 : 63.32"
"5,2 : 51.09"
"5,3 : 80.78"
"5,4 : 79.76"
"5,5 : 0.0"
"5,6 : 32.56"
"5,7 : 85.23"
"5,8 : 47.85"
"5,9 : 68.41"
"5,10 : 121.92"
"5,11 : 92.72"
"5,12 : 87.98"
"5,13 : 105.31"
"5,14 : 74.73"
"5,15 : 19.92"
"5,16 : 83.01"
"5,17 : 97.45"
"5,18 : 113.14"
"5,19 : 99.64"
"5,20 : 40.82"
"5,21 : 96.94"
"5,22 : 103.77"
"5,23 : 66.71"
"5,24 : 86.0"
"5,25 : 106.53"
"5,26 : 93.19"
"5,27 : 22.67"
"5,28 : 116.78"
"5,29 : 83.05"
"5,30 : 111.83"
"5,31 : 63.13"
"5,32 : 31.38"
"5,33 : 91.24"
"5,34 : 84.15"
"5,35 : 45.34"
"5,36 : 5.1"
"5,37 : 40.2"
"5,38 : 58.52"
"5,39 : 74.15"
"5,40 : 102.42"
"5,41 : 56.29"
"5,42 : 79.62"
"5,43 : 97.86"
"5,44 : 90.14"
"5,45 : 52.39"
"5,46 : 85.62"
"5,47 : 54.71"
"5,48 : 82.13"
"5,49 : 129.5"
"6,0 : 96.84"
"6,1 : 31.91"
"6,2 : 53.54"
"6,3 : 69.03"
"6,4 : 47.27"
"6,5 : 32.56"
"6,6 : 0.0"
"6,7 : 68.07"
"6,8 : 18.6"
"6,9 : 42.19"
"6,10 : 95.27"
"6,11 : 83.22"
"6,12 : 58.73"
"6,13 : 91.44"
"6,14 : 43.83"
"6,15 : 29.07"
"6,16 : 83.01"
"6,17 : 75.77"
"6,18 : 88.2"
"6,19 : 78.0"
"6,20 : 15.3"
"6,21 : 73.36"
"6,22 : 73.24"
"6,23 : 41.59"
"6,24 : 54.33"
"6,25 : 87.64"
"6,26 : 64.35"
"6,27 : 20.25"
"6,28 : 90.8"
"6,29 : 82.28"
"6,30 : 93.01"
"6,31 : 49.01"
"6,32 : 11.18"
"6,33 : 67.54"
"6,34 : 59.94"
"6,35 : 28.07"
"6,36 : 27.46"
"6,37 : 44.05"
"6,38 : 52.2"
"6,39 : 41.59"
"6,40 : 81.93"
"6,41 : 23.77"
"6,42 : 47.07"
"6,43 : 66.19"
"6,44 : 57.94"
"6,45 : 49.24"
"6,46 : 73.01"
"6,47 : 26.63"
"6,48 : 59.62"
"6,49 : 105.15"
"7,0 : 30.02"
"7,1 : 52.2"
"7,2 : 46.53"
"7,3 : 14.14"
"7,4 : 71.2"
"7,5 : 85.23"
"7,6 : 68.07"
"7,7 : 0.0"
"7,8 : 52.01"
"7,9 : 32.57"
"7,10 : 48.51"
"7,11 : 24.08"
"7,12 : 41.11"
"7,13 : 24.19"
"7,14 : 48.37"
"7,15 : 66.03"
"7,16 : 44.15"
"7,17 : 17.26"
"7,18 : 36.67"
"7,19 : 18.68"
"7,20 : 52.77"
"7,21 : 22.09"
"7,22 : 54.12"
"7,23 : 30.81"
"7,24 : 84.22"
"7,25 : 21.4"
"7,26 : 40.5"
"7,27 : 63.06"
"7,28 : 42.43"
"7,29 : 42.2"
"7,30 : 26.63"
"7,31 : 22.2"
"7,32 : 59.48"
"7,33 : 20.25"
"7,34 : 21.26"
"7,35 : 41.44"
"7,36 : 81.88"
"7,37 : 51.86"
"7,38 : 31.91"
"7,39 : 66.64"
"7,40 : 18.87"
"7,41 : 61.98"
"7,42 : 66.37"
"7,43 : 59.82"
"7,44 : 62.29"
"7,45 : 38.83"
"7,46 : 12.53"
"7,47 : 45.1"
"7,48 : 16.28"
"7,49 : 49.19"
"8,0 : 79.62"
"8,1 : 16.12"
"8,2 : 50.0"
"8,3 : 55.54"
"8,4 : 37.36"
"8,5 : 47.85"
"8,6 : 18.6"
"8,7 : 52.01"
"8,8 : 0.0"
"8,9 : 23.71"
"8,10 : 76.69"
"8,11 : 70.09"
"8,12 : 40.61"
"8,13 : 76.03"
"8,14 : 26.93"
"8,15 : 37.05"
"8,16 : 74.89"
"8,17 : 57.87"
"8,18 : 69.64"
"8,19 : 60.08"
"8,20 : 8.0"
"8,21 : 55.04"
"8,22 : 55.95"
"8,23 : 23.41"
"8,24 : 47.85"
"8,25 : 70.41"
"8,26 : 46.1"
"8,27 : 28.28"
"8,28 : 72.2"
"8,29 : 73.78"
"8,30 : 75.71"
"8,31 : 36.06"
"8,32 : 16.76"
"8,33 : 49.24"
"8,34 : 41.63"
"8,35 : 18.38"
"8,36 : 42.94"
"8,37 : 43.38"
"8,38 : 43.6"
"8,39 : 31.05"
"8,40 : 64.29"
"8,41 : 15.0"
"8,42 : 35.36"
"8,43 : 50.29"
"8,44 : 43.42"
"8,45 : 43.14"
"8,46 : 58.86"
"8,47 : 8.06"
"8,48 : 41.76"
"8,49 : 86.61"
"9,0 : 57.22"
"9,1 : 19.65"
"9,2 : 51.79"
"9,3 : 40.8"
"9,4 : 39.82"
"9,5 : 68.41"
"9,6 : 42.19"
"9,7 : 32.57"
"9,8 : 23.71"
"9,9 : 0.0"
"9,10 : 53.74"
"9,11 : 54.71"
"9,12 : 21.38"
"9,13 : 56.52"
"9,14 : 17.8"
"9,15 : 53.23"
"9,16 : 67.01"
"9,17 : 34.71"
"9,18 : 46.04"
"9,19 : 36.88"
"9,20 : 28.32"
"9,21 : 31.38"
"9,22 : 38.47"
"9,23 : 3.16"
"9,24 : 52.8"
"9,25 : 48.09"
"9,26 : 25.63"
"9,27 : 46.32"
"9,28 : 48.92"
"9,29 : 65.44"
"9,30 : 53.24"
"9,31 : 26.42"
"9,32 : 37.48"
"9,33 : 25.63"
"9,34 : 18.03"
"9,35 : 25.3"
"9,36 : 63.89"
"9,37 : 50.04"
"9,38 : 39.56"
"9,39 : 34.67"
"9,40 : 41.44"
"9,41 : 30.02"
"9,42 : 35.38"
"9,43 : 37.48"
"9,44 : 35.34"
"9,45 : 42.95"
"9,46 : 42.54"
"9,47 : 15.65"
"9,48 : 19.03"
"9,49 : 62.97"
"10,0 : 38.08"
"10,1 : 65.86"
"10,2 : 93.61"
"10,3 : 62.2"
"10,4 : 70.21"
"10,5 : 121.92"
"10,6 : 95.27"
"10,7 : 48.51"
"10,8 : 76.69"
"10,9 : 53.74"
"10,10 : 0.0"
"10,11 : 66.61"
"10,12 : 38.01"
"10,13 : 53.76"
"10,14 : 54.56"
"10,15 : 105.44"
"10,16 : 91.05"
"10,17 : 31.26"
"10,18 : 12.0"
"10,19 : 30.07"
"10,20 : 82.04"
"10,21 : 27.51"
"10,22 : 32.0"
"10,23 : 55.23"
"10,24 : 80.22"
"10,25 : 36.4"
"10,26 : 32.2"
"10,27 : 99.49"
"10,28 : 6.08"
"10,29 : 89.05"
"10,30 : 36.25"
"10,31 : 65.92"
"10,32 : 91.22"
"10,33 : 32.2"
"10,34 : 38.28"
"10,35 : 77.2"
"10,36 : 117.52"
"10,37 : 96.66"
"10,38 : 78.75"
"10,39 : 69.64"
"10,40 : 32.14"
"10,41 : 77.41"
"10,42 : 65.51"
"10,43 : 44.01"
"10,44 : 53.34"
"10,45 : 85.09"
"10,46 : 59.01"
"10,47 : 68.77"
"10,48 : 41.59"
"10,49 : 15.52"
"11,0 : 34.48"
"11,1 : 73.79"
"11,2 : 44.42"
"11,3 : 14.56"
"11,4 : 94.3"
"11,5 : 92.72"
"11,6 : 83.22"
"11,7 : 24.08"
"11,8 : 70.09"
"11,9 : 54.71"
"11,10 : 66.61"
"11,11 : 0.0"
"11,12 : 65.19"
"11,13 : 17.0"
"11,14 : 71.61"
"11,15 : 72.8"
"11,16 : 25.71"
"11,17 : 37.34"
"11,18 : 54.74"
"11,19 : 37.64"
"11,20 : 68.59"
"11,21 : 43.86"
"11,22 : 77.7"
"11,23 : 52.35"
"11,24 : 107.34"
"11,25 : 31.02"
"11,26 : 64.4"
"11,27 : 72.84"
"11,28 : 60.83"
"11,29 : 23.77"
"11,30 : 33.54"
"11,31 : 34.37"
"11,32 : 73.01"
"11,33 : 43.57"
"11,34 : 45.34"
"11,35 : 55.15"
"11,36 : 90.47"
"11,37 : 53.71"
"11,38 : 34.21"
"11,39 : 89.36"
"11,40 : 34.53"
"11,41 : 82.28"
"11,42 : 89.63"
"11,43 : 83.87"
"11,44 : 86.28"
"11,45 : 40.5"
"11,46 : 12.21"
"11,47 : 64.51"
"11,48 : 40.31"
"11,49 : 62.29"
"12,0 : 55.36"
"12,1 : 28.02"
"12,2 : 72.17"
"12,3 : 53.54"
"12,4 : 35.23"
"12,5 : 87.98"
"12,6 : 58.73"
"12,7 : 41.11"
"12,8 : 40.61"
"12,9 : 21.38"
"12,10 : 38.01"
"12,11 : 65.19"
"12,12 : 0.0"
"12,13 : 61.29"
"12,14 : 16.55"
"12,15 : 74.09"
"12,16 : 82.73"
"12,17 : 33.11"
"12,18 : 34.37"
"12,19 : 34.54"
"12,20 : 47.17"
"12,21 : 26.57"
"12,22 : 17.12"
"12,23 : 24.19"
"12,24 : 47.3"
"12,25 : 47.54"
"12,26 : 5.83"
"12,27 : 66.64"
"12,28 : 34.79"
"12,29 : 80.95"
"12,30 : 51.55"
"12,31 : 44.91"
"12,32 : 56.6"
"12,33 : 23.32"
"12,34 : 19.85"
"12,35 : 46.57"
"12,36 : 83.22"
"12,37 : 71.25"
"12,38 : 58.86"
"12,39 : 33.06"
"12,40 : 39.92"
"12,41 : 39.45"
"12,42 : 30.15"
"12,43 : 18.87"
"12,44 : 21.95"
"12,45 : 63.2"
"12,46 : 53.41"
"12,47 : 33.29"
"12,48 : 25.0"
"12,49 : 50.7"
"13,0 : 18.11"
"13,1 : 76.16"
"13,2 : 59.67"
"13,3 : 24.6"
"13,4 : 94.02"
"13,5 : 105.31"
"13,6 : 91.44"
"13,7 : 24.19"
"13,8 : 76.03"
"13,9 : 56.52"
"13,10 : 53.76"
"13,11 : 17.0"
"13,12 : 61.29"
"13,13 : 0.0"
"13,14 : 71.31"
"13,15 : 85.49"
"13,16 : 42.38"
"13,17 : 29.0"
"13,18 : 42.54"
"13,19 : 28.32"
"13,20 : 76.24"
"13,21 : 36.07"
"13,22 : 70.72"
"13,23 : 54.92"
"13,24 : 106.93"
"13,25 : 17.46"
"13,26 : 59.03"
"13,27 : 84.12"
"13,28 : 48.47"
"13,29 : 40.5"
"13,30 : 18.11"
"13,31 : 43.17"
"13,32 : 82.2"
"13,33 : 38.01"
"13,34 : 42.49"
"13,35 : 63.95"
"13,36 : 102.53"
"13,37 : 67.96"
"13,38 : 47.51"
"13,39 : 89.89"
"13,40 : 23.6"
"13,41 : 86.15"
"13,42 : 89.05"
"13,43 : 78.87"
"13,44 : 83.22"
"13,45 : 54.38"
"13,46 : 19.7"
"13,47 : 69.26"
"13,48 : 38.63"
"13,49 : 47.04"
"14,0 : 68.59"
"14,1 : 12.04"
"14,2 : 68.01"
"14,3 : 58.14"
"14,4 : 22.83"
"14,5 : 74.73"
"14,6 : 43.83"
"14,7 : 48.37"
"14,8 : 26.93"
"14,9 : 17.8"
"14,10 : 54.56"
"14,11 : 71.61"
"14,12 : 16.55"
"14,13 : 71.31"
"14,14 : 0.0"
"14,15 : 63.15"
"14,16 : 84.81"
"14,17 : 45.54"
"14,18 : 50.45"
"14,19 : 47.38"
"14,20 : 34.48"
"14,21 : 40.05"
"14,22 : 29.41"
"14,23 : 20.81"
"14,24 : 35.85"
"14,25 : 60.02"
"14,26 : 22.36"
"14,27 : 54.82"
"14,28 : 51.26"
"14,29 : 83.24"
"14,30 : 64.63"
"14,31 : 44.1"
"14,32 : 43.66"
"14,33 : 35.36"
"14,34 : 29.12"
"14,35 : 38.12"
"14,36 : 69.78"
"14,37 : 64.63"
"14,38 : 56.8"
"14,39 : 18.68"
"14,40 : 52.61"
"14,41 : 23.02"
"14,42 : 18.03"
"14,43 : 23.54"
"14,44 : 18.44"
"14,45 : 59.46"
"14,46 : 59.41"
"14,47 : 21.21"
"14,48 : 32.7"
"14,49 : 67.05"
"15,0 : 95.96"
"15,1 : 53.15"
"15,2 : 32.14"
"15,3 : 60.93"
"15,4 : 73.44"
"15,5 : 19.92"
"15,6 : 29.07"
"15,7 : 66.03"
"15,8 : 37.05"
"15,9 : 53.23"
"15,10 : 105.44"
"15,11 : 72.8"
"15,12 : 74.09"
"15,13 : 85.49"
"15,14 : 63.15"
"15,15 : 0.0"
"15,16 : 64.2"
"15,17 : 79.21"
"15,18 : 95.9"
"15,19 : 81.34"
"15,20 : 29.07"
"15,21 : 79.4"
"15,22 : 90.76"
"15,23 : 51.0"
"15,24 : 82.23"
"15,25 : 87.42"
"15,26 : 78.79"
"15,27 : 9.22"
"15,28 : 100.0"
"15,29 : 64.07"
"15,30 : 92.66"
"15,31 : 43.83"
"15,32 : 21.21"
"15,33 : 73.88"
"15,34 : 67.2"
"15,35 : 28.3"
"15,36 : 18.03"
"15,37 : 21.1"
"15,38 : 38.6"
"15,39 : 67.27"
"15,40 : 83.74"
"15,41 : 49.5"
"15,42 : 72.06"
"15,43 : 86.68"
"15,44 : 80.4"
"15,45 : 32.56"
"15,46 : 65.8"
"15,47 : 41.98"
"15,48 : 64.54"
"15,49 : 111.8"
"16,0 : 60.17"
"16,1 : 83.45"
"16,2 : 32.06"
"16,3 : 30.08"
"16,4 : 106.15"
"16,5 : 83.01"
"16,6 : 83.01"
"16,7 : 44.15"
"16,8 : 74.89"
"16,9 : 67.01"
"16,10 : 91.05"
"16,11 : 25.71"
"16,12 : 82.73"
"16,13 : 42.38"
"16,14 : 84.81"
"16,15 : 64.2"
"16,16 : 0.0"
"16,17 : 60.41"
"16,18 : 79.06"
"16,19 : 61.2"
"16,20 : 70.71"
"16,21 : 66.1"
"16,22 : 97.5"
"16,23 : 64.03"
"16,24 : 118.8"
"16,25 : 56.44"
"16,26 : 83.38"
"16,27 : 67.47"
"16,28 : 85.09"
"16,29 : 2.0"
"16,30 : 59.23"
"16,31 : 41.04"
"16,32 : 71.87"
"16,33 : 64.29"
"16,34 : 63.69"
"16,35 : 56.94"
"16,36 : 82.1"
"16,37 : 43.1"
"16,38 : 31.38"
"16,39 : 100.42"
"16,40 : 59.0"
"16,41 : 89.2"
"16,42 : 102.07"
"16,43 : 101.53"
"16,44 : 101.79"
"16,45 : 33.84"
"16,46 : 32.25"
"16,47 : 71.7"
"16,48 : 58.31"
"16,49 : 87.82"
"17,0 : 23.09"
"17,1 : 53.04"
"17,2 : 63.16"
"17,3 : 31.02"
"17,4 : 67.45"
"17,5 : 97.45"
"17,6 : 75.77"
"17,7 : 17.26"
"17,8 : 57.87"
"17,9 : 34.71"
"17,10 : 31.26"
"17,11 : 37.34"
"17,12 : 33.11"
"17,13 : 29.0"
"17,14 : 45.54"
"17,15 : 79.21"
"17,16 : 60.41"
"17,17 : 0.0"
"17,18 : 19.42"
"17,19 : 2.24"
"17,20 : 60.84"
"17,21 : 7.07"
"17,22 : 41.77"
"17,23 : 34.48"
"17,24 : 80.01"
"17,25 : 14.56"
"17,26 : 30.23"
"17,27 : 74.81"
"17,28 : 25.18"
"17,29 : 58.42"
"17,30 : 19.1"
"17,31 : 36.62"
"17,32 : 68.96"
"17,33 : 10.2"
"17,34 : 17.03"
"17,35 : 52.2"
"17,36 : 93.6"
"17,37 : 67.42"
"17,38 : 48.33"
"17,39 : 64.13"
"17,40 : 7.07"
"17,41 : 64.28"
"17,42 : 62.36"
"17,43 : 50.0"
"17,44 : 55.01"
"17,45 : 55.01"
"17,46 : 28.16"
"17,47 : 50.0"
"17,48 : 16.16"
"17,49 : 33.02"
"18,0 : 28.32"
"18,1 : 60.75"
"18,2 : 82.28"
"18,3 : 50.25"
"18,4 : 69.01"
"18,5 : 113.14"
"18,6 : 88.2"
"18,7 : 36.67"
"18,8 : 69.64"
"18,9 : 46.04"
"18,10 : 12.0"
"18,11 : 54.74"
"18,12 : 34.37"
"18,13 : 42.54"
"18,14 : 50.45"
"18,15 : 95.9"
"18,16 : 79.06"
"18,17 : 19.42"
"18,18 : 0.0"
"18,19 : 18.11"
"18,20 : 74.2"
"18,21 : 16.64"
"18,22 : 34.18"
"18,23 : 47.01"
"18,24 : 80.22"
"18,25 : 25.08"
"18,26 : 29.07"
"18,27 : 90.52"
"18,28 : 6.08"
"18,29 : 77.06"
"18,30 : 25.81"
"18,31 : 55.01"
"18,32 : 83.1"
"18,33 : 22.02"
"18,34 : 29.0"
"18,35 : 67.94"
"18,36 : 108.93"
"18,37 : 85.88"
"18,38 : 67.42"
"18,39 : 67.36"
"18,40 : 20.22"
"18,41 : 72.45"
"18,42 : 64.03"
"18,43 : 45.35"
"18,44 : 53.34"
"18,45 : 73.93"
"18,46 : 47.01"
"18,47 : 61.59"
"18,48 : 31.4"
"18,49 : 17.0"
"19,0 : 21.21"
"19,1 : 55.08"
"19,2 : 64.88"
"19,3 : 32.14"
"19,4 : 69.12"
"19,5 : 99.64"
"19,6 : 78.0"
"19,7 : 18.68"
"19,8 : 60.08"
"19,9 : 36.88"
"19,10 : 30.07"
"19,11 : 37.64"
"19,12 : 34.54"
"19,13 : 28.32"
"19,14 : 47.38"
"19,15 : 81.34"
"19,16 : 61.2"
"19,17 : 2.24"
"19,18 : 18.11"
"19,19 : 0.0"
"19,20 : 63.07"
"19,21 : 8.06"
"19,22 : 42.43"
"19,23 : 36.69"
"19,24 : 81.61"
"19,25 : 13.0"
"19,26 : 31.38"
"19,27 : 77.01"
"19,28 : 24.02"
"19,29 : 59.21"
"19,30 : 17.26"
"19,31 : 38.6"
"19,32 : 71.2"
"19,33 : 12.04"
"19,34 : 19.1"
"19,35 : 54.41"
"19,36 : 95.8"
"19,37 : 69.34"
"19,38 : 50.09"
"19,39 : 65.92"
"19,40 : 5.39"
"19,41 : 66.37"
"19,42 : 64.03"
"19,43 : 51.04"
"19,44 : 56.36"
"19,45 : 56.82"
"19,46 : 29.02"
"19,47 : 52.2"
"19,48 : 18.38"
"19,49 : 31.06"
"20,0 : 81.61"
"20,1 : 24.08"
"20,2 : 43.86"
"20,3 : 54.23"
"20,4 : 45.12"
"20,5 : 40.82"
"20,6 : 15.3"
"20,7 : 52.77"
"20,8 : 8.0"
"20,9 : 28.32"
"20,10 : 82.04"
"20,11 : 68.59"
"20,12 : 47.17"
"20,13 : 76.24"
"20,14 : 34.48"
"20,15 : 29.07"
"20,16 : 70.71"
"20,17 : 60.84"
"20,18 : 74.2"
"20,19 : 63.07"
"20,20 : 0.0"
"20,21 : 58.83"
"20,22 : 63.07"
"20,23 : 27.2"
"20,24 : 55.15"
"20,25 : 72.42"
"20,26 : 52.43"
"20,27 : 20.4"
"20,28 : 77.23"
"20,29 : 69.77"
"20,30 : 77.79"
"20,31 : 34.23"
"20,32 : 9.43"
"20,33 : 53.0"
"20,34 : 45.49"
"20,35 : 13.93"
"20,36 : 36.06"
"20,37 : 36.36"
"20,38 : 39.36"
"20,39 : 38.83"
"20,40 : 66.85"
"20,41 : 21.93"
"20,42 : 43.29"
"20,43 : 57.97"
"20,44 : 51.35"
"20,45 : 37.8"
"20,46 : 58.03"
"20,47 : 13.89"
"20,48 : 44.72"
"20,49 : 91.02"
"21,0 : 28.86"
"21,1 : 48.51"
"21,2 : 66.1"
"21,3 : 36.22"
"21,4 : 61.39"
"21,5 : 96.94"
"21,6 : 73.36"
"21,7 : 22.09"
"21,8 : 55.04"
"21,9 : 31.38"
"21,10 : 27.51"
"21,11 : 43.86"
"21,12 : 26.57"
"21,13 : 36.07"
"21,14 : 40.05"
"21,15 : 79.4"
"21,16 : 66.1"
"21,17 : 7.07"
"21,18 : 16.64"
"21,19 : 8.06"
"21,20 : 58.83"
"21,21 : 0.0"
"21,22 : 34.71"
"21,23 : 31.76"
"21,24 : 73.76"
"21,25 : 21.02"
"21,26 : 23.32"
"21,27 : 74.28"
"21,28 : 21.54"
"21,29 : 64.13"
"21,30 : 25.0"
"21,31 : 38.48"
"21,32 : 67.42"
"21,33 : 5.83"
"21,34 : 13.42"
"21,35 : 51.62"
"21,36 : 92.85"
"21,37 : 69.32"
"21,38 : 51.24"
"21,39 : 58.42"
"21,40 : 13.42"
"21,41 : 60.02"
"21,42 : 56.29"
"21,43 : 43.01"
"21,44 : 48.33"
"21,45 : 57.58"
"21,46 : 33.96"
"21,47 : 47.01"
"21,48 : 14.87"
"21,49 : 32.56"
"22,0 : 60.75"
"22,1 : 41.4"
"22,2 : 89.05"
"22,3 : 67.62"
"22,4 : 39.22"
"22,5 : 103.77"
"22,6 : 73.24"
"22,7 : 54.12"
"22,8 : 55.95"
"22,9 : 38.47"
"22,10 : 32.0"
"22,11 : 77.7"
"22,12 : 17.12"
"22,13 : 70.72"
"22,14 : 29.41"
"22,15 : 90.76"
"22,16 : 97.5"
"22,17 : 41.77"
"22,18 : 34.18"
"22,19 : 42.43"
"22,20 : 63.07"
"22,21 : 34.71"
"22,22 : 0.0"
"22,23 : 41.3"
"22,24 : 48.37"
"22,25 : 54.67"
"22,26 : 14.32"
"22,27 : 83.01"
"22,28 : 31.58"
"22,29 : 95.63"
"22,30 : 57.43"
"22,31 : 61.4"
"22,32 : 72.45"
"22,33 : 34.13"
"22,34 : 33.84"
"22,35 : 63.56"
"22,36 : 98.88"
"22,37 : 88.36"
"22,38 : 75.43"
"22,39 : 39.82"
"22,40 : 47.42"
"22,41 : 51.62"
"22,42 : 34.93"
"22,43 : 12.04"
"22,44 : 21.84"
"22,45 : 80.06"
"22,46 : 66.65"
"22,47 : 49.24"
"22,48 : 39.22"
"22,49 : 47.17"
"23,0 : 56.57"
"23,1 : 21.54"
"23,2 : 48.66"
"23,3 : 38.28"
"23,4 : 42.52"
"23,5 : 66.71"
"23,6 : 41.59"
"23,7 : 30.81"
"23,8 : 23.41"
"23,9 : 3.16"
"23,10 : 55.23"
"23,11 : 52.35"
"23,12 : 24.19"
"23,13 : 54.92"
"23,14 : 20.81"
"23,15 : 51.0"
"23,16 : 64.03"
"23,17 : 34.48"
"23,18 : 47.01"
"23,19 : 36.69"
"23,20 : 27.2"
"23,21 : 31.76"
"23,22 : 41.3"
"23,23 : 0.0"
"23,24 : 55.44"
"23,25 : 47.38"
"23,26 : 28.16"
"23,27 : 44.41"
"23,28 : 50.21"
"23,29 : 62.48"
"23,30 : 52.61"
"23,31 : 23.32"
"23,32 : 36.12"
"23,33 : 25.94"
"23,34 : 18.36"
"23,35 : 22.85"
"23,36 : 62.29"
"23,37 : 47.1"
"23,38 : 36.4"
"23,39 : 37.2"
"23,40 : 41.0"
"23,41 : 31.26"
"23,42 : 38.18"
"23,43 : 40.61"
"23,44 : 38.48"
"23,45 : 39.81"
"23,46 : 40.25"
"23,47 : 15.52"
"23,48 : 18.44"
"23,49 : 63.82"
"24,0 : 102.62"
"24,1 : 35.47"
"24,2 : 97.42"
"24,3 : 93.6"
"24,4 : 13.04"
"24,5 : 86.0"
"24,6 : 54.33"
"24,7 : 84.22"
"24,8 : 47.85"
"24,9 : 52.8"
"24,10 : 80.22"
"24,11 : 107.34"
"24,12 : 47.3"
"24,13 : 106.93"
"24,14 : 35.85"
"24,15 : 82.23"
"24,16 : 118.8"
"24,17 : 80.01"
"24,18 : 80.22"
"24,19 : 81.61"
"24,20 : 55.15"
"24,21 : 73.76"
"24,22 : 48.37"
"24,23 : 55.44"
"24,24 : 0.0"
"24,25 : 94.56"
"24,26 : 51.62"
"24,27 : 73.01"
"24,28 : 79.0"
"24,29 : 117.38"
"24,30 : 98.76"
"24,31 : 77.78"
"24,32 : 61.13"
"24,33 : 69.89"
"24,34 : 64.47"
"24,35 : 65.51"
"24,36 : 81.01"
"24,37 : 91.24"
"24,38 : 88.87"
"24,39 : 18.38"
"24,40 : 86.98"
"24,41 : 33.24"
"24,42 : 17.89"
"24,43 : 36.35"
"24,44 : 27.0"
"24,45 : 89.87"
"24,46 : 95.13"
"24,47 : 48.01"
"24,48 : 68.43"
"24,49 : 95.02"
"25,0 : 9.22"
"25,1 : 67.03"
"25,2 : 66.61"
"25,3 : 30.89"
"25,4 : 82.01"
"25,5 : 106.53"
"25,6 : 87.64"
"25,7 : 21.4"
"25,8 : 70.41"
"25,9 : 48.09"
"25,10 : 36.4"
"25,11 : 31.02"
"25,12 : 47.54"
"25,13 : 17.46"
"25,14 : 60.02"
"25,15 : 87.42"
"25,16 : 56.44"
"25,17 : 14.56"
"25,18 : 25.08"
"25,19 : 13.0"
"25,20 : 72.42"
"25,21 : 21.02"
"25,22 : 54.67"
"25,23 : 47.38"
"25,24 : 94.56"
"25,25 : 0.0"
"25,26 : 44.29"
"25,27 : 84.22"
"25,28 : 31.02"
"25,29 : 54.45"
"25,30 : 5.39"
"25,31 : 43.6"
"25,32 : 79.85"
"25,33 : 24.74"
"25,34 : 31.14"
"25,35 : 62.17"
"25,36 : 103.08"
"25,37 : 72.86"
"25,38 : 52.5"
"25,39 : 78.64"
"25,40 : 7.62"
"25,41 : 78.03"
"25,42 : 76.92"
"25,43 : 63.81"
"25,44 : 69.35"
"25,45 : 59.55"
"25,46 : 26.4"
"25,47 : 62.8"
"25,48 : 29.07"
"25,49 : 31.4"
"26,0 : 51.62"
"26,1 : 33.84"
"26,2 : 75.0"
"26,3 : 53.67"
"26,4 : 40.01"
"26,5 : 93.19"
"26,6 : 64.35"
"26,7 : 40.5"
"26,8 : 46.1"
"26,9 : 25.63"
"26,10 : 32.2"
"26,11 : 64.4"
"26,12 : 5.83"
"26,13 : 59.03"
"26,14 : 22.36"
"26,15 : 78.79"
"26,16 : 83.38"
"26,17 : 30.23"
"26,18 : 29.07"
"26,19 : 31.38"
"26,20 : 52.43"
"26,21 : 23.32"
"26,22 : 14.32"
"26,23 : 28.16"
"26,24 : 51.62"
"26,25 : 44.29"
"26,26 : 0.0"
"26,27 : 71.59"
"26,28 : 29.12"
"26,29 : 81.54"
"26,30 : 47.93"
"26,31 : 47.17"
"26,32 : 61.85"
"26,33 : 21.21"
"26,34 : 19.7"
"26,35 : 50.92"
"26,36 : 88.48"
"26,37 : 74.81"
"26,38 : 61.2"
"26,39 : 38.33"
"26,40 : 36.72"
"26,41 : 45.28"
"26,42 : 35.0"
"26,43 : 19.85"
"26,44 : 25.3"
"26,45 : 66.0"
"26,46 : 53.0"
"26,47 : 38.6"
"26,48 : 25.08"
"26,49 : 45.12"
"27,0 : 93.06"
"27,1 : 44.41"
"27,2 : 36.06"
"27,3 : 59.91"
"27,4 : 64.28"
"27,5 : 22.67"
"27,6 : 20.25"
"27,7 : 63.06"
"27,8 : 28.28"
"27,9 : 46.32"
"27,10 : 99.49"
"27,11 : 72.84"
"27,12 : 66.64"
"27,13 : 84.12"
"27,14 : 54.82"
"27,15 : 9.22"
"27,16 : 67.47"
"27,17 : 74.81"
"27,18 : 90.52"
"27,19 : 77.01"
"27,20 : 20.4"
"27,21 : 74.28"
"27,22 : 83.01"
"27,23 : 44.41"
"27,24 : 73.01"
"27,25 : 84.22"
"27,26 : 71.59"
"27,27 : 0.0"
"27,28 : 94.26"
"27,29 : 67.08"
"27,30 : 89.55"
"27,31 : 41.23"
"27,32 : 12.04"
"27,33 : 68.59"
"27,34 : 61.55"
"27,35 : 22.67"
"27,36 : 18.87"
"27,37 : 25.5"
"27,38 : 39.05"
"27,39 : 58.14"
"27,40 : 79.88"
"27,41 : 40.31"
"27,42 : 63.01"
"27,43 : 78.34"
"27,44 : 71.7"
"27,45 : 34.13"
"27,46 : 64.56"
"27,47 : 33.84"
"27,48 : 59.46"
"27,49 : 106.83"
"28,0 : 33.6"
"28,1 : 62.17"
"28,2 : 87.6"
"28,3 : 56.14"
"28,4 : 68.36"
"28,5 : 116.78"
"28,6 : 90.8"
"28,7 : 42.43"
"28,8 : 72.2"
"28,9 : 48.92"
"28,10 : 6.08"
"28,11 : 60.83"
"28,12 : 34.79"
"28,13 : 48.47"
"28,14 : 51.26"
"28,15 : 100.0"
"28,16 : 85.09"
"28,17 : 25.18"
"28,18 : 6.08"
"28,19 : 24.02"
"28,20 : 77.23"
"28,21 : 21.54"
"28,22 : 31.58"
"28,23 : 50.21"
"28,24 : 79.0"
"28,25 : 31.02"
"28,26 : 29.12"
"28,27 : 94.26"
"28,28 : 0.0"
"28,29 : 83.1"
"28,30 : 31.38"
"28,31 : 60.01"
"28,32 : 86.31"
"28,33 : 26.42"
"28,34 : 32.8"
"28,35 : 71.84"
"28,36 : 112.45"
"28,37 : 90.8"
"28,38 : 72.73"
"28,39 : 67.27"
"28,40 : 26.31"
"28,41 : 73.82"
"28,42 : 63.51"
"28,43 : 43.29"
"28,44 : 52.0"
"28,45 : 79.12"
"28,46 : 53.0"
"28,47 : 64.2"
"28,48 : 35.85"
"28,49 : 16.12"
"29,0 : 58.24"
"29,1 : 82.07"
"29,2 : 32.0"
"29,3 : 28.16"
"29,4 : 104.69"
"29,5 : 83.05"
"29,6 : 82.28"
"29,7 : 42.2"
"29,8 : 73.78"
"29,9 : 65.44"
"29,10 : 89.05"
"29,11 : 23.77"
"29,12 : 80.95"
"29,13 : 40.5"
"29,14 : 83.24"
"29,15 : 64.07"
"29,16 : 2.0"
"29,17 : 58.42"
"29,18 : 77.06"
"29,19 : 59.21"
"29,20 : 69.77"
"29,21 : 64.13"
"29,22 : 95.63"
"29,23 : 62.48"
"29,24 : 117.38"
"29,25 : 54.45"
"29,26 : 81.54"
"29,27 : 67.08"
"29,28 : 83.1"
"29,29 : 0.0"
"29,30 : 57.27"
"29,31 : 39.6"
"29,32 : 71.17"
"29,33 : 62.36"
"29,34 : 61.85"
"29,35 : 55.95"
"29,36 : 82.02"
"29,37 : 43.01"
"29,38 : 30.41"
"29,39 : 98.99"
"29,40 : 57.0"
"29,41 : 88.01"
"29,42 : 100.57"
"29,43 : 99.76"
"29,44 : 100.12"
"29,45 : 33.24"
"29,46 : 30.27"
"29,47 : 70.43"
"29,48 : 56.46"
"29,49 : 85.84"
"30,0 : 4.0"
"30,1 : 72.0"
"30,2 : 71.22"
"30,3 : 35.23"
"30,4 : 86.35"
"30,5 : 111.83"
"30,6 : 93.01"
"30,7 : 26.63"
"30,8 : 75.71"
"30,9 : 53.24"
"30,10 : 36.25"
"30,11 : 33.54"
"30,12 : 51.55"
"30,13 : 18.11"
"30,14 : 64.63"
"30,15 : 92.66"
"30,16 : 59.23"
"30,17 : 19.1"
"30,18 : 25.81"
"30,19 : 17.26"
"30,20 : 77.79"
"30,21 : 25.0"
"30,22 : 57.43"
"30,23 : 52.61"
"30,24 : 98.76"
"30,25 : 5.39"
"30,26 : 47.93"
"30,27 : 89.55"
"30,28 : 31.38"
"30,29 : 57.27"
"30,30 : 0.0"
"30,31 : 48.83"
"30,32 : 85.23"
"30,33 : 29.27"
"30,34 : 36.01"
"30,35 : 67.54"
"30,36 : 108.41"
"30,37 : 77.78"
"30,38 : 57.31"
"30,39 : 83.19"
"30,40 : 12.04"
"30,41 : 83.1"
"30,42 : 81.25"
"30,43 : 67.12"
"30,44 : 73.16"
"30,45 : 64.38"
"30,46 : 30.53"
"30,47 : 68.07"
"30,48 : 34.23"
"30,49 : 29.0"
"31,0 : 52.15"
"31,1 : 42.52"
"31,2 : 28.28"
"31,3 : 20.02"
"31,4 : 65.12"
"31,5 : 63.13"
"31,6 : 49.01"
"31,7 : 22.2"
"31,8 : 36.06"
"31,9 : 26.42"
"31,10 : 65.92"
"31,11 : 34.37"
"31,12 : 44.91"
"31,13 : 43.17"
"31,14 : 44.1"
"31,15 : 43.83"
"31,16 : 41.04"
"31,17 : 36.62"
"31,18 : 55.01"
"31,19 : 38.6"
"31,20 : 34.23"
"31,21 : 38.48"
"31,22 : 61.4"
"31,23 : 23.32"
"31,24 : 77.78"
"31,25 : 43.6"
"31,26 : 47.17"
"31,27 : 41.23"
"31,28 : 60.01"
"31,29 : 39.6"
"31,30 : 48.83"
"31,31 : 0.0"
"31,32 : 39.2"
"31,33 : 33.84"
"31,34 : 29.27"
"31,35 : 21.02"
"31,36 : 59.93"
"31,37 : 30.89"
"31,38 : 14.04"
"31,39 : 59.4"
"31,40 : 40.31"
"31,41 : 49.24"
"31,42 : 61.07"
"31,43 : 62.94"
"31,44 : 61.72"
"31,45 : 19.42"
"31,46 : 24.08"
"31,47 : 31.38"
"31,48 : 24.74"
"31,49 : 69.63"
"32,0 : 88.96"
"32,1 : 32.76"
"32,2 : 42.44"
"32,3 : 59.08"
"32,4 : 52.24"
"32,5 : 31.38"
"32,6 : 11.18"
"32,7 : 59.48"
"32,8 : 16.76"
"32,9 : 37.48"
"32,10 : 91.22"
"32,11 : 73.01"
"32,12 : 56.6"
"32,13 : 82.2"
"32,14 : 43.66"
"32,15 : 21.21"
"32,16 : 71.87"
"32,17 : 68.96"
"32,18 : 83.1"
"32,19 : 71.2"
"32,20 : 9.43"
"32,21 : 67.42"
"32,22 : 72.45"
"32,23 : 36.12"
"32,24 : 61.13"
"32,25 : 79.85"
"32,26 : 61.85"
"32,27 : 12.04"
"32,28 : 86.31"
"32,29 : 71.17"
"32,30 : 85.23"
"32,31 : 39.2"
"32,32 : 0.0"
"32,33 : 61.61"
"32,34 : 54.2"
"32,35 : 18.25"
"32,36 : 26.63"
"32,37 : 33.24"
"32,38 : 41.23"
"32,39 : 46.1"
"32,40 : 74.69"
"32,41 : 28.28"
"32,42 : 51.0"
"32,43 : 67.05"
"32,44 : 60.02"
"32,45 : 38.08"
"32,46 : 63.29"
"32,47 : 23.32"
"32,48 : 53.0"
"32,49 : 99.81"
"33,0 : 33.24"
"33,1 : 43.19"
"33,2 : 61.85"
"33,3 : 34.21"
"33,4 : 57.28"
"33,5 : 91.24"
"33,6 : 67.54"
"33,7 : 20.25"
"33,8 : 49.24"
"33,9 : 25.63"
"33,10 : 32.2"
"33,11 : 43.57"
"33,12 : 23.32"
"33,13 : 38.01"
"33,14 : 35.36"
"33,15 : 73.88"
"33,16 : 64.29"
"33,17 : 10.2"
"33,18 : 22.02"
"33,19 : 12.04"
"33,20 : 53.0"
"33,21 : 5.83"
"33,22 : 34.13"
"33,23 : 25.94"
"33,24 : 69.89"
"33,25 : 24.74"
"33,26 : 21.21"
"33,27 : 68.59"
"33,28 : 26.42"
"33,29 : 62.36"
"33,30 : 29.27"
"33,31 : 33.84"
"33,32 : 61.61"
"33,33 : 0.0"
"33,34 : 7.62"
"33,35 : 45.97"
"33,36 : 87.11"
"33,37 : 64.47"
"33,38 : 47.07"
"33,39 : 53.94"
"33,40 : 17.26"
"33,41 : 54.59"
"33,42 : 52.2"
"33,43 : 41.04"
"33,44 : 45.28"
"33,45 : 53.16"
"33,46 : 32.7"
"33,47 : 41.23"
"33,48 : 9.43"
"33,49 : 38.29"
"34,0 : 40.01"
"34,1 : 36.01"
"34,2 : 57.56"
"34,3 : 34.0"
"34,4 : 51.62"
"34,5 : 84.15"
"34,6 : 59.94"
"34,7 : 21.26"
"34,8 : 41.63"
"34,9 : 18.03"
"34,10 : 38.28"
"34,11 : 45.34"
"34,12 : 19.85"
"34,13 : 42.49"
"34,14 : 29.12"
"34,15 : 67.2"
"34,16 : 63.69"
"34,17 : 17.03"
"34,18 : 29.0"
"34,19 : 19.1"
"34,20 : 45.49"
"34,21 : 13.42"
"34,22 : 33.84"
"34,23 : 18.36"
"34,24 : 64.47"
"34,25 : 31.14"
"34,26 : 19.7"
"34,27 : 61.55"
"34,28 : 32.8"
"34,29 : 61.85"
"34,30 : 36.01"
"34,31 : 29.27"
"34,32 : 54.2"
"34,33 : 7.62"
"34,34 : 0.0"
"34,35 : 39.05"
"34,36 : 79.93"
"34,37 : 59.14"
"34,38 : 43.1"
"34,39 : 47.8"
"34,40 : 24.0"
"34,41 : 47.27"
"34,42 : 46.62"
"34,43 : 38.6"
"34,44 : 41.23"
"34,45 : 48.66"
"34,46 : 33.6"
"34,47 : 33.62"
"34,48 : 5.39"
"34,49 : 45.61"
"35,0 : 71.18"
"35,1 : 31.02"
"35,2 : 31.91"
"35,3 : 41.0"
"35,4 : 54.13"
"35,5 : 45.34"
"35,6 : 28.07"
"35,7 : 41.44"
"35,8 : 18.38"
"35,9 : 25.3"
"35,10 : 77.2"
"35,11 : 55.15"
"35,12 : 46.57"
"35,13 : 63.95"
"35,14 : 38.12"
"35,15 : 28.3"
"35,16 : 56.94"
"35,17 : 52.2"
"35,18 : 67.94"
"35,19 : 54.41"
"35,20 : 13.93"
"35,21 : 51.62"
"35,22 : 63.56"
"35,23 : 22.85"
"35,24 : 65.51"
"35,25 : 62.17"
"35,26 : 50.92"
"35,27 : 22.67"
"35,28 : 71.84"
"35,29 : 55.95"
"35,30 : 67.54"
"35,31 : 21.02"
"35,32 : 18.25"
"35,33 : 45.97"
"35,34 : 39.05"
"35,35 : 0.0"
"35,36 : 41.4"
"35,37 : 26.68"
"35,38 : 25.55"
"35,39 : 47.85"
"35,40 : 57.45"
"35,41 : 33.3"
"35,42 : 51.26"
"35,43 : 61.03"
"35,44 : 56.44"
"35,45 : 24.76"
"35,46 : 45.1"
"35,47 : 18.03"
"35,48 : 36.8"
"35,49 : 84.17"
"36,0 : 111.89"
"36,1 : 58.31"
"36,2 : 50.04"
"36,3 : 78.11"
"36,4 : 74.67"
"36,5 : 5.1"
"36,6 : 27.46"
"36,7 : 81.88"
"36,8 : 42.94"
"36,9 : 63.89"
"36,10 : 117.52"
"36,11 : 90.47"
"36,12 : 83.22"
"36,13 : 102.53"
"36,14 : 69.78"
"36,15 : 18.03"
"36,16 : 82.1"
"36,17 : 93.6"
"36,18 : 108.93"
"36,19 : 95.8"
"36,20 : 36.06"
"36,21 : 92.85"
"36,22 : 98.88"
"36,23 : 62.29"
"36,24 : 81.01"
"36,25 : 103.08"
"36,26 : 88.48"
"36,27 : 18.87"
"36,28 : 112.45"
"36,29 : 82.02"
"36,30 : 108.41"
"36,31 : 59.93"
"36,32 : 26.63"
"36,33 : 87.11"
"36,34 : 79.93"
"36,35 : 41.4"
"36,36 : 0.0"
"36,37 : 39.01"
"36,38 : 56.29"
"36,39 : 69.05"
"36,40 : 98.74"
"36,41 : 51.2"
"36,42 : 74.53"
"36,43 : 92.85"
"36,44 : 85.07"
"36,45 : 50.49"
"36,46 : 82.87"
"36,47 : 49.93"
"36,48 : 78.1"
"36,49 : 125.4"
"37,0 : 80.66"
"37,1 : 57.57"
"37,2 : 11.05"
"37,3 : 43.6"
"37,4 : 80.41"
"37,5 : 40.2"
"37,6 : 44.05"
"37,7 : 51.86"
"37,8 : 43.38"
"37,9 : 50.04"
"37,10 : 96.66"
"37,11 : 53.71"
"37,12 : 71.25"
"37,13 : 67.96"
"37,14 : 64.63"
"37,15 : 21.1"
"37,16 : 43.1"
"37,17 : 67.42"
"37,18 : 85.88"
"37,19 : 69.34"
"37,20 : 36.36"
"37,21 : 69.32"
"37,22 : 88.36"
"37,23 : 47.1"
"37,24 : 91.24"
"37,25 : 72.86"
"37,26 : 74.81"
"37,27 : 25.5"
"37,28 : 90.8"
"37,29 : 43.01"
"37,30 : 77.78"
"37,31 : 30.89"
"37,32 : 33.24"
"37,33 : 64.47"
"37,34 : 59.14"
"37,35 : 26.68"
"37,36 : 39.01"
"37,37 : 0.0"
"37,38 : 20.62"
"37,39 : 74.09"
"37,40 : 70.6"
"37,41 : 58.18"
"37,42 : 77.79"
"37,43 : 87.09"
"37,44 : 83.02"
"37,45 : 13.6"
"37,46 : 48.6"
"37,47 : 44.64"
"37,48 : 55.15"
"37,49 : 100.4"
"38,0 : 60.11"
"38,1 : 53.41"
"38,2 : 14.87"
"38,3 : 23.02"
"38,4 : 76.61"
"38,5 : 58.52"
"38,6 : 52.2"
"38,7 : 31.91"
"38,8 : 43.6"
"38,9 : 39.56"
"38,10 : 78.75"
"38,11 : 34.21"
"38,12 : 58.86"
"38,13 : 47.51"
"38,14 : 56.8"
"38,15 : 38.6"
"38,16 : 31.38"
"38,17 : 48.33"
"38,18 : 67.42"
"38,19 : 50.09"
"38,20 : 39.36"
"38,21 : 51.24"
"38,22 : 75.43"
"38,23 : 36.4"
"38,24 : 88.87"
"38,25 : 52.5"
"38,26 : 61.2"
"38,27 : 39.05"
"38,28 : 72.73"
"38,29 : 30.41"
"38,30 : 57.31"
"38,31 : 14.04"
"38,32 : 41.23"
"38,33 : 47.07"
"38,34 : 43.1"
"38,35 : 25.55"
"38,36 : 56.29"
"38,37 : 20.62"
"38,38 : 0.0"
"38,39 : 70.6"
"38,40 : 50.77"
"38,41 : 58.14"
"38,42 : 72.95"
"38,43 : 76.66"
"38,44 : 74.85"
"38,45 : 7.07"
"38,46 : 28.02"
"38,47 : 41.04"
"38,48 : 38.33"
"38,49 : 81.01"
"39,0 : 87.13"
"39,1 : 17.2"
"39,2 : 79.65"
"39,3 : 75.45"
"39,4 : 6.32"
"39,5 : 74.15"
"39,6 : 41.59"
"39,7 : 66.64"
"39,8 : 31.05"
"39,9 : 34.67"
"39,10 : 69.64"
"39,11 : 89.36"
"39,12 : 33.06"
"39,13 : 89.89"
"39,14 : 18.68"
"39,15 : 67.27"
"39,16 : 100.42"
"39,17 : 64.13"
"39,18 : 67.36"
"39,19 : 65.92"
"39,20 : 38.83"
"39,21 : 58.42"
"39,22 : 39.82"
"39,23 : 37.2"
"39,24 : 18.38"
"39,25 : 78.64"
"39,26 : 38.33"
"39,27 : 58.14"
"39,28 : 67.27"
"39,29 : 98.99"
"39,30 : 83.19"
"39,31 : 59.4"
"39,32 : 46.1"
"39,33 : 53.94"
"39,34 : 47.8"
"39,35 : 47.85"
"39,36 : 69.05"
"39,37 : 74.09"
"39,38 : 70.6"
"39,39 : 0.0"
"39,40 : 71.2"
"39,41 : 18.03"
"39,42 : 5.83"
"39,43 : 29.21"
"39,44 : 19.1"
"39,45 : 71.87"
"39,46 : 77.18"
"39,47 : 30.02"
"39,48 : 51.26"
"39,49 : 83.36"
"40,0 : 16.03"
"40,1 : 60.01"
"40,2 : 65.37"
"40,3 : 31.05"
"40,4 : 74.46"
"40,5 : 102.42"
"40,6 : 81.93"
"40,7 : 18.87"
"40,8 : 64.29"
"40,9 : 41.44"
"40,10 : 32.14"
"40,11 : 34.53"
"40,12 : 39.92"
"40,13 : 23.6"
"40,14 : 52.61"
"40,15 : 83.74"
"40,16 : 59.0"
"40,17 : 7.07"
"40,18 : 20.22"
"40,19 : 5.39"
"40,20 : 66.85"
"40,21 : 13.42"
"40,22 : 47.42"
"40,23 : 41.0"
"40,24 : 86.98"
"40,25 : 7.62"
"40,26 : 36.72"
"40,27 : 79.88"
"40,28 : 26.31"
"40,29 : 57.0"
"40,30 : 12.04"
"40,31 : 40.31"
"40,32 : 74.69"
"40,33 : 17.26"
"40,34 : 24.0"
"40,35 : 57.45"
"40,36 : 98.74"
"40,37 : 70.6"
"40,38 : 50.77"
"40,39 : 71.2"
"40,40 : 0.0"
"40,41 : 71.18"
"40,42 : 69.38"
"40,43 : 56.3"
"40,44 : 61.74"
"40,45 : 57.69"
"40,46 : 27.29"
"40,47 : 56.52"
"40,48 : 22.56"
"40,49 : 30.46"
"41,0 : 87.09"
"41,1 : 11.7"
"41,2 : 65.0"
"41,3 : 67.78"
"41,4 : 24.02"
"41,5 : 56.29"
"41,6 : 23.77"
"41,7 : 61.98"
"41,8 : 15.0"
"41,9 : 30.02"
"41,10 : 77.41"
"41,11 : 82.28"
"41,12 : 39.45"
"41,13 : 86.15"
"41,14 : 23.02"
"41,15 : 49.5"
"41,16 : 89.2"
"41,17 : 64.28"
"41,18 : 72.45"
"41,19 : 66.37"
"41,20 : 21.93"
"41,21 : 60.02"
"41,22 : 51.62"
"41,23 : 31.26"
"41,24 : 33.24"
"41,25 : 78.03"
"41,26 : 45.28"
"41,27 : 40.31"
"41,28 : 73.82"
"41,29 : 88.01"
"41,30 : 83.1"
"41,31 : 49.24"
"41,32 : 28.28"
"41,33 : 54.59"
"41,34 : 47.27"
"41,35 : 33.3"
"41,36 : 51.2"
"41,37 : 58.18"
"41,38 : 58.14"
"41,39 : 18.03"
"41,40 : 71.18"
"41,41 : 0.0"
"41,42 : 23.35"
"41,43 : 43.27"
"41,44 : 34.44"
"41,45 : 58.05"
"41,46 : 70.52"
"41,47 : 17.89"
"41,48 : 49.0"
"41,49 : 89.32"
"42,0 : 85.15"
"42,1 : 20.25"
"42,2 : 82.76"
"42,3 : 76.06"
"42,4 : 5.1"
"42,5 : 79.62"
"42,6 : 47.07"
"42,7 : 66.37"
"42,8 : 35.36"
"42,9 : 35.38"
"42,10 : 65.51"
"42,11 : 89.63"
"42,12 : 30.15"
"42,13 : 89.05"
"42,14 : 18.03"
"42,15 : 72.06"
"42,16 : 102.07"
"42,17 : 62.36"
"42,18 : 64.03"
"42,19 : 64.03"
"42,20 : 43.29"
"42,21 : 56.29"
"42,22 : 34.93"
"42,23 : 38.18"
"42,24 : 17.89"
"42,25 : 76.92"
"42,26 : 35.0"
"42,27 : 63.01"
"42,28 : 63.51"
"42,29 : 100.57"
"42,30 : 81.25"
"42,31 : 61.07"
"42,32 : 51.0"
"42,33 : 52.2"
"42,34 : 46.62"
"42,35 : 51.26"
"42,36 : 74.53"
"42,37 : 77.79"
"42,38 : 72.95"
"42,39 : 5.83"
"42,40 : 69.38"
"42,41 : 23.35"
"42,42 : 0.0"
"42,43 : 23.85"
"42,44 : 13.6"
"42,45 : 74.71"
"42,46 : 77.42"
"42,47 : 33.24"
"42,48 : 50.54"
"42,49 : 79.63"
"43,0 : 70.66"
"43,1 : 34.54"
"43,2 : 89.27"
"43,3 : 72.4"
"43,4 : 27.73"
"43,5 : 97.86"
"43,6 : 66.19"
"43,7 : 59.82"
"43,8 : 50.29"
"43,9 : 37.48"
"43,10 : 44.01"
"43,11 : 83.87"
"43,12 : 18.87"
"43,13 : 78.87"
"43,14 : 23.54"
"43,15 : 86.68"
"43,16 : 101.53"
"43,17 : 50.0"
"43,18 : 45.35"
"43,19 : 51.04"
"43,20 : 57.97"
"43,21 : 43.01"
"43,22 : 12.04"
"43,23 : 40.61"
"43,24 : 36.35"
"43,25 : 63.81"
"43,26 : 19.85"
"43,27 : 78.34"
"43,28 : 43.29"
"43,29 : 99.76"
"43,30 : 67.12"
"43,31 : 62.94"
"43,32 : 67.05"
"43,33 : 41.04"
"43,34 : 38.6"
"43,35 : 61.03"
"43,36 : 92.85"
"43,37 : 87.09"
"43,38 : 76.66"
"43,39 : 29.21"
"43,40 : 56.3"
"43,41 : 43.27"
"43,42 : 23.85"
"43,43 : 0.0"
"43,44 : 10.3"
"43,45 : 80.41"
"43,46 : 72.2"
"43,47 : 44.72"
"43,48 : 43.83"
"43,49 : 59.08"
"44,0 : 76.9"
"44,1 : 27.29"
"44,2 : 86.4"
"44,3 : 73.76"
"44,4 : 17.46"
"44,5 : 90.14"
"44,6 : 57.94"
"44,7 : 62.29"
"44,8 : 43.42"
"44,9 : 35.34"
"44,10 : 53.34"
"44,11 : 86.28"
"44,12 : 21.95"
"44,13 : 83.22"
"44,14 : 18.44"
"44,15 : 80.4"
"44,16 : 101.79"
"44,17 : 55.01"
"44,18 : 53.34"
"44,19 : 56.36"
"44,20 : 51.35"
"44,21 : 48.33"
"44,22 : 21.84"
"44,23 : 38.48"
"44,24 : 27.0"
"44,25 : 69.35"
"44,26 : 25.3"
"44,27 : 71.7"
"44,28 : 52.0"
"44,29 : 100.12"
"44,30 : 73.16"
"44,31 : 61.72"
"44,32 : 60.02"
"44,33 : 45.28"
"44,34 : 41.23"
"44,35 : 56.44"
"44,36 : 85.07"
"44,37 : 83.02"
"44,38 : 74.85"
"44,39 : 19.1"
"44,40 : 61.74"
"44,41 : 34.44"
"44,42 : 13.6"
"44,43 : 10.3"
"44,44 : 0.0"
"44,45 : 77.79"
"44,46 : 74.25"
"44,47 : 39.01"
"44,48 : 46.01"
"44,49 : 68.03"
"45,0 : 67.18"
"45,1 : 54.71"
"45,2 : 9.0"
"45,3 : 30.0"
"45,4 : 78.03"
"45,5 : 52.39"
"45,6 : 49.24"
"45,7 : 38.83"
"45,8 : 43.14"
"45,9 : 42.95"
"45,10 : 85.09"
"45,11 : 40.5"
"45,12 : 63.2"
"45,13 : 54.38"
"45,14 : 59.46"
"45,15 : 32.56"
"45,16 : 33.84"
"45,17 : 55.01"
"45,18 : 73.93"
"45,19 : 56.82"
"45,20 : 37.8"
"45,21 : 57.58"
"45,22 : 80.06"
"45,23 : 39.81"
"45,24 : 89.87"
"45,25 : 59.55"
"45,26 : 66.0"
"45,27 : 34.13"
"45,28 : 79.12"
"45,29 : 33.24"
"45,30 : 64.38"
"45,31 : 19.42"
"45,32 : 38.08"
"45,33 : 53.16"
"45,34 : 48.66"
"45,35 : 24.76"
"45,36 : 50.49"
"45,37 : 13.6"
"45,38 : 7.07"
"45,39 : 71.87"
"45,40 : 57.69"
"45,41 : 58.05"
"45,42 : 74.71"
"45,43 : 80.41"
"45,44 : 77.79"
"45,45 : 0.0"
"45,46 : 35.0"
"45,47 : 41.88"
"45,48 : 44.15"
"45,49 : 87.82"
"46,0 : 32.8"
"46,1 : 61.74"
"46,2 : 41.04"
"46,3 : 5.0"
"46,4 : 82.1"
"46,5 : 85.62"
"46,6 : 73.01"
"46,7 : 12.53"
"46,8 : 58.86"
"46,9 : 42.54"
"46,10 : 59.01"
"46,11 : 12.21"
"46,12 : 53.41"
"46,13 : 19.7"
"46,14 : 59.41"
"46,15 : 65.8"
"46,16 : 32.25"
"46,17 : 28.16"
"46,18 : 47.01"
"46,19 : 29.02"
"46,20 : 58.03"
"46,21 : 33.96"
"46,22 : 66.65"
"46,23 : 40.25"
"46,24 : 95.13"
"46,25 : 26.4"
"46,26 : 53.0"
"46,27 : 64.56"
"46,28 : 53.0"
"46,29 : 30.27"
"46,30 : 30.53"
"46,31 : 24.08"
"46,32 : 63.29"
"46,33 : 32.7"
"46,34 : 33.6"
"46,35 : 45.1"
"46,36 : 82.87"
"46,37 : 48.6"
"46,38 : 28.02"
"46,39 : 77.18"
"46,40 : 27.29"
"46,41 : 70.52"
"46,42 : 77.42"
"46,43 : 72.2"
"46,44 : 74.25"
"46,45 : 35.0"
"46,46 : 0.0"
"46,47 : 52.89"
"46,48 : 28.43"
"46,49 : 57.28"
"47,0 : 72.01"
"47,1 : 13.0"
"47,2 : 49.65"
"47,3 : 49.98"
"47,4 : 36.24"
"47,5 : 54.71"
"47,6 : 26.63"
"47,7 : 45.1"
"47,8 : 8.06"
"47,9 : 15.65"
"47,10 : 68.77"
"47,11 : 64.51"
"47,12 : 33.29"
"47,13 : 69.26"
"47,14 : 21.21"
"47,15 : 41.98"
"47,16 : 71.7"
"47,17 : 50.0"
"47,18 : 61.59"
"47,19 : 52.2"
"47,20 : 13.89"
"47,21 : 47.01"
"47,22 : 49.24"
"47,23 : 15.52"
"47,24 : 48.01"
"47,25 : 62.8"
"47,26 : 38.6"
"47,27 : 33.84"
"47,28 : 64.2"
"47,29 : 70.43"
"47,30 : 68.07"
"47,31 : 31.38"
"47,32 : 23.32"
"47,33 : 41.23"
"47,34 : 33.62"
"47,35 : 18.03"
"47,36 : 49.93"
"47,37 : 44.64"
"47,38 : 41.04"
"47,39 : 30.02"
"47,40 : 56.52"
"47,41 : 17.89"
"47,42 : 33.24"
"47,43 : 44.72"
"47,44 : 39.01"
"47,45 : 41.88"
"47,46 : 52.89"
"47,47 : 0.0"
"47,48 : 33.96"
"47,49 : 78.55"
"48,0 : 38.21"
"48,1 : 38.21"
"48,2 : 52.95"
"48,3 : 28.65"
"48,4 : 55.46"
"48,5 : 82.13"
"48,6 : 59.62"
"48,7 : 16.28"
"48,8 : 41.76"
"48,9 : 19.03"
"48,10 : 41.59"
"48,11 : 40.31"
"48,12 : 25.0"
"48,13 : 38.63"
"48,14 : 32.7"
"48,15 : 64.54"
"48,16 : 58.31"
"48,17 : 16.16"
"48,18 : 31.4"
"48,19 : 18.38"
"48,20 : 44.72"
"48,21 : 14.87"
"48,22 : 39.22"
"48,23 : 18.44"
"48,24 : 68.43"
"48,25 : 29.07"
"48,26 : 25.08"
"48,27 : 59.46"
"48,28 : 35.85"
"48,29 : 56.46"
"48,30 : 34.23"
"48,31 : 24.74"
"48,32 : 53.0"
"48,33 : 9.43"
"48,34 : 5.39"
"48,35 : 36.8"
"48,36 : 78.1"
"48,37 : 55.15"
"48,38 : 38.33"
"48,39 : 51.26"
"48,40 : 22.56"
"48,41 : 49.0"
"48,42 : 50.54"
"48,43 : 43.83"
"48,44 : 46.01"
"48,45 : 44.15"
"48,46 : 28.43"
"48,47 : 33.96"
"48,48 : 0.0"
"48,49 : 47.38"
"49,0 : 29.27"
"49,1 : 77.62"
"49,2 : 95.71"
"49,3 : 61.35"
"49,4 : 84.48"
"49,5 : 129.5"
"49,6 : 105.15"
"49,7 : 49.19"
"49,8 : 86.61"
"49,9 : 62.97"
"49,10 : 15.52"
"49,11 : 62.29"
"49,12 : 50.7"
"49,13 : 47.04"
"49,14 : 67.05"
"49,15 : 111.8"
"49,16 : 87.82"
"49,17 : 33.02"
"49,18 : 17.0"
"49,19 : 31.06"
"49,20 : 91.02"
"49,21 : 32.56"
"49,22 : 47.17"
"49,23 : 63.82"
"49,24 : 95.02"
"49,25 : 31.4"
"49,26 : 45.12"
"49,27 : 106.83"
"49,28 : 16.12"
"49,29 : 85.84"
"49,30 : 29.0"
"49,31 : 69.63"
"49,32 : 99.81"
"49,33 : 38.29"
"49,34 : 45.61"
"49,35 : 84.17"
"49,36 : 125.4"
"49,37 : 100.4"
"49,38 : 81.01"
"49,39 : 83.36"
"49,40 : 30.46"
"49,41 : 89.32"
"49,42 : 79.63"
"49,43 : 59.08"
"49,44 : 68.03"
"49,45 : 87.82"
"49,46 : 57.28"
"49,47 : 78.55"
"49,48 : 47.38"
"49,49 : 0.0"
