x,y
67,34
64,80
45,57
10,64
37,52
62,93
49,22
64,87
30,15
9,60
49,35
2,98
84,88
61,61
93,99
53,31
32,54
99,10
10,79
66,27
90,21
91,20
18,49
47,85
15,70
80,45
94,62
58,71
11,97
15,52
42,30
52,13
15,62
75,9
92,92
94,50
93,15
40,74
73,25
97,53
21,1
8,59
79,90
31,48
36,1
47,67
4,48
81,45
83,23
96,39

Distanze
"0,0 : 0.0"
"0,1 : 97.06"
"0,2 : 47.68"
"0,3 : 86.83"
"0,4 : 85.62"
"0,5 : 100.46"
"0,6 : 33.54"
"0,7 : 80.05"
"0,8 : 3.61"
"0,9 : 39.62"
"0,10 : 55.36"
"0,11 : 34.54"
"0,12 : 43.93"
"0,13 : 85.23"
"0,14 : 11.18"
"0,15 : 81.41"
"0,16 : 56.8"
"0,17 : 68.88"
"0,18 : 99.16"
"0,19 : 90.14"
"0,20 : 38.0"
"0,21 : 64.2"
"0,22 : 65.03"
"0,23 : 100.69"
"0,24 : 32.02"
"0,25 : 30.07"
"0,26 : 85.01"
"0,27 : 66.27"
"0,28 : 6.32"
"0,29 : 56.04"
"0,30 : 59.03"
"0,31 : 74.79"
"0,32 : 66.94"
"0,33 : 78.92"
"0,34 : 72.03"
"0,35 : 104.24"
"0,36 : 18.11"
"0,37 : 35.36"
"0,38 : 87.93"
"0,39 : 69.35"
"0,40 : 19.42"
"0,41 : 81.49"
"0,42 : 38.83"
"0,43 : 25.02"
"0,44 : 77.83"
"0,45 : 48.09"
"0,46 : 92.11"
"0,47 : 45.65"
"0,48 : 86.35"
"0,49 : 45.18"
"1,0 : 97.06"
"1,1 : 0.0"
"1,2 : 78.03"
"1,3 : 53.82"
"1,4 : 62.97"
"1,5 : 67.88"
"1,6 : 92.78"
"1,7 : 28.16"
"1,8 : 93.91"
"1,9 : 93.19"
"1,10 : 42.8"
"1,11 : 74.15"
"1,12 : 58.25"
"1,13 : 63.81"
"1,14 : 86.45"
"1,15 : 15.65"
"1,16 : 61.29"
"1,17 : 56.32"
"1,18 : 67.9"
"1,19 : 92.66"
"1,20 : 86.28"
"1,21 : 92.96"
"1,22 : 51.48"
"1,23 : 12.37"
"1,24 : 85.99"
"1,25 : 73.11"
"1,26 : 44.01"
"1,27 : 43.83"
"1,28 : 92.61"
"1,29 : 88.68"
"1,30 : 54.2"
"1,31 : 22.47"
"1,32 : 35.81"
"1,33 : 19.85"
"1,34 : 45.22"
"1,35 : 38.47"
"1,36 : 92.05"
"1,37 : 64.2"
"1,38 : 19.1"
"1,39 : 28.02"
"1,40 : 80.41"
"1,41 : 74.24"
"1,42 : 58.69"
"1,43 : 76.4"
"1,44 : 35.11"
"1,45 : 89.05"
"1,46 : 49.58"
"1,47 : 64.2"
"1,48 : 76.66"
"1,49 : 82.0"
"2,0 : 47.68"
"2,1 : 78.03"
"2,2 : 0.0"
"2,3 : 44.69"
"2,4 : 40.61"
"2,5 : 54.92"
"2,6 : 19.8"
"2,7 : 75.77"
"2,8 : 44.41"
"2,9 : 17.0"
"2,10 : 52.15"
"2,11 : 15.81"
"2,12 : 25.24"
"2,13 : 40.0"
"2,14 : 45.1"
"2,15 : 64.63"
"2,16 : 17.46"
"2,17 : 27.78"
"2,18 : 53.54"
"2,19 : 43.1"
"2,20 : 12.04"
"2,21 : 21.4"
"2,22 : 75.17"
"2,23 : 75.66"
"2,24 : 16.55"
"2,25 : 53.71"
"2,26 : 89.69"
"2,27 : 71.03"
"2,28 : 41.44"
"2,29 : 13.45"
"2,30 : 70.72"
"2,31 : 57.87"
"2,32 : 64.88"
"2,33 : 67.19"
"2,34 : 78.24"
"2,35 : 68.0"
"2,36 : 30.68"
"2,37 : 27.8"
"2,38 : 78.85"
"2,39 : 57.87"
"2,40 : 31.14"
"2,41 : 34.18"
"2,42 : 34.66"
"2,43 : 50.92"
"2,44 : 46.1"
"2,45 : 11.05"
"2,46 : 51.4"
"2,47 : 15.65"
"2,48 : 38.9"
"2,49 : 4.47"
"3,0 : 86.83"
"3,1 : 53.82"
"3,2 : 44.69"
"3,3 : 0.0"
"3,4 : 9.49"
"3,5 : 17.46"
"3,6 : 64.44"
"3,7 : 68.26"
"3,8 : 83.24"
"3,9 : 61.4"
"3,10 : 57.87"
"3,11 : 52.7"
"3,12 : 44.92"
"3,13 : 10.44"
"3,14 : 80.23"
"3,15 : 48.41"
"3,16 : 30.23"
"3,17 : 18.03"
"3,18 : 16.76"
"3,19 : 39.56"
"3,20 : 56.64"
"3,21 : 48.51"
"3,22 : 81.32"
"3,23 : 45.19"
"3,24 : 60.14"
"3,25 : 78.92"
"3,26 : 86.45"
"3,27 : 74.0"
"3,28 : 80.62"
"3,29 : 48.33"
"3,30 : 79.83"
"3,31 : 45.28"
"3,32 : 64.26"
"3,33 : 55.47"
"3,34 : 79.85"
"3,35 : 26.17"
"3,36 : 72.8"
"3,37 : 53.76"
"3,38 : 65.3"
"3,39 : 51.48"
"3,40 : 67.54"
"3,41 : 22.2"
"3,42 : 54.92"
"3,43 : 78.85"
"3,44 : 21.95"
"3,45 : 53.0"
"3,46 : 7.28"
"3,47 : 41.18"
"3,48 : 23.41"
"3,49 : 49.04"
"4,0 : 85.62"
"4,1 : 62.97"
"4,2 : 40.61"
"4,3 : 9.49"
"4,4 : 0.0"
"4,5 : 14.87"
"4,6 : 60.31"
"4,7 : 75.8"
"4,8 : 82.08"
"4,9 : 56.57"
"4,10 : 62.94"
"4,11 : 51.08"
"4,12 : 46.17"
"4,13 : 1.0"
"4,14 : 80.08"
"4,15 : 56.59"
"4,16 : 29.12"
"4,17 : 18.03"
"4,18 : 13.6"
"4,19 : 30.08"
"4,20 : 52.63"
"4,21 : 40.85"
"4,22 : 87.09"
"4,23 : 54.63"
"4,24 : 56.86"
"4,25 : 81.06"
"4,26 : 93.74"
"4,27 : 80.11"
"4,28 : 79.31"
"4,29 : 41.88"
"4,30 : 85.07"
"4,31 : 52.8"
"4,32 : 70.66"
"4,33 : 63.25"
"4,34 : 86.31"
"4,35 : 35.0"
"4,36 : 70.33"
"4,37 : 54.59"
"4,38 : 73.55"
"4,39 : 58.31"
"4,40 : 66.73"
"4,41 : 13.0"
"4,42 : 57.01"
"4,43 : 80.4"
"4,44 : 29.73"
"4,45 : 47.51"
"4,46 : 16.03"
"4,47 : 40.52"
"4,48 : 13.93"
"4,49 : 44.69"
"5,0 : 100.46"
"5,1 : 67.88"
"5,2 : 54.92"
"5,3 : 17.46"
"5,4 : 14.87"
"5,5 : 0.0"
"5,6 : 74.4"
"5,7 : 85.0"
"5,8 : 96.93"
"5,9 : 70.29"
"5,10 : 75.31"
"5,11 : 65.92"
"5,12 : 60.67"
"5,13 : 15.23"
"5,14 : 94.92"
"5,15 : 64.66"
"5,16 : 43.97"
"5,17 : 32.56"
"5,18 : 1.41"
"5,19 : 33.14"
"5,20 : 66.85"
"5,21 : 51.87"
"5,22 : 98.76"
"5,23 : 57.63"
"5,24 : 71.34"
"5,25 : 95.34"
"5,26 : 103.31"
"5,27 : 91.39"
"5,28 : 94.15"
"5,29 : 54.49"
"5,30 : 97.29"
"5,31 : 62.17"
"5,32 : 81.6"
"5,33 : 72.07"
"5,34 : 97.14"
"5,35 : 33.11"
"5,36 : 85.0"
"5,37 : 69.23"
"5,38 : 81.27"
"5,39 : 68.71"
"5,40 : 81.6"
"5,41 : 22.8"
"5,42 : 71.25"
"5,43 : 94.89"
"5,44 : 39.0"
"5,45 : 60.88"
"5,46 : 18.6"
"5,47 : 55.36"
"5,48 : 20.12"
"5,49 : 58.82"
"6,0 : 33.54"
"6,1 : 92.78"
"6,2 : 19.8"
"6,3 : 64.44"
"6,4 : 60.31"
"6,5 : 74.4"
"6,6 : 0.0"
"6,7 : 85.33"
"6,8 : 31.05"
"6,9 : 6.08"
"6,10 : 59.67"
"6,11 : 19.03"
"6,12 : 35.0"
"6,13 : 59.67"
"6,14 : 35.36"
"6,15 : 78.16"
"6,16 : 35.85"
"6,17 : 47.2"
"6,18 : 73.01"
"6,19 : 58.05"
"6,20 : 7.81"
"6,21 : 31.02"
"6,22 : 79.16"
"6,23 : 92.18"
"6,24 : 7.07"
"6,25 : 50.21"
"6,26 : 96.46"
"6,27 : 76.9"
"6,28 : 28.16"
"6,29 : 23.35"
"6,30 : 73.82"
"6,31 : 71.11"
"6,32 : 73.01"
"6,33 : 79.06"
"6,34 : 83.93"
"6,35 : 87.13"
"6,36 : 15.52"
"6,37 : 32.02"
"6,38 : 90.27"
"6,39 : 69.12"
"6,40 : 24.04"
"6,41 : 52.84"
"6,42 : 39.56"
"6,43 : 46.01"
"6,44 : 63.69"
"6,45 : 15.3"
"6,46 : 71.06"
"6,47 : 28.86"
"6,48 : 57.25"
"6,49 : 15.62"
"7,0 : 80.05"
"7,1 : 28.16"
"7,2 : 75.77"
"7,3 : 68.26"
"7,4 : 75.8"
"7,5 : 85.0"
"7,6 : 85.33"
"7,7 : 0.0"
"7,8 : 77.47"
"7,9 : 87.56"
"7,10 : 26.02"
"7,11 : 66.49"
"7,12 : 51.24"
"7,13 : 76.4"
"7,14 : 68.88"
"7,15 : 20.88"
"7,16 : 62.43"
"7,17 : 62.97"
"7,18 : 84.6"
"7,19 : 102.53"
"7,20 : 80.52"
"7,21 : 94.89"
"7,22 : 23.85"
"7,23 : 39.32"
"7,24 : 78.26"
"7,25 : 52.0"
"7,26 : 18.38"
"7,27 : 16.97"
"7,28 : 76.94"
"7,29 : 88.57"
"7,30 : 27.59"
"7,31 : 23.02"
"7,32 : 13.15"
"7,33 : 13.0"
"7,34 : 17.09"
"7,35 : 61.81"
"7,36 : 80.0"
"7,37 : 53.46"
"7,38 : 10.0"
"7,39 : 18.6"
"7,40 : 67.03"
"7,41 : 84.17"
"7,42 : 46.17"
"7,43 : 56.3"
"7,44 : 46.32"
"7,45 : 86.38"
"7,46 : 66.64"
"7,47 : 60.17"
"7,48 : 87.86"
"7,49 : 78.77"
"8,0 : 3.61"
"8,1 : 93.91"
"8,2 : 44.41"
"8,3 : 83.24"
"8,4 : 82.08"
"8,5 : 96.93"
"8,6 : 31.05"
"8,7 : 77.47"
"8,8 : 0.0"
"8,9 : 37.11"
"8,10 : 52.5"
"8,11 : 31.02"
"8,12 : 40.36"
"8,13 : 81.71"
"8,14 : 9.06"
"8,15 : 78.26"
"8,16 : 53.23"
"8,17 : 65.3"
"8,18 : 95.63"
"8,19 : 87.05"
"8,20 : 35.06"
"8,21 : 61.4"
"8,22 : 63.2"
"8,23 : 97.35"
"8,24 : 29.02"
"8,25 : 28.44"
"8,26 : 83.02"
"8,27 : 64.07"
"8,28 : 3.0"
"8,29 : 53.15"
"8,30 : 57.22"
"8,31 : 71.59"
"8,32 : 64.33"
"8,33 : 75.96"
"8,34 : 70.01"
"8,35 : 100.66"
"8,36 : 15.52"
"8,37 : 31.83"
"8,38 : 85.16"
"8,39 : 66.31"
"8,40 : 15.81"
"8,41 : 78.1"
"8,42 : 35.51"
"8,43 : 23.35"
"8,44 : 74.28"
"8,45 : 45.28"
"8,46 : 88.51"
"8,47 : 42.06"
"8,48 : 82.98"
"8,49 : 42.05"
"9,0 : 39.62"
"9,1 : 93.19"
"9,2 : 17.0"
"9,3 : 61.4"
"9,4 : 56.57"
"9,5 : 70.29"
"9,6 : 6.08"
"9,7 : 87.56"
"9,8 : 37.11"
"9,9 : 0.0"
"9,10 : 62.3"
"9,11 : 21.19"
"9,12 : 36.5"
"9,13 : 55.87"
"9,14 : 41.15"
"9,15 : 79.01"
"9,16 : 34.18"
"9,17 : 44.78"
"9,18 : 68.88"
"9,19 : 52.39"
"9,20 : 7.07"
"9,21 : 25.08"
"9,22 : 82.86"
"9,23 : 91.78"
"9,24 : 10.63"
"9,25 : 55.23"
"9,26 : 99.54"
"9,27 : 80.11"
"9,28 : 34.21"
"9,29 : 17.72"
"9,30 : 77.7"
"9,31 : 72.03"
"9,32 : 75.58"
"9,33 : 80.5"
"9,34 : 87.24"
"9,35 : 85.0"
"9,36 : 21.59"
"9,37 : 34.93"
"9,38 : 91.92"
"9,39 : 70.71"
"9,40 : 29.21"
"9,41 : 48.26"
"9,42 : 42.54"
"9,43 : 51.22"
"9,44 : 62.64"
"9,45 : 9.85"
"9,46 : 68.24"
"9,47 : 29.02"
"9,48 : 52.48"
"9,49 : 12.53"
"10,0 : 55.36"
"10,1 : 42.8"
"10,2 : 52.15"
"10,3 : 57.87"
"10,4 : 62.94"
"10,5 : 75.31"
"10,6 : 59.67"
"10,7 : 26.02"
"10,8 : 52.5"
"10,9 : 62.3"
"10,10 : 0.0"
"10,11 : 41.11"
"10,12 : 26.93"
"10,13 : 63.25"
"10,14 : 44.38"
"10,15 : 27.59"
"10,16 : 41.87"
"10,17 : 46.52"
"10,18 : 74.53"
"10,19 : 85.15"
"10,20 : 55.36"
"10,21 : 72.62"
"10,22 : 24.7"
"10,23 : 49.04"
"10,24 : 52.63"
"10,25 : 30.41"
"10,26 : 37.59"
"10,27 : 19.1"
"10,28 : 51.66"
"10,29 : 65.46"
"10,30 : 22.14"
"10,31 : 22.2"
"10,32 : 13.34"
"10,33 : 23.71"
"10,34 : 26.25"
"10,35 : 62.1"
"10,36 : 54.01"
"10,37 : 27.66"
"10,38 : 32.76"
"10,39 : 14.87"
"10,40 : 41.11"
"10,41 : 68.0"
"10,42 : 20.22"
"10,43 : 33.6"
"10,44 : 38.01"
"10,45 : 62.18"
"10,46 : 59.08"
"10,47 : 36.62"
"10,48 : 72.45"
"10,49 : 54.59"
"11,0 : 34.54"
"11,1 : 74.15"
"11,2 : 15.81"
"11,3 : 52.7"
"11,4 : 51.08"
"11,5 : 65.92"
"11,6 : 19.03"
"11,7 : 66.49"
"11,8 : 31.02"
"11,9 : 21.19"
"11,10 : 41.11"
"11,11 : 0.0"
"11,12 : 16.03"
"11,13 : 50.7"
"11,14 : 30.07"
"11,15 : 59.3"
"11,16 : 22.47"
"11,17 : 34.67"
"11,18 : 64.62"
"11,19 : 58.55"
"11,20 : 14.32"
"11,21 : 36.72"
"11,22 : 62.13"
"11,23 : 74.33"
"11,24 : 12.0"
"11,25 : 38.01"
"11,26 : 78.39"
"11,27 : 59.03"
"11,28 : 28.23"
"11,29 : 28.3"
"11,30 : 57.2"
"11,31 : 52.24"
"11,32 : 54.41"
"11,33 : 60.03"
"11,34 : 66.19"
"11,35 : 72.35"
"11,36 : 20.52"
"11,37 : 13.89"
"11,38 : 71.25"
"11,39 : 50.09"
"11,40 : 16.12"
"11,41 : 47.52"
"11,42 : 21.47"
"11,43 : 35.11"
"11,44 : 47.17"
"11,45 : 22.63"
"11,46 : 58.41"
"11,47 : 12.04"
"11,48 : 52.47"
"11,49 : 15.81"
"12,0 : 43.93"
"12,1 : 58.25"
"12,2 : 25.24"
"12,3 : 44.92"
"12,4 : 46.17"
"12,5 : 60.67"
"12,6 : 35.0"
"12,7 : 51.24"
"12,8 : 40.36"
"12,9 : 36.5"
"12,10 : 26.93"
"12,11 : 16.03"
"12,12 : 0.0"
"12,13 : 46.1"
"12,14 : 35.85"
"12,15 : 43.29"
"12,16 : 18.44"
"12,17 : 28.16"
"12,18 : 59.54"
"12,19 : 61.85"
"12,20 : 29.43"
"12,21 : 46.01"
"12,22 : 50.21"
"12,23 : 59.09"
"12,24 : 28.02"
"12,25 : 35.01"
"12,26 : 64.5"
"12,27 : 45.8"
"12,28 : 38.18"
"12,29 : 38.6"
"12,30 : 46.1"
"12,31 : 36.22"
"12,32 : 39.81"
"12,33 : 44.1"
"12,34 : 53.01"
"12,35 : 60.31"
"12,36 : 34.44"
"12,37 : 8.94"
"12,38 : 55.44"
"12,39 : 34.23"
"12,40 : 24.76"
"12,41 : 46.87"
"12,42 : 11.4"
"12,43 : 34.23"
"12,44 : 33.94"
"12,45 : 35.34"
"12,46 : 49.24"
"12,47 : 9.9"
"12,48 : 51.79"
"12,49 : 27.73"
"13,0 : 85.23"
"13,1 : 63.81"
"13,2 : 40.0"
"13,3 : 10.44"
"13,4 : 1.0"
"13,5 : 15.23"
"13,6 : 59.67"
"13,7 : 76.4"
"13,8 : 81.71"
"13,9 : 55.87"
"13,10 : 63.25"
"13,11 : 50.7"
"13,12 : 46.1"
"13,13 : 0.0"
"13,14 : 79.81"
"13,15 : 57.28"
"13,16 : 28.86"
"13,17 : 18.0"
"13,18 : 13.93"
"13,19 : 29.15"
"13,20 : 52.01"
"13,21 : 39.92"
"13,22 : 87.46"
"13,23 : 55.54"
"13,24 : 56.3"
"13,25 : 81.02"
"13,26 : 94.3"
"13,27 : 80.53"
"13,28 : 78.92"
"13,29 : 41.05"
"13,30 : 85.38"
"13,31 : 53.41"
"13,32 : 71.12"
"13,33 : 63.89"
"13,34 : 86.77"
"13,35 : 36.0"
"13,36 : 69.84"
"13,37 : 54.45"
"13,38 : 74.25"
"13,39 : 58.83"
"13,40 : 66.41"
"13,41 : 12.0"
"13,42 : 57.0"
"13,43 : 80.31"
"13,44 : 30.41"
"13,45 : 46.75"
"13,46 : 17.03"
"13,47 : 40.26"
"13,48 : 13.0"
"13,49 : 44.05"
"14,0 : 11.18"
"14,1 : 86.45"
"14,2 : 45.1"
"14,3 : 80.23"
"14,4 : 80.08"
"14,5 : 94.92"
"14,6 : 35.36"
"14,7 : 68.88"
"14,8 : 9.06"
"14,9 : 41.15"
"14,10 : 44.38"
"14,11 : 30.07"
"14,12 : 35.85"
"14,13 : 79.81"
"14,14 : 0.0"
"14,15 : 70.83"
"14,16 : 50.96"
"14,17 : 62.63"
"14,18 : 93.68"
"14,19 : 88.2"
"14,20 : 37.64"
"14,21 : 64.03"
"14,22 : 54.15"
"14,23 : 90.6"
"14,24 : 31.62"
"14,25 : 19.42"
"14,26 : 74.01"
"14,27 : 55.15"
"14,28 : 9.85"
"14,29 : 55.54"
"14,30 : 48.17"
"14,31 : 64.35"
"14,32 : 55.79"
"14,33 : 68.03"
"14,34 : 61.0"
"14,35 : 95.8"
"14,36 : 20.62"
"14,37 : 26.93"
"14,38 : 76.84"
"14,39 : 58.59"
"14,40 : 14.0"
"14,41 : 77.52"
"14,42 : 29.0"
"14,43 : 14.32"
"14,44 : 69.2"
"14,45 : 48.08"
"14,46 : 84.97"
"14,47 : 39.56"
"14,48 : 82.49"
"14,49 : 43.57"
"15,0 : 81.41"
"15,1 : 15.65"
"15,2 : 64.63"
"15,3 : 48.41"
"15,4 : 56.59"
"15,5 : 64.66"
"15,6 : 78.16"
"15,7 : 20.88"
"15,8 : 78.26"
"15,9 : 79.01"
"15,10 : 27.59"
"15,11 : 59.3"
"15,12 : 43.29"
"15,13 : 57.28"
"15,14 : 70.83"
"15,15 : 0.0"
"15,16 : 48.76"
"15,17 : 46.14"
"15,18 : 64.35"
"15,19 : 84.81"
"15,20 : 72.0"
"15,21 : 81.27"
"15,22 : 40.61"
"15,23 : 21.95"
"15,24 : 71.25"
"15,25 : 58.0"
"15,26 : 39.22"
"15,27 : 32.56"
"15,28 : 76.97"
"15,29 : 76.16"
"15,30 : 42.06"
"15,31 : 7.07"
"15,32 : 23.09"
"15,33 : 8.06"
"15,34 : 36.0"
"15,35 : 41.19"
"15,36 : 76.66"
"15,37 : 48.76"
"15,38 : 16.97"
"15,39 : 12.73"
"15,40 : 64.85"
"15,41 : 66.22"
"15,42 : 43.08"
"15,43 : 61.07"
"15,44 : 26.87"
"15,45 : 75.66"
"15,46 : 46.14"
"15,47 : 50.04"
"15,48 : 69.43"
"15,49 : 68.36"
"16,0 : 56.8"
"16,1 : 61.29"
"16,2 : 17.46"
"16,3 : 30.23"
"16,4 : 29.12"
"16,5 : 43.97"
"16,6 : 35.85"
"16,7 : 62.43"
"16,8 : 53.23"
"16,9 : 34.18"
"16,10 : 41.87"
"16,11 : 22.47"
"16,12 : 18.44"
"16,13 : 28.86"
"16,14 : 50.96"
"16,15 : 48.76"
"16,16 : 0.0"
"16,17 : 12.21"
"16,18 : 42.72"
"16,19 : 43.83"
"16,20 : 28.18"
"16,21 : 32.7"
"16,22 : 66.4"
"16,23 : 58.31"
"16,24 : 30.61"
"16,25 : 53.24"
"16,26 : 78.1"
"16,27 : 60.88"
"16,28 : 50.54"
"16,29 : 27.46"
"16,30 : 62.97"
"16,31 : 42.38"
"16,32 : 53.15"
"16,33 : 52.39"
"16,34 : 67.9"
"16,35 : 51.31"
"16,36 : 42.64"
"16,37 : 26.0"
"16,38 : 64.08"
"16,39 : 43.91"
"16,40 : 37.7"
"16,41 : 28.44"
"16,42 : 29.83"
"16,43 : 52.0"
"16,44 : 28.64"
"16,45 : 28.16"
"16,46 : 36.12"
"16,47 : 11.4"
"16,48 : 33.38"
"16,49 : 21.84"
"17,0 : 68.88"
"17,1 : 56.32"
"17,2 : 27.78"
"17,3 : 18.03"
"17,4 : 18.03"
"17,5 : 32.56"
"17,6 : 47.2"
"17,7 : 62.97"
"17,8 : 65.3"
"17,9 : 44.78"
"17,10 : 46.52"
"17,11 : 34.67"
"17,12 : 28.16"
"17,13 : 18.0"
"17,14 : 62.63"
"17,15 : 46.14"
"17,16 : 12.21"
"17,17 : 0.0"
"17,18 : 31.4"
"17,19 : 39.62"
"17,20 : 39.41"
"17,21 : 37.12"
"17,22 : 71.12"
"17,23 : 51.16"
"17,24 : 42.45"
"17,25 : 63.03"
"17,26 : 80.06"
"17,27 : 64.66"
"17,28 : 62.65"
"17,29 : 34.37"
"17,30 : 68.54"
"17,31 : 40.8"
"17,32 : 55.8"
"17,33 : 51.4"
"17,34 : 71.28"
"17,35 : 40.25"
"17,36 : 54.82"
"17,37 : 36.67"
"17,38 : 62.68"
"17,39 : 44.55"
"17,40 : 49.66"
"17,41 : 21.63"
"17,42 : 39.0"
"17,43 : 62.39"
"17,44 : 21.38"
"17,45 : 37.34"
"17,46 : 24.04"
"17,47 : 23.26"
"17,48 : 25.94"
"17,49 : 32.25"
"18,0 : 99.16"
"18,1 : 67.9"
"18,2 : 53.54"
"18,3 : 16.76"
"18,4 : 13.6"
"18,5 : 1.41"
"18,6 : 73.01"
"18,7 : 84.6"
"18,8 : 95.63"
"18,9 : 68.88"
"18,10 : 74.53"
"18,11 : 64.62"
"18,12 : 59.54"
"18,13 : 13.93"
"18,14 : 93.68"
"18,15 : 64.35"
"18,16 : 42.72"
"18,17 : 31.4"
"18,18 : 0.0"
"18,19 : 32.06"
"18,20 : 65.46"
"18,21 : 50.48"
"18,22 : 98.08"
"18,23 : 57.8"
"18,24 : 69.97"
"18,25 : 94.26"
"18,26 : 102.88"
"18,27 : 90.76"
"18,28 : 92.85"
"18,29 : 53.08"
"18,30 : 96.54"
"18,31 : 61.72"
"18,32 : 80.99"
"18,33 : 71.69"
"18,34 : 96.57"
"18,35 : 33.62"
"18,36 : 83.65"
"18,37 : 68.07"
"18,38 : 81.02"
"18,39 : 68.15"
"18,40 : 80.32"
"18,41 : 21.4"
"18,42 : 70.18"
"18,43 : 93.77"
"18,44 : 38.48"
"18,45 : 59.46"
"18,46 : 18.44"
"18,47 : 54.12"
"18,48 : 18.79"
"18,49 : 57.43"
"19,0 : 90.14"
"19,1 : 92.66"
"19,2 : 43.1"
"19,3 : 39.56"
"19,4 : 30.08"
"19,5 : 33.14"
"19,6 : 58.05"
"19,7 : 102.53"
"19,8 : 87.05"
"19,9 : 52.39"
"19,10 : 85.15"
"19,11 : 58.55"
"19,12 : 61.85"
"19,13 : 29.15"
"19,14 : 88.2"
"19,15 : 84.81"
"19,16 : 43.83"
"19,17 : 39.62"
"19,18 : 32.06"
"19,19 : 0.0"
"19,20 : 52.24"
"19,21 : 27.86"
"19,22 : 109.84"
"19,23 : 84.69"
"19,24 : 58.14"
"19,25 : 95.34"
"19,26 : 119.67"
"19,27 : 103.81"
"19,28 : 84.05"
"19,29 : 34.71"
"19,30 : 106.68"
"19,31 : 80.06"
"19,32 : 95.27"
"19,33 : 90.69"
"19,34 : 110.6"
"19,35 : 63.95"
"19,36 : 72.34"
"19,37 : 68.01"
"19,38 : 101.67"
"19,39 : 84.17"
"19,40 : 74.24"
"19,41 : 18.6"
"19,42 : 73.16"
"19,43 : 93.17"
"19,44 : 58.25"
"19,45 : 42.76"
"19,46 : 45.61"
"19,47 : 52.81"
"19,48 : 16.16"
"19,49 : 45.01"
"20,0 : 38.0"
"20,1 : 86.28"
"20,2 : 12.04"
"20,3 : 56.64"
"20,4 : 52.63"
"20,5 : 66.85"
"20,6 : 7.81"
"20,7 : 80.52"
"20,8 : 35.06"
"20,9 : 7.07"
"20,10 : 55.36"
"20,11 : 14.32"
"20,12 : 29.43"
"20,13 : 52.01"
"20,14 : 37.64"
"20,15 : 72.0"
"20,16 : 28.18"
"20,17 : 39.41"
"20,18 : 65.46"
"20,19 : 52.24"
"20,20 : 0.0"
"20,21 : 26.48"
"20,22 : 76.32"
"20,23 : 85.15"
"20,24 : 6.08"
"20,25 : 50.0"
"20,26 : 92.7"
"20,27 : 73.35"
"20,28 : 32.06"
"20,29 : 18.11"
"20,30 : 71.28"
"20,31 : 65.01"
"20,32 : 68.62"
"20,33 : 73.44"
"20,34 : 80.5"
"20,35 : 79.4"
"20,36 : 20.1"
"20,37 : 28.18"
"20,38 : 84.85"
"20,39 : 63.64"
"20,40 : 24.6"
"20,41 : 45.62"
"20,42 : 35.78"
"20,43 : 46.32"
"20,44 : 56.3"
"20,45 : 10.44"
"20,46 : 63.25"
"20,47 : 22.09"
"20,48 : 50.16"
"20,49 : 8.06"
"21,0 : 64.2"
"21,1 : 92.96"
"21,2 : 21.4"
"21,3 : 48.51"
"21,4 : 40.85"
"21,5 : 51.87"
"21,6 : 31.02"
"21,7 : 94.89"
"21,8 : 61.4"
"21,9 : 25.08"
"21,10 : 72.62"
"21,11 : 36.72"
"21,12 : 46.01"
"21,13 : 39.92"
"21,14 : 64.03"
"21,15 : 81.27"
"21,16 : 32.7"
"21,17 : 37.12"
"21,18 : 50.48"
"21,19 : 27.86"
"21,20 : 26.48"
"21,21 : 0.0"
"21,22 : 96.21"
"21,23 : 88.28"
"21,24 : 32.56"
"21,25 : 74.71"
"21,26 : 109.86"
"21,27 : 91.68"
"21,28 : 58.42"
"21,29 : 8.54"
"21,30 : 91.93"
"21,31 : 75.03"
"21,32 : 84.88"
"21,33 : 85.09"
"21,34 : 98.86"
"21,35 : 74.53"
"21,36 : 46.1"
"21,37 : 49.2"
"21,38 : 96.77"
"21,39 : 76.48"
"21,40 : 50.6"
"21,41 : 29.15"
"21,42 : 55.97"
"21,43 : 71.59"
"21,44 : 58.42"
"21,45 : 16.12"
"21,46 : 55.79"
"21,47 : 36.12"
"21,48 : 32.02"
"21,49 : 21.02"
"22,0 : 65.03"
"22,1 : 51.48"
"22,2 : 75.17"
"22,3 : 81.32"
"22,4 : 87.09"
"22,5 : 98.76"
"22,6 : 79.16"
"22,7 : 23.85"
"22,8 : 63.2"
"22,9 : 82.86"
"22,10 : 24.7"
"22,11 : 62.13"
"22,12 : 50.21"
"22,13 : 87.46"
"22,14 : 54.15"
"22,15 : 40.61"
"22,16 : 66.4"
"22,17 : 71.12"
"22,18 : 98.08"
"22,19 : 109.84"
"22,20 : 76.32"
"22,21 : 96.21"
"22,22 : 0.0"
"22,23 : 61.68"
"22,24 : 72.47"
"22,25 : 35.0"
"22,26 : 20.22"
"22,27 : 8.06"
"22,28 : 63.51"
"22,29 : 88.62"
"22,30 : 6.0"
"22,31 : 39.0"
"22,32 : 18.0"
"22,33 : 32.98"
"22,34 : 8.06"
"22,35 : 81.06"
"22,36 : 69.92"
"22,37 : 48.26"
"22,38 : 33.84"
"22,39 : 31.06"
"22,40 : 56.92"
"22,41 : 92.66"
"22,42 : 40.8"
"22,43 : 40.01"
"22,44 : 60.21"
"22,45 : 84.4"
"22,46 : 81.58"
"22,47 : 60.11"
"22,48 : 97.06"
"22,49 : 77.01"
"23,0 : 100.69"
"23,1 : 12.37"
"23,2 : 75.66"
"23,3 : 45.19"
"23,4 : 54.63"
"23,5 : 57.63"
"23,6 : 92.18"
"23,7 : 39.32"
"23,8 : 97.35"
"23,9 : 91.78"
"23,10 : 49.04"
"23,11 : 74.33"
"23,12 : 59.09"
"23,13 : 55.54"
"23,14 : 90.6"
"23,15 : 21.95"
"23,16 : 58.31"
"23,17 : 51.16"
"23,18 : 57.8"
"23,19 : 84.69"
"23,20 : 85.15"
"23,21 : 88.28"
"23,22 : 61.68"
"23,23 : 0.0"
"23,24 : 85.73"
"23,25 : 79.31"
"23,26 : 56.04"
"23,27 : 53.76"
"23,28 : 95.72"
"23,29 : 85.01"
"23,30 : 63.69"
"23,31 : 26.91"
"23,32 : 44.78"
"23,33 : 28.79"
"23,34 : 56.09"
"23,35 : 26.63"
"23,36 : 93.52"
"23,37 : 66.24"
"23,38 : 31.02"
"23,39 : 34.41"
"23,40 : 82.86"
"23,41 : 66.73"
"23,42 : 61.85"
"23,43 : 82.02"
"23,44 : 30.0"
"23,45 : 86.47"
"23,46 : 39.96"
"23,47 : 63.32"
"23,48 : 68.54"
"23,49 : 79.91"
"24,0 : 32.02"
"24,1 : 85.99"
"24,2 : 16.55"
"24,3 : 60.14"
"24,4 : 56.86"
"24,5 : 71.34"
"24,6 : 7.07"
"24,7 : 78.26"
"24,8 : 29.02"
"24,9 : 10.63"
"24,10 : 52.63"
"24,11 : 12.0"
"24,12 : 28.02"
"24,13 : 56.3"
"24,14 : 31.62"
"24,15 : 71.25"
"24,16 : 30.61"
"24,17 : 42.45"
"24,18 : 69.97"
"24,19 : 58.14"
"24,20 : 6.08"
"24,21 : 32.56"
"24,22 : 72.47"
"24,23 : 85.73"
"24,24 : 0.0"
"24,25 : 44.69"
"24,26 : 89.54"
"24,27 : 70.01"
"24,28 : 26.02"
"24,29 : 24.19"
"24,30 : 67.23"
"24,31 : 64.2"
"24,32 : 65.97"
"24,33 : 72.03"
"24,34 : 77.08"
"24,35 : 81.84"
"24,36 : 14.32"
"24,37 : 25.0"
"24,38 : 83.22"
"24,39 : 62.07"
"24,40 : 18.87"
"24,41 : 50.7"
"24,42 : 32.57"
"24,43 : 40.8"
"24,44 : 57.7"
"24,45 : 16.49"
"24,46 : 66.48"
"24,47 : 22.47"
"24,48 : 55.36"
"24,49 : 13.34"
"25,0 : 30.07"
"25,1 : 73.11"
"25,2 : 53.71"
"25,3 : 78.92"
"25,4 : 81.06"
"25,5 : 95.34"
"25,6 : 50.21"
"25,7 : 52.0"
"25,8 : 28.44"
"25,9 : 55.23"
"25,10 : 30.41"
"25,11 : 38.01"
"25,12 : 35.01"
"25,13 : 81.02"
"25,14 : 19.42"
"25,15 : 58.0"
"25,16 : 53.24"
"25,17 : 63.03"
"25,18 : 94.26"
"25,19 : 95.34"
"25,20 : 50.0"
"25,21 : 74.71"
"25,22 : 35.0"
"25,23 : 79.31"
"25,24 : 44.69"
"25,25 : 0.0"
"25,26 : 55.08"
"25,27 : 36.88"
"25,28 : 29.12"
"25,29 : 66.24"
"25,30 : 29.0"
"25,31 : 52.4"
"25,32 : 39.36"
"25,33 : 53.6"
"25,34 : 42.19"
"25,35 : 89.47"
"25,36 : 37.74"
"25,37 : 27.46"
"25,38 : 60.83"
"25,39 : 45.28"
"25,40 : 26.17"
"25,41 : 81.61"
"25,42 : 24.08"
"25,43 : 5.1"
"25,44 : 63.32"
"25,45 : 59.91"
"25,46 : 82.23"
"25,47 : 42.76"
"25,48 : 86.58"
"25,49 : 53.71"
"26,0 : 85.01"
"26,1 : 44.01"
"26,2 : 89.69"
"26,3 : 86.45"
"26,4 : 93.74"
"26,5 : 103.31"
"26,6 : 96.46"
"26,7 : 18.38"
"26,8 : 83.02"
"26,9 : 99.54"
"26,10 : 37.59"
"26,11 : 78.39"
"26,12 : 64.5"
"26,13 : 94.3"
"26,14 : 74.01"
"26,15 : 39.22"
"26,16 : 78.1"
"26,17 : 80.06"
"26,18 : 102.88"
"26,19 : 119.67"
"26,20 : 92.7"
"26,21 : 109.86"
"26,22 : 20.22"
"26,23 : 56.04"
"26,24 : 89.54"
"26,25 : 55.08"
"26,26 : 0.0"
"26,27 : 19.65"
"26,28 : 83.15"
"26,29 : 102.93"
"26,30 : 26.17"
"26,31 : 41.18"
"26,32 : 25.0"
"26,33 : 31.38"
"26,34 : 13.04"
"26,35 : 79.83"
"26,36 : 88.65"
"26,37 : 64.62"
"26,38 : 25.02"
"26,39 : 35.61"
"26,40 : 75.5"
"26,41 : 101.53"
"26,42 : 57.01"
"26,43 : 60.03"
"26,44 : 64.5"
"26,45 : 99.76"
"26,46 : 85.0"
"26,47 : 74.09"
"26,48 : 105.42"
"26,49 : 92.18"
"27,0 : 66.27"
"27,1 : 43.83"
"27,2 : 71.03"
"27,3 : 74.0"
"27,4 : 80.11"
"27,5 : 91.39"
"27,6 : 76.9"
"27,7 : 16.97"
"27,8 : 64.07"
"27,9 : 80.11"
"27,10 : 19.1"
"27,11 : 59.03"
"27,12 : 45.8"
"27,13 : 80.53"
"27,14 : 55.15"
"27,15 : 32.56"
"27,16 : 60.88"
"27,17 : 64.66"
"27,18 : 90.76"
"27,19 : 103.81"
"27,20 : 73.35"
"27,21 : 91.68"
"27,22 : 8.06"
"27,23 : 53.76"
"27,24 : 70.01"
"27,25 : 36.88"
"27,26 : 19.65"
"27,27 : 0.0"
"27,28 : 64.0"
"27,29 : 84.4"
"27,30 : 10.63"
"27,31 : 31.02"
"27,32 : 10.05"
"27,33 : 25.0"
"27,34 : 7.21"
"27,35 : 73.03"
"27,36 : 69.05"
"27,37 : 45.19"
"27,38 : 26.91"
"27,39 : 23.19"
"27,40 : 55.9"
"27,41 : 86.28"
"27,42 : 37.58"
"27,43 : 41.59"
"27,44 : 52.63"
"27,45 : 80.78"
"27,46 : 73.98"
"27,47 : 55.61"
"27,48 : 90.55"
"27,49 : 73.25"
"28,0 : 6.32"
"28,1 : 92.61"
"28,2 : 41.44"
"28,3 : 80.62"
"28,4 : 79.31"
"28,5 : 94.15"
"28,6 : 28.16"
"28,7 : 76.94"
"28,8 : 3.0"
"28,9 : 34.21"
"28,10 : 51.66"
"28,11 : 28.23"
"28,12 : 38.18"
"28,13 : 78.92"
"28,14 : 9.85"
"28,15 : 76.97"
"28,16 : 50.54"
"28,17 : 62.65"
"28,18 : 92.85"
"28,19 : 84.05"
"28,20 : 32.06"
"28,21 : 58.42"
"28,22 : 63.51"
"28,23 : 95.72"
"28,24 : 26.02"
"28,25 : 29.12"
"28,26 : 83.15"
"28,27 : 64.0"
"28,28 : 0.0"
"28,29 : 50.16"
"28,30 : 57.56"
"28,31 : 70.21"
"28,32 : 63.79"
"28,33 : 74.95"
"28,34 : 70.11"
"28,35 : 98.41"
"28,36 : 12.65"
"28,37 : 29.83"
"28,38 : 84.4"
"28,39 : 65.19"
"28,40 : 13.45"
"28,41 : 75.19"
"28,42 : 34.0"
"28,43 : 24.04"
"28,44 : 72.12"
"28,45 : 42.3"
"28,46 : 85.98"
"28,47 : 39.45"
"28,48 : 80.05"
"28,49 : 39.05"
"29,0 : 56.04"
"29,1 : 88.68"
"29,2 : 13.45"
"29,3 : 48.33"
"29,4 : 41.88"
"29,5 : 54.49"
"29,6 : 23.35"
"29,7 : 88.57"
"29,8 : 53.15"
"29,9 : 17.72"
"29,10 : 65.46"
"29,11 : 28.3"
"29,12 : 38.6"
"29,13 : 41.05"
"29,14 : 55.54"
"29,15 : 76.16"
"29,16 : 27.46"
"29,17 : 34.37"
"29,18 : 53.08"
"29,19 : 34.71"
"29,20 : 18.11"
"29,21 : 8.54"
"29,22 : 88.62"
"29,23 : 85.01"
"29,24 : 24.19"
"29,25 : 66.24"
"29,26 : 102.93"
"29,27 : 84.4"
"29,28 : 50.16"
"29,29 : 0.0"
"29,30 : 84.17"
"29,31 : 69.64"
"29,32 : 78.03"
"29,33 : 79.38"
"29,34 : 91.61"
"29,35 : 73.68"
"29,36 : 38.0"
"29,37 : 41.11"
"29,38 : 91.08"
"29,39 : 70.38"
"29,40 : 42.06"
"29,41 : 31.83"
"29,42 : 48.08"
"29,43 : 63.07"
"29,44 : 55.01"
"29,45 : 8.06"
"29,46 : 55.54"
"29,47 : 28.84"
"29,48 : 35.61"
"29,49 : 12.53"
"30,0 : 59.03"
"30,1 : 54.2"
"30,2 : 70.72"
"30,3 : 79.83"
"30,4 : 85.07"
"30,5 : 97.29"
"30,6 : 73.82"
"30,7 : 27.59"
"30,8 : 57.22"
"30,9 : 77.7"
"30,10 : 22.14"
"30,11 : 57.2"
"30,12 : 46.1"
"30,13 : 85.38"
"30,14 : 48.17"
"30,15 : 42.06"
"30,16 : 62.97"
"30,17 : 68.54"
"30,18 : 96.54"
"30,19 : 106.68"
"30,20 : 71.28"
"30,21 : 91.93"
"30,22 : 6.0"
"30,23 : 63.69"
"30,24 : 67.23"
"30,25 : 29.0"
"30,26 : 26.17"
"30,27 : 10.63"
"30,28 : 57.56"
"30,29 : 84.17"
"30,30 : 0.0"
"30,31 : 39.46"
"30,32 : 18.97"
"30,33 : 34.93"
"30,34 : 13.6"
"30,35 : 81.5"
"30,36 : 64.2"
"30,37 : 43.42"
"30,38 : 37.54"
"30,39 : 31.26"
"30,40 : 51.26"
"30,41 : 89.9"
"30,42 : 36.12"
"30,43 : 34.01"
"30,44 : 59.3"
"30,45 : 79.65"
"30,46 : 80.62"
"30,47 : 55.97"
"30,48 : 94.43"
"30,49 : 72.35"
"31,0 : 74.79"
"31,1 : 22.47"
"31,2 : 57.87"
"31,3 : 45.28"
"31,4 : 52.8"
"31,5 : 62.17"
"31,6 : 71.11"
"31,7 : 23.02"
"31,8 : 71.59"
"31,9 : 72.03"
"31,10 : 22.2"
"31,11 : 52.24"
"31,12 : 36.22"
"31,13 : 53.41"
"31,14 : 64.35"
"31,15 : 7.07"
"31,16 : 42.38"
"31,17 : 40.8"
"31,18 : 61.72"
"31,19 : 80.06"
"31,20 : 65.01"
"31,21 : 75.03"
"31,22 : 39.0"
"31,23 : 26.91"
"31,24 : 64.2"
"31,25 : 52.4"
"31,26 : 41.18"
"31,27 : 31.02"
"31,28 : 70.21"
"31,29 : 69.64"
"31,30 : 39.46"
"31,31 : 0.0"
"31,32 : 21.0"
"31,33 : 10.63"
"31,34 : 35.69"
"31,35 : 42.11"
"31,36 : 69.64"
"31,37 : 41.76"
"31,38 : 21.95"
"31,39 : 8.25"
"31,40 : 57.94"
"31,41 : 61.55"
"31,42 : 36.25"
"31,43 : 55.17"
"31,44 : 23.32"
"31,45 : 68.88"
"31,46 : 44.01"
"31,47 : 43.1"
"31,48 : 65.07"
"31,49 : 61.52"
"32,0 : 66.94"
"32,1 : 35.81"
"32,2 : 64.88"
"32,3 : 64.26"
"32,4 : 70.66"
"32,5 : 81.6"
"32,6 : 73.01"
"32,7 : 13.15"
"32,8 : 64.33"
"32,9 : 75.58"
"32,10 : 13.34"
"32,11 : 54.41"
"32,12 : 39.81"
"32,13 : 71.12"
"32,14 : 55.79"
"32,15 : 23.09"
"32,16 : 53.15"
"32,17 : 55.8"
"32,18 : 80.99"
"32,19 : 95.27"
"32,20 : 68.62"
"32,21 : 84.88"
"32,22 : 18.0"
"32,23 : 44.78"
"32,24 : 65.97"
"32,25 : 39.36"
"32,26 : 25.0"
"32,27 : 10.05"
"32,28 : 63.79"
"32,29 : 78.03"
"32,30 : 18.97"
"32,31 : 21.0"
"32,32 : 0.0"
"32,33 : 16.12"
"32,34 : 15.65"
"32,35 : 63.07"
"32,36 : 67.03"
"32,37 : 41.0"
"32,38 : 21.47"
"32,39 : 13.15"
"32,40 : 54.0"
"32,41 : 77.42"
"32,42 : 33.54"
"32,43 : 43.46"
"32,44 : 42.72"
"32,45 : 75.15"
"32,46 : 64.03"
"32,47 : 49.24"
"32,48 : 81.54"
"32,49 : 67.54"
"33,0 : 78.92"
"33,1 : 19.85"
"33,2 : 67.19"
"33,3 : 55.47"
"33,4 : 63.25"
"33,5 : 72.07"
"33,6 : 79.06"
"33,7 : 13.0"
"33,8 : 75.96"
"33,9 : 80.5"
"33,10 : 23.71"
"33,11 : 60.03"
"33,12 : 44.1"
"33,13 : 63.89"
"33,14 : 68.03"
"33,15 : 8.06"
"33,16 : 52.39"
"33,17 : 51.4"
"33,18 : 71.69"
"33,19 : 90.69"
"33,20 : 73.44"
"33,21 : 85.09"
"33,22 : 32.98"
"33,23 : 28.79"
"33,24 : 72.03"
"33,25 : 53.6"
"33,26 : 31.38"
"33,27 : 25.0"
"33,28 : 74.95"
"33,29 : 79.38"
"33,30 : 34.93"
"33,31 : 10.63"
"33,32 : 16.12"
"33,33 : 0.0"
"33,34 : 28.02"
"33,35 : 49.25"
"33,36 : 75.95"
"33,37 : 48.26"
"33,38 : 11.7"
"33,39 : 10.05"
"33,40 : 63.56"
"33,41 : 72.18"
"33,42 : 41.77"
"33,43 : 57.14"
"33,44 : 33.6"
"33,45 : 78.1"
"33,46 : 53.67"
"33,47 : 51.97"
"33,48 : 75.66"
"33,49 : 70.61"
"34,0 : 72.03"
"34,1 : 45.22"
"34,2 : 78.24"
"34,3 : 79.85"
"34,4 : 86.31"
"34,5 : 97.14"
"34,6 : 83.93"
"34,7 : 17.09"
"34,8 : 70.01"
"34,9 : 87.24"
"34,10 : 26.25"
"34,11 : 66.19"
"34,12 : 53.01"
"34,13 : 86.77"
"34,14 : 61.0"
"34,15 : 36.0"
"34,16 : 67.9"
"34,17 : 71.28"
"34,18 : 96.57"
"34,19 : 110.6"
"34,20 : 80.5"
"34,21 : 98.86"
"34,22 : 8.06"
"34,23 : 56.09"
"34,24 : 77.08"
"34,25 : 42.19"
"34,26 : 13.04"
"34,27 : 7.21"
"34,28 : 70.11"
"34,29 : 91.61"
"34,30 : 13.6"
"34,31 : 35.69"
"34,32 : 15.65"
"34,33 : 28.02"
"34,34 : 0.0"
"34,35 : 77.1"
"34,36 : 75.71"
"34,37 : 52.33"
"34,38 : 26.83"
"34,39 : 28.46"
"34,40 : 62.59"
"34,41 : 92.91"
"34,42 : 44.72"
"34,43 : 47.1"
"34,44 : 58.19"
"34,45 : 87.98"
"34,46 : 79.4"
"34,47 : 62.8"
"34,48 : 97.1"
"34,49 : 80.45"
"35,0 : 104.24"
"35,1 : 38.47"
"35,2 : 68.0"
"35,3 : 26.17"
"35,4 : 35.0"
"35,5 : 33.11"
"35,6 : 87.13"
"35,7 : 61.81"
"35,8 : 100.66"
"35,9 : 85.0"
"35,10 : 62.1"
"35,11 : 72.35"
"35,12 : 60.31"
"35,13 : 36.0"
"35,14 : 95.8"
"35,15 : 41.19"
"35,16 : 51.31"
"35,17 : 40.25"
"35,18 : 33.62"
"35,19 : 63.95"
"35,20 : 79.4"
"35,21 : 74.53"
"35,22 : 81.06"
"35,23 : 26.63"
"35,24 : 81.84"
"35,25 : 89.47"
"35,26 : 79.83"
"35,27 : 73.03"
"35,28 : 98.41"
"35,29 : 73.68"
"35,30 : 81.5"
"35,31 : 42.11"
"35,32 : 63.07"
"35,33 : 49.25"
"35,34 : 77.1"
"35,35 : 0.0"
"35,36 : 92.85"
"35,37 : 69.03"
"35,38 : 55.36"
"35,39 : 50.25"
"35,40 : 84.96"
"35,41 : 48.0"
"35,42 : 67.42"
"35,43 : 90.82"
"35,44 : 26.63"
"35,45 : 77.47"
"35,46 : 19.03"
"35,47 : 60.31"
"35,48 : 48.26"
"35,49 : 72.47"
"36,0 : 18.11"
"36,1 : 92.05"
"36,2 : 30.68"
"36,3 : 72.8"
"36,4 : 70.33"
"36,5 : 85.0"
"36,6 : 15.52"
"36,7 : 80.0"
"36,8 : 15.52"
"36,9 : 21.59"
"36,10 : 54.01"
"36,11 : 20.52"
"36,12 : 34.44"
"36,13 : 69.84"
"36,14 : 20.62"
"36,15 : 76.66"
"36,16 : 42.64"
"36,17 : 54.82"
"36,18 : 83.65"
"36,19 : 72.34"
"36,20 : 20.1"
"36,21 : 46.1"
"36,22 : 69.92"
"36,23 : 93.52"
"36,24 : 14.32"
"36,25 : 37.74"
"36,26 : 88.65"
"36,27 : 69.05"
"36,28 : 12.65"
"36,29 : 38.0"
"36,30 : 64.2"
"36,31 : 69.64"
"36,32 : 67.03"
"36,33 : 75.95"
"36,34 : 75.71"
"36,35 : 92.85"
"36,36 : 0.0"
"36,37 : 27.89"
"36,38 : 86.37"
"36,39 : 65.92"
"36,40 : 13.15"
"36,41 : 64.85"
"36,42 : 34.23"
"36,43 : 33.02"
"36,44 : 67.42"
"36,45 : 30.02"
"36,46 : 78.75"
"36,47 : 32.56"
"36,48 : 69.57"
"36,49 : 27.66"
"37,0 : 35.36"
"37,1 : 64.2"
"37,2 : 27.8"
"37,3 : 53.76"
"37,4 : 54.59"
"37,5 : 69.23"
"37,6 : 32.02"
"37,7 : 53.46"
"37,8 : 31.83"
"37,9 : 34.93"
"37,10 : 27.66"
"37,11 : 13.89"
"37,12 : 8.94"
"37,13 : 54.45"
"37,14 : 26.93"
"37,15 : 48.76"
"37,16 : 26.0"
"37,17 : 36.67"
"37,18 : 68.07"
"37,19 : 68.01"
"37,20 : 28.18"
"37,21 : 49.2"
"37,22 : 48.26"
"37,23 : 66.24"
"37,24 : 25.0"
"37,25 : 27.46"
"37,26 : 64.62"
"37,27 : 45.19"
"37,28 : 29.83"
"37,29 : 41.11"
"37,30 : 43.42"
"37,31 : 41.76"
"37,32 : 41.0"
"37,33 : 48.26"
"37,34 : 52.33"
"37,35 : 69.03"
"37,36 : 27.89"
"37,37 : 0.0"
"37,38 : 59.01"
"37,39 : 38.21"
"37,40 : 16.64"
"37,41 : 54.23"
"37,42 : 7.62"
"37,43 : 26.0"
"37,44 : 42.52"
"37,45 : 36.24"
"37,46 : 58.18"
"37,47 : 15.3"
"37,48 : 59.21"
"37,49 : 29.0"
"38,0 : 87.93"
"38,1 : 19.1"
"38,2 : 78.85"
"38,3 : 65.3"
"38,4 : 73.55"
"38,5 : 81.27"
"38,6 : 90.27"
"38,7 : 10.0"
"38,8 : 85.16"
"38,9 : 91.92"
"38,10 : 32.76"
"38,11 : 71.25"
"38,12 : 55.44"
"38,13 : 74.25"
"38,14 : 76.84"
"38,15 : 16.97"
"38,16 : 64.08"
"38,17 : 62.68"
"38,18 : 81.02"
"38,19 : 101.67"
"38,20 : 84.85"
"38,21 : 96.77"
"38,22 : 33.84"
"38,23 : 31.02"
"38,24 : 83.22"
"38,25 : 60.83"
"38,26 : 25.02"
"38,27 : 26.91"
"38,28 : 84.4"
"38,29 : 91.08"
"38,30 : 37.54"
"38,31 : 21.95"
"38,32 : 21.47"
"38,33 : 11.7"
"38,34 : 26.83"
"38,35 : 55.36"
"38,36 : 86.37"
"38,37 : 59.01"
"38,38 : 0.0"
"38,39 : 21.21"
"38,40 : 73.68"
"38,41 : 83.1"
"38,42 : 52.15"
"38,43 : 64.88"
"38,44 : 43.84"
"38,45 : 89.74"
"38,46 : 62.68"
"38,47 : 63.56"
"38,48 : 86.37"
"38,49 : 82.23"
"39,0 : 69.35"
"39,1 : 28.02"
"39,2 : 57.87"
"39,3 : 51.48"
"39,4 : 58.31"
"39,5 : 68.71"
"39,6 : 69.12"
"39,7 : 18.6"
"39,8 : 66.31"
"39,9 : 70.71"
"39,10 : 14.87"
"39,11 : 50.09"
"39,12 : 34.23"
"39,13 : 58.83"
"39,14 : 58.59"
"39,15 : 12.73"
"39,16 : 43.91"
"39,17 : 44.55"
"39,18 : 68.15"
"39,19 : 84.17"
"39,20 : 63.64"
"39,21 : 76.48"
"39,22 : 31.06"
"39,23 : 34.41"
"39,24 : 62.07"
"39,25 : 45.28"
"39,26 : 35.61"
"39,27 : 23.19"
"39,28 : 65.19"
"39,29 : 70.38"
"39,30 : 31.26"
"39,31 : 8.25"
"39,32 : 13.15"
"39,33 : 10.05"
"39,34 : 28.46"
"39,35 : 50.25"
"39,36 : 65.92"
"39,37 : 38.21"
"39,38 : 21.21"
"39,39 : 0.0"
"39,40 : 53.6"
"39,41 : 65.95"
"39,42 : 31.78"
"39,43 : 48.41"
"39,44 : 29.73"
"39,45 : 68.68"
"39,46 : 50.96"
"39,47 : 42.45"
"39,48 : 69.81"
"39,49 : 61.13"
"40,0 : 19.42"
"40,1 : 80.41"
"40,2 : 31.14"
"40,3 : 67.54"
"40,4 : 66.73"
"40,5 : 81.6"
"40,6 : 24.04"
"40,7 : 67.03"
"40,8 : 15.81"
"40,9 : 29.21"
"40,10 : 41.11"
"40,11 : 16.12"
"40,12 : 24.76"
"40,13 : 66.41"
"40,14 : 14.0"
"40,15 : 64.85"
"40,16 : 37.7"
"40,17 : 49.66"
"40,18 : 80.32"
"40,19 : 74.24"
"40,20 : 24.6"
"40,21 : 50.6"
"40,22 : 56.92"
"40,23 : 82.86"
"40,24 : 18.87"
"40,25 : 26.17"
"40,26 : 75.5"
"40,27 : 55.9"
"40,28 : 13.45"
"40,29 : 42.06"
"40,30 : 51.26"
"40,31 : 57.94"
"40,32 : 54.0"
"40,33 : 63.56"
"40,34 : 62.59"
"40,35 : 84.96"
"40,36 : 13.15"
"40,37 : 16.64"
"40,38 : 73.68"
"40,39 : 53.6"
"40,40 : 0.0"
"40,41 : 63.64"
"40,42 : 21.84"
"40,43 : 22.02"
"40,44 : 58.69"
"40,45 : 34.93"
"40,46 : 72.72"
"40,47 : 26.4"
"40,48 : 68.59"
"40,49 : 29.83"
"41,0 : 81.49"
"41,1 : 74.24"
"41,2 : 34.18"
"41,3 : 22.2"
"41,4 : 13.0"
"41,5 : 22.8"
"41,6 : 52.84"
"41,7 : 84.17"
"41,8 : 78.1"
"41,9 : 48.26"
"41,10 : 68.0"
"41,11 : 47.52"
"41,12 : 46.87"
"41,13 : 12.0"
"41,14 : 77.52"
"41,15 : 66.22"
"41,16 : 28.44"
"41,17 : 21.63"
"41,18 : 21.4"
"41,19 : 18.6"
"41,20 : 45.62"
"41,21 : 29.15"
"41,22 : 92.66"
"41,23 : 66.73"
"41,24 : 50.7"
"41,25 : 81.61"
"41,26 : 101.53"
"41,27 : 86.28"
"41,28 : 75.19"
"41,29 : 31.83"
"41,30 : 89.9"
"41,31 : 61.55"
"41,32 : 77.42"
"41,33 : 72.18"
"41,34 : 92.91"
"41,35 : 48.0"
"41,36 : 64.85"
"41,37 : 54.23"
"41,38 : 83.1"
"41,39 : 65.95"
"41,40 : 63.64"
"41,41 : 0.0"
"41,42 : 58.25"
"41,43 : 80.16"
"41,44 : 39.66"
"41,45 : 38.6"
"41,46 : 29.02"
"41,47 : 39.05"
"41,48 : 5.0"
"41,49 : 37.58"
"42,0 : 38.83"
"42,1 : 58.69"
"42,2 : 34.66"
"42,3 : 54.92"
"42,4 : 57.01"
"42,5 : 71.25"
"42,6 : 39.56"
"42,7 : 46.17"
"42,8 : 35.51"
"42,9 : 42.54"
"42,10 : 20.22"
"42,11 : 21.47"
"42,12 : 11.4"
"42,13 : 57.0"
"42,14 : 29.0"
"42,15 : 43.08"
"42,16 : 29.83"
"42,17 : 39.0"
"42,18 : 70.18"
"42,19 : 73.16"
"42,20 : 35.78"
"42,21 : 55.97"
"42,22 : 40.8"
"42,23 : 61.85"
"42,24 : 32.57"
"42,25 : 24.08"
"42,26 : 57.01"
"42,27 : 37.58"
"42,28 : 34.0"
"42,29 : 48.08"
"42,30 : 36.12"
"42,31 : 36.25"
"42,32 : 33.54"
"42,33 : 41.77"
"42,34 : 44.72"
"42,35 : 67.42"
"42,36 : 34.23"
"42,37 : 7.62"
"42,38 : 52.15"
"42,39 : 31.78"
"42,40 : 21.84"
"42,41 : 58.25"
"42,42 : 0.0"
"42,43 : 24.04"
"42,44 : 40.82"
"42,45 : 43.6"
"42,46 : 58.52"
"42,47 : 20.59"
"42,48 : 63.15"
"42,49 : 36.24"
"43,0 : 25.02"
"43,1 : 76.4"
"43,2 : 50.92"
"43,3 : 78.85"
"43,4 : 80.4"
"43,5 : 94.89"
"43,6 : 46.01"
"43,7 : 56.3"
"43,8 : 23.35"
"43,9 : 51.22"
"43,10 : 33.6"
"43,11 : 35.11"
"43,12 : 34.23"
"43,13 : 80.31"
"43,14 : 14.32"
"43,15 : 61.07"
"43,16 : 52.0"
"43,17 : 62.39"
"43,18 : 93.77"
"43,19 : 93.17"
"43,20 : 46.32"
"43,21 : 71.59"
"43,22 : 40.01"
"43,23 : 82.02"
"43,24 : 40.8"
"43,25 : 5.1"
"43,26 : 60.03"
"43,27 : 41.59"
"43,28 : 24.04"
"43,29 : 63.07"
"43,30 : 34.01"
"43,31 : 55.17"
"43,32 : 43.46"
"43,33 : 57.14"
"43,34 : 47.1"
"43,35 : 90.82"
"43,36 : 33.02"
"43,37 : 26.0"
"43,38 : 64.88"
"43,39 : 48.41"
"43,40 : 22.02"
"43,41 : 80.16"
"43,42 : 24.04"
"43,43 : 0.0"
"43,44 : 64.4"
"43,45 : 56.44"
"43,46 : 82.57"
"43,47 : 41.11"
"43,48 : 85.15"
"43,49 : 50.57"
"44,0 : 77.83"
"44,1 : 35.11"
"44,2 : 46.1"
"44,3 : 21.95"
"44,4 : 29.73"
"44,5 : 39.0"
"44,6 : 63.69"
"44,7 : 46.32"
"44,8 : 74.28"
"44,9 : 62.64"
"44,10 : 38.01"
"44,11 : 47.17"
"44,12 : 33.94"
"44,13 : 30.41"
"44,14 : 69.2"
"44,15 : 26.87"
"44,16 : 28.64"
"44,17 : 21.38"
"44,18 : 38.48"
"44,19 : 58.25"
"44,20 : 56.3"
"44,21 : 58.42"
"44,22 : 60.21"
"44,23 : 30.0"
"44,24 : 57.7"
"44,25 : 63.32"
"44,26 : 64.5"
"44,27 : 52.63"
"44,28 : 72.12"
"44,29 : 55.01"
"44,30 : 59.3"
"44,31 : 23.32"
"44,32 : 42.72"
"44,33 : 33.6"
"44,34 : 58.19"
"44,35 : 26.63"
"44,36 : 67.42"
"44,37 : 42.52"
"44,38 : 43.84"
"44,39 : 29.73"
"44,40 : 58.69"
"44,41 : 39.66"
"44,42 : 40.82"
"44,43 : 64.4"
"44,44 : 0.0"
"44,45 : 56.72"
"44,46 : 21.38"
"44,47 : 35.36"
"44,48 : 42.64"
"44,49 : 50.45"
"45,0 : 48.09"
"45,1 : 89.05"
"45,2 : 11.05"
"45,3 : 53.0"
"45,4 : 47.51"
"45,5 : 60.88"
"45,6 : 15.3"
"45,7 : 86.38"
"45,8 : 45.28"
"45,9 : 9.85"
"45,10 : 62.18"
"45,11 : 22.63"
"45,12 : 35.34"
"45,13 : 46.75"
"45,14 : 48.08"
"45,15 : 75.66"
"45,16 : 28.16"
"45,17 : 37.34"
"45,18 : 59.46"
"45,19 : 42.76"
"45,20 : 10.44"
"45,21 : 16.12"
"45,22 : 84.4"
"45,23 : 86.47"
"45,24 : 16.49"
"45,25 : 59.91"
"45,26 : 99.76"
"45,27 : 80.78"
"45,28 : 42.3"
"45,29 : 8.06"
"45,30 : 79.65"
"45,31 : 68.88"
"45,32 : 75.15"
"45,33 : 78.1"
"45,34 : 87.98"
"45,35 : 77.47"
"45,36 : 30.02"
"45,37 : 36.24"
"45,38 : 89.74"
"45,39 : 68.68"
"45,40 : 34.93"
"45,41 : 38.6"
"45,42 : 43.6"
"45,43 : 56.44"
"45,44 : 56.72"
"45,45 : 0.0"
"45,46 : 60.03"
"45,47 : 26.25"
"45,48 : 42.72"
"45,49 : 7.62"
"46,0 : 92.11"
"46,1 : 49.58"
"46,2 : 51.4"
"46,3 : 7.28"
"46,4 : 16.03"
"46,5 : 18.6"
"46,6 : 71.06"
"46,7 : 66.64"
"46,8 : 88.51"
"46,9 : 68.24"
"46,10 : 59.08"
"46,11 : 58.41"
"46,12 : 49.24"
"46,13 : 17.03"
"46,14 : 84.97"
"46,15 : 46.14"
"46,16 : 36.12"
"46,17 : 24.04"
"46,18 : 18.44"
"46,19 : 45.61"
"46,20 : 63.25"
"46,21 : 55.79"
"46,22 : 81.58"
"46,23 : 39.96"
"46,24 : 66.48"
"46,25 : 82.23"
"46,26 : 85.0"
"46,27 : 73.98"
"46,28 : 85.98"
"46,29 : 55.54"
"46,30 : 80.62"
"46,31 : 44.01"
"46,32 : 64.03"
"46,33 : 53.67"
"46,34 : 79.4"
"46,35 : 19.03"
"46,36 : 78.75"
"46,37 : 58.18"
"46,38 : 62.68"
"46,39 : 50.96"
"46,40 : 72.72"
"46,41 : 29.02"
"46,42 : 58.52"
"46,43 : 82.57"
"46,44 : 21.38"
"46,45 : 60.03"
"46,46 : 0.0"
"46,47 : 46.62"
"46,48 : 29.61"
"46,49 : 55.8"
"47,0 : 45.65"
"47,1 : 64.2"
"47,2 : 15.65"
"47,3 : 41.18"
"47,4 : 40.52"
"47,5 : 55.36"
"47,6 : 28.86"
"47,7 : 60.17"
"47,8 : 42.06"
"47,9 : 29.02"
"47,10 : 36.62"
"47,11 : 12.04"
"47,12 : 9.9"
"47,13 : 40.26"
"47,14 : 39.56"
"47,15 : 50.04"
"47,16 : 11.4"
"47,17 : 23.26"
"47,18 : 54.12"
"47,19 : 52.81"
"47,20 : 22.09"
"47,21 : 36.12"
"47,22 : 60.11"
"47,23 : 63.32"
"47,24 : 22.47"
"47,25 : 42.76"
"47,26 : 74.09"
"47,27 : 55.61"
"47,28 : 39.45"
"47,29 : 28.84"
"47,30 : 55.97"
"47,31 : 43.1"
"47,32 : 49.24"
"47,33 : 51.97"
"47,34 : 62.8"
"47,35 : 60.31"
"47,36 : 32.56"
"47,37 : 15.3"
"47,38 : 63.56"
"47,39 : 42.45"
"47,40 : 26.4"
"47,41 : 39.05"
"47,42 : 20.59"
"47,43 : 41.11"
"47,44 : 35.36"
"47,45 : 26.25"
"47,46 : 46.62"
"47,47 : 0.0"
"47,48 : 44.05"
"47,49 : 18.68"
"48,0 : 86.35"
"48,1 : 76.66"
"48,2 : 38.9"
"48,3 : 23.41"
"48,4 : 13.93"
"48,5 : 20.12"
"48,6 : 57.25"
"48,7 : 87.86"
"48,8 : 82.98"
"48,9 : 52.48"
"48,10 : 72.45"
"48,11 : 52.47"
"48,12 : 51.79"
"48,13 : 13.0"
"48,14 : 82.49"
"48,15 : 69.43"
"48,16 : 33.38"
"48,17 : 25.94"
"48,18 : 18.79"
"48,19 : 16.16"
"48,20 : 50.16"
"48,21 : 32.02"
"48,22 : 97.06"
"48,23 : 68.54"
"48,24 : 55.36"
"48,25 : 86.58"
"48,26 : 105.42"
"48,27 : 90.55"
"48,28 : 80.05"
"48,29 : 35.61"
"48,30 : 94.43"
"48,31 : 65.07"
"48,32 : 81.54"
"48,33 : 75.66"
"48,34 : 97.1"
"48,35 : 48.26"
"48,36 : 69.57"
"48,37 : 59.21"
"48,38 : 86.37"
"48,39 : 69.81"
"48,40 : 68.59"
"48,41 : 5.0"
"48,42 : 63.15"
"48,43 : 85.15"
"48,44 : 42.64"
"48,45 : 42.72"
"48,46 : 29.61"
"48,47 : 44.05"
"48,48 : 0.0"
"48,49 : 42.15"
"49,0 : 45.18"
"49,1 : 82.0"
"49,2 : 4.47"
"49,3 : 49.04"
"49,4 : 44.69"
"49,5 : 58.82"
"49,6 : 15.62"
"49,7 : 78.77"
"49,8 : 42.05"
"49,9 : 12.53"
"49,10 : 54.59"
"49,11 : 15.81"
"49,12 : 27.73"
"49,13 : 44.05"
"49,14 : 43.57"
"49,15 : 68.36"
"49,16 : 21.84"
"49,17 : 32.25"
"49,18 : 57.43"
"49,19 : 45.01"
"49,20 : 8.06"
"49,21 : 21.02"
"49,22 : 77.01"
"49,23 : 79.91"
"49,24 : 13.34"
"49,25 : 53.71"
"49,26 : 92.18"
"49,27 : 73.25"
"49,28 : 39.05"
"49,29 : 12.53"
"49,30 : 72.35"
"49,31 : 61.52"
"49,32 : 67.54"
"49,33 : 70.61"
"49,34 : 80.45"
"49,35 : 72.47"
"49,36 : 27.66"
"49,37 : 29.0"
"49,38 : 82.23"
"49,39 : 61.13"
"49,40 : 29.83"
"49,41 : 37.58"
"49,42 : 36.24"
"49,43 : 50.57"
"49,44 : 50.45"
"49,45 : 7.62"
"49,46 : 55.8"
"49,47 : 18.68"
"49,48 : 42.15"
"49,49 : 0.0"
