x,y
0.4,0.97
0.76,0.63
0.3,0.9
0.04,0.51
0.83,0.09
0.69,0.32
0.56,0.7
0.23,0.43
0.04,0.73
0.75,0.28
0.88,0.11
0.41,0.36
0.95,0.19
0.87,0.62
0.5,0.97
0.91,0.96
0.41,0.52
0.59,0.86
0.9,0.16
0.29,0.17
0.96,0.42
0.66,0.64
0.45,0.48
0.43,0.72
0.57,0.5
0.98,0.33
0.95,0.8
0.34,0.43
0.21,0.73
0.82,0.94
0.1,0.76
0.41,0.77
0.55,0.92
0.29,0.28
0.07,0.75
0.77,0.55
0.09,0.73
0.34,0.72
0.29,0.6
0.98,0.91
0.13,0.33
0.61,0.32
0.69,0.12
0.14,0.81
0.62,0.51
0.42,0.17
0.85,0.99
0.27,0.84
0.62,0.94
0.82,0.94
0.94,0.14
0.27,0.45
0.76,0.41
0.11,0.65
0.37,0.29
0.39,0.75
0.44,0.11
0.45,0.17
0.98,0.95
0.72,0.77
0.26,0.85
0.69,0.89
0.69,0.14
0.99,0.81
0.55,0.35
0.41,0.1
0.92,0.65
0.53,0.15
0.58,0.03
0.88,0.89
0.36,0.73
0.78,0.77
0.71,0.63
0.39,0.64
0.95,0.01
0.06,0.43
0.1,0.06
0.14,0.58
0.19,0.1
0.65,0.85
0.93,0.4
0.11,0.75
0.32,0.87
0.41,0.17
0.17,0.23
0.19,0.79
0.89,0.89
0.0,0.26
0.41,0.68
0.41,0.39
0.45,0.79
0.38,0.58
0.17,0.14
0.17,0.05
0.59,0.98
0.19,0.13
0.79,0.95
0.24,0.09
0.08,0.99
0.87,0.65

Distanze
"0,1 : 0.4952"
"1,0 : 0.4952"
"0,2 : 0.1221"
"2,0 : 0.1221"
"0,3 : 0.5841"
"3,0 : 0.5841"
"0,4 : 0.9794"
"4,0 : 0.9794"
"0,5 : 0.7118"
"5,0 : 0.7118"
"0,6 : 0.3138"
"6,0 : 0.3138"
"0,7 : 0.5661"
"7,0 : 0.5661"
"0,8 : 0.4327"
"8,0 : 0.4327"
"0,9 : 0.7737"
"9,0 : 0.7737"
"0,10 : 0.9849"
"10,0 : 0.9849"
"0,11 : 0.6101"
"11,0 : 0.6101"
"0,12 : 0.9544"
"12,0 : 0.9544"
"0,13 : 0.586"
"13,0 : 0.586"
"0,14 : 0.1"
"14,0 : 0.1"
"0,15 : 0.5101"
"15,0 : 0.5101"
"0,16 : 0.4501"
"16,0 : 0.4501"
"0,17 : 0.2195"
"17,0 : 0.2195"
"0,18 : 0.9519"
"18,0 : 0.9519"
"0,19 : 0.8075"
"19,0 : 0.8075"
"0,20 : 0.7849"
"20,0 : 0.7849"
"0,21 : 0.4201"
"21,0 : 0.4201"
"0,22 : 0.4925"
"22,0 : 0.4925"
"0,23 : 0.2518"
"23,0 : 0.2518"
"0,24 : 0.4998"
"24,0 : 0.4998"
"0,25 : 0.8637"
"25,0 : 0.8637"
"0,26 : 0.5757"
"26,0 : 0.5757"
"0,27 : 0.5433"
"27,0 : 0.5433"
"0,28 : 0.3061"
"28,0 : 0.3061"
"0,29 : 0.4211"
"29,0 : 0.4211"
"0,30 : 0.3662"
"30,0 : 0.3662"
"0,31 : 0.2002"
"31,0 : 0.2002"
"0,32 : 0.1581"
"32,0 : 0.1581"
"0,33 : 0.6987"
"33,0 : 0.6987"
"0,34 : 0.3966"
"34,0 : 0.3966"
"0,35 : 0.5597"
"35,0 : 0.5597"
"0,36 : 0.392"
"36,0 : 0.392"
"0,37 : 0.2571"
"37,0 : 0.2571"
"0,38 : 0.386"
"38,0 : 0.386"
"0,39 : 0.5831"
"39,0 : 0.5831"
"0,40 : 0.6946"
"40,0 : 0.6946"
"0,41 : 0.6831"
"41,0 : 0.6831"
"0,42 : 0.8981"
"42,0 : 0.8981"
"0,43 : 0.3053"
"43,0 : 0.3053"
"0,44 : 0.5099"
"44,0 : 0.5099"
"0,45 : 0.8002"
"45,0 : 0.8002"
"0,46 : 0.4504"
"46,0 : 0.4504"
"0,47 : 0.1838"
"47,0 : 0.1838"
"0,48 : 0.222"
"48,0 : 0.222"
"0,49 : 0.4211"
"49,0 : 0.4211"
"0,50 : 0.9902"
"50,0 : 0.9902"
"0,51 : 0.536"
"51,0 : 0.536"
"0,52 : 0.6657"
"52,0 : 0.6657"
"0,53 : 0.4319"
"53,0 : 0.4319"
"0,54 : 0.6807"
"54,0 : 0.6807"
"0,55 : 0.2202"
"55,0 : 0.2202"
"0,56 : 0.8609"
"56,0 : 0.8609"
"0,57 : 0.8016"
"57,0 : 0.8016"
"0,58 : 0.5803"
"58,0 : 0.5803"
"0,59 : 0.3774"
"59,0 : 0.3774"
"0,60 : 0.1844"
"60,0 : 0.1844"
"0,61 : 0.3008"
"61,0 : 0.3008"
"0,62 : 0.8792"
"62,0 : 0.8792"
"0,63 : 0.6113"
"63,0 : 0.6113"
"0,64 : 0.6379"
"64,0 : 0.6379"
"0,65 : 0.8701"
"65,0 : 0.8701"
"0,66 : 0.6106"
"66,0 : 0.6106"
"0,67 : 0.8302"
"67,0 : 0.8302"
"0,68 : 0.9571"
"68,0 : 0.9571"
"0,69 : 0.4866"
"69,0 : 0.4866"
"0,70 : 0.2433"
"70,0 : 0.2433"
"0,71 : 0.4294"
"71,0 : 0.4294"
"0,72 : 0.4601"
"72,0 : 0.4601"
"0,73 : 0.3302"
"73,0 : 0.3302"
"0,74 : 1.1064"
"74,0 : 1.1064"
"0,75 : 0.6381"
"75,0 : 0.6381"
"0,76 : 0.9582"
"76,0 : 0.9582"
"0,77 : 0.4687"
"77,0 : 0.4687"
"0,78 : 0.895"
"78,0 : 0.895"
"0,79 : 0.2773"
"79,0 : 0.2773"
"0,80 : 0.7783"
"80,0 : 0.7783"
"0,81 : 0.364"
"81,0 : 0.364"
"0,82 : 0.1281"
"82,0 : 0.1281"
"0,83 : 0.8001"
"83,0 : 0.8001"
"0,84 : 0.7749"
"84,0 : 0.7749"
"0,85 : 0.2766"
"85,0 : 0.2766"
"0,86 : 0.4965"
"86,0 : 0.4965"
"0,87 : 0.8149"
"87,0 : 0.8149"
"0,88 : 0.2902"
"88,0 : 0.2902"
"0,89 : 0.5801"
"89,0 : 0.5801"
"0,90 : 0.1868"
"90,0 : 0.1868"
"0,91 : 0.3905"
"91,0 : 0.3905"
"0,92 : 0.8613"
"92,0 : 0.8613"
"0,93 : 0.9483"
"93,0 : 0.9483"
"0,94 : 0.1903"
"94,0 : 0.1903"
"0,95 : 0.8659"
"95,0 : 0.8659"
"0,96 : 0.3905"
"96,0 : 0.3905"
"0,97 : 0.8944"
"97,0 : 0.8944"
"0,98 : 0.3206"
"98,0 : 0.3206"
"0,99 : 0.5686"
"99,0 : 0.5686"
"1,2 : 0.5334"
"2,1 : 0.5334"
"1,3 : 0.7299"
"3,1 : 0.7299"
"1,4 : 0.5445"
"4,1 : 0.5445"
"1,5 : 0.3178"
"5,1 : 0.3178"
"1,6 : 0.2119"
"6,1 : 0.2119"
"1,7 : 0.5665"
"7,1 : 0.5665"
"1,8 : 0.7269"
"8,1 : 0.7269"
"1,9 : 0.3501"
"9,1 : 0.3501"
"1,10 : 0.5337"
"10,1 : 0.5337"
"1,11 : 0.442"
"11,1 : 0.442"
"1,12 : 0.4793"
"12,1 : 0.4793"
"1,13 : 0.1105"
"13,1 : 0.1105"
"1,14 : 0.428"
"14,1 : 0.428"
"1,15 : 0.3625"
"15,1 : 0.3625"
"1,16 : 0.3669"
"16,1 : 0.3669"
"1,17 : 0.286"
"17,1 : 0.286"
"1,18 : 0.4904"
"18,1 : 0.4904"
"1,19 : 0.6576"
"19,1 : 0.6576"
"1,20 : 0.29"
"20,1 : 0.29"
"1,21 : 0.1005"
"21,1 : 0.1005"
"1,22 : 0.3444"
"22,1 : 0.3444"
"1,23 : 0.3421"
"23,1 : 0.3421"
"1,24 : 0.2302"
"24,1 : 0.2302"
"1,25 : 0.372"
"25,1 : 0.372"
"1,26 : 0.255"
"26,1 : 0.255"
"1,27 : 0.4652"
"27,1 : 0.4652"
"1,28 : 0.559"
"28,1 : 0.559"
"1,29 : 0.3158"
"29,1 : 0.3158"
"1,30 : 0.6727"
"30,1 : 0.6727"
"1,31 : 0.377"
"31,1 : 0.377"
"1,32 : 0.3581"
"32,1 : 0.3581"
"1,33 : 0.586"
"33,1 : 0.586"
"1,34 : 0.7004"
"34,1 : 0.7004"
"1,35 : 0.0806"
"35,1 : 0.0806"
"1,36 : 0.6774"
"36,1 : 0.6774"
"1,37 : 0.4295"
"37,1 : 0.4295"
"1,38 : 0.471"
"38,1 : 0.471"
"1,39 : 0.3561"
"39,1 : 0.3561"
"1,40 : 0.6978"
"40,1 : 0.6978"
"1,41 : 0.3444"
"41,1 : 0.3444"
"1,42 : 0.5148"
"42,1 : 0.5148"
"1,43 : 0.6456"
"43,1 : 0.6456"
"1,44 : 0.1844"
"44,1 : 0.1844"
"1,45 : 0.572"
"45,1 : 0.572"
"1,46 : 0.3711"
"46,1 : 0.3711"
"1,47 : 0.5331"
"47,1 : 0.5331"
"1,48 : 0.3401"
"48,1 : 0.3401"
"1,49 : 0.3158"
"49,1 : 0.3158"
"1,50 : 0.522"
"50,1 : 0.522"
"1,51 : 0.522"
"51,1 : 0.522"
"1,52 : 0.22"
"52,1 : 0.22"
"1,53 : 0.6503"
"53,1 : 0.6503"
"1,54 : 0.5174"
"54,1 : 0.5174"
"1,55 : 0.389"
"55,1 : 0.389"
"1,56 : 0.6106"
"56,1 : 0.6106"
"1,57 : 0.5547"
"57,1 : 0.5547"
"1,58 : 0.3883"
"58,1 : 0.3883"
"1,59 : 0.1456"
"59,1 : 0.1456"
"1,60 : 0.5463"
"60,1 : 0.5463"
"1,61 : 0.2693"
"61,1 : 0.2693"
"1,62 : 0.495"
"62,1 : 0.495"
"1,63 : 0.2921"
"63,1 : 0.2921"
"1,64 : 0.35"
"64,1 : 0.35"
"1,65 : 0.6351"
"65,1 : 0.6351"
"1,66 : 0.1612"
"66,1 : 0.1612"
"1,67 : 0.5323"
"67,1 : 0.5323"
"1,68 : 0.6264"
"68,1 : 0.6264"
"1,69 : 0.2864"
"69,1 : 0.2864"
"1,70 : 0.4123"
"70,1 : 0.4123"
"1,71 : 0.1414"
"71,1 : 0.1414"
"1,72 : 0.05"
"72,1 : 0.05"
"1,73 : 0.3701"
"73,1 : 0.3701"
"1,74 : 0.6485"
"74,1 : 0.6485"
"1,75 : 0.728"
"75,1 : 0.728"
"1,76 : 0.8721"
"76,1 : 0.8721"
"1,77 : 0.622"
"77,1 : 0.622"
"1,78 : 0.7783"
"78,1 : 0.7783"
"1,79 : 0.246"
"79,1 : 0.246"
"1,80 : 0.286"
"80,1 : 0.286"
"1,81 : 0.661"
"81,1 : 0.661"
"1,82 : 0.5012"
"82,1 : 0.5012"
"1,83 : 0.578"
"83,1 : 0.578"
"1,84 : 0.7128"
"84,1 : 0.7128"
"1,85 : 0.592"
"85,1 : 0.592"
"1,86 : 0.2907"
"86,1 : 0.2907"
"1,87 : 0.8453"
"87,1 : 0.8453"
"1,88 : 0.3536"
"88,1 : 0.3536"
"1,89 : 0.4244"
"89,1 : 0.4244"
"1,90 : 0.3489"
"90,1 : 0.3489"
"1,91 : 0.3833"
"91,1 : 0.3833"
"1,92 : 0.7669"
"92,1 : 0.7669"
"1,93 : 0.8273"
"93,1 : 0.8273"
"1,94 : 0.3891"
"94,1 : 0.3891"
"1,95 : 0.7582"
"95,1 : 0.7582"
"1,96 : 0.3214"
"96,1 : 0.3214"
"1,97 : 0.7497"
"97,1 : 0.7497"
"1,98 : 0.7694"
"98,1 : 0.7694"
"1,99 : 0.1118"
"99,1 : 0.1118"
"2,3 : 0.4687"
"3,2 : 0.4687"
"2,4 : 0.968"
"4,2 : 0.968"
"2,5 : 0.6989"
"5,2 : 0.6989"
"2,6 : 0.328"
"6,2 : 0.328"
"2,7 : 0.4752"
"7,2 : 0.4752"
"2,8 : 0.3106"
"8,2 : 0.3106"
"2,9 : 0.7661"
"9,2 : 0.7661"
"2,10 : 0.9801"
"10,2 : 0.9801"
"2,11 : 0.5511"
"11,2 : 0.5511"
"2,12 : 0.9626"
"12,2 : 0.9626"
"2,13 : 0.6351"
"13,2 : 0.6351"
"2,14 : 0.2119"
"14,2 : 0.2119"
"2,15 : 0.6129"
"15,2 : 0.6129"
"2,16 : 0.3956"
"16,2 : 0.3956"
"2,17 : 0.2927"
"17,2 : 0.2927"
"2,18 : 0.9527"
"18,2 : 0.9527"
"2,19 : 0.7301"
"19,2 : 0.7301"
"2,20 : 0.8161"
"20,2 : 0.8161"
"2,21 : 0.4441"
"21,2 : 0.4441"
"2,22 : 0.446"
"22,2 : 0.446"
"2,23 : 0.222"
"23,2 : 0.222"
"2,24 : 0.4826"
"24,2 : 0.4826"
"2,25 : 0.8873"
"25,2 : 0.8873"
"2,26 : 0.6576"
"26,2 : 0.6576"
"2,27 : 0.4717"
"27,2 : 0.4717"
"2,28 : 0.1924"
"28,2 : 0.1924"
"2,29 : 0.5215"
"29,2 : 0.5215"
"2,30 : 0.2441"
"30,2 : 0.2441"
"2,31 : 0.1703"
"31,2 : 0.1703"
"2,32 : 0.2508"
"32,2 : 0.2508"
"2,33 : 0.6201"
"33,2 : 0.6201"
"2,34 : 0.2746"
"34,2 : 0.2746"
"2,35 : 0.586"
"35,2 : 0.586"
"2,36 : 0.2702"
"36,2 : 0.2702"
"2,37 : 0.1844"
"37,2 : 0.1844"
"2,38 : 0.3002"
"38,2 : 0.3002"
"2,39 : 0.6801"
"39,2 : 0.6801"
"2,40 : 0.5948"
"40,2 : 0.5948"
"2,41 : 0.6576"
"41,2 : 0.6576"
"2,42 : 0.8721"
"42,2 : 0.8721"
"2,43 : 0.1836"
"43,2 : 0.1836"
"2,44 : 0.5045"
"44,2 : 0.5045"
"2,45 : 0.7398"
"45,2 : 0.7398"
"2,46 : 0.5573"
"46,2 : 0.5573"
"2,47 : 0.0671"
"47,2 : 0.0671"
"2,48 : 0.3225"
"48,2 : 0.3225"
"2,49 : 0.5215"
"49,2 : 0.5215"
"2,50 : 0.9936"
"50,2 : 0.9936"
"2,51 : 0.451"
"51,2 : 0.451"
"2,52 : 0.6721"
"52,2 : 0.6721"
"2,53 : 0.314"
"53,2 : 0.314"
"2,54 : 0.614"
"54,2 : 0.614"
"2,55 : 0.1749"
"55,2 : 0.1749"
"2,56 : 0.8023"
"56,2 : 0.8023"
"2,57 : 0.7453"
"57,2 : 0.7453"
"2,58 : 0.6818"
"58,2 : 0.6818"
"2,59 : 0.4397"
"59,2 : 0.4397"
"2,60 : 0.064"
"60,2 : 0.064"
"2,61 : 0.3901"
"61,2 : 0.3901"
"2,62 : 0.8542"
"62,2 : 0.8542"
"2,63 : 0.6958"
"63,2 : 0.6958"
"2,64 : 0.6042"
"64,2 : 0.6042"
"2,65 : 0.8075"
"65,2 : 0.8075"
"2,66 : 0.6685"
"66,2 : 0.6685"
"2,67 : 0.7845"
"67,2 : 0.7845"
"2,68 : 0.9139"
"68,2 : 0.9139"
"2,69 : 0.5801"
"69,2 : 0.5801"
"2,70 : 0.1803"
"70,2 : 0.1803"
"2,71 : 0.4973"
"71,2 : 0.4973"
"2,72 : 0.4909"
"72,2 : 0.4909"
"2,73 : 0.2751"
"73,2 : 0.2751"
"2,74 : 1.1021"
"74,2 : 1.1021"
"2,75 : 0.5277"
"75,2 : 0.5277"
"2,76 : 0.8635"
"76,2 : 0.8635"
"2,77 : 0.3578"
"77,2 : 0.3578"
"2,78 : 0.8075"
"78,2 : 0.8075"
"2,79 : 0.3536"
"79,2 : 0.3536"
"2,80 : 0.8043"
"80,2 : 0.8043"
"2,81 : 0.2421"
"81,2 : 0.2421"
"2,82 : 0.0361"
"82,2 : 0.0361"
"2,83 : 0.7382"
"83,2 : 0.7382"
"2,84 : 0.6825"
"84,2 : 0.6825"
"2,85 : 0.1556"
"85,2 : 0.1556"
"2,86 : 0.5901"
"86,2 : 0.5901"
"2,87 : 0.7068"
"87,2 : 0.7068"
"2,88 : 0.246"
"88,2 : 0.246"
"2,89 : 0.5217"
"89,2 : 0.5217"
"2,90 : 0.186"
"90,2 : 0.186"
"2,91 : 0.3298"
"91,2 : 0.3298"
"2,92 : 0.771"
"92,2 : 0.771"
"2,93 : 0.8599"
"93,2 : 0.8599"
"2,94 : 0.3008"
"94,2 : 0.3008"
"2,95 : 0.7778"
"95,2 : 0.7778"
"2,96 : 0.4925"
"96,2 : 0.4925"
"2,97 : 0.8122"
"97,2 : 0.8122"
"2,98 : 0.2377"
"98,2 : 0.2377"
"2,99 : 0.6224"
"99,2 : 0.6224"
"3,4 : 0.8947"
"4,3 : 0.8947"
"3,5 : 0.6772"
"5,3 : 0.6772"
"3,6 : 0.5536"
"6,3 : 0.5536"
"3,7 : 0.2062"
"7,3 : 0.2062"
"3,8 : 0.22"
"8,3 : 0.22"
"3,9 : 0.7463"
"9,3 : 0.7463"
"3,10 : 0.9304"
"10,3 : 0.9304"
"3,11 : 0.3992"
"11,3 : 0.3992"
"3,12 : 0.9646"
"12,3 : 0.9646"
"3,13 : 0.8373"
"13,3 : 0.8373"
"3,14 : 0.6505"
"14,3 : 0.6505"
"3,15 : 0.9795"
"15,3 : 0.9795"
"3,16 : 0.3701"
"16,3 : 0.3701"
"3,17 : 0.6519"
"17,3 : 0.6519"
"3,18 : 0.9285"
"18,3 : 0.9285"
"3,19 : 0.422"
"19,3 : 0.422"
"3,20 : 0.9244"
"20,3 : 0.9244"
"3,21 : 0.6335"
"21,3 : 0.6335"
"3,22 : 0.4111"
"22,3 : 0.4111"
"3,23 : 0.4429"
"23,3 : 0.4429"
"3,24 : 0.5301"
"24,3 : 0.5301"
"3,25 : 0.9571"
"25,3 : 0.9571"
"3,26 : 0.9551"
"26,3 : 0.9551"
"3,27 : 0.3105"
"27,3 : 0.3105"
"3,28 : 0.278"
"28,3 : 0.278"
"3,29 : 0.8907"
"29,3 : 0.8907"
"3,30 : 0.2571"
"30,3 : 0.2571"
"3,31 : 0.4522"
"31,3 : 0.4522"
"3,32 : 0.6544"
"32,3 : 0.6544"
"3,33 : 0.3397"
"33,3 : 0.3397"
"3,34 : 0.2419"
"34,3 : 0.2419"
"3,35 : 0.7311"
"35,3 : 0.7311"
"3,36 : 0.2256"
"36,3 : 0.2256"
"3,37 : 0.3662"
"37,3 : 0.3662"
"3,38 : 0.2657"
"38,3 : 0.2657"
"3,39 : 1.0216"
"39,3 : 1.0216"
"3,40 : 0.2012"
"40,3 : 0.2012"
"3,41 : 0.6008"
"41,3 : 0.6008"
"3,42 : 0.758"
"42,3 : 0.758"
"3,43 : 0.3162"
"43,3 : 0.3162"
"3,44 : 0.58"
"44,3 : 0.58"
"3,45 : 0.5099"
"45,3 : 0.5099"
"3,46 : 0.9415"
"46,3 : 0.9415"
"3,47 : 0.4022"
"47,3 : 0.4022"
"3,48 : 0.722"
"48,3 : 0.722"
"3,49 : 0.8907"
"49,3 : 0.8907"
"3,50 : 0.9731"
"50,3 : 0.9731"
"3,51 : 0.2377"
"51,3 : 0.2377"
"3,52 : 0.7269"
"52,3 : 0.7269"
"3,53 : 0.1565"
"53,3 : 0.1565"
"3,54 : 0.3966"
"54,3 : 0.3966"
"3,55 : 0.4244"
"55,3 : 0.4244"
"3,56 : 0.5657"
"56,3 : 0.5657"
"3,57 : 0.5326"
"57,3 : 0.5326"
"3,58 : 1.0379"
"58,3 : 1.0379"
"3,59 : 0.728"
"59,3 : 0.728"
"3,60 : 0.405"
"60,3 : 0.405"
"3,61 : 0.7529"
"61,3 : 0.7529"
"3,62 : 0.7479"
"62,3 : 0.7479"
"3,63 : 0.9962"
"63,3 : 0.9962"
"3,64 : 0.5345"
"64,3 : 0.5345"
"3,65 : 0.5523"
"65,3 : 0.5523"
"3,66 : 0.8911"
"66,3 : 0.8911"
"3,67 : 0.608"
"67,3 : 0.608"
"3,68 : 0.7225"
"68,3 : 0.7225"
"3,69 : 0.922"
"69,3 : 0.922"
"3,70 : 0.3883"
"70,3 : 0.3883"
"3,71 : 0.7843"
"71,3 : 0.7843"
"3,72 : 0.6807"
"72,3 : 0.6807"
"3,73 : 0.3734"
"73,3 : 0.3734"
"3,74 : 1.0383"
"74,3 : 1.0383"
"3,75 : 0.0825"
"75,3 : 0.0825"
"3,76 : 0.454"
"76,3 : 0.454"
"3,77 : 0.1221"
"77,3 : 0.1221"
"3,78 : 0.4366"
"78,3 : 0.4366"
"3,79 : 0.6984"
"79,3 : 0.6984"
"3,80 : 0.8968"
"80,3 : 0.8968"
"3,81 : 0.25"
"81,3 : 0.25"
"3,82 : 0.4561"
"82,3 : 0.4561"
"3,83 : 0.5025"
"83,3 : 0.5025"
"3,84 : 0.3087"
"84,3 : 0.3087"
"3,85 : 0.3176"
"85,3 : 0.3176"
"3,86 : 0.9311"
"86,3 : 0.9311"
"3,87 : 0.2532"
"87,3 : 0.2532"
"3,88 : 0.4072"
"88,3 : 0.4072"
"3,89 : 0.389"
"89,3 : 0.389"
"3,90 : 0.4965"
"90,3 : 0.4965"
"3,91 : 0.3471"
"91,3 : 0.3471"
"3,92 : 0.3922"
"92,3 : 0.3922"
"3,93 : 0.478"
"93,3 : 0.478"
"3,94 : 0.7235"
"94,3 : 0.7235"
"3,95 : 0.4085"
"95,3 : 0.4085"
"3,96 : 0.8695"
"96,3 : 0.8695"
"3,97 : 0.4652"
"97,3 : 0.4652"
"3,98 : 0.4817"
"98,3 : 0.4817"
"3,99 : 0.8417"
"99,3 : 0.8417"
"4,5 : 0.2693"
"5,4 : 0.2693"
"4,6 : 0.6671"
"6,4 : 0.6671"
"4,7 : 0.6896"
"7,4 : 0.6896"
"4,8 : 1.0167"
"8,4 : 1.0167"
"4,9 : 0.2062"
"9,4 : 0.2062"
"4,10 : 0.0539"
"10,4 : 0.0539"
"4,11 : 0.4993"
"11,4 : 0.4993"
"4,12 : 0.1562"
"12,4 : 0.1562"
"4,13 : 0.5315"
"13,4 : 0.5315"
"4,14 : 0.9398"
"14,4 : 0.9398"
"4,15 : 0.8737"
"15,4 : 0.8737"
"4,16 : 0.6011"
"16,4 : 0.6011"
"4,17 : 0.8065"
"17,4 : 0.8065"
"4,18 : 0.099"
"18,4 : 0.099"
"4,19 : 0.5459"
"19,4 : 0.5459"
"4,20 : 0.3547"
"20,4 : 0.3547"
"4,21 : 0.5757"
"21,4 : 0.5757"
"4,22 : 0.5445"
"22,4 : 0.5445"
"4,23 : 0.7463"
"23,4 : 0.7463"
"4,24 : 0.4855"
"24,4 : 0.4855"
"4,25 : 0.283"
"25,4 : 0.283"
"4,26 : 0.7201"
"26,4 : 0.7201"
"4,27 : 0.5964"
"27,4 : 0.5964"
"4,28 : 0.8911"
"28,4 : 0.8911"
"4,29 : 0.8501"
"29,4 : 0.8501"
"4,30 : 0.9909"
"30,4 : 0.9909"
"4,31 : 0.7992"
"31,4 : 0.7992"
"4,32 : 0.876"
"32,4 : 0.876"
"4,33 : 0.5725"
"33,4 : 0.5725"
"4,34 : 1.0066"
"34,4 : 1.0066"
"4,35 : 0.4639"
"35,4 : 0.4639"
"4,36 : 0.9784"
"36,4 : 0.9784"
"4,37 : 0.7981"
"37,4 : 0.7981"
"4,38 : 0.7428"
"38,4 : 0.7428"
"4,39 : 0.8336"
"39,4 : 0.8336"
"4,40 : 0.74"
"40,4 : 0.74"
"4,41 : 0.3183"
"41,4 : 0.3183"
"4,42 : 0.1432"
"42,4 : 0.1432"
"4,43 : 0.9972"
"43,4 : 0.9972"
"4,44 : 0.4696"
"44,4 : 0.4696"
"4,45 : 0.4177"
"45,4 : 0.4177"
"4,46 : 0.9002"
"46,4 : 0.9002"
"4,47 : 0.936"
"47,4 : 0.936"
"4,48 : 0.8756"
"48,4 : 0.8756"
"4,49 : 0.8501"
"49,4 : 0.8501"
"4,50 : 0.1208"
"50,4 : 0.1208"
"4,51 : 0.6657"
"51,4 : 0.6657"
"4,52 : 0.3276"
"52,4 : 0.3276"
"4,53 : 0.9121"
"53,4 : 0.9121"
"4,54 : 0.5016"
"54,4 : 0.5016"
"4,55 : 0.7932"
"55,4 : 0.7932"
"4,56 : 0.3905"
"56,4 : 0.3905"
"4,57 : 0.3883"
"57,4 : 0.3883"
"4,58 : 0.873"
"58,4 : 0.873"
"4,59 : 0.6888"
"59,4 : 0.6888"
"4,60 : 0.95"
"60,4 : 0.95"
"4,61 : 0.8122"
"61,4 : 0.8122"
"4,62 : 0.1487"
"62,4 : 0.1487"
"4,63 : 0.7376"
"63,4 : 0.7376"
"4,64 : 0.3821"
"64,4 : 0.3821"
"4,65 : 0.4201"
"65,4 : 0.4201"
"4,66 : 0.5672"
"66,4 : 0.5672"
"4,67 : 0.3059"
"67,4 : 0.3059"
"4,68 : 0.2571"
"68,4 : 0.2571"
"4,69 : 0.8016"
"69,4 : 0.8016"
"4,70 : 0.794"
"70,4 : 0.794"
"4,71 : 0.6818"
"71,4 : 0.6818"
"4,72 : 0.5532"
"72,4 : 0.5532"
"4,73 : 0.7043"
"73,4 : 0.7043"
"4,74 : 0.1442"
"74,4 : 0.1442"
"4,75 : 0.8417"
"75,4 : 0.8417"
"4,76 : 0.7306"
"76,4 : 0.7306"
"4,77 : 0.8463"
"77,4 : 0.8463"
"4,78 : 0.6401"
"78,4 : 0.6401"
"4,79 : 0.781"
"79,4 : 0.781"
"4,80 : 0.3257"
"80,4 : 0.3257"
"4,81 : 0.9767"
"81,4 : 0.9767"
"4,82 : 0.9319"
"82,4 : 0.9319"
"4,83 : 0.4276"
"83,4 : 0.4276"
"4,84 : 0.6747"
"84,4 : 0.6747"
"4,85 : 0.9485"
"85,4 : 0.9485"
"4,86 : 0.8022"
"86,4 : 0.8022"
"4,87 : 0.8472"
"87,4 : 0.8472"
"4,88 : 0.7242"
"88,4 : 0.7242"
"4,89 : 0.5161"
"89,4 : 0.5161"
"4,90 : 0.7965"
"90,4 : 0.7965"
"4,91 : 0.6653"
"91,4 : 0.6653"
"4,92 : 0.6619"
"92,4 : 0.6619"
"4,93 : 0.6612"
"93,4 : 0.6612"
"4,94 : 0.9218"
"94,4 : 0.9218"
"4,95 : 0.6412"
"95,4 : 0.6412"
"4,96 : 0.8609"
"96,4 : 0.8609"
"4,97 : 0.59"
"97,4 : 0.59"
"4,98 : 1.1715"
"98,4 : 1.1715"
"4,99 : 0.5614"
"99,4 : 0.5614"
"5,6 : 0.4016"
"6,5 : 0.4016"
"5,7 : 0.473"
"7,5 : 0.473"
"5,8 : 0.7685"
"8,5 : 0.7685"
"5,9 : 0.0721"
"9,5 : 0.0721"
"5,10 : 0.2832"
"10,5 : 0.2832"
"5,11 : 0.2828"
"11,5 : 0.2828"
"5,12 : 0.2907"
"12,5 : 0.2907"
"5,13 : 0.3499"
"13,5 : 0.3499"
"5,14 : 0.6772"
"14,5 : 0.6772"
"5,15 : 0.6768"
"15,5 : 0.6768"
"5,16 : 0.3441"
"16,5 : 0.3441"
"5,17 : 0.5492"
"17,5 : 0.5492"
"5,18 : 0.264"
"18,5 : 0.264"
"5,19 : 0.4272"
"19,5 : 0.4272"
"5,20 : 0.2879"
"20,5 : 0.2879"
"5,21 : 0.3214"
"21,5 : 0.3214"
"5,22 : 0.2884"
"22,5 : 0.2884"
"5,23 : 0.4771"
"23,5 : 0.4771"
"5,24 : 0.2163"
"24,5 : 0.2163"
"5,25 : 0.2902"
"25,5 : 0.2902"
"5,26 : 0.5459"
"26,5 : 0.5459"
"5,27 : 0.3669"
"27,5 : 0.3669"
"5,28 : 0.6313"
"28,5 : 0.6313"
"5,29 : 0.6335"
"29,5 : 0.6335"
"5,30 : 0.736"
"30,5 : 0.736"
"5,31 : 0.53"
"31,5 : 0.53"
"5,32 : 0.6161"
"32,5 : 0.6161"
"5,33 : 0.402"
"33,5 : 0.402"
"5,34 : 0.7545"
"34,5 : 0.7545"
"5,35 : 0.2435"
"35,5 : 0.2435"
"5,36 : 0.7267"
"36,5 : 0.7267"
"5,37 : 0.5315"
"37,5 : 0.5315"
"5,38 : 0.4883"
"38,5 : 0.4883"
"5,39 : 0.6574"
"39,5 : 0.6574"
"5,40 : 0.5601"
"40,5 : 0.5601"
"5,41 : 0.08"
"41,5 : 0.08"
"5,42 : 0.2"
"42,5 : 0.2"
"5,43 : 0.7366"
"43,5 : 0.7366"
"5,44 : 0.2025"
"44,5 : 0.2025"
"5,45 : 0.3089"
"45,5 : 0.3089"
"5,46 : 0.6888"
"46,5 : 0.6888"
"5,47 : 0.6684"
"47,5 : 0.6684"
"5,48 : 0.6239"
"48,5 : 0.6239"
"5,49 : 0.6335"
"49,5 : 0.6335"
"5,50 : 0.3081"
"50,5 : 0.3081"
"5,51 : 0.4397"
"51,5 : 0.4397"
"5,52 : 0.114"
"52,5 : 0.114"
"5,53 : 0.6673"
"53,5 : 0.6673"
"5,54 : 0.3214"
"54,5 : 0.3214"
"5,55 : 0.5243"
"55,5 : 0.5243"
"5,56 : 0.3265"
"56,5 : 0.3265"
"5,57 : 0.283"
"57,5 : 0.283"
"5,58 : 0.6935"
"58,5 : 0.6935"
"5,59 : 0.451"
"59,5 : 0.451"
"5,60 : 0.6825"
"60,5 : 0.6825"
"5,61 : 0.57"
"61,5 : 0.57"
"5,62 : 0.18"
"62,5 : 0.18"
"5,63 : 0.5745"
"63,5 : 0.5745"
"5,64 : 0.1432"
"64,5 : 0.1432"
"5,65 : 0.3561"
"65,5 : 0.3561"
"5,66 : 0.4022"
"66,5 : 0.4022"
"5,67 : 0.2335"
"67,5 : 0.2335"
"5,68 : 0.3102"
"68,5 : 0.3102"
"5,69 : 0.6008"
"69,5 : 0.6008"
"5,70 : 0.5263"
"70,5 : 0.5263"
"5,71 : 0.4589"
"71,5 : 0.4589"
"5,72 : 0.3106"
"72,5 : 0.3106"
"5,73 : 0.4386"
"73,5 : 0.4386"
"5,74 : 0.4046"
"74,5 : 0.4046"
"5,75 : 0.6395"
"75,5 : 0.6395"
"5,76 : 0.6447"
"76,5 : 0.6447"
"5,77 : 0.6084"
"77,5 : 0.6084"
"5,78 : 0.5463"
"78,5 : 0.5463"
"5,79 : 0.5315"
"79,5 : 0.5315"
"5,80 : 0.253"
"80,5 : 0.253"
"5,81 : 0.722"
"81,5 : 0.722"
"5,82 : 0.6629"
"82,5 : 0.6629"
"5,83 : 0.3176"
"83,5 : 0.3176"
"5,84 : 0.5277"
"84,5 : 0.5277"
"5,85 : 0.6862"
"85,5 : 0.6862"
"5,86 : 0.6041"
"86,5 : 0.6041"
"5,87 : 0.6926"
"87,5 : 0.6926"
"5,88 : 0.4561"
"88,5 : 0.4561"
"5,89 : 0.2886"
"89,5 : 0.2886"
"5,90 : 0.5277"
"90,5 : 0.5277"
"5,91 : 0.4046"
"91,5 : 0.4046"
"5,92 : 0.5503"
"92,5 : 0.5503"
"5,93 : 0.5859"
"93,5 : 0.5859"
"5,94 : 0.6675"
"94,5 : 0.6675"
"5,95 : 0.5349"
"95,5 : 0.5349"
"5,96 : 0.6379"
"96,5 : 0.6379"
"5,97 : 0.5054"
"97,5 : 0.5054"
"5,98 : 0.9061"
"98,5 : 0.9061"
"5,99 : 0.3759"
"99,5 : 0.3759"
"6,7 : 0.4264"
"7,6 : 0.4264"
"6,8 : 0.5209"
"8,6 : 0.5209"
"6,9 : 0.461"
"9,6 : 0.461"
"6,10 : 0.6712"
"10,6 : 0.6712"
"6,11 : 0.3716"
"11,6 : 0.3716"
"6,12 : 0.642"
"12,6 : 0.642"
"6,13 : 0.3202"
"13,6 : 0.3202"
"6,14 : 0.2766"
"14,6 : 0.2766"
"6,15 : 0.436"
"15,6 : 0.436"
"6,16 : 0.2343"
"16,6 : 0.2343"
"6,17 : 0.1628"
"17,6 : 0.1628"
"6,18 : 0.6381"
"18,6 : 0.6381"
"6,19 : 0.5948"
"19,6 : 0.5948"
"6,20 : 0.4883"
"20,6 : 0.4883"
"6,21 : 0.1166"
"21,6 : 0.1166"
"6,22 : 0.246"
"22,6 : 0.246"
"6,23 : 0.1315"
"23,6 : 0.1315"
"6,24 : 0.2002"
"24,6 : 0.2002"
"6,25 : 0.5597"
"25,6 : 0.5597"
"6,26 : 0.4026"
"26,6 : 0.4026"
"6,27 : 0.3483"
"27,6 : 0.3483"
"6,28 : 0.3513"
"28,6 : 0.3513"
"6,29 : 0.3538"
"29,6 : 0.3538"
"6,30 : 0.4639"
"30,6 : 0.4639"
"6,31 : 0.1655"
"31,6 : 0.1655"
"6,32 : 0.2202"
"32,6 : 0.2202"
"6,33 : 0.4993"
"33,6 : 0.4993"
"6,34 : 0.4925"
"34,6 : 0.4925"
"6,35 : 0.2581"
"35,6 : 0.2581"
"6,36 : 0.471"
"36,6 : 0.471"
"6,37 : 0.2209"
"37,6 : 0.2209"
"6,38 : 0.2879"
"38,6 : 0.2879"
"6,39 : 0.4696"
"39,6 : 0.4696"
"6,40 : 0.5673"
"40,6 : 0.5673"
"6,41 : 0.3833"
"41,6 : 0.3833"
"6,42 : 0.5944"
"42,6 : 0.5944"
"6,43 : 0.4342"
"43,6 : 0.4342"
"6,44 : 0.1992"
"44,6 : 0.1992"
"6,45 : 0.5482"
"45,6 : 0.5482"
"6,46 : 0.4101"
"46,6 : 0.4101"
"6,47 : 0.322"
"47,6 : 0.322"
"6,48 : 0.2474"
"48,6 : 0.2474"
"6,49 : 0.3538"
"49,6 : 0.3538"
"6,50 : 0.6768"
"50,6 : 0.6768"
"6,51 : 0.3829"
"51,6 : 0.3829"
"6,52 : 0.3523"
"52,6 : 0.3523"
"6,53 : 0.4528"
"53,6 : 0.4528"
"6,54 : 0.4519"
"54,6 : 0.4519"
"6,55 : 0.1772"
"55,6 : 0.1772"
"6,56 : 0.6021"
"56,6 : 0.6021"
"6,57 : 0.5413"
"57,6 : 0.5413"
"6,58 : 0.4888"
"58,6 : 0.4888"
"6,59 : 0.1746"
"59,6 : 0.1746"
"6,60 : 0.3354"
"60,6 : 0.3354"
"6,61 : 0.2302"
"61,6 : 0.2302"
"6,62 : 0.5749"
"62,6 : 0.5749"
"6,63 : 0.4438"
"63,6 : 0.4438"
"6,64 : 0.3501"
"64,6 : 0.3501"
"6,65 : 0.6185"
"65,6 : 0.6185"
"6,66 : 0.3635"
"66,6 : 0.3635"
"6,67 : 0.5508"
"67,6 : 0.5508"
"6,68 : 0.6703"
"68,6 : 0.6703"
"6,69 : 0.3722"
"69,6 : 0.3722"
"6,70 : 0.2022"
"70,6 : 0.2022"
"6,71 : 0.2309"
"71,6 : 0.2309"
"6,72 : 0.1655"
"72,6 : 0.1655"
"6,73 : 0.1803"
"73,6 : 0.1803"
"6,74 : 0.7926"
"74,6 : 0.7926"
"6,75 : 0.5682"
"75,6 : 0.5682"
"6,76 : 0.7882"
"76,6 : 0.7882"
"6,77 : 0.4368"
"77,6 : 0.4368"
"6,78 : 0.7049"
"78,6 : 0.7049"
"6,79 : 0.1749"
"79,6 : 0.1749"
"6,80 : 0.4763"
"80,6 : 0.4763"
"6,81 : 0.4528"
"81,6 : 0.4528"
"6,82 : 0.2941"
"82,6 : 0.2941"
"6,83 : 0.5508"
"83,6 : 0.5508"
"6,84 : 0.6107"
"84,6 : 0.6107"
"6,85 : 0.3808"
"85,6 : 0.3808"
"6,86 : 0.3808"
"86,6 : 0.3808"
"6,87 : 0.7122"
"87,6 : 0.7122"
"6,88 : 0.1513"
"88,6 : 0.1513"
"6,89 : 0.3444"
"89,6 : 0.3444"
"6,90 : 0.1421"
"90,6 : 0.1421"
"6,91 : 0.2163"
"91,6 : 0.2163"
"6,92 : 0.6824"
"92,6 : 0.6824"
"6,93 : 0.758"
"93,6 : 0.758"
"6,94 : 0.2816"
"94,6 : 0.2816"
"6,95 : 0.6796"
"95,6 : 0.6796"
"6,96 : 0.3397"
"96,6 : 0.3397"
"6,97 : 0.6888"
"97,6 : 0.6888"
"6,98 : 0.5608"
"98,6 : 0.5608"
"6,99 : 0.314"
"99,6 : 0.314"
"7,8 : 0.3551"
"8,7 : 0.3551"
"7,9 : 0.5412"
"9,7 : 0.5412"
"7,10 : 0.7245"
"10,7 : 0.7245"
"7,11 : 0.1931"
"11,7 : 0.1931"
"7,12 : 0.7589"
"12,7 : 0.7589"
"7,13 : 0.6676"
"13,7 : 0.6676"
"7,14 : 0.6037"
"14,7 : 0.6037"
"7,15 : 0.8621"
"15,7 : 0.8621"
"7,16 : 0.2012"
"16,7 : 0.2012"
"7,17 : 0.5608"
"17,7 : 0.5608"
"7,18 : 0.7224"
"18,7 : 0.7224"
"7,19 : 0.2668"
"19,7 : 0.2668"
"7,20 : 0.7301"
"20,7 : 0.7301"
"7,21 : 0.4785"
"21,7 : 0.4785"
"7,22 : 0.2256"
"22,7 : 0.2256"
"7,23 : 0.3523"
"23,7 : 0.3523"
"7,24 : 0.3471"
"24,7 : 0.3471"
"7,25 : 0.7566"
"25,7 : 0.7566"
"7,26 : 0.8095"
"26,7 : 0.8095"
"7,27 : 0.11"
"27,7 : 0.11"
"7,28 : 0.3007"
"28,7 : 0.3007"
"7,29 : 0.7799"
"29,7 : 0.7799"
"7,30 : 0.3547"
"30,7 : 0.3547"
"7,31 : 0.3847"
"31,7 : 0.3847"
"7,32 : 0.5852"
"32,7 : 0.5852"
"7,33 : 0.1616"
"33,7 : 0.1616"
"7,34 : 0.3578"
"34,7 : 0.3578"
"7,35 : 0.5532"
"35,7 : 0.5532"
"7,36 : 0.3311"
"36,7 : 0.3311"
"7,37 : 0.3102"
"37,7 : 0.3102"
"7,38 : 0.1803"
"38,7 : 0.1803"
"7,39 : 0.8904"
"39,7 : 0.8904"
"7,40 : 0.1414"
"40,7 : 0.1414"
"7,41 : 0.3956"
"41,7 : 0.3956"
"7,42 : 0.5547"
"42,7 : 0.5547"
"7,43 : 0.3905"
"43,7 : 0.3905"
"7,44 : 0.3981"
"44,7 : 0.3981"
"7,45 : 0.322"
"45,7 : 0.322"
"7,46 : 0.8355"
"46,7 : 0.8355"
"7,47 : 0.4119"
"47,7 : 0.4119"
"7,48 : 0.642"
"48,7 : 0.642"
"7,49 : 0.7799"
"49,7 : 0.7799"
"7,50 : 0.7669"
"50,7 : 0.7669"
"7,51 : 0.0447"
"51,7 : 0.0447"
"7,52 : 0.5304"
"52,7 : 0.5304"
"7,53 : 0.2506"
"53,7 : 0.2506"
"7,54 : 0.198"
"54,7 : 0.198"
"7,55 : 0.3578"
"55,7 : 0.3578"
"7,56 : 0.3828"
"56,7 : 0.3828"
"7,57 : 0.3406"
"57,7 : 0.3406"
"7,58 : 0.9126"
"58,7 : 0.9126"
"7,59 : 0.5964"
"59,7 : 0.5964"
"7,60 : 0.4211"
"60,7 : 0.4211"
"7,61 : 0.6505"
"61,7 : 0.6505"
"7,62 : 0.5438"
"62,7 : 0.5438"
"7,63 : 0.8497"
"63,7 : 0.8497"
"7,64 : 0.3298"
"64,7 : 0.3298"
"7,65 : 0.3759"
"65,7 : 0.3759"
"7,66 : 0.7242"
"66,7 : 0.7242"
"7,67 : 0.4104"
"67,7 : 0.4104"
"7,68 : 0.5315"
"68,7 : 0.5315"
"7,69 : 0.7963"
"69,7 : 0.7963"
"7,70 : 0.327"
"70,7 : 0.327"
"7,71 : 0.6466"
"71,7 : 0.6466"
"7,72 : 0.52"
"72,7 : 0.52"
"7,73 : 0.264"
"73,7 : 0.264"
"7,74 : 0.8335"
"74,7 : 0.8335"
"7,75 : 0.17"
"75,7 : 0.17"
"7,76 : 0.3922"
"76,7 : 0.3922"
"7,77 : 0.1749"
"77,7 : 0.1749"
"7,78 : 0.3324"
"78,7 : 0.3324"
"7,79 : 0.594"
"79,7 : 0.594"
"7,80 : 0.7006"
"80,7 : 0.7006"
"7,81 : 0.3418"
"81,7 : 0.3418"
"7,82 : 0.4491"
"82,7 : 0.4491"
"7,83 : 0.3162"
"83,7 : 0.3162"
"7,84 : 0.2088"
"84,7 : 0.2088"
"7,85 : 0.3622"
"85,7 : 0.3622"
"7,86 : 0.8045"
"86,7 : 0.8045"
"7,87 : 0.286"
"87,7 : 0.286"
"7,88 : 0.3081"
"88,7 : 0.3081"
"7,89 : 0.1844"
"89,7 : 0.1844"
"7,90 : 0.4219"
"90,7 : 0.4219"
"7,91 : 0.2121"
"91,7 : 0.2121"
"7,92 : 0.2961"
"92,7 : 0.2961"
"7,93 : 0.3847"
"93,7 : 0.3847"
"7,94 : 0.6573"
"94,7 : 0.6573"
"7,95 : 0.3027"
"95,7 : 0.3027"
"7,96 : 0.7642"
"96,7 : 0.7642"
"7,97 : 0.3401"
"97,7 : 0.3401"
"7,98 : 0.5797"
"98,7 : 0.5797"
"7,99 : 0.6768"
"99,7 : 0.6768"
"8,9 : 0.8406"
"9,8 : 0.8406"
"8,10 : 1.044"
"10,8 : 1.044"
"8,11 : 0.5233"
"11,8 : 0.5233"
"8,12 : 1.0582"
"12,8 : 1.0582"
"8,13 : 0.8373"
"13,8 : 0.8373"
"8,14 : 0.5188"
"14,8 : 0.5188"
"8,15 : 0.8999"
"15,8 : 0.8999"
"8,16 : 0.4254"
"16,8 : 0.4254"
"8,17 : 0.5652"
"17,8 : 0.5652"
"8,18 : 1.0317"
"18,8 : 1.0317"
"8,19 : 0.6133"
"19,8 : 0.6133"
"8,20 : 0.9708"
"20,8 : 0.9708"
"8,21 : 0.6265"
"21,8 : 0.6265"
"8,22 : 0.4802"
"22,8 : 0.4802"
"8,23 : 0.3901"
"23,8 : 0.3901"
"8,24 : 0.5778"
"24,8 : 0.5778"
"8,25 : 1.0216"
"25,8 : 1.0216"
"8,26 : 0.9127"
"26,8 : 0.9127"
"8,27 : 0.4243"
"27,8 : 0.4243"
"8,28 : 0.17"
"28,8 : 0.17"
"8,29 : 0.8078"
"29,8 : 0.8078"
"8,30 : 0.0671"
"30,8 : 0.0671"
"8,31 : 0.3722"
"31,8 : 0.3722"
"8,32 : 0.5442"
"32,8 : 0.5442"
"8,33 : 0.5148"
"33,8 : 0.5148"
"8,34 : 0.0361"
"34,8 : 0.0361"
"8,35 : 0.7519"
"35,8 : 0.7519"
"8,36 : 0.05"
"36,8 : 0.05"
"8,37 : 0.3002"
"37,8 : 0.3002"
"8,38 : 0.2818"
"38,8 : 0.2818"
"8,39 : 0.9571"
"39,8 : 0.9571"
"8,40 : 0.41"
"40,8 : 0.41"
"8,41 : 0.7021"
"41,8 : 0.7021"
"8,42 : 0.8914"
"42,8 : 0.8914"
"8,43 : 0.1281"
"43,8 : 0.1281"
"8,44 : 0.6203"
"44,8 : 0.6203"
"8,45 : 0.6768"
"45,8 : 0.6768"
"8,46 : 0.8507"
"46,8 : 0.8507"
"8,47 : 0.255"
"47,8 : 0.255"
"8,48 : 0.6168"
"48,8 : 0.6168"
"8,49 : 0.8078"
"49,8 : 0.8078"
"8,50 : 1.0762"
"50,8 : 1.0762"
"8,51 : 0.3624"
"51,8 : 0.3624"
"8,52 : 0.7879"
"52,8 : 0.7879"
"8,53 : 0.1063"
"53,8 : 0.1063"
"8,54 : 0.55"
"54,8 : 0.55"
"8,55 : 0.3506"
"55,8 : 0.3506"
"8,56 : 0.7378"
"56,8 : 0.7378"
"8,57 : 0.694"
"57,8 : 0.694"
"8,58 : 0.9654"
"58,8 : 0.9654"
"8,59 : 0.6812"
"59,8 : 0.6812"
"8,60 : 0.2506"
"60,8 : 0.2506"
"8,61 : 0.6694"
"61,8 : 0.6694"
"8,62 : 0.8778"
"62,8 : 0.8778"
"8,63 : 0.9534"
"63,8 : 0.9534"
"8,64 : 0.636"
"64,8 : 0.636"
"8,65 : 0.7306"
"65,8 : 0.7306"
"8,66 : 0.8836"
"66,8 : 0.8836"
"8,67 : 0.7593"
"67,8 : 0.7593"
"8,68 : 0.8841"
"68,8 : 0.8841"
"8,69 : 0.8551"
"69,8 : 0.8551"
"8,70 : 0.32"
"70,8 : 0.32"
"8,71 : 0.7411"
"71,8 : 0.7411"
"8,72 : 0.6774"
"72,8 : 0.6774"
"8,73 : 0.3614"
"73,8 : 0.3614"
"8,74 : 1.1604"
"74,8 : 1.1604"
"8,75 : 0.3007"
"75,8 : 0.3007"
"8,76 : 0.6727"
"76,8 : 0.6727"
"8,77 : 0.1803"
"77,8 : 0.1803"
"8,78 : 0.6476"
"78,8 : 0.6476"
"8,79 : 0.6217"
"79,8 : 0.6217"
"8,80 : 0.9492"
"80,8 : 0.9492"
"8,81 : 0.0728"
"81,8 : 0.0728"
"8,82 : 0.313"
"82,8 : 0.313"
"8,83 : 0.6712"
"83,8 : 0.6712"
"8,84 : 0.5166"
"84,8 : 0.5166"
"8,85 : 0.1616"
"85,8 : 0.1616"
"8,86 : 0.8649"
"86,8 : 0.8649"
"8,87 : 0.4717"
"87,8 : 0.4717"
"8,88 : 0.3734"
"88,8 : 0.3734"
"8,89 : 0.5025"
"89,8 : 0.5025"
"8,90 : 0.4144"
"90,8 : 0.4144"
"8,91 : 0.3716"
"91,8 : 0.3716"
"8,92 : 0.6042"
"92,8 : 0.6042"
"8,93 : 0.6923"
"93,8 : 0.6923"
"8,94 : 0.6042"
"94,8 : 0.6042"
"8,95 : 0.6185"
"95,8 : 0.6185"
"8,96 : 0.7816"
"96,8 : 0.7816"
"8,97 : 0.6705"
"97,8 : 0.6705"
"8,98 : 0.2631"
"98,8 : 0.2631"
"8,99 : 0.8338"
"99,8 : 0.8338"
"9,10 : 0.214"
"10,9 : 0.214"
"9,11 : 0.3493"
"11,9 : 0.3493"
"9,12 : 0.2193"
"12,9 : 0.2193"
"9,13 : 0.3606"
"13,9 : 0.3606"
"9,14 : 0.7339"
"14,9 : 0.7339"
"9,15 : 0.6986"
"15,9 : 0.6986"
"9,16 : 0.4162"
"16,9 : 0.4162"
"9,17 : 0.6017"
"17,9 : 0.6017"
"9,18 : 0.1921"
"18,9 : 0.1921"
"9,19 : 0.473"
"19,9 : 0.473"
"9,20 : 0.2524"
"20,9 : 0.2524"
"9,21 : 0.3711"
"21,9 : 0.3711"
"9,22 : 0.3606"
"22,9 : 0.3606"
"9,23 : 0.5441"
"23,9 : 0.5441"
"9,24 : 0.2843"
"24,9 : 0.2843"
"9,25 : 0.2354"
"25,9 : 0.2354"
"9,26 : 0.5571"
"26,9 : 0.5571"
"9,27 : 0.4366"
"27,9 : 0.4366"
"9,28 : 0.7029"
"28,9 : 0.7029"
"9,29 : 0.6637"
"29,9 : 0.6637"
"9,30 : 0.808"
"30,9 : 0.808"
"9,31 : 0.5964"
"31,9 : 0.5964"
"9,32 : 0.6705"
"32,9 : 0.6705"
"9,33 : 0.46"
"33,9 : 0.46"
"9,34 : 0.8266"
"34,9 : 0.8266"
"9,35 : 0.2707"
"35,9 : 0.2707"
"9,36 : 0.7988"
"36,9 : 0.7988"
"9,37 : 0.6014"
"37,9 : 0.6014"
"9,38 : 0.5604"
"38,9 : 0.5604"
"9,39 : 0.6707"
"39,9 : 0.6707"
"9,40 : 0.622"
"40,9 : 0.622"
"9,41 : 0.1456"
"41,9 : 0.1456"
"9,42 : 0.1709"
"42,9 : 0.1709"
"9,43 : 0.8081"
"43,9 : 0.8081"
"9,44 : 0.2642"
"44,9 : 0.2642"
"9,45 : 0.3479"
"45,9 : 0.3479"
"9,46 : 0.717"
"46,9 : 0.717"
"9,47 : 0.7376"
"47,9 : 0.7376"
"9,48 : 0.6727"
"48,9 : 0.6727"
"9,49 : 0.6637"
"49,9 : 0.6637"
"9,50 : 0.236"
"50,9 : 0.236"
"9,51 : 0.5092"
"51,9 : 0.5092"
"9,52 : 0.1304"
"52,9 : 0.1304"
"9,53 : 0.7393"
"53,9 : 0.7393"
"9,54 : 0.3801"
"54,9 : 0.3801"
"9,55 : 0.592"
"55,9 : 0.592"
"9,56 : 0.3536"
"56,9 : 0.3536"
"9,57 : 0.3195"
"57,9 : 0.3195"
"9,58 : 0.7084"
"58,9 : 0.7084"
"9,59 : 0.4909"
"59,9 : 0.4909"
"9,60 : 0.7517"
"60,9 : 0.7517"
"9,61 : 0.6129"
"61,9 : 0.6129"
"9,62 : 0.1523"
"62,9 : 0.1523"
"9,63 : 0.5818"
"63,9 : 0.5818"
"9,64 : 0.2119"
"64,9 : 0.2119"
"9,65 : 0.3847"
"65,9 : 0.3847"
"9,66 : 0.4072"
"66,9 : 0.4072"
"9,67 : 0.2555"
"67,9 : 0.2555"
"9,68 : 0.3023"
"68,9 : 0.3023"
"9,69 : 0.6237"
"69,9 : 0.6237"
"9,70 : 0.5955"
"70,9 : 0.5955"
"9,71 : 0.4909"
"71,9 : 0.4909"
"9,72 : 0.3523"
"72,9 : 0.3523"
"9,73 : 0.5091"
"73,9 : 0.5091"
"9,74 : 0.336"
"74,9 : 0.336"
"9,75 : 0.7061"
"75,9 : 0.7061"
"9,76 : 0.6862"
"76,9 : 0.6862"
"9,77 : 0.6798"
"77,9 : 0.6798"
"9,78 : 0.5882"
"78,9 : 0.5882"
"9,79 : 0.5787"
"79,9 : 0.5787"
"9,80 : 0.2163"
"80,9 : 0.2163"
"9,81 : 0.794"
"81,9 : 0.794"
"9,82 : 0.7301"
"82,9 : 0.7301"
"9,83 : 0.3574"
"83,9 : 0.3574"
"9,84 : 0.5822"
"84,9 : 0.5822"
"9,85 : 0.7574"
"85,9 : 0.7574"
"9,86 : 0.6259"
"86,9 : 0.6259"
"9,87 : 0.7503"
"87,9 : 0.7503"
"9,88 : 0.525"
"88,9 : 0.525"
"9,89 : 0.3574"
"89,9 : 0.3574"
"9,90 : 0.5917"
"90,9 : 0.5917"
"9,91 : 0.4763"
"91,9 : 0.4763"
"9,92 : 0.5967"
"92,9 : 0.5967"
"9,93 : 0.6239"
"93,9 : 0.6239"
"9,94 : 0.7181"
"94,9 : 0.7181"
"9,95 : 0.5797"
"95,9 : 0.5797"
"9,96 : 0.6712"
"96,9 : 0.6712"
"9,97 : 0.5442"
"97,9 : 0.5442"
"9,98 : 0.9762"
"98,9 : 0.9762"
"9,99 : 0.389"
"99,9 : 0.389"
"10,11 : 0.5324"
"11,10 : 0.5324"
"10,12 : 0.1063"
"12,10 : 0.1063"
"10,13 : 0.5101"
"13,10 : 0.5101"
"10,14 : 0.9402"
"14,10 : 0.9402"
"10,15 : 0.8505"
"15,10 : 0.8505"
"10,16 : 0.6237"
"16,10 : 0.6237"
"10,17 : 0.8041"
"17,10 : 0.8041"
"10,18 : 0.0539"
"18,10 : 0.0539"
"10,19 : 0.593"
"19,10 : 0.593"
"10,20 : 0.3202"
"20,10 : 0.3202"
"10,21 : 0.5738"
"21,10 : 0.5738"
"10,22 : 0.5673"
"22,10 : 0.5673"
"10,23 : 0.758"
"23,10 : 0.758"
"10,24 : 0.4982"
"24,10 : 0.4982"
"10,25 : 0.2417"
"25,10 : 0.2417"
"10,26 : 0.6935"
"26,10 : 0.6935"
"10,27 : 0.6277"
"27,10 : 0.6277"
"10,28 : 0.9129"
"28,10 : 0.9129"
"10,29 : 0.8322"
"29,10 : 0.8322"
"10,30 : 1.0153"
"30,10 : 1.0153"
"10,31 : 0.8102"
"31,10 : 0.8102"
"10,32 : 0.8746"
"32,10 : 0.8746"
"10,33 : 0.614"
"33,10 : 0.614"
"10,34 : 1.0323"
"34,10 : 1.0323"
"10,35 : 0.4535"
"35,10 : 0.4535"
"10,36 : 1.0042"
"36,10 : 1.0042"
"10,37 : 0.8147"
"37,10 : 0.8147"
"10,38 : 0.7669"
"38,10 : 0.7669"
"10,39 : 0.8062"
"39,10 : 0.8062"
"10,40 : 0.7816"
"40,10 : 0.7816"
"10,41 : 0.3421"
"41,10 : 0.3421"
"10,42 : 0.1903"
"42,10 : 0.1903"
"10,43 : 1.0186"
"43,10 : 1.0186"
"10,44 : 0.4771"
"44,10 : 0.4771"
"10,45 : 0.4639"
"45,10 : 0.4639"
"10,46 : 0.8805"
"46,10 : 0.8805"
"10,47 : 0.9513"
"47,10 : 0.9513"
"10,48 : 0.8698"
"48,10 : 0.8698"
"10,49 : 0.8322"
"49,10 : 0.8322"
"10,50 : 0.0671"
"50,10 : 0.0671"
"10,51 : 0.6984"
"51,10 : 0.6984"
"10,52 : 0.3231"
"52,10 : 0.3231"
"10,53 : 0.9405"
"53,10 : 0.9405"
"10,54 : 0.5408"
"54,10 : 0.5408"
"10,55 : 0.806"
"55,10 : 0.806"
"10,56 : 0.44"
"56,10 : 0.44"
"10,57 : 0.4342"
"57,10 : 0.4342"
"10,58 : 0.8459"
"58,10 : 0.8459"
"10,59 : 0.6791"
"59,10 : 0.6791"
"10,60 : 0.9654"
"60,10 : 0.9654"
"10,61 : 0.8028"
"61,10 : 0.8028"
"10,62 : 0.1924"
"62,10 : 0.1924"
"10,63 : 0.7086"
"63,10 : 0.7086"
"10,64 : 0.408"
"64,10 : 0.408"
"10,65 : 0.4701"
"65,10 : 0.4701"
"10,66 : 0.5415"
"66,10 : 0.5415"
"10,67 : 0.3523"
"67,10 : 0.3523"
"10,68 : 0.3105"
"68,10 : 0.3105"
"10,69 : 0.78"
"69,10 : 0.78"
"10,70 : 0.8092"
"70,10 : 0.8092"
"10,71 : 0.6675"
"71,10 : 0.6675"
"10,72 : 0.5471"
"72,10 : 0.5471"
"10,73 : 0.7218"
"73,10 : 0.7218"
"10,74 : 0.1221"
"74,10 : 0.1221"
"10,75 : 0.8802"
"75,10 : 0.8802"
"10,76 : 0.7816"
"76,10 : 0.7816"
"10,77 : 0.8766"
"77,10 : 0.8766"
"10,78 : 0.6901"
"78,10 : 0.6901"
"10,79 : 0.7749"
"79,10 : 0.7749"
"10,80 : 0.2943"
"80,10 : 0.2943"
"10,81 : 1.0012"
"81,10 : 1.0012"
"10,82 : 0.944"
"82,10 : 0.944"
"10,83 : 0.4738"
"83,10 : 0.4738"
"10,84 : 0.7201"
"84,10 : 0.7201"
"10,85 : 0.9688"
"85,10 : 0.9688"
"10,86 : 0.7801"
"86,10 : 0.7801"
"10,87 : 0.8927"
"87,10 : 0.8927"
"10,88 : 0.7388"
"88,10 : 0.7388"
"10,89 : 0.5471"
"89,10 : 0.5471"
"10,90 : 0.8045"
"90,10 : 0.8045"
"10,91 : 0.6862"
"91,10 : 0.6862"
"10,92 : 0.7106"
"92,10 : 0.7106"
"10,93 : 0.7125"
"93,10 : 0.7125"
"10,94 : 0.9171"
"94,10 : 0.9171"
"10,95 : 0.6903"
"95,10 : 0.6903"
"10,96 : 0.8448"
"96,10 : 0.8448"
"10,97 : 0.6403"
"97,10 : 0.6403"
"10,98 : 1.1893"
"98,10 : 1.1893"
"10,99 : 0.5401"
"99,10 : 0.5401"
"11,12 : 0.5661"
"12,11 : 0.5661"
"11,13 : 0.5284"
"13,11 : 0.5284"
"11,14 : 0.6166"
"14,11 : 0.6166"
"11,15 : 0.781"
"15,11 : 0.781"
"11,16 : 0.16"
"16,11 : 0.16"
"11,17 : 0.5314"
"17,11 : 0.5314"
"11,18 : 0.5292"
"18,11 : 0.5292"
"11,19 : 0.2247"
"19,11 : 0.2247"
"11,20 : 0.5533"
"20,11 : 0.5533"
"11,21 : 0.3754"
"21,11 : 0.3754"
"11,22 : 0.1265"
"22,11 : 0.1265"
"11,23 : 0.3606"
"23,11 : 0.3606"
"11,24 : 0.2126"
"24,11 : 0.2126"
"11,25 : 0.5708"
"25,11 : 0.5708"
"11,26 : 0.6966"
"26,11 : 0.6966"
"11,27 : 0.099"
"27,11 : 0.099"
"11,28 : 0.4206"
"28,11 : 0.4206"
"11,29 : 0.7103"
"29,11 : 0.7103"
"11,30 : 0.5061"
"30,11 : 0.5061"
"11,31 : 0.41"
"31,11 : 0.41"
"11,32 : 0.5772"
"32,11 : 0.5772"
"11,33 : 0.1442"
"33,11 : 0.1442"
"11,34 : 0.5174"
"34,11 : 0.5174"
"11,35 : 0.4071"
"35,11 : 0.4071"
"11,36 : 0.4892"
"36,11 : 0.4892"
"11,37 : 0.3667"
"37,11 : 0.3667"
"11,38 : 0.2683"
"38,11 : 0.2683"
"11,39 : 0.7921"
"39,11 : 0.7921"
"11,40 : 0.2816"
"40,11 : 0.2816"
"11,41 : 0.204"
"41,11 : 0.204"
"11,42 : 0.3688"
"42,11 : 0.3688"
"11,43 : 0.5248"
"43,11 : 0.5248"
"11,44 : 0.2581"
"44,11 : 0.2581"
"11,45 : 0.1903"
"45,11 : 0.1903"
"11,46 : 0.7684"
"46,11 : 0.7684"
"11,47 : 0.5"
"47,11 : 0.5"
"11,48 : 0.6168"
"48,11 : 0.6168"
"11,49 : 0.7103"
"49,11 : 0.7103"
"11,50 : 0.5738"
"50,11 : 0.5738"
"11,51 : 0.1664"
"51,11 : 0.1664"
"11,52 : 0.3536"
"52,11 : 0.3536"
"11,53 : 0.4173"
"53,11 : 0.4173"
"11,54 : 0.0806"
"54,11 : 0.0806"
"11,55 : 0.3905"
"55,11 : 0.3905"
"11,56 : 0.2518"
"56,11 : 0.2518"
"11,57 : 0.1942"
"57,11 : 0.1942"
"11,58 : 0.8204"
"58,11 : 0.8204"
"11,59 : 0.514"
"59,11 : 0.514"
"11,60 : 0.5124"
"60,11 : 0.5124"
"11,61 : 0.5994"
"61,11 : 0.5994"
"11,62 : 0.3561"
"62,11 : 0.3561"
"11,63 : 0.7341"
"63,11 : 0.7341"
"11,64 : 0.1404"
"64,11 : 0.1404"
"11,65 : 0.26"
"65,11 : 0.26"
"11,66 : 0.5867"
"66,11 : 0.5867"
"11,67 : 0.2419"
"67,11 : 0.2419"
"11,68 : 0.3712"
"68,11 : 0.3712"
"11,69 : 0.7084"
"69,11 : 0.7084"
"11,70 : 0.3734"
"70,11 : 0.3734"
"11,71 : 0.5523"
"71,11 : 0.5523"
"11,72 : 0.4036"
"72,11 : 0.4036"
"11,73 : 0.2807"
"73,11 : 0.2807"
"11,74 : 0.6435"
"74,11 : 0.6435"
"11,75 : 0.3569"
"75,11 : 0.3569"
"11,76 : 0.4314"
"76,11 : 0.4314"
"11,77 : 0.3483"
"77,11 : 0.3483"
"11,78 : 0.3406"
"78,11 : 0.3406"
"11,79 : 0.5456"
"79,11 : 0.5456"
"11,80 : 0.5215"
"80,11 : 0.5215"
"11,81 : 0.492"
"81,11 : 0.492"
"11,82 : 0.5179"
"82,11 : 0.5179"
"11,83 : 0.19"
"83,11 : 0.19"
"11,84 : 0.2729"
"84,11 : 0.2729"
"11,85 : 0.483"
"85,11 : 0.483"
"11,86 : 0.7151"
"86,11 : 0.7151"
"11,87 : 0.422"
"87,11 : 0.422"
"11,88 : 0.32"
"88,11 : 0.32"
"11,89 : 0.03"
"89,11 : 0.03"
"11,90 : 0.4319"
"90,11 : 0.4319"
"11,91 : 0.222"
"91,11 : 0.222"
"11,92 : 0.3256"
"92,11 : 0.3256"
"11,93 : 0.392"
"93,11 : 0.392"
"11,94 : 0.6456"
"94,11 : 0.6456"
"11,95 : 0.3183"
"95,11 : 0.3183"
"11,96 : 0.7018"
"96,11 : 0.7018"
"11,97 : 0.3191"
"97,11 : 0.3191"
"11,98 : 0.7112"
"98,11 : 0.7112"
"11,99 : 0.5438"
"99,11 : 0.5438"
"12,13 : 0.4374"
"13,12 : 0.4374"
"12,14 : 0.9005"
"14,12 : 0.9005"
"12,15 : 0.771"
"15,12 : 0.771"
"12,16 : 0.6329"
"16,12 : 0.6329"
"12,17 : 0.7606"
"17,12 : 0.7606"
"12,18 : 0.0583"
"18,12 : 0.0583"
"12,19 : 0.6603"
"19,12 : 0.6603"
"12,20 : 0.2302"
"20,12 : 0.2302"
"12,21 : 0.5354"
"21,12 : 0.5354"
"12,22 : 0.578"
"22,12 : 0.578"
"12,23 : 0.7425"
"23,12 : 0.7425"
"12,24 : 0.4904"
"24,12 : 0.4904"
"12,25 : 0.1432"
"25,12 : 0.1432"
"12,26 : 0.61"
"26,12 : 0.61"
"12,27 : 0.6555"
"27,12 : 0.6555"
"12,28 : 0.9161"
"28,12 : 0.9161"
"12,29 : 0.7612"
"29,12 : 0.7612"
"12,30 : 1.0234"
"30,12 : 1.0234"
"12,31 : 0.7925"
"31,12 : 0.7925"
"12,32 : 0.8324"
"32,12 : 0.8324"
"12,33 : 0.6661"
"33,12 : 0.6661"
"12,34 : 1.0431"
"34,12 : 1.0431"
"12,35 : 0.4025"
"35,12 : 0.4025"
"12,36 : 1.0155"
"36,12 : 1.0155"
"12,37 : 0.8081"
"37,12 : 0.8081"
"12,38 : 0.777"
"38,12 : 0.777"
"12,39 : 0.7206"
"39,12 : 0.7206"
"12,40 : 0.8319"
"40,12 : 0.8319"
"12,41 : 0.364"
"41,12 : 0.364"
"12,42 : 0.2693"
"42,12 : 0.2693"
"12,43 : 1.02"
"43,12 : 1.02"
"12,44 : 0.4597"
"44,12 : 0.4597"
"12,45 : 0.5304"
"45,12 : 0.5304"
"12,46 : 0.8062"
"46,12 : 0.8062"
"12,47 : 0.9407"
"47,12 : 0.9407"
"12,48 : 0.8194"
"48,12 : 0.8194"
"12,49 : 0.7612"
"49,12 : 0.7612"
"12,50 : 0.051"
"50,12 : 0.051"
"12,51 : 0.728"
"51,12 : 0.728"
"12,52 : 0.2907"
"52,12 : 0.2907"
"12,53 : 0.9577"
"53,12 : 0.9577"
"12,54 : 0.5886"
"54,12 : 0.5886"
"12,55 : 0.792"
"55,12 : 0.792"
"12,56 : 0.5162"
"56,12 : 0.5162"
"12,57 : 0.5004"
"57,12 : 0.5004"
"12,58 : 0.7606"
"58,12 : 0.7606"
"12,59 : 0.6239"
"59,12 : 0.6239"
"12,60 : 0.9548"
"60,12 : 0.9548"
"12,61 : 0.7467"
"61,12 : 0.7467"
"12,62 : 0.2648"
"62,12 : 0.2648"
"12,63 : 0.6213"
"63,12 : 0.6213"
"12,64 : 0.4308"
"64,12 : 0.4308"
"12,65 : 0.5474"
"65,12 : 0.5474"
"12,66 : 0.461"
"66,12 : 0.461"
"12,67 : 0.4219"
"67,12 : 0.4219"
"12,68 : 0.4031"
"68,12 : 0.4031"
"12,69 : 0.7035"
"69,12 : 0.7035"
"12,70 : 0.7998"
"70,12 : 0.7998"
"12,71 : 0.6044"
"71,12 : 0.6044"
"12,72 : 0.5012"
"72,12 : 0.5012"
"12,73 : 0.7184"
"73,12 : 0.7184"
"12,74 : 0.18"
"74,12 : 0.18"
"12,75 : 0.9218"
"75,12 : 0.9218"
"12,76 : 0.8599"
"76,12 : 0.8599"
"12,77 : 0.899"
"77,12 : 0.899"
"12,78 : 0.7653"
"78,12 : 0.7653"
"12,79 : 0.725"
"79,12 : 0.725"
"12,80 : 0.211"
"80,12 : 0.211"
"12,81 : 1.0096"
"81,12 : 1.0096"
"12,82 : 0.927"
"82,12 : 0.927"
"12,83 : 0.5404"
"83,12 : 0.5404"
"12,84 : 0.781"
"84,12 : 0.781"
"12,85 : 0.9683"
"85,12 : 0.9683"
"12,86 : 0.7026"
"86,12 : 0.7026"
"12,87 : 0.9526"
"87,12 : 0.9526"
"12,88 : 0.7292"
"88,12 : 0.7292"
"12,89 : 0.5758"
"89,12 : 0.5758"
"12,90 : 0.781"
"90,12 : 0.781"
"12,91 : 0.6907"
"91,12 : 0.6907"
"12,92 : 0.7816"
"92,12 : 0.7816"
"12,93 : 0.7925"
"93,12 : 0.7925"
"12,94 : 0.8682"
"94,12 : 0.8682"
"12,95 : 0.7624"
"95,12 : 0.7624"
"12,96 : 0.7767"
"96,12 : 0.7767"
"12,97 : 0.717"
"97,12 : 0.717"
"12,98 : 1.1819"
"98,12 : 1.1819"
"12,99 : 0.4669"
"99,12 : 0.4669"
"13,14 : 0.5093"
"14,13 : 0.5093"
"13,15 : 0.3423"
"15,13 : 0.3423"
"13,16 : 0.4707"
"16,13 : 0.4707"
"13,17 : 0.3688"
"17,13 : 0.3688"
"13,18 : 0.461"
"18,13 : 0.461"
"13,19 : 0.7341"
"19,13 : 0.7341"
"13,20 : 0.2193"
"20,13 : 0.2193"
"13,21 : 0.211"
"21,13 : 0.211"
"13,22 : 0.4427"
