x,y
0.96,0.25
0.37,0.11
0.76,0.64
0.02,0.77
0.25,0.71
0.77,0.99
0.84,0.58
0.17,0.15
0.69,0.29
0.73,0.44
0.85,0.09
0.7,0.35
0.46,0.14
0.55,0.71
0.12,0.45
0.04,0.91
0.43,0.14
0.77,0.99
0.12,0.42
0.6,0.38
0.63,0.37
0.29,0.17
0.71,0.18
0.28,0.75
0.31,0.55
0.85,0.14
1.0,0.25
0.07,0.66
0.16,0.39
0.53,0.04
0.2,0.72
0.25,0.49
0.0,0.42
0.48,0.13
0.28,0.66
0.64,0.37
0.74,0.04
0.88,0.07
0.52,0.45
0.14,0.49
0.96,0.76
0.99,0.8
0.55,0.42
0.25,0.85
0.64,0.02
0.32,0.47
0.14,0.5
0.87,0.7
0.14,0.11
0.11,0.85
0.17,0.08
0.84,0.36
0.6,0.71
0.72,0.08
0.46,0.83
0.34,0.1
0.11,0.27
0.8,0.56
0.43,0.48
0.94,0.07
0.74,0.25
0.77,0.26
0.57,0.63
0.91,0.51
0.53,0.3
0.34,0.72
0.95,0.66
0.4,0.07
0.15,0.56
0.89,0.62
0.45,0.21
0.47,0.99
0.12,0.96
0.27,0.95
0.48,0.92
0.42,0.75
0.92,0.76
0.39,0.38
0.99,0.99
0.37,0.39
0.86,0.05
0.62,0.7
0.7,0.46
0.01,0.61
0.75,0.27
0.48,0.16
0.97,0.88
0.43,0.71
0.67,0.08
0.58,0.72
0.01,0.52
0.6,0.1
0.67,0.12
0.97,0.23
0.28,0.75
0.3,0.27
0.56,0.3
0.41,0.01
0.93,0.91
0.36,0.11

Distanze
"0,1 : 0.6064"
"1,0 : 0.6064"
"0,2 : 0.4383"
"2,0 : 0.4383"
"0,3 : 1.0742"
"3,0 : 1.0742"
"0,4 : 0.846"
"4,0 : 0.846"
"0,5 : 0.764"
"5,0 : 0.764"
"0,6 : 0.3511"
"6,0 : 0.3511"
"0,7 : 0.7963"
"7,0 : 0.7963"
"0,8 : 0.2729"
"8,0 : 0.2729"
"0,9 : 0.2983"
"9,0 : 0.2983"
"0,10 : 0.1942"
"10,0 : 0.1942"
"0,11 : 0.2786"
"11,0 : 0.2786"
"0,12 : 0.512"
"12,0 : 0.512"
"0,13 : 0.6162"
"13,0 : 0.6162"
"0,14 : 0.8635"
"14,0 : 0.8635"
"0,15 : 1.1323"
"15,0 : 1.1323"
"0,16 : 0.5413"
"16,0 : 0.5413"
"0,17 : 0.764"
"17,0 : 0.764"
"0,18 : 0.857"
"18,0 : 0.857"
"0,19 : 0.3828"
"19,0 : 0.3828"
"0,20 : 0.3511"
"20,0 : 0.3511"
"0,21 : 0.6748"
"21,0 : 0.6748"
"0,22 : 0.2596"
"22,0 : 0.2596"
"0,23 : 0.844"
"23,0 : 0.844"
"0,24 : 0.7159"
"24,0 : 0.7159"
"0,25 : 0.1556"
"25,0 : 0.1556"
"0,26 : 0.04"
"26,0 : 0.04"
"0,27 : 0.9799"
"27,0 : 0.9799"
"0,28 : 0.8122"
"28,0 : 0.8122"
"0,29 : 0.4785"
"29,0 : 0.4785"
"0,30 : 0.8936"
"30,0 : 0.8936"
"0,31 : 0.7495"
"31,0 : 0.7495"
"0,32 : 0.9749"
"32,0 : 0.9749"
"0,33 : 0.4948"
"33,0 : 0.4948"
"0,34 : 0.794"
"34,0 : 0.794"
"0,35 : 0.3418"
"35,0 : 0.3418"
"0,36 : 0.3041"
"36,0 : 0.3041"
"0,37 : 0.197"
"37,0 : 0.197"
"0,38 : 0.4833"
"38,0 : 0.4833"
"0,39 : 0.8544"
"39,0 : 0.8544"
"0,40 : 0.51"
"40,0 : 0.51"
"0,41 : 0.5508"
"41,0 : 0.5508"
"0,42 : 0.4438"
"42,0 : 0.4438"
"0,43 : 0.9296"
"43,0 : 0.9296"
"0,44 : 0.3941"
"44,0 : 0.3941"
"0,45 : 0.6768"
"45,0 : 0.6768"
"0,46 : 0.8573"
"46,0 : 0.8573"
"0,47 : 0.4589"
"47,0 : 0.4589"
"0,48 : 0.8319"
"48,0 : 0.8319"
"0,49 : 1.0404"
"49,0 : 1.0404"
"0,50 : 0.8081"
"50,0 : 0.8081"
"0,51 : 0.1628"
"51,0 : 0.1628"
"0,52 : 0.5841"
"52,0 : 0.5841"
"0,53 : 0.2941"
"53,0 : 0.2941"
"0,54 : 0.7658"
"54,0 : 0.7658"
"0,55 : 0.6379"
"55,0 : 0.6379"
"0,56 : 0.8502"
"56,0 : 0.8502"
"0,57 : 0.3489"
"57,0 : 0.3489"
"0,58 : 0.5778"
"58,0 : 0.5778"
"0,59 : 0.1811"
"59,0 : 0.1811"
"0,60 : 0.22"
"60,0 : 0.22"
"0,61 : 0.1903"
"61,0 : 0.1903"
"0,62 : 0.5445"
"62,0 : 0.5445"
"0,63 : 0.2648"
"63,0 : 0.2648"
"0,64 : 0.4329"
"64,0 : 0.4329"
"0,65 : 0.778"
"65,0 : 0.778"
"0,66 : 0.4101"
"66,0 : 0.4101"
"0,67 : 0.5882"
"67,0 : 0.5882"
"0,68 : 0.8673"
"68,0 : 0.8673"
"0,69 : 0.3766"
"69,0 : 0.3766"
"0,70 : 0.5116"
"70,0 : 0.5116"
"0,71 : 0.8875"
"71,0 : 0.8875"
"0,72 : 1.0999"
"72,0 : 1.0999"
"0,73 : 0.9829"
"73,0 : 0.9829"
"0,74 : 0.8242"
"74,0 : 0.8242"
"0,75 : 0.7359"
"75,0 : 0.7359"
"0,76 : 0.5116"
"76,0 : 0.5116"
"0,77 : 0.5846"
"77,0 : 0.5846"
"0,78 : 0.7406"
"78,0 : 0.7406"
"0,79 : 0.6064"
"79,0 : 0.6064"
"0,80 : 0.2236"
"80,0 : 0.2236"
"0,81 : 0.564"
"81,0 : 0.564"
"0,82 : 0.3342"
"82,0 : 0.3342"
"0,83 : 1.0159"
"83,0 : 1.0159"
"0,84 : 0.211"
"84,0 : 0.211"
"0,85 : 0.4884"
"85,0 : 0.4884"
"0,86 : 0.6301"
"86,0 : 0.6301"
"0,87 : 0.7018"
"87,0 : 0.7018"
"0,88 : 0.3362"
"88,0 : 0.3362"
"0,89 : 0.6044"
"89,0 : 0.6044"
"0,90 : 0.9876"
"90,0 : 0.9876"
"0,91 : 0.39"
"91,0 : 0.39"
"0,92 : 0.3178"
"92,0 : 0.3178"
"0,93 : 0.0224"
"93,0 : 0.0224"
"0,94 : 0.844"
"94,0 : 0.844"
"0,95 : 0.6603"
"95,0 : 0.6603"
"0,96 : 0.4031"
"96,0 : 0.4031"
"0,97 : 0.6001"
"97,0 : 0.6001"
"0,98 : 0.6607"
"98,0 : 0.6607"
"0,99 : 0.6161"
"99,0 : 0.6161"
"1,2 : 0.658"
"2,1 : 0.658"
"1,3 : 0.7471"
"3,1 : 0.7471"
"1,4 : 0.6119"
"4,1 : 0.6119"
"1,5 : 0.9666"
"5,1 : 0.9666"
"1,6 : 0.6647"
"6,1 : 0.6647"
"1,7 : 0.204"
"7,1 : 0.204"
"1,8 : 0.3672"
"8,1 : 0.3672"
"1,9 : 0.4884"
"9,1 : 0.4884"
"1,10 : 0.4804"
"10,1 : 0.4804"
"1,11 : 0.408"
"11,1 : 0.408"
"1,12 : 0.0949"
"12,1 : 0.0949"
"1,13 : 0.6264"
"13,1 : 0.6264"
"1,14 : 0.422"
"14,1 : 0.422"
"1,15 : 0.8654"
"15,1 : 0.8654"
"1,16 : 0.0671"
"16,1 : 0.0671"
"1,17 : 0.9666"
"17,1 : 0.9666"
"1,18 : 0.3982"
"18,1 : 0.3982"
"1,19 : 0.3547"
"19,1 : 0.3547"
"1,20 : 0.3677"
"20,1 : 0.3677"
"1,21 : 0.1"
"21,1 : 0.1"
"1,22 : 0.3471"
"22,1 : 0.3471"
"1,23 : 0.6463"
"23,1 : 0.6463"
"1,24 : 0.4441"
"24,1 : 0.4441"
"1,25 : 0.4809"
"25,1 : 0.4809"
"1,26 : 0.6454"
"26,1 : 0.6454"
"1,27 : 0.6265"
"27,1 : 0.6265"
"1,28 : 0.35"
"28,1 : 0.35"
"1,29 : 0.1746"
"29,1 : 0.1746"
"1,30 : 0.6332"
"30,1 : 0.6332"
"1,31 : 0.3985"
"31,1 : 0.3985"
"1,32 : 0.4827"
"32,1 : 0.4827"
"1,33 : 0.1118"
"33,1 : 0.1118"
"1,34 : 0.5573"
"34,1 : 0.5573"
"1,35 : 0.3748"
"35,1 : 0.3748"
"1,36 : 0.3766"
"36,1 : 0.3766"
"1,37 : 0.5116"
"37,1 : 0.5116"
"1,38 : 0.3716"
"38,1 : 0.3716"
"1,39 : 0.4442"
"39,1 : 0.4442"
"1,40 : 0.8778"
"40,1 : 0.8778"
"1,41 : 0.9276"
"41,1 : 0.9276"
"1,42 : 0.3585"
"42,1 : 0.3585"
"1,43 : 0.7497"
"43,1 : 0.7497"
"1,44 : 0.2846"
"44,1 : 0.2846"
"1,45 : 0.3635"
"45,1 : 0.3635"
"1,46 : 0.4528"
"46,1 : 0.4528"
"1,47 : 0.7734"
"47,1 : 0.7734"
"1,48 : 0.23"
"48,1 : 0.23"
"1,49 : 0.7843"
"49,1 : 0.7843"
"1,50 : 0.2022"
"50,1 : 0.2022"
"1,51 : 0.5324"
"51,1 : 0.5324"
"1,52 : 0.6426"
"52,1 : 0.6426"
"1,53 : 0.3513"
"53,1 : 0.3513"
"1,54 : 0.7256"
"54,1 : 0.7256"
"1,55 : 0.0316"
"55,1 : 0.0316"
"1,56 : 0.3053"
"56,1 : 0.3053"
"1,57 : 0.6224"
"57,1 : 0.6224"
"1,58 : 0.3748"
"58,1 : 0.3748"
"1,59 : 0.5714"
"59,1 : 0.5714"
"1,60 : 0.3956"
"60,1 : 0.3956"
"1,61 : 0.4272"
"61,1 : 0.4272"
"1,62 : 0.5571"
"62,1 : 0.5571"
"1,63 : 0.672"
"63,1 : 0.672"
"1,64 : 0.2484"
"64,1 : 0.2484"
"1,65 : 0.6107"
"65,1 : 0.6107"
"1,66 : 0.7993"
"66,1 : 0.7993"
"1,67 : 0.05"
"67,1 : 0.05"
"1,68 : 0.5009"
"68,1 : 0.5009"
"1,69 : 0.7284"
"69,1 : 0.7284"
"1,70 : 0.1281"
"70,1 : 0.1281"
"1,71 : 0.8857"
"71,1 : 0.8857"
"1,72 : 0.886"
"72,1 : 0.886"
"1,73 : 0.8459"
"73,1 : 0.8459"
"1,74 : 0.8174"
"74,1 : 0.8174"
"1,75 : 0.642"
"75,1 : 0.642"
"1,76 : 0.8515"
"76,1 : 0.8515"
"1,77 : 0.2707"
"77,1 : 0.2707"
"1,78 : 1.0765"
"78,1 : 1.0765"
"1,79 : 0.28"
"79,1 : 0.28"
"1,80 : 0.4937"
"80,1 : 0.4937"
"1,81 : 0.6408"
"81,1 : 0.6408"
"1,82 : 0.481"
"82,1 : 0.481"
"1,83 : 0.6161"
"83,1 : 0.6161"
"1,84 : 0.4123"
"84,1 : 0.4123"
"1,85 : 0.1208"
"85,1 : 0.1208"
"1,86 : 0.9762"
"86,1 : 0.9762"
"1,87 : 0.603"
"87,1 : 0.603"
"1,88 : 0.3015"
"88,1 : 0.3015"
"1,89 : 0.6451"
"89,1 : 0.6451"
"1,90 : 0.5456"
"90,1 : 0.5456"
"1,91 : 0.2302"
"91,1 : 0.2302"
"1,92 : 0.3002"
"92,1 : 0.3002"
"1,93 : 0.6119"
"93,1 : 0.6119"
"1,94 : 0.6463"
"94,1 : 0.6463"
"1,95 : 0.1746"
"95,1 : 0.1746"
"1,96 : 0.2687"
"96,1 : 0.2687"
"1,97 : 0.1077"
"97,1 : 0.1077"
"1,98 : 0.9765"
"98,1 : 0.9765"
"1,99 : 0.01"
"99,1 : 0.01"
"2,3 : 0.7513"
"3,2 : 0.7513"
"2,4 : 0.5148"
"4,2 : 0.5148"
"2,5 : 0.3501"
"5,2 : 0.3501"
"2,6 : 0.1"
"6,2 : 0.1"
"2,7 : 0.7669"
"7,2 : 0.7669"
"2,8 : 0.3569"
"8,2 : 0.3569"
"2,9 : 0.2022"
"9,2 : 0.2022"
"2,10 : 0.5573"
"10,2 : 0.5573"
"2,11 : 0.2961"
"11,2 : 0.2961"
"2,12 : 0.5831"
"12,2 : 0.5831"
"2,13 : 0.2214"
"13,2 : 0.2214"
"2,14 : 0.6676"
"14,2 : 0.6676"
"2,15 : 0.769"
"15,2 : 0.769"
"2,16 : 0.5991"
"16,2 : 0.5991"
"2,17 : 0.3501"
"17,2 : 0.3501"
"2,18 : 0.6768"
"18,2 : 0.6768"
"2,19 : 0.3053"
"19,2 : 0.3053"
"2,20 : 0.2997"
"20,2 : 0.2997"
"2,21 : 0.6647"
"21,2 : 0.6647"
"2,22 : 0.4627"
"22,2 : 0.4627"
"2,23 : 0.4924"
"23,2 : 0.4924"
"2,24 : 0.4589"
"24,2 : 0.4589"
"2,25 : 0.508"
"25,2 : 0.508"
"2,26 : 0.4579"
"26,2 : 0.4579"
"2,27 : 0.6903"
"27,2 : 0.6903"
"2,28 : 0.65"
"28,2 : 0.65"
"2,29 : 0.6426"
"29,2 : 0.6426"
"2,30 : 0.5657"
"30,2 : 0.5657"
"2,31 : 0.5316"
"31,2 : 0.5316"
"2,32 : 0.7912"
"32,2 : 0.7912"
"2,33 : 0.5818"
"33,2 : 0.5818"
"2,34 : 0.4804"
"34,2 : 0.4804"
"2,35 : 0.2955"
"35,2 : 0.2955"
"2,36 : 0.6003"
"36,2 : 0.6003"
"2,37 : 0.5825"
"37,2 : 0.5825"
"2,38 : 0.3061"
"38,2 : 0.3061"
"2,39 : 0.6379"
"39,2 : 0.6379"
"2,40 : 0.2332"
"40,2 : 0.2332"
"2,41 : 0.2802"
"41,2 : 0.2802"
"2,42 : 0.3041"
"42,2 : 0.3041"
"2,43 : 0.5515"
"43,2 : 0.5515"
"2,44 : 0.6315"
"44,2 : 0.6315"
"2,45 : 0.4717"
"45,2 : 0.4717"
"2,46 : 0.6356"
"46,2 : 0.6356"
"2,47 : 0.1253"
"47,2 : 0.1253"
"2,48 : 0.8157"
"48,2 : 0.8157"
"2,49 : 0.6831"
"49,2 : 0.6831"
"2,50 : 0.8134"
"50,2 : 0.8134"
"2,51 : 0.2912"
"51,2 : 0.2912"
"2,52 : 0.1746"
"52,2 : 0.1746"
"2,53 : 0.5614"
"53,2 : 0.5614"
"2,54 : 0.3551"
"54,2 : 0.3551"
"2,55 : 0.6841"
"55,2 : 0.6841"
"2,56 : 0.7479"
"56,2 : 0.7479"
"2,57 : 0.0894"
"57,2 : 0.0894"
"2,58 : 0.3667"
"58,2 : 0.3667"
"2,59 : 0.5977"
"59,2 : 0.5977"
"2,60 : 0.3905"
"60,2 : 0.3905"
"2,61 : 0.3801"
"61,2 : 0.3801"
"2,62 : 0.1903"
"62,2 : 0.1903"
"2,63 : 0.1985"
"63,2 : 0.1985"
"2,64 : 0.4105"
"64,2 : 0.4105"
"2,65 : 0.4276"
"65,2 : 0.4276"
"2,66 : 0.191"
"66,2 : 0.191"
"2,67 : 0.6742"
"67,2 : 0.6742"
"2,68 : 0.6152"
"68,2 : 0.6152"
"2,69 : 0.1315"
"69,2 : 0.1315"
"2,70 : 0.5301"
"70,2 : 0.5301"
"2,71 : 0.4545"
"71,2 : 0.4545"
"2,72 : 0.7155"
"72,2 : 0.7155"
"2,73 : 0.5798"
"73,2 : 0.5798"
"2,74 : 0.396"
"74,2 : 0.396"
"2,75 : 0.3574"
"75,2 : 0.3574"
"2,76 : 0.2"
"76,2 : 0.2"
"2,77 : 0.4522"
"77,2 : 0.4522"
"2,78 : 0.4188"
"78,2 : 0.4188"
"2,79 : 0.4632"
"79,2 : 0.4632"
"2,80 : 0.5984"
"80,2 : 0.5984"
"2,81 : 0.1523"
"81,2 : 0.1523"
"2,82 : 0.1897"
"82,2 : 0.1897"
"2,83 : 0.7506"
"83,2 : 0.7506"
"2,84 : 0.3701"
"84,2 : 0.3701"
"2,85 : 0.5557"
"85,2 : 0.5557"
"2,86 : 0.3189"
"86,2 : 0.3189"
"2,87 : 0.3373"
"87,2 : 0.3373"
"2,88 : 0.5672"
"88,2 : 0.5672"
"2,89 : 0.197"
"89,2 : 0.197"
"2,90 : 0.7595"
"90,2 : 0.7595"
"2,91 : 0.5632"
"91,2 : 0.5632"
"2,92 : 0.5277"
"92,2 : 0.5277"
"2,93 : 0.4607"
"93,2 : 0.4607"
"2,94 : 0.4924"
"94,2 : 0.4924"
"2,95 : 0.5903"
"95,2 : 0.5903"
"2,96 : 0.3945"
"96,2 : 0.3945"
"2,97 : 0.7207"
"97,2 : 0.7207"
"2,98 : 0.3191"
"98,2 : 0.3191"
"2,99 : 0.664"
"99,2 : 0.664"
"3,4 : 0.2377"
"4,3 : 0.2377"
"3,5 : 0.7816"
"5,3 : 0.7816"
"3,6 : 0.8417"
"6,3 : 0.8417"
"3,7 : 0.6379"
"7,3 : 0.6379"
"3,8 : 0.8242"
"8,3 : 0.8242"
"3,9 : 0.7829"
"9,3 : 0.7829"
"3,10 : 1.073"
"10,3 : 1.073"
"3,11 : 0.7992"
"11,3 : 0.7992"
"3,12 : 0.7684"
"12,3 : 0.7684"
"3,13 : 0.5334"
"13,3 : 0.5334"
"3,14 : 0.3353"
"14,3 : 0.3353"
"3,15 : 0.1414"
"15,3 : 0.1414"
"3,16 : 0.7517"
"16,3 : 0.7517"
"3,17 : 0.7816"
"17,3 : 0.7816"
"3,18 : 0.364"
"18,3 : 0.364"
"3,19 : 0.6989"
"19,3 : 0.6989"
"3,20 : 0.7295"
"20,3 : 0.7295"
"3,21 : 0.658"
"21,3 : 0.658"
"3,22 : 0.9079"
"22,3 : 0.9079"
"3,23 : 0.2608"
"23,3 : 0.2608"
"3,24 : 0.364"
"24,3 : 0.364"
"3,25 : 1.042"
"25,3 : 1.042"
"3,26 : 1.1094"
"26,3 : 1.1094"
"3,27 : 0.1208"
"27,3 : 0.1208"
"3,28 : 0.405"
"28,3 : 0.405"
"3,29 : 0.8905"
"29,3 : 0.8905"
"3,30 : 0.1868"
"30,3 : 0.1868"
"3,31 : 0.3624"
"31,3 : 0.3624"
"3,32 : 0.3506"
"32,3 : 0.3506"
"3,33 : 0.7882"
"33,3 : 0.7882"
"3,34 : 0.2823"
"34,3 : 0.2823"
"3,35 : 0.7378"
"35,3 : 0.7378"
"3,36 : 1.0253"
"36,3 : 1.0253"
"3,37 : 1.1089"
"37,3 : 1.1089"
"3,38 : 0.5936"
"38,3 : 0.5936"
"3,39 : 0.3046"
"39,3 : 0.3046"
"3,40 : 0.9401"
"40,3 : 0.9401"
"3,41 : 0.9705"
"41,3 : 0.9705"
"3,42 : 0.6351"
"42,3 : 0.6351"
"3,43 : 0.2435"
"43,3 : 0.2435"
"3,44 : 0.9731"
"44,3 : 0.9731"
"3,45 : 0.4243"
"45,3 : 0.4243"
"3,46 : 0.2955"
"46,3 : 0.2955"
"3,47 : 0.8529"
"47,3 : 0.8529"
"3,48 : 0.6708"
"48,3 : 0.6708"
"3,49 : 0.1204"
"49,3 : 0.1204"
"3,50 : 0.7061"
"50,3 : 0.7061"
"3,51 : 0.9168"
"51,3 : 0.9168"
"3,52 : 0.5831"
"52,3 : 0.5831"
"3,53 : 0.9829"
"53,3 : 0.9829"
"3,54 : 0.4441"
"54,3 : 0.4441"
"3,55 : 0.7425"
"55,3 : 0.7425"
"3,56 : 0.508"
"56,3 : 0.508"
"3,57 : 0.8078"
"57,3 : 0.8078"
"3,58 : 0.5022"
"58,3 : 0.5022"
"3,59 : 1.156"
"59,3 : 1.156"
"3,60 : 0.8881"
"60,3 : 0.8881"
"3,61 : 0.907"
"61,3 : 0.907"
"3,62 : 0.5675"
"62,3 : 0.5675"
"3,63 : 0.9272"
"63,3 : 0.9272"
"3,64 : 0.6935"
"64,3 : 0.6935"
"3,65 : 0.3239"
"65,3 : 0.3239"
"3,66 : 0.9365"
"66,3 : 0.9365"
"3,67 : 0.7965"
"67,3 : 0.7965"
"3,68 : 0.247"
"68,3 : 0.247"
"3,69 : 0.8828"
"69,3 : 0.8828"
"3,70 : 0.706"
"70,3 : 0.706"
"3,71 : 0.5009"
"71,3 : 0.5009"
"3,72 : 0.2147"
"72,3 : 0.2147"
"3,73 : 0.3081"
"73,3 : 0.3081"
"3,74 : 0.4838"
"74,3 : 0.4838"
"3,75 : 0.4005"
"75,3 : 0.4005"
"3,76 : 0.9001"
"76,3 : 0.9001"
"3,77 : 0.5376"
"77,3 : 0.5376"
"3,78 : 0.9946"
"78,3 : 0.9946"
"3,79 : 0.5166"
"79,3 : 0.5166"
"3,80 : 1.1063"
"80,3 : 1.1063"
"3,81 : 0.6041"
"81,3 : 0.6041"
"3,82 : 0.7473"
"82,3 : 0.7473"
"3,83 : 0.1603"
"83,3 : 0.1603"
"3,84 : 0.8848"
"84,3 : 0.8848"
"3,85 : 0.764"
"85,3 : 0.764"
"3,86 : 0.9563"
"86,3 : 0.9563"
"3,87 : 0.4144"
"87,3 : 0.4144"
"3,88 : 0.9479"
"88,3 : 0.9479"
"3,89 : 0.5622"
"89,3 : 0.5622"
"3,90 : 0.2502"
"90,3 : 0.2502"
"3,91 : 0.8862"
"91,3 : 0.8862"
"3,92 : 0.9192"
"92,3 : 0.9192"
"3,93 : 1.0927"
"93,3 : 1.0927"
"3,94 : 0.2608"
"94,3 : 0.2608"
"3,95 : 0.5731"
"95,3 : 0.5731"
"3,96 : 0.7159"
"96,3 : 0.7159"
"3,97 : 0.8542"
"97,3 : 0.8542"
"3,98 : 0.9207"
"98,3 : 0.9207"
"3,99 : 0.7424"
"99,3 : 0.7424"
"4,5 : 0.5906"
"5,4 : 0.5906"
"4,6 : 0.6042"
"6,4 : 0.6042"
"4,7 : 0.5657"
"7,4 : 0.5657"
"4,8 : 0.6083"
"8,4 : 0.6083"
"4,9 : 0.5507"
"9,4 : 0.5507"
"4,10 : 0.8628"
"10,4 : 0.8628"
"4,11 : 0.5763"
"11,4 : 0.5763"
"4,12 : 0.6075"
"12,4 : 0.6075"
"4,13 : 0.3"
"13,4 : 0.3"
"4,14 : 0.2907"
"14,4 : 0.2907"
"4,15 : 0.29"
"15,4 : 0.29"
"4,16 : 0.5977"
"16,4 : 0.5977"
"4,17 : 0.5906"
"17,4 : 0.5906"
"4,18 : 0.3178"
"18,4 : 0.3178"
"4,19 : 0.481"
"19,4 : 0.481"
"4,20 : 0.5099"
"20,4 : 0.5099"
"4,21 : 0.5415"
"21,4 : 0.5415"
"4,22 : 0.7018"
"22,4 : 0.7018"
"4,23 : 0.05"
"23,4 : 0.05"
"4,24 : 0.1709"
"24,4 : 0.1709"
"4,25 : 0.8276"
"25,4 : 0.8276"
"4,26 : 0.8798"
"26,4 : 0.8798"
"4,27 : 0.1868"
"27,4 : 0.1868"
"4,28 : 0.3324"
"28,4 : 0.3324"
"4,29 : 0.7262"
"29,4 : 0.7262"
"4,30 : 0.051"
"30,4 : 0.051"
"4,31 : 0.22"
"31,4 : 0.22"
"4,32 : 0.3829"
"32,4 : 0.3829"
"4,33 : 0.6239"
"33,4 : 0.6239"
"4,34 : 0.0583"
"34,4 : 0.0583"
"4,35 : 0.5174"
"35,4 : 0.5174"
"4,36 : 0.8301"
"36,4 : 0.8301"
"4,37 : 0.8981"
"37,4 : 0.8981"
"4,38 : 0.3748"
"38,4 : 0.3748"
"4,39 : 0.246"
"39,4 : 0.246"
"4,40 : 0.7118"
"40,4 : 0.7118"
"4,41 : 0.7455"
"41,4 : 0.7455"
"4,42 : 0.4173"
"42,4 : 0.4173"
"4,43 : 0.14"
"43,4 : 0.14"
"4,44 : 0.7926"
"44,4 : 0.7926"
"4,45 : 0.25"
"45,4 : 0.25"
"4,46 : 0.2371"
"46,4 : 0.2371"
"4,47 : 0.6201"
"47,4 : 0.6201"
"4,48 : 0.61"
"48,4 : 0.61"
"4,49 : 0.198"
"49,4 : 0.198"
"4,50 : 0.6351"
"50,4 : 0.6351"
"4,51 : 0.686"
"51,4 : 0.686"
"4,52 : 0.35"
"52,4 : 0.35"
"4,53 : 0.786"
"53,4 : 0.786"
"4,54 : 0.2419"
"54,4 : 0.2419"
"4,55 : 0.6166"
"55,4 : 0.6166"
"4,56 : 0.4617"
"56,4 : 0.4617"
"4,57 : 0.5701"
"57,4 : 0.5701"
"4,58 : 0.2921"
"58,4 : 0.2921"
"4,59 : 0.9411"
"59,4 : 0.9411"
"4,60 : 0.6721"
"60,4 : 0.6721"
"4,61 : 0.6877"
"61,4 : 0.6877"
"4,62 : 0.3298"
"62,4 : 0.3298"
"4,63 : 0.6896"
"63,4 : 0.6896"
"4,64 : 0.4965"
"64,4 : 0.4965"
"4,65 : 0.0906"
"65,4 : 0.0906"
"4,66 : 0.7018"
"66,4 : 0.7018"
"4,67 : 0.6573"
"67,4 : 0.6573"
"4,68 : 0.1803"
"68,4 : 0.1803"
"4,69 : 0.6463"
"69,4 : 0.6463"
"4,70 : 0.5385"
"70,4 : 0.5385"
"4,71 : 0.3561"
"71,4 : 0.3561"
"4,72 : 0.2818"
"72,4 : 0.2818"
"4,73 : 0.2408"
"73,4 : 0.2408"
"4,74 : 0.3114"
"74,4 : 0.3114"
"4,75 : 0.1746"
"75,4 : 0.1746"
"4,76 : 0.6719"
"76,4 : 0.6719"
"4,77 : 0.3585"
"77,4 : 0.3585"
"4,78 : 0.7912"
"78,4 : 0.7912"
"4,79 : 0.3418"
"79,4 : 0.3418"
"4,80 : 0.8987"
"80,4 : 0.8987"
"4,81 : 0.3701"
"81,4 : 0.3701"
"4,82 : 0.5148"
"82,4 : 0.5148"
"4,83 : 0.26"
"83,4 : 0.26"
"4,84 : 0.666"
"84,4 : 0.666"
"4,85 : 0.5962"
"85,4 : 0.5962"
"4,86 : 0.7398"
"86,4 : 0.7398"
"4,87 : 0.18"
"87,4 : 0.18"
"4,88 : 0.7572"
"88,4 : 0.7572"
"4,89 : 0.3302"
"89,4 : 0.3302"
"4,90 : 0.3061"
"90,4 : 0.3061"
"4,91 : 0.7033"
"91,4 : 0.7033"
"4,92 : 0.7242"
"92,4 : 0.7242"
"4,93 : 0.8653"
"93,4 : 0.8653"
"4,94 : 0.05"
"94,4 : 0.05"
"4,95 : 0.4428"
"95,4 : 0.4428"
"4,96 : 0.514"
"96,4 : 0.514"
"4,97 : 0.7181"
"97,4 : 0.7181"
"4,98 : 0.7088"
"98,4 : 0.7088"
"4,99 : 0.61"
"99,4 : 0.61"
"5,6 : 0.4159"
"6,5 : 0.4159"
"5,7 : 1.0323"
"7,5 : 1.0323"
"5,8 : 0.7046"
"8,5 : 0.7046"
"5,9 : 0.5515"
"9,5 : 0.5515"
"5,10 : 0.9035"
"10,5 : 0.9035"
"5,11 : 0.6438"
"11,5 : 0.6438"
"5,12 : 0.9048"
"12,5 : 0.9048"
"5,13 : 0.3561"
"13,5 : 0.3561"
"5,14 : 0.845"
"14,5 : 0.845"
"5,15 : 0.7344"
"15,5 : 0.7344"
"5,16 : 0.9155"
"16,5 : 0.9155"
"5,17 : 0.0"
"17,5 : 0.0"
"5,18 : 0.8645"
"18,5 : 0.8645"
"5,19 : 0.6332"
"19,5 : 0.6332"
"5,20 : 0.6356"
"20,5 : 0.6356"
"5,21 : 0.9502"
"21,5 : 0.9502"
"5,22 : 0.8122"
"22,5 : 0.8122"
"5,23 : 0.5456"
"23,5 : 0.5456"
"5,24 : 0.6366"
"24,5 : 0.6366"
"5,25 : 0.8538"
"25,5 : 0.8538"
"5,26 : 0.7749"
"26,5 : 0.7749"
"5,27 : 0.7739"
"27,5 : 0.7739"
"5,28 : 0.8556"
"28,5 : 0.8556"
"5,29 : 0.9798"
"29,5 : 0.9798"
"5,30 : 0.6307"
"30,5 : 0.6307"
"5,31 : 0.7214"
"31,5 : 0.7214"
"5,32 : 0.958"
"32,5 : 0.958"
"5,33 : 0.9076"
"33,5 : 0.9076"
"5,34 : 0.5908"
"34,5 : 0.5908"
"5,35 : 0.6335"
"35,5 : 0.6335"
"5,36 : 0.9505"
"36,5 : 0.9505"
"5,37 : 0.9266"
"37,5 : 0.9266"
"5,38 : 0.5951"
"38,5 : 0.5951"
"5,39 : 0.8043"
"39,5 : 0.8043"
"5,40 : 0.2983"
"40,5 : 0.2983"
"5,41 : 0.2907"
"41,5 : 0.2907"
"5,42 : 0.611"
"42,5 : 0.611"
"5,43 : 0.5385"
"43,5 : 0.5385"
"5,44 : 0.9787"
"44,5 : 0.9787"
"5,45 : 0.6877"
"45,5 : 0.6877"
"5,46 : 0.7981"
"46,5 : 0.7981"
"5,47 : 0.3068"
"47,5 : 0.3068"
"5,48 : 1.0823"
"48,5 : 1.0823"
"5,49 : 0.6747"
"49,5 : 0.6747"
"5,50 : 1.09"
"50,5 : 1.09"
"5,51 : 0.6339"
"51,5 : 0.6339"
"5,52 : 0.3276"
"52,5 : 0.3276"
"5,53 : 0.9114"
"53,5 : 0.9114"
"5,54 : 0.3489"
"54,5 : 0.3489"
"5,55 : 0.9884"
"55,5 : 0.9884"
"5,56 : 0.9767"
"56,5 : 0.9767"
"5,57 : 0.431"
"57,5 : 0.431"
"5,58 : 0.6129"
"58,5 : 0.6129"
"5,59 : 0.9356"
"59,5 : 0.9356"
"5,60 : 0.7406"
"60,5 : 0.7406"
"5,61 : 0.73"
"61,5 : 0.73"
"5,62 : 0.4118"
"62,5 : 0.4118"
"5,63 : 0.5"
"63,5 : 0.5"
"5,64 : 0.7305"
"64,5 : 0.7305"
"5,65 : 0.5077"
"65,5 : 0.5077"
"5,66 : 0.3759"
"66,5 : 0.3759"
"5,67 : 0.9916"
"67,5 : 0.9916"
"5,68 : 0.7545"
"68,5 : 0.7545"
"5,69 : 0.389"
"69,5 : 0.389"
"5,70 : 0.8431"
"70,5 : 0.8431"
"5,71 : 0.3"
"71,5 : 0.3"
"5,72 : 0.6507"
"72,5 : 0.6507"
"5,73 : 0.5016"
"73,5 : 0.5016"
"5,74 : 0.2983"
"74,5 : 0.2983"
"5,75 : 0.4244"
"75,5 : 0.4244"
"5,76 : 0.2746"
"76,5 : 0.2746"
"5,77 : 0.7187"
"77,5 : 0.7187"
"5,78 : 0.22"
"78,5 : 0.22"
"5,79 : 0.7211"
"79,5 : 0.7211"
"5,80 : 0.9443"
"80,5 : 0.9443"
"5,81 : 0.3265"
"81,5 : 0.3265"
"5,82 : 0.5346"
"82,5 : 0.5346"
"5,83 : 0.8497"
"83,5 : 0.8497"
"5,84 : 0.7203"
"84,5 : 0.7203"
"5,85 : 0.8792"
"85,5 : 0.8792"
"5,86 : 0.2283"
"86,5 : 0.2283"
"5,87 : 0.4405"
"87,5 : 0.4405"
"5,88 : 0.9155"
"88,5 : 0.9155"
"5,89 : 0.3302"
"89,5 : 0.3302"
"5,90 : 0.8936"
"90,5 : 0.8936"
"5,91 : 0.9061"
"91,5 : 0.9061"
"5,92 : 0.8757"
"92,5 : 0.8757"
"5,93 : 0.7859"
"93,5 : 0.7859"
"5,94 : 0.5456"
"94,5 : 0.5456"
"5,95 : 0.8598"
"95,5 : 0.8598"
"5,96 : 0.7212"
"96,5 : 0.7212"
"5,97 : 1.044"
"97,5 : 1.044"
"5,98 : 0.1789"
"98,5 : 0.1789"
"5,99 : 0.9708"
"99,5 : 0.9708"
"6,7 : 0.7961"
"7,6 : 0.7961"
"6,8 : 0.3265"
"8,6 : 0.3265"
"6,9 : 0.178"
"9,6 : 0.178"
"6,10 : 0.4901"
"10,6 : 0.4901"
"6,11 : 0.2693"
"11,6 : 0.2693"
"6,12 : 0.5814"
"12,6 : 0.5814"
"6,13 : 0.3178"
"13,6 : 0.3178"
"6,14 : 0.7316"
"14,6 : 0.7316"
"6,15 : 0.8654"
"15,6 : 0.8654"
"6,16 : 0.6014"
"16,6 : 0.6014"
"6,17 : 0.4159"
"17,6 : 0.4159"
"6,18 : 0.7376"
"18,6 : 0.7376"
"6,19 : 0.3124"
"19,6 : 0.3124"
"6,20 : 0.297"
"20,6 : 0.297"
"6,21 : 0.686"
"21,6 : 0.686"
"6,22 : 0.4206"
"22,6 : 0.4206"
"6,23 : 0.5852"
"23,6 : 0.5852"
"6,24 : 0.5308"
"24,6 : 0.5308"
"6,25 : 0.4401"
"25,6 : 0.4401"
"6,26 : 0.3667"
"26,6 : 0.3667"
"6,27 : 0.7741"
"27,6 : 0.7741"
"6,28 : 0.706"
"28,6 : 0.706"
"6,29 : 0.6227"
"29,6 : 0.6227"
"6,30 : 0.6551"
"30,6 : 0.6551"
"6,31 : 0.5968"
"31,6 : 0.5968"
"6,32 : 0.8551"
"32,6 : 0.8551"
"6,33 : 0.5763"
"33,6 : 0.5763"
"6,34 : 0.5657"
"34,6 : 0.5657"
"6,35 : 0.29"
"35,6 : 0.29"
"6,36 : 0.5492"
"36,6 : 0.5492"
"6,37 : 0.5116"
"37,6 : 0.5116"
"6,38 : 0.3454"
"38,6 : 0.3454"
"6,39 : 0.7058"
"39,6 : 0.7058"
"6,40 : 0.2163"
"40,6 : 0.2163"
"6,41 : 0.2663"
"41,6 : 0.2663"
"6,42 : 0.3312"
"42,6 : 0.3312"
"6,43 : 0.6488"
"43,6 : 0.6488"
"6,44 : 0.5946"
"44,6 : 0.5946"
"6,45 : 0.5315"
"45,6 : 0.5315"
"6,46 : 0.7046"
"46,6 : 0.7046"
"6,47 : 0.1237"
"47,6 : 0.1237"
"6,48 : 0.8431"
"48,6 : 0.8431"
"6,49 : 0.7783"
"49,6 : 0.7783"
"6,50 : 0.836"
"50,6 : 0.836"
"6,51 : 0.22"
"51,6 : 0.22"
"6,52 : 0.2729"
"52,6 : 0.2729"
"6,53 : 0.5142"
"53,6 : 0.5142"
"6,54 : 0.4549"
"54,6 : 0.4549"
"6,55 : 0.6931"
"55,6 : 0.6931"
"6,56 : 0.7931"
"56,6 : 0.7931"
"6,57 : 0.0447"
"57,6 : 0.0447"
"6,58 : 0.422"
"58,6 : 0.422"
"6,59 : 0.5197"
"59,6 : 0.5197"
"6,60 : 0.3448"
"60,6 : 0.3448"
"6,61 : 0.3276"
"61,6 : 0.3276"
"6,62 : 0.2746"
"62,6 : 0.2746"
"6,63 : 0.099"
"63,6 : 0.099"
"6,64 : 0.4177"
"64,6 : 0.4177"
"6,65 : 0.5192"
"65,6 : 0.5192"
"6,66 : 0.136"
"66,6 : 0.136"
"6,67 : 0.6736"
"67,6 : 0.6736"
"6,68 : 0.6903"
"68,6 : 0.6903"
"6,69 : 0.064"
"69,6 : 0.064"
"6,70 : 0.5376"
"70,6 : 0.5376"
"6,71 : 0.5523"
"71,6 : 0.5523"
"6,72 : 0.8141"
"72,6 : 0.8141"
"6,73 : 0.6796"
"73,6 : 0.6796"
"6,74 : 0.4952"
"74,6 : 0.4952"
"6,75 : 0.4531"
"75,6 : 0.4531"
"6,76 : 0.197"
"76,6 : 0.197"
"6,77 : 0.4924"
"77,6 : 0.4924"
"6,78 : 0.4366"
"78,6 : 0.4366"
"6,79 : 0.507"
"79,6 : 0.507"
"6,80 : 0.5304"
"80,6 : 0.5304"
"6,81 : 0.2506"
"81,6 : 0.2506"
"6,82 : 0.1844"
"82,6 : 0.1844"
"6,83 : 0.8305"
"83,6 : 0.8305"
"6,84 : 0.3228"
"84,6 : 0.3228"
"6,85 : 0.5532"
"85,6 : 0.5532"
"6,86 : 0.327"
"86,6 : 0.327"
"6,87 : 0.4301"
"87,6 : 0.4301"
"6,88 : 0.5281"
"88,6 : 0.5281"
"6,89 : 0.2953"
"89,6 : 0.2953"
"6,90 : 0.8322"
"90,6 : 0.8322"
"6,91 : 0.5367"
"91,6 : 0.5367"
"6,92 : 0.4904"
"92,6 : 0.4904"
"6,93 : 0.3734"
"93,6 : 0.3734"
"6,94 : 0.5852"
"94,6 : 0.5852"
"6,95 : 0.6227"
"95,6 : 0.6227"
"6,96 : 0.396"
"96,6 : 0.396"
"6,97 : 0.714"
"97,6 : 0.714"
"6,98 : 0.3421"
"98,6 : 0.3421"
"6,99 : 0.6718"
"99,6 : 0.6718"
"7,8 : 0.5385"
"8,7 : 0.5385"
"7,9 : 0.6306"
"9,7 : 0.6306"
"7,10 : 0.6826"
"10,7 : 0.6826"
"7,11 : 0.5665"
"11,7 : 0.5665"
"7,12 : 0.2902"
"12,7 : 0.2902"
"7,13 : 0.6768"
"13,7 : 0.6768"
"7,14 : 0.3041"
"14,7 : 0.3041"
"7,15 : 0.771"
"15,7 : 0.771"
"7,16 : 0.2602"
"16,7 : 0.2602"
"7,17 : 1.0323"
"17,7 : 1.0323"
"7,18 : 0.2746"
"18,7 : 0.2746"
"7,19 : 0.4876"
"19,7 : 0.4876"
"7,20 : 0.5099"
"20,7 : 0.5099"
"7,21 : 0.1217"
"21,7 : 0.1217"
"7,22 : 0.5408"
"22,7 : 0.5408"
"7,23 : 0.61"
"23,7 : 0.61"
"7,24 : 0.4238"
"24,7 : 0.4238"
"7,25 : 0.6801"
"25,7 : 0.6801"
"7,26 : 0.836"
"26,7 : 0.836"
"7,27 : 0.5197"
"27,7 : 0.5197"
"7,28 : 0.2402"
"28,7 : 0.2402"
"7,29 : 0.3764"
"29,7 : 0.3764"
"7,30 : 0.5708"
"30,7 : 0.5708"
"7,31 : 0.3493"
"31,7 : 0.3493"
"7,32 : 0.3191"
"32,7 : 0.3191"
"7,33 : 0.3106"
"33,7 : 0.3106"
"7,34 : 0.5217"
"34,7 : 0.5217"
"7,35 : 0.5189"
"35,7 : 0.5189"
"7,36 : 0.5805"
"36,7 : 0.5805"
"7,37 : 0.7145"
"37,7 : 0.7145"
"7,38 : 0.461"
"38,7 : 0.461"
"7,39 : 0.3413"
"39,7 : 0.3413"
"7,40 : 0.9981"
"40,7 : 0.9981"
"7,41 : 1.0464"
"41,7 : 1.0464"
"7,42 : 0.4662"
"42,7 : 0.4662"
"7,43 : 0.7046"
"43,7 : 0.7046"
"7,44 : 0.4876"
"44,7 : 0.4876"
"7,45 : 0.3534"
"45,7 : 0.3534"
"7,46 : 0.3513"
"46,7 : 0.3513"
"7,47 : 0.8902"
"47,7 : 0.8902"
"7,48 : 0.05"
"48,7 : 0.05"
"7,49 : 0.7026"
"49,7 : 0.7026"
"7,50 : 0.07"
"50,7 : 0.07"
"7,51 : 0.7021"
"51,7 : 0.7021"
"7,52 : 0.706"
"52,7 : 0.706"
"7,53 : 0.5544"
"53,7 : 0.5544"
"7,54 : 0.7393"
"54,7 : 0.7393"
"7,55 : 0.1772"
"55,7 : 0.1772"
"7,56 : 0.1342"
"56,7 : 0.1342"
"7,57 : 0.7517"
"57,7 : 0.7517"
"7,58 : 0.4201"
"58,7 : 0.4201"
"7,59 : 0.7741"
"59,7 : 0.7741"
"7,60 : 0.5787"
"60,7 : 0.5787"
"7,61 : 0.61"
"61,7 : 0.61"
"7,62 : 0.6248"
"62,7 : 0.6248"
"7,63 : 0.8229"
"63,7 : 0.8229"
"7,64 : 0.39"
"64,7 : 0.39"
"7,65 : 0.5948"
"65,7 : 0.5948"
"7,66 : 0.9319"
"66,7 : 0.9319"
"7,67 : 0.2435"
"67,7 : 0.2435"
"7,68 : 0.4105"
"68,7 : 0.4105"
"7,69 : 0.8598"
"69,7 : 0.8598"
"7,70 : 0.2864"
"70,7 : 0.2864"
"7,71 : 0.892"
"71,7 : 0.892"
"7,72 : 0.8115"
"72,7 : 0.8115"
"7,73 : 0.8062"
"73,7 : 0.8062"
"7,74 : 0.8301"
"74,7 : 0.8301"
"7,75 : 0.65"
"75,7 : 0.65"
"7,76 : 0.9667"
"76,7 : 0.9667"
"7,77 : 0.3183"
"77,7 : 0.3183"
"7,78 : 1.1739"
"78,7 : 1.1739"
"7,79 : 0.3124"
"79,7 : 0.3124"
"7,80 : 0.6972"
"80,7 : 0.6972"
"7,81 : 0.7106"
"81,7 : 0.7106"
"7,82 : 0.614"
"82,7 : 0.614"
"7,83 : 0.487"
"83,7 : 0.487"
"7,84 : 0.5923"
"84,7 : 0.5923"
"7,85 : 0.3102"
"85,7 : 0.3102"
"7,86 : 1.083"
"86,7 : 1.083"
"7,87 : 0.6174"
"87,7 : 0.6174"
"7,88 : 0.5049"
"88,7 : 0.5049"
"7,89 : 0.7021"
"89,7 : 0.7021"
"7,90 : 0.4031"
"90,7 : 0.4031"
"7,91 : 0.4329"
"91,7 : 0.4329"
"7,92 : 0.5009"
"92,7 : 0.5009"
"7,93 : 0.804"
"93,7 : 0.804"
"7,94 : 0.61"
"94,7 : 0.61"
"7,95 : 0.1769"
"95,7 : 0.1769"
"7,96 : 0.4179"
"96,7 : 0.4179"
"7,97 : 0.2778"
"97,7 : 0.2778"
"7,98 : 1.0748"
"98,7 : 1.0748"
"7,99 : 0.1942"
"99,7 : 0.1942"
"8,9 : 0.1552"
"9,8 : 0.1552"
"8,10 : 0.2561"
"10,8 : 0.2561"
"8,11 : 0.0608"
"11,8 : 0.0608"
"8,12 : 0.2746"
"12,8 : 0.2746"
"8,13 : 0.4427"
"13,8 : 0.4427"
"8,14 : 0.592"
"14,8 : 0.592"
"8,15 : 0.8983"
"15,8 : 0.8983"
"8,16 : 0.3002"
"16,8 : 0.3002"
"8,17 : 0.7046"
"17,8 : 0.7046"
"8,18 : 0.5846"
"18,8 : 0.5846"
"8,19 : 0.1273"
"19,8 : 0.1273"
"8,20 : 0.1"
"20,8 : 0.1"
"8,21 : 0.4176"
"21,8 : 0.4176"
"8,22 : 0.1118"
"22,8 : 0.1118"
"8,23 : 0.6162"
"23,8 : 0.6162"
"8,24 : 0.4604"
"24,8 : 0.4604"
"8,25 : 0.2193"
"25,8 : 0.2193"
"8,26 : 0.3126"
"26,8 : 0.3126"
"8,27 : 0.722"
"27,8 : 0.722"
"8,28 : 0.5394"
"28,8 : 0.5394"
"8,29 : 0.2968"
"29,8 : 0.2968"
"8,30 : 0.6519"
"30,8 : 0.6519"
"8,31 : 0.4833"
"31,8 : 0.4833"
"8,32 : 0.7021"
"32,8 : 0.7021"
"8,33 : 0.264"
"33,8 : 0.264"
"8,34 : 0.5523"
"34,8 : 0.5523"
"8,35 : 0.0943"
"35,8 : 0.0943"
"8,36 : 0.255"
"36,8 : 0.255"
"8,37 : 0.2907"
"37,8 : 0.2907"
"8,38 : 0.2335"
"38,8 : 0.2335"
"8,39 : 0.5852"
"39,8 : 0.5852"
"8,40 : 0.542"
"40,8 : 0.542"
"8,41 : 0.5917"
"41,8 : 0.5917"
"8,42 : 0.191"
"42,8 : 0.191"
"8,43 : 0.7122"
"43,8 : 0.7122"
"8,44 : 0.2746"
"44,8 : 0.2746"
"8,45 : 0.4115"
"45,8 : 0.4115"
"8,46 : 0.5887"
"46,8 : 0.5887"
"8,47 : 0.4478"
"47,8 : 0.4478"
"8,48 : 0.5787"
"48,8 : 0.5787"
"8,49 : 0.8062"
"49,8 : 0.8062"
"8,50 : 0.5608"
"50,8 : 0.5608"
"8,51 : 0.1655"
"51,8 : 0.1655"
"8,52 : 0.4295"
"52,8 : 0.4295"
"8,53 : 0.2121"
"53,8 : 0.2121"
"8,54 : 0.5869"
"54,8 : 0.5869"
"8,55 : 0.3982"
"55,8 : 0.3982"
"8,56 : 0.5803"
"56,8 : 0.5803"
"8,57 : 0.2915"
"57,8 : 0.2915"
"8,58 : 0.322"
"58,8 : 0.322"
"8,59 : 0.333"
"59,8 : 0.333"
"8,60 : 0.064"
"60,8 : 0.064"
"8,61 : 0.0854"
"61,8 : 0.0854"
"8,62 : 0.3606"
"62,8 : 0.3606"
"8,63 : 0.3111"
"63,8 : 0.3111"
"8,64 : 0.1603"
"64,8 : 0.1603"
"8,65 : 0.5544"
"65,8 : 0.5544"
"8,66 : 0.4522"
"66,8 : 0.4522"
"8,67 : 0.364"
"67,8 : 0.364"
"8,68 : 0.6037"
"68,8 : 0.6037"
"8,69 : 0.3859"
"69,8 : 0.3859"
"8,70 : 0.253"
"70,8 : 0.253"
"8,71 : 0.7338"
"71,8 : 0.7338"
"8,72 : 0.8797"
"72,8 : 0.8797"
"8,73 : 0.7823"
"73,8 : 0.7823"
"8,74 : 0.6641"
"74,8 : 0.6641"
"8,75 : 0.5334"
"75,8 : 0.5334"
"8,76 : 0.5233"
"76,8 : 0.5233"
"8,77 : 0.3132"
"77,8 : 0.3132"
"8,78 : 0.7616"
"78,8 : 0.7616"
"8,79 : 0.3353"
"79,8 : 0.3353"
"8,80 : 0.2941"
"80,8 : 0.2941"
"8,81 : 0.4159"
"81,8 : 0.4159"
"8,82 : 0.1703"
"82,8 : 0.1703"
"8,83 : 0.7515"
"83,8 : 0.7515"
"8,84 : 0.0632"
"84,8 : 0.0632"
"8,85 : 0.247"
"85,8 : 0.247"
"8,86 : 0.6531"
"86,8 : 0.6531"
"8,87 : 0.494"
"87,8 : 0.494"
"8,88 : 0.211"
"88,8 : 0.211"
"8,89 : 0.4438"
"89,8 : 0.4438"
"8,90 : 0.7178"
"90,8 : 0.7178"
"8,91 : 0.2102"
"91,8 : 0.2102"
"8,92 : 0.1712"
"92,8 : 0.1712"
"8,93 : 0.2864"
"93,8 : 0.2864"
"8,94 : 0.6162"
"94,8 : 0.6162"
"8,95 : 0.3905"
"95,8 : 0.3905"
"8,96 : 0.1304"
"96,8 : 0.1304"
"8,97 : 0.396"
"97,8 : 0.396"
"8,98 : 0.6648"
"98,8 : 0.6648"
"8,99 : 0.3759"
"99,8 : 0.3759"
"9,10 : 0.37"
"10,9 : 0.37"
"9,11 : 0.0949"
"11,9 : 0.0949"
"9,12 : 0.4036"
"12,9 : 0.4036"
"9,13 : 0.3245"
"13,9 : 0.3245"
"9,14 : 0.6101"
"14,9 : 0.6101"
"9,15 : 0.8349"
"15,9 : 0.8349"
"9,16 : 0.4243"
"16,9 : 0.4243"
"9,17 : 0.5515"
"17,9 : 0.5515"
"9,18 : 0.6103"
"18,9 : 0.6103"
"9,19 : 0.1432"
"19,9 : 0.1432"
"9,20 : 0.1221"
"20,9 : 0.1221"
"9,21 : 0.5162"
"21,9 : 0.5162"
"9,22 : 0.2608"
"22,9 : 0.2608"
"9,23 : 0.5464"
"23,9 : 0.5464"
"9,24 : 0.4342"
"24,9 : 0.4342"
"9,25 : 0.3231"
"25,9 : 0.3231"
"9,26 : 0.3302"
"26,9 : 0.3302"
"9,27 : 0.6957"
"27,9 : 0.6957"
"9,28 : 0.5722"
"28,9 : 0.5722"
"9,29 : 0.4472"
"29,9 : 0.4472"
"9,30 : 0.5994"
"30,9 : 0.5994"
"9,31 : 0.4826"
"31,9 : 0.4826"
"9,32 : 0.7303"
"32,9 : 0.7303"
"9,33 : 0.3982"
"33,9 : 0.3982"
"9,34 : 0.5009"
"34,9 : 0.5009"
"9,35 : 0.114"
"35,9 : 0.114"
"9,36 : 0.4001"
"36,9 : 0.4001"
"9,37 : 0.3992"
"37,9 : 0.3992"
"9,38 : 0.2102"
"38,9 : 0.2102"
"9,39 : 0.5921"
"39,9 : 0.5921"
"9,40 : 0.3941"
"40,9 : 0.3941"
"9,41 : 0.4441"
"41,9 : 0.4441"
"9,42 : 0.1811"
"42,9 : 0.1811"
"9,43 : 0.6313"
"43,9 : 0.6313"
"9,44 : 0.4295"
"44,9 : 0.4295"
"9,45 : 0.4111"
"45,9 : 0.4111"
"9,46 : 0.593"
"46,9 : 0.593"
"9,47 : 0.2953"
"47,9 : 0.2953"
"9,48 : 0.676"
"48,9 : 0.676"
"9,49 : 0.7433"
"49,9 : 0.7433"
"9,50 : 0.6657"
"50,9 : 0.6657"
"9,51 : 0.136"
"51,9 : 0.136"
"9,52 : 0.2997"
"52,9 : 0.2997"
"9,53 : 0.3601"
"53,9 : 0.3601"
"9,54 : 0.4743"
"54,9 : 0.4743"
"9,55 : 0.5174"
"55,9 : 0.5174"
"9,56 : 0.6429"
"56,9 : 0.6429"
"9,57 : 0.1389"
"57,9 : 0.1389"
"9,58 : 0.3027"
"58,9 : 0.3027"
"9,59 : 0.4254"
"59,9 : 0.4254"
"9,60 : 0.1903"
"60,9 : 0.1903"
"9,61 : 0.1844"
"61,9 : 0.1844"
"9,62 : 0.2484"
"62,9 : 0.2484"
"9,63 : 0.1931"
"63,9 : 0.1931"
"9,64 : 0.2441"
"64,9 : 0.2441"
"9,65 : 0.4801"
"65,9 : 0.4801"
"9,66 : 0.3111"
"66,9 : 0.3111"
"9,67 : 0.4958"
"67,9 : 0.4958"
"9,68 : 0.5923"
"68,9 : 0.5923"
"9,69 : 0.2408"
"69,9 : 0.2408"
"9,70 : 0.3624"
"70,9 : 0.3624"
"9,71 : 0.6084"
"71,9 : 0.6084"
"9,72 : 0.8016"
"72,9 : 0.8016"
"9,73 : 0.6868"
"73,9 : 0.6868"
"9,74 : 0.5412"
"74,9 : 0.5412"
"9,75 : 0.4384"
"75,9 : 0.4384"
"9,76 : 0.3722"
"76,9 : 0.3722"
"9,77 : 0.3453"
"77,9 : 0.3453"
"9,78 : 0.6084"
"78,9 : 0.6084"
"9,79 : 0.3635"
"79,9 : 0.3635"
"9,80 : 0.4111"
"80,9 : 0.4111"
"9,81 : 0.2823"
"81,9 : 0.2823"
"9,82 : 0.0361"
"82,9 : 0.0361"
"9,83 : 0.7398"
"83,9 : 0.7398"
"9,84 : 0.1712"
"84,9 : 0.1712"
"9,85 : 0.3754"
"85,9 : 0.3754"
"9,86 : 0.5012"
"86,9 : 0.5012"
"9,87 : 0.4036"
"87,9 : 0.4036"
"9,88 : 0.365"
"88,9 : 0.365"
"9,89 : 0.3176"
"89,9 : 0.3176"
"9,90 : 0.7244"
"90,9 : 0.7244"
"9,91 : 0.364"
"91,9 : 0.364"
"9,92 : 0.3256"
"92,9 : 0.3256"
"9,93 : 0.3189"
"93,9 : 0.3189"
"9,94 : 0.5464"
"94,9 : 0.5464"
"9,95 : 0.4624"
"95,9 : 0.4624"
"9,96 : 0.2202"
"96,9 : 0.2202"
"9,97 : 0.536"
"97,9 : 0.536"
"9,98 : 0.5108"
"98,9 : 0.5108"
"9,99 : 0.4958"
"99,9 : 0.4958"
"10,11 : 0.3002"
"11,10 : 0.3002"
"10,12 : 0.3932"
"12,10 : 0.3932"
"10,13 : 0.6888"
"13,10 : 0.6888"
"10,14 : 0.8139"
"14,10 : 0.8139"
"10,15 : 1.1526"
"15,10 : 1.1526"
"10,16 : 0.423"
"16,10 : 0.423"
"10,17 : 0.9035"
"17,10 : 0.9035"
"10,18 : 0.8011"
"18,10 : 0.8011"
"10,19 : 0.3829"
"19,10 : 0.3829"
"10,20 : 0.3561"
"20,10 : 0.3561"
"10,21 : 0.5657"
"21,10 : 0.5657"
"10,22 : 0.1664"
"22,10 : 0.1664"
"10,23 : 0.8721"
"23,10 : 0.8721"
"10,24 : 0.7094"
"24,10 : 0.7094"
"10,25 : 0.05"
"25,10 : 0.05"
"10,26 : 0.2193"
"26,10 : 0.2193"
"10,27 : 0.9661"
"27,10 : 0.9661"
"10,28 : 0.7524"
"28,10 : 0.7524"
"10,29 : 0.3239"
"29,10 : 0.3239"
"10,30 : 0.9052"
"30,10 : 0.9052"
"10,31 : 0.7211"
"31,10 : 0.7211"
"10,32 : 0.9118"
"32,10 : 0.9118"
"10,33 : 0.3722"
"33,10 : 0.3722"
"10,34 : 0.8061"
"34,10 : 0.8061"
"10,35 : 0.35"
"35,10 : 0.35"
"10,36 : 0.1208"
"36,10 : 0.1208"
"10,37 : 0.0361"
"37,10 : 0.0361"
"10,38 : 0.4884"
"38,10 : 0.4884"
"10,39 : 0.8149"
"39,10 : 0.8149"
"10,40 : 0.679"
"40,10 : 0.679"
"10,41 : 0.7237"
"41,10 : 0.7237"
"10,42 : 0.446"
"42,10 : 0.446"
"10,43 : 0.9683"
"43,10 : 0.9683"
"10,44 : 0.2214"
"44,10 : 0.2214"
"10,45 : 0.6522"
"45,10 : 0.6522"
"10,46 : 0.8199"
"46,10 : 0.8199"
"10,47 : 0.6103"
"47,10 : 0.6103"
"10,48 : 0.7103"
"48,10 : 0.7103"
"10,49 : 1.0608"
"49,10 : 1.0608"
"10,50 : 0.6801"
"50,10 : 0.6801"
"10,51 : 0.2702"
"51,10 : 0.2702"
"10,52 : 0.6685"
"52,10 : 0.6685"
"10,53 : 0.1304"
"53,10 : 0.1304"
"10,54 : 0.8365"
"54,10 : 0.8365"
"10,55 : 0.5101"
"55,10 : 0.5101"
"10,56 : 0.7616"
"56,10 : 0.7616"
"10,57 : 0.4727"
"57,10 : 0.4727"
"10,58 : 0.5731"
"58,10 : 0.5731"
"10,59 : 0.0922"
"59,10 : 0.0922"
"10,60 : 0.1942"
"60,10 : 0.1942"
"10,61 : 0.1879"
"61,10 : 0.1879"
"10,62 : 0.6083"
"62,10 : 0.6083"
"10,63 : 0.4243"
"63,10 : 0.4243"
"10,64 : 0.3828"
"64,10 : 0.3828"
"10,65 : 0.8106"
"65,10 : 0.8106"
"10,66 : 0.5787"
"66,10 : 0.5787"
"10,67 : 0.4504"
"67,10 : 0.4504"
"10,68 : 0.8431"
"68,10 : 0.8431"
"10,69 : 0.5315"
"69,10 : 0.5315"
"10,70 : 0.4176"
"70,10 : 0.4176"
"10,71 : 0.9769"
"71,10 : 0.9769"
"10,72 : 1.1357"
"72,10 : 1.1357"
"10,73 : 1.0373"
"73,10 : 1.0373"
"10,74 : 0.9087"
"74,10 : 0.9087"
"10,75 : 0.7877"
"75,10 : 0.7877"
"10,76 : 0.6736"
"76,10 : 0.6736"
"10,77 : 0.5438"
"77,10 : 0.5438"
"10,78 : 0.9108"
"78,10 : 0.9108"
"10,79 : 0.566"
"79,10 : 0.566"
"10,80 : 0.0412"
"80,10 : 0.0412"
"10,81 : 0.6519"
"81,10 : 0.6519"
"10,82 : 0.3992"
"82,10 : 0.3992"
"10,83 : 0.9879"
"83,10 : 0.9879"
"10,84 : 0.2059"
"84,10 : 0.2059"
"10,85 : 0.3766"
"85,10 : 0.3766"
"10,86 : 0.7991"
"86,10 : 0.7991"
"10,87 : 0.7489"
"87,10 : 0.7489"
"10,88 : 0.1803"
"88,10 : 0.1803"
"10,89 : 0.6854"
"89,10 : 0.6854"
"10,90 : 0.9437"
"90,10 : 0.9437"
"10,91 : 0.2502"
"91,10 : 0.2502"
"10,92 : 0.1825"
"92,10 : 0.1825"
"10,93 : 0.1844"
"93,10 : 0.1844"
"10,94 : 0.8721"
"94,10 : 0.8721"
"10,95 : 0.5787"
"95,10 : 0.5787"
"10,96 : 0.3581"
"96,10 : 0.3581"
"10,97 : 0.4472"
"97,10 : 0.4472"
"10,98 : 0.8239"
"98,10 : 0.8239"
"10,99 : 0.4904"
"99,10 : 0.4904"
"11,12 : 0.3189"
"12,11 : 0.3189"
"11,13 : 0.39"
"13,11 : 0.39"
"11,14 : 0.5886"
"14,11 : 0.5886"
"11,15 : 0.8656"
"15,11 : 0.8656"
"11,16 : 0.3421"
"16,11 : 0.3421"
"11,17 : 0.6438"
"17,11 : 0.6438"
"11,18 : 0.5842"
"18,11 : 0.5842"
"11,19 : 0.1044"
"19,11 : 0.1044"
"11,20 : 0.0728"
"20,11 : 0.0728"
"11,21 : 0.4478"
"21,11 : 0.4478"
"11,22 : 0.1703"
"22,11 : 0.1703"
"11,23 : 0.58"
"23,11 : 0.58"
"11,24 : 0.4383"
"24,11 : 0.4383"
"11,25 : 0.2581"
"25,11 : 0.2581"
"11,26 : 0.3162"
"26,11 : 0.3162"
"11,27 : 0.7021"
"27,11 : 0.7021"
"11,28 : 0.5415"
"28,11 : 0.5415"
"11,29 : 0.3536"
"29,11 : 0.3536"
"11,30 : 0.622"
"30,11 : 0.622"
"11,31 : 0.4713"
"31,11 : 0.4713"
"11,32 : 0.7035"
"32,11 : 0.7035"
"11,33 : 0.3111"
"33,11 : 0.3111"
"11,34 : 0.522"
"34,11 : 0.522"
"11,35 : 0.0632"
"35,11 : 0.0632"
"11,36 : 0.3126"
"36,11 : 0.3126"
"11,37 : 0.3329"
"37,11 : 0.3329"
"11,38 : 0.2059"
"38,11 : 0.2059"
"11,39 : 0.5772"
"39,11 : 0.5772"
"11,40 : 0.4855"
"40,11 : 0.4855"
"11,41 : 0.5354"
"41,11 : 0.5354"
"11,42 : 0.1655"
"42,11 : 0.1655"
"11,43 : 0.6727"
"43,11 : 0.6727"
"11,44 : 0.3354"
"44,11 : 0.3354"
"11,45 : 0.3985"
"45,11 : 0.3985"
"11,46 : 0.5797"
"46,11 : 0.5797"
"11,47 : 0.3891"
"47,11 : 0.3891"
"11,48 : 0.6093"
"48,11 : 0.6093"
"11,49 : 0.7734"
"49,11 : 0.7734"
"11,50 : 0.5948"
"50,11 : 0.5948"
"11,51 : 0.1404"
"51,11 : 0.1404"
"11,52 : 0.3736"
"52,11 : 0.3736"
"11,53 : 0.2707"
"53,11 : 0.2707"
"11,54 : 0.5367"
"54,11 : 0.5367"
"11,55 : 0.4383"
"55,11 : 0.4383"
"11,56 : 0.5954"
"56,11 : 0.5954"
"11,57 : 0.2326"
"57,11 : 0.2326"
"11,58 : 0.2997"
"58,11 : 0.2997"
"11,59 : 0.3688"
"59,11 : 0.3688"
"11,60 : 0.1077"
"60,11 : 0.1077"
"11,61 : 0.114"
"61,11 : 0.114"
"11,62 : 0.3087"
"62,11 : 0.3087"
"11,63 : 0.264"
"63,11 : 0.264"
"11,64 : 0.1772"
"64,11 : 0.1772"
"11,65 : 0.5162"
"65,11 : 0.5162"
"11,66 : 0.3982"
"66,11 : 0.3982"
"11,67 : 0.4104"
"67,11 : 0.4104"
"11,68 : 0.5887"
"68,11 : 0.5887"
"11,69 : 0.3302"
"69,11 : 0.3302"
"11,70 : 0.2865"
"70,11 : 0.2865"
"11,71 : 0.6801"
"71,11 : 0.6801"
"11,72 : 0.8417"
"72,11 : 0.8417"
"11,73 : 0.7382"
"73,11 : 0.7382"
"11,74 : 0.611"
"74,11 : 0.611"
"11,75 : 0.4883"
"75,11 : 0.4883"
"11,76 : 0.4653"
"76,11 : 0.4653"
"11,77 : 0.3114"
"77,11 : 0.3114"
"11,78 : 0.7026"
"78,11 : 0.7026"
"11,79 : 0.3324"
"79,11 : 0.3324"
"11,80 : 0.34"
"80,11 : 0.34"
"11,81 : 0.359"
"81,11 : 0.359"
"11,82 : 0.11"
"82,11 : 0.11"
"11,83 : 0.7374"
"83,11 : 0.7374"
"11,84 : 0.0943"
"84,11 : 0.0943"
"11,85 : 0.2907"
"85,11 : 0.2907"
"11,86 : 0.5948"
"86,11 : 0.5948"
"11,87 : 0.45"
"87,11 : 0.45"
"11,88 : 0.2717"
"88,11 : 0.2717"
"11,89 : 0.389"
"89,11 : 0.389"
"11,90 : 0.7106"
"90,11 : 0.7106"
"11,91 : 0.2693"
"91,11 : 0.2693"
"11,92 : 0.2319"
"92,11 : 0.2319"
"11,93 : 0.2955"
"93,11 : 0.2955"
"11,94 : 0.58"
"94,11 : 0.58"
"11,95 : 0.4079"
"95,11 : 0.4079"
"11,96 : 0.1487"
"96,11 : 0.1487"
"11,97 : 0.4469"
"97,11 : 0.4469"
"11,98 : 0.6054"
"98,11 : 0.6054"
"11,99 : 0.4162"
"99,11 : 0.4162"
"12,13 : 0.5771"
"13,12 : 0.5771"
"12,14 : 0.4601"
"14,12 : 0.4601"
"12,15 : 0.8771"
"15,12 : 0.8771"
"12,16 : 0.03"
"16,12 : 0.03"
"12,17 : 0.9048"
"17,12 : 0.9048"
"12,18 : 0.4405"
"18,12 : 0.4405"
"12,19 : 0.2778"
"19,12 : 0.2778"
"12,20 : 0.286"
"20,12 : 0.286"
"12,21 : 0.1726"
"21,12 : 0.1726"
"12,22 : 0.2532"
"22,12 : 0.2532"
"12,23 : 0.636"
"23,12 : 0.636"
"12,24 : 0.4366"
"24,12 : 0.4366"
"12,25 : 0.39"
"25,12 : 0.39"
"12,26 : 0.5511"
"26,12 : 0.5511"
"12,27 : 0.65"
"27,12 : 0.65"
"12,28 : 0.3905"
"28,12 : 0.3905"
"12,29 : 0.1221"
"29,12 : 0.1221"
"12,30 : 0.6356"
"30,12 : 0.6356"
"12,31 : 0.4082"
"31,12 : 0.4082"
"12,32 : 0.5385"
"32,12 : 0.5385"
"12,33 : 0.0224"
"33,12 : 0.0224"
"12,34 : 0.5503"
"34,12 : 0.5503"
"12,35 : 0.2921"
"35,12 : 0.2921"
"12,36 : 0.2973"
"36,12 : 0.2973"
"12,37 : 0.4258"
"37,12 : 0.4258"
"12,38 : 0.3158"
"38,12 : 0.3158"
"12,39 : 0.4742"
"39,12 : 0.4742"
"12,40 : 0.7965"
"40,12 : 0.7965"
"12,41 : 0.8465"
"41,12 : 0.8465"
"12,42 : 0.2941"
"42,12 : 0.2941"
"12,43 : 0.7404"
"43,12 : 0.7404"
"12,44 : 0.2163"
"44,12 : 0.2163"
"12,45 : 0.3585"
"45,12 : 0.3585"
"12,46 : 0.4817"
"46,12 : 0.4817"
"12,47 : 0.694"
"47,12 : 0.694"
"12,48 : 0.3214"
"48,12 : 0.3214"
"12,49 : 0.7916"
"49,12 : 0.7916"
"12,50 : 0.2961"
"50,12 : 0.2961"
"12,51 : 0.4391"
"51,12 : 0.4391"
"12,52 : 0.5869"
"52,12 : 0.5869"
"12,53 : 0.2668"
"53,12 : 0.2668"
"12,54 : 0.69"
"54,12 : 0.69"
"12,55 : 0.1265"
"55,12 : 0.1265"
"12,56 : 0.3734"
"56,12 : 0.3734"
"12,57 : 0.5404"
"57,12 : 0.5404"
"12,58 : 0.3413"
"58,12 : 0.3413"
"12,59 : 0.4851"
"59,12 : 0.4851"
"12,60 : 0.3008"
"60,12 : 0.3008"
"12,61 : 0.3324"
"61,12 : 0.3324"
"12,62 : 0.5022"
"62,12 : 0.5022"
"12,63 : 0.5826"
"63,12 : 0.5826"
"12,64 : 0.1746"
"64,12 : 0.1746"
"12,65 : 0.5923"
"65,12 : 0.5923"
"12,66 : 0.7145"
"66,12 : 0.7145"
"12,67 : 0.0922"
"67,12 : 0.0922"
"12,68 : 0.522"
"68,12 : 0.522"
"12,69 : 0.6444"
"69,12 : 0.6444"
"12,70 : 0.0707"
"70,12 : 0.0707"
"12,71 : 0.8501"
"71,12 : 0.8501"
"12,72 : 0.8877"
"72,12 : 0.8877"
"12,73 : 0.832"
"73,12 : 0.832"
"12,74 : 0.7803"
"74,12 : 0.7803"
"12,75 : 0.6113"
"75,12 : 0.6113"
"12,76 : 0.772"
"76,12 : 0.772"
"12,77 : 0.25"
"77,12 : 0.25"
"12,78 : 1.0017"
"78,12 : 1.0017"
"12,79 : 0.2657"
"79,12 : 0.2657"
"12,80 : 0.41"
"80,12 : 0.41"
"12,81 : 0.5824"
"81,12 : 0.5824"
"12,82 : 0.4"
"82,12 : 0.4"
"12,83 : 0.6507"
"83,12 : 0.6507"
"12,84 : 0.3178"
"84,12 : 0.3178"
"12,85 : 0.0283"
"85,12 : 0.0283"
"12,86 : 0.8987"
"86,12 : 0.8987"
"12,87 : 0.5708"
"87,12 : 0.5708"
"12,88 : 0.2184"
"88,12 : 0.2184"
"12,89 : 0.5923"
"89,12 : 0.5923"
"12,90 : 0.589"
"90,12 : 0.589"
"12,91 : 0.1456"
"91,12 : 0.1456"
"12,92 : 0.211"
"92,12 : 0.211"
"12,93 : 0.5179"
"93,12 : 0.5179"
"12,94 : 0.636"
"94,12 : 0.636"
"12,95 : 0.2062"
"95,12 : 0.2062"
"12,96 : 0.1887"
"96,12 : 0.1887"
"12,97 : 0.1393"
"97,12 : 0.1393"
"12,98 : 0.9021"
"98,12 : 0.9021"
"12,99 : 0.1044"
"99,12 : 0.1044"
"13,14 : 0.5025"
"14,13 : 0.5025"
"13,15 : 0.5478"
"15,13 : 0.5478"
"13,16 : 0.5825"
"16,13 : 0.5825"
"13,17 : 0.3561"
"17,13 : 0.3561"
"13,18 : 0.5187"
"18,13 : 0.5187"
"13,19 : 0.3338"
"19,13 : 0.3338"
"13,20 : 0.3493"
"20,13 : 0.3493"
"13,21 : 0.5993"
"21,13 : 0.5993"
"13,22 : 0.5536"
"22,13 : 0.5536"
"13,23 : 0.2729"
"23,13 : 0.2729"
"13,24 : 0.2884"
