x,y
0.38,0.41
0.49,0.64
0.42,0.71
0.37,0.48
0.66,0.45
0.43,0.62
0.97,0.04
0.91,0.85
0.05,0.3
0.19,0.87
0.98,0.82
0.26,0.81
0.83,0.34
0.39,0.01
0.5,0.89
0.92,0.89
0.95,0.71
0.33,0.23
0.99,0.74
0.53,0.06
0.0,0.7
0.24,0.16
0.0,0.47
0.64,0.65
0.2,0.26
0.34,1.0
0.81,0.8
0.4,0.72
0.4,0.6
0.48,0.35
0.97,0.61
0.17,0.65
0.64,0.75
0.25,0.95
0.8,0.12
0.15,0.4
0.82,0.65
0.52,0.65
0.74,0.58
0.52,0.16
0.88,0.46
0.08,0.33
0.73,0.37
0.34,0.5
0.93,0.42
0.1,0.23
0.63,0.13
0.73,0.61
0.48,0.95
0.72,0.18
0.57,0.12
0.3,0.48
0.1,0.58
0.81,0.39
0.55,0.23
0.31,0.87
0.78,0.7
0.23,0.25
0.19,0.13
0.65,0.8
0.0,0.25
0.84,0.14
0.64,0.44
0.11,0.29
0.53,0.38
0.09,0.62
0.84,0.44
0.97,0.86
0.01,0.24
0.44,0.24
0.69,0.51
0.58,0.95
0.27,0.34
0.77,0.24
0.08,0.76
0.3,0.57
0.47,0.09
0.54,0.05
0.22,0.49
0.3,0.5
0.95,0.64
0.98,0.78
0.56,0.66
0.06,0.07
0.79,0.15
0.94,0.71
0.88,0.47
0.97,0.23
0.89,0.89
0.68,0.69
0.93,0.12
0.44,0.3
0.84,0.14
0.89,0.43
0.75,0.57
0.59,0.29
0.25,0.16
0.73,0.3
0.02,0.89
0.66,0.56

Distanze
"0,1 : 0.255"
"1,0 : 0.255"
"0,2 : 0.3027"
"2,0 : 0.3027"
"0,3 : 0.0707"
"3,0 : 0.0707"
"0,4 : 0.2828"
"4,0 : 0.2828"
"0,5 : 0.2159"
"5,0 : 0.2159"
"0,6 : 0.6964"
"6,0 : 0.6964"
"0,7 : 0.6888"
"7,0 : 0.6888"
"0,8 : 0.3479"
"8,0 : 0.3479"
"0,9 : 0.4977"
"9,0 : 0.4977"
"0,10 : 0.7267"
"10,0 : 0.7267"
"0,11 : 0.4176"
"11,0 : 0.4176"
"0,12 : 0.4554"
"12,0 : 0.4554"
"0,13 : 0.4001"
"13,0 : 0.4001"
"0,14 : 0.4948"
"14,0 : 0.4948"
"0,15 : 0.7225"
"15,0 : 0.7225"
"0,16 : 0.6441"
"16,0 : 0.6441"
"0,17 : 0.1868"
"17,0 : 0.1868"
"0,18 : 0.6935"
"18,0 : 0.6935"
"0,19 : 0.3808"
"19,0 : 0.3808"
"0,20 : 0.478"
"20,0 : 0.478"
"0,21 : 0.2865"
"21,0 : 0.2865"
"0,22 : 0.3847"
"22,0 : 0.3847"
"0,23 : 0.3538"
"23,0 : 0.3538"
"0,24 : 0.2343"
"24,0 : 0.2343"
"0,25 : 0.5914"
"25,0 : 0.5914"
"0,26 : 0.5805"
"26,0 : 0.5805"
"0,27 : 0.3106"
"27,0 : 0.3106"
"0,28 : 0.191"
"28,0 : 0.191"
"0,29 : 0.1166"
"29,0 : 0.1166"
"0,30 : 0.623"
"30,0 : 0.623"
"0,31 : 0.3189"
"31,0 : 0.3189"
"0,32 : 0.428"
"32,0 : 0.428"
"0,33 : 0.5554"
"33,0 : 0.5554"
"0,34 : 0.5104"
"34,0 : 0.5104"
"0,35 : 0.2302"
"35,0 : 0.2302"
"0,36 : 0.5012"
"36,0 : 0.5012"
"0,37 : 0.2778"
"37,0 : 0.2778"
"0,38 : 0.3981"
"38,0 : 0.3981"
"0,39 : 0.2865"
"39,0 : 0.2865"
"0,40 : 0.5025"
"40,0 : 0.5025"
"0,41 : 0.3105"
"41,0 : 0.3105"
"0,42 : 0.3523"
"42,0 : 0.3523"
"0,43 : 0.0985"
"43,0 : 0.0985"
"0,44 : 0.5501"
"44,0 : 0.5501"
"0,45 : 0.3329"
"45,0 : 0.3329"
"0,46 : 0.3754"
"46,0 : 0.3754"
"0,47 : 0.4031"
"47,0 : 0.4031"
"0,48 : 0.5492"
"48,0 : 0.5492"
"0,49 : 0.4105"
"49,0 : 0.4105"
"0,50 : 0.3467"
"50,0 : 0.3467"
"0,51 : 0.1063"
"51,0 : 0.1063"
"0,52 : 0.3276"
"52,0 : 0.3276"
"0,53 : 0.4305"
"53,0 : 0.4305"
"0,54 : 0.2476"
"54,0 : 0.2476"
"0,55 : 0.4653"
"55,0 : 0.4653"
"0,56 : 0.4941"
"56,0 : 0.4941"
"0,57 : 0.2193"
"57,0 : 0.2193"
"0,58 : 0.3384"
"58,0 : 0.3384"
"0,59 : 0.4743"
"59,0 : 0.4743"
"0,60 : 0.4123"
"60,0 : 0.4123"
"0,61 : 0.5334"
"61,0 : 0.5334"
"0,62 : 0.2617"
"62,0 : 0.2617"
"0,63 : 0.2955"
"63,0 : 0.2955"
"0,64 : 0.153"
"64,0 : 0.153"
"0,65 : 0.3581"
"65,0 : 0.3581"
"0,66 : 0.461"
"66,0 : 0.461"
"0,67 : 0.742"
"67,0 : 0.742"
"0,68 : 0.4072"
"68,0 : 0.4072"
"0,69 : 0.1803"
"69,0 : 0.1803"
"0,70 : 0.3257"
"70,0 : 0.3257"
"0,71 : 0.5758"
"71,0 : 0.5758"
"0,72 : 0.1304"
"72,0 : 0.1304"
"0,73 : 0.4254"
"73,0 : 0.4254"
"0,74 : 0.461"
"74,0 : 0.461"
"0,75 : 0.1789"
"75,0 : 0.1789"
"0,76 : 0.3324"
"76,0 : 0.3324"
"0,77 : 0.394"
"77,0 : 0.394"
"0,78 : 0.1789"
"78,0 : 0.1789"
"0,79 : 0.1204"
"79,0 : 0.1204"
"0,80 : 0.6147"
"80,0 : 0.6147"
"0,81 : 0.7049"
"81,0 : 0.7049"
"0,82 : 0.3081"
"82,0 : 0.3081"
"0,83 : 0.4669"
"83,0 : 0.4669"
"0,84 : 0.4855"
"84,0 : 0.4855"
"0,85 : 0.6353"
"85,0 : 0.6353"
"0,86 : 0.5036"
"86,0 : 0.5036"
"0,87 : 0.6168"
"87,0 : 0.6168"
"0,88 : 0.7004"
"88,0 : 0.7004"
"0,89 : 0.4104"
"89,0 : 0.4104"
"0,90 : 0.6218"
"90,0 : 0.6218"
"0,91 : 0.1253"
"91,0 : 0.1253"
"0,92 : 0.5334"
"92,0 : 0.5334"
"0,93 : 0.5104"
"93,0 : 0.5104"
"0,94 : 0.4031"
"94,0 : 0.4031"
"0,95 : 0.2419"
"95,0 : 0.2419"
"0,96 : 0.2818"
"96,0 : 0.2818"
"0,97 : 0.3669"
"97,0 : 0.3669"
"0,98 : 0.6"
"98,0 : 0.6"
"0,99 : 0.3176"
"99,0 : 0.3176"
"1,2 : 0.099"
"2,1 : 0.099"
"1,3 : 0.2"
"3,1 : 0.2"
"1,4 : 0.255"
"4,1 : 0.255"
"1,5 : 0.0632"
"5,1 : 0.0632"
"1,6 : 0.7684"
"6,1 : 0.7684"
"1,7 : 0.4696"
"7,1 : 0.4696"
"1,8 : 0.5561"
"8,1 : 0.5561"
"1,9 : 0.378"
"9,1 : 0.378"
"1,10 : 0.522"
"10,1 : 0.522"
"1,11 : 0.286"
"11,1 : 0.286"
"1,12 : 0.4534"
"12,1 : 0.4534"
"1,13 : 0.6379"
"13,1 : 0.6379"
"1,14 : 0.2502"
"14,1 : 0.2502"
"1,15 : 0.4974"
"15,1 : 0.4974"
"1,16 : 0.4653"
"16,1 : 0.4653"
"1,17 : 0.4401"
"17,1 : 0.4401"
"1,18 : 0.5099"
"18,1 : 0.5099"
"1,19 : 0.5814"
"19,1 : 0.5814"
"1,20 : 0.4937"
"20,1 : 0.4937"
"1,21 : 0.5412"
"21,1 : 0.5412"
"1,22 : 0.5187"
"22,1 : 0.5187"
"1,23 : 0.1503"
"23,1 : 0.1503"
"1,24 : 0.478"
"24,1 : 0.478"
"1,25 : 0.39"
"25,1 : 0.39"
"1,26 : 0.3578"
"26,1 : 0.3578"
"1,27 : 0.1204"
"27,1 : 0.1204"
"1,28 : 0.0985"
"28,1 : 0.0985"
"1,29 : 0.2902"
"29,1 : 0.2902"
"1,30 : 0.4809"
"30,1 : 0.4809"
"1,31 : 0.3202"
"31,1 : 0.3202"
"1,32 : 0.186"
"32,1 : 0.186"
"1,33 : 0.392"
"33,1 : 0.392"
"1,34 : 0.6054"
"34,1 : 0.6054"
"1,35 : 0.4162"
"35,1 : 0.4162"
"1,36 : 0.3302"
"36,1 : 0.3302"
"1,37 : 0.0316"
"37,1 : 0.0316"
"1,38 : 0.2571"
"38,1 : 0.2571"
"1,39 : 0.4809"
"39,1 : 0.4809"
"1,40 : 0.4295"
"40,1 : 0.4295"
"1,41 : 0.514"
"41,1 : 0.514"
"1,42 : 0.3612"
"42,1 : 0.3612"
"1,43 : 0.2052"
"43,1 : 0.2052"
"1,44 : 0.4919"
"44,1 : 0.4919"
"1,45 : 0.5659"
"45,1 : 0.5659"
"1,46 : 0.5289"
"46,1 : 0.5289"
"1,47 : 0.2419"
"47,1 : 0.2419"
"1,48 : 0.3102"
"48,1 : 0.3102"
"1,49 : 0.5143"
"49,1 : 0.5143"
"1,50 : 0.5261"
"50,1 : 0.5261"
"1,51 : 0.2484"
"51,1 : 0.2484"
"1,52 : 0.3946"
"52,1 : 0.3946"
"1,53 : 0.4061"
"53,1 : 0.4061"
"1,54 : 0.4144"
"54,1 : 0.4144"
"1,55 : 0.2921"
"55,1 : 0.2921"
"1,56 : 0.2961"
"56,1 : 0.2961"
"1,57 : 0.4687"
"57,1 : 0.4687"
"1,58 : 0.5917"
"58,1 : 0.5917"
"1,59 : 0.2263"
"59,1 : 0.2263"
"1,60 : 0.6263"
"60,1 : 0.6263"
"1,61 : 0.6103"
"61,1 : 0.6103"
"1,62 : 0.25"
"62,1 : 0.25"
"1,63 : 0.5166"
"63,1 : 0.5166"
"1,64 : 0.2631"
"64,1 : 0.2631"
"1,65 : 0.4005"
"65,1 : 0.4005"
"1,66 : 0.4031"
"66,1 : 0.4031"
"1,67 : 0.528"
"67,1 : 0.528"
"1,68 : 0.6248"
"68,1 : 0.6248"
"1,69 : 0.4031"
"69,1 : 0.4031"
"1,70 : 0.2385"
"70,1 : 0.2385"
"1,71 : 0.3228"
"71,1 : 0.3228"
"1,72 : 0.372"
"72,1 : 0.372"
"1,73 : 0.4883"
"73,1 : 0.4883"
"1,74 : 0.4272"
"74,1 : 0.4272"
"1,75 : 0.2025"
"75,1 : 0.2025"
"1,76 : 0.5504"
"76,1 : 0.5504"
"1,77 : 0.5921"
"77,1 : 0.5921"
"1,78 : 0.3089"
"78,1 : 0.3089"
"1,79 : 0.236"
"79,1 : 0.236"
"1,80 : 0.46"
"80,1 : 0.46"
"1,81 : 0.5096"
"81,1 : 0.5096"
"1,82 : 0.0728"
"82,1 : 0.0728"
"1,83 : 0.714"
"83,1 : 0.714"
"1,84 : 0.5745"
"84,1 : 0.5745"
"1,85 : 0.4554"
"85,1 : 0.4554"
"1,86 : 0.4254"
"86,1 : 0.4254"
"1,87 : 0.6313"
"87,1 : 0.6313"
"1,88 : 0.4717"
"88,1 : 0.4717"
"1,89 : 0.1965"
"89,1 : 0.1965"
"1,90 : 0.6812"
"90,1 : 0.6812"
"1,91 : 0.3437"
"91,1 : 0.3437"
"1,92 : 0.6103"
"92,1 : 0.6103"
"1,93 : 0.4518"
"93,1 : 0.4518"
"1,94 : 0.2693"
"94,1 : 0.2693"
"1,95 : 0.364"
"95,1 : 0.364"
"1,96 : 0.5367"
"96,1 : 0.5367"
"1,97 : 0.4162"
"97,1 : 0.4162"
"1,98 : 0.5324"
"98,1 : 0.5324"
"1,99 : 0.1879"
"99,1 : 0.1879"
"2,3 : 0.2354"
"3,2 : 0.2354"
"2,4 : 0.3538"
"4,2 : 0.3538"
"2,5 : 0.0906"
"5,2 : 0.0906"
"2,6 : 0.8668"
"6,2 : 0.8668"
"2,7 : 0.5096"
"7,2 : 0.5096"
"2,8 : 0.5523"
"8,2 : 0.5523"
"2,9 : 0.2802"
"9,2 : 0.2802"
"2,10 : 0.5707"
"10,2 : 0.5707"
"2,11 : 0.1887"
"11,2 : 0.1887"
"2,12 : 0.5523"
"12,2 : 0.5523"
"2,13 : 0.7006"
"13,2 : 0.7006"
"2,14 : 0.197"
"14,2 : 0.197"
"2,15 : 0.5314"
"15,2 : 0.5314"
"2,16 : 0.53"
"16,2 : 0.53"
"2,17 : 0.4884"
"17,2 : 0.4884"
"2,18 : 0.5708"
"18,2 : 0.5708"
"2,19 : 0.6592"
"19,2 : 0.6592"
"2,20 : 0.4201"
"20,2 : 0.4201"
"2,21 : 0.5787"
"21,2 : 0.5787"
"2,22 : 0.4837"
"22,2 : 0.4837"
"2,23 : 0.228"
"23,2 : 0.228"
"2,24 : 0.5009"
"24,2 : 0.5009"
"2,25 : 0.3008"
"25,2 : 0.3008"
"2,26 : 0.4002"
"26,2 : 0.4002"
"2,27 : 0.0224"
"27,2 : 0.0224"
"2,28 : 0.1118"
"28,2 : 0.1118"
"2,29 : 0.365"
"29,2 : 0.365"
"2,30 : 0.559"
"30,2 : 0.559"
"2,31 : 0.2571"
"31,2 : 0.2571"
"2,32 : 0.2236"
"32,2 : 0.2236"
"2,33 : 0.2941"
"33,2 : 0.2941"
"2,34 : 0.7018"
"34,2 : 0.7018"
"2,35 : 0.4111"
"35,2 : 0.4111"
"2,36 : 0.4045"
"36,2 : 0.4045"
"2,37 : 0.1166"
"37,2 : 0.1166"
"2,38 : 0.3454"
"38,2 : 0.3454"
"2,39 : 0.559"
"39,2 : 0.559"
"2,40 : 0.5235"
"40,2 : 0.5235"
"2,41 : 0.5099"
"41,2 : 0.5099"
"2,42 : 0.4601"
"42,2 : 0.4601"
"2,43 : 0.2247"
"43,2 : 0.2247"
"2,44 : 0.5867"
"44,2 : 0.5867"
"2,45 : 0.5769"
"45,2 : 0.5769"
"2,46 : 0.6168"
"46,2 : 0.6168"
"2,47 : 0.3257"
"47,2 : 0.3257"
"2,48 : 0.2474"
"48,2 : 0.2474"
"2,49 : 0.609"
"49,2 : 0.609"
"2,50 : 0.6088"
"50,2 : 0.6088"
"2,51 : 0.2594"
"51,2 : 0.2594"
"2,52 : 0.3454"
"52,2 : 0.3454"
"2,53 : 0.5045"
"53,2 : 0.5045"
"2,54 : 0.4973"
"54,2 : 0.4973"
"2,55 : 0.1942"
"55,2 : 0.1942"
"2,56 : 0.3601"
"56,2 : 0.3601"
"2,57 : 0.4977"
"57,2 : 0.4977"
"2,58 : 0.6239"
"58,2 : 0.6239"
"2,59 : 0.247"
"59,2 : 0.247"
"2,60 : 0.6229"
"60,2 : 0.6229"
"2,61 : 0.708"
"61,2 : 0.708"
"2,62 : 0.3483"
"62,2 : 0.3483"
"2,63 : 0.522"
"63,2 : 0.522"
"2,64 : 0.3479"
"64,2 : 0.3479"
"2,65 : 0.3421"
"65,2 : 0.3421"
"2,66 : 0.4993"
"66,2 : 0.4993"
"2,67 : 0.5701"
"67,2 : 0.5701"
"2,68 : 0.6237"
"68,2 : 0.6237"
"2,69 : 0.4704"
"69,2 : 0.4704"
"2,70 : 0.336"
"70,2 : 0.336"
"2,71 : 0.2884"
"71,2 : 0.2884"
"2,72 : 0.3992"
"72,2 : 0.3992"
"2,73 : 0.586"
"73,2 : 0.586"
"2,74 : 0.3437"
"74,2 : 0.3437"
"2,75 : 0.1844"
"75,2 : 0.1844"
"2,76 : 0.622"
"76,2 : 0.622"
"2,77 : 0.6708"
"77,2 : 0.6708"
"2,78 : 0.2973"
"78,2 : 0.2973"
"2,79 : 0.2419"
"79,2 : 0.2419"
"2,80 : 0.5346"
"80,2 : 0.5346"
"2,81 : 0.5644"
"81,2 : 0.5644"
"2,82 : 0.1487"
"82,2 : 0.1487"
"2,83 : 0.7343"
"83,2 : 0.7343"
"2,84 : 0.6712"
"84,2 : 0.6712"
"2,85 : 0.52"
"85,2 : 0.52"
"2,86 : 0.5188"
"86,2 : 0.5188"
"2,87 : 0.73"
"87,2 : 0.73"
"2,88 : 0.5033"
"88,2 : 0.5033"
"2,89 : 0.2608"
"89,2 : 0.2608"
"2,90 : 0.7799"
"90,2 : 0.7799"
"2,91 : 0.4105"
"91,2 : 0.4105"
"2,92 : 0.708"
"92,2 : 0.708"
"2,93 : 0.5471"
"93,2 : 0.5471"
"2,94 : 0.3585"
"94,2 : 0.3585"
"2,95 : 0.4531"
"95,2 : 0.4531"
"2,96 : 0.5757"
"96,2 : 0.5757"
"2,97 : 0.514"
"97,2 : 0.514"
"2,98 : 0.4386"
"98,2 : 0.4386"
"2,99 : 0.283"
"99,2 : 0.283"
"3,4 : 0.2915"
"4,3 : 0.2915"
"3,5 : 0.1523"
"5,3 : 0.1523"
"3,6 : 0.744"
"6,3 : 0.744"
"3,7 : 0.6546"
"7,3 : 0.6546"
"3,8 : 0.3672"
"8,3 : 0.3672"
"3,9 : 0.4295"
"9,3 : 0.4295"
"3,10 : 0.6984"
"10,3 : 0.6984"
"3,11 : 0.3479"
"11,3 : 0.3479"
"3,12 : 0.4808"
"12,3 : 0.4808"
"3,13 : 0.4704"
"13,3 : 0.4704"
"3,14 : 0.4301"
"14,3 : 0.4301"
"3,15 : 0.686"
"15,3 : 0.686"
"3,16 : 0.6239"
"16,3 : 0.6239"
"3,17 : 0.2532"
"17,3 : 0.2532"
"3,18 : 0.6723"
"18,3 : 0.6723"
"3,19 : 0.4494"
"19,3 : 0.4494"
"3,20 : 0.4305"
"20,3 : 0.4305"
"3,21 : 0.3454"
"21,3 : 0.3454"
"3,22 : 0.3701"
"22,3 : 0.3701"
"3,23 : 0.3191"
"23,3 : 0.3191"
"3,24 : 0.278"
"24,3 : 0.278"
"3,25 : 0.5209"
"25,3 : 0.5209"
"3,26 : 0.5441"
"26,3 : 0.5441"
"3,27 : 0.2419"
"27,3 : 0.2419"
"3,28 : 0.1237"
"28,3 : 0.1237"
"3,29 : 0.1703"
"29,3 : 0.1703"
"3,30 : 0.6139"
"30,3 : 0.6139"
"3,31 : 0.2625"
"31,3 : 0.2625"
"3,32 : 0.3818"
"32,3 : 0.3818"
"3,33 : 0.4851"
"33,3 : 0.4851"
"3,34 : 0.5608"
"34,3 : 0.5608"
"3,35 : 0.2341"
"35,3 : 0.2341"
"3,36 : 0.481"
"36,3 : 0.481"
"3,37 : 0.2267"
"37,3 : 0.2267"
"3,38 : 0.3833"
"38,3 : 0.3833"
"3,39 : 0.3534"
"39,3 : 0.3534"
"3,40 : 0.5104"
"40,3 : 0.5104"
"3,41 : 0.3265"
"41,3 : 0.3265"
"3,42 : 0.3764"
"42,3 : 0.3764"
"3,43 : 0.0361"
"43,3 : 0.0361"
"3,44 : 0.5632"
"44,3 : 0.5632"
"3,45 : 0.368"
"45,3 : 0.368"
"3,46 : 0.436"
"46,3 : 0.436"
"3,47 : 0.3828"
"47,3 : 0.3828"
"3,48 : 0.4827"
"48,3 : 0.4827"
"3,49 : 0.461"
"49,3 : 0.461"
"3,50 : 0.4118"
"50,3 : 0.4118"
"3,51 : 0.07"
"51,3 : 0.07"
"3,52 : 0.2879"
"52,3 : 0.2879"
"3,53 : 0.4491"
"53,3 : 0.4491"
"3,54 : 0.3081"
"54,3 : 0.3081"
"3,55 : 0.3946"
"55,3 : 0.3946"
"3,56 : 0.4653"
"56,3 : 0.4653"
"3,57 : 0.2693"
"57,3 : 0.2693"
"3,58 : 0.3936"
"58,3 : 0.3936"
"3,59 : 0.4252"
"59,3 : 0.4252"
"3,60 : 0.4357"
"60,3 : 0.4357"
"3,61 : 0.5801"
"61,3 : 0.5801"
"3,62 : 0.2729"
"62,3 : 0.2729"
"3,63 : 0.322"
"63,3 : 0.322"
"3,64 : 0.1887"
"64,3 : 0.1887"
"3,65 : 0.313"
"65,3 : 0.313"
"3,66 : 0.4717"
"66,3 : 0.4717"
"3,67 : 0.7102"
"67,3 : 0.7102"
"3,68 : 0.4327"
"68,3 : 0.4327"
"3,69 : 0.25"
"69,3 : 0.25"
"3,70 : 0.3214"
"70,3 : 0.3214"
"3,71 : 0.5148"
"71,3 : 0.5148"
"3,72 : 0.172"
"72,3 : 0.172"
"3,73 : 0.4665"
"73,3 : 0.4665"
"3,74 : 0.4031"
"74,3 : 0.4031"
"3,75 : 0.114"
"75,3 : 0.114"
"3,76 : 0.4026"
"76,3 : 0.4026"
"3,77 : 0.4624"
"77,3 : 0.4624"
"3,78 : 0.1503"
"78,3 : 0.1503"
"3,79 : 0.0728"
"79,3 : 0.0728"
"3,80 : 0.6017"
"80,3 : 0.6017"
"3,81 : 0.6798"
"81,3 : 0.6798"
"3,82 : 0.2617"
"82,3 : 0.2617"
"3,83 : 0.514"
"83,3 : 0.514"
"3,84 : 0.5341"
"84,3 : 0.5341"
"3,85 : 0.6147"
"85,3 : 0.6147"
"3,86 : 0.5101"
"86,3 : 0.5101"
"3,87 : 0.65"
"87,3 : 0.65"
"3,88 : 0.6622"
"88,3 : 0.6622"
"3,89 : 0.3744"
"89,3 : 0.3744"
"3,90 : 0.6657"
"90,3 : 0.6657"
"3,91 : 0.1931"
"91,3 : 0.1931"
"3,92 : 0.5801"
"92,3 : 0.5801"
"3,93 : 0.5224"
"93,3 : 0.5224"
"3,94 : 0.3905"
"94,3 : 0.3905"
"3,95 : 0.2907"
"95,3 : 0.2907"
"3,96 : 0.3418"
"96,3 : 0.3418"
"3,97 : 0.4025"
"97,3 : 0.4025"
"3,98 : 0.5391"
"98,3 : 0.5391"
"3,99 : 0.3008"
"99,3 : 0.3008"
"4,5 : 0.286"
"5,4 : 0.286"
"4,6 : 0.514"
"6,4 : 0.514"
"4,7 : 0.4717"
"7,4 : 0.4717"
"4,8 : 0.6282"
"8,4 : 0.6282"
"4,9 : 0.6303"
"9,4 : 0.6303"
"4,10 : 0.4892"
"10,4 : 0.4892"
"4,11 : 0.5381"
"11,4 : 0.5381"
"4,12 : 0.2025"
"12,4 : 0.2025"
"4,13 : 0.5162"
"13,4 : 0.5162"
"4,14 : 0.4682"
"14,4 : 0.4682"
"4,15 : 0.5111"
"15,4 : 0.5111"
"4,16 : 0.3895"
"16,4 : 0.3895"
"4,17 : 0.3966"
"17,4 : 0.3966"
"4,18 : 0.4393"
"18,4 : 0.4393"
"4,19 : 0.4111"
"19,4 : 0.4111"
"4,20 : 0.7058"
"20,4 : 0.7058"
"4,21 : 0.5104"
"21,4 : 0.5104"
"4,22 : 0.6603"
"22,4 : 0.6603"
"4,23 : 0.201"
"23,4 : 0.201"
"4,24 : 0.4977"
"24,4 : 0.4977"
"4,25 : 0.6363"
"25,4 : 0.6363"
"4,26 : 0.3808"
"26,4 : 0.3808"
"4,27 : 0.3748"
"27,4 : 0.3748"
"4,28 : 0.3002"
"28,4 : 0.3002"
"4,29 : 0.2059"
"29,4 : 0.2059"
"4,30 : 0.3489"
"30,4 : 0.3489"
"4,31 : 0.5292"
"31,4 : 0.5292"
"4,32 : 0.3007"
"32,4 : 0.3007"
"4,33 : 0.6466"
"33,4 : 0.6466"
"4,34 : 0.3585"
"34,4 : 0.3585"
"4,35 : 0.5124"
"35,4 : 0.5124"
"4,36 : 0.2561"
"36,4 : 0.2561"
"4,37 : 0.2441"
"37,4 : 0.2441"
"4,38 : 0.1526"
"38,4 : 0.1526"
"4,39 : 0.322"
"39,4 : 0.322"
"4,40 : 0.2202"
"40,4 : 0.2202"
"4,41 : 0.5923"
"41,4 : 0.5923"
"4,42 : 0.1063"
"42,4 : 0.1063"
"4,43 : 0.3239"
"43,4 : 0.3239"
"4,44 : 0.2717"
"44,4 : 0.2717"
"4,45 : 0.6017"
"45,4 : 0.6017"
"4,46 : 0.3214"
"46,4 : 0.3214"
"4,47 : 0.1746"
"47,4 : 0.1746"
"4,48 : 0.5314"
"48,4 : 0.5314"
"4,49 : 0.2766"
"49,4 : 0.2766"
"4,50 : 0.3421"
"50,4 : 0.3421"
"4,51 : 0.3612"
"51,4 : 0.3612"
"4,52 : 0.5749"
"52,4 : 0.5749"
"4,53 : 0.1616"
"53,4 : 0.1616"
"4,54 : 0.246"
"54,4 : 0.246"
"4,55 : 0.5467"
"55,4 : 0.5467"
"4,56 : 0.2773"
"56,4 : 0.2773"
"4,57 : 0.4742"
"57,4 : 0.4742"
"4,58 : 0.5686"
"58,4 : 0.5686"
"4,59 : 0.3501"
"59,4 : 0.3501"
"4,60 : 0.6896"
"60,4 : 0.6896"
"4,61 : 0.3585"
"61,4 : 0.3585"
"4,62 : 0.0224"
"62,4 : 0.0224"
"4,63 : 0.5728"
"63,4 : 0.5728"
"4,64 : 0.1476"
"64,4 : 0.1476"
"4,65 : 0.5948"
"65,4 : 0.5948"
"4,66 : 0.1803"
"66,4 : 0.1803"
"4,67 : 0.514"
"67,4 : 0.514"
"4,68 : 0.6831"
"68,4 : 0.6831"
"4,69 : 0.3041"
"69,4 : 0.3041"
"4,70 : 0.0671"
"70,4 : 0.0671"
"4,71 : 0.5064"
"71,4 : 0.5064"
"4,72 : 0.4052"
"72,4 : 0.4052"
"4,73 : 0.2371"
"73,4 : 0.2371"
"4,74 : 0.6576"
"74,4 : 0.6576"
"4,75 : 0.3795"
"75,4 : 0.3795"
"4,76 : 0.4071"
"76,4 : 0.4071"
"4,77 : 0.4176"
"77,4 : 0.4176"
"4,78 : 0.4418"
"78,4 : 0.4418"
"4,79 : 0.3635"
"79,4 : 0.3635"
"4,80 : 0.3467"
"80,4 : 0.3467"
"4,81 : 0.4597"
"81,4 : 0.4597"
"4,82 : 0.2326"
"82,4 : 0.2326"
"4,83 : 0.7102"
"83,4 : 0.7102"
"4,84 : 0.327"
"84,4 : 0.327"
"4,85 : 0.3821"
"85,4 : 0.3821"
"4,86 : 0.2209"
"86,4 : 0.2209"
"4,87 : 0.3801"
"87,4 : 0.3801"
"4,88 : 0.4965"
"88,4 : 0.4965"
"4,89 : 0.2408"
"89,4 : 0.2408"
"4,90 : 0.4264"
"90,4 : 0.4264"
"4,91 : 0.2663"
"91,4 : 0.2663"
"4,92 : 0.3585"
"92,4 : 0.3585"
"4,93 : 0.2309"
"93,4 : 0.2309"
"4,94 : 0.15"
"94,4 : 0.15"
"4,95 : 0.1746"
"95,4 : 0.1746"
"4,96 : 0.5022"
"96,4 : 0.5022"
"4,97 : 0.1655"
"97,4 : 0.1655"
"4,98 : 0.7767"
"98,4 : 0.7767"
"4,99 : 0.11"
"99,4 : 0.11"
"5,6 : 0.7925"
"6,5 : 0.7925"
"5,7 : 0.5323"
"7,5 : 0.5323"
"5,8 : 0.4968"
"8,5 : 0.4968"
"5,9 : 0.3466"
"9,5 : 0.3466"
"5,10 : 0.5852"
"10,5 : 0.5852"
"5,11 : 0.255"
"11,5 : 0.255"
"5,12 : 0.4883"
"12,5 : 0.4883"
"5,13 : 0.6113"
"13,5 : 0.6113"
"5,14 : 0.2789"
"14,5 : 0.2789"
"5,15 : 0.5595"
"15,5 : 0.5595"
"5,16 : 0.5277"
"16,5 : 0.5277"
"5,17 : 0.4026"
"17,5 : 0.4026"
"5,18 : 0.5727"
"18,5 : 0.5727"
"5,19 : 0.5689"
"19,5 : 0.5689"
"5,20 : 0.4374"
"20,5 : 0.4374"
"5,21 : 0.4977"
"21,5 : 0.4977"
"5,22 : 0.4554"
"22,5 : 0.4554"
"5,23 : 0.2121"
"23,5 : 0.2121"
"5,24 : 0.4272"
"24,5 : 0.4272"
"5,25 : 0.3905"
"25,5 : 0.3905"
"5,26 : 0.4205"
"26,5 : 0.4205"
"5,27 : 0.1044"
"27,5 : 0.1044"
"5,28 : 0.0361"
"28,5 : 0.0361"
"5,29 : 0.2746"
"29,5 : 0.2746"
"5,30 : 0.5401"
"30,5 : 0.5401"
"5,31 : 0.2617"
"31,5 : 0.2617"
"5,32 : 0.247"
"32,5 : 0.247"
"5,33 : 0.3759"
"33,5 : 0.3759"
"5,34 : 0.622"
"34,5 : 0.622"
"5,35 : 0.3561"
"35,5 : 0.3561"
"5,36 : 0.3912"
"36,5 : 0.3912"
"5,37 : 0.0949"
"37,5 : 0.0949"
"5,38 : 0.3126"
"38,5 : 0.3126"
"5,39 : 0.4687"
"39,5 : 0.4687"
"5,40 : 0.4776"
"40,5 : 0.4776"
"5,41 : 0.4545"
"41,5 : 0.4545"
"5,42 : 0.3905"
"42,5 : 0.3905"
"5,43 : 0.15"
"43,5 : 0.15"
"5,44 : 0.5385"
"44,5 : 0.5385"
"5,45 : 0.5109"
"45,5 : 0.5109"
"5,46 : 0.5292"
"46,5 : 0.5292"
"5,47 : 0.3002"
"47,5 : 0.3002"
"5,48 : 0.3338"
"48,5 : 0.3338"
"5,49 : 0.527"
"49,5 : 0.527"
"5,50 : 0.5192"
"50,5 : 0.5192"
"5,51 : 0.191"
"51,5 : 0.191"
"5,52 : 0.3324"
"52,5 : 0.3324"
"5,53 : 0.4442"
"53,5 : 0.4442"
"5,54 : 0.408"
"54,5 : 0.408"
"5,55 : 0.2773"
"55,5 : 0.2773"
"5,56 : 0.359"
"56,5 : 0.359"
"5,57 : 0.4206"
"57,5 : 0.4206"
"5,58 : 0.5456"
"58,5 : 0.5456"
"5,59 : 0.2843"
"59,5 : 0.2843"
"5,60 : 0.5673"
"60,5 : 0.5673"
"5,61 : 0.6313"
"61,5 : 0.6313"
"5,62 : 0.2766"
"62,5 : 0.2766"
"5,63 : 0.4597"
"63,5 : 0.4597"
"5,64 : 0.26"
"64,5 : 0.26"
"5,65 : 0.34"
"65,5 : 0.34"
"5,66 : 0.4478"
"66,5 : 0.4478"
"5,67 : 0.5909"
"67,5 : 0.5909"
"5,68 : 0.5664"
"68,5 : 0.5664"
"5,69 : 0.3801"
"69,5 : 0.3801"
"5,70 : 0.2823"
"70,5 : 0.2823"
"5,71 : 0.3625"
"71,5 : 0.3625"
"5,72 : 0.3225"
"72,5 : 0.3225"
"5,73 : 0.5099"
"73,5 : 0.5099"
"5,74 : 0.377"
"74,5 : 0.377"
"5,75 : 0.1393"
"75,5 : 0.1393"
"5,76 : 0.5315"
"76,5 : 0.5315"
"5,77 : 0.5805"
"77,5 : 0.5805"
"5,78 : 0.247"
"78,5 : 0.247"
"5,79 : 0.1769"
"79,5 : 0.1769"
"5,80 : 0.5204"
"80,5 : 0.5204"
"5,81 : 0.5728"
"81,5 : 0.5728"
"5,82 : 0.136"
"82,5 : 0.136"
"5,83 : 0.6629"
"83,5 : 0.6629"
"5,84 : 0.592"
"84,5 : 0.592"
"5,85 : 0.5179"
"85,5 : 0.5179"
"5,86 : 0.4743"
"86,5 : 0.4743"
"5,87 : 0.6661"
"87,5 : 0.6661"
"5,88 : 0.5334"
"88,5 : 0.5334"
"5,89 : 0.2596"
"89,5 : 0.2596"
"5,90 : 0.7071"
"90,5 : 0.7071"
"5,91 : 0.3202"
"91,5 : 0.3202"
"5,92 : 0.6313"
"92,5 : 0.6313"
"5,93 : 0.4977"
"93,5 : 0.4977"
"5,94 : 0.3239"
"94,5 : 0.3239"
"5,95 : 0.3667"
"95,5 : 0.3667"
"5,96 : 0.494"
"96,5 : 0.494"
"5,97 : 0.4386"
"97,5 : 0.4386"
"5,98 : 0.4909"
"98,5 : 0.4909"
"5,99 : 0.2377"
"99,5 : 0.2377"
"6,7 : 0.8122"
"7,6 : 0.8122"
"6,8 : 0.956"
"8,6 : 0.956"
"6,9 : 1.139"
"9,6 : 1.139"
"6,10 : 0.7801"
"10,6 : 0.7801"
"6,11 : 1.0474"
"11,6 : 1.0474"
"6,12 : 0.3311"
"12,6 : 0.3311"
"6,13 : 0.5808"
"13,6 : 0.5808"
"6,14 : 0.9713"
"14,6 : 0.9713"
"6,15 : 0.8515"
"15,6 : 0.8515"
"6,16 : 0.6703"
"16,6 : 0.6703"
"6,17 : 0.6676"
"17,6 : 0.6676"
"6,18 : 0.7003"
"18,6 : 0.7003"
"6,19 : 0.4405"
"19,6 : 0.4405"
"6,20 : 1.1732"
"20,6 : 1.1732"
"6,21 : 0.7398"
"21,6 : 0.7398"
"6,22 : 1.061"
"22,6 : 1.061"
"6,23 : 0.6935"
"23,6 : 0.6935"
"6,24 : 0.8008"
"24,6 : 0.8008"
"6,25 : 1.1483"
"25,6 : 1.1483"
"6,26 : 0.7767"
"26,6 : 0.7767"
"6,27 : 0.8873"
"27,6 : 0.8873"
"6,28 : 0.7991"
"28,6 : 0.7991"
"6,29 : 0.5798"
"29,6 : 0.5798"
"6,30 : 0.57"
"30,6 : 0.57"
"6,31 : 1.006"
"31,6 : 1.006"
"6,32 : 0.7829"
"32,6 : 0.7829"
"6,33 : 1.1604"
"33,6 : 1.1604"
"6,34 : 0.1879"
"34,6 : 0.1879"
"6,35 : 0.8955"
"35,6 : 0.8955"
"6,36 : 0.6282"
"36,6 : 0.6282"
"6,37 : 0.758"
"37,6 : 0.758"
"6,38 : 0.5869"
"38,6 : 0.5869"
"6,39 : 0.4657"
"39,6 : 0.4657"
"6,40 : 0.4295"
"40,6 : 0.4295"
"6,41 : 0.9361"
"41,6 : 0.9361"
"6,42 : 0.408"
"42,6 : 0.408"
"6,43 : 0.7801"
"43,6 : 0.7801"
"6,44 : 0.3821"
"44,6 : 0.3821"
"6,45 : 0.8905"
"45,6 : 0.8905"
"6,46 : 0.3517"
"46,6 : 0.3517"
"6,47 : 0.6185"
"47,6 : 0.6185"
"6,48 : 1.0335"
"48,6 : 1.0335"
"6,49 : 0.2865"
"49,6 : 0.2865"
"6,50 : 0.4079"
"50,6 : 0.4079"
"6,51 : 0.8016"
"51,6 : 0.8016"
"6,52 : 1.024"
"52,6 : 1.024"
"6,53 : 0.3848"
"53,6 : 0.3848"
"6,54 : 0.461"
"54,6 : 0.461"
"6,55 : 1.0604"
"55,6 : 1.0604"
"6,56 : 0.6868"
"56,6 : 0.6868"
"6,57 : 0.7692"
"57,6 : 0.7692"
"6,58 : 0.7852"
"58,6 : 0.7852"
"6,59 : 0.8246"
"59,6 : 0.8246"
"6,60 : 0.9925"
"60,6 : 0.9925"
"6,61 : 0.164"
"61,6 : 0.164"
"6,62 : 0.5186"
"62,6 : 0.5186"
"6,63 : 0.8956"
"63,6 : 0.8956"
"6,64 : 0.5561"
"64,6 : 0.5561"
"6,65 : 1.0539"
"65,6 : 1.0539"
"6,66 : 0.4206"
"66,6 : 0.4206"
"6,67 : 0.82"
"67,6 : 0.82"
"6,68 : 0.9806"
"68,6 : 0.9806"
"6,69 : 0.5665"
"69,6 : 0.5665"
"6,70 : 0.5471"
"70,6 : 0.5471"
"6,71 : 0.9901"
"71,6 : 0.9901"
"6,72 : 0.7616"
"72,6 : 0.7616"
"6,73 : 0.2828"
"73,6 : 0.2828"
"6,74 : 1.1448"
"74,6 : 1.1448"
"6,75 : 0.8543"
"75,6 : 0.8543"
"6,76 : 0.5025"
"76,6 : 0.5025"
"6,77 : 0.4301"
"77,6 : 0.4301"
"6,78 : 0.8746"
"78,6 : 0.8746"
"6,79 : 0.8127"
"79,6 : 0.8127"
"6,80 : 0.6003"
"80,6 : 0.6003"
"6,81 : 0.7401"
"81,6 : 0.7401"
"6,82 : 0.7433"
"82,6 : 0.7433"
"6,83 : 0.9105"
"83,6 : 0.9105"
"6,84 : 0.211"
"84,6 : 0.211"
"6,85 : 0.6707"
"85,6 : 0.6707"
"6,86 : 0.4393"
"86,6 : 0.4393"
"6,87 : 0.19"
"87,6 : 0.19"
"6,88 : 0.8538"
"88,6 : 0.8538"
"6,89 : 0.7118"
"89,6 : 0.7118"
"6,90 : 0.0894"
"90,6 : 0.0894"
"6,91 : 0.5903"
"91,6 : 0.5903"
"6,92 : 0.164"
"92,6 : 0.164"
"6,93 : 0.3981"
"93,6 : 0.3981"
"6,94 : 0.5738"
"94,6 : 0.5738"
"6,95 : 0.4549"
"95,6 : 0.4549"
"6,96 : 0.7299"
"96,6 : 0.7299"
"6,97 : 0.3538"
"97,6 : 0.3538"
"6,98 : 1.2748"
"98,6 : 1.2748"
"6,99 : 0.6054"
"99,6 : 0.6054"
"7,8 : 1.0208"
"8,7 : 1.0208"
"7,9 : 0.7203"
"9,7 : 0.7203"
"7,10 : 0.0762"
"10,7 : 0.0762"
"7,11 : 0.6512"
"11,7 : 0.6512"
"7,12 : 0.5162"
"12,7 : 0.5162"
"7,13 : 0.9879"
"13,7 : 0.9879"
"7,14 : 0.4119"
"14,7 : 0.4119"
"7,15 : 0.0412"
"15,7 : 0.0412"
"7,16 : 0.1456"
"16,7 : 0.1456"
"7,17 : 0.849"
"17,7 : 0.849"
"7,18 : 0.136"
"18,7 : 0.136"
"7,19 : 0.8766"
"19,7 : 0.8766"
"7,20 : 0.9223"
"20,7 : 0.9223"
"7,21 : 0.9618"
"21,7 : 0.9618"
"7,22 : 0.9862"
"22,7 : 0.9862"
"7,23 : 0.336"
"23,7 : 0.336"
"7,24 : 0.9231"
"24,7 : 0.9231"
"7,25 : 0.5894"
"25,7 : 0.5894"
"7,26 : 0.1118"
"26,7 : 0.1118"
"7,27 : 0.5263"
"27,7 : 0.5263"
"7,28 : 0.568"
"28,7 : 0.568"
"7,29 : 0.6595"
"29,7 : 0.6595"
"7,30 : 0.2474"
"30,7 : 0.2474"
"7,31 : 0.7666"
"31,7 : 0.7666"
"7,32 : 0.2879"
"32,7 : 0.2879"
"7,33 : 0.6675"
"33,7 : 0.6675"
"7,34 : 0.7382"
"34,7 : 0.7382"
"7,35 : 0.8832"
"35,7 : 0.8832"
"7,36 : 0.2193"
"36,7 : 0.2193"
"7,37 : 0.4383"
"37,7 : 0.4383"
"7,38 : 0.3191"
"38,7 : 0.3191"
"7,39 : 0.7926"
"39,7 : 0.7926"
"7,40 : 0.3912"
"40,7 : 0.3912"
"7,41 : 0.9794"
"41,7 : 0.9794"
"7,42 : 0.5126"
"42,7 : 0.5126"
"7,43 : 0.6689"
"43,7 : 0.6689"
"7,44 : 0.4305"
"44,7 : 0.4305"
"7,45 : 1.02"
"45,7 : 1.02"
"7,46 : 0.7725"
"46,7 : 0.7725"
"7,47 : 0.3"
"47,7 : 0.3"
"7,48 : 0.4415"
"48,7 : 0.4415"
"7,49 : 0.6964"
"49,7 : 0.6964"
"7,50 : 0.8053"
"50,7 : 0.8053"
"7,51 : 0.7134"
"51,7 : 0.7134"
"7,52 : 0.8538"
"52,7 : 0.8538"
"7,53 : 0.4707"
"53,7 : 0.4707"
"7,54 : 0.7169"
"54,7 : 0.7169"
"7,55 : 0.6003"
"55,7 : 0.6003"
"7,56 : 0.1985"
"56,7 : 0.1985"
"7,57 : 0.9069"
"57,7 : 0.9069"
"7,58 : 1.0182"
"58,7 : 1.0182"
"7,59 : 0.2648"
"59,7 : 0.2648"
"7,60 : 1.09"
"60,7 : 1.09"
"7,61 : 0.7134"
"61,7 : 0.7134"
"7,62 : 0.4909"
"62,7 : 0.4909"
"7,63 : 0.9765"
"63,7 : 0.9765"
"7,64 : 0.6044"
"64,7 : 0.6044"
"7,65 : 0.8516"
"65,7 : 0.8516"
"7,66 : 0.4159"
"66,7 : 0.4159"
"7,67 : 0.0608"
"67,7 : 0.0608"
"7,68 : 1.0872"
"68,7 : 1.0872"
"7,69 : 0.7701"
"69,7 : 0.7701"
"7,70 : 0.405"
"70,7 : 0.405"
"7,71 : 0.3448"
"71,7 : 0.3448"
"7,72 : 0.8184"
"72,7 : 0.8184"
"7,73 : 0.6259"
"73,7 : 0.6259"
"7,74 : 0.8349"
"74,7 : 0.8349"
"7,75 : 0.6712"
"75,7 : 0.6712"
"7,76 : 0.8782"
"76,7 : 0.8782"
"7,77 : 0.8814"
"77,7 : 0.8814"
"7,78 : 0.7783"
"78,7 : 0.7783"
"7,79 : 0.7033"
"79,7 : 0.7033"
"7,80 : 0.2138"
"80,7 : 0.2138"
"7,81 : 0.099"
"81,7 : 0.099"
"7,82 : 0.3982"
"82,7 : 0.3982"
"7,83 : 1.1536"
"83,7 : 1.1536"
"7,84 : 0.7102"
"84,7 : 0.7102"
"7,85 : 0.1432"
"85,7 : 0.1432"
"7,86 : 0.3812"
"86,7 : 0.3812"
"7,87 : 0.6229"
"87,7 : 0.6229"
"7,88 : 0.0447"
"88,7 : 0.0447"
"7,89 : 0.2802"
"89,7 : 0.2802"
"7,90 : 0.7303"
"90,7 : 0.7303"
"7,91 : 0.7235"
"91,7 : 0.7235"
"7,92 : 0.7134"
"92,7 : 0.7134"
"7,93 : 0.4205"
"93,7 : 0.4205"
"7,94 : 0.3225"
"94,7 : 0.3225"
"7,95 : 0.645"
"95,7 : 0.645"
"7,96 : 0.9548"
"96,7 : 0.9548"
"7,97 : 0.5787"
"97,7 : 0.5787"
"7,98 : 0.8909"
"98,7 : 0.8909"
"7,99 : 0.3829"
"99,7 : 0.3829"
"8,9 : 0.5869"
"9,8 : 0.5869"
"8,10 : 1.0655"
"10,8 : 1.0655"
"8,11 : 0.5515"
"11,8 : 0.5515"
"8,12 : 0.781"
"12,8 : 0.781"
"8,13 : 0.4469"
"13,8 : 0.4469"
"8,14 : 0.742"
"14,8 : 0.742"
"8,15 : 1.0512"
"15,8 : 1.0512"
"8,16 : 0.989"
"16,8 : 0.989"
"8,17 : 0.2886"
"17,8 : 0.2886"
"8,18 : 1.0379"
"18,8 : 1.0379"
"8,19 : 0.5367"
"19,8 : 0.5367"
"8,20 : 0.4031"
"20,8 : 0.4031"
"8,21 : 0.236"
"21,8 : 0.236"
"8,22 : 0.1772"
"22,8 : 0.1772"
"8,23 : 0.686"
"23,8 : 0.686"
"8,24 : 0.1552"
"24,8 : 0.1552"
"8,25 : 0.7577"
"25,8 : 0.7577"
"8,26 : 0.9097"
"26,8 : 0.9097"
"8,27 : 0.5467"
"27,8 : 0.5467"
"8,28 : 0.461"
"28,8 : 0.461"
"8,29 : 0.4329"
"29,8 : 0.4329"
"8,30 : 0.9708"
"30,8 : 0.9708"
"8,31 : 0.37"
"31,8 : 0.37"
"8,32 : 0.742"
"32,8 : 0.742"
"8,33 : 0.6801"
"33,8 : 0.6801"
"8,34 : 0.7713"
"34,8 : 0.7713"
"8,35 : 0.1414"
"35,8 : 0.1414"
"8,36 : 0.8458"
"36,8 : 0.8458"
"8,37 : 0.586"
"37,8 : 0.586"
"8,38 : 0.7446"
"38,8 : 0.7446"
"8,39 : 0.4904"
"39,8 : 0.4904"
"8,40 : 0.8453"
"40,8 : 0.8453"
"8,41 : 0.0424"
"41,8 : 0.0424"
"8,42 : 0.6836"
"42,8 : 0.6836"
"8,43 : 0.3523"
"43,8 : 0.3523"
"8,44 : 0.8881"
"44,8 : 0.8881"
"8,45 : 0.086"
"45,8 : 0.086"
"8,46 : 0.6044"
"46,8 : 0.6044"
"8,47 : 0.7473"
"47,8 : 0.7473"
"8,48 : 0.7794"
"48,8 : 0.7794"
"8,49 : 0.6807"
"49,8 : 0.6807"
"8,50 : 0.5503"
"50,8 : 0.5503"
"8,51 : 0.3081"
"51,8 : 0.3081"
"8,52 : 0.2844"
"52,8 : 0.2844"
"8,53 : 0.7653"
"53,8 : 0.7653"
"8,54 : 0.5049"
"54,8 : 0.5049"
"8,55 : 0.6265"
"55,8 : 0.6265"
"8,56 : 0.8324"
"56,8 : 0.8324"
"8,57 : 0.1868"
"57,8 : 0.1868"
"8,58 : 0.2202"
"58,8 : 0.2202"
"8,59 : 0.781"
"59,8 : 0.781"
"8,60 : 0.0707"
"60,8 : 0.0707"
"8,61 : 0.806"
"61,8 : 0.806"
"8,62 : 0.6064"
"62,8 : 0.6064"
"8,63 : 0.0608"
"63,8 : 0.0608"
"8,64 : 0.4866"
"64,8 : 0.4866"
"8,65 : 0.3225"
"65,8 : 0.3225"
"8,66 : 0.8023"
"66,8 : 0.8023"
"8,67 : 1.077"
"67,8 : 1.077"
"8,68 : 0.0721"
"68,8 : 0.0721"
"8,69 : 0.3946"
"69,8 : 0.3946"
"8,70 : 0.6736"
"70,8 : 0.6736"
"8,71 : 0.8387"
"71,8 : 0.8387"
"8,72 : 0.2236"
"72,8 : 0.2236"
"8,73 : 0.7225"
"73,8 : 0.7225"
"8,74 : 0.461"
"74,8 : 0.461"
"8,75 : 0.368"
"75,8 : 0.368"
"8,76 : 0.4696"
"76,8 : 0.4696"
"8,77 : 0.5501"
"77,8 : 0.5501"
"8,78 : 0.255"
"78,8 : 0.255"
"8,79 : 0.3202"
"79,8 : 0.3202"
"8,80 : 0.9621"
"80,8 : 0.9621"
"8,81 : 1.0466"
"81,8 : 1.0466"
"8,82 : 0.6243"
"82,8 : 0.6243"
"8,83 : 0.2302"
"83,8 : 0.2302"
"8,84 : 0.755"
"84,8 : 0.755"
"8,85 : 0.9799"
"85,8 : 0.9799"
"8,86 : 0.8472"
"86,8 : 0.8472"
"8,87 : 0.9227"
"87,8 : 0.9227"
"8,88 : 1.0265"
"88,8 : 1.0265"
"8,89 : 0.7409"
"89,8 : 0.7409"
"8,90 : 0.8982"
"90,8 : 0.8982"
"8,91 : 0.39"
"91,8 : 0.39"
"8,92 : 0.806"
"92,8 : 0.806"
"8,93 : 0.85"
"93,8 : 0.85"
"8,94 : 0.7503"
"94,8 : 0.7503"
"8,95 : 0.5401"
"95,8 : 0.5401"
"8,96 : 0.2441"
"96,8 : 0.2441"
"8,97 : 0.68"
"97,8 : 0.68"
"8,98 : 0.5908"
"98,8 : 0.5908"
"8,99 : 0.6631"
"99,8 : 0.6631"
"9,10 : 0.7916"
"10,9 : 0.7916"
"9,11 : 0.0922"
"11,9 : 0.0922"
"9,12 : 0.831"
"12,9 : 0.831"
"9,13 : 0.8829"
"13,9 : 0.8829"
"9,14 : 0.3106"
"14,9 : 0.3106"
"9,15 : 0.7303"
"15,9 : 0.7303"
"9,16 : 0.7767"
"16,9 : 0.7767"
"9,17 : 0.6551"
"17,9 : 0.6551"
"9,18 : 0.8105"
"18,9 : 0.8105"
"9,19 : 0.8785"
"19,9 : 0.8785"
"9,20 : 0.255"
"20,9 : 0.255"
"9,21 : 0.7118"
"21,9 : 0.7118"
"9,22 : 0.4428"
"22,9 : 0.4428"
"9,23 : 0.5009"
"23,9 : 0.5009"
"9,24 : 0.6101"
"24,9 : 0.6101"
"9,25 : 0.1985"
"25,9 : 0.1985"
"9,26 : 0.6239"
"26,9 : 0.6239"
"9,27 : 0.2581"
"27,9 : 0.2581"
"9,28 : 0.3421"
"28,9 : 0.3421"
"9,29 : 0.5954"
"29,9 : 0.5954"
"9,30 : 0.8222"
"30,9 : 0.8222"
"9,31 : 0.2209"
"31,9 : 0.2209"
"9,32 : 0.4657"
"32,9 : 0.4657"
"9,33 : 0.1"
"33,9 : 0.1"
"9,34 : 0.9667"
"34,9 : 0.9667"
"9,35 : 0.4717"
"35,9 : 0.4717"
"9,36 : 0.6673"
"36,9 : 0.6673"
"9,37 : 0.3966"
"37,9 : 0.3966"
"9,38 : 0.6218"
"38,9 : 0.6218"
"9,39 : 0.7829"
"39,9 : 0.7829"
"9,40 : 0.8026"
"40,9 : 0.8026"
"9,41 : 0.5511"
"41,9 : 0.5511"
"9,42 : 0.7359"
"42,9 : 0.7359"
"9,43 : 0.3992"
"43,9 : 0.3992"
"9,44 : 0.8661"
"44,9 : 0.8661"
"9,45 : 0.6463"
"45,9 : 0.6463"
"9,46 : 0.8609"
"46,9 : 0.8609"
"9,47 : 0.5993"
"47,9 : 0.5993"
"9,48 : 0.3008"
"48,9 : 0.3008"
"9,49 : 0.8701"
"49,9 : 0.8701"
"9,50 : 0.8408"
"50,9 : 0.8408"
"9,51 : 0.4052"
"51,9 : 0.4052"
"9,52 : 0.3036"
"52,9 : 0.3036"
"9,53 : 0.7841"
"53,9 : 0.7841"
"9,54 : 0.7343"
"54,9 : 0.7343"
"9,55 : 0.12"
"55,9 : 0.12"
"9,56 : 0.614"
"56,9 : 0.614"
"9,57 : 0.6213"
"57,9 : 0.6213"
"9,58 : 0.74"
"58,9 : 0.74"
"9,59 : 0.4653"
"59,9 : 0.4653"
"9,60 : 0.6485"
"60,9 : 0.6485"
"9,61 : 0.9774"
"61,9 : 0.9774"
"9,62 : 0.6224"
"62,9 : 0.6224"
"9,63 : 0.5855"
"63,9 : 0.5855"
"9,64 : 0.5964"
"64,9 : 0.5964"
"9,65 : 0.2693"
"65,9 : 0.2693"
"9,66 : 0.7794"
"66,9 : 0.7794"
"9,67 : 0.7801"
"67,9 : 0.7801"
"9,68 : 0.6552"
"68,9 : 0.6552"
"9,69 : 0.6778"
"69,9 : 0.6778"
"9,70 : 0.6161"
"70,9 : 0.6161"
"9,71 : 0.3981"
"71,9 : 0.3981"
"9,72 : 0.536"
"72,9 : 0.536"
"9,73 : 0.8563"
"73,9 : 0.8563"
"9,74 : 0.1556"
"74,9 : 0.1556"
"9,75 : 0.3195"
"75,9 : 0.3195"
"9,76 : 0.8287"
"76,9 : 0.8287"
"9,77 : 0.8916"
"77,9 : 0.8916"
"9,78 : 0.3812"
"78,9 : 0.3812"
"9,79 : 0.386"
"79,9 : 0.386"
"9,80 : 0.794"
"80,9 : 0.794"
"9,81 : 0.7951"
"81,9 : 0.7951"
"9,82 : 0.4254"
"82,9 : 0.4254"
"9,83 : 0.8105"
"83,9 : 0.8105"
"9,84 : 0.9372"
"84,9 : 0.9372"
"9,85 : 0.7669"
"85,9 : 0.7669"
"9,86 : 0.7976"
"86,9 : 0.7976"
"9,87 : 1.009"
"87,9 : 1.009"
"9,88 : 0.7003"
"88,9 : 0.7003"
"9,89 : 0.522"
"89,9 : 0.522"
"9,90 : 1.0536"
"90,9 : 1.0536"
"9,91 : 0.6224"
"91,9 : 0.6224"
"9,92 : 0.9774"
"92,9 : 0.9774"
"9,93 : 0.8268"
"93,9 : 0.8268"
"9,94 : 0.6353"
"94,9 : 0.6353"
"9,95 : 0.7046"
"95,9 : 0.7046"
"9,96 : 0.7125"
"96,9 : 0.7125"
"9,97 : 0.7852"
"97,9 : 0.7852"
"9,98 : 0.1712"
"98,9 : 0.1712"
"9,99 : 0.563"
"99,9 : 0.563"
"10,11 : 0.7201"
"11,10 : 0.7201"
"10,12 : 0.5029"
"12,10 : 0.5029"
"10,13 : 1.0021"
"13,10 : 1.0021"
"10,14 : 0.4851"
"14,10 : 0.4851"
"10,15 : 0.0922"
"15,10 : 0.0922"
"10,16 : 0.114"
"16,10 : 0.114"
"10,17 : 0.8778"
"17,10 : 0.8778"
"10,18 : 0.0806"
"18,10 : 0.0806"
"10,19 : 0.8832"
"19,10 : 0.8832"
"10,20 : 0.9873"
"20,10 : 0.9873"
"10,21 : 0.9916"
"21,10 : 0.9916"
"10,22 : 1.0406"
"22,10 : 1.0406"
"10,23 : 0.3801"
"23,10 : 0.3801"
"10,24 : 0.9602"
"24,10 : 0.9602"
"10,25 : 0.6648"
"25,10 : 0.6648"
"10,26 : 0.1712"
"26,10 : 0.1712"
"10,27 : 0.5886"
"27,10 : 0.5886"
"10,28 : 0.6203"
"28,10 : 0.6203"
"10,29 : 0.6862"
"29,10 : 0.6862"
"10,30 : 0.2102"
"30,10 : 0.2102"
"10,31 : 0.8276"
"31,10 : 0.8276"
"10,32 : 0.3471"
"32,10 : 0.3471"
"10,33 : 0.7415"
"33,10 : 0.7415"
"10,34 : 0.7228"
"34,10 : 0.7228"
"10,35 : 0.9302"
"35,10 : 0.9302"
"10,36 : 0.2335"
"36,10 : 0.2335"
"10,37 : 0.4904"
"37,10 : 0.4904"
"10,38 : 0.3394"
"38,10 : 0.3394"
"10,39 : 0.8045"
"39,10 : 0.8045"
"10,40 : 0.3736"
"40,10 : 0.3736"
"10,41 : 1.0247"
"41,10 : 1.0247"
"10,42 : 0.5148"
"42,10 : 0.5148"
"10,43 : 0.7155"
"43,10 : 0.7155"
"10,44 : 0.4031"
"44,10 : 0.4031"
"10,45 : 1.0595"
"45,10 : 1.0595"
"10,46 : 0.7737"
"46,10 : 0.7737"
"10,47 : 0.3265"
"47,10 : 0.3265"
"10,48 : 0.5166"
"48,10 : 0.5166"
"10,49 : 0.6908"
"49,10 : 0.6908"
"10,50 : 0.8112"
"50,10 : 0.8112"
"10,51 : 0.7603"
"51,10 : 0.7603"
"10,52 : 0.9121"
"52,10 : 0.9121"
"10,53 : 0.4624"
"53,10 : 0.4624"
"10,54 : 0.7301"
"54,10 : 0.7301"
"10,55 : 0.6719"
"55,10 : 0.6719"
"10,56 : 0.2332"
"56,10 : 0.2332"
"10,57 : 0.942"
"57,10 : 0.942"
"10,58 : 1.0489"
"58,10 : 1.0489"
"10,59 : 0.3306"
"59,10 : 0.3306"
"10,60 : 1.1337"
"60,10 : 1.1337"
"10,61 : 0.6943"
"61,10 : 0.6943"
"10,62 : 0.5099"
"62,10 : 0.5099"
"10,63 : 1.0187"
"63,10 : 1.0187"
"10,64 : 0.6294"
"64,10 : 0.6294"
"10,65 : 0.9122"
"65,10 : 0.9122"
"10,66 : 0.405"
"66,10 : 0.405"
"10,67 : 0.0412"
"67,10 : 0.0412"
"10,68 : 1.1302"
"68,10 : 1.1302"
"10,69 : 0.7925"
"69,10 : 0.7925"
"10,70 : 0.4245"
"70,10 : 0.4245"
"10,71 : 0.4206"
"71,10 : 0.4206"
"10,72 : 0.857"
"72,10 : 0.857"
"10,73 : 0.6168"
"73,10 : 0.6168"
"10,74 : 0.902"
"74,10 : 0.902"
"10,75 : 0.7245"
"75,10 : 0.7245"
"10,76 : 0.8905"
"76,10 : 0.8905"
"10,77 : 0.8868"
"77,10 : 0.8868"
"10,78 : 0.8286"
"78,10 : 0.8286"
"10,79 : 0.7515"
"79,10 : 0.7515"
"10,80 : 0.1825"
"80,10 : 0.1825"
"10,81 : 0.04"
"81,10 : 0.04"
"10,82 : 0.4494"
"82,10 : 0.4494"
"10,83 : 1.187"
"83,10 : 1.187"
"10,84 : 0.6964"
"84,10 : 0.6964"
"10,85 : 0.117"
"85,10 : 0.117"
"10,86 : 0.364"
"86,10 : 0.364"
"10,87 : 0.5901"
"87,10 : 0.5901"
"10,88 : 0.114"
"88,10 : 0.114"
"10,89 : 0.327"
"89,10 : 0.327"
"10,90 : 0.7018"
"90,10 : 0.7018"
"10,91 : 0.7497"
"91,10 : 0.7497"
"10,92 : 0.6943"
"92,10 : 0.6943"
"10,93 : 0.4002"
"93,10 : 0.4002"
"10,94 : 0.3397"
"94,10 : 0.3397"
"10,95 : 0.658"
"95,10 : 0.658"
"10,96 : 0.9841"
"96,10 : 0.9841"
"10,97 : 0.577"
"97,10 : 0.577"
"10,98 : 0.9625"
"98,10 : 0.9625"
"10,99 : 0.4123"
"99,10 : 0.4123"
"11,12 : 0.7388"
"12,11 : 0.7388"
"11,13 : 0.8105"
"13,11 : 0.8105"
"11,14 : 0.253"
"14,11 : 0.253"
"11,15 : 0.6648"
"15,11 : 0.6648"
"11,16 : 0.6972"
"16,11 : 0.6972"
"11,17 : 0.5842"
"17,11 : 0.5842"
"11,18 : 0.7333"
"18,11 : 0.7333"
"11,19 : 0.7971"
"19,11 : 0.7971"
"11,20 : 0.2823"
"20,11 : 0.2823"
"11,21 : 0.6503"
"21,11 : 0.6503"
"11,22 : 0.428"
"22,11 : 0.428"
"11,23 : 0.4123"
"23,11 : 0.4123"
"11,24 : 0.5533"
"24,11 : 0.5533"
"11,25 : 0.2062"
"25,11 : 0.2062"
"11,26 : 0.5501"
"26,11 : 0.5501"
"11,27 : 0.1664"
"27,11 : 0.1664"
"11,28 : 0.2524"
"28,11 : 0.2524"
"11,29 : 0.5099"
"29,11 : 0.5099"
"11,30 : 0.7376"
"30,11 : 0.7376"
"11,31 : 0.1836"
"31,11 : 0.1836"
"11,32 : 0.3847"
"32,11 : 0.3847"
"11,33 : 0.1404"
"33,11 : 0.1404"
"11,34 : 0.8762"
"34,11 : 0.8762"
"11,35 : 0.4245"
"35,11 : 0.4245"
"11,36 : 0.5824"
"36,11 : 0.5824"
"11,37 : 0.3053"
"37,11 : 0.3053"
"11,38 : 0.5323"
"38,11 : 0.5323"
"11,39 : 0.7001"
"39,11 : 0.7001"
"11,40 : 0.712"
"40,11 : 0.712"
"11,41 : 0.5126"
"41,11 : 0.5126"
"11,42 : 0.6438"
"42,11 : 0.6438"
"11,43 : 0.3202"
"43,11 : 0.3202"
"11,44 : 0.7752"
"44,11 : 0.7752"
"11,45 : 0.6017"
"45,11 : 0.6017"
"11,46 : 0.7741"
"46,11 : 0.7741"
"11,47 : 0.5108"
"47,11 : 0.5108"
"11,48 : 0.2608"
"48,11 : 0.2608"
"11,49 : 0.7801"
"49,11 : 0.7801"
"11,50 : 0.7564"
"50,11 : 0.7564"
"11,51 : 0.3324"
"51,11 : 0.3324"
"11,52 : 0.2802"
"52,11 : 0.2802"
"11,53 : 0.692"
"53,11 : 0.692"
"11,54 : 0.6485"
"54,11 : 0.6485"
"11,55 : 0.0781"
"55,11 : 0.0781"
"11,56 : 0.5315"
"56,11 : 0.5315"
"11,57 : 0.5608"
"57,11 : 0.5608"
"11,58 : 0.6836"
"58,11 : 0.6836"
"11,59 : 0.3901"
"59,11 : 0.3901"
"11,60 : 0.6174"
"60,11 : 0.6174"
"11,61 : 0.8862"
"61,11 : 0.8862"
"11,62 : 0.5304"
"62,11 : 0.5304"
"11,63 : 0.5412"
"63,11 : 0.5412"
"11,64 : 0.5077"
"64,11 : 0.5077"
"11,65 : 0.255"
"65,11 : 0.255"
"11,66 : 0.688"
"66,11 : 0.688"
"11,67 : 0.7118"
"67,11 : 0.7118"
"11,68 : 0.6224"
"68,11 : 0.6224"
"11,69 : 0.5977"
"69,11 : 0.5977"
"11,70 : 0.5243"
"70,11 : 0.5243"
"11,71 : 0.3493"
"71,11 : 0.3493"
"11,72 : 0.4701"
"72,11 : 0.4701"
"11,73 : 0.7649"
"73,11 : 0.7649"
"11,74 : 0.1868"
"74,11 : 0.1868"
"11,75 : 0.2433"
"75,11 : 0.2433"
"11,76 : 0.75"
"76,11 : 0.75"
"11,77 : 0.8099"
"77,11 : 0.8099"
"11,78 : 0.3225"
"78,11 : 0.3225"
"11,79 : 0.3126"
"79,11 : 0.3126"
"11,80 : 0.7106"
"80,11 : 0.7106"
"11,81 : 0.7206"
"81,11 : 0.7206"
"11,82 : 0.3354"
"82,11 : 0.3354"
"11,83 : 0.7666"
"83,11 : 0.7666"
"11,84 : 0.8465"
"84,11 : 0.8465"
"11,85 : 0.6873"
"85,11 : 0.6873"
"11,86 : 0.7071"
"86,11 : 0.7071"
"11,87 : 0.9168"
"87,11 : 0.9168"
"11,88 : 0.6351"
"88,11 : 0.6351"
"11,89 : 0.4368"
"89,11 : 0.4368"
"11,90 : 0.9618"
"90,11 : 0.9618"
"11,91 : 0.5408"
"91,11 : 0.5408"
"11,92 : 0.8862"
"92,11 : 0.8862"
"11,93 : 0.7357"
"93,11 : 0.7357"
"11,94 : 0.5456"
"94,11 : 0.5456"
"11,95 : 0.6159"
"95,11 : 0.6159"
"11,96 : 0.6501"
"96,11 : 0.6501"
"11,97 : 0.6935"
"97,11 : 0.6935"
"11,98 : 0.253"
"98,11 : 0.253"
"11,99 : 0.4717"
"99,11 : 0.4717"
"12,13 : 0.55"
"13,12 : 0.55"
"12,14 : 0.6414"
"14,12 : 0.6414"
"12,15 : 0.5573"
"15,12 : 0.5573"
"12,16 : 0.389"
"16,12 : 0.389"
"12,17 : 0.512"
"17,12 : 0.512"
"12,18 : 0.4308"
"18,12 : 0.4308"
"12,19 : 0.4104"
"19,12 : 0.4104"
"12,20 : 0.9047"
"20,12 : 0.9047"
"12,21 : 0.6168"
"21,12 : 0.6168"
"12,22 : 0.8401"
"22,12 : 0.8401"
"12,23 : 0.3636"
"23,12 : 0.3636"
"12,24 : 0.6351"
"24,12 : 0.6351"
"12,25 : 0.822"
"25,12 : 0.822"
"12,26 : 0.4604"
"26,12 : 0.4604"
"12,27 : 0.5738"
"27,12 : 0.5738"
"12,28 : 0.5025"
"28,12 : 0.5025"
"12,29 : 0.3501"
"29,12 : 0.3501"
"12,30 : 0.3041"
"30,12 : 0.3041"
"12,31 : 0.7292"
"31,12 : 0.7292"
"12,32 : 0.4519"
"32,12 : 0.4519"
"12,33 : 0.8417"
"33,12 : 0.8417"
"12,34 : 0.222"
"34,12 : 0.222"
"12,35 : 0.6826"
"35,12 : 0.6826"
"12,36 : 0.3102"
"36,12 : 0.3102"
"12,37 : 0.4384"
"37,12 : 0.4384"
"12,38 : 0.2563"
"38,12 : 0.2563"
"12,39 : 0.3585"
"39,12 : 0.3585"
"12,40 : 0.13"
"40,12 : 0.13"
"12,41 : 0.7501"
"41,12 : 0.7501"
"12,42 : 0.1044"
"42,12 : 0.1044"
"12,43 : 0.5155"
"43,12 : 0.5155"
"12,44 : 0.1281"
"44,12 : 0.1281"
"12,45 : 0.7382"
"45,12 : 0.7382"
"12,46 : 0.29"
"46,12 : 0.29"
"12,47 : 0.2879"
"47,12 : 0.2879"
"12,48 : 0.7033"
"48,12 : 0.7033"
"12,49 : 0.1942"
"49,12 : 0.1942"
"12,50 : 0.3406"
"50,12 : 0.3406"
"12,51 : 0.5482"
"51,12 : 0.5482"
"12,52 : 0.7684"
"52,12 : 0.7684"
"12,53 : 0.0539"
"53,12 : 0.0539"
"12,54 : 0.3008"
"54,12 : 0.3008"
"12,55 : 0.7425"
"55,12 : 0.7425"
"12,56 : 0.3635"
"56,12 : 0.3635"
"12,57 : 0.6067"
"57,12 : 0.6067"
"12,58 : 0.6736"
"58,12 : 0.6736"
"12,59 : 0.494"
"59,12 : 0.494"
"12,60 : 0.8349"
"60,12 : 0.8349"
"12,61 : 0.2002"
"61,12 : 0.2002"
"12,62 : 0.2147"
"62,12 : 0.2147"
"12,63 : 0.7217"
"63,12 : 0.7217"
"12,64 : 0.3027"
"64,12 : 0.3027"
"12,65 : 0.7912"
"65,12 : 0.7912"
"12,66 : 0.1005"
"66,12 : 0.1005"
"12,67 : 0.5385"
"67,12 : 0.5385"
"12,68 : 0.8261"
"68,12 : 0.8261"
"12,69 : 0.4026"
"69,12 : 0.4026"
"12,70 : 0.2202"
"70,12 : 0.2202"
"12,71 : 0.6592"
"71,12 : 0.6592"
"12,72 : 0.56"
"72,12 : 0.56"
"12,73 : 0.1166"
"73,12 : 0.1166"
"12,74 : 0.8596"
"74,12 : 0.8596"
"12,75 : 0.5778"
"75,12 : 0.5778"
"12,76 : 0.4383"
"76,12 : 0.4383"
"12,77 : 0.4101"
"77,12 : 0.4101"
"12,78 : 0.6282"
"78,12 : 0.6282"
"12,79 : 0.5536"
"79,12 : 0.5536"
"12,80 : 0.3231"
"80,12 : 0.3231"
"12,81 : 0.4649"
"81,12 : 0.4649"
"12,82 : 0.4187"
"82,12 : 0.4187"
"12,83 : 0.816"
"83,12 : 0.816"
"12,84 : 0.1942"
"84,12 : 0.1942"
"12,85 : 0.386"
"85,12 : 0.386"
"12,86 : 0.1393"
"86,12 : 0.1393"
"12,87 : 0.178"
"87,12 : 0.178"
"12,88 : 0.5533"
"88,12 : 0.5533"
"12,89 : 0.3808"
"89,12 : 0.3808"
"12,90 : 0.2417"
"90,12 : 0.2417"
"12,91 : 0.392"
"91,12 : 0.392"
"12,92 : 0.2002"
"92,12 : 0.2002"
"12,93 : 0.1082"
"93,12 : 0.1082"
"12,94 : 0.2435"
"94,12 : 0.2435"
"12,95 : 0.2452"
"95,12 : 0.2452"
"12,96 : 0.6073"
"96,12 : 0.6073"
"12,97 : 0.1077"
"97,12 : 0.1077"
"12,98 : 0.9791"
"98,12 : 0.9791"
"12,99 : 0.278"
"99,12 : 0.278"
"13,14 : 0.8868"
"14,13 : 0.8868"
"13,15 : 1.0273"
"15,13 : 1.0273"
"13,16 : 0.8964"
"16,13 : 0.8964"
"13,17 : 0.228"
"17,13 : 0.228"
"13,18 : 0.9449"
"18,13 : 0.9449"
"13,19 : 0.1487"
"19,13 : 0.1487"
"13,20 : 0.7926"
"20,13 : 0.7926"
"13,21 : 0.2121"
"21,13 : 0.2121"
"13,22 : 0.6031"
"22,13 : 0.6031"
