x,y
0.77,0.23
0.88,0.55
0.11,0.59
0.06,0.4
0.5,0.12
0.9,0.89
0.38,0.95
0.1,0.99
0.03,0.3
0.39,0.49
0.15,0.6
0.3,0.91
0.7,0.54
0.92,0.55
0.15,0.27
0.58,0.01
0.42,0.74
0.83,0.23
0.45,0.56
0.68,0.95
0.95,0.44
0.6,0.51
0.01,0.33
0.01,0.13
0.66,0.89
0.57,0.89
0.44,0.63
0.27,0.93
0.09,0.45
0.65,0.79
0.78,0.86
0.2,0.85
0.43,0.59
0.18,0.25
0.13,0.64
0.99,0.25
0.14,0.47
0.48,0.41
0.91,0.89
0.74,0.68
0.94,0.45
0.91,0.08
0.09,0.49
0.81,0.38
0.23,0.37
0.89,0.32
0.36,0.59
0.05,0.8
0.12,0.61
0.78,0.31
0.88,0.05
0.75,0.6
0.15,0.84
0.03,0.61
0.88,0.65
0.99,0.63
0.05,0.86
0.16,0.39
0.42,0.19
0.0,0.75
0.75,0.88
0.91,0.28
0.66,0.06
0.48,0.95
0.07,0.46
0.33,0.46
0.9,0.64
0.44,0.94
0.82,0.39
0.29,0.82
0.21,0.9
0.65,0.25
0.54,0.71
0.26,0.77
0.11,0.82
0.55,0.97
0.44,0.85
0.01,0.23
0.87,0.77
0.54,0.22
0.36,0.08
0.56,1.0
0.64,0.21
0.59,0.35
0.94,0.02
0.47,0.87
0.13,0.95
0.46,0.4
0.87,0.36
0.75,0.9
0.34,0.5
0.7,0.08
0.81,0.53
0.73,0.3
0.79,0.68
0.36,0.05
0.81,0.97
0.37,0.86
0.46,0.85
0.69,0.5

Distanze
"0,1 : 0.3384"
"1,0 : 0.3384"
"0,2 : 0.7518"
"2,0 : 0.7518"
"0,3 : 0.7301"
"3,0 : 0.7301"
"0,4 : 0.2915"
"4,0 : 0.2915"
"0,5 : 0.6727"
"5,0 : 0.6727"
"0,6 : 0.8188"
"6,0 : 0.8188"
"0,7 : 1.0132"
"7,0 : 1.0132"
"0,8 : 0.7433"
"8,0 : 0.7433"
"0,9 : 0.4604"
"9,0 : 0.4604"
"0,10 : 0.722"
"10,0 : 0.722"
"0,11 : 0.8266"
"11,0 : 0.8266"
"0,12 : 0.3178"
"12,0 : 0.3178"
"0,13 : 0.3534"
"13,0 : 0.3534"
"0,14 : 0.6213"
"14,0 : 0.6213"
"0,15 : 0.2907"
"15,0 : 0.2907"
"0,16 : 0.6185"
"16,0 : 0.6185"
"0,17 : 0.06"
"17,0 : 0.06"
"0,18 : 0.4597"
"18,0 : 0.4597"
"0,19 : 0.7256"
"19,0 : 0.7256"
"0,20 : 0.2766"
"20,0 : 0.2766"
"0,21 : 0.3276"
"21,0 : 0.3276"
"0,22 : 0.7666"
"22,0 : 0.7666"
"0,23 : 0.7666"
"23,0 : 0.7666"
"0,24 : 0.6691"
"24,0 : 0.6691"
"0,25 : 0.6896"
"25,0 : 0.6896"
"0,26 : 0.5186"
"26,0 : 0.5186"
"0,27 : 0.8602"
"27,0 : 0.8602"
"0,28 : 0.7147"
"28,0 : 0.7147"
"0,29 : 0.5727"
"29,0 : 0.5727"
"0,30 : 0.6301"
"30,0 : 0.6301"
"0,31 : 0.8422"
"31,0 : 0.8422"
"0,32 : 0.4952"
"32,0 : 0.4952"
"0,33 : 0.5903"
"33,0 : 0.5903"
"0,34 : 0.7601"
"34,0 : 0.7601"
"0,35 : 0.2209"
"35,0 : 0.2209"
"0,36 : 0.6742"
"36,0 : 0.6742"
"0,37 : 0.3413"
"37,0 : 0.3413"
"0,38 : 0.6747"
"38,0 : 0.6747"
"0,39 : 0.451"
"39,0 : 0.451"
"0,40 : 0.278"
"40,0 : 0.278"
"0,41 : 0.2052"
"41,0 : 0.2052"
"0,42 : 0.728"
"42,0 : 0.728"
"0,43 : 0.1552"
"43,0 : 0.1552"
"0,44 : 0.5579"
"44,0 : 0.5579"
"0,45 : 0.15"
"45,0 : 0.15"
"0,46 : 0.5456"
"46,0 : 0.5456"
"0,47 : 0.9183"
"47,0 : 0.9183"
"0,48 : 0.7529"
"48,0 : 0.7529"
"0,49 : 0.0806"
"49,0 : 0.0806"
"0,50 : 0.211"
"50,0 : 0.211"
"0,51 : 0.3705"
"51,0 : 0.3705"
"0,52 : 0.8698"
"52,0 : 0.8698"
"0,53 : 0.8319"
"53,0 : 0.8319"
"0,54 : 0.4342"
"54,0 : 0.4342"
"0,55 : 0.4565"
"55,0 : 0.4565"
"0,56 : 0.9567"
"56,0 : 0.9567"
"0,57 : 0.6306"
"57,0 : 0.6306"
"0,58 : 0.3523"
"58,0 : 0.3523"
"0,59 : 0.9291"
"59,0 : 0.9291"
"0,60 : 0.6503"
"60,0 : 0.6503"
"0,61 : 0.1487"
"61,0 : 0.1487"
"0,62 : 0.2025"
"62,0 : 0.2025"
"0,63 : 0.7762"
"63,0 : 0.7762"
"0,64 : 0.7368"
"64,0 : 0.7368"
"0,65 : 0.4965"
"65,0 : 0.4965"
"0,66 : 0.4301"
"66,0 : 0.4301"
"0,67 : 0.7829"
"67,0 : 0.7829"
"0,68 : 0.1676"
"68,0 : 0.1676"
"0,69 : 0.7606"
"69,0 : 0.7606"
"0,70 : 0.8732"
"70,0 : 0.8732"
"0,71 : 0.1217"
"71,0 : 0.1217"
"0,72 : 0.5323"
"72,0 : 0.5323"
"0,73 : 0.7428"
"73,0 : 0.7428"
"0,74 : 0.8853"
"74,0 : 0.8853"
"0,75 : 0.772"
"75,0 : 0.772"
"0,76 : 0.7024"
"76,0 : 0.7024"
"0,77 : 0.76"
"77,0 : 0.76"
"0,78 : 0.5492"
"78,0 : 0.5492"
"0,79 : 0.2302"
"79,0 : 0.2302"
"0,80 : 0.4366"
"80,0 : 0.4366"
"0,81 : 0.7981"
"81,0 : 0.7981"
"0,82 : 0.1315"
"82,0 : 0.1315"
"0,83 : 0.2163"
"83,0 : 0.2163"
"0,84 : 0.2702"
"84,0 : 0.2702"
"0,85 : 0.7068"
"85,0 : 0.7068"
"0,86 : 0.9633"
"86,0 : 0.9633"
"0,87 : 0.3536"
"87,0 : 0.3536"
"0,88 : 0.164"
"88,0 : 0.164"
"0,89 : 0.6703"
"89,0 : 0.6703"
"0,90 : 0.5077"
"90,0 : 0.5077"
"0,91 : 0.1655"
"91,0 : 0.1655"
"0,92 : 0.3027"
"92,0 : 0.3027"
"0,93 : 0.0806"
"93,0 : 0.0806"
"0,94 : 0.4504"
"94,0 : 0.4504"
"0,95 : 0.4478"
"95,0 : 0.4478"
"0,96 : 0.7411"
"96,0 : 0.7411"
"0,97 : 0.7463"
"97,0 : 0.7463"
"0,98 : 0.6932"
"98,0 : 0.6932"
"0,99 : 0.2816"
"99,0 : 0.2816"
"1,2 : 0.771"
"2,1 : 0.771"
"1,3 : 0.8336"
"3,1 : 0.8336"
"1,4 : 0.5738"
"4,1 : 0.5738"
"1,5 : 0.3406"
"5,1 : 0.3406"
"1,6 : 0.6403"
"6,1 : 0.6403"
"1,7 : 0.8955"
"7,1 : 0.8955"
"1,8 : 0.886"
"8,1 : 0.886"
"1,9 : 0.4937"
"9,1 : 0.4937"
"1,10 : 0.7317"
"10,1 : 0.7317"
"1,11 : 0.6826"
"11,1 : 0.6826"
"1,12 : 0.1803"
"12,1 : 0.1803"
"1,13 : 0.04"
"13,1 : 0.04"
"1,14 : 0.7819"
"14,1 : 0.7819"
"1,15 : 0.6177"
"15,1 : 0.6177"
"1,16 : 0.4977"
"16,1 : 0.4977"
"1,17 : 0.3239"
"17,1 : 0.3239"
"1,18 : 0.4301"
"18,1 : 0.4301"
"1,19 : 0.4472"
"19,1 : 0.4472"
"1,20 : 0.1304"
"20,1 : 0.1304"
"1,21 : 0.2828"
"21,1 : 0.2828"
"1,22 : 0.8974"
"22,1 : 0.8974"
"1,23 : 0.9661"
"23,1 : 0.9661"
"1,24 : 0.405"
"24,1 : 0.405"
"1,25 : 0.4601"
"25,1 : 0.4601"
"1,26 : 0.4472"
"26,1 : 0.4472"
"1,27 : 0.7187"
"27,1 : 0.7187"
"1,28 : 0.7963"
"28,1 : 0.7963"
"1,29 : 0.3324"
"29,1 : 0.3324"
"1,30 : 0.3257"
"30,1 : 0.3257"
"1,31 : 0.7432"
"31,1 : 0.7432"
"1,32 : 0.4518"
"32,1 : 0.4518"
"1,33 : 0.7616"
"33,1 : 0.7616"
"1,34 : 0.7554"
"34,1 : 0.7554"
"1,35 : 0.3195"
"35,1 : 0.3195"
"1,36 : 0.7443"
"36,1 : 0.7443"
"1,37 : 0.4238"
"37,1 : 0.4238"
"1,38 : 0.3413"
"38,1 : 0.3413"
"1,39 : 0.191"
"39,1 : 0.191"
"1,40 : 0.1166"
"40,1 : 0.1166"
"1,41 : 0.471"
"41,1 : 0.471"
"1,42 : 0.7923"
"42,1 : 0.7923"
"1,43 : 0.1838"
"43,1 : 0.1838"
"1,44 : 0.6745"
"44,1 : 0.6745"
"1,45 : 0.2302"
"45,1 : 0.2302"
"1,46 : 0.5215"
"46,1 : 0.5215"
"1,47 : 0.8668"
"47,1 : 0.8668"
"1,48 : 0.7624"
"48,1 : 0.7624"
"1,49 : 0.26"
"49,1 : 0.26"
"1,50 : 0.5"
"50,1 : 0.5"
"1,51 : 0.1393"
"51,1 : 0.1393"
"1,52 : 0.7855"
"52,1 : 0.7855"
"1,53 : 0.8521"
"53,1 : 0.8521"
"1,54 : 0.1"
"54,1 : 0.1"
"1,55 : 0.136"
"55,1 : 0.136"
"1,56 : 0.886"
"56,1 : 0.886"
"1,57 : 0.7376"
"57,1 : 0.7376"
"1,58 : 0.5841"
"58,1 : 0.5841"
"1,59 : 0.9024"
"59,1 : 0.9024"
"1,60 : 0.3547"
"60,1 : 0.3547"
"1,61 : 0.2717"
"61,1 : 0.2717"
"1,62 : 0.5371"
"62,1 : 0.5371"
"1,63 : 0.5657"
"63,1 : 0.5657"
"1,64 : 0.815"
"64,1 : 0.815"
"1,65 : 0.5573"
"65,1 : 0.5573"
"1,66 : 0.0922"
"66,1 : 0.0922"
"1,67 : 0.588"
"67,1 : 0.588"
"1,68 : 0.1709"
"68,1 : 0.1709"
"1,69 : 0.6488"
"69,1 : 0.6488"
"1,70 : 0.7559"
"70,1 : 0.7559"
"1,71 : 0.378"
"71,1 : 0.378"
"1,72 : 0.3758"
"72,1 : 0.3758"
"1,73 : 0.6579"
"73,1 : 0.6579"
"1,74 : 0.816"
"74,1 : 0.816"
"1,75 : 0.5341"
"75,1 : 0.5341"
"1,76 : 0.5325"
"76,1 : 0.5325"
"1,77 : 0.927"
"77,1 : 0.927"
"1,78 : 0.2202"
"78,1 : 0.2202"
"1,79 : 0.4738"
"79,1 : 0.4738"
"1,80 : 0.7009"
"80,1 : 0.7009"
"1,81 : 0.5522"
"81,1 : 0.5522"
"1,82 : 0.4162"
"82,1 : 0.4162"
"1,83 : 0.3523"
"83,1 : 0.3523"
"1,84 : 0.5334"
"84,1 : 0.5334"
"1,85 : 0.5201"
"85,1 : 0.5201"
"1,86 : 0.85"
"86,1 : 0.85"
"1,87 : 0.446"
"87,1 : 0.446"
"1,88 : 0.1903"
"88,1 : 0.1903"
"1,89 : 0.3734"
"89,1 : 0.3734"
"1,90 : 0.5423"
"90,1 : 0.5423"
"1,91 : 0.5033"
"91,1 : 0.5033"
"1,92 : 0.0728"
"92,1 : 0.0728"
"1,93 : 0.2915"
"93,1 : 0.2915"
"1,94 : 0.1581"
"94,1 : 0.1581"
"1,95 : 0.7214"
"95,1 : 0.7214"
"1,96 : 0.4258"
"96,1 : 0.4258"
"1,97 : 0.5968"
"97,1 : 0.5968"
"1,98 : 0.5161"
"98,1 : 0.5161"
"1,99 : 0.1965"
"99,1 : 0.1965"
"2,3 : 0.1965"
"3,2 : 0.1965"
"2,4 : 0.6107"
"4,2 : 0.6107"
"2,5 : 0.845"
"5,2 : 0.845"
"2,6 : 0.45"
"6,2 : 0.45"
"2,7 : 0.4001"
"7,2 : 0.4001"
"2,8 : 0.3008"
"8,2 : 0.3008"
"2,9 : 0.2973"
"9,2 : 0.2973"
"2,10 : 0.0412"
"10,2 : 0.0412"
"2,11 : 0.3722"
"11,2 : 0.3722"
"2,12 : 0.5921"
"12,2 : 0.5921"
"2,13 : 0.811"
"13,2 : 0.811"
"2,14 : 0.3225"
"14,2 : 0.3225"
"2,15 : 0.7465"
"15,2 : 0.7465"
"2,16 : 0.3444"
"16,2 : 0.3444"
"2,17 : 0.805"
"17,2 : 0.805"
"2,18 : 0.3413"
"18,2 : 0.3413"
"2,19 : 0.6742"
"19,2 : 0.6742"
"2,20 : 0.8533"
"20,2 : 0.8533"
"2,21 : 0.4965"
"21,2 : 0.4965"
"2,22 : 0.2786"
"22,2 : 0.2786"
"2,23 : 0.4707"
"23,2 : 0.4707"
"2,24 : 0.6265"
"24,2 : 0.6265"
"2,25 : 0.5492"
"25,2 : 0.5492"
"2,26 : 0.3324"
"26,2 : 0.3324"
"2,27 : 0.3758"
"27,2 : 0.3758"
"2,28 : 0.1414"
"28,2 : 0.1414"
"2,29 : 0.5758"
"29,2 : 0.5758"
"2,30 : 0.7224"
"30,2 : 0.7224"
"2,31 : 0.2751"
"31,2 : 0.2751"
"2,32 : 0.32"
"32,2 : 0.32"
"2,33 : 0.3471"
"33,2 : 0.3471"
"2,34 : 0.0539"
"34,2 : 0.0539"
"2,35 : 0.9434"
"35,2 : 0.9434"
"2,36 : 0.1237"
"36,2 : 0.1237"
"2,37 : 0.4115"
"37,2 : 0.4115"
"2,38 : 0.8544"
"38,2 : 0.8544"
"2,39 : 0.6364"
"39,2 : 0.6364"
"2,40 : 0.8417"
"40,2 : 0.8417"
"2,41 : 0.9487"
"41,2 : 0.9487"
"2,42 : 0.102"
"42,2 : 0.102"
"2,43 : 0.7308"
"43,2 : 0.7308"
"2,44 : 0.2506"
"44,2 : 0.2506"
"2,45 : 0.8254"
"45,2 : 0.8254"
"2,46 : 0.25"
"46,2 : 0.25"
"2,47 : 0.2184"
"47,2 : 0.2184"
"2,48 : 0.0224"
"48,2 : 0.0224"
"2,49 : 0.7262"
"49,2 : 0.7262"
"2,50 : 0.9405"
"50,2 : 0.9405"
"2,51 : 0.6401"
"51,2 : 0.6401"
"2,52 : 0.2532"
"52,2 : 0.2532"
"2,53 : 0.0825"
"53,2 : 0.0825"
"2,54 : 0.7723"
"54,2 : 0.7723"
"2,55 : 0.8809"
"55,2 : 0.8809"
"2,56 : 0.2766"
"56,2 : 0.2766"
"2,57 : 0.2062"
"57,2 : 0.2062"
"2,58 : 0.5061"
"58,2 : 0.5061"
"2,59 : 0.1942"
"59,2 : 0.1942"
"2,60 : 0.7026"
"60,2 : 0.7026"
"2,61 : 0.858"
"61,2 : 0.858"
"2,62 : 0.7638"
"62,2 : 0.7638"
"2,63 : 0.5162"
"63,2 : 0.5162"
"2,64 : 0.136"
"64,2 : 0.136"
"2,65 : 0.2555"
"65,2 : 0.2555"
"2,66 : 0.7916"
"66,2 : 0.7916"
"2,67 : 0.481"
"67,2 : 0.481"
"2,68 : 0.7376"
"68,2 : 0.7376"
"2,69 : 0.2921"
"69,2 : 0.2921"
"2,70 : 0.3257"
"70,2 : 0.3257"
"2,71 : 0.6381"
"71,2 : 0.6381"
"2,72 : 0.4464"
"72,2 : 0.4464"
"2,73 : 0.2343"
"73,2 : 0.2343"
"2,74 : 0.23"
"74,2 : 0.23"
"2,75 : 0.5814"
"75,2 : 0.5814"
"2,76 : 0.4201"
"76,2 : 0.4201"
"2,77 : 0.3736"
"77,2 : 0.3736"
"2,78 : 0.781"
"78,2 : 0.781"
"2,79 : 0.5673"
"79,2 : 0.5673"
"2,80 : 0.568"
"80,2 : 0.568"
"2,81 : 0.6088"
"81,2 : 0.6088"
"2,82 : 0.6522"
"82,2 : 0.6522"
"2,83 : 0.5367"
"83,2 : 0.5367"
"2,84 : 1.0069"
"84,2 : 1.0069"
"2,85 : 0.4561"
"85,2 : 0.4561"
"2,86 : 0.3606"
"86,2 : 0.3606"
"2,87 : 0.3982"
"87,2 : 0.3982"
"2,88 : 0.794"
"88,2 : 0.794"
"2,89 : 0.7111"
"89,2 : 0.7111"
"2,90 : 0.247"
"90,2 : 0.247"
"2,91 : 0.7799"
"91,2 : 0.7799"
"2,92 : 0.7026"
"92,2 : 0.7026"
"2,93 : 0.6845"
"93,2 : 0.6845"
"2,94 : 0.6859"
"94,2 : 0.6859"
"2,95 : 0.5951"
"95,2 : 0.5951"
"2,96 : 0.7965"
"96,2 : 0.7965"
"2,97 : 0.3748"
"97,2 : 0.3748"
"2,98 : 0.436"
"98,2 : 0.436"
"2,99 : 0.5869"
"99,2 : 0.5869"
"3,4 : 0.5215"
"4,3 : 0.5215"
"3,5 : 0.9725"
"5,3 : 0.9725"
"3,6 : 0.6363"
"6,3 : 0.6363"
"3,7 : 0.5914"
"7,3 : 0.5914"
"3,8 : 0.1044"
"8,3 : 0.1044"
"3,9 : 0.3421"
"9,3 : 0.3421"
"3,10 : 0.2193"
"10,3 : 0.2193"
"3,11 : 0.5636"
"11,3 : 0.5636"
"3,12 : 0.6551"
"12,3 : 0.6551"
"3,13 : 0.873"
"13,3 : 0.873"
"3,14 : 0.1581"
"14,3 : 0.1581"
"3,15 : 0.65"
"15,3 : 0.65"
"3,16 : 0.4952"
"16,3 : 0.4952"
"3,17 : 0.7885"
"17,3 : 0.7885"
"3,18 : 0.4215"
"18,3 : 0.4215"
"3,19 : 0.8288"
"19,3 : 0.8288"
"3,20 : 0.8909"
"20,3 : 0.8909"
"3,21 : 0.5511"
"21,3 : 0.5511"
"3,22 : 0.086"
"22,3 : 0.086"
"3,23 : 0.2746"
"23,3 : 0.2746"
"3,24 : 0.7747"
"24,3 : 0.7747"
"3,25 : 0.7072"
"25,3 : 0.7072"
"3,26 : 0.4442"
"26,3 : 0.4442"
"3,27 : 0.5701"
"27,3 : 0.5701"
"3,28 : 0.0583"
"28,3 : 0.0583"
"3,29 : 0.7072"
"29,3 : 0.7072"
"3,30 : 0.8544"
"30,3 : 0.8544"
"3,31 : 0.4713"
"31,3 : 0.4713"
"3,32 : 0.4159"
"32,3 : 0.4159"
"3,33 : 0.1921"
"33,3 : 0.1921"
"3,34 : 0.25"
"34,3 : 0.25"
"3,35 : 0.942"
"35,3 : 0.942"
"3,36 : 0.1063"
"36,3 : 0.1063"
"3,37 : 0.4201"
"37,3 : 0.4201"
"3,38 : 0.9811"
"38,3 : 0.9811"
"3,39 : 0.7354"
"39,3 : 0.7354"
"3,40 : 0.8814"
"40,3 : 0.8814"
"3,41 : 0.9082"
"41,3 : 0.9082"
"3,42 : 0.0949"
"42,3 : 0.0949"
"3,43 : 0.7503"
"43,3 : 0.7503"
"3,44 : 0.1726"
"44,3 : 0.1726"
"3,45 : 0.8338"
"45,3 : 0.8338"
"3,46 : 0.3551"
"46,3 : 0.3551"
"3,47 : 0.4001"
"47,3 : 0.4001"
"3,48 : 0.2184"
"48,3 : 0.2184"
"3,49 : 0.7256"
"49,3 : 0.7256"
"3,50 : 0.8916"
"50,3 : 0.8916"
"3,51 : 0.7184"
"51,3 : 0.7184"
"3,52 : 0.4491"
"52,3 : 0.4491"
"3,53 : 0.2121"
"53,3 : 0.2121"
"3,54 : 0.8573"
"54,3 : 0.8573"
"3,55 : 0.958"
"55,3 : 0.958"
"3,56 : 0.4601"
"56,3 : 0.4601"
"3,57 : 0.1005"
"57,3 : 0.1005"
"3,58 : 0.4168"
"58,3 : 0.4168"
"3,59 : 0.3551"
"59,3 : 0.3551"
"3,60 : 0.8405"
"60,3 : 0.8405"
"3,61 : 0.8584"
"61,3 : 0.8584"
"3,62 : 0.6896"
"62,3 : 0.6896"
"3,63 : 0.692"
"63,3 : 0.692"
"3,64 : 0.0608"
"64,3 : 0.0608"
"3,65 : 0.2766"
"65,3 : 0.2766"
"3,66 : 0.8736"
"66,3 : 0.8736"
"3,67 : 0.6603"
"67,3 : 0.6603"
"3,68 : 0.7601"
"68,3 : 0.7601"
"3,69 : 0.4789"
"69,3 : 0.4789"
"3,70 : 0.522"
"70,3 : 0.522"
"3,71 : 0.6088"
"71,3 : 0.6088"
"3,72 : 0.5714"
"72,3 : 0.5714"
"3,73 : 0.4206"
"73,3 : 0.4206"
"3,74 : 0.423"
"74,3 : 0.423"
"3,75 : 0.7517"
"75,3 : 0.7517"
"3,76 : 0.589"
"76,3 : 0.589"
"3,77 : 0.1772"
"77,3 : 0.1772"
"3,78 : 0.8905"
"78,3 : 0.8905"
"3,79 : 0.5126"
"79,3 : 0.5126"
"3,80 : 0.4386"
"80,3 : 0.4386"
"3,81 : 0.781"
"81,3 : 0.781"
"3,82 : 0.6103"
"82,3 : 0.6103"
"3,83 : 0.5324"
"83,3 : 0.5324"
"3,84 : 0.9585"
"84,3 : 0.9585"
"3,85 : 0.6237"
"85,3 : 0.6237"
"3,86 : 0.5544"
"86,3 : 0.5544"
"3,87 : 0.4"
"87,3 : 0.4"
"3,88 : 0.811"
"88,3 : 0.811"
"3,89 : 0.8521"
"89,3 : 0.8521"
"3,90 : 0.2973"
"90,3 : 0.2973"
"3,91 : 0.7155"
"91,3 : 0.7155"
"3,92 : 0.7612"
"92,3 : 0.7612"
"3,93 : 0.6774"
"93,3 : 0.6774"
"3,94 : 0.7819"
"94,3 : 0.7819"
"3,95 : 0.461"
"95,3 : 0.461"
"3,96 : 0.942"
"96,3 : 0.942"
"3,97 : 0.5547"
"97,3 : 0.5547"
"3,98 : 0.6021"
"98,3 : 0.6021"
"3,99 : 0.6379"
"99,3 : 0.6379"
"4,5 : 0.8677"
"5,4 : 0.8677"
"4,6 : 0.8386"
"6,4 : 0.8386"
"4,7 : 0.9575"
"7,4 : 0.9575"
"4,8 : 0.5033"
"8,4 : 0.5033"
"4,9 : 0.386"
"9,4 : 0.386"
"4,10 : 0.5941"
"10,4 : 0.5941"
"4,11 : 0.8149"
"11,4 : 0.8149"
"4,12 : 0.4652"
"12,4 : 0.4652"
"4,13 : 0.6011"
"13,4 : 0.6011"
"4,14 : 0.3808"
"14,4 : 0.3808"
"4,15 : 0.136"
"15,4 : 0.136"
"4,16 : 0.6251"
"16,4 : 0.6251"
"4,17 : 0.3479"
"17,4 : 0.3479"
"4,18 : 0.4428"
"18,4 : 0.4428"
"4,19 : 0.8493"
"19,4 : 0.8493"
"4,20 : 0.5522"
"20,4 : 0.5522"
"4,21 : 0.4026"
"21,4 : 0.4026"
"4,22 : 0.5331"
"22,4 : 0.5331"
"4,23 : 0.4901"
"23,4 : 0.4901"
"4,24 : 0.7864"
"24,4 : 0.7864"
"4,25 : 0.7732"
"25,4 : 0.7732"
"4,26 : 0.5135"
"26,4 : 0.5135"
"4,27 : 0.842"
"27,4 : 0.842"
"4,28 : 0.5263"
"28,4 : 0.5263"
"4,29 : 0.6866"
"29,4 : 0.6866"
"4,30 : 0.7912"
"30,4 : 0.7912"
"4,31 : 0.7892"
"31,4 : 0.7892"
"4,32 : 0.4752"
"32,4 : 0.4752"
"4,33 : 0.3454"
"33,4 : 0.3454"
"4,34 : 0.6382"
"34,4 : 0.6382"
"4,35 : 0.507"
"35,4 : 0.507"
"4,36 : 0.5021"
"36,4 : 0.5021"
"4,37 : 0.2907"
"37,4 : 0.2907"
"4,38 : 0.8724"
"38,4 : 0.8724"
"4,39 : 0.6093"
"39,4 : 0.6093"
"4,40 : 0.55"
"40,4 : 0.55"
"4,41 : 0.4119"
"41,4 : 0.4119"
"4,42 : 0.5523"
"42,4 : 0.5523"
"4,43 : 0.4046"
"43,4 : 0.4046"
"4,44 : 0.368"
"44,4 : 0.368"
"4,45 : 0.4383"
"45,4 : 0.4383"
"4,46 : 0.4904"
"46,4 : 0.4904"
"4,47 : 0.8154"
"47,4 : 0.8154"
"4,48 : 0.6201"
"48,4 : 0.6201"
"4,49 : 0.3384"
"49,4 : 0.3384"
"4,50 : 0.3864"
"50,4 : 0.3864"
"4,51 : 0.5412"
"51,4 : 0.5412"
"4,52 : 0.8006"
"52,4 : 0.8006"
"4,53 : 0.679"
"53,4 : 0.679"
"4,54 : 0.6522"
"54,4 : 0.6522"
"4,55 : 0.7072"
"55,4 : 0.7072"
"4,56 : 0.8661"
"56,4 : 0.8661"
"4,57 : 0.4342"
"57,4 : 0.4342"
"4,58 : 0.1063"
"58,4 : 0.1063"
"4,59 : 0.8043"
"59,4 : 0.8043"
"4,60 : 0.8001"
"60,4 : 0.8001"
"4,61 : 0.4401"
"61,4 : 0.4401"
"4,62 : 0.1709"
"62,4 : 0.1709"
"4,63 : 0.8302"
"63,4 : 0.8302"
"4,64 : 0.5482"
"64,4 : 0.5482"
"4,65 : 0.3801"
"65,4 : 0.3801"
"4,66 : 0.656"
"66,4 : 0.656"
"4,67 : 0.8222"
"67,4 : 0.8222"
"4,68 : 0.4187"
"68,4 : 0.4187"
"4,69 : 0.7308"
"69,4 : 0.7308"
"4,70 : 0.8322"
"70,4 : 0.8322"
"4,71 : 0.1985"
"71,4 : 0.1985"
"4,72 : 0.5914"
"72,4 : 0.5914"
"4,73 : 0.6929"
"73,4 : 0.6929"
"4,74 : 0.8013"
"74,4 : 0.8013"
"4,75 : 0.8515"
"75,4 : 0.8515"
"4,76 : 0.7325"
"76,4 : 0.7325"
"4,77 : 0.5022"
"77,4 : 0.5022"
"4,78 : 0.7479"
"78,4 : 0.7479"
"4,79 : 0.1077"
"79,4 : 0.1077"
"4,80 : 0.1456"
"80,4 : 0.1456"
"4,81 : 0.882"
"81,4 : 0.882"
"4,82 : 0.1664"
"82,4 : 0.1664"
"4,83 : 0.247"
"83,4 : 0.247"
"4,84 : 0.4512"
"84,4 : 0.4512"
"4,85 : 0.7506"
"85,4 : 0.7506"
"4,86 : 0.9087"
"86,4 : 0.9087"
"4,87 : 0.2828"
"87,4 : 0.2828"
"4,88 : 0.441"
"88,4 : 0.441"
"4,89 : 0.8191"
"89,4 : 0.8191"
"4,90 : 0.4123"
"90,4 : 0.4123"
"4,91 : 0.204"
"91,4 : 0.204"
"4,92 : 0.514"
"92,4 : 0.514"
"4,93 : 0.2921"
"93,4 : 0.2921"
"4,94 : 0.6306"
"94,4 : 0.6306"
"4,95 : 0.1565"
"95,4 : 0.1565"
"4,96 : 0.9048"
"96,4 : 0.9048"
"4,97 : 0.7513"
"97,4 : 0.7513"
"4,98 : 0.7311"
"98,4 : 0.7311"
"4,99 : 0.4249"
"99,4 : 0.4249"
"5,6 : 0.5235"
"6,5 : 0.5235"
"5,7 : 0.8062"
"7,5 : 0.8062"
"5,8 : 1.0512"
"8,5 : 1.0512"
"5,9 : 0.6482"
"9,5 : 0.6482"
"5,10 : 0.8041"
"10,5 : 0.8041"
"5,11 : 0.6003"
"11,5 : 0.6003"
"5,12 : 0.4031"
"12,5 : 0.4031"
"5,13 : 0.3406"
"13,5 : 0.3406"
"5,14 : 0.9731"
"14,5 : 0.9731"
"5,15 : 0.9364"
"15,5 : 0.9364"
"5,16 : 0.5029"
"16,5 : 0.5029"
"5,17 : 0.6637"
"17,5 : 0.6637"
"5,18 : 0.558"
"18,5 : 0.558"
"5,19 : 0.228"
"19,5 : 0.228"
"5,20 : 0.4528"
"20,5 : 0.4528"
"5,21 : 0.4841"
"21,5 : 0.4841"
"5,22 : 1.0515"
"22,5 : 1.0515"
"5,23 : 1.1703"
"23,5 : 1.1703"
"5,24 : 0.24"
"24,5 : 0.24"
"5,25 : 0.33"
"25,5 : 0.33"
"5,26 : 0.5284"
"26,5 : 0.5284"
"5,27 : 0.6313"
"27,5 : 0.6313"
"5,28 : 0.9218"
"28,5 : 0.9218"
"5,29 : 0.2693"
"29,5 : 0.2693"
"5,30 : 0.1237"
"30,5 : 0.1237"
"5,31 : 0.7011"
"31,5 : 0.7011"
"5,32 : 0.5576"
"32,5 : 0.5576"
"5,33 : 0.9633"
"33,5 : 0.9633"
"5,34 : 0.8096"
"34,5 : 0.8096"
"5,35 : 0.6463"
"35,5 : 0.6463"
"5,36 : 0.8683"
"36,5 : 0.8683"
"5,37 : 0.6378"
"37,5 : 0.6378"
"5,38 : 0.01"
"38,5 : 0.01"
"5,39 : 0.264"
"39,5 : 0.264"
"5,40 : 0.4418"
"40,5 : 0.4418"
"5,41 : 0.8101"
"41,5 : 0.8101"
"5,42 : 0.9034"
"42,5 : 0.9034"
"5,43 : 0.5179"
"43,5 : 0.5179"
"5,44 : 0.8481"
"44,5 : 0.8481"
"5,45 : 0.5701"
"45,5 : 0.5701"
"5,46 : 0.6177"
"46,5 : 0.6177"
"5,47 : 0.8548"
"47,5 : 0.8548"
"5,48 : 0.8287"
"48,5 : 0.8287"
"5,49 : 0.5923"
"49,5 : 0.5923"
"5,50 : 0.8402"
"50,5 : 0.8402"
"5,51 : 0.3265"
"51,5 : 0.3265"
"5,52 : 0.7517"
"52,5 : 0.7517"
"5,53 : 0.9139"
"53,5 : 0.9139"
"5,54 : 0.2408"
"54,5 : 0.2408"
"5,55 : 0.2751"
"55,5 : 0.2751"
"5,56 : 0.8505"
"56,5 : 0.8505"
"5,57 : 0.8931"
"57,5 : 0.8931"
"5,58 : 0.8488"
"58,5 : 0.8488"
"5,59 : 0.9108"
"59,5 : 0.9108"
"5,60 : 0.1503"
"60,5 : 0.1503"
"5,61 : 0.6101"
"61,5 : 0.6101"
"5,62 : 0.864"
"62,5 : 0.864"
"5,63 : 0.4243"
"63,5 : 0.4243"
"5,64 : 0.9348"
"64,5 : 0.9348"
"5,65 : 0.714"
"65,5 : 0.714"
"5,66 : 0.25"
"66,5 : 0.25"
"5,67 : 0.4627"
"67,5 : 0.4627"
"5,68 : 0.5064"
"68,5 : 0.5064"
"5,69 : 0.614"
"69,5 : 0.614"
"5,70 : 0.6901"
"70,5 : 0.6901"
"5,71 : 0.6871"
"71,5 : 0.6871"
"5,72 : 0.4025"
"72,5 : 0.4025"
"5,73 : 0.6512"
"73,5 : 0.6512"
"5,74 : 0.7931"
"74,5 : 0.7931"
"5,75 : 0.359"
"75,5 : 0.359"
"5,76 : 0.4617"
"76,5 : 0.4617"
"5,77 : 1.108"
"77,5 : 1.108"
"5,78 : 0.1237"
"78,5 : 0.1237"
"5,79 : 0.7606"
"79,5 : 0.7606"
"5,80 : 0.9735"
"80,5 : 0.9735"
"5,81 : 0.3574"
"81,5 : 0.3574"
"5,82 : 0.728"
"82,5 : 0.728"
"5,83 : 0.6227"
"83,5 : 0.6227"
"5,84 : 0.8709"
"84,5 : 0.8709"
"5,85 : 0.4305"
"85,5 : 0.4305"
"5,86 : 0.7723"
"86,5 : 0.7723"
"5,87 : 0.6586"
"87,5 : 0.6586"
"5,88 : 0.5308"
"88,5 : 0.5308"
"5,89 : 0.1503"
"89,5 : 0.1503"
"5,90 : 0.6824"
"90,5 : 0.6824"
"5,91 : 0.8343"
"91,5 : 0.8343"
"5,92 : 0.3711"
"92,5 : 0.3711"
"5,93 : 0.614"
"93,5 : 0.614"
"5,94 : 0.2371"
"94,5 : 0.2371"
"5,95 : 0.9986"
"95,5 : 0.9986"
"5,96 : 0.1204"
"96,5 : 0.1204"
"5,97 : 0.5308"
"97,5 : 0.5308"
"5,98 : 0.4418"
"98,5 : 0.4418"
"5,99 : 0.4429"
"99,5 : 0.4429"
"6,7 : 0.2828"
"7,6 : 0.2828"
"6,8 : 0.7382"
"8,6 : 0.7382"
"6,9 : 0.4601"
"9,6 : 0.4601"
"6,10 : 0.4188"
"10,6 : 0.4188"
"6,11 : 0.0894"
"11,6 : 0.0894"
"6,12 : 0.5201"
"12,6 : 0.5201"
"6,13 : 0.672"
"13,6 : 0.672"
"6,14 : 0.7178"
"14,6 : 0.7178"
"6,15 : 0.961"
"15,6 : 0.961"
"6,16 : 0.2138"
"16,6 : 0.2138"
"6,17 : 0.8491"
"17,6 : 0.8491"
"6,18 : 0.3962"
"18,6 : 0.3962"
"6,19 : 0.3"
"19,6 : 0.3"
"6,20 : 0.7649"
"20,6 : 0.7649"
"6,21 : 0.4919"
"21,6 : 0.4919"
"6,22 : 0.722"
"22,6 : 0.722"
"6,23 : 0.8996"
"23,6 : 0.8996"
"6,24 : 0.2864"
"24,6 : 0.2864"
"6,25 : 0.1992"
"25,6 : 0.1992"
"6,26 : 0.3256"
"26,6 : 0.3256"
"6,27 : 0.1118"
"27,6 : 0.1118"
"6,28 : 0.578"
"28,6 : 0.578"
"6,29 : 0.3138"
"29,6 : 0.3138"
"6,30 : 0.41"
"30,6 : 0.41"
"6,31 : 0.2059"
"31,6 : 0.2059"
"6,32 : 0.3635"
"32,6 : 0.3635"
"6,33 : 0.728"
"33,6 : 0.728"
"6,34 : 0.3982"
"34,6 : 0.3982"
"6,35 : 0.9285"
"35,6 : 0.9285"
"6,36 : 0.5367"
"36,6 : 0.5367"
"6,37 : 0.5492"
"37,6 : 0.5492"
"6,38 : 0.5334"
"38,6 : 0.5334"
"6,39 : 0.45"
"39,6 : 0.45"
"6,40 : 0.7507"
"40,6 : 0.7507"
"6,41 : 1.0187"
"41,6 : 1.0187"
"6,42 : 0.5438"
"42,6 : 0.5438"
"6,43 : 0.714"
"43,6 : 0.714"
"6,44 : 0.5991"
"44,6 : 0.5991"
"6,45 : 0.8106"
"45,6 : 0.8106"
"6,46 : 0.3606"
"46,6 : 0.3606"
"6,47 : 0.3625"
"47,6 : 0.3625"
"6,48 : 0.428"
"48,6 : 0.428"
"6,49 : 0.7547"
"49,6 : 0.7547"
"6,50 : 1.0296"
"50,6 : 1.0296"
"6,51 : 0.5093"
"51,6 : 0.5093"
"6,52 : 0.255"
"52,6 : 0.255"
"6,53 : 0.488"
"53,6 : 0.488"
"6,54 : 0.5831"
"54,6 : 0.5831"
"6,55 : 0.6888"
"55,6 : 0.6888"
"6,56 : 0.3421"
"56,6 : 0.3421"
"6,57 : 0.6017"
"57,6 : 0.6017"
"6,58 : 0.7611"
"58,6 : 0.7611"
"6,59 : 0.4294"
"59,6 : 0.4294"
"6,60 : 0.3766"
"60,6 : 0.3766"
"6,61 : 0.8543"
"61,6 : 0.8543"
"6,62 : 0.933"
"62,6 : 0.933"
"6,63 : 0.1"
"63,6 : 0.1"
"6,64 : 0.5798"
"64,6 : 0.5798"
"6,65 : 0.4925"
"65,6 : 0.4925"
"6,66 : 0.6054"
"66,6 : 0.6054"
"6,67 : 0.0608"
"67,6 : 0.0608"
"6,68 : 0.7122"
"68,6 : 0.7122"
"6,69 : 0.1581"
"69,6 : 0.1581"
"6,70 : 0.1772"
"70,6 : 0.1772"
"6,71 : 0.7503"
"71,6 : 0.7503"
"6,72 : 0.2884"
"72,6 : 0.2884"
"6,73 : 0.2163"
"73,6 : 0.2163"
"6,74 : 0.2997"
"74,6 : 0.2997"
"6,75 : 0.1712"
"75,6 : 0.1712"
"6,76 : 0.1166"
"76,6 : 0.1166"
"6,77 : 0.8095"
"77,6 : 0.8095"
"6,78 : 0.522"
"78,6 : 0.522"
"6,79 : 0.7473"
"79,6 : 0.7473"
"6,80 : 0.8702"
"80,6 : 0.8702"
"6,81 : 0.1868"
"81,6 : 0.1868"
"6,82 : 0.7843"
"82,6 : 0.7843"
"6,83 : 0.6357"
"83,6 : 0.6357"
"6,84 : 1.0856"
"84,6 : 1.0856"
"6,85 : 0.1204"
"85,6 : 0.1204"
"6,86 : 0.25"
"86,6 : 0.25"
"6,87 : 0.5558"
"87,6 : 0.5558"
"6,88 : 0.7669"
"88,6 : 0.7669"
"6,89 : 0.3734"
"89,6 : 0.3734"
"6,90 : 0.4518"
"90,6 : 0.4518"
"6,91 : 0.927"
"91,6 : 0.927"
"6,92 : 0.6011"
"92,6 : 0.6011"
"6,93 : 0.7382"
"93,6 : 0.7382"
"6,94 : 0.4909"
"94,6 : 0.4909"
"6,95 : 0.9002"
"95,6 : 0.9002"
"6,96 : 0.4305"
"96,6 : 0.4305"
"6,97 : 0.0906"
"97,6 : 0.0906"
"6,98 : 0.1281"
"98,6 : 0.1281"
"6,99 : 0.5464"
"99,6 : 0.5464"
"7,8 : 0.6935"
"8,7 : 0.6935"
"7,9 : 0.578"
"9,7 : 0.578"
"7,10 : 0.3932"
"10,7 : 0.3932"
"7,11 : 0.2154"
"11,7 : 0.2154"
"7,12 : 0.75"
"12,7 : 0.75"
"7,13 : 0.9306"
"13,7 : 0.9306"
"7,14 : 0.7217"
"14,7 : 0.7217"
"7,15 : 1.0912"
"15,7 : 1.0912"
"7,16 : 0.4061"
"16,7 : 0.4061"
"7,17 : 1.0538"
"17,7 : 1.0538"
"7,18 : 0.5544"
"18,7 : 0.5544"
"7,19 : 0.5814"
"19,7 : 0.5814"
"7,20 : 1.0124"
"20,7 : 1.0124"
"7,21 : 0.6931"
"21,7 : 0.6931"
"7,22 : 0.6661"
"22,7 : 0.6661"
"7,23 : 0.8647"
"23,7 : 0.8647"
"7,24 : 0.5689"
"24,7 : 0.5689"
"7,25 : 0.4805"
"25,7 : 0.4805"
"7,26 : 0.4952"
"26,7 : 0.4952"
"7,27 : 0.1803"
"27,7 : 0.1803"
"7,28 : 0.5401"
"28,7 : 0.5401"
"7,29 : 0.5852"
"29,7 : 0.5852"
"7,30 : 0.6923"
"30,7 : 0.6923"
"7,31 : 0.172"
"31,7 : 0.172"
"7,32 : 0.5186"
"32,7 : 0.5186"
"7,33 : 0.7443"
"33,7 : 0.7443"
"7,34 : 0.3513"
"34,7 : 0.3513"
"7,35 : 1.1575"
"35,7 : 1.1575"
"7,36 : 0.5215"
"36,7 : 0.5215"
"7,37 : 0.6934"
"37,7 : 0.6934"
"7,38 : 0.8161"
"38,7 : 0.8161"
"7,39 : 0.7111"
"39,7 : 0.7111"
"7,40 : 0.9986"
"40,7 : 0.9986"
"7,41 : 1.2183"
"41,7 : 1.2183"
"7,42 : 0.5001"
"42,7 : 0.5001"
"7,43 : 0.9361"
"43,7 : 0.9361"
"7,44 : 0.6335"
"44,7 : 0.6335"
"7,45 : 1.0359"
"45,7 : 1.0359"
"7,46 : 0.4771"
"46,7 : 0.4771"
"7,47 : 0.1965"
"47,7 : 0.1965"
"7,48 : 0.3805"
"48,7 : 0.3805"
"7,49 : 0.9617"
"49,7 : 0.9617"
"7,50 : 1.2215"
"50,7 : 1.2215"
"7,51 : 0.758"
"51,7 : 0.758"
"7,52 : 0.1581"
"52,7 : 0.1581"
"7,53 : 0.3864"
"53,7 : 0.3864"
"7,54 : 0.8509"
"54,7 : 0.8509"
"7,55 : 0.9601"
"55,7 : 0.9601"
"7,56 : 0.1393"
"56,7 : 0.1393"
"7,57 : 0.603"
"57,7 : 0.603"
"7,58 : 0.8616"
"58,7 : 0.8616"
"7,59 : 0.26"
"59,7 : 0.26"
"7,60 : 0.6592"
"60,7 : 0.6592"
"7,61 : 1.0771"
"61,7 : 1.0771"
"7,62 : 1.0856"
"62,7 : 1.0856"
"7,63 : 0.3821"
"63,7 : 0.3821"
"7,64 : 0.5308"
"64,7 : 0.5308"
"7,65 : 0.5778"
"65,7 : 0.5778"
"7,66 : 0.8732"
"66,7 : 0.8732"
"7,67 : 0.3437"
"67,7 : 0.3437"
"7,68 : 0.9372"
"68,7 : 0.9372"
"7,69 : 0.255"
"69,7 : 0.255"
"7,70 : 0.1421"
"70,7 : 0.1421"
"7,71 : 0.922"
"71,7 : 0.922"
"7,72 : 0.5215"
"72,7 : 0.5215"
"7,73 : 0.272"
"73,7 : 0.272"
"7,74 : 0.1703"
"74,7 : 0.1703"
"7,75 : 0.4504"
"75,7 : 0.4504"
"7,76 : 0.3677"
"76,7 : 0.3677"
"7,77 : 0.7653"
"77,7 : 0.7653"
"7,78 : 0.8008"
"78,7 : 0.8008"
"7,79 : 0.8868"
"79,7 : 0.8868"
"7,80 : 0.9464"
"80,7 : 0.9464"
"7,81 : 0.4601"
"81,7 : 0.4601"
"7,82 : 0.9487"
"82,7 : 0.9487"
"7,83 : 0.806"
"83,7 : 0.806"
"7,84 : 1.2832"
"84,7 : 1.2832"
"7,85 : 0.389"
"85,7 : 0.389"
"7,86 : 0.05"
"86,7 : 0.05"
"7,87 : 0.6912"
"87,7 : 0.6912"
"7,88 : 0.9949"
"88,7 : 0.9949"
"7,89 : 0.6562"
"89,7 : 0.6562"
"7,90 : 0.5456"
"90,7 : 0.5456"
"7,91 : 1.09"
"91,7 : 1.09"
"7,92 : 0.846"
"92,7 : 0.846"
"7,93 : 0.9343"
"93,7 : 0.9343"
"7,94 : 0.7564"
"94,7 : 0.7564"
"7,95 : 0.9753"
"95,7 : 0.9753"
"7,96 : 0.7103"
"96,7 : 0.7103"
"7,97 : 0.2997"
"97,7 : 0.2997"
"7,98 : 0.3863"
"98,7 : 0.3863"
"7,99 : 0.7669"
"99,7 : 0.7669"
"8,9 : 0.4071"
"9,8 : 0.4071"
"8,10 : 0.3231"
"10,8 : 0.3231"
"8,11 : 0.6671"
"11,8 : 0.6671"
"8,12 : 0.7117"
"12,8 : 0.7117"
"8,13 : 0.9244"
"13,8 : 0.9244"
"8,14 : 0.1237"
"14,8 : 0.1237"
"8,15 : 0.6218"
"15,8 : 0.6218"
"8,16 : 0.588"
"16,8 : 0.588"
"8,17 : 0.8031"
"17,8 : 0.8031"
"8,18 : 0.494"
"18,8 : 0.494"
"8,19 : 0.9192"
"19,8 : 0.9192"
"8,20 : 0.9306"
"20,8 : 0.9306"
"8,21 : 0.6075"
"21,8 : 0.6075"
"8,22 : 0.0361"
"22,8 : 0.0361"
"8,23 : 0.1712"
"23,8 : 0.1712"
"8,24 : 0.8631"
"24,8 : 0.8631"
"8,25 : 0.7998"
"25,8 : 0.7998"
"8,26 : 0.5263"
"26,8 : 0.5263"
"8,27 : 0.6742"
"27,8 : 0.6742"
"8,28 : 0.1616"
"28,8 : 0.1616"
"8,29 : 0.7903"
"29,8 : 0.7903"
"8,30 : 0.936"
"30,8 : 0.936"
"8,31 : 0.5757"
"31,8 : 0.5757"
"8,32 : 0.4941"
"32,8 : 0.4941"
"8,33 : 0.1581"
"33,8 : 0.1581"
"8,34 : 0.3544"
"34,8 : 0.3544"
"8,35 : 0.9613"
"35,8 : 0.9613"
"8,36 : 0.2025"
"36,8 : 0.2025"
"8,37 : 0.4632"
"37,8 : 0.4632"
"8,38 : 1.0595"
"38,8 : 1.0595"
"8,39 : 0.8053"
"39,8 : 0.8053"
"8,40 : 0.9223"
"40,8 : 0.9223"
"8,41 : 0.9071"
"41,8 : 0.9071"
"8,42 : 0.1992"
"42,8 : 0.1992"
"8,43 : 0.7841"
"43,8 : 0.7841"
"8,44 : 0.2119"
"44,8 : 0.2119"
"8,45 : 0.8602"
"45,8 : 0.8602"
"8,46 : 0.4393"
"46,8 : 0.4393"
"8,47 : 0.5004"
"47,8 : 0.5004"
"8,48 : 0.3228"
"48,8 : 0.3228"
"8,49 : 0.7501"
"49,8 : 0.7501"
"8,50 : 0.886"
"50,8 : 0.886"
"8,51 : 0.78"
"51,8 : 0.78"
"8,52 : 0.5532"
"52,8 : 0.5532"
"8,53 : 0.31"
"53,8 : 0.31"
"8,54 : 0.9192"
"54,8 : 0.9192"
"8,55 : 1.0151"
"55,8 : 1.0151"
"8,56 : 0.5604"
"56,8 : 0.5604"
"8,57 : 0.1581"
"57,8 : 0.1581"
"8,58 : 0.4052"
"58,8 : 0.4052"
"8,59 : 0.451"
"59,8 : 0.451"
"8,60 : 0.9246"
"60,8 : 0.9246"
"8,61 : 0.8802"
"61,8 : 0.8802"
"8,62 : 0.6742"
"62,8 : 0.6742"
"8,63 : 0.7906"
"63,8 : 0.7906"
"8,64 : 0.1649"
"64,8 : 0.1649"
"8,65 : 0.34"
"65,8 : 0.34"
"8,66 : 0.9341"
"66,8 : 0.9341"
"8,67 : 0.7601"
"67,8 : 0.7601"
"8,68 : 0.7951"
"68,8 : 0.7951"
"8,69 : 0.5814"
"69,8 : 0.5814"
"8,70 : 0.6264"
"70,8 : 0.6264"
"8,71 : 0.622"
"71,8 : 0.622"
"8,72 : 0.6544"
"72,8 : 0.6544"
"8,73 : 0.5233"
"73,8 : 0.5233"
"8,74 : 0.5261"
"74,8 : 0.5261"
"8,75 : 0.8481"
"75,8 : 0.8481"
"8,76 : 0.686"
"76,8 : 0.686"
"8,77 : 0.0728"
"77,8 : 0.0728"
"8,78 : 0.9625"
"78,8 : 0.9625"
"8,79 : 0.5162"
"79,8 : 0.5162"
"8,80 : 0.3966"
"80,8 : 0.3966"
"8,81 : 0.878"
"81,8 : 0.878"
"8,82 : 0.6166"
"82,8 : 0.6166"
"8,83 : 0.5622"
"83,8 : 0.5622"
"8,84 : 0.9521"
"84,8 : 0.9521"
"8,85 : 0.7201"
"85,8 : 0.7201"
"8,86 : 0.6576"
"86,8 : 0.6576"
"8,87 : 0.4415"
"87,8 : 0.4415"
"8,88 : 0.8421"
"88,8 : 0.8421"
"8,89 : 0.9372"
"89,8 : 0.9372"
"8,90 : 0.3689"
"90,8 : 0.3689"
"8,91 : 0.7052"
"91,8 : 0.7052"
"8,92 : 0.8132"
"92,8 : 0.8132"
"8,93 : 0.7"
"93,8 : 0.7"
"8,94 : 0.8497"
"94,8 : 0.8497"
"8,95 : 0.414"
"95,8 : 0.414"
"8,96 : 1.0283"
"96,8 : 1.0283"
"8,97 : 0.6551"
"97,8 : 0.6551"
"8,98 : 0.6981"
"98,8 : 0.6981"
"8,99 : 0.6896"
"99,8 : 0.6896"
"9,10 : 0.264"
"10,9 : 0.264"
"9,11 : 0.4295"
"11,9 : 0.4295"
"9,12 : 0.314"
"12,9 : 0.314"
"9,13 : 0.5334"
"13,9 : 0.5334"
"9,14 : 0.3256"
"14,9 : 0.3256"
"9,15 : 0.5162"
"15,9 : 0.5162"
"9,16 : 0.2518"
"16,9 : 0.2518"
"9,17 : 0.5111"
"17,9 : 0.5111"
"9,18 : 0.0922"
"18,9 : 0.0922"
"9,19 : 0.5438"
"19,9 : 0.5438"
"9,20 : 0.5622"
"20,9 : 0.5622"
"9,21 : 0.211"
"21,9 : 0.211"
"9,22 : 0.4123"
"22,9 : 0.4123"
"9,23 : 0.5235"
"23,9 : 0.5235"
"9,24 : 0.4826"
"24,9 : 0.4826"
"9,25 : 0.4386"
"25,9 : 0.4386"
"9,26 : 0.1487"
"26,9 : 0.1487"
"9,27 : 0.4561"
"27,9 : 0.4561"
"9,28 : 0.3027"
"28,9 : 0.3027"
"9,29 : 0.397"
"29,9 : 0.397"
"9,30 : 0.5376"
"30,9 : 0.5376"
"9,31 : 0.4071"
"31,9 : 0.4071"
"9,32 : 0.1077"
"32,9 : 0.1077"
"9,33 : 0.3189"
"33,9 : 0.3189"
"9,34 : 0.3002"
"34,9 : 0.3002"
"9,35 : 0.6462"
"35,9 : 0.6462"
"9,36 : 0.2508"
"36,9 : 0.2508"
"9,37 : 0.1204"
"37,9 : 0.1204"
"9,38 : 0.656"
"38,9 : 0.656"
"9,39 : 0.3982"
"39,9 : 0.3982"
"9,40 : 0.5515"
"40,9 : 0.5515"
"9,41 : 0.6622"
"41,9 : 0.6622"
"9,42 : 0.3"
"42,9 : 0.3"
"9,43 : 0.4342"
"43,9 : 0.4342"
"9,44 : 0.2"
"44,9 : 0.2"
"9,45 : 0.5281"
"45,9 : 0.5281"
"9,46 : 0.1044"
"46,9 : 0.1044"
"9,47 : 0.4601"
"47,9 : 0.4601"
"9,48 : 0.2955"
"48,9 : 0.2955"
"9,49 : 0.4295"
"49,9 : 0.4295"
"9,50 : 0.6586"
"50,9 : 0.6586"
"9,51 : 0.3764"
"51,9 : 0.3764"
"9,52 : 0.4244"
"52,9 : 0.4244"
"9,53 : 0.3795"
"53,9 : 0.3795"
"9,54 : 0.5155"
"54,9 : 0.5155"
"9,55 : 0.6161"
"55,9 : 0.6161"
"9,56 : 0.5025"
"56,9 : 0.5025"
"9,57 : 0.2508"
"57,9 : 0.2508"
"9,58 : 0.3015"
"58,9 : 0.3015"
"9,59 : 0.4687"
"59,9 : 0.4687"
"9,60 : 0.5308"
"60,9 : 0.5308"
"9,61 : 0.5608"
"61,9 : 0.5608"
"9,62 : 0.5077"
"62,9 : 0.5077"
"9,63 : 0.4687"
"63,9 : 0.4687"
"9,64 : 0.3214"
"64,9 : 0.3214"
"9,65 : 0.0671"
"65,9 : 0.0671"
"9,66 : 0.5316"
"66,9 : 0.5316"
"9,67 : 0.4528"
"67,9 : 0.4528"
"9,68 : 0.4415"
"68,9 : 0.4415"
"9,69 : 0.3448"
"69,9 : 0.3448"
"9,70 : 0.4478"
"70,9 : 0.4478"
"9,71 : 0.3538"
"71,9 : 0.3538"
"9,72 : 0.2663"
"72,9 : 0.2663"
"9,73 : 0.3087"
"73,9 : 0.3087"
"9,74 : 0.4328"
"74,9 : 0.4328"
"9,75 : 0.506"
"75,9 : 0.506"
"9,76 : 0.3635"
"76,9 : 0.3635"
"9,77 : 0.4604"
"77,9 : 0.4604"
"9,78 : 0.5557"
"78,9 : 0.5557"
"9,79 : 0.3089"
"79,9 : 0.3089"
"9,80 : 0.4111"
"80,9 : 0.4111"
"9,81 : 0.5376"
"81,9 : 0.5376"
"9,82 : 0.3754"
"82,9 : 0.3754"
"9,83 : 0.2441"
"83,9 : 0.2441"
"9,84 : 0.7235"
"84,9 : 0.7235"
"9,85 : 0.3883"
"85,9 : 0.3883"
"9,86 : 0.5284"
"86,9 : 0.5284"
"9,87 : 0.114"
"87,9 : 0.114"
"9,88 : 0.4973"
"88,9 : 0.4973"
"9,89 : 0.5456"
"89,9 : 0.5456"
"9,90 : 0.051"
"90,9 : 0.051"
"9,91 : 0.514"
"91,9 : 0.514"
"9,92 : 0.4219"
"92,9 : 0.4219"
"9,93 : 0.3895"
"93,9 : 0.3895"
"9,94 : 0.4428"
"94,9 : 0.4428"
"9,95 : 0.441"
"95,9 : 0.441"
"9,96 : 0.6378"
"96,9 : 0.6378"
"9,97 : 0.3705"
"97,9 : 0.3705"
"9,98 : 0.3667"
"98,9 : 0.3667"
"9,99 : 0.3002"
"99,9 : 0.3002"
"10,11 : 0.3444"
"11,10 : 0.3444"
"10,12 : 0.5533"
"12,10 : 0.5533"
"10,13 : 0.7716"
"13,10 : 0.7716"
"10,14 : 0.33"
"14,10 : 0.33"
"10,15 : 0.7301"
"15,10 : 0.7301"
"10,16 : 0.3041"
"16,10 : 0.3041"
"10,17 : 0.7741"
"17,10 : 0.7741"
"10,18 : 0.3027"
"18,10 : 0.3027"
"10,19 : 0.6351"
"19,10 : 0.6351"
"10,20 : 0.8158"
"20,10 : 0.8158"
"10,21 : 0.4589"
"21,10 : 0.4589"
"10,22 : 0.3041"
"22,10 : 0.3041"
"10,23 : 0.4904"
"23,10 : 0.4904"
"10,24 : 0.5867"
"24,10 : 0.5867"
"10,25 : 0.5104"
"25,10 : 0.5104"
"10,26 : 0.2915"
"26,10 : 0.2915"
"10,27 : 0.3511"
"27,10 : 0.3511"
"10,28 : 0.1616"
"28,10 : 0.1616"
"10,29 : 0.5349"
"29,10 : 0.5349"
"10,30 : 0.6815"
"30,10 : 0.6815"
"10,31 : 0.255"
"31,10 : 0.255"
"10,32 : 0.2802"
"32,10 : 0.2802"
"10,33 : 0.3513"
"33,10 : 0.3513"
"10,34 : 0.0447"
"34,10 : 0.0447"
"10,35 : 0.91"
"35,10 : 0.91"
"10,36 : 0.1304"
"36,10 : 0.1304"
"10,37 : 0.3808"
"37,10 : 0.3808"
"10,38 : 0.8134"
"38,10 : 0.8134"
"10,39 : 0.5954"
"39,10 : 0.5954"
"10,40 : 0.8041"
"40,10 : 0.8041"
"10,41 : 0.9209"
"41,10 : 0.9209"
"10,42 : 0.1253"
"42,10 : 0.1253"
"10,43 : 0.6957"
"43,10 : 0.6957"
"10,44 : 0.2435"
"44,10 : 0.2435"
"10,45 : 0.7912"
"45,10 : 0.7912"
"10,46 : 0.2102"
"46,10 : 0.2102"
"10,47 : 0.2236"
"47,10 : 0.2236"
"10,48 : 0.0316"
"48,10 : 0.0316"
"10,49 : 0.6935"
"49,10 : 0.6935"
"10,50 : 0.914"
"50,10 : 0.914"
"10,51 : 0.6"
"51,10 : 0.6"
"10,52 : 0.24"
"52,10 : 0.24"
"10,53 : 0.1204"
"53,10 : 0.1204"
"10,54 : 0.7317"
"54,10 : 0.7317"
"10,55 : 0.8405"
"55,10 : 0.8405"
"10,56 : 0.2786"
"56,10 : 0.2786"
"10,57 : 0.2102"
"57,10 : 0.2102"
"10,58 : 0.4909"
"58,10 : 0.4909"
"10,59 : 0.2121"
"59,10 : 0.2121"
"10,60 : 0.6621"
"60,10 : 0.6621"
"10,61 : 0.8246"
"61,10 : 0.8246"
"10,62 : 0.7428"
"62,10 : 0.7428"
"10,63 : 0.481"
"63,10 : 0.481"
"10,64 : 0.1612"
"64,10 : 0.1612"
"10,65 : 0.228"
"65,10 : 0.228"
"10,66 : 0.7511"
"66,10 : 0.7511"
"10,67 : 0.4469"
"67,10 : 0.4469"
"10,68 : 0.7021"
"68,10 : 0.7021"
"10,69 : 0.2608"
"69,10 : 0.2608"
"10,70 : 0.3059"
"70,10 : 0.3059"
"10,71 : 0.6103"
"71,10 : 0.6103"
"10,72 : 0.4052"
"72,10 : 0.4052"
"10,73 : 0.2025"
"73,10 : 0.2025"
"10,74 : 0.2236"
"74,10 : 0.2236"
"10,75 : 0.5449"
"75,10 : 0.5449"
"10,76 : 0.3829"
"76,10 : 0.3829"
"10,77 : 0.3956"
"77,10 : 0.3956"
"10,78 : 0.7398"
"78,10 : 0.7398"
"10,79 : 0.5445"
"79,10 : 0.5445"
"10,80 : 0.5608"
"80,10 : 0.5608"
"10,81 : 0.5728"
"81,10 : 0.5728"
"10,82 : 0.6263"
"82,10 : 0.6263"
"10,83 : 0.5061"
"83,10 : 0.5061"
"10,84 : 0.9801"
"84,10 : 0.9801"
"10,85 : 0.4187"
"85,10 : 0.4187"
"10,86 : 0.3506"
"86,10 : 0.3506"
"10,87 : 0.3689"
"87,10 : 0.3689"
"10,88 : 0.7589"
"88,10 : 0.7589"
"10,89 : 0.6708"
"89,10 : 0.6708"
"10,90 : 0.2147"
"90,10 : 0.2147"
"10,91 : 0.7569"
"91,10 : 0.7569"
"10,92 : 0.6637"
"92,10 : 0.6637"
"10,93 : 0.653"
"93,10 : 0.653"
"10,94 : 0.645"
"94,10 : 0.645"
"10,95 : 0.5887"
"95,10 : 0.5887"
"10,96 : 0.7566"
"96,10 : 0.7566"
"10,97 : 0.3406"
"97,10 : 0.3406"
"10,98 : 0.3982"
"98,10 : 0.3982"
"10,99 : 0.5492"
"99,10 : 0.5492"
"11,12 : 0.5449"
"12,11 : 0.5449"
"11,13 : 0.7169"
"13,11 : 0.7169"
"11,14 : 0.6573"
"14,11 : 0.6573"
"11,15 : 0.9425"
"15,11 : 0.9425"
"11,16 : 0.2081"
"16,11 : 0.2081"
"11,17 : 0.8621"
"17,11 : 0.8621"
"11,18 : 0.3808"
"18,11 : 0.3808"
"11,19 : 0.3821"
"19,11 : 0.3821"
"11,20 : 0.8021"
"20,11 : 0.8021"
"11,21 : 0.5"
"21,11 : 0.5"
"11,22 : 0.6485"
"22,11 : 0.6485"
"11,23 : 0.8322"
"23,11 : 0.8322"
"11,24 : 0.3606"
"24,11 : 0.3606"
"11,25 : 0.2707"
"25,11 : 0.2707"
"11,26 : 0.313"
"26,11 : 0.313"
"11,27 : 0.0361"
"27,11 : 0.0361"
"11,28 : 0.5057"
"28,11 : 0.5057"
"11,29 : 0.37"
"29,11 : 0.37"
"11,30 : 0.4826"
"30,11 : 0.4826"
"11,31 : 0.1166"
"31,11 : 0.1166"
"11,32 : 0.3454"
"32,11 : 0.3454"
"11,33 : 0.6708"
"33,11 : 0.6708"
"11,34 : 0.3191"
"34,11 : 0.3191"
"11,35 : 0.9548"
"35,11 : 0.9548"
"11,36 : 0.4682"
"36,11 : 0.4682"
"11,37 : 0.5314"
"37,11 : 0.5314"
"11,38 : 0.6103"
"38,11 : 0.6103"
"11,39 : 0.4965"
"39,11 : 0.4965"
"11,40 : 0.7882"
"40,11 : 0.7882"
"11,41 : 1.03"
"41,11 : 1.03"
"11,42 : 0.4696"
"42,11 : 0.4696"
"11,43 : 0.7355"
"43,11 : 0.7355"
"11,44 : 0.5445"
"44,11 : 0.5445"
"11,45 : 0.8344"
"45,11 : 0.8344"
"11,46 : 0.3256"
"46,11 : 0.3256"
"11,47 : 0.2731"
"47,11 : 0.2731"
"11,48 : 0.3499"
"48,11 : 0.3499"
"11,49 : 0.7684"
"49,11 : 0.7684"
"11,50 : 1.0373"
"50,11 : 1.0373"
"11,51 : 0.5464"
"51,11 : 0.5464"
"11,52 : 0.1655"
"52,11 : 0.1655"
"11,53 : 0.4036"
"53,11 : 0.4036"
"11,54 : 0.6356"
"54,11 : 0.6356"
"11,55 : 0.7446"
"55,11 : 0.7446"
"11,56 : 0.255"
"56,11 : 0.255"
"11,57 : 0.5385"
"57,11 : 0.5385"
"11,58 : 0.7299"
"58,11 : 0.7299"
"11,59 : 0.34"
"59,11 : 0.34"
"11,60 : 0.451"
"60,11 : 0.451"
"11,61 : 0.8769"
"61,11 : 0.8769"
"11,62 : 0.9231"
"62,11 : 0.9231"
"11,63 : 0.1844"
"63,11 : 0.1844"
"11,64 : 0.5054"
"64,11 : 0.5054"
"11,65 : 0.451"
"65,11 : 0.451"
"11,66 : 0.658"
"66,11 : 0.658"
"11,67 : 0.1432"
"67,11 : 0.1432"
"11,68 : 0.7354"
"68,11 : 0.7354"
"11,69 : 0.0906"
"69,11 : 0.0906"
"11,70 : 0.0906"
"70,11 : 0.0906"
"11,71 : 0.7471"
"71,11 : 0.7471"
"11,72 : 0.3124"
"72,11 : 0.3124"
"11,73 : 0.1456"
"73,11 : 0.1456"
"11,74 : 0.2102"
"74,11 : 0.2102"
"11,75 : 0.2571"
"75,11 : 0.2571"
"11,76 : 0.1523"
"76,11 : 0.1523"
"11,77 : 0.7393"
"77,11 : 0.7393"
"11,78 : 0.5869"
"78,11 : 0.5869"
"11,79 : 0.7305"
"79,11 : 0.7305"
"11,80 : 0.8322"
"80,11 : 0.8322"
"11,81 : 0.2751"
"81,11 : 0.2751"
"11,82 : 0.7782"
"82,11 : 0.7782"
"11,83 : 0.6306"
"83,11 : 0.6306"
"11,84 : 1.0962"
"84,11 : 1.0962"
"11,85 : 0.1746"
"85,11 : 0.1746"
"11,86 : 0.1746"
"86,11 : 0.1746"
"11,87 : 0.5345"
"87,11 : 0.5345"
"11,88 : 0.7921"
"88,11 : 0.7921"
"11,89 : 0.4501"
"89,11 : 0.4501"
"11,90 : 0.4119"
"90,11 : 0.4119"
"11,91 : 0.9214"
"91,11 : 0.9214"
"11,92 : 0.636"
"92,11 : 0.636"
"11,93 : 0.7463"
"93,11 : 0.7463"
"11,94 : 0.5413"
"94,11 : 0.5413"
"11,95 : 0.8621"
"95,11 : 0.8621"
"11,96 : 0.5135"
"96,11 : 0.5135"
"11,97 : 0.086"
"97,11 : 0.086"
"11,98 : 0.1709"
"98,11 : 0.1709"
"11,99 : 0.5659"
"99,11 : 0.5659"
"12,13 : 0.2202"
"13,12 : 0.2202"
"12,14 : 0.6127"
"14,12 : 0.6127"
"12,15 : 0.5434"
"15,12 : 0.5434"
"12,16 : 0.3441"
"16,12 : 0.3441"
"12,17 : 0.3362"
"17,12 : 0.3362"
"12,18 : 0.2508"
"18,12 : 0.2508"
"12,19 : 0.4105"
"19,12 : 0.4105"
"12,20 : 0.2693"
"20,12 : 0.2693"
"12,21 : 0.1044"
"21,12 : 0.1044"
"12,22 : 0.7212"
"22,12 : 0.7212"
"12,23 : 0.8026"
"23,12 : 0.8026"
"12,24 : 0.3523"
"24,12 : 0.3523"
"12,25 : 0.3734"
"25,12 : 0.3734"
"12,26 : 0.2751"
"26,12 : 0.2751"
"12,27 : 0.5805"
"27,12 : 0.5805"
"12,28 : 0.6166"
"28,12 : 0.6166"
"12,29 : 0.255"
"29,12 : 0.255"
"12,30 : 0.3298"
"30,12 : 0.3298"
"12,31 : 0.5883"
"31,12 : 0.5883"
"12,32 : 0.2746"
"32,12 : 0.2746"
"12,33 : 0.5954"
"33,12 : 0.5954"
"12,34 : 0.5787"
"34,12 : 0.5787"
"12,35 : 0.4101"
"35,12 : 0.4101"
"12,36 : 0.5644"
"36,12 : 0.5644"
"12,37 : 0.2555"
"37,12 : 0.2555"
"12,38 : 0.4082"
"38,12 : 0.4082"
"12,39 : 0.1456"
"39,12 : 0.1456"
"12,40 : 0.2563"
"40,12 : 0.2563"
"12,41 : 0.5057"
"41,12 : 0.5057"
"12,42 : 0.612"
"42,12 : 0.612"
"12,43 : 0.1942"
"43,12 : 0.1942"
"12,44 : 0.4998"
"44,12 : 0.4998"
"12,45 : 0.2907"
"45,12 : 0.2907"
"12,46 : 0.3437"
"46,12 : 0.3437"
"12,47 : 0.7001"
"47,12 : 0.7001"
"12,48 : 0.5842"
"48,12 : 0.5842"
"12,49 : 0.2435"
"49,12 : 0.2435"
"12,50 : 0.522"
"50,12 : 0.522"
"12,51 : 0.0781"
"51,12 : 0.0781"
"12,52 : 0.6265"
"52,12 : 0.6265"
"12,53 : 0.6736"
"53,12 : 0.6736"
"12,54 : 0.211"
"54,12 : 0.211"
"12,55 : 0.3036"
"55,12 : 0.3036"
"12,56 : 0.7245"
"56,12 : 0.7245"
"12,57 : 0.5604"
"57,12 : 0.5604"
"12,58 : 0.4482"
"58,12 : 0.4482"
"12,59 : 0.7308"
"59,12 : 0.7308"
"12,60 : 0.3437"
"60,12 : 0.3437"
"12,61 : 0.3342"
"61,12 : 0.3342"
"12,62 : 0.4817"
"62,12 : 0.4817"
"12,63 : 0.4653"
"63,12 : 0.4653"
"12,64 : 0.6351"
"64,12 : 0.6351"
"12,65 : 0.3785"
"65,12 : 0.3785"
"12,66 : 0.2236"
"66,12 : 0.2236"
"12,67 : 0.4771"
"67,12 : 0.4771"
"12,68 : 0.1921"
"68,12 : 0.1921"
"12,69 : 0.4965"
"69,12 : 0.4965"
"12,70 : 0.608"
"70,12 : 0.608"
"12,71 : 0.2943"
"71,12 : 0.2943"
"12,72 : 0.2335"
"72,12 : 0.2335"
"12,73 : 0.4965"
"73,12 : 0.4965"
"12,74 : 0.6531"
"74,12 : 0.6531"
"12,75 : 0.4554"
"75,12 : 0.4554"
"12,76 : 0.4046"
"76,12 : 0.4046"
"12,77 : 0.7564"
"77,12 : 0.7564"
"12,78 : 0.286"
"78,12 : 0.286"
"12,79 : 0.3578"
"79,12 : 0.3578"
"12,80 : 0.572"
"80,12 : 0.572"
"12,81 : 0.4808"
"81,12 : 0.4808"
"12,82 : 0.3354"
"82,12 : 0.3354"
"12,83 : 0.2195"
"83,12 : 0.2195"
"12,84 : 0.5727"
"84,12 : 0.5727"
"12,85 : 0.4022"
"85,12 : 0.4022"
"12,86 : 0.7021"
"86,12 : 0.7021"
"12,87 : 0.2778"
"87,12 : 0.2778"
"12,88 : 0.2476"
"88,12 : 0.2476"
"12,89 : 0.3635"
"89,12 : 0.3635"
"12,90 : 0.3622"
"90,12 : 0.3622"
"12,91 : 0.46"
"91,12 : 0.46"
"12,92 : 0.1105"
"92,12 : 0.1105"
"12,93 : 0.2419"
"93,12 : 0.2419"
"12,94 : 0.1664"
"94,12 : 0.1664"
"12,95 : 0.5964"
"95,12 : 0.5964"
"12,96 : 0.4438"
"96,12 : 0.4438"
"12,97 : 0.4597"
"97,12 : 0.4597"
"12,98 : 0.392"
"98,12 : 0.392"
"12,99 : 0.0412"
"99,12 : 0.0412"
"13,14 : 0.8193"
"14,13 : 0.8193"
"13,15 : 0.6381"
"15,13 : 0.6381"
"13,16 : 0.5349"
"16,13 : 0.5349"
"13,17 : 0.3324"
"17,13 : 0.3324"
"13,18 : 0.4701"
"18,13 : 0.4701"
"13,19 : 0.4665"
"19,13 : 0.4665"
"13,20 : 0.114"
"20,13 : 0.114"
"13,21 : 0.3225"
"21,13 : 0.3225"
"13,22 : 0.9362"
"22,13 : 0.9362"
"13,23 : 1.0022"
