x,y
0.81,0.44
0.19,0.41
0.2,0.97
0.77,0.48
0.77,0.87
0.29,0.6
0.74,0.84
0.83,0.03
0.82,0.13
0.33,0.78
0.26,0.16
0.45,0.06
0.87,0.5
0.94,0.63
0.34,0.26
0.33,0.34
0.04,0.48
0.82,0.8
0.22,0.17
0.4,0.2
0.64,0.86
0.63,0.3
0.03,0.26
0.78,0.76
0.82,0.77
0.87,0.56
0.39,0.63
0.67,0.36
0.81,0.75
0.53,0.68
0.81,0.08
0.42,0.21
0.33,0.67
0.02,0.96
0.66,0.84
0.21,0.28
0.17,0.45
0.45,0.22
0.79,0.3
0.25,0.95
0.73,0.46
0.05,0.77
0.13,0.23
0.48,0.48
0.77,0.97
0.41,0.37
0.31,0.5
0.32,0.75
0.45,0.76
0.53,0.7
0.47,0.62
0.03,0.25
0.13,0.68
0.31,0.24
0.23,0.14
0.7,0.18
0.14,0.33
0.31,0.37
0.22,0.68
0.37,0.35
0.98,0.99
0.11,0.4
0.27,0.63
0.92,0.15
0.4,0.41
0.8,0.66
0.03,0.11
0.4,0.37
0.31,0.07
0.63,0.02
0.13,0.1
0.38,0.31
0.51,0.24
0.7,0.97
0.19,0.17
0.32,0.8
0.62,0.27
0.43,0.25
0.43,0.14
0.71,0.56
0.67,0.39
0.08,0.82
0.3,0.33
0.11,0.52
0.54,0.85
0.04,0.18
0.12,0.34
0.84,0.03
0.95,0.16
0.07,0.32
0.38,0.22
0.51,0.97
0.75,0.57
0.74,0.2
0.64,0.97
0.31,0.32
0.95,0.44
0.94,0.5
0.34,0.33
0.79,0.72

Distanze
"0,1 : 0.6207"
"1,0 : 0.6207"
"0,2 : 0.8081"
"2,0 : 0.8081"
"0,3 : 0.0566"
"3,0 : 0.0566"
"0,4 : 0.4319"
"4,0 : 0.4319"
"0,5 : 0.5441"
"5,0 : 0.5441"
"0,6 : 0.4061"
"6,0 : 0.4061"
"0,7 : 0.4105"
"7,0 : 0.4105"
"0,8 : 0.3102"
"8,0 : 0.3102"
"0,9 : 0.5882"
"9,0 : 0.5882"
"0,10 : 0.6172"
"10,0 : 0.6172"
"0,11 : 0.5235"
"11,0 : 0.5235"
"0,12 : 0.0849"
"12,0 : 0.0849"
"0,13 : 0.2302"
"13,0 : 0.2302"
"0,14 : 0.5033"
"14,0 : 0.5033"
"0,15 : 0.4903"
"15,0 : 0.4903"
"0,16 : 0.771"
"16,0 : 0.771"
"0,17 : 0.3601"
"17,0 : 0.3601"
"0,18 : 0.6488"
"18,0 : 0.6488"
"0,19 : 0.4751"
"19,0 : 0.4751"
"0,20 : 0.4531"
"20,0 : 0.4531"
"0,21 : 0.228"
"21,0 : 0.228"
"0,22 : 0.8005"
"22,0 : 0.8005"
"0,23 : 0.3214"
"23,0 : 0.3214"
"0,24 : 0.3302"
"24,0 : 0.3302"
"0,25 : 0.1342"
"25,0 : 0.1342"
"0,26 : 0.461"
"26,0 : 0.461"
"0,27 : 0.1612"
"27,0 : 0.1612"
"0,28 : 0.31"
"28,0 : 0.31"
"0,29 : 0.3688"
"29,0 : 0.3688"
"0,30 : 0.36"
"30,0 : 0.36"
"0,31 : 0.4528"
"31,0 : 0.4528"
"0,32 : 0.5323"
"32,0 : 0.5323"
"0,33 : 0.9458"
"33,0 : 0.9458"
"0,34 : 0.4272"
"34,0 : 0.4272"
"0,35 : 0.621"
"35,0 : 0.621"
"0,36 : 0.6401"
"36,0 : 0.6401"
"0,37 : 0.4219"
"37,0 : 0.4219"
"0,38 : 0.1414"
"38,0 : 0.1414"
"0,39 : 0.7574"
"39,0 : 0.7574"
"0,40 : 0.0825"
"40,0 : 0.0825"
"0,41 : 0.8286"
"41,0 : 0.8286"
"0,42 : 0.7117"
"42,0 : 0.7117"
"0,43 : 0.3324"
"43,0 : 0.3324"
"0,44 : 0.5315"
"44,0 : 0.5315"
"0,45 : 0.4061"
"45,0 : 0.4061"
"0,46 : 0.5036"
"46,0 : 0.5036"
"0,47 : 0.5798"
"47,0 : 0.5798"
"0,48 : 0.4817"
"48,0 : 0.4817"
"0,49 : 0.3821"
"49,0 : 0.3821"
"0,50 : 0.3847"
"50,0 : 0.3847"
"0,51 : 0.8028"
"51,0 : 0.8028"
"0,52 : 0.7211"
"52,0 : 0.7211"
"0,53 : 0.5385"
"53,0 : 0.5385"
"0,54 : 0.653"
"54,0 : 0.653"
"0,55 : 0.2823"
"55,0 : 0.2823"
"0,56 : 0.679"
"56,0 : 0.679"
"0,57 : 0.5049"
"57,0 : 0.5049"
"0,58 : 0.6369"
"58,0 : 0.6369"
"0,59 : 0.4491"
"59,0 : 0.4491"
"0,60 : 0.5757"
"60,0 : 0.5757"
"0,61 : 0.7011"
"61,0 : 0.7011"
"0,62 : 0.5725"
"62,0 : 0.5725"
"0,63 : 0.3102"
"63,0 : 0.3102"
"0,64 : 0.4111"
"64,0 : 0.4111"
"0,65 : 0.2202"
"65,0 : 0.2202"
"0,66 : 0.8469"
"66,0 : 0.8469"
"0,67 : 0.4159"
"67,0 : 0.4159"
"0,68 : 0.622"
"68,0 : 0.622"
"0,69 : 0.4569"
"69,0 : 0.4569"
"0,70 : 0.7603"
"70,0 : 0.7603"
"0,71 : 0.4492"
"71,0 : 0.4492"
"0,72 : 0.3606"
"72,0 : 0.3606"
"0,73 : 0.5413"
"73,0 : 0.5413"
"0,74 : 0.6762"
"74,0 : 0.6762"
"0,75 : 0.608"
"75,0 : 0.608"
"0,76 : 0.255"
"76,0 : 0.255"
"0,77 : 0.4249"
"77,0 : 0.4249"
"0,78 : 0.4841"
"78,0 : 0.4841"
"0,79 : 0.1562"
"79,0 : 0.1562"
"0,80 : 0.1487"
"80,0 : 0.1487"
"0,81 : 0.823"
"81,0 : 0.823"
"0,82 : 0.5217"
"82,0 : 0.5217"
"0,83 : 0.7046"
"83,0 : 0.7046"
"0,84 : 0.4909"
"84,0 : 0.4909"
"0,85 : 0.8127"
"85,0 : 0.8127"
"0,86 : 0.6972"
"86,0 : 0.6972"
"0,87 : 0.4111"
"87,0 : 0.4111"
"0,88 : 0.313"
"88,0 : 0.313"
"0,89 : 0.7497"
"89,0 : 0.7497"
"0,90 : 0.483"
"90,0 : 0.483"
"0,91 : 0.609"
"91,0 : 0.609"
"0,92 : 0.1432"
"92,0 : 0.1432"
"0,93 : 0.25"
"93,0 : 0.25"
"0,94 : 0.5566"
"94,0 : 0.5566"
"0,95 : 0.5142"
"95,0 : 0.5142"
"0,96 : 0.14"
"96,0 : 0.14"
"0,97 : 0.1432"
"97,0 : 0.1432"
"0,98 : 0.4827"
"98,0 : 0.4827"
"0,99 : 0.2807"
"99,0 : 0.2807"
"1,2 : 0.5601"
"2,1 : 0.5601"
"1,3 : 0.5842"
"3,1 : 0.5842"
"1,4 : 0.7403"
"4,1 : 0.7403"
"1,5 : 0.2147"
"5,1 : 0.2147"
"1,6 : 0.6981"
"6,1 : 0.6981"
"1,7 : 0.7443"
"7,1 : 0.7443"
"1,8 : 0.6894"
"8,1 : 0.6894"
"1,9 : 0.3956"
"9,1 : 0.3956"
"1,10 : 0.2596"
"10,1 : 0.2596"
"1,11 : 0.436"
"11,1 : 0.436"
"1,12 : 0.6859"
"12,1 : 0.6859"
"1,13 : 0.7816"
"13,1 : 0.7816"
"1,14 : 0.2121"
"14,1 : 0.2121"
"1,15 : 0.1565"
"15,1 : 0.1565"
"1,16 : 0.1655"
"16,1 : 0.1655"
"1,17 : 0.7409"
"17,1 : 0.7409"
"1,18 : 0.2419"
"18,1 : 0.2419"
"1,19 : 0.297"
"19,1 : 0.297"
"1,20 : 0.6364"
"20,1 : 0.6364"
"1,21 : 0.4535"
"21,1 : 0.4535"
"1,22 : 0.2193"
"22,1 : 0.2193"
"1,23 : 0.686"
"23,1 : 0.686"
"1,24 : 0.7256"
"24,1 : 0.7256"
"1,25 : 0.6963"
"25,1 : 0.6963"
"1,26 : 0.2973"
"26,1 : 0.2973"
"1,27 : 0.4826"
"27,1 : 0.4826"
"1,28 : 0.7071"
"28,1 : 0.7071"
"1,29 : 0.4342"
"29,1 : 0.4342"
"1,30 : 0.7024"
"30,1 : 0.7024"
"1,31 : 0.3048"
"31,1 : 0.3048"
"1,32 : 0.2953"
"32,1 : 0.2953"
"1,33 : 0.5757"
"33,1 : 0.5757"
"1,34 : 0.637"
"34,1 : 0.637"
"1,35 : 0.1315"
"35,1 : 0.1315"
"1,36 : 0.0447"
"36,1 : 0.0447"
"1,37 : 0.322"
"37,1 : 0.322"
"1,38 : 0.61"
"38,1 : 0.61"
"1,39 : 0.5433"
"39,1 : 0.5433"
"1,40 : 0.5423"
"40,1 : 0.5423"
"1,41 : 0.3863"
"41,1 : 0.3863"
"1,42 : 0.1897"
"42,1 : 0.1897"
"1,43 : 0.2983"
"43,1 : 0.2983"
"1,44 : 0.8062"
"44,1 : 0.8062"
"1,45 : 0.2236"
"45,1 : 0.2236"
"1,46 : 0.15"
"46,1 : 0.15"
"1,47 : 0.364"
"47,1 : 0.364"
"1,48 : 0.436"
"48,1 : 0.436"
"1,49 : 0.4469"
"49,1 : 0.4469"
"1,50 : 0.35"
"50,1 : 0.35"
"1,51 : 0.2263"
"51,1 : 0.2263"
"1,52 : 0.2766"
"52,1 : 0.2766"
"1,53 : 0.2081"
"53,1 : 0.2081"
"1,54 : 0.2729"
"54,1 : 0.2729"
"1,55 : 0.5595"
"55,1 : 0.5595"
"1,56 : 0.0943"
"56,1 : 0.0943"
"1,57 : 0.1265"
"57,1 : 0.1265"
"1,58 : 0.2717"
"58,1 : 0.2717"
"1,59 : 0.1897"
"59,1 : 0.1897"
"1,60 : 0.9801"
"60,1 : 0.9801"
"1,61 : 0.0806"
"61,1 : 0.0806"
"1,62 : 0.2341"
"62,1 : 0.2341"
"1,63 : 0.7749"
"63,1 : 0.7749"
"1,64 : 0.21"
"64,1 : 0.21"
"1,65 : 0.6592"
"65,1 : 0.6592"
"1,66 : 0.34"
"66,1 : 0.34"
"1,67 : 0.2138"
"67,1 : 0.2138"
"1,68 : 0.3606"
"68,1 : 0.3606"
"1,69 : 0.588"
"69,1 : 0.588"
"1,70 : 0.3158"
"70,1 : 0.3158"
"1,71 : 0.2147"
"71,1 : 0.2147"
"1,72 : 0.3624"
"72,1 : 0.3624"
"1,73 : 0.7574"
"73,1 : 0.7574"
"1,74 : 0.24"
"74,1 : 0.24"
"1,75 : 0.4111"
"75,1 : 0.4111"
"1,76 : 0.4522"
"76,1 : 0.4522"
"1,77 : 0.2884"
"77,1 : 0.2884"
"1,78 : 0.3612"
"78,1 : 0.3612"
"1,79 : 0.5412"
"79,1 : 0.5412"
"1,80 : 0.4804"
"80,1 : 0.4804"
"1,81 : 0.4245"
"81,1 : 0.4245"
"1,82 : 0.136"
"82,1 : 0.136"
"1,83 : 0.136"
"83,1 : 0.136"
"1,84 : 0.5622"
"84,1 : 0.5622"
"1,85 : 0.2746"
"85,1 : 0.2746"
"1,86 : 0.099"
"86,1 : 0.099"
"1,87 : 0.7529"
"87,1 : 0.7529"
"1,88 : 0.8001"
"88,1 : 0.8001"
"1,89 : 0.15"
"89,1 : 0.15"
"1,90 : 0.2687"
"90,1 : 0.2687"
"1,91 : 0.645"
"91,1 : 0.645"
"1,92 : 0.5824"
"92,1 : 0.5824"
"1,93 : 0.5887"
"93,1 : 0.5887"
"1,94 : 0.7184"
"94,1 : 0.7184"
"1,95 : 0.15"
"95,1 : 0.15"
"1,96 : 0.7606"
"96,1 : 0.7606"
"1,97 : 0.7554"
"97,1 : 0.7554"
"1,98 : 0.17"
"98,1 : 0.17"
"1,99 : 0.6754"
"99,1 : 0.6754"
"2,3 : 0.7517"
"3,2 : 0.7517"
"2,4 : 0.5787"
"4,2 : 0.5787"
"2,5 : 0.3808"
"5,2 : 0.3808"
"2,6 : 0.5554"
"6,2 : 0.5554"
"2,7 : 1.1316"
"7,2 : 1.1316"
"2,8 : 1.044"
"8,2 : 1.044"
"2,9 : 0.2302"
"9,2 : 0.2302"
"2,10 : 0.8122"
"10,2 : 0.8122"
"2,11 : 0.9437"
"11,2 : 0.9437"
"2,12 : 0.8184"
"12,2 : 0.8184"
"2,13 : 0.8144"
"13,2 : 0.8144"
"2,14 : 0.7237"
"14,2 : 0.7237"
"2,15 : 0.6433"
"15,2 : 0.6433"
"2,16 : 0.5155"
"16,2 : 0.5155"
"2,17 : 0.6429"
"17,2 : 0.6429"
"2,18 : 0.8002"
"18,2 : 0.8002"
"2,19 : 0.7956"
"19,2 : 0.7956"
"2,20 : 0.4535"
"20,2 : 0.4535"
"2,21 : 0.7961"
"21,2 : 0.7961"
"2,22 : 0.7301"
"22,2 : 0.7301"
"2,23 : 0.6168"
"23,2 : 0.6168"
"2,24 : 0.6515"
"24,2 : 0.6515"
"2,25 : 0.7855"
"25,2 : 0.7855"
"2,26 : 0.3895"
"26,2 : 0.3895"
"2,27 : 0.7701"
"27,2 : 0.7701"
"2,28 : 0.6485"
"28,2 : 0.6485"
"2,29 : 0.4393"
"29,2 : 0.4393"
"2,30 : 1.079"
"30,2 : 1.079"
"2,31 : 0.7912"
"31,2 : 0.7912"
"2,32 : 0.327"
"32,2 : 0.327"
"2,33 : 0.1803"
"33,2 : 0.1803"
"2,34 : 0.478"
"34,2 : 0.478"
"2,35 : 0.6901"
"35,2 : 0.6901"
"2,36 : 0.5209"
"36,2 : 0.5209"
"2,37 : 0.7906"
"37,2 : 0.7906"
"2,38 : 0.8927"
"38,2 : 0.8927"
"2,39 : 0.0539"
"39,2 : 0.0539"
"2,40 : 0.7355"
"40,2 : 0.7355"
"2,41 : 0.25"
"41,2 : 0.25"
"2,42 : 0.7433"
"42,2 : 0.7433"
"2,43 : 0.5644"
"43,2 : 0.5644"
"2,44 : 0.57"
"44,2 : 0.57"
"2,45 : 0.6357"
"45,2 : 0.6357"
"2,46 : 0.4827"
"46,2 : 0.4827"
"2,47 : 0.2506"
"47,2 : 0.2506"
"2,48 : 0.3265"
"48,2 : 0.3265"
"2,49 : 0.4264"
"49,2 : 0.4264"
"2,50 : 0.442"
"50,2 : 0.442"
"2,51 : 0.7398"
"51,2 : 0.7398"
"2,52 : 0.2983"
"52,2 : 0.2983"
"2,53 : 0.7382"
"53,2 : 0.7382"
"2,54 : 0.8305"
"54,2 : 0.8305"
"2,55 : 0.9349"
"55,2 : 0.9349"
"2,56 : 0.6428"
"56,2 : 0.6428"
"2,57 : 0.61"
"57,2 : 0.61"
"2,58 : 0.2907"
"58,2 : 0.2907"
"2,59 : 0.6429"
"59,2 : 0.6429"
"2,60 : 0.7803"
"60,2 : 0.7803"
"2,61 : 0.5771"
"61,2 : 0.5771"
"2,62 : 0.3471"
"62,2 : 0.3471"
"2,63 : 1.0912"
"63,2 : 1.0912"
"2,64 : 0.5946"
"64,2 : 0.5946"
"2,65 : 0.6754"
"65,2 : 0.6754"
"2,66 : 0.8766"
"66,2 : 0.8766"
"2,67 : 0.6325"
"67,2 : 0.6325"
"2,68 : 0.9067"
"68,2 : 0.9067"
"2,69 : 1.0428"
"69,2 : 1.0428"
"2,70 : 0.8728"
"70,2 : 0.8728"
"2,71 : 0.6841"
"71,2 : 0.6841"
"2,72 : 0.7931"
"72,2 : 0.7931"
"2,73 : 0.5"
"73,2 : 0.5"
"2,74 : 0.8001"
"74,2 : 0.8001"
"2,75 : 0.2081"
"75,2 : 0.2081"
"2,76 : 0.8163"
"76,2 : 0.8163"
"2,77 : 0.7558"
"77,2 : 0.7558"
"2,78 : 0.8613"
"78,2 : 0.8613"
"2,79 : 0.6544"
"79,2 : 0.6544"
"2,80 : 0.7465"
"80,2 : 0.7465"
"2,81 : 0.1921"
"81,2 : 0.1921"
"2,82 : 0.6478"
"82,2 : 0.6478"
"2,83 : 0.4589"
"83,2 : 0.4589"
"2,84 : 0.3606"
"84,2 : 0.3606"
"2,85 : 0.806"
"85,2 : 0.806"
"2,86 : 0.6351"
"86,2 : 0.6351"
"2,87 : 1.1372"
"87,2 : 1.1372"
"2,88 : 1.1039"
"88,2 : 1.1039"
"2,89 : 0.6629"
"89,2 : 0.6629"
"2,90 : 0.7713"
"90,2 : 0.7713"
"2,91 : 0.31"
"91,2 : 0.31"
"2,92 : 0.6801"
"92,2 : 0.6801"
"2,93 : 0.9405"
"93,2 : 0.9405"
"2,94 : 0.44"
"94,2 : 0.44"
"2,95 : 0.6592"
"95,2 : 0.6592"
"2,96 : 0.9184"
"96,2 : 0.9184"
"2,97 : 0.8766"
"97,2 : 0.8766"
"2,98 : 0.6551"
"98,2 : 0.6551"
"2,99 : 0.6408"
"99,2 : 0.6408"
"3,4 : 0.39"
"4,3 : 0.39"
"3,5 : 0.4948"
"5,3 : 0.4948"
"3,6 : 0.3612"
"6,3 : 0.3612"
"3,7 : 0.454"
"7,3 : 0.454"
"3,8 : 0.3536"
"8,3 : 0.3536"
"3,9 : 0.5325"
"9,3 : 0.5325"
"3,10 : 0.6021"
"10,3 : 0.6021"
"3,11 : 0.528"
"11,3 : 0.528"
"3,12 : 0.102"
"12,3 : 0.102"
"3,13 : 0.2267"
"13,3 : 0.2267"
"3,14 : 0.483"
"14,3 : 0.483"
"3,15 : 0.4617"
"15,3 : 0.4617"
"3,16 : 0.73"
"16,3 : 0.73"
"3,17 : 0.3239"
"17,3 : 0.3239"
"3,18 : 0.6313"
"18,3 : 0.6313"
"3,19 : 0.464"
"19,3 : 0.464"
"3,20 : 0.4016"
"20,3 : 0.4016"
"3,21 : 0.228"
"21,3 : 0.228"
"3,22 : 0.772"
"22,3 : 0.772"
"3,23 : 0.2802"
"23,3 : 0.2802"
"3,24 : 0.2943"
"24,3 : 0.2943"
"3,25 : 0.1281"
"25,3 : 0.1281"
"3,26 : 0.4085"
"26,3 : 0.4085"
"3,27 : 0.1562"
"27,3 : 0.1562"
"3,28 : 0.2729"
"28,3 : 0.2729"
"3,29 : 0.3124"
"29,3 : 0.3124"
"3,30 : 0.402"
"30,3 : 0.402"
"3,31 : 0.442"
"31,3 : 0.442"
"3,32 : 0.4793"
"32,3 : 0.4793"
"3,33 : 0.8904"
"33,3 : 0.8904"
"3,34 : 0.3764"
"34,3 : 0.3764"
"3,35 : 0.5946"
"35,3 : 0.5946"
"3,36 : 0.6007"
"36,3 : 0.6007"
"3,37 : 0.4123"
"37,3 : 0.4123"
"3,38 : 0.1811"
"38,3 : 0.1811"
"3,39 : 0.7009"
"39,3 : 0.7009"
"3,40 : 0.0447"
"40,3 : 0.0447"
"3,41 : 0.7762"
"41,3 : 0.7762"
"3,42 : 0.6871"
"42,3 : 0.6871"
"3,43 : 0.29"
"43,3 : 0.29"
"3,44 : 0.49"
"44,3 : 0.49"
"3,45 : 0.3764"
"45,3 : 0.3764"
"3,46 : 0.4604"
"46,3 : 0.4604"
"3,47 : 0.5248"
"47,3 : 0.5248"
"3,48 : 0.4252"
"48,3 : 0.4252"
"3,49 : 0.3256"
"49,3 : 0.3256"
"3,50 : 0.3311"
"50,3 : 0.3311"
"3,51 : 0.7749"
"51,3 : 0.7749"
"3,52 : 0.6705"
"52,3 : 0.6705"
"3,53 : 0.5188"
"53,3 : 0.5188"
"3,54 : 0.6381"
"54,3 : 0.6381"
"3,55 : 0.3081"
"55,3 : 0.3081"
"3,56 : 0.6476"
"56,3 : 0.6476"
"3,57 : 0.473"
"57,3 : 0.473"
"3,58 : 0.5852"
"58,3 : 0.5852"
"3,59 : 0.4206"
"59,3 : 0.4206"
"3,60 : 0.5515"
"60,3 : 0.5515"
"3,61 : 0.6648"
"61,3 : 0.6648"
"3,62 : 0.522"
"62,3 : 0.522"
"3,63 : 0.3625"
"63,3 : 0.3625"
"3,64 : 0.3766"
"64,3 : 0.3766"
"3,65 : 0.1825"
"65,3 : 0.1825"
"3,66 : 0.8273"
"66,3 : 0.8273"
"3,67 : 0.386"
"67,3 : 0.386"
"3,68 : 0.6162"
"68,3 : 0.6162"
"3,69 : 0.4808"
"69,3 : 0.4808"
"3,70 : 0.7443"
"70,3 : 0.7443"
"3,71 : 0.4254"
"71,3 : 0.4254"
"3,72 : 0.3538"
"72,3 : 0.3538"
"3,73 : 0.495"
"73,3 : 0.495"
"3,74 : 0.6576"
"74,3 : 0.6576"
"3,75 : 0.5522"
"75,3 : 0.5522"
"3,76 : 0.2581"
"76,3 : 0.2581"
"3,77 : 0.4105"
"77,3 : 0.4105"
"3,78 : 0.4808"
"78,3 : 0.4808"
"3,79 : 0.1"
"79,3 : 0.1"
"3,80 : 0.1345"
"80,3 : 0.1345"
"3,81 : 0.7692"
"81,3 : 0.7692"
"3,82 : 0.4934"
"82,3 : 0.4934"
"3,83 : 0.6612"
"83,3 : 0.6612"
"3,84 : 0.4357"
"84,3 : 0.4357"
"3,85 : 0.7892"
"85,3 : 0.7892"
"3,86 : 0.6649"
"86,3 : 0.6649"
"3,87 : 0.4554"
"87,3 : 0.4554"
"3,88 : 0.3672"
"88,3 : 0.3672"
"3,89 : 0.7181"
"89,3 : 0.7181"
"3,90 : 0.4687"
"90,3 : 0.4687"
"3,91 : 0.5547"
"91,3 : 0.5547"
"3,92 : 0.0922"
"92,3 : 0.0922"
"3,93 : 0.2816"
"93,3 : 0.2816"
"3,94 : 0.507"
"94,3 : 0.507"
"3,95 : 0.487"
"95,3 : 0.487"
"3,96 : 0.1844"
"96,3 : 0.1844"
"3,97 : 0.1712"
"97,3 : 0.1712"
"3,98 : 0.4554"
"98,3 : 0.4554"
"3,99 : 0.2408"
"99,3 : 0.2408"
"4,5 : 0.5507"
"5,4 : 0.5507"
"4,6 : 0.0424"
"6,4 : 0.0424"
"4,7 : 0.8421"
"7,4 : 0.8421"
"4,8 : 0.7417"
"8,4 : 0.7417"
"4,9 : 0.4491"
"9,4 : 0.4491"
"4,10 : 0.8742"
"10,4 : 0.8742"
"4,11 : 0.8709"
"11,4 : 0.8709"
"4,12 : 0.3833"
"12,4 : 0.3833"
"4,13 : 0.2941"
"13,4 : 0.2941"
"4,14 : 0.7463"
"14,4 : 0.7463"
"4,15 : 0.6888"
"15,4 : 0.6888"
"4,16 : 0.8276"
"16,4 : 0.8276"
"4,17 : 0.086"
"17,4 : 0.086"
"4,18 : 0.8902"
"18,4 : 0.8902"
"4,19 : 0.7654"
"19,4 : 0.7654"
"4,20 : 0.1304"
"20,4 : 0.1304"
"4,21 : 0.5869"
"21,4 : 0.5869"
"4,22 : 0.959"
"22,4 : 0.959"
"4,23 : 0.1105"
"23,4 : 0.1105"
"4,24 : 0.1118"
"24,4 : 0.1118"
"4,25 : 0.3257"
"25,4 : 0.3257"
"4,26 : 0.4494"
"26,4 : 0.4494"
"4,27 : 0.5197"
"27,4 : 0.5197"
"4,28 : 0.1265"
"28,4 : 0.1265"
"4,29 : 0.3061"
"29,4 : 0.3061"
"4,30 : 0.791"
"30,4 : 0.791"
"4,31 : 0.7471"
"31,4 : 0.7471"
"4,32 : 0.4833"
"32,4 : 0.4833"
"4,33 : 0.7554"
"33,4 : 0.7554"
"4,34 : 0.114"
"34,4 : 0.114"
"4,35 : 0.8134"
"35,4 : 0.8134"
"4,36 : 0.7324"
"36,4 : 0.7324"
"4,37 : 0.7245"
"37,4 : 0.7245"
"4,38 : 0.5704"
"38,4 : 0.5704"
"4,39 : 0.5261"
"39,4 : 0.5261"
"4,40 : 0.4119"
"40,4 : 0.4119"
"4,41 : 0.7269"
"41,4 : 0.7269"
"4,42 : 0.9051"
"42,4 : 0.9051"
"4,43 : 0.486"
"43,4 : 0.486"
"4,44 : 0.1"
"44,4 : 0.1"
"4,45 : 0.6161"
"45,4 : 0.6161"
"4,46 : 0.5903"
"46,4 : 0.5903"
"4,47 : 0.4657"
"47,4 : 0.4657"
"4,48 : 0.3384"
"48,4 : 0.3384"
"4,49 : 0.2941"
"49,4 : 0.2941"
"4,50 : 0.3905"
"50,4 : 0.3905"
"4,51 : 0.9654"
"51,4 : 0.9654"
"4,52 : 0.6676"
"52,4 : 0.6676"
"4,53 : 0.7801"
"53,4 : 0.7801"
"4,54 : 0.908"
"54,4 : 0.908"
"4,55 : 0.6935"
"55,4 : 0.6935"
"4,56 : 0.8298"
"56,4 : 0.8298"
"4,57 : 0.6794"
"57,4 : 0.6794"
"4,58 : 0.5819"
"58,4 : 0.5819"
"4,59 : 0.656"
"59,4 : 0.656"
"4,60 : 0.2419"
"60,4 : 0.2419"
"4,61 : 0.8102"
"61,4 : 0.8102"
"4,62 : 0.5546"
"62,4 : 0.5546"
"4,63 : 0.7355"
"63,4 : 0.7355"
"4,64 : 0.5903"
"64,4 : 0.5903"
"4,65 : 0.2121"
"65,4 : 0.2121"
"4,66 : 1.0608"
"66,4 : 1.0608"
"4,67 : 0.622"
"67,4 : 0.622"
"4,68 : 0.9228"
"68,4 : 0.9228"
"4,69 : 0.8615"
"69,4 : 0.8615"
"4,70 : 1.0012"
"70,4 : 1.0012"
"4,71 : 0.6824"
"71,4 : 0.6824"
"4,72 : 0.6815"
"72,4 : 0.6815"
"4,73 : 0.1221"
"73,4 : 0.1221"
"4,74 : 0.9091"
"74,4 : 0.9091"
"4,75 : 0.4554"
"75,4 : 0.4554"
"4,76 : 0.6185"
"76,4 : 0.6185"
"4,77 : 0.7071"
"77,4 : 0.7071"
"4,78 : 0.8053"
"78,4 : 0.8053"
"4,79 : 0.3158"
"79,4 : 0.3158"
"4,80 : 0.4903"
"80,4 : 0.4903"
"4,81 : 0.6918"
"81,4 : 0.6918"
"4,82 : 0.7159"
"82,4 : 0.7159"
"4,83 : 0.7471"
"83,4 : 0.7471"
"4,84 : 0.2309"
"84,4 : 0.2309"
"4,85 : 1.0045"
"85,4 : 1.0045"
"4,86 : 0.8387"
"86,4 : 0.8387"
"4,87 : 0.8429"
"87,4 : 0.8429"
"4,88 : 0.7325"
"88,4 : 0.7325"
"4,89 : 0.8902"
"89,4 : 0.8902"
"4,90 : 0.758"
"90,4 : 0.758"
"4,91 : 0.2786"
"91,4 : 0.2786"
"4,92 : 0.3007"
"92,4 : 0.3007"
"4,93 : 0.6707"
"93,4 : 0.6707"
"4,94 : 0.164"
"94,4 : 0.164"
"4,95 : 0.717"
"95,4 : 0.717"
"4,96 : 0.4662"
"96,4 : 0.4662"
"4,97 : 0.4072"
"97,4 : 0.4072"
"4,98 : 0.6903"
"98,4 : 0.6903"
"4,99 : 0.1513"
"99,4 : 0.1513"
"5,6 : 0.51"
"6,5 : 0.51"
"5,7 : 0.7852"
"7,5 : 0.7852"
"5,8 : 0.7084"
"8,5 : 0.7084"
"5,9 : 0.1844"
"9,5 : 0.1844"
"5,10 : 0.441"
"10,5 : 0.441"
"5,11 : 0.5632"
"11,5 : 0.5632"
"5,12 : 0.5886"
"12,5 : 0.5886"
"5,13 : 0.6507"
"13,5 : 0.6507"
"5,14 : 0.3437"
"14,5 : 0.3437"
"5,15 : 0.2631"
"15,5 : 0.2631"
"5,16 : 0.2773"
"16,5 : 0.2773"
"5,17 : 0.5665"
"17,5 : 0.5665"
"5,18 : 0.4357"
"18,5 : 0.4357"
"5,19 : 0.4148"
"19,5 : 0.4148"
"5,20 : 0.436"
"20,5 : 0.436"
"5,21 : 0.4534"
"21,5 : 0.4534"
"5,22 : 0.428"
"22,5 : 0.428"
"5,23 : 0.5155"
"23,5 : 0.5155"
"5,24 : 0.5566"
"24,5 : 0.5566"
"5,25 : 0.5814"
"25,5 : 0.5814"
"5,26 : 0.1044"
"26,5 : 0.1044"
"5,27 : 0.4494"
"27,5 : 0.4494"
"5,28 : 0.5412"
"28,5 : 0.5412"
"5,29 : 0.253"
"29,5 : 0.253"
"5,30 : 0.7354"
"30,5 : 0.7354"
"5,31 : 0.4111"
"31,5 : 0.4111"
"5,32 : 0.0806"
"32,5 : 0.0806"
"5,33 : 0.45"
"33,5 : 0.45"
"5,34 : 0.441"
"34,5 : 0.441"
"5,35 : 0.3298"
"35,5 : 0.3298"
"5,36 : 0.1921"
"36,5 : 0.1921"
"5,37 : 0.4123"
"37,5 : 0.4123"
"5,38 : 0.5831"
"38,5 : 0.5831"
"5,39 : 0.3523"
"39,5 : 0.3523"
"5,40 : 0.4617"
"40,5 : 0.4617"
"5,41 : 0.2941"
"41,5 : 0.2941"
"5,42 : 0.4031"
"42,5 : 0.4031"
"5,43 : 0.2247"
"43,5 : 0.2247"
"5,44 : 0.6061"
"44,5 : 0.6061"
"5,45 : 0.2594"
"45,5 : 0.2594"
"5,46 : 0.102"
"46,5 : 0.102"
"5,47 : 0.153"
"47,5 : 0.153"
"5,48 : 0.2263"
"48,5 : 0.2263"
"5,49 : 0.26"
"49,5 : 0.26"
"5,50 : 0.1811"
"50,5 : 0.1811"
"5,51 : 0.436"
"51,5 : 0.436"
"5,52 : 0.1789"
"52,5 : 0.1789"
"5,53 : 0.3606"
"53,5 : 0.3606"
"5,54 : 0.4639"
"54,5 : 0.4639"
"5,55 : 0.5869"
"55,5 : 0.5869"
"5,56 : 0.3089"
"56,5 : 0.3089"
"5,57 : 0.2309"
"57,5 : 0.2309"
"5,58 : 0.1063"
"58,5 : 0.1063"
"5,59 : 0.2625"
"59,5 : 0.2625"
"5,60 : 0.7926"
"60,5 : 0.7926"
"5,61 : 0.2691"
"61,5 : 0.2691"
"5,62 : 0.0361"
"62,5 : 0.0361"
"5,63 : 0.7742"
"63,5 : 0.7742"
"5,64 : 0.2195"
"64,5 : 0.2195"
"5,65 : 0.5135"
"65,5 : 0.5135"
"5,66 : 0.5547"
"66,5 : 0.5547"
"5,67 : 0.255"
"67,5 : 0.255"
"5,68 : 0.5304"
"68,5 : 0.5304"
"5,69 : 0.6723"
"69,5 : 0.6723"
"5,70 : 0.525"
"70,5 : 0.525"
"5,71 : 0.3036"
"71,5 : 0.3036"
"5,72 : 0.4219"
"72,5 : 0.4219"
"5,73 : 0.5523"
"73,5 : 0.5523"
"5,74 : 0.4415"
"74,5 : 0.4415"
"5,75 : 0.2022"
"75,5 : 0.2022"
"5,76 : 0.4667"
"76,5 : 0.4667"
"5,77 : 0.377"
"77,5 : 0.377"
"5,78 : 0.4808"
"78,5 : 0.4808"
"5,79 : 0.4219"
"79,5 : 0.4219"
"5,80 : 0.4342"
"80,5 : 0.4342"
"5,81 : 0.3041"
"81,5 : 0.3041"
"5,82 : 0.2702"
"82,5 : 0.2702"
"5,83 : 0.197"
"83,5 : 0.197"
"5,84 : 0.3536"
"84,5 : 0.3536"
"5,85 : 0.4888"
"85,5 : 0.4888"
"5,86 : 0.3106"
"86,5 : 0.3106"
"5,87 : 0.7921"
"87,5 : 0.7921"
"5,88 : 0.7932"
"88,5 : 0.7932"
"5,89 : 0.3561"
"89,5 : 0.3561"
"5,90 : 0.3905"
"90,5 : 0.3905"
"5,91 : 0.4305"
"91,5 : 0.4305"
"5,92 : 0.461"
"92,5 : 0.461"
"5,93 : 0.6021"
"93,5 : 0.6021"
"5,94 : 0.5093"
"94,5 : 0.5093"
"5,95 : 0.2807"
"95,5 : 0.2807"
"5,96 : 0.6791"
"96,5 : 0.6791"
"5,97 : 0.6576"
"97,5 : 0.6576"
"5,98 : 0.2746"
"98,5 : 0.2746"
"5,99 : 0.5142"
"99,5 : 0.5142"
"6,7 : 0.815"
"7,6 : 0.815"
"6,8 : 0.7145"
"8,6 : 0.7145"
"6,9 : 0.4144"
"9,6 : 0.4144"
"6,10 : 0.8323"
"10,6 : 0.8323"
"6,11 : 0.8322"
"11,6 : 0.8322"
"6,12 : 0.364"
"12,6 : 0.364"
"6,13 : 0.29"
"13,6 : 0.29"
"6,14 : 0.7046"
"14,6 : 0.7046"
"6,15 : 0.6466"
"15,6 : 0.6466"
"6,16 : 0.7871"
"16,6 : 0.7871"
"6,17 : 0.0894"
"17,6 : 0.0894"
"6,18 : 0.8481"
"18,6 : 0.8481"
"6,19 : 0.7247"
"19,6 : 0.7247"
"6,20 : 0.102"
"20,6 : 0.102"
"6,21 : 0.5511"
"21,6 : 0.5511"
"6,22 : 0.9168"
"22,6 : 0.9168"
"6,23 : 0.0894"
"23,6 : 0.0894"
"6,24 : 0.1063"
"24,6 : 0.1063"
"6,25 : 0.3087"
"25,6 : 0.3087"
"6,26 : 0.4082"
"26,6 : 0.4082"
"6,27 : 0.4851"
"27,6 : 0.4851"
"6,28 : 0.114"
"28,6 : 0.114"
"6,29 : 0.264"
"29,6 : 0.264"
"6,30 : 0.7632"
"30,6 : 0.7632"
"6,31 : 0.7066"
"31,6 : 0.7066"
"6,32 : 0.4438"
"32,6 : 0.4438"
"6,33 : 0.7299"
"33,6 : 0.7299"
"6,34 : 0.08"
"34,6 : 0.08"
"6,35 : 0.771"
"35,6 : 0.771"
"6,36 : 0.6907"
"36,6 : 0.6907"
"6,37 : 0.6845"
"37,6 : 0.6845"
"6,38 : 0.5423"
"38,6 : 0.5423"
"6,39 : 0.5022"
"39,6 : 0.5022"
"6,40 : 0.3801"
"40,6 : 0.3801"
"6,41 : 0.6935"
"41,6 : 0.6935"
"6,42 : 0.8627"
"42,6 : 0.8627"
"6,43 : 0.4441"
"43,6 : 0.4441"
"6,44 : 0.1334"
"44,6 : 0.1334"
"6,45 : 0.5743"
"45,6 : 0.5743"
"6,46 : 0.5482"
"46,6 : 0.5482"
"6,47 : 0.4295"
"47,6 : 0.4295"
"6,48 : 0.3008"
"48,6 : 0.3008"
"6,49 : 0.2524"
"49,6 : 0.2524"
"6,50 : 0.3483"
"50,6 : 0.3483"
"6,51 : 0.9231"
"51,6 : 0.9231"
"6,52 : 0.6306"
"52,6 : 0.6306"
"6,53 : 0.7382"
"53,6 : 0.7382"
"6,54 : 0.8661"
"54,6 : 0.8661"
"6,55 : 0.6612"
"55,6 : 0.6612"
"6,56 : 0.7875"
"56,6 : 0.7875"
"6,57 : 0.637"
"57,6 : 0.637"
"6,58 : 0.5441"
"58,6 : 0.5441"
"6,59 : 0.614"
"59,6 : 0.614"
"6,60 : 0.283"
"60,6 : 0.283"
"6,61 : 0.7684"
"61,6 : 0.7684"
"6,62 : 0.5148"
"62,6 : 0.5148"
"6,63 : 0.7131"
"63,6 : 0.7131"
"6,64 : 0.5482"
"64,6 : 0.5482"
"6,65 : 0.1897"
"65,6 : 0.1897"
"6,66 : 1.0183"
"66,6 : 1.0183"
"6,67 : 0.5801"
"67,6 : 0.5801"
"6,68 : 0.8819"
"68,6 : 0.8819"
"6,69 : 0.8273"
"69,6 : 0.8273"
"6,70 : 0.959"
"70,6 : 0.959"
"6,71 : 0.6407"
"71,6 : 0.6407"
"6,72 : 0.6426"
"72,6 : 0.6426"
"6,73 : 0.136"
"73,6 : 0.136"
"6,74 : 0.8668"
"74,6 : 0.8668"
"6,75 : 0.4219"
"75,6 : 0.4219"
"6,76 : 0.5825"
"76,6 : 0.5825"
"6,77 : 0.6665"
"77,6 : 0.6665"
"6,78 : 0.7656"
"78,6 : 0.7656"
"6,79 : 0.2816"
"79,6 : 0.2816"
"6,80 : 0.4554"
"80,6 : 0.4554"
"6,81 : 0.6603"
"81,6 : 0.6603"
"6,82 : 0.6736"
"82,6 : 0.6736"
"6,83 : 0.7066"
"83,6 : 0.7066"
"6,84 : 0.2002"
"84,6 : 0.2002"
"6,85 : 0.9621"
"85,6 : 0.9621"
"6,86 : 0.7965"
"86,6 : 0.7965"
"6,87 : 0.8161"
"87,6 : 0.8161"
"6,88 : 0.7117"
"88,6 : 0.7117"
"6,89 : 0.8481"
"89,6 : 0.8481"
"6,90 : 0.7169"
"90,6 : 0.7169"
"6,91 : 0.2642"
"91,6 : 0.2642"
"6,92 : 0.2702"
"92,6 : 0.2702"
"6,93 : 0.64"
"93,6 : 0.64"
"6,94 : 0.164"
"94,6 : 0.164"
"6,95 : 0.6748"
"95,6 : 0.6748"
"6,96 : 0.4518"
"96,6 : 0.4518"
"6,97 : 0.3945"
"97,6 : 0.3945"
"6,98 : 0.6482"
"98,6 : 0.6482"
"6,99 : 0.13"
"99,6 : 0.13"
"7,8 : 0.1005"
"8,7 : 0.1005"
"7,9 : 0.9014"
"9,7 : 0.9014"
"7,10 : 0.5846"
"10,7 : 0.5846"
"7,11 : 0.3812"
"11,7 : 0.3812"
"7,12 : 0.4717"
"12,7 : 0.4717"
"7,13 : 0.61"
"13,7 : 0.61"
"7,14 : 0.5413"
"14,7 : 0.5413"
"7,15 : 0.5883"
"15,7 : 0.5883"
"7,16 : 0.9092"
"16,7 : 0.9092"
"7,17 : 0.7701"
"17,7 : 0.7701"
"7,18 : 0.6259"
"18,7 : 0.6259"
"7,19 : 0.4624"
"19,7 : 0.4624"
"7,20 : 0.8515"
"20,7 : 0.8515"
"7,21 : 0.336"
"21,7 : 0.336"
"7,22 : 0.8324"
"22,7 : 0.8324"
"7,23 : 0.7317"
"23,7 : 0.7317"
"7,24 : 0.7401"
"24,7 : 0.7401"
"7,25 : 0.5315"
"25,7 : 0.5315"
"7,26 : 0.744"
"26,7 : 0.744"
"7,27 : 0.3667"
"27,7 : 0.3667"
"7,28 : 0.7203"
"28,7 : 0.7203"
"7,29 : 0.7159"
"29,7 : 0.7159"
"7,30 : 0.0539"
"30,7 : 0.0539"
"7,31 : 0.4478"
"31,7 : 0.4478"
"7,32 : 0.8122"
"32,7 : 0.8122"
"7,33 : 1.2333"
"33,7 : 1.2333"
"7,34 : 0.8276"
"34,7 : 0.8276"
"7,35 : 0.6685"
"35,7 : 0.6685"
"7,36 : 0.7823"
"36,7 : 0.7823"
"7,37 : 0.4249"
"37,7 : 0.4249"
"7,38 : 0.2729"
"38,7 : 0.2729"
"7,39 : 1.0876"
"39,7 : 1.0876"
"7,40 : 0.4415"
"40,7 : 0.4415"
"7,41 : 1.0752"
"41,7 : 1.0752"
"7,42 : 0.728"
"42,7 : 0.728"
"7,43 : 0.5701"
"43,7 : 0.5701"
"7,44 : 0.9419"
"44,7 : 0.9419"
"7,45 : 0.5404"
"45,7 : 0.5404"
"7,46 : 0.7009"
"46,7 : 0.7009"
"7,47 : 0.8823"
"47,7 : 0.8823"
"7,48 : 0.823"
"48,7 : 0.823"
"7,49 : 0.7341"
"49,7 : 0.7341"
"7,50 : 0.6912"
"50,7 : 0.6912"
"7,51 : 0.8297"
"51,7 : 0.8297"
"7,52 : 0.9552"
"52,7 : 0.9552"
"7,53 : 0.5608"
"53,7 : 0.5608"
"7,54 : 0.61"
"54,7 : 0.61"
"7,55 : 0.1985"
"55,7 : 0.1985"
"7,56 : 0.7524"
"56,7 : 0.7524"
"7,57 : 0.6213"
"57,7 : 0.6213"
"7,58 : 0.8914"
"58,7 : 0.8914"
"7,59 : 0.5604"
"59,7 : 0.5604"
"7,60 : 0.9716"
"60,7 : 0.9716"
"7,61 : 0.8095"
"61,7 : 0.8095"
"7,62 : 0.8207"
"62,7 : 0.8207"
"7,63 : 0.15"
"63,7 : 0.15"
"7,64 : 0.5738"
"64,7 : 0.5738"
"7,65 : 0.6307"
"65,7 : 0.6307"
"7,66 : 0.804"
"66,7 : 0.804"
"7,67 : 0.5482"
"67,7 : 0.5482"
"7,68 : 0.5215"
"68,7 : 0.5215"
"7,69 : 0.2002"
"69,7 : 0.2002"
"7,70 : 0.7035"
"70,7 : 0.7035"
"7,71 : 0.53"
"71,7 : 0.53"
"7,72 : 0.3828"
"72,7 : 0.3828"
"7,73 : 0.9489"
"73,7 : 0.9489"
"7,74 : 0.6551"
"74,7 : 0.6551"
"7,75 : 0.9236"
"75,7 : 0.9236"
"7,76 : 0.3189"
"76,7 : 0.3189"
"7,77 : 0.4565"
"77,7 : 0.4565"
"7,78 : 0.4148"
"78,7 : 0.4148"
"7,79 : 0.5434"
"79,7 : 0.5434"
"7,80 : 0.394"
"80,7 : 0.394"
"7,81 : 1.0893"
"81,7 : 1.0893"
"7,82 : 0.609"
"82,7 : 0.609"
"7,83 : 0.8709"
"83,7 : 0.8709"
"7,84 : 0.8698"
"84,7 : 0.8698"
"7,85 : 0.8041"
"85,7 : 0.8041"
"7,86 : 0.7747"
"86,7 : 0.7747"
"7,87 : 0.01"
"87,7 : 0.01"
"7,88 : 0.1769"
"88,7 : 0.1769"
"7,89 : 0.8134"
"89,7 : 0.8134"
"7,90 : 0.4885"
"90,7 : 0.4885"
"7,91 : 0.993"
"91,7 : 0.993"
"7,92 : 0.5459"
"92,7 : 0.5459"
"7,93 : 0.1924"
"93,7 : 0.1924"
"7,94 : 0.959"
"94,7 : 0.959"
"7,95 : 0.5954"
"95,7 : 0.5954"
"7,96 : 0.4272"
"96,7 : 0.4272"
"7,97 : 0.4827"
"97,7 : 0.4827"
"7,98 : 0.5745"
"98,7 : 0.5745"
"7,99 : 0.6912"
"99,7 : 0.6912"
"8,9 : 0.814"
"9,8 : 0.814"
"8,10 : 0.5608"
"10,8 : 0.5608"
"8,11 : 0.3766"
"11,8 : 0.3766"
"8,12 : 0.3734"
"12,8 : 0.3734"
"8,13 : 0.5142"
"13,8 : 0.5142"
"8,14 : 0.4973"
"14,8 : 0.4973"
"8,15 : 0.5331"
"15,8 : 0.5331"
"8,16 : 0.8549"
"16,8 : 0.8549"
"8,17 : 0.67"
"17,8 : 0.67"
"8,18 : 0.6013"
"18,8 : 0.6013"
"8,19 : 0.4258"
"19,8 : 0.4258"
"8,20 : 0.7519"
"20,8 : 0.7519"
"8,21 : 0.255"
"21,8 : 0.255"
"8,22 : 0.8006"
"22,8 : 0.8006"
"8,23 : 0.6313"
"23,8 : 0.6313"
"8,24 : 0.64"
"24,8 : 0.64"
"8,25 : 0.4329"
"25,8 : 0.4329"
"8,26 : 0.6595"
"26,8 : 0.6595"
"8,27 : 0.2746"
"27,8 : 0.2746"
"8,28 : 0.6201"
"28,8 : 0.6201"
"8,29 : 0.6218"
"29,8 : 0.6218"
"8,30 : 0.051"
"30,8 : 0.051"
"8,31 : 0.4079"
"31,8 : 0.4079"
"8,32 : 0.7292"
"32,8 : 0.7292"
"8,33 : 1.1528"
"33,8 : 1.1528"
"8,34 : 0.7278"
"34,8 : 0.7278"
"8,35 : 0.6282"
"35,8 : 0.6282"
"8,36 : 0.7245"
"36,8 : 0.7245"
"8,37 : 0.3808"
"37,8 : 0.3808"
"8,38 : 0.1726"
"38,8 : 0.1726"
"8,39 : 0.9986"
"39,8 : 0.9986"
"8,40 : 0.3421"
"40,8 : 0.3421"
"8,41 : 1.0012"
"41,8 : 1.0012"
"8,42 : 0.6972"
"42,8 : 0.6972"
"8,43 : 0.488"
"43,8 : 0.488"
"8,44 : 0.8415"
"44,8 : 0.8415"
"8,45 : 0.4751"
"45,8 : 0.4751"
"8,46 : 0.6301"
"46,8 : 0.6301"
"8,47 : 0.7965"
"47,8 : 0.7965"
"8,48 : 0.7306"
"48,8 : 0.7306"
"8,49 : 0.6395"
"49,8 : 0.6395"
"8,50 : 0.6022"
"50,8 : 0.6022"
"8,51 : 0.7991"
"51,8 : 0.7991"
"8,52 : 0.8824"
"52,8 : 0.8824"
"8,53 : 0.5217"
"53,8 : 0.5217"
"8,54 : 0.5901"
"54,8 : 0.5901"
"8,55 : 0.13"
"55,8 : 0.13"
"8,56 : 0.7088"
"56,8 : 0.7088"
"8,57 : 0.5636"
"57,8 : 0.5636"
"8,58 : 0.8139"
"58,8 : 0.8139"
"8,59 : 0.5009"
"59,8 : 0.5009"
"8,60 : 0.8748"
"60,8 : 0.8748"
"8,61 : 0.7596"
"61,8 : 0.7596"
"8,62 : 0.7433"
"62,8 : 0.7433"
"8,63 : 0.102"
"63,8 : 0.102"
"8,64 : 0.5048"
"64,8 : 0.5048"
"8,65 : 0.5304"
"65,8 : 0.5304"
"8,66 : 0.7903"
"66,8 : 0.7903"
"8,67 : 0.4837"
"67,8 : 0.4837"
"8,68 : 0.5135"
"68,8 : 0.5135"
"8,69 : 0.2195"
"69,8 : 0.2195"
"8,70 : 0.6907"
"70,8 : 0.6907"
"8,71 : 0.4754"
"71,8 : 0.4754"
"8,72 : 0.3289"
"72,8 : 0.3289"
"8,73 : 0.8485"
"73,8 : 0.8485"
"8,74 : 0.6313"
"74,8 : 0.6313"
"8,75 : 0.836"
"75,8 : 0.836"
"8,76 : 0.2441"
"76,8 : 0.2441"
"8,77 : 0.408"
"77,8 : 0.408"
"8,78 : 0.3901"
"78,8 : 0.3901"
"8,79 : 0.4438"
"79,8 : 0.4438"
"8,80 : 0.3002"
"80,8 : 0.3002"
"8,81 : 1.0118"
"81,8 : 1.0118"
"8,82 : 0.5571"
"82,8 : 0.5571"
"8,83 : 0.8101"
"83,8 : 0.8101"
"8,84 : 0.7725"
"84,8 : 0.7725"
"8,85 : 0.7816"
"85,8 : 0.7816"
"8,86 : 0.7308"
"86,8 : 0.7308"
"8,87 : 0.102"
"87,8 : 0.102"
"8,88 : 0.1334"
"88,8 : 0.1334"
"8,89 : 0.7737"
"89,8 : 0.7737"
"8,90 : 0.4491"
"90,8 : 0.4491"
"8,91 : 0.8954"
"91,8 : 0.8954"
"8,92 : 0.4455"
"92,8 : 0.4455"
"8,93 : 0.1063"
"93,8 : 0.1063"
"8,94 : 0.8591"
"94,8 : 0.8591"
"8,95 : 0.5442"
"95,8 : 0.5442"
"8,96 : 0.3362"
"96,8 : 0.3362"
"8,97 : 0.389"
"97,8 : 0.389"
"8,98 : 0.52"
"98,8 : 0.52"
"8,99 : 0.5908"
"99,8 : 0.5908"
"9,10 : 0.6239"
"10,9 : 0.6239"
"9,11 : 0.7299"
"11,9 : 0.7299"
"9,12 : 0.6083"
"12,9 : 0.6083"
"9,13 : 0.6282"
"13,9 : 0.6282"
"9,14 : 0.5201"
"14,9 : 0.5201"
"9,15 : 0.44"
"15,9 : 0.44"
"9,16 : 0.4173"
"16,9 : 0.4173"
"9,17 : 0.4904"
"17,9 : 0.4904"
"9,18 : 0.6198"
"18,9 : 0.6198"
"9,19 : 0.5842"
"19,9 : 0.5842"
"9,20 : 0.3202"
"20,9 : 0.3202"
"9,21 : 0.566"
"21,9 : 0.566"
"9,22 : 0.6003"
"22,9 : 0.6003"
"9,23 : 0.4504"
"23,9 : 0.4504"
"9,24 : 0.4901"
"24,9 : 0.4901"
"9,25 : 0.5831"
"25,9 : 0.5831"
"9,26 : 0.1616"
"26,9 : 0.1616"
"9,27 : 0.5404"
"27,9 : 0.5404"
"9,28 : 0.4809"
"28,9 : 0.4809"
"9,29 : 0.2236"
"29,9 : 0.2236"
"9,30 : 0.8488"
"30,9 : 0.8488"
"9,31 : 0.5771"
"31,9 : 0.5771"
"9,32 : 0.11"
"32,9 : 0.11"
"9,33 : 0.3585"
"33,9 : 0.3585"
"9,34 : 0.3354"
"34,9 : 0.3354"
"9,35 : 0.5142"
"35,9 : 0.5142"
"9,36 : 0.3667"
"36,9 : 0.3667"
"9,37 : 0.5727"
"37,9 : 0.5727"
"9,38 : 0.6648"
"38,9 : 0.6648"
"9,39 : 0.1879"
"39,9 : 0.1879"
"9,40 : 0.5122"
"40,9 : 0.5122"
"9,41 : 0.2802"
"41,9 : 0.2802"
"9,42 : 0.5852"
"42,9 : 0.5852"
"9,43 : 0.3354"
"43,9 : 0.3354"
"9,44 : 0.4793"
"44,9 : 0.4793"
"9,45 : 0.4177"
"45,9 : 0.4177"
"9,46 : 0.2807"
"46,9 : 0.2807"
"9,47 : 0.0316"
"47,9 : 0.0316"
"9,48 : 0.1217"
"48,9 : 0.1217"
"9,49 : 0.2154"
"49,9 : 0.2154"
"9,50 : 0.2126"
"50,9 : 0.2126"
"9,51 : 0.609"
"51,9 : 0.609"
"9,52 : 0.2236"
"52,9 : 0.2236"
"9,53 : 0.5404"
"53,9 : 0.5404"
"9,54 : 0.6478"
"54,9 : 0.6478"
"9,55 : 0.7049"
"55,9 : 0.7049"
"9,56 : 0.4885"
"56,9 : 0.4885"
"9,57 : 0.4105"
"57,9 : 0.4105"
"9,58 : 0.1487"
"58,9 : 0.1487"
"9,59 : 0.4319"
"59,9 : 0.4319"
"9,60 : 0.6831"
"60,9 : 0.6831"
"9,61 : 0.4391"
"61,9 : 0.4391"
"9,62 : 0.1616"
"62,9 : 0.1616"
"9,63 : 0.8631"
"63,9 : 0.8631"
"9,64 : 0.3766"
"64,9 : 0.3766"
"9,65 : 0.4851"
"65,9 : 0.4851"
"9,66 : 0.7341"
"66,9 : 0.7341"
"9,67 : 0.4159"
"67,9 : 0.4159"
"9,68 : 0.7103"
"68,9 : 0.7103"
"9,69 : 0.8171"
"69,9 : 0.8171"
"9,70 : 0.7088"
"70,9 : 0.7088"
"9,71 : 0.4727"
"71,9 : 0.4727"
"9,72 : 0.5692"
"72,9 : 0.5692"
"9,73 : 0.4159"
"73,9 : 0.4159"
"9,74 : 0.6259"
"74,9 : 0.6259"
"9,75 : 0.0224"
"75,9 : 0.0224"
"9,76 : 0.5867"
"76,9 : 0.5867"
"9,77 : 0.5394"
"77,9 : 0.5394"
"9,78 : 0.6478"
"78,9 : 0.6478"
"9,79 : 0.4391"
"79,9 : 0.4391"
"9,80 : 0.5174"
"80,9 : 0.5174"
"9,81 : 0.2532"
"81,9 : 0.2532"
"9,82 : 0.451"
"82,9 : 0.451"
"9,83 : 0.3406"
"83,9 : 0.3406"
"9,84 : 0.2214"
"84,9 : 0.2214"
"9,85 : 0.6664"
"85,9 : 0.6664"
"9,86 : 0.4875"
"86,9 : 0.4875"
"9,87 : 0.907"
"87,9 : 0.907"
"9,88 : 0.8768"
"88,9 : 0.8768"
"9,89 : 0.5284"
"89,9 : 0.5284"
"9,90 : 0.5622"
"90,9 : 0.5622"
"9,91 : 0.2617"
"91,9 : 0.2617"
"9,92 : 0.4696"
"92,9 : 0.4696"
"9,93 : 0.7103"
"93,9 : 0.7103"
"9,94 : 0.3636"
"94,9 : 0.3636"
"9,95 : 0.4604"
"95,9 : 0.4604"
"9,96 : 0.7071"
"96,9 : 0.7071"
"9,97 : 0.6712"
"97,9 : 0.6712"
"9,98 : 0.4501"
"98,9 : 0.4501"
"9,99 : 0.4639"
"99,9 : 0.4639"
"10,11 : 0.2147"
"11,10 : 0.2147"
"10,12 : 0.6984"
"12,10 : 0.6984"
"10,13 : 0.8266"
"13,10 : 0.8266"
"10,14 : 0.1281"
"14,10 : 0.1281"
"10,15 : 0.1931"
"15,10 : 0.1931"
"10,16 : 0.3883"
"16,10 : 0.3883"
"10,17 : 0.8504"
"17,10 : 0.8504"
"10,18 : 0.0412"
"18,10 : 0.0412"
"10,19 : 0.1456"
"19,10 : 0.1456"
"10,20 : 0.7965"
"20,10 : 0.7965"
"10,21 : 0.3956"
"21,10 : 0.3956"
"10,22 : 0.2508"
"22,10 : 0.2508"
"10,23 : 0.794"
"23,10 : 0.794"
"10,24 : 0.8281"
"24,10 : 0.8281"
"10,25 : 0.7295"
"25,10 : 0.7295"
"10,26 : 0.4876"
"26,10 : 0.4876"
"10,27 : 0.4562"
"27,10 : 0.4562"
"10,28 : 0.8066"
"28,10 : 0.8066"
"10,29 : 0.5859"
"29,10 : 0.5859"
"10,30 : 0.5558"
"30,10 : 0.5558"
"10,31 : 0.1676"
"31,10 : 0.1676"
"10,32 : 0.5148"
"32,10 : 0.5148"
"10,33 : 0.8352"
"33,10 : 0.8352"
"10,34 : 0.7889"
"34,10 : 0.7889"
"10,35 : 0.13"
"35,10 : 0.13"
"10,36 : 0.3036"
"36,10 : 0.3036"
"10,37 : 0.1992"
"37,10 : 0.1992"
"10,38 : 0.5482"
"38,10 : 0.5482"
"10,39 : 0.7901"
"39,10 : 0.7901"
"10,40 : 0.5576"
"40,10 : 0.5576"
"10,41 : 0.6451"
"41,10 : 0.6451"
"10,42 : 0.1476"
"42,10 : 0.1476"
"10,43 : 0.3883"
"43,10 : 0.3883"
"10,44 : 0.9572"
"44,10 : 0.9572"
"10,45 : 0.2581"
"45,10 : 0.2581"
"10,46 : 0.3437"
"46,10 : 0.3437"
"10,47 : 0.593"
"47,10 : 0.593"
"10,48 : 0.6294"
"48,10 : 0.6294"
"10,49 : 0.6037"
"49,10 : 0.6037"
"10,50 : 0.5057"
"50,10 : 0.5057"
"10,51 : 0.247"
"51,10 : 0.247"
"10,52 : 0.536"
"52,10 : 0.536"
"10,53 : 0.0943"
"53,10 : 0.0943"
"10,54 : 0.0361"
"54,10 : 0.0361"
"10,55 : 0.4405"
"55,10 : 0.4405"
"10,56 : 0.2081"
"56,10 : 0.2081"
"10,57 : 0.2159"
"57,10 : 0.2159"
"10,58 : 0.5215"
"58,10 : 0.5215"
"10,59 : 0.2195"
"59,10 : 0.2195"
"10,60 : 1.0988"
"60,10 : 1.0988"
"10,61 : 0.283"
"61,10 : 0.283"
"10,62 : 0.4701"
"62,10 : 0.4701"
"10,63 : 0.6601"
"63,10 : 0.6601"
"10,64 : 0.2865"
"64,10 : 0.2865"
"10,65 : 0.7359"
"65,10 : 0.7359"
"10,66 : 0.2354"
"66,10 : 0.2354"
"10,67 : 0.2524"
"67,10 : 0.2524"
"10,68 : 0.103"
"68,10 : 0.103"
"10,69 : 0.3956"
"69,10 : 0.3956"
"10,70 : 0.1432"
"70,10 : 0.1432"
"10,71 : 0.1921"
"71,10 : 0.1921"
"10,72 : 0.2625"
"72,10 : 0.2625"
"10,73 : 0.9218"
"73,10 : 0.9218"
"10,74 : 0.0707"
"74,10 : 0.0707"
"10,75 : 0.6428"
"75,10 : 0.6428"
"10,76 : 0.3764"
"76,10 : 0.3764"
"10,77 : 0.1924"
"77,10 : 0.1924"
"10,78 : 0.1712"
"78,10 : 0.1712"
"10,79 : 0.6021"
"79,10 : 0.6021"
"10,80 : 0.4701"
"80,10 : 0.4701"
"10,81 : 0.6841"
"81,10 : 0.6841"
"10,82 : 0.1746"
"82,10 : 0.1746"
"10,83 : 0.39"
"83,10 : 0.39"
"10,84 : 0.7446"
"84,10 : 0.7446"
"10,85 : 0.2209"
"85,10 : 0.2209"
"10,86 : 0.228"
"86,10 : 0.228"
"10,87 : 0.5944"
"87,10 : 0.5944"
"10,88 : 0.69"
"88,10 : 0.69"
"10,89 : 0.2484"
"89,10 : 0.2484"
"10,90 : 0.1342"
"90,10 : 0.1342"
"10,91 : 0.8477"
"91,10 : 0.8477"
"10,92 : 0.6389"
"92,10 : 0.6389"
"10,93 : 0.4817"
"93,10 : 0.4817"
"10,94 : 0.8947"
"94,10 : 0.8947"
"10,95 : 0.1676"
"95,10 : 0.1676"
"10,96 : 0.7446"
"96,10 : 0.7446"
"10,97 : 0.7603"
"97,10 : 0.7603"
"10,98 : 0.1879"
"98,10 : 0.1879"
"10,99 : 0.771"
"99,10 : 0.771"
"11,12 : 0.6083"
"12,11 : 0.6083"
"11,13 : 0.7517"
"13,11 : 0.7517"
"11,14 : 0.2283"
"14,11 : 0.2283"
"11,15 : 0.3046"
"15,11 : 0.3046"
"11,16 : 0.5869"
"16,11 : 0.5869"
"11,17 : 0.8273"
"17,11 : 0.8273"
"11,18 : 0.255"
"18,11 : 0.255"
"11,19 : 0.1487"
"19,11 : 0.1487"
"11,20 : 0.8223"
"20,11 : 0.8223"
"11,21 : 0.3"
"21,11 : 0.3"
"11,22 : 0.4652"
"22,11 : 0.4652"
"11,23 : 0.7739"
"23,11 : 0.7739"
"11,24 : 0.8006"
"24,11 : 0.8006"
"11,25 : 0.653"
"25,11 : 0.653"
"11,26 : 0.5731"
"26,11 : 0.5731"
"11,27 : 0.372"
"27,11 : 0.372"
"11,28 : 0.7783"
"28,11 : 0.7783"
"11,29 : 0.6251"
"29,11 : 0.6251"
"11,30 : 0.3606"
"30,11 : 0.3606"
"11,31 : 0.153"
"31,11 : 0.153"
"11,32 : 0.6217"
"32,11 : 0.6217"
"11,33 : 0.9974"
"33,11 : 0.9974"
"11,34 : 0.8078"
"34,11 : 0.8078"
"11,35 : 0.3256"
"35,11 : 0.3256"
"11,36 : 0.4801"
"36,11 : 0.4801"
"11,37 : 0.16"
"37,11 : 0.16"
"11,38 : 0.4162"
"38,11 : 0.4162"
"11,39 : 0.9122"
"39,11 : 0.9122"
"11,40 : 0.4883"
"40,11 : 0.4883"
"11,41 : 0.8149"
"41,11 : 0.8149"
"11,42 : 0.3624"
"42,11 : 0.3624"
"11,43 : 0.4211"
"43,11 : 0.4211"
"11,44 : 0.9646"
"44,11 : 0.9646"
"11,45 : 0.3126"
"45,11 : 0.3126"
"11,46 : 0.4617"
"46,11 : 0.4617"
"11,47 : 0.7021"
"47,11 : 0.7021"
"11,48 : 0.7"
"48,11 : 0.7"
"11,49 : 0.645"
"49,11 : 0.645"
"11,50 : 0.5604"
"50,11 : 0.5604"
"11,51 : 0.461"
"51,11 : 0.461"
"11,52 : 0.6977"
"52,11 : 0.6977"
"11,53 : 0.228"
"53,11 : 0.228"
"11,54 : 0.2341"
"54,11 : 0.2341"
"11,55 : 0.2773"
"55,11 : 0.2773"
"11,56 : 0.4111"
"56,11 : 0.4111"
"11,57 : 0.3401"
"57,11 : 0.3401"
"11,58 : 0.6613"
"58,11 : 0.6613"
"11,59 : 0.3008"
"59,11 : 0.3008"
"11,60 : 1.0704"
"60,11 : 1.0704"
"11,61 : 0.4808"
"61,11 : 0.4808"
"11,62 : 0.5977"
"62,11 : 0.5977"
"11,63 : 0.4785"
"63,11 : 0.4785"
"11,64 : 0.3536"
"64,11 : 0.3536"
"11,65 : 0.6946"
"65,11 : 0.6946"
"11,66 : 0.423"
"66,11 : 0.423"
"11,67 : 0.314"
"67,11 : 0.314"
"11,68 : 0.1404"
"68,11 : 0.1404"
"11,69 : 0.1844"
"69,11 : 0.1844"
"11,70 : 0.3225"
"70,11 : 0.3225"
"11,71 : 0.2596"
"71,11 : 0.2596"
"11,72 : 0.1897"
"72,11 : 0.1897"
"11,73 : 0.9437"
"73,11 : 0.9437"
"11,74 : 0.2823"
"74,11 : 0.2823"
"11,75 : 0.7513"
"75,11 : 0.7513"
"11,76 : 0.2702"
"76,11 : 0.2702"
"11,77 : 0.191"
"77,11 : 0.191"
"11,78 : 0.0825"
"78,11 : 0.0825"
"11,79 : 0.5636"
"79,11 : 0.5636"
"11,80 : 0.3966"
"80,11 : 0.3966"
"11,81 : 0.8453"
"81,11 : 0.8453"
"11,82 : 0.3089"
"82,11 : 0.3089"
"11,83 : 0.572"
"83,11 : 0.572"
"11,84 : 0.7951"
"84,11 : 0.7951"
"11,85 : 0.4272"
"85,11 : 0.4272"
"11,86 : 0.4328"
"86,11 : 0.4328"
"11,87 : 0.3912"
"87,11 : 0.3912"
"11,88 : 0.5099"
"88,11 : 0.5099"
"11,89 : 0.4604"
"89,11 : 0.4604"
"11,90 : 0.1746"
"90,11 : 0.1746"
"11,91 : 0.912"
"91,11 : 0.912"
"11,92 : 0.5917"
"92,11 : 0.5917"
"11,93 : 0.322"
"93,11 : 0.322"
"11,94 : 0.9296"
"94,11 : 0.9296"
"11,95 : 0.2953"
"95,11 : 0.2953"
"11,96 : 0.628"
"96,11 : 0.628"
"11,97 : 0.6586"
"97,11 : 0.6586"
"11,98 : 0.2915"
"98,11 : 0.2915"
"11,99 : 0.7424"
"99,11 : 0.7424"
"12,13 : 0.1476"
"13,12 : 0.1476"
"12,14 : 0.5818"
"14,12 : 0.5818"
"12,15 : 0.5632"
"15,12 : 0.5632"
"12,16 : 0.8302"
"16,12 : 0.8302"
"12,17 : 0.3041"
"17,12 : 0.3041"
"12,18 : 0.729"
"18,12 : 0.729"
"12,19 : 0.5576"
"19,12 : 0.5576"
"12,20 : 0.4272"
"20,12 : 0.4272"
"12,21 : 0.3124"
"21,12 : 0.3124"
"12,22 : 0.8736"
"22,12 : 0.8736"
"12,23 : 0.2751"
"23,12 : 0.2751"
"12,24 : 0.2746"
"24,12 : 0.2746"
"12,25 : 0.06"
"25,12 : 0.06"
"12,26 : 0.4973"
"26,12 : 0.4973"
"12,27 : 0.2441"
"27,12 : 0.2441"
"12,28 : 0.2571"
"28,12 : 0.2571"
"12,29 : 0.3847"
"29,12 : 0.3847"
"12,30 : 0.4243"
"30,12 : 0.4243"
"12,31 : 0.5354"
"31,12 : 0.5354"
"12,32 : 0.5661"
"32,12 : 0.5661"
"12,33 : 0.9665"
"33,12 : 0.9665"
"12,34 : 0.3996"
"34,12 : 0.3996"
"12,35 : 0.6957"
"35,12 : 0.6957"
"12,36 : 0.7018"
"36,12 : 0.7018"
"12,37 : 0.5048"
"37,12 : 0.5048"
"12,38 : 0.2154"
"38,12 : 0.2154"
"12,39 : 0.7661"
"39,12 : 0.7661"
"12,40 : 0.1456"
"40,12 : 0.1456"
"12,41 : 0.8633"
"41,12 : 0.8633"
"12,42 : 0.7877"
"42,12 : 0.7877"
"12,43 : 0.3905"
"43,12 : 0.3905"
"12,44 : 0.4805"
"44,12 : 0.4805"
"12,45 : 0.478"
"45,12 : 0.478"
"12,46 : 0.56"
"46,12 : 0.56"
"12,47 : 0.6042"
"47,12 : 0.6042"
"12,48 : 0.494"
"48,12 : 0.494"
"12,49 : 0.3945"
"49,12 : 0.3945"
"12,50 : 0.4176"
"50,12 : 0.4176"
"12,51 : 0.8764"
"51,12 : 0.8764"
"12,52 : 0.7616"
"52,12 : 0.7616"
"12,53 : 0.6174"
"53,12 : 0.6174"
"12,54 : 0.7343"
"54,12 : 0.7343"
"12,55 : 0.3624"
"55,12 : 0.3624"
"12,56 : 0.7495"
"56,12 : 0.7495"
"12,57 : 0.5749"
"57,12 : 0.5749"
"12,58 : 0.6745"
"58,12 : 0.6745"
"12,59 : 0.522"
"59,12 : 0.522"
"12,60 : 0.5022"
"60,12 : 0.5022"
"12,61 : 0.7666"
"61,12 : 0.7666"
"12,62 : 0.6139"
"62,12 : 0.6139"
"12,63 : 0.3536"
"63,12 : 0.3536"
"12,64 : 0.4785"
"64,12 : 0.4785"
"12,65 : 0.1746"
"65,12 : 0.1746"
"12,66 : 0.9261"
"66,12 : 0.9261"
"12,67 : 0.4876"
"67,12 : 0.4876"
"12,68 : 0.706"
"68,12 : 0.706"
"12,69 : 0.5367"
"69,12 : 0.5367"
"12,70 : 0.8412"
"70,12 : 0.8412"
"12,71 : 0.5255"
"71,12 : 0.5255"
"12,72 : 0.4441"
"72,12 : 0.4441"
"12,73 : 0.4998"
"73,12 : 0.4998"
"12,74 : 0.7558"
"74,12 : 0.7558"
"12,75 : 0.6265"
"75,12 : 0.6265"
"12,76 : 0.3397"
"76,12 : 0.3397"
"12,77 : 0.5061"
"77,12 : 0.5061"
"12,78 : 0.5685"
"78,12 : 0.5685"
"12,79 : 0.1709"
"79,12 : 0.1709"
"12,80 : 0.2283"
"80,12 : 0.2283"
"12,81 : 0.8523"
"81,12 : 0.8523"
"12,82 : 0.5948"
"82,12 : 0.5948"
"12,83 : 0.7603"
"83,12 : 0.7603"
"12,84 : 0.481"
"84,12 : 0.481"
"12,85 : 0.8896"
"85,12 : 0.8896"
"12,86 : 0.7669"
"86,12 : 0.7669"
"12,87 : 0.471"
"87,12 : 0.471"
"12,88 : 0.3493"
"88,12 : 0.3493"
"12,89 : 0.82"
"89,12 : 0.82"
"12,90 : 0.5644"
"90,12 : 0.5644"
"12,91 : 0.592"
"91,12 : 0.592"
"12,92 : 0.1389"
"92,12 : 0.1389"
"12,93 : 0.327"
"93,12 : 0.327"
"12,94 : 0.5233"
"94,12 : 0.5233"
"12,95 : 0.5882"
"95,12 : 0.5882"
"12,96 : 0.1"
"96,12 : 0.1"
"12,97 : 0.07"
"97,12 : 0.07"
"12,98 : 0.5566"
"98,12 : 0.5566"
"12,99 : 0.2341"
"99,12 : 0.2341"
"13,14 : 0.7049"
"14,13 : 0.7049"
"13,15 : 0.6754"
"15,13 : 0.6754"
"13,16 : 0.9124"
"16,13 : 0.9124"
"13,17 : 0.2081"
"17,13 : 0.2081"
"13,18 : 0.8544"
"18,13 : 0.8544"
"13,19 : 0.6903"
"19,13 : 0.6903"
"13,20 : 0.378"
"20,13 : 0.378"
"13,21 : 0.4528"
"21,13 : 0.4528"
"13,22 : 0.9823"
"22,13 : 0.9823"
"13,23 : 0.2062"
"23,13 : 0.2062"
"13,24 : 0.1844"
"24,13 : 0.1844"
