x,y
0.41,0.5
0.44,0.33
0.98,0.17
0.4,0.14
0.21,0.44
0.78,0.9
0.13,0.51
1.0,0.73
0.32,0.53
0.16,0.85
0.79,0.64
0.19,0.06
0.66,0.07
0.69,0.48
0.76,0.26
0.58,0.41
0.51,0.13
0.24,0.34
0.73,0.59
0.02,0.61
0.97,0.53
0.27,0.31
0.76,0.18
0.87,0.01
0.33,0.32
0.01,0.19
0.39,0.9
0.75,0.69
0.74,0.43
0.54,0.64
0.25,0.44
0.18,0.48
0.26,0.9
0.98,0.62
0.23,0.67
0.97,0.66
0.52,0.92
0.3,0.81
0.44,0.2
0.63,0.46
0.47,0.55
0.25,0.14
0.98,0.92
0.61,0.95
0.99,0.22
0.9,0.12
0.53,0.29
0.52,0.05
0.19,0.95
0.75,0.91
0.27,0.81
0.58,0.15
0.79,0.54
0.27,0.0
0.75,0.2
0.47,0.51
0.84,0.13
0.6,0.19
0.61,0.8
0.73,0.43
0.47,0.24
0.53,0.07
0.42,0.67
0.32,0.55
0.7,0.32
0.63,0.91
0.41,0.14
0.61,0.36
0.43,0.21
0.84,0.56
0.47,0.12
0.19,0.59
0.74,1.0
0.6,0.56
0.43,0.53
0.6,0.08
0.64,0.96
0.92,0.8
0.18,0.28
0.0,0.47
0.83,0.25
0.31,0.14
0.24,0.39
0.03,0.5
0.78,0.04
0.47,0.12
0.28,0.3
0.55,0.62
0.76,0.54
0.39,0.12
0.15,0.22
0.66,0.71
0.05,0.24
0.21,0.33
0.39,0.94
0.22,0.24
1.0,0.07
0.84,0.23
0.13,0.39
0.09,0.45

Distanze
"0,1 : 0.1726"
"1,0 : 0.1726"
"0,2 : 0.6586"
"2,0 : 0.6586"
"0,3 : 0.3601"
"3,0 : 0.3601"
"0,4 : 0.2088"
"4,0 : 0.2088"
"0,5 : 0.5449"
"5,0 : 0.5449"
"0,6 : 0.2802"
"6,0 : 0.2802"
"0,7 : 0.6332"
"7,0 : 0.6332"
"0,8 : 0.0949"
"8,0 : 0.0949"
"0,9 : 0.4301"
"9,0 : 0.4301"
"0,10 : 0.405"
"10,0 : 0.405"
"0,11 : 0.4919"
"11,0 : 0.4919"
"0,12 : 0.4974"
"12,0 : 0.4974"
"0,13 : 0.2807"
"13,0 : 0.2807"
"0,14 : 0.4244"
"14,0 : 0.4244"
"0,15 : 0.1924"
"15,0 : 0.1924"
"0,16 : 0.3833"
"16,0 : 0.3833"
"0,17 : 0.2335"
"17,0 : 0.2335"
"0,18 : 0.3324"
"18,0 : 0.3324"
"0,19 : 0.4052"
"19,0 : 0.4052"
"0,20 : 0.5608"
"20,0 : 0.5608"
"0,21 : 0.236"
"21,0 : 0.236"
"0,22 : 0.4742"
"22,0 : 0.4742"
"0,23 : 0.6721"
"23,0 : 0.6721"
"0,24 : 0.197"
"24,0 : 0.197"
"0,25 : 0.5061"
"25,0 : 0.5061"
"0,26 : 0.4005"
"26,0 : 0.4005"
"0,27 : 0.3895"
"27,0 : 0.3895"
"0,28 : 0.3373"
"28,0 : 0.3373"
"0,29 : 0.191"
"29,0 : 0.191"
"0,30 : 0.1709"
"30,0 : 0.1709"
"0,31 : 0.2309"
"31,0 : 0.2309"
"0,32 : 0.4272"
"32,0 : 0.4272"
"0,33 : 0.5825"
"33,0 : 0.5825"
"0,34 : 0.2476"
"34,0 : 0.2476"
"0,35 : 0.5824"
"35,0 : 0.5824"
"0,36 : 0.4342"
"36,0 : 0.4342"
"0,37 : 0.3289"
"37,0 : 0.3289"
"0,38 : 0.3015"
"38,0 : 0.3015"
"0,39 : 0.2236"
"39,0 : 0.2236"
"0,40 : 0.0781"
"40,0 : 0.0781"
"0,41 : 0.394"
"41,0 : 0.394"
"0,42 : 0.708"
"42,0 : 0.708"
"0,43 : 0.4924"
"43,0 : 0.4924"
"0,44 : 0.644"
"44,0 : 0.644"
"0,45 : 0.6201"
"45,0 : 0.6201"
"0,46 : 0.2419"
"46,0 : 0.2419"
"0,47 : 0.4632"
"47,0 : 0.4632"
"0,48 : 0.5009"
"48,0 : 0.5009"
"0,49 : 0.5326"
"49,0 : 0.5326"
"0,50 : 0.3401"
"50,0 : 0.3401"
"0,51 : 0.3891"
"51,0 : 0.3891"
"0,52 : 0.3821"
"52,0 : 0.3821"
"0,53 : 0.5192"
"53,0 : 0.5192"
"0,54 : 0.4534"
"54,0 : 0.4534"
"0,55 : 0.0608"
"55,0 : 0.0608"
"0,56 : 0.5673"
"56,0 : 0.5673"
"0,57 : 0.3636"
"57,0 : 0.3636"
"0,58 : 0.3606"
"58,0 : 0.3606"
"0,59 : 0.3276"
"59,0 : 0.3276"
"0,60 : 0.2668"
"60,0 : 0.2668"
"0,61 : 0.4464"
"61,0 : 0.4464"
"0,62 : 0.1703"
"62,0 : 0.1703"
"0,63 : 0.103"
"63,0 : 0.103"
"0,64 : 0.3413"
"64,0 : 0.3413"
"0,65 : 0.4653"
"65,0 : 0.4653"
"0,66 : 0.36"
"66,0 : 0.36"
"0,67 : 0.2441"
"67,0 : 0.2441"
"0,68 : 0.2907"
"68,0 : 0.2907"
"0,69 : 0.4342"
"69,0 : 0.4342"
"0,70 : 0.3847"
"70,0 : 0.3847"
"0,71 : 0.2377"
"71,0 : 0.2377"
"0,72 : 0.5991"
"72,0 : 0.5991"
"0,73 : 0.1992"
"73,0 : 0.1992"
"0,74 : 0.0361"
"74,0 : 0.0361"
"0,75 : 0.461"
"75,0 : 0.461"
"0,76 : 0.5143"
"76,0 : 0.5143"
"0,77 : 0.5917"
"77,0 : 0.5917"
"0,78 : 0.3183"
"78,0 : 0.3183"
"0,79 : 0.4111"
"79,0 : 0.4111"
"0,80 : 0.4888"
"80,0 : 0.4888"
"0,81 : 0.3736"
"81,0 : 0.3736"
"0,82 : 0.2025"
"82,0 : 0.2025"
"0,83 : 0.38"
"83,0 : 0.38"
"0,84 : 0.5903"
"84,0 : 0.5903"
"0,85 : 0.3847"
"85,0 : 0.3847"
"0,86 : 0.2385"
"86,0 : 0.2385"
"0,87 : 0.1844"
"87,0 : 0.1844"
"0,88 : 0.3523"
"88,0 : 0.3523"
"0,89 : 0.3805"
"89,0 : 0.3805"
"0,90 : 0.3821"
"90,0 : 0.3821"
"0,91 : 0.3265"
"91,0 : 0.3265"
"0,92 : 0.4441"
"92,0 : 0.4441"
"0,93 : 0.2625"
"93,0 : 0.2625"
"0,94 : 0.4405"
"94,0 : 0.4405"
"0,95 : 0.322"
"95,0 : 0.322"
"0,96 : 0.7301"
"96,0 : 0.7301"
"0,97 : 0.5077"
"97,0 : 0.5077"
"0,98 : 0.3008"
"98,0 : 0.3008"
"0,99 : 0.3239"
"99,0 : 0.3239"
"1,2 : 0.5632"
"2,1 : 0.5632"
"1,3 : 0.1942"
"3,1 : 0.1942"
"1,4 : 0.255"
"4,1 : 0.255"
"1,5 : 0.6637"
"5,1 : 0.6637"
"1,6 : 0.3585"
"6,1 : 0.3585"
"1,7 : 0.6882"
"7,1 : 0.6882"
"1,8 : 0.2332"
"8,1 : 0.2332"
"1,9 : 0.5906"
"9,1 : 0.5906"
"1,10 : 0.4675"
"10,1 : 0.4675"
"1,11 : 0.368"
"11,1 : 0.368"
"1,12 : 0.3406"
"12,1 : 0.3406"
"1,13 : 0.2915"
"13,1 : 0.2915"
"1,14 : 0.3276"
"14,1 : 0.3276"
"1,15 : 0.1612"
"15,1 : 0.1612"
"1,16 : 0.2119"
"16,1 : 0.2119"
"1,17 : 0.2002"
"17,1 : 0.2002"
"1,18 : 0.3895"
"18,1 : 0.3895"
"1,19 : 0.5048"
"19,1 : 0.5048"
"1,20 : 0.5665"
"20,1 : 0.5665"
"1,21 : 0.1712"
"21,1 : 0.1712"
"1,22 : 0.3534"
"22,1 : 0.3534"
"1,23 : 0.536"
"23,1 : 0.536"
"1,24 : 0.1105"
"24,1 : 0.1105"
"1,25 : 0.4522"
"25,1 : 0.4522"
"1,26 : 0.5722"
"26,1 : 0.5722"
"1,27 : 0.4751"
"27,1 : 0.4751"
"1,28 : 0.3162"
"28,1 : 0.3162"
"1,29 : 0.3257"
"29,1 : 0.3257"
"1,30 : 0.2195"
"30,1 : 0.2195"
"1,31 : 0.3002"
"31,1 : 0.3002"
"1,32 : 0.5977"
"32,1 : 0.5977"
"1,33 : 0.6129"
"33,1 : 0.6129"
"1,34 : 0.3996"
"34,1 : 0.3996"
"1,35 : 0.6243"
"35,1 : 0.6243"
"1,36 : 0.5954"
"36,1 : 0.5954"
"1,37 : 0.5"
"37,1 : 0.5"
"1,38 : 0.13"
"38,1 : 0.13"
"1,39 : 0.2302"
"39,1 : 0.2302"
"1,40 : 0.222"
"40,1 : 0.222"
"1,41 : 0.2687"
"41,1 : 0.2687"
"1,42 : 0.7998"
"42,1 : 0.7998"
"1,43 : 0.6429"
"43,1 : 0.6429"
"1,44 : 0.5609"
"44,1 : 0.5609"
"1,45 : 0.5057"
"45,1 : 0.5057"
"1,46 : 0.0985"
"46,1 : 0.0985"
"1,47 : 0.2912"
"47,1 : 0.2912"
"1,48 : 0.6685"
"48,1 : 0.6685"
"1,49 : 0.6576"
"49,1 : 0.6576"
"1,50 : 0.5092"
"50,1 : 0.5092"
"1,51 : 0.228"
"51,1 : 0.228"
"1,52 : 0.4082"
"52,1 : 0.4082"
"1,53 : 0.3712"
"53,1 : 0.3712"
"1,54 : 0.3362"
"54,1 : 0.3362"
"1,55 : 0.1825"
"55,1 : 0.1825"
"1,56 : 0.4472"
"56,1 : 0.4472"
"1,57 : 0.2126"
"57,1 : 0.2126"
"1,58 : 0.4998"
"58,1 : 0.4998"
"1,59 : 0.3068"
"59,1 : 0.3068"
"1,60 : 0.0949"
"60,1 : 0.0949"
"1,61 : 0.2751"
"61,1 : 0.2751"
"1,62 : 0.3406"
"62,1 : 0.3406"
"1,63 : 0.2506"
"63,1 : 0.2506"
"1,64 : 0.2602"
"64,1 : 0.2602"
"1,65 : 0.6103"
"65,1 : 0.6103"
"1,66 : 0.1924"
"66,1 : 0.1924"
"1,67 : 0.1726"
"67,1 : 0.1726"
"1,68 : 0.1204"
"68,1 : 0.1204"
"1,69 : 0.4614"
"69,1 : 0.4614"
"1,70 : 0.2121"
"70,1 : 0.2121"
"1,71 : 0.3607"
"71,1 : 0.3607"
"1,72 : 0.7341"
"72,1 : 0.7341"
"1,73 : 0.2802"
"73,1 : 0.2802"
"1,74 : 0.2002"
"74,1 : 0.2002"
"1,75 : 0.2968"
"75,1 : 0.2968"
"1,76 : 0.661"
"76,1 : 0.661"
"1,77 : 0.6718"
"77,1 : 0.6718"
"1,78 : 0.2648"
"78,1 : 0.2648"
"1,79 : 0.4617"
"79,1 : 0.4617"
"1,80 : 0.3981"
"80,1 : 0.3981"
"1,81 : 0.2302"
"81,1 : 0.2302"
"1,82 : 0.2088"
"82,1 : 0.2088"
"1,83 : 0.4438"
"83,1 : 0.4438"
"1,84 : 0.4469"
"84,1 : 0.4469"
"1,85 : 0.2121"
"85,1 : 0.2121"
"1,86 : 0.1628"
"86,1 : 0.1628"
"1,87 : 0.3102"
"87,1 : 0.3102"
"1,88 : 0.3828"
"88,1 : 0.3828"
"1,89 : 0.2159"
"89,1 : 0.2159"
"1,90 : 0.3102"
"90,1 : 0.3102"
"1,91 : 0.4391"
"91,1 : 0.4391"
"1,92 : 0.4002"
"92,1 : 0.4002"
"1,93 : 0.23"
"93,1 : 0.23"
"1,94 : 0.612"
"94,1 : 0.612"
"1,95 : 0.2377"
"95,1 : 0.2377"
"1,96 : 0.6174"
"96,1 : 0.6174"
"1,97 : 0.4123"
"97,1 : 0.4123"
"1,98 : 0.3158"
"98,1 : 0.3158"
"1,99 : 0.37"
"99,1 : 0.37"
"2,3 : 0.5808"
"3,2 : 0.5808"
"2,4 : 0.816"
"4,2 : 0.816"
"2,5 : 0.7569"
"5,2 : 0.7569"
"2,6 : 0.9155"
"6,2 : 0.9155"
"2,7 : 0.5604"
"7,2 : 0.5604"
"2,8 : 0.7518"
"8,2 : 0.7518"
"2,9 : 1.0653"
"9,2 : 1.0653"
"2,10 : 0.507"
"10,2 : 0.507"
"2,11 : 0.7976"
"11,2 : 0.7976"
"2,12 : 0.3353"
"12,2 : 0.3353"
"2,13 : 0.4245"
"13,2 : 0.4245"
"2,14 : 0.2377"
"14,2 : 0.2377"
"2,15 : 0.4665"
"15,2 : 0.4665"
"2,16 : 0.4717"
"16,2 : 0.4717"
"2,17 : 0.7593"
"17,2 : 0.7593"
"2,18 : 0.4888"
"18,2 : 0.4888"
"2,19 : 1.056"
"19,2 : 1.056"
"2,20 : 0.3601"
"20,2 : 0.3601"
"2,21 : 0.7237"
"21,2 : 0.7237"
"2,22 : 0.2202"
"22,2 : 0.2202"
"2,23 : 0.1942"
"23,2 : 0.1942"
"2,24 : 0.6671"
"24,2 : 0.6671"
"2,25 : 0.9702"
"25,2 : 0.9702"
"2,26 : 0.9386"
"26,2 : 0.9386"
"2,27 : 0.5686"
"27,2 : 0.5686"
"2,28 : 0.3538"
"28,2 : 0.3538"
"2,29 : 0.6438"
"29,2 : 0.6438"
"2,30 : 0.7783"
"30,2 : 0.7783"
"2,31 : 0.858"
"31,2 : 0.858"
"2,32 : 1.0253"
"32,2 : 1.0253"
"2,33 : 0.45"
"33,2 : 0.45"
"2,34 : 0.9014"
"34,2 : 0.9014"
"2,35 : 0.4901"
"35,2 : 0.4901"
"2,36 : 0.8798"
"36,2 : 0.8798"
"2,37 : 0.9338"
"37,2 : 0.9338"
"2,38 : 0.5408"
"38,2 : 0.5408"
"2,39 : 0.4545"
"39,2 : 0.4545"
"2,40 : 0.636"
"40,2 : 0.636"
"2,41 : 0.7306"
"41,2 : 0.7306"
"2,42 : 0.75"
"42,2 : 0.75"
"2,43 : 0.8633"
"43,2 : 0.8633"
"2,44 : 0.051"
"44,2 : 0.051"
"2,45 : 0.0943"
"45,2 : 0.0943"
"2,46 : 0.4657"
"46,2 : 0.4657"
"2,47 : 0.4754"
"47,2 : 0.4754"
"2,48 : 1.1102"
"48,2 : 1.1102"
"2,49 : 0.7749"
"49,2 : 0.7749"
"2,50 : 0.9559"
"50,2 : 0.9559"
"2,51 : 0.4005"
"51,2 : 0.4005"
"2,52 : 0.4159"
"52,2 : 0.4159"
"2,53 : 0.7301"
"53,2 : 0.7301"
"2,54 : 0.2319"
"54,2 : 0.2319"
"2,55 : 0.6129"
"55,2 : 0.6129"
"2,56 : 0.1456"
"56,2 : 0.1456"
"2,57 : 0.3805"
"57,2 : 0.3805"
"2,58 : 0.7306"
"58,2 : 0.7306"
"2,59 : 0.3607"
"59,2 : 0.3607"
"2,60 : 0.5148"
"60,2 : 0.5148"
"2,61 : 0.461"
"61,2 : 0.461"
"2,62 : 0.7507"
"62,2 : 0.7507"
"2,63 : 0.7616"
"63,2 : 0.7616"
"2,64 : 0.3176"
"64,2 : 0.3176"
"2,65 : 0.8186"
"65,2 : 0.8186"
"2,66 : 0.5708"
"66,2 : 0.5708"
"2,67 : 0.4159"
"67,2 : 0.4159"
"2,68 : 0.5515"
"68,2 : 0.5515"
"2,69 : 0.4144"
"69,2 : 0.4144"
"2,70 : 0.5124"
"70,2 : 0.5124"
"2,71 : 0.8947"
"71,2 : 0.8947"
"2,72 : 0.864"
"72,2 : 0.864"
"2,73 : 0.5445"
"73,2 : 0.5445"
"2,74 : 0.6573"
"74,2 : 0.6573"
"2,75 : 0.3905"
"75,2 : 0.3905"
"2,76 : 0.8601"
"76,2 : 0.8601"
"2,77 : 0.6329"
"77,2 : 0.6329"
"2,78 : 0.8075"
"78,2 : 0.8075"
"2,79 : 1.0249"
"79,2 : 1.0249"
"2,80 : 0.17"
"80,2 : 0.17"
"2,81 : 0.6707"
"81,2 : 0.6707"
"2,82 : 0.772"
"82,2 : 0.772"
"2,83 : 1.0057"
"83,2 : 1.0057"
"2,84 : 0.2385"
"84,2 : 0.2385"
"2,85 : 0.5124"
"85,2 : 0.5124"
"2,86 : 0.712"
"86,2 : 0.712"
"2,87 : 0.6224"
"87,2 : 0.6224"
"2,88 : 0.4305"
"88,2 : 0.4305"
"2,89 : 0.5921"
"89,2 : 0.5921"
"2,90 : 0.8315"
"90,2 : 0.8315"
"2,91 : 0.6277"
"91,2 : 0.6277"
"2,92 : 0.9326"
"92,2 : 0.9326"
"2,93 : 0.7864"
"93,2 : 0.7864"
"2,94 : 0.9701"
"94,2 : 0.9701"
"2,95 : 0.7632"
"95,2 : 0.7632"
"2,96 : 0.102"
"96,2 : 0.102"
"2,97 : 0.1523"
"97,2 : 0.1523"
"2,98 : 0.878"
"98,2 : 0.878"
"2,99 : 0.933"
"99,2 : 0.933"
"3,4 : 0.3551"
"4,3 : 0.3551"
"3,5 : 0.8497"
"5,3 : 0.8497"
"3,6 : 0.458"
"6,3 : 0.458"
"3,7 : 0.8415"
"7,3 : 0.8415"
"3,8 : 0.3981"
"8,3 : 0.3981"
"3,9 : 0.7495"
"9,3 : 0.7495"
"3,10 : 0.6341"
"10,3 : 0.6341"
"3,11 : 0.2247"
"11,3 : 0.2247"
"3,12 : 0.2693"
"12,3 : 0.2693"
"3,13 : 0.4469"
"13,3 : 0.4469"
"3,14 : 0.3795"
"14,3 : 0.3795"
"3,15 : 0.3245"
"15,3 : 0.3245"
"3,16 : 0.1105"
"16,3 : 0.1105"
"3,17 : 0.2561"
"17,3 : 0.2561"
"3,18 : 0.558"
"18,3 : 0.558"
"3,19 : 0.6044"
"19,3 : 0.6044"
"3,20 : 0.6907"
"20,3 : 0.6907"
"3,21 : 0.214"
"21,3 : 0.214"
"3,22 : 0.3622"
"22,3 : 0.3622"
"3,23 : 0.4876"
"23,3 : 0.4876"
"3,24 : 0.1931"
"24,3 : 0.1931"
"3,25 : 0.3932"
"25,3 : 0.3932"
"3,26 : 0.7601"
"26,3 : 0.7601"
"3,27 : 0.6519"
"27,3 : 0.6519"
"3,28 : 0.4469"
"28,3 : 0.4469"
"3,29 : 0.5192"
"29,3 : 0.5192"
"3,30 : 0.3354"
"30,3 : 0.3354"
"3,31 : 0.405"
"31,3 : 0.405"
"3,32 : 0.7728"
"32,3 : 0.7728"
"3,33 : 0.7529"
"33,3 : 0.7529"
"3,34 : 0.5566"
"34,3 : 0.5566"
"3,35 : 0.7716"
"35,3 : 0.7716"
"3,36 : 0.7892"
"36,3 : 0.7892"
"3,37 : 0.6774"
"37,3 : 0.6774"
"3,38 : 0.0721"
"38,3 : 0.0721"
"3,39 : 0.3941"
"39,3 : 0.3941"
"3,40 : 0.4159"
"40,3 : 0.4159"
"3,41 : 0.15"
"41,3 : 0.15"
"3,42 : 0.972"
"42,3 : 0.972"
"3,43 : 0.8368"
"43,3 : 0.8368"
"3,44 : 0.5954"
"44,3 : 0.5954"
"3,45 : 0.5004"
"45,3 : 0.5004"
"3,46 : 0.1985"
"46,3 : 0.1985"
"3,47 : 0.15"
"47,3 : 0.15"
"3,48 : 0.8368"
"48,3 : 0.8368"
"3,49 : 0.8458"
"49,3 : 0.8458"
"3,50 : 0.6825"
"50,3 : 0.6825"
"3,51 : 0.1803"
"51,3 : 0.1803"
"3,52 : 0.5587"
"52,3 : 0.5587"
"3,53 : 0.191"
"53,3 : 0.191"
"3,54 : 0.3551"
"54,3 : 0.3551"
"3,55 : 0.3766"
"55,3 : 0.3766"
"3,56 : 0.4401"
"56,3 : 0.4401"
"3,57 : 0.2062"
"57,3 : 0.2062"
"3,58 : 0.6926"
"58,3 : 0.6926"
"3,59 : 0.4393"
"59,3 : 0.4393"
"3,60 : 0.1221"
"60,3 : 0.1221"
"3,61 : 0.1476"
"61,3 : 0.1476"
"3,62 : 0.5304"
"62,3 : 0.5304"
"3,63 : 0.4177"
"63,3 : 0.4177"
"3,64 : 0.3499"
"64,3 : 0.3499"
"3,65 : 0.8036"
"65,3 : 0.8036"
"3,66 : 0.01"
"66,3 : 0.01"
"3,67 : 0.3041"
"67,3 : 0.3041"
"3,68 : 0.0762"
"68,3 : 0.0762"
"3,69 : 0.6083"
"69,3 : 0.6083"
"3,70 : 0.0728"
"70,3 : 0.0728"
"3,71 : 0.4966"
"71,3 : 0.4966"
"3,72 : 0.9248"
"72,3 : 0.9248"
"3,73 : 0.4652"
"73,3 : 0.4652"
"3,74 : 0.3912"
"74,3 : 0.3912"
"3,75 : 0.2088"
"75,3 : 0.2088"
"3,76 : 0.8544"
"76,3 : 0.8544"
"3,77 : 0.8402"
"77,3 : 0.8402"
"3,78 : 0.2608"
"78,3 : 0.2608"
"3,79 : 0.5186"
"79,3 : 0.5186"
"3,80 : 0.4438"
"80,3 : 0.4438"
"3,81 : 0.09"
"81,3 : 0.09"
"3,82 : 0.2968"
"82,3 : 0.2968"
"3,83 : 0.5162"
"83,3 : 0.5162"
"3,84 : 0.3929"
"84,3 : 0.3929"
"3,85 : 0.0728"
"85,3 : 0.0728"
"3,86 : 0.2"
"86,3 : 0.2"
"3,87 : 0.5029"
"87,3 : 0.5029"
"3,88 : 0.5381"
"88,3 : 0.5381"
"3,89 : 0.0224"
"89,3 : 0.0224"
"3,90 : 0.2625"
"90,3 : 0.2625"
"3,91 : 0.6265"
"91,3 : 0.6265"
"3,92 : 0.364"
"92,3 : 0.364"
"3,93 : 0.2687"
"93,3 : 0.2687"
"3,94 : 0.8001"
"94,3 : 0.8001"
"3,95 : 0.2059"
"95,3 : 0.2059"
"3,96 : 0.6041"
"96,3 : 0.6041"
"3,97 : 0.4491"
"97,3 : 0.4491"
"3,98 : 0.368"
"98,3 : 0.368"
"3,99 : 0.4384"
"99,3 : 0.4384"
"4,5 : 0.7325"
"5,4 : 0.7325"
"4,6 : 0.1063"
"6,4 : 0.1063"
"4,7 : 0.8415"
"7,4 : 0.8415"
"4,8 : 0.1421"
"8,4 : 0.1421"
"4,9 : 0.413"
"9,4 : 0.413"
"4,10 : 0.6135"
"10,4 : 0.6135"
"4,11 : 0.3805"
"11,4 : 0.3805"
"4,12 : 0.5826"
"12,4 : 0.5826"
"4,13 : 0.4817"
"13,4 : 0.4817"
"4,14 : 0.5787"
"14,4 : 0.5787"
"4,15 : 0.3712"
"15,4 : 0.3712"
"4,16 : 0.4314"
"16,4 : 0.4314"
"4,17 : 0.1044"
"17,4 : 0.1044"
"4,18 : 0.5412"
"18,4 : 0.5412"
"4,19 : 0.255"
"19,4 : 0.255"
"4,20 : 0.7653"
"20,4 : 0.7653"
"4,21 : 0.1432"
"21,4 : 0.1432"
"4,22 : 0.6084"
"22,4 : 0.6084"
"4,23 : 0.7877"
"23,4 : 0.7877"
"4,24 : 0.1697"
"24,4 : 0.1697"
"4,25 : 0.3202"
"25,4 : 0.3202"
"4,26 : 0.494"
"26,4 : 0.494"
"4,27 : 0.5951"
"27,4 : 0.5951"
"4,28 : 0.5301"
"28,4 : 0.5301"
"4,29 : 0.3859"
"29,4 : 0.3859"
"4,30 : 0.04"
"30,4 : 0.04"
"4,31 : 0.05"
"31,4 : 0.05"
"4,32 : 0.4627"
"32,4 : 0.4627"
"4,33 : 0.7908"
"33,4 : 0.7908"
"4,34 : 0.2309"
"34,4 : 0.2309"
"4,35 : 0.7912"
"35,4 : 0.7912"
"4,36 : 0.5714"
"36,4 : 0.5714"
"4,37 : 0.3808"
"37,4 : 0.3808"
"4,38 : 0.3324"
"38,4 : 0.3324"
"4,39 : 0.4205"
"39,4 : 0.4205"
"4,40 : 0.2823"
"40,4 : 0.2823"
"4,41 : 0.3027"
"41,4 : 0.3027"
"4,42 : 0.9074"
"42,4 : 0.9074"
"4,43 : 0.6482"
"43,4 : 0.6482"
"4,44 : 0.8104"
"44,4 : 0.8104"
"4,45 : 0.7606"
"45,4 : 0.7606"
"4,46 : 0.3534"
"46,4 : 0.3534"
"4,47 : 0.4982"
"47,4 : 0.4982"
"4,48 : 0.5104"
"48,4 : 0.5104"
"4,49 : 0.7159"
"49,4 : 0.7159"
"4,50 : 0.3748"
"50,4 : 0.3748"
"4,51 : 0.4701"
"51,4 : 0.4701"
"4,52 : 0.5886"
"52,4 : 0.5886"
"4,53 : 0.4441"
"53,4 : 0.4441"
"4,54 : 0.5909"
"54,4 : 0.5909"
"4,55 : 0.2693"
"55,4 : 0.2693"
"4,56 : 0.7021"
"56,4 : 0.7021"
"4,57 : 0.4632"
"57,4 : 0.4632"
"4,58 : 0.5381"
"58,4 : 0.5381"
"4,59 : 0.5201"
"59,4 : 0.5201"
"4,60 : 0.328"
"60,4 : 0.328"
"4,61 : 0.4892"
"61,4 : 0.4892"
"4,62 : 0.3114"
"62,4 : 0.3114"
"4,63 : 0.1556"
"63,4 : 0.1556"
"4,64 : 0.5045"
"64,4 : 0.5045"
"4,65 : 0.6303"
"65,4 : 0.6303"
"4,66 : 0.3606"
"66,4 : 0.3606"
"4,67 : 0.4079"
"67,4 : 0.4079"
"4,68 : 0.3183"
"68,4 : 0.3183"
"4,69 : 0.6413"
"69,4 : 0.6413"
"4,70 : 0.4123"
"70,4 : 0.4123"
"4,71 : 0.1513"
"71,4 : 0.1513"
"4,72 : 0.771"
"72,4 : 0.771"
"4,73 : 0.408"
"73,4 : 0.408"
"4,74 : 0.2377"
"74,4 : 0.2377"
"4,75 : 0.5308"
"75,4 : 0.5308"
"4,76 : 0.6748"
"76,4 : 0.6748"
"4,77 : 0.7961"
"77,4 : 0.7961"
"4,78 : 0.1628"
"78,4 : 0.1628"
"4,79 : 0.2121"
"79,4 : 0.2121"
"4,80 : 0.6485"
"80,4 : 0.6485"
"4,81 : 0.3162"
"81,4 : 0.3162"
"4,82 : 0.0583"
"82,4 : 0.0583"
"4,83 : 0.1897"
"83,4 : 0.1897"
"4,84 : 0.6963"
"84,4 : 0.6963"
"4,85 : 0.4123"
"85,4 : 0.4123"
"4,86 : 0.1565"
"86,4 : 0.1565"
"4,87 : 0.3847"
"87,4 : 0.3847"
"4,88 : 0.559"
"88,4 : 0.559"
"4,89 : 0.3672"
"89,4 : 0.3672"
"4,90 : 0.228"
"90,4 : 0.228"
"4,91 : 0.5248"
"91,4 : 0.5248"
"4,92 : 0.2561"
"92,4 : 0.2561"
"4,93 : 0.11"
"93,4 : 0.11"
"4,94 : 0.5314"
"94,4 : 0.5314"
"4,95 : 0.2002"
"95,4 : 0.2002"
"4,96 : 0.8724"
"96,4 : 0.8724"
"4,97 : 0.6641"
"97,4 : 0.6641"
"4,98 : 0.0943"
"98,4 : 0.0943"
"4,99 : 0.1204"
"99,4 : 0.1204"
"5,6 : 0.758"
"6,5 : 0.758"
"5,7 : 0.278"
"7,5 : 0.278"
"5,8 : 0.5903"
"8,5 : 0.5903"
"5,9 : 0.622"
"9,5 : 0.622"
"5,10 : 0.2602"
"10,5 : 0.2602"
"5,11 : 1.0265"
"11,5 : 1.0265"
"5,12 : 0.8386"
"12,5 : 0.8386"
"5,13 : 0.4295"
"13,5 : 0.4295"
"5,14 : 0.6403"
"14,5 : 0.6403"
"5,15 : 0.5292"
"15,5 : 0.5292"
"5,16 : 0.816"
"16,5 : 0.816"
"5,17 : 0.7779"
"17,5 : 0.7779"
"5,18 : 0.314"
"18,5 : 0.314"
"5,19 : 0.8134"
"19,5 : 0.8134"
"5,20 : 0.4159"
"20,5 : 0.4159"
"5,21 : 0.7799"
"21,5 : 0.7799"
"5,22 : 0.7203"
"22,5 : 0.7203"
"5,23 : 0.8945"
"23,5 : 0.8945"
"5,24 : 0.7341"
"24,5 : 0.7341"
"5,25 : 1.0474"
"25,5 : 1.0474"
"5,26 : 0.39"
"26,5 : 0.39"
"5,27 : 0.2121"
"27,5 : 0.2121"
"5,28 : 0.4717"
"28,5 : 0.4717"
"5,29 : 0.3538"
"29,5 : 0.3538"
"5,30 : 0.7018"
"30,5 : 0.7018"
"5,31 : 0.7324"
"31,5 : 0.7324"
"5,32 : 0.52"
"32,5 : 0.52"
"5,33 : 0.3441"
"33,5 : 0.3441"
"5,34 : 0.5962"
"34,5 : 0.5962"
"5,35 : 0.3061"
"35,5 : 0.3061"
"5,36 : 0.2608"
"36,5 : 0.2608"
"5,37 : 0.4884"
"37,5 : 0.4884"
"5,38 : 0.7782"
"38,5 : 0.7782"
"5,39 : 0.4649"
"39,5 : 0.4649"
"5,40 : 0.4675"
"40,5 : 0.4675"
"5,41 : 0.9266"
"41,5 : 0.9266"
"5,42 : 0.201"
"42,5 : 0.201"
"5,43 : 0.1772"
"43,5 : 0.1772"
"5,44 : 0.7117"
"44,5 : 0.7117"
"5,45 : 0.7892"
"45,5 : 0.7892"
"5,46 : 0.6592"
"46,5 : 0.6592"
"5,47 : 0.8889"
"47,5 : 0.8889"
"5,48 : 0.5921"
"48,5 : 0.5921"
"5,49 : 0.0316"
"49,5 : 0.0316"
"5,50 : 0.5179"
"50,5 : 0.5179"
"5,51 : 0.7762"
"51,5 : 0.7762"
"5,52 : 0.3601"
"52,5 : 0.3601"
"5,53 : 1.0345"
"53,5 : 1.0345"
"5,54 : 0.7006"
"54,5 : 0.7006"
"5,55 : 0.4982"
"55,5 : 0.4982"
"5,56 : 0.7723"
"56,5 : 0.7723"
"5,57 : 0.7325"
"57,5 : 0.7325"
"5,58 : 0.1972"
"58,5 : 0.1972"
"5,59 : 0.4727"
"59,5 : 0.4727"
"5,60 : 0.7292"
"60,5 : 0.7292"
"5,61 : 0.8668"
"61,5 : 0.8668"
"5,62 : 0.4272"
"62,5 : 0.4272"
"5,63 : 0.578"
"63,5 : 0.578"
"5,64 : 0.5855"
"64,5 : 0.5855"
"5,65 : 0.1503"
"65,5 : 0.1503"
"5,66 : 0.8453"
"66,5 : 0.8453"
"5,67 : 0.5661"
"67,5 : 0.5661"
"5,68 : 0.7737"
"68,5 : 0.7737"
"5,69 : 0.3453"
"69,5 : 0.3453"
"5,70 : 0.8393"
"70,5 : 0.8393"
"5,71 : 0.6665"
"71,5 : 0.6665"
"5,72 : 0.1077"
"72,5 : 0.1077"
"5,73 : 0.3847"
"73,5 : 0.3847"
"5,74 : 0.5093"
"74,5 : 0.5093"
"5,75 : 0.8395"
"75,5 : 0.8395"
"5,76 : 0.1523"
"76,5 : 0.1523"
"5,77 : 0.172"
"77,5 : 0.172"
"5,78 : 0.8628"
"78,5 : 0.8628"
"5,79 : 0.8907"
"79,5 : 0.8907"
"5,80 : 0.6519"
"80,5 : 0.6519"
"5,81 : 0.8936"
"81,5 : 0.8936"
"5,82 : 0.7428"
"82,5 : 0.7428"
"5,83 : 0.85"
"83,5 : 0.85"
"5,84 : 0.86"
"84,5 : 0.86"
"5,85 : 0.8393"
"85,5 : 0.8393"
"5,86 : 0.781"
"86,5 : 0.781"
"5,87 : 0.3624"
"87,5 : 0.3624"
"5,88 : 0.3606"
"88,5 : 0.3606"
"5,89 : 0.8721"
"89,5 : 0.8721"
"5,90 : 0.927"
"90,5 : 0.927"
"5,91 : 0.2247"
"91,5 : 0.2247"
"5,92 : 0.9841"
"92,5 : 0.9841"
"5,93 : 0.8061"
"93,5 : 0.8061"
"5,94 : 0.392"
"94,5 : 0.392"
"5,95 : 0.8656"
"95,5 : 0.8656"
"5,96 : 0.8587"
"96,5 : 0.8587"
"5,97 : 0.6727"
"97,5 : 0.6727"
"5,98 : 0.8262"
"98,5 : 0.8262"
"5,99 : 0.8238"
"99,5 : 0.8238"
"6,7 : 0.8974"
"7,6 : 0.8974"
"6,8 : 0.191"
"8,6 : 0.191"
"6,9 : 0.3413"
"9,6 : 0.3413"
"6,10 : 0.6727"
"10,6 : 0.6727"
"6,11 : 0.454"
"11,6 : 0.454"
"6,12 : 0.6888"
"12,6 : 0.6888"
"6,13 : 0.5608"
"13,6 : 0.5608"
"6,14 : 0.6778"
"14,6 : 0.6778"
"6,15 : 0.461"
"15,6 : 0.461"
"6,16 : 0.5374"
"16,6 : 0.5374"
"6,17 : 0.2025"
"17,6 : 0.2025"
"6,18 : 0.6053"
"18,6 : 0.6053"
"6,19 : 0.1487"
"19,6 : 0.1487"
"6,20 : 0.8402"
"20,6 : 0.8402"
"6,21 : 0.2441"
"21,6 : 0.2441"
"6,22 : 0.7112"
"22,6 : 0.7112"
"6,23 : 0.8931"
"23,6 : 0.8931"
"6,24 : 0.2759"
"24,6 : 0.2759"
"6,25 : 0.3418"
"25,6 : 0.3418"
"6,26 : 0.4687"
"26,6 : 0.4687"
"6,27 : 0.6456"
"27,6 : 0.6456"
"6,28 : 0.6152"
"28,6 : 0.6152"
"6,29 : 0.4301"
"29,6 : 0.4301"
"6,30 : 0.1389"
"30,6 : 0.1389"
"6,31 : 0.0583"
"31,6 : 0.0583"
"6,32 : 0.4111"
"32,6 : 0.4111"
"6,33 : 0.8571"
"33,6 : 0.8571"
"6,34 : 0.1887"
"34,6 : 0.1887"
"6,35 : 0.8533"
"35,6 : 0.8533"
"6,36 : 0.5659"
"36,6 : 0.5659"
"6,37 : 0.3448"
"37,6 : 0.3448"
"6,38 : 0.4384"
"38,6 : 0.4384"
"6,39 : 0.5025"
"39,6 : 0.5025"
"6,40 : 0.3423"
"40,6 : 0.3423"
"6,41 : 0.389"
"41,6 : 0.389"
"6,42 : 0.9437"
"42,6 : 0.9437"
"6,43 : 0.6512"
"43,6 : 0.6512"
"6,44 : 0.9076"
"44,6 : 0.9076"
"6,45 : 0.8631"
"45,6 : 0.8631"
"6,46 : 0.4565"
"46,6 : 0.4565"
"6,47 : 0.6031"
"47,6 : 0.6031"
"6,48 : 0.4441"
"48,6 : 0.4441"
"6,49 : 0.7378"
"49,6 : 0.7378"
"6,50 : 0.3311"
"50,6 : 0.3311"
"6,51 : 0.5763"
"51,6 : 0.5763"
"6,52 : 0.6607"
"52,6 : 0.6607"
"6,53 : 0.5289"
"53,6 : 0.5289"
"6,54 : 0.6932"
"54,6 : 0.6932"
"6,55 : 0.34"
"55,6 : 0.34"
"6,56 : 0.8053"
"56,6 : 0.8053"
"6,57 : 0.5686"
"57,6 : 0.5686"
"6,58 : 0.5608"
"58,6 : 0.5608"
"6,59 : 0.6053"
"59,6 : 0.6053"
"6,60 : 0.4342"
"60,6 : 0.4342"
"6,61 : 0.5946"
"61,6 : 0.5946"
"6,62 : 0.3312"
"62,6 : 0.3312"
"6,63 : 0.1942"
"63,6 : 0.1942"
"6,64 : 0.6008"
"64,6 : 0.6008"
"6,65 : 0.6403"
"65,6 : 0.6403"
"6,66 : 0.464"
"66,6 : 0.464"
"6,67 : 0.5029"
"67,6 : 0.5029"
"6,68 : 0.4243"
"68,6 : 0.4243"
"6,69 : 0.7118"
"69,6 : 0.7118"
"6,70 : 0.5174"
"70,6 : 0.5174"
"6,71 : 0.1"
"71,6 : 0.1"
"6,72 : 0.7824"
"72,6 : 0.7824"
"6,73 : 0.4727"
"73,6 : 0.4727"
"6,74 : 0.3007"
"74,6 : 0.3007"
"6,75 : 0.637"
"75,6 : 0.637"
"6,76 : 0.6801"
"76,6 : 0.6801"
"6,77 : 0.8415"
"77,6 : 0.8415"
"6,78 : 0.2354"
"78,6 : 0.2354"
"6,79 : 0.136"
"79,6 : 0.136"
"6,80 : 0.7467"
"80,6 : 0.7467"
"6,81 : 0.4115"
"81,6 : 0.4115"
"6,82 : 0.1628"
"82,6 : 0.1628"
"6,83 : 0.1005"
"83,6 : 0.1005"
"6,84 : 0.8021"
"84,6 : 0.8021"
"6,85 : 0.5174"
"85,6 : 0.5174"
"6,86 : 0.2581"
"86,6 : 0.2581"
"6,87 : 0.4342"
"87,6 : 0.4342"
"6,88 : 0.6307"
"88,6 : 0.6307"
"6,89 : 0.4687"
"89,6 : 0.4687"
"6,90 : 0.2907"
"90,6 : 0.2907"
"6,91 : 0.5665"
"91,6 : 0.5665"
"6,92 : 0.2816"
"92,6 : 0.2816"
"6,93 : 0.197"
"93,6 : 0.197"
"6,94 : 0.5025"
"94,6 : 0.5025"
"6,95 : 0.2846"
"95,6 : 0.2846"
"6,96 : 0.9749"
"96,6 : 0.9749"
"6,97 : 0.7632"
"97,6 : 0.7632"
"6,98 : 0.12"
"98,6 : 0.12"
"6,99 : 0.0721"
"99,6 : 0.0721"
"7,8 : 0.7088"
"8,7 : 0.7088"
"7,9 : 0.8485"
"9,7 : 0.8485"
"7,10 : 0.2285"
"10,7 : 0.2285"
"7,11 : 1.0512"
"11,7 : 1.0512"
"7,12 : 0.7424"
"12,7 : 0.7424"
"7,13 : 0.3982"
"13,7 : 0.3982"
"7,14 : 0.5277"
"14,7 : 0.5277"
"7,15 : 0.528"
"15,7 : 0.528"
"7,16 : 0.7747"
"16,7 : 0.7747"
"7,17 : 0.8542"
"17,7 : 0.8542"
"7,18 : 0.3041"
"18,7 : 0.3041"
"7,19 : 0.9873"
"19,7 : 0.9873"
"7,20 : 0.2022"
"20,7 : 0.2022"
"7,21 : 0.8422"
"21,7 : 0.8422"
"7,22 : 0.6001"
"22,7 : 0.6001"
"7,23 : 0.7316"
"23,7 : 0.7316"
"7,24 : 0.7855"
"24,7 : 0.7855"
"7,25 : 1.1277"
"25,7 : 1.1277"
"7,26 : 0.6332"
"26,7 : 0.6332"
"7,27 : 0.2532"
"27,7 : 0.2532"
"7,28 : 0.397"
"28,7 : 0.397"
"7,29 : 0.4687"
"29,7 : 0.4687"
"7,30 : 0.8041"
"30,7 : 0.8041"
"7,31 : 0.8573"
"31,7 : 0.8573"
"7,32 : 0.7593"
"32,7 : 0.7593"
"7,33 : 0.1118"
"33,7 : 0.1118"
"7,34 : 0.7723"
"34,7 : 0.7723"
"7,35 : 0.0762"
"35,7 : 0.0762"
"7,36 : 0.5162"
"36,7 : 0.5162"
"7,37 : 0.7046"
"37,7 : 0.7046"
"7,38 : 0.771"
"38,7 : 0.771"
"7,39 : 0.458"
"39,7 : 0.458"
"7,40 : 0.5597"
"40,7 : 0.5597"
"7,41 : 0.9543"
"41,7 : 0.9543"
"7,42 : 0.191"
"42,7 : 0.191"
"7,43 : 0.4478"
"43,7 : 0.4478"
"7,44 : 0.5101"
"44,7 : 0.5101"
"7,45 : 0.6181"
"45,7 : 0.6181"
"7,46 : 0.6438"
"46,7 : 0.6438"
"7,47 : 0.8323"
"47,7 : 0.8323"
"7,48 : 0.8393"
"48,7 : 0.8393"
"7,49 : 0.3081"
"49,7 : 0.3081"
"7,50 : 0.7344"
"50,7 : 0.7344"
"7,51 : 0.7161"
"51,7 : 0.7161"
"7,52 : 0.2832"
"52,7 : 0.2832"
"7,53 : 1.0324"
"53,7 : 1.0324"
"7,54 : 0.586"
"54,7 : 0.586"
"7,55 : 0.5738"
"55,7 : 0.5738"
"7,56 : 0.621"
"56,7 : 0.621"
"7,57 : 0.672"
"57,7 : 0.672"
"7,58 : 0.3962"
"58,7 : 0.3962"
"7,59 : 0.4036"
"59,7 : 0.4036"
"7,60 : 0.7218"
"60,7 : 0.7218"
"7,61 : 0.8102"
"61,7 : 0.8102"
"7,62 : 0.5831"
"62,7 : 0.5831"
"7,63 : 0.7034"
"63,7 : 0.7034"
"7,64 : 0.508"
"64,7 : 0.508"
"7,65 : 0.4115"
"65,7 : 0.4115"
"7,66 : 0.8344"
"66,7 : 0.8344"
"7,67 : 0.5376"
"67,7 : 0.5376"
"7,68 : 0.7716"
"68,7 : 0.7716"
"7,69 : 0.2335"
"69,7 : 0.2335"
"7,70 : 0.8081"
"70,7 : 0.8081"
"7,71 : 0.822"
"71,7 : 0.822"
"7,72 : 0.3748"
"72,7 : 0.3748"
"7,73 : 0.4346"
"73,7 : 0.4346"
"7,74 : 0.6041"
"74,7 : 0.6041"
"7,75 : 0.7632"
"75,7 : 0.7632"
"7,76 : 0.4272"
"76,7 : 0.4272"
"7,77 : 0.1063"
"77,7 : 0.1063"
"7,78 : 0.9354"
"78,7 : 0.9354"
"7,79 : 1.0332"
"79,7 : 1.0332"
"7,80 : 0.5092"
"80,7 : 0.5092"
"7,81 : 0.9079"
"81,7 : 0.9079"
"7,82 : 0.8326"
"82,7 : 0.8326"
"7,83 : 0.9969"
"83,7 : 0.9969"
"7,84 : 0.7242"
"84,7 : 0.7242"
"7,85 : 0.8081"
"85,7 : 0.8081"
"7,86 : 0.8386"
"86,7 : 0.8386"
"7,87 : 0.4632"
"87,7 : 0.4632"
"7,88 : 0.3061"
"88,7 : 0.3061"
"7,89 : 0.8627"
"89,7 : 0.8627"
"7,90 : 0.9913"
"90,7 : 0.9913"
"7,91 : 0.3406"
"91,7 : 0.3406"
"7,92 : 1.0689"
"92,7 : 1.0689"
"7,93 : 0.8855"
"93,7 : 0.8855"
"7,94 : 0.6451"
"94,7 : 0.6451"
"7,95 : 0.9211"
"95,7 : 0.9211"
"7,96 : 0.66"
"96,7 : 0.66"
"7,97 : 0.525"
"97,7 : 0.525"
"7,98 : 0.9341"
"98,7 : 0.9341"
"7,99 : 0.9521"
"99,7 : 0.9521"
"8,9 : 0.3578"
"9,8 : 0.3578"
"8,10 : 0.4827"
"10,8 : 0.4827"
"8,11 : 0.4876"
"11,8 : 0.4876"
"8,12 : 0.572"
"12,8 : 0.572"
"8,13 : 0.3734"
"13,8 : 0.3734"
"8,14 : 0.5162"
"14,8 : 0.5162"
"8,15 : 0.2864"
"15,8 : 0.2864"
"8,16 : 0.4428"
"16,8 : 0.4428"
"8,17 : 0.2062"
"17,8 : 0.2062"
"8,18 : 0.4144"
"18,8 : 0.4144"
"8,19 : 0.3105"
"19,8 : 0.3105"
"8,20 : 0.65"
"20,8 : 0.65"
"8,21 : 0.2256"
"21,8 : 0.2256"
"8,22 : 0.5622"
"22,8 : 0.5622"
"8,23 : 0.7569"
"23,8 : 0.7569"
"8,24 : 0.2102"
"24,8 : 0.2102"
"8,25 : 0.4601"
"25,8 : 0.4601"
"8,26 : 0.3766"
"26,8 : 0.3766"
"8,27 : 0.4588"
"27,8 : 0.4588"
"8,28 : 0.4317"
"28,8 : 0.4317"
"8,29 : 0.246"
"29,8 : 0.246"
"8,30 : 0.114"
"30,8 : 0.114"
"8,31 : 0.1487"
"31,8 : 0.1487"
"8,32 : 0.3748"
"32,8 : 0.3748"
"8,33 : 0.6661"
"33,8 : 0.6661"
"8,34 : 0.1664"
"34,8 : 0.1664"
"8,35 : 0.6629"
"35,8 : 0.6629"
"8,36 : 0.4383"
"36,8 : 0.4383"
"8,37 : 0.2807"
"37,8 : 0.2807"
"8,38 : 0.3511"
"38,8 : 0.3511"
"8,39 : 0.3178"
"39,8 : 0.3178"
"8,40 : 0.1513"
"40,8 : 0.1513"
"8,41 : 0.3962"
"41,8 : 0.3962"
"8,42 : 0.7666"
"42,8 : 0.7666"
"8,43 : 0.5104"
"43,8 : 0.5104"
"8,44 : 0.7382"
"44,8 : 0.7382"
"8,45 : 0.7103"
"45,8 : 0.7103"
"8,46 : 0.3189"
"46,8 : 0.3189"
"8,47 : 0.52"
"47,8 : 0.52"
"8,48 : 0.4397"
"48,8 : 0.4397"
"8,49 : 0.5738"
"49,8 : 0.5738"
"8,50 : 0.2844"
"50,8 : 0.2844"
"8,51 : 0.4604"
"51,8 : 0.4604"
"8,52 : 0.4701"
"52,8 : 0.4701"
"8,53 : 0.5324"
"53,8 : 0.5324"
"8,54 : 0.542"
"54,8 : 0.542"
"8,55 : 0.1513"
"55,8 : 0.1513"
"8,56 : 0.656"
"56,8 : 0.656"
"8,57 : 0.4405"
"57,8 : 0.4405"
"8,58 : 0.3962"
"58,8 : 0.3962"
"8,59 : 0.422"
"59,8 : 0.422"
"8,60 : 0.3265"
"60,8 : 0.3265"
"8,61 : 0.5057"
"61,8 : 0.5057"
"8,62 : 0.172"
"62,8 : 0.172"
"8,63 : 0.02"
"63,8 : 0.02"
"8,64 : 0.4342"
"64,8 : 0.4342"
"8,65 : 0.4904"
"65,8 : 0.4904"
"8,66 : 0.4002"
"66,8 : 0.4002"
"8,67 : 0.3362"
"67,8 : 0.3362"
"8,68 : 0.3384"
"68,8 : 0.3384"
"8,69 : 0.5209"
"69,8 : 0.5209"
"8,70 : 0.4366"
"70,8 : 0.4366"
"8,71 : 0.1432"
"71,8 : 0.1432"
"8,72 : 0.6303"
"72,8 : 0.6303"
"8,73 : 0.2816"
"73,8 : 0.2816"
"8,74 : 0.11"
"74,8 : 0.11"
"8,75 : 0.53"
"75,8 : 0.53"
"8,76 : 0.536"
"76,8 : 0.536"
"8,77 : 0.658"
"77,8 : 0.658"
"8,78 : 0.2865"
"78,8 : 0.2865"
"8,79 : 0.3256"
"79,8 : 0.3256"
"8,80 : 0.5818"
"80,8 : 0.5818"
"8,81 : 0.3901"
"81,8 : 0.3901"
"8,82 : 0.1612"
"82,8 : 0.1612"
"8,83 : 0.2915"
"83,8 : 0.2915"
"8,84 : 0.6721"
"84,8 : 0.6721"
"8,85 : 0.4366"
"85,8 : 0.4366"
"8,86 : 0.2335"
"86,8 : 0.2335"
"8,87 : 0.247"
"87,8 : 0.247"
"8,88 : 0.4401"
"88,8 : 0.4401"
"8,89 : 0.4159"
"89,8 : 0.4159"
"8,90 : 0.3536"
"90,8 : 0.3536"
"8,91 : 0.3847"
"91,8 : 0.3847"
"8,92 : 0.3962"
"92,8 : 0.3962"
"8,93 : 0.2283"
"93,8 : 0.2283"
"8,94 : 0.4159"
"94,8 : 0.4159"
"8,95 : 0.3068"
"95,8 : 0.3068"
"8,96 : 0.821"
"96,8 : 0.821"
"8,97 : 0.6003"
"97,8 : 0.6003"
"8,98 : 0.236"
"98,8 : 0.236"
"8,99 : 0.2435"
"99,8 : 0.2435"
"9,10 : 0.6641"
"10,9 : 0.6641"
"9,11 : 0.7906"
"11,9 : 0.7906"
"9,12 : 0.9265"
"12,9 : 0.9265"
"9,13 : 0.6464"
"13,9 : 0.6464"
"9,14 : 0.8415"
"14,9 : 0.8415"
"9,15 : 0.6083"
"15,9 : 0.6083"
"9,16 : 0.8006"
"16,9 : 0.8006"
"9,17 : 0.5162"
"17,9 : 0.5162"
"9,18 : 0.6265"
"18,9 : 0.6265"
"9,19 : 0.2778"
"19,9 : 0.2778"
"9,20 : 0.8709"
"20,9 : 0.8709"
"9,21 : 0.5511"
"21,9 : 0.5511"
"9,22 : 0.8994"
"22,9 : 0.8994"
"9,23 : 1.0999"
"23,9 : 1.0999"
"9,24 : 0.5566"
"24,9 : 0.5566"
"9,25 : 0.6768"
"25,9 : 0.6768"
"9,26 : 0.2354"
"26,9 : 0.2354"
"9,27 : 0.6113"
"27,9 : 0.6113"
"9,28 : 0.7161"
"28,9 : 0.7161"
"9,29 : 0.4342"
"29,9 : 0.4342"
"9,30 : 0.4198"
"30,9 : 0.4198"
"9,31 : 0.3705"
"31,9 : 0.3705"
"9,32 : 0.1118"
"32,9 : 0.1118"
"9,33 : 0.8516"
"33,9 : 0.8516"
"9,34 : 0.1931"
"34,9 : 0.1931"
"9,35 : 0.832"
"35,9 : 0.832"
"9,36 : 0.3667"
"36,9 : 0.3667"
"9,37 : 0.1456"
"37,9 : 0.1456"
"9,38 : 0.7077"
"38,9 : 0.7077"
"9,39 : 0.6107"
"39,9 : 0.6107"
"9,40 : 0.4314"
"40,9 : 0.4314"
"9,41 : 0.7157"
"41,9 : 0.7157"
"9,42 : 0.823"
"42,9 : 0.823"
"9,43 : 0.461"
"43,9 : 0.461"
"9,44 : 1.042"
"44,9 : 1.042"
"9,45 : 1.0395"
"45,9 : 1.0395"
"9,46 : 0.6712"
"46,9 : 0.6712"
"9,47 : 0.8773"
"47,9 : 0.8773"
"9,48 : 0.1044"
"48,9 : 0.1044"
"9,49 : 0.593"
"49,9 : 0.593"
"9,50 : 0.117"
"50,9 : 0.117"
"9,51 : 0.8163"
"51,9 : 0.8163"
"9,52 : 0.7021"
"52,9 : 0.7021"
"9,53 : 0.8571"
"53,9 : 0.8571"
"9,54 : 0.8778"
"54,9 : 0.8778"
"9,55 : 0.4601"
"55,9 : 0.4601"
"9,56 : 0.9904"
"56,9 : 0.9904"
"9,57 : 0.7932"
"57,9 : 0.7932"
"9,58 : 0.4528"
"58,9 : 0.4528"
"9,59 : 0.708"
"59,9 : 0.708"
"9,60 : 0.6843"
"60,9 : 0.6843"
"9,61 : 0.8633"
"61,9 : 0.8633"
"9,62 : 0.3162"
"62,9 : 0.3162"
"9,63 : 0.34"
"63,9 : 0.34"
"9,64 : 0.7566"
"64,9 : 0.7566"
"9,65 : 0.4738"
"65,9 : 0.4738"
"9,66 : 0.7527"
"66,9 : 0.7527"
"9,67 : 0.6653"
"67,9 : 0.6653"
"9,68 : 0.6946"
"68,9 : 0.6946"
"9,69 : 0.7393"
"69,9 : 0.7393"
"9,70 : 0.7931"
"70,9 : 0.7931"
"9,71 : 0.2617"
"71,9 : 0.2617"
"9,72 : 0.5991"
"72,9 : 0.5991"
"9,73 : 0.527"
"73,9 : 0.527"
"9,74 : 0.4187"
"74,9 : 0.4187"
"9,75 : 0.8868"
"75,9 : 0.8868"
"9,76 : 0.4924"
"76,9 : 0.4924"
"9,77 : 0.7616"
"77,9 : 0.7616"
"9,78 : 0.5704"
"78,9 : 0.5704"
"9,79 : 0.4123"
"79,9 : 0.4123"
"9,80 : 0.8994"
"80,9 : 0.8994"
"9,81 : 0.7257"
"81,9 : 0.7257"
"9,82 : 0.4669"
"82,9 : 0.4669"
"9,83 : 0.3734"
"83,9 : 0.3734"
"9,84 : 1.02"
"84,9 : 1.02"
"9,85 : 0.7931"
"85,9 : 0.7931"
"9,86 : 0.5629"
"86,9 : 0.5629"
"9,87 : 0.4528"
"87,9 : 0.4528"
"9,88 : 0.6754"
"88,9 : 0.6754"
"9,89 : 0.7654"
"89,9 : 0.7654"
"9,90 : 0.6301"
"90,9 : 0.6301"
"9,91 : 0.5192"
"91,9 : 0.5192"
"9,92 : 0.6198"
"92,9 : 0.6198"
"9,93 : 0.5224"
"93,9 : 0.5224"
"9,94 : 0.247"
"94,9 : 0.247"
"9,95 : 0.6129"
"95,9 : 0.6129"
"9,96 : 1.1463"
"96,9 : 1.1463"
"9,97 : 0.9202"
"97,9 : 0.9202"
"9,98 : 0.461"
"98,9 : 0.461"
"9,99 : 0.4061"
"99,9 : 0.4061"
"10,11 : 0.8345"
"11,10 : 0.8345"
"10,12 : 0.5846"
"12,10 : 0.5846"
"10,13 : 0.1887"
"13,10 : 0.1887"
"10,14 : 0.3812"
"14,10 : 0.3812"
"10,15 : 0.3114"
"15,10 : 0.3114"
"10,16 : 0.5818"
"16,10 : 0.5818"
"10,17 : 0.6265"
"17,10 : 0.6265"
"10,18 : 0.0781"
"18,10 : 0.0781"
"10,19 : 0.7706"
"19,10 : 0.7706"
"10,20 : 0.211"
"20,10 : 0.211"
"10,21 : 0.6159"
"21,10 : 0.6159"
"10,22 : 0.461"
"22,10 : 0.461"
"10,23 : 0.6351"
"23,10 : 0.6351"
"10,24 : 0.5604"
"24,10 : 0.5604"
"10,25 : 0.9005"
"25,10 : 0.9005"
"10,26 : 0.4771"
"26,10 : 0.4771"
"10,27 : 0.064"
"27,10 : 0.064"
"10,28 : 0.2159"
"28,10 : 0.2159"
"10,29 : 0.25"
"29,10 : 0.25"
"10,30 : 0.5758"
"30,10 : 0.5758"
"10,31 : 0.6306"
"31,10 : 0.6306"
"10,32 : 0.5903"
"32,10 : 0.5903"
"10,33 : 0.191"
"33,10 : 0.191"
"10,34 : 0.5608"
"34,10 : 0.5608"
"10,35 : 0.1811"
"35,10 : 0.1811"
"10,36 : 0.389"
"36,10 : 0.389"
"10,37 : 0.5187"
"37,10 : 0.5187"
"10,38 : 0.5622"
"38,10 : 0.5622"
"10,39 : 0.2408"
"39,10 : 0.2408"
"10,40 : 0.3324"
"40,10 : 0.3324"
"10,41 : 0.7359"
"41,10 : 0.7359"
"10,42 : 0.3384"
"42,10 : 0.3384"
"10,43 : 0.3585"
"43,10 : 0.3585"
"10,44 : 0.4652"
"44,10 : 0.4652"
"10,45 : 0.5315"
"45,10 : 0.5315"
"10,46 : 0.436"
"46,10 : 0.436"
"10,47 : 0.6488"
"47,10 : 0.6488"
"10,48 : 0.6754"
"48,10 : 0.6754"
"10,49 : 0.2729"
"49,10 : 0.2729"
"10,50 : 0.5471"
"50,10 : 0.5471"
"10,51 : 0.5331"
"51,10 : 0.5331"
"10,52 : 0.1"
"52,10 : 0.1"
"10,53 : 0.8246"
"53,10 : 0.8246"
"10,54 : 0.4418"
"54,10 : 0.4418"
"10,55 : 0.3454"
"55,10 : 0.3454"
"10,56 : 0.5124"
"56,10 : 0.5124"
"10,57 : 0.4885"
"57,10 : 0.4885"
"10,58 : 0.2408"
"58,10 : 0.2408"
"10,59 : 0.2184"
"59,10 : 0.2184"
"10,60 : 0.5122"
"60,10 : 0.5122"
"10,61 : 0.6265"
"61,10 : 0.6265"
"10,62 : 0.3712"
"62,10 : 0.3712"
"10,63 : 0.4785"
"63,10 : 0.4785"
"10,64 : 0.3324"
"64,10 : 0.3324"
"10,65 : 0.3138"
"65,10 : 0.3138"
"10,66 : 0.628"
"66,10 : 0.628"
"10,67 : 0.3329"
"67,10 : 0.3329"
"10,68 : 0.5608"
"68,10 : 0.5608"
"10,69 : 0.0943"
"69,10 : 0.0943"
"10,70 : 0.6106"
"70,10 : 0.6106"
"10,71 : 0.6021"
"71,10 : 0.6021"
"10,72 : 0.3635"
"72,10 : 0.3635"
"10,73 : 0.2062"
"73,10 : 0.2062"
"10,74 : 0.3764"
"74,10 : 0.3764"
"10,75 : 0.5914"
"75,10 : 0.5914"
"10,76 : 0.3534"
"76,10 : 0.3534"
"10,77 : 0.2062"
"77,10 : 0.2062"
"10,78 : 0.7083"
"78,10 : 0.7083"
"10,79 : 0.8081"
"79,10 : 0.8081"
"10,80 : 0.392"
"80,10 : 0.392"
"10,81 : 0.6931"
"81,10 : 0.6931"
"10,82 : 0.6042"
"82,10 : 0.6042"
"10,83 : 0.7728"
"83,10 : 0.7728"
"10,84 : 0.6001"
"84,10 : 0.6001"
"10,85 : 0.6106"
"85,10 : 0.6106"
"10,86 : 0.6129"
"86,10 : 0.6129"
"10,87 : 0.2408"
"87,10 : 0.2408"
"10,88 : 0.1044"
"88,10 : 0.1044"
"10,89 : 0.656"
"89,10 : 0.656"
"10,90 : 0.7655"
"90,10 : 0.7655"
"10,91 : 0.1476"
"91,10 : 0.1476"
"10,92 : 0.8412"
"92,10 : 0.8412"
"10,93 : 0.6576"
"93,10 : 0.6576"
"10,94 : 0.5"
"94,10 : 0.5"
"10,95 : 0.6963"
"95,10 : 0.6963"
"10,96 : 0.6075"
"96,10 : 0.6075"
"10,97 : 0.413"
"97,10 : 0.413"
"10,98 : 0.7058"
"98,10 : 0.7058"
"10,99 : 0.7253"
"99,10 : 0.7253"
"11,12 : 0.4701"
"12,11 : 0.4701"
"11,13 : 0.653"
"13,11 : 0.653"
"11,14 : 0.6041"
"14,11 : 0.6041"
"11,15 : 0.524"
"15,11 : 0.524"
"11,16 : 0.3276"
"16,11 : 0.3276"
"11,17 : 0.2844"
"17,11 : 0.2844"
"11,18 : 0.7566"
"18,11 : 0.7566"
"11,19 : 0.5757"
"19,11 : 0.5757"
"11,20 : 0.9107"
"20,11 : 0.9107"
"11,21 : 0.2625"
"21,11 : 0.2625"
"11,22 : 0.5825"
"22,11 : 0.5825"
"11,23 : 0.6818"
"23,11 : 0.6818"
"11,24 : 0.2953"
"24,11 : 0.2953"
"11,25 : 0.222"
"25,11 : 0.222"
"11,26 : 0.8635"
"26,11 : 0.8635"
"11,27 : 0.8429"
"27,11 : 0.8429"
"11,28 : 0.6629"
"28,11 : 0.6629"
"11,29 : 0.6774"
"29,11 : 0.6774"
"11,30 : 0.3847"
"30,11 : 0.3847"
"11,31 : 0.4201"
"31,11 : 0.4201"
"11,32 : 0.8429"
"32,11 : 0.8429"
"11,33 : 0.9683"
"33,11 : 0.9683"
"11,34 : 0.6113"
"34,11 : 0.6113"
"11,35 : 0.9841"
"35,11 : 0.9841"
"11,36 : 0.9211"
"36,11 : 0.9211"
"11,37 : 0.758"
"37,11 : 0.758"
"11,38 : 0.2865"
"38,11 : 0.2865"
"11,39 : 0.5946"
"39,11 : 0.5946"
"11,40 : 0.5644"
"40,11 : 0.5644"
"11,41 : 0.1"
"41,11 : 0.1"
"11,42 : 1.1678"
"42,11 : 1.1678"
"11,43 : 0.9841"
"43,11 : 0.9841"
"11,44 : 0.8158"
"44,11 : 0.8158"
"11,45 : 0.7125"
"45,11 : 0.7125"
"11,46 : 0.4105"
"46,11 : 0.4105"
"11,47 : 0.3302"
"47,11 : 0.3302"
"11,48 : 0.89"
"48,11 : 0.89"
"11,49 : 1.0179"
"49,11 : 1.0179"
"11,50 : 0.7543"
"50,11 : 0.7543"
"11,51 : 0.4002"
"51,11 : 0.4002"
"11,52 : 0.7684"
"52,11 : 0.7684"
"11,53 : 0.1"
"53,11 : 0.1"
"11,54 : 0.5772"
"54,11 : 0.5772"
"11,55 : 0.53"
"55,11 : 0.53"
"11,56 : 0.6538"
"56,11 : 0.6538"
"11,57 : 0.4301"
"57,11 : 0.4301"
"11,58 : 0.8509"
"58,11 : 0.8509"
"11,59 : 0.6546"
"59,11 : 0.6546"
"11,60 : 0.3329"
"60,11 : 0.3329"
"11,61 : 0.3401"
"61,11 : 0.3401"
"11,62 : 0.6519"
"62,11 : 0.6519"
"11,63 : 0.507"
"63,11 : 0.507"
"11,64 : 0.5725"
"64,11 : 0.5725"
"11,65 : 0.9571"
"65,11 : 0.9571"
"11,66 : 0.2341"
"66,11 : 0.2341"
"11,67 : 0.5161"
"67,11 : 0.5161"
"11,68 : 0.283"
"68,11 : 0.283"
"11,69 : 0.8201"
"69,11 : 0.8201"
"11,70 : 0.2864"
"70,11 : 0.2864"
"11,71 : 0.53"
"71,11 : 0.53"
"11,72 : 1.0891"
"72,11 : 1.0891"
"11,73 : 0.6466"
"73,11 : 0.6466"
"11,74 : 0.5277"
"74,11 : 0.5277"
"11,75 : 0.4105"
"75,11 : 0.4105"
"11,76 : 1.0062"
"76,11 : 1.0062"
"11,77 : 1.0395"
"77,11 : 1.0395"
"11,78 : 0.2202"
"78,11 : 0.2202"
"11,79 : 0.4519"
"79,11 : 0.4519"
"11,80 : 0.6676"
"80,11 : 0.6676"
"11,81 : 0.1442"
"81,11 : 0.1442"
"11,82 : 0.3338"
"82,11 : 0.3338"
"11,83 : 0.4682"
"83,11 : 0.4682"
"11,84 : 0.5903"
"84,11 : 0.5903"
"11,85 : 0.2864"
"85,11 : 0.2864"
"11,86 : 0.2563"
"86,11 : 0.2563"
"11,87 : 0.6657"
"87,11 : 0.6657"
"11,88 : 0.7452"
"88,11 : 0.7452"
"11,89 : 0.2088"
"89,11 : 0.2088"
"11,90 : 0.1649"
"90,11 : 0.1649"
"11,91 : 0.8021"
"91,11 : 0.8021"
"11,92 : 0.228"
"92,11 : 0.228"
"11,93 : 0.2707"
"93,11 : 0.2707"
"11,94 : 0.9024"
"94,11 : 0.9024"
"11,95 : 0.1825"
"95,11 : 0.1825"
"11,96 : 0.8101"
"96,11 : 0.8101"
"11,97 : 0.6719"
"97,11 : 0.6719"
"11,98 : 0.3354"
"98,11 : 0.3354"
"11,99 : 0.4026"
"99,11 : 0.4026"
"12,13 : 0.4111"
"13,12 : 0.4111"
"12,14 : 0.2147"
"14,12 : 0.2147"
"12,15 : 0.3493"
"15,12 : 0.3493"
"12,16 : 0.1616"
"16,12 : 0.1616"
"12,17 : 0.4993"
"17,12 : 0.4993"
"12,18 : 0.5247"
"18,12 : 0.5247"
"12,19 : 0.8374"
"19,12 : 0.8374"
"12,20 : 0.5547"
"20,12 : 0.5547"
"12,21 : 0.4579"
"21,12 : 0.4579"
"12,22 : 0.1487"
"22,12 : 0.1487"
"12,23 : 0.2184"
"23,12 : 0.2184"
"12,24 : 0.414"
"24,12 : 0.414"
"12,25 : 0.661"
"25,12 : 0.661"
"12,26 : 0.8728"
"26,12 : 0.8728"
"12,27 : 0.6265"
"27,12 : 0.6265"
"12,28 : 0.3688"
"28,12 : 0.3688"
"12,29 : 0.5825"
"29,12 : 0.5825"
"12,30 : 0.5523"
"30,12 : 0.5523"
"12,31 : 0.6313"
"31,12 : 0.6313"
"12,32 : 0.9214"
"32,12 : 0.9214"
"12,33 : 0.6363"
"33,12 : 0.6363"
"12,34 : 0.7382"
"34,12 : 0.7382"
"12,35 : 0.6665"
"35,12 : 0.6665"
"12,36 : 0.8615"
"36,12 : 0.8615"
"12,37 : 0.8229"
"37,12 : 0.8229"
"12,38 : 0.2555"
"38,12 : 0.2555"
"12,39 : 0.3912"
"39,12 : 0.3912"
"12,40 : 0.5162"
"40,12 : 0.5162"
"12,41 : 0.4159"
"41,12 : 0.4159"
"12,42 : 0.9082"
"42,12 : 0.9082"
"12,43 : 0.8814"
"43,12 : 0.8814"
"12,44 : 0.3625"
"44,12 : 0.3625"
"12,45 : 0.2452"
"45,12 : 0.2452"
"12,46 : 0.2555"
"46,12 : 0.2555"
"12,47 : 0.1414"
"47,12 : 0.1414"
"12,48 : 0.9976"
"48,12 : 0.9976"
"12,49 : 0.8448"
"49,12 : 0.8448"
"12,50 : 0.8365"
"50,12 : 0.8365"
"12,51 : 0.1131"
"51,12 : 0.1131"
"12,52 : 0.4876"
"52,12 : 0.4876"
"12,53 : 0.3962"
"53,12 : 0.3962"
"12,54 : 0.1581"
"54,12 : 0.1581"
"12,55 : 0.4793"
"55,12 : 0.4793"
"12,56 : 0.1897"
"56,12 : 0.1897"
"12,57 : 0.1342"
"57,12 : 0.1342"
"12,58 : 0.7317"
"58,12 : 0.7317"
"12,59 : 0.3667"
"59,12 : 0.3667"
"12,60 : 0.255"
"60,12 : 0.255"
"12,61 : 0.13"
"61,12 : 0.13"
"12,62 : 0.6462"
"62,12 : 0.6462"
"12,63 : 0.5882"
"63,12 : 0.5882"
"12,64 : 0.2532"
"64,12 : 0.2532"
"12,65 : 0.8405"
"65,12 : 0.8405"
"12,66 : 0.2596"
"66,12 : 0.2596"
"12,67 : 0.2943"
"67,12 : 0.2943"
"12,68 : 0.2693"
"68,12 : 0.2693"
"12,69 : 0.522"
"69,12 : 0.522"
"12,70 : 0.1965"
"70,12 : 0.1965"
"12,71 : 0.7009"
"71,12 : 0.7009"
"12,72 : 0.9334"
"72,12 : 0.9334"
"12,73 : 0.4937"
"73,12 : 0.4937"
"12,74 : 0.5143"
"74,12 : 0.5143"
"12,75 : 0.0608"
"75,12 : 0.0608"
"12,76 : 0.8902"
"76,12 : 0.8902"
"12,77 : 0.7749"
"77,12 : 0.7749"
"12,78 : 0.5239"
"78,12 : 0.5239"
"12,79 : 0.7718"
"79,12 : 0.7718"
"12,80 : 0.2476"
"80,12 : 0.2476"
"12,81 : 0.3569"
"81,12 : 0.3569"
"12,82 : 0.528"
"82,12 : 0.528"
"12,83 : 0.7628"
"83,12 : 0.7628"
"12,84 : 0.1237"
"84,12 : 0.1237"
"12,85 : 0.1965"
"85,12 : 0.1965"
"12,86 : 0.4442"
"86,12 : 0.4442"
"12,87 : 0.5609"
"87,12 : 0.5609"
"12,88 : 0.4805"
"88,12 : 0.4805"
"12,89 : 0.2746"
"89,12 : 0.2746"
"12,90 : 0.5316"
"90,12 : 0.5316"
"12,91 : 0.64"
"91,12 : 0.64"
"12,92 : 0.6332"
"92,12 : 0.6332"
"12,93 : 0.5197"
"93,12 : 0.5197"
"12,94 : 0.9109"
"94,12 : 0.9109"
"12,95 : 0.4717"
"95,12 : 0.4717"
"12,96 : 0.34"
"96,12 : 0.34"
"12,97 : 0.2408"
"97,12 : 0.2408"
"12,98 : 0.6191"
"98,12 : 0.6191"
"12,99 : 0.6851"
"99,12 : 0.6851"
"13,14 : 0.2309"
"14,13 : 0.2309"
"13,15 : 0.1304"
"15,13 : 0.1304"
"13,16 : 0.3936"
"16,13 : 0.3936"
"13,17 : 0.4713"
"17,13 : 0.4713"
"13,18 : 0.117"
"18,13 : 0.117"
"13,19 : 0.6825"
"19,13 : 0.6825"
"13,20 : 0.2844"
"20,13 : 0.2844"
"13,21 : 0.4531"
"21,13 : 0.4531"
"13,22 : 0.3081"
"22,13 : 0.3081"
