x,y
0.04,0.17
0.62,0.97
0.1,0.79
1.0,0.53
0.67,0.59
0.56,0.56
0.16,0.78
0.21,0.1
0.22,0.17
0.59,0.38
0.03,0.65
0.6,0.91
0.85,0.94
0.59,0.38
0.39,0.16
0.28,0.55
0.04,0.33
0.06,0.56
0.99,0.89
0.68,0.85
0.31,0.6
0.81,0.47
0.95,0.91
0.67,0.86
0.24,0.36
0.74,0.22
0.32,0.62
0.7,0.72
0.73,0.02
0.89,1.0
0.16,0.5
0.68,0.63
0.94,0.73
0.68,0.77
0.53,0.03
0.73,0.43
0.89,0.16
0.85,0.51
0.87,0.94
0.35,0.75
0.74,0.88
1.0,0.41
0.95,0.86
0.79,0.08
0.75,0.28
0.02,0.05
0.9,0.26
0.65,0.61
0.09,0.49
0.84,0.59
0.81,0.6
0.66,0.63
0.42,0.79
0.41,0.2
0.59,0.54
0.88,0.99
0.79,0.99
0.5,0.21
0.16,0.29
0.02,0.89
0.95,0.17
0.03,0.78
0.43,0.88
0.31,0.82
0.43,0.25
0.87,0.31
0.02,0.7
0.33,0.31
0.86,0.09
0.43,0.12
0.6,0.72
0.61,0.81
0.2,0.59
0.7,1.0
0.98,0.71
0.01,0.64
0.79,0.26
0.58,0.35
0.64,0.72
0.58,0.19
0.68,0.56
0.85,0.3
0.77,0.33
0.26,0.31
0.57,0.23
0.47,0.02
0.84,0.99
0.23,0.57
0.77,0.01
0.1,0.39
0.08,0.75
0.52,0.58
0.68,0.24
0.8,0.45
0.87,0.97
0.03,0.14
0.2,0.91
0.36,0.34
0.27,0.16
0.29,0.97

Distanze
"0,1 : 0.9881"
"1,0 : 0.9881"
"0,2 : 0.6229"
"2,0 : 0.6229"
"0,3 : 1.0253"
"3,0 : 1.0253"
"0,4 : 0.7572"
"4,0 : 0.7572"
"0,5 : 0.65"
"5,0 : 0.65"
"0,6 : 0.6217"
"6,0 : 0.6217"
"0,7 : 0.1838"
"7,0 : 0.1838"
"0,8 : 0.18"
"8,0 : 0.18"
"0,9 : 0.5887"
"9,0 : 0.5887"
"0,10 : 0.4801"
"10,0 : 0.4801"
"0,11 : 0.928"
"11,0 : 0.928"
"0,12 : 1.1176"
"12,0 : 1.1176"
"0,13 : 0.5887"
"13,0 : 0.5887"
"0,14 : 0.3501"
"14,0 : 0.3501"
"0,15 : 0.4494"
"15,0 : 0.4494"
"0,16 : 0.16"
"16,0 : 0.16"
"0,17 : 0.3905"
"17,0 : 0.3905"
"0,18 : 1.192"
"18,0 : 1.192"
"0,19 : 0.9338"
"19,0 : 0.9338"
"0,20 : 0.5077"
"20,0 : 0.5077"
"0,21 : 0.8264"
"21,0 : 0.8264"
"0,22 : 1.1729"
"22,0 : 1.1729"
"0,23 : 0.9343"
"23,0 : 0.9343"
"0,24 : 0.2759"
"24,0 : 0.2759"
"0,25 : 0.7018"
"25,0 : 0.7018"
"0,26 : 0.53"
"26,0 : 0.53"
"0,27 : 0.8591"
"27,0 : 0.8591"
"0,28 : 0.7061"
"28,0 : 0.7061"
"0,29 : 1.188"
"29,0 : 1.188"
"0,30 : 0.3511"
"30,0 : 0.3511"
"0,31 : 0.7882"
"31,0 : 0.7882"
"0,32 : 1.06"
"32,0 : 1.06"
"0,33 : 0.8773"
"33,0 : 0.8773"
"0,34 : 0.5096"
"34,0 : 0.5096"
"0,35 : 0.7374"
"35,0 : 0.7374"
"0,36 : 0.8501"
"36,0 : 0.8501"
"0,37 : 0.8785"
"37,0 : 0.8785"
"0,38 : 1.1322"
"38,0 : 1.1322"
"0,39 : 0.6576"
"39,0 : 0.6576"
"0,40 : 0.997"
"40,0 : 0.997"
"0,41 : 0.9895"
"41,0 : 0.9895"
"0,42 : 1.142"
"42,0 : 1.142"
"0,43 : 0.7554"
"43,0 : 0.7554"
"0,44 : 0.7185"
"44,0 : 0.7185"
"0,45 : 0.1217"
"45,0 : 0.1217"
"0,46 : 0.8647"
"46,0 : 0.8647"
"0,47 : 0.7521"
"47,0 : 0.7521"
"0,48 : 0.3239"
"48,0 : 0.3239"
"0,49 : 0.9035"
"49,0 : 0.9035"
"0,50 : 0.8819"
"50,0 : 0.8819"
"0,51 : 0.772"
"51,0 : 0.772"
"0,52 : 0.7272"
"52,0 : 0.7272"
"0,53 : 0.3712"
"53,0 : 0.3712"
"0,54 : 0.6629"
"54,0 : 0.6629"
"0,55 : 1.1739"
"55,0 : 1.1739"
"0,56 : 1.1113"
"56,0 : 1.1113"
"0,57 : 0.4617"
"57,0 : 0.4617"
"0,58 : 0.1697"
"58,0 : 0.1697"
"0,59 : 0.7203"
"59,0 : 0.7203"
"0,60 : 0.91"
"60,0 : 0.91"
"0,61 : 0.6101"
"61,0 : 0.6101"
"0,62 : 0.8101"
"62,0 : 0.8101"
"0,63 : 0.7038"
"63,0 : 0.7038"
"0,64 : 0.3981"
"64,0 : 0.3981"
"0,65 : 0.8417"
"65,0 : 0.8417"
"0,66 : 0.5304"
"66,0 : 0.5304"
"0,67 : 0.322"
"67,0 : 0.322"
"0,68 : 0.8239"
"68,0 : 0.8239"
"0,69 : 0.3932"
"69,0 : 0.3932"
"0,70 : 0.7849"
"70,0 : 0.7849"
"0,71 : 0.857"
"71,0 : 0.857"
"0,72 : 0.4494"
"72,0 : 0.4494"
"0,73 : 1.0604"
"73,0 : 1.0604"
"0,74 : 1.0841"
"74,0 : 1.0841"
"0,75 : 0.471"
"75,0 : 0.471"
"0,76 : 0.7554"
"76,0 : 0.7554"
"0,77 : 0.5692"
"77,0 : 0.5692"
"0,78 : 0.8139"
"78,0 : 0.8139"
"0,79 : 0.5404"
"79,0 : 0.5404"
"0,80 : 0.7495"
"80,0 : 0.7495"
"0,81 : 0.8204"
"81,0 : 0.8204"
"0,82 : 0.7473"
"82,0 : 0.7473"
"0,83 : 0.2608"
"83,0 : 0.2608"
"0,84 : 0.5334"
"84,0 : 0.5334"
"0,85 : 0.4554"
"85,0 : 0.4554"
"0,86 : 1.1456"
"86,0 : 1.1456"
"0,87 : 0.4428"
"87,0 : 0.4428"
"0,88 : 0.7473"
"88,0 : 0.7473"
"0,89 : 0.228"
"89,0 : 0.228"
"0,90 : 0.5814"
"90,0 : 0.5814"
"0,91 : 0.6313"
"91,0 : 0.6313"
"0,92 : 0.6438"
"92,0 : 0.6438"
"0,93 : 0.8099"
"93,0 : 0.8099"
"0,94 : 1.1528"
"94,0 : 1.1528"
"0,95 : 0.0316"
"95,0 : 0.0316"
"0,96 : 0.7571"
"96,0 : 0.7571"
"0,97 : 0.3624"
"97,0 : 0.3624"
"0,98 : 0.2302"
"98,0 : 0.2302"
"0,99 : 0.8382"
"99,0 : 0.8382"
"1,2 : 0.5503"
"2,1 : 0.5503"
"1,3 : 0.5814"
"3,1 : 0.5814"
"1,4 : 0.3833"
"4,1 : 0.3833"
"1,5 : 0.4144"
"5,1 : 0.4144"
"1,6 : 0.4977"
"6,1 : 0.4977"
"1,7 : 0.9618"
"7,1 : 0.9618"
"1,8 : 0.8944"
"8,1 : 0.8944"
"1,9 : 0.5908"
"9,1 : 0.5908"
"1,10 : 0.6712"
"10,1 : 0.6712"
"1,11 : 0.0632"
"11,1 : 0.0632"
"1,12 : 0.2319"
"12,1 : 0.2319"
"1,13 : 0.5908"
"13,1 : 0.5908"
"1,14 : 0.842"
"14,1 : 0.842"
"1,15 : 0.5404"
"15,1 : 0.5404"
"1,16 : 0.8637"
"16,1 : 0.8637"
"1,17 : 0.694"
"17,1 : 0.694"
"1,18 : 0.3785"
"18,1 : 0.3785"
"1,19 : 0.1342"
"19,1 : 0.1342"
"1,20 : 0.4827"
"20,1 : 0.4827"
"1,21 : 0.5349"
"21,1 : 0.5349"
"1,22 : 0.3354"
"22,1 : 0.3354"
"1,23 : 0.1208"
"23,1 : 0.1208"
"1,24 : 0.7187"
"24,1 : 0.7187"
"1,25 : 0.7595"
"25,1 : 0.7595"
"1,26 : 0.461"
"26,1 : 0.461"
"1,27 : 0.2625"
"27,1 : 0.2625"
"1,28 : 0.9563"
"28,1 : 0.9563"
"1,29 : 0.2717"
"29,1 : 0.2717"
"1,30 : 0.6576"
"30,1 : 0.6576"
"1,31 : 0.3453"
"31,1 : 0.3453"
"1,32 : 0.4"
"32,1 : 0.4"
"1,33 : 0.2088"
"33,1 : 0.2088"
"1,34 : 0.9443"
"34,1 : 0.9443"
"1,35 : 0.5511"
"35,1 : 0.5511"
"1,36 : 0.8538"
"36,1 : 0.8538"
"1,37 : 0.5143"
"37,1 : 0.5143"
"1,38 : 0.2518"
"38,1 : 0.2518"
"1,39 : 0.3483"
"39,1 : 0.3483"
"1,40 : 0.15"
"40,1 : 0.15"
"1,41 : 0.6768"
"41,1 : 0.6768"
"1,42 : 0.3479"
"42,1 : 0.3479"
"1,43 : 0.9061"
"43,1 : 0.9061"
"1,44 : 0.7021"
"44,1 : 0.7021"
"1,45 : 1.0984"
"45,1 : 1.0984"
"1,46 : 0.7632"
"46,1 : 0.7632"
"1,47 : 0.3612"
"47,1 : 0.3612"
"1,48 : 0.7151"
"48,1 : 0.7151"
"1,49 : 0.4391"
"49,1 : 0.4391"
"1,50 : 0.4159"
"50,1 : 0.4159"
"1,51 : 0.3423"
"51,1 : 0.3423"
"1,52 : 0.2691"
"52,1 : 0.2691"
"1,53 : 0.7981"
"53,1 : 0.7981"
"1,54 : 0.431"
"54,1 : 0.431"
"1,55 : 0.2608"
"55,1 : 0.2608"
"1,56 : 0.1712"
"56,1 : 0.1712"
"1,57 : 0.7694"
"57,1 : 0.7694"
"1,58 : 0.821"
"58,1 : 0.821"
"1,59 : 0.6053"
"59,1 : 0.6053"
"1,60 : 0.8654"
"60,1 : 0.8654"
"1,61 : 0.6198"
"61,1 : 0.6198"
"1,62 : 0.2102"
"62,1 : 0.2102"
"1,63 : 0.3444"
"63,1 : 0.3444"
"1,64 : 0.7446"
"64,1 : 0.7446"
"1,65 : 0.7058"
"65,1 : 0.7058"
"1,66 : 0.658"
"66,1 : 0.658"
"1,67 : 0.7209"
"67,1 : 0.7209"
"1,68 : 0.9121"
"68,1 : 0.9121"
"1,69 : 0.871"
"69,1 : 0.871"
"1,70 : 0.2508"
"70,1 : 0.2508"
"1,71 : 0.1603"
"71,1 : 0.1603"
"1,72 : 0.5664"
"72,1 : 0.5664"
"1,73 : 0.0854"
"73,1 : 0.0854"
"1,74 : 0.4441"
"74,1 : 0.4441"
"1,75 : 0.6935"
"75,1 : 0.6935"
"1,76 : 0.7301"
"76,1 : 0.7301"
"1,77 : 0.6213"
"77,1 : 0.6213"
"1,78 : 0.2508"
"78,1 : 0.2508"
"1,79 : 0.781"
"79,1 : 0.781"
"1,80 : 0.4144"
"80,1 : 0.4144"
"1,81 : 0.7084"
"81,1 : 0.7084"
"1,82 : 0.6573"
"82,1 : 0.6573"
"1,83 : 0.7518"
"83,1 : 0.7518"
"1,84 : 0.7417"
"84,1 : 0.7417"
"1,85 : 0.9618"
"85,1 : 0.9618"
"1,86 : 0.2209"
"86,1 : 0.2209"
"1,87 : 0.5587"
"87,1 : 0.5587"
"1,88 : 0.9716"
"88,1 : 0.9716"
"1,89 : 0.779"
"89,1 : 0.779"
"1,90 : 0.5831"
"90,1 : 0.5831"
"1,91 : 0.4026"
"91,1 : 0.4026"
"1,92 : 0.7325"
"92,1 : 0.7325"
"1,93 : 0.5503"
"93,1 : 0.5503"
"1,94 : 0.25"
"94,1 : 0.25"
"1,95 : 1.0183"
"95,1 : 1.0183"
"1,96 : 0.4243"
"96,1 : 0.4243"
"1,97 : 0.6815"
"97,1 : 0.6815"
"1,98 : 0.8824"
"98,1 : 0.8824"
"1,99 : 0.33"
"99,1 : 0.33"
"2,3 : 0.9368"
"3,2 : 0.9368"
"2,4 : 0.6041"
"4,2 : 0.6041"
"2,5 : 0.5143"
"5,2 : 0.5143"
"2,6 : 0.0608"
"6,2 : 0.0608"
"2,7 : 0.6987"
"7,2 : 0.6987"
"2,8 : 0.6315"
"8,2 : 0.6315"
"2,9 : 0.6389"
"9,2 : 0.6389"
"2,10 : 0.1565"
"10,2 : 0.1565"
"2,11 : 0.5142"
"11,2 : 0.5142"
"2,12 : 0.7649"
"12,2 : 0.7649"
"2,13 : 0.6389"
"13,2 : 0.6389"
"2,14 : 0.6935"
"14,2 : 0.6935"
"2,15 : 0.3"
"15,2 : 0.3"
"2,16 : 0.4639"
"16,2 : 0.4639"
"2,17 : 0.2335"
"17,2 : 0.2335"
"2,18 : 0.8956"
"18,2 : 0.8956"
"2,19 : 0.5831"
"19,2 : 0.5831"
"2,20 : 0.2832"
"20,2 : 0.2832"
"2,21 : 0.7788"
"21,2 : 0.7788"
"2,22 : 0.8584"
"22,2 : 0.8584"
"2,23 : 0.5743"
"23,2 : 0.5743"
"2,24 : 0.4522"
"24,2 : 0.4522"
"2,25 : 0.857"
"25,2 : 0.857"
"2,26 : 0.278"
"26,2 : 0.278"
"2,27 : 0.6041"
"27,2 : 0.6041"
"2,28 : 0.9949"
"28,2 : 0.9949"
"2,29 : 0.8174"
"29,2 : 0.8174"
"2,30 : 0.2961"
"30,2 : 0.2961"
"2,31 : 0.6017"
"31,2 : 0.6017"
"2,32 : 0.8421"
"32,2 : 0.8421"
"2,33 : 0.5803"
"33,2 : 0.5803"
"2,34 : 0.8732"
"34,2 : 0.8732"
"2,35 : 0.7256"
"35,2 : 0.7256"
"2,36 : 1.0104"
"36,2 : 1.0104"
"2,37 : 0.8006"
"37,2 : 0.8006"
"2,38 : 0.7845"
"38,2 : 0.7845"
"2,39 : 0.2532"
"39,2 : 0.2532"
"2,40 : 0.6463"
"40,2 : 0.6463"
"2,41 : 0.9769"
"41,2 : 0.9769"
"2,42 : 0.8529"
"42,2 : 0.8529"
"2,43 : 0.9901"
"43,2 : 0.9901"
"2,44 : 0.8262"
"44,2 : 0.8262"
"2,45 : 0.7443"
"45,2 : 0.7443"
"2,46 : 0.9596"
"46,2 : 0.9596"
"2,47 : 0.5787"
"47,2 : 0.5787"
"2,48 : 0.3002"
"48,2 : 0.3002"
"2,49 : 0.7666"
"49,2 : 0.7666"
"2,50 : 0.735"
"50,2 : 0.735"
"2,51 : 0.5824"
"51,2 : 0.5824"
"2,52 : 0.32"
"52,2 : 0.32"
"2,53 : 0.6665"
"53,2 : 0.6665"
"2,54 : 0.5501"
"54,2 : 0.5501"
"2,55 : 0.8052"
"55,2 : 0.8052"
"2,56 : 0.7184"
"56,2 : 0.7184"
"2,57 : 0.7046"
"57,2 : 0.7046"
"2,58 : 0.5036"
"58,2 : 0.5036"
"2,59 : 0.1281"
"59,2 : 0.1281"
"2,60 : 1.0521"
"60,2 : 1.0521"
"2,61 : 0.0707"
"61,2 : 0.0707"
"2,62 : 0.3421"
"62,2 : 0.3421"
"2,63 : 0.2121"
"63,2 : 0.2121"
"2,64 : 0.6329"
"64,2 : 0.6329"
"2,65 : 0.9074"
"65,2 : 0.9074"
"2,66 : 0.1204"
"66,2 : 0.1204"
"2,67 : 0.5323"
"67,2 : 0.5323"
"2,68 : 1.0332"
"68,2 : 1.0332"
"2,69 : 0.7469"
"69,2 : 0.7469"
"2,70 : 0.5049"
"70,2 : 0.5049"
"2,71 : 0.5104"
"71,2 : 0.5104"
"2,72 : 0.2236"
"72,2 : 0.2236"
"2,73 : 0.6357"
"73,2 : 0.6357"
"2,74 : 0.8836"
"74,2 : 0.8836"
"2,75 : 0.1749"
"75,2 : 0.1749"
"2,76 : 0.8701"
"76,2 : 0.8701"
"2,77 : 0.6512"
"77,2 : 0.6512"
"2,78 : 0.5445"
"78,2 : 0.5445"
"2,79 : 0.7684"
"79,2 : 0.7684"
"2,80 : 0.6239"
"80,2 : 0.6239"
"2,81 : 0.8959"
"81,2 : 0.8959"
"2,82 : 0.8127"
"82,2 : 0.8127"
"2,83 : 0.506"
"83,2 : 0.506"
"2,84 : 0.7311"
"84,2 : 0.7311"
"2,85 : 0.8543"
"85,2 : 0.8543"
"2,86 : 0.7666"
"86,2 : 0.7666"
"2,87 : 0.2555"
"87,2 : 0.2555"
"2,88 : 1.0283"
"88,2 : 1.0283"
"2,89 : 0.4"
"89,2 : 0.4"
"2,90 : 0.0447"
"90,2 : 0.0447"
"2,91 : 0.4696"
"91,2 : 0.4696"
"2,92 : 0.7993"
"92,2 : 0.7993"
"2,93 : 0.7782"
"93,2 : 0.7782"
"2,94 : 0.7908"
"94,2 : 0.7908"
"2,95 : 0.6538"
"95,2 : 0.6538"
"2,96 : 0.1562"
"96,2 : 0.1562"
"2,97 : 0.5197"
"97,2 : 0.5197"
"2,98 : 0.6525"
"98,2 : 0.6525"
"2,99 : 0.2617"
"99,2 : 0.2617"
"3,4 : 0.3354"
"4,3 : 0.3354"
"3,5 : 0.441"
"5,3 : 0.441"
"3,6 : 0.8764"
"6,3 : 0.8764"
"3,7 : 0.8994"
"7,3 : 0.8994"
"3,8 : 0.8591"
"8,3 : 0.8591"
"3,9 : 0.4366"
"9,3 : 0.4366"
"3,10 : 0.9774"
"10,3 : 0.9774"
"3,11 : 0.5517"
"11,3 : 0.5517"
"3,12 : 0.4366"
"12,3 : 0.4366"
"3,13 : 0.4366"
"13,3 : 0.4366"
"3,14 : 0.7134"
"14,3 : 0.7134"
"3,15 : 0.7203"
"15,3 : 0.7203"
"3,16 : 0.9806"
"16,3 : 0.9806"
"3,17 : 0.9405"
"17,3 : 0.9405"
"3,18 : 0.3601"
"18,3 : 0.3601"
"3,19 : 0.4525"
"19,3 : 0.4525"
"3,20 : 0.6935"
"20,3 : 0.6935"
"3,21 : 0.1992"
"21,3 : 0.1992"
"3,22 : 0.3833"
"22,3 : 0.3833"
"3,23 : 0.4667"
"23,3 : 0.4667"
"3,24 : 0.7788"
"24,3 : 0.7788"
"3,25 : 0.4046"
"25,3 : 0.4046"
"3,26 : 0.6859"
"26,3 : 0.6859"
"3,27 : 0.3551"
"27,3 : 0.3551"
"3,28 : 0.5771"
"28,3 : 0.5771"
"3,29 : 0.4827"
"29,3 : 0.4827"
"3,30 : 0.8405"
"30,3 : 0.8405"
"3,31 : 0.3353"
"31,3 : 0.3353"
"3,32 : 0.2088"
"32,3 : 0.2088"
"3,33 : 0.4"
"33,3 : 0.4"
"3,34 : 0.6862"
"34,3 : 0.6862"
"3,35 : 0.2879"
"35,3 : 0.2879"
"3,36 : 0.386"
"36,3 : 0.386"
"3,37 : 0.1513"
"37,3 : 0.1513"
"3,38 : 0.4301"
"38,3 : 0.4301"
"3,39 : 0.6862"
"39,3 : 0.6862"
"3,40 : 0.436"
"40,3 : 0.436"
"3,41 : 0.12"
"41,3 : 0.12"
"3,42 : 0.3338"
"42,3 : 0.3338"
"3,43 : 0.4966"
"43,3 : 0.4966"
"3,44 : 0.3536"
"44,3 : 0.3536"
"3,45 : 1.0912"
"45,3 : 1.0912"
"3,46 : 0.2879"
"46,3 : 0.2879"
"3,47 : 0.359"
"47,3 : 0.359"
"3,48 : 0.9109"
"48,3 : 0.9109"
"3,49 : 0.1709"
"49,3 : 0.1709"
"3,50 : 0.2025"
"50,3 : 0.2025"
"3,51 : 0.3544"
"51,3 : 0.3544"
"3,52 : 0.6356"
"52,3 : 0.6356"
"3,53 : 0.676"
"53,3 : 0.676"
"3,54 : 0.4101"
"54,3 : 0.4101"
"3,55 : 0.4754"
"55,3 : 0.4754"
"3,56 : 0.5057"
"56,3 : 0.5057"
"3,57 : 0.5936"
"57,3 : 0.5936"
"3,58 : 0.8736"
"58,3 : 0.8736"
"3,59 : 1.044"
"59,3 : 1.044"
"3,60 : 0.3635"
"60,3 : 0.3635"
"3,61 : 1.0017"
"61,3 : 1.0017"
"3,62 : 0.6689"
"62,3 : 0.6689"
"3,63 : 0.7485"
"63,3 : 0.7485"
"3,64 : 0.6351"
"64,3 : 0.6351"
"3,65 : 0.2555"
"65,3 : 0.2555"
"3,66 : 0.9946"
"66,3 : 0.9946"
"3,67 : 0.7052"
"67,3 : 0.7052"
"3,68 : 0.4617"
"68,3 : 0.4617"
"3,69 : 0.7021"
"69,3 : 0.7021"
"3,70 : 0.4428"
"70,3 : 0.4428"
"3,71 : 0.4801"
"71,3 : 0.4801"
"3,72 : 0.8022"
"72,3 : 0.8022"
"3,73 : 0.5576"
"73,3 : 0.5576"
"3,74 : 0.1811"
"74,3 : 0.1811"
"3,75 : 0.9961"
"75,3 : 0.9961"
"3,76 : 0.3421"
"76,3 : 0.3421"
"3,77 : 0.4569"
"77,3 : 0.4569"
"3,78 : 0.4071"
"78,3 : 0.4071"
"3,79 : 0.5404"
"79,3 : 0.5404"
"3,80 : 0.3214"
"80,3 : 0.3214"
"3,81 : 0.2746"
"81,3 : 0.2746"
"3,82 : 0.3048"
"82,3 : 0.3048"
"3,83 : 0.772"
"83,3 : 0.772"
"3,84 : 0.5243"
"84,3 : 0.5243"
"3,85 : 0.7355"
"85,3 : 0.7355"
"3,86 : 0.487"
"86,3 : 0.487"
"3,87 : 0.771"
"87,3 : 0.771"
"3,88 : 0.5686"
"88,3 : 0.5686"
"3,89 : 0.9108"
"89,3 : 0.9108"
"3,90 : 0.9459"
"90,3 : 0.9459"
"3,91 : 0.4826"
"91,3 : 0.4826"
"3,92 : 0.4319"
"92,3 : 0.4319"
"3,93 : 0.2154"
"93,3 : 0.2154"
"3,94 : 0.4588"
"94,3 : 0.4588"
"3,95 : 1.0455"
"95,3 : 1.0455"
"3,96 : 0.8857"
"96,3 : 0.8857"
"3,97 : 0.6676"
"97,3 : 0.6676"
"3,98 : 0.8184"
"98,3 : 0.8184"
"3,99 : 0.8353"
"99,3 : 0.8353"
"4,5 : 0.114"
"5,4 : 0.114"
"4,6 : 0.5442"
"6,4 : 0.5442"
"4,7 : 0.6721"
"7,4 : 0.6721"
"4,8 : 0.6155"
"8,4 : 0.6155"
"4,9 : 0.2247"
"9,4 : 0.2247"
"4,10 : 0.6428"
"10,4 : 0.6428"
"4,11 : 0.3276"
"11,4 : 0.3276"
"4,12 : 0.3936"
"12,4 : 0.3936"
"4,13 : 0.2247"
"13,4 : 0.2247"
"4,14 : 0.5131"
"14,4 : 0.5131"
"4,15 : 0.392"
"15,4 : 0.392"
"4,16 : 0.6815"
"16,4 : 0.6815"
"4,17 : 0.6107"
"17,4 : 0.6107"
"4,18 : 0.4386"
"18,4 : 0.4386"
"4,19 : 0.2602"
"19,4 : 0.2602"
"4,20 : 0.3601"
"20,4 : 0.3601"
"4,21 : 0.1844"
"21,4 : 0.1844"
"4,22 : 0.4252"
"22,4 : 0.4252"
"4,23 : 0.27"
"23,4 : 0.27"
"4,24 : 0.4876"
"24,4 : 0.4876"
"4,25 : 0.3766"
"25,4 : 0.3766"
"4,26 : 0.3513"
"26,4 : 0.3513"
"4,27 : 0.1334"
"27,4 : 0.1334"
"4,28 : 0.5731"
"28,4 : 0.5731"
"4,29 : 0.4653"
"29,4 : 0.4653"
"4,30 : 0.5179"
"30,4 : 0.5179"
"4,31 : 0.0412"
"31,4 : 0.0412"
"4,32 : 0.3041"
"32,4 : 0.3041"
"4,33 : 0.1803"
"33,4 : 0.1803"
"4,34 : 0.5772"
"34,4 : 0.5772"
"4,35 : 0.1709"
"35,4 : 0.1709"
"4,36 : 0.483"
"36,4 : 0.483"
"4,37 : 0.197"
"37,4 : 0.197"
"4,38 : 0.4031"
"38,4 : 0.4031"
"4,39 : 0.3578"
"39,4 : 0.3578"
"4,40 : 0.2983"
"40,4 : 0.2983"
"4,41 : 0.3759"
"41,4 : 0.3759"
"4,42 : 0.389"
"42,4 : 0.389"
"4,43 : 0.5239"
"43,4 : 0.5239"
"4,44 : 0.3202"
"44,4 : 0.3202"
"4,45 : 0.845"
"45,4 : 0.845"
"4,46 : 0.4022"
"46,4 : 0.4022"
"4,47 : 0.0283"
"47,4 : 0.0283"
"4,48 : 0.5886"
"48,4 : 0.5886"
"4,49 : 0.17"
"49,4 : 0.17"
"4,50 : 0.1404"
"50,4 : 0.1404"
"4,51 : 0.0412"
"51,4 : 0.0412"
"4,52 : 0.3202"
"52,4 : 0.3202"
"4,53 : 0.4687"
"53,4 : 0.4687"
"4,54 : 0.0943"
"54,4 : 0.0943"
"4,55 : 0.4518"
"55,4 : 0.4518"
"4,56 : 0.4176"
"56,4 : 0.4176"
"4,57 : 0.4163"
"57,4 : 0.4163"
"4,58 : 0.5917"
"58,4 : 0.5917"
"4,59 : 0.7159"
"59,4 : 0.7159"
"4,60 : 0.5048"
"60,4 : 0.5048"
"4,61 : 0.6676"
"61,4 : 0.6676"
"4,62 : 0.3764"
"62,4 : 0.3764"
"4,63 : 0.4272"
"63,4 : 0.4272"
"4,64 : 0.4162"
"64,4 : 0.4162"
"4,65 : 0.3441"
"65,4 : 0.3441"
"4,66 : 0.6592"
"66,4 : 0.6592"
"4,67 : 0.4405"
"67,4 : 0.4405"
"4,68 : 0.5349"
"68,4 : 0.5349"
"4,69 : 0.5277"
"69,4 : 0.5277"
"4,70 : 0.1476"
"70,4 : 0.1476"
"4,71 : 0.228"
"71,4 : 0.228"
"4,72 : 0.47"
"72,4 : 0.47"
"4,73 : 0.4111"
"73,4 : 0.4111"
"4,74 : 0.3324"
"74,4 : 0.3324"
"4,75 : 0.6619"
"75,4 : 0.6619"
"4,76 : 0.3511"
"76,4 : 0.3511"
"4,77 : 0.2563"
"77,4 : 0.2563"
"4,78 : 0.1334"
"78,4 : 0.1334"
"4,79 : 0.41"
"79,4 : 0.41"
"4,80 : 0.0316"
"80,4 : 0.0316"
"4,81 : 0.3413"
"81,4 : 0.3413"
"4,82 : 0.2786"
"82,4 : 0.2786"
"4,83 : 0.4965"
"83,4 : 0.4965"
"4,84 : 0.3736"
"84,4 : 0.3736"
"4,85 : 0.6041"
"85,4 : 0.6041"
"4,86 : 0.4346"
"86,4 : 0.4346"
"4,87 : 0.4405"
"87,4 : 0.4405"
"4,88 : 0.5886"
"88,4 : 0.5886"
"4,89 : 0.6041"
"89,4 : 0.6041"
"4,90 : 0.6113"
"90,4 : 0.6113"
"4,91 : 0.1503"
"91,4 : 0.1503"
"4,92 : 0.3501"
"92,4 : 0.3501"
"4,93 : 0.191"
"93,4 : 0.191"
"4,94 : 0.4294"
"94,4 : 0.4294"
"4,95 : 0.7824"
"95,4 : 0.7824"
"4,96 : 0.5686"
"96,4 : 0.5686"
"4,97 : 0.3982"
"97,4 : 0.3982"
"4,98 : 0.5873"
"98,4 : 0.5873"
"4,99 : 0.5374"
"99,4 : 0.5374"
"5,6 : 0.4565"
"6,5 : 0.4565"
"5,7 : 0.578"
"7,5 : 0.578"
"5,8 : 0.5174"
"8,5 : 0.5174"
"5,9 : 0.1825"
"9,5 : 0.1825"
"5,10 : 0.5376"
"10,5 : 0.5376"
"5,11 : 0.3523"
"11,5 : 0.3523"
"5,12 : 0.478"
"12,5 : 0.478"
"5,13 : 0.1825"
"13,5 : 0.1825"
"5,14 : 0.4346"
"14,5 : 0.4346"
"5,15 : 0.2802"
"15,5 : 0.2802"
"5,16 : 0.5686"
"16,5 : 0.5686"
"5,17 : 0.5"
"17,5 : 0.5"
"5,18 : 0.542"
"18,5 : 0.542"
"5,19 : 0.3138"
"19,5 : 0.3138"
"5,20 : 0.2532"
"20,5 : 0.2532"
"5,21 : 0.2657"
"21,5 : 0.2657"
"5,22 : 0.524"
"22,5 : 0.524"
"5,23 : 0.3195"
"23,5 : 0.3195"
"5,24 : 0.3774"
"24,5 : 0.3774"
"5,25 : 0.3847"
"25,5 : 0.3847"
"5,26 : 0.2474"
"26,5 : 0.2474"
"5,27 : 0.2126"
"27,5 : 0.2126"
"5,28 : 0.5661"
"28,5 : 0.5661"
"5,29 : 0.55"
"29,5 : 0.55"
"5,30 : 0.4045"
"30,5 : 0.4045"
"5,31 : 0.1389"
"31,5 : 0.1389"
"5,32 : 0.4163"
"32,5 : 0.4163"
"5,33 : 0.2419"
"33,5 : 0.2419"
"5,34 : 0.5308"
"34,5 : 0.5308"
"5,35 : 0.214"
"35,5 : 0.214"
"5,36 : 0.5186"
"36,5 : 0.5186"
"5,37 : 0.2943"
"37,5 : 0.2943"
"5,38 : 0.4904"
"38,5 : 0.4904"
"5,39 : 0.2832"
"39,5 : 0.2832"
"5,40 : 0.3672"
"40,5 : 0.3672"
"5,41 : 0.4649"
"41,5 : 0.4649"
"5,42 : 0.492"
"42,5 : 0.492"
"5,43 : 0.5323"
"43,5 : 0.5323"
"5,44 : 0.3384"
"44,5 : 0.3384"
"5,45 : 0.7428"
"45,5 : 0.7428"
"5,46 : 0.4534"
"46,5 : 0.4534"
"5,47 : 0.103"
"47,5 : 0.103"
"5,48 : 0.4752"
"48,5 : 0.4752"
"5,49 : 0.2816"
"49,5 : 0.2816"
"5,50 : 0.2532"
"50,5 : 0.2532"
"5,51 : 0.1221"
"51,5 : 0.1221"
"5,52 : 0.2693"
"52,5 : 0.2693"
"5,53 : 0.39"
"53,5 : 0.39"
"5,54 : 0.0361"
"54,5 : 0.0361"
"5,55 : 0.536"
"55,5 : 0.536"
"5,56 : 0.4876"
"56,5 : 0.4876"
"5,57 : 0.3551"
"57,5 : 0.3551"
"5,58 : 0.4826"
"58,5 : 0.4826"
"5,59 : 0.6329"
"59,5 : 0.6329"
"5,60 : 0.5515"
"60,5 : 0.5515"
"5,61 : 0.5738"
"61,5 : 0.5738"
"5,62 : 0.3454"
"62,5 : 0.3454"
"5,63 : 0.3607"
"63,5 : 0.3607"
"5,64 : 0.3362"
"64,5 : 0.3362"
"5,65 : 0.3982"
"65,5 : 0.3982"
"5,66 : 0.5579"
"66,5 : 0.5579"
"5,67 : 0.3397"
"67,5 : 0.3397"
"5,68 : 0.5576"
"68,5 : 0.5576"
"5,69 : 0.4588"
"69,5 : 0.4588"
"5,70 : 0.1649"
"70,5 : 0.1649"
"5,71 : 0.255"
"71,5 : 0.255"
"5,72 : 0.3612"
"72,5 : 0.3612"
"5,73 : 0.4617"
"73,5 : 0.4617"
"5,74 : 0.446"
"74,5 : 0.446"
"5,75 : 0.5558"
"75,5 : 0.5558"
"5,76 : 0.378"
"76,5 : 0.378"
"5,77 : 0.211"
"77,5 : 0.211"
"5,78 : 0.1789"
"78,5 : 0.1789"
"5,79 : 0.3705"
"79,5 : 0.3705"
"5,80 : 0.12"
"80,5 : 0.12"
"5,81 : 0.3895"
"81,5 : 0.3895"
"5,82 : 0.3114"
"82,5 : 0.3114"
"5,83 : 0.3905"
"83,5 : 0.3905"
"5,84 : 0.3302"
"84,5 : 0.3302"
"5,85 : 0.5474"
"85,5 : 0.5474"
"5,86 : 0.5131"
"86,5 : 0.5131"
"5,87 : 0.3302"
"87,5 : 0.3302"
"5,88 : 0.5887"
"88,5 : 0.5887"
"5,89 : 0.4904"
"89,5 : 0.4904"
"5,90 : 0.5162"
"90,5 : 0.5162"
"5,91 : 0.0447"
"91,5 : 0.0447"
"5,92 : 0.3418"
"92,5 : 0.3418"
"5,93 : 0.264"
"93,5 : 0.264"
"5,94 : 0.514"
"94,5 : 0.514"
"5,95 : 0.6762"
"95,5 : 0.6762"
"5,96 : 0.5021"
"96,5 : 0.5021"
"5,97 : 0.2973"
"97,5 : 0.2973"
"5,98 : 0.4941"
"98,5 : 0.4941"
"5,99 : 0.4909"
"99,5 : 0.4909"
"6,7 : 0.6818"
"7,6 : 0.6818"
"6,8 : 0.6129"
"8,6 : 0.6129"
"6,9 : 0.5873"
"9,6 : 0.5873"
"6,10 : 0.1838"
"10,6 : 0.1838"
"6,11 : 0.4588"
"11,6 : 0.4588"
"6,12 : 0.7083"
"12,6 : 0.7083"
"6,13 : 0.5873"
"13,6 : 0.5873"
"6,14 : 0.6613"
"14,6 : 0.6613"
"6,15 : 0.2594"
"15,6 : 0.2594"
"6,16 : 0.4657"
"16,6 : 0.4657"
"6,17 : 0.2417"
"17,6 : 0.2417"
"6,18 : 0.8373"
"18,6 : 0.8373"
"6,19 : 0.5247"
"19,6 : 0.5247"
"6,20 : 0.2343"
"20,6 : 0.2343"
"6,21 : 0.7201"
"21,6 : 0.7201"
"6,22 : 0.8006"
"22,6 : 0.8006"
"6,23 : 0.5162"
"23,6 : 0.5162"
"6,24 : 0.4276"
"24,6 : 0.4276"
"6,25 : 0.8062"
"25,6 : 0.8062"
"6,26 : 0.2263"
"26,6 : 0.2263"
"6,27 : 0.5433"
"27,6 : 0.5433"
"6,28 : 0.95"
"28,6 : 0.95"
"6,29 : 0.7624"
"29,6 : 0.7624"
"6,30 : 0.28"
"30,6 : 0.28"
"6,31 : 0.5412"
"31,6 : 0.5412"
"6,32 : 0.7816"
"32,6 : 0.7816"
"6,33 : 0.5201"
"33,6 : 0.5201"
"6,34 : 0.8363"
"34,6 : 0.8363"
"6,35 : 0.6689"
"35,6 : 0.6689"
"6,36 : 0.9578"
"36,6 : 0.9578"
"6,37 : 0.7409"
"37,6 : 0.7409"
"6,38 : 0.7278"
"38,6 : 0.7278"
"6,39 : 0.1924"
"39,6 : 0.1924"
"6,40 : 0.5886"
"40,6 : 0.5886"
"6,41 : 0.9179"
"41,6 : 0.9179"
"6,42 : 0.794"
"42,6 : 0.794"
"6,43 : 0.9418"
"43,6 : 0.9418"
"6,44 : 0.7734"
"44,6 : 0.7734"
"6,45 : 0.7433"
"45,6 : 0.7433"
"6,46 : 0.9044"
"46,6 : 0.9044"
"6,47 : 0.5187"
"47,6 : 0.5187"
"6,48 : 0.2983"
"48,6 : 0.2983"
"6,49 : 0.706"
"49,6 : 0.706"
"6,50 : 0.6745"
"50,6 : 0.6745"
"6,51 : 0.522"
"51,6 : 0.522"
"6,52 : 0.2602"
"52,6 : 0.2602"
"6,53 : 0.6316"
"53,6 : 0.6316"
"6,54 : 0.4924"
"54,6 : 0.4924"
"6,55 : 0.75"
"55,6 : 0.75"
"6,56 : 0.6641"
"56,6 : 0.6641"
"6,57 : 0.6637"
"57,6 : 0.6637"
"6,58 : 0.49"
"58,6 : 0.49"
"6,59 : 0.178"
"59,6 : 0.178"
"6,60 : 0.9981"
"60,6 : 0.9981"
"6,61 : 0.13"
"61,6 : 0.13"
"6,62 : 0.2879"
"62,6 : 0.2879"
"6,63 : 0.1552"
"63,6 : 0.1552"
"6,64 : 0.5948"
"64,6 : 0.5948"
"6,65 : 0.8515"
"65,6 : 0.8515"
"6,66 : 0.1612"
"66,6 : 0.1612"
"6,67 : 0.4998"
"67,6 : 0.4998"
"6,68 : 0.9829"
"68,6 : 0.9829"
"6,69 : 0.7131"
"69,6 : 0.7131"
"6,70 : 0.4441"
"70,6 : 0.4441"
"6,71 : 0.451"
"71,6 : 0.451"
"6,72 : 0.1942"
"72,6 : 0.1942"
"6,73 : 0.5831"
"73,6 : 0.5831"
"6,74 : 0.823"
"74,6 : 0.823"
"6,75 : 0.2052"
"75,6 : 0.2052"
"6,76 : 0.8169"
"76,6 : 0.8169"
"6,77 : 0.6011"
"77,6 : 0.6011"
"6,78 : 0.4837"
"78,6 : 0.4837"
"6,79 : 0.7242"
"79,6 : 0.7242"
"6,80 : 0.5646"
"80,6 : 0.5646"
"6,81 : 0.8405"
"81,6 : 0.8405"
"6,82 : 0.758"
"82,6 : 0.758"
"6,83 : 0.4805"
"83,6 : 0.4805"
"6,84 : 0.686"
"84,6 : 0.686"
"6,85 : 0.8208"
"85,6 : 0.8208"
"6,86 : 0.7117"
"86,6 : 0.7117"
"6,87 : 0.2214"
"87,6 : 0.2214"
"6,88 : 0.9823"
"88,6 : 0.9823"
"6,89 : 0.3946"
"89,6 : 0.3946"
"6,90 : 0.0854"
"90,6 : 0.0854"
"6,91 : 0.4118"
"91,6 : 0.4118"
"6,92 : 0.7497"
"92,6 : 0.7497"
"6,93 : 0.7201"
"93,6 : 0.7201"
"6,94 : 0.735"
"94,6 : 0.735"
"6,95 : 0.6531"
"95,6 : 0.6531"
"6,96 : 0.136"
"96,6 : 0.136"
"6,97 : 0.4833"
"97,6 : 0.4833"
"6,98 : 0.6297"
"98,6 : 0.6297"
"6,99 : 0.2302"
"99,6 : 0.2302"
"7,8 : 0.0707"
"8,7 : 0.0707"
"7,9 : 0.472"
"9,7 : 0.472"
"7,10 : 0.5787"
"10,7 : 0.5787"
"7,11 : 0.899"
"11,7 : 0.899"
"7,12 : 1.056"
"12,7 : 1.056"
"7,13 : 0.472"
"13,7 : 0.472"
"7,14 : 0.1897"
"14,7 : 0.1897"
"7,15 : 0.4554"
"15,7 : 0.4554"
"7,16 : 0.286"
"16,7 : 0.286"
"7,17 : 0.4838"
"17,7 : 0.4838"
"7,18 : 1.1102"
"18,7 : 1.1102"
"7,19 : 0.8851"
"19,7 : 0.8851"
"7,20 : 0.5099"
"20,7 : 0.5099"
"7,21 : 0.7049"
"21,7 : 0.7049"
"7,22 : 1.0971"
"22,7 : 1.0971"
"7,23 : 0.8884"
"23,7 : 0.8884"
"7,24 : 0.2617"
"24,7 : 0.2617"
"7,25 : 0.5434"
"25,7 : 0.5434"
"7,26 : 0.5315"
"26,7 : 0.5315"
"7,27 : 0.7903"
"27,7 : 0.7903"
"7,28 : 0.5261"
"28,7 : 0.5261"
"7,29 : 1.128"
"29,7 : 1.128"
"7,30 : 0.4031"
"30,7 : 0.4031"
"7,31 : 0.7084"
"31,7 : 0.7084"
"7,32 : 0.9643"
"32,7 : 0.9643"
"7,33 : 0.8184"
"33,7 : 0.8184"
"7,34 : 0.3276"
"34,7 : 0.3276"
"7,35 : 0.6159"
"35,7 : 0.6159"
"7,36 : 0.6826"
"36,7 : 0.6826"
"7,37 : 0.7601"
"37,7 : 0.7601"
"7,38 : 1.0683"
"38,7 : 1.0683"
"7,39 : 0.6649"
"39,7 : 0.6649"
"7,40 : 0.943"
"40,7 : 0.943"
"7,41 : 0.8486"
"41,7 : 0.8486"
"7,42 : 1.0608"
"42,7 : 1.0608"
"7,43 : 0.5803"
"43,7 : 0.5803"
"7,44 : 0.5692"
"44,7 : 0.5692"
"7,45 : 0.1965"
"45,7 : 0.1965"
"7,46 : 0.7083"
"46,7 : 0.7083"
"7,47 : 0.6736"
"47,7 : 0.6736"
"7,48 : 0.408"
"48,7 : 0.408"
"7,49 : 0.7981"
"49,7 : 0.7981"
"7,50 : 0.781"
"50,7 : 0.781"
"7,51 : 0.6953"
"51,7 : 0.6953"
"7,52 : 0.7212"
"52,7 : 0.7212"
"7,53 : 0.2236"
"53,7 : 0.2236"
"7,54 : 0.5814"
"54,7 : 0.5814"
"7,55 : 1.114"
"55,7 : 1.114"
"7,56 : 1.0623"
"56,7 : 1.0623"
"7,57 : 0.3102"
"57,7 : 0.3102"
"7,58 : 0.1965"
"58,7 : 0.1965"
"7,59 : 0.8125"
"59,7 : 0.8125"
"7,60 : 0.7433"
"60,7 : 0.7433"
"7,61 : 0.7034"
"61,7 : 0.7034"
"7,62 : 0.8104"
"62,7 : 0.8104"
"7,63 : 0.7269"
"63,7 : 0.7269"
"7,64 : 0.2663"
"64,7 : 0.2663"
"7,65 : 0.6926"
"65,7 : 0.6926"
"7,66 : 0.6294"
"66,7 : 0.6294"
"7,67 : 0.2419"
"67,7 : 0.2419"
"7,68 : 0.6501"
"68,7 : 0.6501"
"7,69 : 0.2209"
"69,7 : 0.2209"
"7,70 : 0.7325"
"70,7 : 0.7325"
"7,71 : 0.8149"
"71,7 : 0.8149"
"7,72 : 0.4901"
"72,7 : 0.4901"
"7,73 : 1.0247"
"73,7 : 1.0247"
"7,74 : 0.9823"
"74,7 : 0.9823"
"7,75 : 0.5758"
"75,7 : 0.5758"
"7,76 : 0.6017"
"76,7 : 0.6017"
"7,77 : 0.4465"
"77,7 : 0.4465"
"7,78 : 0.7545"
"78,7 : 0.7545"
"7,79 : 0.3808"
"79,7 : 0.3808"
"7,80 : 0.6576"
"80,7 : 0.6576"
"7,81 : 0.6705"
"81,7 : 0.6705"
"7,82 : 0.6054"
"82,7 : 0.6054"
"7,83 : 0.2159"
"83,7 : 0.2159"
"7,84 : 0.3828"
"84,7 : 0.3828"
"7,85 : 0.272"
"85,7 : 0.272"
"7,86 : 1.0904"
"86,7 : 1.0904"
"7,87 : 0.4704"
"87,7 : 0.4704"
"7,88 : 0.5672"
"88,7 : 0.5672"
"7,89 : 0.3102"
"89,7 : 0.3102"
"7,90 : 0.6629"
"90,7 : 0.6629"
"7,91 : 0.5714"
"91,7 : 0.5714"
"7,92 : 0.4904"
"92,7 : 0.4904"
"7,93 : 0.686"
"93,7 : 0.686"
"7,94 : 1.092"
"94,7 : 1.092"
"7,95 : 0.1844"
"95,7 : 0.1844"
"7,96 : 0.8101"
"96,7 : 0.8101"
"7,97 : 0.283"
"97,7 : 0.283"
"7,98 : 0.0849"
"98,7 : 0.0849"
"7,99 : 0.8737"
"99,7 : 0.8737"
"8,9 : 0.4254"
"9,8 : 0.4254"
"8,10 : 0.5162"
"10,8 : 0.5162"
"8,11 : 0.8319"
"11,8 : 0.8319"
"8,12 : 0.9949"
"12,8 : 0.9949"
"8,13 : 0.4254"
"13,8 : 0.4254"
"8,14 : 0.1703"
"14,8 : 0.1703"
"8,15 : 0.3847"
"15,8 : 0.3847"
"8,16 : 0.2408"
"16,8 : 0.2408"
"8,17 : 0.4215"
"17,8 : 0.4215"
"8,18 : 1.0542"
"18,8 : 1.0542"
"8,19 : 0.821"
"19,8 : 0.821"
"8,20 : 0.4393"
"20,8 : 0.4393"
"8,21 : 0.6619"
"21,8 : 0.6619"
"8,22 : 1.0395"
"22,8 : 1.0395"
"8,23 : 0.8238"
"23,8 : 0.8238"
"8,24 : 0.191"
"24,8 : 0.191"
"8,25 : 0.5224"
"25,8 : 0.5224"
"8,26 : 0.461"
"26,8 : 0.461"
"8,27 : 0.73"
"27,8 : 0.73"
"8,28 : 0.5316"
"28,8 : 0.5316"
"8,29 : 1.0667"
"29,8 : 1.0667"
"8,30 : 0.3354"
"30,8 : 0.3354"
"8,31 : 0.6505"
"31,8 : 0.6505"
"8,32 : 0.9121"
"32,8 : 0.9121"
"8,33 : 0.756"
"33,8 : 0.756"
"8,34 : 0.3401"
"34,8 : 0.3401"
"8,35 : 0.5725"
"35,8 : 0.5725"
"8,36 : 0.6701"
"36,8 : 0.6701"
"8,37 : 0.7159"
"37,8 : 0.7159"
"8,38 : 1.0077"
"38,8 : 1.0077"
"8,39 : 0.5944"
"39,8 : 0.5944"
"8,40 : 0.8801"
"40,8 : 0.8801"
"8,41 : 0.8161"
"41,8 : 0.8161"
"8,42 : 1.0045"
"42,8 : 1.0045"
"8,43 : 0.5771"
"43,8 : 0.5771"
"8,44 : 0.5413"
"44,8 : 0.5413"
"8,45 : 0.2332"
"45,8 : 0.2332"
"8,46 : 0.6859"
"46,8 : 0.6859"
"8,47 : 0.6152"
"47,8 : 0.6152"
"8,48 : 0.3454"
"48,8 : 0.3454"
"8,49 : 0.7489"
"49,8 : 0.7489"
"8,50 : 0.7301"
"50,8 : 0.7301"
"8,51 : 0.6366"
"51,8 : 0.6366"
"8,52 : 0.6515"
"52,8 : 0.6515"
"8,53 : 0.1924"
"53,8 : 0.1924"
"8,54 : 0.5233"
"54,8 : 0.5233"
"8,55 : 1.0526"
"55,8 : 1.0526"
"8,56 : 0.9986"
"56,8 : 0.9986"
"8,57 : 0.2828"
"57,8 : 0.2828"
"8,58 : 0.1342"
"58,8 : 0.1342"
"8,59 : 0.7473"
"59,8 : 0.7473"
"8,60 : 0.73"
"60,8 : 0.73"
"8,61 : 0.6389"
"61,8 : 0.6389"
"8,62 : 0.7404"
"62,8 : 0.7404"
"8,63 : 0.6562"
"63,8 : 0.6562"
"8,64 : 0.2247"
"64,8 : 0.2247"
"8,65 : 0.6649"
"65,8 : 0.6649"
"8,66 : 0.5665"
"66,8 : 0.5665"
"8,67 : 0.178"
"67,8 : 0.178"
"8,68 : 0.645"
"68,8 : 0.645"
"8,69 : 0.2159"
"69,8 : 0.2159"
"8,70 : 0.6685"
"70,8 : 0.6685"
"8,71 : 0.7495"
"71,8 : 0.7495"
"8,72 : 0.4205"
"72,8 : 0.4205"
"8,73 : 0.9588"
"73,8 : 0.9588"
"8,74 : 0.9323"
"74,8 : 0.9323"
"8,75 : 0.5148"
"75,8 : 0.5148"
"8,76 : 0.5771"
"76,8 : 0.5771"
"8,77 : 0.4025"
"77,8 : 0.4025"
"8,78 : 0.692"
"78,8 : 0.692"
"8,79 : 0.3606"
"79,8 : 0.3606"
"8,80 : 0.6031"
"80,8 : 0.6031"
"8,81 : 0.6433"
"81,8 : 0.6433"
"8,82 : 0.5728"
"82,8 : 0.5728"
"8,83 : 0.1456"
"83,8 : 0.1456"
"8,84 : 0.3551"
"84,8 : 0.3551"
"8,85 : 0.2915"
"85,8 : 0.2915"
"8,86 : 1.028"
"86,8 : 1.028"
"8,87 : 0.4001"
"87,8 : 0.4001"
"8,88 : 0.5728"
"88,8 : 0.5728"
"8,89 : 0.2506"
"89,8 : 0.2506"
"8,90 : 0.5967"
"90,8 : 0.5967"
"8,91 : 0.508"
"91,8 : 0.508"
"8,92 : 0.4653"
"92,8 : 0.4653"
"8,93 : 0.644"
"93,8 : 0.644"
"8,94 : 1.0308"
"94,8 : 1.0308"
"8,95 : 0.1924"
"95,8 : 0.1924"
"8,96 : 0.7403"
"96,8 : 0.7403"
"8,97 : 0.2202"
"97,8 : 0.2202"
"8,98 : 0.051"
"98,8 : 0.051"
"8,99 : 0.8031"
"99,8 : 0.8031"
"9,10 : 0.6217"
"10,9 : 0.6217"
"9,11 : 0.5301"
"11,9 : 0.5301"
"9,12 : 0.6174"
"12,9 : 0.6174"
"9,13 : 0.0"
"13,9 : 0.0"
"9,14 : 0.2973"
"14,9 : 0.2973"
"9,15 : 0.3536"
"15,9 : 0.3536"
"9,16 : 0.5523"
"16,9 : 0.5523"
"9,17 : 0.5597"
"17,9 : 0.5597"
"9,18 : 0.6482"
"18,9 : 0.6482"
"9,19 : 0.4785"
"19,9 : 0.4785"
"9,20 : 0.3561"
"20,9 : 0.3561"
"9,21 : 0.2377"
"21,9 : 0.2377"
"9,22 : 0.6407"
"22,9 : 0.6407"
"9,23 : 0.4866"
"23,9 : 0.4866"
"9,24 : 0.3506"
"24,9 : 0.3506"
"9,25 : 0.2193"
"25,9 : 0.2193"
"9,26 : 0.3612"
"26,9 : 0.3612"
"9,27 : 0.3574"
"27,9 : 0.3574"
"9,28 : 0.3863"
"28,9 : 0.3863"
"9,29 : 0.6888"
"29,9 : 0.6888"
"9,30 : 0.4464"
"30,9 : 0.4464"
"9,31 : 0.2657"
"31,9 : 0.2657"
"9,32 : 0.495"
"32,9 : 0.495"
"9,33 : 0.4002"
"33,9 : 0.4002"
"9,34 : 0.3551"
"34,9 : 0.3551"
"9,35 : 0.1487"
"35,9 : 0.1487"
"9,36 : 0.372"
"36,9 : 0.372"
"9,37 : 0.2907"
"37,9 : 0.2907"
"9,38 : 0.6261"
"38,9 : 0.6261"
"9,39 : 0.441"
"39,9 : 0.441"
"9,40 : 0.522"
"40,9 : 0.522"
"9,41 : 0.4111"
"41,9 : 0.4111"
"9,42 : 0.6"
"42,9 : 0.6"
"9,43 : 0.3606"
"43,9 : 0.3606"
"9,44 : 0.1887"
"44,9 : 0.1887"
"9,45 : 0.6586"
"45,9 : 0.6586"
"9,46 : 0.3324"
"46,9 : 0.3324"
"9,47 : 0.2377"
"47,9 : 0.2377"
"9,48 : 0.512"
"48,9 : 0.512"
"9,49 : 0.3265"
"49,9 : 0.3265"
"9,50 : 0.3111"
"50,9 : 0.3111"
"9,51 : 0.2596"
"51,9 : 0.2596"
"9,52 : 0.4438"
"52,9 : 0.4438"
"9,53 : 0.2546"
"53,9 : 0.2546"
"9,54 : 0.16"
"54,9 : 0.16"
"9,55 : 0.6754"
"55,9 : 0.6754"
"9,56 : 0.642"
"56,9 : 0.642"
"9,57 : 0.1924"
"57,9 : 0.1924"
"9,58 : 0.4393"
"58,9 : 0.4393"
"9,59 : 0.7649"
"59,9 : 0.7649"
"9,60 : 0.4168"
"60,9 : 0.4168"
"9,61 : 0.6882"
"61,9 : 0.6882"
"9,62 : 0.525"
"62,9 : 0.525"
"9,63 : 0.5215"
"63,9 : 0.5215"
"9,64 : 0.2062"
"64,9 : 0.2062"
"9,65 : 0.2886"
"65,9 : 0.2886"
"9,66 : 0.6537"
"66,9 : 0.6537"
"9,67 : 0.2693"
"67,9 : 0.2693"
"9,68 : 0.3962"
"68,9 : 0.3962"
"9,69 : 0.3053"
"69,9 : 0.3053"
"9,70 : 0.3401"
"70,9 : 0.3401"
"9,71 : 0.4305"
"71,9 : 0.4305"
"9,72 : 0.4429"
"72,9 : 0.4429"
"9,73 : 0.6297"
"73,9 : 0.6297"
"9,74 : 0.5109"
"74,9 : 0.5109"
"9,75 : 0.6356"
"75,9 : 0.6356"
"9,76 : 0.2332"
"76,9 : 0.2332"
"9,77 : 0.0316"
"77,9 : 0.0316"
"9,78 : 0.3437"
"78,9 : 0.3437"
"9,79 : 0.1903"
"79,9 : 0.1903"
"9,80 : 0.2012"
"80,9 : 0.2012"
"9,81 : 0.272"
"81,9 : 0.272"
"9,82 : 0.1868"
"82,9 : 0.1868"
"9,83 : 0.3373"
"83,9 : 0.3373"
"9,84 : 0.1513"
"84,9 : 0.1513"
"9,85 : 0.3795"
"85,9 : 0.3795"
"9,86 : 0.6592"
"86,9 : 0.6592"
"9,87 : 0.4071"
"87,9 : 0.4071"
"9,88 : 0.4115"
"88,9 : 0.4115"
"9,89 : 0.4901"
"89,9 : 0.4901"
"9,90 : 0.6301"
"90,9 : 0.6301"
"9,91 : 0.2119"
"91,9 : 0.2119"
"9,92 : 0.1664"
"92,9 : 0.1664"
"9,93 : 0.2214"
"93,9 : 0.2214"
"9,94 : 0.6531"
"94,9 : 0.6531"
"9,95 : 0.6093"
"95,9 : 0.6093"
"9,96 : 0.658"
"96,9 : 0.658"
"9,97 : 0.2335"
"97,9 : 0.2335"
"9,98 : 0.3883"
"98,9 : 0.3883"
"9,99 : 0.6619"
"99,9 : 0.6619"
"10,11 : 0.6265"
"11,10 : 0.6265"
"10,12 : 0.8698"
"12,10 : 0.8698"
"10,13 : 0.6217"
"13,10 : 0.6217"
"10,14 : 0.608"
"14,10 : 0.608"
"10,15 : 0.2693"
"15,10 : 0.2693"
"10,16 : 0.3202"
"16,10 : 0.3202"
"10,17 : 0.0949"
"17,10 : 0.0949"
"10,18 : 0.9895"
"18,10 : 0.9895"
"10,19 : 0.6801"
"19,10 : 0.6801"
"10,20 : 0.2844"
"20,10 : 0.2844"
"10,21 : 0.8005"
"21,10 : 0.8005"
"10,22 : 0.956"
"22,10 : 0.956"
"10,23 : 0.6736"
"23,10 : 0.6736"
"10,24 : 0.3581"
"24,10 : 0.3581"
"10,25 : 0.8301"
"25,10 : 0.8301"
"10,26 : 0.2915"
"26,10 : 0.2915"
"10,27 : 0.6736"
"27,10 : 0.6736"
"10,28 : 0.9418"
"28,10 : 0.9418"
"10,29 : 0.9285"
"29,10 : 0.9285"
"10,30 : 0.1985"
"30,10 : 0.1985"
"10,31 : 0.6503"
"31,10 : 0.6503"
"10,32 : 0.9135"
"32,10 : 0.9135"
"10,33 : 0.661"
"33,10 : 0.661"
"10,34 : 0.7965"
"34,10 : 0.7965"
"10,35 : 0.7338"
"35,10 : 0.7338"
"10,36 : 0.9898"
"36,10 : 0.9898"
"10,37 : 0.8319"
"37,10 : 0.8319"
"10,38 : 0.8887"
"38,10 : 0.8887"
"10,39 : 0.3353"
"39,10 : 0.3353"
"10,40 : 0.7463"
"40,10 : 0.7463"
"10,41 : 0.9992"
"41,10 : 0.9992"
"10,42 : 0.9437"
"42,10 : 0.9437"
"10,43 : 0.95"
"43,10 : 0.95"
"10,44 : 0.8095"
"44,10 : 0.8095"
"10,45 : 0.6001"
"45,10 : 0.6001"
"10,46 : 0.9534"
"46,10 : 0.9534"
"10,47 : 0.6213"
"47,10 : 0.6213"
"10,48 : 0.1709"
"48,10 : 0.1709"
"10,49 : 0.8122"
"49,10 : 0.8122"
"10,50 : 0.7816"
"50,10 : 0.7816"
"10,51 : 0.6303"
"51,10 : 0.6303"
"10,52 : 0.4144"
"52,10 : 0.4144"
"10,53 : 0.589"
"53,10 : 0.589"
"10,54 : 0.5707"
"54,10 : 0.5707"
"10,55 : 0.9155"
"55,10 : 0.9155"
"10,56 : 0.8326"
"56,10 : 0.8326"
"10,57 : 0.6438"
"57,10 : 0.6438"
"10,58 : 0.3828"
"58,10 : 0.3828"
"10,59 : 0.2402"
"59,10 : 0.2402"
"10,60 : 1.0377"
"60,10 : 1.0377"
"10,61 : 0.13"
"61,10 : 0.13"
"10,62 : 0.4614"
"62,10 : 0.4614"
"10,63 : 0.3276"
"63,10 : 0.3276"
"10,64 : 0.5657"
"64,10 : 0.5657"
"10,65 : 0.9062"
"65,10 : 0.9062"
"10,66 : 0.051"
"66,10 : 0.051"
"10,67 : 0.4534"
"67,10 : 0.4534"
"10,68 : 1.0012"
"68,10 : 1.0012"
"10,69 : 0.664"
"69,10 : 0.664"
"10,70 : 0.5743"
"70,10 : 0.5743"
"10,71 : 0.6017"
"71,10 : 0.6017"
"10,72 : 0.1803"
"72,10 : 0.1803"
"10,73 : 0.7559"
"73,10 : 0.7559"
"10,74 : 0.9519"
"74,10 : 0.9519"
"10,75 : 0.0224"
"75,10 : 0.0224"
"10,76 : 0.8542"
"76,10 : 0.8542"
"10,77 : 0.6265"
"77,10 : 0.6265"
"10,78 : 0.614"
"78,10 : 0.614"
"10,79 : 0.717"
"79,10 : 0.717"
"10,80 : 0.6562"
"80,10 : 0.6562"
"10,81 : 0.8916"
"81,10 : 0.8916"
"10,82 : 0.8062"
"82,10 : 0.8062"
"10,83 : 0.4105"
"83,10 : 0.4105"
"10,84 : 0.6841"
"84,10 : 0.6841"
"10,85 : 0.7684"
"85,10 : 0.7684"
"10,86 : 0.8785"
"86,10 : 0.8785"
"10,87 : 0.2154"
"87,10 : 0.2154"
"10,88 : 0.9784"
"88,10 : 0.9784"
"10,89 : 0.2693"
"89,10 : 0.2693"
"10,90 : 0.1118"
"90,10 : 0.1118"
"10,91 : 0.495"
"91,10 : 0.495"
"10,92 : 0.7685"
"92,10 : 0.7685"
"10,93 : 0.7956"
"93,10 : 0.7956"
"10,94 : 0.8989"
"94,10 : 0.8989"
"10,95 : 0.51"
"95,10 : 0.51"
"10,96 : 0.3106"
"96,10 : 0.3106"
"10,97 : 0.4528"
"97,10 : 0.4528"
"10,98 : 0.5456"
"98,10 : 0.5456"
"10,99 : 0.4123"
"99,10 : 0.4123"
"11,12 : 0.2518"
"12,11 : 0.2518"
"11,13 : 0.5301"
"13,11 : 0.5301"
"11,14 : 0.7788"
"14,11 : 0.7788"
"11,15 : 0.4817"
"15,11 : 0.4817"
"11,16 : 0.8062"
"16,11 : 0.8062"
"11,17 : 0.6435"
"17,11 : 0.6435"
"11,18 : 0.3905"
"18,11 : 0.3905"
"11,19 : 0.1"
"19,11 : 0.1"
"11,20 : 0.4245"
"20,11 : 0.4245"
"11,21 : 0.4875"
"21,11 : 0.4875"
"11,22 : 0.35"
"22,11 : 0.35"
"11,23 : 0.086"
"23,11 : 0.086"
"11,24 : 0.6573"
"24,11 : 0.6573"
"11,25 : 0.7041"
"25,11 : 0.7041"
"11,26 : 0.4031"
"26,11 : 0.4031"
"11,27 : 0.2147"
"27,11 : 0.2147"
"11,28 : 0.8994"
"28,11 : 0.8994"
"11,29 : 0.3036"
"29,11 : 0.3036"
"11,30 : 0.6014"
"30,11 : 0.6014"
"11,31 : 0.2912"
"31,11 : 0.2912"
"11,32 : 0.3847"
"32,11 : 0.3847"
"11,33 : 0.1612"
"33,11 : 0.1612"
"11,34 : 0.8828"
"34,11 : 0.8828"
"11,35 : 0.4973"
"35,11 : 0.4973"
"11,36 : 0.8041"
"36,11 : 0.8041"
"11,37 : 0.4717"
"37,11 : 0.4717"
"11,38 : 0.2717"
"38,11 : 0.2717"
"11,39 : 0.2968"
"39,11 : 0.2968"
"11,40 : 0.1432"
"40,11 : 0.1432"
"11,41 : 0.6403"
"41,11 : 0.6403"
"11,42 : 0.3536"
"42,11 : 0.3536"
"11,43 : 0.8515"
"43,11 : 0.8515"
"11,44 : 0.6476"
"44,11 : 0.6476"
"11,45 : 1.0373"
"45,11 : 1.0373"
"11,46 : 0.7159"
"46,11 : 0.7159"
"11,47 : 0.3041"
"47,11 : 0.3041"
"11,48 : 0.6607"
"48,11 : 0.6607"
"11,49 : 0.4"
"49,11 : 0.4"
"11,50 : 0.3744"
"50,11 : 0.3744"
"11,51 : 0.2864"
"51,11 : 0.2864"
"11,52 : 0.2163"
"52,11 : 0.2163"
"11,53 : 0.735"
"53,11 : 0.735"
"11,54 : 0.3701"
"54,11 : 0.3701"
"11,55 : 0.2912"
"55,11 : 0.2912"
"11,56 : 0.2062"
"56,11 : 0.2062"
"11,57 : 0.7071"
"57,11 : 0.7071"
"11,58 : 0.7603"
"58,11 : 0.7603"
"11,59 : 0.5803"
"59,11 : 0.5803"
"11,60 : 0.8186"
"60,11 : 0.8186"
"11,61 : 0.5846"
"61,11 : 0.5846"
"11,62 : 0.1726"
"62,11 : 0.1726"
"11,63 : 0.3036"
"63,11 : 0.3036"
"11,64 : 0.6815"
"64,11 : 0.6815"
"11,65 : 0.658"
"65,11 : 0.658"
"11,66 : 0.6168"
"66,11 : 0.6168"
"11,67 : 0.658"
"67,11 : 0.658"
"11,68 : 0.8602"
"68,11 : 0.8602"
"11,69 : 0.8081"
"69,11 : 0.8081"
"11,70 : 0.19"
"70,11 : 0.19"
"11,71 : 0.1005"
"71,11 : 0.1005"
"11,72 : 0.5122"
"72,11 : 0.5122"
"11,73 : 0.1345"
"73,11 : 0.1345"
"11,74 : 0.4294"
"74,11 : 0.4294"
"11,75 : 0.6488"
"75,11 : 0.6488"
"11,76 : 0.6772"
"76,11 : 0.6772"
"11,77 : 0.5604"
"77,11 : 0.5604"
"11,78 : 0.1942"
"78,11 : 0.1942"
"11,79 : 0.7203"
"79,11 : 0.7203"
"11,80 : 0.359"
"80,11 : 0.359"
"11,81 : 0.6592"
"81,11 : 0.6592"
"11,82 : 0.6044"
"82,11 : 0.6044"
"11,83 : 0.6896"
"83,11 : 0.6896"
"11,84 : 0.6807"
"84,11 : 0.6807"
"11,85 : 0.8994"
"85,11 : 0.8994"
"11,86 : 0.253"
"86,11 : 0.253"
"11,87 : 0.5025"
"87,11 : 0.5025"
"11,88 : 0.9159"
"88,11 : 0.9159"
"11,89 : 0.7214"
"89,11 : 0.7214"
"11,90 : 0.5441"
"90,11 : 0.5441"
"11,91 : 0.3396"
"91,11 : 0.3396"
"11,92 : 0.6748"
"92,11 : 0.6748"
"11,93 : 0.5016"
"93,11 : 0.5016"
"11,94 : 0.2766"
"94,11 : 0.2766"
"11,95 : 0.958"
"95,11 : 0.958"
"11,96 : 0.4"
"96,11 : 0.4"
"11,97 : 0.6185"
"97,11 : 0.6185"
"11,98 : 0.8194"
"98,11 : 0.8194"
"11,99 : 0.3158"
"99,11 : 0.3158"
"12,13 : 0.6174"
"13,12 : 0.6174"
"12,14 : 0.9055"
"14,12 : 0.9055"
"12,15 : 0.6907"
"15,12 : 0.6907"
"12,16 : 1.014"
"16,12 : 1.014"
"12,17 : 0.8766"
"17,12 : 0.8766"
"12,18 : 0.1487"
"18,12 : 0.1487"
"12,19 : 0.1924"
"19,12 : 0.1924"
"12,20 : 0.6381"
"20,12 : 0.6381"
"12,21 : 0.4717"
"21,12 : 0.4717"
"12,22 : 0.1044"
"22,12 : 0.1044"
"12,23 : 0.197"
"23,12 : 0.197"
"12,24 : 0.8417"
"24,12 : 0.8417"
"12,25 : 0.7284"
"25,12 : 0.7284"
"12,26 : 0.6191"
"26,12 : 0.6191"
"12,27 : 0.2663"
"27,12 : 0.2663"
"12,28 : 0.9278"
"28,12 : 0.9278"
"12,29 : 0.0721"
"29,12 : 0.0721"
"12,30 : 0.8184"
"30,12 : 0.8184"
"12,31 : 0.3536"
"31,12 : 0.3536"
"12,32 : 0.2285"
"32,12 : 0.2285"
"12,33 : 0.2404"
"33,12 : 0.2404"
"12,34 : 0.9646"
"34,12 : 0.9646"
"12,35 : 0.5239"
"35,12 : 0.5239"
"12,36 : 0.781"
"36,12 : 0.781"
"12,37 : 0.43"
"37,12 : 0.43"
"12,38 : 0.02"
"38,12 : 0.02"
"12,39 : 0.5349"
"39,12 : 0.5349"
"12,40 : 0.1253"
"40,12 : 0.1253"
"12,41 : 0.5508"
"41,12 : 0.5508"
"12,42 : 0.1281"
"42,12 : 0.1281"
"12,43 : 0.8621"
"43,12 : 0.8621"
"12,44 : 0.6675"
"44,12 : 0.6675"
"12,45 : 1.217"
"45,12 : 1.217"
"12,46 : 0.6818"
"46,12 : 0.6818"
"12,47 : 0.3859"
"47,12 : 0.3859"
"12,48 : 0.8832"
"48,12 : 0.8832"
"12,49 : 0.3501"
"49,12 : 0.3501"
"12,50 : 0.3423"
"50,12 : 0.3423"
"12,51 : 0.3636"
"51,12 : 0.3636"
"12,52 : 0.4554"
"52,12 : 0.4554"
"12,53 : 0.8609"
"53,12 : 0.8609"
"12,54 : 0.4771"
"54,12 : 0.4771"
"12,55 : 0.0583"
"55,12 : 0.0583"
"12,56 : 0.0781"
"56,12 : 0.0781"
"12,57 : 0.8096"
"57,12 : 0.8096"
"12,58 : 0.9479"
"58,12 : 0.9479"
"12,59 : 0.8315"
"59,12 : 0.8315"
"12,60 : 0.7765"
"60,12 : 0.7765"
"12,61 : 0.8355"
"61,12 : 0.8355"
"12,62 : 0.4243"
"62,12 : 0.4243"
"12,63 : 0.5532"
"63,12 : 0.5532"
"12,64 : 0.8078"
"64,12 : 0.8078"
"12,65 : 0.6303"
"65,12 : 0.6303"
"12,66 : 0.864"
"66,12 : 0.864"
"12,67 : 0.8169"
"67,12 : 0.8169"
"12,68 : 0.8501"
"68,12 : 0.8501"
"12,69 : 0.9213"
"69,12 : 0.9213"
"12,70 : 0.333"
"70,12 : 0.333"
"12,71 : 0.2729"
"71,12 : 0.2729"
"12,72 : 0.7382"
"72,12 : 0.7382"
"12,73 : 0.1616"
"73,12 : 0.1616"
"12,74 : 0.2642"
"74,12 : 0.2642"
"12,75 : 0.892"
"75,12 : 0.892"
"12,76 : 0.6826"
"76,12 : 0.6826"
"12,77 : 0.6488"
"77,12 : 0.6488"
"12,78 : 0.3041"
"78,12 : 0.3041"
"12,79 : 0.7971"
"79,12 : 0.7971"
"12,80 : 0.4163"
"80,12 : 0.4163"
"12,81 : 0.64"
"81,12 : 0.64"
"12,82 : 0.6152"
"82,12 : 0.6152"
"12,83 : 0.8631"
"83,12 : 0.8631"
"12,84 : 0.7632"
"84,12 : 0.7632"
"12,85 : 0.9954"
"85,12 : 0.9954"
"12,86 : 0.051"
"86,12 : 0.051"
"12,87 : 0.722"
"87,12 : 0.722"
"12,88 : 0.9334"
"88,12 : 0.9334"
"12,89 : 0.9301"
"89,12 : 0.9301"
"12,90 : 0.7931"
"90,12 : 0.7931"
"12,91 : 0.4884"
"91,12 : 0.4884"
"12,92 : 0.7203"
"92,12 : 0.7203"
"12,93 : 0.4925"
"93,12 : 0.4925"
"12,94 : 0.0361"
"94,12 : 0.0361"
"12,95 : 1.1456"
"95,12 : 1.1456"
"12,96 : 0.6507"
"96,12 : 0.6507"
"12,97 : 0.7747"
"97,12 : 0.7747"
"12,98 : 0.972"
"98,12 : 0.972"
"12,99 : 0.5608"
"99,12 : 0.5608"
"13,14 : 0.2973"
"14,13 : 0.2973"
"13,15 : 0.3536"
"15,13 : 0.3536"
"13,16 : 0.5523"
"16,13 : 0.5523"
"13,17 : 0.5597"
"17,13 : 0.5597"
"13,18 : 0.6482"
"18,13 : 0.6482"
"13,19 : 0.4785"
"19,13 : 0.4785"
"13,20 : 0.3561"
"20,13 : 0.3561"
"13,21 : 0.2377"
"21,13 : 0.2377"
"13,22 : 0.6407"
"22,13 : 0.6407"
"13,23 : 0.4866"
