x,y
0.81,0.58
0.65,0.56
0.05,0.71
0.47,0.76
0.86,0.35
0.89,0.43
0.21,0.31
0.98,0.25
0.42,0.13
0.01,0.98
0.04,0.64
0.33,0.11
0.72,0.28
0.79,0.45
0.82,0.15
0.22,0.16
0.94,0.26
0.13,0.88
0.72,0.99
0.37,0.17
0.6,0.98
0.68,0.67
0.41,0.65
0.69,0.3
0.66,0.49
0.69,0.74
0.99,0.64
0.72,0.72
0.68,0.63
0.67,0.86
0.41,0.49
0.7,0.6
0.05,0.71
0.95,0.51
0.42,0.39
0.46,0.79
0.65,0.06
0.96,0.5
0.85,0.14
0.47,0.31
0.5,0.26
0.07,0.14
0.28,0.28
0.45,0.09
0.67,0.56
0.23,0.37
0.86,0.05
0.97,0.9
0.54,0.58
0.99,0.66
0.27,0.92
0.03,0.38
0.53,0.2
0.06,0.68
0.09,0.1
0.17,0.28
0.87,0.94
0.2,0.8
0.9,0.74
0.46,0.12
0.85,0.98
0.7,0.46
0.41,0.93
0.59,0.37
0.42,0.61
0.09,0.7
0.22,0.54
0.14,0.81
0.25,0.27
0.6,0.65
0.67,0.62
0.14,0.68
0.28,0.89
0.96,0.39
0.47,0.13
0.1,0.32
0.04,0.13
0.86,0.59
0.48,0.38
0.24,0.96
0.68,0.06
0.72,0.93
0.41,0.31
0.83,0.29
0.88,0.32
0.56,0.55
0.62,0.3
0.91,0.98
0.58,0.97
0.76,0.64
0.9,0.44
0.68,0.74
0.8,0.1
0.35,0.36
0.76,0.92
0.71,0.85
0.16,0.91
0.01,0.09
0.41,0.99
0.06,0.49

Distanze
"0,1 : 0.1612"
"1,0 : 0.1612"
"0,2 : 0.771"
"2,0 : 0.771"
"0,3 : 0.3847"
"3,0 : 0.3847"
"0,4 : 0.2354"
"4,0 : 0.2354"
"0,5 : 0.17"
"5,0 : 0.17"
"0,6 : 0.658"
"6,0 : 0.658"
"0,7 : 0.3712"
"7,0 : 0.3712"
"0,8 : 0.5955"
"8,0 : 0.5955"
"0,9 : 0.8944"
"9,0 : 0.8944"
"0,10 : 0.7723"
"10,0 : 0.7723"
"0,11 : 0.6718"
"11,0 : 0.6718"
"0,12 : 0.3132"
"12,0 : 0.3132"
"0,13 : 0.1315"
"13,0 : 0.1315"
"0,14 : 0.4301"
"14,0 : 0.4301"
"0,15 : 0.7242"
"15,0 : 0.7242"
"0,16 : 0.3454"
"16,0 : 0.3454"
"0,17 : 0.7432"
"17,0 : 0.7432"
"0,18 : 0.4198"
"18,0 : 0.4198"
"0,19 : 0.6014"
"19,0 : 0.6014"
"0,20 : 0.4518"
"20,0 : 0.4518"
"0,21 : 0.1581"
"21,0 : 0.1581"
"0,22 : 0.4061"
"22,0 : 0.4061"
"0,23 : 0.3046"
"23,0 : 0.3046"
"0,24 : 0.1749"
"24,0 : 0.1749"
"0,25 : 0.2"
"25,0 : 0.2"
"0,26 : 0.1897"
"26,0 : 0.1897"
"0,27 : 0.1664"
"27,0 : 0.1664"
"0,28 : 0.1393"
"28,0 : 0.1393"
"0,29 : 0.313"
"29,0 : 0.313"
"0,30 : 0.41"
"30,0 : 0.41"
"0,31 : 0.1118"
"31,0 : 0.1118"
"0,32 : 0.771"
"32,0 : 0.771"
"0,33 : 0.1565"
"33,0 : 0.1565"
"0,34 : 0.4338"
"34,0 : 0.4338"
"0,35 : 0.4082"
"35,0 : 0.4082"
"0,36 : 0.5441"
"36,0 : 0.5441"
"0,37 : 0.17"
"37,0 : 0.17"
"0,38 : 0.4418"
"38,0 : 0.4418"
"0,39 : 0.4342"
"39,0 : 0.4342"
"0,40 : 0.4455"
"40,0 : 0.4455"
"0,41 : 0.8609"
"41,0 : 0.8609"
"0,42 : 0.609"
"42,0 : 0.609"
"0,43 : 0.608"
"43,0 : 0.608"
"0,44 : 0.1414"
"44,0 : 0.1414"
"0,45 : 0.6168"
"45,0 : 0.6168"
"0,46 : 0.5324"
"46,0 : 0.5324"
"0,47 : 0.3578"
"47,0 : 0.3578"
"0,48 : 0.27"
"48,0 : 0.27"
"0,49 : 0.197"
"49,0 : 0.197"
"0,50 : 0.6381"
"50,0 : 0.6381"
"0,51 : 0.8052"
"51,0 : 0.8052"
"0,52 : 0.472"
"52,0 : 0.472"
"0,53 : 0.7566"
"53,0 : 0.7566"
"0,54 : 0.8653"
"54,0 : 0.8653"
"0,55 : 0.7068"
"55,0 : 0.7068"
"0,56 : 0.365"
"56,0 : 0.365"
"0,57 : 0.6485"
"57,0 : 0.6485"
"0,58 : 0.1836"
"58,0 : 0.1836"
"0,59 : 0.578"
"59,0 : 0.578"
"0,60 : 0.402"
"60,0 : 0.402"
"0,61 : 0.1628"
"61,0 : 0.1628"
"0,62 : 0.5315"
"62,0 : 0.5315"
"0,63 : 0.3041"
"63,0 : 0.3041"
"0,64 : 0.3912"
"64,0 : 0.3912"
"0,65 : 0.7299"
"65,0 : 0.7299"
"0,66 : 0.5914"
"66,0 : 0.5914"
"0,67 : 0.7084"
"67,0 : 0.7084"
"0,68 : 0.6401"
"68,0 : 0.6401"
"0,69 : 0.2214"
"69,0 : 0.2214"
"0,70 : 0.1456"
"70,0 : 0.1456"
"0,71 : 0.6774"
"71,0 : 0.6774"
"0,72 : 0.614"
"72,0 : 0.614"
"0,73 : 0.2421"
"73,0 : 0.2421"
"0,74 : 0.564"
"74,0 : 0.564"
"0,75 : 0.7561"
"75,0 : 0.7561"
"0,76 : 0.8919"
"76,0 : 0.8919"
"0,77 : 0.051"
"77,0 : 0.051"
"0,78 : 0.3859"
"78,0 : 0.3859"
"0,79 : 0.6851"
"79,0 : 0.6851"
"0,80 : 0.536"
"80,0 : 0.536"
"0,81 : 0.3614"
"81,0 : 0.3614"
"0,82 : 0.4826"
"82,0 : 0.4826"
"0,83 : 0.2907"
"83,0 : 0.2907"
"0,84 : 0.2693"
"84,0 : 0.2693"
"0,85 : 0.2518"
"85,0 : 0.2518"
"0,86 : 0.3384"
"86,0 : 0.3384"
"0,87 : 0.4123"
"87,0 : 0.4123"
"0,88 : 0.4528"
"88,0 : 0.4528"
"0,89 : 0.0781"
"89,0 : 0.0781"
"0,90 : 0.1664"
"90,0 : 0.1664"
"0,91 : 0.2062"
"91,0 : 0.2062"
"0,92 : 0.4801"
"92,0 : 0.4801"
"0,93 : 0.5099"
"93,0 : 0.5099"
"0,94 : 0.3437"
"94,0 : 0.3437"
"0,95 : 0.2879"
"95,0 : 0.2879"
"0,96 : 0.729"
"96,0 : 0.729"
"0,97 : 0.9381"
"97,0 : 0.9381"
"0,98 : 0.5728"
"98,0 : 0.5728"
"0,99 : 0.7554"
"99,0 : 0.7554"
"1,2 : 0.6185"
"2,1 : 0.6185"
"1,3 : 0.2691"
"3,1 : 0.2691"
"1,4 : 0.297"
"4,1 : 0.297"
"1,5 : 0.2729"
"5,1 : 0.2729"
"1,6 : 0.5061"
"6,1 : 0.5061"
"1,7 : 0.4528"
"7,1 : 0.4528"
"1,8 : 0.4876"
"8,1 : 0.4876"
"1,9 : 0.7655"
"9,1 : 0.7655"
"1,10 : 0.6152"
"10,1 : 0.6152"
"1,11 : 0.5522"
"11,1 : 0.5522"
"1,12 : 0.2886"
"12,1 : 0.2886"
"1,13 : 0.178"
"13,1 : 0.178"
"1,14 : 0.4438"
"14,1 : 0.4438"
"1,15 : 0.5873"
"15,1 : 0.5873"
"1,16 : 0.4173"
"16,1 : 0.4173"
"1,17 : 0.6106"
"17,1 : 0.6106"
"1,18 : 0.4357"
"18,1 : 0.4357"
"1,19 : 0.4801"
"19,1 : 0.4801"
"1,20 : 0.423"
"20,1 : 0.423"
"1,21 : 0.114"
"21,1 : 0.114"
"1,22 : 0.2563"
"22,1 : 0.2563"
"1,23 : 0.2631"
"23,1 : 0.2631"
"1,24 : 0.0707"
"24,1 : 0.0707"
"1,25 : 0.1844"
"25,1 : 0.1844"
"1,26 : 0.3493"
"26,1 : 0.3493"
"1,27 : 0.1746"
"27,1 : 0.1746"
"1,28 : 0.0762"
"28,1 : 0.0762"
"1,29 : 0.3007"
"29,1 : 0.3007"
"1,30 : 0.25"
"30,1 : 0.25"
"1,31 : 0.064"
"31,1 : 0.064"
"1,32 : 0.6185"
"32,1 : 0.6185"
"1,33 : 0.3041"
"33,1 : 0.3041"
"1,34 : 0.286"
"34,1 : 0.286"
"1,35 : 0.2983"
"35,1 : 0.2983"
"1,36 : 0.5"
"36,1 : 0.5"
"1,37 : 0.3158"
"37,1 : 0.3158"
"1,38 : 0.4652"
"38,1 : 0.4652"
"1,39 : 0.3081"
"39,1 : 0.3081"
"1,40 : 0.3354"
"40,1 : 0.3354"
"1,41 : 0.7161"
"41,1 : 0.7161"
"1,42 : 0.464"
"42,1 : 0.464"
"1,43 : 0.5108"
"43,1 : 0.5108"
"1,44 : 0.02"
"44,1 : 0.02"
"1,45 : 0.461"
"45,1 : 0.461"
"1,46 : 0.5515"
"46,1 : 0.5515"
"1,47 : 0.4669"
"47,1 : 0.4669"
"1,48 : 0.1118"
"48,1 : 0.1118"
"1,49 : 0.3544"
"49,1 : 0.3544"
"1,50 : 0.5235"
"50,1 : 0.5235"
"1,51 : 0.6456"
"51,1 : 0.6456"
"1,52 : 0.3795"
"52,1 : 0.3795"
"1,53 : 0.6021"
"53,1 : 0.6021"
"1,54 : 0.7247"
"54,1 : 0.7247"
"1,55 : 0.5557"
"55,1 : 0.5557"
"1,56 : 0.4391"
"56,1 : 0.4391"
"1,57 : 0.51"
"57,1 : 0.51"
"1,58 : 0.3081"
"58,1 : 0.3081"
"1,59 : 0.4793"
"59,1 : 0.4793"
"1,60 : 0.4652"
"60,1 : 0.4652"
"1,61 : 0.1118"
"61,1 : 0.1118"
"1,62 : 0.441"
"62,1 : 0.441"
"1,63 : 0.1992"
"63,1 : 0.1992"
"1,64 : 0.2354"
"64,1 : 0.2354"
"1,65 : 0.5772"
"65,1 : 0.5772"
"1,66 : 0.4305"
"66,1 : 0.4305"
"1,67 : 0.568"
"67,1 : 0.568"
"1,68 : 0.4941"
"68,1 : 0.4941"
"1,69 : 0.103"
"69,1 : 0.103"
"1,70 : 0.0632"
"70,1 : 0.0632"
"1,71 : 0.5239"
"71,1 : 0.5239"
"1,72 : 0.4958"
"72,1 : 0.4958"
"1,73 : 0.3536"
"73,1 : 0.3536"
"1,74 : 0.4662"
"74,1 : 0.4662"
"1,75 : 0.6001"
"75,1 : 0.6001"
"1,76 : 0.7463"
"76,1 : 0.7463"
"1,77 : 0.2121"
"77,1 : 0.2121"
"1,78 : 0.2476"
"78,1 : 0.2476"
"1,79 : 0.5728"
"79,1 : 0.5728"
"1,80 : 0.5009"
"80,1 : 0.5009"
"1,81 : 0.3766"
"81,1 : 0.3766"
"1,82 : 0.3466"
"82,1 : 0.3466"
"1,83 : 0.3245"
"83,1 : 0.3245"
"1,84 : 0.3324"
"84,1 : 0.3324"
"1,85 : 0.0906"
"85,1 : 0.0906"
"1,86 : 0.2617"
"86,1 : 0.2617"
"1,87 : 0.494"
"87,1 : 0.494"
"1,88 : 0.4159"
"88,1 : 0.4159"
"1,89 : 0.136"
"89,1 : 0.136"
"1,90 : 0.2773"
"90,1 : 0.2773"
"1,91 : 0.1825"
"91,1 : 0.1825"
"1,92 : 0.4838"
"92,1 : 0.4838"
"1,93 : 0.3606"
"93,1 : 0.3606"
"1,94 : 0.3764"
"94,1 : 0.3764"
"1,95 : 0.2961"
"95,1 : 0.2961"
"1,96 : 0.6022"
"96,1 : 0.6022"
"1,97 : 0.794"
"97,1 : 0.794"
"1,98 : 0.4924"
"98,1 : 0.4924"
"1,99 : 0.5941"
"99,1 : 0.5941"
"2,3 : 0.423"
"3,2 : 0.423"
"2,4 : 0.8864"
"4,2 : 0.8864"
"2,5 : 0.8854"
"5,2 : 0.8854"
"2,6 : 0.4308"
"6,2 : 0.4308"
"2,7 : 1.0375"
"7,2 : 1.0375"
"2,8 : 0.688"
"8,2 : 0.688"
"2,9 : 0.2729"
"9,2 : 0.2729"
"2,10 : 0.0707"
"10,2 : 0.0707"
"2,11 : 0.6621"
"11,2 : 0.6621"
"2,12 : 0.7961"
"12,2 : 0.7961"
"2,13 : 0.7843"
"13,2 : 0.7843"
"2,14 : 0.9521"
"14,2 : 0.9521"
"2,15 : 0.5757"
"15,2 : 0.5757"
"2,16 : 0.9973"
"16,2 : 0.9973"
"2,17 : 0.1879"
"17,2 : 0.1879"
"2,18 : 0.7262"
"18,2 : 0.7262"
"2,19 : 0.6277"
"19,2 : 0.6277"
"2,20 : 0.6127"
"20,2 : 0.6127"
"2,21 : 0.6313"
"21,2 : 0.6313"
"2,22 : 0.365"
"22,2 : 0.365"
"2,23 : 0.7601"
"23,2 : 0.7601"
"2,24 : 0.6485"
"24,2 : 0.6485"
"2,25 : 0.6407"
"25,2 : 0.6407"
"2,26 : 0.9426"
"26,2 : 0.9426"
"2,27 : 0.6701"
"27,2 : 0.6701"
"2,28 : 0.6351"
"28,2 : 0.6351"
"2,29 : 0.6379"
"29,2 : 0.6379"
"2,30 : 0.4219"
"30,2 : 0.4219"
"2,31 : 0.6592"
"31,2 : 0.6592"
"2,32 : 0.0"
"32,2 : 0.0"
"2,33 : 0.922"
"33,2 : 0.922"
"2,34 : 0.4892"
"34,2 : 0.4892"
"2,35 : 0.4177"
"35,2 : 0.4177"
"2,36 : 0.8846"
"36,2 : 0.8846"
"2,37 : 0.9339"
"37,2 : 0.9339"
"2,38 : 0.9823"
"38,2 : 0.9823"
"2,39 : 0.58"
"39,2 : 0.58"
"2,40 : 0.6364"
"40,2 : 0.6364"
"2,41 : 0.5704"
"41,2 : 0.5704"
"2,42 : 0.4876"
"42,2 : 0.4876"
"2,43 : 0.7378"
"43,2 : 0.7378"
"2,44 : 0.6379"
"44,2 : 0.6379"
"2,45 : 0.3847"
"45,2 : 0.3847"
"2,46 : 1.0448"
"46,2 : 1.0448"
"2,47 : 0.9394"
"47,2 : 0.9394"
"2,48 : 0.507"
"48,2 : 0.507"
"2,49 : 0.9413"
"49,2 : 0.9413"
"2,50 : 0.3041"
"50,2 : 0.3041"
"2,51 : 0.3306"
"51,2 : 0.3306"
"2,52 : 0.7004"
"52,2 : 0.7004"
"2,53 : 0.0316"
"53,2 : 0.0316"
"2,54 : 0.6113"
"54,2 : 0.6113"
"2,55 : 0.4464"
"55,2 : 0.4464"
"2,56 : 0.8516"
"56,2 : 0.8516"
"2,57 : 0.1749"
"57,2 : 0.1749"
"2,58 : 0.8505"
"58,2 : 0.8505"
"2,59 : 0.7185"
"59,2 : 0.7185"
"2,60 : 0.8443"
"60,2 : 0.8443"
"2,61 : 0.6964"
"61,2 : 0.6964"
"2,62 : 0.4219"
"62,2 : 0.4219"
"2,63 : 0.6381"
"63,2 : 0.6381"
"2,64 : 0.3833"
"64,2 : 0.3833"
"2,65 : 0.0412"
"65,2 : 0.0412"
"2,66 : 0.2404"
"66,2 : 0.2404"
"2,67 : 0.1345"
"67,2 : 0.1345"
"2,68 : 0.4833"
"68,2 : 0.4833"
"2,69 : 0.5533"
"69,2 : 0.5533"
"2,70 : 0.6265"
"70,2 : 0.6265"
"2,71 : 0.0949"
"71,2 : 0.0949"
"2,72 : 0.2921"
"72,2 : 0.2921"
"2,73 : 0.9646"
"73,2 : 0.9646"
"2,74 : 0.7161"
"74,2 : 0.7161"
"2,75 : 0.3932"
"75,2 : 0.3932"
"2,76 : 0.5801"
"76,2 : 0.5801"
"2,77 : 0.8188"
"77,2 : 0.8188"
"2,78 : 0.542"
"78,2 : 0.542"
"2,79 : 0.314"
"79,2 : 0.314"
"2,80 : 0.9052"
"80,2 : 0.9052"
"2,81 : 0.7052"
"81,2 : 0.7052"
"2,82 : 0.5381"
"82,2 : 0.5381"
"2,83 : 0.8859"
"83,2 : 0.8859"
"2,84 : 0.9171"
"84,2 : 0.9171"
"2,85 : 0.5345"
"85,2 : 0.5345"
"2,86 : 0.7021"
"86,2 : 0.7021"
"2,87 : 0.9014"
"87,2 : 0.9014"
"2,88 : 0.5903"
"88,2 : 0.5903"
"2,89 : 0.7134"
"89,2 : 0.7134"
"2,90 : 0.8919"
"90,2 : 0.8919"
"2,91 : 0.6307"
"91,2 : 0.6307"
"2,92 : 0.9667"
"92,2 : 0.9667"
"2,93 : 0.461"
"93,2 : 0.461"
"2,94 : 0.7404"
"94,2 : 0.7404"
"2,95 : 0.6747"
"95,2 : 0.6747"
"2,96 : 0.2283"
"96,2 : 0.2283"
"2,97 : 0.6213"
"97,2 : 0.6213"
"2,98 : 0.4561"
"98,2 : 0.4561"
"2,99 : 0.2202"
"99,2 : 0.2202"
"3,4 : 0.5659"
"4,3 : 0.5659"
"3,5 : 0.5341"
"5,3 : 0.5341"
"3,6 : 0.5197"
"6,3 : 0.5197"
"3,7 : 0.7212"
"7,3 : 0.7212"
"3,8 : 0.632"
"8,3 : 0.632"
"3,9 : 0.5099"
"9,3 : 0.5099"
"3,10 : 0.4464"
"10,3 : 0.4464"
"3,11 : 0.6649"
"11,3 : 0.6649"
"3,12 : 0.5412"
"12,3 : 0.5412"
"3,13 : 0.4455"
"13,3 : 0.4455"
"3,14 : 0.7033"
"14,3 : 0.7033"
"3,15 : 0.65"
"15,3 : 0.65"
"3,16 : 0.6862"
"16,3 : 0.6862"
"3,17 : 0.3606"
"17,3 : 0.3606"
"3,18 : 0.3397"
"18,3 : 0.3397"
"3,19 : 0.5984"
"19,3 : 0.5984"
"3,20 : 0.2555"
"20,3 : 0.2555"
"3,21 : 0.2285"
"21,3 : 0.2285"
"3,22 : 0.1253"
"22,3 : 0.1253"
"3,23 : 0.5099"
"23,3 : 0.5099"
"3,24 : 0.3302"
"24,3 : 0.3302"
"3,25 : 0.2209"
"25,3 : 0.2209"
"3,26 : 0.5337"
"26,3 : 0.5337"
"3,27 : 0.2532"
"27,3 : 0.2532"
"3,28 : 0.247"
"28,3 : 0.247"
"3,29 : 0.2236"
"29,3 : 0.2236"
"3,30 : 0.2766"
"30,3 : 0.2766"
"3,31 : 0.2802"
"31,3 : 0.2802"
"3,32 : 0.423"
"32,3 : 0.423"
"3,33 : 0.5412"
"33,3 : 0.5412"
"3,34 : 0.3734"
"34,3 : 0.3734"
"3,35 : 0.0316"
"35,3 : 0.0316"
"3,36 : 0.7228"
"36,3 : 0.7228"
"3,37 : 0.5547"
"37,3 : 0.5547"
"3,38 : 0.7272"
"38,3 : 0.7272"
"3,39 : 0.45"
"39,3 : 0.45"
"3,40 : 0.5009"
"40,3 : 0.5009"
"3,41 : 0.7378"
"41,3 : 0.7378"
"3,42 : 0.5162"
"42,3 : 0.5162"
"3,43 : 0.6703"
"43,3 : 0.6703"
"3,44 : 0.2828"
"44,3 : 0.2828"
"3,45 : 0.4579"
"45,3 : 0.4579"
"3,46 : 0.8101"
"46,3 : 0.8101"
"3,47 : 0.5192"
"47,3 : 0.5192"
"3,48 : 0.1931"
"48,3 : 0.1931"
"3,49 : 0.5295"
"49,3 : 0.5295"
"3,50 : 0.2561"
"50,3 : 0.2561"
"3,51 : 0.5814"
"51,3 : 0.5814"
"3,52 : 0.5632"
"52,3 : 0.5632"
"3,53 : 0.4177"
"53,3 : 0.4177"
"3,54 : 0.7616"
"54,3 : 0.7616"
"3,55 : 0.566"
"55,3 : 0.566"
"3,56 : 0.4386"
"56,3 : 0.4386"
"3,57 : 0.2729"
"57,3 : 0.2729"
"3,58 : 0.4305"
"58,3 : 0.4305"
"3,59 : 0.6401"
"59,3 : 0.6401"
"3,60 : 0.4391"
"60,3 : 0.4391"
"3,61 : 0.378"
"61,3 : 0.378"
"3,62 : 0.1803"
"62,3 : 0.1803"
"3,63 : 0.408"
"63,3 : 0.408"
"3,64 : 0.1581"
"64,3 : 0.1581"
"3,65 : 0.3847"
"65,3 : 0.3847"
"3,66 : 0.333"
"66,3 : 0.333"
"3,67 : 0.3338"
"67,3 : 0.3338"
"3,68 : 0.5371"
"68,3 : 0.5371"
"3,69 : 0.1703"
"69,3 : 0.1703"
"3,70 : 0.2441"
"70,3 : 0.2441"
"3,71 : 0.3396"
"71,3 : 0.3396"
"3,72 : 0.2302"
"72,3 : 0.2302"
"3,73 : 0.614"
"73,3 : 0.614"
"3,74 : 0.63"
"74,3 : 0.63"
"3,75 : 0.5749"
"75,3 : 0.5749"
"3,76 : 0.7628"
"76,3 : 0.7628"
"3,77 : 0.4254"
"77,3 : 0.4254"
"3,78 : 0.3801"
"78,3 : 0.3801"
"3,79 : 0.3048"
"79,3 : 0.3048"
"3,80 : 0.7308"
"80,3 : 0.7308"
"3,81 : 0.3023"
"81,3 : 0.3023"
"3,82 : 0.454"
"82,3 : 0.454"
"3,83 : 0.592"
"83,3 : 0.592"
"3,84 : 0.6014"
"84,3 : 0.6014"
"3,85 : 0.2285"
"85,3 : 0.2285"
"3,86 : 0.4838"
"86,3 : 0.4838"
"3,87 : 0.4919"
"87,3 : 0.4919"
"3,88 : 0.2371"
"88,3 : 0.2371"
"3,89 : 0.3138"
"89,3 : 0.3138"
"3,90 : 0.536"
"90,3 : 0.536"
"3,91 : 0.211"
"91,3 : 0.211"
"3,92 : 0.7379"
"92,3 : 0.7379"
"3,93 : 0.4176"
"93,3 : 0.4176"
"3,94 : 0.3312"
"94,3 : 0.3312"
"3,95 : 0.2563"
"95,3 : 0.2563"
"3,96 : 0.3444"
"96,3 : 0.3444"
"3,97 : 0.8127"
"97,3 : 0.8127"
"3,98 : 0.2377"
"98,3 : 0.2377"
"3,99 : 0.4909"
"99,3 : 0.4909"
"4,5 : 0.0854"
"5,4 : 0.0854"
"4,6 : 0.6512"
"6,4 : 0.6512"
"4,7 : 0.1562"
"7,4 : 0.1562"
"4,8 : 0.4919"
"8,4 : 0.4919"
"4,9 : 1.058"
"9,4 : 1.058"
"4,10 : 0.8698"
"10,4 : 0.8698"
"4,11 : 0.5818"
"11,4 : 0.5818"
"4,12 : 0.1565"
"12,4 : 0.1565"
"4,13 : 0.1221"
"13,4 : 0.1221"
"4,14 : 0.204"
"14,4 : 0.204"
"4,15 : 0.6676"
"15,4 : 0.6676"
"4,16 : 0.1204"
"16,4 : 0.1204"
"4,17 : 0.9021"
"17,4 : 0.9021"
"4,18 : 0.6551"
"18,4 : 0.6551"
"4,19 : 0.522"
"19,4 : 0.522"
"4,20 : 0.6815"
"20,4 : 0.6815"
"4,21 : 0.3672"
"21,4 : 0.3672"
"4,22 : 0.5408"
"22,4 : 0.5408"
"4,23 : 0.1772"
"23,4 : 0.1772"
"4,24 : 0.2441"
"24,4 : 0.2441"
"4,25 : 0.4254"
"25,4 : 0.4254"
"4,26 : 0.3178"
"26,4 : 0.3178"
"4,27 : 0.3956"
"27,4 : 0.3956"
"4,28 : 0.3329"
"28,4 : 0.3329"
"4,29 : 0.5442"
"29,4 : 0.5442"
"4,30 : 0.4713"
"30,4 : 0.4713"
"4,31 : 0.2968"
"31,4 : 0.2968"
"4,32 : 0.8864"
"32,4 : 0.8864"
"4,33 : 0.1836"
"33,4 : 0.1836"
"4,34 : 0.4418"
"34,4 : 0.4418"
"4,35 : 0.5946"
"35,4 : 0.5946"
"4,36 : 0.3581"
"36,4 : 0.3581"
"4,37 : 0.1803"
"37,4 : 0.1803"
"4,38 : 0.2102"
"38,4 : 0.2102"
"4,39 : 0.392"
"39,4 : 0.392"
"4,40 : 0.3711"
"40,4 : 0.3711"
"4,41 : 0.8174"
"41,4 : 0.8174"
"4,42 : 0.5842"
"42,4 : 0.5842"
"4,43 : 0.4855"
"43,4 : 0.4855"
"4,44 : 0.2832"
"44,4 : 0.2832"
"4,45 : 0.6303"
"45,4 : 0.6303"
"4,46 : 0.3"
"46,4 : 0.3"
"4,47 : 0.5609"
"47,4 : 0.5609"
"4,48 : 0.3941"
"48,4 : 0.3941"
"4,49 : 0.3362"
"49,4 : 0.3362"
"4,50 : 0.8204"
"50,4 : 0.8204"
"4,51 : 0.8305"
"51,4 : 0.8305"
"4,52 : 0.3625"
"52,4 : 0.3625"
"4,53 : 0.8654"
"53,4 : 0.8654"
"4,54 : 0.8096"
"54,4 : 0.8096"
"4,55 : 0.6935"
"55,4 : 0.6935"
"4,56 : 0.5901"
"56,4 : 0.5901"
"4,57 : 0.7988"
"57,4 : 0.7988"
"4,58 : 0.392"
"58,4 : 0.392"
"4,59 : 0.4614"
"59,4 : 0.4614"
"4,60 : 0.6301"
"60,4 : 0.6301"
"4,61 : 0.1942"
"61,4 : 0.1942"
"4,62 : 0.7341"
"62,4 : 0.7341"
"4,63 : 0.2707"
"63,4 : 0.2707"
"4,64 : 0.5111"
"64,4 : 0.5111"
"4,65 : 0.8458"
"65,4 : 0.8458"
"4,66 : 0.6676"
"66,4 : 0.6676"
"4,67 : 0.8544"
"67,4 : 0.8544"
"4,68 : 0.6152"
"68,4 : 0.6152"
"4,69 : 0.397"
"69,4 : 0.397"
"4,70 : 0.3302"
"70,4 : 0.3302"
"4,71 : 0.792"
"71,4 : 0.792"
"4,72 : 0.7925"
"72,4 : 0.7925"
"4,73 : 0.1077"
"73,4 : 0.1077"
"4,74 : 0.4478"
"74,4 : 0.4478"
"4,75 : 0.7606"
"75,4 : 0.7606"
"4,76 : 0.849"
"76,4 : 0.849"
"4,77 : 0.24"
"77,4 : 0.24"
"4,78 : 0.3812"
"78,4 : 0.3812"
"4,79 : 0.8698"
"79,4 : 0.8698"
"4,80 : 0.3413"
"80,4 : 0.3413"
"4,81 : 0.5967"
"81,4 : 0.5967"
"4,82 : 0.4518"
"82,4 : 0.4518"
"4,83 : 0.0671"
"83,4 : 0.0671"
"4,84 : 0.0361"
"84,4 : 0.0361"
"4,85 : 0.3606"
"85,4 : 0.3606"
"4,86 : 0.2452"
"86,4 : 0.2452"
"4,87 : 0.632"
"87,4 : 0.632"
"4,88 : 0.6803"
"88,4 : 0.6803"
"4,89 : 0.3068"
"89,4 : 0.3068"
"4,90 : 0.0985"
"90,4 : 0.0985"
"4,91 : 0.4295"
"91,4 : 0.4295"
"4,92 : 0.2571"
"92,4 : 0.2571"
"4,93 : 0.5101"
"93,4 : 0.5101"
"4,94 : 0.5787"
"94,4 : 0.5787"
"4,95 : 0.522"
"95,4 : 0.522"
"4,96 : 0.8964"
"96,4 : 0.8964"
"4,97 : 0.8889"
"97,4 : 0.8889"
"4,98 : 0.7824"
"98,4 : 0.7824"
"4,99 : 0.8122"
"99,4 : 0.8122"
"5,6 : 0.6905"
"6,5 : 0.6905"
"5,7 : 0.2012"
"7,5 : 0.2012"
"5,8 : 0.5576"
"8,5 : 0.5576"
"5,9 : 1.0377"
"9,5 : 1.0377"
"5,10 : 0.8756"
"10,5 : 0.8756"
"5,11 : 0.645"
"11,5 : 0.645"
"5,12 : 0.2267"
"12,5 : 0.2267"
"5,13 : 0.102"
"13,5 : 0.102"
"5,14 : 0.2886"
"14,5 : 0.2886"
"5,15 : 0.7224"
"15,5 : 0.7224"
"5,16 : 0.1772"
"16,5 : 0.1772"
"5,17 : 0.8832"
"17,5 : 0.8832"
"5,18 : 0.5852"
"18,5 : 0.5852"
"5,19 : 0.5814"
"19,5 : 0.5814"
"5,20 : 0.6218"
"20,5 : 0.6218"
"5,21 : 0.3189"
"21,5 : 0.3189"
"5,22 : 0.528"
"22,5 : 0.528"
"5,23 : 0.2385"
"23,5 : 0.2385"
"5,24 : 0.2377"
"24,5 : 0.2377"
"5,25 : 0.3689"
"25,5 : 0.3689"
"5,26 : 0.2326"
"26,5 : 0.2326"
"5,27 : 0.3362"
"27,5 : 0.3362"
"5,28 : 0.29"
"28,5 : 0.29"
"5,29 : 0.483"
"29,5 : 0.483"
"5,30 : 0.4837"
"30,5 : 0.4837"
"5,31 : 0.255"
"31,5 : 0.255"
"5,32 : 0.8854"
"32,5 : 0.8854"
"5,33 : 0.1"
"33,5 : 0.1"
"5,34 : 0.4717"
"34,5 : 0.4717"
"5,35 : 0.5608"
"35,5 : 0.5608"
"5,36 : 0.441"
"36,5 : 0.441"
"5,37 : 0.099"
"37,5 : 0.099"
"5,38 : 0.2927"
"38,5 : 0.2927"
"5,39 : 0.4368"
"39,5 : 0.4368"
"5,40 : 0.4254"
"40,5 : 0.4254"
"5,41 : 0.8698"
"41,5 : 0.8698"
"5,42 : 0.6282"
"42,5 : 0.6282"
"5,43 : 0.5561"
"43,5 : 0.5561"
"5,44 : 0.2555"
"44,5 : 0.2555"
"5,45 : 0.6627"
"45,5 : 0.6627"
"5,46 : 0.3812"
"46,5 : 0.3812"
"5,47 : 0.4768"
"47,5 : 0.4768"
"5,48 : 0.3808"
"48,5 : 0.3808"
"5,49 : 0.2508"
"49,5 : 0.2508"
"5,50 : 0.7903"
"50,5 : 0.7903"
"5,51 : 0.8615"
"51,5 : 0.8615"
"5,52 : 0.4272"
"52,5 : 0.4272"
"5,53 : 0.8668"
"53,5 : 0.8668"
"5,54 : 0.8654"
"54,5 : 0.8654"
"5,55 : 0.7355"
"55,5 : 0.7355"
"5,56 : 0.5104"
"56,5 : 0.5104"
"5,57 : 0.7829"
"57,5 : 0.7829"
"5,58 : 0.3102"
"58,5 : 0.3102"
"5,59 : 0.5301"
"59,5 : 0.5301"
"5,60 : 0.5515"
"60,5 : 0.5515"
"5,61 : 0.1924"
"61,5 : 0.1924"
"5,62 : 0.6931"
"62,5 : 0.6931"
"5,63 : 0.3059"
"63,5 : 0.3059"
"5,64 : 0.5033"
"64,5 : 0.5033"
"5,65 : 0.8443"
"65,5 : 0.8443"
"5,66 : 0.679"
"66,5 : 0.679"
"5,67 : 0.8408"
"67,5 : 0.8408"
"5,68 : 0.6597"
"68,5 : 0.6597"
"5,69 : 0.364"
"69,5 : 0.364"
"5,70 : 0.2907"
"70,5 : 0.2907"
"5,71 : 0.7906"
"71,5 : 0.7906"
"5,72 : 0.764"
"72,5 : 0.764"
"5,73 : 0.0806"
"73,5 : 0.0806"
"5,74 : 0.5161"
"74,5 : 0.5161"
"5,75 : 0.7976"
"75,5 : 0.7976"
"5,76 : 0.9014"
"76,5 : 0.9014"
"5,77 : 0.1628"
"77,5 : 0.1628"
"5,78 : 0.413"
"78,5 : 0.413"
"5,79 : 0.8387"
"79,5 : 0.8387"
"5,80 : 0.4254"
"80,5 : 0.4254"
"5,81 : 0.5281"
"81,5 : 0.5281"
"5,82 : 0.4948"
"82,5 : 0.4948"
"5,83 : 0.1523"
"83,5 : 0.1523"
"5,84 : 0.1105"
"84,5 : 0.1105"
"5,85 : 0.3511"
"85,5 : 0.3511"
"5,86 : 0.2997"
"86,5 : 0.2997"
"5,87 : 0.5504"
"87,5 : 0.5504"
"5,88 : 0.6227"
"88,5 : 0.6227"
"5,89 : 0.247"
"89,5 : 0.247"
"5,90 : 0.0141"
"90,5 : 0.0141"
"5,91 : 0.3744"
"91,5 : 0.3744"
"5,92 : 0.3421"
"92,5 : 0.3421"
"5,93 : 0.5445"
"93,5 : 0.5445"
"5,94 : 0.507"
"94,5 : 0.507"
"5,95 : 0.4569"
"95,5 : 0.4569"
"5,96 : 0.8737"
"96,5 : 0.8737"
"5,97 : 0.9434"
"97,5 : 0.9434"
"5,98 : 0.7376"
"98,5 : 0.7376"
"5,99 : 0.8322"
"99,5 : 0.8322"
"6,7 : 0.7723"
"7,6 : 0.7723"
"6,8 : 0.2766"
"8,6 : 0.2766"
"6,9 : 0.6992"
"9,6 : 0.6992"
"6,10 : 0.3712"
"10,6 : 0.3712"
"6,11 : 0.2332"
"11,6 : 0.2332"
"6,12 : 0.5109"
"12,6 : 0.5109"
"6,13 : 0.5967"
"13,6 : 0.5967"
"6,14 : 0.6306"
"14,6 : 0.6306"
"6,15 : 0.1503"
"15,6 : 0.1503"
"6,16 : 0.7317"
"16,6 : 0.7317"
"6,17 : 0.5756"
"17,6 : 0.5756"
"6,18 : 0.85"
"18,6 : 0.85"
"6,19 : 0.2126"
"19,6 : 0.2126"
"6,20 : 0.7752"
"20,6 : 0.7752"
"6,21 : 0.592"
"21,6 : 0.592"
"6,22 : 0.3945"
"22,6 : 0.3945"
"6,23 : 0.4801"
"23,6 : 0.4801"
"6,24 : 0.4847"
"24,6 : 0.4847"
"6,25 : 0.6444"
"25,6 : 0.6444"
"6,26 : 0.8469"
"26,6 : 0.8469"
"6,27 : 0.6544"
"27,6 : 0.6544"
"6,28 : 0.5686"
"28,6 : 0.5686"
"6,29 : 0.717"
"29,6 : 0.717"
"6,30 : 0.2691"
"30,6 : 0.2691"
"6,31 : 0.5694"
"31,6 : 0.5694"
"6,32 : 0.4308"
"32,6 : 0.4308"
"6,33 : 0.7666"
"33,6 : 0.7666"
"6,34 : 0.2247"
"34,6 : 0.2247"
"6,35 : 0.5412"
"35,6 : 0.5412"
"6,36 : 0.5061"
"36,6 : 0.5061"
"6,37 : 0.7737"
"37,6 : 0.7737"
"6,38 : 0.6622"
"38,6 : 0.6622"
"6,39 : 0.26"
"39,6 : 0.26"
"6,40 : 0.2943"
"40,6 : 0.2943"
"6,41 : 0.2202"
"41,6 : 0.2202"
"6,42 : 0.0762"
"42,6 : 0.0762"
"6,43 : 0.3256"
"43,6 : 0.3256"
"6,44 : 0.5235"
"44,6 : 0.5235"
"6,45 : 0.0632"
"45,6 : 0.0632"
"6,46 : 0.7001"
"46,6 : 0.7001"
"6,47 : 0.9621"
"47,6 : 0.9621"
"6,48 : 0.4264"
"48,6 : 0.4264"
"6,49 : 0.8549"
"49,6 : 0.8549"
"6,50 : 0.6129"
"50,6 : 0.6129"
"6,51 : 0.1931"
"51,6 : 0.1931"
"6,52 : 0.3384"
"52,6 : 0.3384"
"6,53 : 0.3992"
"53,6 : 0.3992"
"6,54 : 0.2419"
"54,6 : 0.2419"
"6,55 : 0.05"
"55,6 : 0.05"
"6,56 : 0.9124"
"56,6 : 0.9124"
"6,57 : 0.4901"
"57,6 : 0.4901"
"6,58 : 0.813"
"58,6 : 0.813"
"6,59 : 0.314"
"59,6 : 0.314"
"6,60 : 0.9266"
"60,6 : 0.9266"
"6,61 : 0.5124"
"61,6 : 0.5124"
"6,62 : 0.6515"
"62,6 : 0.6515"
"6,63 : 0.3847"
"63,6 : 0.3847"
"6,64 : 0.3662"
"64,6 : 0.3662"
"6,65 : 0.408"
"65,6 : 0.408"
"6,66 : 0.2302"
"66,6 : 0.2302"
"6,67 : 0.5049"
"67,6 : 0.5049"
"6,68 : 0.0566"
"68,6 : 0.0566"
"6,69 : 0.5174"
"69,6 : 0.5174"
"6,70 : 0.5547"
"70,6 : 0.5547"
"6,71 : 0.3766"
"71,6 : 0.3766"
"6,72 : 0.5842"
"72,6 : 0.5842"
"6,73 : 0.7543"
"73,6 : 0.7543"
"6,74 : 0.3162"
"74,6 : 0.3162"
"6,75 : 0.1105"
"75,6 : 0.1105"
"6,76 : 0.2476"
"76,6 : 0.2476"
"6,77 : 0.7077"
"77,6 : 0.7077"
"6,78 : 0.2789"
"78,6 : 0.2789"
"6,79 : 0.6507"
"79,6 : 0.6507"
"6,80 : 0.5324"
"80,6 : 0.5324"
"6,81 : 0.8028"
"81,6 : 0.8028"
"6,82 : 0.2"
"82,6 : 0.2"
"6,83 : 0.6203"
"83,6 : 0.6203"
"6,84 : 0.6701"
"84,6 : 0.6701"
"6,85 : 0.4244"
"85,6 : 0.4244"
"6,86 : 0.4101"
"86,6 : 0.4101"
"6,87 : 0.969"
"87,6 : 0.969"
"6,88 : 0.7566"
"88,6 : 0.7566"
"6,89 : 0.6414"
"89,6 : 0.6414"
"6,90 : 0.7021"
"90,6 : 0.7021"
"6,91 : 0.637"
"91,6 : 0.637"
"6,92 : 0.6263"
"92,6 : 0.6263"
"6,93 : 0.1487"
"93,6 : 0.1487"
"6,94 : 0.8213"
"94,6 : 0.8213"
"6,95 : 0.7359"
"95,6 : 0.7359"
"6,96 : 0.6021"
"96,6 : 0.6021"
"6,97 : 0.2973"
"97,6 : 0.2973"
"6,98 : 0.7088"
"98,6 : 0.7088"
"6,99 : 0.2343"
"99,6 : 0.2343"
"7,8 : 0.5727"
"8,7 : 0.5727"
"7,9 : 1.214"
"9,7 : 1.214"
"7,10 : 1.0177"
"10,7 : 1.0177"
"7,11 : 0.6649"
"11,7 : 0.6649"
"7,12 : 0.2617"
"12,7 : 0.2617"
"7,13 : 0.2759"
"13,7 : 0.2759"
"7,14 : 0.1887"
"14,7 : 0.1887"
"7,15 : 0.7653"
"15,7 : 0.7653"
"7,16 : 0.0412"
"16,7 : 0.0412"
"7,17 : 1.058"
"17,7 : 1.058"
"7,18 : 0.7843"
"18,7 : 0.7843"
"7,19 : 0.6152"
"19,7 : 0.6152"
"7,20 : 0.823"
"20,7 : 0.823"
"7,21 : 0.5161"
"21,7 : 0.5161"
"7,22 : 0.6963"
"22,7 : 0.6963"
"7,23 : 0.2943"
"23,7 : 0.2943"
"7,24 : 0.4"
"24,7 : 0.4"
"7,25 : 0.5694"
"25,7 : 0.5694"
"7,26 : 0.3901"
"26,7 : 0.3901"
"7,27 : 0.5371"
"27,7 : 0.5371"
"7,28 : 0.4841"
"28,7 : 0.4841"
"7,29 : 0.6843"
"29,7 : 0.6843"
"7,30 : 0.6185"
"30,7 : 0.6185"
"7,31 : 0.4482"
"31,7 : 0.4482"
"7,32 : 1.0375"
"32,7 : 1.0375"
"7,33 : 0.2617"
"33,7 : 0.2617"
"7,34 : 0.5772"
"34,7 : 0.5772"
"7,35 : 0.7497"
"35,7 : 0.7497"
"7,36 : 0.3808"
"36,7 : 0.3808"
"7,37 : 0.2508"
"37,7 : 0.2508"
"7,38 : 0.1703"
"38,7 : 0.1703"
"7,39 : 0.5135"
"39,7 : 0.5135"
"7,40 : 0.4801"
"40,7 : 0.4801"
"7,41 : 0.9166"
"41,7 : 0.9166"
"7,42 : 0.7006"
"42,7 : 0.7006"
"7,43 : 0.5536"
"43,7 : 0.5536"
"7,44 : 0.4384"
"44,7 : 0.4384"
"7,45 : 0.7595"
"45,7 : 0.7595"
"7,46 : 0.2332"
"46,7 : 0.2332"
"7,47 : 0.6501"
"47,7 : 0.6501"
"7,48 : 0.55"
"48,7 : 0.55"
"7,49 : 0.4101"
"49,7 : 0.4101"
"7,50 : 0.9762"
"50,7 : 0.9762"
"7,51 : 0.9589"
"51,7 : 0.9589"
"7,52 : 0.4528"
"52,7 : 0.4528"
"7,53 : 1.0155"
"53,7 : 1.0155"
"7,54 : 0.9026"
"54,7 : 0.9026"
"7,55 : 0.8106"
"55,7 : 0.8106"
"7,56 : 0.6987"
"56,7 : 0.6987"
"7,57 : 0.9544"
"57,7 : 0.9544"
"7,58 : 0.4965"
"58,7 : 0.4965"
"7,59 : 0.536"
"59,7 : 0.536"
"7,60 : 0.7415"
"60,7 : 0.7415"
"7,61 : 0.35"
"61,7 : 0.35"
"7,62 : 0.8873"
"62,7 : 0.8873"
"7,63 : 0.408"
"63,7 : 0.408"
"7,64 : 0.6657"
"64,7 : 0.6657"
"7,65 : 0.9973"
"65,7 : 0.9973"
"7,66 : 0.8134"
"66,7 : 0.8134"
"7,67 : 1.0096"
"67,7 : 1.0096"
"7,68 : 0.7303"
"68,7 : 0.7303"
"7,69 : 0.5517"
"69,7 : 0.5517"
"7,70 : 0.4827"
"70,7 : 0.4827"
"7,71 : 0.9437"
"71,7 : 0.9437"
"7,72 : 0.9485"
"72,7 : 0.9485"
"7,73 : 0.1414"
"73,7 : 0.1414"
"7,74 : 0.5239"
"74,7 : 0.5239"
"7,75 : 0.8828"
"75,7 : 0.8828"
"7,76 : 0.9476"
"76,7 : 0.9476"
"7,77 : 0.3606"
"77,7 : 0.3606"
"7,78 : 0.5166"
"78,7 : 0.5166"
"7,79 : 1.0255"
"79,7 : 1.0255"
"7,80 : 0.3551"
"80,7 : 0.3551"
"7,81 : 0.728"
"81,7 : 0.728"
"7,82 : 0.5731"
"82,7 : 0.5731"
"7,83 : 0.1552"
"83,7 : 0.1552"
"7,84 : 0.1221"
"84,7 : 0.1221"
"7,85 : 0.5161"
"85,7 : 0.5161"
"7,86 : 0.3635"
"86,7 : 0.3635"
"7,87 : 0.7333"
"87,7 : 0.7333"
"7,88 : 0.8237"
"88,7 : 0.8237"
"7,89 : 0.4478"
"89,7 : 0.4478"
"7,90 : 0.2062"
"90,7 : 0.2062"
"7,91 : 0.5745"
"91,7 : 0.5745"
"7,92 : 0.2343"
"92,7 : 0.2343"
"7,93 : 0.6395"
"93,7 : 0.6395"
"7,94 : 0.7052"
"94,7 : 0.7052"
"7,95 : 0.658"
"95,7 : 0.658"
"7,96 : 1.0526"
"96,7 : 1.0526"
"7,97 : 0.9831"
"97,7 : 0.9831"
"7,98 : 0.9341"
"98,7 : 0.9341"
"7,99 : 0.9508"
"99,7 : 0.9508"
"8,9 : 0.9437"
"9,8 : 0.9437"
"8,10 : 0.636"
"10,8 : 0.636"
"8,11 : 0.0922"
"11,8 : 0.0922"
"8,12 : 0.3354"
"12,8 : 0.3354"
"8,13 : 0.4892"
"13,8 : 0.4892"
"8,14 : 0.4005"
"14,8 : 0.4005"
"8,15 : 0.2022"
"15,8 : 0.2022"
"8,16 : 0.536"
"16,8 : 0.536"
"8,17 : 0.8041"
"17,8 : 0.8041"
"8,18 : 0.9108"
"18,8 : 0.9108"
"8,19 : 0.064"
"19,8 : 0.064"
"8,20 : 0.8688"
"20,8 : 0.8688"
"8,21 : 0.5993"
"21,8 : 0.5993"
"8,22 : 0.5201"
"22,8 : 0.5201"
"8,23 : 0.3191"
"23,8 : 0.3191"
"8,24 : 0.4327"
"24,8 : 0.4327"
"8,25 : 0.6671"
"25,8 : 0.6671"
"8,26 : 0.7649"
"26,8 : 0.7649"
"8,27 : 0.6619"
"27,8 : 0.6619"
"8,28 : 0.5636"
"28,8 : 0.5636"
"8,29 : 0.7716"
"29,8 : 0.7716"
"8,30 : 0.3601"
"30,8 : 0.3601"
"8,31 : 0.5471"
"31,8 : 0.5471"
"8,32 : 0.688"
"32,8 : 0.688"
"8,33 : 0.6522"
"33,8 : 0.6522"
"8,34 : 0.26"
"34,8 : 0.26"
"8,35 : 0.6612"
"35,8 : 0.6612"
"8,36 : 0.2404"
"36,8 : 0.2404"
"8,37 : 0.6546"
"37,8 : 0.6546"
"8,38 : 0.4301"
"38,8 : 0.4301"
"8,39 : 0.1868"
"39,8 : 0.1868"
"8,40 : 0.1526"
"40,8 : 0.1526"
"8,41 : 0.3501"
"41,8 : 0.3501"
"8,42 : 0.2052"
"42,8 : 0.2052"
"8,43 : 0.05"
"43,8 : 0.05"
"8,44 : 0.4974"
"44,8 : 0.4974"
"8,45 : 0.3061"
"45,8 : 0.3061"
"8,46 : 0.4472"
"46,8 : 0.4472"
"8,47 : 0.9463"
"47,8 : 0.9463"
"8,48 : 0.4657"
"48,8 : 0.4657"
"8,49 : 0.7783"
"49,8 : 0.7783"
"8,50 : 0.8041"
"50,8 : 0.8041"
"8,51 : 0.4632"
"51,8 : 0.4632"
"8,52 : 0.1304"
"52,8 : 0.1304"
"8,53 : 0.6573"
"53,8 : 0.6573"
"8,54 : 0.3314"
"54,8 : 0.3314"
"8,55 : 0.2915"
"55,8 : 0.2915"
"8,56 : 0.9266"
"56,8 : 0.9266"
"8,57 : 0.7052"
"57,8 : 0.7052"
"8,58 : 0.7762"
"58,8 : 0.7762"
"8,59 : 0.0412"
"59,8 : 0.0412"
"8,60 : 0.9526"
"60,8 : 0.9526"
"8,61 : 0.4328"
"61,8 : 0.4328"
"8,62 : 0.8001"
"62,8 : 0.8001"
"8,63 : 0.2941"
"63,8 : 0.2941"
"8,64 : 0.48"
"64,8 : 0.48"
"8,65 : 0.6586"
"65,8 : 0.6586"
"8,66 : 0.4562"
"66,8 : 0.4562"
"8,67 : 0.7354"
"67,8 : 0.7354"
"8,68 : 0.2202"
"68,8 : 0.2202"
"8,69 : 0.5503"
"69,8 : 0.5503"
"8,70 : 0.5501"
"70,8 : 0.5501"
"8,71 : 0.6172"
"71,8 : 0.6172"
"8,72 : 0.7728"
"72,8 : 0.7728"
"8,73 : 0.5993"
"73,8 : 0.5993"
"8,74 : 0.05"
"74,8 : 0.05"
"8,75 : 0.3722"
"75,8 : 0.3722"
"8,76 : 0.38"
"76,8 : 0.38"
"8,77 : 0.6366"
"77,8 : 0.6366"
"8,78 : 0.2571"
"78,8 : 0.2571"
"8,79 : 0.8493"
"79,8 : 0.8493"
"8,80 : 0.2693"
"80,8 : 0.2693"
"8,81 : 0.8544"
"81,8 : 0.8544"
"8,82 : 0.1803"
"82,8 : 0.1803"
"8,83 : 0.4401"
"83,8 : 0.4401"
"8,84 : 0.4977"
"84,8 : 0.4977"
"8,85 : 0.4427"
"85,8 : 0.4427"
"8,86 : 0.2625"
"86,8 : 0.2625"
"8,87 : 0.9811"
"87,8 : 0.9811"
"8,88 : 0.8551"
"88,8 : 0.8551"
"8,89 : 0.6129"
"89,8 : 0.6129"
"8,90 : 0.5714"
"90,8 : 0.5714"
"8,91 : 0.6631"
"91,8 : 0.6631"
"8,92 : 0.3812"
"92,8 : 0.3812"
"8,93 : 0.2404"
"93,8 : 0.2404"
"8,94 : 0.8601"
"94,8 : 0.8601"
"8,95 : 0.7762"
"95,8 : 0.7762"
"8,96 : 0.8222"
"96,8 : 0.8222"
"8,97 : 0.4119"
"97,8 : 0.4119"
"8,98 : 0.8601"
"98,8 : 0.8601"
"8,99 : 0.5091"
"99,8 : 0.5091"
"9,10 : 0.3413"
"10,9 : 0.3413"
"9,11 : 0.927"
"11,9 : 0.927"
"9,12 : 0.997"
"12,9 : 0.997"
"9,13 : 0.943"
"13,9 : 0.943"
"9,14 : 1.1597"
"14,9 : 1.1597"
"9,15 : 0.8465"
"15,9 : 0.8465"
"9,16 : 1.1761"
"16,9 : 1.1761"
"9,17 : 0.1562"
"17,9 : 0.1562"
"9,18 : 0.7101"
"18,9 : 0.7101"
"9,19 : 0.8864"
"19,9 : 0.8864"
"9,20 : 0.59"
"20,9 : 0.59"
"9,21 : 0.7382"
"21,9 : 0.7382"
"9,22 : 0.5186"
"22,9 : 0.5186"
"9,23 : 0.9617"
"23,9 : 0.9617"
"9,24 : 0.814"
"24,9 : 0.814"
"9,25 : 0.7211"
"25,9 : 0.7211"
"9,26 : 1.0373"
"26,9 : 1.0373"
"9,27 : 0.7561"
"27,9 : 0.7561"
"9,28 : 0.7559"
"28,9 : 0.7559"
"9,29 : 0.6708"
"29,9 : 0.6708"
"9,30 : 0.6325"
"30,9 : 0.6325"
"9,31 : 0.7877"
"31,9 : 0.7877"
"9,32 : 0.2729"
"32,9 : 0.2729"
"9,33 : 1.051"
"33,9 : 1.051"
"9,34 : 0.7185"
"34,9 : 0.7185"
"9,35 : 0.4885"
"35,9 : 0.4885"
"9,36 : 1.1207"
"36,9 : 1.1207"
"9,37 : 1.0644"
"37,9 : 1.0644"
"9,38 : 1.1879"
"38,9 : 1.1879"
"9,39 : 0.8127"
"39,9 : 0.8127"
"9,40 : 0.8709"
"40,9 : 0.8709"
"9,41 : 0.8421"
"41,9 : 0.8421"
"9,42 : 0.7503"
"42,9 : 0.7503"
"9,43 : 0.9928"
"43,9 : 0.9928"
"9,44 : 0.7823"
"44,9 : 0.7823"
"9,45 : 0.6485"
"45,9 : 0.6485"
"9,46 : 1.2599"
"46,9 : 1.2599"
"9,47 : 0.9633"
"47,9 : 0.9633"
"9,48 : 0.664"
"48,9 : 0.664"
"9,49 : 1.0309"
"49,9 : 1.0309"
"9,50 : 0.2668"
"50,9 : 0.2668"
"9,51 : 0.6003"
"51,9 : 0.6003"
"9,52 : 0.9374"
"52,9 : 0.9374"
"9,53 : 0.3041"
"53,9 : 0.3041"
"9,54 : 0.8836"
"54,9 : 0.8836"
"9,55 : 0.7181"
"55,9 : 0.7181"
"9,56 : 0.8609"
"56,9 : 0.8609"
"9,57 : 0.2617"
"57,9 : 0.2617"
"9,58 : 0.9218"
"58,9 : 0.9218"
"9,59 : 0.9706"
"59,9 : 0.9706"
"9,60 : 0.84"
"60,9 : 0.84"
"9,61 : 0.864"
"61,9 : 0.864"
"9,62 : 0.4031"
"62,9 : 0.4031"
"9,63 : 0.8417"
"63,9 : 0.8417"
"9,64 : 0.5523"
"64,9 : 0.5523"
"9,65 : 0.2912"
"65,9 : 0.2912"
"9,66 : 0.4875"
"66,9 : 0.4875"
"9,67 : 0.214"
"67,9 : 0.214"
"9,68 : 0.7495"
"68,9 : 0.7495"
"9,69 : 0.676"
"69,9 : 0.676"
"9,70 : 0.7518"
"70,9 : 0.7518"
"9,71 : 0.327"
"71,9 : 0.327"
"9,72 : 0.2846"
"72,9 : 0.2846"
"9,73 : 1.1183"
"73,9 : 1.1183"
"9,74 : 0.9665"
"74,9 : 0.9665"
"9,75 : 0.6661"
"75,9 : 0.6661"
"9,76 : 0.8505"
"76,9 : 0.8505"
"9,77 : 0.9352"
"77,9 : 0.9352"
"9,78 : 0.7622"
"78,9 : 0.7622"
"9,79 : 0.2309"
"79,9 : 0.2309"
"9,80 : 1.1381"
"80,9 : 1.1381"
"9,81 : 0.7118"
"81,9 : 0.7118"
"9,82 : 0.7803"
"82,9 : 0.7803"
"9,83 : 1.0717"
"83,9 : 1.0717"
"9,84 : 1.092"
"84,9 : 1.092"
"9,85 : 0.6981"
"85,9 : 0.6981"
"9,86 : 0.9135"
"86,9 : 0.9135"
"9,87 : 0.9"
"87,9 : 0.9"
"9,88 : 0.5701"
"88,9 : 0.5701"
"9,89 : 0.8235"
"89,9 : 0.8235"
"9,90 : 1.041"
"90,9 : 1.041"
"9,91 : 0.7117"
"91,9 : 0.7117"
"9,92 : 1.1826"
"92,9 : 1.1826"
"9,93 : 0.7071"
"93,9 : 0.7071"
"9,94 : 0.7524"
"94,9 : 0.7524"
"9,95 : 0.712"
"95,9 : 0.712"
"9,96 : 0.1655"
"96,9 : 0.1655"
"9,97 : 0.89"
"97,9 : 0.89"
"9,98 : 0.4001"
"98,9 : 0.4001"
"9,99 : 0.4925"
"99,9 : 0.4925"
"10,11 : 0.6042"
"11,10 : 0.6042"
"10,12 : 0.7694"
"12,10 : 0.7694"
"10,13 : 0.7737"
"13,10 : 0.7737"
"10,14 : 0.9211"
"14,10 : 0.9211"
"10,15 : 0.5126"
"15,10 : 0.5126"
"10,16 : 0.9769"
"16,10 : 0.9769"
"10,17 : 0.2563"
"17,10 : 0.2563"
"10,18 : 0.7648"
"18,10 : 0.7648"
"10,19 : 0.5743"
"19,10 : 0.5743"
"10,20 : 0.6551"
"20,10 : 0.6551"
"10,21 : 0.6407"
"21,10 : 0.6407"
"10,22 : 0.3701"
"22,10 : 0.3701"
"10,23 : 0.7336"
"23,10 : 0.7336"
"10,24 : 0.6379"
"24,10 : 0.6379"
"10,25 : 0.6576"
"25,10 : 0.6576"
"10,26 : 0.95"
"26,10 : 0.95"
"10,27 : 0.6847"
"27,10 : 0.6847"
"10,28 : 0.6401"
"28,10 : 0.6401"
"10,29 : 0.6673"
"29,10 : 0.6673"
"10,30 : 0.3992"
"30,10 : 0.3992"
"10,31 : 0.6612"
"31,10 : 0.6612"
"10,32 : 0.0707"
"32,10 : 0.0707"
"10,33 : 0.9192"
"33,10 : 0.9192"
"10,34 : 0.4549"
"34,10 : 0.4549"
"10,35 : 0.446"
"35,10 : 0.446"
"10,36 : 0.8417"
"36,10 : 0.8417"
"10,37 : 0.9306"
"37,10 : 0.9306"
"10,38 : 0.9519"
"38,10 : 0.9519"
"10,39 : 0.542"
"39,10 : 0.542"
"10,40 : 0.5967"
"40,10 : 0.5967"
"10,41 : 0.5009"
"41,10 : 0.5009"
"10,42 : 0.4327"
"42,10 : 0.4327"
"10,43 : 0.686"
"43,10 : 0.686"
"10,44 : 0.6351"
"44,10 : 0.6351"
"10,45 : 0.3302"
"45,10 : 0.3302"
"10,46 : 1.0102"
"46,10 : 1.0102"
"10,47 : 0.9657"
"47,10 : 0.9657"
"10,48 : 0.5036"
"48,10 : 0.5036"
"10,49 : 0.9502"
"49,10 : 0.9502"
"10,50 : 0.3624"
"50,10 : 0.3624"
"10,51 : 0.2602"
"51,10 : 0.2602"
"10,52 : 0.6586"
"52,10 : 0.6586"
"10,53 : 0.0447"
"53,10 : 0.0447"
"10,54 : 0.5423"
"54,10 : 0.5423"
"10,55 : 0.3828"
"55,10 : 0.3828"
"10,56 : 0.8826"
"56,10 : 0.8826"
"10,57 : 0.2263"
"57,10 : 0.2263"
"10,58 : 0.8658"
"58,10 : 0.8658"
"10,59 : 0.6684"
"59,10 : 0.6684"
"10,60 : 0.8785"
"60,10 : 0.8785"
"10,61 : 0.6841"
"61,10 : 0.6841"
"10,62 : 0.4701"
"62,10 : 0.4701"
"10,63 : 0.6127"
"63,10 : 0.6127"
"10,64 : 0.3812"
"64,10 : 0.3812"
"10,65 : 0.0781"
"65,10 : 0.0781"
"10,66 : 0.2059"
"66,10 : 0.2059"
"10,67 : 0.1972"
"67,10 : 0.1972"
"10,68 : 0.4254"
"68,10 : 0.4254"
"10,69 : 0.5601"
"69,10 : 0.5601"
"10,70 : 0.6303"
"70,10 : 0.6303"
"10,71 : 0.1077"
"71,10 : 0.1077"
"10,72 : 0.3466"
"72,10 : 0.3466"
"10,73 : 0.9534"
"73,10 : 0.9534"
"10,74 : 0.6671"
"74,10 : 0.6671"
"10,75 : 0.3256"
"75,10 : 0.3256"
"10,76 : 0.51"
"76,10 : 0.51"
"10,77 : 0.8215"
"77,10 : 0.8215"
"10,78 : 0.5111"
"78,10 : 0.5111"
"10,79 : 0.3774"
"79,10 : 0.3774"
"10,80 : 0.8637"
"80,10 : 0.8637"
"10,81 : 0.7393"
"81,10 : 0.7393"
"10,82 : 0.4958"
"82,10 : 0.4958"
"10,83 : 0.8641"
"83,10 : 0.8641"
"10,84 : 0.8989"
"84,10 : 0.8989"
"10,85 : 0.5277"
"85,10 : 0.5277"
"10,86 : 0.6723"
"86,10 : 0.6723"
"10,87 : 0.9341"
"87,10 : 0.9341"
"10,88 : 0.6329"
"88,10 : 0.6329"
"10,89 : 0.72"
"89,10 : 0.72"
"10,90 : 0.8829"
"90,10 : 0.8829"
"10,91 : 0.6478"
"91,10 : 0.6478"
"10,92 : 0.9323"
"92,10 : 0.9323"
"10,93 : 0.4177"
"93,10 : 0.4177"
"10,94 : 0.7725"
"94,10 : 0.7725"
"10,95 : 0.7021"
"95,10 : 0.7021"
"10,96 : 0.2955"
"96,10 : 0.2955"
"10,97 : 0.5508"
"97,10 : 0.5508"
"10,98 : 0.5093"
"98,10 : 0.5093"
"10,99 : 0.1513"
"99,10 : 0.1513"
"11,12 : 0.4254"
"12,11 : 0.4254"
"11,13 : 0.572"
"13,11 : 0.572"
"11,14 : 0.4916"
"14,11 : 0.4916"
"11,15 : 0.1208"
"15,11 : 0.1208"
"11,16 : 0.6282"
"16,11 : 0.6282"
"11,17 : 0.7956"
"17,11 : 0.7956"
"11,18 : 0.9625"
"18,11 : 0.9625"
"11,19 : 0.0721"
"19,11 : 0.0721"
"11,20 : 0.9109"
"20,11 : 0.9109"
"11,21 : 0.6604"
"21,11 : 0.6604"
"11,22 : 0.5459"
"22,11 : 0.5459"
"11,23 : 0.4071"
"23,11 : 0.4071"
"11,24 : 0.5033"
"24,11 : 0.5033"
"11,25 : 0.7256"
"25,11 : 0.7256"
"11,26 : 0.8465"
"26,11 : 0.8465"
"11,27 : 0.724"
"27,11 : 0.724"
"11,28 : 0.6268"
"28,11 : 0.6268"
"11,29 : 0.8235"
"29,11 : 0.8235"
"11,30 : 0.3883"
"30,11 : 0.3883"
"11,31 : 0.614"
"31,11 : 0.614"
"11,32 : 0.6621"
"32,11 : 0.6621"
"11,33 : 0.7378"
"33,11 : 0.7378"
"11,34 : 0.2941"
"34,11 : 0.2941"
"11,35 : 0.6923"
"35,11 : 0.6923"
"11,36 : 0.3239"
"36,11 : 0.3239"
"11,37 : 0.7409"
"37,11 : 0.7409"
"11,38 : 0.5209"
"38,11 : 0.5209"
"11,39 : 0.2441"
"39,11 : 0.2441"
"11,40 : 0.2267"
"40,11 : 0.2267"
"11,41 : 0.2617"
"41,11 : 0.2617"
"11,42 : 0.1772"
"42,11 : 0.1772"
"11,43 : 0.1217"
"43,11 : 0.1217"
"11,44 : 0.564"
"44,11 : 0.564"
"11,45 : 0.2786"
"45,11 : 0.2786"
"11,46 : 0.5334"
"46,11 : 0.5334"
"11,47 : 1.0167"
"47,11 : 1.0167"
"11,48 : 0.5148"
"48,11 : 0.5148"
"11,49 : 0.8591"
"49,11 : 0.8591"
"11,50 : 0.8122"
"50,11 : 0.8122"
"11,51 : 0.4036"
"51,11 : 0.4036"
"11,52 : 0.2193"
"52,11 : 0.2193"
"11,53 : 0.6307"
"53,11 : 0.6307"
"11,54 : 0.2402"
"54,11 : 0.2402"
"11,55 : 0.2335"
"55,11 : 0.2335"
"11,56 : 0.9902"
"56,11 : 0.9902"
"11,57 : 0.7021"
"57,11 : 0.7021"
"11,58 : 0.8496"
"58,11 : 0.8496"
"11,59 : 0.1304"
"59,11 : 0.1304"
"11,60 : 1.0136"
"60,11 : 1.0136"
"11,61 : 0.5093"
"61,11 : 0.5093"
"11,62 : 0.8239"
"62,11 : 0.8239"
"11,63 : 0.3677"
"63,11 : 0.3677"
"11,64 : 0.508"
"64,11 : 0.508"
"11,65 : 0.6369"
"65,11 : 0.6369"
"11,66 : 0.4438"
"66,11 : 0.4438"
"11,67 : 0.7253"
"67,11 : 0.7253"
"11,68 : 0.1789"
"68,11 : 0.1789"
"11,69 : 0.6037"
"69,11 : 0.6037"
"11,70 : 0.6129"
"70,11 : 0.6129"
"11,71 : 0.6008"
"71,11 : 0.6008"
"11,72 : 0.7816"
"72,11 : 0.7816"
"11,73 : 0.6894"
"73,11 : 0.6894"
"11,74 : 0.1414"
"74,11 : 0.1414"
"11,75 : 0.3114"
"75,11 : 0.3114"
"11,76 : 0.2907"
"76,11 : 0.2907"
"11,77 : 0.7151"
"77,11 : 0.7151"
"11,78 : 0.3089"
"78,11 : 0.3089"
"11,79 : 0.8548"
"79,11 : 0.8548"
"11,80 : 0.3536"
"80,11 : 0.3536"
"11,81 : 0.908"
"81,11 : 0.908"
"11,82 : 0.2154"
"82,11 : 0.2154"
"11,83 : 0.5314"
"83,11 : 0.5314"
"11,84 : 0.5887"
"84,11 : 0.5887"
"11,85 : 0.4965"
"85,11 : 0.4965"
"11,86 : 0.3467"
"86,11 : 0.3467"
"11,87 : 1.0456"
"87,11 : 1.0456"
"11,88 : 0.8956"
"88,11 : 0.8956"
"11,89 : 0.6825"
"89,11 : 0.6825"
"11,90 : 0.6586"
"90,11 : 0.6586"
"11,91 : 0.7207"
"91,11 : 0.7207"
"11,92 : 0.4701"
"92,11 : 0.4701"
"11,93 : 0.2508"
"93,11 : 0.2508"
"11,94 : 0.9171"
"94,11 : 0.9171"
"11,95 : 0.8319"
"95,11 : 0.8319"
"11,96 : 0.8179"
"96,11 : 0.8179"
"11,97 : 0.3206"
"97,11 : 0.3206"
"11,98 : 0.8836"
"98,11 : 0.8836"
"11,99 : 0.4662"
"99,11 : 0.4662"
"12,13 : 0.1838"
"13,12 : 0.1838"
"12,14 : 0.164"
"14,12 : 0.164"
"12,15 : 0.5142"
"15,12 : 0.5142"
"12,16 : 0.2209"
"16,12 : 0.2209"
"12,17 : 0.8415"
"17,12 : 0.8415"
"12,18 : 0.71"
"18,12 : 0.71"
"12,19 : 0.3669"
"19,12 : 0.3669"
"12,20 : 0.7102"
"20,12 : 0.7102"
"12,21 : 0.392"
"21,12 : 0.392"
"12,22 : 0.4827"
"22,12 : 0.4827"
"12,23 : 0.0361"
"23,12 : 0.0361"
"12,24 : 0.2184"
"24,12 : 0.2184"
"12,25 : 0.461"
"25,12 : 0.461"
"12,26 : 0.45"
"26,12 : 0.45"
"12,27 : 0.44"
"27,12 : 0.44"
"12,28 : 0.3523"
"28,12 : 0.3523"
"12,29 : 0.5822"
"29,12 : 0.5822"
"12,30 : 0.3744"
"30,12 : 0.3744"
"12,31 : 0.3206"
"31,12 : 0.3206"
"12,32 : 0.7961"
"32,12 : 0.7961"
"12,33 : 0.3253"
"33,12 : 0.3253"
"12,34 : 0.3195"
"34,12 : 0.3195"
"12,35 : 0.5725"
"35,12 : 0.5725"
"12,36 : 0.2309"
"36,12 : 0.2309"
"12,37 : 0.3256"
"37,12 : 0.3256"
"12,38 : 0.191"
"38,12 : 0.191"
"12,39 : 0.2518"
"39,12 : 0.2518"
"12,40 : 0.2209"
"40,12 : 0.2209"
"12,41 : 0.6649"
"41,12 : 0.6649"
"12,42 : 0.44"
"42,12 : 0.44"
"12,43 : 0.3302"
"43,12 : 0.3302"
"12,44 : 0.2844"
"44,12 : 0.2844"
"12,45 : 0.4982"
"45,12 : 0.4982"
"12,46 : 0.2693"
"46,12 : 0.2693"
"12,47 : 0.6685"
"47,12 : 0.6685"
"12,48 : 0.3499"
"48,12 : 0.3499"
"12,49 : 0.4662"
"49,12 : 0.4662"
"12,50 : 0.7824"
"50,12 : 0.7824"
"12,51 : 0.6972"
"51,12 : 0.6972"
"12,52 : 0.2062"
"52,12 : 0.2062"
"12,53 : 0.7718"
"53,12 : 0.7718"
"12,54 : 0.6552"
"54,12 : 0.6552"
"12,55 : 0.55"
"55,12 : 0.55"
"12,56 : 0.6768"
"56,12 : 0.6768"
"12,57 : 0.7354"
"57,12 : 0.7354"
"12,58 : 0.494"
"58,12 : 0.494"
"12,59 : 0.3053"
"59,12 : 0.3053"
"12,60 : 0.712"
"60,12 : 0.712"
"12,61 : 0.1811"
"61,12 : 0.1811"
"12,62 : 0.7201"
"62,12 : 0.7201"
"12,63 : 0.1581"
"63,12 : 0.1581"
"12,64 : 0.446"
"64,12 : 0.446"
"12,65 : 0.7572"
"65,12 : 0.7572"
"12,66 : 0.5636"
"66,12 : 0.5636"
"12,67 : 0.7857"
"67,12 : 0.7857"
"12,68 : 0.4701"
"68,12 : 0.4701"
"12,69 : 0.389"
"69,12 : 0.389"
"12,70 : 0.3437"
"70,12 : 0.3437"
"12,71 : 0.7046"
"71,12 : 0.7046"
"12,72 : 0.7521"
"72,12 : 0.7521"
"12,73 : 0.264"
"73,12 : 0.264"
"12,74 : 0.2915"
"74,12 : 0.2915"
"12,75 : 0.6213"
"75,12 : 0.6213"
"12,76 : 0.6963"
"76,12 : 0.6963"
"12,77 : 0.3401"
"77,12 : 0.3401"
"12,78 : 0.26"
"78,12 : 0.26"
"12,79 : 0.8323"
"79,12 : 0.8323"
"12,80 : 0.2236"
"80,12 : 0.2236"
"12,81 : 0.65"
"81,12 : 0.65"
"12,82 : 0.3114"
"82,12 : 0.3114"
"12,83 : 0.1105"
"83,12 : 0.1105"
"12,84 : 0.1649"
"84,12 : 0.1649"
"12,85 : 0.3138"
"85,12 : 0.3138"
"12,86 : 0.102"
"86,12 : 0.102"
"12,87 : 0.7253"
"87,12 : 0.7253"
"12,88 : 0.7041"
"88,12 : 0.7041"
"12,89 : 0.3622"
"89,12 : 0.3622"
"12,90 : 0.2408"
"90,12 : 0.2408"
"12,91 : 0.4617"
"91,12 : 0.4617"
"12,92 : 0.197"
"92,12 : 0.197"
"12,93 : 0.3785"
"93,12 : 0.3785"
"12,94 : 0.6412"
"94,12 : 0.6412"
"12,95 : 0.5701"
"95,12 : 0.5701"
"12,96 : 0.8429"
"96,12 : 0.8429"
"12,97 : 0.735"
"97,12 : 0.735"
"12,98 : 0.7747"
"98,12 : 0.7747"
"12,99 : 0.6926"
"99,12 : 0.6926"
"13,14 : 0.3015"
"14,13 : 0.3015"
"13,15 : 0.6395"
"15,13 : 0.6395"
"13,16 : 0.2421"
"16,13 : 0.2421"
"13,17 : 0.7877"
"17,13 : 0.7877"
"13,18 : 0.5445"
"18,13 : 0.5445"
"13,19 : 0.5048"
"19,13 : 0.5048"
"13,20 : 0.563"
"20,13 : 0.563"
"13,21 : 0.246"
"21,13 : 0.246"
"13,22 : 0.4294"
"22,13 : 0.4294"
"13,23 : 0.1803"
