x,y
0.49,0.77
0.96,0.31
0.18,0.53
0.77,0.91
0.64,0.09
0.08,0.53
0.2,0.37
0.71,0.41
0.22,0.42
0.83,0.17
0.12,0.32
0.8,0.4
0.95,0.02
0.09,0.39
0.32,0.7
0.55,0.41
0.6,0.59
0.95,0.15
0.9,1.0
0.16,0.77
0.1,0.95
0.11,0.63
0.36,0.31
0.46,0.86
0.75,0.77
0.66,0.05
0.68,0.28
0.95,0.74
0.39,0.4
0.67,0.46
0.68,0.39
0.48,0.12
0.48,0.73
0.86,0.88
0.7,0.18
0.14,0.38
0.2,0.42
0.37,0.17
0.68,0.75
0.74,0.03
0.58,0.28
0.34,0.48
0.93,0.74
0.95,0.64
0.26,0.27
0.87,0.2
0.61,0.27
0.02,0.27
0.1,0.95
0.57,0.4
0.44,0.15
0.84,0.91
0.58,0.74
0.14,0.8
0.99,0.88
0.51,0.21
0.58,0.83
0.14,0.78
0.08,0.25
0.09,0.03
0.66,0.14
0.16,0.37
0.43,0.17
0.44,0.39
0.87,0.1
0.4,0.28
0.32,0.76
0.29,0.26
0.8,0.89
0.48,0.56
0.93,0.54
0.59,0.16
0.43,0.96
0.34,0.18
0.73,0.86
0.62,1.0
0.12,0.98
0.01,0.09
0.02,0.54
0.11,0.95
0.54,0.11
0.9,0.24
0.95,0.39
0.78,0.17
0.61,0.56
0.78,0.64
0.44,0.47
0.2,0.99
0.84,0.18
0.21,0.36
0.93,0.4
0.56,0.79
0.45,0.51
0.77,0.64
0.43,0.04
0.83,0.88
0.42,0.51
0.26,0.42
0.11,0.95
0.42,0.79

Distanze
"0,1 : 0.6576"
"1,0 : 0.6576"
"0,2 : 0.392"
"2,0 : 0.392"
"0,3 : 0.313"
"3,0 : 0.313"
"0,4 : 0.6963"
"4,0 : 0.6963"
"0,5 : 0.4751"
"5,0 : 0.4751"
"0,6 : 0.4941"
"6,0 : 0.4941"
"0,7 : 0.4219"
"7,0 : 0.4219"
"0,8 : 0.442"
"8,0 : 0.442"
"0,9 : 0.6896"
"9,0 : 0.6896"
"0,10 : 0.5826"
"10,0 : 0.5826"
"0,11 : 0.4827"
"11,0 : 0.4827"
"0,12 : 0.8798"
"12,0 : 0.8798"
"0,13 : 0.5517"
"13,0 : 0.5517"
"0,14 : 0.1838"
"14,0 : 0.1838"
"0,15 : 0.365"
"15,0 : 0.365"
"0,16 : 0.211"
"16,0 : 0.211"
"0,17 : 0.772"
"17,0 : 0.772"
"0,18 : 0.4701"
"18,0 : 0.4701"
"0,19 : 0.33"
"19,0 : 0.33"
"0,20 : 0.4295"
"20,0 : 0.4295"
"0,21 : 0.405"
"21,0 : 0.405"
"0,22 : 0.478"
"22,0 : 0.478"
"0,23 : 0.0949"
"23,0 : 0.0949"
"0,24 : 0.26"
"24,0 : 0.26"
"0,25 : 0.7398"
"25,0 : 0.7398"
"0,26 : 0.5255"
"26,0 : 0.5255"
"0,27 : 0.461"
"27,0 : 0.461"
"0,28 : 0.3833"
"28,0 : 0.3833"
"0,29 : 0.3585"
"29,0 : 0.3585"
"0,30 : 0.4249"
"30,0 : 0.4249"
"0,31 : 0.6501"
"31,0 : 0.6501"
"0,32 : 0.0412"
"32,0 : 0.0412"
"0,33 : 0.386"
"33,0 : 0.386"
"0,34 : 0.6263"
"34,0 : 0.6263"
"0,35 : 0.524"
"35,0 : 0.524"
"0,36 : 0.4545"
"36,0 : 0.4545"
"0,37 : 0.6119"
"37,0 : 0.6119"
"0,38 : 0.191"
"38,0 : 0.191"
"0,39 : 0.7811"
"39,0 : 0.7811"
"0,40 : 0.4982"
"40,0 : 0.4982"
"0,41 : 0.3265"
"41,0 : 0.3265"
"0,42 : 0.441"
"42,0 : 0.441"
"0,43 : 0.478"
"43,0 : 0.478"
"0,44 : 0.5504"
"44,0 : 0.5504"
"0,45 : 0.6851"
"45,0 : 0.6851"
"0,46 : 0.5142"
"46,0 : 0.5142"
"0,47 : 0.6862"
"47,0 : 0.6862"
"0,48 : 0.4295"
"48,0 : 0.4295"
"0,49 : 0.3785"
"49,0 : 0.3785"
"0,50 : 0.622"
"50,0 : 0.622"
"0,51 : 0.377"
"51,0 : 0.377"
"0,52 : 0.0949"
"52,0 : 0.0949"
"0,53 : 0.3513"
"53,0 : 0.3513"
"0,54 : 0.512"
"54,0 : 0.512"
"0,55 : 0.5604"
"55,0 : 0.5604"
"0,56 : 0.1082"
"56,0 : 0.1082"
"0,57 : 0.3501"
"57,0 : 0.3501"
"0,58 : 0.6622"
"58,0 : 0.6622"
"0,59 : 0.8412"
"59,0 : 0.8412"
"0,60 : 0.6525"
"60,0 : 0.6525"
"0,61 : 0.5186"
"61,0 : 0.5186"
"0,62 : 0.603"
"62,0 : 0.603"
"0,63 : 0.3833"
"63,0 : 0.3833"
"0,64 : 0.7703"
"64,0 : 0.7703"
"0,65 : 0.4982"
"65,0 : 0.4982"
"0,66 : 0.1703"
"66,0 : 0.1703"
"0,67 : 0.5478"
"67,0 : 0.5478"
"0,68 : 0.3324"
"68,0 : 0.3324"
"0,69 : 0.2102"
"69,0 : 0.2102"
"0,70 : 0.4965"
"70,0 : 0.4965"
"0,71 : 0.6181"
"71,0 : 0.6181"
"0,72 : 0.1992"
"72,0 : 0.1992"
"0,73 : 0.6088"
"73,0 : 0.6088"
"0,74 : 0.2563"
"74,0 : 0.2563"
"0,75 : 0.2642"
"75,0 : 0.2642"
"0,76 : 0.4254"
"76,0 : 0.4254"
"0,77 : 0.8323"
"77,0 : 0.8323"
"0,78 : 0.5233"
"78,0 : 0.5233"
"0,79 : 0.4205"
"79,0 : 0.4205"
"0,80 : 0.6619"
"80,0 : 0.6619"
"0,81 : 0.6701"
"81,0 : 0.6701"
"0,82 : 0.5967"
"82,0 : 0.5967"
"0,83 : 0.6664"
"83,0 : 0.6664"
"0,84 : 0.2419"
"84,0 : 0.2419"
"0,85 : 0.3178"
"85,0 : 0.3178"
"0,86 : 0.3041"
"86,0 : 0.3041"
"0,87 : 0.364"
"87,0 : 0.364"
"0,88 : 0.686"
"88,0 : 0.686"
"0,89 : 0.4965"
"89,0 : 0.4965"
"0,90 : 0.5749"
"90,0 : 0.5749"
"0,91 : 0.0728"
"91,0 : 0.0728"
"0,92 : 0.2631"
"92,0 : 0.2631"
"0,93 : 0.3087"
"93,0 : 0.3087"
"0,94 : 0.7325"
"94,0 : 0.7325"
"0,95 : 0.3574"
"95,0 : 0.3574"
"0,96 : 0.2693"
"96,0 : 0.2693"
"0,97 : 0.4188"
"97,0 : 0.4188"
"0,98 : 0.4205"
"98,0 : 0.4205"
"0,99 : 0.0728"
"99,0 : 0.0728"
"1,2 : 0.8104"
"2,1 : 0.8104"
"1,3 : 0.6294"
"3,1 : 0.6294"
"1,4 : 0.3883"
"4,1 : 0.3883"
"1,5 : 0.9071"
"5,1 : 0.9071"
"1,6 : 0.7624"
"6,1 : 0.7624"
"1,7 : 0.2693"
"7,1 : 0.2693"
"1,8 : 0.7481"
"8,1 : 0.7481"
"1,9 : 0.191"
"9,1 : 0.191"
"1,10 : 0.8401"
"10,1 : 0.8401"
"1,11 : 0.1836"
"11,1 : 0.1836"
"1,12 : 0.2902"
"12,1 : 0.2902"
"1,13 : 0.8737"
"13,1 : 0.8737"
"1,14 : 0.7495"
"14,1 : 0.7495"
"1,15 : 0.422"
"15,1 : 0.422"
"1,16 : 0.4561"
"16,1 : 0.4561"
"1,17 : 0.1603"
"17,1 : 0.1603"
"1,18 : 0.6926"
"18,1 : 0.6926"
"1,19 : 0.9228"
"19,1 : 0.9228"
"1,20 : 1.072"
"20,1 : 1.072"
"1,21 : 0.9082"
"21,1 : 0.9082"
"1,22 : 0.6"
"22,1 : 0.6"
"1,23 : 0.7433"
"23,1 : 0.7433"
"1,24 : 0.5057"
"24,1 : 0.5057"
"1,25 : 0.397"
"25,1 : 0.397"
"1,26 : 0.2816"
"26,1 : 0.2816"
"1,27 : 0.4301"
"27,1 : 0.4301"
"1,28 : 0.5771"
"28,1 : 0.5771"
"1,29 : 0.3265"
"29,1 : 0.3265"
"1,30 : 0.2912"
"30,1 : 0.2912"
"1,31 : 0.5162"
"31,1 : 0.5162"
"1,32 : 0.6378"
"32,1 : 0.6378"
"1,33 : 0.5787"
"33,1 : 0.5787"
"1,34 : 0.2907"
"34,1 : 0.2907"
"1,35 : 0.823"
"35,1 : 0.823"
"1,36 : 0.7679"
"36,1 : 0.7679"
"1,37 : 0.6064"
"37,1 : 0.6064"
"1,38 : 0.5215"
"38,1 : 0.5215"
"1,39 : 0.3561"
"39,1 : 0.3561"
"1,40 : 0.3812"
"40,1 : 0.3812"
"1,41 : 0.6429"
"41,1 : 0.6429"
"1,42 : 0.431"
"42,1 : 0.431"
"1,43 : 0.3302"
"43,1 : 0.3302"
"1,44 : 0.7011"
"44,1 : 0.7011"
"1,45 : 0.1421"
"45,1 : 0.1421"
"1,46 : 0.3523"
"46,1 : 0.3523"
"1,47 : 0.9409"
"47,1 : 0.9409"
"1,48 : 1.072"
"48,1 : 1.072"
"1,49 : 0.4002"
"49,1 : 0.4002"
"1,50 : 0.5441"
"50,1 : 0.5441"
"1,51 : 0.6119"
"51,1 : 0.6119"
"1,52 : 0.5738"
"52,1 : 0.5738"
"1,53 : 0.9552"
"53,1 : 0.9552"
"1,54 : 0.5708"
"54,1 : 0.5708"
"1,55 : 0.461"
"55,1 : 0.461"
"1,56 : 0.644"
"56,1 : 0.644"
"1,57 : 0.9451"
"57,1 : 0.9451"
"1,58 : 0.882"
"58,1 : 0.882"
"1,59 : 0.9139"
"59,1 : 0.9139"
"1,60 : 0.3448"
"60,1 : 0.3448"
"1,61 : 0.8022"
"61,1 : 0.8022"
"1,62 : 0.5482"
"62,1 : 0.5482"
"1,63 : 0.5261"
"63,1 : 0.5261"
"1,64 : 0.2285"
"64,1 : 0.2285"
"1,65 : 0.5608"
"65,1 : 0.5608"
"1,66 : 0.7824"
"66,1 : 0.7824"
"1,67 : 0.6719"
"67,1 : 0.6719"
"1,68 : 0.6017"
"68,1 : 0.6017"
"1,69 : 0.5412"
"69,1 : 0.5412"
"1,70 : 0.2319"
"70,1 : 0.2319"
"1,71 : 0.3992"
"71,1 : 0.3992"
"1,72 : 0.8387"
"72,1 : 0.8387"
"1,73 : 0.6335"
"73,1 : 0.6335"
"1,74 : 0.5962"
"74,1 : 0.5962"
"1,75 : 0.7692"
"75,1 : 0.7692"
"1,76 : 1.0745"
"76,1 : 1.0745"
"1,77 : 0.9751"
"77,1 : 0.9751"
"1,78 : 0.9677"
"78,1 : 0.9677"
"1,79 : 1.064"
"79,1 : 1.064"
"1,80 : 0.4652"
"80,1 : 0.4652"
"1,81 : 0.0922"
"81,1 : 0.0922"
"1,82 : 0.0806"
"82,1 : 0.0806"
"1,83 : 0.228"
"83,1 : 0.228"
"1,84 : 0.4301"
"84,1 : 0.4301"
"1,85 : 0.3759"
"85,1 : 0.3759"
"1,86 : 0.5441"
"86,1 : 0.5441"
"1,87 : 1.0198"
"87,1 : 1.0198"
"1,88 : 0.1769"
"88,1 : 0.1769"
"1,89 : 0.7517"
"89,1 : 0.7517"
"1,90 : 0.0949"
"90,1 : 0.0949"
"1,91 : 0.6248"
"91,1 : 0.6248"
"1,92 : 0.5478"
"92,1 : 0.5478"
"1,93 : 0.3808"
"93,1 : 0.3808"
"1,94 : 0.5948"
"94,1 : 0.5948"
"1,95 : 0.5846"
"95,1 : 0.5846"
"1,96 : 0.5758"
"96,1 : 0.5758"
"1,97 : 0.7086"
"97,1 : 0.7086"
"1,98 : 1.064"
"98,1 : 1.064"
"1,99 : 0.7225"
"99,1 : 0.7225"
"2,3 : 0.7018"
"3,2 : 0.7018"
"2,4 : 0.6366"
"4,2 : 0.6366"
"2,5 : 0.1"
"5,2 : 0.1"
"2,6 : 0.1612"
"6,2 : 0.1612"
"2,7 : 0.5434"
"7,2 : 0.5434"
"2,8 : 0.117"
"8,2 : 0.117"
"2,9 : 0.743"
"9,2 : 0.743"
"2,10 : 0.2184"
"10,2 : 0.2184"
"2,11 : 0.6335"
"11,2 : 0.6335"
"2,12 : 0.9236"
"12,2 : 0.9236"
"2,13 : 0.1664"
"13,2 : 0.1664"
"2,14 : 0.2202"
"14,2 : 0.2202"
"2,15 : 0.389"
"15,2 : 0.389"
"2,16 : 0.4243"
"16,2 : 0.4243"
"2,17 : 0.8587"
"17,2 : 0.8587"
"2,18 : 0.8598"
"18,2 : 0.8598"
"2,19 : 0.2408"
"19,2 : 0.2408"
"2,20 : 0.4276"
"20,2 : 0.4276"
"2,21 : 0.1221"
"21,2 : 0.1221"
"2,22 : 0.2843"
"22,2 : 0.2843"
"2,23 : 0.4328"
"23,2 : 0.4328"
"2,24 : 0.6185"
"24,2 : 0.6185"
"2,25 : 0.6788"
"25,2 : 0.6788"
"2,26 : 0.559"
"26,2 : 0.559"
"2,27 : 0.7981"
"27,2 : 0.7981"
"2,28 : 0.247"
"28,2 : 0.247"
"2,29 : 0.495"
"29,2 : 0.495"
"2,30 : 0.5192"
"30,2 : 0.5192"
"2,31 : 0.508"
"31,2 : 0.508"
"2,32 : 0.3606"
"32,2 : 0.3606"
"2,33 : 0.7648"
"33,2 : 0.7648"
"2,34 : 0.6268"
"34,2 : 0.6268"
"2,35 : 0.1552"
"35,2 : 0.1552"
"2,36 : 0.1118"
"36,2 : 0.1118"
"2,37 : 0.4071"
"37,2 : 0.4071"
"2,38 : 0.5463"
"38,2 : 0.5463"
"2,39 : 0.7507"
"39,2 : 0.7507"
"2,40 : 0.4717"
"40,2 : 0.4717"
"2,41 : 0.1676"
"41,2 : 0.1676"
"2,42 : 0.7788"
"42,2 : 0.7788"
"2,43 : 0.7778"
"43,2 : 0.7778"
"2,44 : 0.272"
"44,2 : 0.272"
"2,45 : 0.7649"
"45,2 : 0.7649"
"2,46 : 0.5025"
"46,2 : 0.5025"
"2,47 : 0.3053"
"47,2 : 0.3053"
"2,48 : 0.4276"
"48,2 : 0.4276"
"2,49 : 0.4111"
"49,2 : 0.4111"
"2,50 : 0.4604"
"50,2 : 0.4604"
"2,51 : 0.7616"
"51,2 : 0.7616"
"2,52 : 0.4518"
"52,2 : 0.4518"
"2,53 : 0.2729"
"53,2 : 0.2729"
"2,54 : 0.8824"
"54,2 : 0.8824"
"2,55 : 0.4597"
"55,2 : 0.4597"
"2,56 : 0.5"
"56,2 : 0.5"
"2,57 : 0.2532"
"57,2 : 0.2532"
"2,58 : 0.2973"
"58,2 : 0.2973"
"2,59 : 0.508"
"59,2 : 0.508"
"2,60 : 0.6185"
"60,2 : 0.6185"
"2,61 : 0.1612"
"61,2 : 0.1612"
"2,62 : 0.4383"
"62,2 : 0.4383"
"2,63 : 0.2953"
"63,2 : 0.2953"
"2,64 : 0.813"
"64,2 : 0.813"
"2,65 : 0.333"
"65,2 : 0.333"
"2,66 : 0.2693"
"66,2 : 0.2693"
"2,67 : 0.2915"
"67,2 : 0.2915"
"2,68 : 0.7169"
"68,2 : 0.7169"
"2,69 : 0.3015"
"69,2 : 0.3015"
"2,70 : 0.7501"
"70,2 : 0.7501"
"2,71 : 0.5523"
"71,2 : 0.5523"
"2,72 : 0.4974"
"72,2 : 0.4974"
"2,73 : 0.3848"
"73,2 : 0.3848"
"2,74 : 0.6414"
"74,2 : 0.6414"
"2,75 : 0.6438"
"75,2 : 0.6438"
"2,76 : 0.454"
"76,2 : 0.454"
"2,77 : 0.4717"
"77,2 : 0.4717"
"2,78 : 0.1603"
"78,2 : 0.1603"
"2,79 : 0.4258"
"79,2 : 0.4258"
"2,80 : 0.5532"
"80,2 : 0.5532"
"2,81 : 0.7762"
"81,2 : 0.7762"
"2,82 : 0.7826"
"82,2 : 0.7826"
"2,83 : 0.6997"
"83,2 : 0.6997"
"2,84 : 0.431"
"84,2 : 0.431"
"2,85 : 0.61"
"85,2 : 0.61"
"2,86 : 0.2668"
"86,2 : 0.2668"
"2,87 : 0.4604"
"87,2 : 0.4604"
"2,88 : 0.7471"
"88,2 : 0.7471"
"2,89 : 0.1726"
"89,2 : 0.1726"
"2,90 : 0.7612"
"90,2 : 0.7612"
"2,91 : 0.4604"
"91,2 : 0.4604"
"2,92 : 0.2707"
"92,2 : 0.2707"
"2,93 : 0.6002"
"93,2 : 0.6002"
"2,94 : 0.5501"
"94,2 : 0.5501"
"2,95 : 0.7382"
"95,2 : 0.7382"
"2,96 : 0.2408"
"96,2 : 0.2408"
"2,97 : 0.136"
"97,2 : 0.136"
"2,98 : 0.4258"
"98,2 : 0.4258"
"2,99 : 0.3538"
"99,2 : 0.3538"
"3,4 : 0.8302"
"4,3 : 0.8302"
"3,5 : 0.7877"
"5,3 : 0.7877"
"3,6 : 0.7852"
"6,3 : 0.7852"
"3,7 : 0.5036"
"7,3 : 0.5036"
"3,8 : 0.7366"
"8,3 : 0.7366"
"3,9 : 0.7424"
"9,3 : 0.7424"
"3,10 : 0.8778"
"10,3 : 0.8778"
"3,11 : 0.5109"
"11,3 : 0.5109"
"3,12 : 0.908"
"12,3 : 0.908"
"3,13 : 0.856"
"13,3 : 0.856"
"3,14 : 0.4966"
"14,3 : 0.4966"
"3,15 : 0.5463"
"15,3 : 0.5463"
"3,16 : 0.3624"
"16,3 : 0.3624"
"3,17 : 0.781"
"17,3 : 0.781"
"3,18 : 0.1581"
"18,3 : 0.1581"
"3,19 : 0.6259"
"19,3 : 0.6259"
"3,20 : 0.6712"
"20,3 : 0.6712"
"3,21 : 0.7169"
"21,3 : 0.7169"
"3,22 : 0.7267"
"22,3 : 0.7267"
"3,23 : 0.314"
"23,3 : 0.314"
"3,24 : 0.1414"
"24,3 : 0.1414"
"3,25 : 0.867"
"25,3 : 0.867"
"3,26 : 0.6364"
"26,3 : 0.6364"
"3,27 : 0.2476"
"27,3 : 0.2476"
"3,28 : 0.636"
"28,3 : 0.636"
"3,29 : 0.461"
"29,3 : 0.461"
"3,30 : 0.5277"
"30,3 : 0.5277"
"3,31 : 0.8415"
"31,3 : 0.8415"
"3,32 : 0.3413"
"32,3 : 0.3413"
"3,33 : 0.0949"
"33,3 : 0.0949"
"3,34 : 0.7333"
"34,3 : 0.7333"
"3,35 : 0.8233"
"35,3 : 0.8233"
"3,36 : 0.7517"
"36,3 : 0.7517"
"3,37 : 0.8412"
"37,3 : 0.8412"
"3,38 : 0.1836"
"38,3 : 0.1836"
"3,39 : 0.8805"
"39,3 : 0.8805"
"3,40 : 0.658"
"40,3 : 0.658"
"3,41 : 0.6081"
"41,3 : 0.6081"
"3,42 : 0.2335"
"42,3 : 0.2335"
"3,43 : 0.3245"
"43,3 : 0.3245"
"3,44 : 0.8184"
"44,3 : 0.8184"
"3,45 : 0.717"
"45,3 : 0.717"
"3,46 : 0.6597"
"46,3 : 0.6597"
"3,47 : 0.986"
"47,3 : 0.986"
"3,48 : 0.6712"
"48,3 : 0.6712"
"3,49 : 0.5478"
"49,3 : 0.5478"
"3,50 : 0.8286"
"50,3 : 0.8286"
"3,51 : 0.07"
"51,3 : 0.07"
"3,52 : 0.255"
"52,3 : 0.255"
"3,53 : 0.6395"
"53,3 : 0.6395"
"3,54 : 0.222"
"54,3 : 0.222"
"3,55 : 0.7467"
"55,3 : 0.7467"
"3,56 : 0.2062"
"56,3 : 0.2062"
"3,57 : 0.6433"
"57,3 : 0.6433"
"3,58 : 0.9548"
"58,3 : 0.9548"
"3,59 : 1.1121"
"59,3 : 1.1121"
"3,60 : 0.7778"
"60,3 : 0.7778"
"3,61 : 0.8147"
"61,3 : 0.8147"
"3,62 : 0.8144"
"62,3 : 0.8144"
"3,63 : 0.6159"
"63,3 : 0.6159"
"3,64 : 0.8161"
"64,3 : 0.8161"
"3,65 : 0.7306"
"65,3 : 0.7306"
"3,66 : 0.4743"
"66,3 : 0.4743"
"3,67 : 0.808"
"67,3 : 0.808"
"3,68 : 0.0361"
"68,3 : 0.0361"
"3,69 : 0.4545"
"69,3 : 0.4545"
"3,70 : 0.4031"
"70,3 : 0.4031"
"3,71 : 0.7713"
"71,3 : 0.7713"
"3,72 : 0.3437"
"72,3 : 0.3437"
"3,73 : 0.8472"
"73,3 : 0.8472"
"3,74 : 0.064"
"74,3 : 0.064"
"3,75 : 0.1749"
"75,3 : 0.1749"
"3,76 : 0.6538"
"76,3 : 0.6538"
"3,77 : 1.118"
"77,3 : 1.118"
"3,78 : 0.8363"
"78,3 : 0.8363"
"3,79 : 0.6612"
"79,3 : 0.6612"
"3,80 : 0.8324"
"80,3 : 0.8324"
"3,81 : 0.6825"
"81,3 : 0.6825"
"3,82 : 0.5503"
"82,3 : 0.5503"
"3,83 : 0.7401"
"83,3 : 0.7401"
"3,84 : 0.3848"
"84,3 : 0.3848"
"3,85 : 0.2702"
"85,3 : 0.2702"
"3,86 : 0.55"
"86,3 : 0.55"
"3,87 : 0.5756"
"87,3 : 0.5756"
"3,88 : 0.7333"
"88,3 : 0.7333"
"3,89 : 0.7849"
"89,3 : 0.7849"
"3,90 : 0.5345"
"90,3 : 0.5345"
"3,91 : 0.2419"
"91,3 : 0.2419"
"3,92 : 0.5122"
"92,3 : 0.5122"
"3,93 : 0.27"
"93,3 : 0.27"
"3,94 : 0.9341"
"94,3 : 0.9341"
"3,95 : 0.0671"
"95,3 : 0.0671"
"3,96 : 0.5315"
"96,3 : 0.5315"
"3,97 : 0.7072"
"97,3 : 0.7072"
"3,98 : 0.6612"
"98,3 : 0.6612"
"3,99 : 0.37"
"99,3 : 0.37"
"4,5 : 0.7122"
"5,4 : 0.7122"
"4,6 : 0.5215"
"6,4 : 0.5215"
"4,7 : 0.3276"
"7,4 : 0.3276"
"4,8 : 0.5341"
"8,4 : 0.5341"
"4,9 : 0.2062"
"9,4 : 0.2062"
"4,10 : 0.5686"
"10,4 : 0.5686"
"4,11 : 0.3489"
"11,4 : 0.3489"
"4,12 : 0.3178"
"12,4 : 0.3178"
"4,13 : 0.6265"
"13,4 : 0.6265"
"4,14 : 0.6888"
"14,4 : 0.6888"
"4,15 : 0.3324"
"15,4 : 0.3324"
"4,16 : 0.5016"
"16,4 : 0.5016"
"4,17 : 0.3158"
"17,4 : 0.3158"
"4,18 : 0.9464"
"18,4 : 0.9464"
"4,19 : 0.8323"
"19,4 : 0.8323"
"4,20 : 1.0155"
"20,4 : 1.0155"
"4,21 : 0.7566"
"21,4 : 0.7566"
"4,22 : 0.3561"
"22,4 : 0.3561"
"4,23 : 0.7908"
"23,4 : 0.7908"
"4,24 : 0.6888"
"24,4 : 0.6888"
"4,25 : 0.0447"
"25,4 : 0.0447"
"4,26 : 0.1942"
"26,4 : 0.1942"
"4,27 : 0.7201"
"27,4 : 0.7201"
"4,28 : 0.3982"
"28,4 : 0.3982"
"4,29 : 0.3712"
"29,4 : 0.3712"
"4,30 : 0.3027"
"30,4 : 0.3027"
"4,31 : 0.1628"
"31,4 : 0.1628"
"4,32 : 0.6597"
"32,4 : 0.6597"
"4,33 : 0.8201"
"33,4 : 0.8201"
"4,34 : 0.1082"
"34,4 : 0.1082"
"4,35 : 0.578"
"35,4 : 0.578"
"4,36 : 0.55"
"36,4 : 0.55"
"4,37 : 0.2816"
"37,4 : 0.2816"
"4,38 : 0.6612"
"38,4 : 0.6612"
"4,39 : 0.1166"
"39,4 : 0.1166"
"4,40 : 0.1992"
"40,4 : 0.1992"
"4,41 : 0.492"
"41,4 : 0.492"
"4,42 : 0.7118"
"42,4 : 0.7118"
"4,43 : 0.6313"
"43,4 : 0.6313"
"4,44 : 0.4205"
"44,4 : 0.4205"
"4,45 : 0.255"
"45,4 : 0.255"
"4,46 : 0.1825"
"46,4 : 0.1825"
"4,47 : 0.6456"
"47,4 : 0.6456"
"4,48 : 1.0155"
"48,4 : 1.0155"
"4,49 : 0.3178"
"49,4 : 0.3178"
"4,50 : 0.2088"
"50,4 : 0.2088"
"4,51 : 0.844"
"51,4 : 0.844"
"4,52 : 0.6528"
"52,4 : 0.6528"
"4,53 : 0.8684"
"53,4 : 0.8684"
"4,54 : 0.8641"
"54,4 : 0.8641"
"4,55 : 0.1769"
"55,4 : 0.1769"
"4,56 : 0.7424"
"56,4 : 0.7424"
"4,57 : 0.8521"
"57,4 : 0.8521"
"4,58 : 0.5824"
"58,4 : 0.5824"
"4,59 : 0.5533"
"59,4 : 0.5533"
"4,60 : 0.0539"
"60,4 : 0.0539"
"4,61 : 0.5557"
"61,4 : 0.5557"
"4,62 : 0.2247"
"62,4 : 0.2247"
"4,63 : 0.3606"
"63,4 : 0.3606"
"4,64 : 0.2302"
"64,4 : 0.2302"
"4,65 : 0.3061"
"65,4 : 0.3061"
"4,66 : 0.7425"
"66,4 : 0.7425"
"4,67 : 0.3891"
"67,4 : 0.3891"
"4,68 : 0.8158"
"68,4 : 0.8158"
"4,69 : 0.4965"
"69,4 : 0.4965"
"4,70 : 0.5354"
"70,4 : 0.5354"
"4,71 : 0.086"
"71,4 : 0.086"
"4,72 : 0.895"
"72,4 : 0.895"
"4,73 : 0.3132"
"73,4 : 0.3132"
"4,74 : 0.7752"
"74,4 : 0.7752"
"4,75 : 0.9102"
"75,4 : 0.9102"
"4,76 : 1.0308"
"76,4 : 1.0308"
"4,77 : 0.63"
"77,4 : 0.63"
"4,78 : 0.7661"
"78,4 : 0.7661"
"4,79 : 1.0102"
"79,4 : 1.0102"
"4,80 : 0.102"
"80,4 : 0.102"
"4,81 : 0.3002"
"81,4 : 0.3002"
"4,82 : 0.4314"
"82,4 : 0.4314"
"4,83 : 0.1612"
"83,4 : 0.1612"
"4,84 : 0.471"
"84,4 : 0.471"
"4,85 : 0.5675"
"85,4 : 0.5675"
"4,86 : 0.4294"
"86,4 : 0.4294"
"4,87 : 1.0018"
"87,4 : 1.0018"
"4,88 : 0.2193"
"88,4 : 0.2193"
"4,89 : 0.5077"
"89,4 : 0.5077"
"4,90 : 0.4245"
"90,4 : 0.4245"
"4,91 : 0.7046"
"91,4 : 0.7046"
"4,92 : 0.461"
"92,4 : 0.461"
"4,93 : 0.5652"
"93,4 : 0.5652"
"4,94 : 0.2159"
"94,4 : 0.2159"
"4,95 : 0.8125"
"95,4 : 0.8125"
"4,96 : 0.4741"
"96,4 : 0.4741"
"4,97 : 0.5033"
"97,4 : 0.5033"
"4,98 : 1.0102"
"98,4 : 1.0102"
"4,99 : 0.7338"
"99,4 : 0.7338"
"5,6 : 0.2"
"6,5 : 0.2"
"5,7 : 0.6413"
"7,5 : 0.6413"
"5,8 : 0.178"
"8,5 : 0.178"
"5,9 : 0.8319"
"9,5 : 0.8319"
"5,10 : 0.2138"
"10,5 : 0.2138"
"5,11 : 0.7316"
"11,5 : 0.7316"
"5,12 : 1.0085"
"12,5 : 1.0085"
"5,13 : 0.1404"
"13,5 : 0.1404"
"5,14 : 0.2941"
"14,5 : 0.2941"
"5,15 : 0.4851"
"15,5 : 0.4851"
"5,16 : 0.5235"
"16,5 : 0.5235"
"5,17 : 0.9494"
"17,5 : 0.9494"
"5,18 : 0.9451"
"18,5 : 0.9451"
"5,19 : 0.253"
"19,5 : 0.253"
"5,20 : 0.4205"
"20,5 : 0.4205"
"5,21 : 0.1044"
"21,5 : 0.1044"
"5,22 : 0.3561"
"22,5 : 0.3561"
"5,23 : 0.5033"
"23,5 : 0.5033"
"5,24 : 0.7117"
"24,5 : 0.7117"
"5,25 : 0.7529"
"25,5 : 0.7529"
"5,26 : 0.65"
"26,5 : 0.65"
"5,27 : 0.895"
"27,5 : 0.895"
"5,28 : 0.3362"
"28,5 : 0.3362"
"5,29 : 0.5941"
"29,5 : 0.5941"
"5,30 : 0.6161"
"30,5 : 0.6161"
"5,31 : 0.5728"
"31,5 : 0.5728"
"5,32 : 0.4472"
"32,5 : 0.4472"
"5,33 : 0.8549"
"33,5 : 0.8549"
"5,34 : 0.712"
"34,5 : 0.712"
"5,35 : 0.1616"
"35,5 : 0.1616"
"5,36 : 0.1628"
"36,5 : 0.1628"
"5,37 : 0.4623"
"37,5 : 0.4623"
"5,38 : 0.6391"
"38,5 : 0.6391"
"5,39 : 0.828"
"39,5 : 0.828"
"5,40 : 0.559"
"40,5 : 0.559"
"5,41 : 0.2648"
"41,5 : 0.2648"
"5,42 : 0.8756"
"42,5 : 0.8756"
"5,43 : 0.8769"
"43,5 : 0.8769"
"5,44 : 0.3162"
"44,5 : 0.3162"
"5,45 : 0.8562"
"45,5 : 0.8562"
"5,46 : 0.5903"
"46,5 : 0.5903"
"5,47 : 0.2668"
"47,5 : 0.2668"
"5,48 : 0.4205"
"48,5 : 0.4205"
"5,49 : 0.507"
"49,5 : 0.507"
"5,50 : 0.5235"
"50,5 : 0.5235"
"5,51 : 0.8497"
"51,5 : 0.8497"
"5,52 : 0.5423"
"52,5 : 0.5423"
"5,53 : 0.2766"
"53,5 : 0.2766"
"5,54 : 0.975"
"54,5 : 0.975"
"5,55 : 0.536"
"55,5 : 0.536"
"5,56 : 0.5831"
"56,5 : 0.5831"
"5,57 : 0.2571"
"57,5 : 0.2571"
"5,58 : 0.28"
"58,5 : 0.28"
"5,59 : 0.5001"
"59,5 : 0.5001"
"5,60 : 0.6989"
"60,5 : 0.6989"
"5,61 : 0.1789"
"61,5 : 0.1789"
"5,62 : 0.5021"
"62,5 : 0.5021"
"5,63 : 0.3863"
"63,5 : 0.3863"
"5,64 : 0.8994"
"64,5 : 0.8994"
"5,65 : 0.4061"
"65,5 : 0.4061"
"5,66 : 0.3324"
"66,5 : 0.3324"
"5,67 : 0.3421"
"67,5 : 0.3421"
"5,68 : 0.805"
"68,5 : 0.805"
"5,69 : 0.4011"
"69,5 : 0.4011"
"5,70 : 0.8501"
"70,5 : 0.8501"
"5,71 : 0.6301"
"71,5 : 0.6301"
"5,72 : 0.5544"
"72,5 : 0.5544"
"5,73 : 0.436"
"73,5 : 0.436"
"5,74 : 0.729"
"74,5 : 0.729"
"5,75 : 0.7159"
"75,5 : 0.7159"
"5,76 : 0.4518"
"76,5 : 0.4518"
"5,77 : 0.4455"
"77,5 : 0.4455"
"5,78 : 0.0608"
"78,5 : 0.0608"
"5,79 : 0.4211"
"79,5 : 0.4211"
"5,80 : 0.6229"
"80,5 : 0.6229"
"5,81 : 0.8698"
"81,5 : 0.8698"
"5,82 : 0.8812"
"82,5 : 0.8812"
"5,83 : 0.7871"
"83,5 : 0.7871"
"5,84 : 0.5308"
"84,5 : 0.5308"
"5,85 : 0.7086"
"85,5 : 0.7086"
"5,86 : 0.365"
"86,5 : 0.365"
"5,87 : 0.4754"
"87,5 : 0.4754"
"5,88 : 0.8367"
"88,5 : 0.8367"
"5,89 : 0.214"
"89,5 : 0.214"
"5,90 : 0.8599"
"90,5 : 0.8599"
"5,91 : 0.5459"
"91,5 : 0.5459"
"5,92 : 0.3705"
"92,5 : 0.3705"
"5,93 : 0.6987"
"93,5 : 0.6987"
"5,94 : 0.6022"
"94,5 : 0.6022"
"5,95 : 0.8276"
"95,5 : 0.8276"
"5,96 : 0.3406"
"96,5 : 0.3406"
"5,97 : 0.211"
"97,5 : 0.211"
"5,98 : 0.4211"
"98,5 : 0.4211"
"5,99 : 0.428"
"99,5 : 0.428"
"6,7 : 0.5116"
"7,6 : 0.5116"
"6,8 : 0.0539"
"8,6 : 0.0539"
"6,9 : 0.661"
"9,6 : 0.661"
"6,10 : 0.0943"
"10,6 : 0.0943"
"6,11 : 0.6007"
"11,6 : 0.6007"
"6,12 : 0.8276"
"12,6 : 0.8276"
"6,13 : 0.1118"
"13,6 : 0.1118"
"6,14 : 0.3511"
"14,6 : 0.3511"
"6,15 : 0.3523"
"15,6 : 0.3523"
"6,16 : 0.4565"
"16,6 : 0.4565"
"6,17 : 0.7816"
"17,6 : 0.7816"
"6,18 : 0.9418"
"18,6 : 0.9418"
"6,19 : 0.402"
"19,6 : 0.402"
"6,20 : 0.5886"
"20,6 : 0.5886"
"6,21 : 0.2751"
"21,6 : 0.2751"
"6,22 : 0.1709"
"22,6 : 0.1709"
"6,23 : 0.5547"
"23,6 : 0.5547"
"6,24 : 0.6801"
"24,6 : 0.6801"
"6,25 : 0.5604"
"25,6 : 0.5604"
"6,26 : 0.4884"
"26,6 : 0.4884"
"6,27 : 0.8363"
"27,6 : 0.8363"
"6,28 : 0.1924"
"28,6 : 0.1924"
"6,29 : 0.4785"
"29,6 : 0.4785"
"6,30 : 0.4804"
"30,6 : 0.4804"
"6,31 : 0.3754"
"31,6 : 0.3754"
"6,32 : 0.4561"
"32,6 : 0.4561"
"6,33 : 0.8341"
"33,6 : 0.8341"
"6,34 : 0.5349"
"34,6 : 0.5349"
"6,35 : 0.0608"
"35,6 : 0.0608"
"6,36 : 0.05"
"36,6 : 0.05"
"6,37 : 0.2625"
"37,6 : 0.2625"
"6,38 : 0.6122"
"38,6 : 0.6122"
"6,39 : 0.6381"
"39,6 : 0.6381"
"6,40 : 0.3905"
"40,6 : 0.3905"
"6,41 : 0.178"
"41,6 : 0.178"
"6,42 : 0.8184"
"42,6 : 0.8184"
"6,43 : 0.7971"
"43,6 : 0.7971"
"6,44 : 0.1166"
"44,6 : 0.1166"
"6,45 : 0.6912"
"45,6 : 0.6912"
"6,46 : 0.422"
"46,6 : 0.422"
"6,47 : 0.2059"
"47,6 : 0.2059"
"6,48 : 0.5886"
"48,6 : 0.5886"
"6,49 : 0.3712"
"49,6 : 0.3712"
"6,50 : 0.3256"
"50,6 : 0.3256"
"6,51 : 0.8374"
"51,6 : 0.8374"
"6,52 : 0.5304"
"52,6 : 0.5304"
"6,53 : 0.4342"
"53,6 : 0.4342"
"6,54 : 0.9403"
"54,6 : 0.9403"
"6,55 : 0.3489"
"55,6 : 0.3489"
"6,56 : 0.5967"
"56,6 : 0.5967"
"6,57 : 0.4144"
"57,6 : 0.4144"
"6,58 : 0.1697"
"58,6 : 0.1697"
"6,59 : 0.3574"
"59,6 : 0.3574"
"6,60 : 0.5143"
"60,6 : 0.5143"
"6,61 : 0.04"
"61,6 : 0.04"
"6,62 : 0.3048"
"62,6 : 0.3048"
"6,63 : 0.2408"
"63,6 : 0.2408"
"6,64 : 0.7224"
"64,6 : 0.7224"
"6,65 : 0.2193"
"65,6 : 0.2193"
"6,66 : 0.408"
"66,6 : 0.408"
"6,67 : 0.1421"
"67,6 : 0.1421"
"6,68 : 0.794"
"68,6 : 0.794"
"6,69 : 0.3384"
"69,6 : 0.3384"
"6,70 : 0.7495"
"70,6 : 0.7495"
"6,71 : 0.4429"
"71,6 : 0.4429"
"6,72 : 0.6332"
"72,6 : 0.6332"
"6,73 : 0.236"
"73,6 : 0.236"
"6,74 : 0.7218"
"74,6 : 0.7218"
"6,75 : 0.7572"
"75,6 : 0.7572"
"6,76 : 0.6152"
"76,6 : 0.6152"
"6,77 : 0.3384"
"77,6 : 0.3384"
"6,78 : 0.2476"
"78,6 : 0.2476"
"6,79 : 0.5869"
"79,6 : 0.5869"
"6,80 : 0.428"
"80,6 : 0.428"
"6,81 : 0.712"
"81,6 : 0.712"
"6,82 : 0.7503"
"82,6 : 0.7503"
"6,83 : 0.6135"
"83,6 : 0.6135"
"6,84 : 0.4519"
"84,6 : 0.4519"
"6,85 : 0.6398"
"85,6 : 0.6398"
"6,86 : 0.26"
"86,6 : 0.26"
"6,87 : 0.62"
"87,6 : 0.62"
"6,88 : 0.6676"
"88,6 : 0.6676"
"6,89 : 0.0141"
"89,6 : 0.0141"
"6,90 : 0.7306"
"90,6 : 0.7306"
"6,91 : 0.5532"
"91,6 : 0.5532"
"6,92 : 0.2865"
"92,6 : 0.2865"
"6,93 : 0.6307"
"93,6 : 0.6307"
"6,94 : 0.4022"
"94,6 : 0.4022"
"6,95 : 0.8106"
"95,6 : 0.8106"
"6,96 : 0.2608"
"96,6 : 0.2608"
"6,97 : 0.0781"
"97,6 : 0.0781"
"6,98 : 0.5869"
"98,6 : 0.5869"
"6,99 : 0.4741"
"99,6 : 0.4741"
"7,8 : 0.4901"
"8,7 : 0.4901"
"7,9 : 0.2683"
"9,7 : 0.2683"
"7,10 : 0.5968"
"10,7 : 0.5968"
"7,11 : 0.0906"
"11,7 : 0.0906"
"7,12 : 0.4579"
"12,7 : 0.4579"
"7,13 : 0.6203"
"13,7 : 0.6203"
"7,14 : 0.486"
"14,7 : 0.486"
"7,15 : 0.16"
"15,7 : 0.16"
"7,16 : 0.211"
"16,7 : 0.211"
"7,17 : 0.3538"
"17,7 : 0.3538"
"7,18 : 0.6198"
"18,7 : 0.6198"
"7,19 : 0.6573"
"19,7 : 0.6573"
"7,20 : 0.8147"
"20,7 : 0.8147"
"7,21 : 0.6391"
"21,7 : 0.6391"
"7,22 : 0.364"
"22,7 : 0.364"
"7,23 : 0.5148"
"23,7 : 0.5148"
"7,24 : 0.3622"
"24,7 : 0.3622"
"7,25 : 0.3635"
"25,7 : 0.3635"
"7,26 : 0.1334"
"26,7 : 0.1334"
"7,27 : 0.408"
"27,7 : 0.408"
"7,28 : 0.3202"
"28,7 : 0.3202"
"7,29 : 0.064"
"29,7 : 0.064"
"7,30 : 0.0361"
"30,7 : 0.0361"
"7,31 : 0.3701"
"31,7 : 0.3701"
"7,32 : 0.3941"
"32,7 : 0.3941"
"7,33 : 0.4934"
"33,7 : 0.4934"
"7,34 : 0.2302"
"34,7 : 0.2302"
"7,35 : 0.5708"
"35,7 : 0.5708"
"7,36 : 0.5101"
"36,7 : 0.5101"
"7,37 : 0.4162"
"37,7 : 0.4162"
"7,38 : 0.3413"
"38,7 : 0.3413"
"7,39 : 0.3812"
"39,7 : 0.3812"
"7,40 : 0.1838"
"40,7 : 0.1838"
"7,41 : 0.3766"
"41,7 : 0.3766"
"7,42 : 0.3966"
"42,7 : 0.3966"
"7,43 : 0.3324"
"43,7 : 0.3324"
"7,44 : 0.4713"
"44,7 : 0.4713"
"7,45 : 0.264"
"45,7 : 0.264"
"7,46 : 0.172"
"46,7 : 0.172"
"7,47 : 0.7041"
"47,7 : 0.7041"
"7,48 : 0.8147"
"48,7 : 0.8147"
"7,49 : 0.1404"
"49,7 : 0.1404"
"7,50 : 0.3748"
"50,7 : 0.3748"
"7,51 : 0.5166"
"51,7 : 0.5166"
"7,52 : 0.3547"
"52,7 : 0.3547"
"7,53 : 0.6907"
"53,7 : 0.6907"
"7,54 : 0.5471"
"54,7 : 0.5471"
"7,55 : 0.2828"
"55,7 : 0.2828"
"7,56 : 0.4397"
"56,7 : 0.4397"
"7,57 : 0.6796"
"57,7 : 0.6796"
"7,58 : 0.65"
"58,7 : 0.65"
"7,59 : 0.7272"
"59,7 : 0.7272"
"7,60 : 0.2746"
"60,7 : 0.2746"
"7,61 : 0.5515"
"61,7 : 0.5515"
"7,62 : 0.3688"
"62,7 : 0.3688"
"7,63 : 0.2707"
"63,7 : 0.2707"
"7,64 : 0.3489"
"64,7 : 0.3489"
"7,65 : 0.3362"
"65,7 : 0.3362"
"7,66 : 0.524"
"66,7 : 0.524"
"7,67 : 0.446"
"67,7 : 0.446"
"7,68 : 0.4884"
"68,7 : 0.4884"
"7,69 : 0.2746"
"69,7 : 0.2746"
"7,70 : 0.2555"
"70,7 : 0.2555"
"7,71 : 0.2773"
"71,7 : 0.2773"
"7,72 : 0.6172"
"72,7 : 0.6172"
"7,73 : 0.4357"
"73,7 : 0.4357"
"7,74 : 0.4504"
"74,7 : 0.4504"
"7,75 : 0.5968"
"75,7 : 0.5968"
"7,76 : 0.8204"
"76,7 : 0.8204"
"7,77 : 0.7697"
"77,7 : 0.7697"
"7,78 : 0.7021"
"78,7 : 0.7021"
"7,79 : 0.8072"
"79,7 : 0.8072"
"7,80 : 0.3448"
"80,7 : 0.3448"
"7,81 : 0.255"
"81,7 : 0.255"
"7,82 : 0.2408"
"82,7 : 0.2408"
"7,83 : 0.25"
"83,7 : 0.25"
"7,84 : 0.1803"
"84,7 : 0.1803"
"7,85 : 0.2404"
"85,7 : 0.2404"
"7,86 : 0.2766"
"86,7 : 0.2766"
"7,87 : 0.7723"
"87,7 : 0.7723"
"7,88 : 0.2642"
"88,7 : 0.2642"
"7,89 : 0.5025"
"89,7 : 0.5025"
"7,90 : 0.2202"
"90,7 : 0.2202"
"7,91 : 0.4085"
"91,7 : 0.4085"
"7,92 : 0.2786"
"92,7 : 0.2786"
"7,93 : 0.2377"
"93,7 : 0.2377"
"7,94 : 0.464"
"94,7 : 0.464"
"7,95 : 0.4851"
"95,7 : 0.4851"
"7,96 : 0.3068"
"96,7 : 0.3068"
"7,97 : 0.4501"
"97,7 : 0.4501"
"7,98 : 0.8072"
"98,7 : 0.8072"
"7,99 : 0.478"
"99,7 : 0.478"
"8,9 : 0.6592"
"9,8 : 0.6592"
"8,10 : 0.1414"
"10,8 : 0.1414"
"8,11 : 0.5803"
"11,8 : 0.5803"
"8,12 : 0.8324"
"12,8 : 0.8324"
"8,13 : 0.1334"
"13,8 : 0.1334"
"8,14 : 0.2973"
"14,8 : 0.2973"
"8,15 : 0.3302"
"15,8 : 0.3302"
"8,16 : 0.4163"
"16,8 : 0.4163"
"8,17 : 0.7783"
"17,8 : 0.7783"
"8,18 : 0.8938"
"18,8 : 0.8938"
"8,19 : 0.3551"
"19,8 : 0.3551"
"8,20 : 0.5434"
"20,8 : 0.5434"
"8,21 : 0.2371"
"21,8 : 0.2371"
"8,22 : 0.178"
"22,8 : 0.178"
"8,23 : 0.5012"
"23,8 : 0.5012"
"8,24 : 0.6351"
"24,8 : 0.6351"
"8,25 : 0.5749"
"25,8 : 0.5749"
"8,26 : 0.4808"
"26,8 : 0.4808"
"8,27 : 0.7971"
"27,8 : 0.7971"
"8,28 : 0.1712"
"28,8 : 0.1712"
"8,29 : 0.4518"
"29,8 : 0.4518"
"8,30 : 0.461"
"30,8 : 0.461"
"8,31 : 0.397"
"31,8 : 0.397"
"8,32 : 0.4046"
"32,8 : 0.4046"
"8,33 : 0.7882"
"33,8 : 0.7882"
"8,34 : 0.5367"
"34,8 : 0.5367"
"8,35 : 0.0894"
"35,8 : 0.0894"
"8,36 : 0.02"
"36,8 : 0.02"
"8,37 : 0.2915"
"37,8 : 0.2915"
"8,38 : 0.5661"
"38,8 : 0.5661"
"8,39 : 0.65"
"39,8 : 0.65"
"8,40 : 0.3863"
"40,8 : 0.3863"
"8,41 : 0.1342"
"41,8 : 0.1342"
"8,42 : 0.7788"
"42,8 : 0.7788"
"8,43 : 0.7624"
"43,8 : 0.7624"
"8,44 : 0.1552"
"44,8 : 0.1552"
"8,45 : 0.6862"
"45,8 : 0.6862"
"8,46 : 0.4179"
"46,8 : 0.4179"
"8,47 : 0.25"
"47,8 : 0.25"
"8,48 : 0.5434"
"48,8 : 0.5434"
"8,49 : 0.3506"
"49,8 : 0.3506"
"8,50 : 0.3483"
"50,8 : 0.3483"
"8,51 : 0.7903"
"51,8 : 0.7903"
"8,52 : 0.4817"
"52,8 : 0.4817"
"8,53 : 0.3883"
"53,8 : 0.3883"
"8,54 : 0.8969"
"54,8 : 0.8969"
"8,55 : 0.3581"
"55,8 : 0.3581"
"8,56 : 0.5456"
"56,8 : 0.5456"
"8,57 : 0.3688"
"57,8 : 0.3688"
"8,58 : 0.2202"
"58,8 : 0.2202"
"8,59 : 0.4111"
"59,8 : 0.4111"
"8,60 : 0.5215"
"60,8 : 0.5215"
"8,61 : 0.0781"
"61,8 : 0.0781"
"8,62 : 0.3265"
"62,8 : 0.3265"
"8,63 : 0.222"
"63,8 : 0.222"
"8,64 : 0.7245"
"64,8 : 0.7245"
"8,65 : 0.228"
"65,8 : 0.228"
"8,66 : 0.3544"
"66,8 : 0.3544"
"8,67 : 0.1746"
"67,8 : 0.1746"
"8,68 : 0.7465"
"68,8 : 0.7465"
"8,69 : 0.2953"
"69,8 : 0.2953"
"8,70 : 0.7201"
"70,8 : 0.7201"
"8,71 : 0.4522"
"71,8 : 0.4522"
"8,72 : 0.5794"
"72,8 : 0.5794"
"8,73 : 0.2683"
"73,8 : 0.2683"
"8,74 : 0.6736"
"74,8 : 0.6736"
"8,75 : 0.7046"
"75,8 : 0.7046"
"8,76 : 0.5689"
"76,8 : 0.5689"
"8,77 : 0.3912"
"77,8 : 0.3912"
"8,78 : 0.2332"
"78,8 : 0.2332"
"8,79 : 0.5413"
"79,8 : 0.5413"
"8,80 : 0.4455"
"80,8 : 0.4455"
"8,81 : 0.7034"
"81,8 : 0.7034"
"8,82 : 0.7306"
"82,8 : 0.7306"
"8,83 : 0.6133"
"83,8 : 0.6133"
"8,84 : 0.4144"
"84,8 : 0.4144"
"8,85 : 0.6017"
"85,8 : 0.6017"
"8,86 : 0.2256"
"86,8 : 0.2256"
"8,87 : 0.5704"
"87,8 : 0.5704"
"8,88 : 0.6648"
"88,8 : 0.6648"
"8,89 : 0.0608"
"89,8 : 0.0608"
"8,90 : 0.7103"
"90,8 : 0.7103"
"8,91 : 0.5025"
"91,8 : 0.5025"
"8,92 : 0.247"
"92,8 : 0.247"
"8,93 : 0.5924"
"93,8 : 0.5924"
"8,94 : 0.4342"
"94,8 : 0.4342"
"8,95 : 0.764"
"95,8 : 0.764"
"8,96 : 0.2193"
"96,8 : 0.2193"
"8,97 : 0.04"
"97,8 : 0.04"
"8,98 : 0.5413"
"98,8 : 0.5413"
"8,99 : 0.4206"
"99,8 : 0.4206"
"9,10 : 0.7257"
"10,9 : 0.7257"
"9,11 : 0.2319"
"11,9 : 0.2319"
"9,12 : 0.1921"
"12,9 : 0.1921"
"9,13 : 0.772"
"13,9 : 0.772"
"9,14 : 0.7355"
"14,9 : 0.7355"
"9,15 : 0.3688"
"15,9 : 0.3688"
"9,16 : 0.4789"
"16,9 : 0.4789"
"9,17 : 0.1217"
"17,9 : 0.1217"
"9,18 : 0.8329"
"18,9 : 0.8329"
"9,19 : 0.8994"
"19,9 : 0.8994"
"9,20 : 1.0683"
"20,9 : 1.0683"
"9,21 : 0.8544"
"21,9 : 0.8544"
"9,22 : 0.4904"
"22,9 : 0.4904"
"9,23 : 0.7829"
"23,9 : 0.7829"
"9,24 : 0.6053"
"24,9 : 0.6053"
"9,25 : 0.2081"
"25,9 : 0.2081"
"9,26 : 0.186"
"26,9 : 0.186"
"9,27 : 0.5825"
"27,9 : 0.5825"
"9,28 : 0.4965"
"28,9 : 0.4965"
"9,29 : 0.3312"
"29,9 : 0.3312"
"9,30 : 0.2663"
"30,9 : 0.2663"
"9,31 : 0.3536"
"31,9 : 0.3536"
"9,32 : 0.6604"
"32,9 : 0.6604"
"9,33 : 0.7106"
"33,9 : 0.7106"
"9,34 : 0.1304"
"34,9 : 0.1304"
"9,35 : 0.7212"
"35,9 : 0.7212"
"9,36 : 0.6778"
"36,9 : 0.6778"
"9,37 : 0.46"
"37,9 : 0.46"
"9,38 : 0.5991"
"38,9 : 0.5991"
"9,39 : 0.1664"
"39,9 : 0.1664"
"9,40 : 0.2731"
"40,9 : 0.2731"
"9,41 : 0.5798"
"41,9 : 0.5798"
"9,42 : 0.5787"
"42,9 : 0.5787"
"9,43 : 0.4851"
"43,9 : 0.4851"
"9,44 : 0.5787"
"44,9 : 0.5787"
"9,45 : 0.05"
"45,9 : 0.05"
"9,46 : 0.2417"
"46,9 : 0.2417"
"9,47 : 0.8161"
"47,9 : 0.8161"
"9,48 : 1.0683"
"48,9 : 1.0683"
"9,49 : 0.3471"
"49,9 : 0.3471"
"9,50 : 0.3905"
"50,9 : 0.3905"
"9,51 : 0.7401"
"51,9 : 0.7401"
"9,52 : 0.6224"
"52,9 : 0.6224"
"9,53 : 0.9343"
"53,9 : 0.9343"
"9,54 : 0.7278"
"54,9 : 0.7278"
"9,55 : 0.3225"
"55,9 : 0.3225"
"9,56 : 0.7058"
"56,9 : 0.7058"
"9,57 : 0.921"
"57,9 : 0.921"
"9,58 : 0.7543"
"58,9 : 0.7543"
"9,59 : 0.7531"
"59,9 : 0.7531"
"9,60 : 0.1726"
"60,9 : 0.1726"
"9,61 : 0.6992"
"61,9 : 0.6992"
"9,62 : 0.4"
"62,9 : 0.4"
"9,63 : 0.4478"
"63,9 : 0.4478"
"9,64 : 0.0806"
"64,9 : 0.0806"
"9,65 : 0.4438"
"65,9 : 0.4438"
"9,66 : 0.7799"
"66,9 : 0.7799"
"9,67 : 0.5474"
"67,9 : 0.5474"
"9,68 : 0.7206"
"68,9 : 0.7206"
"9,69 : 0.524"
"69,9 : 0.524"
"9,70 : 0.3833"
"70,9 : 0.3833"
"9,71 : 0.2402"
"71,9 : 0.2402"
"9,72 : 0.8855"
"72,9 : 0.8855"
"9,73 : 0.4901"
"73,9 : 0.4901"
"9,74 : 0.6972"
"74,9 : 0.6972"
"9,75 : 0.8562"
"75,9 : 0.8562"
"9,76 : 1.0771"
"76,9 : 1.0771"
"9,77 : 0.8239"
"77,9 : 0.8239"
"9,78 : 0.8905"
"78,9 : 0.8905"
"9,79 : 1.0615"
"79,9 : 1.0615"
"9,80 : 0.2961"
"80,9 : 0.2961"
"9,81 : 0.099"
"81,9 : 0.099"
"9,82 : 0.2506"
"82,9 : 0.2506"
"9,83 : 0.05"
"83,9 : 0.05"
"9,84 : 0.4478"
"84,9 : 0.4478"
"9,85 : 0.4727"
"85,9 : 0.4727"
"9,86 : 0.492"
"86,9 : 0.492"
"9,87 : 1.0341"
"87,9 : 1.0341"
"9,88 : 0.0141"
"88,9 : 0.0141"
"9,89 : 0.6485"
"89,9 : 0.6485"
"9,90 : 0.2508"
"90,9 : 0.2508"
"9,91 : 0.6762"
"91,9 : 0.6762"
"9,92 : 0.5099"
"92,9 : 0.5099"
"9,93 : 0.4738"
"93,9 : 0.4738"
"9,94 : 0.4206"
"94,9 : 0.4206"
"9,95 : 0.71"
"95,9 : 0.71"
"9,96 : 0.5326"
"96,9 : 0.5326"
"9,97 : 0.6224"
"97,9 : 0.6224"
"9,98 : 1.0615"
"98,9 : 1.0615"
"9,99 : 0.7433"
"99,9 : 0.7433"
"10,11 : 0.6847"
"11,10 : 0.6847"
"10,12 : 0.8826"
"12,10 : 0.8826"
"10,13 : 0.0762"
"13,10 : 0.0762"
"10,14 : 0.4294"
"14,10 : 0.4294"
"10,15 : 0.4393"
"15,10 : 0.4393"
"10,16 : 0.5507"
"16,10 : 0.5507"
"10,17 : 0.8472"
"17,10 : 0.8472"
"10,18 : 1.0348"
"18,10 : 1.0348"
"10,19 : 0.4518"
"19,10 : 0.4518"
"10,20 : 0.6303"
"20,10 : 0.6303"
"10,21 : 0.3102"
"21,10 : 0.3102"
"10,22 : 0.2402"
"22,10 : 0.2402"
"10,23 : 0.6381"
"23,10 : 0.6381"
"10,24 : 0.7742"
"24,10 : 0.7742"
"10,25 : 0.6037"
"25,10 : 0.6037"
"10,26 : 0.5614"
"26,10 : 0.5614"
"10,27 : 0.9302"
"27,10 : 0.9302"
"10,28 : 0.2816"
"28,10 : 0.2816"
"10,29 : 0.5675"
"29,10 : 0.5675"
"10,30 : 0.5644"
"30,10 : 0.5644"
"10,31 : 0.4118"
"31,10 : 0.4118"
"10,32 : 0.5456"
"32,10 : 0.5456"
"10,33 : 0.928"
"33,10 : 0.928"
"10,34 : 0.5967"
"34,10 : 0.5967"
"10,35 : 0.0632"
"35,10 : 0.0632"
"10,36 : 0.1281"
"36,10 : 0.1281"
"10,37 : 0.2915"
"37,10 : 0.2915"
"10,38 : 0.706"
"38,10 : 0.706"
"10,39 : 0.6845"
"39,10 : 0.6845"
"10,40 : 0.4617"
"40,10 : 0.4617"
"10,41 : 0.272"
"41,10 : 0.272"
"10,42 : 0.9124"
"42,10 : 0.9124"
"10,43 : 0.8896"
"43,10 : 0.8896"
"10,44 : 0.1487"
"44,10 : 0.1487"
"10,45 : 0.7595"
"45,10 : 0.7595"
"10,46 : 0.4925"
"46,10 : 0.4925"
"10,47 : 0.1118"
"47,10 : 0.1118"
"10,48 : 0.6303"
"48,10 : 0.6303"
"10,49 : 0.4571"
"49,10 : 0.4571"
"10,50 : 0.3624"
"50,10 : 0.3624"
"10,51 : 0.9309"
"51,10 : 0.9309"
"10,52 : 0.6229"
"52,10 : 0.6229"
"10,53 : 0.4804"
"53,10 : 0.4804"
"10,54 : 1.0346"
"54,10 : 1.0346"
"10,55 : 0.4052"
"55,10 : 0.4052"
"10,56 : 0.6868"
"56,10 : 0.6868"
"10,57 : 0.4604"
"57,10 : 0.4604"
"10,58 : 0.0806"
"58,10 : 0.0806"
"10,59 : 0.2915"
"59,10 : 0.2915"
"10,60 : 0.5692"
"60,10 : 0.5692"
"10,61 : 0.064"
"61,10 : 0.064"
"10,62 : 0.3444"
"62,10 : 0.3444"
"10,63 : 0.3276"
"63,10 : 0.3276"
"10,64 : 0.7816"
"64,10 : 0.7816"
"10,65 : 0.2828"
"65,10 : 0.2828"
"10,66 : 0.4833"
"66,10 : 0.4833"
"10,67 : 0.1803"
"67,10 : 0.1803"
"10,68 : 0.8873"
"68,10 : 0.8873"
"10,69 : 0.4327"
"69,10 : 0.4327"
"10,70 : 0.8393"
"70,10 : 0.8393"
"10,71 : 0.4965"
"71,10 : 0.4965"
"10,72 : 0.7111"
"72,10 : 0.7111"
"10,73 : 0.2608"
"73,10 : 0.2608"
"10,74 : 0.8147"
"74,10 : 0.8147"
"10,75 : 0.844"
"75,10 : 0.844"
"10,76 : 0.66"
"76,10 : 0.66"
"10,77 : 0.255"
"77,10 : 0.255"
"10,78 : 0.2417"
"78,10 : 0.2417"
"10,79 : 0.6301"
"79,10 : 0.6301"
"10,80 : 0.4696"
"80,10 : 0.4696"
"10,81 : 0.7841"
"81,10 : 0.7841"
"10,82 : 0.8329"
"82,10 : 0.8329"
"10,83 : 0.6768"
"83,10 : 0.6768"
"10,84 : 0.5456"
"84,10 : 0.5456"
"10,85 : 0.7335"
"85,10 : 0.7335"
"10,86 : 0.3534"
"86,10 : 0.3534"
"10,87 : 0.6748"
"87,10 : 0.6748"
"10,88 : 0.7335"
"88,10 : 0.7335"
"10,89 : 0.0985"
"89,10 : 0.0985"
"10,90 : 0.8139"
"90,10 : 0.8139"
"10,91 : 0.6438"
"91,10 : 0.6438"
"10,92 : 0.3808"
"92,10 : 0.3808"
"10,93 : 0.7245"
"93,10 : 0.7245"
"10,94 : 0.4177"
"94,10 : 0.4177"
"10,95 : 0.9043"
"95,10 : 0.9043"
"10,96 : 0.3551"
"96,10 : 0.3551"
"10,97 : 0.172"
"97,10 : 0.172"
"10,98 : 0.6301"
"98,10 : 0.6301"
"10,99 : 0.5576"
"99,10 : 0.5576"
"11,12 : 0.4085"
"12,11 : 0.4085"
"11,13 : 0.7101"
"13,11 : 0.7101"
"11,14 : 0.566"
"14,11 : 0.566"
"11,15 : 0.2502"
"15,11 : 0.2502"
"11,16 : 0.2759"
"16,11 : 0.2759"
"11,17 : 0.2915"
"17,11 : 0.2915"
"11,18 : 0.6083"
"18,11 : 0.6083"
"11,19 : 0.7393"
"19,11 : 0.7393"
"11,20 : 0.8902"
"20,11 : 0.8902"
"11,21 : 0.7273"
"21,11 : 0.7273"
"11,22 : 0.4491"
"22,11 : 0.4491"
"11,23 : 0.572"
"23,11 : 0.572"
"11,24 : 0.3734"
"24,11 : 0.3734"
"11,25 : 0.377"
"25,11 : 0.377"
"11,26 : 0.1697"
"26,11 : 0.1697"
"11,27 : 0.3716"
"27,11 : 0.3716"
"11,28 : 0.41"
"28,11 : 0.41"
"11,29 : 0.1432"
"29,11 : 0.1432"
"11,30 : 0.1204"
"30,11 : 0.1204"
"11,31 : 0.4252"
"31,11 : 0.4252"
"11,32 : 0.4597"
"32,11 : 0.4597"
"11,33 : 0.4837"
"33,11 : 0.4837"
"11,34 : 0.2417"
"34,11 : 0.2417"
"11,35 : 0.6603"
"35,11 : 0.6603"
"11,36 : 0.6003"
"36,11 : 0.6003"
"11,37 : 0.4876"
"37,11 : 0.4876"
"11,38 : 0.37"
"38,11 : 0.37"
"11,39 : 0.3748"
"39,11 : 0.3748"
"11,40 : 0.2506"
"40,11 : 0.2506"
"11,41 : 0.4669"
"41,11 : 0.4669"
"11,42 : 0.364"
"42,11 : 0.364"
"11,43 : 0.283"
"43,11 : 0.283"
"11,44 : 0.5554"
"44,11 : 0.5554"
"11,45 : 0.2119"
"45,11 : 0.2119"
"11,46 : 0.2302"
"46,11 : 0.2302"
"11,47 : 0.7908"
"47,11 : 0.7908"
"11,48 : 0.8902"
"48,11 : 0.8902"
"11,49 : 0.23"
"49,11 : 0.23"
"11,50 : 0.4383"
"50,11 : 0.4383"
"11,51 : 0.5116"
"51,11 : 0.5116"
"11,52 : 0.405"
"52,11 : 0.405"
"11,53 : 0.7718"
"53,11 : 0.7718"
"11,54 : 0.5162"
"54,11 : 0.5162"
"11,55 : 0.3467"
"55,11 : 0.3467"
"11,56 : 0.483"
"56,11 : 0.483"
"11,57 : 0.7616"
"57,11 : 0.7616"
"11,58 : 0.7355"
"58,11 : 0.7355"
"11,59 : 0.8006"
"59,11 : 0.8006"
"11,60 : 0.2953"
"60,11 : 0.2953"
"11,61 : 0.6407"
"61,11 : 0.6407"
"11,62 : 0.4357"
"62,11 : 0.4357"
"11,63 : 0.3601"
"63,11 : 0.3601"
"11,64 : 0.3081"
"64,11 : 0.3081"
"11,65 : 0.4176"
"65,11 : 0.4176"
"11,66 : 0.6"
"66,11 : 0.6"
"11,67 : 0.5289"
"67,11 : 0.5289"
"11,68 : 0.49"
"68,11 : 0.49"
"11,69 : 0.3578"
"69,11 : 0.3578"
"11,70 : 0.191"
"70,11 : 0.191"
"11,71 : 0.3189"
"71,11 : 0.3189"
"11,72 : 0.6712"
"72,11 : 0.6712"
"11,73 : 0.5099"
"73,11 : 0.5099"
"11,74 : 0.4653"
"74,11 : 0.4653"
"11,75 : 0.6264"
"75,11 : 0.6264"
"11,76 : 0.8938"
"76,11 : 0.8938"
"11,77 : 0.8486"
"77,11 : 0.8486"
"11,78 : 0.7925"
"78,11 : 0.7925"
"11,79 : 0.8824"
"79,11 : 0.8824"
"11,80 : 0.3895"
"80,11 : 0.3895"
"11,81 : 0.1887"
"81,11 : 0.1887"
"11,82 : 0.1503"
"82,11 : 0.1503"
"11,83 : 0.2309"
"83,11 : 0.2309"
"11,84 : 0.2484"
"84,11 : 0.2484"
"11,85 : 0.2408"
"85,11 : 0.2408"
"11,86 : 0.3667"
"86,11 : 0.3667"
"11,87 : 0.8415"
"87,11 : 0.8415"
"11,88 : 0.2236"
"88,11 : 0.2236"
"11,89 : 0.5914"
"89,11 : 0.5914"
"11,90 : 0.13"
"90,11 : 0.13"
"11,91 : 0.4579"
"91,11 : 0.4579"
"11,92 : 0.3669"
"92,11 : 0.3669"
"11,93 : 0.2419"
"93,11 : 0.2419"
"11,94 : 0.5162"
"94,11 : 0.5162"
"11,95 : 0.4809"
"95,11 : 0.4809"
"11,96 : 0.3956"
"96,11 : 0.3956"
"11,97 : 0.5404"
"97,11 : 0.5404"
"11,98 : 0.8824"
"98,11 : 0.8824"
"11,99 : 0.5445"
"99,11 : 0.5445"
"12,13 : 0.9362"
"13,12 : 0.9362"
"12,14 : 0.927"
"14,12 : 0.927"
"12,15 : 0.5587"
"15,12 : 0.5587"
"12,16 : 0.6689"
"16,12 : 0.6689"
"12,17 : 0.13"
"17,12 : 0.13"
"12,18 : 0.9813"
"18,12 : 0.9813"
"12,19 : 1.0893"
"19,12 : 1.0893"
"12,20 : 1.2599"
"20,12 : 1.2599"
"12,21 : 1.0381"
"21,12 : 1.0381"
"12,22 : 0.6574"
"22,12 : 0.6574"
"12,23 : 0.9725"
"23,12 : 0.9725"
"12,24 : 0.7762"
"24,12 : 0.7762"
"12,25 : 0.2915"
"25,12 : 0.2915"
"12,26 : 0.3748"
"26,12 : 0.3748"
"12,27 : 0.72"
"27,12 : 0.72"
"12,28 : 0.6768"
"28,12 : 0.6768"
"12,29 : 0.5215"
"29,12 : 0.5215"
"12,30 : 0.458"
"30,12 : 0.458"
"12,31 : 0.4805"
"31,12 : 0.4805"
"12,32 : 0.8515"
"32,12 : 0.8515"
"12,33 : 0.8647"
"33,12 : 0.8647"
"12,34 : 0.2968"
"34,12 : 0.2968"
"12,35 : 0.8864"
"35,12 : 0.8864"
"12,36 : 0.85"
"36,12 : 0.85"
"12,37 : 0.5991"
"37,12 : 0.5991"
"12,38 : 0.7783"
"38,12 : 0.7783"
"12,39 : 0.2102"
"39,12 : 0.2102"
"12,40 : 0.4522"
"40,12 : 0.4522"
"12,41 : 0.764"
"41,12 : 0.764"
"12,42 : 0.7203"
"42,12 : 0.7203"
"12,43 : 0.62"
"43,12 : 0.62"
"12,44 : 0.7339"
"44,12 : 0.7339"
"12,45 : 0.197"
"45,12 : 0.197"
"12,46 : 0.422"
"46,12 : 0.422"
"12,47 : 0.963"
"47,12 : 0.963"
"12,48 : 1.2599"
"48,12 : 1.2599"
"12,49 : 0.5374"
"49,12 : 0.5374"
"12,50 : 0.5263"
"50,12 : 0.5263"
"12,51 : 0.8968"
"51,12 : 0.8968"
"12,52 : 0.8095"
"52,12 : 0.8095"
"12,53 : 1.1245"
"53,12 : 1.1245"
"12,54 : 0.8609"
"54,12 : 0.8609"
"12,55 : 0.4793"
"55,12 : 0.4793"
"12,56 : 0.8905"
"56,12 : 0.8905"
"12,57 : 1.1107"
"57,12 : 1.1107"
"12,58 : 0.8999"
"58,12 : 0.8999"
"12,59 : 0.8601"
"59,12 : 0.8601"
"12,60 : 0.3138"
"60,12 : 0.3138"
"12,61 : 0.8641"
"61,12 : 0.8641"
"12,62 : 0.5412"
"62,12 : 0.5412"
"12,63 : 0.6301"
"63,12 : 0.6301"
"12,64 : 0.1131"
"64,12 : 0.1131"
"12,65 : 0.6084"
"65,12 : 0.6084"
"12,66 : 0.9719"
"66,12 : 0.9719"
"12,67 : 0.7023"
"67,12 : 0.7023"
"12,68 : 0.8828"
"68,12 : 0.8828"
"12,69 : 0.7159"
"69,12 : 0.7159"
"12,70 : 0.5204"
"70,12 : 0.5204"
"12,71 : 0.3863"
"71,12 : 0.3863"
"12,72 : 1.0742"
"72,12 : 1.0742"
"12,73 : 0.6306"
"73,12 : 0.6306"
"12,74 : 0.8683"
"74,12 : 0.8683"
"12,75 : 1.0341"
"75,12 : 1.0341"
"12,76 : 1.2691"
"76,12 : 1.2691"
"12,77 : 0.9426"
"77,12 : 0.9426"
"12,78 : 1.0655"
"78,12 : 1.0655"
"12,79 : 1.2532"
"79,12 : 1.2532"
"12,80 : 0.4198"
"80,12 : 0.4198"
"12,81 : 0.2256"
"81,12 : 0.2256"
"12,82 : 0.37"
"82,12 : 0.37"
"12,83 : 0.2267"
"83,12 : 0.2267"
"12,84 : 0.6381"
"84,12 : 0.6381"
"12,85 : 0.6429"
"85,12 : 0.6429"
"12,86 : 0.6801"
"86,12 : 0.6801"
"12,87 : 1.2261"
"87,12 : 1.2261"
"12,88 : 0.1942"
"88,12 : 0.1942"
"12,89 : 0.8144"
"89,12 : 0.8144"
"12,90 : 0.3805"
"90,12 : 0.3805"
"12,91 : 0.8631"
"91,12 : 0.8631"
"12,92 : 0.7001"
"92,12 : 0.7001"
"12,93 : 0.6456"
"93,12 : 0.6456"
"12,94 : 0.5204"
"94,12 : 0.5204"
"12,95 : 0.8683"
"95,12 : 0.8683"
"12,96 : 0.7218"
"96,12 : 0.7218"
"12,97 : 0.7976"
"97,12 : 0.7976"
"12,98 : 1.2532"
"98,12 : 1.2532"
"12,99 : 0.9348"
"99,12 : 0.9348"
"13,14 : 0.386"
"14,13 : 0.386"
"13,15 : 0.4604"
"15,13 : 0.4604"
"13,16 : 0.5478"
"16,13 : 0.5478"
"13,17 : 0.8929"
"17,13 : 0.8929"
"13,18 : 1.014"
"18,13 : 1.014"
"13,19 : 0.3864"
"19,13 : 0.3864"
"13,20 : 0.5601"
"20,13 : 0.5601"
"13,21 : 0.2408"
"21,13 : 0.2408"
"13,22 : 0.2816"
"22,13 : 0.2816"
"13,23 : 0.5982"
"23,13 : 0.5982"
