x,y
0.8,0.8
0.63,0.53
0.1,0.18
0.57,0.92
0.9,0.64
0.59,0.96
0.31,0.76
0.47,0.6
0.1,1.0
0.03,0.0
0.69,0.58
0.24,0.39
0.52,0.72
0.25,0.96
0.08,0.58
0.24,0.51
0.16,0.82
0.53,0.02
0.46,0.32
0.91,0.91
0.35,0.04
0.1,0.74
0.94,0.7
0.71,0.51
0.96,0.06
0.96,0.81
0.14,0.91
0.82,0.91
0.13,0.18
0.04,0.11
0.45,0.99
0.07,0.6
0.51,0.7
0.85,0.23
0.51,0.34
0.36,0.36
0.45,0.37
0.75,0.24
0.62,0.43
0.45,0.55
0.52,0.8
0.93,0.45
0.8,0.53
0.41,0.73
0.93,0.57
0.47,0.22
0.2,0.21
0.93,1.0
0.39,0.79
0.33,0.84
0.92,0.03
0.45,0.3
0.38,0.93
0.36,0.93
0.99,0.63
0.7,0.37
0.71,0.55
0.05,0.02
0.11,0.66
0.6,0.15
0.14,0.55
0.3,0.97
0.24,0.23
0.19,0.55
0.58,0.64
0.79,0.41
0.99,0.91
0.93,0.28
0.64,0.3
1.0,0.81
0.25,0.88
0.56,0.26
0.14,0.83
0.37,0.54
0.37,0.83
0.56,0.73
0.71,0.65
0.98,0.55
0.28,0.62
0.94,0.79
0.1,0.96
0.83,0.94
0.79,0.92
0.08,0.05
0.24,0.5
0.08,0.45
0.36,0.56
0.42,0.12
0.05,0.41
0.0,0.01
0.8,0.63
0.75,0.79
0.96,0.89
0.64,0.44
0.68,0.56
0.61,0.05
0.29,0.81
0.18,0.22
0.29,0.89
0.62,0.94

Distanze
"0,1 : 0.3191"
"1,0 : 0.3191"
"0,2 : 0.9351"
"2,0 : 0.9351"
"0,3 : 0.2594"
"3,0 : 0.2594"
"0,4 : 0.1887"
"4,0 : 0.1887"
"0,5 : 0.264"
"5,0 : 0.264"
"0,6 : 0.4916"
"6,0 : 0.4916"
"0,7 : 0.3859"
"7,0 : 0.3859"
"0,8 : 0.728"
"8,0 : 0.728"
"0,9 : 1.1104"
"9,0 : 1.1104"
"0,10 : 0.246"
"10,0 : 0.246"
"0,11 : 0.694"
"11,0 : 0.694"
"0,12 : 0.2912"
"12,0 : 0.2912"
"0,13 : 0.5728"
"13,0 : 0.5728"
"0,14 : 0.7529"
"14,0 : 0.7529"
"0,15 : 0.6306"
"15,0 : 0.6306"
"0,16 : 0.6403"
"16,0 : 0.6403"
"0,17 : 0.8254"
"17,0 : 0.8254"
"0,18 : 0.5882"
"18,0 : 0.5882"
"0,19 : 0.1556"
"19,0 : 0.1556"
"0,20 : 0.8832"
"20,0 : 0.8832"
"0,21 : 0.7026"
"21,0 : 0.7026"
"0,22 : 0.172"
"22,0 : 0.172"
"0,23 : 0.3036"
"23,0 : 0.3036"
"0,24 : 0.7571"
"24,0 : 0.7571"
"0,25 : 0.1603"
"25,0 : 0.1603"
"0,26 : 0.6691"
"26,0 : 0.6691"
"0,27 : 0.1118"
"27,0 : 0.1118"
"0,28 : 0.9129"
"28,0 : 0.9129"
"0,29 : 1.0265"
"29,0 : 1.0265"
"0,30 : 0.3982"
"30,0 : 0.3982"
"0,31 : 0.7569"
"31,0 : 0.7569"
"0,32 : 0.3068"
"32,0 : 0.3068"
"0,33 : 0.5722"
"33,0 : 0.5722"
"0,34 : 0.5438"
"34,0 : 0.5438"
"0,35 : 0.6223"
"35,0 : 0.6223"
"0,36 : 0.5544"
"36,0 : 0.5544"
"0,37 : 0.5622"
"37,0 : 0.5622"
"0,38 : 0.4115"
"38,0 : 0.4115"
"0,39 : 0.4301"
"39,0 : 0.4301"
"0,40 : 0.28"
"40,0 : 0.28"
"0,41 : 0.3734"
"41,0 : 0.3734"
"0,42 : 0.27"
"42,0 : 0.27"
"0,43 : 0.3962"
"43,0 : 0.3962"
"0,44 : 0.2642"
"44,0 : 0.2642"
"0,45 : 0.6673"
"45,0 : 0.6673"
"0,46 : 0.8415"
"46,0 : 0.8415"
"0,47 : 0.2385"
"47,0 : 0.2385"
"0,48 : 0.4101"
"48,0 : 0.4101"
"0,49 : 0.4717"
"49,0 : 0.4717"
"0,50 : 0.7793"
"50,0 : 0.7793"
"0,51 : 0.6103"
"51,0 : 0.6103"
"0,52 : 0.4397"
"52,0 : 0.4397"
"0,53 : 0.4588"
"53,0 : 0.4588"
"0,54 : 0.255"
"54,0 : 0.255"
"0,55 : 0.4415"
"55,0 : 0.4415"
"0,56 : 0.2657"
"56,0 : 0.2657"
"0,57 : 1.0821"
"57,0 : 1.0821"
"0,58 : 0.7041"
"58,0 : 0.7041"
"0,59 : 0.6801"
"59,0 : 0.6801"
"0,60 : 0.7058"
"60,0 : 0.7058"
"0,61 : 0.5281"
"61,0 : 0.5281"
"0,62 : 0.7991"
"62,0 : 0.7991"
"0,63 : 0.6592"
"63,0 : 0.6592"
"0,64 : 0.272"
"64,0 : 0.272"
"0,65 : 0.3901"
"65,0 : 0.3901"
"0,66 : 0.2195"
"66,0 : 0.2195"
"0,67 : 0.536"
"67,0 : 0.536"
"0,68 : 0.525"
"68,0 : 0.525"
"0,69 : 0.2002"
"69,0 : 0.2002"
"0,70 : 0.5558"
"70,0 : 0.5558"
"0,71 : 0.5909"
"71,0 : 0.5909"
"0,72 : 0.6607"
"72,0 : 0.6607"
"0,73 : 0.5025"
"73,0 : 0.5025"
"0,74 : 0.431"
"74,0 : 0.431"
"0,75 : 0.25"
"75,0 : 0.25"
"0,76 : 0.1749"
"76,0 : 0.1749"
"0,77 : 0.3081"
"77,0 : 0.3081"
"0,78 : 0.5503"
"78,0 : 0.5503"
"0,79 : 0.1404"
"79,0 : 0.1404"
"0,80 : 0.7181"
"80,0 : 0.7181"
"0,81 : 0.1432"
"81,0 : 0.1432"
"0,82 : 0.1204"
"82,0 : 0.1204"
"0,83 : 1.0397"
"83,0 : 1.0397"
"0,84 : 0.6353"
"84,0 : 0.6353"
"0,85 : 0.8006"
"85,0 : 0.8006"
"0,86 : 0.5012"
"86,0 : 0.5012"
"0,87 : 0.779"
"87,0 : 0.779"
"0,88 : 0.8453"
"88,0 : 0.8453"
"0,89 : 1.1243"
"89,0 : 1.1243"
"0,90 : 0.17"
"90,0 : 0.17"
"0,91 : 0.051"
"91,0 : 0.051"
"0,92 : 0.1836"
"92,0 : 0.1836"
"0,93 : 0.394"
"93,0 : 0.394"
"0,94 : 0.2683"
"94,0 : 0.2683"
"0,95 : 0.7737"
"95,0 : 0.7737"
"0,96 : 0.5101"
"96,0 : 0.5101"
"0,97 : 0.849"
"97,0 : 0.849"
"0,98 : 0.5179"
"98,0 : 0.5179"
"0,99 : 0.228"
"99,0 : 0.228"
"1,2 : 0.6351"
"2,1 : 0.6351"
"1,3 : 0.3946"
"3,1 : 0.3946"
"1,4 : 0.2915"
"4,1 : 0.2915"
"1,5 : 0.4319"
"5,1 : 0.4319"
"1,6 : 0.3941"
"6,1 : 0.3941"
"1,7 : 0.1746"
"7,1 : 0.1746"
"1,8 : 0.7084"
"8,1 : 0.7084"
"1,9 : 0.8006"
"9,1 : 0.8006"
"1,10 : 0.0781"
"10,1 : 0.0781"
"1,11 : 0.4144"
"11,1 : 0.4144"
"1,12 : 0.2195"
"12,1 : 0.2195"
"1,13 : 0.5738"
"13,1 : 0.5738"
"1,14 : 0.5523"
"14,1 : 0.5523"
"1,15 : 0.3905"
"15,1 : 0.3905"
"1,16 : 0.5523"
"16,1 : 0.5523"
"1,17 : 0.5197"
"17,1 : 0.5197"
"1,18 : 0.2702"
"18,1 : 0.2702"
"1,19 : 0.472"
"19,1 : 0.472"
"1,20 : 0.5644"
"20,1 : 0.5644"
"1,21 : 0.5701"
"21,1 : 0.5701"
"1,22 : 0.3536"
"22,1 : 0.3536"
"1,23 : 0.0825"
"23,1 : 0.0825"
"1,24 : 0.5743"
"24,1 : 0.5743"
"1,25 : 0.4328"
"25,1 : 0.4328"
"1,26 : 0.6201"
"26,1 : 0.6201"
"1,27 : 0.4249"
"27,1 : 0.4249"
"1,28 : 0.6103"
"28,1 : 0.6103"
"1,29 : 0.7242"
"29,1 : 0.7242"
"1,30 : 0.494"
"30,1 : 0.494"
"1,31 : 0.5644"
"31,1 : 0.5644"
"1,32 : 0.2081"
"32,1 : 0.2081"
"1,33 : 0.372"
"33,1 : 0.372"
"1,34 : 0.2247"
"34,1 : 0.2247"
"1,35 : 0.3191"
"35,1 : 0.3191"
"1,36 : 0.2408"
"36,1 : 0.2408"
"1,37 : 0.3138"
"37,1 : 0.3138"
"1,38 : 0.1005"
"38,1 : 0.1005"
"1,39 : 0.1811"
"39,1 : 0.1811"
"1,40 : 0.2915"
"40,1 : 0.2915"
"1,41 : 0.3105"
"41,1 : 0.3105"
"1,42 : 0.17"
"42,1 : 0.17"
"1,43 : 0.2973"
"43,1 : 0.2973"
"1,44 : 0.3027"
"44,1 : 0.3027"
"1,45 : 0.3489"
"45,1 : 0.3489"
"1,46 : 0.536"
"46,1 : 0.536"
"1,47 : 0.5576"
"47,1 : 0.5576"
"1,48 : 0.3538"
"48,1 : 0.3538"
"1,49 : 0.4314"
"49,1 : 0.4314"
"1,50 : 0.578"
"50,1 : 0.578"
"1,51 : 0.2921"
"51,1 : 0.2921"
"1,52 : 0.4717"
"52,1 : 0.4717"
"1,53 : 0.4826"
"53,1 : 0.4826"
"1,54 : 0.3736"
"54,1 : 0.3736"
"1,55 : 0.1746"
"55,1 : 0.1746"
"1,56 : 0.0825"
"56,1 : 0.0825"
"1,57 : 0.7723"
"57,1 : 0.7723"
"1,58 : 0.536"
"58,1 : 0.536"
"1,59 : 0.3812"
"59,1 : 0.3812"
"1,60 : 0.4904"
"60,1 : 0.4904"
"1,61 : 0.55"
"61,1 : 0.55"
"1,62 : 0.492"
"62,1 : 0.492"
"1,63 : 0.4405"
"63,1 : 0.4405"
"1,64 : 0.1208"
"64,1 : 0.1208"
"1,65 : 0.2"
"65,1 : 0.2"
"1,66 : 0.5235"
"66,1 : 0.5235"
"1,67 : 0.3905"
"67,1 : 0.3905"
"1,68 : 0.2302"
"68,1 : 0.2302"
"1,69 : 0.464"
"69,1 : 0.464"
"1,70 : 0.5166"
"70,1 : 0.5166"
"1,71 : 0.2789"
"71,1 : 0.2789"
"1,72 : 0.5745"
"72,1 : 0.5745"
"1,73 : 0.2602"
"73,1 : 0.2602"
"1,74 : 0.397"
"74,1 : 0.397"
"1,75 : 0.2119"
"75,1 : 0.2119"
"1,76 : 0.1442"
"76,1 : 0.1442"
"1,77 : 0.3506"
"77,1 : 0.3506"
"1,78 : 0.3614"
"78,1 : 0.3614"
"1,79 : 0.4046"
"79,1 : 0.4046"
"1,80 : 0.6825"
"80,1 : 0.6825"
"1,81 : 0.4562"
"81,1 : 0.4562"
"1,82 : 0.4215"
"82,1 : 0.4215"
"1,83 : 0.73"
"83,1 : 0.73"
"1,84 : 0.3912"
"84,1 : 0.3912"
"1,85 : 0.5558"
"85,1 : 0.5558"
"1,86 : 0.2717"
"86,1 : 0.2717"
"1,87 : 0.4607"
"87,1 : 0.4607"
"1,88 : 0.5923"
"88,1 : 0.5923"
"1,89 : 0.8169"
"89,1 : 0.8169"
"1,90 : 0.1972"
"90,1 : 0.1972"
"1,91 : 0.2864"
"91,1 : 0.2864"
"1,92 : 0.4884"
"92,1 : 0.4884"
"1,93 : 0.0906"
"93,1 : 0.0906"
"1,94 : 0.0583"
"94,1 : 0.0583"
"1,95 : 0.4804"
"95,1 : 0.4804"
"1,96 : 0.4405"
"96,1 : 0.4405"
"1,97 : 0.5464"
"97,1 : 0.5464"
"1,98 : 0.4952"
"98,1 : 0.4952"
"1,99 : 0.4101"
"99,1 : 0.4101"
"2,3 : 0.8766"
"3,2 : 0.8766"
"2,4 : 0.9228"
"4,2 : 0.9228"
"2,5 : 0.9211"
"5,2 : 0.9211"
"2,6 : 0.6168"
"6,2 : 0.6168"
"2,7 : 0.5597"
"7,2 : 0.5597"
"2,8 : 0.82"
"8,2 : 0.82"
"2,9 : 0.1931"
"9,2 : 0.1931"
"2,10 : 0.7128"
"10,2 : 0.7128"
"2,11 : 0.2524"
"11,2 : 0.2524"
"2,12 : 0.6841"
"12,2 : 0.6841"
"2,13 : 0.7943"
"13,2 : 0.7943"
"2,14 : 0.4005"
"14,2 : 0.4005"
"2,15 : 0.3585"
"15,2 : 0.3585"
"2,16 : 0.6428"
"16,2 : 0.6428"
"2,17 : 0.4588"
"17,2 : 0.4588"
"2,18 : 0.3863"
"18,2 : 0.3863"
"2,19 : 1.0904"
"19,2 : 1.0904"
"2,20 : 0.2865"
"20,2 : 0.2865"
"2,21 : 0.56"
"21,2 : 0.56"
"2,22 : 0.9879"
"22,2 : 0.9879"
"2,23 : 0.6935"
"23,2 : 0.6935"
"2,24 : 0.8683"
"24,2 : 0.8683"
"2,25 : 1.0661"
"25,2 : 1.0661"
"2,26 : 0.7311"
"26,2 : 0.7311"
"2,27 : 1.0253"
"27,2 : 1.0253"
"2,28 : 0.03"
"28,2 : 0.03"
"2,29 : 0.0922"
"29,2 : 0.0922"
"2,30 : 0.8824"
"30,2 : 0.8824"
"2,31 : 0.4211"
"31,2 : 0.4211"
"2,32 : 0.6622"
"32,2 : 0.6622"
"2,33 : 0.7517"
"33,2 : 0.7517"
"2,34 : 0.4401"
"34,2 : 0.4401"
"2,35 : 0.3162"
"35,2 : 0.3162"
"2,36 : 0.3982"
"36,2 : 0.3982"
"2,37 : 0.6528"
"37,2 : 0.6528"
"2,38 : 0.577"
"38,2 : 0.577"
"2,39 : 0.5093"
"39,2 : 0.5093"
"2,40 : 0.7489"
"40,2 : 0.7489"
"2,41 : 0.8728"
"41,2 : 0.8728"
"2,42 : 0.7826"
"42,2 : 0.7826"
"2,43 : 0.6313"
"43,2 : 0.6313"
"2,44 : 0.9171"
"44,2 : 0.9171"
"2,45 : 0.3722"
"45,2 : 0.3722"
"2,46 : 0.1044"
"46,2 : 0.1044"
"2,47 : 1.1667"
"47,2 : 1.1667"
"2,48 : 0.6754"
"48,2 : 0.6754"
"2,49 : 0.6989"
"49,2 : 0.6989"
"2,50 : 0.8336"
"50,2 : 0.8336"
"2,51 : 0.37"
"51,2 : 0.37"
"2,52 : 0.8006"
"52,2 : 0.8006"
"2,53 : 0.7938"
"53,2 : 0.7938"
"2,54 : 0.9973"
"54,2 : 0.9973"
"2,55 : 0.6294"
"55,2 : 0.6294"
"2,56 : 0.7134"
"56,2 : 0.7134"
"2,57 : 0.1676"
"57,2 : 0.1676"
"2,58 : 0.4801"
"58,2 : 0.4801"
"2,59 : 0.5009"
"59,2 : 0.5009"
"2,60 : 0.3722"
"60,2 : 0.3722"
"2,61 : 0.8149"
"61,2 : 0.8149"
"2,62 : 0.1487"
"62,2 : 0.1487"
"2,63 : 0.3808"
"63,2 : 0.3808"
"2,64 : 0.6648"
"64,2 : 0.6648"
"2,65 : 0.7273"
"65,2 : 0.7273"
"2,66 : 1.1511"
"66,2 : 1.1511"
"2,67 : 0.836"
"67,2 : 0.836"
"2,68 : 0.5532"
"68,2 : 0.5532"
"2,69 : 1.0986"
"69,2 : 1.0986"
"2,70 : 0.7159"
"70,2 : 0.7159"
"2,71 : 0.4669"
"71,2 : 0.4669"
"2,72 : 0.6512"
"72,2 : 0.6512"
"2,73 : 0.45"
"73,2 : 0.45"
"2,74 : 0.7038"
"74,2 : 0.7038"
"2,75 : 0.717"
"75,2 : 0.717"
"2,76 : 0.7701"
"76,2 : 0.7701"
"2,77 : 0.9546"
"77,2 : 0.9546"
"2,78 : 0.4754"
"78,2 : 0.4754"
"2,79 : 1.0381"
"79,2 : 1.0381"
"2,80 : 0.78"
"80,2 : 0.78"
"2,81 : 1.0538"
"81,2 : 1.0538"
"2,82 : 1.0118"
"82,2 : 1.0118"
"2,83 : 0.1315"
"83,2 : 0.1315"
"2,84 : 0.3493"
"84,2 : 0.3493"
"2,85 : 0.2707"
"85,2 : 0.2707"
"2,86 : 0.4604"
"86,2 : 0.4604"
"2,87 : 0.3256"
"87,2 : 0.3256"
"2,88 : 0.2354"
"88,2 : 0.2354"
"2,89 : 0.1972"
"89,2 : 0.1972"
"2,90 : 0.8322"
"90,2 : 0.8322"
"2,91 : 0.8914"
"91,2 : 0.8914"
"2,92 : 1.1152"
"92,2 : 1.1152"
"2,93 : 0.5993"
"93,2 : 0.5993"
"2,94 : 0.6934"
"94,2 : 0.6934"
"2,95 : 0.5263"
"95,2 : 0.5263"
"2,96 : 0.658"
"96,2 : 0.658"
"2,97 : 0.0894"
"97,2 : 0.0894"
"2,98 : 0.735"
"98,2 : 0.735"
"2,99 : 0.9209"
"99,2 : 0.9209"
"3,4 : 0.4328"
"4,3 : 0.4328"
"3,5 : 0.0447"
"5,3 : 0.0447"
"3,6 : 0.3053"
"6,3 : 0.3053"
"3,7 : 0.3353"
"7,3 : 0.3353"
"3,8 : 0.4768"
"8,3 : 0.4768"
"3,9 : 1.0668"
"9,3 : 1.0668"
"3,10 : 0.3606"
"10,3 : 0.3606"
"3,11 : 0.6243"
"11,3 : 0.6243"
"3,12 : 0.2062"
"12,3 : 0.2062"
"3,13 : 0.3225"
"13,3 : 0.3225"
"3,14 : 0.5964"
"14,3 : 0.5964"
"3,15 : 0.5263"
"15,3 : 0.5263"
"3,16 : 0.422"
"16,3 : 0.422"
"3,17 : 0.9009"
"17,3 : 0.9009"
"3,18 : 0.61"
"18,3 : 0.61"
"3,19 : 0.3401"
"19,3 : 0.3401"
"3,20 : 0.9071"
"20,3 : 0.9071"
"3,21 : 0.5033"
"21,3 : 0.5033"
"3,22 : 0.4305"
"22,3 : 0.4305"
"3,23 : 0.4332"
"23,3 : 0.4332"
"3,24 : 0.9443"
"24,3 : 0.9443"
"3,25 : 0.4052"
"25,3 : 0.4052"
"3,26 : 0.4301"
"26,3 : 0.4301"
"3,27 : 0.2502"
"27,3 : 0.2502"
"3,28 : 0.8609"
"28,3 : 0.8609"
"3,29 : 0.968"
"29,3 : 0.968"
"3,30 : 0.1389"
"30,3 : 0.1389"
"3,31 : 0.5936"
"31,3 : 0.5936"
"3,32 : 0.228"
"32,3 : 0.228"
"3,33 : 0.7446"
"33,3 : 0.7446"
"3,34 : 0.5831"
"34,3 : 0.5831"
"3,35 : 0.5981"
"35,3 : 0.5981"
"3,36 : 0.5629"
"36,3 : 0.5629"
"3,37 : 0.7034"
"37,3 : 0.7034"
"3,38 : 0.4925"
"38,3 : 0.4925"
"3,39 : 0.389"
"39,3 : 0.389"
"3,40 : 0.13"
"40,3 : 0.13"
"3,41 : 0.592"
"41,3 : 0.592"
"3,42 : 0.4528"
"42,3 : 0.4528"
"3,43 : 0.2484"
"43,3 : 0.2484"
"3,44 : 0.5021"
"44,3 : 0.5021"
"3,45 : 0.7071"
"45,3 : 0.7071"
"3,46 : 0.8006"
"46,3 : 0.8006"
"3,47 : 0.3688"
"47,3 : 0.3688"
"3,48 : 0.222"
"48,3 : 0.222"
"3,49 : 0.253"
"49,3 : 0.253"
"3,50 : 0.9563"
"50,3 : 0.9563"
"3,51 : 0.6315"
"51,3 : 0.6315"
"3,52 : 0.1903"
"52,3 : 0.1903"
"3,53 : 0.2102"
"53,3 : 0.2102"
"3,54 : 0.5104"
"54,3 : 0.5104"
"3,55 : 0.5652"
"55,3 : 0.5652"
"3,56 : 0.3956"
"56,3 : 0.3956"
"3,57 : 1.0394"
"57,3 : 1.0394"
"3,58 : 0.5284"
"58,3 : 0.5284"
"3,59 : 0.7706"
"59,3 : 0.7706"
"3,60 : 0.5673"
"60,3 : 0.5673"
"3,61 : 0.2746"
"61,3 : 0.2746"
"3,62 : 0.7649"
"62,3 : 0.7649"
"3,63 : 0.5304"
"63,3 : 0.5304"
"3,64 : 0.2802"
"64,3 : 0.2802"
"3,65 : 0.5554"
"65,3 : 0.5554"
"3,66 : 0.4201"
"66,3 : 0.4201"
"3,67 : 0.7343"
"67,3 : 0.7343"
"3,68 : 0.6239"
"68,3 : 0.6239"
"3,69 : 0.4438"
"69,3 : 0.4438"
"3,70 : 0.3225"
"70,3 : 0.3225"
"3,71 : 0.6601"
"71,3 : 0.6601"
"3,72 : 0.4393"
"72,3 : 0.4393"
"3,73 : 0.4294"
"73,3 : 0.4294"
"3,74 : 0.2193"
"74,3 : 0.2193"
"3,75 : 0.1903"
"75,3 : 0.1903"
"3,76 : 0.3041"
"76,3 : 0.3041"
"3,77 : 0.5523"
"77,3 : 0.5523"
"3,78 : 0.4173"
"78,3 : 0.4173"
"3,79 : 0.3922"
"79,3 : 0.3922"
"3,80 : 0.4717"
"80,3 : 0.4717"
"3,81 : 0.2608"
"81,3 : 0.2608"
"3,82 : 0.22"
"82,3 : 0.22"
"3,83 : 0.9985"
"83,3 : 0.9985"
"3,84 : 0.5341"
"84,3 : 0.5341"
"3,85 : 0.679"
"85,3 : 0.679"
"3,86 : 0.4168"
"86,3 : 0.4168"
"3,87 : 0.8139"
"87,3 : 0.8139"
"3,88 : 0.7284"
"88,3 : 0.7284"
"3,89 : 1.0738"
"89,3 : 1.0738"
"3,90 : 0.3701"
"90,3 : 0.3701"
"3,91 : 0.222"
"91,3 : 0.222"
"3,92 : 0.3912"
"92,3 : 0.3912"
"3,93 : 0.4851"
"93,3 : 0.4851"
"3,94 : 0.3764"
"94,3 : 0.3764"
"3,95 : 0.8709"
"95,3 : 0.8709"
"3,96 : 0.3008"
"96,3 : 0.3008"
"3,97 : 0.8013"
"97,3 : 0.8013"
"3,98 : 0.2816"
"98,3 : 0.2816"
"3,99 : 0.0539"
"99,3 : 0.0539"
"4,5 : 0.4455"
"5,4 : 0.4455"
"4,6 : 0.6021"
"6,4 : 0.6021"
"4,7 : 0.4319"
"7,4 : 0.4319"
"4,8 : 0.8773"
"8,4 : 0.8773"
"4,9 : 1.08"
"9,4 : 1.08"
"4,10 : 0.2184"
"10,4 : 0.2184"
"4,11 : 0.7058"
"11,4 : 0.7058"
"4,12 : 0.3883"
"12,4 : 0.3883"
"4,13 : 0.7245"
"13,4 : 0.7245"
"4,14 : 0.8222"
"14,4 : 0.8222"
"4,15 : 0.6727"
"15,4 : 0.6727"
"4,16 : 0.7616"
"16,4 : 0.7616"
"4,17 : 0.722"
"17,4 : 0.722"
"4,18 : 0.5441"
"18,4 : 0.5441"
"4,19 : 0.2702"
"19,4 : 0.2702"
"4,20 : 0.8139"
"20,4 : 0.8139"
"4,21 : 0.8062"
"21,4 : 0.8062"
"4,22 : 0.0721"
"22,4 : 0.0721"
"4,23 : 0.2302"
"23,4 : 0.2302"
"4,24 : 0.5831"
"24,4 : 0.5831"
"4,25 : 0.1803"
"25,4 : 0.1803"
"4,26 : 0.8065"
"26,4 : 0.8065"
"4,27 : 0.2816"
"27,4 : 0.2816"
"4,28 : 0.8969"
"28,4 : 0.8969"
"4,29 : 1.0102"
"29,4 : 1.0102"
"4,30 : 0.5701"
"30,4 : 0.5701"
"4,31 : 0.831"
"31,4 : 0.831"
"4,32 : 0.3946"
"32,4 : 0.3946"
"4,33 : 0.413"
"33,4 : 0.413"
"4,34 : 0.492"
"34,4 : 0.492"
"4,35 : 0.6083"
"35,4 : 0.6083"
"4,36 : 0.5248"
"36,4 : 0.5248"
"4,37 : 0.4272"
"37,4 : 0.4272"
"4,38 : 0.35"
"38,4 : 0.35"
"4,39 : 0.4589"
"39,4 : 0.4589"
"4,40 : 0.4123"
"40,4 : 0.4123"
"4,41 : 0.1924"
"41,4 : 0.1924"
"4,42 : 0.1487"
"42,4 : 0.1487"
"4,43 : 0.4982"
"43,4 : 0.4982"
"4,44 : 0.0762"
"44,4 : 0.0762"
"4,45 : 0.6011"
"45,4 : 0.6011"
"4,46 : 0.8215"
"46,4 : 0.8215"
"4,47 : 0.3612"
"47,4 : 0.3612"
"4,48 : 0.5316"
"48,4 : 0.5316"
"4,49 : 0.6041"
"49,4 : 0.6041"
"4,50 : 0.6103"
"50,4 : 0.6103"
"4,51 : 0.564"
"51,4 : 0.564"
"4,52 : 0.5954"
"52,4 : 0.5954"
"4,53 : 0.6129"
"53,4 : 0.6129"
"4,54 : 0.0906"
"54,4 : 0.0906"
"4,55 : 0.336"
"55,4 : 0.336"
"4,56 : 0.2102"
"56,4 : 0.2102"
"4,57 : 1.0521"
"57,4 : 1.0521"
"4,58 : 0.7903"
"58,4 : 0.7903"
"4,59 : 0.5745"
"59,4 : 0.5745"
"4,60 : 0.7653"
"60,4 : 0.7653"
"4,61 : 0.6848"
"61,4 : 0.6848"
"4,62 : 0.777"
"62,4 : 0.777"
"4,63 : 0.7157"
"63,4 : 0.7157"
"4,64 : 0.32"
"64,4 : 0.32"
"4,65 : 0.255"
"65,4 : 0.255"
"4,66 : 0.2846"
"66,4 : 0.2846"
"4,67 : 0.3612"
"67,4 : 0.3612"
"4,68 : 0.428"
"68,4 : 0.428"
"4,69 : 0.1972"
"69,4 : 0.1972"
"4,70 : 0.6929"
"70,4 : 0.6929"
"4,71 : 0.5099"
"71,4 : 0.5099"
"4,72 : 0.7834"
"72,4 : 0.7834"
"4,73 : 0.5394"
"73,4 : 0.5394"
"4,74 : 0.563"
"74,4 : 0.563"
"4,75 : 0.3517"
"75,4 : 0.3517"
"4,76 : 0.1903"
"76,4 : 0.1903"
"4,77 : 0.1204"
"77,4 : 0.1204"
"4,78 : 0.6203"
"78,4 : 0.6203"
"4,79 : 0.1552"
"79,4 : 0.1552"
"4,80 : 0.8616"
"80,4 : 0.8616"
"4,81 : 0.3081"
"81,4 : 0.3081"
"4,82 : 0.3008"
"82,4 : 0.3008"
"4,83 : 1.0102"
"83,4 : 1.0102"
"4,84 : 0.6747"
"84,4 : 0.6747"
"4,85 : 0.8417"
"85,4 : 0.8417"
"4,86 : 0.5459"
"86,4 : 0.5459"
"4,87 : 0.7077"
"87,4 : 0.7077"
"4,88 : 0.8806"
"88,4 : 0.8806"
"4,89 : 1.0986"
"89,4 : 1.0986"
"4,90 : 0.1005"
"90,4 : 0.1005"
"4,91 : 0.2121"
"91,4 : 0.2121"
"4,92 : 0.2571"
"92,4 : 0.2571"
"4,93 : 0.328"
"93,4 : 0.328"
"4,94 : 0.2341"
"94,4 : 0.2341"
"4,95 : 0.6574"
"95,4 : 0.6574"
"4,96 : 0.6332"
"96,4 : 0.6332"
"4,97 : 0.8335"
"97,4 : 0.8335"
"4,98 : 0.6592"
"98,4 : 0.6592"
"4,99 : 0.4104"
"99,4 : 0.4104"
"5,6 : 0.3441"
"6,5 : 0.3441"
"5,7 : 0.3795"
"7,5 : 0.3795"
"5,8 : 0.4916"
"8,5 : 0.4916"
"5,9 : 1.1114"
"9,5 : 1.1114"
"5,10 : 0.3929"
"10,5 : 0.3929"
"5,11 : 0.6689"
"11,5 : 0.6689"
"5,12 : 0.25"
"12,5 : 0.25"
"5,13 : 0.34"
"13,5 : 0.34"
"5,14 : 0.636"
"14,5 : 0.636"
"5,15 : 0.5701"
"15,5 : 0.5701"
"5,16 : 0.4522"
"16,5 : 0.4522"
"5,17 : 0.9419"
"17,5 : 0.9419"
"5,18 : 0.6531"
"18,5 : 0.6531"
"5,19 : 0.3239"
"19,5 : 0.3239"
"5,20 : 0.9508"
"20,5 : 0.9508"
"5,21 : 0.5371"
"21,5 : 0.5371"
"5,22 : 0.436"
"22,5 : 0.436"
"5,23 : 0.4657"
"23,5 : 0.4657"
"5,24 : 0.9731"
"24,5 : 0.9731"
"5,25 : 0.3992"
"25,5 : 0.3992"
"5,26 : 0.4528"
"26,5 : 0.4528"
"5,27 : 0.2354"
"27,5 : 0.2354"
"5,28 : 0.9055"
"28,5 : 0.9055"
"5,29 : 1.0124"
"29,5 : 1.0124"
"5,30 : 0.1432"
"30,5 : 0.1432"
"5,31 : 0.6325"
"31,5 : 0.6325"
"5,32 : 0.272"
"32,5 : 0.272"
"5,33 : 0.7749"
"33,5 : 0.7749"
"5,34 : 0.6251"
"34,5 : 0.6251"
"5,35 : 0.6426"
"35,5 : 0.6426"
"5,36 : 0.6064"
"36,5 : 0.6064"
"5,37 : 0.7376"
"37,5 : 0.7376"
"5,38 : 0.5308"
"38,5 : 0.5308"
"5,39 : 0.4332"
"39,5 : 0.4332"
"5,40 : 0.1746"
"40,5 : 0.1746"
"5,41 : 0.6129"
"41,5 : 0.6129"
"5,42 : 0.4785"
"42,5 : 0.4785"
"5,43 : 0.2921"
"43,5 : 0.2921"
"5,44 : 0.5174"
"44,5 : 0.5174"
"5,45 : 0.7497"
"45,5 : 0.7497"
"5,46 : 0.8453"
"46,5 : 0.8453"
"5,47 : 0.3423"
"47,5 : 0.3423"
"5,48 : 0.2625"
"48,5 : 0.2625"
"5,49 : 0.2864"
"49,5 : 0.2864"
"5,50 : 0.9868"
"50,5 : 0.9868"
"5,51 : 0.6747"
"51,5 : 0.6747"
"5,52 : 0.2121"
"52,5 : 0.2121"
"5,53 : 0.2319"
"53,5 : 0.2319"
"5,54 : 0.5186"
"54,5 : 0.5186"
"5,55 : 0.6002"
"55,5 : 0.6002"
"5,56 : 0.4272"
"56,5 : 0.4272"
"5,57 : 1.0841"
"57,5 : 1.0841"
"5,58 : 0.566"
"58,5 : 0.566"
"5,59 : 0.8101"
"59,5 : 0.8101"
"5,60 : 0.6088"
"60,5 : 0.6088"
"5,61 : 0.2902"
"61,5 : 0.2902"
"5,62 : 0.8096"
"62,5 : 0.8096"
"5,63 : 0.5728"
"63,5 : 0.5728"
"5,64 : 0.3202"
"64,5 : 0.3202"
"5,65 : 0.5852"
"65,5 : 0.5852"
"5,66 : 0.4031"
"66,5 : 0.4031"
"5,67 : 0.7603"
"67,5 : 0.7603"
"5,68 : 0.6619"
"68,5 : 0.6619"
"5,69 : 0.4366"
"69,5 : 0.4366"
"5,70 : 0.3493"
"70,5 : 0.3493"
"5,71 : 0.7006"
"71,5 : 0.7006"
"5,72 : 0.4684"
"72,5 : 0.4684"
"5,73 : 0.4741"
"73,5 : 0.4741"
"5,74 : 0.2555"
"74,5 : 0.2555"
"5,75 : 0.2319"
"75,5 : 0.2319"
"5,76 : 0.3324"
"76,5 : 0.3324"
"5,77 : 0.5659"
"77,5 : 0.5659"
"5,78 : 0.4601"
"78,5 : 0.4601"
"5,79 : 0.3891"
"79,5 : 0.3891"
"5,80 : 0.49"
"80,5 : 0.49"
"5,81 : 0.2408"
"81,5 : 0.2408"
"5,82 : 0.204"
"82,5 : 0.204"
"5,83 : 1.0432"
"83,5 : 1.0432"
"5,84 : 0.578"
"84,5 : 0.578"
"5,85 : 0.7212"
"85,5 : 0.7212"
"5,86 : 0.4614"
"86,5 : 0.4614"
"5,87 : 0.857"
"87,5 : 0.857"
"5,88 : 0.7708"
"88,5 : 0.7708"
"5,89 : 1.1183"
"89,5 : 1.1183"
"5,90 : 0.3912"
"90,5 : 0.3912"
"5,91 : 0.2335"
"91,5 : 0.2335"
"5,92 : 0.3766"
"92,5 : 0.3766"
"5,93 : 0.5224"
"93,5 : 0.5224"
"5,94 : 0.41"
"94,5 : 0.41"
"5,95 : 0.9102"
"95,5 : 0.9102"
"5,96 : 0.3354"
"96,5 : 0.3354"
"5,97 : 0.846"
"97,5 : 0.846"
"5,98 : 0.3081"
"98,5 : 0.3081"
"5,99 : 0.0361"
"99,5 : 0.0361"
"6,7 : 0.2263"
"7,6 : 0.2263"
"6,8 : 0.3189"
"8,6 : 0.3189"
"6,9 : 0.8099"
"9,6 : 0.8099"
"6,10 : 0.4205"
"10,6 : 0.4205"
"6,11 : 0.3766"
"11,6 : 0.3766"
"6,12 : 0.2138"
"12,6 : 0.2138"
"6,13 : 0.2088"
"13,6 : 0.2088"
"6,14 : 0.2921"
"14,6 : 0.2921"
"6,15 : 0.2596"
"15,6 : 0.2596"
"6,16 : 0.1616"
"16,6 : 0.1616"
"6,17 : 0.772"
"17,6 : 0.772"
"6,18 : 0.4649"
"18,6 : 0.4649"
"6,19 : 0.6185"
"19,6 : 0.6185"
"6,20 : 0.7211"
"20,6 : 0.7211"
"6,21 : 0.211"
"21,6 : 0.211"
"6,22 : 0.6329"
"22,6 : 0.6329"
"6,23 : 0.4717"
"23,6 : 0.4717"
"6,24 : 0.9552"
"24,6 : 0.9552"
"6,25 : 0.6519"
"25,6 : 0.6519"
"6,26 : 0.2267"
"26,6 : 0.2267"
"6,27 : 0.5316"
"27,6 : 0.5316"
"6,28 : 0.6073"
"28,6 : 0.6073"
"6,29 : 0.7038"
"29,6 : 0.7038"
"6,30 : 0.2693"
"30,6 : 0.2693"
"6,31 : 0.2884"
"31,6 : 0.2884"
"6,32 : 0.2088"
"32,6 : 0.2088"
"6,33 : 0.7566"
"33,6 : 0.7566"
"6,34 : 0.4652"
"34,6 : 0.4652"
"6,35 : 0.4031"
"35,6 : 0.4031"
"6,36 : 0.4144"
"36,6 : 0.4144"
"6,37 : 0.6812"
"37,6 : 0.6812"
"6,38 : 0.4528"
"38,6 : 0.4528"
"6,39 : 0.2524"
"39,6 : 0.2524"
"6,40 : 0.2138"
"40,6 : 0.2138"
"6,41 : 0.6932"
"41,6 : 0.6932"
"6,42 : 0.5413"
"42,6 : 0.5413"
"6,43 : 0.1044"
"43,6 : 0.1044"
"6,44 : 0.6485"
"44,6 : 0.6485"
"6,45 : 0.5632"
"45,6 : 0.5632"
"6,46 : 0.5609"
"46,6 : 0.5609"
"6,47 : 0.6648"
"47,6 : 0.6648"
"6,48 : 0.0854"
"48,6 : 0.0854"
"6,49 : 0.0825"
"49,6 : 0.0825"
"6,50 : 0.9513"
"50,6 : 0.9513"
"6,51 : 0.4808"
"51,6 : 0.4808"
"6,52 : 0.1838"
"52,6 : 0.1838"
"6,53 : 0.1772"
"53,6 : 0.1772"
"6,54 : 0.6923"
"54,6 : 0.6923"
"6,55 : 0.5515"
"55,6 : 0.5515"
"6,56 : 0.4518"
"56,6 : 0.4518"
"6,57 : 0.7843"
"57,6 : 0.7843"
"6,58 : 0.2236"
"58,6 : 0.2236"
"6,59 : 0.6754"
"59,6 : 0.6754"
"6,60 : 0.2702"
"60,6 : 0.2702"
"6,61 : 0.2102"
"61,6 : 0.2102"
"6,62 : 0.5346"
"62,6 : 0.5346"
"6,63 : 0.2419"
"63,6 : 0.2419"
"6,64 : 0.2955"
"64,6 : 0.2955"
"6,65 : 0.5941"
"65,6 : 0.5941"
"6,66 : 0.6963"
"66,6 : 0.6963"
"6,67 : 0.7841"
"67,6 : 0.7841"
"6,68 : 0.5661"
"68,6 : 0.5661"
"6,69 : 0.6918"
"69,6 : 0.6918"
"6,70 : 0.1342"
"70,6 : 0.1342"
"6,71 : 0.559"
"71,6 : 0.559"
"6,72 : 0.1838"
"72,6 : 0.1838"
"6,73 : 0.228"
"73,6 : 0.228"
"6,74 : 0.0922"
"74,6 : 0.0922"
"6,75 : 0.2518"
"75,6 : 0.2518"
"6,76 : 0.4148"
"76,6 : 0.4148"
"6,77 : 0.7021"
"77,6 : 0.7021"
"6,78 : 0.1432"
"78,6 : 0.1432"
"6,79 : 0.6307"
"79,6 : 0.6307"
"6,80 : 0.29"
"80,6 : 0.29"
"6,81 : 0.5503"
"81,6 : 0.5503"
"6,82 : 0.506"
"82,6 : 0.506"
"6,83 : 0.7463"
"83,6 : 0.7463"
"6,84 : 0.2693"
"84,6 : 0.2693"
"6,85 : 0.386"
"85,6 : 0.386"
"6,86 : 0.2062"
"86,6 : 0.2062"
"6,87 : 0.6494"
"87,6 : 0.6494"
"6,88 : 0.436"
"88,6 : 0.436"
"6,89 : 0.8115"
"89,6 : 0.8115"
"6,90 : 0.507"
"90,6 : 0.507"
"6,91 : 0.441"
"91,6 : 0.441"
"6,92 : 0.6629"
"92,6 : 0.6629"
"6,93 : 0.4597"
"93,6 : 0.4597"
"6,94 : 0.4206"
"94,6 : 0.4206"
"6,95 : 0.7708"
"95,6 : 0.7708"
"6,96 : 0.0539"
"96,6 : 0.0539"
"6,97 : 0.5554"
"97,6 : 0.5554"
"6,98 : 0.1315"
"98,6 : 0.1315"
"6,99 : 0.3585"
"99,6 : 0.3585"
"7,8 : 0.5449"
"8,7 : 0.5449"
"7,9 : 0.744"
"9,7 : 0.744"
"7,10 : 0.2209"
"10,7 : 0.2209"
"7,11 : 0.3114"
"11,7 : 0.3114"
"7,12 : 0.13"
"12,7 : 0.13"
"7,13 : 0.4219"
"13,7 : 0.4219"
"7,14 : 0.3905"
"14,7 : 0.3905"
"7,15 : 0.247"
"15,7 : 0.247"
"7,16 : 0.3801"
"16,7 : 0.3801"
"7,17 : 0.5831"
"17,7 : 0.5831"
"7,18 : 0.2802"
"18,7 : 0.2802"
"7,19 : 0.5382"
"19,7 : 0.5382"
"7,20 : 0.5727"
"20,7 : 0.5727"
"7,21 : 0.3956"
"21,7 : 0.3956"
"7,22 : 0.4805"
"22,7 : 0.4805"
"7,23 : 0.2563"
"23,7 : 0.2563"
"7,24 : 0.7292"
"24,7 : 0.7292"
"7,25 : 0.5331"
"25,7 : 0.5331"
"7,26 : 0.4528"
"26,7 : 0.4528"
"7,27 : 0.4675"
"27,7 : 0.4675"
"7,28 : 0.5404"
"28,7 : 0.5404"
"7,29 : 0.6519"
"29,7 : 0.6519"
"7,30 : 0.3905"
"30,7 : 0.3905"
"7,31 : 0.4"
"31,7 : 0.4"
"7,32 : 0.1077"
"32,7 : 0.1077"
"7,33 : 0.5304"
"33,7 : 0.5304"
"7,34 : 0.2631"
"34,7 : 0.2631"
"7,35 : 0.264"
"35,7 : 0.264"
"7,36 : 0.2309"
"36,7 : 0.2309"
"7,37 : 0.4561"
"37,7 : 0.4561"
"7,38 : 0.2267"
"38,7 : 0.2267"
"7,39 : 0.0539"
"39,7 : 0.0539"
"7,40 : 0.2062"
"40,7 : 0.2062"
"7,41 : 0.4838"
"41,7 : 0.4838"
"7,42 : 0.3373"
"42,7 : 0.3373"
"7,43 : 0.1432"
"43,7 : 0.1432"
"7,44 : 0.461"
"44,7 : 0.461"
"7,45 : 0.38"
"45,7 : 0.38"
"7,46 : 0.4743"
"46,7 : 0.4743"
"7,47 : 0.6096"
"47,7 : 0.6096"
"7,48 : 0.2062"
"48,7 : 0.2062"
"7,49 : 0.2778"
"49,7 : 0.2778"
"7,50 : 0.7262"
"50,7 : 0.7262"
"7,51 : 0.3007"
"51,7 : 0.3007"
"7,52 : 0.3421"
"52,7 : 0.3421"
"7,53 : 0.3479"
"53,7 : 0.3479"
"7,54 : 0.5209"
"54,7 : 0.5209"
"7,55 : 0.3253"
"55,7 : 0.3253"
"7,56 : 0.2452"
"56,7 : 0.2452"
"7,57 : 0.7161"
"57,7 : 0.7161"
"7,58 : 0.365"
"58,7 : 0.365"
"7,59 : 0.4684"
"59,7 : 0.4684"
"7,60 : 0.3338"
"60,7 : 0.3338"
"7,61 : 0.4072"
"61,7 : 0.4072"
"7,62 : 0.4357"
"62,7 : 0.4357"
"7,63 : 0.2844"
"63,7 : 0.2844"
"7,64 : 0.117"
"64,7 : 0.117"
"7,65 : 0.3722"
"65,7 : 0.3722"
"7,66 : 0.6054"
"66,7 : 0.6054"
"7,67 : 0.5604"
"67,7 : 0.5604"
"7,68 : 0.3448"
"68,7 : 0.3448"
"7,69 : 0.5701"
"69,7 : 0.5701"
"7,70 : 0.3561"
"70,7 : 0.3561"
"7,71 : 0.3517"
"71,7 : 0.3517"
"7,72 : 0.4022"
"72,7 : 0.4022"
"7,73 : 0.1166"
"73,7 : 0.1166"
"7,74 : 0.2508"
"74,7 : 0.2508"
"7,75 : 0.1581"
"75,7 : 0.1581"
"7,76 : 0.2452"
"76,7 : 0.2452"
"7,77 : 0.5124"
"77,7 : 0.5124"
"7,78 : 0.191"
"78,7 : 0.191"
"7,79 : 0.507"
"79,7 : 0.507"
"7,80 : 0.5162"
"80,7 : 0.5162"
"7,81 : 0.4952"
"81,7 : 0.4952"
"7,82 : 0.4525"
"82,7 : 0.4525"
"7,83 : 0.6742"
"83,7 : 0.6742"
"7,84 : 0.2508"
"84,7 : 0.2508"
"7,85 : 0.4179"
"85,7 : 0.4179"
"7,86 : 0.117"
"86,7 : 0.117"
"7,87 : 0.4826"
"87,7 : 0.4826"
"7,88 : 0.461"
"88,7 : 0.461"
"7,89 : 0.7543"
"89,7 : 0.7543"
"7,90 : 0.3314"
"90,7 : 0.3314"
"7,91 : 0.3384"
"91,7 : 0.3384"
"7,92 : 0.5694"
"92,7 : 0.5694"
"7,93 : 0.2335"
"93,7 : 0.2335"
"7,94 : 0.2138"
"94,7 : 0.2138"
"7,95 : 0.5675"
"95,7 : 0.5675"
"7,96 : 0.2766"
"96,7 : 0.2766"
"7,97 : 0.478"
"97,7 : 0.478"
"7,98 : 0.3413"
"98,7 : 0.3413"
"7,99 : 0.3716"
"99,7 : 0.3716"
"8,9 : 1.0024"
"9,8 : 1.0024"
"8,10 : 0.7242"
"10,8 : 0.7242"
"8,11 : 0.6259"
"11,8 : 0.6259"
"8,12 : 0.5048"
"12,8 : 0.5048"
"8,13 : 0.1552"
"13,8 : 0.1552"
"8,14 : 0.4205"
"14,8 : 0.4205"
"8,15 : 0.5096"
"15,8 : 0.5096"
"8,16 : 0.1897"
"16,8 : 0.1897"
"8,17 : 1.0702"
"17,8 : 1.0702"
"8,18 : 0.7694"
"18,8 : 0.7694"
"8,19 : 0.815"
"19,8 : 0.815"
"8,20 : 0.992"
"20,8 : 0.992"
"8,21 : 0.26"
"21,8 : 0.26"
"8,22 : 0.892"
"22,8 : 0.892"
"8,23 : 0.7824"
"23,8 : 0.7824"
"8,24 : 1.274"
"24,8 : 1.274"
"8,25 : 0.8807"
"25,8 : 0.8807"
"8,26 : 0.0985"
"26,8 : 0.0985"
"8,27 : 0.7256"
"27,8 : 0.7256"
"8,28 : 0.8205"
"28,8 : 0.8205"
"8,29 : 0.892"
"29,8 : 0.892"
"8,30 : 0.3501"
"30,8 : 0.3501"
"8,31 : 0.4011"
"31,8 : 0.4011"
"8,32 : 0.508"
"32,8 : 0.508"
"8,33 : 1.0749"
"33,8 : 1.0749"
"8,34 : 0.777"
"34,8 : 0.777"
"8,35 : 0.6908"
"35,8 : 0.6908"
"8,36 : 0.7207"
"36,8 : 0.7207"
"8,37 : 1.0"
"37,8 : 1.0"
"8,38 : 0.7716"
"38,8 : 0.7716"
"8,39 : 0.5701"
"39,8 : 0.5701"
"8,40 : 0.4652"
"40,8 : 0.4652"
"8,41 : 0.9957"
"41,8 : 0.9957"
"8,42 : 0.8431"
"42,8 : 0.8431"
"8,43 : 0.4111"
"43,8 : 0.4111"
"8,44 : 0.9348"
"44,8 : 0.9348"
"8,45 : 0.8633"
"45,8 : 0.8633"
"8,46 : 0.7963"
"46,8 : 0.7963"
"8,47 : 0.83"
"47,8 : 0.83"
"8,48 : 0.3581"
"48,8 : 0.3581"
"8,49 : 0.2802"
"49,8 : 0.2802"
"8,50 : 1.2702"
"50,8 : 1.2702"
"8,51 : 0.7826"
"51,8 : 0.7826"
"8,52 : 0.2886"
"52,8 : 0.2886"
"8,53 : 0.2693"
"53,8 : 0.2693"
"8,54 : 0.9638"
"54,8 : 0.9638"
"8,55 : 0.87"
"55,8 : 0.87"
"8,56 : 0.758"
"56,8 : 0.758"
"8,57 : 0.9813"
"57,8 : 0.9813"
"8,58 : 0.3401"
"58,8 : 0.3401"
"8,59 : 0.9862"
"59,8 : 0.9862"
"8,60 : 0.4518"
"60,8 : 0.4518"
"8,61 : 0.2022"
"61,8 : 0.2022"
"8,62 : 0.7826"
"62,8 : 0.7826"
"8,63 : 0.4589"
"63,8 : 0.4589"
"8,64 : 0.6"
"64,8 : 0.6"
"8,65 : 0.9079"
"65,8 : 0.9079"
"8,66 : 0.8945"
"66,8 : 0.8945"
"8,67 : 1.0988"
"67,8 : 1.0988"
"8,68 : 0.8841"
"68,8 : 0.8841"
"8,69 : 0.9198"
"69,8 : 0.9198"
"8,70 : 0.1921"
"70,8 : 0.1921"
"8,71 : 0.8713"
"71,8 : 0.8713"
"8,72 : 0.1746"
"72,8 : 0.1746"
"8,73 : 0.5334"
"73,8 : 0.5334"
"8,74 : 0.3191"
"74,8 : 0.3191"
"8,75 : 0.5334"
"75,8 : 0.5334"
"8,76 : 0.7033"
"76,8 : 0.7033"
"8,77 : 0.9884"
"77,8 : 0.9884"
"8,78 : 0.4205"
"78,8 : 0.4205"
"8,79 : 0.8659"
"79,8 : 0.8659"
"8,80 : 0.04"
"80,8 : 0.04"
"8,81 : 0.7325"
"81,8 : 0.7325"
"8,82 : 0.6946"
"82,8 : 0.6946"
"8,83 : 0.9502"
"83,8 : 0.9502"
"8,84 : 0.5192"
"84,8 : 0.5192"
"8,85 : 0.5504"
"85,8 : 0.5504"
"8,86 : 0.5111"
"86,8 : 0.5111"
"8,87 : 0.9364"
"87,8 : 0.9364"
"8,88 : 0.5921"
"88,8 : 0.5921"
"8,89 : 0.995"
"89,8 : 0.995"
"8,90 : 0.7918"
"90,8 : 0.7918"
"8,91 : 0.6831"
"91,8 : 0.6831"
"8,92 : 0.867"
"92,8 : 0.867"
"8,93 : 0.7779"
"93,8 : 0.7779"
"8,94 : 0.728"
"94,8 : 0.728"
"8,95 : 1.0782"
"95,8 : 1.0782"
"8,96 : 0.2687"
"96,8 : 0.2687"
"8,97 : 0.7841"
"97,8 : 0.7841"
"8,98 : 0.2195"
"98,8 : 0.2195"
"8,99 : 0.5235"
"99,8 : 0.5235"
"9,10 : 0.8786"
"10,9 : 0.8786"
"9,11 : 0.4429"
"11,9 : 0.4429"
"9,12 : 0.8709"
"12,9 : 0.8709"
"9,13 : 0.9849"
"13,9 : 0.9849"
"9,14 : 0.5822"
"14,9 : 0.5822"
"9,15 : 0.5515"
"15,9 : 0.5515"
"9,16 : 0.8302"
"16,9 : 0.8302"
"9,17 : 0.5004"
"17,9 : 0.5004"
"9,18 : 0.536"
"18,9 : 0.536"
"9,19 : 1.2659"
"19,9 : 1.2659"
"9,20 : 0.3225"
"20,9 : 0.3225"
"9,21 : 0.7433"
"21,9 : 0.7433"
"9,22 : 1.1481"
"22,9 : 1.1481"
"9,23 : 0.85"
"23,9 : 0.85"
"9,24 : 0.9319"
"24,9 : 0.9319"
"9,25 : 1.2333"
"25,9 : 1.2333"
"9,26 : 0.9166"
"26,9 : 0.9166"
"9,27 : 1.2051"
"27,9 : 1.2051"
"9,28 : 0.2059"
"28,9 : 0.2059"
"9,29 : 0.1105"
"29,9 : 0.1105"
"9,30 : 1.0754"
"30,9 : 1.0754"
"9,31 : 0.6013"
"31,9 : 0.6013"
"9,32 : 0.8488"
"32,9 : 0.8488"
"9,33 : 0.8516"
"33,9 : 0.8516"
"9,34 : 0.5882"
"34,9 : 0.5882"
"9,35 : 0.4884"
"35,9 : 0.4884"
"9,36 : 0.5597"
"36,9 : 0.5597"
"9,37 : 0.7589"
"37,9 : 0.7589"
"9,38 : 0.7301"
"38,9 : 0.7301"
"9,39 : 0.692"
"39,9 : 0.692"
"9,40 : 0.9381"
"40,9 : 0.9381"
"9,41 : 1.0062"
"41,9 : 1.0062"
"9,42 : 0.9348"
"42,9 : 0.9348"
"9,43 : 0.823"
"43,9 : 0.823"
"9,44 : 1.0653"
"44,9 : 1.0653"
"9,45 : 0.4919"
"45,9 : 0.4919"
"9,46 : 0.2702"
"46,9 : 0.2702"
"9,47 : 1.3454"
"47,9 : 1.3454"
"9,48 : 0.8682"
"48,9 : 0.8682"
"9,49 : 0.892"
"49,9 : 0.892"
"9,50 : 0.8905"
"50,9 : 0.8905"
"9,51 : 0.5161"
"51,9 : 0.5161"
"9,52 : 0.9937"
"52,9 : 0.9937"
"9,53 : 0.9868"
"53,9 : 0.9868"
"9,54 : 1.1483"
"54,9 : 1.1483"
"9,55 : 0.7654"
"55,9 : 0.7654"
"9,56 : 0.8746"
"56,9 : 0.8746"
"9,57 : 0.0283"
"57,9 : 0.0283"
"9,58 : 0.6648"
"58,9 : 0.6648"
"9,59 : 0.5894"
"59,9 : 0.5894"
"9,60 : 0.5609"
"60,9 : 0.5609"
"9,61 : 1.0069"
"61,9 : 1.0069"
"9,62 : 0.3114"
"62,9 : 0.3114"
"9,63 : 0.5728"
"63,9 : 0.5728"
"9,64 : 0.8439"
"64,9 : 0.8439"
"9,65 : 0.8635"
"65,9 : 0.8635"
"9,66 : 1.3228"
"66,9 : 1.3228"
"9,67 : 0.9425"
"67,9 : 0.9425"
"9,68 : 0.6798"
"68,9 : 0.6798"
"9,69 : 1.2637"
"69,9 : 1.2637"
"9,70 : 0.9071"
"70,9 : 0.9071"
"9,71 : 0.5903"
"71,9 : 0.5903"
"9,72 : 0.8373"
"72,9 : 0.8373"
"9,73 : 0.6381"
"73,9 : 0.6381"
"9,74 : 0.8969"
"74,9 : 0.8969"
"9,75 : 0.9021"
"75,9 : 0.9021"
"9,76 : 0.9407"
"76,9 : 0.9407"
"9,77 : 1.0977"
"77,9 : 1.0977"
"9,78 : 0.6685"
"78,9 : 0.6685"
"9,79 : 1.2051"
"79,9 : 1.2051"
"9,80 : 0.9625"
"80,9 : 0.9625"
"9,81 : 1.2343"
"81,9 : 1.2343"
"9,82 : 1.1933"
"82,9 : 1.1933"
"9,83 : 0.0707"
"83,9 : 0.0707"
"9,84 : 0.5423"
"84,9 : 0.5423"
"9,85 : 0.4528"
"85,9 : 0.4528"
"9,86 : 0.65"
"86,9 : 0.65"
"9,87 : 0.408"
"87,9 : 0.408"
"9,88 : 0.4105"
"88,9 : 0.4105"
"9,89 : 0.0316"
"89,9 : 0.0316"
"9,90 : 0.9949"
"90,9 : 0.9949"
"9,91 : 1.0689"
"91,9 : 1.0689"
"9,92 : 1.2872"
"92,9 : 1.2872"
"9,93 : 0.7521"
"93,9 : 0.7521"
"9,94 : 0.858"
"94,9 : 0.858"
"9,95 : 0.5822"
"95,9 : 0.5822"
"9,96 : 0.8507"
"96,9 : 0.8507"
"9,97 : 0.2663"
"97,9 : 0.2663"
"9,98 : 0.9272"
"98,9 : 0.9272"
"9,99 : 1.1098"
"99,9 : 1.1098"
"10,11 : 0.4885"
"11,10 : 0.4885"
"10,12 : 0.2202"
"12,10 : 0.2202"
"10,13 : 0.5814"
"13,10 : 0.5814"
"10,14 : 0.61"
"14,10 : 0.61"
"10,15 : 0.4554"
"15,10 : 0.4554"
"10,16 : 0.5818"
"16,10 : 0.5818"
"10,17 : 0.5824"
"17,10 : 0.5824"
"10,18 : 0.3471"
"18,10 : 0.3471"
"10,19 : 0.3966"
"19,10 : 0.3966"
"10,20 : 0.6381"
"20,10 : 0.6381"
"10,21 : 0.6113"
"21,10 : 0.6113"
"10,22 : 0.2773"
"22,10 : 0.2773"
"10,23 : 0.0728"
"23,10 : 0.0728"
"10,24 : 0.5859"
"24,10 : 0.5859"
"10,25 : 0.3547"
"25,10 : 0.3547"
"10,26 : 0.6414"
"26,10 : 0.6414"
"10,27 : 0.3547"
"27,10 : 0.3547"
"10,28 : 0.6882"
"28,10 : 0.6882"
"10,29 : 0.8021"
"29,10 : 0.8021"
"10,30 : 0.4751"
"30,10 : 0.4751"
"10,31 : 0.6203"
"31,10 : 0.6203"
"10,32 : 0.2163"
"32,10 : 0.2163"
"10,33 : 0.3848"
"33,10 : 0.3848"
"10,34 : 0.3"
"34,10 : 0.3"
"10,35 : 0.3966"
"35,10 : 0.3966"
"10,36 : 0.3189"
"36,10 : 0.3189"
"10,37 : 0.3453"
"37,10 : 0.3453"
"10,38 : 0.1655"
"38,10 : 0.1655"
"10,39 : 0.2419"
"39,10 : 0.2419"
"10,40 : 0.278"
"40,10 : 0.278"
"10,41 : 0.2729"
"41,10 : 0.2729"
"10,42 : 0.1208"
"42,10 : 0.1208"
"10,43 : 0.3176"
"43,10 : 0.3176"
"10,44 : 0.2402"
"44,10 : 0.2402"
"10,45 : 0.4219"
"45,10 : 0.4219"
"10,46 : 0.614"
"46,10 : 0.614"
"10,47 : 0.4837"
"47,10 : 0.4837"
"10,48 : 0.3662"
"48,10 : 0.3662"
"10,49 : 0.4441"
"49,10 : 0.4441"
"10,50 : 0.5962"
"50,10 : 0.5962"
"10,51 : 0.3688"
"51,10 : 0.3688"
"10,52 : 0.4675"
"52,10 : 0.4675"
"10,53 : 0.481"
"53,10 : 0.481"
"10,54 : 0.3041"
"54,10 : 0.3041"
"10,55 : 0.2102"
"55,10 : 0.2102"
"10,56 : 0.0361"
"56,10 : 0.0361"
"10,57 : 0.8504"
"57,10 : 0.8504"
"10,58 : 0.5855"
"58,10 : 0.5855"
"10,59 : 0.4393"
"59,10 : 0.4393"
"10,60 : 0.5508"
"60,10 : 0.5508"
"10,61 : 0.5515"
"61,10 : 0.5515"
"10,62 : 0.5701"
"62,10 : 0.5701"
"10,63 : 0.5009"
"63,10 : 0.5009"
"10,64 : 0.1253"
"64,10 : 0.1253"
"10,65 : 0.1972"
"65,10 : 0.1972"
"10,66 : 0.446"
"66,10 : 0.446"
"10,67 : 0.3842"
"67,10 : 0.3842"
"10,68 : 0.2844"
"68,10 : 0.2844"
"10,69 : 0.386"
"69,10 : 0.386"
"10,70 : 0.5325"
"70,10 : 0.5325"
"10,71 : 0.3454"
"71,10 : 0.3454"
"10,72 : 0.6042"
"72,10 : 0.6042"
"10,73 : 0.3225"
"73,10 : 0.3225"
"10,74 : 0.4061"
"74,10 : 0.4061"
"10,75 : 0.1985"
"75,10 : 0.1985"
"10,76 : 0.0728"
"76,10 : 0.0728"
"10,77 : 0.2915"
"77,10 : 0.2915"
"10,78 : 0.4119"
"78,10 : 0.4119"
"10,79 : 0.3265"
"79,10 : 0.3265"
"10,80 : 0.7018"
"80,10 : 0.7018"
"10,81 : 0.3863"
"81,10 : 0.3863"
"10,82 : 0.3544"
"82,10 : 0.3544"
"10,83 : 0.8081"
"83,10 : 0.8081"
"10,84 : 0.4571"
"84,10 : 0.4571"
"10,85 : 0.6237"
"85,10 : 0.6237"
"10,86 : 0.3306"
"86,10 : 0.3306"
"10,87 : 0.5334"
"87,10 : 0.5334"
"10,88 : 0.6622"
"88,10 : 0.6622"
"10,89 : 0.895"
"89,10 : 0.895"
"10,90 : 0.1208"
"90,10 : 0.1208"
"10,91 : 0.2184"
"91,10 : 0.2184"
"10,92 : 0.4111"
"92,10 : 0.4111"
"10,93 : 0.1487"
"93,10 : 0.1487"
"10,94 : 0.0224"
"94,10 : 0.0224"
"10,95 : 0.536"
"95,10 : 0.536"
"10,96 : 0.4614"
"96,10 : 0.4614"
"10,97 : 0.6243"
"97,10 : 0.6243"
"10,98 : 0.5061"
"98,10 : 0.5061"
"10,99 : 0.3667"
"99,10 : 0.3667"
"11,12 : 0.4328"
"12,11 : 0.4328"
"11,13 : 0.5701"
"13,11 : 0.5701"
"11,14 : 0.2484"
"14,11 : 0.2484"
"11,15 : 0.12"
"15,11 : 0.12"
"11,16 : 0.4374"
"16,11 : 0.4374"
"11,17 : 0.4701"
"17,11 : 0.4701"
"11,18 : 0.2309"
"18,11 : 0.2309"
"11,19 : 0.8481"
"19,11 : 0.8481"
"11,20 : 0.3669"
"20,11 : 0.3669"
"11,21 : 0.377"
"21,11 : 0.377"
"11,22 : 0.7656"
"22,11 : 0.7656"
"11,23 : 0.4851"
"23,11 : 0.4851"
"11,24 : 0.792"
"24,11 : 0.792"
"11,25 : 0.8335"
"25,11 : 0.8335"
"11,26 : 0.5295"
"26,11 : 0.5295"
"11,27 : 0.779"
"27,11 : 0.779"
"11,28 : 0.2371"
"28,11 : 0.2371"
"11,29 : 0.3441"
"29,11 : 0.3441"
"11,30 : 0.6357"
"30,11 : 0.6357"
"11,31 : 0.2702"
"31,11 : 0.2702"
"11,32 : 0.4111"
"32,11 : 0.4111"
"11,33 : 0.6306"
"33,11 : 0.6306"
"11,34 : 0.2746"
"34,11 : 0.2746"
"11,35 : 0.1237"
"35,11 : 0.1237"
"11,36 : 0.211"
"36,11 : 0.211"
"11,37 : 0.5316"
"37,11 : 0.5316"
"11,38 : 0.3821"
"38,11 : 0.3821"
"11,39 : 0.264"
"39,11 : 0.264"
"11,40 : 0.4965"
"40,11 : 0.4965"
"11,41 : 0.6926"
"41,11 : 0.6926"
"11,42 : 0.5772"
"42,11 : 0.5772"
"11,43 : 0.3801"
"43,11 : 0.3801"
"11,44 : 0.7131"
"44,11 : 0.7131"
"11,45 : 0.286"
"45,11 : 0.286"
"11,46 : 0.1844"
"46,11 : 0.1844"
"11,47 : 0.921"
"47,11 : 0.921"
"11,48 : 0.4272"
"48,11 : 0.4272"
"11,49 : 0.4589"
"49,11 : 0.4589"
"11,50 : 0.7694"
"50,11 : 0.7694"
"11,51 : 0.2285"
"51,11 : 0.2285"
"11,52 : 0.5579"
"52,11 : 0.5579"
"11,53 : 0.5532"
"53,11 : 0.5532"
"11,54 : 0.7875"
"54,11 : 0.7875"
"11,55 : 0.4604"
"55,11 : 0.4604"
"11,56 : 0.4965"
"56,11 : 0.4965"
"11,57 : 0.4159"
"57,11 : 0.4159"
"11,58 : 0.2997"
"58,11 : 0.2997"
"11,59 : 0.4327"
"59,11 : 0.4327"
"11,60 : 0.1887"
"60,11 : 0.1887"
"11,61 : 0.5831"
"61,11 : 0.5831"
"11,62 : 0.16"
"62,11 : 0.16"
"11,63 : 0.1676"
"63,11 : 0.1676"
"11,64 : 0.422"
"64,11 : 0.422"
"11,65 : 0.5504"
"65,11 : 0.5504"
"11,66 : 0.9126"
"66,11 : 0.9126"
"11,67 : 0.6987"
"67,11 : 0.6987"
"11,68 : 0.41"
"68,11 : 0.41"
"11,69 : 0.8683"
"69,11 : 0.8683"
"11,70 : 0.4901"
"70,11 : 0.4901"
"11,71 : 0.3454"
"71,11 : 0.3454"
"11,72 : 0.4512"
"72,11 : 0.4512"
"11,73 : 0.1985"
"73,11 : 0.1985"
"11,74 : 0.4588"
"74,11 : 0.4588"
"11,75 : 0.4669"
"75,11 : 0.4669"
"11,76 : 0.5371"
"76,11 : 0.5371"
"11,77 : 0.7571"
"77,11 : 0.7571"
"11,78 : 0.2335"
"78,11 : 0.2335"
"11,79 : 0.8062"
"79,11 : 0.8062"
"11,80 : 0.5869"
"80,11 : 0.5869"
"11,81 : 0.8066"
"81,11 : 0.8066"
"11,82 : 0.7638"
"82,11 : 0.7638"
"11,83 : 0.3758"
"83,11 : 0.3758"
"11,84 : 0.11"
"84,11 : 0.11"
"11,85 : 0.1709"
"85,11 : 0.1709"
"11,86 : 0.2081"
"86,11 : 0.2081"
"11,87 : 0.3245"
"87,11 : 0.3245"
"11,88 : 0.191"
"88,11 : 0.191"
"11,89 : 0.4494"
"89,11 : 0.4494"
"11,90 : 0.6093"
"90,11 : 0.6093"
"11,91 : 0.6482"
"91,11 : 0.6482"
"11,92 : 0.8766"
"92,11 : 0.8766"
"11,93 : 0.4031"
"93,11 : 0.4031"
"11,94 : 0.4717"
"94,11 : 0.4717"
"11,95 : 0.5025"
"95,11 : 0.5025"
"11,96 : 0.423"
"96,11 : 0.423"
"11,97 : 0.1803"
"97,11 : 0.1803"
"11,98 : 0.5025"
"98,11 : 0.5025"
"11,99 : 0.6685"
"99,11 : 0.6685"
"12,13 : 0.3612"
"13,12 : 0.3612"
"12,14 : 0.4617"
"14,12 : 0.4617"
"12,15 : 0.35"
"15,12 : 0.35"
"12,16 : 0.3736"
"16,12 : 0.3736"
"12,17 : 0.7001"
"17,12 : 0.7001"
"12,18 : 0.4045"
"18,12 : 0.4045"
"12,19 : 0.4338"
"19,12 : 0.4338"
"12,20 : 0.7009"
"20,12 : 0.7009"
"12,21 : 0.4205"
"21,12 : 0.4205"
"12,22 : 0.4205"
"22,12 : 0.4205"
"12,23 : 0.2832"
"23,12 : 0.2832"
"12,24 : 0.7932"
"24,12 : 0.7932"
"12,25 : 0.4491"
"25,12 : 0.4491"
"12,26 : 0.4249"
"26,12 : 0.4249"
"12,27 : 0.3551"
"27,12 : 0.3551"
"12,28 : 0.6661"
"28,12 : 0.6661"
"12,29 : 0.7762"
"29,12 : 0.7762"
"12,30 : 0.2789"
"30,12 : 0.2789"
"12,31 : 0.4657"
"31,12 : 0.4657"
"12,32 : 0.0224"
"32,12 : 0.0224"
"12,33 : 0.5908"
"33,12 : 0.5908"
"12,34 : 0.3801"
"34,12 : 0.3801"
"12,35 : 0.394"
"35,12 : 0.394"
"12,36 : 0.3569"
"36,12 : 0.3569"
"12,37 : 0.5323"
"37,12 : 0.5323"
"12,38 : 0.3068"
"38,12 : 0.3068"
"12,39 : 0.1838"
"39,12 : 0.1838"
"12,40 : 0.08"
"40,12 : 0.08"
"12,41 : 0.4909"
"41,12 : 0.4909"
"12,42 : 0.3384"
"42,12 : 0.3384"
"12,43 : 0.1105"
"43,12 : 0.1105"
"12,44 : 0.4366"
"44,12 : 0.4366"
"12,45 : 0.5025"
"45,12 : 0.5025"
"12,46 : 0.6021"
"46,12 : 0.6021"
"12,47 : 0.4965"
"47,12 : 0.4965"
"12,48 : 0.1476"
"48,12 : 0.1476"
"12,49 : 0.2247"
"49,12 : 0.2247"
"12,50 : 0.7976"
"50,12 : 0.7976"
"12,51 : 0.4258"
"51,12 : 0.4258"
"12,52 : 0.2524"
"52,12 : 0.2524"
"12,53 : 0.264"
"53,12 : 0.264"
"12,54 : 0.4785"
"54,12 : 0.4785"
"12,55 : 0.3936"
"55,12 : 0.3936"
"12,56 : 0.255"
"56,12 : 0.255"
"12,57 : 0.8431"
"57,12 : 0.8431"
"12,58 : 0.4144"
"58,12 : 0.4144"
"12,59 : 0.5756"
"59,12 : 0.5756"
"12,60 : 0.4163"
"60,12 : 0.4163"
"12,61 : 0.333"
"61,12 : 0.333"
"12,62 : 0.5644"
"62,12 : 0.5644"
"12,63 : 0.3712"
"63,12 : 0.3712"
"12,64 : 0.1"
"64,12 : 0.1"
"12,65 : 0.4111"
"65,12 : 0.4111"
"12,66 : 0.507"
"66,12 : 0.507"
"12,67 : 0.6014"
"67,12 : 0.6014"
"12,68 : 0.4368"
"68,12 : 0.4368"
"12,69 : 0.4884"
"69,12 : 0.4884"
"12,70 : 0.3138"
"70,12 : 0.3138"
"12,71 : 0.4617"
"71,12 : 0.4617"
"12,72 : 0.3956"
"72,12 : 0.3956"
"12,73 : 0.2343"
"73,12 : 0.2343"
"12,74 : 0.186"
"74,12 : 0.186"
"12,75 : 0.0412"
"75,12 : 0.0412"
"12,76 : 0.2025"
"76,12 : 0.2025"
"12,77 : 0.4904"
"77,12 : 0.4904"
"12,78 : 0.26"
"78,12 : 0.26"
"12,79 : 0.4258"
"79,12 : 0.4258"
"12,80 : 0.4837"
"80,12 : 0.4837"
"12,81 : 0.3801"
"81,12 : 0.3801"
"12,82 : 0.336"
"82,12 : 0.336"
"12,83 : 0.8016"
"83,12 : 0.8016"
"12,84 : 0.3561"
"84,12 : 0.3561"
"12,85 : 0.5162"
"85,12 : 0.5162"
"12,86 : 0.2263"
"86,12 : 0.2263"
"12,87 : 0.6083"
"87,12 : 0.6083"
"12,88 : 0.563"
"88,12 : 0.563"
"12,89 : 0.8801"
"89,12 : 0.8801"
"12,90 : 0.2941"
"90,12 : 0.2941"
"12,91 : 0.2404"
"91,12 : 0.2404"
"12,92 : 0.4717"
"92,12 : 0.4717"
"12,93 : 0.3046"
"93,12 : 0.3046"
"12,94 : 0.2263"
"94,12 : 0.2263"
"12,95 : 0.676"
"95,12 : 0.676"
"12,96 : 0.247"
"96,12 : 0.247"
"12,97 : 0.6046"
"97,12 : 0.6046"
"12,98 : 0.286"
"98,12 : 0.286"
"12,99 : 0.2417"
"99,12 : 0.2417"
"13,14 : 0.4163"
"14,13 : 0.4163"
"13,15 : 0.4501"
"15,13 : 0.4501"
"13,16 : 0.1664"
"16,13 : 0.1664"
"13,17 : 0.9808"
"17,13 : 0.9808"
"13,18 : 0.6736"
"18,13 : 0.6736"
"13,19 : 0.6619"
"19,13 : 0.6619"
"13,20 : 0.9254"
"20,13 : 0.9254"
"13,21 : 0.2663"
"21,13 : 0.2663"
"13,22 : 0.7374"
"22,13 : 0.7374"
"13,23 : 0.6435"
