x,y
0.65,0.45
0.43,0.8
0.81,0.2
0.14,0.44
0.46,0.18
0.35,0.67
0.42,0.18
0.04,0.09
0.82,0.81
0.64,0.84
0.6,0.43
0.39,0.38
0.74,0.22
0.75,0.52
0.59,0.42
0.18,0.82
0.41,0.5
0.04,0.11
0.41,0.41
0.17,0.75
0.65,0.0
0.0,0.81
0.73,0.73
0.68,0.25
0.32,0.01
0.67,0.61
0.37,0.67
0.86,0.41
0.66,0.75
0.67,0.96
0.03,0.25
0.44,0.83
0.91,0.66
0.16,0.53
0.82,0.64
0.19,0.98
0.01,0.77
0.78,0.89
0.82,0.76
0.1,0.39
0.25,0.09
0.18,0.2
0.34,0.74
0.4,0.3
0.8,0.87
0.55,0.24
0.9,0.24
0.09,0.32
0.11,0.53
0.34,0.2
0.65,0.05
0.39,0.17
0.05,0.19
0.32,0.49
0.17,0.91
0.95,0.47
0.65,0.36
0.67,0.16
0.07,0.7
0.64,0.56
0.24,0.99
0.0,0.89
0.96,0.77
0.19,0.35
0.63,0.22
0.33,0.83
0.83,0.51
0.63,0.72
0.39,0.03
0.22,0.21
0.86,0.83
0.91,0.67
0.97,0.51
0.26,0.46
0.12,0.09
0.94,0.31
0.04,0.2
0.33,0.94
0.83,0.42
0.05,0.19
0.28,0.46
0.99,0.11
0.45,0.97
0.57,0.96
0.46,0.51
0.76,0.08
0.19,0.18
0.7,0.25
0.34,0.44
0.43,0.35
0.2,0.28
0.52,0.91
0.97,0.6
0.79,0.89
0.28,0.97
0.57,0.28
0.41,0.62
0.35,0.23
0.48,0.51
0.41,0.78

Distanze
"0,1 : 0.4134"
"1,0 : 0.4134"
"0,2 : 0.2968"
"2,0 : 0.2968"
"0,3 : 0.5101"
"3,0 : 0.5101"
"0,4 : 0.3302"
"4,0 : 0.3302"
"0,5 : 0.372"
"5,0 : 0.372"
"0,6 : 0.3547"
"6,0 : 0.3547"
"0,7 : 0.7083"
"7,0 : 0.7083"
"0,8 : 0.3981"
"8,0 : 0.3981"
"0,9 : 0.3901"
"9,0 : 0.3901"
"0,10 : 0.0539"
"10,0 : 0.0539"
"0,11 : 0.2693"
"11,0 : 0.2693"
"0,12 : 0.247"
"12,0 : 0.247"
"0,13 : 0.1221"
"13,0 : 0.1221"
"0,14 : 0.0671"
"14,0 : 0.0671"
"0,15 : 0.5982"
"15,0 : 0.5982"
"0,16 : 0.2452"
"16,0 : 0.2452"
"0,17 : 0.6984"
"17,0 : 0.6984"
"0,18 : 0.2433"
"18,0 : 0.2433"
"0,19 : 0.566"
"19,0 : 0.566"
"0,20 : 0.45"
"20,0 : 0.45"
"0,21 : 0.743"
"21,0 : 0.743"
"0,22 : 0.2912"
"22,0 : 0.2912"
"0,23 : 0.2022"
"23,0 : 0.2022"
"0,24 : 0.55"
"24,0 : 0.55"
"0,25 : 0.1612"
"25,0 : 0.1612"
"0,26 : 0.3561"
"26,0 : 0.3561"
"0,27 : 0.2138"
"27,0 : 0.2138"
"0,28 : 0.3002"
"28,0 : 0.3002"
"0,29 : 0.5104"
"29,0 : 0.5104"
"0,30 : 0.6515"
"30,0 : 0.6515"
"0,31 : 0.4342"
"31,0 : 0.4342"
"0,32 : 0.3342"
"32,0 : 0.3342"
"0,33 : 0.4965"
"33,0 : 0.4965"
"0,34 : 0.255"
"34,0 : 0.255"
"0,35 : 0.7018"
"35,0 : 0.7018"
"0,36 : 0.7155"
"36,0 : 0.7155"
"0,37 : 0.4588"
"37,0 : 0.4588"
"0,38 : 0.3536"
"38,0 : 0.3536"
"0,39 : 0.5533"
"39,0 : 0.5533"
"0,40 : 0.5381"
"40,0 : 0.5381"
"0,41 : 0.5324"
"41,0 : 0.5324"
"0,42 : 0.4245"
"42,0 : 0.4245"
"0,43 : 0.2915"
"43,0 : 0.2915"
"0,44 : 0.446"
"44,0 : 0.446"
"0,45 : 0.2326"
"45,0 : 0.2326"
"0,46 : 0.3265"
"46,0 : 0.3265"
"0,47 : 0.5749"
"47,0 : 0.5749"
"0,48 : 0.5459"
"48,0 : 0.5459"
"0,49 : 0.3982"
"49,0 : 0.3982"
"0,50 : 0.4"
"50,0 : 0.4"
"0,51 : 0.3821"
"51,0 : 0.3821"
"0,52 : 0.6539"
"52,0 : 0.6539"
"0,53 : 0.3324"
"53,0 : 0.3324"
"0,54 : 0.6648"
"54,0 : 0.6648"
"0,55 : 0.3007"
"55,0 : 0.3007"
"0,56 : 0.09"
"56,0 : 0.09"
"0,57 : 0.2907"
"57,0 : 0.2907"
"0,58 : 0.6316"
"58,0 : 0.6316"
"0,59 : 0.1105"
"59,0 : 0.1105"
"0,60 : 0.678"
"60,0 : 0.678"
"0,61 : 0.7849"
"61,0 : 0.7849"
"0,62 : 0.4455"
"62,0 : 0.4455"
"0,63 : 0.4707"
"63,0 : 0.4707"
"0,64 : 0.2309"
"64,0 : 0.2309"
"0,65 : 0.4968"
"65,0 : 0.4968"
"0,66 : 0.1897"
"66,0 : 0.1897"
"0,67 : 0.2707"
"67,0 : 0.2707"
"0,68 : 0.494"
"68,0 : 0.494"
"0,69 : 0.4924"
"69,0 : 0.4924"
"0,70 : 0.4342"
"70,0 : 0.4342"
"0,71 : 0.3406"
"71,0 : 0.3406"
"0,72 : 0.3256"
"72,0 : 0.3256"
"0,73 : 0.3901"
"73,0 : 0.3901"
"0,74 : 0.6407"
"74,0 : 0.6407"
"0,75 : 0.322"
"75,0 : 0.322"
"0,76 : 0.6592"
"76,0 : 0.6592"
"0,77 : 0.5852"
"77,0 : 0.5852"
"0,78 : 0.1825"
"78,0 : 0.1825"
"0,79 : 0.6539"
"79,0 : 0.6539"
"0,80 : 0.3701"
"80,0 : 0.3701"
"0,81 : 0.4808"
"81,0 : 0.4808"
"0,82 : 0.5571"
"82,0 : 0.5571"
"0,83 : 0.5162"
"83,0 : 0.5162"
"0,84 : 0.1992"
"84,0 : 0.1992"
"0,85 : 0.386"
"85,0 : 0.386"
"0,86 : 0.5334"
"86,0 : 0.5334"
"0,87 : 0.2062"
"87,0 : 0.2062"
"0,88 : 0.3102"
"88,0 : 0.3102"
"0,89 : 0.2417"
"89,0 : 0.2417"
"0,90 : 0.481"
"90,0 : 0.481"
"0,91 : 0.478"
"91,0 : 0.478"
"0,92 : 0.3534"
"92,0 : 0.3534"
"0,93 : 0.4617"
"93,0 : 0.4617"
"0,94 : 0.6382"
"94,0 : 0.6382"
"0,95 : 0.1879"
"95,0 : 0.1879"
"0,96 : 0.2941"
"96,0 : 0.2941"
"0,97 : 0.372"
"97,0 : 0.372"
"0,98 : 0.1803"
"98,0 : 0.1803"
"0,99 : 0.408"
"99,0 : 0.408"
"1,2 : 0.7102"
"2,1 : 0.7102"
"1,3 : 0.4623"
"3,1 : 0.4623"
"1,4 : 0.6207"
"4,1 : 0.6207"
"1,5 : 0.1526"
"5,1 : 0.1526"
"1,6 : 0.6201"
"6,1 : 0.6201"
"1,7 : 0.8101"
"7,1 : 0.8101"
"1,8 : 0.3901"
"8,1 : 0.3901"
"1,9 : 0.2138"
"9,1 : 0.2138"
"1,10 : 0.4072"
"10,1 : 0.4072"
"1,11 : 0.4219"
"11,1 : 0.4219"
"1,12 : 0.6576"
"12,1 : 0.6576"
"1,13 : 0.4252"
"13,1 : 0.4252"
"1,14 : 0.4123"
"14,1 : 0.4123"
"1,15 : 0.2508"
"15,1 : 0.2508"
"1,16 : 0.3007"
"16,1 : 0.3007"
"1,17 : 0.7926"
"17,1 : 0.7926"
"1,18 : 0.3905"
"18,1 : 0.3905"
"1,19 : 0.2648"
"19,1 : 0.2648"
"1,20 : 0.8297"
"20,1 : 0.8297"
"1,21 : 0.4301"
"21,1 : 0.4301"
"1,22 : 0.3081"
"22,1 : 0.3081"
"1,23 : 0.6042"
"23,1 : 0.6042"
"1,24 : 0.7976"
"24,1 : 0.7976"
"1,25 : 0.3061"
"25,1 : 0.3061"
"1,26 : 0.1432"
"26,1 : 0.1432"
"1,27 : 0.5805"
"27,1 : 0.5805"
"1,28 : 0.2354"
"28,1 : 0.2354"
"1,29 : 0.2884"
"29,1 : 0.2884"
"1,30 : 0.6801"
"30,1 : 0.6801"
"1,31 : 0.0316"
"31,1 : 0.0316"
"1,32 : 0.5"
"32,1 : 0.5"
"1,33 : 0.3818"
"33,1 : 0.3818"
"1,34 : 0.4215"
"34,1 : 0.4215"
"1,35 : 0.3"
"35,1 : 0.3"
"1,36 : 0.4211"
"36,1 : 0.4211"
"1,37 : 0.3614"
"37,1 : 0.3614"
"1,38 : 0.392"
"38,1 : 0.392"
"1,39 : 0.5263"
"39,1 : 0.5263"
"1,40 : 0.7325"
"40,1 : 0.7325"
"1,41 : 0.65"
"41,1 : 0.65"
"1,42 : 0.1082"
"42,1 : 0.1082"
"1,43 : 0.5009"
"43,1 : 0.5009"
"1,44 : 0.3766"
"44,1 : 0.3766"
"1,45 : 0.5727"
"45,1 : 0.5727"
"1,46 : 0.7311"
"46,1 : 0.7311"
"1,47 : 0.5882"
"47,1 : 0.5882"
"1,48 : 0.4187"
"48,1 : 0.4187"
"1,49 : 0.6067"
"49,1 : 0.6067"
"1,50 : 0.7816"
"50,1 : 0.7816"
"1,51 : 0.6313"
"51,1 : 0.6313"
"1,52 : 0.7187"
"52,1 : 0.7187"
"1,53 : 0.3289"
"53,1 : 0.3289"
"1,54 : 0.2823"
"54,1 : 0.2823"
"1,55 : 0.6159"
"55,1 : 0.6159"
"1,56 : 0.4919"
"56,1 : 0.4919"
"1,57 : 0.6835"
"57,1 : 0.6835"
"1,58 : 0.3736"
"58,1 : 0.3736"
"1,59 : 0.3189"
"59,1 : 0.3189"
"1,60 : 0.2687"
"60,1 : 0.2687"
"1,61 : 0.4393"
"61,1 : 0.4393"
"1,62 : 0.5308"
"62,1 : 0.5308"
"1,63 : 0.51"
"63,1 : 0.51"
"1,64 : 0.6135"
"64,1 : 0.6135"
"1,65 : 0.1044"
"65,1 : 0.1044"
"1,66 : 0.4941"
"66,1 : 0.4941"
"1,67 : 0.2154"
"67,1 : 0.2154"
"1,68 : 0.771"
"68,1 : 0.771"
"1,69 : 0.6263"
"69,1 : 0.6263"
"1,70 : 0.431"
"70,1 : 0.431"
"1,71 : 0.4973"
"71,1 : 0.4973"
"1,72 : 0.6129"
"72,1 : 0.6129"
"1,73 : 0.3801"
"73,1 : 0.3801"
"1,74 : 0.7747"
"74,1 : 0.7747"
"1,75 : 0.7072"
"75,1 : 0.7072"
"1,76 : 0.7156"
"76,1 : 0.7156"
"1,77 : 0.172"
"77,1 : 0.172"
"1,78 : 0.5517"
"78,1 : 0.5517"
"1,79 : 0.7187"
"79,1 : 0.7187"
"1,80 : 0.3716"
"80,1 : 0.3716"
"1,81 : 0.8887"
"81,1 : 0.8887"
"1,82 : 0.1712"
"82,1 : 0.1712"
"1,83 : 0.2126"
"83,1 : 0.2126"
"1,84 : 0.2915"
"84,1 : 0.2915"
"1,85 : 0.792"
"85,1 : 0.792"
"1,86 : 0.6648"
"86,1 : 0.6648"
"1,87 : 0.6127"
"87,1 : 0.6127"
"1,88 : 0.3711"
"88,1 : 0.3711"
"1,89 : 0.45"
"89,1 : 0.45"
"1,90 : 0.5686"
"90,1 : 0.5686"
"1,91 : 0.1421"
"91,1 : 0.1421"
"1,92 : 0.5758"
"92,1 : 0.5758"
"1,93 : 0.3711"
"93,1 : 0.3711"
"1,94 : 0.2267"
"94,1 : 0.2267"
"1,95 : 0.5385"
"95,1 : 0.5385"
"1,96 : 0.1811"
"96,1 : 0.1811"
"1,97 : 0.5756"
"97,1 : 0.5756"
"1,98 : 0.2943"
"98,1 : 0.2943"
"1,99 : 0.0283"
"99,1 : 0.0283"
"2,3 : 0.7117"
"3,2 : 0.7117"
"2,4 : 0.3506"
"4,2 : 0.3506"
"2,5 : 0.6576"
"5,2 : 0.6576"
"2,6 : 0.3905"
"6,2 : 0.3905"
"2,7 : 0.7778"
"7,2 : 0.7778"
"2,8 : 0.6101"
"8,2 : 0.6101"
"2,9 : 0.6622"
"9,2 : 0.6622"
"2,10 : 0.3114"
"10,2 : 0.3114"
"2,11 : 0.4569"
"11,2 : 0.4569"
"2,12 : 0.0728"
"12,2 : 0.0728"
"2,13 : 0.3256"
"13,2 : 0.3256"
"2,14 : 0.3111"
"14,2 : 0.3111"
"2,15 : 0.8839"
"15,2 : 0.8839"
"2,16 : 0.5"
"16,2 : 0.5"
"2,17 : 0.7752"
"17,2 : 0.7752"
"2,18 : 0.4518"
"18,2 : 0.4518"
"2,19 : 0.8439"
"19,2 : 0.8439"
"2,20 : 0.2561"
"20,2 : 0.2561"
"2,21 : 1.014"
"21,2 : 1.014"
"2,22 : 0.536"
"22,2 : 0.536"
"2,23 : 0.1393"
"23,2 : 0.1393"
"2,24 : 0.5255"
"24,2 : 0.5255"
"2,25 : 0.4332"
"25,2 : 0.4332"
"2,26 : 0.6438"
"26,2 : 0.6438"
"2,27 : 0.2159"
"27,2 : 0.2159"
"2,28 : 0.5701"
"28,2 : 0.5701"
"2,29 : 0.7728"
"29,2 : 0.7728"
"2,30 : 0.7816"
"30,2 : 0.7816"
"2,31 : 0.7306"
"31,2 : 0.7306"
"2,32 : 0.4707"
"32,2 : 0.4707"
"2,33 : 0.729"
"33,2 : 0.729"
"2,34 : 0.4401"
"34,2 : 0.4401"
"2,35 : 0.9964"
"35,2 : 0.9964"
"2,36 : 0.9823"
"36,2 : 0.9823"
"2,37 : 0.6907"
"37,2 : 0.6907"
"2,38 : 0.5601"
"38,2 : 0.5601"
"2,39 : 0.735"
"39,2 : 0.735"
"2,40 : 0.5707"
"40,2 : 0.5707"
"2,41 : 0.63"
"41,2 : 0.63"
"2,42 : 0.7159"
"42,2 : 0.7159"
"2,43 : 0.422"
"43,2 : 0.422"
"2,44 : 0.6701"
"44,2 : 0.6701"
"2,45 : 0.2631"
"45,2 : 0.2631"
"2,46 : 0.0985"
"46,2 : 0.0985"
"2,47 : 0.7299"
"47,2 : 0.7299"
"2,48 : 0.7739"
"48,2 : 0.7739"
"2,49 : 0.47"
"49,2 : 0.47"
"2,50 : 0.2193"
"50,2 : 0.2193"
"2,51 : 0.4211"
"51,2 : 0.4211"
"2,52 : 0.7601"
"52,2 : 0.7601"
"2,53 : 0.5694"
"53,2 : 0.5694"
"2,54 : 0.9559"
"54,2 : 0.9559"
"2,55 : 0.3041"
"55,2 : 0.3041"
"2,56 : 0.2263"
"56,2 : 0.2263"
"2,57 : 0.1456"
"57,2 : 0.1456"
"2,58 : 0.8931"
"58,2 : 0.8931"
"2,59 : 0.3981"
"59,2 : 0.3981"
"2,60 : 0.9742"
"60,2 : 0.9742"
"2,61 : 1.064"
"61,2 : 1.064"
"2,62 : 0.5894"
"62,2 : 0.5894"
"2,63 : 0.6379"
"63,2 : 0.6379"
"2,64 : 0.1811"
"64,2 : 0.1811"
"2,65 : 0.792"
"65,2 : 0.792"
"2,66 : 0.3106"
"66,2 : 0.3106"
"2,67 : 0.5503"
"67,2 : 0.5503"
"2,68 : 0.4531"
"68,2 : 0.4531"
"2,69 : 0.5901"
"69,2 : 0.5901"
"2,70 : 0.632"
"70,2 : 0.632"
"2,71 : 0.4805"
"71,2 : 0.4805"
"2,72 : 0.3489"
"72,2 : 0.3489"
"2,73 : 0.6084"
"73,2 : 0.6084"
"2,74 : 0.6987"
"74,2 : 0.6987"
"2,75 : 0.1703"
"75,2 : 0.1703"
"2,76 : 0.77"
"76,2 : 0.77"
"2,77 : 0.882"
"77,2 : 0.882"
"2,78 : 0.2209"
"78,2 : 0.2209"
"2,79 : 0.7601"
"79,2 : 0.7601"
"2,80 : 0.5903"
"80,2 : 0.5903"
"2,81 : 0.2012"
"81,2 : 0.2012"
"2,82 : 0.85"
"82,2 : 0.85"
"2,83 : 0.797"
"83,2 : 0.797"
"2,84 : 0.4675"
"84,2 : 0.4675"
"2,85 : 0.13"
"85,2 : 0.13"
"2,86 : 0.6203"
"86,2 : 0.6203"
"2,87 : 0.1208"
"87,2 : 0.1208"
"2,88 : 0.5277"
"88,2 : 0.5277"
"2,89 : 0.4085"
"89,2 : 0.4085"
"2,90 : 0.6152"
"90,2 : 0.6152"
"2,91 : 0.7669"
"91,2 : 0.7669"
"2,92 : 0.4308"
"92,2 : 0.4308"
"2,93 : 0.6903"
"93,2 : 0.6903"
"2,94 : 0.9348"
"94,2 : 0.9348"
"2,95 : 0.253"
"95,2 : 0.253"
"2,96 : 0.58"
"96,2 : 0.58"
"2,97 : 0.461"
"97,2 : 0.461"
"2,98 : 0.4528"
"98,2 : 0.4528"
"2,99 : 0.7046"
"99,2 : 0.7046"
"3,4 : 0.4123"
"4,3 : 0.4123"
"3,5 : 0.3114"
"5,3 : 0.3114"
"3,6 : 0.3821"
"6,3 : 0.3821"
"3,7 : 0.364"
"7,3 : 0.364"
"3,8 : 0.7741"
"8,3 : 0.7741"
"3,9 : 0.6403"
"9,3 : 0.6403"
"3,10 : 0.4601"
"10,3 : 0.4601"
"3,11 : 0.2571"
"11,3 : 0.2571"
"3,12 : 0.6391"
"12,3 : 0.6391"
"3,13 : 0.6152"
"13,3 : 0.6152"
"3,14 : 0.4504"
"14,3 : 0.4504"
"3,15 : 0.3821"
"15,3 : 0.3821"
"3,16 : 0.2766"
"16,3 : 0.2766"
"3,17 : 0.3448"
"17,3 : 0.3448"
"3,18 : 0.2717"
"18,3 : 0.2717"
"3,19 : 0.3114"
"19,3 : 0.3114"
"3,20 : 0.6736"
"20,3 : 0.6736"
"3,21 : 0.3956"
"21,3 : 0.3956"
"3,22 : 0.6574"
"22,3 : 0.6574"
"3,23 : 0.5725"
"23,3 : 0.5725"
"3,24 : 0.4662"
"24,3 : 0.4662"
"3,25 : 0.5566"
"25,3 : 0.5566"
"3,26 : 0.3253"
"26,3 : 0.3253"
"3,27 : 0.7206"
"27,3 : 0.7206"
"3,28 : 0.6054"
"28,3 : 0.6054"
"3,29 : 0.7425"
"29,3 : 0.7425"
"3,30 : 0.2195"
"30,3 : 0.2195"
"3,31 : 0.492"
"31,3 : 0.492"
"3,32 : 0.8008"
"32,3 : 0.8008"
"3,33 : 0.0922"
"33,3 : 0.0922"
"3,34 : 0.7088"
"34,3 : 0.7088"
"3,35 : 0.5423"
"35,3 : 0.5423"
"3,36 : 0.3547"
"36,3 : 0.3547"
"3,37 : 0.7824"
"37,3 : 0.7824"
"3,38 : 0.7515"
"38,3 : 0.7515"
"3,39 : 0.064"
"39,3 : 0.064"
"3,40 : 0.3669"
"40,3 : 0.3669"
"3,41 : 0.2433"
"41,3 : 0.2433"
"3,42 : 0.3606"
"42,3 : 0.3606"
"3,43 : 0.2953"
"43,3 : 0.2953"
"3,44 : 0.7877"
"44,3 : 0.7877"
"3,45 : 0.4562"
"45,3 : 0.4562"
"3,46 : 0.7859"
"46,3 : 0.7859"
"3,47 : 0.13"
"47,3 : 0.13"
"3,48 : 0.0949"
"48,3 : 0.0949"
"3,49 : 0.3124"
"49,3 : 0.3124"
"3,50 : 0.642"
"50,3 : 0.642"
"3,51 : 0.368"
"51,3 : 0.368"
"3,52 : 0.2657"
"52,3 : 0.2657"
"3,53 : 0.1868"
"53,3 : 0.1868"
"3,54 : 0.471"
"54,3 : 0.471"
"3,55 : 0.8106"
"55,3 : 0.8106"
"3,56 : 0.5162"
"56,3 : 0.5162"
"3,57 : 0.5994"
"57,3 : 0.5994"
"3,58 : 0.2693"
"58,3 : 0.2693"
"3,59 : 0.5142"
"59,3 : 0.5142"
"3,60 : 0.559"
"60,3 : 0.559"
"3,61 : 0.4713"
"61,3 : 0.4713"
"3,62 : 0.8839"
"62,3 : 0.8839"
"3,63 : 0.103"
"63,3 : 0.103"
"3,64 : 0.5371"
"64,3 : 0.5371"
"3,65 : 0.4338"
"65,3 : 0.4338"
"3,66 : 0.6935"
"66,3 : 0.6935"
"3,67 : 0.5644"
"67,3 : 0.5644"
"3,68 : 0.4802"
"68,3 : 0.4802"
"3,69 : 0.2435"
"69,3 : 0.2435"
"3,70 : 0.8188"
"70,3 : 0.8188"
"3,71 : 0.8036"
"71,3 : 0.8036"
"3,72 : 0.8329"
"72,3 : 0.8329"
"3,73 : 0.1217"
"73,3 : 0.1217"
"3,74 : 0.3506"
"74,3 : 0.3506"
"3,75 : 0.8105"
"75,3 : 0.8105"
"3,76 : 0.26"
"76,3 : 0.26"
"3,77 : 0.5349"
"77,3 : 0.5349"
"3,78 : 0.6903"
"78,3 : 0.6903"
"3,79 : 0.2657"
"79,3 : 0.2657"
"3,80 : 0.1414"
"80,3 : 0.1414"
"3,81 : 0.9118"
"81,3 : 0.9118"
"3,82 : 0.614"
"82,3 : 0.614"
"3,83 : 0.6748"
"83,3 : 0.6748"
"3,84 : 0.3276"
"84,3 : 0.3276"
"3,85 : 0.7169"
"85,3 : 0.7169"
"3,86 : 0.2648"
"86,3 : 0.2648"
"3,87 : 0.5914"
"87,3 : 0.5914"
"3,88 : 0.2"
"88,3 : 0.2"
"3,89 : 0.3036"
"89,3 : 0.3036"
"3,90 : 0.1709"
"90,3 : 0.1709"
"3,91 : 0.6044"
"91,3 : 0.6044"
"3,92 : 0.8453"
"92,3 : 0.8453"
"3,93 : 0.7906"
"93,3 : 0.7906"
"3,94 : 0.5482"
"94,3 : 0.5482"
"3,95 : 0.4588"
"95,3 : 0.4588"
"3,96 : 0.3245"
"96,3 : 0.3245"
"3,97 : 0.297"
"97,3 : 0.297"
"3,98 : 0.3471"
"98,3 : 0.3471"
"3,99 : 0.4342"
"99,3 : 0.4342"
"4,5 : 0.5022"
"5,4 : 0.5022"
"4,6 : 0.04"
"6,4 : 0.04"
"4,7 : 0.4295"
"7,4 : 0.4295"
"4,8 : 0.7256"
"8,4 : 0.7256"
"4,9 : 0.6841"
"9,4 : 0.6841"
"4,10 : 0.2865"
"10,4 : 0.2865"
"4,11 : 0.2119"
"11,4 : 0.2119"
"4,12 : 0.2828"
"12,4 : 0.2828"
"4,13 : 0.4469"
"13,4 : 0.4469"
"4,14 : 0.2729"
"14,4 : 0.2729"
"4,15 : 0.6986"
"15,4 : 0.6986"
"4,16 : 0.3239"
"16,4 : 0.3239"
"4,17 : 0.4258"
"17,4 : 0.4258"
"4,18 : 0.2354"
"18,4 : 0.2354"
"4,19 : 0.6395"
"19,4 : 0.6395"
"4,20 : 0.2617"
"20,4 : 0.2617"
"4,21 : 0.7801"
"21,4 : 0.7801"
"4,22 : 0.6127"
"22,4 : 0.6127"
"4,23 : 0.2309"
"23,4 : 0.2309"
"4,24 : 0.2202"
"24,4 : 0.2202"
"4,25 : 0.4785"
"25,4 : 0.4785"
"4,26 : 0.4982"
"26,4 : 0.4982"
"4,27 : 0.4614"
"27,4 : 0.4614"
"4,28 : 0.6041"
"28,4 : 0.6041"
"4,29 : 0.8078"
"29,4 : 0.8078"
"4,30 : 0.4357"
"30,4 : 0.4357"
"4,31 : 0.6503"
"31,4 : 0.6503"
"4,32 : 0.658"
"32,4 : 0.658"
"4,33 : 0.461"
"33,4 : 0.461"
"4,34 : 0.5841"
"34,4 : 0.5841"
"4,35 : 0.8443"
"35,4 : 0.8443"
"4,36 : 0.742"
"36,4 : 0.742"
"4,37 : 0.7788"
"37,4 : 0.7788"
"4,38 : 0.6826"
"38,4 : 0.6826"
"4,39 : 0.4168"
"39,4 : 0.4168"
"4,40 : 0.2285"
"40,4 : 0.2285"
"4,41 : 0.2807"
"41,4 : 0.2807"
"4,42 : 0.5727"
"42,4 : 0.5727"
"4,43 : 0.1342"
"43,4 : 0.1342"
"4,44 : 0.7692"
"44,4 : 0.7692"
"4,45 : 0.1082"
"45,4 : 0.1082"
"4,46 : 0.4441"
"46,4 : 0.4441"
"4,47 : 0.3956"
"47,4 : 0.3956"
"4,48 : 0.495"
"48,4 : 0.495"
"4,49 : 0.1217"
"49,4 : 0.1217"
"4,50 : 0.2302"
"50,4 : 0.2302"
"4,51 : 0.0707"
"51,4 : 0.0707"
"4,52 : 0.4101"
"52,4 : 0.4101"
"4,53 : 0.3401"
"53,4 : 0.3401"
"4,54 : 0.7855"
"54,4 : 0.7855"
"4,55 : 0.5694"
"55,4 : 0.5694"
"4,56 : 0.2617"
"56,4 : 0.2617"
"4,57 : 0.211"
"57,4 : 0.211"
"4,58 : 0.65"
"58,4 : 0.65"
"4,59 : 0.4205"
"59,4 : 0.4205"
"4,60 : 0.8393"
"60,4 : 0.8393"
"4,61 : 0.846"
"61,4 : 0.846"
"4,62 : 0.7734"
"62,4 : 0.7734"
"4,63 : 0.3191"
"63,4 : 0.3191"
"4,64 : 0.1746"
"64,4 : 0.1746"
"4,65 : 0.6629"
"65,4 : 0.6629"
"4,66 : 0.4958"
"66,4 : 0.4958"
"4,67 : 0.5661"
"67,4 : 0.5661"
"4,68 : 0.1655"
"68,4 : 0.1655"
"4,69 : 0.2419"
"69,4 : 0.2419"
"4,70 : 0.7632"
"70,4 : 0.7632"
"4,71 : 0.6653"
"71,4 : 0.6653"
"4,72 : 0.6075"
"72,4 : 0.6075"
"4,73 : 0.3441"
"73,4 : 0.3441"
"4,74 : 0.3517"
"74,4 : 0.3517"
"4,75 : 0.4973"
"75,4 : 0.4973"
"4,76 : 0.4205"
"76,4 : 0.4205"
"4,77 : 0.771"
"77,4 : 0.771"
"4,78 : 0.441"
"78,4 : 0.441"
"4,79 : 0.4101"
"79,4 : 0.4101"
"4,80 : 0.3329"
"80,4 : 0.3329"
"4,81 : 0.5346"
"81,4 : 0.5346"
"4,82 : 0.7901"
"82,4 : 0.7901"
"4,83 : 0.7877"
"83,4 : 0.7877"
"4,84 : 0.33"
"84,4 : 0.33"
"4,85 : 0.3162"
"85,4 : 0.3162"
"4,86 : 0.27"
"86,4 : 0.27"
"4,87 : 0.25"
"87,4 : 0.25"
"4,88 : 0.2864"
"88,4 : 0.2864"
"4,89 : 0.1726"
"89,4 : 0.1726"
"4,90 : 0.2786"
"90,4 : 0.2786"
"4,91 : 0.7325"
"91,4 : 0.7325"
"4,92 : 0.6607"
"92,4 : 0.6607"
"4,93 : 0.7829"
"93,4 : 0.7829"
"4,94 : 0.8102"
"94,4 : 0.8102"
"4,95 : 0.1487"
"95,4 : 0.1487"
"4,96 : 0.4428"
"96,4 : 0.4428"
"4,97 : 0.1208"
"97,4 : 0.1208"
"4,98 : 0.3306"
"98,4 : 0.3306"
"4,99 : 0.6021"
"99,4 : 0.6021"
"5,6 : 0.495"
"6,5 : 0.495"
"5,7 : 0.6576"
"7,5 : 0.6576"
"5,8 : 0.4904"
"8,5 : 0.4904"
"5,9 : 0.3362"
"9,5 : 0.3362"
"5,10 : 0.3466"
"10,5 : 0.3466"
"5,11 : 0.2927"
"11,5 : 0.2927"
"5,12 : 0.5955"
"12,5 : 0.5955"
"5,13 : 0.4272"
"13,5 : 0.4272"
"5,14 : 0.3466"
"14,5 : 0.3466"
"5,15 : 0.2267"
"15,5 : 0.2267"
"5,16 : 0.1803"
"16,5 : 0.1803"
"5,17 : 0.6401"
"17,5 : 0.6401"
"5,18 : 0.2668"
"18,5 : 0.2668"
"5,19 : 0.197"
"19,5 : 0.197"
"5,20 : 0.7341"
"20,5 : 0.7341"
"5,21 : 0.377"
"21,5 : 0.377"
"5,22 : 0.3847"
"22,5 : 0.3847"
"5,23 : 0.5341"
"23,5 : 0.5341"
"5,24 : 0.6607"
"24,5 : 0.6607"
"5,25 : 0.3256"
"25,5 : 0.3256"
"5,26 : 0.02"
"26,5 : 0.02"
"5,27 : 0.5725"
"27,5 : 0.5725"
"5,28 : 0.3202"
"28,5 : 0.3202"
"5,29 : 0.4319"
"29,5 : 0.4319"
"5,30 : 0.528"
"30,5 : 0.528"
"5,31 : 0.1836"
"31,5 : 0.1836"
"5,32 : 0.5601"
"32,5 : 0.5601"
"5,33 : 0.236"
"33,5 : 0.236"
"5,34 : 0.471"
"34,5 : 0.471"
"5,35 : 0.3489"
"35,5 : 0.3489"
"5,36 : 0.3544"
"36,5 : 0.3544"
"5,37 : 0.483"
"37,5 : 0.483"
"5,38 : 0.4785"
"38,5 : 0.4785"
"5,39 : 0.3754"
"39,5 : 0.3754"
"5,40 : 0.5886"
"40,5 : 0.5886"
"5,41 : 0.4998"
"41,5 : 0.4998"
"5,42 : 0.0707"
"42,5 : 0.0707"
"5,43 : 0.3734"
"43,5 : 0.3734"
"5,44 : 0.4924"
"44,5 : 0.4924"
"5,45 : 0.4742"
"45,5 : 0.4742"
"5,46 : 0.6981"
"46,5 : 0.6981"
"5,47 : 0.436"
"47,5 : 0.436"
"5,48 : 0.2778"
"48,5 : 0.2778"
"5,49 : 0.4701"
"49,5 : 0.4701"
"5,50 : 0.6888"
"50,5 : 0.6888"
"5,51 : 0.5016"
"51,5 : 0.5016"
"5,52 : 0.566"
"52,5 : 0.566"
"5,53 : 0.1825"
"53,5 : 0.1825"
"5,54 : 0.3"
"54,5 : 0.3"
"5,55 : 0.6325"
"55,5 : 0.6325"
"5,56 : 0.4314"
"56,5 : 0.4314"
"5,57 : 0.6021"
"57,5 : 0.6021"
"5,58 : 0.2816"
"58,5 : 0.2816"
"5,59 : 0.3102"
"59,5 : 0.3102"
"5,60 : 0.3384"
"60,5 : 0.3384"
"5,61 : 0.4134"
"61,5 : 0.4134"
"5,62 : 0.6181"
"62,5 : 0.6181"
"5,63 : 0.3578"
"63,5 : 0.3578"
"5,64 : 0.53"
"64,5 : 0.53"
"5,65 : 0.1612"
"65,5 : 0.1612"
"5,66 : 0.506"
"66,5 : 0.506"
"5,67 : 0.2844"
"67,5 : 0.2844"
"5,68 : 0.6412"
"68,5 : 0.6412"
"5,69 : 0.478"
"69,5 : 0.478"
"5,70 : 0.5345"
"70,5 : 0.5345"
"5,71 : 0.56"
"71,5 : 0.56"
"5,72 : 0.6403"
"72,5 : 0.6403"
"5,73 : 0.2285"
"73,5 : 0.2285"
"5,74 : 0.6239"
"74,5 : 0.6239"
"5,75 : 0.6912"
"75,5 : 0.6912"
"5,76 : 0.563"
"76,5 : 0.563"
"5,77 : 0.2707"
"77,5 : 0.2707"
"5,78 : 0.5412"
"78,5 : 0.5412"
"5,79 : 0.566"
"79,5 : 0.566"
"5,80 : 0.2214"
"80,5 : 0.2214"
"5,81 : 0.8504"
"81,5 : 0.8504"
"5,82 : 0.3162"
"82,5 : 0.3162"
"5,83 : 0.364"
"83,5 : 0.364"
"5,84 : 0.1942"
"84,5 : 0.1942"
"5,85 : 0.7185"
"85,5 : 0.7185"
"5,86 : 0.5155"
"86,5 : 0.5155"
"5,87 : 0.5467"
"87,5 : 0.5467"
"5,88 : 0.2302"
"88,5 : 0.2302"
"5,89 : 0.3298"
"89,5 : 0.3298"
"5,90 : 0.4179"
"90,5 : 0.4179"
"5,91 : 0.2941"
"91,5 : 0.2941"
"5,92 : 0.6239"
"92,5 : 0.6239"
"5,93 : 0.4919"
"93,5 : 0.4919"
"5,94 : 0.3081"
"94,5 : 0.3081"
"5,95 : 0.4478"
"95,5 : 0.4478"
"5,96 : 0.0781"
"96,5 : 0.0781"
"5,97 : 0.44"
"97,5 : 0.44"
"5,98 : 0.2062"
"98,5 : 0.2062"
"5,99 : 0.1253"
"99,5 : 0.1253"
"6,7 : 0.3905"
"7,6 : 0.3905"
"6,8 : 0.7463"
"8,6 : 0.7463"
"6,9 : 0.6957"
"9,6 : 0.6957"
"6,10 : 0.3081"
"10,6 : 0.3081"
"6,11 : 0.2022"
"11,6 : 0.2022"
"6,12 : 0.3225"
"12,6 : 0.3225"
"6,13 : 0.4738"
"13,6 : 0.4738"
"6,14 : 0.2941"
"14,6 : 0.2941"
"6,15 : 0.6835"
"15,6 : 0.6835"
"6,16 : 0.3202"
"16,6 : 0.3202"
"6,17 : 0.3864"
"17,6 : 0.3864"
"6,18 : 0.2302"
"18,6 : 0.2302"
"6,19 : 0.6224"
"19,6 : 0.6224"
"6,20 : 0.2921"
"20,6 : 0.2921"
"6,21 : 0.7572"
"21,6 : 0.7572"
"6,22 : 0.6313"
"22,6 : 0.6313"
"6,23 : 0.2693"
"23,6 : 0.2693"
"6,24 : 0.1972"
"24,6 : 0.1972"
"6,25 : 0.4974"
"25,6 : 0.4974"
"6,26 : 0.4925"
"26,6 : 0.4925"
"6,27 : 0.4965"
"27,6 : 0.4965"
"6,28 : 0.6185"
"28,6 : 0.6185"
"6,29 : 0.8191"
"29,6 : 0.8191"
"6,30 : 0.3962"
"30,6 : 0.3962"
"6,31 : 0.6503"
"31,6 : 0.6503"
"6,32 : 0.6859"
"32,6 : 0.6859"
"6,33 : 0.436"
"33,6 : 0.436"
"6,34 : 0.6096"
"34,6 : 0.6096"
"6,35 : 0.8324"
"35,6 : 0.8324"
"6,36 : 0.7185"
"36,6 : 0.7185"
"6,37 : 0.7961"
"37,6 : 0.7961"
"6,38 : 0.7046"
"38,6 : 0.7046"
"6,39 : 0.3828"
"39,6 : 0.3828"
"6,40 : 0.1924"
"40,6 : 0.1924"
"6,41 : 0.2408"
"41,6 : 0.2408"
"6,42 : 0.5657"
"42,6 : 0.5657"
"6,43 : 0.1217"
"43,6 : 0.1217"
"6,44 : 0.7877"
"44,6 : 0.7877"
"6,45 : 0.1432"
"45,6 : 0.1432"
"6,46 : 0.4837"
"46,6 : 0.4837"
"6,47 : 0.3585"
"47,6 : 0.3585"
"6,48 : 0.4675"
"48,6 : 0.4675"
"6,49 : 0.0825"
"49,6 : 0.0825"
"6,50 : 0.2642"
"50,6 : 0.2642"
"6,51 : 0.0316"
"51,6 : 0.0316"
"6,52 : 0.3701"
"52,6 : 0.3701"
"6,53 : 0.3257"
"53,6 : 0.3257"
"6,54 : 0.7716"
"54,6 : 0.7716"
"6,55 : 0.6042"
"55,6 : 0.6042"
"6,56 : 0.2921"
"56,6 : 0.2921"
"6,57 : 0.2508"
"57,6 : 0.2508"
"6,58 : 0.6268"
"58,6 : 0.6268"
"6,59 : 0.4391"
"59,6 : 0.4391"
"6,60 : 0.8298"
"60,6 : 0.8298"
"6,61 : 0.8249"
"61,6 : 0.8249"
"6,62 : 0.7998"
"62,6 : 0.7998"
"6,63 : 0.286"
"63,6 : 0.286"
"6,64 : 0.2138"
"64,6 : 0.2138"
"6,65 : 0.6562"
"65,6 : 0.6562"
"6,66 : 0.5263"
"66,6 : 0.5263"
"6,67 : 0.5794"
"67,6 : 0.5794"
"6,68 : 0.153"
"68,6 : 0.153"
"6,69 : 0.2022"
"69,6 : 0.2022"
"6,70 : 0.7849"
"70,6 : 0.7849"
"6,71 : 0.693"
"71,6 : 0.693"
"6,72 : 0.6414"
"72,6 : 0.6414"
"6,73 : 0.3225"
"73,6 : 0.3225"
"6,74 : 0.3132"
"74,6 : 0.3132"
"6,75 : 0.536"
"75,6 : 0.536"
"6,76 : 0.3805"
"76,6 : 0.3805"
"6,77 : 0.7653"
"77,6 : 0.7653"
"6,78 : 0.4751"
"78,6 : 0.4751"
"6,79 : 0.3701"
"79,6 : 0.3701"
"6,80 : 0.313"
"80,6 : 0.313"
"6,81 : 0.5743"
"81,6 : 0.5743"
"6,82 : 0.7906"
"82,6 : 0.7906"
"6,83 : 0.7943"
"83,6 : 0.7943"
"6,84 : 0.3324"
"84,6 : 0.3324"
"6,85 : 0.3544"
"85,6 : 0.3544"
"6,86 : 0.23"
"86,6 : 0.23"
"6,87 : 0.2886"
"87,6 : 0.2886"
"6,88 : 0.272"
"88,6 : 0.272"
"6,89 : 0.1703"
"89,6 : 0.1703"
"6,90 : 0.2417"
"90,6 : 0.2417"
"6,91 : 0.7368"
"91,6 : 0.7368"
"6,92 : 0.692"
"92,6 : 0.692"
"6,93 : 0.8006"
"93,6 : 0.8006"
"6,94 : 0.8023"
"94,6 : 0.8023"
"6,95 : 0.1803"
"95,6 : 0.1803"
"6,96 : 0.4401"
"96,6 : 0.4401"
"6,97 : 0.086"
"97,6 : 0.086"
"6,98 : 0.3354"
"98,6 : 0.3354"
"6,99 : 0.6001"
"99,6 : 0.6001"
"7,8 : 1.0615"
"8,7 : 1.0615"
"7,9 : 0.9605"
"9,7 : 0.9605"
"7,10 : 0.6551"
"10,7 : 0.6551"
"7,11 : 0.4545"
"11,7 : 0.4545"
"7,12 : 0.712"
"12,7 : 0.712"
"7,13 : 0.8301"
"13,7 : 0.8301"
"7,14 : 0.6414"
"14,7 : 0.6414"
"7,15 : 0.7433"
"15,7 : 0.7433"
"7,16 : 0.5523"
"16,7 : 0.5523"
"7,17 : 0.02"
"17,7 : 0.02"
"7,18 : 0.4892"
"18,7 : 0.4892"
"7,19 : 0.6727"
"19,7 : 0.6727"
"7,20 : 0.6166"
"20,7 : 0.6166"
"7,21 : 0.7211"
"21,7 : 0.7211"
"7,22 : 0.9411"
"22,7 : 0.9411"
"7,23 : 0.6597"
"23,7 : 0.6597"
"7,24 : 0.2912"
"24,7 : 0.2912"
"7,25 : 0.8169"
"25,7 : 0.8169"
"7,26 : 0.6673"
"26,7 : 0.6673"
"7,27 : 0.8802"
"27,7 : 0.8802"
"7,28 : 0.9055"
"28,7 : 0.9055"
"7,29 : 1.0742"
"29,7 : 1.0742"
"7,30 : 0.1603"
"30,7 : 0.1603"
"7,31 : 0.8412"
"31,7 : 0.8412"
"7,32 : 1.0401"
"32,7 : 1.0401"
"7,33 : 0.4561"
"33,7 : 0.4561"
"7,34 : 0.9544"
"34,7 : 0.9544"
"7,35 : 0.9026"
"35,7 : 0.9026"
"7,36 : 0.6807"
"36,7 : 0.6807"
"7,37 : 1.0898"
"37,7 : 1.0898"
"7,38 : 1.0283"
"38,7 : 1.0283"
"7,39 : 0.3059"
"39,7 : 0.3059"
"7,40 : 0.21"
"40,7 : 0.21"
"7,41 : 0.178"
"41,7 : 0.178"
"7,42 : 0.7159"
"42,7 : 0.7159"
"7,43 : 0.4168"
"43,7 : 0.4168"
"7,44 : 1.089"
"44,7 : 1.089"
"7,45 : 0.5316"
"45,7 : 0.5316"
"7,46 : 0.873"
"46,7 : 0.873"
"7,47 : 0.2354"
"47,7 : 0.2354"
"7,48 : 0.4455"
"48,7 : 0.4455"
"7,49 : 0.3195"
"49,7 : 0.3195"
"7,50 : 0.6113"
"50,7 : 0.6113"
"7,51 : 0.359"
"51,7 : 0.359"
"7,52 : 0.1005"
"52,7 : 0.1005"
"7,53 : 0.4883"
"53,7 : 0.4883"
"7,54 : 0.8302"
"54,7 : 0.8302"
"7,55 : 0.9862"
"55,7 : 0.9862"
"7,56 : 0.6671"
"56,7 : 0.6671"
"7,57 : 0.6339"
"57,7 : 0.6339"
"7,58 : 0.6107"
"58,7 : 0.6107"
"7,59 : 0.7622"
"59,7 : 0.7622"
"7,60 : 0.922"
"60,7 : 0.922"
"7,61 : 0.801"
"61,7 : 0.801"
"7,62 : 1.144"
"62,7 : 1.144"
"7,63 : 0.3002"
"63,7 : 0.3002"
"7,64 : 0.6042"
"64,7 : 0.6042"
"7,65 : 0.7948"
"65,7 : 0.7948"
"7,66 : 0.8947"
"66,7 : 0.8947"
"7,67 : 0.8631"
"67,7 : 0.8631"
"7,68 : 0.3551"
"68,7 : 0.3551"
"7,69 : 0.2163"
"69,7 : 0.2163"
"7,70 : 1.1045"
"70,7 : 1.1045"
"7,71 : 1.0456"
"71,7 : 1.0456"
"7,72 : 1.0204"
"72,7 : 1.0204"
"7,73 : 0.4305"
"73,7 : 0.4305"
"7,74 : 0.08"
"74,7 : 0.08"
"7,75 : 0.9265"
"75,7 : 0.9265"
"7,76 : 0.11"
"76,7 : 0.11"
"7,77 : 0.8981"
"77,7 : 0.8981"
"7,78 : 0.8562"
"78,7 : 0.8562"
"7,79 : 0.1005"
"79,7 : 0.1005"
"7,80 : 0.441"
"80,7 : 0.441"
"7,81 : 0.9502"
"81,7 : 0.9502"
"7,82 : 0.9708"
"82,7 : 0.9708"
"7,83 : 1.0187"
"83,7 : 1.0187"
"7,84 : 0.594"
"84,7 : 0.594"
"7,85 : 0.7201"
"85,7 : 0.7201"
"7,86 : 0.1749"
"86,7 : 0.1749"
"7,87 : 0.6791"
"87,7 : 0.6791"
"7,88 : 0.461"
"88,7 : 0.461"
"7,89 : 0.4687"
"89,7 : 0.4687"
"7,90 : 0.2484"
"90,7 : 0.2484"
"7,91 : 0.9502"
"91,7 : 0.9502"
"7,92 : 1.0607"
"92,7 : 1.0607"
"7,93 : 1.0966"
"93,7 : 1.0966"
"7,94 : 0.9121"
"94,7 : 0.9121"
"7,95 : 0.563"
"95,7 : 0.563"
"7,96 : 0.6464"
"96,7 : 0.6464"
"7,97 : 0.3401"
"97,7 : 0.3401"
"7,98 : 0.6083"
"98,7 : 0.6083"
"7,99 : 0.7829"
"99,7 : 0.7829"
"8,9 : 0.1825"
"9,8 : 0.1825"
"8,10 : 0.4391"
"10,8 : 0.4391"
"8,11 : 0.6081"
"11,8 : 0.6081"
"8,12 : 0.5954"
"12,8 : 0.5954"
"8,13 : 0.2983"
"13,8 : 0.2983"
"8,14 : 0.4528"
"14,8 : 0.4528"
"8,15 : 0.6401"
"15,8 : 0.6401"
"8,16 : 0.514"
"16,8 : 0.514"
"8,17 : 1.048"
"17,8 : 1.048"
"8,18 : 0.5728"
"18,8 : 0.5728"
"8,19 : 0.6528"
"19,8 : 0.6528"
"8,20 : 0.8276"
"20,8 : 0.8276"
"8,21 : 0.82"
"21,8 : 0.82"
"8,22 : 0.1204"
"22,8 : 0.1204"
"8,23 : 0.5772"
"23,8 : 0.5772"
"8,24 : 0.9434"
"24,8 : 0.9434"
"8,25 : 0.25"
"25,8 : 0.25"
"8,26 : 0.4713"
"26,8 : 0.4713"
"8,27 : 0.402"
"27,8 : 0.402"
"8,28 : 0.1709"
"28,8 : 0.1709"
"8,29 : 0.2121"
"29,8 : 0.2121"
"8,30 : 0.9683"
"30,8 : 0.9683"
"8,31 : 0.3805"
"31,8 : 0.3805"
"8,32 : 0.1749"
"32,8 : 0.1749"
"8,33 : 0.7169"
"33,8 : 0.7169"
"8,34 : 0.17"
"34,8 : 0.17"
"8,35 : 0.6525"
"35,8 : 0.6525"
"8,36 : 0.811"
"36,8 : 0.811"
"8,37 : 0.0894"
"37,8 : 0.0894"
"8,38 : 0.05"
"38,8 : 0.05"
"8,39 : 0.8335"
"39,8 : 0.8335"
"8,40 : 0.9183"
"40,8 : 0.9183"
"8,41 : 0.8841"
"41,8 : 0.8841"
"8,42 : 0.4851"
"42,8 : 0.4851"
"8,43 : 0.6607"
"43,8 : 0.6607"
"8,44 : 0.0632"
"44,8 : 0.0632"
"8,45 : 0.6307"
"45,8 : 0.6307"
"8,46 : 0.5756"
"46,8 : 0.5756"
"8,47 : 0.8792"
"47,8 : 0.8792"
"8,48 : 0.7632"
"48,8 : 0.7632"
"8,49 : 0.7762"
"49,8 : 0.7762"
"8,50 : 0.7788"
"50,8 : 0.7788"
"8,51 : 0.771"
"51,8 : 0.771"
"8,52 : 0.9886"
"52,8 : 0.9886"
"8,53 : 0.5936"
"53,8 : 0.5936"
"8,54 : 0.6576"
"54,8 : 0.6576"
"8,55 : 0.364"
"55,8 : 0.364"
"8,56 : 0.481"
"56,8 : 0.481"
"8,57 : 0.6671"
"57,8 : 0.6671"
"8,58 : 0.758"
"58,8 : 0.758"
"8,59 : 0.3081"
"59,8 : 0.3081"
"8,60 : 0.6073"
"60,8 : 0.6073"
"8,61 : 0.8239"
"61,8 : 0.8239"
"8,62 : 0.1456"
"62,8 : 0.1456"
"8,63 : 0.7801"
"63,8 : 0.7801"
"8,64 : 0.6198"
"64,8 : 0.6198"
"8,65 : 0.4904"
"65,8 : 0.4904"
"8,66 : 0.3002"
"66,8 : 0.3002"
"8,67 : 0.2102"
"67,8 : 0.2102"
"8,68 : 0.8907"
"68,8 : 0.8907"
"8,69 : 0.8485"
"69,8 : 0.8485"
"8,70 : 0.0447"
"70,8 : 0.0447"
"8,71 : 0.1664"
"71,8 : 0.1664"
"8,72 : 0.3354"
"72,8 : 0.3354"
"8,73 : 0.6604"
"73,8 : 0.6604"
"8,74 : 1.0042"
"74,8 : 1.0042"
"8,75 : 0.5142"
"75,8 : 0.5142"
"8,76 : 0.9902"
"76,8 : 0.9902"
"8,77 : 0.507"
"77,8 : 0.507"
"8,78 : 0.3901"
"78,8 : 0.3901"
"8,79 : 0.9886"
"79,8 : 0.9886"
"8,80 : 0.6435"
"80,8 : 0.6435"
"8,81 : 0.7203"
"81,8 : 0.7203"
"8,82 : 0.4031"
"82,8 : 0.4031"
"8,83 : 0.2915"
"83,8 : 0.2915"
"8,84 : 0.4686"
"84,8 : 0.4686"
"8,85 : 0.7325"
"85,8 : 0.7325"
"8,86 : 0.891"
"86,8 : 0.891"
"8,87 : 0.5727"
"87,8 : 0.5727"
"8,88 : 0.6061"
"88,8 : 0.6061"
"8,89 : 0.6031"
"89,8 : 0.6031"
"8,90 : 0.8157"
"90,8 : 0.8157"
"8,91 : 0.3162"
"91,8 : 0.3162"
"8,92 : 0.2581"
"92,8 : 0.2581"
"8,93 : 0.0854"
"93,8 : 0.0854"
"8,94 : 0.5632"
"94,8 : 0.5632"
"8,95 : 0.586"
"95,8 : 0.586"
"8,96 : 0.4519"
"96,8 : 0.4519"
"8,97 : 0.7465"
"97,8 : 0.7465"
"8,98 : 0.4534"
"98,8 : 0.4534"
"8,99 : 0.4111"
"99,8 : 0.4111"
"9,10 : 0.4119"
"10,9 : 0.4119"
"9,11 : 0.5235"
"11,9 : 0.5235"
"9,12 : 0.628"
"12,9 : 0.628"
"9,13 : 0.3384"
"13,9 : 0.3384"
"9,14 : 0.423"
"14,9 : 0.423"
"9,15 : 0.4604"
"15,9 : 0.4604"
"9,16 : 0.4105"
"16,9 : 0.4105"
"9,17 : 0.9449"
"17,9 : 0.9449"
"9,18 : 0.4876"
"18,9 : 0.4876"
"9,19 : 0.4785"
"19,9 : 0.4785"
"9,20 : 0.8401"
"20,9 : 0.8401"
"9,21 : 0.6407"
"21,9 : 0.6407"
"9,22 : 0.1421"
"22,9 : 0.1421"
"9,23 : 0.5914"
"23,9 : 0.5914"
"9,24 : 0.8896"
"24,9 : 0.8896"
"9,25 : 0.2319"
"25,9 : 0.2319"
"9,26 : 0.3191"
"26,9 : 0.3191"
"9,27 : 0.483"
"27,9 : 0.483"
"9,28 : 0.0922"
"28,9 : 0.0922"
"9,29 : 0.1237"
"29,9 : 0.1237"
"9,30 : 0.8486"
"30,9 : 0.8486"
"9,31 : 0.2002"
"31,9 : 0.2002"
"9,32 : 0.3245"
"32,9 : 0.3245"
"9,33 : 0.5714"
"33,9 : 0.5714"
"9,34 : 0.2691"
"34,9 : 0.2691"
"9,35 : 0.4713"
"35,9 : 0.4713"
"9,36 : 0.6339"
"36,9 : 0.6339"
"9,37 : 0.1487"
"37,9 : 0.1487"
"9,38 : 0.197"
"38,9 : 0.197"
"9,39 : 0.7029"
"39,9 : 0.7029"
"9,40 : 0.8453"
"40,9 : 0.8453"
"9,41 : 0.7882"
"41,9 : 0.7882"
"9,42 : 0.3162"
"42,9 : 0.3162"
"9,43 : 0.5909"
"43,9 : 0.5909"
"9,44 : 0.1628"
"44,9 : 0.1628"
"9,45 : 0.6067"
"45,9 : 0.6067"
"9,46 : 0.6539"
"46,9 : 0.6539"
"9,47 : 0.7569"
"47,9 : 0.7569"
"9,48 : 0.614"
"48,9 : 0.614"
"9,49 : 0.7068"
"49,9 : 0.7068"
"9,50 : 0.7901"
"50,9 : 0.7901"
"9,51 : 0.7151"
"51,9 : 0.7151"
"9,52 : 0.8778"
"52,9 : 0.8778"
"9,53 : 0.4742"
"53,9 : 0.4742"
"9,54 : 0.4752"
"54,9 : 0.4752"
"9,55 : 0.4827"
"55,9 : 0.4827"
"9,56 : 0.4801"
"56,9 : 0.4801"
"9,57 : 0.6807"
"57,9 : 0.6807"
"9,58 : 0.5869"
"58,9 : 0.5869"
"9,59 : 0.28"
"59,9 : 0.28"
"9,60 : 0.4272"
"60,9 : 0.4272"
"9,61 : 0.642"
"61,9 : 0.642"
"9,62 : 0.3276"
"62,9 : 0.3276"
"9,63 : 0.6653"
"63,9 : 0.6653"
"9,64 : 0.6201"
"64,9 : 0.6201"
"9,65 : 0.3102"
"65,9 : 0.3102"
"9,66 : 0.3808"
"66,9 : 0.3808"
"9,67 : 0.1204"
"67,9 : 0.1204"
"9,68 : 0.8477"
"68,9 : 0.8477"
"9,69 : 0.7572"
"69,9 : 0.7572"
"9,70 : 0.2202"
"70,9 : 0.2202"
"9,71 : 0.3191"
"71,9 : 0.3191"
"9,72 : 0.4667"
"72,9 : 0.4667"
"9,73 : 0.5374"
"73,9 : 0.5374"
"9,74 : 0.9126"
"74,9 : 0.9126"
"9,75 : 0.609"
"75,9 : 0.609"
"9,76 : 0.8773"
"76,9 : 0.8773"
"9,77 : 0.3257"
"77,9 : 0.3257"
"9,78 : 0.461"
"78,9 : 0.461"
"9,79 : 0.8778"
"79,9 : 0.8778"
"9,80 : 0.5235"
"80,9 : 0.5235"
"9,81 : 0.8096"
"81,9 : 0.8096"
"9,82 : 0.2302"
"82,9 : 0.2302"
"9,83 : 0.1389"
"83,9 : 0.1389"
"9,84 : 0.3759"
"84,9 : 0.3759"
"9,85 : 0.7694"
"85,9 : 0.7694"
"9,86 : 0.7988"
"86,9 : 0.7988"
"9,87 : 0.593"
"87,9 : 0.593"
"9,88 : 0.5"
"88,9 : 0.5"
"9,89 : 0.5331"
"89,9 : 0.5331"
"9,90 : 0.7122"
"90,9 : 0.7122"
"9,91 : 0.1389"
"91,9 : 0.1389"
"9,92 : 0.408"
"92,9 : 0.408"
"9,93 : 0.1581"
"93,9 : 0.1581"
"9,94 : 0.3828"
"94,9 : 0.3828"
"9,95 : 0.5644"
"95,9 : 0.5644"
"9,96 : 0.3183"
"96,9 : 0.3183"
"9,97 : 0.6754"
"97,9 : 0.6754"
"9,98 : 0.3667"
"98,9 : 0.3667"
"9,99 : 0.2377"
"99,9 : 0.2377"
"10,11 : 0.2159"
"11,10 : 0.2159"
"10,12 : 0.2524"
"12,10 : 0.2524"
"10,13 : 0.1749"
"13,10 : 0.1749"
"10,14 : 0.0141"
"14,10 : 0.0141"
"10,15 : 0.5731"
"15,10 : 0.5731"
"10,16 : 0.2025"
"16,10 : 0.2025"
"10,17 : 0.645"
"17,10 : 0.645"
"10,18 : 0.191"
"18,10 : 0.191"
"10,19 : 0.536"
"19,10 : 0.536"
"10,20 : 0.4329"
"20,10 : 0.4329"
"10,21 : 0.7102"
"21,10 : 0.7102"
"10,22 : 0.327"
"22,10 : 0.327"
"10,23 : 0.197"
"23,10 : 0.197"
"10,24 : 0.5048"
"24,10 : 0.5048"
"10,25 : 0.1931"
"25,10 : 0.1931"
"10,26 : 0.3324"
"26,10 : 0.3324"
"10,27 : 0.2608"
"27,10 : 0.2608"
"10,28 : 0.3256"
"28,10 : 0.3256"
"10,29 : 0.5346"
"29,10 : 0.5346"
"10,30 : 0.5977"
"30,10 : 0.5977"
"10,31 : 0.4308"
"31,10 : 0.4308"
"10,32 : 0.386"
"32,10 : 0.386"
"10,33 : 0.4512"
"33,10 : 0.4512"
"10,34 : 0.3041"
"34,10 : 0.3041"
"10,35 : 0.686"
"35,10 : 0.686"
"10,36 : 0.681"
"36,10 : 0.681"
"10,37 : 0.494"
"37,10 : 0.494"
"10,38 : 0.3966"
"38,10 : 0.3966"
"10,39 : 0.5016"
"39,10 : 0.5016"
"10,40 : 0.488"
"40,10 : 0.488"
"10,41 : 0.4789"
"41,10 : 0.4789"
"10,42 : 0.4046"
"42,10 : 0.4046"
"10,43 : 0.2385"
"43,10 : 0.2385"
"10,44 : 0.4833"
"44,10 : 0.4833"
"10,45 : 0.1965"
"45,10 : 0.1965"
"10,46 : 0.3551"
"46,10 : 0.3551"
"10,47 : 0.5217"
"47,10 : 0.5217"
"10,48 : 0.5001"
"48,10 : 0.5001"
"10,49 : 0.3471"
"49,10 : 0.3471"
"10,50 : 0.3833"
"50,10 : 0.3833"
"10,51 : 0.3342"
"51,10 : 0.3342"
"10,52 : 0.6001"
"52,10 : 0.6001"
"10,53 : 0.2864"
"53,10 : 0.2864"
"10,54 : 0.6444"
"54,10 : 0.6444"
"10,55 : 0.3523"
"55,10 : 0.3523"
"10,56 : 0.086"
"56,10 : 0.086"
"10,57 : 0.2789"
"57,10 : 0.2789"
"10,58 : 0.5948"
"58,10 : 0.5948"
"10,59 : 0.136"
"59,10 : 0.136"
"10,60 : 0.6657"
"60,10 : 0.6657"
"10,61 : 0.756"
"61,10 : 0.756"
"10,62 : 0.4952"
"62,10 : 0.4952"
"10,63 : 0.4177"
"63,10 : 0.4177"
"10,64 : 0.2121"
"64,10 : 0.2121"
"10,65 : 0.4826"
"65,10 : 0.4826"
"10,66 : 0.2435"
"66,10 : 0.2435"
"10,67 : 0.2915"
"67,10 : 0.2915"
"10,68 : 0.4518"
"68,10 : 0.4518"
"10,69 : 0.4391"
"69,10 : 0.4391"
"10,70 : 0.4771"
"70,10 : 0.4771"
"10,71 : 0.392"
"71,10 : 0.392"
"10,72 : 0.3785"
"72,10 : 0.3785"
"10,73 : 0.3413"
"73,10 : 0.3413"
"10,74 : 0.5882"
"74,10 : 0.5882"
"10,75 : 0.3606"
"75,10 : 0.3606"
"10,76 : 0.6054"
"76,10 : 0.6054"
"10,77 : 0.5771"
"77,10 : 0.5771"
"10,78 : 0.2302"
"78,10 : 0.2302"
"10,79 : 0.6001"
"79,10 : 0.6001"
"10,80 : 0.3214"
"80,10 : 0.3214"
"10,81 : 0.5045"
"81,10 : 0.5045"
"10,82 : 0.5604"
"82,10 : 0.5604"
"10,83 : 0.5308"
"83,10 : 0.5308"
"10,84 : 0.1612"
"84,10 : 0.1612"
"10,85 : 0.3848"
"85,10 : 0.3848"
"10,86 : 0.4802"
"86,10 : 0.4802"
"10,87 : 0.2059"
"87,10 : 0.2059"
"10,88 : 0.2602"
"88,10 : 0.2602"
"10,89 : 0.1879"
"89,10 : 0.1879"
"10,90 : 0.4272"
"90,10 : 0.4272"
"10,91 : 0.4866"
"91,10 : 0.4866"
"10,92 : 0.4072"
"92,10 : 0.4072"
"10,93 : 0.4977"
"93,10 : 0.4977"
"10,94 : 0.6277"
"94,10 : 0.6277"
"10,95 : 0.153"
"95,10 : 0.153"
"10,96 : 0.2687"
"96,10 : 0.2687"
"10,97 : 0.3202"
"97,10 : 0.3202"
"10,98 : 0.1442"
"98,10 : 0.1442"
"10,99 : 0.3982"
"99,10 : 0.3982"
"11,12 : 0.3848"
"12,11 : 0.3848"
"11,13 : 0.3863"
"13,11 : 0.3863"
"11,14 : 0.204"
"14,11 : 0.204"
"11,15 : 0.4875"
"15,11 : 0.4875"
"11,16 : 0.1217"
"16,11 : 0.1217"
"11,17 : 0.442"
"17,11 : 0.442"
"11,18 : 0.0361"
"18,11 : 0.0361"
"11,19 : 0.4305"
"19,11 : 0.4305"
"11,20 : 0.4604"
"20,11 : 0.4604"
"11,21 : 0.5805"
"21,11 : 0.5805"
"11,22 : 0.488"
"22,11 : 0.488"
"11,23 : 0.3178"
"23,11 : 0.3178"
"11,24 : 0.3766"
"24,11 : 0.3766"
"11,25 : 0.3624"
"25,11 : 0.3624"
"11,26 : 0.2907"
"26,11 : 0.2907"
"11,27 : 0.471"
"27,11 : 0.471"
"11,28 : 0.458"
"28,11 : 0.458"
"11,29 : 0.644"
"29,11 : 0.644"
"11,30 : 0.3828"
"30,11 : 0.3828"
"11,31 : 0.4528"
"31,11 : 0.4528"
"11,32 : 0.5906"
"32,11 : 0.5906"
"11,33 : 0.2746"
"33,11 : 0.2746"
"11,34 : 0.5025"
"34,11 : 0.5025"
"11,35 : 0.6325"
"35,11 : 0.6325"
"11,36 : 0.5445"
"36,11 : 0.5445"
"11,37 : 0.642"
"37,11 : 0.642"
"11,38 : 0.5738"
"38,11 : 0.5738"
"11,39 : 0.2902"
"39,11 : 0.2902"
"11,40 : 0.322"
"40,11 : 0.322"
"11,41 : 0.2766"
"41,11 : 0.2766"
"11,42 : 0.3635"
"42,11 : 0.3635"
"11,43 : 0.0806"
"43,11 : 0.0806"
"11,44 : 0.6389"
"44,11 : 0.6389"
"11,45 : 0.2126"
"45,11 : 0.2126"
"11,46 : 0.5289"
"46,11 : 0.5289"
"11,47 : 0.3059"
"47,11 : 0.3059"
"11,48 : 0.3176"
"48,11 : 0.3176"
"11,49 : 0.1868"
"49,11 : 0.1868"
"11,50 : 0.4201"
"50,11 : 0.4201"
"11,51 : 0.21"
"51,11 : 0.21"
"11,52 : 0.3895"
"52,11 : 0.3895"
"11,53 : 0.1304"
"53,11 : 0.1304"
"11,54 : 0.5738"
"54,11 : 0.5738"
"11,55 : 0.5672"
"55,11 : 0.5672"
"11,56 : 0.2608"
"56,11 : 0.2608"
"11,57 : 0.3561"
"57,11 : 0.3561"
"11,58 : 0.4525"
"58,11 : 0.4525"
"11,59 : 0.3081"
"59,11 : 0.3081"
"11,60 : 0.6282"
"60,11 : 0.6282"
"11,61 : 0.642"
"61,11 : 0.642"
"11,62 : 0.6907"
"62,11 : 0.6907"
"11,63 : 0.2022"
"63,11 : 0.2022"
"11,64 : 0.2884"
"64,11 : 0.2884"
"11,65 : 0.454"
"65,11 : 0.454"
"11,66 : 0.4588"
"66,11 : 0.4588"
"11,67 : 0.4162"
"67,11 : 0.4162"
"11,68 : 0.35"
"68,11 : 0.35"
"11,69 : 0.2404"
"69,11 : 0.2404"
"11,70 : 0.6507"
"70,11 : 0.6507"
"11,71 : 0.5954"
"71,11 : 0.5954"
"11,72 : 0.5944"
"72,11 : 0.5944"
"11,73 : 0.1526"
"73,11 : 0.1526"
"11,74 : 0.3962"
"74,11 : 0.3962"
"11,75 : 0.5544"
"75,11 : 0.5544"
"11,76 : 0.3936"
"76,11 : 0.3936"
"11,77 : 0.5632"
"77,11 : 0.5632"
"11,78 : 0.4418"
"78,11 : 0.4418"
"11,79 : 0.3895"
"79,11 : 0.3895"
"11,80 : 0.136"
"80,11 : 0.136"
"11,81 : 0.658"
"81,11 : 0.658"
"11,82 : 0.593"
"82,11 : 0.593"
"11,83 : 0.6073"
"83,11 : 0.6073"
"11,84 : 0.1476"
"84,11 : 0.1476"
"11,85 : 0.4763"
"85,11 : 0.4763"
"11,86 : 0.2828"
"86,11 : 0.2828"
"11,87 : 0.3362"
"87,11 : 0.3362"
"11,88 : 0.0781"
"88,11 : 0.0781"
"11,89 : 0.05"
"89,11 : 0.05"
"11,90 : 0.2147"
"90,11 : 0.2147"
"11,91 : 0.5457"
"91,11 : 0.5457"
"11,92 : 0.6203"
"92,11 : 0.6203"
"11,93 : 0.6482"
"93,11 : 0.6482"
"11,94 : 0.6002"
"94,11 : 0.6002"
"11,95 : 0.2059"
"95,11 : 0.2059"
"11,96 : 0.2408"
"96,11 : 0.2408"
"11,97 : 0.1552"
"97,11 : 0.1552"
"11,98 : 0.1581"
"98,11 : 0.1581"
"11,99 : 0.4005"
"99,11 : 0.4005"
"12,13 : 0.3002"
"13,12 : 0.3002"
"12,14 : 0.25"
"14,12 : 0.25"
"12,15 : 0.8207"
"15,12 : 0.8207"
"12,16 : 0.4328"
"16,12 : 0.4328"
"12,17 : 0.7086"
"17,12 : 0.7086"
"12,18 : 0.3808"
"18,12 : 0.3808"
"12,19 : 0.7783"
"19,12 : 0.7783"
"12,20 : 0.2377"
"20,12 : 0.2377"
"12,21 : 0.9464"
"21,12 : 0.9464"
"12,22 : 0.5101"
"22,12 : 0.5101"
"12,23 : 0.0671"
"23,12 : 0.0671"
"12,24 : 0.4696"
"24,12 : 0.4696"
"12,25 : 0.3962"
"25,12 : 0.3962"
"12,26 : 0.5826"
"26,12 : 0.5826"
"12,27 : 0.2247"
"27,12 : 0.2247"
"12,28 : 0.536"
"28,12 : 0.536"
"12,29 : 0.7433"
"29,12 : 0.7433"
"12,30 : 0.7106"
"30,12 : 0.7106"
"12,31 : 0.6798"
"31,12 : 0.6798"
"12,32 : 0.4717"
"32,12 : 0.4717"
"12,33 : 0.6576"
"33,12 : 0.6576"
"12,34 : 0.4276"
"34,12 : 0.4276"
"12,35 : 0.9381"
"35,12 : 0.9381"
"12,36 : 0.914"
"36,12 : 0.914"
"12,37 : 0.6712"
"37,12 : 0.6712"
"12,38 : 0.5459"
"38,12 : 0.5459"
"12,39 : 0.6622"
"39,12 : 0.6622"
"12,40 : 0.507"
"40,12 : 0.507"
"12,41 : 0.5604"
"41,12 : 0.5604"
"12,42 : 0.656"
"42,12 : 0.656"
"12,43 : 0.3493"
"43,12 : 0.3493"
"12,44 : 0.6528"
"44,12 : 0.6528"
"12,45 : 0.191"
"45,12 : 0.191"
"12,46 : 0.1612"
"46,12 : 0.1612"
"12,47 : 0.6576"
"47,12 : 0.6576"
"12,48 : 0.7021"
"48,12 : 0.7021"
"12,49 : 0.4005"
"49,12 : 0.4005"
"12,50 : 0.1924"
"50,12 : 0.1924"
"12,51 : 0.3536"
"51,12 : 0.3536"
"12,52 : 0.6907"
"52,12 : 0.6907"
"12,53 : 0.4993"
"53,12 : 0.4993"
"12,54 : 0.895"
"54,12 : 0.895"
"12,55 : 0.3265"
"55,12 : 0.3265"
"12,56 : 0.1664"
"56,12 : 0.1664"
"12,57 : 0.0922"
"57,12 : 0.0922"
"12,58 : 0.8242"
"58,12 : 0.8242"
"12,59 : 0.3544"
"59,12 : 0.3544"
"12,60 : 0.9181"
"60,12 : 0.9181"
"12,61 : 0.9982"
"61,12 : 0.9982"
"12,62 : 0.5924"
"62,12 : 0.5924"
"12,63 : 0.5652"
"63,12 : 0.5652"
"12,64 : 0.11"
"64,12 : 0.11"
"12,65 : 0.735"
"65,12 : 0.735"
"12,66 : 0.3036"
"66,12 : 0.3036"
"12,67 : 0.512"
"67,12 : 0.512"
"12,68 : 0.3982"
"68,12 : 0.3982"
"12,69 : 0.5201"
"69,12 : 0.5201"
"12,70 : 0.6217"
"70,12 : 0.6217"
"12,71 : 0.481"
"71,12 : 0.481"
"12,72 : 0.3701"
"72,12 : 0.3701"
"12,73 : 0.5367"
"73,12 : 0.5367"
"12,74 : 0.6335"
"74,12 : 0.6335"
"12,75 : 0.2193"
"75,12 : 0.2193"
"12,76 : 0.7003"
"76,12 : 0.7003"
"12,77 : 0.8286"
"77,12 : 0.8286"
"12,78 : 0.2193"
"78,12 : 0.2193"
"12,79 : 0.6907"
"79,12 : 0.6907"
"12,80 : 0.5188"
"80,12 : 0.5188"
"12,81 : 0.2731"
"81,12 : 0.2731"
"12,82 : 0.8041"
"82,12 : 0.8041"
"12,83 : 0.7593"
"83,12 : 0.7593"
"12,84 : 0.4031"
"84,12 : 0.4031"
"12,85 : 0.1414"
"85,12 : 0.1414"
"12,86 : 0.5515"
"86,12 : 0.5515"
"12,87 : 0.05"
"87,12 : 0.05"
"12,88 : 0.4565"
"88,12 : 0.4565"
"12,89 : 0.3362"
"89,12 : 0.3362"
"12,90 : 0.5433"
"90,12 : 0.5433"
"12,91 : 0.7242"
"91,12 : 0.7242"
"12,92 : 0.4442"
"92,12 : 0.4442"
"12,93 : 0.6719"
"93,12 : 0.6719"
"12,94 : 0.8798"
"94,12 : 0.8798"
"12,95 : 0.1803"
"95,12 : 0.1803"
"12,96 : 0.5186"
"96,12 : 0.5186"
"12,97 : 0.3901"
"97,12 : 0.3901"
"12,98 : 0.3895"
"98,12 : 0.3895"
"12,99 : 0.65"
"99,12 : 0.65"
"13,14 : 0.1887"
"14,13 : 0.1887"
"13,15 : 0.6441"
"15,13 : 0.6441"
"13,16 : 0.3406"
"16,13 : 0.3406"
"13,17 : 0.8199"
"17,13 : 0.8199"
"13,18 : 0.3574"
"18,13 : 0.3574"
"13,19 : 0.6239"
"19,13 : 0.6239"
"13,20 : 0.5295"
"20,13 : 0.5295"
"13,21 : 0.8041"
"21,13 : 0.8041"
"13,22 : 0.211"
"22,13 : 0.211"
"13,23 : 0.2789"
"23,13 : 0.2789"
"13,24 : 0.6671"
