x,y
0.28,0.82
0.76,0.81
0.05,0.38
0.82,0.24
0.06,0.43
0.09,0.58
0.13,0.53
0.36,0.75
0.21,0.33
0.46,0.5
0.43,0.81
0.08,0.32
0.17,0.14
0.36,0.53
0.01,0.42
0.27,0.81
0.6,0.86
0.64,0.94
0.28,0.65
0.36,0.09
0.18,0.62
0.89,0.34
0.22,0.23
0.1,0.2
0.31,0.19
0.12,0.26
0.06,0.13
0.57,0.91
0.73,0.63
0.37,0.62
0.96,1.0
0.13,0.75
0.54,0.03
0.81,0.34
0.99,0.56
0.41,0.46
0.58,0.02
0.73,0.99
0.7,0.49
0.28,0.37
0.12,0.26
0.22,0.29
0.51,0.81
0.52,0.68
0.87,0.51
0.64,0.41
0.94,0.28
0.85,0.83
0.65,0.74
0.04,0.39
0.69,0.77
0.47,0.9
0.01,0.42
0.7,0.08
0.19,0.96
0.38,0.89
0.92,0.78
0.81,0.31
0.18,0.16
0.92,0.98
0.78,0.3
0.65,0.68
0.9,0.38
0.88,0.64
0.68,0.74
0.76,0.27
0.15,0.28
0.41,0.17
0.19,0.84
0.61,0.36
0.98,0.29
0.13,0.08
0.53,0.35
0.08,0.53
0.99,0.54
0.54,0.21
0.17,0.43
0.7,0.82
0.38,0.95
0.74,0.35
0.14,0.35
0.91,0.44
0.08,0.65
0.73,0.57
0.03,0.3
0.02,0.88
0.21,0.77
0.59,0.21
0.59,0.22
0.33,0.57
0.76,0.21
0.51,0.43
0.14,0.99
0.61,0.28
0.52,0.07
0.72,0.21
0.64,0.13
0.65,0.55
0.06,0.27
0.59,0.1

Distanze
"0,1 : 0.4801"
"1,0 : 0.4801"
"0,2 : 0.4965"
"2,0 : 0.4965"
"0,3 : 0.7925"
"3,0 : 0.7925"
"0,4 : 0.4478"
"4,0 : 0.4478"
"0,5 : 0.3061"
"5,0 : 0.3061"
"0,6 : 0.3265"
"6,0 : 0.3265"
"0,7 : 0.1063"
"7,0 : 0.1063"
"0,8 : 0.495"
"8,0 : 0.495"
"0,9 : 0.3672"
"9,0 : 0.3672"
"0,10 : 0.1503"
"10,0 : 0.1503"
"0,11 : 0.5385"
"11,0 : 0.5385"
"0,12 : 0.6888"
"12,0 : 0.6888"
"0,13 : 0.3008"
"13,0 : 0.3008"
"0,14 : 0.4826"
"14,0 : 0.4826"
"0,15 : 0.0141"
"15,0 : 0.0141"
"0,16 : 0.3225"
"16,0 : 0.3225"
"0,17 : 0.3795"
"17,0 : 0.3795"
"0,18 : 0.17"
"18,0 : 0.17"
"0,19 : 0.7344"
"19,0 : 0.7344"
"0,20 : 0.2236"
"20,0 : 0.2236"
"0,21 : 0.7762"
"21,0 : 0.7762"
"0,22 : 0.593"
"22,0 : 0.593"
"0,23 : 0.6456"
"23,0 : 0.6456"
"0,24 : 0.6307"
"24,0 : 0.6307"
"0,25 : 0.5824"
"25,0 : 0.5824"
"0,26 : 0.7242"
"26,0 : 0.7242"
"0,27 : 0.3036"
"27,0 : 0.3036"
"0,28 : 0.4885"
"28,0 : 0.4885"
"0,29 : 0.2193"
"29,0 : 0.2193"
"0,30 : 0.7034"
"30,0 : 0.7034"
"0,31 : 0.1655"
"31,0 : 0.1655"
"0,32 : 0.8317"
"32,0 : 0.8317"
"0,33 : 0.7151"
"33,0 : 0.7151"
"0,34 : 0.7561"
"34,0 : 0.7561"
"0,35 : 0.3828"
"35,0 : 0.3828"
"0,36 : 0.8544"
"36,0 : 0.8544"
"0,37 : 0.481"
"37,0 : 0.481"
"0,38 : 0.5341"
"38,0 : 0.5341"
"0,39 : 0.45"
"39,0 : 0.45"
"0,40 : 0.5824"
"40,0 : 0.5824"
"0,41 : 0.5334"
"41,0 : 0.5334"
"0,42 : 0.2302"
"42,0 : 0.2302"
"0,43 : 0.2778"
"43,0 : 0.2778"
"0,44 : 0.6665"
"44,0 : 0.6665"
"0,45 : 0.5456"
"45,0 : 0.5456"
"0,46 : 0.8528"
"46,0 : 0.8528"
"0,47 : 0.5701"
"47,0 : 0.5701"
"0,48 : 0.3785"
"48,0 : 0.3785"
"0,49 : 0.4924"
"49,0 : 0.4924"
"0,50 : 0.413"
"50,0 : 0.413"
"0,51 : 0.2062"
"51,0 : 0.2062"
"0,52 : 0.4826"
"52,0 : 0.4826"
"0,53 : 0.8509"
"53,0 : 0.8509"
"0,54 : 0.1664"
"54,0 : 0.1664"
"0,55 : 0.1221"
"55,0 : 0.1221"
"0,56 : 0.6412"
"56,0 : 0.6412"
"0,57 : 0.7355"
"57,0 : 0.7355"
"0,58 : 0.6675"
"58,0 : 0.6675"
"0,59 : 0.6597"
"59,0 : 0.6597"
"0,60 : 0.7214"
"60,0 : 0.7214"
"0,61 : 0.3956"
"61,0 : 0.3956"
"0,62 : 0.7603"
"62,0 : 0.7603"
"0,63 : 0.6264"
"63,0 : 0.6264"
"0,64 : 0.4079"
"64,0 : 0.4079"
"0,65 : 0.73"
"65,0 : 0.73"
"0,66 : 0.5554"
"66,0 : 0.5554"
"0,67 : 0.6629"
"67,0 : 0.6629"
"0,68 : 0.0922"
"68,0 : 0.0922"
"0,69 : 0.5661"
"69,0 : 0.5661"
"0,70 : 0.878"
"70,0 : 0.878"
"0,71 : 0.755"
"71,0 : 0.755"
"0,72 : 0.5324"
"72,0 : 0.5324"
"0,73 : 0.3523"
"73,0 : 0.3523"
"0,74 : 0.7632"
"74,0 : 0.7632"
"0,75 : 0.6631"
"75,0 : 0.6631"
"0,76 : 0.4052"
"76,0 : 0.4052"
"0,77 : 0.42"
"77,0 : 0.42"
"0,78 : 0.164"
"78,0 : 0.164"
"0,79 : 0.6576"
"79,0 : 0.6576"
"0,80 : 0.4904"
"80,0 : 0.4904"
"0,81 : 0.7357"
"81,0 : 0.7357"
"0,82 : 0.2625"
"82,0 : 0.2625"
"0,83 : 0.5148"
"83,0 : 0.5148"
"0,84 : 0.577"
"84,0 : 0.577"
"0,85 : 0.2668"
"85,0 : 0.2668"
"0,86 : 0.086"
"86,0 : 0.086"
"0,87 : 0.6843"
"87,0 : 0.6843"
"0,88 : 0.6754"
"88,0 : 0.6754"
"0,89 : 0.255"
"89,0 : 0.255"
"0,90 : 0.7762"
"90,0 : 0.7762"
"0,91 : 0.4528"
"91,0 : 0.4528"
"0,92 : 0.2202"
"92,0 : 0.2202"
"0,93 : 0.6329"
"93,0 : 0.6329"
"0,94 : 0.7875"
"94,0 : 0.7875"
"0,95 : 0.7521"
"95,0 : 0.7521"
"0,96 : 0.7783"
"96,0 : 0.7783"
"0,97 : 0.458"
"97,0 : 0.458"
"0,98 : 0.5924"
"98,0 : 0.5924"
"0,99 : 0.7839"
"99,0 : 0.7839"
"1,2 : 0.8301"
"2,1 : 0.8301"
"1,3 : 0.5731"
"3,1 : 0.5731"
"1,4 : 0.7965"
"4,1 : 0.7965"
"1,5 : 0.7084"
"5,1 : 0.7084"
"1,6 : 0.6894"
"6,1 : 0.6894"
"1,7 : 0.4045"
"7,1 : 0.4045"
"1,8 : 0.73"
"8,1 : 0.73"
"1,9 : 0.4314"
"9,1 : 0.4314"
"1,10 : 0.33"
"10,1 : 0.33"
"1,11 : 0.8382"
"11,1 : 0.8382"
"1,12 : 0.8927"
"12,1 : 0.8927"
"1,13 : 0.4883"
"13,1 : 0.4883"
"1,14 : 0.8453"
"14,1 : 0.8453"
"1,15 : 0.49"
"15,1 : 0.49"
"1,16 : 0.1676"
"16,1 : 0.1676"
"1,17 : 0.1769"
"17,1 : 0.1769"
"1,18 : 0.506"
"18,1 : 0.506"
"1,19 : 0.8237"
"19,1 : 0.8237"
"1,20 : 0.6103"
"20,1 : 0.6103"
"1,21 : 0.4876"
"21,1 : 0.4876"
"1,22 : 0.7925"
"22,1 : 0.7925"
"1,23 : 0.8987"
"23,1 : 0.8987"
"1,24 : 0.7661"
"24,1 : 0.7661"
"1,25 : 0.8439"
"25,1 : 0.8439"
"1,26 : 0.9759"
"26,1 : 0.9759"
"1,27 : 0.2147"
"27,1 : 0.2147"
"1,28 : 0.1825"
"28,1 : 0.1825"
"1,29 : 0.4338"
"29,1 : 0.4338"
"1,30 : 0.2759"
"30,1 : 0.2759"
"1,31 : 0.6329"
"31,1 : 0.6329"
"1,32 : 0.8104"
"32,1 : 0.8104"
"1,33 : 0.4727"
"33,1 : 0.4727"
"1,34 : 0.3397"
"34,1 : 0.3397"
"1,35 : 0.495"
"35,1 : 0.495"
"1,36 : 0.8102"
"36,1 : 0.8102"
"1,37 : 0.1825"
"37,1 : 0.1825"
"1,38 : 0.3256"
"38,1 : 0.3256"
"1,39 : 0.6512"
"39,1 : 0.6512"
"1,40 : 0.8439"
"40,1 : 0.8439"
"1,41 : 0.7497"
"41,1 : 0.7497"
"1,42 : 0.25"
"42,1 : 0.25"
"1,43 : 0.2729"
"43,1 : 0.2729"
"1,44 : 0.3195"
"44,1 : 0.3195"
"1,45 : 0.4176"
"45,1 : 0.4176"
"1,46 : 0.5597"
"46,1 : 0.5597"
"1,47 : 0.0922"
"47,1 : 0.0922"
"1,48 : 0.1304"
"48,1 : 0.1304"
"1,49 : 0.8335"
"49,1 : 0.8335"
"1,50 : 0.0806"
"50,1 : 0.0806"
"1,51 : 0.3036"
"51,1 : 0.3036"
"1,52 : 0.8453"
"52,1 : 0.8453"
"1,53 : 0.7325"
"53,1 : 0.7325"
"1,54 : 0.5894"
"54,1 : 0.5894"
"1,55 : 0.3883"
"55,1 : 0.3883"
"1,56 : 0.1628"
"56,1 : 0.1628"
"1,57 : 0.5025"
"57,1 : 0.5025"
"1,58 : 0.8711"
"58,1 : 0.8711"
"1,59 : 0.2335"
"59,1 : 0.2335"
"1,60 : 0.5104"
"60,1 : 0.5104"
"1,61 : 0.1703"
"61,1 : 0.1703"
"1,62 : 0.4522"
"62,1 : 0.4522"
"1,63 : 0.2081"
"63,1 : 0.2081"
"1,64 : 0.1063"
"64,1 : 0.1063"
"1,65 : 0.54"
"65,1 : 0.54"
"1,66 : 0.8081"
"66,1 : 0.8081"
"1,67 : 0.7295"
"67,1 : 0.7295"
"1,68 : 0.5708"
"68,1 : 0.5708"
"1,69 : 0.4743"
"69,1 : 0.4743"
"1,70 : 0.5646"
"70,1 : 0.5646"
"1,71 : 0.9643"
"71,1 : 0.9643"
"1,72 : 0.5143"
"72,1 : 0.5143"
"1,73 : 0.7354"
"73,1 : 0.7354"
"1,74 : 0.3547"
"74,1 : 0.3547"
"1,75 : 0.6391"
"75,1 : 0.6391"
"1,76 : 0.7018"
"76,1 : 0.7018"
"1,77 : 0.0608"
"77,1 : 0.0608"
"1,78 : 0.405"
"78,1 : 0.405"
"1,79 : 0.4604"
"79,1 : 0.4604"
"1,80 : 0.772"
"80,1 : 0.772"
"1,81 : 0.3992"
"81,1 : 0.3992"
"1,82 : 0.6986"
"82,1 : 0.6986"
"1,83 : 0.2419"
"83,1 : 0.2419"
"1,84 : 0.8905"
"84,1 : 0.8905"
"1,85 : 0.7433"
"85,1 : 0.7433"
"1,86 : 0.5515"
"86,1 : 0.5515"
"1,87 : 0.6236"
"87,1 : 0.6236"
"1,88 : 0.614"
"88,1 : 0.614"
"1,89 : 0.4924"
"89,1 : 0.4924"
"1,90 : 0.6"
"90,1 : 0.6"
"1,91 : 0.4549"
"91,1 : 0.4549"
"1,92 : 0.6456"
"92,1 : 0.6456"
"1,93 : 0.5508"
"93,1 : 0.5508"
"1,94 : 0.7779"
"94,1 : 0.7779"
"1,95 : 0.6013"
"95,1 : 0.6013"
"1,96 : 0.6905"
"96,1 : 0.6905"
"1,97 : 0.2823"
"97,1 : 0.2823"
"1,98 : 0.8841"
"98,1 : 0.8841"
"1,99 : 0.7301"
"99,1 : 0.7301"
"2,3 : 0.7826"
"3,2 : 0.7826"
"2,4 : 0.051"
"4,2 : 0.051"
"2,5 : 0.204"
"5,2 : 0.204"
"2,6 : 0.17"
"6,2 : 0.17"
"2,7 : 0.4827"
"7,2 : 0.4827"
"2,8 : 0.1676"
"8,2 : 0.1676"
"2,9 : 0.4272"
"9,2 : 0.4272"
"2,10 : 0.5738"
"10,2 : 0.5738"
"2,11 : 0.0671"
"11,2 : 0.0671"
"2,12 : 0.2683"
"12,2 : 0.2683"
"2,13 : 0.3444"
"13,2 : 0.3444"
"2,14 : 0.0566"
"14,2 : 0.0566"
"2,15 : 0.483"
"15,2 : 0.483"
"2,16 : 0.73"
"16,2 : 0.73"
"2,17 : 0.8134"
"17,2 : 0.8134"
"2,18 : 0.3547"
"18,2 : 0.3547"
"2,19 : 0.4245"
"19,2 : 0.4245"
"2,20 : 0.2729"
"20,2 : 0.2729"
"2,21 : 0.841"
"21,2 : 0.841"
"2,22 : 0.2267"
"22,2 : 0.2267"
"2,23 : 0.1868"
"23,2 : 0.1868"
"2,24 : 0.322"
"24,2 : 0.322"
"2,25 : 0.1389"
"25,2 : 0.1389"
"2,26 : 0.2502"
"26,2 : 0.2502"
"2,27 : 0.7425"
"27,2 : 0.7425"
"2,28 : 0.7245"
"28,2 : 0.7245"
"2,29 : 0.4"
"29,2 : 0.4"
"2,30 : 1.1011"
"30,2 : 1.1011"
"2,31 : 0.3785"
"31,2 : 0.3785"
"2,32 : 0.6022"
"32,2 : 0.6022"
"2,33 : 0.7611"
"33,2 : 0.7611"
"2,34 : 0.9571"
"34,2 : 0.9571"
"2,35 : 0.3688"
"35,2 : 0.3688"
"2,36 : 0.6407"
"36,2 : 0.6407"
"2,37 : 0.9135"
"37,2 : 0.9135"
"2,38 : 0.6592"
"38,2 : 0.6592"
"2,39 : 0.2302"
"39,2 : 0.2302"
"2,40 : 0.1389"
"40,2 : 0.1389"
"2,41 : 0.1924"
"41,2 : 0.1924"
"2,42 : 0.6297"
"42,2 : 0.6297"
"2,43 : 0.5576"
"43,2 : 0.5576"
"2,44 : 0.8302"
"44,2 : 0.8302"
"2,45 : 0.5908"
"45,2 : 0.5908"
"2,46 : 0.8956"
"46,2 : 0.8956"
"2,47 : 0.9179"
"47,2 : 0.9179"
"2,48 : 0.6997"
"48,2 : 0.6997"
"2,49 : 0.0141"
"49,2 : 0.0141"
"2,50 : 0.7495"
"50,2 : 0.7495"
"2,51 : 0.6684"
"51,2 : 0.6684"
"2,52 : 0.0566"
"52,2 : 0.0566"
"2,53 : 0.7159"
"53,2 : 0.7159"
"2,54 : 0.5967"
"54,2 : 0.5967"
"2,55 : 0.6075"
"55,2 : 0.6075"
"2,56 : 0.9575"
"56,2 : 0.9575"
"2,57 : 0.7632"
"57,2 : 0.7632"
"2,58 : 0.2555"
"58,2 : 0.2555"
"2,59 : 1.0568"
"59,2 : 1.0568"
"2,60 : 0.7344"
"60,2 : 0.7344"
"2,61 : 0.6708"
"61,2 : 0.6708"
"2,62 : 0.85"
"62,2 : 0.85"
"2,63 : 0.8698"
"63,2 : 0.8698"
"2,64 : 0.7256"
"64,2 : 0.7256"
"2,65 : 0.7185"
"65,2 : 0.7185"
"2,66 : 0.1414"
"66,2 : 0.1414"
"2,67 : 0.4168"
"67,2 : 0.4168"
"2,68 : 0.4808"
"68,2 : 0.4808"
"2,69 : 0.5604"
"69,2 : 0.5604"
"2,70 : 0.9343"
"70,2 : 0.9343"
"2,71 : 0.3105"
"71,2 : 0.3105"
"2,72 : 0.4809"
"72,2 : 0.4809"
"2,73 : 0.153"
"73,2 : 0.153"
"2,74 : 0.9535"
"74,2 : 0.9535"
"2,75 : 0.5187"
"75,2 : 0.5187"
"2,76 : 0.13"
"76,2 : 0.13"
"2,77 : 0.7849"
"77,2 : 0.7849"
"2,78 : 0.6586"
"78,2 : 0.6586"
"2,79 : 0.6907"
"79,2 : 0.6907"
"2,80 : 0.0949"
"80,2 : 0.0949"
"2,81 : 0.8621"
"81,2 : 0.8621"
"2,82 : 0.2717"
"82,2 : 0.2717"
"2,83 : 0.706"
"83,2 : 0.706"
"2,84 : 0.0825"
"84,2 : 0.0825"
"2,85 : 0.5009"
"85,2 : 0.5009"
"2,86 : 0.4215"
"86,2 : 0.4215"
"2,87 : 0.5661"
"87,2 : 0.5661"
"2,88 : 0.5632"
"88,2 : 0.5632"
"2,89 : 0.3384"
"89,2 : 0.3384"
"2,90 : 0.7301"
"90,2 : 0.7301"
"2,91 : 0.4627"
"91,2 : 0.4627"
"2,92 : 0.6166"
"92,2 : 0.6166"
"2,93 : 0.5689"
"93,2 : 0.5689"
"2,94 : 0.563"
"94,2 : 0.563"
"2,95 : 0.6912"
"95,2 : 0.6912"
"2,96 : 0.6408"
"96,2 : 0.6408"
"2,97 : 0.6236"
"97,2 : 0.6236"
"2,98 : 0.1105"
"98,2 : 0.1105"
"2,99 : 0.6083"
"99,2 : 0.6083"
"3,4 : 0.7834"
"4,3 : 0.7834"
"3,5 : 0.8053"
"5,3 : 0.8053"
"3,6 : 0.7485"
"6,3 : 0.7485"
"3,7 : 0.6868"
"7,3 : 0.6868"
"3,8 : 0.6166"
"8,3 : 0.6166"
"3,9 : 0.4441"
"9,3 : 0.4441"
"3,10 : 0.6907"
"10,3 : 0.6907"
"3,11 : 0.7443"
"11,3 : 0.7443"
"3,12 : 0.6576"
"12,3 : 0.6576"
"3,13 : 0.5438"
"13,3 : 0.5438"
"3,14 : 0.8298"
"14,3 : 0.8298"
"3,15 : 0.7921"
"15,3 : 0.7921"
"3,16 : 0.6579"
"16,3 : 0.6579"
"3,17 : 0.7228"
"17,3 : 0.7228"
"3,18 : 0.678"
"18,3 : 0.678"
"3,19 : 0.4838"
"19,3 : 0.4838"
"3,20 : 0.7443"
"20,3 : 0.7443"
"3,21 : 0.1221"
"21,3 : 0.1221"
"3,22 : 0.6001"
"22,3 : 0.6001"
"3,23 : 0.7211"
"23,3 : 0.7211"
"3,24 : 0.5124"
"24,3 : 0.5124"
"3,25 : 0.7003"
"25,3 : 0.7003"
"3,26 : 0.7679"
"26,3 : 0.7679"
"3,27 : 0.7151"
"27,3 : 0.7151"
"3,28 : 0.4002"
"28,3 : 0.4002"
"3,29 : 0.589"
"29,3 : 0.589"
"3,30 : 0.7728"
"30,3 : 0.7728"
"3,31 : 0.858"
"31,3 : 0.858"
"3,32 : 0.35"
"32,3 : 0.35"
"3,33 : 0.1005"
"33,3 : 0.1005"
"3,34 : 0.3624"
"34,3 : 0.3624"
"3,35 : 0.4653"
"35,3 : 0.4653"
"3,36 : 0.3256"
"36,3 : 0.3256"
"3,37 : 0.7554"
"37,3 : 0.7554"
"3,38 : 0.2773"
"38,3 : 0.2773"
"3,39 : 0.5554"
"39,3 : 0.5554"
"3,40 : 0.7003"
"40,3 : 0.7003"
"3,41 : 0.6021"
"41,3 : 0.6021"
"3,42 : 0.6488"
"42,3 : 0.6488"
"3,43 : 0.5325"
"43,3 : 0.5325"
"3,44 : 0.2746"
"44,3 : 0.2746"
"3,45 : 0.2476"
"45,3 : 0.2476"
"3,46 : 0.1265"
"46,3 : 0.1265"
"3,47 : 0.5908"
"47,3 : 0.5908"
"3,48 : 0.5281"
"48,3 : 0.5281"
"3,49 : 0.7943"
"49,3 : 0.7943"
"3,50 : 0.5457"
"50,3 : 0.5457"
"3,51 : 0.7471"
"51,3 : 0.7471"
"3,52 : 0.8298"
"52,3 : 0.8298"
"3,53 : 0.2"
"53,3 : 0.2"
"3,54 : 0.9567"
"54,3 : 0.9567"
"3,55 : 0.7849"
"55,3 : 0.7849"
"3,56 : 0.5492"
"56,3 : 0.5492"
"3,57 : 0.0707"
"57,3 : 0.0707"
"3,58 : 0.645"
"58,3 : 0.645"
"3,59 : 0.7467"
"59,3 : 0.7467"
"3,60 : 0.0721"
"60,3 : 0.0721"
"3,61 : 0.4717"
"61,3 : 0.4717"
"3,62 : 0.1612"
"62,3 : 0.1612"
"3,63 : 0.4045"
"63,3 : 0.4045"
"3,64 : 0.5192"
"64,3 : 0.5192"
"3,65 : 0.0671"
"65,3 : 0.0671"
"3,66 : 0.6712"
"66,3 : 0.6712"
"3,67 : 0.4159"
"67,3 : 0.4159"
"3,68 : 0.87"
"68,3 : 0.87"
"3,69 : 0.2419"
"69,3 : 0.2419"
"3,70 : 0.1676"
"70,3 : 0.1676"
"3,71 : 0.7083"
"71,3 : 0.7083"
"3,72 : 0.3102"
"72,3 : 0.3102"
"3,73 : 0.7948"
"73,3 : 0.7948"
"3,74 : 0.3448"
"74,3 : 0.3448"
"3,75 : 0.2816"
"75,3 : 0.2816"
"3,76 : 0.6772"
"76,3 : 0.6772"
"3,77 : 0.5923"
"77,3 : 0.5923"
"3,78 : 0.8353"
"78,3 : 0.8353"
"3,79 : 0.136"
"79,3 : 0.136"
"3,80 : 0.6888"
"80,3 : 0.6888"
"3,81 : 0.2193"
"81,3 : 0.2193"
"3,82 : 0.846"
"82,3 : 0.846"
"3,83 : 0.3421"
"83,3 : 0.3421"
"3,84 : 0.7923"
"84,3 : 0.7923"
"3,85 : 1.0245"
"85,3 : 1.0245"
"3,86 : 0.8081"
"86,3 : 0.8081"
"3,87 : 0.2319"
"87,3 : 0.2319"
"3,88 : 0.2309"
"88,3 : 0.2309"
"3,89 : 0.5908"
"89,3 : 0.5908"
"3,90 : 0.0671"
"90,3 : 0.0671"
"3,91 : 0.3636"
"91,3 : 0.3636"
"3,92 : 1.0124"
"92,3 : 1.0124"
"3,93 : 0.2138"
"93,3 : 0.2138"
"3,94 : 0.3448"
"94,3 : 0.3448"
"3,95 : 0.1044"
"95,3 : 0.1044"
"3,96 : 0.211"
"96,3 : 0.211"
"3,97 : 0.3536"
"97,3 : 0.3536"
"3,98 : 0.7606"
"98,3 : 0.7606"
"3,99 : 0.2693"
"99,3 : 0.2693"
"4,5 : 0.153"
"5,4 : 0.153"
"4,6 : 0.1221"
"6,4 : 0.1221"
"4,7 : 0.4386"
"7,4 : 0.4386"
"4,8 : 0.1803"
"8,4 : 0.1803"
"4,9 : 0.4061"
"9,4 : 0.4061"
"4,10 : 0.5304"
"10,4 : 0.5304"
"4,11 : 0.1118"
"11,4 : 0.1118"
"4,12 : 0.3102"
"12,4 : 0.3102"
"4,13 : 0.3162"
"13,4 : 0.3162"
"4,14 : 0.051"
"14,4 : 0.051"
"4,15 : 0.4342"
"15,4 : 0.4342"
"4,16 : 0.6903"
"16,4 : 0.6903"
"4,17 : 0.7723"
"17,4 : 0.7723"
"4,18 : 0.3111"
"18,4 : 0.3111"
"4,19 : 0.4534"
"19,4 : 0.4534"
"4,20 : 0.2247"
"20,4 : 0.2247"
"4,21 : 0.8349"
"21,4 : 0.8349"
"4,22 : 0.2561"
"22,4 : 0.2561"
"4,23 : 0.2335"
"23,4 : 0.2335"
"4,24 : 0.3466"
"24,4 : 0.3466"
"4,25 : 0.1803"
"25,4 : 0.1803"
"4,26 : 0.3"
"26,4 : 0.3"
"4,27 : 0.7004"
"27,4 : 0.7004"
"4,28 : 0.6992"
"28,4 : 0.6992"
"4,29 : 0.3636"
"29,4 : 0.3636"
"4,30 : 1.0653"
"30,4 : 1.0653"
"4,31 : 0.3276"
"31,4 : 0.3276"
"4,32 : 0.6248"
"32,4 : 0.6248"
"4,33 : 0.7554"
"33,4 : 0.7554"
"4,34 : 0.939"
"34,4 : 0.939"
"4,35 : 0.3513"
"35,4 : 0.3513"
"4,36 : 0.6622"
"36,4 : 0.6622"
"4,37 : 0.8732"
"37,4 : 0.8732"
"4,38 : 0.6428"
"38,4 : 0.6428"
"4,39 : 0.228"
"39,4 : 0.228"
"4,40 : 0.1803"
"40,4 : 0.1803"
"4,41 : 0.2126"
"41,4 : 0.2126"
"4,42 : 0.589"
"42,4 : 0.589"
"4,43 : 0.5235"
"43,4 : 0.5235"
"4,44 : 0.8139"
"44,4 : 0.8139"
"4,45 : 0.5803"
"45,4 : 0.5803"
"4,46 : 0.8927"
"46,4 : 0.8927"
"4,47 : 0.8855"
"47,4 : 0.8855"
"4,48 : 0.6665"
"48,4 : 0.6665"
"4,49 : 0.0447"
"49,4 : 0.0447"
"4,50 : 0.7159"
"50,4 : 0.7159"
"4,51 : 0.6237"
"51,4 : 0.6237"
"4,52 : 0.051"
"52,4 : 0.051"
"4,53 : 0.7295"
"53,4 : 0.7295"
"4,54 : 0.5457"
"54,4 : 0.5457"
"4,55 : 0.5604"
"55,4 : 0.5604"
"4,56 : 0.9285"
"56,4 : 0.9285"
"4,57 : 0.7595"
"57,4 : 0.7595"
"4,58 : 0.2955"
"58,4 : 0.2955"
"4,59 : 1.0208"
"59,4 : 1.0208"
"4,60 : 0.7316"
"60,4 : 0.7316"
"4,61 : 0.6408"
"61,4 : 0.6408"
"4,62 : 0.8415"
"62,4 : 0.8415"
"4,63 : 0.8465"
"63,4 : 0.8465"
"4,64 : 0.6932"
"64,4 : 0.6932"
"4,65 : 0.7181"
"65,4 : 0.7181"
"4,66 : 0.1749"
"66,4 : 0.1749"
"4,67 : 0.436"
"67,4 : 0.436"
"4,68 : 0.4301"
"68,4 : 0.4301"
"4,69 : 0.5544"
"69,4 : 0.5544"
"4,70 : 0.9306"
"70,4 : 0.9306"
"4,71 : 0.3569"
"71,4 : 0.3569"
"4,72 : 0.4768"
"72,4 : 0.4768"
"4,73 : 0.102"
"73,4 : 0.102"
"4,74 : 0.9365"
"74,4 : 0.9365"
"4,75 : 0.528"
"75,4 : 0.528"
"4,76 : 0.11"
"76,4 : 0.11"
"4,77 : 0.7495"
"77,4 : 0.7495"
"4,78 : 0.6106"
"78,4 : 0.6106"
"4,79 : 0.6847"
"79,4 : 0.6847"
"4,80 : 0.1131"
"80,4 : 0.1131"
"4,81 : 0.8501"
"81,4 : 0.8501"
"4,82 : 0.2209"
"82,4 : 0.2209"
"4,83 : 0.6845"
"83,4 : 0.6845"
"4,84 : 0.1334"
"84,4 : 0.1334"
"4,85 : 0.4518"
"85,4 : 0.4518"
"4,86 : 0.3716"
"86,4 : 0.3716"
"4,87 : 0.5738"
"87,4 : 0.5738"
"4,88 : 0.5701"
"88,4 : 0.5701"
"4,89 : 0.3041"
"89,4 : 0.3041"
"4,90 : 0.7338"
"90,4 : 0.7338"
"4,91 : 0.45"
"91,4 : 0.45"
"4,92 : 0.5657"
"92,4 : 0.5657"
"4,93 : 0.5701"
"93,4 : 0.5701"
"4,94 : 0.5841"
"94,4 : 0.5841"
"4,95 : 0.6957"
"95,4 : 0.6957"
"4,96 : 0.653"
"96,4 : 0.653"
"4,97 : 0.6021"
"97,4 : 0.6021"
"4,98 : 0.16"
"98,4 : 0.16"
"4,99 : 0.6243"
"99,4 : 0.6243"
"5,6 : 0.064"
"6,5 : 0.064"
"5,7 : 0.3191"
"7,5 : 0.3191"
"5,8 : 0.2773"
"8,5 : 0.2773"
"5,9 : 0.3785"
"9,5 : 0.3785"
"5,10 : 0.4105"
"10,5 : 0.4105"
"5,11 : 0.2602"
"11,5 : 0.2602"
"5,12 : 0.4472"
"12,5 : 0.4472"
"5,13 : 0.2746"
"13,5 : 0.2746"
"5,14 : 0.1789"
"14,5 : 0.1789"
"5,15 : 0.2921"
"15,5 : 0.2921"
"5,16 : 0.5818"
"16,5 : 0.5818"
"5,17 : 0.6573"
"17,5 : 0.6573"
"5,18 : 0.2025"
"18,5 : 0.2025"
"5,19 : 0.5595"
"19,5 : 0.5595"
"5,20 : 0.0985"
"20,5 : 0.0985"
"5,21 : 0.8352"
"21,5 : 0.8352"
"5,22 : 0.3734"
"22,5 : 0.3734"
"5,23 : 0.3801"
"23,5 : 0.3801"
"5,24 : 0.4478"
"24,5 : 0.4478"
"5,25 : 0.3214"
"25,5 : 0.3214"
"5,26 : 0.451"
"26,5 : 0.451"
"5,27 : 0.5825"
"27,5 : 0.5825"
"5,28 : 0.642"
"28,5 : 0.642"
"5,29 : 0.2828"
"29,5 : 0.2828"
"5,30 : 0.9661"
"30,5 : 0.9661"
"5,31 : 0.1746"
"31,5 : 0.1746"
"5,32 : 0.7106"
"32,5 : 0.7106"
"5,33 : 0.7589"
"33,5 : 0.7589"
"5,34 : 0.9002"
"34,5 : 0.9002"
"5,35 : 0.3418"
"35,5 : 0.3418"
"5,36 : 0.7441"
"36,5 : 0.7441"
"5,37 : 0.7601"
"37,5 : 0.7601"
"5,38 : 0.6166"
"38,5 : 0.6166"
"5,39 : 0.2832"
"39,5 : 0.2832"
"5,40 : 0.3214"
"40,5 : 0.3214"
"5,41 : 0.3178"
"41,5 : 0.3178"
"5,42 : 0.4789"
"42,5 : 0.4789"
"5,43 : 0.4415"
"43,5 : 0.4415"
"5,44 : 0.7831"
"44,5 : 0.7831"
"5,45 : 0.5757"
"45,5 : 0.5757"
"5,46 : 0.9014"
"46,5 : 0.9014"
"5,47 : 0.8001"
"47,5 : 0.8001"
"5,48 : 0.5824"
"48,5 : 0.5824"
"5,49 : 0.1965"
"49,5 : 0.1965"
"5,50 : 0.6294"
"50,5 : 0.6294"
"5,51 : 0.4968"
"51,5 : 0.4968"
"5,52 : 0.1789"
"52,5 : 0.1789"
"5,53 : 0.7887"
"53,5 : 0.7887"
"5,54 : 0.3929"
"54,5 : 0.3929"
"5,55 : 0.4245"
"55,5 : 0.4245"
"5,56 : 0.8538"
"56,5 : 0.8538"
"5,57 : 0.769"
"57,5 : 0.769"
"5,58 : 0.4295"
"58,5 : 0.4295"
"5,59 : 0.9214"
"59,5 : 0.9214"
"5,60 : 0.7446"
"60,5 : 0.7446"
"5,61 : 0.5689"
"61,5 : 0.5689"
"5,62 : 0.8343"
"62,5 : 0.8343"
"5,63 : 0.7923"
"63,5 : 0.7923"
"5,64 : 0.6113"
"64,5 : 0.6113"
"5,65 : 0.7382"
"65,5 : 0.7382"
"5,66 : 0.3059"
"66,5 : 0.3059"
"5,67 : 0.5201"
"67,5 : 0.5201"
"5,68 : 0.2786"
"68,5 : 0.2786"
"5,69 : 0.5646"
"69,5 : 0.5646"
"5,70 : 0.9361"
"70,5 : 0.9361"
"5,71 : 0.5016"
"71,5 : 0.5016"
"5,72 : 0.4965"
"72,5 : 0.4965"
"5,73 : 0.051"
"73,5 : 0.051"
"5,74 : 0.9009"
"74,5 : 0.9009"
"5,75 : 0.5826"
"75,5 : 0.5826"
"5,76 : 0.17"
"76,5 : 0.17"
"5,77 : 0.6555"
"77,5 : 0.6555"
"5,78 : 0.4701"
"78,5 : 0.4701"
"5,79 : 0.6895"
"79,5 : 0.6895"
"5,80 : 0.2354"
"80,5 : 0.2354"
"5,81 : 0.8319"
"81,5 : 0.8319"
"5,82 : 0.0707"
"82,5 : 0.0707"
"5,83 : 0.6401"
"83,5 : 0.6401"
"5,84 : 0.2864"
"84,5 : 0.2864"
"5,85 : 0.3081"
"85,5 : 0.3081"
"5,86 : 0.2247"
"86,5 : 0.2247"
"5,87 : 0.622"
"87,5 : 0.622"
"5,88 : 0.6161"
"88,5 : 0.6161"
"5,89 : 0.2402"
"89,5 : 0.2402"
"5,90 : 0.7654"
"90,5 : 0.7654"
"5,91 : 0.446"
"91,5 : 0.446"
"5,92 : 0.413"
"92,5 : 0.413"
"5,93 : 0.6003"
"93,5 : 0.6003"
"5,94 : 0.6671"
"94,5 : 0.6671"
"5,95 : 0.7306"
"95,5 : 0.7306"
"5,96 : 0.7106"
"96,5 : 0.7106"
"5,97 : 0.5608"
"97,5 : 0.5608"
"5,98 : 0.3114"
"98,5 : 0.3114"
"5,99 : 0.6931"
"99,5 : 0.6931"
"6,7 : 0.3183"
"7,6 : 0.3183"
"6,8 : 0.2154"
"8,6 : 0.2154"
"6,9 : 0.3314"
"9,6 : 0.3314"
"6,10 : 0.4104"
"10,6 : 0.4104"
"6,11 : 0.2159"
"11,6 : 0.2159"
"6,12 : 0.392"
"12,6 : 0.392"
"6,13 : 0.23"
"13,6 : 0.23"
"6,14 : 0.1628"
"14,6 : 0.1628"
"6,15 : 0.313"
"15,6 : 0.313"
"6,16 : 0.5743"
"16,6 : 0.5743"
"6,17 : 0.6544"
"17,6 : 0.6544"
"6,18 : 0.1921"
"18,6 : 0.1921"
"6,19 : 0.4965"
"19,6 : 0.4965"
"6,20 : 0.103"
"20,6 : 0.103"
"6,21 : 0.7834"
"21,6 : 0.7834"
"6,22 : 0.3132"
"22,6 : 0.3132"
"6,23 : 0.3314"
"23,6 : 0.3314"
"6,24 : 0.3847"
"24,6 : 0.3847"
"6,25 : 0.2702"
"25,6 : 0.2702"
"6,26 : 0.4061"
"26,6 : 0.4061"
"6,27 : 0.5814"
"27,6 : 0.5814"
"6,28 : 0.6083"
"28,6 : 0.6083"
"6,29 : 0.2563"
"29,6 : 0.2563"
"6,30 : 0.9538"
"30,6 : 0.9538"
"6,31 : 0.22"
"31,6 : 0.22"
"6,32 : 0.6466"
"32,6 : 0.6466"
"6,33 : 0.706"
"33,6 : 0.706"
"6,34 : 0.8605"
"34,6 : 0.8605"
"6,35 : 0.2886"
"35,6 : 0.2886"
"6,36 : 0.6801"
"36,6 : 0.6801"
"6,37 : 0.756"
"37,6 : 0.756"
"6,38 : 0.5714"
"38,6 : 0.5714"
"6,39 : 0.2193"
"39,6 : 0.2193"
"6,40 : 0.2702"
"40,6 : 0.2702"
"6,41 : 0.2563"
"41,6 : 0.2563"
"6,42 : 0.472"
"42,6 : 0.472"
"6,43 : 0.4179"
"43,6 : 0.4179"
"6,44 : 0.7403"
"44,6 : 0.7403"
"6,45 : 0.5239"
"45,6 : 0.5239"
"6,46 : 0.8477"
"46,6 : 0.8477"
"6,47 : 0.78"
"47,6 : 0.78"
"6,48 : 0.5608"
"48,6 : 0.5608"
"6,49 : 0.1664"
"49,6 : 0.1664"
"6,50 : 0.6093"
"50,6 : 0.6093"
"6,51 : 0.5025"
"51,6 : 0.5025"
"6,52 : 0.1628"
"52,6 : 0.1628"
"6,53 : 0.7262"
"53,6 : 0.7262"
"6,54 : 0.4342"
"54,6 : 0.4342"
"6,55 : 0.4383"
"55,6 : 0.4383"
"6,56 : 0.8286"
"56,6 : 0.8286"
"6,57 : 0.7147"
"57,6 : 0.7147"
"6,58 : 0.3734"
"58,6 : 0.3734"
"6,59 : 0.9092"
"59,6 : 0.9092"
"6,60 : 0.6895"
"60,6 : 0.6895"
"6,61 : 0.5412"
"61,6 : 0.5412"
"6,62 : 0.7845"
"62,6 : 0.7845"
"6,63 : 0.758"
"63,6 : 0.758"
"6,64 : 0.5887"
"64,6 : 0.5887"
"6,65 : 0.6815"
"65,6 : 0.6815"
"6,66 : 0.2508"
"66,6 : 0.2508"
"6,67 : 0.4561"
"67,6 : 0.4561"
"6,68 : 0.3158"
"68,6 : 0.3158"
"6,69 : 0.5092"
"69,6 : 0.5092"
"6,70 : 0.8832"
"70,6 : 0.8832"
"6,71 : 0.45"
"71,6 : 0.45"
"6,72 : 0.4386"
"72,6 : 0.4386"
"6,73 : 0.05"
"73,6 : 0.05"
"6,74 : 0.8601"
"74,6 : 0.8601"
"6,75 : 0.5201"
"75,6 : 0.5201"
"6,76 : 0.1077"
"76,6 : 0.1077"
"6,77 : 0.6395"
"77,6 : 0.6395"
"6,78 : 0.4888"
"78,6 : 0.4888"
"6,79 : 0.636"
"79,6 : 0.636"
"6,80 : 0.1803"
"80,6 : 0.1803"
"6,81 : 0.7852"
"81,6 : 0.7852"
"6,82 : 0.13"
"82,6 : 0.13"
"6,83 : 0.6013"
"83,6 : 0.6013"
"6,84 : 0.2508"
"84,6 : 0.2508"
"6,85 : 0.3669"
"85,6 : 0.3669"
"6,86 : 0.253"
"86,6 : 0.253"
"6,87 : 0.5604"
"87,6 : 0.5604"
"6,88 : 0.5547"
"88,6 : 0.5547"
"6,89 : 0.204"
"89,6 : 0.204"
"6,90 : 0.7066"
"90,6 : 0.7066"
"6,91 : 0.3929"
"91,6 : 0.3929"
"6,92 : 0.4601"
"92,6 : 0.4601"
"6,93 : 0.5412"
"93,6 : 0.5412"
"6,94 : 0.6031"
"94,6 : 0.6031"
"6,95 : 0.6712"
"95,6 : 0.6712"
"6,96 : 0.6482"
"96,6 : 0.6482"
"6,97 : 0.5204"
"97,6 : 0.5204"
"6,98 : 0.2693"
"98,6 : 0.2693"
"6,99 : 0.6297"
"99,6 : 0.6297"
"7,8 : 0.446"
"8,7 : 0.446"
"7,9 : 0.2693"
"9,7 : 0.2693"
"7,10 : 0.0922"
"10,7 : 0.0922"
"7,11 : 0.5131"
"11,7 : 0.5131"
"7,12 : 0.6389"
"12,7 : 0.6389"
"7,13 : 0.22"
"13,7 : 0.22"
"7,14 : 0.481"
"14,7 : 0.481"
"7,15 : 0.1082"
"15,7 : 0.1082"
"7,16 : 0.264"
"16,7 : 0.264"
"7,17 : 0.3384"
"17,7 : 0.3384"
"7,18 : 0.1281"
"18,7 : 0.1281"
"7,19 : 0.66"
"19,7 : 0.66"
"7,20 : 0.222"
"20,7 : 0.222"
"7,21 : 0.6701"
"21,7 : 0.6701"
"7,22 : 0.5385"
"22,7 : 0.5385"
"7,23 : 0.6084"
"23,7 : 0.6084"
"7,24 : 0.5622"
"24,7 : 0.5622"
"7,25 : 0.5456"
"25,7 : 0.5456"
"7,26 : 0.6888"
"26,7 : 0.6888"
"7,27 : 0.264"
"27,7 : 0.264"
"7,28 : 0.389"
"28,7 : 0.389"
"7,29 : 0.1304"
"29,7 : 0.1304"
"7,30 : 0.65"
"30,7 : 0.65"
"7,31 : 0.23"
"31,7 : 0.23"
"7,32 : 0.7422"
"32,7 : 0.7422"
"7,33 : 0.6088"
"33,7 : 0.6088"
"7,34 : 0.658"
"34,7 : 0.658"
"7,35 : 0.2943"
"35,7 : 0.2943"
"7,36 : 0.7624"
"36,7 : 0.7624"
"7,37 : 0.441"
"37,7 : 0.441"
"7,38 : 0.428"
"38,7 : 0.428"
"7,39 : 0.3883"
"39,7 : 0.3883"
"7,40 : 0.5456"
"40,7 : 0.5456"
"7,41 : 0.4808"
"41,7 : 0.4808"
"7,42 : 0.1616"
"42,7 : 0.1616"
"7,43 : 0.1746"
"43,7 : 0.1746"
"7,44 : 0.5636"
"44,7 : 0.5636"
"7,45 : 0.4405"
"45,7 : 0.4405"
"7,46 : 0.7465"
"46,7 : 0.7465"
"7,47 : 0.4965"
"47,7 : 0.4965"
"7,48 : 0.2902"
"48,7 : 0.2902"
"7,49 : 0.4817"
"49,7 : 0.4817"
"7,50 : 0.3306"
"50,7 : 0.3306"
"7,51 : 0.186"
"51,7 : 0.186"
"7,52 : 0.481"
"52,7 : 0.481"
"7,53 : 0.7513"
"53,7 : 0.7513"
"7,54 : 0.2702"
"54,7 : 0.2702"
"7,55 : 0.1414"
"55,7 : 0.1414"
"7,56 : 0.5608"
"56,7 : 0.5608"
"7,57 : 0.6294"
"57,7 : 0.6294"
"7,58 : 0.6168"
"58,7 : 0.6168"
"7,59 : 0.6054"
"59,7 : 0.6054"
"7,60 : 0.6155"
"60,7 : 0.6155"
"7,61 : 0.2983"
"61,7 : 0.2983"
"7,62 : 0.6546"
"62,7 : 0.6546"
"7,63 : 0.5315"
"63,7 : 0.5315"
"7,64 : 0.3202"
"64,7 : 0.3202"
"7,65 : 0.6248"
"65,7 : 0.6248"
"7,66 : 0.5148"
"66,7 : 0.5148"
"7,67 : 0.5822"
"67,7 : 0.5822"
"7,68 : 0.1924"
"68,7 : 0.1924"
"7,69 : 0.4632"
"69,7 : 0.4632"
"7,70 : 0.772"
"70,7 : 0.772"
"7,71 : 0.7084"
"71,7 : 0.7084"
"7,72 : 0.4346"
"72,7 : 0.4346"
"7,73 : 0.3561"
"73,7 : 0.3561"
"7,74 : 0.6641"
"74,7 : 0.6641"
"7,75 : 0.5692"
"75,7 : 0.5692"
"7,76 : 0.3722"
"76,7 : 0.3722"
"7,77 : 0.3471"
"77,7 : 0.3471"
"7,78 : 0.201"
"78,7 : 0.201"
"7,79 : 0.5517"
"79,7 : 0.5517"
"7,80 : 0.4565"
"80,7 : 0.4565"
"7,81 : 0.6313"
"81,7 : 0.6313"
"7,82 : 0.2973"
"82,7 : 0.2973"
"7,83 : 0.4115"
"83,7 : 0.4115"
"7,84 : 0.558"
"84,7 : 0.558"
"7,85 : 0.364"
"85,7 : 0.364"
"7,86 : 0.1513"
"86,7 : 0.1513"
"7,87 : 0.5869"
"87,7 : 0.5869"
"7,88 : 0.5778"
"88,7 : 0.5778"
"7,89 : 0.1825"
"89,7 : 0.1825"
"7,90 : 0.672"
"90,7 : 0.672"
"7,91 : 0.3534"
"91,7 : 0.3534"
"7,92 : 0.3256"
"92,7 : 0.3256"
"7,93 : 0.5324"
"93,7 : 0.5324"
"7,94 : 0.6986"
"94,7 : 0.6986"
"7,95 : 0.649"
"95,7 : 0.649"
"7,96 : 0.6803"
"96,7 : 0.6803"
"7,97 : 0.3523"
"97,7 : 0.3523"
"7,98 : 0.566"
"98,7 : 0.566"
"7,99 : 0.6895"
"99,7 : 0.6895"
"8,9 : 0.3023"
"9,8 : 0.3023"
"8,10 : 0.528"
"10,8 : 0.528"
"8,11 : 0.1304"
"11,8 : 0.1304"
"8,12 : 0.1942"
"12,8 : 0.1942"
"8,13 : 0.25"
"13,8 : 0.25"
"8,14 : 0.2193"
"14,8 : 0.2193"
"8,15 : 0.4837"
"15,8 : 0.4837"
"8,16 : 0.658"
"16,8 : 0.658"
"8,17 : 0.7463"
"17,8 : 0.7463"
"8,18 : 0.3276"
"18,8 : 0.3276"
"8,19 : 0.283"
"19,8 : 0.283"
"8,20 : 0.2915"
"20,8 : 0.2915"
"8,21 : 0.6801"
"21,8 : 0.6801"
"8,22 : 0.1005"
"22,8 : 0.1005"
"8,23 : 0.1703"
"23,8 : 0.1703"
"8,24 : 0.172"
"24,8 : 0.172"
"8,25 : 0.114"
"25,8 : 0.114"
"8,26 : 0.25"
"26,8 : 0.25"
"8,27 : 0.6826"
"27,8 : 0.6826"
"8,28 : 0.6003"
"28,8 : 0.6003"
"8,29 : 0.3312"
"29,8 : 0.3312"
"8,30 : 1.0057"
"30,8 : 1.0057"
"8,31 : 0.4276"
"31,8 : 0.4276"
"8,32 : 0.446"
"32,8 : 0.446"
"8,33 : 0.6001"
"33,8 : 0.6001"
"8,34 : 0.8132"
"34,8 : 0.8132"
"8,35 : 0.2385"
"35,8 : 0.2385"
"8,36 : 0.4827"
"36,8 : 0.4827"
"8,37 : 0.8402"
"37,8 : 0.8402"
"8,38 : 0.5155"
"38,8 : 0.5155"
"8,39 : 0.0806"
"39,8 : 0.0806"
"8,40 : 0.114"
"40,8 : 0.114"
"8,41 : 0.0412"
"41,8 : 0.0412"
"8,42 : 0.566"
"42,8 : 0.566"
"8,43 : 0.4675"
"43,8 : 0.4675"
"8,44 : 0.6841"
"44,8 : 0.6841"
"8,45 : 0.4374"
"45,8 : 0.4374"
"8,46 : 0.7317"
"46,8 : 0.7317"
"8,47 : 0.8122"
"47,8 : 0.8122"
"8,48 : 0.6014"
"48,8 : 0.6014"
"8,49 : 0.1803"
"49,8 : 0.1803"
"8,50 : 0.6512"
"50,8 : 0.6512"
"8,51 : 0.6265"
"51,8 : 0.6265"
"8,52 : 0.2193"
"52,8 : 0.2193"
"8,53 : 0.5501"
"53,8 : 0.5501"
"8,54 : 0.6303"
"54,8 : 0.6303"
"8,55 : 0.5852"
"55,8 : 0.5852"
"8,56 : 0.8406"
"56,8 : 0.8406"
"8,57 : 0.6003"
"57,8 : 0.6003"
"8,58 : 0.1726"
"58,8 : 0.1726"
"8,59 : 0.9626"
"59,8 : 0.9626"
"8,60 : 0.5708"
"60,8 : 0.5708"
"8,61 : 0.5622"
"61,8 : 0.5622"
"8,62 : 0.6918"
"62,8 : 0.6918"
"8,63 : 0.7382"
"63,8 : 0.7382"
"8,64 : 0.6237"
"64,8 : 0.6237"
"8,65 : 0.5533"
"65,8 : 0.5533"
"8,66 : 0.0781"
"66,8 : 0.0781"
"8,67 : 0.2561"
"67,8 : 0.2561"
"8,68 : 0.5104"
"68,8 : 0.5104"
"8,69 : 0.4011"
"69,8 : 0.4011"
"8,70 : 0.771"
"70,8 : 0.771"
"8,71 : 0.2625"
"71,8 : 0.2625"
"8,72 : 0.3206"
"72,8 : 0.3206"
"8,73 : 0.2385"
"73,8 : 0.2385"
"8,74 : 0.8078"
"74,8 : 0.8078"
"8,75 : 0.3511"
"75,8 : 0.3511"
"8,76 : 0.1077"
"76,8 : 0.1077"
"8,77 : 0.693"
"77,8 : 0.693"
"8,78 : 0.6429"
"78,8 : 0.6429"
"8,79 : 0.5304"
"79,8 : 0.5304"
"8,80 : 0.0728"
"80,8 : 0.0728"
"8,81 : 0.7086"
"81,8 : 0.7086"
"8,82 : 0.3454"
"82,8 : 0.3454"
"8,83 : 0.5727"
"83,8 : 0.5727"
"8,84 : 0.1825"
"84,8 : 0.1825"
"8,85 : 0.5819"
"85,8 : 0.5819"
"8,86 : 0.44"
"86,8 : 0.44"
"8,87 : 0.3985"
"87,8 : 0.3985"
"8,88 : 0.3956"
"88,8 : 0.3956"
"8,89 : 0.2683"
"89,8 : 0.2683"
"8,90 : 0.5629"
"90,8 : 0.5629"
"8,91 : 0.3162"
"91,8 : 0.3162"
"8,92 : 0.6637"
"92,8 : 0.6637"
"8,93 : 0.4031"
"93,8 : 0.4031"
"8,94 : 0.4046"
"94,8 : 0.4046"
"8,95 : 0.5239"
"95,8 : 0.5239"
"8,96 : 0.4742"
"96,8 : 0.4742"
"8,97 : 0.4919"
"97,8 : 0.4919"
"8,98 : 0.1616"
"98,8 : 0.1616"
"8,99 : 0.4442"
"99,8 : 0.4442"
"9,10 : 0.3114"
"10,9 : 0.3114"
"9,11 : 0.4205"
"11,9 : 0.4205"
"9,12 : 0.4623"
"12,9 : 0.4623"
"9,13 : 0.1044"
"13,9 : 0.1044"
"9,14 : 0.4571"
"14,9 : 0.4571"
"9,15 : 0.3636"
"15,9 : 0.3636"
"9,16 : 0.3863"
"16,9 : 0.3863"
"9,17 : 0.4754"
"17,9 : 0.4754"
"9,18 : 0.2343"
"18,9 : 0.2343"
"9,19 : 0.422"
"19,9 : 0.422"
"9,20 : 0.3046"
"20,9 : 0.3046"
"9,21 : 0.4588"
"21,9 : 0.4588"
"9,22 : 0.3612"
"22,9 : 0.3612"
"9,23 : 0.4686"
"23,9 : 0.4686"
"9,24 : 0.3444"
"24,9 : 0.3444"
"9,25 : 0.4162"
"25,9 : 0.4162"
"9,26 : 0.5449"
"26,9 : 0.5449"
"9,27 : 0.4245"
"27,9 : 0.4245"
"9,28 : 0.2997"
"28,9 : 0.2997"
"9,29 : 0.15"
"29,9 : 0.15"
"9,30 : 0.7071"
"30,9 : 0.7071"
"9,31 : 0.414"
"31,9 : 0.414"
"9,32 : 0.4768"
"32,9 : 0.4768"
"9,33 : 0.3848"
"33,9 : 0.3848"
"9,34 : 0.5334"
"34,9 : 0.5334"
"9,35 : 0.064"
"35,9 : 0.064"
"9,36 : 0.4948"
"36,9 : 0.4948"
"9,37 : 0.5595"
"37,9 : 0.5595"
"9,38 : 0.2402"
"38,9 : 0.2402"
"9,39 : 0.222"
"39,9 : 0.222"
"9,40 : 0.4162"
"40,9 : 0.4162"
"9,41 : 0.3189"
"41,9 : 0.3189"
"9,42 : 0.314"
"42,9 : 0.314"
"9,43 : 0.1897"
"43,9 : 0.1897"
"9,44 : 0.4101"
"44,9 : 0.4101"
"9,45 : 0.2012"
"45,9 : 0.2012"
"9,46 : 0.528"
"46,9 : 0.528"
"9,47 : 0.5109"
"47,9 : 0.5109"
"9,48 : 0.3061"
"48,9 : 0.3061"
"9,49 : 0.4342"
"49,9 : 0.4342"
"9,50 : 0.3547"
"50,9 : 0.3547"
"9,51 : 0.4001"
"51,9 : 0.4001"
"9,52 : 0.4571"
"52,9 : 0.4571"
"9,53 : 0.4837"
"53,9 : 0.4837"
"9,54 : 0.5334"
"54,9 : 0.5334"
"9,55 : 0.3981"
"55,9 : 0.3981"
"9,56 : 0.5385"
"56,9 : 0.5385"
"9,57 : 0.3982"
"57,9 : 0.3982"
"9,58 : 0.4405"
"58,9 : 0.4405"
"9,59 : 0.6648"
"59,9 : 0.6648"
"9,60 : 0.3774"
"60,9 : 0.3774"
"9,61 : 0.2617"
"61,9 : 0.2617"
"9,62 : 0.4561"
"62,9 : 0.4561"
"9,63 : 0.4427"
"63,9 : 0.4427"
"9,64 : 0.3256"
"64,9 : 0.3256"
"9,65 : 0.378"
"65,9 : 0.378"
"9,66 : 0.3801"
"66,9 : 0.3801"
"9,67 : 0.3338"
"67,9 : 0.3338"
"9,68 : 0.4342"
"68,9 : 0.4342"
"9,69 : 0.2052"
"69,9 : 0.2052"
"9,70 : 0.5608"
"70,9 : 0.5608"
"9,71 : 0.5341"
"71,9 : 0.5341"
"9,72 : 0.1655"
"72,9 : 0.1655"
"9,73 : 0.3812"
"73,9 : 0.3812"
"9,74 : 0.5315"
"74,9 : 0.5315"
"9,75 : 0.3008"
"75,9 : 0.3008"
"9,76 : 0.2983"
"76,9 : 0.2983"
"9,77 : 0.4"
"77,9 : 0.4"
"9,78 : 0.4571"
"78,9 : 0.4571"
"9,79 : 0.3176"
"79,9 : 0.3176"
"9,80 : 0.3534"
"80,9 : 0.3534"
"9,81 : 0.454"
"81,9 : 0.454"
"9,82 : 0.4085"
"82,9 : 0.4085"
"9,83 : 0.2789"
"83,9 : 0.2789"
"9,84 : 0.4742"
"84,9 : 0.4742"
"9,85 : 0.5814"
"85,9 : 0.5814"
"9,86 : 0.368"
"86,9 : 0.368"
"9,87 : 0.3178"
"87,9 : 0.3178"
"9,88 : 0.3087"
"88,9 : 0.3087"
"9,89 : 0.1476"
"89,9 : 0.1476"
"9,90 : 0.4173"
"90,9 : 0.4173"
"9,91 : 0.086"
"91,9 : 0.086"
"9,92 : 0.5852"
"92,9 : 0.5852"
"9,93 : 0.2663"
"93,9 : 0.2663"
"9,94 : 0.4342"
"94,9 : 0.4342"
"9,95 : 0.3895"
"95,9 : 0.3895"
"9,96 : 0.4115"
"96,9 : 0.4115"
"9,97 : 0.1965"
"97,9 : 0.1965"
"9,98 : 0.4614"
"98,9 : 0.4614"
"9,99 : 0.4206"
"99,9 : 0.4206"
"10,11 : 0.6022"
"11,10 : 0.6022"
"10,12 : 0.7187"
"12,10 : 0.7187"
"10,13 : 0.2886"
"13,10 : 0.2886"
"10,14 : 0.5731"
"14,10 : 0.5731"
"10,15 : 0.16"
"15,10 : 0.16"
"10,16 : 0.1772"
"16,10 : 0.1772"
"10,17 : 0.247"
"17,10 : 0.247"
"10,18 : 0.2193"
"18,10 : 0.2193"
"10,19 : 0.7234"
"19,10 : 0.7234"
"10,20 : 0.314"
"20,10 : 0.314"
"10,21 : 0.6576"
"21,10 : 0.6576"
"10,22 : 0.6168"
"22,10 : 0.6168"
"10,23 : 0.6935"
"23,10 : 0.6935"
"10,24 : 0.6315"
"24,10 : 0.6315"
"10,25 : 0.6313"
"25,10 : 0.6313"
"10,26 : 0.7741"
"26,10 : 0.7741"
"10,27 : 0.172"
"27,10 : 0.172"
"10,28 : 0.3499"
"28,10 : 0.3499"
"10,29 : 0.1992"
"29,10 : 0.1992"
"10,30 : 0.563"
"30,10 : 0.563"
"10,31 : 0.3059"
"31,10 : 0.3059"
"10,32 : 0.7877"
"32,10 : 0.7877"
"10,33 : 0.6044"
"33,10 : 0.6044"
"10,34 : 0.6133"
"34,10 : 0.6133"
"10,35 : 0.3506"
"35,10 : 0.3506"
"10,36 : 0.8041"
"36,10 : 0.8041"
"10,37 : 0.3499"
"37,10 : 0.3499"
"10,38 : 0.4187"
"38,10 : 0.4187"
"10,39 : 0.4649"
"39,10 : 0.4649"
"10,40 : 0.6313"
"40,10 : 0.6313"
"10,41 : 0.5608"
"41,10 : 0.5608"
"10,42 : 0.08"
"42,10 : 0.08"
"10,43 : 0.1581"
"43,10 : 0.1581"
"10,44 : 0.5325"
"44,10 : 0.5325"
"10,45 : 0.4518"
"45,10 : 0.4518"
"10,46 : 0.7355"
"46,10 : 0.7355"
"10,47 : 0.4205"
"47,10 : 0.4205"
"10,48 : 0.2309"
"48,10 : 0.2309"
"10,49 : 0.5731"
"49,10 : 0.5731"
"10,50 : 0.2631"
"50,10 : 0.2631"
"10,51 : 0.0985"
"51,10 : 0.0985"
"10,52 : 0.5731"
"52,10 : 0.5731"
"10,53 : 0.7783"
"53,10 : 0.7783"
"10,54 : 0.283"
"54,10 : 0.283"
"10,55 : 0.0943"
"55,10 : 0.0943"
"10,56 : 0.4909"
"56,10 : 0.4909"
"10,57 : 0.628"
"57,10 : 0.628"
"10,58 : 0.6964"
"58,10 : 0.6964"
"10,59 : 0.5187"
"59,10 : 0.5187"
"10,60 : 0.6185"
"60,10 : 0.6185"
"10,61 : 0.2555"
"61,10 : 0.2555"
"10,62 : 0.637"
"62,10 : 0.637"
"10,63 : 0.481"
"63,10 : 0.481"
"10,64 : 0.2596"
"64,10 : 0.2596"
"10,65 : 0.6329"
"65,10 : 0.6329"
"10,66 : 0.5994"
"66,10 : 0.5994"
"10,67 : 0.6403"
"67,10 : 0.6403"
"10,68 : 0.2419"
"68,10 : 0.2419"
"10,69 : 0.4847"
"69,10 : 0.4847"
"10,70 : 0.7569"
"70,10 : 0.7569"
"10,71 : 0.7892"
"71,10 : 0.7892"
"10,72 : 0.4707"
"72,10 : 0.4707"
"10,73 : 0.4482"
"73,10 : 0.4482"
"10,74 : 0.6217"
"74,10 : 0.6217"
"10,75 : 0.61"
"75,10 : 0.61"
"10,76 : 0.4604"
"76,10 : 0.4604"
"10,77 : 0.2702"
"77,10 : 0.2702"
"10,78 : 0.1487"
"78,10 : 0.1487"
"10,79 : 0.5547"
"79,10 : 0.5547"
"10,80 : 0.5438"
"80,10 : 0.5438"
"10,81 : 0.6061"
"81,10 : 0.6061"
"10,82 : 0.3848"
"82,10 : 0.3848"
"10,83 : 0.3842"
"83,10 : 0.3842"
"10,84 : 0.6482"
"84,10 : 0.6482"
"10,85 : 0.4159"
"85,10 : 0.4159"
"10,86 : 0.2236"
"86,10 : 0.2236"
"10,87 : 0.621"
"87,10 : 0.621"
"10,88 : 0.6113"
"88,10 : 0.6113"
"10,89 : 0.26"
"89,10 : 0.26"
"10,90 : 0.6848"
"90,10 : 0.6848"
"10,91 : 0.3883"
"91,10 : 0.3883"
"10,92 : 0.3413"
"92,10 : 0.3413"
"10,93 : 0.5597"
"93,10 : 0.5597"
"10,94 : 0.7455"
"94,10 : 0.7455"
"10,95 : 0.6664"
"95,10 : 0.6664"
"10,96 : 0.7117"
"96,10 : 0.7117"
"10,97 : 0.3406"
"97,10 : 0.3406"
"10,98 : 0.6546"
"98,10 : 0.6546"
"10,99 : 0.7278"
"99,10 : 0.7278"
"11,12 : 0.2012"
"12,11 : 0.2012"
"11,13 : 0.35"
"13,11 : 0.35"
"11,14 : 0.1221"
"14,11 : 0.1221"
"11,15 : 0.5255"
"15,11 : 0.5255"
"11,16 : 0.7497"
"16,11 : 0.7497"
"11,17 : 0.8355"
"17,11 : 0.8355"
"11,18 : 0.3859"
"18,11 : 0.3859"
"11,19 : 0.3624"
"19,11 : 0.3624"
"11,20 : 0.3162"
"20,11 : 0.3162"
"11,21 : 0.8102"
"21,11 : 0.8102"
"11,22 : 0.1664"
"22,11 : 0.1664"
"11,23 : 0.1217"
"23,11 : 0.1217"
"11,24 : 0.2642"
"24,11 : 0.2642"
"11,25 : 0.0721"
"25,11 : 0.0721"
"11,26 : 0.191"
"26,11 : 0.191"
"11,27 : 0.7669"
"27,11 : 0.7669"
"11,28 : 0.7201"
"28,11 : 0.7201"
"11,29 : 0.4173"
"29,11 : 0.4173"
"11,30 : 1.1121"
"30,11 : 1.1121"
"11,31 : 0.4329"
"31,11 : 0.4329"
"11,32 : 0.5438"
"32,11 : 0.5438"
"11,33 : 0.7303"
"33,11 : 0.7303"
"11,34 : 0.9411"
"34,11 : 0.9411"
"11,35 : 0.3585"
"35,11 : 0.3585"
"11,36 : 0.5831"
"36,11 : 0.5831"
"11,37 : 0.9335"
"37,11 : 0.9335"
"11,38 : 0.6429"
"38,11 : 0.6429"
"11,39 : 0.2062"
"39,11 : 0.2062"
"11,40 : 0.0721"
"40,11 : 0.0721"
"11,41 : 0.1432"
"41,11 : 0.1432"
"11,42 : 0.6519"
"42,11 : 0.6519"
"11,43 : 0.5685"
"43,11 : 0.5685"
"11,44 : 0.8125"
"44,11 : 0.8125"
"11,45 : 0.5672"
"45,11 : 0.5672"
"11,46 : 0.8609"
"46,11 : 0.8609"
"11,47 : 0.9236"
"47,11 : 0.9236"
"11,48 : 0.708"
"48,11 : 0.708"
"11,49 : 0.0806"
"49,11 : 0.0806"
"11,50 : 0.758"
"50,11 : 0.758"
"11,51 : 0.6989"
"51,11 : 0.6989"
"11,52 : 0.1221"
"52,11 : 0.1221"
"11,53 : 0.6648"
"53,11 : 0.6648"
"11,54 : 0.6494"
"54,11 : 0.6494"
"11,55 : 0.6441"
"55,11 : 0.6441"
"11,56 : 0.9577"
"56,11 : 0.9577"
"11,57 : 0.7301"
"57,11 : 0.7301"
"11,58 : 0.1887"
"58,11 : 0.1887"
"11,59 : 1.0683"
"59,11 : 1.0683"
"11,60 : 0.7003"
"60,11 : 0.7003"
"11,61 : 0.6742"
"61,11 : 0.6742"
"11,62 : 0.8222"
"62,11 : 0.8222"
"11,63 : 0.8616"
"63,11 : 0.8616"
"11,64 : 0.7324"
"64,11 : 0.7324"
"11,65 : 0.6818"
"65,11 : 0.6818"
"11,66 : 0.0806"
"66,11 : 0.0806"
"11,67 : 0.3625"
"67,11 : 0.3625"
"11,68 : 0.5315"
"68,11 : 0.5315"
"11,69 : 0.5315"
"69,11 : 0.5315"
"11,70 : 0.9005"
"70,11 : 0.9005"
"11,71 : 0.2452"
"71,11 : 0.2452"
"11,72 : 0.451"
"72,11 : 0.451"
"11,73 : 0.21"
"73,11 : 0.21"
"11,74 : 0.9362"
"74,11 : 0.9362"
"11,75 : 0.473"
"75,11 : 0.473"
"11,76 : 0.1421"
"76,11 : 0.1421"
"11,77 : 0.7965"
"77,11 : 0.7965"
"11,78 : 0.6978"
"78,11 : 0.6978"
"11,79 : 0.6607"
"79,11 : 0.6607"
"11,80 : 0.0671"
"80,11 : 0.0671"
"11,81 : 0.8386"
"81,11 : 0.8386"
"11,82 : 0.33"
"82,11 : 0.33"
"11,83 : 0.6964"
"83,11 : 0.6964"
"11,84 : 0.0539"
"84,11 : 0.0539"
"11,85 : 0.5632"
"85,11 : 0.5632"
"11,86 : 0.4684"
"86,11 : 0.4684"
"11,87 : 0.5217"
"87,11 : 0.5217"
"11,88 : 0.5197"
"88,11 : 0.5197"
"11,89 : 0.3536"
"89,11 : 0.3536"
"11,90 : 0.6888"
"90,11 : 0.6888"
"11,91 : 0.4438"
"91,11 : 0.4438"
"11,92 : 0.6727"
"92,11 : 0.6727"
"11,93 : 0.5315"
"93,11 : 0.5315"
"11,94 : 0.5061"
"94,11 : 0.5061"
"11,95 : 0.6494"
"95,11 : 0.6494"
"11,96 : 0.5914"
"96,11 : 0.5914"
"11,97 : 0.6147"
"97,11 : 0.6147"
"11,98 : 0.0539"
"98,11 : 0.0539"
"11,99 : 0.5554"
"99,11 : 0.5554"
"12,13 : 0.4338"
"13,12 : 0.4338"
"12,14 : 0.3225"
"14,12 : 0.3225"
"12,15 : 0.6774"
"15,12 : 0.6774"
"12,16 : 0.8386"
"16,12 : 0.8386"
"12,17 : 0.9278"
"17,12 : 0.9278"
"12,18 : 0.5217"
"18,12 : 0.5217"
"12,19 : 0.1965"
"19,12 : 0.1965"
"12,20 : 0.4801"
"20,12 : 0.4801"
"12,21 : 0.7473"
"21,12 : 0.7473"
"12,22 : 0.103"
"22,12 : 0.103"
"12,23 : 0.0922"
"23,12 : 0.0922"
"12,24 : 0.1487"
"24,12 : 0.1487"
"12,25 : 0.13"
"25,12 : 0.13"
"12,26 : 0.1105"
"26,12 : 0.1105"
"12,27 : 0.8677"
"27,12 : 0.8677"
"12,28 : 0.7441"
"28,12 : 0.7441"
"12,29 : 0.52"
"29,12 : 0.52"
"12,30 : 1.1678"
"30,12 : 1.1678"
"12,31 : 0.6113"
"31,12 : 0.6113"
"12,32 : 0.386"
"32,12 : 0.386"
"12,33 : 0.6705"
"33,12 : 0.6705"
"12,34 : 0.9213"
"34,12 : 0.9213"
"12,35 : 0.4"
"35,12 : 0.4"
"12,36 : 0.4272"
"36,12 : 0.4272"
"12,37 : 1.0179"
"37,12 : 1.0179"
"12,38 : 0.6351"
"38,12 : 0.6351"
"12,39 : 0.255"
"39,12 : 0.255"
"12,40 : 0.13"
"40,12 : 0.13"
"12,41 : 0.1581"
"41,12 : 0.1581"
"12,42 : 0.7513"
"42,12 : 0.7513"
"12,43 : 0.6435"
"43,12 : 0.6435"
"12,44 : 0.7918"
"44,12 : 0.7918"
"12,45 : 0.542"
"45,12 : 0.542"
"12,46 : 0.7826"
"46,12 : 0.7826"
"12,47 : 0.9688"
"47,12 : 0.9688"
"12,48 : 0.7684"
"48,12 : 0.7684"
"12,49 : 0.2818"
"49,12 : 0.2818"
"12,50 : 0.8169"
"50,12 : 0.8169"
"12,51 : 0.8171"
"51,12 : 0.8171"
"12,52 : 0.3225"
"52,12 : 0.3225"
"12,53 : 0.5334"
"53,12 : 0.5334"
"12,54 : 0.8202"
"54,12 : 0.8202"
"12,55 : 0.7788"
"55,12 : 0.7788"
"12,56 : 0.986"
"56,12 : 0.986"
"12,57 : 0.6622"
"57,12 : 0.6622"
"12,58 : 0.0224"
"58,12 : 0.0224"
"12,59 : 1.1261"
"59,12 : 1.1261"
"12,60 : 0.6306"
"60,12 : 0.6306"
"12,61 : 0.7225"
"61,12 : 0.7225"
"12,62 : 0.7684"
"62,12 : 0.7684"
"12,63 : 0.8684"
"63,12 : 0.8684"
"12,64 : 0.7875"
"64,12 : 0.7875"
"12,65 : 0.6042"
"65,12 : 0.6042"
"12,66 : 0.1414"
"66,12 : 0.1414"
"12,67 : 0.2419"
"67,12 : 0.2419"
"12,68 : 0.7003"
"68,12 : 0.7003"
"12,69 : 0.4919"
"69,12 : 0.4919"
"12,70 : 0.8238"
"70,12 : 0.8238"
"12,71 : 0.0721"
"71,12 : 0.0721"
"12,72 : 0.4168"
"72,12 : 0.4168"
"12,73 : 0.4002"
"73,12 : 0.4002"
"12,74 : 0.9124"
"74,12 : 0.9124"
"12,75 : 0.3766"
"75,12 : 0.3766"
"12,76 : 0.29"
"76,12 : 0.29"
"12,77 : 0.8621"
"77,12 : 0.8621"
"12,78 : 0.8368"
"78,12 : 0.8368"
"12,79 : 0.6075"
"79,12 : 0.6075"
"12,80 : 0.2121"
"80,12 : 0.2121"
"12,81 : 0.7985"
"81,12 : 0.7985"
"12,82 : 0.5179"
"82,12 : 0.5179"
"12,83 : 0.706"
"83,12 : 0.706"
"12,84 : 0.2126"
"84,12 : 0.2126"
"12,85 : 0.755"
"85,12 : 0.755"
"12,86 : 0.6313"
"86,12 : 0.6313"
"12,87 : 0.4258"
"87,12 : 0.4258"
"12,88 : 0.4276"
"88,12 : 0.4276"
"12,89 : 0.4588"
"89,12 : 0.4588"
"12,90 : 0.5941"
"90,12 : 0.5941"
"12,91 : 0.4469"
"91,12 : 0.4469"
"12,92 : 0.8505"
"92,12 : 0.8505"
"12,93 : 0.4617"
"93,12 : 0.4617"
"12,94 : 0.3569"
"94,12 : 0.3569"
"12,95 : 0.5544"
"95,12 : 0.5544"
"12,96 : 0.4701"
"96,12 : 0.4701"
"12,97 : 0.6313"
"97,12 : 0.6313"
"12,98 : 0.1703"
"98,12 : 0.1703"
"12,99 : 0.4219"
"99,12 : 0.4219"
"13,14 : 0.3669"
"14,13 : 0.3669"
"13,15 : 0.2941"
"15,13 : 0.2941"
"13,16 : 0.408"
"16,13 : 0.408"
"13,17 : 0.4965"
"17,13 : 0.4965"
"13,18 : 0.1442"
"18,13 : 0.1442"
"13,19 : 0.44"
"19,13 : 0.44"
"13,20 : 0.2012"
"20,13 : 0.2012"
"13,21 : 0.563"
"21,13 : 0.563"
"13,22 : 0.3311"
"22,13 : 0.3311"
"13,23 : 0.4201"
