x,y
0.21,0.16
0.5,0.39
0.89,0.81
0.81,0.96
0.7,0.03
0.98,0.88
0.29,0.96
0.89,0.3
0.69,0.86
0.11,0.8
0.88,0.09
0.62,0.68
0.05,0.31
0.2,0.3
0.29,0.61
0.69,0.62
0.13,0.79
0.66,0.26
0.78,0.05
0.71,0.57
0.04,0.2
0.89,0.78
0.57,0.99
0.06,0.66
0.31,0.55
0.3,0.03
0.04,0.43
0.5,0.34
0.79,0.7
0.78,0.05
0.5,0.3
0.7,0.08
0.19,0.92
0.33,0.46
0.07,0.72
0.07,0.16
0.62,0.99
0.44,0.89
0.85,0.14
0.69,0.77
0.34,0.05
0.03,0.49
0.62,0.52
0.83,0.39
0.0,0.97
0.8,0.39
0.49,0.17
0.21,0.33
0.66,0.5
0.38,0.28
0.35,0.85
0.49,0.91
0.0,0.37
0.26,0.16
0.17,0.71
0.79,0.79
0.92,0.57
0.38,0.06
0.69,0.26
0.94,0.4
0.24,0.88
1.0,0.82
0.35,0.91
0.75,0.28
0.08,0.56
0.35,0.17
0.38,0.13
0.8,0.3
0.98,0.01
0.2,0.54
0.64,0.58
0.55,0.01
0.84,0.13
0.68,0.84
0.49,0.08
0.15,0.1
0.03,0.28
0.0,0.15
0.07,0.35
0.54,0.72
0.9,0.11
0.15,0.15
0.27,0.6
0.28,0.47
0.73,0.87
0.34,0.85
0.49,0.82
0.47,0.55
0.38,0.35
0.66,0.6
0.41,0.31
0.94,0.49
0.23,0.72
0.89,0.04
0.4,0.26
0.79,0.96
0.88,0.49
0.67,0.11
0.19,0.3
0.66,0.28

Distanze
"0,1 : 0.3701"
"1,0 : 0.3701"
"0,2 : 0.9407"
"2,0 : 0.9407"
"0,3 : 1.0"
"3,0 : 1.0"
"0,4 : 0.507"
"4,0 : 0.507"
"0,5 : 1.0542"
"5,0 : 1.0542"
"0,6 : 0.804"
"6,0 : 0.804"
"0,7 : 0.6943"
"7,0 : 0.6943"
"0,8 : 0.8488"
"8,0 : 0.8488"
"0,9 : 0.6478"
"9,0 : 0.6478"
"0,10 : 0.6736"
"10,0 : 0.6736"
"0,11 : 0.6622"
"11,0 : 0.6622"
"0,12 : 0.2193"
"12,0 : 0.2193"
"0,13 : 0.1404"
"13,0 : 0.1404"
"0,14 : 0.4571"
"14,0 : 0.4571"
"0,15 : 0.6648"
"15,0 : 0.6648"
"0,16 : 0.6351"
"16,0 : 0.6351"
"0,17 : 0.461"
"17,0 : 0.461"
"0,18 : 0.5805"
"18,0 : 0.5805"
"0,19 : 0.6466"
"19,0 : 0.6466"
"0,20 : 0.1746"
"20,0 : 0.1746"
"0,21 : 0.9202"
"21,0 : 0.9202"
"0,22 : 0.9047"
"22,0 : 0.9047"
"0,23 : 0.522"
"23,0 : 0.522"
"0,24 : 0.4026"
"24,0 : 0.4026"
"0,25 : 0.1581"
"25,0 : 0.1581"
"0,26 : 0.3191"
"26,0 : 0.3191"
"0,27 : 0.3413"
"27,0 : 0.3413"
"0,28 : 0.7925"
"28,0 : 0.7925"
"0,29 : 0.5805"
"29,0 : 0.5805"
"0,30 : 0.322"
"30,0 : 0.322"
"0,31 : 0.4965"
"31,0 : 0.4965"
"0,32 : 0.7603"
"32,0 : 0.7603"
"0,33 : 0.3231"
"33,0 : 0.3231"
"0,34 : 0.5772"
"34,0 : 0.5772"
"0,35 : 0.14"
"35,0 : 0.14"
"0,36 : 0.9257"
"36,0 : 0.9257"
"0,37 : 0.7654"
"37,0 : 0.7654"
"0,38 : 0.6403"
"38,0 : 0.6403"
"0,39 : 0.7762"
"39,0 : 0.7762"
"0,40 : 0.1703"
"40,0 : 0.1703"
"0,41 : 0.3759"
"41,0 : 0.3759"
"0,42 : 0.5456"
"42,0 : 0.5456"
"0,43 : 0.6613"
"43,0 : 0.6613"
"0,44 : 0.8368"
"44,0 : 0.8368"
"0,45 : 0.6332"
"45,0 : 0.6332"
"0,46 : 0.2802"
"46,0 : 0.2802"
"0,47 : 0.17"
"47,0 : 0.17"
"0,48 : 0.564"
"48,0 : 0.564"
"0,49 : 0.2081"
"49,0 : 0.2081"
"0,50 : 0.7041"
"50,0 : 0.7041"
"0,51 : 0.8006"
"51,0 : 0.8006"
"0,52 : 0.297"
"52,0 : 0.297"
"0,53 : 0.05"
"53,0 : 0.05"
"0,54 : 0.5515"
"54,0 : 0.5515"
"0,55 : 0.8563"
"55,0 : 0.8563"
"0,56 : 0.8199"
"56,0 : 0.8199"
"0,57 : 0.1972"
"57,0 : 0.1972"
"0,58 : 0.4903"
"58,0 : 0.4903"
"0,59 : 0.7684"
"59,0 : 0.7684"
"0,60 : 0.7206"
"60,0 : 0.7206"
"0,61 : 1.0294"
"61,0 : 1.0294"
"0,62 : 0.763"
"62,0 : 0.763"
"0,63 : 0.5532"
"63,0 : 0.5532"
"0,64 : 0.4206"
"64,0 : 0.4206"
"0,65 : 0.1404"
"65,0 : 0.1404"
"0,66 : 0.1726"
"66,0 : 0.1726"
"0,67 : 0.6064"
"67,0 : 0.6064"
"0,68 : 0.7845"
"68,0 : 0.7845"
"0,69 : 0.3801"
"69,0 : 0.3801"
"0,70 : 0.6011"
"70,0 : 0.6011"
"0,71 : 0.3716"
"71,0 : 0.3716"
"0,72 : 0.6307"
"72,0 : 0.6307"
"0,73 : 0.8266"
"73,0 : 0.8266"
"0,74 : 0.2912"
"74,0 : 0.2912"
"0,75 : 0.0849"
"75,0 : 0.0849"
"0,76 : 0.2163"
"76,0 : 0.2163"
"0,77 : 0.2102"
"77,0 : 0.2102"
"0,78 : 0.236"
"78,0 : 0.236"
"0,79 : 0.65"
"79,0 : 0.65"
"0,80 : 0.6918"
"80,0 : 0.6918"
"0,81 : 0.0608"
"81,0 : 0.0608"
"0,82 : 0.4441"
"82,0 : 0.4441"
"0,83 : 0.3178"
"83,0 : 0.3178"
"0,84 : 0.8801"
"84,0 : 0.8801"
"0,85 : 0.7021"
"85,0 : 0.7021"
"0,86 : 0.7169"
"86,0 : 0.7169"
"0,87 : 0.4687"
"87,0 : 0.4687"
"0,88 : 0.255"
"88,0 : 0.255"
"0,89 : 0.6294"
"89,0 : 0.6294"
"0,90 : 0.25"
"90,0 : 0.25"
"0,91 : 0.8011"
"91,0 : 0.8011"
"0,92 : 0.5604"
"92,0 : 0.5604"
"0,93 : 0.6905"
"93,0 : 0.6905"
"0,94 : 0.2147"
"94,0 : 0.2147"
"0,95 : 0.9881"
"95,0 : 0.9881"
"0,96 : 0.7469"
"96,0 : 0.7469"
"0,97 : 0.4627"
"97,0 : 0.4627"
"0,98 : 0.1414"
"98,0 : 0.1414"
"0,99 : 0.4657"
"99,0 : 0.4657"
"1,2 : 0.5731"
"2,1 : 0.5731"
"1,3 : 0.6488"
"3,1 : 0.6488"
"1,4 : 0.4118"
"4,1 : 0.4118"
"1,5 : 0.6859"
"5,1 : 0.6859"
"1,6 : 0.6075"
"6,1 : 0.6075"
"1,7 : 0.4002"
"7,1 : 0.4002"
"1,8 : 0.507"
"8,1 : 0.507"
"1,9 : 0.5659"
"9,1 : 0.5659"
"1,10 : 0.4841"
"10,1 : 0.4841"
"1,11 : 0.3138"
"11,1 : 0.3138"
"1,12 : 0.4571"
"12,1 : 0.4571"
"1,13 : 0.3132"
"13,1 : 0.3132"
"1,14 : 0.3041"
"14,1 : 0.3041"
"1,15 : 0.2983"
"15,1 : 0.2983"
"1,16 : 0.5449"
"16,1 : 0.5449"
"1,17 : 0.2062"
"17,1 : 0.2062"
"1,18 : 0.4405"
"18,1 : 0.4405"
"1,19 : 0.2766"
"19,1 : 0.2766"
"1,20 : 0.4977"
"20,1 : 0.4977"
"1,21 : 0.5515"
"21,1 : 0.5515"
"1,22 : 0.6041"
"22,1 : 0.6041"
"1,23 : 0.5162"
"23,1 : 0.5162"
"1,24 : 0.2484"
"24,1 : 0.2484"
"1,25 : 0.4118"
"25,1 : 0.4118"
"1,26 : 0.4617"
"26,1 : 0.4617"
"1,27 : 0.05"
"27,1 : 0.05"
"1,28 : 0.4245"
"28,1 : 0.4245"
"1,29 : 0.4405"
"29,1 : 0.4405"
"1,30 : 0.09"
"30,1 : 0.09"
"1,31 : 0.3689"
"31,1 : 0.3689"
"1,32 : 0.614"
"32,1 : 0.614"
"1,33 : 0.1838"
"33,1 : 0.1838"
"1,34 : 0.542"
"34,1 : 0.542"
"1,35 : 0.4876"
"35,1 : 0.4876"
"1,36 : 0.6119"
"36,1 : 0.6119"
"1,37 : 0.5036"
"37,1 : 0.5036"
"1,38 : 0.4301"
"38,1 : 0.4301"
"1,39 : 0.4249"
"39,1 : 0.4249"
"1,40 : 0.3758"
"40,1 : 0.3758"
"1,41 : 0.4805"
"41,1 : 0.4805"
"1,42 : 0.1769"
"42,1 : 0.1769"
"1,43 : 0.33"
"43,1 : 0.33"
"1,44 : 0.7658"
"44,1 : 0.7658"
"1,45 : 0.3"
"45,1 : 0.3"
"1,46 : 0.2202"
"46,1 : 0.2202"
"1,47 : 0.2961"
"47,1 : 0.2961"
"1,48 : 0.1942"
"48,1 : 0.1942"
"1,49 : 0.1628"
"49,1 : 0.1628"
"1,50 : 0.4838"
"50,1 : 0.4838"
"1,51 : 0.5201"
"51,1 : 0.5201"
"1,52 : 0.5004"
"52,1 : 0.5004"
"1,53 : 0.3324"
"53,1 : 0.3324"
"1,54 : 0.4597"
"54,1 : 0.4597"
"1,55 : 0.4941"
"55,1 : 0.4941"
"1,56 : 0.4569"
"56,1 : 0.4569"
"1,57 : 0.3511"
"57,1 : 0.3511"
"1,58 : 0.2302"
"58,1 : 0.2302"
"1,59 : 0.4401"
"59,1 : 0.4401"
"1,60 : 0.5547"
"60,1 : 0.5547"
"1,61 : 0.6595"
"61,1 : 0.6595"
"1,62 : 0.5412"
"62,1 : 0.5412"
"1,63 : 0.2731"
"63,1 : 0.2731"
"1,64 : 0.4531"
"64,1 : 0.4531"
"1,65 : 0.2663"
"65,1 : 0.2663"
"1,66 : 0.2864"
"66,1 : 0.2864"
"1,67 : 0.3132"
"67,1 : 0.3132"
"1,68 : 0.6122"
"68,1 : 0.6122"
"1,69 : 0.3354"
"69,1 : 0.3354"
"1,70 : 0.236"
"70,1 : 0.236"
"1,71 : 0.3833"
"71,1 : 0.3833"
"1,72 : 0.428"
"72,1 : 0.428"
"1,73 : 0.4847"
"73,1 : 0.4847"
"1,74 : 0.3102"
"74,1 : 0.3102"
"1,75 : 0.4545"
"75,1 : 0.4545"
"1,76 : 0.4827"
"76,1 : 0.4827"
"1,77 : 0.5546"
"77,1 : 0.5546"
"1,78 : 0.4319"
"78,1 : 0.4319"
"1,79 : 0.3324"
"79,1 : 0.3324"
"1,80 : 0.4883"
"80,1 : 0.4883"
"1,81 : 0.4244"
"81,1 : 0.4244"
"1,82 : 0.3114"
"82,1 : 0.3114"
"1,83 : 0.2341"
"83,1 : 0.2341"
"1,84 : 0.5323"
"84,1 : 0.5323"
"1,85 : 0.487"
"85,1 : 0.487"
"1,86 : 0.4301"
"86,1 : 0.4301"
"1,87 : 0.1628"
"87,1 : 0.1628"
"1,88 : 0.1265"
"88,1 : 0.1265"
"1,89 : 0.264"
"89,1 : 0.264"
"1,90 : 0.1204"
"90,1 : 0.1204"
"1,91 : 0.4512"
"91,1 : 0.4512"
"1,92 : 0.4264"
"92,1 : 0.4264"
"1,93 : 0.524"
"93,1 : 0.524"
"1,94 : 0.164"
"94,1 : 0.164"
"1,95 : 0.6395"
"95,1 : 0.6395"
"1,96 : 0.3929"
"96,1 : 0.3929"
"1,97 : 0.3276"
"97,1 : 0.3276"
"1,98 : 0.3228"
"98,1 : 0.3228"
"1,99 : 0.1942"
"99,1 : 0.1942"
"2,3 : 0.17"
"3,2 : 0.17"
"2,4 : 0.8028"
"4,2 : 0.8028"
"2,5 : 0.114"
"5,2 : 0.114"
"2,6 : 0.6185"
"6,2 : 0.6185"
"2,7 : 0.51"
"7,2 : 0.51"
"2,8 : 0.2062"
"8,2 : 0.2062"
"2,9 : 0.7801"
"9,2 : 0.7801"
"2,10 : 0.7201"
"10,2 : 0.7201"
"2,11 : 0.2997"
"11,2 : 0.2997"
"2,12 : 0.9775"
"12,2 : 0.9775"
"2,13 : 0.858"
"13,2 : 0.858"
"2,14 : 0.6325"
"14,2 : 0.6325"
"2,15 : 0.2759"
"15,2 : 0.2759"
"2,16 : 0.7603"
"16,2 : 0.7603"
"2,17 : 0.5962"
"17,2 : 0.5962"
"2,18 : 0.7679"
"18,2 : 0.7679"
"2,19 : 0.3"
"19,2 : 0.3"
"2,20 : 1.0462"
"20,2 : 1.0462"
"2,21 : 0.03"
"21,2 : 0.03"
"2,22 : 0.3672"
"22,2 : 0.3672"
"2,23 : 0.8434"
"23,2 : 0.8434"
"2,24 : 0.6356"
"24,2 : 0.6356"
"2,25 : 0.978"
"25,2 : 0.978"
"2,26 : 0.9311"
"26,2 : 0.9311"
"2,27 : 0.6107"
"27,2 : 0.6107"
"2,28 : 0.1487"
"28,2 : 0.1487"
"2,29 : 0.7679"
"29,2 : 0.7679"
"2,30 : 0.642"
"30,2 : 0.642"
"2,31 : 0.7543"
"31,2 : 0.7543"
"2,32 : 0.7086"
"32,2 : 0.7086"
"2,33 : 0.6604"
"33,2 : 0.6604"
"2,34 : 0.8249"
"34,2 : 0.8249"
"2,35 : 1.0464"
"35,2 : 1.0464"
"2,36 : 0.3245"
"36,2 : 0.3245"
"2,37 : 0.4571"
"37,2 : 0.4571"
"2,38 : 0.6712"
"38,2 : 0.6712"
"2,39 : 0.204"
"39,2 : 0.204"
"2,40 : 0.9381"
"40,2 : 0.9381"
"2,41 : 0.9176"
"41,2 : 0.9176"
"2,42 : 0.3962"
"42,2 : 0.3962"
"2,43 : 0.4243"
"43,2 : 0.4243"
"2,44 : 0.9043"
"44,2 : 0.9043"
"2,45 : 0.4295"
"45,2 : 0.4295"
"2,46 : 0.7547"
"46,2 : 0.7547"
"2,47 : 0.8323"
"47,2 : 0.8323"
"2,48 : 0.386"
"48,2 : 0.386"
"2,49 : 0.7355"
"49,2 : 0.7355"
"2,50 : 0.5415"
"50,2 : 0.5415"
"2,51 : 0.4123"
"51,2 : 0.4123"
"2,52 : 0.9928"
"52,2 : 0.9928"
"2,53 : 0.9052"
"53,2 : 0.9052"
"2,54 : 0.7269"
"54,2 : 0.7269"
"2,55 : 0.102"
"55,2 : 0.102"
"2,56 : 0.2419"
"56,2 : 0.2419"
"2,57 : 0.907"
"57,2 : 0.907"
"2,58 : 0.5852"
"58,2 : 0.5852"
"2,59 : 0.413"
"59,2 : 0.413"
"2,60 : 0.6538"
"60,2 : 0.6538"
"2,61 : 0.1105"
"61,2 : 0.1105"
"2,62 : 0.5492"
"62,2 : 0.5492"
"2,63 : 0.5482"
"63,2 : 0.5482"
"2,64 : 0.8477"
"64,2 : 0.8477"
"2,65 : 0.8374"
"65,2 : 0.8374"
"2,66 : 0.85"
"66,2 : 0.85"
"2,67 : 0.5179"
"67,2 : 0.5179"
"2,68 : 0.805"
"68,2 : 0.805"
"2,69 : 0.7409"
"69,2 : 0.7409"
"2,70 : 0.3397"
"70,2 : 0.3397"
"2,71 : 0.8693"
"71,2 : 0.8693"
"2,72 : 0.6818"
"72,2 : 0.6818"
"2,73 : 0.2121"
"73,2 : 0.2121"
"2,74 : 0.8324"
"74,2 : 0.8324"
"2,75 : 1.0255"
"75,2 : 1.0255"
"2,76 : 1.0102"
"76,2 : 1.0102"
"2,77 : 1.108"
"77,2 : 1.108"
"2,78 : 0.9402"
"78,2 : 0.9402"
"2,79 : 0.3614"
"79,2 : 0.3614"
"2,80 : 0.7001"
"80,2 : 0.7001"
"2,81 : 0.9916"
"81,2 : 0.9916"
"2,82 : 0.6546"
"82,2 : 0.6546"
"2,83 : 0.6984"
"83,2 : 0.6984"
"2,84 : 0.1709"
"84,2 : 0.1709"
"2,85 : 0.5515"
"85,2 : 0.5515"
"2,86 : 0.4001"
"86,2 : 0.4001"
"2,87 : 0.494"
"87,2 : 0.494"
"2,88 : 0.6868"
"88,2 : 0.6868"
"2,89 : 0.3114"
"89,2 : 0.3114"
"2,90 : 0.6931"
"90,2 : 0.6931"
"2,91 : 0.3239"
"91,2 : 0.3239"
"2,92 : 0.6661"
"92,2 : 0.6661"
"2,93 : 0.77"
"93,2 : 0.77"
"2,94 : 0.7366"
"94,2 : 0.7366"
"2,95 : 0.1803"
"95,2 : 0.1803"
"2,96 : 0.3202"
"96,2 : 0.3202"
"2,97 : 0.7338"
"97,2 : 0.7338"
"2,98 : 0.8661"
"98,2 : 0.8661"
"2,99 : 0.5778"
"99,2 : 0.5778"
"3,4 : 0.9365"
"4,3 : 0.9365"
"3,5 : 0.1879"
"5,3 : 0.1879"
"3,6 : 0.52"
"6,3 : 0.52"
"3,7 : 0.6648"
"7,3 : 0.6648"
"3,8 : 0.1562"
"8,3 : 0.1562"
"3,9 : 0.7181"
"9,3 : 0.7181"
"3,10 : 0.8728"
"10,3 : 0.8728"
"3,11 : 0.3384"
"11,3 : 0.3384"
"3,12 : 1.0"
"12,3 : 1.0"
"3,13 : 0.8987"
"13,3 : 0.8987"
"3,14 : 0.6268"
"14,3 : 0.6268"
"3,15 : 0.3606"
"15,3 : 0.3606"
"3,16 : 0.7009"
"16,3 : 0.7009"
"3,17 : 0.7159"
"17,3 : 0.7159"
"3,18 : 0.9105"
"18,3 : 0.9105"
"3,19 : 0.4026"
"19,3 : 0.4026"
"3,20 : 1.0819"
"20,3 : 1.0819"
"3,21 : 0.197"
"21,3 : 0.197"
"3,22 : 0.2419"
"22,3 : 0.2419"
"3,23 : 0.8078"
"23,3 : 0.8078"
"3,24 : 0.6466"
"24,3 : 0.6466"
"3,25 : 1.0607"
"25,3 : 1.0607"
"3,26 : 0.9348"
"26,3 : 0.9348"
"3,27 : 0.6932"
"27,3 : 0.6932"
"3,28 : 0.2608"
"28,3 : 0.2608"
"3,29 : 0.9105"
"29,3 : 0.9105"
"3,30 : 0.7292"
"30,3 : 0.7292"
"3,31 : 0.8868"
"31,3 : 0.8868"
"3,32 : 0.6213"
"32,3 : 0.6213"
"3,33 : 0.6931"
"33,3 : 0.6931"
"3,34 : 0.7779"
"34,3 : 0.7779"
"3,35 : 1.0898"
"35,3 : 1.0898"
"3,36 : 0.1924"
"36,3 : 0.1924"
"3,37 : 0.3766"
"37,3 : 0.3766"
"3,38 : 0.821"
"38,3 : 0.821"
"3,39 : 0.2247"
"39,3 : 0.2247"
"3,40 : 1.0242"
"40,3 : 1.0242"
"3,41 : 0.9107"
"41,3 : 0.9107"
"3,42 : 0.4793"
"42,3 : 0.4793"
"3,43 : 0.5704"
"43,3 : 0.5704"
"3,44 : 0.8101"
"44,3 : 0.8101"
"3,45 : 0.5701"
"45,3 : 0.5701"
"3,46 : 0.8523"
"46,3 : 0.8523"
"3,47 : 0.87"
"47,3 : 0.87"
"3,48 : 0.4838"
"48,3 : 0.4838"
"3,49 : 0.8045"
"49,3 : 0.8045"
"3,50 : 0.473"
"50,3 : 0.473"
"3,51 : 0.3239"
"51,3 : 0.3239"
"3,52 : 1.0021"
"52,3 : 1.0021"
"3,53 : 0.9708"
"53,3 : 0.9708"
"3,54 : 0.6871"
"54,3 : 0.6871"
"3,55 : 0.1712"
"55,3 : 0.1712"
"3,56 : 0.4052"
"56,3 : 0.4052"
"3,57 : 0.9974"
"57,3 : 0.9974"
"3,58 : 0.7102"
"58,3 : 0.7102"
"3,59 : 0.5749"
"59,3 : 0.5749"
"3,60 : 0.5756"
"60,3 : 0.5756"
"3,61 : 0.236"
"61,3 : 0.236"
"3,62 : 0.4627"
"62,3 : 0.4627"
"3,63 : 0.6826"
"63,3 : 0.6826"
"3,64 : 0.8324"
"64,3 : 0.8324"
"3,65 : 0.9142"
"65,3 : 0.9142"
"3,66 : 0.9348"
"66,3 : 0.9348"
"3,67 : 0.6601"
"67,3 : 0.6601"
"3,68 : 0.9651"
"68,3 : 0.9651"
"3,69 : 0.7406"
"69,3 : 0.7406"
"3,70 : 0.4163"
"70,3 : 0.4163"
"3,71 : 0.9849"
"71,3 : 0.9849"
"3,72 : 0.8305"
"72,3 : 0.8305"
"3,73 : 0.1769"
"73,3 : 0.1769"
"3,74 : 0.9364"
"74,3 : 0.9364"
"3,75 : 1.0841"
"75,3 : 1.0841"
"3,76 : 1.0348"
"76,3 : 1.0348"
"3,77 : 1.1455"
"77,3 : 1.1455"
"3,78 : 0.959"
"78,3 : 0.959"
"3,79 : 0.3612"
"79,3 : 0.3612"
"3,80 : 0.8548"
"80,3 : 0.8548"
"3,81 : 1.0448"
"81,3 : 1.0448"
"3,82 : 0.649"
"82,3 : 0.649"
"3,83 : 0.7218"
"83,3 : 0.7218"
"3,84 : 0.1204"
"84,3 : 0.1204"
"3,85 : 0.4827"
"85,3 : 0.4827"
"3,86 : 0.3493"
"86,3 : 0.3493"
"3,87 : 0.5326"
"87,3 : 0.5326"
"3,88 : 0.7463"
"88,3 : 0.7463"
"3,89 : 0.39"
"89,3 : 0.39"
"3,90 : 0.7632"
"90,3 : 0.7632"
"3,91 : 0.4876"
"91,3 : 0.4876"
"3,92 : 0.6277"
"92,3 : 0.6277"
"3,93 : 0.9235"
"93,3 : 0.9235"
"3,94 : 0.8112"
"94,3 : 0.8112"
"3,95 : 0.02"
"95,3 : 0.02"
"3,96 : 0.4752"
"96,3 : 0.4752"
"3,97 : 0.8615"
"97,3 : 0.8615"
"3,98 : 0.9055"
"98,3 : 0.9055"
"3,99 : 0.6963"
"99,3 : 0.6963"
"4,5 : 0.8949"
"5,4 : 0.8949"
"4,6 : 1.0164"
"6,4 : 1.0164"
"4,7 : 0.3302"
"7,4 : 0.3302"
"4,8 : 0.8301"
"8,4 : 0.8301"
"4,9 : 0.9701"
"9,4 : 0.9701"
"4,10 : 0.1897"
"10,4 : 0.1897"
"4,11 : 0.6549"
"11,4 : 0.6549"
"4,12 : 0.7077"
"12,4 : 0.7077"
"4,13 : 0.5682"
"13,4 : 0.5682"
"4,14 : 0.7103"
"14,4 : 0.7103"
"4,15 : 0.5901"
"15,4 : 0.5901"
"4,16 : 0.95"
"16,4 : 0.95"
"4,17 : 0.2335"
"17,4 : 0.2335"
"4,18 : 0.0825"
"18,4 : 0.0825"
"4,19 : 0.5401"
"19,4 : 0.5401"
"4,20 : 0.6815"
"20,4 : 0.6815"
"4,21 : 0.7737"
"21,4 : 0.7737"
"4,22 : 0.9688"
"22,4 : 0.9688"
"4,23 : 0.8981"
"23,4 : 0.8981"
"4,24 : 0.65"
"24,4 : 0.65"
"4,25 : 0.4"
"25,4 : 0.4"
"4,26 : 0.7718"
"26,4 : 0.7718"
"4,27 : 0.3689"
"27,4 : 0.3689"
"4,28 : 0.676"
"28,4 : 0.676"
"4,29 : 0.0825"
"29,4 : 0.0825"
"4,30 : 0.336"
"30,4 : 0.336"
"4,31 : 0.05"
"31,4 : 0.05"
"4,32 : 1.0258"
"32,4 : 1.0258"
"4,33 : 0.5673"
"33,4 : 0.5673"
"4,34 : 0.9343"
"34,4 : 0.9343"
"4,35 : 0.6433"
"35,4 : 0.6433"
"4,36 : 0.9633"
"36,4 : 0.9633"
"4,37 : 0.8984"
"37,4 : 0.8984"
"4,38 : 0.186"
"38,4 : 0.186"
"4,39 : 0.7401"
"39,4 : 0.7401"
"4,40 : 0.3606"
"40,4 : 0.3606"
"4,41 : 0.8127"
"41,4 : 0.8127"
"4,42 : 0.4965"
"42,4 : 0.4965"
"4,43 : 0.3828"
"43,4 : 0.3828"
"4,44 : 1.172"
"44,4 : 1.172"
"4,45 : 0.3736"
"45,4 : 0.3736"
"4,46 : 0.2524"
"46,4 : 0.2524"
"4,47 : 0.5745"
"47,4 : 0.5745"
"4,48 : 0.4717"
"48,4 : 0.4717"
"4,49 : 0.4061"
"49,4 : 0.4061"
"4,50 : 0.8916"
"50,4 : 0.8916"
"4,51 : 0.9047"
"51,4 : 0.9047"
"4,52 : 0.7782"
"52,4 : 0.7782"
"4,53 : 0.4588"
"53,4 : 0.4588"
"4,54 : 0.8621"
"54,4 : 0.8621"
"4,55 : 0.7653"
"55,4 : 0.7653"
"4,56 : 0.5831"
"56,4 : 0.5831"
"4,57 : 0.3214"
"57,4 : 0.3214"
"4,58 : 0.2302"
"58,4 : 0.2302"
"4,59 : 0.441"
"59,4 : 0.441"
"4,60 : 0.9665"
"60,4 : 0.9665"
"4,61 : 0.845"
"61,4 : 0.845"
"4,62 : 0.947"
"62,4 : 0.947"
"4,63 : 0.255"
"63,4 : 0.255"
"4,64 : 0.8157"
"64,4 : 0.8157"
"4,65 : 0.377"
"65,4 : 0.377"
"4,66 : 0.3353"
"66,4 : 0.3353"
"4,67 : 0.2879"
"67,4 : 0.2879"
"4,68 : 0.2807"
"68,4 : 0.2807"
"4,69 : 0.7142"
"69,4 : 0.7142"
"4,70 : 0.5533"
"70,4 : 0.5533"
"4,71 : 0.1513"
"71,4 : 0.1513"
"4,72 : 0.172"
"72,4 : 0.172"
"4,73 : 0.8102"
"73,4 : 0.8102"
"4,74 : 0.2159"
"74,4 : 0.2159"
"4,75 : 0.5544"
"75,4 : 0.5544"
"4,76 : 0.7151"
"76,4 : 0.7151"
"4,77 : 0.7102"
"77,4 : 0.7102"
"4,78 : 0.7066"
"78,4 : 0.7066"
"4,79 : 0.7083"
"79,4 : 0.7083"
"4,80 : 0.2154"
"80,4 : 0.2154"
"4,81 : 0.5629"
"81,4 : 0.5629"
"4,82 : 0.714"
"82,4 : 0.714"
"4,83 : 0.6083"
"83,4 : 0.6083"
"4,84 : 0.8405"
"84,4 : 0.8405"
"4,85 : 0.8955"
"85,4 : 0.8955"
"4,86 : 0.8174"
"86,4 : 0.8174"
"4,87 : 0.5686"
"87,4 : 0.5686"
"4,88 : 0.4525"
"88,4 : 0.4525"
"4,89 : 0.5714"
"89,4 : 0.5714"
"4,90 : 0.4031"
"90,4 : 0.4031"
"4,91 : 0.5188"
"91,4 : 0.5188"
"4,92 : 0.8349"
"92,4 : 0.8349"
"4,93 : 0.1903"
"93,4 : 0.1903"
"4,94 : 0.378"
"94,4 : 0.378"
"4,95 : 0.9343"
"95,4 : 0.9343"
"4,96 : 0.494"
"96,4 : 0.494"
"4,97 : 0.0854"
"97,4 : 0.0854"
"4,98 : 0.5771"
"98,4 : 0.5771"
"4,99 : 0.2532"
"99,4 : 0.2532"
"5,6 : 0.6946"
"6,5 : 0.6946"
"5,7 : 0.5869"
"7,5 : 0.5869"
"5,8 : 0.2907"
"8,5 : 0.2907"
"5,9 : 0.8737"
"9,5 : 0.8737"
"5,10 : 0.7963"
"10,5 : 0.7963"
"5,11 : 0.4118"
"11,5 : 0.4118"
"5,12 : 1.0908"
"12,5 : 1.0908"
"5,13 : 0.972"
"13,5 : 0.972"
"5,14 : 0.7409"
"14,5 : 0.7409"
"5,15 : 0.3895"
"15,5 : 0.3895"
"5,16 : 0.8548"
"16,5 : 0.8548"
"5,17 : 0.6977"
"17,5 : 0.6977"
"5,18 : 0.8538"
"18,5 : 0.8538"
"5,19 : 0.4111"
"19,5 : 0.4111"
"5,20 : 1.1602"
"20,5 : 1.1602"
"5,21 : 0.1345"
"21,5 : 0.1345"
"5,22 : 0.4245"
"22,5 : 0.4245"
"5,23 : 0.9459"
"23,5 : 0.9459"
"5,24 : 0.7469"
"24,5 : 0.7469"
"5,25 : 1.0885"
"25,5 : 1.0885"
"5,26 : 1.0422"
"26,5 : 1.0422"
"5,27 : 0.7225"
"27,5 : 0.7225"
"5,28 : 0.2617"
"28,5 : 0.2617"
"5,29 : 0.8538"
"29,5 : 0.8538"
"5,30 : 0.7529"
"30,5 : 0.7529"
"5,31 : 0.8476"
"31,5 : 0.8476"
"5,32 : 0.791"
"32,5 : 0.791"
"5,33 : 0.7739"
"33,5 : 0.7739"
"5,34 : 0.924"
"34,5 : 0.924"
"5,35 : 1.1604"
"35,5 : 1.1604"
"5,36 : 0.3764"
"36,5 : 0.3764"
"5,37 : 0.5401"
"37,5 : 0.5401"
"5,38 : 0.7513"
"38,5 : 0.7513"
"5,39 : 0.3102"
"39,5 : 0.3102"
"5,40 : 1.0481"
"40,5 : 1.0481"
"5,41 : 1.0269"
"41,5 : 1.0269"
"5,42 : 0.5091"
"42,5 : 0.5091"
"5,43 : 0.5124"
"43,5 : 0.5124"
"5,44 : 0.9841"
"44,5 : 0.9841"
"5,45 : 0.522"
"45,5 : 0.522"
"5,46 : 0.8627"
"46,5 : 0.8627"
"5,47 : 0.9463"
"47,5 : 0.9463"
"5,48 : 0.4968"
"48,5 : 0.4968"
"5,49 : 0.8485"
"49,5 : 0.8485"
"5,50 : 0.6307"
"50,5 : 0.6307"
"5,51 : 0.4909"
"51,5 : 0.4909"
"5,52 : 1.1048"
"52,5 : 1.1048"
"5,53 : 1.0182"
"53,5 : 1.0182"
"5,54 : 0.8276"
"54,5 : 0.8276"
"5,55 : 0.2102"
"55,5 : 0.2102"
"5,56 : 0.3158"
"56,5 : 0.3158"
"5,57 : 1.0161"
"57,5 : 1.0161"
"5,58 : 0.6845"
"58,5 : 0.6845"
"5,59 : 0.4817"
"59,5 : 0.4817"
"5,60 : 0.74"
"60,5 : 0.74"
"5,61 : 0.0632"
"61,5 : 0.0632"
"5,62 : 0.6307"
"62,5 : 0.6307"
"5,63 : 0.6426"
"63,5 : 0.6426"
"5,64 : 0.9552"
"64,5 : 0.9552"
"5,65 : 0.9492"
"65,5 : 0.9492"
"5,66 : 0.9605"
"66,5 : 0.9605"
"5,67 : 0.6073"
"67,5 : 0.6073"
"5,68 : 0.87"
"68,5 : 0.87"
"5,69 : 0.8509"
"69,5 : 0.8509"
"5,70 : 0.4534"
"70,5 : 0.4534"
"5,71 : 0.9705"
"71,5 : 0.9705"
"5,72 : 0.763"
"72,5 : 0.763"
"5,73 : 0.3027"
"73,5 : 0.3027"
"5,74 : 0.9381"
"74,5 : 0.9381"
"5,75 : 1.139"
"75,5 : 1.139"
"5,76 : 1.1236"
"76,5 : 1.1236"
"5,77 : 1.222"
"77,5 : 1.222"
"5,78 : 1.0531"
"78,5 : 1.0531"
"5,79 : 0.4682"
"79,5 : 0.4682"
"5,80 : 0.7741"
"80,5 : 0.7741"
"5,81 : 1.1054"
"81,5 : 1.1054"
"5,82 : 0.7632"
"82,5 : 0.7632"
"5,83 : 0.8112"
"83,5 : 0.8112"
"5,84 : 0.2502"
"84,5 : 0.2502"
"5,85 : 0.6407"
"85,5 : 0.6407"
"5,86 : 0.4937"
"86,5 : 0.4937"
"5,87 : 0.6075"
"87,5 : 0.6075"
"5,88 : 0.8006"
"88,5 : 0.8006"
"5,89 : 0.4252"
"89,5 : 0.4252"
"5,90 : 0.8061"
"90,5 : 0.8061"
"5,91 : 0.392"
"91,5 : 0.392"
"5,92 : 0.7669"
"92,5 : 0.7669"
"5,93 : 0.8448"
"93,5 : 0.8448"
"5,94 : 0.849"
"94,5 : 0.849"
"5,95 : 0.2062"
"95,5 : 0.2062"
"5,96 : 0.4026"
"96,5 : 0.4026"
"5,97 : 0.8301"
"97,5 : 0.8301"
"5,98 : 0.9801"
"98,5 : 0.9801"
"5,99 : 0.68"
"99,5 : 0.68"
"6,7 : 0.892"
"7,6 : 0.892"
"6,8 : 0.4123"
"8,6 : 0.4123"
"6,9 : 0.2408"
"9,6 : 0.2408"
"6,10 : 1.0512"
"10,6 : 1.0512"
"6,11 : 0.4328"
"11,6 : 0.4328"
"6,12 : 0.6929"
"12,6 : 0.6929"
"6,13 : 0.6661"
"13,6 : 0.6661"
"6,14 : 0.35"
"14,6 : 0.35"
"6,15 : 0.525"
"15,6 : 0.525"
"6,16 : 0.2335"
"16,6 : 0.2335"
"6,17 : 0.7918"
"17,6 : 0.7918"
"6,18 : 1.0335"
"18,6 : 1.0335"
"6,19 : 0.5731"
"19,6 : 0.5731"
"6,20 : 0.8001"
"20,6 : 0.8001"
"6,21 : 0.6264"
"21,6 : 0.6264"
"6,22 : 0.2816"
"22,6 : 0.2816"
"6,23 : 0.378"
"23,6 : 0.378"
"6,24 : 0.4105"
"24,6 : 0.4105"
"6,25 : 0.9301"
"25,6 : 0.9301"
"6,26 : 0.586"
"26,6 : 0.586"
"6,27 : 0.6546"
"27,6 : 0.6546"
"6,28 : 0.5636"
"28,6 : 0.5636"
"6,29 : 1.0335"
"29,6 : 1.0335"
"6,30 : 0.6926"
"30,6 : 0.6926"
"6,31 : 0.9708"
"31,6 : 0.9708"
"6,32 : 0.1077"
"32,6 : 0.1077"
"6,33 : 0.5016"
"33,6 : 0.5016"
"6,34 : 0.3256"
"34,6 : 0.3256"
"6,35 : 0.8297"
"35,6 : 0.8297"
"6,36 : 0.3314"
"36,6 : 0.3314"
"6,37 : 0.1655"
"37,6 : 0.1655"
"6,38 : 0.993"
"38,6 : 0.993"
"6,39 : 0.4428"
"39,6 : 0.4428"
"6,40 : 0.9114"
"40,6 : 0.9114"
"6,41 : 0.5371"
"41,6 : 0.5371"
"6,42 : 0.55"
"42,6 : 0.55"
"6,43 : 0.7852"
"43,6 : 0.7852"
"6,44 : 0.2902"
"44,6 : 0.2902"
"6,45 : 0.7649"
"45,6 : 0.7649"
"6,46 : 0.8149"
"46,6 : 0.8149"
"6,47 : 0.6351"
"47,6 : 0.6351"
"6,48 : 0.5903"
"48,6 : 0.5903"
"6,49 : 0.6859"
"49,6 : 0.6859"
"6,50 : 0.1253"
"50,6 : 0.1253"
"6,51 : 0.2062"
"51,6 : 0.2062"
"6,52 : 0.6574"
"52,6 : 0.6574"
"6,53 : 0.8006"
"53,6 : 0.8006"
"6,54 : 0.2773"
"54,6 : 0.2773"
"6,55 : 0.5281"
"55,6 : 0.5281"
"6,56 : 0.7409"
"56,6 : 0.7409"
"6,57 : 0.9045"
"57,6 : 0.9045"
"6,58 : 0.8062"
"58,6 : 0.8062"
"6,59 : 0.858"
"59,6 : 0.858"
"6,60 : 0.0943"
"60,6 : 0.0943"
"6,61 : 0.7237"
"61,6 : 0.7237"
"6,62 : 0.0781"
"62,6 : 0.0781"
"6,63 : 0.821"
"63,6 : 0.821"
"6,64 : 0.4518"
"64,6 : 0.4518"
"6,65 : 0.7923"
"65,6 : 0.7923"
"6,66 : 0.8349"
"66,6 : 0.8349"
"6,67 : 0.8341"
"67,6 : 0.8341"
"6,68 : 1.1741"
"68,6 : 1.1741"
"6,69 : 0.4295"
"69,6 : 0.4295"
"6,70 : 0.5166"
"70,6 : 0.5166"
"6,71 : 0.9849"
"71,6 : 0.9849"
"6,72 : 0.9957"
"72,6 : 0.9957"
"6,73 : 0.408"
"73,6 : 0.408"
"6,74 : 0.9024"
"74,6 : 0.9024"
"6,75 : 0.8713"
"75,6 : 0.8713"
"6,76 : 0.728"
"76,6 : 0.728"
"6,77 : 0.8603"
"77,6 : 0.8603"
"6,78 : 0.6485"
"78,6 : 0.6485"
"6,79 : 0.3466"
"79,6 : 0.3466"
"6,80 : 1.0462"
"80,6 : 1.0462"
"6,81 : 0.822"
"81,6 : 0.822"
"6,82 : 0.3606"
"82,6 : 0.3606"
"6,83 : 0.4901"
"83,6 : 0.4901"
"6,84 : 0.4491"
"84,6 : 0.4491"
"6,85 : 0.1208"
"85,6 : 0.1208"
"6,86 : 0.2441"
"86,6 : 0.2441"
"6,87 : 0.4478"
"87,6 : 0.4478"
"6,88 : 0.6166"
"88,6 : 0.6166"
"6,89 : 0.5162"
"89,6 : 0.5162"
"6,90 : 0.661"
"90,6 : 0.661"
"6,91 : 0.8021"
"91,6 : 0.8021"
"6,92 : 0.2474"
"92,6 : 0.2474"
"6,93 : 1.0984"
"93,6 : 1.0984"
"6,94 : 0.7086"
"94,6 : 0.7086"
"6,95 : 0.5"
"95,6 : 0.5"
"6,96 : 0.7543"
"96,6 : 0.7543"
"6,97 : 0.9311"
"97,6 : 0.9311"
"6,98 : 0.6675"
"98,6 : 0.6675"
"6,99 : 0.7741"
"99,6 : 0.7741"
"7,8 : 0.5946"
"8,7 : 0.5946"
"7,9 : 0.9265"
"9,7 : 0.9265"
"7,10 : 0.2102"
"10,7 : 0.2102"
"7,11 : 0.4662"
"11,7 : 0.4662"
"7,12 : 0.8401"
"12,7 : 0.8401"
"7,13 : 0.69"
"13,7 : 0.69"
"7,14 : 0.6754"
"14,7 : 0.6754"
"7,15 : 0.3774"
"15,7 : 0.3774"
"7,16 : 0.9043"
"16,7 : 0.9043"
"7,17 : 0.2335"
"17,7 : 0.2335"
"7,18 : 0.2731"
"18,7 : 0.2731"
"7,19 : 0.3245"
"19,7 : 0.3245"
"7,20 : 0.8559"
"20,7 : 0.8559"
"7,21 : 0.48"
"21,7 : 0.48"
"7,22 : 0.7606"
"22,7 : 0.7606"
"7,23 : 0.9047"
"23,7 : 0.9047"
"7,24 : 0.6316"
"24,7 : 0.6316"
"7,25 : 0.6488"
"25,7 : 0.6488"
"7,26 : 0.8599"
"26,7 : 0.8599"
"7,27 : 0.392"
"27,7 : 0.392"
"7,28 : 0.4123"
"28,7 : 0.4123"
"7,29 : 0.2731"
"29,7 : 0.2731"
"7,30 : 0.39"
"30,7 : 0.39"
"7,31 : 0.2907"
"31,7 : 0.2907"
"7,32 : 0.9351"
"32,7 : 0.9351"
"7,33 : 0.5824"
"33,7 : 0.5824"
"7,34 : 0.9213"
"34,7 : 0.9213"
"7,35 : 0.8319"
"35,7 : 0.8319"
"7,36 : 0.7409"
"36,7 : 0.7409"
"7,37 : 0.742"
"37,7 : 0.742"
"7,38 : 0.1649"
"38,7 : 0.1649"
"7,39 : 0.5108"
"39,7 : 0.5108"
"7,40 : 0.6042"
"40,7 : 0.6042"
"7,41 : 0.8807"
"41,7 : 0.8807"
"7,42 : 0.3483"
"42,7 : 0.3483"
"7,43 : 0.1082"
"43,7 : 0.1082"
"7,44 : 1.114"
"44,7 : 1.114"
"7,45 : 0.1273"
"45,7 : 0.1273"
"7,46 : 0.4206"
"46,7 : 0.4206"
"7,47 : 0.6807"
"47,7 : 0.6807"
"7,48 : 0.3048"
"48,7 : 0.3048"
"7,49 : 0.5104"
"49,7 : 0.5104"
"7,50 : 0.7708"
"50,7 : 0.7708"
"7,51 : 0.7295"
"51,7 : 0.7295"
"7,52 : 0.8927"
"52,7 : 0.8927"
"7,53 : 0.6454"
"53,7 : 0.6454"
"7,54 : 0.8286"
"54,7 : 0.8286"
"7,55 : 0.5001"
"55,7 : 0.5001"
"7,56 : 0.2717"
"56,7 : 0.2717"
"7,57 : 0.5636"
"57,7 : 0.5636"
"7,58 : 0.204"
"58,7 : 0.204"
"7,59 : 0.1118"
"59,7 : 0.1118"
"7,60 : 0.8711"
"60,7 : 0.8711"
"7,61 : 0.5315"
"61,7 : 0.5315"
"7,62 : 0.8147"
"62,7 : 0.8147"
"7,63 : 0.1414"
"63,7 : 0.1414"
"7,64 : 0.8507"
"64,7 : 0.8507"
"7,65 : 0.5554"
"65,7 : 0.5554"
"7,66 : 0.5376"
"66,7 : 0.5376"
"7,67 : 0.09"
"67,7 : 0.09"
"7,68 : 0.3036"
"68,7 : 0.3036"
"7,69 : 0.7305"
"69,7 : 0.7305"
"7,70 : 0.3754"
"70,7 : 0.3754"
"7,71 : 0.4469"
"71,7 : 0.4469"
"7,72 : 0.1772"
"72,7 : 0.1772"
"7,73 : 0.5794"
"73,7 : 0.5794"
"7,74 : 0.4565"
"74,7 : 0.4565"
"7,75 : 0.7666"
"75,7 : 0.7666"
"7,76 : 0.8602"
"76,7 : 0.8602"
"7,77 : 0.9026"
"77,7 : 0.9026"
"7,78 : 0.8215"
"78,7 : 0.8215"
"7,79 : 0.5467"
"79,7 : 0.5467"
"7,80 : 0.1903"
"80,7 : 0.1903"
"7,81 : 0.755"
"81,7 : 0.755"
"7,82 : 0.6888"
"82,7 : 0.6888"
"7,83 : 0.6332"
"83,7 : 0.6332"
"7,84 : 0.592"
"84,7 : 0.592"
"7,85 : 0.7778"
"85,7 : 0.7778"
"7,86 : 0.656"
"86,7 : 0.656"
"7,87 : 0.4888"
"87,7 : 0.4888"
"7,88 : 0.5124"
"88,7 : 0.5124"
"7,89 : 0.378"
"89,7 : 0.378"
"7,90 : 0.4801"
"90,7 : 0.4801"
"7,91 : 0.1965"
"91,7 : 0.1965"
"7,92 : 0.7823"
"92,7 : 0.7823"
"7,93 : 0.26"
"93,7 : 0.26"
"7,94 : 0.4916"
"94,7 : 0.4916"
"7,95 : 0.6675"
"95,7 : 0.6675"
"7,96 : 0.1903"
"96,7 : 0.1903"
"7,97 : 0.2907"
"97,7 : 0.2907"
"7,98 : 0.7"
"98,7 : 0.7"
"7,99 : 0.2309"
"99,7 : 0.2309"
"8,9 : 0.5831"
"9,8 : 0.5831"
"8,10 : 0.7931"
"10,8 : 0.7931"
"8,11 : 0.1931"
"11,8 : 0.1931"
"8,12 : 0.8439"
"12,8 : 0.8439"
"8,13 : 0.7441"
"13,8 : 0.7441"
"8,14 : 0.4717"
"14,8 : 0.4717"
"8,15 : 0.24"
"15,8 : 0.24"
"8,16 : 0.5644"
"16,8 : 0.5644"
"8,17 : 0.6007"
"17,8 : 0.6007"
"8,18 : 0.815"
"18,8 : 0.815"
"8,19 : 0.2907"
"19,8 : 0.2907"
"8,20 : 0.9263"
"20,8 : 0.9263"
"8,21 : 0.2154"
"21,8 : 0.2154"
"8,22 : 0.1769"
"22,8 : 0.1769"
"8,23 : 0.661"
"23,8 : 0.661"
"8,24 : 0.4904"
"24,8 : 0.4904"
"8,25 : 0.9171"
"25,8 : 0.9171"
"8,26 : 0.7794"
"26,8 : 0.7794"
"8,27 : 0.5536"
"27,8 : 0.5536"
"8,28 : 0.1887"
"28,8 : 0.1887"
"8,29 : 0.815"
"29,8 : 0.815"
"8,30 : 0.5914"
"30,8 : 0.5914"
"8,31 : 0.7801"
"31,8 : 0.7801"
"8,32 : 0.5036"
"32,8 : 0.5036"
"8,33 : 0.5381"
"33,8 : 0.5381"
"8,34 : 0.6356"
"34,8 : 0.6356"
"8,35 : 0.9351"
"35,8 : 0.9351"
"8,36 : 0.1476"
"36,8 : 0.1476"
"8,37 : 0.2518"
"37,8 : 0.2518"
"8,38 : 0.7376"
"38,8 : 0.7376"
"8,39 : 0.09"
"39,8 : 0.09"
"8,40 : 0.8824"
"40,8 : 0.8824"
"8,41 : 0.7566"
"41,8 : 0.7566"
"8,42 : 0.3471"
"42,8 : 0.3471"
"8,43 : 0.4904"
"43,8 : 0.4904"
"8,44 : 0.6987"
"44,8 : 0.6987"
"8,45 : 0.4827"
"45,8 : 0.4827"
"8,46 : 0.7184"
"46,8 : 0.7184"
"8,47 : 0.7151"
"47,8 : 0.7151"
"8,48 : 0.3612"
"48,8 : 0.3612"
"8,49 : 0.6576"
"49,8 : 0.6576"
"8,50 : 0.3401"
"50,8 : 0.3401"
"8,51 : 0.2062"
"51,8 : 0.2062"
"8,52 : 0.8463"
"52,8 : 0.8463"
"8,53 : 0.8215"
"53,8 : 0.8215"
"8,54 : 0.5412"
"54,8 : 0.5412"
"8,55 : 0.1221"
"55,8 : 0.1221"
"8,56 : 0.3701"
"56,8 : 0.3701"
"8,57 : 0.858"
"57,8 : 0.858"
"8,58 : 0.6"
"58,8 : 0.6"
"8,59 : 0.5235"
"59,8 : 0.5235"
"8,60 : 0.4504"
"60,8 : 0.4504"
"8,61 : 0.3126"
"61,8 : 0.3126"
"8,62 : 0.3437"
"62,8 : 0.3437"
"8,63 : 0.5831"
"63,8 : 0.5831"
"8,64 : 0.6798"
"64,8 : 0.6798"
"8,65 : 0.7692"
"65,8 : 0.7692"
"8,66 : 0.7931"
"66,8 : 0.7931"
"8,67 : 0.5707"
"67,8 : 0.5707"
"8,68 : 0.8981"
"68,8 : 0.8981"
"8,69 : 0.5852"
"69,8 : 0.5852"
"8,70 : 0.2844"
"70,8 : 0.2844"
"8,71 : 0.8615"
"71,8 : 0.8615"
"8,72 : 0.7453"
"72,8 : 0.7453"
"8,73 : 0.0224"
"73,8 : 0.0224"
"8,74 : 0.8052"
"74,8 : 0.8052"
"8,75 : 0.9323"
"75,8 : 0.9323"
"8,76 : 0.8786"
"76,8 : 0.8786"
"8,77 : 0.9901"
"77,8 : 0.9901"
"8,78 : 0.8028"
"78,8 : 0.8028"
"8,79 : 0.2052"
"79,8 : 0.2052"
"8,80 : 0.7788"
"80,8 : 0.7788"
"8,81 : 0.892"
"81,8 : 0.892"
"8,82 : 0.494"
"82,8 : 0.494"
"8,83 : 0.5659"
"83,8 : 0.5659"
"8,84 : 0.0412"
"84,8 : 0.0412"
"8,85 : 0.3501"
"85,8 : 0.3501"
"8,86 : 0.204"
"86,8 : 0.204"
"8,87 : 0.3801"
"87,8 : 0.3801"
"8,88 : 0.5968"
"88,8 : 0.5968"
"8,89 : 0.2617"
"89,8 : 0.2617"
"8,90 : 0.6172"
"90,8 : 0.6172"
"8,91 : 0.4465"
"91,8 : 0.4465"
"8,92 : 0.4808"
"92,8 : 0.4808"
"8,93 : 0.844"
"93,8 : 0.844"
"8,94 : 0.6664"
"94,8 : 0.6664"
"8,95 : 0.1414"
"95,8 : 0.1414"
"8,96 : 0.4159"
"96,8 : 0.4159"
"8,97 : 0.7503"
"97,8 : 0.7503"
"8,98 : 0.7507"
"98,8 : 0.7507"
"8,99 : 0.5808"
"99,8 : 0.5808"
"9,10 : 1.0474"
"10,9 : 1.0474"
"9,11 : 0.5239"
"11,9 : 0.5239"
"9,12 : 0.4937"
"12,9 : 0.4937"
"9,13 : 0.508"
"13,9 : 0.508"
"9,14 : 0.2617"
"14,9 : 0.2617"
"9,15 : 0.6073"
"15,9 : 0.6073"
"9,16 : 0.0224"
"16,9 : 0.0224"
"9,17 : 0.7708"
"17,9 : 0.7708"
"9,18 : 1.0057"
"18,9 : 1.0057"
"9,19 : 0.6426"
"19,9 : 0.6426"
"9,20 : 0.6041"
"20,9 : 0.6041"
"9,21 : 0.7803"
"21,9 : 0.7803"
"9,22 : 0.4977"
"22,9 : 0.4977"
"9,23 : 0.1487"
"23,9 : 0.1487"
"9,24 : 0.3202"
"24,9 : 0.3202"
"9,25 : 0.7931"
"25,9 : 0.7931"
"9,26 : 0.3766"
"26,9 : 0.3766"
"9,27 : 0.6031"
"27,9 : 0.6031"
"9,28 : 0.6873"
"28,9 : 0.6873"
"9,29 : 1.0057"
"29,9 : 1.0057"
"9,30 : 0.6341"
"30,9 : 0.6341"
"9,31 : 0.9309"
"31,9 : 0.9309"
"9,32 : 0.1442"
"32,9 : 0.1442"
"9,33 : 0.405"
"33,9 : 0.405"
"9,34 : 0.0894"
"34,9 : 0.0894"
"9,35 : 0.6412"
"35,9 : 0.6412"
"9,36 : 0.5442"
"36,9 : 0.5442"
"9,37 : 0.3421"
"37,9 : 0.3421"
"9,38 : 0.9916"
"38,9 : 0.9916"
"9,39 : 0.5808"
"39,9 : 0.5808"
"9,40 : 0.7845"
"40,9 : 0.7845"
"9,41 : 0.3202"
"41,9 : 0.3202"
"9,42 : 0.5818"
"42,9 : 0.5818"
"9,43 : 0.8286"
"43,9 : 0.8286"
"9,44 : 0.2025"
"44,9 : 0.2025"
"9,45 : 0.8026"
"45,9 : 0.8026"
"9,46 : 0.7357"
"46,9 : 0.7357"
"9,47 : 0.4805"
"47,9 : 0.4805"
"9,48 : 0.6265"
"48,9 : 0.6265"
"9,49 : 0.5859"
"49,9 : 0.5859"
"9,50 : 0.2452"
"50,9 : 0.2452"
"9,51 : 0.3956"
"51,9 : 0.3956"
"9,52 : 0.4438"
"52,9 : 0.4438"
"9,53 : 0.6573"
"53,9 : 0.6573"
"9,54 : 0.1082"
"54,9 : 0.1082"
"9,55 : 0.6801"
"55,9 : 0.6801"
"9,56 : 0.842"
"56,9 : 0.842"
"9,57 : 0.7877"
"57,9 : 0.7877"
"9,58 : 0.7925"
"58,9 : 0.7925"
"9,59 : 0.9214"
"59,9 : 0.9214"
"9,60 : 0.1526"
"60,9 : 0.1526"
"9,61 : 0.8902"
"61,9 : 0.8902"
"9,62 : 0.264"
"62,9 : 0.264"
"9,63 : 0.8246"
"63,9 : 0.8246"
"9,64 : 0.2419"
"64,9 : 0.2419"
"9,65 : 0.6742"
"65,9 : 0.6742"
"9,66 : 0.7224"
"66,9 : 0.7224"
"9,67 : 0.8521"
"67,9 : 0.8521"
"9,68 : 1.1752"
"68,9 : 1.1752"
"9,69 : 0.2751"
"69,9 : 0.2751"
"9,70 : 0.5738"
"70,9 : 0.5738"
"9,71 : 0.9043"
"71,9 : 0.9043"
"9,72 : 0.9909"
"72,9 : 0.9909"
"9,73 : 0.5714"
"73,9 : 0.5714"
"9,74 : 0.8141"
"74,9 : 0.8141"
"9,75 : 0.7011"
"75,9 : 0.7011"
"9,76 : 0.5261"
"76,9 : 0.5261"
"9,77 : 0.6592"
"77,9 : 0.6592"
"9,78 : 0.4518"
"78,9 : 0.4518"
"9,79 : 0.4374"
"79,9 : 0.4374"
"9,80 : 1.0489"
"80,9 : 1.0489"
"9,81 : 0.6512"
"81,9 : 0.6512"
"9,82 : 0.2561"
"82,9 : 0.2561"
"9,83 : 0.3712"
"83,9 : 0.3712"
"9,84 : 0.6239"
"84,9 : 0.6239"
"9,85 : 0.2354"
"85,9 : 0.2354"
"9,86 : 0.3805"
"86,9 : 0.3805"
"9,87 : 0.4383"
"87,9 : 0.4383"
"9,88 : 0.5248"
"88,9 : 0.5248"
"9,89 : 0.5852"
"89,9 : 0.5852"
"9,90 : 0.5745"
"90,9 : 0.5745"
"9,91 : 0.886"
"91,9 : 0.886"
"9,92 : 0.1442"
"92,9 : 0.1442"
"9,93 : 1.089"
"93,9 : 1.089"
"9,94 : 0.6129"
"94,9 : 0.6129"
"9,95 : 0.6986"
"95,9 : 0.6986"
"9,96 : 0.8301"
"96,9 : 0.8301"
"9,97 : 0.8887"
"97,9 : 0.8887"
"9,98 : 0.5064"
"98,9 : 0.5064"
"9,99 : 0.7569"
"99,9 : 0.7569"
"10,11 : 0.6447"
"11,10 : 0.6447"
"10,12 : 0.8587"
"12,10 : 0.8587"
"10,13 : 0.7117"
"13,10 : 0.7117"
"10,14 : 0.7864"
"14,10 : 0.7864"
"10,15 : 0.563"
"15,10 : 0.563"
"10,16 : 1.0259"
"16,10 : 1.0259"
"10,17 : 0.278"
"17,10 : 0.278"
"10,18 : 0.1077"
"18,10 : 0.1077"
"10,19 : 0.5092"
"19,10 : 0.5092"
"10,20 : 0.8472"
"20,10 : 0.8472"
"10,21 : 0.6901"
"21,10 : 0.6901"
"10,22 : 0.9519"
"22,10 : 0.9519"
"10,23 : 0.9986"
"23,10 : 0.9986"
"10,24 : 0.7325"
"24,10 : 0.7325"
"10,25 : 0.5831"
"25,10 : 0.5831"
"10,26 : 0.9062"
"26,10 : 0.9062"
"10,27 : 0.4549"
"27,10 : 0.4549"
"10,28 : 0.6166"
"28,10 : 0.6166"
"10,29 : 0.1077"
"29,10 : 0.1077"
"10,30 : 0.4342"
"30,10 : 0.4342"
"10,31 : 0.1803"
"31,10 : 0.1803"
"10,32 : 1.0794"
"32,10 : 1.0794"
"10,33 : 0.6629"
"33,10 : 0.6629"
"10,34 : 1.0262"
"34,10 : 1.0262"
"10,35 : 0.813"
"35,10 : 0.813"
"10,36 : 0.9368"
"36,10 : 0.9368"
"10,37 : 0.913"
"37,10 : 0.913"
"10,38 : 0.0583"
"38,10 : 0.0583"
"10,39 : 0.706"
"39,10 : 0.706"
"10,40 : 0.5415"
"40,10 : 0.5415"
"10,41 : 0.9394"
"41,10 : 0.9394"
"10,42 : 0.5025"
"42,10 : 0.5025"
"10,43 : 0.3041"
"43,10 : 0.3041"
"10,44 : 1.2445"
"44,10 : 1.2445"
"10,45 : 0.3105"
"45,10 : 0.3105"
"10,46 : 0.3981"
"46,10 : 0.3981"
"10,47 : 0.7117"
"47,10 : 0.7117"
"10,48 : 0.4653"
"48,10 : 0.4653"
"10,49 : 0.5349"
"49,10 : 0.5349"
"10,50 : 0.9266"
"50,10 : 0.9266"
"10,51 : 0.908"
"51,10 : 0.908"
"10,52 : 0.9235"
"52,10 : 0.9235"
"10,53 : 0.6239"
"53,10 : 0.6239"
"10,54 : 0.9426"
"54,10 : 0.9426"
"10,55 : 0.7058"
"55,10 : 0.7058"
"10,56 : 0.4817"
"56,10 : 0.4817"
"10,57 : 0.5009"
"57,10 : 0.5009"
"10,58 : 0.255"
"58,10 : 0.255"
"10,59 : 0.3158"
"59,10 : 0.3158"
"10,60 : 1.0167"
"60,10 : 1.0167"
"10,61 : 0.7398"
"61,10 : 0.7398"
"10,62 : 0.9764"
"62,10 : 0.9764"
"10,63 : 0.2302"
"63,10 : 0.2302"
"10,64 : 0.9278"
"64,10 : 0.9278"
"10,65 : 0.536"
"65,10 : 0.536"
"10,66 : 0.5016"
"66,10 : 0.5016"
"10,67 : 0.2247"
"67,10 : 0.2247"
"10,68 : 0.1281"
"68,10 : 0.1281"
"10,69 : 0.8154"
"69,10 : 0.8154"
"10,70 : 0.5456"
"70,10 : 0.5456"
"10,71 : 0.3396"
"71,10 : 0.3396"
"10,72 : 0.0566"
"72,10 : 0.0566"
"10,73 : 0.7762"
"73,10 : 0.7762"
"10,74 : 0.3901"
"74,10 : 0.3901"
"10,75 : 0.7301"
"75,10 : 0.7301"
"10,76 : 0.871"
"76,10 : 0.871"
"10,77 : 0.882"
"77,10 : 0.882"
"10,78 : 0.8507"
"78,10 : 0.8507"
"10,79 : 0.7159"
"79,10 : 0.7159"
"10,80 : 0.0283"
"80,10 : 0.0283"
"10,81 : 0.7325"
"81,10 : 0.7325"
"10,82 : 0.7951"
"82,10 : 0.7951"
"10,83 : 0.7102"
"83,10 : 0.7102"
"10,84 : 0.7943"
"84,10 : 0.7943"
"10,85 : 0.9323"
"85,10 : 0.9323"
"10,86 : 0.8276"
"86,10 : 0.8276"
"10,87 : 0.6162"
"87,10 : 0.6162"
"10,88 : 0.5636"
"88,10 : 0.5636"
"10,89 : 0.5554"
"89,10 : 0.5554"
"10,90 : 0.5189"
"90,10 : 0.5189"
"10,91 : 0.4045"
"91,10 : 0.4045"
"10,92 : 0.9052"
"92,10 : 0.9052"
"10,93 : 0.051"
"93,10 : 0.051"
"10,94 : 0.5092"
"94,10 : 0.5092"
"10,95 : 0.8746"
"95,10 : 0.8746"
"10,96 : 0.4"
"96,10 : 0.4"
"10,97 : 0.211"
"97,10 : 0.211"
"10,98 : 0.7212"
"98,10 : 0.7212"
"10,99 : 0.2907"
"99,10 : 0.2907"
"11,12 : 0.6796"
"12,11 : 0.6796"
"11,13 : 0.5664"
"13,11 : 0.5664"
"11,14 : 0.3373"
"14,11 : 0.3373"
"11,15 : 0.0922"
"15,11 : 0.0922"
"11,16 : 0.5022"
"16,11 : 0.5022"
"11,17 : 0.4219"
"17,11 : 0.4219"
"11,18 : 0.65"
"18,11 : 0.65"
"11,19 : 0.1421"
"19,11 : 0.1421"
"11,20 : 0.7529"
"20,11 : 0.7529"
"11,21 : 0.2879"
"21,11 : 0.2879"
"11,22 : 0.314"
"22,11 : 0.314"
"11,23 : 0.5604"
"23,11 : 0.5604"
"11,24 : 0.3362"
"24,11 : 0.3362"
"11,25 : 0.7245"
"25,11 : 0.7245"
"11,26 : 0.6316"
"26,11 : 0.6316"
"11,27 : 0.3606"
"27,11 : 0.3606"
"11,28 : 0.1712"
"28,11 : 0.1712"
"11,29 : 0.65"
"29,11 : 0.65"
"11,30 : 0.3985"
"30,11 : 0.3985"
"11,31 : 0.6053"
"31,11 : 0.6053"
"11,32 : 0.4924"
"32,11 : 0.4924"
"11,33 : 0.364"
"33,11 : 0.364"
"11,34 : 0.5515"
"34,11 : 0.5515"
"11,35 : 0.7569"
"35,11 : 0.7569"
"11,36 : 0.31"
"36,11 : 0.31"
"11,37 : 0.2766"
"37,11 : 0.2766"
"11,38 : 0.5869"
"38,11 : 0.5869"
"11,39 : 0.114"
"39,11 : 0.114"
"11,40 : 0.6894"
"40,11 : 0.6894"
"11,41 : 0.6198"
"41,11 : 0.6198"
"11,42 : 0.16"
"42,11 : 0.16"
"11,43 : 0.3581"
"43,11 : 0.3581"
"11,44 : 0.6845"
"44,11 : 0.6845"
"11,45 : 0.3413"
"45,11 : 0.3413"
"11,46 : 0.5263"
"46,11 : 0.5263"
"11,47 : 0.5391"
"47,11 : 0.5391"
"11,48 : 0.1844"
"48,11 : 0.1844"
"11,49 : 0.4665"
"49,11 : 0.4665"
"11,50 : 0.3191"
"50,11 : 0.3191"
"11,51 : 0.2642"
"51,11 : 0.2642"
"11,52 : 0.6932"
"52,11 : 0.6932"
"11,53 : 0.6325"
"53,11 : 0.6325"
"11,54 : 0.451"
"54,11 : 0.451"
"11,55 : 0.2025"
"55,11 : 0.2025"
"11,56 : 0.3195"
"56,11 : 0.3195"
"11,57 : 0.6648"
"57,11 : 0.6648"
"11,58 : 0.4258"
"58,11 : 0.4258"
"11,59 : 0.4252"
"59,11 : 0.4252"
"11,60 : 0.4294"
"60,11 : 0.4294"
"11,61 : 0.405"
"61,11 : 0.405"
"11,62 : 0.3547"
"62,11 : 0.3547"
"11,63 : 0.4206"
"63,11 : 0.4206"
"11,64 : 0.5532"
"64,11 : 0.5532"
"11,65 : 0.5771"
"65,11 : 0.5771"
"11,66 : 0.6001"
"66,11 : 0.6001"
"11,67 : 0.4205"
"67,11 : 0.4205"
"11,68 : 0.7606"
"68,11 : 0.7606"
"11,69 : 0.4427"
"69,11 : 0.4427"
"11,70 : 0.102"
"70,11 : 0.102"
"11,71 : 0.6736"
"71,11 : 0.6736"
"11,72 : 0.5924"
"72,11 : 0.5924"
"11,73 : 0.1709"
"73,11 : 0.1709"
"11,74 : 0.6139"
"74,11 : 0.6139"
"11,75 : 0.7465"
"75,11 : 0.7465"
"11,76 : 0.7128"
"76,11 : 0.7128"
"11,77 : 0.8157"
"77,11 : 0.8157"
"11,78 : 0.6414"
"78,11 : 0.6414"
"11,79 : 0.0894"
"79,11 : 0.0894"
"11,80 : 0.6351"
"80,11 : 0.6351"
"11,81 : 0.7084"
"81,11 : 0.7084"
"11,82 : 0.359"
"82,11 : 0.359"
"11,83 : 0.3996"
"83,11 : 0.3996"
"11,84 : 0.2195"
"84,11 : 0.2195"
"11,85 : 0.3276"
"85,11 : 0.3276"
"11,86 : 0.191"
"86,11 : 0.191"
"11,87 : 0.1985"
"87,11 : 0.1985"
"11,88 : 0.408"
"88,11 : 0.408"
"11,89 : 0.0894"
"89,11 : 0.0894"
"11,90 : 0.4254"
"90,11 : 0.4254"
"11,91 : 0.3722"
"91,11 : 0.3722"
"11,92 : 0.392"
"92,11 : 0.392"
"11,93 : 0.6946"
"93,11 : 0.6946"
"11,94 : 0.4741"
"94,11 : 0.4741"
"11,95 : 0.3276"
"95,11 : 0.3276"
"11,96 : 0.322"
"96,11 : 0.322"
"11,97 : 0.5722"
"97,11 : 0.5722"
"11,98 : 0.5738"
"98,11 : 0.5738"
"11,99 : 0.402"
"99,11 : 0.402"
"12,13 : 0.1503"
"13,12 : 0.1503"
"12,14 : 0.3842"
"14,12 : 0.3842"
"12,15 : 0.7111"
"15,12 : 0.7111"
"12,16 : 0.4866"
"16,12 : 0.4866"
"12,17 : 0.612"
"17,12 : 0.612"
"12,18 : 0.7749"
"18,12 : 0.7749"
"12,19 : 0.7094"
"19,12 : 0.7094"
"12,20 : 0.1105"
"20,12 : 0.1105"
"12,21 : 0.9625"
"21,12 : 0.9625"
"12,22 : 0.856"
"22,12 : 0.856"
"12,23 : 0.3501"
"23,12 : 0.3501"
"12,24 : 0.3538"
"24,12 : 0.3538"
"12,25 : 0.3754"
"25,12 : 0.3754"
"12,26 : 0.1204"
"26,12 : 0.1204"
"12,27 : 0.451"
"27,12 : 0.451"
"12,28 : 0.8365"
"28,12 : 0.8365"
"12,29 : 0.7749"
"29,12 : 0.7749"
"12,30 : 0.4501"
"30,12 : 0.4501"
"12,31 : 0.6895"
"31,12 : 0.6895"
"12,32 : 0.6259"
"32,12 : 0.6259"
"12,33 : 0.3176"
"33,12 : 0.3176"
"12,34 : 0.4105"
"34,12 : 0.4105"
"12,35 : 0.1513"
"35,12 : 0.1513"
"12,36 : 0.8873"
"36,12 : 0.8873"
"12,37 : 0.6989"
"37,12 : 0.6989"
"12,38 : 0.8179"
"38,12 : 0.8179"
"12,39 : 0.7882"
"39,12 : 0.7882"
"12,40 : 0.3895"
"40,12 : 0.3895"
"12,41 : 0.1811"
"41,12 : 0.1811"
"12,42 : 0.6075"
"42,12 : 0.6075"
"12,43 : 0.7841"
"43,12 : 0.7841"
"12,44 : 0.6619"
"44,12 : 0.6619"
"12,45 : 0.7543"
"45,12 : 0.7543"
"12,46 : 0.4617"
"46,12 : 0.4617"
"12,47 : 0.1612"
"47,12 : 0.1612"
"12,48 : 0.6389"
"48,12 : 0.6389"
"12,49 : 0.3314"
"49,12 : 0.3314"
"12,50 : 0.6177"
"50,12 : 0.6177"
"12,51 : 0.744"
"51,12 : 0.744"
"12,52 : 0.0781"
"52,12 : 0.0781"
"12,53 : 0.2581"
"53,12 : 0.2581"
"12,54 : 0.4176"
"54,12 : 0.4176"
"12,55 : 0.882"
"55,12 : 0.882"
"12,56 : 0.908"
"56,12 : 0.908"
"12,57 : 0.414"
"57,12 : 0.414"
"12,58 : 0.642"
"58,12 : 0.642"
"12,59 : 0.8945"
"59,12 : 0.8945"
"12,60 : 0.6008"
"60,12 : 0.6008"
"12,61 : 1.0782"
"61,12 : 1.0782"
"12,62 : 0.6708"
"62,12 : 0.6708"
"12,63 : 0.7006"
"63,12 : 0.7006"
"12,64 : 0.2518"
"64,12 : 0.2518"
"12,65 : 0.3311"
"65,12 : 0.3311"
"12,66 : 0.3759"
"66,12 : 0.3759"
"12,67 : 0.7501"
"67,12 : 0.7501"
"12,68 : 0.9772"
"68,12 : 0.9772"
"12,69 : 0.2746"
"69,12 : 0.2746"
"12,70 : 0.6488"
"70,12 : 0.6488"
"12,71 : 0.5831"
"71,12 : 0.5831"
"12,72 : 0.8102"
"72,12 : 0.8102"
"12,73 : 0.8233"
"73,12 : 0.8233"
"12,74 : 0.4965"
"74,12 : 0.4965"
"12,75 : 0.2326"
"75,12 : 0.2326"
"12,76 : 0.0361"
"76,12 : 0.0361"
"12,77 : 0.1676"
"77,12 : 0.1676"
"12,78 : 0.0447"
"78,12 : 0.0447"
"12,79 : 0.6389"
"79,12 : 0.6389"
"12,80 : 0.8732"
"80,12 : 0.8732"
"12,81 : 0.1887"
"81,12 : 0.1887"
"12,82 : 0.364"
"82,12 : 0.364"
"12,83 : 0.2802"
"83,12 : 0.2802"
"12,84 : 0.8809"
"84,12 : 0.8809"
"12,85 : 0.6129"
"85,12 : 0.6129"
"12,86 : 0.6736"
"86,12 : 0.6736"
"12,87 : 0.4837"
"87,12 : 0.4837"
"12,88 : 0.3324"
"88,12 : 0.3324"
"12,89 : 0.6754"
"89,12 : 0.6754"
"12,90 : 0.36"
"90,12 : 0.36"
"12,91 : 0.908"
"91,12 : 0.908"
"12,92 : 0.4478"
"92,12 : 0.4478"
"12,93 : 0.8823"
"93,12 : 0.8823"
"12,94 : 0.3536"
"94,12 : 0.3536"
"12,95 : 0.9849"
"95,12 : 0.9849"
"12,96 : 0.8493"
"96,12 : 0.8493"
"12,97 : 0.6515"
"97,12 : 0.6515"
"12,98 : 0.1404"
"98,12 : 0.1404"
"12,99 : 0.6107"
"99,12 : 0.6107"
"13,14 : 0.3228"
"14,13 : 0.3228"
"13,15 : 0.5852"
"15,13 : 0.5852"
"13,16 : 0.495"
"16,13 : 0.495"
"13,17 : 0.4617"
"17,13 : 0.4617"
"13,18 : 0.6316"
"18,13 : 0.6316"
"13,19 : 0.5771"
"19,13 : 0.5771"
"13,20 : 0.1887"
"20,13 : 0.1887"
"13,21 : 0.8405"
"21,13 : 0.8405"
"13,22 : 0.7829"
"22,13 : 0.7829"
"13,23 : 0.3863"
"23,13 : 0.3863"
