x,y
0.84,0.97
0.89,0.08
0.59,0.55
0.29,0.42
0.77,0.99
0.02,0.55
0.32,0.29
0.38,0.3
0.09,0.57
0.73,0.15
0.2,0.64
0.99,0.43
0.03,0.37
0.8,0.57
0.6,0.1
0.35,0.61
0.82,0.77
0.14,0.71
0.79,0.23
0.65,0.72
0.94,0.37
0.59,0.49
0.8,0.28
0.55,0.81
0.72,0.73
0.47,0.12
0.26,0.18
0.58,0.64
0.42,0.27
0.38,0.26
0.13,0.23
0.34,0.13
0.96,0.94
0.02,0.66
0.75,0.53
0.22,0.05
0.18,0.94
0.36,0.92
0.31,0.21
0.06,0.56
0.17,0.51
0.4,0.21
0.75,0.31
0.06,0.66
0.72,0.17
0.87,0.24
0.04,0.29
0.77,0.88
0.14,0.71
0.43,0.43
0.92,0.0
0.31,0.89
0.64,0.77
0.58,0.28
0.59,0.3
0.63,0.77
0.59,0.34
0.21,0.56
0.09,0.49
0.05,0.81
0.29,0.63
0.14,0.83
0.14,0.44
0.36,0.63
0.36,0.45
0.07,0.39
0.42,0.81
0.24,0.73
0.26,0.1
0.79,0.82
0.83,0.66
0.91,0.42
0.6,0.07
0.56,0.91
0.27,0.45
0.61,0.55
0.4,0.98
0.72,0.63
0.57,0.07
0.45,0.82
0.16,0.95
0.49,0.7
0.0,0.49
0.84,0.15
0.0,0.04
0.39,0.02
0.45,0.74
0.58,0.99
0.62,0.85
0.55,0.13
0.37,0.2
0.28,0.88
0.26,0.48
0.41,0.98
0.96,0.88
0.39,0.6
0.0,0.88
0.08,0.34
0.22,0.36
0.85,0.77

Distanze
"0,1 : 0.8914"
"1,0 : 0.8914"
"0,2 : 0.4888"
"2,0 : 0.4888"
"0,3 : 0.7778"
"3,0 : 0.7778"
"0,4 : 0.0728"
"4,0 : 0.0728"
"0,5 : 0.9213"
"5,0 : 0.9213"
"0,6 : 0.856"
"6,0 : 0.856"
"0,7 : 0.8127"
"7,0 : 0.8127"
"0,8 : 0.85"
"8,0 : 0.85"
"0,9 : 0.8273"
"9,0 : 0.8273"
"0,10 : 0.7201"
"10,0 : 0.7201"
"0,11 : 0.5604"
"11,0 : 0.5604"
"0,12 : 1.008"
"12,0 : 1.008"
"0,13 : 0.402"
"13,0 : 0.402"
"0,14 : 0.9025"
"14,0 : 0.9025"
"0,15 : 0.608"
"15,0 : 0.608"
"0,16 : 0.201"
"16,0 : 0.201"
"0,17 : 0.7467"
"17,0 : 0.7467"
"0,18 : 0.7417"
"18,0 : 0.7417"
"0,19 : 0.314"
"19,0 : 0.314"
"0,20 : 0.6083"
"20,0 : 0.6083"
"0,21 : 0.5412"
"21,0 : 0.5412"
"0,22 : 0.6912"
"22,0 : 0.6912"
"0,23 : 0.3312"
"23,0 : 0.3312"
"0,24 : 0.2683"
"24,0 : 0.2683"
"0,25 : 0.927"
"25,0 : 0.927"
"0,26 : 0.9801"
"26,0 : 0.9801"
"0,27 : 0.4201"
"27,0 : 0.4201"
"0,28 : 0.8163"
"28,0 : 0.8163"
"0,29 : 0.846"
"29,0 : 0.846"
"0,30 : 1.0255"
"30,0 : 1.0255"
"0,31 : 0.9775"
"31,0 : 0.9775"
"0,32 : 0.1237"
"32,0 : 0.1237"
"0,33 : 0.8766"
"33,0 : 0.8766"
"0,34 : 0.4491"
"34,0 : 0.4491"
"0,35 : 1.1094"
"35,0 : 1.1094"
"0,36 : 0.6607"
"36,0 : 0.6607"
"0,37 : 0.4826"
"37,0 : 0.4826"
"0,38 : 0.9266"
"38,0 : 0.9266"
"0,39 : 0.8812"
"39,0 : 0.8812"
"0,40 : 0.8127"
"40,0 : 0.8127"
"0,41 : 0.8782"
"41,0 : 0.8782"
"0,42 : 0.6661"
"42,0 : 0.6661"
"0,43 : 0.8393"
"43,0 : 0.8393"
"0,44 : 0.8089"
"44,0 : 0.8089"
"0,45 : 0.7306"
"45,0 : 0.7306"
"0,46 : 1.05"
"46,0 : 1.05"
"0,47 : 0.114"
"47,0 : 0.114"
"0,48 : 0.7467"
"48,0 : 0.7467"
"0,49 : 0.678"
"49,0 : 0.678"
"0,50 : 0.9733"
"50,0 : 0.9733"
"0,51 : 0.536"
"51,0 : 0.536"
"0,52 : 0.2828"
"52,0 : 0.2828"
"0,53 : 0.7374"
"53,0 : 0.7374"
"0,54 : 0.7151"
"54,0 : 0.7151"
"0,55 : 0.29"
"55,0 : 0.29"
"0,56 : 0.6778"
"56,0 : 0.6778"
"0,57 : 0.7517"
"57,0 : 0.7517"
"0,58 : 0.8904"
"58,0 : 0.8904"
"0,59 : 0.806"
"59,0 : 0.806"
"0,60 : 0.6466"
"60,0 : 0.6466"
"0,61 : 0.7139"
"61,0 : 0.7139"
"0,62 : 0.878"
"62,0 : 0.878"
"0,63 : 0.5882"
"63,0 : 0.5882"
"0,64 : 0.7077"
"64,0 : 0.7077"
"0,65 : 0.964"
"65,0 : 0.964"
"0,66 : 0.4494"
"66,0 : 0.4494"
"0,67 : 0.6462"
"67,0 : 0.6462"
"0,68 : 1.0456"
"68,0 : 1.0456"
"0,69 : 0.1581"
"69,0 : 0.1581"
"0,70 : 0.3102"
"70,0 : 0.3102"
"0,71 : 0.5544"
"71,0 : 0.5544"
"0,72 : 0.9315"
"72,0 : 0.9315"
"0,73 : 0.2864"
"73,0 : 0.2864"
"0,74 : 0.7716"
"74,0 : 0.7716"
"0,75 : 0.4789"
"75,0 : 0.4789"
"0,76 : 0.4401"
"76,0 : 0.4401"
"0,77 : 0.3606"
"77,0 : 0.3606"
"0,78 : 0.9396"
"78,0 : 0.9396"
"0,79 : 0.4179"
"79,0 : 0.4179"
"0,80 : 0.6803"
"80,0 : 0.6803"
"0,81 : 0.442"
"81,0 : 0.442"
"0,82 : 0.9675"
"82,0 : 0.9675"
"0,83 : 0.82"
"83,0 : 0.82"
"0,84 : 1.2532"
"84,0 : 1.2532"
"0,85 : 1.0512"
"85,0 : 1.0512"
"0,86 : 0.4528"
"86,0 : 0.4528"
"0,87 : 0.2608"
"87,0 : 0.2608"
"0,88 : 0.2506"
"88,0 : 0.2506"
"0,89 : 0.8887"
"89,0 : 0.8887"
"0,90 : 0.9021"
"90,0 : 0.9021"
"0,91 : 0.5672"
"91,0 : 0.5672"
"0,92 : 0.7593"
"92,0 : 0.7593"
"0,93 : 0.4301"
"93,0 : 0.4301"
"0,94 : 0.15"
"94,0 : 0.15"
"0,95 : 0.5826"
"95,0 : 0.5826"
"0,96 : 0.8448"
"96,0 : 0.8448"
"0,97 : 0.9872"
"97,0 : 0.9872"
"0,98 : 0.8698"
"98,0 : 0.8698"
"0,99 : 0.2002"
"99,0 : 0.2002"
"1,2 : 0.5576"
"2,1 : 0.5576"
"1,3 : 0.6896"
"3,1 : 0.6896"
"1,4 : 0.9179"
"4,1 : 0.9179"
"1,5 : 0.9888"
"5,1 : 0.9888"
"1,6 : 0.6075"
"6,1 : 0.6075"
"1,7 : 0.5554"
"7,1 : 0.5554"
"1,8 : 0.9381"
"8,1 : 0.9381"
"1,9 : 0.1746"
"9,1 : 0.1746"
"1,10 : 0.8887"
"10,1 : 0.8887"
"1,11 : 0.364"
"11,1 : 0.364"
"1,12 : 0.9076"
"12,1 : 0.9076"
"1,13 : 0.4982"
"13,1 : 0.4982"
"1,14 : 0.2907"
"14,1 : 0.2907"
"1,15 : 0.7566"
"15,1 : 0.7566"
"1,16 : 0.6935"
"16,1 : 0.6935"
"1,17 : 0.9795"
"17,1 : 0.9795"
"1,18 : 0.1803"
"18,1 : 0.1803"
"1,19 : 0.6835"
"19,1 : 0.6835"
"1,20 : 0.2943"
"20,1 : 0.2943"
"1,21 : 0.508"
"21,1 : 0.508"
"1,22 : 0.2193"
"22,1 : 0.2193"
"1,23 : 0.8053"
"23,1 : 0.8053"
"1,24 : 0.6719"
"24,1 : 0.6719"
"1,25 : 0.4219"
"25,1 : 0.4219"
"1,26 : 0.6379"
"26,1 : 0.6379"
"1,27 : 0.6401"
"27,1 : 0.6401"
"1,28 : 0.507"
"28,1 : 0.507"
"1,29 : 0.5408"
"29,1 : 0.5408"
"1,30 : 0.7747"
"30,1 : 0.7747"
"1,31 : 0.5523"
"31,1 : 0.5523"
"1,32 : 0.8628"
"32,1 : 0.8628"
"1,33 : 1.0456"
"33,1 : 1.0456"
"1,34 : 0.4713"
"34,1 : 0.4713"
"1,35 : 0.6707"
"35,1 : 0.6707"
"1,36 : 1.1152"
"36,1 : 1.1152"
"1,37 : 0.9932"
"37,1 : 0.9932"
"1,38 : 0.5944"
"38,1 : 0.5944"
"1,39 : 0.9588"
"39,1 : 0.9588"
"1,40 : 0.8386"
"40,1 : 0.8386"
"1,41 : 0.507"
"41,1 : 0.507"
"1,42 : 0.2693"
"42,1 : 0.2693"
"1,43 : 1.0126"
"43,1 : 1.0126"
"1,44 : 0.1924"
"44,1 : 0.1924"
"1,45 : 0.1612"
"45,1 : 0.1612"
"1,46 : 0.8756"
"46,1 : 0.8756"
"1,47 : 0.8089"
"47,1 : 0.8089"
"1,48 : 0.9795"
"48,1 : 0.9795"
"1,49 : 0.578"
"49,1 : 0.578"
"1,50 : 0.0854"
"50,1 : 0.0854"
"1,51 : 0.9962"
"51,1 : 0.9962"
"1,52 : 0.7339"
"52,1 : 0.7339"
"1,53 : 0.3689"
"53,1 : 0.3689"
"1,54 : 0.372"
"54,1 : 0.372"
"1,55 : 0.7374"
"55,1 : 0.7374"
"1,56 : 0.397"
"56,1 : 0.397"
"1,57 : 0.8323"
"57,1 : 0.8323"
"1,58 : 0.8989"
"58,1 : 0.8989"
"1,59 : 1.1129"
"59,1 : 1.1129"
"1,60 : 0.8139"
"60,1 : 0.8139"
"1,61 : 1.0607"
"61,1 : 1.0607"
"1,62 : 0.8319"
"62,1 : 0.8319"
"1,63 : 0.7638"
"63,1 : 0.7638"
"1,64 : 0.6464"
"64,1 : 0.6464"
"1,65 : 0.8766"
"65,1 : 0.8766"
"1,66 : 0.8682"
"66,1 : 0.8682"
"1,67 : 0.9192"
"67,1 : 0.9192"
"1,68 : 0.6303"
"68,1 : 0.6303"
"1,69 : 0.7467"
"69,1 : 0.7467"
"1,70 : 0.5831"
"70,1 : 0.5831"
"1,71 : 0.3406"
"71,1 : 0.3406"
"1,72 : 0.2902"
"72,1 : 0.2902"
"1,73 : 0.8932"
"73,1 : 0.8932"
"1,74 : 0.722"
"74,1 : 0.722"
"1,75 : 0.5471"
"75,1 : 0.5471"
"1,76 : 1.0247"
"76,1 : 1.0247"
"1,77 : 0.5757"
"77,1 : 0.5757"
"1,78 : 0.3202"
"78,1 : 0.3202"
"1,79 : 0.8609"
"79,1 : 0.8609"
"1,80 : 1.1357"
"80,1 : 1.1357"
"1,81 : 0.7378"
"81,1 : 0.7378"
"1,82 : 0.9799"
"82,1 : 0.9799"
"1,83 : 0.086"
"83,1 : 0.086"
"1,84 : 0.8909"
"84,1 : 0.8909"
"1,85 : 0.5036"
"85,1 : 0.5036"
"1,86 : 0.7932"
"86,1 : 0.7932"
"1,87 : 0.9614"
"87,1 : 0.9614"
"1,88 : 0.816"
"88,1 : 0.816"
"1,89 : 0.3437"
"89,1 : 0.3437"
"1,90 : 0.5337"
"90,1 : 0.5337"
"1,91 : 1.006"
"91,1 : 1.006"
"1,92 : 0.7463"
"92,1 : 0.7463"
"1,93 : 1.02"
"93,1 : 1.02"
"1,94 : 0.8031"
"94,1 : 0.8031"
"1,95 : 0.7214"
"95,1 : 0.7214"
"1,96 : 1.1967"
"96,1 : 1.1967"
"1,97 : 0.8507"
"97,1 : 0.8507"
"1,98 : 0.7262"
"98,1 : 0.7262"
"1,99 : 0.6912"
"99,1 : 0.6912"
"2,3 : 0.327"
"3,2 : 0.327"
"2,4 : 0.4754"
"4,2 : 0.4754"
"2,5 : 0.57"
"5,2 : 0.57"
"2,6 : 0.3748"
"6,2 : 0.3748"
"2,7 : 0.3265"
"7,2 : 0.3265"
"2,8 : 0.5004"
"8,2 : 0.5004"
"2,9 : 0.4238"
"9,2 : 0.4238"
"2,10 : 0.4002"
"10,2 : 0.4002"
"2,11 : 0.4176"
"11,2 : 0.4176"
"2,12 : 0.5882"
"12,2 : 0.5882"
"2,13 : 0.211"
"13,2 : 0.211"
"2,14 : 0.4501"
"14,2 : 0.4501"
"2,15 : 0.2474"
"15,2 : 0.2474"
"2,16 : 0.3183"
"16,2 : 0.3183"
"2,17 : 0.4776"
"17,2 : 0.4776"
"2,18 : 0.3774"
"18,2 : 0.3774"
"2,19 : 0.1803"
"19,2 : 0.1803"
"2,20 : 0.3936"
"20,2 : 0.3936"
"2,21 : 0.06"
"21,2 : 0.06"
"2,22 : 0.3421"
"22,2 : 0.3421"
"2,23 : 0.2631"
"23,2 : 0.2631"
"2,24 : 0.222"
"24,2 : 0.222"
"2,25 : 0.4464"
"25,2 : 0.4464"
"2,26 : 0.4958"
"26,2 : 0.4958"
"2,27 : 0.0906"
"27,2 : 0.0906"
"2,28 : 0.3276"
"28,2 : 0.3276"
"2,29 : 0.3581"
"29,2 : 0.3581"
"2,30 : 0.5604"
"30,2 : 0.5604"
"2,31 : 0.4888"
"31,2 : 0.4888"
"2,32 : 0.5376"
"32,2 : 0.5376"
"2,33 : 0.5805"
"33,2 : 0.5805"
"2,34 : 0.1612"
"34,2 : 0.1612"
"2,35 : 0.622"
"35,2 : 0.622"
"2,36 : 0.5659"
"36,2 : 0.5659"
"2,37 : 0.4357"
"37,2 : 0.4357"
"2,38 : 0.4405"
"38,2 : 0.4405"
"2,39 : 0.5301"
"39,2 : 0.5301"
"2,40 : 0.4219"
"40,2 : 0.4219"
"2,41 : 0.3895"
"41,2 : 0.3895"
"2,42 : 0.2884"
"42,2 : 0.2884"
"2,43 : 0.5413"
"43,2 : 0.5413"
"2,44 : 0.4016"
"44,2 : 0.4016"
"2,45 : 0.4177"
"45,2 : 0.4177"
"2,46 : 0.6084"
"46,2 : 0.6084"
"2,47 : 0.3759"
"47,2 : 0.3759"
"2,48 : 0.4776"
"48,2 : 0.4776"
"2,49 : 0.2"
"49,2 : 0.2"
"2,50 : 0.6414"
"50,2 : 0.6414"
"2,51 : 0.4405"
"51,2 : 0.4405"
"2,52 : 0.2256"
"52,2 : 0.2256"
"2,53 : 0.2702"
"53,2 : 0.2702"
"2,54 : 0.25"
"54,2 : 0.25"
"2,55 : 0.2236"
"55,2 : 0.2236"
"2,56 : 0.21"
"56,2 : 0.21"
"2,57 : 0.3801"
"57,2 : 0.3801"
"2,58 : 0.5036"
"58,2 : 0.5036"
"2,59 : 0.5993"
"59,2 : 0.5993"
"2,60 : 0.3105"
"60,2 : 0.3105"
"2,61 : 0.53"
"61,2 : 0.53"
"2,62 : 0.4632"
"62,2 : 0.4632"
"2,63 : 0.2435"
"63,2 : 0.2435"
"2,64 : 0.2508"
"64,2 : 0.2508"
"2,65 : 0.5441"
"65,2 : 0.5441"
"2,66 : 0.3106"
"66,2 : 0.3106"
"2,67 : 0.3936"
"67,2 : 0.3936"
"2,68 : 0.558"
"68,2 : 0.558"
"2,69 : 0.336"
"69,2 : 0.336"
"2,70 : 0.264"
"70,2 : 0.264"
"2,71 : 0.3454"
"71,2 : 0.3454"
"2,72 : 0.4801"
"72,2 : 0.4801"
"2,73 : 0.3612"
"73,2 : 0.3612"
"2,74 : 0.3353"
"74,2 : 0.3353"
"2,75 : 0.02"
"75,2 : 0.02"
"2,76 : 0.4701"
"76,2 : 0.4701"
"2,77 : 0.1526"
"77,2 : 0.1526"
"2,78 : 0.4804"
"78,2 : 0.4804"
"2,79 : 0.3041"
"79,2 : 0.3041"
"2,80 : 0.5873"
"80,2 : 0.5873"
"2,81 : 0.1803"
"81,2 : 0.1803"
"2,82 : 0.593"
"82,2 : 0.593"
"2,83 : 0.4717"
"83,2 : 0.4717"
"2,84 : 0.7799"
"84,2 : 0.7799"
"2,85 : 0.5665"
"85,2 : 0.5665"
"2,86 : 0.236"
"86,2 : 0.236"
"2,87 : 0.4401"
"87,2 : 0.4401"
"2,88 : 0.3015"
"88,2 : 0.3015"
"2,89 : 0.4219"
"89,2 : 0.4219"
"2,90 : 0.4134"
"90,2 : 0.4134"
"2,91 : 0.4528"
"91,2 : 0.4528"
"2,92 : 0.3373"
"92,2 : 0.3373"
"2,93 : 0.4662"
"93,2 : 0.4662"
"2,94 : 0.4958"
"94,2 : 0.4958"
"2,95 : 0.2062"
"95,2 : 0.2062"
"2,96 : 0.676"
"96,2 : 0.676"
"2,97 : 0.5515"
"97,2 : 0.5515"
"2,98 : 0.4159"
"98,2 : 0.4159"
"2,99 : 0.3406"
"99,2 : 0.3406"
"3,4 : 0.7452"
"4,3 : 0.7452"
"3,5 : 0.2997"
"5,3 : 0.2997"
"3,6 : 0.1334"
"6,3 : 0.1334"
"3,7 : 0.15"
"7,3 : 0.15"
"3,8 : 0.25"
"8,3 : 0.25"
"3,9 : 0.5162"
"9,3 : 0.5162"
"3,10 : 0.2377"
"10,3 : 0.2377"
"3,11 : 0.7001"
"11,3 : 0.7001"
"3,12 : 0.2648"
"12,3 : 0.2648"
"3,13 : 0.5316"
"13,3 : 0.5316"
"3,14 : 0.4455"
"14,3 : 0.4455"
"3,15 : 0.1992"
"15,3 : 0.1992"
"3,16 : 0.6351"
"16,3 : 0.6351"
"3,17 : 0.3265"
"17,3 : 0.3265"
"3,18 : 0.5349"
"18,3 : 0.5349"
"3,19 : 0.4686"
"19,3 : 0.4686"
"3,20 : 0.6519"
"20,3 : 0.6519"
"3,21 : 0.3081"
"21,3 : 0.3081"
"3,22 : 0.5289"
"22,3 : 0.5289"
"3,23 : 0.4687"
"23,3 : 0.4687"
"3,24 : 0.5301"
"24,3 : 0.5301"
"3,25 : 0.3499"
"25,3 : 0.3499"
"3,26 : 0.2419"
"26,3 : 0.2419"
"3,27 : 0.364"
"27,3 : 0.364"
"3,28 : 0.1985"
"28,3 : 0.1985"
"3,29 : 0.1836"
"29,3 : 0.1836"
"3,30 : 0.2484"
"30,3 : 0.2484"
"3,31 : 0.2943"
"31,3 : 0.2943"
"3,32 : 0.8481"
"32,3 : 0.8481"
"3,33 : 0.3612"
"33,3 : 0.3612"
"3,34 : 0.473"
"34,3 : 0.473"
"3,35 : 0.3766"
"35,3 : 0.3766"
"3,36 : 0.5315"
"36,3 : 0.5315"
"3,37 : 0.5049"
"37,3 : 0.5049"
"3,38 : 0.211"
"38,3 : 0.211"
"3,39 : 0.2693"
"39,3 : 0.2693"
"3,40 : 0.15"
"40,3 : 0.15"
"3,41 : 0.2371"
"41,3 : 0.2371"
"3,42 : 0.473"
"42,3 : 0.473"
"3,43 : 0.3324"
"43,3 : 0.3324"
"3,44 : 0.4974"
"44,3 : 0.4974"
"3,45 : 0.6073"
"45,3 : 0.6073"
"3,46 : 0.2818"
"46,3 : 0.2818"
"3,47 : 0.6648"
"47,3 : 0.6648"
"3,48 : 0.3265"
"48,3 : 0.3265"
"3,49 : 0.1404"
"49,3 : 0.1404"
"3,50 : 0.7572"
"50,3 : 0.7572"
"3,51 : 0.4704"
"51,3 : 0.4704"
"3,52 : 0.495"
"52,3 : 0.495"
"3,53 : 0.322"
"53,3 : 0.322"
"3,54 : 0.3231"
"54,3 : 0.3231"
"3,55 : 0.488"
"55,3 : 0.488"
"3,56 : 0.3105"
"56,3 : 0.3105"
"3,57 : 0.1612"
"57,3 : 0.1612"
"3,58 : 0.2119"
"58,3 : 0.2119"
"3,59 : 0.4579"
"59,3 : 0.4579"
"3,60 : 0.21"
"60,3 : 0.21"
"3,61 : 0.4366"
"61,3 : 0.4366"
"3,62 : 0.1513"
"62,3 : 0.1513"
"3,63 : 0.2214"
"63,3 : 0.2214"
"3,64 : 0.0762"
"64,3 : 0.0762"
"3,65 : 0.222"
"65,3 : 0.222"
"3,66 : 0.4111"
"66,3 : 0.4111"
"3,67 : 0.314"
"67,3 : 0.314"
"3,68 : 0.3214"
"68,3 : 0.3214"
"3,69 : 0.6403"
"69,3 : 0.6403"
"3,70 : 0.5909"
"70,3 : 0.5909"
"3,71 : 0.62"
"71,3 : 0.62"
"3,72 : 0.4675"
"72,3 : 0.4675"
"3,73 : 0.5595"
"73,3 : 0.5595"
"3,74 : 0.0361"
"74,3 : 0.0361"
"3,75 : 0.3454"
"75,3 : 0.3454"
"3,76 : 0.5707"
"76,3 : 0.5707"
"3,77 : 0.4785"
"77,3 : 0.4785"
"3,78 : 0.4482"
"78,3 : 0.4482"
"3,79 : 0.4308"
"79,3 : 0.4308"
"3,80 : 0.5457"
"80,3 : 0.5457"
"3,81 : 0.3441"
"81,3 : 0.3441"
"3,82 : 0.2983"
"82,3 : 0.2983"
"3,83 : 0.6127"
"83,3 : 0.6127"
"3,84 : 0.478"
"84,3 : 0.478"
"3,85 : 0.4123"
"85,3 : 0.4123"
"3,86 : 0.3578"
"86,3 : 0.3578"
"3,87 : 0.6395"
"87,3 : 0.6395"
"3,88 : 0.542"
"88,3 : 0.542"
"3,89 : 0.3895"
"89,3 : 0.3895"
"3,90 : 0.2341"
"90,3 : 0.2341"
"3,91 : 0.4601"
"91,3 : 0.4601"
"3,92 : 0.0671"
"92,3 : 0.0671"
"3,93 : 0.5727"
"93,3 : 0.5727"
"3,94 : 0.8127"
"94,3 : 0.8127"
"3,95 : 0.2059"
"95,3 : 0.2059"
"3,96 : 0.5438"
"96,3 : 0.5438"
"3,97 : 0.2247"
"97,3 : 0.2247"
"3,98 : 0.0922"
"98,3 : 0.0922"
"3,99 : 0.6604"
"99,3 : 0.6604"
"4,5 : 0.8695"
"5,4 : 0.8695"
"4,6 : 0.8322"
"6,4 : 0.8322"
"4,7 : 0.7926"
"7,4 : 0.7926"
"4,8 : 0.7992"
"8,4 : 0.7992"
"4,9 : 0.841"
"9,4 : 0.841"
"4,10 : 0.6689"
"10,4 : 0.6689"
"4,11 : 0.6017"
"11,4 : 0.6017"
"4,12 : 0.9654"
"12,4 : 0.9654"
"4,13 : 0.4211"
"13,4 : 0.4211"
"4,14 : 0.9061"
"14,4 : 0.9061"
"4,15 : 0.5664"
"15,4 : 0.5664"
"4,16 : 0.2256"
"16,4 : 0.2256"
"4,17 : 0.6894"
"17,4 : 0.6894"
"4,18 : 0.7603"
"18,4 : 0.7603"
"4,19 : 0.2955"
"19,4 : 0.2955"
"4,20 : 0.6429"
"20,4 : 0.6429"
"4,21 : 0.5314"
"21,4 : 0.5314"
"4,22 : 0.7106"
"22,4 : 0.7106"
"4,23 : 0.2843"
"23,4 : 0.2843"
"4,24 : 0.2648"
"24,4 : 0.2648"
"4,25 : 0.9203"
"25,4 : 0.9203"
"4,26 : 0.9572"
"26,4 : 0.9572"
"4,27 : 0.3982"
"27,4 : 0.3982"
"4,28 : 0.8006"
"28,4 : 0.8006"
"4,29 : 0.8276"
"29,4 : 0.8276"
"4,30 : 0.9936"
"30,4 : 0.9936"
"4,31 : 0.9615"
"31,4 : 0.9615"
"4,32 : 0.1965"
"32,4 : 0.1965"
"4,33 : 0.8194"
"33,4 : 0.8194"
"4,34 : 0.4604"
"34,4 : 0.4604"
"4,35 : 1.0891"
"35,4 : 1.0891"
"4,36 : 0.5921"
"36,4 : 0.5921"
"4,37 : 0.4159"
"37,4 : 0.4159"
"4,38 : 0.9055"
"38,4 : 0.9055"
"4,39 : 0.8301"
"39,4 : 0.8301"
"4,40 : 0.7684"
"40,4 : 0.7684"
"4,41 : 0.8633"
"41,4 : 0.8633"
"4,42 : 0.6803"
"42,4 : 0.6803"
"4,43 : 0.7829"
"43,4 : 0.7829"
"4,44 : 0.8215"
"44,4 : 0.8215"
"4,45 : 0.7566"
"45,4 : 0.7566"
"4,46 : 1.0114"
"46,4 : 1.0114"
"4,47 : 0.11"
"47,4 : 0.11"
"4,48 : 0.6894"
"48,4 : 0.6894"
"4,49 : 0.6551"
"49,4 : 0.6551"
"4,50 : 1.0013"
"50,4 : 1.0013"
"4,51 : 0.4707"
"51,4 : 0.4707"
"4,52 : 0.2555"
"52,4 : 0.2555"
"4,53 : 0.735"
"53,4 : 0.735"
"4,54 : 0.7131"
"54,4 : 0.7131"
"4,55 : 0.2608"
"55,4 : 0.2608"
"4,56 : 0.6745"
"56,4 : 0.6745"
"4,57 : 0.706"
"57,4 : 0.706"
"4,58 : 0.844"
"58,4 : 0.844"
"4,59 : 0.7422"
"59,4 : 0.7422"
"4,60 : 0.6"
"60,4 : 0.6"
"4,61 : 0.65"
"61,4 : 0.65"
"4,62 : 0.8363"
"62,4 : 0.8363"
"4,63 : 0.5456"
"63,4 : 0.5456"
"4,64 : 0.678"
"64,4 : 0.678"
"4,65 : 0.922"
"65,4 : 0.922"
"4,66 : 0.3936"
"66,4 : 0.3936"
"4,67 : 0.5903"
"67,4 : 0.5903"
"4,68 : 1.0258"
"68,4 : 1.0258"
"4,69 : 0.1712"
"69,4 : 0.1712"
"4,70 : 0.3354"
"70,4 : 0.3354"
"4,71 : 0.5869"
"71,4 : 0.5869"
"4,72 : 0.9356"
"72,4 : 0.9356"
"4,73 : 0.2247"
"73,4 : 0.2247"
"4,74 : 0.7359"
"74,4 : 0.7359"
"4,75 : 0.4682"
"75,4 : 0.4682"
"4,76 : 0.3701"
"76,4 : 0.3701"
"4,77 : 0.3635"
"77,4 : 0.3635"
"4,78 : 0.9415"
"78,4 : 0.9415"
"4,79 : 0.3624"
"79,4 : 0.3624"
"4,80 : 0.6113"
"80,4 : 0.6113"
"4,81 : 0.4031"
"81,4 : 0.4031"
"4,82 : 0.9181"
"82,4 : 0.9181"
"4,83 : 0.8429"
"83,4 : 0.8429"
"4,84 : 1.2229"
"84,4 : 1.2229"
"4,85 : 1.0418"
"85,4 : 1.0418"
"4,86 : 0.4061"
"86,4 : 0.4061"
"4,87 : 0.19"
"87,4 : 0.19"
"4,88 : 0.2052"
"88,4 : 0.2052"
"4,89 : 0.8877"
"89,4 : 0.8877"
"4,90 : 0.8855"
"90,4 : 0.8855"
"4,91 : 0.5022"
"91,4 : 0.5022"
"4,92 : 0.7212"
"92,4 : 0.7212"
"4,93 : 0.3601"
"93,4 : 0.3601"
"4,94 : 0.2195"
"94,4 : 0.2195"
"4,95 : 0.5445"
"95,4 : 0.5445"
"4,96 : 0.7778"
"96,4 : 0.7778"
"4,97 : 0.9479"
"97,4 : 0.9479"
"4,98 : 0.8363"
"98,4 : 0.8363"
"4,99 : 0.2341"
"99,4 : 0.2341"
"5,6 : 0.397"
"6,5 : 0.397"
"5,7 : 0.4383"
"7,5 : 0.4383"
"5,8 : 0.0728"
"8,5 : 0.0728"
"5,9 : 0.8149"
"9,5 : 0.8149"
"5,10 : 0.2012"
"10,5 : 0.2012"
"5,11 : 0.9774"
"11,5 : 0.9774"
"5,12 : 0.1803"
"12,5 : 0.1803"
"5,13 : 0.7803"
"13,5 : 0.7803"
"5,14 : 0.7341"
"14,5 : 0.7341"
"5,15 : 0.3354"
"15,5 : 0.3354"
"5,16 : 0.8297"
"16,5 : 0.8297"
"5,17 : 0.2"
"17,5 : 0.2"
"5,18 : 0.8338"
"18,5 : 0.8338"
"5,19 : 0.6525"
"19,5 : 0.6525"
"5,20 : 0.9374"
"20,5 : 0.9374"
"5,21 : 0.5731"
"21,5 : 0.5731"
"5,22 : 0.8254"
"22,5 : 0.8254"
"5,23 : 0.5903"
"23,5 : 0.5903"
"5,24 : 0.7228"
"24,5 : 0.7228"
"5,25 : 0.6224"
"25,5 : 0.6224"
"5,26 : 0.441"
"26,5 : 0.441"
"5,27 : 0.5672"
"27,5 : 0.5672"
"5,28 : 0.4883"
"28,5 : 0.4883"
"5,29 : 0.4623"
"29,5 : 0.4623"
"5,30 : 0.3384"
"30,5 : 0.3384"
"5,31 : 0.528"
"31,5 : 0.528"
"5,32 : 1.0177"
"32,5 : 1.0177"
"5,33 : 0.11"
"33,5 : 0.11"
"5,34 : 0.7303"
"34,5 : 0.7303"
"5,35 : 0.5385"
"35,5 : 0.5385"
"5,36 : 0.4215"
"36,5 : 0.4215"
"5,37 : 0.5025"
"37,5 : 0.5025"
"5,38 : 0.4469"
"38,5 : 0.4469"
"5,39 : 0.0412"
"39,5 : 0.0412"
"5,40 : 0.1552"
"40,5 : 0.1552"
"5,41 : 0.5099"
"41,5 : 0.5099"
"5,42 : 0.7684"
"42,5 : 0.7684"
"5,43 : 0.117"
"43,5 : 0.117"
"5,44 : 0.7965"
"44,5 : 0.7965"
"5,45 : 0.9048"
"45,5 : 0.9048"
"5,46 : 0.2608"
"46,5 : 0.2608"
"5,47 : 0.8194"
"47,5 : 0.8194"
"5,48 : 0.2"
"48,5 : 0.2"
"5,49 : 0.4272"
"49,5 : 0.4272"
"5,50 : 1.0548"
"50,5 : 1.0548"
"5,51 : 0.4469"
"51,5 : 0.4469"
"5,52 : 0.6579"
"52,5 : 0.6579"
"5,53 : 0.6217"
"53,5 : 0.6217"
"5,54 : 0.6224"
"54,5 : 0.6224"
"5,55 : 0.6485"
"55,5 : 0.6485"
"5,56 : 0.6075"
"56,5 : 0.6075"
"5,57 : 0.1903"
"57,5 : 0.1903"
"5,58 : 0.0922"
"58,5 : 0.0922"
"5,59 : 0.2617"
"59,5 : 0.2617"
"5,60 : 0.2816"
"60,5 : 0.2816"
"5,61 : 0.3046"
"61,5 : 0.3046"
"5,62 : 0.1628"
"62,5 : 0.1628"
"5,63 : 0.3493"
"63,5 : 0.3493"
"5,64 : 0.3544"
"64,5 : 0.3544"
"5,65 : 0.1676"
"65,5 : 0.1676"
"5,66 : 0.4771"
"66,5 : 0.4771"
"5,67 : 0.2843"
"67,5 : 0.2843"
"5,68 : 0.51"
"68,5 : 0.51"
"5,69 : 0.816"
"69,5 : 0.816"
"5,70 : 0.8174"
"70,5 : 0.8174"
"5,71 : 0.8994"
"71,5 : 0.8994"
"5,72 : 0.7529"
"72,5 : 0.7529"
"5,73 : 0.649"
"73,5 : 0.649"
"5,74 : 0.2693"
"74,5 : 0.2693"
"5,75 : 0.59"
"75,5 : 0.59"
"5,76 : 0.5738"
"76,5 : 0.5738"
"5,77 : 0.7046"
"77,5 : 0.7046"
"5,78 : 0.73"
"78,5 : 0.73"
"5,79 : 0.5077"
"79,5 : 0.5077"
"5,80 : 0.4238"
"80,5 : 0.4238"
"5,81 : 0.4934"
"81,5 : 0.4934"
"5,82 : 0.0632"
"82,5 : 0.0632"
"5,83 : 0.9124"
"83,5 : 0.9124"
"5,84 : 0.5104"
"84,5 : 0.5104"
"5,85 : 0.6464"
"85,5 : 0.6464"
"5,86 : 0.4701"
"86,5 : 0.4701"
"5,87 : 0.7122"
"87,5 : 0.7122"
"5,88 : 0.6708"
"88,5 : 0.6708"
"5,89 : 0.6762"
"89,5 : 0.6762"
"5,90 : 0.495"
"90,5 : 0.495"
"5,91 : 0.4201"
"91,5 : 0.4201"
"5,92 : 0.25"
"92,5 : 0.25"
"5,93 : 0.5805"
"93,5 : 0.5805"
"5,94 : 0.9962"
"94,5 : 0.9962"
"5,95 : 0.3734"
"95,5 : 0.3734"
"5,96 : 0.3306"
"96,5 : 0.3306"
"5,97 : 0.2184"
"97,5 : 0.2184"
"5,98 : 0.2759"
"98,5 : 0.2759"
"5,99 : 0.8587"
"99,5 : 0.8587"
"6,7 : 0.0608"
"7,6 : 0.0608"
"6,8 : 0.3624"
"8,6 : 0.3624"
"6,9 : 0.4332"
"9,6 : 0.4332"
"6,10 : 0.37"
"10,6 : 0.37"
"6,11 : 0.6845"
"11,6 : 0.6845"
"6,12 : 0.3008"
"12,6 : 0.3008"
"6,13 : 0.5557"
"13,6 : 0.5557"
"6,14 : 0.3384"
"14,6 : 0.3384"
"6,15 : 0.3214"
"15,6 : 0.3214"
"6,16 : 0.6931"
"16,6 : 0.6931"
"6,17 : 0.4569"
"17,6 : 0.4569"
"6,18 : 0.4738"
"18,6 : 0.4738"
"6,19 : 0.542"
"19,6 : 0.542"
"6,20 : 0.6251"
"20,6 : 0.6251"
"6,21 : 0.336"
"21,6 : 0.336"
"6,22 : 0.4801"
"22,6 : 0.4801"
"6,23 : 0.5686"
"23,6 : 0.5686"
"6,24 : 0.5946"
"24,6 : 0.5946"
"6,25 : 0.2267"
"25,6 : 0.2267"
"6,26 : 0.1253"
"26,6 : 0.1253"
"6,27 : 0.436"
"27,6 : 0.436"
"6,28 : 0.102"
"28,6 : 0.102"
"6,29 : 0.0671"
"29,6 : 0.0671"
"6,30 : 0.1992"
"30,6 : 0.1992"
"6,31 : 0.1612"
"31,6 : 0.1612"
"6,32 : 0.9122"
"32,6 : 0.9122"
"6,33 : 0.4763"
"33,6 : 0.4763"
"6,34 : 0.4924"
"34,6 : 0.4924"
"6,35 : 0.26"
"35,6 : 0.26"
"6,36 : 0.6649"
"36,6 : 0.6649"
"6,37 : 0.6313"
"37,6 : 0.6313"
"6,38 : 0.0806"
"38,6 : 0.0806"
"6,39 : 0.3748"
"39,6 : 0.3748"
"6,40 : 0.2663"
"40,6 : 0.2663"
"6,41 : 0.1131"
"41,6 : 0.1131"
"6,42 : 0.4305"
"42,6 : 0.4305"
"6,43 : 0.4522"
"43,6 : 0.4522"
"6,44 : 0.4176"
"44,6 : 0.4176"
"6,45 : 0.5523"
"45,6 : 0.5523"
"6,46 : 0.28"
"46,6 : 0.28"
"6,47 : 0.742"
"47,6 : 0.742"
"6,48 : 0.4569"
"48,6 : 0.4569"
"6,49 : 0.178"
"49,6 : 0.178"
"6,50 : 0.6664"
"50,6 : 0.6664"
"6,51 : 0.6001"
"51,6 : 0.6001"
"6,52 : 0.5769"
"52,6 : 0.5769"
"6,53 : 0.2602"
"53,6 : 0.2602"
"6,54 : 0.2702"
"54,6 : 0.2702"
"6,55 : 0.5714"
"55,6 : 0.5714"
"6,56 : 0.2746"
"56,6 : 0.2746"
"6,57 : 0.2915"
"57,6 : 0.2915"
"6,58 : 0.3048"
"58,6 : 0.3048"
"6,59 : 0.5859"
"59,6 : 0.5859"
"6,60 : 0.3413"
"60,6 : 0.3413"
"6,61 : 0.5692"
"61,6 : 0.5692"
"6,62 : 0.2343"
"62,6 : 0.2343"
"6,63 : 0.3423"
"63,6 : 0.3423"
"6,64 : 0.1649"
"64,6 : 0.1649"
"6,65 : 0.2693"
"65,6 : 0.2693"
"6,66 : 0.5295"
"66,6 : 0.5295"
"6,67 : 0.4472"
"67,6 : 0.4472"
"6,68 : 0.1992"
"68,6 : 0.1992"
"6,69 : 0.7084"
"69,6 : 0.7084"
"6,70 : 0.6301"
"70,6 : 0.6301"
"6,71 : 0.6042"
"71,6 : 0.6042"
"6,72 : 0.3561"
"72,6 : 0.3561"
"6,73 : 0.6648"
"73,6 : 0.6648"
"6,74 : 0.1676"
"74,6 : 0.1676"
"6,75 : 0.3895"
"75,6 : 0.3895"
"6,76 : 0.6946"
"76,6 : 0.6946"
"6,77 : 0.525"
"77,6 : 0.525"
"6,78 : 0.333"
"78,6 : 0.333"
"6,79 : 0.5457"
"79,6 : 0.5457"
"6,80 : 0.6791"
"80,6 : 0.6791"
"6,81 : 0.4438"
"81,6 : 0.4438"
"6,82 : 0.3774"
"82,6 : 0.3774"
"6,83 : 0.5385"
"83,6 : 0.5385"
"6,84 : 0.4061"
"84,6 : 0.4061"
"6,85 : 0.2789"
"85,6 : 0.2789"
"6,86 : 0.4684"
"86,6 : 0.4684"
"6,87 : 0.7467"
"87,6 : 0.7467"
"6,88 : 0.6353"
"88,6 : 0.6353"
"6,89 : 0.2802"
"89,6 : 0.2802"
"6,90 : 0.103"
"90,6 : 0.103"
"6,91 : 0.5914"
"91,6 : 0.5914"
"6,92 : 0.1992"
"92,6 : 0.1992"
"6,93 : 0.6958"
"93,6 : 0.6958"
"6,94 : 0.8705"
"94,6 : 0.8705"
"6,95 : 0.3178"
"95,6 : 0.3178"
"6,96 : 0.6712"
"96,6 : 0.6712"
"6,97 : 0.2452"
"97,6 : 0.2452"
"6,98 : 0.1221"
"98,6 : 0.1221"
"6,99 : 0.7151"
"99,6 : 0.7151"
"7,8 : 0.3962"
"8,7 : 0.3962"
"7,9 : 0.3808"
"9,7 : 0.3808"
"7,10 : 0.3847"
"10,7 : 0.3847"
"7,11 : 0.6237"
"11,7 : 0.6237"
"7,12 : 0.3569"
"12,7 : 0.3569"
"7,13 : 0.4993"
"13,7 : 0.4993"
"7,14 : 0.2973"
"14,7 : 0.2973"
"7,15 : 0.3114"
"15,7 : 0.3114"
"7,16 : 0.6438"
"16,7 : 0.6438"
"7,17 : 0.4751"
"17,7 : 0.4751"
"7,18 : 0.4159"
"18,7 : 0.4159"
"7,19 : 0.4993"
"19,7 : 0.4993"
"7,20 : 0.5644"
"20,7 : 0.5644"
"7,21 : 0.2832"
"21,7 : 0.2832"
"7,22 : 0.4205"
"22,7 : 0.4205"
"7,23 : 0.5376"
"23,7 : 0.5376"
"7,24 : 0.5482"
"24,7 : 0.5482"
"7,25 : 0.2012"
"25,7 : 0.2012"
"7,26 : 0.1697"
"26,7 : 0.1697"
"7,27 : 0.3945"
"27,7 : 0.3945"
"7,28 : 0.05"
"28,7 : 0.05"
"7,29 : 0.04"
"29,7 : 0.04"
"7,30 : 0.2596"
"30,7 : 0.2596"
"7,31 : 0.1746"
"31,7 : 0.1746"
"7,32 : 0.8637"
"32,7 : 0.8637"
"7,33 : 0.5091"
"33,7 : 0.5091"
"7,34 : 0.4357"
"34,7 : 0.4357"
"7,35 : 0.2968"
"35,7 : 0.2968"
"7,36 : 0.6705"
"36,7 : 0.6705"
"7,37 : 0.6203"
"37,7 : 0.6203"
"7,38 : 0.114"
"38,7 : 0.114"
"7,39 : 0.4123"
"39,7 : 0.4123"
"7,40 : 0.297"
"40,7 : 0.297"
"7,41 : 0.0922"
"41,7 : 0.0922"
"7,42 : 0.3701"
"42,7 : 0.3701"
"7,43 : 0.4817"
"43,7 : 0.4817"
"7,44 : 0.364"
"44,7 : 0.364"
"7,45 : 0.4937"
"45,7 : 0.4937"
"7,46 : 0.3401"
"46,7 : 0.3401"
"7,47 : 0.6989"
"47,7 : 0.6989"
"7,48 : 0.4751"
"48,7 : 0.4751"
"7,49 : 0.1393"
"49,7 : 0.1393"
"7,50 : 0.6177"
"50,7 : 0.6177"
"7,51 : 0.5941"
"51,7 : 0.5941"
"7,52 : 0.5371"
"52,7 : 0.5371"
"7,53 : 0.201"
"53,7 : 0.201"
"7,54 : 0.21"
"54,7 : 0.21"
"7,55 : 0.5324"
"55,7 : 0.5324"
"7,56 : 0.2138"
"56,7 : 0.2138"
"7,57 : 0.3106"
"57,7 : 0.3106"
"7,58 : 0.3467"
"58,7 : 0.3467"
"7,59 : 0.6075"
"59,7 : 0.6075"
"7,60 : 0.3421"
"60,7 : 0.3421"
"7,61 : 0.5818"
"61,7 : 0.5818"
"7,62 : 0.2778"
"62,7 : 0.2778"
"7,63 : 0.3306"
"63,7 : 0.3306"
"7,64 : 0.1513"
"64,7 : 0.1513"
"7,65 : 0.3228"
"65,7 : 0.3228"
"7,66 : 0.5116"
"66,7 : 0.5116"
"7,67 : 0.4522"
"67,7 : 0.4522"
"7,68 : 0.2332"
"68,7 : 0.2332"
"7,69 : 0.6622"
"69,7 : 0.6622"
"7,70 : 0.5763"
"70,7 : 0.5763"
"7,71 : 0.5434"
"71,7 : 0.5434"
"7,72 : 0.3183"
"72,7 : 0.3183"
"7,73 : 0.636"
"73,7 : 0.636"
"7,74 : 0.186"
"74,7 : 0.186"
"7,75 : 0.3397"
"75,7 : 0.3397"
"7,76 : 0.6803"
"76,7 : 0.6803"
"7,77 : 0.4738"
"77,7 : 0.4738"
"7,78 : 0.2983"
"78,7 : 0.2983"
"7,79 : 0.5247"
"79,7 : 0.5247"
"7,80 : 0.6862"
"80,7 : 0.6862"
"7,81 : 0.4148"
"81,7 : 0.4148"
"7,82 : 0.4249"
"82,7 : 0.4249"
"7,83 : 0.4838"
"83,7 : 0.4838"
"7,84 : 0.4604"
"84,7 : 0.4604"
"7,85 : 0.2802"
"85,7 : 0.2802"
"7,86 : 0.4455"
"86,7 : 0.4455"
"7,87 : 0.7184"
"87,7 : 0.7184"
"7,88 : 0.6001"
"88,7 : 0.6001"
"7,89 : 0.2404"
"89,7 : 0.2404"
"7,90 : 0.1005"
"90,7 : 0.1005"
"7,91 : 0.5886"
"91,7 : 0.5886"
"7,92 : 0.2163"
"92,7 : 0.2163"
"7,93 : 0.6807"
"93,7 : 0.6807"
"7,94 : 0.8202"
"94,7 : 0.8202"
"7,95 : 0.3002"
"95,7 : 0.3002"
"7,96 : 0.6934"
"96,7 : 0.6934"
"7,97 : 0.3027"
"97,7 : 0.3027"
"7,98 : 0.1709"
"98,7 : 0.1709"
"7,99 : 0.6647"
"99,7 : 0.6647"
"8,9 : 0.7655"
"9,8 : 0.7655"
"8,10 : 0.1304"
"10,8 : 0.1304"
"8,11 : 0.9108"
"11,8 : 0.9108"
"8,12 : 0.2088"
"12,8 : 0.2088"
"8,13 : 0.71"
"13,8 : 0.71"
"8,14 : 0.6935"
"14,8 : 0.6935"
"8,15 : 0.2631"
"15,8 : 0.2631"
"8,16 : 0.7569"
"16,8 : 0.7569"
"8,17 : 0.1487"
"17,8 : 0.1487"
"8,18 : 0.7782"
"18,8 : 0.7782"
"8,19 : 0.5797"
"19,8 : 0.5797"
"8,20 : 0.8732"
"20,8 : 0.8732"
"8,21 : 0.5064"
"21,8 : 0.5064"
"8,22 : 0.7669"
"22,8 : 0.7669"
"8,23 : 0.5188"
"23,8 : 0.5188"
"8,24 : 0.65"
"24,8 : 0.65"
"8,25 : 0.589"
"25,8 : 0.589"
"8,26 : 0.4254"
"26,8 : 0.4254"
"8,27 : 0.495"
"27,8 : 0.495"
"8,28 : 0.446"
"28,8 : 0.446"
"8,29 : 0.4245"
"29,8 : 0.4245"
"8,30 : 0.3423"
"30,8 : 0.3423"
"8,31 : 0.5061"
"31,8 : 0.5061"
"8,32 : 0.9454"
"32,8 : 0.9454"
"8,33 : 0.114"
"33,8 : 0.114"
"8,34 : 0.6612"
"34,8 : 0.6612"
"8,35 : 0.536"
"35,8 : 0.536"
"8,36 : 0.3808"
"36,8 : 0.3808"
"8,37 : 0.442"
"37,8 : 0.442"
"8,38 : 0.4219"
"38,8 : 0.4219"
"8,39 : 0.0316"
"39,8 : 0.0316"
"8,40 : 0.1"
"40,8 : 0.1"
"8,41 : 0.4751"
"41,8 : 0.4751"
"8,42 : 0.7094"
"42,8 : 0.7094"
"8,43 : 0.0949"
"43,8 : 0.0949"
"8,44 : 0.7463"
"44,8 : 0.7463"
"8,45 : 0.8469"
"45,8 : 0.8469"
"8,46 : 0.2844"
"46,8 : 0.2844"
"8,47 : 0.7473"
"47,8 : 0.7473"
"8,48 : 0.1487"
"48,8 : 0.1487"
"8,49 : 0.3677"
"49,8 : 0.3677"
"8,50 : 1.0069"
"50,8 : 1.0069"
"8,51 : 0.3883"
"51,8 : 0.3883"
"8,52 : 0.5852"
"52,8 : 0.5852"
"8,53 : 0.5694"
"53,8 : 0.5694"
"8,54 : 0.5682"
"54,8 : 0.5682"
"8,55 : 0.5758"
"55,8 : 0.5758"
"8,56 : 0.5504"
"56,8 : 0.5504"
"8,57 : 0.1204"
"57,8 : 0.1204"
"8,58 : 0.08"
"58,8 : 0.08"
"8,59 : 0.2433"
"59,8 : 0.2433"
"8,60 : 0.2088"
"60,8 : 0.2088"
"8,61 : 0.2648"
"61,8 : 0.2648"
"8,62 : 0.1393"
"62,8 : 0.1393"
"8,63 : 0.2766"
"63,8 : 0.2766"
"8,64 : 0.2955"
"64,8 : 0.2955"
"8,65 : 0.1811"
"65,8 : 0.1811"
"8,66 : 0.408"
"66,8 : 0.408"
"8,67 : 0.2193"
"67,8 : 0.2193"
"8,68 : 0.4998"
"68,8 : 0.4998"
"8,69 : 0.7433"
"69,8 : 0.7433"
"8,70 : 0.7455"
"70,8 : 0.7455"
"8,71 : 0.8336"
"71,8 : 0.8336"
"8,72 : 0.7142"
"72,8 : 0.7142"
"8,73 : 0.5801"
"73,8 : 0.5801"
"8,74 : 0.2163"
"74,8 : 0.2163"
"8,75 : 0.5204"
"75,8 : 0.5204"
"8,76 : 0.514"
"76,8 : 0.514"
"8,77 : 0.6329"
"77,8 : 0.6329"
"8,78 : 0.6931"
"78,8 : 0.6931"
"8,79 : 0.4383"
"79,8 : 0.4383"
"8,80 : 0.3864"
"80,8 : 0.3864"
"8,81 : 0.4206"
"81,8 : 0.4206"
"8,82 : 0.1204"
"82,8 : 0.1204"
"8,83 : 0.8596"
"83,8 : 0.8596"
"8,84 : 0.5376"
"84,8 : 0.5376"
"8,85 : 0.6265"
"85,8 : 0.6265"
"8,86 : 0.3981"
"86,8 : 0.3981"
"8,87 : 0.6454"
"87,8 : 0.6454"
"8,88 : 0.5994"
"88,8 : 0.5994"
"8,89 : 0.6366"
"89,8 : 0.6366"
"8,90 : 0.464"
"90,8 : 0.464"
"8,91 : 0.3636"
"91,8 : 0.3636"
"8,92 : 0.1924"
"92,8 : 0.1924"
"8,93 : 0.5201"
"93,8 : 0.5201"
"8,94 : 0.9236"
"94,8 : 0.9236"
"8,95 : 0.3015"
"95,8 : 0.3015"
"8,96 : 0.3228"
"96,8 : 0.3228"
"8,97 : 0.2302"
"97,8 : 0.2302"
"8,98 : 0.247"
"98,8 : 0.247"
"8,99 : 0.7859"
"99,8 : 0.7859"
"9,10 : 0.7218"
"10,9 : 0.7218"
"9,11 : 0.3821"
"11,9 : 0.3821"
"9,12 : 0.7338"
"12,9 : 0.7338"
"9,13 : 0.4258"
"13,9 : 0.4258"
"9,14 : 0.1393"
"14,9 : 0.1393"
"9,15 : 0.5967"
"15,9 : 0.5967"
"9,16 : 0.6265"
"16,9 : 0.6265"
"9,17 : 0.8134"
"17,9 : 0.8134"
"9,18 : 0.1"
"18,9 : 0.1"
"9,19 : 0.5756"
"19,9 : 0.5756"
"9,20 : 0.3041"
"20,9 : 0.3041"
"9,21 : 0.3677"
"21,9 : 0.3677"
"9,22 : 0.1476"
"22,9 : 0.1476"
"9,23 : 0.6841"
"23,9 : 0.6841"
"9,24 : 0.5801"
"24,9 : 0.5801"
"9,25 : 0.2617"
"25,9 : 0.2617"
"9,26 : 0.471"
"26,9 : 0.471"
"9,27 : 0.5124"
"27,9 : 0.5124"
"9,28 : 0.3324"
"28,9 : 0.3324"
"9,29 : 0.3669"
"29,9 : 0.3669"
"9,30 : 0.6053"
"30,9 : 0.6053"
"9,31 : 0.3905"
"31,9 : 0.3905"
"9,32 : 0.8228"
"32,9 : 0.8228"
"9,33 : 0.8742"
"33,9 : 0.8742"
"9,34 : 0.3805"
"34,9 : 0.3805"
"9,35 : 0.5197"
"35,9 : 0.5197"
"9,36 : 0.9626"
"36,9 : 0.9626"
"9,37 : 0.8543"
"37,9 : 0.8543"
"9,38 : 0.4243"
"38,9 : 0.4243"
"9,39 : 0.7855"
"39,9 : 0.7855"
"9,40 : 0.6657"
"40,9 : 0.6657"
"9,41 : 0.3354"
"41,9 : 0.3354"
"9,42 : 0.1612"
"42,9 : 0.1612"
"9,43 : 0.842"
"43,9 : 0.842"
"9,44 : 0.0224"
"44,9 : 0.0224"
"9,45 : 0.1664"
"45,9 : 0.1664"
"9,46 : 0.7041"
"46,9 : 0.7041"
"9,47 : 0.7311"
"47,9 : 0.7311"
"9,48 : 0.8134"
"48,9 : 0.8134"
"9,49 : 0.4104"
"49,9 : 0.4104"
"9,50 : 0.2421"
"50,9 : 0.2421"
"9,51 : 0.8509"
"51,9 : 0.8509"
"9,52 : 0.6265"
"52,9 : 0.6265"
"9,53 : 0.1985"
"53,9 : 0.1985"
"9,54 : 0.2052"
"54,9 : 0.2052"
"9,55 : 0.628"
"55,9 : 0.628"
"9,56 : 0.236"
"56,9 : 0.236"
"9,57 : 0.6622"
"57,9 : 0.6622"
"9,58 : 0.7247"
"58,9 : 0.7247"
"9,59 : 0.9476"
"59,9 : 0.9476"
"9,60 : 0.6512"
"60,9 : 0.6512"
"9,61 : 0.9003"
"61,9 : 0.9003"
"9,62 : 0.6574"
"62,9 : 0.6574"
"9,63 : 0.6061"
"63,9 : 0.6061"
"9,64 : 0.4763"
"64,9 : 0.4763"
"9,65 : 0.7023"
"65,9 : 0.7023"
"9,66 : 0.7292"
"66,9 : 0.7292"
"9,67 : 0.7593"
"67,9 : 0.7593"
"9,68 : 0.4727"
"68,9 : 0.4727"
"9,69 : 0.6727"
"69,9 : 0.6727"
"9,70 : 0.5197"
"70,9 : 0.5197"
"9,71 : 0.3245"
"71,9 : 0.3245"
"9,72 : 0.1526"
"72,9 : 0.1526"
"9,73 : 0.7788"
"73,9 : 0.7788"
"9,74 : 0.5492"
"74,9 : 0.5492"
"9,75 : 0.4176"
"75,9 : 0.4176"
"9,76 : 0.8932"
"76,9 : 0.8932"
"9,77 : 0.4801"
"77,9 : 0.4801"
"9,78 : 0.1789"
"78,9 : 0.1789"
"9,79 : 0.7262"
"79,9 : 0.7262"
"9,80 : 0.9823"
"80,9 : 0.9823"
"9,81 : 0.6001"
"81,9 : 0.6001"
"9,82 : 0.8053"
"82,9 : 0.8053"
"9,83 : 0.11"
"83,9 : 0.11"
"9,84 : 0.7382"
"84,9 : 0.7382"
"9,85 : 0.364"
"85,9 : 0.364"
"9,86 : 0.6531"
"86,9 : 0.6531"
"9,87 : 0.8533"
"87,9 : 0.8533"
"9,88 : 0.7086"
"88,9 : 0.7086"
"9,89 : 0.1811"
"89,9 : 0.1811"
"9,90 : 0.3635"
"90,9 : 0.3635"
"9,91 : 0.8576"
"91,9 : 0.8576"
"9,92 : 0.5743"
"92,9 : 0.5743"
"9,93 : 0.8896"
"93,9 : 0.8896"
"9,94 : 0.7654"
"94,9 : 0.7654"
"9,95 : 0.564"
"95,9 : 0.564"
"9,96 : 1.0324"
"96,9 : 1.0324"
"9,97 : 0.6772"
"97,9 : 0.6772"
"9,98 : 0.5515"
"98,9 : 0.5515"
"9,99 : 0.6315"
"99,9 : 0.6315"
"10,11 : 0.8174"
"11,10 : 0.8174"
"10,12 : 0.3191"
"12,10 : 0.3191"
"10,13 : 0.6041"
"13,10 : 0.6041"
"10,14 : 0.672"
"14,10 : 0.672"
"10,15 : 0.153"
"15,10 : 0.153"
"10,16 : 0.6335"
"16,10 : 0.6335"
"10,17 : 0.0922"
"17,10 : 0.0922"
"10,18 : 0.7185"
"18,10 : 0.7185"
"10,19 : 0.4571"
"19,10 : 0.4571"
"10,20 : 0.7877"
"20,10 : 0.7877"
"10,21 : 0.4179"
"21,10 : 0.4179"
"10,22 : 0.6997"
"22,10 : 0.6997"
"10,23 : 0.3891"
"23,10 : 0.3891"
"10,24 : 0.5277"
"24,10 : 0.5277"
"10,25 : 0.5859"
"25,10 : 0.5859"
"10,26 : 0.4639"
"26,10 : 0.4639"
"10,27 : 0.38"
"27,10 : 0.38"
"10,28 : 0.4305"
"28,10 : 0.4305"
"10,29 : 0.4205"
"29,10 : 0.4205"
"10,30 : 0.4159"
"30,10 : 0.4159"
"10,31 : 0.5289"
"31,10 : 0.5289"
"10,32 : 0.8171"
"32,10 : 0.8171"
"10,33 : 0.1811"
"33,10 : 0.1811"
"10,34 : 0.5609"
"34,10 : 0.5609"
"10,35 : 0.5903"
"35,10 : 0.5903"
"10,36 : 0.3007"
"36,10 : 0.3007"
"10,37 : 0.3225"
"37,10 : 0.3225"
"10,38 : 0.4438"
"38,10 : 0.4438"
"10,39 : 0.1612"
"39,10 : 0.1612"
"10,40 : 0.1334"
"40,10 : 0.1334"
"10,41 : 0.4742"
"41,10 : 0.4742"
"10,42 : 0.6414"
"42,10 : 0.6414"
"10,43 : 0.1414"
"43,10 : 0.1414"
"10,44 : 0.7009"
"44,10 : 0.7009"
"10,45 : 0.7803"
"45,10 : 0.7803"
"10,46 : 0.3848"
"46,10 : 0.3848"
"10,47 : 0.6185"
"47,10 : 0.6185"
"10,48 : 0.0922"
"48,10 : 0.0922"
"10,49 : 0.3114"
"49,10 : 0.3114"
"10,50 : 0.9633"
"50,10 : 0.9633"
"10,51 : 0.2731"
"51,10 : 0.2731"
"10,52 : 0.4588"
"52,10 : 0.4588"
"10,53 : 0.5235"
"53,10 : 0.5235"
"10,54 : 0.5174"
"54,10 : 0.5174"
"10,55 : 0.4492"
"55,10 : 0.4492"
"10,56 : 0.492"
"56,10 : 0.492"
"10,57 : 0.0806"
"57,10 : 0.0806"
"10,58 : 0.186"
"58,10 : 0.186"
"10,59 : 0.2267"
"59,10 : 0.2267"
"10,60 : 0.0906"
"60,10 : 0.0906"
"10,61 : 0.1992"
"61,10 : 0.1992"
"10,62 : 0.2088"
"62,10 : 0.2088"
"10,63 : 0.1603"
"63,10 : 0.1603"
"10,64 : 0.2484"
"64,10 : 0.2484"
"10,65 : 0.2818"
"65,10 : 0.2818"
"10,66 : 0.278"
"66,10 : 0.278"
"10,67 : 0.0985"
"67,10 : 0.0985"
"10,68 : 0.5433"
"68,10 : 0.5433"
"10,69 : 0.6168"
"69,10 : 0.6168"
"10,70 : 0.6303"
"70,10 : 0.6303"
"10,71 : 0.7433"
"71,10 : 0.7433"
"10,72 : 0.6963"
"72,10 : 0.6963"
"10,73 : 0.45"
"73,10 : 0.45"
"10,74 : 0.2025"
"74,10 : 0.2025"
"10,75 : 0.4198"
"75,10 : 0.4198"
"10,76 : 0.3945"
"76,10 : 0.3945"
"10,77 : 0.5201"
"77,10 : 0.5201"
"10,78 : 0.6796"
"78,10 : 0.6796"
"10,79 : 0.3081"
"79,10 : 0.3081"
"10,80 : 0.3126"
"80,10 : 0.3126"
"10,81 : 0.2961"
"81,10 : 0.2961"
"10,82 : 0.25"
"82,10 : 0.25"
"10,83 : 0.806"
"83,10 : 0.806"
"10,84 : 0.6325"
"84,10 : 0.6325"
"10,85 : 0.6485"
"85,10 : 0.6485"
"10,86 : 0.2693"
"86,10 : 0.2693"
"10,87 : 0.5166"
"87,10 : 0.5166"
"10,88 : 0.4696"
"88,10 : 0.4696"
"10,89 : 0.6185"
"89,10 : 0.6185"
"10,90 : 0.4717"
"90,10 : 0.4717"
"10,91 : 0.253"
"91,10 : 0.253"
"10,92 : 0.1709"
"92,10 : 0.1709"
"10,93 : 0.3996"
"93,10 : 0.3996"
"10,94 : 0.797"
"94,10 : 0.797"
"10,95 : 0.1942"
"95,10 : 0.1942"
"10,96 : 0.3124"
"96,10 : 0.3124"
"10,97 : 0.3231"
"97,10 : 0.3231"
"10,98 : 0.2807"
"98,10 : 0.2807"
"10,99 : 0.6629"
"99,10 : 0.6629"
"11,12 : 0.9619"
"12,11 : 0.9619"
"11,13 : 0.236"
"13,11 : 0.236"
"11,14 : 0.5109"
"14,11 : 0.5109"
"11,15 : 0.6648"
"15,11 : 0.6648"
"11,16 : 0.3801"
"16,11 : 0.3801"
"11,17 : 0.8949"
"17,11 : 0.8949"
"11,18 : 0.2828"
"18,11 : 0.2828"
"11,19 : 0.4469"
"19,11 : 0.4469"
"11,20 : 0.0781"
"20,11 : 0.0781"
"11,21 : 0.4045"
"21,11 : 0.4045"
"11,22 : 0.2421"
"22,11 : 0.2421"
"11,23 : 0.5814"
"23,11 : 0.5814"
"11,24 : 0.4036"
"24,11 : 0.4036"
"11,25 : 0.6054"
"25,11 : 0.6054"
"11,26 : 0.7716"
"26,11 : 0.7716"
"11,27 : 0.4607"
"27,11 : 0.4607"
"11,28 : 0.592"
"28,11 : 0.592"
"11,29 : 0.6332"
"29,11 : 0.6332"
"11,30 : 0.8829"
"30,11 : 0.8829"
"11,31 : 0.7159"
"31,11 : 0.7159"
"11,32 : 0.5109"
"32,11 : 0.5109"
"11,33 : 0.9969"
"33,11 : 0.9969"
"11,34 : 0.26"
"34,11 : 0.26"
"11,35 : 0.8587"
"35,11 : 0.8587"
"11,36 : 0.9572"
"36,11 : 0.9572"
"11,37 : 0.7981"
"37,11 : 0.7981"
"11,38 : 0.7147"
"38,11 : 0.7147"
"11,39 : 0.939"
"39,11 : 0.939"
"11,40 : 0.8239"
"40,11 : 0.8239"
"11,41 : 0.6297"
"41,11 : 0.6297"
"11,42 : 0.2683"
"42,11 : 0.2683"
"11,43 : 0.958"
"43,11 : 0.958"
"11,44 : 0.3748"
"44,11 : 0.3748"
"11,45 : 0.2247"
"45,11 : 0.2247"
"11,46 : 0.9603"
"46,11 : 0.9603"
"11,47 : 0.5009"
"47,11 : 0.5009"
"11,48 : 0.8949"
"48,11 : 0.8949"
"11,49 : 0.56"
"49,11 : 0.56"
"11,50 : 0.4357"
"50,11 : 0.4357"
"11,51 : 0.821"
"51,11 : 0.821"
"11,52 : 0.488"
"52,11 : 0.488"
"11,53 : 0.4366"
"53,11 : 0.4366"
"11,54 : 0.4206"
"54,11 : 0.4206"
"11,55 : 0.4952"
"55,11 : 0.4952"
"11,56 : 0.41"
"56,11 : 0.41"
"11,57 : 0.7908"
"57,11 : 0.7908"
"11,58 : 0.902"
"58,11 : 0.902"
"11,59 : 1.0139"
"59,11 : 1.0139"
"11,60 : 0.728"
"60,11 : 0.728"
"11,61 : 0.9394"
"61,11 : 0.9394"
"11,62 : 0.8501"
"62,11 : 0.8501"
"11,63 : 0.661"
"63,11 : 0.661"
"11,64 : 0.6303"
"64,11 : 0.6303"
"11,65 : 0.9209"
"65,11 : 0.9209"
"11,66 : 0.6851"
"66,11 : 0.6851"
"11,67 : 0.8078"
"67,11 : 0.8078"
"11,68 : 0.8011"
"68,11 : 0.8011"
"11,69 : 0.4383"
"69,11 : 0.4383"
"11,70 : 0.2802"
"70,11 : 0.2802"
"11,71 : 0.0806"
"71,11 : 0.0806"
"11,72 : 0.5308"
"72,11 : 0.5308"
"11,73 : 0.6444"
"73,11 : 0.6444"
"11,74 : 0.7203"
"74,11 : 0.7203"
"11,75 : 0.3985"
"75,11 : 0.3985"
"11,76 : 0.8066"
"76,11 : 0.8066"
"11,77 : 0.336"
"77,11 : 0.336"
"11,78 : 0.5532"
"78,11 : 0.5532"
"11,79 : 0.6661"
"79,11 : 0.6661"
"11,80 : 0.9794"
"80,11 : 0.9794"
"11,81 : 0.5682"
"81,11 : 0.5682"
"11,82 : 0.9918"
"82,11 : 0.9918"
"11,83 : 0.3176"
"83,11 : 0.3176"
"11,84 : 1.064"
"84,11 : 1.064"
"11,85 : 0.7267"
"85,11 : 0.7267"
"11,86 : 0.6227"
"86,11 : 0.6227"
"11,87 : 0.694"
"87,11 : 0.694"
"11,88 : 0.5597"
"88,11 : 0.5597"
"11,89 : 0.5325"
"89,11 : 0.5325"
"11,90 : 0.6613"
"90,11 : 0.6613"
"11,91 : 0.8406"
"91,11 : 0.8406"
"11,92 : 0.7317"
"92,11 : 0.7317"
"11,93 : 0.7993"
"93,11 : 0.7993"
"11,94 : 0.451"
"94,11 : 0.451"
"11,95 : 0.6236"
"95,11 : 0.6236"
"11,96 : 1.0875"
"96,11 : 1.0875"
"11,97 : 0.9144"
"97,11 : 0.9144"
"11,98 : 0.7732"
"98,11 : 0.7732"
"11,99 : 0.3677"
"99,11 : 0.3677"
"12,13 : 0.7956"
"13,12 : 0.7956"
"12,14 : 0.6307"
"14,12 : 0.6307"
"12,15 : 0.4"
"15,12 : 0.4"
"12,16 : 0.8855"
"16,12 : 0.8855"
"12,17 : 0.3574"
"17,12 : 0.3574"
"12,18 : 0.7728"
"18,12 : 0.7728"
"12,19 : 0.712"
"19,12 : 0.712"
"12,20 : 0.91"
"20,12 : 0.91"
"12,21 : 0.5727"
"21,12 : 0.5727"
"12,22 : 0.7752"
"22,12 : 0.7752"
"12,23 : 0.6812"
"23,12 : 0.6812"
"12,24 : 0.7783"
"24,12 : 0.7783"
"12,25 : 0.5061"
"25,12 : 0.5061"
"12,26 : 0.2983"
"26,12 : 0.2983"
"12,27 : 0.6127"
"27,12 : 0.6127"
"12,28 : 0.4026"
"28,12 : 0.4026"
"12,29 : 0.3669"
"29,12 : 0.3669"
"12,30 : 0.172"
"30,12 : 0.172"
"12,31 : 0.392"
"31,12 : 0.392"
"12,32 : 1.0908"
"32,12 : 1.0908"
"12,33 : 0.2902"
"33,12 : 0.2902"
"12,34 : 0.7376"
"34,12 : 0.7376"
"12,35 : 0.3722"
"35,12 : 0.3722"
"12,36 : 0.5894"
"36,12 : 0.5894"
"12,37 : 0.6414"
"37,12 : 0.6414"
"12,38 : 0.3225"
"38,12 : 0.3225"
"12,39 : 0.1924"
"39,12 : 0.1924"
"12,40 : 0.198"
"40,12 : 0.198"
"12,41 : 0.4031"
"41,12 : 0.4031"
"12,42 : 0.7225"
"42,12 : 0.7225"
"12,43 : 0.2915"
"43,12 : 0.2915"
"12,44 : 0.7184"
"44,12 : 0.7184"
"12,45 : 0.85"
"45,12 : 0.85"
"12,46 : 0.0806"
"46,12 : 0.0806"
"12,47 : 0.8987"
"47,12 : 0.8987"
"12,48 : 0.3574"
"48,12 : 0.3574"
"12,49 : 0.4045"
"49,12 : 0.4045"
"12,50 : 0.9638"
"50,12 : 0.9638"
"12,51 : 0.5906"
"51,12 : 0.5906"
"12,52 : 0.7295"
"52,12 : 0.7295"
"12,53 : 0.5573"
"53,12 : 0.5573"
"12,54 : 0.5644"
"54,12 : 0.5644"
"12,55 : 0.7211"
"55,12 : 0.7211"
"12,56 : 0.5608"
"56,12 : 0.5608"
"12,57 : 0.2617"
"57,12 : 0.2617"
"12,58 : 0.1342"
"58,12 : 0.1342"
"12,59 : 0.4405"
"59,12 : 0.4405"
"12,60 : 0.3677"
"60,12 : 0.3677"
"12,61 : 0.473"
"61,12 : 0.473"
"12,62 : 0.1304"
"62,12 : 0.1304"
"12,63 : 0.4201"
"63,12 : 0.4201"
"12,64 : 0.3396"
"64,12 : 0.3396"
"12,65 : 0.0447"
"65,12 : 0.0447"
"12,66 : 0.588"
"66,12 : 0.588"
"12,67 : 0.4168"
"67,12 : 0.4168"
"12,68 : 0.3547"
"68,12 : 0.3547"
"12,69 : 0.8832"
"69,12 : 0.8832"
"12,70 : 0.8509"
"70,12 : 0.8509"
"12,71 : 0.8814"
"71,12 : 0.8814"
"12,72 : 0.6441"
"72,12 : 0.6441"
"12,73 : 0.7566"
"73,12 : 0.7566"
"12,74 : 0.253"
"74,12 : 0.253"
"12,75 : 0.6073"
"75,12 : 0.6073"
"12,76 : 0.7134"
"76,12 : 0.7134"
"12,77 : 0.7374"
"77,12 : 0.7374"
"12,78 : 0.6177"
"78,12 : 0.6177"
"12,79 : 0.6155"
"79,12 : 0.6155"
"12,80 : 0.5944"
"80,12 : 0.5944"
"12,81 : 0.5661"
"81,12 : 0.5661"
"12,82 : 0.1237"
"82,12 : 0.1237"
"12,83 : 0.8393"
"83,12 : 0.8393"
"12,84 : 0.3314"
"84,12 : 0.3314"
"12,85 : 0.5021"
"85,12 : 0.5021"
"12,86 : 0.5597"
"86,12 : 0.5597"
"12,87 : 0.8288"
"87,12 : 0.8288"
"12,88 : 0.7606"
"88,12 : 0.7606"
"12,89 : 0.5727"
"89,12 : 0.5727"
"12,90 : 0.3801"
"90,12 : 0.3801"
"12,91 : 0.568"
"91,12 : 0.568"
"12,92 : 0.255"
"92,12 : 0.255"
"12,93 : 0.7187"
"93,12 : 0.7187"
"12,94 : 1.0607"
"94,12 : 1.0607"
"12,95 : 0.4272"
"95,12 : 0.4272"
"12,96 : 0.5109"
"96,12 : 0.5109"
"12,97 : 0.0583"
"97,12 : 0.0583"
"12,98 : 0.1903"
"98,12 : 0.1903"
"12,99 : 0.9124"
"99,12 : 0.9124"
"13,14 : 0.5108"
"14,13 : 0.5108"
"13,15 : 0.4518"
"15,13 : 0.4518"
"13,16 : 0.201"
"16,13 : 0.201"
"13,17 : 0.6747"
"17,13 : 0.6747"
"13,18 : 0.3401"
"18,13 : 0.3401"
"13,19 : 0.2121"
"19,13 : 0.2121"
"13,20 : 0.2441"
"20,13 : 0.2441"
"13,21 : 0.2247"
"21,13 : 0.2247"
"13,22 : 0.29"
"22,13 : 0.29"
"13,23 : 0.3466"
"23,13 : 0.3466"
