x,y
0.67,0.03
0.82,0.77
0.51,0.51
0.78,0.88
0.2,0.53
0.47,0.4
0.95,0.74
0.12,0.05
0.84,0.48
0.51,0.21
0.57,0.26
0.5,0.46
0.28,0.89
0.98,0.4
0.13,0.55
0.94,0.98
0.93,0.27
0.97,0.55
0.44,0.15
0.84,0.13
0.51,0.23
0.36,0.35
0.12,0.36
0.38,0.53
0.33,0.13
0.73,0.87
0.39,0.35
0.46,0.84
0.63,0.63
0.13,0.45
0.77,0.8
0.01,0.28
0.88,0.49
0.85,0.96
0.09,0.74
0.02,0.09
0.98,0.03
0.42,0.14
0.52,0.25
0.93,0.71
0.81,0.92
0.15,0.05
0.7,0.66
0.87,0.64
0.92,0.24
0.19,0.74
0.72,0.57
0.18,0.59
0.79,0.26
0.71,1.0
0.88,0.72
0.3,0.13
0.05,0.57
0.05,0.51
0.24,0.96
0.1,0.98
0.4,0.63
0.54,0.29
0.58,0.41
0.12,0.47
0.76,0.44
0.39,0.33
0.26,0.88
0.11,0.65
0.99,0.11
0.67,0.35
0.8,0.44
0.88,0.73
0.47,0.99
0.27,0.16
0.94,0.69
0.58,0.15
0.4,0.96
0.95,0.56
0.03,0.98
0.48,0.7
0.21,0.46
0.54,0.8
0.64,0.84
0.45,0.31
0.33,0.61
0.22,0.45
0.23,0.78
0.41,0.99
0.72,0.79
0.19,0.72
0.4,0.36
0.83,0.53
0.14,0.51
0.52,0.59
0.31,0.45
0.27,0.53
0.41,0.06
0.09,0.33
0.3,0.69
0.6,0.77
0.29,0.6
0.11,0.71
0.09,0.29
0.25,0.5

Distanze
"0,1 : 0.755"
"1,0 : 0.755"
"0,2 : 0.506"
"2,0 : 0.506"
"0,3 : 0.8571"
"3,0 : 0.8571"
"0,4 : 0.6862"
"4,0 : 0.6862"
"0,5 : 0.4206"
"5,0 : 0.4206"
"0,6 : 0.7632"
"6,0 : 0.7632"
"0,7 : 0.5504"
"7,0 : 0.5504"
"0,8 : 0.481"
"8,0 : 0.481"
"0,9 : 0.2408"
"9,0 : 0.2408"
"0,10 : 0.2508"
"10,0 : 0.2508"
"0,11 : 0.4624"
"11,0 : 0.4624"
"0,12 : 0.9443"
"12,0 : 0.9443"
"0,13 : 0.4827"
"13,0 : 0.4827"
"0,14 : 0.7497"
"14,0 : 0.7497"
"0,15 : 0.9876"
"15,0 : 0.9876"
"0,16 : 0.3538"
"16,0 : 0.3538"
"0,17 : 0.6003"
"17,0 : 0.6003"
"0,18 : 0.2594"
"18,0 : 0.2594"
"0,19 : 0.1972"
"19,0 : 0.1972"
"0,20 : 0.2561"
"20,0 : 0.2561"
"0,21 : 0.4455"
"21,0 : 0.4455"
"0,22 : 0.6414"
"22,0 : 0.6414"
"0,23 : 0.578"
"23,0 : 0.578"
"0,24 : 0.3544"
"24,0 : 0.3544"
"0,25 : 0.8421"
"25,0 : 0.8421"
"0,26 : 0.4252"
"26,0 : 0.4252"
"0,27 : 0.8368"
"27,0 : 0.8368"
"0,28 : 0.6013"
"28,0 : 0.6013"
"0,29 : 0.6841"
"29,0 : 0.6841"
"0,30 : 0.7765"
"30,0 : 0.7765"
"0,31 : 0.7058"
"31,0 : 0.7058"
"0,32 : 0.5057"
"32,0 : 0.5057"
"0,33 : 0.9473"
"33,0 : 0.9473"
"0,34 : 0.9168"
"34,0 : 0.9168"
"0,35 : 0.6528"
"35,0 : 0.6528"
"0,36 : 0.31"
"36,0 : 0.31"
"0,37 : 0.2731"
"37,0 : 0.2731"
"0,38 : 0.2663"
"38,0 : 0.2663"
"0,39 : 0.728"
"39,0 : 0.728"
"0,40 : 0.9009"
"40,0 : 0.9009"
"0,41 : 0.5204"
"41,0 : 0.5204"
"0,42 : 0.6307"
"42,0 : 0.6307"
"0,43 : 0.642"
"43,0 : 0.642"
"0,44 : 0.3265"
"44,0 : 0.3265"
"0,45 : 0.857"
"45,0 : 0.857"
"0,46 : 0.5423"
"46,0 : 0.5423"
"0,47 : 0.7441"
"47,0 : 0.7441"
"0,48 : 0.2594"
"48,0 : 0.2594"
"0,49 : 0.9708"
"49,0 : 0.9708"
"0,50 : 0.7212"
"50,0 : 0.7212"
"0,51 : 0.3833"
"51,0 : 0.3833"
"0,52 : 0.8222"
"52,0 : 0.8222"
"0,53 : 0.7841"
"53,0 : 0.7841"
"0,54 : 1.0246"
"54,0 : 1.0246"
"0,55 : 1.1079"
"55,0 : 1.1079"
"0,56 : 0.658"
"56,0 : 0.658"
"0,57 : 0.2907"
"57,0 : 0.2907"
"0,58 : 0.3905"
"58,0 : 0.3905"
"0,59 : 0.7043"
"59,0 : 0.7043"
"0,60 : 0.4198"
"60,0 : 0.4198"
"0,61 : 0.4104"
"61,0 : 0.4104"
"0,62 : 0.9437"
"62,0 : 0.9437"
"0,63 : 0.8355"
"63,0 : 0.8355"
"0,64 : 0.3298"
"64,0 : 0.3298"
"0,65 : 0.32"
"65,0 : 0.32"
"0,66 : 0.4301"
"66,0 : 0.4301"
"0,67 : 0.7308"
"67,0 : 0.7308"
"0,68 : 0.9806"
"68,0 : 0.9806"
"0,69 : 0.4206"
"69,0 : 0.4206"
"0,70 : 0.7131"
"70,0 : 0.7131"
"0,71 : 0.15"
"71,0 : 0.15"
"0,72 : 0.9684"
"72,0 : 0.9684"
"0,73 : 0.5994"
"73,0 : 0.5994"
"0,74 : 1.1455"
"74,0 : 1.1455"
"0,75 : 0.6964"
"75,0 : 0.6964"
"0,76 : 0.6297"
"76,0 : 0.6297"
"0,77 : 0.7809"
"77,0 : 0.7809"
"0,78 : 0.8106"
"78,0 : 0.8106"
"0,79 : 0.3561"
"79,0 : 0.3561"
"0,80 : 0.6723"
"80,0 : 0.6723"
"0,81 : 0.6155"
"81,0 : 0.6155"
"0,82 : 0.8695"
"82,0 : 0.8695"
"0,83 : 0.9946"
"83,0 : 0.9946"
"0,84 : 0.7616"
"84,0 : 0.7616"
"0,85 : 0.8405"
"85,0 : 0.8405"
"0,86 : 0.4264"
"86,0 : 0.4264"
"0,87 : 0.525"
"87,0 : 0.525"
"0,88 : 0.7151"
"88,0 : 0.7151"
"0,89 : 0.5797"
"89,0 : 0.5797"
"0,90 : 0.5532"
"90,0 : 0.5532"
"0,91 : 0.6403"
"91,0 : 0.6403"
"0,92 : 0.2617"
"92,0 : 0.2617"
"0,93 : 0.653"
"93,0 : 0.653"
"0,94 : 0.7566"
"94,0 : 0.7566"
"0,95 : 0.7433"
"95,0 : 0.7433"
"0,96 : 0.6851"
"96,0 : 0.6851"
"0,97 : 0.8809"
"97,0 : 0.8809"
"0,98 : 0.6356"
"98,0 : 0.6356"
"0,99 : 0.6303"
"99,0 : 0.6303"
"1,2 : 0.4046"
"2,1 : 0.4046"
"1,3 : 0.117"
"3,1 : 0.117"
"1,4 : 0.6648"
"4,1 : 0.6648"
"1,5 : 0.5093"
"5,1 : 0.5093"
"1,6 : 0.1334"
"6,1 : 0.1334"
"1,7 : 1.0042"
"7,1 : 1.0042"
"1,8 : 0.2907"
"8,1 : 0.2907"
"1,9 : 0.6401"
"9,1 : 0.6401"
"1,10 : 0.568"
"10,1 : 0.568"
"1,11 : 0.4455"
"11,1 : 0.4455"
"1,12 : 0.5532"
"12,1 : 0.5532"
"1,13 : 0.4031"
"13,1 : 0.4031"
"1,14 : 0.7242"
"14,1 : 0.7242"
"1,15 : 0.2419"
"15,1 : 0.2419"
"1,16 : 0.512"
"16,1 : 0.512"
"1,17 : 0.2663"
"17,1 : 0.2663"
"1,18 : 0.7272"
"18,1 : 0.7272"
"1,19 : 0.6403"
"19,1 : 0.6403"
"1,20 : 0.6227"
"20,1 : 0.6227"
"1,21 : 0.6229"
"21,1 : 0.6229"
"1,22 : 0.8112"
"22,1 : 0.8112"
"1,23 : 0.5012"
"23,1 : 0.5012"
"1,24 : 0.806"
"24,1 : 0.806"
"1,25 : 0.1345"
"25,1 : 0.1345"
"1,26 : 0.6011"
"26,1 : 0.6011"
"1,27 : 0.3667"
"27,1 : 0.3667"
"1,28 : 0.236"
"28,1 : 0.236"
"1,29 : 0.7606"
"29,1 : 0.7606"
"1,30 : 0.0583"
"30,1 : 0.0583"
"1,31 : 0.9467"
"31,1 : 0.9467"
"1,32 : 0.2864"
"32,1 : 0.2864"
"1,33 : 0.1924"
"33,1 : 0.1924"
"1,34 : 0.7306"
"34,1 : 0.7306"
"1,35 : 1.05"
"35,1 : 1.05"
"1,36 : 0.7571"
"36,1 : 0.7571"
"1,37 : 0.7463"
"37,1 : 0.7463"
"1,38 : 0.6003"
"38,1 : 0.6003"
"1,39 : 0.1253"
"39,1 : 0.1253"
"1,40 : 0.1503"
"40,1 : 0.1503"
"1,41 : 0.9835"
"41,1 : 0.9835"
"1,42 : 0.1628"
"42,1 : 0.1628"
"1,43 : 0.1393"
"43,1 : 0.1393"
"1,44 : 0.5394"
"44,1 : 0.5394"
"1,45 : 0.6307"
"45,1 : 0.6307"
"1,46 : 0.2236"
"46,1 : 0.2236"
"1,47 : 0.6648"
"47,1 : 0.6648"
"1,48 : 0.5109"
"48,1 : 0.5109"
"1,49 : 0.255"
"49,1 : 0.255"
"1,50 : 0.0781"
"50,1 : 0.0781"
"1,51 : 0.8246"
"51,1 : 0.8246"
"1,52 : 0.7956"
"52,1 : 0.7956"
"1,53 : 0.8127"
"53,1 : 0.8127"
"1,54 : 0.6103"
"54,1 : 0.6103"
"1,55 : 0.75"
"55,1 : 0.75"
"1,56 : 0.4427"
"56,1 : 0.4427"
"1,57 : 0.5557"
"57,1 : 0.5557"
"1,58 : 0.4327"
"58,1 : 0.4327"
"1,59 : 0.7616"
"59,1 : 0.7616"
"1,60 : 0.3354"
"60,1 : 0.3354"
"1,61 : 0.6152"
"61,1 : 0.6152"
"1,62 : 0.5707"
"62,1 : 0.5707"
"1,63 : 0.7201"
"63,1 : 0.7201"
"1,64 : 0.6815"
"64,1 : 0.6815"
"1,65 : 0.446"
"65,1 : 0.446"
"1,66 : 0.3306"
"66,1 : 0.3306"
"1,67 : 0.0721"
"67,1 : 0.0721"
"1,68 : 0.4134"
"68,1 : 0.4134"
"1,69 : 0.8213"
"69,1 : 0.8213"
"1,70 : 0.1442"
"70,1 : 0.1442"
"1,71 : 0.6648"
"71,1 : 0.6648"
"1,72 : 0.461"
"72,1 : 0.461"
"1,73 : 0.247"
"73,1 : 0.247"
"1,74 : 0.8174"
"74,1 : 0.8174"
"1,75 : 0.3471"
"75,1 : 0.3471"
"1,76 : 0.6843"
"76,1 : 0.6843"
"1,77 : 0.2816"
"77,1 : 0.2816"
"1,78 : 0.1931"
"78,1 : 0.1931"
"1,79 : 0.5903"
"79,1 : 0.5903"
"1,80 : 0.5155"
"80,1 : 0.5155"
"1,81 : 0.68"
"81,1 : 0.68"
"1,82 : 0.5901"
"82,1 : 0.5901"
"1,83 : 0.4653"
"83,1 : 0.4653"
"1,84 : 0.102"
"84,1 : 0.102"
"1,85 : 0.632"
"85,1 : 0.632"
"1,86 : 0.5869"
"86,1 : 0.5869"
"1,87 : 0.2402"
"87,1 : 0.2402"
"1,88 : 0.728"
"88,1 : 0.728"
"1,89 : 0.3499"
"89,1 : 0.3499"
"1,90 : 0.6021"
"90,1 : 0.6021"
"1,91 : 0.6001"
"91,1 : 0.6001"
"1,92 : 0.8199"
"92,1 : 0.8199"
"1,93 : 0.8523"
"93,1 : 0.8523"
"1,94 : 0.5261"
"94,1 : 0.5261"
"1,95 : 0.22"
"95,1 : 0.22"
"1,96 : 0.5566"
"96,1 : 0.5566"
"1,97 : 0.7125"
"97,1 : 0.7125"
"1,98 : 0.8737"
"98,1 : 0.8737"
"1,99 : 0.6307"
"99,1 : 0.6307"
"2,3 : 0.458"
"3,2 : 0.458"
"2,4 : 0.3106"
"4,2 : 0.3106"
"2,5 : 0.117"
"5,2 : 0.117"
"2,6 : 0.4965"
"6,2 : 0.4965"
"2,7 : 0.6031"
"7,2 : 0.6031"
"2,8 : 0.3314"
"8,2 : 0.3314"
"2,9 : 0.3"
"9,2 : 0.3"
"2,10 : 0.2571"
"10,2 : 0.2571"
"2,11 : 0.051"
"11,2 : 0.051"
"2,12 : 0.4442"
"12,2 : 0.4442"
"2,13 : 0.4827"
"13,2 : 0.4827"
"2,14 : 0.3821"
"14,2 : 0.3821"
"2,15 : 0.637"
"15,2 : 0.637"
"2,16 : 0.4837"
"16,2 : 0.4837"
"2,17 : 0.4617"
"17,2 : 0.4617"
"2,18 : 0.3667"
"18,2 : 0.3667"
"2,19 : 0.5033"
"19,2 : 0.5033"
"2,20 : 0.28"
"20,2 : 0.28"
"2,21 : 0.2193"
"21,2 : 0.2193"
"2,22 : 0.4179"
"22,2 : 0.4179"
"2,23 : 0.1315"
"23,2 : 0.1315"
"2,24 : 0.4205"
"24,2 : 0.4205"
"2,25 : 0.4219"
"25,2 : 0.4219"
"2,26 : 0.2"
"26,2 : 0.2"
"2,27 : 0.3338"
"27,2 : 0.3338"
"2,28 : 0.1697"
"28,2 : 0.1697"
"2,29 : 0.3847"
"29,2 : 0.3847"
"2,30 : 0.3895"
"30,2 : 0.3895"
"2,31 : 0.5504"
"31,2 : 0.5504"
"2,32 : 0.3705"
"32,2 : 0.3705"
"2,33 : 0.564"
"33,2 : 0.564"
"2,34 : 0.4789"
"34,2 : 0.4789"
"2,35 : 0.6454"
"35,2 : 0.6454"
"2,36 : 0.6718"
"36,2 : 0.6718"
"2,37 : 0.3808"
"37,2 : 0.3808"
"2,38 : 0.2602"
"38,2 : 0.2602"
"2,39 : 0.4652"
"39,2 : 0.4652"
"2,40 : 0.508"
"40,2 : 0.508"
"2,41 : 0.5841"
"41,2 : 0.5841"
"2,42 : 0.2421"
"42,2 : 0.2421"
"2,43 : 0.3828"
"43,2 : 0.3828"
"2,44 : 0.4909"
"44,2 : 0.4909"
"2,45 : 0.3941"
"45,2 : 0.3941"
"2,46 : 0.2184"
"46,2 : 0.2184"
"2,47 : 0.3396"
"47,2 : 0.3396"
"2,48 : 0.3754"
"48,2 : 0.3754"
"2,49 : 0.5292"
"49,2 : 0.5292"
"2,50 : 0.4254"
"50,2 : 0.4254"
"2,51 : 0.4342"
"51,2 : 0.4342"
"2,52 : 0.4639"
"52,2 : 0.4639"
"2,53 : 0.46"
"53,2 : 0.46"
"2,54 : 0.5248"
"54,2 : 0.5248"
"2,55 : 0.6237"
"55,2 : 0.6237"
"2,56 : 0.1628"
"56,2 : 0.1628"
"2,57 : 0.222"
"57,2 : 0.222"
"2,58 : 0.1221"
"58,2 : 0.1221"
"2,59 : 0.392"
"59,2 : 0.392"
"2,60 : 0.2596"
"60,2 : 0.2596"
"2,61 : 0.2163"
"61,2 : 0.2163"
"2,62 : 0.4465"
"62,2 : 0.4465"
"2,63 : 0.4238"
"63,2 : 0.4238"
"2,64 : 0.6248"
"64,2 : 0.6248"
"2,65 : 0.2263"
"65,2 : 0.2263"
"2,66 : 0.2983"
"66,2 : 0.2983"
"2,67 : 0.4305"
"67,2 : 0.4305"
"2,68 : 0.4817"
"68,2 : 0.4817"
"2,69 : 0.4244"
"69,2 : 0.4244"
"2,70 : 0.4662"
"70,2 : 0.4662"
"2,71 : 0.3667"
"71,2 : 0.3667"
"2,72 : 0.4632"
"72,2 : 0.4632"
"2,73 : 0.4428"
"73,2 : 0.4428"
"2,74 : 0.6718"
"74,2 : 0.6718"
"2,75 : 0.1924"
"75,2 : 0.1924"
"2,76 : 0.3041"
"76,2 : 0.3041"
"2,77 : 0.2915"
"77,2 : 0.2915"
"2,78 : 0.3547"
"78,2 : 0.3547"
"2,79 : 0.2088"
"79,2 : 0.2088"
"2,80 : 0.2059"
"80,2 : 0.2059"
"2,81 : 0.2961"
"81,2 : 0.2961"
"2,82 : 0.389"
"82,2 : 0.389"
"2,83 : 0.4903"
"83,2 : 0.4903"
"2,84 : 0.35"
"84,2 : 0.35"
"2,85 : 0.3828"
"85,2 : 0.3828"
"2,86 : 0.186"
"86,2 : 0.186"
"2,87 : 0.3206"
"87,2 : 0.3206"
"2,88 : 0.37"
"88,2 : 0.37"
"2,89 : 0.0806"
"89,2 : 0.0806"
"2,90 : 0.2088"
"90,2 : 0.2088"
"2,91 : 0.2408"
"91,2 : 0.2408"
"2,92 : 0.461"
"92,2 : 0.461"
"2,93 : 0.4569"
"93,2 : 0.4569"
"2,94 : 0.2766"
"94,2 : 0.2766"
"2,95 : 0.2751"
"95,2 : 0.2751"
"2,96 : 0.2377"
"96,2 : 0.2377"
"2,97 : 0.4472"
"97,2 : 0.4472"
"2,98 : 0.4741"
"98,2 : 0.4741"
"2,99 : 0.2602"
"99,2 : 0.2602"
"3,4 : 0.6774"
"4,3 : 0.6774"
"3,5 : 0.5714"
"5,3 : 0.5714"
"3,6 : 0.2202"
"6,3 : 0.2202"
"3,7 : 1.0604"
"7,3 : 1.0604"
"3,8 : 0.4045"
"8,3 : 0.4045"
"3,9 : 0.7224"
"9,3 : 0.7224"
"3,10 : 0.6546"
"10,3 : 0.6546"
"3,11 : 0.5048"
"11,3 : 0.5048"
"3,12 : 0.5001"
"12,3 : 0.5001"
"3,13 : 0.52"
"13,3 : 0.52"
"3,14 : 0.729"
"14,3 : 0.729"
"3,15 : 0.1887"
"15,3 : 0.1887"
"3,16 : 0.6282"
"16,3 : 0.6282"
"3,17 : 0.3808"
"17,3 : 0.3808"
"3,18 : 0.8053"
"18,3 : 0.8053"
"3,19 : 0.7524"
"19,3 : 0.7524"
"3,20 : 0.7038"
"20,3 : 0.7038"
"3,21 : 0.6762"
"21,3 : 0.6762"
"3,22 : 0.8402"
"22,3 : 0.8402"
"3,23 : 0.5315"
"23,3 : 0.5315"
"3,24 : 0.8746"
"24,3 : 0.8746"
"3,25 : 0.051"
"25,3 : 0.051"
"3,26 : 0.658"
"26,3 : 0.658"
"3,27 : 0.3225"
"27,3 : 0.3225"
"3,28 : 0.2915"
"28,3 : 0.2915"
"3,29 : 0.7794"
"29,3 : 0.7794"
"3,30 : 0.0806"
"30,3 : 0.0806"
"3,31 : 0.9762"
"31,3 : 0.9762"
"3,32 : 0.4026"
"32,3 : 0.4026"
"3,33 : 0.1063"
"33,3 : 0.1063"
"3,34 : 0.7041"
"34,3 : 0.7041"
"3,35 : 1.0962"
"35,3 : 1.0962"
"3,36 : 0.8732"
"36,3 : 0.8732"
"3,37 : 0.8229"
"37,3 : 0.8229"
"3,38 : 0.6815"
"38,3 : 0.6815"
"3,39 : 0.2267"
"39,3 : 0.2267"
"3,40 : 0.05"
"40,3 : 0.05"
"3,41 : 1.042"
"41,3 : 1.042"
"3,42 : 0.2341"
"42,3 : 0.2341"
"3,43 : 0.2563"
"43,3 : 0.2563"
"3,44 : 0.6551"
"44,3 : 0.6551"
"3,45 : 0.6064"
"45,3 : 0.6064"
"3,46 : 0.3158"
"46,3 : 0.3158"
"3,47 : 0.6664"
"47,3 : 0.6664"
"3,48 : 0.6201"
"48,3 : 0.6201"
"3,49 : 0.1389"
"49,3 : 0.1389"
"3,50 : 0.1887"
"50,3 : 0.1887"
"3,51 : 0.8904"
"51,3 : 0.8904"
"3,52 : 0.7931"
"52,3 : 0.7931"
"3,53 : 0.8184"
"53,3 : 0.8184"
"3,54 : 0.5459"
"54,3 : 0.5459"
"3,55 : 0.6873"
"55,3 : 0.6873"
"3,56 : 0.4549"
"56,3 : 0.4549"
"3,57 : 0.6369"
"57,3 : 0.6369"
"3,58 : 0.5108"
"58,3 : 0.5108"
"3,59 : 0.777"
"59,3 : 0.777"
"3,60 : 0.4405"
"60,3 : 0.4405"
"3,61 : 0.6742"
"61,3 : 0.6742"
"3,62 : 0.52"
"62,3 : 0.52"
"3,63 : 0.7084"
"63,3 : 0.7084"
"3,64 : 0.7981"
"64,3 : 0.7981"
"3,65 : 0.5413"
"65,3 : 0.5413"
"3,66 : 0.4405"
"66,3 : 0.4405"
"3,67 : 0.1803"
"67,3 : 0.1803"
"3,68 : 0.3289"
"68,3 : 0.3289"
"3,69 : 0.8823"
"69,3 : 0.8823"
"3,70 : 0.2484"
"70,3 : 0.2484"
"3,71 : 0.7569"
"71,3 : 0.7569"
"3,72 : 0.3883"
"72,3 : 0.3883"
"3,73 : 0.3624"
"73,3 : 0.3624"
"3,74 : 0.7566"
"74,3 : 0.7566"
"3,75 : 0.3499"
"75,3 : 0.3499"
"3,76 : 0.708"
"76,3 : 0.708"
"3,77 : 0.253"
"77,3 : 0.253"
"3,78 : 0.1456"
"78,3 : 0.1456"
"3,79 : 0.6586"
"79,3 : 0.6586"
"3,80 : 0.5248"
"80,3 : 0.5248"
"3,81 : 0.706"
"81,3 : 0.706"
"3,82 : 0.559"
"82,3 : 0.559"
"3,83 : 0.386"
"83,3 : 0.386"
"3,84 : 0.1082"
"84,3 : 0.1082"
"3,85 : 0.6113"
"85,3 : 0.6113"
"3,86 : 0.644"
"86,3 : 0.644"
"3,87 : 0.3536"
"87,3 : 0.3536"
"3,88 : 0.7393"
"88,3 : 0.7393"
"3,89 : 0.3895"
"89,3 : 0.3895"
"3,90 : 0.637"
"90,3 : 0.637"
"3,91 : 0.6185"
"91,3 : 0.6185"
"3,92 : 0.8996"
"92,3 : 0.8996"
"3,93 : 0.8824"
"93,3 : 0.8824"
"3,94 : 0.5162"
"94,3 : 0.5162"
"3,95 : 0.211"
"95,3 : 0.211"
"3,96 : 0.5644"
"96,3 : 0.5644"
"3,97 : 0.6912"
"97,3 : 0.6912"
"3,98 : 0.9079"
"98,3 : 0.9079"
"3,99 : 0.6522"
"99,3 : 0.6522"
"4,5 : 0.2997"
"5,4 : 0.2997"
"4,6 : 0.7788"
"6,4 : 0.7788"
"4,7 : 0.4866"
"7,4 : 0.4866"
"4,8 : 0.642"
"8,4 : 0.642"
"4,9 : 0.4455"
"9,4 : 0.4455"
"4,10 : 0.458"
"10,4 : 0.458"
"4,11 : 0.3081"
"11,4 : 0.3081"
"4,12 : 0.3688"
"12,4 : 0.3688"
"4,13 : 0.7908"
"13,4 : 0.7908"
"4,14 : 0.0728"
"14,4 : 0.0728"
"4,15 : 0.8661"
"15,4 : 0.8661"
"4,16 : 0.7749"
"16,4 : 0.7749"
"4,17 : 0.7703"
"17,4 : 0.7703"
"4,18 : 0.4494"
"18,4 : 0.4494"
"4,19 : 0.7547"
"19,4 : 0.7547"
"4,20 : 0.4314"
"20,4 : 0.4314"
"4,21 : 0.2408"
"21,4 : 0.2408"
"4,22 : 0.1879"
"22,4 : 0.1879"
"4,23 : 0.18"
"23,4 : 0.18"
"4,24 : 0.4206"
"24,4 : 0.4206"
"4,25 : 0.6297"
"25,4 : 0.6297"
"4,26 : 0.2617"
"26,4 : 0.2617"
"4,27 : 0.4046"
"27,4 : 0.4046"
"4,28 : 0.4415"
"28,4 : 0.4415"
"4,29 : 0.1063"
"29,4 : 0.1063"
"4,30 : 0.6307"
"30,4 : 0.6307"
"4,31 : 0.314"
"31,4 : 0.314"
"4,32 : 0.6812"
"32,4 : 0.6812"
"4,33 : 0.7794"
"33,4 : 0.7794"
"4,34 : 0.2371"
"34,4 : 0.2371"
"4,35 : 0.4754"
"35,4 : 0.4754"
"4,36 : 0.9265"
"36,4 : 0.9265"
"4,37 : 0.4478"
"37,4 : 0.4478"
"4,38 : 0.4252"
"38,4 : 0.4252"
"4,39 : 0.7519"
"39,4 : 0.7519"
"4,40 : 0.724"
"40,4 : 0.724"
"4,41 : 0.4826"
"41,4 : 0.4826"
"4,42 : 0.5166"
"42,4 : 0.5166"
"4,43 : 0.679"
"43,4 : 0.679"
"4,44 : 0.7762"
"44,4 : 0.7762"
"4,45 : 0.2102"
"45,4 : 0.2102"
"4,46 : 0.5215"
"46,4 : 0.5215"
"4,47 : 0.0632"
"47,4 : 0.0632"
"4,48 : 0.6488"
"48,4 : 0.6488"
"4,49 : 0.6935"
"49,4 : 0.6935"
"4,50 : 0.706"
"50,4 : 0.706"
"4,51 : 0.4123"
"51,4 : 0.4123"
"4,52 : 0.1552"
"52,4 : 0.1552"
"4,53 : 0.1513"
"53,4 : 0.1513"
"4,54 : 0.4319"
"54,4 : 0.4319"
"4,55 : 0.461"
"55,4 : 0.461"
"4,56 : 0.2236"
"56,4 : 0.2236"
"4,57 : 0.4162"
"57,4 : 0.4162"
"4,58 : 0.3985"
"58,4 : 0.3985"
"4,59 : 0.1"
"59,4 : 0.1"
"4,60 : 0.5672"
"60,4 : 0.5672"
"4,61 : 0.2759"
"61,4 : 0.2759"
"4,62 : 0.3551"
"62,4 : 0.3551"
"4,63 : 0.15"
"63,4 : 0.15"
"4,64 : 0.8947"
"64,4 : 0.8947"
"4,65 : 0.5033"
"65,4 : 0.5033"
"4,66 : 0.6067"
"66,4 : 0.6067"
"4,67 : 0.7088"
"67,4 : 0.7088"
"4,68 : 0.5334"
"68,4 : 0.5334"
"4,69 : 0.3766"
"69,4 : 0.3766"
"4,70 : 0.7571"
"70,4 : 0.7571"
"4,71 : 0.5374"
"71,4 : 0.5374"
"4,72 : 0.4742"
"72,4 : 0.4742"
"4,73 : 0.7506"
"73,4 : 0.7506"
"4,74 : 0.481"
"74,4 : 0.481"
"4,75 : 0.3276"
"75,4 : 0.3276"
"4,76 : 0.0707"
"76,4 : 0.0707"
"4,77 : 0.4342"
"77,4 : 0.4342"
"4,78 : 0.5382"
"78,4 : 0.5382"
"4,79 : 0.333"
"79,4 : 0.333"
"4,80 : 0.1526"
"80,4 : 0.1526"
"4,81 : 0.0825"
"81,4 : 0.0825"
"4,82 : 0.2518"
"82,4 : 0.2518"
"4,83 : 0.5057"
"83,4 : 0.5057"
"4,84 : 0.5814"
"84,4 : 0.5814"
"4,85 : 0.1903"
"85,4 : 0.1903"
"4,86 : 0.2625"
"86,4 : 0.2625"
"4,87 : 0.63"
"87,4 : 0.63"
"4,88 : 0.0632"
"88,4 : 0.0632"
"4,89 : 0.3256"
"89,4 : 0.3256"
"4,90 : 0.136"
"90,4 : 0.136"
"4,91 : 0.07"
"91,4 : 0.07"
"4,92 : 0.5148"
"92,4 : 0.5148"
"4,93 : 0.2283"
"93,4 : 0.2283"
"4,94 : 0.1887"
"94,4 : 0.1887"
"4,95 : 0.4665"
"95,4 : 0.4665"
"4,96 : 0.114"
"96,4 : 0.114"
"4,97 : 0.2012"
"97,4 : 0.2012"
"4,98 : 0.264"
"98,4 : 0.264"
"4,99 : 0.0583"
"99,4 : 0.0583"
"5,6 : 0.5882"
"6,5 : 0.5882"
"5,7 : 0.495"
"7,5 : 0.495"
"5,8 : 0.3785"
"8,5 : 0.3785"
"5,9 : 0.1942"
"9,5 : 0.1942"
"5,10 : 0.172"
"10,5 : 0.172"
"5,11 : 0.0671"
"11,5 : 0.0671"
"5,12 : 0.5255"
"12,5 : 0.5255"
"5,13 : 0.51"
"13,5 : 0.51"
"5,14 : 0.3716"
"14,5 : 0.3716"
"5,15 : 0.7465"
"15,5 : 0.7465"
"5,16 : 0.478"
"16,5 : 0.478"
"5,17 : 0.522"
"17,5 : 0.522"
"5,18 : 0.2518"
"18,5 : 0.2518"
"5,19 : 0.458"
"19,5 : 0.458"
"5,20 : 0.1746"
"20,5 : 0.1746"
"5,21 : 0.1208"
"21,5 : 0.1208"
"5,22 : 0.3523"
"22,5 : 0.3523"
"5,23 : 0.1581"
"23,5 : 0.1581"
"5,24 : 0.3041"
"24,5 : 0.3041"
"5,25 : 0.5371"
"25,5 : 0.5371"
"5,26 : 0.0943"
"26,5 : 0.0943"
"5,27 : 0.4401"
"27,5 : 0.4401"
"5,28 : 0.2802"
"28,5 : 0.2802"
"5,29 : 0.3437"
"29,5 : 0.3437"
"5,30 : 0.5"
"30,5 : 0.5"
"5,31 : 0.4754"
"31,5 : 0.4754"
"5,32 : 0.4198"
"32,5 : 0.4198"
"5,33 : 0.6768"
"33,5 : 0.6768"
"5,34 : 0.5099"
"34,5 : 0.5099"
"5,35 : 0.5464"
"35,5 : 0.5464"
"5,36 : 0.6301"
"36,5 : 0.6301"
"5,37 : 0.2648"
"37,5 : 0.2648"
"5,38 : 0.1581"
"38,5 : 0.1581"
"5,39 : 0.5547"
"39,5 : 0.5547"
"5,40 : 0.6213"
"40,5 : 0.6213"
"5,41 : 0.4742"
"41,5 : 0.4742"
"5,42 : 0.3471"
"42,5 : 0.3471"
"5,43 : 0.4665"
"43,5 : 0.4665"
"5,44 : 0.4776"
"44,5 : 0.4776"
"5,45 : 0.4405"
"45,5 : 0.4405"
"5,46 : 0.3023"
"46,5 : 0.3023"
"5,47 : 0.3467"
"47,5 : 0.3467"
"5,48 : 0.3493"
"48,5 : 0.3493"
"5,49 : 0.6462"
"49,5 : 0.6462"
"5,50 : 0.5201"
"50,5 : 0.5201"
"5,51 : 0.3191"
"51,5 : 0.3191"
"5,52 : 0.4531"
"52,5 : 0.4531"
"5,53 : 0.4342"
"53,5 : 0.4342"
"5,54 : 0.6054"
"54,5 : 0.6054"
"5,55 : 0.688"
"55,5 : 0.688"
"5,56 : 0.2404"
"56,5 : 0.2404"
"5,57 : 0.1304"
"57,5 : 0.1304"
"5,58 : 0.1105"
"58,5 : 0.1105"
"5,59 : 0.3569"
"59,5 : 0.3569"
"5,60 : 0.2927"
"60,5 : 0.2927"
"5,61 : 0.1063"
"61,5 : 0.1063"
"5,62 : 0.5239"
"62,5 : 0.5239"
"5,63 : 0.4383"
"63,5 : 0.4383"
"5,64 : 0.5954"
"64,5 : 0.5954"
"5,65 : 0.2062"
"65,5 : 0.2062"
"5,66 : 0.3324"
"66,5 : 0.3324"
"5,67 : 0.5263"
"67,5 : 0.5263"
"5,68 : 0.59"
"68,5 : 0.59"
"5,69 : 0.3124"
"69,5 : 0.3124"
"5,70 : 0.5523"
"70,5 : 0.5523"
"5,71 : 0.2731"
"71,5 : 0.2731"
"5,72 : 0.5644"
"72,5 : 0.5644"
"5,73 : 0.506"
"73,5 : 0.506"
"5,74 : 0.728"
"74,5 : 0.728"
"5,75 : 0.3002"
"75,5 : 0.3002"
"5,76 : 0.2668"
"76,5 : 0.2668"
"5,77 : 0.4061"
"77,5 : 0.4061"
"5,78 : 0.4717"
"78,5 : 0.4717"
"5,79 : 0.0922"
"79,5 : 0.0922"
"5,80 : 0.2524"
"80,5 : 0.2524"
"5,81 : 0.255"
"81,5 : 0.255"
"5,82 : 0.4494"
"82,5 : 0.4494"
"5,83 : 0.593"
"83,5 : 0.593"
"5,84 : 0.4632"
"84,5 : 0.4632"
"5,85 : 0.4252"
"85,5 : 0.4252"
"5,86 : 0.0806"
"86,5 : 0.0806"
"5,87 : 0.3828"
"87,5 : 0.3828"
"5,88 : 0.3479"
"88,5 : 0.3479"
"5,89 : 0.1965"
"89,5 : 0.1965"
"5,90 : 0.1676"
"90,5 : 0.1676"
"5,91 : 0.2385"
"91,5 : 0.2385"
"5,92 : 0.3453"
"92,5 : 0.3453"
"5,93 : 0.3864"
"93,5 : 0.3864"
"5,94 : 0.3362"
"94,5 : 0.3362"
"5,95 : 0.3922"
"95,5 : 0.3922"
"5,96 : 0.2691"
"96,5 : 0.2691"
"5,97 : 0.4751"
"97,5 : 0.4751"
"5,98 : 0.3956"
"98,5 : 0.3956"
"5,99 : 0.2417"
"99,5 : 0.2417"
"6,7 : 1.0794"
"7,6 : 1.0794"
"6,8 : 0.2823"
"8,6 : 0.2823"
"6,9 : 0.6888"
"9,6 : 0.6888"
"6,10 : 0.6122"
"10,6 : 0.6122"
"6,11 : 0.53"
"11,6 : 0.53"
"6,12 : 0.6866"
"12,6 : 0.6866"
"6,13 : 0.3413"
"13,6 : 0.3413"
"6,14 : 0.8417"
"14,6 : 0.8417"
"6,15 : 0.2402"
"15,6 : 0.2402"
"6,16 : 0.4704"
"16,6 : 0.4704"
"6,17 : 0.191"
"17,6 : 0.191"
"6,18 : 0.7799"
"18,6 : 0.7799"
"6,19 : 0.6198"
"19,6 : 0.6198"
"6,20 : 0.6736"
"20,6 : 0.6736"
"6,21 : 0.7072"
"21,6 : 0.7072"
"6,22 : 0.9129"
"22,6 : 0.9129"
"6,23 : 0.6075"
"23,6 : 0.6075"
"6,24 : 0.8698"
"24,6 : 0.8698"
"6,25 : 0.2555"
"25,6 : 0.2555"
"6,26 : 0.6824"
"26,6 : 0.6824"
"6,27 : 0.5001"
"27,6 : 0.5001"
"6,28 : 0.3384"
"28,6 : 0.3384"
"6,29 : 0.8698"
"29,6 : 0.8698"
"6,30 : 0.1897"
"30,6 : 0.1897"
"6,31 : 1.0465"
"31,6 : 1.0465"
"6,32 : 0.2596"
"32,6 : 0.2596"
"6,33 : 0.2417"
"33,6 : 0.2417"
"6,34 : 0.86"
"34,6 : 0.86"
"6,35 : 1.1346"
"35,6 : 1.1346"
"6,36 : 0.7106"
"36,6 : 0.7106"
"6,37 : 0.8006"
"37,6 : 0.8006"
"6,38 : 0.6519"
"38,6 : 0.6519"
"6,39 : 0.0361"
"39,6 : 0.0361"
"6,40 : 0.228"
"40,6 : 0.228"
"6,41 : 1.0565"
"41,6 : 1.0565"
"6,42 : 0.2625"
"42,6 : 0.2625"
"6,43 : 0.1281"
"43,6 : 0.1281"
"6,44 : 0.5009"
"44,6 : 0.5009"
"6,45 : 0.76"
"45,6 : 0.76"
"6,46 : 0.286"
"46,6 : 0.286"
"6,47 : 0.7845"
"47,6 : 0.7845"
"6,48 : 0.506"
"48,6 : 0.506"
"6,49 : 0.3538"
"49,6 : 0.3538"
"6,50 : 0.0728"
"50,6 : 0.0728"
"6,51 : 0.8914"
"51,6 : 0.8914"
"6,52 : 0.9159"
"52,6 : 0.9159"
"6,53 : 0.9289"
"53,6 : 0.9289"
"6,54 : 0.7433"
"54,6 : 0.7433"
"6,55 : 0.8832"
"55,6 : 0.8832"
"6,56 : 0.5609"
"56,6 : 0.5609"
"6,57 : 0.6088"
"57,6 : 0.6088"
"6,58 : 0.4958"
"58,6 : 0.4958"
"6,59 : 0.8728"
"59,6 : 0.8728"
"6,60 : 0.3551"
"60,6 : 0.3551"
"6,61 : 0.694"
"61,6 : 0.694"
"6,62 : 0.7041"
"62,6 : 0.7041"
"6,63 : 0.8448"
"63,6 : 0.8448"
"6,64 : 0.6313"
"64,6 : 0.6313"
"6,65 : 0.4801"
"65,6 : 0.4801"
"6,66 : 0.3354"
"66,6 : 0.3354"
"6,67 : 0.0707"
"67,6 : 0.0707"
"6,68 : 0.5412"
"68,6 : 0.5412"
"6,69 : 0.8938"
"69,6 : 0.8938"
"6,70 : 0.051"
"70,6 : 0.051"
"6,71 : 0.6964"
"71,6 : 0.6964"
"6,72 : 0.5924"
"72,6 : 0.5924"
"6,73 : 0.18"
"73,6 : 0.18"
"6,74 : 0.9508"
"74,6 : 0.9508"
"6,75 : 0.4717"
"75,6 : 0.4717"
"6,76 : 0.7912"
"76,6 : 0.7912"
"6,77 : 0.4144"
"77,6 : 0.4144"
"6,78 : 0.3257"
"78,6 : 0.3257"
"6,79 : 0.6595"
"79,6 : 0.6595"
"6,80 : 0.6335"
"80,6 : 0.6335"
"6,81 : 0.7855"
"81,6 : 0.7855"
"6,82 : 0.7211"
"82,6 : 0.7211"
"6,83 : 0.5951"
"83,6 : 0.5951"
"6,84 : 0.2354"
"84,6 : 0.2354"
"6,85 : 0.7603"
"85,6 : 0.7603"
"6,86 : 0.6685"
"86,6 : 0.6685"
"6,87 : 0.2419"
"87,6 : 0.2419"
"6,88 : 0.842"
"88,6 : 0.842"
"6,89 : 0.4554"
"89,6 : 0.4554"
"6,90 : 0.7026"
"90,6 : 0.7026"
"6,91 : 0.7117"
"91,6 : 0.7117"
"6,92 : 0.8683"
"92,6 : 0.8683"
"6,93 : 0.9527"
"93,6 : 0.9527"
"6,94 : 0.6519"
"94,6 : 0.6519"
"6,95 : 0.3513"
"95,6 : 0.3513"
"6,96 : 0.6747"
"96,6 : 0.6747"
"6,97 : 0.8405"
"97,6 : 0.8405"
"6,98 : 0.9706"
"98,6 : 0.9706"
"6,99 : 0.74"
"99,6 : 0.74"
"7,8 : 0.8386"
"8,7 : 0.8386"
"7,9 : 0.4215"
"9,7 : 0.4215"
"7,10 : 0.4966"
"10,7 : 0.4966"
"7,11 : 0.559"
"11,7 : 0.559"
"7,12 : 0.8551"
"12,7 : 0.8551"
"7,13 : 0.9285"
"13,7 : 0.9285"
"7,14 : 0.5001"
"14,7 : 0.5001"
"7,15 : 1.2399"
"15,7 : 1.2399"
"7,16 : 0.8393"
"16,7 : 0.8393"
"7,17 : 0.9862"
"17,7 : 0.9862"
"7,18 : 0.3353"
"18,7 : 0.3353"
"7,19 : 0.7244"
"19,7 : 0.7244"
"7,20 : 0.4295"
"20,7 : 0.4295"
"7,21 : 0.3842"
"21,7 : 0.3842"
"7,22 : 0.31"
"22,7 : 0.31"
"7,23 : 0.5459"
"23,7 : 0.5459"
"7,24 : 0.2247"
"24,7 : 0.2247"
"7,25 : 1.022"
"25,7 : 1.022"
"7,26 : 0.4036"
"26,7 : 0.4036"
"7,27 : 0.8601"
"27,7 : 0.8601"
"7,28 : 0.7723"
"28,7 : 0.7723"
"7,29 : 0.4001"
"29,7 : 0.4001"
"7,30 : 0.9925"
"30,7 : 0.9925"
"7,31 : 0.255"
"31,7 : 0.255"
"7,32 : 0.8782"
"32,7 : 0.8782"
"7,33 : 1.1666"
"33,7 : 1.1666"
"7,34 : 0.6907"
"34,7 : 0.6907"
"7,35 : 0.1077"
"35,7 : 0.1077"
"7,36 : 0.8602"
"36,7 : 0.8602"
"7,37 : 0.3132"
"37,7 : 0.3132"
"7,38 : 0.4472"
"38,7 : 0.4472"
"7,39 : 1.0448"
"39,7 : 1.0448"
"7,40 : 1.1104"
"40,7 : 1.1104"
"7,41 : 0.03"
"41,7 : 0.03"
"7,42 : 0.8417"
"42,7 : 0.8417"
"7,43 : 0.9543"
"43,7 : 0.9543"
"7,44 : 0.8223"
"44,7 : 0.8223"
"7,45 : 0.6935"
"45,7 : 0.6935"
"7,46 : 0.794"
"46,7 : 0.794"
"7,47 : 0.5433"
"47,7 : 0.5433"
"7,48 : 0.7021"
"48,7 : 0.7021"
"7,49 : 1.1183"
"49,7 : 1.1183"
"7,50 : 1.0132"
"50,7 : 1.0132"
"7,51 : 0.197"
"51,7 : 0.197"
"7,52 : 0.5247"
"52,7 : 0.5247"
"7,53 : 0.4653"
"53,7 : 0.4653"
"7,54 : 0.9179"
"54,7 : 0.9179"
"7,55 : 0.9302"
"55,7 : 0.9302"
"7,56 : 0.644"
"56,7 : 0.644"
"7,57 : 0.4837"
"57,7 : 0.4837"
"7,58 : 0.5841"
"58,7 : 0.5841"
"7,59 : 0.42"
"59,7 : 0.42"
"7,60 : 0.7495"
"60,7 : 0.7495"
"7,61 : 0.389"
"61,7 : 0.389"
"7,62 : 0.8417"
"62,7 : 0.8417"
"7,63 : 0.6001"
"63,7 : 0.6001"
"7,64 : 0.8721"
"64,7 : 0.8721"
"7,65 : 0.6265"
"65,7 : 0.6265"
"7,66 : 0.7839"
"66,7 : 0.7839"
"7,67 : 1.0198"
"67,7 : 1.0198"
"7,68 : 1.003"
"68,7 : 1.003"
"7,69 : 0.186"
"69,7 : 0.186"
"7,70 : 1.0402"
"70,7 : 1.0402"
"7,71 : 0.4707"
"71,7 : 0.4707"
"7,72 : 0.9521"
"72,7 : 0.9521"
"7,73 : 0.9742"
"73,7 : 0.9742"
"7,74 : 0.9343"
"74,7 : 0.9343"
"7,75 : 0.743"
"75,7 : 0.743"
"7,76 : 0.4198"
"76,7 : 0.4198"
"7,77 : 0.8596"
"77,7 : 0.8596"
"7,78 : 0.9458"
"78,7 : 0.9458"
"7,79 : 0.4201"
"79,7 : 0.4201"
"7,80 : 0.5981"
"80,7 : 0.5981"
"7,81 : 0.4123"
"81,7 : 0.4123"
"7,82 : 0.7382"
"82,7 : 0.7382"
"7,83 : 0.9837"
"83,7 : 0.9837"
"7,84 : 0.9527"
"84,7 : 0.9527"
"7,85 : 0.6736"
"85,7 : 0.6736"
"7,86 : 0.4177"
"86,7 : 0.4177"
"7,87 : 0.857"
"87,7 : 0.857"
"7,88 : 0.4604"
"88,7 : 0.4604"
"7,89 : 0.672"
"89,7 : 0.672"
"7,90 : 0.4428"
"90,7 : 0.4428"
"7,91 : 0.5029"
"91,7 : 0.5029"
"7,92 : 0.2902"
"92,7 : 0.2902"
"7,93 : 0.2816"
"93,7 : 0.2816"
"7,94 : 0.6648"
"94,7 : 0.6648"
"7,95 : 0.8653"
"95,7 : 0.8653"
"7,96 : 0.5757"
"96,7 : 0.5757"
"7,97 : 0.6601"
"97,7 : 0.6601"
"7,98 : 0.2419"
"98,7 : 0.2419"
"7,99 : 0.4684"
"99,7 : 0.4684"
"8,9 : 0.4264"
"9,8 : 0.4264"
"8,10 : 0.3483"
"10,8 : 0.3483"
"8,11 : 0.3406"
"11,8 : 0.3406"
"8,12 : 0.694"
"12,8 : 0.694"
"8,13 : 0.1612"
"13,8 : 0.1612"
"8,14 : 0.7134"
"14,8 : 0.7134"
"8,15 : 0.5099"
"15,8 : 0.5099"
"8,16 : 0.2285"
"16,8 : 0.2285"
"8,17 : 0.1476"
"17,8 : 0.1476"
"8,18 : 0.5186"
"18,8 : 0.5186"
"8,19 : 0.35"
"19,8 : 0.35"
"8,20 : 0.414"
"20,8 : 0.414"
"8,21 : 0.4973"
"21,8 : 0.4973"
"8,22 : 0.7299"
"22,8 : 0.7299"
"8,23 : 0.4627"
"23,8 : 0.4627"
"8,24 : 0.6185"
"24,8 : 0.6185"
"8,25 : 0.4052"
"25,8 : 0.4052"
"8,26 : 0.4684"
"26,8 : 0.4684"
"8,27 : 0.5235"
"27,8 : 0.5235"
"8,28 : 0.2581"
"28,8 : 0.2581"
"8,29 : 0.7106"
"29,8 : 0.7106"
"8,30 : 0.3276"
"30,8 : 0.3276"
"8,31 : 0.8538"
"31,8 : 0.8538"
"8,32 : 0.0412"
"32,8 : 0.0412"
"8,33 : 0.4801"
"33,8 : 0.4801"
"8,34 : 0.7938"
"34,8 : 0.7938"
"8,35 : 0.908"
"35,8 : 0.908"
"8,36 : 0.4713"
"36,8 : 0.4713"
"8,37 : 0.5404"
"37,8 : 0.5404"
"8,38 : 0.3941"
"38,8 : 0.3941"
"8,39 : 0.247"
"39,8 : 0.247"
"8,40 : 0.441"
"40,8 : 0.441"
"8,41 : 0.813"
"41,8 : 0.813"
"8,42 : 0.228"
"42,8 : 0.228"
"8,43 : 0.1628"
"43,8 : 0.1628"
"8,44 : 0.253"
"44,8 : 0.253"
"8,45 : 0.7001"
"45,8 : 0.7001"
"8,46 : 0.15"
"46,8 : 0.15"
"8,47 : 0.6691"
"47,8 : 0.6691"
"8,48 : 0.2256"
"48,8 : 0.2256"
"8,49 : 0.536"
"49,8 : 0.536"
"8,50 : 0.2433"
"50,8 : 0.2433"
"8,51 : 0.6435"
"51,8 : 0.6435"
"8,52 : 0.7951"
"52,8 : 0.7951"
"8,53 : 0.7906"
"53,8 : 0.7906"
"8,54 : 0.7684"
"54,8 : 0.7684"
"8,55 : 0.8931"
"55,8 : 0.8931"
"8,56 : 0.4649"
"56,8 : 0.4649"
"8,57 : 0.3551"
"57,8 : 0.3551"
"8,58 : 0.2693"
"58,8 : 0.2693"
"8,59 : 0.7201"
"59,8 : 0.7201"
"8,60 : 0.0894"
"60,8 : 0.0894"
"8,61 : 0.4743"
"61,8 : 0.4743"
"8,62 : 0.7046"
"62,8 : 0.7046"
"8,63 : 0.7495"
"63,8 : 0.7495"
"8,64 : 0.3992"
"64,8 : 0.3992"
"8,65 : 0.214"
"65,8 : 0.214"
"8,66 : 0.0566"
"66,8 : 0.0566"
"8,67 : 0.2532"
"67,8 : 0.2532"
"8,68 : 0.6301"
"68,8 : 0.6301"
"8,69 : 0.6537"
"69,8 : 0.6537"
"8,70 : 0.2326"
"70,8 : 0.2326"
"8,71 : 0.4201"
"71,8 : 0.4201"
"8,72 : 0.6512"
"72,8 : 0.6512"
"8,73 : 0.136"
"73,8 : 0.136"
"8,74 : 0.9519"
"74,8 : 0.9519"
"8,75 : 0.4219"
"75,8 : 0.4219"
"8,76 : 0.6303"
"76,8 : 0.6303"
"8,77 : 0.4386"
"77,8 : 0.4386"
"8,78 : 0.4118"
"78,8 : 0.4118"
"8,79 : 0.4254"
"79,8 : 0.4254"
"8,80 : 0.5263"
"80,8 : 0.5263"
"8,81 : 0.6207"
"81,8 : 0.6207"
"8,82 : 0.6798"
"82,8 : 0.6798"
"8,83 : 0.6671"
"83,8 : 0.6671"
"8,84 : 0.3324"
"84,8 : 0.3324"
"8,85 : 0.6929"
"85,8 : 0.6929"
"8,86 : 0.4561"
"86,8 : 0.4561"
"8,87 : 0.051"
"87,8 : 0.051"
"8,88 : 0.7006"
"88,8 : 0.7006"
"8,89 : 0.3384"
"89,8 : 0.3384"
"8,90 : 0.5308"
"90,8 : 0.5308"
"8,91 : 0.5722"
"91,8 : 0.5722"
"8,92 : 0.6011"
"92,8 : 0.6011"
"8,93 : 0.7649"
"93,8 : 0.7649"
"8,94 : 0.5794"
"94,8 : 0.5794"
"8,95 : 0.3764"
"95,8 : 0.3764"
"8,96 : 0.5629"
"96,8 : 0.5629"
"8,97 : 0.7654"
"97,8 : 0.7654"
"8,98 : 0.7737"
"98,8 : 0.7737"
"8,99 : 0.5903"
"99,8 : 0.5903"
"9,10 : 0.0781"
"10,9 : 0.0781"
"9,11 : 0.2502"
"11,9 : 0.2502"
"9,12 : 0.7178"
"12,9 : 0.7178"
"9,13 : 0.507"
"13,9 : 0.507"
"9,14 : 0.5099"
"14,9 : 0.5099"
"9,15 : 0.8819"
"15,9 : 0.8819"
"9,16 : 0.4243"
"16,9 : 0.4243"
"9,17 : 0.572"
"17,9 : 0.572"
"9,18 : 0.0922"
"18,9 : 0.0922"
"9,19 : 0.3396"
"19,9 : 0.3396"
"9,20 : 0.02"
"20,9 : 0.02"
"9,21 : 0.2052"
"21,9 : 0.2052"
"9,22 : 0.4179"
"22,9 : 0.4179"
"9,23 : 0.3454"
"23,9 : 0.3454"
"9,24 : 0.197"
"24,9 : 0.197"
"9,25 : 0.6957"
"25,9 : 0.6957"
"9,26 : 0.1844"
"26,9 : 0.1844"
"9,27 : 0.632"
"27,9 : 0.632"
"9,28 : 0.4368"
"28,9 : 0.4368"
"9,29 : 0.4494"
"29,9 : 0.4494"
"9,30 : 0.6447"
"30,9 : 0.6447"
"9,31 : 0.5049"
"31,9 : 0.5049"
"9,32 : 0.464"
"32,9 : 0.464"
"9,33 : 0.8235"
"33,9 : 0.8235"
"9,34 : 0.6762"
"34,9 : 0.6762"
"9,35 : 0.5045"
"35,9 : 0.5045"
"9,36 : 0.5033"
"36,9 : 0.5033"
"9,37 : 0.114"
"37,9 : 0.114"
"9,38 : 0.0412"
"38,9 : 0.0412"
"9,39 : 0.653"
"39,9 : 0.653"
"9,40 : 0.7708"
"40,9 : 0.7708"
"9,41 : 0.394"
"41,9 : 0.394"
"9,42 : 0.4885"
"42,9 : 0.4885"
"9,43 : 0.5608"
"43,9 : 0.5608"
"9,44 : 0.4111"
"44,9 : 0.4111"
"9,45 : 0.6191"
"45,9 : 0.6191"
"9,46 : 0.4168"
"46,9 : 0.4168"
"9,47 : 0.5033"
"47,9 : 0.5033"
"9,48 : 0.2844"
"48,9 : 0.2844"
"9,49 : 0.8149"
"49,9 : 0.8149"
"9,50 : 0.6301"
"50,9 : 0.6301"
"9,51 : 0.2247"
"51,9 : 0.2247"
"9,52 : 0.5841"
"52,9 : 0.5841"
"9,53 : 0.5492"
"53,9 : 0.5492"
"9,54 : 0.7971"
"54,9 : 0.7971"
"9,55 : 0.8724"
"55,9 : 0.8724"
"9,56 : 0.4342"
"56,9 : 0.4342"
"9,57 : 0.0854"
"57,9 : 0.0854"
"9,58 : 0.2119"
"58,9 : 0.2119"
"9,59 : 0.4687"
"59,9 : 0.4687"
"9,60 : 0.3397"
"60,9 : 0.3397"
"9,61 : 0.1697"
"61,9 : 0.1697"
"9,62 : 0.7151"
"62,9 : 0.7151"
"9,63 : 0.5946"
"63,9 : 0.5946"
"9,64 : 0.4903"
"64,9 : 0.4903"
"9,65 : 0.2126"
"65,9 : 0.2126"
"9,66 : 0.3701"
"66,9 : 0.3701"
"9,67 : 0.6382"
"67,9 : 0.6382"
"9,68 : 0.781"
"68,9 : 0.781"
"9,69 : 0.2452"
"69,9 : 0.2452"
"9,70 : 0.6444"
"70,9 : 0.6444"
"9,71 : 0.0922"
"71,9 : 0.0922"
"9,72 : 0.758"
"72,9 : 0.758"
"9,73 : 0.5622"
"73,9 : 0.5622"
"9,74 : 0.9074"
"74,9 : 0.9074"
"9,75 : 0.4909"
"75,9 : 0.4909"
"9,76 : 0.3905"
"76,9 : 0.3905"
"9,77 : 0.5908"
"77,9 : 0.5908"
"9,78 : 0.6433"
"78,9 : 0.6433"
"9,79 : 0.1166"
"79,9 : 0.1166"
"9,80 : 0.4386"
"80,9 : 0.4386"
"9,81 : 0.3764"
"81,9 : 0.3764"
"9,82 : 0.6351"
"82,9 : 0.6351"
"9,83 : 0.7864"
"83,9 : 0.7864"
"9,84 : 0.6168"
"84,9 : 0.6168"
"9,85 : 0.6021"
"85,9 : 0.6021"
"9,86 : 0.186"
"86,9 : 0.186"
"9,87 : 0.4525"
"87,9 : 0.4525"
"9,88 : 0.4763"
"88,9 : 0.4763"
"9,89 : 0.3801"
"89,9 : 0.3801"
"9,90 : 0.3124"
"90,9 : 0.3124"
"9,91 : 0.4"
"91,9 : 0.4"
"9,92 : 0.1803"
"92,9 : 0.1803"
"9,93 : 0.4368"
"93,9 : 0.4368"
"9,94 : 0.5239"
"94,9 : 0.5239"
"9,95 : 0.5672"
"95,9 : 0.5672"
"9,96 : 0.4478"
"96,9 : 0.4478"
"9,97 : 0.6403"
"97,9 : 0.6403"
"9,98 : 0.4276"
"98,9 : 0.4276"
"9,99 : 0.3895"
"99,9 : 0.3895"
"10,11 : 0.2119"
"11,10 : 0.2119"
"10,12 : 0.6935"
"12,10 : 0.6935"
"10,13 : 0.4332"
"13,10 : 0.4332"
"10,14 : 0.527"
"14,10 : 0.527"
"10,15 : 0.8095"
"15,10 : 0.8095"
"10,16 : 0.3601"
"16,10 : 0.3601"
"10,17 : 0.4941"
"17,10 : 0.4941"
"10,18 : 0.1703"
"18,10 : 0.1703"
"10,19 : 0.2997"
"19,10 : 0.2997"
"10,20 : 0.0671"
"20,10 : 0.0671"
"10,21 : 0.2285"
"21,10 : 0.2285"
"10,22 : 0.461"
"22,10 : 0.461"
"10,23 : 0.3302"
"23,10 : 0.3302"
"10,24 : 0.2729"
"24,10 : 0.2729"
"10,25 : 0.6306"
"25,10 : 0.6306"
"10,26 : 0.2012"
"26,10 : 0.2012"
"10,27 : 0.5903"
"27,10 : 0.5903"
"10,28 : 0.3748"
"28,10 : 0.3748"
"10,29 : 0.4793"
"29,10 : 0.4793"
"10,30 : 0.5758"
"30,10 : 0.5758"
"10,31 : 0.5604"
"31,10 : 0.5604"
"10,32 : 0.386"
"32,10 : 0.386"
"10,33 : 0.7539"
"33,10 : 0.7539"
"10,34 : 0.6788"
"34,10 : 0.6788"
"10,35 : 0.5757"
"35,10 : 0.5757"
"10,36 : 0.4701"
"36,10 : 0.4701"
"10,37 : 0.1921"
"37,10 : 0.1921"
"10,38 : 0.051"
"38,10 : 0.051"
"10,39 : 0.5763"
"39,10 : 0.5763"
"10,40 : 0.7023"
"40,10 : 0.7023"
"10,41 : 0.4696"
"41,10 : 0.4696"
"10,42 : 0.4206"
"42,10 : 0.4206"
"10,43 : 0.4841"
"43,10 : 0.4841"
"10,44 : 0.3506"
"44,10 : 0.3506"
"10,45 : 0.6122"
"45,10 : 0.6122"
"10,46 : 0.3444"
"46,10 : 0.3444"
"10,47 : 0.5109"
"47,10 : 0.5109"
"10,48 : 0.22"
"48,10 : 0.22"
"10,49 : 0.7531"
"49,10 : 0.7531"
"10,50 : 0.5547"
"50,10 : 0.5547"
"10,51 : 0.2997"
"51,10 : 0.2997"
"10,52 : 0.6054"
"52,10 : 0.6054"
"10,53 : 0.577"
"53,10 : 0.577"
"10,54 : 0.7739"
"54,10 : 0.7739"
"10,55 : 0.8598"
"55,10 : 0.8598"
"10,56 : 0.4072"
"56,10 : 0.4072"
"10,57 : 0.0424"
"57,10 : 0.0424"
"10,58 : 0.1503"
"58,10 : 0.1503"
"10,59 : 0.4966"
"59,10 : 0.4966"
"10,60 : 0.2617"
"60,10 : 0.2617"
"10,61 : 0.1931"
"61,10 : 0.1931"
"10,62 : 0.6932"
"62,10 : 0.6932"
"10,63 : 0.6031"
"63,10 : 0.6031"
"10,64 : 0.446"
"64,10 : 0.446"
"10,65 : 0.1345"
"65,10 : 0.1345"
"10,66 : 0.2921"
"66,10 : 0.2921"
"10,67 : 0.563"
"67,10 : 0.563"
"10,68 : 0.7368"
"68,10 : 0.7368"
"10,69 : 0.3162"
"69,10 : 0.3162"
"10,70 : 0.5673"
"70,10 : 0.5673"
"10,71 : 0.1105"
"71,10 : 0.1105"
"10,72 : 0.7203"
"72,10 : 0.7203"
"10,73 : 0.4841"
"73,10 : 0.4841"
"10,74 : 0.9"
"74,10 : 0.9"
"10,75 : 0.4491"
"75,10 : 0.4491"
"10,76 : 0.4118"
"76,10 : 0.4118"
"10,77 : 0.5408"
"77,10 : 0.5408"
"10,78 : 0.5842"
"78,10 : 0.5842"
"10,79 : 0.13"
"79,10 : 0.13"
"10,80 : 0.4244"
"80,10 : 0.4244"
"10,81 : 0.3982"
"81,10 : 0.3982"
"10,82 : 0.6213"
"82,10 : 0.6213"
"10,83 : 0.7473"
"83,10 : 0.7473"
"10,84 : 0.5508"
"84,10 : 0.5508"
"10,85 : 0.5967"
"85,10 : 0.5967"
"10,86 : 0.1972"
"86,10 : 0.1972"
"10,87 : 0.3748"
"87,10 : 0.3748"
"10,88 : 0.4974"
"88,10 : 0.4974"
"10,89 : 0.3338"
"89,10 : 0.3338"
"10,90 : 0.322"
"90,10 : 0.322"
"10,91 : 0.4036"
"91,10 : 0.4036"
"10,92 : 0.2561"
"92,10 : 0.2561"
"10,93 : 0.4851"
"93,10 : 0.4851"
"10,94 : 0.5077"
"94,10 : 0.5077"
"10,95 : 0.5109"
"95,10 : 0.5109"
"10,96 : 0.4405"
"96,10 : 0.4405"
"10,97 : 0.6435"
"97,10 : 0.6435"
"10,98 : 0.4809"
"98,10 : 0.4809"
"10,99 : 0.4"
"99,10 : 0.4"
"11,12 : 0.483"
"12,11 : 0.483"
"11,13 : 0.4837"
"13,11 : 0.4837"
"11,14 : 0.3808"
"14,11 : 0.3808"
"11,15 : 0.6812"
"15,11 : 0.6812"
"11,16 : 0.4701"
"16,11 : 0.4701"
"11,17 : 0.4785"
"17,11 : 0.4785"
"11,18 : 0.3158"
"18,11 : 0.3158"
"11,19 : 0.4738"
"19,11 : 0.4738"
"11,20 : 0.2302"
"20,11 : 0.2302"
"11,21 : 0.178"
"21,11 : 0.178"
"11,22 : 0.3929"
"22,11 : 0.3929"
"11,23 : 0.1389"
"23,11 : 0.1389"
"11,24 : 0.3712"
"24,11 : 0.3712"
"11,25 : 0.4701"
"25,11 : 0.4701"
"11,26 : 0.1556"
"26,11 : 0.1556"
"11,27 : 0.3821"
"27,11 : 0.3821"
"11,28 : 0.214"
"28,11 : 0.214"
"11,29 : 0.3701"
"29,11 : 0.3701"
"11,30 : 0.4342"
"30,11 : 0.4342"
"11,31 : 0.522"
"31,11 : 0.522"
"11,32 : 0.3812"
"32,11 : 0.3812"
"11,33 : 0.6103"
"33,11 : 0.6103"
"11,34 : 0.4965"
"34,11 : 0.4965"
"11,35 : 0.6061"
"35,11 : 0.6061"
"11,36 : 0.6444"
"36,11 : 0.6444"
"11,37 : 0.3298"
"37,11 : 0.3298"
"11,38 : 0.211"
"38,11 : 0.211"
"11,39 : 0.4974"
"39,11 : 0.4974"
"11,40 : 0.5547"
"40,11 : 0.5547"
"11,41 : 0.5391"
"41,11 : 0.5391"
"11,42 : 0.2828"
"42,11 : 0.2828"
"11,43 : 0.4115"
"43,11 : 0.4115"
"11,44 : 0.4741"
"44,11 : 0.4741"
"11,45 : 0.4177"
"45,11 : 0.4177"
"11,46 : 0.246"
"46,11 : 0.246"
"11,47 : 0.3454"
"47,11 : 0.3454"
"11,48 : 0.3523"
"48,11 : 0.3523"
"11,49 : 0.5794"
"49,11 : 0.5794"
"11,50 : 0.4604"
"50,11 : 0.4604"
"11,51 : 0.3859"
"51,11 : 0.3859"
"11,52 : 0.4632"
"52,11 : 0.4632"
"11,53 : 0.4528"
"53,11 : 0.4528"
"11,54 : 0.5636"
"54,11 : 0.5636"
"11,55 : 0.656"
"55,11 : 0.656"
"11,56 : 0.1972"
"56,11 : 0.1972"
"11,57 : 0.1746"
"57,11 : 0.1746"
"11,58 : 0.0943"
"58,11 : 0.0943"
"11,59 : 0.3801"
"59,11 : 0.3801"
"11,60 : 0.2608"
"60,11 : 0.2608"
"11,61 : 0.1703"
"61,11 : 0.1703"
"11,62 : 0.4837"
"62,11 : 0.4837"
"11,63 : 0.4338"
"63,11 : 0.4338"
"11,64 : 0.6022"
"64,11 : 0.6022"
"11,65 : 0.2025"
"65,11 : 0.2025"
"11,66 : 0.3007"
"66,11 : 0.3007"
"11,67 : 0.4662"
"67,11 : 0.4662"
"11,68 : 0.5308"
"68,11 : 0.5308"
"11,69 : 0.378"
"69,11 : 0.378"
"11,70 : 0.4965"
"70,11 : 0.4965"
"11,71 : 0.3202"
"71,11 : 0.3202"
"11,72 : 0.5099"
"72,11 : 0.5099"
"11,73 : 0.461"
"73,11 : 0.461"
"11,74 : 0.7009"
"74,11 : 0.7009"
"11,75 : 0.2408"
"75,11 : 0.2408"
"11,76 : 0.29"
"76,11 : 0.29"
"11,77 : 0.3423"
"77,11 : 0.3423"
"11,78 : 0.405"
"78,11 : 0.405"
"11,79 : 0.1581"
"79,11 : 0.1581"
"11,80 : 0.2267"
"80,11 : 0.2267"
"11,81 : 0.2802"
"81,11 : 0.2802"
"11,82 : 0.4187"
"82,11 : 0.4187"
"11,83 : 0.5376"
"83,11 : 0.5376"
"11,84 : 0.3966"
"84,11 : 0.3966"
"11,85 : 0.4046"
"85,11 : 0.4046"
"11,86 : 0.1414"
"86,11 : 0.1414"
"11,87 : 0.3373"
"87,11 : 0.3373"
"11,88 : 0.3635"
"88,11 : 0.3635"
"11,89 : 0.1315"
"89,11 : 0.1315"
"11,90 : 0.1903"
"90,11 : 0.1903"
"11,91 : 0.2404"
"91,11 : 0.2404"
"11,92 : 0.41"
"92,11 : 0.41"
"11,93 : 0.4301"
"93,11 : 0.4301"
"11,94 : 0.3048"
"94,11 : 0.3048"
"11,95 : 0.3257"
"95,11 : 0.3257"
"11,96 : 0.2524"
"96,11 : 0.2524"
"11,97 : 0.4632"
"97,11 : 0.4632"
"11,98 : 0.4438"
"98,11 : 0.4438"
"11,99 : 0.2532"
"99,11 : 0.2532"
"12,13 : 0.8545"
"13,12 : 0.8545"
"12,14 : 0.3716"
"14,12 : 0.3716"
"12,15 : 0.6661"
"15,12 : 0.6661"
"12,16 : 0.8983"
"16,12 : 0.8983"
"12,17 : 0.7692"
"17,12 : 0.7692"
"12,18 : 0.7571"
"18,12 : 0.7571"
"12,19 : 0.944"
"19,12 : 0.944"
"12,20 : 0.6989"
"20,12 : 0.6989"
"12,21 : 0.5459"
"21,12 : 0.5459"
"12,22 : 0.5536"
"22,12 : 0.5536"
"12,23 : 0.3736"
"23,12 : 0.3736"
"12,24 : 0.7616"
"24,12 : 0.7616"
"12,25 : 0.4504"
"25,12 : 0.4504"
"12,26 : 0.5511"
"26,12 : 0.5511"
"12,27 : 0.1868"
"27,12 : 0.1868"
"12,28 : 0.436"
"28,12 : 0.436"
"12,29 : 0.4649"
"29,12 : 0.4649"
"12,30 : 0.4982"
"30,12 : 0.4982"
"12,31 : 0.6671"
"31,12 : 0.6671"
"12,32 : 0.7211"
"32,12 : 0.7211"
"12,33 : 0.5743"
"33,12 : 0.5743"
"12,34 : 0.2421"
"34,12 : 0.2421"
"12,35 : 0.8412"
"35,12 : 0.8412"
"12,36 : 1.1089"
"36,12 : 1.1089"
"12,37 : 0.763"
"37,12 : 0.763"
"12,38 : 0.6835"
"38,12 : 0.6835"
"12,39 : 0.6745"
"39,12 : 0.6745"
"12,40 : 0.5308"
"40,12 : 0.5308"
"12,41 : 0.85"
"41,12 : 0.85"
"12,42 : 0.4789"
"42,12 : 0.4789"
"12,43 : 0.6408"
"43,12 : 0.6408"
"12,44 : 0.9122"
"44,12 : 0.9122"
"12,45 : 0.1749"
"45,12 : 0.1749"
"12,46 : 0.5441"
"46,12 : 0.5441"
"12,47 : 0.3162"
"47,12 : 0.3162"
"12,48 : 0.8106"
"48,12 : 0.8106"
"12,49 : 0.4438"
"49,12 : 0.4438"
"12,50 : 0.6236"
"50,12 : 0.6236"
"12,51 : 0.7603"
"51,12 : 0.7603"
"12,52 : 0.3941"
"52,12 : 0.3941"
"12,53 : 0.4442"
"53,12 : 0.4442"
"12,54 : 0.0806"
"54,12 : 0.0806"
"12,55 : 0.2012"
"55,12 : 0.2012"
"12,56 : 0.2864"
"56,12 : 0.2864"
"12,57 : 0.6539"
"57,12 : 0.6539"
"12,58 : 0.566"
"58,12 : 0.566"
"12,59 : 0.4494"
"59,12 : 0.4494"
"12,60 : 0.658"
"60,12 : 0.658"
"12,61 : 0.5707"
"61,12 : 0.5707"
"12,62 : 0.0224"
"62,12 : 0.0224"
"12,63 : 0.2941"
"63,12 : 0.2941"
"12,64 : 1.0548"
"64,12 : 1.0548"
"12,65 : 0.6661"
"65,12 : 0.6661"
"12,66 : 0.6877"
"66,12 : 0.6877"
"12,67 : 0.621"
"67,12 : 0.621"
"12,68 : 0.2147"
"68,12 : 0.2147"
"12,69 : 0.7301"
"69,12 : 0.7301"
"12,70 : 0.6896"
"70,12 : 0.6896"
"12,71 : 0.7985"
"71,12 : 0.7985"
"12,72 : 0.1389"
"72,12 : 0.1389"
"12,73 : 0.7469"
"73,12 : 0.7469"
"12,74 : 0.2657"
"74,12 : 0.2657"
"12,75 : 0.2759"
"75,12 : 0.2759"
"12,76 : 0.4357"
"76,12 : 0.4357"
"12,77 : 0.2751"
"77,12 : 0.2751"
"12,78 : 0.3635"
"78,12 : 0.3635"
"12,79 : 0.6044"
"79,12 : 0.6044"
"12,80 : 0.2844"
"80,12 : 0.2844"
"12,81 : 0.4441"
"81,12 : 0.4441"
"12,82 : 0.1208"
"82,12 : 0.1208"
"12,83 : 0.164"
"83,12 : 0.164"
"12,84 : 0.4512"
"84,12 : 0.4512"
"12,85 : 0.1924"
"85,12 : 0.1924"
"12,86 : 0.5434"
"86,12 : 0.5434"
"12,87 : 0.6573"
"87,12 : 0.6573"
"12,88 : 0.405"
"88,12 : 0.405"
"12,89 : 0.3842"
"89,12 : 0.3842"
"12,90 : 0.441"
"90,12 : 0.441"
"12,91 : 0.3601"
"91,12 : 0.3601"
"12,92 : 0.8401"
"92,12 : 0.8401"
"12,93 : 0.5914"
"93,12 : 0.5914"
"12,94 : 0.201"
"94,12 : 0.201"
"12,95 : 0.3418"
"95,12 : 0.3418"
"12,96 : 0.2902"
"96,12 : 0.2902"
"12,97 : 0.2476"
"97,12 : 0.2476"
"12,98 : 0.6294"
"98,12 : 0.6294"
"12,99 : 0.3912"
"99,12 : 0.3912"
"13,14 : 0.8631"
"14,13 : 0.8631"
"13,15 : 0.5814"
"15,13 : 0.5814"
"13,16 : 0.1393"
"16,13 : 0.1393"
"13,17 : 0.1503"
"17,13 : 0.1503"
"13,18 : 0.5951"
"18,13 : 0.5951"
"13,19 : 0.3041"
"19,13 : 0.3041"
"13,20 : 0.4998"
"20,13 : 0.4998"
"13,21 : 0.622"
"21,13 : 0.622"
"13,22 : 0.8609"
"22,13 : 0.8609"
"13,23 : 0.6139"
"23,13 : 0.6139"
