x,y
0.39,0.72
0.34,0.56
0.87,0.23
0.06,0.95
0.87,0.58
0.43,0.11
0.13,0.08
0.38,0.05
0.79,0.76
0.29,0.83
0.01,1.0
0.56,0.08
0.9,0.27
0.65,0.48
0.59,0.14
0.6,0.31
0.81,0.58
0.82,0.55
0.19,0.19
0.93,0.4
0.27,0.45
0.24,0.6
0.66,0.37
0.25,0.51
0.05,0.18
0.67,0.61
0.83,0.3
0.32,0.89
0.97,0.35
0.68,0.68
0.62,0.94
0.87,0.38
0.53,0.87
0.1,0.64
0.67,0.06
0.37,0.67
0.54,0.86
0.0,0.77
0.94,0.69
0.24,0.4
0.15,0.61
0.13,0.35
0.56,0.9
0.95,0.45
0.59,0.64
0.43,0.48
0.1,0.45
0.05,0.2
0.83,0.03
0.9,0.04
0.25,0.33
0.6,0.82
0.76,0.71
0.89,0.07
0.42,0.73
0.05,0.61
0.3,0.83
0.32,0.23
0.17,0.84
0.7,0.29
0.17,0.79
0.44,0.8
0.76,0.09
0.63,0.9
0.69,0.5
0.49,0.92
0.89,0.95
0.45,0.6
0.84,0.38
0.42,0.85
0.15,0.71
0.81,0.05
0.07,0.51
0.3,0.44
0.12,0.0
0.75,0.16
0.14,0.82
0.7,0.52
0.51,0.5
0.17,0.59
0.79,0.29
0.58,0.35
0.57,0.16
0.41,0.93
0.99,0.86
0.48,0.81
0.51,0.46
0.07,0.92
0.89,0.02
0.25,0.52
0.68,0.77
0.34,0.8
0.39,0.46
0.7,0.32
0.69,0.98
0.11,0.69
0.51,0.3
0.6,0.31
0.94,0.09
0.56,0.06

Distanze
"0,1 : 0.1676"
"1,0 : 0.1676"
"0,2 : 0.6859"
"2,0 : 0.6859"
"0,3 : 0.4022"
"3,0 : 0.4022"
"0,4 : 0.5"
"4,0 : 0.5"
"0,5 : 0.6113"
"5,0 : 0.6113"
"0,6 : 0.6908"
"6,0 : 0.6908"
"0,7 : 0.6701"
"7,0 : 0.6701"
"0,8 : 0.402"
"8,0 : 0.402"
"0,9 : 0.1487"
"9,0 : 0.1487"
"0,10 : 0.472"
"10,0 : 0.472"
"0,11 : 0.6622"
"11,0 : 0.6622"
"0,12 : 0.6801"
"12,0 : 0.6801"
"0,13 : 0.3538"
"13,0 : 0.3538"
"0,14 : 0.6135"
"14,0 : 0.6135"
"0,15 : 0.4607"
"15,0 : 0.4607"
"0,16 : 0.4427"
"16,0 : 0.4427"
"0,17 : 0.4624"
"17,0 : 0.4624"
"0,18 : 0.5665"
"18,0 : 0.5665"
"0,19 : 0.6277"
"19,0 : 0.6277"
"0,20 : 0.2955"
"20,0 : 0.2955"
"0,21 : 0.1921"
"21,0 : 0.1921"
"0,22 : 0.442"
"22,0 : 0.442"
"0,23 : 0.2524"
"23,0 : 0.2524"
"0,24 : 0.6381"
"24,0 : 0.6381"
"0,25 : 0.3008"
"25,0 : 0.3008"
"0,26 : 0.6083"
"26,0 : 0.6083"
"0,27 : 0.1838"
"27,0 : 0.1838"
"0,28 : 0.688"
"28,0 : 0.688"
"0,29 : 0.2927"
"29,0 : 0.2927"
"0,30 : 0.3183"
"30,0 : 0.3183"
"0,31 : 0.5882"
"31,0 : 0.5882"
"0,32 : 0.2052"
"32,0 : 0.2052"
"0,33 : 0.3008"
"33,0 : 0.3008"
"0,34 : 0.7169"
"34,0 : 0.7169"
"0,35 : 0.0539"
"35,0 : 0.0539"
"0,36 : 0.2052"
"36,0 : 0.2052"
"0,37 : 0.3932"
"37,0 : 0.3932"
"0,38 : 0.5508"
"38,0 : 0.5508"
"0,39 : 0.3534"
"39,0 : 0.3534"
"0,40 : 0.264"
"40,0 : 0.264"
"0,41 : 0.4522"
"41,0 : 0.4522"
"0,42 : 0.2476"
"42,0 : 0.2476"
"0,43 : 0.6217"
"43,0 : 0.6217"
"0,44 : 0.2154"
"44,0 : 0.2154"
"0,45 : 0.2433"
"45,0 : 0.2433"
"0,46 : 0.3962"
"46,0 : 0.3962"
"0,47 : 0.6213"
"47,0 : 0.6213"
"0,48 : 0.8184"
"48,0 : 0.8184"
"0,49 : 0.85"
"49,0 : 0.85"
"0,50 : 0.4144"
"50,0 : 0.4144"
"0,51 : 0.2326"
"51,0 : 0.2326"
"0,52 : 0.3701"
"52,0 : 0.3701"
"0,53 : 0.8201"
"53,0 : 0.8201"
"0,54 : 0.0316"
"54,0 : 0.0316"
"0,55 : 0.3574"
"55,0 : 0.3574"
"0,56 : 0.1421"
"56,0 : 0.1421"
"0,57 : 0.495"
"57,0 : 0.495"
"0,58 : 0.2506"
"58,0 : 0.2506"
"0,59 : 0.5301"
"59,0 : 0.5301"
"0,60 : 0.2309"
"60,0 : 0.2309"
"0,61 : 0.0943"
"61,0 : 0.0943"
"0,62 : 0.7306"
"62,0 : 0.7306"
"0,63 : 0.3"
"63,0 : 0.3"
"0,64 : 0.372"
"64,0 : 0.372"
"0,65 : 0.2236"
"65,0 : 0.2236"
"0,66 : 0.5504"
"66,0 : 0.5504"
"0,67 : 0.1342"
"67,0 : 0.1342"
"0,68 : 0.564"
"68,0 : 0.564"
"0,69 : 0.1334"
"69,0 : 0.1334"
"0,70 : 0.2402"
"70,0 : 0.2402"
"0,71 : 0.7908"
"71,0 : 0.7908"
"0,72 : 0.3828"
"72,0 : 0.3828"
"0,73 : 0.2941"
"73,0 : 0.2941"
"0,74 : 0.769"
"74,0 : 0.769"
"0,75 : 0.6657"
"75,0 : 0.6657"
"0,76 : 0.2693"
"76,0 : 0.2693"
"0,77 : 0.3689"
"77,0 : 0.3689"
"0,78 : 0.2506"
"78,0 : 0.2506"
"0,79 : 0.2555"
"79,0 : 0.2555"
"0,80 : 0.5873"
"80,0 : 0.5873"
"0,81 : 0.4159"
"81,0 : 0.4159"
"0,82 : 0.5882"
"82,0 : 0.5882"
"0,83 : 0.211"
"83,0 : 0.211"
"0,84 : 0.6161"
"84,0 : 0.6161"
"0,85 : 0.1273"
"85,0 : 0.1273"
"0,86 : 0.2864"
"86,0 : 0.2864"
"0,87 : 0.3774"
"87,0 : 0.3774"
"0,88 : 0.8602"
"88,0 : 0.8602"
"0,89 : 0.2441"
"89,0 : 0.2441"
"0,90 : 0.2943"
"90,0 : 0.2943"
"0,91 : 0.0943"
"91,0 : 0.0943"
"0,92 : 0.26"
"92,0 : 0.26"
"0,93 : 0.5061"
"93,0 : 0.5061"
"0,94 : 0.397"
"94,0 : 0.397"
"0,95 : 0.2816"
"95,0 : 0.2816"
"0,96 : 0.4368"
"96,0 : 0.4368"
"0,97 : 0.4607"
"97,0 : 0.4607"
"0,98 : 0.8363"
"98,0 : 0.8363"
"0,99 : 0.6815"
"99,0 : 0.6815"
"1,2 : 0.6243"
"2,1 : 0.6243"
"1,3 : 0.4801"
"3,1 : 0.4801"
"1,4 : 0.5304"
"4,1 : 0.5304"
"1,5 : 0.4589"
"5,1 : 0.4589"
"1,6 : 0.5239"
"6,1 : 0.5239"
"1,7 : 0.5116"
"7,1 : 0.5116"
"1,8 : 0.4924"
"8,1 : 0.4924"
"1,9 : 0.2746"
"9,1 : 0.2746"
"1,10 : 0.55"
"10,1 : 0.55"
"1,11 : 0.528"
"11,1 : 0.528"
"1,12 : 0.6306"
"12,1 : 0.6306"
"1,13 : 0.3202"
"13,1 : 0.3202"
"1,14 : 0.4888"
"14,1 : 0.4888"
"1,15 : 0.3607"
"15,1 : 0.3607"
"1,16 : 0.4704"
"16,1 : 0.4704"
"1,17 : 0.4801"
"17,1 : 0.4801"
"1,18 : 0.3992"
"18,1 : 0.3992"
"1,19 : 0.6113"
"19,1 : 0.6113"
"1,20 : 0.1304"
"20,1 : 0.1304"
"1,21 : 0.1077"
"21,1 : 0.1077"
"1,22 : 0.3722"
"22,1 : 0.3722"
"1,23 : 0.103"
"23,1 : 0.103"
"1,24 : 0.478"
"24,1 : 0.478"
"1,25 : 0.3338"
"25,1 : 0.3338"
"1,26 : 0.5547"
"26,1 : 0.5547"
"1,27 : 0.3306"
"27,1 : 0.3306"
"1,28 : 0.6641"
"28,1 : 0.6641"
"1,29 : 0.3606"
"29,1 : 0.3606"
"1,30 : 0.472"
"30,1 : 0.472"
"1,31 : 0.5597"
"31,1 : 0.5597"
"1,32 : 0.3636"
"32,1 : 0.3636"
"1,33 : 0.253"
"33,1 : 0.253"
"1,34 : 0.5991"
"34,1 : 0.5991"
"1,35 : 0.114"
"35,1 : 0.114"
"1,36 : 0.3606"
"36,1 : 0.3606"
"1,37 : 0.3996"
"37,1 : 0.3996"
"1,38 : 0.6139"
"38,1 : 0.6139"
"1,39 : 0.1887"
"39,1 : 0.1887"
"1,40 : 0.1965"
"40,1 : 0.1965"
"1,41 : 0.297"
"41,1 : 0.297"
"1,42 : 0.405"
"42,1 : 0.405"
"1,43 : 0.6198"
"43,1 : 0.6198"
"1,44 : 0.2625"
"44,1 : 0.2625"
"1,45 : 0.1204"
"45,1 : 0.1204"
"1,46 : 0.264"
"46,1 : 0.264"
"1,47 : 0.4623"
"47,1 : 0.4623"
"1,48 : 0.7218"
"48,1 : 0.7218"
"1,49 : 0.7642"
"49,1 : 0.7642"
"1,50 : 0.247"
"50,1 : 0.247"
"1,51 : 0.3677"
"51,1 : 0.3677"
"1,52 : 0.446"
"52,1 : 0.446"
"1,53 : 0.7366"
"53,1 : 0.7366"
"1,54 : 0.1879"
"54,1 : 0.1879"
"1,55 : 0.2943"
"55,1 : 0.2943"
"1,56 : 0.2729"
"56,1 : 0.2729"
"1,57 : 0.3306"
"57,1 : 0.3306"
"1,58 : 0.3276"
"58,1 : 0.3276"
"1,59 : 0.45"
"59,1 : 0.45"
"1,60 : 0.286"
"60,1 : 0.286"
"1,61 : 0.26"
"61,1 : 0.26"
"1,62 : 0.6303"
"62,1 : 0.6303"
"1,63 : 0.4469"
"63,1 : 0.4469"
"1,64 : 0.3551"
"64,1 : 0.3551"
"1,65 : 0.39"
"65,1 : 0.39"
"1,66 : 0.6742"
"66,1 : 0.6742"
"1,67 : 0.117"
"67,1 : 0.117"
"1,68 : 0.5314"
"68,1 : 0.5314"
"1,69 : 0.3008"
"69,1 : 0.3008"
"1,70 : 0.2421"
"70,1 : 0.2421"
"1,71 : 0.6935"
"71,1 : 0.6935"
"1,72 : 0.2746"
"72,1 : 0.2746"
"1,73 : 0.1265"
"73,1 : 0.1265"
"1,74 : 0.6017"
"74,1 : 0.6017"
"1,75 : 0.5728"
"75,1 : 0.5728"
"1,76 : 0.328"
"76,1 : 0.328"
"1,77 : 0.3622"
"77,1 : 0.3622"
"1,78 : 0.1803"
"78,1 : 0.1803"
"1,79 : 0.1726"
"79,1 : 0.1726"
"1,80 : 0.5248"
"80,1 : 0.5248"
"1,81 : 0.3189"
"81,1 : 0.3189"
"1,82 : 0.4614"
"82,1 : 0.4614"
"1,83 : 0.3766"
"83,1 : 0.3766"
"1,84 : 0.7159"
"84,1 : 0.7159"
"1,85 : 0.2865"
"85,1 : 0.2865"
"1,86 : 0.1972"
"86,1 : 0.1972"
"1,87 : 0.45"
"87,1 : 0.45"
"1,88 : 0.7708"
"88,1 : 0.7708"
"1,89 : 0.0985"
"89,1 : 0.0985"
"1,90 : 0.3996"
"90,1 : 0.3996"
"1,91 : 0.24"
"91,1 : 0.24"
"1,92 : 0.1118"
"92,1 : 0.1118"
"1,93 : 0.4327"
"93,1 : 0.4327"
"1,94 : 0.5467"
"94,1 : 0.5467"
"1,95 : 0.2642"
"95,1 : 0.2642"
"1,96 : 0.3106"
"96,1 : 0.3106"
"1,97 : 0.3607"
"97,1 : 0.3607"
"1,98 : 0.7622"
"98,1 : 0.7622"
"1,99 : 0.5463"
"99,1 : 0.5463"
"2,3 : 1.0837"
"3,2 : 1.0837"
"2,4 : 0.35"
"4,2 : 0.35"
"2,5 : 0.4561"
"5,2 : 0.4561"
"2,6 : 0.755"
"6,2 : 0.755"
"2,7 : 0.522"
"7,2 : 0.522"
"2,8 : 0.536"
"8,2 : 0.536"
"2,9 : 0.8345"
"9,2 : 0.8345"
"2,10 : 1.1543"
"10,2 : 1.1543"
"2,11 : 0.3444"
"11,2 : 0.3444"
"2,12 : 0.05"
"12,2 : 0.05"
"2,13 : 0.333"
"13,2 : 0.333"
"2,14 : 0.2941"
"14,2 : 0.2941"
"2,15 : 0.2816"
"15,2 : 0.2816"
"2,16 : 0.3551"
"16,2 : 0.3551"
"2,17 : 0.3239"
"17,2 : 0.3239"
"2,18 : 0.6812"
"18,2 : 0.6812"
"2,19 : 0.1803"
"19,2 : 0.1803"
"2,20 : 0.6391"
"20,2 : 0.6391"
"2,21 : 0.7306"
"21,2 : 0.7306"
"2,22 : 0.2524"
"22,2 : 0.2524"
"2,23 : 0.6803"
"23,2 : 0.6803"
"2,24 : 0.8215"
"24,2 : 0.8215"
"2,25 : 0.4294"
"25,2 : 0.4294"
"2,26 : 0.0806"
"26,2 : 0.0806"
"2,27 : 0.8591"
"27,2 : 0.8591"
"2,28 : 0.1562"
"28,2 : 0.1562"
"2,29 : 0.4885"
"29,2 : 0.4885"
"2,30 : 0.7527"
"30,2 : 0.7527"
"2,31 : 0.15"
"31,2 : 0.15"
"2,32 : 0.7247"
"32,2 : 0.7247"
"2,33 : 0.8724"
"33,2 : 0.8724"
"2,34 : 0.2625"
"34,2 : 0.2625"
"2,35 : 0.666"
"35,2 : 0.666"
"2,36 : 0.7112"
"36,2 : 0.7112"
"2,37 : 1.024"
"37,2 : 1.024"
"2,38 : 0.4653"
"38,2 : 0.4653"
"2,39 : 0.6525"
"39,2 : 0.6525"
"2,40 : 0.8141"
"40,2 : 0.8141"
"2,41 : 0.7497"
"41,2 : 0.7497"
"2,42 : 0.7382"
"42,2 : 0.7382"
"2,43 : 0.2341"
"43,2 : 0.2341"
"2,44 : 0.4965"
"44,2 : 0.4965"
"2,45 : 0.5061"
"45,2 : 0.5061"
"2,46 : 0.8008"
"46,2 : 0.8008"
"2,47 : 0.8205"
"47,2 : 0.8205"
"2,48 : 0.204"
"48,2 : 0.204"
"2,49 : 0.1924"
"49,2 : 0.1924"
"2,50 : 0.628"
"50,2 : 0.628"
"2,51 : 0.6488"
"51,2 : 0.6488"
"2,52 : 0.4924"
"52,2 : 0.4924"
"2,53 : 0.1612"
"53,2 : 0.1612"
"2,54 : 0.6727"
"54,2 : 0.6727"
"2,55 : 0.9038"
"55,2 : 0.9038"
"2,56 : 0.8276"
"56,2 : 0.8276"
"2,57 : 0.55"
"57,2 : 0.55"
"2,58 : 0.9285"
"58,2 : 0.9285"
"2,59 : 0.1803"
"59,2 : 0.1803"
"2,60 : 0.8964"
"60,2 : 0.8964"
"2,61 : 0.714"
"61,2 : 0.714"
"2,62 : 0.178"
"62,2 : 0.178"
"2,63 : 0.7117"
"63,2 : 0.7117"
"2,64 : 0.3245"
"64,2 : 0.3245"
"2,65 : 0.7877"
"65,2 : 0.7877"
"2,66 : 0.7203"
"66,2 : 0.7203"
"2,67 : 0.5597"
"67,2 : 0.5597"
"2,68 : 0.153"
"68,2 : 0.153"
"2,69 : 0.7661"
"69,2 : 0.7661"
"2,70 : 0.8653"
"70,2 : 0.8653"
"2,71 : 0.1897"
"71,2 : 0.1897"
"2,72 : 0.8476"
"72,2 : 0.8476"
"2,73 : 0.6075"
"73,2 : 0.6075"
"2,74 : 0.7845"
"74,2 : 0.7845"
"2,75 : 0.1389"
"75,2 : 0.1389"
"2,76 : 0.9386"
"76,2 : 0.9386"
"2,77 : 0.3362"
"77,2 : 0.3362"
"2,78 : 0.45"
"78,2 : 0.45"
"2,79 : 0.7871"
"79,2 : 0.7871"
"2,80 : 0.1"
"80,2 : 0.1"
"2,81 : 0.3138"
"81,2 : 0.3138"
"2,82 : 0.3081"
"82,2 : 0.3081"
"2,83 : 0.8376"
"83,2 : 0.8376"
"2,84 : 0.6413"
"84,2 : 0.6413"
"2,85 : 0.6989"
"85,2 : 0.6989"
"2,86 : 0.4272"
"86,2 : 0.4272"
"2,87 : 1.0565"
"87,2 : 1.0565"
"2,88 : 0.211"
"88,2 : 0.211"
"2,89 : 0.6845"
"89,2 : 0.6845"
"2,90 : 0.5725"
"90,2 : 0.5725"
"2,91 : 0.7783"
"91,2 : 0.7783"
"2,92 : 0.5323"
"92,2 : 0.5323"
"2,93 : 0.1924"
"93,2 : 0.1924"
"2,94 : 0.7713"
"94,2 : 0.7713"
"2,95 : 0.8884"
"95,2 : 0.8884"
"2,96 : 0.3667"
"96,2 : 0.3667"
"2,97 : 0.2816"
"97,2 : 0.2816"
"2,98 : 0.1565"
"98,2 : 0.1565"
"2,99 : 0.3536"
"99,2 : 0.3536"
"3,4 : 0.8905"
"4,3 : 0.8905"
"3,5 : 0.9179"
"5,3 : 0.9179"
"3,6 : 0.8728"
"6,3 : 0.8728"
"3,7 : 0.9552"
"7,3 : 0.9552"
"3,8 : 0.7543"
"8,3 : 0.7543"
"3,9 : 0.2594"
"9,3 : 0.2594"
"3,10 : 0.0707"
"10,3 : 0.0707"
"3,11 : 1.0034"
"11,3 : 1.0034"
"3,12 : 1.0807"
"12,3 : 1.0807"
"3,13 : 0.7543"
"13,3 : 0.7543"
"3,14 : 0.968"
"14,3 : 0.968"
"3,15 : 0.8374"
"15,3 : 0.8374"
"3,16 : 0.8363"
"16,3 : 0.8363"
"3,17 : 0.8588"
"17,3 : 0.8588"
"3,18 : 0.771"
"18,3 : 0.771"
"3,19 : 1.0293"
"19,3 : 1.0293"
"3,20 : 0.5423"
"20,3 : 0.5423"
"3,21 : 0.3936"
"21,3 : 0.3936"
"3,22 : 0.8345"
"22,3 : 0.8345"
"3,23 : 0.4793"
"23,3 : 0.4793"
"3,24 : 0.7701"
"24,3 : 0.7701"
"3,25 : 0.6984"
"25,3 : 0.6984"
"3,26 : 1.0077"
"26,3 : 1.0077"
"3,27 : 0.2668"
"27,3 : 0.2668"
"3,28 : 1.09"
"28,3 : 1.09"
"3,29 : 0.6762"
"29,3 : 0.6762"
"3,30 : 0.5601"
"30,3 : 0.5601"
"3,31 : 0.9905"
"31,3 : 0.9905"
"3,32 : 0.4768"
"32,3 : 0.4768"
"3,33 : 0.3126"
"33,3 : 0.3126"
"3,34 : 1.079"
"34,3 : 1.079"
"3,35 : 0.4177"
"35,3 : 0.4177"
"3,36 : 0.4884"
"36,3 : 0.4884"
"3,37 : 0.1897"
"37,3 : 0.1897"
"3,38 : 0.9176"
"38,3 : 0.9176"
"3,39 : 0.5787"
"39,3 : 0.5787"
"3,40 : 0.3517"
"40,3 : 0.3517"
"3,41 : 0.6041"
"41,3 : 0.6041"
"3,42 : 0.5025"
"42,3 : 0.5025"
"3,43 : 1.0208"
"43,3 : 1.0208"
"3,44 : 0.614"
"44,3 : 0.614"
"3,45 : 0.5982"
"45,3 : 0.5982"
"3,46 : 0.5016"
"46,3 : 0.5016"
"3,47 : 0.7501"
"47,3 : 0.7501"
"3,48 : 1.1997"
"48,3 : 1.1997"
"3,49 : 1.2384"
"49,3 : 1.2384"
"3,50 : 0.6485"
"50,3 : 0.6485"
"3,51 : 0.5554"
"51,3 : 0.5554"
"3,52 : 0.74"
"52,3 : 0.74"
"3,53 : 1.2097"
"53,3 : 1.2097"
"3,54 : 0.4219"
"54,3 : 0.4219"
"3,55 : 0.3401"
"55,3 : 0.3401"
"3,56 : 0.2683"
"56,3 : 0.2683"
"3,57 : 0.7655"
"57,3 : 0.7655"
"3,58 : 0.1556"
"58,3 : 0.1556"
"3,59 : 0.9193"
"59,3 : 0.9193"
"3,60 : 0.1942"
"60,3 : 0.1942"
"3,61 : 0.4085"
"61,3 : 0.4085"
"3,62 : 1.1089"
"62,3 : 1.1089"
"3,63 : 0.5722"
"63,3 : 0.5722"
"3,64 : 0.7742"
"64,3 : 0.7742"
"3,65 : 0.431"
"65,3 : 0.431"
"3,66 : 0.83"
"66,3 : 0.83"
"3,67 : 0.524"
"67,3 : 0.524"
"3,68 : 0.9661"
"68,3 : 0.9661"
"3,69 : 0.3736"
"69,3 : 0.3736"
"3,70 : 0.2563"
"70,3 : 0.2563"
"3,71 : 1.1715"
"71,3 : 1.1715"
"3,72 : 0.4401"
"72,3 : 0.4401"
"3,73 : 0.5636"
"73,3 : 0.5636"
"3,74 : 0.9519"
"74,3 : 0.9519"
"3,75 : 1.0489"
"75,3 : 1.0489"
"3,76 : 0.1526"
"76,3 : 0.1526"
"3,77 : 0.771"
"77,3 : 0.771"
"3,78 : 0.6364"
"78,3 : 0.6364"
"3,79 : 0.3764"
"79,3 : 0.3764"
"3,80 : 0.9841"
"80,3 : 0.9841"
"3,81 : 0.794"
"81,3 : 0.794"
"3,82 : 0.9403"
"82,3 : 0.9403"
"3,83 : 0.3506"
"83,3 : 0.3506"
"3,84 : 0.9343"
"84,3 : 0.9343"
"3,85 : 0.4427"
"85,3 : 0.4427"
"3,86 : 0.6653"
"86,3 : 0.6653"
"3,87 : 0.0316"
"87,3 : 0.0316"
"3,88 : 1.2465"
"88,3 : 1.2465"
"3,89 : 0.4701"
"89,3 : 0.4701"
"3,90 : 0.6456"
"90,3 : 0.6456"
"3,91 : 0.3176"
"91,3 : 0.3176"
"3,92 : 0.5908"
"92,3 : 0.5908"
"3,93 : 0.8981"
"93,3 : 0.8981"
"3,94 : 0.6307"
"94,3 : 0.6307"
"3,95 : 0.2648"
"95,3 : 0.2648"
"3,96 : 0.7906"
"96,3 : 0.7906"
"3,97 : 0.8374"
"97,3 : 0.8374"
"3,98 : 1.2304"
"98,3 : 1.2304"
"3,99 : 1.0208"
"99,3 : 1.0208"
"4,5 : 0.6438"
"5,4 : 0.6438"
"4,6 : 0.8931"
"6,4 : 0.8931"
"4,7 : 0.7218"
"7,4 : 0.7218"
"4,8 : 0.197"
"8,4 : 0.197"
"4,9 : 0.6316"
"9,4 : 0.6316"
"4,10 : 0.9571"
"10,4 : 0.9571"
"4,11 : 0.5883"
"11,4 : 0.5883"
"4,12 : 0.3114"
"12,4 : 0.3114"
"4,13 : 0.2417"
"13,4 : 0.2417"
"4,14 : 0.5215"
"14,4 : 0.5215"
"4,15 : 0.3818"
"15,4 : 0.3818"
"4,16 : 0.06"
"16,4 : 0.06"
"4,17 : 0.0583"
"17,4 : 0.0583"
"4,18 : 0.7839"
"18,4 : 0.7839"
"4,19 : 0.1897"
"19,4 : 0.1897"
"4,20 : 0.6139"
"20,4 : 0.6139"
"4,21 : 0.6303"
"21,4 : 0.6303"
"4,22 : 0.297"
"22,4 : 0.297"
"4,23 : 0.6239"
"23,4 : 0.6239"
"4,24 : 0.9124"
"24,4 : 0.9124"
"4,25 : 0.2022"
"25,4 : 0.2022"
"4,26 : 0.2828"
"26,4 : 0.2828"
"4,27 : 0.6313"
"27,4 : 0.6313"
"4,28 : 0.2508"
"28,4 : 0.2508"
"4,29 : 0.2147"
"29,4 : 0.2147"
"4,30 : 0.4383"
"30,4 : 0.4383"
"4,31 : 0.2"
"31,4 : 0.2"
"4,32 : 0.4469"
"32,4 : 0.4469"
"4,33 : 0.7723"
"33,4 : 0.7723"
"4,34 : 0.5571"
"34,4 : 0.5571"
"4,35 : 0.508"
"35,4 : 0.508"
"4,36 : 0.4328"
"36,4 : 0.4328"
"4,37 : 0.8905"
"37,4 : 0.8905"
"4,38 : 0.1304"
"38,4 : 0.1304"
"4,39 : 0.6552"
"39,4 : 0.6552"
"4,40 : 0.7206"
"40,4 : 0.7206"
"4,41 : 0.7749"
"41,4 : 0.7749"
"4,42 : 0.4455"
"42,4 : 0.4455"
"4,43 : 0.1526"
"43,4 : 0.1526"
"4,44 : 0.2864"
"44,4 : 0.2864"
"4,45 : 0.4512"
"45,4 : 0.4512"
"4,46 : 0.7809"
"46,4 : 0.7809"
"4,47 : 0.9038"
"47,4 : 0.9038"
"4,48 : 0.5515"
"48,4 : 0.5515"
"4,49 : 0.5408"
"49,4 : 0.5408"
"4,50 : 0.6685"
"50,4 : 0.6685"
"4,51 : 0.3612"
"51,4 : 0.3612"
"4,52 : 0.1703"
"52,4 : 0.1703"
"4,53 : 0.5104"
"53,4 : 0.5104"
"4,54 : 0.4743"
"54,4 : 0.4743"
"4,55 : 0.8205"
"55,4 : 0.8205"
"4,56 : 0.6224"
"56,4 : 0.6224"
"4,57 : 0.6519"
"57,4 : 0.6519"
"4,58 : 0.7467"
"58,4 : 0.7467"
"4,59 : 0.3362"
"59,4 : 0.3362"
"4,60 : 0.7308"
"60,4 : 0.7308"
"4,61 : 0.483"
"61,4 : 0.483"
"4,62 : 0.5022"
"62,4 : 0.5022"
"4,63 : 0.4"
"63,4 : 0.4"
"4,64 : 0.197"
"64,4 : 0.197"
"4,65 : 0.5099"
"65,4 : 0.5099"
"4,66 : 0.3705"
"66,4 : 0.3705"
"4,67 : 0.4205"
"67,4 : 0.4205"
"4,68 : 0.2022"
"68,4 : 0.2022"
"4,69 : 0.5248"
"69,4 : 0.5248"
"4,70 : 0.7316"
"70,4 : 0.7316"
"4,71 : 0.5334"
"71,4 : 0.5334"
"4,72 : 0.8031"
"72,4 : 0.8031"
"4,73 : 0.5869"
"73,4 : 0.5869"
"4,74 : 0.9481"
"74,4 : 0.9481"
"4,75 : 0.4368"
"75,4 : 0.4368"
"4,76 : 0.7684"
"76,4 : 0.7684"
"4,77 : 0.1803"
"77,4 : 0.1803"
"4,78 : 0.3688"
"78,4 : 0.3688"
"4,79 : 0.7001"
"79,4 : 0.7001"
"4,80 : 0.3008"
"80,4 : 0.3008"
"4,81 : 0.3701"
"81,4 : 0.3701"
"4,82 : 0.5161"
"82,4 : 0.5161"
"4,83 : 0.578"
"83,4 : 0.578"
"4,84 : 0.3046"
"84,4 : 0.3046"
"4,85 : 0.4528"
"85,4 : 0.4528"
"4,86 : 0.3795"
"86,4 : 0.3795"
"4,87 : 0.8693"
"87,4 : 0.8693"
"4,88 : 0.5604"
"88,4 : 0.5604"
"4,89 : 0.6229"
"89,4 : 0.6229"
"4,90 : 0.2687"
"90,4 : 0.2687"
"4,91 : 0.5738"
"91,4 : 0.5738"
"4,92 : 0.4948"
"92,4 : 0.4948"
"4,93 : 0.3106"
"93,4 : 0.3106"
"4,94 : 0.4386"
"94,4 : 0.4386"
"4,95 : 0.7679"
"95,4 : 0.7679"
"4,96 : 0.4561"
"96,4 : 0.4561"
"4,97 : 0.3818"
"97,4 : 0.3818"
"4,98 : 0.495"
"98,4 : 0.495"
"4,99 : 0.6054"
"99,4 : 0.6054"
"5,6 : 0.3015"
"6,5 : 0.3015"
"5,7 : 0.0781"
"7,5 : 0.0781"
"5,8 : 0.743"
"8,5 : 0.743"
"5,9 : 0.7335"
"9,5 : 0.7335"
"5,10 : 0.9841"
"10,5 : 0.9841"
"5,11 : 0.1334"
"11,5 : 0.1334"
"5,12 : 0.4965"
"12,5 : 0.4965"
"5,13 : 0.4305"
"13,5 : 0.4305"
"5,14 : 0.1628"
"14,5 : 0.1628"
"5,15 : 0.2625"
"15,5 : 0.2625"
"5,16 : 0.6044"
"16,5 : 0.6044"
"5,17 : 0.588"
"17,5 : 0.588"
"5,18 : 0.253"
"18,5 : 0.253"
"5,19 : 0.578"
"19,5 : 0.578"
"5,20 : 0.3758"
"20,5 : 0.3758"
"5,21 : 0.5255"
"21,5 : 0.5255"
"5,22 : 0.3471"
"22,5 : 0.3471"
"5,23 : 0.4386"
"23,5 : 0.4386"
"5,24 : 0.3864"
"24,5 : 0.3864"
"5,25 : 0.5546"
"25,5 : 0.5546"
"5,26 : 0.4428"
"26,5 : 0.4428"
"5,27 : 0.7877"
"27,5 : 0.7877"
"5,28 : 0.5909"
"28,5 : 0.5909"
"5,29 : 0.6224"
"29,5 : 0.6224"
"5,30 : 0.8515"
"30,5 : 0.8515"
"5,31 : 0.5162"
"31,5 : 0.5162"
"5,32 : 0.7666"
"32,5 : 0.7666"
"5,33 : 0.6243"
"33,5 : 0.6243"
"5,34 : 0.2452"
"34,5 : 0.2452"
"5,35 : 0.5632"
"35,5 : 0.5632"
"5,36 : 0.758"
"36,5 : 0.758"
"5,37 : 0.7877"
"37,5 : 0.7877"
"5,38 : 0.7723"
"38,5 : 0.7723"
"5,39 : 0.3467"
"39,5 : 0.3467"
"5,40 : 0.5731"
"40,5 : 0.5731"
"5,41 : 0.3842"
"41,5 : 0.3842"
"5,42 : 0.8006"
"42,5 : 0.8006"
"5,43 : 0.6213"
"43,5 : 0.6213"
"5,44 : 0.5536"
"44,5 : 0.5536"
"5,45 : 0.37"
"45,5 : 0.37"
"5,46 : 0.4738"
"46,5 : 0.4738"
"5,47 : 0.3905"
"47,5 : 0.3905"
"5,48 : 0.4079"
"48,5 : 0.4079"
"5,49 : 0.4752"
"49,5 : 0.4752"
"5,50 : 0.2843"
"50,5 : 0.2843"
"5,51 : 0.7301"
"51,5 : 0.7301"
"5,52 : 0.6848"
"52,5 : 0.6848"
"5,53 : 0.4617"
"53,5 : 0.4617"
"5,54 : 0.6201"
"54,5 : 0.6201"
"5,55 : 0.628"
"55,5 : 0.628"
"5,56 : 0.7316"
"56,5 : 0.7316"
"5,57 : 0.1628"
"57,5 : 0.1628"
"5,58 : 0.7749"
"58,5 : 0.7749"
"5,59 : 0.3245"
"59,5 : 0.3245"
"5,60 : 0.728"
"60,5 : 0.728"
"5,61 : 0.6901"
"61,5 : 0.6901"
"5,62 : 0.3306"
"62,5 : 0.3306"
"5,63 : 0.8149"
"63,5 : 0.8149"
"5,64 : 0.4687"
"64,5 : 0.4687"
"5,65 : 0.8122"
"65,5 : 0.8122"
"5,66 : 0.9577"
"66,5 : 0.9577"
"5,67 : 0.4904"
"67,5 : 0.4904"
"5,68 : 0.4909"
"68,5 : 0.4909"
"5,69 : 0.7401"
"69,5 : 0.7401"
"5,70 : 0.6621"
"70,5 : 0.6621"
"5,71 : 0.3847"
"71,5 : 0.3847"
"5,72 : 0.5381"
"72,5 : 0.5381"
"5,73 : 0.3547"
"73,5 : 0.3547"
"5,74 : 0.3289"
"74,5 : 0.3289"
"5,75 : 0.3239"
"75,5 : 0.3239"
"5,76 : 0.7669"
"76,5 : 0.7669"
"5,77 : 0.4909"
"77,5 : 0.4909"
"5,78 : 0.3981"
"78,5 : 0.3981"
"5,79 : 0.5459"
"79,5 : 0.5459"
"5,80 : 0.4025"
"80,5 : 0.4025"
"5,81 : 0.283"
"81,5 : 0.283"
"5,82 : 0.1487"
"82,5 : 0.1487"
"5,83 : 0.8202"
"83,5 : 0.8202"
"5,84 : 0.936"
"84,5 : 0.936"
"5,85 : 0.7018"
"85,5 : 0.7018"
"5,86 : 0.359"
"86,5 : 0.359"
"5,87 : 0.8864"
"87,5 : 0.8864"
"5,88 : 0.4687"
"88,5 : 0.4687"
"5,89 : 0.4478"
"89,5 : 0.4478"
"5,90 : 0.7058"
"90,5 : 0.7058"
"5,91 : 0.6958"
"91,5 : 0.6958"
"5,92 : 0.3523"
"92,5 : 0.3523"
"5,93 : 0.3421"
"93,5 : 0.3421"
"5,94 : 0.908"
"94,5 : 0.908"
"5,95 : 0.6624"
"95,5 : 0.6624"
"5,96 : 0.2062"
"96,5 : 0.2062"
"5,97 : 0.2625"
"97,5 : 0.2625"
"5,98 : 0.5104"
"98,5 : 0.5104"
"5,99 : 0.1393"
"99,5 : 0.1393"
"6,7 : 0.2518"
"7,6 : 0.2518"
"6,8 : 0.9476"
"8,6 : 0.9476"
"6,9 : 0.7669"
"9,6 : 0.7669"
"6,10 : 0.9278"
"10,6 : 0.9278"
"6,11 : 0.43"
"11,6 : 0.43"
"6,12 : 0.7931"
"12,6 : 0.7931"
"6,13 : 0.656"
"13,6 : 0.656"
"6,14 : 0.4639"
"14,6 : 0.4639"
"6,15 : 0.5233"
"15,6 : 0.5233"
"6,16 : 0.844"
"16,6 : 0.844"
"6,17 : 0.8349"
"17,6 : 0.8349"
"6,18 : 0.1253"
"18,6 : 0.1253"
"6,19 : 0.8616"
"19,6 : 0.8616"
"6,20 : 0.3956"
"20,6 : 0.3956"
"6,21 : 0.5315"
"21,6 : 0.5315"
"6,22 : 0.6042"
"22,6 : 0.6042"
"6,23 : 0.4464"
"23,6 : 0.4464"
"6,24 : 0.1281"
"24,6 : 0.1281"
"6,25 : 0.7566"
"25,6 : 0.7566"
"6,26 : 0.7338"
"26,6 : 0.7338"
"6,27 : 0.832"
"27,6 : 0.832"
"6,28 : 0.8823"
"28,6 : 0.8823"
"6,29 : 0.8139"
"29,6 : 0.8139"
"6,30 : 0.9898"
"30,6 : 0.9898"
"6,31 : 0.7985"
"31,6 : 0.7985"
"6,32 : 0.8855"
"32,6 : 0.8855"
"6,33 : 0.5608"
"33,6 : 0.5608"
"6,34 : 0.5404"
"34,6 : 0.5404"
"6,35 : 0.6369"
"35,6 : 0.6369"
"6,36 : 0.8812"
"36,6 : 0.8812"
"6,37 : 0.7021"
"37,6 : 0.7021"
"6,38 : 1.014"
"38,6 : 1.014"
"6,39 : 0.3384"
"39,6 : 0.3384"
"6,40 : 0.5304"
"40,6 : 0.5304"
"6,41 : 0.27"
"41,6 : 0.27"
"6,42 : 0.9259"
"42,6 : 0.9259"
"6,43 : 0.8996"
"43,6 : 0.8996"
"6,44 : 0.7247"
"44,6 : 0.7247"
"6,45 : 0.5"
"45,6 : 0.5"
"6,46 : 0.3712"
"46,6 : 0.3712"
"6,47 : 0.1442"
"47,6 : 0.1442"
"6,48 : 0.7018"
"48,6 : 0.7018"
"6,49 : 0.771"
"49,6 : 0.771"
"6,50 : 0.2773"
"50,6 : 0.2773"
"6,51 : 0.8766"
"51,6 : 0.8766"
"6,52 : 0.891"
"52,6 : 0.891"
"6,53 : 0.7601"
"53,6 : 0.7601"
"6,54 : 0.7118"
"54,6 : 0.7118"
"6,55 : 0.536"
"55,6 : 0.536"
"6,56 : 0.769"
"56,6 : 0.769"
"6,57 : 0.2421"
"57,6 : 0.2421"
"6,58 : 0.7611"
"58,6 : 0.7611"
"6,59 : 0.6075"
"59,6 : 0.6075"
"6,60 : 0.7111"
"60,6 : 0.7111"
"6,61 : 0.7839"
"61,6 : 0.7839"
"6,62 : 0.6301"
"62,6 : 0.6301"
"6,63 : 0.9604"
"63,6 : 0.9604"
"6,64 : 0.7"
"64,6 : 0.7"
"6,65 : 0.9139"
"65,6 : 0.9139"
"6,66 : 1.1552"
"66,6 : 1.1552"
"6,67 : 0.6106"
"67,6 : 0.6106"
"6,68 : 0.7708"
"68,6 : 0.7708"
"6,69 : 0.8228"
"69,6 : 0.8228"
"6,70 : 0.6303"
"70,6 : 0.6303"
"6,71 : 0.6807"
"71,6 : 0.6807"
"6,72 : 0.4342"
"72,6 : 0.4342"
"6,73 : 0.3981"
"73,6 : 0.3981"
"6,74 : 0.0806"
"74,6 : 0.0806"
"6,75 : 0.6251"
"75,6 : 0.6251"
"6,76 : 0.7401"
"76,6 : 0.7401"
"6,77 : 0.7201"
"77,6 : 0.7201"
"6,78 : 0.5664"
"78,6 : 0.5664"
"6,79 : 0.5116"
"79,6 : 0.5116"
"6,80 : 0.6926"
"80,6 : 0.6926"
"6,81 : 0.5248"
"81,6 : 0.5248"
"6,82 : 0.4472"
"82,6 : 0.4472"
"6,83 : 0.8949"
"83,6 : 0.8949"
"6,84 : 1.161"
"84,6 : 1.161"
"6,85 : 0.8096"
"85,6 : 0.8096"
"6,86 : 0.5374"
"86,6 : 0.5374"
"6,87 : 0.8421"
"87,6 : 0.8421"
"6,88 : 0.7624"
"88,6 : 0.7624"
"6,89 : 0.4561"
"89,6 : 0.4561"
"6,90 : 0.8824"
"90,6 : 0.8824"
"6,91 : 0.75"
"91,6 : 0.75"
"6,92 : 0.4604"
"92,6 : 0.4604"
"6,93 : 0.6185"
"93,6 : 0.6185"
"6,94 : 1.06"
"94,6 : 1.06"
"6,95 : 0.6103"
"95,6 : 0.6103"
"6,96 : 0.4391"
"96,6 : 0.4391"
"6,97 : 0.5233"
"97,6 : 0.5233"
"6,98 : 0.8101"
"98,6 : 0.8101"
"6,99 : 0.4305"
"99,6 : 0.4305"
"7,8 : 0.8199"
"8,7 : 0.8199"
"7,9 : 0.7852"
"9,7 : 0.7852"
"7,10 : 1.0195"
"10,7 : 1.0195"
"7,11 : 0.1825"
"11,7 : 0.1825"
"7,12 : 0.5646"
"12,7 : 0.5646"
"7,13 : 0.5077"
"13,7 : 0.5077"
"7,14 : 0.2285"
"14,7 : 0.2285"
"7,15 : 0.3406"
"15,7 : 0.3406"
"7,16 : 0.6825"
"16,7 : 0.6825"
"7,17 : 0.666"
"17,7 : 0.666"
"7,18 : 0.236"
"18,7 : 0.236"
"7,19 : 0.6519"
"19,7 : 0.6519"
"7,20 : 0.4148"
"20,7 : 0.4148"
"7,21 : 0.5675"
"21,7 : 0.5675"
"7,22 : 0.4252"
"22,7 : 0.4252"
"7,23 : 0.478"
"23,7 : 0.478"
"7,24 : 0.3547"
"24,7 : 0.3547"
"7,25 : 0.6306"
"25,7 : 0.6306"
"7,26 : 0.5148"
"26,7 : 0.5148"
"7,27 : 0.8421"
"27,7 : 0.8421"
"7,28 : 0.6619"
"28,7 : 0.6619"
"7,29 : 0.6978"
"29,7 : 0.6978"
"7,30 : 0.9218"
"30,7 : 0.9218"
"7,31 : 0.5908"
"31,7 : 0.5908"
"7,32 : 0.8336"
"32,7 : 0.8336"
"7,33 : 0.6531"
"33,7 : 0.6531"
"7,34 : 0.2902"
"34,7 : 0.2902"
"7,35 : 0.6201"
"35,7 : 0.6201"
"7,36 : 0.8257"
"36,7 : 0.8257"
"7,37 : 0.8141"
"37,7 : 0.8141"
"7,38 : 0.8504"
"38,7 : 0.8504"
"7,39 : 0.377"
"39,7 : 0.377"
"7,40 : 0.6054"
"40,7 : 0.6054"
"7,41 : 0.3905"
"41,7 : 0.3905"
"7,42 : 0.8688"
"42,7 : 0.8688"
"7,43 : 0.6963"
"43,7 : 0.6963"
"7,44 : 0.6263"
"44,7 : 0.6263"
"7,45 : 0.4329"
"45,7 : 0.4329"
"7,46 : 0.4883"
"46,7 : 0.4883"
"7,47 : 0.3625"
"47,7 : 0.3625"
"7,48 : 0.4504"
"48,7 : 0.4504"
"7,49 : 0.5201"
"49,7 : 0.5201"
"7,50 : 0.3087"
"50,7 : 0.3087"
"7,51 : 0.8008"
"51,7 : 0.8008"
"7,52 : 0.7616"
"52,7 : 0.7616"
"7,53 : 0.5104"
"53,7 : 0.5104"
"7,54 : 0.6812"
"54,7 : 0.6812"
"7,55 : 0.65"
"55,7 : 0.65"
"7,56 : 0.7841"
"56,7 : 0.7841"
"7,57 : 0.1897"
"57,7 : 0.1897"
"7,58 : 0.8174"
"58,7 : 0.8174"
"7,59 : 0.4"
"59,7 : 0.4"
"7,60 : 0.7692"
"60,7 : 0.7692"
"7,61 : 0.7524"
"61,7 : 0.7524"
"7,62 : 0.3821"
"62,7 : 0.3821"
"7,63 : 0.886"
"63,7 : 0.886"
"7,64 : 0.5464"
"64,7 : 0.5464"
"7,65 : 0.8769"
"65,7 : 0.8769"
"7,66 : 1.0345"
"66,7 : 1.0345"
"7,67 : 0.5544"
"67,7 : 0.5544"
"7,68 : 0.5661"
"68,7 : 0.5661"
"7,69 : 0.801"
"69,7 : 0.801"
"7,70 : 0.6989"
"70,7 : 0.6989"
"7,71 : 0.43"
"71,7 : 0.43"
"7,72 : 0.5547"
"72,7 : 0.5547"
"7,73 : 0.3981"
"73,7 : 0.3981"
"7,74 : 0.2648"
"74,7 : 0.2648"
"7,75 : 0.386"
"75,7 : 0.386"
"7,76 : 0.8065"
"76,7 : 0.8065"
"7,77 : 0.5686"
"77,7 : 0.5686"
"7,78 : 0.4684"
"78,7 : 0.4684"
"7,79 : 0.5794"
"79,7 : 0.5794"
"7,80 : 0.4751"
"80,7 : 0.4751"
"7,81 : 0.3606"
"81,7 : 0.3606"
"7,82 : 0.2195"
"82,7 : 0.2195"
"7,83 : 0.8805"
"83,7 : 0.8805"
"7,84 : 1.014"
"84,7 : 1.014"
"7,85 : 0.7666"
"85,7 : 0.7666"
"7,86 : 0.4301"
"86,7 : 0.4301"
"7,87 : 0.9236"
"87,7 : 0.9236"
"7,88 : 0.5109"
"88,7 : 0.5109"
"7,89 : 0.4876"
"89,7 : 0.4876"
"7,90 : 0.78"
"90,7 : 0.78"
"7,91 : 0.7511"
"91,7 : 0.7511"
"7,92 : 0.4101"
"92,7 : 0.4101"
"7,93 : 0.4187"
"93,7 : 0.4187"
"7,94 : 0.9803"
"94,7 : 0.9803"
"7,95 : 0.6946"
"95,7 : 0.6946"
"7,96 : 0.2818"
"96,7 : 0.2818"
"7,97 : 0.3406"
"97,7 : 0.3406"
"7,98 : 0.5614"
"98,7 : 0.5614"
"7,99 : 0.1803"
"99,7 : 0.1803"
"8,9 : 0.5049"
"9,8 : 0.5049"
"8,10 : 0.8161"
"10,8 : 0.8161"
"8,11 : 0.7178"
"11,8 : 0.7178"
"8,12 : 0.5022"
"12,8 : 0.5022"
"8,13 : 0.313"
"13,8 : 0.313"
"8,14 : 0.6515"
"14,8 : 0.6515"
"8,15 : 0.4885"
"15,8 : 0.4885"
"8,16 : 0.1811"
"16,8 : 0.1811"
"8,17 : 0.2121"
"17,8 : 0.2121"
"8,18 : 0.8276"
"18,8 : 0.8276"
"8,19 : 0.3863"
"19,8 : 0.3863"
"8,20 : 0.6054"
"20,8 : 0.6054"
"8,21 : 0.5728"
"21,8 : 0.5728"
"8,22 : 0.4111"
"22,8 : 0.4111"
"8,23 : 0.5951"
"23,8 : 0.5951"
"8,24 : 0.9402"
"24,8 : 0.9402"
"8,25 : 0.1921"
"25,8 : 0.1921"
"8,26 : 0.4617"
"26,8 : 0.4617"
"8,27 : 0.4876"
"27,8 : 0.4876"
"8,28 : 0.4478"
"28,8 : 0.4478"
"8,29 : 0.136"
"29,8 : 0.136"
"8,30 : 0.2476"
"30,8 : 0.2476"
"8,31 : 0.3883"
"31,8 : 0.3883"
"8,32 : 0.2823"
"32,8 : 0.2823"
"8,33 : 0.7004"
"33,8 : 0.7004"
"8,34 : 0.7102"
"34,8 : 0.7102"
"8,35 : 0.4295"
"35,8 : 0.4295"
"8,36 : 0.2693"
"36,8 : 0.2693"
"8,37 : 0.7901"
"37,8 : 0.7901"
"8,38 : 0.1655"
"38,8 : 0.1655"
"8,39 : 0.6573"
"39,8 : 0.6573"
"8,40 : 0.6573"
"40,8 : 0.6573"
"8,41 : 0.777"
"41,8 : 0.777"
"8,42 : 0.2693"
"42,8 : 0.2693"
"8,43 : 0.3489"
"43,8 : 0.3489"
"8,44 : 0.2332"
"44,8 : 0.2332"
"8,45 : 0.4561"
"45,8 : 0.4561"
"8,46 : 0.7564"
"46,8 : 0.7564"
"8,47 : 0.928"
"47,8 : 0.928"
"8,48 : 0.7311"
"48,8 : 0.7311"
"8,49 : 0.7284"
"49,8 : 0.7284"
"8,50 : 0.6903"
"50,8 : 0.6903"
"8,51 : 0.1992"
"51,8 : 0.1992"
"8,52 : 0.0583"
"52,8 : 0.0583"
"8,53 : 0.6972"
"53,8 : 0.6972"
"8,54 : 0.3712"
"54,8 : 0.3712"
"8,55 : 0.755"
"55,8 : 0.755"
"8,56 : 0.495"
"56,8 : 0.495"
"8,57 : 0.7084"
"57,8 : 0.7084"
"8,58 : 0.6251"
"58,8 : 0.6251"
"8,59 : 0.4785"
"59,8 : 0.4785"
"8,60 : 0.6207"
"60,8 : 0.6207"
"8,61 : 0.3523"
"61,8 : 0.3523"
"8,62 : 0.6707"
"62,8 : 0.6707"
"8,63 : 0.2126"
"63,8 : 0.2126"
"8,64 : 0.2786"
"64,8 : 0.2786"
"8,65 : 0.34"
"65,8 : 0.34"
"8,66 : 0.2147"
"66,8 : 0.2147"
"8,67 : 0.3758"
"67,8 : 0.3758"
"8,68 : 0.3833"
"68,8 : 0.3833"
"8,69 : 0.3808"
"69,8 : 0.3808"
"8,70 : 0.642"
"70,8 : 0.642"
"8,71 : 0.7103"
"71,8 : 0.7103"
"8,72 : 0.7622"
"72,8 : 0.7622"
"8,73 : 0.5852"
"73,8 : 0.5852"
"8,74 : 1.0132"
"74,8 : 1.0132"
"8,75 : 0.6013"
"75,8 : 0.6013"
"8,76 : 0.6528"
"76,8 : 0.6528"
"8,77 : 0.2563"
"77,8 : 0.2563"
"8,78 : 0.3821"
"78,8 : 0.3821"
"8,79 : 0.6429"
"79,8 : 0.6429"
"8,80 : 0.47"
"80,8 : 0.47"
"8,81 : 0.4607"
"81,8 : 0.4607"
"8,82 : 0.6391"
"82,8 : 0.6391"
"8,83 : 0.4163"
"83,8 : 0.4163"
"8,84 : 0.2236"
"84,8 : 0.2236"
"8,85 : 0.314"
"85,8 : 0.314"
"8,86 : 0.4104"
"86,8 : 0.4104"
"8,87 : 0.7376"
"87,8 : 0.7376"
"8,88 : 0.7467"
"88,8 : 0.7467"
"8,89 : 0.5909"
"89,8 : 0.5909"
"8,90 : 0.1105"
"90,8 : 0.1105"
"8,91 : 0.4518"
"91,8 : 0.4518"
"8,92 : 0.5"
"92,8 : 0.5"
"8,93 : 0.4491"
"93,8 : 0.4491"
"8,94 : 0.2417"
"94,8 : 0.2417"
"8,95 : 0.6836"
"95,8 : 0.6836"
"8,96 : 0.5385"
"96,8 : 0.5385"
"8,97 : 0.4885"
"97,8 : 0.4885"
"8,98 : 0.6866"
"98,8 : 0.6866"
"8,99 : 0.7368"
"99,8 : 0.7368"
"9,10 : 0.3276"
"10,9 : 0.3276"
"9,11 : 0.7971"
"11,9 : 0.7971"
"9,12 : 0.8281"
"12,9 : 0.8281"
"9,13 : 0.5021"
"13,9 : 0.5021"
"9,14 : 0.7524"
"14,9 : 0.7524"
"9,15 : 0.6054"
"15,9 : 0.6054"
"9,16 : 0.577"
"16,9 : 0.577"
"9,17 : 0.5994"
"17,9 : 0.5994"
"9,18 : 0.6478"
"18,9 : 0.6478"
"9,19 : 0.771"
"19,9 : 0.771"
"9,20 : 0.3805"
"20,9 : 0.3805"
"9,21 : 0.2354"
"21,9 : 0.2354"
"9,22 : 0.5903"
"22,9 : 0.5903"
"9,23 : 0.3225"
"23,9 : 0.3225"
"9,24 : 0.6929"
"24,9 : 0.6929"
"9,25 : 0.4391"
"25,9 : 0.4391"
"9,26 : 0.7566"
"26,9 : 0.7566"
"9,27 : 0.0671"
"27,9 : 0.0671"
"9,28 : 0.8323"
"28,9 : 0.8323"
"9,29 : 0.4179"
"29,9 : 0.4179"
"9,30 : 0.3479"
"30,9 : 0.3479"
"9,31 : 0.7341"
"31,9 : 0.7341"
"9,32 : 0.2433"
"32,9 : 0.2433"
"9,33 : 0.2687"
"33,9 : 0.2687"
"9,34 : 0.8587"
"34,9 : 0.8587"
"9,35 : 0.1789"
"35,9 : 0.1789"
"9,36 : 0.2518"
"36,9 : 0.2518"
"9,37 : 0.2961"
"37,9 : 0.2961"
"9,38 : 0.6649"
"38,9 : 0.6649"
"9,39 : 0.4329"
"39,9 : 0.4329"
"9,40 : 0.2608"
"40,9 : 0.2608"
"9,41 : 0.506"
"41,9 : 0.506"
"9,42 : 0.2789"
"42,9 : 0.2789"
"9,43 : 0.7616"
"43,9 : 0.7616"
"9,44 : 0.3551"
"44,9 : 0.3551"
"9,45 : 0.377"
"45,9 : 0.377"
"9,46 : 0.4249"
"46,9 : 0.4249"
"9,47 : 0.6742"
"47,9 : 0.6742"
"9,48 : 0.9652"
"48,9 : 0.9652"
"9,49 : 0.9981"
"49,9 : 0.9981"
"9,50 : 0.5016"
"50,9 : 0.5016"
"9,51 : 0.3102"
"51,9 : 0.3102"
"9,52 : 0.4851"
"52,9 : 0.4851"
"9,53 : 0.9683"
"53,9 : 0.9683"
"9,54 : 0.164"
"54,9 : 0.164"
"9,55 : 0.3256"
"55,9 : 0.3256"
"9,56 : 0.01"
"56,9 : 0.01"
"9,57 : 0.6007"
"57,9 : 0.6007"
"9,58 : 0.1204"
"58,9 : 0.1204"
"9,59 : 0.678"
"59,9 : 0.678"
"9,60 : 0.1265"
"60,9 : 0.1265"
"9,61 : 0.153"
"61,9 : 0.153"
"9,62 : 0.8766"
"62,9 : 0.8766"
"9,63 : 0.3471"
"63,9 : 0.3471"
"9,64 : 0.5186"
"64,9 : 0.5186"
"9,65 : 0.2193"
"65,9 : 0.2193"
"9,66 : 0.6119"
"66,9 : 0.6119"
"9,67 : 0.2802"
"67,9 : 0.2802"
"9,68 : 0.7106"
"68,9 : 0.7106"
"9,69 : 0.1315"
"69,9 : 0.1315"
"9,70 : 0.1844"
"70,9 : 0.1844"
"9,71 : 0.9374"
"71,9 : 0.9374"
"9,72 : 0.3883"
"72,9 : 0.3883"
"9,73 : 0.3901"
"73,9 : 0.3901"
"9,74 : 0.8472"
"74,9 : 0.8472"
"9,75 : 0.8127"
"75,9 : 0.8127"
"9,76 : 0.1503"
"76,9 : 0.1503"
"9,77 : 0.514"
"77,9 : 0.514"
"9,78 : 0.3966"
"78,9 : 0.3966"
"9,79 : 0.2683"
"79,9 : 0.2683"
"9,80 : 0.7359"
"80,9 : 0.7359"
"9,81 : 0.5608"
"81,9 : 0.5608"
"9,82 : 0.7262"
"82,9 : 0.7262"
"9,83 : 0.1562"
"83,9 : 0.1562"
"9,84 : 0.7006"
"84,9 : 0.7006"
"9,85 : 0.191"
"85,9 : 0.191"
"9,86 : 0.4305"
"86,9 : 0.4305"
"9,87 : 0.2377"
"87,9 : 0.2377"
"9,88 : 1.008"
"88,9 : 1.008"
"9,89 : 0.3126"
"89,9 : 0.3126"
"9,90 : 0.3946"
"90,9 : 0.3946"
"9,91 : 0.0583"
"91,9 : 0.0583"
"9,92 : 0.3833"
"92,9 : 0.3833"
"9,93 : 0.6544"
"93,9 : 0.6544"
"9,94 : 0.4272"
"94,9 : 0.4272"
"9,95 : 0.228"
"95,9 : 0.228"
"9,96 : 0.5738"
"96,9 : 0.5738"
"9,97 : 0.6054"
"97,9 : 0.6054"
"9,98 : 0.9849"
"98,9 : 0.9849"
"9,99 : 0.816"
"99,9 : 0.816"
"10,11 : 1.0719"
"11,10 : 1.0719"
"10,12 : 1.1511"
"12,10 : 1.1511"
"10,13 : 0.8246"
"13,10 : 0.8246"
"10,14 : 1.0373"
"14,10 : 1.0373"
"10,15 : 0.9079"
"15,10 : 0.9079"
"10,16 : 0.9035"
"16,10 : 0.9035"
"10,17 : 0.9266"
"17,10 : 0.9266"
"10,18 : 0.8298"
"18,10 : 0.8298"
"10,19 : 1.0984"
"19,10 : 1.0984"
"10,20 : 0.6084"
"20,10 : 0.6084"
"10,21 : 0.4614"
"21,10 : 0.4614"
"10,22 : 0.9052"
"22,10 : 0.9052"
"10,23 : 0.5456"
"23,10 : 0.5456"
"10,24 : 0.821"
"24,10 : 0.821"
"10,25 : 0.7666"
"25,10 : 0.7666"
"10,26 : 1.0781"
"26,10 : 1.0781"
"10,27 : 0.3289"
"27,10 : 0.3289"
"10,28 : 1.1594"
"28,10 : 1.1594"
"10,29 : 0.7425"
"29,10 : 0.7425"
"10,30 : 0.6129"
"30,10 : 0.6129"
"10,31 : 1.0602"
"31,10 : 1.0602"
"10,32 : 0.536"
"32,10 : 0.536"
"10,33 : 0.3711"
"33,10 : 0.3711"
"10,34 : 1.1486"
"34,10 : 1.1486"
"10,35 : 0.4884"
"35,10 : 0.4884"
"10,36 : 0.5482"
"36,10 : 0.5482"
"10,37 : 0.2302"
"37,10 : 0.2302"
"10,38 : 0.9803"
"38,10 : 0.9803"
"10,39 : 0.6426"
"39,10 : 0.6426"
"10,40 : 0.4144"
"40,10 : 0.4144"
"10,41 : 0.661"
"41,10 : 0.661"
"10,42 : 0.559"
"42,10 : 0.559"
"10,43 : 1.0891"
"43,10 : 1.0891"
"10,44 : 0.6826"
"44,10 : 0.6826"
"10,45 : 0.6684"
"45,10 : 0.6684"
"10,46 : 0.5573"
"46,10 : 0.5573"
"10,47 : 0.801"
"47,10 : 0.801"
"10,48 : 1.2702"
"48,10 : 1.2702"
"10,49 : 1.3091"
"49,10 : 1.3091"
"10,50 : 0.7117"
"50,10 : 0.7117"
"10,51 : 0.6168"
"51,10 : 0.6168"
"10,52 : 0.8041"
"52,10 : 0.8041"
"10,53 : 1.2804"
"53,10 : 1.2804"
"10,54 : 0.4909"
"54,10 : 0.4909"
"10,55 : 0.392"
"55,10 : 0.392"
"10,56 : 0.3362"
"56,10 : 0.3362"
"10,57 : 0.8301"
"57,10 : 0.8301"
"10,58 : 0.2263"
"58,10 : 0.2263"
"10,59 : 0.9901"
"59,10 : 0.9901"
"10,60 : 0.264"
"60,10 : 0.264"
"10,61 : 0.4742"
"61,10 : 0.4742"
"10,62 : 1.1792"
"62,10 : 1.1792"
"10,63 : 0.628"
"63,10 : 0.628"
"10,64 : 0.844"
"64,10 : 0.844"
"10,65 : 0.4866"
"65,10 : 0.4866"
"10,66 : 0.8814"
"66,10 : 0.8814"
"10,67 : 0.5946"
"67,10 : 0.5946"
"10,68 : 1.036"
"68,10 : 1.036"
"10,69 : 0.4366"
"69,10 : 0.4366"
"10,70 : 0.322"
"70,10 : 0.322"
"10,71 : 1.242"
"71,10 : 1.242"
"10,72 : 0.4937"
"72,10 : 0.4937"
"10,73 : 0.6306"
"73,10 : 0.6306"
"10,74 : 1.006"
"74,10 : 1.006"
"10,75 : 1.1195"
"75,10 : 1.1195"
"10,76 : 0.222"
"76,10 : 0.222"
"10,77 : 0.8405"
"77,10 : 0.8405"
"10,78 : 0.7071"
"78,10 : 0.7071"
"10,79 : 0.4401"
"79,10 : 0.4401"
"10,80 : 1.0548"
"80,10 : 1.0548"
"10,81 : 0.8645"
"81,10 : 0.8645"
"10,82 : 1.0096"
"82,10 : 1.0096"
"10,83 : 0.4061"
"83,10 : 0.4061"
"10,84 : 0.9899"
"84,10 : 0.9899"
"10,85 : 0.507"
"85,10 : 0.507"
"10,86 : 0.7359"
"86,10 : 0.7359"
"10,87 : 0.1"
"87,10 : 0.1"
"10,88 : 1.3171"
"88,10 : 1.3171"
"10,89 : 0.5367"
"89,10 : 0.5367"
"10,90 : 0.7084"
"90,10 : 0.7084"
"10,91 : 0.3859"
"91,10 : 0.3859"
"10,92 : 0.6603"
"92,10 : 0.6603"
"10,93 : 0.9688"
"93,10 : 0.9688"
"10,94 : 0.6803"
"94,10 : 0.6803"
"10,95 : 0.3257"
"95,10 : 0.3257"
"10,96 : 0.8602"
"96,10 : 0.8602"
"10,97 : 0.9079"
"97,10 : 0.9079"
"10,98 : 1.3012"
"98,10 : 1.3012"
"10,99 : 1.0891"
"99,10 : 1.0891"
"11,12 : 0.3895"
"12,11 : 0.3895"
"11,13 : 0.41"
"13,11 : 0.41"
"11,14 : 0.0671"
"14,11 : 0.0671"
"11,15 : 0.2335"
"15,11 : 0.2335"
"11,16 : 0.559"
"16,11 : 0.559"
"11,17 : 0.5371"
"17,11 : 0.5371"
"11,18 : 0.386"
"18,11 : 0.386"
"11,19 : 0.4892"
"19,11 : 0.4892"
"11,20 : 0.4701"
"20,11 : 0.4701"
"11,21 : 0.6106"
"21,11 : 0.6106"
"11,22 : 0.3068"
"22,11 : 0.3068"
"11,23 : 0.5301"
"23,11 : 0.5301"
"11,24 : 0.5197"
"24,11 : 0.5197"
"11,25 : 0.5413"
"25,11 : 0.5413"
"11,26 : 0.3483"
"26,11 : 0.3483"
"11,27 : 0.8448"
"27,11 : 0.8448"
"11,28 : 0.4909"
"28,11 : 0.4909"
"11,29 : 0.6119"
"29,11 : 0.6119"
"11,30 : 0.8621"
"30,11 : 0.8621"
"11,31 : 0.4314"
"31,11 : 0.4314"
"11,32 : 0.7906"
"32,11 : 0.7906"
"11,33 : 0.7247"
"33,11 : 0.7247"
"11,34 : 0.1118"
"34,11 : 0.1118"
"11,35 : 0.6198"
"35,11 : 0.6198"
"11,36 : 0.7803"
"36,11 : 0.7803"
"11,37 : 0.8887"
"37,11 : 0.8887"
"11,38 : 0.7187"
"38,11 : 0.7187"
"11,39 : 0.4525"
"39,11 : 0.4525"
"11,40 : 0.6701"
"40,11 : 0.6701"
"11,41 : 0.5077"
"41,11 : 0.5077"
"11,42 : 0.82"
"42,11 : 0.82"
"11,43 : 0.5376"
"43,11 : 0.5376"
"11,44 : 0.5608"
"44,11 : 0.5608"
"11,45 : 0.4206"
"45,11 : 0.4206"
"11,46 : 0.5903"
"46,11 : 0.5903"
"11,47 : 0.5239"
"47,11 : 0.5239"
"11,48 : 0.2746"
"48,11 : 0.2746"
"11,49 : 0.3423"
"49,11 : 0.3423"
"11,50 : 0.3982"
"50,11 : 0.3982"
"11,51 : 0.7411"
"51,11 : 0.7411"
"11,52 : 0.661"
"52,11 : 0.661"
"11,53 : 0.3302"
"53,11 : 0.3302"
"11,54 : 0.6649"
"54,11 : 0.6649"
"11,55 : 0.7355"
"55,11 : 0.7355"
"11,56 : 0.7938"
"56,11 : 0.7938"
"11,57 : 0.283"
"57,11 : 0.283"
"11,58 : 0.8542"
"58,11 : 0.8542"
"11,59 : 0.2524"
"59,11 : 0.2524"
"11,60 : 0.8101"
"60,11 : 0.8101"
"11,61 : 0.7299"
"61,11 : 0.7299"
"11,62 : 0.2002"
"62,11 : 0.2002"
"11,63 : 0.823"
"63,11 : 0.823"
"11,64 : 0.4397"
"64,11 : 0.4397"
"11,65 : 0.8429"
"65,11 : 0.8429"
"11,66 : 0.9305"
"66,11 : 0.9305"
"11,67 : 0.5315"
"67,11 : 0.5315"
"11,68 : 0.4104"
"68,11 : 0.4104"
"11,69 : 0.7826"
"69,11 : 0.7826"
"11,70 : 0.7517"
"70,11 : 0.7517"
"11,71 : 0.2518"
"71,11 : 0.2518"
"11,72 : 0.6519"
"72,11 : 0.6519"
"11,73 : 0.4441"
"73,11 : 0.4441"
"11,74 : 0.4472"
"74,11 : 0.4472"
"11,75 : 0.2062"
"75,11 : 0.2062"
"11,76 : 0.8509"
"76,11 : 0.8509"
"11,77 : 0.4617"
"77,11 : 0.4617"
"11,78 : 0.423"
"78,11 : 0.423"
"11,79 : 0.642"
"79,11 : 0.642"
"11,80 : 0.3114"
"80,11 : 0.3114"
"11,81 : 0.2707"
"81,11 : 0.2707"
"11,82 : 0.0806"
"82,11 : 0.0806"
"11,83 : 0.8631"
"83,11 : 0.8631"
"11,84 : 0.8907"
"84,11 : 0.8907"
"11,85 : 0.7344"
"85,11 : 0.7344"
"11,86 : 0.3833"
"86,11 : 0.3833"
"11,87 : 0.9725"
"87,11 : 0.9725"
"11,88 : 0.3354"
"88,11 : 0.3354"
"11,89 : 0.5382"
"89,11 : 0.5382"
"11,90 : 0.7004"
"90,11 : 0.7004"
"11,91 : 0.7529"
"91,11 : 0.7529"
"11,92 : 0.4163"
"92,11 : 0.4163"
"11,93 : 0.2778"
"93,11 : 0.2778"
"11,94 : 0.9093"
"94,11 : 0.9093"
"11,95 : 0.758"
"95,11 : 0.758"
"11,96 : 0.2256"
"96,11 : 0.2256"
"11,97 : 0.2335"
"97,11 : 0.2335"
"11,98 : 0.3801"
"98,11 : 0.3801"
"11,99 : 0.02"
"99,11 : 0.02"
"12,13 : 0.3265"
"13,12 : 0.3265"
"12,14 : 0.3362"
"14,12 : 0.3362"
"12,15 : 0.3027"
"15,12 : 0.3027"
"12,16 : 0.3228"
"16,12 : 0.3228"
"12,17 : 0.2912"
"17,12 : 0.2912"
"12,18 : 0.7145"
"18,12 : 0.7145"
"12,19 : 0.1334"
"19,12 : 0.1334"
"12,20 : 0.6552"
"20,12 : 0.6552"
"12,21 : 0.7379"
"21,12 : 0.7379"
"12,22 : 0.26"
"22,12 : 0.26"
"12,23 : 0.6929"
"23,12 : 0.6929"
"12,24 : 0.8548"
"24,12 : 0.8548"
"12,25 : 0.4105"
"25,12 : 0.4105"
"12,26 : 0.0762"
"26,12 : 0.0762"
"12,27 : 0.849"
"27,12 : 0.849"
"12,28 : 0.1063"
"28,12 : 0.1063"
"12,29 : 0.4653"
"29,12 : 0.4653"
"12,30 : 0.7262"
"30,12 : 0.7262"
"12,31 : 0.114"
"31,12 : 0.114"
"12,32 : 0.7049"
"32,12 : 0.7049"
"12,33 : 0.8814"
"33,12 : 0.8814"
"12,34 : 0.3114"
"34,12 : 0.3114"
"12,35 : 0.664"
"35,12 : 0.664"
"12,36 : 0.6912"
"36,12 : 0.6912"
"12,37 : 1.0296"
"37,12 : 1.0296"
"12,38 : 0.4219"
"38,12 : 0.4219"
"12,39 : 0.6727"
"39,12 : 0.6727"
"12,40 : 0.8235"
"40,12 : 0.8235"
"12,41 : 0.7741"
"41,12 : 0.7741"
"12,42 : 0.7159"
"42,12 : 0.7159"
"12,43 : 0.1868"
"43,12 : 0.1868"
"12,44 : 0.4827"
"44,12 : 0.4827"
"12,45 : 0.5148"
"45,12 : 0.5148"
"12,46 : 0.82"
"46,12 : 0.82"
"12,47 : 0.8529"
"47,12 : 0.8529"
"12,48 : 0.25"
"48,12 : 0.25"
"12,49 : 0.23"
"49,12 : 0.23"
"12,50 : 0.6528"
"50,12 : 0.6528"
"12,51 : 0.6265"
"51,12 : 0.6265"
"12,52 : 0.4617"
"52,12 : 0.4617"
"12,53 : 0.2002"
"53,12 : 0.2002"
"12,54 : 0.6648"
"54,12 : 0.6648"
"12,55 : 0.9155"
"55,12 : 0.9155"
"12,56 : 0.8207"
"56,12 : 0.8207"
"12,57 : 0.5814"
"57,12 : 0.5814"
"12,58 : 0.9262"
"58,12 : 0.9262"
"12,59 : 0.201"
"59,12 : 0.201"
"12,60 : 0.8963"
"60,12 : 0.8963"
"12,61 : 0.7018"
"61,12 : 0.7018"
"12,62 : 0.228"
"62,12 : 0.228"
"12,63 : 0.6854"
"63,12 : 0.6854"
"12,64 : 0.3114"
"64,12 : 0.3114"
"12,65 : 0.7685"
"65,12 : 0.7685"
"12,66 : 0.6801"
"66,12 : 0.6801"
"12,67 : 0.558"
"67,12 : 0.558"
"12,68 : 0.1253"
"68,12 : 0.1253"
"12,69 : 0.7529"
"69,12 : 0.7529"
"12,70 : 0.8695"
"70,12 : 0.8695"
"12,71 : 0.2377"
"71,12 : 0.2377"
"12,72 : 0.864"
"72,12 : 0.864"
"12,73 : 0.6236"
"73,12 : 0.6236"
"12,74 : 0.8254"
"74,12 : 0.8254"
"12,75 : 0.186"
"75,12 : 0.186"
"12,76 : 0.9381"
"76,12 : 0.9381"
"12,77 : 0.3202"
"77,12 : 0.3202"
"12,78 : 0.4528"
"78,12 : 0.4528"
"12,79 : 0.7971"
"79,12 : 0.7971"
"12,80 : 0.1118"
"80,12 : 0.1118"
"12,81 : 0.3298"
"81,12 : 0.3298"
"12,82 : 0.3479"
"82,12 : 0.3479"
"12,83 : 0.822"
"83,12 : 0.822"
"12,84 : 0.5968"
"84,12 : 0.5968"
"12,85 : 0.6841"
"85,12 : 0.6841"
"12,86 : 0.4338"
"86,12 : 0.4338"
"12,87 : 1.0542"
"87,12 : 1.0542"
"12,88 : 0.2502"
"88,12 : 0.2502"
"12,89 : 0.6964"
"89,12 : 0.6964"
"12,90 : 0.5463"
"90,12 : 0.5463"
"12,91 : 0.771"
"91,12 : 0.771"
"12,92 : 0.5442"
"92,12 : 0.5442"
"12,93 : 0.2062"
"93,12 : 0.2062"
"12,94 : 0.7404"
"94,12 : 0.7404"
"12,95 : 0.8947"
"95,12 : 0.8947"
"12,96 : 0.3912"
"96,12 : 0.3912"
"12,97 : 0.3027"
"97,12 : 0.3027"
"12,98 : 0.1844"
"98,12 : 0.1844"
"12,99 : 0.3996"
"99,12 : 0.3996"
"13,14 : 0.3453"
"14,13 : 0.3453"
"13,15 : 0.1772"
"15,13 : 0.1772"
"13,16 : 0.1887"
"16,13 : 0.1887"
"13,17 : 0.1838"
"17,13 : 0.1838"
"13,18 : 0.5438"
"18,13 : 0.5438"
"13,19 : 0.2912"
"19,13 : 0.2912"
"13,20 : 0.3812"
"20,13 : 0.3812"
"13,21 : 0.4272"
"21,13 : 0.4272"
"13,22 : 0.1105"
"22,13 : 0.1105"
"13,23 : 0.4011"
"23,13 : 0.4011"
