x,y
0.64,0.11
0.37,0.93
0.67,0.52
0.22,0.34
0.72,0.3
0.21,0.29
0.89,0.35
0.55,0.97
0.08,0.76
0.03,0.06
0.46,0.83
0.63,0.14
0.18,0.29
0.13,0.82
0.25,0.07
0.4,0.53
0.74,0.71
0.67,0.94
0.47,0.42
0.79,0.7
0.21,0.16
0.69,0.78
0.38,0.65
0.07,0.37
0.55,0.97
0.87,0.08
0.23,0.45
0.7,0.5
0.9,0.51
0.08,0.24
0.72,0.07
0.85,0.13
0.84,0.52
0.21,0.49
0.25,0.46
0.97,0.19
0.97,0.4
0.72,0.7
0.43,0.5
0.96,0.1
0.87,0.26
0.04,0.75
0.3,0.17
0.1,0.52
0.65,0.35
0.78,0.88
0.86,0.59
0.05,0.08
0.45,0.45
0.17,0.03
0.56,0.12
0.25,0.82
0.9,0.86
0.5,0.43
0.88,0.01
0.43,0.4
0.7,0.7
0.45,0.61
0.39,0.94
0.65,0.51
0.53,0.51
0.32,0.48
0.61,0.83
0.95,0.31
0.96,0.48
0.09,0.56
0.63,0.77
0.16,0.59
0.28,0.96
0.1,0.19
0.54,0.07
0.44,0.71
0.38,0.47
0.12,0.25
0.07,0.64
0.15,0.06
0.65,0.74
0.18,0.91
0.93,0.69
0.89,0.68
0.73,0.44
0.22,0.22
0.35,0.84
0.61,0.12
0.25,0.65
0.1,0.13
0.4,0.56
0.31,0.23
0.47,0.6
0.47,0.05
0.82,0.94
0.98,0.24
0.82,0.96
0.94,0.07
0.15,0.89
0.95,0.77
0.59,0.11
0.05,0.54
0.06,0.62
0.64,0.5

Distanze
"0,1 : 0.8633"
"1,0 : 0.8633"
"0,2 : 0.4111"
"2,0 : 0.4111"
"0,3 : 0.4789"
"3,0 : 0.4789"
"0,4 : 0.2062"
"4,0 : 0.2062"
"0,5 : 0.4662"
"5,0 : 0.4662"
"0,6 : 0.3466"
"6,0 : 0.3466"
"0,7 : 0.8647"
"7,0 : 0.8647"
"0,8 : 0.858"
"8,0 : 0.858"
"0,9 : 0.612"
"9,0 : 0.612"
"0,10 : 0.7422"
"10,0 : 0.7422"
"0,11 : 0.0316"
"11,0 : 0.0316"
"0,12 : 0.494"
"12,0 : 0.494"
"0,13 : 0.8742"
"13,0 : 0.8742"
"0,14 : 0.392"
"14,0 : 0.392"
"0,15 : 0.4837"
"15,0 : 0.4837"
"0,16 : 0.6083"
"16,0 : 0.6083"
"0,17 : 0.8305"
"17,0 : 0.8305"
"0,18 : 0.3536"
"18,0 : 0.3536"
"0,19 : 0.6088"
"19,0 : 0.6088"
"0,20 : 0.4329"
"20,0 : 0.4329"
"0,21 : 0.6719"
"21,0 : 0.6719"
"0,22 : 0.5993"
"22,0 : 0.5993"
"0,23 : 0.6265"
"23,0 : 0.6265"
"0,24 : 0.8647"
"24,0 : 0.8647"
"0,25 : 0.2319"
"25,0 : 0.2319"
"0,26 : 0.5326"
"26,0 : 0.5326"
"0,27 : 0.3946"
"27,0 : 0.3946"
"0,28 : 0.4771"
"28,0 : 0.4771"
"0,29 : 0.5749"
"29,0 : 0.5749"
"0,30 : 0.0894"
"30,0 : 0.0894"
"0,31 : 0.211"
"31,0 : 0.211"
"0,32 : 0.4562"
"32,0 : 0.4562"
"0,33 : 0.5738"
"33,0 : 0.5738"
"0,34 : 0.524"
"34,0 : 0.524"
"0,35 : 0.3396"
"35,0 : 0.3396"
"0,36 : 0.4393"
"36,0 : 0.4393"
"0,37 : 0.5954"
"37,0 : 0.5954"
"0,38 : 0.4429"
"38,0 : 0.4429"
"0,39 : 0.3202"
"39,0 : 0.3202"
"0,40 : 0.2746"
"40,0 : 0.2746"
"0,41 : 0.8773"
"41,0 : 0.8773"
"0,42 : 0.3453"
"42,0 : 0.3453"
"0,43 : 0.678"
"43,0 : 0.678"
"0,44 : 0.2402"
"44,0 : 0.2402"
"0,45 : 0.7826"
"45,0 : 0.7826"
"0,46 : 0.528"
"46,0 : 0.528"
"0,47 : 0.5908"
"47,0 : 0.5908"
"0,48 : 0.3895"
"48,0 : 0.3895"
"0,49 : 0.4768"
"49,0 : 0.4768"
"0,50 : 0.0806"
"50,0 : 0.0806"
"0,51 : 0.8101"
"51,0 : 0.8101"
"0,52 : 0.7938"
"52,0 : 0.7938"
"0,53 : 0.3493"
"53,0 : 0.3493"
"0,54 : 0.26"
"54,0 : 0.26"
"0,55 : 0.3581"
"55,0 : 0.3581"
"0,56 : 0.593"
"56,0 : 0.593"
"0,57 : 0.5349"
"57,0 : 0.5349"
"0,58 : 0.8668"
"58,0 : 0.8668"
"0,59 : 0.4001"
"59,0 : 0.4001"
"0,60 : 0.4148"
"60,0 : 0.4148"
"0,61 : 0.4892"
"61,0 : 0.4892"
"0,62 : 0.7206"
"62,0 : 0.7206"
"0,63 : 0.3689"
"63,0 : 0.3689"
"0,64 : 0.4892"
"64,0 : 0.4892"
"0,65 : 0.7106"
"65,0 : 0.7106"
"0,66 : 0.6601"
"66,0 : 0.6601"
"0,67 : 0.6788"
"67,0 : 0.6788"
"0,68 : 0.9231"
"68,0 : 0.9231"
"0,69 : 0.5459"
"69,0 : 0.5459"
"0,70 : 0.1077"
"70,0 : 0.1077"
"0,71 : 0.6325"
"71,0 : 0.6325"
"0,72 : 0.4441"
"72,0 : 0.4441"
"0,73 : 0.5385"
"73,0 : 0.5385"
"0,74 : 0.7783"
"74,0 : 0.7783"
"0,75 : 0.4925"
"75,0 : 0.4925"
"0,76 : 0.6301"
"76,0 : 0.6301"
"0,77 : 0.9228"
"77,0 : 0.9228"
"0,78 : 0.6485"
"78,0 : 0.6485"
"0,79 : 0.6224"
"79,0 : 0.6224"
"0,80 : 0.3421"
"80,0 : 0.3421"
"0,81 : 0.4342"
"81,0 : 0.4342"
"0,82 : 0.7855"
"82,0 : 0.7855"
"0,83 : 0.0316"
"83,0 : 0.0316"
"0,84 : 0.6661"
"84,0 : 0.6661"
"0,85 : 0.5404"
"85,0 : 0.5404"
"0,86 : 0.51"
"86,0 : 0.51"
"0,87 : 0.3511"
"87,0 : 0.3511"
"0,88 : 0.5187"
"88,0 : 0.5187"
"0,89 : 0.1803"
"89,0 : 0.1803"
"0,90 : 0.8493"
"90,0 : 0.8493"
"0,91 : 0.364"
"91,0 : 0.364"
"0,92 : 0.8688"
"92,0 : 0.8688"
"0,93 : 0.3027"
"93,0 : 0.3027"
"0,94 : 0.9211"
"94,0 : 0.9211"
"0,95 : 0.7292"
"95,0 : 0.7292"
"0,96 : 0.05"
"96,0 : 0.05"
"0,97 : 0.7301"
"97,0 : 0.7301"
"0,98 : 0.7723"
"98,0 : 0.7723"
"0,99 : 0.39"
"99,0 : 0.39"
"1,2 : 0.508"
"2,1 : 0.508"
"1,3 : 0.6088"
"3,1 : 0.6088"
"1,4 : 0.7207"
"4,1 : 0.7207"
"1,5 : 0.6597"
"5,1 : 0.6597"
"1,6 : 0.779"
"6,1 : 0.779"
"1,7 : 0.1844"
"7,1 : 0.1844"
"1,8 : 0.3362"
"8,1 : 0.3362"
"1,9 : 0.9341"
"9,1 : 0.9341"
"1,10 : 0.1345"
"10,1 : 0.1345"
"1,11 : 0.8317"
"11,1 : 0.8317"
"1,12 : 0.6676"
"12,1 : 0.6676"
"1,13 : 0.264"
"13,1 : 0.264"
"1,14 : 0.8683"
"14,1 : 0.8683"
"1,15 : 0.4011"
"15,1 : 0.4011"
"1,16 : 0.4305"
"16,1 : 0.4305"
"1,17 : 0.3002"
"17,1 : 0.3002"
"1,18 : 0.5197"
"18,1 : 0.5197"
"1,19 : 0.4789"
"19,1 : 0.4789"
"1,20 : 0.7864"
"20,1 : 0.7864"
"1,21 : 0.3534"
"21,1 : 0.3534"
"1,22 : 0.2802"
"22,1 : 0.2802"
"1,23 : 0.6353"
"23,1 : 0.6353"
"1,24 : 0.1844"
"24,1 : 0.1844"
"1,25 : 0.9862"
"25,1 : 0.9862"
"1,26 : 0.5"
"26,1 : 0.5"
"1,27 : 0.542"
"27,1 : 0.542"
"1,28 : 0.6762"
"28,1 : 0.6762"
"1,29 : 0.7485"
"29,1 : 0.7485"
"1,30 : 0.9285"
"30,1 : 0.9285"
"1,31 : 0.933"
"31,1 : 0.933"
"1,32 : 0.6237"
"32,1 : 0.6237"
"1,33 : 0.4682"
"33,1 : 0.4682"
"1,34 : 0.4851"
"34,1 : 0.4851"
"1,35 : 0.9527"
"35,1 : 0.9527"
"1,36 : 0.8006"
"36,1 : 0.8006"
"1,37 : 0.4188"
"37,1 : 0.4188"
"1,38 : 0.4342"
"38,1 : 0.4342"
"1,39 : 1.0183"
"39,1 : 1.0183"
"1,40 : 0.836"
"40,1 : 0.836"
"1,41 : 0.3759"
"41,1 : 0.3759"
"1,42 : 0.7632"
"42,1 : 0.7632"
"1,43 : 0.4909"
"43,1 : 0.4909"
"1,44 : 0.644"
"44,1 : 0.644"
"1,45 : 0.413"
"45,1 : 0.413"
"1,46 : 0.5964"
"46,1 : 0.5964"
"1,47 : 0.9082"
"47,1 : 0.9082"
"1,48 : 0.4866"
"48,1 : 0.4866"
"1,49 : 0.922"
"49,1 : 0.922"
"1,50 : 0.832"
"50,1 : 0.832"
"1,51 : 0.1628"
"51,1 : 0.1628"
"1,52 : 0.5346"
"52,1 : 0.5346"
"1,53 : 0.5166"
"53,1 : 0.5166"
"1,54 : 1.0519"
"54,1 : 1.0519"
"1,55 : 0.5334"
"55,1 : 0.5334"
"1,56 : 0.4022"
"56,1 : 0.4022"
"1,57 : 0.3298"
"57,1 : 0.3298"
"1,58 : 0.0224"
"58,1 : 0.0224"
"1,59 : 0.5048"
"59,1 : 0.5048"
"1,60 : 0.4494"
"60,1 : 0.4494"
"1,61 : 0.4528"
"61,1 : 0.4528"
"1,62 : 0.26"
"62,1 : 0.26"
"1,63 : 0.849"
"63,1 : 0.849"
"1,64 : 0.742"
"64,1 : 0.742"
"1,65 : 0.464"
"65,1 : 0.464"
"1,66 : 0.3053"
"66,1 : 0.3053"
"1,67 : 0.3996"
"67,1 : 0.3996"
"1,68 : 0.0949"
"68,1 : 0.0949"
"1,69 : 0.7877"
"69,1 : 0.7877"
"1,70 : 0.8766"
"70,1 : 0.8766"
"1,71 : 0.2309"
"71,1 : 0.2309"
"1,72 : 0.4601"
"72,1 : 0.4601"
"1,73 : 0.7245"
"73,1 : 0.7245"
"1,74 : 0.4173"
"74,1 : 0.4173"
"1,75 : 0.8974"
"75,1 : 0.8974"
"1,76 : 0.3384"
"76,1 : 0.3384"
"1,77 : 0.191"
"77,1 : 0.191"
"1,78 : 0.6093"
"78,1 : 0.6093"
"1,79 : 0.577"
"79,1 : 0.577"
"1,80 : 0.608"
"80,1 : 0.608"
"1,81 : 0.7257"
"81,1 : 0.7257"
"1,82 : 0.0922"
"82,1 : 0.0922"
"1,83 : 0.8448"
"83,1 : 0.8448"
"1,84 : 0.3046"
"84,1 : 0.3046"
"1,85 : 0.8443"
"85,1 : 0.8443"
"1,86 : 0.3712"
"86,1 : 0.3712"
"1,87 : 0.7026"
"87,1 : 0.7026"
"1,88 : 0.3448"
"88,1 : 0.3448"
"1,89 : 0.8857"
"89,1 : 0.8857"
"1,90 : 0.4501"
"90,1 : 0.4501"
"1,91 : 0.921"
"91,1 : 0.921"
"1,92 : 0.451"
"92,1 : 0.451"
"1,93 : 1.0317"
"93,1 : 1.0317"
"1,94 : 0.2236"
"94,1 : 0.2236"
"1,95 : 0.6017"
"95,1 : 0.6017"
"1,96 : 0.849"
"96,1 : 0.849"
"1,97 : 0.5045"
"97,1 : 0.5045"
"1,98 : 0.4384"
"98,1 : 0.4384"
"1,99 : 0.5077"
"99,1 : 0.5077"
"2,3 : 0.4847"
"3,2 : 0.4847"
"2,4 : 0.2256"
"4,2 : 0.2256"
"2,5 : 0.5143"
"5,2 : 0.5143"
"2,6 : 0.278"
"6,2 : 0.278"
"2,7 : 0.4657"
"7,2 : 0.4657"
"2,8 : 0.6369"
"8,2 : 0.6369"
"2,9 : 0.7882"
"9,2 : 0.7882"
"2,10 : 0.3744"
"10,2 : 0.3744"
"2,11 : 0.3821"
"11,2 : 0.3821"
"2,12 : 0.5413"
"12,2 : 0.5413"
"2,13 : 0.6177"
"13,2 : 0.6177"
"2,14 : 0.6155"
"14,2 : 0.6155"
"2,15 : 0.2702"
"15,2 : 0.2702"
"2,16 : 0.2025"
"16,2 : 0.2025"
"2,17 : 0.42"
"17,2 : 0.42"
"2,18 : 0.2236"
"18,2 : 0.2236"
"2,19 : 0.2163"
"19,2 : 0.2163"
"2,20 : 0.5841"
"20,2 : 0.5841"
"2,21 : 0.2608"
"21,2 : 0.2608"
"2,22 : 0.3178"
"22,2 : 0.3178"
"2,23 : 0.6185"
"23,2 : 0.6185"
"2,24 : 0.4657"
"24,2 : 0.4657"
"2,25 : 0.4833"
"25,2 : 0.4833"
"2,26 : 0.4455"
"26,2 : 0.4455"
"2,27 : 0.0361"
"27,2 : 0.0361"
"2,28 : 0.2302"
"28,2 : 0.2302"
"2,29 : 0.6531"
"29,2 : 0.6531"
"2,30 : 0.4528"
"30,2 : 0.4528"
"2,31 : 0.4295"
"31,2 : 0.4295"
"2,32 : 0.17"
"32,2 : 0.17"
"2,33 : 0.461"
"33,2 : 0.461"
"2,34 : 0.4243"
"34,2 : 0.4243"
"2,35 : 0.446"
"35,2 : 0.446"
"2,36 : 0.3231"
"36,2 : 0.3231"
"2,37 : 0.1868"
"37,2 : 0.1868"
"2,38 : 0.2408"
"38,2 : 0.2408"
"2,39 : 0.5104"
"39,2 : 0.5104"
"2,40 : 0.328"
"40,2 : 0.328"
"2,41 : 0.6707"
"41,2 : 0.6707"
"2,42 : 0.5093"
"42,2 : 0.5093"
"2,43 : 0.57"
"43,2 : 0.57"
"2,44 : 0.1712"
"44,2 : 0.1712"
"2,45 : 0.3764"
"45,2 : 0.3764"
"2,46 : 0.2025"
"46,2 : 0.2025"
"2,47 : 0.7603"
"47,2 : 0.7603"
"2,48 : 0.2309"
"48,2 : 0.2309"
"2,49 : 0.7001"
"49,2 : 0.7001"
"2,50 : 0.4148"
"50,2 : 0.4148"
"2,51 : 0.5161"
"51,2 : 0.5161"
"2,52 : 0.4105"
"52,2 : 0.4105"
"2,53 : 0.1924"
"53,2 : 0.1924"
"2,54 : 0.5515"
"54,2 : 0.5515"
"2,55 : 0.2683"
"55,2 : 0.2683"
"2,56 : 0.1825"
"56,2 : 0.1825"
"2,57 : 0.2377"
"57,2 : 0.2377"
"2,58 : 0.5048"
"58,2 : 0.5048"
"2,59 : 0.0224"
"59,2 : 0.0224"
"2,60 : 0.1404"
"60,2 : 0.1404"
"2,61 : 0.3523"
"61,2 : 0.3523"
"2,62 : 0.3158"
"62,2 : 0.3158"
"2,63 : 0.35"
"63,2 : 0.35"
"2,64 : 0.2927"
"64,2 : 0.2927"
"2,65 : 0.5814"
"65,2 : 0.5814"
"2,66 : 0.2532"
"66,2 : 0.2532"
"2,67 : 0.5148"
"67,2 : 0.5148"
"2,68 : 0.588"
"68,2 : 0.588"
"2,69 : 0.6586"
"69,2 : 0.6586"
"2,70 : 0.4684"
"70,2 : 0.4684"
"2,71 : 0.2983"
"71,2 : 0.2983"
"2,72 : 0.2943"
"72,2 : 0.2943"
"2,73 : 0.6127"
"73,2 : 0.6127"
"2,74 : 0.6119"
"74,2 : 0.6119"
"2,75 : 0.6943"
"75,2 : 0.6943"
"2,76 : 0.2209"
"76,2 : 0.2209"
"2,77 : 0.6263"
"77,2 : 0.6263"
"2,78 : 0.3106"
"78,2 : 0.3106"
"2,79 : 0.272"
"79,2 : 0.272"
"2,80 : 0.1"
"80,2 : 0.1"
"2,81 : 0.5408"
"81,2 : 0.5408"
"2,82 : 0.4525"
"82,2 : 0.4525"
"2,83 : 0.4045"
"83,2 : 0.4045"
"2,84 : 0.4397"
"84,2 : 0.4397"
"2,85 : 0.6907"
"85,2 : 0.6907"
"2,86 : 0.2729"
"86,2 : 0.2729"
"2,87 : 0.4623"
"87,2 : 0.4623"
"2,88 : 0.2154"
"88,2 : 0.2154"
"2,89 : 0.5108"
"89,2 : 0.5108"
"2,90 : 0.446"
"90,2 : 0.446"
"2,91 : 0.4177"
"91,2 : 0.4177"
"2,92 : 0.4649"
"92,2 : 0.4649"
"2,93 : 0.5248"
"93,2 : 0.5248"
"2,94 : 0.6382"
"94,2 : 0.6382"
"2,95 : 0.3754"
"95,2 : 0.3754"
"2,96 : 0.4177"
"96,2 : 0.4177"
"2,97 : 0.6203"
"97,2 : 0.6203"
"2,98 : 0.6181"
"98,2 : 0.6181"
"2,99 : 0.0361"
"99,2 : 0.0361"
"3,4 : 0.5016"
"4,3 : 0.5016"
"3,5 : 0.051"
"5,3 : 0.051"
"3,6 : 0.6701"
"6,3 : 0.6701"
"3,7 : 0.7112"
"7,3 : 0.7112"
"3,8 : 0.4427"
"8,3 : 0.4427"
"3,9 : 0.3384"
"9,3 : 0.3384"
"3,10 : 0.5456"
"10,3 : 0.5456"
"3,11 : 0.4562"
"11,3 : 0.4562"
"3,12 : 0.064"
"12,3 : 0.064"
"3,13 : 0.4884"
"13,3 : 0.4884"
"3,14 : 0.2717"
"14,3 : 0.2717"
"3,15 : 0.2617"
"15,3 : 0.2617"
"3,16 : 0.6382"
"16,3 : 0.6382"
"3,17 : 0.75"
"17,3 : 0.75"
"3,18 : 0.2625"
"18,3 : 0.2625"
"3,19 : 0.6742"
"19,3 : 0.6742"
"3,20 : 0.1803"
"20,3 : 0.1803"
"3,21 : 0.6438"
"21,3 : 0.6438"
"3,22 : 0.3489"
"22,3 : 0.3489"
"3,23 : 0.153"
"23,3 : 0.153"
"3,24 : 0.7112"
"24,3 : 0.7112"
"3,25 : 0.7001"
"25,3 : 0.7001"
"3,26 : 0.1105"
"26,3 : 0.1105"
"3,27 : 0.506"
"27,3 : 0.506"
"3,28 : 0.7009"
"28,3 : 0.7009"
"3,29 : 0.172"
"29,3 : 0.172"
"3,30 : 0.5682"
"30,3 : 0.5682"
"3,31 : 0.6641"
"31,3 : 0.6641"
"3,32 : 0.6456"
"32,3 : 0.6456"
"3,33 : 0.1503"
"33,3 : 0.1503"
"3,34 : 0.1237"
"34,3 : 0.1237"
"3,35 : 0.7649"
"35,3 : 0.7649"
"3,36 : 0.7524"
"36,3 : 0.7524"
"3,37 : 0.6161"
"37,3 : 0.6161"
"3,38 : 0.264"
"38,3 : 0.264"
"3,39 : 0.7779"
"39,3 : 0.7779"
"3,40 : 0.6549"
"40,3 : 0.6549"
"3,41 : 0.4478"
"41,3 : 0.4478"
"3,42 : 0.1879"
"42,3 : 0.1879"
"3,43 : 0.2163"
"43,3 : 0.2163"
"3,44 : 0.4301"
"44,3 : 0.4301"
"3,45 : 0.7779"
"45,3 : 0.7779"
"3,46 : 0.6871"
"46,3 : 0.6871"
"3,47 : 0.3106"
"47,3 : 0.3106"
"3,48 : 0.255"
"48,3 : 0.255"
"3,49 : 0.314"
"49,3 : 0.314"
"3,50 : 0.405"
"50,3 : 0.405"
"3,51 : 0.4809"
"51,3 : 0.4809"
"3,52 : 0.856"
"52,3 : 0.856"
"3,53 : 0.2941"
"53,3 : 0.2941"
"3,54 : 0.7379"
"54,3 : 0.7379"
"3,55 : 0.2184"
"55,3 : 0.2184"
"3,56 : 0.6"
"56,3 : 0.6"
"3,57 : 0.3547"
"57,3 : 0.3547"
"3,58 : 0.6236"
"58,3 : 0.6236"
"3,59 : 0.4624"
"59,3 : 0.4624"
"3,60 : 0.3536"
"60,3 : 0.3536"
"3,61 : 0.172"
"61,3 : 0.172"
"3,62 : 0.6263"
"62,3 : 0.6263"
"3,63 : 0.7306"
"63,3 : 0.7306"
"3,64 : 0.7531"
"64,3 : 0.7531"
"3,65 : 0.2555"
"65,3 : 0.2555"
"3,66 : 0.5941"
"66,3 : 0.5941"
"3,67 : 0.2571"
"67,3 : 0.2571"
"3,68 : 0.6229"
"68,3 : 0.6229"
"3,69 : 0.1921"
"69,3 : 0.1921"
"3,70 : 0.4187"
"70,3 : 0.4187"
"3,71 : 0.4305"
"71,3 : 0.4305"
"3,72 : 0.2062"
"72,3 : 0.2062"
"3,73 : 0.1345"
"73,3 : 0.1345"
"3,74 : 0.3354"
"74,3 : 0.3354"
"3,75 : 0.2886"
"75,3 : 0.2886"
"3,76 : 0.5873"
"76,3 : 0.5873"
"3,77 : 0.5714"
"77,3 : 0.5714"
"3,78 : 0.7916"
"78,3 : 0.7916"
"3,79 : 0.7513"
"79,3 : 0.7513"
"3,80 : 0.5197"
"80,3 : 0.5197"
"3,81 : 0.12"
"81,3 : 0.12"
"3,82 : 0.5166"
"82,3 : 0.5166"
"3,83 : 0.4478"
"83,3 : 0.4478"
"3,84 : 0.3114"
"84,3 : 0.3114"
"3,85 : 0.2419"
"85,3 : 0.2419"
"3,86 : 0.2843"
"86,3 : 0.2843"
"3,87 : 0.1421"
"87,3 : 0.1421"
"3,88 : 0.3607"
"88,3 : 0.3607"
"3,89 : 0.3829"
"89,3 : 0.3829"
"3,90 : 0.8485"
"90,3 : 0.8485"
"3,91 : 0.7666"
"91,3 : 0.7666"
"3,92 : 0.8628"
"92,3 : 0.8628"
"3,93 : 0.769"
"93,3 : 0.769"
"3,94 : 0.5544"
"94,3 : 0.5544"
"3,95 : 0.8472"
"95,3 : 0.8472"
"3,96 : 0.4357"
"96,3 : 0.4357"
"3,97 : 0.2625"
"97,3 : 0.2625"
"3,98 : 0.3225"
"98,3 : 0.3225"
"3,99 : 0.4494"
"99,3 : 0.4494"
"4,5 : 0.5101"
"5,4 : 0.5101"
"4,6 : 0.1772"
"6,4 : 0.1772"
"4,7 : 0.6912"
"7,4 : 0.6912"
"4,8 : 0.7882"
"8,4 : 0.7882"
"4,9 : 0.7305"
"9,4 : 0.7305"
"4,10 : 0.5903"
"10,4 : 0.5903"
"4,11 : 0.1836"
"11,4 : 0.1836"
"4,12 : 0.5401"
"12,4 : 0.5401"
"4,13 : 0.7864"
"13,4 : 0.7864"
"4,14 : 0.5233"
"14,4 : 0.5233"
"4,15 : 0.3941"
"15,4 : 0.3941"
"4,16 : 0.4105"
"16,4 : 0.4105"
"4,17 : 0.642"
"17,4 : 0.642"
"4,18 : 0.2773"
"18,4 : 0.2773"
"4,19 : 0.4061"
"19,4 : 0.4061"
"4,20 : 0.5289"
"20,4 : 0.5289"
"4,21 : 0.4809"
"21,4 : 0.4809"
"4,22 : 0.488"
"22,4 : 0.488"
"4,23 : 0.6538"
"23,4 : 0.6538"
"4,24 : 0.6912"
"24,4 : 0.6912"
"4,25 : 0.2663"
"25,4 : 0.2663"
"4,26 : 0.5124"
"26,4 : 0.5124"
"4,27 : 0.201"
"27,4 : 0.201"
"4,28 : 0.2766"
"28,4 : 0.2766"
"4,29 : 0.6428"
"29,4 : 0.6428"
"4,30 : 0.23"
"30,4 : 0.23"
"4,31 : 0.214"
"31,4 : 0.214"
"4,32 : 0.2506"
"32,4 : 0.2506"
"4,33 : 0.5442"
"33,4 : 0.5442"
"4,34 : 0.4965"
"34,4 : 0.4965"
"4,35 : 0.2731"
"35,4 : 0.2731"
"4,36 : 0.2693"
"36,4 : 0.2693"
"4,37 : 0.4"
"37,4 : 0.4"
"4,38 : 0.3523"
"38,4 : 0.3523"
"4,39 : 0.3124"
"39,4 : 0.3124"
"4,40 : 0.1552"
"40,4 : 0.1552"
"4,41 : 0.8154"
"41,4 : 0.8154"
"4,42 : 0.4397"
"42,4 : 0.4397"
"4,43 : 0.6579"
"43,4 : 0.6579"
"4,44 : 0.086"
"44,4 : 0.086"
"4,45 : 0.5831"
"45,4 : 0.5831"
"4,46 : 0.322"
"46,4 : 0.322"
"4,47 : 0.7052"
"47,4 : 0.7052"
"4,48 : 0.3089"
"48,4 : 0.3089"
"4,49 : 0.6127"
"49,4 : 0.6127"
"4,50 : 0.2408"
"50,4 : 0.2408"
"4,51 : 0.7009"
"51,4 : 0.7009"
"4,52 : 0.5882"
"52,4 : 0.5882"
"4,53 : 0.2555"
"53,4 : 0.2555"
"4,54 : 0.3312"
"54,4 : 0.3312"
"4,55 : 0.3068"
"55,4 : 0.3068"
"4,56 : 0.4005"
"56,4 : 0.4005"
"4,57 : 0.4111"
"57,4 : 0.4111"
"4,58 : 0.7201"
"58,4 : 0.7201"
"4,59 : 0.2214"
"59,4 : 0.2214"
"4,60 : 0.2832"
"60,4 : 0.2832"
"4,61 : 0.4386"
"61,4 : 0.4386"
"4,62 : 0.5413"
"62,4 : 0.5413"
"4,63 : 0.2302"
"63,4 : 0.2302"
"4,64 : 0.3"
"64,4 : 0.3"
"4,65 : 0.6815"
"65,4 : 0.6815"
"4,66 : 0.4785"
"66,4 : 0.4785"
"4,67 : 0.6306"
"67,4 : 0.6306"
"4,68 : 0.7932"
"68,4 : 0.7932"
"4,69 : 0.6297"
"69,4 : 0.6297"
"4,70 : 0.2921"
"70,4 : 0.2921"
"4,71 : 0.4965"
"71,4 : 0.4965"
"4,72 : 0.3801"
"72,4 : 0.3801"
"4,73 : 0.6021"
"73,4 : 0.6021"
"4,74 : 0.7336"
"74,4 : 0.7336"
"4,75 : 0.6185"
"75,4 : 0.6185"
"4,76 : 0.4455"
"76,4 : 0.4455"
"4,77 : 0.8147"
"77,4 : 0.8147"
"4,78 : 0.4429"
"78,4 : 0.4429"
"4,79 : 0.4163"
"79,4 : 0.4163"
"4,80 : 0.1404"
"80,4 : 0.1404"
"4,81 : 0.5064"
"81,4 : 0.5064"
"4,82 : 0.6546"
"82,4 : 0.6546"
"4,83 : 0.211"
"83,4 : 0.211"
"4,84 : 0.586"
"84,4 : 0.586"
"4,85 : 0.6429"
"85,4 : 0.6429"
"4,86 : 0.4123"
"86,4 : 0.4123"
"4,87 : 0.4159"
"87,4 : 0.4159"
"4,88 : 0.3905"
"88,4 : 0.3905"
"4,89 : 0.3536"
"89,4 : 0.3536"
"4,90 : 0.6478"
"90,4 : 0.6478"
"4,91 : 0.2668"
"91,4 : 0.2668"
"4,92 : 0.6675"
"92,4 : 0.6675"
"4,93 : 0.3183"
"93,4 : 0.3183"
"4,94 : 0.8204"
"94,4 : 0.8204"
"4,95 : 0.5233"
"95,4 : 0.5233"
"4,96 : 0.2302"
"96,4 : 0.2302"
"4,97 : 0.7117"
"97,4 : 0.7117"
"4,98 : 0.7335"
"98,4 : 0.7335"
"4,99 : 0.2154"
"99,4 : 0.2154"
"5,6 : 0.6826"
"6,5 : 0.6826"
"5,7 : 0.7603"
"7,5 : 0.7603"
"5,8 : 0.4876"
"8,5 : 0.4876"
"5,9 : 0.2921"
"9,5 : 0.2921"
"5,10 : 0.5951"
"10,5 : 0.5951"
"5,11 : 0.446"
"11,5 : 0.446"
"5,12 : 0.03"
"12,5 : 0.03"
"5,13 : 0.536"
"13,5 : 0.536"
"5,14 : 0.2236"
"14,5 : 0.2236"
"5,15 : 0.3061"
"15,5 : 0.3061"
"5,16 : 0.6762"
"16,5 : 0.6762"
"5,17 : 0.7963"
"17,5 : 0.7963"
"5,18 : 0.2907"
"18,5 : 0.2907"
"5,19 : 0.7103"
"19,5 : 0.7103"
"5,20 : 0.13"
"20,5 : 0.13"
"5,21 : 0.6859"
"21,5 : 0.6859"
"5,22 : 0.3981"
"22,5 : 0.3981"
"5,23 : 0.1612"
"23,5 : 0.1612"
"5,24 : 0.7603"
"24,5 : 0.7603"
"5,25 : 0.6926"
"25,5 : 0.6926"
"5,26 : 0.1612"
"26,5 : 0.1612"
"5,27 : 0.5331"
"27,5 : 0.5331"
"5,28 : 0.7242"
"28,5 : 0.7242"
"5,29 : 0.1393"
"29,5 : 0.1393"
"5,30 : 0.5554"
"30,5 : 0.5554"
"5,31 : 0.6597"
"31,5 : 0.6597"
"5,32 : 0.6707"
"32,5 : 0.6707"
"5,33 : 0.2"
"33,5 : 0.2"
"5,34 : 0.1746"
"34,5 : 0.1746"
"5,35 : 0.7666"
"35,5 : 0.7666"
"5,36 : 0.7679"
"36,5 : 0.7679"
"5,37 : 0.6544"
"37,5 : 0.6544"
"5,38 : 0.3041"
"38,5 : 0.3041"
"5,39 : 0.7737"
"39,5 : 0.7737"
"5,40 : 0.6607"
"40,5 : 0.6607"
"5,41 : 0.4904"
"41,5 : 0.4904"
"5,42 : 0.15"
"42,5 : 0.15"
"5,43 : 0.255"
"43,5 : 0.255"
"5,44 : 0.4441"
"44,5 : 0.4441"
"5,45 : 0.8204"
"45,5 : 0.8204"
"5,46 : 0.7159"
"46,5 : 0.7159"
"5,47 : 0.264"
"47,5 : 0.264"
"5,48 : 0.2884"
"48,5 : 0.2884"
"5,49 : 0.2631"
"49,5 : 0.2631"
"5,50 : 0.3891"
"50,5 : 0.3891"
"5,51 : 0.5315"
"51,5 : 0.5315"
"5,52 : 0.895"
"52,5 : 0.895"
"5,53 : 0.322"
"53,5 : 0.322"
"5,54 : 0.7262"
"54,5 : 0.7262"
"5,55 : 0.246"
"55,5 : 0.246"
"5,56 : 0.6389"
"56,5 : 0.6389"
"5,57 : 0.4"
"57,5 : 0.4"
"5,58 : 0.6745"
"58,5 : 0.6745"
"5,59 : 0.4919"
"59,5 : 0.4919"
"5,60 : 0.3883"
"60,5 : 0.3883"
"5,61 : 0.2195"
"61,5 : 0.2195"
"5,62 : 0.672"
"62,5 : 0.672"
"5,63 : 0.7403"
"63,5 : 0.7403"
"5,64 : 0.7737"
"64,5 : 0.7737"
"5,65 : 0.2955"
"65,5 : 0.2955"
"5,66 : 0.6378"
"66,5 : 0.6378"
"5,67 : 0.3041"
"67,5 : 0.3041"
"5,68 : 0.6736"
"68,5 : 0.6736"
"5,69 : 0.1487"
"69,5 : 0.1487"
"5,70 : 0.3966"
"70,5 : 0.3966"
"5,71 : 0.4789"
"71,5 : 0.4789"
"5,72 : 0.2476"
"72,5 : 0.2476"
"5,73 : 0.0985"
"73,5 : 0.0985"
"5,74 : 0.377"
"74,5 : 0.377"
"5,75 : 0.2377"
"75,5 : 0.2377"
"5,76 : 0.6294"
"76,5 : 0.6294"
"5,77 : 0.6207"
"77,5 : 0.6207"
"5,78 : 0.8237"
"78,5 : 0.8237"
"5,79 : 0.7839"
"79,5 : 0.7839"
"5,80 : 0.5412"
"80,5 : 0.5412"
"5,81 : 0.0707"
"81,5 : 0.0707"
"5,82 : 0.5675"
"82,5 : 0.5675"
"5,83 : 0.4346"
"83,5 : 0.4346"
"5,84 : 0.3622"
"84,5 : 0.3622"
"5,85 : 0.1942"
"85,5 : 0.1942"
"5,86 : 0.3302"
"86,5 : 0.3302"
"5,87 : 0.1166"
"87,5 : 0.1166"
"5,88 : 0.4046"
"88,5 : 0.4046"
"5,89 : 0.3538"
"89,5 : 0.3538"
"5,90 : 0.8914"
"90,5 : 0.8914"
"5,91 : 0.7716"
"91,5 : 0.7716"
"5,92 : 0.9061"
"92,5 : 0.9061"
"5,93 : 0.7624"
"93,5 : 0.7624"
"5,94 : 0.603"
"94,5 : 0.603"
"5,95 : 0.882"
"95,5 : 0.882"
"5,96 : 0.4205"
"96,5 : 0.4205"
"5,97 : 0.2968"
"97,5 : 0.2968"
"5,98 : 0.3625"
"98,5 : 0.3625"
"5,99 : 0.4785"
"99,5 : 0.4785"
"6,7 : 0.7071"
"7,6 : 0.7071"
"6,8 : 0.9079"
"8,6 : 0.9079"
"6,9 : 0.9076"
"9,6 : 0.9076"
"6,10 : 0.6444"
"10,6 : 0.6444"
"6,11 : 0.3342"
"11,6 : 0.3342"
"6,12 : 0.7125"
"12,6 : 0.7125"
"6,13 : 0.8936"
"13,6 : 0.8936"
"6,14 : 0.6986"
"14,6 : 0.6986"
"6,15 : 0.522"
"15,6 : 0.522"
"6,16 : 0.39"
"16,6 : 0.39"
"6,17 : 0.6297"
"17,6 : 0.6297"
"6,18 : 0.4258"
"18,6 : 0.4258"
"6,19 : 0.364"
"19,6 : 0.364"
"6,20 : 0.706"
"20,6 : 0.706"
"6,21 : 0.4742"
"21,6 : 0.4742"
"6,22 : 0.5917"
"22,6 : 0.5917"
"6,23 : 0.8202"
"23,6 : 0.8202"
"6,24 : 0.7071"
"24,6 : 0.7071"
"6,25 : 0.2707"
"25,6 : 0.2707"
"6,26 : 0.6675"
"26,6 : 0.6675"
"6,27 : 0.2421"
"27,6 : 0.2421"
"6,28 : 0.1603"
"28,6 : 0.1603"
"6,29 : 0.8174"
"29,6 : 0.8174"
"6,30 : 0.3276"
"30,6 : 0.3276"
"6,31 : 0.2236"
"31,6 : 0.2236"
"6,32 : 0.1772"
"32,6 : 0.1772"
"6,33 : 0.6943"
"33,6 : 0.6943"
"6,34 : 0.6494"
"34,6 : 0.6494"
"6,35 : 0.1789"
"35,6 : 0.1789"
"6,36 : 0.0943"
"36,6 : 0.0943"
"6,37 : 0.3891"
"37,6 : 0.3891"
"6,38 : 0.4838"
"38,6 : 0.4838"
"6,39 : 0.2596"
"39,6 : 0.2596"
"6,40 : 0.0922"
"40,6 : 0.0922"
"6,41 : 0.9394"
"41,6 : 0.9394"
"6,42 : 0.6168"
"42,6 : 0.6168"
"6,43 : 0.8081"
"43,6 : 0.8081"
"6,44 : 0.24"
"44,6 : 0.24"
"6,45 : 0.5413"
"45,6 : 0.5413"
"6,46 : 0.2419"
"46,6 : 0.2419"
"6,47 : 0.8823"
"47,6 : 0.8823"
"6,48 : 0.4512"
"48,6 : 0.4512"
"6,49 : 0.7879"
"49,6 : 0.7879"
"6,50 : 0.4022"
"50,6 : 0.4022"
"6,51 : 0.794"
"51,6 : 0.794"
"6,52 : 0.5101"
"52,6 : 0.5101"
"6,53 : 0.3981"
"53,6 : 0.3981"
"6,54 : 0.3401"
"54,6 : 0.3401"
"6,55 : 0.4627"
"55,6 : 0.4627"
"6,56 : 0.3982"
"56,6 : 0.3982"
"6,57 : 0.5111"
"57,6 : 0.5111"
"6,58 : 0.7734"
"58,6 : 0.7734"
"6,59 : 0.2884"
"59,6 : 0.2884"
"6,60 : 0.394"
"60,6 : 0.394"
"6,61 : 0.5846"
"61,6 : 0.5846"
"6,62 : 0.5557"
"62,6 : 0.5557"
"6,63 : 0.0721"
"63,6 : 0.0721"
"6,64 : 0.1476"
"64,6 : 0.1476"
"6,65 : 0.8271"
"65,6 : 0.8271"
"6,66 : 0.494"
"66,6 : 0.494"
"6,67 : 0.7684"
"67,6 : 0.7684"
"6,68 : 0.8627"
"68,6 : 0.8627"
"6,69 : 0.806"
"69,6 : 0.806"
"6,70 : 0.4482"
"70,6 : 0.4482"
"6,71 : 0.5763"
"71,6 : 0.5763"
"6,72 : 0.5239"
"72,6 : 0.5239"
"6,73 : 0.7765"
"73,6 : 0.7765"
"6,74 : 0.8698"
"74,6 : 0.8698"
"6,75 : 0.7948"
"75,6 : 0.7948"
"6,76 : 0.4579"
"76,6 : 0.4579"
"6,77 : 0.9043"
"77,6 : 0.9043"
"6,78 : 0.3423"
"78,6 : 0.3423"
"6,79 : 0.33"
"79,6 : 0.33"
"6,80 : 0.1836"
"80,6 : 0.1836"
"6,81 : 0.6825"
"81,6 : 0.6825"
"6,82 : 0.7292"
"82,6 : 0.7292"
"6,83 : 0.3624"
"83,6 : 0.3624"
"6,84 : 0.7068"
"84,6 : 0.7068"
"6,85 : 0.8201"
"85,6 : 0.8201"
"6,86 : 0.5331"
"86,6 : 0.5331"
"6,87 : 0.5923"
"87,6 : 0.5923"
"6,88 : 0.4888"
"88,6 : 0.4888"
"6,89 : 0.5161"
"89,6 : 0.5161"
"6,90 : 0.5941"
"90,6 : 0.5941"
"6,91 : 0.1421"
"91,6 : 0.1421"
"6,92 : 0.614"
"92,6 : 0.614"
"6,93 : 0.2844"
"93,6 : 0.2844"
"6,94 : 0.9161"
"94,6 : 0.9161"
"6,95 : 0.4243"
"95,6 : 0.4243"
"6,96 : 0.3842"
"96,6 : 0.3842"
"6,97 : 0.8612"
"97,6 : 0.8612"
"6,98 : 0.8728"
"98,6 : 0.8728"
"6,99 : 0.2915"
"99,6 : 0.2915"
"7,8 : 0.5148"
"8,7 : 0.5148"
"7,9 : 1.0481"
"9,7 : 1.0481"
"7,10 : 0.1664"
"10,7 : 0.1664"
"7,11 : 0.8338"
"11,7 : 0.8338"
"7,12 : 0.7741"
"12,7 : 0.7741"
"7,13 : 0.446"
"13,7 : 0.446"
"7,14 : 0.9487"
"14,7 : 0.9487"
"7,15 : 0.4649"
"15,7 : 0.4649"
"7,16 : 0.322"
"16,7 : 0.322"
"7,17 : 0.1237"
"17,7 : 0.1237"
"7,18 : 0.5558"
"18,7 : 0.5558"
"7,19 : 0.3612"
"19,7 : 0.3612"
"7,20 : 0.8785"
"20,7 : 0.8785"
"7,21 : 0.236"
"21,7 : 0.236"
"7,22 : 0.3624"
"22,7 : 0.3624"
"7,23 : 0.7684"
"23,7 : 0.7684"
"7,24 : 0.0"
"24,7 : 0.0"
"7,25 : 0.9458"
"25,7 : 0.9458"
"7,26 : 0.6106"
"26,7 : 0.6106"
"7,27 : 0.4934"
"27,7 : 0.4934"
"7,28 : 0.578"
"28,7 : 0.578"
"7,29 : 0.8682"
"29,7 : 0.8682"
"7,30 : 0.9159"
"30,7 : 0.9159"
"7,31 : 0.892"
"31,7 : 0.892"
"7,32 : 0.5354"
"32,7 : 0.5354"
"7,33 : 0.5882"
"33,7 : 0.5882"
"7,34 : 0.5917"
"34,7 : 0.5917"
"7,35 : 0.8859"
"35,7 : 0.8859"
"7,36 : 0.708"
"36,7 : 0.708"
"7,37 : 0.3191"
"37,7 : 0.3191"
"7,38 : 0.4851"
"38,7 : 0.4851"
"7,39 : 0.9618"
"39,7 : 0.9618"
"7,40 : 0.7788"
"40,7 : 0.7788"
"7,41 : 0.5554"
"41,7 : 0.5554"
"7,42 : 0.8382"
"42,7 : 0.8382"
"7,43 : 0.6364"
"43,7 : 0.6364"
"7,44 : 0.628"
"44,7 : 0.628"
"7,45 : 0.247"
"45,7 : 0.247"
"7,46 : 0.4904"
"46,7 : 0.4904"
"7,47 : 1.0208"
"47,7 : 1.0208"
"7,48 : 0.5295"
"48,7 : 0.5295"
"7,49 : 1.0139"
"49,7 : 1.0139"
"7,50 : 0.8501"
"50,7 : 0.8501"
"7,51 : 0.3354"
"51,7 : 0.3354"
"7,52 : 0.3669"
"52,7 : 0.3669"
"7,53 : 0.5423"
"53,7 : 0.5423"
"7,54 : 1.0151"
"54,7 : 1.0151"
"7,55 : 0.5825"
"55,7 : 0.5825"
"7,56 : 0.3089"
"56,7 : 0.3089"
"7,57 : 0.3736"
"57,7 : 0.3736"
"7,58 : 0.1628"
"58,7 : 0.1628"
"7,59 : 0.4707"
"59,7 : 0.4707"
"7,60 : 0.4604"
"60,7 : 0.4604"
"7,61 : 0.5413"
"61,7 : 0.5413"
"7,62 : 0.1523"
"62,7 : 0.1523"
"7,63 : 0.7718"
"63,7 : 0.7718"
"7,64 : 0.6389"
"64,7 : 0.6389"
"7,65 : 0.6162"
"65,7 : 0.6162"
"7,66 : 0.2154"
"66,7 : 0.2154"
"7,67 : 0.5445"
"67,7 : 0.5445"
"7,68 : 0.2702"
"68,7 : 0.2702"
"7,69 : 0.9005"
"69,7 : 0.9005"
"7,70 : 0.9001"
"70,7 : 0.9001"
"7,71 : 0.2823"
"71,7 : 0.2823"
"7,72 : 0.5281"
"72,7 : 0.5281"
"7,73 : 0.8386"
"73,7 : 0.8386"
"7,74 : 0.5825"
"74,7 : 0.5825"
"7,75 : 0.994"
"75,7 : 0.994"
"7,76 : 0.2508"
"76,7 : 0.2508"
"7,77 : 0.3748"
"77,7 : 0.3748"
"7,78 : 0.472"
"78,7 : 0.472"
"7,79 : 0.4469"
"79,7 : 0.4469"
"7,80 : 0.5597"
"80,7 : 0.5597"
"7,81 : 0.8194"
"81,7 : 0.8194"
"7,82 : 0.2385"
"82,7 : 0.2385"
"7,83 : 0.8521"
"83,7 : 0.8521"
"7,84 : 0.4386"
"84,7 : 0.4386"
"7,85 : 0.9529"
"85,7 : 0.9529"
"7,86 : 0.4366"
"86,7 : 0.4366"
"7,87 : 0.7779"
"87,7 : 0.7779"
"7,88 : 0.3785"
"88,7 : 0.3785"
"7,89 : 0.9235"
"89,7 : 0.9235"
"7,90 : 0.2717"
"90,7 : 0.2717"
"7,91 : 0.8472"
"91,7 : 0.8472"
"7,92 : 0.2702"
"92,7 : 0.2702"
"7,93 : 0.9809"
"93,7 : 0.9809"
"7,94 : 0.4079"
"94,7 : 0.4079"
"7,95 : 0.4472"
"95,7 : 0.4472"
"7,96 : 0.8609"
"96,7 : 0.8609"
"7,97 : 0.6595"
"97,7 : 0.6595"
"7,98 : 0.6022"
"98,7 : 0.6022"
"7,99 : 0.4785"
"99,7 : 0.4785"
"8,9 : 0.7018"
"9,8 : 0.7018"
"8,10 : 0.3864"
"10,8 : 0.3864"
"8,11 : 0.8288"
"11,8 : 0.8288"
"8,12 : 0.4805"
"12,8 : 0.4805"
"8,13 : 0.0781"
"13,8 : 0.0781"
"8,14 : 0.7106"
"14,8 : 0.7106"
"8,15 : 0.3941"
"15,8 : 0.3941"
"8,16 : 0.6619"
"16,8 : 0.6619"
"8,17 : 0.6168"
"17,8 : 0.6168"
"8,18 : 0.5174"
"18,8 : 0.5174"
"8,19 : 0.7125"
"19,8 : 0.7125"
"8,20 : 0.6139"
"20,8 : 0.6139"
"8,21 : 0.6103"
"21,8 : 0.6103"
"8,22 : 0.3195"
"22,8 : 0.3195"
"8,23 : 0.3901"
"23,8 : 0.3901"
"8,24 : 0.5148"
"24,8 : 0.5148"
"8,25 : 1.0424"
"25,8 : 1.0424"
"8,26 : 0.3444"
"26,8 : 0.3444"
"8,27 : 0.6723"
"27,8 : 0.6723"
"8,28 : 0.8573"
"28,8 : 0.8573"
"8,29 : 0.52"
"29,8 : 0.52"
"8,30 : 0.9411"
"30,8 : 0.9411"
"8,31 : 0.9949"
"31,8 : 0.9949"
"8,32 : 0.797"
"32,8 : 0.797"
"8,33 : 0.2997"
"33,8 : 0.2997"
"8,34 : 0.3448"
"34,8 : 0.3448"
"8,35 : 1.0569"
"35,8 : 1.0569"
"8,36 : 0.9601"
"36,8 : 0.9601"
"8,37 : 0.6428"
"37,8 : 0.6428"
"8,38 : 0.436"
"38,8 : 0.436"
"8,39 : 1.1"
"39,8 : 1.1"
"8,40 : 0.9349"
"40,8 : 0.9349"
"8,41 : 0.0412"
"41,8 : 0.0412"
"8,42 : 0.6297"
"42,8 : 0.6297"
"8,43 : 0.2408"
"43,8 : 0.2408"
"8,44 : 0.7021"
"44,8 : 0.7021"
"8,45 : 0.7102"
"45,8 : 0.7102"
"8,46 : 0.7983"
"46,8 : 0.7983"
"8,47 : 0.6807"
"47,8 : 0.6807"
"8,48 : 0.4827"
"48,8 : 0.4827"
"8,49 : 0.7355"
"49,8 : 0.7355"
"8,50 : 0.8"
"50,8 : 0.8"
"8,51 : 0.1803"
"51,8 : 0.1803"
"8,52 : 0.8261"
"52,8 : 0.8261"
"8,53 : 0.5341"
"53,8 : 0.5341"
"8,54 : 1.0966"
"54,8 : 1.0966"
"8,55 : 0.5021"
"55,8 : 0.5021"
"8,56 : 0.6229"
"56,8 : 0.6229"
"8,57 : 0.3992"
"57,8 : 0.3992"
"8,58 : 0.3585"
"58,8 : 0.3585"
"8,59 : 0.6224"
"59,8 : 0.6224"
"8,60 : 0.5148"
"60,8 : 0.5148"
"8,61 : 0.3688"
"61,8 : 0.3688"
"8,62 : 0.5346"
"62,8 : 0.5346"
"8,63 : 0.9795"
"63,8 : 0.9795"
"8,64 : 0.9235"
"64,8 : 0.9235"
"8,65 : 0.2002"
"65,8 : 0.2002"
"8,66 : 0.5501"
"66,8 : 0.5501"
"8,67 : 0.1879"
"67,8 : 0.1879"
"8,68 : 0.2828"
"68,8 : 0.2828"
"8,69 : 0.5704"
"69,8 : 0.5704"
"8,70 : 0.8293"
"70,8 : 0.8293"
"8,71 : 0.3635"
"71,8 : 0.3635"
"8,72 : 0.4173"
"72,8 : 0.4173"
"8,73 : 0.5116"
"73,8 : 0.5116"
"8,74 : 0.1204"
"74,8 : 0.1204"
"8,75 : 0.7035"
"75,8 : 0.7035"
"8,76 : 0.5704"
"76,8 : 0.5704"
"8,77 : 0.1803"
"77,8 : 0.1803"
"8,78 : 0.8529"
"78,8 : 0.8529"
"8,79 : 0.8139"
"79,8 : 0.8139"
"8,80 : 0.7245"
"80,8 : 0.7245"
"8,81 : 0.5579"
"81,8 : 0.5579"
"8,82 : 0.2816"
"82,8 : 0.2816"
"8,83 : 0.831"
"83,8 : 0.831"
"8,84 : 0.2025"
"84,8 : 0.2025"
"8,85 : 0.6303"
"85,8 : 0.6303"
"8,86 : 0.3774"
"86,8 : 0.3774"
"8,87 : 0.5778"
"87,8 : 0.5778"
"8,88 : 0.4215"
"88,8 : 0.4215"
"8,89 : 0.8101"
"89,8 : 0.8101"
"8,90 : 0.7616"
"90,8 : 0.7616"
"8,91 : 1.0394"
"91,8 : 1.0394"
"8,92 : 0.7666"
"92,8 : 0.7666"
"8,93 : 1.1026"
"93,8 : 1.1026"
"8,94 : 0.1476"
"94,8 : 0.1476"
"8,95 : 0.8701"
"95,8 : 0.8701"
"8,96 : 0.8262"
"96,8 : 0.8262"
"8,97 : 0.222"
"97,8 : 0.222"
"8,98 : 0.1414"
"98,8 : 0.1414"
"8,99 : 0.6174"
"99,8 : 0.6174"
"9,10 : 0.8819"
"10,9 : 0.8819"
"9,11 : 0.6053"
"11,9 : 0.6053"
"9,12 : 0.2746"
"12,9 : 0.2746"
"9,13 : 0.7666"
"13,9 : 0.7666"
"9,14 : 0.2202"
"14,9 : 0.2202"
"9,15 : 0.5982"
"15,9 : 0.5982"
"9,16 : 0.9626"
"16,9 : 0.9626"
"9,17 : 1.0881"
"17,9 : 1.0881"
"9,18 : 0.5685"
"18,9 : 0.5685"
"9,19 : 0.9936"
"19,9 : 0.9936"
"9,20 : 0.2059"
"20,9 : 0.2059"
"9,21 : 0.9767"
"21,9 : 0.9767"
"9,22 : 0.686"
"22,9 : 0.686"
"9,23 : 0.3126"
"23,9 : 0.3126"
"9,24 : 1.0481"
"24,9 : 1.0481"
"9,25 : 0.8402"
"25,9 : 0.8402"
"9,26 : 0.4383"
"26,9 : 0.4383"
"9,27 : 0.8016"
"27,9 : 0.8016"
"9,28 : 0.9795"
"28,9 : 0.9795"
"9,29 : 0.1868"
"29,9 : 0.1868"
"9,30 : 0.6901"
"30,9 : 0.6901"
"9,31 : 0.823"
"31,9 : 0.823"
"9,32 : 0.9315"
"32,9 : 0.9315"
"9,33 : 0.4662"
"33,9 : 0.4662"
"9,34 : 0.4565"
"34,9 : 0.4565"
"9,35 : 0.9489"
"35,9 : 0.9489"
"9,36 : 0.9996"
"36,9 : 0.9996"
"9,37 : 0.9411"
"37,9 : 0.9411"
"9,38 : 0.5946"
"38,9 : 0.5946"
"9,39 : 0.9309"
"39,9 : 0.9309"
"9,40 : 0.8635"
"40,9 : 0.8635"
"9,41 : 0.6901"
"41,9 : 0.6901"
"9,42 : 0.2915"
"42,9 : 0.2915"
"9,43 : 0.4653"
"43,9 : 0.4653"
"9,44 : 0.6845"
"44,9 : 0.6845"
"9,45 : 1.1113"
"45,9 : 1.1113"
"9,46 : 0.9848"
"46,9 : 0.9848"
"9,47 : 0.0283"
"47,9 : 0.0283"
"9,48 : 0.5731"
"48,9 : 0.5731"
"9,49 : 0.1432"
"49,9 : 0.1432"
"9,50 : 0.5334"
"50,9 : 0.5334"
"9,51 : 0.7912"
"51,9 : 0.7912"
"9,52 : 1.1819"
"52,9 : 1.1819"
"9,53 : 0.5982"
"53,9 : 0.5982"
"9,54 : 0.8515"
"54,9 : 0.8515"
"9,55 : 0.525"
"55,9 : 0.525"
"9,56 : 0.9266"
"56,9 : 0.9266"
"9,57 : 0.692"
"57,9 : 0.692"
"9,58 : 0.9508"
"58,9 : 0.9508"
"9,59 : 0.7661"
"59,9 : 0.7661"
"9,60 : 0.6727"
"60,9 : 0.6727"
"9,61 : 0.5104"
"61,9 : 0.5104"
"9,62 : 0.964"
"62,9 : 0.964"
"9,63 : 0.9534"
"63,9 : 0.9534"
"9,64 : 1.0204"
"64,9 : 1.0204"
"9,65 : 0.5036"
"65,9 : 0.5036"
"9,66 : 0.9296"
"66,9 : 0.9296"
"9,67 : 0.5457"
"67,9 : 0.5457"
"9,68 : 0.9341"
"68,9 : 0.9341"
"9,69 : 0.1476"
"69,9 : 0.1476"
"9,70 : 0.5101"
"70,9 : 0.5101"
"9,71 : 0.7685"
"71,9 : 0.7685"
"9,72 : 0.5391"
"72,9 : 0.5391"
"9,73 : 0.2102"
"73,9 : 0.2102"
"9,74 : 0.5814"
"74,9 : 0.5814"
"9,75 : 0.12"
"75,9 : 0.12"
"9,76 : 0.9202"
"76,9 : 0.9202"
"9,77 : 0.8631"
"77,9 : 0.8631"
"9,78 : 1.0986"
"78,9 : 1.0986"
"9,79 : 1.0602"
"79,9 : 1.0602"
"9,80 : 0.7965"
"80,9 : 0.7965"
"9,81 : 0.2484"
"81,9 : 0.2484"
"9,82 : 0.8431"
"82,9 : 0.8431"
"9,83 : 0.5831"
"83,9 : 0.5831"
"9,84 : 0.6297"
"84,9 : 0.6297"
"9,85 : 0.099"
"85,9 : 0.099"
"9,86 : 0.622"
"86,9 : 0.622"
"9,87 : 0.3276"
"87,9 : 0.3276"
"9,88 : 0.6966"
"88,9 : 0.6966"
"9,89 : 0.4401"
"89,9 : 0.4401"
"9,90 : 1.1826"
"90,9 : 1.1826"
"9,91 : 0.9669"
"91,9 : 0.9669"
"9,92 : 1.1975"
"92,9 : 1.1975"
"9,93 : 0.9101"
"93,9 : 0.9101"
"9,94 : 0.8386"
"94,9 : 0.8386"
"9,95 : 1.1621"
"95,9 : 1.1621"
"9,96 : 0.5622"
"96,9 : 0.5622"
"9,97 : 0.4804"
"97,9 : 0.4804"
"9,98 : 0.5608"
"98,9 : 0.5608"
"9,99 : 0.7521"
"99,9 : 0.7521"
"10,11 : 0.7106"
"11,10 : 0.7106"
"10,12 : 0.6083"
"12,10 : 0.6083"
"10,13 : 0.3302"
"13,10 : 0.3302"
"10,14 : 0.7885"
"14,10 : 0.7885"
"10,15 : 0.3059"
"15,10 : 0.3059"
"10,16 : 0.3046"
"16,10 : 0.3046"
"10,17 : 0.2371"
"17,10 : 0.2371"
"10,18 : 0.4101"
"18,10 : 0.4101"
"10,19 : 0.3547"
"19,10 : 0.3547"
"10,20 : 0.7151"
"20,10 : 0.7151"
"10,21 : 0.2354"
"21,10 : 0.2354"
"10,22 : 0.197"
"22,10 : 0.197"
"10,23 : 0.6031"
"23,10 : 0.6031"
"10,24 : 0.1664"
"24,10 : 0.1664"
"10,25 : 0.8548"
"25,10 : 0.8548"
"10,26 : 0.4442"
"26,10 : 0.4442"
"10,27 : 0.408"
"27,10 : 0.408"
"10,28 : 0.5441"
"28,10 : 0.5441"
"10,29 : 0.7018"
"29,10 : 0.7018"
"10,30 : 0.8032"
"30,10 : 0.8032"
"10,31 : 0.8013"
"31,10 : 0.8013"
"10,32 : 0.4904"
"32,10 : 0.4904"
"10,33 : 0.422"
"33,10 : 0.422"
"10,34 : 0.4254"
"34,10 : 0.4254"
"10,35 : 0.8184"
"35,10 : 0.8184"
"10,36 : 0.6671"
"36,10 : 0.6671"
"10,37 : 0.2907"
"37,10 : 0.2907"
"10,38 : 0.3314"
"38,10 : 0.3314"
"10,39 : 0.8848"
"39,10 : 0.8848"
"10,40 : 0.7021"
"40,10 : 0.7021"
"10,41 : 0.4276"
"41,10 : 0.4276"
"10,42 : 0.6791"
"42,10 : 0.6791"
"10,43 : 0.4751"
"43,10 : 0.4751"
"10,44 : 0.5162"
"44,10 : 0.5162"
"10,45 : 0.3239"
"45,10 : 0.3239"
"10,46 : 0.4665"
"46,10 : 0.4665"
"10,47 : 0.8548"
"47,10 : 0.8548"
"10,48 : 0.3801"
"48,10 : 0.3801"
"10,49 : 0.8509"
"49,10 : 0.8509"
"10,50 : 0.717"
"50,10 : 0.717"
"10,51 : 0.2102"
"51,10 : 0.2102"
"10,52 : 0.441"
"52,10 : 0.441"
"10,53 : 0.402"
"53,10 : 0.402"
"10,54 : 0.9213"
"54,10 : 0.9213"
"10,55 : 0.431"
"55,10 : 0.431"
"10,56 : 0.2729"
"56,10 : 0.2729"
"10,57 : 0.2202"
"57,10 : 0.2202"
"10,58 : 0.1304"
"58,10 : 0.1304"
"10,59 : 0.3722"
"59,10 : 0.3722"
"10,60 : 0.3276"
"60,10 : 0.3276"
"10,61 : 0.377"
"61,10 : 0.377"
"10,62 : 0.15"
"62,10 : 0.15"
"10,63 : 0.7145"
"63,10 : 0.7145"
"10,64 : 0.6103"
"64,10 : 0.6103"
"10,65 : 0.458"
"65,10 : 0.458"
"10,66 : 0.1803"
"66,10 : 0.1803"
"10,67 : 0.3842"
"67,10 : 0.3842"
"10,68 : 0.222"
"68,10 : 0.222"
"10,69 : 0.7343"
"69,10 : 0.7343"
"10,70 : 0.7642"
"70,10 : 0.7642"
"10,71 : 0.1217"
"71,10 : 0.1217"
"10,72 : 0.3688"
"72,10 : 0.3688"
"10,73 : 0.6723"
"73,10 : 0.6723"
"10,74 : 0.4338"
"74,10 : 0.4338"
"10,75 : 0.8301"
"75,10 : 0.8301"
"10,76 : 0.2102"
"76,10 : 0.2102"
"10,77 : 0.2912"
"77,10 : 0.2912"
"10,78 : 0.4904"
"78,10 : 0.4904"
"10,79 : 0.4554"
"79,10 : 0.4554"
"10,80 : 0.4743"
"80,10 : 0.4743"
"10,81 : 0.6555"
"81,10 : 0.6555"
"10,82 : 0.1105"
"82,10 : 0.1105"
"10,83 : 0.7257"
"83,10 : 0.7257"
"10,84 : 0.2766"
"84,10 : 0.2766"
"10,85 : 0.7871"
"85,10 : 0.7871"
"10,86 : 0.2766"
"86,10 : 0.2766"
"10,87 : 0.6185"
"87,10 : 0.6185"
"10,88 : 0.2302"
"88,10 : 0.2302"
"10,89 : 0.7801"
"89,10 : 0.7801"
"10,90 : 0.3764"
"90,10 : 0.3764"
"10,91 : 0.7864"
"91,10 : 0.7864"
"10,92 : 0.3828"
"92,10 : 0.3828"
"10,93 : 0.8989"
"93,10 : 0.8989"
"10,94 : 0.3158"
"94,10 : 0.3158"
"10,95 : 0.4937"
"95,10 : 0.4937"
"10,96 : 0.7316"
"96,10 : 0.7316"
"10,97 : 0.5022"
"97,10 : 0.5022"
"10,98 : 0.4518"
"98,10 : 0.4518"
"10,99 : 0.3759"
"99,10 : 0.3759"
"11,12 : 0.4743"
"12,11 : 0.4743"
"11,13 : 0.844"
"13,11 : 0.844"
"11,14 : 0.3864"
"14,11 : 0.3864"
"11,15 : 0.4528"
"15,11 : 0.4528"
"11,16 : 0.5805"
"16,11 : 0.5805"
"11,17 : 0.801"
"17,11 : 0.801"
"11,18 : 0.3225"
"18,11 : 0.3225"
"11,19 : 0.5824"
"19,11 : 0.5824"
"11,20 : 0.4205"
"20,11 : 0.4205"
"11,21 : 0.6428"
"21,11 : 0.6428"
"11,22 : 0.568"
"22,11 : 0.568"
"11,23 : 0.6054"
"23,11 : 0.6054"
"11,24 : 0.8338"
"24,11 : 0.8338"
"11,25 : 0.2474"
"25,11 : 0.2474"
"11,26 : 0.5061"
"26,11 : 0.5061"
"11,27 : 0.3667"
"27,11 : 0.3667"
"11,28 : 0.458"
"28,11 : 0.458"
"11,29 : 0.559"
"29,11 : 0.559"
"11,30 : 0.114"
"30,11 : 0.114"
"11,31 : 0.2202"
"31,11 : 0.2202"
"11,32 : 0.4342"
"32,11 : 0.4342"
"11,33 : 0.5467"
"33,11 : 0.5467"
"11,34 : 0.4968"
"34,11 : 0.4968"
"11,35 : 0.3437"
"35,11 : 0.3437"
"11,36 : 0.428"
"36,11 : 0.428"
"11,37 : 0.5672"
"37,11 : 0.5672"
"11,38 : 0.4118"
"38,11 : 0.4118"
"11,39 : 0.3324"
"39,11 : 0.3324"
"11,40 : 0.2683"
"40,11 : 0.2683"
"11,41 : 0.8486"
"41,11 : 0.8486"
"11,42 : 0.3314"
"42,11 : 0.3314"
"11,43 : 0.6522"
"43,11 : 0.6522"
"11,44 : 0.211"
"44,11 : 0.211"
"11,45 : 0.755"
"45,11 : 0.755"
"11,46 : 0.5054"
"46,11 : 0.5054"
"11,47 : 0.5831"
"47,11 : 0.5831"
"11,48 : 0.3585"
"48,11 : 0.3585"
"11,49 : 0.473"
"49,11 : 0.473"
"11,50 : 0.0728"
"50,11 : 0.0728"
"11,51 : 0.779"
"51,11 : 0.779"
"11,52 : 0.769"
"52,11 : 0.769"
"11,53 : 0.3178"
"53,11 : 0.3178"
"11,54 : 0.2818"
"54,11 : 0.2818"
"11,55 : 0.328"
"55,11 : 0.328"
"11,56 : 0.5644"
"56,11 : 0.5644"
"11,57 : 0.5033"
"57,11 : 0.5033"
"11,58 : 0.8352"
"58,11 : 0.8352"
"11,59 : 0.3705"
"59,11 : 0.3705"
"11,60 : 0.3833"
"60,11 : 0.3833"
"11,61 : 0.4601"
"61,11 : 0.4601"
"11,62 : 0.6903"
"62,11 : 0.6903"
"11,63 : 0.3624"
"63,11 : 0.3624"
"11,64 : 0.4738"
"64,11 : 0.4738"
"11,65 : 0.6841"
"65,11 : 0.6841"
"11,66 : 0.63"
"66,11 : 0.63"
"11,67 : 0.6507"
"67,11 : 0.6507"
"11,68 : 0.8916"
"68,11 : 0.8916"
"11,69 : 0.5324"
"69,11 : 0.5324"
"11,70 : 0.114"
"70,11 : 0.114"
"11,71 : 0.6008"
"71,11 : 0.6008"
"11,72 : 0.414"
"72,11 : 0.414"
"11,73 : 0.5217"
"73,11 : 0.5217"
"11,74 : 0.7507"
"74,11 : 0.7507"
"11,75 : 0.4866"
"75,11 : 0.4866"
"11,76 : 0.6003"
"76,11 : 0.6003"
"11,77 : 0.8919"
"77,11 : 0.8919"
"11,78 : 0.6265"
"78,11 : 0.6265"
"11,79 : 0.5993"
"79,11 : 0.5993"
"11,80 : 0.3162"
"80,11 : 0.3162"
"11,81 : 0.4177"
"81,11 : 0.4177"
"11,82 : 0.7539"
"82,11 : 0.7539"
"11,83 : 0.0283"
"83,11 : 0.0283"
"11,84 : 0.636"
"84,11 : 0.636"
"11,85 : 0.5301"
"85,11 : 0.5301"
"11,86 : 0.4789"
"86,11 : 0.4789"
"11,87 : 0.3324"
"87,11 : 0.3324"
"11,88 : 0.487"
"88,11 : 0.487"
"11,89 : 0.1836"
"89,11 : 0.1836"
"11,90 : 0.8223"
"90,11 : 0.8223"
"11,91 : 0.364"
"91,11 : 0.364"
"11,92 : 0.8417"
"92,11 : 0.8417"
"11,93 : 0.3178"
"93,11 : 0.3178"
"11,94 : 0.8904"
"94,11 : 0.8904"
"11,95 : 0.7066"
"95,11 : 0.7066"
"11,96 : 0.05"
"96,11 : 0.05"
"11,97 : 0.7046"
"97,11 : 0.7046"
"11,98 : 0.7452"
"98,11 : 0.7452"
"11,99 : 0.3601"
"99,11 : 0.3601"
"12,13 : 0.5324"
"13,12 : 0.5324"
"12,14 : 0.2309"
"14,12 : 0.2309"
"12,15 : 0.3256"
"15,12 : 0.3256"
"12,16 : 0.7"
"16,12 : 0.7"
"12,17 : 0.814"
"17,12 : 0.814"
"12,18 : 0.3178"
"18,12 : 0.3178"
"12,19 : 0.735"
"19,12 : 0.735"
"12,20 : 0.1334"
"20,12 : 0.1334"
"12,21 : 0.7072"
"21,12 : 0.7072"
"12,22 : 0.4118"
"22,12 : 0.4118"
"12,23 : 0.136"
"23,12 : 0.136"
"12,24 : 0.7741"
"24,12 : 0.7741"
"12,25 : 0.7212"
"25,12 : 0.7212"
"12,26 : 0.1676"
"26,12 : 0.1676"
"12,27 : 0.5608"
"27,12 : 0.5608"
"12,28 : 0.7529"
"28,12 : 0.7529"
"12,29 : 0.1118"
"29,12 : 0.1118"
"12,30 : 0.5831"
"30,12 : 0.5831"
"12,31 : 0.6888"
"31,12 : 0.6888"
"12,32 : 0.6989"
"32,12 : 0.6989"
"12,33 : 0.2022"
"33,12 : 0.2022"
"12,34 : 0.1838"
"34,12 : 0.1838"
"12,35 : 0.7963"
"35,12 : 0.7963"
"12,36 : 0.7976"
"36,12 : 0.7976"
"12,37 : 0.678"
"37,12 : 0.678"
"12,38 : 0.3265"
"38,12 : 0.3265"
"12,39 : 0.8028"
"39,12 : 0.8028"
"12,40 : 0.6907"
"40,12 : 0.6907"
"12,41 : 0.4808"
"41,12 : 0.4808"
"12,42 : 0.1697"
"42,12 : 0.1697"
"12,43 : 0.2435"
"43,12 : 0.2435"
"12,44 : 0.4738"
"44,12 : 0.4738"
"12,45 : 0.8415"
"45,12 : 0.8415"
"12,46 : 0.7432"
"46,12 : 0.7432"
"12,47 : 0.247"
"47,12 : 0.247"
"12,48 : 0.3138"
"48,12 : 0.3138"
"12,49 : 0.2602"
"49,12 : 0.2602"
"12,50 : 0.4163"
"50,12 : 0.4163"
"12,51 : 0.5346"
"51,12 : 0.5346"
"12,52 : 0.9183"
"52,12 : 0.9183"
"12,53 : 0.3493"
"53,12 : 0.3493"
"12,54 : 0.7539"
"54,12 : 0.7539"
"12,55 : 0.2731"
"55,12 : 0.2731"
"12,56 : 0.6622"
"56,12 : 0.6622"
"12,57 : 0.4187"
"57,12 : 0.4187"
"12,58 : 0.6831"
"58,12 : 0.6831"
"12,59 : 0.5189"
"59,12 : 0.5189"
"12,60 : 0.4134"
"60,12 : 0.4134"
"12,61 : 0.236"
"61,12 : 0.236"
"12,62 : 0.6903"
"62,12 : 0.6903"
"12,63 : 0.7703"
"63,12 : 0.7703"
"12,64 : 0.8028"
"64,12 : 0.8028"
"12,65 : 0.2846"
"65,12 : 0.2846"
"12,66 : 0.658"
"66,12 : 0.658"
"12,67 : 0.3007"
"67,12 : 0.3007"
"12,68 : 0.6774"
"68,12 : 0.6774"
"12,69 : 0.1281"
"69,12 : 0.1281"
"12,70 : 0.4219"
"70,12 : 0.4219"
"12,71 : 0.494"
"71,12 : 0.494"
"12,72 : 0.2691"
"72,12 : 0.2691"
"12,73 : 0.0721"
"73,12 : 0.0721"
"12,74 : 0.3669"
"74,12 : 0.3669"
"12,75 : 0.2319"
"75,12 : 0.2319"
"12,76 : 0.6507"
"76,12 : 0.6507"
"12,77 : 0.62"
"77,12 : 0.62"
"12,78 : 0.85"
"78,12 : 0.85"
"12,79 : 0.8101"
"79,12 : 0.8101"
"12,80 : 0.5701"
"80,12 : 0.5701"
"12,81 : 0.0806"
"81,12 : 0.0806"
"12,82 : 0.5757"
"82,12 : 0.5757"
"12,83 : 0.4624"
"83,12 : 0.4624"
"12,84 : 0.3667"
"84,12 : 0.3667"
"12,85 : 0.1789"
"85,12 : 0.1789"
"12,86 : 0.3483"
"86,12 : 0.3483"
"12,87 : 0.1432"
"87,12 : 0.1432"
"12,88 : 0.4245"
"88,12 : 0.4245"
"12,89 : 0.3764"
"89,12 : 0.3764"
"12,90 : 0.9122"
"90,12 : 0.9122"
"12,91 : 0.8016"
"91,12 : 0.8016"
"12,92 : 0.9266"
"92,12 : 0.9266"
"12,93 : 0.7912"
"93,12 : 0.7912"
"12,94 : 0.6007"
"94,12 : 0.6007"
"12,95 : 0.9074"
"95,12 : 0.9074"
"12,96 : 0.4478"
"96,12 : 0.4478"
"12,97 : 0.2818"
"97,12 : 0.2818"
"12,98 : 0.3511"
"98,12 : 0.3511"
"12,99 : 0.5057"
"99,12 : 0.5057"
"13,14 : 0.7595"
"14,13 : 0.7595"
"13,15 : 0.3962"
"15,13 : 0.3962"
"13,16 : 0.6198"
"16,13 : 0.6198"
"13,17 : 0.5532"
"17,13 : 0.5532"
"13,18 : 0.525"
"18,13 : 0.525"
"13,19 : 0.6708"
"19,13 : 0.6708"
"13,20 : 0.6648"
"20,13 : 0.6648"
"13,21 : 0.5614"
"21,13 : 0.5614"
"13,22 : 0.3023"
"22,13 : 0.3023"
