x,y
0.23,0.42
0.7,0.37
0.14,0.08
0.32,0.91
0.63,0.24
0.62,0.57
1.0,0.21
0.43,0.75
0.49,0.62
0.96,0.28
0.38,0.32
0.37,0.27
0.93,0.0
0.53,0.17
0.86,0.19
0.56,0.6
0.98,0.3
0.46,0.19
0.22,0.47
0.28,0.88
0.25,0.46
0.96,0.91
0.47,0.22
0.51,0.49
0.16,0.1
0.5,0.55
0.66,0.1
0.75,0.35
0.07,0.13
0.35,0.54
0.13,0.24
1.0,0.67
0.02,0.35
0.67,0.59
0.62,0.64
0.13,0.3
0.99,0.46
0.34,0.88
0.75,0.45
0.69,0.0
0.19,0.36
0.44,0.61
0.25,0.72
0.91,0.8
0.45,0.09
0.12,0.15
0.65,0.55
0.8,0.12
0.79,0.42
0.15,0.61
0.27,0.71
0.54,0.58
0.14,0.53
0.93,0.46
0.77,0.61
0.42,0.19
0.05,0.99
0.05,0.77
0.72,0.91
0.19,0.09
0.47,0.37
0.91,0.54
0.14,0.38
0.32,0.56
0.18,0.74
0.21,0.08
0.63,0.99
0.07,0.3
0.76,0.47
0.76,0.52
0.95,0.2
0.75,0.38
0.36,0.52
0.71,0.8
0.12,0.38
0.16,0.34
0.81,0.5
0.94,0.29
0.46,0.76
0.18,0.54
0.57,0.32
0.93,0.44
0.14,0.94
0.06,0.39
0.67,0.86
0.55,0.82
0.3,0.49
0.41,0.77
0.93,0.84
0.47,0.31
0.31,0.52
0.39,0.43
0.27,0.9
0.85,0.61
0.13,0.75
0.23,0.11
0.15,0.91
0.05,0.16
0.12,0.66
0.11,0.21

Distanze
"0,1 : 0.4727"
"1,0 : 0.4727"
"0,2 : 0.3517"
"2,0 : 0.3517"
"0,3 : 0.4982"
"3,0 : 0.4982"
"0,4 : 0.4386"
"4,0 : 0.4386"
"0,5 : 0.4179"
"5,0 : 0.4179"
"0,6 : 0.7981"
"6,0 : 0.7981"
"0,7 : 0.3859"
"7,0 : 0.3859"
"0,8 : 0.328"
"8,0 : 0.328"
"0,9 : 0.7433"
"9,0 : 0.7433"
"0,10 : 0.1803"
"10,0 : 0.1803"
"0,11 : 0.2052"
"11,0 : 0.2052"
"0,12 : 0.8163"
"12,0 : 0.8163"
"0,13 : 0.3905"
"13,0 : 0.3905"
"0,14 : 0.6707"
"14,0 : 0.6707"
"0,15 : 0.3759"
"15,0 : 0.3759"
"0,16 : 0.7595"
"16,0 : 0.7595"
"0,17 : 0.3253"
"17,0 : 0.3253"
"0,18 : 0.051"
"18,0 : 0.051"
"0,19 : 0.4627"
"19,0 : 0.4627"
"0,20 : 0.0447"
"20,0 : 0.0447"
"0,21 : 0.8792"
"21,0 : 0.8792"
"0,22 : 0.3124"
"22,0 : 0.3124"
"0,23 : 0.2886"
"23,0 : 0.2886"
"0,24 : 0.3276"
"24,0 : 0.3276"
"0,25 : 0.2997"
"25,0 : 0.2997"
"0,26 : 0.536"
"26,0 : 0.536"
"0,27 : 0.5247"
"27,0 : 0.5247"
"0,28 : 0.3312"
"28,0 : 0.3312"
"0,29 : 0.1697"
"29,0 : 0.1697"
"0,30 : 0.2059"
"30,0 : 0.2059"
"0,31 : 0.8096"
"31,0 : 0.8096"
"0,32 : 0.2214"
"32,0 : 0.2214"
"0,33 : 0.4717"
"33,0 : 0.4717"
"0,34 : 0.4478"
"34,0 : 0.4478"
"0,35 : 0.1562"
"35,0 : 0.1562"
"0,36 : 0.7611"
"36,0 : 0.7611"
"0,37 : 0.473"
"37,0 : 0.473"
"0,38 : 0.5209"
"38,0 : 0.5209"
"0,39 : 0.6229"
"39,0 : 0.6229"
"0,40 : 0.0721"
"40,0 : 0.0721"
"0,41 : 0.2832"
"41,0 : 0.2832"
"0,42 : 0.3007"
"42,0 : 0.3007"
"0,43 : 0.779"
"43,0 : 0.779"
"0,44 : 0.3966"
"44,0 : 0.3966"
"0,45 : 0.2915"
"45,0 : 0.2915"
"0,46 : 0.4397"
"46,0 : 0.4397"
"0,47 : 0.6441"
"47,0 : 0.6441"
"0,48 : 0.56"
"48,0 : 0.56"
"0,49 : 0.2062"
"49,0 : 0.2062"
"0,50 : 0.2927"
"50,0 : 0.2927"
"0,51 : 0.3489"
"51,0 : 0.3489"
"0,52 : 0.1421"
"52,0 : 0.1421"
"0,53 : 0.7011"
"53,0 : 0.7011"
"0,54 : 0.5725"
"54,0 : 0.5725"
"0,55 : 0.2983"
"55,0 : 0.2983"
"0,56 : 0.5977"
"56,0 : 0.5977"
"0,57 : 0.3936"
"57,0 : 0.3936"
"0,58 : 0.693"
"58,0 : 0.693"
"0,59 : 0.3324"
"59,0 : 0.3324"
"0,60 : 0.2452"
"60,0 : 0.2452"
"0,61 : 0.6905"
"61,0 : 0.6905"
"0,62 : 0.0985"
"62,0 : 0.0985"
"0,63 : 0.1664"
"63,0 : 0.1664"
"0,64 : 0.3239"
"64,0 : 0.3239"
"0,65 : 0.3406"
"65,0 : 0.3406"
"0,66 : 0.6963"
"66,0 : 0.6963"
"0,67 : 0.2"
"67,0 : 0.2"
"0,68 : 0.5324"
"68,0 : 0.5324"
"0,69 : 0.5394"
"69,0 : 0.5394"
"0,70 : 0.7529"
"70,0 : 0.7529"
"0,71 : 0.5215"
"71,0 : 0.5215"
"0,72 : 0.164"
"72,0 : 0.164"
"0,73 : 0.6122"
"73,0 : 0.6122"
"0,74 : 0.117"
"74,0 : 0.117"
"0,75 : 0.1063"
"75,0 : 0.1063"
"0,76 : 0.5855"
"76,0 : 0.5855"
"0,77 : 0.7218"
"77,0 : 0.7218"
"0,78 : 0.4105"
"78,0 : 0.4105"
"0,79 : 0.13"
"79,0 : 0.13"
"0,80 : 0.3544"
"80,0 : 0.3544"
"0,81 : 0.7003"
"81,0 : 0.7003"
"0,82 : 0.5277"
"82,0 : 0.5277"
"0,83 : 0.1726"
"83,0 : 0.1726"
"0,84 : 0.6223"
"84,0 : 0.6223"
"0,85 : 0.5122"
"85,0 : 0.5122"
"0,86 : 0.099"
"86,0 : 0.099"
"0,87 : 0.3936"
"87,0 : 0.3936"
"0,88 : 0.8163"
"88,0 : 0.8163"
"0,89 : 0.264"
"89,0 : 0.264"
"0,90 : 0.1281"
"90,0 : 0.1281"
"0,91 : 0.1603"
"91,0 : 0.1603"
"0,92 : 0.4817"
"92,0 : 0.4817"
"0,93 : 0.6485"
"93,0 : 0.6485"
"0,94 : 0.3448"
"94,0 : 0.3448"
"0,95 : 0.31"
"95,0 : 0.31"
"0,96 : 0.4965"
"96,0 : 0.4965"
"0,97 : 0.3162"
"97,0 : 0.3162"
"0,98 : 0.264"
"98,0 : 0.264"
"0,99 : 0.2419"
"99,0 : 0.2419"
"1,2 : 0.6306"
"2,1 : 0.6306"
"1,3 : 0.6603"
"3,1 : 0.6603"
"1,4 : 0.1476"
"4,1 : 0.1476"
"1,5 : 0.2154"
"5,1 : 0.2154"
"1,6 : 0.34"
"6,1 : 0.34"
"1,7 : 0.4662"
"7,1 : 0.4662"
"1,8 : 0.3265"
"8,1 : 0.3265"
"1,9 : 0.2751"
"9,1 : 0.2751"
"1,10 : 0.3239"
"10,1 : 0.3239"
"1,11 : 0.3448"
"11,1 : 0.3448"
"1,12 : 0.4357"
"12,1 : 0.4357"
"1,13 : 0.2625"
"13,1 : 0.2625"
"1,14 : 0.2408"
"14,1 : 0.2408"
"1,15 : 0.2693"
"15,1 : 0.2693"
"1,16 : 0.2886"
"16,1 : 0.2886"
"1,17 : 0.3"
"17,1 : 0.3"
"1,18 : 0.4903"
"18,1 : 0.4903"
"1,19 : 0.6607"
"19,1 : 0.6607"
"1,20 : 0.4589"
"20,1 : 0.4589"
"1,21 : 0.5993"
"21,1 : 0.5993"
"1,22 : 0.2746"
"22,1 : 0.2746"
"1,23 : 0.2247"
"23,1 : 0.2247"
"1,24 : 0.6037"
"24,1 : 0.6037"
"1,25 : 0.2691"
"25,1 : 0.2691"
"1,26 : 0.2729"
"26,1 : 0.2729"
"1,27 : 0.0539"
"27,1 : 0.0539"
"1,28 : 0.6742"
"28,1 : 0.6742"
"1,29 : 0.3891"
"29,1 : 0.3891"
"1,30 : 0.5846"
"30,1 : 0.5846"
"1,31 : 0.4243"
"31,1 : 0.4243"
"1,32 : 0.6803"
"32,1 : 0.6803"
"1,33 : 0.222"
"33,1 : 0.222"
"1,34 : 0.2816"
"34,1 : 0.2816"
"1,35 : 0.5743"
"35,1 : 0.5743"
"1,36 : 0.3036"
"36,1 : 0.3036"
"1,37 : 0.6243"
"37,1 : 0.6243"
"1,38 : 0.0943"
"38,1 : 0.0943"
"1,39 : 0.3701"
"39,1 : 0.3701"
"1,40 : 0.5101"
"40,1 : 0.5101"
"1,41 : 0.3538"
"41,1 : 0.3538"
"1,42 : 0.5701"
"42,1 : 0.5701"
"1,43 : 0.4785"
"43,1 : 0.4785"
"1,44 : 0.3754"
"44,1 : 0.3754"
"1,45 : 0.6203"
"45,1 : 0.6203"
"1,46 : 0.1868"
"46,1 : 0.1868"
"1,47 : 0.2693"
"47,1 : 0.2693"
"1,48 : 0.103"
"48,1 : 0.103"
"1,49 : 0.6001"
"49,1 : 0.6001"
"1,50 : 0.5482"
"50,1 : 0.5482"
"1,51 : 0.264"
"51,1 : 0.264"
"1,52 : 0.5824"
"52,1 : 0.5824"
"1,53 : 0.247"
"53,1 : 0.247"
"1,54 : 0.25"
"54,1 : 0.25"
"1,55 : 0.3329"
"55,1 : 0.3329"
"1,56 : 0.8983"
"56,1 : 0.8983"
"1,57 : 0.7632"
"57,1 : 0.7632"
"1,58 : 0.5404"
"58,1 : 0.5404"
"1,59 : 0.5818"
"59,1 : 0.5818"
"1,60 : 0.23"
"60,1 : 0.23"
"1,61 : 0.2702"
"61,1 : 0.2702"
"1,62 : 0.5601"
"62,1 : 0.5601"
"1,63 : 0.4249"
"63,1 : 0.4249"
"1,64 : 0.6382"
"64,1 : 0.6382"
"1,65 : 0.5694"
"65,1 : 0.5694"
"1,66 : 0.6239"
"66,1 : 0.6239"
"1,67 : 0.6339"
"67,1 : 0.6339"
"1,68 : 0.1166"
"68,1 : 0.1166"
"1,69 : 0.1616"
"69,1 : 0.1616"
"1,70 : 0.3023"
"70,1 : 0.3023"
"1,71 : 0.051"
"71,1 : 0.051"
"1,72 : 0.3716"
"72,1 : 0.3716"
"1,73 : 0.4301"
"73,1 : 0.4301"
"1,74 : 0.5801"
"74,1 : 0.5801"
"1,75 : 0.5408"
"75,1 : 0.5408"
"1,76 : 0.1703"
"76,1 : 0.1703"
"1,77 : 0.253"
"77,1 : 0.253"
"1,78 : 0.4579"
"78,1 : 0.4579"
"1,79 : 0.5471"
"79,1 : 0.5471"
"1,80 : 0.1393"
"80,1 : 0.1393"
"1,81 : 0.2404"
"81,1 : 0.2404"
"1,82 : 0.7991"
"82,1 : 0.7991"
"1,83 : 0.6403"
"83,1 : 0.6403"
"1,84 : 0.4909"
"84,1 : 0.4909"
"1,85 : 0.4743"
"85,1 : 0.4743"
"1,86 : 0.4176"
"86,1 : 0.4176"
"1,87 : 0.4941"
"87,1 : 0.4941"
"1,88 : 0.5233"
"88,1 : 0.5233"
"1,89 : 0.2377"
"89,1 : 0.2377"
"1,90 : 0.4179"
"90,1 : 0.4179"
"1,91 : 0.3158"
"91,1 : 0.3158"
"1,92 : 0.6825"
"92,1 : 0.6825"
"1,93 : 0.283"
"93,1 : 0.283"
"1,94 : 0.6851"
"94,1 : 0.6851"
"1,95 : 0.5371"
"95,1 : 0.5371"
"1,96 : 0.7708"
"96,1 : 0.7708"
"1,97 : 0.6831"
"97,1 : 0.6831"
"1,98 : 0.6485"
"98,1 : 0.6485"
"1,99 : 0.6113"
"99,1 : 0.6113"
"2,3 : 0.8493"
"3,2 : 0.8493"
"2,4 : 0.5155"
"4,2 : 0.5155"
"2,5 : 0.6859"
"5,2 : 0.6859"
"2,6 : 0.8698"
"6,2 : 0.8698"
"2,7 : 0.7301"
"7,2 : 0.7301"
"2,8 : 0.6435"
"8,2 : 0.6435"
"2,9 : 0.844"
"9,2 : 0.844"
"2,10 : 0.3394"
"10,2 : 0.3394"
"2,11 : 0.2983"
"11,2 : 0.2983"
"2,12 : 0.794"
"12,2 : 0.794"
"2,13 : 0.4002"
"13,2 : 0.4002"
"2,14 : 0.7284"
"14,2 : 0.7284"
"2,15 : 0.6684"
"15,2 : 0.6684"
"2,16 : 0.8683"
"16,2 : 0.8683"
"2,17 : 0.3384"
"17,2 : 0.3384"
"2,18 : 0.3981"
"18,2 : 0.3981"
"2,19 : 0.8122"
"19,2 : 0.8122"
"2,20 : 0.3956"
"20,2 : 0.3956"
"2,21 : 1.1667"
"21,2 : 1.1667"
"2,22 : 0.3585"
"22,2 : 0.3585"
"2,23 : 0.5523"
"23,2 : 0.5523"
"2,24 : 0.0283"
"24,2 : 0.0283"
"2,25 : 0.592"
"25,2 : 0.592"
"2,26 : 0.5204"
"26,2 : 0.5204"
"2,27 : 0.6671"
"27,2 : 0.6671"
"2,28 : 0.086"
"28,2 : 0.086"
"2,29 : 0.5057"
"29,2 : 0.5057"
"2,30 : 0.1603"
"30,2 : 0.1603"
"2,31 : 1.0429"
"31,2 : 1.0429"
"2,32 : 0.2955"
"32,2 : 0.2955"
"2,33 : 0.7355"
"33,2 : 0.7355"
"2,34 : 0.7376"
"34,2 : 0.7376"
"2,35 : 0.2202"
"35,2 : 0.2202"
"2,36 : 0.9311"
"36,2 : 0.9311"
"2,37 : 0.8246"
"37,2 : 0.8246"
"2,38 : 0.7134"
"38,2 : 0.7134"
"2,39 : 0.5558"
"39,2 : 0.5558"
"2,40 : 0.2844"
"40,2 : 0.2844"
"2,41 : 0.609"
"41,2 : 0.609"
"2,42 : 0.6494"
"42,2 : 0.6494"
"2,43 : 1.0542"
"43,2 : 1.0542"
"2,44 : 0.3102"
"44,2 : 0.3102"
"2,45 : 0.0728"
"45,2 : 0.0728"
"2,46 : 0.6935"
"46,2 : 0.6935"
"2,47 : 0.6612"
"47,2 : 0.6612"
"2,48 : 0.7336"
"48,2 : 0.7336"
"2,49 : 0.5301"
"49,2 : 0.5301"
"2,50 : 0.6433"
"50,2 : 0.6433"
"2,51 : 0.6403"
"51,2 : 0.6403"
"2,52 : 0.45"
"52,2 : 0.45"
"2,53 : 0.8766"
"53,2 : 0.8766"
"2,54 : 0.8233"
"54,2 : 0.8233"
"2,55 : 0.3008"
"55,2 : 0.3008"
"2,56 : 0.9144"
"56,2 : 0.9144"
"2,57 : 0.6958"
"57,2 : 0.6958"
"2,58 : 1.0126"
"58,2 : 1.0126"
"2,59 : 0.051"
"59,2 : 0.051"
"2,60 : 0.4393"
"60,2 : 0.4393"
"2,61 : 0.8969"
"61,2 : 0.8969"
"2,62 : 0.3"
"62,2 : 0.3"
"2,63 : 0.5126"
"63,2 : 0.5126"
"2,64 : 0.6612"
"64,2 : 0.6612"
"2,65 : 0.07"
"65,2 : 0.07"
"2,66 : 1.0335"
"66,2 : 1.0335"
"2,67 : 0.2309"
"67,2 : 0.2309"
"2,68 : 0.7325"
"68,2 : 0.7325"
"2,69 : 0.7603"
"69,2 : 0.7603"
"2,70 : 0.8188"
"70,2 : 0.8188"
"2,71 : 0.6798"
"71,2 : 0.6798"
"2,72 : 0.4919"
"72,2 : 0.4919"
"2,73 : 0.9183"
"73,2 : 0.9183"
"2,74 : 0.3007"
"74,2 : 0.3007"
"2,75 : 0.2608"
"75,2 : 0.2608"
"2,76 : 0.7908"
"76,2 : 0.7908"
"2,77 : 0.8271"
"77,2 : 0.8271"
"2,78 : 0.7515"
"78,2 : 0.7515"
"2,79 : 0.4617"
"79,2 : 0.4617"
"2,80 : 0.4924"
"80,2 : 0.4924"
"2,81 : 0.8682"
"81,2 : 0.8682"
"2,82 : 0.86"
"82,2 : 0.86"
"2,83 : 0.3202"
"83,2 : 0.3202"
"2,84 : 0.943"
"84,2 : 0.943"
"2,85 : 0.846"
"85,2 : 0.846"
"2,86 : 0.4401"
"86,2 : 0.4401"
"2,87 : 0.7409"
"87,2 : 0.7409"
"2,88 : 1.0962"
"88,2 : 1.0962"
"2,89 : 0.4022"
"89,2 : 0.4022"
"2,90 : 0.4717"
"90,2 : 0.4717"
"2,91 : 0.4301"
"91,2 : 0.4301"
"2,92 : 0.8302"
"92,2 : 0.8302"
"2,93 : 0.886"
"93,2 : 0.886"
"2,94 : 0.6701"
"94,2 : 0.6701"
"2,95 : 0.0949"
"95,2 : 0.0949"
"2,96 : 0.8301"
"96,2 : 0.8301"
"2,97 : 0.1204"
"97,2 : 0.1204"
"2,98 : 0.5803"
"98,2 : 0.5803"
"2,99 : 0.1334"
"99,2 : 0.1334"
"3,4 : 0.7382"
"4,3 : 0.7382"
"3,5 : 0.4534"
"5,3 : 0.4534"
"3,6 : 0.9759"
"6,3 : 0.9759"
"3,7 : 0.1942"
"7,3 : 0.1942"
"3,8 : 0.3362"
"8,3 : 0.3362"
"3,9 : 0.8981"
"9,3 : 0.8981"
"3,10 : 0.593"
"10,3 : 0.593"
"3,11 : 0.642"
"11,3 : 0.642"
"3,12 : 1.0955"
"12,3 : 1.0955"
"3,13 : 0.7692"
"13,3 : 0.7692"
"3,14 : 0.9"
"14,3 : 0.9"
"3,15 : 0.392"
"15,3 : 0.392"
"3,16 : 0.8987"
"16,3 : 0.8987"
"3,17 : 0.7335"
"17,3 : 0.7335"
"3,18 : 0.4512"
"18,3 : 0.4512"
"3,19 : 0.05"
"19,3 : 0.05"
"3,20 : 0.4554"
"20,3 : 0.4554"
"3,21 : 0.64"
"21,3 : 0.64"
"3,22 : 0.7061"
"22,3 : 0.7061"
"3,23 : 0.461"
"23,3 : 0.461"
"3,24 : 0.8257"
"24,3 : 0.8257"
"3,25 : 0.4025"
"25,3 : 0.4025"
"3,26 : 0.8785"
"26,3 : 0.8785"
"3,27 : 0.706"
"27,3 : 0.706"
"3,28 : 0.8191"
"28,3 : 0.8191"
"3,29 : 0.3712"
"29,3 : 0.3712"
"3,30 : 0.6964"
"30,3 : 0.6964"
"3,31 : 0.7211"
"31,3 : 0.7211"
"3,32 : 0.6353"
"32,3 : 0.6353"
"3,33 : 0.4742"
"33,3 : 0.4742"
"3,34 : 0.4036"
"34,3 : 0.4036"
"3,35 : 0.6389"
"35,3 : 0.6389"
"3,36 : 0.8071"
"36,3 : 0.8071"
"3,37 : 0.0361"
"37,3 : 0.0361"
"3,38 : 0.6297"
"38,3 : 0.6297"
"3,39 : 0.9823"
"39,3 : 0.9823"
"3,40 : 0.5652"
"40,3 : 0.5652"
"3,41 : 0.3231"
"41,3 : 0.3231"
"3,42 : 0.2025"
"42,3 : 0.2025"
"3,43 : 0.6002"
"43,3 : 0.6002"
"3,44 : 0.8302"
"44,3 : 0.8302"
"3,45 : 0.7859"
"45,3 : 0.7859"
"3,46 : 0.4884"
"46,3 : 0.4884"
"3,47 : 0.9244"
"47,3 : 0.9244"
"3,48 : 0.679"
"48,3 : 0.679"
"3,49 : 0.3448"
"49,3 : 0.3448"
"3,50 : 0.2062"
"50,3 : 0.2062"
"3,51 : 0.3966"
"51,3 : 0.3966"
"3,52 : 0.4205"
"52,3 : 0.4205"
"3,53 : 0.758"
"53,3 : 0.758"
"3,54 : 0.5408"
"54,3 : 0.5408"
"3,55 : 0.7269"
"55,3 : 0.7269"
"3,56 : 0.2816"
"56,3 : 0.2816"
"3,57 : 0.3041"
"57,3 : 0.3041"
"3,58 : 0.4"
"58,3 : 0.4"
"3,59 : 0.8302"
"59,3 : 0.8302"
"3,60 : 0.5604"
"60,3 : 0.5604"
"3,61 : 0.6964"
"61,3 : 0.6964"
"3,62 : 0.5597"
"62,3 : 0.5597"
"3,63 : 0.35"
"63,3 : 0.35"
"3,64 : 0.2202"
"64,3 : 0.2202"
"3,65 : 0.8373"
"65,3 : 0.8373"
"3,66 : 0.3202"
"66,3 : 0.3202"
"3,67 : 0.6592"
"67,3 : 0.6592"
"3,68 : 0.6223"
"68,3 : 0.6223"
"3,69 : 0.588"
"69,3 : 0.588"
"3,70 : 0.9492"
"70,3 : 0.9492"
"3,71 : 0.6825"
"71,3 : 0.6825"
"3,72 : 0.392"
"72,3 : 0.392"
"3,73 : 0.4052"
"73,3 : 0.4052"
"3,74 : 0.5665"
"74,3 : 0.5665"
"3,75 : 0.592"
"75,3 : 0.592"
"3,76 : 0.6389"
"76,3 : 0.6389"
"3,77 : 0.8768"
"77,3 : 0.8768"
"3,78 : 0.2052"
"78,3 : 0.2052"
"3,79 : 0.3956"
"79,3 : 0.3956"
"3,80 : 0.6408"
"80,3 : 0.6408"
"3,81 : 0.7701"
"81,3 : 0.7701"
"3,82 : 0.1825"
"82,3 : 0.1825"
"3,83 : 0.5814"
"83,3 : 0.5814"
"3,84 : 0.3536"
"84,3 : 0.3536"
"3,85 : 0.247"
"85,3 : 0.247"
"3,86 : 0.4205"
"86,3 : 0.4205"
"3,87 : 0.1664"
"87,3 : 0.1664"
"3,88 : 0.614"
"88,3 : 0.614"
"3,89 : 0.6185"
"89,3 : 0.6185"
"3,90 : 0.3901"
"90,3 : 0.3901"
"3,91 : 0.4851"
"91,3 : 0.4851"
"3,92 : 0.051"
"92,3 : 0.051"
"3,93 : 0.609"
"93,3 : 0.609"
"3,94 : 0.2484"
"94,3 : 0.2484"
"3,95 : 0.805"
"95,3 : 0.805"
"3,96 : 0.17"
"96,3 : 0.17"
"3,97 : 0.7971"
"97,3 : 0.7971"
"3,98 : 0.3202"
"98,3 : 0.3202"
"3,99 : 0.7308"
"99,3 : 0.7308"
"4,5 : 0.3302"
"5,4 : 0.3302"
"4,6 : 0.3712"
"6,4 : 0.3712"
"4,7 : 0.5478"
"7,4 : 0.5478"
"4,8 : 0.405"
"8,4 : 0.405"
"4,9 : 0.3324"
"9,4 : 0.3324"
"4,10 : 0.2625"
"10,4 : 0.2625"
"4,11 : 0.2617"
"11,4 : 0.2617"
"4,12 : 0.3842"
"12,4 : 0.3842"
"4,13 : 0.1221"
"13,4 : 0.1221"
"4,14 : 0.2354"
"14,4 : 0.2354"
"4,15 : 0.3667"
"15,4 : 0.3667"
"4,16 : 0.3551"
"16,4 : 0.3551"
"4,17 : 0.1772"
"17,4 : 0.1772"
"4,18 : 0.4701"
"18,4 : 0.4701"
"4,19 : 0.7295"
"19,4 : 0.7295"
"4,20 : 0.4391"
"20,4 : 0.4391"
"4,21 : 0.7469"
"21,4 : 0.7469"
"4,22 : 0.1612"
"22,4 : 0.1612"
"4,23 : 0.2773"
"23,4 : 0.2773"
"4,24 : 0.4904"
"24,4 : 0.4904"
"4,25 : 0.3362"
"25,4 : 0.3362"
"4,26 : 0.1432"
"26,4 : 0.1432"
"4,27 : 0.1628"
"27,4 : 0.1628"
"4,28 : 0.5707"
"28,4 : 0.5707"
"4,29 : 0.4104"
"29,4 : 0.4104"
"4,30 : 0.5"
"30,4 : 0.5"
"4,31 : 0.5673"
"31,4 : 0.5673"
"4,32 : 0.6198"
"32,4 : 0.6198"
"4,33 : 0.3523"
"33,4 : 0.3523"
"4,34 : 0.4001"
"34,4 : 0.4001"
"4,35 : 0.5036"
"35,4 : 0.5036"
"4,36 : 0.4219"
"36,4 : 0.4219"
"4,37 : 0.7026"
"37,4 : 0.7026"
"4,38 : 0.2419"
"38,4 : 0.2419"
"4,39 : 0.2474"
"39,4 : 0.2474"
"4,40 : 0.4561"
"40,4 : 0.4561"
"4,41 : 0.4159"
"41,4 : 0.4159"
"4,42 : 0.6122"
"42,4 : 0.6122"
"4,43 : 0.6261"
"43,4 : 0.6261"
"4,44 : 0.2343"
"44,4 : 0.2343"
"4,45 : 0.5179"
"45,4 : 0.5179"
"4,46 : 0.3106"
"46,4 : 0.3106"
"4,47 : 0.2081"
"47,4 : 0.2081"
"4,48 : 0.2408"
"48,4 : 0.2408"
"4,49 : 0.6061"
"49,4 : 0.6061"
"4,50 : 0.592"
"50,4 : 0.592"
"4,51 : 0.3517"
"51,4 : 0.3517"
"4,52 : 0.5694"
"52,4 : 0.5694"
"4,53 : 0.372"
"53,4 : 0.372"
"4,54 : 0.3956"
"54,4 : 0.3956"
"4,55 : 0.2159"
"55,4 : 0.2159"
"4,56 : 0.9481"
"56,4 : 0.9481"
"4,57 : 0.7857"
"57,4 : 0.7857"
"4,58 : 0.676"
"58,4 : 0.676"
"4,59 : 0.4649"
"59,4 : 0.4649"
"4,60 : 0.2062"
"60,4 : 0.2062"
"4,61 : 0.4104"
"61,4 : 0.4104"
"4,62 : 0.5096"
"62,4 : 0.5096"
"4,63 : 0.4455"
"63,4 : 0.4455"
"4,64 : 0.6727"
"64,4 : 0.6727"
"4,65 : 0.4494"
"65,4 : 0.4494"
"4,66 : 0.75"
"66,4 : 0.75"
"4,67 : 0.5632"
"67,4 : 0.5632"
"4,68 : 0.2642"
"68,4 : 0.2642"
"4,69 : 0.3087"
"69,4 : 0.3087"
"4,70 : 0.3225"
"70,4 : 0.3225"
"4,71 : 0.1844"
"71,4 : 0.1844"
"4,72 : 0.389"
"72,4 : 0.389"
"4,73 : 0.5657"
"73,4 : 0.5657"
"4,74 : 0.5289"
"74,4 : 0.5289"
"4,75 : 0.4805"
"75,4 : 0.4805"
"4,76 : 0.3162"
"76,4 : 0.3162"
"4,77 : 0.314"
"77,4 : 0.314"
"4,78 : 0.5471"
"78,4 : 0.5471"
"4,79 : 0.5408"
"79,4 : 0.5408"
"4,80 : 0.1"
"80,4 : 0.1"
"4,81 : 0.3606"
"81,4 : 0.3606"
"4,82 : 0.8545"
"82,4 : 0.8545"
"4,83 : 0.5894"
"83,4 : 0.5894"
"4,84 : 0.6213"
"84,4 : 0.6213"
"4,85 : 0.5855"
"85,4 : 0.5855"
"4,86 : 0.414"
"86,4 : 0.414"
"4,87 : 0.5738"
"87,4 : 0.5738"
"4,88 : 0.6708"
"88,4 : 0.6708"
"4,89 : 0.1746"
"89,4 : 0.1746"
"4,90 : 0.4252"
"90,4 : 0.4252"
"4,91 : 0.3061"
"91,4 : 0.3061"
"4,92 : 0.7518"
"92,4 : 0.7518"
"4,93 : 0.4305"
"93,4 : 0.4305"
"4,94 : 0.7142"
"94,4 : 0.7142"
"4,95 : 0.4206"
"95,4 : 0.4206"
"4,96 : 0.8242"
"96,4 : 0.8242"
"4,97 : 0.5855"
"97,4 : 0.5855"
"4,98 : 0.6607"
"98,4 : 0.6607"
"4,99 : 0.5209"
"99,4 : 0.5209"
"5,6 : 0.5235"
"6,5 : 0.5235"
"5,7 : 0.2617"
"7,5 : 0.2617"
"5,8 : 0.1393"
"8,5 : 0.1393"
"5,9 : 0.4469"
"9,5 : 0.4469"
"5,10 : 0.3466"
"10,5 : 0.3466"
"5,11 : 0.3905"
"11,5 : 0.3905"
"5,12 : 0.6488"
"12,5 : 0.6488"
"5,13 : 0.41"
"13,5 : 0.41"
"5,14 : 0.4494"
"14,5 : 0.4494"
"5,15 : 0.0671"
"15,5 : 0.0671"
"5,16 : 0.45"
"16,5 : 0.45"
"5,17 : 0.4123"
"17,5 : 0.4123"
"5,18 : 0.4123"
"18,5 : 0.4123"
"5,19 : 0.4601"
"19,5 : 0.4601"
"5,20 : 0.386"
"20,5 : 0.386"
"5,21 : 0.4808"
"21,5 : 0.4808"
"5,22 : 0.3808"
"22,5 : 0.3808"
"5,23 : 0.136"
"23,5 : 0.136"
"5,24 : 0.6576"
"24,5 : 0.6576"
"5,25 : 0.1217"
"25,5 : 0.1217"
"5,26 : 0.4717"
"26,5 : 0.4717"
"5,27 : 0.2555"
"27,5 : 0.2555"
"5,28 : 0.7043"
"28,5 : 0.7043"
"5,29 : 0.2717"
"29,5 : 0.2717"
"5,30 : 0.5908"
"30,5 : 0.5908"
"5,31 : 0.3929"
"31,5 : 0.3929"
"5,32 : 0.6391"
"32,5 : 0.6391"
"5,33 : 0.0539"
"33,5 : 0.0539"
"5,34 : 0.07"
"34,5 : 0.07"
"5,35 : 0.5595"
"35,5 : 0.5595"
"5,36 : 0.386"
"36,5 : 0.386"
"5,37 : 0.4177"
"37,5 : 0.4177"
"5,38 : 0.1769"
"38,5 : 0.1769"
"5,39 : 0.5743"
"39,5 : 0.5743"
"5,40 : 0.4785"
"40,5 : 0.4785"
"5,41 : 0.1844"
"41,5 : 0.1844"
"5,42 : 0.3992"
"42,5 : 0.3992"
"5,43 : 0.3701"
"43,5 : 0.3701"
"5,44 : 0.5092"
"44,5 : 0.5092"
"5,45 : 0.653"
"45,5 : 0.653"
"5,46 : 0.0361"
"46,5 : 0.0361"
"5,47 : 0.4847"
"47,5 : 0.4847"
"5,48 : 0.2267"
"48,5 : 0.2267"
"5,49 : 0.4717"
"49,5 : 0.4717"
"5,50 : 0.377"
"50,5 : 0.377"
"5,51 : 0.0806"
"51,5 : 0.0806"
"5,52 : 0.4817"
"52,5 : 0.4817"
"5,53 : 0.3289"
"53,5 : 0.3289"
"5,54 : 0.1552"
"54,5 : 0.1552"
"5,55 : 0.4294"
"55,5 : 0.4294"
"5,56 : 0.708"
"56,5 : 0.708"
"5,57 : 0.6041"
"57,5 : 0.6041"
"5,58 : 0.3544"
"58,5 : 0.3544"
"5,59 : 0.6444"
"59,5 : 0.6444"
"5,60 : 0.25"
"60,5 : 0.25"
"5,61 : 0.2915"
"61,5 : 0.2915"
"5,62 : 0.5162"
"62,5 : 0.5162"
"5,63 : 0.3002"
"63,5 : 0.3002"
"5,64 : 0.4717"
"64,5 : 0.4717"
"5,65 : 0.6389"
"65,5 : 0.6389"
"5,66 : 0.4201"
"66,5 : 0.4201"
"5,67 : 0.6127"
"67,5 : 0.6127"
"5,68 : 0.172"
"68,5 : 0.172"
"5,69 : 0.1487"
"69,5 : 0.1487"
"5,70 : 0.4958"
"70,5 : 0.4958"
"5,71 : 0.2302"
"71,5 : 0.2302"
"5,72 : 0.2648"
"72,5 : 0.2648"
"5,73 : 0.247"
"73,5 : 0.247"
"5,74 : 0.5349"
"74,5 : 0.5349"
"5,75 : 0.5143"
"75,5 : 0.5143"
"5,76 : 0.2025"
"76,5 : 0.2025"
"5,77 : 0.4252"
"77,5 : 0.4252"
"5,78 : 0.2484"
"78,5 : 0.2484"
"5,79 : 0.441"
"79,5 : 0.441"
"5,80 : 0.255"
"80,5 : 0.255"
"5,81 : 0.3362"
"81,5 : 0.3362"
"5,82 : 0.6061"
"82,5 : 0.6061"
"5,83 : 0.5882"
"83,5 : 0.5882"
"5,84 : 0.2943"
"84,5 : 0.2943"
"5,85 : 0.2596"
"85,5 : 0.2596"
"5,86 : 0.3298"
"86,5 : 0.3298"
"5,87 : 0.29"
"87,5 : 0.29"
"5,88 : 0.4111"
"88,5 : 0.4111"
"5,89 : 0.3002"
"89,5 : 0.3002"
"5,90 : 0.314"
"90,5 : 0.314"
"5,91 : 0.2693"
"91,5 : 0.2693"
"5,92 : 0.481"
"92,5 : 0.481"
"5,93 : 0.2335"
"93,5 : 0.2335"
"5,94 : 0.522"
"94,5 : 0.522"
"5,95 : 0.6031"
"95,5 : 0.6031"
"5,96 : 0.5801"
"96,5 : 0.5801"
"5,97 : 0.7021"
"97,5 : 0.7021"
"5,98 : 0.508"
"98,5 : 0.508"
"5,99 : 0.6243"
"99,5 : 0.6243"
"6,7 : 0.7852"
"7,6 : 0.7852"
"6,8 : 0.6544"
"8,6 : 0.6544"
"6,9 : 0.0806"
"9,6 : 0.0806"
"6,10 : 0.6297"
"10,6 : 0.6297"
"6,11 : 0.6329"
"11,6 : 0.6329"
"6,12 : 0.2214"
"12,6 : 0.2214"
"6,13 : 0.4717"
"13,6 : 0.4717"
"6,14 : 0.1414"
"14,6 : 0.1414"
"6,15 : 0.588"
"15,6 : 0.588"
"6,16 : 0.0922"
"16,6 : 0.0922"
"6,17 : 0.5404"
"17,6 : 0.5404"
"6,18 : 0.8222"
"18,6 : 0.8222"
"6,19 : 0.9835"
"19,6 : 0.9835"
"6,20 : 0.7906"
"20,6 : 0.7906"
"6,21 : 0.7011"
"21,6 : 0.7011"
"6,22 : 0.5301"
"22,6 : 0.5301"
"6,23 : 0.5644"
"23,6 : 0.5644"
"6,24 : 0.8472"
"24,6 : 0.8472"
"6,25 : 0.6046"
"25,6 : 0.6046"
"6,26 : 0.3574"
"26,6 : 0.3574"
"6,27 : 0.2865"
"27,6 : 0.2865"
"6,28 : 0.9334"
"28,6 : 0.9334"
"6,29 : 0.729"
"29,6 : 0.729"
"6,30 : 0.8705"
"30,6 : 0.8705"
"6,31 : 0.46"
"31,6 : 0.46"
"6,32 : 0.9899"
"32,6 : 0.9899"
"6,33 : 0.5033"
"33,6 : 0.5033"
"6,34 : 0.5738"
"34,6 : 0.5738"
"6,35 : 0.8746"
"35,6 : 0.8746"
"6,36 : 0.2502"
"36,6 : 0.2502"
"6,37 : 0.9405"
"37,6 : 0.9405"
"6,38 : 0.3466"
"38,6 : 0.3466"
"6,39 : 0.3744"
"39,6 : 0.3744"
"6,40 : 0.8238"
"40,6 : 0.8238"
"6,41 : 0.6882"
"41,6 : 0.6882"
"6,42 : 0.907"
"42,6 : 0.907"
"6,43 : 0.5968"
"43,6 : 0.5968"
"6,44 : 0.5629"
"44,6 : 0.5629"
"6,45 : 0.882"
"45,6 : 0.882"
"6,46 : 0.488"
"46,6 : 0.488"
"6,47 : 0.2193"
"47,6 : 0.2193"
"6,48 : 0.297"
"48,6 : 0.297"
"6,49 : 0.9394"
"49,6 : 0.9394"
"6,50 : 0.8848"
"50,6 : 0.8848"
"6,51 : 0.5903"
"51,6 : 0.5903"
"6,52 : 0.9176"
"52,6 : 0.9176"
"6,53 : 0.2596"
"53,6 : 0.2596"
"6,54 : 0.4614"
"54,6 : 0.4614"
"6,55 : 0.5803"
"55,6 : 0.5803"
"6,56 : 1.2292"
"56,6 : 1.2292"
"6,57 : 1.1028"
"57,6 : 1.1028"
"6,58 : 0.7539"
"58,6 : 0.7539"
"6,59 : 0.8188"
"59,6 : 0.8188"
"6,60 : 0.5536"
"60,6 : 0.5536"
"6,61 : 0.3421"
"61,6 : 0.3421"
"6,62 : 0.8766"
"62,6 : 0.8766"
"6,63 : 0.7648"
"63,6 : 0.7648"
"6,64 : 0.9764"
"64,6 : 0.9764"
"6,65 : 0.8006"
"65,6 : 0.8006"
"6,66 : 0.8633"
"66,6 : 0.8633"
"6,67 : 0.9343"
"67,6 : 0.9343"
"6,68 : 0.3538"
"68,6 : 0.3538"
"6,69 : 0.392"
"69,6 : 0.392"
"6,70 : 0.051"
"70,6 : 0.051"
"6,71 : 0.3023"
"71,6 : 0.3023"
"6,72 : 0.7111"
"72,6 : 0.7111"
"6,73 : 0.6574"
"73,6 : 0.6574"
"6,74 : 0.8963"
"74,6 : 0.8963"
"6,75 : 0.85"
"75,6 : 0.85"
"6,76 : 0.3467"
"76,6 : 0.3467"
"6,77 : 0.1"
"77,6 : 0.1"
"6,78 : 0.7708"
"78,6 : 0.7708"
"6,79 : 0.8839"
"79,6 : 0.8839"
"6,80 : 0.4438"
"80,6 : 0.4438"
"6,81 : 0.2404"
"81,6 : 0.2404"
"6,82 : 1.1281"
"82,6 : 1.1281"
"6,83 : 0.9571"
"83,6 : 0.9571"
"6,84 : 0.729"
"84,6 : 0.729"
"6,85 : 0.758"
"85,6 : 0.758"
"6,86 : 0.7539"
"86,6 : 0.7539"
"6,87 : 0.8134"
"87,6 : 0.8134"
"6,88 : 0.6339"
"88,6 : 0.6339"
"6,89 : 0.5394"
"89,6 : 0.5394"
"6,90 : 0.7564"
"90,6 : 0.7564"
"6,91 : 0.6485"
"91,6 : 0.6485"
"6,92 : 1.0045"
"92,6 : 1.0045"
"6,93 : 0.4272"
"93,6 : 0.4272"
"6,94 : 1.024"
"94,6 : 1.024"
"6,95 : 0.7765"
"95,6 : 0.7765"
"6,96 : 1.1011"
"96,6 : 1.1011"
"6,97 : 0.9513"
"97,6 : 0.9513"
"6,98 : 0.9884"
"98,6 : 0.9884"
"6,99 : 0.89"
"99,6 : 0.89"
"7,8 : 0.1432"
"8,7 : 0.1432"
"7,9 : 0.7084"
"9,7 : 0.7084"
"7,10 : 0.4329"
"10,7 : 0.4329"
"7,11 : 0.4837"
"11,7 : 0.4837"
"7,12 : 0.9014"
"12,7 : 0.9014"
"7,13 : 0.5886"
"13,7 : 0.5886"
"7,14 : 0.706"
"14,7 : 0.706"
"7,15 : 0.1985"
"15,7 : 0.1985"
"7,16 : 0.7106"
"16,7 : 0.7106"
"7,17 : 0.5608"
"17,7 : 0.5608"
"7,18 : 0.35"
"18,7 : 0.35"
"7,19 : 0.1985"
"19,7 : 0.1985"
"7,20 : 0.3413"
"20,7 : 0.3413"
"7,21 : 0.5536"
"21,7 : 0.5536"
"7,22 : 0.5315"
"22,7 : 0.5315"
"7,23 : 0.272"
"23,7 : 0.272"
"7,24 : 0.7038"
"24,7 : 0.7038"
"7,25 : 0.2119"
"25,7 : 0.2119"
"7,26 : 0.6895"
"26,7 : 0.6895"
"7,27 : 0.5122"
"27,7 : 0.5122"
"7,28 : 0.7169"
"28,7 : 0.7169"
"7,29 : 0.2247"
"29,7 : 0.2247"
"7,30 : 0.5917"
"30,7 : 0.5917"
"7,31 : 0.5756"
"31,7 : 0.5756"
"7,32 : 0.5728"
"32,7 : 0.5728"
"7,33 : 0.2884"
"33,7 : 0.2884"
"7,34 : 0.2195"
"34,7 : 0.2195"
"7,35 : 0.5408"
"35,7 : 0.5408"
"7,36 : 0.6306"
"36,7 : 0.6306"
"7,37 : 0.1581"
"37,7 : 0.1581"
"7,38 : 0.4386"
"38,7 : 0.4386"
"7,39 : 0.7938"
"39,7 : 0.7938"
"7,40 : 0.4579"
"40,7 : 0.4579"
"7,41 : 0.1404"
"41,7 : 0.1404"
"7,42 : 0.1825"
"42,7 : 0.1825"
"7,43 : 0.4826"
"43,7 : 0.4826"
"7,44 : 0.6603"
"44,7 : 0.6603"
"7,45 : 0.6754"
"45,7 : 0.6754"
"7,46 : 0.2973"
"46,7 : 0.2973"
"7,47 : 0.7306"
"47,7 : 0.7306"
"7,48 : 0.4884"
"48,7 : 0.4884"
"7,49 : 0.313"
"49,7 : 0.313"
"7,50 : 0.1649"
"50,7 : 0.1649"
"7,51 : 0.2025"
"51,7 : 0.2025"
"7,52 : 0.364"
"52,7 : 0.364"
"7,53 : 0.578"
"53,7 : 0.578"
"7,54 : 0.3677"
"54,7 : 0.3677"
"7,55 : 0.5601"
"55,7 : 0.5601"
"7,56 : 0.4494"
"56,7 : 0.4494"
"7,57 : 0.3805"
"57,7 : 0.3805"
"7,58 : 0.3312"
"58,7 : 0.3312"
"7,59 : 0.7023"
"59,7 : 0.7023"
"7,60 : 0.3821"
"60,7 : 0.3821"
"7,61 : 0.5239"
"61,7 : 0.5239"
"7,62 : 0.4701"
"62,7 : 0.4701"
"7,63 : 0.2195"
"63,7 : 0.2195"
"7,64 : 0.2502"
"64,7 : 0.2502"
"7,65 : 0.7052"
"65,7 : 0.7052"
"7,66 : 0.3124"
"66,7 : 0.3124"
"7,67 : 0.5763"
"67,7 : 0.5763"
"7,68 : 0.4328"
"68,7 : 0.4328"
"7,69 : 0.4022"
"69,7 : 0.4022"
"7,70 : 0.7569"
"70,7 : 0.7569"
"7,71 : 0.4892"
"71,7 : 0.4892"
"7,72 : 0.2404"
"72,7 : 0.2404"
"7,73 : 0.2844"
"73,7 : 0.2844"
"7,74 : 0.4827"
"74,7 : 0.4827"
"7,75 : 0.4909"
"75,7 : 0.4909"
"7,76 : 0.4549"
"76,7 : 0.4549"
"7,77 : 0.6868"
"77,7 : 0.6868"
"7,78 : 0.0316"
"78,7 : 0.0316"
"7,79 : 0.3265"
"79,7 : 0.3265"
"7,80 : 0.4522"
"80,7 : 0.4522"
"7,81 : 0.5883"
"81,7 : 0.5883"
"7,82 : 0.3467"
"82,7 : 0.3467"
"7,83 : 0.5162"
"83,7 : 0.5162"
"7,84 : 0.264"
"84,7 : 0.264"
"7,85 : 0.1389"
"85,7 : 0.1389"
"7,86 : 0.2907"
"86,7 : 0.2907"
"7,87 : 0.0283"
"87,7 : 0.0283"
"7,88 : 0.508"
"88,7 : 0.508"
"7,89 : 0.4418"
"89,7 : 0.4418"
"7,90 : 0.2594"
"90,7 : 0.2594"
"7,91 : 0.3225"
"91,7 : 0.3225"
"7,92 : 0.2193"
"92,7 : 0.2193"
"7,93 : 0.4427"
"93,7 : 0.4427"
"7,94 : 0.3"
"94,7 : 0.3"
"7,95 : 0.6705"
"95,7 : 0.6705"
"7,96 : 0.3225"
"96,7 : 0.3225"
"7,97 : 0.7018"
"97,7 : 0.7018"
"7,98 : 0.3228"
"98,7 : 0.3228"
"7,99 : 0.6277"
"99,7 : 0.6277"
"8,9 : 0.5801"
"9,8 : 0.5801"
"8,10 : 0.3195"
"10,8 : 0.3195"
"8,11 : 0.37"
"11,8 : 0.37"
"8,12 : 0.7603"
"12,8 : 0.7603"
"8,13 : 0.4518"
"13,8 : 0.4518"
"8,14 : 0.5673"
"14,8 : 0.5673"
"8,15 : 0.0728"
"15,8 : 0.0728"
"8,16 : 0.5852"
"16,8 : 0.5852"
"8,17 : 0.431"
"17,8 : 0.431"
"8,18 : 0.3089"
"18,8 : 0.3089"
"8,19 : 0.3342"
"19,8 : 0.3342"
"8,20 : 0.2884"
"20,8 : 0.2884"
"8,21 : 0.5523"
"21,8 : 0.5523"
"8,22 : 0.4005"
"22,8 : 0.4005"
"8,23 : 0.1315"
"23,8 : 0.1315"
"8,24 : 0.6159"
"24,8 : 0.6159"
"8,25 : 0.0707"
"25,8 : 0.0707"
"8,26 : 0.5471"
"26,8 : 0.5471"
"8,27 : 0.3748"
"27,8 : 0.3748"
"8,28 : 0.6454"
"28,8 : 0.6454"
"8,29 : 0.1612"
"29,8 : 0.1612"
"8,30 : 0.5235"
"30,8 : 0.5235"
"8,31 : 0.5124"
"31,8 : 0.5124"
"8,32 : 0.542"
"32,8 : 0.542"
"8,33 : 0.1825"
"33,8 : 0.1825"
"8,34 : 0.1315"
"34,8 : 0.1315"
"8,35 : 0.4817"
"35,8 : 0.4817"
"8,36 : 0.525"
"36,8 : 0.525"
"8,37 : 0.3002"
"37,8 : 0.3002"
"8,38 : 0.3106"
"38,8 : 0.3106"
"8,39 : 0.6515"
"39,8 : 0.6515"
"8,40 : 0.397"
"40,8 : 0.397"
"8,41 : 0.051"
"41,8 : 0.051"
"8,42 : 0.26"
"42,8 : 0.26"
"8,43 : 0.4569"
"43,8 : 0.4569"
"8,44 : 0.5315"
"44,8 : 0.5315"
"8,45 : 0.5982"
"45,8 : 0.5982"
"8,46 : 0.1746"
"46,8 : 0.1746"
"8,47 : 0.5883"
"47,8 : 0.5883"
"8,48 : 0.3606"
"48,8 : 0.3606"
"8,49 : 0.3401"
"49,8 : 0.3401"
"8,50 : 0.2377"
"50,8 : 0.2377"
"8,51 : 0.064"
"51,8 : 0.064"
"8,52 : 0.3614"
"52,8 : 0.3614"
"8,53 : 0.4682"
"53,8 : 0.4682"
"8,54 : 0.2802"
"54,8 : 0.2802"
"8,55 : 0.4357"
"55,8 : 0.4357"
"8,56 : 0.5749"
"56,8 : 0.5749"
"8,57 : 0.4649"
"57,8 : 0.4649"
"8,58 : 0.3701"
"58,8 : 0.3701"
"8,59 : 0.609"
"59,8 : 0.609"
"8,60 : 0.2508"
"60,8 : 0.2508"
"8,61 : 0.4276"
"61,8 : 0.4276"
"8,62 : 0.4244"
"62,8 : 0.4244"
"8,63 : 0.1803"
"63,8 : 0.1803"
"8,64 : 0.3324"
"64,8 : 0.3324"
"8,65 : 0.6083"
"65,8 : 0.6083"
"8,66 : 0.3956"
"66,8 : 0.3956"
"8,67 : 0.528"
"67,8 : 0.528"
"8,68 : 0.3089"
"68,8 : 0.3089"
"8,69 : 0.2879"
"69,8 : 0.2879"
"8,70 : 0.6229"
"70,8 : 0.6229"
"8,71 : 0.3538"
"71,8 : 0.3538"
"8,72 : 0.164"
"72,8 : 0.164"
"8,73 : 0.2843"
"73,8 : 0.2843"
"8,74 : 0.441"
"74,8 : 0.441"
"8,75 : 0.4328"
"75,8 : 0.4328"
"8,76 : 0.3418"
"76,8 : 0.3418"
"8,77 : 0.558"
"77,8 : 0.558"
"8,78 : 0.1432"
"78,8 : 0.1432"
"8,79 : 0.3202"
"79,8 : 0.3202"
"8,80 : 0.3105"
"80,8 : 0.3105"
"8,81 : 0.4754"
"81,8 : 0.4754"
"8,82 : 0.4742"
"82,8 : 0.4742"
"8,83 : 0.4876"
"83,8 : 0.4876"
"8,84 : 0.3"
"84,8 : 0.3"
"8,85 : 0.2088"
"85,8 : 0.2088"
"8,86 : 0.2302"
"86,8 : 0.2302"
"8,87 : 0.17"
"87,8 : 0.17"
"8,88 : 0.4919"
"88,8 : 0.4919"
"8,89 : 0.3106"
"89,8 : 0.3106"
"8,90 : 0.2059"
"90,8 : 0.2059"
"8,91 : 0.2147"
"91,8 : 0.2147"
"8,92 : 0.3561"
"92,8 : 0.3561"
"8,93 : 0.3601"
"93,8 : 0.3601"
"8,94 : 0.3828"
"94,8 : 0.3828"
"8,95 : 0.5725"
"95,8 : 0.5725"
"8,96 : 0.4469"
"96,8 : 0.4469"
"8,97 : 0.6366"
"97,8 : 0.6366"
"8,98 : 0.3722"
"98,8 : 0.3722"
"8,99 : 0.559"
"99,8 : 0.559"
"9,10 : 0.5814"
"10,9 : 0.5814"
"9,11 : 0.5901"
"11,9 : 0.5901"
"9,12 : 0.2816"
"12,9 : 0.2816"
"9,13 : 0.4438"
"13,9 : 0.4438"
"9,14 : 0.1345"
"14,9 : 0.1345"
"9,15 : 0.5122"
"15,9 : 0.5122"
"9,16 : 0.0283"
"16,9 : 0.0283"
"9,17 : 0.508"
"17,9 : 0.508"
"9,18 : 0.764"
"18,9 : 0.764"
"9,19 : 0.9069"
"19,9 : 0.9069"
"9,20 : 0.7325"
"20,9 : 0.7325"
"9,21 : 0.63"
"21,9 : 0.63"
"9,22 : 0.4937"
"22,9 : 0.4937"
"9,23 : 0.4966"
"23,9 : 0.4966"
"9,24 : 0.82"
"24,9 : 0.82"
"9,25 : 0.5334"
"25,9 : 0.5334"
"9,26 : 0.3499"
"26,9 : 0.3499"
"9,27 : 0.2214"
"27,9 : 0.2214"
"9,28 : 0.9026"
"28,9 : 0.9026"
"9,29 : 0.6631"
"29,9 : 0.6631"
"9,30 : 0.831"
"30,9 : 0.831"
"9,31 : 0.392"
"31,9 : 0.392"
"9,32 : 0.9426"
"32,9 : 0.9426"
"9,33 : 0.4245"
"33,9 : 0.4245"
"9,34 : 0.4952"
"34,9 : 0.4952"
"9,35 : 0.8302"
"35,9 : 0.8302"
"9,36 : 0.1825"
"36,9 : 0.1825"
"9,37 : 0.8628"
"37,9 : 0.8628"
"9,38 : 0.2702"
"38,9 : 0.2702"
"9,39 : 0.389"
"39,9 : 0.389"
"9,40 : 0.7741"
"40,9 : 0.7741"
"9,41 : 0.6159"
"41,9 : 0.6159"
"9,42 : 0.8353"
"42,9 : 0.8353"
"9,43 : 0.5224"
"43,9 : 0.5224"
"9,44 : 0.5442"
"44,9 : 0.5442"
"9,45 : 0.85"
"45,9 : 0.85"
"9,46 : 0.4111"
"46,9 : 0.4111"
"9,47 : 0.2263"
"47,9 : 0.2263"
"9,48 : 0.2202"
"48,9 : 0.2202"
"9,49 : 0.8746"
"49,9 : 0.8746"
"9,50 : 0.813"
"50,9 : 0.813"
"9,51 : 0.5161"
"51,9 : 0.5161"
"9,52 : 0.8573"
"52,9 : 0.8573"
"9,53 : 0.1825"
"53,9 : 0.1825"
"9,54 : 0.3808"
"54,9 : 0.3808"
"9,55 : 0.5474"
"55,9 : 0.5474"
"9,56 : 1.1542"
"56,9 : 1.1542"
"9,57 : 1.0335"
"57,9 : 1.0335"
"9,58 : 0.6742"
"58,9 : 0.6742"
"9,59 : 0.7931"
"59,9 : 0.7931"
"9,60 : 0.4982"
"60,9 : 0.4982"
"9,61 : 0.2648"
"61,9 : 0.2648"
"9,62 : 0.8261"
"62,9 : 0.8261"
"9,63 : 0.6986"
"63,9 : 0.6986"
"9,64 : 0.9055"
"64,9 : 0.9055"
"9,65 : 0.7762"
"65,9 : 0.7762"
"9,66 : 0.7829"
"66,9 : 0.7829"
"9,67 : 0.8902"
"67,9 : 0.8902"
"9,68 : 0.2759"
"68,9 : 0.2759"
"9,69 : 0.3124"
"69,9 : 0.3124"
"9,70 : 0.0806"
"70,9 : 0.0806"
"9,71 : 0.2326"
"71,9 : 0.2326"
"9,72 : 0.6462"
"72,9 : 0.6462"
"9,73 : 0.577"
"73,9 : 0.577"
"9,74 : 0.8459"
"74,9 : 0.8459"
"9,75 : 0.8022"
"75,9 : 0.8022"
"9,76 : 0.2663"
"76,9 : 0.2663"
"9,77 : 0.0224"
"77,9 : 0.0224"
"9,78 : 0.6931"
"78,9 : 0.6931"
"9,79 : 0.8222"
"79,9 : 0.8222"
"9,80 : 0.392"
"80,9 : 0.392"
"9,81 : 0.1628"
"81,9 : 0.1628"
"9,82 : 1.0526"
"82,9 : 1.0526"
"9,83 : 0.9067"
"83,9 : 0.9067"
"9,84 : 0.6485"
"84,9 : 0.6485"
"9,85 : 0.678"
"85,9 : 0.678"
"9,86 : 0.6926"
"86,9 : 0.6926"
"9,87 : 0.7366"
"87,9 : 0.7366"
"9,88 : 0.5608"
"88,9 : 0.5608"
"9,89 : 0.4909"
"89,9 : 0.4909"
"9,90 : 0.6929"
"90,9 : 0.6929"
"9,91 : 0.5894"
"91,9 : 0.5894"
"9,92 : 0.9276"
"92,9 : 0.9276"
"9,93 : 0.3479"
"93,9 : 0.3479"
"9,94 : 0.9538"
"94,9 : 0.9538"
"9,95 : 0.7495"
"95,9 : 0.7495"
"9,96 : 1.0262"
"96,9 : 1.0262"
"9,97 : 0.9179"
"97,9 : 0.9179"
"9,98 : 0.922"
"98,9 : 0.922"
"9,99 : 0.8529"
"99,9 : 0.8529"
"10,11 : 0.051"
"11,10 : 0.051"
"10,12 : 0.6363"
"12,10 : 0.6363"
"10,13 : 0.2121"
"13,10 : 0.2121"
"10,14 : 0.4973"
"14,10 : 0.4973"
"10,15 : 0.3329"
"15,10 : 0.3329"
"10,16 : 0.6003"
"16,10 : 0.6003"
"10,17 : 0.1526"
"17,10 : 0.1526"
"10,18 : 0.2193"
"18,10 : 0.2193"
"10,19 : 0.5689"
"19,10 : 0.5689"
"10,20 : 0.191"
"20,10 : 0.191"
"10,21 : 0.8273"
"21,10 : 0.8273"
"10,22 : 0.1345"
"22,10 : 0.1345"
"10,23 : 0.214"
"23,10 : 0.214"
"10,24 : 0.3111"
"24,10 : 0.3111"
"10,25 : 0.2594"
"25,10 : 0.2594"
"10,26 : 0.3561"
"26,10 : 0.3561"
"10,27 : 0.3712"
"27,10 : 0.3712"
"10,28 : 0.3636"
"28,10 : 0.3636"
"10,29 : 0.222"
"29,10 : 0.222"
"10,30 : 0.2625"
"30,10 : 0.2625"
"10,31 : 0.712"
"31,10 : 0.712"
"10,32 : 0.3612"
"32,10 : 0.3612"
"10,33 : 0.3962"
"33,10 : 0.3962"
"10,34 : 0.4"
"34,10 : 0.4"
"10,35 : 0.2508"
"35,10 : 0.2508"
"10,36 : 0.6259"
"36,10 : 0.6259"
"10,37 : 0.5614"
"37,10 : 0.5614"
"10,38 : 0.3922"
"38,10 : 0.3922"
"10,39 : 0.4455"
"39,10 : 0.4455"
"10,40 : 0.1942"
"40,10 : 0.1942"
"10,41 : 0.2961"
"41,10 : 0.2961"
"10,42 : 0.4206"
"42,10 : 0.4206"
"10,43 : 0.7151"
"43,10 : 0.7151"
"10,44 : 0.2404"
"44,10 : 0.2404"
"10,45 : 0.3106"
"45,10 : 0.3106"
"10,46 : 0.3547"
"46,10 : 0.3547"
"10,47 : 0.4652"
"47,10 : 0.4652"
"10,48 : 0.422"
"48,10 : 0.422"
"10,49 : 0.3701"
"49,10 : 0.3701"
"10,50 : 0.4052"
"50,10 : 0.4052"
"10,51 : 0.3053"
"51,10 : 0.3053"
"10,52 : 0.3189"
"52,10 : 0.3189"
"10,53 : 0.5675"
"53,10 : 0.5675"
"10,54 : 0.486"
"54,10 : 0.486"
"10,55 : 0.136"
"55,10 : 0.136"
"10,56 : 0.7469"
"56,10 : 0.7469"
"10,57 : 0.558"
"57,10 : 0.558"
"10,58 : 0.681"
"58,10 : 0.681"
"10,59 : 0.2983"
"59,10 : 0.2983"
"10,60 : 0.103"
"60,10 : 0.103"
"10,61 : 0.5738"
"61,10 : 0.5738"
"10,62 : 0.2474"
"62,10 : 0.2474"
"10,63 : 0.2474"
"63,10 : 0.2474"
"10,64 : 0.4652"
"64,10 : 0.4652"
"10,65 : 0.2941"
"65,10 : 0.2941"
"10,66 : 0.7151"
"66,10 : 0.7151"
"10,67 : 0.3106"
"67,10 : 0.3106"
"10,68 : 0.4085"
"68,10 : 0.4085"
"10,69 : 0.4294"
"69,10 : 0.4294"
"10,70 : 0.5825"
"70,10 : 0.5825"
"10,71 : 0.3748"
"71,10 : 0.3748"
"10,72 : 0.201"
"72,10 : 0.201"
"10,73 : 0.5825"
"73,10 : 0.5825"
"10,74 : 0.2668"
"74,10 : 0.2668"
"10,75 : 0.2209"
"75,10 : 0.2209"
"10,76 : 0.4662"
"76,10 : 0.4662"
"10,77 : 0.5608"
"77,10 : 0.5608"
"10,78 : 0.4472"
"78,10 : 0.4472"
"10,79 : 0.2973"
"79,10 : 0.2973"
"10,80 : 0.19"
"80,10 : 0.19"
"10,81 : 0.5629"
"81,10 : 0.5629"
"10,82 : 0.6648"
"82,10 : 0.6648"
"10,83 : 0.3276"
"83,10 : 0.3276"
"10,84 : 0.6129"
"84,10 : 0.6129"
"10,85 : 0.5281"
"85,10 : 0.5281"
"10,86 : 0.1879"
"86,10 : 0.1879"
"10,87 : 0.451"
"87,10 : 0.451"
"10,88 : 0.7569"
"88,10 : 0.7569"
"10,89 : 0.0906"
"89,10 : 0.0906"
"10,90 : 0.2119"
"90,10 : 0.2119"
"10,91 : 0.1105"
"91,10 : 0.1105"
"10,92 : 0.5903"
"92,10 : 0.5903"
"10,93 : 0.5523"
"93,10 : 0.5523"
"10,94 : 0.4974"
"94,10 : 0.4974"
"10,95 : 0.2581"
"95,10 : 0.2581"
"10,96 : 0.6332"
"96,10 : 0.6332"
"10,97 : 0.3667"
"97,10 : 0.3667"
"10,98 : 0.428"
"98,10 : 0.428"
"10,99 : 0.2915"
"99,10 : 0.2915"
"11,12 : 0.6217"
"12,11 : 0.6217"
"11,13 : 0.1887"
"13,11 : 0.1887"
"11,14 : 0.4965"
"14,11 : 0.4965"
"11,15 : 0.3808"
"15,11 : 0.3808"
"11,16 : 0.6107"
"16,11 : 0.6107"
"11,17 : 0.1204"
"17,11 : 0.1204"
"11,18 : 0.25"
"18,11 : 0.25"
"11,19 : 0.6166"
"19,11 : 0.6166"
"11,20 : 0.2247"
"20,11 : 0.2247"
"11,21 : 0.8705"
"21,11 : 0.8705"
"11,22 : 0.1118"
"22,11 : 0.1118"
"11,23 : 0.2608"
"23,11 : 0.2608"
"11,24 : 0.2702"
"24,11 : 0.2702"
"11,25 : 0.3087"
"25,11 : 0.3087"
"11,26 : 0.3362"
"26,11 : 0.3362"
"11,27 : 0.3883"
"27,11 : 0.3883"
"11,28 : 0.3311"
"28,11 : 0.3311"
"11,29 : 0.2707"
"29,11 : 0.2707"
"11,30 : 0.2419"
"30,11 : 0.2419"
"11,31 : 0.7463"
"31,11 : 0.7463"
"11,32 : 0.359"
"32,11 : 0.359"
"11,33 : 0.4386"
"33,11 : 0.4386"
"11,34 : 0.4465"
"34,11 : 0.4465"
"11,35 : 0.2419"
"35,11 : 0.2419"
"11,36 : 0.6485"
"36,11 : 0.6485"
"11,37 : 0.6107"
"37,11 : 0.6107"
"11,38 : 0.4205"
"38,11 : 0.4205"
"11,39 : 0.4187"
"39,11 : 0.4187"
"11,40 : 0.2012"
"40,11 : 0.2012"
"11,41 : 0.3471"
"41,11 : 0.3471"
"11,42 : 0.4657"
"42,11 : 0.4657"
"11,43 : 0.7566"
"43,11 : 0.7566"
"11,44 : 0.197"
"44,11 : 0.197"
"11,45 : 0.2773"
"45,11 : 0.2773"
"11,46 : 0.396"
"46,11 : 0.396"
"11,47 : 0.4554"
"47,11 : 0.4554"
"11,48 : 0.446"
"48,11 : 0.446"
"11,49 : 0.405"
"49,11 : 0.405"
"11,50 : 0.4512"
"50,11 : 0.4512"
"11,51 : 0.3536"
"51,11 : 0.3536"
"11,52 : 0.3471"
"52,11 : 0.3471"
"11,53 : 0.5914"
"53,11 : 0.5914"
"11,54 : 0.525"
"54,11 : 0.525"
"11,55 : 0.0943"
"55,11 : 0.0943"
"11,56 : 0.7879"
"56,11 : 0.7879"
"11,57 : 0.5936"
"57,11 : 0.5936"
"11,58 : 0.7295"
"58,11 : 0.7295"
"11,59 : 0.2546"
"59,11 : 0.2546"
"11,60 : 0.1414"
"60,11 : 0.1414"
"11,61 : 0.6037"
"61,11 : 0.6037"
"11,62 : 0.255"
"62,11 : 0.255"
"11,63 : 0.2943"
"63,11 : 0.2943"
"11,64 : 0.507"
"64,11 : 0.507"
"11,65 : 0.2484"
"65,11 : 0.2484"
"11,66 : 0.7655"
"66,11 : 0.7655"
"11,67 : 0.3015"
"67,11 : 0.3015"
"11,68 : 0.4383"
"68,11 : 0.4383"
"11,69 : 0.4632"
"69,11 : 0.4632"
"11,70 : 0.5842"
"70,11 : 0.5842"
"11,71 : 0.3956"
"71,11 : 0.3956"
"11,72 : 0.2502"
"72,11 : 0.2502"
"11,73 : 0.6297"
"73,11 : 0.6297"
"11,74 : 0.2731"
"74,11 : 0.2731"
"11,75 : 0.2214"
"75,11 : 0.2214"
"11,76 : 0.4965"
"76,11 : 0.4965"
"11,77 : 0.5704"
"77,11 : 0.5704"
"11,78 : 0.4982"
"78,11 : 0.4982"
"11,79 : 0.3302"
"79,11 : 0.3302"
"11,80 : 0.2062"
"80,11 : 0.2062"
"11,81 : 0.5852"
"81,11 : 0.5852"
"11,82 : 0.7084"
"82,11 : 0.7084"
"11,83 : 0.3324"
"83,11 : 0.3324"
"11,84 : 0.6619"
"84,11 : 0.6619"
"11,85 : 0.5787"
"85,11 : 0.5787"
"11,86 : 0.2309"
"86,11 : 0.2309"
"11,87 : 0.5016"
"87,11 : 0.5016"
"11,88 : 0.7991"
"88,11 : 0.7991"
"11,89 : 0.1077"
"89,11 : 0.1077"
"11,90 : 0.2571"
"90,11 : 0.2571"
"11,91 : 0.1612"
"91,11 : 0.1612"
"11,92 : 0.6379"
"92,11 : 0.6379"
"11,93 : 0.5882"
"93,11 : 0.5882"
"11,94 : 0.5367"
"94,11 : 0.5367"
"11,95 : 0.2126"
"95,11 : 0.2126"
"11,96 : 0.6768"
"96,11 : 0.6768"
"11,97 : 0.3384"
"97,11 : 0.3384"
"11,98 : 0.4632"
"98,11 : 0.4632"
"11,99 : 0.2668"
"99,11 : 0.2668"
"12,13 : 0.4346"
"13,12 : 0.4346"
"12,14 : 0.2025"
"14,12 : 0.2025"
"12,15 : 0.7049"
"15,12 : 0.7049"
"12,16 : 0.3041"
"16,12 : 0.3041"
"12,17 : 0.507"
"17,12 : 0.507"
"12,18 : 0.8515"
"18,12 : 0.8515"
"12,19 : 1.094"
"19,12 : 1.094"
"12,20 : 0.821"
"20,12 : 0.821"
"12,21 : 0.9105"
"21,12 : 0.9105"
"12,22 : 0.5099"
"22,12 : 0.5099"
"12,23 : 0.6454"
"23,12 : 0.6454"
"12,24 : 0.7765"
"24,12 : 0.7765"
"12,25 : 0.6981"
"25,12 : 0.6981"
"12,26 : 0.2879"
"26,12 : 0.2879"
"12,27 : 0.3936"
"27,12 : 0.3936"
"12,28 : 0.8698"
"28,12 : 0.8698"
"12,29 : 0.7925"
"29,12 : 0.7925"
"12,30 : 0.8352"
"30,12 : 0.8352"
"12,31 : 0.6736"
"31,12 : 0.6736"
"12,32 : 0.975"
"32,12 : 0.975"
"12,33 : 0.6447"
"33,12 : 0.6447"
"12,34 : 0.7111"
"34,12 : 0.7111"
"12,35 : 0.8544"
"35,12 : 0.8544"
"12,36 : 0.4639"
"36,12 : 0.4639"
"12,37 : 1.0595"
"37,12 : 1.0595"
"12,38 : 0.4847"
"38,12 : 0.4847"
"12,39 : 0.24"
"39,12 : 0.24"
"12,40 : 0.8229"
"40,12 : 0.8229"
"12,41 : 0.7824"
"41,12 : 0.7824"
"12,42 : 0.9904"
"42,12 : 0.9904"
"12,43 : 0.8002"
"43,12 : 0.8002"
"12,44 : 0.4884"
"44,12 : 0.4884"
"12,45 : 0.8238"
"45,12 : 0.8238"
"12,46 : 0.6172"
"46,12 : 0.6172"
"12,47 : 0.1769"
"47,12 : 0.1769"
"12,48 : 0.4427"
"48,12 : 0.4427"
"12,49 : 0.9902"
"49,12 : 0.9902"
"12,50 : 0.9694"
"50,12 : 0.9694"
"12,51 : 0.6989"
"51,12 : 0.6989"
"12,52 : 0.9513"
"52,12 : 0.9513"
"12,53 : 0.46"
"53,12 : 0.46"
"12,54 : 0.6306"
"54,12 : 0.6306"
"12,55 : 0.5442"
"55,12 : 0.5442"
"12,56 : 1.3246"
"56,12 : 1.3246"
"12,57 : 1.1693"
"57,12 : 1.1693"
"12,58 : 0.9339"
"58,12 : 0.9339"
"12,59 : 0.7455"
"59,12 : 0.7455"
"12,60 : 0.5903"
"60,12 : 0.5903"
"12,61 : 0.5404"
"61,12 : 0.5404"
"12,62 : 0.8766"
"62,12 : 0.8766"
"12,63 : 0.8281"
"63,12 : 0.8281"
"12,64 : 1.0536"
"64,12 : 1.0536"
"12,65 : 0.7244"
"65,12 : 0.7244"
"12,66 : 1.0345"
"66,12 : 1.0345"
"12,67 : 0.9108"
"67,12 : 0.9108"
"12,68 : 0.4998"
"68,12 : 0.4998"
"12,69 : 0.5471"
"69,12 : 0.5471"
"12,70 : 0.201"
"70,12 : 0.201"
"12,71 : 0.4205"
"71,12 : 0.4205"
"12,72 : 0.7716"
"72,12 : 0.7716"
"12,73 : 0.8297"
"73,12 : 0.8297"
"12,74 : 0.8947"
"74,12 : 0.8947"
"12,75 : 0.8417"
"75,12 : 0.8417"
"12,76 : 0.5142"
"76,12 : 0.5142"
"12,77 : 0.2902"
"77,12 : 0.2902"
"12,78 : 0.8936"
"78,12 : 0.8936"
"12,79 : 0.9242"
"79,12 : 0.9242"
"12,80 : 0.4817"
"80,12 : 0.4817"
"12,81 : 0.44"
"81,12 : 0.44"
"12,82 : 1.2279"
"82,12 : 1.2279"
"12,83 : 0.9534"
"83,12 : 0.9534"
"12,84 : 0.8984"
"84,12 : 0.8984"
"12,85 : 0.9038"
"85,12 : 0.9038"
"12,86 : 0.7981"
"86,12 : 0.7981"
"12,87 : 0.9291"
"87,12 : 0.9291"
"12,88 : 0.84"
"88,12 : 0.84"
"12,89 : 0.5547"
"89,12 : 0.5547"
"12,90 : 0.8092"
"90,12 : 0.8092"
"12,91 : 0.6903"
"91,12 : 0.6903"
"12,92 : 1.1161"
"92,12 : 1.1161"
"12,93 : 0.6152"
"93,12 : 0.6152"
"12,94 : 1.0966"
"94,12 : 1.0966"
"12,95 : 0.7086"
"95,12 : 0.7086"
"12,96 : 1.1985"
"96,12 : 1.1985"
"12,97 : 0.8944"
"97,12 : 0.8944"
"12,98 : 1.0448"
"98,12 : 1.0448"
"12,99 : 0.8465"
"99,12 : 0.8465"
"13,14 : 0.3306"
"14,13 : 0.3306"
"13,15 : 0.431"
"15,13 : 0.431"
"13,16 : 0.4684"
"16,13 : 0.4684"
"13,17 : 0.0728"
"17,13 : 0.0728"
"13,18 : 0.4314"
"18,13 : 0.4314"
"13,19 : 0.7527"
"19,13 : 0.7527"
"13,20 : 0.4031"
"20,13 : 0.4031"
"13,21 : 0.8559"
"21,13 : 0.8559"
"13,22 : 0.0781"
"22,13 : 0.0781"
"13,23 : 0.3206"
"23,13 : 0.3206"
