x,y
0.86,0.65
0.19,0.01
0.2,0.78
0.06,0.78
0.53,0.8
0.46,0.73
1.0,0.14
0.84,0.68
0.88,0.53
0.89,0.14
0.36,0.63
0.26,0.17
0.19,0.17
0.37,0.0
0.06,0.04
0.48,0.98
0.57,0.68
0.11,0.12
0.02,0.12
0.65,0.57
0.09,0.89
0.11,0.19
0.5,0.08
0.99,0.74
0.12,0.71
0.59,0.47
0.76,0.86
0.61,0.28
0.34,0.9
0.62,0.56
0.19,0.81
0.65,0.03
0.43,0.59
0.52,0.37
0.96,0.97
0.75,0.11
0.2,0.36
0.45,0.34
0.04,0.18
0.36,0.99
0.49,0.68
0.95,0.11
0.65,0.65
0.72,0.97
0.04,0.64
0.02,1.0
0.4,0.06
0.26,0.82
0.96,0.84
0.36,0.45
0.28,0.41
0.82,0.56
0.31,0.48
0.22,0.71
0.27,0.45
0.58,0.48
0.87,0.8
0.39,0.21
0.98,0.91
0.4,0.13
0.84,0.83
0.51,0.55
0.16,0.6
0.61,0.38
0.53,0.75
0.52,0.15
0.84,0.3
0.03,0.79
0.02,0.95
0.31,0.66
0.84,0.07
0.71,0.54
0.9,0.75
0.53,0.68
0.63,0.27
0.27,0.47
0.72,0.31
0.04,0.13
0.84,0.46
0.35,0.65
0.98,0.36
0.01,0.0
0.3,0.86
0.18,0.08
0.08,0.91
0.31,0.36
0.32,0.47
0.6,0.49
0.41,0.13
0.72,0.14
0.17,0.1
0.42,0.1
0.85,0.53
0.21,0.85
0.41,0.98
0.09,0.59
0.89,0.72
0.17,0.83
0.49,0.06
1.0,0.82

Distanze
"0,1 : 0.9266"
"1,0 : 0.9266"
"0,2 : 0.6727"
"2,0 : 0.6727"
"0,3 : 0.8105"
"3,0 : 0.8105"
"0,4 : 0.3625"
"4,0 : 0.3625"
"0,5 : 0.4079"
"5,0 : 0.4079"
"0,6 : 0.5289"
"6,0 : 0.5289"
"0,7 : 0.0361"
"7,0 : 0.0361"
"0,8 : 0.1217"
"8,0 : 0.1217"
"0,9 : 0.5109"
"9,0 : 0.5109"
"0,10 : 0.5004"
"10,0 : 0.5004"
"0,11 : 0.7684"
"11,0 : 0.7684"
"0,12 : 0.8242"
"12,0 : 0.8242"
"0,13 : 0.814"
"13,0 : 0.814"
"0,14 : 1.006"
"14,0 : 1.006"
"0,15 : 0.5033"
"15,0 : 0.5033"
"0,16 : 0.2915"
"16,0 : 0.2915"
"0,17 : 0.9184"
"17,0 : 0.9184"
"0,18 : 0.9932"
"18,0 : 0.9932"
"0,19 : 0.2247"
"19,0 : 0.2247"
"0,20 : 0.8065"
"20,0 : 0.8065"
"0,21 : 0.8798"
"21,0 : 0.8798"
"0,22 : 0.6742"
"22,0 : 0.6742"
"0,23 : 0.1581"
"23,0 : 0.1581"
"0,24 : 0.7424"
"24,0 : 0.7424"
"0,25 : 0.3245"
"25,0 : 0.3245"
"0,26 : 0.2326"
"26,0 : 0.2326"
"0,27 : 0.4465"
"27,0 : 0.4465"
"0,28 : 0.577"
"28,0 : 0.577"
"0,29 : 0.2563"
"29,0 : 0.2563"
"0,30 : 0.6888"
"30,0 : 0.6888"
"0,31 : 0.6546"
"31,0 : 0.6546"
"0,32 : 0.4342"
"32,0 : 0.4342"
"0,33 : 0.4405"
"33,0 : 0.4405"
"0,34 : 0.3353"
"34,0 : 0.3353"
"0,35 : 0.5511"
"35,0 : 0.5511"
"0,36 : 0.7209"
"36,0 : 0.7209"
"0,37 : 0.514"
"37,0 : 0.514"
"0,38 : 0.9451"
"38,0 : 0.9451"
"0,39 : 0.6046"
"39,0 : 0.6046"
"0,40 : 0.3712"
"40,0 : 0.3712"
"0,41 : 0.5474"
"41,0 : 0.5474"
"0,42 : 0.21"
"42,0 : 0.21"
"0,43 : 0.3493"
"43,0 : 0.3493"
"0,44 : 0.8201"
"44,0 : 0.8201"
"0,45 : 0.91"
"45,0 : 0.91"
"0,46 : 0.7481"
"46,0 : 0.7481"
"0,47 : 0.6236"
"47,0 : 0.6236"
"0,48 : 0.2147"
"48,0 : 0.2147"
"0,49 : 0.5385"
"49,0 : 0.5385"
"0,50 : 0.6277"
"50,0 : 0.6277"
"0,51 : 0.0985"
"51,0 : 0.0985"
"0,52 : 0.5757"
"52,0 : 0.5757"
"0,53 : 0.6428"
"53,0 : 0.6428"
"0,54 : 0.623"
"54,0 : 0.623"
"0,55 : 0.3276"
"55,0 : 0.3276"
"0,56 : 0.1503"
"56,0 : 0.1503"
"0,57 : 0.6438"
"57,0 : 0.6438"
"0,58 : 0.2864"
"58,0 : 0.2864"
"0,59 : 0.6943"
"59,0 : 0.6943"
"0,60 : 0.1811"
"60,0 : 0.1811"
"0,61 : 0.364"
"61,0 : 0.364"
"0,62 : 0.7018"
"62,0 : 0.7018"
"0,63 : 0.368"
"63,0 : 0.368"
"0,64 : 0.3448"
"64,0 : 0.3448"
"0,65 : 0.6046"
"65,0 : 0.6046"
"0,66 : 0.3506"
"66,0 : 0.3506"
"0,67 : 0.8417"
"67,0 : 0.8417"
"0,68 : 0.892"
"68,0 : 0.892"
"0,69 : 0.5501"
"69,0 : 0.5501"
"0,70 : 0.5803"
"70,0 : 0.5803"
"0,71 : 0.186"
"71,0 : 0.186"
"0,72 : 0.1077"
"72,0 : 0.1077"
"0,73 : 0.3314"
"73,0 : 0.3314"
"0,74 : 0.4442"
"74,0 : 0.4442"
"0,75 : 0.6168"
"75,0 : 0.6168"
"0,76 : 0.3677"
"76,0 : 0.3677"
"0,77 : 0.971"
"77,0 : 0.971"
"0,78 : 0.191"
"78,0 : 0.191"
"0,79 : 0.51"
"79,0 : 0.51"
"0,80 : 0.3138"
"80,0 : 0.3138"
"0,81 : 1.07"
"81,0 : 1.07"
"0,82 : 0.5981"
"82,0 : 0.5981"
"0,83 : 0.8873"
"83,0 : 0.8873"
"0,84 : 0.8222"
"84,0 : 0.8222"
"0,85 : 0.6218"
"85,0 : 0.6218"
"0,86 : 0.5692"
"86,0 : 0.5692"
"0,87 : 0.3053"
"87,0 : 0.3053"
"0,88 : 0.6877"
"88,0 : 0.6877"
"0,89 : 0.5289"
"89,0 : 0.5289"
"0,90 : 0.8824"
"90,0 : 0.8824"
"0,91 : 0.7043"
"91,0 : 0.7043"
"0,92 : 0.1204"
"92,0 : 0.1204"
"0,93 : 0.6801"
"93,0 : 0.6801"
"0,94 : 0.558"
"94,0 : 0.558"
"0,95 : 0.7723"
"95,0 : 0.7723"
"0,96 : 0.0762"
"96,0 : 0.0762"
"0,97 : 0.7131"
"97,0 : 0.7131"
"0,98 : 0.6964"
"98,0 : 0.6964"
"0,99 : 0.2202"
"99,0 : 0.2202"
"1,2 : 0.7701"
"2,1 : 0.7701"
"1,3 : 0.7809"
"3,1 : 0.7809"
"1,4 : 0.8601"
"4,1 : 0.8601"
"1,5 : 0.769"
"5,1 : 0.769"
"1,6 : 0.8204"
"6,1 : 0.8204"
"1,7 : 0.9335"
"7,1 : 0.9335"
"1,8 : 0.864"
"8,1 : 0.864"
"1,9 : 0.712"
"9,1 : 0.712"
"1,10 : 0.6429"
"10,1 : 0.6429"
"1,11 : 0.1746"
"11,1 : 0.1746"
"1,12 : 0.16"
"12,1 : 0.16"
"1,13 : 0.1803"
"13,1 : 0.1803"
"1,14 : 0.1334"
"14,1 : 0.1334"
"1,15 : 1.0124"
"15,1 : 1.0124"
"1,16 : 0.7703"
"16,1 : 0.7703"
"1,17 : 0.136"
"17,1 : 0.136"
"1,18 : 0.2025"
"18,1 : 0.2025"
"1,19 : 0.7247"
"19,1 : 0.7247"
"1,20 : 0.8857"
"20,1 : 0.8857"
"1,21 : 0.197"
"21,1 : 0.197"
"1,22 : 0.3178"
"22,1 : 0.3178"
"1,23 : 1.083"
"23,1 : 1.083"
"1,24 : 0.7035"
"24,1 : 0.7035"
"1,25 : 0.6096"
"25,1 : 0.6096"
"1,26 : 1.0234"
"26,1 : 1.0234"
"1,27 : 0.4993"
"27,1 : 0.4993"
"1,28 : 0.9026"
"28,1 : 0.9026"
"1,29 : 0.6981"
"29,1 : 0.6981"
"1,30 : 0.8"
"30,1 : 0.8"
"1,31 : 0.4604"
"31,1 : 0.4604"
"1,32 : 0.6277"
"32,1 : 0.6277"
"1,33 : 0.4884"
"33,1 : 0.4884"
"1,34 : 1.2307"
"34,1 : 1.2307"
"1,35 : 0.5689"
"35,1 : 0.5689"
"1,36 : 0.3501"
"36,1 : 0.3501"
"1,37 : 0.4201"
"37,1 : 0.4201"
"1,38 : 0.2267"
"38,1 : 0.2267"
"1,39 : 0.9946"
"39,1 : 0.9946"
"1,40 : 0.7341"
"40,1 : 0.7341"
"1,41 : 0.7666"
"41,1 : 0.7666"
"1,42 : 0.7882"
"42,1 : 0.7882"
"1,43 : 1.0966"
"43,1 : 1.0966"
"1,44 : 0.6476"
"44,1 : 0.6476"
"1,45 : 1.0045"
"45,1 : 1.0045"
"1,46 : 0.2159"
"46,1 : 0.2159"
"1,47 : 0.813"
"47,1 : 0.813"
"1,48 : 1.1322"
"48,1 : 1.1322"
"1,49 : 0.4717"
"49,1 : 0.4717"
"1,50 : 0.41"
"50,1 : 0.41"
"1,51 : 0.8363"
"51,1 : 0.8363"
"1,52 : 0.4851"
"52,1 : 0.4851"
"1,53 : 0.7006"
"53,1 : 0.7006"
"1,54 : 0.4472"
"54,1 : 0.4472"
"1,55 : 0.6107"
"55,1 : 0.6107"
"1,56 : 1.0424"
"56,1 : 1.0424"
"1,57 : 0.2828"
"57,1 : 0.2828"
"1,58 : 1.1975"
"58,1 : 1.1975"
"1,59 : 0.2419"
"59,1 : 0.2419"
"1,60 : 1.0464"
"60,1 : 1.0464"
"1,61 : 0.6277"
"61,1 : 0.6277"
"1,62 : 0.5908"
"62,1 : 0.5908"
"1,63 : 0.5597"
"63,1 : 0.5597"
"1,64 : 0.8144"
"64,1 : 0.8144"
"1,65 : 0.3585"
"65,1 : 0.3585"
"1,66 : 0.7118"
"66,1 : 0.7118"
"1,67 : 0.7962"
"67,1 : 0.7962"
"1,68 : 0.9552"
"68,1 : 0.9552"
"1,69 : 0.661"
"69,1 : 0.661"
"1,70 : 0.6528"
"70,1 : 0.6528"
"1,71 : 0.7425"
"71,1 : 0.7425"
"1,72 : 1.0255"
"72,1 : 1.0255"
"1,73 : 0.7513"
"73,1 : 0.7513"
"1,74 : 0.5111"
"74,1 : 0.5111"
"1,75 : 0.4669"
"75,1 : 0.4669"
"1,76 : 0.609"
"76,1 : 0.609"
"1,77 : 0.1921"
"77,1 : 0.1921"
"1,78 : 0.7906"
"78,1 : 0.7906"
"1,79 : 0.6597"
"79,1 : 0.6597"
"1,80 : 0.8641"
"80,1 : 0.8641"
"1,81 : 0.1803"
"81,1 : 0.1803"
"1,82 : 0.8571"
"82,1 : 0.8571"
"1,83 : 0.0707"
"83,1 : 0.0707"
"1,84 : 0.9067"
"84,1 : 0.9067"
"1,85 : 0.37"
"85,1 : 0.37"
"1,86 : 0.478"
"86,1 : 0.478"
"1,87 : 0.6313"
"87,1 : 0.6313"
"1,88 : 0.2506"
"88,1 : 0.2506"
"1,89 : 0.5457"
"89,1 : 0.5457"
"1,90 : 0.0922"
"90,1 : 0.0922"
"1,91 : 0.247"
"91,1 : 0.247"
"1,92 : 0.8402"
"92,1 : 0.8402"
"1,93 : 0.8402"
"93,1 : 0.8402"
"1,94 : 0.9946"
"94,1 : 0.9946"
"1,95 : 0.5886"
"95,1 : 0.5886"
"1,96 : 0.997"
"96,1 : 0.997"
"1,97 : 0.8202"
"97,1 : 0.8202"
"1,98 : 0.3041"
"98,1 : 0.3041"
"1,99 : 1.1455"
"99,1 : 1.1455"
"2,3 : 0.14"
"3,2 : 0.14"
"2,4 : 0.3306"
"4,2 : 0.3306"
"2,5 : 0.2648"
"5,2 : 0.2648"
"2,6 : 1.0245"
"6,2 : 1.0245"
"2,7 : 0.6478"
"7,2 : 0.6478"
"2,8 : 0.7245"
"8,2 : 0.7245"
"2,9 : 0.9411"
"9,2 : 0.9411"
"2,10 : 0.2193"
"10,2 : 0.2193"
"2,11 : 0.6129"
"11,2 : 0.6129"
"2,12 : 0.6101"
"12,2 : 0.6101"
"2,13 : 0.7983"
"13,2 : 0.7983"
"2,14 : 0.7531"
"14,2 : 0.7531"
"2,15 : 0.3441"
"15,2 : 0.3441"
"2,16 : 0.3833"
"16,2 : 0.3833"
"2,17 : 0.6661"
"17,2 : 0.6661"
"2,18 : 0.6841"
"18,2 : 0.6841"
"2,19 : 0.4966"
"19,2 : 0.4966"
"2,20 : 0.1556"
"20,2 : 0.1556"
"2,21 : 0.5968"
"21,2 : 0.5968"
"2,22 : 0.7616"
"22,2 : 0.7616"
"2,23 : 0.791"
"23,2 : 0.791"
"2,24 : 0.1063"
"24,2 : 0.1063"
"2,25 : 0.4982"
"25,2 : 0.4982"
"2,26 : 0.5657"
"26,2 : 0.5657"
"2,27 : 0.6466"
"27,2 : 0.6466"
"2,28 : 0.1844"
"28,2 : 0.1844"
"2,29 : 0.4741"
"29,2 : 0.4741"
"2,30 : 0.0316"
"30,2 : 0.0316"
"2,31 : 0.8746"
"31,2 : 0.8746"
"2,32 : 0.2983"
"32,2 : 0.2983"
"2,33 : 0.5201"
"33,2 : 0.5201"
"2,34 : 0.7834"
"34,2 : 0.7834"
"2,35 : 0.8668"
"35,2 : 0.8668"
"2,36 : 0.42"
"36,2 : 0.42"
"2,37 : 0.5061"
"37,2 : 0.5061"
"2,38 : 0.621"
"38,2 : 0.621"
"2,39 : 0.264"
"39,2 : 0.264"
"2,40 : 0.3068"
"40,2 : 0.3068"
"2,41 : 1.0057"
"41,2 : 1.0057"
"2,42 : 0.4684"
"42,2 : 0.4684"
"2,43 : 0.5536"
"43,2 : 0.5536"
"2,44 : 0.2126"
"44,2 : 0.2126"
"2,45 : 0.2843"
"45,2 : 0.2843"
"2,46 : 0.7473"
"46,2 : 0.7473"
"2,47 : 0.0721"
"47,2 : 0.0721"
"2,48 : 0.7624"
"48,2 : 0.7624"
"2,49 : 0.3667"
"49,2 : 0.3667"
"2,50 : 0.3785"
"50,2 : 0.3785"
"2,51 : 0.6579"
"51,2 : 0.6579"
"2,52 : 0.3195"
"52,2 : 0.3195"
"2,53 : 0.0728"
"53,2 : 0.0728"
"2,54 : 0.3373"
"54,2 : 0.3373"
"2,55 : 0.4841"
"55,2 : 0.4841"
"2,56 : 0.6703"
"56,2 : 0.6703"
"2,57 : 0.6008"
"57,2 : 0.6008"
"2,58 : 0.7908"
"58,2 : 0.7908"
"2,59 : 0.6801"
"59,2 : 0.6801"
"2,60 : 0.642"
"60,2 : 0.642"
"2,61 : 0.386"
"61,2 : 0.386"
"2,62 : 0.1844"
"62,2 : 0.1844"
"2,63 : 0.5728"
"63,2 : 0.5728"
"2,64 : 0.3314"
"64,2 : 0.3314"
"2,65 : 0.7066"
"65,2 : 0.7066"
"2,66 : 0.8"
"66,2 : 0.8"
"2,67 : 0.1703"
"67,2 : 0.1703"
"2,68 : 0.2476"
"68,2 : 0.2476"
"2,69 : 0.1628"
"69,2 : 0.1628"
"2,70 : 0.9559"
"70,2 : 0.9559"
"2,71 : 0.5636"
"71,2 : 0.5636"
"2,72 : 0.7006"
"72,2 : 0.7006"
"2,73 : 0.3448"
"73,2 : 0.3448"
"2,74 : 0.6671"
"74,2 : 0.6671"
"2,75 : 0.3178"
"75,2 : 0.3178"
"2,76 : 0.7009"
"76,2 : 0.7009"
"2,77 : 0.6694"
"77,2 : 0.6694"
"2,78 : 0.7155"
"78,2 : 0.7155"
"2,79 : 0.1985"
"79,2 : 0.1985"
"2,80 : 0.8859"
"80,2 : 0.8859"
"2,81 : 0.8028"
"81,2 : 0.8028"
"2,82 : 0.1281"
"82,2 : 0.1281"
"2,83 : 0.7003"
"83,2 : 0.7003"
"2,84 : 0.1769"
"84,2 : 0.1769"
"2,85 : 0.4342"
"85,2 : 0.4342"
"2,86 : 0.3324"
"86,2 : 0.3324"
"2,87 : 0.4941"
"87,2 : 0.4941"
"2,88 : 0.6831"
"88,2 : 0.6831"
"2,89 : 0.8246"
"89,2 : 0.8246"
"2,90 : 0.6807"
"90,2 : 0.6807"
"2,91 : 0.7147"
"91,2 : 0.7147"
"2,92 : 0.6964"
"92,2 : 0.6964"
"2,93 : 0.0707"
"93,2 : 0.0707"
"2,94 : 0.29"
"94,2 : 0.29"
"2,95 : 0.2195"
"95,2 : 0.2195"
"2,96 : 0.6926"
"96,2 : 0.6926"
"2,97 : 0.0583"
"97,2 : 0.0583"
"2,98 : 0.7762"
"98,2 : 0.7762"
"2,99 : 0.801"
"99,2 : 0.801"
"3,4 : 0.4704"
"4,3 : 0.4704"
"3,5 : 0.4031"
"5,3 : 0.4031"
"3,6 : 1.1372"
"6,3 : 1.1372"
"3,7 : 0.7864"
"7,3 : 0.7864"
"3,8 : 0.8573"
"8,3 : 0.8573"
"3,9 : 1.0481"
"9,3 : 1.0481"
"3,10 : 0.3354"
"10,3 : 0.3354"
"3,11 : 0.642"
"11,3 : 0.642"
"3,12 : 0.6237"
"12,3 : 0.6237"
"3,13 : 0.8393"
"13,3 : 0.8393"
"3,14 : 0.74"
"14,3 : 0.74"
"3,15 : 0.4652"
"15,3 : 0.4652"
"3,16 : 0.5197"
"16,3 : 0.5197"
"3,17 : 0.6619"
"17,3 : 0.6619"
"3,18 : 0.6612"
"18,3 : 0.6612"
"3,19 : 0.6263"
"19,3 : 0.6263"
"3,20 : 0.114"
"20,3 : 0.114"
"3,21 : 0.5921"
"21,3 : 0.5921"
"3,22 : 0.8268"
"22,3 : 0.8268"
"3,23 : 0.9309"
"23,3 : 0.9309"
"3,24 : 0.0922"
"24,3 : 0.0922"
"3,25 : 0.614"
"25,3 : 0.614"
"3,26 : 0.7046"
"26,3 : 0.7046"
"3,27 : 0.7433"
"27,3 : 0.7433"
"3,28 : 0.3046"
"28,3 : 0.3046"
"3,29 : 0.6017"
"29,3 : 0.6017"
"3,30 : 0.1334"
"30,3 : 0.1334"
"3,31 : 0.9543"
"31,3 : 0.9543"
"3,32 : 0.4159"
"32,3 : 0.4159"
"3,33 : 0.6162"
"33,3 : 0.6162"
"3,34 : 0.9198"
"34,3 : 0.9198"
"3,35 : 0.9618"
"35,3 : 0.9618"
"3,36 : 0.4427"
"36,3 : 0.4427"
"3,37 : 0.588"
"37,3 : 0.588"
"3,38 : 0.6003"
"38,3 : 0.6003"
"3,39 : 0.3662"
"39,3 : 0.3662"
"3,40 : 0.4415"
"40,3 : 0.4415"
"3,41 : 1.114"
"41,3 : 1.114"
"3,42 : 0.6042"
"42,3 : 0.6042"
"3,43 : 0.6868"
"43,3 : 0.6868"
"3,44 : 0.1414"
"44,3 : 0.1414"
"3,45 : 0.2236"
"45,3 : 0.2236"
"3,46 : 0.7962"
"46,3 : 0.7962"
"3,47 : 0.204"
"47,3 : 0.204"
"3,48 : 0.902"
"48,3 : 0.902"
"3,49 : 0.446"
"49,3 : 0.446"
"3,50 : 0.4305"
"50,3 : 0.4305"
"3,51 : 0.7912"
"51,3 : 0.7912"
"3,52 : 0.3905"
"52,3 : 0.3905"
"3,53 : 0.1746"
"53,3 : 0.1746"
"3,54 : 0.3912"
"54,3 : 0.3912"
"3,55 : 0.6003"
"55,3 : 0.6003"
"3,56 : 0.8102"
"56,3 : 0.8102"
"3,57 : 0.6586"
"57,3 : 0.6586"
"3,58 : 0.9291"
"58,3 : 0.9291"
"3,59 : 0.7336"
"59,3 : 0.7336"
"3,60 : 0.7816"
"60,3 : 0.7816"
"3,61 : 0.5054"
"61,3 : 0.5054"
"3,62 : 0.2059"
"62,3 : 0.2059"
"3,63 : 0.6801"
"63,3 : 0.6801"
"3,64 : 0.471"
"64,3 : 0.471"
"3,65 : 0.7801"
"65,3 : 0.7801"
"3,66 : 0.9159"
"66,3 : 0.9159"
"3,67 : 0.0316"
"67,3 : 0.0316"
"3,68 : 0.1746"
"68,3 : 0.1746"
"3,69 : 0.2773"
"69,3 : 0.2773"
"3,70 : 1.0548"
"70,3 : 1.0548"
"3,71 : 0.6929"
"71,3 : 0.6929"
"3,72 : 0.8405"
"72,3 : 0.8405"
"3,73 : 0.4805"
"73,3 : 0.4805"
"3,74 : 0.7649"
"74,3 : 0.7649"
"3,75 : 0.3744"
"75,3 : 0.3744"
"3,76 : 0.8102"
"76,3 : 0.8102"
"3,77 : 0.6503"
"77,3 : 0.6503"
"3,78 : 0.8431"
"78,3 : 0.8431"
"3,79 : 0.3178"
"79,3 : 0.3178"
"3,80 : 1.0113"
"80,3 : 1.0113"
"3,81 : 0.7816"
"81,3 : 0.7816"
"3,82 : 0.253"
"82,3 : 0.253"
"3,83 : 0.7102"
"83,3 : 0.7102"
"3,84 : 0.1315"
"84,3 : 0.1315"
"3,85 : 0.4888"
"85,3 : 0.4888"
"3,86 : 0.4046"
"86,3 : 0.4046"
"3,87 : 0.6129"
"87,3 : 0.6129"
"3,88 : 0.7382"
"88,3 : 0.7382"
"3,89 : 0.9193"
"89,3 : 0.9193"
"3,90 : 0.6888"
"90,3 : 0.6888"
"3,91 : 0.7694"
"91,3 : 0.7694"
"3,92 : 0.8286"
"92,3 : 0.8286"
"3,93 : 0.1655"
"93,3 : 0.1655"
"3,94 : 0.4031"
"94,3 : 0.4031"
"3,95 : 0.1924"
"95,3 : 0.1924"
"3,96 : 0.8322"
"96,3 : 0.8322"
"3,97 : 0.1208"
"97,3 : 0.1208"
"3,98 : 0.8386"
"98,3 : 0.8386"
"3,99 : 0.9409"
"99,3 : 0.9409"
"4,5 : 0.099"
"5,4 : 0.099"
"4,6 : 0.8102"
"6,4 : 0.8102"
"4,7 : 0.3324"
"7,4 : 0.3324"
"4,8 : 0.442"
"8,4 : 0.442"
"4,9 : 0.7518"
"9,4 : 0.7518"
"4,10 : 0.2404"
"10,4 : 0.2404"
"4,11 : 0.6854"
"11,4 : 0.6854"
"4,12 : 0.7159"
"12,4 : 0.7159"
"4,13 : 0.8158"
"13,4 : 0.8158"
"4,14 : 0.8936"
"14,4 : 0.8936"
"4,15 : 0.1868"
"15,4 : 0.1868"
"4,16 : 0.1265"
"16,4 : 0.1265"
"4,17 : 0.7992"
"17,4 : 0.7992"
"4,18 : 0.85"
"18,4 : 0.85"
"4,19 : 0.2594"
"19,4 : 0.2594"
"4,20 : 0.4491"
"20,4 : 0.4491"
"4,21 : 0.7406"
"21,4 : 0.7406"
"4,22 : 0.7206"
"22,4 : 0.7206"
"4,23 : 0.4639"
"23,4 : 0.4639"
"4,24 : 0.4198"
"24,4 : 0.4198"
"4,25 : 0.3354"
"25,4 : 0.3354"
"4,26 : 0.2377"
"26,4 : 0.2377"
"4,27 : 0.5261"
"27,4 : 0.5261"
"4,28 : 0.2147"
"28,4 : 0.2147"
"4,29 : 0.2563"
"29,4 : 0.2563"
"4,30 : 0.3401"
"30,4 : 0.3401"
"4,31 : 0.7793"
"31,4 : 0.7793"
"4,32 : 0.2326"
"32,4 : 0.2326"
"4,33 : 0.4301"
"33,4 : 0.4301"
"4,34 : 0.4624"
"34,4 : 0.4624"
"4,35 : 0.7242"
"35,4 : 0.7242"
"4,36 : 0.55"
"36,4 : 0.55"
"4,37 : 0.4669"
"37,4 : 0.4669"
"4,38 : 0.7903"
"38,4 : 0.7903"
"4,39 : 0.255"
"39,4 : 0.255"
"4,40 : 0.1265"
"40,4 : 0.1265"
"4,41 : 0.8078"
"41,4 : 0.8078"
"4,42 : 0.1921"
"42,4 : 0.1921"
"4,43 : 0.255"
"43,4 : 0.255"
"4,44 : 0.5155"
"44,4 : 0.5155"
"4,45 : 0.5478"
"45,4 : 0.5478"
"4,46 : 0.7513"
"46,4 : 0.7513"
"4,47 : 0.2707"
"47,4 : 0.2707"
"4,48 : 0.4319"
"48,4 : 0.4319"
"4,49 : 0.3891"
"49,4 : 0.3891"
"4,50 : 0.4632"
"50,4 : 0.4632"
"4,51 : 0.3764"
"51,4 : 0.3764"
"4,52 : 0.3883"
"52,4 : 0.3883"
"4,53 : 0.3228"
"53,4 : 0.3228"
"4,54 : 0.436"
"54,4 : 0.436"
"4,55 : 0.3239"
"55,4 : 0.3239"
"4,56 : 0.34"
"56,4 : 0.34"
"4,57 : 0.6064"
"57,4 : 0.6064"
"4,58 : 0.4632"
"58,4 : 0.4632"
"4,59 : 0.6825"
"59,4 : 0.6825"
"4,60 : 0.3114"
"60,4 : 0.3114"
"4,61 : 0.2508"
"61,4 : 0.2508"
"4,62 : 0.4206"
"62,4 : 0.4206"
"4,63 : 0.4276"
"63,4 : 0.4276"
"4,64 : 0.05"
"64,4 : 0.05"
"4,65 : 0.6501"
"65,4 : 0.6501"
"4,66 : 0.5883"
"66,4 : 0.5883"
"4,67 : 0.5001"
"67,4 : 0.5001"
"4,68 : 0.5316"
"68,4 : 0.5316"
"4,69 : 0.2608"
"69,4 : 0.2608"
"4,70 : 0.7931"
"70,4 : 0.7931"
"4,71 : 0.3162"
"71,4 : 0.3162"
"4,72 : 0.3734"
"72,4 : 0.3734"
"4,73 : 0.12"
"73,4 : 0.12"
"4,74 : 0.5394"
"74,4 : 0.5394"
"4,75 : 0.4201"
"75,4 : 0.4201"
"4,76 : 0.5255"
"76,4 : 0.5255"
"4,77 : 0.8301"
"77,4 : 0.8301"
"4,78 : 0.4601"
"78,4 : 0.4601"
"4,79 : 0.2343"
"79,4 : 0.2343"
"4,80 : 0.6294"
"80,4 : 0.6294"
"4,81 : 0.9541"
"81,4 : 0.9541"
"4,82 : 0.2377"
"82,4 : 0.2377"
"4,83 : 0.8006"
"83,4 : 0.8006"
"4,84 : 0.4632"
"84,4 : 0.4632"
"4,85 : 0.4919"
"85,4 : 0.4919"
"4,86 : 0.3912"
"86,4 : 0.3912"
"4,87 : 0.3178"
"87,4 : 0.3178"
"4,88 : 0.6807"
"88,4 : 0.6807"
"4,89 : 0.6868"
"89,4 : 0.6868"
"4,90 : 0.7871"
"90,4 : 0.7871"
"4,91 : 0.7086"
"91,4 : 0.7086"
"4,92 : 0.4187"
"92,4 : 0.4187"
"4,93 : 0.3239"
"93,4 : 0.3239"
"4,94 : 0.2163"
"94,4 : 0.2163"
"4,95 : 0.4875"
"95,4 : 0.4875"
"4,96 : 0.3688"
"96,4 : 0.3688"
"4,97 : 0.3612"
"97,4 : 0.3612"
"4,98 : 0.7411"
"98,4 : 0.7411"
"4,99 : 0.4704"
"99,4 : 0.4704"
"5,6 : 0.7998"
"6,5 : 0.7998"
"5,7 : 0.3833"
"7,5 : 0.3833"
"5,8 : 0.4652"
"8,5 : 0.4652"
"5,9 : 0.7301"
"9,5 : 0.7301"
"5,10 : 0.1414"
"10,5 : 0.1414"
"5,11 : 0.5946"
"11,5 : 0.5946"
"5,12 : 0.6217"
"12,5 : 0.6217"
"5,13 : 0.7355"
"13,5 : 0.7355"
"5,14 : 0.7976"
"14,5 : 0.7976"
"5,15 : 0.2508"
"15,5 : 0.2508"
"5,16 : 0.1208"
"16,5 : 0.1208"
"5,17 : 0.7033"
"17,5 : 0.7033"
"5,18 : 0.7521"
"18,5 : 0.7521"
"5,19 : 0.2484"
"19,5 : 0.2484"
"5,20 : 0.4031"
"20,5 : 0.4031"
"5,21 : 0.6435"
"21,5 : 0.6435"
"5,22 : 0.6512"
"22,5 : 0.6512"
"5,23 : 0.5301"
"23,5 : 0.5301"
"5,24 : 0.3406"
"24,5 : 0.3406"
"5,25 : 0.2907"
"25,5 : 0.2907"
"5,26 : 0.327"
"26,5 : 0.327"
"5,27 : 0.4743"
"27,5 : 0.4743"
"5,28 : 0.2081"
"28,5 : 0.2081"
"5,29 : 0.2335"
"29,5 : 0.2335"
"5,30 : 0.2816"
"30,5 : 0.2816"
"5,31 : 0.7253"
"31,5 : 0.7253"
"5,32 : 0.1432"
"32,5 : 0.1432"
"5,33 : 0.365"
"33,5 : 0.365"
"5,34 : 0.5546"
"34,5 : 0.5546"
"5,35 : 0.6845"
"35,5 : 0.6845"
"5,36 : 0.4522"
"36,5 : 0.4522"
"5,37 : 0.3901"
"37,5 : 0.3901"
"5,38 : 0.692"
"38,5 : 0.692"
"5,39 : 0.2786"
"39,5 : 0.2786"
"5,40 : 0.0583"
"40,5 : 0.0583"
"5,41 : 0.7903"
"41,5 : 0.7903"
"5,42 : 0.2062"
"42,5 : 0.2062"
"5,43 : 0.3538"
"43,5 : 0.3538"
"5,44 : 0.4295"
"44,5 : 0.4295"
"5,45 : 0.5162"
"45,5 : 0.5162"
"5,46 : 0.6727"
"46,5 : 0.6727"
"5,47 : 0.2193"
"47,5 : 0.2193"
"5,48 : 0.512"
"48,5 : 0.512"
"5,49 : 0.2973"
"49,5 : 0.2973"
"5,50 : 0.3672"
"50,5 : 0.3672"
"5,51 : 0.3981"
"51,5 : 0.3981"
"5,52 : 0.2915"
"52,5 : 0.2915"
"5,53 : 0.2408"
"53,5 : 0.2408"
"5,54 : 0.3384"
"54,5 : 0.3384"
"5,55 : 0.2773"
"55,5 : 0.2773"
"5,56 : 0.4159"
"56,5 : 0.4159"
"5,57 : 0.5247"
"57,5 : 0.5247"
"5,58 : 0.5503"
"58,5 : 0.5503"
"5,59 : 0.603"
"59,5 : 0.603"
"5,60 : 0.3929"
"60,5 : 0.3929"
"5,61 : 0.1868"
"61,5 : 0.1868"
"5,62 : 0.327"
"62,5 : 0.327"
"5,63 : 0.3808"
"63,5 : 0.3808"
"5,64 : 0.0728"
"64,5 : 0.0728"
"5,65 : 0.5831"
"65,5 : 0.5831"
"5,66 : 0.5738"
"66,5 : 0.5738"
"5,67 : 0.4342"
"67,5 : 0.4342"
"5,68 : 0.4919"
"68,5 : 0.4919"
"5,69 : 0.1655"
"69,5 : 0.1655"
"5,70 : 0.7616"
"70,5 : 0.7616"
"5,71 : 0.314"
"71,5 : 0.314"
"5,72 : 0.4405"
"72,5 : 0.4405"
"5,73 : 0.086"
"73,5 : 0.086"
"5,74 : 0.4904"
"74,5 : 0.4904"
"5,75 : 0.322"
"75,5 : 0.322"
"5,76 : 0.494"
"76,5 : 0.494"
"5,77 : 0.7324"
"77,5 : 0.7324"
"5,78 : 0.4662"
"78,5 : 0.4662"
"5,79 : 0.136"
"79,5 : 0.136"
"5,80 : 0.6382"
"80,5 : 0.6382"
"5,81 : 0.8576"
"81,5 : 0.8576"
"5,82 : 0.2062"
"82,5 : 0.2062"
"5,83 : 0.7077"
"83,5 : 0.7077"
"5,84 : 0.4205"
"84,5 : 0.4205"
"5,85 : 0.3992"
"85,5 : 0.3992"
"5,86 : 0.2953"
"86,5 : 0.2953"
"5,87 : 0.2778"
"87,5 : 0.2778"
"5,88 : 0.6021"
"88,5 : 0.6021"
"5,89 : 0.6447"
"89,5 : 0.6447"
"5,90 : 0.6935"
"90,5 : 0.6935"
"5,91 : 0.6313"
"91,5 : 0.6313"
"5,92 : 0.4383"
"92,5 : 0.4383"
"5,93 : 0.2773"
"93,5 : 0.2773"
"5,94 : 0.255"
"94,5 : 0.255"
"5,95 : 0.3956"
"95,5 : 0.3956"
"5,96 : 0.4301"
"96,5 : 0.4301"
"5,97 : 0.3068"
"97,5 : 0.3068"
"5,98 : 0.6707"
"98,5 : 0.6707"
"5,99 : 0.5474"
"99,5 : 0.5474"
"6,7 : 0.5632"
"7,6 : 0.5632"
"6,8 : 0.408"
"8,6 : 0.408"
"6,9 : 0.11"
"9,6 : 0.11"
"6,10 : 0.806"
"10,6 : 0.806"
"6,11 : 0.7406"
"11,6 : 0.7406"
"6,12 : 0.8106"
"12,6 : 0.8106"
"6,13 : 0.6454"
"13,6 : 0.6454"
"6,14 : 0.9453"
"14,6 : 0.9453"
"6,15 : 0.9879"
"15,6 : 0.9879"
"6,16 : 0.6903"
"16,6 : 0.6903"
"6,17 : 0.8902"
"17,6 : 0.8902"
"6,18 : 0.9802"
"18,6 : 0.9802"
"6,19 : 0.5544"
"19,6 : 0.5544"
"6,20 : 1.1792"
"20,6 : 1.1792"
"6,21 : 0.8914"
"21,6 : 0.8914"
"6,22 : 0.5036"
"22,6 : 0.5036"
"6,23 : 0.6001"
"23,6 : 0.6001"
"6,24 : 1.0485"
"24,6 : 1.0485"
"6,25 : 0.5263"
"25,6 : 0.5263"
"6,26 : 0.7589"
"26,6 : 0.7589"
"6,27 : 0.4144"
"27,6 : 0.4144"
"6,28 : 1.0066"
"28,6 : 1.0066"
"6,29 : 0.5664"
"29,6 : 0.5664"
"6,30 : 1.0512"
"30,6 : 1.0512"
"6,31 : 0.3669"
"31,6 : 0.3669"
"6,32 : 0.7262"
"32,6 : 0.7262"
"6,33 : 0.5323"
"33,6 : 0.5323"
"6,34 : 0.831"
"34,6 : 0.831"
"6,35 : 0.2518"
"35,6 : 0.2518"
"6,36 : 0.8297"
"36,6 : 0.8297"
"6,37 : 0.5852"
"37,6 : 0.5852"
"6,38 : 0.9608"
"38,6 : 0.9608"
"6,39 : 1.064"
"39,6 : 1.064"
"6,40 : 0.7428"
"40,6 : 0.7428"
"6,41 : 0.0583"
"41,6 : 0.0583"
"6,42 : 0.6185"
"42,6 : 0.6185"
"6,43 : 0.876"
"43,6 : 0.876"
"6,44 : 1.0824"
"44,6 : 1.0824"
"6,45 : 1.3038"
"45,6 : 1.3038"
"6,46 : 0.6053"
"46,6 : 0.6053"
"6,47 : 1.005"
"47,6 : 1.005"
"6,48 : 0.7011"
"48,6 : 0.7011"
"6,49 : 0.7111"
"49,6 : 0.7111"
"6,50 : 0.769"
"50,6 : 0.769"
"6,51 : 0.4569"
"51,6 : 0.4569"
"6,52 : 0.7692"
"52,6 : 0.7692"
"6,53 : 0.9661"
"53,6 : 0.9661"
"6,54 : 0.7931"
"54,6 : 0.7931"
"6,55 : 0.5404"
"55,6 : 0.5404"
"6,56 : 0.6727"
"56,6 : 0.6727"
"6,57 : 0.614"
"57,6 : 0.614"
"6,58 : 0.7703"
"58,6 : 0.7703"
"6,59 : 0.6001"
"59,6 : 0.6001"
"6,60 : 0.7083"
"60,6 : 0.7083"
"6,61 : 0.6389"
"61,6 : 0.6389"
"6,62 : 0.9577"
"62,6 : 0.9577"
"6,63 : 0.4579"
"63,6 : 0.4579"
"6,64 : 0.7701"
"64,6 : 0.7701"
"6,65 : 0.4801"
"65,6 : 0.4801"
"6,66 : 0.2263"
"66,6 : 0.2263"
"6,67 : 1.1676"
"67,6 : 1.1676"
"6,68 : 1.2714"
"68,6 : 1.2714"
"6,69 : 0.864"
"69,6 : 0.864"
"6,70 : 0.1746"
"70,6 : 0.1746"
"6,71 : 0.4941"
"71,6 : 0.4941"
"6,72 : 0.6181"
"72,6 : 0.6181"
"6,73 : 0.7159"
"73,6 : 0.7159"
"6,74 : 0.3922"
"74,6 : 0.3922"
"6,75 : 0.8011"
"75,6 : 0.8011"
"6,76 : 0.3276"
"76,6 : 0.3276"
"6,77 : 0.9601"
"77,6 : 0.9601"
"6,78 : 0.3578"
"78,6 : 0.3578"
"6,79 : 0.8262"
"79,6 : 0.8262"
"6,80 : 0.2209"
"80,6 : 0.2209"
"6,81 : 0.9998"
"81,6 : 0.9998"
"6,82 : 1.0042"
"82,6 : 1.0042"
"6,83 : 0.8222"
"83,6 : 0.8222"
"6,84 : 1.1997"
"84,6 : 1.1997"
"6,85 : 0.7242"
"85,6 : 0.7242"
"6,86 : 0.7558"
"86,6 : 0.7558"
"6,87 : 0.5315"
"87,6 : 0.5315"
"6,88 : 0.5901"
"88,6 : 0.5901"
"6,89 : 0.28"
"89,6 : 0.28"
"6,90 : 0.831"
"90,6 : 0.831"
"6,91 : 0.5814"
"91,6 : 0.5814"
"6,92 : 0.4179"
"92,6 : 0.4179"
"6,93 : 1.0622"
"93,6 : 1.0622"
"6,94 : 1.0265"
"94,6 : 1.0265"
"6,95 : 1.0152"
"95,6 : 1.0152"
"6,96 : 0.5903"
"96,6 : 0.5903"
"6,97 : 1.0794"
"97,6 : 1.0794"
"6,98 : 0.5162"
"98,6 : 0.5162"
"6,99 : 0.68"
"99,6 : 0.68"
"7,8 : 0.1552"
"8,7 : 0.1552"
"7,9 : 0.5423"
"9,7 : 0.5423"
"7,10 : 0.4826"
"10,7 : 0.4826"
"7,11 : 0.7723"
"11,7 : 0.7723"
"7,12 : 0.8262"
"12,7 : 0.8262"
"7,13 : 0.8266"
"13,7 : 0.8266"
"7,14 : 1.009"
"14,7 : 1.009"
"7,15 : 0.4686"
"15,7 : 0.4686"
"7,16 : 0.27"
"16,7 : 0.27"
"7,17 : 0.9201"
"17,7 : 0.9201"
"7,18 : 0.993"
"18,7 : 0.993"
"7,19 : 0.2195"
"19,7 : 0.2195"
"7,20 : 0.7788"
"20,7 : 0.7788"
"7,21 : 0.8792"
"21,7 : 0.8792"
"7,22 : 0.6896"
"22,7 : 0.6896"
"7,23 : 0.1616"
"23,7 : 0.1616"
"7,24 : 0.7206"
"24,7 : 0.7206"
"7,25 : 0.3265"
"25,7 : 0.3265"
"7,26 : 0.197"
"26,7 : 0.197"
"7,27 : 0.4614"
"27,7 : 0.4614"
"7,28 : 0.5463"
"28,7 : 0.5463"
"7,29 : 0.2506"
"29,7 : 0.2506"
"7,30 : 0.6629"
"30,7 : 0.6629"
"7,31 : 0.6772"
"31,7 : 0.6772"
"7,32 : 0.4198"
"32,7 : 0.4198"
"7,33 : 0.4455"
"33,7 : 0.4455"
"7,34 : 0.3138"
"34,7 : 0.3138"
"7,35 : 0.5771"
"35,7 : 0.5771"
"7,36 : 0.7155"
"36,7 : 0.7155"
"7,37 : 0.5174"
"37,7 : 0.5174"
"7,38 : 0.9434"
"38,7 : 0.9434"
"7,39 : 0.5714"
"39,7 : 0.5714"
"7,40 : 0.35"
"40,7 : 0.35"
"7,41 : 0.5805"
"41,7 : 0.5805"
"7,42 : 0.1924"
"42,7 : 0.1924"
"7,43 : 0.3138"
"43,7 : 0.3138"
"7,44 : 0.801"
"44,7 : 0.801"
"7,45 : 0.8802"
"45,7 : 0.8802"
"7,46 : 0.7603"
"46,7 : 0.7603"
"7,47 : 0.5967"
"47,7 : 0.5967"
"7,48 : 0.2"
"48,7 : 0.2"
"7,49 : 0.5323"
"49,7 : 0.5323"
"7,50 : 0.6217"
"50,7 : 0.6217"
"7,51 : 0.1217"
"51,7 : 0.1217"
"7,52 : 0.5665"
"52,7 : 0.5665"
"7,53 : 0.6207"
"53,7 : 0.6207"
"7,54 : 0.6147"
"54,7 : 0.6147"
"7,55 : 0.328"
"55,7 : 0.328"
"7,56 : 0.1237"
"56,7 : 0.1237"
"7,57 : 0.6507"
"57,7 : 0.6507"
"7,58 : 0.2693"
"58,7 : 0.2693"
"7,59 : 0.7043"
"59,7 : 0.7043"
"7,60 : 0.15"
"60,7 : 0.15"
"7,61 : 0.3547"
"61,7 : 0.3547"
"7,62 : 0.6847"
"62,7 : 0.6847"
"7,63 : 0.378"
"63,7 : 0.378"
"7,64 : 0.3178"
"64,7 : 0.3178"
"7,65 : 0.6191"
"65,7 : 0.6191"
"7,66 : 0.38"
"66,7 : 0.38"
"7,67 : 0.8174"
"67,7 : 0.8174"
"7,68 : 0.8633"
"68,7 : 0.8633"
"7,69 : 0.5304"
"69,7 : 0.5304"
"7,70 : 0.61"
"70,7 : 0.61"
"7,71 : 0.191"
"71,7 : 0.191"
"7,72 : 0.0922"
"72,7 : 0.0922"
"7,73 : 0.31"
"73,7 : 0.31"
"7,74 : 0.4607"
"74,7 : 0.4607"
"7,75 : 0.6075"
"75,7 : 0.6075"
"7,76 : 0.389"
"76,7 : 0.389"
"7,77 : 0.9708"
"77,7 : 0.9708"
"7,78 : 0.22"
"78,7 : 0.22"
"7,79 : 0.4909"
"79,7 : 0.4909"
"7,80 : 0.3493"
"80,7 : 0.3493"
"7,81 : 1.073"
"81,7 : 1.073"
"7,82 : 0.5692"
"82,7 : 0.5692"
"7,83 : 0.892"
"83,7 : 0.892"
"7,84 : 0.794"
"84,7 : 0.794"
"7,85 : 0.6191"
"85,7 : 0.6191"
"7,86 : 0.5608"
"86,7 : 0.5608"
"7,87 : 0.3061"
"87,7 : 0.3061"
"7,88 : 0.6981"
"88,7 : 0.6981"
"7,89 : 0.5532"
"89,7 : 0.5532"
"7,90 : 0.8862"
"90,7 : 0.8862"
"7,91 : 0.7161"
"91,7 : 0.7161"
"7,92 : 0.1503"
"92,7 : 0.1503"
"7,93 : 0.6525"
"93,7 : 0.6525"
"7,94 : 0.5243"
"94,7 : 0.5243"
"7,95 : 0.7554"
"95,7 : 0.7554"
"7,96 : 0.064"
"96,7 : 0.064"
"7,97 : 0.6866"
"97,7 : 0.6866"
"7,98 : 0.712"
"98,7 : 0.712"
"7,99 : 0.2126"
"99,7 : 0.2126"
"8,9 : 0.3901"
"9,8 : 0.3901"
"8,10 : 0.5295"
"10,8 : 0.5295"
"8,11 : 0.7169"
"11,8 : 0.7169"
"8,12 : 0.7783"
"12,8 : 0.7783"
"8,13 : 0.7355"
"13,8 : 0.7355"
"8,14 : 0.9552"
"14,8 : 0.9552"
"8,15 : 0.6021"
"15,8 : 0.6021"
"8,16 : 0.3444"
"16,8 : 0.3444"
"8,17 : 0.8724"
"17,8 : 0.8724"
"8,18 : 0.9527"
"18,8 : 0.9527"
"8,19 : 0.2335"
"19,8 : 0.2335"
"8,20 : 0.8682"
"20,8 : 0.8682"
"8,21 : 0.8417"
"21,8 : 0.8417"
"8,22 : 0.589"
"22,8 : 0.589"
"8,23 : 0.2371"
"23,8 : 0.2371"
"8,24 : 0.781"
"24,8 : 0.781"
"8,25 : 0.2961"
"25,8 : 0.2961"
"8,26 : 0.3511"
"26,8 : 0.3511"
"8,27 : 0.368"
"27,8 : 0.368"
"8,28 : 0.6546"
"28,8 : 0.6546"
"8,29 : 0.2617"
"29,8 : 0.2617"
"8,30 : 0.7446"
"30,8 : 0.7446"
"8,31 : 0.5504"
"31,8 : 0.5504"
"8,32 : 0.454"
"32,8 : 0.454"
"8,33 : 0.394"
"33,8 : 0.394"
"8,34 : 0.4472"
"34,8 : 0.4472"
"8,35 : 0.4397"
"35,8 : 0.4397"
"8,36 : 0.7009"
"36,8 : 0.7009"
"8,37 : 0.4701"
"37,8 : 0.4701"
"8,38 : 0.91"
"38,8 : 0.91"
"8,39 : 0.6943"
"39,8 : 0.6943"
"8,40 : 0.4179"
"40,8 : 0.4179"
"8,41 : 0.4258"
"41,8 : 0.4258"
"8,42 : 0.2594"
"42,8 : 0.2594"
"8,43 : 0.4682"
"43,8 : 0.4682"
"8,44 : 0.8472"
"44,8 : 0.8472"
"8,45 : 0.9801"
"45,8 : 0.9801"
"8,46 : 0.6718"
"46,8 : 0.6718"
"8,47 : 0.6845"
"47,8 : 0.6845"
"8,48 : 0.3202"
"48,8 : 0.3202"
"8,49 : 0.5261"
"49,8 : 0.5261"
"8,50 : 0.6119"
"50,8 : 0.6119"
"8,51 : 0.0671"
"51,8 : 0.0671"
"8,52 : 0.5722"
"52,8 : 0.5722"
"8,53 : 0.6841"
"53,8 : 0.6841"
"8,54 : 0.6152"
"54,8 : 0.6152"
"8,55 : 0.3041"
"55,8 : 0.3041"
"8,56 : 0.2702"
"56,8 : 0.2702"
"8,57 : 0.5852"
"57,8 : 0.5852"
"8,58 : 0.3929"
"58,8 : 0.3929"
"8,59 : 0.6248"
"59,8 : 0.6248"
"8,60 : 0.3027"
"60,8 : 0.3027"
"8,61 : 0.3705"
"61,8 : 0.3705"
"8,62 : 0.7234"
"62,8 : 0.7234"
"8,63 : 0.3089"
"63,8 : 0.3089"
"8,64 : 0.4134"
"64,8 : 0.4134"
"8,65 : 0.5235"
"65,8 : 0.5235"
"8,66 : 0.2335"
"66,8 : 0.2335"
"8,67 : 0.8889"
"67,8 : 0.8889"
"8,68 : 0.9571"
"68,8 : 0.9571"
"8,69 : 0.5846"
"69,8 : 0.5846"
"8,70 : 0.4617"
"70,8 : 0.4617"
"8,71 : 0.1703"
"71,8 : 0.1703"
"8,72 : 0.2209"
"72,8 : 0.2209"
"8,73 : 0.3808"
"73,8 : 0.3808"
"8,74 : 0.3607"
"74,8 : 0.3607"
"8,75 : 0.6129"
"75,8 : 0.6129"
"8,76 : 0.272"
"76,8 : 0.272"
"8,77 : 0.9304"
"77,8 : 0.9304"
"8,78 : 0.0806"
"78,8 : 0.0806"
"8,79 : 0.5434"
"79,8 : 0.5434"
"8,80 : 0.1972"
"80,8 : 0.1972"
"8,81 : 1.0187"
"81,8 : 1.0187"
"8,82 : 0.6673"
"82,8 : 0.6673"
"8,83 : 0.8322"
"83,8 : 0.8322"
"8,84 : 0.8857"
"84,8 : 0.8857"
"8,85 : 0.5948"
"85,8 : 0.5948"
"8,86 : 0.5632"
"86,8 : 0.5632"
"8,87 : 0.2828"
"87,8 : 0.2828"
"8,88 : 0.6172"
"88,8 : 0.6172"
"8,89 : 0.4215"
"89,8 : 0.4215"
"8,90 : 0.8301"
"90,8 : 0.8301"
"8,91 : 0.6297"
"91,8 : 0.6297"
"8,92 : 0.03"
"92,8 : 0.03"
"8,93 : 0.7425"
"93,8 : 0.7425"
"8,94 : 0.6507"
"94,8 : 0.6507"
"8,95 : 0.7923"
"95,8 : 0.7923"
"8,96 : 0.1903"
"96,8 : 0.1903"
"8,97 : 0.7708"
"97,8 : 0.7708"
"8,98 : 0.6107"
"98,8 : 0.6107"
"8,99 : 0.3138"
"99,8 : 0.3138"
"9,10 : 0.7218"
"10,9 : 0.7218"
"9,11 : 0.6307"
"11,9 : 0.6307"
"9,12 : 0.7006"
"12,9 : 0.7006"
"9,13 : 0.5385"
"13,9 : 0.5385"
"9,14 : 0.836"
"14,9 : 0.836"
"9,15 : 0.9347"
"15,9 : 0.9347"
"9,16 : 0.6277"
"16,9 : 0.6277"
"9,17 : 0.7803"
"17,9 : 0.7803"
"9,18 : 0.8702"
"18,9 : 0.8702"
"9,19 : 0.4924"
"19,9 : 0.4924"
"9,20 : 1.0966"
"20,9 : 1.0966"
"9,21 : 0.7816"
"21,9 : 0.7816"
"9,22 : 0.3946"
"22,9 : 0.3946"
"9,23 : 0.6083"
"23,9 : 0.6083"
"9,24 : 0.958"
"24,9 : 0.958"
"9,25 : 0.446"
"25,9 : 0.446"
"9,26 : 0.7316"
"26,9 : 0.7316"
"9,27 : 0.313"
"27,9 : 0.313"
"9,28 : 0.9381"
"28,9 : 0.9381"
"9,29 : 0.4993"
"29,9 : 0.4993"
"9,30 : 0.969"
"30,9 : 0.969"
"9,31 : 0.264"
"31,9 : 0.264"
"9,32 : 0.6435"
"32,9 : 0.6435"
"9,33 : 0.4357"
"33,9 : 0.4357"
"9,34 : 0.8329"
"34,9 : 0.8329"
"9,35 : 0.1432"
"35,9 : 0.1432"
"9,36 : 0.7242"
"36,9 : 0.7242"
"9,37 : 0.4833"
"37,9 : 0.4833"
"9,38 : 0.8509"
"38,9 : 0.8509"
"9,39 : 1.0017"
"39,9 : 1.0017"
"9,40 : 0.672"
"40,9 : 0.672"
"9,41 : 0.0671"
"41,9 : 0.0671"
"9,42 : 0.5636"
"42,9 : 0.5636"
"9,43 : 0.8472"
"43,9 : 0.8472"
"9,44 : 0.9862"
"44,9 : 0.9862"
"9,45 : 1.2233"
"45,9 : 1.2233"
"9,46 : 0.4965"
"46,9 : 0.4965"
"9,47 : 0.927"
"47,9 : 0.927"
"9,48 : 0.7035"
"48,9 : 0.7035"
"9,49 : 0.614"
"49,9 : 0.614"
"9,50 : 0.6671"
"50,9 : 0.6671"
"9,51 : 0.4258"
"51,9 : 0.4258"
"9,52 : 0.6723"
"52,9 : 0.6723"
"9,53 : 0.8797"
"53,9 : 0.8797"
"9,54 : 0.6932"
"54,9 : 0.6932"
"9,55 : 0.4601"
"55,9 : 0.4601"
"9,56 : 0.6603"
"56,9 : 0.6603"
"9,57 : 0.5049"
"57,9 : 0.5049"
"9,58 : 0.7752"
"58,9 : 0.7752"
"9,59 : 0.4901"
"59,9 : 0.4901"
"9,60 : 0.6918"
"60,9 : 0.6918"
"9,61 : 0.559"
"61,9 : 0.559"
"9,62 : 0.8628"
"62,9 : 0.8628"
"9,63 : 0.3688"
"63,9 : 0.3688"
"9,64 : 0.7083"
"64,9 : 0.7083"
"9,65 : 0.3701"
"65,9 : 0.3701"
"9,66 : 0.1676"
"66,9 : 0.1676"
"9,67 : 1.078"
"67,9 : 1.078"
"9,68 : 1.1887"
"68,9 : 1.1887"
"9,69 : 0.779"
"69,9 : 0.779"
"9,70 : 0.086"
"70,9 : 0.086"
"9,71 : 0.4386"
"71,9 : 0.4386"
"9,72 : 0.6101"
"72,9 : 0.6101"
"9,73 : 0.649"
"73,9 : 0.649"
"9,74 : 0.2907"
"74,9 : 0.2907"
"9,75 : 0.7024"
"75,9 : 0.7024"
"9,76 : 0.2404"
"76,9 : 0.2404"
"9,77 : 0.8501"
"77,9 : 0.8501"
"9,78 : 0.3239"
"78,9 : 0.3239"
"9,79 : 0.7428"
"79,9 : 0.7428"
"9,80 : 0.2377"
"80,9 : 0.2377"
"9,81 : 0.8911"
"81,9 : 0.8911"
"9,82 : 0.9309"
"82,9 : 0.9309"
"9,83 : 0.7125"
"83,9 : 0.7125"
"9,84 : 1.1176"
"84,9 : 1.1176"
"9,85 : 0.6203"
"85,9 : 0.6203"
"9,86 : 0.6586"
"86,9 : 0.6586"
"9,87 : 0.4545"
"87,9 : 0.4545"
"9,88 : 0.4801"
"88,9 : 0.4801"
"9,89 : 0.17"
"89,9 : 0.17"
"9,90 : 0.7211"
"90,9 : 0.7211"
"9,91 : 0.4717"
"91,9 : 0.4717"
"9,92 : 0.392"
"92,9 : 0.392"
"9,93 : 0.9831"
"93,9 : 0.9831"
"9,94 : 0.9675"
"94,9 : 0.9675"
"9,95 : 0.9179"
"95,9 : 0.9179"
"9,96 : 0.58"
"96,9 : 0.58"
"9,97 : 0.9972"
"97,9 : 0.9972"
"9,98 : 0.4079"
"98,9 : 0.4079"
"9,99 : 0.6888"
"99,9 : 0.6888"
"10,11 : 0.4707"
"11,10 : 0.4707"
"10,12 : 0.4904"
"12,10 : 0.4904"
"10,13 : 0.6301"
"13,10 : 0.6301"
"10,14 : 0.6619"
"14,10 : 0.6619"
"10,15 : 0.37"
"15,10 : 0.37"
"10,16 : 0.2159"
"16,10 : 0.2159"
"10,17 : 0.568"
"17,10 : 0.568"
"10,18 : 0.6129"
"18,10 : 0.6129"
"10,19 : 0.2961"
"19,10 : 0.2961"
"10,20 : 0.3748"
"20,10 : 0.3748"
"10,21 : 0.5061"
"21,10 : 0.5061"
"10,22 : 0.5675"
"22,10 : 0.5675"
"10,23 : 0.6395"
"23,10 : 0.6395"
"10,24 : 0.253"
"24,10 : 0.253"
"10,25 : 0.2802"
"25,10 : 0.2802"
"10,26 : 0.4614"
"26,10 : 0.4614"
"10,27 : 0.4301"
"27,10 : 0.4301"
"10,28 : 0.2707"
"28,10 : 0.2707"
"10,29 : 0.2693"
"29,10 : 0.2693"
"10,30 : 0.2476"
"30,10 : 0.2476"
"10,31 : 0.6664"
"31,10 : 0.6664"
"10,32 : 0.0806"
"32,10 : 0.0806"
"10,33 : 0.3053"
"33,10 : 0.3053"
"10,34 : 0.6896"
"34,10 : 0.6896"
"10,35 : 0.65"
"35,10 : 0.65"
"10,36 : 0.3138"
"36,10 : 0.3138"
"10,37 : 0.3036"
"37,10 : 0.3036"
"10,38 : 0.5522"
"38,10 : 0.5522"
"10,39 : 0.36"
"39,10 : 0.36"
"10,40 : 0.1393"
"40,10 : 0.1393"
"10,41 : 0.7864"
"41,10 : 0.7864"
"10,42 : 0.2907"
"42,10 : 0.2907"
"10,43 : 0.4952"
"43,10 : 0.4952"
"10,44 : 0.3202"
"44,10 : 0.3202"
"10,45 : 0.5025"
"45,10 : 0.5025"
"10,46 : 0.5714"
"46,10 : 0.5714"
"10,47 : 0.2147"
"47,10 : 0.2147"
"10,48 : 0.6357"
"48,10 : 0.6357"
"10,49 : 0.18"
"49,10 : 0.18"
"10,50 : 0.2341"
"50,10 : 0.2341"
"10,51 : 0.4653"
"51,10 : 0.4653"
"10,52 : 0.1581"
"52,10 : 0.1581"
"10,53 : 0.1612"
"53,10 : 0.1612"
"10,54 : 0.2012"
"54,10 : 0.2012"
"10,55 : 0.2663"
"55,10 : 0.2663"
"10,56 : 0.5376"
"56,10 : 0.5376"
"10,57 : 0.4211"
"57,10 : 0.4211"
"10,58 : 0.6803"
"58,10 : 0.6803"
"10,59 : 0.5016"
"59,10 : 0.5016"
"10,60 : 0.52"
"60,10 : 0.52"
"10,61 : 0.17"
"61,10 : 0.17"
"10,62 : 0.2022"
"62,10 : 0.2022"
"10,63 : 0.3536"
"63,10 : 0.3536"
"10,64 : 0.2081"
"64,10 : 0.2081"
"10,65 : 0.506"
"65,10 : 0.506"
"10,66 : 0.5825"
"66,10 : 0.5825"
"10,67 : 0.3667"
"67,10 : 0.3667"
"10,68 : 0.4669"
"68,10 : 0.4669"
"10,69 : 0.0583"
"69,10 : 0.0583"
"10,70 : 0.7376"
"70,10 : 0.7376"
"10,71 : 0.3614"
"71,10 : 0.3614"
"10,72 : 0.5532"
"72,10 : 0.5532"
"10,73 : 0.1772"
"73,10 : 0.1772"
"10,74 : 0.45"
"74,10 : 0.45"
"10,75 : 0.1836"
"75,10 : 0.1836"
"10,76 : 0.4817"
"76,10 : 0.4817"
"10,77 : 0.5936"
"77,10 : 0.5936"
"10,78 : 0.5092"
"78,10 : 0.5092"
"10,79 : 0.0224"
"79,10 : 0.0224"
"10,80 : 0.6762"
"80,10 : 0.6762"
"10,81 : 0.7207"
"81,10 : 0.7207"
"10,82 : 0.2377"
"82,10 : 0.2377"
"10,83 : 0.5787"
"83,10 : 0.5787"
"10,84 : 0.396"
"84,10 : 0.396"
"10,85 : 0.2746"
"85,10 : 0.2746"
"10,86 : 0.1649"
"86,10 : 0.1649"
"10,87 : 0.2778"
"87,10 : 0.2778"
"10,88 : 0.5025"
"88,10 : 0.5025"
"10,89 : 0.608"
"89,10 : 0.608"
"10,90 : 0.563"
"90,10 : 0.563"
"10,91 : 0.5334"
"91,10 : 0.5334"
"10,92 : 0.5001"
"92,10 : 0.5001"
"10,93 : 0.2663"
"93,10 : 0.2663"
"10,94 : 0.3536"
"94,10 : 0.3536"
"10,95 : 0.2729"
"95,10 : 0.2729"
"10,96 : 0.5376"
"96,10 : 0.5376"
"10,97 : 0.2759"
"97,10 : 0.2759"
"10,98 : 0.5846"
"98,10 : 0.5846"
"10,99 : 0.6676"
"99,10 : 0.6676"
"11,12 : 0.07"
"12,11 : 0.07"
"11,13 : 0.2025"
"13,11 : 0.2025"
"11,14 : 0.2385"
"14,11 : 0.2385"
"11,15 : 0.8393"
"15,11 : 0.8393"
"11,16 : 0.5968"
"16,11 : 0.5968"
"11,17 : 0.1581"
"17,11 : 0.1581"
"11,18 : 0.2452"
"18,11 : 0.2452"
"11,19 : 0.5587"
"19,11 : 0.5587"
"11,20 : 0.7398"
"20,11 : 0.7398"
"11,21 : 0.1513"
"21,11 : 0.1513"
"11,22 : 0.2563"
"22,11 : 0.2563"
"11,23 : 0.9262"
"23,11 : 0.9262"
"11,24 : 0.5579"
"24,11 : 0.5579"
"11,25 : 0.446"
"25,11 : 0.446"
"11,26 : 0.8521"
"26,11 : 0.8521"
"11,27 : 0.3669"
"27,11 : 0.3669"
"11,28 : 0.7344"
"28,11 : 0.7344"
"11,29 : 0.5308"
"29,11 : 0.5308"
"11,30 : 0.6438"
"30,11 : 0.6438"
"11,31 : 0.4144"
"31,11 : 0.4144"
"11,32 : 0.4531"
"32,11 : 0.4531"
"11,33 : 0.328"
"33,11 : 0.328"
"11,34 : 1.063"
"34,11 : 1.063"
"11,35 : 0.4937"
"35,11 : 0.4937"
"11,36 : 0.1992"
"36,11 : 0.1992"
"11,37 : 0.255"
"37,11 : 0.255"
"11,38 : 0.2202"
"38,11 : 0.2202"
"11,39 : 0.8261"
"39,11 : 0.8261"
"11,40 : 0.5595"
"40,11 : 0.5595"
"11,41 : 0.6926"
"41,11 : 0.6926"
"11,42 : 0.6185"
"42,11 : 0.6185"
"11,43 : 0.9228"
"43,11 : 0.9228"
"11,44 : 0.5189"
"44,11 : 0.5189"
"11,45 : 0.864"
"45,11 : 0.864"
"11,46 : 0.178"
"46,11 : 0.178"
"11,47 : 0.65"
"47,11 : 0.65"
"11,48 : 0.969"
"48,11 : 0.969"
"11,49 : 0.2973"
"49,11 : 0.2973"
"11,50 : 0.2408"
"50,11 : 0.2408"
"11,51 : 0.6824"
"51,11 : 0.6824"
"11,52 : 0.314"
"52,11 : 0.314"
"11,53 : 0.5415"
"53,11 : 0.5415"
"11,54 : 0.2802"
"54,11 : 0.2802"
"11,55 : 0.4455"
"55,11 : 0.4455"
"11,56 : 0.8769"
"56,11 : 0.8769"
"11,57 : 0.136"
"57,11 : 0.136"
"11,58 : 1.0325"
"58,11 : 1.0325"
"11,59 : 0.1456"
"59,11 : 0.1456"
"11,60 : 0.8786"
"60,11 : 0.8786"
"11,61 : 0.4549"
"61,11 : 0.4549"
"11,62 : 0.4415"
"62,11 : 0.4415"
"11,63 : 0.4082"
"63,11 : 0.4082"
"11,64 : 0.6398"
"64,11 : 0.6398"
"11,65 : 0.2608"
"65,11 : 0.2608"
"11,66 : 0.5944"
"66,11 : 0.5944"
"11,67 : 0.6613"
"67,11 : 0.6613"
"11,68 : 0.8161"
"68,11 : 0.8161"
"11,69 : 0.4925"
"69,11 : 0.4925"
"11,70 : 0.5886"
"70,11 : 0.5886"
"11,71 : 0.5826"
"71,11 : 0.5826"
"11,72 : 0.8637"
"72,11 : 0.8637"
"11,73 : 0.5771"
"73,11 : 0.5771"
"11,74 : 0.3833"
"74,11 : 0.3833"
"11,75 : 0.3002"
"75,11 : 0.3002"
"11,76 : 0.4808"
"76,11 : 0.4808"
"11,77 : 0.2236"
"77,11 : 0.2236"
"11,78 : 0.6485"
"78,11 : 0.6485"
"11,79 : 0.4884"
"79,11 : 0.4884"
"11,80 : 0.7446"
"80,11 : 0.7446"
"11,81 : 0.3023"
"81,11 : 0.3023"
"11,82 : 0.6912"
"82,11 : 0.6912"
"11,83 : 0.1204"
"83,11 : 0.1204"
"11,84 : 0.7616"
"84,11 : 0.7616"
"11,85 : 0.1965"
"85,11 : 0.1965"
"11,86 : 0.3059"
"86,11 : 0.3059"
"11,87 : 0.4669"
"87,11 : 0.4669"
"11,88 : 0.1552"
"88,11 : 0.1552"
"11,89 : 0.461"
"89,11 : 0.461"
"11,90 : 0.114"
"90,11 : 0.114"
"11,91 : 0.1746"
"91,11 : 0.1746"
"11,92 : 0.6912"
"92,11 : 0.6912"
"11,93 : 0.6818"
"93,11 : 0.6818"
"11,94 : 0.8238"
"94,11 : 0.8238"
"11,95 : 0.4531"
"95,11 : 0.4531"
"11,96 : 0.8363"
"96,11 : 0.8363"
"11,97 : 0.6661"
"97,11 : 0.6661"
"11,98 : 0.255"
"98,11 : 0.255"
"11,99 : 0.9849"
"99,11 : 0.9849"
"12,13 : 0.2476"
"13,12 : 0.2476"
"12,14 : 0.1838"
"14,12 : 0.1838"
"12,15 : 0.8603"
"15,12 : 0.8603"
"12,16 : 0.636"
"16,12 : 0.636"
"12,17 : 0.0943"
"17,12 : 0.0943"
"12,18 : 0.1772"
"18,12 : 0.1772"
"12,19 : 0.6096"
"19,12 : 0.6096"
"12,20 : 0.7269"
"20,12 : 0.7269"
"12,21 : 0.0825"
"21,12 : 0.0825"
"12,22 : 0.3228"
"22,12 : 0.3228"
"12,23 : 0.9823"
"23,12 : 0.9823"
"12,24 : 0.5445"
"24,12 : 0.5445"
"12,25 : 0.5"
"25,12 : 0.5"
"12,26 : 0.895"
"26,12 : 0.895"
"12,27 : 0.4342"
"27,12 : 0.4342"
"12,28 : 0.7453"
"28,12 : 0.7453"
"12,29 : 0.5805"
"29,12 : 0.5805"
"12,30 : 0.64"
"30,12 : 0.64"
"12,31 : 0.4808"
"31,12 : 0.4808"
"12,32 : 0.4837"
"32,12 : 0.4837"
"12,33 : 0.3859"
"33,12 : 0.3859"
"12,34 : 1.1104"
"34,12 : 1.1104"
"12,35 : 0.5632"
"35,12 : 0.5632"
"12,36 : 0.1903"
"36,12 : 0.1903"
"12,37 : 0.3106"
"37,12 : 0.3106"
"12,38 : 0.1503"
"38,12 : 0.1503"
"12,39 : 0.8374"
"39,12 : 0.8374"
"12,40 : 0.5917"
"40,12 : 0.5917"
"12,41 : 0.7624"
"41,12 : 0.7624"
"12,42 : 0.6648"
"42,12 : 0.6648"
"12,43 : 0.9596"
"43,12 : 0.9596"
"12,44 : 0.4934"
"44,12 : 0.4934"
"12,45 : 0.8472"
"45,12 : 0.8472"
"12,46 : 0.2371"
"46,12 : 0.2371"
"12,47 : 0.6538"
"47,12 : 0.6538"
"12,48 : 1.0207"
"48,12 : 1.0207"
"12,49 : 0.3276"
"49,12 : 0.3276"
"12,50 : 0.2563"
"50,12 : 0.2563"
"12,51 : 0.7409"
"51,12 : 0.7409"
"12,52 : 0.3324"
"52,12 : 0.3324"
"12,53 : 0.5408"
"53,12 : 0.5408"
"12,54 : 0.2912"
"54,12 : 0.2912"
"12,55 : 0.4982"
"55,12 : 0.4982"
"12,56 : 0.927"
"56,12 : 0.927"
"12,57 : 0.204"
"57,12 : 0.204"
"12,58 : 1.0825"
"58,12 : 1.0825"
"12,59 : 0.2138"
"59,12 : 0.2138"
"12,60 : 0.9263"
"60,12 : 0.9263"
"12,61 : 0.4968"
"61,12 : 0.4968"
"12,62 : 0.431"
"62,12 : 0.431"
"12,63 : 0.4696"
"63,12 : 0.4696"
"12,64 : 0.6723"
"64,12 : 0.6723"
"12,65 : 0.3306"
"65,12 : 0.3306"
"12,66 : 0.6629"
"66,12 : 0.6629"
"12,67 : 0.6403"
"67,12 : 0.6403"
"12,68 : 0.7983"
"68,12 : 0.7983"
"12,69 : 0.5045"
"69,12 : 0.5045"
"12,70 : 0.6576"
"70,12 : 0.6576"
"12,71 : 0.6382"
"71,12 : 0.6382"
"12,72 : 0.9168"
"72,12 : 0.9168"
"12,73 : 0.6129"
"73,12 : 0.6129"
"12,74 : 0.4512"
"74,12 : 0.4512"
"12,75 : 0.3105"
"75,12 : 0.3105"
"12,76 : 0.5482"
"76,12 : 0.5482"
"12,77 : 0.1552"
"77,12 : 0.1552"
"12,78 : 0.7118"
"78,12 : 0.7118"
"12,79 : 0.506"
"79,12 : 0.506"
"12,80 : 0.8125"
"80,12 : 0.8125"
"12,81 : 0.2476"
"81,12 : 0.2476"
"12,82 : 0.6987"
"82,12 : 0.6987"
"12,83 : 0.0906"
"83,12 : 0.0906"
"12,84 : 0.7481"
"84,12 : 0.7481"
"12,85 : 0.2247"
"85,12 : 0.2247"
"12,86 : 0.327"
"86,12 : 0.327"
"12,87 : 0.5201"
"87,12 : 0.5201"
"12,88 : 0.2236"
"88,12 : 0.2236"
"12,89 : 0.5308"
"89,12 : 0.5308"
"12,90 : 0.0728"
"90,12 : 0.0728"
"12,91 : 0.2404"
"91,12 : 0.2404"
"12,92 : 0.7518"
"92,12 : 0.7518"
"12,93 : 0.6803"
"93,12 : 0.6803"
"12,94 : 0.8393"
"94,12 : 0.8393"
"12,95 : 0.4317"
"95,12 : 0.4317"
"12,96 : 0.8902"
"96,12 : 0.8902"
"12,97 : 0.6603"
"97,12 : 0.6603"
"12,98 : 0.3195"
"98,12 : 0.3195"
"12,99 : 1.0386"
"99,12 : 1.0386"
"13,14 : 0.3126"
"14,13 : 0.3126"
"13,15 : 0.9862"
"15,13 : 0.9862"
"13,16 : 0.7088"
"16,13 : 0.7088"
"13,17 : 0.2864"
"17,13 : 0.2864"
"13,18 : 0.37"
"18,13 : 0.37"
"13,19 : 0.6351"
"19,13 : 0.6351"
"13,20 : 0.933"
"20,13 : 0.933"
"13,21 : 0.322"
"21,13 : 0.322"
"13,22 : 0.1526"
"22,13 : 0.1526"
"13,23 : 0.9654"
