x,y
0.78,0.32
0.47,0.5
0.67,0.4
0.21,0.11
0.47,0.79
0.72,0.25
0.74,0.99
0.1,0.2
0.11,0.8
0.81,0.5
0.24,0.45
0.93,0.93
0.43,0.07
0.45,0.02
0.89,0.47
0.12,0.86
0.69,0.46
0.61,0.91
0.13,0.67
0.41,0.51
0.23,0.72
0.91,0.66
0.67,0.56
0.08,0.43
0.37,0.53
0.67,0.38
0.62,0.04
0.64,0.22
0.89,0.2
0.32,0.21
0.08,0.88
0.52,0.2
0.9,0.09
0.15,0.19
0.47,0.04
0.94,0.11
0.31,0.85
0.93,0.75
0.9,0.42
0.21,0.02
0.16,0.47
0.56,0.13
0.89,0.96
0.57,0.88
0.79,0.92
0.25,0.06
0.0,0.61
0.47,0.89
0.54,0.04
0.73,0.53
0.21,0.66
0.7,0.49
0.82,0.92
0.31,0.72
0.09,0.54
0.23,0.1
0.4,0.3
0.07,0.69
0.09,0.98
0.01,0.45
0.54,0.81
0.28,0.9
0.66,0.4
0.49,0.26
0.02,0.94
0.7,0.31
0.43,0.83
0.82,0.23
0.55,0.22
0.41,0.82
0.53,0.25
0.87,0.53
0.89,0.29
0.91,0.6
0.47,0.8
0.35,0.99
0.27,0.77
0.95,0.89
0.4,0.84
0.08,0.99
0.37,0.01
0.52,0.36
0.43,0.54
0.47,0.41
0.02,0.5
0.72,0.28
0.97,0.38
0.5,0.22
0.04,0.26
0.19,0.12
0.13,0.17
0.88,0.94
0.1,0.44
0.59,0.4
0.81,0.36
0.41,0.97
0.31,0.44
0.34,0.52
0.67,0.41
0.96,0.75

Distanze
"0,1 : 0.3585"
"1,0 : 0.3585"
"0,2 : 0.136"
"2,0 : 0.136"
"0,3 : 0.6075"
"3,0 : 0.6075"
"0,4 : 0.563"
"4,0 : 0.563"
"0,5 : 0.0922"
"5,0 : 0.0922"
"0,6 : 0.6712"
"6,0 : 0.6712"
"0,7 : 0.6905"
"7,0 : 0.6905"
"0,8 : 0.8242"
"8,0 : 0.8242"
"0,9 : 0.1825"
"9,0 : 0.1825"
"0,10 : 0.5554"
"10,0 : 0.5554"
"0,11 : 0.6282"
"11,0 : 0.6282"
"0,12 : 0.4301"
"12,0 : 0.4301"
"0,13 : 0.446"
"13,0 : 0.446"
"0,14 : 0.186"
"14,0 : 0.186"
"0,15 : 0.8528"
"15,0 : 0.8528"
"0,16 : 0.1664"
"16,0 : 0.1664"
"0,17 : 0.614"
"17,0 : 0.614"
"0,18 : 0.7382"
"18,0 : 0.7382"
"0,19 : 0.4159"
"19,0 : 0.4159"
"0,20 : 0.6801"
"20,0 : 0.6801"
"0,21 : 0.364"
"21,0 : 0.364"
"0,22 : 0.264"
"22,0 : 0.264"
"0,23 : 0.7086"
"23,0 : 0.7086"
"0,24 : 0.4607"
"24,0 : 0.4607"
"0,25 : 0.1253"
"25,0 : 0.1253"
"0,26 : 0.3225"
"26,0 : 0.3225"
"0,27 : 0.172"
"27,0 : 0.172"
"0,28 : 0.1628"
"28,0 : 0.1628"
"0,29 : 0.473"
"29,0 : 0.473"
"0,30 : 0.8964"
"30,0 : 0.8964"
"0,31 : 0.2864"
"31,0 : 0.2864"
"0,32 : 0.2594"
"32,0 : 0.2594"
"0,33 : 0.6433"
"33,0 : 0.6433"
"0,34 : 0.4177"
"34,0 : 0.4177"
"0,35 : 0.264"
"35,0 : 0.264"
"0,36 : 0.7084"
"36,0 : 0.7084"
"0,37 : 0.4554"
"37,0 : 0.4554"
"0,38 : 0.1562"
"38,0 : 0.1562"
"0,39 : 0.6441"
"39,0 : 0.6441"
"0,40 : 0.6379"
"40,0 : 0.6379"
"0,41 : 0.2907"
"41,0 : 0.2907"
"0,42 : 0.6494"
"42,0 : 0.6494"
"0,43 : 0.5981"
"43,0 : 0.5981"
"0,44 : 0.6001"
"44,0 : 0.6001"
"0,45 : 0.5903"
"45,0 : 0.5903"
"0,46 : 0.8322"
"46,0 : 0.8322"
"0,47 : 0.6488"
"47,0 : 0.6488"
"0,48 : 0.3688"
"48,0 : 0.3688"
"0,49 : 0.2159"
"49,0 : 0.2159"
"0,50 : 0.6637"
"50,0 : 0.6637"
"0,51 : 0.1879"
"51,0 : 0.1879"
"0,52 : 0.6013"
"52,0 : 0.6013"
"0,53 : 0.6172"
"53,0 : 0.6172"
"0,54 : 0.7242"
"54,0 : 0.7242"
"0,55 : 0.5924"
"55,0 : 0.5924"
"0,56 : 0.3805"
"56,0 : 0.3805"
"0,57 : 0.8006"
"57,0 : 0.8006"
"0,58 : 0.9548"
"58,0 : 0.9548"
"0,59 : 0.7809"
"59,0 : 0.7809"
"0,60 : 0.5456"
"60,0 : 0.5456"
"0,61 : 0.7658"
"61,0 : 0.7658"
"0,62 : 0.1442"
"62,0 : 0.1442"
"0,63 : 0.2961"
"63,0 : 0.2961"
"0,64 : 0.9808"
"64,0 : 0.9808"
"0,65 : 0.0806"
"65,0 : 0.0806"
"0,66 : 0.6185"
"66,0 : 0.6185"
"0,67 : 0.0985"
"67,0 : 0.0985"
"0,68 : 0.2508"
"68,0 : 0.2508"
"0,69 : 0.622"
"69,0 : 0.622"
"0,70 : 0.2596"
"70,0 : 0.2596"
"0,71 : 0.2285"
"71,0 : 0.2285"
"0,72 : 0.114"
"72,0 : 0.114"
"0,73 : 0.3087"
"73,0 : 0.3087"
"0,74 : 0.5714"
"74,0 : 0.5714"
"0,75 : 0.7961"
"75,0 : 0.7961"
"0,76 : 0.6801"
"76,0 : 0.6801"
"0,77 : 0.5948"
"77,0 : 0.5948"
"0,78 : 0.644"
"78,0 : 0.644"
"0,79 : 0.969"
"79,0 : 0.969"
"0,80 : 0.514"
"80,0 : 0.514"
"0,81 : 0.2631"
"81,0 : 0.2631"
"0,82 : 0.4134"
"82,0 : 0.4134"
"0,83 : 0.3228"
"83,0 : 0.3228"
"0,84 : 0.781"
"84,0 : 0.781"
"0,85 : 0.0721"
"85,0 : 0.0721"
"0,86 : 0.1992"
"86,0 : 0.1992"
"0,87 : 0.2973"
"87,0 : 0.2973"
"0,88 : 0.7424"
"88,0 : 0.7424"
"0,89 : 0.623"
"89,0 : 0.623"
"0,90 : 0.6671"
"90,0 : 0.6671"
"0,91 : 0.628"
"91,0 : 0.628"
"0,92 : 0.6905"
"92,0 : 0.6905"
"0,93 : 0.2062"
"93,0 : 0.2062"
"0,94 : 0.05"
"94,0 : 0.05"
"0,95 : 0.7479"
"95,0 : 0.7479"
"0,96 : 0.4851"
"96,0 : 0.4851"
"0,97 : 0.4833"
"97,0 : 0.4833"
"0,98 : 0.1421"
"98,0 : 0.1421"
"0,99 : 0.4662"
"99,0 : 0.4662"
"1,2 : 0.2236"
"2,1 : 0.2236"
"1,3 : 0.4687"
"3,1 : 0.4687"
"1,4 : 0.29"
"4,1 : 0.29"
"1,5 : 0.3536"
"5,1 : 0.3536"
"1,6 : 0.5595"
"6,1 : 0.5595"
"1,7 : 0.4763"
"7,1 : 0.4763"
"1,8 : 0.4686"
"8,1 : 0.4686"
"1,9 : 0.34"
"9,1 : 0.34"
"1,10 : 0.2354"
"10,1 : 0.2354"
"1,11 : 0.6297"
"11,1 : 0.6297"
"1,12 : 0.4319"
"12,1 : 0.4319"
"1,13 : 0.4804"
"13,1 : 0.4804"
"1,14 : 0.4211"
"14,1 : 0.4211"
"1,15 : 0.5021"
"15,1 : 0.5021"
"1,16 : 0.2236"
"16,1 : 0.2236"
"1,17 : 0.4332"
"17,1 : 0.4332"
"1,18 : 0.3801"
"18,1 : 0.3801"
"1,19 : 0.0608"
"19,1 : 0.0608"
"1,20 : 0.3256"
"20,1 : 0.3256"
"1,21 : 0.4682"
"21,1 : 0.4682"
"1,22 : 0.2088"
"22,1 : 0.2088"
"1,23 : 0.3962"
"23,1 : 0.3962"
"1,24 : 0.1044"
"24,1 : 0.1044"
"1,25 : 0.2332"
"25,1 : 0.2332"
"1,26 : 0.4838"
"26,1 : 0.4838"
"1,27 : 0.3276"
"27,1 : 0.3276"
"1,28 : 0.5161"
"28,1 : 0.5161"
"1,29 : 0.3265"
"29,1 : 0.3265"
"1,30 : 0.5445"
"30,1 : 0.5445"
"1,31 : 0.3041"
"31,1 : 0.3041"
"1,32 : 0.5941"
"32,1 : 0.5941"
"1,33 : 0.4455"
"33,1 : 0.4455"
"1,34 : 0.46"
"34,1 : 0.46"
"1,35 : 0.6107"
"35,1 : 0.6107"
"1,36 : 0.3848"
"36,1 : 0.3848"
"1,37 : 0.5235"
"37,1 : 0.5235"
"1,38 : 0.4374"
"38,1 : 0.4374"
"1,39 : 0.5459"
"39,1 : 0.5459"
"1,40 : 0.3114"
"40,1 : 0.3114"
"1,41 : 0.3808"
"41,1 : 0.3808"
"1,42 : 0.6229"
"42,1 : 0.6229"
"1,43 : 0.3929"
"43,1 : 0.3929"
"1,44 : 0.528"
"44,1 : 0.528"
"1,45 : 0.4919"
"45,1 : 0.4919"
"1,46 : 0.4827"
"46,1 : 0.4827"
"1,47 : 0.39"
"47,1 : 0.39"
"1,48 : 0.4653"
"48,1 : 0.4653"
"1,49 : 0.2617"
"49,1 : 0.2617"
"1,50 : 0.3053"
"50,1 : 0.3053"
"1,51 : 0.2302"
"51,1 : 0.2302"
"1,52 : 0.5467"
"52,1 : 0.5467"
"1,53 : 0.272"
"53,1 : 0.272"
"1,54 : 0.3821"
"54,1 : 0.3821"
"1,55 : 0.4665"
"55,1 : 0.4665"
"1,56 : 0.2119"
"56,1 : 0.2119"
"1,57 : 0.4428"
"57,1 : 0.4428"
"1,58 : 0.6122"
"58,1 : 0.6122"
"1,59 : 0.4627"
"59,1 : 0.4627"
"1,60 : 0.3178"
"60,1 : 0.3178"
"1,61 : 0.4428"
"61,1 : 0.4428"
"1,62 : 0.2147"
"62,1 : 0.2147"
"1,63 : 0.2408"
"63,1 : 0.2408"
"1,64 : 0.6294"
"64,1 : 0.6294"
"1,65 : 0.2983"
"65,1 : 0.2983"
"1,66 : 0.3324"
"66,1 : 0.3324"
"1,67 : 0.442"
"67,1 : 0.442"
"1,68 : 0.2912"
"68,1 : 0.2912"
"1,69 : 0.3256"
"69,1 : 0.3256"
"1,70 : 0.2571"
"70,1 : 0.2571"
"1,71 : 0.4011"
"71,1 : 0.4011"
"1,72 : 0.4696"
"72,1 : 0.4696"
"1,73 : 0.4512"
"73,1 : 0.4512"
"1,74 : 0.3"
"74,1 : 0.3"
"1,75 : 0.5045"
"75,1 : 0.5045"
"1,76 : 0.336"
"76,1 : 0.336"
"1,77 : 0.6185"
"77,1 : 0.6185"
"1,78 : 0.3471"
"78,1 : 0.3471"
"1,79 : 0.6263"
"79,1 : 0.6263"
"1,80 : 0.5001"
"80,1 : 0.5001"
"1,81 : 0.1487"
"81,1 : 0.1487"
"1,82 : 0.0566"
"82,1 : 0.0566"
"1,83 : 0.09"
"83,1 : 0.09"
"1,84 : 0.45"
"84,1 : 0.45"
"1,85 : 0.333"
"85,1 : 0.333"
"1,86 : 0.5142"
"86,1 : 0.5142"
"1,87 : 0.2816"
"87,1 : 0.2816"
"1,88 : 0.4924"
"88,1 : 0.4924"
"1,89 : 0.472"
"89,1 : 0.472"
"1,90 : 0.4738"
"90,1 : 0.4738"
"1,91 : 0.6014"
"91,1 : 0.6014"
"1,92 : 0.3748"
"92,1 : 0.3748"
"1,93 : 0.1562"
"93,1 : 0.1562"
"1,94 : 0.3677"
"94,1 : 0.3677"
"1,95 : 0.4738"
"95,1 : 0.4738"
"1,96 : 0.1709"
"96,1 : 0.1709"
"1,97 : 0.1315"
"97,1 : 0.1315"
"1,98 : 0.2193"
"98,1 : 0.2193"
"1,99 : 0.5501"
"99,1 : 0.5501"
"2,3 : 0.5438"
"3,2 : 0.5438"
"2,4 : 0.4383"
"4,2 : 0.4383"
"2,5 : 0.1581"
"5,2 : 0.1581"
"2,6 : 0.5941"
"6,2 : 0.5941"
"2,7 : 0.6041"
"7,2 : 0.6041"
"2,8 : 0.6882"
"8,2 : 0.6882"
"2,9 : 0.172"
"9,2 : 0.172"
"2,10 : 0.4329"
"10,2 : 0.4329"
"2,11 : 0.5903"
"11,2 : 0.5903"
"2,12 : 0.408"
"12,2 : 0.408"
"2,13 : 0.4391"
"13,2 : 0.4391"
"2,14 : 0.2309"
"14,2 : 0.2309"
"2,15 : 0.717"
"15,2 : 0.717"
"2,16 : 0.0632"
"16,2 : 0.0632"
"2,17 : 0.5135"
"17,2 : 0.5135"
"2,18 : 0.6037"
"18,2 : 0.6037"
"2,19 : 0.2823"
"19,2 : 0.2823"
"2,20 : 0.5441"
"20,2 : 0.5441"
"2,21 : 0.3538"
"21,2 : 0.3538"
"2,22 : 0.16"
"22,2 : 0.16"
"2,23 : 0.5908"
"23,2 : 0.5908"
"2,24 : 0.327"
"24,2 : 0.327"
"2,25 : 0.02"
"25,2 : 0.02"
"2,26 : 0.3635"
"26,2 : 0.3635"
"2,27 : 0.1825"
"27,2 : 0.1825"
"2,28 : 0.2973"
"28,2 : 0.2973"
"2,29 : 0.3982"
"29,2 : 0.3982"
"2,30 : 0.7606"
"30,2 : 0.7606"
"2,31 : 0.25"
"31,2 : 0.25"
"2,32 : 0.386"
"32,2 : 0.386"
"2,33 : 0.5608"
"33,2 : 0.5608"
"2,34 : 0.4118"
"34,2 : 0.4118"
"2,35 : 0.3962"
"35,2 : 0.3962"
"2,36 : 0.5763"
"36,2 : 0.5763"
"2,37 : 0.436"
"37,2 : 0.436"
"2,38 : 0.2309"
"38,2 : 0.2309"
"2,39 : 0.5967"
"39,2 : 0.5967"
"2,40 : 0.5148"
"40,2 : 0.5148"
"2,41 : 0.2915"
"41,2 : 0.2915"
"2,42 : 0.6017"
"42,2 : 0.6017"
"2,43 : 0.4903"
"43,2 : 0.4903"
"2,44 : 0.5337"
"44,2 : 0.5337"
"2,45 : 0.5404"
"45,2 : 0.5404"
"2,46 : 0.7021"
"46,2 : 0.7021"
"2,47 : 0.5292"
"47,2 : 0.5292"
"2,48 : 0.3828"
"48,2 : 0.3828"
"2,49 : 0.1432"
"49,2 : 0.1432"
"2,50 : 0.5284"
"50,2 : 0.5284"
"2,51 : 0.0949"
"51,2 : 0.0949"
"2,52 : 0.5412"
"52,2 : 0.5412"
"2,53 : 0.4817"
"53,2 : 0.4817"
"2,54 : 0.5967"
"54,2 : 0.5967"
"2,55 : 0.5325"
"55,2 : 0.5325"
"2,56 : 0.2879"
"56,2 : 0.2879"
"2,57 : 0.6664"
"57,2 : 0.6664"
"2,58 : 0.8202"
"58,2 : 0.8202"
"2,59 : 0.6619"
"59,2 : 0.6619"
"2,60 : 0.4301"
"60,2 : 0.4301"
"2,61 : 0.6341"
"61,2 : 0.6341"
"2,62 : 0.01"
"62,2 : 0.01"
"2,63 : 0.228"
"63,2 : 0.228"
"2,64 : 0.845"
"64,2 : 0.845"
"2,65 : 0.0949"
"65,2 : 0.0949"
"2,66 : 0.4924"
"66,2 : 0.4924"
"2,67 : 0.2267"
"67,2 : 0.2267"
"2,68 : 0.2163"
"68,2 : 0.2163"
"2,69 : 0.494"
"69,2 : 0.494"
"2,70 : 0.2052"
"70,2 : 0.2052"
"2,71 : 0.2385"
"71,2 : 0.2385"
"2,72 : 0.246"
"72,2 : 0.246"
"2,73 : 0.3124"
"73,2 : 0.3124"
"2,74 : 0.4472"
"74,2 : 0.4472"
"2,75 : 0.6712"
"75,2 : 0.6712"
"2,76 : 0.5449"
"76,2 : 0.5449"
"2,77 : 0.5644"
"77,2 : 0.5644"
"2,78 : 0.5162"
"78,2 : 0.5162"
"2,79 : 0.8344"
"79,2 : 0.8344"
"2,80 : 0.492"
"80,2 : 0.492"
"2,81 : 0.1552"
"81,2 : 0.1552"
"2,82 : 0.2778"
"82,2 : 0.2778"
"2,83 : 0.2002"
"83,2 : 0.2002"
"2,84 : 0.6576"
"84,2 : 0.6576"
"2,85 : 0.13"
"85,2 : 0.13"
"2,86 : 0.3007"
"86,2 : 0.3007"
"2,87 : 0.2476"
"87,2 : 0.2476"
"2,88 : 0.6454"
"88,2 : 0.6454"
"2,89 : 0.5557"
"89,2 : 0.5557"
"2,90 : 0.5869"
"90,2 : 0.5869"
"2,91 : 0.5794"
"91,2 : 0.5794"
"2,92 : 0.5714"
"92,2 : 0.5714"
"2,93 : 0.08"
"93,2 : 0.08"
"2,94 : 0.1456"
"94,2 : 0.1456"
"2,95 : 0.6265"
"95,2 : 0.6265"
"2,96 : 0.3622"
"96,2 : 0.3622"
"2,97 : 0.3511"
"97,2 : 0.3511"
"2,98 : 0.01"
"98,2 : 0.01"
"2,99 : 0.4545"
"99,2 : 0.4545"
"3,4 : 0.728"
"4,3 : 0.728"
"3,5 : 0.5289"
"5,3 : 0.5289"
"3,6 : 1.0273"
"6,3 : 1.0273"
"3,7 : 0.1421"
"7,3 : 0.1421"
"3,8 : 0.6972"
"8,3 : 0.6972"
"3,9 : 0.7156"
"9,3 : 0.7156"
"3,10 : 0.3413"
"10,3 : 0.3413"
"3,11 : 1.0912"
"11,3 : 1.0912"
"3,12 : 0.2236"
"12,3 : 0.2236"
"3,13 : 0.2563"
"13,3 : 0.2563"
"3,14 : 0.7694"
"14,3 : 0.7694"
"3,15 : 0.7554"
"15,3 : 0.7554"
"3,16 : 0.5941"
"16,3 : 0.5941"
"3,17 : 0.8944"
"17,3 : 0.8944"
"3,18 : 0.5657"
"18,3 : 0.5657"
"3,19 : 0.4472"
"19,3 : 0.4472"
"3,20 : 0.6103"
"20,3 : 0.6103"
"3,21 : 0.8902"
"21,3 : 0.8902"
"3,22 : 0.6435"
"22,3 : 0.6435"
"3,23 : 0.3454"
"23,3 : 0.3454"
"3,24 : 0.4494"
"24,3 : 0.4494"
"3,25 : 0.5334"
"25,3 : 0.5334"
"3,26 : 0.4159"
"26,3 : 0.4159"
"3,27 : 0.4438"
"27,3 : 0.4438"
"3,28 : 0.6859"
"28,3 : 0.6859"
"3,29 : 0.1487"
"29,3 : 0.1487"
"3,30 : 0.7809"
"30,3 : 0.7809"
"3,31 : 0.3228"
"31,3 : 0.3228"
"3,32 : 0.6903"
"32,3 : 0.6903"
"3,33 : 0.1"
"33,3 : 0.1"
"3,34 : 0.2693"
"34,3 : 0.2693"
"3,35 : 0.73"
"35,3 : 0.73"
"3,36 : 0.7467"
"36,3 : 0.7467"
"3,37 : 0.9633"
"37,3 : 0.9633"
"3,38 : 0.7564"
"38,3 : 0.7564"
"3,39 : 0.09"
"39,3 : 0.09"
"3,40 : 0.3635"
"40,3 : 0.3635"
"3,41 : 0.3506"
"41,3 : 0.3506"
"3,42 : 1.0885"
"42,3 : 1.0885"
"3,43 : 0.85"
"43,3 : 0.85"
"3,44 : 0.9962"
"44,3 : 0.9962"
"3,45 : 0.064"
"45,3 : 0.064"
"3,46 : 0.5423"
"46,3 : 0.5423"
"3,47 : 0.8222"
"47,3 : 0.8222"
"3,48 : 0.3373"
"48,3 : 0.3373"
"3,49 : 0.6684"
"49,3 : 0.6684"
"3,50 : 0.55"
"50,3 : 0.55"
"3,51 : 0.6201"
"51,3 : 0.6201"
"3,52 : 1.014"
"52,3 : 1.014"
"3,53 : 0.6181"
"53,3 : 0.6181"
"3,54 : 0.4464"
"54,3 : 0.4464"
"3,55 : 0.0224"
"55,3 : 0.0224"
"3,56 : 0.2687"
"56,3 : 0.2687"
"3,57 : 0.5967"
"57,3 : 0.5967"
"3,58 : 0.8782"
"58,3 : 0.8782"
"3,59 : 0.3945"
"59,3 : 0.3945"
"3,60 : 0.7739"
"60,3 : 0.7739"
"3,61 : 0.7931"
"61,3 : 0.7931"
"3,62 : 0.5354"
"62,3 : 0.5354"
"3,63 : 0.3176"
"63,3 : 0.3176"
"3,64 : 0.8515"
"64,3 : 0.8515"
"3,65 : 0.5292"
"65,3 : 0.5292"
"3,66 : 0.7529"
"66,3 : 0.7529"
"3,67 : 0.6217"
"67,3 : 0.6217"
"3,68 : 0.3574"
"68,3 : 0.3574"
"3,69 : 0.7376"
"69,3 : 0.7376"
"3,70 : 0.3493"
"70,3 : 0.3493"
"3,71 : 0.7823"
"71,3 : 0.7823"
"3,72 : 0.7034"
"72,3 : 0.7034"
"3,73 : 0.8545"
"73,3 : 0.8545"
"3,74 : 0.7374"
"74,3 : 0.7374"
"3,75 : 0.8911"
"75,3 : 0.8911"
"3,76 : 0.6627"
"76,3 : 0.6627"
"3,77 : 1.0752"
"77,3 : 1.0752"
"3,78 : 0.7543"
"78,3 : 0.7543"
"3,79 : 0.8896"
"79,3 : 0.8896"
"3,80 : 0.1887"
"80,3 : 0.1887"
"3,81 : 0.3982"
"81,3 : 0.3982"
"3,82 : 0.483"
"82,3 : 0.483"
"3,83 : 0.397"
"83,3 : 0.397"
"3,84 : 0.4338"
"84,3 : 0.4338"
"3,85 : 0.5376"
"85,3 : 0.5376"
"3,86 : 0.8065"
"86,3 : 0.8065"
"3,87 : 0.3102"
"87,3 : 0.3102"
"3,88 : 0.2267"
"88,3 : 0.2267"
"3,89 : 0.0224"
"89,3 : 0.0224"
"3,90 : 0.1"
"90,3 : 0.1"
"3,91 : 1.0667"
"91,3 : 1.0667"
"3,92 : 0.3479"
"92,3 : 0.3479"
"3,93 : 0.478"
"93,3 : 0.478"
"3,94 : 0.65"
"94,3 : 0.65"
"3,95 : 0.8829"
"95,3 : 0.8829"
"3,96 : 0.3448"
"96,3 : 0.3448"
"3,97 : 0.4301"
"97,3 : 0.4301"
"3,98 : 0.5492"
"98,3 : 0.5492"
"3,99 : 0.986"
"99,3 : 0.986"
"4,5 : 0.5951"
"5,4 : 0.5951"
"4,6 : 0.336"
"6,4 : 0.336"
"4,7 : 0.6964"
"7,4 : 0.6964"
"4,8 : 0.3601"
"8,4 : 0.3601"
"4,9 : 0.4469"
"9,4 : 0.4469"
"4,10 : 0.4105"
"10,4 : 0.4105"
"4,11 : 0.4808"
"11,4 : 0.4808"
"4,12 : 0.7211"
"12,4 : 0.7211"
"4,13 : 0.7703"
"13,4 : 0.7703"
"4,14 : 0.528"
"14,4 : 0.528"
"4,15 : 0.3569"
"15,4 : 0.3569"
"4,16 : 0.3966"
"16,4 : 0.3966"
"4,17 : 0.1844"
"17,4 : 0.1844"
"4,18 : 0.3606"
"18,4 : 0.3606"
"4,19 : 0.2864"
"19,4 : 0.2864"
"4,20 : 0.25"
"20,4 : 0.25"
"4,21 : 0.4588"
"21,4 : 0.4588"
"4,22 : 0.3048"
"22,4 : 0.3048"
"4,23 : 0.5308"
"23,4 : 0.5308"
"4,24 : 0.2786"
"24,4 : 0.2786"
"4,25 : 0.4562"
"25,4 : 0.4562"
"4,26 : 0.7649"
"26,4 : 0.7649"
"4,27 : 0.5948"
"27,4 : 0.5948"
"4,28 : 0.7242"
"28,4 : 0.7242"
"4,29 : 0.5991"
"29,4 : 0.5991"
"4,30 : 0.4002"
"30,4 : 0.4002"
"4,31 : 0.5921"
"31,4 : 0.5921"
"4,32 : 0.8215"
"32,4 : 0.8215"
"4,33 : 0.68"
"33,4 : 0.68"
"4,34 : 0.75"
"34,4 : 0.75"
"4,35 : 0.8266"
"35,4 : 0.8266"
"4,36 : 0.1709"
"36,4 : 0.1709"
"4,37 : 0.4617"
"37,4 : 0.4617"
"4,38 : 0.5673"
"38,4 : 0.5673"
"4,39 : 0.8127"
"39,4 : 0.8127"
"4,40 : 0.4455"
"40,4 : 0.4455"
"4,41 : 0.6661"
"41,4 : 0.6661"
"4,42 : 0.4531"
"42,4 : 0.4531"
"4,43 : 0.1345"
"43,4 : 0.1345"
"4,44 : 0.3454"
"44,4 : 0.3454"
"4,45 : 0.7624"
"45,4 : 0.7624"
"4,46 : 0.5033"
"46,4 : 0.5033"
"4,47 : 0.1"
"47,4 : 0.1"
"4,48 : 0.7533"
"48,4 : 0.7533"
"4,49 : 0.3677"
"49,4 : 0.3677"
"4,50 : 0.2907"
"50,4 : 0.2907"
"4,51 : 0.378"
"51,4 : 0.378"
"4,52 : 0.3734"
"52,4 : 0.3734"
"4,53 : 0.1746"
"53,4 : 0.1746"
"4,54 : 0.4549"
"54,4 : 0.4549"
"4,55 : 0.7305"
"55,4 : 0.7305"
"4,56 : 0.495"
"56,4 : 0.495"
"4,57 : 0.4123"
"57,4 : 0.4123"
"4,58 : 0.4249"
"58,4 : 0.4249"
"4,59 : 0.572"
"59,4 : 0.572"
"4,60 : 0.0728"
"60,4 : 0.0728"
"4,61 : 0.2195"
"61,4 : 0.2195"
"4,62 : 0.4338"
"62,4 : 0.4338"
"4,63 : 0.5304"
"63,4 : 0.5304"
"4,64 : 0.4743"
"64,4 : 0.4743"
"4,65 : 0.5323"
"65,4 : 0.5323"
"4,66 : 0.0566"
"66,4 : 0.0566"
"4,67 : 0.6604"
"67,4 : 0.6604"
"4,68 : 0.5756"
"68,4 : 0.5756"
"4,69 : 0.0671"
"69,4 : 0.0671"
"4,70 : 0.5433"
"70,4 : 0.5433"
"4,71 : 0.4771"
"71,4 : 0.4771"
"4,72 : 0.653"
"72,4 : 0.653"
"4,73 : 0.4793"
"73,4 : 0.4793"
"4,74 : 0.01"
"74,4 : 0.01"
"4,75 : 0.2332"
"75,4 : 0.2332"
"4,76 : 0.201"
"76,4 : 0.201"
"4,77 : 0.4903"
"77,4 : 0.4903"
"4,78 : 0.086"
"78,4 : 0.086"
"4,79 : 0.4383"
"79,4 : 0.4383"
"4,80 : 0.7864"
"80,4 : 0.7864"
"4,81 : 0.4329"
"81,4 : 0.4329"
"4,82 : 0.2532"
"82,4 : 0.2532"
"4,83 : 0.38"
"83,4 : 0.38"
"4,84 : 0.5354"
"84,4 : 0.5354"
"4,85 : 0.568"
"85,4 : 0.568"
"4,86 : 0.6466"
"86,4 : 0.6466"
"4,87 : 0.5708"
"87,4 : 0.5708"
"4,88 : 0.6825"
"88,4 : 0.6825"
"4,89 : 0.7262"
"89,4 : 0.7262"
"4,90 : 0.7071"
"90,4 : 0.7071"
"4,91 : 0.4366"
"91,4 : 0.4366"
"4,92 : 0.5093"
"92,4 : 0.5093"
"4,93 : 0.408"
"93,4 : 0.408"
"4,94 : 0.5482"
"94,4 : 0.5482"
"4,95 : 0.1897"
"95,4 : 0.1897"
"4,96 : 0.3848"
"96,4 : 0.3848"
"4,97 : 0.2997"
"97,4 : 0.2997"
"4,98 : 0.4294"
"98,4 : 0.4294"
"4,99 : 0.4916"
"99,4 : 0.4916"
"5,6 : 0.7403"
"6,5 : 0.7403"
"5,7 : 0.622"
"7,5 : 0.622"
"5,8 : 0.8213"
"8,5 : 0.8213"
"5,9 : 0.2657"
"9,5 : 0.2657"
"5,10 : 0.52"
"10,5 : 0.52"
"5,11 : 0.7117"
"11,5 : 0.7117"
"5,12 : 0.3413"
"12,5 : 0.3413"
"5,13 : 0.3547"
"13,5 : 0.3547"
"5,14 : 0.278"
"14,5 : 0.278"
"5,15 : 0.8556"
"15,5 : 0.8556"
"5,16 : 0.2121"
"16,5 : 0.2121"
"5,17 : 0.6691"
"17,5 : 0.6691"
"5,18 : 0.7242"
"18,5 : 0.7242"
"5,19 : 0.4046"
"19,5 : 0.4046"
"5,20 : 0.679"
"20,5 : 0.679"
"5,21 : 0.4519"
"21,5 : 0.4519"
"5,22 : 0.314"
"22,5 : 0.314"
"5,23 : 0.6648"
"23,5 : 0.6648"
"5,24 : 0.4482"
"24,5 : 0.4482"
"5,25 : 0.1393"
"25,5 : 0.1393"
"5,26 : 0.2326"
"26,5 : 0.2326"
"5,27 : 0.0854"
"27,5 : 0.0854"
"5,28 : 0.1772"
"28,5 : 0.1772"
"5,29 : 0.402"
"29,5 : 0.402"
"5,30 : 0.8981"
"30,5 : 0.8981"
"5,31 : 0.2062"
"31,5 : 0.2062"
"5,32 : 0.2408"
"32,5 : 0.2408"
"5,33 : 0.5731"
"33,5 : 0.5731"
"5,34 : 0.3265"
"34,5 : 0.3265"
"5,35 : 0.2608"
"35,5 : 0.2608"
"5,36 : 0.7267"
"36,5 : 0.7267"
"5,37 : 0.5423"
"37,5 : 0.5423"
"5,38 : 0.2476"
"38,5 : 0.2476"
"5,39 : 0.5595"
"39,5 : 0.5595"
"5,40 : 0.6017"
"40,5 : 0.6017"
"5,41 : 0.2"
"41,5 : 0.2"
"5,42 : 0.7301"
"42,5 : 0.7301"
"5,43 : 0.6476"
"43,5 : 0.6476"
"5,44 : 0.6736"
"44,5 : 0.6736"
"5,45 : 0.507"
"45,5 : 0.507"
"5,46 : 0.805"
"46,5 : 0.805"
"5,47 : 0.6871"
"47,5 : 0.6871"
"5,48 : 0.2766"
"48,5 : 0.2766"
"5,49 : 0.2802"
"49,5 : 0.2802"
"5,50 : 0.6544"
"50,5 : 0.6544"
"5,51 : 0.2408"
"51,5 : 0.2408"
"5,52 : 0.6774"
"52,5 : 0.6774"
"5,53 : 0.6237"
"53,5 : 0.6237"
"5,54 : 0.6935"
"54,5 : 0.6935"
"5,55 : 0.5124"
"55,5 : 0.5124"
"5,56 : 0.3239"
"56,5 : 0.3239"
"5,57 : 0.7849"
"57,5 : 0.7849"
"5,58 : 0.9643"
"58,5 : 0.9643"
"5,59 : 0.7376"
"59,5 : 0.7376"
"5,60 : 0.5882"
"60,5 : 0.5882"
"5,61 : 0.7849"
"61,5 : 0.7849"
"5,62 : 0.1616"
"62,5 : 0.1616"
"5,63 : 0.2302"
"63,5 : 0.2302"
"5,64 : 0.9829"
"64,5 : 0.9829"
"5,65 : 0.0632"
"65,5 : 0.0632"
"5,66 : 0.6485"
"66,5 : 0.6485"
"5,67 : 0.102"
"67,5 : 0.102"
"5,68 : 0.1726"
"68,5 : 0.1726"
"5,69 : 0.6488"
"69,5 : 0.6488"
"5,70 : 0.19"
"70,5 : 0.19"
"5,71 : 0.3176"
"71,5 : 0.3176"
"5,72 : 0.1746"
"72,5 : 0.1746"
"5,73 : 0.3982"
"73,5 : 0.3982"
"5,74 : 0.6042"
"74,5 : 0.6042"
"5,75 : 0.8273"
"75,5 : 0.8273"
"5,76 : 0.6877"
"76,5 : 0.6877"
"5,77 : 0.6801"
"77,5 : 0.6801"
"5,78 : 0.6712"
"78,5 : 0.6712"
"5,79 : 0.9784"
"79,5 : 0.9784"
"5,80 : 0.4244"
"80,5 : 0.4244"
"5,81 : 0.2283"
"81,5 : 0.2283"
"5,82 : 0.4101"
"82,5 : 0.4101"
"5,83 : 0.2968"
"83,5 : 0.2968"
"5,84 : 0.7433"
"84,5 : 0.7433"
"5,85 : 0.03"
"85,5 : 0.03"
"5,86 : 0.2818"
"86,5 : 0.2818"
"5,87 : 0.222"
"87,5 : 0.222"
"5,88 : 0.6801"
"88,5 : 0.6801"
"5,89 : 0.5457"
"89,5 : 0.5457"
"5,90 : 0.5954"
"90,5 : 0.5954"
"5,91 : 0.7083"
"91,5 : 0.7083"
"5,92 : 0.6485"
"92,5 : 0.6485"
"5,93 : 0.1985"
"93,5 : 0.1985"
"5,94 : 0.1421"
"94,5 : 0.1421"
"5,95 : 0.7839"
"95,5 : 0.7839"
"5,96 : 0.4519"
"96,5 : 0.4519"
"5,97 : 0.4662"
"97,5 : 0.4662"
"5,98 : 0.1676"
"98,5 : 0.1676"
"5,99 : 0.5546"
"99,5 : 0.5546"
"6,7 : 1.0167"
"7,6 : 1.0167"
"6,8 : 0.658"
"8,6 : 0.658"
"6,9 : 0.495"
"9,6 : 0.495"
"6,10 : 0.7359"
"10,6 : 0.7359"
"6,11 : 0.1992"
"11,6 : 0.1992"
"6,12 : 0.9708"
"12,6 : 0.9708"
"6,13 : 1.0124"
"13,6 : 1.0124"
"6,14 : 0.5412"
"14,6 : 0.5412"
"6,15 : 0.6335"
"15,6 : 0.6335"
"6,16 : 0.5324"
"16,6 : 0.5324"
"6,17 : 0.1526"
"17,6 : 0.1526"
"6,18 : 0.6888"
"18,6 : 0.6888"
"6,19 : 0.5825"
"19,6 : 0.5825"
"6,20 : 0.5771"
"20,6 : 0.5771"
"6,21 : 0.3712"
"21,6 : 0.3712"
"6,22 : 0.4357"
"22,6 : 0.4357"
"6,23 : 0.8656"
"23,6 : 0.8656"
"6,24 : 0.5903"
"24,6 : 0.5903"
"6,25 : 0.614"
"25,6 : 0.614"
"6,26 : 0.9575"
"26,6 : 0.9575"
"6,27 : 0.7765"
"27,6 : 0.7765"
"6,28 : 0.8041"
"28,6 : 0.8041"
"6,29 : 0.8859"
"29,6 : 0.8859"
"6,30 : 0.6691"
"30,6 : 0.6691"
"6,31 : 0.8201"
"31,6 : 0.8201"
"6,32 : 0.9141"
"32,6 : 0.9141"
"6,33 : 0.994"
"33,6 : 0.994"
"6,34 : 0.9876"
"34,6 : 0.9876"
"6,35 : 0.9024"
"35,6 : 0.9024"
"6,36 : 0.4522"
"36,6 : 0.4522"
"6,37 : 0.3061"
"37,6 : 0.3061"
"6,38 : 0.592"
"38,6 : 0.592"
"6,39 : 1.1054"
"39,6 : 1.1054"
"6,40 : 0.779"
"40,6 : 0.779"
"6,41 : 0.8786"
"41,6 : 0.8786"
"6,42 : 0.153"
"42,6 : 0.153"
"6,43 : 0.2025"
"43,6 : 0.2025"
"6,44 : 0.086"
"44,6 : 0.086"
"6,45 : 1.0512"
"45,6 : 1.0512"
"6,46 : 0.8319"
"46,6 : 0.8319"
"6,47 : 0.2879"
"47,6 : 0.2879"
"6,48 : 0.9708"
"48,6 : 0.9708"
"6,49 : 0.4601"
"49,6 : 0.4601"
"6,50 : 0.6243"
"50,6 : 0.6243"
"6,51 : 0.5016"
"51,6 : 0.5016"
"6,52 : 0.1063"
"52,6 : 0.1063"
"6,53 : 0.5077"
"53,6 : 0.5077"
"6,54 : 0.7906"
"54,6 : 0.7906"
"6,55 : 1.0258"
"55,6 : 1.0258"
"6,56 : 0.7692"
"56,6 : 0.7692"
"6,57 : 0.7341"
"57,6 : 0.7341"
"6,58 : 0.6501"
"58,6 : 0.6501"
"6,59 : 0.908"
"59,6 : 0.908"
"6,60 : 0.2691"
"60,6 : 0.2691"
"6,61 : 0.4687"
"61,6 : 0.4687"
"6,62 : 0.5954"
"62,6 : 0.5954"
"6,63 : 0.7716"
"63,6 : 0.7716"
"6,64 : 0.7217"
"64,6 : 0.7217"
"6,65 : 0.6812"
"65,6 : 0.6812"
"6,66 : 0.3489"
"66,6 : 0.3489"
"6,67 : 0.7642"
"67,6 : 0.7642"
"6,68 : 0.7931"
"68,6 : 0.7931"
"6,69 : 0.3712"
"69,6 : 0.3712"
"6,70 : 0.7692"
"70,6 : 0.7692"
"6,71 : 0.478"
"71,6 : 0.478"
"6,72 : 0.7159"
"72,6 : 0.7159"
"6,73 : 0.4254"
"73,6 : 0.4254"
"6,74 : 0.3302"
"74,6 : 0.3302"
"6,75 : 0.39"
"75,6 : 0.39"
"6,76 : 0.5189"
"76,6 : 0.5189"
"6,77 : 0.2326"
"77,6 : 0.2326"
"6,78 : 0.3716"
"78,6 : 0.3716"
"6,79 : 0.66"
"79,6 : 0.66"
"6,80 : 1.0475"
"80,6 : 1.0475"
"6,81 : 0.6673"
"81,6 : 0.6673"
"6,82 : 0.5464"
"82,6 : 0.5464"
"6,83 : 0.6398"
"83,6 : 0.6398"
"6,84 : 0.8709"
"84,6 : 0.8709"
"6,85 : 0.7103"
"85,6 : 0.7103"
"6,86 : 0.6519"
"86,6 : 0.6519"
"6,87 : 0.8065"
"87,6 : 0.8065"
"6,88 : 1.0114"
"88,6 : 1.0114"
"6,89 : 1.0293"
"89,6 : 1.0293"
"6,90 : 1.022"
"90,6 : 1.022"
"6,91 : 0.1487"
"91,6 : 0.1487"
"6,92 : 0.8439"
"92,6 : 0.8439"
"6,93 : 0.6088"
"93,6 : 0.6088"
"6,94 : 0.6339"
"94,6 : 0.6339"
"6,95 : 0.3306"
"95,6 : 0.3306"
"6,96 : 0.6981"
"96,6 : 0.6981"
"6,97 : 0.6172"
"97,6 : 0.6172"
"6,98 : 0.5842"
"98,6 : 0.5842"
"6,99 : 0.3256"
"99,6 : 0.3256"
"7,8 : 0.6001"
"8,7 : 0.6001"
"7,9 : 0.7708"
"9,7 : 0.7708"
"7,10 : 0.2865"
"10,7 : 0.2865"
"7,11 : 1.1054"
"11,7 : 1.1054"
"7,12 : 0.3547"
"12,7 : 0.3547"
"7,13 : 0.3936"
"13,7 : 0.3936"
"7,14 : 0.8349"
"14,7 : 0.8349"
"7,15 : 0.6603"
"15,7 : 0.6603"
"7,16 : 0.6447"
"16,7 : 0.6447"
"7,17 : 0.8742"
"17,7 : 0.8742"
"7,18 : 0.471"
"18,7 : 0.471"
"7,19 : 0.4384"
"19,7 : 0.4384"
"7,20 : 0.536"
"20,7 : 0.536"
"7,21 : 0.9315"
"21,7 : 0.9315"
"7,22 : 0.6742"
"22,7 : 0.6742"
"7,23 : 0.2309"
"23,7 : 0.2309"
"7,24 : 0.4264"
"24,7 : 0.4264"
"7,25 : 0.5977"
"25,7 : 0.5977"
"7,26 : 0.5441"
"26,7 : 0.5441"
"7,27 : 0.5404"
"27,7 : 0.5404"
"7,28 : 0.79"
"28,7 : 0.79"
"7,29 : 0.2202"
"29,7 : 0.2202"
"7,30 : 0.6803"
"30,7 : 0.6803"
"7,31 : 0.42"
"31,7 : 0.42"
"7,32 : 0.8075"
"32,7 : 0.8075"
"7,33 : 0.051"
"33,7 : 0.051"
"7,34 : 0.4031"
"34,7 : 0.4031"
"7,35 : 0.8448"
"35,7 : 0.8448"
"7,36 : 0.6831"
"36,7 : 0.6831"
"7,37 : 0.9957"
"37,7 : 0.9957"
"7,38 : 0.8297"
"38,7 : 0.8297"
"7,39 : 0.211"
"39,7 : 0.211"
"7,40 : 0.2766"
"40,7 : 0.2766"
"7,41 : 0.4653"
"41,7 : 0.4653"
"7,42 : 1.0962"
"42,7 : 1.0962"
"7,43 : 0.8266"
"43,7 : 0.8266"
"7,44 : 0.9972"
"44,7 : 0.9972"
"7,45 : 0.2052"
"45,7 : 0.2052"
"7,46 : 0.422"
"46,7 : 0.422"
"7,47 : 0.7829"
"47,7 : 0.7829"
"7,48 : 0.4682"
"48,7 : 0.4682"
"7,49 : 0.7112"
"49,7 : 0.7112"
"7,50 : 0.473"
"50,7 : 0.473"
"7,51 : 0.6664"
"51,7 : 0.6664"
"7,52 : 1.0182"
"52,7 : 1.0182"
"7,53 : 0.5608"
"53,7 : 0.5608"
"7,54 : 0.3401"
"54,7 : 0.3401"
"7,55 : 0.164"
"55,7 : 0.164"
"7,56 : 0.3162"
"56,7 : 0.3162"
"7,57 : 0.4909"
"57,7 : 0.4909"
"7,58 : 0.7801"
"58,7 : 0.7801"
"7,59 : 0.2657"
"59,7 : 0.2657"
"7,60 : 0.7521"
"60,7 : 0.7521"
"7,61 : 0.7228"
"61,7 : 0.7228"
"7,62 : 0.5946"
"62,7 : 0.5946"
"7,63 : 0.3946"
"63,7 : 0.3946"
"7,64 : 0.7443"
"64,7 : 0.7443"
"7,65 : 0.61"
"65,7 : 0.61"
"7,66 : 0.7112"
"66,7 : 0.7112"
"7,67 : 0.7206"
"67,7 : 0.7206"
"7,68 : 0.4504"
"68,7 : 0.4504"
"7,69 : 0.6932"
"69,7 : 0.6932"
"7,70 : 0.4329"
"70,7 : 0.4329"
"7,71 : 0.8377"
"71,7 : 0.8377"
"7,72 : 0.7951"
"72,7 : 0.7951"
"7,73 : 0.9034"
"73,7 : 0.9034"
"7,74 : 0.7049"
"74,7 : 0.7049"
"7,75 : 0.8286"
"75,7 : 0.8286"
"7,76 : 0.5948"
"76,7 : 0.5948"
"7,77 : 1.0948"
"77,7 : 1.0948"
"7,78 : 0.7068"
"78,7 : 0.7068"
"7,79 : 0.7903"
"79,7 : 0.7903"
"7,80 : 0.3302"
"80,7 : 0.3302"
"7,81 : 0.4494"
"81,7 : 0.4494"
"7,82 : 0.4738"
"82,7 : 0.4738"
"7,83 : 0.4254"
"83,7 : 0.4254"
"7,84 : 0.3105"
"84,7 : 0.3105"
"7,85 : 0.6251"
"85,7 : 0.6251"
"7,86 : 0.8884"
"86,7 : 0.8884"
"7,87 : 0.4005"
"87,7 : 0.4005"
"7,88 : 0.0849"
"88,7 : 0.0849"
"7,89 : 0.1204"
"89,7 : 0.1204"
"7,90 : 0.0424"
"90,7 : 0.0424"
"7,91 : 1.0752"
"91,7 : 1.0752"
"7,92 : 0.24"
"92,7 : 0.24"
"7,93 : 0.5292"
"93,7 : 0.5292"
"7,94 : 0.7278"
"94,7 : 0.7278"
"7,95 : 0.8301"
"95,7 : 0.8301"
"7,96 : 0.3189"
"96,7 : 0.3189"
"7,97 : 0.4"
"97,7 : 0.4"
"7,98 : 0.6075"
"98,7 : 0.6075"
"7,99 : 1.0208"
"99,7 : 1.0208"
"8,9 : 0.7616"
"9,8 : 0.7616"
"8,10 : 0.3734"
"10,8 : 0.3734"
"8,11 : 0.8302"
"11,8 : 0.8302"
"8,12 : 0.7971"
"12,8 : 0.7971"
"8,13 : 0.8509"
"13,8 : 0.8509"
"8,14 : 0.8469"
"14,8 : 0.8469"
"8,15 : 0.0608"
"15,8 : 0.0608"
"8,16 : 0.6723"
"16,8 : 0.6723"
"8,17 : 0.512"
"17,8 : 0.512"
"8,18 : 0.1315"
"18,8 : 0.1315"
"8,19 : 0.4173"
"19,8 : 0.4173"
"8,20 : 0.1442"
"20,8 : 0.1442"
"8,21 : 0.8122"
"21,8 : 0.8122"
"8,22 : 0.6093"
"22,8 : 0.6093"
"8,23 : 0.3712"
"23,8 : 0.3712"
"8,24 : 0.3748"
"24,8 : 0.3748"
"8,25 : 0.7"
"25,8 : 0.7"
"8,26 : 0.9153"
"26,8 : 0.9153"
"8,27 : 0.7857"
"27,8 : 0.7857"
"8,28 : 0.9841"
"28,8 : 0.9841"
"8,29 : 0.6263"
"29,8 : 0.6263"
"8,30 : 0.0854"
"30,8 : 0.0854"
"8,31 : 0.7267"
"31,8 : 0.7267"
"8,32 : 1.0622"
"32,8 : 1.0622"
"8,33 : 0.6113"
"33,8 : 0.6113"
"8,34 : 0.841"
"34,8 : 0.841"
"8,35 : 1.0794"
"35,8 : 1.0794"
"8,36 : 0.2062"
"36,8 : 0.2062"
"8,37 : 0.8215"
"37,8 : 0.8215"
"8,38 : 0.8766"
"38,8 : 0.8766"
"8,39 : 0.7864"
"39,8 : 0.7864"
"8,40 : 0.3338"
"40,8 : 0.3338"
"8,41 : 0.8071"
"41,8 : 0.8071"
"8,42 : 0.7962"
"42,8 : 0.7962"
"8,43 : 0.4669"
"43,8 : 0.4669"
"8,44 : 0.6905"
"44,8 : 0.6905"
"8,45 : 0.7531"
"45,8 : 0.7531"
"8,46 : 0.2195"
"46,8 : 0.2195"
"8,47 : 0.3711"
"47,8 : 0.3711"
"8,48 : 0.8732"
"48,8 : 0.8732"
"8,49 : 0.6762"
"49,8 : 0.6762"
"8,50 : 0.172"
"50,8 : 0.172"
"8,51 : 0.6665"
"51,8 : 0.6665"
"8,52 : 0.7201"
"52,8 : 0.7201"
"8,53 : 0.2154"
"53,8 : 0.2154"
"8,54 : 0.2608"
"54,8 : 0.2608"
"8,55 : 0.7102"
"55,8 : 0.7102"
"8,56 : 0.578"
"56,8 : 0.578"
"8,57 : 0.117"
"57,8 : 0.117"
"8,58 : 0.1811"
"58,8 : 0.1811"
"8,59 : 0.364"
"59,8 : 0.364"
"8,60 : 0.4301"
"60,8 : 0.4301"
"8,61 : 0.1972"
"61,8 : 0.1972"
"8,62 : 0.6801"
"62,8 : 0.6801"
"8,63 : 0.6603"
"63,8 : 0.6603"
"8,64 : 0.1664"
"64,8 : 0.1664"
"8,65 : 0.7669"
"65,8 : 0.7669"
"8,66 : 0.3214"
"66,8 : 0.3214"
"8,67 : 0.9105"
"67,8 : 0.9105"
"8,68 : 0.728"
"68,8 : 0.728"
"8,69 : 0.3007"
"69,8 : 0.3007"
"8,70 : 0.692"
"70,8 : 0.692"
"8,71 : 0.8065"
"71,8 : 0.8065"
"8,72 : 0.9319"
"72,8 : 0.9319"
"8,73 : 0.8246"
"73,8 : 0.8246"
"8,74 : 0.36"
"74,8 : 0.36"
"8,75 : 0.3061"
"75,8 : 0.3061"
"8,76 : 0.1628"
"76,8 : 0.1628"
"8,77 : 0.8448"
"77,8 : 0.8448"
"8,78 : 0.2927"
"78,8 : 0.2927"
"8,79 : 0.1924"
"79,8 : 0.1924"
"8,80 : 0.8317"
"80,8 : 0.8317"
"8,81 : 0.6014"
"81,8 : 0.6014"
"8,82 : 0.4123"
"82,8 : 0.4123"
"8,83 : 0.5308"
"83,8 : 0.5308"
"8,84 : 0.3132"
"84,8 : 0.3132"
"8,85 : 0.8016"
"85,8 : 0.8016"
"8,86 : 0.9571"
"86,8 : 0.9571"
"8,87 : 0.6989"
"87,8 : 0.6989"
"8,88 : 0.5445"
"88,8 : 0.5445"
"8,89 : 0.6847"
"89,8 : 0.6847"
"8,90 : 0.6303"
"90,8 : 0.6303"
"8,91 : 0.7826"
"91,8 : 0.7826"
"8,92 : 0.3601"
"92,8 : 0.3601"
"8,93 : 0.6248"
"93,8 : 0.6248"
"8,94 : 0.8268"
"94,8 : 0.8268"
"8,95 : 0.3448"
"95,8 : 0.3448"
"8,96 : 0.4118"
"96,8 : 0.4118"
"8,97 : 0.3624"
"97,8 : 0.3624"
"8,98 : 0.6824"
"98,8 : 0.6824"
"8,99 : 0.8515"
"99,8 : 0.8515"
"9,10 : 0.5722"
"10,9 : 0.5722"
"9,11 : 0.4464"
"11,9 : 0.4464"
"9,12 : 0.5738"
"12,9 : 0.5738"
"9,13 : 0.6"
"13,9 : 0.6"
"9,14 : 0.0854"
"14,9 : 0.0854"
"9,15 : 0.7783"
"15,9 : 0.7783"
"9,16 : 0.1265"
"16,9 : 0.1265"
"9,17 : 0.4562"
"17,9 : 0.4562"
"9,18 : 0.7009"
"18,9 : 0.7009"
"9,19 : 0.4001"
"19,9 : 0.4001"
"9,20 : 0.6203"
"20,9 : 0.6203"
"9,21 : 0.1887"
"21,9 : 0.1887"
"9,22 : 0.1523"
"22,9 : 0.1523"
"9,23 : 0.7333"
"23,9 : 0.7333"
"9,24 : 0.441"
"24,9 : 0.441"
"9,25 : 0.1844"
"25,9 : 0.1844"
"9,26 : 0.4977"
"26,9 : 0.4977"
"9,27 : 0.3276"
"27,9 : 0.3276"
"9,28 : 0.3105"
"28,9 : 0.3105"
"9,29 : 0.5694"
"29,9 : 0.5694"
"9,30 : 0.823"
"30,9 : 0.823"
"9,31 : 0.4173"
"31,9 : 0.4173"
"9,32 : 0.4198"
"32,9 : 0.4198"
"9,33 : 0.7292"
"33,9 : 0.7292"
"9,34 : 0.572"
"34,9 : 0.572"
"9,35 : 0.4111"
"35,9 : 0.4111"
"9,36 : 0.6103"
"36,9 : 0.6103"
"9,37 : 0.2773"
"37,9 : 0.2773"
"9,38 : 0.1204"
"38,9 : 0.1204"
"9,39 : 0.7684"
"39,9 : 0.7684"
"9,40 : 0.6507"
"40,9 : 0.6507"
"9,41 : 0.4465"
"41,9 : 0.4465"
"9,42 : 0.4669"
"42,9 : 0.4669"
"9,43 : 0.4494"
"43,9 : 0.4494"
"9,44 : 0.4205"
"44,9 : 0.4205"
"9,45 : 0.7122"
"45,9 : 0.7122"
"9,46 : 0.8174"
"46,9 : 0.8174"
"9,47 : 0.5174"
"47,9 : 0.5174"
"9,48 : 0.5334"
"48,9 : 0.5334"
"9,49 : 0.0854"
"49,9 : 0.0854"
"9,50 : 0.621"
"50,9 : 0.621"
"9,51 : 0.1105"
"51,9 : 0.1105"
"9,52 : 0.4201"
"52,9 : 0.4201"
"9,53 : 0.5463"
"53,9 : 0.5463"
"9,54 : 0.7211"
"54,9 : 0.7211"
"9,55 : 0.7046"
"55,9 : 0.7046"
"9,56 : 0.4562"
"56,9 : 0.4562"
"9,57 : 0.764"
"57,9 : 0.764"
"9,58 : 0.8653"
"58,9 : 0.8653"
"9,59 : 0.8016"
"59,9 : 0.8016"
"9,60 : 0.4111"
"60,9 : 0.4111"
"9,61 : 0.664"
"61,9 : 0.664"
"9,62 : 0.1803"
"62,9 : 0.1803"
"9,63 : 0.4"
"63,9 : 0.4"
"9,64 : 0.9043"
"64,9 : 0.9043"
"9,65 : 0.2195"
"65,9 : 0.2195"
"9,66 : 0.5033"
"66,9 : 0.5033"
"9,67 : 0.2702"
"67,9 : 0.2702"
"9,68 : 0.3821"
"68,9 : 0.3821"
"9,69 : 0.5122"
"69,9 : 0.5122"
"9,70 : 0.3754"
"70,9 : 0.3754"
"9,71 : 0.0671"
"71,9 : 0.0671"
"9,72 : 0.2247"
"72,9 : 0.2247"
"9,73 : 0.1414"
"73,9 : 0.1414"
"9,74 : 0.4534"
"74,9 : 0.4534"
"9,75 : 0.6721"
"75,9 : 0.6721"
"9,76 : 0.6037"
"76,9 : 0.6037"
"9,77 : 0.4144"
"77,9 : 0.4144"
"9,78 : 0.5326"
"78,9 : 0.5326"
"9,79 : 0.8792"
"79,9 : 0.8792"
"9,80 : 0.6586"
"80,9 : 0.6586"
"9,81 : 0.322"
"81,9 : 0.322"
"9,82 : 0.3821"
"82,9 : 0.3821"
"9,83 : 0.3517"
"83,9 : 0.3517"
"9,84 : 0.79"
"84,9 : 0.79"
"9,85 : 0.2377"
"85,9 : 0.2377"
"9,86 : 0.2"
"86,9 : 0.2"
"9,87 : 0.4177"
"87,9 : 0.4177"
"9,88 : 0.8065"
"88,9 : 0.8065"
"9,89 : 0.7272"
"89,9 : 0.7272"
"9,90 : 0.7558"
"90,9 : 0.7558"
"9,91 : 0.4455"
"91,9 : 0.4455"
"9,92 : 0.7125"
"92,9 : 0.7125"
"9,93 : 0.2417"
"93,9 : 0.2417"
"9,94 : 0.14"
"94,9 : 0.14"
"9,95 : 0.6172"
"95,9 : 0.6172"
"9,96 : 0.5036"
"96,9 : 0.5036"
"9,97 : 0.4704"
"97,9 : 0.4704"
"9,98 : 0.1664"
"98,9 : 0.1664"
"9,99 : 0.2915"
"99,9 : 0.2915"
"10,11 : 0.8405"
"11,10 : 0.8405"
"10,12 : 0.4249"
"12,10 : 0.4249"
"10,13 : 0.4785"
"13,10 : 0.4785"
"10,14 : 0.6503"
"14,10 : 0.6503"
"10,15 : 0.4272"
"15,10 : 0.4272"
"10,16 : 0.4501"
"16,10 : 0.4501"
"10,17 : 0.5903"
"17,10 : 0.5903"
"10,18 : 0.246"
"18,10 : 0.246"
"10,19 : 0.1803"
"19,10 : 0.1803"
"10,20 : 0.2702"
"20,10 : 0.2702"
"10,21 : 0.7021"
"21,10 : 0.7021"
"10,22 : 0.4438"
"22,10 : 0.4438"
"10,23 : 0.1612"
"23,10 : 0.1612"
"10,24 : 0.1526"
"24,10 : 0.1526"
"10,25 : 0.4357"
"25,10 : 0.4357"
"10,26 : 0.559"
"26,10 : 0.559"
"10,27 : 0.4614"
"27,10 : 0.4614"
"10,28 : 0.6964"
"28,10 : 0.6964"
"10,29 : 0.253"
"29,10 : 0.253"
"10,30 : 0.4588"
"30,10 : 0.4588"
"10,31 : 0.3754"
"31,10 : 0.3754"
"10,32 : 0.7518"
"32,10 : 0.7518"
"10,33 : 0.2751"
"33,10 : 0.2751"
"10,34 : 0.4701"
"34,10 : 0.4701"
"10,35 : 0.7782"
"35,10 : 0.7782"
"10,36 : 0.4061"
"36,10 : 0.4061"
"10,37 : 0.7524"
"37,10 : 0.7524"
"10,38 : 0.6607"
"38,10 : 0.6607"
"10,39 : 0.431"
"39,10 : 0.431"
"10,40 : 0.0825"
"40,10 : 0.0825"
"10,41 : 0.4525"
"41,10 : 0.4525"
"10,42 : 0.8262"
"42,10 : 0.8262"
"10,43 : 0.542"
"43,10 : 0.542"
"10,44 : 0.7235"
"44,10 : 0.7235"
"10,45 : 0.3901"
"45,10 : 0.3901"
"10,46 : 0.2884"
"46,10 : 0.2884"
"10,47 : 0.4965"
"47,10 : 0.4965"
"10,48 : 0.508"
"48,10 : 0.508"
"10,49 : 0.4965"
"49,10 : 0.4965"
"10,50 : 0.2121"
"50,10 : 0.2121"
"10,51 : 0.4617"
"51,10 : 0.4617"
"10,52 : 0.7465"
"52,10 : 0.7465"
"10,53 : 0.2789"
"53,10 : 0.2789"
"10,54 : 0.1749"
"54,10 : 0.1749"
"10,55 : 0.3501"
"55,10 : 0.3501"
"10,56 : 0.2193"
"56,10 : 0.2193"
"10,57 : 0.2941"
"57,10 : 0.2941"
"10,58 : 0.5508"
"58,10 : 0.5508"
"10,59 : 0.23"
"59,10 : 0.23"
"10,60 : 0.4686"
"60,10 : 0.4686"
"10,61 : 0.4518"
"61,10 : 0.4518"
"10,62 : 0.423"
"62,10 : 0.423"
"10,63 : 0.314"
"63,10 : 0.314"
"10,64 : 0.5371"
"64,10 : 0.5371"
"10,65 : 0.4808"
"65,10 : 0.4808"
"10,66 : 0.4249"
"66,10 : 0.4249"
"10,67 : 0.6203"
"67,10 : 0.6203"
"10,68 : 0.386"
"68,10 : 0.386"
"10,69 : 0.4072"
"69,10 : 0.4072"
"10,70 : 0.3523"
"70,10 : 0.3523"
"10,71 : 0.6351"
"71,10 : 0.6351"
"10,72 : 0.6694"
"72,10 : 0.6694"
"10,73 : 0.6866"
"73,10 : 0.6866"
"10,74 : 0.4188"
"74,10 : 0.4188"
"10,75 : 0.5511"
"75,10 : 0.5511"
"10,76 : 0.3214"
"76,10 : 0.3214"
"10,77 : 0.8353"
"77,10 : 0.8353"
"10,78 : 0.4215"
"78,10 : 0.4215"
"10,79 : 0.5632"
"79,10 : 0.5632"
"10,80 : 0.4588"
"80,10 : 0.4588"
"10,81 : 0.2941"
"81,10 : 0.2941"
"10,82 : 0.2102"
"82,10 : 0.2102"
"10,83 : 0.2335"
"83,10 : 0.2335"
"10,84 : 0.2256"
"84,10 : 0.2256"
"10,85 : 0.5092"
"85,10 : 0.5092"
"10,86 : 0.7333"
"86,10 : 0.7333"
"10,87 : 0.3471"
"87,10 : 0.3471"
"10,88 : 0.2759"
"88,10 : 0.2759"
"10,89 : 0.3338"
"89,10 : 0.3338"
"10,90 : 0.3008"
"90,10 : 0.3008"
"10,91 : 0.806"
"91,10 : 0.806"
"10,92 : 0.1404"
"92,10 : 0.1404"
"10,93 : 0.3536"
"93,10 : 0.3536"
"10,94 : 0.5771"
"94,10 : 0.5771"
"10,95 : 0.5471"
"95,10 : 0.5471"
"10,96 : 0.0707"
"96,10 : 0.0707"
"10,97 : 0.1221"
"97,10 : 0.1221"
"10,98 : 0.4319"
"98,10 : 0.4319"
"10,99 : 0.78"
"99,10 : 0.78"
"11,12 : 0.9948"
"12,11 : 0.9948"
"11,13 : 1.0288"
"13,11 : 1.0288"
"11,14 : 0.4617"
"14,11 : 0.4617"
"11,15 : 0.813"
"15,11 : 0.813"
"11,16 : 0.5277"
"16,11 : 0.5277"
"11,17 : 0.3206"
"17,11 : 0.3206"
"11,18 : 0.8412"
"18,11 : 0.8412"
"11,19 : 0.6684"
"19,11 : 0.6684"
"11,20 : 0.7308"
"20,11 : 0.7308"
"11,21 : 0.2707"
"21,11 : 0.2707"
"11,22 : 0.4522"
"22,11 : 0.4522"
"11,23 : 0.9862"
"23,11 : 0.9862"
"11,24 : 0.6882"
"24,11 : 0.6882"
"11,25 : 0.6084"
"25,11 : 0.6084"
"11,26 : 0.9424"
"26,11 : 0.9424"
"11,27 : 0.7669"
"27,11 : 0.7669"
"11,28 : 0.7311"
"28,11 : 0.7311"
"11,29 : 0.9437"
"29,11 : 0.9437"
"11,30 : 0.8515"
"30,11 : 0.8515"
"11,31 : 0.8373"
"31,11 : 0.8373"
"11,32 : 0.8405"
"32,11 : 0.8405"
"11,33 : 1.0752"
"33,11 : 1.0752"
"11,34 : 1.0018"
"34,11 : 1.0018"
"11,35 : 0.8201"
"35,11 : 0.8201"
"11,36 : 0.6251"
"36,11 : 0.6251"
"11,37 : 0.18"
"37,11 : 0.18"
"11,38 : 0.5109"
"38,11 : 0.5109"
"11,39 : 1.1604"
"39,11 : 1.1604"
"11,40 : 0.8969"
"40,11 : 0.8969"
"11,41 : 0.8814"
"41,11 : 0.8814"
"11,42 : 0.05"
"42,11 : 0.05"
"11,43 : 0.3635"
"43,11 : 0.3635"
"11,44 : 0.1404"
"44,11 : 0.1404"
"11,45 : 1.1042"
"45,11 : 1.1042"
"11,46 : 0.9835"
"46,11 : 0.9835"
"11,47 : 0.4617"
"47,11 : 0.4617"
"11,48 : 0.9717"
"48,11 : 0.9717"
"11,49 : 0.4472"
"49,11 : 0.4472"
"11,50 : 0.769"
"50,11 : 0.769"
"11,51 : 0.4965"
"51,11 : 0.4965"
"11,52 : 0.1105"
"52,11 : 0.1105"
"11,53 : 0.6546"
"53,11 : 0.6546"
"11,54 : 0.9261"
"54,11 : 0.9261"
"11,55 : 1.0858"
"55,11 : 1.0858"
"11,56 : 0.8233"
"56,11 : 0.8233"
"11,57 : 0.8929"
"57,11 : 0.8929"
"11,58 : 0.8415"
"58,11 : 0.8415"
"11,59 : 1.0377"
"59,11 : 1.0377"
"11,60 : 0.408"
"60,11 : 0.408"
"11,61 : 0.6507"
"61,11 : 0.6507"
"11,62 : 0.5948"
"62,11 : 0.5948"
"11,63 : 0.8016"
"63,11 : 0.8016"
"11,64 : 0.9101"
"64,11 : 0.9101"
"11,65 : 0.6613"
"65,11 : 0.6613"
"11,66 : 0.5099"
"66,11 : 0.5099"
"11,67 : 0.7086"
"67,11 : 0.7086"
"11,68 : 0.8053"
"68,11 : 0.8053"
"11,69 : 0.5315"
"69,11 : 0.5315"
"11,70 : 0.7889"
"70,11 : 0.7889"
"11,71 : 0.4045"
"71,11 : 0.4045"
"11,72 : 0.6412"
"72,11 : 0.6412"
"11,73 : 0.3306"
"73,11 : 0.3306"
"11,74 : 0.478"
"74,11 : 0.478"
"11,75 : 0.5831"
"75,11 : 0.5831"
"11,76 : 0.6791"
"76,11 : 0.6791"
"11,77 : 0.0447"
"77,11 : 0.0447"
"11,78 : 0.5376"
"78,11 : 0.5376"
"11,79 : 0.8521"
"79,11 : 0.8521"
"11,80 : 1.077"
"80,11 : 1.077"
"11,81 : 0.7021"
"81,11 : 0.7021"
"11,82 : 0.6341"
"82,11 : 0.6341"
"11,83 : 0.6943"
"83,11 : 0.6943"
"11,84 : 1.0065"
"84,11 : 1.0065"
"11,85 : 0.6831"
"85,11 : 0.6831"
"11,86 : 0.5515"
"86,11 : 0.5515"
"11,87 : 0.8301"
"87,11 : 0.8301"
"11,88 : 1.114"
"88,11 : 1.114"
"11,89 : 1.0971"
"89,11 : 1.0971"
"11,90 : 1.1034"
"90,11 : 1.1034"
"11,91 : 0.051"
"91,11 : 0.051"
"11,92 : 0.9638"
"92,11 : 0.9638"
"11,93 : 0.6297"
"93,11 : 0.6297"
"11,94 : 0.5825"
"94,11 : 0.5825"
"11,95 : 0.5215"
"95,11 : 0.5215"
"11,96 : 0.7903"
"96,11 : 0.7903"
"11,97 : 0.7185"
"97,11 : 0.7185"
"11,98 : 0.5814"
"98,11 : 0.5814"
"11,99 : 0.1825"
"99,11 : 0.1825"
"12,13 : 0.0539"
"13,12 : 0.0539"
"12,14 : 0.6096"
"14,12 : 0.6096"
"12,15 : 0.8486"
"15,12 : 0.8486"
"12,16 : 0.4687"
"16,12 : 0.4687"
"12,17 : 0.8591"
"17,12 : 0.8591"
"12,18 : 0.6708"
"18,12 : 0.6708"
"12,19 : 0.4405"
"19,12 : 0.4405"
"12,20 : 0.6801"
"20,12 : 0.6801"
"12,21 : 0.7606"
"21,12 : 0.7606"
"12,22 : 0.5456"
"22,12 : 0.5456"
"12,23 : 0.5021"
"23,12 : 0.5021"
"12,24 : 0.4639"
"24,12 : 0.4639"
"12,25 : 0.392"
"25,12 : 0.392"
"12,26 : 0.1924"
"26,12 : 0.1924"
"12,27 : 0.2581"
"27,12 : 0.2581"
"12,28 : 0.478"
"28,12 : 0.478"
"12,29 : 0.178"
"29,12 : 0.178"
"12,30 : 0.8824"
"30,12 : 0.8824"
"12,31 : 0.1581"
"31,12 : 0.1581"
"12,32 : 0.4704"
"32,12 : 0.4704"
"12,33 : 0.3046"
"33,12 : 0.3046"
"12,34 : 0.05"
"34,12 : 0.05"
"12,35 : 0.5116"
"35,12 : 0.5116"
"12,36 : 0.7892"
"36,12 : 0.7892"
"12,37 : 0.844"
"37,12 : 0.844"
"12,38 : 0.586"
"38,12 : 0.586"
"12,39 : 0.2256"
"39,12 : 0.2256"
"12,40 : 0.4826"
"40,12 : 0.4826"
"12,41 : 0.1432"
"41,12 : 0.1432"
"12,42 : 1.0018"
"42,12 : 1.0018"
"12,43 : 0.822"
"43,12 : 0.822"
"12,44 : 0.9231"
"44,12 : 0.9231"
"12,45 : 0.1803"
"45,12 : 0.1803"
"12,46 : 0.6903"
"46,12 : 0.6903"
"12,47 : 0.821"
"47,12 : 0.821"
"12,48 : 0.114"
"48,12 : 0.114"
"12,49 : 0.5492"
"49,12 : 0.5492"
"12,50 : 0.6297"
"50,12 : 0.6297"
"12,51 : 0.4993"
"51,12 : 0.4993"
"12,52 : 0.9352"
"52,12 : 0.9352"
"12,53 : 0.661"
"53,12 : 0.661"
"12,54 : 0.5801"
"54,12 : 0.5801"
"12,55 : 0.2022"
"55,12 : 0.2022"
"12,56 : 0.2319"
"56,12 : 0.2319"
"12,57 : 0.7169"
"57,12 : 0.7169"
"12,58 : 0.9714"
"58,12 : 0.9714"
"12,59 : 0.5664"
"59,12 : 0.5664"
"12,60 : 0.7481"
"60,12 : 0.7481"
"12,61 : 0.8434"
"61,12 : 0.8434"
"12,62 : 0.4022"
"62,12 : 0.4022"
"12,63 : 0.1992"
"63,12 : 0.1992"
"12,64 : 0.9618"
"64,12 : 0.9618"
"12,65 : 0.3612"
"65,12 : 0.3612"
"12,66 : 0.76"
"66,12 : 0.76"
"12,67 : 0.4215"
"67,12 : 0.4215"
"12,68 : 0.1921"
"68,12 : 0.1921"
"12,69 : 0.7503"
"69,12 : 0.7503"
"12,70 : 0.2059"
"70,12 : 0.2059"
"12,71 : 0.6366"
"71,12 : 0.6366"
"12,72 : 0.5099"
"72,12 : 0.5099"
"12,73 : 0.7151"
"73,12 : 0.7151"
"12,74 : 0.7311"
"74,12 : 0.7311"
"12,75 : 0.9235"
"75,12 : 0.9235"
"12,76 : 0.7181"
"76,12 : 0.7181"
"12,77 : 0.971"
"77,12 : 0.971"
"12,78 : 0.7706"
"78,12 : 0.7706"
"12,79 : 0.9843"
"79,12 : 0.9843"
"12,80 : 0.0849"
"80,12 : 0.0849"
"12,81 : 0.3036"
"81,12 : 0.3036"
"12,82 : 0.47"
"82,12 : 0.47"
"12,83 : 0.3423"
"83,12 : 0.3423"
"12,84 : 0.5941"
"84,12 : 0.5941"
"12,85 : 0.3581"
"85,12 : 0.3581"
"12,86 : 0.6227"
"86,12 : 0.6227"
"12,87 : 0.1655"
"87,12 : 0.1655"
"12,88 : 0.4338"
"88,12 : 0.4338"
"12,89 : 0.2452"
"89,12 : 0.2452"
"12,90 : 0.3162"
"90,12 : 0.3162"
"12,91 : 0.9795"
"91,12 : 0.9795"
"12,92 : 0.4958"
"92,12 : 0.4958"
"12,93 : 0.3667"
"93,12 : 0.3667"
"12,94 : 0.478"
"94,12 : 0.478"
"12,95 : 0.9002"
"95,12 : 0.9002"
"12,96 : 0.389"
"96,12 : 0.389"
"12,97 : 0.4589"
"97,12 : 0.4589"
"12,98 : 0.4162"
"98,12 : 0.4162"
"12,99 : 0.8621"
"99,12 : 0.8621"
"13,14 : 0.6294"
"14,13 : 0.6294"
"13,15 : 0.9025"
"15,13 : 0.9025"
"13,16 : 0.5012"
"16,13 : 0.5012"
"13,17 : 0.9043"
"17,13 : 0.9043"
"13,18 : 0.7245"
"18,13 : 0.7245"
"13,19 : 0.4916"
"19,13 : 0.4916"
"13,20 : 0.7338"
"20,13 : 0.7338"
"13,21 : 0.7882"
"21,13 : 0.7882"
"13,22 : 0.5831"
"22,13 : 0.5831"
"13,23 : 0.5523"
"23,13 : 0.5523"
"13,24 : 0.5162"
