x,y
0.32,0.4
0.77,0.75
0.52,0.5
0.54,0.48
0.45,0.39
0.48,0.94
0.98,0.09
0.51,0.3
0.57,0.49
0.88,0.43
0.2,0.34
0.05,0.96
0.99,0.37
0.9,0.9
0.45,0.69
0.91,0.39
0.36,0.69
0.64,0.91
0.18,0.79
0.13,0.98
0.11,0.04
0.89,0.34
0.88,0.52
0.83,0.81
0.63,0.7
0.31,0.9
0.34,0.42
0.12,0.94
0.03,0.49
0.04,0.9
0.96,0.47
0.74,0.89
0.56,0.46
0.09,0.44
0.44,0.72
0.9,0.86
0.3,0.86
0.59,0.11
0.07,0.58
0.23,0.75
0.94,0.31
0.8,0.24
0.67,0.46
0.39,0.46
0.28,0.06
0.6,0.0
0.75,0.23
0.66,0.11
0.36,0.91
0.33,0.54

Distanze
"0,1 : 0.5701"
"1,0 : 0.5701"
"0,2 : 0.2236"
"2,0 : 0.2236"
"0,3 : 0.2341"
"3,0 : 0.2341"
"0,4 : 0.1304"
"4,0 : 0.1304"
"0,5 : 0.5632"
"5,0 : 0.5632"
"0,6 : 0.7292"
"6,0 : 0.7292"
"0,7 : 0.2147"
"7,0 : 0.2147"
"0,8 : 0.2657"
"8,0 : 0.2657"
"0,9 : 0.5608"
"9,0 : 0.5608"
"0,10 : 0.1342"
"10,0 : 0.1342"
"0,11 : 0.6217"
"11,0 : 0.6217"
"0,12 : 0.6707"
"12,0 : 0.6707"
"0,13 : 0.7658"
"13,0 : 0.7658"
"0,14 : 0.3178"
"14,0 : 0.3178"
"0,15 : 0.5901"
"15,0 : 0.5901"
"0,16 : 0.2927"
"16,0 : 0.2927"
"0,17 : 0.6021"
"17,0 : 0.6021"
"0,18 : 0.4144"
"18,0 : 0.4144"
"0,19 : 0.6103"
"19,0 : 0.6103"
"0,20 : 0.4168"
"20,0 : 0.4168"
"0,21 : 0.5731"
"21,0 : 0.5731"
"0,22 : 0.5727"
"22,0 : 0.5727"
"0,23 : 0.6544"
"23,0 : 0.6544"
"0,24 : 0.4314"
"24,0 : 0.4314"
"0,25 : 0.5001"
"25,0 : 0.5001"
"0,26 : 0.0283"
"26,0 : 0.0283"
"0,27 : 0.5758"
"27,0 : 0.5758"
"0,28 : 0.3036"
"28,0 : 0.3036"
"0,29 : 0.5731"
"29,0 : 0.5731"
"0,30 : 0.6438"
"30,0 : 0.6438"
"0,31 : 0.6454"
"31,0 : 0.6454"
"0,32 : 0.2474"
"32,0 : 0.2474"
"0,33 : 0.2335"
"33,0 : 0.2335"
"0,34 : 0.3418"
"34,0 : 0.3418"
"0,35 : 0.7403"
"35,0 : 0.7403"
"0,36 : 0.4604"
"36,0 : 0.4604"
"0,37 : 0.3962"
"37,0 : 0.3962"
"0,38 : 0.3081"
"38,0 : 0.3081"
"0,39 : 0.3614"
"39,0 : 0.3614"
"0,40 : 0.6265"
"40,0 : 0.6265"
"0,41 : 0.506"
"41,0 : 0.506"
"0,42 : 0.3551"
"42,0 : 0.3551"
"0,43 : 0.0922"
"43,0 : 0.0922"
"0,44 : 0.3423"
"44,0 : 0.3423"
"0,45 : 0.4883"
"45,0 : 0.4883"
"0,46 : 0.4624"
"46,0 : 0.4624"
"0,47 : 0.4469"
"47,0 : 0.4469"
"0,48 : 0.5116"
"48,0 : 0.5116"
"0,49 : 0.1404"
"49,0 : 0.1404"
"1,2 : 0.3536"
"2,1 : 0.3536"
"1,3 : 0.3547"
"3,1 : 0.3547"
"1,4 : 0.4817"
"4,1 : 0.4817"
"1,5 : 0.3467"
"5,1 : 0.3467"
"1,6 : 0.6926"
"6,1 : 0.6926"
"1,7 : 0.5197"
"7,1 : 0.5197"
"1,8 : 0.328"
"8,1 : 0.328"
"1,9 : 0.3384"
"9,1 : 0.3384"
"1,10 : 0.7021"
"10,1 : 0.7021"
"1,11 : 0.75"
"11,1 : 0.75"
"1,12 : 0.4391"
"12,1 : 0.4391"
"1,13 : 0.1985"
"13,1 : 0.1985"
"1,14 : 0.3256"
"14,1 : 0.3256"
"1,15 : 0.3863"
"15,1 : 0.3863"
"1,16 : 0.4144"
"16,1 : 0.4144"
"1,17 : 0.2062"
"17,1 : 0.2062"
"1,18 : 0.5914"
"18,1 : 0.5914"
"1,19 : 0.6801"
"19,1 : 0.6801"
"1,20 : 0.9694"
"20,1 : 0.9694"
"1,21 : 0.4272"
"21,1 : 0.4272"
"1,22 : 0.255"
"22,1 : 0.255"
"1,23 : 0.0849"
"23,1 : 0.0849"
"1,24 : 0.1487"
"24,1 : 0.1487"
"1,25 : 0.4838"
"25,1 : 0.4838"
"1,26 : 0.542"
"26,1 : 0.542"
"1,27 : 0.6772"
"27,1 : 0.6772"
"1,28 : 0.7843"
"28,1 : 0.7843"
"1,29 : 0.7453"
"29,1 : 0.7453"
"1,30 : 0.3384"
"30,1 : 0.3384"
"1,31 : 0.1432"
"31,1 : 0.1432"
"1,32 : 0.3581"
"32,1 : 0.3581"
"1,33 : 0.7473"
"33,1 : 0.7473"
"1,34 : 0.3314"
"34,1 : 0.3314"
"1,35 : 0.1703"
"35,1 : 0.1703"
"1,36 : 0.4827"
"36,1 : 0.4827"
"1,37 : 0.6648"
"37,1 : 0.6648"
"1,38 : 0.7203"
"38,1 : 0.7203"
"1,39 : 0.54"
"39,1 : 0.54"
"1,40 : 0.4717"
"40,1 : 0.4717"
"1,41 : 0.5109"
"41,1 : 0.5109"
"1,42 : 0.3068"
"42,1 : 0.3068"
"1,43 : 0.478"
"43,1 : 0.478"
"1,44 : 0.8463"
"44,1 : 0.8463"
"1,45 : 0.769"
"45,1 : 0.769"
"1,46 : 0.5204"
"46,1 : 0.5204"
"1,47 : 0.6494"
"47,1 : 0.6494"
"1,48 : 0.4401"
"48,1 : 0.4401"
"1,49 : 0.4875"
"49,1 : 0.4875"
"2,3 : 0.0283"
"3,2 : 0.0283"
"2,4 : 0.1304"
"4,2 : 0.1304"
"2,5 : 0.4418"
"5,2 : 0.4418"
"2,6 : 0.6162"
"6,2 : 0.6162"
"2,7 : 0.2002"
"7,2 : 0.2002"
"2,8 : 0.051"
"8,2 : 0.051"
"2,9 : 0.3667"
"9,2 : 0.3667"
"2,10 : 0.3578"
"10,2 : 0.3578"
"2,11 : 0.6576"
"11,2 : 0.6576"
"2,12 : 0.4876"
"12,2 : 0.4876"
"2,13 : 0.5517"
"13,2 : 0.5517"
"2,14 : 0.2025"
"14,2 : 0.2025"
"2,15 : 0.4052"
"15,2 : 0.4052"
"2,16 : 0.2484"
"16,2 : 0.2484"
"2,17 : 0.4272"
"17,2 : 0.4272"
"2,18 : 0.4469"
"18,2 : 0.4469"
"2,19 : 0.6185"
"19,2 : 0.6185"
"2,20 : 0.6162"
"20,2 : 0.6162"
"2,21 : 0.4031"
"21,2 : 0.4031"
"2,22 : 0.3606"
"22,2 : 0.3606"
"2,23 : 0.4384"
"23,2 : 0.4384"
"2,24 : 0.2283"
"24,2 : 0.2283"
"2,25 : 0.4518"
"25,2 : 0.4518"
"2,26 : 0.197"
"26,2 : 0.197"
"2,27 : 0.5946"
"27,2 : 0.5946"
"2,28 : 0.4901"
"28,2 : 0.4901"
"2,29 : 0.6248"
"29,2 : 0.6248"
"2,30 : 0.441"
"30,2 : 0.441"
"2,31 : 0.4478"
"31,2 : 0.4478"
"2,32 : 0.0566"
"32,2 : 0.0566"
"2,33 : 0.4342"
"33,2 : 0.4342"
"2,34 : 0.2341"
"34,2 : 0.2341"
"2,35 : 0.5235"
"35,2 : 0.5235"
"2,36 : 0.4219"
"36,2 : 0.4219"
"2,37 : 0.3962"
"37,2 : 0.3962"
"2,38 : 0.4571"
"38,2 : 0.4571"
"2,39 : 0.3829"
"39,2 : 0.3829"
"2,40 : 0.461"
"40,2 : 0.461"
"2,41 : 0.3821"
"41,2 : 0.3821"
"2,42 : 0.1552"
"42,2 : 0.1552"
"2,43 : 0.136"
"43,2 : 0.136"
"2,44 : 0.5012"
"44,2 : 0.5012"
"2,45 : 0.5064"
"45,2 : 0.5064"
"2,46 : 0.3547"
"46,2 : 0.3547"
"2,47 : 0.4144"
"47,2 : 0.4144"
"2,48 : 0.4401"
"48,2 : 0.4401"
"2,49 : 0.1942"
"49,2 : 0.1942"
"3,4 : 0.1273"
"4,3 : 0.1273"
"3,5 : 0.4639"
"5,3 : 0.4639"
"3,6 : 0.588"
"6,3 : 0.588"
"3,7 : 0.1825"
"7,3 : 0.1825"
"3,8 : 0.0316"
"8,3 : 0.0316"
"3,9 : 0.3437"
"9,3 : 0.3437"
"3,10 : 0.3677"
"10,3 : 0.3677"
"3,11 : 0.6859"
"11,3 : 0.6859"
"3,12 : 0.4632"
"12,3 : 0.4632"
"3,13 : 0.5532"
"13,3 : 0.5532"
"3,14 : 0.2285"
"14,3 : 0.2285"
"3,15 : 0.3808"
"15,3 : 0.3808"
"3,16 : 0.2766"
"16,3 : 0.2766"
"3,17 : 0.4415"
"17,3 : 0.4415"
"3,18 : 0.4751"
"18,3 : 0.4751"
"3,19 : 0.6466"
"19,3 : 0.6466"
"3,20 : 0.6152"
"20,3 : 0.6152"
"3,21 : 0.377"
"21,3 : 0.377"
"3,22 : 0.3423"
"22,3 : 0.3423"
"3,23 : 0.4393"
"23,3 : 0.4393"
"3,24 : 0.2377"
"24,3 : 0.2377"
"3,25 : 0.4789"
"25,3 : 0.4789"
"3,26 : 0.2088"
"26,3 : 0.2088"
"3,27 : 0.6229"
"27,3 : 0.6229"
"3,28 : 0.5101"
"28,3 : 0.5101"
"3,29 : 0.653"
"29,3 : 0.653"
"3,30 : 0.4201"
"30,3 : 0.4201"
"3,31 : 0.4562"
"31,3 : 0.4562"
"3,32 : 0.0283"
"32,3 : 0.0283"
"3,33 : 0.4518"
"33,3 : 0.4518"
"3,34 : 0.26"
"34,3 : 0.26"
"3,35 : 0.5235"
"35,3 : 0.5235"
"3,36 : 0.4494"
"36,3 : 0.4494"
"3,37 : 0.3734"
"37,3 : 0.3734"
"3,38 : 0.4805"
"38,3 : 0.4805"
"3,39 : 0.4111"
"39,3 : 0.4111"
"3,40 : 0.4346"
"40,3 : 0.4346"
"3,41 : 0.3538"
"41,3 : 0.3538"
"3,42 : 0.1315"
"42,3 : 0.1315"
"3,43 : 0.1513"
"43,3 : 0.1513"
"3,44 : 0.494"
"44,3 : 0.494"
"3,45 : 0.4837"
"45,3 : 0.4837"
"3,46 : 0.3265"
"46,3 : 0.3265"
"3,47 : 0.389"
"47,3 : 0.389"
"3,48 : 0.4662"
"48,3 : 0.4662"
"3,49 : 0.2184"
"49,3 : 0.2184"
"4,5 : 0.5508"
"5,4 : 0.5508"
"4,6 : 0.609"
"6,4 : 0.609"
"4,7 : 0.1082"
"7,4 : 0.1082"
"4,8 : 0.1562"
"8,4 : 0.1562"
"4,9 : 0.4319"
"9,4 : 0.4319"
"4,10 : 0.255"
"10,4 : 0.255"
"4,11 : 0.6963"
"11,4 : 0.6963"
"4,12 : 0.5404"
"12,4 : 0.5404"
"4,13 : 0.6801"
"13,4 : 0.6801"
"4,14 : 0.3"
"14,4 : 0.3"
"4,15 : 0.46"
"15,4 : 0.46"
"4,16 : 0.3132"
"16,4 : 0.3132"
"4,17 : 0.5536"
"17,4 : 0.5536"
"4,18 : 0.4826"
"18,4 : 0.4826"
"4,19 : 0.6712"
"19,4 : 0.6712"
"4,20 : 0.488"
"20,4 : 0.488"
"4,21 : 0.4428"
"21,4 : 0.4428"
"4,22 : 0.4492"
"22,4 : 0.4492"
"4,23 : 0.5664"
"23,4 : 0.5664"
"4,24 : 0.3585"
"24,4 : 0.3585"
"4,25 : 0.5289"
"25,4 : 0.5289"
"4,26 : 0.114"
"26,4 : 0.114"
"4,27 : 0.6414"
"27,4 : 0.6414"
"4,28 : 0.4317"
"28,4 : 0.4317"
"4,29 : 0.6544"
"29,4 : 0.6544"
"4,30 : 0.5162"
"30,4 : 0.5162"
"4,31 : 0.578"
"31,4 : 0.578"
"4,32 : 0.1304"
"32,4 : 0.1304"
"4,33 : 0.3635"
"33,4 : 0.3635"
"4,34 : 0.3302"
"34,4 : 0.3302"
"4,35 : 0.6507"
"35,4 : 0.6507"
"4,36 : 0.4934"
"36,4 : 0.4934"
"4,37 : 0.313"
"37,4 : 0.313"
"4,38 : 0.4249"
"38,4 : 0.4249"
"4,39 : 0.4219"
"39,4 : 0.4219"
"4,40 : 0.4965"
"40,4 : 0.4965"
"4,41 : 0.3808"
"41,4 : 0.3808"
"4,42 : 0.2309"
"42,4 : 0.2309"
"4,43 : 0.0922"
"43,4 : 0.0922"
"4,44 : 0.3712"
"44,4 : 0.3712"
"4,45 : 0.4179"
"45,4 : 0.4179"
"4,46 : 0.34"
"46,4 : 0.34"
"4,47 : 0.35"
"47,4 : 0.35"
"4,48 : 0.5277"
"48,4 : 0.5277"
"4,49 : 0.1921"
"49,4 : 0.1921"
"5,6 : 0.9862"
"6,5 : 0.9862"
"5,7 : 0.6407"
"7,5 : 0.6407"
"5,8 : 0.4589"
"8,5 : 0.4589"
"5,9 : 0.6482"
"9,5 : 0.6482"
"5,10 : 0.6621"
"10,5 : 0.6621"
"5,11 : 0.4305"
"11,5 : 0.4305"
"5,12 : 0.7649"
"12,5 : 0.7649"
"5,13 : 0.4219"
"13,5 : 0.4219"
"5,14 : 0.2518"
"14,5 : 0.2518"
"5,15 : 0.6981"
"15,5 : 0.6981"
"5,16 : 0.2773"
"16,5 : 0.2773"
"5,17 : 0.1628"
"17,5 : 0.1628"
"5,18 : 0.3354"
"18,5 : 0.3354"
"5,19 : 0.3523"
"19,5 : 0.3523"
"5,20 : 0.9731"
"20,5 : 0.9731"
"5,21 : 0.7267"
"21,5 : 0.7267"
"5,22 : 0.58"
"22,5 : 0.58"
"5,23 : 0.3734"
"23,5 : 0.3734"
"5,24 : 0.283"
"24,5 : 0.283"
"5,25 : 0.1746"
"25,5 : 0.1746"
"5,26 : 0.5385"
"26,5 : 0.5385"
"5,27 : 0.36"
"27,5 : 0.36"
"5,28 : 0.6364"
"28,5 : 0.6364"
"5,29 : 0.4418"
"29,5 : 0.4418"
"5,30 : 0.6718"
"30,5 : 0.6718"
"5,31 : 0.2648"
"31,5 : 0.2648"
"5,32 : 0.4866"
"32,5 : 0.4866"
"5,33 : 0.6341"
"33,5 : 0.6341"
"5,34 : 0.2236"
"34,5 : 0.2236"
"5,35 : 0.4276"
"35,5 : 0.4276"
"5,36 : 0.197"
"36,5 : 0.197"
"5,37 : 0.8373"
"37,5 : 0.8373"
"5,38 : 0.5456"
"38,5 : 0.5456"
"5,39 : 0.314"
"39,5 : 0.314"
"5,40 : 0.7801"
"40,5 : 0.7801"
"5,41 : 0.7697"
"41,5 : 0.7697"
"5,42 : 0.5162"
"42,5 : 0.5162"
"5,43 : 0.4884"
"43,5 : 0.4884"
"5,44 : 0.9024"
"44,5 : 0.9024"
"5,45 : 0.9476"
"45,5 : 0.9476"
"5,46 : 0.7596"
"46,5 : 0.7596"
"5,47 : 0.8493"
"47,5 : 0.8493"
"5,48 : 0.1237"
"48,5 : 0.1237"
"5,49 : 0.4272"
"49,5 : 0.4272"
"6,7 : 0.5148"
"7,6 : 0.5148"
"6,8 : 0.5728"
"8,6 : 0.5728"
"6,9 : 0.3544"
"9,6 : 0.3544"
"6,10 : 0.8191"
"10,6 : 0.8191"
"6,11 : 1.2735"
"11,6 : 1.2735"
"6,12 : 0.2802"
"12,6 : 0.2802"
"6,13 : 0.8139"
"13,6 : 0.8139"
"6,14 : 0.8006"
"14,6 : 0.8006"
"6,15 : 0.3081"
"15,6 : 0.3081"
"6,16 : 0.8628"
"16,6 : 0.8628"
"6,17 : 0.8877"
"17,6 : 0.8877"
"6,18 : 1.063"
"18,6 : 1.063"
"6,19 : 1.2307"
"19,6 : 1.2307"
"6,20 : 0.8714"
"20,6 : 0.8714"
"6,21 : 0.2657"
"21,6 : 0.2657"
"6,22 : 0.4415"
"22,6 : 0.4415"
"6,23 : 0.7355"
"23,6 : 0.7355"
"6,24 : 0.7033"
"24,6 : 0.7033"
"6,25 : 1.0512"
"25,6 : 1.0512"
"6,26 : 0.7201"
"26,6 : 0.7201"
"6,27 : 1.2092"
"27,6 : 1.2092"
"6,28 : 1.0308"
"28,6 : 1.0308"
"6,29 : 1.2408"
"29,6 : 1.2408"
"6,30 : 0.3805"
"30,6 : 0.3805"
"6,31 : 0.8352"
"31,6 : 0.8352"
"6,32 : 0.5597"
"32,6 : 0.5597"
"6,33 : 0.9563"
"33,6 : 0.9563"
"6,34 : 0.8298"
"34,6 : 0.8298"
"6,35 : 0.7741"
"35,6 : 0.7741"
"6,36 : 1.0273"
"36,6 : 1.0273"
"6,37 : 0.3905"
"37,6 : 0.3905"
"6,38 : 1.0335"
"38,6 : 1.0335"
"6,39 : 0.999"
"39,6 : 0.999"
"6,40 : 0.2236"
"40,6 : 0.2236"
"6,41 : 0.2343"
"41,6 : 0.2343"
"6,42 : 0.4827"
"42,6 : 0.4827"
"6,43 : 0.6964"
"43,6 : 0.6964"
"6,44 : 0.7006"
"44,6 : 0.7006"
"6,45 : 0.3905"
"45,6 : 0.3905"
"6,46 : 0.2693"
"46,6 : 0.2693"
"6,47 : 0.3206"
"47,6 : 0.3206"
"6,48 : 1.028"
"48,6 : 1.028"
"6,49 : 0.7906"
"49,6 : 0.7906"
"7,8 : 0.1992"
"8,7 : 0.1992"
"7,9 : 0.3922"
"9,7 : 0.3922"
"7,10 : 0.3126"
"10,7 : 0.3126"
"7,11 : 0.8045"
"11,7 : 0.8045"
"7,12 : 0.4851"
"12,7 : 0.4851"
"7,13 : 0.7156"
"13,7 : 0.7156"
"7,14 : 0.3946"
"14,7 : 0.3946"
"7,15 : 0.41"
"15,7 : 0.41"
"7,16 : 0.4179"
"16,7 : 0.4179"
"7,17 : 0.6237"
"17,7 : 0.6237"
"7,18 : 0.5908"
"18,7 : 0.5908"
"7,19 : 0.779"
"19,7 : 0.779"
"7,20 : 0.4771"
"20,7 : 0.4771"
"7,21 : 0.3821"
"21,7 : 0.3821"
"7,22 : 0.4305"
"22,7 : 0.4305"
"7,23 : 0.6021"
"23,7 : 0.6021"
"7,24 : 0.4176"
"24,7 : 0.4176"
"7,25 : 0.6325"
"25,7 : 0.6325"
"7,26 : 0.2081"
"26,7 : 0.2081"
"7,27 : 0.7495"
"27,7 : 0.7495"
"7,28 : 0.5162"
"28,7 : 0.5162"
"7,29 : 0.7622"
"29,7 : 0.7622"
"7,30 : 0.481"
"30,7 : 0.481"
"7,31 : 0.6332"
"31,7 : 0.6332"
"7,32 : 0.1676"
"32,7 : 0.1676"
"7,33 : 0.4427"
"33,7 : 0.4427"
"7,34 : 0.4258"
"34,7 : 0.4258"
"7,35 : 0.6824"
"35,7 : 0.6824"
"7,36 : 0.5981"
"36,7 : 0.5981"
"7,37 : 0.2062"
"37,7 : 0.2062"
"7,38 : 0.5215"
"38,7 : 0.5215"
"7,39 : 0.53"
"39,7 : 0.53"
"7,40 : 0.4301"
"40,7 : 0.4301"
"7,41 : 0.2961"
"41,7 : 0.2961"
"7,42 : 0.2263"
"42,7 : 0.2263"
"7,43 : 0.2"
"43,7 : 0.2"
"7,44 : 0.3324"
"44,7 : 0.3324"
"7,45 : 0.3132"
"45,7 : 0.3132"
"7,46 : 0.25"
"46,7 : 0.25"
"7,47 : 0.2421"
"47,7 : 0.2421"
"7,48 : 0.6282"
"48,7 : 0.6282"
"7,49 : 0.3"
"49,7 : 0.3"
"8,9 : 0.3158"
"9,8 : 0.3158"
"8,10 : 0.3992"
"10,8 : 0.3992"
"8,11 : 0.7009"
"11,8 : 0.7009"
"8,12 : 0.4368"
"12,8 : 0.4368"
"8,13 : 0.5263"
"13,8 : 0.5263"
"8,14 : 0.2332"
"14,8 : 0.2332"
"8,15 : 0.3544"
"15,8 : 0.3544"
"8,16 : 0.29"
"16,8 : 0.29"
"8,17 : 0.4258"
"17,8 : 0.4258"
"8,18 : 0.492"
"18,8 : 0.492"
"8,19 : 0.6586"
"19,8 : 0.6586"
"8,20 : 0.6435"
"20,8 : 0.6435"
"8,21 : 0.3534"
"21,8 : 0.3534"
"8,22 : 0.3114"
"22,8 : 0.3114"
"8,23 : 0.4123"
"23,8 : 0.4123"
"8,24 : 0.2184"
"24,8 : 0.2184"
"8,25 : 0.4855"
"25,8 : 0.4855"
"8,26 : 0.2404"
"26,8 : 0.2404"
"8,27 : 0.6364"
"27,8 : 0.6364"
"8,28 : 0.54"
"28,8 : 0.54"
"8,29 : 0.6701"
"29,8 : 0.6701"
"8,30 : 0.3905"
"30,8 : 0.3905"
"8,31 : 0.4346"
"31,8 : 0.4346"
"8,32 : 0.0316"
"32,8 : 0.0316"
"8,33 : 0.4826"
"33,8 : 0.4826"
"8,34 : 0.2642"
"34,8 : 0.2642"
"8,35 : 0.4958"
"35,8 : 0.4958"
"8,36 : 0.458"
"36,8 : 0.458"
"8,37 : 0.3805"
"37,8 : 0.3805"
"8,38 : 0.508"
"38,8 : 0.508"
"8,39 : 0.428"
"39,8 : 0.428"
"8,40 : 0.4115"
"40,8 : 0.4115"
"8,41 : 0.3397"
"41,8 : 0.3397"
"8,42 : 0.1044"
"42,8 : 0.1044"
"8,43 : 0.1825"
"43,8 : 0.1825"
"8,44 : 0.5187"
"44,8 : 0.5187"
"8,45 : 0.4909"
"45,8 : 0.4909"
"8,46 : 0.3162"
"46,8 : 0.3162"
"8,47 : 0.3905"
"47,8 : 0.3905"
"8,48 : 0.4696"
"48,8 : 0.4696"
"8,49 : 0.2452"
"49,8 : 0.2452"
"9,10 : 0.6859"
"10,9 : 0.6859"
"9,11 : 0.9848"
"11,9 : 0.9848"
"9,12 : 0.1253"
"12,9 : 0.1253"
"9,13 : 0.4704"
"13,9 : 0.4704"
"9,14 : 0.5025"
"14,9 : 0.5025"
"9,15 : 0.05"
"15,9 : 0.05"
"9,16 : 0.5814"
"16,9 : 0.5814"
"9,17 : 0.5367"
"17,9 : 0.5367"
"9,18 : 0.7871"
"18,9 : 0.7871"
"9,19 : 0.9301"
"19,9 : 0.9301"
"9,20 : 0.8631"
"20,9 : 0.8631"
"9,21 : 0.0906"
"21,9 : 0.0906"
"9,22 : 0.09"
"22,9 : 0.09"
"9,23 : 0.3833"
"23,9 : 0.3833"
"9,24 : 0.368"
"24,9 : 0.368"
"9,25 : 0.7388"
"25,9 : 0.7388"
"9,26 : 0.5401"
"26,9 : 0.5401"
"9,27 : 0.9153"
"27,9 : 0.9153"
"9,28 : 0.8521"
"28,9 : 0.8521"
"9,29 : 0.9625"
"29,9 : 0.9625"
"9,30 : 0.0894"
"30,9 : 0.0894"
"9,31 : 0.4808"
"31,9 : 0.4808"
"9,32 : 0.3214"
"32,9 : 0.3214"
"9,33 : 0.7901"
"33,9 : 0.7901"
"9,34 : 0.527"
"34,9 : 0.527"
"9,35 : 0.4305"
"35,9 : 0.4305"
"9,36 : 0.722"
"36,9 : 0.722"
"9,37 : 0.4319"
"37,9 : 0.4319"
"9,38 : 0.8238"
"38,9 : 0.8238"
"9,39 : 0.7245"
"39,9 : 0.7245"
"9,40 : 0.1342"
"40,9 : 0.1342"
"9,41 : 0.2062"
"41,9 : 0.2062"
"9,42 : 0.2121"
"42,9 : 0.2121"
"9,43 : 0.4909"
"43,9 : 0.4909"
"9,44 : 0.7049"
"44,9 : 0.7049"
"9,45 : 0.5131"
"45,9 : 0.5131"
"9,46 : 0.2385"
"46,9 : 0.2385"
"9,47 : 0.3883"
"47,9 : 0.3883"
"9,48 : 0.7077"
"48,9 : 0.7077"
"9,49 : 0.5609"
"49,9 : 0.5609"
"10,11 : 0.6379"
"11,10 : 0.6379"
"10,12 : 0.7906"
"12,10 : 0.7906"
"10,13 : 0.8964"
"13,10 : 0.8964"
"10,14 : 0.4301"
"14,10 : 0.4301"
"10,15 : 0.7118"
"15,10 : 0.7118"
"10,16 : 0.3848"
"16,10 : 0.3848"
"10,17 : 0.7201"
"17,10 : 0.7201"
"10,18 : 0.4504"
"18,10 : 0.4504"
"10,19 : 0.6438"
"19,10 : 0.6438"
"10,20 : 0.3132"
"20,10 : 0.3132"
"10,21 : 0.69"
"21,10 : 0.69"
"10,22 : 0.7034"
"22,10 : 0.7034"
"10,23 : 0.786"
"23,10 : 0.786"
"10,24 : 0.5608"
"24,10 : 0.5608"
"10,25 : 0.5707"
"25,10 : 0.5707"
"10,26 : 0.1612"
"26,10 : 0.1612"
"10,27 : 0.6053"
"27,10 : 0.6053"
"10,28 : 0.2267"
"28,10 : 0.2267"
"10,29 : 0.5824"
"29,10 : 0.5824"
"10,30 : 0.771"
"30,10 : 0.771"
"10,31 : 0.7708"
"31,10 : 0.7708"
"10,32 : 0.3795"
"32,10 : 0.3795"
"10,33 : 0.1487"
"33,10 : 0.1487"
"10,34 : 0.4494"
"34,10 : 0.4494"
"10,35 : 0.872"
"35,10 : 0.872"
"10,36 : 0.5295"
"36,10 : 0.5295"
"10,37 : 0.4528"
"37,10 : 0.4528"
"10,38 : 0.2729"
"38,10 : 0.2729"
"10,39 : 0.4111"
"39,10 : 0.4111"
"10,40 : 0.7406"
"40,10 : 0.7406"
"10,41 : 0.6083"
"41,10 : 0.6083"
"10,42 : 0.4851"
"42,10 : 0.4851"
"10,43 : 0.2247"
"43,10 : 0.2247"
"10,44 : 0.2912"
"44,10 : 0.2912"
"10,45 : 0.525"
"45,10 : 0.525"
"10,46 : 0.5609"
"46,10 : 0.5609"
"10,47 : 0.5143"
"47,10 : 0.5143"
"10,48 : 0.592"
"48,10 : 0.592"
"10,49 : 0.2385"
"49,10 : 0.2385"
"11,12 : 1.1098"
"12,11 : 1.1098"
"11,13 : 0.8521"
"13,11 : 0.8521"
"11,14 : 0.4826"
"14,11 : 0.4826"
"11,15 : 1.0317"
"15,11 : 1.0317"
"11,16 : 0.4111"
"16,11 : 0.4111"
"11,17 : 0.5921"
"17,11 : 0.5921"
"11,18 : 0.214"
"18,11 : 0.214"
"11,19 : 0.0825"
"19,11 : 0.0825"
"11,20 : 0.922"
"20,11 : 0.922"
"11,21 : 1.044"
"21,11 : 1.044"
"11,22 : 0.9394"
"22,11 : 0.9394"
"11,23 : 0.7943"
"23,11 : 0.7943"
"11,24 : 0.6356"
"24,11 : 0.6356"
"11,25 : 0.2668"
"25,11 : 0.2668"
"11,26 : 0.6129"
"26,11 : 0.6129"
"11,27 : 0.0728"
"27,11 : 0.0728"
"11,28 : 0.4704"
"28,11 : 0.4704"
"11,29 : 0.0608"
"29,11 : 0.0608"
"11,30 : 1.0335"
"30,11 : 1.0335"
"11,31 : 0.6935"
"31,11 : 0.6935"
"11,32 : 0.7142"
"32,11 : 0.7142"
"11,33 : 0.5215"
"33,11 : 0.5215"
"11,34 : 0.4579"
"34,11 : 0.4579"
"11,35 : 0.8559"
"35,11 : 0.8559"
"11,36 : 0.2693"
"36,11 : 0.2693"
"11,37 : 1.007"
"37,11 : 1.007"
"11,38 : 0.3805"
"38,11 : 0.3805"
"11,39 : 0.2766"
"39,11 : 0.2766"
"11,40 : 1.1021"
"40,11 : 1.1021"
"11,41 : 1.0397"
"41,11 : 1.0397"
"11,42 : 0.7965"
"42,11 : 0.7965"
"11,43 : 0.6046"
"43,11 : 0.6046"
"11,44 : 0.9289"
"44,11 : 0.9289"
"11,45 : 1.1064"
"45,11 : 1.1064"
"11,46 : 1.0114"
"46,11 : 1.0114"
"11,47 : 1.0462"
"47,11 : 1.0462"
"11,48 : 0.314"
"48,11 : 0.314"
"11,49 : 0.5048"
"49,11 : 0.5048"
"12,13 : 0.5376"
"13,12 : 0.5376"
"12,14 : 0.6277"
"14,12 : 0.6277"
"12,15 : 0.0825"
"15,12 : 0.0825"
"12,16 : 0.7066"
"16,12 : 0.7066"
"12,17 : 0.6435"
"17,12 : 0.6435"
"12,18 : 0.9124"
"18,12 : 0.9124"
"12,19 : 1.0544"
"19,12 : 1.0544"
"12,20 : 0.9398"
"20,12 : 0.9398"
"12,21 : 0.1044"
"21,12 : 0.1044"
"12,22 : 0.186"
"22,12 : 0.186"
"12,23 : 0.4682"
"23,12 : 0.4682"
"12,24 : 0.4884"
"24,12 : 0.4884"
"12,25 : 0.8621"
"25,12 : 0.8621"
"12,26 : 0.6519"
"26,12 : 0.6519"
"12,27 : 1.0401"
"27,12 : 1.0401"
"12,28 : 0.9675"
"28,12 : 0.9675"
"12,29 : 1.0878"
"29,12 : 1.0878"
"12,30 : 0.1044"
"30,12 : 0.1044"
"12,31 : 0.577"
"31,12 : 0.577"
"12,32 : 0.4393"
"32,12 : 0.4393"
"12,33 : 0.9027"
"33,12 : 0.9027"
"12,34 : 0.6519"
"34,12 : 0.6519"
"12,35 : 0.4982"
"35,12 : 0.4982"
"12,36 : 0.8463"
"36,12 : 0.8463"
"12,37 : 0.4771"
"37,12 : 0.4771"
"12,38 : 0.9437"
"38,12 : 0.9437"
"12,39 : 0.8497"
"39,12 : 0.8497"
"12,40 : 0.0781"
"40,12 : 0.0781"
"12,41 : 0.2302"
"41,12 : 0.2302"
"12,42 : 0.3324"
"42,12 : 0.3324"
"12,43 : 0.6067"
"43,12 : 0.6067"
"12,44 : 0.7747"
"44,12 : 0.7747"
"12,45 : 0.5376"
"45,12 : 0.5376"
"12,46 : 0.2778"
"46,12 : 0.2778"
"12,47 : 0.4201"
"47,12 : 0.4201"
"12,48 : 0.8298"
"48,12 : 0.8298"
"12,49 : 0.6815"
"49,12 : 0.6815"
"13,14 : 0.4966"
"14,13 : 0.4966"
"13,15 : 0.5101"
"15,13 : 0.5101"
"13,16 : 0.5794"
"16,13 : 0.5794"
"13,17 : 0.2602"
"17,13 : 0.2602"
"13,18 : 0.7284"
"18,13 : 0.7284"
"13,19 : 0.7741"
"19,13 : 0.7741"
"13,20 : 1.1678"
"20,13 : 1.1678"
"13,21 : 0.5601"
"21,13 : 0.5601"
"13,22 : 0.3805"
"22,13 : 0.3805"
"13,23 : 0.114"
"23,13 : 0.114"
"13,24 : 0.336"
"24,13 : 0.336"
"13,25 : 0.59"
"25,13 : 0.59"
"13,26 : 0.7376"
"26,13 : 0.7376"
"13,27 : 0.781"
"27,13 : 0.781"
"13,28 : 0.9618"
"28,13 : 0.9618"
"13,29 : 0.86"
"29,13 : 0.86"
"13,30 : 0.4342"
"30,13 : 0.4342"
"13,31 : 0.1603"
"31,13 : 0.1603"
"13,32 : 0.5561"
"32,13 : 0.5561"
"13,33 : 0.9315"
"33,13 : 0.9315"
"13,34 : 0.494"
"34,13 : 0.494"
"13,35 : 0.04"
"35,13 : 0.04"
"13,36 : 0.6013"
"36,13 : 0.6013"
"13,37 : 0.8486"
"37,13 : 0.8486"
"13,38 : 0.8896"
"38,13 : 0.8896"
"13,39 : 0.6866"
"39,13 : 0.6866"
"13,40 : 0.5914"
"40,13 : 0.5914"
"13,41 : 0.6675"
"41,13 : 0.6675"
"13,42 : 0.4965"
"42,13 : 0.4965"
"13,43 : 0.6736"
"43,13 : 0.6736"
"13,44 : 1.044"
"44,13 : 1.044"
"13,45 : 0.9487"
"45,13 : 0.9487"
"13,46 : 0.6866"
"46,13 : 0.6866"
"13,47 : 0.8257"
"47,13 : 0.8257"
"13,48 : 0.5401"
"48,13 : 0.5401"
"13,49 : 0.6742"
"49,13 : 0.6742"
"14,15 : 0.5492"
"15,14 : 0.5492"
"14,16 : 0.09"
"16,14 : 0.09"
"14,17 : 0.2907"
"17,14 : 0.2907"
"14,18 : 0.2879"
"18,14 : 0.2879"
"14,19 : 0.4319"
"19,14 : 0.4319"
"14,20 : 0.7336"
"20,14 : 0.7336"
"14,21 : 0.5622"
"21,14 : 0.5622"
"14,22 : 0.4624"
"22,14 : 0.4624"
"14,23 : 0.3985"
"23,14 : 0.3985"
"14,24 : 0.1803"
"24,14 : 0.1803"
"14,25 : 0.2524"
"25,14 : 0.2524"
"14,26 : 0.2915"
"26,14 : 0.2915"
"14,27 : 0.414"
"27,14 : 0.414"
"14,28 : 0.4652"
"28,14 : 0.4652"
"14,29 : 0.4607"
"29,14 : 0.4607"
"14,30 : 0.5554"
"30,14 : 0.5554"
"14,31 : 0.3523"
"31,14 : 0.3523"
"14,32 : 0.255"
"32,14 : 0.255"
"14,33 : 0.4383"
"33,14 : 0.4383"
"14,34 : 0.0316"
"34,14 : 0.0316"
"14,35 : 0.481"
"35,14 : 0.481"
"14,36 : 0.2267"
"36,14 : 0.2267"
"14,37 : 0.5967"
"37,14 : 0.5967"
"14,38 : 0.3956"
"38,14 : 0.3956"
"14,39 : 0.228"
"39,14 : 0.228"
"14,40 : 0.6201"
"40,14 : 0.6201"
"14,41 : 0.5701"
"41,14 : 0.5701"
"14,42 : 0.3183"
"42,14 : 0.3183"
"14,43 : 0.2377"
"43,14 : 0.2377"
"14,44 : 0.6525"
"44,14 : 0.6525"
"14,45 : 0.7061"
"45,14 : 0.7061"
"14,46 : 0.5492"
"46,14 : 0.5492"
"14,47 : 0.6168"
"47,14 : 0.6168"
"14,48 : 0.2377"
"48,14 : 0.2377"
"14,49 : 0.1921"
"49,14 : 0.1921"
"15,16 : 0.6265"
"16,15 : 0.6265"
"15,17 : 0.5859"
"17,15 : 0.5859"
"15,18 : 0.8324"
"18,15 : 0.8324"
"15,19 : 0.978"
"19,15 : 0.978"
"15,20 : 0.8732"
"20,15 : 0.8732"
"15,21 : 0.0539"
"21,15 : 0.0539"
"15,22 : 0.1334"
"22,15 : 0.1334"
"15,23 : 0.4276"
"23,15 : 0.4276"
"15,24 : 0.4177"
"24,15 : 0.4177"
"15,25 : 0.7875"
"25,15 : 0.7875"
"15,26 : 0.5708"
"26,15 : 0.5708"
"15,27 : 0.9626"
"27,15 : 0.9626"
"15,28 : 0.8857"
"28,15 : 0.8857"
"15,29 : 1.0085"
"29,15 : 1.0085"
"15,30 : 0.0943"
"30,15 : 0.0943"
"15,31 : 0.5281"
"31,15 : 0.5281"
"15,32 : 0.3569"
"32,15 : 0.3569"
"15,33 : 0.8215"
"33,15 : 0.8215"
"15,34 : 0.5743"
"34,15 : 0.5743"
"15,35 : 0.4701"
"35,15 : 0.4701"
"15,36 : 0.7701"
"36,15 : 0.7701"
"15,37 : 0.4252"
"37,15 : 0.4252"
"15,38 : 0.8612"
"38,15 : 0.8612"
"15,39 : 0.7694"
"39,15 : 0.7694"
"15,40 : 0.0854"
"40,15 : 0.0854"
"15,41 : 0.186"
"41,15 : 0.186"
"15,42 : 0.25"
"42,15 : 0.25"
"15,43 : 0.5247"
"43,15 : 0.5247"
"15,44 : 0.7112"
"44,15 : 0.7112"
"15,45 : 0.4982"
"45,15 : 0.4982"
"15,46 : 0.2263"
"46,15 : 0.2263"
"15,47 : 0.3754"
"47,15 : 0.3754"
"15,48 : 0.7569"
"48,15 : 0.7569"
"15,49 : 0.5991"
"49,15 : 0.5991"
"16,17 : 0.3561"
"17,16 : 0.3561"
"16,18 : 0.2059"
"18,16 : 0.2059"
"16,19 : 0.3701"
"19,16 : 0.3701"
"16,20 : 0.6964"
"20,16 : 0.6964"
"16,21 : 0.6351"
"21,16 : 0.6351"
"16,22 : 0.5471"
"22,16 : 0.5471"
"16,23 : 0.4851"
"23,16 : 0.4851"
"16,24 : 0.2702"
"24,16 : 0.2702"
"16,25 : 0.2159"
"25,16 : 0.2159"
"16,26 : 0.2707"
"26,16 : 0.2707"
"16,27 : 0.3466"
"27,16 : 0.3466"
"16,28 : 0.3859"
"28,16 : 0.3859"
"16,29 : 0.3828"
"29,16 : 0.3828"
"16,30 : 0.6391"
"30,16 : 0.6391"
"16,31 : 0.4294"
"31,16 : 0.4294"
"16,32 : 0.3048"
"32,16 : 0.3048"
"16,33 : 0.368"
"33,16 : 0.368"
"16,34 : 0.0854"
"34,16 : 0.0854"
"16,35 : 0.5661"
"35,16 : 0.5661"
"16,36 : 0.1803"
"36,16 : 0.1803"
"16,37 : 0.6239"
"37,16 : 0.6239"
"16,38 : 0.3102"
"38,16 : 0.3102"
"16,39 : 0.1432"
"39,16 : 0.1432"
"16,40 : 0.6934"
"40,16 : 0.6934"
"16,41 : 0.6294"
"41,16 : 0.6294"
"16,42 : 0.386"
"42,16 : 0.386"
"16,43 : 0.2319"
"43,16 : 0.2319"
"16,44 : 0.6351"
"44,16 : 0.6351"
"16,45 : 0.7305"
"45,16 : 0.7305"
"16,46 : 0.6031"
"46,16 : 0.6031"
"16,47 : 0.653"
"47,16 : 0.653"
"16,48 : 0.22"
"48,16 : 0.22"
"16,49 : 0.153"
"49,16 : 0.153"
"17,18 : 0.4754"
"18,17 : 0.4754"
"17,19 : 0.5148"
"19,17 : 0.5148"
"17,20 : 1.0187"
"20,17 : 1.0187"
"17,21 : 0.6224"
"21,17 : 0.6224"
"17,22 : 0.4579"
"22,17 : 0.4579"
"17,23 : 0.2147"
"23,17 : 0.2147"
"17,24 : 0.2102"
"24,17 : 0.2102"
"17,25 : 0.3302"
"25,17 : 0.3302"
"17,26 : 0.5745"
"26,17 : 0.5745"
"17,27 : 0.5209"
"27,17 : 0.5209"
"17,28 : 0.7406"
"28,17 : 0.7406"
"17,29 : 0.6001"
"29,17 : 0.6001"
"17,30 : 0.5441"
"30,17 : 0.5441"
"17,31 : 0.102"
"31,17 : 0.102"
"17,32 : 0.4571"
"32,17 : 0.4571"
"17,33 : 0.7235"
"33,17 : 0.7235"
"17,34 : 0.2759"
"34,17 : 0.2759"
"17,35 : 0.2648"
"35,17 : 0.2648"
"17,36 : 0.3437"
"36,17 : 0.3437"
"17,37 : 0.8016"
"37,17 : 0.8016"
"17,38 : 0.6586"
"38,17 : 0.6586"
"17,39 : 0.4401"
"39,17 : 0.4401"
"17,40 : 0.6708"
"40,17 : 0.6708"
"17,41 : 0.6888"
"41,17 : 0.6888"
"17,42 : 0.451"
"42,17 : 0.451"
"17,43 : 0.5148"
"43,17 : 0.5148"
"17,44 : 0.9231"
"44,17 : 0.9231"
"17,45 : 0.9109"
"45,17 : 0.9109"
"17,46 : 0.6888"
"46,17 : 0.6888"
"17,47 : 0.8002"
"47,17 : 0.8002"
"17,48 : 0.28"
"48,17 : 0.28"
"17,49 : 0.4827"
"49,17 : 0.4827"
"18,19 : 0.1965"
"19,18 : 0.1965"
"18,20 : 0.7533"
"20,18 : 0.7533"
"18,21 : 0.8406"
"21,18 : 0.8406"
"18,22 : 0.7503"
"22,18 : 0.7503"
"18,23 : 0.6503"
"23,18 : 0.6503"
"18,24 : 0.4589"
"24,18 : 0.4589"
"18,25 : 0.1703"
"25,18 : 0.1703"
"18,26 : 0.4031"
"26,18 : 0.4031"
"18,27 : 0.1616"
"27,18 : 0.1616"
"18,28 : 0.3354"
"28,18 : 0.3354"
"18,29 : 0.178"
"29,18 : 0.178"
"18,30 : 0.8431"
"30,18 : 0.8431"
"18,31 : 0.5689"
"31,18 : 0.5689"
"18,32 : 0.5033"
"32,18 : 0.5033"
"18,33 : 0.3614"
"33,18 : 0.3614"
"18,34 : 0.2693"
"34,18 : 0.2693"
"18,35 : 0.7234"
"35,18 : 0.7234"
"18,36 : 0.1389"
"36,18 : 0.1389"
"18,37 : 0.794"
"37,18 : 0.794"
"18,38 : 0.2371"
"38,18 : 0.2371"
"18,39 : 0.064"
"39,18 : 0.064"
"18,40 : 0.8989"
"40,18 : 0.8989"
"18,41 : 0.8288"
"41,18 : 0.8288"
"18,42 : 0.5908"
"42,18 : 0.5908"
"18,43 : 0.3912"
"43,18 : 0.3912"
"18,44 : 0.7368"
"44,18 : 0.7368"
"18,45 : 0.8947"
"45,18 : 0.8947"
"18,46 : 0.7991"
"46,18 : 0.7991"
"18,47 : 0.8323"
"47,18 : 0.8323"
"18,48 : 0.2163"
"48,18 : 0.2163"
"18,49 : 0.2915"
"49,18 : 0.2915"
"19,20 : 0.9402"
"20,19 : 0.9402"
"19,21 : 0.9936"
"21,19 : 0.9936"
"19,22 : 0.8798"
"22,19 : 0.8798"
"19,23 : 0.7203"
"23,19 : 0.7203"
"19,24 : 0.5731"
"24,19 : 0.5731"
"19,25 : 0.197"
"25,19 : 0.197"
"19,26 : 0.5981"
"26,19 : 0.5981"
"19,27 : 0.0412"
"27,19 : 0.0412"
"19,28 : 0.5001"
"28,19 : 0.5001"
"19,29 : 0.1204"
"29,19 : 0.1204"
"19,30 : 0.9742"
"30,19 : 0.9742"
"19,31 : 0.6166"
"31,19 : 0.6166"
"19,32 : 0.6748"
"32,19 : 0.6748"
"19,33 : 0.5415"
"33,19 : 0.5415"
"19,34 : 0.4046"
"34,19 : 0.4046"
"19,35 : 0.7793"
"35,19 : 0.7793"
"19,36 : 0.2081"
"36,19 : 0.2081"
"19,37 : 0.9841"
"37,19 : 0.9841"
"19,38 : 0.4045"
"38,19 : 0.4045"
"19,39 : 0.2508"
"39,19 : 0.2508"
"19,40 : 1.0512"
"40,19 : 1.0512"
"19,41 : 0.9982"
"41,19 : 0.9982"
"19,42 : 0.7497"
"42,19 : 0.7497"
"19,43 : 0.5814"
"43,19 : 0.5814"
"19,44 : 0.9321"
"44,19 : 0.9321"
"19,45 : 1.0869"
"45,19 : 1.0869"
"19,46 : 0.9731"
"46,19 : 0.9731"
"19,47 : 1.0187"
"47,19 : 1.0187"
"19,48 : 0.2404"
"48,19 : 0.2404"
"19,49 : 0.4833"
"49,19 : 0.4833"
"20,21 : 0.8357"
"21,20 : 0.8357"
"20,22 : 0.9074"
"22,20 : 0.9074"
"20,23 : 1.0542"
"23,20 : 1.0542"
"20,24 : 0.8402"
"24,20 : 0.8402"
"20,25 : 0.8829"
"25,20 : 0.8829"
"20,26 : 0.4442"
"26,20 : 0.4442"
"20,27 : 0.9001"
"27,20 : 0.9001"
"20,28 : 0.4571"
"28,20 : 0.4571"
"20,29 : 0.8628"
"29,20 : 0.8628"
"20,30 : 0.9526"
"30,20 : 0.9526"
"20,31 : 1.058"
"31,20 : 1.058"
"20,32 : 0.6155"
"32,20 : 0.6155"
"20,33 : 0.4005"
"33,20 : 0.4005"
"20,34 : 0.7558"
"34,20 : 0.7558"
"20,35 : 1.1386"
"35,20 : 1.1386"
"20,36 : 0.8417"
"36,20 : 0.8417"
"20,37 : 0.4851"
"37,20 : 0.4851"
"20,38 : 0.5415"
"38,20 : 0.5415"
"20,39 : 0.7201"
"39,20 : 0.7201"
"20,40 : 0.8728"
"40,20 : 0.8728"
"20,41 : 0.7184"
"41,20 : 0.7184"
"20,42 : 0.7"
"42,20 : 0.7"
"20,43 : 0.5048"
"43,20 : 0.5048"
"20,44 : 0.1712"
"44,20 : 0.1712"
"20,45 : 0.4916"
"45,20 : 0.4916"
"20,46 : 0.6676"
"46,20 : 0.6676"
"20,47 : 0.5544"
"47,20 : 0.5544"
"20,48 : 0.9052"
"48,20 : 0.9052"
"20,49 : 0.5463"
"49,20 : 0.5463"
"21,22 : 0.1803"
"22,21 : 0.1803"
"21,23 : 0.4738"
"23,21 : 0.4738"
"21,24 : 0.4441"
"24,21 : 0.4441"
"21,25 : 0.8062"
"25,21 : 0.8062"
"21,26 : 0.5558"
"26,21 : 0.5558"
"21,27 : 0.9762"
"27,21 : 0.9762"
"21,28 : 0.873"
"28,21 : 0.873"
"21,29 : 1.0179"
"29,21 : 1.0179"
"21,30 : 0.1476"
"30,21 : 0.1476"
"21,31 : 0.5701"
"31,21 : 0.5701"
"21,32 : 0.3511"
"32,21 : 0.3511"
"21,33 : 0.8062"
"33,21 : 0.8062"
"21,34 : 0.589"
"34,21 : 0.589"
"21,35 : 0.5201"
"35,21 : 0.5201"
"21,36 : 0.7864"
"36,21 : 0.7864"
"21,37 : 0.378"
"37,21 : 0.378"
"21,38 : 0.8544"
"38,21 : 0.8544"
"21,39 : 0.777"
"39,21 : 0.777"
"21,40 : 0.0583"
"40,21 : 0.0583"
"21,41 : 0.1345"
"41,21 : 0.1345"
"21,42 : 0.2506"
"42,21 : 0.2506"
"21,43 : 0.5142"
"43,21 : 0.5142"
"21,44 : 0.6712"
"44,21 : 0.6712"
"21,45 : 0.4469"
"45,21 : 0.4469"
"21,46 : 0.178"
"46,21 : 0.178"
"21,47 : 0.3253"
"47,21 : 0.3253"
"21,48 : 0.7783"
"48,21 : 0.7783"
"21,49 : 0.5946"
"49,21 : 0.5946"
"22,23 : 0.2943"
"23,22 : 0.2943"
"22,24 : 0.3081"
"24,22 : 0.3081"
"22,25 : 0.6851"
"25,22 : 0.6851"
"22,26 : 0.5492"
"26,22 : 0.5492"
"22,27 : 0.8683"
"27,22 : 0.8683"
"22,28 : 0.8505"
"28,22 : 0.8505"
"22,29 : 0.922"
"29,22 : 0.922"
"22,30 : 0.0943"
"30,22 : 0.0943"
"22,31 : 0.3956"
"31,22 : 0.3956"
"22,32 : 0.3256"
"32,22 : 0.3256"
"22,33 : 0.794"
"33,22 : 0.794"
"22,34 : 0.4833"
"34,22 : 0.4833"
"22,35 : 0.3406"
"35,22 : 0.3406"
"22,36 : 0.6723"
"36,22 : 0.6723"
"22,37 : 0.5022"
"37,22 : 0.5022"
"22,38 : 0.8122"
"38,22 : 0.8122"
"22,39 : 0.6895"
"39,22 : 0.6895"
"22,40 : 0.2184"
"40,22 : 0.2184"
"22,41 : 0.2912"
"41,22 : 0.2912"
"22,42 : 0.2184"
"42,22 : 0.2184"
"22,43 : 0.4937"
"43,22 : 0.4937"
"22,44 : 0.756"
"44,22 : 0.756"
"22,45 : 0.5906"
"45,22 : 0.5906"
"22,46 : 0.3178"
"46,22 : 0.3178"
"22,47 : 0.4653"
"47,22 : 0.4653"
"22,48 : 0.65"
"48,22 : 0.65"
"22,49 : 0.5504"
"49,22 : 0.5504"
"23,24 : 0.2283"
"24,23 : 0.2283"
"23,25 : 0.5277"
"25,23 : 0.5277"
"23,26 : 0.6263"
"26,23 : 0.6263"
"23,27 : 0.7218"
"27,23 : 0.7218"
"23,28 : 0.8616"
"28,23 : 0.8616"
"23,29 : 0.7951"
"29,23 : 0.7951"
"23,30 : 0.364"
"30,23 : 0.364"
"23,31 : 0.1204"
"31,23 : 0.1204"
"23,32 : 0.442"
"32,23 : 0.442"
"23,33 : 0.8273"
"33,23 : 0.8273"
"23,34 : 0.4002"
"34,23 : 0.4002"
"23,35 : 0.086"
"35,23 : 0.086"
"23,36 : 0.5324"
"36,23 : 0.5324"
"23,37 : 0.74"
"37,23 : 0.74"
"23,38 : 0.794"
"38,23 : 0.794"
"23,39 : 0.603"
"39,23 : 0.603"
"23,40 : 0.512"
"40,23 : 0.512"
"23,41 : 0.5708"
"41,23 : 0.5708"
"23,42 : 0.3848"
"42,23 : 0.3848"
"23,43 : 0.5622"
"43,23 : 0.5622"
"23,44 : 0.9301"
"44,23 : 0.9301"
"23,45 : 0.842"
"45,23 : 0.842"
"23,46 : 0.5855"
"46,23 : 0.5855"
"23,47 : 0.7203"
"47,23 : 0.7203"
"23,48 : 0.4805"
"48,23 : 0.4805"
"23,49 : 0.5682"
"49,23 : 0.5682"
"24,25 : 0.3774"
"25,24 : 0.3774"
"24,26 : 0.4031"
"26,24 : 0.4031"
"24,27 : 0.5636"
"27,24 : 0.5636"
"24,28 : 0.6357"
"28,24 : 0.6357"
"24,29 : 0.623"
"29,24 : 0.623"
"24,30 : 0.4022"
"30,24 : 0.4022"
"24,31 : 0.2195"
"31,24 : 0.2195"
"24,32 : 0.25"
"32,24 : 0.25"
"24,33 : 0.5993"
"33,24 : 0.5993"
"24,34 : 0.191"
"34,24 : 0.191"
"24,35 : 0.3138"
"35,24 : 0.3138"
"24,36 : 0.3667"
"36,24 : 0.3667"
"24,37 : 0.5914"
"37,24 : 0.5914"
"24,38 : 0.5727"
"38,24 : 0.5727"
"24,39 : 0.4031"
"39,24 : 0.4031"
"24,40 : 0.4982"
"40,24 : 0.4982"
"24,41 : 0.4904"
"41,24 : 0.4904"
"24,42 : 0.2433"
"42,24 : 0.2433"
"24,43 : 0.3394"
"43,24 : 0.3394"
"24,44 : 0.7295"
"44,24 : 0.7295"
"24,45 : 0.7006"
"45,24 : 0.7006"
"24,46 : 0.4851"
"46,24 : 0.4851"
"24,47 : 0.5908"
"47,24 : 0.5908"
"24,48 : 0.3421"
"48,24 : 0.3421"
"24,49 : 0.34"
"49,24 : 0.34"
"25,26 : 0.4809"
"26,25 : 0.4809"
"25,27 : 0.1942"
"27,25 : 0.1942"
"25,28 : 0.4965"
"28,25 : 0.4965"
"25,29 : 0.27"
"29,25 : 0.27"
"25,30 : 0.7794"
"30,25 : 0.7794"
"25,31 : 0.4301"
"31,25 : 0.4301"
"25,32 : 0.5061"
"32,25 : 0.5061"
"25,33 : 0.5099"
"33,25 : 0.5099"
"25,34 : 0.222"
"34,25 : 0.222"
"25,35 : 0.5914"
"35,25 : 0.5914"
"25,36 : 0.0412"
"36,25 : 0.0412"
"25,37 : 0.8382"
"37,25 : 0.8382"
"25,38 : 0.4"
"38,25 : 0.4"
"25,39 : 0.17"
"39,25 : 0.17"
"25,40 : 0.8631"
"40,25 : 0.8631"
"25,41 : 0.822"
"41,25 : 0.822"
"25,42 : 0.5685"
"42,25 : 0.5685"
"25,43 : 0.4472"
"43,25 : 0.4472"
"25,44 : 0.8405"
"44,25 : 0.8405"
"25,45 : 0.9456"
"45,25 : 0.9456"
"25,46 : 0.8016"
"46,25 : 0.8016"
"25,47 : 0.8641"
"47,25 : 0.8641"
"25,48 : 0.051"
"48,25 : 0.051"
"25,49 : 0.3606"
"49,25 : 0.3606"
"26,27 : 0.5646"
"27,26 : 0.5646"
"26,28 : 0.3178"
"28,26 : 0.3178"
"26,29 : 0.566"
"29,26 : 0.566"
"26,30 : 0.622"
"30,26 : 0.622"
"26,31 : 0.6172"
"31,26 : 0.6172"
"26,32 : 0.2236"
"32,26 : 0.2236"
"26,33 : 0.2508"
"33,26 : 0.2508"
"26,34 : 0.3162"
"34,26 : 0.3162"
"26,35 : 0.7122"
"35,26 : 0.7122"
"26,36 : 0.4418"
"36,26 : 0.4418"
"26,37 : 0.3982"
"37,26 : 0.3982"
"26,38 : 0.3138"
"38,26 : 0.3138"
"26,39 : 0.3479"
"39,26 : 0.3479"
"26,40 : 0.61"
"40,26 : 0.61"
"26,41 : 0.494"
"41,26 : 0.494"
"26,42 : 0.3324"
"42,26 : 0.3324"
"26,43 : 0.064"
"43,26 : 0.064"
"26,44 : 0.365"
"44,26 : 0.365"
"26,45 : 0.494"
"45,26 : 0.494"
"26,46 : 0.4519"
"46,26 : 0.4519"
"26,47 : 0.4455"
"47,26 : 0.4455"
"26,48 : 0.4904"
"48,26 : 0.4904"
"26,49 : 0.1204"
"49,26 : 0.1204"
"27,28 : 0.4589"
"28,27 : 0.4589"
"27,29 : 0.0894"
"29,27 : 0.0894"
"27,30 : 0.9625"
"30,27 : 0.9625"
"27,31 : 0.622"
"31,27 : 0.622"
"27,32 : 0.6512"
"32,27 : 0.6512"
"27,33 : 0.5009"
"33,27 : 0.5009"
"27,34 : 0.3883"
"34,27 : 0.3883"
"27,35 : 0.7841"
"35,27 : 0.7841"
"27,36 : 0.197"
"36,27 : 0.197"
"27,37 : 0.9538"
"37,27 : 0.9538"
"27,38 : 0.3635"
"38,27 : 0.3635"
"27,39 : 0.2195"
"39,27 : 0.2195"
"27,40 : 1.0341"
"40,27 : 1.0341"
"27,41 : 0.9759"
"41,27 : 0.9759"
"27,42 : 0.73"
"42,27 : 0.73"
"27,43 : 0.5507"
"43,27 : 0.5507"
"27,44 : 0.8944"
"44,27 : 0.8944"
"27,45 : 1.0555"
"45,27 : 1.0555"
"27,46 : 0.9492"
"46,27 : 0.9492"
"27,47 : 0.9902"
"47,27 : 0.9902"
"27,48 : 0.2419"
"48,27 : 0.2419"
"27,49 : 0.4518"
"49,27 : 0.4518"
"28,29 : 0.4101"
"29,28 : 0.4101"
"28,30 : 0.9302"
"30,28 : 0.9302"
"28,31 : 0.8149"
"31,28 : 0.8149"
"28,32 : 0.5308"
"32,28 : 0.5308"
"28,33 : 0.0781"
"33,28 : 0.0781"
"28,34 : 0.4701"
"34,28 : 0.4701"
"28,35 : 0.9454"
"35,28 : 0.9454"
"28,36 : 0.458"
"36,28 : 0.458"
"28,37 : 0.6768"
"37,28 : 0.6768"
"28,38 : 0.0985"
"38,28 : 0.0985"
"28,39 : 0.328"
"39,28 : 0.328"
"28,40 : 0.9276"
"40,28 : 0.9276"
"28,41 : 0.8096"
"41,28 : 0.8096"
"28,42 : 0.6407"
"42,28 : 0.6407"
"28,43 : 0.3612"
"43,28 : 0.3612"
"28,44 : 0.4974"
"44,28 : 0.4974"
"28,45 : 0.7517"
"45,28 : 0.7517"
"28,46 : 0.7655"
"46,28 : 0.7655"
"28,47 : 0.7357"
"47,28 : 0.7357"
"28,48 : 0.5341"
"48,28 : 0.5341"
"28,49 : 0.3041"
"49,28 : 0.3041"
"29,30 : 1.0155"
"30,29 : 1.0155"
"29,31 : 0.7001"
"31,29 : 0.7001"
"29,32 : 0.6812"
"32,29 : 0.6812"
"29,33 : 0.4627"
"33,29 : 0.4627"
"29,34 : 0.4386"
"34,29 : 0.4386"
"29,35 : 0.8609"
"35,29 : 0.8609"
"29,36 : 0.2631"
"36,29 : 0.2631"
"29,37 : 0.9626"
"37,29 : 0.9626"
"29,38 : 0.3214"
"38,29 : 0.3214"
"29,39 : 0.2421"
"39,29 : 0.2421"
"29,40 : 1.0762"
"40,29 : 1.0762"
"29,41 : 1.0066"
"41,29 : 1.0066"
"29,42 : 0.7684"
"42,29 : 0.7684"
"29,43 : 0.5622"
"43,29 : 0.5622"
"29,44 : 0.8736"
"44,29 : 0.8736"
"29,45 : 1.06"
"45,29 : 1.06"
"29,46 : 0.9762"
"46,29 : 0.9762"
"29,47 : 1.0042"
"47,29 : 1.0042"
"29,48 : 0.3202"
"48,29 : 0.3202"
"29,49 : 0.4623"
"49,29 : 0.4623"
"30,31 : 0.4741"
"31,30 : 0.4741"
"30,32 : 0.4001"
"32,30 : 0.4001"
"30,33 : 0.8705"
"33,30 : 0.8705"
"30,34 : 0.577"
"34,30 : 0.577"
"30,35 : 0.3946"
"35,30 : 0.3946"
"30,36 : 0.7666"
"36,30 : 0.7666"
"30,37 : 0.5162"
"37,30 : 0.5162"
"30,38 : 0.8968"
"38,30 : 0.8968"
"30,39 : 0.7819"
"39,30 : 0.7819"
"30,40 : 0.1612"
"40,30 : 0.1612"
"30,41 : 0.2802"
"41,30 : 0.2802"
"30,42 : 0.2902"
"42,30 : 0.2902"
"30,43 : 0.5701"
"43,30 : 0.5701"
"30,44 : 0.794"
"44,30 : 0.794"
"30,45 : 0.592"
"45,30 : 0.592"
"30,46 : 0.3189"
"46,30 : 0.3189"
"30,47 : 0.4686"
"47,30 : 0.4686"
"30,48 : 0.744"
"48,30 : 0.744"
"30,49 : 0.6339"
"49,30 : 0.6339"
"31,32 : 0.4662"
"32,31 : 0.4662"
"31,33 : 0.7906"
"33,31 : 0.7906"
"31,34 : 0.3448"
"34,31 : 0.3448"
"31,35 : 0.1628"
"35,31 : 0.1628"
"31,36 : 0.441"
"36,31 : 0.441"
"31,37 : 0.7943"
"37,31 : 0.7943"
"31,38 : 0.7382"
"38,31 : 0.7382"
"31,39 : 0.5289"
"39,31 : 0.5289"
"31,40 : 0.6135"
"40,31 : 0.6135"
"31,41 : 0.6528"
"41,31 : 0.6528"
"31,42 : 0.4357"
"42,31 : 0.4357"
"31,43 : 0.5544"
"43,31 : 0.5544"
"31,44 : 0.9489"
"44,31 : 0.9489"
"31,45 : 0.9009"
"45,31 : 0.9009"
"31,46 : 0.6601"
"46,31 : 0.6601"
"31,47 : 0.7841"
"47,31 : 0.7841"
"31,48 : 0.3805"
"48,31 : 0.3805"
"31,49 : 0.5391"
"49,31 : 0.5391"
"32,33 : 0.4704"
"33,32 : 0.4704"
"32,34 : 0.2864"
"34,32 : 0.2864"
"32,35 : 0.525"
"35,32 : 0.525"
"32,36 : 0.4771"
"36,32 : 0.4771"
"32,37 : 0.3513"
"37,32 : 0.3513"
"32,38 : 0.5045"
"38,32 : 0.5045"
"32,39 : 0.4393"
"39,32 : 0.4393"
"32,40 : 0.4085"
"40,32 : 0.4085"
"32,41 : 0.3256"
"41,32 : 0.3256"
"32,42 : 0.11"
"42,32 : 0.11"
"32,43 : 0.17"
"43,32 : 0.17"
"32,44 : 0.4883"
"44,32 : 0.4883"
"32,45 : 0.4617"
"45,32 : 0.4617"
"32,46 : 0.2983"
"46,32 : 0.2983"
"32,47 : 0.364"
"47,32 : 0.364"
"32,48 : 0.4924"
"48,32 : 0.4924"
"32,49 : 0.2435"
"49,32 : 0.2435"
"33,34 : 0.4482"
"34,33 : 0.4482"
"33,35 : 0.9124"
"35,33 : 0.9124"
"33,36 : 0.4696"
"36,33 : 0.4696"
"33,37 : 0.5991"
"37,33 : 0.5991"
"33,38 : 0.1414"
"38,33 : 0.1414"
"33,39 : 0.3401"
"39,33 : 0.3401"
"33,40 : 0.8599"
"40,33 : 0.8599"
"33,41 : 0.7376"
"41,33 : 0.7376"
"33,42 : 0.5803"
"42,33 : 0.5803"
"33,43 : 0.3007"
"43,33 : 0.3007"
"33,44 : 0.4249"
"44,33 : 0.4249"
"33,45 : 0.6736"
"45,33 : 0.6736"
"33,46 : 0.6926"
"46,33 : 0.6926"
"33,47 : 0.6586"
"47,33 : 0.6586"
"33,48 : 0.542"
"48,33 : 0.542"
"33,49 : 0.26"
"49,33 : 0.26"
"34,35 : 0.4808"
"35,34 : 0.4808"
"34,36 : 0.198"
"36,34 : 0.198"
"34,37 : 0.6282"
"37,34 : 0.6282"
"34,38 : 0.3956"
"38,34 : 0.3956"
"34,39 : 0.2121"
"39,34 : 0.2121"
"34,40 : 0.6466"
"40,34 : 0.6466"
"34,41 : 0.6"
"41,34 : 0.6"
"34,42 : 0.3471"
"42,34 : 0.3471"
"34,43 : 0.2648"
"43,34 : 0.2648"
"34,44 : 0.6791"
"44,34 : 0.6791"
"34,45 : 0.7376"
"45,34 : 0.7376"
"34,46 : 0.5798"
"46,34 : 0.5798"
"34,47 : 0.6485"
"47,34 : 0.6485"
"34,48 : 0.2062"
"48,34 : 0.2062"
"34,49 : 0.211"
"49,34 : 0.211"
"35,36 : 0.6"
"36,35 : 0.6"
"35,37 : 0.8115"
"37,35 : 0.8115"
"35,38 : 0.876"
"38,35 : 0.876"
"35,39 : 0.679"
"39,35 : 0.679"
"35,40 : 0.5515"
"40,35 : 0.5515"
"35,41 : 0.628"
"41,35 : 0.628"
"35,42 : 0.4614"
"42,35 : 0.4614"
"35,43 : 0.6482"
"43,35 : 0.6482"
"35,44 : 1.0121"
"44,35 : 1.0121"
"35,45 : 0.9108"
"45,35 : 0.9108"
"35,46 : 0.6476"
"46,35 : 0.6476"
"35,47 : 0.7875"
"47,35 : 0.7875"
"35,48 : 0.5423"
"48,35 : 0.5423"
"35,49 : 0.6537"
"49,35 : 0.6537"
"36,37 : 0.8041"
"37,36 : 0.8041"
"36,38 : 0.3624"
"38,36 : 0.3624"
"36,39 : 0.1304"
"39,36 : 0.1304"
"36,40 : 0.8439"
"40,36 : 0.8439"
"36,41 : 0.7965"
"41,36 : 0.7965"
"36,42 : 0.5449"
"42,36 : 0.5449"
"36,43 : 0.41"
"43,36 : 0.41"
"36,44 : 0.8002"
"44,36 : 0.8002"
"36,45 : 0.9108"
"45,36 : 0.9108"
"36,46 : 0.7742"
"46,36 : 0.7742"
"36,47 : 0.8319"
"47,36 : 0.8319"
"36,48 : 0.0781"
"48,36 : 0.0781"
"36,49 : 0.3214"
"49,36 : 0.3214"
"37,38 : 0.7009"
"38,37 : 0.7009"
"37,39 : 0.7343"
"39,37 : 0.7343"
"37,40 : 0.4031"
"40,37 : 0.4031"
"37,41 : 0.247"
"41,37 : 0.247"
"37,42 : 0.359"
"42,37 : 0.359"
"37,43 : 0.4031"
"43,37 : 0.4031"
"37,44 : 0.314"
"44,37 : 0.314"
"37,45 : 0.1105"
"45,37 : 0.1105"
"37,46 : 0.2"
"46,37 : 0.2"
"37,47 : 0.07"
"47,37 : 0.07"
"37,48 : 0.8324"
"48,37 : 0.8324"
"37,49 : 0.5025"
"49,37 : 0.5025"
"38,39 : 0.2335"
"39,38 : 0.2335"
"38,40 : 0.9109"
"40,38 : 0.9109"
"38,41 : 0.8053"
"41,38 : 0.8053"
"38,42 : 0.6119"
"42,38 : 0.6119"
"38,43 : 0.3418"
"43,38 : 0.3418"
"38,44 : 0.5608"
"44,38 : 0.5608"
"38,45 : 0.7857"
"45,38 : 0.7857"
"38,46 : 0.7648"
"46,38 : 0.7648"
"38,47 : 0.7543"
"47,38 : 0.7543"
"38,48 : 0.4393"
"48,38 : 0.4393"
"38,49 : 0.2631"
"49,38 : 0.2631"
"39,40 : 0.8353"
"40,39 : 0.8353"
"39,41 : 0.7649"
"41,39 : 0.7649"
"39,42 : 0.527"
"42,39 : 0.527"
"39,43 : 0.3312"
"43,39 : 0.3312"
"39,44 : 0.6918"
"44,39 : 0.6918"
"39,45 : 0.8363"
"45,39 : 0.8363"
"39,46 : 0.7354"
"46,39 : 0.7354"
"39,47 : 0.771"
"47,39 : 0.771"
"39,48 : 0.2062"
"48,39 : 0.2062"
"39,49 : 0.2326"
"49,39 : 0.2326"
"40,41 : 0.1565"
"41,40 : 0.1565"
"40,42 : 0.3089"
"42,40 : 0.3089"
"40,43 : 0.5701"
"43,40 : 0.5701"
"40,44 : 0.7058"
"44,40 : 0.7058"
"40,45 : 0.4601"
"45,40 : 0.4601"
"40,46 : 0.2062"
"46,40 : 0.2062"
"40,47 : 0.3441"
"47,40 : 0.3441"
"40,48 : 0.8345"
"48,40 : 0.8345"
"40,49 : 0.6519"
"49,40 : 0.6519"
"41,42 : 0.2555"
"42,41 : 0.2555"
"41,43 : 0.4653"
"43,41 : 0.4653"
"41,44 : 0.5503"
"44,41 : 0.5503"
"41,45 : 0.3124"
"45,41 : 0.3124"
"41,46 : 0.051"
"46,41 : 0.051"
"41,47 : 0.191"
"47,41 : 0.191"
"41,48 : 0.8016"
"48,41 : 0.8016"
"41,49 : 0.5576"
"49,41 : 0.5576"
"42,43 : 0.28"
"43,42 : 0.28"
"42,44 : 0.5587"
"44,42 : 0.5587"
"42,45 : 0.4653"
"45,42 : 0.4653"
"42,46 : 0.2435"
"46,42 : 0.2435"
"42,47 : 0.3501"
"47,42 : 0.3501"
"42,48 : 0.5464"
"48,42 : 0.5464"
"42,49 : 0.3493"
