x,y
0.93,0.65
0.05,0.7
0.6,0.72
0.33,0.57
0.6,0.33
0.95,0.43
0.55,0.93
0.83,0.14
0.53,0.48
0.06,0.84
0.5,0.49
0.38,0.23
0.52,0.25
0.84,0.7
0.21,0.86
0.01,0.52
0.5,0.87
0.46,0.12
0.43,0.15
0.28,0.55
0.31,0.79
0.87,0.6
0.86,0.67
0.84,0.82
0.43,0.15
0.28,0.09
0.75,0.24
0.34,0.43
0.78,0.88
0.6,0.26
0.07,0.52
0.68,0.08
0.07,0.0
0.54,0.49
0.58,0.02
0.72,0.56
0.75,0.21
0.54,0.85
0.14,0.47
0.11,0.01
0.15,0.05
0.4,0.75
0.03,0.58
0.15,0.06
0.12,0.64
0.32,0.75
0.51,0.78
0.08,0.44
0.38,0.58
0.06,0.23

Distanze
"0,1 : 0.8814"
"1,0 : 0.8814"
"0,2 : 0.3373"
"2,0 : 0.3373"
"0,3 : 0.6053"
"3,0 : 0.6053"
"0,4 : 0.4597"
"4,0 : 0.4597"
"0,5 : 0.2209"
"5,0 : 0.2209"
"0,6 : 0.472"
"6,0 : 0.472"
"0,7 : 0.5197"
"7,0 : 0.5197"
"0,8 : 0.4346"
"8,0 : 0.4346"
"0,9 : 0.8905"
"9,0 : 0.8905"
"0,10 : 0.4588"
"10,0 : 0.4588"
"0,11 : 0.692"
"11,0 : 0.692"
"0,12 : 0.5728"
"12,0 : 0.5728"
"0,13 : 0.103"
"13,0 : 0.103"
"0,14 : 0.75"
"14,0 : 0.75"
"0,15 : 0.9291"
"15,0 : 0.9291"
"0,16 : 0.483"
"16,0 : 0.483"
"0,17 : 0.7084"
"17,0 : 0.7084"
"0,18 : 0.7071"
"18,0 : 0.7071"
"0,19 : 0.6576"
"19,0 : 0.6576"
"0,20 : 0.6356"
"20,0 : 0.6356"
"0,21 : 0.0781"
"21,0 : 0.0781"
"0,22 : 0.0728"
"22,0 : 0.0728"
"0,23 : 0.1924"
"23,0 : 0.1924"
"0,24 : 0.7071"
"24,0 : 0.7071"
"0,25 : 0.858"
"25,0 : 0.858"
"0,26 : 0.4478"
"26,0 : 0.4478"
"0,27 : 0.6297"
"27,0 : 0.6297"
"0,28 : 0.2746"
"28,0 : 0.2746"
"0,29 : 0.5109"
"29,0 : 0.5109"
"0,30 : 0.8698"
"30,0 : 0.8698"
"0,31 : 0.6224"
"31,0 : 0.6224"
"0,32 : 1.078"
"32,0 : 1.078"
"0,33 : 0.4215"
"33,0 : 0.4215"
"0,34 : 0.7207"
"34,0 : 0.7207"
"0,35 : 0.2285"
"35,0 : 0.2285"
"0,36 : 0.4754"
"36,0 : 0.4754"
"0,37 : 0.4383"
"37,0 : 0.4383"
"0,38 : 0.8102"
"38,0 : 0.8102"
"0,39 : 1.0402"
"39,0 : 1.0402"
"0,40 : 0.9841"
"40,0 : 0.9841"
"0,41 : 0.5394"
"41,0 : 0.5394"
"0,42 : 0.9027"
"42,0 : 0.9027"
"0,43 : 0.978"
"43,0 : 0.978"
"0,44 : 0.8101"
"44,0 : 0.8101"
"0,45 : 0.6181"
"45,0 : 0.6181"
"0,46 : 0.4397"
"46,0 : 0.4397"
"0,47 : 0.8756"
"47,0 : 0.8756"
"0,48 : 0.5544"
"48,0 : 0.5544"
"0,49 : 0.9661"
"49,0 : 0.9661"
"1,2 : 0.5504"
"2,1 : 0.5504"
"1,3 : 0.3087"
"3,1 : 0.3087"
"1,4 : 0.6629"
"4,1 : 0.6629"
"1,5 : 0.9396"
"5,1 : 0.9396"
"1,6 : 0.5504"
"6,1 : 0.5504"
"1,7 : 0.9602"
"7,1 : 0.9602"
"1,8 : 0.528"
"8,1 : 0.528"
"1,9 : 0.1404"
"9,1 : 0.1404"
"1,10 : 0.4966"
"10,1 : 0.4966"
"1,11 : 0.5743"
"11,1 : 0.5743"
"1,12 : 0.6507"
"12,1 : 0.6507"
"1,13 : 0.79"
"13,1 : 0.79"
"1,14 : 0.2263"
"14,1 : 0.2263"
"1,15 : 0.1844"
"15,1 : 0.1844"
"1,16 : 0.481"
"16,1 : 0.481"
"1,17 : 0.7103"
"17,1 : 0.7103"
"1,18 : 0.6685"
"18,1 : 0.6685"
"1,19 : 0.2746"
"19,1 : 0.2746"
"1,20 : 0.2751"
"20,1 : 0.2751"
"1,21 : 0.8261"
"21,1 : 0.8261"
"1,22 : 0.8106"
"22,1 : 0.8106"
"1,23 : 0.7991"
"23,1 : 0.7991"
"1,24 : 0.6685"
"24,1 : 0.6685"
"1,25 : 0.6519"
"25,1 : 0.6519"
"1,26 : 0.8376"
"26,1 : 0.8376"
"1,27 : 0.3962"
"27,1 : 0.3962"
"1,28 : 0.7519"
"28,1 : 0.7519"
"1,29 : 0.7043"
"29,1 : 0.7043"
"1,30 : 0.1811"
"30,1 : 0.1811"
"1,31 : 0.8839"
"31,1 : 0.8839"
"1,32 : 0.7003"
"32,1 : 0.7003"
"1,33 : 0.5331"
"33,1 : 0.5331"
"1,34 : 0.8621"
"34,1 : 0.8621"
"1,35 : 0.6845"
"35,1 : 0.6845"
"1,36 : 0.8545"
"36,1 : 0.8545"
"1,37 : 0.5124"
"37,1 : 0.5124"
"1,38 : 0.247"
"38,1 : 0.247"
"1,39 : 0.6926"
"39,1 : 0.6926"
"1,40 : 0.6576"
"40,1 : 0.6576"
"1,41 : 0.3536"
"41,1 : 0.3536"
"1,42 : 0.1217"
"42,1 : 0.1217"
"1,43 : 0.6478"
"43,1 : 0.6478"
"1,44 : 0.0922"
"44,1 : 0.0922"
"1,45 : 0.2746"
"45,1 : 0.2746"
"1,46 : 0.4669"
"46,1 : 0.4669"
"1,47 : 0.2617"
"47,1 : 0.2617"
"1,48 : 0.3511"
"48,1 : 0.3511"
"1,49 : 0.4701"
"49,1 : 0.4701"
"2,3 : 0.3089"
"3,2 : 0.3089"
"2,4 : 0.39"
"4,2 : 0.39"
"2,5 : 0.4545"
"5,2 : 0.4545"
"2,6 : 0.2159"
"6,2 : 0.2159"
"2,7 : 0.6239"
"7,2 : 0.6239"
"2,8 : 0.25"
"8,2 : 0.25"
"2,9 : 0.5532"
"9,2 : 0.5532"
"2,10 : 0.2508"
"10,2 : 0.2508"
"2,11 : 0.5371"
"11,2 : 0.5371"
"2,12 : 0.4768"
"12,2 : 0.4768"
"2,13 : 0.2408"
"13,2 : 0.2408"
"2,14 : 0.4144"
"14,2 : 0.4144"
"2,15 : 0.623"
"15,2 : 0.623"
"2,16 : 0.1803"
"16,2 : 0.1803"
"2,17 : 0.6161"
"17,2 : 0.6161"
"2,18 : 0.5948"
"18,2 : 0.5948"
"2,19 : 0.3624"
"19,2 : 0.3624"
"2,20 : 0.2983"
"20,2 : 0.2983"
"2,21 : 0.2955"
"21,2 : 0.2955"
"2,22 : 0.2648"
"22,2 : 0.2648"
"2,23 : 0.26"
"23,2 : 0.26"
"2,24 : 0.5948"
"24,2 : 0.5948"
"2,25 : 0.7066"
"25,2 : 0.7066"
"2,26 : 0.5029"
"26,2 : 0.5029"
"2,27 : 0.3895"
"27,2 : 0.3895"
"2,28 : 0.2408"
"28,2 : 0.2408"
"2,29 : 0.46"
"29,2 : 0.46"
"2,30 : 0.5665"
"30,2 : 0.5665"
"2,31 : 0.645"
"31,2 : 0.645"
"2,32 : 0.894"
"32,2 : 0.894"
"2,33 : 0.2377"
"33,2 : 0.2377"
"2,34 : 0.7003"
"34,2 : 0.7003"
"2,35 : 0.2"
"35,2 : 0.2"
"2,36 : 0.5316"
"36,2 : 0.5316"
"2,37 : 0.1432"
"37,2 : 0.1432"
"2,38 : 0.5235"
"38,2 : 0.5235"
"2,39 : 0.8627"
"39,2 : 0.8627"
"2,40 : 0.8071"
"40,2 : 0.8071"
"2,41 : 0.2022"
"41,2 : 0.2022"
"2,42 : 0.5869"
"42,2 : 0.5869"
"2,43 : 0.7988"
"43,2 : 0.7988"
"2,44 : 0.4866"
"44,2 : 0.4866"
"2,45 : 0.2816"
"45,2 : 0.2816"
"2,46 : 0.1082"
"46,2 : 0.1082"
"2,47 : 0.5906"
"47,2 : 0.5906"
"2,48 : 0.2608"
"48,2 : 0.2608"
"2,49 : 0.7292"
"49,2 : 0.7292"
"3,4 : 0.3612"
"4,3 : 0.3612"
"3,5 : 0.6356"
"5,3 : 0.6356"
"3,6 : 0.4219"
"6,3 : 0.4219"
"3,7 : 0.6595"
"7,3 : 0.6595"
"3,8 : 0.2193"
"8,3 : 0.2193"
"3,9 : 0.3818"
"9,3 : 0.3818"
"3,10 : 0.1879"
"10,3 : 0.1879"
"3,11 : 0.3437"
"11,3 : 0.3437"
"3,12 : 0.3722"
"12,3 : 0.3722"
"3,13 : 0.5263"
"13,3 : 0.5263"
"3,14 : 0.3138"
"14,3 : 0.3138"
"3,15 : 0.3239"
"15,3 : 0.3239"
"3,16 : 0.3448"
"16,3 : 0.3448"
"3,17 : 0.4684"
"17,3 : 0.4684"
"3,18 : 0.4317"
"18,3 : 0.4317"
"3,19 : 0.0539"
"19,3 : 0.0539"
"3,20 : 0.2209"
"20,3 : 0.2209"
"3,21 : 0.5408"
"21,3 : 0.5408"
"3,22 : 0.5394"
"22,3 : 0.5394"
"3,23 : 0.568"
"23,3 : 0.568"
"3,24 : 0.4317"
"24,3 : 0.4317"
"3,25 : 0.4826"
"25,3 : 0.4826"
"3,26 : 0.5341"
"26,3 : 0.5341"
"3,27 : 0.1404"
"27,3 : 0.1404"
"3,28 : 0.5464"
"28,3 : 0.5464"
"3,29 : 0.4111"
"29,3 : 0.4111"
"3,30 : 0.2648"
"30,3 : 0.2648"
"3,31 : 0.6022"
"31,3 : 0.6022"
"3,32 : 0.6265"
"32,3 : 0.6265"
"3,33 : 0.2247"
"33,3 : 0.2247"
"3,34 : 0.6042"
"34,3 : 0.6042"
"3,35 : 0.3901"
"35,3 : 0.3901"
"3,36 : 0.5532"
"36,3 : 0.5532"
"3,37 : 0.35"
"37,3 : 0.35"
"3,38 : 0.2147"
"38,3 : 0.2147"
"3,39 : 0.6017"
"39,3 : 0.6017"
"3,40 : 0.5503"
"40,3 : 0.5503"
"3,41 : 0.1931"
"41,3 : 0.1931"
"3,42 : 0.3002"
"42,3 : 0.3002"
"3,43 : 0.5408"
"43,3 : 0.5408"
"3,44 : 0.2214"
"44,3 : 0.2214"
"3,45 : 0.1803"
"45,3 : 0.1803"
"3,46 : 0.2766"
"46,3 : 0.2766"
"3,47 : 0.2818"
"47,3 : 0.2818"
"3,48 : 0.051"
"48,3 : 0.051"
"3,49 : 0.4342"
"49,3 : 0.4342"
"4,5 : 0.364"
"5,4 : 0.364"
"4,6 : 0.6021"
"6,4 : 0.6021"
"4,7 : 0.2983"
"7,4 : 0.2983"
"4,8 : 0.1655"
"8,4 : 0.1655"
"4,9 : 0.7428"
"9,4 : 0.7428"
"4,10 : 0.1887"
"10,4 : 0.1887"
"4,11 : 0.2417"
"11,4 : 0.2417"
"4,12 : 0.1131"
"12,4 : 0.1131"
"4,13 : 0.441"
"13,4 : 0.441"
"4,14 : 0.658"
"14,4 : 0.658"
"4,15 : 0.6198"
"15,4 : 0.6198"
"4,16 : 0.5492"
"16,4 : 0.5492"
"4,17 : 0.2524"
"17,4 : 0.2524"
"4,18 : 0.2476"
"18,4 : 0.2476"
"4,19 : 0.3883"
"19,4 : 0.3883"
"4,20 : 0.5438"
"20,4 : 0.5438"
"4,21 : 0.3818"
"21,4 : 0.3818"
"4,22 : 0.428"
"22,4 : 0.428"
"4,23 : 0.5456"
"23,4 : 0.5456"
"4,24 : 0.2476"
"24,4 : 0.2476"
"4,25 : 0.4"
"25,4 : 0.4"
"4,26 : 0.1749"
"26,4 : 0.1749"
"4,27 : 0.2786"
"27,4 : 0.2786"
"4,28 : 0.5787"
"28,4 : 0.5787"
"4,29 : 0.07"
"29,4 : 0.07"
"4,30 : 0.563"
"30,4 : 0.563"
"4,31 : 0.2625"
"31,4 : 0.2625"
"4,32 : 0.6243"
"32,4 : 0.6243"
"4,33 : 0.1709"
"33,4 : 0.1709"
"4,34 : 0.3106"
"34,4 : 0.3106"
"4,35 : 0.2594"
"35,4 : 0.2594"
"4,36 : 0.1921"
"36,4 : 0.1921"
"4,37 : 0.5235"
"37,4 : 0.5235"
"4,38 : 0.4808"
"38,4 : 0.4808"
"4,39 : 0.5852"
"39,4 : 0.5852"
"4,40 : 0.53"
"40,4 : 0.53"
"4,41 : 0.4652"
"41,4 : 0.4652"
"4,42 : 0.6224"
"42,4 : 0.6224"
"4,43 : 0.5248"
"43,4 : 0.5248"
"4,44 : 0.5714"
"44,4 : 0.5714"
"4,45 : 0.5048"
"45,4 : 0.5048"
"4,46 : 0.4589"
"46,4 : 0.4589"
"4,47 : 0.5315"
"47,4 : 0.5315"
"4,48 : 0.333"
"48,4 : 0.333"
"4,49 : 0.5492"
"49,4 : 0.5492"
"5,6 : 0.6403"
"6,5 : 0.6403"
"5,7 : 0.3138"
"7,5 : 0.3138"
"5,8 : 0.423"
"8,5 : 0.423"
"5,9 : 0.9799"
"9,5 : 0.9799"
"5,10 : 0.454"
"10,5 : 0.454"
"5,11 : 0.6041"
"11,5 : 0.6041"
"5,12 : 0.4662"
"12,5 : 0.4662"
"5,13 : 0.2915"
"13,5 : 0.2915"
"5,14 : 0.8559"
"14,5 : 0.8559"
"5,15 : 0.9443"
"15,5 : 0.9443"
"5,16 : 0.6294"
"16,5 : 0.6294"
"5,17 : 0.5798"
"17,5 : 0.5798"
"5,18 : 0.5906"
"18,5 : 0.5906"
"5,19 : 0.6807"
"19,5 : 0.6807"
"5,20 : 0.7343"
"20,5 : 0.7343"
"5,21 : 0.1879"
"21,5 : 0.1879"
"5,22 : 0.2563"
"22,5 : 0.2563"
"5,23 : 0.4052"
"23,5 : 0.4052"
"5,24 : 0.5906"
"24,5 : 0.5906"
"5,25 : 0.7513"
"25,5 : 0.7513"
"5,26 : 0.2759"
"26,5 : 0.2759"
"5,27 : 0.61"
"27,5 : 0.61"
"5,28 : 0.481"
"28,5 : 0.481"
"5,29 : 0.3891"
"29,5 : 0.3891"
"5,30 : 0.8846"
"30,5 : 0.8846"
"5,31 : 0.442"
"31,5 : 0.442"
"5,32 : 0.9794"
"32,5 : 0.9794"
"5,33 : 0.4144"
"33,5 : 0.4144"
"5,34 : 0.5523"
"34,5 : 0.5523"
"5,35 : 0.2642"
"35,5 : 0.2642"
"5,36 : 0.2973"
"36,5 : 0.2973"
"5,37 : 0.5869"
"37,5 : 0.5869"
"5,38 : 0.811"
"38,5 : 0.811"
"5,39 : 0.9391"
"39,5 : 0.9391"
"5,40 : 0.8857"
"40,5 : 0.8857"
"5,41 : 0.6363"
"41,5 : 0.6363"
"5,42 : 0.9321"
"42,5 : 0.9321"
"5,43 : 0.8814"
"43,5 : 0.8814"
"5,44 : 0.8562"
"44,5 : 0.8562"
"5,45 : 0.7066"
"45,5 : 0.7066"
"5,46 : 0.5622"
"46,5 : 0.5622"
"5,47 : 0.8701"
"47,5 : 0.8701"
"5,48 : 0.5894"
"48,5 : 0.5894"
"5,49 : 0.9122"
"49,5 : 0.9122"
"6,7 : 0.8382"
"7,6 : 0.8382"
"6,8 : 0.4504"
"8,6 : 0.4504"
"6,9 : 0.4982"
"9,6 : 0.4982"
"6,10 : 0.4428"
"10,6 : 0.4428"
"6,11 : 0.7203"
"11,6 : 0.7203"
"6,12 : 0.6807"
"12,6 : 0.6807"
"6,13 : 0.3701"
"13,6 : 0.3701"
"6,14 : 0.3471"
"14,6 : 0.3471"
"6,15 : 0.678"
"15,6 : 0.678"
"6,16 : 0.0781"
"16,6 : 0.0781"
"6,17 : 0.815"
"17,6 : 0.815"
"6,18 : 0.7892"
"18,6 : 0.7892"
"6,19 : 0.4662"
"19,6 : 0.4662"
"6,20 : 0.2778"
"20,6 : 0.2778"
"6,21 : 0.4597"
"21,6 : 0.4597"
"6,22 : 0.4046"
"22,6 : 0.4046"
"6,23 : 0.3102"
"23,6 : 0.3102"
"6,24 : 0.7892"
"24,6 : 0.7892"
"6,25 : 0.8823"
"25,6 : 0.8823"
"6,26 : 0.7184"
"26,6 : 0.7184"
"6,27 : 0.5423"
"27,6 : 0.5423"
"6,28 : 0.2354"
"28,6 : 0.2354"
"6,29 : 0.6719"
"29,6 : 0.6719"
"6,30 : 0.6313"
"30,6 : 0.6313"
"6,31 : 0.8599"
"31,6 : 0.8599"
"6,32 : 1.0466"
"32,6 : 1.0466"
"6,33 : 0.4401"
"33,6 : 0.4401"
"6,34 : 0.9105"
"34,6 : 0.9105"
"6,35 : 0.4072"
"35,6 : 0.4072"
"6,36 : 0.7473"
"36,6 : 0.7473"
"6,37 : 0.0806"
"37,6 : 0.0806"
"6,38 : 0.6162"
"38,6 : 0.6162"
"6,39 : 1.0198"
"39,6 : 1.0198"
"6,40 : 0.9666"
"40,6 : 0.9666"
"6,41 : 0.2343"
"41,6 : 0.2343"
"6,42 : 0.6268"
"42,6 : 0.6268"
"6,43 : 0.9575"
"43,6 : 0.9575"
"6,44 : 0.5187"
"44,6 : 0.5187"
"6,45 : 0.2921"
"45,6 : 0.2921"
"6,46 : 0.1552"
"46,6 : 0.1552"
"6,47 : 0.679"
"47,6 : 0.679"
"6,48 : 0.3891"
"48,6 : 0.3891"
"6,49 : 0.8545"
"49,6 : 0.8545"
"7,8 : 0.4534"
"8,7 : 0.4534"
"7,9 : 1.0406"
"9,7 : 1.0406"
"7,10 : 0.481"
"10,7 : 0.481"
"7,11 : 0.4589"
"11,7 : 0.4589"
"7,12 : 0.3289"
"12,7 : 0.3289"
"7,13 : 0.5601"
"13,7 : 0.5601"
"7,14 : 0.9502"
"14,7 : 0.9502"
"7,15 : 0.9038"
"15,7 : 0.9038"
"7,16 : 0.8011"
"16,7 : 0.8011"
"7,17 : 0.3705"
"17,7 : 0.3705"
"7,18 : 0.4001"
"18,7 : 0.4001"
"7,19 : 0.686"
"19,7 : 0.686"
"7,20 : 0.8324"
"20,7 : 0.8324"
"7,21 : 0.4617"
"21,7 : 0.4617"
"7,22 : 0.5308"
"22,7 : 0.5308"
"7,23 : 0.6801"
"23,7 : 0.6801"
"7,24 : 0.4001"
"24,7 : 0.4001"
"7,25 : 0.5523"
"25,7 : 0.5523"
"7,26 : 0.1281"
"26,7 : 0.1281"
"7,27 : 0.5694"
"27,7 : 0.5694"
"7,28 : 0.7417"
"28,7 : 0.7417"
"7,29 : 0.2594"
"29,7 : 0.2594"
"7,30 : 0.8497"
"30,7 : 0.8497"
"7,31 : 0.1616"
"31,7 : 0.1616"
"7,32 : 0.7728"
"32,7 : 0.7728"
"7,33 : 0.4545"
"33,7 : 0.4545"
"7,34 : 0.2773"
"34,7 : 0.2773"
"7,35 : 0.4342"
"35,7 : 0.4342"
"7,36 : 0.1063"
"36,7 : 0.1063"
"7,37 : 0.7669"
"37,7 : 0.7669"
"7,38 : 0.7649"
"38,7 : 0.7649"
"7,39 : 0.7316"
"39,7 : 0.7316"
"7,40 : 0.6859"
"40,7 : 0.6859"
"7,41 : 0.7463"
"41,7 : 0.7463"
"7,42 : 0.913"
"42,7 : 0.913"
"7,43 : 0.6847"
"43,7 : 0.6847"
"7,44 : 0.8684"
"44,7 : 0.8684"
"7,45 : 0.7951"
"45,7 : 0.7951"
"7,46 : 0.7155"
"46,7 : 0.7155"
"7,47 : 0.8078"
"47,7 : 0.8078"
"7,48 : 0.6294"
"48,7 : 0.6294"
"7,49 : 0.7752"
"49,7 : 0.7752"
"8,9 : 0.592"
"9,8 : 0.592"
"8,10 : 0.0316"
"10,8 : 0.0316"
"8,11 : 0.2915"
"11,8 : 0.2915"
"8,12 : 0.2302"
"12,8 : 0.2302"
"8,13 : 0.3801"
"13,8 : 0.3801"
"8,14 : 0.4968"
"14,8 : 0.4968"
"8,15 : 0.5215"
"15,8 : 0.5215"
"8,16 : 0.3912"
"16,8 : 0.3912"
"8,17 : 0.3667"
"17,8 : 0.3667"
"8,18 : 0.3448"
"18,8 : 0.3448"
"8,19 : 0.2596"
"19,8 : 0.2596"
"8,20 : 0.3801"
"20,8 : 0.3801"
"8,21 : 0.3606"
"21,8 : 0.3606"
"8,22 : 0.3808"
"22,8 : 0.3808"
"8,23 : 0.4601"
"23,8 : 0.4601"
"8,24 : 0.3448"
"24,8 : 0.3448"
"8,25 : 0.4632"
"25,8 : 0.4632"
"8,26 : 0.3256"
"26,8 : 0.3256"
"8,27 : 0.1965"
"27,8 : 0.1965"
"8,28 : 0.4717"
"28,8 : 0.4717"
"8,29 : 0.2309"
"29,8 : 0.2309"
"8,30 : 0.4617"
"30,8 : 0.4617"
"8,31 : 0.4272"
"31,8 : 0.4272"
"8,32 : 0.6648"
"32,8 : 0.6648"
"8,33 : 0.0141"
"33,8 : 0.0141"
"8,34 : 0.4627"
"34,8 : 0.4627"
"8,35 : 0.2062"
"35,8 : 0.2062"
"8,36 : 0.3483"
"36,8 : 0.3483"
"8,37 : 0.3701"
"37,8 : 0.3701"
"8,38 : 0.3901"
"38,8 : 0.3901"
"8,39 : 0.6303"
"39,8 : 0.6303"
"8,40 : 0.5738"
"40,8 : 0.5738"
"8,41 : 0.2997"
"41,8 : 0.2997"
"8,42 : 0.5099"
"42,8 : 0.5099"
"8,43 : 0.5664"
"43,8 : 0.5664"
"8,44 : 0.4401"
"44,8 : 0.4401"
"8,45 : 0.3421"
"45,8 : 0.3421"
"8,46 : 0.3007"
"46,8 : 0.3007"
"8,47 : 0.4518"
"47,8 : 0.4518"
"8,48 : 0.1803"
"48,8 : 0.1803"
"8,49 : 0.5324"
"49,8 : 0.5324"
"9,10 : 0.5622"
"10,9 : 0.5622"
"9,11 : 0.6888"
"11,9 : 0.6888"
"9,12 : 0.7481"
"12,9 : 0.7481"
"9,13 : 0.7925"
"13,9 : 0.7925"
"9,14 : 0.1513"
"14,9 : 0.1513"
"9,15 : 0.3239"
"15,9 : 0.3239"
"9,16 : 0.441"
"16,9 : 0.441"
"9,17 : 0.8237"
"17,9 : 0.8237"
"9,18 : 0.7829"
"18,9 : 0.7829"
"9,19 : 0.364"
"19,9 : 0.364"
"9,20 : 0.255"
"20,9 : 0.255"
"9,21 : 0.8448"
"21,9 : 0.8448"
"9,22 : 0.8179"
"22,9 : 0.8179"
"9,23 : 0.7803"
"23,9 : 0.7803"
"9,24 : 0.7829"
"24,9 : 0.7829"
"9,25 : 0.7816"
"25,9 : 0.7816"
"9,26 : 0.9144"
"26,9 : 0.9144"
"9,27 : 0.4965"
"27,9 : 0.4965"
"9,28 : 0.7211"
"28,9 : 0.7211"
"9,29 : 0.7925"
"29,9 : 0.7925"
"9,30 : 0.3202"
"30,9 : 0.3202"
"9,31 : 0.9808"
"31,9 : 0.9808"
"9,32 : 0.8401"
"32,9 : 0.8401"
"9,33 : 0.5941"
"33,9 : 0.5941"
"9,34 : 0.971"
"34,9 : 0.971"
"9,35 : 0.7169"
"35,9 : 0.7169"
"9,36 : 0.9343"
"36,9 : 0.9343"
"9,37 : 0.4801"
"37,9 : 0.4801"
"9,38 : 0.3785"
"38,9 : 0.3785"
"9,39 : 0.8315"
"39,9 : 0.8315"
"9,40 : 0.7951"
"40,9 : 0.7951"
"9,41 : 0.3517"
"41,9 : 0.3517"
"9,42 : 0.2617"
"42,9 : 0.2617"
"9,43 : 0.7852"
"43,9 : 0.7852"
"9,44 : 0.2088"
"44,9 : 0.2088"
"9,45 : 0.2751"
"45,9 : 0.2751"
"9,46 : 0.454"
"46,9 : 0.454"
"9,47 : 0.4005"
"47,9 : 0.4005"
"9,48 : 0.4123"
"48,9 : 0.4123"
"9,49 : 0.61"
"49,9 : 0.61"
"10,11 : 0.2864"
"11,10 : 0.2864"
"10,12 : 0.2408"
"12,10 : 0.2408"
"10,13 : 0.3996"
"13,10 : 0.3996"
"10,14 : 0.4701"
"14,10 : 0.4701"
"10,15 : 0.4909"
"15,10 : 0.4909"
"10,16 : 0.38"
"16,10 : 0.38"
"10,17 : 0.3722"
"17,10 : 0.3722"
"10,18 : 0.3471"
"18,10 : 0.3471"
"10,19 : 0.228"
"19,10 : 0.228"
"10,20 : 0.3551"
"20,10 : 0.3551"
"10,21 : 0.386"
"21,10 : 0.386"
"10,22 : 0.4025"
"22,10 : 0.4025"
"10,23 : 0.4738"
"23,10 : 0.4738"
"10,24 : 0.3471"
"24,10 : 0.3471"
"10,25 : 0.4565"
"25,10 : 0.4565"
"10,26 : 0.3536"
"26,10 : 0.3536"
"10,27 : 0.1709"
"27,10 : 0.1709"
"10,28 : 0.4801"
"28,10 : 0.4801"
"10,29 : 0.2508"
"29,10 : 0.2508"
"10,30 : 0.431"
"30,10 : 0.431"
"10,31 : 0.4478"
"31,10 : 0.4478"
"10,32 : 0.6519"
"32,10 : 0.6519"
"10,33 : 0.04"
"33,10 : 0.04"
"10,34 : 0.4768"
"34,10 : 0.4768"
"10,35 : 0.2309"
"35,10 : 0.2309"
"10,36 : 0.3754"
"36,10 : 0.3754"
"10,37 : 0.3622"
"37,10 : 0.3622"
"10,38 : 0.3606"
"38,10 : 0.3606"
"10,39 : 0.6185"
"39,10 : 0.6185"
"10,40 : 0.5622"
"40,10 : 0.5622"
"10,41 : 0.2786"
"41,10 : 0.2786"
"10,42 : 0.4785"
"42,10 : 0.4785"
"10,43 : 0.5544"
"43,10 : 0.5544"
"10,44 : 0.4085"
"44,10 : 0.4085"
"10,45 : 0.3162"
"45,10 : 0.3162"
"10,46 : 0.2902"
"46,10 : 0.2902"
"10,47 : 0.423"
"47,10 : 0.423"
"10,48 : 0.15"
"48,10 : 0.15"
"10,49 : 0.5111"
"49,10 : 0.5111"
"11,12 : 0.1414"
"12,11 : 0.1414"
"11,13 : 0.6576"
"13,11 : 0.6576"
"11,14 : 0.6525"
"14,11 : 0.6525"
"11,15 : 0.4701"
"15,11 : 0.4701"
"11,16 : 0.6512"
"16,11 : 0.6512"
"11,17 : 0.136"
"17,11 : 0.136"
"11,18 : 0.0943"
"18,11 : 0.0943"
"11,19 : 0.3353"
"19,11 : 0.3353"
"11,20 : 0.5644"
"20,11 : 0.5644"
"11,21 : 0.614"
"21,11 : 0.614"
"11,22 : 0.6512"
"22,11 : 0.6512"
"11,23 : 0.7481"
"23,11 : 0.7481"
"11,24 : 0.0943"
"24,11 : 0.0943"
"11,25 : 0.172"
"25,11 : 0.172"
"11,26 : 0.3701"
"26,11 : 0.3701"
"11,27 : 0.204"
"27,11 : 0.204"
"11,28 : 0.7632"
"28,11 : 0.7632"
"11,29 : 0.222"
"29,11 : 0.222"
"11,30 : 0.4245"
"30,11 : 0.4245"
"11,31 : 0.3354"
"31,11 : 0.3354"
"11,32 : 0.386"
"32,11 : 0.386"
"11,33 : 0.3053"
"33,11 : 0.3053"
"11,34 : 0.29"
"34,11 : 0.29"
"11,35 : 0.4738"
"35,11 : 0.4738"
"11,36 : 0.3705"
"36,11 : 0.3705"
"11,37 : 0.6403"
"37,11 : 0.6403"
"11,38 : 0.3394"
"38,11 : 0.3394"
"11,39 : 0.3483"
"39,11 : 0.3483"
"11,40 : 0.2921"
"40,11 : 0.2921"
"11,41 : 0.5204"
"41,11 : 0.5204"
"11,42 : 0.495"
"42,11 : 0.495"
"11,43 : 0.286"
"43,11 : 0.286"
"11,44 : 0.4855"
"44,11 : 0.4855"
"11,45 : 0.5235"
"45,11 : 0.5235"
"11,46 : 0.5652"
"46,11 : 0.5652"
"11,47 : 0.3662"
"47,11 : 0.3662"
"11,48 : 0.35"
"48,11 : 0.35"
"11,49 : 0.32"
"49,11 : 0.32"
"12,13 : 0.5522"
"13,12 : 0.5522"
"12,14 : 0.6843"
"14,12 : 0.6843"
"12,15 : 0.5771"
"15,12 : 0.5771"
"12,16 : 0.6203"
"16,12 : 0.6203"
"12,17 : 0.1432"
"17,12 : 0.1432"
"12,18 : 0.1345"
"18,12 : 0.1345"
"12,19 : 0.3842"
"19,12 : 0.3842"
"12,20 : 0.5794"
"20,12 : 0.5794"
"12,21 : 0.495"
"21,12 : 0.495"
"12,22 : 0.5404"
"22,12 : 0.5404"
"12,23 : 0.6537"
"23,12 : 0.6537"
"12,24 : 0.1345"
"24,12 : 0.1345"
"12,25 : 0.2884"
"25,12 : 0.2884"
"12,26 : 0.2302"
"26,12 : 0.2302"
"12,27 : 0.2546"
"27,12 : 0.2546"
"12,28 : 0.6815"
"28,12 : 0.6815"
"12,29 : 0.0806"
"29,12 : 0.0806"
"12,30 : 0.5248"
"30,12 : 0.5248"
"12,31 : 0.2335"
"31,12 : 0.2335"
"12,32 : 0.5148"
"32,12 : 0.5148"
"12,33 : 0.2408"
"33,12 : 0.2408"
"12,34 : 0.2377"
"34,12 : 0.2377"
"12,35 : 0.3689"
"35,12 : 0.3689"
"12,36 : 0.2335"
"36,12 : 0.2335"
"12,37 : 0.6003"
"37,12 : 0.6003"
"12,38 : 0.4391"
"38,12 : 0.4391"
"12,39 : 0.4751"
"39,12 : 0.4751"
"12,40 : 0.4206"
"40,12 : 0.4206"
"12,41 : 0.5142"
"41,12 : 0.5142"
"12,42 : 0.5908"
"42,12 : 0.5908"
"12,43 : 0.4159"
"43,12 : 0.4159"
"12,44 : 0.5587"
"44,12 : 0.5587"
"12,45 : 0.5385"
"45,12 : 0.5385"
"12,46 : 0.5301"
"46,12 : 0.5301"
"12,47 : 0.4793"
"47,12 : 0.4793"
"12,48 : 0.3585"
"48,12 : 0.3585"
"12,49 : 0.4604"
"49,12 : 0.4604"
"13,14 : 0.65"
"14,13 : 0.65"
"13,15 : 0.8493"
"15,13 : 0.8493"
"13,16 : 0.3801"
"16,13 : 0.3801"
"13,17 : 0.6934"
"17,13 : 0.6934"
"13,18 : 0.686"
"18,13 : 0.686"
"13,19 : 0.5797"
"19,13 : 0.5797"
"13,20 : 0.5376"
"20,13 : 0.5376"
"13,21 : 0.1044"
"21,13 : 0.1044"
"13,22 : 0.0361"
"22,13 : 0.0361"
"13,23 : 0.12"
"23,13 : 0.12"
"13,24 : 0.686"
"24,13 : 0.686"
"13,25 : 0.8281"
"25,13 : 0.8281"
"13,26 : 0.4687"
"26,13 : 0.4687"
"13,27 : 0.5682"
"27,13 : 0.5682"
"13,28 : 0.1897"
"28,13 : 0.1897"
"13,29 : 0.5012"
"29,13 : 0.5012"
"13,30 : 0.7908"
"30,13 : 0.7908"
"13,31 : 0.6403"
"31,13 : 0.6403"
"13,32 : 1.0406"
"32,13 : 1.0406"
"13,33 : 0.3662"
"33,13 : 0.3662"
"13,34 : 0.728"
"34,13 : 0.728"
"13,35 : 0.1844"
"35,13 : 0.1844"
"13,36 : 0.4982"
"36,13 : 0.4982"
"13,37 : 0.3354"
"37,13 : 0.3354"
"13,38 : 0.7368"
"38,13 : 0.7368"
"13,39 : 1.0045"
"39,13 : 1.0045"
"13,40 : 0.9479"
"40,13 : 0.9479"
"13,41 : 0.4428"
"41,13 : 0.4428"
"13,42 : 0.8188"
"42,13 : 0.8188"
"13,43 : 0.9411"
"43,13 : 0.9411"
"13,44 : 0.7225"
"44,13 : 0.7225"
"13,45 : 0.5224"
"45,13 : 0.5224"
"13,46 : 0.3396"
"46,13 : 0.3396"
"13,47 : 0.8032"
"47,13 : 0.8032"
"13,48 : 0.4754"
"48,13 : 0.4754"
"13,49 : 0.9107"
"49,13 : 0.9107"
"14,15 : 0.3945"
"15,14 : 0.3945"
"14,16 : 0.2902"
"16,14 : 0.2902"
"14,17 : 0.7811"
"17,14 : 0.7811"
"14,18 : 0.7433"
"18,14 : 0.7433"
"14,19 : 0.3178"
"19,14 : 0.3178"
"14,20 : 0.1221"
"20,14 : 0.1221"
"14,21 : 0.7094"
"21,14 : 0.7094"
"14,22 : 0.6772"
"22,14 : 0.6772"
"14,23 : 0.6313"
"23,14 : 0.6313"
"14,24 : 0.7433"
"24,14 : 0.7433"
"14,25 : 0.7732"
"25,14 : 0.7732"
"14,26 : 0.8222"
"26,14 : 0.8222"
"14,27 : 0.4492"
"27,14 : 0.4492"
"14,28 : 0.5704"
"28,14 : 0.5704"
"14,29 : 0.7156"
"29,14 : 0.7156"
"14,30 : 0.3677"
"30,14 : 0.3677"
"14,31 : 0.9107"
"31,14 : 0.9107"
"14,32 : 0.8713"
"32,14 : 0.8713"
"14,33 : 0.4958"
"33,14 : 0.4958"
"14,34 : 0.9179"
"34,14 : 0.9179"
"14,35 : 0.5917"
"35,14 : 0.5917"
"14,36 : 0.845"
"36,14 : 0.845"
"14,37 : 0.3302"
"37,14 : 0.3302"
"14,38 : 0.3962"
"38,14 : 0.3962"
"14,39 : 0.8559"
"39,14 : 0.8559"
"14,40 : 0.8122"
"40,14 : 0.8122"
"14,41 : 0.2195"
"41,14 : 0.2195"
"14,42 : 0.3329"
"42,14 : 0.3329"
"14,43 : 0.8022"
"43,14 : 0.8022"
"14,44 : 0.2377"
"44,14 : 0.2377"
"14,45 : 0.1556"
"45,14 : 0.1556"
"14,46 : 0.3105"
"46,14 : 0.3105"
"14,47 : 0.4397"
"47,14 : 0.4397"
"14,48 : 0.3276"
"48,14 : 0.3276"
"14,49 : 0.6476"
"49,14 : 0.6476"
"15,16 : 0.6022"
"16,15 : 0.6022"
"15,17 : 0.6021"
"17,15 : 0.6021"
"15,18 : 0.5597"
"18,15 : 0.5597"
"15,19 : 0.2717"
"19,15 : 0.2717"
"15,20 : 0.4036"
"20,15 : 0.4036"
"15,21 : 0.8637"
"21,15 : 0.8637"
"15,22 : 0.8631"
"22,15 : 0.8631"
"15,23 : 0.8826"
"23,15 : 0.8826"
"15,24 : 0.5597"
"24,15 : 0.5597"
"15,25 : 0.5077"
"25,15 : 0.5077"
"15,26 : 0.7912"
"26,15 : 0.7912"
"15,27 : 0.3421"
"27,15 : 0.3421"
"15,28 : 0.85"
"28,15 : 0.85"
"15,29 : 0.6447"
"29,15 : 0.6447"
"15,30 : 0.06"
"30,15 : 0.06"
"15,31 : 0.8016"
"31,15 : 0.8016"
"15,32 : 0.5235"
"32,15 : 0.5235"
"15,33 : 0.5308"
"33,15 : 0.5308"
"15,34 : 0.7582"
"34,15 : 0.7582"
"15,35 : 0.7111"
"35,15 : 0.7111"
"15,36 : 0.8023"
"36,15 : 0.8023"
"15,37 : 0.6243"
"37,15 : 0.6243"
"15,38 : 0.1393"
"38,15 : 0.1393"
"15,39 : 0.5197"
"39,15 : 0.5197"
"15,40 : 0.4904"
"40,15 : 0.4904"
"15,41 : 0.4528"
"41,15 : 0.4528"
"15,42 : 0.0632"
"42,15 : 0.0632"
"15,43 : 0.4808"
"43,15 : 0.4808"
"15,44 : 0.1628"
"44,15 : 0.1628"
"15,45 : 0.386"
"45,15 : 0.386"
"15,46 : 0.5636"
"46,15 : 0.5636"
"15,47 : 0.1063"
"47,15 : 0.1063"
"15,48 : 0.3748"
"48,15 : 0.3748"
"15,49 : 0.2943"
"49,15 : 0.2943"
"16,17 : 0.7511"
"17,16 : 0.7511"
"16,18 : 0.7234"
"18,16 : 0.7234"
"16,19 : 0.3883"
"19,16 : 0.3883"
"16,20 : 0.2062"
"20,16 : 0.2062"
"16,21 : 0.458"
"21,16 : 0.458"
"16,22 : 0.4118"
"22,16 : 0.4118"
"16,23 : 0.3437"
"23,16 : 0.3437"
"16,24 : 0.7234"
"24,16 : 0.7234"
"16,25 : 0.8104"
"25,16 : 0.8104"
"16,26 : 0.6778"
"26,16 : 0.6778"
"16,27 : 0.4682"
"27,16 : 0.4682"
"16,28 : 0.2802"
"28,16 : 0.2802"
"16,29 : 0.6181"
"29,16 : 0.6181"
"16,30 : 0.5544"
"30,16 : 0.5544"
"16,31 : 0.8102"
"31,16 : 0.8102"
"16,32 : 0.9705"
"32,16 : 0.9705"
"16,33 : 0.3821"
"33,16 : 0.3821"
"16,34 : 0.8538"
"34,16 : 0.8538"
"16,35 : 0.3801"
"35,16 : 0.3801"
"16,36 : 0.7058"
"36,16 : 0.7058"
"16,37 : 0.0447"
"37,16 : 0.0447"
"16,38 : 0.5381"
"38,16 : 0.5381"
"16,39 : 0.9443"
"39,16 : 0.9443"
"16,40 : 0.8916"
"40,16 : 0.8916"
"16,41 : 0.1562"
"41,16 : 0.1562"
"16,42 : 0.5523"
"42,16 : 0.5523"
"16,43 : 0.8824"
"43,16 : 0.8824"
"16,44 : 0.4442"
"44,16 : 0.4442"
"16,45 : 0.2163"
"45,16 : 0.2163"
"16,46 : 0.0906"
"46,16 : 0.0906"
"16,47 : 0.6011"
"47,16 : 0.6011"
"16,48 : 0.3138"
"48,16 : 0.3138"
"16,49 : 0.7767"
"49,16 : 0.7767"
"17,18 : 0.0424"
"18,17 : 0.0424"
"17,19 : 0.4662"
"19,17 : 0.4662"
"17,20 : 0.6866"
"20,17 : 0.6866"
"17,21 : 0.6313"
"21,17 : 0.6313"
"17,22 : 0.6801"
"22,17 : 0.6801"
"17,23 : 0.7965"
"23,17 : 0.7965"
"17,24 : 0.0424"
"24,17 : 0.0424"
"17,25 : 0.1825"
"25,17 : 0.1825"
"17,26 : 0.3138"
"26,17 : 0.3138"
"17,27 : 0.3324"
"27,17 : 0.3324"
"17,28 : 0.8246"
"28,17 : 0.8246"
"17,29 : 0.198"
"29,17 : 0.198"
"17,30 : 0.5587"
"30,17 : 0.5587"
"17,31 : 0.2236"
"31,17 : 0.2236"
"17,32 : 0.408"
"32,17 : 0.408"
"17,33 : 0.3785"
"33,17 : 0.3785"
"17,34 : 0.1562"
"34,17 : 0.1562"
"17,35 : 0.5111"
"35,17 : 0.5111"
"17,36 : 0.3036"
"36,17 : 0.3036"
"17,37 : 0.7344"
"37,17 : 0.7344"
"17,38 : 0.4742"
"38,17 : 0.4742"
"17,39 : 0.3669"
"39,17 : 0.3669"
"17,40 : 0.3178"
"40,17 : 0.3178"
"17,41 : 0.6329"
"41,17 : 0.6329"
"17,42 : 0.6297"
"42,17 : 0.6297"
"17,43 : 0.3158"
"43,17 : 0.3158"
"17,44 : 0.6213"
"44,17 : 0.6213"
"17,45 : 0.6454"
"45,17 : 0.6454"
"17,46 : 0.6619"
"46,17 : 0.6619"
"17,47 : 0.4968"
"47,17 : 0.4968"
"17,48 : 0.4669"
"48,17 : 0.4669"
"17,49 : 0.4148"
"49,17 : 0.4148"
"18,19 : 0.4272"
"19,18 : 0.4272"
"18,20 : 0.6512"
"20,18 : 0.6512"
"18,21 : 0.6294"
"21,18 : 0.6294"
"18,22 : 0.6748"
"22,18 : 0.6748"
"18,23 : 0.7855"
"23,18 : 0.7855"
"18,24 : 0.0"
"24,18 : 0.0"
"18,25 : 0.1616"
"25,18 : 0.1616"
"18,26 : 0.3324"
"26,18 : 0.3324"
"18,27 : 0.2941"
"27,18 : 0.2941"
"18,28 : 0.8096"
"28,18 : 0.8096"
"18,29 : 0.2025"
"29,18 : 0.2025"
"18,30 : 0.5162"
"30,18 : 0.5162"
"18,31 : 0.2596"
"31,18 : 0.2596"
"18,32 : 0.39"
"32,18 : 0.39"
"18,33 : 0.3574"
"33,18 : 0.3574"
"18,34 : 0.1985"
"34,18 : 0.1985"
"18,35 : 0.5022"
"35,18 : 0.5022"
"18,36 : 0.3256"
"36,18 : 0.3256"
"18,37 : 0.7086"
"37,18 : 0.7086"
"18,38 : 0.4319"
"38,18 : 0.4319"
"18,39 : 0.3493"
"39,18 : 0.3493"
"18,40 : 0.2973"
"40,18 : 0.2973"
"18,41 : 0.6007"
"41,18 : 0.6007"
"18,42 : 0.5873"
"42,18 : 0.5873"
"18,43 : 0.2941"
"43,18 : 0.2941"
"18,44 : 0.5798"
"44,18 : 0.5798"
"18,45 : 0.61"
"45,18 : 0.61"
"18,46 : 0.6351"
"46,18 : 0.6351"
"18,47 : 0.4545"
"47,18 : 0.4545"
"18,48 : 0.4329"
"48,18 : 0.4329"
"18,49 : 0.3785"
"49,18 : 0.3785"
"19,20 : 0.2419"
"20,19 : 0.2419"
"19,21 : 0.5921"
"21,19 : 0.5921"
"19,22 : 0.5923"
"22,19 : 0.5923"
"19,23 : 0.6217"
"23,19 : 0.6217"
"19,24 : 0.4272"
"24,19 : 0.4272"
"19,25 : 0.46"
"25,19 : 0.46"
"19,26 : 0.563"
"26,19 : 0.563"
"19,27 : 0.1342"
"27,19 : 0.1342"
"19,28 : 0.5991"
"28,19 : 0.5991"
"19,29 : 0.4319"
"29,19 : 0.4319"
"19,30 : 0.2121"
"30,19 : 0.2121"
"19,31 : 0.6172"
"31,19 : 0.6172"
"19,32 : 0.5887"
"32,19 : 0.5887"
"19,33 : 0.2668"
"33,19 : 0.2668"
"19,34 : 0.609"
"34,19 : 0.609"
"19,35 : 0.4401"
"35,19 : 0.4401"
"19,36 : 0.5801"
"36,19 : 0.5801"
"19,37 : 0.397"
"37,19 : 0.397"
"19,38 : 0.1612"
"38,19 : 0.1612"
"19,39 : 0.5661"
"39,19 : 0.5661"
"19,40 : 0.5166"
"40,19 : 0.5166"
"19,41 : 0.2332"
"41,19 : 0.2332"
"19,42 : 0.2518"
"42,19 : 0.2518"
"19,43 : 0.507"
"43,19 : 0.507"
"19,44 : 0.1836"
"44,19 : 0.1836"
"19,45 : 0.204"
"45,19 : 0.204"
"19,46 : 0.3253"
"46,19 : 0.3253"
"19,47 : 0.2283"
"47,19 : 0.2283"
"19,48 : 0.1044"
"48,19 : 0.1044"
"19,49 : 0.3883"
"49,19 : 0.3883"
"20,21 : 0.5914"
"21,20 : 0.5914"
"20,22 : 0.5629"
"22,20 : 0.5629"
"20,23 : 0.5308"
"23,20 : 0.5308"
"20,24 : 0.6512"
"24,20 : 0.6512"
"20,25 : 0.7006"
"25,20 : 0.7006"
"20,26 : 0.7043"
"26,20 : 0.7043"
"20,27 : 0.3612"
"27,20 : 0.3612"
"20,28 : 0.4785"
"28,20 : 0.4785"
"20,29 : 0.6042"
"29,20 : 0.6042"
"20,30 : 0.3612"
"30,20 : 0.3612"
"20,31 : 0.8006"
"31,20 : 0.8006"
"20,32 : 0.8257"
"32,20 : 0.8257"
"20,33 : 0.378"
"33,20 : 0.378"
"20,34 : 0.816"
"34,20 : 0.816"
"20,35 : 0.4701"
"35,20 : 0.4701"
"20,36 : 0.728"
"36,20 : 0.728"
"20,37 : 0.2377"
"37,20 : 0.2377"
"20,38 : 0.3624"
"38,20 : 0.3624"
"20,39 : 0.8052"
"39,20 : 0.8052"
"20,40 : 0.7571"
"40,20 : 0.7571"
"20,41 : 0.0985"
"41,20 : 0.0985"
"20,42 : 0.35"
"42,20 : 0.35"
"20,43 : 0.7473"
"43,20 : 0.7473"
"20,44 : 0.2421"
"44,20 : 0.2421"
"20,45 : 0.0412"
"45,20 : 0.0412"
"20,46 : 0.2002"
"46,20 : 0.2002"
"20,47 : 0.4188"
"47,20 : 0.4188"
"20,48 : 0.2214"
"48,20 : 0.2214"
"20,49 : 0.6133"
"49,20 : 0.6133"
"21,22 : 0.0707"
"22,21 : 0.0707"
"21,23 : 0.222"
"23,21 : 0.222"
"21,24 : 0.6294"
"24,21 : 0.6294"
"21,25 : 0.7799"
"25,21 : 0.7799"
"21,26 : 0.3795"
"26,21 : 0.3795"
"21,27 : 0.5566"
"27,21 : 0.5566"
"21,28 : 0.2941"
"28,21 : 0.2941"
"21,29 : 0.4342"
"29,21 : 0.4342"
"21,30 : 0.804"
"30,21 : 0.804"
"21,31 : 0.5536"
"31,21 : 0.5536"
"21,32 : 1.0"
"32,21 : 1.0"
"21,33 : 0.3479"
"33,21 : 0.3479"
"21,34 : 0.6485"
"34,21 : 0.6485"
"21,35 : 0.1552"
"35,21 : 0.1552"
"21,36 : 0.408"
"36,21 : 0.408"
"21,37 : 0.414"
"37,21 : 0.414"
"21,38 : 0.7415"
"38,21 : 0.7415"
"21,39 : 0.9621"
"39,21 : 0.9621"
"21,40 : 0.906"
"40,21 : 0.906"
"21,41 : 0.4934"
"41,21 : 0.4934"
"21,42 : 0.8402"
"42,21 : 0.8402"
"21,43 : 0.9"
"43,21 : 0.9"
"21,44 : 0.7511"
"44,21 : 0.7511"
"21,45 : 0.5701"
"45,21 : 0.5701"
"21,46 : 0.4025"
"46,21 : 0.4025"
"21,47 : 0.806"
"47,21 : 0.806"
"21,48 : 0.4904"
"48,21 : 0.4904"
"21,49 : 0.8905"
"49,21 : 0.8905"
"22,23 : 0.1513"
"23,22 : 0.1513"
"22,24 : 0.6748"
"24,22 : 0.6748"
"22,25 : 0.8202"
"25,22 : 0.8202"
"22,26 : 0.4438"
"26,22 : 0.4438"
"22,27 : 0.5727"
"27,22 : 0.5727"
"22,28 : 0.2247"
"28,22 : 0.2247"
"22,29 : 0.4855"
"29,22 : 0.4855"
"22,30 : 0.8041"
"30,22 : 0.8041"
"22,31 : 0.6168"
"31,22 : 0.6168"
"22,32 : 1.0359"
"32,22 : 1.0359"
"22,33 : 0.3672"
"33,22 : 0.3672"
"22,34 : 0.7077"
"34,22 : 0.7077"
"22,35 : 0.178"
"35,22 : 0.178"
"22,36 : 0.473"
"36,22 : 0.473"
"22,37 : 0.3672"
"37,22 : 0.3672"
"22,38 : 0.7473"
"38,22 : 0.7473"
"22,39 : 0.999"
"39,22 : 0.999"
"22,40 : 0.9426"
"40,22 : 0.9426"
"22,41 : 0.4669"
"41,22 : 0.4669"
"22,42 : 0.8349"
"42,22 : 0.8349"
"22,43 : 0.9361"
"43,22 : 0.9361"
"22,44 : 0.7406"
"44,22 : 0.7406"
"22,45 : 0.5459"
"45,22 : 0.5459"
"22,46 : 0.3669"
"46,22 : 0.3669"
"22,47 : 0.8132"
"47,22 : 0.8132"
"22,48 : 0.4884"
"48,22 : 0.4884"
"22,49 : 0.913"
"49,22 : 0.913"
"23,24 : 0.7855"
"24,23 : 0.7855"
"23,25 : 0.9201"
"25,23 : 0.9201"
"23,26 : 0.5869"
"26,23 : 0.5869"
"23,27 : 0.6341"
"27,23 : 0.6341"
"23,28 : 0.0849"
"28,23 : 0.0849"
"23,29 : 0.6093"
"29,23 : 0.6093"
"23,30 : 0.8264"
"30,23 : 0.8264"
"23,31 : 0.7571"
"31,23 : 0.7571"
"23,32 : 1.1249"
"32,23 : 1.1249"
"23,33 : 0.446"
"33,23 : 0.446"
"23,34 : 0.8412"
"34,23 : 0.8412"
"23,35 : 0.2864"
"35,23 : 0.2864"
"23,36 : 0.6166"
"36,23 : 0.6166"
"23,37 : 0.3015"
"37,23 : 0.3015"
"23,38 : 0.7826"
"38,23 : 0.7826"
"23,39 : 1.0904"
"39,23 : 1.0904"
"23,40 : 1.0339"
"40,23 : 1.0339"
"23,41 : 0.4455"
"41,23 : 0.4455"
"23,42 : 0.8448"
"42,23 : 0.8448"
"23,43 : 1.0265"
"43,23 : 1.0265"
"23,44 : 0.7422"
"44,23 : 0.7422"
"23,45 : 0.5247"
"45,23 : 0.5247"
"23,46 : 0.3324"
"46,23 : 0.3324"
"23,47 : 0.8497"
"47,23 : 0.8497"
"23,48 : 0.5188"
"48,23 : 0.5188"
"23,49 : 0.978"
"49,23 : 0.978"
"24,25 : 0.1616"
"25,24 : 0.1616"
"24,26 : 0.3324"
"26,24 : 0.3324"
"24,27 : 0.2941"
"27,24 : 0.2941"
"24,28 : 0.8096"
"28,24 : 0.8096"
"24,29 : 0.2025"
"29,24 : 0.2025"
"24,30 : 0.5162"
"30,24 : 0.5162"
"24,31 : 0.2596"
"31,24 : 0.2596"
"24,32 : 0.39"
"32,24 : 0.39"
"24,33 : 0.3574"
"33,24 : 0.3574"
"24,34 : 0.1985"
"34,24 : 0.1985"
"24,35 : 0.5022"
"35,24 : 0.5022"
"24,36 : 0.3256"
"36,24 : 0.3256"
"24,37 : 0.7086"
"37,24 : 0.7086"
"24,38 : 0.4319"
"38,24 : 0.4319"
"24,39 : 0.3493"
"39,24 : 0.3493"
"24,40 : 0.2973"
"40,24 : 0.2973"
"24,41 : 0.6007"
"41,24 : 0.6007"
"24,42 : 0.5873"
"42,24 : 0.5873"
"24,43 : 0.2941"
"43,24 : 0.2941"
"24,44 : 0.5798"
"44,24 : 0.5798"
"24,45 : 0.61"
"45,24 : 0.61"
"24,46 : 0.6351"
"46,24 : 0.6351"
"24,47 : 0.4545"
"47,24 : 0.4545"
"24,48 : 0.4329"
"48,24 : 0.4329"
"24,49 : 0.3785"
"49,24 : 0.3785"
"25,26 : 0.4934"
"26,25 : 0.4934"
"25,27 : 0.3453"
"27,25 : 0.3453"
"25,28 : 0.9349"
"28,25 : 0.9349"
"25,29 : 0.3624"
"29,25 : 0.3624"
"25,30 : 0.4785"
"30,25 : 0.4785"
"25,31 : 0.4001"
"31,25 : 0.4001"
"25,32 : 0.2285"
"32,25 : 0.2285"
"25,33 : 0.4771"
"33,25 : 0.4771"
"25,34 : 0.3081"
"34,25 : 0.3081"
"25,35 : 0.6438"
"35,25 : 0.6438"
"25,36 : 0.4851"
"36,25 : 0.4851"
"25,37 : 0.8032"
"37,25 : 0.8032"
"25,38 : 0.405"
"38,25 : 0.405"
"25,39 : 0.1879"
"39,25 : 0.1879"
"25,40 : 0.136"
"40,25 : 0.136"
"25,41 : 0.6708"
"41,25 : 0.6708"
"25,42 : 0.5501"
"42,25 : 0.5501"
"25,43 : 0.1334"
"43,25 : 0.1334"
"25,44 : 0.5728"
"44,25 : 0.5728"
"25,45 : 0.6612"
"45,25 : 0.6612"
"25,46 : 0.7273"
"46,25 : 0.7273"
"25,47 : 0.4031"
"47,25 : 0.4031"
"25,48 : 0.5001"
"48,25 : 0.5001"
"25,49 : 0.2608"
"49,25 : 0.2608"
"26,27 : 0.4519"
"27,26 : 0.4519"
"26,28 : 0.6407"
"28,26 : 0.6407"
"26,29 : 0.1513"
"29,26 : 0.1513"
"26,30 : 0.7354"
"30,26 : 0.7354"
"26,31 : 0.1746"
"31,26 : 0.1746"
"26,32 : 0.7211"
"32,26 : 0.7211"
"26,33 : 0.3265"
"33,26 : 0.3265"
"26,34 : 0.278"
"34,26 : 0.278"
"26,35 : 0.3214"
"35,26 : 0.3214"
"26,36 : 0.03"
"36,26 : 0.03"
"26,37 : 0.6451"
"37,26 : 0.6451"
"26,38 : 0.6519"
"38,26 : 0.6519"
"26,39 : 0.6801"
"39,26 : 0.6801"
"26,40 : 0.6294"
"40,26 : 0.6294"
"26,41 : 0.6185"
"41,26 : 0.6185"
"26,42 : 0.7962"
"42,26 : 0.7962"
"26,43 : 0.6264"
"43,26 : 0.6264"
"26,44 : 0.7463"
"44,26 : 0.7463"
"26,45 : 0.6671"
"45,26 : 0.6671"
"26,46 : 0.5909"
"46,26 : 0.5909"
"26,47 : 0.6992"
"47,26 : 0.6992"
"26,48 : 0.5025"
"48,26 : 0.5025"
"26,49 : 0.6901"
"49,26 : 0.6901"
"27,28 : 0.6294"
"28,27 : 0.6294"
"27,29 : 0.3106"
"29,27 : 0.3106"
"27,30 : 0.2846"
"30,27 : 0.2846"
"27,31 : 0.488"
"31,27 : 0.488"
"27,32 : 0.5077"
"32,27 : 0.5077"
"27,33 : 0.2088"
"33,27 : 0.2088"
"27,34 : 0.4751"
"34,27 : 0.4751"
"27,35 : 0.4016"
"35,27 : 0.4016"
"27,36 : 0.4653"
"36,27 : 0.4653"
"27,37 : 0.4652"
"37,27 : 0.4652"
"27,38 : 0.204"
"38,27 : 0.204"
"27,39 : 0.4789"
"39,27 : 0.4789"
"27,40 : 0.4249"
"40,27 : 0.4249"
"27,41 : 0.3256"
"41,27 : 0.3256"
"27,42 : 0.3444"
"42,27 : 0.3444"
"27,43 : 0.4159"
"43,27 : 0.4159"
"27,44 : 0.3041"
"44,27 : 0.3041"
"27,45 : 0.3206"
"45,27 : 0.3206"
"27,46 : 0.3891"
"46,27 : 0.3891"
"27,47 : 0.2602"
"47,27 : 0.2602"
"27,48 : 0.1552"
"48,27 : 0.1552"
"27,49 : 0.3441"
"49,27 : 0.3441"
"28,29 : 0.6456"
"29,28 : 0.6456"
"28,30 : 0.7961"
"30,28 : 0.7961"
"28,31 : 0.8062"
"31,28 : 0.8062"
"28,32 : 1.1307"
"32,28 : 1.1307"
"28,33 : 0.4579"
"33,28 : 0.4579"
"28,34 : 0.8829"
"34,28 : 0.8829"
"28,35 : 0.3256"
"35,28 : 0.3256"
"28,36 : 0.6707"
"36,28 : 0.6707"
"28,37 : 0.2419"
"37,28 : 0.2419"
"28,38 : 0.7601"
"38,28 : 0.7601"
"28,39 : 1.0981"
"39,28 : 1.0981"
"28,40 : 1.042"
"40,28 : 1.042"
"28,41 : 0.4016"
"41,28 : 0.4016"
"28,42 : 0.8078"
"42,28 : 0.8078"
"28,43 : 1.0341"
"43,28 : 1.0341"
"28,44 : 0.7023"
"44,28 : 0.7023"
"28,45 : 0.478"
"45,28 : 0.478"
"28,46 : 0.2879"
"46,28 : 0.2879"
"28,47 : 0.8268"
"47,28 : 0.8268"
"28,48 : 0.5"
"48,28 : 0.5"
"28,49 : 0.97"
"49,28 : 0.97"
"29,30 : 0.5903"
"30,29 : 0.5903"
"29,31 : 0.197"
"31,29 : 0.197"
"29,32 : 0.5903"
"32,29 : 0.5903"
"29,33 : 0.2377"
"33,29 : 0.2377"
"29,34 : 0.2408"
"34,29 : 0.2408"
"29,35 : 0.3231"
"35,29 : 0.3231"
"29,36 : 0.1581"
"36,29 : 0.1581"
"29,37 : 0.593"
"37,29 : 0.593"
"29,38 : 0.5057"
"38,29 : 0.5057"
"29,39 : 0.5501"
"39,29 : 0.5501"
"29,40 : 0.4966"
"40,29 : 0.4966"
"29,41 : 0.5292"
"41,29 : 0.5292"
"29,42 : 0.6537"
"42,29 : 0.6537"
"29,43 : 0.4924"
"43,29 : 0.4924"
"29,44 : 0.6122"
"44,29 : 0.6122"
"29,45 : 0.5644"
"45,29 : 0.5644"
"29,46 : 0.5277"
"46,29 : 0.5277"
"29,47 : 0.5503"
"47,29 : 0.5503"
"29,48 : 0.3883"
"48,29 : 0.3883"
"29,49 : 0.5408"
"49,29 : 0.5408"
"30,31 : 0.7521"
"31,30 : 0.7521"
"30,32 : 0.52"
"32,30 : 0.52"
"30,33 : 0.471"
"33,30 : 0.471"
"30,34 : 0.7142"
"34,30 : 0.7142"
"30,35 : 0.6512"
"35,30 : 0.6512"
"30,36 : 0.7473"
"36,30 : 0.7473"
"30,37 : 0.5743"
"37,30 : 0.5743"
"30,38 : 0.086"
"38,30 : 0.086"
"30,39 : 0.5116"
"39,30 : 0.5116"
"30,40 : 0.4768"
"40,30 : 0.4768"
"30,41 : 0.4022"
"41,30 : 0.4022"
"30,42 : 0.0721"
"42,30 : 0.0721"
"30,43 : 0.4669"
"43,30 : 0.4669"
"30,44 : 0.13"
"44,30 : 0.13"
"30,45 : 0.3397"
"45,30 : 0.3397"
"30,46 : 0.5111"
"46,30 : 0.5111"
"30,47 : 0.0806"
"47,30 : 0.0806"
"30,48 : 0.3158"
"48,30 : 0.3158"
"30,49 : 0.2902"
"49,30 : 0.2902"
"31,32 : 0.6152"
"32,31 : 0.6152"
"31,33 : 0.4332"
"33,31 : 0.4332"
"31,34 : 0.1166"
"34,31 : 0.1166"
"31,35 : 0.4817"
"35,31 : 0.4817"
"31,36 : 0.1476"
"36,31 : 0.1476"
"31,37 : 0.7826"
"37,31 : 0.7826"
"31,38 : 0.6661"
"38,31 : 0.6661"
"31,39 : 0.5743"
"39,31 : 0.5743"
"31,40 : 0.5308"
"40,31 : 0.5308"
"31,41 : 0.7262"
"41,31 : 0.7262"
"31,42 : 0.8201"
"42,31 : 0.8201"
"31,43 : 0.5304"
"43,31 : 0.5304"
"31,44 : 0.792"
"44,31 : 0.792"
"31,45 : 0.7606"
"45,31 : 0.7606"
"31,46 : 0.7203"
"46,31 : 0.7203"
"31,47 : 0.6997"
"47,31 : 0.6997"
"31,48 : 0.5831"
"48,31 : 0.5831"
"31,49 : 0.6379"
"49,31 : 0.6379"
"32,33 : 0.679"
"33,32 : 0.679"
"32,34 : 0.5104"
"34,32 : 0.5104"
"32,35 : 0.858"
"35,32 : 0.858"
"32,36 : 0.7117"
"36,32 : 0.7117"
"32,37 : 0.9713"
"37,32 : 0.9713"
"32,38 : 0.4752"
"38,32 : 0.4752"
"32,39 : 0.0412"
"39,32 : 0.0412"
"32,40 : 0.0943"
"40,32 : 0.0943"
"32,41 : 0.8194"
"41,32 : 0.8194"
"32,42 : 0.5814"
"42,32 : 0.5814"
"32,43 : 0.1"
"43,32 : 0.1"
"32,44 : 0.642"
"44,32 : 0.642"
"32,45 : 0.7906"
"45,32 : 0.7906"
"32,46 : 0.8955"
"46,32 : 0.8955"
"32,47 : 0.4401"
"47,32 : 0.4401"
"32,48 : 0.6576"
"48,32 : 0.6576"
"32,49 : 0.2302"
"49,32 : 0.2302"
"33,34 : 0.4717"
"34,33 : 0.4717"
"33,35 : 0.1931"
"35,33 : 0.1931"
"33,36 : 0.35"
"36,33 : 0.35"
"33,37 : 0.36"
"37,33 : 0.36"
"33,38 : 0.4005"
"38,33 : 0.4005"
"33,39 : 0.6444"
"39,33 : 0.6444"
"33,40 : 0.588"
"40,33 : 0.588"
"33,41 : 0.2953"
"41,33 : 0.2953"
"33,42 : 0.5179"
"42,33 : 0.5179"
"33,43 : 0.5805"
"43,33 : 0.5805"
"33,44 : 0.446"
"44,33 : 0.446"
"33,45 : 0.3406"
"45,33 : 0.3406"
"33,46 : 0.2915"
"46,33 : 0.2915"
"33,47 : 0.4627"
"47,33 : 0.4627"
"33,48 : 0.1836"
"48,33 : 0.1836"
"33,49 : 0.5459"
"49,33 : 0.5459"
"34,35 : 0.5579"
"35,34 : 0.5579"
"34,36 : 0.255"
"36,34 : 0.255"
"34,37 : 0.831"
"37,34 : 0.831"
"34,38 : 0.6294"
"38,34 : 0.6294"
"34,39 : 0.4701"
"39,34 : 0.4701"
"34,40 : 0.431"
"40,34 : 0.431"
"34,41 : 0.7519"
"41,34 : 0.7519"
"34,42 : 0.7849"
"42,34 : 0.7849"
"34,43 : 0.4319"
"43,34 : 0.4319"
"34,44 : 0.772"
"44,34 : 0.772"
"34,45 : 0.7749"
"45,34 : 0.7749"
"34,46 : 0.7632"
"46,34 : 0.7632"
"34,47 : 0.653"
"47,34 : 0.653"
"34,48 : 0.5946"
"48,34 : 0.5946"
"34,49 : 0.5608"
"49,34 : 0.5608"
"35,36 : 0.3513"
"36,35 : 0.3513"
"35,37 : 0.3413"
"37,35 : 0.3413"
"35,38 : 0.5869"
"38,35 : 0.5869"
"35,39 : 0.8213"
"39,35 : 0.8213"
"35,40 : 0.7649"
"40,35 : 0.7649"
"35,41 : 0.3722"
"41,35 : 0.3722"
"35,42 : 0.6903"
"42,35 : 0.6903"
"35,43 : 0.7582"
"43,35 : 0.7582"
"35,44 : 0.6053"
"44,35 : 0.6053"
"35,45 : 0.4428"
"45,35 : 0.4428"
"35,46 : 0.3041"
"46,35 : 0.3041"
"35,47 : 0.6512"
"47,35 : 0.6512"
"35,48 : 0.3406"
"48,35 : 0.3406"
"35,49 : 0.7379"
"49,35 : 0.7379"
"36,37 : 0.6736"
"37,36 : 0.6736"
"36,38 : 0.6631"
"38,36 : 0.6631"
"36,39 : 0.6705"
"39,36 : 0.6705"
"36,40 : 0.621"
"40,36 : 0.621"
"36,41 : 0.6435"
"41,36 : 0.6435"
"36,42 : 0.8095"
"42,36 : 0.8095"
"36,43 : 0.6185"
"43,36 : 0.6185"
"36,44 : 0.7628"
"44,36 : 0.7628"
"36,45 : 0.6903"
"45,36 : 0.6903"
"36,46 : 0.6185"
"46,36 : 0.6185"
"36,47 : 0.7084"
"47,36 : 0.7084"
"36,48 : 0.5233"
"48,36 : 0.5233"
"36,49 : 0.6903"
"49,36 : 0.6903"
"37,38 : 0.5517"
"38,37 : 0.5517"
"37,39 : 0.9437"
"39,37 : 0.9437"
"37,40 : 0.89"
"40,37 : 0.89"
"37,41 : 0.172"
"41,37 : 0.172"
"37,42 : 0.5771"
"42,37 : 0.5771"
"37,43 : 0.881"
"43,37 : 0.881"
"37,44 : 0.4696"
"44,37 : 0.4696"
"37,45 : 0.2417"
"45,37 : 0.2417"
"37,46 : 0.0762"
"46,37 : 0.0762"
"37,47 : 0.6162"
"47,37 : 0.6162"
"37,48 : 0.3138"
"48,37 : 0.3138"
"37,49 : 0.7841"
"49,37 : 0.7841"
"38,39 : 0.461"
"39,38 : 0.461"
"38,40 : 0.4201"
"40,38 : 0.4201"
"38,41 : 0.3821"
"41,38 : 0.3821"
"38,42 : 0.1556"
"42,38 : 0.1556"
"38,43 : 0.4101"
"43,38 : 0.4101"
"38,44 : 0.1712"
"44,38 : 0.1712"
"38,45 : 0.3329"
"45,38 : 0.3329"
"38,46 : 0.4827"
"46,38 : 0.4827"
"38,47 : 0.0671"
"47,38 : 0.0671"
"38,48 : 0.264"
"48,38 : 0.264"
"38,49 : 0.253"
"49,38 : 0.253"
"39,40 : 0.0566"
"40,39 : 0.0566"
"39,41 : 0.7948"
"41,39 : 0.7948"
"39,42 : 0.5756"
"42,39 : 0.5756"
"39,43 : 0.064"
"43,39 : 0.064"
"39,44 : 0.6301"
"44,39 : 0.6301"
"39,45 : 0.7692"
"45,39 : 0.7692"
"39,46 : 0.8677"
"46,39 : 0.8677"
"39,47 : 0.431"
"47,39 : 0.431"
"39,48 : 0.6307"
"48,39 : 0.6307"
"39,49 : 0.2256"
"49,39 : 0.2256"
"40,41 : 0.7433"
"41,40 : 0.7433"
"40,42 : 0.5434"
"42,40 : 0.5434"
"40,43 : 0.01"
"43,40 : 0.01"
"40,44 : 0.5908"
"44,40 : 0.5908"
"40,45 : 0.7203"
"45,40 : 0.7203"
"40,46 : 0.8139"
"46,40 : 0.8139"
"40,47 : 0.3962"
"47,40 : 0.3962"
"40,48 : 0.5778"
"48,40 : 0.5778"
"40,49 : 0.2012"
"49,40 : 0.2012"
"41,42 : 0.4072"
"42,41 : 0.4072"
"41,43 : 0.7339"
"43,41 : 0.7339"
"41,44 : 0.3008"
"44,41 : 0.3008"
"41,45 : 0.08"
"45,41 : 0.08"
"41,46 : 0.114"
"46,41 : 0.114"
"41,47 : 0.4455"
"47,41 : 0.4455"
"41,48 : 0.1712"
"48,41 : 0.1712"
"41,49 : 0.6213"
"49,41 : 0.6213"
"42,43 : 0.5337"
"43,42 : 0.5337"
"42,44 : 0.1082"
"44,42 : 0.1082"
"42,45 : 0.3362"
"45,42 : 0.3362"
"42,46 : 0.52"
"46,42 : 0.52"
"42,47 : 0.1487"
"47,42 : 0.1487"
"42,48 : 0.35"
