x,y
0.04,0.01
0.72,0.54
0.81,0.02
0.85,0.44
0.34,0.34
0.51,0.49
0.14,0.02
0.29,0.48
0.56,0.89
0.41,0.45
0.44,0.49
0.2,0.01
0.53,0.38
0.49,0.04
0.93,0.44
0.86,0.28
0.53,0.74
0.65,0.6
0.85,0.63
0.12,0.59
0.68,0.57
1.0,0.82
0.25,0.62
0.34,0.4
0.74,0.64
0.62,0.73
0.49,0.91
0.46,0.57
0.51,0.13
0.43,0.58
0.16,0.71
0.41,0.28
0.71,0.21
0.85,0.29
0.09,0.15
0.85,0.26
0.96,0.26
0.21,0.47
0.67,0.32
0.55,0.43
0.84,0.48
0.27,0.64
0.45,0.87
0.3,0.66
0.45,0.92
0.63,0.82
0.1,0.98
0.37,0.83
0.08,0.03
0.87,0.49

Distanze
"0,1 : 0.8621"
"1,0 : 0.8621"
"0,2 : 0.7701"
"2,0 : 0.7701"
"0,3 : 0.9171"
"3,0 : 0.9171"
"0,4 : 0.446"
"4,0 : 0.446"
"0,5 : 0.6718"
"5,0 : 0.6718"
"0,6 : 0.1005"
"6,0 : 0.1005"
"0,7 : 0.5324"
"7,0 : 0.5324"
"0,8 : 1.0222"
"8,0 : 1.0222"
"0,9 : 0.5749"
"9,0 : 0.5749"
"0,10 : 0.6248"
"10,0 : 0.6248"
"0,11 : 0.16"
"11,0 : 0.16"
"0,12 : 0.614"
"12,0 : 0.614"
"0,13 : 0.451"
"13,0 : 0.451"
"0,14 : 0.9884"
"14,0 : 0.9884"
"0,15 : 0.8633"
"15,0 : 0.8633"
"0,16 : 0.8792"
"16,0 : 0.8792"
"0,17 : 0.8486"
"17,0 : 0.8486"
"0,18 : 1.02"
"18,0 : 1.02"
"0,19 : 0.5855"
"19,0 : 0.5855"
"0,20 : 0.8504"
"20,0 : 0.8504"
"0,21 : 1.2561"
"21,0 : 1.2561"
"0,22 : 0.6451"
"22,0 : 0.6451"
"0,23 : 0.492"
"23,0 : 0.492"
"0,24 : 0.9418"
"24,0 : 0.9418"
"0,25 : 0.9246"
"25,0 : 0.9246"
"0,26 : 1.0062"
"26,0 : 1.0062"
"0,27 : 0.7"
"27,0 : 0.7"
"0,28 : 0.4851"
"28,0 : 0.4851"
"0,29 : 0.6907"
"29,0 : 0.6907"
"0,30 : 0.7102"
"30,0 : 0.7102"
"0,31 : 0.458"
"31,0 : 0.458"
"0,32 : 0.6992"
"32,0 : 0.6992"
"0,33 : 0.857"
"33,0 : 0.857"
"0,34 : 0.1487"
"34,0 : 0.1487"
"0,35 : 0.8477"
"35,0 : 0.8477"
"0,36 : 0.9534"
"36,0 : 0.9534"
"0,37 : 0.4904"
"37,0 : 0.4904"
"0,38 : 0.7021"
"38,0 : 0.7021"
"0,39 : 0.6607"
"39,0 : 0.6607"
"0,40 : 0.9278"
"40,0 : 0.9278"
"0,41 : 0.6707"
"41,0 : 0.6707"
"0,42 : 0.9527"
"42,0 : 0.9527"
"0,43 : 0.7001"
"43,0 : 0.7001"
"0,44 : 0.9981"
"44,0 : 0.9981"
"0,45 : 1.0021"
"45,0 : 1.0021"
"0,46 : 0.9719"
"46,0 : 0.9719"
"0,47 : 0.8839"
"47,0 : 0.8839"
"0,48 : 0.0447"
"48,0 : 0.0447"
"0,49 : 0.9588"
"49,0 : 0.9588"
"1,2 : 0.5277"
"2,1 : 0.5277"
"1,3 : 0.164"
"3,1 : 0.164"
"1,4 : 0.4294"
"4,1 : 0.4294"
"1,5 : 0.2159"
"5,1 : 0.2159"
"1,6 : 0.779"
"6,1 : 0.779"
"1,7 : 0.4342"
"7,1 : 0.4342"
"1,8 : 0.3848"
"8,1 : 0.3848"
"1,9 : 0.3228"
"9,1 : 0.3228"
"1,10 : 0.2844"
"10,1 : 0.2844"
"1,11 : 0.7425"
"11,1 : 0.7425"
"1,12 : 0.2484"
"12,1 : 0.2484"
"1,13 : 0.5504"
"13,1 : 0.5504"
"1,14 : 0.2326"
"14,1 : 0.2326"
"1,15 : 0.2953"
"15,1 : 0.2953"
"1,16 : 0.2759"
"16,1 : 0.2759"
"1,17 : 0.0922"
"17,1 : 0.0922"
"1,18 : 0.1581"
"18,1 : 0.1581"
"1,19 : 0.6021"
"19,1 : 0.6021"
"1,20 : 0.05"
"20,1 : 0.05"
"1,21 : 0.396"
"21,1 : 0.396"
"1,22 : 0.4768"
"22,1 : 0.4768"
"1,23 : 0.405"
"23,1 : 0.405"
"1,24 : 0.102"
"24,1 : 0.102"
"1,25 : 0.2147"
"25,1 : 0.2147"
"1,26 : 0.4357"
"26,1 : 0.4357"
"1,27 : 0.2617"
"27,1 : 0.2617"
"1,28 : 0.4607"
"28,1 : 0.4607"
"1,29 : 0.2927"
"29,1 : 0.2927"
"1,30 : 0.5852"
"30,1 : 0.5852"
"1,31 : 0.4046"
"31,1 : 0.4046"
"1,32 : 0.3302"
"32,1 : 0.3302"
"1,33 : 0.2818"
"33,1 : 0.2818"
"1,34 : 0.7409"
"34,1 : 0.7409"
"1,35 : 0.3087"
"35,1 : 0.3087"
"1,36 : 0.3688"
"36,1 : 0.3688"
"1,37 : 0.5148"
"37,1 : 0.5148"
"1,38 : 0.2256"
"38,1 : 0.2256"
"1,39 : 0.2025"
"39,1 : 0.2025"
"1,40 : 0.1342"
"40,1 : 0.1342"
"1,41 : 0.461"
"41,1 : 0.461"
"1,42 : 0.4264"
"42,1 : 0.4264"
"1,43 : 0.4368"
"43,1 : 0.4368"
"1,44 : 0.4662"
"44,1 : 0.4662"
"1,45 : 0.2941"
"45,1 : 0.2941"
"1,46 : 0.7603"
"46,1 : 0.7603"
"1,47 : 0.4545"
"47,1 : 0.4545"
"1,48 : 0.8184"
"48,1 : 0.8184"
"1,49 : 0.1581"
"49,1 : 0.1581"
"2,3 : 0.4219"
"3,2 : 0.4219"
"2,4 : 0.5686"
"4,2 : 0.5686"
"2,5 : 0.5576"
"5,2 : 0.5576"
"2,6 : 0.67"
"6,2 : 0.67"
"2,7 : 0.6943"
"7,2 : 0.6943"
"2,8 : 0.9052"
"8,2 : 0.9052"
"2,9 : 0.5873"
"9,2 : 0.5873"
"2,10 : 0.5982"
"10,2 : 0.5982"
"2,11 : 0.6101"
"11,2 : 0.6101"
"2,12 : 0.4561"
"12,2 : 0.4561"
"2,13 : 0.3206"
"13,2 : 0.3206"
"2,14 : 0.4368"
"14,2 : 0.4368"
"2,15 : 0.2648"
"15,2 : 0.2648"
"2,16 : 0.7725"
"16,2 : 0.7725"
"2,17 : 0.6017"
"17,2 : 0.6017"
"2,18 : 0.6113"
"18,2 : 0.6113"
"2,19 : 0.895"
"19,2 : 0.895"
"2,20 : 0.5652"
"20,2 : 0.5652"
"2,21 : 0.8223"
"21,2 : 0.8223"
"2,22 : 0.8207"
"22,2 : 0.8207"
"2,23 : 0.6044"
"23,2 : 0.6044"
"2,24 : 0.6239"
"24,2 : 0.6239"
"2,25 : 0.735"
"25,2 : 0.735"
"2,26 : 0.9458"
"26,2 : 0.9458"
"2,27 : 0.6519"
"27,2 : 0.6519"
"2,28 : 0.3195"
"28,2 : 0.3195"
"2,29 : 0.6768"
"29,2 : 0.6768"
"2,30 : 0.9479"
"30,2 : 0.9479"
"2,31 : 0.4771"
"31,2 : 0.4771"
"2,32 : 0.2147"
"32,2 : 0.2147"
"2,33 : 0.2729"
"33,2 : 0.2729"
"2,34 : 0.7316"
"34,2 : 0.7316"
"2,35 : 0.2433"
"35,2 : 0.2433"
"2,36 : 0.283"
"36,2 : 0.283"
"2,37 : 0.75"
"37,2 : 0.75"
"2,38 : 0.3311"
"38,2 : 0.3311"
"2,39 : 0.4855"
"39,2 : 0.4855"
"2,40 : 0.461"
"40,2 : 0.461"
"2,41 : 0.8222"
"41,2 : 0.8222"
"2,42 : 0.9231"
"42,2 : 0.9231"
"2,43 : 0.8184"
"43,2 : 0.8184"
"2,44 : 0.9693"
"44,2 : 0.9693"
"2,45 : 0.82"
"45,2 : 0.82"
"2,46 : 1.194"
"46,2 : 1.194"
"2,47 : 0.9218"
"47,2 : 0.9218"
"2,48 : 0.7301"
"48,2 : 0.7301"
"2,49 : 0.4738"
"49,2 : 0.4738"
"3,4 : 0.5197"
"4,3 : 0.5197"
"3,5 : 0.3437"
"5,3 : 0.3437"
"3,6 : 0.8249"
"6,3 : 0.8249"
"3,7 : 0.5614"
"7,3 : 0.5614"
"3,8 : 0.5354"
"8,3 : 0.5354"
"3,9 : 0.4401"
"9,3 : 0.4401"
"3,10 : 0.413"
"10,3 : 0.413"
"3,11 : 0.7794"
"11,3 : 0.7794"
"3,12 : 0.3256"
"12,3 : 0.3256"
"3,13 : 0.5381"
"13,3 : 0.5381"
"3,14 : 0.08"
"14,3 : 0.08"
"3,15 : 0.1603"
"15,3 : 0.1603"
"3,16 : 0.4386"
"16,3 : 0.4386"
"3,17 : 0.2561"
"17,3 : 0.2561"
"3,18 : 0.19"
"18,3 : 0.19"
"3,19 : 0.7453"
"19,3 : 0.7453"
"3,20 : 0.214"
"20,3 : 0.214"
"3,21 : 0.4085"
"21,3 : 0.4085"
"3,22 : 0.6264"
"22,3 : 0.6264"
"3,23 : 0.5116"
"23,3 : 0.5116"
"3,24 : 0.2283"
"24,3 : 0.2283"
"3,25 : 0.3701"
"25,3 : 0.3701"
"3,26 : 0.592"
"26,3 : 0.592"
"3,27 : 0.4111"
"27,3 : 0.4111"
"3,28 : 0.4601"
"28,3 : 0.4601"
"3,29 : 0.4427"
"29,3 : 0.4427"
"3,30 : 0.7409"
"30,3 : 0.7409"
"3,31 : 0.4682"
"31,3 : 0.4682"
"3,32 : 0.2693"
"32,3 : 0.2693"
"3,33 : 0.15"
"33,3 : 0.15"
"3,34 : 0.8134"
"34,3 : 0.8134"
"3,35 : 0.18"
"35,3 : 0.18"
"3,36 : 0.211"
"36,3 : 0.211"
"3,37 : 0.6407"
"37,3 : 0.6407"
"3,38 : 0.2163"
"38,3 : 0.2163"
"3,39 : 0.3002"
"39,3 : 0.3002"
"3,40 : 0.0412"
"40,3 : 0.0412"
"3,41 : 0.6135"
"41,3 : 0.6135"
"3,42 : 0.5873"
"42,3 : 0.5873"
"3,43 : 0.5924"
"43,3 : 0.5924"
"3,44 : 0.6248"
"44,3 : 0.6248"
"3,45 : 0.4391"
"45,3 : 0.4391"
"3,46 : 0.9242"
"46,3 : 0.9242"
"3,47 : 0.6185"
"47,3 : 0.6185"
"3,48 : 0.8724"
"48,3 : 0.8724"
"3,49 : 0.0539"
"49,3 : 0.0539"
"4,5 : 0.2267"
"5,4 : 0.2267"
"4,6 : 0.3774"
"6,4 : 0.3774"
"4,7 : 0.1487"
"7,4 : 0.1487"
"4,8 : 0.5924"
"8,4 : 0.5924"
"4,9 : 0.1304"
"9,4 : 0.1304"
"4,10 : 0.1803"
"10,4 : 0.1803"
"4,11 : 0.3585"
"11,4 : 0.3585"
"4,12 : 0.1942"
"12,4 : 0.1942"
"4,13 : 0.3354"
"13,4 : 0.3354"
"4,14 : 0.5984"
"14,4 : 0.5984"
"4,15 : 0.5235"
"15,4 : 0.5235"
"4,16 : 0.4428"
"16,4 : 0.4428"
"4,17 : 0.4046"
"17,4 : 0.4046"
"4,18 : 0.5867"
"18,4 : 0.5867"
"4,19 : 0.333"
"19,4 : 0.333"
"4,20 : 0.4105"
"20,4 : 0.4105"
"4,21 : 0.8161"
"21,4 : 0.8161"
"4,22 : 0.2941"
"22,4 : 0.2941"
"4,23 : 0.06"
"23,4 : 0.06"
"4,24 : 0.5"
"24,4 : 0.5"
"4,25 : 0.4801"
"25,4 : 0.4801"
"4,26 : 0.5894"
"26,4 : 0.5894"
"4,27 : 0.2594"
"27,4 : 0.2594"
"4,28 : 0.2702"
"28,4 : 0.2702"
"4,29 : 0.2563"
"29,4 : 0.2563"
"4,30 : 0.4115"
"30,4 : 0.4115"
"4,31 : 0.0922"
"31,4 : 0.0922"
"4,32 : 0.3922"
"32,4 : 0.3922"
"4,33 : 0.5124"
"33,4 : 0.5124"
"4,34 : 0.314"
"34,4 : 0.314"
"4,35 : 0.5162"
"35,4 : 0.5162"
"4,36 : 0.6251"
"36,4 : 0.6251"
"4,37 : 0.1838"
"37,4 : 0.1838"
"4,38 : 0.3306"
"38,4 : 0.3306"
"4,39 : 0.2285"
"39,4 : 0.2285"
"4,40 : 0.5192"
"40,4 : 0.5192"
"4,41 : 0.3081"
"41,4 : 0.3081"
"4,42 : 0.5413"
"42,4 : 0.5413"
"4,43 : 0.3225"
"43,4 : 0.3225"
"4,44 : 0.5903"
"44,4 : 0.5903"
"4,45 : 0.5608"
"45,4 : 0.5608"
"4,46 : 0.6835"
"46,4 : 0.6835"
"4,47 : 0.4909"
"47,4 : 0.4909"
"4,48 : 0.4046"
"48,4 : 0.4046"
"4,49 : 0.5508"
"49,4 : 0.5508"
"5,6 : 0.5982"
"6,5 : 0.5982"
"5,7 : 0.2202"
"7,5 : 0.2202"
"5,8 : 0.4031"
"8,5 : 0.4031"
"5,9 : 0.1077"
"9,5 : 0.1077"
"5,10 : 0.07"
"10,5 : 0.07"
"5,11 : 0.5714"
"11,5 : 0.5714"
"5,12 : 0.1118"
"12,5 : 0.1118"
"5,13 : 0.4504"
"13,5 : 0.4504"
"5,14 : 0.423"
"14,5 : 0.423"
"5,15 : 0.4082"
"15,5 : 0.4082"
"5,16 : 0.2508"
"16,5 : 0.2508"
"5,17 : 0.178"
"17,5 : 0.178"
"5,18 : 0.3677"
"18,5 : 0.3677"
"5,19 : 0.4026"
"19,5 : 0.4026"
"5,20 : 0.1879"
"20,5 : 0.1879"
"5,21 : 0.5908"
"21,5 : 0.5908"
"5,22 : 0.2907"
"22,5 : 0.2907"
"5,23 : 0.1924"
"23,5 : 0.1924"
"5,24 : 0.2746"
"24,5 : 0.2746"
"5,25 : 0.264"
"25,5 : 0.264"
"5,26 : 0.4205"
"26,5 : 0.4205"
"5,27 : 0.0943"
"27,5 : 0.0943"
"5,28 : 0.36"
"28,5 : 0.36"
"5,29 : 0.1204"
"29,5 : 0.1204"
"5,30 : 0.4134"
"30,5 : 0.4134"
"5,31 : 0.2326"
"31,5 : 0.2326"
"5,32 : 0.3441"
"32,5 : 0.3441"
"5,33 : 0.3945"
"33,5 : 0.3945"
"5,34 : 0.5404"
"34,5 : 0.5404"
"5,35 : 0.4105"
"35,5 : 0.4105"
"5,36 : 0.5054"
"36,5 : 0.5054"
"5,37 : 0.3007"
"37,5 : 0.3007"
"5,38 : 0.2335"
"38,5 : 0.2335"
"5,39 : 0.0721"
"39,5 : 0.0721"
"5,40 : 0.3302"
"40,5 : 0.3302"
"5,41 : 0.283"
"41,5 : 0.283"
"5,42 : 0.3847"
"42,5 : 0.3847"
"5,43 : 0.2702"
"43,5 : 0.2702"
"5,44 : 0.4342"
"44,5 : 0.4342"
"5,45 : 0.3511"
"45,5 : 0.3511"
"5,46 : 0.6389"
"46,5 : 0.6389"
"5,47 : 0.3677"
"47,5 : 0.3677"
"5,48 : 0.6297"
"48,5 : 0.6297"
"5,49 : 0.36"
"49,5 : 0.36"
"6,7 : 0.4838"
"7,6 : 0.4838"
"6,8 : 0.9661"
"8,6 : 0.9661"
"6,9 : 0.5077"
"9,6 : 0.5077"
"6,10 : 0.5576"
"10,6 : 0.5576"
"6,11 : 0.0608"
"11,6 : 0.0608"
"6,12 : 0.5308"
"12,6 : 0.5308"
"6,13 : 0.3506"
"13,6 : 0.3506"
"6,14 : 0.8947"
"14,6 : 0.8947"
"6,15 : 0.7655"
"15,6 : 0.7655"
"6,16 : 0.8188"
"16,6 : 0.8188"
"6,17 : 0.7723"
"17,6 : 0.7723"
"6,18 : 0.9361"
"18,6 : 0.9361"
"6,19 : 0.5704"
"19,6 : 0.5704"
"6,20 : 0.7708"
"20,6 : 0.7708"
"6,21 : 1.1746"
"21,6 : 1.1746"
"6,22 : 0.61"
"22,6 : 0.61"
"6,23 : 0.4294"
"23,6 : 0.4294"
"6,24 : 0.8628"
"24,6 : 0.8628"
"6,25 : 0.857"
"25,6 : 0.857"
"6,26 : 0.9563"
"26,6 : 0.9563"
"6,27 : 0.6363"
"27,6 : 0.6363"
"6,28 : 0.386"
"28,6 : 0.386"
"6,29 : 0.6306"
"29,6 : 0.6306"
"6,30 : 0.6903"
"30,6 : 0.6903"
"6,31 : 0.3748"
"31,6 : 0.3748"
"6,32 : 0.6008"
"32,6 : 0.6008"
"6,33 : 0.7596"
"33,6 : 0.7596"
"6,34 : 0.1393"
"34,6 : 0.1393"
"6,35 : 0.7495"
"35,6 : 0.7495"
"6,36 : 0.8544"
"36,6 : 0.8544"
"6,37 : 0.4554"
"37,6 : 0.4554"
"6,38 : 0.609"
"38,6 : 0.609"
"6,39 : 0.5798"
"39,6 : 0.5798"
"6,40 : 0.8376"
"40,6 : 0.8376"
"6,41 : 0.6335"
"41,6 : 0.6335"
"6,42 : 0.9048"
"42,6 : 0.9048"
"6,43 : 0.6597"
"43,6 : 0.6597"
"6,44 : 0.9519"
"44,6 : 0.9519"
"6,45 : 0.9381"
"45,6 : 0.9381"
"6,46 : 0.9608"
"46,6 : 0.9608"
"6,47 : 0.842"
"47,6 : 0.842"
"6,48 : 0.0608"
"48,6 : 0.0608"
"6,49 : 0.8682"
"49,6 : 0.8682"
"7,8 : 0.4909"
"8,7 : 0.4909"
"7,9 : 0.1237"
"9,7 : 0.1237"
"7,10 : 0.1503"
"10,7 : 0.1503"
"7,11 : 0.4785"
"11,7 : 0.4785"
"7,12 : 0.26"
"12,7 : 0.26"
"7,13 : 0.4833"
"13,7 : 0.4833"
"7,14 : 0.6412"
"14,7 : 0.6412"
"7,15 : 0.6041"
"15,7 : 0.6041"
"7,16 : 0.3538"
"16,7 : 0.3538"
"7,17 : 0.3795"
"17,7 : 0.3795"
"7,18 : 0.5797"
"18,7 : 0.5797"
"7,19 : 0.2025"
"19,7 : 0.2025"
"7,20 : 0.4002"
"20,7 : 0.4002"
"7,21 : 0.7872"
"21,7 : 0.7872"
"7,22 : 0.1456"
"22,7 : 0.1456"
"7,23 : 0.0943"
"23,7 : 0.0943"
"7,24 : 0.4776"
"24,7 : 0.4776"
"7,25 : 0.414"
"25,7 : 0.414"
"7,26 : 0.4742"
"26,7 : 0.4742"
"7,27 : 0.1924"
"27,7 : 0.1924"
"7,28 : 0.4134"
"28,7 : 0.4134"
"7,29 : 0.172"
"29,7 : 0.172"
"7,30 : 0.2642"
"30,7 : 0.2642"
"7,31 : 0.2332"
"31,7 : 0.2332"
"7,32 : 0.4993"
"32,7 : 0.4993"
"7,33 : 0.5914"
"33,7 : 0.5914"
"7,34 : 0.3859"
"34,7 : 0.3859"
"7,35 : 0.6017"
"35,7 : 0.6017"
"7,36 : 0.7052"
"36,7 : 0.7052"
"7,37 : 0.0806"
"37,7 : 0.0806"
"7,38 : 0.4123"
"38,7 : 0.4123"
"7,39 : 0.2648"
"39,7 : 0.2648"
"7,40 : 0.55"
"40,7 : 0.55"
"7,41 : 0.1612"
"41,7 : 0.1612"
"7,42 : 0.4215"
"42,7 : 0.4215"
"7,43 : 0.1803"
"43,7 : 0.1803"
"7,44 : 0.4682"
"44,7 : 0.4682"
"7,45 : 0.4808"
"45,7 : 0.4808"
"7,46 : 0.5349"
"46,7 : 0.5349"
"7,47 : 0.359"
"47,7 : 0.359"
"7,48 : 0.4966"
"48,7 : 0.4966"
"7,49 : 0.5801"
"49,7 : 0.5801"
"8,9 : 0.4649"
"9,8 : 0.4649"
"8,10 : 0.4176"
"10,8 : 0.4176"
"8,11 : 0.9508"
"11,8 : 0.9508"
"8,12 : 0.5109"
"12,8 : 0.5109"
"8,13 : 0.8529"
"13,8 : 0.8529"
"8,14 : 0.5826"
"14,8 : 0.5826"
"8,15 : 0.6798"
"15,8 : 0.6798"
"8,16 : 0.153"
"16,8 : 0.153"
"8,17 : 0.3036"
"17,8 : 0.3036"
"8,18 : 0.3895"
"18,8 : 0.3895"
"8,19 : 0.5325"
"19,8 : 0.5325"
"8,20 : 0.3418"
"20,8 : 0.3418"
"8,21 : 0.4455"
"21,8 : 0.4455"
"8,22 : 0.4111"
"22,8 : 0.4111"
"8,23 : 0.5371"
"23,8 : 0.5371"
"8,24 : 0.3081"
"24,8 : 0.3081"
"8,25 : 0.1709"
"25,8 : 0.1709"
"8,26 : 0.0728"
"26,8 : 0.0728"
"8,27 : 0.3353"
"27,8 : 0.3353"
"8,28 : 0.7616"
"28,8 : 0.7616"
"8,29 : 0.3362"
"29,8 : 0.3362"
"8,30 : 0.4386"
"30,8 : 0.4386"
"8,31 : 0.6282"
"31,8 : 0.6282"
"8,32 : 0.6963"
"32,8 : 0.6963"
"8,33 : 0.6664"
"33,8 : 0.6664"
"8,34 : 0.8766"
"34,8 : 0.8766"
"8,35 : 0.6935"
"35,8 : 0.6935"
"8,36 : 0.7463"
"36,8 : 0.7463"
"8,37 : 0.5467"
"37,8 : 0.5467"
"8,38 : 0.5805"
"38,8 : 0.5805"
"8,39 : 0.4601"
"39,8 : 0.4601"
"8,40 : 0.4965"
"40,8 : 0.4965"
"8,41 : 0.3829"
"41,8 : 0.3829"
"8,42 : 0.1118"
"42,8 : 0.1118"
"8,43 : 0.3471"
"43,8 : 0.3471"
"8,44 : 0.114"
"44,8 : 0.114"
"8,45 : 0.099"
"45,8 : 0.099"
"8,46 : 0.4687"
"46,8 : 0.4687"
"8,47 : 0.1992"
"47,8 : 0.1992"
"8,48 : 0.9849"
"48,8 : 0.9849"
"8,49 : 0.5061"
"49,8 : 0.5061"
"9,10 : 0.05"
"10,9 : 0.05"
"9,11 : 0.4875"
"11,9 : 0.4875"
"9,12 : 0.1389"
"12,9 : 0.1389"
"9,13 : 0.4177"
"13,9 : 0.4177"
"9,14 : 0.5201"
"14,9 : 0.5201"
"9,15 : 0.481"
"15,9 : 0.481"
"9,16 : 0.3138"
"16,9 : 0.3138"
"9,17 : 0.283"
"17,9 : 0.283"
"9,18 : 0.4754"
"18,9 : 0.4754"
"9,19 : 0.322"
"19,9 : 0.322"
"9,20 : 0.2955"
"20,9 : 0.2955"
"9,21 : 0.6964"
"21,9 : 0.6964"
"9,22 : 0.2335"
"22,9 : 0.2335"
"9,23 : 0.086"
"23,9 : 0.086"
"9,24 : 0.3808"
"24,9 : 0.3808"
"9,25 : 0.35"
"25,9 : 0.35"
"9,26 : 0.4669"
"26,9 : 0.4669"
"9,27 : 0.13"
"27,9 : 0.13"
"9,28 : 0.3353"
"28,9 : 0.3353"
"9,29 : 0.1315"
"29,9 : 0.1315"
"9,30 : 0.3607"
"30,9 : 0.3607"
"9,31 : 0.17"
"31,9 : 0.17"
"9,32 : 0.3842"
"32,9 : 0.3842"
"9,33 : 0.4682"
"33,9 : 0.4682"
"9,34 : 0.4386"
"34,9 : 0.4386"
"9,35 : 0.4793"
"35,9 : 0.4793"
"9,36 : 0.5819"
"36,9 : 0.5819"
"9,37 : 0.201"
"37,9 : 0.201"
"9,38 : 0.2907"
"38,9 : 0.2907"
"9,39 : 0.1414"
"39,9 : 0.1414"
"9,40 : 0.431"
"40,9 : 0.431"
"9,41 : 0.236"
"41,9 : 0.236"
"9,42 : 0.4219"
"42,9 : 0.4219"
"9,43 : 0.2371"
"43,9 : 0.2371"
"9,44 : 0.4717"
"44,9 : 0.4717"
"9,45 : 0.4305"
"45,9 : 0.4305"
"9,46 : 0.614"
"46,9 : 0.614"
"9,47 : 0.3821"
"47,9 : 0.3821"
"9,48 : 0.5341"
"48,9 : 0.5341"
"9,49 : 0.4617"
"49,9 : 0.4617"
"10,11 : 0.5367"
"11,10 : 0.5367"
"10,12 : 0.1421"
"12,10 : 0.1421"
"10,13 : 0.4528"
"13,10 : 0.4528"
"10,14 : 0.4925"
"14,10 : 0.4925"
"10,15 : 0.4696"
"15,10 : 0.4696"
"10,16 : 0.2657"
"16,10 : 0.2657"
"10,17 : 0.2371"
"17,10 : 0.2371"
"10,18 : 0.4332"
"18,10 : 0.4332"
"10,19 : 0.3353"
"19,10 : 0.3353"
"10,20 : 0.253"
"20,10 : 0.253"
"10,21 : 0.65"
"21,10 : 0.65"
"10,22 : 0.2302"
"22,10 : 0.2302"
"10,23 : 0.1345"
"23,10 : 0.1345"
"10,24 : 0.3354"
"24,10 : 0.3354"
"10,25 : 0.3"
"25,10 : 0.3"
"10,26 : 0.423"
"26,10 : 0.423"
"10,27 : 0.0825"
"27,10 : 0.0825"
"10,28 : 0.3667"
"28,10 : 0.3667"
"10,29 : 0.0906"
"29,10 : 0.0906"
"10,30 : 0.3561"
"30,10 : 0.3561"
"10,31 : 0.2121"
"31,10 : 0.2121"
"10,32 : 0.389"
"32,10 : 0.389"
"10,33 : 0.4562"
"33,10 : 0.4562"
"10,34 : 0.488"
"34,10 : 0.488"
"10,35 : 0.4701"
"35,10 : 0.4701"
"10,36 : 0.5686"
"36,10 : 0.5686"
"10,37 : 0.2309"
"37,10 : 0.2309"
"10,38 : 0.286"
"38,10 : 0.286"
"10,39 : 0.1253"
"39,10 : 0.1253"
"10,40 : 0.4001"
"40,10 : 0.4001"
"10,41 : 0.2267"
"41,10 : 0.2267"
"10,42 : 0.3801"
"42,10 : 0.3801"
"10,43 : 0.2202"
"43,10 : 0.2202"
"10,44 : 0.4301"
"44,10 : 0.4301"
"10,45 : 0.3808"
"45,10 : 0.3808"
"10,46 : 0.5964"
"46,10 : 0.5964"
"10,47 : 0.3471"
"47,10 : 0.3471"
"10,48 : 0.5841"
"48,10 : 0.5841"
"10,49 : 0.43"
"49,10 : 0.43"
"11,12 : 0.4958"
"12,11 : 0.4958"
"11,13 : 0.2915"
"13,11 : 0.2915"
"11,14 : 0.8472"
"14,11 : 0.8472"
"11,15 : 0.7131"
"15,11 : 0.7131"
"11,16 : 0.8011"
"16,11 : 0.8011"
"11,17 : 0.742"
"17,11 : 0.742"
"11,18 : 0.8983"
"18,11 : 0.8983"
"11,19 : 0.5855"
"19,11 : 0.5855"
"11,20 : 0.7376"
"20,11 : 0.7376"
"11,21 : 1.1385"
"21,11 : 1.1385"
"11,22 : 0.612"
"22,11 : 0.612"
"11,23 : 0.4144"
"23,11 : 0.4144"
"11,24 : 0.8298"
"24,11 : 0.8298"
"11,25 : 0.8335"
"25,11 : 0.8335"
"11,26 : 0.9456"
"26,11 : 0.9456"
"11,27 : 0.6174"
"27,11 : 0.6174"
"11,28 : 0.3324"
"28,11 : 0.3324"
"11,29 : 0.6147"
"29,11 : 0.6147"
"11,30 : 0.7011"
"30,11 : 0.7011"
"11,31 : 0.3421"
"31,11 : 0.3421"
"11,32 : 0.5478"
"32,11 : 0.5478"
"11,33 : 0.7077"
"33,11 : 0.7077"
"11,34 : 0.178"
"34,11 : 0.178"
"11,35 : 0.6964"
"35,11 : 0.6964"
"11,36 : 0.8001"
"36,11 : 0.8001"
"11,37 : 0.4601"
"37,11 : 0.4601"
"11,38 : 0.563"
"38,11 : 0.563"
"11,39 : 0.5467"
"39,11 : 0.5467"
"11,40 : 0.794"
"40,11 : 0.794"
"11,41 : 0.6339"
"41,11 : 0.6339"
"11,42 : 0.8956"
"42,11 : 0.8956"
"11,43 : 0.6576"
"43,11 : 0.6576"
"11,44 : 0.9437"
"44,11 : 0.9437"
"11,45 : 0.9171"
"45,11 : 0.9171"
"11,46 : 0.9751"
"46,11 : 0.9751"
"11,47 : 0.8374"
"47,11 : 0.8374"
"11,48 : 0.1217"
"48,11 : 0.1217"
"11,49 : 0.8242"
"49,11 : 0.8242"
"12,13 : 0.3423"
"13,12 : 0.3423"
"12,14 : 0.4045"
"14,12 : 0.4045"
"12,15 : 0.3448"
"15,12 : 0.3448"
"12,16 : 0.36"
"16,12 : 0.36"
"12,17 : 0.2506"
"17,12 : 0.2506"
"12,18 : 0.4061"
"18,12 : 0.4061"
"12,19 : 0.4607"
"19,12 : 0.4607"
"12,20 : 0.2421"
"20,12 : 0.2421"
"12,21 : 0.6438"
"21,12 : 0.6438"
"12,22 : 0.3688"
"22,12 : 0.3688"
"12,23 : 0.191"
"23,12 : 0.191"
"12,24 : 0.3342"
"24,12 : 0.3342"
"12,25 : 0.3614"
"25,12 : 0.3614"
"12,26 : 0.5315"
"26,12 : 0.5315"
"12,27 : 0.2025"
"27,12 : 0.2025"
"12,28 : 0.2508"
"28,12 : 0.2508"
"12,29 : 0.2236"
"29,12 : 0.2236"
"12,30 : 0.4958"
"30,12 : 0.4958"
"12,31 : 0.1562"
"31,12 : 0.1562"
"12,32 : 0.2476"
"32,12 : 0.2476"
"12,33 : 0.3324"
"33,12 : 0.3324"
"12,34 : 0.4965"
"34,12 : 0.4965"
"12,35 : 0.3418"
"35,12 : 0.3418"
"12,36 : 0.4464"
"36,12 : 0.4464"
"12,37 : 0.3324"
"37,12 : 0.3324"
"12,38 : 0.1523"
"38,12 : 0.1523"
"12,39 : 0.0539"
"39,12 : 0.0539"
"12,40 : 0.3257"
"40,12 : 0.3257"
"12,41 : 0.3677"
"41,12 : 0.3677"
"12,42 : 0.4965"
"42,12 : 0.4965"
"12,43 : 0.3624"
"43,12 : 0.3624"
"12,44 : 0.5459"
"44,12 : 0.5459"
"12,45 : 0.4512"
"45,12 : 0.4512"
"12,46 : 0.7382"
"46,12 : 0.7382"
"12,47 : 0.4776"
"47,12 : 0.4776"
"12,48 : 0.5701"
"48,12 : 0.5701"
"12,49 : 0.3574"
"49,12 : 0.3574"
"13,14 : 0.5946"
"14,13 : 0.5946"
"13,15 : 0.441"
"15,13 : 0.441"
"13,16 : 0.7011"
"16,13 : 0.7011"
"13,17 : 0.5824"
"17,13 : 0.5824"
"13,18 : 0.6912"
"18,13 : 0.6912"
"13,19 : 0.6629"
"19,13 : 0.6629"
"13,20 : 0.563"
"20,13 : 0.563"
"13,21 : 0.9319"
"21,13 : 0.9319"
"13,22 : 0.6277"
"22,13 : 0.6277"
"13,23 : 0.39"
"23,13 : 0.39"
"13,24 : 0.65"
"24,13 : 0.65"
"13,25 : 0.7021"
"25,13 : 0.7021"
"13,26 : 0.87"
"26,13 : 0.87"
"13,27 : 0.5308"
"27,13 : 0.5308"
"13,28 : 0.0922"
"28,13 : 0.0922"
"13,29 : 0.5433"
"29,13 : 0.5433"
"13,30 : 0.7469"
"30,13 : 0.7469"
"13,31 : 0.253"
"31,13 : 0.253"
"13,32 : 0.278"
"32,13 : 0.278"
"13,33 : 0.4383"
"33,13 : 0.4383"
"13,34 : 0.4148"
"34,13 : 0.4148"
"13,35 : 0.4219"
"35,13 : 0.4219"
"13,36 : 0.5189"
"36,13 : 0.5189"
"13,37 : 0.5131"
"37,13 : 0.5131"
"13,38 : 0.3329"
"38,13 : 0.3329"
"13,39 : 0.3946"
"39,13 : 0.3946"
"13,40 : 0.5622"
"40,13 : 0.5622"
"13,41 : 0.6391"
"41,13 : 0.6391"
"13,42 : 0.831"
"42,13 : 0.831"
"13,43 : 0.6485"
"43,13 : 0.6485"
"13,44 : 0.8809"
"44,13 : 0.8809"
"13,45 : 0.7925"
"45,13 : 0.7925"
"13,46 : 1.0177"
"46,13 : 1.0177"
"13,47 : 0.7991"
"47,13 : 0.7991"
"13,48 : 0.4101"
"48,13 : 0.4101"
"13,49 : 0.589"
"49,13 : 0.589"
"14,15 : 0.1746"
"15,14 : 0.1746"
"14,16 : 0.5"
"16,14 : 0.5"
"14,17 : 0.3225"
"17,14 : 0.3225"
"14,18 : 0.2062"
"18,14 : 0.2062"
"14,19 : 0.8238"
"19,14 : 0.8238"
"14,20 : 0.2818"
"20,14 : 0.2818"
"14,21 : 0.3864"
"21,14 : 0.3864"
"14,22 : 0.7034"
"22,14 : 0.7034"
"14,23 : 0.5914"
"23,14 : 0.5914"
"14,24 : 0.2759"
"24,14 : 0.2759"
"14,25 : 0.4245"
"25,14 : 0.4245"
"14,26 : 0.6438"
"26,14 : 0.6438"
"14,27 : 0.4876"
"27,14 : 0.4876"
"14,28 : 0.522"
"28,14 : 0.522"
"14,29 : 0.5192"
"29,14 : 0.5192"
"14,30 : 0.816"
"30,14 : 0.816"
"14,31 : 0.5441"
"31,14 : 0.5441"
"14,32 : 0.3183"
"32,14 : 0.3183"
"14,33 : 0.17"
"33,14 : 0.17"
"14,34 : 0.8887"
"34,14 : 0.8887"
"14,35 : 0.197"
"35,14 : 0.197"
"14,36 : 0.1825"
"36,14 : 0.1825"
"14,37 : 0.7206"
"37,14 : 0.7206"
"14,38 : 0.2864"
"38,14 : 0.2864"
"14,39 : 0.3801"
"39,14 : 0.3801"
"14,40 : 0.0985"
"40,14 : 0.0985"
"14,41 : 0.6896"
"41,14 : 0.6896"
"14,42 : 0.6444"
"42,14 : 0.6444"
"14,43 : 0.6673"
"43,14 : 0.6673"
"14,44 : 0.6788"
"44,14 : 0.6788"
"14,45 : 0.4841"
"45,14 : 0.4841"
"14,46 : 0.9902"
"46,14 : 0.9902"
"14,47 : 0.6824"
"47,14 : 0.6824"
"14,48 : 0.9437"
"48,14 : 0.9437"
"14,49 : 0.0781"
"49,14 : 0.0781"
"15,16 : 0.5661"
"16,15 : 0.5661"
"15,17 : 0.3828"
"17,15 : 0.3828"
"15,18 : 0.3501"
"18,15 : 0.3501"
"15,19 : 0.8023"
"19,15 : 0.8023"
"15,20 : 0.3413"
"20,15 : 0.3413"
"15,21 : 0.5579"
"21,15 : 0.5579"
"15,22 : 0.6984"
"22,15 : 0.6984"
"15,23 : 0.5337"
"23,15 : 0.5337"
"15,24 : 0.3795"
"24,15 : 0.3795"
"15,25 : 0.51"
"25,15 : 0.51"
"15,26 : 0.7306"
"26,15 : 0.7306"
"15,27 : 0.4941"
"27,15 : 0.4941"
"15,28 : 0.3808"
"28,15 : 0.3808"
"15,29 : 0.5243"
"29,15 : 0.5243"
"15,30 : 0.8215"
"30,15 : 0.8215"
"15,31 : 0.45"
"31,15 : 0.45"
"15,32 : 0.1655"
"32,15 : 0.1655"
"15,33 : 0.0141"
"33,15 : 0.0141"
"15,34 : 0.7809"
"34,15 : 0.7809"
"15,35 : 0.0224"
"35,15 : 0.0224"
"15,36 : 0.102"
"36,15 : 0.102"
"15,37 : 0.6772"
"37,15 : 0.6772"
"15,38 : 0.1942"
"38,15 : 0.1942"
"15,39 : 0.3444"
"39,15 : 0.3444"
"15,40 : 0.201"
"40,15 : 0.201"
"15,41 : 0.6912"
"41,15 : 0.6912"
"15,42 : 0.7185"
"42,15 : 0.7185"
"15,43 : 0.6768"
"43,15 : 0.6768"
"15,44 : 0.7601"
"44,15 : 0.7601"
"15,45 : 0.5869"
"45,15 : 0.5869"
"15,46 : 1.0332"
"46,15 : 1.0332"
"15,47 : 0.7366"
"47,15 : 0.7366"
"15,48 : 0.8191"
"48,15 : 0.8191"
"15,49 : 0.2102"
"49,15 : 0.2102"
"16,17 : 0.1844"
"17,16 : 0.1844"
"16,18 : 0.3384"
"18,16 : 0.3384"
"16,19 : 0.4366"
"19,16 : 0.4366"
"16,20 : 0.2267"
"20,16 : 0.2267"
"16,21 : 0.4768"
"21,16 : 0.4768"
"16,22 : 0.3046"
"22,16 : 0.3046"
"16,23 : 0.3895"
"23,16 : 0.3895"
"16,24 : 0.2326"
"24,16 : 0.2326"
"16,25 : 0.0906"
"25,16 : 0.0906"
"16,26 : 0.1746"
"26,16 : 0.1746"
"16,27 : 0.1838"
"27,16 : 0.1838"
"16,28 : 0.6103"
"28,16 : 0.6103"
"16,29 : 0.1887"
"29,16 : 0.1887"
"16,30 : 0.3712"
"30,16 : 0.3712"
"16,31 : 0.4754"
"31,16 : 0.4754"
"16,32 : 0.5597"
"32,16 : 0.5597"
"16,33 : 0.5522"
"33,16 : 0.5522"
"16,34 : 0.736"
"34,16 : 0.736"
"16,35 : 0.5769"
"35,16 : 0.5769"
"16,36 : 0.6444"
"36,16 : 0.6444"
"16,37 : 0.4187"
"37,16 : 0.4187"
"16,38 : 0.4427"
"38,16 : 0.4427"
"16,39 : 0.3106"
"39,16 : 0.3106"
"16,40 : 0.4046"
"40,16 : 0.4046"
"16,41 : 0.2786"
"41,16 : 0.2786"
"16,42 : 0.1526"
"42,16 : 0.1526"
"16,43 : 0.2435"
"43,16 : 0.2435"
"16,44 : 0.197"
"44,16 : 0.197"
"16,45 : 0.1281"
"45,16 : 0.1281"
"16,46 : 0.4924"
"46,16 : 0.4924"
"16,47 : 0.1836"
"47,16 : 0.1836"
"16,48 : 0.8406"
"48,16 : 0.8406"
"16,49 : 0.422"
"49,16 : 0.422"
"17,18 : 0.2022"
"18,17 : 0.2022"
"17,19 : 0.5301"
"19,17 : 0.5301"
"17,20 : 0.0424"
"20,17 : 0.0424"
"17,21 : 0.4134"
"21,17 : 0.4134"
"17,22 : 0.4005"
"22,17 : 0.4005"
"17,23 : 0.3689"
"23,17 : 0.3689"
"17,24 : 0.0985"
"24,17 : 0.0985"
"17,25 : 0.1334"
"25,17 : 0.1334"
"17,26 : 0.3489"
"26,17 : 0.3489"
"17,27 : 0.1924"
"27,17 : 0.1924"
"17,28 : 0.4904"
"28,17 : 0.4904"
"17,29 : 0.2209"
"29,17 : 0.2209"
"17,30 : 0.5022"
"30,17 : 0.5022"
"17,31 : 0.4"
"31,17 : 0.4"
"17,32 : 0.3946"
"32,17 : 0.3946"
"17,33 : 0.3689"
"33,17 : 0.3689"
"17,34 : 0.7184"
"34,17 : 0.7184"
"17,35 : 0.3945"
"35,17 : 0.3945"
"17,36 : 0.4601"
"36,17 : 0.4601"
"17,37 : 0.4588"
"37,17 : 0.4588"
"17,38 : 0.2807"
"38,17 : 0.2807"
"17,39 : 0.1972"
"39,17 : 0.1972"
"17,40 : 0.2247"
"40,17 : 0.2247"
"17,41 : 0.3821"
"41,17 : 0.3821"
"17,42 : 0.336"
"42,17 : 0.336"
"17,43 : 0.3551"
"43,17 : 0.3551"
"17,44 : 0.3774"
"44,17 : 0.3774"
"17,45 : 0.2209"
"45,17 : 0.2209"
"17,46 : 0.6685"
"46,17 : 0.6685"
"17,47 : 0.3624"
"47,17 : 0.3624"
"17,48 : 0.8061"
"48,17 : 0.8061"
"17,49 : 0.246"
"49,17 : 0.246"
"18,19 : 0.7311"
"19,18 : 0.7311"
"18,20 : 0.1803"
"20,18 : 0.1803"
"18,21 : 0.2421"
"21,18 : 0.2421"
"18,22 : 0.6001"
"22,18 : 0.6001"
"18,23 : 0.5595"
"23,18 : 0.5595"
"18,24 : 0.1105"
"24,18 : 0.1105"
"18,25 : 0.2508"
"25,18 : 0.2508"
"18,26 : 0.4561"
"26,18 : 0.4561"
"18,27 : 0.3946"
"27,18 : 0.3946"
"18,28 : 0.6046"
"28,18 : 0.6046"
"18,29 : 0.423"
"29,18 : 0.423"
"18,30 : 0.6946"
"30,18 : 0.6946"
"18,31 : 0.5622"
"31,18 : 0.5622"
"18,32 : 0.4427"
"32,18 : 0.4427"
"18,33 : 0.34"
"33,18 : 0.34"
"18,34 : 0.8989"
"34,18 : 0.8989"
"18,35 : 0.37"
"35,18 : 0.37"
"18,36 : 0.386"
"36,18 : 0.386"
"18,37 : 0.6597"
"37,18 : 0.6597"
"18,38 : 0.3585"
"38,18 : 0.3585"
"18,39 : 0.3606"
"39,18 : 0.3606"
"18,40 : 0.1503"
"40,18 : 0.1503"
"18,41 : 0.5801"
"41,18 : 0.5801"
"18,42 : 0.4665"
"42,18 : 0.4665"
"18,43 : 0.5508"
"43,18 : 0.5508"
"18,44 : 0.4941"
"44,18 : 0.4941"
"18,45 : 0.2907"
"45,18 : 0.2907"
"18,46 : 0.8276"
"46,18 : 0.8276"
"18,47 : 0.52"
"47,18 : 0.52"
"18,48 : 0.9762"
"48,18 : 0.9762"
"18,49 : 0.1414"
"49,18 : 0.1414"
"19,20 : 0.5604"
"20,19 : 0.5604"
"19,21 : 0.9096"
"21,19 : 0.9096"
"19,22 : 0.1334"
"22,19 : 0.1334"
"19,23 : 0.2907"
"23,19 : 0.2907"
"19,24 : 0.622"
"24,19 : 0.622"
"19,25 : 0.5192"
"25,19 : 0.5192"
"19,26 : 0.4892"
"26,19 : 0.4892"
"19,27 : 0.3406"
"27,19 : 0.3406"
"19,28 : 0.6031"
"28,19 : 0.6031"
"19,29 : 0.3102"
"29,19 : 0.3102"
"19,30 : 0.1265"
"30,19 : 0.1265"
"19,31 : 0.4245"
"31,19 : 0.4245"
"19,32 : 0.7018"
"32,19 : 0.7018"
"19,33 : 0.7892"
"33,19 : 0.7892"
"19,34 : 0.441"
"34,19 : 0.441"
"19,35 : 0.8011"
"35,19 : 0.8011"
"19,36 : 0.9025"
"36,19 : 0.9025"
"19,37 : 0.15"
"37,19 : 0.15"
"19,38 : 0.6127"
"38,19 : 0.6127"
"19,39 : 0.4588"
"39,19 : 0.4588"
"19,40 : 0.7284"
"40,19 : 0.7284"
"19,41 : 0.1581"
"41,19 : 0.1581"
"19,42 : 0.4328"
"42,19 : 0.4328"
"19,43 : 0.1931"
"43,19 : 0.1931"
"19,44 : 0.4667"
"44,19 : 0.4667"
"19,45 : 0.5595"
"45,19 : 0.5595"
"19,46 : 0.3905"
"46,19 : 0.3905"
"19,47 : 0.3466"
"47,19 : 0.3466"
"19,48 : 0.5614"
"48,19 : 0.5614"
"19,49 : 0.7566"
"49,19 : 0.7566"
"20,21 : 0.4061"
"21,20 : 0.4061"
"20,22 : 0.4329"
"22,20 : 0.4329"
"20,23 : 0.3801"
"23,20 : 0.3801"
"20,24 : 0.0922"
"24,20 : 0.0922"
"20,25 : 0.1709"
"25,20 : 0.1709"
"20,26 : 0.3895"
"26,20 : 0.3895"
"20,27 : 0.22"
"27,20 : 0.22"
"20,28 : 0.4717"
"28,20 : 0.4717"
"20,29 : 0.2502"
"29,20 : 0.2502"
"20,30 : 0.5385"
"30,20 : 0.5385"
"20,31 : 0.3962"
"31,20 : 0.3962"
"20,32 : 0.3612"
"32,20 : 0.3612"
"20,33 : 0.3276"
"33,20 : 0.3276"
"20,34 : 0.7242"
"34,20 : 0.7242"
"20,35 : 0.3536"
"35,20 : 0.3536"
"20,36 : 0.4177"
"36,20 : 0.4177"
"20,37 : 0.4805"
"37,20 : 0.4805"
"20,38 : 0.2502"
"38,20 : 0.2502"
"20,39 : 0.191"
"39,20 : 0.191"
"20,40 : 0.1836"
"40,20 : 0.1836"
"20,41 : 0.4159"
"41,20 : 0.4159"
"20,42 : 0.378"
"42,20 : 0.378"
"20,43 : 0.3905"
"43,20 : 0.3905"
"20,44 : 0.4188"
"44,20 : 0.4188"
"20,45 : 0.255"
"45,20 : 0.255"
"20,46 : 0.7103"
"46,20 : 0.7103"
"20,47 : 0.4046"
"47,20 : 0.4046"
"20,48 : 0.8072"
"48,20 : 0.8072"
"20,49 : 0.2062"
"49,20 : 0.2062"
"21,22 : 0.7762"
"22,21 : 0.7762"
"21,23 : 0.7823"
"23,21 : 0.7823"
"21,24 : 0.3162"
"24,21 : 0.3162"
"21,25 : 0.3905"
"25,21 : 0.3905"
"21,26 : 0.5179"
"26,21 : 0.5179"
"21,27 : 0.5951"
"27,21 : 0.5951"
"21,28 : 0.8463"
"28,21 : 0.8463"
"21,29 : 0.6185"
"29,21 : 0.6185"
"21,30 : 0.8472"
"30,21 : 0.8472"
"21,31 : 0.7998"
"31,21 : 0.7998"
"21,32 : 0.6754"
"32,21 : 0.6754"
"21,33 : 0.5508"
"33,21 : 0.5508"
"21,34 : 1.13"
"34,21 : 1.13"
"21,35 : 0.5797"
"35,21 : 0.5797"
"21,36 : 0.5614"
"36,21 : 0.5614"
"21,37 : 0.8641"
"37,21 : 0.8641"
"21,38 : 0.5991"
"38,21 : 0.5991"
"21,39 : 0.5955"
"39,21 : 0.5955"
"21,40 : 0.3758"
"40,21 : 0.3758"
"21,41 : 0.7519"
"41,21 : 0.7519"
"21,42 : 0.5523"
"42,21 : 0.5523"
"21,43 : 0.7181"
"43,21 : 0.7181"
"21,44 : 0.559"
"44,21 : 0.559"
"21,45 : 0.37"
"45,21 : 0.37"
"21,46 : 0.9141"
"46,21 : 0.9141"
"21,47 : 0.6301"
"47,21 : 0.6301"
"21,48 : 1.2126"
"48,21 : 1.2126"
"21,49 : 0.3547"
"49,21 : 0.3547"
"22,23 : 0.2377"
"23,22 : 0.2377"
"22,24 : 0.4904"
"24,22 : 0.4904"
"22,25 : 0.386"
"25,22 : 0.386"
"22,26 : 0.3764"
"26,22 : 0.3764"
"22,27 : 0.2159"
"27,22 : 0.2159"
"22,28 : 0.5547"
"28,22 : 0.5547"
"22,29 : 0.1844"
"29,22 : 0.1844"
"22,30 : 0.1273"
"30,22 : 0.1273"
"22,31 : 0.3758"
"31,22 : 0.3758"
"22,32 : 0.6162"
"32,22 : 0.6162"
"22,33 : 0.6848"
"33,22 : 0.6848"
"22,34 : 0.4965"
"34,22 : 0.4965"
"22,35 : 0.6997"
"35,22 : 0.6997"
"22,36 : 0.7961"
"36,22 : 0.7961"
"22,37 : 0.1552"
"37,22 : 0.1552"
"22,38 : 0.5161"
"38,22 : 0.5161"
"22,39 : 0.3551"
"39,22 : 0.3551"
"22,40 : 0.6064"
"40,22 : 0.6064"
"22,41 : 0.0283"
"41,22 : 0.0283"
"22,42 : 0.3202"
"42,22 : 0.3202"
"22,43 : 0.064"
"43,22 : 0.064"
"22,44 : 0.3606"
"44,22 : 0.3606"
"22,45 : 0.4294"
"45,22 : 0.4294"
"22,46 : 0.39"
"46,22 : 0.39"
"22,47 : 0.2419"
"47,22 : 0.2419"
"22,48 : 0.614"
"48,22 : 0.614"
"22,49 : 0.6335"
"49,22 : 0.6335"
"23,24 : 0.4665"
"24,23 : 0.4665"
"23,25 : 0.4328"
"25,23 : 0.4328"
"23,26 : 0.5316"
"26,23 : 0.5316"
"23,27 : 0.2081"
"27,23 : 0.2081"
"23,28 : 0.3191"
"28,23 : 0.3191"
"23,29 : 0.2012"
"29,23 : 0.2012"
"23,30 : 0.3585"
"30,23 : 0.3585"
"23,31 : 0.1389"
"31,23 : 0.1389"
"23,32 : 0.4159"
"32,23 : 0.4159"
"23,33 : 0.5217"
"33,23 : 0.5217"
"23,34 : 0.3536"
"34,23 : 0.3536"
"23,35 : 0.5289"
"35,23 : 0.5289"
"23,36 : 0.6356"
"36,23 : 0.6356"
"23,37 : 0.1476"
"37,23 : 0.1476"
"23,38 : 0.3396"
"38,23 : 0.3396"
"23,39 : 0.2121"
"39,23 : 0.2121"
"23,40 : 0.5064"
"40,23 : 0.5064"
"23,41 : 0.25"
"41,23 : 0.25"
"23,42 : 0.4827"
"42,23 : 0.4827"
"23,43 : 0.2631"
"43,23 : 0.2631"
"23,44 : 0.5315"
"44,23 : 0.5315"
"23,45 : 0.5104"
"45,23 : 0.5104"
"23,46 : 0.6277"
"46,23 : 0.6277"
"23,47 : 0.431"
"47,23 : 0.431"
"23,48 : 0.4522"
"48,23 : 0.4522"
"23,49 : 0.5376"
"49,23 : 0.5376"
"24,25 : 0.15"
"25,24 : 0.15"
"24,26 : 0.368"
"26,24 : 0.368"
"24,27 : 0.2886"
"27,24 : 0.2886"
"24,28 : 0.5595"
"28,24 : 0.5595"
"24,29 : 0.3158"
"29,24 : 0.3158"
"24,30 : 0.5842"
"30,24 : 0.5842"
"24,31 : 0.4884"
"31,24 : 0.4884"
"24,32 : 0.431"
"32,24 : 0.431"
"24,33 : 0.3669"
"33,24 : 0.3669"
"24,34 : 0.814"
"34,24 : 0.814"
"24,35 : 0.3956"
"35,24 : 0.3956"
"24,36 : 0.4391"
"36,24 : 0.4391"
"24,37 : 0.5566"
"37,24 : 0.5566"
"24,38 : 0.3276"
"38,24 : 0.3276"
"24,39 : 0.2832"
"39,24 : 0.2832"
"24,40 : 0.1887"
"40,24 : 0.1887"
"24,41 : 0.47"
"41,24 : 0.47"
"24,42 : 0.3701"
"42,24 : 0.3701"
"24,43 : 0.4405"
"43,24 : 0.4405"
"24,44 : 0.4031"
"44,24 : 0.4031"
"24,45 : 0.211"
"45,24 : 0.211"
"24,46 : 0.7247"
"46,24 : 0.7247"
"24,47 : 0.4159"
"47,24 : 0.4159"
"24,48 : 0.8987"
"48,24 : 0.8987"
"24,49 : 0.1985"
"49,24 : 0.1985"
"25,26 : 0.222"
"26,25 : 0.222"
"25,27 : 0.2263"
"27,25 : 0.2263"
"25,28 : 0.61"
"28,25 : 0.61"
"25,29 : 0.2421"
"29,25 : 0.2421"
"25,30 : 0.4604"
"30,25 : 0.4604"
"25,31 : 0.4966"
"31,25 : 0.4966"
"25,32 : 0.5277"
"32,25 : 0.5277"
"25,33 : 0.4965"
"33,25 : 0.4965"
"25,34 : 0.7857"
"34,25 : 0.7857"
"25,35 : 0.5233"
"35,25 : 0.5233"
"25,36 : 0.5801"
"36,25 : 0.5801"
"25,37 : 0.4855"
"37,25 : 0.4855"
"25,38 : 0.413"
"38,25 : 0.413"
"25,39 : 0.3081"
"39,25 : 0.3081"
"25,40 : 0.333"
"40,25 : 0.333"
"25,41 : 0.3614"
"41,25 : 0.3614"
"25,42 : 0.2202"
"42,25 : 0.2202"
"25,43 : 0.3276"
"43,25 : 0.3276"
"25,44 : 0.255"
"44,25 : 0.255"
"25,45 : 0.0906"
"45,25 : 0.0906"
"25,46 : 0.577"
"46,25 : 0.577"
"25,47 : 0.2693"
"47,25 : 0.2693"
"25,48 : 0.8841"
"48,25 : 0.8841"
"25,49 : 0.3466"
"49,25 : 0.3466"
"26,27 : 0.3413"
"27,26 : 0.3413"
"26,28 : 0.7803"
"28,26 : 0.7803"
"26,29 : 0.3354"
"29,26 : 0.3354"
"26,30 : 0.3859"
"30,26 : 0.3859"
"26,31 : 0.6351"
"31,26 : 0.6351"
"26,32 : 0.7338"
"32,26 : 0.7338"
"26,33 : 0.7169"
"33,26 : 0.7169"
"26,34 : 0.8588"
"34,26 : 0.8588"
"26,35 : 0.743"
"35,26 : 0.743"
"26,36 : 0.8021"
"36,26 : 0.8021"
"26,37 : 0.5215"
"37,26 : 0.5215"
"26,38 : 0.6168"
"38,26 : 0.6168"
"26,39 : 0.4837"
"39,26 : 0.4837"
"26,40 : 0.5544"
"40,26 : 0.5544"
"26,41 : 0.3483"
"41,26 : 0.3483"
"26,42 : 0.0566"
"42,26 : 0.0566"
"26,43 : 0.314"
"43,26 : 0.314"
"26,44 : 0.0412"
"44,26 : 0.0412"
"26,45 : 0.1664"
"45,26 : 0.1664"
"26,46 : 0.3962"
"46,26 : 0.3962"
"26,47 : 0.1442"
"47,26 : 0.1442"
"26,48 : 0.9708"
"48,26 : 0.9708"
"26,49 : 0.5664"
"49,26 : 0.5664"
"27,28 : 0.4428"
"28,27 : 0.4428"
"27,29 : 0.0316"
"29,27 : 0.0316"
"27,30 : 0.3311"
"30,27 : 0.3311"
"27,31 : 0.2943"
"31,27 : 0.2943"
"27,32 : 0.4383"
"32,27 : 0.4383"
"27,33 : 0.4801"
"33,27 : 0.4801"
"27,34 : 0.5597"
"34,27 : 0.5597"
"27,35 : 0.4982"
"35,27 : 0.4982"
"27,36 : 0.5883"
"36,27 : 0.5883"
"27,37 : 0.2693"
"37,27 : 0.2693"
"27,38 : 0.3265"
"38,27 : 0.3265"
"27,39 : 0.1664"
"39,27 : 0.1664"
"27,40 : 0.3905"
"40,27 : 0.3905"
"27,41 : 0.2025"
"41,27 : 0.2025"
"27,42 : 0.3002"
"42,27 : 0.3002"
"27,43 : 0.1836"
"43,27 : 0.1836"
"27,44 : 0.3501"
"44,27 : 0.3501"
"27,45 : 0.3023"
"45,27 : 0.3023"
"27,46 : 0.5456"
"46,27 : 0.5456"
"27,47 : 0.2751"
"47,27 : 0.2751"
"27,48 : 0.6603"
"48,27 : 0.6603"
"27,49 : 0.4177"
"49,27 : 0.4177"
"28,29 : 0.4571"
"29,28 : 0.4571"
"28,30 : 0.6774"
"30,28 : 0.6774"
"28,31 : 0.1803"
"31,28 : 0.1803"
"28,32 : 0.2154"
"32,28 : 0.2154"
"28,33 : 0.3758"
"33,28 : 0.3758"
"28,34 : 0.4205"
"34,28 : 0.4205"
"28,35 : 0.364"
"35,28 : 0.364"
"28,36 : 0.4684"
"36,28 : 0.4684"
"28,37 : 0.4534"
"37,28 : 0.4534"
"28,38 : 0.2484"
"38,28 : 0.2484"
"28,39 : 0.3027"
"39,28 : 0.3027"
"28,40 : 0.481"
"40,28 : 0.481"
"28,41 : 0.5636"
"41,28 : 0.5636"
"28,42 : 0.7424"
"42,28 : 0.7424"
"28,43 : 0.5701"
"43,28 : 0.5701"
"28,44 : 0.7923"
"44,28 : 0.7923"
"28,45 : 0.7004"
"45,28 : 0.7004"
"28,46 : 0.9437"
"46,28 : 0.9437"
"28,47 : 0.7139"
"47,28 : 0.7139"
"28,48 : 0.4415"
"48,28 : 0.4415"
"28,49 : 0.5091"
"49,28 : 0.5091"
"29,30 : 0.2997"
"30,29 : 0.2997"
"29,31 : 0.3007"
"31,29 : 0.3007"
"29,32 : 0.464"
"32,29 : 0.464"
"29,33 : 0.5104"
"33,29 : 0.5104"
"29,34 : 0.5482"
"34,29 : 0.5482"
"29,35 : 0.528"
"35,29 : 0.528"
"29,36 : 0.6191"
"36,29 : 0.6191"
"29,37 : 0.246"
"37,29 : 0.246"
"29,38 : 0.3538"
"38,29 : 0.3538"
"29,39 : 0.1921"
"39,29 : 0.1921"
"29,40 : 0.422"
"40,29 : 0.422"
"29,41 : 0.1709"
"41,29 : 0.1709"
"29,42 : 0.2907"
"42,29 : 0.2907"
"29,43 : 0.1526"
"43,29 : 0.1526"
"29,44 : 0.3406"
"44,29 : 0.3406"
"29,45 : 0.3124"
"45,29 : 0.3124"
"29,46 : 0.5186"
"46,29 : 0.5186"
"29,47 : 0.2571"
"47,29 : 0.2571"
"29,48 : 0.6519"
"48,29 : 0.6519"
"29,49 : 0.4491"
"49,29 : 0.4491"
"30,31 : 0.4974"
"31,30 : 0.4974"
"30,32 : 0.7433"
"32,30 : 0.7433"
"30,33 : 0.8078"
"33,30 : 0.8078"
"30,34 : 0.5644"
"34,30 : 0.5644"
"30,35 : 0.8238"
"35,30 : 0.8238"
"30,36 : 0.9179"
"36,30 : 0.9179"
"30,37 : 0.2452"
"37,30 : 0.2452"
"30,38 : 0.642"
"38,30 : 0.642"
"30,39 : 0.4801"
"39,30 : 0.4801"
"30,40 : 0.7178"
"40,30 : 0.7178"
"30,41 : 0.1304"
"41,30 : 0.1304"
"30,42 : 0.3312"
"42,30 : 0.3312"
"30,43 : 0.1487"
"43,30 : 0.1487"
"30,44 : 0.3581"
"44,30 : 0.3581"
"30,45 : 0.4827"
"45,30 : 0.4827"
"30,46 : 0.2766"
"46,30 : 0.2766"
"30,47 : 0.2419"
"47,30 : 0.2419"
"30,48 : 0.6847"
"48,30 : 0.6847"
"30,49 : 0.7433"
"49,30 : 0.7433"
"31,32 : 0.3081"
"32,31 : 0.3081"
"31,33 : 0.4401"
"33,31 : 0.4401"
"31,34 : 0.3454"
"34,31 : 0.3454"
"31,35 : 0.4405"
"35,31 : 0.4405"
"31,36 : 0.5504"
"36,31 : 0.5504"
"31,37 : 0.2759"
"37,31 : 0.2759"
"31,38 : 0.2631"
"38,31 : 0.2631"
"31,39 : 0.2052"
"39,31 : 0.2052"
"31,40 : 0.4742"
"40,31 : 0.4742"
"31,41 : 0.3863"
"41,31 : 0.3863"
"31,42 : 0.5914"
"42,31 : 0.5914"
"31,43 : 0.3956"
"43,31 : 0.3956"
"31,44 : 0.6412"
"44,31 : 0.6412"
"31,45 : 0.5831"
"45,31 : 0.5831"
"31,46 : 0.7656"
"46,31 : 0.7656"
"31,47 : 0.5515"
"47,31 : 0.5515"
"31,48 : 0.414"
"48,31 : 0.414"
"31,49 : 0.5057"
"49,31 : 0.5057"
"32,33 : 0.1612"
"33,32 : 0.1612"
"32,34 : 0.6229"
"34,32 : 0.6229"
"32,35 : 0.1487"
"35,32 : 0.1487"
"32,36 : 0.255"
"36,32 : 0.255"
"32,37 : 0.5636"
"37,32 : 0.5636"
"32,38 : 0.117"
"38,32 : 0.117"
"32,39 : 0.272"
"39,32 : 0.272"
"32,40 : 0.2997"
"40,32 : 0.2997"
"32,41 : 0.6152"
"41,32 : 0.6152"
"32,42 : 0.7094"
"42,32 : 0.7094"
"32,43 : 0.6088"
"43,32 : 0.6088"
"32,44 : 0.7561"
"44,32 : 0.7561"
"32,45 : 0.6152"
"45,32 : 0.6152"
"32,46 : 0.9823"
"46,32 : 0.9823"
"32,47 : 0.7071"
"47,32 : 0.7071"
"32,48 : 0.6552"
"48,32 : 0.6552"
"32,49 : 0.3225"
"49,32 : 0.3225"
"33,34 : 0.7728"
"34,33 : 0.7728"
"33,35 : 0.03"
"35,33 : 0.03"
"33,36 : 0.114"
"36,33 : 0.114"
"33,37 : 0.6648"
"37,33 : 0.6648"
"33,38 : 0.1825"
"38,33 : 0.1825"
"33,39 : 0.3311"
"39,33 : 0.3311"
"33,40 : 0.1903"
"40,33 : 0.1903"
"33,41 : 0.6774"
"41,33 : 0.6774"
"33,42 : 0.7046"
"42,33 : 0.7046"
"33,43 : 0.6629"
"43,33 : 0.6629"
"33,44 : 0.7463"
"44,33 : 0.7463"
"33,45 : 0.5738"
"45,33 : 0.5738"
"33,46 : 1.0191"
"46,33 : 1.0191"
"33,47 : 0.7225"
"47,33 : 0.7225"
"33,48 : 0.8127"
"48,33 : 0.8127"
"33,49 : 0.201"
"49,33 : 0.201"
"34,35 : 0.7679"
"35,34 : 0.7679"
"34,36 : 0.8769"
"36,34 : 0.8769"
"34,37 : 0.3418"
"37,34 : 0.3418"
"34,38 : 0.6044"
"38,34 : 0.6044"
"34,39 : 0.5385"
"39,34 : 0.5385"
"34,40 : 0.8194"
"40,34 : 0.8194"
"34,41 : 0.522"
"41,34 : 0.522"
"34,42 : 0.805"
"42,34 : 0.805"
"34,43 : 0.5515"
"43,34 : 0.5515"
"34,44 : 0.85"
"44,34 : 0.85"
"34,45 : 0.8605"
"45,34 : 0.8605"
"34,46 : 0.8301"
"46,34 : 0.8301"
"34,47 : 0.7354"
"47,34 : 0.7354"
"34,48 : 0.1204"
"48,34 : 0.1204"
"34,49 : 0.8509"
"49,34 : 0.8509"
"35,36 : 0.11"
"36,35 : 0.11"
"35,37 : 0.6736"
"37,35 : 0.6736"
"35,38 : 0.1897"
"38,35 : 0.1897"
"35,39 : 0.3448"
"39,35 : 0.3448"
"35,40 : 0.2202"
"40,35 : 0.2202"
"35,41 : 0.6934"
"41,35 : 0.6934"
"35,42 : 0.7295"
"42,35 : 0.7295"
"35,43 : 0.6801"
"43,35 : 0.6801"
"35,44 : 0.7718"
"44,35 : 0.7718"
"35,45 : 0.6017"
"45,35 : 0.6017"
"35,46 : 1.0397"
"46,35 : 1.0397"
"35,47 : 0.7452"
"47,35 : 0.7452"
"35,48 : 0.8036"
"48,35 : 0.8036"
"35,49 : 0.2309"
"49,35 : 0.2309"
"36,37 : 0.7788"
"37,36 : 0.7788"
"36,38 : 0.2961"
"38,36 : 0.2961"
"36,39 : 0.4438"
"39,36 : 0.4438"
"36,40 : 0.2506"
"40,36 : 0.2506"
"36,41 : 0.7877"
"41,36 : 0.7877"
"36,42 : 0.7951"
"42,36 : 0.7951"
"36,43 : 0.7718"
"43,36 : 0.7718"
"36,44 : 0.8341"
"44,36 : 0.8341"
"36,45 : 0.65"
"45,36 : 0.65"
"36,46 : 1.1216"
"46,36 : 1.1216"
"36,47 : 0.8204"
"47,36 : 0.8204"
"36,48 : 0.9096"
"48,36 : 0.9096"
"36,49 : 0.247"
"49,36 : 0.247"
"37,38 : 0.4838"
"38,37 : 0.4838"
"37,39 : 0.3423"
"39,37 : 0.3423"
"37,40 : 0.6301"
"40,37 : 0.6301"
"37,41 : 0.1803"
"41,37 : 0.1803"
"37,42 : 0.4665"
"42,37 : 0.4665"
"37,43 : 0.2102"
"43,37 : 0.2102"
"37,44 : 0.51"
"44,37 : 0.51"
"37,45 : 0.5467"
"45,37 : 0.5467"
"37,46 : 0.5217"
"46,37 : 0.5217"
"37,47 : 0.394"
"47,37 : 0.394"
"37,48 : 0.4588"
"48,37 : 0.4588"
"37,49 : 0.6603"
"49,37 : 0.6603"
"38,39 : 0.1628"
"39,38 : 0.1628"
"38,40 : 0.2335"
"40,38 : 0.2335"
"38,41 : 0.5122"
"41,38 : 0.5122"
"38,42 : 0.5924"
"42,38 : 0.5924"
"38,43 : 0.5025"
"43,38 : 0.5025"
"38,44 : 0.6391"
"44,38 : 0.6391"
"38,45 : 0.5016"
"45,38 : 0.5016"
"38,46 : 0.8721"
"46,38 : 0.8721"
"38,47 : 0.5917"
"47,38 : 0.5917"
"38,48 : 0.6574"
"48,38 : 0.6574"
"38,49 : 0.2625"
"49,38 : 0.2625"
"39,40 : 0.2943"
"40,39 : 0.2943"
"39,41 : 0.35"
"41,39 : 0.35"
"39,42 : 0.4512"
"42,39 : 0.4512"
"39,43 : 0.3397"
"43,39 : 0.3397"
"39,44 : 0.5001"
"44,39 : 0.5001"
"39,45 : 0.3981"
"45,39 : 0.3981"
"39,46 : 0.7106"
"46,39 : 0.7106"
"39,47 : 0.4386"
"47,39 : 0.4386"
"39,48 : 0.6172"
"48,39 : 0.6172"
"39,49 : 0.3256"
"49,39 : 0.3256"
"40,41 : 0.592"
"41,40 : 0.592"
"40,42 : 0.5515"
"42,40 : 0.5515"
"40,43 : 0.5692"
"43,40 : 0.5692"
"40,44 : 0.588"
"44,40 : 0.588"
"40,45 : 0.3996"
"45,40 : 0.3996"
"40,46 : 0.8931"
"46,40 : 0.8931"
"40,47 : 0.586"
"47,40 : 0.586"
"40,48 : 0.8832"
"48,40 : 0.8832"
"40,49 : 0.0316"
"49,40 : 0.0316"
"41,42 : 0.2921"
"42,41 : 0.2921"
"41,43 : 0.0361"
"43,41 : 0.0361"
"41,44 : 0.3329"
"44,41 : 0.3329"
"41,45 : 0.4025"
"45,41 : 0.4025"
"41,46 : 0.3801"
"46,41 : 0.3801"
"41,47 : 0.2147"
"47,41 : 0.2147"
"41,48 : 0.6389"
"48,41 : 0.6389"
"41,49 : 0.6185"
"49,41 : 0.6185"
"42,43 : 0.2581"
"43,42 : 0.2581"
"42,44 : 0.05"
"44,42 : 0.05"
"42,45 : 0.1868"
"45,42 : 0.1868"
"42,46 : 0.3669"
"46,42 : 0.3669"
"42,47 : 0.0894"
"47,42 : 0.0894"
"42,48 : 0.9179"
"48,42 : 0.9179"
"42,49 : 0.5664"
