x,y
0.93,0.64
0.94,0.86
0.82,0.53
0.51,0.84
0.4,0.6
0.84,0.99
0.24,0.81
0.51,0.19
0.1,0.6
0.29,0.07
0.27,0.76
0.14,0.18
0.65,0.43
0.5,0.47
0.32,0.42
0.47,0.21
0.29,0.74
0.05,0.17
0.5,0.57
0.34,0.78
0.85,0.04
0.51,0.25
0.74,0.91
0.95,0.89
0.7,1.0
0.84,0.95
0.85,0.12
0.63,0.61
0.92,0.73
0.67,0.06
0.06,0.84
0.78,0.88
0.48,0.53
0.93,0.08
0.13,0.93
0.45,0.82
0.39,0.63
0.24,0.89
0.92,0.01
0.62,0.58
0.23,0.57
0.31,0.59
0.58,0.45
0.68,0.72
0.13,0.38
0.13,0.71
0.92,0.31
0.29,0.29
0.46,0.26
0.84,0.73

Distanze
"0,1 : 0.2202"
"1,0 : 0.2202"
"0,2 : 0.1556"
"2,0 : 0.1556"
"0,3 : 0.4652"
"3,0 : 0.4652"
"0,4 : 0.5315"
"4,0 : 0.5315"
"0,5 : 0.3614"
"5,0 : 0.3614"
"0,6 : 0.7106"
"6,0 : 0.7106"
"0,7 : 0.6155"
"7,0 : 0.6155"
"0,8 : 0.831"
"8,0 : 0.831"
"0,9 : 0.857"
"9,0 : 0.857"
"0,10 : 0.6708"
"10,0 : 0.6708"
"0,11 : 0.9142"
"11,0 : 0.9142"
"0,12 : 0.35"
"12,0 : 0.35"
"0,13 : 0.4624"
"13,0 : 0.4624"
"0,14 : 0.6485"
"14,0 : 0.6485"
"0,15 : 0.6297"
"15,0 : 0.6297"
"0,16 : 0.6478"
"16,0 : 0.6478"
"0,17 : 0.9976"
"17,0 : 0.9976"
"0,18 : 0.4357"
"18,0 : 0.4357"
"0,19 : 0.6064"
"19,0 : 0.6064"
"0,20 : 0.6053"
"20,0 : 0.6053"
"0,21 : 0.5731"
"21,0 : 0.5731"
"0,22 : 0.3302"
"22,0 : 0.3302"
"0,23 : 0.2508"
"23,0 : 0.2508"
"0,24 : 0.4272"
"24,0 : 0.4272"
"0,25 : 0.3228"
"25,0 : 0.3228"
"0,26 : 0.5261"
"26,0 : 0.5261"
"0,27 : 0.3015"
"27,0 : 0.3015"
"0,28 : 0.0906"
"28,0 : 0.0906"
"0,29 : 0.6356"
"29,0 : 0.6356"
"0,30 : 0.8927"
"30,0 : 0.8927"
"0,31 : 0.283"
"31,0 : 0.283"
"0,32 : 0.4632"
"32,0 : 0.4632"
"0,33 : 0.56"
"33,0 : 0.56"
"0,34 : 0.8509"
"34,0 : 0.8509"
"0,35 : 0.5126"
"35,0 : 0.5126"
"0,36 : 0.5401"
"36,0 : 0.5401"
"0,37 : 0.7339"
"37,0 : 0.7339"
"0,38 : 0.6301"
"38,0 : 0.6301"
"0,39 : 0.3158"
"39,0 : 0.3158"
"0,40 : 0.7035"
"40,0 : 0.7035"
"0,41 : 0.622"
"41,0 : 0.622"
"0,42 : 0.3982"
"42,0 : 0.3982"
"0,43 : 0.2625"
"43,0 : 0.2625"
"0,44 : 0.8412"
"44,0 : 0.8412"
"0,45 : 0.8031"
"45,0 : 0.8031"
"0,46 : 0.3302"
"46,0 : 0.3302"
"0,47 : 0.7295"
"47,0 : 0.7295"
"0,48 : 0.6044"
"48,0 : 0.6044"
"0,49 : 0.1273"
"49,0 : 0.1273"
"1,2 : 0.3511"
"2,1 : 0.3511"
"1,3 : 0.4305"
"3,1 : 0.4305"
"1,4 : 0.5993"
"4,1 : 0.5993"
"1,5 : 0.164"
"5,1 : 0.164"
"1,6 : 0.7018"
"6,1 : 0.7018"
"1,7 : 0.7961"
"7,1 : 0.7961"
"1,8 : 0.8793"
"8,1 : 0.8793"
"1,9 : 1.023"
"9,1 : 1.023"
"1,10 : 0.6774"
"10,1 : 0.6774"
"1,11 : 1.05"
"11,1 : 1.05"
"1,12 : 0.5187"
"12,1 : 0.5187"
"1,13 : 0.588"
"13,1 : 0.588"
"1,14 : 0.7603"
"14,1 : 0.7603"
"1,15 : 0.8021"
"15,1 : 0.8021"
"1,16 : 0.661"
"16,1 : 0.661"
"1,17 : 1.1261"
"17,1 : 1.1261"
"1,18 : 0.527"
"18,1 : 0.527"
"1,19 : 0.6053"
"19,1 : 0.6053"
"1,20 : 0.8249"
"20,1 : 0.8249"
"1,21 : 0.7463"
"21,1 : 0.7463"
"1,22 : 0.2062"
"22,1 : 0.2062"
"1,23 : 0.0316"
"23,1 : 0.0316"
"1,24 : 0.2778"
"24,1 : 0.2778"
"1,25 : 0.1345"
"25,1 : 0.1345"
"1,26 : 0.7455"
"26,1 : 0.7455"
"1,27 : 0.3982"
"27,1 : 0.3982"
"1,28 : 0.1315"
"28,1 : 0.1315"
"1,29 : 0.8443"
"29,1 : 0.8443"
"1,30 : 0.8802"
"30,1 : 0.8802"
"1,31 : 0.1612"
"31,1 : 0.1612"
"1,32 : 0.5661"
"32,1 : 0.5661"
"1,33 : 0.7801"
"33,1 : 0.7801"
"1,34 : 0.813"
"34,1 : 0.813"
"1,35 : 0.4916"
"35,1 : 0.4916"
"1,36 : 0.5962"
"36,1 : 0.5962"
"1,37 : 0.7006"
"37,1 : 0.7006"
"1,38 : 0.8502"
"38,1 : 0.8502"
"1,39 : 0.4252"
"39,1 : 0.4252"
"1,40 : 0.7669"
"40,1 : 0.7669"
"1,41 : 0.6854"
"41,1 : 0.6854"
"1,42 : 0.5456"
"42,1 : 0.5456"
"1,43 : 0.2953"
"43,1 : 0.2953"
"1,44 : 0.9415"
"44,1 : 0.9415"
"1,45 : 0.8238"
"45,1 : 0.8238"
"1,46 : 0.5504"
"46,1 : 0.5504"
"1,47 : 0.8645"
"47,1 : 0.8645"
"1,48 : 0.7684"
"48,1 : 0.7684"
"1,49 : 0.164"
"49,1 : 0.164"
"2,3 : 0.4384"
"3,2 : 0.4384"
"2,4 : 0.4258"
"4,2 : 0.4258"
"2,5 : 0.4604"
"5,2 : 0.4604"
"2,6 : 0.644"
"6,2 : 0.644"
"2,7 : 0.4601"
"7,2 : 0.4601"
"2,8 : 0.7234"
"8,2 : 0.7234"
"2,9 : 0.7018"
"9,2 : 0.7018"
"2,10 : 0.5962"
"10,2 : 0.5962"
"2,11 : 0.7648"
"11,2 : 0.7648"
"2,12 : 0.1972"
"12,2 : 0.1972"
"2,13 : 0.3256"
"13,2 : 0.3256"
"2,14 : 0.512"
"14,2 : 0.512"
"2,15 : 0.4742"
"15,2 : 0.4742"
"2,16 : 0.5701"
"16,2 : 0.5701"
"2,17 : 0.85"
"17,2 : 0.85"
"2,18 : 0.3225"
"18,2 : 0.3225"
"2,19 : 0.5412"
"19,2 : 0.5412"
"2,20 : 0.4909"
"20,2 : 0.4909"
"2,21 : 0.4177"
"21,2 : 0.4177"
"2,22 : 0.3883"
"22,2 : 0.3883"
"2,23 : 0.3828"
"23,2 : 0.3828"
"2,24 : 0.4851"
"24,2 : 0.4851"
"2,25 : 0.4205"
"25,2 : 0.4205"
"2,26 : 0.4111"
"26,2 : 0.4111"
"2,27 : 0.2062"
"27,2 : 0.2062"
"2,28 : 0.2236"
"28,2 : 0.2236"
"2,29 : 0.4934"
"29,2 : 0.4934"
"2,30 : 0.8208"
"30,2 : 0.8208"
"2,31 : 0.3523"
"31,2 : 0.3523"
"2,32 : 0.34"
"32,2 : 0.34"
"2,33 : 0.4632"
"33,2 : 0.4632"
"2,34 : 0.7976"
"34,2 : 0.7976"
"2,35 : 0.4701"
"35,2 : 0.4701"
"2,36 : 0.4415"
"36,2 : 0.4415"
"2,37 : 0.6826"
"37,2 : 0.6826"
"2,38 : 0.5295"
"38,2 : 0.5295"
"2,39 : 0.2062"
"39,2 : 0.2062"
"2,40 : 0.5914"
"40,2 : 0.5914"
"2,41 : 0.5135"
"41,2 : 0.5135"
"2,42 : 0.253"
"42,2 : 0.253"
"2,43 : 0.236"
"43,2 : 0.236"
"2,44 : 0.7061"
"44,2 : 0.7061"
"2,45 : 0.7131"
"45,2 : 0.7131"
"2,46 : 0.2417"
"46,2 : 0.2417"
"2,47 : 0.5818"
"47,2 : 0.5818"
"2,48 : 0.45"
"48,2 : 0.45"
"2,49 : 0.201"
"49,2 : 0.201"
"3,4 : 0.264"
"4,3 : 0.264"
"3,5 : 0.3625"
"5,3 : 0.3625"
"3,6 : 0.2717"
"6,3 : 0.2717"
"3,7 : 0.65"
"7,3 : 0.65"
"3,8 : 0.4751"
"8,3 : 0.4751"
"3,9 : 0.8008"
"9,3 : 0.8008"
"3,10 : 0.253"
"10,3 : 0.253"
"3,11 : 0.7566"
"11,3 : 0.7566"
"3,12 : 0.4332"
"12,3 : 0.4332"
"3,13 : 0.3701"
"13,3 : 0.3701"
"3,14 : 0.461"
"14,3 : 0.461"
"3,15 : 0.6313"
"15,3 : 0.6313"
"3,16 : 0.2417"
"16,3 : 0.2417"
"3,17 : 0.8127"
"17,3 : 0.8127"
"3,18 : 0.2702"
"18,3 : 0.2702"
"3,19 : 0.1803"
"19,3 : 0.1803"
"3,20 : 0.8693"
"20,3 : 0.8693"
"3,21 : 0.59"
"21,3 : 0.59"
"3,22 : 0.2404"
"22,3 : 0.2404"
"3,23 : 0.4428"
"23,3 : 0.4428"
"3,24 : 0.2484"
"24,3 : 0.2484"
"3,25 : 0.3479"
"25,3 : 0.3479"
"3,26 : 0.7962"
"26,3 : 0.7962"
"3,27 : 0.2594"
"27,3 : 0.2594"
"3,28 : 0.4245"
"28,3 : 0.4245"
"3,29 : 0.7962"
"29,3 : 0.7962"
"3,30 : 0.45"
"30,3 : 0.45"
"3,31 : 0.2729"
"31,3 : 0.2729"
"3,32 : 0.3114"
"32,3 : 0.3114"
"3,33 : 0.8683"
"33,3 : 0.8683"
"3,34 : 0.3905"
"34,3 : 0.3905"
"3,35 : 0.0632"
"35,3 : 0.0632"
"3,36 : 0.2419"
"36,3 : 0.2419"
"3,37 : 0.2746"
"37,3 : 0.2746"
"3,38 : 0.9257"
"38,3 : 0.9257"
"3,39 : 0.2823"
"39,3 : 0.2823"
"3,40 : 0.389"
"40,3 : 0.389"
"3,41 : 0.3202"
"41,3 : 0.3202"
"3,42 : 0.3962"
"42,3 : 0.3962"
"3,43 : 0.2081"
"43,3 : 0.2081"
"3,44 : 0.5967"
"44,3 : 0.5967"
"3,45 : 0.4016"
"45,3 : 0.4016"
"3,46 : 0.6701"
"46,3 : 0.6701"
"3,47 : 0.5924"
"47,3 : 0.5924"
"3,48 : 0.5822"
"48,3 : 0.5822"
"3,49 : 0.3479"
"49,3 : 0.3479"
"4,5 : 0.588"
"5,4 : 0.588"
"4,6 : 0.264"
"6,4 : 0.264"
"4,7 : 0.4245"
"7,4 : 0.4245"
"4,8 : 0.3"
"8,4 : 0.3"
"4,9 : 0.5413"
"9,4 : 0.5413"
"4,10 : 0.2062"
"10,4 : 0.2062"
"4,11 : 0.494"
"11,4 : 0.494"
"4,12 : 0.3023"
"12,4 : 0.3023"
"4,13 : 0.164"
"13,4 : 0.164"
"4,14 : 0.197"
"14,4 : 0.197"
"4,15 : 0.3962"
"15,4 : 0.3962"
"4,16 : 0.178"
"16,4 : 0.178"
"4,17 : 0.5544"
"17,4 : 0.5544"
"4,18 : 0.1044"
"18,4 : 0.1044"
"4,19 : 0.1897"
"19,4 : 0.1897"
"4,20 : 0.7184"
"20,4 : 0.7184"
"4,21 : 0.3669"
"21,4 : 0.3669"
"4,22 : 0.4601"
"22,4 : 0.4601"
"4,23 : 0.6218"
"23,4 : 0.6218"
"4,24 : 0.5"
"24,4 : 0.5"
"4,25 : 0.5622"
"25,4 : 0.5622"
"4,26 : 0.658"
"26,4 : 0.658"
"4,27 : 0.2302"
"27,4 : 0.2302"
"4,28 : 0.536"
"28,4 : 0.536"
"4,29 : 0.6037"
"29,4 : 0.6037"
"4,30 : 0.4162"
"30,4 : 0.4162"
"4,31 : 0.472"
"31,4 : 0.472"
"4,32 : 0.1063"
"32,4 : 0.1063"
"4,33 : 0.7425"
"33,4 : 0.7425"
"4,34 : 0.4264"
"34,4 : 0.4264"
"4,35 : 0.2256"
"35,4 : 0.2256"
"4,36 : 0.0316"
"36,4 : 0.0316"
"4,37 : 0.3312"
"37,4 : 0.3312"
"4,38 : 0.7864"
"38,4 : 0.7864"
"4,39 : 0.2209"
"39,4 : 0.2209"
"4,40 : 0.1726"
"40,4 : 0.1726"
"4,41 : 0.0906"
"41,4 : 0.0906"
"4,42 : 0.2343"
"42,4 : 0.2343"
"4,43 : 0.3046"
"43,4 : 0.3046"
"4,44 : 0.3483"
"44,4 : 0.3483"
"4,45 : 0.2915"
"45,4 : 0.2915"
"4,46 : 0.5954"
"46,4 : 0.5954"
"4,47 : 0.3289"
"47,4 : 0.3289"
"4,48 : 0.3453"
"48,4 : 0.3453"
"4,49 : 0.4588"
"49,4 : 0.4588"
"5,6 : 0.6264"
"6,5 : 0.6264"
"5,7 : 0.8654"
"7,5 : 0.8654"
"5,8 : 0.8365"
"8,5 : 0.8365"
"5,9 : 1.0719"
"9,5 : 1.0719"
"5,10 : 0.6147"
"10,5 : 0.6147"
"5,11 : 1.0706"
"11,5 : 1.0706"
"5,12 : 0.5914"
"12,5 : 0.5914"
"5,13 : 0.6213"
"13,5 : 0.6213"
"5,14 : 0.7716"
"14,5 : 0.7716"
"5,15 : 0.8633"
"15,5 : 0.8633"
"5,16 : 0.6042"
"16,5 : 0.6042"
"5,17 : 1.1386"
"17,5 : 1.1386"
"5,18 : 0.5404"
"18,5 : 0.5404"
"5,19 : 0.5423"
"19,5 : 0.5423"
"5,20 : 0.9501"
"20,5 : 0.9501"
"5,21 : 0.8102"
"21,5 : 0.8102"
"5,22 : 0.1281"
"22,5 : 0.1281"
"5,23 : 0.1487"
"23,5 : 0.1487"
"5,24 : 0.1404"
"24,5 : 0.1404"
"5,25 : 0.04"
"25,5 : 0.04"
"5,26 : 0.8701"
"26,5 : 0.8701"
"5,27 : 0.4342"
"27,5 : 0.4342"
"5,28 : 0.272"
"28,5 : 0.272"
"5,29 : 0.9454"
"29,5 : 0.9454"
"5,30 : 0.7943"
"30,5 : 0.7943"
"5,31 : 0.1253"
"31,5 : 0.1253"
"5,32 : 0.5841"
"32,5 : 0.5841"
"5,33 : 0.9144"
"33,5 : 0.9144"
"5,34 : 0.7125"
"34,5 : 0.7125"
"5,35 : 0.4254"
"35,5 : 0.4254"
"5,36 : 0.5763"
"36,5 : 0.5763"
"5,37 : 0.6083"
"37,5 : 0.6083"
"5,38 : 0.9833"
"38,5 : 0.9833"
"5,39 : 0.4653"
"39,5 : 0.4653"
"5,40 : 0.7406"
"40,5 : 0.7406"
"5,41 : 0.664"
"41,5 : 0.664"
"5,42 : 0.5993"
"42,5 : 0.5993"
"5,43 : 0.3138"
"43,5 : 0.3138"
"5,44 : 0.9361"
"44,5 : 0.9361"
"5,45 : 0.7632"
"45,5 : 0.7632"
"5,46 : 0.6847"
"46,5 : 0.6847"
"5,47 : 0.8902"
"47,5 : 0.8902"
"5,48 : 0.823"
"48,5 : 0.823"
"5,49 : 0.26"
"49,5 : 0.26"
"6,7 : 0.6762"
"7,6 : 0.6762"
"6,8 : 0.2524"
"8,6 : 0.2524"
"6,9 : 0.7417"
"9,6 : 0.7417"
"6,10 : 0.0583"
"10,6 : 0.0583"
"6,11 : 0.6379"
"11,6 : 0.6379"
"6,12 : 0.559"
"12,6 : 0.559"
"6,13 : 0.428"
"13,6 : 0.428"
"6,14 : 0.3981"
"14,6 : 0.3981"
"6,15 : 0.6426"
"15,6 : 0.6426"
"6,16 : 0.086"
"16,6 : 0.086"
"6,17 : 0.6676"
"17,6 : 0.6676"
"6,18 : 0.3538"
"18,6 : 0.3538"
"6,19 : 0.1044"
"19,6 : 0.1044"
"6,20 : 0.9823"
"20,6 : 0.9823"
"6,21 : 0.6217"
"21,6 : 0.6217"
"6,22 : 0.5099"
"22,6 : 0.5099"
"6,23 : 0.7145"
"23,6 : 0.7145"
"6,24 : 0.4977"
"24,6 : 0.4977"
"6,25 : 0.6161"
"25,6 : 0.6161"
"6,26 : 0.921"
"26,6 : 0.921"
"6,27 : 0.4383"
"27,6 : 0.4383"
"6,28 : 0.6847"
"28,6 : 0.6847"
"6,29 : 0.8645"
"29,6 : 0.8645"
"6,30 : 0.1825"
"30,6 : 0.1825"
"6,31 : 0.5445"
"31,6 : 0.5445"
"6,32 : 0.3688"
"32,6 : 0.3688"
"6,33 : 1.0045"
"33,6 : 1.0045"
"6,34 : 0.1628"
"34,6 : 0.1628"
"6,35 : 0.2102"
"35,6 : 0.2102"
"6,36 : 0.2343"
"36,6 : 0.2343"
"6,37 : 0.08"
"37,6 : 0.08"
"6,38 : 1.05"
"38,6 : 1.05"
"6,39 : 0.4442"
"39,6 : 0.4442"
"6,40 : 0.2402"
"40,6 : 0.2402"
"6,41 : 0.2309"
"41,6 : 0.2309"
"6,42 : 0.4952"
"42,6 : 0.4952"
"6,43 : 0.4491"
"43,6 : 0.4491"
"6,44 : 0.4438"
"44,6 : 0.4438"
"6,45 : 0.1487"
"45,6 : 0.1487"
"6,46 : 0.844"
"46,6 : 0.844"
"6,47 : 0.5224"
"47,6 : 0.5224"
"6,48 : 0.5924"
"48,6 : 0.5924"
"6,49 : 0.6053"
"49,6 : 0.6053"
"7,8 : 0.5798"
"8,7 : 0.5798"
"7,9 : 0.2506"
"9,7 : 0.2506"
"7,10 : 0.6185"
"10,7 : 0.6185"
"7,11 : 0.3701"
"11,7 : 0.3701"
"7,12 : 0.2778"
"12,7 : 0.2778"
"7,13 : 0.2802"
"13,7 : 0.2802"
"7,14 : 0.2983"
"14,7 : 0.2983"
"7,15 : 0.0447"
"15,7 : 0.0447"
"7,16 : 0.5924"
"16,7 : 0.5924"
"7,17 : 0.4604"
"17,7 : 0.4604"
"7,18 : 0.3801"
"18,7 : 0.3801"
"7,19 : 0.614"
"19,7 : 0.614"
"7,20 : 0.3716"
"20,7 : 0.3716"
"7,21 : 0.06"
"21,7 : 0.06"
"7,22 : 0.7558"
"22,7 : 0.7558"
"7,23 : 0.8268"
"23,7 : 0.8268"
"7,24 : 0.832"
"24,7 : 0.832"
"7,25 : 0.8286"
"25,7 : 0.8286"
"7,26 : 0.3471"
"26,7 : 0.3471"
"7,27 : 0.4368"
"27,7 : 0.4368"
"7,28 : 0.678"
"28,7 : 0.678"
"7,29 : 0.2062"
"29,7 : 0.2062"
"7,30 : 0.7906"
"30,7 : 0.7906"
"7,31 : 0.7409"
"31,7 : 0.7409"
"7,32 : 0.3413"
"32,7 : 0.3413"
"7,33 : 0.4342"
"33,7 : 0.4342"
"7,34 : 0.8319"
"34,7 : 0.8319"
"7,35 : 0.6329"
"35,7 : 0.6329"
"7,36 : 0.4561"
"36,7 : 0.4561"
"7,37 : 0.7503"
"37,7 : 0.7503"
"7,38 : 0.4478"
"38,7 : 0.4478"
"7,39 : 0.4052"
"39,7 : 0.4052"
"7,40 : 0.472"
"40,7 : 0.472"
"7,41 : 0.4472"
"41,7 : 0.4472"
"7,42 : 0.2693"
"42,7 : 0.2693"
"7,43 : 0.5566"
"43,7 : 0.5566"
"7,44 : 0.4249"
"44,7 : 0.4249"
"7,45 : 0.644"
"45,7 : 0.644"
"7,46 : 0.4272"
"46,7 : 0.4272"
"7,47 : 0.2417"
"47,7 : 0.2417"
"7,48 : 0.086"
"48,7 : 0.086"
"7,49 : 0.6329"
"49,7 : 0.6329"
"8,9 : 0.563"
"9,8 : 0.563"
"8,10 : 0.2335"
"10,8 : 0.2335"
"8,11 : 0.4219"
"11,8 : 0.4219"
"8,12 : 0.5757"
"12,8 : 0.5757"
"8,13 : 0.4206"
"13,8 : 0.4206"
"8,14 : 0.2843"
"14,8 : 0.2843"
"8,15 : 0.5376"
"15,8 : 0.5376"
"8,16 : 0.236"
"16,8 : 0.236"
"8,17 : 0.4329"
"17,8 : 0.4329"
"8,18 : 0.4011"
"18,8 : 0.4011"
"8,19 : 0.3"
"19,8 : 0.3"
"8,20 : 0.936"
"20,8 : 0.936"
"8,21 : 0.5391"
"21,8 : 0.5391"
"8,22 : 0.7111"
"22,8 : 0.7111"
"8,23 : 0.8981"
"23,8 : 0.8981"
"8,24 : 0.7211"
"24,8 : 0.7211"
"8,25 : 0.8186"
"25,8 : 0.8186"
"8,26 : 0.8904"
"26,8 : 0.8904"
"8,27 : 0.5301"
"27,8 : 0.5301"
"8,28 : 0.8302"
"28,8 : 0.8302"
"8,29 : 0.7852"
"29,8 : 0.7852"
"8,30 : 0.2433"
"30,8 : 0.2433"
"8,31 : 0.7354"
"31,8 : 0.7354"
"8,32 : 0.3864"
"32,8 : 0.3864"
"8,33 : 0.9794"
"33,8 : 0.9794"
"8,34 : 0.3314"
"34,8 : 0.3314"
"8,35 : 0.4134"
"35,8 : 0.4134"
"8,36 : 0.2915"
"36,8 : 0.2915"
"8,37 : 0.322"
"37,8 : 0.322"
"8,38 : 1.0102"
"38,8 : 1.0102"
"8,39 : 0.5204"
"39,8 : 0.5204"
"8,40 : 0.1334"
"40,8 : 0.1334"
"8,41 : 0.2102"
"41,8 : 0.2102"
"8,42 : 0.5029"
"42,8 : 0.5029"
"8,43 : 0.5923"
"43,8 : 0.5923"
"8,44 : 0.222"
"44,8 : 0.222"
"8,45 : 0.114"
"45,8 : 0.114"
"8,46 : 0.8698"
"46,8 : 0.8698"
"8,47 : 0.3636"
"47,8 : 0.3636"
"8,48 : 0.4952"
"48,8 : 0.4952"
"8,49 : 0.7513"
"49,8 : 0.7513"
"9,10 : 0.6903"
"10,9 : 0.6903"
"9,11 : 0.186"
"11,9 : 0.186"
"9,12 : 0.5091"
"12,9 : 0.5091"
"9,13 : 0.4518"
"13,9 : 0.4518"
"9,14 : 0.3513"
"14,9 : 0.3513"
"9,15 : 0.228"
"15,9 : 0.228"
"9,16 : 0.67"
"16,9 : 0.67"
"9,17 : 0.26"
"17,9 : 0.26"
"9,18 : 0.5423"
"18,9 : 0.5423"
"9,19 : 0.7118"
"19,9 : 0.7118"
"9,20 : 0.5608"
"20,9 : 0.5608"
"9,21 : 0.2843"
"21,9 : 0.2843"
"9,22 : 0.9529"
"22,9 : 0.9529"
"9,23 : 1.0526"
"23,9 : 1.0526"
"9,24 : 1.0164"
"24,9 : 1.0164"
"9,25 : 1.0377"
"25,9 : 1.0377"
"9,26 : 0.5622"
"26,9 : 0.5622"
"9,27 : 0.6381"
"27,9 : 0.6381"
"9,28 : 0.9124"
"28,9 : 0.9124"
"9,29 : 0.3801"
"29,9 : 0.3801"
"9,30 : 0.8036"
"30,9 : 0.8036"
"9,31 : 0.9467"
"31,9 : 0.9467"
"9,32 : 0.4977"
"32,9 : 0.4977"
"9,33 : 0.6401"
"33,9 : 0.6401"
"9,34 : 0.8748"
"34,9 : 0.8748"
"9,35 : 0.7669"
"35,9 : 0.7669"
"9,36 : 0.5689"
"36,9 : 0.5689"
"9,37 : 0.8215"
"37,9 : 0.8215"
"9,38 : 0.6329"
"38,9 : 0.6329"
"9,39 : 0.6075"
"39,9 : 0.6075"
"9,40 : 0.5036"
"40,9 : 0.5036"
"9,41 : 0.5204"
"41,9 : 0.5204"
"9,42 : 0.478"
"42,9 : 0.478"
"9,43 : 0.758"
"43,9 : 0.758"
"9,44 : 0.3489"
"44,9 : 0.3489"
"9,45 : 0.6597"
"45,9 : 0.6597"
"9,46 : 0.6742"
"46,9 : 0.6742"
"9,47 : 0.22"
"47,9 : 0.22"
"9,48 : 0.255"
"48,9 : 0.255"
"9,49 : 0.8591"
"49,9 : 0.8591"
"10,11 : 0.5944"
"11,10 : 0.5944"
"10,12 : 0.5033"
"12,10 : 0.5033"
"10,13 : 0.3701"
"13,10 : 0.3701"
"10,14 : 0.3437"
"14,10 : 0.3437"
"10,15 : 0.5852"
"15,10 : 0.5852"
"10,16 : 0.0283"
"16,10 : 0.0283"
"10,17 : 0.6297"
"17,10 : 0.6297"
"10,18 : 0.2983"
"18,10 : 0.2983"
"10,19 : 0.0728"
"19,10 : 0.0728"
"10,20 : 0.9246"
"20,10 : 0.9246"
"10,21 : 0.5636"
"21,10 : 0.5636"
"10,22 : 0.4934"
"22,10 : 0.4934"
"10,23 : 0.6923"
"23,10 : 0.6923"
"10,24 : 0.4924"
"24,10 : 0.4924"
"10,25 : 0.6008"
"25,10 : 0.6008"
"10,26 : 0.8637"
"26,10 : 0.8637"
"10,27 : 0.39"
"27,10 : 0.39"
"10,28 : 0.6507"
"28,10 : 0.6507"
"10,29 : 0.8062"
"29,10 : 0.8062"
"10,30 : 0.2247"
"30,10 : 0.2247"
"10,31 : 0.5239"
"31,10 : 0.5239"
"10,32 : 0.3114"
"32,10 : 0.3114"
"10,33 : 0.9476"
"33,10 : 0.9476"
"10,34 : 0.2202"
"34,10 : 0.2202"
"10,35 : 0.1897"
"35,10 : 0.1897"
"10,36 : 0.1769"
"36,10 : 0.1769"
"10,37 : 0.1334"
"37,10 : 0.1334"
"10,38 : 0.9925"
"38,10 : 0.9925"
"10,39 : 0.3936"
"39,10 : 0.3936"
"10,40 : 0.1942"
"40,10 : 0.1942"
"10,41 : 0.1746"
"41,10 : 0.1746"
"10,42 : 0.4384"
"42,10 : 0.4384"
"10,43 : 0.4119"
"43,10 : 0.4119"
"10,44 : 0.405"
"44,10 : 0.405"
"10,45 : 0.1487"
"45,10 : 0.1487"
"10,46 : 0.7906"
"46,10 : 0.7906"
"10,47 : 0.4704"
"47,10 : 0.4704"
"10,48 : 0.5349"
"48,10 : 0.5349"
"10,49 : 0.5708"
"49,10 : 0.5708"
"11,12 : 0.568"
"12,11 : 0.568"
"11,13 : 0.4623"
"13,11 : 0.4623"
"11,14 : 0.3"
"14,11 : 0.3"
"11,15 : 0.3314"
"15,11 : 0.3314"
"11,16 : 0.5797"
"16,11 : 0.5797"
"11,17 : 0.0906"
"17,11 : 0.0906"
"11,18 : 0.5308"
"18,11 : 0.5308"
"11,19 : 0.6325"
"19,11 : 0.6325"
"11,20 : 0.7237"
"20,11 : 0.7237"
"11,21 : 0.3766"
"21,11 : 0.3766"
"11,22 : 0.9449"
"22,11 : 0.9449"
"11,23 : 1.0771"
"23,11 : 1.0771"
"11,24 : 0.993"
"24,11 : 0.993"
"11,25 : 1.0406"
"25,11 : 1.0406"
"11,26 : 0.7125"
"26,11 : 0.7125"
"11,27 : 0.6519"
"27,11 : 0.6519"
"11,28 : 0.9544"
"28,11 : 0.9544"
"11,29 : 0.5434"
"29,11 : 0.5434"
"11,30 : 0.6648"
"30,11 : 0.6648"
"11,31 : 0.9485"
"31,11 : 0.9485"
"11,32 : 0.488"
"32,11 : 0.488"
"11,33 : 0.7963"
"33,11 : 0.7963"
"11,34 : 0.7501"
"34,11 : 0.7501"
"11,35 : 0.7111"
"35,11 : 0.7111"
"11,36 : 0.5148"
"36,11 : 0.5148"
"11,37 : 0.717"
"37,11 : 0.717"
"11,38 : 0.7983"
"38,11 : 0.7983"
"11,39 : 0.6248"
"39,11 : 0.6248"
"11,40 : 0.4002"
"40,11 : 0.4002"
"11,41 : 0.4438"
"41,11 : 0.4438"
"11,42 : 0.5162"
"42,11 : 0.5162"
"11,43 : 0.7637"
"43,11 : 0.7637"
"11,44 : 0.2002"
"44,11 : 0.2002"
"11,45 : 0.5301"
"45,11 : 0.5301"
"11,46 : 0.7908"
"46,11 : 0.7908"
"11,47 : 0.186"
"47,11 : 0.186"
"11,48 : 0.3298"
"48,11 : 0.3298"
"11,49 : 0.8902"
"49,11 : 0.8902"
"12,13 : 0.1552"
"13,12 : 0.1552"
"12,14 : 0.3302"
"14,12 : 0.3302"
"12,15 : 0.2843"
"15,12 : 0.2843"
"12,16 : 0.4751"
"16,12 : 0.4751"
"12,17 : 0.6539"
"17,12 : 0.6539"
"12,18 : 0.2052"
"18,12 : 0.2052"
"12,19 : 0.4675"
"19,12 : 0.4675"
"12,20 : 0.4383"
"20,12 : 0.4383"
"12,21 : 0.228"
"21,12 : 0.228"
"12,22 : 0.4884"
"22,12 : 0.4884"
"12,23 : 0.5492"
"23,12 : 0.5492"
"12,24 : 0.5722"
"24,12 : 0.5722"
"12,25 : 0.5536"
"25,12 : 0.5536"
"12,26 : 0.3689"
"26,12 : 0.3689"
"12,27 : 0.1811"
"27,12 : 0.1811"
"12,28 : 0.4036"
"28,12 : 0.4036"
"12,29 : 0.3705"
"29,12 : 0.3705"
"12,30 : 0.7185"
"30,12 : 0.7185"
"12,31 : 0.4684"
"31,12 : 0.4684"
"12,32 : 0.1972"
"32,12 : 0.1972"
"12,33 : 0.4482"
"33,12 : 0.4482"
"12,34 : 0.7214"
"34,12 : 0.7214"
"12,35 : 0.4383"
"35,12 : 0.4383"
"12,36 : 0.328"
"36,12 : 0.328"
"12,37 : 0.6162"
"37,12 : 0.6162"
"12,38 : 0.4993"
"38,12 : 0.4993"
"12,39 : 0.153"
"39,12 : 0.153"
"12,40 : 0.4427"
"40,12 : 0.4427"
"12,41 : 0.3758"
"41,12 : 0.3758"
"12,42 : 0.0728"
"42,12 : 0.0728"
"12,43 : 0.2915"
"43,12 : 0.2915"
"12,44 : 0.5224"
"44,12 : 0.5224"
"12,45 : 0.5906"
"45,12 : 0.5906"
"12,46 : 0.2955"
"46,12 : 0.2955"
"12,47 : 0.3863"
"47,12 : 0.3863"
"12,48 : 0.255"
"48,12 : 0.255"
"12,49 : 0.3551"
"49,12 : 0.3551"
"13,14 : 0.1868"
"14,13 : 0.1868"
"13,15 : 0.2617"
"15,13 : 0.2617"
"13,16 : 0.3421"
"16,13 : 0.3421"
"13,17 : 0.5408"
"17,13 : 0.5408"
"13,18 : 0.1"
"18,13 : 0.1"
"13,19 : 0.3489"
"19,13 : 0.3489"
"13,20 : 0.5544"
"20,13 : 0.5544"
"13,21 : 0.2202"
"21,13 : 0.2202"
"13,22 : 0.5012"
"22,13 : 0.5012"
"13,23 : 0.6155"
"23,13 : 0.6155"
"13,24 : 0.5665"
"24,13 : 0.5665"
"13,25 : 0.5882"
"25,13 : 0.5882"
"13,26 : 0.495"
"26,13 : 0.495"
"13,27 : 0.191"
"27,13 : 0.191"
"13,28 : 0.494"
"28,13 : 0.494"
"13,29 : 0.4438"
"29,13 : 0.4438"
"13,30 : 0.5749"
"30,13 : 0.5749"
"13,31 : 0.4965"
"31,13 : 0.4965"
"13,32 : 0.0632"
"32,13 : 0.0632"
"13,33 : 0.5805"
"33,13 : 0.5805"
"13,34 : 0.5903"
"34,13 : 0.5903"
"13,35 : 0.3536"
"35,13 : 0.3536"
"13,36 : 0.1942"
"36,13 : 0.1942"
"13,37 : 0.494"
"37,13 : 0.494"
"13,38 : 0.6229"
"38,13 : 0.6229"
"13,39 : 0.1628"
"39,13 : 0.1628"
"13,40 : 0.2879"
"40,13 : 0.2879"
"13,41 : 0.2247"
"41,13 : 0.2247"
"13,42 : 0.0825"
"42,13 : 0.0825"
"13,43 : 0.3081"
"43,13 : 0.3081"
"13,44 : 0.3808"
"44,13 : 0.3808"
"13,45 : 0.441"
"45,13 : 0.441"
"13,46 : 0.4494"
"46,13 : 0.4494"
"13,47 : 0.2766"
"47,13 : 0.2766"
"13,48 : 0.2138"
"48,13 : 0.2138"
"13,49 : 0.428"
"49,13 : 0.428"
"14,15 : 0.2581"
"15,14 : 0.2581"
"14,16 : 0.3214"
"16,14 : 0.3214"
"14,17 : 0.368"
"17,14 : 0.368"
"14,18 : 0.2343"
"18,14 : 0.2343"
"14,19 : 0.3606"
"19,14 : 0.3606"
"14,20 : 0.6522"
"20,14 : 0.6522"
"14,21 : 0.255"
"21,14 : 0.255"
"14,22 : 0.6454"
"22,14 : 0.6454"
"14,23 : 0.786"
"23,14 : 0.786"
"14,24 : 0.6934"
"24,14 : 0.6934"
"14,25 : 0.7425"
"25,14 : 0.7425"
"14,26 : 0.609"
"26,14 : 0.609"
"14,27 : 0.3636"
"27,14 : 0.3636"
"14,28 : 0.6754"
"28,14 : 0.6754"
"14,29 : 0.5021"
"29,14 : 0.5021"
"14,30 : 0.494"
"30,14 : 0.494"
"14,31 : 0.6505"
"31,14 : 0.6505"
"14,32 : 0.1942"
"32,14 : 0.1942"
"14,33 : 0.6984"
"33,14 : 0.6984"
"14,34 : 0.5442"
"34,14 : 0.5442"
"14,35 : 0.4206"
"35,14 : 0.4206"
"14,36 : 0.2214"
"36,14 : 0.2214"
"14,37 : 0.4768"
"37,14 : 0.4768"
"14,38 : 0.7267"
"38,14 : 0.7267"
"14,39 : 0.34"
"39,14 : 0.34"
"14,40 : 0.1749"
"40,14 : 0.1749"
"14,41 : 0.1703"
"41,14 : 0.1703"
"14,42 : 0.2617"
"42,14 : 0.2617"
"14,43 : 0.4686"
"43,14 : 0.4686"
"14,44 : 0.1942"
"44,14 : 0.1942"
"14,45 : 0.3467"
"45,14 : 0.3467"
"14,46 : 0.61"
"46,14 : 0.61"
"14,47 : 0.1334"
"47,14 : 0.1334"
"14,48 : 0.2126"
"48,14 : 0.2126"
"14,49 : 0.6054"
"49,14 : 0.6054"
"15,16 : 0.5597"
"16,15 : 0.5597"
"15,17 : 0.4219"
"17,15 : 0.4219"
"15,18 : 0.3612"
"18,15 : 0.3612"
"15,19 : 0.5846"
"19,15 : 0.5846"
"15,20 : 0.4163"
"20,15 : 0.4163"
"15,21 : 0.0566"
"21,15 : 0.0566"
"15,22 : 0.7503"
"22,15 : 0.7503"
"15,23 : 0.8323"
"23,15 : 0.8323"
"15,24 : 0.8228"
"24,15 : 0.8228"
"15,25 : 0.8273"
"25,15 : 0.8273"
"15,26 : 0.3905"
"26,15 : 0.3905"
"15,27 : 0.4308"
"27,15 : 0.4308"
"15,28 : 0.6877"
"28,15 : 0.6877"
"15,29 : 0.25"
"29,15 : 0.25"
"15,30 : 0.7517"
"30,15 : 0.7517"
"15,31 : 0.7382"
"31,15 : 0.7382"
"15,32 : 0.3202"
"32,15 : 0.3202"
"15,33 : 0.478"
"33,15 : 0.478"
"15,34 : 0.7962"
"34,15 : 0.7962"
"15,35 : 0.6103"
"35,15 : 0.6103"
"15,36 : 0.4276"
"36,15 : 0.4276"
"15,37 : 0.7178"
"37,15 : 0.7178"
"15,38 : 0.4924"
"38,15 : 0.4924"
"15,39 : 0.3992"
"39,15 : 0.3992"
"15,40 : 0.4327"
"40,15 : 0.4327"
"15,41 : 0.4123"
"41,15 : 0.4123"
"15,42 : 0.264"
"42,15 : 0.264"
"15,43 : 0.5515"
"43,15 : 0.5515"
"15,44 : 0.3801"
"44,15 : 0.3801"
"15,45 : 0.6046"
"45,15 : 0.6046"
"15,46 : 0.461"
"46,15 : 0.461"
"15,47 : 0.197"
"47,15 : 0.197"
"15,48 : 0.051"
"48,15 : 0.051"
"15,49 : 0.6382"
"49,15 : 0.6382"
"16,17 : 0.6185"
"17,16 : 0.6185"
"16,18 : 0.2702"
"18,16 : 0.2702"
"16,19 : 0.064"
"19,16 : 0.064"
"16,20 : 0.8964"
"20,16 : 0.8964"
"16,21 : 0.5371"
"21,16 : 0.5371"
"16,22 : 0.481"
"22,16 : 0.481"
"16,23 : 0.6768"
"23,16 : 0.6768"
"16,24 : 0.4855"
"24,16 : 0.4855"
"16,25 : 0.5887"
"25,16 : 0.5887"
"16,26 : 0.8355"
"26,16 : 0.8355"
"16,27 : 0.364"
"27,16 : 0.364"
"16,28 : 0.6301"
"28,16 : 0.6301"
"16,29 : 0.779"
"29,16 : 0.779"
"16,30 : 0.2508"
"30,16 : 0.2508"
"16,31 : 0.5096"
"31,16 : 0.5096"
"16,32 : 0.2832"
"32,16 : 0.2832"
"16,33 : 0.9193"
"33,16 : 0.9193"
"16,34 : 0.2484"
"34,16 : 0.2484"
"16,35 : 0.1789"
"35,16 : 0.1789"
"16,36 : 0.1487"
"36,16 : 0.1487"
"16,37 : 0.1581"
"37,16 : 0.1581"
"16,38 : 0.9643"
"38,16 : 0.9643"
"16,39 : 0.3667"
"39,16 : 0.3667"
"16,40 : 0.1803"
"40,16 : 0.1803"
"16,41 : 0.1513"
"41,16 : 0.1513"
"16,42 : 0.4101"
"42,16 : 0.4101"
"16,43 : 0.3905"
"43,16 : 0.3905"
"16,44 : 0.394"
"44,16 : 0.394"
"16,45 : 0.1628"
"45,16 : 0.1628"
"16,46 : 0.7628"
"46,16 : 0.7628"
"16,47 : 0.45"
"47,16 : 0.45"
"16,48 : 0.5092"
"48,16 : 0.5092"
"16,49 : 0.5501"
"49,16 : 0.5501"
"17,18 : 0.6021"
"18,17 : 0.6021"
"17,19 : 0.6754"
"19,17 : 0.6754"
"17,20 : 0.8105"
"20,17 : 0.8105"
"17,21 : 0.4669"
"21,17 : 0.4669"
"17,22 : 1.0118"
"22,17 : 1.0118"
"17,23 : 1.1526"
"23,17 : 1.1526"
"17,24 : 1.0542"
"24,17 : 1.0542"
"17,25 : 1.1102"
"25,17 : 1.1102"
"17,26 : 0.8016"
"26,17 : 0.8016"
"17,27 : 0.728"
"27,17 : 0.728"
"17,28 : 1.0346"
"28,17 : 1.0346"
"17,29 : 0.6297"
"29,17 : 0.6297"
"17,30 : 0.6701"
"30,17 : 0.6701"
"17,31 : 1.0183"
"31,17 : 1.0183"
"17,32 : 0.5608"
"32,17 : 0.5608"
"17,33 : 0.8846"
"33,17 : 0.8846"
"17,34 : 0.7642"
"34,17 : 0.7642"
"17,35 : 0.7632"
"35,17 : 0.7632"
"17,36 : 0.572"
"36,17 : 0.572"
"17,37 : 0.7446"
"37,17 : 0.7446"
"17,38 : 0.8846"
"38,17 : 0.8846"
"17,39 : 0.7021"
"39,17 : 0.7021"
"17,40 : 0.4386"
"40,17 : 0.4386"
"17,41 : 0.494"
"41,17 : 0.494"
"17,42 : 0.5994"
"42,17 : 0.5994"
"17,43 : 0.8363"
"43,17 : 0.8363"
"17,44 : 0.2247"
"44,17 : 0.2247"
"17,45 : 0.5459"
"45,17 : 0.5459"
"17,46 : 0.8812"
"46,17 : 0.8812"
"17,47 : 0.2683"
"47,17 : 0.2683"
"17,48 : 0.4198"
"48,17 : 0.4198"
"17,49 : 0.9683"
"49,17 : 0.9683"
"18,19 : 0.264"
"19,18 : 0.264"
"18,20 : 0.6351"
"20,18 : 0.6351"
"18,21 : 0.3202"
"21,18 : 0.3202"
"18,22 : 0.4162"
"22,18 : 0.4162"
"18,23 : 0.5522"
"23,18 : 0.5522"
"18,24 : 0.4742"
"24,18 : 0.4742"
"18,25 : 0.5099"
"25,18 : 0.5099"
"18,26 : 0.5701"
"26,18 : 0.5701"
"18,27 : 0.136"
"27,18 : 0.136"
"18,28 : 0.4494"
"28,18 : 0.4494"
"18,29 : 0.5376"
"29,18 : 0.5376"
"18,30 : 0.5162"
"30,18 : 0.5162"
"18,31 : 0.4177"
"31,18 : 0.4177"
"18,32 : 0.0447"
"32,18 : 0.0447"
"18,33 : 0.6519"
"33,18 : 0.6519"
"18,34 : 0.5162"
"34,18 : 0.5162"
"18,35 : 0.255"
"35,18 : 0.255"
"18,36 : 0.1253"
"36,18 : 0.1253"
"18,37 : 0.4123"
"37,18 : 0.4123"
"18,38 : 0.7"
"38,18 : 0.7"
"18,39 : 0.1204"
"39,18 : 0.1204"
"18,40 : 0.27"
"40,18 : 0.27"
"18,41 : 0.191"
"41,18 : 0.191"
"18,42 : 0.1442"
"42,18 : 0.1442"
"18,43 : 0.2343"
"43,18 : 0.2343"
"18,44 : 0.4159"
"44,18 : 0.4159"
"18,45 : 0.3956"
"45,18 : 0.3956"
"18,46 : 0.494"
"46,18 : 0.494"
"18,47 : 0.35"
"47,18 : 0.35"
"18,48 : 0.3126"
"48,18 : 0.3126"
"18,49 : 0.3758"
"49,18 : 0.3758"
"19,20 : 0.8987"
"20,19 : 0.8987"
"19,21 : 0.5566"
"21,19 : 0.5566"
"19,22 : 0.4206"
"22,19 : 0.4206"
"19,23 : 0.6198"
"23,19 : 0.6198"
"19,24 : 0.4219"
"24,19 : 0.4219"
"19,25 : 0.5281"
"25,19 : 0.5281"
"19,26 : 0.8341"
"26,19 : 0.8341"
"19,27 : 0.3362"
"27,19 : 0.3362"
"19,28 : 0.5822"
"28,19 : 0.5822"
"19,29 : 0.792"
"29,19 : 0.792"
"19,30 : 0.2864"
"30,19 : 0.2864"
"19,31 : 0.4512"
"31,19 : 0.4512"
"19,32 : 0.2865"
"32,19 : 0.2865"
"19,33 : 0.9155"
"33,19 : 0.9155"
"19,34 : 0.2581"
"34,19 : 0.2581"
"19,35 : 0.117"
"35,19 : 0.117"
"19,36 : 0.1581"
"36,19 : 0.1581"
"19,37 : 0.1487"
"37,19 : 0.1487"
"19,38 : 0.964"
"38,19 : 0.964"
"19,39 : 0.3441"
"39,19 : 0.3441"
"19,40 : 0.2371"
"40,19 : 0.2371"
"19,41 : 0.1924"
"41,19 : 0.1924"
"19,42 : 0.408"
"42,19 : 0.408"
"19,43 : 0.3453"
"43,19 : 0.3453"
"19,44 : 0.4518"
"44,19 : 0.4518"
"19,45 : 0.2214"
"45,19 : 0.2214"
"19,46 : 0.7465"
"46,19 : 0.7465"
"19,47 : 0.4925"
"47,19 : 0.4925"
"19,48 : 0.5337"
"48,19 : 0.5337"
"19,49 : 0.5025"
"49,19 : 0.5025"
"20,21 : 0.3996"
"21,20 : 0.3996"
"20,22 : 0.8769"
"22,20 : 0.8769"
"20,23 : 0.8559"
"23,20 : 0.8559"
"20,24 : 0.9716"
"24,20 : 0.9716"
"20,25 : 0.9101"
"25,20 : 0.9101"
"20,26 : 0.08"
"26,20 : 0.08"
"20,27 : 0.611"
"27,20 : 0.611"
"20,28 : 0.6935"
"28,20 : 0.6935"
"20,29 : 0.1811"
"29,20 : 0.1811"
"20,30 : 1.1243"
"30,20 : 1.1243"
"20,31 : 0.8429"
"31,20 : 0.8429"
"20,32 : 0.614"
"32,20 : 0.614"
"20,33 : 0.0894"
"33,20 : 0.0894"
"20,34 : 1.1448"
"34,20 : 1.1448"
"20,35 : 0.8766"
"35,20 : 0.8766"
"20,36 : 0.7481"
"36,20 : 0.7481"
"20,37 : 1.0462"
"37,20 : 1.0462"
"20,38 : 0.0762"
"38,20 : 0.0762"
"20,39 : 0.5869"
"39,20 : 0.5869"
"20,40 : 0.8157"
"40,20 : 0.8157"
"20,41 : 0.7708"
"41,20 : 0.7708"
"20,42 : 0.4909"
"42,20 : 0.4909"
"20,43 : 0.7009"
"43,20 : 0.7009"
"20,44 : 0.7962"
"44,20 : 0.7962"
"20,45 : 0.9835"
"45,20 : 0.9835"
"20,46 : 0.2789"
"46,20 : 0.2789"
"20,47 : 0.6133"
"47,20 : 0.6133"
"20,48 : 0.4478"
"48,20 : 0.4478"
"20,49 : 0.6901"
"49,20 : 0.6901"
"21,22 : 0.6989"
"22,21 : 0.6989"
"21,23 : 0.7767"
"23,21 : 0.7767"
"21,24 : 0.7737"
"24,21 : 0.7737"
"21,25 : 0.7739"
"25,21 : 0.7739"
"21,26 : 0.364"
"26,21 : 0.364"
"21,27 : 0.3795"
"27,21 : 0.3795"
"21,28 : 0.6313"
"28,21 : 0.6313"
"21,29 : 0.2484"
"29,21 : 0.2484"
"21,30 : 0.742"
"30,21 : 0.742"
"21,31 : 0.6854"
"31,21 : 0.6854"
"21,32 : 0.2816"
"32,21 : 0.2816"
"21,33 : 0.4531"
"33,21 : 0.4531"
"21,34 : 0.779"
"34,21 : 0.779"
"21,35 : 0.5731"
"35,21 : 0.5731"
"21,36 : 0.3985"
"36,21 : 0.3985"
"21,37 : 0.6946"
"37,21 : 0.6946"
"21,38 : 0.4751"
"38,21 : 0.4751"
"21,39 : 0.3479"
"39,21 : 0.3479"
"21,40 : 0.4252"
"40,21 : 0.4252"
"21,41 : 0.3945"
"41,21 : 0.3945"
"21,42 : 0.2119"
"42,21 : 0.2119"
"21,43 : 0.4998"
"43,21 : 0.4998"
"21,44 : 0.4016"
"44,21 : 0.4016"
"21,45 : 0.5967"
"45,21 : 0.5967"
"21,46 : 0.4144"
"46,21 : 0.4144"
"21,47 : 0.2236"
"47,21 : 0.2236"
"21,48 : 0.051"
"48,21 : 0.051"
"21,49 : 0.5825"
"49,21 : 0.5825"
"22,23 : 0.211"
"23,22 : 0.211"
"22,24 : 0.0985"
"24,22 : 0.0985"
"22,25 : 0.1077"
"25,22 : 0.1077"
"22,26 : 0.7976"
"26,22 : 0.7976"
"22,27 : 0.3195"
"27,22 : 0.3195"
"22,28 : 0.2546"
"28,22 : 0.2546"
"22,29 : 0.8529"
"29,22 : 0.8529"
"22,30 : 0.6836"
"30,22 : 0.6836"
"22,31 : 0.05"
"31,22 : 0.05"
"22,32 : 0.4604"
"32,22 : 0.4604"
"22,33 : 0.8515"
"33,22 : 0.8515"
"22,34 : 0.6103"
"34,22 : 0.6103"
"22,35 : 0.3036"
"35,22 : 0.3036"
"22,36 : 0.4482"
"36,22 : 0.4482"
"22,37 : 0.5004"
"37,22 : 0.5004"
"22,38 : 0.9178"
"38,22 : 0.9178"
"22,39 : 0.3511"
"39,22 : 0.3511"
"22,40 : 0.6129"
"40,22 : 0.6129"
"22,41 : 0.536"
"41,22 : 0.536"
"22,42 : 0.487"
"42,22 : 0.487"
"22,43 : 0.1992"
"43,22 : 0.1992"
"22,44 : 0.8081"
"44,22 : 0.8081"
"22,45 : 0.642"
"45,22 : 0.642"
"22,46 : 0.6264"
"46,22 : 0.6264"
"22,47 : 0.7661"
"47,22 : 0.7661"
"22,48 : 0.7077"
"48,22 : 0.7077"
"22,49 : 0.2059"
"49,22 : 0.2059"
"23,24 : 0.2731"
"24,23 : 0.2731"
"23,25 : 0.1253"
"25,23 : 0.1253"
"23,26 : 0.7765"
"26,23 : 0.7765"
"23,27 : 0.4252"
"27,23 : 0.4252"
"23,28 : 0.1628"
"28,23 : 0.1628"
"23,29 : 0.876"
"29,23 : 0.876"
"23,30 : 0.8914"
"30,23 : 0.8914"
"23,31 : 0.1703"
"31,23 : 0.1703"
"23,32 : 0.592"
"32,23 : 0.592"
"23,33 : 0.8102"
"33,23 : 0.8102"
"23,34 : 0.821"
"34,23 : 0.821"
"23,35 : 0.5049"
"35,23 : 0.5049"
"23,36 : 0.6174"
"36,23 : 0.6174"
"23,37 : 0.71"
"37,23 : 0.71"
"23,38 : 0.8805"
"38,23 : 0.8805"
"23,39 : 0.4528"
"39,23 : 0.4528"
"23,40 : 0.7879"
"40,23 : 0.7879"
"23,41 : 0.7068"
"41,23 : 0.7068"
"23,42 : 0.5749"
"42,23 : 0.5749"
"23,43 : 0.3191"
"43,23 : 0.3191"
"23,44 : 0.9657"
"44,23 : 0.9657"
"23,45 : 0.8395"
"45,23 : 0.8395"
"23,46 : 0.5808"
"46,23 : 0.5808"
"23,47 : 0.892"
"47,23 : 0.892"
"23,48 : 0.7981"
"48,23 : 0.7981"
"23,49 : 0.1942"
"49,23 : 0.1942"
"24,25 : 0.1487"
"25,24 : 0.1487"
"24,26 : 0.8927"
"26,24 : 0.8927"
"24,27 : 0.3962"
"27,24 : 0.3962"
"24,28 : 0.3483"
"28,24 : 0.3483"
"24,29 : 0.9405"
"29,24 : 0.9405"
"24,30 : 0.6597"
"30,24 : 0.6597"
"24,31 : 0.1442"
"31,24 : 0.1442"
"24,32 : 0.5189"
"32,24 : 0.5189"
"24,33 : 0.9483"
"33,24 : 0.9483"
"24,34 : 0.5743"
"34,24 : 0.5743"
"24,35 : 0.3081"
"35,24 : 0.3081"
"24,36 : 0.4827"
"36,24 : 0.4827"
"24,37 : 0.473"
"37,24 : 0.473"
"24,38 : 1.0141"
"38,24 : 1.0141"
"24,39 : 0.4276"
"39,24 : 0.4276"
"24,40 : 0.637"
"40,24 : 0.637"
"24,41 : 0.5659"
"41,24 : 0.5659"
"24,42 : 0.5629"
"42,24 : 0.5629"
"24,43 : 0.2807"
"43,24 : 0.2807"
"24,44 : 0.8422"
"44,24 : 0.8422"
"24,45 : 0.6395"
"45,24 : 0.6395"
"24,46 : 0.7242"
"46,24 : 0.7242"
"24,47 : 0.8199"
"47,24 : 0.8199"
"24,48 : 0.7779"
"48,24 : 0.7779"
"24,49 : 0.3041"
"49,24 : 0.3041"
"25,26 : 0.8301"
"26,25 : 0.8301"
"25,27 : 0.3996"
"27,25 : 0.3996"
"25,28 : 0.2341"
"28,25 : 0.2341"
"25,29 : 0.9061"
"29,25 : 0.9061"
"25,30 : 0.7877"
"30,25 : 0.7877"
"25,31 : 0.0922"
"31,25 : 0.0922"
"25,32 : 0.5532"
"32,25 : 0.5532"
"25,33 : 0.8746"
"33,25 : 0.8746"
"25,34 : 0.7103"
"34,25 : 0.7103"
"25,35 : 0.4111"
"35,25 : 0.4111"
"25,36 : 0.5522"
"36,25 : 0.5522"
"25,37 : 0.603"
"37,25 : 0.603"
"25,38 : 0.9434"
"38,25 : 0.9434"
"25,39 : 0.4305"
"39,25 : 0.4305"
"25,40 : 0.7187"
"40,25 : 0.7187"
"25,41 : 0.6407"
"41,25 : 0.6407"
"25,42 : 0.5636"
"42,25 : 0.5636"
"25,43 : 0.2802"
"43,25 : 0.2802"
"25,44 : 0.9105"
"44,25 : 0.9105"
"25,45 : 0.7495"
"45,25 : 0.7495"
"25,46 : 0.645"
"46,25 : 0.645"
"25,47 : 0.8591"
"47,25 : 0.8591"
"25,48 : 0.7877"
"48,25 : 0.7877"
"25,49 : 0.22"
"49,25 : 0.22"
"26,27 : 0.5371"
"27,26 : 0.5371"
"26,28 : 0.614"
"28,26 : 0.614"
"26,29 : 0.1897"
"29,26 : 0.1897"
"26,30 : 1.0689"
"30,26 : 1.0689"
"26,31 : 0.7632"
"31,26 : 0.7632"
"26,32 : 0.5523"
"32,26 : 0.5523"
"26,33 : 0.0894"
"33,26 : 0.0894"
"26,34 : 1.0837"
"34,26 : 1.0837"
"26,35 : 0.8062"
"35,26 : 0.8062"
"26,36 : 0.6868"
"36,26 : 0.6868"
"26,37 : 0.9823"
"37,26 : 0.9823"
"26,38 : 0.1304"
"38,26 : 0.1304"
"26,39 : 0.5143"
"39,26 : 0.5143"
"26,40 : 0.7661"
"40,26 : 0.7661"
"26,41 : 0.7159"
"41,26 : 0.7159"
"26,42 : 0.4264"
"42,26 : 0.4264"
"26,43 : 0.6236"
"43,26 : 0.6236"
"26,44 : 0.7655"
"44,26 : 0.7655"
"26,45 : 0.9309"
"45,26 : 0.9309"
"26,46 : 0.2025"
"46,26 : 0.2025"
"26,47 : 0.5852"
"47,26 : 0.5852"
"26,48 : 0.4144"
"48,26 : 0.4144"
"26,49 : 0.6101"
"49,26 : 0.6101"
"27,28 : 0.3138"
"28,27 : 0.3138"
"27,29 : 0.5515"
"29,27 : 0.5515"
"27,30 : 0.6147"
"30,27 : 0.6147"
"27,31 : 0.3089"
"31,27 : 0.3089"
"27,32 : 0.17"
"32,27 : 0.17"
"27,33 : 0.609"
"33,27 : 0.609"
"27,34 : 0.5936"
"34,27 : 0.5936"
"27,35 : 0.2766"
"35,27 : 0.2766"
"27,36 : 0.2408"
"36,27 : 0.2408"
"27,37 : 0.4801"
"37,27 : 0.4801"
"27,38 : 0.6664"
"38,27 : 0.6664"
"27,39 : 0.0316"
"39,27 : 0.0316"
"27,40 : 0.402"
"40,27 : 0.402"
"27,41 : 0.3206"
"41,27 : 0.3206"
"27,42 : 0.1676"
"42,27 : 0.1676"
"27,43 : 0.1208"
"43,27 : 0.1208"
"27,44 : 0.5504"
"44,27 : 0.5504"
"27,45 : 0.5099"
"45,27 : 0.5099"
"27,46 : 0.4173"
"46,27 : 0.4173"
"27,47 : 0.4669"
"47,27 : 0.4669"
"27,48 : 0.3891"
"48,27 : 0.3891"
"27,49 : 0.2419"
"49,27 : 0.2419"
"28,29 : 0.7151"
"29,28 : 0.7151"
"28,30 : 0.867"
"30,28 : 0.867"
"28,31 : 0.2052"
"31,28 : 0.2052"
"28,32 : 0.4833"
"32,28 : 0.4833"
"28,33 : 0.6501"
"33,28 : 0.6501"
"28,34 : 0.8149"
"34,28 : 0.8149"
"28,35 : 0.4785"
"35,28 : 0.4785"
"28,36 : 0.5394"
"36,28 : 0.5394"
"28,37 : 0.6986"
"37,28 : 0.6986"
"28,38 : 0.72"
"38,28 : 0.72"
"28,39 : 0.3354"
"39,28 : 0.3354"
"28,40 : 0.7083"
"40,28 : 0.7083"
"28,41 : 0.6259"
"41,28 : 0.6259"
"28,42 : 0.4405"
"42,28 : 0.4405"
"28,43 : 0.2402"
"43,28 : 0.2402"
"28,44 : 0.8641"
"44,28 : 0.8641"
"28,45 : 0.7903"
"45,28 : 0.7903"
"28,46 : 0.42"
"46,28 : 0.42"
"28,47 : 0.7684"
"47,28 : 0.7684"
"28,48 : 0.6576"
"48,28 : 0.6576"
"28,49 : 0.08"
"49,28 : 0.08"
"29,30 : 0.9902"
"30,29 : 0.9902"
"29,31 : 0.8273"
"31,29 : 0.8273"
"29,32 : 0.507"
"32,29 : 0.507"
"29,33 : 0.2608"
"33,29 : 0.2608"
"29,34 : 1.024"
"34,29 : 1.024"
"29,35 : 0.7912"
"35,29 : 0.7912"
"29,36 : 0.6351"
"36,29 : 0.6351"
"29,37 : 0.9348"
"37,29 : 0.9348"
"29,38 : 0.255"
"38,29 : 0.255"
"29,39 : 0.5224"
"39,29 : 0.5224"
"29,40 : 0.6736"
"40,29 : 0.6736"
"29,41 : 0.6407"
"41,29 : 0.6407"
"29,42 : 0.4002"
"42,29 : 0.4002"
"29,43 : 0.6601"
"43,29 : 0.6601"
"29,44 : 0.6277"
"44,29 : 0.6277"
"29,45 : 0.845"
"45,29 : 0.845"
"29,46 : 0.3536"
"46,29 : 0.3536"
"29,47 : 0.4442"
"47,29 : 0.4442"
"29,48 : 0.29"
"48,29 : 0.29"
"29,49 : 0.6912"
"49,29 : 0.6912"
"30,31 : 0.7211"
"31,30 : 0.7211"
"30,32 : 0.522"
"32,30 : 0.522"
"30,33 : 1.1552"
"33,30 : 1.1552"
"30,34 : 0.114"
"34,30 : 0.114"
"30,35 : 0.3905"
"35,30 : 0.3905"
"30,36 : 0.3912"
"36,30 : 0.3912"
"30,37 : 0.1868"
"37,30 : 0.1868"
"30,38 : 1.1952"
"38,30 : 1.1952"
"30,39 : 0.6174"
"39,30 : 0.6174"
"30,40 : 0.3191"
"40,30 : 0.3191"
"30,41 : 0.3536"
"41,30 : 0.3536"
"30,42 : 0.65"
"42,30 : 0.65"
"30,43 : 0.6315"
"43,30 : 0.6315"
"30,44 : 0.4653"
"44,30 : 0.4653"
"30,45 : 0.1476"
"45,30 : 0.1476"
"30,46 : 1.0102"
"46,30 : 1.0102"
"30,47 : 0.5962"
"47,30 : 0.5962"
"30,48 : 0.7046"
"48,30 : 0.7046"
"30,49 : 0.7877"
"49,30 : 0.7877"
"31,32 : 0.461"
"32,31 : 0.461"
"31,33 : 0.8139"
"33,31 : 0.8139"
"31,34 : 0.6519"
"34,31 : 0.6519"
"31,35 : 0.3354"
"35,31 : 0.3354"
"31,36 : 0.4632"
"36,31 : 0.4632"
"31,37 : 0.5401"
"37,31 : 0.5401"
"31,38 : 0.8812"
"38,31 : 0.8812"
"31,39 : 0.34"
"39,31 : 0.34"
"31,40 : 0.6313"
"40,31 : 0.6313"
"31,41 : 0.5523"
"41,31 : 0.5523"
"31,42 : 0.4742"
"42,31 : 0.4742"
"31,43 : 0.1887"
"43,31 : 0.1887"
"31,44 : 0.8201"
"44,31 : 0.8201"
"31,45 : 0.6719"
"45,31 : 0.6719"
"31,46 : 0.5869"
"46,31 : 0.5869"
"31,47 : 0.7669"
"47,31 : 0.7669"
"31,48 : 0.6977"
"48,31 : 0.6977"
"31,49 : 0.1616"
"49,31 : 0.1616"
"32,33 : 0.6364"
"33,32 : 0.6364"
"32,34 : 0.5315"
"34,32 : 0.5315"
"32,35 : 0.2915"
"35,32 : 0.2915"
"32,36 : 0.1345"
"36,32 : 0.1345"
"32,37 : 0.4327"
"37,32 : 0.4327"
"32,38 : 0.6812"
"38,32 : 0.6812"
"32,39 : 0.1487"
"39,32 : 0.1487"
"32,40 : 0.2532"
"40,32 : 0.2532"
"32,41 : 0.1803"
"41,32 : 0.1803"
"32,42 : 0.1281"
"42,32 : 0.1281"
"32,43 : 0.2759"
"43,32 : 0.2759"
"32,44 : 0.3808"
"44,32 : 0.3808"
"32,45 : 0.3936"
"45,32 : 0.3936"
"32,46 : 0.4919"
"46,32 : 0.4919"
"32,47 : 0.3061"
"47,32 : 0.3061"
"32,48 : 0.2707"
"48,32 : 0.2707"
"32,49 : 0.4118"
"49,32 : 0.4118"
"33,34 : 1.1673"
"34,33 : 1.1673"
"33,35 : 0.882"
"35,33 : 0.882"
"33,36 : 0.7708"
"36,33 : 0.7708"
"33,37 : 1.064"
"37,33 : 1.064"
"33,38 : 0.0707"
"38,33 : 0.0707"
"33,39 : 0.5883"
"39,33 : 0.5883"
"33,40 : 0.8545"
"40,33 : 0.8545"
"33,41 : 0.8028"
"41,33 : 0.8028"
"33,42 : 0.5093"
"42,33 : 0.5093"
"33,43 : 0.6871"
"43,33 : 0.6871"
"33,44 : 0.8544"
"44,33 : 0.8544"
"33,45 : 1.0183"
"45,33 : 1.0183"
"33,46 : 0.2302"
"46,33 : 0.2302"
"33,47 : 0.6736"
"47,33 : 0.6736"
"33,48 : 0.5033"
"48,33 : 0.5033"
"33,49 : 0.6562"
"49,33 : 0.6562"
"34,35 : 0.3384"
"35,34 : 0.3384"
"34,36 : 0.397"
"36,34 : 0.397"
"34,37 : 0.117"
"37,34 : 0.117"
"34,38 : 1.2126"
"38,34 : 1.2126"
"34,39 : 0.6022"
"39,34 : 0.6022"
"34,40 : 0.3736"
"40,34 : 0.3736"
"34,41 : 0.3847"
"41,34 : 0.3847"
"34,42 : 0.658"
"42,34 : 0.658"
"34,43 : 0.5887"
"43,34 : 0.5887"
"34,44 : 0.55"
"44,34 : 0.55"
"34,45 : 0.22"
"45,34 : 0.22"
"34,46 : 1.0042"
"46,34 : 1.0042"
"34,47 : 0.6597"
"47,34 : 0.6597"
"34,48 : 0.7469"
"48,34 : 0.7469"
"34,49 : 0.7376"
"49,34 : 0.7376"
"35,36 : 0.1992"
"36,35 : 0.1992"
"35,37 : 0.2214"
"37,35 : 0.2214"
"35,38 : 0.9365"
"38,35 : 0.9365"
"35,39 : 0.2941"
"39,35 : 0.2941"
"35,40 : 0.333"
"40,35 : 0.333"
"35,41 : 0.2693"
"41,35 : 0.2693"
"35,42 : 0.3922"
"42,35 : 0.3922"
"35,43 : 0.2508"
"43,35 : 0.2508"
"35,44 : 0.5441"
"44,35 : 0.5441"
"35,45 : 0.3384"
"45,35 : 0.3384"
"35,46 : 0.6935"
"46,35 : 0.6935"
"35,47 : 0.5536"
"47,35 : 0.5536"
"35,48 : 0.5601"
"48,35 : 0.5601"
"35,49 : 0.4002"
"49,35 : 0.4002"
"36,37 : 0.3002"
"37,36 : 0.3002"
"36,38 : 0.8157"
"38,36 : 0.8157"
"36,39 : 0.2354"
"39,36 : 0.2354"
"36,40 : 0.1709"
"40,36 : 0.1709"
"36,41 : 0.0894"
"41,36 : 0.0894"
"36,42 : 0.2617"
"42,36 : 0.2617"
"36,43 : 0.3036"
"43,36 : 0.3036"
"36,44 : 0.3607"
"44,36 : 0.3607"
"36,45 : 0.272"
"45,36 : 0.272"
"36,46 : 0.6191"
"46,36 : 0.6191"
"36,47 : 0.3544"
"47,36 : 0.3544"
"36,48 : 0.3766"
"48,36 : 0.3766"
"36,49 : 0.461"
"49,36 : 0.461"
"37,38 : 1.1121"
"38,37 : 1.1121"
"37,39 : 0.4904"
"39,37 : 0.4904"
"37,40 : 0.3202"
"40,37 : 0.3202"
"37,41 : 0.3081"
"41,37 : 0.3081"
"37,42 : 0.5561"
"42,37 : 0.5561"
"37,43 : 0.4717"
"43,37 : 0.4717"
"37,44 : 0.5217"
"44,37 : 0.5217"
"37,45 : 0.211"
"45,37 : 0.211"
"37,46 : 0.8938"
"46,37 : 0.8938"
"37,47 : 0.6021"
"47,37 : 0.6021"
"37,48 : 0.6673"
"48,37 : 0.6673"
"37,49 : 0.621"
"49,37 : 0.621"
"38,39 : 0.6441"
"39,38 : 0.6441"
"38,40 : 0.8887"
"40,38 : 0.8887"
"38,41 : 0.8417"
"41,38 : 0.8417"
"38,42 : 0.5561"
"42,38 : 0.5561"
"38,43 : 0.7495"
"43,38 : 0.7495"
"38,44 : 0.8724"
"44,38 : 0.8724"
"38,45 : 1.0555"
"45,38 : 1.0555"
"38,46 : 0.3"
"46,38 : 0.3"
"38,47 : 0.6894"
"47,38 : 0.6894"
"38,48 : 0.5235"
"48,38 : 0.5235"
"38,49 : 0.7244"
"49,38 : 0.7244"
"39,40 : 0.3901"
"40,39 : 0.3901"
"39,41 : 0.3102"
"41,39 : 0.3102"
"39,42 : 0.136"
"42,39 : 0.136"
"39,43 : 0.1523"
"43,39 : 0.1523"
"39,44 : 0.5292"
"44,39 : 0.5292"
"39,45 : 0.507"
"45,39 : 0.507"
"39,46 : 0.4036"
"46,39 : 0.4036"
"39,47 : 0.4393"
"47,39 : 0.4393"
"39,48 : 0.3578"
"48,39 : 0.3578"
"39,49 : 0.2663"
"49,39 : 0.2663"
"40,41 : 0.0825"
"41,40 : 0.0825"
"40,42 : 0.37"
"42,40 : 0.37"
"40,43 : 0.4743"
"43,40 : 0.4743"
"40,44 : 0.2147"
"44,40 : 0.2147"
"40,45 : 0.172"
"45,40 : 0.172"
"40,46 : 0.7374"
"46,40 : 0.7374"
"40,47 : 0.2864"
"47,40 : 0.2864"
"40,48 : 0.386"
"48,40 : 0.386"
"40,49 : 0.6306"
"49,40 : 0.6306"
"41,42 : 0.3041"
"42,41 : 0.3041"
"41,43 : 0.3922"
"43,41 : 0.3922"
"41,44 : 0.2766"
"44,41 : 0.2766"
"41,45 : 0.2163"
"45,41 : 0.2163"
"41,46 : 0.6712"
"46,41 : 0.6712"
"41,47 : 0.3007"
"47,41 : 0.3007"
"41,48 : 0.3625"
"48,41 : 0.3625"
"41,49 : 0.5482"
"49,41 : 0.5482"
"42,43 : 0.2879"
"43,42 : 0.2879"
"42,44 : 0.4554"
"44,42 : 0.4554"
"42,45 : 0.5197"
"45,42 : 0.5197"
"42,46 : 0.3677"
"46,42 : 0.3677"
"42,47 : 0.3312"
"47,42 : 0.3312"
"42,48 : 0.2247"
"48,42 : 0.2247"
"42,49 : 0.3821"
"49,42 : 0.3821"
