x,y
0.97,0.73
0.11,0.91
0.6,0.49
0.01,0.22
0.26,0.59
0.68,0.58
0.68,0.3
0.13,0.98
0.86,0.1
0.99,0.45
0.24,0.63
0.9,0.24
0.29,0.3
0.25,0.59
0.16,0.95
0.54,0.03
0.83,0.62
0.85,0.27
0.85,0.7
0.27,0.59
0.49,0.51
0.03,0.31
0.18,0.8
0.59,0.11
0.3,0.57
0.82,0.37
0.46,0.98
0.79,0.91
0.66,0.03
0.91,0.29
0.28,0.01
0.04,0.74
0.98,0.62
0.68,0.78
0.33,0.51
0.59,0.85
0.71,0.45
0.26,0.12
0.94,0.44
0.78,0.9
0.95,0.26
0.22,0.61
0.6,0.29
0.08,0.8
0.17,0.82
0.75,0.95
0.12,0.28
0.64,0.57
0.12,0.31
0.8,0.19

Distanze
"0,1 : 0.8786"
"1,0 : 0.8786"
"0,2 : 0.441"
"2,0 : 0.441"
"0,3 : 1.0871"
"3,0 : 1.0871"
"0,4 : 0.7237"
"4,0 : 0.7237"
"0,5 : 0.3265"
"5,0 : 0.3265"
"0,6 : 0.5187"
"6,0 : 0.5187"
"0,7 : 0.8764"
"7,0 : 0.8764"
"0,8 : 0.6395"
"8,0 : 0.6395"
"0,9 : 0.2807"
"9,0 : 0.2807"
"0,10 : 0.7368"
"10,0 : 0.7368"
"0,11 : 0.495"
"11,0 : 0.495"
"0,12 : 0.8045"
"12,0 : 0.8045"
"0,13 : 0.7335"
"13,0 : 0.7335"
"0,14 : 0.8393"
"14,0 : 0.8393"
"0,15 : 0.8215"
"15,0 : 0.8215"
"0,16 : 0.178"
"16,0 : 0.178"
"0,17 : 0.4754"
"17,0 : 0.4754"
"0,18 : 0.1237"
"18,0 : 0.1237"
"0,19 : 0.7139"
"19,0 : 0.7139"
"0,20 : 0.528"
"20,0 : 0.528"
"0,21 : 1.0296"
"21,0 : 1.0296"
"0,22 : 0.7931"
"22,0 : 0.7931"
"0,23 : 0.7272"
"23,0 : 0.7272"
"0,24 : 0.6888"
"24,0 : 0.6888"
"0,25 : 0.39"
"25,0 : 0.39"
"0,26 : 0.568"
"26,0 : 0.568"
"0,27 : 0.2546"
"27,0 : 0.2546"
"0,28 : 0.7656"
"28,0 : 0.7656"
"0,29 : 0.4441"
"29,0 : 0.4441"
"0,30 : 0.9972"
"30,0 : 0.9972"
"0,31 : 0.9301"
"31,0 : 0.9301"
"0,32 : 0.1105"
"32,0 : 0.1105"
"0,33 : 0.2943"
"33,0 : 0.2943"
"0,34 : 0.6768"
"34,0 : 0.6768"
"0,35 : 0.3985"
"35,0 : 0.3985"
"0,36 : 0.3821"
"36,0 : 0.3821"
"0,37 : 0.9361"
"37,0 : 0.9361"
"0,38 : 0.2915"
"38,0 : 0.2915"
"0,39 : 0.255"
"39,0 : 0.255"
"0,40 : 0.4704"
"40,0 : 0.4704"
"0,41 : 0.7595"
"41,0 : 0.7595"
"0,42 : 0.5749"
"42,0 : 0.5749"
"0,43 : 0.8927"
"43,0 : 0.8927"
"0,44 : 0.805"
"44,0 : 0.805"
"0,45 : 0.3111"
"45,0 : 0.3111"
"0,46 : 0.9618"
"46,0 : 0.9618"
"0,47 : 0.3667"
"47,0 : 0.3667"
"0,48 : 0.9481"
"48,0 : 0.9481"
"0,49 : 0.5661"
"49,0 : 0.5661"
"1,2 : 0.6454"
"2,1 : 0.6454"
"1,3 : 0.6972"
"3,1 : 0.6972"
"1,4 : 0.3534"
"4,1 : 0.3534"
"1,5 : 0.6586"
"5,1 : 0.6586"
"1,6 : 0.8349"
"6,1 : 0.8349"
"1,7 : 0.0728"
"7,1 : 0.0728"
"1,8 : 1.1039"
"8,1 : 1.1039"
"1,9 : 0.993"
"9,1 : 0.993"
"1,10 : 0.3087"
"10,1 : 0.3087"
"1,11 : 1.0359"
"11,1 : 1.0359"
"1,12 : 0.636"
"12,1 : 0.636"
"1,13 : 0.3493"
"13,1 : 0.3493"
"1,14 : 0.064"
"14,1 : 0.064"
"1,15 : 0.9794"
"15,1 : 0.9794"
"1,16 : 0.7762"
"16,1 : 0.7762"
"1,17 : 0.9784"
"17,1 : 0.9784"
"1,18 : 0.7692"
"18,1 : 0.7692"
"1,19 : 0.3578"
"19,1 : 0.3578"
"1,20 : 0.5517"
"20,1 : 0.5517"
"1,21 : 0.6053"
"21,1 : 0.6053"
"1,22 : 0.1304"
"22,1 : 0.1304"
"1,23 : 0.933"
"23,1 : 0.933"
"1,24 : 0.3895"
"24,1 : 0.3895"
"1,25 : 0.892"
"25,1 : 0.892"
"1,26 : 0.3569"
"26,1 : 0.3569"
"1,27 : 0.68"
"27,1 : 0.68"
"1,28 : 1.0377"
"28,1 : 1.0377"
"1,29 : 1.0121"
"29,1 : 1.0121"
"1,30 : 0.9159"
"30,1 : 0.9159"
"1,31 : 0.1838"
"31,1 : 0.1838"
"1,32 : 0.9171"
"32,1 : 0.9171"
"1,33 : 0.5846"
"33,1 : 0.5846"
"1,34 : 0.4565"
"34,1 : 0.4565"
"1,35 : 0.4837"
"35,1 : 0.4837"
"1,36 : 0.756"
"36,1 : 0.756"
"1,37 : 0.8041"
"37,1 : 0.8041"
"1,38 : 0.9538"
"38,1 : 0.9538"
"1,39 : 0.6701"
"39,1 : 0.6701"
"1,40 : 1.0621"
"40,1 : 1.0621"
"1,41 : 0.3195"
"41,1 : 0.3195"
"1,42 : 0.7903"
"42,1 : 0.7903"
"1,43 : 0.114"
"43,1 : 0.114"
"1,44 : 0.1082"
"44,1 : 0.1082"
"1,45 : 0.6412"
"45,1 : 0.6412"
"1,46 : 0.6301"
"46,1 : 0.6301"
"1,47 : 0.6297"
"47,1 : 0.6297"
"1,48 : 0.6001"
"48,1 : 0.6001"
"1,49 : 0.9972"
"49,1 : 0.9972"
"2,3 : 0.6488"
"3,2 : 0.6488"
"2,4 : 0.3544"
"4,2 : 0.3544"
"2,5 : 0.1204"
"5,2 : 0.1204"
"2,6 : 0.2062"
"6,2 : 0.2062"
"2,7 : 0.679"
"7,2 : 0.679"
"2,8 : 0.4687"
"8,2 : 0.4687"
"2,9 : 0.392"
"9,2 : 0.392"
"2,10 : 0.3863"
"10,2 : 0.3863"
"2,11 : 0.3905"
"11,2 : 0.3905"
"2,12 : 0.3636"
"12,2 : 0.3636"
"2,13 : 0.364"
"13,2 : 0.364"
"2,14 : 0.6366"
"14,2 : 0.6366"
"2,15 : 0.4639"
"15,2 : 0.4639"
"2,16 : 0.2642"
"16,2 : 0.2642"
"2,17 : 0.333"
"17,2 : 0.333"
"2,18 : 0.3265"
"18,2 : 0.3265"
"2,19 : 0.3448"
"19,2 : 0.3448"
"2,20 : 0.1118"
"20,2 : 0.1118"
"2,21 : 0.5977"
"21,2 : 0.5977"
"2,22 : 0.522"
"22,2 : 0.522"
"2,23 : 0.3801"
"23,2 : 0.3801"
"2,24 : 0.3105"
"24,2 : 0.3105"
"2,25 : 0.2506"
"25,2 : 0.2506"
"2,26 : 0.5096"
"26,2 : 0.5096"
"2,27 : 0.461"
"27,2 : 0.461"
"2,28 : 0.4639"
"28,2 : 0.4639"
"2,29 : 0.3689"
"29,2 : 0.3689"
"2,30 : 0.5769"
"30,2 : 0.5769"
"2,31 : 0.6133"
"31,2 : 0.6133"
"2,32 : 0.4016"
"32,2 : 0.4016"
"2,33 : 0.3008"
"33,2 : 0.3008"
"2,34 : 0.2707"
"34,2 : 0.2707"
"2,35 : 0.3601"
"35,2 : 0.3601"
"2,36 : 0.117"
"36,2 : 0.117"
"2,37 : 0.5025"
"37,2 : 0.5025"
"2,38 : 0.3437"
"38,2 : 0.3437"
"2,39 : 0.4478"
"39,2 : 0.4478"
"2,40 : 0.4188"
"40,2 : 0.4188"
"2,41 : 0.3985"
"41,2 : 0.3985"
"2,42 : 0.2"
"42,2 : 0.2"
"2,43 : 0.6054"
"43,2 : 0.6054"
"2,44 : 0.542"
"44,2 : 0.542"
"2,45 : 0.4838"
"45,2 : 0.4838"
"2,46 : 0.5239"
"46,2 : 0.5239"
"2,47 : 0.0894"
"47,2 : 0.0894"
"2,48 : 0.5126"
"48,2 : 0.5126"
"2,49 : 0.3606"
"49,2 : 0.3606"
"3,4 : 0.4465"
"4,3 : 0.4465"
"3,5 : 0.7606"
"5,3 : 0.7606"
"3,6 : 0.6748"
"6,3 : 0.6748"
"3,7 : 0.7694"
"7,3 : 0.7694"
"3,8 : 0.8584"
"8,3 : 0.8584"
"3,9 : 1.0066"
"9,3 : 1.0066"
"3,10 : 0.4701"
"10,3 : 0.4701"
"3,11 : 0.8902"
"11,3 : 0.8902"
"3,12 : 0.2912"
"12,3 : 0.2912"
"3,13 : 0.441"
"13,3 : 0.441"
"3,14 : 0.7453"
"14,3 : 0.7453"
"3,15 : 0.563"
"15,3 : 0.563"
"3,16 : 0.9124"
"16,3 : 0.9124"
"3,17 : 0.8415"
"17,3 : 0.8415"
"3,18 : 0.9675"
"18,3 : 0.9675"
"3,19 : 0.4522"
"19,3 : 0.4522"
"3,20 : 0.5608"
"20,3 : 0.5608"
"3,21 : 0.0922"
"21,3 : 0.0922"
"3,22 : 0.6044"
"22,3 : 0.6044"
"3,23 : 0.5903"
"23,3 : 0.5903"
"3,24 : 0.4545"
"24,3 : 0.4545"
"3,25 : 0.8238"
"25,3 : 0.8238"
"3,26 : 0.8832"
"26,3 : 0.8832"
"3,27 : 1.0414"
"27,3 : 1.0414"
"3,28 : 0.6772"
"28,3 : 0.6772"
"3,29 : 0.9027"
"29,3 : 0.9027"
"3,30 : 0.3421"
"30,3 : 0.3421"
"3,31 : 0.5209"
"31,3 : 0.5209"
"3,32 : 1.0492"
"32,3 : 1.0492"
"3,33 : 0.8732"
"33,3 : 0.8732"
"3,34 : 0.4319"
"34,3 : 0.4319"
"3,35 : 0.8563"
"35,3 : 0.8563"
"3,36 : 0.7368"
"36,3 : 0.7368"
"3,37 : 0.2693"
"37,3 : 0.2693"
"3,38 : 0.9557"
"38,3 : 0.9557"
"3,39 : 1.0273"
"39,3 : 1.0273"
"3,40 : 0.9409"
"40,3 : 0.9409"
"3,41 : 0.4429"
"41,3 : 0.4429"
"3,42 : 0.5941"
"42,3 : 0.5941"
"3,43 : 0.5842"
"43,3 : 0.5842"
"3,44 : 0.621"
"44,3 : 0.621"
"3,45 : 1.0395"
"45,3 : 1.0395"
"3,46 : 0.1253"
"46,3 : 0.1253"
"3,47 : 0.7207"
"47,3 : 0.7207"
"3,48 : 0.1421"
"48,3 : 0.1421"
"3,49 : 0.7906"
"49,3 : 0.7906"
"4,5 : 0.4201"
"5,4 : 0.4201"
"4,6 : 0.5104"
"6,4 : 0.5104"
"4,7 : 0.4111"
"7,4 : 0.4111"
"4,8 : 0.7747"
"8,4 : 0.7747"
"4,9 : 0.7433"
"9,4 : 0.7433"
"4,10 : 0.0447"
"10,4 : 0.0447"
"4,11 : 0.7295"
"11,4 : 0.7295"
"4,12 : 0.2915"
"12,4 : 0.2915"
"4,13 : 0.01"
"13,4 : 0.01"
"4,14 : 0.3736"
"14,4 : 0.3736"
"4,15 : 0.6261"
"15,4 : 0.6261"
"4,16 : 0.5708"
"16,4 : 0.5708"
"4,17 : 0.6712"
"17,4 : 0.6712"
"4,18 : 0.6002"
"18,4 : 0.6002"
"4,19 : 0.01"
"19,4 : 0.01"
"4,20 : 0.2435"
"20,4 : 0.2435"
"4,21 : 0.3624"
"21,4 : 0.3624"
"4,22 : 0.2247"
"22,4 : 0.2247"
"4,23 : 0.5825"
"23,4 : 0.5825"
"4,24 : 0.0447"
"24,4 : 0.0447"
"4,25 : 0.6017"
"25,4 : 0.6017"
"4,26 : 0.4383"
"26,4 : 0.4383"
"4,27 : 0.6191"
"27,4 : 0.6191"
"4,28 : 0.6882"
"28,4 : 0.6882"
"4,29 : 0.7159"
"29,4 : 0.7159"
"4,30 : 0.5803"
"30,4 : 0.5803"
"4,31 : 0.2663"
"31,4 : 0.2663"
"4,32 : 0.7206"
"32,4 : 0.7206"
"4,33 : 0.461"
"33,4 : 0.461"
"4,34 : 0.1063"
"34,4 : 0.1063"
"4,35 : 0.4201"
"35,4 : 0.4201"
"4,36 : 0.4713"
"36,4 : 0.4713"
"4,37 : 0.47"
"37,4 : 0.47"
"4,38 : 0.6963"
"38,4 : 0.6963"
"4,39 : 0.6054"
"39,4 : 0.6054"
"4,40 : 0.7649"
"40,4 : 0.7649"
"4,41 : 0.0447"
"41,4 : 0.0447"
"4,42 : 0.4534"
"42,4 : 0.4534"
"4,43 : 0.2766"
"43,4 : 0.2766"
"4,44 : 0.247"
"44,4 : 0.247"
"4,45 : 0.608"
"45,4 : 0.608"
"4,46 : 0.3401"
"46,4 : 0.3401"
"4,47 : 0.3805"
"47,4 : 0.3805"
"4,48 : 0.313"
"48,4 : 0.313"
"4,49 : 0.672"
"49,4 : 0.672"
"5,6 : 0.28"
"6,5 : 0.28"
"5,7 : 0.6801"
"7,5 : 0.6801"
"5,8 : 0.5126"
"8,5 : 0.5126"
"5,9 : 0.3362"
"9,5 : 0.3362"
"5,10 : 0.4428"
"10,5 : 0.4428"
"5,11 : 0.405"
"11,5 : 0.405"
"5,12 : 0.4801"
"12,5 : 0.4801"
"5,13 : 0.4301"
"13,5 : 0.4301"
"5,14 : 0.6382"
"14,5 : 0.6382"
"5,15 : 0.5675"
"15,5 : 0.5675"
"5,16 : 0.1552"
"16,5 : 0.1552"
"5,17 : 0.3536"
"17,5 : 0.3536"
"5,18 : 0.2081"
"18,5 : 0.2081"
"5,19 : 0.4101"
"19,5 : 0.4101"
"5,20 : 0.2025"
"20,5 : 0.2025"
"5,21 : 0.7038"
"21,5 : 0.7038"
"5,22 : 0.5463"
"22,5 : 0.5463"
"5,23 : 0.4785"
"23,5 : 0.4785"
"5,24 : 0.3801"
"24,5 : 0.3801"
"5,25 : 0.2524"
"25,5 : 0.2524"
"5,26 : 0.4565"
"26,5 : 0.4565"
"5,27 : 0.3479"
"27,5 : 0.3479"
"5,28 : 0.5504"
"28,5 : 0.5504"
"5,29 : 0.3701"
"29,5 : 0.3701"
"5,30 : 0.6963"
"30,5 : 0.6963"
"5,31 : 0.6597"
"31,5 : 0.6597"
"5,32 : 0.3027"
"32,5 : 0.3027"
"5,33 : 0.2"
"33,5 : 0.2"
"5,34 : 0.3569"
"34,5 : 0.3569"
"5,35 : 0.2846"
"35,5 : 0.2846"
"5,36 : 0.1334"
"36,5 : 0.1334"
"5,37 : 0.6229"
"37,5 : 0.6229"
"5,38 : 0.2953"
"38,5 : 0.2953"
"5,39 : 0.3353"
"39,5 : 0.3353"
"5,40 : 0.4187"
"40,5 : 0.4187"
"5,41 : 0.461"
"41,5 : 0.461"
"5,42 : 0.3008"
"42,5 : 0.3008"
"5,43 : 0.6391"
"43,5 : 0.6391"
"5,44 : 0.5636"
"44,5 : 0.5636"
"5,45 : 0.3766"
"45,5 : 0.3766"
"5,46 : 0.6353"
"46,5 : 0.6353"
"5,47 : 0.0412"
"47,5 : 0.0412"
"5,48 : 0.6217"
"48,5 : 0.6217"
"5,49 : 0.408"
"49,5 : 0.408"
"6,7 : 0.8746"
"7,6 : 0.8746"
"6,8 : 0.2691"
"8,6 : 0.2691"
"6,9 : 0.3444"
"9,6 : 0.3444"
"6,10 : 0.55"
"10,6 : 0.55"
"6,11 : 0.228"
"11,6 : 0.228"
"6,12 : 0.39"
"12,6 : 0.39"
"6,13 : 0.5187"
"13,6 : 0.5187"
"6,14 : 0.8324"
"14,6 : 0.8324"
"6,15 : 0.3041"
"15,6 : 0.3041"
"6,16 : 0.3534"
"16,6 : 0.3534"
"6,17 : 0.1726"
"17,6 : 0.1726"
"6,18 : 0.4346"
"18,6 : 0.4346"
"6,19 : 0.5022"
"19,6 : 0.5022"
"6,20 : 0.2832"
"20,6 : 0.2832"
"6,21 : 0.6501"
"21,6 : 0.6501"
"6,22 : 0.7071"
"22,6 : 0.7071"
"6,23 : 0.2102"
"23,6 : 0.2102"
"6,24 : 0.4662"
"24,6 : 0.4662"
"6,25 : 0.1565"
"25,6 : 0.1565"
"6,26 : 0.7147"
"26,6 : 0.7147"
"6,27 : 0.6198"
"27,6 : 0.6198"
"6,28 : 0.2707"
"28,6 : 0.2707"
"6,29 : 0.2302"
"29,6 : 0.2302"
"6,30 : 0.4941"
"30,6 : 0.4941"
"6,31 : 0.7767"
"31,6 : 0.7767"
"6,32 : 0.4386"
"32,6 : 0.4386"
"6,33 : 0.48"
"33,6 : 0.48"
"6,34 : 0.4082"
"34,6 : 0.4082"
"6,35 : 0.5573"
"35,6 : 0.5573"
"6,36 : 0.153"
"36,6 : 0.153"
"6,37 : 0.4569"
"37,6 : 0.4569"
"6,38 : 0.2953"
"38,6 : 0.2953"
"6,39 : 0.6083"
"39,6 : 0.6083"
"6,40 : 0.2729"
"40,6 : 0.2729"
"6,41 : 0.5547"
"41,6 : 0.5547"
"6,42 : 0.0806"
"42,6 : 0.0806"
"6,43 : 0.781"
"43,6 : 0.781"
"6,44 : 0.7284"
"44,6 : 0.7284"
"6,45 : 0.6538"
"45,6 : 0.6538"
"6,46 : 0.5604"
"46,6 : 0.5604"
"6,47 : 0.2729"
"47,6 : 0.2729"
"6,48 : 0.5601"
"48,6 : 0.5601"
"6,49 : 0.1628"
"49,6 : 0.1628"
"7,8 : 1.1434"
"8,7 : 1.1434"
"7,9 : 1.0102"
"9,7 : 1.0102"
"7,10 : 0.3669"
"10,7 : 0.3669"
"7,11 : 1.0679"
"11,7 : 1.0679"
"7,12 : 0.6986"
"12,7 : 0.6986"
"7,13 : 0.408"
"13,7 : 0.408"
"7,14 : 0.0424"
"14,7 : 0.0424"
"7,15 : 1.0347"
"15,7 : 1.0347"
"7,16 : 0.7871"
"16,7 : 0.7871"
"7,17 : 1.0112"
"17,7 : 1.0112"
"7,18 : 0.7725"
"18,7 : 0.7725"
"7,19 : 0.4144"
"19,7 : 0.4144"
"7,20 : 0.592"
"20,7 : 0.592"
"7,21 : 0.6774"
"21,7 : 0.6774"
"7,22 : 0.1868"
"22,7 : 0.1868"
"7,23 : 0.9841"
"23,7 : 0.9841"
"7,24 : 0.4438"
"24,7 : 0.4438"
"7,25 : 0.921"
"25,7 : 0.921"
"7,26 : 0.33"
"26,7 : 0.33"
"7,27 : 0.6637"
"27,7 : 0.6637"
"7,28 : 1.0878"
"28,7 : 1.0878"
"7,29 : 1.0414"
"29,7 : 1.0414"
"7,30 : 0.9815"
"30,7 : 0.9815"
"7,31 : 0.2563"
"31,7 : 0.2563"
"7,32 : 0.9231"
"32,7 : 0.9231"
"7,33 : 0.5852"
"33,7 : 0.5852"
"7,34 : 0.5108"
"34,7 : 0.5108"
"7,35 : 0.478"
"35,7 : 0.478"
"7,36 : 0.7857"
"36,7 : 0.7857"
"7,37 : 0.8698"
"37,7 : 0.8698"
"7,38 : 0.9735"
"38,7 : 0.9735"
"7,39 : 0.6549"
"39,7 : 0.6549"
"7,40 : 1.0912"
"40,7 : 1.0912"
"7,41 : 0.3808"
"41,7 : 0.3808"
"7,42 : 0.8349"
"42,7 : 0.8349"
"7,43 : 0.1868"
"43,7 : 0.1868"
"7,44 : 0.1649"
"44,7 : 0.1649"
"7,45 : 0.6207"
"45,7 : 0.6207"
"7,46 : 0.7001"
"46,7 : 0.7001"
"7,47 : 0.6544"
"47,7 : 0.6544"
"7,48 : 0.6701"
"48,7 : 0.6701"
"7,49 : 1.0359"
"49,7 : 1.0359"
"8,9 : 0.3734"
"9,8 : 0.3734"
"8,10 : 0.8157"
"10,8 : 0.8157"
"8,11 : 0.1456"
"11,8 : 0.1456"
"8,12 : 0.6041"
"12,8 : 0.6041"
"8,13 : 0.7824"
"13,8 : 0.7824"
"8,14 : 1.1011"
"14,8 : 1.1011"
"8,15 : 0.3276"
"15,8 : 0.3276"
"8,16 : 0.5209"
"16,8 : 0.5209"
"8,17 : 0.1703"
"17,8 : 0.1703"
"8,18 : 0.6001"
"18,8 : 0.6001"
"8,19 : 0.7669"
"19,8 : 0.7669"
"8,20 : 0.5523"
"20,8 : 0.5523"
"8,21 : 0.8562"
"21,8 : 0.8562"
"8,22 : 0.9759"
"22,8 : 0.9759"
"8,23 : 0.2702"
"23,8 : 0.2702"
"8,24 : 0.7311"
"24,8 : 0.7311"
"8,25 : 0.2729"
"25,8 : 0.2729"
"8,26 : 0.9666"
"26,8 : 0.9666"
"8,27 : 0.813"
"27,8 : 0.813"
"8,28 : 0.2119"
"28,8 : 0.2119"
"8,29 : 0.1965"
"29,8 : 0.1965"
"8,30 : 0.5869"
"30,8 : 0.5869"
"8,31 : 1.0402"
"31,8 : 1.0402"
"8,32 : 0.5337"
"32,8 : 0.5337"
"8,33 : 0.7034"
"33,8 : 0.7034"
"8,34 : 0.6701"
"34,8 : 0.6701"
"8,35 : 0.7971"
"35,8 : 0.7971"
"8,36 : 0.3808"
"36,8 : 0.3808"
"8,37 : 0.6003"
"37,8 : 0.6003"
"8,38 : 0.3493"
"38,8 : 0.3493"
"8,39 : 0.804"
"39,8 : 0.804"
"8,40 : 0.1836"
"40,8 : 0.1836"
"8,41 : 0.8184"
"41,8 : 0.8184"
"8,42 : 0.322"
"42,8 : 0.322"
"8,43 : 1.048"
"43,8 : 1.048"
"8,44 : 0.9972"
"44,8 : 0.9972"
"8,45 : 0.8571"
"45,8 : 0.8571"
"8,46 : 0.7616"
"46,8 : 0.7616"
"8,47 : 0.5189"
"47,8 : 0.5189"
"8,48 : 0.7692"
"48,8 : 0.7692"
"8,49 : 0.1082"
"49,8 : 0.1082"
"9,10 : 0.7713"
"10,9 : 0.7713"
"9,11 : 0.2285"
"11,9 : 0.2285"
"9,12 : 0.7159"
"12,9 : 0.7159"
"9,13 : 0.7531"
"13,9 : 0.7531"
"9,14 : 0.969"
"14,9 : 0.969"
"9,15 : 0.6155"
"15,9 : 0.6155"
"9,16 : 0.2335"
"16,9 : 0.2335"
"9,17 : 0.228"
"17,9 : 0.228"
"9,18 : 0.2865"
"18,9 : 0.2865"
"9,19 : 0.7335"
"19,9 : 0.7335"
"9,20 : 0.5036"
"20,9 : 0.5036"
"9,21 : 0.9702"
"21,9 : 0.9702"
"9,22 : 0.8824"
"22,9 : 0.8824"
"9,23 : 0.525"
"23,9 : 0.525"
"9,24 : 0.7004"
"24,9 : 0.7004"
"9,25 : 0.1879"
"25,9 : 0.1879"
"9,26 : 0.7495"
"26,9 : 0.7495"
"9,27 : 0.5016"
"27,9 : 0.5016"
"9,28 : 0.5341"
"28,9 : 0.5341"
"9,29 : 0.1789"
"29,9 : 0.1789"
"9,30 : 0.8353"
"30,9 : 0.8353"
"9,31 : 0.9933"
"31,9 : 0.9933"
"9,32 : 0.1703"
"32,9 : 0.1703"
"9,33 : 0.4528"
"33,9 : 0.4528"
"9,34 : 0.6627"
"34,9 : 0.6627"
"9,35 : 0.5657"
"35,9 : 0.5657"
"9,36 : 0.28"
"36,9 : 0.28"
"9,37 : 0.8011"
"37,9 : 0.8011"
"9,38 : 0.051"
"38,9 : 0.051"
"9,39 : 0.4966"
"39,9 : 0.4966"
"9,40 : 0.1942"
"40,9 : 0.1942"
"9,41 : 0.7864"
"41,9 : 0.7864"
"9,42 : 0.4215"
"42,9 : 0.4215"
"9,43 : 0.975"
"43,9 : 0.975"
"9,44 : 0.8996"
"44,9 : 0.8996"
"9,45 : 0.5546"
"45,9 : 0.5546"
"9,46 : 0.8865"
"46,9 : 0.8865"
"9,47 : 0.37"
"47,9 : 0.37"
"9,48 : 0.8812"
"48,9 : 0.8812"
"9,49 : 0.322"
"49,9 : 0.322"
"10,11 : 0.7666"
"11,10 : 0.7666"
"10,12 : 0.3338"
"12,10 : 0.3338"
"10,13 : 0.0412"
"13,10 : 0.0412"
"10,14 : 0.3298"
"14,10 : 0.3298"
"10,15 : 0.6708"
"15,10 : 0.6708"
"10,16 : 0.5901"
"16,10 : 0.5901"
"10,17 : 0.7083"
"17,10 : 0.7083"
"10,18 : 0.614"
"18,10 : 0.614"
"10,19 : 0.05"
"19,10 : 0.05"
"10,20 : 0.2773"
"20,10 : 0.2773"
"10,21 : 0.3828"
"21,10 : 0.3828"
"10,22 : 0.1803"
"22,10 : 0.1803"
"10,23 : 0.6268"
"23,10 : 0.6268"
"10,24 : 0.0849"
"24,10 : 0.0849"
"10,25 : 0.6356"
"25,10 : 0.6356"
"10,26 : 0.4134"
"26,10 : 0.4134"
"10,27 : 0.6172"
"27,10 : 0.6172"
"10,28 : 0.7324"
"28,10 : 0.7324"
"10,29 : 0.7513"
"29,10 : 0.7513"
"10,30 : 0.6213"
"30,10 : 0.6213"
"10,31 : 0.2283"
"31,10 : 0.2283"
"10,32 : 0.7401"
"32,10 : 0.7401"
"10,33 : 0.4649"
"33,10 : 0.4649"
"10,34 : 0.15"
"34,10 : 0.15"
"10,35 : 0.4134"
"35,10 : 0.4134"
"10,36 : 0.5033"
"36,10 : 0.5033"
"10,37 : 0.5104"
"37,10 : 0.5104"
"10,38 : 0.7253"
"38,10 : 0.7253"
"10,39 : 0.6037"
"39,10 : 0.6037"
"10,40 : 0.8006"
"40,10 : 0.8006"
"10,41 : 0.0283"
"41,10 : 0.0283"
"10,42 : 0.4952"
"42,10 : 0.4952"
"10,43 : 0.2335"
"43,10 : 0.2335"
"10,44 : 0.2025"
"44,10 : 0.2025"
"10,45 : 0.6021"
"45,10 : 0.6021"
"10,46 : 0.37"
"46,10 : 0.37"
"10,47 : 0.4045"
"47,10 : 0.4045"
"10,48 : 0.3418"
"48,10 : 0.3418"
"10,49 : 0.7122"
"49,10 : 0.7122"
"11,12 : 0.6129"
"12,11 : 0.6129"
"11,13 : 0.7382"
"13,11 : 0.7382"
"11,14 : 1.0255"
"14,11 : 1.0255"
"11,15 : 0.4168"
"15,11 : 0.4168"
"11,16 : 0.3864"
"16,11 : 0.3864"
"11,17 : 0.0583"
"17,11 : 0.0583"
"11,18 : 0.4627"
"18,11 : 0.4627"
"11,19 : 0.7207"
"19,11 : 0.7207"
"11,20 : 0.4909"
"20,11 : 0.4909"
"11,21 : 0.8728"
"21,11 : 0.8728"
"11,22 : 0.9121"
"22,11 : 0.9121"
"11,23 : 0.3362"
"23,11 : 0.3362"
"11,24 : 0.6848"
"24,11 : 0.6848"
"11,25 : 0.1526"
"25,11 : 0.1526"
"11,26 : 0.8609"
"26,11 : 0.8609"
"11,27 : 0.679"
"27,11 : 0.679"
"11,28 : 0.3189"
"28,11 : 0.3189"
"11,29 : 0.051"
"29,11 : 0.051"
"11,30 : 0.6613"
"30,11 : 0.6613"
"11,31 : 0.9948"
"31,11 : 0.9948"
"11,32 : 0.3883"
"32,11 : 0.3883"
"11,33 : 0.5831"
"33,11 : 0.5831"
"11,34 : 0.6307"
"34,11 : 0.6307"
"11,35 : 0.6843"
"35,11 : 0.6843"
"11,36 : 0.2832"
"36,11 : 0.2832"
"11,37 : 0.6512"
"37,11 : 0.6512"
"11,38 : 0.204"
"38,11 : 0.204"
"11,39 : 0.6708"
"39,11 : 0.6708"
"11,40 : 0.0539"
"40,11 : 0.0539"
"11,41 : 0.7741"
"41,11 : 0.7741"
"11,42 : 0.3041"
"42,11 : 0.3041"
"11,43 : 0.993"
"43,11 : 0.993"
"11,44 : 0.9324"
"44,11 : 0.9324"
"11,45 : 0.7257"
"45,11 : 0.7257"
"11,46 : 0.781"
"46,11 : 0.781"
"11,47 : 0.4201"
"47,11 : 0.4201"
"11,48 : 0.7831"
"48,11 : 0.7831"
"11,49 : 0.1118"
"49,11 : 0.1118"
"12,13 : 0.2927"
"13,12 : 0.2927"
"12,14 : 0.6629"
"14,12 : 0.6629"
"12,15 : 0.368"
"15,12 : 0.368"
"12,16 : 0.6277"
"16,12 : 0.6277"
"12,17 : 0.5608"
"17,12 : 0.5608"
"12,18 : 0.6882"
"18,12 : 0.6882"
"12,19 : 0.2907"
"19,12 : 0.2907"
"12,20 : 0.29"
"20,12 : 0.29"
"12,21 : 0.2602"
"21,12 : 0.2602"
"12,22 : 0.512"
"22,12 : 0.512"
"12,23 : 0.3551"
"23,12 : 0.3551"
"12,24 : 0.2702"
"24,12 : 0.2702"
"12,25 : 0.5346"
"25,12 : 0.5346"
"12,26 : 0.7009"
"26,12 : 0.7009"
"12,27 : 0.7887"
"27,12 : 0.7887"
"12,28 : 0.458"
"28,12 : 0.458"
"12,29 : 0.6201"
"29,12 : 0.6201"
"12,30 : 0.2902"
"30,12 : 0.2902"
"12,31 : 0.5061"
"31,12 : 0.5061"
"12,32 : 0.7606"
"32,12 : 0.7606"
"12,33 : 0.6185"
"33,12 : 0.6185"
"12,34 : 0.2138"
"34,12 : 0.2138"
"12,35 : 0.6265"
"35,12 : 0.6265"
"12,36 : 0.446"
"36,12 : 0.446"
"12,37 : 0.1825"
"37,12 : 0.1825"
"12,38 : 0.6649"
"38,12 : 0.6649"
"12,39 : 0.7747"
"39,12 : 0.7747"
"12,40 : 0.6612"
"40,12 : 0.6612"
"12,41 : 0.3178"
"41,12 : 0.3178"
"12,42 : 0.3102"
"42,12 : 0.3102"
"12,43 : 0.5423"
"43,12 : 0.5423"
"12,44 : 0.5337"
"44,12 : 0.5337"
"12,45 : 0.7963"
"45,12 : 0.7963"
"12,46 : 0.1712"
"46,12 : 0.1712"
"12,47 : 0.442"
"47,12 : 0.442"
"12,48 : 0.1703"
"48,12 : 0.1703"
"12,49 : 0.5217"
"49,12 : 0.5217"
"13,14 : 0.3711"
"14,13 : 0.3711"
"13,15 : 0.6306"
"15,13 : 0.6306"
"13,16 : 0.5808"
"16,13 : 0.5808"
"13,17 : 0.68"
"17,13 : 0.68"
"13,18 : 0.61"
"18,13 : 0.61"
"13,19 : 0.02"
"19,13 : 0.02"
"13,20 : 0.253"
"20,13 : 0.253"
"13,21 : 0.3561"
"21,13 : 0.3561"
"13,22 : 0.2214"
"22,13 : 0.2214"
"13,23 : 0.5882"
"23,13 : 0.5882"
"13,24 : 0.0539"
"24,13 : 0.0539"
"13,25 : 0.611"
"25,13 : 0.611"
"13,26 : 0.4429"
"26,13 : 0.4429"
"13,27 : 0.6277"
"27,13 : 0.6277"
"13,28 : 0.694"
"28,13 : 0.694"
"13,29 : 0.725"
"29,13 : 0.725"
"13,30 : 0.5808"
"30,13 : 0.5808"
"13,31 : 0.2581"
"31,13 : 0.2581"
"13,32 : 0.7306"
"32,13 : 0.7306"
"13,33 : 0.4701"
"33,13 : 0.4701"
"13,34 : 0.1131"
"34,13 : 0.1131"
"13,35 : 0.428"
"35,13 : 0.428"
"13,36 : 0.4808"
"36,13 : 0.4808"
"13,37 : 0.4701"
"37,13 : 0.4701"
"13,38 : 0.7061"
"38,13 : 0.7061"
"13,39 : 0.614"
"39,13 : 0.614"
"13,40 : 0.7739"
"40,13 : 0.7739"
"13,41 : 0.0361"
"41,13 : 0.0361"
"13,42 : 0.461"
"42,13 : 0.461"
"13,43 : 0.2702"
"43,13 : 0.2702"
"13,44 : 0.2435"
"44,13 : 0.2435"
"13,45 : 0.6161"
"45,13 : 0.6161"
"13,46 : 0.3362"
"46,13 : 0.3362"
"13,47 : 0.3905"
"47,13 : 0.3905"
"13,48 : 0.3087"
"48,13 : 0.3087"
"13,49 : 0.6801"
"49,13 : 0.6801"
"14,15 : 0.9954"
"15,14 : 0.9954"
"14,16 : 0.7469"
"16,14 : 0.7469"
"14,17 : 0.9688"
"17,14 : 0.9688"
"14,18 : 0.7339"
"18,14 : 0.7339"
"14,19 : 0.3764"
"19,14 : 0.3764"
"14,20 : 0.55"
"20,14 : 0.55"
"14,21 : 0.6531"
"21,14 : 0.6531"
"14,22 : 0.1513"
"22,14 : 0.1513"
"14,23 : 0.9437"
"23,14 : 0.9437"
"14,24 : 0.405"
"24,14 : 0.405"
"14,25 : 0.8786"
"25,14 : 0.8786"
"14,26 : 0.3015"
"26,14 : 0.3015"
"14,27 : 0.6313"
"27,14 : 0.6313"
"14,28 : 1.0471"
"28,14 : 1.0471"
"14,29 : 0.999"
"29,14 : 0.999"
"14,30 : 0.9476"
"30,14 : 0.9476"
"14,31 : 0.2419"
"31,14 : 0.2419"
"14,32 : 0.8839"
"32,14 : 0.8839"
"14,33 : 0.5471"
"33,14 : 0.5471"
"14,34 : 0.4717"
"34,14 : 0.4717"
"14,35 : 0.4415"
"35,14 : 0.4415"
"14,36 : 0.7433"
"36,14 : 0.7433"
"14,37 : 0.836"
"37,14 : 0.836"
"14,38 : 0.9319"
"38,14 : 0.9319"
"14,39 : 0.622"
"39,14 : 0.622"
"14,40 : 1.0489"
"40,14 : 1.0489"
"14,41 : 0.3453"
"41,14 : 0.3453"
"14,42 : 0.7932"
"42,14 : 0.7932"
"14,43 : 0.17"
"43,14 : 0.17"
"14,44 : 0.1304"
"44,14 : 0.1304"
"14,45 : 0.59"
"45,14 : 0.59"
"14,46 : 0.6712"
"46,14 : 0.6712"
"14,47 : 0.6122"
"47,14 : 0.6122"
"14,48 : 0.6412"
"48,14 : 0.6412"
"14,49 : 0.9936"
"49,14 : 0.9936"
"15,16 : 0.6574"
"16,15 : 0.6574"
"15,17 : 0.392"
"17,15 : 0.392"
"15,18 : 0.7382"
"18,15 : 0.7382"
"15,19 : 0.6217"
"19,15 : 0.6217"
"15,20 : 0.4826"
"20,15 : 0.4826"
"15,21 : 0.5818"
"21,15 : 0.5818"
"15,22 : 0.85"
"22,15 : 0.85"
"15,23 : 0.0943"
"23,15 : 0.0943"
"15,24 : 0.5909"
"24,15 : 0.5909"
"15,25 : 0.4405"
"25,15 : 0.4405"
"15,26 : 0.9534"
"26,15 : 0.9534"
"15,27 : 0.9148"
"27,15 : 0.9148"
"15,28 : 0.12"
"28,15 : 0.12"
"15,29 : 0.4522"
"29,15 : 0.4522"
"15,30 : 0.2608"
"30,15 : 0.2608"
"15,31 : 0.8684"
"31,15 : 0.8684"
"15,32 : 0.736"
"32,15 : 0.736"
"15,33 : 0.763"
"33,15 : 0.763"
"15,34 : 0.5239"
"34,15 : 0.5239"
"15,35 : 0.8215"
"35,15 : 0.8215"
"15,36 : 0.4531"
"36,15 : 0.4531"
"15,37 : 0.2941"
"37,15 : 0.2941"
"15,38 : 0.5728"
"38,15 : 0.5728"
"15,39 : 0.9025"
"39,15 : 0.9025"
"15,40 : 0.4701"
"40,15 : 0.4701"
"15,41 : 0.6624"
"41,15 : 0.6624"
"15,42 : 0.2668"
"42,15 : 0.2668"
"15,43 : 0.8969"
"43,15 : 0.8969"
"15,44 : 0.8724"
"44,15 : 0.8724"
"15,45 : 0.9437"
"45,15 : 0.9437"
"15,46 : 0.4888"
"46,15 : 0.4888"
"15,47 : 0.5492"
"47,15 : 0.5492"
"15,48 : 0.5048"
"48,15 : 0.5048"
"15,49 : 0.3053"
"49,15 : 0.3053"
"16,17 : 0.3506"
"17,16 : 0.3506"
"16,18 : 0.0825"
"18,16 : 0.0825"
"16,19 : 0.5608"
"19,16 : 0.5608"
"16,20 : 0.3574"
"20,16 : 0.3574"
"16,21 : 0.858"
"21,16 : 0.858"
"16,22 : 0.6745"
"22,16 : 0.6745"
"16,23 : 0.5636"
"23,16 : 0.5636"
"16,24 : 0.5324"
"24,16 : 0.5324"
"16,25 : 0.2502"
"25,16 : 0.2502"
"16,26 : 0.5162"
"26,16 : 0.5162"
"16,27 : 0.2927"
"27,16 : 0.2927"
"16,28 : 0.614"
"28,16 : 0.614"
"16,29 : 0.3396"
"29,16 : 0.3396"
"16,30 : 0.8213"
"30,16 : 0.8213"
"16,31 : 0.7991"
"31,16 : 0.7991"
"16,32 : 0.15"
"32,16 : 0.15"
"16,33 : 0.2193"
"33,16 : 0.2193"
"16,34 : 0.512"
"34,16 : 0.512"
"16,35 : 0.3324"
"35,16 : 0.3324"
"16,36 : 0.2081"
"36,16 : 0.2081"
"16,37 : 0.7582"
"37,16 : 0.7582"
"16,38 : 0.211"
"38,16 : 0.211"
"16,39 : 0.2844"
"39,16 : 0.2844"
"16,40 : 0.3795"
"40,16 : 0.3795"
"16,41 : 0.6101"
"41,16 : 0.6101"
"16,42 : 0.4022"
"42,16 : 0.4022"
"16,43 : 0.7713"
"43,16 : 0.7713"
"16,44 : 0.6896"
"44,16 : 0.6896"
"16,45 : 0.3396"
"45,16 : 0.3396"
"16,46 : 0.7872"
"46,16 : 0.7872"
"16,47 : 0.1965"
"47,16 : 0.1965"
"16,48 : 0.7747"
"48,16 : 0.7747"
"16,49 : 0.431"
"49,16 : 0.431"
"17,18 : 0.43"
"18,17 : 0.43"
"17,19 : 0.6624"
"19,17 : 0.6624"
"17,20 : 0.4327"
"20,17 : 0.4327"
"17,21 : 0.821"
"21,17 : 0.821"
"17,22 : 0.8543"
"22,17 : 0.8543"
"17,23 : 0.3053"
"23,17 : 0.3053"
"17,24 : 0.6265"
"24,17 : 0.6265"
"17,25 : 0.1044"
"25,17 : 0.1044"
"17,26 : 0.8101"
"26,17 : 0.8101"
"17,27 : 0.6428"
"27,17 : 0.6428"
"17,28 : 0.3061"
"28,17 : 0.3061"
"17,29 : 0.0632"
"29,17 : 0.0632"
"17,30 : 0.6265"
"30,17 : 0.6265"
"17,31 : 0.9365"
"31,17 : 0.9365"
"17,32 : 0.3734"
"32,17 : 0.3734"
"17,33 : 0.5376"
"33,17 : 0.5376"
"17,34 : 0.5727"
"34,17 : 0.5727"
"17,35 : 0.6356"
"35,17 : 0.6356"
"17,36 : 0.228"
"36,17 : 0.228"
"17,37 : 0.6088"
"37,17 : 0.6088"
"17,38 : 0.1924"
"38,17 : 0.1924"
"17,39 : 0.6339"
"39,17 : 0.6339"
"17,40 : 0.1005"
"40,17 : 0.1005"
"17,41 : 0.7159"
"41,17 : 0.7159"
"17,42 : 0.2508"
"42,17 : 0.2508"
"17,43 : 0.9348"
"43,17 : 0.9348"
"17,44 : 0.8746"
"44,17 : 0.8746"
"17,45 : 0.6873"
"45,17 : 0.6873"
"17,46 : 0.7301"
"46,17 : 0.7301"
"17,47 : 0.3662"
"47,17 : 0.3662"
"17,48 : 0.7311"
"48,17 : 0.7311"
"17,49 : 0.0943"
"49,17 : 0.0943"
"18,19 : 0.5903"
"19,18 : 0.5903"
"18,20 : 0.4071"
"20,18 : 0.4071"
"18,21 : 0.908"
"21,18 : 0.908"
"18,22 : 0.6774"
"22,18 : 0.6774"
"18,23 : 0.6447"
"23,18 : 0.6447"
"18,24 : 0.5652"
"24,18 : 0.5652"
"18,25 : 0.3314"
"25,18 : 0.3314"
"18,26 : 0.4801"
"26,18 : 0.4801"
"18,27 : 0.2184"
"27,18 : 0.2184"
"18,28 : 0.6964"
"28,18 : 0.6964"
"18,29 : 0.4144"
"29,18 : 0.4144"
"18,30 : 0.895"
"30,18 : 0.895"
"18,31 : 0.811"
"31,18 : 0.811"
"18,32 : 0.1526"
"32,18 : 0.1526"
"18,33 : 0.1879"
"33,18 : 0.1879"
"18,34 : 0.5536"
"34,18 : 0.5536"
"18,35 : 0.3002"
"35,18 : 0.3002"
"18,36 : 0.2865"
"36,18 : 0.2865"
"18,37 : 0.8273"
"37,18 : 0.8273"
"18,38 : 0.2751"
"38,18 : 0.2751"
"18,39 : 0.2119"
"39,18 : 0.2119"
"18,40 : 0.4512"
"40,18 : 0.4512"
"18,41 : 0.6364"
"41,18 : 0.6364"
"18,42 : 0.4802"
"42,18 : 0.4802"
"18,43 : 0.7765"
"43,18 : 0.7765"
"18,44 : 0.6905"
"44,18 : 0.6905"
"18,45 : 0.2693"
"45,18 : 0.2693"
"18,46 : 0.8422"
"46,18 : 0.8422"
"18,47 : 0.247"
"47,18 : 0.247"
"18,48 : 0.8276"
"48,18 : 0.8276"
"18,49 : 0.5124"
"49,18 : 0.5124"
"19,20 : 0.2341"
"20,19 : 0.2341"
"19,21 : 0.3688"
"21,19 : 0.3688"
"19,22 : 0.2285"
"22,19 : 0.2285"
"19,23 : 0.5769"
"23,19 : 0.5769"
"19,24 : 0.0361"
"24,19 : 0.0361"
"19,25 : 0.5924"
"25,19 : 0.5924"
"19,26 : 0.4338"
"26,19 : 0.4338"
"19,27 : 0.6106"
"27,19 : 0.6106"
"19,28 : 0.6824"
"28,19 : 0.6824"
"19,29 : 0.7068"
"29,19 : 0.7068"
"19,30 : 0.5801"
"30,19 : 0.5801"
"19,31 : 0.2746"
"31,19 : 0.2746"
"19,32 : 0.7106"
"32,19 : 0.7106"
"19,33 : 0.4519"
"33,19 : 0.4519"
"19,34 : 0.1"
"34,19 : 0.1"
"19,35 : 0.4123"
"35,19 : 0.4123"
"19,36 : 0.4617"
"36,19 : 0.4617"
"19,37 : 0.4701"
"37,19 : 0.4701"
"19,38 : 0.6866"
"38,19 : 0.6866"
"19,39 : 0.5968"
"39,19 : 0.5968"
"19,40 : 0.7558"
"40,19 : 0.7558"
"19,41 : 0.0539"
"41,19 : 0.0539"
"19,42 : 0.446"
"42,19 : 0.446"
"19,43 : 0.2832"
"43,19 : 0.2832"
"19,44 : 0.2508"
"44,19 : 0.2508"
"19,45 : 0.6"
"45,19 : 0.6"
"19,46 : 0.3444"
"46,19 : 0.3444"
"19,47 : 0.3705"
"47,19 : 0.3705"
"19,48 : 0.3176"
"48,19 : 0.3176"
"19,49 : 0.664"
"49,19 : 0.664"
"20,21 : 0.5016"
"21,20 : 0.5016"
"20,22 : 0.4245"
"22,20 : 0.4245"
"20,23 : 0.4123"
"23,20 : 0.4123"
"20,24 : 0.1992"
"24,20 : 0.1992"
"20,25 : 0.3585"
"25,20 : 0.3585"
"20,26 : 0.471"
"26,20 : 0.471"
"20,27 : 0.5"
"27,20 : 0.5"
"20,28 : 0.5092"
"28,20 : 0.5092"
"20,29 : 0.4741"
"29,20 : 0.4741"
"20,30 : 0.5423"
"30,20 : 0.5423"
"20,31 : 0.5054"
"31,20 : 0.5054"
"20,32 : 0.5022"
"32,20 : 0.5022"
"20,33 : 0.3302"
"33,20 : 0.3302"
"20,34 : 0.16"
"34,20 : 0.16"
"20,35 : 0.3544"
"35,20 : 0.3544"
"20,36 : 0.228"
"36,20 : 0.228"
"20,37 : 0.4528"
"37,20 : 0.4528"
"20,38 : 0.4554"
"38,20 : 0.4554"
"20,39 : 0.486"
"39,20 : 0.486"
"20,40 : 0.5235"
"40,20 : 0.5235"
"20,41 : 0.2879"
"41,20 : 0.2879"
"20,42 : 0.246"
"42,20 : 0.246"
"20,43 : 0.5022"
"43,20 : 0.5022"
"20,44 : 0.4455"
"44,20 : 0.4455"
"20,45 : 0.5111"
"45,20 : 0.5111"
"20,46 : 0.4357"
"46,20 : 0.4357"
"20,47 : 0.1616"
"47,20 : 0.1616"
"20,48 : 0.4206"
"48,20 : 0.4206"
"20,49 : 0.4455"
"49,20 : 0.4455"
"21,22 : 0.5124"
"22,21 : 0.5124"
"21,23 : 0.5946"
"23,21 : 0.5946"
"21,24 : 0.3748"
"24,21 : 0.3748"
"21,25 : 0.7923"
"25,21 : 0.7923"
"21,26 : 0.7961"
"26,21 : 0.7961"
"21,27 : 0.9683"
"27,21 : 0.9683"
"21,28 : 0.6894"
"28,21 : 0.6894"
"21,29 : 0.8802"
"29,21 : 0.8802"
"21,30 : 0.3905"
"30,21 : 0.3905"
"21,31 : 0.4301"
"31,21 : 0.4301"
"21,32 : 0.9993"
"32,21 : 0.9993"
"21,33 : 0.8021"
"33,21 : 0.8021"
"21,34 : 0.3606"
"34,21 : 0.3606"
"21,35 : 0.7779"
"35,21 : 0.7779"
"21,36 : 0.6943"
"36,21 : 0.6943"
"21,37 : 0.2983"
"37,21 : 0.2983"
"21,38 : 0.9192"
"38,21 : 0.9192"
"21,39 : 0.9543"
"39,21 : 0.9543"
"21,40 : 0.9214"
"40,21 : 0.9214"
"21,41 : 0.3551"
"41,21 : 0.3551"
"21,42 : 0.5704"
"42,21 : 0.5704"
"21,43 : 0.4925"
"43,21 : 0.4925"
"21,44 : 0.5289"
"44,21 : 0.5289"
"21,45 : 0.9633"
"45,21 : 0.9633"
"21,46 : 0.0949"
"46,21 : 0.0949"
"21,47 : 0.6631"
"47,21 : 0.6631"
"21,48 : 0.09"
"48,21 : 0.09"
"21,49 : 0.7793"
"49,21 : 0.7793"
"22,23 : 0.8026"
"23,22 : 0.8026"
"22,24 : 0.2594"
"24,22 : 0.2594"
"22,25 : 0.771"
"25,22 : 0.771"
"22,26 : 0.3329"
"26,22 : 0.3329"
"22,27 : 0.6198"
"27,22 : 0.6198"
"22,28 : 0.9074"
"28,22 : 0.9074"
"22,29 : 0.8905"
"29,22 : 0.8905"
"22,30 : 0.7963"
"30,22 : 0.7963"
"22,31 : 0.1523"
"31,22 : 0.1523"
"22,32 : 0.82"
"32,22 : 0.82"
"22,33 : 0.5004"
"33,22 : 0.5004"
"22,34 : 0.3265"
"34,22 : 0.3265"
"22,35 : 0.413"
"35,22 : 0.413"
"22,36 : 0.6351"
"36,22 : 0.6351"
"22,37 : 0.6847"
"37,22 : 0.6847"
"22,38 : 0.841"
"38,22 : 0.841"
"22,39 : 0.6083"
"39,22 : 0.6083"
"22,40 : 0.9405"
"40,22 : 0.9405"
"22,41 : 0.1942"
"41,22 : 0.1942"
"22,42 : 0.6607"
"42,22 : 0.6607"
"22,43 : 0.1"
"43,22 : 0.1"
"22,44 : 0.0224"
"44,22 : 0.0224"
"22,45 : 0.5894"
"45,22 : 0.5894"
"22,46 : 0.5235"
"46,22 : 0.5235"
"22,47 : 0.5143"
"47,22 : 0.5143"
"22,48 : 0.4937"
"48,22 : 0.4937"
"22,49 : 0.8698"
"49,22 : 0.8698"
"23,24 : 0.5438"
"24,23 : 0.5438"
"23,25 : 0.3471"
"25,23 : 0.3471"
"23,26 : 0.8797"
"26,23 : 0.8797"
"23,27 : 0.8246"
"27,23 : 0.8246"
"23,28 : 0.1063"
"28,23 : 0.1063"
"23,29 : 0.3672"
"29,23 : 0.3672"
"23,30 : 0.3257"
"30,23 : 0.3257"
"23,31 : 0.8363"
"31,23 : 0.8363"
"23,32 : 0.642"
"32,23 : 0.642"
"23,33 : 0.676"
"33,23 : 0.676"
"23,34 : 0.4771"
"34,23 : 0.4771"
"23,35 : 0.74"
"35,23 : 0.74"
"23,36 : 0.3606"
"36,23 : 0.3606"
"23,37 : 0.3302"
"37,23 : 0.3302"
"23,38 : 0.481"
"38,23 : 0.481"
"23,39 : 0.8125"
"39,23 : 0.8125"
"23,40 : 0.39"
"40,23 : 0.39"
"23,41 : 0.622"
"41,23 : 0.622"
"23,42 : 0.1803"
"42,23 : 0.1803"
"23,43 : 0.858"
"43,23 : 0.858"
"23,44 : 0.8249"
"44,23 : 0.8249"
"23,45 : 0.8551"
"45,23 : 0.8551"
"23,46 : 0.4998"
"46,23 : 0.4998"
"23,47 : 0.4627"
"47,23 : 0.4627"
"23,48 : 0.5108"
"48,23 : 0.5108"
"23,49 : 0.2247"
"49,23 : 0.2247"
"24,25 : 0.5571"
"25,24 : 0.5571"
"24,26 : 0.4401"
"26,24 : 0.4401"
"24,27 : 0.5964"
"27,24 : 0.5964"
"24,28 : 0.649"
"28,24 : 0.649"
"24,29 : 0.6712"
"29,24 : 0.6712"
"24,30 : 0.5604"
"30,24 : 0.5604"
"24,31 : 0.3106"
"31,24 : 0.3106"
"24,32 : 0.6818"
"32,24 : 0.6818"
"24,33 : 0.4342"
"33,24 : 0.4342"
"24,34 : 0.0671"
"34,24 : 0.0671"
"24,35 : 0.4031"
"35,24 : 0.4031"
"24,36 : 0.4272"
"36,24 : 0.4272"
"24,37 : 0.4518"
"37,24 : 0.4518"
"24,38 : 0.6531"
"38,24 : 0.6531"
"24,39 : 0.5825"
"39,24 : 0.5825"
"24,40 : 0.7201"
"40,24 : 0.7201"
"24,41 : 0.0894"
"41,24 : 0.0894"
"24,42 : 0.4104"
"42,24 : 0.4104"
"24,43 : 0.3183"
"43,24 : 0.3183"
"24,44 : 0.2818"
"44,24 : 0.2818"
"24,45 : 0.589"
"45,24 : 0.589"
"24,46 : 0.3413"
"46,24 : 0.3413"
"24,47 : 0.34"
"47,24 : 0.34"
"24,48 : 0.3162"
"48,24 : 0.3162"
"24,49 : 0.628"
"49,24 : 0.628"
"25,26 : 0.7083"
"26,25 : 0.7083"
"25,27 : 0.5408"
"27,25 : 0.5408"
"25,28 : 0.3758"
"28,25 : 0.3758"
"25,29 : 0.1204"
"29,25 : 0.1204"
"25,30 : 0.649"
"30,25 : 0.649"
"25,31 : 0.8633"
"31,25 : 0.8633"
"25,32 : 0.2968"
"32,25 : 0.2968"
"25,33 : 0.4332"
"33,25 : 0.4332"
"25,34 : 0.5096"
"34,25 : 0.5096"
"25,35 : 0.5323"
"35,25 : 0.5323"
"25,36 : 0.136"
"36,25 : 0.136"
"25,37 : 0.6133"
"37,25 : 0.6133"
"25,38 : 0.1389"
"38,25 : 0.1389"
"25,39 : 0.5315"
"39,25 : 0.5315"
"25,40 : 0.1703"
"40,25 : 0.1703"
"25,41 : 0.6462"
"41,25 : 0.6462"
"25,42 : 0.2341"
"42,25 : 0.2341"
"25,43 : 0.8559"
"43,25 : 0.8559"
"25,44 : 0.7906"
"44,25 : 0.7906"
"25,45 : 0.5842"
"45,25 : 0.5842"
"25,46 : 0.7058"
"46,25 : 0.7058"
"25,47 : 0.2691"
"47,25 : 0.2691"
"25,48 : 0.7026"
"48,25 : 0.7026"
"25,49 : 0.1811"
"49,25 : 0.1811"
"26,27 : 0.3373"
"27,26 : 0.3373"
"26,28 : 0.9708"
"28,26 : 0.9708"
"26,29 : 0.8238"
"29,26 : 0.8238"
"26,30 : 0.9866"
"30,26 : 0.9866"
"26,31 : 0.4837"
"31,26 : 0.4837"
"26,32 : 0.6325"
"32,26 : 0.6325"
"26,33 : 0.2973"
"33,26 : 0.2973"
"26,34 : 0.4876"
"34,26 : 0.4876"
"26,35 : 0.1838"
"35,26 : 0.1838"
"26,36 : 0.586"
"36,26 : 0.586"
"26,37 : 0.8829"
"37,26 : 0.8829"
"26,38 : 0.7225"
"38,26 : 0.7225"
"26,39 : 0.3298"
"39,26 : 0.3298"
"26,40 : 0.8709"
"40,26 : 0.8709"
"26,41 : 0.441"
"41,26 : 0.441"
"26,42 : 0.7041"
"42,26 : 0.7041"
"26,43 : 0.4205"
"43,26 : 0.4205"
"26,44 : 0.3312"
"44,26 : 0.3312"
"26,45 : 0.2915"
"45,26 : 0.2915"
"26,46 : 0.7782"
"46,26 : 0.7782"
"26,47 : 0.4478"
"47,26 : 0.4478"
"26,48 : 0.7513"
"48,26 : 0.7513"
"26,49 : 0.8601"
"49,26 : 0.8601"
"27,28 : 0.8896"
"28,27 : 0.8896"
"27,29 : 0.6315"
"29,27 : 0.6315"
"27,30 : 1.0345"
"30,27 : 1.0345"
"27,31 : 0.769"
"31,27 : 0.769"
"27,32 : 0.3467"
"32,27 : 0.3467"
"27,33 : 0.1703"
"33,27 : 0.1703"
"27,34 : 0.6096"
"34,27 : 0.6096"
"27,35 : 0.2088"
"35,27 : 0.2088"
"27,36 : 0.4669"
"36,27 : 0.4669"
"27,37 : 0.9513"
"37,27 : 0.9513"
"27,38 : 0.4934"
"38,27 : 0.4934"
"27,39 : 0.0141"
"39,27 : 0.0141"
"27,40 : 0.6694"
"40,27 : 0.6694"
"27,41 : 0.6441"
"41,27 : 0.6441"
"27,42 : 0.6485"
"42,27 : 0.6485"
"27,43 : 0.7185"
"43,27 : 0.7185"
"27,44 : 0.6265"
"44,27 : 0.6265"
"27,45 : 0.0566"
"45,27 : 0.0566"
"27,46 : 0.9197"
"46,27 : 0.9197"
"27,47 : 0.3716"
"47,27 : 0.3716"
"27,48 : 0.8994"
"48,27 : 0.8994"
"27,49 : 0.7201"
"49,27 : 0.7201"
"28,29 : 0.3607"
"29,28 : 0.3607"
"28,30 : 0.3805"
"30,28 : 0.3805"
"28,31 : 0.9426"
"31,28 : 0.9426"
"28,32 : 0.6712"
"32,28 : 0.6712"
"28,33 : 0.7503"
"33,28 : 0.7503"
"28,34 : 0.5825"
"34,28 : 0.5825"
"28,35 : 0.823"
"35,28 : 0.823"
"28,36 : 0.423"
"36,28 : 0.423"
"28,37 : 0.41"
"37,28 : 0.41"
"28,38 : 0.4965"
"38,28 : 0.4965"
"28,39 : 0.8782"
"39,28 : 0.8782"
"28,40 : 0.3701"
"40,28 : 0.3701"
"28,41 : 0.728"
"41,28 : 0.728"
"28,42 : 0.2668"
"42,28 : 0.2668"
"28,43 : 0.964"
"43,28 : 0.964"
"28,44 : 0.9296"
"44,28 : 0.9296"
"28,45 : 0.9244"
"45,28 : 0.9244"
"28,46 : 0.5951"
"46,28 : 0.5951"
"28,47 : 0.5404"
"47,28 : 0.5404"
"28,48 : 0.6083"
"48,28 : 0.6083"
"28,49 : 0.2126"
"49,28 : 0.2126"
"29,30 : 0.6894"
"30,29 : 0.6894"
"29,31 : 0.9795"
"31,29 : 0.9795"
"29,32 : 0.3373"
"32,29 : 0.3373"
"29,33 : 0.5413"
"33,29 : 0.5413"
"29,34 : 0.6203"
"34,29 : 0.6203"
"29,35 : 0.645"
"35,29 : 0.645"
"29,36 : 0.2561"
"36,29 : 0.2561"
"29,37 : 0.6719"
"37,29 : 0.6719"
"29,38 : 0.153"
"38,29 : 0.153"
"29,39 : 0.6237"
"39,29 : 0.6237"
"29,40 : 0.05"
"40,29 : 0.05"
"29,41 : 0.7606"
"41,29 : 0.7606"
"29,42 : 0.31"
"42,29 : 0.31"
"29,43 : 0.9742"
"43,29 : 0.9742"
"29,44 : 0.9102"
"44,29 : 0.9102"
"29,45 : 0.6791"
"45,29 : 0.6791"
"29,46 : 0.7901"
"46,29 : 0.7901"
"29,47 : 0.389"
"47,29 : 0.389"
"29,48 : 0.7903"
"48,29 : 0.7903"
"29,49 : 0.1487"
"49,29 : 0.1487"
"30,31 : 0.7684"
"31,30 : 0.7684"
"30,32 : 0.9285"
"32,30 : 0.9285"
"30,33 : 0.8677"
"33,30 : 0.8677"
"30,34 : 0.5025"
"34,30 : 0.5025"
"30,35 : 0.8954"
"35,30 : 0.8954"
"30,36 : 0.6152"
"36,30 : 0.6152"
"30,37 : 0.1118"
"37,30 : 0.1118"
"30,38 : 0.7877"
"38,30 : 0.7877"
"30,39 : 1.0208"
"39,30 : 1.0208"
"30,40 : 0.7151"
"40,30 : 0.7151"
"30,41 : 0.603"
"41,30 : 0.603"
"30,42 : 0.4252"
"42,30 : 0.4252"
"30,43 : 0.8149"
"43,30 : 0.8149"
"30,44 : 0.8174"
"44,30 : 0.8174"
"30,45 : 1.051"
"45,30 : 1.051"
"30,46 : 0.3138"
"46,30 : 0.3138"
"30,47 : 0.6657"
"47,30 : 0.6657"
"30,48 : 0.34"
"48,30 : 0.34"
"30,49 : 0.5503"
"49,30 : 0.5503"
"31,32 : 0.9476"
"32,31 : 0.9476"
"31,33 : 0.6412"
"33,31 : 0.6412"
"31,34 : 0.3701"
"34,31 : 0.3701"
"31,35 : 0.5609"
"35,31 : 0.5609"
"31,36 : 0.7301"
"36,31 : 0.7301"
"31,37 : 0.6579"
"37,31 : 0.6579"
"31,38 : 0.9487"
"38,31 : 0.9487"
"31,39 : 0.7571"
"39,31 : 0.7571"
"31,40 : 1.0288"
"40,31 : 1.0288"
"31,41 : 0.222"
"41,31 : 0.222"
"31,42 : 0.7184"
"42,31 : 0.7184"
"31,43 : 0.0721"
"43,31 : 0.0721"
"31,44 : 0.1526"
"44,31 : 0.1526"
"31,45 : 0.7404"
"45,31 : 0.7404"
"31,46 : 0.4669"
"46,31 : 0.4669"
"31,47 : 0.6236"
"47,31 : 0.6236"
"31,48 : 0.4374"
"48,31 : 0.4374"
"31,49 : 0.9381"
"49,31 : 0.9381"
"32,33 : 0.34"
"33,32 : 0.34"
"32,34 : 0.6592"
"34,32 : 0.6592"
"32,35 : 0.4528"
"35,32 : 0.4528"
"32,36 : 0.3191"
"36,32 : 0.3191"
"32,37 : 0.8766"
"37,32 : 0.8766"
"32,38 : 0.1844"
"38,32 : 0.1844"
"32,39 : 0.3441"
"39,32 : 0.3441"
"32,40 : 0.3612"
"40,32 : 0.3612"
"32,41 : 0.7601"
"41,32 : 0.7601"
"32,42 : 0.5033"
"42,32 : 0.5033"
"32,43 : 0.9178"
"43,32 : 0.9178"
"32,44 : 0.8343"
"44,32 : 0.8343"
"32,45 : 0.4022"
"45,32 : 0.4022"
"32,46 : 0.9248"
"46,32 : 0.9248"
"32,47 : 0.3437"
"47,32 : 0.3437"
"32,48 : 0.9142"
"48,32 : 0.9142"
"32,49 : 0.4662"
"49,32 : 0.4662"
"33,34 : 0.442"
"34,33 : 0.442"
"33,35 : 0.114"
"35,33 : 0.114"
"33,36 : 0.3314"
"36,33 : 0.3314"
"33,37 : 0.7823"
"37,33 : 0.7823"
"33,38 : 0.428"
"38,33 : 0.428"
"33,39 : 0.1562"
"39,33 : 0.1562"
"33,40 : 0.5859"
"40,33 : 0.5859"
"33,41 : 0.4904"
"41,33 : 0.4904"
"33,42 : 0.4965"
"42,33 : 0.4965"
"33,43 : 0.6003"
"43,33 : 0.6003"
"33,44 : 0.5116"
"44,33 : 0.5116"
"33,45 : 0.1838"
"45,33 : 0.1838"
"33,46 : 0.7507"
"46,33 : 0.7507"
"33,47 : 0.2138"
"47,33 : 0.2138"
"33,48 : 0.7311"
"48,33 : 0.7311"
"33,49 : 0.6021"
"49,33 : 0.6021"
"34,35 : 0.428"
"35,34 : 0.428"
"34,36 : 0.3847"
"36,34 : 0.3847"
"34,37 : 0.3962"
"37,34 : 0.3962"
"34,38 : 0.614"
"38,34 : 0.614"
"34,39 : 0.5955"
"39,34 : 0.5955"
"34,40 : 0.6685"
"40,34 : 0.6685"
"34,41 : 0.1487"
"41,34 : 0.1487"
"34,42 : 0.3483"
"42,34 : 0.3483"
"34,43 : 0.3829"
"43,34 : 0.3829"
"34,44 : 0.3489"
"44,34 : 0.3489"
"34,45 : 0.6083"
"45,34 : 0.6083"
"34,46 : 0.3114"
"46,34 : 0.3114"
"34,47 : 0.3158"
"47,34 : 0.3158"
"34,48 : 0.29"
"48,34 : 0.29"
"34,49 : 0.5686"
"49,34 : 0.5686"
"35,36 : 0.4176"
"36,35 : 0.4176"
"35,37 : 0.8011"
"37,35 : 0.8011"
"35,38 : 0.5391"
"38,35 : 0.5391"
"35,39 : 0.1965"
"39,35 : 0.1965"
"35,40 : 0.6912"
"40,35 : 0.6912"
"35,41 : 0.441"
"41,35 : 0.441"
"35,42 : 0.5601"
"42,35 : 0.5601"
"35,43 : 0.5124"
"43,35 : 0.5124"
"35,44 : 0.4211"
"44,35 : 0.4211"
"35,45 : 0.1887"
"45,35 : 0.1887"
"35,46 : 0.7388"
"46,35 : 0.7388"
"35,47 : 0.2844"
"47,35 : 0.2844"
"35,48 : 0.7159"
"48,35 : 0.7159"
"35,49 : 0.6926"
"49,35 : 0.6926"
"36,37 : 0.558"
"37,36 : 0.558"
"36,38 : 0.2302"
"38,36 : 0.2302"
"36,39 : 0.4554"
"39,36 : 0.4554"
"36,40 : 0.3061"
"40,36 : 0.3061"
"36,41 : 0.5155"
"41,36 : 0.5155"
"36,42 : 0.1942"
"42,36 : 0.1942"
"36,43 : 0.7207"
"43,36 : 0.7207"
"36,44 : 0.6546"
"44,36 : 0.6546"
"36,45 : 0.5016"
"45,36 : 0.5016"
"36,46 : 0.614"
"46,36 : 0.614"
"36,47 : 0.1389"
"47,36 : 0.1389"
"36,48 : 0.6064"
"48,36 : 0.6064"
"36,49 : 0.2751"
"49,36 : 0.2751"
"37,38 : 0.7515"
"38,37 : 0.7515"
"37,39 : 0.9374"
"39,37 : 0.9374"
"37,40 : 0.7041"
"40,37 : 0.7041"
"37,41 : 0.4916"
"41,37 : 0.4916"
"37,42 : 0.3801"
"42,37 : 0.3801"
"37,43 : 0.7034"
"43,37 : 0.7034"
"37,44 : 0.7058"
"44,37 : 0.7058"
"37,45 : 0.9638"
"45,37 : 0.9638"
"37,46 : 0.2126"
"46,37 : 0.2126"
"37,47 : 0.589"
"47,37 : 0.589"
"37,48 : 0.236"
"48,37 : 0.236"
"37,49 : 0.5445"
"49,37 : 0.5445"
"38,39 : 0.487"
"39,38 : 0.487"
"38,40 : 0.1803"
"40,38 : 0.1803"
"38,41 : 0.7398"
"41,38 : 0.7398"
"38,42 : 0.3716"
"42,38 : 0.3716"
"38,43 : 0.9323"
"43,38 : 0.9323"
"38,44 : 0.8587"
"44,38 : 0.8587"
"38,45 : 0.5442"
"45,38 : 0.5442"
"38,46 : 0.8355"
"46,38 : 0.8355"
"38,47 : 0.327"
"47,38 : 0.327"
"38,48 : 0.8302"
"48,38 : 0.8302"
"38,49 : 0.2865"
"49,38 : 0.2865"
"39,40 : 0.6622"
"40,39 : 0.6622"
"39,41 : 0.6306"
"41,39 : 0.6306"
"39,42 : 0.636"
"42,39 : 0.636"
"39,43 : 0.7071"
"43,39 : 0.7071"
"39,44 : 0.6152"
"44,39 : 0.6152"
"39,45 : 0.0583"
"45,39 : 0.0583"
"39,46 : 0.9055"
"46,39 : 0.9055"
"39,47 : 0.3585"
"47,39 : 0.3585"
"39,48 : 0.8853"
"48,39 : 0.8853"
"39,49 : 0.7103"
"49,39 : 0.7103"
"40,41 : 0.8096"
"41,40 : 0.8096"
"40,42 : 0.3513"
"42,40 : 0.3513"
"40,43 : 1.024"
"43,40 : 1.024"
"40,44 : 0.9602"
"44,40 : 0.9602"
"40,45 : 0.7184"
"45,40 : 0.7184"
"40,46 : 0.8302"
"46,40 : 0.8302"
"40,47 : 0.4384"
"47,40 : 0.4384"
"40,48 : 0.8315"
"48,40 : 0.8315"
"40,49 : 0.1655"
"49,40 : 0.1655"
"41,42 : 0.4968"
"42,41 : 0.4968"
"41,43 : 0.236"
"43,41 : 0.236"
"41,44 : 0.2159"
"44,41 : 0.2159"
"41,45 : 0.6297"
"45,41 : 0.6297"
"41,46 : 0.3448"
"46,41 : 0.3448"
"41,47 : 0.4219"
"47,41 : 0.4219"
"41,48 : 0.3162"
"48,41 : 0.3162"
"41,49 : 0.7161"
"49,41 : 0.7161"
"42,43 : 0.7284"
"43,42 : 0.7284"
"42,44 : 0.6825"
"44,42 : 0.6825"
"42,45 : 0.6768"
"45,42 : 0.6768"
"42,46 : 0.4801"
"46,42 : 0.4801"
"42,47 : 0.2828"
"47,42 : 0.2828"
"42,48 : 0.4804"
"48,42 : 0.4804"
"42,49 : 0.2236"
