x,y
0.65,0.85
0.23,0.52
0.88,0.81
0.62,0.91
0.69,0.38
0.51,0.53
0.27,0.91
0.01,0.52
0.4,0.09
0.74,0.47
0.7,0.09
0.61,0.16
0.01,0.97
0.66,0.58
0.49,0.11
0.08,0.6
0.1,0.35
0.23,0.56
0.71,0.02
0.91,0.39
0.22,0.61
0.02,0.5
0.6,0.53
0.99,0.75
0.73,0.26
0.61,0.09
0.11,0.91
0.34,0.18
0.11,0.77
0.13,0.83
0.5,0.61
0.68,0.9
0.59,0.6
0.42,0.66
0.22,0.32
0.09,0.85
0.0,0.43
0.98,0.25
0.76,0.09
0.52,0.35
0.65,0.43
0.67,0.62
0.7,0.42
0.68,0.56
0.37,0.28
0.06,0.18
0.51,0.29
0.24,0.86
0.44,0.85
0.68,0.03

Distanze
"0,1 : 0.5341"
"1,0 : 0.5341"
"0,2 : 0.2335"
"2,0 : 0.2335"
"0,3 : 0.0671"
"3,0 : 0.0671"
"0,4 : 0.4717"
"4,0 : 0.4717"
"0,5 : 0.3493"
"5,0 : 0.3493"
"0,6 : 0.3847"
"6,0 : 0.3847"
"0,7 : 0.7201"
"7,0 : 0.7201"
"0,8 : 0.8001"
"8,0 : 0.8001"
"0,9 : 0.3905"
"9,0 : 0.3905"
"0,10 : 0.7616"
"10,0 : 0.7616"
"0,11 : 0.6912"
"11,0 : 0.6912"
"0,12 : 0.6512"
"12,0 : 0.6512"
"0,13 : 0.2702"
"13,0 : 0.2702"
"0,14 : 0.7571"
"14,0 : 0.7571"
"0,15 : 0.6224"
"15,0 : 0.6224"
"0,16 : 0.7433"
"16,0 : 0.7433"
"0,17 : 0.5104"
"17,0 : 0.5104"
"0,18 : 0.8322"
"18,0 : 0.8322"
"0,19 : 0.5284"
"19,0 : 0.5284"
"0,20 : 0.4924"
"20,0 : 0.4924"
"0,21 : 0.7207"
"21,0 : 0.7207"
"0,22 : 0.3239"
"22,0 : 0.3239"
"0,23 : 0.3544"
"23,0 : 0.3544"
"0,24 : 0.5954"
"24,0 : 0.5954"
"0,25 : 0.7611"
"25,0 : 0.7611"
"0,26 : 0.5433"
"26,0 : 0.5433"
"0,27 : 0.7382"
"27,0 : 0.7382"
"0,28 : 0.5459"
"28,0 : 0.5459"
"0,29 : 0.5204"
"29,0 : 0.5204"
"0,30 : 0.283"
"30,0 : 0.283"
"0,31 : 0.0583"
"31,0 : 0.0583"
"0,32 : 0.2571"
"32,0 : 0.2571"
"0,33 : 0.2983"
"33,0 : 0.2983"
"0,34 : 0.6825"
"34,0 : 0.6825"
"0,35 : 0.56"
"35,0 : 0.56"
"0,36 : 0.7739"
"36,0 : 0.7739"
"0,37 : 0.6848"
"37,0 : 0.6848"
"0,38 : 0.7679"
"38,0 : 0.7679"
"0,39 : 0.5166"
"39,0 : 0.5166"
"0,40 : 0.42"
"40,0 : 0.42"
"0,41 : 0.2309"
"41,0 : 0.2309"
"0,42 : 0.4329"
"42,0 : 0.4329"
"0,43 : 0.2915"
"43,0 : 0.2915"
"0,44 : 0.6351"
"44,0 : 0.6351"
"0,45 : 0.8927"
"45,0 : 0.8927"
"0,46 : 0.5772"
"46,0 : 0.5772"
"0,47 : 0.4101"
"47,0 : 0.4101"
"0,48 : 0.21"
"48,0 : 0.21"
"0,49 : 0.8205"
"49,0 : 0.8205"
"1,2 : 0.7118"
"2,1 : 0.7118"
"1,3 : 0.5515"
"3,1 : 0.5515"
"1,4 : 0.4808"
"4,1 : 0.4808"
"1,5 : 0.2802"
"5,1 : 0.2802"
"1,6 : 0.392"
"6,1 : 0.392"
"1,7 : 0.22"
"7,1 : 0.22"
"1,8 : 0.4624"
"8,1 : 0.4624"
"1,9 : 0.5124"
"9,1 : 0.5124"
"1,10 : 0.637"
"10,1 : 0.637"
"1,11 : 0.5235"
"11,1 : 0.5235"
"1,12 : 0.5009"
"12,1 : 0.5009"
"1,13 : 0.4342"
"13,1 : 0.4342"
"1,14 : 0.4855"
"14,1 : 0.4855"
"1,15 : 0.17"
"15,1 : 0.17"
"1,16 : 0.214"
"16,1 : 0.214"
"1,17 : 0.04"
"17,1 : 0.04"
"1,18 : 0.6931"
"18,1 : 0.6931"
"1,19 : 0.6923"
"19,1 : 0.6923"
"1,20 : 0.0906"
"20,1 : 0.0906"
"1,21 : 0.211"
"21,1 : 0.211"
"1,22 : 0.3701"
"22,1 : 0.3701"
"1,23 : 0.794"
"23,1 : 0.794"
"1,24 : 0.5636"
"24,1 : 0.5636"
"1,25 : 0.5738"
"25,1 : 0.5738"
"1,26 : 0.408"
"26,1 : 0.408"
"1,27 : 0.3574"
"27,1 : 0.3574"
"1,28 : 0.2773"
"28,1 : 0.2773"
"1,29 : 0.3257"
"29,1 : 0.3257"
"1,30 : 0.2846"
"30,1 : 0.2846"
"1,31 : 0.589"
"31,1 : 0.589"
"1,32 : 0.3688"
"32,1 : 0.3688"
"1,33 : 0.236"
"33,1 : 0.236"
"1,34 : 0.2002"
"34,1 : 0.2002"
"1,35 : 0.3585"
"35,1 : 0.3585"
"1,36 : 0.247"
"36,1 : 0.247"
"1,37 : 0.7971"
"37,1 : 0.7971"
"1,38 : 0.6825"
"38,1 : 0.6825"
"1,39 : 0.3362"
"39,1 : 0.3362"
"1,40 : 0.4295"
"40,1 : 0.4295"
"1,41 : 0.4512"
"41,1 : 0.4512"
"1,42 : 0.4805"
"42,1 : 0.4805"
"1,43 : 0.4518"
"43,1 : 0.4518"
"1,44 : 0.2778"
"44,1 : 0.2778"
"1,45 : 0.3801"
"45,1 : 0.3801"
"1,46 : 0.3624"
"46,1 : 0.3624"
"1,47 : 0.3401"
"47,1 : 0.3401"
"1,48 : 0.3912"
"48,1 : 0.3912"
"1,49 : 0.6653"
"49,1 : 0.6653"
"2,3 : 0.2786"
"3,2 : 0.2786"
"2,4 : 0.4701"
"4,2 : 0.4701"
"2,5 : 0.464"
"5,2 : 0.464"
"2,6 : 0.6181"
"6,2 : 0.6181"
"2,7 : 0.9171"
"7,2 : 0.9171"
"2,8 : 0.8653"
"8,2 : 0.8653"
"2,9 : 0.3677"
"9,2 : 0.3677"
"2,10 : 0.7422"
"10,2 : 0.7422"
"2,11 : 0.7038"
"11,2 : 0.7038"
"2,12 : 0.8846"
"12,2 : 0.8846"
"2,13 : 0.3183"
"13,2 : 0.3183"
"2,14 : 0.8013"
"14,2 : 0.8013"
"2,15 : 0.8271"
"15,2 : 0.8271"
"2,16 : 0.9055"
"16,2 : 0.9055"
"2,17 : 0.6964"
"17,2 : 0.6964"
"2,18 : 0.8081"
"18,2 : 0.8081"
"2,19 : 0.4211"
"19,2 : 0.4211"
"2,20 : 0.6896"
"20,2 : 0.6896"
"2,21 : 0.9142"
"21,2 : 0.9142"
"2,22 : 0.396"
"22,2 : 0.396"
"2,23 : 0.1253"
"23,2 : 0.1253"
"2,24 : 0.5701"
"24,2 : 0.5701"
"2,25 : 0.769"
"25,2 : 0.769"
"2,26 : 0.7765"
"26,2 : 0.7765"
"2,27 : 0.8298"
"27,2 : 0.8298"
"2,28 : 0.771"
"28,2 : 0.771"
"2,29 : 0.7503"
"29,2 : 0.7503"
"2,30 : 0.4294"
"30,2 : 0.4294"
"2,31 : 0.2193"
"31,2 : 0.2193"
"2,32 : 0.3581"
"32,2 : 0.3581"
"2,33 : 0.4838"
"33,2 : 0.4838"
"2,34 : 0.822"
"34,2 : 0.822"
"2,35 : 0.791"
"35,2 : 0.791"
"2,36 : 0.9585"
"36,2 : 0.9585"
"2,37 : 0.5689"
"37,2 : 0.5689"
"2,38 : 0.7299"
"38,2 : 0.7299"
"2,39 : 0.5841"
"39,2 : 0.5841"
"2,40 : 0.4442"
"40,2 : 0.4442"
"2,41 : 0.2832"
"41,2 : 0.2832"
"2,42 : 0.4295"
"42,2 : 0.4295"
"2,43 : 0.3202"
"43,2 : 0.3202"
"2,44 : 0.7355"
"44,2 : 0.7355"
"2,45 : 1.0341"
"45,2 : 1.0341"
"2,46 : 0.6382"
"46,2 : 0.6382"
"2,47 : 0.642"
"47,2 : 0.642"
"2,48 : 0.4418"
"48,2 : 0.4418"
"2,49 : 0.8052"
"49,2 : 0.8052"
"3,4 : 0.5346"
"4,3 : 0.5346"
"3,5 : 0.3956"
"5,3 : 0.3956"
"3,6 : 0.35"
"6,3 : 0.35"
"3,7 : 0.724"
"7,3 : 0.724"
"3,8 : 0.849"
"8,3 : 0.849"
"3,9 : 0.4561"
"9,3 : 0.4561"
"3,10 : 0.8239"
"10,3 : 0.8239"
"3,11 : 0.7501"
"11,3 : 0.7501"
"3,12 : 0.6129"
"12,3 : 0.6129"
"3,13 : 0.3324"
"13,3 : 0.3324"
"3,14 : 0.8105"
"14,3 : 0.8105"
"3,15 : 0.6227"
"15,3 : 0.6227"
"3,16 : 0.7642"
"16,3 : 0.7642"
"3,17 : 0.524"
"17,3 : 0.524"
"3,18 : 0.8945"
"18,3 : 0.8945"
"3,19 : 0.5954"
"19,3 : 0.5954"
"3,20 : 0.5"
"20,3 : 0.5"
"3,21 : 0.7267"
"21,3 : 0.7267"
"3,22 : 0.3805"
"22,3 : 0.3805"
"3,23 : 0.4031"
"23,3 : 0.4031"
"3,24 : 0.6592"
"24,3 : 0.6592"
"3,25 : 0.8201"
"25,3 : 0.8201"
"3,26 : 0.51"
"26,3 : 0.51"
"3,27 : 0.7819"
"27,3 : 0.7819"
"3,28 : 0.5289"
"28,3 : 0.5289"
"3,29 : 0.4965"
"29,3 : 0.4965"
"3,30 : 0.3231"
"30,3 : 0.3231"
"3,31 : 0.0608"
"31,3 : 0.0608"
"3,32 : 0.3114"
"32,3 : 0.3114"
"3,33 : 0.3202"
"33,3 : 0.3202"
"3,34 : 0.7128"
"34,3 : 0.7128"
"3,35 : 0.5334"
"35,3 : 0.5334"
"3,36 : 0.7841"
"36,3 : 0.7841"
"3,37 : 0.7518"
"37,3 : 0.7518"
"3,38 : 0.8319"
"38,3 : 0.8319"
"3,39 : 0.5689"
"39,3 : 0.5689"
"3,40 : 0.4809"
"40,3 : 0.4809"
"3,41 : 0.2943"
"41,3 : 0.2943"
"3,42 : 0.4965"
"42,3 : 0.4965"
"3,43 : 0.3551"
"43,3 : 0.3551"
"3,44 : 0.6778"
"44,3 : 0.6778"
"3,45 : 0.9201"
"45,3 : 0.9201"
"3,46 : 0.6297"
"46,3 : 0.6297"
"3,47 : 0.3833"
"47,3 : 0.3833"
"3,48 : 0.1897"
"48,3 : 0.1897"
"3,49 : 0.882"
"49,3 : 0.882"
"4,5 : 0.2343"
"5,4 : 0.2343"
"4,6 : 0.6762"
"6,4 : 0.6762"
"4,7 : 0.6943"
"7,4 : 0.6943"
"4,8 : 0.4101"
"8,4 : 0.4101"
"4,9 : 0.103"
"9,4 : 0.103"
"4,10 : 0.2902"
"10,4 : 0.2902"
"4,11 : 0.2341"
"11,4 : 0.2341"
"4,12 : 0.9003"
"12,4 : 0.9003"
"4,13 : 0.2022"
"13,4 : 0.2022"
"4,14 : 0.336"
"14,4 : 0.336"
"4,15 : 0.6485"
"15,4 : 0.6485"
"4,16 : 0.5908"
"16,4 : 0.5908"
"4,17 : 0.494"
"17,4 : 0.494"
"4,18 : 0.3606"
"18,4 : 0.3606"
"4,19 : 0.2202"
"19,4 : 0.2202"
"4,20 : 0.5233"
"20,4 : 0.5233"
"4,21 : 0.6807"
"21,4 : 0.6807"
"4,22 : 0.1749"
"22,4 : 0.1749"
"4,23 : 0.4763"
"23,4 : 0.4763"
"4,24 : 0.1265"
"24,4 : 0.1265"
"4,25 : 0.3008"
"25,4 : 0.3008"
"4,26 : 0.7857"
"26,4 : 0.7857"
"4,27 : 0.4031"
"27,4 : 0.4031"
"4,28 : 0.6989"
"28,4 : 0.6989"
"4,29 : 0.7184"
"29,4 : 0.7184"
"4,30 : 0.2983"
"30,4 : 0.2983"
"4,31 : 0.5201"
"31,4 : 0.5201"
"4,32 : 0.2417"
"32,4 : 0.2417"
"4,33 : 0.389"
"33,4 : 0.389"
"4,34 : 0.4738"
"34,4 : 0.4738"
"4,35 : 0.7622"
"35,4 : 0.7622"
"4,36 : 0.6918"
"36,4 : 0.6918"
"4,37 : 0.3178"
"37,4 : 0.3178"
"4,38 : 0.2983"
"38,4 : 0.2983"
"4,39 : 0.1726"
"39,4 : 0.1726"
"4,40 : 0.064"
"40,4 : 0.064"
"4,41 : 0.2408"
"41,4 : 0.2408"
"4,42 : 0.0412"
"42,4 : 0.0412"
"4,43 : 0.1803"
"43,4 : 0.1803"
"4,44 : 0.3353"
"44,4 : 0.3353"
"4,45 : 0.661"
"45,4 : 0.661"
"4,46 : 0.2012"
"46,4 : 0.2012"
"4,47 : 0.658"
"47,4 : 0.658"
"4,48 : 0.5324"
"48,4 : 0.5324"
"4,49 : 0.3501"
"49,4 : 0.3501"
"5,6 : 0.4494"
"6,5 : 0.4494"
"5,7 : 0.5001"
"7,5 : 0.5001"
"5,8 : 0.4535"
"8,5 : 0.4535"
"5,9 : 0.2377"
"9,5 : 0.2377"
"5,10 : 0.4793"
"10,5 : 0.4793"
"5,11 : 0.3833"
"11,5 : 0.3833"
"5,12 : 0.666"
"12,5 : 0.666"
"5,13 : 0.1581"
"13,5 : 0.1581"
"5,14 : 0.4205"
"14,5 : 0.4205"
"5,15 : 0.4357"
"15,5 : 0.4357"
"5,16 : 0.4478"
"16,5 : 0.4478"
"5,17 : 0.2816"
"17,5 : 0.2816"
"5,18 : 0.5478"
"18,5 : 0.5478"
"5,19 : 0.4238"
"19,5 : 0.4238"
"5,20 : 0.3008"
"20,5 : 0.3008"
"5,21 : 0.4909"
"21,5 : 0.4909"
"5,22 : 0.09"
"22,5 : 0.09"
"5,23 : 0.528"
"23,5 : 0.528"
"5,24 : 0.3483"
"24,5 : 0.3483"
"5,25 : 0.4512"
"25,5 : 0.4512"
"5,26 : 0.5517"
"26,5 : 0.5517"
"5,27 : 0.3891"
"27,5 : 0.3891"
"5,28 : 0.4665"
"28,5 : 0.4665"
"5,29 : 0.4841"
"29,5 : 0.4841"
"5,30 : 0.0806"
"30,5 : 0.0806"
"5,31 : 0.4072"
"31,5 : 0.4072"
"5,32 : 0.1063"
"32,5 : 0.1063"
"5,33 : 0.1581"
"33,5 : 0.1581"
"5,34 : 0.3581"
"34,5 : 0.3581"
"5,35 : 0.528"
"35,5 : 0.528"
"5,36 : 0.5197"
"36,5 : 0.5197"
"5,37 : 0.5471"
"37,5 : 0.5471"
"5,38 : 0.5061"
"38,5 : 0.5061"
"5,39 : 0.1803"
"39,5 : 0.1803"
"5,40 : 0.172"
"40,5 : 0.172"
"5,41 : 0.1836"
"41,5 : 0.1836"
"5,42 : 0.2195"
"42,5 : 0.2195"
"5,43 : 0.1726"
"43,5 : 0.1726"
"5,44 : 0.2865"
"44,5 : 0.2865"
"5,45 : 0.5701"
"45,5 : 0.5701"
"5,46 : 0.24"
"46,5 : 0.24"
"5,47 : 0.4264"
"47,5 : 0.4264"
"5,48 : 0.3276"
"48,5 : 0.3276"
"5,49 : 0.5281"
"49,5 : 0.5281"
"6,7 : 0.4687"
"7,6 : 0.4687"
"6,8 : 0.8302"
"8,6 : 0.8302"
"6,9 : 0.6438"
"9,6 : 0.6438"
"6,10 : 0.9259"
"10,6 : 0.9259"
"6,11 : 0.8235"
"11,6 : 0.8235"
"6,12 : 0.2668"
"12,6 : 0.2668"
"6,13 : 0.5109"
"13,6 : 0.5109"
"6,14 : 0.8297"
"14,6 : 0.8297"
"6,15 : 0.3636"
"15,6 : 0.3636"
"6,16 : 0.5852"
"16,6 : 0.5852"
"6,17 : 0.3523"
"17,6 : 0.3523"
"6,18 : 0.9928"
"18,6 : 0.9928"
"6,19 : 0.8246"
"19,6 : 0.8246"
"6,20 : 0.3041"
"20,6 : 0.3041"
"6,21 : 0.4802"
"21,6 : 0.4802"
"6,22 : 0.5033"
"22,6 : 0.5033"
"6,23 : 0.7376"
"23,6 : 0.7376"
"6,24 : 0.7963"
"24,6 : 0.7963"
"6,25 : 0.8877"
"25,6 : 0.8877"
"6,26 : 0.16"
"26,6 : 0.16"
"6,27 : 0.7333"
"27,6 : 0.7333"
"6,28 : 0.2126"
"28,6 : 0.2126"
"6,29 : 0.1612"
"29,6 : 0.1612"
"6,30 : 0.378"
"30,6 : 0.378"
"6,31 : 0.4101"
"31,6 : 0.4101"
"6,32 : 0.4455"
"32,6 : 0.4455"
"6,33 : 0.2915"
"33,6 : 0.2915"
"6,34 : 0.5921"
"34,6 : 0.5921"
"6,35 : 0.1897"
"35,6 : 0.1897"
"6,36 : 0.5507"
"36,6 : 0.5507"
"6,37 : 0.9694"
"37,6 : 0.9694"
"6,38 : 0.9552"
"38,6 : 0.9552"
"6,39 : 0.6133"
"39,6 : 0.6133"
"6,40 : 0.6122"
"40,6 : 0.6122"
"6,41 : 0.4941"
"41,6 : 0.4941"
"6,42 : 0.6519"
"42,6 : 0.6519"
"6,43 : 0.5391"
"43,6 : 0.5391"
"6,44 : 0.6379"
"44,6 : 0.6379"
"6,45 : 0.7596"
"45,6 : 0.7596"
"6,46 : 0.6648"
"46,6 : 0.6648"
"6,47 : 0.0583"
"47,6 : 0.0583"
"6,48 : 0.1803"
"48,6 : 0.1803"
"6,49 : 0.9708"
"49,6 : 0.9708"
"7,8 : 0.5805"
"8,7 : 0.5805"
"7,9 : 0.7317"
"9,7 : 0.7317"
"7,10 : 0.813"
"10,7 : 0.813"
"7,11 : 0.6997"
"11,7 : 0.6997"
"7,12 : 0.45"
"12,7 : 0.45"
"7,13 : 0.6528"
"13,7 : 0.6528"
"7,14 : 0.6313"
"14,7 : 0.6313"
"7,15 : 0.1063"
"15,7 : 0.1063"
"7,16 : 0.1924"
"16,7 : 0.1924"
"7,17 : 0.2236"
"17,7 : 0.2236"
"7,18 : 0.8602"
"18,7 : 0.8602"
"7,19 : 0.9093"
"19,7 : 0.9093"
"7,20 : 0.2285"
"20,7 : 0.2285"
"7,21 : 0.0224"
"21,7 : 0.0224"
"7,22 : 0.5901"
"22,7 : 0.5901"
"7,23 : 1.0066"
"23,7 : 1.0066"
"7,24 : 0.7655"
"24,7 : 0.7655"
"7,25 : 0.7382"
"25,7 : 0.7382"
"7,26 : 0.4026"
"26,7 : 0.4026"
"7,27 : 0.4738"
"27,7 : 0.4738"
"7,28 : 0.2693"
"28,7 : 0.2693"
"7,29 : 0.3324"
"29,7 : 0.3324"
"7,30 : 0.4982"
"30,7 : 0.4982"
"7,31 : 0.7703"
"31,7 : 0.7703"
"7,32 : 0.5855"
"32,7 : 0.5855"
"7,33 : 0.4332"
"33,7 : 0.4332"
"7,34 : 0.29"
"34,7 : 0.29"
"7,35 : 0.3396"
"35,7 : 0.3396"
"7,36 : 0.0906"
"36,7 : 0.0906"
"7,37 : 1.0069"
"37,7 : 1.0069"
"7,38 : 0.8645"
"38,7 : 0.8645"
"7,39 : 0.5376"
"39,7 : 0.5376"
"7,40 : 0.6463"
"40,7 : 0.6463"
"7,41 : 0.6675"
"41,7 : 0.6675"
"7,42 : 0.6972"
"42,7 : 0.6972"
"7,43 : 0.6712"
"43,7 : 0.6712"
"7,44 : 0.4327"
"44,7 : 0.4327"
"7,45 : 0.3437"
"45,7 : 0.3437"
"7,46 : 0.5504"
"46,7 : 0.5504"
"7,47 : 0.4105"
"47,7 : 0.4105"
"7,48 : 0.542"
"48,7 : 0.542"
"7,49 : 0.8301"
"49,7 : 0.8301"
"8,9 : 0.5099"
"9,8 : 0.5099"
"8,10 : 0.3"
"10,8 : 0.3"
"8,11 : 0.2214"
"11,8 : 0.2214"
"8,12 : 0.9625"
"12,8 : 0.9625"
"8,13 : 0.5547"
"13,8 : 0.5547"
"8,14 : 0.0922"
"14,8 : 0.0922"
"8,15 : 0.6021"
"15,8 : 0.6021"
"8,16 : 0.397"
"16,8 : 0.397"
"8,17 : 0.4998"
"17,8 : 0.4998"
"8,18 : 0.3178"
"18,8 : 0.3178"
"8,19 : 0.5917"
"19,8 : 0.5917"
"8,20 : 0.5503"
"20,8 : 0.5503"
"8,21 : 0.559"
"21,8 : 0.559"
"8,22 : 0.4833"
"22,8 : 0.4833"
"8,23 : 0.8853"
"23,8 : 0.8853"
"8,24 : 0.3712"
"24,8 : 0.3712"
"8,25 : 0.21"
"25,8 : 0.21"
"8,26 : 0.8698"
"26,8 : 0.8698"
"8,27 : 0.1082"
"27,8 : 0.1082"
"8,28 : 0.7393"
"28,8 : 0.7393"
"8,29 : 0.7877"
"29,8 : 0.7877"
"8,30 : 0.5295"
"30,8 : 0.5295"
"8,31 : 0.857"
"31,8 : 0.857"
"8,32 : 0.5442"
"32,8 : 0.5442"
"8,33 : 0.5704"
"33,8 : 0.5704"
"8,34 : 0.2921"
"34,8 : 0.2921"
"8,35 : 0.8208"
"35,8 : 0.8208"
"8,36 : 0.525"
"36,8 : 0.525"
"8,37 : 0.6017"
"37,8 : 0.6017"
"8,38 : 0.36"
"38,8 : 0.36"
"8,39 : 0.2864"
"39,8 : 0.2864"
"8,40 : 0.422"
"40,8 : 0.422"
"8,41 : 0.5948"
"41,8 : 0.5948"
"8,42 : 0.446"
"42,8 : 0.446"
"8,43 : 0.5471"
"43,8 : 0.5471"
"8,44 : 0.1924"
"44,8 : 0.1924"
"8,45 : 0.3517"
"45,8 : 0.3517"
"8,46 : 0.2283"
"46,8 : 0.2283"
"8,47 : 0.7864"
"47,8 : 0.7864"
"8,48 : 0.7611"
"48,8 : 0.7611"
"8,49 : 0.2864"
"49,8 : 0.2864"
"9,10 : 0.3821"
"10,9 : 0.3821"
"9,11 : 0.3362"
"11,9 : 0.3362"
"9,12 : 0.8848"
"12,9 : 0.8848"
"9,13 : 0.136"
"13,9 : 0.136"
"9,14 : 0.4383"
"14,9 : 0.4383"
"9,15 : 0.6727"
"15,9 : 0.6727"
"9,16 : 0.6512"
"16,9 : 0.6512"
"9,17 : 0.5179"
"17,9 : 0.5179"
"9,18 : 0.451"
"18,9 : 0.451"
"9,19 : 0.1879"
"19,9 : 0.1879"
"9,20 : 0.5385"
"20,9 : 0.5385"
"9,21 : 0.7206"
"21,9 : 0.7206"
"9,22 : 0.1523"
"22,9 : 0.1523"
"9,23 : 0.3754"
"23,9 : 0.3754"
"9,24 : 0.2102"
"24,9 : 0.2102"
"9,25 : 0.4016"
"25,9 : 0.4016"
"9,26 : 0.7684"
"26,9 : 0.7684"
"9,27 : 0.4941"
"27,9 : 0.4941"
"9,28 : 0.6978"
"28,9 : 0.6978"
"9,29 : 0.7083"
"29,9 : 0.7083"
"9,30 : 0.2778"
"30,9 : 0.2778"
"9,31 : 0.4342"
"31,9 : 0.4342"
"9,32 : 0.1985"
"32,9 : 0.1985"
"9,33 : 0.3722"
"33,9 : 0.3722"
"9,34 : 0.5412"
"34,9 : 0.5412"
"9,35 : 0.7529"
"35,9 : 0.7529"
"9,36 : 0.7411"
"36,9 : 0.7411"
"9,37 : 0.3256"
"37,9 : 0.3256"
"9,38 : 0.3805"
"38,9 : 0.3805"
"9,39 : 0.2506"
"39,9 : 0.2506"
"9,40 : 0.0985"
"40,9 : 0.0985"
"9,41 : 0.1655"
"41,9 : 0.1655"
"9,42 : 0.064"
"42,9 : 0.064"
"9,43 : 0.1082"
"43,9 : 0.1082"
"9,44 : 0.4159"
"44,9 : 0.4159"
"9,45 : 0.7393"
"45,9 : 0.7393"
"9,46 : 0.2921"
"46,9 : 0.2921"
"9,47 : 0.6341"
"47,9 : 0.6341"
"9,48 : 0.4841"
"48,9 : 0.4841"
"9,49 : 0.4441"
"49,9 : 0.4441"
"10,11 : 0.114"
"11,10 : 0.114"
"10,12 : 1.1183"
"12,10 : 1.1183"
"10,13 : 0.4916"
"13,10 : 0.4916"
"10,14 : 0.211"
"14,10 : 0.211"
"10,15 : 0.8028"
"15,10 : 0.8028"
"10,16 : 0.6539"
"16,10 : 0.6539"
"10,17 : 0.6647"
"17,10 : 0.6647"
"10,18 : 0.0707"
"18,10 : 0.0707"
"10,19 : 0.3662"
"19,10 : 0.3662"
"10,20 : 0.7077"
"20,10 : 0.7077"
"10,21 : 0.794"
"21,10 : 0.794"
"10,22 : 0.4512"
"22,10 : 0.4512"
"10,23 : 0.7209"
"23,10 : 0.7209"
"10,24 : 0.1726"
"24,10 : 0.1726"
"10,25 : 0.09"
"25,10 : 0.09"
"10,26 : 1.0102"
"26,10 : 1.0102"
"10,27 : 0.3711"
"27,10 : 0.3711"
"10,28 : 0.9003"
"28,10 : 0.9003"
"10,29 : 0.9341"
"29,10 : 0.9341"
"10,30 : 0.5571"
"30,10 : 0.5571"
"10,31 : 0.8102"
"31,10 : 0.8102"
"10,32 : 0.5217"
"32,10 : 0.5217"
"10,33 : 0.6351"
"33,10 : 0.6351"
"10,34 : 0.5323"
"34,10 : 0.5323"
"10,35 : 0.9745"
"35,10 : 0.9745"
"10,36 : 0.7782"
"36,10 : 0.7782"
"10,37 : 0.3225"
"37,10 : 0.3225"
"10,38 : 0.06"
"38,10 : 0.06"
"10,39 : 0.3162"
"39,10 : 0.3162"
"10,40 : 0.3437"
"40,10 : 0.3437"
"10,41 : 0.5308"
"41,10 : 0.5308"
"10,42 : 0.33"
"42,10 : 0.33"
"10,43 : 0.4704"
"43,10 : 0.4704"
"10,44 : 0.3808"
"44,10 : 0.3808"
"10,45 : 0.6463"
"45,10 : 0.6463"
"10,46 : 0.2759"
"46,10 : 0.2759"
"10,47 : 0.8969"
"47,10 : 0.8969"
"10,48 : 0.8032"
"48,10 : 0.8032"
"10,49 : 0.0632"
"49,10 : 0.0632"
"11,12 : 1.008"
"12,11 : 1.008"
"11,13 : 0.423"
"13,11 : 0.423"
"11,14 : 0.13"
"14,11 : 0.13"
"11,15 : 0.6888"
"15,11 : 0.6888"
"11,16 : 0.5442"
"16,11 : 0.5442"
"11,17 : 0.5517"
"17,11 : 0.5517"
"11,18 : 0.172"
"18,11 : 0.172"
"11,19 : 0.378"
"19,11 : 0.378"
"11,20 : 0.5955"
"20,11 : 0.5955"
"11,21 : 0.681"
"21,11 : 0.681"
"11,22 : 0.3701"
"22,11 : 0.3701"
"11,23 : 0.7018"
"23,11 : 0.7018"
"11,24 : 0.1562"
"24,11 : 0.1562"
"11,25 : 0.07"
"25,11 : 0.07"
"11,26 : 0.9014"
"26,11 : 0.9014"
"11,27 : 0.2707"
"27,11 : 0.2707"
"11,28 : 0.7887"
"28,11 : 0.7887"
"11,29 : 0.8242"
"29,11 : 0.8242"
"11,30 : 0.4632"
"30,11 : 0.4632"
"11,31 : 0.7433"
"31,11 : 0.7433"
"11,32 : 0.4405"
"32,11 : 0.4405"
"11,33 : 0.5349"
"33,11 : 0.5349"
"11,34 : 0.4215"
"34,11 : 0.4215"
"11,35 : 0.864"
"35,11 : 0.864"
"11,36 : 0.6671"
"36,11 : 0.6671"
"11,37 : 0.3808"
"37,11 : 0.3808"
"11,38 : 0.1655"
"38,11 : 0.1655"
"11,39 : 0.2102"
"39,11 : 0.2102"
"11,40 : 0.2729"
"40,11 : 0.2729"
"11,41 : 0.4639"
"41,11 : 0.4639"
"11,42 : 0.2751"
"42,11 : 0.2751"
"11,43 : 0.4061"
"43,11 : 0.4061"
"11,44 : 0.2683"
"44,11 : 0.2683"
"11,45 : 0.5504"
"45,11 : 0.5504"
"11,46 : 0.164"
"46,11 : 0.164"
"11,47 : 0.7918"
"47,11 : 0.7918"
"11,48 : 0.7106"
"48,11 : 0.7106"
"11,49 : 0.1476"
"49,11 : 0.1476"
"12,13 : 0.758"
"13,12 : 0.758"
"12,14 : 0.9849"
"14,12 : 0.9849"
"12,15 : 0.3766"
"15,12 : 0.3766"
"12,16 : 0.6265"
"16,12 : 0.6265"
"12,17 : 0.4653"
"17,12 : 0.4653"
"12,18 : 1.18"
"18,12 : 1.18"
"12,19 : 1.0707"
"19,12 : 1.0707"
"12,20 : 0.4168"
"20,12 : 0.4168"
"12,21 : 0.4701"
"21,12 : 0.4701"
"12,22 : 0.736"
"22,12 : 0.736"
"12,23 : 1.0044"
"23,12 : 1.0044"
"12,24 : 1.0112"
"24,12 : 1.0112"
"12,25 : 1.0651"
"25,12 : 1.0651"
"12,26 : 0.1166"
"26,12 : 0.1166"
"12,27 : 0.8562"
"27,12 : 0.8562"
"12,28 : 0.2236"
"28,12 : 0.2236"
"12,29 : 0.1844"
"29,12 : 0.1844"
"12,30 : 0.608"
"30,12 : 0.608"
"12,31 : 0.6736"
"31,12 : 0.6736"
"12,32 : 0.688"
"32,12 : 0.688"
"12,33 : 0.514"
"33,12 : 0.514"
"12,34 : 0.6831"
"34,12 : 0.6831"
"12,35 : 0.1442"
"35,12 : 0.1442"
"12,36 : 0.5401"
"36,12 : 0.5401"
"12,37 : 1.208"
"37,12 : 1.208"
"12,38 : 1.1562"
"38,12 : 1.1562"
"12,39 : 0.8028"
"39,12 : 0.8028"
"12,40 : 0.8374"
"40,12 : 0.8374"
"12,41 : 0.7471"
"41,12 : 0.7471"
"12,42 : 0.8824"
"42,12 : 0.8824"
"12,43 : 0.7855"
"43,12 : 0.7855"
"12,44 : 0.7783"
"44,12 : 0.7783"
"12,45 : 0.7916"
"45,12 : 0.7916"
"12,46 : 0.844"
"46,12 : 0.844"
"12,47 : 0.255"
"47,12 : 0.255"
"12,48 : 0.4464"
"48,12 : 0.4464"
"12,49 : 1.1543"
"49,12 : 1.1543"
"13,14 : 0.4998"
"14,13 : 0.4998"
"13,15 : 0.5803"
"15,13 : 0.5803"
"13,16 : 0.6054"
"16,13 : 0.6054"
"13,17 : 0.4305"
"17,13 : 0.4305"
"13,18 : 0.5622"
"18,13 : 0.5622"
"13,19 : 0.314"
"19,13 : 0.314"
"13,20 : 0.441"
"20,13 : 0.441"
"13,21 : 0.645"
"21,13 : 0.645"
"13,22 : 0.0781"
"22,13 : 0.0781"
"13,23 : 0.3712"
"23,13 : 0.3712"
"13,24 : 0.3276"
"24,13 : 0.3276"
"13,25 : 0.4925"
"25,13 : 0.4925"
"13,26 : 0.6414"
"26,13 : 0.6414"
"13,27 : 0.5122"
"27,13 : 0.5122"
"13,28 : 0.5819"
"28,13 : 0.5819"
"13,29 : 0.586"
"29,13 : 0.586"
"13,30 : 0.1628"
"30,13 : 0.1628"
"13,31 : 0.3206"
"31,13 : 0.3206"
"13,32 : 0.0728"
"32,13 : 0.0728"
"13,33 : 0.253"
"33,13 : 0.253"
"13,34 : 0.5111"
"34,13 : 0.5111"
"13,35 : 0.6307"
"35,13 : 0.6307"
"13,36 : 0.6768"
"36,13 : 0.6768"
"13,37 : 0.4597"
"37,13 : 0.4597"
"13,38 : 0.5001"
"38,13 : 0.5001"
"13,39 : 0.2693"
"39,13 : 0.2693"
"13,40 : 0.1503"
"40,13 : 0.1503"
"13,41 : 0.0412"
"41,13 : 0.0412"
"13,42 : 0.1649"
"42,13 : 0.1649"
"13,43 : 0.0283"
"43,13 : 0.0283"
"13,44 : 0.4173"
"44,13 : 0.4173"
"13,45 : 0.7211"
"45,13 : 0.7211"
"13,46 : 0.3265"
"46,13 : 0.3265"
"13,47 : 0.5048"
"47,13 : 0.5048"
"13,48 : 0.3483"
"48,13 : 0.3483"
"13,49 : 0.5504"
"49,13 : 0.5504"
"14,15 : 0.6389"
"15,14 : 0.6389"
"14,16 : 0.4579"
"16,14 : 0.4579"
"14,17 : 0.5197"
"17,14 : 0.5197"
"14,18 : 0.2377"
"18,14 : 0.2377"
"14,19 : 0.5048"
"19,14 : 0.5048"
"14,20 : 0.5682"
"20,14 : 0.5682"
"14,21 : 0.6107"
"21,14 : 0.6107"
"14,22 : 0.4342"
"22,14 : 0.4342"
"14,23 : 0.8122"
"23,14 : 0.8122"
"14,24 : 0.283"
"24,14 : 0.283"
"14,25 : 0.1217"
"25,14 : 0.1217"
"14,26 : 0.8857"
"26,14 : 0.8857"
"14,27 : 0.1655"
"27,14 : 0.1655"
"14,28 : 0.7616"
"28,14 : 0.7616"
"14,29 : 0.805"
"29,14 : 0.805"
"14,30 : 0.5001"
"30,14 : 0.5001"
"14,31 : 0.8125"
"31,14 : 0.8125"
"14,32 : 0.5001"
"32,14 : 0.5001"
"14,33 : 0.5544"
"33,14 : 0.5544"
"14,34 : 0.3421"
"34,14 : 0.3421"
"14,35 : 0.8412"
"35,14 : 0.8412"
"14,36 : 0.5852"
"36,14 : 0.5852"
"14,37 : 0.5096"
"37,14 : 0.5096"
"14,38 : 0.2707"
"38,14 : 0.2707"
"14,39 : 0.2419"
"39,14 : 0.2419"
"14,40 : 0.3578"
"40,14 : 0.3578"
"14,41 : 0.5408"
"41,14 : 0.5408"
"14,42 : 0.3744"
"42,14 : 0.3744"
"14,43 : 0.4885"
"43,14 : 0.4885"
"14,44 : 0.2081"
"44,14 : 0.2081"
"14,45 : 0.4357"
"45,14 : 0.4357"
"14,46 : 0.1811"
"46,14 : 0.1811"
"14,47 : 0.7906"
"47,14 : 0.7906"
"14,48 : 0.7417"
"48,14 : 0.7417"
"14,49 : 0.2062"
"49,14 : 0.2062"
"15,16 : 0.2508"
"16,15 : 0.2508"
"15,17 : 0.1552"
"17,15 : 0.1552"
"15,18 : 0.8563"
"18,15 : 0.8563"
"15,19 : 0.8562"
"19,15 : 0.8562"
"15,20 : 0.1404"
"20,15 : 0.1404"
"15,21 : 0.1166"
"21,15 : 0.1166"
"15,22 : 0.5247"
"22,15 : 0.5247"
"15,23 : 0.9223"
"23,15 : 0.9223"
"15,24 : 0.7336"
"24,15 : 0.7336"
"15,25 : 0.7355"
"25,15 : 0.7355"
"15,26 : 0.3114"
"26,15 : 0.3114"
"15,27 : 0.494"
"27,15 : 0.494"
"15,28 : 0.1726"
"28,15 : 0.1726"
"15,29 : 0.2354"
"29,15 : 0.2354"
"15,30 : 0.4201"
"30,15 : 0.4201"
"15,31 : 0.6708"
"31,15 : 0.6708"
"15,32 : 0.51"
"32,15 : 0.51"
"15,33 : 0.3453"
"33,15 : 0.3453"
"15,34 : 0.313"
"34,15 : 0.313"
"15,35 : 0.2502"
"35,15 : 0.2502"
"15,36 : 0.1879"
"36,15 : 0.1879"
"15,37 : 0.9657"
"37,15 : 0.9657"
"15,38 : 0.85"
"38,15 : 0.85"
"15,39 : 0.5061"
"39,15 : 0.5061"
"15,40 : 0.5948"
"40,15 : 0.5948"
"15,41 : 0.5903"
"41,15 : 0.5903"
"15,42 : 0.6456"
"42,15 : 0.6456"
"15,43 : 0.6013"
"43,15 : 0.6013"
"15,44 : 0.4319"
"44,15 : 0.4319"
"15,45 : 0.4205"
"45,15 : 0.4205"
"15,46 : 0.5301"
"46,15 : 0.5301"
"15,47 : 0.3053"
"47,15 : 0.3053"
"15,48 : 0.4383"
"48,15 : 0.4383"
"15,49 : 0.8276"
"49,15 : 0.8276"
"16,17 : 0.247"
"17,16 : 0.247"
"16,18 : 0.6935"
"18,16 : 0.6935"
"16,19 : 0.811"
"19,16 : 0.811"
"16,20 : 0.2864"
"20,16 : 0.2864"
"16,21 : 0.17"
"21,16 : 0.17"
"16,22 : 0.5314"
"22,16 : 0.5314"
"16,23 : 0.9758"
"23,16 : 0.9758"
"16,24 : 0.6364"
"24,16 : 0.6364"
"16,25 : 0.5725"
"25,16 : 0.5725"
"16,26 : 0.5601"
"26,16 : 0.5601"
"16,27 : 0.2941"
"27,16 : 0.2941"
"16,28 : 0.4201"
"28,16 : 0.4201"
"16,29 : 0.4809"
"29,16 : 0.4809"
"16,30 : 0.4771"
"30,16 : 0.4771"
"16,31 : 0.7993"
"31,16 : 0.7993"
"16,32 : 0.5501"
"32,16 : 0.5501"
"16,33 : 0.4455"
"33,16 : 0.4455"
"16,34 : 0.1237"
"34,16 : 0.1237"
"16,35 : 0.5001"
"35,16 : 0.5001"
"16,36 : 0.1281"
"36,16 : 0.1281"
"16,37 : 0.8857"
"37,16 : 0.8857"
"16,38 : 0.7094"
"38,16 : 0.7094"
"16,39 : 0.42"
"39,16 : 0.42"
"16,40 : 0.5558"
"40,16 : 0.5558"
"16,41 : 0.6307"
"41,16 : 0.6307"
"16,42 : 0.6041"
"42,16 : 0.6041"
"16,43 : 0.6168"
"43,16 : 0.6168"
"16,44 : 0.2789"
"44,16 : 0.2789"
"16,45 : 0.1746"
"45,16 : 0.1746"
"16,46 : 0.4144"
"46,16 : 0.4144"
"16,47 : 0.5289"
"47,16 : 0.5289"
"16,48 : 0.6046"
"48,16 : 0.6046"
"16,49 : 0.6624"
"49,16 : 0.6624"
"17,18 : 0.7225"
"18,17 : 0.7225"
"17,19 : 0.7009"
"19,17 : 0.7009"
"17,20 : 0.051"
"20,17 : 0.051"
"17,21 : 0.2184"
"21,17 : 0.2184"
"17,22 : 0.3712"
"22,17 : 0.3712"
"17,23 : 0.7834"
"23,17 : 0.7834"
"17,24 : 0.5831"
"24,17 : 0.5831"
"17,25 : 0.6044"
"25,17 : 0.6044"
"17,26 : 0.37"
"26,17 : 0.37"
"17,27 : 0.3956"
"27,17 : 0.3956"
"17,28 : 0.2419"
"28,17 : 0.2419"
"17,29 : 0.2879"
"29,17 : 0.2879"
"17,30 : 0.2746"
"30,17 : 0.2746"
"17,31 : 0.564"
"31,17 : 0.564"
"17,32 : 0.3622"
"32,17 : 0.3622"
"17,33 : 0.2147"
"33,17 : 0.2147"
"17,34 : 0.2402"
"34,17 : 0.2402"
"17,35 : 0.322"
"35,17 : 0.322"
"17,36 : 0.2642"
"36,17 : 0.2642"
"17,37 : 0.8115"
"37,17 : 0.8115"
"17,38 : 0.7084"
"38,17 : 0.7084"
"17,39 : 0.3581"
"39,17 : 0.3581"
"17,40 : 0.4397"
"40,17 : 0.4397"
"17,41 : 0.4441"
"41,17 : 0.4441"
"17,42 : 0.4904"
"42,17 : 0.4904"
"17,43 : 0.45"
"43,17 : 0.45"
"17,44 : 0.313"
"44,17 : 0.313"
"17,45 : 0.4163"
"45,17 : 0.4163"
"17,46 : 0.389"
"46,17 : 0.389"
"17,47 : 0.3002"
"47,17 : 0.3002"
"17,48 : 0.3581"
"48,17 : 0.3581"
"17,49 : 0.6953"
"49,17 : 0.6953"
"18,19 : 0.4206"
"19,18 : 0.4206"
"18,20 : 0.7669"
"20,18 : 0.7669"
"18,21 : 0.8405"
"21,18 : 0.8405"
"18,22 : 0.5217"
"22,18 : 0.5217"
"18,23 : 0.7819"
"23,18 : 0.7819"
"18,24 : 0.2408"
"24,18 : 0.2408"
"18,25 : 0.1221"
"25,18 : 0.1221"
"18,26 : 1.0734"
"26,18 : 1.0734"
"18,27 : 0.4031"
"27,18 : 0.4031"
"18,28 : 0.9605"
"28,18 : 0.9605"
"18,29 : 0.9962"
"29,18 : 0.9962"
"18,30 : 0.6263"
"30,18 : 0.6263"
"18,31 : 0.8805"
"31,18 : 0.8805"
"18,32 : 0.5923"
"32,18 : 0.5923"
"18,33 : 0.7026"
"33,18 : 0.7026"
"18,34 : 0.5745"
"34,18 : 0.5745"
"18,35 : 1.036"
"35,18 : 1.036"
"18,36 : 0.8199"
"36,18 : 0.8199"
"18,37 : 0.3547"
"37,18 : 0.3547"
"18,38 : 0.086"
"38,18 : 0.086"
"18,39 : 0.3808"
"39,18 : 0.3808"
"18,40 : 0.4144"
"40,18 : 0.4144"
"18,41 : 0.6013"
"41,18 : 0.6013"
"18,42 : 0.4001"
"42,18 : 0.4001"
"18,43 : 0.5408"
"43,18 : 0.5408"
"18,44 : 0.428"
"44,18 : 0.428"
"18,45 : 0.6694"
"45,18 : 0.6694"
"18,46 : 0.336"
"46,18 : 0.336"
"18,47 : 0.9625"
"47,18 : 0.9625"
"18,48 : 0.8728"
"48,18 : 0.8728"
"18,49 : 0.0316"
"49,18 : 0.0316"
"19,20 : 0.7242"
"20,19 : 0.7242"
"19,21 : 0.8968"
"21,19 : 0.8968"
"19,22 : 0.3401"
"22,19 : 0.3401"
"19,23 : 0.3688"
"23,19 : 0.3688"
"19,24 : 0.222"
"24,19 : 0.222"
"19,25 : 0.4243"
"25,19 : 0.4243"
"19,26 : 0.9541"
"26,19 : 0.9541"
"19,27 : 0.6075"
"27,19 : 0.6075"
"19,28 : 0.8857"
"28,19 : 0.8857"
"19,29 : 0.8955"
"29,19 : 0.8955"
"19,30 : 0.4653"
"30,19 : 0.4653"
"19,31 : 0.5595"
"31,19 : 0.5595"
"19,32 : 0.3828"
"32,19 : 0.3828"
"19,33 : 0.5595"
"33,19 : 0.5595"
"19,34 : 0.6935"
"34,19 : 0.6935"
"19,35 : 0.9402"
"35,19 : 0.9402"
"19,36 : 0.9109"
"36,19 : 0.9109"
"19,37 : 0.1565"
"37,19 : 0.1565"
"19,38 : 0.3354"
"38,19 : 0.3354"
"19,39 : 0.392"
"39,19 : 0.392"
"19,40 : 0.2631"
"40,19 : 0.2631"
"19,41 : 0.3324"
"41,19 : 0.3324"
"19,42 : 0.2121"
"42,19 : 0.2121"
"19,43 : 0.286"
"43,19 : 0.286"
"19,44 : 0.5511"
"44,19 : 0.5511"
"19,45 : 0.8756"
"45,19 : 0.8756"
"19,46 : 0.4123"
"46,19 : 0.4123"
"19,47 : 0.8184"
"47,19 : 0.8184"
"19,48 : 0.6576"
"48,19 : 0.6576"
"19,49 : 0.4272"
"49,19 : 0.4272"
"20,21 : 0.2283"
"21,20 : 0.2283"
"20,22 : 0.3883"
"22,20 : 0.3883"
"20,23 : 0.7826"
"23,20 : 0.7826"
"20,24 : 0.6185"
"24,20 : 0.6185"
"20,25 : 0.65"
"25,20 : 0.65"
"20,26 : 0.3195"
"26,20 : 0.3195"
"20,27 : 0.4464"
"27,20 : 0.4464"
"20,28 : 0.1942"
"28,20 : 0.1942"
"20,29 : 0.2377"
"29,20 : 0.2377"
"20,30 : 0.28"
"30,20 : 0.28"
"20,31 : 0.5438"
"31,20 : 0.5438"
"20,32 : 0.3701"
"32,20 : 0.3701"
"20,33 : 0.2062"
"33,20 : 0.2062"
"20,34 : 0.29"
"34,20 : 0.29"
"20,35 : 0.2729"
"35,20 : 0.2729"
"20,36 : 0.2843"
"36,20 : 0.2843"
"20,37 : 0.841"
"37,20 : 0.841"
"20,38 : 0.7497"
"38,20 : 0.7497"
"20,39 : 0.397"
"39,20 : 0.397"
"20,40 : 0.4662"
"40,20 : 0.4662"
"20,41 : 0.4501"
"41,20 : 0.4501"
"20,42 : 0.5162"
"42,20 : 0.5162"
"20,43 : 0.4627"
"43,20 : 0.4627"
"20,44 : 0.3625"
"44,20 : 0.3625"
"20,45 : 0.4588"
"45,20 : 0.4588"
"20,46 : 0.4319"
"46,20 : 0.4319"
"20,47 : 0.2508"
"47,20 : 0.2508"
"20,48 : 0.3256"
"48,20 : 0.3256"
"20,49 : 0.7403"
"49,20 : 0.7403"
"21,22 : 0.5808"
"22,21 : 0.5808"
"21,23 : 1.0017"
"23,21 : 1.0017"
"21,24 : 0.7495"
"24,21 : 0.7495"
"21,25 : 0.7185"
"25,21 : 0.7185"
"21,26 : 0.4198"
"26,21 : 0.4198"
"21,27 : 0.4525"
"27,21 : 0.4525"
"21,28 : 0.2846"
"28,21 : 0.2846"
"21,29 : 0.3479"
"29,21 : 0.3479"
"21,30 : 0.4924"
"30,21 : 0.4924"
"21,31 : 0.7718"
"31,21 : 0.7718"
"21,32 : 0.5787"
"32,21 : 0.5787"
"21,33 : 0.4308"
"33,21 : 0.4308"
"21,34 : 0.2691"
"34,21 : 0.2691"
"21,35 : 0.3569"
"35,21 : 0.3569"
"21,36 : 0.0728"
"36,21 : 0.0728"
"21,37 : 0.992"
"37,21 : 0.992"
"21,38 : 0.846"
"38,21 : 0.846"
"21,39 : 0.522"
"39,21 : 0.522"
"21,40 : 0.6339"
"40,21 : 0.6339"
"21,41 : 0.661"
"41,21 : 0.661"
"21,42 : 0.6847"
"42,21 : 0.6847"
"21,43 : 0.6627"
"43,21 : 0.6627"
"21,44 : 0.4134"
"44,21 : 0.4134"
"21,45 : 0.3225"
"45,21 : 0.3225"
"21,46 : 0.5331"
"46,21 : 0.5331"
"21,47 : 0.4219"
"47,21 : 0.4219"
"21,48 : 0.5467"
"48,21 : 0.5467"
"21,49 : 0.8102"
"49,21 : 0.8102"
"22,23 : 0.4478"
"23,22 : 0.4478"
"22,24 : 0.2997"
"24,22 : 0.2997"
"22,25 : 0.4401"
"25,22 : 0.4401"
"22,26 : 0.6201"
"26,22 : 0.6201"
"22,27 : 0.436"
"27,22 : 0.436"
"22,28 : 0.5456"
"28,22 : 0.5456"
"22,29 : 0.5576"
"29,22 : 0.5576"
"22,30 : 0.1281"
"30,22 : 0.1281"
"22,31 : 0.3785"
"31,22 : 0.3785"
"22,32 : 0.0707"
"32,22 : 0.0707"
"22,33 : 0.222"
"33,22 : 0.222"
"22,34 : 0.4342"
"34,22 : 0.4342"
"22,35 : 0.6021"
"35,22 : 0.6021"
"22,36 : 0.6083"
"36,22 : 0.6083"
"22,37 : 0.472"
"37,22 : 0.472"
"22,38 : 0.4682"
"38,22 : 0.4682"
"22,39 : 0.197"
"39,22 : 0.197"
"22,40 : 0.1118"
"40,22 : 0.1118"
"22,41 : 0.114"
"41,22 : 0.114"
"22,42 : 0.1487"
"42,22 : 0.1487"
"22,43 : 0.0854"
"43,22 : 0.0854"
"22,44 : 0.3397"
"44,22 : 0.3397"
"22,45 : 0.6435"
"45,22 : 0.6435"
"22,46 : 0.2563"
"46,22 : 0.2563"
"22,47 : 0.4884"
"47,22 : 0.4884"
"22,48 : 0.3578"
"48,22 : 0.3578"
"22,49 : 0.5064"
"49,22 : 0.5064"
"23,24 : 0.5547"
"24,23 : 0.5547"
"23,25 : 0.7616"
"25,23 : 0.7616"
"23,26 : 0.8944"
"26,23 : 0.8944"
"23,27 : 0.8645"
"27,23 : 0.8645"
"23,28 : 0.8802"
"28,23 : 0.8802"
"23,29 : 0.8637"
"29,23 : 0.8637"
"23,30 : 0.5096"
"30,23 : 0.5096"
"23,31 : 0.3444"
"31,23 : 0.3444"
"23,32 : 0.4272"
"32,23 : 0.4272"
"23,33 : 0.5771"
"33,23 : 0.5771"
"23,34 : 0.8819"
"34,23 : 0.8819"
"23,35 : 0.9055"
"35,23 : 0.9055"
"23,36 : 1.0404"
"36,23 : 1.0404"
"23,37 : 0.5001"
"37,23 : 0.5001"
"23,38 : 0.6989"
"38,23 : 0.6989"
"23,39 : 0.6172"
"39,23 : 0.6172"
"23,40 : 0.4669"
"40,23 : 0.4669"
"23,41 : 0.3454"
"41,23 : 0.3454"
"23,42 : 0.4393"
"42,23 : 0.4393"
"23,43 : 0.3636"
"43,23 : 0.3636"
"23,44 : 0.778"
"44,23 : 0.778"
"23,45 : 1.0908"
"45,23 : 1.0908"
"23,46 : 0.6648"
"46,23 : 0.6648"
"23,47 : 0.758"
"47,23 : 0.758"
"23,48 : 0.559"
"48,23 : 0.559"
"23,49 : 0.7839"
"49,23 : 0.7839"
"24,25 : 0.2081"
"25,24 : 0.2081"
"24,26 : 0.8983"
"26,24 : 0.8983"
"24,27 : 0.3981"
"27,24 : 0.3981"
"24,28 : 0.8028"
"28,24 : 0.8028"
"24,29 : 0.8276"
"29,24 : 0.8276"
"24,30 : 0.4188"
"30,24 : 0.4188"
"24,31 : 0.642"
"31,24 : 0.642"
"24,32 : 0.3677"
"32,24 : 0.3677"
"24,33 : 0.5061"
"33,24 : 0.5061"
"24,34 : 0.5135"
"34,24 : 0.5135"
"24,35 : 0.8705"
"35,24 : 0.8705"
"24,36 : 0.7495"
"36,24 : 0.7495"
"24,37 : 0.2502"
"37,24 : 0.2502"
"24,38 : 0.1726"
"38,24 : 0.1726"
"24,39 : 0.2285"
"39,24 : 0.2285"
"24,40 : 0.1879"
"40,24 : 0.1879"
"24,41 : 0.365"
"41,24 : 0.365"
"24,42 : 0.1628"
"42,24 : 0.1628"
"24,43 : 0.3041"
"43,24 : 0.3041"
"24,44 : 0.3606"
"44,24 : 0.3606"
"24,45 : 0.6748"
"45,24 : 0.6748"
"24,46 : 0.222"
"46,24 : 0.222"
"24,47 : 0.7747"
"47,24 : 0.7747"
"24,48 : 0.6574"
"48,24 : 0.6574"
"24,49 : 0.2354"
"49,24 : 0.2354"
"25,26 : 0.9604"
"26,25 : 0.9604"
"25,27 : 0.2846"
"27,25 : 0.2846"
"25,28 : 0.844"
"28,25 : 0.844"
"25,29 : 0.882"
"29,25 : 0.882"
"25,30 : 0.5315"
"30,25 : 0.5315"
"25,31 : 0.813"
"31,25 : 0.813"
"25,32 : 0.5104"
"32,25 : 0.5104"
"25,33 : 0.6008"
"33,25 : 0.6008"
"25,34 : 0.4528"
"34,25 : 0.4528"
"25,35 : 0.9209"
"35,25 : 0.9209"
"25,36 : 0.6984"
"36,25 : 0.6984"
"25,37 : 0.4031"
"37,25 : 0.4031"
"25,38 : 0.15"
"38,25 : 0.15"
"25,39 : 0.2751"
"39,25 : 0.2751"
"25,40 : 0.3423"
"40,25 : 0.3423"
"25,41 : 0.5334"
"41,25 : 0.5334"
"25,42 : 0.3421"
"42,25 : 0.3421"
"25,43 : 0.4752"
"43,25 : 0.4752"
"25,44 : 0.3061"
"44,25 : 0.3061"
"25,45 : 0.5573"
"45,25 : 0.5573"
"25,46 : 0.2236"
"46,25 : 0.2236"
"25,47 : 0.8543"
"47,25 : 0.8543"
"25,48 : 0.7788"
"48,25 : 0.7788"
"25,49 : 0.0922"
"49,25 : 0.0922"
"26,27 : 0.7654"
"27,26 : 0.7654"
"26,28 : 0.14"
"28,26 : 0.14"
"26,29 : 0.0825"
"29,26 : 0.0825"
"26,30 : 0.492"
"30,26 : 0.492"
"26,31 : 0.5701"
"31,26 : 0.5701"
"26,32 : 0.5714"
"32,26 : 0.5714"
"26,33 : 0.3982"
"33,26 : 0.3982"
"26,34 : 0.6002"
"34,26 : 0.6002"
"26,35 : 0.0632"
"35,26 : 0.0632"
"26,36 : 0.4924"
"36,26 : 0.4924"
"26,37 : 1.092"
"37,26 : 1.092"
"26,38 : 1.0464"
"38,26 : 1.0464"
"26,39 : 0.694"
"39,26 : 0.694"
"26,40 : 0.7225"
"40,26 : 0.7225"
"26,41 : 0.6306"
"41,26 : 0.6306"
"26,42 : 0.7669"
"42,26 : 0.7669"
"26,43 : 0.6689"
"43,26 : 0.6689"
"26,44 : 0.6815"
"44,26 : 0.6815"
"26,45 : 0.7317"
"45,26 : 0.7317"
"26,46 : 0.7378"
"46,26 : 0.7378"
"26,47 : 0.1393"
"47,26 : 0.1393"
"26,48 : 0.3354"
"48,26 : 0.3354"
"26,49 : 1.0485"
"49,26 : 1.0485"
"27,28 : 0.6332"
"28,27 : 0.6332"
"27,29 : 0.6831"
"29,27 : 0.6831"
"27,30 : 0.4588"
"30,27 : 0.4588"
"27,31 : 0.7962"
"31,27 : 0.7962"
"27,32 : 0.4888"
"32,27 : 0.4888"
"27,33 : 0.4866"
"33,27 : 0.4866"
"27,34 : 0.1844"
"34,27 : 0.1844"
"27,35 : 0.7151"
"35,27 : 0.7151"
"27,36 : 0.422"
"36,27 : 0.422"
"27,37 : 0.6438"
"37,27 : 0.6438"
"27,38 : 0.4295"
"38,27 : 0.4295"
"27,39 : 0.2476"
"39,27 : 0.2476"
"27,40 : 0.3982"
"40,27 : 0.3982"
"27,41 : 0.55"
"41,27 : 0.55"
"27,42 : 0.4327"
"42,27 : 0.4327"
"27,43 : 0.5099"
"43,27 : 0.5099"
"27,44 : 0.1044"
"44,27 : 0.1044"
"27,45 : 0.28"
"45,27 : 0.28"
"27,46 : 0.2025"
"46,27 : 0.2025"
"27,47 : 0.6873"
"47,27 : 0.6873"
"27,48 : 0.6774"
"48,27 : 0.6774"
"27,49 : 0.3716"
"49,27 : 0.3716"
"28,29 : 0.0632"
"29,28 : 0.0632"
"28,30 : 0.4215"
"30,28 : 0.4215"
"28,31 : 0.5846"
"31,28 : 0.5846"
"28,32 : 0.5092"
"32,28 : 0.5092"
"28,33 : 0.3289"
"33,28 : 0.3289"
"28,34 : 0.4632"
"34,28 : 0.4632"
"28,35 : 0.0825"
"35,28 : 0.0825"
"28,36 : 0.3574"
"36,28 : 0.3574"
"28,37 : 1.0136"
"37,28 : 1.0136"
"28,38 : 0.9407"
"38,28 : 0.9407"
"28,39 : 0.5869"
"39,28 : 0.5869"
"28,40 : 0.6381"
"40,28 : 0.6381"
"28,41 : 0.5797"
"41,28 : 0.5797"
"28,42 : 0.686"
"42,28 : 0.686"
"28,43 : 0.6075"
"43,28 : 0.6075"
"28,44 : 0.5547"
"44,28 : 0.5547"
"28,45 : 0.5921"
"45,28 : 0.5921"
"28,46 : 0.6248"
"46,28 : 0.6248"
"28,47 : 0.1581"
"47,28 : 0.1581"
"28,48 : 0.3396"
"48,28 : 0.3396"
"28,49 : 0.9341"
"49,28 : 0.9341"
"29,30 : 0.4305"
"30,29 : 0.4305"
"29,31 : 0.5544"
"31,29 : 0.5544"
"29,32 : 0.5143"
"32,29 : 0.5143"
"29,33 : 0.3362"
"33,29 : 0.3362"
"29,34 : 0.5179"
"34,29 : 0.5179"
"29,35 : 0.0447"
"35,29 : 0.0447"
"29,36 : 0.4206"
"36,29 : 0.4206"
"29,37 : 1.029"
"37,29 : 1.029"
"29,38 : 0.9719"
"38,29 : 0.9719"
"29,39 : 0.6185"
"39,29 : 0.6185"
"29,40 : 0.656"
"40,29 : 0.656"
"29,41 : 0.5794"
"41,29 : 0.5794"
"29,42 : 0.7021"
"42,29 : 0.7021"
"29,43 : 0.6127"
"43,29 : 0.6127"
"29,44 : 0.6001"
"44,29 : 0.6001"
"29,45 : 0.6538"
"45,29 : 0.6538"
"29,46 : 0.6603"
"46,29 : 0.6603"
"29,47 : 0.114"
"47,29 : 0.114"
"29,48 : 0.3106"
"48,29 : 0.3106"
"29,49 : 0.9708"
"49,29 : 0.9708"
"30,31 : 0.3413"
"31,30 : 0.3413"
"30,32 : 0.0906"
"32,30 : 0.0906"
"30,33 : 0.0943"
"33,30 : 0.0943"
"30,34 : 0.4031"
"34,30 : 0.4031"
"30,35 : 0.4751"
"35,30 : 0.4751"
"30,36 : 0.5314"
"36,30 : 0.5314"
"30,37 : 0.6"
"37,30 : 0.6"
"30,38 : 0.5814"
"38,30 : 0.5814"
"30,39 : 0.2608"
"39,30 : 0.2608"
"30,40 : 0.2343"
"40,30 : 0.2343"
"30,41 : 0.1703"
"41,30 : 0.1703"
"30,42 : 0.2759"
"42,30 : 0.2759"
"30,43 : 0.1868"
"43,30 : 0.1868"
"30,44 : 0.3547"
"44,30 : 0.3547"
"30,45 : 0.6152"
"45,30 : 0.6152"
"30,46 : 0.3202"
"46,30 : 0.3202"
"30,47 : 0.3607"
"47,30 : 0.3607"
"30,48 : 0.2474"
"48,30 : 0.2474"
"30,49 : 0.6073"
"49,30 : 0.6073"
"31,32 : 0.3132"
"32,31 : 0.3132"
"31,33 : 0.3538"
"33,31 : 0.3538"
"31,34 : 0.7403"
"34,31 : 0.7403"
"31,35 : 0.5921"
"35,31 : 0.5921"
"31,36 : 0.8266"
"36,31 : 0.8266"
"31,37 : 0.7159"
"37,31 : 0.7159"
"31,38 : 0.8139"
"38,31 : 0.8139"
"31,39 : 0.5728"
"39,31 : 0.5728"
"31,40 : 0.471"
"40,31 : 0.471"
"31,41 : 0.2802"
"41,31 : 0.2802"
"31,42 : 0.4804"
"42,31 : 0.4804"
"31,43 : 0.34"
"43,31 : 0.34"
"31,44 : 0.6932"
"44,31 : 0.6932"
"31,45 : 0.9502"
"45,31 : 0.9502"
"31,46 : 0.6332"
"46,31 : 0.6332"
"31,47 : 0.4418"
"47,31 : 0.4418"
"31,48 : 0.2452"
"48,31 : 0.2452"
"31,49 : 0.87"
"49,31 : 0.87"
"32,33 : 0.1803"
"33,32 : 0.1803"
"32,34 : 0.464"
"34,32 : 0.464"
"32,35 : 0.559"
"35,32 : 0.559"
"32,36 : 0.614"
"36,32 : 0.614"
"32,37 : 0.524"
"37,32 : 0.524"
"32,38 : 0.5376"
"38,32 : 0.5376"
"32,39 : 0.2596"
"39,32 : 0.2596"
"32,40 : 0.1803"
"40,32 : 0.1803"
"32,41 : 0.0825"
"41,32 : 0.0825"
"32,42 : 0.211"
"42,32 : 0.211"
"32,43 : 0.0985"
"43,32 : 0.0985"
"32,44 : 0.3883"
"44,32 : 0.3883"
"32,45 : 0.6762"
"45,32 : 0.6762"
"32,46 : 0.3202"
"46,32 : 0.3202"
"32,47 : 0.436"
"47,32 : 0.436"
"32,48 : 0.2915"
"48,32 : 0.2915"
"32,49 : 0.5771"
"49,32 : 0.5771"
"33,34 : 0.3945"
"34,33 : 0.3945"
"33,35 : 0.3808"
"35,33 : 0.3808"
"33,36 : 0.4789"
"36,33 : 0.4789"
"33,37 : 0.694"
"37,33 : 0.694"
"33,38 : 0.6637"
"38,33 : 0.6637"
"33,39 : 0.3257"
"39,33 : 0.3257"
"33,40 : 0.3253"
"40,33 : 0.3253"
"33,41 : 0.2532"
"41,33 : 0.2532"
"33,42 : 0.3688"
"42,33 : 0.3688"
"33,43 : 0.2786"
"43,33 : 0.2786"
"33,44 : 0.3833"
"44,33 : 0.3833"
"33,45 : 0.6"
"45,33 : 0.6"
"33,46 : 0.3808"
"46,33 : 0.3808"
"33,47 : 0.2691"
"47,33 : 0.2691"
"33,48 : 0.191"
"48,33 : 0.191"
"33,49 : 0.6815"
"49,33 : 0.6815"
"34,35 : 0.5457"
"35,34 : 0.5457"
"34,36 : 0.246"
"36,34 : 0.246"
"34,37 : 0.7632"
"37,34 : 0.7632"
"34,38 : 0.5869"
"38,34 : 0.5869"
"34,39 : 0.3015"
"39,34 : 0.3015"
"34,40 : 0.4438"
"40,34 : 0.4438"
"34,41 : 0.5408"
"41,34 : 0.5408"
"34,42 : 0.4903"
"42,34 : 0.4903"
"34,43 : 0.5188"
"43,34 : 0.5188"
"34,44 : 0.1552"
"44,34 : 0.1552"
"34,45 : 0.2126"
"45,34 : 0.2126"
"34,46 : 0.2915"
"46,34 : 0.2915"
"34,47 : 0.5404"
"47,34 : 0.5404"
"34,48 : 0.5738"
"48,34 : 0.5738"
"34,49 : 0.5438"
"49,34 : 0.5438"
"35,36 : 0.4295"
"36,35 : 0.4295"
"35,37 : 1.0734"
"37,35 : 1.0734"
"35,38 : 1.0132"
"38,35 : 1.0132"
"35,39 : 0.6595"
"39,35 : 0.6595"
"35,40 : 0.7"
"40,35 : 0.7"
"35,41 : 0.6239"
"41,35 : 0.6239"
"35,42 : 0.7463"
"42,35 : 0.7463"
"35,43 : 0.6574"
"43,35 : 0.6574"
"35,44 : 0.6351"
"44,35 : 0.6351"
"35,45 : 0.6707"
"45,35 : 0.6707"
"35,46 : 0.7"
"46,35 : 0.7"
"35,47 : 0.1503"
"47,35 : 0.1503"
"35,48 : 0.35"
"48,35 : 0.35"
"35,49 : 1.0102"
"49,35 : 1.0102"
"36,37 : 0.9964"
"37,36 : 0.9964"
"36,38 : 0.8326"
"38,36 : 0.8326"
"36,39 : 0.5261"
"39,36 : 0.5261"
"36,40 : 0.65"
"40,36 : 0.65"
"36,41 : 0.6964"
"41,36 : 0.6964"
"36,42 : 0.7001"
"42,36 : 0.7001"
"36,43 : 0.6923"
"43,36 : 0.6923"
"36,44 : 0.3992"
"44,36 : 0.3992"
"36,45 : 0.2571"
"45,36 : 0.2571"
"36,46 : 0.5289"
"46,36 : 0.5289"
"36,47 : 0.4924"
"47,36 : 0.4924"
"36,48 : 0.6083"
"48,36 : 0.6083"
"36,49 : 0.7889"
"49,36 : 0.7889"
"37,38 : 0.272"
"38,37 : 0.272"
"37,39 : 0.4707"
"39,37 : 0.4707"
"37,40 : 0.3759"
"40,37 : 0.3759"
"37,41 : 0.4827"
"41,37 : 0.4827"
"37,42 : 0.3276"
"42,37 : 0.3276"
"37,43 : 0.4314"
"43,37 : 0.4314"
"37,44 : 0.6107"
"44,37 : 0.6107"
"37,45 : 0.9227"
"45,37 : 0.9227"
"37,46 : 0.4717"
"46,37 : 0.4717"
"37,47 : 0.959"
"47,37 : 0.959"
"37,48 : 0.8072"
"48,37 : 0.8072"
"37,49 : 0.372"
"49,37 : 0.372"
"38,39 : 0.3538"
"39,38 : 0.3538"
"38,40 : 0.3574"
"40,38 : 0.3574"
"38,41 : 0.5376"
"41,38 : 0.5376"
"38,42 : 0.3354"
"42,38 : 0.3354"
"38,43 : 0.4768"
"43,38 : 0.4768"
"38,44 : 0.4338"
"44,38 : 0.4338"
"38,45 : 0.7058"
"45,38 : 0.7058"
"38,46 : 0.3202"
"46,38 : 0.3202"
"38,47 : 0.9291"
"47,38 : 0.9291"
"38,48 : 0.8246"
"48,38 : 0.8246"
"38,49 : 0.1"
"49,38 : 0.1"
"39,40 : 0.1526"
"40,39 : 0.1526"
"39,41 : 0.3089"
"41,39 : 0.3089"
"39,42 : 0.1931"
"42,39 : 0.1931"
"39,43 : 0.264"
"43,39 : 0.264"
"39,44 : 0.1655"
"44,39 : 0.1655"
"39,45 : 0.4904"
"45,39 : 0.4904"
"39,46 : 0.0608"
"46,39 : 0.0608"
"39,47 : 0.5818"
"47,39 : 0.5818"
"39,48 : 0.5064"
"48,39 : 0.5064"
"39,49 : 0.3578"
"49,39 : 0.3578"
"40,41 : 0.191"
"41,40 : 0.191"
"40,42 : 0.051"
"42,40 : 0.051"
"40,43 : 0.1334"
"43,40 : 0.1334"
"40,44 : 0.3176"
"44,40 : 0.3176"
"40,45 : 0.6408"
"45,40 : 0.6408"
"40,46 : 0.198"
"46,40 : 0.198"
"40,47 : 0.5941"
"47,40 : 0.5941"
"40,48 : 0.4696"
"48,40 : 0.4696"
"40,49 : 0.4011"
"49,40 : 0.4011"
"41,42 : 0.2022"
"42,41 : 0.2022"
"41,43 : 0.0608"
"43,41 : 0.0608"
"41,44 : 0.4534"
"44,41 : 0.4534"
"41,45 : 0.7521"
"45,41 : 0.7521"
"41,46 : 0.3667"
"46,41 : 0.3667"
"41,47 : 0.4924"
"47,41 : 0.4924"
"41,48 : 0.3253"
"48,41 : 0.3253"
"41,49 : 0.5901"
"49,41 : 0.5901"
"42,43 : 0.1414"
"43,42 : 0.1414"
"42,44 : 0.3585"
"44,42 : 0.3585"
"42,45 : 0.6835"
"45,42 : 0.6835"
"42,46 : 0.2302"
"46,42 : 0.2302"
"42,47 : 0.6366"
"47,42 : 0.6366"
"42,48 : 0.5025"
"48,42 : 0.5025"
"42,49 : 0.3905"
