x,y
0.54,0.69
0.18,0.89
0.52,0.59
0.16,0.9
0.4,0.52
0.71,0.21
0.31,0.52
0.89,0.64
0.22,0.43
0.49,0.31
0.82,0.8
0.76,0.63
0.96,0.0
0.18,0.91
0.66,0.68
0.71,0.78
0.11,0.97
0.79,0.02
0.33,0.65
0.94,0.42
0.54,0.3
0.34,0.28
0.48,0.8
0.07,0.99
0.81,0.37
0.36,0.26
0.22,0.4
0.02,0.39
0.39,0.35
0.13,0.25
0.34,0.26
1.0,0.99
1.0,0.8
0.03,0.68
0.45,0.35
0.43,0.52
0.16,0.99
0.07,0.4
0.82,0.5
0.4,0.69
0.36,0.28
0.22,0.21
0.21,0.05
0.47,0.38
0.95,0.22
0.87,0.42
0.98,0.28
0.57,0.26
0.18,0.14
0.34,0.64

Distanze
"0,1 : 0.4118"
"1,0 : 0.4118"
"0,2 : 0.102"
"2,0 : 0.102"
"0,3 : 0.4342"
"3,0 : 0.4342"
"0,4 : 0.2202"
"4,0 : 0.2202"
"0,5 : 0.5092"
"5,0 : 0.5092"
"0,6 : 0.286"
"6,0 : 0.286"
"0,7 : 0.3536"
"7,0 : 0.3536"
"0,8 : 0.4123"
"8,0 : 0.4123"
"0,9 : 0.3833"
"9,0 : 0.3833"
"0,10 : 0.3008"
"10,0 : 0.3008"
"0,11 : 0.228"
"11,0 : 0.228"
"0,12 : 0.8078"
"12,0 : 0.8078"
"0,13 : 0.4219"
"13,0 : 0.4219"
"0,14 : 0.1204"
"14,0 : 0.1204"
"0,15 : 0.1924"
"15,0 : 0.1924"
"0,16 : 0.5131"
"16,0 : 0.5131"
"0,17 : 0.7151"
"17,0 : 0.7151"
"0,18 : 0.2138"
"18,0 : 0.2138"
"0,19 : 0.4826"
"19,0 : 0.4826"
"0,20 : 0.39"
"20,0 : 0.39"
"0,21 : 0.4562"
"21,0 : 0.4562"
"0,22 : 0.1253"
"22,0 : 0.1253"
"0,23 : 0.5576"
"23,0 : 0.5576"
"0,24 : 0.4187"
"24,0 : 0.4187"
"0,25 : 0.4662"
"25,0 : 0.4662"
"0,26 : 0.4319"
"26,0 : 0.4319"
"0,27 : 0.6003"
"27,0 : 0.6003"
"0,28 : 0.3716"
"28,0 : 0.3716"
"0,29 : 0.6014"
"29,0 : 0.6014"
"0,30 : 0.4742"
"30,0 : 0.4742"
"0,31 : 0.5492"
"31,0 : 0.5492"
"0,32 : 0.473"
"32,0 : 0.473"
"0,33 : 0.5101"
"33,0 : 0.5101"
"0,34 : 0.3517"
"34,0 : 0.3517"
"0,35 : 0.2025"
"35,0 : 0.2025"
"0,36 : 0.4841"
"36,0 : 0.4841"
"0,37 : 0.5523"
"37,0 : 0.5523"
"0,38 : 0.3384"
"38,0 : 0.3384"
"0,39 : 0.14"
"39,0 : 0.14"
"0,40 : 0.4478"
"40,0 : 0.4478"
"0,41 : 0.5769"
"41,0 : 0.5769"
"0,42 : 0.7201"
"42,0 : 0.7201"
"0,43 : 0.3178"
"43,0 : 0.3178"
"0,44 : 0.6237"
"44,0 : 0.6237"
"0,45 : 0.4264"
"45,0 : 0.4264"
"0,46 : 0.6014"
"46,0 : 0.6014"
"0,47 : 0.431"
"47,0 : 0.431"
"0,48 : 0.6573"
"48,0 : 0.6573"
"0,49 : 0.2062"
"49,0 : 0.2062"
"1,2 : 0.4534"
"2,1 : 0.4534"
"1,3 : 0.0224"
"3,1 : 0.0224"
"1,4 : 0.4305"
"4,1 : 0.4305"
"1,5 : 0.8621"
"5,1 : 0.8621"
"1,6 : 0.3922"
"6,1 : 0.3922"
"1,7 : 0.7527"
"7,1 : 0.7527"
"1,8 : 0.4617"
"8,1 : 0.4617"
"1,9 : 0.6576"
"9,1 : 0.6576"
"1,10 : 0.6463"
"10,1 : 0.6463"
"1,11 : 0.6356"
"11,1 : 0.6356"
"1,12 : 1.1834"
"12,1 : 1.1834"
"1,13 : 0.02"
"13,1 : 0.02"
"1,14 : 0.5239"
"14,1 : 0.5239"
"1,15 : 0.5413"
"15,1 : 0.5413"
"1,16 : 0.1063"
"16,1 : 0.1063"
"1,17 : 1.0625"
"17,1 : 1.0625"
"1,18 : 0.283"
"18,1 : 0.283"
"1,19 : 0.8936"
"19,1 : 0.8936"
"1,20 : 0.6912"
"20,1 : 0.6912"
"1,21 : 0.6306"
"21,1 : 0.6306"
"1,22 : 0.3132"
"22,1 : 0.3132"
"1,23 : 0.1487"
"23,1 : 0.1487"
"1,24 : 0.8169"
"24,1 : 0.8169"
"1,25 : 0.6552"
"25,1 : 0.6552"
"1,26 : 0.4916"
"26,1 : 0.4916"
"1,27 : 0.525"
"27,1 : 0.525"
"1,28 : 0.5794"
"28,1 : 0.5794"
"1,29 : 0.642"
"29,1 : 0.642"
"1,30 : 0.65"
"30,1 : 0.65"
"1,31 : 0.8261"
"31,1 : 0.8261"
"1,32 : 0.8249"
"32,1 : 0.8249"
"1,33 : 0.2581"
"33,1 : 0.2581"
"1,34 : 0.6037"
"34,1 : 0.6037"
"1,35 : 0.4465"
"35,1 : 0.4465"
"1,36 : 0.102"
"36,1 : 0.102"
"1,37 : 0.5022"
"37,1 : 0.5022"
"1,38 : 0.7495"
"38,1 : 0.7495"
"1,39 : 0.2973"
"39,1 : 0.2973"
"1,40 : 0.636"
"40,1 : 0.636"
"1,41 : 0.6812"
"41,1 : 0.6812"
"1,42 : 0.8405"
"42,1 : 0.8405"
"1,43 : 0.5867"
"43,1 : 0.5867"
"1,44 : 1.0207"
"44,1 : 1.0207"
"1,45 : 0.8349"
"45,1 : 0.8349"
"1,46 : 1.006"
"46,1 : 1.006"
"1,47 : 0.7409"
"47,1 : 0.7409"
"1,48 : 0.75"
"48,1 : 0.75"
"1,49 : 0.2968"
"49,1 : 0.2968"
"2,3 : 0.4751"
"3,2 : 0.4751"
"2,4 : 0.1389"
"4,2 : 0.1389"
"2,5 : 0.4249"
"5,2 : 0.4249"
"2,6 : 0.2214"
"6,2 : 0.2214"
"2,7 : 0.3734"
"7,2 : 0.3734"
"2,8 : 0.34"
"8,2 : 0.34"
"2,9 : 0.2816"
"9,2 : 0.2816"
"2,10 : 0.3662"
"10,2 : 0.3662"
"2,11 : 0.2433"
"11,2 : 0.2433"
"2,12 : 0.736"
"12,2 : 0.736"
"2,13 : 0.4669"
"13,2 : 0.4669"
"2,14 : 0.1664"
"14,2 : 0.1664"
"2,15 : 0.2687"
"15,2 : 0.2687"
"2,16 : 0.559"
"16,2 : 0.559"
"2,17 : 0.6307"
"17,2 : 0.6307"
"2,18 : 0.1992"
"18,2 : 0.1992"
"2,19 : 0.4531"
"19,2 : 0.4531"
"2,20 : 0.2907"
"20,2 : 0.2907"
"2,21 : 0.3585"
"21,2 : 0.3585"
"2,22 : 0.2138"
"22,2 : 0.2138"
"2,23 : 0.6021"
"23,2 : 0.6021"
"2,24 : 0.364"
"24,2 : 0.364"
"2,25 : 0.3667"
"25,2 : 0.3667"
"2,26 : 0.3551"
"26,2 : 0.3551"
"2,27 : 0.5385"
"27,2 : 0.5385"
"2,28 : 0.2729"
"28,2 : 0.2729"
"2,29 : 0.5174"
"29,2 : 0.5174"
"2,30 : 0.3759"
"30,2 : 0.3759"
"2,31 : 0.6248"
"31,2 : 0.6248"
"2,32 : 0.5239"
"32,2 : 0.5239"
"2,33 : 0.4982"
"33,2 : 0.4982"
"2,34 : 0.25"
"34,2 : 0.25"
"2,35 : 0.114"
"35,2 : 0.114"
"2,36 : 0.5381"
"36,2 : 0.5381"
"2,37 : 0.4885"
"37,2 : 0.4885"
"2,38 : 0.3132"
"38,2 : 0.3132"
"2,39 : 0.1562"
"39,2 : 0.1562"
"2,40 : 0.3489"
"40,2 : 0.3489"
"2,41 : 0.4841"
"41,2 : 0.4841"
"2,42 : 0.6227"
"42,2 : 0.6227"
"2,43 : 0.2159"
"43,2 : 0.2159"
"2,44 : 0.5673"
"44,2 : 0.5673"
"2,45 : 0.3891"
"45,2 : 0.3891"
"2,46 : 0.5547"
"46,2 : 0.5547"
"2,47 : 0.3338"
"47,2 : 0.3338"
"2,48 : 0.564"
"48,2 : 0.564"
"2,49 : 0.1868"
"49,2 : 0.1868"
"3,4 : 0.4494"
"4,3 : 0.4494"
"3,5 : 0.8824"
"5,3 : 0.8824"
"3,6 : 0.4085"
"6,3 : 0.4085"
"3,7 : 0.7749"
"7,3 : 0.7749"
"3,8 : 0.4738"
"8,3 : 0.4738"
"3,9 : 0.676"
"9,3 : 0.676"
"3,10 : 0.6675"
"10,3 : 0.6675"
"3,11 : 0.658"
"11,3 : 0.658"
"3,12 : 1.2042"
"12,3 : 1.2042"
"3,13 : 0.0224"
"13,3 : 0.0224"
"3,14 : 0.5463"
"14,3 : 0.5463"
"3,15 : 0.5629"
"15,3 : 0.5629"
"3,16 : 0.086"
"16,3 : 0.086"
"3,17 : 1.0823"
"17,3 : 1.0823"
"3,18 : 0.3023"
"18,3 : 0.3023"
"3,19 : 0.9159"
"19,3 : 0.9159"
"3,20 : 0.7102"
"20,3 : 0.7102"
"3,21 : 0.6456"
"21,3 : 0.6456"
"3,22 : 0.3353"
"22,3 : 0.3353"
"3,23 : 0.1273"
"23,3 : 0.1273"
"3,24 : 0.8387"
"24,3 : 0.8387"
"3,25 : 0.6705"
"25,3 : 0.6705"
"3,26 : 0.5036"
"26,3 : 0.5036"
"3,27 : 0.5289"
"27,3 : 0.5289"
"3,28 : 0.5962"
"28,3 : 0.5962"
"3,29 : 0.6507"
"29,3 : 0.6507"
"3,30 : 0.6648"
"30,3 : 0.6648"
"3,31 : 0.8448"
"31,3 : 0.8448"
"3,32 : 0.8459"
"32,3 : 0.8459"
"3,33 : 0.2555"
"33,3 : 0.2555"
"3,34 : 0.6218"
"34,3 : 0.6218"
"3,35 : 0.4662"
"35,3 : 0.4662"
"3,36 : 0.09"
"36,3 : 0.09"
"3,37 : 0.508"
"37,3 : 0.508"
"3,38 : 0.7718"
"38,3 : 0.7718"
"3,39 : 0.3189"
"39,3 : 0.3189"
"3,40 : 0.6515"
"40,3 : 0.6515"
"3,41 : 0.6926"
"41,3 : 0.6926"
"3,42 : 0.8515"
"42,3 : 0.8515"
"3,43 : 0.6054"
"43,3 : 0.6054"
"3,44 : 1.0424"
"44,3 : 1.0424"
"3,45 : 0.857"
"45,3 : 0.857"
"3,46 : 1.028"
"46,3 : 1.028"
"3,47 : 0.7601"
"47,3 : 0.7601"
"3,48 : 0.7603"
"48,3 : 0.7603"
"3,49 : 0.3162"
"49,3 : 0.3162"
"4,5 : 0.4384"
"5,4 : 0.4384"
"4,6 : 0.09"
"6,4 : 0.09"
"4,7 : 0.5045"
"7,4 : 0.5045"
"4,8 : 0.2012"
"8,4 : 0.2012"
"4,9 : 0.2285"
"9,4 : 0.2285"
"4,10 : 0.5048"
"10,4 : 0.5048"
"4,11 : 0.3764"
"11,4 : 0.3764"
"4,12 : 0.7642"
"12,4 : 0.7642"
"4,13 : 0.4478"
"13,4 : 0.4478"
"4,14 : 0.3053"
"14,4 : 0.3053"
"4,15 : 0.4046"
"15,4 : 0.4046"
"4,16 : 0.5354"
"16,4 : 0.5354"
"4,17 : 0.6341"
"17,4 : 0.6341"
"4,18 : 0.1476"
"18,4 : 0.1476"
"4,19 : 0.5492"
"19,4 : 0.5492"
"4,20 : 0.2608"
"20,4 : 0.2608"
"4,21 : 0.2474"
"21,4 : 0.2474"
"4,22 : 0.2912"
"22,4 : 0.2912"
"4,23 : 0.5743"
"23,4 : 0.5743"
"4,24 : 0.4366"
"24,4 : 0.4366"
"4,25 : 0.2631"
"25,4 : 0.2631"
"4,26 : 0.2163"
"26,4 : 0.2163"
"4,27 : 0.4016"
"27,4 : 0.4016"
"4,28 : 0.1703"
"28,4 : 0.1703"
"4,29 : 0.3818"
"29,4 : 0.3818"
"4,30 : 0.2668"
"30,4 : 0.2668"
"4,31 : 0.7622"
"31,4 : 0.7622"
"4,32 : 0.6621"
"32,4 : 0.6621"
"4,33 : 0.4031"
"33,4 : 0.4031"
"4,34 : 0.1772"
"34,4 : 0.1772"
"4,35 : 0.03"
"35,4 : 0.03"
"4,36 : 0.5277"
"36,4 : 0.5277"
"4,37 : 0.3511"
"37,4 : 0.3511"
"4,38 : 0.4205"
"38,4 : 0.4205"
"4,39 : 0.17"
"39,4 : 0.17"
"4,40 : 0.2433"
"40,4 : 0.2433"
"4,41 : 0.3585"
"41,4 : 0.3585"
"4,42 : 0.507"
"42,4 : 0.507"
"4,43 : 0.1565"
"43,4 : 0.1565"
"4,44 : 0.6265"
"44,4 : 0.6265"
"4,45 : 0.4805"
"45,4 : 0.4805"
"4,46 : 0.6277"
"46,4 : 0.6277"
"4,47 : 0.3106"
"47,4 : 0.3106"
"4,48 : 0.4391"
"48,4 : 0.4391"
"4,49 : 0.1342"
"49,4 : 0.1342"
"5,6 : 0.5061"
"6,5 : 0.5061"
"5,7 : 0.4662"
"7,5 : 0.4662"
"5,8 : 0.5371"
"8,5 : 0.5371"
"5,9 : 0.2417"
"9,5 : 0.2417"
"5,10 : 0.6002"
"10,5 : 0.6002"
"5,11 : 0.423"
"11,5 : 0.423"
"5,12 : 0.3265"
"12,5 : 0.3265"
"5,13 : 0.878"
"13,5 : 0.878"
"5,14 : 0.4727"
"14,5 : 0.4727"
"5,15 : 0.57"
"15,5 : 0.57"
"5,16 : 0.9683"
"16,5 : 0.9683"
"5,17 : 0.2062"
"17,5 : 0.2062"
"5,18 : 0.5814"
"18,5 : 0.5814"
"5,19 : 0.3114"
"19,5 : 0.3114"
"5,20 : 0.1924"
"20,5 : 0.1924"
"5,21 : 0.3766"
"21,5 : 0.3766"
"5,22 : 0.6332"
"22,5 : 0.6332"
"5,23 : 1.009"
"23,5 : 1.009"
"5,24 : 0.1887"
"24,5 : 0.1887"
"5,25 : 0.3536"
"25,5 : 0.3536"
"5,26 : 0.5255"
"26,5 : 0.5255"
"5,27 : 0.7131"
"27,5 : 0.7131"
"5,28 : 0.3493"
"28,5 : 0.3493"
"5,29 : 0.5814"
"29,5 : 0.5814"
"5,30 : 0.3734"
"30,5 : 0.3734"
"5,31 : 0.8322"
"31,5 : 0.8322"
"5,32 : 0.6574"
"32,5 : 0.6574"
"5,33 : 0.8266"
"33,5 : 0.8266"
"5,34 : 0.2953"
"34,5 : 0.2953"
"5,35 : 0.4177"
"35,5 : 0.4177"
"5,36 : 0.9544"
"36,5 : 0.9544"
"5,37 : 0.6676"
"37,5 : 0.6676"
"5,38 : 0.3102"
"38,5 : 0.3102"
"5,39 : 0.5714"
"39,5 : 0.5714"
"5,40 : 0.3569"
"40,5 : 0.3569"
"5,41 : 0.49"
"41,5 : 0.49"
"5,42 : 0.525"
"42,5 : 0.525"
"5,43 : 0.2941"
"43,5 : 0.2941"
"5,44 : 0.2402"
"44,5 : 0.2402"
"5,45 : 0.264"
"45,5 : 0.264"
"5,46 : 0.2789"
"46,5 : 0.2789"
"5,47 : 0.1487"
"47,5 : 0.1487"
"5,48 : 0.5346"
"48,5 : 0.5346"
"5,49 : 0.5673"
"49,5 : 0.5673"
"6,7 : 0.5923"
"7,6 : 0.5923"
"6,8 : 0.1273"
"8,6 : 0.1273"
"6,9 : 0.2766"
"9,6 : 0.2766"
"6,10 : 0.5818"
"10,6 : 0.5818"
"6,11 : 0.4632"
"11,6 : 0.4632"
"6,12 : 0.8324"
"12,6 : 0.8324"
"6,13 : 0.4111"
"13,6 : 0.4111"
"6,14 : 0.3848"
"14,6 : 0.3848"
"6,15 : 0.4771"
"15,6 : 0.4771"
"6,16 : 0.4924"
"16,6 : 0.4924"
"6,17 : 0.6931"
"17,6 : 0.6931"
"6,18 : 0.1315"
"18,6 : 0.1315"
"6,19 : 0.6379"
"19,6 : 0.6379"
"6,20 : 0.3183"
"20,6 : 0.3183"
"6,21 : 0.2419"
"21,6 : 0.2419"
"6,22 : 0.3276"
"22,6 : 0.3276"
"6,23 : 0.5277"
"23,6 : 0.5277"
"6,24 : 0.522"
"24,6 : 0.522"
"6,25 : 0.2648"
"25,6 : 0.2648"
"6,26 : 0.15"
"26,6 : 0.15"
"6,27 : 0.3178"
"27,6 : 0.3178"
"6,28 : 0.1879"
"28,6 : 0.1879"
"6,29 : 0.3245"
"29,6 : 0.3245"
"6,30 : 0.2617"
"30,6 : 0.2617"
"6,31 : 0.8349"
"31,6 : 0.8349"
"6,32 : 0.7446"
"32,6 : 0.7446"
"6,33 : 0.3225"
"33,6 : 0.3225"
"6,34 : 0.2202"
"34,6 : 0.2202"
"6,35 : 0.12"
"35,6 : 0.12"
"6,36 : 0.4934"
"36,6 : 0.4934"
"6,37 : 0.2683"
"37,6 : 0.2683"
"6,38 : 0.5104"
"38,6 : 0.5104"
"6,39 : 0.1924"
"39,6 : 0.1924"
"6,40 : 0.2452"
"40,6 : 0.2452"
"6,41 : 0.3228"
"41,6 : 0.3228"
"6,42 : 0.4805"
"42,6 : 0.4805"
"6,43 : 0.2126"
"43,6 : 0.2126"
"6,44 : 0.7068"
"44,6 : 0.7068"
"6,45 : 0.5689"
"45,6 : 0.5689"
"6,46 : 0.7117"
"46,6 : 0.7117"
"6,47 : 0.3677"
"47,6 : 0.3677"
"6,48 : 0.4016"
"48,6 : 0.4016"
"6,49 : 0.1237"
"49,6 : 0.1237"
"7,8 : 0.7021"
"8,7 : 0.7021"
"7,9 : 0.5186"
"9,7 : 0.5186"
"7,10 : 0.1746"
"10,7 : 0.1746"
"7,11 : 0.1304"
"11,7 : 0.1304"
"7,12 : 0.6438"
"12,7 : 0.6438"
"7,13 : 0.7596"
"13,7 : 0.7596"
"7,14 : 0.2335"
"14,7 : 0.2335"
"7,15 : 0.228"
"15,7 : 0.228"
"7,16 : 0.8469"
"16,7 : 0.8469"
"7,17 : 0.628"
"17,7 : 0.628"
"7,18 : 0.5601"
"18,7 : 0.5601"
"7,19 : 0.2256"
"19,7 : 0.2256"
"7,20 : 0.488"
"20,7 : 0.488"
"7,21 : 0.6573"
"21,7 : 0.6573"
"7,22 : 0.4401"
"22,7 : 0.4401"
"7,23 : 0.8916"
"23,7 : 0.8916"
"7,24 : 0.2816"
"24,7 : 0.2816"
"7,25 : 0.6522"
"25,7 : 0.6522"
"7,26 : 0.7117"
"26,7 : 0.7117"
"7,27 : 0.9052"
"27,7 : 0.9052"
"7,28 : 0.578"
"28,7 : 0.578"
"7,29 : 0.8542"
"29,7 : 0.8542"
"7,30 : 0.6685"
"30,7 : 0.6685"
"7,31 : 0.3669"
"31,7 : 0.3669"
"7,32 : 0.1942"
"32,7 : 0.1942"
"7,33 : 0.8609"
"33,7 : 0.8609"
"7,34 : 0.527"
"34,7 : 0.527"
"7,35 : 0.4754"
"35,7 : 0.4754"
"7,36 : 0.8096"
"36,7 : 0.8096"
"7,37 : 0.8544"
"37,7 : 0.8544"
"7,38 : 0.1565"
"38,7 : 0.1565"
"7,39 : 0.4925"
"39,7 : 0.4925"
"7,40 : 0.6407"
"40,7 : 0.6407"
"7,41 : 0.7961"
"41,7 : 0.7961"
"7,42 : 0.9003"
"42,7 : 0.9003"
"7,43 : 0.494"
"43,7 : 0.494"
"7,44 : 0.4243"
"44,7 : 0.4243"
"7,45 : 0.2209"
"45,7 : 0.2209"
"7,46 : 0.3711"
"46,7 : 0.3711"
"7,47 : 0.4968"
"47,7 : 0.4968"
"7,48 : 0.8684"
"48,7 : 0.8684"
"7,49 : 0.55"
"49,7 : 0.55"
"8,9 : 0.2955"
"9,8 : 0.2955"
"8,10 : 0.7049"
"10,8 : 0.7049"
"8,11 : 0.5758"
"11,8 : 0.5758"
"8,12 : 0.8559"
"12,8 : 0.8559"
"8,13 : 0.4817"
"13,8 : 0.4817"
"8,14 : 0.5061"
"14,8 : 0.5061"
"8,15 : 0.6022"
"15,8 : 0.6022"
"8,16 : 0.5511"
"16,8 : 0.5511"
"8,17 : 0.7021"
"17,8 : 0.7021"
"8,18 : 0.246"
"18,8 : 0.246"
"8,19 : 0.7201"
"19,8 : 0.7201"
"8,20 : 0.3454"
"20,8 : 0.3454"
"8,21 : 0.1921"
"21,8 : 0.1921"
"8,22 : 0.4522"
"22,8 : 0.4522"
"8,23 : 0.5797"
"23,8 : 0.5797"
"8,24 : 0.593"
"24,8 : 0.593"
"8,25 : 0.2202"
"25,8 : 0.2202"
"8,26 : 0.03"
"26,8 : 0.03"
"8,27 : 0.204"
"27,8 : 0.204"
"8,28 : 0.1879"
"28,8 : 0.1879"
"8,29 : 0.2012"
"29,8 : 0.2012"
"8,30 : 0.2081"
"30,8 : 0.2081"
"8,31 : 0.9602"
"31,8 : 0.9602"
"8,32 : 0.8633"
"32,8 : 0.8633"
"8,33 : 0.314"
"33,8 : 0.314"
"8,34 : 0.2435"
"34,8 : 0.2435"
"8,35 : 0.2285"
"35,8 : 0.2285"
"8,36 : 0.5632"
"36,8 : 0.5632"
"8,37 : 0.153"
"37,8 : 0.153"
"8,38 : 0.6041"
"38,8 : 0.6041"
"8,39 : 0.3162"
"39,8 : 0.3162"
"8,40 : 0.2052"
"40,8 : 0.2052"
"8,41 : 0.22"
"41,8 : 0.22"
"8,42 : 0.3801"
"42,8 : 0.3801"
"8,43 : 0.255"
"43,8 : 0.255"
"8,44 : 0.7596"
"44,8 : 0.7596"
"8,45 : 0.6501"
"45,8 : 0.6501"
"8,46 : 0.7747"
"46,8 : 0.7747"
"8,47 : 0.3891"
"47,8 : 0.3891"
"8,48 : 0.2927"
"48,8 : 0.2927"
"8,49 : 0.2419"
"49,8 : 0.2419"
"9,10 : 0.5908"
"10,9 : 0.5908"
"9,11 : 0.4187"
"11,9 : 0.4187"
"9,12 : 0.563"
"12,9 : 0.563"
"9,13 : 0.6754"
"13,9 : 0.6754"
"9,14 : 0.4072"
"14,9 : 0.4072"
"9,15 : 0.5189"
"15,9 : 0.5189"
"9,16 : 0.7616"
"16,9 : 0.7616"
"9,17 : 0.4173"
"17,9 : 0.4173"
"9,18 : 0.3758"
"18,9 : 0.3758"
"9,19 : 0.4632"
"19,9 : 0.4632"
"9,20 : 0.051"
"20,9 : 0.051"
"9,21 : 0.153"
"21,9 : 0.153"
"9,22 : 0.4901"
"22,9 : 0.4901"
"9,23 : 0.7992"
"23,9 : 0.7992"
"9,24 : 0.3256"
"24,9 : 0.3256"
"9,25 : 0.1393"
"25,9 : 0.1393"
"9,26 : 0.2846"
"26,9 : 0.2846"
"9,27 : 0.4768"
"27,9 : 0.4768"
"9,28 : 0.1077"
"28,9 : 0.1077"
"9,29 : 0.365"
"29,9 : 0.365"
"9,30 : 0.1581"
"30,9 : 0.1581"
"9,31 : 0.85"
"31,9 : 0.85"
"9,32 : 0.7072"
"32,9 : 0.7072"
"9,33 : 0.5903"
"33,9 : 0.5903"
"9,34 : 0.0566"
"34,9 : 0.0566"
"9,35 : 0.2184"
"35,9 : 0.2184"
"9,36 : 0.7558"
"36,9 : 0.7558"
"9,37 : 0.4295"
"37,9 : 0.4295"
"9,38 : 0.3808"
"38,9 : 0.3808"
"9,39 : 0.3905"
"39,9 : 0.3905"
"9,40 : 0.1334"
"40,9 : 0.1334"
"9,41 : 0.2879"
"41,9 : 0.2879"
"9,42 : 0.3821"
"42,9 : 0.3821"
"9,43 : 0.0728"
"43,9 : 0.0728"
"9,44 : 0.4687"
"44,9 : 0.4687"
"9,45 : 0.3956"
"45,9 : 0.3956"
"9,46 : 0.4909"
"46,9 : 0.4909"
"9,47 : 0.0943"
"47,9 : 0.0943"
"9,48 : 0.3536"
"48,9 : 0.3536"
"9,49 : 0.3625"
"49,9 : 0.3625"
"10,11 : 0.1803"
"11,10 : 0.1803"
"10,12 : 0.8122"
"12,10 : 0.8122"
"10,13 : 0.6494"
"13,10 : 0.6494"
"10,14 : 0.2"
"14,10 : 0.2"
"10,15 : 0.1118"
"15,10 : 0.1118"
"10,16 : 0.7301"
"16,10 : 0.7301"
"10,17 : 0.7806"
"17,10 : 0.7806"
"10,18 : 0.5124"
"18,10 : 0.5124"
"10,19 : 0.3985"
"19,10 : 0.3985"
"10,20 : 0.5731"
"20,10 : 0.5731"
"10,21 : 0.7077"
"21,10 : 0.7077"
"10,22 : 0.34"
"22,10 : 0.34"
"10,23 : 0.7737"
"23,10 : 0.7737"
"10,24 : 0.4301"
"24,10 : 0.4301"
"10,25 : 0.7094"
"25,10 : 0.7094"
"10,26 : 0.7211"
"26,10 : 0.7211"
"10,27 : 0.8989"
"27,10 : 0.8989"
"10,28 : 0.6224"
"28,10 : 0.6224"
"10,29 : 0.8824"
"29,10 : 0.8824"
"10,30 : 0.7225"
"30,10 : 0.7225"
"10,31 : 0.2617"
"31,10 : 0.2617"
"10,32 : 0.18"
"32,10 : 0.18"
"10,33 : 0.7991"
"33,10 : 0.7991"
"10,34 : 0.5826"
"34,10 : 0.5826"
"10,35 : 0.4801"
"35,10 : 0.4801"
"10,36 : 0.6868"
"36,10 : 0.6868"
"10,37 : 0.85"
"37,10 : 0.85"
"10,38 : 0.3"
"38,10 : 0.3"
"10,39 : 0.4342"
"39,10 : 0.4342"
"10,40 : 0.6943"
"40,10 : 0.6943"
"10,41 : 0.8415"
"41,10 : 0.8415"
"10,42 : 0.9667"
"42,10 : 0.9667"
"10,43 : 0.5467"
"43,10 : 0.5467"
"10,44 : 0.5944"
"44,10 : 0.5944"
"10,45 : 0.3833"
"45,10 : 0.3833"
"10,46 : 0.5441"
"46,10 : 0.5441"
"10,47 : 0.5951"
"47,10 : 0.5951"
"10,48 : 0.9193"
"48,10 : 0.9193"
"10,49 : 0.506"
"49,10 : 0.506"
"11,12 : 0.661"
"12,11 : 0.661"
"11,13 : 0.644"
"13,11 : 0.644"
"11,14 : 0.1118"
"14,11 : 0.1118"
"11,15 : 0.1581"
"15,11 : 0.1581"
"11,16 : 0.7336"
"16,11 : 0.7336"
"11,17 : 0.6107"
"17,11 : 0.6107"
"11,18 : 0.4305"
"18,11 : 0.4305"
"11,19 : 0.2766"
"19,11 : 0.2766"
"11,20 : 0.3966"
"20,11 : 0.3966"
"11,21 : 0.5467"
"21,11 : 0.5467"
"11,22 : 0.3276"
"22,11 : 0.3276"
"11,23 : 0.7783"
"23,11 : 0.7783"
"11,24 : 0.2648"
"24,11 : 0.2648"
"11,25 : 0.5449"
"25,11 : 0.5449"
"11,26 : 0.5869"
"26,11 : 0.5869"
"11,27 : 0.7779"
"27,11 : 0.7779"
"11,28 : 0.464"
"28,11 : 0.464"
"11,29 : 0.7357"
"29,11 : 0.7357"
"11,30 : 0.5597"
"30,11 : 0.5597"
"11,31 : 0.4327"
"31,11 : 0.4327"
"11,32 : 0.2941"
"32,11 : 0.2941"
"11,33 : 0.7317"
"33,11 : 0.7317"
"11,34 : 0.4177"
"34,11 : 0.4177"
"11,35 : 0.3479"
"35,11 : 0.3479"
"11,36 : 0.6997"
"36,11 : 0.6997"
"11,37 : 0.7273"
"37,11 : 0.7273"
"11,38 : 0.1432"
"38,11 : 0.1432"
"11,39 : 0.365"
"39,11 : 0.365"
"11,40 : 0.5315"
"40,11 : 0.5315"
"11,41 : 0.6841"
"41,11 : 0.6841"
"11,42 : 0.7993"
"42,11 : 0.7993"
"11,43 : 0.3829"
"43,11 : 0.3829"
"11,44 : 0.4519"
"44,11 : 0.4519"
"11,45 : 0.2371"
"45,11 : 0.2371"
"11,46 : 0.4134"
"46,11 : 0.4134"
"11,47 : 0.4159"
"47,11 : 0.4159"
"11,48 : 0.7593"
"48,11 : 0.7593"
"11,49 : 0.4201"
"49,11 : 0.4201"
"12,13 : 1.1985"
"13,12 : 1.1985"
"12,14 : 0.7432"
"14,12 : 0.7432"
"12,15 : 0.8191"
"15,12 : 0.8191"
"12,16 : 1.2897"
"16,12 : 1.2897"
"12,17 : 0.1712"
"17,12 : 0.1712"
"12,18 : 0.9052"
"18,12 : 0.9052"
"12,19 : 0.4205"
"19,12 : 0.4205"
"12,20 : 0.5161"
"20,12 : 0.5161"
"12,21 : 0.6803"
"21,12 : 0.6803"
"12,22 : 0.933"
"22,12 : 0.933"
"12,23 : 1.3312"
"23,12 : 1.3312"
"12,24 : 0.3992"
"24,12 : 0.3992"
"12,25 : 0.6539"
"25,12 : 0.6539"
"12,26 : 0.8412"
"26,12 : 0.8412"
"12,27 : 1.0177"
"27,12 : 1.0177"
"12,28 : 0.6689"
"28,12 : 0.6689"
"12,29 : 0.8668"
"29,12 : 0.8668"
"12,30 : 0.6723"
"30,12 : 0.6723"
"12,31 : 0.9908"
"31,12 : 0.9908"
"12,32 : 0.801"
"32,12 : 0.801"
"12,33 : 1.1521"
"33,12 : 1.1521"
"12,34 : 0.6185"
"34,12 : 0.6185"
"12,35 : 0.7425"
"35,12 : 0.7425"
"12,36 : 1.2728"
"36,12 : 1.2728"
"12,37 : 0.9758"
"37,12 : 0.9758"
"12,38 : 0.5192"
"38,12 : 0.5192"
"12,39 : 0.8887"
"39,12 : 0.8887"
"12,40 : 0.6621"
"40,12 : 0.6621"
"12,41 : 0.7692"
"41,12 : 0.7692"
"12,42 : 0.7517"
"42,12 : 0.7517"
"12,43 : 0.6201"
"43,12 : 0.6201"
"12,44 : 0.2202"
"44,12 : 0.2202"
"12,45 : 0.4295"
"45,12 : 0.4295"
"12,46 : 0.2807"
"46,12 : 0.2807"
"12,47 : 0.4687"
"47,12 : 0.4687"
"12,48 : 0.7925"
"48,12 : 0.7925"
"12,49 : 0.8911"
"49,12 : 0.8911"
"13,14 : 0.5323"
"14,13 : 0.5323"
"13,15 : 0.5457"
"15,13 : 0.5457"
"13,16 : 0.0922"
"16,13 : 0.0922"
"13,17 : 1.079"
"17,13 : 1.079"
"13,18 : 0.3002"
"18,13 : 0.3002"
"13,19 : 0.9043"
"19,13 : 0.9043"
"13,20 : 0.7083"
"20,13 : 0.7083"
"13,21 : 0.65"
"21,13 : 0.65"
"13,22 : 0.3195"
"22,13 : 0.3195"
"13,23 : 0.136"
"23,13 : 0.136"
"13,24 : 0.8298"
"24,13 : 0.8298"
"13,25 : 0.6745"
"25,13 : 0.6745"
"13,26 : 0.5116"
"26,13 : 0.5116"
"13,27 : 0.5441"
"27,13 : 0.5441"
"13,28 : 0.5981"
"28,13 : 0.5981"
"13,29 : 0.6619"
"29,13 : 0.6619"
"13,30 : 0.6694"
"30,13 : 0.6694"
"13,31 : 0.8239"
"31,13 : 0.8239"
"13,32 : 0.8273"
"32,13 : 0.8273"
"13,33 : 0.2746"
"33,13 : 0.2746"
"13,34 : 0.6217"
"34,13 : 0.6217"
"13,35 : 0.4632"
"35,13 : 0.4632"
"13,36 : 0.0825"
"36,13 : 0.0825"
"13,37 : 0.5217"
"37,13 : 0.5217"
"13,38 : 0.7601"
"38,13 : 0.7601"
"13,39 : 0.3111"
"39,13 : 0.3111"
"13,40 : 0.6552"
"40,13 : 0.6552"
"13,41 : 0.7011"
"41,13 : 0.7011"
"13,42 : 0.8605"
"42,13 : 0.8605"
"13,43 : 0.6042"
"43,13 : 0.6042"
"13,44 : 1.0339"
"44,13 : 1.0339"
"13,45 : 0.8463"
"45,13 : 0.8463"
"13,46 : 1.0183"
"46,13 : 1.0183"
"13,47 : 0.758"
"47,13 : 0.758"
"13,48 : 0.77"
"48,13 : 0.77"
"13,49 : 0.3138"
"49,13 : 0.3138"
"14,15 : 0.1118"
"15,14 : 0.1118"
"14,16 : 0.6218"
"16,14 : 0.6218"
"14,17 : 0.6727"
"17,14 : 0.6727"
"14,18 : 0.3314"
"18,14 : 0.3314"
"14,19 : 0.3821"
"19,14 : 0.3821"
"14,20 : 0.3985"
"20,14 : 0.3985"
"14,21 : 0.5122"
"21,14 : 0.5122"
"14,22 : 0.2163"
"22,14 : 0.2163"
"14,23 : 0.6665"
"23,14 : 0.6665"
"14,24 : 0.3444"
"24,14 : 0.3444"
"14,25 : 0.5161"
"25,14 : 0.5161"
"14,26 : 0.5215"
"26,14 : 0.5215"
"14,27 : 0.7026"
"27,14 : 0.7026"
"14,28 : 0.4264"
"28,14 : 0.4264"
"14,29 : 0.6825"
"29,14 : 0.6825"
"14,30 : 0.528"
"30,14 : 0.528"
"14,31 : 0.4601"
"31,14 : 0.4601"
"14,32 : 0.3606"
"32,14 : 0.3606"
"14,33 : 0.63"
"33,14 : 0.63"
"14,34 : 0.3912"
"34,14 : 0.3912"
"14,35 : 0.2802"
"35,14 : 0.2802"
"14,36 : 0.5883"
"36,14 : 0.5883"
"14,37 : 0.6531"
"37,14 : 0.6531"
"14,38 : 0.2408"
"38,14 : 0.2408"
"14,39 : 0.2602"
"39,14 : 0.2602"
"14,40 : 0.5"
"40,14 : 0.5"
"14,41 : 0.6438"
"41,14 : 0.6438"
"14,42 : 0.7742"
"42,14 : 0.7742"
"14,43 : 0.3551"
"43,14 : 0.3551"
"14,44 : 0.5438"
"44,14 : 0.5438"
"14,45 : 0.3342"
"45,14 : 0.3342"
"14,46 : 0.5122"
"46,14 : 0.5122"
"14,47 : 0.4295"
"47,14 : 0.4295"
"14,48 : 0.7225"
"48,14 : 0.7225"
"14,49 : 0.3225"
"49,14 : 0.3225"
"15,16 : 0.6294"
"16,15 : 0.6294"
"15,17 : 0.7642"
"17,15 : 0.7642"
"15,18 : 0.4016"
"18,15 : 0.4016"
"15,19 : 0.4272"
"19,15 : 0.4272"
"15,20 : 0.5092"
"20,15 : 0.5092"
"15,21 : 0.622"
"21,15 : 0.622"
"15,22 : 0.2309"
"22,15 : 0.2309"
"15,23 : 0.6736"
"23,15 : 0.6736"
"15,24 : 0.422"
"24,15 : 0.422"
"15,25 : 0.6268"
"25,15 : 0.6268"
"15,26 : 0.6201"
"26,15 : 0.6201"
"15,27 : 0.7926"
"27,15 : 0.7926"
"15,28 : 0.536"
"28,15 : 0.536"
"15,29 : 0.7857"
"29,15 : 0.7857"
"15,30 : 0.6382"
"30,15 : 0.6382"
"15,31 : 0.3581"
"31,15 : 0.3581"
"15,32 : 0.2907"
"32,15 : 0.2907"
"15,33 : 0.6873"
"33,15 : 0.6873"
"15,34 : 0.5025"
"34,15 : 0.5025"
"15,35 : 0.3821"
"35,15 : 0.3821"
"15,36 : 0.5887"
"36,15 : 0.5887"
"15,37 : 0.7443"
"37,15 : 0.7443"
"15,38 : 0.3008"
"38,15 : 0.3008"
"15,39 : 0.3228"
"39,15 : 0.3228"
"15,40 : 0.6103"
"40,15 : 0.6103"
"15,41 : 0.7517"
"41,15 : 0.7517"
"15,42 : 0.8848"
"42,15 : 0.8848"
"15,43 : 0.4665"
"43,15 : 0.4665"
"15,44 : 0.6093"
"44,15 : 0.6093"
"15,45 : 0.394"
"45,15 : 0.394"
"15,46 : 0.5682"
"46,15 : 0.5682"
"15,47 : 0.5385"
"47,15 : 0.5385"
"15,48 : 0.831"
"48,15 : 0.831"
"15,49 : 0.3956"
"49,15 : 0.3956"
"16,17 : 1.1683"
"17,16 : 1.1683"
"16,18 : 0.3883"
"18,16 : 0.3883"
"16,19 : 0.9957"
"19,16 : 0.9957"
"16,20 : 0.7961"
"20,16 : 0.7961"
"16,21 : 0.7273"
"21,16 : 0.7273"
"16,22 : 0.4072"
"22,16 : 0.4072"
"16,23 : 0.0447"
"23,16 : 0.0447"
"16,24 : 0.922"
"24,16 : 0.922"
"16,25 : 0.7527"
"25,16 : 0.7527"
"16,26 : 0.5805"
"26,16 : 0.5805"
"16,27 : 0.5869"
"27,16 : 0.5869"
"16,28 : 0.6803"
"28,16 : 0.6803"
"16,29 : 0.7203"
"29,16 : 0.7203"
"16,30 : 0.7463"
"30,16 : 0.7463"
"16,31 : 0.8902"
"31,16 : 0.8902"
"16,32 : 0.9061"
"32,16 : 0.9061"
"16,33 : 0.3008"
"33,16 : 0.3008"
"16,34 : 0.7071"
"34,16 : 0.7071"
"16,35 : 0.5522"
"35,16 : 0.5522"
"16,36 : 0.0539"
"36,16 : 0.0539"
"16,37 : 0.5714"
"37,16 : 0.5714"
"16,38 : 0.8515"
"38,16 : 0.8515"
"16,39 : 0.4031"
"39,16 : 0.4031"
"16,40 : 0.7339"
"40,16 : 0.7339"
"16,41 : 0.7679"
"41,16 : 0.7679"
"16,42 : 0.9254"
"42,16 : 0.9254"
"16,43 : 0.6912"
"43,16 : 0.6912"
"16,44 : 1.1261"
"44,16 : 1.1261"
"16,45 : 0.9381"
"45,16 : 0.9381"
"16,46 : 1.1104"
"46,16 : 1.1104"
"16,47 : 0.846"
"47,16 : 0.846"
"16,48 : 0.8329"
"48,16 : 0.8329"
"16,49 : 0.4022"
"49,16 : 0.4022"
"17,18 : 0.7801"
"18,17 : 0.7801"
"17,19 : 0.4272"
"19,17 : 0.4272"
"17,20 : 0.3754"
"20,17 : 0.3754"
"17,21 : 0.5197"
"21,17 : 0.5197"
"17,22 : 0.8393"
"22,17 : 0.8393"
"17,23 : 1.208"
"23,17 : 1.208"
"17,24 : 0.3506"
"24,17 : 0.3506"
"17,25 : 0.4924"
"25,17 : 0.4924"
"17,26 : 0.6851"
"26,17 : 0.6851"
"17,27 : 0.8543"
"27,17 : 0.8543"
"17,28 : 0.5186"
"28,17 : 0.5186"
"17,29 : 0.6989"
"29,17 : 0.6989"
"17,30 : 0.51"
"30,17 : 0.51"
"17,31 : 0.9925"
"31,17 : 0.9925"
"17,32 : 0.8078"
"32,17 : 0.8078"
"17,33 : 1.0066"
"33,17 : 1.0066"
"17,34 : 0.4738"
"34,17 : 0.4738"
"17,35 : 0.6161"
"35,17 : 0.6161"
"17,36 : 1.1566"
"36,17 : 1.1566"
"17,37 : 0.8141"
"37,17 : 0.8141"
"17,38 : 0.4809"
"38,17 : 0.4809"
"17,39 : 0.7752"
"39,17 : 0.7752"
"17,40 : 0.5025"
"40,17 : 0.5025"
"17,41 : 0.6008"
"41,17 : 0.6008"
"17,42 : 0.5808"
"42,17 : 0.5808"
"17,43 : 0.4817"
"43,17 : 0.4817"
"17,44 : 0.2561"
"44,17 : 0.2561"
"17,45 : 0.4079"
"45,17 : 0.4079"
"17,46 : 0.322"
"46,17 : 0.322"
"17,47 : 0.3256"
"47,17 : 0.3256"
"17,48 : 0.6217"
"48,17 : 0.6217"
"17,49 : 0.7661"
"49,17 : 0.7661"
"18,19 : 0.6519"
"19,18 : 0.6519"
"18,20 : 0.4082"
"20,18 : 0.4082"
"18,21 : 0.3701"
"21,18 : 0.3701"
"18,22 : 0.2121"
"22,18 : 0.2121"
"18,23 : 0.428"
"23,18 : 0.428"
"18,24 : 0.5557"
"24,18 : 0.5557"
"18,25 : 0.3912"
"25,18 : 0.3912"
"18,26 : 0.2731"
"26,18 : 0.2731"
"18,27 : 0.4046"
"27,18 : 0.4046"
"18,28 : 0.3059"
"28,18 : 0.3059"
"18,29 : 0.4472"
"29,18 : 0.4472"
"18,30 : 0.3901"
"30,18 : 0.3901"
"18,31 : 0.7513"
"31,18 : 0.7513"
"18,32 : 0.6866"
"32,18 : 0.6866"
"18,33 : 0.3015"
"33,18 : 0.3015"
"18,34 : 0.3231"
"34,18 : 0.3231"
"18,35 : 0.164"
"35,18 : 0.164"
"18,36 : 0.3801"
"36,18 : 0.3801"
"18,37 : 0.3607"
"37,18 : 0.3607"
"18,38 : 0.5124"
"38,18 : 0.5124"
"18,39 : 0.0806"
"39,18 : 0.0806"
"18,40 : 0.3712"
"40,18 : 0.3712"
"18,41 : 0.4535"
"41,18 : 0.4535"
"18,42 : 0.6119"
"42,18 : 0.6119"
"18,43 : 0.3041"
"43,18 : 0.3041"
"18,44 : 0.7545"
"44,18 : 0.7545"
"18,45 : 0.5869"
"45,18 : 0.5869"
"18,46 : 0.7479"
"46,18 : 0.7479"
"18,47 : 0.4579"
"47,18 : 0.4579"
"18,48 : 0.5316"
"48,18 : 0.5316"
"18,49 : 0.0141"
"49,18 : 0.0141"
"19,20 : 0.4176"
"20,19 : 0.4176"
"19,21 : 0.6161"
"21,19 : 0.6161"
"19,22 : 0.5967"
"22,19 : 0.5967"
"19,23 : 1.0401"
"23,19 : 1.0401"
"19,24 : 0.1393"
"24,19 : 0.1393"
"19,25 : 0.6017"
"25,19 : 0.6017"
"19,26 : 0.7203"
"26,19 : 0.7203"
"19,27 : 0.9205"
"27,19 : 0.9205"
"19,28 : 0.5544"
"28,19 : 0.5544"
"19,29 : 0.8276"
"29,19 : 0.8276"
"19,30 : 0.621"
"30,19 : 0.621"
"19,31 : 0.5731"
"31,19 : 0.5731"
"19,32 : 0.3847"
"32,19 : 0.3847"
"19,33 : 0.9464"
"33,19 : 0.9464"
"19,34 : 0.495"
"34,19 : 0.495"
"19,35 : 0.5197"
"35,19 : 0.5197"
"19,36 : 0.9661"
"36,19 : 0.9661"
"19,37 : 0.8702"
"37,19 : 0.8702"
"19,38 : 0.1442"
"38,19 : 0.1442"
"19,39 : 0.6037"
"39,19 : 0.6037"
"19,40 : 0.5967"
"40,19 : 0.5967"
"19,41 : 0.75"
"41,19 : 0.75"
"19,42 : 0.8184"
"42,19 : 0.8184"
"19,43 : 0.4717"
"43,19 : 0.4717"
"19,44 : 0.2002"
"44,19 : 0.2002"
"19,45 : 0.07"
"45,19 : 0.07"
"19,46 : 0.1456"
"46,19 : 0.1456"
"19,47 : 0.4031"
"47,19 : 0.4031"
"19,48 : 0.8099"
"48,19 : 0.8099"
"19,49 : 0.6391"
"49,19 : 0.6391"
"20,21 : 0.201"
"21,20 : 0.201"
"20,22 : 0.5036"
"22,20 : 0.5036"
"20,23 : 0.8349"
"23,20 : 0.8349"
"20,24 : 0.2789"
"24,20 : 0.2789"
"20,25 : 0.1844"
"25,20 : 0.1844"
"20,26 : 0.3353"
"26,20 : 0.3353"
"20,27 : 0.5277"
"27,20 : 0.5277"
"20,28 : 0.1581"
"28,20 : 0.1581"
"20,29 : 0.413"
"29,20 : 0.413"
"20,30 : 0.204"
"30,20 : 0.204"
"20,31 : 0.8293"
"31,20 : 0.8293"
"20,32 : 0.6794"
"32,20 : 0.6794"
"20,33 : 0.636"
"33,20 : 0.636"
"20,34 : 0.103"
"34,20 : 0.103"
"20,35 : 0.246"
"35,20 : 0.246"
"20,36 : 0.7877"
"36,20 : 0.7877"
"20,37 : 0.4805"
"37,20 : 0.4805"
"20,38 : 0.3441"
"38,20 : 0.3441"
"20,39 : 0.4144"
"39,20 : 0.4144"
"20,40 : 0.1811"
"40,20 : 0.1811"
"20,41 : 0.3324"
"41,20 : 0.3324"
"20,42 : 0.414"
"42,20 : 0.414"
"20,43 : 0.1063"
"43,20 : 0.1063"
"20,44 : 0.4177"
"44,20 : 0.4177"
"20,45 : 0.3511"
"45,20 : 0.3511"
"20,46 : 0.4405"
"46,20 : 0.4405"
"20,47 : 0.05"
"47,20 : 0.05"
"20,48 : 0.394"
"48,20 : 0.394"
"20,49 : 0.3945"
"49,20 : 0.3945"
"21,22 : 0.5385"
"22,21 : 0.5385"
"21,23 : 0.7596"
"23,21 : 0.7596"
"21,24 : 0.4785"
"24,21 : 0.4785"
"21,25 : 0.0283"
"25,21 : 0.0283"
"21,26 : 0.1697"
"26,21 : 0.1697"
"21,27 : 0.3384"
"27,21 : 0.3384"
"21,28 : 0.086"
"28,21 : 0.086"
"21,29 : 0.2121"
"29,21 : 0.2121"
"21,30 : 0.02"
"30,21 : 0.02"
"21,31 : 0.9694"
"31,21 : 0.9694"
"21,32 : 0.8402"
"32,21 : 0.8402"
"21,33 : 0.5061"
"33,21 : 0.5061"
"21,34 : 0.1304"
"34,21 : 0.1304"
"21,35 : 0.2563"
"35,21 : 0.2563"
"21,36 : 0.7325"
"36,21 : 0.7325"
"21,37 : 0.2955"
"37,21 : 0.2955"
"21,38 : 0.528"
"38,21 : 0.528"
"21,39 : 0.4144"
"39,21 : 0.4144"
"21,40 : 0.02"
"40,21 : 0.02"
"21,41 : 0.1389"
"41,21 : 0.1389"
"21,42 : 0.2642"
"42,21 : 0.2642"
"21,43 : 0.164"
"43,21 : 0.164"
"21,44 : 0.6129"
"44,21 : 0.6129"
"21,45 : 0.5482"
"45,21 : 0.5482"
"21,46 : 0.64"
"46,21 : 0.64"
"21,47 : 0.2309"
"47,21 : 0.2309"
"21,48 : 0.2126"
"48,21 : 0.2126"
"21,49 : 0.36"
"49,21 : 0.36"
"22,23 : 0.4519"
"23,22 : 0.4519"
"22,24 : 0.542"
"24,22 : 0.542"
"22,25 : 0.5532"
"25,22 : 0.5532"
"22,26 : 0.4771"
"26,22 : 0.4771"
"22,27 : 0.6162"
"27,22 : 0.6162"
"22,28 : 0.4589"
"28,22 : 0.4589"
"22,29 : 0.6519"
"29,22 : 0.6519"
"22,30 : 0.5579"
"30,22 : 0.5579"
"22,31 : 0.5536"
"31,22 : 0.5536"
"22,32 : 0.52"
"32,22 : 0.52"
"22,33 : 0.4657"
"33,22 : 0.4657"
"22,34 : 0.451"
"34,22 : 0.451"
"22,35 : 0.2844"
"35,22 : 0.2844"
"22,36 : 0.3722"
"36,22 : 0.3722"
"22,37 : 0.5728"
"37,22 : 0.5728"
"22,38 : 0.4534"
"38,22 : 0.4534"
"22,39 : 0.136"
"39,22 : 0.136"
"22,40 : 0.5337"
"40,22 : 0.5337"
"22,41 : 0.6447"
"41,22 : 0.6447"
"22,42 : 0.7971"
"42,22 : 0.7971"
"22,43 : 0.4201"
"43,22 : 0.4201"
"22,44 : 0.7465"
"44,22 : 0.7465"
"22,45 : 0.5445"
"45,22 : 0.5445"
"22,46 : 0.7214"
"46,22 : 0.7214"
"22,47 : 0.5474"
"47,22 : 0.5474"
"22,48 : 0.725"
"48,22 : 0.725"
"22,49 : 0.2126"
"49,22 : 0.2126"
"23,24 : 0.9654"
"24,23 : 0.9654"
"23,25 : 0.7855"
"25,23 : 0.7855"
"23,26 : 0.6088"
"26,23 : 0.6088"
"23,27 : 0.6021"
"27,23 : 0.6021"
"23,28 : 0.7155"
"28,23 : 0.7155"
"23,29 : 0.7424"
"29,23 : 0.7424"
"23,30 : 0.7783"
"30,23 : 0.7783"
"23,31 : 0.93"
"31,23 : 0.93"
"23,32 : 0.9492"
"32,23 : 0.9492"
"23,33 : 0.3126"
"33,23 : 0.3126"
"23,34 : 0.7443"
"34,23 : 0.7443"
"23,35 : 0.592"
"35,23 : 0.592"
"23,36 : 0.09"
"36,23 : 0.09"
"23,37 : 0.59"
"37,23 : 0.59"
"23,38 : 0.8959"
"38,23 : 0.8959"
"23,39 : 0.446"
"39,23 : 0.446"
"23,40 : 0.7669"
"40,23 : 0.7669"
"23,41 : 0.7943"
"41,23 : 0.7943"
"23,42 : 0.9504"
"42,23 : 0.9504"
"23,43 : 0.7295"
"43,23 : 0.7295"
"23,44 : 1.1693"
"44,23 : 1.1693"
"23,45 : 0.9823"
"45,23 : 0.9823"
"23,46 : 1.1542"
"46,23 : 1.1542"
"23,47 : 0.8848"
"47,23 : 0.8848"
"23,48 : 0.8571"
"48,23 : 0.8571"
"23,49 : 0.442"
"49,23 : 0.442"
"24,25 : 0.4632"
"25,24 : 0.4632"
"24,26 : 0.5908"
"26,24 : 0.5908"
"24,27 : 0.7903"
"27,24 : 0.7903"
"24,28 : 0.4205"
"28,24 : 0.4205"
"24,29 : 0.6905"
"29,24 : 0.6905"
"24,30 : 0.4827"
"30,24 : 0.4827"
"24,31 : 0.6485"
"31,24 : 0.6485"
"24,32 : 0.4701"
"32,24 : 0.4701"
"24,33 : 0.8393"
"33,24 : 0.8393"
"24,34 : 0.3606"
"34,24 : 0.3606"
"24,35 : 0.4085"
"35,24 : 0.4085"
"24,36 : 0.8983"
"36,24 : 0.8983"
"24,37 : 0.7406"
"37,24 : 0.7406"
"24,38 : 0.1304"
"38,24 : 0.1304"
"24,39 : 0.5201"
"39,24 : 0.5201"
"24,40 : 0.4589"
"40,24 : 0.4589"
"24,41 : 0.6113"
"41,24 : 0.6113"
"24,42 : 0.68"
"42,24 : 0.68"
"24,43 : 0.3401"
"43,24 : 0.3401"
"24,44 : 0.2052"
"44,24 : 0.2052"
"24,45 : 0.0781"
"45,24 : 0.0781"
"24,46 : 0.1924"
"46,24 : 0.1924"
"24,47 : 0.264"
"47,24 : 0.264"
"24,48 : 0.6707"
"48,24 : 0.6707"
"24,49 : 0.542"
"49,24 : 0.542"
"25,26 : 0.198"
"26,25 : 0.198"
"25,27 : 0.364"
"27,25 : 0.364"
"25,28 : 0.0949"
"28,25 : 0.0949"
"25,29 : 0.2302"
"29,25 : 0.2302"
"25,30 : 0.02"
"30,25 : 0.02"
"25,31 : 0.9708"
"31,25 : 0.9708"
"25,32 : 0.8374"
"32,25 : 0.8374"
"25,33 : 0.5341"
"33,25 : 0.5341"
"25,34 : 0.1273"
"34,25 : 0.1273"
"25,35 : 0.2693"
"35,25 : 0.2693"
"25,36 : 0.7569"
"36,25 : 0.7569"
"25,37 : 0.322"
"37,25 : 0.322"
"25,38 : 0.5188"
"38,25 : 0.5188"
"25,39 : 0.4319"
"39,25 : 0.4319"
"25,40 : 0.02"
"40,25 : 0.02"
"25,41 : 0.1487"
"41,25 : 0.1487"
"25,42 : 0.2581"
"42,25 : 0.2581"
"25,43 : 0.1628"
"43,25 : 0.1628"
"25,44 : 0.5914"
"44,25 : 0.5914"
"25,45 : 0.5345"
"45,25 : 0.5345"
"25,46 : 0.6203"
"46,25 : 0.6203"
"25,47 : 0.21"
"47,25 : 0.21"
"25,48 : 0.2163"
"48,25 : 0.2163"
"25,49 : 0.3805"
"49,25 : 0.3805"
"26,27 : 0.2002"
"27,26 : 0.2002"
"26,28 : 0.1772"
"28,26 : 0.1772"
"26,29 : 0.1749"
"29,26 : 0.1749"
"26,30 : 0.1844"
"30,26 : 0.1844"
"26,31 : 0.978"
"31,26 : 0.978"
"26,32 : 0.8766"
"32,26 : 0.8766"
"26,33 : 0.3384"
"33,26 : 0.3384"
"26,34 : 0.2354"
"34,26 : 0.2354"
"26,35 : 0.2419"
"35,26 : 0.2419"
"26,36 : 0.593"
"36,26 : 0.593"
"26,37 : 0.15"
"37,26 : 0.15"
"26,38 : 0.6083"
"38,26 : 0.6083"
"26,39 : 0.3413"
"39,26 : 0.3413"
"26,40 : 0.1844"
"40,26 : 0.1844"
"26,41 : 0.19"
"41,26 : 0.19"
"26,42 : 0.3501"
"42,26 : 0.3501"
"26,43 : 0.2508"
"43,26 : 0.2508"
"26,44 : 0.7519"
"44,26 : 0.7519"
"26,45 : 0.6503"
"45,26 : 0.6503"
"26,46 : 0.7694"
"46,26 : 0.7694"
"26,47 : 0.377"
"47,26 : 0.377"
"26,48 : 0.2631"
"48,26 : 0.2631"
"26,49 : 0.2683"
"49,26 : 0.2683"
"27,28 : 0.3722"
"28,27 : 0.3722"
"27,29 : 0.178"
"29,27 : 0.178"
"27,30 : 0.3454"
"30,27 : 0.3454"
"27,31 : 1.1491"
"31,27 : 1.1491"
"27,32 : 1.0623"
"32,27 : 1.0623"
"27,33 : 0.2902"
"33,27 : 0.2902"
"27,34 : 0.4319"
"34,27 : 0.4319"
"27,35 : 0.4301"
"35,27 : 0.4301"
"27,36 : 0.6161"
"36,27 : 0.6161"
"27,37 : 0.051"
"37,27 : 0.051"
"27,38 : 0.8075"
"38,27 : 0.8075"
"27,39 : 0.4841"
"39,27 : 0.4841"
"27,40 : 0.3574"
"40,27 : 0.3574"
"27,41 : 0.2691"
"41,27 : 0.2691"
"27,42 : 0.3895"
"42,27 : 0.3895"
"27,43 : 0.4501"
"43,27 : 0.4501"
"27,44 : 0.9454"
"44,27 : 0.9454"
"27,45 : 0.8505"
"45,27 : 0.8505"
"27,46 : 0.9663"
"46,27 : 0.9663"
"27,47 : 0.5652"
"47,27 : 0.5652"
"27,48 : 0.2968"
"48,27 : 0.2968"
"27,49 : 0.4061"
"49,27 : 0.4061"
"28,29 : 0.2786"
"29,28 : 0.2786"
"28,30 : 0.103"
"30,28 : 0.103"
"28,31 : 0.8841"
"31,28 : 0.8841"
"28,32 : 0.758"
"32,28 : 0.758"
"28,33 : 0.4884"
"33,28 : 0.4884"
"28,34 : 0.06"
"34,28 : 0.06"
"28,35 : 0.1746"
"35,28 : 0.1746"
"28,36 : 0.6801"
"36,28 : 0.6801"
"28,37 : 0.3239"
"37,28 : 0.3239"
"28,38 : 0.4554"
"38,28 : 0.4554"
"28,39 : 0.3401"
"39,28 : 0.3401"
"28,40 : 0.0762"
"40,28 : 0.0762"
"28,41 : 0.2202"
"41,28 : 0.2202"
"28,42 : 0.3499"
"42,28 : 0.3499"
"28,43 : 0.0854"
"43,28 : 0.0854"
"28,44 : 0.5749"
"44,28 : 0.5749"
"28,45 : 0.4851"
"45,28 : 0.4851"
"28,46 : 0.5941"
"46,28 : 0.5941"
"28,47 : 0.2012"
"47,28 : 0.2012"
"28,48 : 0.297"
"48,28 : 0.297"
"28,49 : 0.2943"
"49,28 : 0.2943"
"29,30 : 0.2102"
"30,29 : 0.2102"
"29,31 : 1.1421"
"31,29 : 1.1421"
"29,32 : 1.0293"
"32,29 : 1.0293"
"29,33 : 0.4415"
"33,29 : 0.4415"
"29,34 : 0.3353"
"34,29 : 0.3353"
"29,35 : 0.4036"
"35,29 : 0.4036"
"29,36 : 0.7406"
"36,29 : 0.7406"
"29,37 : 0.1616"
"37,29 : 0.1616"
"29,38 : 0.7339"
"38,29 : 0.7339"
"29,39 : 0.5162"
"39,29 : 0.5162"
"29,40 : 0.2319"
"40,29 : 0.2319"
"29,41 : 0.0985"
"41,29 : 0.0985"
"29,42 : 0.2154"
"42,29 : 0.2154"
"29,43 : 0.364"
"43,29 : 0.364"
"29,44 : 0.8205"
"44,29 : 0.8205"
"29,45 : 0.7593"
"45,29 : 0.7593"
"29,46 : 0.8505"
"46,29 : 0.8505"
"29,47 : 0.4401"
"47,29 : 0.4401"
"29,48 : 0.1208"
"48,29 : 0.1208"
"29,49 : 0.4429"
"49,29 : 0.4429"
"30,31 : 0.9841"
"31,30 : 0.9841"
"30,32 : 0.8528"
"32,30 : 0.8528"
"30,33 : 0.522"
"33,30 : 0.522"
"30,34 : 0.1421"
"34,30 : 0.1421"
"30,35 : 0.2751"
"35,30 : 0.2751"
"30,36 : 0.7519"
"36,30 : 0.7519"
"30,37 : 0.3041"
"37,30 : 0.3041"
"30,38 : 0.5367"
"38,30 : 0.5367"
"30,39 : 0.4342"
"39,30 : 0.4342"
"30,40 : 0.0283"
"40,30 : 0.0283"
"30,41 : 0.13"
"41,30 : 0.13"
"30,42 : 0.247"
"42,30 : 0.247"
"30,43 : 0.1769"
"43,30 : 0.1769"
"30,44 : 0.6113"
"44,30 : 0.6113"
"30,45 : 0.5536"
"45,30 : 0.5536"
"30,46 : 0.6403"
"46,30 : 0.6403"
"30,47 : 0.23"
"47,30 : 0.23"
"30,48 : 0.2"
"48,30 : 0.2"
"30,49 : 0.38"
"49,30 : 0.38"
"31,32 : 0.19"
"32,31 : 0.19"
"31,33 : 1.0183"
"33,31 : 1.0183"
"31,34 : 0.8439"
"34,31 : 0.8439"
"31,35 : 0.7388"
"35,31 : 0.7388"
"31,36 : 0.84"
"36,31 : 0.84"
"31,37 : 1.1014"
"37,31 : 1.1014"
"31,38 : 0.522"
"38,31 : 0.522"
"31,39 : 0.6708"
"39,31 : 0.6708"
"31,40 : 0.9559"
"40,31 : 0.9559"
"31,41 : 1.1031"
"41,31 : 1.1031"
"31,42 : 1.2279"
"42,31 : 1.2279"
"31,43 : 0.8081"
"43,31 : 0.8081"
"31,44 : 0.7716"
"44,31 : 0.7716"
"31,45 : 0.5846"
"45,31 : 0.5846"
"31,46 : 0.7103"
"46,31 : 0.7103"
"31,47 : 0.8472"
"47,31 : 0.8472"
"31,48 : 1.1811"
"48,31 : 1.1811"
"31,49 : 0.7471"
"49,31 : 0.7471"
"32,33 : 0.9774"
"33,32 : 0.9774"
"32,34 : 0.7106"
"34,32 : 0.7106"
"32,35 : 0.6351"
"35,32 : 0.6351"
"32,36 : 0.8612"
"36,32 : 0.8612"
"32,37 : 1.0124"
"37,32 : 1.0124"
"32,38 : 0.3499"
"38,32 : 0.3499"
"32,39 : 0.61"
"39,32 : 0.61"
"32,40 : 0.8246"
"40,32 : 0.8246"
"32,41 : 0.978"
"41,32 : 0.978"
"32,42 : 1.0893"
"42,32 : 1.0893"
"32,43 : 0.6762"
"43,32 : 0.6762"
"32,44 : 0.5822"
"44,32 : 0.5822"
"32,45 : 0.4016"
"45,32 : 0.4016"
"32,46 : 0.5204"
"46,32 : 0.5204"
"32,47 : 0.6903"
"47,32 : 0.6903"
"32,48 : 1.0526"
"48,32 : 1.0526"
"32,49 : 0.6791"
"49,32 : 0.6791"
"33,34 : 0.5341"
"34,33 : 0.5341"
"33,35 : 0.4308"
"35,33 : 0.4308"
"33,36 : 0.3362"
"36,33 : 0.3362"
"33,37 : 0.2828"
"37,33 : 0.2828"
"33,38 : 0.8102"
"38,33 : 0.8102"
"33,39 : 0.3701"
"39,33 : 0.3701"
"33,40 : 0.5186"
"40,33 : 0.5186"
"33,41 : 0.507"
"41,33 : 0.507"
"33,42 : 0.6552"
"42,33 : 0.6552"
"33,43 : 0.5325"
"43,33 : 0.5325"
"33,44 : 1.0286"
"44,33 : 1.0286"
"33,45 : 0.8793"
"45,33 : 0.8793"
"33,46 : 1.0308"
"46,33 : 1.0308"
"33,47 : 0.6841"
"47,33 : 0.6841"
"33,48 : 0.5604"
"48,33 : 0.5604"
"33,49 : 0.3126"
"49,33 : 0.3126"
"34,35 : 0.1712"
"35,34 : 0.1712"
"34,36 : 0.7026"
"36,34 : 0.7026"
"34,37 : 0.3833"
"37,34 : 0.3833"
"34,38 : 0.3992"
"38,34 : 0.3992"
"34,39 : 0.3437"
"39,34 : 0.3437"
"34,40 : 0.114"
"40,34 : 0.114"
"34,41 : 0.2693"
"41,34 : 0.2693"
"34,42 : 0.3842"
"42,34 : 0.3842"
"34,43 : 0.0361"
"43,34 : 0.0361"
"34,44 : 0.5166"
"44,34 : 0.5166"
"34,45 : 0.4258"
"45,34 : 0.4258"
"34,46 : 0.5346"
"46,34 : 0.5346"
"34,47 : 0.15"
"47,34 : 0.15"
"34,48 : 0.3421"
"48,34 : 0.3421"
"34,49 : 0.3102"
"49,34 : 0.3102"
"35,36 : 0.542"
"36,35 : 0.542"
"35,37 : 0.3795"
"37,35 : 0.3795"
"35,38 : 0.3905"
"38,35 : 0.3905"
"35,39 : 0.1726"
"39,35 : 0.1726"
"35,40 : 0.25"
"40,35 : 0.25"
"35,41 : 0.3744"
"41,35 : 0.3744"
"35,42 : 0.5189"
"42,35 : 0.5189"
"35,43 : 0.1456"
"43,35 : 0.1456"
"35,44 : 0.6003"
"44,35 : 0.6003"
"35,45 : 0.4512"
"45,35 : 0.4512"
"35,46 : 0.6001"
"46,35 : 0.6001"
"35,47 : 0.2953"
"47,35 : 0.2953"
"35,48 : 0.4549"
"48,35 : 0.4549"
"35,49 : 0.15"
"49,35 : 0.15"
"36,37 : 0.5968"
"37,36 : 0.5968"
"36,38 : 0.822"
"38,36 : 0.822"
"36,39 : 0.3842"
"39,36 : 0.3842"
"36,40 : 0.7376"
"40,36 : 0.7376"
"36,41 : 0.7823"
"41,36 : 0.7823"
"36,42 : 0.9413"
"42,36 : 0.9413"
"36,43 : 0.6843"
"43,36 : 0.6843"
"36,44 : 1.1032"
"44,36 : 1.1032"
"36,45 : 0.9105"
"45,36 : 0.9105"
"36,46 : 1.0847"
"46,36 : 1.0847"
"36,47 : 0.8373"
"47,36 : 0.8373"
"36,48 : 0.8502"
"48,36 : 0.8502"
"36,49 : 0.3936"
"49,36 : 0.3936"
"37,38 : 0.7566"
"38,37 : 0.7566"
"37,39 : 0.4393"
"39,37 : 0.4393"
"37,40 : 0.3138"
"40,37 : 0.3138"
"37,41 : 0.2421"
"41,37 : 0.2421"
"37,42 : 0.377"
"42,37 : 0.377"
"37,43 : 0.4005"
"43,37 : 0.4005"
"37,44 : 0.8982"
"44,37 : 0.8982"
"37,45 : 0.8002"
"45,37 : 0.8002"
"37,46 : 0.9179"
"46,37 : 0.9179"
"37,47 : 0.5192"
"47,37 : 0.5192"
"37,48 : 0.2823"
"48,37 : 0.2823"
"37,49 : 0.3612"
"49,37 : 0.3612"
"38,39 : 0.461"
"39,38 : 0.461"
"38,40 : 0.5099"
"40,38 : 0.5099"
"38,41 : 0.6664"
"41,38 : 0.6664"
"38,42 : 0.758"
"42,38 : 0.758"
"38,43 : 0.37"
"43,38 : 0.37"
"38,44 : 0.3087"
"44,38 : 0.3087"
"38,45 : 0.0943"
"45,38 : 0.0943"
"38,46 : 0.272"
"46,38 : 0.272"
"38,47 : 0.3466"
"47,38 : 0.3466"
"38,48 : 0.7343"
"48,38 : 0.7343"
"38,49 : 0.5"
"49,38 : 0.5"
"39,40 : 0.4119"
"40,39 : 0.4119"
"39,41 : 0.5126"
"41,39 : 0.5126"
"39,42 : 0.6676"
"42,39 : 0.6676"
"39,43 : 0.3178"
"43,39 : 0.3178"
"39,44 : 0.7235"
"44,39 : 0.7235"
"39,45 : 0.542"
"45,39 : 0.542"
"39,46 : 0.7103"
"46,39 : 0.7103"
"39,47 : 0.4624"
"47,39 : 0.4624"
"39,48 : 0.5924"
"48,39 : 0.5924"
"39,49 : 0.0781"
"49,39 : 0.0781"
"40,41 : 0.1565"
"41,40 : 0.1565"
"40,42 : 0.2746"
"42,40 : 0.2746"
"40,43 : 0.1487"
"43,40 : 0.1487"
"40,44 : 0.593"
"44,40 : 0.593"
"40,45 : 0.5289"
"45,40 : 0.5289"
"40,46 : 0.62"
"46,40 : 0.62"
"40,47 : 0.211"
"47,40 : 0.211"
"40,48 : 0.228"
"48,40 : 0.228"
"40,49 : 0.3606"
"49,40 : 0.3606"
"41,42 : 0.1603"
"42,41 : 0.1603"
"41,43 : 0.3023"
"43,41 : 0.3023"
"41,44 : 0.7301"
"44,41 : 0.7301"
"41,45 : 0.6831"
"45,41 : 0.6831"
"41,46 : 0.7632"
"46,41 : 0.7632"
"41,47 : 0.3536"
"47,41 : 0.3536"
"41,48 : 0.0806"
"48,41 : 0.0806"
"41,49 : 0.4464"
"49,41 : 0.4464"
"42,43 : 0.4201"
"43,42 : 0.4201"
"42,44 : 0.7593"
"44,42 : 0.7593"
"42,45 : 0.7566"
"45,42 : 0.7566"
"42,46 : 0.8036"
"46,42 : 0.8036"
"42,47 : 0.4168"
"47,42 : 0.4168"
"42,48 : 0.0949"
"48,42 : 0.0949"
"42,49 : 0.6042"
"49,42 : 0.6042"
"43,44 : 0.506"
