x,y
0.35,0.64
0.36,0.05
0.59,0.8
0.81,0.25
0.39,0.09
0.07,0.48
0.28,0.27
0.88,0.36
0.65,0.41
0.38,0.53
0.3,0.54
0.89,0.93
0.36,0.84
0.35,0.25
0.14,0.64
0.67,0.24
0.89,0.98
0.31,0.77
0.4,0.88
0.54,0.82
0.26,0.85
0.12,0.38
0.31,0.42
0.74,0.8
0.89,0.79
0.92,0.16
0.59,0.32
0.33,0.88
0.82,0.63
0.53,0.55
0.48,0.56
0.9,0.94
0.95,0.42
0.35,0.41
0.25,0.83
0.53,0.22
0.61,0.64
0.19,0.1
0.48,0.83
0.51,0.14
0.33,0.68
0.48,0.77
0.22,0.21
0.8,0.74
0.05,0.99
0.56,0.33
0.2,0.45
0.01,0.94
0.17,0.62
0.8,0.47

Distanze
"0,1 : 0.5901"
"1,0 : 0.5901"
"0,2 : 0.2884"
"2,0 : 0.2884"
"0,3 : 0.6031"
"3,0 : 0.6031"
"0,4 : 0.5515"
"4,0 : 0.5515"
"0,5 : 0.3225"
"5,0 : 0.3225"
"0,6 : 0.3766"
"6,0 : 0.3766"
"0,7 : 0.5994"
"7,0 : 0.5994"
"0,8 : 0.378"
"8,0 : 0.378"
"0,9 : 0.114"
"9,0 : 0.114"
"0,10 : 0.1118"
"10,0 : 0.1118"
"0,11 : 0.6129"
"11,0 : 0.6129"
"0,12 : 0.2002"
"12,0 : 0.2002"
"0,13 : 0.39"
"13,0 : 0.39"
"0,14 : 0.21"
"14,0 : 0.21"
"0,15 : 0.5122"
"15,0 : 0.5122"
"0,16 : 0.6381"
"16,0 : 0.6381"
"0,17 : 0.136"
"17,0 : 0.136"
"0,18 : 0.2452"
"18,0 : 0.2452"
"0,19 : 0.2617"
"19,0 : 0.2617"
"0,20 : 0.2285"
"20,0 : 0.2285"
"0,21 : 0.3471"
"21,0 : 0.3471"
"0,22 : 0.2236"
"22,0 : 0.2236"
"0,23 : 0.4215"
"23,0 : 0.4215"
"0,24 : 0.5604"
"24,0 : 0.5604"
"0,25 : 0.7452"
"25,0 : 0.7452"
"0,26 : 0.4"
"26,0 : 0.4"
"0,27 : 0.2408"
"27,0 : 0.2408"
"0,28 : 0.4701"
"28,0 : 0.4701"
"0,29 : 0.2012"
"29,0 : 0.2012"
"0,30 : 0.1526"
"30,0 : 0.1526"
"0,31 : 0.6265"
"31,0 : 0.6265"
"0,32 : 0.6391"
"32,0 : 0.6391"
"0,33 : 0.23"
"33,0 : 0.23"
"0,34 : 0.2147"
"34,0 : 0.2147"
"0,35 : 0.4569"
"35,0 : 0.4569"
"0,36 : 0.26"
"36,0 : 0.26"
"0,37 : 0.5632"
"37,0 : 0.5632"
"0,38 : 0.2302"
"38,0 : 0.2302"
"0,39 : 0.525"
"39,0 : 0.525"
"0,40 : 0.0447"
"40,0 : 0.0447"
"0,41 : 0.1838"
"41,0 : 0.1838"
"0,42 : 0.4492"
"42,0 : 0.4492"
"0,43 : 0.461"
"43,0 : 0.461"
"0,44 : 0.461"
"44,0 : 0.461"
"0,45 : 0.3744"
"45,0 : 0.3744"
"0,46 : 0.2421"
"46,0 : 0.2421"
"0,47 : 0.4534"
"47,0 : 0.4534"
"0,48 : 0.1811"
"48,0 : 0.1811"
"0,49 : 0.481"
"49,0 : 0.481"
"1,2 : 0.7845"
"2,1 : 0.7845"
"1,3 : 0.4924"
"3,1 : 0.4924"
"1,4 : 0.05"
"4,1 : 0.05"
"1,5 : 0.5187"
"5,1 : 0.5187"
"1,6 : 0.2341"
"6,1 : 0.2341"
"1,7 : 0.6054"
"7,1 : 0.6054"
"1,8 : 0.4623"
"8,1 : 0.4623"
"1,9 : 0.4804"
"9,1 : 0.4804"
"1,10 : 0.4937"
"10,1 : 0.4937"
"1,11 : 1.0273"
"11,1 : 1.0273"
"1,12 : 0.79"
"12,1 : 0.79"
"1,13 : 0.2002"
"13,1 : 0.2002"
"1,14 : 0.6297"
"14,1 : 0.6297"
"1,15 : 0.3636"
"15,1 : 0.3636"
"1,16 : 1.0704"
"16,1 : 1.0704"
"1,17 : 0.7217"
"17,1 : 0.7217"
"1,18 : 0.831"
"18,1 : 0.831"
"1,19 : 0.7908"
"19,1 : 0.7908"
"1,20 : 0.8062"
"20,1 : 0.8062"
"1,21 : 0.408"
"21,1 : 0.408"
"1,22 : 0.3734"
"22,1 : 0.3734"
"1,23 : 0.8408"
"23,1 : 0.8408"
"1,24 : 0.9102"
"24,1 : 0.9102"
"1,25 : 0.5707"
"25,1 : 0.5707"
"1,26 : 0.3547"
"26,1 : 0.3547"
"1,27 : 0.8305"
"27,1 : 0.8305"
"1,28 : 0.7403"
"28,1 : 0.7403"
"1,29 : 0.5281"
"29,1 : 0.5281"
"1,30 : 0.5239"
"30,1 : 0.5239"
"1,31 : 1.041"
"31,1 : 1.041"
"1,32 : 0.6964"
"32,1 : 0.6964"
"1,33 : 0.3601"
"33,1 : 0.3601"
"1,34 : 0.7877"
"34,1 : 0.7877"
"1,35 : 0.2404"
"35,1 : 0.2404"
"1,36 : 0.6408"
"36,1 : 0.6408"
"1,37 : 0.1772"
"37,1 : 0.1772"
"1,38 : 0.7892"
"38,1 : 0.7892"
"1,39 : 0.1749"
"39,1 : 0.1749"
"1,40 : 0.6307"
"40,1 : 0.6307"
"1,41 : 0.7299"
"41,1 : 0.7299"
"1,42 : 0.2126"
"42,1 : 0.2126"
"1,43 : 0.8184"
"43,1 : 0.8184"
"1,44 : 0.9898"
"44,1 : 0.9898"
"1,45 : 0.3441"
"45,1 : 0.3441"
"1,46 : 0.4308"
"46,1 : 0.4308"
"1,47 : 0.9563"
"47,1 : 0.9563"
"1,48 : 0.6008"
"48,1 : 0.6008"
"1,49 : 0.6083"
"49,1 : 0.6083"
"2,3 : 0.5924"
"3,2 : 0.5924"
"2,4 : 0.7376"
"4,2 : 0.7376"
"2,5 : 0.6106"
"5,2 : 0.6106"
"2,6 : 0.614"
"6,2 : 0.614"
"2,7 : 0.527"
"7,2 : 0.527"
"2,8 : 0.3946"
"8,2 : 0.3946"
"2,9 : 0.3421"
"9,2 : 0.3421"
"2,10 : 0.3895"
"10,2 : 0.3895"
"2,11 : 0.327"
"11,2 : 0.327"
"2,12 : 0.2335"
"12,2 : 0.2335"
"2,13 : 0.6001"
"13,2 : 0.6001"
"2,14 : 0.4776"
"14,2 : 0.4776"
"2,15 : 0.5657"
"15,2 : 0.5657"
"2,16 : 0.3499"
"16,2 : 0.3499"
"2,17 : 0.2816"
"17,2 : 0.2816"
"2,18 : 0.2062"
"18,2 : 0.2062"
"2,19 : 0.0539"
"19,2 : 0.0539"
"2,20 : 0.3338"
"20,2 : 0.3338"
"2,21 : 0.6303"
"21,2 : 0.6303"
"2,22 : 0.472"
"22,2 : 0.472"
"2,23 : 0.15"
"23,2 : 0.15"
"2,24 : 0.3002"
"24,2 : 0.3002"
"2,25 : 0.7201"
"25,2 : 0.7201"
"2,26 : 0.48"
"26,2 : 0.48"
"2,27 : 0.272"
"27,2 : 0.272"
"2,28 : 0.286"
"28,2 : 0.286"
"2,29 : 0.2571"
"29,2 : 0.2571"
"2,30 : 0.264"
"30,2 : 0.264"
"2,31 : 0.3401"
"31,2 : 0.3401"
"2,32 : 0.5235"
"32,2 : 0.5235"
"2,33 : 0.4579"
"33,2 : 0.4579"
"2,34 : 0.3413"
"34,2 : 0.3413"
"2,35 : 0.5831"
"35,2 : 0.5831"
"2,36 : 0.1612"
"36,2 : 0.1612"
"2,37 : 0.8062"
"37,2 : 0.8062"
"2,38 : 0.114"
"38,2 : 0.114"
"2,39 : 0.6648"
"39,2 : 0.6648"
"2,40 : 0.2864"
"40,2 : 0.2864"
"2,41 : 0.114"
"41,2 : 0.114"
"2,42 : 0.6964"
"42,2 : 0.6964"
"2,43 : 0.2184"
"43,2 : 0.2184"
"2,44 : 0.5725"
"44,2 : 0.5725"
"2,45 : 0.471"
"45,2 : 0.471"
"2,46 : 0.524"
"46,2 : 0.524"
"2,47 : 0.5967"
"47,2 : 0.5967"
"2,48 : 0.4569"
"48,2 : 0.4569"
"2,49 : 0.3912"
"49,2 : 0.3912"
"3,4 : 0.4494"
"4,3 : 0.4494"
"3,5 : 0.7749"
"5,3 : 0.7749"
"3,6 : 0.5304"
"6,3 : 0.5304"
"3,7 : 0.1304"
"7,3 : 0.1304"
"3,8 : 0.2263"
"8,3 : 0.2263"
"3,9 : 0.5131"
"9,3 : 0.5131"
"3,10 : 0.5867"
"10,3 : 0.5867"
"3,11 : 0.6847"
"11,3 : 0.6847"
"3,12 : 0.742"
"12,3 : 0.742"
"3,13 : 0.46"
"13,3 : 0.46"
"3,14 : 0.7752"
"14,3 : 0.7752"
"3,15 : 0.1404"
"15,3 : 0.1404"
"3,16 : 0.7344"
"16,3 : 0.7344"
"3,17 : 0.7214"
"17,3 : 0.7214"
"3,18 : 0.7517"
"18,3 : 0.7517"
"3,19 : 0.6307"
"19,3 : 0.6307"
"3,20 : 0.8139"
"20,3 : 0.8139"
"3,21 : 0.7021"
"21,3 : 0.7021"
"3,22 : 0.5281"
"22,3 : 0.5281"
"3,23 : 0.5544"
"23,3 : 0.5544"
"3,24 : 0.5459"
"24,3 : 0.5459"
"3,25 : 0.1421"
"25,3 : 0.1421"
"3,26 : 0.2309"
"26,3 : 0.2309"
"3,27 : 0.792"
"27,3 : 0.792"
"3,28 : 0.3801"
"28,3 : 0.3801"
"3,29 : 0.4104"
"29,3 : 0.4104"
"3,30 : 0.4528"
"30,3 : 0.4528"
"3,31 : 0.6958"
"31,3 : 0.6958"
"3,32 : 0.2202"
"32,3 : 0.2202"
"3,33 : 0.487"
"33,3 : 0.487"
"3,34 : 0.8062"
"34,3 : 0.8062"
"3,35 : 0.2816"
"35,3 : 0.2816"
"3,36 : 0.4383"
"36,3 : 0.4383"
"3,37 : 0.6379"
"37,3 : 0.6379"
"3,38 : 0.6673"
"38,3 : 0.6673"
"3,39 : 0.3195"
"39,3 : 0.3195"
"3,40 : 0.6444"
"40,3 : 0.6444"
"3,41 : 0.6159"
"41,3 : 0.6159"
"3,42 : 0.5914"
"42,3 : 0.5914"
"3,43 : 0.4901"
"43,3 : 0.4901"
"3,44 : 1.0608"
"44,3 : 1.0608"
"3,45 : 0.2625"
"45,3 : 0.2625"
"3,46 : 0.642"
"46,3 : 0.642"
"3,47 : 1.0565"
"47,3 : 1.0565"
"3,48 : 0.7393"
"48,3 : 0.7393"
"3,49 : 0.2202"
"49,3 : 0.2202"
"4,5 : 0.5045"
"5,4 : 0.5045"
"4,6 : 0.211"
"6,4 : 0.211"
"4,7 : 0.5595"
"7,4 : 0.5595"
"4,8 : 0.4123"
"8,4 : 0.4123"
"4,9 : 0.4401"
"9,4 : 0.4401"
"4,10 : 0.4589"
"10,4 : 0.4589"
"4,11 : 0.9775"
"11,4 : 0.9775"
"4,12 : 0.7506"
"12,4 : 0.7506"
"4,13 : 0.1649"
"13,4 : 0.1649"
"4,14 : 0.6042"
"14,4 : 0.6042"
"4,15 : 0.3176"
"15,4 : 0.3176"
"4,16 : 1.0208"
"16,4 : 1.0208"
"4,17 : 0.6847"
"17,4 : 0.6847"
"4,18 : 0.7901"
"18,4 : 0.7901"
"4,19 : 0.7453"
"19,4 : 0.7453"
"4,20 : 0.771"
"20,4 : 0.771"
"4,21 : 0.3962"
"21,4 : 0.3962"
"4,22 : 0.3396"
"22,4 : 0.3396"
"4,23 : 0.7916"
"23,4 : 0.7916"
"4,24 : 0.8602"
"24,4 : 0.8602"
"4,25 : 0.5346"
"25,4 : 0.5346"
"4,26 : 0.3048"
"26,4 : 0.3048"
"4,27 : 0.7923"
"27,4 : 0.7923"
"4,28 : 0.6903"
"28,4 : 0.6903"
"4,29 : 0.4808"
"29,4 : 0.4808"
"4,30 : 0.4785"
"30,4 : 0.4785"
"4,31 : 0.9913"
"31,4 : 0.9913"
"4,32 : 0.65"
"32,4 : 0.65"
"4,33 : 0.3225"
"33,4 : 0.3225"
"4,34 : 0.7531"
"34,4 : 0.7531"
"4,35 : 0.191"
"35,4 : 0.191"
"4,36 : 0.5924"
"36,4 : 0.5924"
"4,37 : 0.2002"
"37,4 : 0.2002"
"4,38 : 0.7455"
"38,4 : 0.7455"
"4,39 : 0.13"
"39,4 : 0.13"
"4,40 : 0.593"
"40,4 : 0.593"
"4,41 : 0.6859"
"41,4 : 0.6859"
"4,42 : 0.2081"
"42,4 : 0.2081"
"4,43 : 0.7685"
"43,4 : 0.7685"
"4,44 : 0.9621"
"44,4 : 0.9621"
"4,45 : 0.2941"
"45,4 : 0.2941"
"4,46 : 0.4071"
"46,4 : 0.4071"
"4,47 : 0.9311"
"47,4 : 0.9311"
"4,48 : 0.5738"
"48,4 : 0.5738"
"4,49 : 0.559"
"49,4 : 0.559"
"5,6 : 0.297"
"6,5 : 0.297"
"5,7 : 0.8188"
"7,5 : 0.8188"
"5,8 : 0.5842"
"8,5 : 0.5842"
"5,9 : 0.314"
"9,5 : 0.314"
"5,10 : 0.2377"
"10,5 : 0.2377"
"5,11 : 0.9354"
"11,5 : 0.9354"
"5,12 : 0.4623"
"12,5 : 0.4623"
"5,13 : 0.3624"
"13,5 : 0.3624"
"5,14 : 0.1746"
"14,5 : 0.1746"
"5,15 : 0.6462"
"15,5 : 0.6462"
"5,16 : 0.9604"
"16,5 : 0.9604"
"5,17 : 0.3764"
"17,5 : 0.3764"
"5,18 : 0.5186"
"18,5 : 0.5186"
"5,19 : 0.5801"
"19,5 : 0.5801"
"5,20 : 0.4159"
"20,5 : 0.4159"
"5,21 : 0.1118"
"21,5 : 0.1118"
"5,22 : 0.2474"
"22,5 : 0.2474"
"5,23 : 0.7425"
"23,5 : 0.7425"
"5,24 : 0.8766"
"24,5 : 0.8766"
"5,25 : 0.9082"
"25,5 : 0.9082"
"5,26 : 0.5441"
"26,5 : 0.5441"
"5,27 : 0.4771"
"27,5 : 0.4771"
"5,28 : 0.7649"
"28,5 : 0.7649"
"5,29 : 0.4653"
"29,5 : 0.4653"
"5,30 : 0.4177"
"30,5 : 0.4177"
"5,31 : 0.9489"
"31,5 : 0.9489"
"5,32 : 0.882"
"32,5 : 0.882"
"5,33 : 0.2886"
"33,5 : 0.2886"
"5,34 : 0.3936"
"34,5 : 0.3936"
"5,35 : 0.5284"
"35,5 : 0.5284"
"5,36 : 0.5632"
"36,5 : 0.5632"
"5,37 : 0.3985"
"37,5 : 0.3985"
"5,38 : 0.5391"
"38,5 : 0.5391"
"5,39 : 0.5561"
"39,5 : 0.5561"
"5,40 : 0.328"
"40,5 : 0.328"
"5,41 : 0.5022"
"41,5 : 0.5022"
"5,42 : 0.3089"
"42,5 : 0.3089"
"5,43 : 0.7749"
"43,5 : 0.7749"
"5,44 : 0.5104"
"44,5 : 0.5104"
"5,45 : 0.5124"
"45,5 : 0.5124"
"5,46 : 0.1334"
"46,5 : 0.1334"
"5,47 : 0.4639"
"47,5 : 0.4639"
"5,48 : 0.172"
"48,5 : 0.172"
"5,49 : 0.7301"
"49,5 : 0.7301"
"6,7 : 0.6067"
"7,6 : 0.6067"
"6,8 : 0.3956"
"8,6 : 0.3956"
"6,9 : 0.2786"
"9,6 : 0.2786"
"6,10 : 0.2707"
"10,6 : 0.2707"
"6,11 : 0.8987"
"11,6 : 0.8987"
"6,12 : 0.5756"
"12,6 : 0.5756"
"6,13 : 0.0728"
"13,6 : 0.0728"
"6,14 : 0.3956"
"14,6 : 0.3956"
"6,15 : 0.3912"
"15,6 : 0.3912"
"6,16 : 0.9361"
"16,6 : 0.9361"
"6,17 : 0.5009"
"17,6 : 0.5009"
"6,18 : 0.6217"
"18,6 : 0.6217"
"6,19 : 0.6084"
"19,6 : 0.6084"
"6,20 : 0.5803"
"20,6 : 0.5803"
"6,21 : 0.1942"
"21,6 : 0.1942"
"6,22 : 0.153"
"22,6 : 0.153"
"6,23 : 0.7018"
"23,6 : 0.7018"
"6,24 : 0.8016"
"24,6 : 0.8016"
"6,25 : 0.6494"
"25,6 : 0.6494"
"6,26 : 0.314"
"26,6 : 0.314"
"6,27 : 0.612"
"27,6 : 0.612"
"6,28 : 0.649"
"28,6 : 0.649"
"6,29 : 0.3754"
"29,6 : 0.3754"
"6,30 : 0.3523"
"30,6 : 0.3523"
"6,31 : 0.9129"
"31,6 : 0.9129"
"6,32 : 0.6866"
"32,6 : 0.6866"
"6,33 : 0.1565"
"33,6 : 0.1565"
"6,34 : 0.5608"
"34,6 : 0.5608"
"6,35 : 0.255"
"35,6 : 0.255"
"6,36 : 0.4958"
"36,6 : 0.4958"
"6,37 : 0.1924"
"37,6 : 0.1924"
"6,38 : 0.5946"
"38,6 : 0.5946"
"6,39 : 0.2642"
"39,6 : 0.2642"
"6,40 : 0.413"
"40,6 : 0.413"
"6,41 : 0.5385"
"41,6 : 0.5385"
"6,42 : 0.0849"
"42,6 : 0.0849"
"6,43 : 0.7009"
"43,6 : 0.7009"
"6,44 : 0.7558"
"44,6 : 0.7558"
"6,45 : 0.2864"
"45,6 : 0.2864"
"6,46 : 0.197"
"46,6 : 0.197"
"6,47 : 0.7224"
"47,6 : 0.7224"
"6,48 : 0.3669"
"48,6 : 0.3669"
"6,49 : 0.5571"
"49,6 : 0.5571"
"7,8 : 0.2354"
"8,7 : 0.2354"
"7,9 : 0.5281"
"9,7 : 0.5281"
"7,10 : 0.6073"
"10,7 : 0.6073"
"7,11 : 0.5701"
"11,7 : 0.5701"
"7,12 : 0.7077"
"12,7 : 0.7077"
"7,13 : 0.5413"
"13,7 : 0.5413"
"7,14 : 0.7912"
"14,7 : 0.7912"
"7,15 : 0.2419"
"15,7 : 0.2419"
"7,16 : 0.6201"
"16,7 : 0.6201"
"7,17 : 0.7021"
"17,7 : 0.7021"
"7,18 : 0.7077"
"18,7 : 0.7077"
"7,19 : 0.572"
"19,7 : 0.572"
"7,20 : 0.7903"
"20,7 : 0.7903"
"7,21 : 0.7603"
"21,7 : 0.7603"
"7,22 : 0.5731"
"22,7 : 0.5731"
"7,23 : 0.4617"
"23,7 : 0.4617"
"7,24 : 0.4301"
"24,7 : 0.4301"
"7,25 : 0.204"
"25,7 : 0.204"
"7,26 : 0.2927"
"26,7 : 0.2927"
"7,27 : 0.7569"
"27,7 : 0.7569"
"7,28 : 0.2766"
"28,7 : 0.2766"
"7,29 : 0.3982"
"29,7 : 0.3982"
"7,30 : 0.4472"
"30,7 : 0.4472"
"7,31 : 0.5803"
"31,7 : 0.5803"
"7,32 : 0.0922"
"32,7 : 0.0922"
"7,33 : 0.5324"
"33,7 : 0.5324"
"7,34 : 0.786"
"34,7 : 0.786"
"7,35 : 0.377"
"35,7 : 0.377"
"7,36 : 0.389"
"36,7 : 0.389"
"7,37 : 0.7374"
"37,7 : 0.7374"
"7,38 : 0.6172"
"38,7 : 0.6172"
"7,39 : 0.4305"
"39,7 : 0.4305"
"7,40 : 0.6363"
"40,7 : 0.6363"
"7,41 : 0.5728"
"41,7 : 0.5728"
"7,42 : 0.6768"
"42,7 : 0.6768"
"7,43 : 0.3883"
"43,7 : 0.3883"
"7,44 : 1.042"
"44,7 : 1.042"
"7,45 : 0.3214"
"45,7 : 0.3214"
"7,46 : 0.6859"
"46,7 : 0.6859"
"7,47 : 1.0456"
"47,7 : 1.0456"
"7,48 : 0.7561"
"48,7 : 0.7561"
"7,49 : 0.136"
"49,7 : 0.136"
"8,9 : 0.2955"
"9,8 : 0.2955"
"8,10 : 0.3734"
"10,8 : 0.3734"
"8,11 : 0.5727"
"11,8 : 0.5727"
"8,12 : 0.5187"
"12,8 : 0.5187"
"8,13 : 0.34"
"13,8 : 0.34"
"8,14 : 0.5595"
"14,8 : 0.5595"
"8,15 : 0.1712"
"15,8 : 0.1712"
"8,16 : 0.6185"
"16,8 : 0.6185"
"8,17 : 0.4952"
"17,8 : 0.4952"
"8,18 : 0.5324"
"18,8 : 0.5324"
"8,19 : 0.4245"
"19,8 : 0.4245"
"8,20 : 0.588"
"20,8 : 0.588"
"8,21 : 0.5308"
"21,8 : 0.5308"
"8,22 : 0.3401"
"22,8 : 0.3401"
"8,23 : 0.4002"
"23,8 : 0.4002"
"8,24 : 0.4494"
"24,8 : 0.4494"
"8,25 : 0.368"
"25,8 : 0.368"
"8,26 : 0.1082"
"26,8 : 0.1082"
"8,27 : 0.5686"
"27,8 : 0.5686"
"8,28 : 0.278"
"28,8 : 0.278"
"8,29 : 0.1844"
"29,8 : 0.1844"
"8,30 : 0.2267"
"30,8 : 0.2267"
"8,31 : 0.586"
"31,8 : 0.586"
"8,32 : 0.3002"
"32,8 : 0.3002"
"8,33 : 0.3"
"33,8 : 0.3"
"8,34 : 0.58"
"34,8 : 0.58"
"8,35 : 0.2247"
"35,8 : 0.2247"
"8,36 : 0.2335"
"36,8 : 0.2335"
"8,37 : 0.5547"
"37,8 : 0.5547"
"8,38 : 0.4531"
"38,8 : 0.4531"
"8,39 : 0.3041"
"39,8 : 0.3041"
"8,40 : 0.4187"
"40,8 : 0.4187"
"8,41 : 0.3981"
"41,8 : 0.3981"
"8,42 : 0.4742"
"42,8 : 0.4742"
"8,43 : 0.3625"
"43,8 : 0.3625"
"8,44 : 0.8345"
"44,8 : 0.8345"
"8,45 : 0.1204"
"45,8 : 0.1204"
"8,46 : 0.4518"
"46,8 : 0.4518"
"8,47 : 0.831"
"47,8 : 0.831"
"8,48 : 0.5239"
"48,8 : 0.5239"
"8,49 : 0.1616"
"49,8 : 0.1616"
"9,10 : 0.0806"
"10,9 : 0.0806"
"9,11 : 0.6482"
"11,9 : 0.6482"
"9,12 : 0.3106"
"12,9 : 0.3106"
"9,13 : 0.2816"
"13,9 : 0.2816"
"9,14 : 0.264"
"14,9 : 0.264"
"9,15 : 0.4101"
"15,9 : 0.4101"
"9,16 : 0.6801"
"16,9 : 0.6801"
"9,17 : 0.25"
"17,9 : 0.25"
"9,18 : 0.3506"
"18,9 : 0.3506"
"9,19 : 0.3312"
"19,9 : 0.3312"
"9,20 : 0.3418"
"20,9 : 0.3418"
"9,21 : 0.3002"
"21,9 : 0.3002"
"9,22 : 0.1304"
"22,9 : 0.1304"
"9,23 : 0.45"
"23,9 : 0.45"
"9,24 : 0.5725"
"24,9 : 0.5725"
"9,25 : 0.6546"
"25,9 : 0.6546"
"9,26 : 0.297"
"26,9 : 0.297"
"9,27 : 0.3536"
"27,9 : 0.3536"
"9,28 : 0.4512"
"28,9 : 0.4512"
"9,29 : 0.1513"
"29,9 : 0.1513"
"9,30 : 0.1044"
"30,9 : 0.1044"
"9,31 : 0.6622"
"31,9 : 0.6622"
"9,32 : 0.5805"
"32,9 : 0.5805"
"9,33 : 0.1237"
"33,9 : 0.1237"
"9,34 : 0.327"
"34,9 : 0.327"
"9,35 : 0.3444"
"35,9 : 0.3444"
"9,36 : 0.255"
"36,9 : 0.255"
"9,37 : 0.4701"
"37,9 : 0.4701"
"9,38 : 0.3162"
"38,9 : 0.3162"
"9,39 : 0.4111"
"39,9 : 0.4111"
"9,40 : 0.1581"
"40,9 : 0.1581"
"9,41 : 0.26"
"41,9 : 0.26"
"9,42 : 0.3578"
"42,9 : 0.3578"
"9,43 : 0.4696"
"43,9 : 0.4696"
"9,44 : 0.5661"
"44,9 : 0.5661"
"9,45 : 0.2691"
"45,9 : 0.2691"
"9,46 : 0.197"
"46,9 : 0.197"
"9,47 : 0.5523"
"47,9 : 0.5523"
"9,48 : 0.2285"
"48,9 : 0.2285"
"9,49 : 0.4243"
"49,9 : 0.4243"
"10,11 : 0.7072"
"11,10 : 0.7072"
"10,12 : 0.3059"
"12,10 : 0.3059"
"10,13 : 0.2943"
"13,10 : 0.2943"
"10,14 : 0.1887"
"14,10 : 0.1887"
"10,15 : 0.4763"
"15,10 : 0.4763"
"10,16 : 0.736"
"16,10 : 0.736"
"10,17 : 0.2302"
"17,10 : 0.2302"
"10,18 : 0.3544"
"18,10 : 0.3544"
"10,19 : 0.3688"
"19,10 : 0.3688"
"10,20 : 0.3126"
"20,10 : 0.3126"
"10,21 : 0.2408"
"21,10 : 0.2408"
"10,22 : 0.1204"
"22,10 : 0.1204"
"10,23 : 0.5111"
"23,10 : 0.5111"
"10,24 : 0.6408"
"24,10 : 0.6408"
"10,25 : 0.7272"
"25,10 : 0.7272"
"10,26 : 0.364"
"26,10 : 0.364"
"10,27 : 0.3413"
"27,10 : 0.3413"
"10,28 : 0.5277"
"28,10 : 0.5277"
"10,29 : 0.2302"
"29,10 : 0.2302"
"10,30 : 0.1811"
"30,10 : 0.1811"
"10,31 : 0.7211"
"31,10 : 0.7211"
"10,32 : 0.661"
"32,10 : 0.661"
"10,33 : 0.1393"
"33,10 : 0.1393"
"10,34 : 0.2943"
"34,10 : 0.2943"
"10,35 : 0.3941"
"35,10 : 0.3941"
"10,36 : 0.3257"
"36,10 : 0.3257"
"10,37 : 0.4535"
"37,10 : 0.4535"
"10,38 : 0.3413"
"38,10 : 0.3413"
"10,39 : 0.4518"
"39,10 : 0.4518"
"10,40 : 0.1432"
"40,10 : 0.1432"
"10,41 : 0.2921"
"41,10 : 0.2921"
"10,42 : 0.3396"
"42,10 : 0.3396"
"10,43 : 0.5385"
"43,10 : 0.5385"
"10,44 : 0.5148"
"44,10 : 0.5148"
"10,45 : 0.3342"
"45,10 : 0.3342"
"10,46 : 0.1345"
"46,10 : 0.1345"
"10,47 : 0.4941"
"47,10 : 0.4941"
"10,48 : 0.1526"
"48,10 : 0.1526"
"10,49 : 0.5049"
"49,10 : 0.5049"
"11,12 : 0.5376"
"12,11 : 0.5376"
"11,13 : 0.8683"
"13,11 : 0.8683"
"11,14 : 0.8041"
"14,11 : 0.8041"
"11,15 : 0.7242"
"15,11 : 0.7242"
"11,16 : 0.05"
"16,11 : 0.05"
"11,17 : 0.6017"
"17,11 : 0.6017"
"11,18 : 0.4925"
"18,11 : 0.4925"
"11,19 : 0.3669"
"19,11 : 0.3669"
"11,20 : 0.6351"
"20,11 : 0.6351"
"11,21 : 0.9463"
"21,11 : 0.9463"
"11,22 : 0.7723"
"22,11 : 0.7723"
"11,23 : 0.1985"
"23,11 : 0.1985"
"11,24 : 0.14"
"24,11 : 0.14"
"11,25 : 0.7706"
"25,11 : 0.7706"
"11,26 : 0.6798"
"26,11 : 0.6798"
"11,27 : 0.5622"
"27,11 : 0.5622"
"11,28 : 0.3081"
"28,11 : 0.3081"
"11,29 : 0.5235"
"29,11 : 0.5235"
"11,30 : 0.5523"
"30,11 : 0.5523"
"11,31 : 0.0141"
"31,11 : 0.0141"
"11,32 : 0.5135"
"32,11 : 0.5135"
"11,33 : 0.7497"
"33,11 : 0.7497"
"11,34 : 0.6478"
"34,11 : 0.6478"
"11,35 : 0.7961"
"35,11 : 0.7961"
"11,36 : 0.4031"
"36,11 : 0.4031"
"11,37 : 1.0858"
"37,11 : 1.0858"
"11,38 : 0.422"
"38,11 : 0.422"
"11,39 : 0.8766"
"39,11 : 0.8766"
"11,40 : 0.6133"
"40,11 : 0.6133"
"11,41 : 0.4401"
"41,11 : 0.4401"
"11,42 : 0.9835"
"42,11 : 0.9835"
"11,43 : 0.2102"
"43,11 : 0.2102"
"11,44 : 0.8421"
"44,11 : 0.8421"
"11,45 : 0.6848"
"45,11 : 0.6848"
"11,46 : 0.8405"
"46,11 : 0.8405"
"11,47 : 0.8801"
"47,11 : 0.8801"
"11,48 : 0.7839"
"48,11 : 0.7839"
"11,49 : 0.4687"
"49,11 : 0.4687"
"12,13 : 0.5901"
"13,12 : 0.5901"
"12,14 : 0.2973"
"14,12 : 0.2973"
"12,15 : 0.6754"
"15,12 : 0.6754"
"12,16 : 0.5482"
"16,12 : 0.5482"
"12,17 : 0.086"
"17,12 : 0.086"
"12,18 : 0.0566"
"18,12 : 0.0566"
"12,19 : 0.1811"
"19,12 : 0.1811"
"12,20 : 0.1005"
"20,12 : 0.1005"
"12,21 : 0.5188"
"21,12 : 0.5188"
"12,22 : 0.423"
"22,12 : 0.423"
"12,23 : 0.3821"
"23,12 : 0.3821"
"12,24 : 0.5324"
"24,12 : 0.5324"
"12,25 : 0.8809"
"25,12 : 0.8809"
"12,26 : 0.5686"
"26,12 : 0.5686"
"12,27 : 0.05"
"27,12 : 0.05"
"12,28 : 0.5057"
"28,12 : 0.5057"
"12,29 : 0.3362"
"29,12 : 0.3362"
"12,30 : 0.3046"
"30,12 : 0.3046"
"12,31 : 0.5492"
"31,12 : 0.5492"
"12,32 : 0.7242"
"32,12 : 0.7242"
"12,33 : 0.4301"
"33,12 : 0.4301"
"12,34 : 0.1105"
"34,12 : 0.1105"
"12,35 : 0.6429"
"35,12 : 0.6429"
"12,36 : 0.3202"
"36,12 : 0.3202"
"12,37 : 0.7593"
"37,12 : 0.7593"
"12,38 : 0.1204"
"38,12 : 0.1204"
"12,39 : 0.7159"
"39,12 : 0.7159"
"12,40 : 0.1628"
"40,12 : 0.1628"
"12,41 : 0.1389"
"41,12 : 0.1389"
"12,42 : 0.6454"
"42,12 : 0.6454"
"12,43 : 0.4512"
"43,12 : 0.4512"
"12,44 : 0.3444"
"44,12 : 0.3444"
"12,45 : 0.5478"
"45,12 : 0.5478"
"12,46 : 0.4215"
"46,12 : 0.4215"
"12,47 : 0.364"
"47,12 : 0.364"
"12,48 : 0.2907"
"48,12 : 0.2907"
"12,49 : 0.5749"
"49,12 : 0.5749"
"13,14 : 0.4429"
"14,13 : 0.4429"
"13,15 : 0.3202"
"15,13 : 0.3202"
"13,16 : 0.908"
"16,13 : 0.908"
"13,17 : 0.5215"
"17,13 : 0.5215"
"13,18 : 0.632"
"18,13 : 0.632"
"13,19 : 0.6008"
"19,13 : 0.6008"
"13,20 : 0.6067"
"20,13 : 0.6067"
"13,21 : 0.2642"
"21,13 : 0.2642"
"13,22 : 0.1746"
"22,13 : 0.1746"
"13,23 : 0.6742"
"23,13 : 0.6742"
"13,24 : 0.7637"
"24,13 : 0.7637"
"13,25 : 0.5771"
"25,13 : 0.5771"
"13,26 : 0.25"
"26,13 : 0.25"
"13,27 : 0.6303"
"27,13 : 0.6303"
"13,28 : 0.6044"
"28,13 : 0.6044"
"13,29 : 0.3499"
"29,13 : 0.3499"
"13,30 : 0.3362"
"30,13 : 0.3362"
"13,31 : 0.8824"
"31,13 : 0.8824"
"13,32 : 0.6236"
"32,13 : 0.6236"
"13,33 : 0.16"
"33,13 : 0.16"
"13,34 : 0.5886"
"34,13 : 0.5886"
"13,35 : 0.1825"
"35,13 : 0.1825"
"13,36 : 0.4687"
"36,13 : 0.4687"
"13,37 : 0.2193"
"37,13 : 0.2193"
"13,38 : 0.5944"
"38,13 : 0.5944"
"13,39 : 0.1942"
"39,13 : 0.1942"
"13,40 : 0.4305"
"40,13 : 0.4305"
"13,41 : 0.536"
"41,13 : 0.536"
"13,42 : 0.136"
"42,13 : 0.136"
"13,43 : 0.6653"
"43,13 : 0.6653"
"13,44 : 0.7985"
"44,13 : 0.7985"
"13,45 : 0.2247"
"45,13 : 0.2247"
"13,46 : 0.25"
"46,13 : 0.25"
"13,47 : 0.7692"
"47,13 : 0.7692"
"13,48 : 0.4115"
"48,13 : 0.4115"
"13,49 : 0.5009"
"49,13 : 0.5009"
"14,15 : 0.664"
"15,14 : 0.664"
"14,16 : 0.8235"
"16,14 : 0.8235"
"14,17 : 0.214"
"17,14 : 0.214"
"14,18 : 0.3538"
"18,14 : 0.3538"
"14,19 : 0.4386"
"19,14 : 0.4386"
"14,20 : 0.2419"
"20,14 : 0.2419"
"14,21 : 0.2608"
"21,14 : 0.2608"
"14,22 : 0.278"
"22,14 : 0.278"
"14,23 : 0.621"
"23,14 : 0.621"
"14,24 : 0.7649"
"24,14 : 0.7649"
"14,25 : 0.9159"
"25,14 : 0.9159"
"14,26 : 0.5522"
"26,14 : 0.5522"
"14,27 : 0.3061"
"27,14 : 0.3061"
"14,28 : 0.6801"
"28,14 : 0.6801"
"14,29 : 0.4002"
"29,14 : 0.4002"
"14,30 : 0.3493"
"30,14 : 0.3493"
"14,31 : 0.8171"
"31,14 : 0.8171"
"14,32 : 0.8393"
"32,14 : 0.8393"
"14,33 : 0.3114"
"33,14 : 0.3114"
"14,34 : 0.2195"
"34,14 : 0.2195"
"14,35 : 0.5731"
"35,14 : 0.5731"
"14,36 : 0.47"
"36,14 : 0.47"
"14,37 : 0.5423"
"37,14 : 0.5423"
"14,38 : 0.3895"
"38,14 : 0.3895"
"14,39 : 0.622"
"39,14 : 0.622"
"14,40 : 0.1942"
"40,14 : 0.1942"
"14,41 : 0.364"
"41,14 : 0.364"
"14,42 : 0.4374"
"42,14 : 0.4374"
"14,43 : 0.6675"
"43,14 : 0.6675"
"14,44 : 0.3614"
"44,14 : 0.3614"
"14,45 : 0.522"
"45,14 : 0.522"
"14,46 : 0.1992"
"46,14 : 0.1992"
"14,47 : 0.327"
"47,14 : 0.327"
"14,48 : 0.0361"
"48,14 : 0.0361"
"14,49 : 0.6815"
"49,14 : 0.6815"
"15,16 : 0.772"
"16,15 : 0.772"
"15,17 : 0.6407"
"17,15 : 0.6407"
"15,18 : 0.6946"
"18,15 : 0.6946"
"15,19 : 0.5944"
"19,15 : 0.5944"
"15,20 : 0.735"
"20,15 : 0.735"
"15,21 : 0.5675"
"21,15 : 0.5675"
"15,22 : 0.4025"
"22,15 : 0.4025"
"15,23 : 0.5644"
"23,15 : 0.5644"
"15,24 : 0.5924"
"24,15 : 0.5924"
"15,25 : 0.2625"
"25,15 : 0.2625"
"15,26 : 0.1131"
"26,15 : 0.1131"
"15,27 : 0.7247"
"27,15 : 0.7247"
"15,28 : 0.4179"
"28,15 : 0.4179"
"15,29 : 0.3401"
"29,15 : 0.3401"
"15,30 : 0.3722"
"30,15 : 0.3722"
"15,31 : 0.7368"
"31,15 : 0.7368"
"15,32 : 0.3329"
"32,15 : 0.3329"
"15,33 : 0.3624"
"33,15 : 0.3624"
"15,34 : 0.7242"
"34,15 : 0.7242"
"15,35 : 0.1414"
"35,15 : 0.1414"
"15,36 : 0.4045"
"36,15 : 0.4045"
"15,37 : 0.5"
"37,15 : 0.5"
"15,38 : 0.6198"
"38,15 : 0.6198"
"15,39 : 0.1887"
"39,15 : 0.1887"
"15,40 : 0.5561"
"40,15 : 0.5561"
"15,41 : 0.563"
"41,15 : 0.563"
"15,42 : 0.451"
"42,15 : 0.451"
"15,43 : 0.5166"
"43,15 : 0.5166"
"15,44 : 0.9731"
"44,15 : 0.9731"
"15,45 : 0.1421"
"45,15 : 0.1421"
"15,46 : 0.5148"
"46,15 : 0.5148"
"15,47 : 0.9621"
"47,15 : 0.9621"
"15,48 : 0.628"
"48,15 : 0.628"
"15,49 : 0.2642"
"49,15 : 0.2642"
"16,17 : 0.6168"
"17,16 : 0.6168"
"16,18 : 0.5001"
"18,16 : 0.5001"
"16,19 : 0.3848"
"19,16 : 0.3848"
"16,20 : 0.6433"
"20,16 : 0.6433"
"16,21 : 0.9762"
"21,16 : 0.9762"
"16,22 : 0.8062"
"22,16 : 0.8062"
"16,23 : 0.2343"
"23,16 : 0.2343"
"16,24 : 0.19"
"24,16 : 0.19"
"16,25 : 0.8205"
"25,16 : 0.8205"
"16,26 : 0.725"
"26,16 : 0.725"
"16,27 : 0.5689"
"27,16 : 0.5689"
"16,28 : 0.3569"
"28,16 : 0.3569"
"16,29 : 0.5608"
"29,16 : 0.5608"
"16,30 : 0.5869"
"30,16 : 0.5869"
"16,31 : 0.0412"
"31,16 : 0.0412"
"16,32 : 0.5632"
"32,16 : 0.5632"
"16,33 : 0.7852"
"33,16 : 0.7852"
"16,34 : 0.6573"
"34,16 : 0.6573"
"16,35 : 0.841"
"35,16 : 0.841"
"16,36 : 0.4405"
"36,16 : 0.4405"
"16,37 : 1.1245"
"37,16 : 1.1245"
"16,38 : 0.4366"
"38,16 : 0.4366"
"16,39 : 0.922"
"39,16 : 0.922"
"16,40 : 0.6353"
"40,16 : 0.6353"
"16,41 : 0.4607"
"41,16 : 0.4607"
"16,42 : 1.0207"
"42,16 : 1.0207"
"16,43 : 0.2563"
"43,16 : 0.2563"
"16,44 : 0.8401"
"44,16 : 0.8401"
"16,45 : 0.729"
"45,16 : 0.729"
"16,46 : 0.8701"
"46,16 : 0.8701"
"16,47 : 0.8809"
"47,16 : 0.8809"
"16,48 : 0.805"
"48,16 : 0.805"
"16,49 : 0.5179"
"49,16 : 0.5179"
"17,18 : 0.1421"
"18,17 : 0.1421"
"17,19 : 0.2354"
"19,17 : 0.2354"
"17,20 : 0.0943"
"20,17 : 0.0943"
"17,21 : 0.4338"
"21,17 : 0.4338"
"17,22 : 0.35"
"22,17 : 0.35"
"17,23 : 0.431"
"23,17 : 0.431"
"17,24 : 0.5803"
"24,17 : 0.5803"
"17,25 : 0.8627"
"25,17 : 0.8627"
"17,26 : 0.53"
"26,17 : 0.53"
"17,27 : 0.1118"
"27,17 : 0.1118"
"17,28 : 0.5289"
"28,17 : 0.5289"
"17,29 : 0.3111"
"29,17 : 0.3111"
"17,30 : 0.2702"
"30,17 : 0.2702"
"17,31 : 0.614"
"31,17 : 0.614"
"17,32 : 0.7295"
"32,17 : 0.7295"
"17,33 : 0.3622"
"33,17 : 0.3622"
"17,34 : 0.0849"
"34,17 : 0.0849"
"17,35 : 0.5924"
"35,17 : 0.5924"
"17,36 : 0.327"
"36,17 : 0.327"
"17,37 : 0.6807"
"37,17 : 0.6807"
"17,38 : 0.1803"
"38,17 : 0.1803"
"17,39 : 0.661"
"39,17 : 0.661"
"17,40 : 0.0922"
"40,17 : 0.0922"
"17,41 : 0.17"
"41,17 : 0.17"
"17,42 : 0.5672"
"42,17 : 0.5672"
"17,43 : 0.4909"
"43,17 : 0.4909"
"17,44 : 0.3406"
"44,17 : 0.3406"
"17,45 : 0.5061"
"45,17 : 0.5061"
"17,46 : 0.3384"
"46,17 : 0.3384"
"17,47 : 0.3448"
"47,17 : 0.3448"
"17,48 : 0.2052"
"48,17 : 0.2052"
"17,49 : 0.5745"
"49,17 : 0.5745"
"18,19 : 0.1523"
"19,18 : 0.1523"
"18,20 : 0.1432"
"20,18 : 0.1432"
"18,21 : 0.5731"
"21,18 : 0.5731"
"18,22 : 0.4687"
"22,18 : 0.4687"
"18,23 : 0.3493"
"23,18 : 0.3493"
"18,24 : 0.4982"
"24,18 : 0.4982"
"18,25 : 0.8881"
"25,18 : 0.8881"
"18,26 : 0.5914"
"26,18 : 0.5914"
"18,27 : 0.07"
"27,18 : 0.07"
"18,28 : 0.4888"
"28,18 : 0.4888"
"18,29 : 0.3547"
"29,18 : 0.3547"
"18,30 : 0.3298"
"30,18 : 0.3298"
"18,31 : 0.5036"
"31,18 : 0.5036"
"18,32 : 0.717"
"32,18 : 0.717"
"18,33 : 0.4727"
"33,18 : 0.4727"
"18,34 : 0.1581"
"34,18 : 0.1581"
"18,35 : 0.6727"
"35,18 : 0.6727"
"18,36 : 0.3189"
"36,18 : 0.3189"
"18,37 : 0.8078"
"37,18 : 0.8078"
"18,38 : 0.0943"
"38,18 : 0.0943"
"18,39 : 0.7481"
"39,18 : 0.7481"
"18,40 : 0.2119"
"40,18 : 0.2119"
"18,41 : 0.136"
"41,18 : 0.136"
"18,42 : 0.6938"
"42,18 : 0.6938"
"18,43 : 0.4238"
"43,18 : 0.4238"
"18,44 : 0.3669"
"44,18 : 0.3669"
"18,45 : 0.5728"
"45,18 : 0.5728"
"18,46 : 0.4742"
"46,18 : 0.4742"
"18,47 : 0.3946"
"47,18 : 0.3946"
"18,48 : 0.3471"
"48,18 : 0.3471"
"18,49 : 0.5728"
"49,18 : 0.5728"
"19,20 : 0.2816"
"20,19 : 0.2816"
"19,21 : 0.6083"
"21,19 : 0.6083"
"19,22 : 0.4614"
"22,19 : 0.4614"
"19,23 : 0.201"
"23,19 : 0.201"
"19,24 : 0.3513"
"24,19 : 0.3513"
"19,25 : 0.7616"
"25,19 : 0.7616"
"19,26 : 0.5025"
"26,19 : 0.5025"
"19,27 : 0.2184"
"27,19 : 0.2184"
"19,28 : 0.3384"
"28,19 : 0.3384"
"19,29 : 0.2702"
"29,19 : 0.2702"
"19,30 : 0.2668"
"30,19 : 0.2668"
"19,31 : 0.3795"
"31,19 : 0.3795"
"19,32 : 0.5728"
"32,19 : 0.5728"
"19,33 : 0.4519"
"33,19 : 0.4519"
"19,34 : 0.2902"
"34,19 : 0.2902"
"19,35 : 0.6001"
"35,19 : 0.6001"
"19,36 : 0.1931"
"36,19 : 0.1931"
"19,37 : 0.8006"
"37,19 : 0.8006"
"19,38 : 0.0608"
"38,19 : 0.0608"
"19,39 : 0.6807"
"39,19 : 0.6807"
"19,40 : 0.2524"
"40,19 : 0.2524"
"19,41 : 0.0781"
"41,19 : 0.0781"
"19,42 : 0.6888"
"42,19 : 0.6888"
"19,43 : 0.272"
"43,19 : 0.272"
"19,44 : 0.5187"
"44,19 : 0.5187"
"19,45 : 0.4904"
"45,19 : 0.4904"
"19,46 : 0.5025"
"46,19 : 0.5025"
"19,47 : 0.5434"
"47,19 : 0.5434"
"19,48 : 0.4206"
"48,19 : 0.4206"
"19,49 : 0.436"
"49,19 : 0.436"
"20,21 : 0.4904"
"21,20 : 0.4904"
"20,22 : 0.4329"
"22,20 : 0.4329"
"20,23 : 0.4826"
"23,20 : 0.4826"
"20,24 : 0.6329"
"24,20 : 0.6329"
"20,25 : 0.9548"
"25,20 : 0.9548"
"20,26 : 0.6243"
"26,20 : 0.6243"
"20,27 : 0.0762"
"27,20 : 0.0762"
"20,28 : 0.6017"
"28,20 : 0.6017"
"20,29 : 0.4036"
"29,20 : 0.4036"
"20,30 : 0.364"
"30,20 : 0.364"
"20,31 : 0.6463"
"31,20 : 0.6463"
"20,32 : 0.813"
"32,20 : 0.813"
"20,33 : 0.4491"
"33,20 : 0.4491"
"20,34 : 0.0224"
"34,20 : 0.0224"
"20,35 : 0.6854"
"35,20 : 0.6854"
"20,36 : 0.4082"
"36,20 : 0.4082"
"20,37 : 0.7533"
"37,20 : 0.7533"
"20,38 : 0.2209"
"38,20 : 0.2209"
"20,39 : 0.7527"
"39,20 : 0.7527"
"20,40 : 0.1838"
"40,20 : 0.1838"
"20,41 : 0.2341"
"41,20 : 0.2341"
"20,42 : 0.6412"
"42,20 : 0.6412"
"20,43 : 0.5511"
"43,20 : 0.5511"
"20,44 : 0.2524"
"44,20 : 0.2524"
"20,45 : 0.6003"
"45,20 : 0.6003"
"20,46 : 0.4045"
"46,20 : 0.4045"
"20,47 : 0.2657"
"47,20 : 0.2657"
"20,48 : 0.247"
"48,20 : 0.247"
"20,49 : 0.6603"
"49,20 : 0.6603"
"21,22 : 0.1942"
"22,21 : 0.1942"
"21,23 : 0.7489"
"23,21 : 0.7489"
"21,24 : 0.8724"
"24,21 : 0.8724"
"21,25 : 0.8297"
"25,21 : 0.8297"
"21,26 : 0.4738"
"26,21 : 0.4738"
"21,27 : 0.5423"
"27,21 : 0.5423"
"21,28 : 0.7433"
"28,21 : 0.7433"
"21,29 : 0.4438"
"29,21 : 0.4438"
"21,30 : 0.4025"
"30,21 : 0.4025"
"21,31 : 0.9602"
"31,21 : 0.9602"
"21,32 : 0.831"
"32,21 : 0.831"
"21,33 : 0.2319"
"33,21 : 0.2319"
"21,34 : 0.4684"
"34,21 : 0.4684"
"21,35 : 0.4401"
"35,21 : 0.4401"
"21,36 : 0.5547"
"36,21 : 0.5547"
"21,37 : 0.2886"
"37,21 : 0.2886"
"21,38 : 0.5763"
"38,21 : 0.5763"
"21,39 : 0.4579"
"39,21 : 0.4579"
"21,40 : 0.3662"
"40,21 : 0.3662"
"21,41 : 0.5308"
"41,21 : 0.5308"
"21,42 : 0.1972"
"42,21 : 0.1972"
"21,43 : 0.7694"
"43,21 : 0.7694"
"21,44 : 0.614"
"44,21 : 0.614"
"21,45 : 0.4428"
"45,21 : 0.4428"
"21,46 : 0.1063"
"46,21 : 0.1063"
"21,47 : 0.5707"
"47,21 : 0.5707"
"21,48 : 0.2452"
"48,21 : 0.2452"
"21,49 : 0.6859"
"49,21 : 0.6859"
"22,23 : 0.5738"
"23,22 : 0.5738"
"22,24 : 0.688"
"24,22 : 0.688"
"22,25 : 0.6631"
"25,22 : 0.6631"
"22,26 : 0.2973"
"26,22 : 0.2973"
"22,27 : 0.4604"
"27,22 : 0.4604"
"22,28 : 0.5515"
"28,22 : 0.5515"
"22,29 : 0.2555"
"29,22 : 0.2555"
"22,30 : 0.2202"
"30,22 : 0.2202"
"22,31 : 0.7864"
"31,22 : 0.7864"
"22,32 : 0.64"
"32,22 : 0.64"
"22,33 : 0.0412"
"33,22 : 0.0412"
"22,34 : 0.4144"
"34,22 : 0.4144"
"22,35 : 0.2973"
"35,22 : 0.2973"
"22,36 : 0.372"
"36,22 : 0.372"
"22,37 : 0.3418"
"37,22 : 0.3418"
"22,38 : 0.4438"
"38,22 : 0.4438"
"22,39 : 0.3441"
"39,22 : 0.3441"
"22,40 : 0.2608"
"40,22 : 0.2608"
"22,41 : 0.3891"
"41,22 : 0.3891"
"22,42 : 0.2285"
"42,22 : 0.2285"
"22,43 : 0.5852"
"43,22 : 0.5852"
"22,44 : 0.6265"
"44,22 : 0.6265"
"22,45 : 0.2657"
"45,22 : 0.2657"
"22,46 : 0.114"
"46,22 : 0.114"
"22,47 : 0.6003"
"47,22 : 0.6003"
"22,48 : 0.2441"
"48,22 : 0.2441"
"22,49 : 0.4925"
"49,22 : 0.4925"
"23,24 : 0.1503"
"24,23 : 0.1503"
"23,25 : 0.6648"
"25,23 : 0.6648"
"23,26 : 0.5029"
"26,23 : 0.5029"
"23,27 : 0.4177"
"27,23 : 0.4177"
"23,28 : 0.1879"
"28,23 : 0.1879"
"23,29 : 0.3265"
"29,23 : 0.3265"
"23,30 : 0.3538"
"30,23 : 0.3538"
"23,31 : 0.2126"
"31,23 : 0.2126"
"23,32 : 0.4342"
"32,23 : 0.4342"
"23,33 : 0.5515"
"33,23 : 0.5515"
"23,34 : 0.4909"
"34,23 : 0.4909"
"23,35 : 0.6168"
"35,23 : 0.6168"
"23,36 : 0.2062"
"36,23 : 0.2062"
"23,37 : 0.8902"
"37,23 : 0.8902"
"23,38 : 0.2617"
"38,23 : 0.2617"
"23,39 : 0.6989"
"39,23 : 0.6989"
"23,40 : 0.4272"
"40,23 : 0.4272"
"23,41 : 0.2617"
"41,23 : 0.2617"
"23,42 : 0.7864"
"42,23 : 0.7864"
"23,43 : 0.0849"
"43,23 : 0.0849"
"23,44 : 0.7157"
"44,23 : 0.7157"
"23,45 : 0.5033"
"45,23 : 0.5033"
"23,46 : 0.6435"
"46,23 : 0.6435"
"23,47 : 0.7433"
"47,23 : 0.7433"
"23,48 : 0.5977"
"48,23 : 0.5977"
"23,49 : 0.3354"
"49,23 : 0.3354"
"24,25 : 0.6307"
"25,24 : 0.6307"
"24,26 : 0.5576"
"26,24 : 0.5576"
"24,27 : 0.5672"
"27,24 : 0.5672"
"24,28 : 0.1746"
"28,24 : 0.1746"
"24,29 : 0.4327"
"29,24 : 0.4327"
"24,30 : 0.4701"
"30,24 : 0.4701"
"24,31 : 0.1503"
"31,24 : 0.1503"
"24,32 : 0.3748"
"32,24 : 0.3748"
"24,33 : 0.6603"
"33,24 : 0.6603"
"24,34 : 0.6412"
"34,24 : 0.6412"
"24,35 : 0.6742"
"35,24 : 0.6742"
"24,36 : 0.3176"
"36,24 : 0.3176"
"24,37 : 0.9829"
"37,24 : 0.9829"
"24,38 : 0.4119"
"38,24 : 0.4119"
"24,39 : 0.7529"
"39,24 : 0.7529"
"24,40 : 0.5707"
"40,24 : 0.5707"
"24,41 : 0.4105"
"41,24 : 0.4105"
"24,42 : 0.8862"
"42,24 : 0.8862"
"24,43 : 0.103"
"43,24 : 0.103"
"24,44 : 0.8635"
"44,24 : 0.8635"
"24,45 : 0.5661"
"45,24 : 0.5661"
"24,46 : 0.7692"
"46,24 : 0.7692"
"24,47 : 0.8927"
"47,24 : 0.8927"
"24,48 : 0.7398"
"48,24 : 0.7398"
"24,49 : 0.3324"
"49,24 : 0.3324"
"25,26 : 0.3667"
"26,25 : 0.3667"
"25,27 : 0.9309"
"27,25 : 0.9309"
"25,28 : 0.4805"
"28,25 : 0.4805"
"25,29 : 0.5515"
"29,25 : 0.5515"
"25,30 : 0.5946"
"30,25 : 0.5946"
"25,31 : 0.7803"
"31,25 : 0.7803"
"25,32 : 0.2617"
"32,25 : 0.2617"
"25,33 : 0.6224"
"33,25 : 0.6224"
"25,34 : 0.9475"
"34,25 : 0.9475"
"25,35 : 0.3946"
"35,25 : 0.3946"
"25,36 : 0.5714"
"36,25 : 0.5714"
"25,37 : 0.7325"
"37,25 : 0.7325"
"25,38 : 0.8016"
"38,25 : 0.8016"
"25,39 : 0.4105"
"39,25 : 0.4105"
"25,40 : 0.7864"
"40,25 : 0.7864"
"25,41 : 0.7521"
"41,25 : 0.7521"
"25,42 : 0.7018"
"42,25 : 0.7018"
"25,43 : 0.5923"
"43,25 : 0.5923"
"25,44 : 1.2024"
"44,25 : 1.2024"
"25,45 : 0.3981"
"45,25 : 0.3981"
"25,46 : 0.7762"
"46,25 : 0.7762"
"25,47 : 1.1985"
"47,25 : 1.1985"
"25,48 : 0.8798"
"48,25 : 0.8798"
"25,49 : 0.3324"
"49,25 : 0.3324"
"26,27 : 0.6174"
"27,26 : 0.6174"
"26,28 : 0.386"
"28,26 : 0.386"
"26,29 : 0.2377"
"29,26 : 0.2377"
"26,30 : 0.264"
"30,26 : 0.264"
"26,31 : 0.6932"
"31,26 : 0.6932"
"26,32 : 0.3736"
"32,26 : 0.3736"
"26,33 : 0.2563"
"33,26 : 0.2563"
"26,34 : 0.6129"
"34,26 : 0.6129"
"26,35 : 0.1166"
"35,26 : 0.1166"
"26,36 : 0.3206"
"36,26 : 0.3206"
"26,37 : 0.4565"
"37,26 : 0.4565"
"26,38 : 0.5217"
"38,26 : 0.5217"
"26,39 : 0.197"
"39,26 : 0.197"
"26,40 : 0.4441"
"40,26 : 0.4441"
"26,41 : 0.4632"
"41,26 : 0.4632"
"26,42 : 0.386"
"42,26 : 0.386"
"26,43 : 0.4696"
"43,26 : 0.4696"
"26,44 : 0.8605"
"44,26 : 0.8605"
"26,45 : 0.0316"
"45,26 : 0.0316"
"26,46 : 0.4111"
"46,26 : 0.4111"
"26,47 : 0.849"
"47,26 : 0.849"
"26,48 : 0.5161"
"48,26 : 0.5161"
"26,49 : 0.2581"
"49,26 : 0.2581"
"27,28 : 0.5501"
"28,27 : 0.5501"
"27,29 : 0.3859"
"29,27 : 0.3859"
"27,30 : 0.3534"
"30,27 : 0.3534"
"27,31 : 0.5731"
"31,27 : 0.5731"
"27,32 : 0.772"
"32,27 : 0.772"
"27,33 : 0.4704"
"33,27 : 0.4704"
"27,34 : 0.0943"
"34,27 : 0.0943"
"27,35 : 0.6896"
"35,27 : 0.6896"
"27,36 : 0.3688"
"36,27 : 0.3688"
"27,37 : 0.7925"
"37,27 : 0.7925"
"27,38 : 0.1581"
"38,27 : 0.1581"
"27,39 : 0.7616"
"39,27 : 0.7616"
"27,40 : 0.2"
"40,27 : 0.2"
"27,41 : 0.186"
"41,27 : 0.186"
"27,42 : 0.679"
"42,27 : 0.679"
"27,43 : 0.4904"
"43,27 : 0.4904"
"27,44 : 0.3008"
"44,27 : 0.3008"
"27,45 : 0.5962"
"45,27 : 0.5962"
"27,46 : 0.4492"
"46,27 : 0.4492"
"27,47 : 0.3256"
"47,27 : 0.3256"
"27,48 : 0.3053"
"48,27 : 0.3053"
"27,49 : 0.6237"
"49,27 : 0.6237"
"28,29 : 0.3008"
"29,28 : 0.3008"
"28,30 : 0.3471"
"30,28 : 0.3471"
"28,31 : 0.3202"
"31,28 : 0.3202"
"28,32 : 0.247"
"32,28 : 0.247"
"28,33 : 0.5189"
"33,28 : 0.5189"
"28,34 : 0.6041"
"34,28 : 0.6041"
"28,35 : 0.5022"
"35,28 : 0.5022"
"28,36 : 0.2102"
"36,28 : 0.2102"
"28,37 : 0.8233"
"37,28 : 0.8233"
"28,38 : 0.3945"
"38,28 : 0.3945"
"28,39 : 0.5798"
"39,28 : 0.5798"
"28,40 : 0.4925"
"40,28 : 0.4925"
"28,41 : 0.3677"
"41,28 : 0.3677"
"28,42 : 0.7324"
"42,28 : 0.7324"
"28,43 : 0.1118"
"43,28 : 0.1118"
"28,44 : 0.85"
"44,28 : 0.85"
"28,45 : 0.397"
"45,28 : 0.397"
"28,46 : 0.6456"
"46,28 : 0.6456"
"28,47 : 0.8673"
"47,28 : 0.8673"
"28,48 : 0.6501"
"48,28 : 0.6501"
"28,49 : 0.1612"
"49,28 : 0.1612"
"29,30 : 0.051"
"30,29 : 0.051"
"29,31 : 0.5376"
"31,29 : 0.5376"
"29,32 : 0.4397"
"32,29 : 0.4397"
"29,33 : 0.228"
"33,29 : 0.228"
"29,34 : 0.396"
"34,29 : 0.396"
"29,35 : 0.33"
"35,29 : 0.33"
"29,36 : 0.1204"
"36,29 : 0.1204"
"29,37 : 0.564"
"37,29 : 0.564"
"29,38 : 0.2844"
"38,29 : 0.2844"
"29,39 : 0.4105"
"39,29 : 0.4105"
"29,40 : 0.2385"
"40,29 : 0.2385"
"29,41 : 0.2256"
"41,29 : 0.2256"
"29,42 : 0.4601"
"42,29 : 0.4601"
"29,43 : 0.3302"
"43,29 : 0.3302"
"29,44 : 0.6512"
"44,29 : 0.6512"
"29,45 : 0.222"
"45,29 : 0.222"
"29,46 : 0.3448"
"46,29 : 0.3448"
"29,47 : 0.65"
"47,29 : 0.65"
"29,48 : 0.3667"
"48,29 : 0.3667"
"29,49 : 0.2816"
"49,29 : 0.2816"
"30,31 : 0.5664"
"31,30 : 0.5664"
"30,32 : 0.4904"
"32,30 : 0.4904"
"30,33 : 0.1985"
"33,30 : 0.1985"
"30,34 : 0.3547"
"34,30 : 0.3547"
"30,35 : 0.3437"
"35,30 : 0.3437"
"30,36 : 0.1526"
"36,30 : 0.1526"
"30,37 : 0.5438"
"37,30 : 0.5438"
"30,38 : 0.27"
"38,30 : 0.27"
"30,39 : 0.4211"
"39,30 : 0.4211"
"30,40 : 0.1921"
"40,30 : 0.1921"
"30,41 : 0.21"
"41,30 : 0.21"
"30,42 : 0.436"
"42,30 : 0.436"
"30,43 : 0.3672"
"43,30 : 0.3672"
"30,44 : 0.6081"
"44,30 : 0.6081"
"30,45 : 0.2435"
"45,30 : 0.2435"
"30,46 : 0.3008"
"46,30 : 0.3008"
"30,47 : 0.6044"
"47,30 : 0.6044"
"30,48 : 0.3158"
"48,30 : 0.3158"
"30,49 : 0.3324"
"49,30 : 0.3324"
"31,32 : 0.5224"
"32,31 : 0.5224"
"31,33 : 0.7638"
"33,31 : 0.7638"
"31,34 : 0.6592"
"34,31 : 0.6592"
"31,35 : 0.8095"
"35,31 : 0.8095"
"31,36 : 0.4173"
"36,31 : 0.4173"
"31,37 : 1.0999"
"37,31 : 1.0999"
"31,38 : 0.4342"
"38,31 : 0.4342"
"31,39 : 0.89"
"39,31 : 0.89"
"31,40 : 0.6265"
"40,31 : 0.6265"
"31,41 : 0.4531"
"41,31 : 0.4531"
"31,42 : 0.9976"
"42,31 : 0.9976"
"31,43 : 0.2236"
"43,31 : 0.2236"
"31,44 : 0.8515"
"44,31 : 0.8515"
"31,45 : 0.6984"
"45,31 : 0.6984"
"31,46 : 0.8545"
"46,31 : 0.8545"
"31,47 : 0.89"
"47,31 : 0.89"
"31,48 : 0.7971"
"48,31 : 0.7971"
"31,49 : 0.4805"
"49,31 : 0.4805"
"32,33 : 0.6001"
"33,32 : 0.6001"
"32,34 : 0.8112"
"34,32 : 0.8112"
"32,35 : 0.4652"
"35,32 : 0.4652"
"32,36 : 0.405"
"36,32 : 0.405"
"32,37 : 0.8246"
"37,32 : 0.8246"
"32,38 : 0.6237"
"38,32 : 0.6237"
"32,39 : 0.5215"
"39,32 : 0.5215"
"32,40 : 0.6723"
"40,32 : 0.6723"
"32,41 : 0.586"
"41,32 : 0.586"
"32,42 : 0.7596"
"42,32 : 0.7596"
"32,43 : 0.3534"
"43,32 : 0.3534"
"32,44 : 1.0653"
"44,32 : 1.0653"
"32,45 : 0.4002"
"45,32 : 0.4002"
"32,46 : 0.7506"
"46,32 : 0.7506"
"32,47 : 1.0742"
"47,32 : 1.0742"
"32,48 : 0.8052"
"48,32 : 0.8052"
"32,49 : 0.1581"
"49,32 : 0.1581"
"33,34 : 0.4317"
"34,33 : 0.4317"
"33,35 : 0.2617"
"35,33 : 0.2617"
"33,36 : 0.3471"
"36,33 : 0.3471"
"33,37 : 0.3489"
"37,33 : 0.3489"
"33,38 : 0.4397"
"38,33 : 0.4397"
"33,39 : 0.3138"
"39,33 : 0.3138"
"33,40 : 0.2707"
"40,33 : 0.2707"
"33,41 : 0.3828"
"41,33 : 0.3828"
"33,42 : 0.2385"
"42,33 : 0.2385"
"33,43 : 0.558"
"43,33 : 0.558"
"33,44 : 0.653"
"44,33 : 0.653"
"33,45 : 0.2247"
"45,33 : 0.2247"
"33,46 : 0.1552"
"46,33 : 0.1552"
"33,47 : 0.6297"
"47,33 : 0.6297"
"33,48 : 0.2766"
"48,33 : 0.2766"
"33,49 : 0.454"
"49,33 : 0.454"
"34,35 : 0.6712"
"35,34 : 0.6712"
"34,36 : 0.4071"
"36,34 : 0.4071"
"34,37 : 0.7325"
"37,34 : 0.7325"
"34,38 : 0.23"
"38,34 : 0.23"
"34,39 : 0.7374"
"39,34 : 0.7374"
"34,40 : 0.17"
"40,34 : 0.17"
"34,41 : 0.2377"
"41,34 : 0.2377"
"34,42 : 0.6207"
"42,34 : 0.6207"
"34,43 : 0.5573"
"43,34 : 0.5573"
"34,44 : 0.2561"
"44,34 : 0.2561"
"34,45 : 0.5883"
"45,34 : 0.5883"
"34,46 : 0.3833"
"46,34 : 0.3833"
"34,47 : 0.264"
"47,34 : 0.264"
"34,48 : 0.2247"
"48,34 : 0.2247"
"34,49 : 0.6573"
"49,34 : 0.6573"
"35,36 : 0.4276"
"36,35 : 0.4276"
"35,37 : 0.3606"
"37,35 : 0.3606"
"35,38 : 0.612"
"38,35 : 0.612"
"35,39 : 0.0825"
"39,35 : 0.0825"
"35,40 : 0.5016"
"40,35 : 0.5016"
"35,41 : 0.5523"
"41,35 : 0.5523"
"35,42 : 0.3102"
"42,35 : 0.3102"
"35,43 : 0.5859"
"43,35 : 0.5859"
"35,44 : 0.9074"
"44,35 : 0.9074"
"35,45 : 0.114"
"45,35 : 0.114"
"35,46 : 0.4022"
"46,35 : 0.4022"
"35,47 : 0.8881"
"47,35 : 0.8881"
"35,48 : 0.5381"
"48,35 : 0.5381"
"35,49 : 0.368"
"49,35 : 0.368"
"36,37 : 0.6841"
"37,36 : 0.6841"
"36,38 : 0.2302"
"38,36 : 0.2302"
"36,39 : 0.5099"
"39,36 : 0.5099"
"36,40 : 0.2828"
"40,36 : 0.2828"
"36,41 : 0.1838"
"41,36 : 0.1838"
"36,42 : 0.5805"
"42,36 : 0.5805"
"36,43 : 0.2147"
"43,36 : 0.2147"
"36,44 : 0.6604"
"44,36 : 0.6604"
"36,45 : 0.314"
"45,36 : 0.314"
"36,46 : 0.4519"
"46,36 : 0.4519"
"36,47 : 0.6708"
"47,36 : 0.6708"
"36,48 : 0.4405"
"48,36 : 0.4405"
"36,49 : 0.255"
"49,36 : 0.255"
"37,38 : 0.7855"
"38,37 : 0.7855"
"37,39 : 0.3225"
"39,37 : 0.3225"
"37,40 : 0.5967"
"40,37 : 0.5967"
"37,41 : 0.7301"
"41,37 : 0.7301"
"37,42 : 0.114"
"42,37 : 0.114"
"37,43 : 0.8841"
"43,37 : 0.8841"
"37,44 : 0.9009"
"44,37 : 0.9009"
"37,45 : 0.4357"
"45,37 : 0.4357"
"37,46 : 0.3501"
"46,37 : 0.3501"
"37,47 : 0.8591"
"47,37 : 0.8591"
"37,48 : 0.5204"
"48,37 : 0.5204"
"37,49 : 0.7134"
"49,37 : 0.7134"
"38,39 : 0.6907"
"39,38 : 0.6907"
"38,40 : 0.2121"
"40,38 : 0.2121"
"38,41 : 0.06"
"41,38 : 0.06"
"38,42 : 0.6723"
"42,38 : 0.6723"
"38,43 : 0.3324"
"43,38 : 0.3324"
"38,44 : 0.4588"
"44,38 : 0.4588"
"38,45 : 0.5064"
"45,38 : 0.5064"
"38,46 : 0.472"
"46,38 : 0.472"
"38,47 : 0.4827"
"47,38 : 0.4827"
"38,48 : 0.3744"
"48,38 : 0.3744"
"38,49 : 0.4817"
"49,38 : 0.4817"
"39,40 : 0.5692"
"40,39 : 0.5692"
"39,41 : 0.6307"
"41,39 : 0.6307"
"39,42 : 0.2983"
"42,39 : 0.2983"
"39,43 : 0.6664"
"43,39 : 0.6664"
"39,44 : 0.9665"
"44,39 : 0.9665"
"39,45 : 0.1965"
"45,39 : 0.1965"
"39,46 : 0.4384"
"46,39 : 0.4384"
"39,47 : 0.9434"
"47,39 : 0.9434"
"39,48 : 0.5882"
"48,39 : 0.5882"
"39,49 : 0.4393"
"49,39 : 0.4393"
"40,41 : 0.1749"
"41,40 : 0.1749"
"40,42 : 0.4827"
"42,40 : 0.4827"
"40,43 : 0.4738"
"43,40 : 0.4738"
"40,44 : 0.4177"
"44,40 : 0.4177"
"40,45 : 0.4188"
"45,40 : 0.4188"
"40,46 : 0.2642"
"46,40 : 0.2642"
"40,47 : 0.4123"
"47,40 : 0.4123"
"40,48 : 0.1709"
"48,40 : 0.1709"
"40,49 : 0.5148"
"49,40 : 0.5148"
"41,42 : 0.6174"
"42,41 : 0.6174"
"41,43 : 0.3214"
"43,41 : 0.3214"
"41,44 : 0.483"
"44,41 : 0.483"
"41,45 : 0.4472"
"45,41 : 0.4472"
"41,46 : 0.4252"
"46,41 : 0.4252"
"41,47 : 0.4998"
"47,41 : 0.4998"
"41,48 : 0.3444"
"48,41 : 0.3444"
"41,49 : 0.4386"
"49,41 : 0.4386"
"42,43 : 0.7857"
"43,42 : 0.7857"
"42,44 : 0.7983"
"44,42 : 0.7983"
"42,45 : 0.3606"
"45,42 : 0.3606"
"42,46 : 0.2408"
"46,42 : 0.2408"
"42,47 : 0.7596"
"47,42 : 0.7596"
"42,48 : 0.413"
"48,42 : 0.413"
"42,49 : 0.6356"
