x,y
0.46,0.39
0.93,0.22
0.71,0.33
0.9,0.56
0.36,0.4
0.42,0.98
0.49,0.4
0.51,0.76
0.61,0.8
0.71,0.2
0.74,0.14
0.04,0.21
0.89,0.75
0.58,0.26
0.57,0.01
0.43,0.7
0.12,0.26
0.83,0.31
0.46,0.08
0.92,0.82
0.47,0.09
0.51,0.5
0.6,0.54
0.73,0.17
0.27,0.44
0.54,0.24
0.73,0.81
0.07,0.6
0.27,0.28
0.58,0.47
0.04,0.54
0.28,0.29
0.16,0.49
0.92,0.14
0.81,0.13
0.23,0.25
0.95,0.34
0.36,0.45
0.72,0.44
0.08,0.92
0.73,0.95
0.25,0.97
0.78,0.73
0.91,0.77
0.72,0.2
0.87,0.09
0.5,0.72
0.02,0.78
0.05,0.5
0.11,0.33

Distanze
"0,1 : 0.4998"
"1,0 : 0.4998"
"0,2 : 0.2571"
"2,0 : 0.2571"
"0,3 : 0.4717"
"3,0 : 0.4717"
"0,4 : 0.1005"
"4,0 : 0.1005"
"0,5 : 0.5914"
"5,0 : 0.5914"
"0,6 : 0.0316"
"6,0 : 0.0316"
"0,7 : 0.3734"
"7,0 : 0.3734"
"0,8 : 0.4366"
"8,0 : 0.4366"
"0,9 : 0.314"
"9,0 : 0.314"
"0,10 : 0.3754"
"10,0 : 0.3754"
"0,11 : 0.4569"
"11,0 : 0.4569"
"0,12 : 0.5608"
"12,0 : 0.5608"
"0,13 : 0.1769"
"13,0 : 0.1769"
"0,14 : 0.3956"
"14,0 : 0.3956"
"0,15 : 0.3114"
"15,0 : 0.3114"
"0,16 : 0.364"
"16,0 : 0.364"
"0,17 : 0.3785"
"17,0 : 0.3785"
"0,18 : 0.31"
"18,0 : 0.31"
"0,19 : 0.6297"
"19,0 : 0.6297"
"0,20 : 0.3002"
"20,0 : 0.3002"
"0,21 : 0.1208"
"21,0 : 0.1208"
"0,22 : 0.2052"
"22,0 : 0.2052"
"0,23 : 0.3483"
"23,0 : 0.3483"
"0,24 : 0.1965"
"24,0 : 0.1965"
"0,25 : 0.17"
"25,0 : 0.17"
"0,26 : 0.4993"
"26,0 : 0.4993"
"0,27 : 0.4429"
"27,0 : 0.4429"
"0,28 : 0.2195"
"28,0 : 0.2195"
"0,29 : 0.1442"
"29,0 : 0.1442"
"0,30 : 0.446"
"30,0 : 0.446"
"0,31 : 0.2059"
"31,0 : 0.2059"
"0,32 : 0.3162"
"32,0 : 0.3162"
"0,33 : 0.5235"
"33,0 : 0.5235"
"0,34 : 0.436"
"34,0 : 0.436"
"0,35 : 0.2693"
"35,0 : 0.2693"
"0,36 : 0.4925"
"36,0 : 0.4925"
"0,37 : 0.1166"
"37,0 : 0.1166"
"0,38 : 0.2648"
"38,0 : 0.2648"
"0,39 : 0.6522"
"39,0 : 0.6522"
"0,40 : 0.6217"
"40,0 : 0.6217"
"0,41 : 0.6168"
"41,0 : 0.6168"
"0,42 : 0.4669"
"42,0 : 0.4669"
"0,43 : 0.589"
"43,0 : 0.589"
"0,44 : 0.322"
"44,0 : 0.322"
"0,45 : 0.508"
"45,0 : 0.508"
"0,46 : 0.3324"
"46,0 : 0.3324"
"0,47 : 0.588"
"47,0 : 0.588"
"0,48 : 0.4245"
"48,0 : 0.4245"
"0,49 : 0.3551"
"49,0 : 0.3551"
"1,2 : 0.246"
"2,1 : 0.246"
"1,3 : 0.3413"
"3,1 : 0.3413"
"1,4 : 0.5977"
"4,1 : 0.5977"
"1,5 : 0.9153"
"5,1 : 0.9153"
"1,6 : 0.4754"
"6,1 : 0.4754"
"1,7 : 0.6841"
"7,1 : 0.6841"
"1,8 : 0.6624"
"8,1 : 0.6624"
"1,9 : 0.2209"
"9,1 : 0.2209"
"1,10 : 0.2062"
"10,1 : 0.2062"
"1,11 : 0.8901"
"11,1 : 0.8901"
"1,12 : 0.5315"
"12,1 : 0.5315"
"1,13 : 0.3523"
"13,1 : 0.3523"
"1,14 : 0.4168"
"14,1 : 0.4168"
"1,15 : 0.6931"
"15,1 : 0.6931"
"1,16 : 0.811"
"16,1 : 0.811"
"1,17 : 0.1345"
"17,1 : 0.1345"
"1,18 : 0.4904"
"18,1 : 0.4904"
"1,19 : 0.6001"
"19,1 : 0.6001"
"1,20 : 0.478"
"20,1 : 0.478"
"1,21 : 0.5048"
"21,1 : 0.5048"
"1,22 : 0.4597"
"22,1 : 0.4597"
"1,23 : 0.2062"
"23,1 : 0.2062"
"1,24 : 0.6957"
"24,1 : 0.6957"
"1,25 : 0.3905"
"25,1 : 0.3905"
"1,26 : 0.623"
"26,1 : 0.623"
"1,27 : 0.9402"
"27,1 : 0.9402"
"1,28 : 0.6627"
"28,1 : 0.6627"
"1,29 : 0.4301"
"29,1 : 0.4301"
"1,30 : 0.9458"
"30,1 : 0.9458"
"1,31 : 0.6538"
"31,1 : 0.6538"
"1,32 : 0.816"
"32,1 : 0.816"
"1,33 : 0.0806"
"33,1 : 0.0806"
"1,34 : 0.15"
"34,1 : 0.15"
"1,35 : 0.7006"
"35,1 : 0.7006"
"1,36 : 0.1217"
"36,1 : 0.1217"
"1,37 : 0.6147"
"37,1 : 0.6147"
"1,38 : 0.3041"
"38,1 : 0.3041"
"1,39 : 1.1011"
"39,1 : 1.1011"
"1,40 : 0.7569"
"40,1 : 0.7569"
"1,41 : 1.0124"
"41,1 : 1.0124"
"1,42 : 0.5316"
"42,1 : 0.5316"
"1,43 : 0.5504"
"43,1 : 0.5504"
"1,44 : 0.211"
"44,1 : 0.211"
"1,45 : 0.1432"
"45,1 : 0.1432"
"1,46 : 0.6595"
"46,1 : 0.6595"
"1,47 : 1.0685"
"47,1 : 1.0685"
"1,48 : 0.9235"
"48,1 : 0.9235"
"1,49 : 0.8273"
"49,1 : 0.8273"
"2,3 : 0.2983"
"3,2 : 0.2983"
"2,4 : 0.3569"
"4,2 : 0.3569"
"2,5 : 0.7118"
"5,2 : 0.7118"
"2,6 : 0.2309"
"6,2 : 0.2309"
"2,7 : 0.4742"
"7,2 : 0.4742"
"2,8 : 0.4805"
"8,2 : 0.4805"
"2,9 : 0.13"
"9,2 : 0.13"
"2,10 : 0.1924"
"10,2 : 0.1924"
"2,11 : 0.6807"
"11,2 : 0.6807"
"2,12 : 0.4569"
"12,2 : 0.4569"
"2,13 : 0.1476"
"13,2 : 0.1476"
"2,14 : 0.3493"
"14,2 : 0.3493"
"2,15 : 0.464"
"15,2 : 0.464"
"2,16 : 0.5941"
"16,2 : 0.5941"
"2,17 : 0.1217"
"17,2 : 0.1217"
"2,18 : 0.3536"
"18,2 : 0.3536"
"2,19 : 0.5331"
"19,2 : 0.5331"
"2,20 : 0.3394"
"20,2 : 0.3394"
"2,21 : 0.2625"
"21,2 : 0.2625"
"2,22 : 0.2371"
"22,2 : 0.2371"
"2,23 : 0.1612"
"23,2 : 0.1612"
"2,24 : 0.4535"
"24,2 : 0.4535"
"2,25 : 0.1924"
"25,2 : 0.1924"
"2,26 : 0.4804"
"26,2 : 0.4804"
"2,27 : 0.6946"
"27,2 : 0.6946"
"2,28 : 0.4428"
"28,2 : 0.4428"
"2,29 : 0.191"
"29,2 : 0.191"
"2,30 : 0.7021"
"30,2 : 0.7021"
"2,31 : 0.4319"
"31,2 : 0.4319"
"2,32 : 0.5728"
"32,2 : 0.5728"
"2,33 : 0.2832"
"33,2 : 0.2832"
"2,34 : 0.2236"
"34,2 : 0.2236"
"2,35 : 0.4866"
"35,2 : 0.4866"
"2,36 : 0.2402"
"36,2 : 0.2402"
"2,37 : 0.37"
"37,2 : 0.37"
"2,38 : 0.1105"
"38,2 : 0.1105"
"2,39 : 0.8631"
"39,2 : 0.8631"
"2,40 : 0.6203"
"40,2 : 0.6203"
"2,41 : 0.7882"
"41,2 : 0.7882"
"2,42 : 0.4061"
"42,2 : 0.4061"
"2,43 : 0.4833"
"43,2 : 0.4833"
"2,44 : 0.1304"
"44,2 : 0.1304"
"2,45 : 0.2884"
"45,2 : 0.2884"
"2,46 : 0.4429"
"46,2 : 0.4429"
"2,47 : 0.8238"
"47,2 : 0.8238"
"2,48 : 0.6815"
"48,2 : 0.6815"
"2,49 : 0.6"
"49,2 : 0.6"
"3,4 : 0.5632"
"4,3 : 0.5632"
"3,5 : 0.6378"
"5,3 : 0.6378"
"3,6 : 0.4401"
"6,3 : 0.4401"
"3,7 : 0.4383"
"7,3 : 0.4383"
"3,8 : 0.3764"
"8,3 : 0.3764"
"3,9 : 0.4071"
"9,3 : 0.4071"
"3,10 : 0.4494"
"10,3 : 0.4494"
"3,11 : 0.9285"
"11,3 : 0.9285"
"3,12 : 0.1903"
"12,3 : 0.1903"
"3,13 : 0.4386"
"13,3 : 0.4386"
"3,14 : 0.6414"
"14,3 : 0.6414"
"3,15 : 0.4904"
"15,3 : 0.4904"
"3,16 : 0.8357"
"16,3 : 0.8357"
"3,17 : 0.2596"
"17,3 : 0.2596"
"3,18 : 0.6512"
"18,3 : 0.6512"
"3,19 : 0.2608"
"19,3 : 0.2608"
"3,20 : 0.637"
"20,3 : 0.637"
"3,21 : 0.3946"
"21,3 : 0.3946"
"3,22 : 0.3007"
"22,3 : 0.3007"
"3,23 : 0.4254"
"23,3 : 0.4254"
"3,24 : 0.6413"
"24,3 : 0.6413"
"3,25 : 0.4817"
"25,3 : 0.4817"
"3,26 : 0.3023"
"26,3 : 0.3023"
"3,27 : 0.831"
"27,3 : 0.831"
"3,28 : 0.6894"
"28,3 : 0.6894"
"3,29 : 0.3324"
"29,3 : 0.3324"
"3,30 : 0.8602"
"30,3 : 0.8602"
"3,31 : 0.6762"
"31,3 : 0.6762"
"3,32 : 0.7433"
"32,3 : 0.7433"
"3,33 : 0.4205"
"33,3 : 0.4205"
"3,34 : 0.4393"
"34,3 : 0.4393"
"3,35 : 0.7382"
"35,3 : 0.7382"
"3,36 : 0.2256"
"36,3 : 0.2256"
"3,37 : 0.5511"
"37,3 : 0.5511"
"3,38 : 0.2163"
"38,3 : 0.2163"
"3,39 : 0.8955"
"39,3 : 0.8955"
"3,40 : 0.4254"
"40,3 : 0.4254"
"3,41 : 0.7685"
"41,3 : 0.7685"
"3,42 : 0.2081"
"42,3 : 0.2081"
"3,43 : 0.2102"
"43,3 : 0.2102"
"3,44 : 0.4025"
"44,3 : 0.4025"
"3,45 : 0.471"
"45,3 : 0.471"
"3,46 : 0.4308"
"46,3 : 0.4308"
"3,47 : 0.9071"
"47,3 : 0.9071"
"3,48 : 0.8521"
"48,3 : 0.8521"
"3,49 : 0.8228"
"49,3 : 0.8228"
"4,5 : 0.5831"
"5,4 : 0.5831"
"4,6 : 0.13"
"6,4 : 0.13"
"4,7 : 0.39"
"7,4 : 0.39"
"4,8 : 0.4717"
"8,4 : 0.4717"
"4,9 : 0.4031"
"9,4 : 0.4031"
"4,10 : 0.4604"
"10,4 : 0.4604"
"4,11 : 0.3722"
"11,4 : 0.3722"
"4,12 : 0.6351"
"12,4 : 0.6351"
"4,13 : 0.2608"
"13,4 : 0.2608"
"4,14 : 0.4429"
"14,4 : 0.4429"
"4,15 : 0.3081"
"15,4 : 0.3081"
"4,16 : 0.2778"
"16,4 : 0.2778"
"4,17 : 0.4785"
"17,4 : 0.4785"
"4,18 : 0.3353"
"18,4 : 0.3353"
"4,19 : 0.7"
"19,4 : 0.7"
"4,20 : 0.3289"
"20,4 : 0.3289"
"4,21 : 0.1803"
"21,4 : 0.1803"
"4,22 : 0.2778"
"22,4 : 0.2778"
"4,23 : 0.4357"
"23,4 : 0.4357"
"4,24 : 0.0985"
"24,4 : 0.0985"
"4,25 : 0.2408"
"25,4 : 0.2408"
"4,26 : 0.5523"
"26,4 : 0.5523"
"4,27 : 0.3523"
"27,4 : 0.3523"
"4,28 : 0.15"
"28,4 : 0.15"
"4,29 : 0.2309"
"29,4 : 0.2309"
"4,30 : 0.3493"
"30,4 : 0.3493"
"4,31 : 0.136"
"31,4 : 0.136"
"4,32 : 0.2193"
"32,4 : 0.2193"
"4,33 : 0.6174"
"33,4 : 0.6174"
"4,34 : 0.5248"
"34,4 : 0.5248"
"4,35 : 0.1985"
"35,4 : 0.1985"
"4,36 : 0.593"
"36,4 : 0.593"
"4,37 : 0.05"
"37,4 : 0.05"
"4,38 : 0.3622"
"38,4 : 0.3622"
"4,39 : 0.5906"
"39,4 : 0.5906"
"4,40 : 0.6629"
"40,4 : 0.6629"
"4,41 : 0.5805"
"41,4 : 0.5805"
"4,42 : 0.5341"
"42,4 : 0.5341"
"4,43 : 0.6629"
"43,4 : 0.6629"
"4,44 : 0.4118"
"44,4 : 0.4118"
"4,45 : 0.5968"
"45,4 : 0.5968"
"4,46 : 0.3493"
"46,4 : 0.3493"
"4,47 : 0.5099"
"47,4 : 0.5099"
"4,48 : 0.3257"
"48,4 : 0.3257"
"4,49 : 0.2596"
"49,4 : 0.2596"
"5,6 : 0.5842"
"6,5 : 0.5842"
"5,7 : 0.2377"
"7,5 : 0.2377"
"5,8 : 0.2617"
"8,5 : 0.2617"
"5,9 : 0.8322"
"9,5 : 0.8322"
"5,10 : 0.8989"
"10,5 : 0.8989"
"5,11 : 0.8587"
"11,5 : 0.8587"
"5,12 : 0.5233"
"12,5 : 0.5233"
"5,13 : 0.7376"
"13,5 : 0.7376"
"5,14 : 0.9815"
"14,5 : 0.9815"
"5,15 : 0.2802"
"15,5 : 0.2802"
"5,16 : 0.78"
"16,5 : 0.78"
"5,17 : 0.7855"
"17,5 : 0.7855"
"5,18 : 0.9009"
"18,5 : 0.9009"
"5,19 : 0.525"
"19,5 : 0.525"
"5,20 : 0.8914"
"20,5 : 0.8914"
"5,21 : 0.4884"
"21,5 : 0.4884"
"5,22 : 0.4754"
"22,5 : 0.4754"
"5,23 : 0.8673"
"23,5 : 0.8673"
"5,24 : 0.5604"
"24,5 : 0.5604"
"5,25 : 0.7497"
"25,5 : 0.7497"
"5,26 : 0.3536"
"26,5 : 0.3536"
"5,27 : 0.5166"
"27,5 : 0.5166"
"5,28 : 0.7159"
"28,5 : 0.7159"
"5,29 : 0.5345"
"29,5 : 0.5345"
"5,30 : 0.5814"
"30,5 : 0.5814"
"5,31 : 0.7041"
"31,5 : 0.7041"
"5,32 : 0.5547"
"32,5 : 0.5547"
"5,33 : 0.9775"
"33,5 : 0.9775"
"5,34 : 0.9352"
"34,5 : 0.9352"
"5,35 : 0.7543"
"35,5 : 0.7543"
"5,36 : 0.831"
"36,5 : 0.831"
"5,37 : 0.5334"
"37,5 : 0.5334"
"5,38 : 0.6177"
"38,5 : 0.6177"
"5,39 : 0.3453"
"39,5 : 0.3453"
"5,40 : 0.3114"
"40,5 : 0.3114"
"5,41 : 0.1703"
"41,5 : 0.1703"
"5,42 : 0.4383"
"42,5 : 0.4383"
"5,43 : 0.5331"
"43,5 : 0.5331"
"5,44 : 0.8357"
"44,5 : 0.8357"
"5,45 : 0.9973"
"45,5 : 0.9973"
"5,46 : 0.272"
"46,5 : 0.272"
"5,47 : 0.4472"
"47,5 : 0.4472"
"5,48 : 0.6061"
"48,5 : 0.6061"
"5,49 : 0.7201"
"49,5 : 0.7201"
"6,7 : 0.3606"
"7,6 : 0.3606"
"6,8 : 0.4176"
"8,6 : 0.4176"
"6,9 : 0.2973"
"9,6 : 0.2973"
"6,10 : 0.3607"
"10,6 : 0.3607"
"6,11 : 0.4885"
"11,6 : 0.4885"
"6,12 : 0.5315"
"12,6 : 0.5315"
"6,13 : 0.1664"
"13,6 : 0.1664"
"6,14 : 0.3981"
"14,6 : 0.3981"
"6,15 : 0.3059"
"15,6 : 0.3059"
"6,16 : 0.3956"
"16,6 : 0.3956"
"6,17 : 0.3517"
"17,6 : 0.3517"
"6,18 : 0.3214"
"18,6 : 0.3214"
"6,19 : 0.6011"
"19,6 : 0.6011"
"6,20 : 0.3106"
"20,6 : 0.3106"
"6,21 : 0.102"
"21,6 : 0.102"
"6,22 : 0.178"
"22,6 : 0.178"
"6,23 : 0.3324"
"23,6 : 0.3324"
"6,24 : 0.2236"
"24,6 : 0.2236"
"6,25 : 0.1676"
"25,6 : 0.1676"
"6,26 : 0.4751"
"26,6 : 0.4751"
"6,27 : 0.4652"
"27,6 : 0.4652"
"6,28 : 0.2506"
"28,6 : 0.2506"
"6,29 : 0.114"
"29,6 : 0.114"
"6,30 : 0.4713"
"30,6 : 0.4713"
"6,31 : 0.2371"
"31,6 : 0.2371"
"6,32 : 0.3421"
"32,6 : 0.3421"
"6,33 : 0.5025"
"33,6 : 0.5025"
"6,34 : 0.4187"
"34,6 : 0.4187"
"6,35 : 0.3002"
"35,6 : 0.3002"
"6,36 : 0.4639"
"36,6 : 0.4639"
"6,37 : 0.1393"
"37,6 : 0.1393"
"6,38 : 0.2335"
"38,6 : 0.2335"
"6,39 : 0.6622"
"39,6 : 0.6622"
"6,40 : 0.6001"
"40,6 : 0.6001"
"6,41 : 0.6185"
"41,6 : 0.6185"
"6,42 : 0.4393"
"42,6 : 0.4393"
"6,43 : 0.5597"
"43,6 : 0.5597"
"6,44 : 0.3048"
"44,6 : 0.3048"
"6,45 : 0.4904"
"45,6 : 0.4904"
"6,46 : 0.3202"
"46,6 : 0.3202"
"6,47 : 0.6044"
"47,6 : 0.6044"
"6,48 : 0.4512"
"48,6 : 0.4512"
"6,49 : 0.3864"
"49,6 : 0.3864"
"7,8 : 0.1077"
"8,7 : 0.1077"
"7,9 : 0.5946"
"9,7 : 0.5946"
"7,10 : 0.6613"
"10,7 : 0.6613"
"7,11 : 0.7235"
"11,7 : 0.7235"
"7,12 : 0.3801"
"12,7 : 0.3801"
"7,13 : 0.5049"
"13,7 : 0.5049"
"7,14 : 0.7524"
"14,7 : 0.7524"
"7,15 : 0.1"
"15,7 : 0.1"
"7,16 : 0.6341"
"16,7 : 0.6341"
"7,17 : 0.5522"
"17,7 : 0.5522"
"7,18 : 0.6818"
"18,7 : 0.6818"
"7,19 : 0.4144"
"19,7 : 0.4144"
"7,20 : 0.6712"
"20,7 : 0.6712"
"7,21 : 0.26"
"21,7 : 0.26"
"7,22 : 0.2377"
"22,7 : 0.2377"
"7,23 : 0.6297"
"23,7 : 0.6297"
"7,24 : 0.4"
"24,7 : 0.4"
"7,25 : 0.5209"
"25,7 : 0.5209"
"7,26 : 0.2256"
"26,7 : 0.2256"
"7,27 : 0.4682"
"27,7 : 0.4682"
"7,28 : 0.5367"
"28,7 : 0.5367"
"7,29 : 0.2983"
"29,7 : 0.2983"
"7,30 : 0.5189"
"30,7 : 0.5189"
"7,31 : 0.5233"
"31,7 : 0.5233"
"7,32 : 0.442"
"32,7 : 0.442"
"7,33 : 0.7433"
"33,7 : 0.7433"
"7,34 : 0.6978"
"34,7 : 0.6978"
"7,35 : 0.5818"
"35,7 : 0.5818"
"7,36 : 0.6083"
"36,7 : 0.6083"
"7,37 : 0.3444"
"37,7 : 0.3444"
"7,38 : 0.3828"
"38,7 : 0.3828"
"7,39 : 0.4588"
"39,7 : 0.4588"
"7,40 : 0.2907"
"40,7 : 0.2907"
"7,41 : 0.3342"
"41,7 : 0.3342"
"7,42 : 0.2717"
"42,7 : 0.2717"
"7,43 : 0.4001"
"43,7 : 0.4001"
"7,44 : 0.5981"
"44,7 : 0.5981"
"7,45 : 0.7606"
"45,7 : 0.7606"
"7,46 : 0.0412"
"46,7 : 0.0412"
"7,47 : 0.4904"
"47,7 : 0.4904"
"7,48 : 0.5284"
"48,7 : 0.5284"
"7,49 : 0.5873"
"49,7 : 0.5873"
"8,9 : 0.6083"
"9,8 : 0.6083"
"8,10 : 0.6727"
"10,8 : 0.6727"
"8,11 : 0.8204"
"11,8 : 0.8204"
"8,12 : 0.2844"
"12,8 : 0.2844"
"8,13 : 0.5408"
"13,8 : 0.5408"
"8,14 : 0.791"
"14,8 : 0.791"
"8,15 : 0.2059"
"15,8 : 0.2059"
"8,16 : 0.7292"
"16,8 : 0.7292"
"8,17 : 0.5371"
"17,8 : 0.5371"
"8,18 : 0.7355"
"18,8 : 0.7355"
"8,19 : 0.3106"
"19,8 : 0.3106"
"8,20 : 0.7237"
"20,8 : 0.7237"
"8,21 : 0.3162"
"21,8 : 0.3162"
"8,22 : 0.2602"
"22,8 : 0.2602"
"8,23 : 0.6413"
"23,8 : 0.6413"
"8,24 : 0.4952"
"24,8 : 0.4952"
"8,25 : 0.5644"
"25,8 : 0.5644"
"8,26 : 0.1204"
"26,8 : 0.1204"
"8,27 : 0.5758"
"27,8 : 0.5758"
"8,28 : 0.6213"
"28,8 : 0.6213"
"8,29 : 0.3314"
"29,8 : 0.3314"
"8,30 : 0.6265"
"30,8 : 0.6265"
"8,31 : 0.6075"
"31,8 : 0.6075"
"8,32 : 0.5464"
"32,8 : 0.5464"
"8,33 : 0.7292"
"33,8 : 0.7292"
"8,34 : 0.6992"
"34,8 : 0.6992"
"8,35 : 0.6685"
"35,8 : 0.6685"
"8,36 : 0.572"
"36,8 : 0.572"
"8,37 : 0.4301"
"37,8 : 0.4301"
"8,38 : 0.3764"
"38,8 : 0.3764"
"8,39 : 0.5434"
"39,8 : 0.5434"
"8,40 : 0.1921"
"40,8 : 0.1921"
"8,41 : 0.3981"
"41,8 : 0.3981"
"8,42 : 0.1838"
"42,8 : 0.1838"
"8,43 : 0.3015"
"43,8 : 0.3015"
"8,44 : 0.61"
"44,8 : 0.61"
"8,45 : 0.7561"
"45,8 : 0.7561"
"8,46 : 0.136"
"46,8 : 0.136"
"8,47 : 0.5903"
"47,8 : 0.5903"
"8,48 : 0.6353"
"48,8 : 0.6353"
"8,49 : 0.6862"
"49,8 : 0.6862"
"9,10 : 0.0671"
"10,9 : 0.0671"
"9,11 : 0.6701"
"11,9 : 0.6701"
"9,12 : 0.5787"
"12,9 : 0.5787"
"9,13 : 0.1432"
"13,9 : 0.1432"
"9,14 : 0.236"
"14,9 : 0.236"
"9,15 : 0.5731"
"15,9 : 0.5731"
"9,16 : 0.593"
"16,9 : 0.593"
"9,17 : 0.1628"
"17,9 : 0.1628"
"9,18 : 0.2773"
"18,9 : 0.2773"
"9,19 : 0.6546"
"19,9 : 0.6546"
"9,20 : 0.264"
"20,9 : 0.264"
"9,21 : 0.3606"
"21,9 : 0.3606"
"9,22 : 0.3574"
"22,9 : 0.3574"
"9,23 : 0.0361"
"23,9 : 0.0361"
"9,24 : 0.5012"
"24,9 : 0.5012"
"9,25 : 0.1746"
"25,9 : 0.1746"
"9,26 : 0.6103"
"26,9 : 0.6103"
"9,27 : 0.7547"
"27,9 : 0.7547"
"9,28 : 0.4472"
"28,9 : 0.4472"
"9,29 : 0.2997"
"29,9 : 0.2997"
"9,30 : 0.7513"
"30,9 : 0.7513"
"9,31 : 0.4393"
"31,9 : 0.4393"
"9,32 : 0.6218"
"32,9 : 0.6218"
"9,33 : 0.2184"
"33,9 : 0.2184"
"9,34 : 0.1221"
"34,9 : 0.1221"
"9,35 : 0.4826"
"35,9 : 0.4826"
"9,36 : 0.2778"
"36,9 : 0.2778"
"9,37 : 0.4301"
"37,9 : 0.4301"
"9,38 : 0.2402"
"38,9 : 0.2402"
"9,39 : 0.9567"
"39,9 : 0.9567"
"9,40 : 0.7503"
"40,9 : 0.7503"
"9,41 : 0.8969"
"41,9 : 0.8969"
"9,42 : 0.5346"
"42,9 : 0.5346"
"9,43 : 0.6041"
"43,9 : 0.6041"
"9,44 : 0.01"
"44,9 : 0.01"
"9,45 : 0.1942"
"45,9 : 0.1942"
"9,46 : 0.5608"
"46,9 : 0.5608"
"9,47 : 0.9014"
"47,9 : 0.9014"
"9,48 : 0.725"
"48,9 : 0.725"
"9,49 : 0.6139"
"49,9 : 0.6139"
"10,11 : 0.7035"
"11,10 : 0.7035"
"10,12 : 0.6282"
"12,10 : 0.6282"
"10,13 : 0.2"
"13,10 : 0.2"
"10,14 : 0.214"
"14,10 : 0.214"
"10,15 : 0.6401"
"15,10 : 0.6401"
"10,16 : 0.6315"
"16,10 : 0.6315"
"10,17 : 0.1924"
"17,10 : 0.1924"
"10,18 : 0.2864"
"18,10 : 0.2864"
"10,19 : 0.7034"
"19,10 : 0.7034"
"10,20 : 0.2746"
"20,10 : 0.2746"
"10,21 : 0.4272"
"21,10 : 0.4272"
"10,22 : 0.4238"
"22,10 : 0.4238"
"10,23 : 0.0316"
"23,10 : 0.0316"
"10,24 : 0.5576"
"24,10 : 0.5576"
"10,25 : 0.2236"
"25,10 : 0.2236"
"10,26 : 0.6701"
"26,10 : 0.6701"
"10,27 : 0.8127"
"27,10 : 0.8127"
"10,28 : 0.4904"
"28,10 : 0.4904"
"10,29 : 0.3667"
"29,10 : 0.3667"
"10,30 : 0.8062"
"30,10 : 0.8062"
"10,31 : 0.4838"
"31,10 : 0.4838"
"10,32 : 0.6774"
"32,10 : 0.6774"
"10,33 : 0.18"
"33,10 : 0.18"
"10,34 : 0.0707"
"34,10 : 0.0707"
"10,35 : 0.5217"
"35,10 : 0.5217"
"10,36 : 0.29"
"36,10 : 0.29"
"10,37 : 0.4904"
"37,10 : 0.4904"
"10,38 : 0.3007"
"38,10 : 0.3007"
"10,39 : 1.0218"
"39,10 : 1.0218"
"10,40 : 0.8101"
"40,10 : 0.8101"
"10,41 : 0.9638"
"41,10 : 0.9638"
"10,42 : 0.5914"
"42,10 : 0.5914"
"10,43 : 0.6525"
"43,10 : 0.6525"
"10,44 : 0.0632"
"44,10 : 0.0632"
"10,45 : 0.1393"
"45,10 : 0.1393"
"10,46 : 0.6277"
"46,10 : 0.6277"
"10,47 : 0.9633"
"47,10 : 0.9633"
"10,48 : 0.7783"
"48,10 : 0.7783"
"10,49 : 0.658"
"49,10 : 0.658"
"11,12 : 1.007"
"12,11 : 1.007"
"11,13 : 0.5423"
"13,11 : 0.5423"
"11,14 : 0.5665"
"14,11 : 0.5665"
"11,15 : 0.6263"
"15,11 : 0.6263"
"11,16 : 0.0943"
"16,11 : 0.0943"
"11,17 : 0.7963"
"17,11 : 0.7963"
"11,18 : 0.4397"
"18,11 : 0.4397"
"11,19 : 1.0707"
"19,11 : 1.0707"
"11,20 : 0.4464"
"20,11 : 0.4464"
"11,21 : 0.5523"
"21,11 : 0.5523"
"11,22 : 0.65"
"22,11 : 0.65"
"11,23 : 0.6912"
"23,11 : 0.6912"
"11,24 : 0.3253"
"24,11 : 0.3253"
"11,25 : 0.5009"
"25,11 : 0.5009"
"11,26 : 0.9144"
"26,11 : 0.9144"
"11,27 : 0.3912"
"27,11 : 0.3912"
"11,28 : 0.2404"
"28,11 : 0.2404"
"11,29 : 0.5993"
"29,11 : 0.5993"
"11,30 : 0.33"
"30,11 : 0.33"
"11,31 : 0.253"
"31,11 : 0.253"
"11,32 : 0.3046"
"32,11 : 0.3046"
"11,33 : 0.8828"
"33,11 : 0.8828"
"11,34 : 0.7741"
"34,11 : 0.7741"
"11,35 : 0.1942"
"35,11 : 0.1942"
"11,36 : 0.9192"
"36,11 : 0.9192"
"11,37 : 0.4"
"37,11 : 0.4"
"11,38 : 0.7178"
"38,11 : 0.7178"
"11,39 : 0.7111"
"39,11 : 0.7111"
"11,40 : 1.0118"
"40,11 : 1.0118"
"11,41 : 0.7885"
"41,11 : 0.7885"
"11,42 : 0.9044"
"42,11 : 0.9044"
"11,43 : 1.0346"
"43,11 : 1.0346"
"11,44 : 0.6801"
"44,11 : 0.6801"
"11,45 : 0.8386"
"45,11 : 0.8386"
"11,46 : 0.6868"
"46,11 : 0.6868"
"11,47 : 0.5704"
"47,11 : 0.5704"
"11,48 : 0.2902"
"48,11 : 0.2902"
"11,49 : 0.1389"
"49,11 : 0.1389"
"12,13 : 0.5798"
"13,12 : 0.5798"
"12,14 : 0.8062"
"14,12 : 0.8062"
"12,15 : 0.4627"
"15,12 : 0.4627"
"12,16 : 0.9127"
"16,12 : 0.9127"
"12,17 : 0.4441"
"17,12 : 0.4441"
"12,18 : 0.7961"
"18,12 : 0.7961"
"12,19 : 0.0762"
"19,12 : 0.0762"
"12,20 : 0.7823"
"20,12 : 0.7823"
"12,21 : 0.4549"
"21,12 : 0.4549"
"12,22 : 0.3581"
"22,12 : 0.3581"
"12,23 : 0.6017"
"23,12 : 0.6017"
"12,24 : 0.6932"
"24,12 : 0.6932"
"12,25 : 0.6185"
"25,12 : 0.6185"
"12,26 : 0.1709"
"26,12 : 0.1709"
"12,27 : 0.8336"
"27,12 : 0.8336"
"12,28 : 0.778"
"28,12 : 0.778"
"12,29 : 0.4177"
"29,12 : 0.4177"
"12,30 : 0.8756"
"30,12 : 0.8756"
"12,31 : 0.764"
"31,12 : 0.764"
"12,32 : 0.7749"
"32,12 : 0.7749"
"12,33 : 0.6107"
"33,12 : 0.6107"
"12,34 : 0.6251"
"34,12 : 0.6251"
"12,35 : 0.828"
"35,12 : 0.828"
"12,36 : 0.4144"
"36,12 : 0.4144"
"12,37 : 0.609"
"37,12 : 0.609"
"12,38 : 0.3536"
"38,12 : 0.3536"
"12,39 : 0.8276"
"39,12 : 0.8276"
"12,40 : 0.2561"
"40,12 : 0.2561"
"12,41 : 0.6768"
"41,12 : 0.6768"
"12,42 : 0.1118"
"42,12 : 0.1118"
"12,43 : 0.0283"
"43,12 : 0.0283"
"12,44 : 0.5757"
"44,12 : 0.5757"
"12,45 : 0.6603"
"45,12 : 0.6603"
"12,46 : 0.3912"
"46,12 : 0.3912"
"12,47 : 0.8705"
"47,12 : 0.8705"
"12,48 : 0.8764"
"48,12 : 0.8764"
"12,49 : 0.8859"
"49,12 : 0.8859"
"13,14 : 0.2502"
"14,13 : 0.2502"
"13,15 : 0.4649"
"15,13 : 0.4649"
"13,16 : 0.46"
"16,13 : 0.46"
"13,17 : 0.255"
"17,13 : 0.255"
"13,18 : 0.2163"
"18,13 : 0.2163"
"13,19 : 0.6551"
"19,13 : 0.6551"
"13,20 : 0.2025"
"20,13 : 0.2025"
"13,21 : 0.25"
"21,13 : 0.25"
"13,22 : 0.2807"
"22,13 : 0.2807"
"13,23 : 0.1749"
"23,13 : 0.1749"
"13,24 : 0.3585"
"24,13 : 0.3585"
"13,25 : 0.0447"
"25,13 : 0.0447"
"13,26 : 0.5701"
"26,13 : 0.5701"
"13,27 : 0.6129"
"27,13 : 0.6129"
"13,28 : 0.3106"
"28,13 : 0.3106"
"13,29 : 0.21"
"29,13 : 0.21"
"13,30 : 0.6083"
"30,13 : 0.6083"
"13,31 : 0.3015"
"31,13 : 0.3015"
"13,32 : 0.4789"
"32,13 : 0.4789"
"13,33 : 0.3606"
"33,13 : 0.3606"
"13,34 : 0.2642"
"34,13 : 0.2642"
"13,35 : 0.3501"
"35,13 : 0.3501"
"13,36 : 0.3785"
"36,13 : 0.3785"
"13,37 : 0.2907"
"37,13 : 0.2907"
"13,38 : 0.228"
"38,13 : 0.228"
"13,39 : 0.828"
"39,13 : 0.828"
"13,40 : 0.7061"
"40,13 : 0.7061"
"13,41 : 0.7829"
"41,13 : 0.7829"
"13,42 : 0.5108"
"42,13 : 0.5108"
"13,43 : 0.6075"
"43,13 : 0.6075"
"13,44 : 0.1523"
"44,13 : 0.1523"
"13,45 : 0.3362"
"45,13 : 0.3362"
"13,46 : 0.4669"
"46,13 : 0.4669"
"13,47 : 0.7642"
"47,13 : 0.7642"
"13,48 : 0.5818"
"48,13 : 0.5818"
"13,49 : 0.4752"
"49,13 : 0.4752"
"14,15 : 0.7041"
"15,14 : 0.7041"
"14,16 : 0.5148"
"16,14 : 0.5148"
"14,17 : 0.397"
"17,14 : 0.397"
"14,18 : 0.1304"
"18,14 : 0.1304"
"14,19 : 0.8824"
"19,14 : 0.8824"
"14,20 : 0.1281"
"20,14 : 0.1281"
"14,21 : 0.4937"
"21,14 : 0.4937"
"14,22 : 0.5308"
"22,14 : 0.5308"
"14,23 : 0.2263"
"23,14 : 0.2263"
"14,24 : 0.5243"
"24,14 : 0.5243"
"14,25 : 0.2319"
"25,14 : 0.2319"
"14,26 : 0.8158"
"26,14 : 0.8158"
"14,27 : 0.7734"
"27,14 : 0.7734"
"14,28 : 0.4036"
"28,14 : 0.4036"
"14,29 : 0.4601"
"29,14 : 0.4601"
"14,30 : 0.7495"
"30,14 : 0.7495"
"14,31 : 0.4031"
"31,14 : 0.4031"
"14,32 : 0.6313"
"32,14 : 0.6313"
"14,33 : 0.3734"
"33,14 : 0.3734"
"14,34 : 0.2683"
"34,14 : 0.2683"
"14,35 : 0.4162"
"35,14 : 0.4162"
"14,36 : 0.5033"
"36,14 : 0.5033"
"14,37 : 0.4875"
"37,14 : 0.4875"
"14,38 : 0.4554"
"38,14 : 0.4554"
"14,39 : 1.0335"
"39,14 : 1.0335"
"14,40 : 0.9535"
"40,14 : 0.9535"
"14,41 : 1.0119"
"41,14 : 1.0119"
"14,42 : 0.75"
"42,14 : 0.75"
"14,43 : 0.8326"
"43,14 : 0.8326"
"14,44 : 0.2421"
"44,14 : 0.2421"
"14,45 : 0.3105"
"45,14 : 0.3105"
"14,46 : 0.7134"
"46,14 : 0.7134"
"14,47 : 0.9463"
"47,14 : 0.9463"
"14,48 : 0.7145"
"48,14 : 0.7145"
"14,49 : 0.5604"
"49,14 : 0.5604"
"15,16 : 0.5382"
"16,15 : 0.5382"
"15,17 : 0.5587"
"17,15 : 0.5587"
"15,18 : 0.6207"
"18,15 : 0.6207"
"15,19 : 0.5045"
"19,15 : 0.5045"
"15,20 : 0.6113"
"20,15 : 0.6113"
"15,21 : 0.2154"
"21,15 : 0.2154"
"15,22 : 0.2335"
"22,15 : 0.2335"
"15,23 : 0.609"
"23,15 : 0.609"
"15,24 : 0.3053"
"24,15 : 0.3053"
"15,25 : 0.473"
"25,15 : 0.473"
"15,26 : 0.3195"
"26,15 : 0.3195"
"15,27 : 0.3736"
"27,15 : 0.3736"
"15,28 : 0.4494"
"28,15 : 0.4494"
"15,29 : 0.2746"
"29,15 : 0.2746"
"15,30 : 0.4215"
"30,15 : 0.4215"
"15,31 : 0.4366"
"31,15 : 0.4366"
"15,32 : 0.3421"
"32,15 : 0.3421"
"15,33 : 0.7441"
"33,15 : 0.7441"
"15,34 : 0.6851"
"34,15 : 0.6851"
"15,35 : 0.4924"
"35,15 : 0.4924"
"15,36 : 0.6325"
"36,15 : 0.6325"
"15,37 : 0.2596"
"37,15 : 0.2596"
"15,38 : 0.3895"
"38,15 : 0.3895"
"15,39 : 0.4134"
"39,15 : 0.4134"
"15,40 : 0.3905"
"40,15 : 0.3905"
"15,41 : 0.3245"
"41,15 : 0.3245"
"15,42 : 0.3513"
"42,15 : 0.3513"
"15,43 : 0.4851"
"43,15 : 0.4851"
"15,44 : 0.578"
"44,15 : 0.578"
"15,45 : 0.7521"
"45,15 : 0.7521"
"15,46 : 0.0728"
"46,15 : 0.0728"
"15,47 : 0.4177"
"47,15 : 0.4177"
"15,48 : 0.4294"
"48,15 : 0.4294"
"15,49 : 0.4892"
"49,15 : 0.4892"
"16,17 : 0.7118"
"17,16 : 0.7118"
"16,18 : 0.3847"
"18,16 : 0.3847"
"16,19 : 0.9765"
"19,16 : 0.9765"
"16,20 : 0.3891"
"20,16 : 0.3891"
"16,21 : 0.4579"
"21,16 : 0.4579"
"16,22 : 0.5557"
"22,16 : 0.5557"
"16,23 : 0.6166"
"23,16 : 0.6166"
"16,24 : 0.2343"
"24,16 : 0.2343"
"16,25 : 0.4205"
"25,16 : 0.4205"
"16,26 : 0.8213"
"26,16 : 0.8213"
"16,27 : 0.3437"
"27,16 : 0.3437"
"16,28 : 0.1513"
"28,16 : 0.1513"
"16,29 : 0.5057"
"29,16 : 0.5057"
"16,30 : 0.2912"
"30,16 : 0.2912"
"16,31 : 0.1628"
"31,16 : 0.1628"
"16,32 : 0.2335"
"32,16 : 0.2335"
"16,33 : 0.8089"
"33,16 : 0.8089"
"16,34 : 0.7021"
"34,16 : 0.7021"
"16,35 : 0.1105"
"35,16 : 0.1105"
"16,36 : 0.8338"
"36,16 : 0.8338"
"16,37 : 0.3061"
"37,16 : 0.3061"
"16,38 : 0.6264"
"38,16 : 0.6264"
"16,39 : 0.6612"
"39,16 : 0.6612"
"16,40 : 0.921"
"40,16 : 0.921"
"16,41 : 0.7218"
"41,16 : 0.7218"
"16,42 : 0.8102"
"42,16 : 0.8102"
"16,43 : 0.9403"
"43,16 : 0.9403"
"16,44 : 0.603"
"44,16 : 0.603"
"16,45 : 0.769"
"45,16 : 0.769"
"16,46 : 0.5967"
"46,16 : 0.5967"
"16,47 : 0.5295"
"47,16 : 0.5295"
"16,48 : 0.25"
"48,16 : 0.25"
"16,49 : 0.0707"
"49,16 : 0.0707"
"17,18 : 0.4357"
"18,17 : 0.4357"
"17,19 : 0.5179"
"19,17 : 0.5179"
"17,20 : 0.4219"
"20,17 : 0.4219"
"17,21 : 0.3722"
"21,17 : 0.3722"
"17,22 : 0.3253"
"22,17 : 0.3253"
"17,23 : 0.172"
"23,17 : 0.172"
"17,24 : 0.5749"
"24,17 : 0.5749"
"17,25 : 0.2983"
"25,17 : 0.2983"
"17,26 : 0.5099"
"26,17 : 0.5099"
"17,27 : 0.8134"
"27,17 : 0.8134"
"17,28 : 0.5608"
"28,17 : 0.5608"
"17,29 : 0.2968"
"29,17 : 0.2968"
"17,30 : 0.8228"
"30,17 : 0.8228"
"17,31 : 0.5504"
"31,17 : 0.5504"
"17,32 : 0.6938"
"32,17 : 0.6938"
"17,33 : 0.1924"
"33,17 : 0.1924"
"17,34 : 0.1811"
"34,17 : 0.1811"
"17,35 : 0.603"
"35,17 : 0.603"
"17,36 : 0.1237"
"36,17 : 0.1237"
"17,37 : 0.4904"
"37,17 : 0.4904"
"17,38 : 0.1703"
"38,17 : 0.1703"
"17,39 : 0.9667"
"39,17 : 0.9667"
"17,40 : 0.6478"
"40,17 : 0.6478"
"17,41 : 0.8786"
"41,17 : 0.8786"
"17,42 : 0.423"
"42,17 : 0.423"
"17,43 : 0.4669"
"43,17 : 0.4669"
"17,44 : 0.1556"
"44,17 : 0.1556"
"17,45 : 0.2236"
"45,17 : 0.2236"
"17,46 : 0.5263"
"46,17 : 0.5263"
"17,47 : 0.9365"
"47,17 : 0.9365"
"17,48 : 0.8028"
"48,17 : 0.8028"
"17,49 : 0.7203"
"49,17 : 0.7203"
"18,19 : 0.8713"
"19,18 : 0.8713"
"18,20 : 0.0141"
"20,18 : 0.0141"
"18,21 : 0.423"
"21,18 : 0.423"
"18,22 : 0.4808"
"22,18 : 0.4808"
"18,23 : 0.2846"
"23,18 : 0.2846"
"18,24 : 0.4071"
"24,18 : 0.4071"
"18,25 : 0.1789"
"25,18 : 0.1789"
"18,26 : 0.7783"
"26,18 : 0.7783"
"18,27 : 0.65"
"27,18 : 0.65"
"18,28 : 0.2759"
"28,18 : 0.2759"
"18,29 : 0.408"
"29,18 : 0.408"
"18,30 : 0.6229"
"30,18 : 0.6229"
"18,31 : 0.2766"
"31,18 : 0.2766"
"18,32 : 0.508"
"32,18 : 0.508"
"18,33 : 0.4639"
"33,18 : 0.4639"
"18,34 : 0.3536"
"34,18 : 0.3536"
"18,35 : 0.286"
"35,18 : 0.286"
"18,36 : 0.5547"
"36,18 : 0.5547"
"18,37 : 0.3833"
"37,18 : 0.3833"
"18,38 : 0.4441"
"38,18 : 0.4441"
"18,39 : 0.922"
"39,18 : 0.922"
"18,40 : 0.9109"
"40,18 : 0.9109"
"18,41 : 0.9144"
"41,18 : 0.9144"
"18,42 : 0.7245"
"42,18 : 0.7245"
"18,43 : 0.8238"
"43,18 : 0.8238"
"18,44 : 0.2864"
"44,18 : 0.2864"
"18,45 : 0.4101"
"45,18 : 0.4101"
"18,46 : 0.6412"
"46,18 : 0.6412"
"18,47 : 0.8268"
"47,18 : 0.8268"
"18,48 : 0.5869"
"48,18 : 0.5869"
"18,49 : 0.4301"
"49,18 : 0.4301"
"19,20 : 0.8576"
"20,19 : 0.8576"
"19,21 : 0.5201"
"21,19 : 0.5201"
"19,22 : 0.4252"
"22,19 : 0.4252"
"19,23 : 0.6772"
"23,19 : 0.6772"
"19,24 : 0.7529"
"24,19 : 0.7529"
"19,25 : 0.6934"
"25,19 : 0.6934"
"19,26 : 0.1903"
"26,19 : 0.1903"
"19,27 : 0.878"
"27,19 : 0.878"
"19,28 : 0.845"
"28,19 : 0.845"
"19,29 : 0.488"
"29,19 : 0.488"
"19,30 : 0.9235"
"30,19 : 0.9235"
"19,31 : 0.831"
"31,19 : 0.831"
"19,32 : 0.8286"
"32,19 : 0.8286"
"19,33 : 0.68"
"33,19 : 0.68"
"19,34 : 0.6987"
"34,19 : 0.6987"
"19,35 : 0.895"
"35,19 : 0.895"
"19,36 : 0.4809"
"36,19 : 0.4809"
"19,37 : 0.6712"
"37,19 : 0.6712"
"19,38 : 0.4294"
"38,19 : 0.4294"
"19,39 : 0.8459"
"39,19 : 0.8459"
"19,40 : 0.2302"
"40,19 : 0.2302"
"19,41 : 0.6866"
"41,19 : 0.6866"
"19,42 : 0.1664"
"42,19 : 0.1664"
"19,43 : 0.051"
"43,19 : 0.051"
"19,44 : 0.6515"
"44,19 : 0.6515"
"19,45 : 0.7317"
"45,19 : 0.7317"
"19,46 : 0.4317"
"46,19 : 0.4317"
"19,47 : 0.9009"
"47,19 : 0.9009"
"19,48 : 0.927"
"48,19 : 0.927"
"19,49 : 0.9467"
"49,19 : 0.9467"
"20,21 : 0.4119"
"21,20 : 0.4119"
"20,22 : 0.4684"
"22,20 : 0.4684"
"20,23 : 0.272"
"23,20 : 0.272"
"20,24 : 0.4031"
"24,20 : 0.4031"
"20,25 : 0.1655"
"25,20 : 0.1655"
"20,26 : 0.7655"
"26,20 : 0.7655"
"20,27 : 0.6482"
"27,20 : 0.6482"
"20,28 : 0.2759"
"28,20 : 0.2759"
"20,29 : 0.3956"
"29,20 : 0.3956"
"20,30 : 0.6224"
"30,20 : 0.6224"
"20,31 : 0.2759"
"31,20 : 0.2759"
"20,32 : 0.5061"
"32,20 : 0.5061"
"20,33 : 0.4528"
"33,20 : 0.4528"
"20,34 : 0.3423"
"34,20 : 0.3423"
"20,35 : 0.2884"
"35,20 : 0.2884"
"20,36 : 0.5412"
"36,20 : 0.5412"
"20,37 : 0.3764"
"37,20 : 0.3764"
"20,38 : 0.4301"
"38,20 : 0.4301"
"20,39 : 0.9171"
"39,20 : 0.9171"
"20,40 : 0.8984"
"40,20 : 0.8984"
"20,41 : 0.9071"
"41,20 : 0.9071"
"20,42 : 0.7111"
"42,20 : 0.7111"
"20,43 : 0.8099"
"43,20 : 0.8099"
"20,44 : 0.2731"
"44,20 : 0.2731"
"20,45 : 0.4"
"45,20 : 0.4"
"20,46 : 0.6307"
"46,20 : 0.6307"
"20,47 : 0.8238"
"47,20 : 0.8238"
"20,48 : 0.5869"
"48,20 : 0.5869"
"20,49 : 0.4327"
"49,20 : 0.4327"
"21,22 : 0.0985"
"22,21 : 0.0985"
"21,23 : 0.3966"
"23,21 : 0.3966"
"21,24 : 0.2474"
"24,21 : 0.2474"
"21,25 : 0.2617"
"25,21 : 0.2617"
"21,26 : 0.3801"
"26,21 : 0.3801"
"21,27 : 0.4512"
"27,21 : 0.4512"
"21,28 : 0.3256"
"28,21 : 0.3256"
"21,29 : 0.0762"
"29,21 : 0.0762"
"21,30 : 0.4717"
"30,21 : 0.4717"
"21,31 : 0.3114"
"31,21 : 0.3114"
"21,32 : 0.3501"
"32,21 : 0.3501"
"21,33 : 0.5456"
"33,21 : 0.5456"
"21,34 : 0.4763"
"34,21 : 0.4763"
"21,35 : 0.3754"
"35,21 : 0.3754"
"21,36 : 0.4682"
"36,21 : 0.4682"
"21,37 : 0.1581"
"37,21 : 0.1581"
"21,38 : 0.2184"
"38,21 : 0.2184"
"21,39 : 0.6011"
"39,21 : 0.6011"
"21,40 : 0.5009"
"40,21 : 0.5009"
"21,41 : 0.5371"
"41,21 : 0.5371"
"21,42 : 0.3547"
"42,21 : 0.3547"
"21,43 : 0.4826"
"43,21 : 0.4826"
"21,44 : 0.3662"
"44,21 : 0.3662"
"21,45 : 0.5456"
"45,21 : 0.5456"
"21,46 : 0.2202"
"46,21 : 0.2202"
"21,47 : 0.5644"
"47,21 : 0.5644"
"21,48 : 0.46"
"48,21 : 0.46"
"21,49 : 0.4346"
"49,21 : 0.4346"
"22,23 : 0.3922"
"23,22 : 0.3922"
"22,24 : 0.3448"
"24,22 : 0.3448"
"22,25 : 0.3059"
"25,22 : 0.3059"
"22,26 : 0.2997"
"26,22 : 0.2997"
"22,27 : 0.5334"
"27,22 : 0.5334"
"22,28 : 0.4201"
"28,22 : 0.4201"
"22,29 : 0.0728"
"29,22 : 0.0728"
"22,30 : 0.56"
"30,22 : 0.56"
"22,31 : 0.4061"
"31,22 : 0.4061"
"22,32 : 0.4428"
"32,22 : 0.4428"
"22,33 : 0.5122"
"33,22 : 0.5122"
"22,34 : 0.4607"
"34,22 : 0.4607"
"22,35 : 0.4701"
"35,22 : 0.4701"
"22,36 : 0.4031"
"36,22 : 0.4031"
"22,37 : 0.2563"
"37,22 : 0.2563"
"22,38 : 0.1562"
"38,22 : 0.1562"
"22,39 : 0.644"
"39,22 : 0.644"
"22,40 : 0.4301"
"40,22 : 0.4301"
"22,41 : 0.5544"
"41,22 : 0.5544"
"22,42 : 0.2617"
"42,22 : 0.2617"
"22,43 : 0.386"
"43,22 : 0.386"
"22,44 : 0.3606"
"44,22 : 0.3606"
"22,45 : 0.5248"
"45,22 : 0.5248"
"22,46 : 0.2059"
"46,22 : 0.2059"
"22,47 : 0.6277"
"47,22 : 0.6277"
"22,48 : 0.5515"
"48,22 : 0.5515"
"22,49 : 0.5331"
"49,22 : 0.5331"
"23,24 : 0.5334"
"24,23 : 0.5334"
"23,25 : 0.2025"
"25,23 : 0.2025"
"23,26 : 0.64"
"26,23 : 0.64"
"23,27 : 0.7877"
"27,23 : 0.7877"
"23,28 : 0.473"
"28,23 : 0.473"
"23,29 : 0.3354"
"29,23 : 0.3354"
"23,30 : 0.7829"
"30,23 : 0.7829"
"23,31 : 0.4657"
"31,23 : 0.4657"
"23,32 : 0.6537"
"32,23 : 0.6537"
"23,33 : 0.1924"
"33,23 : 0.1924"
"23,34 : 0.0894"
"34,23 : 0.0894"
"23,35 : 0.5064"
"35,23 : 0.5064"
"23,36 : 0.278"
"36,23 : 0.278"
"23,37 : 0.464"
"37,23 : 0.464"
"23,38 : 0.2702"
"38,23 : 0.2702"
"23,39 : 0.9925"
"39,23 : 0.9925"
"23,40 : 0.78"
"40,23 : 0.78"
"23,41 : 0.933"
"41,23 : 0.933"
"23,42 : 0.5622"
"42,23 : 0.5622"
"23,43 : 0.6264"
"43,23 : 0.6264"
"23,44 : 0.0316"
"44,23 : 0.0316"
"23,45 : 0.1612"
"45,23 : 0.1612"
"23,46 : 0.5962"
"46,23 : 0.5962"
"23,47 : 0.9361"
"47,23 : 0.9361"
"23,48 : 0.7558"
"48,23 : 0.7558"
"23,49 : 0.6403"
"49,23 : 0.6403"
"24,25 : 0.336"
"25,24 : 0.336"
"24,26 : 0.5903"
"26,24 : 0.5903"
"24,27 : 0.2561"
"27,24 : 0.2561"
"24,28 : 0.16"
"28,24 : 0.16"
"24,29 : 0.3114"
"29,24 : 0.3114"
"24,30 : 0.2508"
"30,24 : 0.2508"
"24,31 : 0.1503"
"31,24 : 0.1503"
"24,32 : 0.1208"
"32,24 : 0.1208"
"24,33 : 0.7159"
"33,24 : 0.7159"
"24,34 : 0.6227"
"34,24 : 0.6227"
"24,35 : 0.1942"
"35,24 : 0.1942"
"24,36 : 0.6873"
"36,24 : 0.6873"
"24,37 : 0.0906"
"37,24 : 0.0906"
"24,38 : 0.45"
"38,24 : 0.45"
"24,39 : 0.5162"
"39,24 : 0.5162"
"24,40 : 0.6868"
"40,24 : 0.6868"
"24,41 : 0.5304"
"41,24 : 0.5304"
"24,42 : 0.5867"
"42,24 : 0.5867"
"24,43 : 0.7201"
"43,24 : 0.7201"
"24,44 : 0.51"
"44,24 : 0.51"
"24,45 : 0.6946"
"45,24 : 0.6946"
"24,46 : 0.3624"
"46,24 : 0.3624"
"24,47 : 0.422"
"47,24 : 0.422"
"24,48 : 0.228"
"48,24 : 0.228"
"24,49 : 0.1942"
"49,24 : 0.1942"
"25,26 : 0.6008"
"26,25 : 0.6008"
"25,27 : 0.592"
"27,25 : 0.592"
"25,28 : 0.2729"
"28,25 : 0.2729"
"25,29 : 0.2335"
"29,25 : 0.2335"
"25,30 : 0.5831"
"30,25 : 0.5831"
"25,31 : 0.2648"
"31,25 : 0.2648"
"25,32 : 0.4549"
"32,25 : 0.4549"
"25,33 : 0.3929"
"33,25 : 0.3929"
"25,34 : 0.2915"
"34,25 : 0.2915"
"25,35 : 0.3102"
"35,25 : 0.3102"
"25,36 : 0.422"
"36,25 : 0.422"
"25,37 : 0.2766"
"37,25 : 0.2766"
"25,38 : 0.2691"
"38,25 : 0.2691"
"25,39 : 0.821"
"39,25 : 0.821"
"25,40 : 0.735"
"40,25 : 0.735"
"25,41 : 0.7855"
"41,25 : 0.7855"
"25,42 : 0.5456"
"42,25 : 0.5456"
"25,43 : 0.6464"
"43,25 : 0.6464"
"25,44 : 0.1844"
"44,25 : 0.1844"
"25,45 : 0.3625"
"45,25 : 0.3625"
"25,46 : 0.4817"
"46,25 : 0.4817"
"25,47 : 0.7497"
"47,25 : 0.7497"
"25,48 : 0.5547"
"48,25 : 0.5547"
"25,49 : 0.4393"
"49,25 : 0.4393"
"26,27 : 0.6926"
"27,26 : 0.6926"
"26,28 : 0.7018"
"28,26 : 0.7018"
"26,29 : 0.3716"
"29,26 : 0.3716"
"26,30 : 0.7409"
"30,26 : 0.7409"
"26,31 : 0.6877"
"31,26 : 0.6877"
"26,32 : 0.6537"
"32,26 : 0.6537"
"26,33 : 0.6964"
"33,26 : 0.6964"
"26,34 : 0.6847"
"34,26 : 0.6847"
"26,35 : 0.7507"
"35,26 : 0.7507"
"26,36 : 0.5189"
"36,26 : 0.5189"
"26,37 : 0.5162"
"37,26 : 0.5162"
"26,38 : 0.3701"
"38,26 : 0.3701"
"26,39 : 0.6592"
"39,26 : 0.6592"
"26,40 : 0.14"
"40,26 : 0.14"
"26,41 : 0.506"
"41,26 : 0.506"
"26,42 : 0.0943"
"42,26 : 0.0943"
"26,43 : 0.1844"
"43,26 : 0.1844"
"26,44 : 0.6101"
"44,26 : 0.6101"
"26,45 : 0.7335"
"45,26 : 0.7335"
"26,46 : 0.247"
"46,26 : 0.247"
"26,47 : 0.7106"
"47,26 : 0.7106"
"26,48 : 0.7473"
"48,26 : 0.7473"
"26,49 : 0.7841"
"49,26 : 0.7841"
"27,28 : 0.3774"
"28,27 : 0.3774"
"27,29 : 0.5263"
"29,27 : 0.5263"
"27,30 : 0.0671"
"30,27 : 0.0671"
"27,31 : 0.3744"
"31,27 : 0.3744"
"27,32 : 0.1421"
"32,27 : 0.1421"
"27,33 : 0.9665"
"33,27 : 0.9665"
"27,34 : 0.8766"
"34,27 : 0.8766"
"27,35 : 0.3848"
"35,27 : 0.3848"
"27,36 : 0.9176"
"36,27 : 0.9176"
"27,37 : 0.3265"
"37,27 : 0.3265"
"27,38 : 0.6694"
"38,27 : 0.6694"
"27,39 : 0.3202"
"39,27 : 0.3202"
"27,40 : 0.7471"
"40,27 : 0.7471"
"27,41 : 0.4115"
"41,27 : 0.4115"
"27,42 : 0.7218"
"42,27 : 0.7218"
"27,43 : 0.857"
"43,27 : 0.857"
"27,44 : 0.7632"
"44,27 : 0.7632"
"27,45 : 0.9487"
"45,27 : 0.9487"
"27,46 : 0.4464"
"46,27 : 0.4464"
"27,47 : 0.1868"
"47,27 : 0.1868"
"27,48 : 0.102"
"48,27 : 0.102"
"27,49 : 0.2729"
"49,27 : 0.2729"
"28,29 : 0.3636"
"29,28 : 0.3636"
"28,30 : 0.3471"
"30,28 : 0.3471"
"28,31 : 0.0141"
"31,28 : 0.0141"
"28,32 : 0.2371"
"32,28 : 0.2371"
"28,33 : 0.6649"
"33,28 : 0.6649"
"28,34 : 0.5604"
"34,28 : 0.5604"
"28,35 : 0.05"
"35,28 : 0.05"
"28,36 : 0.6826"
"36,28 : 0.6826"
"28,37 : 0.1924"
"37,28 : 0.1924"
"28,38 : 0.4776"
"38,28 : 0.4776"
"28,39 : 0.6676"
"39,28 : 0.6676"
"28,40 : 0.8127"
"40,28 : 0.8127"
"28,41 : 0.6903"
"41,28 : 0.6903"
"28,42 : 0.6801"
"42,28 : 0.6801"
"28,43 : 0.806"
"43,28 : 0.806"
"28,44 : 0.4571"
"44,28 : 0.4571"
"28,45 : 0.6294"
"45,28 : 0.6294"
"28,46 : 0.4965"
"46,28 : 0.4965"
"28,47 : 0.559"
"47,28 : 0.559"
"28,48 : 0.3111"
"48,28 : 0.3111"
"28,49 : 0.1676"
"49,28 : 0.1676"
"29,30 : 0.5445"
"30,29 : 0.5445"
"29,31 : 0.3499"
"31,29 : 0.3499"
"29,32 : 0.4205"
"32,29 : 0.4205"
"29,33 : 0.4738"
"33,29 : 0.4738"
"29,34 : 0.4105"
"34,29 : 0.4105"
"29,35 : 0.4134"
"35,29 : 0.4134"
"29,36 : 0.3922"
"36,29 : 0.3922"
"29,37 : 0.2209"
"37,29 : 0.2209"
"29,38 : 0.1432"
"38,29 : 0.1432"
"29,39 : 0.6727"
"39,29 : 0.6727"
"29,40 : 0.5029"
"40,29 : 0.5029"
"29,41 : 0.5991"
"41,29 : 0.5991"
"29,42 : 0.328"
"42,29 : 0.328"
"29,43 : 0.446"
"43,29 : 0.446"
"29,44 : 0.3041"
"44,29 : 0.3041"
"29,45 : 0.478"
"45,29 : 0.478"
"29,46 : 0.2625"
"46,29 : 0.2625"
"29,47 : 0.6401"
"47,29 : 0.6401"
"29,48 : 0.5308"
"48,29 : 0.5308"
"29,49 : 0.4904"
"49,29 : 0.4904"
"30,31 : 0.3466"
"31,30 : 0.3466"
"30,32 : 0.13"
"32,30 : 0.13"
"30,33 : 0.9666"
"33,30 : 0.9666"
"30,34 : 0.8724"
"34,30 : 0.8724"
"30,35 : 0.3467"
"35,30 : 0.3467"
"30,36 : 0.9317"
"36,30 : 0.9317"
"30,37 : 0.3324"
"37,30 : 0.3324"
"30,38 : 0.6873"
"38,30 : 0.6873"
"30,39 : 0.3821"
"39,30 : 0.3821"
"30,40 : 0.8026"
"40,30 : 0.8026"
"30,41 : 0.4785"
"41,30 : 0.4785"
"30,42 : 0.764"
"42,30 : 0.764"
"30,43 : 0.8999"
"43,30 : 0.8999"
"30,44 : 0.7603"
"44,30 : 0.7603"
"30,45 : 0.9441"
"45,30 : 0.9441"
"30,46 : 0.494"
"46,30 : 0.494"
"30,47 : 0.2408"
"47,30 : 0.2408"
"30,48 : 0.0412"
"48,30 : 0.0412"
"30,49 : 0.2214"
"49,30 : 0.2214"
"31,32 : 0.2332"
"32,31 : 0.2332"
"31,33 : 0.6573"
"33,31 : 0.6573"
"31,34 : 0.5536"
"34,31 : 0.5536"
"31,35 : 0.064"
"35,31 : 0.064"
"31,36 : 0.6719"
"36,31 : 0.6719"
"31,37 : 0.1789"
"37,31 : 0.1789"
"31,38 : 0.4649"
"38,31 : 0.4649"
"31,39 : 0.661"
"39,31 : 0.661"
"31,40 : 0.7988"
"40,31 : 0.7988"
"31,41 : 0.6807"
"41,31 : 0.6807"
"31,42 : 0.666"
"42,31 : 0.666"
"31,43 : 0.792"
"43,31 : 0.792"
"31,44 : 0.4491"
"44,31 : 0.4491"
"31,45 : 0.623"
"45,31 : 0.623"
"31,46 : 0.483"
"46,31 : 0.483"
"31,47 : 0.5547"
"47,31 : 0.5547"
"31,48 : 0.3114"
"48,31 : 0.3114"
"31,49 : 0.1746"
"49,31 : 0.1746"
"32,33 : 0.8367"
"33,32 : 0.8367"
"32,34 : 0.743"
"34,32 : 0.743"
"32,35 : 0.25"
"35,32 : 0.25"
"32,36 : 0.8041"
"36,32 : 0.8041"
"32,37 : 0.204"
"37,32 : 0.204"
"32,38 : 0.5622"
"38,32 : 0.5622"
"32,39 : 0.4374"
"39,32 : 0.4374"
"32,40 : 0.7325"
"40,32 : 0.7325"
"32,41 : 0.4884"
"41,32 : 0.4884"
"32,42 : 0.6648"
"42,32 : 0.6648"
"32,43 : 0.8006"
"43,32 : 0.8006"
"32,44 : 0.6306"
"44,32 : 0.6306"
"32,45 : 0.8149"
"45,32 : 0.8149"
"32,46 : 0.4105"
"46,32 : 0.4105"
"32,47 : 0.322"
"47,32 : 0.322"
"32,48 : 0.1105"
"48,32 : 0.1105"
"32,49 : 0.1676"
"49,32 : 0.1676"
"33,34 : 0.1105"
"34,33 : 0.1105"
"33,35 : 0.6987"
"35,33 : 0.6987"
"33,36 : 0.2022"
"36,33 : 0.2022"
"33,37 : 0.6401"
"37,33 : 0.6401"
"33,38 : 0.3606"
"38,33 : 0.3606"
"33,39 : 1.1463"
"39,33 : 1.1463"
"33,40 : 0.832"
"40,33 : 0.832"
"33,41 : 1.0667"
"41,33 : 1.0667"
"33,42 : 0.6064"
"42,33 : 0.6064"
"33,43 : 0.6301"
"43,33 : 0.6301"
"33,44 : 0.2088"
"44,33 : 0.2088"
"33,45 : 0.0707"
"45,33 : 0.0707"
"33,46 : 0.7161"
"46,33 : 0.7161"
"33,47 : 1.1044"
"47,33 : 1.1044"
"33,48 : 0.9415"
"48,33 : 0.9415"
"33,49 : 0.832"
"49,33 : 0.832"
"34,35 : 0.5923"
"35,34 : 0.5923"
"34,36 : 0.2524"
"36,34 : 0.2524"
"34,37 : 0.5522"
"37,34 : 0.5522"
"34,38 : 0.3228"
"38,34 : 0.3228"
"34,39 : 1.0756"
"39,34 : 1.0756"
"34,40 : 0.8239"
"40,34 : 0.8239"
"34,41 : 1.0096"
"41,34 : 1.0096"
"34,42 : 0.6007"
"42,34 : 0.6007"
"34,43 : 0.6478"
"43,34 : 0.6478"
"34,44 : 0.114"
"44,34 : 0.114"
"34,45 : 0.0721"
"45,34 : 0.0721"
"34,46 : 0.6665"
"46,34 : 0.6665"
"34,47 : 1.023"
"47,34 : 1.023"
"34,48 : 0.8453"
"48,34 : 0.8453"
"34,49 : 0.728"
"49,34 : 0.728"
"35,36 : 0.7256"
"36,35 : 0.7256"
"35,37 : 0.2385"
"37,35 : 0.2385"
"35,38 : 0.5255"
"38,35 : 0.5255"
"35,39 : 0.6866"
"39,35 : 0.6866"
"35,40 : 0.8602"
"40,35 : 0.8602"
"35,41 : 0.7203"
"41,35 : 0.7203"
"35,42 : 0.73"
"42,35 : 0.73"
"35,43 : 0.856"
"43,35 : 0.856"
"35,44 : 0.4925"
"44,35 : 0.4925"
"35,45 : 0.6597"
"45,35 : 0.6597"
"35,46 : 0.542"
"46,35 : 0.542"
"35,47 : 0.5701"
"47,35 : 0.5701"
"35,48 : 0.3081"
"48,35 : 0.3081"
"35,49 : 0.1442"
"49,35 : 0.1442"
"36,37 : 0.6002"
"37,36 : 0.6002"
"36,38 : 0.2508"
"38,36 : 0.2508"
"36,39 : 1.0456"
"39,36 : 1.0456"
"36,40 : 0.6485"
"40,36 : 0.6485"
"36,41 : 0.9418"
"41,36 : 0.9418"
"36,42 : 0.4254"
"42,36 : 0.4254"
"36,43 : 0.4319"
"43,36 : 0.4319"
"36,44 : 0.2693"
"44,36 : 0.2693"
"36,45 : 0.2625"
"45,36 : 0.2625"
"36,46 : 0.589"
"46,36 : 0.589"
"36,47 : 1.0288"
"47,36 : 1.0288"
"36,48 : 0.9141"
"48,36 : 0.9141"
"36,49 : 0.8401"
"49,36 : 0.8401"
"37,38 : 0.3601"
"38,37 : 0.3601"
"37,39 : 0.5471"
"39,37 : 0.5471"
"37,40 : 0.622"
"40,37 : 0.622"
"37,41 : 0.5315"
"41,37 : 0.5315"
"37,42 : 0.5048"
"42,37 : 0.5048"
"37,43 : 0.6363"
"43,37 : 0.6363"
"37,44 : 0.4383"
"44,37 : 0.4383"
"37,45 : 0.6243"
"45,37 : 0.6243"
"37,46 : 0.3041"
"46,37 : 0.3041"
"37,47 : 0.4738"
"47,37 : 0.4738"
"37,48 : 0.314"
"48,37 : 0.314"
"37,49 : 0.2773"
"49,37 : 0.2773"
"38,39 : 0.8"
"39,38 : 0.8"
"38,40 : 0.5101"
"40,38 : 0.5101"
"38,41 : 0.7084"
"41,38 : 0.7084"
"38,42 : 0.2961"
"42,38 : 0.2961"
"38,43 : 0.3808"
"43,38 : 0.3808"
"38,44 : 0.24"
"44,38 : 0.24"
"38,45 : 0.3808"
"45,38 : 0.3808"
"38,46 : 0.3561"
"46,38 : 0.3561"
"38,47 : 0.7782"
"47,38 : 0.7782"
"38,48 : 0.6727"
"48,38 : 0.6727"
"38,49 : 0.6198"
"49,38 : 0.6198"
"39,40 : 0.6507"
"40,39 : 0.6507"
"39,41 : 0.1772"
"41,39 : 0.1772"
"39,42 : 0.7253"
"42,39 : 0.7253"
"39,43 : 0.8434"
"43,39 : 0.8434"
"39,44 : 0.9633"
"44,39 : 0.9633"
"39,45 : 1.1459"
"45,39 : 1.1459"
"39,46 : 0.4652"
"46,39 : 0.4652"
"39,47 : 0.1523"
"47,39 : 0.1523"
"39,48 : 0.4211"
"48,39 : 0.4211"
"39,49 : 0.5908"
"49,39 : 0.5908"
"40,41 : 0.4804"
"41,40 : 0.4804"
"40,42 : 0.2256"
"42,40 : 0.2256"
"40,43 : 0.2546"
"43,40 : 0.2546"
"40,44 : 0.7501"
"44,40 : 0.7501"
"40,45 : 0.8713"
"45,40 : 0.8713"
"40,46 : 0.3253"
"46,40 : 0.3253"
"40,47 : 0.7301"
"47,40 : 0.7301"
"40,48 : 0.8154"
"48,40 : 0.8154"
"40,49 : 0.8768"
"49,40 : 0.8768"
"41,42 : 0.5818"
"42,41 : 0.5818"
"41,43 : 0.6896"
"43,41 : 0.6896"
"41,44 : 0.9021"
"44,41 : 0.9021"
"41,45 : 1.0765"
"45,41 : 1.0765"
"41,46 : 0.3536"
"46,41 : 0.3536"
"41,47 : 0.2983"
"47,41 : 0.2983"
"41,48 : 0.5108"
"48,41 : 0.5108"
"41,49 : 0.6551"
"49,41 : 0.6551"
"42,43 : 0.136"
"43,42 : 0.136"
"42,44 : 0.5334"
"44,42 : 0.5334"
"42,45 : 0.6463"
"45,42 : 0.6463"
"42,46 : 0.2802"
"46,42 : 0.2802"
"42,47 : 0.7616"
"47,42 : 0.7616"
"42,48 : 0.7654"
