x,y
0.6,0.58
0.04,0.72
0.6,0.2
0.94,0.55
0.24,0.06
0.11,0.37
0.81,0.21
0.16,0.91
0.53,0.1
0.2,0.89
0.09,0.1
0.11,0.86
0.92,0.7
0.02,0.11
0.46,0.82
0.49,0.22
0.37,0.73
0.12,0.64
0.54,0.71
0.6,0.71
0.35,0.24
0.9,0.91
0.3,0.24
0.12,0.95
0.85,0.45
0.44,0.16
0.68,0.34
0.69,0.52
0.94,0.11
0.06,0.17
0.6,0.26
0.91,0.51
0.61,0.09
0.46,0.77
0.4,0.45
0.17,0.84
0.87,0.21
0.01,0.55
0.53,0.11
0.51,0.57
0.66,0.75
0.63,0.65
0.95,0.08
0.96,0.79
0.93,0.57
0.4,0.91
0.34,0.17
0.55,0.4
0.67,0.11
0.75,0.39

Distanze
"0,1 : 0.5772"
"1,0 : 0.5772"
"0,2 : 0.38"
"2,0 : 0.38"
"0,3 : 0.3413"
"3,0 : 0.3413"
"0,4 : 0.6325"
"4,0 : 0.6325"
"0,5 : 0.5331"
"5,0 : 0.5331"
"0,6 : 0.4254"
"6,0 : 0.4254"
"0,7 : 0.55"
"7,0 : 0.55"
"0,8 : 0.4851"
"8,0 : 0.4851"
"0,9 : 0.5061"
"9,0 : 0.5061"
"0,10 : 0.7004"
"10,0 : 0.7004"
"0,11 : 0.5644"
"11,0 : 0.5644"
"0,12 : 0.3418"
"12,0 : 0.3418"
"0,13 : 0.7465"
"13,0 : 0.7465"
"0,14 : 0.2778"
"14,0 : 0.2778"
"0,15 : 0.3764"
"15,0 : 0.3764"
"0,16 : 0.2746"
"16,0 : 0.2746"
"0,17 : 0.4837"
"17,0 : 0.4837"
"0,18 : 0.1432"
"18,0 : 0.1432"
"0,19 : 0.13"
"19,0 : 0.13"
"0,20 : 0.422"
"20,0 : 0.422"
"0,21 : 0.446"
"21,0 : 0.446"
"0,22 : 0.4534"
"22,0 : 0.4534"
"0,23 : 0.6061"
"23,0 : 0.6061"
"0,24 : 0.2818"
"24,0 : 0.2818"
"0,25 : 0.4494"
"25,0 : 0.4494"
"0,26 : 0.253"
"26,0 : 0.253"
"0,27 : 0.1082"
"27,0 : 0.1082"
"0,28 : 0.5801"
"28,0 : 0.5801"
"0,29 : 0.678"
"29,0 : 0.678"
"0,30 : 0.32"
"30,0 : 0.32"
"0,31 : 0.3178"
"31,0 : 0.3178"
"0,32 : 0.4901"
"32,0 : 0.4901"
"0,33 : 0.236"
"33,0 : 0.236"
"0,34 : 0.2385"
"34,0 : 0.2385"
"0,35 : 0.5025"
"35,0 : 0.5025"
"0,36 : 0.458"
"36,0 : 0.458"
"0,37 : 0.5908"
"37,0 : 0.5908"
"0,38 : 0.4752"
"38,0 : 0.4752"
"0,39 : 0.0906"
"39,0 : 0.0906"
"0,40 : 0.1803"
"40,0 : 0.1803"
"0,41 : 0.0762"
"41,0 : 0.0762"
"0,42 : 0.6103"
"42,0 : 0.6103"
"0,43 : 0.4168"
"43,0 : 0.4168"
"0,44 : 0.3302"
"44,0 : 0.3302"
"0,45 : 0.3859"
"45,0 : 0.3859"
"0,46 : 0.4855"
"46,0 : 0.4855"
"0,47 : 0.1868"
"47,0 : 0.1868"
"0,48 : 0.4752"
"48,0 : 0.4752"
"0,49 : 0.2421"
"49,0 : 0.2421"
"1,2 : 0.7642"
"2,1 : 0.7642"
"1,3 : 0.9159"
"3,1 : 0.9159"
"1,4 : 0.6896"
"4,1 : 0.6896"
"1,5 : 0.3569"
"5,1 : 0.3569"
"1,6 : 0.9236"
"6,1 : 0.9236"
"1,7 : 0.2247"
"7,1 : 0.2247"
"1,8 : 0.7903"
"8,1 : 0.7903"
"1,9 : 0.2335"
"9,1 : 0.2335"
"1,10 : 0.622"
"10,1 : 0.622"
"1,11 : 0.1565"
"11,1 : 0.1565"
"1,12 : 0.8802"
"12,1 : 0.8802"
"1,13 : 0.6103"
"13,1 : 0.6103"
"1,14 : 0.4317"
"14,1 : 0.4317"
"1,15 : 0.6727"
"15,1 : 0.6727"
"1,16 : 0.3302"
"16,1 : 0.3302"
"1,17 : 0.1131"
"17,1 : 0.1131"
"1,18 : 0.5001"
"18,1 : 0.5001"
"1,19 : 0.5601"
"19,1 : 0.5601"
"1,20 : 0.5714"
"20,1 : 0.5714"
"1,21 : 0.8807"
"21,1 : 0.8807"
"1,22 : 0.5459"
"22,1 : 0.5459"
"1,23 : 0.2435"
"23,1 : 0.2435"
"1,24 : 0.8538"
"24,1 : 0.8538"
"1,25 : 0.6882"
"25,1 : 0.6882"
"1,26 : 0.7443"
"26,1 : 0.7443"
"1,27 : 0.6801"
"27,1 : 0.6801"
"1,28 : 1.0872"
"28,1 : 1.0872"
"1,29 : 0.5504"
"29,1 : 0.5504"
"1,30 : 0.7247"
"30,1 : 0.7247"
"1,31 : 0.895"
"31,1 : 0.895"
"1,32 : 0.8496"
"32,1 : 0.8496"
"1,33 : 0.423"
"33,1 : 0.423"
"1,34 : 0.45"
"34,1 : 0.45"
"1,35 : 0.1769"
"35,1 : 0.1769"
"1,36 : 0.9742"
"36,1 : 0.9742"
"1,37 : 0.1726"
"37,1 : 0.1726"
"1,38 : 0.7824"
"38,1 : 0.7824"
"1,39 : 0.4934"
"39,1 : 0.4934"
"1,40 : 0.6207"
"40,1 : 0.6207"
"1,41 : 0.5941"
"41,1 : 0.5941"
"1,42 : 1.1125"
"42,1 : 1.1125"
"1,43 : 0.9227"
"43,1 : 0.9227"
"1,44 : 0.9026"
"44,1 : 0.9026"
"1,45 : 0.4071"
"45,1 : 0.4071"
"1,46 : 0.6265"
"46,1 : 0.6265"
"1,47 : 0.6021"
"47,1 : 0.6021"
"1,48 : 0.8769"
"48,1 : 0.8769"
"1,49 : 0.7829"
"49,1 : 0.7829"
"2,3 : 0.488"
"3,2 : 0.488"
"2,4 : 0.3863"
"4,2 : 0.3863"
"2,5 : 0.5187"
"5,2 : 0.5187"
"2,6 : 0.2102"
"6,2 : 0.2102"
"2,7 : 0.8353"
"7,2 : 0.8353"
"2,8 : 0.1221"
"8,2 : 0.1221"
"2,9 : 0.7976"
"9,2 : 0.7976"
"2,10 : 0.5197"
"10,2 : 0.5197"
"2,11 : 0.822"
"11,2 : 0.822"
"2,12 : 0.5936"
"12,2 : 0.5936"
"2,13 : 0.5869"
"13,2 : 0.5869"
"2,14 : 0.6356"
"14,2 : 0.6356"
"2,15 : 0.1118"
"15,2 : 0.1118"
"2,16 : 0.5778"
"16,2 : 0.5778"
"2,17 : 0.6512"
"17,2 : 0.6512"
"2,18 : 0.5135"
"18,2 : 0.5135"
"2,19 : 0.51"
"19,2 : 0.51"
"2,20 : 0.2532"
"20,2 : 0.2532"
"2,21 : 0.7708"
"21,2 : 0.7708"
"2,22 : 0.3027"
"22,2 : 0.3027"
"2,23 : 0.8904"
"23,2 : 0.8904"
"2,24 : 0.3536"
"24,2 : 0.3536"
"2,25 : 0.1649"
"25,2 : 0.1649"
"2,26 : 0.1612"
"26,2 : 0.1612"
"2,27 : 0.3324"
"27,2 : 0.3324"
"2,28 : 0.3517"
"28,2 : 0.3517"
"2,29 : 0.5408"
"29,2 : 0.5408"
"2,30 : 0.06"
"30,2 : 0.06"
"2,31 : 0.4384"
"31,2 : 0.4384"
"2,32 : 0.1105"
"32,2 : 0.1105"
"2,33 : 0.5869"
"33,2 : 0.5869"
"2,34 : 0.3202"
"34,2 : 0.3202"
"2,35 : 0.771"
"35,2 : 0.771"
"2,36 : 0.2702"
"36,2 : 0.2702"
"2,37 : 0.686"
"37,2 : 0.686"
"2,38 : 0.114"
"38,2 : 0.114"
"2,39 : 0.3808"
"39,2 : 0.3808"
"2,40 : 0.5533"
"40,2 : 0.5533"
"2,41 : 0.451"
"41,2 : 0.451"
"2,42 : 0.37"
"42,2 : 0.37"
"2,43 : 0.6912"
"43,2 : 0.6912"
"2,44 : 0.4958"
"44,2 : 0.4958"
"2,45 : 0.7376"
"45,2 : 0.7376"
"2,46 : 0.2617"
"46,2 : 0.2617"
"2,47 : 0.2062"
"47,2 : 0.2062"
"2,48 : 0.114"
"48,2 : 0.114"
"2,49 : 0.2421"
"49,2 : 0.2421"
"3,4 : 0.8545"
"4,3 : 0.8545"
"3,5 : 0.8493"
"5,3 : 0.8493"
"3,6 : 0.364"
"6,3 : 0.364"
"3,7 : 0.8591"
"7,3 : 0.8591"
"3,8 : 0.6088"
"8,3 : 0.6088"
"3,9 : 0.8144"
"9,3 : 0.8144"
"3,10 : 0.9618"
"10,3 : 0.9618"
"3,11 : 0.886"
"11,3 : 0.886"
"3,12 : 0.1513"
"12,3 : 0.1513"
"3,13 : 1.0198"
"13,3 : 1.0198"
"3,14 : 0.5507"
"14,3 : 0.5507"
"3,15 : 0.558"
"15,3 : 0.558"
"3,16 : 0.5977"
"16,3 : 0.5977"
"3,17 : 0.8249"
"17,3 : 0.8249"
"3,18 : 0.4308"
"18,3 : 0.4308"
"3,19 : 0.3758"
"19,3 : 0.3758"
"3,20 : 0.6665"
"20,3 : 0.6665"
"3,21 : 0.3622"
"21,3 : 0.3622"
"3,22 : 0.7111"
"22,3 : 0.7111"
"3,23 : 0.9124"
"23,3 : 0.9124"
"3,24 : 0.1345"
"24,3 : 0.1345"
"3,25 : 0.6341"
"25,3 : 0.6341"
"3,26 : 0.3342"
"26,3 : 0.3342"
"3,27 : 0.2518"
"27,3 : 0.2518"
"3,28 : 0.44"
"28,3 : 0.44"
"3,29 : 0.9585"
"29,3 : 0.9585"
"3,30 : 0.4469"
"30,3 : 0.4469"
"3,31 : 0.05"
"31,3 : 0.05"
"3,32 : 0.5661"
"32,3 : 0.5661"
"3,33 : 0.528"
"33,3 : 0.528"
"3,34 : 0.5492"
"34,3 : 0.5492"
"3,35 : 0.8228"
"35,3 : 0.8228"
"3,36 : 0.3471"
"36,3 : 0.3471"
"3,37 : 0.93"
"37,3 : 0.93"
"3,38 : 0.6014"
"38,3 : 0.6014"
"3,39 : 0.4305"
"39,3 : 0.4305"
"3,40 : 0.3441"
"40,3 : 0.3441"
"3,41 : 0.3257"
"41,3 : 0.3257"
"3,42 : 0.4701"
"42,3 : 0.4701"
"3,43 : 0.2408"
"43,3 : 0.2408"
"3,44 : 0.0224"
"44,3 : 0.0224"
"3,45 : 0.649"
"45,3 : 0.649"
"3,46 : 0.7102"
"46,3 : 0.7102"
"3,47 : 0.4179"
"47,3 : 0.4179"
"3,48 : 0.5162"
"48,3 : 0.5162"
"3,49 : 0.2484"
"49,3 : 0.2484"
"4,5 : 0.3362"
"5,4 : 0.3362"
"4,6 : 0.5894"
"6,4 : 0.5894"
"4,7 : 0.8538"
"7,4 : 0.8538"
"4,8 : 0.2927"
"8,4 : 0.2927"
"4,9 : 0.831"
"9,4 : 0.831"
"4,10 : 0.1552"
"10,4 : 0.1552"
"4,11 : 0.8105"
"11,4 : 0.8105"
"4,12 : 0.9338"
"12,4 : 0.9338"
"4,13 : 0.2256"
"13,4 : 0.2256"
"4,14 : 0.7912"
"14,4 : 0.7912"
"4,15 : 0.2968"
"15,4 : 0.2968"
"4,16 : 0.6825"
"16,4 : 0.6825"
"4,17 : 0.5923"
"17,4 : 0.5923"
"4,18 : 0.7159"
"18,4 : 0.7159"
"4,19 : 0.743"
"19,4 : 0.743"
"4,20 : 0.211"
"20,4 : 0.211"
"4,21 : 1.0762"
"21,4 : 1.0762"
"4,22 : 0.1897"
"22,4 : 0.1897"
"4,23 : 0.8981"
"23,4 : 0.8981"
"4,24 : 0.724"
"24,4 : 0.724"
"4,25 : 0.2236"
"25,4 : 0.2236"
"4,26 : 0.5215"
"26,4 : 0.5215"
"4,27 : 0.6435"
"27,4 : 0.6435"
"4,28 : 0.7018"
"28,4 : 0.7018"
"4,29 : 0.211"
"29,4 : 0.211"
"4,30 : 0.4118"
"30,4 : 0.4118"
"4,31 : 0.8071"
"31,4 : 0.8071"
"4,32 : 0.3712"
"32,4 : 0.3712"
"4,33 : 0.7433"
"33,4 : 0.7433"
"4,34 : 0.4215"
"34,4 : 0.4215"
"4,35 : 0.7831"
"35,4 : 0.7831"
"4,36 : 0.6476"
"36,4 : 0.6476"
"4,37 : 0.5413"
"37,4 : 0.5413"
"4,38 : 0.2943"
"38,4 : 0.2943"
"4,39 : 0.5771"
"39,4 : 0.5771"
"4,40 : 0.8078"
"40,4 : 0.8078"
"4,41 : 0.7072"
"41,4 : 0.7072"
"4,42 : 0.7103"
"42,4 : 0.7103"
"4,43 : 1.0253"
"43,4 : 1.0253"
"4,44 : 0.858"
"44,4 : 0.858"
"4,45 : 0.8649"
"45,4 : 0.8649"
"4,46 : 0.1487"
"46,4 : 0.1487"
"4,47 : 0.4601"
"47,4 : 0.4601"
"4,48 : 0.4329"
"48,4 : 0.4329"
"4,49 : 0.6075"
"49,4 : 0.6075"
"5,6 : 0.7181"
"6,5 : 0.7181"
"5,7 : 0.5423"
"7,5 : 0.5423"
"5,8 : 0.4993"
"8,5 : 0.4993"
"5,9 : 0.5277"
"9,5 : 0.5277"
"5,10 : 0.2707"
"10,5 : 0.2707"
"5,11 : 0.49"
"11,5 : 0.49"
"5,12 : 0.8746"
"12,5 : 0.8746"
"5,13 : 0.2751"
"13,5 : 0.2751"
"5,14 : 0.5701"
"14,5 : 0.5701"
"5,15 : 0.4085"
"15,5 : 0.4085"
"5,16 : 0.4441"
"16,5 : 0.4441"
"5,17 : 0.2702"
"17,5 : 0.2702"
"5,18 : 0.5482"
"18,5 : 0.5482"
"5,19 : 0.5964"
"19,5 : 0.5964"
"5,20 : 0.2729"
"20,5 : 0.2729"
"5,21 : 0.9569"
"21,5 : 0.9569"
"5,22 : 0.2302"
"22,5 : 0.2302"
"5,23 : 0.5801"
"23,5 : 0.5801"
"5,24 : 0.7443"
"24,5 : 0.7443"
"5,25 : 0.3912"
"25,5 : 0.3912"
"5,26 : 0.5708"
"26,5 : 0.5708"
"5,27 : 0.5991"
"27,5 : 0.5991"
"5,28 : 0.8698"
"28,5 : 0.8698"
"5,29 : 0.2062"
"29,5 : 0.2062"
"5,30 : 0.5022"
"30,5 : 0.5022"
"5,31 : 0.8122"
"31,5 : 0.8122"
"5,32 : 0.5731"
"32,5 : 0.5731"
"5,33 : 0.5315"
"33,5 : 0.5315"
"5,34 : 0.3008"
"34,5 : 0.3008"
"5,35 : 0.4738"
"35,5 : 0.4738"
"5,36 : 0.7767"
"36,5 : 0.7767"
"5,37 : 0.2059"
"37,5 : 0.2059"
"5,38 : 0.494"
"38,5 : 0.494"
"5,39 : 0.4472"
"39,5 : 0.4472"
"5,40 : 0.6685"
"40,5 : 0.6685"
"5,41 : 0.5906"
"41,5 : 0.5906"
"5,42 : 0.8887"
"42,5 : 0.8887"
"5,43 : 0.9481"
"43,5 : 0.9481"
"5,44 : 0.844"
"44,5 : 0.844"
"5,45 : 0.6129"
"45,5 : 0.6129"
"5,46 : 0.3048"
"46,5 : 0.3048"
"5,47 : 0.441"
"47,5 : 0.441"
"5,48 : 0.6174"
"48,5 : 0.6174"
"5,49 : 0.6403"
"49,5 : 0.6403"
"6,7 : 0.9552"
"7,6 : 0.9552"
"6,8 : 0.3008"
"8,6 : 0.3008"
"6,9 : 0.9135"
"9,6 : 0.9135"
"6,10 : 0.7284"
"10,6 : 0.7284"
"6,11 : 0.9552"
"11,6 : 0.9552"
"6,12 : 0.5022"
"12,6 : 0.5022"
"6,13 : 0.7963"
"13,6 : 0.7963"
"6,14 : 0.7033"
"14,6 : 0.7033"
"6,15 : 0.3202"
"15,6 : 0.3202"
"6,16 : 0.6812"
"16,6 : 0.6812"
"6,17 : 0.813"
"17,6 : 0.813"
"6,18 : 0.5682"
"18,6 : 0.5682"
"6,19 : 0.5423"
"19,6 : 0.5423"
"6,20 : 0.461"
"20,6 : 0.461"
"6,21 : 0.7058"
"21,6 : 0.7058"
"6,22 : 0.5109"
"22,6 : 0.5109"
"6,23 : 1.0118"
"23,6 : 1.0118"
"6,24 : 0.2433"
"24,6 : 0.2433"
"6,25 : 0.3734"
"25,6 : 0.3734"
"6,26 : 0.1838"
"26,6 : 0.1838"
"6,27 : 0.3324"
"27,6 : 0.3324"
"6,28 : 0.164"
"28,6 : 0.164"
"6,29 : 0.7511"
"29,6 : 0.7511"
"6,30 : 0.2159"
"30,6 : 0.2159"
"6,31 : 0.3162"
"31,6 : 0.3162"
"6,32 : 0.2332"
"32,6 : 0.2332"
"6,33 : 0.6604"
"33,6 : 0.6604"
"6,34 : 0.4751"
"34,6 : 0.4751"
"6,35 : 0.8981"
"35,6 : 0.8981"
"6,36 : 0.06"
"36,6 : 0.06"
"6,37 : 0.8693"
"37,6 : 0.8693"
"6,38 : 0.2973"
"38,6 : 0.2973"
"6,39 : 0.4686"
"39,6 : 0.4686"
"6,40 : 0.5604"
"40,6 : 0.5604"
"6,41 : 0.4754"
"41,6 : 0.4754"
"6,42 : 0.191"
"42,6 : 0.191"
"6,43 : 0.5991"
"43,6 : 0.5991"
"6,44 : 0.3795"
"44,6 : 0.3795"
"6,45 : 0.8112"
"45,6 : 0.8112"
"6,46 : 0.4717"
"46,6 : 0.4717"
"6,47 : 0.322"
"47,6 : 0.322"
"6,48 : 0.172"
"48,6 : 0.172"
"6,49 : 0.1897"
"49,6 : 0.1897"
"7,8 : 0.8905"
"8,7 : 0.8905"
"7,9 : 0.0447"
"9,7 : 0.0447"
"7,10 : 0.813"
"10,7 : 0.813"
"7,11 : 0.0707"
"11,7 : 0.0707"
"7,12 : 0.7885"
"12,7 : 0.7885"
"7,13 : 0.8122"
"13,7 : 0.8122"
"7,14 : 0.3132"
"14,7 : 0.3132"
"7,15 : 0.7649"
"15,7 : 0.7649"
"7,16 : 0.2766"
"16,7 : 0.2766"
"7,17 : 0.2729"
"17,7 : 0.2729"
"7,18 : 0.4294"
"18,7 : 0.4294"
"7,19 : 0.4833"
"19,7 : 0.4833"
"7,20 : 0.6964"
"20,7 : 0.6964"
"7,21 : 0.74"
"21,7 : 0.74"
"7,22 : 0.6845"
"22,7 : 0.6845"
"7,23 : 0.0566"
"23,7 : 0.0566"
"7,24 : 0.8293"
"24,7 : 0.8293"
"7,25 : 0.8006"
"25,7 : 0.8006"
"7,26 : 0.7716"
"26,7 : 0.7716"
"7,27 : 0.658"
"27,7 : 0.658"
"7,28 : 1.1173"
"28,7 : 1.1173"
"7,29 : 0.7467"
"29,7 : 0.7467"
"7,30 : 0.7849"
"30,7 : 0.7849"
"7,31 : 0.85"
"31,7 : 0.85"
"7,32 : 0.9354"
"32,7 : 0.9354"
"7,33 : 0.3311"
"33,7 : 0.3311"
"7,34 : 0.5188"
"34,7 : 0.5188"
"7,35 : 0.0707"
"35,7 : 0.0707"
"7,36 : 0.997"
"36,7 : 0.997"
"7,37 : 0.39"
"37,7 : 0.39"
"7,38 : 0.8814"
"38,7 : 0.8814"
"7,39 : 0.488"
"39,7 : 0.488"
"7,40 : 0.525"
"40,7 : 0.525"
"7,41 : 0.5371"
"41,7 : 0.5371"
"7,42 : 1.1459"
"42,7 : 1.1459"
"7,43 : 0.8089"
"43,7 : 0.8089"
"7,44 : 0.8417"
"44,7 : 0.8417"
"7,45 : 0.24"
"45,7 : 0.24"
"7,46 : 0.7616"
"46,7 : 0.7616"
"7,47 : 0.642"
"47,7 : 0.642"
"7,48 : 0.9487"
"48,7 : 0.9487"
"7,49 : 0.7864"
"49,7 : 0.7864"
"8,9 : 0.8562"
"9,8 : 0.8562"
"8,10 : 0.44"
"10,8 : 0.44"
"8,11 : 0.8683"
"11,8 : 0.8683"
"8,12 : 0.7156"
"12,8 : 0.7156"
"8,13 : 0.5101"
"13,8 : 0.5101"
"8,14 : 0.7234"
"14,8 : 0.7234"
"8,15 : 0.1265"
"15,8 : 0.1265"
"8,16 : 0.65"
"16,8 : 0.65"
"8,17 : 0.678"
"17,8 : 0.678"
"8,18 : 0.6101"
"18,8 : 0.6101"
"8,19 : 0.614"
"19,8 : 0.614"
"8,20 : 0.228"
"20,8 : 0.228"
"8,21 : 0.8905"
"21,8 : 0.8905"
"8,22 : 0.2693"
"22,8 : 0.2693"
"8,23 : 0.9437"
"23,8 : 0.9437"
"8,24 : 0.4742"
"24,8 : 0.4742"
"8,25 : 0.1082"
"25,8 : 0.1082"
"8,26 : 0.283"
"26,8 : 0.283"
"8,27 : 0.4494"
"27,8 : 0.4494"
"8,28 : 0.4101"
"28,8 : 0.4101"
"8,29 : 0.4752"
"29,8 : 0.4752"
"8,30 : 0.1746"
"30,8 : 0.1746"
"8,31 : 0.559"
"31,8 : 0.559"
"8,32 : 0.0806"
"32,8 : 0.0806"
"8,33 : 0.6736"
"33,8 : 0.6736"
"8,34 : 0.3734"
"34,8 : 0.3734"
"8,35 : 0.8229"
"35,8 : 0.8229"
"8,36 : 0.3574"
"36,8 : 0.3574"
"8,37 : 0.6877"
"37,8 : 0.6877"
"8,38 : 0.01"
"38,8 : 0.01"
"8,39 : 0.4704"
"39,8 : 0.4704"
"8,40 : 0.6629"
"40,8 : 0.6629"
"8,41 : 0.559"
"41,8 : 0.559"
"8,42 : 0.4205"
"42,8 : 0.4205"
"8,43 : 0.813"
"43,8 : 0.813"
"8,44 : 0.6172"
"44,8 : 0.6172"
"8,45 : 0.8204"
"45,8 : 0.8204"
"8,46 : 0.2025"
"46,8 : 0.2025"
"8,47 : 0.3007"
"47,8 : 0.3007"
"8,48 : 0.1404"
"48,8 : 0.1404"
"8,49 : 0.364"
"49,8 : 0.364"
"9,10 : 0.7976"
"10,9 : 0.7976"
"9,11 : 0.0949"
"11,9 : 0.0949"
"9,12 : 0.7446"
"12,9 : 0.7446"
"9,13 : 0.8005"
"13,9 : 0.8005"
"9,14 : 0.2693"
"14,9 : 0.2693"
"9,15 : 0.7301"
"15,9 : 0.7301"
"9,16 : 0.2335"
"16,9 : 0.2335"
"9,17 : 0.2625"
"17,9 : 0.2625"
"9,18 : 0.3847"
"18,9 : 0.3847"
"9,19 : 0.4386"
"19,9 : 0.4386"
"9,20 : 0.6671"
"20,9 : 0.6671"
"9,21 : 0.7003"
"21,9 : 0.7003"
"9,22 : 0.6576"
"22,9 : 0.6576"
"9,23 : 0.1"
"23,9 : 0.1"
"9,24 : 0.7849"
"24,9 : 0.7849"
"9,25 : 0.7684"
"25,9 : 0.7684"
"9,26 : 0.73"
"26,9 : 0.73"
"9,27 : 0.614"
"27,9 : 0.614"
"9,28 : 1.0752"
"28,9 : 1.0752"
"9,29 : 0.7335"
"29,9 : 0.7335"
"9,30 : 0.7463"
"30,9 : 0.7463"
"9,31 : 0.8053"
"31,9 : 0.8053"
"9,32 : 0.8989"
"32,9 : 0.8989"
"9,33 : 0.2864"
"33,9 : 0.2864"
"9,34 : 0.4833"
"34,9 : 0.4833"
"9,35 : 0.0583"
"35,9 : 0.0583"
"9,36 : 0.9546"
"36,9 : 0.9546"
"9,37 : 0.3895"
"37,9 : 0.3895"
"9,38 : 0.8469"
"38,9 : 0.8469"
"9,39 : 0.4455"
"39,9 : 0.4455"
"9,40 : 0.4808"
"40,9 : 0.4808"
"9,41 : 0.4924"
"41,9 : 0.4924"
"9,42 : 1.1039"
"42,9 : 1.1039"
"9,43 : 0.7666"
"43,9 : 0.7666"
"9,44 : 0.7971"
"44,9 : 0.7971"
"9,45 : 0.201"
"45,9 : 0.201"
"9,46 : 0.7335"
"46,9 : 0.7335"
"9,47 : 0.6022"
"47,9 : 0.6022"
"9,48 : 0.9107"
"48,9 : 0.9107"
"9,49 : 0.7433"
"49,9 : 0.7433"
"10,11 : 0.7603"
"11,10 : 0.7603"
"10,12 : 1.0242"
"12,10 : 1.0242"
"10,13 : 0.0707"
"13,10 : 0.0707"
"10,14 : 0.8095"
"14,10 : 0.8095"
"10,15 : 0.4176"
"15,10 : 0.4176"
"10,16 : 0.6894"
"16,10 : 0.6894"
"10,17 : 0.5408"
"17,10 : 0.5408"
"10,18 : 0.758"
"18,10 : 0.758"
"10,19 : 0.7951"
"19,10 : 0.7951"
"10,20 : 0.2953"
"20,10 : 0.2953"
"10,21 : 1.1455"
"21,10 : 1.1455"
"10,22 : 0.2524"
"22,10 : 0.2524"
"10,23 : 0.8505"
"23,10 : 0.8505"
"10,24 : 0.8367"
"24,10 : 0.8367"
"10,25 : 0.3551"
"25,10 : 0.3551"
"10,26 : 0.6369"
"26,10 : 0.6369"
"10,27 : 0.7324"
"27,10 : 0.7324"
"10,28 : 0.8501"
"28,10 : 0.8501"
"10,29 : 0.0762"
"29,10 : 0.0762"
"10,30 : 0.5345"
"30,10 : 0.5345"
"10,31 : 0.9168"
"31,10 : 0.9168"
"10,32 : 0.5201"
"32,10 : 0.5201"
"10,33 : 0.7654"
"33,10 : 0.7654"
"10,34 : 0.4675"
"34,10 : 0.4675"
"10,35 : 0.7443"
"35,10 : 0.7443"
"10,36 : 0.7877"
"36,10 : 0.7877"
"10,37 : 0.4571"
"37,10 : 0.4571"
"10,38 : 0.4401"
"38,10 : 0.4401"
"10,39 : 0.6303"
"39,10 : 0.6303"
"10,40 : 0.8645"
"40,10 : 0.8645"
"10,41 : 0.7708"
"41,10 : 0.7708"
"10,42 : 0.8602"
"42,10 : 0.8602"
"10,43 : 1.1104"
"43,10 : 1.1104"
"10,44 : 0.9625"
"44,10 : 0.9625"
"10,45 : 0.8673"
"45,10 : 0.8673"
"10,46 : 0.2596"
"46,10 : 0.2596"
"10,47 : 0.5492"
"47,10 : 0.5492"
"10,48 : 0.5801"
"48,10 : 0.5801"
"10,49 : 0.7209"
"49,10 : 0.7209"
"11,12 : 0.8257"
"12,11 : 0.8257"
"11,13 : 0.7554"
"13,11 : 0.7554"
"11,14 : 0.3523"
"14,11 : 0.3523"
"11,15 : 0.7443"
"15,11 : 0.7443"
"11,16 : 0.2907"
"16,11 : 0.2907"
"11,17 : 0.2202"
"17,11 : 0.2202"
"11,18 : 0.4554"
"18,11 : 0.4554"
"11,19 : 0.5124"
"19,11 : 0.5124"
"11,20 : 0.6648"
"20,11 : 0.6648"
"11,21 : 0.7916"
"21,11 : 0.7916"
"11,22 : 0.6485"
"22,11 : 0.6485"
"11,23 : 0.0906"
"23,11 : 0.0906"
"11,24 : 0.846"
"24,11 : 0.846"
"11,25 : 0.7739"
"25,11 : 0.7739"
"11,26 : 0.7716"
"26,11 : 0.7716"
"11,27 : 0.6723"
"27,11 : 0.6723"
"11,28 : 1.1187"
"28,11 : 1.1187"
"11,29 : 0.6918"
"29,11 : 0.6918"
"11,30 : 0.7747"
"30,11 : 0.7747"
"11,31 : 0.8732"
"31,11 : 0.8732"
"11,32 : 0.9181"
"32,11 : 0.9181"
"11,33 : 0.3614"
"33,11 : 0.3614"
"11,34 : 0.5022"
"34,11 : 0.5022"
"11,35 : 0.0632"
"35,11 : 0.0632"
"11,36 : 1.0"
"36,11 : 1.0"
"11,37 : 0.3257"
"37,11 : 0.3257"
"11,38 : 0.8596"
"38,11 : 0.8596"
"11,39 : 0.4941"
"39,11 : 0.4941"
"11,40 : 0.5609"
"40,11 : 0.5609"
"11,41 : 0.5608"
"41,11 : 0.5608"
"11,42 : 1.1463"
"42,11 : 1.1463"
"11,43 : 0.8529"
"43,11 : 0.8529"
"11,44 : 0.8698"
"44,11 : 0.8698"
"11,45 : 0.2943"
"45,11 : 0.2943"
"11,46 : 0.7273"
"46,11 : 0.7273"
"11,47 : 0.6366"
"47,11 : 0.6366"
"11,48 : 0.936"
"48,11 : 0.936"
"11,49 : 0.794"
"49,11 : 0.794"
"12,13 : 1.0762"
"13,12 : 1.0762"
"12,14 : 0.4754"
"14,12 : 0.4754"
"12,15 : 0.6444"
"15,12 : 0.6444"
"12,16 : 0.5508"
"16,12 : 0.5508"
"12,17 : 0.8022"
"17,12 : 0.8022"
"12,18 : 0.3801"
"18,12 : 0.3801"
"12,19 : 0.3202"
"19,12 : 0.3202"
"12,20 : 0.7325"
"20,12 : 0.7325"
"12,21 : 0.211"
"21,12 : 0.211"
"12,22 : 0.772"
"22,12 : 0.772"
"12,23 : 0.8382"
"23,12 : 0.8382"
"12,24 : 0.2596"
"24,12 : 0.2596"
"12,25 : 0.7225"
"25,12 : 0.7225"
"12,26 : 0.4327"
"26,12 : 0.4327"
"12,27 : 0.2921"
"27,12 : 0.2921"
"12,28 : 0.5903"
"28,12 : 0.5903"
"12,29 : 1.0102"
"29,12 : 1.0102"
"12,30 : 0.5441"
"30,12 : 0.5441"
"12,31 : 0.1903"
"31,12 : 0.1903"
"12,32 : 0.6843"
"32,12 : 0.6843"
"12,33 : 0.4653"
"33,12 : 0.4653"
"12,34 : 0.577"
"34,12 : 0.577"
"12,35 : 0.763"
"35,12 : 0.763"
"12,36 : 0.4925"
"36,12 : 0.4925"
"12,37 : 0.9223"
"37,12 : 0.9223"
"12,38 : 0.7072"
"38,12 : 0.7072"
"12,39 : 0.4301"
"39,12 : 0.4301"
"12,40 : 0.2648"
"40,12 : 0.2648"
"12,41 : 0.2943"
"41,12 : 0.2943"
"12,42 : 0.6207"
"42,12 : 0.6207"
"12,43 : 0.0985"
"43,12 : 0.0985"
"12,44 : 0.1304"
"44,12 : 0.1304"
"12,45 : 0.5608"
"45,12 : 0.5608"
"12,46 : 0.7857"
"46,12 : 0.7857"
"12,47 : 0.4763"
"47,12 : 0.4763"
"12,48 : 0.6408"
"48,12 : 0.6408"
"12,49 : 0.3536"
"49,12 : 0.3536"
"13,14 : 0.8353"
"14,13 : 0.8353"
"13,15 : 0.4827"
"15,13 : 0.4827"
"13,16 : 0.712"
"16,13 : 0.712"
"13,17 : 0.5394"
"17,13 : 0.5394"
"13,18 : 0.794"
"18,13 : 0.794"
"13,19 : 0.8345"
"19,13 : 0.8345"
"13,20 : 0.3547"
"20,13 : 0.3547"
"13,21 : 1.1893"
"21,13 : 1.1893"
"13,22 : 0.3087"
"22,13 : 0.3087"
"13,23 : 0.8459"
"23,13 : 0.8459"
"13,24 : 0.8969"
"24,13 : 0.8969"
"13,25 : 0.423"
"25,13 : 0.423"
"13,26 : 0.6989"
"26,13 : 0.6989"
"13,27 : 0.7855"
"27,13 : 0.7855"
"13,28 : 0.92"
"28,13 : 0.92"
"13,29 : 0.0721"
"29,13 : 0.0721"
"13,30 : 0.5991"
"30,13 : 0.5991"
"13,31 : 0.9758"
"31,13 : 0.9758"
"13,32 : 0.5903"
"32,13 : 0.5903"
"13,33 : 0.7932"
"33,13 : 0.7932"
"13,34 : 0.5099"
"34,13 : 0.5099"
"13,35 : 0.7453"
"35,13 : 0.7453"
"13,36 : 0.8559"
"36,13 : 0.8559"
"13,37 : 0.4401"
"37,13 : 0.4401"
"13,38 : 0.51"
"38,13 : 0.51"
"13,39 : 0.6721"
"39,13 : 0.6721"
"13,40 : 0.9051"
"40,13 : 0.9051"
"13,41 : 0.8147"
"41,13 : 0.8147"
"13,42 : 0.9305"
"42,13 : 0.9305"
"13,43 : 1.1602"
"43,13 : 1.1602"
"13,44 : 1.0197"
"44,13 : 1.0197"
"13,45 : 0.8857"
"45,13 : 0.8857"
"13,46 : 0.3256"
"46,13 : 0.3256"
"13,47 : 0.6042"
"47,13 : 0.6042"
"13,48 : 0.65"
"48,13 : 0.65"
"13,49 : 0.7819"
"49,13 : 0.7819"
"14,15 : 0.6007"
"15,14 : 0.6007"
"14,16 : 0.1273"
"16,14 : 0.1273"
"14,17 : 0.3847"
"17,14 : 0.3847"
"14,18 : 0.136"
"18,14 : 0.136"
"14,19 : 0.178"
"19,14 : 0.178"
"14,20 : 0.5903"
"20,14 : 0.5903"
"14,21 : 0.4491"
"21,14 : 0.4491"
"14,22 : 0.6017"
"22,14 : 0.6017"
"14,23 : 0.364"
"23,14 : 0.364"
"14,24 : 0.5376"
"24,14 : 0.5376"
"14,25 : 0.6603"
"25,14 : 0.6603"
"14,26 : 0.528"
"26,14 : 0.528"
"14,27 : 0.378"
"27,14 : 0.378"
"14,28 : 0.857"
"28,14 : 0.857"
"14,29 : 0.7632"
"29,14 : 0.7632"
"14,30 : 0.5772"
"30,14 : 0.5772"
"14,31 : 0.5464"
"31,14 : 0.5464"
"14,32 : 0.7453"
"32,14 : 0.7453"
"14,33 : 0.05"
"33,14 : 0.05"
"14,34 : 0.3748"
"34,14 : 0.3748"
"14,35 : 0.2907"
"35,14 : 0.2907"
"14,36 : 0.735"
"36,14 : 0.735"
"14,37 : 0.5248"
"37,14 : 0.5248"
"14,38 : 0.7134"
"38,14 : 0.7134"
"14,39 : 0.255"
"39,14 : 0.255"
"14,40 : 0.2119"
"40,14 : 0.2119"
"14,41 : 0.2404"
"41,14 : 0.2404"
"14,42 : 0.8875"
"42,14 : 0.8875"
"14,43 : 0.5009"
"43,14 : 0.5009"
"14,44 : 0.5324"
"44,14 : 0.5324"
"14,45 : 0.1082"
"45,14 : 0.1082"
"14,46 : 0.661"
"46,14 : 0.661"
"14,47 : 0.4295"
"47,14 : 0.4295"
"14,48 : 0.7404"
"48,14 : 0.7404"
"14,49 : 0.5187"
"49,14 : 0.5187"
"15,16 : 0.5239"
"16,15 : 0.5239"
"15,17 : 0.5597"
"17,15 : 0.5597"
"15,18 : 0.4925"
"18,15 : 0.4925"
"15,19 : 0.5022"
"19,15 : 0.5022"
"15,20 : 0.1414"
"20,15 : 0.1414"
"15,21 : 0.8026"
"21,15 : 0.8026"
"15,22 : 0.191"
"22,15 : 0.191"
"15,23 : 0.8184"
"23,15 : 0.8184"
"15,24 : 0.4272"
"24,15 : 0.4272"
"15,25 : 0.0781"
"25,15 : 0.0781"
"15,26 : 0.2247"
"26,15 : 0.2247"
"15,27 : 0.3606"
"27,15 : 0.3606"
"15,28 : 0.4632"
"28,15 : 0.4632"
"15,29 : 0.4329"
"29,15 : 0.4329"
"15,30 : 0.117"
"30,15 : 0.117"
"15,31 : 0.5104"
"31,15 : 0.5104"
"15,32 : 0.1769"
"32,15 : 0.1769"
"15,33 : 0.5508"
"33,15 : 0.5508"
"15,34 : 0.247"
"34,15 : 0.247"
"15,35 : 0.6977"
"35,15 : 0.6977"
"15,36 : 0.3801"
"36,15 : 0.3801"
"15,37 : 0.5825"
"37,15 : 0.5825"
"15,38 : 0.117"
"38,15 : 0.117"
"15,39 : 0.3506"
"39,15 : 0.3506"
"15,40 : 0.5566"
"40,15 : 0.5566"
"15,41 : 0.4522"
"41,15 : 0.4522"
"15,42 : 0.4808"
"42,15 : 0.4808"
"15,43 : 0.7388"
"43,15 : 0.7388"
"15,44 : 0.5622"
"44,15 : 0.5622"
"15,45 : 0.6958"
"45,15 : 0.6958"
"15,46 : 0.1581"
"46,15 : 0.1581"
"15,47 : 0.1897"
"47,15 : 0.1897"
"15,48 : 0.211"
"48,15 : 0.211"
"15,49 : 0.3106"
"49,15 : 0.3106"
"16,17 : 0.2657"
"17,16 : 0.2657"
"16,18 : 0.1712"
"18,16 : 0.1712"
"16,19 : 0.2309"
"19,16 : 0.2309"
"16,20 : 0.4904"
"20,16 : 0.4904"
"16,21 : 0.5597"
"21,16 : 0.5597"
"16,22 : 0.495"
"22,16 : 0.495"
"16,23 : 0.333"
"23,16 : 0.333"
"16,24 : 0.5557"
"24,16 : 0.5557"
"16,25 : 0.5743"
"25,16 : 0.5743"
"16,26 : 0.4982"
"26,16 : 0.4982"
"16,27 : 0.3828"
"27,16 : 0.3828"
"16,28 : 0.8422"
"28,16 : 0.8422"
"16,29 : 0.6401"
"29,16 : 0.6401"
"16,30 : 0.5233"
"30,16 : 0.5233"
"16,31 : 0.5831"
"31,16 : 0.5831"
"16,32 : 0.6835"
"32,16 : 0.6835"
"16,33 : 0.0985"
"33,16 : 0.0985"
"16,34 : 0.2816"
"34,16 : 0.2816"
"16,35 : 0.2283"
"35,16 : 0.2283"
"16,36 : 0.7214"
"36,16 : 0.7214"
"16,37 : 0.4025"
"37,16 : 0.4025"
"16,38 : 0.6403"
"38,16 : 0.6403"
"16,39 : 0.2126"
"39,16 : 0.2126"
"16,40 : 0.2907"
"40,16 : 0.2907"
"16,41 : 0.272"
"41,16 : 0.272"
"16,42 : 0.8711"
"42,16 : 0.8711"
"16,43 : 0.593"
"43,16 : 0.593"
"16,44 : 0.5824"
"44,16 : 0.5824"
"16,45 : 0.1825"
"45,16 : 0.1825"
"16,46 : 0.5608"
"46,16 : 0.5608"
"16,47 : 0.3759"
"47,16 : 0.3759"
"16,48 : 0.6888"
"48,16 : 0.6888"
"16,49 : 0.5099"
"49,16 : 0.5099"
"17,18 : 0.4258"
"18,17 : 0.4258"
"17,19 : 0.4851"
"19,17 : 0.4851"
"17,20 : 0.4614"
"20,17 : 0.4614"
"17,21 : 0.8254"
"21,17 : 0.8254"
"17,22 : 0.4386"
"22,17 : 0.4386"
"17,23 : 0.31"
"23,17 : 0.31"
"17,24 : 0.7543"
"24,17 : 0.7543"
"17,25 : 0.5769"
"25,17 : 0.5769"
"17,26 : 0.6353"
"26,17 : 0.6353"
"17,27 : 0.5825"
"27,17 : 0.5825"
"17,28 : 0.9764"
"28,17 : 0.9764"
"17,29 : 0.4738"
"29,17 : 0.4738"
"17,30 : 0.6122"
"30,17 : 0.6122"
"17,31 : 0.8006"
"31,17 : 0.8006"
"17,32 : 0.7366"
"32,17 : 0.7366"
"17,33 : 0.364"
"33,17 : 0.364"
"17,34 : 0.3384"
"34,17 : 0.3384"
"17,35 : 0.2062"
"35,17 : 0.2062"
"17,36 : 0.8645"
"36,17 : 0.8645"
"17,37 : 0.1421"
"37,17 : 0.1421"
"17,38 : 0.6701"
"38,17 : 0.6701"
"17,39 : 0.3962"
"39,17 : 0.3962"
"17,40 : 0.5511"
"40,17 : 0.5511"
"17,41 : 0.5101"
"41,17 : 0.5101"
"17,42 : 1.0012"
"42,17 : 1.0012"
"17,43 : 0.8533"
"43,17 : 0.8533"
"17,44 : 0.813"
"44,17 : 0.813"
"17,45 : 0.389"
"45,17 : 0.389"
"17,46 : 0.5189"
"46,17 : 0.5189"
"17,47 : 0.4924"
"47,17 : 0.4924"
"17,48 : 0.7638"
"48,17 : 0.7638"
"17,49 : 0.6778"
"49,17 : 0.6778"
"18,19 : 0.06"
"19,18 : 0.06"
"18,20 : 0.507"
"20,18 : 0.507"
"18,21 : 0.4118"
"21,18 : 0.4118"
"18,22 : 0.5277"
"22,18 : 0.5277"
"18,23 : 0.4837"
"23,18 : 0.4837"
"18,24 : 0.4046"
"24,18 : 0.4046"
"18,25 : 0.559"
"25,18 : 0.559"
"18,26 : 0.3956"
"26,18 : 0.3956"
"18,27 : 0.2421"
"27,18 : 0.2421"
"18,28 : 0.7211"
"28,18 : 0.7211"
"18,29 : 0.7225"
"29,18 : 0.7225"
"18,30 : 0.454"
"30,18 : 0.454"
"18,31 : 0.4206"
"31,18 : 0.4206"
"18,32 : 0.6239"
"32,18 : 0.6239"
"18,33 : 0.1"
"33,18 : 0.1"
"18,34 : 0.2953"
"34,18 : 0.2953"
"18,35 : 0.3922"
"35,18 : 0.3922"
"18,36 : 0.5991"
"36,18 : 0.5991"
"18,37 : 0.5536"
"37,18 : 0.5536"
"18,38 : 0.6001"
"38,18 : 0.6001"
"18,39 : 0.1432"
"39,18 : 0.1432"
"18,40 : 0.1265"
"40,18 : 0.1265"
"18,41 : 0.1082"
"41,18 : 0.1082"
"18,42 : 0.7517"
"42,18 : 0.7517"
"18,43 : 0.4276"
"43,18 : 0.4276"
"18,44 : 0.4144"
"44,18 : 0.4144"
"18,45 : 0.2441"
"45,18 : 0.2441"
"18,46 : 0.5758"
"46,18 : 0.5758"
"18,47 : 0.3102"
"47,18 : 0.3102"
"18,48 : 0.6139"
"48,18 : 0.6139"
"18,49 : 0.3828"
"49,18 : 0.3828"
"19,20 : 0.5324"
"20,19 : 0.5324"
"19,21 : 0.3606"
"21,19 : 0.3606"
"19,22 : 0.5576"
"22,19 : 0.5576"
"19,23 : 0.5367"
"23,19 : 0.5367"
"19,24 : 0.3607"
"24,19 : 0.3607"
"19,25 : 0.5728"
"25,19 : 0.5728"
"19,26 : 0.3785"
"26,19 : 0.3785"
"19,27 : 0.2102"
"27,19 : 0.2102"
"19,28 : 0.6896"
"28,19 : 0.6896"
"19,29 : 0.7637"
"29,19 : 0.7637"
"19,30 : 0.45"
"30,19 : 0.45"
"19,31 : 0.3689"
"31,19 : 0.3689"
"19,32 : 0.6201"
"32,19 : 0.6201"
"19,33 : 0.1523"
"33,19 : 0.1523"
"19,34 : 0.328"
"34,19 : 0.328"
"19,35 : 0.4492"
"35,19 : 0.4492"
"19,36 : 0.5682"
"36,19 : 0.5682"
"19,37 : 0.6113"
"37,19 : 0.6113"
"19,38 : 0.6041"
"38,19 : 0.6041"
"19,39 : 0.1664"
"39,19 : 0.1664"
"19,40 : 0.0721"
"40,19 : 0.0721"
"19,41 : 0.0671"
"41,19 : 0.0671"
"19,42 : 0.7207"
"42,19 : 0.7207"
"19,43 : 0.3688"
"43,19 : 0.3688"
"19,44 : 0.3585"
"44,19 : 0.3585"
"19,45 : 0.2828"
"45,19 : 0.2828"
"19,46 : 0.5993"
"46,19 : 0.5993"
"19,47 : 0.314"
"47,19 : 0.314"
"19,48 : 0.6041"
"48,19 : 0.6041"
"19,49 : 0.3534"
"49,19 : 0.3534"
"20,21 : 0.8668"
"21,20 : 0.8668"
"20,22 : 0.05"
"22,20 : 0.05"
"20,23 : 0.7463"
"23,20 : 0.7463"
"20,24 : 0.5423"
"24,20 : 0.5423"
"20,25 : 0.1204"
"25,20 : 0.1204"
"20,26 : 0.3448"
"26,20 : 0.3448"
"20,27 : 0.4405"
"27,20 : 0.4405"
"20,28 : 0.6042"
"28,20 : 0.6042"
"20,29 : 0.2983"
"29,20 : 0.2983"
"20,30 : 0.2508"
"30,20 : 0.2508"
"20,31 : 0.6217"
"31,20 : 0.6217"
"20,32 : 0.3002"
"32,20 : 0.3002"
"20,33 : 0.5413"
"33,20 : 0.5413"
"20,34 : 0.2159"
"34,20 : 0.2159"
"20,35 : 0.6264"
"35,20 : 0.6264"
"20,36 : 0.5209"
"36,20 : 0.5209"
"20,37 : 0.4601"
"37,20 : 0.4601"
"20,38 : 0.222"
"38,20 : 0.222"
"20,39 : 0.3667"
"39,20 : 0.3667"
"20,40 : 0.5968"
"40,20 : 0.5968"
"20,41 : 0.4965"
"41,20 : 0.4965"
"20,42 : 0.621"
"42,20 : 0.621"
"20,43 : 0.8213"
"43,20 : 0.8213"
"20,44 : 0.6673"
"44,20 : 0.6673"
"20,45 : 0.6719"
"45,20 : 0.6719"
"20,46 : 0.0707"
"46,20 : 0.0707"
"20,47 : 0.2561"
"47,20 : 0.2561"
"20,48 : 0.3454"
"48,20 : 0.3454"
"20,49 : 0.4272"
"49,20 : 0.4272"
"21,22 : 0.8994"
"22,21 : 0.8994"
"21,23 : 0.781"
"23,21 : 0.781"
"21,24 : 0.4627"
"24,21 : 0.4627"
"21,25 : 0.8798"
"25,21 : 0.8798"
"21,26 : 0.611"
"26,21 : 0.611"
"21,27 : 0.4429"
"27,21 : 0.4429"
"21,28 : 0.801"
"28,21 : 0.801"
"21,29 : 1.1195"
"29,21 : 1.1195"
"21,30 : 0.7159"
"30,21 : 0.7159"
"21,31 : 0.4001"
"31,21 : 0.4001"
"21,32 : 0.8698"
"32,21 : 0.8698"
"21,33 : 0.4617"
"33,21 : 0.4617"
"21,34 : 0.6794"
"34,21 : 0.6794"
"21,35 : 0.7333"
"35,21 : 0.7333"
"21,36 : 0.7006"
"36,21 : 0.7006"
"21,37 : 0.9601"
"37,21 : 0.9601"
"21,38 : 0.8814"
"38,21 : 0.8814"
"21,39 : 0.5174"
"39,21 : 0.5174"
"21,40 : 0.2884"
"40,21 : 0.2884"
"21,41 : 0.3748"
"41,21 : 0.3748"
"21,42 : 0.8315"
"42,21 : 0.8315"
"21,43 : 0.1342"
"43,21 : 0.1342"
"21,44 : 0.3413"
"44,21 : 0.3413"
"21,45 : 0.5"
"45,21 : 0.5"
"21,46 : 0.928"
"46,21 : 0.928"
"21,47 : 0.6185"
"47,21 : 0.6185"
"21,48 : 0.8324"
"48,21 : 0.8324"
"21,49 : 0.5412"
"49,21 : 0.5412"
"22,23 : 0.7325"
"23,22 : 0.7325"
"22,24 : 0.5887"
"24,22 : 0.5887"
"22,25 : 0.1612"
"25,22 : 0.1612"
"22,26 : 0.3929"
"26,22 : 0.3929"
"22,27 : 0.4801"
"27,22 : 0.4801"
"22,28 : 0.6531"
"28,22 : 0.6531"
"22,29 : 0.25"
"29,22 : 0.25"
"22,30 : 0.3007"
"30,22 : 0.3007"
"22,31 : 0.6671"
"31,22 : 0.6671"
"22,32 : 0.3444"
"32,22 : 0.3444"
"22,33 : 0.5536"
"33,22 : 0.5536"
"22,34 : 0.2326"
"34,22 : 0.2326"
"22,35 : 0.6139"
"35,22 : 0.6139"
"22,36 : 0.5708"
"36,22 : 0.5708"
"22,37 : 0.4245"
"37,22 : 0.4245"
"22,38 : 0.2642"
"38,22 : 0.2642"
"22,39 : 0.3912"
"39,22 : 0.3912"
"22,40 : 0.6243"
"40,22 : 0.6243"
"22,41 : 0.5263"
"41,22 : 0.5263"
"22,42 : 0.6694"
"42,22 : 0.6694"
"22,43 : 0.8591"
"43,22 : 0.8591"
"22,44 : 0.7112"
"44,22 : 0.7112"
"22,45 : 0.6774"
"45,22 : 0.6774"
"22,46 : 0.0806"
"46,22 : 0.0806"
"22,47 : 0.2968"
"47,22 : 0.2968"
"22,48 : 0.3922"
"48,22 : 0.3922"
"22,49 : 0.4743"
"49,22 : 0.4743"
"23,24 : 0.8848"
"24,23 : 0.8848"
"23,25 : 0.8523"
"25,23 : 0.8523"
"23,26 : 0.8281"
"26,23 : 0.8281"
"23,27 : 0.714"
"27,23 : 0.714"
"23,28 : 1.1739"
"28,23 : 1.1739"
"23,29 : 0.7823"
"29,23 : 0.7823"
"23,30 : 0.8405"
"30,23 : 0.8405"
"23,31 : 0.9043"
"31,23 : 0.9043"
"23,32 : 0.9898"
"32,23 : 0.9898"
"23,33 : 0.3847"
"33,23 : 0.3847"
"23,34 : 0.5731"
"34,23 : 0.5731"
"23,35 : 0.1208"
"35,23 : 0.1208"
"23,36 : 1.0536"
"36,23 : 1.0536"
"23,37 : 0.4148"
"37,23 : 0.4148"
"23,38 : 0.9347"
"38,23 : 0.9347"
"23,39 : 0.5445"
"39,23 : 0.5445"
"23,40 : 0.5758"
"40,23 : 0.5758"
"23,41 : 0.5917"
"41,23 : 0.5917"
"23,42 : 1.2024"
"42,23 : 1.2024"
"23,43 : 0.8551"
"43,23 : 0.8551"
"23,44 : 0.8947"
"44,23 : 0.8947"
"23,45 : 0.2828"
"45,23 : 0.2828"
"23,46 : 0.8104"
"46,23 : 0.8104"
"23,47 : 0.6981"
"47,23 : 0.6981"
"23,48 : 1.004"
"48,23 : 1.004"
"23,49 : 0.8429"
"49,23 : 0.8429"
"24,25 : 0.5022"
"25,24 : 0.5022"
"24,26 : 0.2025"
"26,24 : 0.2025"
"24,27 : 0.1746"
"27,24 : 0.1746"
"24,28 : 0.3517"
"28,24 : 0.3517"
"24,29 : 0.8382"
"29,24 : 0.8382"
"24,30 : 0.314"
"30,24 : 0.314"
"24,31 : 0.0849"
"31,24 : 0.0849"
"24,32 : 0.4327"
"32,24 : 0.4327"
"24,33 : 0.5045"
"33,24 : 0.5045"
"24,34 : 0.45"
"34,24 : 0.45"
"24,35 : 0.7839"
"35,24 : 0.7839"
"24,36 : 0.2408"
"36,24 : 0.2408"
"24,37 : 0.8459"
"37,24 : 0.8459"
"24,38 : 0.4669"
"38,24 : 0.4669"
"24,39 : 0.3606"
"39,24 : 0.3606"
"24,40 : 0.3551"
"40,24 : 0.3551"
"24,41 : 0.2973"
"41,24 : 0.2973"
"24,42 : 0.3833"
"42,24 : 0.3833"
"24,43 : 0.3574"
"43,24 : 0.3574"
"24,44 : 0.1442"
"44,24 : 0.1442"
"24,45 : 0.6435"
"45,24 : 0.6435"
"24,46 : 0.5818"
"46,24 : 0.5818"
"24,47 : 0.3041"
"47,24 : 0.3041"
"24,48 : 0.3847"
"48,24 : 0.3847"
"24,49 : 0.1166"
"49,24 : 0.1166"
"25,26 : 0.3"
"26,25 : 0.3"
"25,27 : 0.4383"
"27,25 : 0.4383"
"25,28 : 0.5025"
"28,25 : 0.5025"
"25,29 : 0.3801"
"29,25 : 0.3801"
"25,30 : 0.1887"
"30,25 : 0.1887"
"25,31 : 0.586"
"31,25 : 0.586"
"25,32 : 0.1838"
"32,25 : 0.1838"
"25,33 : 0.6103"
"33,25 : 0.6103"
"25,34 : 0.2927"
"34,25 : 0.2927"
"25,35 : 0.7316"
"35,25 : 0.7316"
"25,36 : 0.4329"
"36,25 : 0.4329"
"25,37 : 0.5805"
"37,25 : 0.5805"
"25,38 : 0.103"
"38,25 : 0.103"
"25,39 : 0.4159"
"39,25 : 0.4159"
"25,40 : 0.6297"
"40,25 : 0.6297"
"25,41 : 0.5255"
"41,25 : 0.5255"
"25,42 : 0.5162"
"42,25 : 0.5162"
"25,43 : 0.8169"
"43,25 : 0.8169"
"25,44 : 0.6389"
"44,25 : 0.6389"
"25,45 : 0.7511"
"45,25 : 0.7511"
"25,46 : 0.1005"
"46,25 : 0.1005"
"25,47 : 0.264"
"47,25 : 0.264"
"25,48 : 0.2354"
"48,25 : 0.2354"
"25,49 : 0.386"
"49,25 : 0.386"
"26,27 : 0.1803"
"27,26 : 0.1803"
"26,28 : 0.3471"
"28,26 : 0.3471"
"26,29 : 0.6429"
"29,26 : 0.6429"
"26,30 : 0.1131"
"30,26 : 0.1131"
"26,31 : 0.286"
"31,26 : 0.286"
"26,32 : 0.2596"
"32,26 : 0.2596"
"26,33 : 0.483"
"33,26 : 0.483"
"26,34 : 0.3008"
"34,26 : 0.3008"
"26,35 : 0.7142"
"35,26 : 0.7142"
"26,36 : 0.2302"
"36,26 : 0.2302"
"26,37 : 0.7021"
"37,26 : 0.7021"
"26,38 : 0.2746"
"38,26 : 0.2746"
"26,39 : 0.286"
"39,26 : 0.286"
"26,40 : 0.4105"
"40,26 : 0.4105"
"26,41 : 0.314"
"41,26 : 0.314"
"26,42 : 0.3748"
"42,26 : 0.3748"
"26,43 : 0.53"
"43,26 : 0.53"
"26,44 : 0.3397"
"44,26 : 0.3397"
"26,45 : 0.6351"
"45,26 : 0.6351"
"26,46 : 0.3801"
"46,26 : 0.3801"
"26,47 : 0.1432"
"47,26 : 0.1432"
"26,48 : 0.2302"
"48,26 : 0.2302"
"26,49 : 0.086"
"49,26 : 0.086"
"27,28 : 0.4802"
"28,27 : 0.4802"
"27,29 : 0.7207"
"29,27 : 0.7207"
"27,30 : 0.2751"
"30,27 : 0.2751"
"27,31 : 0.2202"
"31,27 : 0.2202"
"27,32 : 0.4374"
"32,27 : 0.4374"
"27,33 : 0.3397"
"33,27 : 0.3397"
"27,34 : 0.2983"
"34,27 : 0.2983"
"27,35 : 0.6106"
"35,27 : 0.6106"
"27,36 : 0.3585"
"36,27 : 0.3585"
"27,37 : 0.6807"
"37,27 : 0.6807"
"27,38 : 0.4401"
"38,27 : 0.4401"
"27,39 : 0.1868"
"39,27 : 0.1868"
"27,40 : 0.2319"
"40,27 : 0.2319"
"27,41 : 0.1432"
"41,27 : 0.1432"
"27,42 : 0.5111"
"42,27 : 0.5111"
"27,43 : 0.3818"
"43,27 : 0.3818"
"27,44 : 0.2452"
"44,27 : 0.2452"
"27,45 : 0.486"
"45,27 : 0.486"
"27,46 : 0.495"
"46,27 : 0.495"
"27,47 : 0.1844"
"47,27 : 0.1844"
"27,48 : 0.4105"
"48,27 : 0.4105"
"27,49 : 0.1432"
"49,27 : 0.1432"
"28,29 : 0.882"
"29,28 : 0.882"
"28,30 : 0.3716"
"30,28 : 0.3716"
"28,31 : 0.4011"
"31,28 : 0.4011"
"28,32 : 0.3306"
"32,28 : 0.3306"
"28,33 : 0.8161"
"33,28 : 0.8161"
"28,34 : 0.6381"
"34,28 : 0.6381"
"28,35 : 1.061"
"35,28 : 1.061"
"28,36 : 0.1221"
"36,28 : 0.1221"
"28,37 : 1.0288"
"37,28 : 1.0288"
"28,38 : 0.41"
"38,28 : 0.41"
"28,39 : 0.6297"
"39,28 : 0.6297"
"28,40 : 0.6986"
"40,28 : 0.6986"
"28,41 : 0.6227"
"41,28 : 0.6227"
"28,42 : 0.0316"
"42,28 : 0.0316"
"28,43 : 0.6803"
"43,28 : 0.6803"
"28,44 : 0.4601"
"44,28 : 0.4601"
"28,45 : 0.9652"
"45,28 : 0.9652"
"28,46 : 0.603"
"46,28 : 0.603"
"28,47 : 0.486"
"47,28 : 0.486"
"28,48 : 0.27"
"48,28 : 0.27"
"28,49 : 0.3384"
"49,28 : 0.3384"
"29,30 : 0.5474"
"30,29 : 0.5474"
"29,31 : 0.9155"
"31,29 : 0.9155"
"29,32 : 0.5558"
"32,29 : 0.5558"
"29,33 : 0.7211"
"33,29 : 0.7211"
"29,34 : 0.4405"
"34,29 : 0.4405"
"29,35 : 0.679"
"35,29 : 0.679"
"29,36 : 0.811"
"36,29 : 0.811"
"29,37 : 0.3833"
"37,29 : 0.3833"
"29,38 : 0.4738"
"38,29 : 0.4738"
"29,39 : 0.6021"
"39,29 : 0.6021"
"29,40 : 0.8345"
"40,29 : 0.8345"
"29,41 : 0.7452"
"41,29 : 0.7452"
"29,42 : 0.8945"
"42,29 : 0.8945"
"29,43 : 1.0929"
"43,29 : 1.0929"
"29,44 : 0.9575"
"44,29 : 0.9575"
"29,45 : 0.8144"
"45,29 : 0.8144"
"29,46 : 0.28"
"46,29 : 0.28"
"29,47 : 0.5413"
"47,29 : 0.5413"
"29,48 : 0.6129"
"48,29 : 0.6129"
"29,49 : 0.7242"
"49,29 : 0.7242"
"30,31 : 0.3982"
"31,30 : 0.3982"
"30,32 : 0.1703"
"32,30 : 0.1703"
"30,33 : 0.5289"
"33,30 : 0.5289"
"30,34 : 0.2759"
"34,30 : 0.2759"
"30,35 : 0.722"
"35,30 : 0.722"
"30,36 : 0.2746"
"36,30 : 0.2746"
"30,37 : 0.6574"
"37,30 : 0.6574"
"30,38 : 0.1655"
"38,30 : 0.1655"
"30,39 : 0.3228"
"39,30 : 0.3228"
"30,40 : 0.4937"
"40,30 : 0.4937"
"30,41 : 0.3912"
"41,30 : 0.3912"
"30,42 : 0.3936"
"42,30 : 0.3936"
"30,43 : 0.6407"
"43,30 : 0.6407"
"30,44 : 0.4528"
"44,30 : 0.4528"
"30,45 : 0.6801"
"45,30 : 0.6801"
"30,46 : 0.2751"
"46,30 : 0.2751"
"30,47 : 0.1487"
"47,30 : 0.1487"
"30,48 : 0.1655"
"48,30 : 0.1655"
"30,49 : 0.1985"
"49,30 : 0.1985"
"31,32 : 0.5161"
"32,31 : 0.5161"
"31,33 : 0.5197"
"33,31 : 0.5197"
"31,34 : 0.5135"
"34,31 : 0.5135"
"31,35 : 0.8102"
"35,31 : 0.8102"
"31,36 : 0.3027"
"36,31 : 0.3027"
"31,37 : 0.9009"
"37,31 : 0.9009"
"31,38 : 0.5517"
"38,31 : 0.5517"
"31,39 : 0.4045"
"39,31 : 0.4045"
"31,40 : 0.3466"
"40,31 : 0.3466"
"31,41 : 0.313"
"41,31 : 0.313"
"31,42 : 0.4319"
"42,31 : 0.4319"
"31,43 : 0.2844"
"43,31 : 0.2844"
"31,44 : 0.0632"
"44,31 : 0.0632"
"31,45 : 0.6482"
"45,31 : 0.6482"
"31,46 : 0.6637"
"46,31 : 0.6637"
"31,47 : 0.3764"
"47,31 : 0.3764"
"31,48 : 0.4665"
"48,31 : 0.4665"
"31,49 : 0.2"
"49,31 : 0.2"
"32,33 : 0.6963"
"33,32 : 0.6963"
"32,34 : 0.4168"
"34,32 : 0.4168"
"32,35 : 0.8695"
"35,32 : 0.8695"
"32,36 : 0.2864"
"36,32 : 0.2864"
"32,37 : 0.756"
"37,32 : 0.756"
"32,38 : 0.0825"
"38,32 : 0.0825"
"32,39 : 0.4903"
"39,32 : 0.4903"
"32,40 : 0.6619"
"40,32 : 0.6619"
"32,41 : 0.5604"
"41,32 : 0.5604"
"32,42 : 0.3401"
"42,32 : 0.3401"
"32,43 : 0.7826"
"43,32 : 0.7826"
"32,44 : 0.5769"
"44,32 : 0.5769"
"32,45 : 0.8465"
"45,32 : 0.8465"
"32,46 : 0.2816"
"46,32 : 0.2816"
"32,47 : 0.3158"
"47,32 : 0.3158"
"32,48 : 0.0632"
"48,32 : 0.0632"
"32,49 : 0.3311"
"49,32 : 0.3311"
"33,34 : 0.3256"
"34,33 : 0.3256"
"33,35 : 0.2983"
"35,33 : 0.2983"
"33,36 : 0.694"
"36,33 : 0.694"
"33,37 : 0.5009"
"37,33 : 0.5009"
"33,38 : 0.6637"
"38,33 : 0.6637"
"33,39 : 0.2062"
"39,33 : 0.2062"
"33,40 : 0.201"
"40,33 : 0.201"
"33,41 : 0.2081"
"41,33 : 0.2081"
"33,42 : 0.8463"
"42,33 : 0.8463"
"33,43 : 0.5004"
"43,33 : 0.5004"
"33,44 : 0.5108"
"44,33 : 0.5108"
"33,45 : 0.1523"
"45,33 : 0.1523"
"33,46 : 0.6119"
"46,33 : 0.6119"
"33,47 : 0.3808"
"47,33 : 0.3808"
"33,48 : 0.6926"
"48,33 : 0.6926"
"33,49 : 0.478"
"49,33 : 0.478"
"34,35 : 0.4528"
"35,34 : 0.4528"
"34,36 : 0.5277"
"36,34 : 0.5277"
"34,37 : 0.4026"
"37,34 : 0.4026"
"34,38 : 0.364"
"38,34 : 0.364"
"34,39 : 0.1628"
"39,34 : 0.1628"
"34,40 : 0.397"
"40,34 : 0.397"
"34,41 : 0.3048"
"41,34 : 0.3048"
"34,42 : 0.6629"
"42,34 : 0.6629"
"34,43 : 0.6551"
"43,34 : 0.6551"
"34,44 : 0.5434"
"44,34 : 0.5434"
"34,45 : 0.46"
"45,34 : 0.46"
"34,46 : 0.2864"
"46,34 : 0.2864"
"34,47 : 0.1581"
"47,34 : 0.1581"
"34,48 : 0.4342"
"48,34 : 0.4342"
"34,49 : 0.3551"
"49,34 : 0.3551"
"35,36 : 0.9418"
"36,35 : 0.9418"
"35,37 : 0.3312"
"37,35 : 0.3312"
"35,38 : 0.8139"
"38,35 : 0.8139"
"35,39 : 0.4342"
"39,35 : 0.4342"
"35,40 : 0.4982"
"40,35 : 0.4982"
"35,41 : 0.4977"
"41,35 : 0.4977"
"35,42 : 1.089"
"42,35 : 1.089"
"35,43 : 0.7916"
"43,35 : 0.7916"
"35,44 : 0.8065"
"44,35 : 0.8065"
"35,45 : 0.2404"
"45,35 : 0.2404"
"35,46 : 0.6912"
"46,35 : 0.6912"
"35,47 : 0.5814"
"47,35 : 0.5814"
"35,48 : 0.8848"
"48,35 : 0.8848"
"35,49 : 0.7341"
"49,35 : 0.7341"
"36,37 : 0.9248"
"37,36 : 0.9248"
"36,38 : 0.3544"
"38,36 : 0.3544"
"36,39 : 0.5091"
"39,36 : 0.5091"
"36,40 : 0.5794"
"40,36 : 0.5794"
"36,41 : 0.5012"
"41,36 : 0.5012"
"36,42 : 0.1526"
"42,36 : 0.1526"
"36,43 : 0.5869"
"43,36 : 0.5869"
"36,44 : 0.365"
"44,36 : 0.365"
"36,45 : 0.8431"
"45,36 : 0.8431"
"36,46 : 0.5315"
"46,36 : 0.5315"
"36,47 : 0.3722"
"47,36 : 0.3722"
"36,48 : 0.2236"
"48,36 : 0.2236"
"36,49 : 0.2163"
"49,36 : 0.2163"
"37,38 : 0.6812"
"38,37 : 0.6812"
"37,39 : 0.5004"
"39,37 : 0.5004"
"37,40 : 0.6801"
"40,37 : 0.6801"
"37,41 : 0.628"
"41,37 : 0.628"
"37,42 : 1.051"
"42,37 : 1.051"
"37,43 : 0.9798"
"43,37 : 0.9798"
"37,44 : 0.9202"
"44,37 : 0.9202"
"37,45 : 0.5308"
"45,37 : 0.5308"
"37,46 : 0.5033"
"46,37 : 0.5033"
"37,47 : 0.5604"
"47,37 : 0.5604"
"37,48 : 0.7932"
"48,37 : 0.7932"
"37,49 : 0.7571"
"49,37 : 0.7571"
"38,39 : 0.4604"
"39,38 : 0.4604"
"38,40 : 0.6531"
"40,38 : 0.6531"
"38,41 : 0.5492"
"41,38 : 0.5492"
"38,42 : 0.4211"
"42,38 : 0.4211"
"38,43 : 0.8045"
"43,38 : 0.8045"
"38,44 : 0.6096"
"44,38 : 0.6096"
"38,45 : 0.8105"
"45,38 : 0.8105"
"38,46 : 0.1992"
"46,38 : 0.1992"
"38,47 : 0.2907"
"47,38 : 0.2907"
"38,48 : 0.14"
"48,38 : 0.14"
"38,49 : 0.3561"
"49,38 : 0.3561"
"39,40 : 0.2343"
"40,39 : 0.2343"
"39,41 : 0.1442"
"41,39 : 0.1442"
"39,42 : 0.6586"
"42,39 : 0.6586"
"39,43 : 0.5009"
"43,39 : 0.5009"
"39,44 : 0.42"
"44,39 : 0.42"
"39,45 : 0.3574"
"45,39 : 0.3574"
"39,46 : 0.4346"
"46,39 : 0.4346"
"39,47 : 0.1746"
"47,39 : 0.1746"
"39,48 : 0.487"
"48,39 : 0.487"
"39,49 : 0.3"
"49,39 : 0.3"
"40,41 : 0.1044"
"41,40 : 0.1044"
"40,42 : 0.7301"
"42,40 : 0.7301"
"40,43 : 0.3027"
"43,40 : 0.3027"
"40,44 : 0.3245"
"44,40 : 0.3245"
"40,45 : 0.3053"
"45,40 : 0.3053"
"40,46 : 0.6624"
"46,40 : 0.6624"
"40,47 : 0.3669"
"47,40 : 0.3669"
"40,48 : 0.6401"
"48,40 : 0.6401"
"40,49 : 0.3711"
"49,40 : 0.3711"
"41,42 : 0.6537"
"42,41 : 0.6537"
"41,43 : 0.3585"
"43,41 : 0.3585"
"41,44 : 0.3105"
"44,41 : 0.3105"
"41,45 : 0.3471"
"45,41 : 0.3471"
"41,46 : 0.5608"
"46,41 : 0.5608"
"41,47 : 0.2625"
"47,41 : 0.2625"
"41,48 : 0.5415"
"48,41 : 0.5415"
"41,49 : 0.2864"
"49,41 : 0.2864"
"42,43 : 0.7101"
"43,42 : 0.7101"
"42,44 : 0.4904"
"44,42 : 0.4904"
"42,45 : 0.9957"
"45,42 : 0.9957"
"42,46 : 0.6166"
"46,42 : 0.6166"
"42,47 : 0.5122"
"47,42 : 0.5122"
"42,48 : 0.2816"
"48,42 : 0.2816"
"42,49 : 0.3689"
