x,y
0.74,0.93
0.76,0.57
0.72,0.8
0.08,0.7
0.03,0.65
0.95,0.06
0.87,0.13
0.46,0.49
0.51,0.74
0.13,0.98
0.56,0.58
0.55,0.11
0.45,0.71
0.44,0.78
0.91,0.04
0.14,0.98
0.04,0.06
0.15,0.13
0.07,0.69
0.54,0.68
0.41,0.95
0.5,0.63
0.09,0.91
0.56,0.88
0.4,0.43
0.97,0.03
0.06,0.38
0.28,0.97
0.21,0.6
0.02,0.45
0.67,0.08
0.99,0.8
0.39,0.37
0.59,0.15
0.5,0.47
0.84,0.24
0.97,0.67
0.73,0.13
0.39,0.84
0.24,0.33
0.76,0.61
0.68,0.13
0.37,0.81
0.07,0.04
0.56,0.71
0.22,0.87
0.18,0.78
0.69,0.75
0.72,0.76
0.7,0.75

Distanze
"0,1 : 0.3606"
"1,0 : 0.3606"
"0,2 : 0.1315"
"2,0 : 0.1315"
"0,3 : 0.6989"
"3,0 : 0.6989"
"0,4 : 0.7632"
"4,0 : 0.7632"
"0,5 : 0.895"
"5,0 : 0.895"
"0,6 : 0.8105"
"6,0 : 0.8105"
"0,7 : 0.5215"
"7,0 : 0.5215"
"0,8 : 0.2983"
"8,0 : 0.2983"
"0,9 : 0.612"
"9,0 : 0.612"
"0,10 : 0.3936"
"10,0 : 0.3936"
"0,11 : 0.8417"
"11,0 : 0.8417"
"0,12 : 0.364"
"12,0 : 0.364"
"0,13 : 0.3354"
"13,0 : 0.3354"
"0,14 : 0.9061"
"14,0 : 0.9061"
"0,15 : 0.6021"
"15,0 : 0.6021"
"0,16 : 1.1166"
"16,0 : 1.1166"
"0,17 : 0.994"
"17,0 : 0.994"
"0,18 : 0.7117"
"18,0 : 0.7117"
"0,19 : 0.3202"
"19,0 : 0.3202"
"0,20 : 0.3306"
"20,0 : 0.3306"
"0,21 : 0.3842"
"21,0 : 0.3842"
"0,22 : 0.6503"
"22,0 : 0.6503"
"0,23 : 0.1868"
"23,0 : 0.1868"
"0,24 : 0.6046"
"24,0 : 0.6046"
"0,25 : 0.9289"
"25,0 : 0.9289"
"0,26 : 0.8746"
"26,0 : 0.8746"
"0,27 : 0.4617"
"27,0 : 0.4617"
"0,28 : 0.6243"
"28,0 : 0.6243"
"0,29 : 0.8653"
"29,0 : 0.8653"
"0,30 : 0.8529"
"30,0 : 0.8529"
"0,31 : 0.2818"
"31,0 : 0.2818"
"0,32 : 0.6604"
"32,0 : 0.6604"
"0,33 : 0.7943"
"33,0 : 0.7943"
"0,34 : 0.5188"
"34,0 : 0.5188"
"0,35 : 0.6972"
"35,0 : 0.6972"
"0,36 : 0.3471"
"36,0 : 0.3471"
"0,37 : 0.8001"
"37,0 : 0.8001"
"0,38 : 0.3614"
"38,0 : 0.3614"
"0,39 : 0.781"
"39,0 : 0.781"
"0,40 : 0.3206"
"40,0 : 0.3206"
"0,41 : 0.8022"
"41,0 : 0.8022"
"0,42 : 0.389"
"42,0 : 0.389"
"0,43 : 1.114"
"43,0 : 1.114"
"0,44 : 0.2843"
"44,0 : 0.2843"
"0,45 : 0.5235"
"45,0 : 0.5235"
"0,46 : 0.5797"
"46,0 : 0.5797"
"0,47 : 0.1868"
"47,0 : 0.1868"
"0,48 : 0.1712"
"48,0 : 0.1712"
"0,49 : 0.1844"
"49,0 : 0.1844"
"1,2 : 0.2335"
"2,1 : 0.2335"
"1,3 : 0.6923"
"3,1 : 0.6923"
"1,4 : 0.7344"
"4,1 : 0.7344"
"1,5 : 0.5442"
"5,1 : 0.5442"
"1,6 : 0.4535"
"6,1 : 0.4535"
"1,7 : 0.3105"
"7,1 : 0.3105"
"1,8 : 0.3023"
"8,1 : 0.3023"
"1,9 : 0.7517"
"9,1 : 0.7517"
"1,10 : 0.2002"
"10,1 : 0.2002"
"1,11 : 0.5057"
"11,1 : 0.5057"
"1,12 : 0.3401"
"12,1 : 0.3401"
"1,13 : 0.3828"
"13,1 : 0.3828"
"1,14 : 0.5508"
"14,1 : 0.5508"
"1,15 : 0.7433"
"15,1 : 0.7433"
"1,16 : 0.8823"
"16,1 : 0.8823"
"1,17 : 0.7521"
"17,1 : 0.7521"
"1,18 : 0.7004"
"18,1 : 0.7004"
"1,19 : 0.246"
"19,1 : 0.246"
"1,20 : 0.5166"
"20,1 : 0.5166"
"1,21 : 0.2668"
"21,1 : 0.2668"
"1,22 : 0.7513"
"22,1 : 0.7513"
"1,23 : 0.3689"
"23,1 : 0.3689"
"1,24 : 0.3863"
"24,1 : 0.3863"
"1,25 : 0.5794"
"25,1 : 0.5794"
"1,26 : 0.7253"
"26,1 : 0.7253"
"1,27 : 0.6248"
"27,1 : 0.6248"
"1,28 : 0.5508"
"28,1 : 0.5508"
"1,29 : 0.7497"
"29,1 : 0.7497"
"1,30 : 0.4982"
"30,1 : 0.4982"
"1,31 : 0.3253"
"31,1 : 0.3253"
"1,32 : 0.4206"
"32,1 : 0.4206"
"1,33 : 0.4531"
"33,1 : 0.4531"
"1,34 : 0.2786"
"34,1 : 0.2786"
"1,35 : 0.3396"
"35,1 : 0.3396"
"1,36 : 0.2326"
"36,1 : 0.2326"
"1,37 : 0.441"
"37,1 : 0.441"
"1,38 : 0.458"
"38,1 : 0.458"
"1,39 : 0.5727"
"39,1 : 0.5727"
"1,40 : 0.04"
"40,1 : 0.04"
"1,41 : 0.4472"
"41,1 : 0.4472"
"1,42 : 0.4579"
"42,1 : 0.4579"
"1,43 : 0.8701"
"43,1 : 0.8701"
"1,44 : 0.2441"
"44,1 : 0.2441"
"1,45 : 0.6177"
"45,1 : 0.6177"
"1,46 : 0.6168"
"46,1 : 0.6168"
"1,47 : 0.1931"
"47,1 : 0.1931"
"1,48 : 0.1942"
"48,1 : 0.1942"
"1,49 : 0.1897"
"49,1 : 0.1897"
"2,3 : 0.6478"
"3,2 : 0.6478"
"2,4 : 0.7061"
"4,2 : 0.7061"
"2,5 : 0.7749"
"5,2 : 0.7749"
"2,6 : 0.6866"
"6,2 : 0.6866"
"2,7 : 0.4046"
"7,2 : 0.4046"
"2,8 : 0.2184"
"8,2 : 0.2184"
"2,9 : 0.6168"
"9,2 : 0.6168"
"2,10 : 0.272"
"10,2 : 0.272"
"2,11 : 0.7106"
"11,2 : 0.7106"
"2,12 : 0.2846"
"12,2 : 0.2846"
"2,13 : 0.2807"
"13,2 : 0.2807"
"2,14 : 0.7834"
"14,2 : 0.7834"
"2,15 : 0.6073"
"15,2 : 0.6073"
"2,16 : 1.005"
"16,2 : 1.005"
"2,17 : 0.8797"
"17,2 : 0.8797"
"2,18 : 0.6592"
"18,2 : 0.6592"
"2,19 : 0.2163"
"19,2 : 0.2163"
"2,20 : 0.3444"
"20,2 : 0.3444"
"2,21 : 0.278"
"21,2 : 0.278"
"2,22 : 0.6395"
"22,2 : 0.6395"
"2,23 : 0.1789"
"23,2 : 0.1789"
"2,24 : 0.4892"
"24,2 : 0.4892"
"2,25 : 0.8096"
"25,2 : 0.8096"
"2,26 : 0.7823"
"26,2 : 0.7823"
"2,27 : 0.4717"
"27,2 : 0.4717"
"2,28 : 0.5478"
"28,2 : 0.5478"
"2,29 : 0.7826"
"29,2 : 0.7826"
"2,30 : 0.7217"
"30,2 : 0.7217"
"2,31 : 0.27"
"31,2 : 0.27"
"2,32 : 0.542"
"32,2 : 0.542"
"2,33 : 0.6629"
"33,2 : 0.6629"
"2,34 : 0.3966"
"34,2 : 0.3966"
"2,35 : 0.5727"
"35,2 : 0.5727"
"2,36 : 0.2818"
"36,2 : 0.2818"
"2,37 : 0.6701"
"37,2 : 0.6701"
"2,38 : 0.3324"
"38,2 : 0.3324"
"2,39 : 0.6718"
"39,2 : 0.6718"
"2,40 : 0.1942"
"40,2 : 0.1942"
"2,41 : 0.6712"
"41,2 : 0.6712"
"2,42 : 0.3501"
"42,2 : 0.3501"
"2,43 : 1.0"
"43,2 : 1.0"
"2,44 : 0.1836"
"44,2 : 0.1836"
"2,45 : 0.5049"
"45,2 : 0.5049"
"2,46 : 0.5404"
"46,2 : 0.5404"
"2,47 : 0.0583"
"47,2 : 0.0583"
"2,48 : 0.04"
"48,2 : 0.04"
"2,49 : 0.0539"
"49,2 : 0.0539"
"3,4 : 0.0707"
"4,3 : 0.0707"
"3,5 : 1.08"
"5,3 : 1.08"
"3,6 : 0.9742"
"6,3 : 0.9742"
"3,7 : 0.4342"
"7,3 : 0.4342"
"3,8 : 0.4319"
"8,3 : 0.4319"
"3,9 : 0.2844"
"9,3 : 0.2844"
"3,10 : 0.4948"
"10,3 : 0.4948"
"3,11 : 0.7543"
"11,3 : 0.7543"
"3,12 : 0.3701"
"12,3 : 0.3701"
"3,13 : 0.3688"
"13,3 : 0.3688"
"3,14 : 1.0604"
"14,3 : 1.0604"
"3,15 : 0.2864"
"15,3 : 0.2864"
"3,16 : 0.6412"
"16,3 : 0.6412"
"3,17 : 0.5743"
"17,3 : 0.5743"
"3,18 : 0.0141"
"18,3 : 0.0141"
"3,19 : 0.4604"
"19,3 : 0.4604"
"3,20 : 0.414"
"20,3 : 0.414"
"3,21 : 0.4258"
"21,3 : 0.4258"
"3,22 : 0.2102"
"22,3 : 0.2102"
"3,23 : 0.5126"
"23,3 : 0.5126"
"3,24 : 0.4187"
"24,3 : 0.4187"
"3,25 : 1.114"
"25,3 : 1.114"
"3,26 : 0.3206"
"26,3 : 0.3206"
"3,27 : 0.336"
"27,3 : 0.336"
"3,28 : 0.164"
"28,3 : 0.164"
"3,29 : 0.2571"
"29,3 : 0.2571"
"3,30 : 0.8559"
"30,3 : 0.8559"
"3,31 : 0.9155"
"31,3 : 0.9155"
"3,32 : 0.4528"
"32,3 : 0.4528"
"3,33 : 0.7501"
"33,3 : 0.7501"
"3,34 : 0.4789"
"34,3 : 0.4789"
"3,35 : 0.8884"
"35,3 : 0.8884"
"3,36 : 0.8905"
"36,3 : 0.8905"
"3,37 : 0.8645"
"37,3 : 0.8645"
"3,38 : 0.3401"
"38,3 : 0.3401"
"3,39 : 0.4031"
"39,3 : 0.4031"
"3,40 : 0.6859"
"40,3 : 0.6859"
"3,41 : 0.8276"
"41,3 : 0.8276"
"3,42 : 0.3102"
"42,3 : 0.3102"
"3,43 : 0.6601"
"43,3 : 0.6601"
"3,44 : 0.4801"
"44,3 : 0.4801"
"3,45 : 0.2202"
"45,3 : 0.2202"
"3,46 : 0.1281"
"46,3 : 0.1281"
"3,47 : 0.612"
"47,3 : 0.612"
"3,48 : 0.6428"
"48,3 : 0.6428"
"3,49 : 0.622"
"49,3 : 0.622"
"4,5 : 1.0929"
"5,4 : 1.0929"
"4,6 : 0.9879"
"6,4 : 0.9879"
"4,7 : 0.4588"
"7,4 : 0.4588"
"4,8 : 0.4884"
"8,4 : 0.4884"
"4,9 : 0.3448"
"9,4 : 0.3448"
"4,10 : 0.5346"
"10,4 : 0.5346"
"4,11 : 0.7497"
"11,4 : 0.7497"
"4,12 : 0.4243"
"12,4 : 0.4243"
"4,13 : 0.4301"
"13,4 : 0.4301"
"4,14 : 1.0707"
"14,4 : 1.0707"
"4,15 : 0.3479"
"15,4 : 0.3479"
"4,16 : 0.5901"
"16,4 : 0.5901"
"4,17 : 0.5337"
"17,4 : 0.5337"
"4,18 : 0.0566"
"18,4 : 0.0566"
"4,19 : 0.5109"
"19,4 : 0.5109"
"4,20 : 0.4841"
"20,4 : 0.4841"
"4,21 : 0.4704"
"21,4 : 0.4704"
"4,22 : 0.2668"
"22,4 : 0.2668"
"4,23 : 0.5778"
"23,4 : 0.5778"
"4,24 : 0.4305"
"24,4 : 0.4305"
"4,25 : 1.1261"
"25,4 : 1.1261"
"4,26 : 0.2717"
"26,4 : 0.2717"
"4,27 : 0.4061"
"27,4 : 0.4061"
"4,28 : 0.1868"
"28,4 : 0.1868"
"4,29 : 0.2002"
"29,4 : 0.2002"
"4,30 : 0.857"
"30,4 : 0.857"
"4,31 : 0.9716"
"31,4 : 0.9716"
"4,32 : 0.4561"
"32,4 : 0.4561"
"4,33 : 0.7507"
"33,4 : 0.7507"
"4,34 : 0.5033"
"34,4 : 0.5033"
"4,35 : 0.9079"
"35,4 : 0.9079"
"4,36 : 0.9402"
"36,4 : 0.9402"
"4,37 : 0.872"
"37,4 : 0.872"
"4,38 : 0.4071"
"38,4 : 0.4071"
"4,39 : 0.3828"
"39,4 : 0.3828"
"4,40 : 0.7311"
"40,4 : 0.7311"
"4,41 : 0.8324"
"41,4 : 0.8324"
"4,42 : 0.3758"
"42,4 : 0.3758"
"4,43 : 0.6113"
"43,4 : 0.6113"
"4,44 : 0.5334"
"44,4 : 0.5334"
"4,45 : 0.2907"
"45,4 : 0.2907"
"4,46 : 0.1985"
"46,4 : 0.1985"
"4,47 : 0.6675"
"47,4 : 0.6675"
"4,48 : 0.6987"
"48,4 : 0.6987"
"4,49 : 0.6774"
"49,4 : 0.6774"
"5,6 : 0.1063"
"6,5 : 0.1063"
"5,7 : 0.6519"
"7,5 : 0.6519"
"5,8 : 0.8099"
"8,5 : 0.8099"
"5,9 : 1.2324"
"9,5 : 1.2324"
"5,10 : 0.65"
"10,5 : 0.65"
"5,11 : 0.4031"
"11,5 : 0.4031"
"5,12 : 0.8201"
"12,5 : 0.8201"
"5,13 : 0.8823"
"13,5 : 0.8823"
"5,14 : 0.0447"
"14,5 : 0.0447"
"5,15 : 1.2258"
"15,5 : 1.2258"
"5,16 : 0.91"
"16,5 : 0.91"
"5,17 : 0.8031"
"17,5 : 0.8031"
"5,18 : 1.0823"
"18,5 : 1.0823"
"5,19 : 0.7433"
"19,5 : 0.7433"
"5,20 : 1.041"
"20,5 : 1.041"
"5,21 : 0.7262"
"21,5 : 0.7262"
"5,22 : 1.2092"
"22,5 : 1.2092"
"5,23 : 0.908"
"23,5 : 0.908"
"5,24 : 0.6629"
"24,5 : 0.6629"
"5,25 : 0.0361"
"25,5 : 0.0361"
"5,26 : 0.9458"
"26,5 : 0.9458"
"5,27 : 1.13"
"27,5 : 1.13"
"5,28 : 0.9161"
"28,5 : 0.9161"
"5,29 : 1.0085"
"29,5 : 1.0085"
"5,30 : 0.2807"
"30,5 : 0.2807"
"5,31 : 0.7411"
"31,5 : 0.7411"
"5,32 : 0.6401"
"32,5 : 0.6401"
"5,33 : 0.3711"
"33,5 : 0.3711"
"5,34 : 0.6088"
"34,5 : 0.6088"
"5,35 : 0.211"
"35,5 : 0.211"
"5,36 : 0.6103"
"36,5 : 0.6103"
"5,37 : 0.2309"
"37,5 : 0.2309"
"5,38 : 0.9602"
"38,5 : 0.9602"
"5,39 : 0.7596"
"39,5 : 0.7596"
"5,40 : 0.5819"
"40,5 : 0.5819"
"5,41 : 0.2789"
"41,5 : 0.2789"
"5,42 : 0.9481"
"42,5 : 0.9481"
"5,43 : 0.8802"
"43,5 : 0.8802"
"5,44 : 0.758"
"44,5 : 0.758"
"5,45 : 1.0904"
"45,5 : 1.0904"
"5,46 : 1.0542"
"46,5 : 1.0542"
"5,47 : 0.7374"
"47,5 : 0.7374"
"5,48 : 0.7368"
"48,5 : 0.7368"
"5,49 : 0.7339"
"49,5 : 0.7339"
"6,7 : 0.5456"
"7,6 : 0.5456"
"6,8 : 0.7083"
"8,6 : 0.7083"
"6,9 : 1.127"
"9,6 : 1.127"
"6,10 : 0.5464"
"10,6 : 0.5464"
"6,11 : 0.3206"
"11,6 : 0.3206"
"6,12 : 0.7161"
"12,6 : 0.7161"
"6,13 : 0.7794"
"13,6 : 0.7794"
"6,14 : 0.0985"
"14,6 : 0.0985"
"6,15 : 1.1204"
"15,6 : 1.1204"
"6,16 : 0.8329"
"16,6 : 0.8329"
"6,17 : 0.72"
"17,6 : 0.72"
"6,18 : 0.9765"
"18,6 : 0.9765"
"6,19 : 0.6414"
"19,6 : 0.6414"
"6,20 : 0.9402"
"20,6 : 0.9402"
"6,21 : 0.622"
"21,6 : 0.622"
"6,22 : 1.1031"
"22,6 : 1.1031"
"6,23 : 0.8115"
"23,6 : 0.8115"
"6,24 : 0.5576"
"24,6 : 0.5576"
"6,25 : 0.1414"
"25,6 : 0.1414"
"6,26 : 0.8477"
"26,6 : 0.8477"
"6,27 : 1.0265"
"27,6 : 1.0265"
"6,28 : 0.8102"
"28,6 : 0.8102"
"6,29 : 0.9082"
"29,6 : 0.9082"
"6,30 : 0.2062"
"30,6 : 0.2062"
"6,31 : 0.6807"
"31,6 : 0.6807"
"6,32 : 0.5367"
"32,6 : 0.5367"
"6,33 : 0.2807"
"33,6 : 0.2807"
"6,34 : 0.5025"
"34,6 : 0.5025"
"6,35 : 0.114"
"35,6 : 0.114"
"6,36 : 0.5492"
"36,6 : 0.5492"
"6,37 : 0.14"
"37,6 : 0.14"
"6,38 : 0.857"
"38,6 : 0.857"
"6,39 : 0.661"
"39,6 : 0.661"
"6,40 : 0.4924"
"40,6 : 0.4924"
"6,41 : 0.19"
"41,6 : 0.19"
"6,42 : 0.844"
"42,6 : 0.844"
"6,43 : 0.805"
"43,6 : 0.805"
"6,44 : 0.6576"
"44,6 : 0.6576"
"6,45 : 0.9849"
"45,6 : 0.9849"
"6,46 : 0.9479"
"46,6 : 0.9479"
"6,47 : 0.6456"
"47,6 : 0.6456"
"6,48 : 0.6476"
"48,6 : 0.6476"
"6,49 : 0.6429"
"49,6 : 0.6429"
"7,8 : 0.255"
"8,7 : 0.255"
"7,9 : 0.5908"
"9,7 : 0.5908"
"7,10 : 0.1345"
"10,7 : 0.1345"
"7,11 : 0.3905"
"11,7 : 0.3905"
"7,12 : 0.2202"
"12,7 : 0.2202"
"7,13 : 0.2907"
"13,7 : 0.2907"
"7,14 : 0.6364"
"14,7 : 0.6364"
"7,15 : 0.5852"
"15,7 : 0.5852"
"7,16 : 0.6011"
"16,7 : 0.6011"
"7,17 : 0.4751"
"17,7 : 0.4751"
"7,18 : 0.4383"
"18,7 : 0.4383"
"7,19 : 0.2062"
"19,7 : 0.2062"
"7,20 : 0.4627"
"20,7 : 0.4627"
"7,21 : 0.1456"
"21,7 : 0.1456"
"7,22 : 0.5597"
"22,7 : 0.5597"
"7,23 : 0.4026"
"23,7 : 0.4026"
"7,24 : 0.0849"
"24,7 : 0.0849"
"7,25 : 0.6868"
"25,7 : 0.6868"
"7,26 : 0.4148"
"26,7 : 0.4148"
"7,27 : 0.5126"
"27,7 : 0.5126"
"7,28 : 0.2731"
"28,7 : 0.2731"
"7,29 : 0.4418"
"29,7 : 0.4418"
"7,30 : 0.4607"
"30,7 : 0.4607"
"7,31 : 0.614"
"31,7 : 0.614"
"7,32 : 0.1389"
"32,7 : 0.1389"
"7,33 : 0.364"
"33,7 : 0.364"
"7,34 : 0.0447"
"34,7 : 0.0447"
"7,35 : 0.4549"
"35,7 : 0.4549"
"7,36 : 0.5408"
"36,7 : 0.5408"
"7,37 : 0.45"
"37,7 : 0.45"
"7,38 : 0.3569"
"38,7 : 0.3569"
"7,39 : 0.272"
"39,7 : 0.272"
"7,40 : 0.3231"
"40,7 : 0.3231"
"7,41 : 0.4219"
"41,7 : 0.4219"
"7,42 : 0.3324"
"42,7 : 0.3324"
"7,43 : 0.5955"
"43,7 : 0.5955"
"7,44 : 0.2417"
"44,7 : 0.2417"
"7,45 : 0.4494"
"45,7 : 0.4494"
"7,46 : 0.4031"
"46,7 : 0.4031"
"7,47 : 0.3471"
"47,7 : 0.3471"
"7,48 : 0.3748"
"48,7 : 0.3748"
"7,49 : 0.3538"
"49,7 : 0.3538"
"8,9 : 0.4494"
"9,8 : 0.4494"
"8,10 : 0.1676"
"10,8 : 0.1676"
"8,11 : 0.6313"
"11,8 : 0.6313"
"8,12 : 0.0671"
"12,8 : 0.0671"
"8,13 : 0.0806"
"13,8 : 0.0806"
"8,14 : 0.8062"
"14,8 : 0.8062"
"8,15 : 0.441"
"15,8 : 0.441"
"8,16 : 0.8266"
"16,8 : 0.8266"
"8,17 : 0.7083"
"17,8 : 0.7083"
"8,18 : 0.4428"
"18,8 : 0.4428"
"8,19 : 0.0671"
"19,8 : 0.0671"
"8,20 : 0.2326"
"20,8 : 0.2326"
"8,21 : 0.1105"
"21,8 : 0.1105"
"8,22 : 0.4531"
"22,8 : 0.4531"
"8,23 : 0.1487"
"23,8 : 0.1487"
"8,24 : 0.3289"
"24,8 : 0.3289"
"8,25 : 0.846"
"25,8 : 0.846"
"8,26 : 0.5763"
"26,8 : 0.5763"
"8,27 : 0.3253"
"27,8 : 0.3253"
"8,28 : 0.3311"
"28,8 : 0.3311"
"8,29 : 0.5694"
"29,8 : 0.5694"
"8,30 : 0.6791"
"30,8 : 0.6791"
"8,31 : 0.4837"
"31,8 : 0.4837"
"8,32 : 0.389"
"32,8 : 0.389"
"8,33 : 0.5954"
"33,8 : 0.5954"
"8,34 : 0.2702"
"34,8 : 0.2702"
"8,35 : 0.5991"
"35,8 : 0.5991"
"8,36 : 0.4653"
"36,8 : 0.4653"
"8,37 : 0.6485"
"37,8 : 0.6485"
"8,38 : 0.1562"
"38,8 : 0.1562"
"8,39 : 0.4909"
"39,8 : 0.4909"
"8,40 : 0.2818"
"40,8 : 0.2818"
"8,41 : 0.6332"
"41,8 : 0.6332"
"8,42 : 0.1565"
"42,8 : 0.1565"
"8,43 : 0.8268"
"43,8 : 0.8268"
"8,44 : 0.0583"
"44,8 : 0.0583"
"8,45 : 0.3178"
"45,8 : 0.3178"
"8,46 : 0.3324"
"46,8 : 0.3324"
"8,47 : 0.1803"
"47,8 : 0.1803"
"8,48 : 0.211"
"48,8 : 0.211"
"8,49 : 0.1903"
"49,8 : 0.1903"
"9,10 : 0.5873"
"10,9 : 0.5873"
"9,11 : 0.9661"
"11,9 : 0.9661"
"9,12 : 0.4187"
"12,9 : 0.4187"
"9,13 : 0.3689"
"13,9 : 0.3689"
"9,14 : 1.2215"
"14,9 : 1.2215"
"9,15 : 0.01"
"15,9 : 0.01"
"9,16 : 0.9244"
"16,9 : 0.9244"
"9,17 : 0.8502"
"17,9 : 0.8502"
"9,18 : 0.2961"
"18,9 : 0.2961"
"9,19 : 0.508"
"19,9 : 0.508"
"9,20 : 0.2816"
"20,9 : 0.2816"
"9,21 : 0.5093"
"21,9 : 0.5093"
"9,22 : 0.0806"
"22,9 : 0.0806"
"9,23 : 0.4415"
"23,9 : 0.4415"
"9,24 : 0.6127"
"24,9 : 0.6127"
"9,25 : 1.2681"
"25,9 : 1.2681"
"9,26 : 0.6041"
"26,9 : 0.6041"
"9,27 : 0.1503"
"27,9 : 0.1503"
"9,28 : 0.3883"
"28,9 : 0.3883"
"9,29 : 0.5413"
"29,9 : 0.5413"
"9,30 : 1.0496"
"30,9 : 1.0496"
"9,31 : 0.8786"
"31,9 : 0.8786"
"9,32 : 0.6631"
"32,9 : 0.6631"
"9,33 : 0.9489"
"33,9 : 0.9489"
"9,34 : 0.6301"
"34,9 : 0.6301"
"9,35 : 1.0255"
"35,9 : 1.0255"
"9,36 : 0.8954"
"36,9 : 0.8954"
"9,37 : 1.0404"
"37,9 : 1.0404"
"9,38 : 0.2953"
"38,9 : 0.2953"
"9,39 : 0.6592"
"39,9 : 0.6592"
"9,40 : 0.7306"
"40,9 : 0.7306"
"9,41 : 1.0124"
"41,9 : 1.0124"
"9,42 : 0.2941"
"42,9 : 0.2941"
"9,43 : 0.9419"
"43,9 : 0.9419"
"9,44 : 0.5077"
"44,9 : 0.5077"
"9,45 : 0.1421"
"45,9 : 0.1421"
"9,46 : 0.2062"
"46,9 : 0.2062"
"9,47 : 0.6054"
"47,9 : 0.6054"
"9,48 : 0.6297"
"48,9 : 0.6297"
"9,49 : 0.6147"
"49,9 : 0.6147"
"10,11 : 0.4701"
"11,10 : 0.4701"
"10,12 : 0.1703"
"12,10 : 0.1703"
"10,13 : 0.2332"
"13,10 : 0.2332"
"10,14 : 0.6435"
"14,10 : 0.6435"
"10,15 : 0.58"
"15,10 : 0.58"
"10,16 : 0.7354"
"16,10 : 0.7354"
"10,17 : 0.6088"
"17,10 : 0.6088"
"10,18 : 0.5022"
"18,10 : 0.5022"
"10,19 : 0.102"
"19,10 : 0.102"
"10,20 : 0.3992"
"20,10 : 0.3992"
"10,21 : 0.0781"
"21,10 : 0.0781"
"10,22 : 0.5743"
"22,10 : 0.5743"
"10,23 : 0.3"
"23,10 : 0.3"
"10,24 : 0.2193"
"24,10 : 0.2193"
"10,25 : 0.686"
"25,10 : 0.686"
"10,26 : 0.5385"
"26,10 : 0.5385"
"10,27 : 0.4801"
"27,10 : 0.4801"
"10,28 : 0.3506"
"28,10 : 0.3506"
"10,29 : 0.5554"
"29,10 : 0.5554"
"10,30 : 0.512"
"30,10 : 0.512"
"10,31 : 0.483"
"31,10 : 0.483"
"10,32 : 0.2702"
"32,10 : 0.2702"
"10,33 : 0.431"
"33,10 : 0.431"
"10,34 : 0.1253"
"34,10 : 0.1253"
"10,35 : 0.4405"
"35,10 : 0.4405"
"10,36 : 0.4198"
"36,10 : 0.4198"
"10,37 : 0.481"
"37,10 : 0.481"
"10,38 : 0.3106"
"38,10 : 0.3106"
"10,39 : 0.4061"
"39,10 : 0.4061"
"10,40 : 0.2022"
"40,10 : 0.2022"
"10,41 : 0.4657"
"41,10 : 0.4657"
"10,42 : 0.2983"
"42,10 : 0.2983"
"10,43 : 0.7292"
"43,10 : 0.7292"
"10,44 : 0.13"
"44,10 : 0.13"
"10,45 : 0.4469"
"45,10 : 0.4469"
"10,46 : 0.4294"
"46,10 : 0.4294"
"10,47 : 0.214"
"47,10 : 0.214"
"10,48 : 0.2408"
"48,10 : 0.2408"
"10,49 : 0.2202"
"49,10 : 0.2202"
"11,12 : 0.6083"
"12,11 : 0.6083"
"11,13 : 0.679"
"13,11 : 0.679"
"11,14 : 0.3667"
"14,11 : 0.3667"
"11,15 : 0.9618"
"15,11 : 0.9618"
"11,16 : 0.5124"
"16,11 : 0.5124"
"11,17 : 0.4005"
"17,11 : 0.4005"
"11,18 : 0.7529"
"18,11 : 0.7529"
"11,19 : 0.5701"
"19,11 : 0.5701"
"11,20 : 0.8516"
"20,11 : 0.8516"
"11,21 : 0.5224"
"21,11 : 0.5224"
"11,22 : 0.9228"
"22,11 : 0.9228"
"11,23 : 0.7701"
"23,11 : 0.7701"
"11,24 : 0.3534"
"24,11 : 0.3534"
"11,25 : 0.4276"
"25,11 : 0.4276"
"11,26 : 0.5595"
"26,11 : 0.5595"
"11,27 : 0.9014"
"27,11 : 0.9014"
"11,28 : 0.5964"
"28,11 : 0.5964"
"11,29 : 0.6297"
"29,11 : 0.6297"
"11,30 : 0.1237"
"30,11 : 0.1237"
"11,31 : 0.8184"
"31,11 : 0.8184"
"11,32 : 0.3053"
"32,11 : 0.3053"
"11,33 : 0.0566"
"33,11 : 0.0566"
"11,34 : 0.3635"
"34,11 : 0.3635"
"11,35 : 0.3178"
"35,11 : 0.3178"
"11,36 : 0.7"
"36,11 : 0.7"
"11,37 : 0.1811"
"37,11 : 0.1811"
"11,38 : 0.7473"
"38,11 : 0.7473"
"11,39 : 0.3801"
"39,11 : 0.3801"
"11,40 : 0.5423"
"40,11 : 0.5423"
"11,41 : 0.1315"
"41,11 : 0.1315"
"11,42 : 0.7228"
"42,11 : 0.7228"
"11,43 : 0.4851"
"43,11 : 0.4851"
"11,44 : 0.6001"
"44,11 : 0.6001"
"11,45 : 0.8286"
"45,11 : 0.8286"
"11,46 : 0.7654"
"46,11 : 0.7654"
"11,47 : 0.6551"
"47,11 : 0.6551"
"11,48 : 0.6719"
"48,11 : 0.6719"
"11,49 : 0.6573"
"49,11 : 0.6573"
"12,13 : 0.0707"
"13,12 : 0.0707"
"12,14 : 0.8127"
"14,12 : 0.8127"
"12,15 : 0.4111"
"15,12 : 0.4111"
"12,16 : 0.7685"
"16,12 : 0.7685"
"12,17 : 0.653"
"17,12 : 0.653"
"12,18 : 0.3805"
"18,12 : 0.3805"
"12,19 : 0.0949"
"19,12 : 0.0949"
"12,20 : 0.2433"
"20,12 : 0.2433"
"12,21 : 0.0943"
"21,12 : 0.0943"
"12,22 : 0.4118"
"22,12 : 0.4118"
"12,23 : 0.2025"
"23,12 : 0.2025"
"12,24 : 0.2844"
"24,12 : 0.2844"
"12,25 : 0.856"
"25,12 : 0.856"
"12,26 : 0.5109"
"26,12 : 0.5109"
"12,27 : 0.3106"
"27,12 : 0.3106"
"12,28 : 0.264"
"28,12 : 0.264"
"12,29 : 0.5025"
"29,12 : 0.5025"
"12,30 : 0.6673"
"30,12 : 0.6673"
"12,31 : 0.5474"
"31,12 : 0.5474"
"12,32 : 0.3453"
"32,12 : 0.3453"
"12,33 : 0.5772"
"33,12 : 0.5772"
"12,34 : 0.2452"
"34,12 : 0.2452"
"12,35 : 0.6107"
"35,12 : 0.6107"
"12,36 : 0.5215"
"36,12 : 0.5215"
"12,37 : 0.644"
"37,12 : 0.644"
"12,38 : 0.1432"
"38,12 : 0.1432"
"12,39 : 0.4342"
"39,12 : 0.4342"
"12,40 : 0.3257"
"40,12 : 0.3257"
"12,41 : 0.6239"
"41,12 : 0.6239"
"12,42 : 0.1281"
"42,12 : 0.1281"
"12,43 : 0.7703"
"43,12 : 0.7703"
"12,44 : 0.11"
"44,12 : 0.11"
"12,45 : 0.2802"
"45,12 : 0.2802"
"12,46 : 0.2789"
"46,12 : 0.2789"
"12,47 : 0.2433"
"47,12 : 0.2433"
"12,48 : 0.2746"
"48,12 : 0.2746"
"12,49 : 0.2532"
"49,12 : 0.2532"
"13,14 : 0.8766"
"14,13 : 0.8766"
"13,15 : 0.3606"
"15,13 : 0.3606"
"13,16 : 0.8237"
"16,13 : 0.8237"
"13,17 : 0.7118"
"17,13 : 0.7118"
"13,18 : 0.3808"
"18,13 : 0.3808"
"13,19 : 0.1414"
"19,13 : 0.1414"
"13,20 : 0.1726"
"20,13 : 0.1726"
"13,21 : 0.1616"
"21,13 : 0.1616"
"13,22 : 0.3734"
"22,13 : 0.3734"
"13,23 : 0.1562"
"23,13 : 0.1562"
"13,24 : 0.3523"
"24,13 : 0.3523"
"13,25 : 0.9184"
"25,13 : 0.9184"
"13,26 : 0.5517"
"26,13 : 0.5517"
"13,27 : 0.2484"
"27,13 : 0.2484"
"13,28 : 0.2921"
"28,13 : 0.2921"
"13,29 : 0.5341"
"29,13 : 0.5341"
"13,30 : 0.7368"
"30,13 : 0.7368"
"13,31 : 0.5504"
"31,13 : 0.5504"
"13,32 : 0.413"
"32,13 : 0.413"
"13,33 : 0.6476"
"33,13 : 0.6476"
"13,34 : 0.3158"
"34,13 : 0.3158"
"13,35 : 0.672"
"35,13 : 0.672"
"13,36 : 0.5413"
"36,13 : 0.5413"
"13,37 : 0.7118"
"37,13 : 0.7118"
"13,38 : 0.0781"
"38,13 : 0.0781"
"13,39 : 0.4924"
"39,13 : 0.4924"
"13,40 : 0.3624"
"40,13 : 0.3624"
"13,41 : 0.6929"
"41,13 : 0.6929"
"13,42 : 0.0762"
"42,13 : 0.0762"
"13,43 : 0.8273"
"43,13 : 0.8273"
"13,44 : 0.1389"
"44,13 : 0.1389"
"13,45 : 0.2377"
"45,13 : 0.2377"
"13,46 : 0.26"
"46,13 : 0.26"
"13,47 : 0.2518"
"47,13 : 0.2518"
"13,48 : 0.2807"
"48,13 : 0.2807"
"13,49 : 0.2617"
"49,13 : 0.2617"
"14,15 : 1.2151"
"15,14 : 1.2151"
"14,16 : 0.8702"
"16,14 : 0.8702"
"14,17 : 0.7653"
"17,14 : 0.7653"
"14,18 : 1.0621"
"18,14 : 1.0621"
"14,19 : 0.7393"
"19,14 : 0.7393"
"14,20 : 1.0383"
"20,14 : 1.0383"
"14,21 : 0.7185"
"21,14 : 0.7185"
"14,22 : 1.1955"
"22,14 : 1.1955"
"14,23 : 0.91"
"23,14 : 0.91"
"14,24 : 0.642"
"24,14 : 0.642"
"14,25 : 0.0608"
"25,14 : 0.0608"
"14,26 : 0.9155"
"26,14 : 0.9155"
"14,27 : 1.1233"
"27,14 : 1.1233"
"14,28 : 0.8964"
"28,14 : 0.8964"
"14,29 : 0.9799"
"29,14 : 0.9799"
"14,30 : 0.2433"
"30,14 : 0.2433"
"14,31 : 0.7642"
"31,14 : 0.7642"
"14,32 : 0.6159"
"32,14 : 0.6159"
"14,33 : 0.3384"
"33,14 : 0.3384"
"14,34 : 0.5941"
"34,14 : 0.5941"
"14,35 : 0.2119"
"35,14 : 0.2119"
"14,36 : 0.6329"
"36,14 : 0.6329"
"14,37 : 0.2012"
"37,14 : 0.2012"
"14,38 : 0.9541"
"38,14 : 0.9541"
"14,39 : 0.7301"
"39,14 : 0.7301"
"14,40 : 0.5894"
"40,14 : 0.5894"
"14,41 : 0.247"
"41,14 : 0.247"
"14,42 : 0.9405"
"42,14 : 0.9405"
"14,43 : 0.84"
"43,14 : 0.84"
"14,44 : 0.7559"
"44,14 : 0.7559"
"14,45 : 1.0794"
"45,14 : 1.0794"
"14,46 : 1.0395"
"46,14 : 1.0395"
"14,47 : 0.7433"
"47,14 : 0.7433"
"14,48 : 0.7446"
"48,14 : 0.7446"
"14,49 : 0.7404"
"49,14 : 0.7404"
"15,16 : 0.9254"
"16,15 : 0.9254"
"15,17 : 0.8501"
"17,15 : 0.8501"
"15,18 : 0.2983"
"18,15 : 0.2983"
"15,19 : 0.5"
"19,15 : 0.5"
"15,20 : 0.2717"
"20,15 : 0.2717"
"15,21 : 0.5021"
"21,15 : 0.5021"
"15,22 : 0.086"
"22,15 : 0.086"
"15,23 : 0.4317"
"23,15 : 0.4317"
"15,24 : 0.6084"
"24,15 : 0.6084"
"15,25 : 1.2615"
"25,15 : 1.2615"
"15,26 : 0.6053"
"26,15 : 0.6053"
"15,27 : 0.1404"
"27,15 : 0.1404"
"15,28 : 0.3864"
"28,15 : 0.3864"
"15,29 : 0.5434"
"29,15 : 0.5434"
"15,30 : 1.0445"
"30,15 : 1.0445"
"15,31 : 0.8688"
"31,15 : 0.8688"
"15,32 : 0.6592"
"32,15 : 0.6592"
"15,33 : 0.9441"
"33,15 : 0.9441"
"15,34 : 0.6243"
"34,15 : 0.6243"
"15,35 : 1.0186"
"35,15 : 1.0186"
"15,36 : 0.886"
"36,15 : 0.886"
"15,37 : 1.0347"
"37,15 : 1.0347"
"15,38 : 0.2865"
"38,15 : 0.2865"
"15,39 : 0.6576"
"39,15 : 0.6576"
"15,40 : 0.722"
"40,15 : 0.722"
"15,41 : 1.007"
"41,15 : 1.007"
"15,42 : 0.286"
"42,15 : 0.286"
"15,43 : 0.9426"
"43,15 : 0.9426"
"15,44 : 0.4993"
"44,15 : 0.4993"
"15,45 : 0.136"
"45,15 : 0.136"
"15,46 : 0.204"
"46,15 : 0.204"
"15,47 : 0.5962"
"47,15 : 0.5962"
"15,48 : 0.6203"
"48,15 : 0.6203"
"15,49 : 0.6054"
"49,15 : 0.6054"
"16,17 : 0.1304"
"17,16 : 0.1304"
"16,18 : 0.6307"
"18,16 : 0.6307"
"16,19 : 0.7965"
"19,16 : 0.7965"
"16,20 : 0.9638"
"20,16 : 0.9638"
"16,21 : 0.7325"
"21,16 : 0.7325"
"16,22 : 0.8515"
"22,16 : 0.8515"
"16,23 : 0.971"
"23,16 : 0.971"
"16,24 : 0.5162"
"24,16 : 0.5162"
"16,25 : 0.9305"
"25,16 : 0.9305"
"16,26 : 0.3206"
"26,16 : 0.3206"
"16,27 : 0.9411"
"27,16 : 0.9411"
"16,28 : 0.5661"
"28,16 : 0.5661"
"16,29 : 0.3905"
"29,16 : 0.3905"
"16,30 : 0.6303"
"30,16 : 0.6303"
"16,31 : 1.2042"
"31,16 : 1.2042"
"16,32 : 0.4675"
"32,16 : 0.4675"
"16,33 : 0.5573"
"33,16 : 0.5573"
"16,34 : 0.6162"
"34,16 : 0.6162"
"16,35 : 0.82"
"35,16 : 0.82"
"16,36 : 1.1122"
"36,16 : 1.1122"
"16,37 : 0.6935"
"37,16 : 0.6935"
"16,38 : 0.8549"
"38,16 : 0.8549"
"16,39 : 0.336"
"39,16 : 0.336"
"16,40 : 0.906"
"40,16 : 0.906"
"16,41 : 0.6438"
"41,16 : 0.6438"
"16,42 : 0.8194"
"42,16 : 0.8194"
"16,43 : 0.0361"
"43,16 : 0.0361"
"16,44 : 0.8324"
"44,16 : 0.8324"
"16,45 : 0.8298"
"45,16 : 0.8298"
"16,46 : 0.7335"
"46,16 : 0.7335"
"16,47 : 0.9479"
"47,16 : 0.9479"
"16,48 : 0.9759"
"48,16 : 0.9759"
"16,49 : 0.9548"
"49,16 : 0.9548"
"17,18 : 0.5657"
"18,17 : 0.5657"
"17,19 : 0.6742"
"19,17 : 0.6742"
"17,20 : 0.8602"
"20,17 : 0.8602"
"17,21 : 0.6103"
"21,17 : 0.6103"
"17,22 : 0.7823"
"22,17 : 0.7823"
"17,23 : 0.8548"
"23,17 : 0.8548"
"17,24 : 0.3905"
"24,17 : 0.3905"
"17,25 : 0.8261"
"25,17 : 0.8261"
"17,26 : 0.2657"
"26,17 : 0.2657"
"17,27 : 0.85"
"27,17 : 0.85"
"17,28 : 0.4738"
"28,17 : 0.4738"
"17,29 : 0.3454"
"29,17 : 0.3454"
"17,30 : 0.5224"
"30,17 : 0.5224"
"17,31 : 1.0745"
"31,17 : 1.0745"
"17,32 : 0.3394"
"32,17 : 0.3394"
"17,33 : 0.4405"
"33,17 : 0.4405"
"17,34 : 0.488"
"34,17 : 0.488"
"17,35 : 0.6987"
"35,17 : 0.6987"
"17,36 : 0.9818"
"36,17 : 0.9818"
"17,37 : 0.58"
"37,17 : 0.58"
"17,38 : 0.7495"
"38,17 : 0.7495"
"17,39 : 0.2193"
"39,17 : 0.2193"
"17,40 : 0.7762"
"40,17 : 0.7762"
"17,41 : 0.53"
"41,17 : 0.53"
"17,42 : 0.7147"
"42,17 : 0.7147"
"17,43 : 0.1204"
"43,17 : 0.1204"
"17,44 : 0.7103"
"44,17 : 0.7103"
"17,45 : 0.7433"
"45,17 : 0.7433"
"17,46 : 0.6507"
"46,17 : 0.6507"
"17,47 : 0.8222"
"47,17 : 0.8222"
"17,48 : 0.8496"
"48,17 : 0.8496"
"17,49 : 0.8288"
"49,17 : 0.8288"
"18,19 : 0.4701"
"19,18 : 0.4701"
"18,20 : 0.428"
"20,18 : 0.428"
"18,21 : 0.4342"
"21,18 : 0.4342"
"18,22 : 0.2209"
"22,18 : 0.2209"
"18,23 : 0.5255"
"23,18 : 0.5255"
"18,24 : 0.4201"
"24,18 : 0.4201"
"18,25 : 1.1161"
"25,18 : 1.1161"
"18,26 : 0.3102"
"26,18 : 0.3102"
"18,27 : 0.35"
"27,18 : 0.35"
"18,28 : 0.1664"
"28,18 : 0.1664"
"18,29 : 0.2452"
"29,18 : 0.2452"
"18,30 : 0.8556"
"30,18 : 0.8556"
"18,31 : 0.9266"
"31,18 : 0.9266"
"18,32 : 0.4525"
"32,18 : 0.4525"
"18,33 : 0.7497"
"33,18 : 0.7497"
"18,34 : 0.483"
"34,18 : 0.483"
"18,35 : 0.8919"
"35,18 : 0.8919"
"18,36 : 0.9002"
"36,18 : 0.9002"
"18,37 : 0.8656"
"37,18 : 0.8656"
"18,38 : 0.3534"
"38,18 : 0.3534"
"18,39 : 0.3981"
"39,18 : 0.3981"
"18,40 : 0.6946"
"40,18 : 0.6946"
"18,41 : 0.8281"
"41,18 : 0.8281"
"18,42 : 0.3231"
"42,18 : 0.3231"
"18,43 : 0.65"
"43,18 : 0.65"
"18,44 : 0.4904"
"44,18 : 0.4904"
"18,45 : 0.2343"
"45,18 : 0.2343"
"18,46 : 0.1421"
"46,18 : 0.1421"
"18,47 : 0.6229"
"47,18 : 0.6229"
"18,48 : 0.6538"
"48,18 : 0.6538"
"18,49 : 0.6329"
"49,18 : 0.6329"
"19,20 : 0.2997"
"20,19 : 0.2997"
"19,21 : 0.064"
"21,19 : 0.064"
"19,22 : 0.5054"
"22,19 : 0.5054"
"19,23 : 0.201"
"23,19 : 0.201"
"19,24 : 0.2865"
"24,19 : 0.2865"
"19,25 : 0.7794"
"25,19 : 0.7794"
"19,26 : 0.566"
"26,19 : 0.566"
"19,27 : 0.3895"
"27,19 : 0.3895"
"19,28 : 0.3396"
"28,19 : 0.3396"
"19,29 : 0.5686"
"29,19 : 0.5686"
"19,30 : 0.6139"
"30,19 : 0.6139"
"19,31 : 0.4657"
"31,19 : 0.4657"
"19,32 : 0.3444"
"32,19 : 0.3444"
"19,33 : 0.5324"
"33,19 : 0.5324"
"19,34 : 0.2138"
"34,19 : 0.2138"
"19,35 : 0.5325"
"35,19 : 0.5325"
"19,36 : 0.4301"
"36,19 : 0.4301"
"19,37 : 0.5819"
"37,19 : 0.5819"
"19,38 : 0.2193"
"38,19 : 0.2193"
"19,39 : 0.461"
"39,19 : 0.461"
"19,40 : 0.2309"
"40,19 : 0.2309"
"19,41 : 0.5675"
"41,19 : 0.5675"
"19,42 : 0.214"
"42,19 : 0.214"
"19,43 : 0.794"
"43,19 : 0.794"
"19,44 : 0.0361"
"44,19 : 0.0361"
"19,45 : 0.3722"
"45,19 : 0.3722"
"19,46 : 0.3736"
"46,19 : 0.3736"
"19,47 : 0.1655"
"47,19 : 0.1655"
"19,48 : 0.197"
"48,19 : 0.197"
"19,49 : 0.1746"
"49,19 : 0.1746"
"20,21 : 0.3324"
"21,20 : 0.3324"
"20,22 : 0.3225"
"22,20 : 0.3225"
"20,23 : 0.1655"
"23,20 : 0.1655"
"20,24 : 0.5201"
"24,20 : 0.5201"
"20,25 : 1.077"
"25,20 : 1.077"
"20,26 : 0.6689"
"26,20 : 0.6689"
"20,27 : 0.1315"
"27,20 : 0.1315"
"20,28 : 0.4031"
"28,20 : 0.4031"
"20,29 : 0.6341"
"29,20 : 0.6341"
"20,30 : 0.908"
"30,20 : 0.908"
"20,31 : 0.5991"
"31,20 : 0.5991"
"20,32 : 0.5803"
"32,20 : 0.5803"
"20,33 : 0.82"
"33,20 : 0.82"
"20,34 : 0.4884"
"34,20 : 0.4884"
"20,35 : 0.8301"
"35,20 : 0.8301"
"20,36 : 0.6261"
"36,20 : 0.6261"
"20,37 : 0.8802"
"37,20 : 0.8802"
"20,38 : 0.1118"
"38,20 : 0.1118"
"20,39 : 0.6429"
"39,20 : 0.6429"
"20,40 : 0.488"
"40,20 : 0.488"
"20,41 : 0.8633"
"41,20 : 0.8633"
"20,42 : 0.1456"
"42,20 : 0.1456"
"20,43 : 0.9714"
"43,20 : 0.9714"
"20,44 : 0.283"
"44,20 : 0.283"
"20,45 : 0.2062"
"45,20 : 0.2062"
"20,46 : 0.286"
"46,20 : 0.286"
"20,47 : 0.3441"
"47,20 : 0.3441"
"20,48 : 0.3636"
"48,20 : 0.3636"
"20,49 : 0.3523"
"49,20 : 0.3523"
"21,22 : 0.4965"
"22,21 : 0.4965"
"21,23 : 0.2571"
"23,21 : 0.2571"
"21,24 : 0.2236"
"24,21 : 0.2236"
"21,25 : 0.7622"
"25,21 : 0.7622"
"21,26 : 0.5061"
"26,21 : 0.5061"
"21,27 : 0.405"
"27,21 : 0.405"
"21,28 : 0.2915"
"28,21 : 0.2915"
"21,29 : 0.5126"
"29,21 : 0.5126"
"21,30 : 0.5757"
"30,21 : 0.5757"
"21,31 : 0.5187"
"31,21 : 0.5187"
"21,32 : 0.2823"
"32,21 : 0.2823"
"21,33 : 0.4884"
"33,21 : 0.4884"
"21,34 : 0.16"
"34,21 : 0.16"
"21,35 : 0.5174"
"35,21 : 0.5174"
"21,36 : 0.4717"
"36,21 : 0.4717"
"21,37 : 0.5504"
"37,21 : 0.5504"
"21,38 : 0.2371"
"38,21 : 0.2371"
"21,39 : 0.397"
"39,21 : 0.397"
"21,40 : 0.2608"
"40,21 : 0.2608"
"21,41 : 0.5314"
"41,21 : 0.5314"
"21,42 : 0.222"
"42,21 : 0.222"
"21,43 : 0.7301"
"43,21 : 0.7301"
"21,44 : 0.1"
"44,21 : 0.1"
"21,45 : 0.3688"
"45,21 : 0.3688"
"21,46 : 0.3534"
"46,21 : 0.3534"
"21,47 : 0.2247"
"47,21 : 0.2247"
"21,48 : 0.2555"
"48,21 : 0.2555"
"21,49 : 0.2332"
"49,21 : 0.2332"
"22,23 : 0.471"
"23,22 : 0.471"
"22,24 : 0.5714"
"24,22 : 0.5714"
"22,25 : 1.2445"
"25,22 : 1.2445"
"22,26 : 0.5308"
"26,22 : 0.5308"
"22,27 : 0.1992"
"27,22 : 0.1992"
"22,28 : 0.3324"
"28,22 : 0.3324"
"22,29 : 0.4653"
"29,22 : 0.4653"
"22,30 : 1.0126"
"30,22 : 1.0126"
"22,31 : 0.9067"
"31,22 : 0.9067"
"22,32 : 0.6177"
"32,22 : 0.6177"
"22,33 : 0.9097"
"33,22 : 0.9097"
"22,34 : 0.6014"
"34,22 : 0.6014"
"22,35 : 1.0057"
"35,22 : 1.0057"
"22,36 : 0.9121"
"36,22 : 0.9121"
"22,37 : 1.009"
"37,22 : 1.009"
"22,38 : 0.3081"
"38,22 : 0.3081"
"22,39 : 0.5991"
"39,22 : 0.5991"
"22,40 : 0.7341"
"40,22 : 0.7341"
"22,41 : 0.978"
"41,22 : 0.978"
"22,42 : 0.2973"
"42,22 : 0.2973"
"22,43 : 0.8702"
"43,22 : 0.8702"
"22,44 : 0.5108"
"44,22 : 0.5108"
"22,45 : 0.136"
"45,22 : 0.136"
"22,46 : 0.1581"
"46,22 : 0.1581"
"22,47 : 0.621"
"47,22 : 0.621"
"22,48 : 0.6476"
"48,22 : 0.6476"
"22,49 : 0.6306"
"49,22 : 0.6306"
"23,24 : 0.4776"
"24,23 : 0.4776"
"23,25 : 0.9437"
"25,23 : 0.9437"
"23,26 : 0.7071"
"26,23 : 0.7071"
"23,27 : 0.2941"
"27,23 : 0.2941"
"23,28 : 0.4482"
"28,23 : 0.4482"
"23,29 : 0.6903"
"29,23 : 0.6903"
"23,30 : 0.8075"
"30,23 : 0.8075"
"23,31 : 0.4374"
"31,23 : 0.4374"
"23,32 : 0.5376"
"32,23 : 0.5376"
"23,33 : 0.7306"
"33,23 : 0.7306"
"23,34 : 0.4144"
"34,23 : 0.4144"
"23,35 : 0.6986"
"35,23 : 0.6986"
"23,36 : 0.4607"
"36,23 : 0.4607"
"23,37 : 0.769"
"37,23 : 0.769"
"23,38 : 0.1746"
"38,23 : 0.1746"
"23,39 : 0.6363"
"39,23 : 0.6363"
"23,40 : 0.336"
"40,23 : 0.336"
"23,41 : 0.7595"
"41,23 : 0.7595"
"23,42 : 0.2025"
"42,23 : 0.2025"
"23,43 : 0.9725"
"43,23 : 0.9725"
"23,44 : 0.17"
"44,23 : 0.17"
"23,45 : 0.3401"
"45,23 : 0.3401"
"23,46 : 0.3929"
"46,23 : 0.3929"
"23,47 : 0.1838"
"47,23 : 0.1838"
"23,48 : 0.2"
"48,23 : 0.2"
"23,49 : 0.191"
"49,23 : 0.191"
"24,25 : 0.6963"
"25,24 : 0.6963"
"24,26 : 0.3437"
"26,24 : 0.3437"
"24,27 : 0.5532"
"27,24 : 0.5532"
"24,28 : 0.255"
"28,24 : 0.255"
"24,29 : 0.3805"
"29,24 : 0.3805"
"24,30 : 0.442"
"30,24 : 0.442"
"24,31 : 0.6964"
"31,24 : 0.6964"
"24,32 : 0.0608"
"32,24 : 0.0608"
"24,33 : 0.3384"
"33,24 : 0.3384"
"24,34 : 0.1077"
"34,24 : 0.1077"
"24,35 : 0.4793"
"35,24 : 0.4793"
"24,36 : 0.6185"
"36,24 : 0.6185"
"24,37 : 0.446"
"37,24 : 0.446"
"24,38 : 0.4101"
"38,24 : 0.4101"
"24,39 : 0.1887"
"39,24 : 0.1887"
"24,40 : 0.4025"
"40,24 : 0.4025"
"24,41 : 0.4104"
"41,24 : 0.4104"
"24,42 : 0.3812"
"42,24 : 0.3812"
"24,43 : 0.5109"
"43,24 : 0.5109"
"24,44 : 0.3225"
"44,24 : 0.3225"
"24,45 : 0.4754"
"45,24 : 0.4754"
"24,46 : 0.4134"
"46,24 : 0.4134"
"24,47 : 0.4319"
"47,24 : 0.4319"
"24,48 : 0.4597"
"48,24 : 0.4597"
"24,49 : 0.4386"
"49,24 : 0.4386"
"25,26 : 0.975"
"26,25 : 0.975"
"25,27 : 1.1661"
"27,25 : 1.1661"
"25,28 : 0.95"
"28,25 : 0.95"
"25,29 : 1.0387"
"29,25 : 1.0387"
"25,30 : 0.3041"
"30,25 : 0.3041"
"25,31 : 0.7703"
"31,25 : 0.7703"
"25,32 : 0.6723"
"32,25 : 0.6723"
"25,33 : 0.3985"
"33,25 : 0.3985"
"25,34 : 0.6438"
"34,25 : 0.6438"
"25,35 : 0.247"
"35,25 : 0.247"
"25,36 : 0.64"
"36,25 : 0.64"
"25,37 : 0.26"
"37,25 : 0.26"
"25,38 : 0.9962"
"38,25 : 0.9962"
"25,39 : 0.7892"
"39,25 : 0.7892"
"25,40 : 0.6168"
"40,25 : 0.6168"
"25,41 : 0.3068"
"41,25 : 0.3068"
"25,42 : 0.9841"
"42,25 : 0.9841"
"25,43 : 0.9001"
"43,25 : 0.9001"
"25,44 : 0.794"
"44,25 : 0.794"
"25,45 : 1.1261"
"45,25 : 1.1261"
"25,46 : 1.0893"
"46,25 : 1.0893"
"25,47 : 0.7725"
"47,25 : 0.7725"
"25,48 : 0.7716"
"48,25 : 0.7716"
"25,49 : 0.769"
"49,25 : 0.769"
"26,27 : 0.6297"
"27,26 : 0.6297"
"26,28 : 0.2663"
"28,26 : 0.2663"
"26,29 : 0.0806"
"29,26 : 0.0806"
"26,30 : 0.6798"
"30,26 : 0.6798"
"26,31 : 1.0204"
"31,26 : 1.0204"
"26,32 : 0.3302"
"32,26 : 0.3302"
"26,33 : 0.5778"
"33,26 : 0.5778"
"26,34 : 0.4491"
"34,26 : 0.4491"
"26,35 : 0.7925"
"35,26 : 0.7925"
"26,36 : 0.9551"
"36,26 : 0.9551"
"26,37 : 0.7151"
"37,26 : 0.7151"
"26,38 : 0.5661"
"38,26 : 0.5661"
"26,39 : 0.1868"
"39,26 : 0.1868"
"26,40 : 0.7368"
"40,26 : 0.7368"
"26,41 : 0.6685"
"41,26 : 0.6685"
"26,42 : 0.5301"
"42,26 : 0.5301"
"26,43 : 0.3401"
"43,26 : 0.3401"
"26,44 : 0.5991"
"44,26 : 0.5991"
"26,45 : 0.5155"
"45,26 : 0.5155"
"26,46 : 0.4176"
"46,26 : 0.4176"
"26,47 : 0.7306"
"47,26 : 0.7306"
"26,48 : 0.7616"
"48,26 : 0.7616"
"26,49 : 0.7393"
"49,26 : 0.7393"
"27,28 : 0.3766"
"28,27 : 0.3766"
"27,29 : 0.5814"
"29,27 : 0.5814"
"27,30 : 0.9717"
"30,27 : 0.9717"
"27,31 : 0.7301"
"31,27 : 0.7301"
"27,32 : 0.61"
"32,27 : 0.61"
"27,33 : 0.8766"
"33,27 : 0.8766"
"27,34 : 0.5463"
"34,27 : 0.5463"
"27,35 : 0.9201"
"35,27 : 0.9201"
"27,36 : 0.7524"
"36,27 : 0.7524"
"27,37 : 0.9529"
"37,27 : 0.9529"
"27,38 : 0.1703"
"38,27 : 0.1703"
"27,39 : 0.6412"
"39,27 : 0.6412"
"27,40 : 0.6"
"40,27 : 0.6"
"27,41 : 0.9304"
"41,27 : 0.9304"
"27,42 : 0.1836"
"42,27 : 0.1836"
"27,43 : 0.9534"
"43,27 : 0.9534"
"27,44 : 0.3821"
"44,27 : 0.3821"
"27,45 : 0.1166"
"45,27 : 0.1166"
"27,46 : 0.2147"
"46,27 : 0.2147"
"27,47 : 0.4653"
"47,27 : 0.4653"
"27,48 : 0.4875"
"48,27 : 0.4875"
"27,49 : 0.4741"
"49,27 : 0.4741"
"28,29 : 0.2421"
"29,28 : 0.2421"
"28,30 : 0.6943"
"30,28 : 0.6943"
"28,31 : 0.8052"
"31,28 : 0.8052"
"28,32 : 0.2921"
"32,28 : 0.2921"
"28,33 : 0.589"
"33,28 : 0.589"
"28,34 : 0.3178"
"34,28 : 0.3178"
"28,35 : 0.7256"
"35,28 : 0.7256"
"28,36 : 0.7632"
"36,28 : 0.7632"
"28,37 : 0.7009"
"37,28 : 0.7009"
"28,38 : 0.3"
"38,28 : 0.3"
"28,39 : 0.2717"
"39,28 : 0.2717"
"28,40 : 0.5501"
"40,28 : 0.5501"
"28,41 : 0.6647"
"41,28 : 0.6647"
"28,42 : 0.264"
"42,28 : 0.264"
"28,43 : 0.5772"
"43,28 : 0.5772"
"28,44 : 0.3669"
"44,28 : 0.3669"
"28,45 : 0.2702"
"45,28 : 0.2702"
"28,46 : 0.1825"
"46,28 : 0.1825"
"28,47 : 0.5029"
"47,28 : 0.5029"
"28,48 : 0.5345"
"48,28 : 0.5345"
"28,49 : 0.5124"
"49,28 : 0.5124"
"29,30 : 0.7479"
"30,29 : 0.7479"
"29,31 : 1.0312"
"31,29 : 1.0312"
"29,32 : 0.3785"
"32,29 : 0.3785"
"29,33 : 0.6441"
"33,29 : 0.6441"
"29,34 : 0.4804"
"34,29 : 0.4804"
"29,35 : 0.8465"
"35,29 : 0.8465"
"29,36 : 0.9751"
"36,29 : 0.9751"
"29,37 : 0.7788"
"37,29 : 0.7788"
"29,38 : 0.5376"
"38,29 : 0.5376"
"29,39 : 0.2506"
"39,29 : 0.2506"
"29,40 : 0.7571"
"40,29 : 0.7571"
"29,41 : 0.7335"
"41,29 : 0.7335"
"29,42 : 0.5021"
"42,29 : 0.5021"
"29,43 : 0.413"
"43,29 : 0.413"
"29,44 : 0.5993"
"44,29 : 0.5993"
"29,45 : 0.4652"
"45,29 : 0.4652"
"29,46 : 0.3667"
"46,29 : 0.3667"
"29,47 : 0.7341"
"47,29 : 0.7341"
"29,48 : 0.7656"
"48,29 : 0.7656"
"29,49 : 0.7432"
"49,29 : 0.7432"
"30,31 : 0.7879"
"31,30 : 0.7879"
"30,32 : 0.4031"
"32,30 : 0.4031"
"30,33 : 0.1063"
"33,30 : 0.1063"
"30,34 : 0.4254"
"34,30 : 0.4254"
"30,35 : 0.2335"
"35,30 : 0.2335"
"30,36 : 0.6619"
"36,30 : 0.6619"
"30,37 : 0.0781"
"37,30 : 0.0781"
"30,38 : 0.8099"
"38,30 : 0.8099"
"30,39 : 0.4974"
"39,30 : 0.4974"
"30,40 : 0.5376"
"40,30 : 0.5376"
"30,41 : 0.051"
"41,30 : 0.051"
"30,42 : 0.7892"
"42,30 : 0.7892"
"30,43 : 0.6013"
"43,30 : 0.6013"
"30,44 : 0.6395"
"44,30 : 0.6395"
"30,45 : 0.9092"
"45,30 : 0.9092"
"30,46 : 0.8545"
"46,30 : 0.8545"
"30,47 : 0.6703"
"47,30 : 0.6703"
"30,48 : 0.6818"
"48,30 : 0.6818"
"30,49 : 0.6707"
"49,30 : 0.6707"
"31,32 : 0.7382"
"32,31 : 0.7382"
"31,33 : 0.7632"
"33,31 : 0.7632"
"31,34 : 0.5908"
"34,31 : 0.5908"
"31,35 : 0.5797"
"35,31 : 0.5797"
"31,36 : 0.1315"
"36,31 : 0.1315"
"31,37 : 0.7187"
"37,31 : 0.7187"
"31,38 : 0.6013"
"38,31 : 0.6013"
"31,39 : 0.8851"
"39,31 : 0.8851"
"31,40 : 0.2983"
"40,31 : 0.2983"
"31,41 : 0.7382"
"41,31 : 0.7382"
"31,42 : 0.6201"
"42,31 : 0.6201"
"31,43 : 1.1933"
"43,31 : 1.1933"
"31,44 : 0.4393"
"44,31 : 0.4393"
"31,45 : 0.7732"
"45,31 : 0.7732"
"31,46 : 0.8102"
"46,31 : 0.8102"
"31,47 : 0.3041"
"47,31 : 0.3041"
"31,48 : 0.2729"
"48,31 : 0.2729"
"31,49 : 0.2943"
"49,31 : 0.2943"
"32,33 : 0.2973"
"33,32 : 0.2973"
"32,34 : 0.1487"
"34,32 : 0.1487"
"32,35 : 0.4684"
"35,32 : 0.4684"
"32,36 : 0.653"
"36,32 : 0.653"
"32,37 : 0.4162"
"37,32 : 0.4162"
"32,38 : 0.47"
"38,32 : 0.47"
"32,39 : 0.1552"
"39,32 : 0.1552"
"32,40 : 0.441"
"40,32 : 0.441"
"32,41 : 0.3764"
"41,32 : 0.3764"
"32,42 : 0.4405"
"42,32 : 0.4405"
"32,43 : 0.4597"
"43,32 : 0.4597"
"32,44 : 0.3801"
"44,32 : 0.3801"
"32,45 : 0.5281"
"45,32 : 0.5281"
"32,46 : 0.4607"
"46,32 : 0.4607"
"32,47 : 0.4841"
"47,32 : 0.4841"
"32,48 : 0.5109"
"48,32 : 0.5109"
"32,49 : 0.4904"
"49,32 : 0.4904"
"33,34 : 0.3324"
"34,33 : 0.3324"
"33,35 : 0.2657"
"35,33 : 0.2657"
"33,36 : 0.644"
"36,33 : 0.644"
"33,37 : 0.1414"
"37,33 : 0.1414"
"33,38 : 0.7184"
"38,33 : 0.7184"
"33,39 : 0.3936"
"39,33 : 0.3936"
"33,40 : 0.4904"
"40,33 : 0.4904"
"33,41 : 0.0922"
"41,33 : 0.0922"
"33,42 : 0.6957"
"42,33 : 0.6957"
"33,43 : 0.5315"
"43,33 : 0.5315"
"33,44 : 0.5608"
"44,33 : 0.5608"
"33,45 : 0.8095"
"45,33 : 0.8095"
"33,46 : 0.7517"
"46,33 : 0.7517"
"33,47 : 0.6083"
"47,33 : 0.6083"
"33,48 : 0.6237"
"48,33 : 0.6237"
"33,49 : 0.61"
"49,33 : 0.61"
"34,35 : 0.4105"
"35,34 : 0.4105"
"34,36 : 0.5108"
"36,34 : 0.5108"
"34,37 : 0.4105"
"37,34 : 0.4105"
"34,38 : 0.386"
"38,34 : 0.386"
"34,39 : 0.2953"
"39,34 : 0.2953"
"34,40 : 0.2953"
"40,34 : 0.2953"
"34,41 : 0.3847"
"41,34 : 0.3847"
"34,42 : 0.364"
"42,34 : 0.364"
"34,43 : 0.6081"
"43,34 : 0.6081"
"34,44 : 0.2474"
"44,34 : 0.2474"
"34,45 : 0.4883"
"45,34 : 0.4883"
"34,46 : 0.4455"
"46,34 : 0.4455"
"34,47 : 0.3384"
"47,34 : 0.3384"
"34,48 : 0.364"
"48,34 : 0.364"
"34,49 : 0.3441"
"49,34 : 0.3441"
"35,36 : 0.4492"
"36,35 : 0.4492"
"35,37 : 0.1556"
"37,35 : 0.1556"
"35,38 : 0.75"
"38,35 : 0.75"
"35,39 : 0.6067"
"39,35 : 0.6067"
"35,40 : 0.3785"
"40,35 : 0.3785"
"35,41 : 0.1942"
"41,35 : 0.1942"
"35,42 : 0.7388"
"42,35 : 0.7388"
"35,43 : 0.7956"
"43,35 : 0.7956"
"35,44 : 0.5471"
"44,35 : 0.5471"
"35,45 : 0.8839"
"45,35 : 0.8839"
"35,46 : 0.8528"
"46,35 : 0.8528"
"35,47 : 0.5316"
"47,35 : 0.5316"
"35,48 : 0.5337"
"48,35 : 0.5337"
"35,49 : 0.5289"
"49,35 : 0.5289"
"36,37 : 0.5909"
"37,36 : 0.5909"
"36,38 : 0.6044"
"38,36 : 0.6044"
"36,39 : 0.8053"
"39,36 : 0.8053"
"36,40 : 0.2184"
"40,36 : 0.2184"
"36,41 : 0.6129"
"41,36 : 0.6129"
"36,42 : 0.6161"
"42,36 : 0.6161"
"36,43 : 1.0986"
"43,36 : 1.0986"
"36,44 : 0.4119"
"44,36 : 0.4119"
"36,45 : 0.7762"
"45,36 : 0.7762"
"36,46 : 0.7976"
"46,36 : 0.7976"
"36,47 : 0.2912"
"47,36 : 0.2912"
"36,48 : 0.2657"
"48,36 : 0.2657"
"36,49 : 0.2816"
"49,36 : 0.2816"
"37,38 : 0.7872"
"38,37 : 0.7872"
"37,39 : 0.5292"
"39,37 : 0.5292"
"37,40 : 0.4809"
"40,37 : 0.4809"
"37,41 : 0.05"
"41,37 : 0.05"
"37,42 : 0.7694"
"42,37 : 0.7694"
"37,43 : 0.6661"
"43,37 : 0.6661"
"37,44 : 0.6044"
"44,37 : 0.6044"
"37,45 : 0.8987"
"45,37 : 0.8987"
"37,46 : 0.8515"
"46,37 : 0.8515"
"37,47 : 0.6213"
"47,37 : 0.6213"
"37,48 : 0.6301"
"48,37 : 0.6301"
"37,49 : 0.6207"
"49,37 : 0.6207"
"38,39 : 0.5316"
"39,38 : 0.5316"
"38,40 : 0.4357"
"40,38 : 0.4357"
"38,41 : 0.7669"
"41,38 : 0.7669"
"38,42 : 0.0361"
"42,38 : 0.0361"
"38,43 : 0.8616"
"43,38 : 0.8616"
"38,44 : 0.214"
"44,38 : 0.214"
"38,45 : 0.1726"
"45,38 : 0.1726"
"38,46 : 0.2184"
"46,38 : 0.2184"
"38,47 : 0.3132"
"47,38 : 0.3132"
"38,48 : 0.3396"
"48,38 : 0.3396"
"38,49 : 0.3228"
"49,38 : 0.3228"
"39,40 : 0.5906"
"40,39 : 0.5906"
"39,41 : 0.4833"
"41,39 : 0.4833"
"39,42 : 0.4973"
"42,39 : 0.4973"
"39,43 : 0.3362"
"43,39 : 0.3362"
"39,44 : 0.4968"
"44,39 : 0.4968"
"39,45 : 0.5404"
"45,39 : 0.5404"
"39,46 : 0.454"
"46,39 : 0.454"
"39,47 : 0.6155"
"47,39 : 0.6155"
"39,48 : 0.6444"
"48,39 : 0.6444"
"39,49 : 0.6229"
"49,39 : 0.6229"
"40,41 : 0.4866"
"41,40 : 0.4866"
"40,42 : 0.4383"
"42,40 : 0.4383"
"40,43 : 0.895"
"43,40 : 0.895"
"40,44 : 0.2236"
"44,40 : 0.2236"
"40,45 : 0.5993"
"45,40 : 0.5993"
"40,46 : 0.6044"
"46,40 : 0.6044"
"40,47 : 0.1565"
"47,40 : 0.1565"
"40,48 : 0.1552"
"48,40 : 0.1552"
"40,49 : 0.1523"
"49,40 : 0.1523"
"41,42 : 0.7473"
"42,41 : 0.7473"
"41,43 : 0.6166"
"43,41 : 0.6166"
"41,44 : 0.5923"
"44,41 : 0.5923"
"41,45 : 0.8713"
"45,41 : 0.8713"
"41,46 : 0.8201"
"46,41 : 0.8201"
"41,47 : 0.6201"
"47,41 : 0.6201"
"41,48 : 0.6313"
"48,41 : 0.6313"
"41,49 : 0.6203"
"49,41 : 0.6203"
"42,43 : 0.8264"
"43,42 : 0.8264"
"42,44 : 0.2147"
"44,42 : 0.2147"
"42,45 : 0.1616"
"45,42 : 0.1616"
"42,46 : 0.1924"
"46,42 : 0.1924"
"42,47 : 0.3256"
"47,42 : 0.3256"
"42,48 : 0.3536"
