x,y
0.32,0.75
0.33,0.63
0.55,0.04
0.31,0.23
0.45,0.98
0.72,0.51
0.79,0.64
0.06,0.22
0.52,0.62
0.15,0.67
0.98,0.04
0.69,0.38
0.92,0.21
0.38,0.64
0.53,0.34
0.67,0.55
0.77,0.3
0.87,0.07
0.28,0.96
0.03,0.62
0.99,0.38
0.34,0.43
0.17,0.21
0.87,0.62
0.54,0.94
0.04,0.82
0.82,0.25
0.62,0.54
0.71,0.84
0.36,0.98
0.61,0.86
0.35,0.86
0.17,0.45
0.61,0.52
0.63,0.14
0.08,0.04
0.59,0.2
0.51,0.55
0.87,0.78
0.02,0.79
0.61,0.07
0.97,0.98
0.95,0.78
0.12,0.31
0.09,0.54
0.29,0.65
0.1,0.09
0.51,0.43
0.9,0.77
0.88,0.99

Distanze
"0,1 : 0.1204"
"1,0 : 0.1204"
"0,2 : 0.7463"
"2,0 : 0.7463"
"0,3 : 0.5201"
"3,0 : 0.5201"
"0,4 : 0.2642"
"4,0 : 0.2642"
"0,5 : 0.4665"
"5,0 : 0.4665"
"0,6 : 0.4827"
"6,0 : 0.4827"
"0,7 : 0.5903"
"7,0 : 0.5903"
"0,8 : 0.2385"
"8,0 : 0.2385"
"0,9 : 0.1879"
"9,0 : 0.1879"
"0,10 : 0.9694"
"10,0 : 0.9694"
"0,11 : 0.5233"
"11,0 : 0.5233"
"0,12 : 0.8072"
"12,0 : 0.8072"
"0,13 : 0.1253"
"13,0 : 0.1253"
"0,14 : 0.4607"
"14,0 : 0.4607"
"0,15 : 0.4031"
"15,0 : 0.4031"
"0,16 : 0.6364"
"16,0 : 0.6364"
"0,17 : 0.8746"
"17,0 : 0.8746"
"0,18 : 0.2138"
"18,0 : 0.2138"
"0,19 : 0.3178"
"19,0 : 0.3178"
"0,20 : 0.7654"
"20,0 : 0.7654"
"0,21 : 0.3206"
"21,0 : 0.3206"
"0,22 : 0.5604"
"22,0 : 0.5604"
"0,23 : 0.5652"
"23,0 : 0.5652"
"0,24 : 0.2907"
"24,0 : 0.2907"
"0,25 : 0.2886"
"25,0 : 0.2886"
"0,26 : 0.7071"
"26,0 : 0.7071"
"0,27 : 0.3662"
"27,0 : 0.3662"
"0,28 : 0.4002"
"28,0 : 0.4002"
"0,29 : 0.2335"
"29,0 : 0.2335"
"0,30 : 0.3102"
"30,0 : 0.3102"
"0,31 : 0.114"
"31,0 : 0.114"
"0,32 : 0.3354"
"32,0 : 0.3354"
"0,33 : 0.3701"
"33,0 : 0.3701"
"0,34 : 0.6843"
"34,0 : 0.6843"
"0,35 : 0.7495"
"35,0 : 0.7495"
"0,36 : 0.6127"
"36,0 : 0.6127"
"0,37 : 0.2759"
"37,0 : 0.2759"
"0,38 : 0.5508"
"38,0 : 0.5508"
"0,39 : 0.3027"
"39,0 : 0.3027"
"0,40 : 0.7393"
"40,0 : 0.7393"
"0,41 : 0.6895"
"41,0 : 0.6895"
"0,42 : 0.6307"
"42,0 : 0.6307"
"0,43 : 0.4833"
"43,0 : 0.4833"
"0,44 : 0.3114"
"44,0 : 0.3114"
"0,45 : 0.1044"
"45,0 : 0.1044"
"0,46 : 0.6957"
"46,0 : 0.6957"
"0,47 : 0.3722"
"47,0 : 0.3722"
"0,48 : 0.5803"
"48,0 : 0.5803"
"0,49 : 0.6093"
"49,0 : 0.6093"
"1,2 : 0.6297"
"2,1 : 0.6297"
"1,3 : 0.4005"
"3,1 : 0.4005"
"1,4 : 0.37"
"4,1 : 0.37"
"1,5 : 0.408"
"5,1 : 0.408"
"1,6 : 0.4601"
"6,1 : 0.4601"
"1,7 : 0.4909"
"7,1 : 0.4909"
"1,8 : 0.1903"
"8,1 : 0.1903"
"1,9 : 0.1844"
"9,1 : 0.1844"
"1,10 : 0.8778"
"10,1 : 0.8778"
"1,11 : 0.4383"
"11,1 : 0.4383"
"1,12 : 0.7242"
"12,1 : 0.7242"
"1,13 : 0.051"
"13,1 : 0.051"
"1,14 : 0.3523"
"14,1 : 0.3523"
"1,15 : 0.3493"
"15,1 : 0.3493"
"1,16 : 0.55"
"16,1 : 0.55"
"1,17 : 0.7779"
"17,1 : 0.7779"
"1,18 : 0.3338"
"18,1 : 0.3338"
"1,19 : 0.3002"
"19,1 : 0.3002"
"1,20 : 0.7058"
"20,1 : 0.7058"
"1,21 : 0.2002"
"21,1 : 0.2002"
"1,22 : 0.4494"
"22,1 : 0.4494"
"1,23 : 0.5401"
"23,1 : 0.5401"
"1,24 : 0.3744"
"24,1 : 0.3744"
"1,25 : 0.3467"
"25,1 : 0.3467"
"1,26 : 0.6201"
"26,1 : 0.6201"
"1,27 : 0.3036"
"27,1 : 0.3036"
"1,28 : 0.4342"
"28,1 : 0.4342"
"1,29 : 0.3513"
"29,1 : 0.3513"
"1,30 : 0.3624"
"30,1 : 0.3624"
"1,31 : 0.2309"
"31,1 : 0.2309"
"1,32 : 0.2408"
"32,1 : 0.2408"
"1,33 : 0.3008"
"33,1 : 0.3008"
"1,34 : 0.5745"
"34,1 : 0.5745"
"1,35 : 0.6408"
"35,1 : 0.6408"
"1,36 : 0.5025"
"36,1 : 0.5025"
"1,37 : 0.197"
"37,1 : 0.197"
"1,38 : 0.5604"
"38,1 : 0.5604"
"1,39 : 0.3489"
"39,1 : 0.3489"
"1,40 : 0.6261"
"40,1 : 0.6261"
"1,41 : 0.7295"
"41,1 : 0.7295"
"1,42 : 0.6379"
"42,1 : 0.6379"
"1,43 : 0.3828"
"43,1 : 0.3828"
"1,44 : 0.2563"
"44,1 : 0.2563"
"1,45 : 0.0447"
"45,1 : 0.0447"
"1,46 : 0.5869"
"46,1 : 0.5869"
"1,47 : 0.2691"
"47,1 : 0.2691"
"1,48 : 0.5869"
"48,1 : 0.5869"
"1,49 : 0.6573"
"49,1 : 0.6573"
"2,3 : 0.3061"
"3,2 : 0.3061"
"2,4 : 0.9453"
"4,2 : 0.9453"
"2,5 : 0.4998"
"5,2 : 0.4998"
"2,6 : 0.6462"
"6,2 : 0.6462"
"2,7 : 0.522"
"7,2 : 0.522"
"2,8 : 0.5808"
"8,2 : 0.5808"
"2,9 : 0.7463"
"9,2 : 0.7463"
"2,10 : 0.43"
"10,2 : 0.43"
"2,11 : 0.3677"
"11,2 : 0.3677"
"2,12 : 0.4072"
"12,2 : 0.4072"
"2,13 : 0.6236"
"13,2 : 0.6236"
"2,14 : 0.3007"
"14,2 : 0.3007"
"2,15 : 0.5239"
"15,2 : 0.5239"
"2,16 : 0.3406"
"16,2 : 0.3406"
"2,17 : 0.3214"
"17,2 : 0.3214"
"2,18 : 0.9588"
"18,2 : 0.9588"
"2,19 : 0.779"
"19,2 : 0.779"
"2,20 : 0.5561"
"20,2 : 0.5561"
"2,21 : 0.4429"
"21,2 : 0.4429"
"2,22 : 0.4163"
"22,2 : 0.4163"
"2,23 : 0.6624"
"23,2 : 0.6624"
"2,24 : 0.9001"
"24,2 : 0.9001"
"2,25 : 0.9319"
"25,2 : 0.9319"
"2,26 : 0.3421"
"26,2 : 0.3421"
"2,27 : 0.5049"
"27,2 : 0.5049"
"2,28 : 0.8158"
"28,2 : 0.8158"
"2,29 : 0.959"
"29,2 : 0.959"
"2,30 : 0.8222"
"30,2 : 0.8222"
"2,31 : 0.844"
"31,2 : 0.844"
"2,32 : 0.559"
"32,2 : 0.559"
"2,33 : 0.4837"
"33,2 : 0.4837"
"2,34 : 0.1281"
"34,2 : 0.1281"
"2,35 : 0.47"
"35,2 : 0.47"
"2,36 : 0.1649"
"36,2 : 0.1649"
"2,37 : 0.5116"
"37,2 : 0.5116"
"2,38 : 0.8062"
"38,2 : 0.8062"
"2,39 : 0.9184"
"39,2 : 0.9184"
"2,40 : 0.0671"
"40,2 : 0.0671"
"2,41 : 1.0296"
"41,2 : 1.0296"
"2,42 : 0.8412"
"42,2 : 0.8412"
"2,43 : 0.5077"
"43,2 : 0.5077"
"2,44 : 0.6794"
"44,2 : 0.6794"
"2,45 : 0.6631"
"45,2 : 0.6631"
"2,46 : 0.4528"
"46,2 : 0.4528"
"2,47 : 0.392"
"47,2 : 0.392"
"2,48 : 0.8096"
"48,2 : 0.8096"
"2,49 : 1.0057"
"49,2 : 1.0057"
"3,4 : 0.763"
"4,3 : 0.763"
"3,5 : 0.4965"
"5,3 : 0.4965"
"3,6 : 0.6313"
"6,3 : 0.6313"
"3,7 : 0.2502"
"7,3 : 0.2502"
"3,8 : 0.4429"
"8,3 : 0.4429"
"3,9 : 0.4682"
"9,3 : 0.4682"
"3,10 : 0.6964"
"10,3 : 0.6964"
"3,11 : 0.4085"
"11,3 : 0.4085"
"3,12 : 0.6103"
"12,3 : 0.6103"
"3,13 : 0.4159"
"13,3 : 0.4159"
"3,14 : 0.246"
"14,3 : 0.246"
"3,15 : 0.4817"
"15,3 : 0.4817"
"3,16 : 0.4653"
"16,3 : 0.4653"
"3,17 : 0.5824"
"17,3 : 0.5824"
"3,18 : 0.7306"
"18,3 : 0.7306"
"3,19 : 0.4801"
"19,3 : 0.4801"
"3,20 : 0.6963"
"20,3 : 0.6963"
"3,21 : 0.2022"
"21,3 : 0.2022"
"3,22 : 0.1414"
"22,3 : 0.1414"
"3,23 : 0.6824"
"23,3 : 0.6824"
"3,24 : 0.7463"
"24,3 : 0.7463"
"3,25 : 0.6488"
"25,3 : 0.6488"
"3,26 : 0.5104"
"26,3 : 0.5104"
"3,27 : 0.4384"
"27,3 : 0.4384"
"3,28 : 0.7295"
"28,3 : 0.7295"
"3,29 : 0.7517"
"29,3 : 0.7517"
"3,30 : 0.6978"
"30,3 : 0.6978"
"3,31 : 0.6313"
"31,3 : 0.6313"
"3,32 : 0.2608"
"32,3 : 0.2608"
"3,33 : 0.4173"
"33,3 : 0.4173"
"3,34 : 0.3324"
"34,3 : 0.3324"
"3,35 : 0.2983"
"35,3 : 0.2983"
"3,36 : 0.2816"
"36,3 : 0.2816"
"3,37 : 0.3774"
"37,3 : 0.3774"
"3,38 : 0.7849"
"38,3 : 0.7849"
"3,39 : 0.6306"
"39,3 : 0.6306"
"3,40 : 0.34"
"40,3 : 0.34"
"3,41 : 0.999"
"41,3 : 0.999"
"3,42 : 0.8439"
"42,3 : 0.8439"
"3,43 : 0.2062"
"43,3 : 0.2062"
"3,44 : 0.3801"
"44,3 : 0.3801"
"3,45 : 0.4205"
"45,3 : 0.4205"
"3,46 : 0.2524"
"46,3 : 0.2524"
"3,47 : 0.2828"
"47,3 : 0.2828"
"3,48 : 0.7998"
"48,3 : 0.7998"
"3,49 : 0.95"
"49,3 : 0.95"
"4,5 : 0.542"
"5,4 : 0.542"
"4,6 : 0.4808"
"6,4 : 0.4808"
"4,7 : 0.8542"
"7,4 : 0.8542"
"4,8 : 0.3667"
"8,4 : 0.3667"
"4,9 : 0.4314"
"9,4 : 0.4314"
"4,10 : 1.0791"
"10,4 : 1.0791"
"4,11 : 0.6462"
"11,4 : 0.6462"
"4,12 : 0.9021"
"12,4 : 0.9021"
"4,13 : 0.3471"
"13,4 : 0.3471"
"4,14 : 0.645"
"14,4 : 0.645"
"4,15 : 0.483"
"15,4 : 0.483"
"4,16 : 0.7515"
"16,4 : 0.7515"
"4,17 : 1.0022"
"17,4 : 1.0022"
"4,18 : 0.1712"
"18,4 : 0.1712"
"4,19 : 0.5532"
"19,4 : 0.5532"
"4,20 : 0.8072"
"20,4 : 0.8072"
"4,21 : 0.5609"
"21,4 : 0.5609"
"4,22 : 0.8193"
"22,4 : 0.8193"
"4,23 : 0.5532"
"23,4 : 0.5532"
"4,24 : 0.0985"
"24,4 : 0.0985"
"4,25 : 0.4401"
"25,4 : 0.4401"
"4,26 : 0.8184"
"26,4 : 0.8184"
"4,27 : 0.4717"
"27,4 : 0.4717"
"4,28 : 0.2953"
"28,4 : 0.2953"
"4,29 : 0.09"
"29,4 : 0.09"
"4,30 : 0.2"
"30,4 : 0.2"
"4,31 : 0.1562"
"31,4 : 0.1562"
"4,32 : 0.5994"
"32,4 : 0.5994"
"4,33 : 0.487"
"33,4 : 0.487"
"4,34 : 0.8591"
"34,4 : 0.8591"
"4,35 : 1.0102"
"35,4 : 1.0102"
"4,36 : 0.7925"
"36,4 : 0.7925"
"4,37 : 0.4342"
"37,4 : 0.4342"
"4,38 : 0.4652"
"38,4 : 0.4652"
"4,39 : 0.4701"
"39,4 : 0.4701"
"4,40 : 0.924"
"40,4 : 0.924"
"4,41 : 0.52"
"41,4 : 0.52"
"4,42 : 0.5385"
"42,4 : 0.5385"
"4,43 : 0.7469"
"43,4 : 0.7469"
"4,44 : 0.5685"
"44,4 : 0.5685"
"4,45 : 0.3667"
"45,4 : 0.3667"
"4,46 : 0.9563"
"46,4 : 0.9563"
"4,47 : 0.5533"
"47,4 : 0.5533"
"4,48 : 0.4966"
"48,4 : 0.4966"
"4,49 : 0.4301"
"49,4 : 0.4301"
"5,6 : 0.1476"
"6,5 : 0.1476"
"5,7 : 0.7209"
"7,5 : 0.7209"
"5,8 : 0.2283"
"8,5 : 0.2283"
"5,9 : 0.592"
"9,5 : 0.592"
"5,10 : 0.5371"
"10,5 : 0.5371"
"5,11 : 0.1334"
"11,5 : 0.1334"
"5,12 : 0.3606"
"12,5 : 0.3606"
"5,13 : 0.364"
"13,5 : 0.364"
"5,14 : 0.255"
"14,5 : 0.255"
"5,15 : 0.064"
"15,5 : 0.064"
"5,16 : 0.2159"
"16,5 : 0.2159"
"5,17 : 0.4649"
"17,5 : 0.4649"
"5,18 : 0.6294"
"18,5 : 0.6294"
"5,19 : 0.6987"
"19,5 : 0.6987"
"5,20 : 0.2997"
"20,5 : 0.2997"
"5,21 : 0.3883"
"21,5 : 0.3883"
"5,22 : 0.6265"
"22,5 : 0.6265"
"5,23 : 0.186"
"23,5 : 0.186"
"5,24 : 0.4662"
"24,5 : 0.4662"
"5,25 : 0.7473"
"25,5 : 0.7473"
"5,26 : 0.2786"
"26,5 : 0.2786"
"5,27 : 0.1044"
"27,5 : 0.1044"
"5,28 : 0.3302"
"28,5 : 0.3302"
"5,29 : 0.592"
"29,5 : 0.592"
"5,30 : 0.3669"
"30,5 : 0.3669"
"5,31 : 0.5093"
"31,5 : 0.5093"
"5,32 : 0.5533"
"32,5 : 0.5533"
"5,33 : 0.1105"
"33,5 : 0.1105"
"5,34 : 0.3808"
"34,5 : 0.3808"
"5,35 : 0.794"
"35,5 : 0.794"
"5,36 : 0.3362"
"36,5 : 0.3362"
"5,37 : 0.2138"
"37,5 : 0.2138"
"5,38 : 0.3089"
"38,5 : 0.3089"
"5,39 : 0.7539"
"39,5 : 0.7539"
"5,40 : 0.4535"
"40,5 : 0.4535"
"5,41 : 0.5324"
"41,5 : 0.5324"
"5,42 : 0.3547"
"42,5 : 0.3547"
"5,43 : 0.6325"
"43,5 : 0.6325"
"5,44 : 0.6307"
"44,5 : 0.6307"
"5,45 : 0.4522"
"45,5 : 0.4522"
"5,46 : 0.7489"
"46,5 : 0.7489"
"5,47 : 0.2247"
"47,5 : 0.2247"
"5,48 : 0.3162"
"48,5 : 0.3162"
"5,49 : 0.506"
"49,5 : 0.506"
"6,7 : 0.8422"
"7,6 : 0.8422"
"6,8 : 0.2707"
"8,6 : 0.2707"
"6,9 : 0.6407"
"9,6 : 0.6407"
"6,10 : 0.6294"
"10,6 : 0.6294"
"6,11 : 0.2786"
"11,6 : 0.2786"
"6,12 : 0.4492"
"12,6 : 0.4492"
"6,13 : 0.41"
"13,6 : 0.41"
"6,14 : 0.397"
"14,6 : 0.397"
"6,15 : 0.15"
"15,6 : 0.15"
"6,16 : 0.3406"
"16,6 : 0.3406"
"6,17 : 0.5756"
"17,6 : 0.5756"
"6,18 : 0.6021"
"18,6 : 0.6021"
"6,19 : 0.7603"
"19,6 : 0.7603"
"6,20 : 0.328"
"20,6 : 0.328"
"6,21 : 0.4966"
"21,6 : 0.4966"
"6,22 : 0.7545"
"22,6 : 0.7545"
"6,23 : 0.0825"
"23,6 : 0.0825"
"6,24 : 0.3905"
"24,6 : 0.3905"
"6,25 : 0.7713"
"25,6 : 0.7713"
"6,26 : 0.3912"
"26,6 : 0.3912"
"6,27 : 0.1972"
"27,6 : 0.1972"
"6,28 : 0.2154"
"28,6 : 0.2154"
"6,29 : 0.5482"
"29,6 : 0.5482"
"6,30 : 0.2843"
"30,6 : 0.2843"
"6,31 : 0.4919"
"31,6 : 0.4919"
"6,32 : 0.6485"
"32,6 : 0.6485"
"6,33 : 0.2163"
"33,6 : 0.2163"
"6,34 : 0.525"
"34,6 : 0.525"
"6,35 : 0.9296"
"35,6 : 0.9296"
"6,36 : 0.4833"
"36,6 : 0.4833"
"6,37 : 0.2941"
"37,6 : 0.2941"
"6,38 : 0.1612"
"38,6 : 0.1612"
"6,39 : 0.7845"
"39,6 : 0.7845"
"6,40 : 0.5977"
"40,6 : 0.5977"
"6,41 : 0.3847"
"41,6 : 0.3847"
"6,42 : 0.2126"
"42,6 : 0.2126"
"6,43 : 0.7469"
"43,6 : 0.7469"
"6,44 : 0.7071"
"44,6 : 0.7071"
"6,45 : 0.5001"
"45,6 : 0.5001"
"6,46 : 0.8824"
"46,6 : 0.8824"
"6,47 : 0.35"
"47,6 : 0.35"
"6,48 : 0.1703"
"48,6 : 0.1703"
"6,49 : 0.3614"
"49,6 : 0.3614"
"7,8 : 0.6096"
"8,7 : 0.6096"
"7,9 : 0.4589"
"9,7 : 0.4589"
"7,10 : 0.9374"
"10,7 : 0.9374"
"7,11 : 0.65"
"11,7 : 0.65"
"7,12 : 0.8601"
"12,7 : 0.8601"
"7,13 : 0.528"
"13,7 : 0.528"
"7,14 : 0.4851"
"14,7 : 0.4851"
"7,15 : 0.6935"
"15,7 : 0.6935"
"7,16 : 0.7145"
"16,7 : 0.7145"
"7,17 : 0.8238"
"17,7 : 0.8238"
"7,18 : 0.772"
"18,7 : 0.772"
"7,19 : 0.4011"
"19,7 : 0.4011"
"7,20 : 0.9437"
"20,7 : 0.9437"
"7,21 : 0.35"
"21,7 : 0.35"
"7,22 : 0.1105"
"22,7 : 0.1105"
"7,23 : 0.9034"
"23,7 : 0.9034"
"7,24 : 0.8653"
"24,7 : 0.8653"
"7,25 : 0.6003"
"25,7 : 0.6003"
"7,26 : 0.7606"
"26,7 : 0.7606"
"7,27 : 0.645"
"27,7 : 0.645"
"7,28 : 0.8983"
"28,7 : 0.8983"
"7,29 : 0.8171"
"29,7 : 0.8171"
"7,30 : 0.8439"
"30,7 : 0.8439"
"7,31 : 0.7026"
"31,7 : 0.7026"
"7,32 : 0.255"
"32,7 : 0.255"
"7,33 : 0.6265"
"33,7 : 0.6265"
"7,34 : 0.5756"
"34,7 : 0.5756"
"7,35 : 0.1811"
"35,7 : 0.1811"
"7,36 : 0.5304"
"36,7 : 0.5304"
"7,37 : 0.558"
"37,7 : 0.558"
"7,38 : 0.9847"
"38,7 : 0.9847"
"7,39 : 0.5714"
"39,7 : 0.5714"
"7,40 : 0.5701"
"40,7 : 0.5701"
"7,41 : 1.1856"
"41,7 : 1.1856"
"7,42 : 1.0515"
"42,7 : 1.0515"
"7,43 : 0.1082"
"43,7 : 0.1082"
"7,44 : 0.3214"
"44,7 : 0.3214"
"7,45 : 0.4876"
"45,7 : 0.4876"
"7,46 : 0.136"
"46,7 : 0.136"
"7,47 : 0.4966"
"47,7 : 0.4966"
"7,48 : 1.004"
"48,7 : 1.004"
"7,49 : 1.1249"
"49,7 : 1.1249"
"8,9 : 0.3734"
"9,8 : 0.3734"
"8,10 : 0.7403"
"10,8 : 0.7403"
"8,11 : 0.2941"
"11,8 : 0.2941"
"8,12 : 0.5728"
"12,8 : 0.5728"
"8,13 : 0.1414"
"13,8 : 0.1414"
"8,14 : 0.2802"
"14,8 : 0.2802"
"8,15 : 0.1655"
"15,8 : 0.1655"
"8,16 : 0.4061"
"16,8 : 0.4061"
"8,17 : 0.6519"
"17,8 : 0.6519"
"8,18 : 0.4162"
"18,8 : 0.4162"
"8,19 : 0.49"
"19,8 : 0.49"
"8,20 : 0.5277"
"20,8 : 0.5277"
"8,21 : 0.2617"
"21,8 : 0.2617"
"8,22 : 0.5391"
"22,8 : 0.5391"
"8,23 : 0.35"
"23,8 : 0.35"
"8,24 : 0.3206"
"24,8 : 0.3206"
"8,25 : 0.52"
"25,8 : 0.52"
"8,26 : 0.4763"
"26,8 : 0.4763"
"8,27 : 0.1281"
"27,8 : 0.1281"
"8,28 : 0.2907"
"28,8 : 0.2907"
"8,29 : 0.394"
"29,8 : 0.394"
"8,30 : 0.2563"
"30,8 : 0.2563"
"8,31 : 0.2941"
"31,8 : 0.2941"
"8,32 : 0.3891"
"32,8 : 0.3891"
"8,33 : 0.1345"
"33,8 : 0.1345"
"8,34 : 0.4924"
"34,8 : 0.4924"
"8,35 : 0.728"
"35,8 : 0.728"
"8,36 : 0.4258"
"36,8 : 0.4258"
"8,37 : 0.0707"
"37,8 : 0.0707"
"8,38 : 0.3848"
"38,8 : 0.3848"
"8,39 : 0.5281"
"39,8 : 0.5281"
"8,40 : 0.5573"
"40,8 : 0.5573"
"8,41 : 0.5763"
"41,8 : 0.5763"
"8,42 : 0.4588"
"42,8 : 0.4588"
"8,43 : 0.5061"
"43,8 : 0.5061"
"8,44 : 0.4374"
"44,8 : 0.4374"
"8,45 : 0.2319"
"45,8 : 0.2319"
"8,46 : 0.6762"
"46,8 : 0.6762"
"8,47 : 0.1903"
"47,8 : 0.1903"
"8,48 : 0.4085"
"48,8 : 0.4085"
"8,49 : 0.5162"
"49,8 : 0.5162"
"9,10 : 1.042"
"10,9 : 1.042"
"9,11 : 0.6129"
"11,9 : 0.6129"
"9,12 : 0.8969"
"12,9 : 0.8969"
"9,13 : 0.2319"
"13,9 : 0.2319"
"9,14 : 0.5033"
"14,9 : 0.5033"
"9,15 : 0.5337"
"15,9 : 0.5337"
"9,16 : 0.722"
"16,9 : 0.722"
"9,17 : 0.9372"
"17,9 : 0.9372"
"9,18 : 0.3178"
"18,9 : 0.3178"
"9,19 : 0.13"
"19,9 : 0.13"
"9,20 : 0.8887"
"20,9 : 0.8887"
"9,21 : 0.3061"
"21,9 : 0.3061"
"9,22 : 0.4604"
"22,9 : 0.4604"
"9,23 : 0.7217"
"23,9 : 0.7217"
"9,24 : 0.4743"
"24,9 : 0.4743"
"9,25 : 0.186"
"25,9 : 0.186"
"9,26 : 0.7908"
"26,9 : 0.7908"
"9,27 : 0.4876"
"27,9 : 0.4876"
"9,28 : 0.5852"
"28,9 : 0.5852"
"9,29 : 0.3744"
"29,9 : 0.3744"
"9,30 : 0.4977"
"30,9 : 0.4977"
"9,31 : 0.2759"
"31,9 : 0.2759"
"9,32 : 0.2209"
"32,9 : 0.2209"
"9,33 : 0.4838"
"33,9 : 0.4838"
"9,34 : 0.7151"
"34,9 : 0.7151"
"9,35 : 0.6339"
"35,9 : 0.6339"
"9,36 : 0.6438"
"36,9 : 0.6438"
"9,37 : 0.3795"
"37,9 : 0.3795"
"9,38 : 0.7284"
"38,9 : 0.7284"
"9,39 : 0.1769"
"39,9 : 0.1769"
"9,40 : 0.756"
"40,9 : 0.756"
"9,41 : 0.8766"
"41,9 : 0.8766"
"9,42 : 0.8075"
"42,9 : 0.8075"
"9,43 : 0.3612"
"43,9 : 0.3612"
"9,44 : 0.1432"
"44,9 : 0.1432"
"9,45 : 0.1414"
"45,9 : 0.1414"
"9,46 : 0.5822"
"46,9 : 0.5822"
"9,47 : 0.4327"
"47,9 : 0.4327"
"9,48 : 0.7566"
"48,9 : 0.7566"
"9,49 : 0.7971"
"49,9 : 0.7971"
"10,11 : 0.4469"
"11,10 : 0.4469"
"10,12 : 0.1803"
"12,10 : 0.1803"
"10,13 : 0.8485"
"13,10 : 0.8485"
"10,14 : 0.5408"
"14,10 : 0.5408"
"10,15 : 0.5968"
"15,10 : 0.5968"
"10,16 : 0.3342"
"16,10 : 0.3342"
"10,17 : 0.114"
"17,10 : 0.114"
"10,18 : 1.156"
"18,10 : 1.156"
"10,19 : 1.1131"
"19,10 : 1.1131"
"10,20 : 0.3401"
"20,10 : 0.3401"
"10,21 : 0.7495"
"21,10 : 0.7495"
"10,22 : 0.8276"
"22,10 : 0.8276"
"10,23 : 0.5903"
"23,10 : 0.5903"
"10,24 : 1.0018"
"24,10 : 1.0018"
"10,25 : 1.2215"
"25,10 : 1.2215"
"10,26 : 0.264"
"26,10 : 0.264"
"10,27 : 0.6161"
"27,10 : 0.6161"
"10,28 : 0.8443"
"28,10 : 0.8443"
"10,29 : 1.1261"
"29,10 : 1.1261"
"10,30 : 0.8996"
"30,10 : 0.8996"
"10,31 : 1.0341"
"31,10 : 1.0341"
"10,32 : 0.9079"
"32,10 : 0.9079"
"10,33 : 0.6061"
"33,10 : 0.6061"
"10,34 : 0.364"
"34,10 : 0.364"
"10,35 : 0.9"
"35,10 : 0.9"
"10,36 : 0.4215"
"36,10 : 0.4215"
"10,37 : 0.6935"
"37,10 : 0.6935"
"10,38 : 0.7481"
"38,10 : 0.7481"
"10,39 : 1.2182"
"39,10 : 1.2182"
"10,40 : 0.3712"
"40,10 : 0.3712"
"10,41 : 0.9401"
"41,10 : 0.9401"
"10,42 : 0.7406"
"42,10 : 0.7406"
"10,43 : 0.9014"
"43,10 : 0.9014"
"10,44 : 1.0208"
"44,10 : 1.0208"
"10,45 : 0.921"
"45,10 : 0.921"
"10,46 : 0.8814"
"46,10 : 0.8814"
"10,47 : 0.6107"
"47,10 : 0.6107"
"10,48 : 0.7344"
"48,10 : 0.7344"
"10,49 : 0.9552"
"49,10 : 0.9552"
"11,12 : 0.286"
"12,11 : 0.286"
"11,13 : 0.4046"
"13,11 : 0.4046"
"11,14 : 0.1649"
"14,11 : 0.1649"
"11,15 : 0.1712"
"15,11 : 0.1712"
"11,16 : 0.1131"
"16,11 : 0.1131"
"11,17 : 0.3585"
"17,11 : 0.3585"
"11,18 : 0.7103"
"18,11 : 0.7103"
"11,19 : 0.7023"
"19,11 : 0.7023"
"11,20 : 0.3"
"20,11 : 0.3"
"11,21 : 0.3536"
"21,11 : 0.3536"
"11,22 : 0.5471"
"22,11 : 0.5471"
"11,23 : 0.3"
"23,11 : 0.3"
"11,24 : 0.5797"
"24,11 : 0.5797"
"11,25 : 0.7849"
"25,11 : 0.7849"
"11,26 : 0.1838"
"26,11 : 0.1838"
"11,27 : 0.1746"
"27,11 : 0.1746"
"11,28 : 0.4604"
"28,11 : 0.4604"
"11,29 : 0.6848"
"29,11 : 0.6848"
"11,30 : 0.4866"
"30,11 : 0.4866"
"11,31 : 0.5882"
"31,11 : 0.5882"
"11,32 : 0.5247"
"32,11 : 0.5247"
"11,33 : 0.1612"
"33,11 : 0.1612"
"11,34 : 0.2474"
"34,11 : 0.2474"
"11,35 : 0.6984"
"35,11 : 0.6984"
"11,36 : 0.2059"
"36,11 : 0.2059"
"11,37 : 0.2476"
"37,11 : 0.2476"
"11,38 : 0.4386"
"38,11 : 0.4386"
"11,39 : 0.7855"
"39,11 : 0.7855"
"11,40 : 0.3202"
"40,11 : 0.3202"
"11,41 : 0.6621"
"41,11 : 0.6621"
"11,42 : 0.4771"
"42,11 : 0.4771"
"11,43 : 0.5743"
"43,11 : 0.5743"
"11,44 : 0.621"
"44,11 : 0.621"
"11,45 : 0.4826"
"45,11 : 0.4826"
"11,46 : 0.6574"
"46,11 : 0.6574"
"11,47 : 0.1868"
"47,11 : 0.1868"
"11,48 : 0.4429"
"48,11 : 0.4429"
"11,49 : 0.6389"
"49,11 : 0.6389"
"12,13 : 0.6903"
"13,12 : 0.6903"
"12,14 : 0.4111"
"14,12 : 0.4111"
"12,15 : 0.422"
"15,12 : 0.422"
"12,16 : 0.1749"
"16,12 : 0.1749"
"12,17 : 0.1487"
"17,12 : 0.1487"
"12,18 : 0.986"
"18,12 : 0.986"
"12,19 : 0.9799"
"19,12 : 0.9799"
"12,20 : 0.1838"
"20,12 : 0.1838"
"12,21 : 0.6203"
"21,12 : 0.6203"
"12,22 : 0.75"
"22,12 : 0.75"
"12,23 : 0.413"
"23,12 : 0.413"
"12,24 : 0.823"
"24,12 : 0.823"
"12,25 : 1.0707"
"25,12 : 1.0707"
"12,26 : 0.1077"
"26,12 : 0.1077"
"12,27 : 0.446"
"27,12 : 0.446"
"12,28 : 0.6641"
"28,12 : 0.6641"
"12,29 : 0.9521"
"29,12 : 0.9521"
"12,30 : 0.7201"
"30,12 : 0.7201"
"12,31 : 0.8645"
"31,12 : 0.8645"
"12,32 : 0.7875"
"32,12 : 0.7875"
"12,33 : 0.4384"
"33,12 : 0.4384"
"12,34 : 0.2983"
"34,12 : 0.2983"
"12,35 : 0.857"
"35,12 : 0.857"
"12,36 : 0.3302"
"36,12 : 0.3302"
"12,37 : 0.5326"
"37,12 : 0.5326"
"12,38 : 0.5722"
"38,12 : 0.5722"
"12,39 : 1.0707"
"39,12 : 1.0707"
"12,40 : 0.3401"
"40,12 : 0.3401"
"12,41 : 0.7716"
"41,12 : 0.7716"
"12,42 : 0.5708"
"42,12 : 0.5708"
"12,43 : 0.8062"
"43,12 : 0.8062"
"12,44 : 0.8932"
"44,12 : 0.8932"
"12,45 : 0.7684"
"45,12 : 0.7684"
"12,46 : 0.8287"
"46,12 : 0.8287"
"12,47 : 0.4653"
"47,12 : 0.4653"
"12,48 : 0.5604"
"48,12 : 0.5604"
"12,49 : 0.781"
"49,12 : 0.781"
"13,14 : 0.3354"
"14,13 : 0.3354"
"13,15 : 0.3036"
"15,13 : 0.3036"
"13,16 : 0.5174"
"16,13 : 0.5174"
"13,17 : 0.7517"
"17,13 : 0.7517"
"13,18 : 0.3353"
"18,13 : 0.3353"
"13,19 : 0.3506"
"19,13 : 0.3506"
"13,20 : 0.6631"
"20,13 : 0.6631"
"13,21 : 0.2138"
"21,13 : 0.2138"
"13,22 : 0.4785"
"22,13 : 0.4785"
"13,23 : 0.4904"
"23,13 : 0.4904"
"13,24 : 0.34"
"24,13 : 0.34"
"13,25 : 0.3847"
"25,13 : 0.3847"
"13,26 : 0.588"
"26,13 : 0.588"
"13,27 : 0.26"
"27,13 : 0.26"
"13,28 : 0.3859"
"28,13 : 0.3859"
"13,29 : 0.3406"
"29,13 : 0.3406"
"13,30 : 0.3183"
"30,13 : 0.3183"
"13,31 : 0.222"
"31,13 : 0.222"
"13,32 : 0.2832"
"32,13 : 0.2832"
"13,33 : 0.2594"
"33,13 : 0.2594"
"13,34 : 0.559"
"34,13 : 0.559"
"13,35 : 0.6708"
"35,13 : 0.6708"
"13,36 : 0.4875"
"36,13 : 0.4875"
"13,37 : 0.1581"
"37,13 : 0.1581"
"13,38 : 0.5096"
"38,13 : 0.5096"
"13,39 : 0.39"
"39,13 : 0.39"
"13,40 : 0.6147"
"40,13 : 0.6147"
"13,41 : 0.681"
"41,13 : 0.681"
"13,42 : 0.5869"
"42,13 : 0.5869"
"13,43 : 0.4201"
"43,13 : 0.4201"
"13,44 : 0.3068"
"44,13 : 0.3068"
"13,45 : 0.0906"
"45,13 : 0.0906"
"13,46 : 0.6172"
"46,13 : 0.6172"
"13,47 : 0.247"
"47,13 : 0.247"
"13,48 : 0.536"
"48,13 : 0.536"
"13,49 : 0.6103"
"49,13 : 0.6103"
"14,15 : 0.2524"
"15,14 : 0.2524"
"14,16 : 0.2433"
"16,14 : 0.2433"
"14,17 : 0.4342"
"17,14 : 0.4342"
"14,18 : 0.6685"
"18,14 : 0.6685"
"14,19 : 0.5731"
"19,14 : 0.5731"
"14,20 : 0.4617"
"20,14 : 0.4617"
"14,21 : 0.2102"
"21,14 : 0.2102"
"14,22 : 0.3828"
"22,14 : 0.3828"
"14,23 : 0.4405"
"23,14 : 0.4405"
"14,24 : 0.6001"
"24,14 : 0.6001"
"14,25 : 0.6859"
"25,14 : 0.6859"
"14,26 : 0.3036"
"26,14 : 0.3036"
"14,27 : 0.2193"
"27,14 : 0.2193"
"14,28 : 0.5314"
"28,14 : 0.5314"
"14,29 : 0.6622"
"29,14 : 0.6622"
"14,30 : 0.5261"
"30,14 : 0.5261"
"14,31 : 0.5503"
"31,14 : 0.5503"
"14,32 : 0.3764"
"32,14 : 0.3764"
"14,33 : 0.197"
"33,14 : 0.197"
"14,34 : 0.2236"
"34,14 : 0.2236"
"14,35 : 0.5408"
"35,14 : 0.5408"
"14,36 : 0.1523"
"36,14 : 0.1523"
"14,37 : 0.211"
"37,14 : 0.211"
"14,38 : 0.5561"
"38,14 : 0.5561"
"14,39 : 0.6801"
"39,14 : 0.6801"
"14,40 : 0.2816"
"40,14 : 0.2816"
"14,41 : 0.7767"
"41,14 : 0.7767"
"14,42 : 0.6083"
"42,14 : 0.6083"
"14,43 : 0.4111"
"43,14 : 0.4111"
"14,44 : 0.4833"
"44,14 : 0.4833"
"14,45 : 0.392"
"45,14 : 0.392"
"14,46 : 0.4974"
"46,14 : 0.4974"
"14,47 : 0.0922"
"47,14 : 0.0922"
"14,48 : 0.5673"
"48,14 : 0.5673"
"14,49 : 0.7382"
"49,14 : 0.7382"
"15,16 : 0.2693"
"16,15 : 0.2693"
"15,17 : 0.52"
"17,15 : 0.52"
"15,18 : 0.5659"
"18,15 : 0.5659"
"15,19 : 0.6438"
"19,15 : 0.6438"
"15,20 : 0.3624"
"20,15 : 0.3624"
"15,21 : 0.3511"
"21,15 : 0.3511"
"15,22 : 0.6046"
"22,15 : 0.6046"
"15,23 : 0.2119"
"23,15 : 0.2119"
"15,24 : 0.4111"
"24,15 : 0.4111"
"15,25 : 0.6854"
"25,15 : 0.6854"
"15,26 : 0.3354"
"26,15 : 0.3354"
"15,27 : 0.051"
"27,15 : 0.051"
"15,28 : 0.2927"
"28,15 : 0.2927"
"15,29 : 0.5301"
"29,15 : 0.5301"
"15,30 : 0.3158"
"30,15 : 0.3158"
"15,31 : 0.4455"
"31,15 : 0.4455"
"15,32 : 0.5099"
"32,15 : 0.5099"
"15,33 : 0.0671"
"33,15 : 0.0671"
"15,34 : 0.4119"
"34,15 : 0.4119"
"15,35 : 0.7799"
"35,15 : 0.7799"
"15,36 : 0.359"
"36,15 : 0.359"
"15,37 : 0.16"
"37,15 : 0.16"
"15,38 : 0.3048"
"38,15 : 0.3048"
"15,39 : 0.6929"
"39,15 : 0.6929"
"15,40 : 0.4837"
"40,15 : 0.4837"
"15,41 : 0.5243"
"41,15 : 0.5243"
"15,42 : 0.3624"
"42,15 : 0.3624"
"15,43 : 0.6001"
"43,15 : 0.6001"
"15,44 : 0.5801"
"44,15 : 0.5801"
"15,45 : 0.3929"
"45,15 : 0.3929"
"15,46 : 0.7325"
"46,15 : 0.7325"
"15,47 : 0.2"
"47,15 : 0.2"
"15,48 : 0.3183"
"48,15 : 0.3183"
"15,49 : 0.4875"
"49,15 : 0.4875"
"16,17 : 0.2508"
"17,16 : 0.2508"
"16,18 : 0.822"
"18,16 : 0.822"
"16,19 : 0.8062"
"19,16 : 0.8062"
"16,20 : 0.2341"
"20,16 : 0.2341"
"16,21 : 0.4492"
"21,16 : 0.4492"
"16,22 : 0.6067"
"22,16 : 0.6067"
"16,23 : 0.3353"
"23,16 : 0.3353"
"16,24 : 0.6801"
"24,16 : 0.6801"
"16,25 : 0.8963"
"25,16 : 0.8963"
"16,26 : 0.0707"
"26,16 : 0.0707"
"16,27 : 0.283"
"27,16 : 0.283"
"16,28 : 0.5433"
"28,16 : 0.5433"
"16,29 : 0.794"
"29,16 : 0.794"
"16,30 : 0.5824"
"30,16 : 0.5824"
"16,31 : 0.7"
"31,16 : 0.7"
"16,32 : 0.6185"
"32,16 : 0.6185"
"16,33 : 0.272"
"33,16 : 0.272"
"16,34 : 0.2126"
"34,16 : 0.2126"
"16,35 : 0.7374"
"35,16 : 0.7374"
"16,36 : 0.2059"
"36,16 : 0.2059"
"16,37 : 0.3607"
"37,16 : 0.3607"
"16,38 : 0.4903"
"38,16 : 0.4903"
"16,39 : 0.8959"
"39,16 : 0.8959"
"16,40 : 0.2802"
"40,16 : 0.2802"
"16,41 : 0.7088"
"41,16 : 0.7088"
"16,42 : 0.5126"
"42,16 : 0.5126"
"16,43 : 0.6501"
"43,16 : 0.6501"
"16,44 : 0.7211"
"44,16 : 0.7211"
"16,45 : 0.5941"
"45,16 : 0.5941"
"16,46 : 0.7021"
"46,16 : 0.7021"
"16,47 : 0.2907"
"47,16 : 0.2907"
"16,48 : 0.4876"
"48,16 : 0.4876"
"16,49 : 0.6987"
"49,16 : 0.6987"
"17,18 : 1.0678"
"18,17 : 1.0678"
"17,19 : 1.004"
"19,17 : 1.004"
"17,20 : 0.3324"
"20,17 : 0.3324"
"17,21 : 0.6407"
"21,17 : 0.6407"
"17,22 : 0.7139"
"22,17 : 0.7139"
"17,23 : 0.55"
"23,17 : 0.55"
"17,24 : 0.9305"
"24,17 : 0.9305"
"17,25 : 1.1187"
"25,17 : 1.1187"
"17,26 : 0.1868"
"26,17 : 0.1868"
"17,27 : 0.5324"
"27,17 : 0.5324"
"17,28 : 0.7864"
"28,17 : 0.7864"
"17,29 : 1.0432"
"29,17 : 1.0432"
"17,30 : 0.8317"
"30,17 : 0.8317"
"17,31 : 0.9458"
"31,17 : 0.9458"
"17,32 : 0.7965"
"32,17 : 0.7965"
"17,33 : 0.5197"
"33,17 : 0.5197"
"17,34 : 0.25"
"34,17 : 0.25"
"17,35 : 0.7906"
"35,17 : 0.7906"
"17,36 : 0.3087"
"36,17 : 0.3087"
"17,37 : 0.6"
"37,17 : 0.6"
"17,38 : 0.71"
"38,17 : 0.71"
"17,39 : 1.114"
"39,17 : 1.114"
"17,40 : 0.26"
"40,17 : 0.26"
"17,41 : 0.9155"
"41,17 : 0.9155"
"17,42 : 0.7145"
"42,17 : 0.7145"
"17,43 : 0.7875"
"43,17 : 0.7875"
"17,44 : 0.9107"
"44,17 : 0.9107"
"17,45 : 0.8202"
"45,17 : 0.8202"
"17,46 : 0.7703"
"46,17 : 0.7703"
"17,47 : 0.5091"
"47,17 : 0.5091"
"17,48 : 0.7006"
"48,17 : 0.7006"
"17,49 : 0.9201"
"49,17 : 0.9201"
"18,19 : 0.422"
"19,18 : 0.422"
"18,20 : 0.9168"
"20,18 : 0.9168"
"18,21 : 0.5334"
"21,18 : 0.5334"
"18,22 : 0.758"
"22,18 : 0.758"
"18,23 : 0.681"
"23,18 : 0.681"
"18,24 : 0.2608"
"24,18 : 0.2608"
"18,25 : 0.2778"
"25,18 : 0.2778"
"18,26 : 0.892"
"26,18 : 0.892"
"18,27 : 0.5404"
"27,18 : 0.5404"
"18,28 : 0.4464"
"28,18 : 0.4464"
"18,29 : 0.0825"
"29,18 : 0.0825"
"18,30 : 0.3448"
"30,18 : 0.3448"
"18,31 : 0.1221"
"31,18 : 0.1221"
"18,32 : 0.5217"
"32,18 : 0.5217"
"18,33 : 0.55"
"33,18 : 0.55"
"18,34 : 0.8916"
"34,18 : 0.8916"
"18,35 : 0.9415"
"35,18 : 0.9415"
"18,36 : 0.8208"
"36,18 : 0.8208"
"18,37 : 0.4701"
"37,18 : 0.4701"
"18,38 : 0.6168"
"38,18 : 0.6168"
"18,39 : 0.3106"
"39,18 : 0.3106"
"18,40 : 0.9492"
"40,18 : 0.9492"
"18,41 : 0.6903"
"41,18 : 0.6903"
"18,42 : 0.6938"
"42,18 : 0.6938"
"18,43 : 0.6694"
"43,18 : 0.6694"
"18,44 : 0.461"
"44,18 : 0.461"
"18,45 : 0.3102"
"45,18 : 0.3102"
"18,46 : 0.8884"
"46,18 : 0.8884"
"18,47 : 0.5778"
"47,18 : 0.5778"
"18,48 : 0.6485"
"48,18 : 0.6485"
"18,49 : 0.6007"
"49,18 : 0.6007"
"19,20 : 0.9895"
"20,19 : 0.9895"
"19,21 : 0.3636"
"21,19 : 0.3636"
"19,22 : 0.4332"
"22,19 : 0.4332"
"19,23 : 0.84"
"23,19 : 0.84"
"19,24 : 0.6021"
"24,19 : 0.6021"
"19,25 : 0.2002"
"25,19 : 0.2002"
"19,26 : 0.8724"
"26,19 : 0.8724"
"19,27 : 0.5954"
"27,19 : 0.5954"
"19,28 : 0.7147"
"28,19 : 0.7147"
"19,29 : 0.4884"
"29,19 : 0.4884"
"19,30 : 0.6277"
"30,19 : 0.6277"
"19,31 : 0.4"
"31,19 : 0.4"
"19,32 : 0.2202"
"32,19 : 0.2202"
"19,33 : 0.5886"
"33,19 : 0.5886"
"19,34 : 0.7684"
"34,19 : 0.7684"
"19,35 : 0.5822"
"35,19 : 0.5822"
"19,36 : 0.7"
"36,19 : 0.7"
"19,37 : 0.4851"
"37,19 : 0.4851"
"19,38 : 0.8551"
"38,19 : 0.8551"
"19,39 : 0.1703"
"39,19 : 0.1703"
"19,40 : 0.7993"
"40,19 : 0.7993"
"19,41 : 1.0066"
"41,19 : 1.0066"
"19,42 : 0.9338"
"42,19 : 0.9338"
"19,43 : 0.3228"
"43,19 : 0.3228"
"19,44 : 0.1"
"44,19 : 0.1"
"19,45 : 0.2617"
"45,19 : 0.2617"
"19,46 : 0.5346"
"46,19 : 0.5346"
"19,47 : 0.5162"
"47,19 : 0.5162"
"19,48 : 0.8828"
"48,19 : 0.8828"
"19,49 : 0.927"
"49,19 : 0.927"
"20,21 : 0.6519"
"21,20 : 0.6519"
"20,22 : 0.8374"
"22,20 : 0.8374"
"20,23 : 0.2683"
"23,20 : 0.2683"
"20,24 : 0.7184"
"24,20 : 0.7184"
"20,25 : 1.0469"
"25,20 : 1.0469"
"20,26 : 0.214"
"26,20 : 0.214"
"20,27 : 0.4031"
"27,20 : 0.4031"
"20,28 : 0.5385"
"28,20 : 0.5385"
"20,29 : 0.87"
"29,20 : 0.87"
"20,30 : 0.6122"
"30,20 : 0.6122"
"20,31 : 0.8"
"31,20 : 0.8"
"20,32 : 0.823"
"32,20 : 0.823"
"20,33 : 0.405"
"33,20 : 0.405"
"20,34 : 0.4327"
"34,20 : 0.4327"
"20,35 : 0.9714"
"35,20 : 0.9714"
"20,36 : 0.4386"
"36,20 : 0.4386"
"20,37 : 0.5092"
"37,20 : 0.5092"
"20,38 : 0.4176"
"38,20 : 0.4176"
"20,39 : 1.0531"
"39,20 : 1.0531"
"20,40 : 0.4904"
"40,20 : 0.4904"
"20,41 : 0.6003"
"41,20 : 0.6003"
"20,42 : 0.402"
"42,20 : 0.402"
"20,43 : 0.8728"
"43,20 : 0.8728"
"20,44 : 0.9141"
"44,20 : 0.9141"
"20,45 : 0.7503"
"45,20 : 0.7503"
"20,46 : 0.9361"
"46,20 : 0.9361"
"20,47 : 0.4826"
"47,20 : 0.4826"
"20,48 : 0.4002"
"48,20 : 0.4002"
"20,49 : 0.6198"
"49,20 : 0.6198"
"21,22 : 0.278"
"22,21 : 0.278"
"21,23 : 0.563"
"23,21 : 0.563"
"21,24 : 0.5478"
"24,21 : 0.5478"
"21,25 : 0.492"
"25,21 : 0.492"
"21,26 : 0.5126"
"26,21 : 0.5126"
"21,27 : 0.3008"
"27,21 : 0.3008"
"21,28 : 0.5523"
"28,21 : 0.5523"
"21,29 : 0.5504"
"29,21 : 0.5504"
"21,30 : 0.5077"
"30,21 : 0.5077"
"21,31 : 0.4301"
"31,21 : 0.4301"
"21,32 : 0.1712"
"32,21 : 0.1712"
"21,33 : 0.2846"
"33,21 : 0.2846"
"21,34 : 0.4101"
"34,21 : 0.4101"
"21,35 : 0.4687"
"35,21 : 0.4687"
"21,36 : 0.3397"
"36,21 : 0.3397"
"21,37 : 0.2081"
"37,21 : 0.2081"
"21,38 : 0.6351"
"38,21 : 0.6351"
"21,39 : 0.4817"
"39,21 : 0.4817"
"21,40 : 0.45"
"40,21 : 0.45"
"21,41 : 0.8363"
"41,21 : 0.8363"
"21,42 : 0.7033"
"42,21 : 0.7033"
"21,43 : 0.2506"
"43,21 : 0.2506"
"21,44 : 0.2731"
"44,21 : 0.2731"
"21,45 : 0.2256"
"45,21 : 0.2256"
"21,46 : 0.4162"
"46,21 : 0.4162"
"21,47 : 0.17"
"47,21 : 0.17"
"21,48 : 0.6551"
"48,21 : 0.6551"
"21,49 : 0.7779"
"49,21 : 0.7779"
"22,23 : 0.8112"
"23,22 : 0.8112"
"22,24 : 0.8184"
"24,22 : 0.8184"
"22,25 : 0.6237"
"25,22 : 0.6237"
"22,26 : 0.6512"
"26,22 : 0.6512"
"22,27 : 0.558"
"27,22 : 0.558"
"22,28 : 0.8298"
"28,22 : 0.8298"
"22,29 : 0.7931"
"29,22 : 0.7931"
"22,30 : 0.7849"
"30,22 : 0.7849"
"22,31 : 0.6745"
"31,22 : 0.6745"
"22,32 : 0.24"
"32,22 : 0.24"
"22,33 : 0.5382"
"33,22 : 0.5382"
"22,34 : 0.4653"
"34,22 : 0.4653"
"22,35 : 0.1924"
"35,22 : 0.1924"
"22,36 : 0.4201"
"36,22 : 0.4201"
"22,37 : 0.4808"
"37,22 : 0.4808"
"22,38 : 0.9027"
"38,22 : 0.9027"
"22,39 : 0.5991"
"39,22 : 0.5991"
"22,40 : 0.4617"
"40,22 : 0.4617"
"22,41 : 1.1104"
"41,22 : 1.1104"
"22,42 : 0.9661"
"42,22 : 0.9661"
"22,43 : 0.1118"
"43,22 : 0.1118"
"22,44 : 0.3396"
"44,22 : 0.3396"
"22,45 : 0.4561"
"45,22 : 0.4561"
"22,46 : 0.1389"
"46,22 : 0.1389"
"22,47 : 0.405"
"47,22 : 0.405"
"22,48 : 0.9201"
"48,22 : 0.9201"
"22,49 : 1.0548"
"49,22 : 1.0548"
"23,24 : 0.4597"
"24,23 : 0.4597"
"23,25 : 0.8538"
"25,23 : 0.8538"
"23,26 : 0.3734"
"26,23 : 0.3734"
"23,27 : 0.2625"
"27,23 : 0.2625"
"23,28 : 0.272"
"28,23 : 0.272"
"23,29 : 0.6243"
"29,23 : 0.6243"
"23,30 : 0.3538"
"30,23 : 0.3538"
"23,31 : 0.5727"
"31,23 : 0.5727"
"23,32 : 0.7203"
"32,23 : 0.7203"
"23,33 : 0.2786"
"33,23 : 0.2786"
"23,34 : 0.5367"
"34,23 : 0.5367"
"23,35 : 0.9801"
"35,23 : 0.9801"
"23,36 : 0.5048"
"36,23 : 0.5048"
"23,37 : 0.3667"
"37,23 : 0.3667"
"23,38 : 0.16"
"38,23 : 0.16"
"23,39 : 0.8668"
"39,23 : 0.8668"
"23,40 : 0.6084"
"40,23 : 0.6084"
"23,41 : 0.3736"
"41,23 : 0.3736"
"23,42 : 0.1789"
"42,23 : 0.1789"
"23,43 : 0.8115"
"43,23 : 0.8115"
"23,44 : 0.7841"
"44,23 : 0.7841"
"23,45 : 0.5808"
"45,23 : 0.5808"
"23,46 : 0.9348"
"46,23 : 0.9348"
"23,47 : 0.4071"
"47,23 : 0.4071"
"23,48 : 0.153"
"48,23 : 0.153"
"23,49 : 0.3701"
"49,23 : 0.3701"
"24,25 : 0.5142"
"25,24 : 0.5142"
"24,26 : 0.7446"
"26,24 : 0.7446"
"24,27 : 0.4079"
"27,24 : 0.4079"
"24,28 : 0.1972"
"28,24 : 0.1972"
"24,29 : 0.1844"
"29,24 : 0.1844"
"24,30 : 0.1063"
"30,24 : 0.1063"
"24,31 : 0.2062"
"31,24 : 0.2062"
"24,32 : 0.614"
"32,24 : 0.614"
"24,33 : 0.4258"
"33,24 : 0.4258"
"24,34 : 0.805"
"34,24 : 0.805"
"24,35 : 1.0107"
"35,24 : 1.0107"
"24,36 : 0.7417"
"36,24 : 0.7417"
"24,37 : 0.3912"
"37,24 : 0.3912"
"24,38 : 0.3667"
"38,24 : 0.3667"
"24,39 : 0.5412"
"39,24 : 0.5412"
"24,40 : 0.8728"
"40,24 : 0.8728"
"24,41 : 0.4319"
"41,24 : 0.4319"
"24,42 : 0.4401"
"42,24 : 0.4401"
"24,43 : 0.7572"
"43,24 : 0.7572"
"24,44 : 0.6021"
"44,24 : 0.6021"
"24,45 : 0.3829"
"45,24 : 0.3829"
"24,46 : 0.9571"
"46,24 : 0.9571"
"24,47 : 0.5109"
"47,24 : 0.5109"
"24,48 : 0.3981"
"48,24 : 0.3981"
"24,49 : 0.3437"
"49,24 : 0.3437"
"25,26 : 0.9661"
"26,25 : 0.9661"
"25,27 : 0.644"
"27,25 : 0.644"
"25,28 : 0.6703"
"28,25 : 0.6703"
"25,29 : 0.3578"
"29,25 : 0.3578"
"25,30 : 0.5714"
"30,25 : 0.5714"
"25,31 : 0.3126"
"31,25 : 0.3126"
"25,32 : 0.3922"
"32,25 : 0.3922"
"25,33 : 0.6441"
"33,25 : 0.6441"
"25,34 : 0.9003"
"34,25 : 0.9003"
"25,35 : 0.781"
"35,25 : 0.781"
"25,36 : 0.8288"
"36,25 : 0.8288"
"25,37 : 0.542"
"37,25 : 0.542"
"25,38 : 0.831"
"38,25 : 0.831"
"25,39 : 0.0361"
"39,25 : 0.0361"
"25,40 : 0.942"
"40,25 : 0.942"
"25,41 : 0.9437"
"41,25 : 0.9437"
"25,42 : 0.9109"
"42,25 : 0.9109"
"25,43 : 0.5162"
"43,25 : 0.5162"
"25,44 : 0.2844"
"44,25 : 0.2844"
"25,45 : 0.3023"
"45,25 : 0.3023"
"25,46 : 0.7325"
"46,25 : 0.7325"
"25,47 : 0.6107"
"47,25 : 0.6107"
"25,48 : 0.8615"
"48,25 : 0.8615"
"25,49 : 0.857"
"49,25 : 0.857"
"26,27 : 0.3523"
"27,26 : 0.3523"
"26,28 : 0.6002"
"28,26 : 0.6002"
"26,29 : 0.8628"
"29,26 : 0.8628"
"26,30 : 0.6451"
"30,26 : 0.6451"
"26,31 : 0.7701"
"31,26 : 0.7701"
"26,32 : 0.6801"
"32,26 : 0.6801"
"26,33 : 0.3421"
"33,26 : 0.3421"
"26,34 : 0.2195"
"34,26 : 0.2195"
"26,35 : 0.7692"
"35,26 : 0.7692"
"26,36 : 0.2354"
"36,26 : 0.2354"
"26,37 : 0.4314"
"37,26 : 0.4314"
"26,38 : 0.5324"
"38,26 : 0.5324"
"26,39 : 0.9652"
"39,26 : 0.9652"
"26,40 : 0.2766"
"40,26 : 0.2766"
"26,41 : 0.7453"
"41,26 : 0.7453"
"26,42 : 0.5457"
"42,26 : 0.5457"
"26,43 : 0.7026"
"43,26 : 0.7026"
"26,44 : 0.7855"
"44,26 : 0.7855"
"26,45 : 0.664"
"45,26 : 0.664"
"26,46 : 0.7376"
"46,26 : 0.7376"
"26,47 : 0.3585"
"47,26 : 0.3585"
"26,48 : 0.5261"
"48,26 : 0.5261"
"26,49 : 0.7424"
"49,26 : 0.7424"
"27,28 : 0.3132"
"28,27 : 0.3132"
"27,29 : 0.5111"
"29,27 : 0.5111"
"27,30 : 0.3202"
"30,27 : 0.3202"
"27,31 : 0.4187"
"31,27 : 0.4187"
"27,32 : 0.4589"
"32,27 : 0.4589"
"27,33 : 0.0224"
"33,27 : 0.0224"
"27,34 : 0.4001"
"34,27 : 0.4001"
"27,35 : 0.7359"
"35,27 : 0.7359"
"27,36 : 0.3413"
"36,27 : 0.3413"
"27,37 : 0.1105"
"37,27 : 0.1105"
"27,38 : 0.3466"
"38,27 : 0.3466"
"27,39 : 0.65"
"39,27 : 0.65"
"27,40 : 0.4701"
"40,27 : 0.4701"
"27,41 : 0.5622"
"41,27 : 0.5622"
"27,42 : 0.408"
"42,27 : 0.408"
"27,43 : 0.5504"
"43,27 : 0.5504"
"27,44 : 0.53"
"44,27 : 0.53"
"27,45 : 0.3479"
"45,27 : 0.3479"
"27,46 : 0.6877"
"46,27 : 0.6877"
"27,47 : 0.1556"
"47,27 : 0.1556"
"27,48 : 0.3624"
"48,27 : 0.3624"
"27,49 : 0.5197"
"49,27 : 0.5197"
"28,29 : 0.377"
"29,28 : 0.377"
"28,30 : 0.102"
"30,28 : 0.102"
"28,31 : 0.3606"
"31,28 : 0.3606"
"28,32 : 0.6661"
"32,28 : 0.6661"
"28,33 : 0.3353"
"33,28 : 0.3353"
"28,34 : 0.7046"
"34,28 : 0.7046"
"28,35 : 1.0183"
"35,28 : 1.0183"
"28,36 : 0.6512"
"36,28 : 0.6512"
"28,37 : 0.3523"
"37,28 : 0.3523"
"28,38 : 0.1709"
"38,28 : 0.1709"
"28,39 : 0.6918"
"39,28 : 0.6918"
"28,40 : 0.7765"
"40,28 : 0.7765"
"28,41 : 0.2953"
"41,28 : 0.2953"
"28,42 : 0.2474"
"42,28 : 0.2474"
"28,43 : 0.7931"
"43,28 : 0.7931"
"28,44 : 0.6888"
"44,28 : 0.6888"
"28,45 : 0.461"
"45,28 : 0.461"
"28,46 : 0.9667"
"46,28 : 0.9667"
"28,47 : 0.4562"
"47,28 : 0.4562"
"28,48 : 0.2025"
"48,28 : 0.2025"
"28,49 : 0.2267"
"49,28 : 0.2267"
"29,30 : 0.2773"
"30,29 : 0.2773"
"29,31 : 0.1204"
"31,29 : 0.1204"
"29,32 : 0.563"
"32,29 : 0.563"
"29,33 : 0.5235"
"33,29 : 0.5235"
"29,34 : 0.8823"
"34,29 : 0.8823"
"29,35 : 0.9808"
"35,29 : 0.9808"
"29,36 : 0.8132"
"36,29 : 0.8132"
"29,37 : 0.4554"
"37,29 : 0.4554"
"29,38 : 0.5478"
"38,29 : 0.5478"
"29,39 : 0.3895"
"39,29 : 0.3895"
"29,40 : 0.9437"
"40,29 : 0.9437"
"29,41 : 0.61"
"41,29 : 0.61"
"29,42 : 0.623"
"42,29 : 0.623"
"29,43 : 0.7117"
"43,29 : 0.7117"
"29,44 : 0.5162"
"44,29 : 0.5162"
"29,45 : 0.3373"
"45,29 : 0.3373"
"29,46 : 0.9272"
"46,29 : 0.9272"
"29,47 : 0.5701"
"47,29 : 0.5701"
"29,48 : 0.5794"
"48,29 : 0.5794"
"29,49 : 0.5201"
"49,29 : 0.5201"
"30,31 : 0.26"
"31,30 : 0.26"
"30,32 : 0.6014"
"32,30 : 0.6014"
"30,33 : 0.34"
"33,30 : 0.34"
"30,34 : 0.7203"
"34,30 : 0.7203"
"30,35 : 0.9764"
"35,30 : 0.9764"
"30,36 : 0.6603"
"36,30 : 0.6603"
"30,37 : 0.3257"
"37,30 : 0.3257"
"30,38 : 0.272"
"38,30 : 0.272"
"30,39 : 0.5941"
"39,30 : 0.5941"
"30,40 : 0.79"
"40,30 : 0.79"
"30,41 : 0.3795"
"41,30 : 0.3795"
"30,42 : 0.3493"
"42,30 : 0.3493"
"30,43 : 0.7366"
"43,30 : 0.7366"
"30,44 : 0.6106"
"44,30 : 0.6106"
"30,45 : 0.3828"
"45,30 : 0.3828"
"30,46 : 0.9236"
"46,30 : 0.9236"
"30,47 : 0.4415"
"47,30 : 0.4415"
"30,48 : 0.3036"
"48,30 : 0.3036"
"30,49 : 0.2997"
"49,30 : 0.2997"
"31,32 : 0.4478"
"32,31 : 0.4478"
"31,33 : 0.428"
"33,31 : 0.428"
"31,34 : 0.7725"
"34,31 : 0.7725"
"31,35 : 0.8633"
"35,31 : 0.8633"
"31,36 : 0.7023"
"36,31 : 0.7023"
"31,37 : 0.3489"
"37,31 : 0.3489"
"31,38 : 0.5261"
"38,31 : 0.5261"
"31,39 : 0.3373"
"39,31 : 0.3373"
"31,40 : 0.8317"
"40,31 : 0.8317"
"31,41 : 0.6315"
"41,31 : 0.6315"
"31,42 : 0.6053"
"42,31 : 0.6053"
"31,43 : 0.5962"
"43,31 : 0.5962"
"31,44 : 0.4123"
"44,31 : 0.4123"
"31,45 : 0.2184"
"45,31 : 0.2184"
"31,46 : 0.8096"
"46,31 : 0.8096"
"31,47 : 0.4588"
"47,31 : 0.4588"
"31,48 : 0.5573"
"48,31 : 0.5573"
"31,49 : 0.5457"
"49,31 : 0.5457"
"32,33 : 0.4455"
"33,32 : 0.4455"
"32,34 : 0.5547"
"34,32 : 0.5547"
"32,35 : 0.4198"
"35,32 : 0.4198"
"32,36 : 0.4888"
"36,32 : 0.4888"
"32,37 : 0.3544"
"37,32 : 0.3544"
"32,38 : 0.7739"
"38,32 : 0.7739"
"32,39 : 0.3716"
"39,32 : 0.3716"
"32,40 : 0.5814"
"40,32 : 0.5814"
"32,41 : 0.9596"
"41,32 : 0.9596"
"32,42 : 0.8469"
"42,32 : 0.8469"
"32,43 : 0.1487"
"43,32 : 0.1487"
"32,44 : 0.1204"
"44,32 : 0.1204"
"32,45 : 0.2332"
"45,32 : 0.2332"
"32,46 : 0.3667"
"46,32 : 0.3667"
"32,47 : 0.3406"
"47,32 : 0.3406"
"32,48 : 0.7971"
"48,32 : 0.7971"
"32,49 : 0.892"
"49,32 : 0.892"
"33,34 : 0.3805"
"34,33 : 0.3805"
"33,35 : 0.7151"
"35,33 : 0.7151"
"33,36 : 0.3206"
"36,33 : 0.3206"
"33,37 : 0.1044"
"37,33 : 0.1044"
"33,38 : 0.3677"
"38,33 : 0.3677"
"33,39 : 0.6488"
"39,33 : 0.6488"
"33,40 : 0.45"
"40,33 : 0.45"
"33,41 : 0.5841"
"41,33 : 0.5841"
"33,42 : 0.428"
"42,33 : 0.428"
"33,43 : 0.5331"
"43,33 : 0.5331"
"33,44 : 0.5204"
"44,33 : 0.5204"
"33,45 : 0.3454"
"45,33 : 0.3454"
"33,46 : 0.6671"
"46,33 : 0.6671"
"33,47 : 0.1345"
"47,33 : 0.1345"
"33,48 : 0.3829"
"48,33 : 0.3829"
"33,49 : 0.542"
"49,33 : 0.542"
"34,35 : 0.559"
"35,34 : 0.559"
"34,36 : 0.0721"
"36,34 : 0.0721"
"34,37 : 0.4272"
"37,34 : 0.4272"
"34,38 : 0.6835"
"38,34 : 0.6835"
"34,39 : 0.8914"
"39,34 : 0.8914"
"34,40 : 0.0728"
"40,34 : 0.0728"
"34,41 : 0.9062"
"41,34 : 0.9062"
"34,42 : 0.7155"
"42,34 : 0.7155"
"34,43 : 0.5376"
"43,34 : 0.5376"
"34,44 : 0.672"
"44,34 : 0.672"
"34,45 : 0.6129"
"45,34 : 0.6129"
"34,46 : 0.5324"
"46,34 : 0.5324"
"34,47 : 0.3138"
"47,34 : 0.3138"
"34,48 : 0.6854"
"48,34 : 0.6854"
"34,49 : 0.886"
"49,34 : 0.886"
"35,36 : 0.5345"
"36,35 : 0.5345"
"35,37 : 0.6671"
"37,35 : 0.6671"
"35,38 : 1.0825"
"38,35 : 1.0825"
"35,39 : 0.7524"
"39,35 : 0.7524"
"35,40 : 0.5308"
"40,35 : 0.5308"
"35,41 : 1.2945"
"41,35 : 1.2945"
"35,42 : 1.1421"
"42,35 : 1.1421"
"35,43 : 0.2729"
"43,35 : 0.2729"
"35,44 : 0.5001"
"44,35 : 0.5001"
"35,45 : 0.6451"
"45,35 : 0.6451"
"35,46 : 0.0539"
"46,35 : 0.0539"
"35,47 : 0.5805"
"47,35 : 0.5805"
"35,48 : 1.0979"
"48,35 : 1.0979"
"35,49 : 1.242"
"49,35 : 1.242"
"36,37 : 0.359"
"37,36 : 0.359"
"36,38 : 0.644"
"38,36 : 0.644"
"36,39 : 0.8204"
"39,36 : 0.8204"
"36,40 : 0.1315"
"40,36 : 0.1315"
"36,41 : 0.8676"
"41,36 : 0.8676"
"36,42 : 0.6826"
"42,36 : 0.6826"
"36,43 : 0.4827"
"43,36 : 0.4827"
"36,44 : 0.6046"
"44,36 : 0.6046"
"36,45 : 0.5408"
"45,36 : 0.5408"
"36,46 : 0.5022"
"46,36 : 0.5022"
"36,47 : 0.2435"
"47,36 : 0.2435"
"36,48 : 0.6488"
"48,36 : 0.6488"
"36,49 : 0.8415"
"49,36 : 0.8415"
"37,38 : 0.4272"
"38,37 : 0.4272"
"37,39 : 0.5456"
"39,37 : 0.5456"
"37,40 : 0.4903"
"40,37 : 0.4903"
"37,41 : 0.6297"
"41,37 : 0.6297"
"37,42 : 0.4965"
"42,37 : 0.4965"
"37,43 : 0.4579"
"43,37 : 0.4579"
"37,44 : 0.4201"
"44,37 : 0.4201"
"37,45 : 0.2417"
"45,37 : 0.2417"
"37,46 : 0.6162"
"46,37 : 0.6162"
"37,47 : 0.12"
"47,37 : 0.12"
"37,48 : 0.4478"
"48,37 : 0.4478"
"37,49 : 0.5749"
"49,37 : 0.5749"
"38,39 : 0.8501"
"39,38 : 0.8501"
"38,40 : 0.7561"
"40,38 : 0.7561"
"38,41 : 0.2236"
"41,38 : 0.2236"
"38,42 : 0.08"
"42,38 : 0.08"
"38,43 : 0.8851"
"43,38 : 0.8851"
"38,44 : 0.8161"
"44,38 : 0.8161"
"38,45 : 0.5944"
"45,38 : 0.5944"
"38,46 : 1.0339"
"46,38 : 1.0339"
"38,47 : 0.5021"
"47,38 : 0.5021"
"38,48 : 0.0316"
"48,38 : 0.0316"
"38,49 : 0.2102"
"49,38 : 0.2102"
"39,40 : 0.9309"
"40,39 : 0.9309"
"39,41 : 0.9688"
"41,39 : 0.9688"
"39,42 : 0.9301"
"42,39 : 0.9301"
"39,43 : 0.4903"
"43,39 : 0.4903"
"39,44 : 0.2596"
"44,39 : 0.2596"
"39,45 : 0.3041"
"45,39 : 0.3041"
"39,46 : 0.7046"
"46,39 : 0.7046"
"39,47 : 0.608"
"47,39 : 0.608"
"39,48 : 0.8802"
"48,39 : 0.8802"
"39,49 : 0.8829"
"49,39 : 0.8829"
"40,41 : 0.9786"
"41,40 : 0.9786"
"40,42 : 0.7872"
"42,40 : 0.7872"
"40,43 : 0.5456"
"43,40 : 0.5456"
"40,44 : 0.7009"
"44,40 : 0.7009"
"40,45 : 0.6624"
"45,40 : 0.6624"
"40,46 : 0.5104"
"46,40 : 0.5104"
"40,47 : 0.3736"
"47,40 : 0.3736"
"40,48 : 0.7577"
"48,40 : 0.7577"
"40,49 : 0.9588"
"49,40 : 0.9588"
"41,42 : 0.201"
"42,41 : 0.201"
"41,43 : 1.0823"
"43,41 : 1.0823"
"41,44 : 0.9839"
"44,41 : 0.9839"
"41,45 : 0.7558"
"45,41 : 0.7558"
"41,46 : 1.2446"
"46,41 : 1.2446"
"41,47 : 0.717"
"47,41 : 0.717"
"41,48 : 0.2214"
"48,41 : 0.2214"
"41,49 : 0.0906"
"49,41 : 0.0906"
"42,43 : 0.9538"
"43,42 : 0.9538"
"42,44 : 0.8929"
"44,42 : 0.8929"
"42,45 : 0.6727"
"45,42 : 0.6727"
"42,46 : 1.0948"
"46,42 : 1.0948"
"42,47 : 0.5622"
"47,42 : 0.5622"
"42,48 : 0.051"
"48,42 : 0.051"
"42,49 : 0.2214"
"49,42 : 0.2214"
