x,y
0.59,0.83
0.32,0.75
0.74,0.65
0.74,0.32
0.99,0.2
0.19,0.53
0.34,0.66
0.09,0.13
0.95,0.14
0.12,0.12
0.93,0.86
0.07,0.35
0.43,1.0
0.97,0.4
0.08,0.92
0.8,0.63
0.23,0.61
0.55,0.91
0.46,0.29
0.15,0.77
0.89,0.89
0.15,0.06
0.28,0.97
0.84,0.23
0.66,0.63
0.86,0.04
0.95,0.72
0.4,0.14
0.04,0.21
0.29,0.09
0.16,0.88
0.97,0.55
0.98,0.18
0.53,0.23
0.54,0.82
0.08,0.4
0.99,0.35
0.49,0.97
0.91,0.5
0.88,0.56
0.88,0.26
0.66,0.67
0.24,0.07
0.45,0.52
0.51,0.36
0.01,0.1
0.63,0.71
0.38,0.83
0.19,0.1
0.48,0.75

Distanze
"0,1 : 0.2816"
"1,0 : 0.2816"
"0,2 : 0.2343"
"2,0 : 0.2343"
"0,3 : 0.5316"
"3,0 : 0.5316"
"0,4 : 0.7463"
"4,0 : 0.7463"
"0,5 : 0.5"
"5,0 : 0.5"
"0,6 : 0.3023"
"6,0 : 0.3023"
"0,7 : 0.8602"
"7,0 : 0.8602"
"0,8 : 0.7783"
"8,0 : 0.7783"
"0,9 : 0.8515"
"9,0 : 0.8515"
"0,10 : 0.3413"
"10,0 : 0.3413"
"0,11 : 0.7077"
"11,0 : 0.7077"
"0,12 : 0.2335"
"12,0 : 0.2335"
"0,13 : 0.5738"
"13,0 : 0.5738"
"0,14 : 0.5179"
"14,0 : 0.5179"
"0,15 : 0.29"
"15,0 : 0.29"
"0,16 : 0.4219"
"16,0 : 0.4219"
"0,17 : 0.0894"
"17,0 : 0.0894"
"0,18 : 0.5554"
"18,0 : 0.5554"
"0,19 : 0.4441"
"19,0 : 0.4441"
"0,20 : 0.3059"
"20,0 : 0.3059"
"0,21 : 0.8868"
"21,0 : 0.8868"
"0,22 : 0.3401"
"22,0 : 0.3401"
"0,23 : 0.65"
"23,0 : 0.65"
"0,24 : 0.2119"
"24,0 : 0.2119"
"0,25 : 0.8349"
"25,0 : 0.8349"
"0,26 : 0.3764"
"26,0 : 0.3764"
"0,27 : 0.7157"
"27,0 : 0.7157"
"0,28 : 0.8288"
"28,0 : 0.8288"
"0,29 : 0.7985"
"29,0 : 0.7985"
"0,30 : 0.4329"
"30,0 : 0.4329"
"0,31 : 0.472"
"31,0 : 0.472"
"0,32 : 0.758"
"32,0 : 0.758"
"0,33 : 0.603"
"33,0 : 0.603"
"0,34 : 0.051"
"34,0 : 0.051"
"0,35 : 0.6671"
"35,0 : 0.6671"
"0,36 : 0.6248"
"36,0 : 0.6248"
"0,37 : 0.172"
"37,0 : 0.172"
"0,38 : 0.4597"
"38,0 : 0.4597"
"0,39 : 0.3962"
"39,0 : 0.3962"
"0,40 : 0.6395"
"40,0 : 0.6395"
"0,41 : 0.1746"
"41,0 : 0.1746"
"0,42 : 0.8367"
"42,0 : 0.8367"
"0,43 : 0.3401"
"43,0 : 0.3401"
"0,44 : 0.4768"
"44,0 : 0.4768"
"0,45 : 0.9324"
"45,0 : 0.9324"
"0,46 : 0.1265"
"46,0 : 0.1265"
"0,47 : 0.21"
"47,0 : 0.21"
"0,48 : 0.8324"
"48,0 : 0.8324"
"0,49 : 0.136"
"49,0 : 0.136"
"1,2 : 0.4317"
"2,1 : 0.4317"
"1,3 : 0.6011"
"3,1 : 0.6011"
"1,4 : 0.8668"
"4,1 : 0.8668"
"1,5 : 0.2555"
"5,1 : 0.2555"
"1,6 : 0.0922"
"6,1 : 0.0922"
"1,7 : 0.6613"
"7,1 : 0.6613"
"1,8 : 0.8769"
"8,1 : 0.8769"
"1,9 : 0.661"
"9,1 : 0.661"
"1,10 : 0.6198"
"10,1 : 0.6198"
"1,11 : 0.4717"
"11,1 : 0.4717"
"1,12 : 0.2731"
"12,1 : 0.2731"
"1,13 : 0.7382"
"13,1 : 0.7382"
"1,14 : 0.2941"
"14,1 : 0.2941"
"1,15 : 0.4948"
"15,1 : 0.4948"
"1,16 : 0.1664"
"16,1 : 0.1664"
"1,17 : 0.2802"
"17,1 : 0.2802"
"1,18 : 0.4808"
"18,1 : 0.4808"
"1,19 : 0.1712"
"19,1 : 0.1712"
"1,20 : 0.5869"
"20,1 : 0.5869"
"1,21 : 0.7106"
"21,1 : 0.7106"
"1,22 : 0.2236"
"22,1 : 0.2236"
"1,23 : 0.7354"
"23,1 : 0.7354"
"1,24 : 0.3606"
"24,1 : 0.3606"
"1,25 : 0.892"
"25,1 : 0.892"
"1,26 : 0.6307"
"26,1 : 0.6307"
"1,27 : 0.6152"
"27,1 : 0.6152"
"1,28 : 0.6083"
"28,1 : 0.6083"
"1,29 : 0.6607"
"29,1 : 0.6607"
"1,30 : 0.2062"
"30,1 : 0.2062"
"1,31 : 0.6801"
"31,1 : 0.6801"
"1,32 : 0.8721"
"32,1 : 0.8721"
"1,33 : 0.5608"
"33,1 : 0.5608"
"1,34 : 0.2309"
"34,1 : 0.2309"
"1,35 : 0.4244"
"35,1 : 0.4244"
"1,36 : 0.7803"
"36,1 : 0.7803"
"1,37 : 0.278"
"37,1 : 0.278"
"1,38 : 0.6408"
"38,1 : 0.6408"
"1,39 : 0.5914"
"39,1 : 0.5914"
"1,40 : 0.7441"
"40,1 : 0.7441"
"1,41 : 0.3493"
"41,1 : 0.3493"
"1,42 : 0.6847"
"42,1 : 0.6847"
"1,43 : 0.2642"
"43,1 : 0.2642"
"1,44 : 0.4338"
"44,1 : 0.4338"
"1,45 : 0.7201"
"45,1 : 0.7201"
"1,46 : 0.3126"
"46,1 : 0.3126"
"1,47 : 0.1"
"47,1 : 0.1"
"1,48 : 0.6629"
"48,1 : 0.6629"
"1,49 : 0.16"
"49,1 : 0.16"
"2,3 : 0.33"
"3,2 : 0.33"
"2,4 : 0.5148"
"4,2 : 0.5148"
"2,5 : 0.5629"
"5,2 : 0.5629"
"2,6 : 0.4001"
"6,2 : 0.4001"
"2,7 : 0.8324"
"7,2 : 0.8324"
"2,8 : 0.5515"
"8,2 : 0.5515"
"2,9 : 0.8157"
"9,2 : 0.8157"
"2,10 : 0.2832"
"10,2 : 0.2832"
"2,11 : 0.7341"
"11,2 : 0.7341"
"2,12 : 0.4675"
"12,2 : 0.4675"
"2,13 : 0.3397"
"13,2 : 0.3397"
"2,14 : 0.7131"
"14,2 : 0.7131"
"2,15 : 0.0632"
"15,2 : 0.0632"
"2,16 : 0.5116"
"16,2 : 0.5116"
"2,17 : 0.322"
"17,2 : 0.322"
"2,18 : 0.4561"
"18,2 : 0.4561"
"2,19 : 0.6021"
"19,2 : 0.6021"
"2,20 : 0.283"
"20,2 : 0.283"
"2,21 : 0.8344"
"21,2 : 0.8344"
"2,22 : 0.5604"
"22,2 : 0.5604"
"2,23 : 0.4317"
"23,2 : 0.4317"
"2,24 : 0.0825"
"24,2 : 0.0825"
"2,25 : 0.6217"
"25,2 : 0.6217"
"2,26 : 0.2214"
"26,2 : 0.2214"
"2,27 : 0.6129"
"27,2 : 0.6129"
"2,28 : 0.8268"
"28,2 : 0.8268"
"2,29 : 0.7184"
"29,2 : 0.7184"
"2,30 : 0.6239"
"30,2 : 0.6239"
"2,31 : 0.2508"
"31,2 : 0.2508"
"2,32 : 0.5277"
"32,2 : 0.5277"
"2,33 : 0.4696"
"33,2 : 0.4696"
"2,34 : 0.2625"
"34,2 : 0.2625"
"2,35 : 0.7058"
"35,2 : 0.7058"
"2,36 : 0.3905"
"36,2 : 0.3905"
"2,37 : 0.4061"
"37,2 : 0.4061"
"2,38 : 0.2267"
"38,2 : 0.2267"
"2,39 : 0.1664"
"39,2 : 0.1664"
"2,40 : 0.4144"
"40,2 : 0.4144"
"2,41 : 0.0825"
"41,2 : 0.0825"
"2,42 : 0.7658"
"42,2 : 0.7658"
"2,43 : 0.3178"
"43,2 : 0.3178"
"2,44 : 0.3701"
"44,2 : 0.3701"
"2,45 : 0.914"
"45,2 : 0.914"
"2,46 : 0.1253"
"46,2 : 0.1253"
"2,47 : 0.4025"
"47,2 : 0.4025"
"2,48 : 0.7778"
"48,2 : 0.7778"
"2,49 : 0.2786"
"49,2 : 0.2786"
"3,4 : 0.2773"
"4,3 : 0.2773"
"3,5 : 0.5887"
"5,3 : 0.5887"
"3,6 : 0.525"
"6,3 : 0.525"
"3,7 : 0.6772"
"7,3 : 0.6772"
"3,8 : 0.2766"
"8,3 : 0.2766"
"3,9 : 0.6515"
"9,3 : 0.6515"
"3,10 : 0.5725"
"10,3 : 0.5725"
"3,11 : 0.6707"
"11,3 : 0.6707"
"3,12 : 0.7473"
"12,3 : 0.7473"
"3,13 : 0.2435"
"13,3 : 0.2435"
"3,14 : 0.892"
"14,3 : 0.892"
"3,15 : 0.3158"
"15,3 : 0.3158"
"3,16 : 0.5867"
"16,3 : 0.5867"
"3,17 : 0.6198"
"17,3 : 0.6198"
"3,18 : 0.2816"
"18,3 : 0.2816"
"3,19 : 0.742"
"19,3 : 0.742"
"3,20 : 0.5894"
"20,3 : 0.5894"
"3,21 : 0.6447"
"21,3 : 0.6447"
"3,22 : 0.7963"
"22,3 : 0.7963"
"3,23 : 0.1345"
"23,3 : 0.1345"
"3,24 : 0.3202"
"24,3 : 0.3202"
"3,25 : 0.3046"
"25,3 : 0.3046"
"3,26 : 0.4518"
"26,3 : 0.4518"
"3,27 : 0.3847"
"27,3 : 0.3847"
"3,28 : 0.7086"
"28,3 : 0.7086"
"3,29 : 0.5054"
"29,3 : 0.5054"
"3,30 : 0.8062"
"30,3 : 0.8062"
"3,31 : 0.3253"
"31,3 : 0.3253"
"3,32 : 0.2778"
"32,3 : 0.2778"
"3,33 : 0.2285"
"33,3 : 0.2285"
"3,34 : 0.5385"
"34,3 : 0.5385"
"3,35 : 0.6648"
"35,3 : 0.6648"
"3,36 : 0.2518"
"36,3 : 0.2518"
"3,37 : 0.6964"
"37,3 : 0.6964"
"3,38 : 0.2476"
"38,3 : 0.2476"
"3,39 : 0.2778"
"39,3 : 0.2778"
"3,40 : 0.1523"
"40,3 : 0.1523"
"3,41 : 0.359"
"41,3 : 0.359"
"3,42 : 0.559"
"42,3 : 0.559"
"3,43 : 0.3523"
"43,3 : 0.3523"
"3,44 : 0.2335"
"44,3 : 0.2335"
"3,45 : 0.7624"
"45,3 : 0.7624"
"3,46 : 0.4052"
"46,3 : 0.4052"
"3,47 : 0.6243"
"47,3 : 0.6243"
"3,48 : 0.5924"
"48,3 : 0.5924"
"3,49 : 0.5025"
"49,3 : 0.5025"
"4,5 : 0.8654"
"5,4 : 0.8654"
"4,6 : 0.7963"
"6,4 : 0.7963"
"4,7 : 0.9027"
"7,4 : 0.9027"
"4,8 : 0.0721"
"8,4 : 0.0721"
"4,9 : 0.8737"
"9,4 : 0.8737"
"4,10 : 0.6627"
"10,4 : 0.6627"
"4,11 : 0.9321"
"11,4 : 0.9321"
"4,12 : 0.9765"
"12,4 : 0.9765"
"4,13 : 0.201"
"13,4 : 0.201"
"4,14 : 1.1604"
"14,4 : 1.1604"
"4,15 : 0.4701"
"15,4 : 0.4701"
"4,16 : 0.8635"
"16,4 : 0.8635"
"4,17 : 0.8353"
"17,4 : 0.8353"
"4,18 : 0.5376"
"18,4 : 0.5376"
"4,19 : 1.0151"
"19,4 : 1.0151"
"4,20 : 0.6972"
"20,4 : 0.6972"
"4,21 : 0.8516"
"21,4 : 0.8516"
"4,22 : 1.0474"
"22,4 : 1.0474"
"4,23 : 0.153"
"23,4 : 0.153"
"4,24 : 0.542"
"24,4 : 0.542"
"4,25 : 0.2062"
"25,4 : 0.2062"
"4,26 : 0.5215"
"26,4 : 0.5215"
"4,27 : 0.593"
"27,4 : 0.593"
"4,28 : 0.9501"
"28,4 : 0.9501"
"4,29 : 0.7086"
"29,4 : 0.7086"
"4,30 : 1.073"
"30,4 : 1.073"
"4,31 : 0.3506"
"31,4 : 0.3506"
"4,32 : 0.0224"
"32,4 : 0.0224"
"4,33 : 0.461"
"33,4 : 0.461"
"4,34 : 0.7661"
"34,4 : 0.7661"
"4,35 : 0.9317"
"35,4 : 0.9317"
"4,36 : 0.15"
"36,4 : 0.15"
"4,37 : 0.9181"
"37,4 : 0.9181"
"4,38 : 0.3105"
"38,4 : 0.3105"
"4,39 : 0.3764"
"39,4 : 0.3764"
"4,40 : 0.1253"
"40,4 : 0.1253"
"4,41 : 0.5743"
"41,4 : 0.5743"
"4,42 : 0.7612"
"42,4 : 0.7612"
"4,43 : 0.6277"
"43,4 : 0.6277"
"4,44 : 0.506"
"44,4 : 0.506"
"4,45 : 0.9851"
"45,4 : 0.9851"
"4,46 : 0.6243"
"46,4 : 0.6243"
"4,47 : 0.8769"
"47,4 : 0.8769"
"4,48 : 0.8062"
"48,4 : 0.8062"
"4,49 : 0.7501"
"49,4 : 0.7501"
"5,6 : 0.1985"
"6,5 : 0.1985"
"5,7 : 0.4123"
"7,5 : 0.4123"
"5,8 : 0.8542"
"8,5 : 0.8542"
"5,9 : 0.4159"
"9,5 : 0.4159"
"5,10 : 0.8102"
"10,5 : 0.8102"
"5,11 : 0.2163"
"11,5 : 0.2163"
"5,12 : 0.5277"
"12,5 : 0.5277"
"5,13 : 0.7908"
"13,5 : 0.7908"
"5,14 : 0.4052"
"14,5 : 0.4052"
"5,15 : 0.6181"
"15,5 : 0.6181"
"5,16 : 0.0894"
"16,5 : 0.0894"
"5,17 : 0.5235"
"17,5 : 0.5235"
"5,18 : 0.3612"
"18,5 : 0.3612"
"5,19 : 0.2433"
"19,5 : 0.2433"
"5,20 : 0.7871"
"20,5 : 0.7871"
"5,21 : 0.4717"
"21,5 : 0.4717"
"5,22 : 0.4491"
"22,5 : 0.4491"
"5,23 : 0.7159"
"23,5 : 0.7159"
"5,24 : 0.4805"
"24,5 : 0.4805"
"5,25 : 0.8301"
"25,5 : 0.8301"
"5,26 : 0.7834"
"26,5 : 0.7834"
"5,27 : 0.4429"
"27,5 : 0.4429"
"5,28 : 0.3534"
"28,5 : 0.3534"
"5,29 : 0.4512"
"29,5 : 0.4512"
"5,30 : 0.3513"
"30,5 : 0.3513"
"5,31 : 0.7803"
"31,5 : 0.7803"
"5,32 : 0.8641"
"32,5 : 0.8641"
"5,33 : 0.4534"
"33,5 : 0.4534"
"5,34 : 0.4545"
"34,5 : 0.4545"
"5,35 : 0.1703"
"35,5 : 0.1703"
"5,36 : 0.82"
"36,5 : 0.82"
"5,37 : 0.5325"
"37,5 : 0.5325"
"5,38 : 0.7206"
"38,5 : 0.7206"
"5,39 : 0.6907"
"39,5 : 0.6907"
"5,40 : 0.7409"
"40,5 : 0.7409"
"5,41 : 0.4904"
"41,5 : 0.4904"
"5,42 : 0.4627"
"42,5 : 0.4627"
"5,43 : 0.2602"
"43,5 : 0.2602"
"5,44 : 0.3624"
"44,5 : 0.3624"
"5,45 : 0.4662"
"45,5 : 0.4662"
"5,46 : 0.4754"
"46,5 : 0.4754"
"5,47 : 0.3551"
"47,5 : 0.3551"
"5,48 : 0.43"
"48,5 : 0.43"
"5,49 : 0.364"
"49,5 : 0.364"
"6,7 : 0.586"
"7,6 : 0.586"
"6,8 : 0.8016"
"8,6 : 0.8016"
"6,9 : 0.5831"
"9,6 : 0.5831"
"6,10 : 0.623"
"10,6 : 0.623"
"6,11 : 0.4111"
"11,6 : 0.4111"
"6,12 : 0.3517"
"12,6 : 0.3517"
"6,13 : 0.6815"
"13,6 : 0.6815"
"6,14 : 0.3677"
"14,6 : 0.3677"
"6,15 : 0.461"
"15,6 : 0.461"
"6,16 : 0.1208"
"16,6 : 0.1208"
"6,17 : 0.3265"
"17,6 : 0.3265"
"6,18 : 0.389"
"18,6 : 0.389"
"6,19 : 0.2195"
"19,6 : 0.2195"
"6,20 : 0.5962"
"20,6 : 0.5962"
"6,21 : 0.6294"
"21,6 : 0.6294"
"6,22 : 0.3158"
"22,6 : 0.3158"
"6,23 : 0.6595"
"23,6 : 0.6595"
"6,24 : 0.3214"
"24,6 : 0.3214"
"6,25 : 0.8092"
"25,6 : 0.8092"
"6,26 : 0.6129"
"26,6 : 0.6129"
"6,27 : 0.5235"
"27,6 : 0.5235"
"6,28 : 0.5408"
"28,6 : 0.5408"
"6,29 : 0.5722"
"29,6 : 0.5722"
"6,30 : 0.2843"
"30,6 : 0.2843"
"6,31 : 0.6395"
"31,6 : 0.6395"
"6,32 : 0.8"
"32,6 : 0.8"
"6,33 : 0.4701"
"33,6 : 0.4701"
"6,34 : 0.2561"
"34,6 : 0.2561"
"6,35 : 0.3677"
"35,6 : 0.3677"
"6,36 : 0.7201"
"36,6 : 0.7201"
"6,37 : 0.3444"
"37,6 : 0.3444"
"6,38 : 0.592"
"38,6 : 0.592"
"6,39 : 0.5492"
"39,6 : 0.5492"
"6,40 : 0.672"
"40,6 : 0.672"
"6,41 : 0.3202"
"41,6 : 0.3202"
"6,42 : 0.5984"
"42,6 : 0.5984"
"6,43 : 0.178"
"43,6 : 0.178"
"6,44 : 0.3448"
"44,6 : 0.3448"
"6,45 : 0.65"
"45,6 : 0.65"
"6,46 : 0.2943"
"46,6 : 0.2943"
"6,47 : 0.1746"
"47,6 : 0.1746"
"6,48 : 0.5797"
"48,6 : 0.5797"
"6,49 : 0.1664"
"49,6 : 0.1664"
"7,8 : 0.8601"
"8,7 : 0.8601"
"7,9 : 0.0316"
"9,7 : 0.0316"
"7,10 : 1.1129"
"10,7 : 1.1129"
"7,11 : 0.2209"
"11,7 : 0.2209"
"7,12 : 0.9341"
"12,7 : 0.9341"
"7,13 : 0.9205"
"13,7 : 0.9205"
"7,14 : 0.7901"
"14,7 : 0.7901"
"7,15 : 0.8684"
"15,7 : 0.8684"
"7,16 : 0.5"
"16,7 : 0.5"
"7,17 : 0.9055"
"17,7 : 0.9055"
"7,18 : 0.4031"
"18,7 : 0.4031"
"7,19 : 0.6428"
"19,7 : 0.6428"
"7,20 : 1.1034"
"20,7 : 1.1034"
"7,21 : 0.0922"
"21,7 : 0.0922"
"7,22 : 0.8612"
"22,7 : 0.8612"
"7,23 : 0.7566"
"23,7 : 0.7566"
"7,24 : 0.7582"
"24,7 : 0.7582"
"7,25 : 0.7752"
"25,7 : 0.7752"
"7,26 : 1.0429"
"26,7 : 1.0429"
"7,27 : 0.3102"
"27,7 : 0.3102"
"7,28 : 0.0943"
"28,7 : 0.0943"
"7,29 : 0.204"
"29,7 : 0.204"
"7,30 : 0.7533"
"30,7 : 0.7533"
"7,31 : 0.9751"
"31,7 : 0.9751"
"7,32 : 0.8914"
"32,7 : 0.8914"
"7,33 : 0.4512"
"33,7 : 0.4512"
"7,34 : 0.8238"
"34,7 : 0.8238"
"7,35 : 0.2702"
"35,7 : 0.2702"
"7,36 : 0.9265"
"36,7 : 0.9265"
"7,37 : 0.9304"
"37,7 : 0.9304"
"7,38 : 0.8996"
"38,7 : 0.8996"
"7,39 : 0.8994"
"39,7 : 0.8994"
"7,40 : 0.8006"
"40,7 : 0.8006"
"7,41 : 0.7852"
"41,7 : 0.7852"
"7,42 : 0.1616"
"42,7 : 0.1616"
"7,43 : 0.5308"
"43,7 : 0.5308"
"7,44 : 0.4789"
"44,7 : 0.4789"
"7,45 : 0.0854"
"45,7 : 0.0854"
"7,46 : 0.7925"
"46,7 : 0.7925"
"7,47 : 0.7577"
"47,7 : 0.7577"
"7,48 : 0.1044"
"48,7 : 0.1044"
"7,49 : 0.7325"
"49,7 : 0.7325"
"8,9 : 0.8302"
"9,8 : 0.8302"
"8,10 : 0.7203"
"10,8 : 0.7203"
"8,11 : 0.9047"
"11,8 : 0.9047"
"8,12 : 1.005"
"12,8 : 1.005"
"8,13 : 0.2608"
"13,8 : 0.2608"
"8,14 : 1.1685"
"14,8 : 1.1685"
"8,15 : 0.5124"
"15,8 : 0.5124"
"8,16 : 0.8598"
"16,8 : 0.8598"
"8,17 : 0.8677"
"17,8 : 0.8677"
"8,18 : 0.5124"
"18,8 : 0.5124"
"8,19 : 1.0183"
"19,8 : 1.0183"
"8,20 : 0.7524"
"20,8 : 0.7524"
"8,21 : 0.804"
"21,8 : 0.804"
"8,22 : 1.0667"
"22,8 : 1.0667"
"8,23 : 0.1421"
"23,8 : 0.1421"
"8,24 : 0.5694"
"24,8 : 0.5694"
"8,25 : 0.1345"
"25,8 : 0.1345"
"8,26 : 0.58"
"26,8 : 0.58"
"8,27 : 0.55"
"27,8 : 0.55"
"8,28 : 0.9127"
"28,8 : 0.9127"
"8,29 : 0.6619"
"29,8 : 0.6619"
"8,30 : 1.0825"
"30,8 : 1.0825"
"8,31 : 0.4105"
"31,8 : 0.4105"
"8,32 : 0.05"
"32,8 : 0.05"
"8,33 : 0.4295"
"33,8 : 0.4295"
"8,34 : 0.794"
"34,8 : 0.794"
"8,35 : 0.908"
"35,8 : 0.908"
"8,36 : 0.2138"
"36,8 : 0.2138"
"8,37 : 0.9489"
"37,8 : 0.9489"
"8,38 : 0.3622"
"38,8 : 0.3622"
"8,39 : 0.4258"
"39,8 : 0.4258"
"8,40 : 0.1389"
"40,8 : 0.1389"
"8,41 : 0.6042"
"41,8 : 0.6042"
"8,42 : 0.7134"
"42,8 : 0.7134"
"8,43 : 0.628"
"43,8 : 0.628"
"8,44 : 0.4919"
"44,8 : 0.4919"
"8,45 : 0.9409"
"45,8 : 0.9409"
"8,46 : 0.6537"
"46,8 : 0.6537"
"8,47 : 0.895"
"47,8 : 0.895"
"8,48 : 0.7611"
"48,8 : 0.7611"
"8,49 : 0.7701"
"49,8 : 0.7701"
"9,10 : 1.0971"
"10,9 : 1.0971"
"9,11 : 0.2354"
"11,9 : 0.2354"
"9,12 : 0.933"
"12,9 : 0.933"
"9,13 : 0.8949"
"13,9 : 0.8949"
"9,14 : 0.801"
"14,9 : 0.801"
"9,15 : 0.85"
"15,9 : 0.85"
"9,16 : 0.5022"
"16,9 : 0.5022"
"9,17 : 0.8994"
"17,9 : 0.8994"
"9,18 : 0.3801"
"18,9 : 0.3801"
"9,19 : 0.6507"
"19,9 : 0.6507"
"9,20 : 1.0889"
"20,9 : 1.0889"
"9,21 : 0.0671"
"21,9 : 0.0671"
"9,22 : 0.8649"
"22,9 : 0.8649"
"9,23 : 0.7284"
"23,9 : 0.7284"
"9,24 : 0.7428"
"24,9 : 0.7428"
"9,25 : 0.7443"
"25,9 : 0.7443"
"9,26 : 1.0242"
"26,9 : 1.0242"
"9,27 : 0.2807"
"27,9 : 0.2807"
"9,28 : 0.1204"
"28,9 : 0.1204"
"9,29 : 0.1726"
"29,9 : 0.1726"
"9,30 : 0.7611"
"30,9 : 0.7611"
"9,31 : 0.9526"
"31,9 : 0.9526"
"9,32 : 0.8621"
"32,9 : 0.8621"
"9,33 : 0.4245"
"33,9 : 0.4245"
"9,34 : 0.8163"
"34,9 : 0.8163"
"9,35 : 0.2828"
"35,9 : 0.2828"
"9,36 : 0.8999"
"36,9 : 0.8999"
"9,37 : 0.927"
"37,9 : 0.927"
"9,38 : 0.8766"
"38,9 : 0.8766"
"9,39 : 0.8782"
"39,9 : 0.8782"
"9,40 : 0.7728"
"40,9 : 0.7728"
"9,41 : 0.7708"
"41,9 : 0.7708"
"9,42 : 0.13"
"42,9 : 0.13"
"9,43 : 0.5186"
"43,9 : 0.5186"
"9,44 : 0.4579"
"44,9 : 0.4579"
"9,45 : 0.1118"
"45,9 : 0.1118"
"9,46 : 0.7799"
"46,9 : 0.7799"
"9,47 : 0.7561"
"47,9 : 0.7561"
"9,48 : 0.0728"
"48,9 : 0.0728"
"9,49 : 0.7256"
"49,9 : 0.7256"
"10,11 : 0.9998"
"11,10 : 0.9998"
"10,12 : 0.5192"
"12,10 : 0.5192"
"10,13 : 0.4617"
"13,10 : 0.4617"
"10,14 : 0.8521"
"14,10 : 0.8521"
"10,15 : 0.2642"
"15,10 : 0.2642"
"10,16 : 0.7433"
"16,10 : 0.7433"
"10,17 : 0.3833"
"17,10 : 0.3833"
"10,18 : 0.7388"
"18,10 : 0.7388"
"10,19 : 0.7852"
"19,10 : 0.7852"
"10,20 : 0.05"
"20,10 : 0.05"
"10,21 : 1.1173"
"21,10 : 1.1173"
"10,22 : 0.6592"
"22,10 : 0.6592"
"10,23 : 0.6364"
"23,10 : 0.6364"
"10,24 : 0.3547"
"24,10 : 0.3547"
"10,25 : 0.823"
"25,10 : 0.823"
"10,26 : 0.1414"
"26,10 : 0.1414"
"10,27 : 0.894"
"27,10 : 0.894"
"10,28 : 1.1021"
"28,10 : 1.1021"
"10,29 : 1.0012"
"29,10 : 1.0012"
"10,30 : 0.7703"
"30,10 : 0.7703"
"10,31 : 0.3126"
"31,10 : 0.3126"
"10,32 : 0.6818"
"32,10 : 0.6818"
"10,33 : 0.7463"
"33,10 : 0.7463"
"10,34 : 0.392"
"34,10 : 0.392"
"10,35 : 0.9665"
"35,10 : 0.9665"
"10,36 : 0.5135"
"36,10 : 0.5135"
"10,37 : 0.4535"
"37,10 : 0.4535"
"10,38 : 0.3606"
"38,10 : 0.3606"
"10,39 : 0.3041"
"39,10 : 0.3041"
"10,40 : 0.6021"
"40,10 : 0.6021"
"10,41 : 0.3302"
"41,10 : 0.3302"
"10,42 : 1.0489"
"42,10 : 1.0489"
"10,43 : 0.5882"
"43,10 : 0.5882"
"10,44 : 0.653"
"44,10 : 0.653"
"10,45 : 1.1933"
"45,10 : 1.1933"
"10,46 : 0.3354"
"46,10 : 0.3354"
"10,47 : 0.5508"
"47,10 : 0.5508"
"10,48 : 1.0608"
"48,10 : 1.0608"
"10,49 : 0.4632"
"49,10 : 0.4632"
"11,12 : 0.743"
"12,11 : 0.743"
"11,13 : 0.9014"
"13,11 : 0.9014"
"11,14 : 0.5701"
"14,11 : 0.5701"
"11,15 : 0.7819"
"15,11 : 0.7819"
"11,16 : 0.3053"
"16,11 : 0.3053"
"11,17 : 0.7376"
"17,11 : 0.7376"
"11,18 : 0.3946"
"18,11 : 0.3946"
"11,19 : 0.4276"
"19,11 : 0.4276"
"11,20 : 0.9818"
"20,11 : 0.9818"
"11,21 : 0.3008"
"21,11 : 0.3008"
"11,22 : 0.6546"
"22,11 : 0.6546"
"11,23 : 0.7793"
"23,11 : 0.7793"
"11,24 : 0.6531"
"24,11 : 0.6531"
"11,25 : 0.8486"
"25,11 : 0.8486"
"11,26 : 0.9546"
"26,11 : 0.9546"
"11,27 : 0.3912"
"27,11 : 0.3912"
"11,28 : 0.1432"
"28,11 : 0.1432"
"11,29 : 0.3406"
"29,11 : 0.3406"
"11,30 : 0.5376"
"30,11 : 0.5376"
"11,31 : 0.922"
"31,11 : 0.922"
"11,32 : 0.9257"
"32,11 : 0.9257"
"11,33 : 0.4754"
"33,11 : 0.4754"
"11,34 : 0.6647"
"34,11 : 0.6647"
"11,35 : 0.051"
"35,11 : 0.051"
"11,36 : 0.92"
"36,11 : 0.92"
"11,37 : 0.7489"
"37,11 : 0.7489"
"11,38 : 0.8533"
"38,11 : 0.8533"
"11,39 : 0.8368"
"39,11 : 0.8368"
"11,40 : 0.815"
"40,11 : 0.815"
"11,41 : 0.6712"
"41,11 : 0.6712"
"11,42 : 0.3276"
"42,11 : 0.3276"
"11,43 : 0.4163"
"43,11 : 0.4163"
"11,44 : 0.4401"
"44,11 : 0.4401"
"11,45 : 0.2571"
"45,11 : 0.2571"
"11,46 : 0.6657"
"46,11 : 0.6657"
"11,47 : 0.5714"
"47,11 : 0.5714"
"11,48 : 0.2773"
"48,11 : 0.2773"
"11,49 : 0.5728"
"49,11 : 0.5728"
"12,13 : 0.8072"
"13,12 : 0.8072"
"12,14 : 0.359"
"14,12 : 0.359"
"12,15 : 0.5233"
"15,12 : 0.5233"
"12,16 : 0.4383"
"16,12 : 0.4383"
"12,17 : 0.15"
"17,12 : 0.15"
"12,18 : 0.7106"
"18,12 : 0.7106"
"12,19 : 0.3624"
"19,12 : 0.3624"
"12,20 : 0.473"
"20,12 : 0.473"
"12,21 : 0.9808"
"21,12 : 0.9808"
"12,22 : 0.153"
"22,12 : 0.153"
"12,23 : 0.8724"
"23,12 : 0.8724"
"12,24 : 0.4357"
"24,12 : 0.4357"
"12,25 : 1.0519"
"25,12 : 1.0519"
"12,26 : 0.5906"
"26,12 : 0.5906"
"12,27 : 0.8605"
"27,12 : 0.8605"
"12,28 : 0.881"
"28,12 : 0.881"
"12,29 : 0.9207"
"29,12 : 0.9207"
"12,30 : 0.2955"
"30,12 : 0.2955"
"12,31 : 0.7029"
"31,12 : 0.7029"
"12,32 : 0.9874"
"32,12 : 0.9874"
"12,33 : 0.7765"
"33,12 : 0.7765"
"12,34 : 0.211"
"34,12 : 0.211"
"12,35 : 0.6946"
"35,12 : 0.6946"
"12,36 : 0.858"
"36,12 : 0.858"
"12,37 : 0.0671"
"37,12 : 0.0671"
"12,38 : 0.6931"
"38,12 : 0.6931"
"12,39 : 0.6294"
"39,12 : 0.6294"
"12,40 : 0.8661"
"40,12 : 0.8661"
"12,41 : 0.4022"
"41,12 : 0.4022"
"12,42 : 0.9492"
"42,12 : 0.9492"
"12,43 : 0.4804"
"43,12 : 0.4804"
"12,44 : 0.645"
"44,12 : 0.645"
"12,45 : 0.9932"
"45,12 : 0.9932"
"12,46 : 0.3523"
"46,12 : 0.3523"
"12,47 : 0.1772"
"47,12 : 0.1772"
"12,48 : 0.9315"
"48,12 : 0.9315"
"12,49 : 0.255"
"49,12 : 0.255"
"13,14 : 1.0308"
"14,13 : 1.0308"
"13,15 : 0.286"
"15,13 : 0.286"
"13,16 : 0.7692"
"16,13 : 0.7692"
"13,17 : 0.6607"
"17,13 : 0.6607"
"13,18 : 0.5217"
"18,13 : 0.5217"
"13,19 : 0.8996"
"19,13 : 0.8996"
"13,20 : 0.4965"
"20,13 : 0.4965"
"13,21 : 0.8877"
"21,13 : 0.8877"
"13,22 : 0.895"
"22,13 : 0.895"
"13,23 : 0.214"
"23,13 : 0.214"
"13,24 : 0.386"
"24,13 : 0.386"
"13,25 : 0.3764"
"25,13 : 0.3764"
"13,26 : 0.3206"
"26,13 : 0.3206"
"13,27 : 0.6265"
"27,13 : 0.6265"
"13,28 : 0.9492"
"28,13 : 0.9492"
"13,29 : 0.7473"
"29,13 : 0.7473"
"13,30 : 0.9415"
"30,13 : 0.9415"
"13,31 : 0.15"
"31,13 : 0.15"
"13,32 : 0.2202"
"32,13 : 0.2202"
"13,33 : 0.4717"
"33,13 : 0.4717"
"13,34 : 0.6011"
"34,13 : 0.6011"
"13,35 : 0.89"
"35,13 : 0.89"
"13,36 : 0.0539"
"36,13 : 0.0539"
"13,37 : 0.7452"
"37,13 : 0.7452"
"13,38 : 0.1166"
"38,13 : 0.1166"
"13,39 : 0.1836"
"39,13 : 0.1836"
"13,40 : 0.1664"
"40,13 : 0.1664"
"13,41 : 0.4111"
"41,13 : 0.4111"
"13,42 : 0.8011"
"42,13 : 0.8011"
"13,43 : 0.5337"
"43,13 : 0.5337"
"13,44 : 0.4617"
"44,13 : 0.4617"
"13,45 : 1.0058"
"45,13 : 1.0058"
"13,46 : 0.4601"
"46,13 : 0.4601"
"13,47 : 0.7301"
"47,13 : 0.7301"
"13,48 : 0.8357"
"48,13 : 0.8357"
"13,49 : 0.6022"
"49,13 : 0.6022"
"14,15 : 0.7762"
"15,14 : 0.7762"
"14,16 : 0.3444"
"16,14 : 0.3444"
"14,17 : 0.4701"
"17,14 : 0.4701"
"14,18 : 0.7357"
"18,14 : 0.7357"
"14,19 : 0.1655"
"19,14 : 0.1655"
"14,20 : 0.8106"
"20,14 : 0.8106"
"14,21 : 0.8628"
"21,14 : 0.8628"
"14,22 : 0.2062"
"22,14 : 0.2062"
"14,23 : 1.0265"
"23,14 : 1.0265"
"14,24 : 0.6485"
"24,14 : 0.6485"
"14,25 : 1.1759"
"25,14 : 1.1759"
"14,26 : 0.8927"
"26,14 : 0.8927"
"14,27 : 0.8431"
"27,14 : 0.8431"
"14,28 : 0.7111"
"28,14 : 0.7111"
"14,29 : 0.8562"
"29,14 : 0.8562"
"14,30 : 0.0894"
"30,14 : 0.0894"
"14,31 : 0.9638"
"31,14 : 0.9638"
"14,32 : 1.1652"
"32,14 : 1.1652"
"14,33 : 0.8238"
"33,14 : 0.8238"
"14,34 : 0.4707"
"34,14 : 0.4707"
"14,35 : 0.52"
"35,14 : 0.52"
"14,36 : 1.0738"
"36,14 : 1.0738"
"14,37 : 0.413"
"37,14 : 0.413"
"14,38 : 0.9302"
"38,14 : 0.9302"
"14,39 : 0.8773"
"39,14 : 0.8773"
"14,40 : 1.0371"
"40,14 : 1.0371"
"14,41 : 0.6316"
"41,14 : 0.6316"
"14,42 : 0.8649"
"42,14 : 0.8649"
"14,43 : 0.5449"
"43,14 : 0.5449"
"14,44 : 0.706"
"44,14 : 0.706"
"14,45 : 0.823"
"45,14 : 0.823"
"14,46 : 0.5887"
"46,14 : 0.5887"
"14,47 : 0.3132"
"47,14 : 0.3132"
"14,48 : 0.8273"
"48,14 : 0.8273"
"14,49 : 0.4346"
"49,14 : 0.4346"
"15,16 : 0.5704"
"16,15 : 0.5704"
"15,17 : 0.3754"
"17,15 : 0.3754"
"15,18 : 0.4808"
"18,15 : 0.4808"
"15,19 : 0.6649"
"19,15 : 0.6649"
"15,20 : 0.2751"
"20,15 : 0.2751"
"15,21 : 0.8645"
"21,15 : 0.8645"
"15,22 : 0.6213"
"22,15 : 0.6213"
"15,23 : 0.402"
"23,15 : 0.402"
"15,24 : 0.14"
"24,15 : 0.14"
"15,25 : 0.593"
"25,15 : 0.593"
"15,26 : 0.1749"
"26,15 : 0.1749"
"15,27 : 0.6325"
"27,15 : 0.6325"
"15,28 : 0.8683"
"28,15 : 0.8683"
"15,29 : 0.7428"
"29,15 : 0.7428"
"15,30 : 0.6871"
"30,15 : 0.6871"
"15,31 : 0.1879"
"31,15 : 0.1879"
"15,32 : 0.4847"
"32,15 : 0.4847"
"15,33 : 0.4826"
"33,15 : 0.4826"
"15,34 : 0.322"
"34,15 : 0.322"
"15,35 : 0.7558"
"35,15 : 0.7558"
"15,36 : 0.3384"
"36,15 : 0.3384"
"15,37 : 0.4601"
"37,15 : 0.4601"
"15,38 : 0.1703"
"38,15 : 0.1703"
"15,39 : 0.1063"
"39,15 : 0.1063"
"15,40 : 0.3785"
"40,15 : 0.3785"
"15,41 : 0.1456"
"41,15 : 0.1456"
"15,42 : 0.792"
"42,15 : 0.792"
"15,43 : 0.3669"
"43,15 : 0.3669"
"15,44 : 0.3962"
"44,15 : 0.3962"
"15,45 : 0.9513"
"45,15 : 0.9513"
"15,46 : 0.1879"
"46,15 : 0.1879"
"15,47 : 0.4652"
"47,15 : 0.4652"
"15,48 : 0.8081"
"48,15 : 0.8081"
"15,49 : 0.3418"
"49,15 : 0.3418"
"16,17 : 0.4386"
"17,16 : 0.4386"
"16,18 : 0.3941"
"18,16 : 0.3941"
"16,19 : 0.1789"
"19,16 : 0.1789"
"16,20 : 0.7169"
"20,16 : 0.7169"
"16,21 : 0.5558"
"21,16 : 0.5558"
"16,22 : 0.3635"
"22,16 : 0.3635"
"16,23 : 0.7187"
"23,16 : 0.7187"
"16,24 : 0.4305"
"24,16 : 0.4305"
"16,25 : 0.8496"
"25,16 : 0.8496"
"16,26 : 0.7284"
"26,16 : 0.7284"
"16,27 : 0.4998"
"27,16 : 0.4998"
"16,28 : 0.4428"
"28,16 : 0.4428"
"16,29 : 0.5235"
"29,16 : 0.5235"
"16,30 : 0.2789"
"30,16 : 0.2789"
"16,31 : 0.7424"
"31,16 : 0.7424"
"16,32 : 0.8645"
"32,16 : 0.8645"
"16,33 : 0.4841"
"33,16 : 0.4841"
"16,34 : 0.3744"
"34,16 : 0.3744"
"16,35 : 0.2581"
"35,16 : 0.2581"
"16,36 : 0.8032"
"36,16 : 0.8032"
"16,37 : 0.4441"
"37,16 : 0.4441"
"16,38 : 0.6888"
"38,16 : 0.6888"
"16,39 : 0.6519"
"39,16 : 0.6519"
"16,40 : 0.7382"
"40,16 : 0.7382"
"16,41 : 0.4342"
"41,16 : 0.4342"
"16,42 : 0.5401"
"42,16 : 0.5401"
"16,43 : 0.2377"
"43,16 : 0.2377"
"16,44 : 0.3754"
"44,16 : 0.3754"
"16,45 : 0.5554"
"45,16 : 0.5554"
"16,46 : 0.4123"
"46,16 : 0.4123"
"16,47 : 0.2663"
"47,16 : 0.2663"
"16,48 : 0.5116"
"48,16 : 0.5116"
"16,49 : 0.2865"
"49,16 : 0.2865"
"17,18 : 0.6265"
"18,17 : 0.6265"
"17,19 : 0.4238"
"19,17 : 0.4238"
"17,20 : 0.3406"
"20,17 : 0.3406"
"17,21 : 0.9394"
"21,17 : 0.9394"
"17,22 : 0.2766"
"22,17 : 0.2766"
"17,23 : 0.7393"
"23,17 : 0.7393"
"17,24 : 0.3008"
"24,17 : 0.3008"
"17,25 : 0.9236"
"25,17 : 0.9236"
"17,26 : 0.4428"
"26,17 : 0.4428"
"17,27 : 0.7845"
"27,17 : 0.7845"
"17,28 : 0.8661"
"28,17 : 0.8661"
"17,29 : 0.8602"
"29,17 : 0.8602"
"17,30 : 0.3912"
"30,17 : 0.3912"
"17,31 : 0.5532"
"31,17 : 0.5532"
"17,32 : 0.8472"
"32,17 : 0.8472"
"17,33 : 0.6803"
"33,17 : 0.6803"
"17,34 : 0.0906"
"34,17 : 0.0906"
"17,35 : 0.6935"
"35,17 : 0.6935"
"17,36 : 0.7122"
"36,17 : 0.7122"
"17,37 : 0.0849"
"37,17 : 0.0849"
"17,38 : 0.5456"
"38,17 : 0.5456"
"17,39 : 0.481"
"39,17 : 0.481"
"17,40 : 0.729"
"40,17 : 0.729"
"17,41 : 0.264"
"41,17 : 0.264"
"17,42 : 0.8954"
"42,17 : 0.8954"
"17,43 : 0.4026"
"43,17 : 0.4026"
"17,44 : 0.5515"
"44,17 : 0.5515"
"17,45 : 0.9735"
"45,17 : 0.9735"
"17,46 : 0.2154"
"46,17 : 0.2154"
"17,47 : 0.1879"
"47,17 : 0.1879"
"17,48 : 0.8864"
"48,17 : 0.8864"
"17,49 : 0.1746"
"49,17 : 0.1746"
"18,19 : 0.5714"
"19,18 : 0.5714"
"18,20 : 0.7382"
"20,18 : 0.7382"
"18,21 : 0.386"
"21,18 : 0.386"
"18,22 : 0.7034"
"22,18 : 0.7034"
"18,23 : 0.3847"
"23,18 : 0.3847"
"18,24 : 0.3945"
"24,18 : 0.3945"
"18,25 : 0.4717"
"25,18 : 0.4717"
"18,26 : 0.6519"
"26,18 : 0.6519"
"18,27 : 0.1616"
"27,18 : 0.1616"
"18,28 : 0.4276"
"28,18 : 0.4276"
"18,29 : 0.2625"
"29,18 : 0.2625"
"18,30 : 0.6619"
"30,18 : 0.6619"
"18,31 : 0.5725"
"31,18 : 0.5725"
"18,32 : 0.5315"
"32,18 : 0.5315"
"18,33 : 0.0922"
"33,18 : 0.0922"
"18,34 : 0.536"
"34,18 : 0.536"
"18,35 : 0.3956"
"35,18 : 0.3956"
"18,36 : 0.5334"
"36,18 : 0.5334"
"18,37 : 0.6807"
"37,18 : 0.6807"
"18,38 : 0.4966"
"38,18 : 0.4966"
"18,39 : 0.4993"
"39,18 : 0.4993"
"18,40 : 0.4211"
"40,18 : 0.4211"
"18,41 : 0.4294"
"41,18 : 0.4294"
"18,42 : 0.3111"
"42,18 : 0.3111"
"18,43 : 0.2302"
"43,18 : 0.2302"
"18,44 : 0.086"
"44,18 : 0.086"
"18,45 : 0.4885"
"45,18 : 0.4885"
"18,46 : 0.4531"
"46,18 : 0.4531"
"18,47 : 0.5459"
"47,18 : 0.5459"
"18,48 : 0.3302"
"48,18 : 0.3302"
"18,49 : 0.4604"
"49,18 : 0.4604"
"19,20 : 0.7497"
"20,19 : 0.7497"
"19,21 : 0.71"
"21,19 : 0.71"
"19,22 : 0.2385"
"22,19 : 0.2385"
"19,23 : 0.8762"
"23,19 : 0.8762"
"19,24 : 0.5289"
"24,19 : 0.5289"
"19,25 : 1.0183"
"25,19 : 1.0183"
"19,26 : 0.8016"
"26,19 : 0.8016"
"19,27 : 0.6778"
"27,19 : 0.6778"
"19,28 : 0.5707"
"28,19 : 0.5707"
"19,29 : 0.6943"
"29,19 : 0.6943"
"19,30 : 0.1105"
"30,19 : 0.1105"
"19,31 : 0.849"
"31,19 : 0.849"
"19,32 : 1.0183"
"32,19 : 1.0183"
"19,33 : 0.6603"
"33,19 : 0.6603"
"19,34 : 0.3932"
"34,19 : 0.3932"
"19,35 : 0.3766"
"35,19 : 0.3766"
"19,36 : 0.9391"
"36,19 : 0.9391"
"19,37 : 0.3945"
"37,19 : 0.3945"
"19,38 : 0.8065"
"38,19 : 0.8065"
"19,39 : 0.7596"
"39,19 : 0.7596"
"19,40 : 0.8905"
"40,19 : 0.8905"
"19,41 : 0.5197"
"41,19 : 0.5197"
"19,42 : 0.7058"
"42,19 : 0.7058"
"19,43 : 0.3905"
"43,19 : 0.3905"
"19,44 : 0.5456"
"44,19 : 0.5456"
"19,45 : 0.6845"
"45,19 : 0.6845"
"19,46 : 0.4837"
"46,19 : 0.4837"
"19,47 : 0.2377"
"47,19 : 0.2377"
"19,48 : 0.6712"
"48,19 : 0.6712"
"19,49 : 0.3306"
"49,19 : 0.3306"
"20,21 : 1.112"
"21,20 : 1.112"
"20,22 : 0.6152"
"22,20 : 0.6152"
"20,23 : 0.6619"
"23,20 : 0.6619"
"20,24 : 0.3471"
"24,20 : 0.3471"
"20,25 : 0.8505"
"25,20 : 0.8505"
"20,26 : 0.1803"
"26,20 : 0.1803"
"20,27 : 0.8959"
"27,20 : 0.8959"
"20,28 : 1.0885"
"28,20 : 1.0885"
"20,29 : 1.0"
"29,20 : 1.0"
"20,30 : 0.7301"
"30,20 : 0.7301"
"20,31 : 0.3493"
"31,20 : 0.3493"
"20,32 : 0.7157"
"32,20 : 0.7157"
"20,33 : 0.7518"
"33,20 : 0.7518"
"20,34 : 0.3569"
"34,20 : 0.3569"
"20,35 : 0.9467"
"35,20 : 0.9467"
"20,36 : 0.5492"
"36,20 : 0.5492"
"20,37 : 0.4079"
"37,20 : 0.4079"
"20,38 : 0.3905"
"38,20 : 0.3905"
"20,39 : 0.3302"
"39,20 : 0.3302"
"20,40 : 0.6301"
"40,20 : 0.6301"
"20,41 : 0.3183"
"41,20 : 0.3183"
"20,42 : 1.0464"
"42,20 : 1.0464"
"20,43 : 0.5749"
"43,20 : 0.5749"
"20,44 : 0.6522"
"44,20 : 0.6522"
"20,45 : 1.1826"
"45,20 : 1.1826"
"20,46 : 0.3162"
"46,20 : 0.3162"
"20,47 : 0.5135"
"47,20 : 0.5135"
"20,48 : 1.0555"
"48,20 : 1.0555"
"20,49 : 0.4332"
"49,20 : 0.4332"
"21,22 : 0.9192"
"22,21 : 0.9192"
"21,23 : 0.7106"
"23,21 : 0.7106"
"21,24 : 0.7649"
"24,21 : 0.7649"
"21,25 : 0.7103"
"25,21 : 0.7103"
"21,26 : 1.0371"
"26,21 : 1.0371"
"21,27 : 0.2625"
"27,21 : 0.2625"
"21,28 : 0.186"
"28,21 : 0.186"
"21,29 : 0.1432"
"29,21 : 0.1432"
"21,30 : 0.8201"
"30,21 : 0.8201"
"21,31 : 0.9552"
"31,21 : 0.9552"
"21,32 : 0.8386"
"32,21 : 0.8386"
"21,33 : 0.4163"
"33,21 : 0.4163"
"21,34 : 0.8542"
"34,21 : 0.8542"
"21,35 : 0.3471"
"35,21 : 0.3471"
"21,36 : 0.8887"
"36,21 : 0.8887"
"21,37 : 0.9714"
"37,21 : 0.9714"
"21,38 : 0.8782"
"38,21 : 0.8782"
"21,39 : 0.8848"
"39,21 : 0.8848"
"21,40 : 0.7569"
"40,21 : 0.7569"
"21,41 : 0.7951"
"41,21 : 0.7951"
"21,42 : 0.0906"
"42,21 : 0.0906"
"21,43 : 0.5492"
"43,21 : 0.5492"
"21,44 : 0.4686"
"44,21 : 0.4686"
"21,45 : 0.1456"
"45,21 : 0.1456"
"21,46 : 0.808"
"46,21 : 0.808"
"21,47 : 0.8036"
"47,21 : 0.8036"
"21,48 : 0.0566"
"48,21 : 0.0566"
"21,49 : 0.7649"
"49,21 : 0.7649"
"22,23 : 0.928"
"23,22 : 0.928"
"22,24 : 0.5099"
"24,22 : 0.5099"
"22,25 : 1.096"
"25,22 : 1.096"
"22,26 : 0.7151"
"26,22 : 0.7151"
"22,27 : 0.8386"
"27,22 : 0.8386"
"22,28 : 0.797"
"28,22 : 0.797"
"22,29 : 0.8801"
"29,22 : 0.8801"
"22,30 : 0.15"
"30,22 : 0.15"
"22,31 : 0.8078"
"31,22 : 0.8078"
"22,32 : 1.0555"
"32,22 : 1.0555"
"22,33 : 0.7811"
"33,22 : 0.7811"
"22,34 : 0.3002"
"34,22 : 0.3002"
"22,35 : 0.6041"
"35,22 : 0.6041"
"22,36 : 0.9426"
"36,22 : 0.9426"
"22,37 : 0.21"
"37,22 : 0.21"
"22,38 : 0.786"
"38,22 : 0.786"
"22,39 : 0.7267"
"39,22 : 0.7267"
"22,40 : 0.9296"
"40,22 : 0.9296"
"22,41 : 0.4841"
"41,22 : 0.4841"
"22,42 : 0.9009"
"42,22 : 0.9009"
"22,43 : 0.481"
"43,22 : 0.481"
"22,44 : 0.6519"
"44,22 : 0.6519"
"22,45 : 0.9109"
"45,22 : 0.9109"
"22,46 : 0.436"
"46,22 : 0.436"
"22,47 : 0.172"
"47,22 : 0.172"
"22,48 : 0.8746"
"48,22 : 0.8746"
"22,49 : 0.2973"
"49,22 : 0.2973"
"23,24 : 0.4386"
"24,23 : 0.4386"
"23,25 : 0.191"
"25,23 : 0.191"
"23,26 : 0.5022"
"26,23 : 0.5022"
"23,27 : 0.4491"
"27,23 : 0.4491"
"23,28 : 0.8002"
"28,23 : 0.8002"
"23,29 : 0.5675"
"29,23 : 0.5675"
"23,30 : 0.9407"
"30,23 : 0.9407"
"23,31 : 0.3454"
"31,23 : 0.3454"
"23,32 : 0.1487"
"32,23 : 0.1487"
"23,33 : 0.31"
"33,23 : 0.31"
"23,34 : 0.6619"
"34,23 : 0.6619"
"23,35 : 0.7788"
"35,23 : 0.7788"
"23,36 : 0.1921"
"36,23 : 0.1921"
"23,37 : 0.8186"
"37,23 : 0.8186"
"23,38 : 0.2789"
"38,23 : 0.2789"
"23,39 : 0.3324"
"39,23 : 0.3324"
"23,40 : 0.05"
"40,23 : 0.05"
"23,41 : 0.4754"
"41,23 : 0.4754"
"23,42 : 0.621"
"42,23 : 0.621"
"23,43 : 0.486"
"43,23 : 0.486"
"23,44 : 0.3547"
"44,23 : 0.3547"
"23,45 : 0.8401"
"45,23 : 0.8401"
"23,46 : 0.5239"
"46,23 : 0.5239"
"23,47 : 0.756"
"47,23 : 0.756"
"23,48 : 0.6629"
"48,23 : 0.6629"
"23,49 : 0.6325"
"49,23 : 0.6325"
"24,25 : 0.623"
"25,24 : 0.623"
"24,26 : 0.3036"
"26,24 : 0.3036"
"24,27 : 0.5547"
"27,24 : 0.5547"
"24,28 : 0.7489"
"28,24 : 0.7489"
"24,29 : 0.6546"
"29,24 : 0.6546"
"24,30 : 0.559"
"30,24 : 0.559"
"24,31 : 0.3202"
"31,24 : 0.3202"
"24,32 : 0.5522"
"32,24 : 0.5522"
"24,33 : 0.4206"
"33,24 : 0.4206"
"24,34 : 0.2247"
"34,24 : 0.2247"
"24,35 : 0.6239"
"35,24 : 0.6239"
"24,36 : 0.4328"
"36,24 : 0.4328"
"24,37 : 0.3801"
"37,24 : 0.3801"
"24,38 : 0.2818"
"38,24 : 0.2818"
"24,39 : 0.2309"
"39,24 : 0.2309"
"24,40 : 0.4305"
"40,24 : 0.4305"
"24,41 : 0.04"
"41,24 : 0.04"
"24,42 : 0.7"
"42,24 : 0.7"
"24,43 : 0.2371"
"43,24 : 0.2371"
"24,44 : 0.3089"
"44,24 : 0.3089"
"24,45 : 0.8387"
"45,24 : 0.8387"
"24,46 : 0.0854"
"46,24 : 0.0854"
"24,47 : 0.3441"
"47,24 : 0.3441"
"24,48 : 0.7084"
"48,24 : 0.7084"
"24,49 : 0.2163"
"49,24 : 0.2163"
"25,26 : 0.6859"
"26,25 : 0.6859"
"25,27 : 0.4707"
"27,25 : 0.4707"
"25,28 : 0.8374"
"28,25 : 0.8374"
"25,29 : 0.5722"
"29,25 : 0.5722"
"25,30 : 1.0934"
"30,25 : 1.0934"
"25,31 : 0.5217"
"31,25 : 0.5217"
"25,32 : 0.1844"
"32,25 : 0.1844"
"25,33 : 0.3808"
"33,25 : 0.3808"
"25,34 : 0.8431"
"34,25 : 0.8431"
"25,35 : 0.8591"
"35,25 : 0.8591"
"25,36 : 0.3362"
"36,25 : 0.3362"
"25,37 : 1.0009"
"37,25 : 1.0009"
"25,38 : 0.4627"
"38,25 : 0.4627"
"25,39 : 0.5204"
"39,25 : 0.5204"
"25,40 : 0.2209"
"40,25 : 0.2209"
"25,41 : 0.661"
"41,25 : 0.661"
"25,42 : 0.6207"
"42,25 : 0.6207"
"25,43 : 0.6313"
"43,25 : 0.6313"
"25,44 : 0.4742"
"44,25 : 0.4742"
"25,45 : 0.8521"
"45,25 : 0.8521"
"25,46 : 0.7084"
"46,25 : 0.7084"
"25,47 : 0.9244"
"47,25 : 0.9244"
"25,48 : 0.6727"
"48,25 : 0.6727"
"25,49 : 0.8053"
"49,25 : 0.8053"
"26,27 : 0.7993"
"27,26 : 0.7993"
"26,28 : 1.0432"
"28,26 : 1.0432"
"26,29 : 0.9124"
"29,26 : 0.9124"
"26,30 : 0.806"
"30,26 : 0.806"
"26,31 : 0.1712"
"31,26 : 0.1712"
"26,32 : 0.5408"
"32,26 : 0.5408"
"26,33 : 0.6454"
"33,26 : 0.6454"
"26,34 : 0.422"
"34,26 : 0.422"
"26,35 : 0.927"
"35,26 : 0.927"
"26,36 : 0.3722"
"36,26 : 0.3722"
"26,37 : 0.5235"
"37,26 : 0.5235"
"26,38 : 0.2236"
"38,26 : 0.2236"
"26,39 : 0.1746"
"39,26 : 0.1746"
"26,40 : 0.4653"
"40,26 : 0.4653"
"26,41 : 0.2943"
"41,26 : 0.2943"
"26,42 : 0.9626"
"42,26 : 0.9626"
"26,43 : 0.5385"
"43,26 : 0.5385"
"26,44 : 0.5685"
"44,26 : 0.5685"
"26,45 : 1.1261"
"45,26 : 1.1261"
"26,46 : 0.3202"
"46,26 : 0.3202"
"26,47 : 0.5805"
"47,26 : 0.5805"
"26,48 : 0.9808"
"48,26 : 0.9808"
"26,49 : 0.471"
"49,26 : 0.471"
"27,28 : 0.3667"
"28,27 : 0.3667"
"27,29 : 0.1208"
"29,27 : 0.1208"
"27,30 : 0.7779"
"30,27 : 0.7779"
"27,31 : 0.7021"
"31,27 : 0.7021"
"27,32 : 0.5814"
"32,27 : 0.5814"
"27,33 : 0.1581"
"33,27 : 0.1581"
"27,34 : 0.6943"
"34,27 : 0.6943"
"27,35 : 0.4123"
"35,27 : 0.4123"
"27,36 : 0.6263"
"36,27 : 0.6263"
"27,37 : 0.8349"
"37,27 : 0.8349"
"27,38 : 0.6243"
"38,27 : 0.6243"
"27,39 : 0.6378"
"39,27 : 0.6378"
"27,40 : 0.4948"
"40,27 : 0.4948"
"27,41 : 0.5903"
"41,27 : 0.5903"
"27,42 : 0.1746"
"42,27 : 0.1746"
"27,43 : 0.3833"
"43,27 : 0.3833"
"27,44 : 0.246"
"44,27 : 0.246"
"27,45 : 0.392"
"45,27 : 0.392"
"27,46 : 0.6147"
"46,27 : 0.6147"
"27,47 : 0.6903"
"47,27 : 0.6903"
"27,48 : 0.2138"
"48,27 : 0.2138"
"27,49 : 0.6152"
"49,27 : 0.6152"
"28,29 : 0.2773"
"29,28 : 0.2773"
"28,30 : 0.6807"
"30,28 : 0.6807"
"28,31 : 0.9902"
"31,28 : 0.9902"
"28,32 : 0.9405"
"32,28 : 0.9405"
"28,33 : 0.4904"
"33,28 : 0.4904"
"28,34 : 0.7887"
"34,28 : 0.7887"
"28,35 : 0.1942"
"35,28 : 0.1942"
"28,36 : 0.9603"
"36,28 : 0.9603"
"28,37 : 0.8832"
"37,28 : 0.8832"
"28,38 : 0.9171"
"38,28 : 0.9171"
"28,39 : 0.91"
"39,28 : 0.91"
"28,40 : 0.8415"
"40,28 : 0.8415"
"28,41 : 0.772"
"41,28 : 0.772"
"28,42 : 0.2441"
"42,28 : 0.2441"
"28,43 : 0.514"
"43,28 : 0.514"
"28,44 : 0.4934"
"44,28 : 0.4934"
"28,45 : 0.114"
"45,28 : 0.114"
"28,46 : 0.7734"
"46,28 : 0.7734"
"28,47 : 0.7071"
"47,28 : 0.7071"
"28,48 : 0.186"
"48,28 : 0.186"
"28,49 : 0.6966"
"49,28 : 0.6966"
"29,30 : 0.8006"
"30,29 : 0.8006"
"29,31 : 0.821"
"31,29 : 0.821"
"29,32 : 0.6958"
"32,29 : 0.6958"
"29,33 : 0.2778"
"33,29 : 0.2778"
"29,34 : 0.7716"
"34,29 : 0.7716"
"29,35 : 0.3744"
"35,29 : 0.3744"
"29,36 : 0.7467"
"36,29 : 0.7467"
"29,37 : 0.9024"
"37,29 : 0.9024"
"29,38 : 0.7433"
"38,29 : 0.7433"
"29,39 : 0.7543"
"39,29 : 0.7543"
"29,40 : 0.614"
"40,29 : 0.614"
"29,41 : 0.688"
"41,29 : 0.688"
"29,42 : 0.0539"
"42,29 : 0.0539"
"29,43 : 0.4588"
"43,29 : 0.4588"
"29,44 : 0.3483"
"44,29 : 0.3483"
"29,45 : 0.2802"
"45,29 : 0.2802"
"29,46 : 0.7071"
"46,29 : 0.7071"
"29,47 : 0.7455"
"47,29 : 0.7455"
"29,48 : 0.1005"
"48,29 : 0.1005"
"29,49 : 0.6868"
"49,29 : 0.6868"
"30,31 : 0.8746"
"31,30 : 0.8746"
"30,32 : 1.0781"
"32,30 : 1.0781"
"30,33 : 0.7479"
"33,30 : 0.7479"
"30,34 : 0.3847"
"34,30 : 0.3847"
"30,35 : 0.4866"
"35,30 : 0.4866"
"30,36 : 0.9848"
"36,30 : 0.9848"
"30,37 : 0.3421"
"37,30 : 0.3421"
"30,38 : 0.8408"
"38,30 : 0.8408"
"30,39 : 0.7879"
"39,30 : 0.7879"
"30,40 : 0.9502"
"40,30 : 0.9502"
"30,41 : 0.5423"
"41,30 : 0.5423"
"30,42 : 0.8139"
"42,30 : 0.8139"
"30,43 : 0.4623"
"43,30 : 0.4623"
"30,44 : 0.6268"
"44,30 : 0.6268"
"30,45 : 0.7943"
"45,30 : 0.7943"
"30,46 : 0.4998"
"46,30 : 0.4998"
"30,47 : 0.2256"
"47,30 : 0.2256"
"30,48 : 0.7806"
"48,30 : 0.7806"
"30,49 : 0.3454"
"49,30 : 0.3454"
"31,32 : 0.3701"
"32,31 : 0.3701"
"31,33 : 0.5441"
"33,31 : 0.5441"
"31,34 : 0.5077"
"34,31 : 0.5077"
"31,35 : 0.9026"
"35,31 : 0.9026"
"31,36 : 0.201"
"36,31 : 0.201"
"31,37 : 0.6378"
"37,31 : 0.6378"
"31,38 : 0.0781"
"38,31 : 0.0781"
"31,39 : 0.0906"
"39,31 : 0.0906"
"31,40 : 0.3036"
"40,31 : 0.3036"
"31,41 : 0.3324"
"41,31 : 0.3324"
"31,42 : 0.8737"
"42,31 : 0.8737"
"31,43 : 0.5209"
"43,31 : 0.5209"
"31,44 : 0.4977"
"44,31 : 0.4977"
"31,45 : 1.0602"
"45,31 : 1.0602"
"31,46 : 0.3758"
"46,31 : 0.3758"
"31,47 : 0.6531"
"47,31 : 0.6531"
"31,48 : 0.9005"
"48,31 : 0.9005"
"31,49 : 0.5292"
"49,31 : 0.5292"
"32,33 : 0.4528"
"33,32 : 0.4528"
"32,34 : 0.7767"
"34,32 : 0.7767"
"32,35 : 0.9265"
"35,32 : 0.9265"
"32,36 : 0.1703"
"36,32 : 0.1703"
"32,37 : 0.9296"
"37,32 : 0.9296"
"32,38 : 0.3276"
"38,32 : 0.3276"
"32,39 : 0.3929"
"39,32 : 0.3929"
"32,40 : 0.1281"
"40,32 : 0.1281"
"32,41 : 0.5852"
"41,32 : 0.5852"
"32,42 : 0.7481"
"42,32 : 0.7481"
"32,43 : 0.6297"
"43,32 : 0.6297"
"32,44 : 0.5033"
"44,32 : 0.5033"
"32,45 : 0.9733"
"45,32 : 0.9733"
"32,46 : 0.6351"
"46,32 : 0.6351"
"32,47 : 0.8846"
"47,32 : 0.8846"
"32,48 : 0.794"
"48,32 : 0.794"
"32,49 : 0.7582"
"49,32 : 0.7582"
"33,34 : 0.5901"
"34,33 : 0.5901"
"33,35 : 0.481"
"35,33 : 0.481"
"33,36 : 0.4754"
"36,33 : 0.4754"
"33,37 : 0.7411"
"37,33 : 0.7411"
"33,38 : 0.4662"
"38,33 : 0.4662"
"33,39 : 0.481"
"39,33 : 0.481"
"33,40 : 0.3513"
"40,33 : 0.3513"
"33,41 : 0.4588"
"41,33 : 0.4588"
"33,42 : 0.3312"
"42,33 : 0.3312"
"33,43 : 0.3008"
"43,33 : 0.3008"
"33,44 : 0.1315"
"44,33 : 0.1315"
"33,45 : 0.536"
"45,33 : 0.536"
"33,46 : 0.4903"
"46,33 : 0.4903"
"33,47 : 0.6185"
"47,33 : 0.6185"
"33,48 : 0.364"
"48,33 : 0.364"
"33,49 : 0.5224"
"49,33 : 0.5224"
"34,35 : 0.6229"
"35,34 : 0.6229"
"34,36 : 0.6507"
"36,34 : 0.6507"
"34,37 : 0.1581"
"37,34 : 0.1581"
"34,38 : 0.4892"
"38,34 : 0.4892"
"34,39 : 0.428"
"39,34 : 0.428"
"34,40 : 0.6551"
"40,34 : 0.6551"
"34,41 : 0.1921"
"41,34 : 0.1921"
"34,42 : 0.8078"
"42,34 : 0.8078"
"34,43 : 0.3132"
"43,34 : 0.3132"
"34,44 : 0.461"
"44,34 : 0.461"
"34,45 : 0.894"
"45,34 : 0.894"
"34,46 : 0.1421"
"46,34 : 0.1421"
"34,47 : 0.1603"
"47,34 : 0.1603"
"34,48 : 0.8006"
"48,34 : 0.8006"
"34,49 : 0.0922"
"49,34 : 0.0922"
"35,36 : 0.9114"
"36,35 : 0.9114"
"35,37 : 0.7021"
"37,35 : 0.7021"
"35,38 : 0.836"
"38,35 : 0.836"
"35,39 : 0.8158"
"39,35 : 0.8158"
"35,40 : 0.8122"
"40,35 : 0.8122"
"35,41 : 0.6398"
"41,35 : 0.6398"
"35,42 : 0.3667"
"42,35 : 0.3667"
"35,43 : 0.389"
"43,35 : 0.389"
"35,44 : 0.4319"
"44,35 : 0.4319"
"35,45 : 0.3081"
"45,35 : 0.3081"
"35,46 : 0.6313"
"46,35 : 0.6313"
"35,47 : 0.5243"
"47,35 : 0.5243"
"35,48 : 0.3195"
"48,35 : 0.3195"
"35,49 : 0.5315"
"49,35 : 0.5315"
"36,37 : 0.7965"
"37,36 : 0.7965"
"36,38 : 0.17"
"38,36 : 0.17"
"36,39 : 0.2371"
"39,36 : 0.2371"
"36,40 : 0.1421"
"40,36 : 0.1421"
"36,41 : 0.4597"
"41,36 : 0.4597"
"36,42 : 0.8006"
"42,36 : 0.8006"
"36,43 : 0.5661"
"43,36 : 0.5661"
"36,44 : 0.4801"
"44,36 : 0.4801"
"36,45 : 1.0114"
"45,36 : 1.0114"
"36,46 : 0.5091"
"46,36 : 0.5091"
"36,47 : 0.7762"
"47,36 : 0.7762"
"36,48 : 0.8382"
"48,36 : 0.8382"
"36,49 : 0.6482"
"49,36 : 0.6482"
"37,38 : 0.6303"
"38,37 : 0.6303"
"37,39 : 0.5659"
"39,37 : 0.5659"
"37,40 : 0.8101"
"40,37 : 0.8101"
"37,41 : 0.3448"
"41,37 : 0.3448"
"37,42 : 0.9341"
"42,37 : 0.9341"
"37,43 : 0.4518"
"43,37 : 0.4518"
"37,44 : 0.6103"
"44,37 : 0.6103"
"37,45 : 0.9936"
"45,37 : 0.9936"
"37,46 : 0.2953"
"46,37 : 0.2953"
"37,47 : 0.178"
"47,37 : 0.178"
"37,48 : 0.9203"
"48,37 : 0.9203"
"37,49 : 0.2202"
"49,37 : 0.2202"
"38,39 : 0.0671"
"39,38 : 0.0671"
"38,40 : 0.2419"
"40,38 : 0.2419"
"38,41 : 0.3023"
"41,38 : 0.3023"
"38,42 : 0.7961"
"42,38 : 0.7961"
"38,43 : 0.4604"
"43,38 : 0.4604"
"38,44 : 0.4238"
"44,38 : 0.4238"
"38,45 : 0.9849"
"45,38 : 0.9849"
"38,46 : 0.35"
"46,38 : 0.35"
"38,47 : 0.6243"
"47,38 : 0.6243"
"38,48 : 0.8237"
"48,38 : 0.8237"
"38,49 : 0.4974"
"49,38 : 0.4974"
"39,40 : 0.3"
"40,39 : 0.3"
"39,41 : 0.246"
"41,39 : 0.246"
"39,42 : 0.806"
"42,39 : 0.806"
"39,43 : 0.4319"
"43,39 : 0.4319"
"39,44 : 0.4206"
"44,39 : 0.4206"
"39,45 : 0.9841"
"45,39 : 0.9841"
"39,46 : 0.2915"
"46,39 : 0.2915"
"39,47 : 0.5682"
"47,39 : 0.5682"
"39,48 : 0.8293"
"48,39 : 0.8293"
"39,49 : 0.4428"
"49,39 : 0.4428"
"40,41 : 0.4653"
"41,40 : 0.4653"
"40,42 : 0.6676"
"42,40 : 0.6676"
"40,43 : 0.5025"
"43,40 : 0.5025"
"40,44 : 0.3833"
"44,40 : 0.3833"
"40,45 : 0.8846"
"45,40 : 0.8846"
"40,46 : 0.5148"
"46,40 : 0.5148"
"40,47 : 0.7582"
"47,40 : 0.7582"
"40,48 : 0.7083"
"48,40 : 0.7083"
"40,49 : 0.6325"
"49,40 : 0.6325"
"41,42 : 0.7324"
"42,41 : 0.7324"
"41,43 : 0.2581"
"43,41 : 0.2581"
"41,44 : 0.3444"
"44,41 : 0.3444"
"41,45 : 0.8645"
"45,41 : 0.8645"
"41,46 : 0.05"
"46,41 : 0.05"
"41,47 : 0.3225"
"47,41 : 0.3225"
"41,48 : 0.7388"
"48,41 : 0.7388"
"41,49 : 0.197"
"49,41 : 0.197"
"42,43 : 0.4966"
"43,42 : 0.4966"
"42,44 : 0.3962"
"44,42 : 0.3962"
"42,45 : 0.2319"
"45,42 : 0.2319"
"42,46 : 0.7495"
"46,42 : 0.7495"
"42,47 : 0.7728"
"47,42 : 0.7728"
