x,y
0.4,0.62
0.79,0.34
0.69,0.56
0.45,0.74
0.88,0.81
0.83,0.36
0.81,0.99
0.81,0.62
0.57,0.04
0.33,0.96
0.95,0.03
0.57,0.7
0.23,0.9
0.52,0.62
0.33,0.34
0.07,0.75
0.62,0.63
0.99,0.26
0.79,0.53
0.85,0.22
0.46,0.88
0.82,0.61
0.98,0.75
0.48,0.57
0.04,0.53
0.25,0.94
0.44,0.06
0.95,0.05
0.86,0.92
0.44,0.06
0.62,0.62
0.67,0.14
0.62,0.5
0.86,0.32
0.56,0.32
0.06,0.73
0.07,0.56
0.4,0.1
0.11,0.03
0.11,0.25
0.44,0.63
0.01,0.23
0.04,0.21
0.83,0.54
0.23,0.78
0.56,0.11
0.89,0.99
0.84,0.86
0.99,0.91
0.82,0.7

Distanze
"0,1 : 0.4801"
"1,0 : 0.4801"
"0,2 : 0.2961"
"2,0 : 0.2961"
"0,3 : 0.13"
"3,0 : 0.13"
"0,4 : 0.5162"
"4,0 : 0.5162"
"0,5 : 0.5025"
"5,0 : 0.5025"
"0,6 : 0.5523"
"6,0 : 0.5523"
"0,7 : 0.41"
"7,0 : 0.41"
"0,8 : 0.6044"
"8,0 : 0.6044"
"0,9 : 0.3471"
"9,0 : 0.3471"
"0,10 : 0.8066"
"10,0 : 0.8066"
"0,11 : 0.1879"
"11,0 : 0.1879"
"0,12 : 0.3276"
"12,0 : 0.3276"
"0,13 : 0.12"
"13,0 : 0.12"
"0,14 : 0.2886"
"14,0 : 0.2886"
"0,15 : 0.3547"
"15,0 : 0.3547"
"0,16 : 0.2202"
"16,0 : 0.2202"
"0,17 : 0.6912"
"17,0 : 0.6912"
"0,18 : 0.4002"
"18,0 : 0.4002"
"0,19 : 0.6021"
"19,0 : 0.6021"
"0,20 : 0.2668"
"20,0 : 0.2668"
"0,21 : 0.4201"
"21,0 : 0.4201"
"0,22 : 0.5944"
"22,0 : 0.5944"
"0,23 : 0.0943"
"23,0 : 0.0943"
"0,24 : 0.3711"
"24,0 : 0.3711"
"0,25 : 0.3534"
"25,0 : 0.3534"
"0,26 : 0.5614"
"26,0 : 0.5614"
"0,27 : 0.7921"
"27,0 : 0.7921"
"0,28 : 0.5492"
"28,0 : 0.5492"
"0,29 : 0.5614"
"29,0 : 0.5614"
"0,30 : 0.22"
"30,0 : 0.22"
"0,31 : 0.5507"
"31,0 : 0.5507"
"0,32 : 0.2506"
"32,0 : 0.2506"
"0,33 : 0.5492"
"33,0 : 0.5492"
"0,34 : 0.34"
"34,0 : 0.34"
"0,35 : 0.3574"
"35,0 : 0.3574"
"0,36 : 0.3354"
"36,0 : 0.3354"
"0,37 : 0.52"
"37,0 : 0.52"
"0,38 : 0.6574"
"38,0 : 0.6574"
"0,39 : 0.4701"
"39,0 : 0.4701"
"0,40 : 0.0412"
"40,0 : 0.0412"
"0,41 : 0.5515"
"41,0 : 0.5515"
"0,42 : 0.5456"
"42,0 : 0.5456"
"0,43 : 0.4374"
"43,0 : 0.4374"
"0,44 : 0.2335"
"44,0 : 0.2335"
"0,45 : 0.5345"
"45,0 : 0.5345"
"0,46 : 0.614"
"46,0 : 0.614"
"0,47 : 0.5012"
"47,0 : 0.5012"
"0,48 : 0.6574"
"48,0 : 0.6574"
"0,49 : 0.4276"
"49,0 : 0.4276"
"1,2 : 0.2417"
"2,1 : 0.2417"
"1,3 : 0.525"
"3,1 : 0.525"
"1,4 : 0.4785"
"4,1 : 0.4785"
"1,5 : 0.0447"
"5,1 : 0.0447"
"1,6 : 0.6503"
"6,1 : 0.6503"
"1,7 : 0.2807"
"7,1 : 0.2807"
"1,8 : 0.372"
"8,1 : 0.372"
"1,9 : 0.772"
"9,1 : 0.772"
"1,10 : 0.3489"
"10,1 : 0.3489"
"1,11 : 0.4219"
"11,1 : 0.4219"
"1,12 : 0.792"
"12,1 : 0.792"
"1,13 : 0.389"
"13,1 : 0.389"
"1,14 : 0.46"
"14,1 : 0.46"
"1,15 : 0.8286"
"15,1 : 0.8286"
"1,16 : 0.3362"
"16,1 : 0.3362"
"1,17 : 0.2154"
"17,1 : 0.2154"
"1,18 : 0.19"
"18,1 : 0.19"
"1,19 : 0.1342"
"19,1 : 0.1342"
"1,20 : 0.6329"
"20,1 : 0.6329"
"1,21 : 0.2717"
"21,1 : 0.2717"
"1,22 : 0.4519"
"22,1 : 0.4519"
"1,23 : 0.386"
"23,1 : 0.386"
"1,24 : 0.7737"
"24,1 : 0.7737"
"1,25 : 0.8072"
"25,1 : 0.8072"
"1,26 : 0.4482"
"26,1 : 0.4482"
"1,27 : 0.3312"
"27,1 : 0.3312"
"1,28 : 0.5842"
"28,1 : 0.5842"
"1,29 : 0.4482"
"29,1 : 0.4482"
"1,30 : 0.3276"
"30,1 : 0.3276"
"1,31 : 0.2332"
"31,1 : 0.2332"
"1,32 : 0.2335"
"32,1 : 0.2335"
"1,33 : 0.0728"
"33,1 : 0.0728"
"1,34 : 0.2309"
"34,1 : 0.2309"
"1,35 : 0.8276"
"35,1 : 0.8276"
"1,36 : 0.7529"
"36,1 : 0.7529"
"1,37 : 0.4579"
"37,1 : 0.4579"
"1,38 : 0.7473"
"38,1 : 0.7473"
"1,39 : 0.6859"
"39,1 : 0.6859"
"1,40 : 0.4545"
"40,1 : 0.4545"
"1,41 : 0.7877"
"41,1 : 0.7877"
"1,42 : 0.7612"
"42,1 : 0.7612"
"1,43 : 0.204"
"43,1 : 0.204"
"1,44 : 0.7122"
"44,1 : 0.7122"
"1,45 : 0.3253"
"45,1 : 0.3253"
"1,46 : 0.6576"
"46,1 : 0.6576"
"1,47 : 0.5224"
"47,1 : 0.5224"
"1,48 : 0.6041"
"48,1 : 0.6041"
"1,49 : 0.3612"
"49,1 : 0.3612"
"2,3 : 0.3"
"3,2 : 0.3"
"2,4 : 0.314"
"4,2 : 0.314"
"2,5 : 0.2441"
"5,2 : 0.2441"
"2,6 : 0.4464"
"6,2 : 0.4464"
"2,7 : 0.1342"
"7,2 : 0.1342"
"2,8 : 0.5337"
"8,2 : 0.5337"
"2,9 : 0.5381"
"9,2 : 0.5381"
"2,10 : 0.5903"
"10,2 : 0.5903"
"2,11 : 0.1844"
"11,2 : 0.1844"
"2,12 : 0.572"
"12,2 : 0.572"
"2,13 : 0.1803"
"13,2 : 0.1803"
"2,14 : 0.4219"
"14,2 : 0.4219"
"2,15 : 0.6485"
"15,2 : 0.6485"
"2,16 : 0.099"
"16,2 : 0.099"
"2,17 : 0.4243"
"17,2 : 0.4243"
"2,18 : 0.1044"
"18,2 : 0.1044"
"2,19 : 0.3758"
"19,2 : 0.3758"
"2,20 : 0.3941"
"20,2 : 0.3941"
"2,21 : 0.1393"
"21,2 : 0.1393"
"2,22 : 0.3467"
"22,2 : 0.3467"
"2,23 : 0.2102"
"23,2 : 0.2102"
"2,24 : 0.6507"
"24,2 : 0.6507"
"2,25 : 0.5814"
"25,2 : 0.5814"
"2,26 : 0.559"
"26,2 : 0.559"
"2,27 : 0.5725"
"27,2 : 0.5725"
"2,28 : 0.3981"
"28,2 : 0.3981"
"2,29 : 0.559"
"29,2 : 0.559"
"2,30 : 0.0922"
"30,2 : 0.0922"
"2,31 : 0.4205"
"31,2 : 0.4205"
"2,32 : 0.0922"
"32,2 : 0.0922"
"2,33 : 0.2941"
"33,2 : 0.2941"
"2,34 : 0.2729"
"34,2 : 0.2729"
"2,35 : 0.6525"
"35,2 : 0.6525"
"2,36 : 0.62"
"36,2 : 0.62"
"2,37 : 0.5438"
"37,2 : 0.5438"
"2,38 : 0.7857"
"38,2 : 0.7857"
"2,39 : 0.6576"
"39,2 : 0.6576"
"2,40 : 0.2596"
"40,2 : 0.2596"
"2,41 : 0.7558"
"41,2 : 0.7558"
"2,42 : 0.7382"
"42,2 : 0.7382"
"2,43 : 0.1414"
"43,2 : 0.1414"
"2,44 : 0.5099"
"44,2 : 0.5099"
"2,45 : 0.4684"
"45,2 : 0.4684"
"2,46 : 0.4742"
"46,2 : 0.4742"
"2,47 : 0.3354"
"47,2 : 0.3354"
"2,48 : 0.461"
"48,2 : 0.461"
"2,49 : 0.191"
"49,2 : 0.191"
"3,4 : 0.4357"
"4,3 : 0.4357"
"3,5 : 0.5374"
"5,3 : 0.5374"
"3,6 : 0.4383"
"6,3 : 0.4383"
"3,7 : 0.3795"
"7,3 : 0.3795"
"3,8 : 0.7102"
"8,3 : 0.7102"
"3,9 : 0.2506"
"9,3 : 0.2506"
"3,10 : 0.8684"
"10,3 : 0.8684"
"3,11 : 0.1265"
"11,3 : 0.1265"
"3,12 : 0.272"
"12,3 : 0.272"
"3,13 : 0.1389"
"13,3 : 0.1389"
"3,14 : 0.4176"
"14,3 : 0.4176"
"3,15 : 0.3801"
"15,3 : 0.3801"
"3,16 : 0.2025"
"16,3 : 0.2025"
"3,17 : 0.7225"
"17,3 : 0.7225"
"3,18 : 0.3996"
"18,3 : 0.3996"
"3,19 : 0.656"
"19,3 : 0.656"
"3,20 : 0.1404"
"20,3 : 0.1404"
"3,21 : 0.3922"
"21,3 : 0.3922"
"3,22 : 0.5301"
"22,3 : 0.5301"
"3,23 : 0.1726"
"23,3 : 0.1726"
"3,24 : 0.4607"
"24,3 : 0.4607"
"3,25 : 0.2828"
"25,3 : 0.2828"
"3,26 : 0.6801"
"26,3 : 0.6801"
"3,27 : 0.8521"
"27,3 : 0.8521"
"3,28 : 0.4478"
"28,3 : 0.4478"
"3,29 : 0.6801"
"29,3 : 0.6801"
"3,30 : 0.2081"
"30,3 : 0.2081"
"3,31 : 0.6391"
"31,3 : 0.6391"
"3,32 : 0.2941"
"32,3 : 0.2941"
"3,33 : 0.5869"
"33,3 : 0.5869"
"3,34 : 0.4342"
"34,3 : 0.4342"
"3,35 : 0.3901"
"35,3 : 0.3901"
"3,36 : 0.4205"
"36,3 : 0.4205"
"3,37 : 0.642"
"37,3 : 0.642"
"3,38 : 0.7872"
"38,3 : 0.7872"
"3,39 : 0.5964"
"39,3 : 0.5964"
"3,40 : 0.1105"
"40,3 : 0.1105"
"3,41 : 0.6736"
"41,3 : 0.6736"
"3,42 : 0.6701"
"42,3 : 0.6701"
"3,43 : 0.4294"
"43,3 : 0.4294"
"3,44 : 0.2236"
"44,3 : 0.2236"
"3,45 : 0.6395"
"45,3 : 0.6395"
"3,46 : 0.5061"
"46,3 : 0.5061"
"3,47 : 0.408"
"47,3 : 0.408"
"3,48 : 0.5661"
"48,3 : 0.5661"
"3,49 : 0.3722"
"49,3 : 0.3722"
"4,5 : 0.4528"
"5,4 : 0.4528"
"4,6 : 0.1931"
"6,4 : 0.1931"
"4,7 : 0.2025"
"7,4 : 0.2025"
"4,8 : 0.8301"
"8,4 : 0.8301"
"4,9 : 0.5701"
"9,4 : 0.5701"
"4,10 : 0.7831"
"10,4 : 0.7831"
"4,11 : 0.3289"
"11,4 : 0.3289"
"4,12 : 0.6562"
"12,4 : 0.6562"
"4,13 : 0.4071"
"13,4 : 0.4071"
"4,14 : 0.7235"
"14,4 : 0.7235"
"4,15 : 0.8122"
"15,4 : 0.8122"
"4,16 : 0.3162"
"16,4 : 0.3162"
"4,17 : 0.5609"
"17,4 : 0.5609"
"4,18 : 0.2941"
"18,4 : 0.2941"
"4,19 : 0.5908"
"19,4 : 0.5908"
"4,20 : 0.4258"
"20,4 : 0.4258"
"4,21 : 0.2088"
"21,4 : 0.2088"
"4,22 : 0.1166"
"22,4 : 0.1166"
"4,23 : 0.4665"
"23,4 : 0.4665"
"4,24 : 0.8854"
"24,4 : 0.8854"
"4,25 : 0.6433"
"25,4 : 0.6433"
"4,26 : 0.8695"
"26,4 : 0.8695"
"4,27 : 0.7632"
"27,4 : 0.7632"
"4,28 : 0.1118"
"28,4 : 0.1118"
"4,29 : 0.8695"
"29,4 : 0.8695"
"4,30 : 0.322"
"30,4 : 0.322"
"4,31 : 0.7021"
"31,4 : 0.7021"
"4,32 : 0.4046"
"32,4 : 0.4046"
"4,33 : 0.4904"
"33,4 : 0.4904"
"4,34 : 0.5852"
"34,4 : 0.5852"
"4,35 : 0.8239"
"35,4 : 0.8239"
"4,36 : 0.8477"
"36,4 : 0.8477"
"4,37 : 0.857"
"37,4 : 0.857"
"4,38 : 1.096"
"38,4 : 1.096"
"4,39 : 0.9521"
"39,4 : 0.9521"
"4,40 : 0.4754"
"40,4 : 0.4754"
"4,41 : 1.0456"
"41,4 : 1.0456"
"4,42 : 1.0323"
"42,4 : 1.0323"
"4,43 : 0.2746"
"43,4 : 0.2746"
"4,44 : 0.6507"
"44,4 : 0.6507"
"4,45 : 0.7697"
"45,4 : 0.7697"
"4,46 : 0.1803"
"46,4 : 0.1803"
"4,47 : 0.064"
"47,4 : 0.064"
"4,48 : 0.1487"
"48,4 : 0.1487"
"4,49 : 0.1253"
"49,4 : 0.1253"
"5,6 : 0.6303"
"6,5 : 0.6303"
"5,7 : 0.2608"
"7,5 : 0.2608"
"5,8 : 0.4123"
"8,5 : 0.4123"
"5,9 : 0.781"
"9,5 : 0.781"
"5,10 : 0.3511"
"10,5 : 0.3511"
"5,11 : 0.428"
"11,5 : 0.428"
"5,12 : 0.8072"
"12,5 : 0.8072"
"5,13 : 0.4046"
"13,5 : 0.4046"
"5,14 : 0.5004"
"14,5 : 0.5004"
"5,15 : 0.8542"
"15,5 : 0.8542"
"5,16 : 0.3421"
"16,5 : 0.3421"
"5,17 : 0.1887"
"17,5 : 0.1887"
"5,18 : 0.1746"
"18,5 : 0.1746"
"5,19 : 0.1414"
"19,5 : 0.1414"
"5,20 : 0.6382"
"20,5 : 0.6382"
"5,21 : 0.2502"
"21,5 : 0.2502"
"5,22 : 0.4179"
"22,5 : 0.4179"
"5,23 : 0.4082"
"23,5 : 0.4082"
"5,24 : 0.8081"
"24,5 : 0.8081"
"5,25 : 0.8202"
"25,5 : 0.8202"
"5,26 : 0.492"
"26,5 : 0.492"
"5,27 : 0.3324"
"27,5 : 0.3324"
"5,28 : 0.5608"
"28,5 : 0.5608"
"5,29 : 0.492"
"29,5 : 0.492"
"5,30 : 0.3342"
"30,5 : 0.3342"
"5,31 : 0.272"
"31,5 : 0.272"
"5,32 : 0.2524"
"32,5 : 0.2524"
"5,33 : 0.05"
"33,5 : 0.05"
"5,34 : 0.2729"
"34,5 : 0.2729"
"5,35 : 0.8543"
"35,5 : 0.8543"
"5,36 : 0.7859"
"36,5 : 0.7859"
"5,37 : 0.5025"
"37,5 : 0.5025"
"5,38 : 0.792"
"38,5 : 0.792"
"5,39 : 0.7284"
"39,5 : 0.7284"
"5,40 : 0.4743"
"40,5 : 0.4743"
"5,41 : 0.8302"
"41,5 : 0.8302"
"5,42 : 0.8041"
"42,5 : 0.8041"
"5,43 : 0.18"
"43,5 : 0.18"
"5,44 : 0.7324"
"44,5 : 0.7324"
"5,45 : 0.368"
"45,5 : 0.368"
"5,46 : 0.6329"
"46,5 : 0.6329"
"5,47 : 0.5001"
"47,5 : 0.5001"
"5,48 : 0.5728"
"48,5 : 0.5728"
"5,49 : 0.3401"
"49,5 : 0.3401"
"6,7 : 0.37"
"7,6 : 0.37"
"6,8 : 0.9798"
"8,6 : 0.9798"
"6,9 : 0.4809"
"9,6 : 0.4809"
"6,10 : 0.9702"
"10,6 : 0.9702"
"6,11 : 0.3764"
"11,6 : 0.3764"
"6,12 : 0.5869"
"12,6 : 0.5869"
"6,13 : 0.4701"
"13,6 : 0.4701"
"6,14 : 0.808"
"14,6 : 0.808"
"6,15 : 0.7779"
"15,6 : 0.7779"
"6,16 : 0.4071"
"16,6 : 0.4071"
"6,17 : 0.7519"
"17,6 : 0.7519"
"6,18 : 0.4604"
"18,6 : 0.4604"
"6,19 : 0.771"
"19,6 : 0.771"
"6,20 : 0.3669"
"20,6 : 0.3669"
"6,21 : 0.3801"
"21,6 : 0.3801"
"6,22 : 0.2941"
"22,6 : 0.2941"
"6,23 : 0.5341"
"23,6 : 0.5341"
"6,24 : 0.8969"
"24,6 : 0.8969"
"6,25 : 0.5622"
"25,6 : 0.5622"
"6,26 : 1.0009"
"26,6 : 1.0009"
"6,27 : 0.9504"
"27,6 : 0.9504"
"6,28 : 0.086"
"28,6 : 0.086"
"6,29 : 1.0009"
"29,6 : 1.0009"
"6,30 : 0.4159"
"30,6 : 0.4159"
"6,31 : 0.8615"
"31,6 : 0.8615"
"6,32 : 0.5255"
"32,6 : 0.5255"
"6,33 : 0.6719"
"33,6 : 0.6719"
"6,34 : 0.7151"
"34,6 : 0.7151"
"6,35 : 0.7938"
"35,6 : 0.7938"
"6,36 : 0.8559"
"36,6 : 0.8559"
"6,37 : 0.9799"
"37,6 : 0.9799"
"6,38 : 1.1881"
"38,6 : 1.1881"
"6,39 : 1.0186"
"39,6 : 1.0186"
"6,40 : 0.5162"
"40,6 : 0.5162"
"6,41 : 1.1034"
"41,6 : 1.1034"
"6,42 : 1.096"
"42,6 : 1.096"
"6,43 : 0.4504"
"43,6 : 0.4504"
"6,44 : 0.6168"
"44,6 : 0.6168"
"6,45 : 0.9148"
"45,6 : 0.9148"
"6,46 : 0.08"
"46,6 : 0.08"
"6,47 : 0.1334"
"47,6 : 0.1334"
"6,48 : 0.197"
"48,6 : 0.197"
"6,49 : 0.2902"
"49,6 : 0.2902"
"7,8 : 0.6277"
"8,7 : 0.6277"
"7,9 : 0.5882"
"9,7 : 0.5882"
"7,10 : 0.6064"
"10,7 : 0.6064"
"7,11 : 0.253"
"11,7 : 0.253"
"7,12 : 0.644"
"12,7 : 0.644"
"7,13 : 0.29"
"13,7 : 0.29"
"7,14 : 0.5557"
"14,7 : 0.5557"
"7,15 : 0.7513"
"15,7 : 0.7513"
"7,16 : 0.1903"
"16,7 : 0.1903"
"7,17 : 0.4025"
"17,7 : 0.4025"
"7,18 : 0.0922"
"18,7 : 0.0922"
"7,19 : 0.402"
"19,7 : 0.402"
"7,20 : 0.436"
"20,7 : 0.436"
"7,21 : 0.0141"
"21,7 : 0.0141"
"7,22 : 0.214"
"22,7 : 0.214"
"7,23 : 0.3338"
"23,7 : 0.3338"
"7,24 : 0.7752"
"24,7 : 0.7752"
"7,25 : 0.645"
"25,7 : 0.645"
"7,26 : 0.6712"
"26,7 : 0.6712"
"7,27 : 0.5869"
"27,7 : 0.5869"
"7,28 : 0.3041"
"28,7 : 0.3041"
"7,29 : 0.6712"
"29,7 : 0.6712"
"7,30 : 0.19"
"30,7 : 0.19"
"7,31 : 0.5"
"31,7 : 0.5"
"7,32 : 0.2247"
"32,7 : 0.2247"
"7,33 : 0.3041"
"33,7 : 0.3041"
"7,34 : 0.3905"
"34,7 : 0.3905"
"7,35 : 0.758"
"35,7 : 0.758"
"7,36 : 0.7424"
"36,7 : 0.7424"
"7,37 : 0.6622"
"37,7 : 0.6622"
"7,38 : 0.9155"
"38,7 : 0.9155"
"7,39 : 0.7918"
"39,7 : 0.7918"
"7,40 : 0.3701"
"40,7 : 0.3701"
"7,41 : 0.89"
"41,7 : 0.89"
"7,42 : 0.8724"
"42,7 : 0.8724"
"7,43 : 0.0825"
"43,7 : 0.0825"
"7,44 : 0.6017"
"44,7 : 0.6017"
"7,45 : 0.568"
"45,7 : 0.568"
"7,46 : 0.3785"
"46,7 : 0.3785"
"7,47 : 0.2419"
"47,7 : 0.2419"
"7,48 : 0.3413"
"48,7 : 0.3413"
"7,49 : 0.0806"
"49,7 : 0.0806"
"8,9 : 0.9508"
"9,8 : 0.9508"
"8,10 : 0.3801"
"10,8 : 0.3801"
"8,11 : 0.66"
"11,8 : 0.66"
"8,12 : 0.9248"
"12,8 : 0.9248"
"8,13 : 0.5822"
"13,8 : 0.5822"
"8,14 : 0.3842"
"14,8 : 0.3842"
"8,15 : 0.8684"
"15,8 : 0.8684"
"8,16 : 0.5921"
"16,8 : 0.5921"
"8,17 : 0.4741"
"17,8 : 0.4741"
"8,18 : 0.5371"
"18,8 : 0.5371"
"8,19 : 0.3329"
"19,8 : 0.3329"
"8,20 : 0.8472"
"20,8 : 0.8472"
"8,21 : 0.6224"
"21,8 : 0.6224"
"8,22 : 0.8199"
"22,8 : 0.8199"
"8,23 : 0.5376"
"23,8 : 0.5376"
"8,24 : 0.7218"
"24,8 : 0.7218"
"8,25 : 0.9552"
"25,8 : 0.9552"
"8,26 : 0.1315"
"26,8 : 0.1315"
"8,27 : 0.3801"
"27,8 : 0.3801"
"8,28 : 0.9266"
"28,8 : 0.9266"
"8,29 : 0.1315"
"29,8 : 0.1315"
"8,30 : 0.5822"
"30,8 : 0.5822"
"8,31 : 0.1414"
"31,8 : 0.1414"
"8,32 : 0.4627"
"32,8 : 0.4627"
"8,33 : 0.4031"
"33,8 : 0.4031"
"8,34 : 0.2802"
"34,8 : 0.2802"
"8,35 : 0.858"
"35,8 : 0.858"
"8,36 : 0.7214"
"36,8 : 0.7214"
"8,37 : 0.1803"
"37,8 : 0.1803"
"8,38 : 0.4601"
"38,8 : 0.4601"
"8,39 : 0.5057"
"39,8 : 0.5057"
"8,40 : 0.6042"
"40,8 : 0.6042"
"8,41 : 0.5914"
"41,8 : 0.5914"
"8,42 : 0.5566"
"42,8 : 0.5566"
"8,43 : 0.5636"
"43,8 : 0.5636"
"8,44 : 0.8144"
"44,8 : 0.8144"
"8,45 : 0.0707"
"45,8 : 0.0707"
"8,46 : 1.0024"
"46,8 : 1.0024"
"8,47 : 0.8633"
"47,8 : 0.8633"
"8,48 : 0.9661"
"48,8 : 0.9661"
"8,49 : 0.7058"
"49,8 : 0.7058"
"9,10 : 1.1177"
"10,9 : 1.1177"
"9,11 : 0.3538"
"11,9 : 0.3538"
"9,12 : 0.1166"
"12,9 : 0.1166"
"9,13 : 0.3895"
"13,9 : 0.3895"
"9,14 : 0.62"
"14,9 : 0.62"
"9,15 : 0.3342"
"15,9 : 0.3342"
"9,16 : 0.4393"
"16,9 : 0.4393"
"9,17 : 0.9621"
"17,9 : 0.9621"
"9,18 : 0.6297"
"18,9 : 0.6297"
"9,19 : 0.9044"
"19,9 : 0.9044"
"9,20 : 0.1526"
"20,9 : 0.1526"
"9,21 : 0.6022"
"21,9 : 0.6022"
"9,22 : 0.6831"
"22,9 : 0.6831"
"9,23 : 0.4179"
"23,9 : 0.4179"
"9,24 : 0.5187"
"24,9 : 0.5187"
"9,25 : 0.0825"
"25,9 : 0.0825"
"9,26 : 0.9067"
"26,9 : 0.9067"
"9,27 : 1.1011"
"27,9 : 1.1011"
"9,28 : 0.5315"
"28,9 : 0.5315"
"9,29 : 0.9067"
"29,9 : 0.9067"
"9,30 : 0.4469"
"30,9 : 0.4469"
"9,31 : 0.8877"
"31,9 : 0.8877"
"9,32 : 0.5438"
"32,9 : 0.5438"
"9,33 : 0.831"
"33,9 : 0.831"
"9,34 : 0.6801"
"34,9 : 0.6801"
"9,35 : 0.3547"
"35,9 : 0.3547"
"9,36 : 0.4771"
"36,9 : 0.4771"
"9,37 : 0.8628"
"37,9 : 0.8628"
"9,38 : 0.9557"
"38,9 : 0.9557"
"9,39 : 0.7433"
"39,9 : 0.7433"
"9,40 : 0.3479"
"40,9 : 0.3479"
"9,41 : 0.7971"
"41,9 : 0.7971"
"9,42 : 0.8041"
"42,9 : 0.8041"
"9,43 : 0.653"
"43,9 : 0.653"
"9,44 : 0.2059"
"44,9 : 0.2059"
"9,45 : 0.8806"
"45,9 : 0.8806"
"9,46 : 0.5608"
"46,9 : 0.5608"
"9,47 : 0.5197"
"47,9 : 0.5197"
"9,48 : 0.6619"
"48,9 : 0.6619"
"9,49 : 0.5547"
"49,9 : 0.5547"
"10,11 : 0.7703"
"11,10 : 0.7703"
"10,12 : 1.1293"
"12,10 : 1.1293"
"10,13 : 0.7301"
"13,10 : 0.7301"
"10,14 : 0.6932"
"14,10 : 0.6932"
"10,15 : 1.137"
"15,10 : 1.137"
"10,16 : 0.6848"
"16,10 : 0.6848"
"10,17 : 0.2335"
"17,10 : 0.2335"
"10,18 : 0.525"
"18,10 : 0.525"
"10,19 : 0.2147"
"19,10 : 0.2147"
"10,20 : 0.9811"
"20,10 : 0.9811"
"10,21 : 0.5944"
"21,10 : 0.5944"
"10,22 : 0.7206"
"22,10 : 0.7206"
"10,23 : 0.7159"
"23,10 : 0.7159"
"10,24 : 1.0383"
"24,10 : 1.0383"
"10,25 : 1.1481"
"25,10 : 1.1481"
"10,26 : 0.5109"
"26,10 : 0.5109"
"10,27 : 0.02"
"27,10 : 0.02"
"10,28 : 0.8945"
"28,10 : 0.8945"
"10,29 : 0.5109"
"29,10 : 0.5109"
"10,30 : 0.676"
"30,10 : 0.676"
"10,31 : 0.3008"
"31,10 : 0.3008"
"10,32 : 0.5743"
"32,10 : 0.5743"
"10,33 : 0.3036"
"33,10 : 0.3036"
"10,34 : 0.486"
"34,10 : 0.486"
"10,35 : 1.1323"
"35,10 : 1.1323"
"10,36 : 1.0273"
"36,10 : 1.0273"
"10,37 : 0.5544"
"37,10 : 0.5544"
"10,38 : 0.84"
"38,10 : 0.84"
"10,39 : 0.8683"
"39,10 : 0.8683"
"10,40 : 0.7875"
"40,10 : 0.7875"
"10,41 : 0.961"
"41,10 : 0.961"
"10,42 : 0.9276"
"42,10 : 0.9276"
"10,43 : 0.5239"
"43,10 : 0.5239"
"10,44 : 1.0397"
"44,10 : 1.0397"
"10,45 : 0.3981"
"45,10 : 0.3981"
"10,46 : 0.9619"
"46,10 : 0.9619"
"10,47 : 0.8373"
"47,10 : 0.8373"
"10,48 : 0.8809"
"48,10 : 0.8809"
"10,49 : 0.6825"
"49,10 : 0.6825"
"11,12 : 0.3945"
"12,11 : 0.3945"
"11,13 : 0.0943"
"13,11 : 0.0943"
"11,14 : 0.4327"
"14,11 : 0.4327"
"11,15 : 0.5025"
"15,11 : 0.5025"
"11,16 : 0.086"
"16,11 : 0.086"
"11,17 : 0.6083"
"17,11 : 0.6083"
"11,18 : 0.278"
"18,11 : 0.278"
"11,19 : 0.5557"
"19,11 : 0.5557"
"11,20 : 0.211"
"20,11 : 0.211"
"11,21 : 0.2657"
"21,11 : 0.2657"
"11,22 : 0.413"
"22,11 : 0.413"
"11,23 : 0.1581"
"23,11 : 0.1581"
"11,24 : 0.5566"
"24,11 : 0.5566"
"11,25 : 0.4"
"25,11 : 0.4"
"11,26 : 0.6531"
"26,11 : 0.6531"
"11,27 : 0.7529"
"27,11 : 0.7529"
"11,28 : 0.364"
"28,11 : 0.364"
"11,29 : 0.6531"
"29,11 : 0.6531"
"11,30 : 0.0943"
"30,11 : 0.0943"
"11,31 : 0.5689"
"31,11 : 0.5689"
"11,32 : 0.2062"
"32,11 : 0.2062"
"11,33 : 0.478"
"33,11 : 0.478"
"11,34 : 0.3801"
"34,11 : 0.3801"
"11,35 : 0.5109"
"35,11 : 0.5109"
"11,36 : 0.5192"
"36,11 : 0.5192"
"11,37 : 0.6236"
"37,11 : 0.6236"
"11,38 : 0.8127"
"38,11 : 0.8127"
"11,39 : 0.6435"
"39,11 : 0.6435"
"11,40 : 0.1476"
"40,11 : 0.1476"
"11,41 : 0.7311"
"41,11 : 0.7311"
"11,42 : 0.7218"
"42,11 : 0.7218"
"11,43 : 0.3053"
"43,11 : 0.3053"
"11,44 : 0.3493"
"44,11 : 0.3493"
"11,45 : 0.5901"
"45,11 : 0.5901"
"11,46 : 0.4319"
"46,11 : 0.4319"
"11,47 : 0.3138"
"47,11 : 0.3138"
"11,48 : 0.4696"
"48,11 : 0.4696"
"11,49 : 0.25"
"49,11 : 0.25"
"12,13 : 0.4031"
"13,12 : 0.4031"
"12,14 : 0.5689"
"14,12 : 0.5689"
"12,15 : 0.2193"
"15,12 : 0.2193"
"12,16 : 0.4743"
"16,12 : 0.4743"
"12,17 : 0.9936"
"17,12 : 0.9936"
"12,18 : 0.6712"
"18,12 : 0.6712"
"12,19 : 0.9202"
"19,12 : 0.9202"
"12,20 : 0.2309"
"20,12 : 0.2309"
"12,21 : 0.6574"
"21,12 : 0.6574"
"12,22 : 0.7649"
"22,12 : 0.7649"
"12,23 : 0.414"
"23,12 : 0.414"
"12,24 : 0.4159"
"24,12 : 0.4159"
"12,25 : 0.0447"
"25,12 : 0.0447"
"12,26 : 0.8659"
"26,12 : 0.8659"
"12,27 : 1.114"
"27,12 : 1.114"
"12,28 : 0.6303"
"28,12 : 0.6303"
"12,29 : 0.8659"
"29,12 : 0.8659"
"12,30 : 0.4801"
"30,12 : 0.4801"
"12,31 : 0.8782"
"31,12 : 0.8782"
"12,32 : 0.5587"
"32,12 : 0.5587"
"12,33 : 0.8563"
"33,12 : 0.8563"
"12,34 : 0.6673"
"34,12 : 0.6673"
"12,35 : 0.2404"
"35,12 : 0.2404"
"12,36 : 0.3758"
"36,12 : 0.3758"
"12,37 : 0.8179"
"37,12 : 0.8179"
"12,38 : 0.8782"
"38,12 : 0.8782"
"12,39 : 0.661"
"39,12 : 0.661"
"12,40 : 0.3421"
"40,12 : 0.3421"
"12,41 : 0.7052"
"41,12 : 0.7052"
"12,42 : 0.7157"
"42,12 : 0.7157"
"12,43 : 0.6997"
"43,12 : 0.6997"
"12,44 : 0.12"
"44,12 : 0.12"
"12,45 : 0.8562"
"45,12 : 0.8562"
"12,46 : 0.6661"
"46,12 : 0.6661"
"12,47 : 0.6113"
"47,12 : 0.6113"
"12,48 : 0.7601"
"48,12 : 0.7601"
"12,49 : 0.623"
"49,12 : 0.623"
"13,14 : 0.3384"
"14,13 : 0.3384"
"13,15 : 0.4684"
"15,13 : 0.4684"
"13,16 : 0.1005"
"16,13 : 0.1005"
"13,17 : 0.592"
"17,13 : 0.592"
"13,18 : 0.2846"
"18,13 : 0.2846"
"13,19 : 0.5186"
"19,13 : 0.5186"
"13,20 : 0.2668"
"20,13 : 0.2668"
"13,21 : 0.3002"
"21,13 : 0.3002"
"13,22 : 0.478"
"22,13 : 0.478"
"13,23 : 0.064"
"23,13 : 0.064"
"13,24 : 0.4884"
"24,13 : 0.4884"
"13,25 : 0.4187"
"25,13 : 0.4187"
"13,26 : 0.5657"
"26,13 : 0.5657"
"13,27 : 0.714"
"27,13 : 0.714"
"13,28 : 0.4534"
"28,13 : 0.4534"
"13,29 : 0.5657"
"29,13 : 0.5657"
"13,30 : 0.1"
"30,13 : 0.1"
"13,31 : 0.5029"
"31,13 : 0.5029"
"13,32 : 0.1562"
"32,13 : 0.1562"
"13,33 : 0.4534"
"33,13 : 0.4534"
"13,34 : 0.3027"
"34,13 : 0.3027"
"13,35 : 0.473"
"35,13 : 0.473"
"13,36 : 0.454"
"36,13 : 0.454"
"13,37 : 0.5337"
"37,13 : 0.5337"
"13,38 : 0.7185"
"38,13 : 0.7185"
"13,39 : 0.5523"
"39,13 : 0.5523"
"13,40 : 0.0806"
"40,13 : 0.0806"
"13,41 : 0.642"
"41,13 : 0.642"
"13,42 : 0.6313"
"42,13 : 0.6313"
"13,43 : 0.3202"
"43,13 : 0.3202"
"13,44 : 0.3312"
"44,13 : 0.3312"
"13,45 : 0.5116"
"45,13 : 0.5116"
"13,46 : 0.5233"
"46,13 : 0.5233"
"13,47 : 0.4"
"47,13 : 0.4"
"13,48 : 0.5523"
"48,13 : 0.5523"
"13,49 : 0.3105"
"49,13 : 0.3105"
"14,15 : 0.4855"
"15,14 : 0.4855"
"14,16 : 0.4101"
"16,14 : 0.4101"
"14,17 : 0.6648"
"17,14 : 0.6648"
"14,18 : 0.4977"
"18,14 : 0.4977"
"14,19 : 0.5337"
"19,14 : 0.5337"
"14,20 : 0.5554"
"20,14 : 0.5554"
"14,21 : 0.5595"
"21,14 : 0.5595"
"14,22 : 0.7685"
"22,14 : 0.7685"
"14,23 : 0.2746"
"23,14 : 0.2746"
"14,24 : 0.3467"
"24,14 : 0.3467"
"14,25 : 0.6053"
"25,14 : 0.6053"
"14,26 : 0.3008"
"26,14 : 0.3008"
"14,27 : 0.6845"
"27,14 : 0.6845"
"14,28 : 0.7857"
"28,14 : 0.7857"
"14,29 : 0.3008"
"29,14 : 0.3008"
"14,30 : 0.4031"
"30,14 : 0.4031"
"14,31 : 0.3945"
"31,14 : 0.3945"
"14,32 : 0.3312"
"32,14 : 0.3312"
"14,33 : 0.5304"
"33,14 : 0.5304"
"14,34 : 0.2309"
"34,14 : 0.2309"
"14,35 : 0.4743"
"35,14 : 0.4743"
"14,36 : 0.3406"
"36,14 : 0.3406"
"14,37 : 0.25"
"37,14 : 0.25"
"14,38 : 0.3801"
"38,14 : 0.3801"
"14,39 : 0.2377"
"39,14 : 0.2377"
"14,40 : 0.3102"
"40,14 : 0.3102"
"14,41 : 0.3384"
"41,14 : 0.3384"
"14,42 : 0.3178"
"42,14 : 0.3178"
"14,43 : 0.5385"
"43,14 : 0.5385"
"14,44 : 0.4512"
"44,14 : 0.4512"
"14,45 : 0.3253"
"45,14 : 0.3253"
"14,46 : 0.858"
"46,14 : 0.858"
"14,47 : 0.7284"
"47,14 : 0.7284"
"14,48 : 0.8721"
"48,14 : 0.8721"
"14,49 : 0.608"
"49,14 : 0.608"
"15,16 : 0.5629"
"16,15 : 0.5629"
"15,17 : 1.0424"
"17,15 : 1.0424"
"15,18 : 0.7529"
"18,15 : 0.7529"
"15,19 : 0.943"
"19,15 : 0.943"
"15,20 : 0.4111"
"20,15 : 0.4111"
"15,21 : 0.763"
"21,15 : 0.763"
"15,22 : 0.91"
"22,15 : 0.91"
"15,23 : 0.4478"
"23,15 : 0.4478"
"15,24 : 0.222"
"24,15 : 0.222"
"15,25 : 0.2617"
"25,15 : 0.2617"
"15,26 : 0.7829"
"26,15 : 0.7829"
"15,27 : 1.1245"
"27,15 : 1.1245"
"15,28 : 0.8081"
"28,15 : 0.8081"
"15,29 : 0.7829"
"29,15 : 0.7829"
"15,30 : 0.5652"
"30,15 : 0.5652"
"15,31 : 0.8556"
"31,15 : 0.8556"
"15,32 : 0.6042"
"32,15 : 0.6042"
"15,33 : 0.8994"
"33,15 : 0.8994"
"15,34 : 0.6519"
"34,15 : 0.6519"
"15,35 : 0.0224"
"35,15 : 0.0224"
"15,36 : 0.19"
"36,15 : 0.19"
"15,37 : 0.729"
"37,15 : 0.729"
"15,38 : 0.7211"
"38,15 : 0.7211"
"15,39 : 0.5016"
"39,15 : 0.5016"
"15,40 : 0.389"
"40,15 : 0.389"
"15,41 : 0.5235"
"41,15 : 0.5235"
"15,42 : 0.5408"
"42,15 : 0.5408"
"15,43 : 0.7885"
"43,15 : 0.7885"
"15,44 : 0.1628"
"44,15 : 0.1628"
"15,45 : 0.806"
"45,15 : 0.806"
"15,46 : 0.8544"
"46,15 : 0.8544"
"15,47 : 0.7778"
"47,15 : 0.7778"
"15,48 : 0.9338"
"48,15 : 0.9338"
"15,49 : 0.7517"
"49,15 : 0.7517"
"16,17 : 0.5233"
"17,16 : 0.5233"
"16,18 : 0.1972"
"18,16 : 0.1972"
"16,19 : 0.4701"
"19,16 : 0.4701"
"16,20 : 0.2968"
"20,16 : 0.2968"
"16,21 : 0.201"
"21,16 : 0.201"
"16,22 : 0.3795"
"22,16 : 0.3795"
"16,23 : 0.1523"
"23,16 : 0.1523"
"16,24 : 0.5886"
"24,16 : 0.5886"
"16,25 : 0.4827"
"25,16 : 0.4827"
"16,26 : 0.5977"
"26,16 : 0.5977"
"16,27 : 0.6673"
"27,16 : 0.6673"
"16,28 : 0.3764"
"28,16 : 0.3764"
"16,29 : 0.5977"
"29,16 : 0.5977"
"16,30 : 0.01"
"30,16 : 0.01"
"16,31 : 0.4925"
"31,16 : 0.4925"
"16,32 : 0.13"
"32,16 : 0.13"
"16,33 : 0.392"
"33,16 : 0.392"
"16,34 : 0.3158"
"34,16 : 0.3158"
"16,35 : 0.5689"
"35,16 : 0.5689"
"16,36 : 0.5544"
"36,16 : 0.5544"
"16,37 : 0.5738"
"37,16 : 0.5738"
"16,38 : 0.7875"
"38,16 : 0.7875"
"16,39 : 0.636"
"39,16 : 0.636"
"16,40 : 0.18"
"40,16 : 0.18"
"16,41 : 0.7295"
"41,16 : 0.7295"
"16,42 : 0.7161"
"42,16 : 0.7161"
"16,43 : 0.2285"
"43,16 : 0.2285"
"16,44 : 0.4179"
"44,16 : 0.4179"
"16,45 : 0.5235"
"45,16 : 0.5235"
"16,46 : 0.45"
"46,16 : 0.45"
"16,47 : 0.3183"
"47,16 : 0.3183"
"16,48 : 0.464"
"48,16 : 0.464"
"16,49 : 0.2119"
"49,16 : 0.2119"
"17,18 : 0.336"
"18,17 : 0.336"
"17,19 : 0.1456"
"19,17 : 0.1456"
"17,20 : 0.8157"
"20,17 : 0.8157"
"17,21 : 0.3891"
"21,17 : 0.3891"
"17,22 : 0.4901"
"22,17 : 0.4901"
"17,23 : 0.5968"
"23,17 : 0.5968"
"17,24 : 0.9876"
"24,17 : 0.9876"
"17,25 : 1.005"
"25,17 : 1.005"
"17,26 : 0.5852"
"26,17 : 0.5852"
"17,27 : 0.2138"
"27,17 : 0.2138"
"17,28 : 0.6727"
"28,17 : 0.6727"
"17,29 : 0.5852"
"29,17 : 0.5852"
"17,30 : 0.5162"
"30,17 : 0.5162"
"17,31 : 0.3418"
"31,17 : 0.3418"
"17,32 : 0.441"
"32,17 : 0.441"
"17,33 : 0.1432"
"33,17 : 0.1432"
"17,34 : 0.4342"
"34,17 : 0.4342"
"17,35 : 1.042"
"35,17 : 1.042"
"17,36 : 0.9677"
"36,17 : 0.9677"
"17,37 : 0.6113"
"37,17 : 0.6113"
"17,38 : 0.9096"
"38,17 : 0.9096"
"17,39 : 0.8801"
"39,17 : 0.8801"
"17,40 : 0.6629"
"40,17 : 0.6629"
"17,41 : 0.9805"
"41,17 : 0.9805"
"17,42 : 0.9513"
"42,17 : 0.9513"
"17,43 : 0.3225"
"43,17 : 0.3225"
"17,44 : 0.9209"
"44,17 : 0.9209"
"17,45 : 0.4554"
"45,17 : 0.4554"
"17,46 : 0.7368"
"46,17 : 0.7368"
"17,47 : 0.6185"
"47,17 : 0.6185"
"17,48 : 0.65"
"48,17 : 0.65"
"17,49 : 0.4717"
"49,17 : 0.4717"
"18,19 : 0.3158"
"19,18 : 0.3158"
"18,20 : 0.481"
"20,18 : 0.481"
"18,21 : 0.0854"
"21,18 : 0.0854"
"18,22 : 0.2907"
"22,18 : 0.2907"
"18,23 : 0.3126"
"23,18 : 0.3126"
"18,24 : 0.75"
"24,18 : 0.75"
"18,25 : 0.678"
"25,18 : 0.678"
"18,26 : 0.586"
"26,18 : 0.586"
"18,27 : 0.506"
"27,18 : 0.506"
"18,28 : 0.3962"
"28,18 : 0.3962"
"18,29 : 0.586"
"29,18 : 0.586"
"18,30 : 0.1924"
"30,18 : 0.1924"
"18,31 : 0.408"
"31,18 : 0.408"
"18,32 : 0.1726"
"32,18 : 0.1726"
"18,33 : 0.2214"
"33,18 : 0.2214"
"18,34 : 0.3114"
"34,18 : 0.3114"
"18,35 : 0.7569"
"35,18 : 0.7569"
"18,36 : 0.7206"
"36,18 : 0.7206"
"18,37 : 0.5805"
"37,18 : 0.5805"
"18,38 : 0.844"
"38,18 : 0.844"
"18,39 : 0.7354"
"39,18 : 0.7354"
"18,40 : 0.364"
"40,18 : 0.364"
"18,41 : 0.8357"
"41,18 : 0.8357"
"18,42 : 0.8154"
"42,18 : 0.8154"
"18,43 : 0.0412"
"43,18 : 0.0412"
"18,44 : 0.6133"
"44,18 : 0.6133"
"18,45 : 0.4789"
"45,18 : 0.4789"
"18,46 : 0.4707"
"46,18 : 0.4707"
"18,47 : 0.3338"
"47,18 : 0.3338"
"18,48 : 0.4294"
"48,18 : 0.4294"
"18,49 : 0.1726"
"49,18 : 0.1726"
"19,20 : 0.7666"
"20,19 : 0.7666"
"19,21 : 0.3912"
"21,19 : 0.3912"
"19,22 : 0.5457"
"22,19 : 0.5457"
"19,23 : 0.5093"
"23,19 : 0.5093"
"19,24 : 0.8673"
"24,19 : 0.8673"
"19,25 : 0.9372"
"25,19 : 0.9372"
"19,26 : 0.4401"
"26,19 : 0.4401"
"19,27 : 0.1972"
"27,19 : 0.1972"
"19,28 : 0.7001"
"28,19 : 0.7001"
"19,29 : 0.4401"
"29,19 : 0.4401"
"19,30 : 0.4614"
"30,19 : 0.4614"
"19,31 : 0.197"
"31,19 : 0.197"
"19,32 : 0.3624"
"32,19 : 0.3624"
"19,33 : 0.1005"
"33,19 : 0.1005"
"19,34 : 0.3068"
"34,19 : 0.3068"
"19,35 : 0.9403"
"35,19 : 0.9403"
"19,36 : 0.8509"
"36,19 : 0.8509"
"19,37 : 0.4657"
"37,19 : 0.4657"
"19,38 : 0.764"
"38,19 : 0.764"
"19,39 : 0.7406"
"39,19 : 0.7406"
"19,40 : 0.5798"
"40,19 : 0.5798"
"19,41 : 0.8401"
"41,19 : 0.8401"
"19,42 : 0.8101"
"42,19 : 0.8101"
"19,43 : 0.3206"
"43,19 : 0.3206"
"19,44 : 0.8355"
"44,19 : 0.8355"
"19,45 : 0.3102"
"45,19 : 0.3102"
"19,46 : 0.771"
"46,19 : 0.771"
"19,47 : 0.6401"
"47,19 : 0.6401"
"19,48 : 0.7041"
"48,19 : 0.7041"
"19,49 : 0.4809"
"49,19 : 0.4809"
"20,21 : 0.45"
"21,20 : 0.45"
"20,22 : 0.536"
"22,20 : 0.536"
"20,23 : 0.3106"
"23,20 : 0.3106"
"20,24 : 0.5467"
"24,20 : 0.5467"
"20,25 : 0.2184"
"25,20 : 0.2184"
"20,26 : 0.8202"
"26,20 : 0.8202"
"20,27 : 0.9638"
"27,20 : 0.9638"
"20,28 : 0.402"
"28,20 : 0.402"
"20,29 : 0.8202"
"29,20 : 0.8202"
"20,30 : 0.3053"
"30,20 : 0.3053"
"20,31 : 0.7692"
"31,20 : 0.7692"
"20,32 : 0.4123"
"32,20 : 0.4123"
"20,33 : 0.6882"
"33,20 : 0.6882"
"20,34 : 0.5689"
"34,20 : 0.5689"
"20,35 : 0.4272"
"35,20 : 0.4272"
"20,36 : 0.5045"
"36,20 : 0.5045"
"20,37 : 0.7823"
"37,20 : 0.7823"
"20,38 : 0.9192"
"38,20 : 0.9192"
"20,39 : 0.7207"
"39,20 : 0.7207"
"20,40 : 0.2508"
"40,20 : 0.2508"
"20,41 : 0.7906"
"41,20 : 0.7906"
"20,42 : 0.7908"
"42,20 : 0.7908"
"20,43 : 0.5025"
"43,20 : 0.5025"
"20,44 : 0.2508"
"44,20 : 0.2508"
"20,45 : 0.7765"
"45,20 : 0.7765"
"20,46 : 0.4438"
"46,20 : 0.4438"
"20,47 : 0.3805"
"47,20 : 0.3805"
"20,48 : 0.5308"
"48,20 : 0.5308"
"20,49 : 0.4025"
"49,20 : 0.4025"
"21,22 : 0.2126"
"22,21 : 0.2126"
"21,23 : 0.3423"
"23,21 : 0.3423"
"21,24 : 0.7841"
"24,21 : 0.7841"
"21,25 : 0.6586"
"25,21 : 0.6586"
"21,26 : 0.6685"
"26,21 : 0.6685"
"21,27 : 0.5749"
"27,21 : 0.5749"
"21,28 : 0.3126"
"28,21 : 0.3126"
"21,29 : 0.6685"
"29,21 : 0.6685"
"21,30 : 0.2002"
"30,21 : 0.2002"
"21,31 : 0.4934"
"31,21 : 0.4934"
"21,32 : 0.2283"
"32,21 : 0.2283"
"21,33 : 0.2927"
"33,21 : 0.2927"
"21,34 : 0.3895"
"34,21 : 0.3895"
"21,35 : 0.7694"
"35,21 : 0.7694"
"21,36 : 0.7517"
"36,21 : 0.7517"
"21,37 : 0.6607"
"37,21 : 0.6607"
"21,38 : 0.9168"
"38,21 : 0.9168"
"21,39 : 0.7961"
"39,21 : 0.7961"
"21,40 : 0.3805"
"40,21 : 0.3805"
"21,41 : 0.8947"
"41,21 : 0.8947"
"21,42 : 0.8766"
"42,21 : 0.8766"
"21,43 : 0.0707"
"43,21 : 0.0707"
"21,44 : 0.614"
"44,21 : 0.614"
"21,45 : 0.5636"
"45,21 : 0.5636"
"21,46 : 0.3864"
"46,21 : 0.3864"
"21,47 : 0.2508"
"47,21 : 0.2508"
"21,48 : 0.3448"
"48,21 : 0.3448"
"21,49 : 0.09"
"49,21 : 0.09"
"22,23 : 0.5314"
"23,22 : 0.5314"
"22,24 : 0.9654"
"24,22 : 0.9654"
"22,25 : 0.7543"
"25,22 : 0.7543"
"22,26 : 0.8762"
"26,22 : 0.8762"
"22,27 : 0.7006"
"27,22 : 0.7006"
"22,28 : 0.2081"
"28,22 : 0.2081"
"22,29 : 0.8762"
"29,22 : 0.8762"
"22,30 : 0.3828"
"30,22 : 0.3828"
"22,31 : 0.6843"
"31,22 : 0.6843"
"22,32 : 0.4383"
"32,22 : 0.4383"
"22,33 : 0.4464"
"33,22 : 0.4464"
"22,34 : 0.6011"
"34,22 : 0.6011"
"22,35 : 0.9202"
"35,22 : 0.9202"
"22,36 : 0.9296"
"36,22 : 0.9296"
"22,37 : 0.8711"
"37,22 : 0.8711"
"22,38 : 1.1293"
"38,22 : 1.1293"
"22,39 : 1.0034"
"39,22 : 1.0034"
"22,40 : 0.5532"
"40,22 : 0.5532"
"22,41 : 1.1006"
"41,22 : 1.1006"
"22,42 : 1.0841"
"42,22 : 1.0841"
"22,43 : 0.2581"
"43,22 : 0.2581"
"22,44 : 0.7506"
"44,22 : 0.7506"
"22,45 : 0.7655"
"45,22 : 0.7655"
"22,46 : 0.2563"
"46,22 : 0.2563"
"22,47 : 0.178"
"47,22 : 0.178"
"22,48 : 0.1603"
"48,22 : 0.1603"
"22,49 : 0.1676"
"49,22 : 0.1676"
"23,24 : 0.4418"
"24,23 : 0.4418"
"23,25 : 0.4357"
"25,23 : 0.4357"
"23,26 : 0.5116"
"26,23 : 0.5116"
"23,27 : 0.7009"
"27,23 : 0.7009"
"23,28 : 0.5166"
"28,23 : 0.5166"
"23,29 : 0.5116"
"29,23 : 0.5116"
"23,30 : 0.1487"
"30,23 : 0.1487"
"23,31 : 0.4701"
"31,23 : 0.4701"
"23,32 : 0.1565"
"32,23 : 0.1565"
"23,33 : 0.4549"
"33,23 : 0.4549"
"23,34 : 0.2625"
"34,23 : 0.2625"
"23,35 : 0.4494"
"35,23 : 0.4494"
"23,36 : 0.4101"
"36,23 : 0.4101"
"23,37 : 0.4768"
"37,23 : 0.4768"
"23,38 : 0.6546"
"38,23 : 0.6546"
"23,39 : 0.4892"
"39,23 : 0.4892"
"23,40 : 0.0721"
"40,23 : 0.0721"
"23,41 : 0.5801"
"41,23 : 0.5801"
"23,42 : 0.5685"
"42,23 : 0.5685"
"23,43 : 0.3513"
"43,23 : 0.3513"
"23,44 : 0.3265"
"44,23 : 0.3265"
"23,45 : 0.4669"
"45,23 : 0.4669"
"23,46 : 0.5869"
"46,23 : 0.5869"
"23,47 : 0.4623"
"47,23 : 0.4623"
"23,48 : 0.6129"
"48,23 : 0.6129"
"23,49 : 0.364"
"49,23 : 0.364"
"24,25 : 0.4607"
"25,24 : 0.4607"
"24,26 : 0.6172"
"26,24 : 0.6172"
"24,27 : 1.0288"
"27,24 : 1.0288"
"24,28 : 0.908"
"28,24 : 0.908"
"24,29 : 0.6172"
"29,24 : 0.6172"
"24,30 : 0.5869"
"30,24 : 0.5869"
"24,31 : 0.7409"
"31,24 : 0.7409"
"24,32 : 0.5808"
"32,24 : 0.5808"
"24,33 : 0.8465"
"33,24 : 0.8465"
"24,34 : 0.5608"
"34,24 : 0.5608"
"24,35 : 0.201"
"35,24 : 0.201"
"24,36 : 0.0424"
"36,24 : 0.0424"
"24,37 : 0.5608"
"37,24 : 0.5608"
"24,38 : 0.5049"
"38,24 : 0.5049"
"24,39 : 0.2886"
"39,24 : 0.2886"
"24,40 : 0.4123"
"40,24 : 0.4123"
"24,41 : 0.3015"
"41,24 : 0.3015"
"24,42 : 0.32"
"42,24 : 0.32"
"24,43 : 0.7901"
"43,24 : 0.7901"
"24,44 : 0.314"
"44,24 : 0.314"
"24,45 : 0.6684"
"45,24 : 0.6684"
"24,46 : 0.9665"
"46,24 : 0.9665"
"24,47 : 0.8654"
"47,24 : 0.8654"
"24,48 : 1.0232"
"48,24 : 1.0232"
"24,49 : 0.7983"
"49,24 : 0.7983"
"25,26 : 0.9003"
"26,25 : 0.9003"
"25,27 : 1.1323"
"27,25 : 1.1323"
"25,28 : 0.6103"
"28,25 : 0.6103"
"25,29 : 0.9003"
"29,25 : 0.9003"
"25,30 : 0.4892"
"30,25 : 0.4892"
"25,31 : 0.9035"
"31,25 : 0.9035"
"25,32 : 0.5749"
"32,25 : 0.5749"
"25,33 : 0.8698"
"33,25 : 0.8698"
"25,34 : 0.6932"
"34,25 : 0.6932"
"25,35 : 0.2832"
"35,25 : 0.2832"
"25,36 : 0.4205"
"36,25 : 0.4205"
"25,37 : 0.8533"
"37,25 : 0.8533"
"25,38 : 0.9207"
"38,25 : 0.9207"
"25,39 : 0.7041"
"39,25 : 0.7041"
"25,40 : 0.3636"
"40,25 : 0.3636"
"25,41 : 0.7495"
"41,25 : 0.7495"
"25,42 : 0.7596"
"42,25 : 0.7596"
"25,43 : 0.7046"
"43,25 : 0.7046"
"25,44 : 0.1612"
"44,25 : 0.1612"
"25,45 : 0.886"
"45,25 : 0.886"
"25,46 : 0.642"
"46,25 : 0.642"
"25,47 : 0.5954"
"47,25 : 0.5954"
"25,48 : 0.7406"
"48,25 : 0.7406"
"25,49 : 0.6185"
"49,25 : 0.6185"
"26,27 : 0.5101"
"27,26 : 0.5101"
"26,28 : 0.9571"
"28,26 : 0.9571"
"26,29 : 0.0"
"29,26 : 0.0"
"26,30 : 0.5882"
"30,26 : 0.5882"
"26,31 : 0.2435"
"31,26 : 0.2435"
"26,32 : 0.4754"
"32,26 : 0.4754"
"26,33 : 0.494"
"33,26 : 0.494"
"26,34 : 0.2864"
"34,26 : 0.2864"
"26,35 : 0.7703"
"35,26 : 0.7703"
"26,36 : 0.622"
"36,26 : 0.622"
"26,37 : 0.0566"
"37,26 : 0.0566"
"26,38 : 0.3314"
"38,26 : 0.3314"
"26,39 : 0.3808"
"39,26 : 0.3808"
"26,40 : 0.57"
"40,26 : 0.57"
"26,41 : 0.4624"
"41,26 : 0.4624"
"26,42 : 0.4272"
"42,26 : 0.4272"
"26,43 : 0.6185"
"43,26 : 0.6185"
"26,44 : 0.75"
"44,26 : 0.75"
"26,45 : 0.13"
"45,26 : 0.13"
"26,46 : 1.0332"
"46,26 : 1.0332"
"26,47 : 0.8944"
"47,26 : 0.8944"
"26,48 : 1.0124"
"48,26 : 1.0124"
"26,49 : 0.7443"
"49,26 : 0.7443"
"27,28 : 0.8746"
"28,27 : 0.8746"
"27,29 : 0.5101"
"29,27 : 0.5101"
"27,30 : 0.6586"
"30,27 : 0.6586"
"27,31 : 0.2941"
"31,27 : 0.2941"
"27,32 : 0.558"
"32,27 : 0.558"
"27,33 : 0.2846"
"33,27 : 0.2846"
"27,34 : 0.4743"
"34,27 : 0.4743"
"27,35 : 1.12"
"35,27 : 1.12"
"27,36 : 1.0171"
"36,27 : 1.0171"
"27,37 : 0.5523"
"37,27 : 0.5523"
"27,38 : 0.8402"
"38,27 : 0.8402"
"27,39 : 0.8635"
"39,27 : 0.8635"
"27,40 : 0.7723"
"40,27 : 0.7723"
"27,41 : 0.9571"
"41,27 : 0.9571"
"27,42 : 0.924"
"42,27 : 0.924"
"27,43 : 0.5045"
"43,27 : 0.5045"
"27,44 : 1.0253"
"44,27 : 1.0253"
"27,45 : 0.3946"
"45,27 : 0.3946"
"27,46 : 0.9419"
"46,27 : 0.9419"
"27,47 : 0.8174"
"47,27 : 0.8174"
"27,48 : 0.8609"
"48,27 : 0.8609"
"27,49 : 0.6629"
"49,27 : 0.6629"
"28,29 : 0.9571"
"29,28 : 0.9571"
"28,30 : 0.3842"
"30,28 : 0.3842"
"28,31 : 0.8028"
"31,28 : 0.8028"
"28,32 : 0.4837"
"32,28 : 0.4837"
"28,33 : 0.6"
"33,28 : 0.6"
"28,34 : 0.6708"
"34,28 : 0.6708"
"28,35 : 0.8223"
"35,28 : 0.8223"
"28,36 : 0.8682"
"36,28 : 0.8682"
"28,37 : 0.9402"
"37,28 : 0.9402"
"28,38 : 1.1639"
"38,28 : 1.1639"
"28,39 : 1.0057"
"39,28 : 1.0057"
"28,40 : 0.5104"
"40,28 : 0.5104"
"28,41 : 1.0948"
"41,28 : 1.0948"
"28,42 : 1.0847"
"42,28 : 1.0847"
"28,43 : 0.3812"
"43,28 : 0.3812"
"28,44 : 0.6454"
"44,28 : 0.6454"
"28,45 : 0.8638"
"45,28 : 0.8638"
"28,46 : 0.0762"
"46,28 : 0.0762"
"28,47 : 0.0632"
"47,28 : 0.0632"
"28,48 : 0.1304"
"48,28 : 0.1304"
"28,49 : 0.2236"
"49,28 : 0.2236"
"29,30 : 0.5882"
"30,29 : 0.5882"
"29,31 : 0.2435"
"31,29 : 0.2435"
"29,32 : 0.4754"
"32,29 : 0.4754"
"29,33 : 0.494"
"33,29 : 0.494"
"29,34 : 0.2864"
"34,29 : 0.2864"
"29,35 : 0.7703"
"35,29 : 0.7703"
"29,36 : 0.622"
"36,29 : 0.622"
"29,37 : 0.0566"
"37,29 : 0.0566"
"29,38 : 0.3314"
"38,29 : 0.3314"
"29,39 : 0.3808"
"39,29 : 0.3808"
"29,40 : 0.57"
"40,29 : 0.57"
"29,41 : 0.4624"
"41,29 : 0.4624"
"29,42 : 0.4272"
"42,29 : 0.4272"
"29,43 : 0.6185"
"43,29 : 0.6185"
"29,44 : 0.75"
"44,29 : 0.75"
"29,45 : 0.13"
"45,29 : 0.13"
"29,46 : 1.0332"
"46,29 : 1.0332"
"29,47 : 0.8944"
"47,29 : 0.8944"
"29,48 : 1.0124"
"48,29 : 1.0124"
"29,49 : 0.7443"
"49,29 : 0.7443"
"30,31 : 0.4826"
"31,30 : 0.4826"
"30,32 : 0.12"
"32,30 : 0.12"
"30,33 : 0.3842"
"33,30 : 0.3842"
"30,34 : 0.3059"
"34,30 : 0.3059"
"30,35 : 0.5707"
"35,30 : 0.5707"
"30,36 : 0.5533"
"36,30 : 0.5533"
"30,37 : 0.5646"
"37,30 : 0.5646"
"30,38 : 0.7799"
"38,30 : 0.7799"
"30,39 : 0.6301"
"39,30 : 0.6301"
"30,40 : 0.1803"
"40,30 : 0.1803"
"30,41 : 0.724"
"41,30 : 0.724"
"30,42 : 0.7103"
"42,30 : 0.7103"
"30,43 : 0.2247"
"43,30 : 0.2247"
"30,44 : 0.4215"
"44,30 : 0.4215"
"30,45 : 0.5135"
"45,30 : 0.5135"
"30,46 : 0.458"
"46,30 : 0.458"
"30,47 : 0.3256"
"47,30 : 0.3256"
"30,48 : 0.4701"
"48,30 : 0.4701"
"30,49 : 0.2154"
"49,30 : 0.2154"
"31,32 : 0.3635"
"32,31 : 0.3635"
"31,33 : 0.2617"
"33,31 : 0.2617"
"31,34 : 0.211"
"34,31 : 0.211"
"31,35 : 0.8486"
"35,31 : 0.8486"
"31,36 : 0.7324"
"36,31 : 0.7324"
"31,37 : 0.2729"
"37,31 : 0.2729"
"31,38 : 0.5707"
"38,31 : 0.5707"
"31,39 : 0.5707"
"39,31 : 0.5707"
"31,40 : 0.5413"
"40,31 : 0.5413"
"31,41 : 0.6661"
"41,31 : 0.6661"
"31,42 : 0.6339"
"42,31 : 0.6339"
"31,43 : 0.4308"
"43,31 : 0.4308"
"31,44 : 0.7767"
"44,31 : 0.7767"
"31,45 : 0.114"
"45,31 : 0.114"
"31,46 : 0.878"
"46,31 : 0.878"
"31,47 : 0.7398"
"47,31 : 0.7398"
"31,48 : 0.8338"
"48,31 : 0.8338"
"31,49 : 0.5797"
"49,31 : 0.5797"
"32,33 : 0.3"
"33,32 : 0.3"
"32,34 : 0.1897"
"34,32 : 0.1897"
"32,35 : 0.6054"
"35,32 : 0.6054"
"32,36 : 0.5533"
"36,32 : 0.5533"
"32,37 : 0.4565"
"37,32 : 0.4565"
"32,38 : 0.6935"
"38,32 : 0.6935"
"32,39 : 0.568"
"39,32 : 0.568"
"32,40 : 0.222"
"40,32 : 0.222"
"32,41 : 0.6671"
"41,32 : 0.6671"
"32,42 : 0.6485"
"42,32 : 0.6485"
"32,43 : 0.2138"
"43,32 : 0.2138"
"32,44 : 0.4801"
"44,32 : 0.4801"
"32,45 : 0.3946"
"45,32 : 0.3946"
"32,46 : 0.5595"
"46,32 : 0.5595"
"32,47 : 0.4219"
"47,32 : 0.4219"
"32,48 : 0.5523"
"48,32 : 0.5523"
"32,49 : 0.2828"
"49,32 : 0.2828"
"33,34 : 0.3"
"34,33 : 0.3"
"33,35 : 0.8989"
"35,33 : 0.8989"
"33,36 : 0.8257"
"36,33 : 0.8257"
"33,37 : 0.5099"
"37,33 : 0.5099"
"33,38 : 0.8041"
"38,33 : 0.8041"
"33,39 : 0.7533"
"39,33 : 0.7533"
"33,40 : 0.522"
"40,33 : 0.522"
"33,41 : 0.8548"
"41,33 : 0.8548"
"33,42 : 0.8273"
"42,33 : 0.8273"
"33,43 : 0.222"
"43,33 : 0.222"
"33,44 : 0.7801"
"44,33 : 0.7801"
"33,45 : 0.3662"
"45,33 : 0.3662"
"33,46 : 0.6707"
"46,33 : 0.6707"
"33,47 : 0.5404"
"47,33 : 0.5404"
"33,48 : 0.6042"
"48,33 : 0.6042"
"33,49 : 0.3821"
"49,33 : 0.3821"
"34,35 : 0.6466"
"35,34 : 0.6466"
"34,36 : 0.5456"
"36,34 : 0.5456"
"34,37 : 0.272"
"37,34 : 0.272"
"34,38 : 0.5354"
"38,34 : 0.5354"
"34,39 : 0.4554"
"39,34 : 0.4554"
"34,40 : 0.3324"
"40,34 : 0.3324"
"34,41 : 0.5573"
"41,34 : 0.5573"
"34,42 : 0.5315"
"42,34 : 0.5315"
"34,43 : 0.3483"
"43,34 : 0.3483"
"34,44 : 0.5661"
"44,34 : 0.5661"
"34,45 : 0.21"
"45,34 : 0.21"
"34,46 : 0.7469"
"46,34 : 0.7469"
"34,47 : 0.6083"
"47,34 : 0.6083"
"34,48 : 0.7301"
"48,34 : 0.7301"
"34,49 : 0.4604"
"49,34 : 0.4604"
"35,36 : 0.1703"
"36,35 : 0.1703"
"35,37 : 0.7159"
"37,35 : 0.7159"
"35,38 : 0.7018"
"38,35 : 0.7018"
"35,39 : 0.4826"
"39,35 : 0.4826"
"35,40 : 0.3929"
"40,35 : 0.3929"
"35,41 : 0.5025"
"41,35 : 0.5025"
"35,42 : 0.5204"
"42,35 : 0.5204"
"35,43 : 0.7931"
"43,35 : 0.7931"
"35,44 : 0.1772"
"44,35 : 0.1772"
"35,45 : 0.7965"
"45,35 : 0.7965"
"35,46 : 0.8698"
"46,35 : 0.8698"
"35,47 : 0.7908"
"47,35 : 0.7908"
"35,48 : 0.9473"
"48,35 : 0.9473"
"35,49 : 0.7606"
"49,35 : 0.7606"
"36,37 : 0.5661"
"37,36 : 0.5661"
"36,38 : 0.5315"
"38,36 : 0.5315"
"36,39 : 0.3126"
"39,36 : 0.3126"
"36,40 : 0.3766"
"40,36 : 0.3766"
"36,41 : 0.3354"
"41,36 : 0.3354"
"36,42 : 0.3513"
"42,36 : 0.3513"
"36,43 : 0.7603"
"43,36 : 0.7603"
"36,44 : 0.272"
"44,36 : 0.272"
"36,45 : 0.6653"
"45,36 : 0.6653"
"36,46 : 0.9259"
"46,36 : 0.9259"
"36,47 : 0.8264"
"47,36 : 0.8264"
"36,48 : 0.9843"
"48,36 : 0.9843"
"36,49 : 0.763"
"49,36 : 0.763"
"37,38 : 0.2983"
"38,37 : 0.2983"
"37,39 : 0.3265"
"39,37 : 0.3265"
"37,40 : 0.5315"
"40,37 : 0.5315"
"37,41 : 0.4111"
"41,37 : 0.4111"
"37,42 : 0.3764"
"42,37 : 0.3764"
"37,43 : 0.6152"
"43,37 : 0.6152"
"37,44 : 0.7009"
"44,37 : 0.7009"
"37,45 : 0.1603"
"45,37 : 0.1603"
"37,46 : 1.016"
"46,37 : 1.016"
"37,47 : 0.8782"
"47,37 : 0.8782"
"37,48 : 1.0021"
"48,37 : 1.0021"
"37,49 : 0.7324"
"49,37 : 0.7324"
"38,39 : 0.22"
"39,38 : 0.22"
"38,40 : 0.6848"
"40,38 : 0.6848"
"38,41 : 0.2236"
"41,38 : 0.2236"
"38,42 : 0.1931"
"42,38 : 0.1931"
"38,43 : 0.8823"
"43,38 : 0.8823"
"38,44 : 0.7595"
"44,38 : 0.7595"
"38,45 : 0.4571"
"45,38 : 0.4571"
"38,46 : 1.2369"
"46,38 : 1.2369"
"38,47 : 1.1054"
"47,38 : 1.1054"
"38,48 : 1.2445"
"48,38 : 1.2445"
"38,49 : 0.9762"
"49,38 : 0.9762"
"39,40 : 0.5033"
"40,39 : 0.5033"
"39,41 : 0.102"
"41,39 : 0.102"
"39,42 : 0.0806"
"42,39 : 0.0806"
"39,43 : 0.7762"
"43,39 : 0.7762"
"39,44 : 0.5434"
"44,39 : 0.5434"
"39,45 : 0.4713"
"45,39 : 0.4713"
"39,46 : 1.0752"
"46,39 : 1.0752"
"39,47 : 0.9513"
"47,39 : 0.9513"
"39,48 : 1.1"
"48,39 : 1.1"
"39,49 : 0.8406"
"49,39 : 0.8406"
"40,41 : 0.5873"
"41,40 : 0.5873"
"40,42 : 0.58"
"42,40 : 0.58"
"40,43 : 0.4002"
"43,40 : 0.4002"
"40,44 : 0.2581"
"44,40 : 0.2581"
"40,45 : 0.5337"
"45,40 : 0.5337"
"40,46 : 0.5763"
"46,40 : 0.5763"
"40,47 : 0.4614"
"47,40 : 0.4614"
"40,48 : 0.6172"
"48,40 : 0.6172"
"40,49 : 0.3864"
"49,40 : 0.3864"
"41,42 : 0.0361"
"42,41 : 0.0361"
"41,43 : 0.8766"
"43,41 : 0.8766"
"41,44 : 0.5924"
"44,41 : 0.5924"
"41,45 : 0.5629"
"45,41 : 0.5629"
"41,46 : 1.1628"
"46,41 : 1.1628"
"41,47 : 1.042"
"47,41 : 1.042"
"41,48 : 1.1928"
"48,41 : 1.1928"
"41,49 : 0.9365"
"49,41 : 0.9365"
"42,43 : 0.8562"
"43,42 : 0.8562"
"42,44 : 0.6008"
"44,42 : 0.6008"
"42,45 : 0.5295"
"45,42 : 0.5295"
"42,46 : 1.1536"
"46,42 : 1.1536"
"42,47 : 1.0308"
"47,42 : 1.0308"
"42,48 : 1.18"
"48,42 : 1.18"
"42,49 : 0.9211"
"49,42 : 0.9211"
"43,44 : 0.6462"
