x,y
0.91,0.03
0.9,0.83
0.46,0.38
0.58,0.47
0.34,0.38
0.27,0.69
0.25,0.86
0.26,0.43
0.09,0.8
0.59,0.72
0.9,0.36
0.61,0.13
0.82,0.5
0.94,0.68
1.0,0.62
0.46,0.6
0.81,0.93
0.13,0.08
0.42,0.12
0.17,0.78
0.03,0.34
0.88,0.59
0.61,0.58
0.57,0.58
0.42,0.68
0.93,0.35
0.82,0.92
0.01,0.66
0.76,0.05
0.09,0.33
0.28,0.7
0.16,0.46
0.92,0.75
0.54,0.39
0.37,0.39
0.27,0.57
0.25,0.29
0.73,0.47
0.12,0.42
0.38,0.97
0.61,0.9
0.57,0.45
0.8,0.53
0.92,0.34
0.01,0.56
0.5,0.02
0.16,0.58
0.28,0.72
0.42,0.96
0.77,0.01

Distanze
"0,1 : 0.8001"
"1,0 : 0.8001"
"0,2 : 0.5701"
"2,0 : 0.5701"
"0,3 : 0.55"
"3,0 : 0.55"
"0,4 : 0.6689"
"4,0 : 0.6689"
"0,5 : 0.9193"
"5,0 : 0.9193"
"0,6 : 1.0604"
"6,0 : 1.0604"
"0,7 : 0.7632"
"7,0 : 0.7632"
"0,8 : 1.1249"
"8,0 : 1.1249"
"0,9 : 0.7606"
"9,0 : 0.7606"
"0,10 : 0.3302"
"10,0 : 0.3302"
"0,11 : 0.3162"
"11,0 : 0.3162"
"0,12 : 0.4785"
"12,0 : 0.4785"
"0,13 : 0.6507"
"13,0 : 0.6507"
"0,14 : 0.5968"
"14,0 : 0.5968"
"0,15 : 0.7262"
"15,0 : 0.7262"
"0,16 : 0.9055"
"16,0 : 0.9055"
"0,17 : 0.7816"
"17,0 : 0.7816"
"0,18 : 0.4982"
"18,0 : 0.4982"
"0,19 : 1.0536"
"19,0 : 1.0536"
"0,20 : 0.933"
"20,0 : 0.933"
"0,21 : 0.5608"
"21,0 : 0.5608"
"0,22 : 0.6265"
"22,0 : 0.6265"
"0,23 : 0.6466"
"23,0 : 0.6466"
"0,24 : 0.814"
"24,0 : 0.814"
"0,25 : 0.3206"
"25,0 : 0.3206"
"0,26 : 0.8945"
"26,0 : 0.8945"
"0,27 : 1.0986"
"27,0 : 1.0986"
"0,28 : 0.1513"
"28,0 : 0.1513"
"0,29 : 0.8732"
"29,0 : 0.8732"
"0,30 : 0.9197"
"30,0 : 0.9197"
"0,31 : 0.8645"
"31,0 : 0.8645"
"0,32 : 0.7201"
"32,0 : 0.7201"
"0,33 : 0.5162"
"33,0 : 0.5162"
"0,34 : 0.649"
"34,0 : 0.649"
"0,35 : 0.8374"
"35,0 : 0.8374"
"0,36 : 0.7094"
"36,0 : 0.7094"
"0,37 : 0.4754"
"37,0 : 0.4754"
"0,38 : 0.881"
"38,0 : 0.881"
"0,39 : 1.0791"
"39,0 : 1.0791"
"0,40 : 0.9203"
"40,0 : 0.9203"
"0,41 : 0.5404"
"41,0 : 0.5404"
"0,42 : 0.512"
"42,0 : 0.512"
"0,43 : 0.3102"
"43,0 : 0.3102"
"0,44 : 1.0445"
"44,0 : 1.0445"
"0,45 : 0.4101"
"45,0 : 0.4101"
"0,46 : 0.9301"
"46,0 : 0.9301"
"0,47 : 0.9343"
"47,0 : 0.9343"
"0,48 : 1.0512"
"48,0 : 1.0512"
"0,49 : 0.1414"
"49,0 : 0.1414"
"1,2 : 0.6294"
"2,1 : 0.6294"
"1,3 : 0.4817"
"3,1 : 0.4817"
"1,4 : 0.7184"
"4,1 : 0.7184"
"1,5 : 0.6454"
"5,1 : 0.6454"
"1,6 : 0.6507"
"6,1 : 0.6507"
"1,7 : 0.7547"
"7,1 : 0.7547"
"1,8 : 0.8106"
"8,1 : 0.8106"
"1,9 : 0.3289"
"9,1 : 0.3289"
"1,10 : 0.47"
"10,1 : 0.47"
"1,11 : 0.7577"
"11,1 : 0.7577"
"1,12 : 0.3396"
"12,1 : 0.3396"
"1,13 : 0.1552"
"13,1 : 0.1552"
"1,14 : 0.2326"
"14,1 : 0.2326"
"1,15 : 0.4965"
"15,1 : 0.4965"
"1,16 : 0.1345"
"16,1 : 0.1345"
"1,17 : 1.0749"
"17,1 : 1.0749"
"1,18 : 0.857"
"18,1 : 0.857"
"1,19 : 0.7317"
"19,1 : 0.7317"
"1,20 : 0.9985"
"20,1 : 0.9985"
"1,21 : 0.2408"
"21,1 : 0.2408"
"1,22 : 0.3829"
"22,1 : 0.3829"
"1,23 : 0.414"
"23,1 : 0.414"
"1,24 : 0.5029"
"24,1 : 0.5029"
"1,25 : 0.4809"
"25,1 : 0.4809"
"1,26 : 0.1204"
"26,1 : 0.1204"
"1,27 : 0.9061"
"27,1 : 0.9061"
"1,28 : 0.7925"
"28,1 : 0.7925"
"1,29 : 0.9519"
"29,1 : 0.9519"
"1,30 : 0.6335"
"30,1 : 0.6335"
"1,31 : 0.8273"
"31,1 : 0.8273"
"1,32 : 0.0825"
"32,1 : 0.0825"
"1,33 : 0.5685"
"33,1 : 0.5685"
"1,34 : 0.6888"
"34,1 : 0.6888"
"1,35 : 0.6815"
"35,1 : 0.6815"
"1,36 : 0.845"
"36,1 : 0.845"
"1,37 : 0.3981"
"37,1 : 0.3981"
"1,38 : 0.8812"
"38,1 : 0.8812"
"1,39 : 0.5385"
"39,1 : 0.5385"
"1,40 : 0.2983"
"40,1 : 0.2983"
"1,41 : 0.5033"
"41,1 : 0.5033"
"1,42 : 0.3162"
"42,1 : 0.3162"
"1,43 : 0.4904"
"43,1 : 0.4904"
"1,44 : 0.9301"
"44,1 : 0.9301"
"1,45 : 0.9034"
"45,1 : 0.9034"
"1,46 : 0.7811"
"46,1 : 0.7811"
"1,47 : 0.6297"
"47,1 : 0.6297"
"1,48 : 0.4973"
"48,1 : 0.4973"
"1,49 : 0.8302"
"49,1 : 0.8302"
"2,3 : 0.15"
"3,2 : 0.15"
"2,4 : 0.12"
"4,2 : 0.12"
"2,5 : 0.3636"
"5,2 : 0.3636"
"2,6 : 0.5239"
"6,2 : 0.5239"
"2,7 : 0.2062"
"7,2 : 0.2062"
"2,8 : 0.5597"
"8,2 : 0.5597"
"2,9 : 0.364"
"9,2 : 0.364"
"2,10 : 0.4405"
"10,2 : 0.4405"
"2,11 : 0.2915"
"11,2 : 0.2915"
"2,12 : 0.3795"
"12,2 : 0.3795"
"2,13 : 0.566"
"13,2 : 0.566"
"2,14 : 0.5909"
"14,2 : 0.5909"
"2,15 : 0.22"
"15,2 : 0.22"
"2,16 : 0.6519"
"16,2 : 0.6519"
"2,17 : 0.446"
"17,2 : 0.446"
"2,18 : 0.2631"
"18,2 : 0.2631"
"2,19 : 0.4941"
"19,2 : 0.4941"
"2,20 : 0.4319"
"20,2 : 0.4319"
"2,21 : 0.4696"
"21,2 : 0.4696"
"2,22 : 0.25"
"22,2 : 0.25"
"2,23 : 0.2283"
"23,2 : 0.2283"
"2,24 : 0.3027"
"24,2 : 0.3027"
"2,25 : 0.471"
"25,2 : 0.471"
"2,26 : 0.649"
"26,2 : 0.649"
"2,27 : 0.53"
"27,2 : 0.53"
"2,28 : 0.446"
"28,2 : 0.446"
"2,29 : 0.3734"
"29,2 : 0.3734"
"2,30 : 0.3672"
"30,2 : 0.3672"
"2,31 : 0.3105"
"31,2 : 0.3105"
"2,32 : 0.5903"
"32,2 : 0.5903"
"2,33 : 0.0806"
"33,2 : 0.0806"
"2,34 : 0.0906"
"34,2 : 0.0906"
"2,35 : 0.2687"
"35,2 : 0.2687"
"2,36 : 0.2285"
"36,2 : 0.2285"
"2,37 : 0.2846"
"37,2 : 0.2846"
"2,38 : 0.3423"
"38,2 : 0.3423"
"2,39 : 0.5954"
"39,2 : 0.5954"
"2,40 : 0.5412"
"40,2 : 0.5412"
"2,41 : 0.1304"
"41,2 : 0.1304"
"2,42 : 0.3716"
"42,2 : 0.3716"
"2,43 : 0.4617"
"43,2 : 0.4617"
"2,44 : 0.4847"
"44,2 : 0.4847"
"2,45 : 0.3622"
"45,2 : 0.3622"
"2,46 : 0.3606"
"46,2 : 0.3606"
"2,47 : 0.3847"
"47,2 : 0.3847"
"2,48 : 0.5814"
"48,2 : 0.5814"
"2,49 : 0.4827"
"49,2 : 0.4827"
"3,4 : 0.2563"
"4,3 : 0.2563"
"3,5 : 0.3801"
"5,3 : 0.3801"
"3,6 : 0.5109"
"6,3 : 0.5109"
"3,7 : 0.3225"
"7,3 : 0.3225"
"3,8 : 0.5908"
"8,3 : 0.5908"
"3,9 : 0.2502"
"9,3 : 0.2502"
"3,10 : 0.3384"
"10,3 : 0.3384"
"3,11 : 0.3413"
"11,3 : 0.3413"
"3,12 : 0.2419"
"12,3 : 0.2419"
"3,13 : 0.4168"
"13,3 : 0.4168"
"3,14 : 0.446"
"14,3 : 0.446"
"3,15 : 0.1769"
"15,3 : 0.1769"
"3,16 : 0.5143"
"16,3 : 0.5143"
"3,17 : 0.5955"
"17,3 : 0.5955"
"3,18 : 0.3848"
"18,3 : 0.3848"
"3,19 : 0.514"
"19,3 : 0.514"
"3,20 : 0.5652"
"20,3 : 0.5652"
"3,21 : 0.3231"
"21,3 : 0.3231"
"3,22 : 0.114"
"22,3 : 0.114"
"3,23 : 0.1105"
"23,3 : 0.1105"
"3,24 : 0.264"
"24,3 : 0.264"
"3,25 : 0.37"
"25,3 : 0.37"
"3,26 : 0.51"
"26,3 : 0.51"
"3,27 : 0.6008"
"27,3 : 0.6008"
"3,28 : 0.4569"
"28,3 : 0.4569"
"3,29 : 0.5096"
"29,3 : 0.5096"
"3,30 : 0.378"
"30,3 : 0.378"
"3,31 : 0.4201"
"31,3 : 0.4201"
"3,32 : 0.4405"
"32,3 : 0.4405"
"3,33 : 0.0894"
"33,3 : 0.0894"
"3,34 : 0.2247"
"34,3 : 0.2247"
"3,35 : 0.3257"
"35,3 : 0.3257"
"3,36 : 0.3759"
"36,3 : 0.3759"
"3,37 : 0.15"
"37,3 : 0.15"
"3,38 : 0.4627"
"38,3 : 0.4627"
"3,39 : 0.5385"
"39,3 : 0.5385"
"3,40 : 0.431"
"40,3 : 0.431"
"3,41 : 0.0224"
"41,3 : 0.0224"
"3,42 : 0.228"
"42,3 : 0.228"
"3,43 : 0.364"
"43,3 : 0.364"
"3,44 : 0.5771"
"44,3 : 0.5771"
"3,45 : 0.4571"
"45,3 : 0.4571"
"3,46 : 0.4342"
"46,3 : 0.4342"
"3,47 : 0.3905"
"47,3 : 0.3905"
"3,48 : 0.5155"
"48,3 : 0.5155"
"3,49 : 0.4977"
"49,3 : 0.4977"
"4,5 : 0.3178"
"5,4 : 0.3178"
"4,6 : 0.4884"
"6,4 : 0.4884"
"4,7 : 0.0943"
"7,4 : 0.0943"
"4,8 : 0.4888"
"8,4 : 0.4888"
"4,9 : 0.422"
"9,4 : 0.422"
"4,10 : 0.5604"
"10,4 : 0.5604"
"4,11 : 0.368"
"11,4 : 0.368"
"4,12 : 0.4948"
"12,4 : 0.4948"
"4,13 : 0.6708"
"13,4 : 0.6708"
"4,14 : 0.7023"
"14,4 : 0.7023"
"4,15 : 0.2506"
"15,4 : 0.2506"
"4,16 : 0.7235"
"16,4 : 0.7235"
"4,17 : 0.3662"
"17,4 : 0.3662"
"4,18 : 0.272"
"18,4 : 0.272"
"4,19 : 0.4346"
"19,4 : 0.4346"
"4,20 : 0.3126"
"20,4 : 0.3126"
"4,21 : 0.5794"
"21,4 : 0.5794"
"4,22 : 0.336"
"22,4 : 0.336"
"4,23 : 0.3048"
"23,4 : 0.3048"
"4,24 : 0.3105"
"24,4 : 0.3105"
"4,25 : 0.5908"
"25,4 : 0.5908"
"4,26 : 0.7225"
"26,4 : 0.7225"
"4,27 : 0.4328"
"27,4 : 0.4328"
"4,28 : 0.5341"
"28,4 : 0.5341"
"4,29 : 0.255"
"29,4 : 0.255"
"4,30 : 0.3256"
"30,4 : 0.3256"
"4,31 : 0.197"
"31,4 : 0.197"
"4,32 : 0.688"
"32,4 : 0.688"
"4,33 : 0.2002"
"33,4 : 0.2002"
"4,34 : 0.0316"
"34,4 : 0.0316"
"4,35 : 0.2025"
"35,4 : 0.2025"
"4,36 : 0.1273"
"36,4 : 0.1273"
"4,37 : 0.4002"
"37,4 : 0.4002"
"4,38 : 0.2236"
"38,4 : 0.2236"
"4,39 : 0.5914"
"39,4 : 0.5914"
"4,40 : 0.5859"
"40,4 : 0.5859"
"4,41 : 0.2404"
"41,4 : 0.2404"
"4,42 : 0.4838"
"42,4 : 0.4838"
"4,43 : 0.5814"
"43,4 : 0.5814"
"4,44 : 0.3759"
"44,4 : 0.3759"
"4,45 : 0.394"
"45,4 : 0.394"
"4,46 : 0.2691"
"46,4 : 0.2691"
"4,47 : 0.3453"
"47,4 : 0.3453"
"4,48 : 0.5855"
"48,4 : 0.5855"
"4,49 : 0.5673"
"49,4 : 0.5673"
"5,6 : 0.1712"
"6,5 : 0.1712"
"5,7 : 0.2602"
"7,5 : 0.2602"
"5,8 : 0.211"
"8,5 : 0.211"
"5,9 : 0.3214"
"9,5 : 0.3214"
"5,10 : 0.7112"
"10,5 : 0.7112"
"5,11 : 0.6551"
"11,5 : 0.6551"
"5,12 : 0.5819"
"12,5 : 0.5819"
"5,13 : 0.6701"
"13,5 : 0.6701"
"5,14 : 0.7333"
"14,5 : 0.7333"
"5,15 : 0.2102"
"15,5 : 0.2102"
"5,16 : 0.5909"
"16,5 : 0.5909"
"5,17 : 0.6259"
"17,5 : 0.6259"
"5,18 : 0.5894"
"18,5 : 0.5894"
"5,19 : 0.1345"
"19,5 : 0.1345"
"5,20 : 0.4244"
"20,5 : 0.4244"
"5,21 : 0.6181"
"21,5 : 0.6181"
"5,22 : 0.3574"
"22,5 : 0.3574"
"5,23 : 0.3195"
"23,5 : 0.3195"
"5,24 : 0.1503"
"24,5 : 0.1503"
"5,25 : 0.7424"
"25,5 : 0.7424"
"5,26 : 0.5962"
"26,5 : 0.5962"
"5,27 : 0.2617"
"27,5 : 0.2617"
"5,28 : 0.806"
"28,5 : 0.806"
"5,29 : 0.4025"
"29,5 : 0.4025"
"5,30 : 0.0141"
"30,5 : 0.0141"
"5,31 : 0.255"
"31,5 : 0.255"
"5,32 : 0.6528"
"32,5 : 0.6528"
"5,33 : 0.4036"
"33,5 : 0.4036"
"5,34 : 0.3162"
"34,5 : 0.3162"
"5,35 : 0.12"
"35,5 : 0.12"
"5,36 : 0.4005"
"36,5 : 0.4005"
"5,37 : 0.5099"
"37,5 : 0.5099"
"5,38 : 0.3089"
"38,5 : 0.3089"
"5,39 : 0.3008"
"39,5 : 0.3008"
"5,40 : 0.3996"
"40,5 : 0.3996"
"5,41 : 0.3842"
"41,5 : 0.3842"
"5,42 : 0.5536"
"42,5 : 0.5536"
"5,43 : 0.7382"
"43,5 : 0.7382"
"5,44 : 0.2907"
"44,5 : 0.2907"
"5,45 : 0.7084"
"45,5 : 0.7084"
"5,46 : 0.1556"
"46,5 : 0.1556"
"5,47 : 0.0316"
"47,5 : 0.0316"
"5,48 : 0.3089"
"48,5 : 0.3089"
"5,49 : 0.844"
"49,5 : 0.844"
"6,7 : 0.4301"
"7,6 : 0.4301"
"6,8 : 0.1709"
"8,6 : 0.1709"
"6,9 : 0.3677"
"9,6 : 0.3677"
"6,10 : 0.8201"
"10,6 : 0.8201"
"6,11 : 0.8139"
"11,6 : 0.8139"
"6,12 : 0.6742"
"12,6 : 0.6742"
"6,13 : 0.7131"
"13,6 : 0.7131"
"6,14 : 0.7875"
"14,6 : 0.7875"
"6,15 : 0.3342"
"15,6 : 0.3342"
"6,16 : 0.5644"
"16,6 : 0.5644"
"6,17 : 0.7892"
"17,6 : 0.7892"
"6,18 : 0.7593"
"18,6 : 0.7593"
"6,19 : 0.1131"
"19,6 : 0.1131"
"6,20 : 0.5646"
"20,6 : 0.5646"
"6,21 : 0.6854"
"21,6 : 0.6854"
"6,22 : 0.4561"
"22,6 : 0.4561"
"6,23 : 0.4252"
"23,6 : 0.4252"
"6,24 : 0.2476"
"24,6 : 0.2476"
"6,25 : 0.85"
"25,6 : 0.85"
"6,26 : 0.5731"
"26,6 : 0.5731"
"6,27 : 0.3124"
"27,6 : 0.3124"
"6,28 : 0.9572"
"28,6 : 0.9572"
"6,29 : 0.5536"
"29,6 : 0.5536"
"6,30 : 0.1628"
"30,6 : 0.1628"
"6,31 : 0.41"
"31,6 : 0.41"
"6,32 : 0.679"
"32,6 : 0.679"
"6,33 : 0.5523"
"33,6 : 0.5523"
"6,34 : 0.4851"
"34,6 : 0.4851"
"6,35 : 0.2907"
"35,6 : 0.2907"
"6,36 : 0.57"
"36,6 : 0.57"
"6,37 : 0.6185"
"37,6 : 0.6185"
"6,38 : 0.4588"
"38,6 : 0.4588"
"6,39 : 0.1703"
"39,6 : 0.1703"
"6,40 : 0.3622"
"40,6 : 0.3622"
"6,41 : 0.5201"
"41,6 : 0.5201"
"6,42 : 0.6414"
"42,6 : 0.6414"
"6,43 : 0.8481"
"43,6 : 0.8481"
"6,44 : 0.3842"
"44,6 : 0.3842"
"6,45 : 0.8764"
"45,6 : 0.8764"
"6,46 : 0.2941"
"46,6 : 0.2941"
"6,47 : 0.1432"
"47,6 : 0.1432"
"6,48 : 0.1972"
"48,6 : 0.1972"
"6,49 : 0.9964"
"49,6 : 0.9964"
"7,8 : 0.4072"
"8,7 : 0.4072"
"7,9 : 0.4393"
"9,7 : 0.4393"
"7,10 : 0.6438"
"10,7 : 0.6438"
"7,11 : 0.461"
"11,7 : 0.461"
"7,12 : 0.5644"
"12,7 : 0.5644"
"7,13 : 0.7245"
"13,7 : 0.7245"
"7,14 : 0.764"
"14,7 : 0.764"
"7,15 : 0.2625"
"15,7 : 0.2625"
"7,16 : 0.7433"
"16,7 : 0.7433"
"7,17 : 0.3734"
"17,7 : 0.3734"
"7,18 : 0.3489"
"18,7 : 0.3489"
"7,19 : 0.3614"
"19,7 : 0.3614"
"7,20 : 0.247"
"20,7 : 0.247"
"7,21 : 0.6403"
"21,7 : 0.6403"
"7,22 : 0.3808"
"22,7 : 0.3808"
"7,23 : 0.3444"
"23,7 : 0.3444"
"7,24 : 0.2968"
"24,7 : 0.2968"
"7,25 : 0.6748"
"25,7 : 0.6748"
"7,26 : 0.7441"
"26,7 : 0.7441"
"7,27 : 0.3397"
"27,7 : 0.3397"
"7,28 : 0.628"
"28,7 : 0.628"
"7,29 : 0.1972"
"29,7 : 0.1972"
"7,30 : 0.2707"
"30,7 : 0.2707"
"7,31 : 0.1044"
"31,7 : 0.1044"
"7,32 : 0.7335"
"32,7 : 0.7335"
"7,33 : 0.2828"
"33,7 : 0.2828"
"7,34 : 0.117"
"34,7 : 0.117"
"7,35 : 0.1404"
"35,7 : 0.1404"
"7,36 : 0.1404"
"36,7 : 0.1404"
"7,37 : 0.4717"
"37,7 : 0.4717"
"7,38 : 0.1404"
"38,7 : 0.1404"
"7,39 : 0.5532"
"39,7 : 0.5532"
"7,40 : 0.586"
"40,7 : 0.586"
"7,41 : 0.3106"
"41,7 : 0.3106"
"7,42 : 0.5492"
"42,7 : 0.5492"
"7,43 : 0.6661"
"43,7 : 0.6661"
"7,44 : 0.2818"
"44,7 : 0.2818"
"7,45 : 0.4751"
"45,7 : 0.4751"
"7,46 : 0.1803"
"46,7 : 0.1803"
"7,47 : 0.2907"
"47,7 : 0.2907"
"7,48 : 0.5536"
"48,7 : 0.5536"
"7,49 : 0.6607"
"49,7 : 0.6607"
"8,9 : 0.5064"
"9,8 : 0.5064"
"8,10 : 0.9218"
"10,8 : 0.9218"
"8,11 : 0.8481"
"11,8 : 0.8481"
"8,12 : 0.7892"
"12,8 : 0.7892"
"8,13 : 0.8584"
"13,8 : 0.8584"
"8,14 : 0.9276"
"14,8 : 0.9276"
"8,15 : 0.4206"
"15,8 : 0.4206"
"8,16 : 0.7316"
"16,8 : 0.7316"
"8,17 : 0.7211"
"17,8 : 0.7211"
"8,18 : 0.7558"
"18,8 : 0.7558"
"8,19 : 0.0825"
"19,8 : 0.0825"
"8,20 : 0.4639"
"20,8 : 0.4639"
"8,21 : 0.8174"
"21,8 : 0.8174"
"8,22 : 0.5646"
"22,8 : 0.5646"
"8,23 : 0.528"
"23,8 : 0.528"
"8,24 : 0.3511"
"24,8 : 0.3511"
"8,25 : 0.9529"
"25,8 : 0.9529"
"8,26 : 0.7398"
"26,8 : 0.7398"
"8,27 : 0.1612"
"27,8 : 0.1612"
"8,28 : 1.0057"
"28,8 : 1.0057"
"8,29 : 0.47"
"29,8 : 0.47"
"8,30 : 0.2147"
"30,8 : 0.2147"
"8,31 : 0.3471"
"31,8 : 0.3471"
"8,32 : 0.8315"
"32,8 : 0.8315"
"8,33 : 0.6088"
"33,8 : 0.6088"
"8,34 : 0.4965"
"34,8 : 0.4965"
"8,35 : 0.2921"
"35,8 : 0.2921"
"8,36 : 0.5345"
"36,8 : 0.5345"
"8,37 : 0.7201"
"37,8 : 0.7201"
"8,38 : 0.3812"
"38,8 : 0.3812"
"8,39 : 0.3362"
"39,8 : 0.3362"
"8,40 : 0.5295"
"40,8 : 0.5295"
"8,41 : 0.5941"
"41,8 : 0.5941"
"8,42 : 0.7596"
"42,8 : 0.7596"
"8,43 : 0.9489"
"43,8 : 0.9489"
"8,44 : 0.253"
"44,8 : 0.253"
"8,45 : 0.8812"
"45,8 : 0.8812"
"8,46 : 0.2309"
"46,8 : 0.2309"
"8,47 : 0.2062"
"47,8 : 0.2062"
"8,48 : 0.3667"
"48,8 : 0.3667"
"8,49 : 1.0424"
"49,8 : 1.0424"
"9,10 : 0.4751"
"10,9 : 0.4751"
"9,11 : 0.5903"
"11,9 : 0.5903"
"9,12 : 0.3183"
"12,9 : 0.3183"
"9,13 : 0.3523"
"13,9 : 0.3523"
"9,14 : 0.422"
"14,9 : 0.422"
"9,15 : 0.1769"
"15,9 : 0.1769"
"9,16 : 0.3041"
"16,9 : 0.3041"
"9,17 : 0.7882"
"17,9 : 0.7882"
"9,18 : 0.6236"
"18,9 : 0.6236"
"9,19 : 0.4243"
"19,9 : 0.4243"
"9,20 : 0.6768"
"20,9 : 0.6768"
"9,21 : 0.3178"
"21,9 : 0.3178"
"9,22 : 0.1414"
"22,9 : 0.1414"
"9,23 : 0.1414"
"23,9 : 0.1414"
"9,24 : 0.1746"
"24,9 : 0.1746"
"9,25 : 0.5025"
"25,9 : 0.5025"
"9,26 : 0.3048"
"26,9 : 0.3048"
"9,27 : 0.5831"
"27,9 : 0.5831"
"9,28 : 0.6912"
"28,9 : 0.6912"
"9,29 : 0.6341"
"29,9 : 0.6341"
"9,30 : 0.3106"
"30,9 : 0.3106"
"9,31 : 0.5025"
"31,9 : 0.5025"
"9,32 : 0.3314"
"32,9 : 0.3314"
"9,33 : 0.3338"
"33,9 : 0.3338"
"9,34 : 0.3966"
"34,9 : 0.3966"
"9,35 : 0.3534"
"35,9 : 0.3534"
"9,36 : 0.5482"
"36,9 : 0.5482"
"9,37 : 0.2865"
"37,9 : 0.2865"
"9,38 : 0.5576"
"38,9 : 0.5576"
"9,39 : 0.3265"
"39,9 : 0.3265"
"9,40 : 0.1811"
"40,9 : 0.1811"
"9,41 : 0.2707"
"41,9 : 0.2707"
"9,42 : 0.2832"
"42,9 : 0.2832"
"9,43 : 0.5033"
"43,9 : 0.5033"
"9,44 : 0.6017"
"44,9 : 0.6017"
"9,45 : 0.7058"
"45,9 : 0.7058"
"9,46 : 0.4522"
"46,9 : 0.4522"
"9,47 : 0.31"
"47,9 : 0.31"
"9,48 : 0.2941"
"48,9 : 0.2941"
"9,49 : 0.7325"
"49,9 : 0.7325"
"10,11 : 0.3701"
"11,10 : 0.3701"
"10,12 : 0.1612"
"12,10 : 0.1612"
"10,13 : 0.3225"
"13,10 : 0.3225"
"10,14 : 0.2786"
"14,10 : 0.2786"
"10,15 : 0.5012"
"15,10 : 0.5012"
"10,16 : 0.5771"
"16,10 : 0.5771"
"10,17 : 0.8193"
"17,10 : 0.8193"
"10,18 : 0.5367"
"18,10 : 0.5367"
"10,19 : 0.8422"
"19,10 : 0.8422"
"10,20 : 0.8702"
"20,10 : 0.8702"
"10,21 : 0.2309"
"21,10 : 0.2309"
"10,22 : 0.364"
"22,10 : 0.364"
"10,23 : 0.3966"
"23,10 : 0.3966"
"10,24 : 0.5769"
"24,10 : 0.5769"
"10,25 : 0.0316"
"25,10 : 0.0316"
"10,26 : 0.5657"
"26,10 : 0.5657"
"10,27 : 0.9392"
"27,10 : 0.9392"
"10,28 : 0.3401"
"28,10 : 0.3401"
"10,29 : 0.8106"
"29,10 : 0.8106"
"10,30 : 0.7071"
"30,10 : 0.7071"
"10,31 : 0.7467"
"31,10 : 0.7467"
"10,32 : 0.3905"
"32,10 : 0.3905"
"10,33 : 0.3612"
"33,10 : 0.3612"
"10,34 : 0.5308"
"34,10 : 0.5308"
"10,35 : 0.6641"
"35,10 : 0.6641"
"10,36 : 0.6538"
"36,10 : 0.6538"
"10,37 : 0.2025"
"37,10 : 0.2025"
"10,38 : 0.7823"
"38,10 : 0.7823"
"10,39 : 0.8016"
"39,10 : 0.8016"
"10,40 : 0.6129"
"40,10 : 0.6129"
"10,41 : 0.3421"
"41,10 : 0.3421"
"10,42 : 0.1972"
"42,10 : 0.1972"
"10,43 : 0.0283"
"43,10 : 0.0283"
"10,44 : 0.9122"
"44,10 : 0.9122"
"10,45 : 0.525"
"45,10 : 0.525"
"10,46 : 0.772"
"46,10 : 0.772"
"10,47 : 0.7169"
"47,10 : 0.7169"
"10,48 : 0.7684"
"48,10 : 0.7684"
"10,49 : 0.3734"
"49,10 : 0.3734"
"11,12 : 0.4254"
"12,11 : 0.4254"
"11,13 : 0.6414"
"13,11 : 0.6414"
"11,14 : 0.6263"
"14,11 : 0.6263"
"11,15 : 0.4934"
"15,11 : 0.4934"
"11,16 : 0.8246"
"16,11 : 0.8246"
"11,17 : 0.4826"
"17,11 : 0.4826"
"11,18 : 0.1903"
"18,11 : 0.1903"
"11,19 : 0.7849"
"19,11 : 0.7849"
"11,20 : 0.6168"
"20,11 : 0.6168"
"11,21 : 0.5334"
"21,11 : 0.5334"
"11,22 : 0.45"
"22,11 : 0.45"
"11,23 : 0.4518"
"23,11 : 0.4518"
"11,24 : 0.5819"
"24,11 : 0.5819"
"11,25 : 0.3883"
"25,11 : 0.3883"
"11,26 : 0.8174"
"26,11 : 0.8174"
"11,27 : 0.8006"
"27,11 : 0.8006"
"11,28 : 0.17"
"28,11 : 0.17"
"11,29 : 0.5571"
"29,11 : 0.5571"
"11,30 : 0.6586"
"30,11 : 0.6586"
"11,31 : 0.558"
"31,11 : 0.558"
"11,32 : 0.6932"
"32,11 : 0.6932"
"11,33 : 0.2693"
"33,11 : 0.2693"
"11,34 : 0.3538"
"34,11 : 0.3538"
"11,35 : 0.5561"
"35,11 : 0.5561"
"11,36 : 0.394"
"36,11 : 0.394"
"11,37 : 0.3606"
"37,11 : 0.3606"
"11,38 : 0.5694"
"38,11 : 0.5694"
"11,39 : 0.8709"
"39,11 : 0.8709"
"11,40 : 0.77"
"40,11 : 0.77"
"11,41 : 0.3225"
"41,11 : 0.3225"
"11,42 : 0.4428"
"42,11 : 0.4428"
"11,43 : 0.3744"
"43,11 : 0.3744"
"11,44 : 0.7382"
"44,11 : 0.7382"
"11,45 : 0.1556"
"45,11 : 0.1556"
"11,46 : 0.6364"
"46,11 : 0.6364"
"11,47 : 0.676"
"47,11 : 0.676"
"11,48 : 0.8515"
"48,11 : 0.8515"
"11,49 : 0.2"
"49,11 : 0.2"
"12,13 : 0.2163"
"13,12 : 0.2163"
"12,14 : 0.2163"
"14,12 : 0.2163"
"12,15 : 0.3736"
"15,12 : 0.3736"
"12,16 : 0.4301"
"16,12 : 0.4301"
"12,17 : 0.8078"
"17,12 : 0.8078"
"12,18 : 0.5517"
"18,12 : 0.5517"
"12,19 : 0.7077"
"19,12 : 0.7077"
"12,20 : 0.806"
"20,12 : 0.806"
"12,21 : 0.1082"
"21,12 : 0.1082"
"12,22 : 0.2247"
"22,12 : 0.2247"
"12,23 : 0.2625"
"23,12 : 0.2625"
"12,24 : 0.4386"
"24,12 : 0.4386"
"12,25 : 0.186"
"25,12 : 0.186"
"12,26 : 0.42"
"26,12 : 0.42"
"12,27 : 0.8257"
"27,12 : 0.8257"
"12,28 : 0.454"
"28,12 : 0.454"
"12,29 : 0.7495"
"29,12 : 0.7495"
"12,30 : 0.5758"
"30,12 : 0.5758"
"12,31 : 0.6612"
"31,12 : 0.6612"
"12,32 : 0.2693"
"32,12 : 0.2693"
"12,33 : 0.3008"
"33,12 : 0.3008"
"12,34 : 0.4632"
"34,12 : 0.4632"
"12,35 : 0.5544"
"35,12 : 0.5544"
"12,36 : 0.6075"
"36,12 : 0.6075"
"12,37 : 0.0949"
"37,12 : 0.0949"
"12,38 : 0.7046"
"38,12 : 0.7046"
"12,39 : 0.6438"
"39,12 : 0.6438"
"12,40 : 0.4518"
"40,12 : 0.4518"
"12,41 : 0.255"
"41,12 : 0.255"
"12,42 : 0.0361"
"42,12 : 0.0361"
"12,43 : 0.1887"
"43,12 : 0.1887"
"12,44 : 0.8122"
"44,12 : 0.8122"
"12,45 : 0.5769"
"45,12 : 0.5769"
"12,46 : 0.6648"
"46,12 : 0.6648"
"12,47 : 0.5831"
"47,12 : 0.5831"
"12,48 : 0.6096"
"48,12 : 0.6096"
"12,49 : 0.4925"
"49,12 : 0.4925"
"13,14 : 0.0849"
"14,13 : 0.0849"
"13,15 : 0.4866"
"15,13 : 0.4866"
"13,16 : 0.2818"
"16,13 : 0.2818"
"13,17 : 1.008"
"17,13 : 1.008"
"13,18 : 0.7642"
"18,13 : 0.7642"
"13,19 : 0.7765"
"19,13 : 0.7765"
"13,20 : 0.9714"
"20,13 : 0.9714"
"13,21 : 0.1082"
"21,13 : 0.1082"
"13,22 : 0.3448"
"22,13 : 0.3448"
"13,23 : 0.3833"
"23,13 : 0.3833"
"13,24 : 0.52"
"24,13 : 0.52"
"13,25 : 0.3302"
"25,13 : 0.3302"
"13,26 : 0.2683"
"26,13 : 0.2683"
"13,27 : 0.9302"
"27,13 : 0.9302"
"13,28 : 0.6552"
"28,13 : 0.6552"
"13,29 : 0.9192"
"29,13 : 0.9192"
"13,30 : 0.6603"
"30,13 : 0.6603"
"13,31 : 0.8104"
"31,13 : 0.8104"
"13,32 : 0.0728"
"32,13 : 0.0728"
"13,33 : 0.4941"
"33,13 : 0.4941"
"13,34 : 0.6395"
"34,13 : 0.6395"
"13,35 : 0.679"
"35,13 : 0.679"
"13,36 : 0.7926"
"36,13 : 0.7926"
"13,37 : 0.297"
"37,13 : 0.297"
"13,38 : 0.8602"
"38,13 : 0.8602"
"13,39 : 0.6306"
"39,13 : 0.6306"
"13,40 : 0.3966"
"40,13 : 0.3966"
"13,41 : 0.4357"
"41,13 : 0.4357"
"13,42 : 0.2052"
"42,13 : 0.2052"
"13,43 : 0.3406"
"43,13 : 0.3406"
"13,44 : 0.9377"
"44,13 : 0.9377"
"13,45 : 0.7932"
"45,13 : 0.7932"
"13,46 : 0.7864"
"46,13 : 0.7864"
"13,47 : 0.6612"
"47,13 : 0.6612"
"13,48 : 0.5906"
"48,13 : 0.5906"
"13,49 : 0.6912"
"49,13 : 0.6912"
"14,15 : 0.5404"
"15,14 : 0.5404"
"14,16 : 0.3636"
"16,14 : 0.3636"
"14,17 : 1.024"
"17,14 : 1.024"
"14,18 : 0.7658"
"18,14 : 0.7658"
"14,19 : 0.8453"
"19,14 : 0.8453"
"14,20 : 1.0096"
"20,14 : 1.0096"
"14,21 : 0.1237"
"21,14 : 0.1237"
"14,22 : 0.392"
"22,14 : 0.392"
"14,23 : 0.4319"
"23,14 : 0.4319"
"14,24 : 0.5831"
"24,14 : 0.5831"
"14,25 : 0.2789"
"25,14 : 0.2789"
"14,26 : 0.3499"
"26,14 : 0.3499"
"14,27 : 0.9908"
"27,14 : 0.9908"
"14,28 : 0.6185"
"28,14 : 0.6185"
"14,29 : 0.9551"
"29,14 : 0.9551"
"14,30 : 0.7244"
"30,14 : 0.7244"
"14,31 : 0.8551"
"31,14 : 0.8551"
"14,32 : 0.1526"
"32,14 : 0.1526"
"14,33 : 0.5143"
"33,14 : 0.5143"
"14,34 : 0.6707"
"34,14 : 0.6707"
"14,35 : 0.7317"
"35,14 : 0.7317"
"14,36 : 0.8194"
"36,14 : 0.8194"
"14,37 : 0.3089"
"37,14 : 0.3089"
"14,38 : 0.9024"
"38,14 : 0.9024"
"14,39 : 0.712"
"39,14 : 0.712"
"14,40 : 0.4801"
"40,14 : 0.4801"
"14,41 : 0.4624"
"41,14 : 0.4624"
"14,42 : 0.2193"
"42,14 : 0.2193"
"14,43 : 0.2912"
"43,14 : 0.2912"
"14,44 : 0.9918"
"44,14 : 0.9918"
"14,45 : 0.781"
"45,14 : 0.781"
"14,46 : 0.841"
"46,14 : 0.841"
"14,47 : 0.7269"
"47,14 : 0.7269"
"14,48 : 0.6723"
"48,14 : 0.6723"
"14,49 : 0.6519"
"49,14 : 0.6519"
"15,16 : 0.481"
"16,15 : 0.481"
"15,17 : 0.6159"
"17,15 : 0.6159"
"15,18 : 0.4817"
"18,15 : 0.4817"
"15,19 : 0.3413"
"19,15 : 0.3413"
"15,20 : 0.5025"
"20,15 : 0.5025"
"15,21 : 0.4201"
"21,15 : 0.4201"
"15,22 : 0.1513"
"22,15 : 0.1513"
"15,23 : 0.1118"
"23,15 : 0.1118"
"15,24 : 0.0894"
"24,15 : 0.0894"
"15,25 : 0.5324"
"25,15 : 0.5324"
"15,26 : 0.4817"
"26,15 : 0.4817"
"15,27 : 0.454"
"27,15 : 0.454"
"15,28 : 0.6265"
"28,15 : 0.6265"
"15,29 : 0.458"
"29,15 : 0.458"
"15,30 : 0.2059"
"30,15 : 0.2059"
"15,31 : 0.3311"
"31,15 : 0.3311"
"15,32 : 0.4838"
"32,15 : 0.4838"
"15,33 : 0.2247"
"33,15 : 0.2247"
"15,34 : 0.2285"
"34,15 : 0.2285"
"15,35 : 0.1924"
"35,15 : 0.1924"
"15,36 : 0.3744"
"36,15 : 0.3744"
"15,37 : 0.2997"
"37,15 : 0.2997"
"15,38 : 0.3847"
"38,15 : 0.3847"
"15,39 : 0.3785"
"39,15 : 0.3785"
"15,40 : 0.3354"
"40,15 : 0.3354"
"15,41 : 0.186"
"41,15 : 0.186"
"15,42 : 0.3471"
"42,15 : 0.3471"
"15,43 : 0.5284"
"43,15 : 0.5284"
"15,44 : 0.4518"
"44,15 : 0.4518"
"15,45 : 0.5814"
"45,15 : 0.5814"
"15,46 : 0.3007"
"46,15 : 0.3007"
"15,47 : 0.2163"
"47,15 : 0.2163"
"15,48 : 0.3622"
"48,15 : 0.3622"
"15,49 : 0.6665"
"49,15 : 0.6665"
"16,17 : 1.0885"
"17,16 : 1.0885"
"16,18 : 0.899"
"18,16 : 0.899"
"16,19 : 0.6573"
"19,16 : 0.6573"
"16,20 : 0.978"
"20,16 : 0.978"
"16,21 : 0.3471"
"21,16 : 0.3471"
"16,22 : 0.4031"
"22,16 : 0.4031"
"16,23 : 0.4244"
"23,16 : 0.4244"
"16,24 : 0.4632"
"24,16 : 0.4632"
"16,25 : 0.5923"
"25,16 : 0.5923"
"16,26 : 0.0141"
"26,16 : 0.0141"
"16,27 : 0.8443"
"27,16 : 0.8443"
"16,28 : 0.8814"
"28,16 : 0.8814"
"16,29 : 0.9372"
"29,16 : 0.9372"
"16,30 : 0.5778"
"30,16 : 0.5778"
"16,31 : 0.8021"
"31,16 : 0.8021"
"16,32 : 0.211"
"32,16 : 0.211"
"16,33 : 0.6037"
"33,16 : 0.6037"
"16,34 : 0.6966"
"34,16 : 0.6966"
"16,35 : 0.649"
"35,16 : 0.649"
"16,36 : 0.8504"
"36,16 : 0.8504"
"16,37 : 0.4669"
"37,16 : 0.4669"
"16,38 : 0.858"
"38,16 : 0.858"
"16,39 : 0.4319"
"39,16 : 0.4319"
"16,40 : 0.2022"
"40,16 : 0.2022"
"16,41 : 0.5367"
"41,16 : 0.5367"
"16,42 : 0.4001"
"42,16 : 0.4001"
"16,43 : 0.6002"
"43,16 : 0.6002"
"16,44 : 0.8814"
"44,16 : 0.8814"
"16,45 : 0.9614"
"45,16 : 0.9614"
"16,46 : 0.7382"
"46,16 : 0.7382"
"16,47 : 0.5701"
"47,16 : 0.5701"
"16,48 : 0.3912"
"48,16 : 0.3912"
"16,49 : 0.9209"
"49,16 : 0.9209"
"17,18 : 0.2927"
"18,17 : 0.2927"
"17,19 : 0.7011"
"19,17 : 0.7011"
"17,20 : 0.2786"
"20,17 : 0.2786"
"17,21 : 0.907"
"21,17 : 0.907"
"17,22 : 0.6931"
"22,17 : 0.6931"
"17,23 : 0.666"
"23,17 : 0.666"
"17,24 : 0.6664"
"24,17 : 0.6664"
"17,25 : 0.8443"
"25,17 : 0.8443"
"17,26 : 1.0871"
"26,17 : 1.0871"
"17,27 : 0.5923"
"27,17 : 0.5923"
"17,28 : 0.6307"
"28,17 : 0.6307"
"17,29 : 0.2532"
"29,17 : 0.2532"
"17,30 : 0.6379"
"30,17 : 0.6379"
"17,31 : 0.3812"
"31,17 : 0.3812"
"17,32 : 1.0359"
"32,17 : 1.0359"
"17,33 : 0.514"
"33,17 : 0.514"
"17,34 : 0.392"
"34,17 : 0.392"
"17,35 : 0.5096"
"35,17 : 0.5096"
"17,36 : 0.2419"
"36,17 : 0.2419"
"17,37 : 0.7156"
"37,17 : 0.7156"
"17,38 : 0.3401"
"38,17 : 0.3401"
"17,39 : 0.9244"
"39,17 : 0.9244"
"17,40 : 0.9502"
"40,17 : 0.9502"
"17,41 : 0.5749"
"41,17 : 0.5749"
"17,42 : 0.8071"
"42,17 : 0.8071"
"17,43 : 0.8317"
"43,17 : 0.8317"
"17,44 : 0.4948"
"44,17 : 0.4948"
"17,45 : 0.3748"
"45,17 : 0.3748"
"17,46 : 0.5009"
"46,17 : 0.5009"
"17,47 : 0.6573"
"47,17 : 0.6573"
"17,48 : 0.9266"
"48,17 : 0.9266"
"17,49 : 0.6438"
"49,17 : 0.6438"
"18,19 : 0.7058"
"19,18 : 0.7058"
"18,20 : 0.4478"
"20,18 : 0.4478"
"18,21 : 0.6576"
"21,18 : 0.6576"
"18,22 : 0.4977"
"22,18 : 0.4977"
"18,23 : 0.4838"
"23,18 : 0.4838"
"18,24 : 0.56"
"24,18 : 0.56"
"18,25 : 0.5595"
"25,18 : 0.5595"
"18,26 : 0.8944"
"26,18 : 0.8944"
"18,27 : 0.678"
"27,18 : 0.678"
"18,28 : 0.3471"
"28,18 : 0.3471"
"18,29 : 0.3912"
"29,18 : 0.3912"
"18,30 : 0.5967"
"30,18 : 0.5967"
"18,31 : 0.428"
"31,18 : 0.428"
"18,32 : 0.8043"
"32,18 : 0.8043"
"18,33 : 0.2955"
"33,18 : 0.2955"
"18,34 : 0.2746"
"34,18 : 0.2746"
"18,35 : 0.4743"
"35,18 : 0.4743"
"18,36 : 0.2404"
"36,18 : 0.2404"
"18,37 : 0.4675"
"37,18 : 0.4675"
"18,38 : 0.4243"
"38,18 : 0.4243"
"18,39 : 0.8509"
"39,18 : 0.8509"
"18,40 : 0.8028"
"40,18 : 0.8028"
"18,41 : 0.3625"
"41,18 : 0.3625"
"18,42 : 0.559"
"42,18 : 0.559"
"18,43 : 0.5463"
"43,18 : 0.5463"
"18,44 : 0.6014"
"44,18 : 0.6014"
"18,45 : 0.1281"
"45,18 : 0.1281"
"18,46 : 0.5284"
"46,18 : 0.5284"
"18,47 : 0.6161"
"47,18 : 0.6161"
"18,48 : 0.84"
"48,18 : 0.84"
"18,49 : 0.3669"
"49,18 : 0.3669"
"19,20 : 0.4617"
"20,19 : 0.4617"
"19,21 : 0.735"
"21,19 : 0.735"
"19,22 : 0.4833"
"22,19 : 0.4833"
"19,23 : 0.4472"
"23,19 : 0.4472"
"19,24 : 0.2693"
"24,19 : 0.2693"
"19,25 : 0.8732"
"25,19 : 0.8732"
"19,26 : 0.6649"
"26,19 : 0.6649"
"19,27 : 0.2"
"27,19 : 0.2"
"19,28 : 0.9386"
"28,19 : 0.9386"
"19,29 : 0.4571"
"29,19 : 0.4571"
"19,30 : 0.136"
"30,19 : 0.136"
"19,31 : 0.3202"
"31,19 : 0.3202"
"19,32 : 0.7506"
"32,19 : 0.7506"
"19,33 : 0.5376"
"33,19 : 0.5376"
"19,34 : 0.4383"
"34,19 : 0.4383"
"19,35 : 0.2326"
"35,19 : 0.2326"
"19,36 : 0.4965"
"36,19 : 0.4965"
"19,37 : 0.6401"
"37,19 : 0.6401"
"19,38 : 0.3635"
"38,19 : 0.3635"
"19,39 : 0.2832"
"39,19 : 0.2832"
"19,40 : 0.4561"
"40,19 : 0.4561"
"19,41 : 0.5186"
"41,19 : 0.5186"
"19,42 : 0.6778"
"42,19 : 0.6778"
"19,43 : 0.8695"
"43,19 : 0.8695"
"19,44 : 0.272"
"44,19 : 0.272"
"19,45 : 0.8286"
"45,19 : 0.8286"
"19,46 : 0.2002"
"46,19 : 0.2002"
"19,47 : 0.1253"
"47,19 : 0.1253"
"19,48 : 0.3081"
"48,19 : 0.3081"
"19,49 : 0.9762"
"49,19 : 0.9762"
"20,21 : 0.886"
"21,20 : 0.886"
"20,22 : 0.6277"
"22,20 : 0.6277"
"20,23 : 0.5909"
"23,20 : 0.5909"
"20,24 : 0.5174"
"24,20 : 0.5174"
"20,25 : 0.9001"
"25,20 : 0.9001"
"20,26 : 0.9801"
"26,20 : 0.9801"
"20,27 : 0.3206"
"27,20 : 0.3206"
"20,28 : 0.7855"
"28,20 : 0.7855"
"20,29 : 0.0608"
"29,20 : 0.0608"
"20,30 : 0.4383"
"30,20 : 0.4383"
"20,31 : 0.1769"
"31,20 : 0.1769"
"20,32 : 0.9799"
"32,20 : 0.9799"
"20,33 : 0.5124"
"33,20 : 0.5124"
"20,34 : 0.3437"
"34,20 : 0.3437"
"20,35 : 0.3324"
"35,20 : 0.3324"
"20,36 : 0.2256"
"36,20 : 0.2256"
"20,37 : 0.712"
"37,20 : 0.712"
"20,38 : 0.1204"
"38,20 : 0.1204"
"20,39 : 0.7207"
"39,20 : 0.7207"
"20,40 : 0.8062"
"40,20 : 0.8062"
"20,41 : 0.5511"
"41,20 : 0.5511"
"20,42 : 0.7931"
"42,20 : 0.7931"
"20,43 : 0.89"
"43,20 : 0.89"
"20,44 : 0.2209"
"44,20 : 0.2209"
"20,45 : 0.5686"
"45,20 : 0.5686"
"20,46 : 0.2729"
"46,20 : 0.2729"
"20,47 : 0.4549"
"47,20 : 0.4549"
"20,48 : 0.7325"
"48,20 : 0.7325"
"20,49 : 0.8102"
"49,20 : 0.8102"
"21,22 : 0.2702"
"22,21 : 0.2702"
"21,23 : 0.3102"
"23,21 : 0.3102"
"21,24 : 0.4687"
"24,21 : 0.4687"
"21,25 : 0.2452"
"25,21 : 0.2452"
"21,26 : 0.3354"
"26,21 : 0.3354"
"21,27 : 0.8728"
"27,21 : 0.8728"
"21,28 : 0.5532"
"28,21 : 0.5532"
"21,29 : 0.8317"
"29,21 : 0.8317"
"21,30 : 0.61"
"30,21 : 0.61"
"21,31 : 0.7316"
"31,21 : 0.7316"
"21,32 : 0.1649"
"32,21 : 0.1649"
"21,33 : 0.3945"
"33,21 : 0.3945"
"21,34 : 0.5478"
"34,21 : 0.5478"
"21,35 : 0.6103"
"35,21 : 0.6103"
"21,36 : 0.6978"
"36,21 : 0.6978"
"21,37 : 0.1921"
"37,21 : 0.1921"
"21,38 : 0.7788"
"38,21 : 0.7788"
"21,39 : 0.628"
"39,21 : 0.628"
"21,40 : 0.4111"
"40,21 : 0.4111"
"21,41 : 0.3401"
"41,21 : 0.3401"
"21,42 : 0.1"
"42,21 : 0.1"
"21,43 : 0.2532"
"43,21 : 0.2532"
"21,44 : 0.8705"
"44,21 : 0.8705"
"21,45 : 0.6851"
"45,21 : 0.6851"
"21,46 : 0.7201"
"46,21 : 0.7201"
"21,47 : 0.6139"
"47,21 : 0.6139"
"21,48 : 0.5903"
"48,21 : 0.5903"
"21,49 : 0.5903"
"49,21 : 0.5903"
"22,23 : 0.04"
"23,22 : 0.04"
"22,24 : 0.2147"
"24,22 : 0.2147"
"22,25 : 0.3941"
"25,22 : 0.3941"
"22,26 : 0.3996"
"26,22 : 0.3996"
"22,27 : 0.6053"
"27,22 : 0.6053"
"22,28 : 0.5508"
"28,22 : 0.5508"
"22,29 : 0.577"
"29,22 : 0.577"
"22,30 : 0.3511"
"30,22 : 0.3511"
"22,31 : 0.4657"
"31,22 : 0.4657"
"22,32 : 0.3536"
"32,22 : 0.3536"
"22,33 : 0.2025"
"33,22 : 0.2025"
"22,34 : 0.3061"
"34,22 : 0.3061"
"22,35 : 0.3401"
"35,22 : 0.3401"
"22,36 : 0.4623"
"36,22 : 0.4623"
"22,37 : 0.1628"
"37,22 : 0.1628"
"22,38 : 0.5155"
"38,22 : 0.5155"
"22,39 : 0.4528"
"39,22 : 0.4528"
"22,40 : 0.32"
"40,22 : 0.32"
"22,41 : 0.136"
"41,22 : 0.136"
"22,42 : 0.1965"
"42,22 : 0.1965"
"22,43 : 0.392"
"43,22 : 0.392"
"22,44 : 0.6003"
"44,22 : 0.6003"
"22,45 : 0.5707"
"45,22 : 0.5707"
"22,46 : 0.45"
"46,22 : 0.45"
"22,47 : 0.3585"
"47,22 : 0.3585"
"22,48 : 0.4249"
"48,22 : 0.4249"
"22,49 : 0.592"
"49,22 : 0.592"
"23,24 : 0.1803"
"24,23 : 0.1803"
"23,25 : 0.4272"
"25,23 : 0.4272"
"23,26 : 0.422"
"26,23 : 0.422"
"23,27 : 0.5657"
"27,23 : 0.5657"
"23,28 : 0.563"
"28,23 : 0.563"
"23,29 : 0.5412"
"29,23 : 0.5412"
"23,30 : 0.3138"
"30,23 : 0.3138"
"23,31 : 0.4272"
"31,23 : 0.4272"
"23,32 : 0.3891"
"32,23 : 0.3891"
"23,33 : 0.1924"
"33,23 : 0.1924"
"23,34 : 0.2759"
"34,23 : 0.2759"
"23,35 : 0.3002"
"35,23 : 0.3002"
"23,36 : 0.4319"
"36,23 : 0.4319"
"23,37 : 0.1942"
"37,23 : 0.1942"
"23,38 : 0.4776"
"38,23 : 0.4776"
"23,39 : 0.4338"
"39,23 : 0.4338"
"23,40 : 0.3225"
"40,23 : 0.3225"
"23,41 : 0.13"
"41,23 : 0.13"
"23,42 : 0.2354"
"42,23 : 0.2354"
"23,43 : 0.4244"
"43,23 : 0.4244"
"23,44 : 0.5604"
"44,23 : 0.5604"
"23,45 : 0.5644"
"45,23 : 0.5644"
"23,46 : 0.41"
"46,23 : 0.41"
"23,47 : 0.322"
"47,23 : 0.322"
"23,48 : 0.4085"
"48,23 : 0.4085"
"23,49 : 0.6041"
"49,23 : 0.6041"
"24,25 : 0.6075"
"25,24 : 0.6075"
"24,26 : 0.4665"
"26,24 : 0.4665"
"24,27 : 0.4105"
"27,24 : 0.4105"
"24,28 : 0.7159"
"28,24 : 0.7159"
"24,29 : 0.481"
"29,24 : 0.481"
"24,30 : 0.1414"
"30,24 : 0.1414"
"24,31 : 0.3406"
"31,24 : 0.3406"
"24,32 : 0.5049"
"32,24 : 0.5049"
"24,33 : 0.3138"
"33,24 : 0.3138"
"24,34 : 0.2943"
"34,24 : 0.2943"
"24,35 : 0.186"
"35,24 : 0.186"
"24,36 : 0.4254"
"36,24 : 0.4254"
"24,37 : 0.3744"
"37,24 : 0.3744"
"24,38 : 0.397"
"38,24 : 0.397"
"24,39 : 0.2927"
"39,24 : 0.2927"
"24,40 : 0.2907"
"40,24 : 0.2907"
"24,41 : 0.2746"
"41,24 : 0.2746"
"24,42 : 0.4085"
"42,24 : 0.4085"
"24,43 : 0.6046"
"43,24 : 0.6046"
"24,44 : 0.4272"
"44,24 : 0.4272"
"24,45 : 0.6648"
"45,24 : 0.6648"
"24,46 : 0.2786"
"46,24 : 0.2786"
"24,47 : 0.1456"
"47,24 : 0.1456"
"24,48 : 0.28"
"48,24 : 0.28"
"24,49 : 0.7559"
"49,24 : 0.7559"
"25,26 : 0.5805"
"26,25 : 0.5805"
"25,27 : 0.9708"
"27,25 : 0.9708"
"25,28 : 0.3448"
"28,25 : 0.3448"
"25,29 : 0.8402"
"29,25 : 0.8402"
"25,30 : 0.7382"
"30,25 : 0.7382"
"25,31 : 0.7778"
"31,25 : 0.7778"
"25,32 : 0.4001"
"32,25 : 0.4001"
"25,33 : 0.392"
"33,25 : 0.392"
"25,34 : 0.5614"
"34,25 : 0.5614"
"25,35 : 0.6957"
"35,25 : 0.6957"
"25,36 : 0.6826"
"36,25 : 0.6826"
"25,37 : 0.2332"
"37,25 : 0.2332"
"25,38 : 0.813"
"38,25 : 0.813"
"25,39 : 0.8288"
"39,25 : 0.8288"
"25,40 : 0.6363"
"40,25 : 0.6363"
"25,41 : 0.3736"
"41,25 : 0.3736"
"25,42 : 0.222"
"42,25 : 0.222"
"25,43 : 0.0141"
"43,25 : 0.0141"
"25,44 : 0.9437"
"44,25 : 0.9437"
"25,45 : 0.542"
"45,25 : 0.542"
"25,46 : 0.8036"
"46,25 : 0.8036"
"25,47 : 0.7479"
"47,25 : 0.7479"
"25,48 : 0.7951"
"48,25 : 0.7951"
"25,49 : 0.3758"
"49,25 : 0.3758"
"26,27 : 0.8507"
"27,26 : 0.8507"
"26,28 : 0.8721"
"28,26 : 0.8721"
"26,29 : 0.9386"
"29,26 : 0.9386"
"26,30 : 0.5831"
"30,26 : 0.5831"
"26,31 : 0.8045"
"31,26 : 0.8045"
"26,32 : 0.1972"
"32,26 : 0.1972"
"26,33 : 0.5994"
"33,26 : 0.5994"
"26,34 : 0.6953"
"34,26 : 0.6953"
"26,35 : 0.6519"
"35,26 : 0.6519"
"26,36 : 0.8496"
"36,26 : 0.8496"
"26,37 : 0.4589"
"37,26 : 0.4589"
"26,38 : 0.8602"
"38,26 : 0.8602"
"26,39 : 0.4428"
"39,26 : 0.4428"
"26,40 : 0.211"
"40,26 : 0.211"
"26,41 : 0.5324"
"41,26 : 0.5324"
"26,42 : 0.3905"
"42,26 : 0.3905"
"26,43 : 0.5886"
"43,26 : 0.5886"
"26,44 : 0.8864"
"44,26 : 0.8864"
"26,45 : 0.9552"
"45,26 : 0.9552"
"26,46 : 0.7424"
"46,26 : 0.7424"
"26,47 : 0.5758"
"47,26 : 0.5758"
"26,48 : 0.402"
"48,26 : 0.402"
"26,49 : 0.9114"
"49,26 : 0.9114"
"27,28 : 0.9667"
"28,27 : 0.9667"
"27,29 : 0.3396"
"29,27 : 0.3396"
"27,30 : 0.2729"
"30,27 : 0.2729"
"27,31 : 0.25"
"31,27 : 0.25"
"27,32 : 0.9144"
"32,27 : 0.9144"
"27,33 : 0.5948"
"33,27 : 0.5948"
"27,34 : 0.45"
"34,27 : 0.45"
"27,35 : 0.2751"
"35,27 : 0.2751"
"27,36 : 0.441"
"36,27 : 0.441"
"27,37 : 0.7446"
"37,27 : 0.7446"
"27,38 : 0.264"
"38,27 : 0.264"
"27,39 : 0.4827"
"39,27 : 0.4827"
"27,40 : 0.6462"
"40,27 : 0.6462"
"27,41 : 0.5981"
"41,27 : 0.5981"
"27,42 : 0.8006"
"42,27 : 0.8006"
"27,43 : 0.9646"
"43,27 : 0.9646"
"27,44 : 0.1"
"44,27 : 0.1"
"27,45 : 0.806"
"45,27 : 0.806"
"27,46 : 0.17"
"46,27 : 0.17"
"27,47 : 0.2766"
"47,27 : 0.2766"
"27,48 : 0.508"
"48,27 : 0.508"
"27,49 : 1.0"
"49,27 : 1.0"
"28,29 : 0.7262"
"29,28 : 0.7262"
"28,30 : 0.808"
"30,28 : 0.808"
"28,31 : 0.7267"
"31,28 : 0.7267"
"28,32 : 0.7181"
"32,28 : 0.7181"
"28,33 : 0.405"
"33,28 : 0.405"
"28,34 : 0.5174"
"34,28 : 0.5174"
"28,35 : 0.7145"
"35,28 : 0.7145"
"28,36 : 0.5636"
"36,28 : 0.5636"
"28,37 : 0.4211"
"37,28 : 0.4211"
"28,38 : 0.7393"
"38,28 : 0.7393"
"28,39 : 0.9954"
"39,28 : 0.9954"
"28,40 : 0.8631"
"40,28 : 0.8631"
"28,41 : 0.4428"
"41,28 : 0.4428"
"28,42 : 0.4817"
"42,28 : 0.4817"
"28,43 : 0.3312"
"43,28 : 0.3312"
"28,44 : 0.907"
"44,28 : 0.907"
"28,45 : 0.2617"
"45,28 : 0.2617"
"28,46 : 0.8006"
"46,28 : 0.8006"
"28,47 : 0.8242"
"47,28 : 0.8242"
"28,48 : 0.9714"
"48,28 : 0.9714"
"28,49 : 0.0412"
"49,28 : 0.0412"
"29,30 : 0.4159"
"30,29 : 0.4159"
"29,31 : 0.1476"
"31,29 : 0.1476"
"29,32 : 0.9302"
"32,29 : 0.9302"
"29,33 : 0.454"
"33,29 : 0.454"
"29,34 : 0.2864"
"34,29 : 0.2864"
"29,35 : 0.3"
"35,29 : 0.3"
"29,36 : 0.1649"
"36,29 : 0.1649"
"29,37 : 0.6551"
"37,29 : 0.6551"
"29,38 : 0.0949"
"38,29 : 0.0949"
"29,39 : 0.7026"
"39,29 : 0.7026"
"29,40 : 0.7716"
"40,29 : 0.7716"
"29,41 : 0.4948"
"41,29 : 0.4948"
"29,42 : 0.7376"
"42,29 : 0.7376"
"29,43 : 0.8301"
"43,29 : 0.8301"
"29,44 : 0.2435"
"44,29 : 0.2435"
"29,45 : 0.514"
"45,29 : 0.514"
"29,46 : 0.2596"
"46,29 : 0.2596"
"29,47 : 0.4338"
"47,29 : 0.4338"
"29,48 : 0.7112"
"48,29 : 0.7112"
"29,49 : 0.7515"
"49,29 : 0.7515"
"30,31 : 0.2683"
"31,30 : 0.2683"
"30,32 : 0.642"
"32,30 : 0.642"
"30,33 : 0.4046"
"33,30 : 0.4046"
"30,34 : 0.3228"
"34,30 : 0.3228"
"30,35 : 0.1304"
"35,30 : 0.1304"
"30,36 : 0.4111"
"36,30 : 0.4111"
"30,37 : 0.5054"
"37,30 : 0.5054"
"30,38 : 0.3225"
"38,30 : 0.3225"
"30,39 : 0.2879"
"39,30 : 0.2879"
"30,40 : 0.3859"
"40,30 : 0.3859"
"30,41 : 0.3829"
"41,30 : 0.3829"
"30,42 : 0.5471"
"42,30 : 0.5471"
"30,43 : 0.7343"
"43,30 : 0.7343"
"30,44 : 0.3041"
"44,30 : 0.3041"
"30,45 : 0.7147"
"45,30 : 0.7147"
"30,46 : 0.1697"
"46,30 : 0.1697"
"30,47 : 0.02"
"47,30 : 0.02"
"30,48 : 0.2953"
"48,30 : 0.2953"
"30,49 : 0.8463"
"49,30 : 0.8463"
"31,32 : 0.8134"
"32,31 : 0.8134"
"31,33 : 0.3864"
"33,31 : 0.3864"
"31,34 : 0.2214"
"34,31 : 0.2214"
"31,35 : 0.1556"
"35,31 : 0.1556"
"31,36 : 0.1924"
"36,31 : 0.1924"
"31,37 : 0.5701"
"37,31 : 0.5701"
"31,38 : 0.0566"
"38,31 : 0.0566"
"31,39 : 0.5554"
"39,31 : 0.5554"
"31,40 : 0.6294"
"40,31 : 0.6294"
"31,41 : 0.4101"
"41,31 : 0.4101"
"31,42 : 0.6438"
"42,31 : 0.6438"
"31,43 : 0.7694"
"43,31 : 0.7694"
"31,44 : 0.1803"
"44,31 : 0.1803"
"31,45 : 0.5561"
"45,31 : 0.5561"
"31,46 : 0.12"
"46,31 : 0.12"
"31,47 : 0.2864"
"47,31 : 0.2864"
"31,48 : 0.5636"
"48,31 : 0.5636"
"31,49 : 0.758"
"49,31 : 0.758"
"32,33 : 0.5235"
"33,32 : 0.5235"
"32,34 : 0.6573"
"34,32 : 0.6573"
"32,35 : 0.6745"
"35,32 : 0.6745"
"32,36 : 0.8127"
"36,32 : 0.8127"
"32,37 : 0.3384"
"37,32 : 0.3384"
"32,38 : 0.8654"
"38,32 : 0.8654"
"32,39 : 0.5831"
"39,32 : 0.5831"
"32,40 : 0.3444"
"40,32 : 0.3444"
"32,41 : 0.461"
"41,32 : 0.461"
"32,42 : 0.2506"
"42,32 : 0.2506"
"32,43 : 0.41"
"43,32 : 0.41"
"32,44 : 0.9296"
"44,32 : 0.9296"
"32,45 : 0.8422"
"45,32 : 0.8422"
"32,46 : 0.7788"
"46,32 : 0.7788"
"32,47 : 0.6407"
"47,32 : 0.6407"
"32,48 : 0.5423"
"48,32 : 0.5423"
"32,49 : 0.755"
"49,32 : 0.755"
"33,34 : 0.17"
"34,33 : 0.17"
"33,35 : 0.3245"
"35,33 : 0.3245"
"33,36 : 0.3068"
"36,33 : 0.3068"
"33,37 : 0.2062"
"37,33 : 0.2062"
"33,38 : 0.4211"
"38,33 : 0.4211"
"33,39 : 0.6017"
"39,33 : 0.6017"
"33,40 : 0.5148"
"40,33 : 0.5148"
"33,41 : 0.0671"
"41,33 : 0.0671"
"33,42 : 0.2953"
"42,33 : 0.2953"
"33,43 : 0.3833"
"43,33 : 0.3833"
"33,44 : 0.5566"
"44,33 : 0.5566"
"33,45 : 0.3722"
"45,33 : 0.3722"
"33,46 : 0.4249"
"46,33 : 0.4249"
"33,47 : 0.4201"
"47,33 : 0.4201"
"33,48 : 0.5825"
"48,33 : 0.5825"
"33,49 : 0.4442"
"49,33 : 0.4442"
"34,35 : 0.2059"
"35,34 : 0.2059"
"34,36 : 0.1562"
"36,34 : 0.1562"
"34,37 : 0.3688"
"37,34 : 0.3688"
"34,38 : 0.2518"
"38,34 : 0.2518"
"34,39 : 0.5801"
"39,34 : 0.5801"
"34,40 : 0.5636"
"40,34 : 0.5636"
"34,41 : 0.2088"
"41,34 : 0.2088"
"34,42 : 0.4522"
"42,34 : 0.4522"
"34,43 : 0.5523"
"43,34 : 0.5523"
"34,44 : 0.3981"
"44,34 : 0.3981"
"34,45 : 0.3922"
"45,34 : 0.3922"
"34,46 : 0.2832"
"46,34 : 0.2832"
"34,47 : 0.3421"
"47,34 : 0.3421"
"34,48 : 0.5722"
"48,34 : 0.5722"
"34,49 : 0.5517"
"49,34 : 0.5517"
"35,36 : 0.2807"
"36,35 : 0.2807"
"35,37 : 0.4707"
"37,35 : 0.4707"
"35,38 : 0.2121"
"38,35 : 0.2121"
"35,39 : 0.4148"
"39,35 : 0.4148"
"35,40 : 0.4738"
"40,35 : 0.4738"
"35,41 : 0.3231"
"41,35 : 0.3231"
"35,42 : 0.5315"
"42,35 : 0.5315"
"35,43 : 0.6895"
"43,35 : 0.6895"
"35,44 : 0.2602"
"44,35 : 0.2602"
"35,45 : 0.5962"
"45,35 : 0.5962"
"35,46 : 0.1105"
"46,35 : 0.1105"
"35,47 : 0.1503"
"47,35 : 0.1503"
"35,48 : 0.4179"
"48,35 : 0.4179"
"35,49 : 0.7507"
"49,35 : 0.7507"
"36,37 : 0.5126"
"37,36 : 0.5126"
"36,38 : 0.1838"
"38,36 : 0.1838"
"36,39 : 0.6923"
"39,36 : 0.6923"
"36,40 : 0.7083"
"40,36 : 0.7083"
"36,41 : 0.3578"
"41,36 : 0.3578"
"36,42 : 0.6001"
"42,36 : 0.6001"
"36,43 : 0.6719"
"43,36 : 0.6719"
"36,44 : 0.3612"
"44,36 : 0.3612"
"36,45 : 0.368"
"45,36 : 0.368"
"36,46 : 0.3036"
"46,36 : 0.3036"
"36,47 : 0.431"
"47,36 : 0.431"
"36,48 : 0.6912"
"48,36 : 0.6912"
"36,49 : 0.5906"
"49,36 : 0.5906"
"37,38 : 0.612"
"38,37 : 0.612"
"37,39 : 0.6103"
"39,37 : 0.6103"
"37,40 : 0.4464"
"40,37 : 0.4464"
"37,41 : 0.1612"
"41,37 : 0.1612"
"37,42 : 0.0922"
"42,37 : 0.0922"
"37,43 : 0.2302"
"43,37 : 0.2302"
"37,44 : 0.7256"
"44,37 : 0.7256"
"37,45 : 0.5054"
"45,37 : 0.5054"
"37,46 : 0.5805"
"46,37 : 0.5805"
"37,47 : 0.5148"
"47,37 : 0.5148"
"37,48 : 0.5798"
"48,37 : 0.5798"
"37,49 : 0.4617"
"49,37 : 0.4617"
"38,39 : 0.6084"
"39,38 : 0.6084"
"38,40 : 0.6859"
"40,38 : 0.6859"
"38,41 : 0.451"
"41,38 : 0.451"
"38,42 : 0.6888"
"42,38 : 0.6888"
"38,43 : 0.804"
"43,38 : 0.804"
"38,44 : 0.178"
"44,38 : 0.178"
"38,45 : 0.5517"
"45,38 : 0.5517"
"38,46 : 0.1649"
"46,38 : 0.1649"
"38,47 : 0.34"
"47,38 : 0.34"
"38,48 : 0.6177"
"48,38 : 0.6177"
"38,49 : 0.7685"
"49,38 : 0.7685"
"39,40 : 0.2404"
"40,39 : 0.2404"
"39,41 : 0.5536"
"41,39 : 0.5536"
"39,42 : 0.6083"
"42,39 : 0.6083"
"39,43 : 0.8298"
"43,39 : 0.8298"
"39,44 : 0.5523"
"44,39 : 0.5523"
"39,45 : 0.9575"
"45,39 : 0.9575"
"39,46 : 0.4478"
"46,39 : 0.4478"
"39,47 : 0.2693"
"47,39 : 0.2693"
"39,48 : 0.0412"
"48,39 : 0.0412"
"39,49 : 1.0362"
"49,39 : 1.0362"
"40,41 : 0.4518"
"41,40 : 0.4518"
"40,42 : 0.4159"
"42,40 : 0.4159"
"40,43 : 0.6401"
"43,40 : 0.6401"
"40,44 : 0.6896"
"44,40 : 0.6896"
"40,45 : 0.8868"
"45,40 : 0.8868"
"40,46 : 0.5522"
"46,40 : 0.5522"
"40,47 : 0.3759"
"47,40 : 0.3759"
"40,48 : 0.1992"
"48,40 : 0.1992"
"40,49 : 0.9043"
"49,40 : 0.9043"
"41,42 : 0.2435"
"42,41 : 0.2435"
"41,43 : 0.3669"
"43,41 : 0.3669"
"41,44 : 0.5707"
"44,41 : 0.5707"
"41,45 : 0.4357"
"45,41 : 0.4357"
"41,46 : 0.4301"
"46,41 : 0.4301"
"41,47 : 0.3962"
"47,41 : 0.3962"
"41,48 : 0.5316"
"48,41 : 0.5316"
"41,49 : 0.4833"
"49,41 : 0.4833"
"42,43 : 0.2247"
"43,42 : 0.2247"
"42,44 : 0.7906"
"44,42 : 0.7906"
"42,45 : 0.5917"
"45,42 : 0.5917"
"42,46 : 0.642"
"46,42 : 0.642"
"42,47 : 0.5536"
"47,42 : 0.5536"
"42,48 : 0.5738"
"48,42 : 0.5738"
