x,y
0.63,0.33
0.7,0.49
0.37,0.12
0.4,0.1
0.79,0.24
0.95,0.98
0.52,0.66
0.19,0.16
0.49,0.41
0.17,0.32
0.23,0.32
0.02,0.67
0.42,0.37
0.21,0.37
0.1,0.78
0.46,0.07
0.39,0.87
0.42,0.5
0.36,0.16
0.18,0.05
0.7,0.33
0.37,0.77
0.75,0.07
0.85,0.21
0.18,0.71
0.68,0.37
0.77,0.26
0.85,0.86
0.42,0.07
0.1,0.43
0.49,0.05
0.83,0.9
0.64,0.74
0.21,0.51
0.44,0.74
0.34,0.84
0.97,0.52
0.19,0.23
0.31,0.85
0.66,0.66
0.05,0.13
0.1,0.6
0.14,0.89
0.76,0.27
0.34,0.81
0.0,0.66
0.17,0.3
0.69,0.65
0.85,0.75
0.25,0.54

Distanze
"0,1 : 0.1746"
"1,0 : 0.1746"
"0,2 : 0.3342"
"2,0 : 0.3342"
"0,3 : 0.3253"
"3,0 : 0.3253"
"0,4 : 0.1836"
"4,0 : 0.1836"
"0,5 : 0.7245"
"5,0 : 0.7245"
"0,6 : 0.3479"
"6,0 : 0.3479"
"0,7 : 0.4717"
"7,0 : 0.4717"
"0,8 : 0.1612"
"8,0 : 0.1612"
"0,9 : 0.4601"
"9,0 : 0.4601"
"0,10 : 0.4001"
"10,0 : 0.4001"
"0,11 : 0.6984"
"11,0 : 0.6984"
"0,12 : 0.2138"
"12,0 : 0.2138"
"0,13 : 0.4219"
"13,0 : 0.4219"
"0,14 : 0.6953"
"14,0 : 0.6953"
"0,15 : 0.3106"
"15,0 : 0.3106"
"0,16 : 0.5909"
"16,0 : 0.5909"
"0,17 : 0.2702"
"17,0 : 0.2702"
"0,18 : 0.3191"
"18,0 : 0.3191"
"0,19 : 0.53"
"19,0 : 0.53"
"0,20 : 0.07"
"20,0 : 0.07"
"0,21 : 0.5111"
"21,0 : 0.5111"
"0,22 : 0.2864"
"22,0 : 0.2864"
"0,23 : 0.2506"
"23,0 : 0.2506"
"0,24 : 0.589"
"24,0 : 0.589"
"0,25 : 0.064"
"25,0 : 0.064"
"0,26 : 0.1565"
"26,0 : 0.1565"
"0,27 : 0.5738"
"27,0 : 0.5738"
"0,28 : 0.3342"
"28,0 : 0.3342"
"0,29 : 0.5394"
"29,0 : 0.5394"
"0,30 : 0.313"
"30,0 : 0.313"
"0,31 : 0.6041"
"31,0 : 0.6041"
"0,32 : 0.4101"
"32,0 : 0.4101"
"0,33 : 0.4569"
"33,0 : 0.4569"
"0,34 : 0.4519"
"34,0 : 0.4519"
"0,35 : 0.5867"
"35,0 : 0.5867"
"0,36 : 0.3895"
"36,0 : 0.3895"
"0,37 : 0.4512"
"37,0 : 0.4512"
"0,38 : 0.6106"
"38,0 : 0.6106"
"0,39 : 0.3314"
"39,0 : 0.3314"
"0,40 : 0.6135"
"40,0 : 0.6135"
"0,41 : 0.5948"
"41,0 : 0.5948"
"0,42 : 0.7441"
"42,0 : 0.7441"
"0,43 : 0.1432"
"43,0 : 0.1432"
"0,44 : 0.5608"
"44,0 : 0.5608"
"0,45 : 0.7112"
"45,0 : 0.7112"
"0,46 : 0.461"
"46,0 : 0.461"
"0,47 : 0.3256"
"47,0 : 0.3256"
"0,48 : 0.4741"
"48,0 : 0.4741"
"0,49 : 0.4342"
"49,0 : 0.4342"
"1,2 : 0.4958"
"2,1 : 0.4958"
"1,3 : 0.492"
"3,1 : 0.492"
"1,4 : 0.2657"
"4,1 : 0.2657"
"1,5 : 0.5501"
"5,1 : 0.5501"
"1,6 : 0.2476"
"6,1 : 0.2476"
"1,7 : 0.6075"
"7,1 : 0.6075"
"1,8 : 0.2247"
"8,1 : 0.2247"
"1,9 : 0.5566"
"9,1 : 0.5566"
"1,10 : 0.4998"
"10,1 : 0.4998"
"1,11 : 0.7034"
"11,1 : 0.7034"
"1,12 : 0.3046"
"12,1 : 0.3046"
"1,13 : 0.5045"
"13,1 : 0.5045"
"1,14 : 0.6664"
"14,1 : 0.6664"
"1,15 : 0.4837"
"15,1 : 0.4837"
"1,16 : 0.4904"
"16,1 : 0.4904"
"1,17 : 0.2802"
"17,1 : 0.2802"
"1,18 : 0.4738"
"18,1 : 0.4738"
"1,19 : 0.6812"
"19,1 : 0.6812"
"1,20 : 0.16"
"20,1 : 0.16"
"1,21 : 0.4328"
"21,1 : 0.4328"
"1,22 : 0.423"
"22,1 : 0.423"
"1,23 : 0.3176"
"23,1 : 0.3176"
"1,24 : 0.5646"
"24,1 : 0.5646"
"1,25 : 0.1217"
"25,1 : 0.1217"
"1,26 : 0.2404"
"26,1 : 0.2404"
"1,27 : 0.3992"
"27,1 : 0.3992"
"1,28 : 0.5048"
"28,1 : 0.5048"
"1,29 : 0.603"
"29,1 : 0.603"
"1,30 : 0.4875"
"30,1 : 0.4875"
"1,31 : 0.4301"
"31,1 : 0.4301"
"1,32 : 0.2571"
"32,1 : 0.2571"
"1,33 : 0.4904"
"33,1 : 0.4904"
"1,34 : 0.3607"
"34,1 : 0.3607"
"1,35 : 0.5021"
"35,1 : 0.5021"
"1,36 : 0.2717"
"36,1 : 0.2717"
"1,37 : 0.5725"
"37,1 : 0.5725"
"1,38 : 0.5308"
"38,1 : 0.5308"
"1,39 : 0.1746"
"39,1 : 0.1746"
"1,40 : 0.743"
"40,1 : 0.743"
"1,41 : 0.61"
"41,1 : 0.61"
"1,42 : 0.6882"
"42,1 : 0.6882"
"1,43 : 0.228"
"43,1 : 0.228"
"1,44 : 0.4817"
"44,1 : 0.4817"
"1,45 : 0.7203"
"45,1 : 0.7203"
"1,46 : 0.563"
"46,1 : 0.563"
"1,47 : 0.1603"
"47,1 : 0.1603"
"1,48 : 0.3002"
"48,1 : 0.3002"
"1,49 : 0.4528"
"49,1 : 0.4528"
"2,3 : 0.0361"
"3,2 : 0.0361"
"2,4 : 0.4368"
"4,2 : 0.4368"
"2,5 : 1.0373"
"5,2 : 1.0373"
"2,6 : 0.5604"
"6,2 : 0.5604"
"2,7 : 0.1844"
"7,2 : 0.1844"
"2,8 : 0.3138"
"8,2 : 0.3138"
"2,9 : 0.2828"
"9,2 : 0.2828"
"2,10 : 0.2441"
"10,2 : 0.2441"
"2,11 : 0.6519"
"11,2 : 0.6519"
"2,12 : 0.255"
"12,2 : 0.255"
"2,13 : 0.2968"
"13,2 : 0.2968"
"2,14 : 0.7131"
"14,2 : 0.7131"
"2,15 : 0.103"
"15,2 : 0.103"
"2,16 : 0.7503"
"16,2 : 0.7503"
"2,17 : 0.3833"
"17,2 : 0.3833"
"2,18 : 0.0412"
"18,2 : 0.0412"
"2,19 : 0.2025"
"19,2 : 0.2025"
"2,20 : 0.3912"
"20,2 : 0.3912"
"2,21 : 0.65"
"21,2 : 0.65"
"2,22 : 0.3833"
"22,2 : 0.3833"
"2,23 : 0.4884"
"23,2 : 0.4884"
"2,24 : 0.6198"
"24,2 : 0.6198"
"2,25 : 0.3982"
"25,2 : 0.3982"
"2,26 : 0.4238"
"26,2 : 0.4238"
"2,27 : 0.882"
"27,2 : 0.882"
"2,28 : 0.0707"
"28,2 : 0.0707"
"2,29 : 0.4111"
"29,2 : 0.4111"
"2,30 : 0.1389"
"30,2 : 0.1389"
"2,31 : 0.9055"
"31,2 : 0.9055"
"2,32 : 0.6762"
"32,2 : 0.6762"
"2,33 : 0.4215"
"33,2 : 0.4215"
"2,34 : 0.6239"
"34,2 : 0.6239"
"2,35 : 0.7206"
"35,2 : 0.7206"
"2,36 : 0.7211"
"36,2 : 0.7211"
"2,37 : 0.211"
"37,2 : 0.211"
"2,38 : 0.7325"
"38,2 : 0.7325"
"2,39 : 0.6129"
"39,2 : 0.6129"
"2,40 : 0.3202"
"40,2 : 0.3202"
"2,41 : 0.5507"
"41,2 : 0.5507"
"2,42 : 0.8036"
"42,2 : 0.8036"
"2,43 : 0.4179"
"43,2 : 0.4179"
"2,44 : 0.6907"
"44,2 : 0.6907"
"2,45 : 0.6546"
"45,2 : 0.6546"
"2,46 : 0.2691"
"46,2 : 0.2691"
"2,47 : 0.6191"
"47,2 : 0.6191"
"2,48 : 0.792"
"48,2 : 0.792"
"2,49 : 0.4368"
"49,2 : 0.4368"
"3,4 : 0.4144"
"4,3 : 0.4144"
"3,5 : 1.0377"
"5,3 : 1.0377"
"3,6 : 0.5727"
"6,3 : 0.5727"
"3,7 : 0.2184"
"7,3 : 0.2184"
"3,8 : 0.3228"
"8,3 : 0.3228"
"3,9 : 0.3183"
"9,3 : 0.3183"
"3,10 : 0.278"
"10,3 : 0.278"
"3,11 : 0.6851"
"11,3 : 0.6851"
"3,12 : 0.2707"
"12,3 : 0.2707"
"3,13 : 0.3302"
"13,3 : 0.3302"
"3,14 : 0.7432"
"14,3 : 0.7432"
"3,15 : 0.0671"
"15,3 : 0.0671"
"3,16 : 0.7701"
"16,3 : 0.7701"
"3,17 : 0.4005"
"17,3 : 0.4005"
"3,18 : 0.0721"
"18,3 : 0.0721"
"3,19 : 0.2256"
"19,3 : 0.2256"
"3,20 : 0.378"
"20,3 : 0.378"
"3,21 : 0.6707"
"21,3 : 0.6707"
"3,22 : 0.3513"
"22,3 : 0.3513"
"3,23 : 0.4632"
"23,3 : 0.4632"
"3,24 : 0.6485"
"24,3 : 0.6485"
"3,25 : 0.389"
"25,3 : 0.389"
"3,26 : 0.4031"
"26,3 : 0.4031"
"3,27 : 0.8832"
"27,3 : 0.8832"
"3,28 : 0.0361"
"28,3 : 0.0361"
"3,29 : 0.446"
"29,3 : 0.446"
"3,30 : 0.103"
"30,3 : 0.103"
"3,31 : 0.9082"
"31,3 : 0.9082"
"3,32 : 0.6835"
"32,3 : 0.6835"
"3,33 : 0.4519"
"33,3 : 0.4519"
"3,34 : 0.6412"
"34,3 : 0.6412"
"3,35 : 0.7424"
"35,3 : 0.7424"
"3,36 : 0.708"
"36,3 : 0.708"
"3,37 : 0.247"
"37,3 : 0.247"
"3,38 : 0.7554"
"38,3 : 0.7554"
"3,39 : 0.6174"
"39,3 : 0.6174"
"3,40 : 0.3513"
"40,3 : 0.3513"
"3,41 : 0.5831"
"41,3 : 0.5831"
"3,42 : 0.8317"
"42,3 : 0.8317"
"3,43 : 0.3981"
"43,3 : 0.3981"
"3,44 : 0.7125"
"44,3 : 0.7125"
"3,45 : 0.6882"
"45,3 : 0.6882"
"3,46 : 0.3048"
"46,3 : 0.3048"
"3,47 : 0.6218"
"47,3 : 0.6218"
"3,48 : 0.7906"
"48,3 : 0.7906"
"3,49 : 0.4649"
"49,3 : 0.4649"
"4,5 : 0.7571"
"5,4 : 0.7571"
"4,6 : 0.4993"
"6,4 : 0.4993"
"4,7 : 0.6053"
"7,4 : 0.6053"
"4,8 : 0.3448"
"8,4 : 0.3448"
"4,9 : 0.6251"
"9,4 : 0.6251"
"4,10 : 0.5657"
"10,4 : 0.5657"
"4,11 : 0.8819"
"11,4 : 0.8819"
"4,12 : 0.3922"
"12,4 : 0.3922"
"4,13 : 0.5944"
"13,4 : 0.5944"
"4,14 : 0.8762"
"14,4 : 0.8762"
"4,15 : 0.3712"
"15,4 : 0.3712"
"4,16 : 0.7463"
"16,4 : 0.7463"
"4,17 : 0.4522"
"17,4 : 0.4522"
"4,18 : 0.4374"
"18,4 : 0.4374"
"4,19 : 0.6389"
"19,4 : 0.6389"
"4,20 : 0.1273"
"20,4 : 0.1273"
"4,21 : 0.6762"
"21,4 : 0.6762"
"4,22 : 0.1746"
"22,4 : 0.1746"
"4,23 : 0.0671"
"23,4 : 0.0671"
"4,24 : 0.7701"
"24,4 : 0.7701"
"4,25 : 0.1703"
"25,4 : 0.1703"
"4,26 : 0.0283"
"26,4 : 0.0283"
"4,27 : 0.6229"
"27,4 : 0.6229"
"4,28 : 0.4072"
"28,4 : 0.4072"
"4,29 : 0.7157"
"29,4 : 0.7157"
"4,30 : 0.3551"
"30,4 : 0.3551"
"4,31 : 0.6612"
"31,4 : 0.6612"
"4,32 : 0.522"
"32,4 : 0.522"
"4,33 : 0.6398"
"33,4 : 0.6398"
"4,34 : 0.6103"
"34,4 : 0.6103"
"4,35 : 0.75"
"35,4 : 0.75"
"4,36 : 0.3329"
"36,4 : 0.3329"
"4,37 : 0.6001"
"37,4 : 0.6001"
"4,38 : 0.7762"
"38,4 : 0.7762"
"4,39 : 0.4397"
"39,4 : 0.4397"
"4,40 : 0.7481"
"40,4 : 0.7481"
"4,41 : 0.7783"
"41,4 : 0.7783"
"4,42 : 0.9192"
"42,4 : 0.9192"
"4,43 : 0.0424"
"43,4 : 0.0424"
"4,44 : 0.7262"
"44,4 : 0.7262"
"4,45 : 0.8947"
"45,4 : 0.8947"
"4,46 : 0.6229"
"46,4 : 0.6229"
"4,47 : 0.422"
"47,4 : 0.422"
"4,48 : 0.5135"
"48,4 : 0.5135"
"4,49 : 0.6177"
"49,4 : 0.6177"
"5,6 : 0.536"
"6,5 : 0.536"
"5,7 : 1.118"
"7,5 : 1.118"
"5,8 : 0.7325"
"8,5 : 0.7325"
"5,9 : 1.0218"
"9,5 : 1.0218"
"5,10 : 0.9767"
"10,5 : 0.9767"
"5,11 : 0.9803"
"11,5 : 0.9803"
"5,12 : 0.8081"
"12,5 : 0.8081"
"5,13 : 0.959"
"13,5 : 0.959"
"5,14 : 0.8732"
"14,5 : 0.8732"
"5,15 : 1.0335"
"15,5 : 1.0335"
"5,16 : 0.5707"
"16,5 : 0.5707"
"5,17 : 0.7151"
"17,5 : 0.7151"
"5,18 : 1.0102"
"18,5 : 1.0102"
"5,19 : 1.2074"
"19,5 : 1.2074"
"5,20 : 0.6964"
"20,5 : 0.6964"
"5,21 : 0.6168"
"21,5 : 0.6168"
"5,22 : 0.9317"
"22,5 : 0.9317"
"5,23 : 0.7765"
"23,5 : 0.7765"
"5,24 : 0.816"
"24,5 : 0.816"
"5,25 : 0.6671"
"25,5 : 0.6671"
"5,26 : 0.7422"
"26,5 : 0.7422"
"5,27 : 0.1562"
"27,5 : 0.1562"
"5,28 : 1.0531"
"28,5 : 1.0531"
"5,29 : 1.0124"
"29,5 : 1.0124"
"5,30 : 1.0375"
"30,5 : 1.0375"
"5,31 : 0.1442"
"31,5 : 0.1442"
"5,32 : 0.392"
"32,5 : 0.392"
"5,33 : 0.8766"
"33,5 : 0.8766"
"5,34 : 0.5636"
"34,5 : 0.5636"
"5,35 : 0.6259"
"35,5 : 0.6259"
"5,36 : 0.4604"
"36,5 : 0.4604"
"5,37 : 1.0678"
"37,5 : 1.0678"
"5,38 : 0.6531"
"38,5 : 0.6531"
"5,39 : 0.4319"
"39,5 : 0.4319"
"5,40 : 1.2379"
"40,5 : 1.2379"
"5,41 : 0.9311"
"41,5 : 0.9311"
"5,42 : 0.815"
"42,5 : 0.815"
"5,43 : 0.735"
"43,5 : 0.735"
"5,44 : 0.6332"
"44,5 : 0.6332"
"5,45 : 1.0024"
"45,5 : 1.0024"
"5,46 : 1.0348"
"46,5 : 1.0348"
"5,47 : 0.4201"
"47,5 : 0.4201"
"5,48 : 0.2508"
"48,5 : 0.2508"
"5,49 : 0.8268"
"49,5 : 0.8268"
"6,7 : 0.5991"
"7,6 : 0.5991"
"6,8 : 0.2518"
"8,6 : 0.2518"
"6,9 : 0.488"
"9,6 : 0.488"
"6,10 : 0.4469"
"10,6 : 0.4469"
"6,11 : 0.5001"
"11,6 : 0.5001"
"6,12 : 0.3068"
"12,6 : 0.3068"
"6,13 : 0.4245"
"13,6 : 0.4245"
"6,14 : 0.4368"
"14,6 : 0.4368"
"6,15 : 0.593"
"15,6 : 0.593"
"6,16 : 0.247"
"16,6 : 0.247"
"6,17 : 0.1887"
"17,6 : 0.1887"
"6,18 : 0.525"
"18,6 : 0.525"
"6,19 : 0.6984"
"19,6 : 0.6984"
"6,20 : 0.3759"
"20,6 : 0.3759"
"6,21 : 0.186"
"21,6 : 0.186"
"6,22 : 0.6332"
"22,6 : 0.6332"
"6,23 : 0.558"
"23,6 : 0.558"
"6,24 : 0.3437"
"24,6 : 0.3437"
"6,25 : 0.3312"
"25,6 : 0.3312"
"6,26 : 0.4717"
"26,6 : 0.4717"
"6,27 : 0.3859"
"27,6 : 0.3859"
"6,28 : 0.5984"
"28,6 : 0.5984"
"6,29 : 0.4789"
"29,6 : 0.4789"
"6,30 : 0.6107"
"30,6 : 0.6107"
"6,31 : 0.392"
"31,6 : 0.392"
"6,32 : 0.1442"
"32,6 : 0.1442"
"6,33 : 0.3444"
"33,6 : 0.3444"
"6,34 : 0.1131"
"34,6 : 0.1131"
"6,35 : 0.2546"
"35,6 : 0.2546"
"6,36 : 0.4713"
"36,6 : 0.4713"
"6,37 : 0.542"
"37,6 : 0.542"
"6,38 : 0.2832"
"38,6 : 0.2832"
"6,39 : 0.14"
"39,6 : 0.14"
"6,40 : 0.7084"
"40,6 : 0.7084"
"6,41 : 0.4243"
"41,6 : 0.4243"
"6,42 : 0.4442"
"42,6 : 0.4442"
"6,43 : 0.4579"
"43,6 : 0.4579"
"6,44 : 0.2343"
"44,6 : 0.2343"
"6,45 : 0.52"
"45,6 : 0.52"
"6,46 : 0.5021"
"46,6 : 0.5021"
"6,47 : 0.1703"
"47,6 : 0.1703"
"6,48 : 0.3421"
"48,6 : 0.3421"
"6,49 : 0.2955"
"49,6 : 0.2955"
"7,8 : 0.3905"
"8,7 : 0.3905"
"7,9 : 0.1612"
"9,7 : 0.1612"
"7,10 : 0.1649"
"10,7 : 0.1649"
"7,11 : 0.5376"
"11,7 : 0.5376"
"7,12 : 0.3114"
"12,7 : 0.3114"
"7,13 : 0.211"
"13,7 : 0.211"
"7,14 : 0.6265"
"14,7 : 0.6265"
"7,15 : 0.2846"
"15,7 : 0.2846"
"7,16 : 0.7376"
"16,7 : 0.7376"
"7,17 : 0.4105"
"17,7 : 0.4105"
"7,18 : 0.17"
"18,7 : 0.17"
"7,19 : 0.1105"
"19,7 : 0.1105"
"7,20 : 0.5376"
"20,7 : 0.5376"
"7,21 : 0.636"
"21,7 : 0.636"
"7,22 : 0.5672"
"22,7 : 0.5672"
"7,23 : 0.6619"
"23,7 : 0.6619"
"7,24 : 0.5501"
"24,7 : 0.5501"
"7,25 : 0.5331"
"25,7 : 0.5331"
"7,26 : 0.5886"
"26,7 : 0.5886"
"7,27 : 0.9621"
"27,7 : 0.9621"
"7,28 : 0.247"
"28,7 : 0.247"
"7,29 : 0.2846"
"29,7 : 0.2846"
"7,30 : 0.3195"
"30,7 : 0.3195"
"7,31 : 0.9784"
"31,7 : 0.9784"
"7,32 : 0.7341"
"32,7 : 0.7341"
"7,33 : 0.3506"
"33,7 : 0.3506"
"7,34 : 0.6316"
"34,7 : 0.6316"
"7,35 : 0.6963"
"35,7 : 0.6963"
"7,36 : 0.8591"
"36,7 : 0.8591"
"7,37 : 0.07"
"37,7 : 0.07"
"7,38 : 0.7004"
"38,7 : 0.7004"
"7,39 : 0.6862"
"39,7 : 0.6862"
"7,40 : 0.1432"
"40,7 : 0.1432"
"7,41 : 0.4491"
"41,7 : 0.4491"
"7,42 : 0.7317"
"42,7 : 0.7317"
"7,43 : 0.5805"
"43,7 : 0.5805"
"7,44 : 0.6671"
"44,7 : 0.6671"
"7,45 : 0.5349"
"45,7 : 0.5349"
"7,46 : 0.1414"
"46,7 : 0.1414"
"7,47 : 0.7001"
"47,7 : 0.7001"
"7,48 : 0.8853"
"48,7 : 0.8853"
"7,49 : 0.3847"
"49,7 : 0.3847"
"8,9 : 0.3324"
"9,8 : 0.3324"
"8,10 : 0.2751"
"10,8 : 0.2751"
"8,11 : 0.5371"
"11,8 : 0.5371"
"8,12 : 0.0806"
"12,8 : 0.0806"
"8,13 : 0.2828"
"13,8 : 0.2828"
"8,14 : 0.5376"
"14,8 : 0.5376"
"8,15 : 0.3413"
"15,8 : 0.3413"
"8,16 : 0.4707"
"16,8 : 0.4707"
"8,17 : 0.114"
"17,8 : 0.114"
"8,18 : 0.2818"
"18,8 : 0.2818"
"8,19 : 0.4751"
"19,8 : 0.4751"
"8,20 : 0.2247"
"20,8 : 0.2247"
"8,21 : 0.3795"
"21,8 : 0.3795"
"8,22 : 0.428"
"22,8 : 0.428"
"8,23 : 0.4118"
"23,8 : 0.4118"
"8,24 : 0.4314"
"24,8 : 0.4314"
"8,25 : 0.1942"
"25,8 : 0.1942"
"8,26 : 0.3176"
"26,8 : 0.3176"
"8,27 : 0.5763"
"27,8 : 0.5763"
"8,28 : 0.3471"
"28,8 : 0.3471"
"8,29 : 0.3905"
"29,8 : 0.3905"
"8,30 : 0.36"
"30,8 : 0.36"
"8,31 : 0.5964"
"31,8 : 0.5964"
"8,32 : 0.3625"
"32,8 : 0.3625"
"8,33 : 0.2973"
"33,8 : 0.2973"
"8,34 : 0.3338"
"34,8 : 0.3338"
"8,35 : 0.4554"
"35,8 : 0.4554"
"8,36 : 0.4924"
"36,8 : 0.4924"
"8,37 : 0.3499"
"37,8 : 0.3499"
"8,38 : 0.4754"
"38,8 : 0.4754"
"8,39 : 0.3023"
"39,8 : 0.3023"
"8,40 : 0.5215"
"40,8 : 0.5215"
"8,41 : 0.4338"
"41,8 : 0.4338"
"8,42 : 0.5941"
"42,8 : 0.5941"
"8,43 : 0.3041"
"43,8 : 0.3041"
"8,44 : 0.4272"
"44,8 : 0.4272"
"8,45 : 0.5501"
"45,8 : 0.5501"
"8,46 : 0.3384"
"46,8 : 0.3384"
"8,47 : 0.3124"
"47,8 : 0.3124"
"8,48 : 0.4952"
"48,8 : 0.4952"
"8,49 : 0.2729"
"49,8 : 0.2729"
"9,10 : 0.06"
"10,9 : 0.06"
"9,11 : 0.3808"
"11,9 : 0.3808"
"9,12 : 0.255"
"12,9 : 0.255"
"9,13 : 0.064"
"13,9 : 0.064"
"9,14 : 0.4653"
"14,9 : 0.4653"
"9,15 : 0.3829"
"15,9 : 0.3829"
"9,16 : 0.5924"
"16,9 : 0.5924"
"9,17 : 0.3081"
"17,9 : 0.3081"
"9,18 : 0.2484"
"18,9 : 0.2484"
"9,19 : 0.2702"
"19,9 : 0.2702"
"9,20 : 0.5301"
"20,9 : 0.5301"
"9,21 : 0.4924"
"21,9 : 0.4924"
"9,22 : 0.6316"
"22,9 : 0.6316"
"9,23 : 0.6888"
"23,9 : 0.6888"
"9,24 : 0.3901"
"24,9 : 0.3901"
"9,25 : 0.5124"
"25,9 : 0.5124"
"9,26 : 0.603"
"26,9 : 0.603"
"9,27 : 0.8683"
"27,9 : 0.8683"
"9,28 : 0.3536"
"28,9 : 0.3536"
"9,29 : 0.1304"
"29,9 : 0.1304"
"9,30 : 0.4187"
"30,9 : 0.4187"
"9,31 : 0.8786"
"31,9 : 0.8786"
"9,32 : 0.6303"
"32,9 : 0.6303"
"9,33 : 0.1942"
"33,9 : 0.1942"
"9,34 : 0.4993"
"34,9 : 0.4993"
"9,35 : 0.5471"
"35,9 : 0.5471"
"9,36 : 0.8246"
"36,9 : 0.8246"
"9,37 : 0.0922"
"37,9 : 0.0922"
"9,38 : 0.5482"
"38,9 : 0.5482"
"9,39 : 0.5964"
"39,9 : 0.5964"
"9,40 : 0.2247"
"40,9 : 0.2247"
"9,41 : 0.2886"
"41,9 : 0.2886"
"9,42 : 0.5708"
"42,9 : 0.5708"
"9,43 : 0.5921"
"43,9 : 0.5921"
"9,44 : 0.5187"
"44,9 : 0.5187"
"9,45 : 0.3801"
"45,9 : 0.3801"
"9,46 : 0.02"
"46,9 : 0.02"
"9,47 : 0.6159"
"47,9 : 0.6159"
"9,48 : 0.8045"
"48,9 : 0.8045"
"9,49 : 0.2341"
"49,9 : 0.2341"
"10,11 : 0.4082"
"11,10 : 0.4082"
"10,12 : 0.1965"
"12,10 : 0.1965"
"10,13 : 0.0539"
"13,10 : 0.0539"
"10,14 : 0.478"
"14,10 : 0.478"
"10,15 : 0.3397"
"15,10 : 0.3397"
"10,16 : 0.5728"
"16,10 : 0.5728"
"10,17 : 0.2617"
"17,10 : 0.2617"
"10,18 : 0.2062"
"18,10 : 0.2062"
"10,19 : 0.2746"
"19,10 : 0.2746"
"10,20 : 0.4701"
"20,10 : 0.4701"
"10,21 : 0.4713"
"21,10 : 0.4713"
"10,22 : 0.577"
"22,10 : 0.577"
"10,23 : 0.6297"
"23,10 : 0.6297"
"10,24 : 0.3932"
"24,10 : 0.3932"
"10,25 : 0.4528"
"25,10 : 0.4528"
"10,26 : 0.5433"
"26,10 : 0.5433"
"10,27 : 0.8222"
"27,10 : 0.8222"
"10,28 : 0.314"
"28,10 : 0.314"
"10,29 : 0.1703"
"29,10 : 0.1703"
"10,30 : 0.3748"
"30,10 : 0.3748"
"10,31 : 0.8345"
"31,10 : 0.8345"
"10,32 : 0.5869"
"32,10 : 0.5869"
"10,33 : 0.191"
"33,10 : 0.191"
"10,34 : 0.4696"
"34,10 : 0.4696"
"10,35 : 0.5315"
"35,10 : 0.5315"
"10,36 : 0.7666"
"36,10 : 0.7666"
"10,37 : 0.0985"
"37,10 : 0.0985"
"10,38 : 0.536"
"38,10 : 0.536"
"10,39 : 0.5482"
"39,10 : 0.5482"
"10,40 : 0.2617"
"40,10 : 0.2617"
"10,41 : 0.3087"
"41,10 : 0.3087"
"10,42 : 0.5771"
"42,10 : 0.5771"
"10,43 : 0.5324"
"43,10 : 0.5324"
"10,44 : 0.5022"
"44,10 : 0.5022"
"10,45 : 0.4105"
"45,10 : 0.4105"
"10,46 : 0.0632"
"46,10 : 0.0632"
"10,47 : 0.5661"
"47,10 : 0.5661"
"10,48 : 0.7545"
"48,10 : 0.7545"
"10,49 : 0.2209"
"49,10 : 0.2209"
"11,12 : 0.5"
"12,11 : 0.5"
"11,13 : 0.3551"
"13,11 : 0.3551"
"11,14 : 0.136"
"14,11 : 0.136"
"11,15 : 0.744"
"15,11 : 0.744"
"11,16 : 0.4206"
"16,11 : 0.4206"
"11,17 : 0.4346"
"17,11 : 0.4346"
"11,18 : 0.6129"
"18,11 : 0.6129"
"11,19 : 0.6403"
"19,11 : 0.6403"
"11,20 : 0.7603"
"20,11 : 0.7603"
"11,21 : 0.364"
"21,11 : 0.364"
"11,22 : 0.9449"
"22,11 : 0.9449"
"11,23 : 0.9489"
"23,11 : 0.9489"
"11,24 : 0.1649"
"24,11 : 0.1649"
"11,25 : 0.725"
"25,11 : 0.725"
"11,26 : 0.8548"
"26,11 : 0.8548"
"11,27 : 0.8515"
"27,11 : 0.8515"
"11,28 : 0.7211"
"28,11 : 0.7211"
"11,29 : 0.253"
"29,11 : 0.253"
"11,30 : 0.778"
"30,11 : 0.778"
"11,31 : 0.842"
"31,11 : 0.842"
"11,32 : 0.6239"
"32,11 : 0.6239"
"11,33 : 0.2484"
"33,11 : 0.2484"
"11,34 : 0.4258"
"34,11 : 0.4258"
"11,35 : 0.3624"
"35,11 : 0.3624"
"11,36 : 0.9618"
"36,11 : 0.9618"
"11,37 : 0.4717"
"37,11 : 0.4717"
"11,38 : 0.3413"
"38,11 : 0.3413"
"11,39 : 0.6401"
"39,11 : 0.6401"
"11,40 : 0.5408"
"40,11 : 0.5408"
"11,41 : 0.1063"
"41,11 : 0.1063"
"11,42 : 0.2506"
"42,11 : 0.2506"
"11,43 : 0.8412"
"43,11 : 0.8412"
"11,44 : 0.3493"
"44,11 : 0.3493"
"11,45 : 0.0224"
"45,11 : 0.0224"
"11,46 : 0.3992"
"46,11 : 0.3992"
"11,47 : 0.6703"
"47,11 : 0.6703"
"11,48 : 0.8338"
"48,11 : 0.8338"
"11,49 : 0.2642"
"49,11 : 0.2642"
"12,13 : 0.21"
"13,12 : 0.21"
"12,14 : 0.5201"
"14,12 : 0.5201"
"12,15 : 0.3027"
"15,12 : 0.3027"
"12,16 : 0.5009"
"16,12 : 0.5009"
"12,17 : 0.13"
"17,12 : 0.13"
"12,18 : 0.2184"
"18,12 : 0.2184"
"12,19 : 0.4"
"19,12 : 0.4"
"12,20 : 0.2828"
"20,12 : 0.2828"
"12,21 : 0.4031"
"21,12 : 0.4031"
"12,22 : 0.446"
"22,12 : 0.446"
"12,23 : 0.4588"
"23,12 : 0.4588"
"12,24 : 0.4162"
"24,12 : 0.4162"
"12,25 : 0.26"
"25,12 : 0.26"
"12,26 : 0.3669"
"26,12 : 0.3669"
"12,27 : 0.6519"
"27,12 : 0.6519"
"12,28 : 0.3"
"28,12 : 0.3"
"12,29 : 0.3256"
"29,12 : 0.3256"
"12,30 : 0.3276"
"30,12 : 0.3276"
"12,31 : 0.6701"
"31,12 : 0.6701"
"12,32 : 0.4305"
"32,12 : 0.4305"
"12,33 : 0.2524"
"33,12 : 0.2524"
"12,34 : 0.3705"
"34,12 : 0.3705"
"12,35 : 0.4768"
"35,12 : 0.4768"
"12,36 : 0.5701"
"36,12 : 0.5701"
"12,37 : 0.2693"
"37,12 : 0.2693"
"12,38 : 0.4924"
"38,12 : 0.4924"
"12,39 : 0.3764"
"39,12 : 0.3764"
"12,40 : 0.441"
"40,12 : 0.441"
"12,41 : 0.3941"
"41,12 : 0.3941"
"12,42 : 0.5906"
"42,12 : 0.5906"
"12,43 : 0.3544"
"43,12 : 0.3544"
"12,44 : 0.4472"
"44,12 : 0.4472"
"12,45 : 0.5104"
"45,12 : 0.5104"
"12,46 : 0.2596"
"46,12 : 0.2596"
"12,47 : 0.389"
"47,12 : 0.389"
"12,48 : 0.5738"
"48,12 : 0.5738"
"12,49 : 0.2404"
"49,12 : 0.2404"
"13,14 : 0.4245"
"14,13 : 0.4245"
"13,15 : 0.3905"
"15,13 : 0.3905"
"13,16 : 0.5314"
"16,13 : 0.5314"
"13,17 : 0.247"
"17,13 : 0.247"
"13,18 : 0.2581"
"18,13 : 0.2581"
"13,19 : 0.3214"
"19,13 : 0.3214"
"13,20 : 0.4916"
"20,13 : 0.4916"
"13,21 : 0.4308"
"21,13 : 0.4308"
"13,22 : 0.6177"
"22,13 : 0.6177"
"13,23 : 0.6597"
"23,13 : 0.6597"
"13,24 : 0.3413"
"24,13 : 0.3413"
"13,25 : 0.47"
"25,13 : 0.47"
"13,26 : 0.5707"
"26,13 : 0.5707"
"13,27 : 0.806"
"27,13 : 0.806"
"13,28 : 0.3662"
"28,13 : 0.3662"
"13,29 : 0.1253"
"29,13 : 0.1253"
"13,30 : 0.4252"
"30,13 : 0.4252"
"13,31 : 0.8157"
"31,13 : 0.8157"
"13,32 : 0.5673"
"32,13 : 0.5673"
"13,33 : 0.14"
"33,13 : 0.14"
"13,34 : 0.4357"
"34,13 : 0.4357"
"13,35 : 0.4876"
"35,13 : 0.4876"
"13,36 : 0.7747"
"36,13 : 0.7747"
"13,37 : 0.1414"
"37,13 : 0.1414"
"13,38 : 0.4903"
"38,13 : 0.4903"
"13,39 : 0.5354"
"39,13 : 0.5354"
"13,40 : 0.2884"
"40,13 : 0.2884"
"13,41 : 0.255"
"41,13 : 0.255"
"13,42 : 0.5247"
"42,13 : 0.5247"
"13,43 : 0.559"
"43,13 : 0.559"
"13,44 : 0.4588"
"44,13 : 0.4588"
"13,45 : 0.3581"
"45,13 : 0.3581"
"13,46 : 0.0806"
"46,13 : 0.0806"
"13,47 : 0.5557"
"47,13 : 0.5557"
"13,48 : 0.7443"
"48,13 : 0.7443"
"13,49 : 0.1746"
"49,13 : 0.1746"
"14,15 : 0.7961"
"15,14 : 0.7961"
"14,16 : 0.3036"
"16,14 : 0.3036"
"14,17 : 0.4252"
"17,14 : 0.4252"
"14,18 : 0.6723"
"18,14 : 0.6723"
"14,19 : 0.7344"
"19,14 : 0.7344"
"14,20 : 0.75"
"20,14 : 0.75"
"14,21 : 0.2702"
"21,14 : 0.2702"
"14,22 : 0.9626"
"22,14 : 0.9626"
"14,23 : 0.942"
"23,14 : 0.942"
"14,24 : 0.1063"
"24,14 : 0.1063"
"14,25 : 0.7103"
"25,14 : 0.7103"
"14,26 : 0.8481"
"26,14 : 0.8481"
"14,27 : 0.7543"
"27,14 : 0.7543"
"14,28 : 0.7788"
"28,14 : 0.7788"
"14,29 : 0.35"
"29,14 : 0.35"
"14,30 : 0.8276"
"30,14 : 0.8276"
"14,31 : 0.7398"
"31,14 : 0.7398"
"14,32 : 0.5415"
"32,14 : 0.5415"
"14,33 : 0.2915"
"33,14 : 0.2915"
"14,34 : 0.3423"
"34,14 : 0.3423"
"14,35 : 0.2474"
"35,14 : 0.2474"
"14,36 : 0.908"
"36,14 : 0.908"
"14,37 : 0.5573"
"37,14 : 0.5573"
"14,38 : 0.2214"
"38,14 : 0.2214"
"14,39 : 0.5727"
"39,14 : 0.5727"
"14,40 : 0.6519"
"40,14 : 0.6519"
"14,41 : 0.18"
"41,14 : 0.18"
"14,42 : 0.117"
"42,14 : 0.117"
"14,43 : 0.8341"
"43,14 : 0.8341"
"14,44 : 0.2419"
"44,14 : 0.2419"
"14,45 : 0.1562"
"45,14 : 0.1562"
"14,46 : 0.4851"
"46,14 : 0.4851"
"14,47 : 0.6042"
"47,14 : 0.6042"
"14,48 : 0.7506"
"48,14 : 0.7506"
"14,49 : 0.283"
"49,14 : 0.283"
"15,16 : 0.8031"
"16,15 : 0.8031"
"15,17 : 0.4319"
"17,15 : 0.4319"
"15,18 : 0.1345"
"18,15 : 0.1345"
"15,19 : 0.2807"
"19,15 : 0.2807"
"15,20 : 0.3538"
"20,15 : 0.3538"
"15,21 : 0.7058"
"21,15 : 0.7058"
"15,22 : 0.29"
"22,15 : 0.29"
"15,23 : 0.4144"
"23,15 : 0.4144"
"15,24 : 0.6986"
"24,15 : 0.6986"
"15,25 : 0.372"
"25,15 : 0.372"
"15,26 : 0.3636"
"26,15 : 0.3636"
"15,27 : 0.881"
"27,15 : 0.881"
"15,28 : 0.04"
"28,15 : 0.04"
"15,29 : 0.5091"
"29,15 : 0.5091"
"15,30 : 0.0361"
"30,15 : 0.0361"
"15,31 : 0.9087"
"31,15 : 0.9087"
"15,32 : 0.6938"
"32,15 : 0.6938"
"15,33 : 0.5061"
"33,15 : 0.5061"
"15,34 : 0.6703"
"34,15 : 0.6703"
"15,35 : 0.7793"
"35,15 : 0.7793"
"15,36 : 0.6801"
"36,15 : 0.6801"
"15,37 : 0.3138"
"37,15 : 0.3138"
"15,38 : 0.7943"
"38,15 : 0.7943"
"15,39 : 0.623"
"39,15 : 0.623"
"15,40 : 0.4144"
"40,15 : 0.4144"
"15,41 : 0.6407"
"41,15 : 0.6407"
"15,42 : 0.8802"
"42,15 : 0.8802"
"15,43 : 0.3606"
"43,15 : 0.3606"
"15,44 : 0.7497"
"44,15 : 0.7497"
"15,45 : 0.7481"
"45,15 : 0.7481"
"15,46 : 0.3701"
"46,15 : 0.3701"
"15,47 : 0.6239"
"47,15 : 0.6239"
"15,48 : 0.7839"
"48,15 : 0.7839"
"15,49 : 0.5148"
"49,15 : 0.5148"
"16,17 : 0.3712"
"17,16 : 0.3712"
"16,18 : 0.7106"
"18,16 : 0.7106"
"16,19 : 0.8465"
"19,16 : 0.8465"
"16,20 : 0.6227"
"20,16 : 0.6227"
"16,21 : 0.102"
"21,16 : 0.102"
"16,22 : 0.8773"
"22,16 : 0.8773"
"16,23 : 0.8045"
"23,16 : 0.8045"
"16,24 : 0.264"
"24,16 : 0.264"
"16,25 : 0.578"
"25,16 : 0.578"
"16,26 : 0.7187"
"26,16 : 0.7187"
"16,27 : 0.4601"
"27,16 : 0.4601"
"16,28 : 0.8006"
"28,16 : 0.8006"
"16,29 : 0.527"
"29,16 : 0.527"
"16,30 : 0.8261"
"30,16 : 0.8261"
"16,31 : 0.441"
"31,16 : 0.441"
"16,32 : 0.2818"
"32,16 : 0.2818"
"16,33 : 0.4025"
"33,16 : 0.4025"
"16,34 : 0.1393"
"34,16 : 0.1393"
"16,35 : 0.0583"
"35,16 : 0.0583"
"16,36 : 0.6774"
"36,16 : 0.6774"
"16,37 : 0.6705"
"37,16 : 0.6705"
"16,38 : 0.0825"
"38,16 : 0.0825"
"16,39 : 0.3421"
"39,16 : 0.3421"
"16,40 : 0.8144"
"40,16 : 0.8144"
"16,41 : 0.3962"
"41,16 : 0.3962"
"16,42 : 0.2508"
"42,16 : 0.2508"
"16,43 : 0.7049"
"43,16 : 0.7049"
"16,44 : 0.0781"
"44,16 : 0.0781"
"16,45 : 0.4429"
"45,16 : 0.4429"
"16,46 : 0.611"
"46,16 : 0.611"
"16,47 : 0.372"
"47,16 : 0.372"
"16,48 : 0.4754"
"48,16 : 0.4754"
"16,49 : 0.3585"
"49,16 : 0.3585"
"17,18 : 0.3453"
"18,17 : 0.3453"
"17,19 : 0.51"
"19,17 : 0.51"
"17,20 : 0.3276"
"20,17 : 0.3276"
"17,21 : 0.2746"
"21,17 : 0.2746"
"17,22 : 0.542"
"22,17 : 0.542"
"17,23 : 0.5187"
"23,17 : 0.5187"
"17,24 : 0.3189"
"24,17 : 0.3189"
"17,25 : 0.2907"
"25,17 : 0.2907"
"17,26 : 0.4244"
"26,17 : 0.4244"
"17,27 : 0.5608"
"27,17 : 0.5608"
"17,28 : 0.43"
"28,17 : 0.43"
"17,29 : 0.3276"
"29,17 : 0.3276"
"17,30 : 0.4554"
"30,17 : 0.4554"
"17,31 : 0.5728"
"31,17 : 0.5728"
"17,32 : 0.3256"
"32,17 : 0.3256"
"17,33 : 0.2102"
"33,17 : 0.2102"
"17,34 : 0.2408"
"34,17 : 0.2408"
"17,35 : 0.3493"
"35,17 : 0.3493"
"17,36 : 0.5504"
"36,17 : 0.5504"
"17,37 : 0.3547"
"37,17 : 0.3547"
"17,38 : 0.3669"
"38,17 : 0.3669"
"17,39 : 0.2884"
"39,17 : 0.2884"
"17,40 : 0.5233"
"40,17 : 0.5233"
"17,41 : 0.3353"
"41,17 : 0.3353"
"17,42 : 0.4801"
"42,17 : 0.4801"
"17,43 : 0.4105"
"43,17 : 0.4105"
"17,44 : 0.3202"
"44,17 : 0.3202"
"17,45 : 0.4494"
"45,17 : 0.4494"
"17,46 : 0.3202"
"46,17 : 0.3202"
"17,47 : 0.3089"
"47,17 : 0.3089"
"17,48 : 0.4974"
"48,17 : 0.4974"
"17,49 : 0.1746"
"49,17 : 0.1746"
"18,19 : 0.211"
"19,18 : 0.211"
"18,20 : 0.3801"
"20,18 : 0.3801"
"18,21 : 0.6101"
"21,18 : 0.6101"
"18,22 : 0.4002"
"22,18 : 0.4002"
"18,23 : 0.4925"
"23,18 : 0.4925"
"18,24 : 0.5787"
"24,18 : 0.5787"
"18,25 : 0.3828"
"25,18 : 0.3828"
"18,26 : 0.422"
"26,18 : 0.422"
"18,27 : 0.8545"
"27,18 : 0.8545"
"18,28 : 0.1082"
"28,18 : 0.1082"
"18,29 : 0.3748"
"29,18 : 0.3748"
"18,30 : 0.1703"
"30,18 : 0.1703"
"18,31 : 0.8766"
"31,18 : 0.8766"
"18,32 : 0.644"
"32,18 : 0.644"
"18,33 : 0.3808"
"33,18 : 0.3808"
"18,34 : 0.5855"
"34,18 : 0.5855"
"18,35 : 0.6803"
"35,18 : 0.6803"
"18,36 : 0.7083"
"36,18 : 0.7083"
"18,37 : 0.1838"
"37,18 : 0.1838"
"18,38 : 0.6918"
"38,18 : 0.6918"
"18,39 : 0.5831"
"39,18 : 0.5831"
"18,40 : 0.3114"
"40,18 : 0.3114"
"18,41 : 0.5111"
"41,18 : 0.5111"
"18,42 : 0.7624"
"42,18 : 0.7624"
"18,43 : 0.4148"
"43,18 : 0.4148"
"18,44 : 0.6503"
"44,18 : 0.6503"
"18,45 : 0.6161"
"45,18 : 0.6161"
"18,46 : 0.236"
"46,18 : 0.236"
"18,47 : 0.5908"
"47,18 : 0.5908"
"18,48 : 0.7669"
"48,18 : 0.7669"
"18,49 : 0.3956"
"49,18 : 0.3956"
"19,20 : 0.5906"
"20,19 : 0.5906"
"19,21 : 0.7446"
"21,19 : 0.7446"
"19,22 : 0.5704"
"22,19 : 0.5704"
"19,23 : 0.6888"
"23,19 : 0.6888"
"19,24 : 0.66"
"24,19 : 0.66"
"19,25 : 0.5936"
"25,19 : 0.5936"
"19,26 : 0.6263"
"26,19 : 0.6263"
"19,27 : 1.0512"
"27,19 : 1.0512"
"19,28 : 0.2408"
"28,19 : 0.2408"
"19,29 : 0.3883"
"29,19 : 0.3883"
"19,30 : 0.31"
"30,19 : 0.31"
"19,31 : 1.07"
"31,19 : 1.07"
"19,32 : 0.8293"
"32,19 : 0.8293"
"19,33 : 0.461"
"33,19 : 0.461"
"19,34 : 0.7374"
"34,19 : 0.7374"
"19,35 : 0.806"
"35,19 : 0.806"
"19,36 : 0.9192"
"36,19 : 0.9192"
"19,37 : 0.1803"
"37,19 : 0.1803"
"19,38 : 0.8105"
"38,19 : 0.8105"
"19,39 : 0.7762"
"39,19 : 0.7762"
"19,40 : 0.1526"
"40,19 : 0.1526"
"19,41 : 0.5558"
"41,19 : 0.5558"
"19,42 : 0.841"
"42,19 : 0.841"
"19,43 : 0.6203"
"43,19 : 0.6203"
"19,44 : 0.7767"
"44,19 : 0.7767"
"19,45 : 0.636"
"45,19 : 0.636"
"19,46 : 0.2502"
"46,19 : 0.2502"
"19,47 : 0.7875"
"47,19 : 0.7875"
"19,48 : 0.969"
"48,19 : 0.969"
"19,49 : 0.495"
"49,19 : 0.495"
"20,21 : 0.55"
"21,20 : 0.55"
"20,22 : 0.2648"
"22,20 : 0.2648"
"20,23 : 0.1921"
"23,20 : 0.1921"
"20,24 : 0.644"
"24,20 : 0.644"
"20,25 : 0.0447"
"25,20 : 0.0447"
"20,26 : 0.099"
"26,20 : 0.099"
"20,27 : 0.5508"
"27,20 : 0.5508"
"20,28 : 0.3821"
"28,20 : 0.3821"
"20,29 : 0.6083"
"29,20 : 0.6083"
"20,30 : 0.35"
"30,20 : 0.35"
"20,31 : 0.5846"
"31,20 : 0.5846"
"20,32 : 0.4144"
"32,20 : 0.4144"
"20,33 : 0.522"
"33,20 : 0.522"
"20,34 : 0.4855"
"34,20 : 0.4855"
"20,35 : 0.6243"
"35,20 : 0.6243"
"20,36 : 0.3302"
"36,20 : 0.3302"
"20,37 : 0.5197"
"37,20 : 0.5197"
"20,38 : 0.65"
"38,20 : 0.65"
"20,39 : 0.3324"
"39,20 : 0.3324"
"20,40 : 0.6801"
"40,20 : 0.6801"
"20,41 : 0.658"
"41,20 : 0.658"
"20,42 : 0.792"
"42,20 : 0.792"
"20,43 : 0.0849"
"43,20 : 0.0849"
"20,44 : 0.6"
"44,20 : 0.6"
"20,45 : 0.7739"
"45,20 : 0.7739"
"20,46 : 0.5308"
"46,20 : 0.5308"
"20,47 : 0.3202"
"47,20 : 0.3202"
"20,48 : 0.446"
"48,20 : 0.446"
"20,49 : 0.4966"
"49,20 : 0.4966"
"21,22 : 0.7965"
"22,21 : 0.7965"
"21,23 : 0.7376"
"23,21 : 0.7376"
"21,24 : 0.1992"
"24,21 : 0.1992"
"21,25 : 0.5061"
"25,21 : 0.5061"
"21,26 : 0.6482"
"26,21 : 0.6482"
"21,27 : 0.4884"
"27,21 : 0.4884"
"21,28 : 0.7018"
"28,21 : 0.7018"
"21,29 : 0.4342"
"29,21 : 0.4342"
"21,30 : 0.7299"
"30,21 : 0.7299"
"21,31 : 0.478"
"31,21 : 0.478"
"21,32 : 0.2717"
"32,21 : 0.2717"
"21,33 : 0.3053"
"33,21 : 0.3053"
"21,34 : 0.0762"
"34,21 : 0.0762"
"21,35 : 0.0762"
"35,21 : 0.0762"
"21,36 : 0.65"
"36,21 : 0.65"
"21,37 : 0.5692"
"37,21 : 0.5692"
"21,38 : 0.1"
"38,21 : 0.1"
"21,39 : 0.3102"
"39,21 : 0.3102"
"21,40 : 0.7155"
"40,21 : 0.7155"
"21,41 : 0.3191"
"41,21 : 0.3191"
"21,42 : 0.2594"
"42,21 : 0.2594"
"21,43 : 0.6341"
"43,21 : 0.6341"
"21,44 : 0.05"
"44,21 : 0.05"
"21,45 : 0.386"
"45,21 : 0.386"
"21,46 : 0.5108"
"46,21 : 0.5108"
"21,47 : 0.3418"
"47,21 : 0.3418"
"21,48 : 0.4804"
"48,21 : 0.4804"
"21,49 : 0.2594"
"49,21 : 0.2594"
"22,23 : 0.172"
"23,22 : 0.172"
"22,24 : 0.857"
"24,22 : 0.857"
"22,25 : 0.3081"
"25,22 : 0.3081"
"22,26 : 0.191"
"26,22 : 0.191"
"22,27 : 0.7963"
"27,22 : 0.7963"
"22,28 : 0.33"
"28,22 : 0.33"
"22,29 : 0.743"
"29,22 : 0.743"
"22,30 : 0.2608"
"30,22 : 0.2608"
"22,31 : 0.8338"
"31,22 : 0.8338"
"22,32 : 0.679"
"32,22 : 0.679"
"22,33 : 0.6966"
"33,22 : 0.6966"
"22,34 : 0.7382"
"34,22 : 0.7382"
"22,35 : 0.8724"
"35,22 : 0.8724"
"22,36 : 0.5009"
"36,22 : 0.5009"
"22,37 : 0.5824"
"37,22 : 0.5824"
"22,38 : 0.8955"
"38,22 : 0.8955"
"22,39 : 0.5968"
"39,22 : 0.5968"
"22,40 : 0.7026"
"40,22 : 0.7026"
"22,41 : 0.8387"
"41,22 : 0.8387"
"22,42 : 1.022"
"42,22 : 1.022"
"22,43 : 0.2002"
"43,22 : 0.2002"
"22,44 : 0.846"
"44,22 : 0.846"
"22,45 : 0.9543"
"45,22 : 0.9543"
"22,46 : 0.6239"
"46,22 : 0.6239"
"22,47 : 0.5831"
"47,22 : 0.5831"
"22,48 : 0.6873"
"48,22 : 0.6873"
"22,49 : 0.6862"
"49,22 : 0.6862"
"23,24 : 0.836"
"24,23 : 0.836"
"23,25 : 0.2335"
"25,23 : 0.2335"
"23,26 : 0.0943"
"26,23 : 0.0943"
"23,27 : 0.65"
"27,23 : 0.65"
"23,28 : 0.4522"
"28,23 : 0.4522"
"23,29 : 0.7816"
"29,23 : 0.7816"
"23,30 : 0.394"
"30,23 : 0.394"
"23,31 : 0.6903"
"31,23 : 0.6903"
"23,32 : 0.5701"
"32,23 : 0.5701"
"23,33 : 0.7068"
"33,23 : 0.7068"
"23,34 : 0.6701"
"34,23 : 0.6701"
"23,35 : 0.8106"
"35,23 : 0.8106"
"23,36 : 0.3324"
"36,23 : 0.3324"
"23,37 : 0.6603"
"37,23 : 0.6603"
"23,38 : 0.8374"
"38,23 : 0.8374"
"23,39 : 0.4885"
"39,23 : 0.4885"
"23,40 : 0.804"
"40,23 : 0.804"
"23,41 : 0.8453"
"41,23 : 0.8453"
"23,42 : 0.9831"
"42,23 : 0.9831"
"23,43 : 0.1082"
"43,23 : 0.1082"
"23,44 : 0.7875"
"44,23 : 0.7875"
"23,45 : 0.9618"
"45,23 : 0.9618"
"23,46 : 0.6859"
"46,23 : 0.6859"
"23,47 : 0.4682"
"47,23 : 0.4682"
"23,48 : 0.54"
"48,23 : 0.54"
"23,49 : 0.6848"
"49,23 : 0.6848"
"24,25 : 0.6046"
"25,24 : 0.6046"
"24,26 : 0.742"
"26,24 : 0.742"
"24,27 : 0.6866"
"27,24 : 0.6866"
"24,28 : 0.6835"
"28,24 : 0.6835"
"24,29 : 0.2912"
"29,24 : 0.2912"
"24,30 : 0.7292"
"30,24 : 0.7292"
"24,31 : 0.6772"
"31,24 : 0.6772"
"24,32 : 0.461"
"32,24 : 0.461"
"24,33 : 0.2022"
"33,24 : 0.2022"
"24,34 : 0.2617"
"34,24 : 0.2617"
"24,35 : 0.2062"
"35,24 : 0.2062"
"24,36 : 0.8125"
"36,24 : 0.8125"
"24,37 : 0.4801"
"37,24 : 0.4801"
"24,38 : 0.191"
"38,24 : 0.191"
"24,39 : 0.4826"
"39,24 : 0.4826"
"24,40 : 0.5944"
"40,24 : 0.5944"
"24,41 : 0.136"
"41,24 : 0.136"
"24,42 : 0.1844"
"42,24 : 0.1844"
"24,43 : 0.728"
"43,24 : 0.728"
"24,44 : 0.1887"
"44,24 : 0.1887"
"24,45 : 0.1868"
"45,24 : 0.1868"
"24,46 : 0.4101"
"46,24 : 0.4101"
"24,47 : 0.5135"
"47,24 : 0.5135"
"24,48 : 0.6712"
"48,24 : 0.6712"
"24,49 : 0.1838"
"49,24 : 0.1838"
"25,26 : 0.1421"
"26,25 : 0.1421"
"25,27 : 0.5187"
"27,25 : 0.5187"
"25,28 : 0.397"
"28,25 : 0.397"
"25,29 : 0.5831"
"29,25 : 0.5831"
"25,30 : 0.3722"
"30,25 : 0.3722"
"25,31 : 0.5508"
"31,25 : 0.5508"
"25,32 : 0.3722"
"32,25 : 0.3722"
"25,33 : 0.4904"
"33,25 : 0.4904"
"25,34 : 0.441"
"34,25 : 0.441"
"25,35 : 0.5801"
"35,25 : 0.5801"
"25,36 : 0.3265"
"36,25 : 0.3265"
"25,37 : 0.5096"
"37,25 : 0.5096"
"25,38 : 0.6061"
"38,25 : 0.6061"
"25,39 : 0.2907"
"39,25 : 0.2907"
"25,40 : 0.6742"
"40,25 : 0.6742"
"25,41 : 0.6239"
"41,25 : 0.6239"
"25,42 : 0.7497"
"42,25 : 0.7497"
"25,43 : 0.1281"
"43,25 : 0.1281"
"25,44 : 0.5561"
"44,25 : 0.5561"
"25,45 : 0.7393"
"45,25 : 0.7393"
"25,46 : 0.5148"
"46,25 : 0.5148"
"25,47 : 0.2802"
"47,25 : 0.2802"
"25,48 : 0.4163"
"48,25 : 0.4163"
"25,49 : 0.4624"
"49,25 : 0.4624"
"26,27 : 0.6053"
"27,26 : 0.6053"
"26,28 : 0.3982"
"28,26 : 0.3982"
"26,29 : 0.6912"
"29,26 : 0.6912"
"26,30 : 0.35"
"30,26 : 0.35"
"26,31 : 0.6428"
"31,26 : 0.6428"
"26,32 : 0.4973"
"32,26 : 0.4973"
"26,33 : 0.6133"
"33,26 : 0.6133"
"26,34 : 0.5825"
"34,26 : 0.5825"
"26,35 : 0.722"
"35,26 : 0.722"
"26,36 : 0.328"
"36,26 : 0.328"
"26,37 : 0.5808"
"37,26 : 0.5808"
"26,38 : 0.7481"
"38,26 : 0.7481"
"26,39 : 0.4148"
"39,26 : 0.4148"
"26,40 : 0.7316"
"40,26 : 0.7316"
"26,41 : 0.7513"
"41,26 : 0.7513"
"26,42 : 0.891"
"42,26 : 0.891"
"26,43 : 0.0141"
"43,26 : 0.0141"
"26,44 : 0.6981"
"44,26 : 0.6981"
"26,45 : 0.8677"
"45,26 : 0.8677"
"26,46 : 0.6013"
"46,26 : 0.6013"
"26,47 : 0.3981"
"47,26 : 0.3981"
"26,48 : 0.4965"
"48,26 : 0.4965"
"26,49 : 0.5906"
"49,26 : 0.5906"
"27,28 : 0.8994"
"28,27 : 0.8994"
"27,29 : 0.8645"
"29,27 : 0.8645"
"27,30 : 0.8864"
"30,27 : 0.8864"
"27,31 : 0.0447"
"31,27 : 0.0447"
"27,32 : 0.2419"
"32,27 : 0.2419"
"27,33 : 0.7295"
"33,27 : 0.7295"
"27,34 : 0.4272"
"34,27 : 0.4272"
"27,35 : 0.5104"
"35,27 : 0.5104"
"27,36 : 0.3606"
"36,27 : 0.3606"
"27,37 : 0.9124"
"37,27 : 0.9124"
"27,38 : 0.5401"
"38,27 : 0.5401"
"27,39 : 0.2759"
"39,27 : 0.2759"
"27,40 : 1.083"
"40,27 : 1.083"
"27,41 : 0.7938"
"41,27 : 0.7938"
"27,42 : 0.7106"
"42,27 : 0.7106"
"27,43 : 0.5968"
"43,27 : 0.5968"
"27,44 : 0.5124"
"44,27 : 0.5124"
"27,45 : 0.8732"
"45,27 : 0.8732"
"27,46 : 0.8809"
"46,27 : 0.8809"
"27,47 : 0.264"
"47,27 : 0.264"
"27,48 : 0.11"
"48,27 : 0.11"
"27,49 : 0.68"
"49,27 : 0.68"
"28,29 : 0.4817"
"29,28 : 0.4817"
"28,30 : 0.0728"
"30,28 : 0.0728"
"28,31 : 0.9257"
"31,28 : 0.9257"
"28,32 : 0.7052"
"32,28 : 0.7052"
"28,33 : 0.4875"
"33,28 : 0.4875"
"28,34 : 0.6703"
"34,28 : 0.6703"
"28,35 : 0.7741"
"35,28 : 0.7741"
"28,36 : 0.7106"
"36,28 : 0.7106"
"28,37 : 0.2802"
"37,28 : 0.2802"
"28,38 : 0.7877"
"38,28 : 0.7877"
"28,39 : 0.6369"
"39,28 : 0.6369"
"28,40 : 0.3748"
"40,28 : 0.3748"
"28,41 : 0.6191"
"41,28 : 0.6191"
"28,42 : 0.8665"
"42,28 : 0.8665"
"28,43 : 0.3945"
"43,28 : 0.3945"
"28,44 : 0.7443"
"44,28 : 0.7443"
"28,45 : 0.7242"
"45,28 : 0.7242"
"28,46 : 0.3397"
"46,28 : 0.3397"
"28,47 : 0.6398"
"47,28 : 0.6398"
"28,48 : 0.8045"
"48,28 : 0.8045"
"28,49 : 0.4998"
"49,28 : 0.4998"
"29,30 : 0.5445"
"30,29 : 0.5445"
"29,31 : 0.8682"
"31,29 : 0.8682"
"29,32 : 0.6227"
"32,29 : 0.6227"
"29,33 : 0.136"
"33,29 : 0.136"
"29,34 : 0.4601"
"34,29 : 0.4601"
"29,35 : 0.4751"
"35,29 : 0.4751"
"29,36 : 0.8746"
"36,29 : 0.8746"
"29,37 : 0.2193"
"37,29 : 0.2193"
"29,38 : 0.4696"
"38,29 : 0.4696"
"29,39 : 0.6054"
"39,29 : 0.6054"
"29,40 : 0.3041"
"40,29 : 0.3041"
"29,41 : 0.17"
"41,29 : 0.17"
"29,42 : 0.4617"
"42,29 : 0.4617"
"29,43 : 0.6791"
"43,29 : 0.6791"
"29,44 : 0.4494"
"44,29 : 0.4494"
"29,45 : 0.2508"
"45,29 : 0.2508"
"29,46 : 0.1476"
"46,29 : 0.1476"
"29,47 : 0.6297"
"47,29 : 0.6297"
"29,48 : 0.8154"
"48,29 : 0.8154"
"29,49 : 0.186"
"49,29 : 0.186"
"30,31 : 0.9155"
"31,30 : 0.9155"
"30,32 : 0.7061"
"32,30 : 0.7061"
"30,33 : 0.5385"
"33,30 : 0.5385"
"30,34 : 0.6918"
"34,30 : 0.6918"
"30,35 : 0.8041"
"35,30 : 0.8041"
"30,36 : 0.6718"
"36,30 : 0.6718"
"30,37 : 0.3499"
"37,30 : 0.3499"
"30,38 : 0.82"
"38,30 : 0.82"
"30,39 : 0.6332"
"39,30 : 0.6332"
"30,40 : 0.4472"
"40,30 : 0.4472"
"30,41 : 0.6742"
"41,30 : 0.6742"
"30,42 : 0.91"
"42,30 : 0.91"
"30,43 : 0.3483"
"43,30 : 0.3483"
"30,44 : 0.7747"
"44,30 : 0.7747"
"30,45 : 0.7824"
"45,30 : 0.7824"
"30,46 : 0.4061"
"46,30 : 0.4061"
"30,47 : 0.6325"
"47,30 : 0.6325"
"30,48 : 0.7871"
"48,30 : 0.7871"
"30,49 : 0.5456"
"49,30 : 0.5456"
"31,32 : 0.2484"
"32,31 : 0.2484"
"31,33 : 0.7325"
"33,31 : 0.7325"
"31,34 : 0.4215"
"34,31 : 0.4215"
"31,35 : 0.4937"
"35,31 : 0.4937"
"31,36 : 0.405"
"36,31 : 0.405"
"31,37 : 0.9266"
"37,31 : 0.9266"
"31,38 : 0.5224"
"38,31 : 0.5224"
"31,39 : 0.2941"
"39,31 : 0.2941"
"31,40 : 1.096"
"40,31 : 1.096"
"31,41 : 0.7892"
"41,31 : 0.7892"
"31,42 : 0.6901"
"42,31 : 0.6901"
"31,43 : 0.6339"
"43,31 : 0.6339"
"31,44 : 0.4982"
"44,31 : 0.4982"
"31,45 : 0.864"
"45,31 : 0.864"
"31,46 : 0.892"
"46,31 : 0.892"
"31,47 : 0.2865"
"47,31 : 0.2865"
"31,48 : 0.1513"
"48,31 : 0.1513"
"31,49 : 0.6826"
"49,31 : 0.6826"
"32,33 : 0.4876"
"33,32 : 0.4876"
"32,34 : 0.2"
"34,32 : 0.2"
"32,35 : 0.3162"
"35,32 : 0.3162"
"32,36 : 0.3966"
"36,32 : 0.3966"
"32,37 : 0.6801"
"37,32 : 0.6801"
"32,38 : 0.3479"
"38,32 : 0.3479"
"32,39 : 0.0825"
"39,32 : 0.0825"
"32,40 : 0.8486"
"40,32 : 0.8486"
"32,41 : 0.5579"
"41,32 : 0.5579"
"32,42 : 0.522"
"42,32 : 0.522"
"32,43 : 0.4851"
"43,32 : 0.4851"
"32,44 : 0.3081"
"44,32 : 0.3081"
"32,45 : 0.645"
"45,32 : 0.645"
"32,46 : 0.6438"
"46,32 : 0.6438"
"32,47 : 0.103"
"47,32 : 0.103"
"32,48 : 0.2102"
"48,32 : 0.2102"
"32,49 : 0.4383"
"49,32 : 0.4383"
"33,34 : 0.3253"
"34,33 : 0.3253"
"33,35 : 0.3547"
"35,33 : 0.3547"
"33,36 : 0.7601"
"36,33 : 0.7601"
"33,37 : 0.2807"
"37,33 : 0.2807"
"33,38 : 0.3544"
"38,33 : 0.3544"
"33,39 : 0.4743"
"39,33 : 0.4743"
"33,40 : 0.4123"
"40,33 : 0.4123"
"33,41 : 0.1421"
"41,33 : 0.1421"
"33,42 : 0.3864"
"42,33 : 0.3864"
"33,43 : 0.6001"
"43,33 : 0.6001"
"33,44 : 0.327"
"44,33 : 0.327"
"33,45 : 0.2581"
"45,33 : 0.2581"
"33,46 : 0.2138"
"46,33 : 0.2138"
"33,47 : 0.5"
"47,33 : 0.5"
"33,48 : 0.6835"
"48,33 : 0.6835"
"33,49 : 0.05"
"49,33 : 0.05"
"34,35 : 0.1414"
"35,34 : 0.1414"
"34,36 : 0.5738"
"36,34 : 0.5738"
"34,37 : 0.568"
"37,34 : 0.568"
"34,38 : 0.1703"
"38,34 : 0.1703"
"34,39 : 0.2341"
"39,34 : 0.2341"
"34,40 : 0.724"
"40,34 : 0.724"
"34,41 : 0.3677"
"41,34 : 0.3677"
"34,42 : 0.3354"
"42,34 : 0.3354"
"34,43 : 0.5686"
"43,34 : 0.5686"
"34,44 : 0.1221"
"44,34 : 0.1221"
"34,45 : 0.4472"
"45,34 : 0.4472"
"34,46 : 0.5162"
"46,34 : 0.5162"
"34,47 : 0.2657"
"47,34 : 0.2657"
"34,48 : 0.4101"
"48,34 : 0.4101"
"34,49 : 0.2759"
"49,34 : 0.2759"
"35,36 : 0.7066"
"36,35 : 0.7066"
"35,37 : 0.6282"
"37,35 : 0.6282"
"35,38 : 0.0316"
"38,35 : 0.0316"
"35,39 : 0.3672"
"39,35 : 0.3672"
"35,40 : 0.7669"
"40,35 : 0.7669"
"35,41 : 0.3394"
"41,35 : 0.3394"
"35,42 : 0.2062"
"42,35 : 0.2062"
"35,43 : 0.708"
"43,35 : 0.708"
"35,44 : 0.03"
"44,35 : 0.03"
"35,45 : 0.3847"
"45,35 : 0.3847"
"35,46 : 0.5661"
"46,35 : 0.5661"
"35,47 : 0.3982"
"47,35 : 0.3982"
"35,48 : 0.5179"
"48,35 : 0.5179"
"35,49 : 0.3132"
"49,35 : 0.3132"
"36,37 : 0.8322"
"37,36 : 0.8322"
"36,38 : 0.7379"
"38,36 : 0.7379"
"36,39 : 0.3401"
"39,36 : 0.3401"
"36,40 : 0.9992"
"40,36 : 0.9992"
"36,41 : 0.8737"
"41,36 : 0.8737"
"36,42 : 0.9087"
"42,36 : 0.9087"
"36,43 : 0.3265"
"43,36 : 0.3265"
"36,44 : 0.6935"
"44,36 : 0.6935"
"36,45 : 0.9801"
"45,36 : 0.9801"
"36,46 : 0.8297"
"46,36 : 0.8297"
"36,47 : 0.3087"
"47,36 : 0.3087"
"36,48 : 0.2594"
"48,36 : 0.2594"
"36,49 : 0.7203"
"49,36 : 0.7203"
"37,38 : 0.6315"
"38,37 : 0.6315"
"37,39 : 0.637"
"39,37 : 0.637"
"37,40 : 0.172"
"40,37 : 0.172"
"37,41 : 0.3808"
"41,37 : 0.3808"
"37,42 : 0.6619"
"42,37 : 0.6619"
"37,43 : 0.5714"
"43,37 : 0.5714"
"37,44 : 0.5991"
"44,37 : 0.5991"
"37,45 : 0.4701"
"45,37 : 0.4701"
"37,46 : 0.0728"
"46,37 : 0.0728"
"37,47 : 0.653"
"47,37 : 0.653"
"37,48 : 0.8402"
"48,37 : 0.8402"
"37,49 : 0.3158"
"49,37 : 0.3158"
"38,39 : 0.3982"
"39,38 : 0.3982"
"38,40 : 0.7655"
"40,38 : 0.7655"
"38,41 : 0.3265"
"41,38 : 0.3265"
"38,42 : 0.1746"
"42,38 : 0.1746"
"38,43 : 0.7341"
"43,38 : 0.7341"
"38,44 : 0.05"
"44,38 : 0.05"
"38,45 : 0.3636"
"45,38 : 0.3636"
"38,46 : 0.5675"
"46,38 : 0.5675"
"38,47 : 0.4294"
"47,38 : 0.4294"
"38,48 : 0.5492"
"48,38 : 0.5492"
"38,49 : 0.3158"
"49,38 : 0.3158"
"39,40 : 0.8081"
"40,39 : 0.8081"
"39,41 : 0.5632"
"41,39 : 0.5632"
"39,42 : 0.5686"
"42,39 : 0.5686"
"39,43 : 0.4026"
"43,39 : 0.4026"
"39,44 : 0.3534"
"44,39 : 0.3534"
"39,45 : 0.66"
"45,39 : 0.66"
"39,46 : 0.608"
"46,39 : 0.608"
"39,47 : 0.0316"
"47,39 : 0.0316"
"39,48 : 0.2102"
"48,39 : 0.2102"
"39,49 : 0.4272"
"49,39 : 0.4272"
"40,41 : 0.4727"
"41,40 : 0.4727"
"40,42 : 0.7653"
"42,40 : 0.7653"
"40,43 : 0.7237"
"43,40 : 0.7237"
"40,44 : 0.7393"
"44,40 : 0.7393"
"40,45 : 0.5324"
"45,40 : 0.5324"
"40,46 : 0.2081"
"46,40 : 0.2081"
"40,47 : 0.8246"
"47,40 : 0.8246"
"40,48 : 1.0121"
"48,40 : 1.0121"
"40,49 : 0.4562"
"49,40 : 0.4562"
"41,42 : 0.2927"
"42,41 : 0.2927"
"41,43 : 0.7379"
"43,41 : 0.7379"
"41,44 : 0.3189"
"44,41 : 0.3189"
"41,45 : 0.1166"
"45,41 : 0.1166"
"41,46 : 0.3081"
"46,41 : 0.3081"
"41,47 : 0.5921"
"47,41 : 0.5921"
"41,48 : 0.7649"
"48,41 : 0.7649"
"41,49 : 0.1616"
"49,41 : 0.1616"
"42,43 : 0.8768"
"43,42 : 0.8768"
"42,44 : 0.2154"
"44,42 : 0.2154"
"42,45 : 0.2693"
"45,42 : 0.2693"
"42,46 : 0.5908"
"46,42 : 0.5908"
"42,47 : 0.6001"
"47,42 : 0.6001"
"42,48 : 0.7237"
"48,42 : 0.7237"
"42,49 : 0.3669"
"49,42 : 0.3669"
"43,44 : 0.6841"
"44,43 : 0.6841"
