x,y
0.32,0.3
0.42,0.21
0.06,0.15
0.32,0.82
0.2,0.21
0.72,0.96
0.46,0.09
0.71,0.8
0.07,0.88
0.67,0.56
0.9,0.17
0.33,0.04
0.76,0.4
0.33,0.98
0.97,0.27
0.23,0.41
0.91,0.61
0.45,0.98
0.29,0.78
0.18,0.89
0.37,0.45
0.21,0.19
0.58,0.5
0.38,0.77
0.44,0.46
0.47,0.08
0.49,0.23
0.99,0.93
0.43,0.61
0.08,0.15
0.42,0.06
0.86,0.88
0.9,0.33
0.64,0.87
0.02,0.14
0.48,0.1
0.97,0.78
0.71,0.01
0.86,0.98
0.97,0.37
0.04,0.14
0.57,0.68
0.95,0.59
0.85,0.73
0.12,0.05
0.57,0.02
0.38,0.25
0.93,0.21
0.01,0.42
0.1,0.14

Distanze
"0,1 : 0.1345"
"1,0 : 0.1345"
"0,2 : 0.3002"
"2,0 : 0.3002"
"0,3 : 0.52"
"3,0 : 0.52"
"0,4 : 0.15"
"4,0 : 0.15"
"0,5 : 0.7718"
"5,0 : 0.7718"
"0,6 : 0.2524"
"6,0 : 0.2524"
"0,7 : 0.6341"
"7,0 : 0.6341"
"0,8 : 0.6316"
"8,0 : 0.6316"
"0,9 : 0.436"
"9,0 : 0.436"
"0,10 : 0.5944"
"10,0 : 0.5944"
"0,11 : 0.2602"
"11,0 : 0.2602"
"0,12 : 0.4512"
"12,0 : 0.4512"
"0,13 : 0.6801"
"13,0 : 0.6801"
"0,14 : 0.6507"
"14,0 : 0.6507"
"0,15 : 0.1421"
"15,0 : 0.1421"
"0,16 : 0.6665"
"16,0 : 0.6665"
"0,17 : 0.6923"
"17,0 : 0.6923"
"0,18 : 0.4809"
"18,0 : 0.4809"
"0,19 : 0.6064"
"19,0 : 0.6064"
"0,20 : 0.1581"
"20,0 : 0.1581"
"0,21 : 0.1556"
"21,0 : 0.1556"
"0,22 : 0.328"
"22,0 : 0.328"
"0,23 : 0.4738"
"23,0 : 0.4738"
"0,24 : 0.2"
"24,0 : 0.2"
"0,25 : 0.2663"
"25,0 : 0.2663"
"0,26 : 0.1838"
"26,0 : 0.1838"
"0,27 : 0.9197"
"27,0 : 0.9197"
"0,28 : 0.3289"
"28,0 : 0.3289"
"0,29 : 0.283"
"29,0 : 0.283"
"0,30 : 0.26"
"30,0 : 0.26"
"0,31 : 0.7925"
"31,0 : 0.7925"
"0,32 : 0.5808"
"32,0 : 0.5808"
"0,33 : 0.6537"
"33,0 : 0.6537"
"0,34 : 0.34"
"34,0 : 0.34"
"0,35 : 0.2561"
"35,0 : 0.2561"
"0,36 : 0.808"
"36,0 : 0.808"
"0,37 : 0.486"
"37,0 : 0.486"
"0,38 : 0.8683"
"38,0 : 0.8683"
"0,39 : 0.6538"
"39,0 : 0.6538"
"0,40 : 0.3225"
"40,0 : 0.3225"
"0,41 : 0.4549"
"41,0 : 0.4549"
"0,42 : 0.6935"
"42,0 : 0.6935"
"0,43 : 0.6825"
"43,0 : 0.6825"
"0,44 : 0.3202"
"44,0 : 0.3202"
"0,45 : 0.3754"
"45,0 : 0.3754"
"0,46 : 0.0781"
"46,0 : 0.0781"
"0,47 : 0.6166"
"47,0 : 0.6166"
"0,48 : 0.3324"
"48,0 : 0.3324"
"0,49 : 0.272"
"49,0 : 0.272"
"1,2 : 0.365"
"2,1 : 0.365"
"1,3 : 0.6181"
"3,1 : 0.6181"
"1,4 : 0.22"
"4,1 : 0.22"
"1,5 : 0.8078"
"5,1 : 0.8078"
"1,6 : 0.1265"
"6,1 : 0.1265"
"1,7 : 0.6574"
"7,1 : 0.6574"
"1,8 : 0.7559"
"8,1 : 0.7559"
"1,9 : 0.4301"
"9,1 : 0.4301"
"1,10 : 0.4817"
"10,1 : 0.4817"
"1,11 : 0.1924"
"11,1 : 0.1924"
"1,12 : 0.3895"
"12,1 : 0.3895"
"1,13 : 0.7752"
"13,1 : 0.7752"
"1,14 : 0.5533"
"14,1 : 0.5533"
"1,15 : 0.2759"
"15,1 : 0.2759"
"1,16 : 0.6325"
"16,1 : 0.6325"
"1,17 : 0.7706"
"17,1 : 0.7706"
"1,18 : 0.5846"
"18,1 : 0.5846"
"1,19 : 0.7211"
"19,1 : 0.7211"
"1,20 : 0.2452"
"20,1 : 0.2452"
"1,21 : 0.211"
"21,1 : 0.211"
"1,22 : 0.3312"
"22,1 : 0.3312"
"1,23 : 0.5614"
"23,1 : 0.5614"
"1,24 : 0.2508"
"24,1 : 0.2508"
"1,25 : 0.1393"
"25,1 : 0.1393"
"1,26 : 0.0728"
"26,1 : 0.0728"
"1,27 : 0.9183"
"27,1 : 0.9183"
"1,28 : 0.4001"
"28,1 : 0.4001"
"1,29 : 0.3453"
"29,1 : 0.3453"
"1,30 : 0.15"
"30,1 : 0.15"
"1,31 : 0.8016"
"31,1 : 0.8016"
"1,32 : 0.4948"
"32,1 : 0.4948"
"1,33 : 0.6957"
"33,1 : 0.6957"
"1,34 : 0.4061"
"34,1 : 0.4061"
"1,35 : 0.1253"
"35,1 : 0.1253"
"1,36 : 0.7921"
"36,1 : 0.7921"
"1,37 : 0.3523"
"37,1 : 0.3523"
"1,38 : 0.8868"
"38,1 : 0.8868"
"1,39 : 0.5728"
"39,1 : 0.5728"
"1,40 : 0.3864"
"40,1 : 0.3864"
"1,41 : 0.4934"
"41,1 : 0.4934"
"1,42 : 0.6522"
"42,1 : 0.6522"
"1,43 : 0.6748"
"43,1 : 0.6748"
"1,44 : 0.34"
"44,1 : 0.34"
"1,45 : 0.2421"
"45,1 : 0.2421"
"1,46 : 0.0566"
"46,1 : 0.0566"
"1,47 : 0.51"
"47,1 : 0.51"
"1,48 : 0.4607"
"48,1 : 0.4607"
"1,49 : 0.3276"
"49,1 : 0.3276"
"2,3 : 0.7187"
"3,2 : 0.7187"
"2,4 : 0.1523"
"4,2 : 0.1523"
"2,5 : 1.0448"
"5,2 : 1.0448"
"2,6 : 0.4045"
"6,2 : 0.4045"
"2,7 : 0.9192"
"7,2 : 0.9192"
"2,8 : 0.7301"
"8,2 : 0.7301"
"2,9 : 0.735"
"9,2 : 0.735"
"2,10 : 0.8402"
"10,2 : 0.8402"
"2,11 : 0.2915"
"11,2 : 0.2915"
"2,12 : 0.7433"
"12,2 : 0.7433"
"2,13 : 0.8728"
"13,2 : 0.8728"
"2,14 : 0.9179"
"14,2 : 0.9179"
"2,15 : 0.3106"
"15,2 : 0.3106"
"2,16 : 0.9665"
"16,2 : 0.9665"
"2,17 : 0.9171"
"17,2 : 0.9171"
"2,18 : 0.6707"
"18,2 : 0.6707"
"2,19 : 0.7497"
"19,2 : 0.7497"
"2,20 : 0.4314"
"20,2 : 0.4314"
"2,21 : 0.1552"
"21,2 : 0.1552"
"2,22 : 0.6268"
"22,2 : 0.6268"
"2,23 : 0.6977"
"23,2 : 0.6977"
"2,24 : 0.4904"
"24,2 : 0.4904"
"2,25 : 0.4159"
"25,2 : 0.4159"
"2,26 : 0.4374"
"26,2 : 0.4374"
"2,27 : 1.2138"
"27,2 : 1.2138"
"2,28 : 0.5903"
"28,2 : 0.5903"
"2,29 : 0.02"
"29,2 : 0.02"
"2,30 : 0.3711"
"30,2 : 0.3711"
"2,31 : 1.083"
"31,2 : 1.083"
"2,32 : 0.8591"
"32,2 : 0.8591"
"2,33 : 0.9246"
"33,2 : 0.9246"
"2,34 : 0.0412"
"34,2 : 0.0412"
"2,35 : 0.423"
"35,2 : 0.423"
"2,36 : 1.1068"
"36,2 : 1.1068"
"2,37 : 0.6649"
"37,2 : 0.6649"
"2,38 : 1.1528"
"38,2 : 1.1528"
"2,39 : 0.9362"
"39,2 : 0.9362"
"2,40 : 0.0224"
"40,2 : 0.0224"
"2,41 : 0.7355"
"41,2 : 0.7355"
"2,42 : 0.9928"
"42,2 : 0.9928"
"2,43 : 0.9801"
"43,2 : 0.9801"
"2,44 : 0.1166"
"44,2 : 0.1166"
"2,45 : 0.5263"
"45,2 : 0.5263"
"2,46 : 0.3353"
"46,2 : 0.3353"
"2,47 : 0.8721"
"47,2 : 0.8721"
"2,48 : 0.2746"
"48,2 : 0.2746"
"2,49 : 0.0412"
"49,2 : 0.0412"
"3,4 : 0.6217"
"4,3 : 0.6217"
"3,5 : 0.4238"
"5,3 : 0.4238"
"3,6 : 0.7433"
"6,3 : 0.7433"
"3,7 : 0.3905"
"7,3 : 0.3905"
"3,8 : 0.2571"
"8,3 : 0.2571"
"3,9 : 0.436"
"9,3 : 0.436"
"3,10 : 0.8711"
"10,3 : 0.8711"
"3,11 : 0.7801"
"11,3 : 0.7801"
"3,12 : 0.6083"
"12,3 : 0.6083"
"3,13 : 0.1603"
"13,3 : 0.1603"
"3,14 : 0.8515"
"14,3 : 0.8515"
"3,15 : 0.4198"
"15,3 : 0.4198"
"3,16 : 0.6263"
"16,3 : 0.6263"
"3,17 : 0.2062"
"17,3 : 0.2062"
"3,18 : 0.05"
"18,3 : 0.05"
"3,19 : 0.1565"
"19,3 : 0.1565"
"3,20 : 0.3734"
"20,3 : 0.3734"
"3,21 : 0.6395"
"21,3 : 0.6395"
"3,22 : 0.4123"
"22,3 : 0.4123"
"3,23 : 0.0781"
"23,3 : 0.0781"
"3,24 : 0.3795"
"24,3 : 0.3795"
"3,25 : 0.755"
"25,3 : 0.755"
"3,26 : 0.614"
"26,3 : 0.614"
"3,27 : 0.679"
"27,3 : 0.679"
"3,28 : 0.2371"
"28,3 : 0.2371"
"3,29 : 0.7117"
"29,3 : 0.7117"
"3,30 : 0.7666"
"30,3 : 0.7666"
"3,31 : 0.5433"
"31,3 : 0.5433"
"3,32 : 0.7593"
"32,3 : 0.7593"
"3,33 : 0.3239"
"33,3 : 0.3239"
"3,34 : 0.7432"
"34,3 : 0.7432"
"3,35 : 0.7376"
"35,3 : 0.7376"
"3,36 : 0.6512"
"36,3 : 0.6512"
"3,37 : 0.899"
"37,3 : 0.899"
"3,38 : 0.5632"
"38,3 : 0.5632"
"3,39 : 0.7906"
"39,3 : 0.7906"
"3,40 : 0.7354"
"40,3 : 0.7354"
"3,41 : 0.2865"
"41,3 : 0.2865"
"3,42 : 0.6707"
"42,3 : 0.6707"
"3,43 : 0.5376"
"43,3 : 0.5376"
"3,44 : 0.7956"
"44,3 : 0.7956"
"3,45 : 0.8382"
"45,3 : 0.8382"
"3,46 : 0.5731"
"46,3 : 0.5731"
"3,47 : 0.8627"
"47,3 : 0.8627"
"3,48 : 0.5061"
"48,3 : 0.5061"
"3,49 : 0.7147"
"49,3 : 0.7147"
"4,5 : 0.9126"
"5,4 : 0.9126"
"4,6 : 0.2864"
"6,4 : 0.2864"
"4,7 : 0.7799"
"7,4 : 0.7799"
"4,8 : 0.6825"
"8,4 : 0.6825"
"4,9 : 0.586"
"9,4 : 0.586"
"4,10 : 0.7011"
"10,4 : 0.7011"
"4,11 : 0.214"
"11,4 : 0.214"
"4,12 : 0.5914"
"12,4 : 0.5914"
"4,13 : 0.7809"
"13,4 : 0.7809"
"4,14 : 0.7723"
"14,4 : 0.7723"
"4,15 : 0.2022"
"15,4 : 0.2022"
"4,16 : 0.8149"
"16,4 : 0.8149"
"4,17 : 0.8096"
"17,4 : 0.8096"
"4,18 : 0.5771"
"18,4 : 0.5771"
"4,19 : 0.6803"
"19,4 : 0.6803"
"4,20 : 0.2941"
"20,4 : 0.2941"
"4,21 : 0.0224"
"21,4 : 0.0224"
"4,22 : 0.478"
"22,4 : 0.478"
"4,23 : 0.5882"
"23,4 : 0.5882"
"4,24 : 0.3466"
"24,4 : 0.3466"
"4,25 : 0.2997"
"25,4 : 0.2997"
"4,26 : 0.2907"
"26,4 : 0.2907"
"4,27 : 1.0689"
"27,4 : 1.0689"
"4,28 : 0.4614"
"28,4 : 0.4614"
"4,29 : 0.1342"
"29,4 : 0.1342"
"4,30 : 0.2663"
"30,4 : 0.2663"
"4,31 : 0.9405"
"31,4 : 0.9405"
"4,32 : 0.7102"
"32,4 : 0.7102"
"4,33 : 0.7932"
"33,4 : 0.7932"
"4,34 : 0.1931"
"34,4 : 0.1931"
"4,35 : 0.3008"
"35,4 : 0.3008"
"4,36 : 0.958"
"36,4 : 0.958"
"4,37 : 0.5478"
"37,4 : 0.5478"
"4,38 : 1.0141"
"38,4 : 1.0141"
"4,39 : 0.7864"
"39,4 : 0.7864"
"4,40 : 0.1746"
"40,4 : 0.1746"
"4,41 : 0.5982"
"41,4 : 0.5982"
"4,42 : 0.8408"
"42,4 : 0.8408"
"4,43 : 0.8324"
"43,4 : 0.8324"
"4,44 : 0.1789"
"44,4 : 0.1789"
"4,45 : 0.4159"
"45,4 : 0.4159"
"4,46 : 0.1844"
"46,4 : 0.1844"
"4,47 : 0.73"
"47,4 : 0.73"
"4,48 : 0.2832"
"48,4 : 0.2832"
"4,49 : 0.1221"
"49,4 : 0.1221"
"5,6 : 0.908"
"6,5 : 0.908"
"5,7 : 0.1603"
"7,5 : 0.1603"
"5,8 : 0.6549"
"8,5 : 0.6549"
"5,9 : 0.4031"
"9,5 : 0.4031"
"5,10 : 0.8102"
"10,5 : 0.8102"
"5,11 : 0.9992"
"11,5 : 0.9992"
"5,12 : 0.5614"
"12,5 : 0.5614"
"5,13 : 0.3905"
"13,5 : 0.3905"
"5,14 : 0.7339"
"14,5 : 0.7339"
"5,15 : 0.7366"
"15,5 : 0.7366"
"5,16 : 0.3982"
"16,5 : 0.3982"
"5,17 : 0.2707"
"17,5 : 0.2707"
"5,18 : 0.4662"
"18,5 : 0.4662"
"5,19 : 0.5445"
"19,5 : 0.5445"
"5,20 : 0.6185"
"20,5 : 0.6185"
"5,21 : 0.9236"
"21,5 : 0.9236"
"5,22 : 0.4808"
"22,5 : 0.4808"
"5,23 : 0.3895"
"23,5 : 0.3895"
"5,24 : 0.5731"
"24,5 : 0.5731"
"5,25 : 0.9148"
"25,5 : 0.9148"
"5,26 : 0.7654"
"26,5 : 0.7654"
"5,27 : 0.2717"
"27,5 : 0.2717"
"5,28 : 0.4545"
"28,5 : 0.4545"
"5,29 : 1.0323"
"29,5 : 1.0323"
"5,30 : 0.9487"
"30,5 : 0.9487"
"5,31 : 0.1612"
"31,5 : 0.1612"
"5,32 : 0.6552"
"32,5 : 0.6552"
"5,33 : 0.1204"
"33,5 : 0.1204"
"5,34 : 1.0781"
"34,5 : 1.0781"
"5,35 : 0.8929"
"35,5 : 0.8929"
"5,36 : 0.3081"
"36,5 : 0.3081"
"5,37 : 0.9501"
"37,5 : 0.9501"
"5,38 : 0.1414"
"38,5 : 0.1414"
"5,39 : 0.6408"
"39,5 : 0.6408"
"5,40 : 1.0653"
"40,5 : 1.0653"
"5,41 : 0.3176"
"41,5 : 0.3176"
"5,42 : 0.4357"
"42,5 : 0.4357"
"5,43 : 0.2642"
"43,5 : 0.2642"
"5,44 : 1.09"
"44,5 : 1.09"
"5,45 : 0.9519"
"45,5 : 0.9519"
"5,46 : 0.7872"
"46,5 : 0.7872"
"5,47 : 0.7788"
"47,5 : 0.7788"
"5,48 : 0.892"
"48,5 : 0.892"
"5,49 : 1.028"
"49,5 : 1.028"
"6,7 : 0.7527"
"7,6 : 0.7527"
"6,8 : 0.881"
"8,6 : 0.881"
"6,9 : 0.5148"
"9,6 : 0.5148"
"6,10 : 0.4472"
"10,6 : 0.4472"
"6,11 : 0.1393"
"11,6 : 0.1393"
"6,12 : 0.4314"
"12,6 : 0.4314"
"6,13 : 0.8994"
"13,6 : 0.8994"
"6,14 : 0.5408"
"14,6 : 0.5408"
"6,15 : 0.3941"
"15,6 : 0.3941"
"6,16 : 0.6877"
"16,6 : 0.6877"
"6,17 : 0.8901"
"17,6 : 0.8901"
"6,18 : 0.7106"
"18,6 : 0.7106"
"6,19 : 0.8476"
"19,6 : 0.8476"
"6,20 : 0.3711"
"20,6 : 0.3711"
"6,21 : 0.2693"
"21,6 : 0.2693"
"6,22 : 0.4272"
"22,6 : 0.4272"
"6,23 : 0.6847"
"23,6 : 0.6847"
"6,24 : 0.3705"
"24,6 : 0.3705"
"6,25 : 0.0141"
"25,6 : 0.0141"
"6,26 : 0.1432"
"26,6 : 0.1432"
"6,27 : 0.9932"
"27,6 : 0.9932"
"6,28 : 0.5209"
"28,6 : 0.5209"
"6,29 : 0.3847"
"29,6 : 0.3847"
"6,30 : 0.05"
"30,6 : 0.05"
"6,31 : 0.8855"
"31,6 : 0.8855"
"6,32 : 0.5012"
"32,6 : 0.5012"
"6,33 : 0.8005"
"33,6 : 0.8005"
"6,34 : 0.4428"
"34,6 : 0.4428"
"6,35 : 0.0224"
"35,6 : 0.0224"
"6,36 : 0.858"
"36,6 : 0.858"
"6,37 : 0.2625"
"37,6 : 0.2625"
"6,38 : 0.9758"
"38,6 : 0.9758"
"6,39 : 0.5818"
"39,6 : 0.5818"
"6,40 : 0.423"
"40,6 : 0.423"
"6,41 : 0.6002"
"41,6 : 0.6002"
"6,42 : 0.7001"
"42,6 : 0.7001"
"6,43 : 0.7495"
"43,6 : 0.7495"
"6,44 : 0.3423"
"44,6 : 0.3423"
"6,45 : 0.1304"
"45,6 : 0.1304"
"6,46 : 0.1789"
"46,6 : 0.1789"
"6,47 : 0.4851"
"47,6 : 0.4851"
"6,48 : 0.558"
"48,6 : 0.558"
"6,49 : 0.3635"
"49,6 : 0.3635"
"7,8 : 0.645"
"8,7 : 0.645"
"7,9 : 0.2433"
"9,7 : 0.2433"
"7,10 : 0.658"
"10,7 : 0.658"
"7,11 : 0.8497"
"11,7 : 0.8497"
"7,12 : 0.4031"
"12,7 : 0.4031"
"7,13 : 0.4205"
"13,7 : 0.4205"
"7,14 : 0.5903"
"14,7 : 0.5903"
"7,15 : 0.6185"
"15,7 : 0.6185"
"7,16 : 0.2759"
"16,7 : 0.2759"
"7,17 : 0.3162"
"17,7 : 0.3162"
"7,18 : 0.4205"
"18,7 : 0.4205"
"7,19 : 0.5376"
"19,7 : 0.5376"
"7,20 : 0.488"
"20,7 : 0.488"
"7,21 : 0.7887"
"21,7 : 0.7887"
"7,22 : 0.327"
"22,7 : 0.327"
"7,23 : 0.3314"
"23,7 : 0.3314"
"7,24 : 0.4342"
"24,7 : 0.4342"
"7,25 : 0.7589"
"25,7 : 0.7589"
"7,26 : 0.611"
"26,7 : 0.611"
"7,27 : 0.3087"
"27,7 : 0.3087"
"7,28 : 0.3384"
"28,7 : 0.3384"
"7,29 : 0.9052"
"29,7 : 0.9052"
"7,30 : 0.7948"
"30,7 : 0.7948"
"7,31 : 0.17"
"31,7 : 0.17"
"7,32 : 0.507"
"32,7 : 0.507"
"7,33 : 0.099"
"33,7 : 0.099"
"7,34 : 0.9548"
"34,7 : 0.9548"
"7,35 : 0.7368"
"35,7 : 0.7368"
"7,36 : 0.2608"
"36,7 : 0.2608"
"7,37 : 0.79"
"37,7 : 0.79"
"7,38 : 0.2343"
"38,7 : 0.2343"
"7,39 : 0.5025"
"39,7 : 0.5025"
"7,40 : 0.9405"
"40,7 : 0.9405"
"7,41 : 0.1844"
"41,7 : 0.1844"
"7,42 : 0.3189"
"42,7 : 0.3189"
"7,43 : 0.1565"
"43,7 : 0.1565"
"7,44 : 0.9543"
"44,7 : 0.9543"
"7,45 : 0.7925"
"45,7 : 0.7925"
"7,46 : 0.6414"
"46,7 : 0.6414"
"7,47 : 0.6297"
"47,7 : 0.6297"
"7,48 : 0.7965"
"48,7 : 0.7965"
"7,49 : 0.8987"
"49,7 : 0.8987"
"8,9 : 0.68"
"9,8 : 0.68"
"8,10 : 1.0922"
"10,8 : 1.0922"
"8,11 : 0.8793"
"11,8 : 0.8793"
"8,12 : 0.8405"
"12,8 : 0.8405"
"8,13 : 0.2786"
"13,8 : 0.2786"
"8,14 : 1.0872"
"14,8 : 1.0872"
"8,15 : 0.4965"
"15,8 : 0.4965"
"8,16 : 0.8823"
"16,8 : 0.8823"
"8,17 : 0.3929"
"17,8 : 0.3929"
"8,18 : 0.2417"
"18,8 : 0.2417"
"8,19 : 0.1105"
"19,8 : 0.1105"
"8,20 : 0.5243"
"20,8 : 0.5243"
"8,21 : 0.7041"
"21,8 : 0.7041"
"8,22 : 0.636"
"22,8 : 0.636"
"8,23 : 0.3289"
"23,8 : 0.3289"
"8,24 : 0.5597"
"24,8 : 0.5597"
"8,25 : 0.8944"
"25,8 : 0.8944"
"8,26 : 0.7739"
"26,8 : 0.7739"
"8,27 : 0.9214"
"27,8 : 0.9214"
"8,28 : 0.45"
"28,8 : 0.45"
"8,29 : 0.7301"
"29,8 : 0.7301"
"8,30 : 0.8916"
"30,8 : 0.8916"
"8,31 : 0.79"
"31,8 : 0.79"
"8,32 : 0.9957"
"32,8 : 0.9957"
"8,33 : 0.5701"
"33,8 : 0.5701"
"8,34 : 0.7417"
"34,8 : 0.7417"
"8,35 : 0.8812"
"35,8 : 0.8812"
"8,36 : 0.9055"
"36,8 : 0.9055"
"8,37 : 1.08"
"37,8 : 1.08"
"8,38 : 0.7963"
"38,8 : 0.7963"
"8,39 : 1.0345"
"39,8 : 1.0345"
"8,40 : 0.7406"
"40,8 : 0.7406"
"8,41 : 0.5385"
"41,8 : 0.5385"
"8,42 : 0.9266"
"42,8 : 0.9266"
"8,43 : 0.7943"
"43,8 : 0.7943"
"8,44 : 0.8315"
"44,8 : 0.8315"
"8,45 : 0.9948"
"45,8 : 0.9948"
"8,46 : 0.7021"
"46,8 : 0.7021"
"8,47 : 1.0902"
"47,8 : 1.0902"
"8,48 : 0.4639"
"48,8 : 0.4639"
"8,49 : 0.7406"
"49,8 : 0.7406"
"9,10 : 0.4528"
"10,9 : 0.4528"
"9,11 : 0.6213"
"11,9 : 0.6213"
"9,12 : 0.1836"
"12,9 : 0.1836"
"9,13 : 0.5404"
"13,9 : 0.5404"
"9,14 : 0.4173"
"14,9 : 0.4173"
"9,15 : 0.4649"
"15,9 : 0.4649"
"9,16 : 0.2452"
"16,9 : 0.2452"
"9,17 : 0.4741"
"17,9 : 0.4741"
"9,18 : 0.4391"
"18,9 : 0.4391"
"9,19 : 0.5908"
"19,9 : 0.5908"
"9,20 : 0.3195"
"20,9 : 0.3195"
"9,21 : 0.5903"
"21,9 : 0.5903"
"9,22 : 0.1082"
"22,9 : 0.1082"
"9,23 : 0.3581"
"23,9 : 0.3581"
"9,24 : 0.2508"
"24,9 : 0.2508"
"9,25 : 0.52"
"25,9 : 0.52"
"9,26 : 0.3759"
"26,9 : 0.3759"
"9,27 : 0.4892"
"27,9 : 0.4892"
"9,28 : 0.2452"
"28,9 : 0.2452"
"9,29 : 0.7185"
"29,9 : 0.7185"
"9,30 : 0.559"
"30,9 : 0.559"
"9,31 : 0.3722"
"31,9 : 0.3722"
"9,32 : 0.3253"
"32,9 : 0.3253"
"9,33 : 0.3114"
"33,9 : 0.3114"
"9,34 : 0.7739"
"34,9 : 0.7739"
"9,35 : 0.4977"
"35,9 : 0.4977"
"9,36 : 0.372"
"36,9 : 0.372"
"9,37 : 0.5515"
"37,9 : 0.5515"
"9,38 : 0.461"
"38,9 : 0.461"
"9,39 : 0.3551"
"39,9 : 0.3551"
"9,40 : 0.7572"
"40,9 : 0.7572"
"9,41 : 0.1562"
"41,9 : 0.1562"
"9,42 : 0.2816"
"42,9 : 0.2816"
"9,43 : 0.2476"
"43,9 : 0.2476"
"9,44 : 0.7501"
"44,9 : 0.7501"
"9,45 : 0.5492"
"45,9 : 0.5492"
"9,46 : 0.4245"
"46,9 : 0.4245"
"9,47 : 0.436"
"47,9 : 0.436"
"9,48 : 0.6747"
"48,9 : 0.6747"
"9,49 : 0.708"
"49,9 : 0.708"
"10,11 : 0.5846"
"11,10 : 0.5846"
"10,12 : 0.2693"
"12,10 : 0.2693"
"10,13 : 0.9905"
"13,10 : 0.9905"
"10,14 : 0.1221"
"14,10 : 0.1221"
"10,15 : 0.7117"
"15,10 : 0.7117"
"10,16 : 0.4401"
"16,10 : 0.4401"
"10,17 : 0.9266"
"17,10 : 0.9266"
"10,18 : 0.8627"
"18,10 : 0.8627"
"10,19 : 1.0182"
"19,10 : 1.0182"
"10,20 : 0.5994"
"20,10 : 0.5994"
"10,21 : 0.6903"
"21,10 : 0.6903"
"10,22 : 0.4597"
"22,10 : 0.4597"
"10,23 : 0.794"
"23,10 : 0.794"
"10,24 : 0.5438"
"24,10 : 0.5438"
"10,25 : 0.4393"
"25,10 : 0.4393"
"10,26 : 0.4144"
"26,10 : 0.4144"
"10,27 : 0.7653"
"27,10 : 0.7653"
"10,28 : 0.6438"
"28,10 : 0.6438"
"10,29 : 0.8202"
"29,10 : 0.8202"
"10,30 : 0.4924"
"30,10 : 0.4924"
"10,31 : 0.7111"
"31,10 : 0.7111"
"10,32 : 0.16"
"32,10 : 0.16"
"10,33 : 0.7467"
"33,10 : 0.7467"
"10,34 : 0.8805"
"34,10 : 0.8805"
"10,35 : 0.4258"
"35,10 : 0.4258"
"10,36 : 0.614"
"36,10 : 0.614"
"10,37 : 0.2484"
"37,10 : 0.2484"
"10,38 : 0.811"
"38,10 : 0.811"
"10,39 : 0.2119"
"39,10 : 0.2119"
"10,40 : 0.8605"
"40,10 : 0.8605"
"10,41 : 0.6075"
"41,10 : 0.6075"
"10,42 : 0.423"
"42,10 : 0.423"
"10,43 : 0.5622"
"43,10 : 0.5622"
"10,44 : 0.7892"
"44,10 : 0.7892"
"10,45 : 0.3625"
"45,10 : 0.3625"
"10,46 : 0.5261"
"46,10 : 0.5261"
"10,47 : 0.05"
"47,10 : 0.05"
"10,48 : 0.9244"
"48,10 : 0.9244"
"10,49 : 0.8006"
"49,10 : 0.8006"
"11,12 : 0.5608"
"12,11 : 0.5608"
"11,13 : 0.94"
"13,11 : 0.94"
"11,14 : 0.6801"
"14,11 : 0.6801"
"11,15 : 0.3833"
"15,11 : 0.3833"
"11,16 : 0.8132"
"16,11 : 0.8132"
"11,17 : 0.9476"
"17,11 : 0.9476"
"11,18 : 0.7411"
"18,11 : 0.7411"
"11,19 : 0.8631"
"19,11 : 0.8631"
"11,20 : 0.4119"
"20,11 : 0.4119"
"11,21 : 0.1921"
"21,11 : 0.1921"
"11,22 : 0.5235"
"22,11 : 0.5235"
"11,23 : 0.7317"
"23,11 : 0.7317"
"11,24 : 0.4342"
"24,11 : 0.4342"
"11,25 : 0.1456"
"25,11 : 0.1456"
"11,26 : 0.2484"
"26,11 : 0.2484"
"11,27 : 1.108"
"27,11 : 1.108"
"11,28 : 0.5787"
"28,11 : 0.5787"
"11,29 : 0.2731"
"29,11 : 0.2731"
"11,30 : 0.0922"
"30,11 : 0.0922"
"11,31 : 0.9932"
"31,11 : 0.9932"
"11,32 : 0.6395"
"32,11 : 0.6395"
"11,33 : 0.886"
"33,11 : 0.886"
"11,34 : 0.3257"
"34,11 : 0.3257"
"11,35 : 0.1616"
"35,11 : 0.1616"
"11,36 : 0.9784"
"36,11 : 0.9784"
"11,37 : 0.3812"
"37,11 : 0.3812"
"11,38 : 1.0791"
"38,11 : 1.0791"
"11,39 : 0.7201"
"39,11 : 0.7201"
"11,40 : 0.3068"
"40,11 : 0.3068"
"11,41 : 0.6835"
"41,11 : 0.6835"
"11,42 : 0.8288"
"42,11 : 0.8288"
"11,43 : 0.864"
"43,11 : 0.864"
"11,44 : 0.2102"
"44,11 : 0.2102"
"11,45 : 0.2408"
"45,11 : 0.2408"
"11,46 : 0.2159"
"46,11 : 0.2159"
"11,47 : 0.6236"
"47,11 : 0.6236"
"11,48 : 0.4968"
"48,11 : 0.4968"
"11,49 : 0.2508"
"49,11 : 0.2508"
"12,13 : 0.722"
"13,12 : 0.722"
"12,14 : 0.247"
"14,12 : 0.247"
"12,15 : 0.5301"
"15,12 : 0.5301"
"12,16 : 0.2581"
"16,12 : 0.2581"
"12,17 : 0.6576"
"17,12 : 0.6576"
"12,18 : 0.6044"
"18,12 : 0.6044"
"12,19 : 0.7593"
"19,12 : 0.7593"
"12,20 : 0.3932"
"20,12 : 0.3932"
"12,21 : 0.5887"
"21,12 : 0.5887"
"12,22 : 0.2059"
"22,12 : 0.2059"
"12,23 : 0.5304"
"23,12 : 0.5304"
"12,24 : 0.3256"
"24,12 : 0.3256"
"12,25 : 0.4319"
"25,12 : 0.4319"
"12,26 : 0.3191"
"26,12 : 0.3191"
"12,27 : 0.5778"
"27,12 : 0.5778"
"12,28 : 0.3912"
"28,12 : 0.3912"
"12,29 : 0.7245"
"29,12 : 0.7245"
"12,30 : 0.4808"
"30,12 : 0.4808"
"12,31 : 0.4903"
"31,12 : 0.4903"
"12,32 : 0.1565"
"32,12 : 0.1565"
"12,33 : 0.4851"
"33,12 : 0.4851"
"12,34 : 0.7843"
"34,12 : 0.7843"
"12,35 : 0.4104"
"35,12 : 0.4104"
"12,36 : 0.4342"
"36,12 : 0.4342"
"12,37 : 0.3932"
"37,12 : 0.3932"
"12,38 : 0.5886"
"38,12 : 0.5886"
"12,39 : 0.2121"
"39,12 : 0.2121"
"12,40 : 0.7655"
"40,12 : 0.7655"
"12,41 : 0.3384"
"41,12 : 0.3384"
"12,42 : 0.2687"
"42,12 : 0.2687"
"12,43 : 0.3421"
"43,12 : 0.3421"
"12,44 : 0.7295"
"44,12 : 0.7295"
"12,45 : 0.4249"
"45,12 : 0.4249"
"12,46 : 0.4085"
"46,12 : 0.4085"
"12,47 : 0.255"
"47,12 : 0.255"
"12,48 : 0.7503"
"48,12 : 0.7503"
"12,49 : 0.7094"
"49,12 : 0.7094"
"13,14 : 0.9559"
"14,13 : 0.9559"
"13,15 : 0.5787"
"15,13 : 0.5787"
"13,16 : 0.688"
"16,13 : 0.688"
"13,17 : 0.12"
"17,13 : 0.12"
"13,18 : 0.204"
"18,13 : 0.204"
"13,19 : 0.1749"
"19,13 : 0.1749"
"13,20 : 0.5315"
"20,13 : 0.5315"
"13,21 : 0.7991"
"21,13 : 0.7991"
"13,22 : 0.5412"
"22,13 : 0.5412"
"13,23 : 0.2159"
"23,13 : 0.2159"
"13,24 : 0.5315"
"24,13 : 0.5315"
"13,25 : 0.9108"
"25,13 : 0.9108"
"13,26 : 0.7669"
"26,13 : 0.7669"
"13,27 : 0.6619"
"27,13 : 0.6619"
"13,28 : 0.3833"
"28,13 : 0.3833"
"13,29 : 0.8668"
"29,13 : 0.8668"
"13,30 : 0.9244"
"30,13 : 0.9244"
"13,31 : 0.5394"
"31,13 : 0.5394"
"13,32 : 0.8645"
"32,13 : 0.8645"
"13,33 : 0.3289"
"33,13 : 0.3289"
"13,34 : 0.8954"
"34,13 : 0.8954"
"13,35 : 0.8927"
"35,13 : 0.8927"
"13,36 : 0.6705"
"36,13 : 0.6705"
"13,37 : 1.0418"
"37,13 : 1.0418"
"13,38 : 0.53"
"38,13 : 0.53"
"13,39 : 0.8841"
"39,13 : 0.8841"
"13,40 : 0.8887"
"40,13 : 0.8887"
"13,41 : 0.3842"
"41,13 : 0.3842"
"13,42 : 0.7325"
"42,13 : 0.7325"
"13,43 : 0.577"
"43,13 : 0.577"
"13,44 : 0.9534"
"44,13 : 0.9534"
"13,45 : 0.9895"
"45,13 : 0.9895"
"13,46 : 0.7317"
"46,13 : 0.7317"
"13,47 : 0.9762"
"47,13 : 0.9762"
"13,48 : 0.645"
"48,13 : 0.645"
"13,49 : 0.8709"
"49,13 : 0.8709"
"14,15 : 0.7531"
"15,14 : 0.7531"
"14,16 : 0.3453"
"16,14 : 0.3453"
"14,17 : 0.8801"
"17,14 : 0.8801"
"14,18 : 0.85"
"18,14 : 0.85"
"14,19 : 1.0042"
"19,14 : 1.0042"
"14,20 : 0.6264"
"20,14 : 0.6264"
"14,21 : 0.7642"
"21,14 : 0.7642"
"14,22 : 0.4528"
"22,14 : 0.4528"
"14,23 : 0.7734"
"23,14 : 0.7734"
"14,24 : 0.563"
"24,14 : 0.563"
"14,25 : 0.5349"
"25,14 : 0.5349"
"14,26 : 0.4817"
"26,14 : 0.4817"
"14,27 : 0.6603"
"27,14 : 0.6603"
"14,28 : 0.6381"
"28,14 : 0.6381"
"14,29 : 0.8981"
"29,14 : 0.8981"
"14,30 : 0.5887"
"30,14 : 0.5887"
"14,31 : 0.6198"
"31,14 : 0.6198"
"14,32 : 0.0922"
"32,14 : 0.0922"
"14,33 : 0.6848"
"33,14 : 0.6848"
"14,34 : 0.9589"
"34,14 : 0.9589"
"14,35 : 0.5187"
"35,14 : 0.5187"
"14,36 : 0.51"
"36,14 : 0.51"
"14,37 : 0.3677"
"37,14 : 0.3677"
"14,38 : 0.7185"
"38,14 : 0.7185"
"14,39 : 0.1"
"39,14 : 0.1"
"14,40 : 0.939"
"40,14 : 0.939"
"14,41 : 0.5728"
"41,14 : 0.5728"
"14,42 : 0.3206"
"42,14 : 0.3206"
"14,43 : 0.4754"
"43,14 : 0.4754"
"14,44 : 0.878"
"44,14 : 0.878"
"14,45 : 0.4717"
"45,14 : 0.4717"
"14,46 : 0.5903"
"46,14 : 0.5903"
"14,47 : 0.0721"
"47,14 : 0.0721"
"14,48 : 0.9716"
"48,14 : 0.9716"
"14,49 : 0.8797"
"49,14 : 0.8797"
"15,16 : 0.7088"
"16,15 : 0.7088"
"15,17 : 0.611"
"17,15 : 0.611"
"15,18 : 0.3748"
"18,15 : 0.3748"
"15,19 : 0.4826"
"19,15 : 0.4826"
"15,20 : 0.1456"
"20,15 : 0.1456"
"15,21 : 0.2209"
"21,15 : 0.2209"
"15,22 : 0.3614"
"22,15 : 0.3614"
"15,23 : 0.39"
"23,15 : 0.39"
"15,24 : 0.2159"
"24,15 : 0.2159"
"15,25 : 0.408"
"25,15 : 0.408"
"15,26 : 0.3162"
"26,15 : 0.3162"
"15,27 : 0.9209"
"27,15 : 0.9209"
"15,28 : 0.2828"
"28,15 : 0.2828"
"15,29 : 0.3002"
"29,15 : 0.3002"
"15,30 : 0.3982"
"30,15 : 0.3982"
"15,31 : 0.786"
"31,15 : 0.786"
"15,32 : 0.6748"
"32,15 : 0.6748"
"15,33 : 0.6162"
"33,15 : 0.6162"
"15,34 : 0.3421"
"34,15 : 0.3421"
"15,35 : 0.3982"
"35,15 : 0.3982"
"15,36 : 0.8273"
"36,15 : 0.8273"
"15,37 : 0.6248"
"37,15 : 0.6248"
"15,38 : 0.8496"
"38,15 : 0.8496"
"15,39 : 0.7411"
"39,15 : 0.7411"
"15,40 : 0.3302"
"40,15 : 0.3302"
"15,41 : 0.4342"
"41,15 : 0.4342"
"15,42 : 0.7422"
"42,15 : 0.7422"
"15,43 : 0.6977"
"43,15 : 0.6977"
"15,44 : 0.3764"
"44,15 : 0.3764"
"15,45 : 0.5174"
"45,15 : 0.5174"
"15,46 : 0.2193"
"46,15 : 0.2193"
"15,47 : 0.728"
"47,15 : 0.728"
"15,48 : 0.2202"
"48,15 : 0.2202"
"15,49 : 0.2997"
"49,15 : 0.2997"
"16,17 : 0.5903"
"17,16 : 0.5903"
"16,18 : 0.6429"
"18,16 : 0.6429"
"16,19 : 0.7819"
"19,16 : 0.7819"
"16,20 : 0.5632"
"20,16 : 0.5632"
"16,21 : 0.8163"
"21,16 : 0.8163"
"16,22 : 0.3479"
"22,16 : 0.3479"
"16,23 : 0.5536"
"23,16 : 0.5536"
"16,24 : 0.4934"
"24,16 : 0.4934"
"16,25 : 0.6888"
"25,16 : 0.6888"
"16,26 : 0.5664"
"26,16 : 0.5664"
"16,27 : 0.3298"
"27,16 : 0.3298"
"16,28 : 0.48"
"28,16 : 0.48"
"16,29 : 0.9489"
"29,16 : 0.9489"
"16,30 : 0.7366"
"30,16 : 0.7366"
"16,31 : 0.2746"
"31,16 : 0.2746"
"16,32 : 0.2802"
"32,16 : 0.2802"
"16,33 : 0.3748"
"33,16 : 0.3748"
"16,34 : 1.0065"
"34,16 : 1.0065"
"16,35 : 0.6671"
"35,16 : 0.6671"
"16,36 : 0.1803"
"36,16 : 0.1803"
"16,37 : 0.6325"
"37,16 : 0.6325"
"16,38 : 0.3734"
"38,16 : 0.3734"
"16,39 : 0.2474"
"39,16 : 0.2474"
"16,40 : 0.9888"
"40,16 : 0.9888"
"16,41 : 0.3471"
"41,16 : 0.3471"
"16,42 : 0.0447"
"42,16 : 0.0447"
"16,43 : 0.1342"
"43,16 : 0.1342"
"16,44 : 0.9683"
"44,16 : 0.9683"
"16,45 : 0.681"
"45,16 : 0.681"
"16,46 : 0.6407"
"46,16 : 0.6407"
"16,47 : 0.4005"
"47,16 : 0.4005"
"16,48 : 0.9198"
"48,16 : 0.9198"
"16,49 : 0.9365"
"49,16 : 0.9365"
"17,18 : 0.2561"
"18,17 : 0.2561"
"17,19 : 0.2846"
"19,17 : 0.2846"
"17,20 : 0.536"
"20,17 : 0.536"
"17,21 : 0.8257"
"21,17 : 0.8257"
"17,22 : 0.4973"
"22,17 : 0.4973"
"17,23 : 0.2214"
"23,17 : 0.2214"
"17,24 : 0.5201"
"24,17 : 0.5201"
"17,25 : 0.9002"
"25,17 : 0.9002"
"17,26 : 0.7511"
"26,17 : 0.7511"
"17,27 : 0.5423"
"27,17 : 0.5423"
"17,28 : 0.3705"
"28,17 : 0.3705"
"17,29 : 0.9087"
"29,17 : 0.9087"
"17,30 : 0.9205"
"30,17 : 0.9205"
"17,31 : 0.422"
"31,17 : 0.422"
"17,32 : 0.7906"
"32,17 : 0.7906"
"17,33 : 0.2195"
"33,17 : 0.2195"
"17,34 : 0.9437"
"34,17 : 0.9437"
"17,35 : 0.8805"
"35,17 : 0.8805"
"17,36 : 0.5571"
"36,17 : 0.5571"
"17,37 : 1.0042"
"37,17 : 1.0042"
"17,38 : 0.41"
"38,17 : 0.41"
"17,39 : 0.8016"
"39,17 : 0.8016"
"17,40 : 0.9347"
"40,17 : 0.9347"
"17,41 : 0.3231"
"41,17 : 0.3231"
"17,42 : 0.6341"
"42,17 : 0.6341"
"17,43 : 0.4717"
"43,17 : 0.4717"
"17,44 : 0.9868"
"44,17 : 0.9868"
"17,45 : 0.9675"
"45,17 : 0.9675"
"17,46 : 0.7333"
"46,17 : 0.7333"
"17,47 : 0.9074"
"47,17 : 0.9074"
"17,48 : 0.7122"
"48,17 : 0.7122"
"17,49 : 0.91"
"49,17 : 0.91"
"18,19 : 0.1556"
"19,18 : 0.1556"
"18,20 : 0.3396"
"20,18 : 0.3396"
"18,21 : 0.5954"
"21,18 : 0.5954"
"18,22 : 0.4031"
"22,18 : 0.4031"
"18,23 : 0.0906"
"23,18 : 0.0906"
"18,24 : 0.3534"
"24,18 : 0.3534"
"18,25 : 0.7228"
"25,18 : 0.7228"
"18,26 : 0.5852"
"26,18 : 0.5852"
"18,27 : 0.7159"
"27,18 : 0.7159"
"18,28 : 0.2202"
"28,18 : 0.2202"
"18,29 : 0.6641"
"29,18 : 0.6641"
"18,30 : 0.7316"
"30,18 : 0.7316"
"18,31 : 0.5787"
"31,18 : 0.5787"
"18,32 : 0.758"
"32,18 : 0.758"
"18,33 : 0.3614"
"33,18 : 0.3614"
"18,34 : 0.6946"
"34,18 : 0.6946"
"18,35 : 0.706"
"35,18 : 0.706"
"18,36 : 0.68"
"36,18 : 0.68"
"18,37 : 0.8771"
"37,18 : 0.8771"
"18,38 : 0.6041"
"38,18 : 0.6041"
"18,39 : 0.794"
"39,18 : 0.794"
"18,40 : 0.6871"
"40,18 : 0.6871"
"18,41 : 0.2973"
"41,18 : 0.2973"
"18,42 : 0.6868"
"42,18 : 0.6868"
"18,43 : 0.5622"
"43,18 : 0.5622"
"18,44 : 0.7495"
"44,18 : 0.7495"
"18,45 : 0.8099"
"45,18 : 0.8099"
"18,46 : 0.5376"
"46,18 : 0.5376"
"18,47 : 0.857"
"47,18 : 0.857"
"18,48 : 0.4561"
"48,18 : 0.4561"
"18,49 : 0.6676"
"49,18 : 0.6676"
"19,20 : 0.4793"
"20,19 : 0.4793"
"19,21 : 0.7006"
"21,19 : 0.7006"
"19,22 : 0.5587"
"22,19 : 0.5587"
"19,23 : 0.2332"
"23,19 : 0.2332"
"19,24 : 0.5025"
"24,19 : 0.5025"
"19,25 : 0.8603"
"25,19 : 0.8603"
"19,26 : 0.7292"
"26,19 : 0.7292"
"19,27 : 0.811"
"27,19 : 0.811"
"19,28 : 0.3754"
"28,19 : 0.3754"
"19,29 : 0.7467"
"29,19 : 0.7467"
"19,30 : 0.864"
"30,19 : 0.864"
"19,31 : 0.6801"
"31,19 : 0.6801"
"19,32 : 0.9121"
"32,19 : 0.9121"
"19,33 : 0.4604"
"33,19 : 0.4604"
"19,34 : 0.7669"
"34,19 : 0.7669"
"19,35 : 0.845"
"35,19 : 0.845"
"19,36 : 0.7976"
"36,19 : 0.7976"
"19,37 : 1.0273"
"37,19 : 1.0273"
"19,38 : 0.6859"
"38,19 : 0.6859"
"19,39 : 0.9458"
"39,19 : 0.9458"
"19,40 : 0.763"
"40,19 : 0.763"
"19,41 : 0.4429"
"41,19 : 0.4429"
"19,42 : 0.8264"
"42,19 : 0.8264"
"19,43 : 0.6888"
"43,19 : 0.6888"
"19,44 : 0.8421"
"44,19 : 0.8421"
"19,45 : 0.9534"
"45,19 : 0.9534"
"19,46 : 0.6705"
"46,19 : 0.6705"
"19,47 : 1.0124"
"47,19 : 1.0124"
"19,48 : 0.4998"
"48,19 : 0.4998"
"19,49 : 0.7543"
"49,19 : 0.7543"
"20,21 : 0.3053"
"21,20 : 0.3053"
"20,22 : 0.2159"
"22,20 : 0.2159"
"20,23 : 0.3202"
"23,20 : 0.3202"
"20,24 : 0.0707"
"24,20 : 0.0707"
"20,25 : 0.3833"
"25,20 : 0.3833"
"20,26 : 0.2506"
"26,20 : 0.2506"
"20,27 : 0.7841"
"27,20 : 0.7841"
"20,28 : 0.1709"
"28,20 : 0.1709"
"20,29 : 0.4173"
"29,20 : 0.4173"
"20,30 : 0.3932"
"30,20 : 0.3932"
"20,31 : 0.6519"
"31,20 : 0.6519"
"20,32 : 0.5434"
"32,20 : 0.5434"
"20,33 : 0.4993"
"33,20 : 0.4993"
"20,34 : 0.4675"
"34,20 : 0.4675"
"20,35 : 0.3669"
"35,20 : 0.3669"
"20,36 : 0.6848"
"36,20 : 0.6848"
"20,37 : 0.5561"
"37,20 : 0.5561"
"20,38 : 0.7218"
"38,20 : 0.7218"
"20,39 : 0.6053"
"39,20 : 0.6053"
"20,40 : 0.4528"
"40,20 : 0.4528"
"20,41 : 0.3048"
"41,20 : 0.3048"
"20,42 : 0.5967"
"42,20 : 0.5967"
"20,43 : 0.5557"
"43,20 : 0.5557"
"20,44 : 0.4717"
"44,20 : 0.4717"
"20,45 : 0.4742"
"45,20 : 0.4742"
"20,46 : 0.2002"
"46,20 : 0.2002"
"20,47 : 0.6093"
"47,20 : 0.6093"
"20,48 : 0.3612"
"48,20 : 0.3612"
"20,49 : 0.4111"
"49,20 : 0.4111"
"21,22 : 0.4827"
"22,21 : 0.4827"
"21,23 : 0.6044"
"23,21 : 0.6044"
"21,24 : 0.3547"
"24,21 : 0.3547"
"21,25 : 0.2823"
"25,21 : 0.2823"
"21,26 : 0.2828"
"26,21 : 0.2828"
"21,27 : 1.0752"
"27,21 : 1.0752"
"21,28 : 0.4741"
"28,21 : 0.4741"
"21,29 : 0.136"
"29,21 : 0.136"
"21,30 : 0.247"
"30,21 : 0.247"
"21,31 : 0.9479"
"31,21 : 0.9479"
"21,32 : 0.7041"
"32,21 : 0.7041"
"21,33 : 0.8045"
"33,21 : 0.8045"
"21,34 : 0.1965"
"34,21 : 0.1965"
"21,35 : 0.2846"
"35,21 : 0.2846"
"21,36 : 0.9621"
"36,21 : 0.9621"
"21,37 : 0.5314"
"37,21 : 0.5314"
"21,38 : 1.023"
"38,21 : 1.023"
"21,39 : 0.781"
"39,21 : 0.781"
"21,40 : 0.1772"
"40,21 : 0.1772"
"21,41 : 0.608"
"41,21 : 0.608"
"21,42 : 0.8412"
"42,21 : 0.8412"
"21,43 : 0.8374"
"43,21 : 0.8374"
"21,44 : 0.1664"
"44,21 : 0.1664"
"21,45 : 0.3981"
"45,21 : 0.3981"
"21,46 : 0.1803"
"46,21 : 0.1803"
"21,47 : 0.7203"
"47,21 : 0.7203"
"21,48 : 0.3048"
"48,21 : 0.3048"
"21,49 : 0.1208"
"49,21 : 0.1208"
"22,23 : 0.336"
"23,22 : 0.336"
"22,24 : 0.1456"
"24,22 : 0.1456"
"22,25 : 0.4342"
"25,22 : 0.4342"
"22,26 : 0.2846"
"26,22 : 0.2846"
"22,27 : 0.5941"
"27,22 : 0.5941"
"22,28 : 0.186"
"28,22 : 0.186"
"22,29 : 0.6103"
"29,22 : 0.6103"
"22,30 : 0.4682"
"30,22 : 0.4682"
"22,31 : 0.472"
"31,22 : 0.472"
"22,32 : 0.3624"
"32,22 : 0.3624"
"22,33 : 0.3748"
"33,22 : 0.3748"
"22,34 : 0.6657"
"34,22 : 0.6657"
"22,35 : 0.4123"
"35,22 : 0.4123"
"22,36 : 0.4801"
"36,22 : 0.4801"
"22,37 : 0.507"
"37,22 : 0.507"
"22,38 : 0.5557"
"38,22 : 0.5557"
"22,39 : 0.4111"
"39,22 : 0.4111"
"22,40 : 0.649"
"40,22 : 0.649"
"22,41 : 0.1803"
"41,22 : 0.1803"
"22,42 : 0.3808"
"42,22 : 0.3808"
"22,43 : 0.3547"
"43,22 : 0.3547"
"22,44 : 0.6435"
"44,22 : 0.6435"
"22,45 : 0.4801"
"45,22 : 0.4801"
"22,46 : 0.3202"
"46,22 : 0.3202"
"22,47 : 0.4545"
"47,22 : 0.4545"
"22,48 : 0.5756"
"48,22 : 0.5756"
"22,49 : 0.6"
"49,22 : 0.6"
"23,24 : 0.3158"
"24,23 : 0.3158"
"23,25 : 0.6958"
"25,23 : 0.6958"
"23,26 : 0.5511"
"26,23 : 0.5511"
"23,27 : 0.6306"
"27,23 : 0.6306"
"23,28 : 0.1676"
"28,23 : 0.1676"
"23,29 : 0.6888"
"29,23 : 0.6888"
"23,30 : 0.7111"
"30,23 : 0.7111"
"23,31 : 0.4924"
"31,23 : 0.4924"
"23,32 : 0.6812"
"32,23 : 0.6812"
"23,33 : 0.2786"
"33,23 : 0.2786"
"23,34 : 0.7256"
"34,23 : 0.7256"
"23,35 : 0.6774"
"35,23 : 0.6774"
"23,36 : 0.5901"
"36,23 : 0.5901"
"23,37 : 0.8286"
"37,23 : 0.8286"
"23,38 : 0.5239"
"38,23 : 0.5239"
"23,39 : 0.7128"
"39,23 : 0.7128"
"23,40 : 0.7159"
"40,23 : 0.7159"
"23,41 : 0.2102"
"41,23 : 0.2102"
"23,42 : 0.5977"
"42,23 : 0.5977"
"23,43 : 0.4717"
"43,23 : 0.4717"
"23,44 : 0.7655"
"44,23 : 0.7655"
"23,45 : 0.7737"
"45,23 : 0.7737"
"23,46 : 0.52"
"46,23 : 0.52"
"23,47 : 0.7849"
"47,23 : 0.7849"
"23,48 : 0.5093"
"48,23 : 0.5093"
"23,49 : 0.6894"
"49,23 : 0.6894"
"24,25 : 0.3812"
"25,24 : 0.3812"
"24,26 : 0.2354"
"26,24 : 0.2354"
"24,27 : 0.7235"
"27,24 : 0.7235"
"24,28 : 0.1503"
"28,24 : 0.1503"
"24,29 : 0.4751"
"29,24 : 0.4751"
"24,30 : 0.4005"
"30,24 : 0.4005"
"24,31 : 0.594"
"31,24 : 0.594"
"24,32 : 0.478"
"32,24 : 0.478"
"24,33 : 0.4562"
"33,24 : 0.4562"
"24,34 : 0.528"
"34,24 : 0.528"
"24,35 : 0.3622"
"35,24 : 0.3622"
"24,36 : 0.6191"
"36,24 : 0.6191"
"24,37 : 0.5248"
"37,24 : 0.5248"
"24,38 : 0.6684"
"38,24 : 0.6684"
"24,39 : 0.5376"
"39,24 : 0.5376"
"24,40 : 0.5122"
"40,24 : 0.5122"
"24,41 : 0.2555"
"41,24 : 0.2555"
"24,42 : 0.5263"
"42,24 : 0.5263"
"24,43 : 0.4909"
"43,24 : 0.4909"
"24,44 : 0.5201"
"44,24 : 0.5201"
"24,45 : 0.4588"
"45,24 : 0.4588"
"24,46 : 0.2184"
"46,24 : 0.2184"
"24,47 : 0.5501"
"47,24 : 0.5501"
"24,48 : 0.4319"
"48,24 : 0.4319"
"24,49 : 0.4669"
"49,24 : 0.4669"
"25,26 : 0.1513"
"26,25 : 0.1513"
"25,27 : 0.9964"
"27,25 : 0.9964"
"25,28 : 0.5315"
"28,25 : 0.5315"
"25,29 : 0.3962"
"29,25 : 0.3962"
"25,30 : 0.0539"
"30,25 : 0.0539"
"25,31 : 0.89"
"31,25 : 0.89"
"25,32 : 0.4974"
"32,25 : 0.4974"
"25,33 : 0.8081"
"33,25 : 0.8081"
"25,34 : 0.454"
"34,25 : 0.454"
"25,35 : 0.0224"
"35,25 : 0.0224"
"25,36 : 0.8602"
"36,25 : 0.8602"
"25,37 : 0.25"
"37,25 : 0.25"
"25,38 : 0.9809"
"38,25 : 0.9809"
"25,39 : 0.578"
"39,25 : 0.578"
"25,40 : 0.4342"
"40,25 : 0.4342"
"25,41 : 0.6083"
"41,25 : 0.6083"
"25,42 : 0.7004"
"42,25 : 0.7004"
"25,43 : 0.7529"
"43,25 : 0.7529"
"25,44 : 0.3513"
"44,25 : 0.3513"
"25,45 : 0.1166"
"45,25 : 0.1166"
"25,46 : 0.1924"
"46,25 : 0.1924"
"25,47 : 0.478"
"47,25 : 0.478"
"25,48 : 0.572"
"48,25 : 0.572"
"25,49 : 0.3748"
"49,25 : 0.3748"
"26,27 : 0.8602"
"27,26 : 0.8602"
"26,28 : 0.3847"
"28,26 : 0.3847"
"26,29 : 0.4177"
"29,26 : 0.4177"
"26,30 : 0.1838"
"30,26 : 0.1838"
"26,31 : 0.7479"
"31,26 : 0.7479"
"26,32 : 0.422"
"32,26 : 0.422"
"26,33 : 0.6573"
"33,26 : 0.6573"
"26,34 : 0.4785"
"34,26 : 0.4785"
"26,35 : 0.1304"
"35,26 : 0.1304"
"26,36 : 0.73"
"36,26 : 0.73"
"26,37 : 0.3111"
"37,26 : 0.3111"
"26,38 : 0.8363"
"38,26 : 0.8363"
"26,39 : 0.5"
"39,26 : 0.5"
"26,40 : 0.4589"
"40,26 : 0.4589"
"26,41 : 0.4571"
"41,26 : 0.4571"
"26,42 : 0.5841"
"42,26 : 0.5841"
"26,43 : 0.6161"
"43,26 : 0.6161"
"26,44 : 0.4115"
"44,26 : 0.4115"
"26,45 : 0.2247"
"45,26 : 0.2247"
"26,46 : 0.1118"
"46,26 : 0.1118"
"26,47 : 0.4405"
"47,26 : 0.4405"
"26,48 : 0.5162"
"48,26 : 0.5162"
"26,49 : 0.4002"
"49,26 : 0.4002"
"27,28 : 0.645"
"28,27 : 0.645"
"27,29 : 1.1985"
"29,27 : 1.1985"
"27,30 : 1.0401"
"30,27 : 1.0401"
"27,31 : 0.1393"
"31,27 : 0.1393"
"27,32 : 0.6067"
"32,27 : 0.6067"
"27,33 : 0.3551"
"33,27 : 0.3551"
"27,34 : 1.251"
"34,27 : 1.251"
"27,35 : 0.9742"
"35,27 : 0.9742"
"27,36 : 0.1513"
"36,27 : 0.1513"
"27,37 : 0.9617"
"37,27 : 0.9617"
"27,38 : 0.1393"
"38,27 : 0.1393"
"27,39 : 0.5604"
"39,27 : 0.5604"
"27,40 : 1.2356"
"40,27 : 1.2356"
"27,41 : 0.4888"
"41,27 : 0.4888"
"27,42 : 0.3423"
"42,27 : 0.3423"
"27,43 : 0.2441"
"43,27 : 0.2441"
"27,44 : 1.2375"
"44,27 : 1.2375"
"27,45 : 1.0022"
"45,27 : 1.0022"
"27,46 : 0.9135"
"46,27 : 0.9135"
"27,47 : 0.7225"
"47,27 : 0.7225"
"27,48 : 1.1048"
"48,27 : 1.1048"
"27,49 : 1.19"
"49,27 : 1.19"
"28,29 : 0.578"
"29,28 : 0.578"
"28,30 : 0.5501"
"30,28 : 0.5501"
"28,31 : 0.5077"
"31,28 : 0.5077"
"28,32 : 0.5471"
"32,28 : 0.5471"
"28,33 : 0.3342"
"33,28 : 0.3342"
"28,34 : 0.6237"
"34,28 : 0.6237"
"28,35 : 0.5124"
"35,28 : 0.5124"
"28,36 : 0.5661"
"36,28 : 0.5661"
"28,37 : 0.6621"
"37,28 : 0.6621"
"28,38 : 0.5673"
"38,28 : 0.5673"
"28,39 : 0.5909"
"39,28 : 0.5909"
"28,40 : 0.6107"
"40,28 : 0.6107"
"28,41 : 0.1565"
"41,28 : 0.1565"
"28,42 : 0.5204"
"42,28 : 0.5204"
"28,43 : 0.4368"
"43,28 : 0.4368"
"28,44 : 0.6401"
"44,28 : 0.6401"
"28,45 : 0.6064"
"45,28 : 0.6064"
"28,46 : 0.3635"
"46,28 : 0.3635"
"28,47 : 0.6403"
"47,28 : 0.6403"
"28,48 : 0.461"
"48,28 : 0.461"
"28,49 : 0.5743"
"49,28 : 0.5743"
"29,30 : 0.3517"
"30,29 : 0.3517"
"29,31 : 1.0683"
"31,29 : 1.0683"
"29,32 : 0.8395"
"32,29 : 0.8395"
"29,33 : 0.9121"
"33,29 : 0.9121"
"29,34 : 0.0608"
"34,29 : 0.0608"
"29,35 : 0.4031"
"35,29 : 0.4031"
"29,36 : 1.0904"
"36,29 : 1.0904"
"29,37 : 0.6454"
"37,29 : 0.6454"
"29,38 : 1.139"
"38,29 : 1.139"
"29,39 : 0.9168"
"39,29 : 0.9168"
"29,40 : 0.0412"
"40,29 : 0.0412"
"29,41 : 0.7218"
"41,29 : 0.7218"
"29,42 : 0.9749"
"42,29 : 0.9749"
"29,43 : 0.964"
"43,29 : 0.964"
"29,44 : 0.1077"
"44,29 : 0.1077"
"29,45 : 0.507"
"45,29 : 0.507"
"29,46 : 0.3162"
"46,29 : 0.3162"
"29,47 : 0.8521"
"47,29 : 0.8521"
"29,48 : 0.2789"
"48,29 : 0.2789"
"29,49 : 0.0224"
"49,29 : 0.0224"
"30,31 : 0.9306"
"31,30 : 0.9306"
"30,32 : 0.5507"
"32,30 : 0.5507"
"30,33 : 0.8393"
"33,30 : 0.8393"
"30,34 : 0.4079"
"34,30 : 0.4079"
"30,35 : 0.0721"
"35,30 : 0.0721"
"30,36 : 0.906"
"36,30 : 0.906"
"30,37 : 0.2943"
"37,30 : 0.2943"
"30,38 : 1.0198"
"38,30 : 1.0198"
"30,39 : 0.6313"
"39,30 : 0.6313"
"30,40 : 0.3883"
"40,30 : 0.3883"
"30,41 : 0.6379"
"41,30 : 0.6379"
"30,42 : 0.7495"
"42,30 : 0.7495"
"30,43 : 0.7961"
"43,30 : 0.7961"
"30,44 : 0.3002"
"44,30 : 0.3002"
"30,45 : 0.1552"
"45,30 : 0.1552"
"30,46 : 0.1942"
"46,30 : 0.1942"
"30,47 : 0.5316"
"47,30 : 0.5316"
"30,48 : 0.5456"
"48,30 : 0.5456"
"30,49 : 0.3298"
"49,30 : 0.3298"
"31,32 : 0.5515"
"32,31 : 0.5515"
"31,33 : 0.2202"
"33,31 : 0.2202"
"31,34 : 1.1195"
"34,31 : 1.1195"
"31,35 : 0.8676"
"35,31 : 0.8676"
"31,36 : 0.1487"
"36,31 : 0.1487"
"31,37 : 0.8828"
"37,31 : 0.8828"
"31,38 : 0.1"
"38,31 : 0.1"
"31,39 : 0.5217"
"39,31 : 0.5217"
"31,40 : 1.1045"
"40,31 : 1.1045"
"31,41 : 0.3523"
"41,31 : 0.3523"
"31,42 : 0.3036"
"42,31 : 0.3036"
"31,43 : 0.1503"
"43,31 : 0.1503"
"31,44 : 1.112"
"44,31 : 1.112"
"31,45 : 0.9076"
"45,31 : 0.9076"
"31,46 : 0.792"
"46,31 : 0.792"
"31,47 : 0.6736"
"47,31 : 0.6736"
"31,48 : 0.9665"
"48,31 : 0.9665"
"31,49 : 1.0608"
"49,31 : 1.0608"
"32,33 : 0.5993"
"33,32 : 0.5993"
"32,34 : 0.9003"
"34,32 : 0.9003"
"32,35 : 0.4789"
"35,32 : 0.4789"
"32,36 : 0.4554"
"36,32 : 0.4554"
"32,37 : 0.3722"
"37,32 : 0.3722"
"32,38 : 0.6512"
"38,32 : 0.6512"
"32,39 : 0.0806"
"39,32 : 0.0806"
"32,40 : 0.8807"
"40,32 : 0.8807"
"32,41 : 0.481"
"41,32 : 0.481"
"32,42 : 0.2648"
"42,32 : 0.2648"
"32,43 : 0.4031"
"43,32 : 0.4031"
"32,44 : 0.8287"
"44,32 : 0.8287"
"32,45 : 0.4528"
"45,32 : 0.4528"
"32,46 : 0.5261"
"46,32 : 0.5261"
"32,47 : 0.1237"
"47,32 : 0.1237"
"32,48 : 0.8945"
"48,32 : 0.8945"
"32,49 : 0.8223"
"49,32 : 0.8223"
"33,34 : 0.9578"
"34,33 : 0.9578"
"33,35 : 0.7864"
"35,33 : 0.7864"
"33,36 : 0.3421"
"36,33 : 0.3421"
"33,37 : 0.8628"
"37,33 : 0.8628"
"33,38 : 0.246"
"38,33 : 0.246"
"33,39 : 0.5991"
"39,33 : 0.5991"
"33,40 : 0.9449"
"40,33 : 0.9449"
"33,41 : 0.2025"
"41,33 : 0.2025"
"33,42 : 0.4177"
"42,33 : 0.4177"
"33,43 : 0.2524"
"43,33 : 0.2524"
"33,44 : 0.971"
"44,33 : 0.971"
"33,45 : 0.8529"
"45,33 : 0.8529"
"33,46 : 0.6723"
"46,33 : 0.6723"
"33,47 : 0.7209"
"47,33 : 0.7209"
"33,48 : 0.7742"
"48,33 : 0.7742"
"33,49 : 0.908"
"49,33 : 0.908"
"34,35 : 0.4617"
"35,34 : 0.4617"
"34,36 : 1.1455"
"36,34 : 1.1455"
"34,37 : 0.7021"
"37,34 : 0.7021"
"34,38 : 1.1879"
"38,34 : 1.1879"
"34,39 : 0.9774"
"39,34 : 0.9774"
"34,40 : 0.02"
"40,34 : 0.02"
"34,41 : 0.7708"
"41,34 : 0.7708"
"34,42 : 1.0332"
"42,34 : 1.0332"
"34,43 : 1.0183"
"43,34 : 1.0183"
"34,44 : 0.1345"
"44,34 : 0.1345"
"34,45 : 0.5629"
"45,34 : 0.5629"
"34,46 : 0.3764"
"46,34 : 0.3764"
"34,47 : 0.9127"
"47,34 : 0.9127"
"34,48 : 0.2802"
"48,34 : 0.2802"
"34,49 : 0.08"
"49,34 : 0.08"
"35,36 : 0.8382"
"36,35 : 0.8382"
"35,37 : 0.247"
"37,35 : 0.247"
"35,38 : 0.9585"
"38,35 : 0.9585"
"35,39 : 0.5595"
"39,35 : 0.5595"
"35,40 : 0.4418"
"40,35 : 0.4418"
"35,41 : 0.5869"
"41,35 : 0.5869"
"35,42 : 0.679"
"42,35 : 0.679"
"35,43 : 0.7306"
"43,35 : 0.7306"
"35,44 : 0.3635"
"44,35 : 0.3635"
"35,45 : 0.1204"
"45,35 : 0.1204"
"35,46 : 0.1803"
"46,35 : 0.1803"
"35,47 : 0.4632"
"47,35 : 0.4632"
"35,48 : 0.5686"
"48,35 : 0.5686"
"35,49 : 0.3821"
"49,35 : 0.3821"
"36,37 : 0.8127"
"37,36 : 0.8127"
"36,38 : 0.2283"
"38,36 : 0.2283"
"36,39 : 0.41"
"39,36 : 0.41"
"36,40 : 1.1289"
"40,36 : 1.1289"
"36,41 : 0.4123"
"41,36 : 0.4123"
"36,42 : 0.191"
"42,36 : 0.191"
"36,43 : 0.13"
"43,36 : 0.13"
"36,44 : 1.1204"
"44,36 : 1.1204"
"36,45 : 0.8588"
"45,36 : 0.8588"
"36,46 : 0.7931"
"46,36 : 0.7931"
"36,47 : 0.5714"
"47,36 : 0.5714"
"36,48 : 1.0253"
"48,36 : 1.0253"
"36,49 : 1.08"
"49,36 : 1.08"
"37,38 : 0.9815"
"38,37 : 0.9815"
"37,39 : 0.4441"
"39,37 : 0.4441"
"37,40 : 0.6825"
"40,37 : 0.6825"
"37,41 : 0.6845"
"41,37 : 0.6845"
"37,42 : 0.6277"
"42,37 : 0.6277"
"37,43 : 0.7335"
"43,37 : 0.7335"
"37,44 : 0.5914"
"44,37 : 0.5914"
"37,45 : 0.1404"
"45,37 : 0.1404"
"37,46 : 0.408"
"46,37 : 0.408"
"37,47 : 0.2973"
"47,37 : 0.2973"
"37,48 : 0.8112"
"48,37 : 0.8112"
"37,49 : 0.6237"
"49,37 : 0.6237"
"38,39 : 0.6198"
"39,38 : 0.6198"
"38,40 : 1.1739"
"40,38 : 1.1739"
"38,41 : 0.4173"
"41,38 : 0.4173"
"38,42 : 0.4002"
"42,38 : 0.4002"
"38,43 : 0.2502"
"43,38 : 0.2502"
"38,44 : 1.1885"
"44,38 : 1.1885"
"38,45 : 1.0028"
"45,38 : 1.0028"
"38,46 : 0.8737"
"46,38 : 0.8737"
"38,47 : 0.7732"
"47,38 : 0.7732"
"38,48 : 1.0179"
"48,38 : 1.0179"
"38,49 : 1.1328"
"49,38 : 1.1328"
"39,40 : 0.958"
"40,39 : 0.958"
"39,41 : 0.5061"
"41,39 : 0.5061"
"39,42 : 0.2209"
"42,39 : 0.2209"
"39,43 : 0.3795"
"43,39 : 0.3795"
"39,44 : 0.9082"
"44,39 : 0.9082"
"39,45 : 0.5315"
"45,39 : 0.5315"
"39,46 : 0.6021"
"46,39 : 0.6021"
"39,47 : 0.1649"
"47,39 : 0.1649"
"39,48 : 0.9613"
"48,39 : 0.9613"
"39,49 : 0.8999"
"49,39 : 0.8999"
"40,41 : 0.7566"
"41,40 : 0.7566"
"40,42 : 1.0152"
"42,40 : 1.0152"
"40,43 : 1.0021"
"43,40 : 1.0021"
"40,44 : 0.1204"
"44,40 : 0.1204"
"40,45 : 0.5434"
"45,40 : 0.5434"
"40,46 : 0.3574"
"46,40 : 0.3574"
"40,47 : 0.8927"
"47,40 : 0.8927"
"40,48 : 0.2816"
"48,40 : 0.2816"
"40,49 : 0.06"
"49,40 : 0.06"
"41,42 : 0.3905"
"42,41 : 0.3905"
"41,43 : 0.2844"
"43,41 : 0.2844"
"41,44 : 0.7742"
"44,41 : 0.7742"
"41,45 : 0.66"
"45,41 : 0.66"
"41,46 : 0.4701"
"46,41 : 0.4701"
"41,47 : 0.592"
"47,41 : 0.592"
"41,48 : 0.6174"
"48,41 : 0.6174"
"41,49 : 0.7159"
"49,41 : 0.7159"
"42,43 : 0.172"
"43,42 : 0.172"
"42,44 : 0.9902"
"44,42 : 0.9902"
"42,45 : 0.6851"
"45,42 : 0.6851"
"42,46 : 0.6637"
"46,42 : 0.6637"
"42,47 : 0.3805"
"47,42 : 0.3805"
"42,48 : 0.9552"
"48,42 : 0.9552"
