x,y
0.86,0.93
0.89,0.46
0.7,0.3
0.15,0.1
0.07,0.18
0.91,0.81
0.07,0.66
0.74,0.39
0.75,0.91
0.92,0.96
0.1,0.64
0.15,0.73
0.5,0.3
0.2,0.42
0.76,0.52
0.17,0.66
0.2,0.21
0.62,0.47
0.32,0.39
0.94,0.07
0.8,0.99
0.39,0.93
0.46,0.12
0.91,0.55
0.02,0.9
0.68,0.84
0.3,0.26
0.58,0.3
0.31,0.71
0.26,0.72
0.98,0.69
0.96,0.22
0.16,0.8
0.16,0.66
0.83,0.06
0.07,0.58
0.33,0.24
0.33,0.84
0.64,0.32
0.85,0.32
0.07,0.37
0.81,0.23
0.36,0.95
0.9,0.06
0.37,0.43
0.01,0.73
0.06,0.49
0.32,0.55
0.7,0.77
0.35,0.08

Distanze
"0,1 : 0.471"
"1,0 : 0.471"
"0,2 : 0.65"
"2,0 : 0.65"
"0,3 : 1.0922"
"3,0 : 1.0922"
"0,4 : 1.0893"
"4,0 : 1.0893"
"0,5 : 0.13"
"5,0 : 0.13"
"0,6 : 0.8349"
"6,0 : 0.8349"
"0,7 : 0.5532"
"7,0 : 0.5532"
"0,8 : 0.1118"
"8,0 : 0.1118"
"0,9 : 0.0671"
"9,0 : 0.0671"
"0,10 : 0.8134"
"10,0 : 0.8134"
"0,11 : 0.7376"
"11,0 : 0.7376"
"0,12 : 0.7256"
"12,0 : 0.7256"
"0,13 : 0.8341"
"13,0 : 0.8341"
"0,14 : 0.422"
"14,0 : 0.422"
"0,15 : 0.7409"
"15,0 : 0.7409"
"0,16 : 0.9767"
"16,0 : 0.9767"
"0,17 : 0.5188"
"17,0 : 0.5188"
"0,18 : 0.7637"
"18,0 : 0.7637"
"0,19 : 0.8637"
"19,0 : 0.8637"
"0,20 : 0.0849"
"20,0 : 0.0849"
"0,21 : 0.47"
"21,0 : 0.47"
"0,22 : 0.9034"
"22,0 : 0.9034"
"0,23 : 0.3833"
"23,0 : 0.3833"
"0,24 : 0.8405"
"24,0 : 0.8405"
"0,25 : 0.2012"
"25,0 : 0.2012"
"0,26 : 0.8732"
"26,0 : 0.8732"
"0,27 : 0.6894"
"27,0 : 0.6894"
"0,28 : 0.5924"
"28,0 : 0.5924"
"0,29 : 0.6357"
"29,0 : 0.6357"
"0,30 : 0.2683"
"30,0 : 0.2683"
"0,31 : 0.717"
"31,0 : 0.717"
"0,32 : 0.712"
"32,0 : 0.712"
"0,33 : 0.7503"
"33,0 : 0.7503"
"0,34 : 0.8705"
"34,0 : 0.8705"
"0,35 : 0.8641"
"35,0 : 0.8641"
"0,36 : 0.8701"
"36,0 : 0.8701"
"0,37 : 0.5376"
"37,0 : 0.5376"
"0,38 : 0.6485"
"38,0 : 0.6485"
"0,39 : 0.6101"
"39,0 : 0.6101"
"0,40 : 0.9683"
"40,0 : 0.9683"
"0,41 : 0.7018"
"41,0 : 0.7018"
"0,42 : 0.5004"
"42,0 : 0.5004"
"0,43 : 0.8709"
"43,0 : 0.8709"
"0,44 : 0.7001"
"44,0 : 0.7001"
"0,45 : 0.8732"
"45,0 : 0.8732"
"0,46 : 0.913"
"46,0 : 0.913"
"0,47 : 0.6603"
"47,0 : 0.6603"
"0,48 : 0.2263"
"48,0 : 0.2263"
"0,49 : 0.9913"
"49,0 : 0.9913"
"1,2 : 0.2484"
"2,1 : 0.2484"
"1,3 : 0.8229"
"3,1 : 0.8229"
"1,4 : 0.8665"
"4,1 : 0.8665"
"1,5 : 0.3506"
"5,1 : 0.3506"
"1,6 : 0.844"
"6,1 : 0.844"
"1,7 : 0.1655"
"7,1 : 0.1655"
"1,8 : 0.4713"
"8,1 : 0.4713"
"1,9 : 0.5009"
"9,1 : 0.5009"
"1,10 : 0.8102"
"10,1 : 0.8102"
"1,11 : 0.7877"
"11,1 : 0.7877"
"1,12 : 0.4215"
"12,1 : 0.4215"
"1,13 : 0.6912"
"13,1 : 0.6912"
"1,14 : 0.1432"
"14,1 : 0.1432"
"1,15 : 0.7473"
"15,1 : 0.7473"
"1,16 : 0.7339"
"16,1 : 0.7339"
"1,17 : 0.2702"
"17,1 : 0.2702"
"1,18 : 0.5743"
"18,1 : 0.5743"
"1,19 : 0.3932"
"19,1 : 0.3932"
"1,20 : 0.5376"
"20,1 : 0.5376"
"1,21 : 0.6862"
"21,1 : 0.6862"
"1,22 : 0.5482"
"22,1 : 0.5482"
"1,23 : 0.0922"
"23,1 : 0.0922"
"1,24 : 0.9749"
"24,1 : 0.9749"
"1,25 : 0.4342"
"25,1 : 0.4342"
"1,26 : 0.623"
"26,1 : 0.623"
"1,27 : 0.3489"
"27,1 : 0.3489"
"1,28 : 0.6316"
"28,1 : 0.6316"
"1,29 : 0.6815"
"29,1 : 0.6815"
"1,30 : 0.247"
"30,1 : 0.247"
"1,31 : 0.25"
"31,1 : 0.25"
"1,32 : 0.8053"
"32,1 : 0.8053"
"1,33 : 0.7569"
"33,1 : 0.7569"
"1,34 : 0.4045"
"34,1 : 0.4045"
"1,35 : 0.8287"
"35,1 : 0.8287"
"1,36 : 0.6017"
"36,1 : 0.6017"
"1,37 : 0.6768"
"37,1 : 0.6768"
"1,38 : 0.2865"
"38,1 : 0.2865"
"1,39 : 0.1456"
"39,1 : 0.1456"
"1,40 : 0.8249"
"40,1 : 0.8249"
"1,41 : 0.2435"
"41,1 : 0.2435"
"1,42 : 0.7218"
"42,1 : 0.7218"
"1,43 : 0.4001"
"43,1 : 0.4001"
"1,44 : 0.5209"
"44,1 : 0.5209"
"1,45 : 0.9205"
"45,1 : 0.9205"
"1,46 : 0.8305"
"46,1 : 0.8305"
"1,47 : 0.5771"
"47,1 : 0.5771"
"1,48 : 0.3636"
"48,1 : 0.3636"
"1,49 : 0.6603"
"49,1 : 0.6603"
"2,3 : 0.5852"
"3,2 : 0.5852"
"2,4 : 0.6413"
"4,2 : 0.6413"
"2,5 : 0.5515"
"5,2 : 0.5515"
"2,6 : 0.7256"
"6,2 : 0.7256"
"2,7 : 0.0985"
"7,2 : 0.0985"
"2,8 : 0.612"
"8,2 : 0.612"
"2,9 : 0.6957"
"9,2 : 0.6957"
"2,10 : 0.6896"
"10,2 : 0.6896"
"2,11 : 0.6981"
"11,2 : 0.6981"
"2,12 : 0.2"
"12,2 : 0.2"
"2,13 : 0.5142"
"13,2 : 0.5142"
"2,14 : 0.228"
"14,2 : 0.228"
"2,15 : 0.6407"
"15,2 : 0.6407"
"2,16 : 0.508"
"16,2 : 0.508"
"2,17 : 0.1879"
"17,2 : 0.1879"
"2,18 : 0.3905"
"18,2 : 0.3905"
"2,19 : 0.3324"
"19,2 : 0.3324"
"2,20 : 0.6972"
"20,2 : 0.6972"
"2,21 : 0.7021"
"21,2 : 0.7021"
"2,22 : 0.3"
"22,2 : 0.3"
"2,23 : 0.3265"
"23,2 : 0.3265"
"2,24 : 0.9069"
"24,2 : 0.9069"
"2,25 : 0.5404"
"25,2 : 0.5404"
"2,26 : 0.402"
"26,2 : 0.402"
"2,27 : 0.12"
"27,2 : 0.12"
"2,28 : 0.5659"
"28,2 : 0.5659"
"2,29 : 0.6083"
"29,2 : 0.6083"
"2,30 : 0.4801"
"30,2 : 0.4801"
"2,31 : 0.272"
"31,2 : 0.272"
"2,32 : 0.7359"
"32,2 : 0.7359"
"2,33 : 0.649"
"33,2 : 0.649"
"2,34 : 0.2729"
"34,2 : 0.2729"
"2,35 : 0.6894"
"35,2 : 0.6894"
"2,36 : 0.3748"
"36,2 : 0.3748"
"2,37 : 0.6546"
"37,2 : 0.6546"
"2,38 : 0.0632"
"38,2 : 0.0632"
"2,39 : 0.1513"
"39,2 : 0.1513"
"2,40 : 0.6339"
"40,2 : 0.6339"
"2,41 : 0.1304"
"41,2 : 0.1304"
"2,42 : 0.7336"
"42,2 : 0.7336"
"2,43 : 0.3124"
"43,2 : 0.3124"
"2,44 : 0.3547"
"44,2 : 0.3547"
"2,45 : 0.813"
"45,2 : 0.813"
"2,46 : 0.6676"
"46,2 : 0.6676"
"2,47 : 0.4549"
"47,2 : 0.4549"
"2,48 : 0.47"
"48,2 : 0.47"
"2,49 : 0.4134"
"49,2 : 0.4134"
"3,4 : 0.1131"
"4,3 : 0.1131"
"3,5 : 1.04"
"5,3 : 1.04"
"3,6 : 0.5657"
"6,3 : 0.5657"
"3,7 : 0.6574"
"7,3 : 0.6574"
"3,8 : 1.008"
"8,3 : 1.008"
"3,9 : 1.1543"
"9,3 : 1.1543"
"3,10 : 0.5423"
"10,3 : 0.5423"
"3,11 : 0.63"
"11,3 : 0.63"
"3,12 : 0.4031"
"12,3 : 0.4031"
"3,13 : 0.3239"
"13,3 : 0.3239"
"3,14 : 0.7406"
"14,3 : 0.7406"
"3,15 : 0.5604"
"15,3 : 0.5604"
"3,16 : 0.1208"
"16,3 : 0.1208"
"3,17 : 0.5982"
"17,3 : 0.5982"
"3,18 : 0.3362"
"18,3 : 0.3362"
"3,19 : 0.7906"
"19,3 : 0.7906"
"3,20 : 1.1021"
"20,3 : 1.1021"
"3,21 : 0.864"
"21,3 : 0.864"
"3,22 : 0.3106"
"22,3 : 0.3106"
"3,23 : 0.8832"
"23,3 : 0.8832"
"3,24 : 0.8105"
"24,3 : 0.8105"
"3,25 : 0.9102"
"25,3 : 0.9102"
"3,26 : 0.2193"
"26,3 : 0.2193"
"3,27 : 0.4742"
"27,3 : 0.4742"
"3,28 : 0.6306"
"28,3 : 0.6306"
"3,29 : 0.6297"
"29,3 : 0.6297"
"3,30 : 1.0183"
"30,3 : 1.0183"
"3,31 : 0.8188"
"31,3 : 0.8188"
"3,32 : 0.7001"
"32,3 : 0.7001"
"3,33 : 0.5601"
"33,3 : 0.5601"
"3,34 : 0.6812"
"34,3 : 0.6812"
"3,35 : 0.4866"
"35,3 : 0.4866"
"3,36 : 0.228"
"36,3 : 0.228"
"3,37 : 0.7616"
"37,3 : 0.7616"
"3,38 : 0.5371"
"38,3 : 0.5371"
"3,39 : 0.7338"
"39,3 : 0.7338"
"3,40 : 0.2816"
"40,3 : 0.2816"
"3,41 : 0.6727"
"41,3 : 0.6727"
"3,42 : 0.8756"
"42,3 : 0.8756"
"3,43 : 0.7511"
"43,3 : 0.7511"
"3,44 : 0.3966"
"44,3 : 0.3966"
"3,45 : 0.6454"
"45,3 : 0.6454"
"3,46 : 0.4002"
"46,3 : 0.4002"
"3,47 : 0.481"
"47,3 : 0.481"
"3,48 : 0.8668"
"48,3 : 0.8668"
"3,49 : 0.201"
"49,3 : 0.201"
"4,5 : 1.05"
"5,4 : 1.05"
"4,6 : 0.48"
"6,4 : 0.48"
"4,7 : 0.7021"
"7,4 : 0.7021"
"4,8 : 0.9976"
"8,4 : 0.9976"
"4,9 : 1.1536"
"9,4 : 1.1536"
"4,10 : 0.461"
"10,4 : 0.461"
"4,11 : 0.5558"
"11,4 : 0.5558"
"4,12 : 0.4464"
"12,4 : 0.4464"
"4,13 : 0.2729"
"13,4 : 0.2729"
"4,14 : 0.7692"
"14,4 : 0.7692"
"4,15 : 0.4903"
"15,4 : 0.4903"
"4,16 : 0.1334"
"16,4 : 0.1334"
"4,17 : 0.6218"
"17,4 : 0.6218"
"4,18 : 0.3265"
"18,4 : 0.3265"
"4,19 : 0.8769"
"19,4 : 0.8769"
"4,20 : 1.0904"
"20,4 : 1.0904"
"4,21 : 0.8154"
"21,4 : 0.8154"
"4,22 : 0.3946"
"22,4 : 0.3946"
"4,23 : 0.9179"
"23,4 : 0.9179"
"4,24 : 0.7217"
"24,4 : 0.7217"
"4,25 : 0.8987"
"25,4 : 0.8987"
"4,26 : 0.2435"
"26,4 : 0.2435"
"4,27 : 0.5239"
"27,4 : 0.5239"
"4,28 : 0.5818"
"28,4 : 0.5818"
"4,29 : 0.5725"
"29,4 : 0.5725"
"4,30 : 1.0432"
"30,4 : 1.0432"
"4,31 : 0.8909"
"31,4 : 0.8909"
"4,32 : 0.6265"
"32,4 : 0.6265"
"4,33 : 0.4884"
"33,4 : 0.4884"
"4,34 : 0.7694"
"34,4 : 0.7694"
"4,35 : 0.4"
"35,4 : 0.4"
"4,36 : 0.2668"
"36,4 : 0.2668"
"4,37 : 0.7094"
"37,4 : 0.7094"
"4,38 : 0.5869"
"38,4 : 0.5869"
"4,39 : 0.7925"
"39,4 : 0.7925"
"4,40 : 0.19"
"40,4 : 0.19"
"4,41 : 0.7417"
"41,4 : 0.7417"
"4,42 : 0.8228"
"42,4 : 0.8228"
"4,43 : 0.8386"
"43,4 : 0.8386"
"4,44 : 0.3905"
"44,4 : 0.3905"
"4,45 : 0.5533"
"45,4 : 0.5533"
"4,46 : 0.3102"
"46,4 : 0.3102"
"4,47 : 0.4465"
"47,4 : 0.4465"
"4,48 : 0.8631"
"48,4 : 0.8631"
"4,49 : 0.2973"
"49,4 : 0.2973"
"5,6 : 0.8533"
"6,5 : 0.8533"
"5,7 : 0.4531"
"7,5 : 0.4531"
"5,8 : 0.1887"
"8,5 : 0.1887"
"5,9 : 0.1503"
"9,5 : 0.1503"
"5,10 : 0.8276"
"10,5 : 0.8276"
"5,11 : 0.7642"
"11,5 : 0.7642"
"5,12 : 0.6544"
"12,5 : 0.6544"
"5,13 : 0.8101"
"13,5 : 0.8101"
"5,14 : 0.3265"
"14,5 : 0.3265"
"5,15 : 0.755"
"15,5 : 0.755"
"5,16 : 0.9296"
"16,5 : 0.9296"
"5,17 : 0.4469"
"17,5 : 0.4469"
"5,18 : 0.7242"
"18,5 : 0.7242"
"5,19 : 0.7406"
"19,5 : 0.7406"
"5,20 : 0.211"
"20,5 : 0.211"
"5,21 : 0.5337"
"21,5 : 0.5337"
"5,22 : 0.8238"
"22,5 : 0.8238"
"5,23 : 0.26"
"23,5 : 0.26"
"5,24 : 0.8945"
"24,5 : 0.8945"
"5,25 : 0.2319"
"25,5 : 0.2319"
"5,26 : 0.8213"
"26,5 : 0.8213"
"5,27 : 0.6075"
"27,5 : 0.6075"
"5,28 : 0.6083"
"28,5 : 0.6083"
"5,29 : 0.6562"
"29,5 : 0.6562"
"5,30 : 0.1389"
"30,5 : 0.1389"
"5,31 : 0.5921"
"31,5 : 0.5921"
"5,32 : 0.7501"
"32,5 : 0.7501"
"5,33 : 0.7649"
"33,5 : 0.7649"
"5,34 : 0.7543"
"34,5 : 0.7543"
"5,35 : 0.8709"
"35,5 : 0.8709"
"5,36 : 0.8132"
"36,5 : 0.8132"
"5,37 : 0.5808"
"37,5 : 0.5808"
"5,38 : 0.5595"
"38,5 : 0.5595"
"5,39 : 0.4937"
"39,5 : 0.4937"
"5,40 : 0.9483"
"40,5 : 0.9483"
"5,41 : 0.5886"
"41,5 : 0.5886"
"5,42 : 0.5675"
"42,5 : 0.5675"
"5,43 : 0.7501"
"43,5 : 0.7501"
"5,44 : 0.6603"
"44,5 : 0.6603"
"5,45 : 0.9035"
"45,5 : 0.9035"
"5,46 : 0.9082"
"46,5 : 0.9082"
"5,47 : 0.6447"
"47,5 : 0.6447"
"5,48 : 0.2138"
"48,5 : 0.2138"
"5,49 : 0.9201"
"49,5 : 0.9201"
"6,7 : 0.7224"
"7,6 : 0.7224"
"6,8 : 0.7245"
"8,6 : 0.7245"
"6,9 : 0.9014"
"9,6 : 0.9014"
"6,10 : 0.0361"
"10,6 : 0.0361"
"6,11 : 0.1063"
"11,6 : 0.1063"
"6,12 : 0.5608"
"12,6 : 0.5608"
"6,13 : 0.2729"
"13,6 : 0.2729"
"6,14 : 0.7041"
"14,6 : 0.7041"
"6,15 : 0.1"
"15,6 : 0.1"
"6,16 : 0.4684"
"16,6 : 0.4684"
"6,17 : 0.5819"
"17,6 : 0.5819"
"6,18 : 0.368"
"18,6 : 0.368"
"6,19 : 1.0512"
"19,6 : 1.0512"
"6,20 : 0.8011"
"20,6 : 0.8011"
"6,21 : 0.4187"
"21,6 : 0.4187"
"6,22 : 0.6661"
"22,6 : 0.6661"
"6,23 : 0.8472"
"23,6 : 0.8472"
"6,24 : 0.2452"
"24,6 : 0.2452"
"6,25 : 0.636"
"25,6 : 0.636"
"6,26 : 0.4614"
"26,6 : 0.4614"
"6,27 : 0.6243"
"27,6 : 0.6243"
"6,28 : 0.2452"
"28,6 : 0.2452"
"6,29 : 0.1992"
"29,6 : 0.1992"
"6,30 : 0.9105"
"30,6 : 0.9105"
"6,31 : 0.9928"
"31,6 : 0.9928"
"6,32 : 0.1664"
"32,6 : 0.1664"
"6,33 : 0.09"
"33,6 : 0.09"
"6,34 : 0.9683"
"34,6 : 0.9683"
"6,35 : 0.08"
"35,6 : 0.08"
"6,36 : 0.494"
"36,6 : 0.494"
"6,37 : 0.3162"
"37,6 : 0.3162"
"6,38 : 0.6637"
"38,6 : 0.6637"
"6,39 : 0.8509"
"39,6 : 0.8509"
"6,40 : 0.29"
"40,6 : 0.29"
"6,41 : 0.8559"
"41,6 : 0.8559"
"6,42 : 0.4101"
"42,6 : 0.4101"
"6,43 : 1.0242"
"43,6 : 1.0242"
"6,44 : 0.378"
"44,6 : 0.378"
"6,45 : 0.0922"
"45,6 : 0.0922"
"6,46 : 0.1703"
"46,6 : 0.1703"
"6,47 : 0.2731"
"47,6 : 0.2731"
"6,48 : 0.6395"
"48,6 : 0.6395"
"6,49 : 0.644"
"49,6 : 0.644"
"7,8 : 0.5201"
"8,7 : 0.5201"
"7,9 : 0.5977"
"9,7 : 0.5977"
"7,10 : 0.6871"
"10,7 : 0.6871"
"7,11 : 0.681"
"11,7 : 0.681"
"7,12 : 0.2563"
"12,7 : 0.2563"
"7,13 : 0.5408"
"13,7 : 0.5408"
"7,14 : 0.1315"
"14,7 : 0.1315"
"7,15 : 0.6307"
"15,7 : 0.6307"
"7,16 : 0.5692"
"16,7 : 0.5692"
"7,17 : 0.1442"
"17,7 : 0.1442"
"7,18 : 0.42"
"18,7 : 0.42"
"7,19 : 0.3774"
"19,7 : 0.3774"
"7,20 : 0.603"
"20,7 : 0.603"
"7,21 : 0.6435"
"21,7 : 0.6435"
"7,22 : 0.389"
"22,7 : 0.389"
"7,23 : 0.2335"
"23,7 : 0.2335"
"7,24 : 0.8823"
"24,7 : 0.8823"
"7,25 : 0.454"
"25,7 : 0.454"
"7,26 : 0.4588"
"26,7 : 0.4588"
"7,27 : 0.1836"
"27,7 : 0.1836"
"7,28 : 0.536"
"28,7 : 0.536"
"7,29 : 0.5825"
"29,7 : 0.5825"
"7,30 : 0.3842"
"30,7 : 0.3842"
"7,31 : 0.278"
"31,7 : 0.278"
"7,32 : 0.7103"
"32,7 : 0.7103"
"7,33 : 0.6398"
"33,7 : 0.6398"
"7,34 : 0.3421"
"34,7 : 0.3421"
"7,35 : 0.6964"
"35,7 : 0.6964"
"7,36 : 0.4366"
"36,7 : 0.4366"
"7,37 : 0.6088"
"37,7 : 0.6088"
"7,38 : 0.1221"
"38,7 : 0.1221"
"7,39 : 0.1304"
"39,7 : 0.1304"
"7,40 : 0.6703"
"40,7 : 0.6703"
"7,41 : 0.1746"
"41,7 : 0.1746"
"7,42 : 0.6768"
"42,7 : 0.6768"
"7,43 : 0.3667"
"43,7 : 0.3667"
"7,44 : 0.3722"
"44,7 : 0.3722"
"7,45 : 0.8053"
"45,7 : 0.8053"
"7,46 : 0.6873"
"46,7 : 0.6873"
"7,47 : 0.4494"
"47,7 : 0.4494"
"7,48 : 0.3821"
"48,7 : 0.3821"
"7,49 : 0.4982"
"49,7 : 0.4982"
"8,9 : 0.1772"
"9,8 : 0.1772"
"8,10 : 0.7038"
"10,8 : 0.7038"
"8,11 : 0.6264"
"11,8 : 0.6264"
"8,12 : 0.6592"
"12,8 : 0.6592"
"8,13 : 0.7366"
"13,8 : 0.7366"
"8,14 : 0.3901"
"14,8 : 0.3901"
"8,15 : 0.6316"
"15,8 : 0.6316"
"8,16 : 0.8902"
"16,8 : 0.8902"
"8,17 : 0.4588"
"17,8 : 0.4588"
"8,18 : 0.6748"
"18,8 : 0.6748"
"8,19 : 0.8612"
"19,8 : 0.8612"
"8,20 : 0.0943"
"20,8 : 0.0943"
"8,21 : 0.3606"
"21,8 : 0.3606"
"8,22 : 0.8415"
"22,8 : 0.8415"
"8,23 : 0.394"
"23,8 : 0.394"
"8,24 : 0.7301"
"24,8 : 0.7301"
"8,25 : 0.099"
"25,8 : 0.099"
"8,26 : 0.7906"
"26,8 : 0.7906"
"8,27 : 0.6332"
"27,8 : 0.6332"
"8,28 : 0.4833"
"28,8 : 0.4833"
"8,29 : 0.5255"
"29,8 : 0.5255"
"8,30 : 0.3183"
"30,8 : 0.3183"
"8,31 : 0.7212"
"31,8 : 0.7212"
"8,32 : 0.6002"
"32,8 : 0.6002"
"8,33 : 0.6408"
"33,8 : 0.6408"
"8,34 : 0.8538"
"34,8 : 0.8538"
"8,35 : 0.7558"
"35,8 : 0.7558"
"8,36 : 0.7908"
"36,8 : 0.7908"
"8,37 : 0.4258"
"37,8 : 0.4258"
"8,38 : 0.6002"
"38,8 : 0.6002"
"8,39 : 0.5984"
"39,8 : 0.5984"
"8,40 : 0.8683"
"40,8 : 0.8683"
"8,41 : 0.6826"
"41,8 : 0.6826"
"8,42 : 0.392"
"42,8 : 0.392"
"8,43 : 0.8631"
"43,8 : 0.8631"
"8,44 : 0.6122"
"44,8 : 0.6122"
"8,45 : 0.7616"
"45,8 : 0.7616"
"8,46 : 0.8078"
"46,8 : 0.8078"
"8,47 : 0.5608"
"47,8 : 0.5608"
"8,48 : 0.1487"
"48,8 : 0.1487"
"8,49 : 0.9214"
"49,8 : 0.9214"
"9,10 : 0.8802"
"10,9 : 0.8802"
"9,11 : 0.8036"
"11,9 : 0.8036"
"9,12 : 0.7823"
"12,9 : 0.7823"
"9,13 : 0.9"
"13,9 : 0.9"
"9,14 : 0.4682"
"14,9 : 0.4682"
"9,15 : 0.8078"
"15,9 : 0.8078"
"9,16 : 1.0397"
"16,9 : 1.0397"
"9,17 : 0.5745"
"17,9 : 0.5745"
"9,18 : 0.8276"
"18,9 : 0.8276"
"9,19 : 0.8902"
"19,9 : 0.8902"
"9,20 : 0.1237"
"20,9 : 0.1237"
"9,21 : 0.5308"
"21,9 : 0.5308"
"9,22 : 0.9577"
"22,9 : 0.9577"
"9,23 : 0.4101"
"23,9 : 0.4101"
"9,24 : 0.902"
"24,9 : 0.902"
"9,25 : 0.2683"
"25,9 : 0.2683"
"9,26 : 0.9351"
"26,9 : 0.9351"
"9,27 : 0.7424"
"27,9 : 0.7424"
"9,28 : 0.6592"
"28,9 : 0.6592"
"9,29 : 0.7023"
"29,9 : 0.7023"
"9,30 : 0.2766"
"30,9 : 0.2766"
"9,31 : 0.7411"
"31,9 : 0.7411"
"9,32 : 0.7767"
"32,9 : 0.7767"
"9,33 : 0.8171"
"33,9 : 0.8171"
"9,34 : 0.9045"
"34,9 : 0.9045"
"9,35 : 0.9311"
"35,9 : 0.9311"
"9,36 : 0.9309"
"36,9 : 0.9309"
"9,37 : 0.6021"
"37,9 : 0.6021"
"9,38 : 0.6986"
"38,9 : 0.6986"
"9,39 : 0.6438"
"39,9 : 0.6438"
"9,40 : 1.0347"
"40,9 : 1.0347"
"9,41 : 0.7382"
"41,9 : 0.7382"
"9,42 : 0.5601"
"42,9 : 0.5601"
"9,43 : 0.9002"
"43,9 : 0.9002"
"9,44 : 0.7638"
"44,9 : 0.7638"
"9,45 : 0.9386"
"45,9 : 0.9386"
"9,46 : 0.9801"
"46,9 : 0.9801"
"9,47 : 0.7267"
"47,9 : 0.7267"
"9,48 : 0.2907"
"48,9 : 0.2907"
"9,49 : 1.0485"
"49,9 : 1.0485"
"10,11 : 0.103"
"11,10 : 0.103"
"10,12 : 0.525"
"12,10 : 0.525"
"10,13 : 0.2417"
"13,10 : 0.2417"
"10,14 : 0.6708"
"14,10 : 0.6708"
"10,15 : 0.0728"
"15,10 : 0.0728"
"10,16 : 0.4415"
"16,10 : 0.4415"
"10,17 : 0.5471"
"17,10 : 0.5471"
"10,18 : 0.333"
"18,10 : 0.333"
"10,19 : 1.0151"
"19,10 : 1.0151"
"10,20 : 0.7826"
"20,10 : 0.7826"
"10,21 : 0.4101"
"21,10 : 0.4101"
"10,22 : 0.6325"
"22,10 : 0.6325"
"10,23 : 0.815"
"23,10 : 0.815"
"10,24 : 0.272"
"24,10 : 0.272"
"10,25 : 0.6135"
"25,10 : 0.6135"
"10,26 : 0.4294"
"26,10 : 0.4294"
"10,27 : 0.5882"
"27,10 : 0.5882"
"10,28 : 0.2214"
"28,10 : 0.2214"
"10,29 : 0.1789"
"29,10 : 0.1789"
"10,30 : 0.8814"
"30,10 : 0.8814"
"10,31 : 0.9571"
"31,10 : 0.9571"
"10,32 : 0.1709"
"32,10 : 0.1709"
"10,33 : 0.0632"
"33,10 : 0.0632"
"10,34 : 0.9324"
"34,10 : 0.9324"
"10,35 : 0.0671"
"35,10 : 0.0671"
"10,36 : 0.4614"
"36,10 : 0.4614"
"10,37 : 0.3048"
"37,10 : 0.3048"
"10,38 : 0.6277"
"38,10 : 0.6277"
"10,39 : 0.8154"
"39,10 : 0.8154"
"10,40 : 0.2717"
"40,10 : 0.2717"
"10,41 : 0.8199"
"41,10 : 0.8199"
"10,42 : 0.4046"
"42,10 : 0.4046"
"10,43 : 0.9881"
"43,10 : 0.9881"
"10,44 : 0.3421"
"44,10 : 0.3421"
"10,45 : 0.1273"
"45,10 : 0.1273"
"10,46 : 0.1552"
"46,10 : 0.1552"
"10,47 : 0.2377"
"47,10 : 0.2377"
"10,48 : 0.6139"
"48,10 : 0.6139"
"10,49 : 0.6133"
"49,10 : 0.6133"
"11,12 : 0.5544"
"12,11 : 0.5544"
"11,13 : 0.314"
"13,11 : 0.314"
"11,14 : 0.6451"
"14,11 : 0.6451"
"11,15 : 0.0728"
"15,11 : 0.0728"
"11,16 : 0.5224"
"16,11 : 0.5224"
"11,17 : 0.5371"
"17,11 : 0.5371"
"11,18 : 0.3801"
"18,11 : 0.3801"
"11,19 : 1.0294"
"19,11 : 1.0294"
"11,20 : 0.7001"
"20,11 : 0.7001"
"11,21 : 0.3124"
"21,11 : 0.3124"
"11,22 : 0.6843"
"22,11 : 0.6843"
"11,23 : 0.781"
"23,11 : 0.781"
"11,24 : 0.214"
"24,11 : 0.214"
"11,25 : 0.5413"
"25,11 : 0.5413"
"11,26 : 0.4934"
"26,11 : 0.4934"
"11,27 : 0.6081"
"27,11 : 0.6081"
"11,28 : 0.1612"
"28,11 : 0.1612"
"11,29 : 0.1105"
"29,11 : 0.1105"
"11,30 : 0.831"
"30,11 : 0.831"
"11,31 : 0.9572"
"31,11 : 0.9572"
"11,32 : 0.0707"
"32,11 : 0.0707"
"11,33 : 0.0707"
"33,11 : 0.0707"
"11,34 : 0.9546"
"34,11 : 0.9546"
"11,35 : 0.17"
"35,11 : 0.17"
"11,36 : 0.522"
"36,11 : 0.522"
"11,37 : 0.211"
"37,11 : 0.211"
"11,38 : 0.6389"
"38,11 : 0.6389"
"11,39 : 0.8112"
"39,11 : 0.8112"
"11,40 : 0.3688"
"40,11 : 0.3688"
"11,41 : 0.828"
"41,11 : 0.828"
"11,42 : 0.3041"
"42,11 : 0.3041"
"11,43 : 1.0057"
"43,11 : 1.0057"
"11,44 : 0.372"
"44,11 : 0.372"
"11,45 : 0.14"
"45,11 : 0.14"
"11,46 : 0.2563"
"46,11 : 0.2563"
"11,47 : 0.2476"
"47,11 : 0.2476"
"11,48 : 0.5515"
"48,11 : 0.5515"
"11,49 : 0.6801"
"49,11 : 0.6801"
"12,13 : 0.3231"
"13,12 : 0.3231"
"12,14 : 0.3406"
"14,12 : 0.3406"
"12,15 : 0.4884"
"15,12 : 0.4884"
"12,16 : 0.3132"
"16,12 : 0.3132"
"12,17 : 0.2081"
"17,12 : 0.2081"
"12,18 : 0.2012"
"18,12 : 0.2012"
"12,19 : 0.4965"
"19,12 : 0.4965"
"12,20 : 0.7524"
"20,12 : 0.7524"
"12,21 : 0.6395"
"21,12 : 0.6395"
"12,22 : 0.1844"
"22,12 : 0.1844"
"12,23 : 0.4802"
"23,12 : 0.4802"
"12,24 : 0.7684"
"24,12 : 0.7684"
"12,25 : 0.5692"
"25,12 : 0.5692"
"12,26 : 0.204"
"26,12 : 0.204"
"12,27 : 0.08"
"27,12 : 0.08"
"12,28 : 0.4519"
"28,12 : 0.4519"
"12,29 : 0.4837"
"29,12 : 0.4837"
"12,30 : 0.6185"
"30,12 : 0.6185"
"12,31 : 0.4669"
"31,12 : 0.4669"
"12,32 : 0.6046"
"32,12 : 0.6046"
"12,33 : 0.4952"
"33,12 : 0.4952"
"12,34 : 0.408"
"34,12 : 0.408"
"12,35 : 0.5131"
"35,12 : 0.5131"
"12,36 : 0.1803"
"36,12 : 0.1803"
"12,37 : 0.5661"
"37,12 : 0.5661"
"12,38 : 0.1414"
"38,12 : 0.1414"
"12,39 : 0.3506"
"39,12 : 0.3506"
"12,40 : 0.4357"
"40,12 : 0.4357"
"12,41 : 0.3178"
"41,12 : 0.3178"
"12,42 : 0.6649"
"42,12 : 0.6649"
"12,43 : 0.4665"
"43,12 : 0.4665"
"12,44 : 0.1838"
"44,12 : 0.1838"
"12,45 : 0.6519"
"45,12 : 0.6519"
"12,46 : 0.4793"
"46,12 : 0.4793"
"12,47 : 0.3081"
"47,12 : 0.3081"
"12,48 : 0.5108"
"48,12 : 0.5108"
"12,49 : 0.2663"
"49,12 : 0.2663"
"13,14 : 0.5689"
"14,13 : 0.5689"
"13,15 : 0.2419"
"15,13 : 0.2419"
"13,16 : 0.21"
"16,13 : 0.21"
"13,17 : 0.423"
"17,13 : 0.423"
"13,18 : 0.1237"
"18,13 : 0.1237"
"13,19 : 0.8186"
"19,13 : 0.8186"
"13,20 : 0.8276"
"20,13 : 0.8276"
"13,21 : 0.5442"
"21,13 : 0.5442"
"13,22 : 0.397"
"22,13 : 0.397"
"13,23 : 0.7218"
"23,13 : 0.7218"
"13,24 : 0.5126"
"24,13 : 0.5126"
"13,25 : 0.6378"
"25,13 : 0.6378"
"13,26 : 0.1887"
"26,13 : 0.1887"
"13,27 : 0.3985"
"27,13 : 0.3985"
"13,28 : 0.3102"
"28,13 : 0.3102"
"13,29 : 0.3059"
"29,13 : 0.3059"
"13,30 : 0.8254"
"30,13 : 0.8254"
"13,31 : 0.7859"
"31,13 : 0.7859"
"13,32 : 0.3821"
"32,13 : 0.3821"
"13,33 : 0.2433"
"33,13 : 0.2433"
"13,34 : 0.7256"
"34,13 : 0.7256"
"13,35 : 0.2062"
"35,13 : 0.2062"
"13,36 : 0.222"
"36,13 : 0.222"
"13,37 : 0.4397"
"37,13 : 0.4397"
"13,38 : 0.4512"
"38,13 : 0.4512"
"13,39 : 0.6576"
"39,13 : 0.6576"
"13,40 : 0.1393"
"40,13 : 0.1393"
"13,41 : 0.6389"
"41,13 : 0.6389"
"13,42 : 0.5536"
"42,13 : 0.5536"
"13,43 : 0.7871"
"43,13 : 0.7871"
"13,44 : 0.1703"
"44,13 : 0.1703"
"13,45 : 0.3636"
"45,13 : 0.3636"
"13,46 : 0.1565"
"46,13 : 0.1565"
"13,47 : 0.1769"
"47,13 : 0.1769"
"13,48 : 0.6103"
"48,13 : 0.6103"
"13,49 : 0.3716"
"49,13 : 0.3716"
"14,15 : 0.6064"
"15,14 : 0.6064"
"14,16 : 0.6401"
"16,14 : 0.6401"
"14,17 : 0.1487"
"17,14 : 0.1487"
"14,18 : 0.4588"
"18,14 : 0.4588"
"14,19 : 0.4847"
"19,14 : 0.4847"
"14,20 : 0.4717"
"20,14 : 0.4717"
"14,21 : 0.5523"
"21,14 : 0.5523"
"14,22 : 0.5"
"22,14 : 0.5"
"14,23 : 0.153"
"23,14 : 0.153"
"14,24 : 0.8319"
"24,14 : 0.8319"
"14,25 : 0.3298"
"25,14 : 0.3298"
"14,26 : 0.5284"
"26,14 : 0.5284"
"14,27 : 0.2843"
"27,14 : 0.2843"
"14,28 : 0.4885"
"28,14 : 0.4885"
"14,29 : 0.5385"
"29,14 : 0.5385"
"14,30 : 0.278"
"30,14 : 0.278"
"14,31 : 0.3606"
"31,14 : 0.3606"
"14,32 : 0.6621"
"32,14 : 0.6621"
"14,33 : 0.6161"
"33,14 : 0.6161"
"14,34 : 0.4653"
"34,14 : 0.4653"
"14,35 : 0.6926"
"35,14 : 0.6926"
"14,36 : 0.5131"
"36,14 : 0.5131"
"14,37 : 0.536"
"37,14 : 0.536"
"14,38 : 0.2332"
"38,14 : 0.2332"
"14,39 : 0.2193"
"39,14 : 0.2193"
"14,40 : 0.7061"
"40,14 : 0.7061"
"14,41 : 0.2943"
"41,14 : 0.2943"
"14,42 : 0.5873"
"42,14 : 0.5873"
"14,43 : 0.4808"
"43,14 : 0.4808"
"14,44 : 0.4002"
"44,14 : 0.4002"
"14,45 : 0.7788"
"45,14 : 0.7788"
"14,46 : 0.7006"
"46,14 : 0.7006"
"14,47 : 0.441"
"47,14 : 0.441"
"14,48 : 0.2571"
"48,14 : 0.2571"
"14,49 : 0.6014"
"49,14 : 0.6014"
"15,16 : 0.451"
"16,15 : 0.451"
"15,17 : 0.4885"
"17,15 : 0.4885"
"15,18 : 0.3089"
"18,15 : 0.3089"
"15,19 : 0.9701"
"19,15 : 0.9701"
"15,20 : 0.7112"
"20,15 : 0.7112"
"15,21 : 0.3483"
"21,15 : 0.3483"
"15,22 : 0.6129"
"22,15 : 0.6129"
"15,23 : 0.7481"
"23,15 : 0.7481"
"15,24 : 0.283"
"24,15 : 0.283"
"15,25 : 0.5408"
"25,15 : 0.5408"
"15,26 : 0.4206"
"26,15 : 0.4206"
"15,27 : 0.5456"
"27,15 : 0.5456"
"15,28 : 0.1487"
"28,15 : 0.1487"
"15,29 : 0.1082"
"29,15 : 0.1082"
"15,30 : 0.8106"
"30,15 : 0.8106"
"15,31 : 0.9043"
"31,15 : 0.9043"
"15,32 : 0.1404"
"32,15 : 0.1404"
"15,33 : 0.01"
"33,15 : 0.01"
"15,34 : 0.892"
"34,15 : 0.892"
"15,35 : 0.1281"
"35,15 : 0.1281"
"15,36 : 0.4494"
"36,15 : 0.4494"
"15,37 : 0.2408"
"37,15 : 0.2408"
"15,38 : 0.5801"
"38,15 : 0.5801"
"15,39 : 0.7603"
"39,15 : 0.7603"
"15,40 : 0.3068"
"40,15 : 0.3068"
"15,41 : 0.771"
"41,15 : 0.771"
"15,42 : 0.3467"
"42,15 : 0.3467"
"15,43 : 0.9449"
"43,15 : 0.9449"
"15,44 : 0.3048"
"44,15 : 0.3048"
"15,45 : 0.1746"
"45,15 : 0.1746"
"15,46 : 0.2025"
"46,15 : 0.2025"
"15,47 : 0.186"
"47,15 : 0.186"
"15,48 : 0.5413"
"48,15 : 0.5413"
"15,49 : 0.6073"
"49,15 : 0.6073"
"16,17 : 0.494"
"17,16 : 0.494"
"16,18 : 0.2163"
"18,16 : 0.2163"
"16,19 : 0.7531"
"19,16 : 0.7531"
"16,20 : 0.9841"
"20,16 : 0.9841"
"16,21 : 0.7446"
"21,16 : 0.7446"
"16,22 : 0.2751"
"22,16 : 0.2751"
"16,23 : 0.7872"
"23,16 : 0.7872"
"16,24 : 0.7131"
"24,16 : 0.7131"
"16,25 : 0.792"
"25,16 : 0.792"
"16,26 : 0.1118"
"26,16 : 0.1118"
"16,27 : 0.3905"
"27,16 : 0.3905"
"16,28 : 0.512"
"28,16 : 0.512"
"16,29 : 0.5135"
"29,16 : 0.5135"
"16,30 : 0.9159"
"30,16 : 0.9159"
"16,31 : 0.7601"
"31,16 : 0.7601"
"16,32 : 0.5914"
"32,16 : 0.5914"
"16,33 : 0.4518"
"33,16 : 0.4518"
"16,34 : 0.6476"
"34,16 : 0.6476"
"16,35 : 0.3922"
"35,16 : 0.3922"
"16,36 : 0.1334"
"36,16 : 0.1334"
"16,37 : 0.6433"
"37,16 : 0.6433"
"16,38 : 0.4535"
"38,16 : 0.4535"
"16,39 : 0.6592"
"39,16 : 0.6592"
"16,40 : 0.2062"
"40,16 : 0.2062"
"16,41 : 0.6103"
"41,16 : 0.6103"
"16,42 : 0.7571"
"42,16 : 0.7571"
"16,43 : 0.7159"
"43,16 : 0.7159"
"16,44 : 0.278"
"44,16 : 0.278"
"16,45 : 0.5536"
"45,16 : 0.5536"
"16,46 : 0.313"
"46,16 : 0.313"
"16,47 : 0.3606"
"47,16 : 0.3606"
"16,48 : 0.7507"
"48,16 : 0.7507"
"16,49 : 0.1985"
"49,16 : 0.1985"
"17,18 : 0.3105"
"18,17 : 0.3105"
"17,19 : 0.5122"
"19,17 : 0.5122"
"17,20 : 0.5503"
"20,17 : 0.5503"
"17,21 : 0.5143"
"21,17 : 0.5143"
"17,22 : 0.3848"
"22,17 : 0.3848"
"17,23 : 0.3008"
"23,17 : 0.3008"
"17,24 : 0.7382"
"24,17 : 0.7382"
"17,25 : 0.3748"
"25,17 : 0.3748"
"17,26 : 0.3828"
"26,17 : 0.3828"
"17,27 : 0.1746"
"27,17 : 0.1746"
"17,28 : 0.392"
"28,17 : 0.392"
"17,29 : 0.4383"
"29,17 : 0.4383"
"17,30 : 0.4219"
"30,17 : 0.4219"
"17,31 : 0.422"
"31,17 : 0.422"
"17,32 : 0.5661"
"32,17 : 0.5661"
"17,33 : 0.4977"
"33,17 : 0.4977"
"17,34 : 0.4607"
"34,17 : 0.4607"
"17,35 : 0.5609"
"35,17 : 0.5609"
"17,36 : 0.3701"
"36,17 : 0.3701"
"17,37 : 0.4701"
"37,17 : 0.4701"
"17,38 : 0.1513"
"38,17 : 0.1513"
"17,39 : 0.2746"
"39,17 : 0.2746"
"17,40 : 0.559"
"40,17 : 0.559"
"17,41 : 0.3061"
"41,17 : 0.3061"
"17,42 : 0.5459"
"42,17 : 0.5459"
"17,43 : 0.4965"
"43,17 : 0.4965"
"17,44 : 0.2532"
"44,17 : 0.2532"
"17,45 : 0.6631"
"45,17 : 0.6631"
"17,46 : 0.5604"
"46,17 : 0.5604"
"17,47 : 0.3105"
"47,17 : 0.3105"
"17,48 : 0.3105"
"48,17 : 0.3105"
"17,49 : 0.4743"
"49,17 : 0.4743"
"18,19 : 0.6977"
"19,18 : 0.6977"
"18,20 : 0.7684"
"20,18 : 0.7684"
"18,21 : 0.5445"
"21,18 : 0.5445"
"18,22 : 0.3041"
"22,18 : 0.3041"
"18,23 : 0.6113"
"23,18 : 0.6113"
"18,24 : 0.5917"
"24,18 : 0.5917"
"18,25 : 0.5763"
"25,18 : 0.5763"
"18,26 : 0.1315"
"26,18 : 0.1315"
"18,27 : 0.2751"
"27,18 : 0.2751"
"18,28 : 0.3202"
"28,18 : 0.3202"
"18,29 : 0.3354"
"29,18 : 0.3354"
"18,30 : 0.725"
"30,18 : 0.725"
"18,31 : 0.6622"
"31,18 : 0.6622"
"18,32 : 0.4401"
"32,18 : 0.4401"
"18,33 : 0.3138"
"33,18 : 0.3138"
"18,34 : 0.6075"
"34,18 : 0.6075"
"18,35 : 0.314"
"35,18 : 0.314"
"18,36 : 0.1503"
"36,18 : 0.1503"
"18,37 : 0.4501"
"37,18 : 0.4501"
"18,38 : 0.3276"
"38,18 : 0.3276"
"18,39 : 0.5346"
"39,18 : 0.5346"
"18,40 : 0.2508"
"40,18 : 0.2508"
"18,41 : 0.5155"
"41,18 : 0.5155"
"18,42 : 0.5614"
"42,18 : 0.5614"
"18,43 : 0.6673"
"43,18 : 0.6673"
"18,44 : 0.064"
"44,18 : 0.064"
"18,45 : 0.4601"
"45,18 : 0.4601"
"18,46 : 0.2786"
"46,18 : 0.2786"
"18,47 : 0.16"
"47,18 : 0.16"
"18,48 : 0.5374"
"48,18 : 0.5374"
"18,49 : 0.3114"
"49,18 : 0.3114"
"19,20 : 0.9306"
"20,19 : 0.9306"
"19,21 : 1.0208"
"21,19 : 1.0208"
"19,22 : 0.4826"
"22,19 : 0.4826"
"19,23 : 0.4809"
"23,19 : 0.4809"
"19,24 : 1.2391"
"24,19 : 1.2391"
"19,25 : 0.8127"
"25,19 : 0.8127"
"19,26 : 0.6676"
"26,19 : 0.6676"
"19,27 : 0.4272"
"27,19 : 0.4272"
"19,28 : 0.8981"
"28,19 : 0.8981"
"19,29 : 0.9407"
"29,19 : 0.9407"
"19,30 : 0.6213"
"30,19 : 0.6213"
"19,31 : 0.1513"
"31,19 : 0.1513"
"19,32 : 1.0683"
"32,19 : 1.0683"
"19,33 : 0.978"
"33,19 : 0.978"
"19,34 : 0.1105"
"34,19 : 0.1105"
"19,35 : 1.0085"
"35,19 : 1.0085"
"19,36 : 0.6332"
"36,19 : 0.6332"
"19,37 : 0.9823"
"37,19 : 0.9823"
"19,38 : 0.3905"
"38,19 : 0.3905"
"19,39 : 0.2657"
"39,19 : 0.2657"
"19,40 : 0.9203"
"40,19 : 0.9203"
"19,41 : 0.2062"
"41,19 : 0.2062"
"19,42 : 1.0539"
"42,19 : 1.0539"
"19,43 : 0.0412"
"43,19 : 0.0412"
"19,44 : 0.6742"
"44,19 : 0.6742"
"19,45 : 1.1404"
"45,19 : 1.1404"
"19,46 : 0.9751"
"46,19 : 0.9751"
"19,47 : 0.7841"
"47,19 : 0.7841"
"19,48 : 0.74"
"48,19 : 0.74"
"19,49 : 0.5901"
"49,19 : 0.5901"
"20,21 : 0.4144"
"21,20 : 0.4144"
"20,22 : 0.9341"
"22,20 : 0.9341"
"20,23 : 0.4535"
"23,20 : 0.4535"
"20,24 : 0.7852"
"24,20 : 0.7852"
"20,25 : 0.1921"
"25,20 : 0.1921"
"20,26 : 0.8848"
"26,20 : 0.8848"
"20,27 : 0.7242"
"27,20 : 0.7242"
"20,28 : 0.5644"
"28,20 : 0.5644"
"20,29 : 0.6037"
"29,20 : 0.6037"
"20,30 : 0.3499"
"30,20 : 0.3499"
"20,31 : 0.7864"
"31,20 : 0.7864"
"20,32 : 0.6676"
"32,20 : 0.6676"
"20,33 : 0.7201"
"33,20 : 0.7201"
"20,34 : 0.9305"
"34,20 : 0.9305"
"20,35 : 0.8373"
"35,20 : 0.8373"
"20,36 : 0.8851"
"36,20 : 0.8851"
"20,37 : 0.4934"
"37,20 : 0.4934"
"20,38 : 0.6888"
"38,20 : 0.6888"
"20,39 : 0.6719"
"39,20 : 0.6719"
"20,40 : 0.9578"
"40,20 : 0.9578"
"20,41 : 0.7601"
"41,20 : 0.7601"
"20,42 : 0.4418"
"42,20 : 0.4418"
"20,43 : 0.9354"
"43,20 : 0.9354"
"20,44 : 0.706"
"44,20 : 0.706"
"20,45 : 0.8317"
"45,20 : 0.8317"
"20,46 : 0.8931"
"46,20 : 0.8931"
"20,47 : 0.6512"
"47,20 : 0.6512"
"20,48 : 0.2417"
"48,20 : 0.2417"
"20,49 : 1.0152"
"49,20 : 1.0152"
"21,22 : 0.813"
"22,21 : 0.813"
"21,23 : 0.644"
"23,21 : 0.644"
"21,24 : 0.3712"
"24,21 : 0.3712"
"21,25 : 0.3036"
"25,21 : 0.3036"
"21,26 : 0.676"
"26,21 : 0.676"
"21,27 : 0.658"
"27,21 : 0.658"
"21,28 : 0.2341"
"28,21 : 0.2341"
"21,29 : 0.247"
"29,21 : 0.247"
"21,30 : 0.6369"
"30,21 : 0.6369"
"21,31 : 0.9105"
"31,21 : 0.9105"
"21,32 : 0.2642"
"32,21 : 0.2642"
"21,33 : 0.3547"
"33,21 : 0.3547"
"21,34 : 0.9749"
"34,21 : 0.9749"
"21,35 : 0.4742"
"35,21 : 0.4742"
"21,36 : 0.6926"
"36,21 : 0.6926"
"21,37 : 0.1082"
"37,21 : 0.1082"
"21,38 : 0.6592"
"38,21 : 0.6592"
"21,39 : 0.764"
"39,21 : 0.764"
"21,40 : 0.645"
"40,21 : 0.645"
"21,41 : 0.8163"
"41,21 : 0.8163"
"21,42 : 0.0361"
"42,21 : 0.0361"
"21,43 : 1.0085"
"43,21 : 1.0085"
"21,44 : 0.5004"
"44,21 : 0.5004"
"21,45 : 0.4294"
"45,21 : 0.4294"
"21,46 : 0.55"
"46,21 : 0.55"
"21,47 : 0.3864"
"47,21 : 0.3864"
"21,48 : 0.3489"
"48,21 : 0.3489"
"21,49 : 0.8509"
"49,21 : 0.8509"
"22,23 : 0.6224"
"23,22 : 0.6224"
"22,24 : 0.8955"
"24,22 : 0.8955"
"22,25 : 0.7529"
"25,22 : 0.7529"
"22,26 : 0.2126"
"26,22 : 0.2126"
"22,27 : 0.2163"
"27,22 : 0.2163"
"22,28 : 0.6088"
"28,22 : 0.6088"
"22,29 : 0.6325"
"29,22 : 0.6325"
"22,30 : 0.7716"
"30,22 : 0.7716"
"22,31 : 0.5099"
"31,22 : 0.5099"
"22,32 : 0.7432"
"32,22 : 0.7432"
"22,33 : 0.6177"
"33,22 : 0.6177"
"22,34 : 0.3748"
"34,22 : 0.3748"
"22,35 : 0.6031"
"35,22 : 0.6031"
"22,36 : 0.1769"
"36,22 : 0.1769"
"22,37 : 0.7316"
"37,22 : 0.7316"
"22,38 : 0.2691"
"38,22 : 0.2691"
"22,39 : 0.4383"
"39,22 : 0.4383"
"22,40 : 0.4632"
"40,22 : 0.4632"
"22,41 : 0.3669"
"41,22 : 0.3669"
"22,42 : 0.836"
"42,22 : 0.836"
"22,43 : 0.4441"
"43,22 : 0.4441"
"22,44 : 0.3228"
"44,22 : 0.3228"
"22,45 : 0.758"
"45,22 : 0.758"
"22,46 : 0.5449"
"46,22 : 0.5449"
"22,47 : 0.4522"
"47,22 : 0.4522"
"22,48 : 0.6929"
"48,22 : 0.6929"
"22,49 : 0.117"
"49,22 : 0.117"
"23,24 : 0.9563"
"24,23 : 0.9563"
"23,25 : 0.3701"
"25,23 : 0.3701"
"23,26 : 0.6754"
"26,23 : 0.6754"
"23,27 : 0.414"
"27,23 : 0.414"
"23,28 : 0.621"
"28,23 : 0.621"
"23,29 : 0.6719"
"29,23 : 0.6719"
"23,30 : 0.1565"
"30,23 : 0.1565"
"23,31 : 0.3338"
"31,23 : 0.3338"
"23,32 : 0.7906"
"32,23 : 0.7906"
"23,33 : 0.758"
"33,23 : 0.758"
"23,34 : 0.4965"
"34,23 : 0.4965"
"23,35 : 0.8405"
"35,23 : 0.8405"
"23,36 : 0.6576"
"36,23 : 0.6576"
"23,37 : 0.6485"
"37,23 : 0.6485"
"23,38 : 0.3547"
"38,23 : 0.3547"
"23,39 : 0.2377"
"39,23 : 0.2377"
"23,40 : 0.8591"
"40,23 : 0.8591"
"23,41 : 0.3353"
"41,23 : 0.3353"
"23,42 : 0.6801"
"42,23 : 0.6801"
"23,43 : 0.4901"
"43,23 : 0.4901"
"23,44 : 0.5532"
"44,23 : 0.5532"
"23,45 : 0.9178"
"45,23 : 0.9178"
"23,46 : 0.8521"
"46,23 : 0.8521"
"23,47 : 0.59"
"47,23 : 0.59"
"23,48 : 0.3041"
"48,23 : 0.3041"
"23,49 : 0.7311"
"49,23 : 0.7311"
"24,25 : 0.6627"
"25,24 : 0.6627"
"24,26 : 0.6986"
"26,24 : 0.6986"
"24,27 : 0.8207"
"27,24 : 0.8207"
"24,28 : 0.3467"
"28,24 : 0.3467"
"24,29 : 0.3"
"29,24 : 0.3"
"24,30 : 0.9827"
"30,24 : 0.9827"
"24,31 : 1.1602"
"31,24 : 1.1602"
"24,32 : 0.172"
"32,24 : 0.172"
"24,33 : 0.2778"
"33,24 : 0.2778"
"24,34 : 1.1669"
"34,24 : 1.1669"
"24,35 : 0.3239"
"35,24 : 0.3239"
"24,36 : 0.7292"
"36,24 : 0.7292"
"24,37 : 0.3158"
"37,24 : 0.3158"
"24,38 : 0.849"
"38,24 : 0.849"
"24,39 : 1.0126"
"39,24 : 1.0126"
"24,40 : 0.5324"
"40,24 : 0.5324"
"24,41 : 1.0359"
"41,24 : 1.0359"
"24,42 : 0.3437"
"42,24 : 0.3437"
"24,43 : 1.2166"
"43,24 : 1.2166"
"24,44 : 0.586"
"44,24 : 0.586"
"24,45 : 0.1703"
"45,24 : 0.1703"
"24,46 : 0.4119"
"46,24 : 0.4119"
"24,47 : 0.461"
"47,24 : 0.461"
"24,48 : 0.6923"
"48,24 : 0.6923"
"24,49 : 0.8839"
"49,24 : 0.8839"
"25,26 : 0.6934"
"26,25 : 0.6934"
"25,27 : 0.5492"
"27,25 : 0.5492"
"25,28 : 0.3922"
"28,25 : 0.3922"
"25,29 : 0.4368"
"29,25 : 0.4368"
"25,30 : 0.3354"
"30,25 : 0.3354"
"25,31 : 0.6803"
"31,25 : 0.6803"
"25,32 : 0.5215"
"32,25 : 0.5215"
"25,33 : 0.5503"
"33,25 : 0.5503"
"25,34 : 0.7943"
"34,25 : 0.7943"
"25,35 : 0.6631"
"35,25 : 0.6631"
"25,36 : 0.6946"
"36,25 : 0.6946"
"25,37 : 0.35"
"37,25 : 0.35"
"25,38 : 0.5215"
"38,25 : 0.5215"
"25,39 : 0.5471"
"39,25 : 0.5471"
"25,40 : 0.7701"
"40,25 : 0.7701"
"25,41 : 0.6237"
"41,25 : 0.6237"
"25,42 : 0.3384"
"42,25 : 0.3384"
"25,43 : 0.8104"
"43,25 : 0.8104"
"25,44 : 0.514"
"44,25 : 0.514"
"25,45 : 0.679"
"45,25 : 0.679"
"25,46 : 0.712"
"46,25 : 0.712"
"25,47 : 0.4623"
"47,25 : 0.4623"
"25,48 : 0.0728"
"48,25 : 0.0728"
"25,49 : 0.8286"
"49,25 : 0.8286"
"26,27 : 0.2828"
"27,26 : 0.2828"
"26,28 : 0.4501"
"28,26 : 0.4501"
"26,29 : 0.4617"
"29,26 : 0.4617"
"26,30 : 0.8045"
"30,26 : 0.8045"
"26,31 : 0.6612"
"31,26 : 0.6612"
"26,32 : 0.5579"
"32,26 : 0.5579"
"26,33 : 0.4238"
"33,26 : 0.4238"
"26,34 : 0.5665"
"34,26 : 0.5665"
"26,35 : 0.3941"
"35,26 : 0.3941"
"26,36 : 0.0361"
"36,26 : 0.0361"
"26,37 : 0.5808"
"37,26 : 0.5808"
"26,38 : 0.3453"
"38,26 : 0.3453"
"26,39 : 0.5533"
"39,26 : 0.5533"
"26,40 : 0.255"
"40,26 : 0.255"
"26,41 : 0.5109"
"41,26 : 0.5109"
"26,42 : 0.6926"
"42,26 : 0.6926"
"26,43 : 0.6325"
"43,26 : 0.6325"
"26,44 : 0.1838"
"44,26 : 0.1838"
"26,45 : 0.5523"
"45,26 : 0.5523"
"26,46 : 0.3324"
"46,26 : 0.3324"
"26,47 : 0.2907"
"47,26 : 0.2907"
"26,48 : 0.6482"
"48,26 : 0.6482"
"26,49 : 0.1868"
"49,26 : 0.1868"
"27,28 : 0.4909"
"28,27 : 0.4909"
"27,29 : 0.528"
"29,27 : 0.528"
"27,30 : 0.5587"
"30,27 : 0.5587"
"27,31 : 0.3883"
"31,27 : 0.3883"
"27,32 : 0.653"
"32,27 : 0.653"
"27,33 : 0.5532"
"33,27 : 0.5532"
"27,34 : 0.3466"
"34,27 : 0.3466"
"27,35 : 0.5818"
"35,27 : 0.5818"
"27,36 : 0.2571"
"36,27 : 0.2571"
"27,37 : 0.5951"
"37,27 : 0.5951"
"27,38 : 0.0632"
"38,27 : 0.0632"
"27,39 : 0.2707"
"39,27 : 0.2707"
"27,40 : 0.5148"
"40,27 : 0.5148"
"27,41 : 0.2404"
"41,27 : 0.2404"
"27,42 : 0.6862"
"42,27 : 0.6862"
"27,43 : 0.4"
"43,27 : 0.4"
"27,44 : 0.247"
"44,27 : 0.247"
"27,45 : 0.714"
"45,27 : 0.714"
"27,46 : 0.5536"
"46,27 : 0.5536"
"27,47 : 0.3607"
"47,27 : 0.3607"
"27,48 : 0.4851"
"48,27 : 0.4851"
"27,49 : 0.3183"
"49,27 : 0.3183"
"28,29 : 0.051"
"29,28 : 0.051"
"28,30 : 0.6703"
"30,28 : 0.6703"
"28,31 : 0.814"
"31,28 : 0.814"
"28,32 : 0.1749"
"32,28 : 0.1749"
"28,33 : 0.1581"
"33,28 : 0.1581"
"28,34 : 0.8324"
"34,28 : 0.8324"
"28,35 : 0.2729"
"35,28 : 0.2729"
"28,36 : 0.4704"
"36,28 : 0.4704"
"28,37 : 0.1315"
"37,28 : 0.1315"
"28,38 : 0.5109"
"38,28 : 0.5109"
"28,39 : 0.6661"
"39,28 : 0.6661"
"28,40 : 0.4162"
"40,28 : 0.4162"
"28,41 : 0.6931"
"41,28 : 0.6931"
"28,42 : 0.2452"
"42,28 : 0.2452"
"28,43 : 0.8778"
"43,28 : 0.8778"
"28,44 : 0.2864"
"44,28 : 0.2864"
"28,45 : 0.3007"
"45,28 : 0.3007"
"28,46 : 0.333"
"46,28 : 0.333"
"28,47 : 0.1603"
"47,28 : 0.1603"
"28,48 : 0.3946"
"48,28 : 0.3946"
"28,49 : 0.6313"
"49,28 : 0.6313"
"29,30 : 0.7206"
"30,29 : 0.7206"
"29,31 : 0.8602"
"31,29 : 0.8602"
"29,32 : 0.1281"
"32,29 : 0.1281"
"29,33 : 0.1166"
"33,29 : 0.1166"
"29,34 : 0.8721"
"34,29 : 0.8721"
"29,35 : 0.236"
"35,29 : 0.236"
"29,36 : 0.4851"
"36,29 : 0.4851"
"29,37 : 0.1389"
"37,29 : 0.1389"
"29,38 : 0.5517"
"38,29 : 0.5517"
"29,39 : 0.7128"
"39,29 : 0.7128"
"29,40 : 0.3982"
"40,29 : 0.3982"
"29,41 : 0.7366"
"41,29 : 0.7366"
"29,42 : 0.2508"
"42,29 : 0.2508"
"29,43 : 0.9193"
"43,29 : 0.9193"
"29,44 : 0.3102"
"44,29 : 0.3102"
"29,45 : 0.2502"
"45,29 : 0.2502"
"29,46 : 0.3048"
"46,29 : 0.3048"
"29,47 : 0.1803"
"47,29 : 0.1803"
"29,48 : 0.4428"
"48,29 : 0.4428"
"29,49 : 0.6463"
"49,29 : 0.6463"
"30,31 : 0.4704"
"31,30 : 0.4704"
"30,32 : 0.8273"
"32,30 : 0.8273"
"30,33 : 0.8205"
"33,30 : 0.8205"
"30,34 : 0.6476"
"34,30 : 0.6476"
"30,35 : 0.9166"
"35,30 : 0.9166"
"30,36 : 0.7906"
"36,30 : 0.7906"
"30,37 : 0.6671"
"37,30 : 0.6671"
"30,38 : 0.5025"
"38,30 : 0.5025"
"30,39 : 0.3922"
"39,30 : 0.3922"
"30,40 : 0.9646"
"40,30 : 0.9646"
"30,41 : 0.4904"
"41,30 : 0.4904"
"30,42 : 0.6723"
"42,30 : 0.6723"
"30,43 : 0.6351"
"43,30 : 0.6351"
"30,44 : 0.6631"
"44,30 : 0.6631"
"30,45 : 0.9708"
"45,30 : 0.9708"
"30,46 : 0.9415"
"46,30 : 0.9415"
"30,47 : 0.6747"
"47,30 : 0.6747"
"30,48 : 0.2912"
"48,30 : 0.2912"
"30,49 : 0.8769"
"49,30 : 0.8769"
"31,32 : 0.9881"
"32,31 : 0.9881"
"31,33 : 0.913"
"33,31 : 0.913"
"31,34 : 0.2062"
"34,31 : 0.2062"
"31,35 : 0.9601"
"35,31 : 0.9601"
"31,36 : 0.6303"
"36,31 : 0.6303"
"31,37 : 0.8839"
"37,31 : 0.8839"
"31,38 : 0.3353"
"38,31 : 0.3353"
"31,39 : 0.1487"
"39,31 : 0.1487"
"31,40 : 0.9026"
"40,31 : 0.9026"
"31,41 : 0.1503"
"41,31 : 0.1503"
"31,42 : 0.9449"
"42,31 : 0.9449"
"31,43 : 0.1709"
"43,31 : 0.1709"
"31,44 : 0.6263"
"44,31 : 0.6263"
"31,45 : 1.0782"
"45,31 : 1.0782"
"31,46 : 0.9396"
"46,31 : 0.9396"
"31,47 : 0.7201"
"47,31 : 0.7201"
"31,48 : 0.6084"
"48,31 : 0.6084"
"31,49 : 0.6259"
"49,31 : 0.6259"
"32,33 : 0.14"
"33,32 : 0.14"
"32,34 : 0.9982"
"34,32 : 0.9982"
"32,35 : 0.2377"
"35,32 : 0.2377"
"32,36 : 0.5852"
"36,32 : 0.5852"
"32,37 : 0.1746"
"37,32 : 0.1746"
"32,38 : 0.6788"
"38,32 : 0.6788"
"32,39 : 0.8405"
"39,32 : 0.8405"
"32,40 : 0.4393"
"40,32 : 0.4393"
"32,41 : 0.8645"
"41,32 : 0.8645"
"32,42 : 0.25"
"42,32 : 0.25"
"32,43 : 1.0465"
"43,32 : 1.0465"
"32,44 : 0.4254"
"44,32 : 0.4254"
"32,45 : 0.1655"
"45,32 : 0.1655"
"32,46 : 0.3257"
"46,32 : 0.3257"
"32,47 : 0.2968"
"47,32 : 0.2968"
"32,48 : 0.5408"
"48,32 : 0.5408"
"32,49 : 0.7446"
"49,32 : 0.7446"
"33,34 : 0.8994"
"34,33 : 0.8994"
"33,35 : 0.1204"
"35,33 : 0.1204"
"33,36 : 0.4531"
"36,33 : 0.4531"
"33,37 : 0.2476"
"37,33 : 0.2476"
"33,38 : 0.5882"
"38,33 : 0.5882"
"33,39 : 0.7692"
"39,33 : 0.7692"
"33,40 : 0.3036"
"40,33 : 0.3036"
"33,41 : 0.7794"
"41,33 : 0.7794"
"33,42 : 0.3523"
"42,33 : 0.3523"
"33,43 : 0.9527"
"43,33 : 0.9527"
"33,44 : 0.3114"
"44,33 : 0.3114"
"33,45 : 0.1655"
"45,33 : 0.1655"
"33,46 : 0.1972"
"46,33 : 0.1972"
"33,47 : 0.1942"
"47,33 : 0.1942"
"33,48 : 0.5511"
"48,33 : 0.5511"
"33,49 : 0.6103"
"49,33 : 0.6103"
"34,35 : 0.9209"
"35,34 : 0.9209"
"34,36 : 0.5314"
"36,34 : 0.5314"
"34,37 : 0.9265"
"37,34 : 0.9265"
"34,38 : 0.322"
"38,34 : 0.322"
"34,39 : 0.2608"
"39,34 : 0.2608"
"34,40 : 0.8208"
"40,34 : 0.8208"
"34,41 : 0.1712"
"41,34 : 0.1712"
"34,42 : 1.0065"
"42,34 : 1.0065"
"34,43 : 0.07"
"43,34 : 0.07"
"34,44 : 0.5903"
"44,34 : 0.5903"
"34,45 : 1.0589"
"45,34 : 1.0589"
"34,46 : 0.8819"
"46,34 : 0.8819"
"34,47 : 0.7072"
"47,34 : 0.7072"
"34,48 : 0.7218"
"48,34 : 0.7218"
"34,49 : 0.4804"
"49,34 : 0.4804"
"35,36 : 0.428"
"36,35 : 0.428"
"35,37 : 0.3677"
"37,35 : 0.3677"
"35,38 : 0.6265"
"38,35 : 0.6265"
"35,39 : 0.8222"
"39,35 : 0.8222"
"35,40 : 0.21"
"40,35 : 0.21"
"35,41 : 0.8186"
"41,35 : 0.8186"
"35,42 : 0.4701"
"42,35 : 0.4701"
"35,43 : 0.9794"
"43,35 : 0.9794"
"35,44 : 0.3354"
"44,35 : 0.3354"
"35,45 : 0.1616"
"45,35 : 0.1616"
"35,46 : 0.0906"
"46,35 : 0.0906"
"35,47 : 0.2518"
"47,35 : 0.2518"
"35,48 : 0.658"
"48,35 : 0.658"
"35,49 : 0.5731"
"49,35 : 0.5731"
"36,37 : 0.6"
"37,36 : 0.6"
"36,38 : 0.3202"
"38,36 : 0.3202"
"36,39 : 0.5261"
"39,36 : 0.5261"
"36,40 : 0.2907"
"40,36 : 0.2907"
"36,41 : 0.4801"
"41,36 : 0.4801"
"36,42 : 0.7106"
"42,36 : 0.7106"
"36,43 : 0.5977"
"43,36 : 0.5977"
"36,44 : 0.1942"
"44,36 : 0.1942"
"36,45 : 0.5852"
"45,36 : 0.5852"
"36,46 : 0.368"
"46,36 : 0.368"
"36,47 : 0.3102"
"47,36 : 0.3102"
"36,48 : 0.6464"
"48,36 : 0.6464"
"36,49 : 0.1612"
"49,36 : 0.1612"
"37,38 : 0.6054"
"38,37 : 0.6054"
"37,39 : 0.7354"
"39,37 : 0.7354"
"37,40 : 0.5371"
"40,37 : 0.5371"
"37,41 : 0.7762"
"41,37 : 0.7762"
"37,42 : 0.114"
"42,37 : 0.114"
"37,43 : 0.9661"
"43,37 : 0.9661"
"37,44 : 0.4119"
"44,37 : 0.4119"
"37,45 : 0.3384"
"45,37 : 0.3384"
"37,46 : 0.442"
"46,37 : 0.442"
"37,47 : 0.2902"
"47,37 : 0.2902"
"37,48 : 0.3766"
"48,37 : 0.3766"
"37,49 : 0.7603"
"49,37 : 0.7603"
"38,39 : 0.21"
"39,38 : 0.21"
"38,40 : 0.5722"
"40,38 : 0.5722"
"38,41 : 0.1924"
"41,38 : 0.1924"
"38,42 : 0.6894"
"42,38 : 0.6894"
"38,43 : 0.3677"
"43,38 : 0.3677"
"38,44 : 0.2915"
"44,38 : 0.2915"
"38,45 : 0.7517"
"45,38 : 0.7517"
"38,46 : 0.6044"
"46,38 : 0.6044"
"38,47 : 0.3941"
"47,38 : 0.3941"
"38,48 : 0.454"
"48,38 : 0.454"
"38,49 : 0.3764"
"49,38 : 0.3764"
"39,40 : 0.7816"
"40,39 : 0.7816"
"39,41 : 0.0985"
"41,39 : 0.0985"
"39,42 : 0.7981"
"42,39 : 0.7981"
"39,43 : 0.2648"
"43,39 : 0.2648"
"39,44 : 0.4924"
"44,39 : 0.4924"
"39,45 : 0.9347"
"45,39 : 0.9347"
"39,46 : 0.8081"
"46,39 : 0.8081"
"39,47 : 0.5778"
"47,39 : 0.5778"
"39,48 : 0.4743"
"48,39 : 0.4743"
"39,49 : 0.5546"
"49,39 : 0.5546"
"40,41 : 0.7531"
"41,40 : 0.7531"
"40,42 : 0.6485"
"42,40 : 0.6485"
"40,43 : 0.886"
"43,40 : 0.886"
"40,44 : 0.3059"
"44,40 : 0.3059"
"40,45 : 0.365"
"45,40 : 0.365"
"40,46 : 0.1204"
"46,40 : 0.1204"
"40,47 : 0.3081"
"47,40 : 0.3081"
"40,48 : 0.7463"
"48,40 : 0.7463"
"40,49 : 0.4031"
"49,40 : 0.4031"
"41,42 : 0.8491"
"42,41 : 0.8491"
"41,43 : 0.1924"
"43,41 : 0.1924"
"41,44 : 0.4833"
"44,41 : 0.4833"
"41,45 : 0.9434"
"45,41 : 0.9434"
"41,46 : 0.7938"
"46,41 : 0.7938"
"41,47 : 0.5852"
"47,41 : 0.5852"
"41,48 : 0.5511"
"48,41 : 0.5511"
"41,49 : 0.4838"
"49,41 : 0.4838"
"42,43 : 1.041"
"43,42 : 1.041"
"42,44 : 0.5201"
"44,42 : 0.5201"
"42,45 : 0.4134"
"45,42 : 0.4134"
"42,46 : 0.5492"
"46,42 : 0.5492"
"42,47 : 0.402"
"47,42 : 0.402"
"42,48 : 0.3847"
