x,y
0.86,0.64
0.49,0.33
0.68,0.29
0.35,0.36
0.63,0.83
0.25,0.53
0.37,0.9
0.26,0.32
0.53,0.52
0.99,0.34
1.0,0.49
0.62,0.41
0.34,0.23
0.78,0.05
0.22,0.99
0.67,0.12
0.16,0.05
0.47,0.7
0.13,0.47
0.96,0.39
0.96,0.22
0.77,0.15
0.93,0.44
0.2,0.42
0.61,0.12
0.09,0.99
0.96,0.81
0.58,0.89
0.68,0.93
0.5,0.58
0.84,0.57
0.44,0.98
0.11,0.18
0.28,0.79
0.98,0.05
0.37,0.3
0.53,0.59
0.69,0.71
0.67,0.03
0.69,0.19
0.23,0.81
0.88,0.25
0.92,0.7
0.69,0.83
0.55,0.55
0.55,0.86
0.65,0.78
0.79,0.31
0.87,0.12
0.25,0.13

Distanze
"0,1 : 0.4827"
"1,0 : 0.4827"
"0,2 : 0.3936"
"2,0 : 0.3936"
"0,3 : 0.5818"
"3,0 : 0.5818"
"0,4 : 0.2983"
"4,0 : 0.2983"
"0,5 : 0.6198"
"5,0 : 0.6198"
"0,6 : 0.5547"
"6,0 : 0.5547"
"0,7 : 0.68"
"7,0 : 0.68"
"0,8 : 0.3511"
"8,0 : 0.3511"
"0,9 : 0.327"
"9,0 : 0.327"
"0,10 : 0.2052"
"10,0 : 0.2052"
"0,11 : 0.3324"
"11,0 : 0.3324"
"0,12 : 0.6622"
"12,0 : 0.6622"
"0,13 : 0.5954"
"13,0 : 0.5954"
"0,14 : 0.7295"
"14,0 : 0.7295"
"0,15 : 0.5536"
"15,0 : 0.5536"
"0,16 : 0.9155"
"16,0 : 0.9155"
"0,17 : 0.3946"
"17,0 : 0.3946"
"0,18 : 0.7495"
"18,0 : 0.7495"
"0,19 : 0.2693"
"19,0 : 0.2693"
"0,20 : 0.4317"
"20,0 : 0.4317"
"0,21 : 0.4982"
"21,0 : 0.4982"
"0,22 : 0.2119"
"22,0 : 0.2119"
"0,23 : 0.6957"
"23,0 : 0.6957"
"0,24 : 0.577"
"24,0 : 0.577"
"0,25 : 0.8458"
"25,0 : 0.8458"
"0,26 : 0.1972"
"26,0 : 0.1972"
"0,27 : 0.3754"
"27,0 : 0.3754"
"0,28 : 0.3413"
"28,0 : 0.3413"
"0,29 : 0.365"
"29,0 : 0.365"
"0,30 : 0.0728"
"30,0 : 0.0728"
"0,31 : 0.5404"
"31,0 : 0.5404"
"0,32 : 0.8798"
"32,0 : 0.8798"
"0,33 : 0.5991"
"33,0 : 0.5991"
"0,34 : 0.6021"
"34,0 : 0.6021"
"0,35 : 0.5964"
"35,0 : 0.5964"
"0,36 : 0.3338"
"36,0 : 0.3338"
"0,37 : 0.1838"
"37,0 : 0.1838"
"0,38 : 0.6389"
"38,0 : 0.6389"
"0,39 : 0.481"
"39,0 : 0.481"
"0,40 : 0.6525"
"40,0 : 0.6525"
"0,41 : 0.3905"
"41,0 : 0.3905"
"0,42 : 0.0849"
"42,0 : 0.0849"
"0,43 : 0.255"
"43,0 : 0.255"
"0,44 : 0.3228"
"44,0 : 0.3228"
"0,45 : 0.3801"
"45,0 : 0.3801"
"0,46 : 0.2524"
"46,0 : 0.2524"
"0,47 : 0.3373"
"47,0 : 0.3373"
"0,48 : 0.5201"
"48,0 : 0.5201"
"0,49 : 0.7951"
"49,0 : 0.7951"
"1,2 : 0.1942"
"2,1 : 0.1942"
"1,3 : 0.1432"
"3,1 : 0.1432"
"1,4 : 0.5192"
"4,1 : 0.5192"
"1,5 : 0.3124"
"5,1 : 0.3124"
"1,6 : 0.5825"
"6,1 : 0.5825"
"1,7 : 0.2302"
"7,1 : 0.2302"
"1,8 : 0.1942"
"8,1 : 0.1942"
"1,9 : 0.5001"
"9,1 : 0.5001"
"1,10 : 0.5345"
"10,1 : 0.5345"
"1,11 : 0.1526"
"11,1 : 0.1526"
"1,12 : 0.1803"
"12,1 : 0.1803"
"1,13 : 0.4031"
"13,1 : 0.4031"
"1,14 : 0.7131"
"14,1 : 0.7131"
"1,15 : 0.2766"
"15,1 : 0.2766"
"1,16 : 0.4328"
"16,1 : 0.4328"
"1,17 : 0.3705"
"17,1 : 0.3705"
"1,18 : 0.3863"
"18,1 : 0.3863"
"1,19 : 0.4738"
"19,1 : 0.4738"
"1,20 : 0.4827"
"20,1 : 0.4827"
"1,21 : 0.3329"
"21,1 : 0.3329"
"1,22 : 0.4535"
"22,1 : 0.4535"
"1,23 : 0.3036"
"23,1 : 0.3036"
"1,24 : 0.2419"
"24,1 : 0.2419"
"1,25 : 0.7718"
"25,1 : 0.7718"
"1,26 : 0.6718"
"26,1 : 0.6718"
"1,27 : 0.5672"
"27,1 : 0.5672"
"1,28 : 0.6294"
"28,1 : 0.6294"
"1,29 : 0.2502"
"29,1 : 0.2502"
"1,30 : 0.4244"
"30,1 : 0.4244"
"1,31 : 0.6519"
"31,1 : 0.6519"
"1,32 : 0.4085"
"32,1 : 0.4085"
"1,33 : 0.5057"
"33,1 : 0.5057"
"1,34 : 0.5644"
"34,1 : 0.5644"
"1,35 : 0.1237"
"35,1 : 0.1237"
"1,36 : 0.2631"
"36,1 : 0.2631"
"1,37 : 0.4294"
"37,1 : 0.4294"
"1,38 : 0.3499"
"38,1 : 0.3499"
"1,39 : 0.2441"
"39,1 : 0.2441"
"1,40 : 0.5459"
"40,1 : 0.5459"
"1,41 : 0.3981"
"41,1 : 0.3981"
"1,42 : 0.5673"
"42,1 : 0.5673"
"1,43 : 0.5385"
"43,1 : 0.5385"
"1,44 : 0.228"
"44,1 : 0.228"
"1,45 : 0.5334"
"45,1 : 0.5334"
"1,46 : 0.4776"
"46,1 : 0.4776"
"1,47 : 0.3007"
"47,1 : 0.3007"
"1,48 : 0.4342"
"48,1 : 0.4342"
"1,49 : 0.3124"
"49,1 : 0.3124"
"2,3 : 0.3373"
"3,2 : 0.3373"
"2,4 : 0.5423"
"4,2 : 0.5423"
"2,5 : 0.4924"
"5,2 : 0.4924"
"2,6 : 0.6843"
"6,2 : 0.6843"
"2,7 : 0.4211"
"7,2 : 0.4211"
"2,8 : 0.2746"
"8,2 : 0.2746"
"2,9 : 0.314"
"9,2 : 0.314"
"2,10 : 0.3774"
"10,2 : 0.3774"
"2,11 : 0.1342"
"11,2 : 0.1342"
"2,12 : 0.3453"
"12,2 : 0.3453"
"2,13 : 0.26"
"13,2 : 0.26"
"2,14 : 0.8376"
"14,2 : 0.8376"
"2,15 : 0.1703"
"15,2 : 0.1703"
"2,16 : 0.5727"
"16,2 : 0.5727"
"2,17 : 0.4607"
"17,2 : 0.4607"
"2,18 : 0.5787"
"18,2 : 0.5787"
"2,19 : 0.2973"
"19,2 : 0.2973"
"2,20 : 0.2886"
"20,2 : 0.2886"
"2,21 : 0.1664"
"21,2 : 0.1664"
"2,22 : 0.2915"
"22,2 : 0.2915"
"2,23 : 0.4973"
"23,2 : 0.4973"
"2,24 : 0.1838"
"24,2 : 0.1838"
"2,25 : 0.9155"
"25,2 : 0.9155"
"2,26 : 0.5906"
"26,2 : 0.5906"
"2,27 : 0.6083"
"27,2 : 0.6083"
"2,28 : 0.64"
"28,2 : 0.64"
"2,29 : 0.3413"
"29,2 : 0.3413"
"2,30 : 0.3225"
"30,2 : 0.3225"
"2,31 : 0.7305"
"31,2 : 0.7305"
"2,32 : 0.5805"
"32,2 : 0.5805"
"2,33 : 0.6403"
"33,2 : 0.6403"
"2,34 : 0.3842"
"34,2 : 0.3842"
"2,35 : 0.3102"
"35,2 : 0.3102"
"2,36 : 0.3354"
"36,2 : 0.3354"
"2,37 : 0.4201"
"37,2 : 0.4201"
"2,38 : 0.2602"
"38,2 : 0.2602"
"2,39 : 0.1005"
"39,2 : 0.1005"
"2,40 : 0.6877"
"40,2 : 0.6877"
"2,41 : 0.204"
"41,2 : 0.204"
"2,42 : 0.4751"
"42,2 : 0.4751"
"2,43 : 0.5401"
"43,2 : 0.5401"
"2,44 : 0.2907"
"44,2 : 0.2907"
"2,45 : 0.5846"
"45,2 : 0.5846"
"2,46 : 0.4909"
"46,2 : 0.4909"
"2,47 : 0.1118"
"47,2 : 0.1118"
"2,48 : 0.255"
"48,2 : 0.255"
"2,49 : 0.4588"
"49,2 : 0.4588"
"3,4 : 0.5471"
"4,3 : 0.5471"
"3,5 : 0.1972"
"5,3 : 0.1972"
"3,6 : 0.5404"
"6,3 : 0.5404"
"3,7 : 0.0985"
"7,3 : 0.0985"
"3,8 : 0.2408"
"8,3 : 0.2408"
"3,9 : 0.6403"
"9,3 : 0.6403"
"3,10 : 0.6629"
"10,3 : 0.6629"
"3,11 : 0.2746"
"11,3 : 0.2746"
"3,12 : 0.1304"
"12,3 : 0.1304"
"3,13 : 0.5301"
"13,3 : 0.5301"
"3,14 : 0.6433"
"14,3 : 0.6433"
"3,15 : 0.4"
"15,3 : 0.4"
"3,16 : 0.3636"
"16,3 : 0.3636"
"3,17 : 0.3606"
"17,3 : 0.3606"
"3,18 : 0.246"
"18,3 : 0.246"
"3,19 : 0.6107"
"19,3 : 0.6107"
"3,20 : 0.6259"
"20,3 : 0.6259"
"3,21 : 0.4696"
"21,3 : 0.4696"
"3,22 : 0.5855"
"22,3 : 0.5855"
"3,23 : 0.1616"
"23,3 : 0.1616"
"3,24 : 0.3538"
"24,3 : 0.3538"
"3,25 : 0.6815"
"25,3 : 0.6815"
"3,26 : 0.758"
"26,3 : 0.758"
"3,27 : 0.5778"
"27,3 : 0.5778"
"3,28 : 0.6586"
"28,3 : 0.6586"
"3,29 : 0.2663"
"29,3 : 0.2663"
"3,30 : 0.5331"
"30,3 : 0.5331"
"3,31 : 0.6265"
"31,3 : 0.6265"
"3,32 : 0.3"
"32,3 : 0.3"
"3,33 : 0.4357"
"33,3 : 0.4357"
"3,34 : 0.7021"
"34,3 : 0.7021"
"3,35 : 0.0632"
"35,3 : 0.0632"
"3,36 : 0.2921"
"36,3 : 0.2921"
"3,37 : 0.488"
"37,3 : 0.488"
"3,38 : 0.4597"
"38,3 : 0.4597"
"3,39 : 0.3801"
"39,3 : 0.3801"
"3,40 : 0.4657"
"40,3 : 0.4657"
"3,41 : 0.5413"
"41,3 : 0.5413"
"3,42 : 0.6637"
"42,3 : 0.6637"
"3,43 : 0.5801"
"43,3 : 0.5801"
"3,44 : 0.2759"
"44,3 : 0.2759"
"3,45 : 0.5385"
"45,3 : 0.5385"
"3,46 : 0.5161"
"46,3 : 0.5161"
"3,47 : 0.4428"
"47,3 : 0.4428"
"3,48 : 0.5727"
"48,3 : 0.5727"
"3,49 : 0.2508"
"49,3 : 0.2508"
"4,5 : 0.4841"
"5,4 : 0.4841"
"4,6 : 0.2693"
"6,4 : 0.2693"
"4,7 : 0.6301"
"7,4 : 0.6301"
"4,8 : 0.3257"
"8,4 : 0.3257"
"4,9 : 0.608"
"9,4 : 0.608"
"4,10 : 0.5025"
"10,4 : 0.5025"
"4,11 : 0.4201"
"11,4 : 0.4201"
"4,12 : 0.6664"
"12,4 : 0.6664"
"4,13 : 0.7943"
"13,4 : 0.7943"
"4,14 : 0.4401"
"14,4 : 0.4401"
"4,15 : 0.7111"
"15,4 : 0.7111"
"4,16 : 0.9107"
"16,4 : 0.9107"
"4,17 : 0.2062"
"17,4 : 0.2062"
"4,18 : 0.6161"
"18,4 : 0.6161"
"4,19 : 0.55"
"19,4 : 0.55"
"4,20 : 0.6935"
"20,4 : 0.6935"
"4,21 : 0.6943"
"21,4 : 0.6943"
"4,22 : 0.492"
"22,4 : 0.492"
"4,23 : 0.5941"
"23,4 : 0.5941"
"4,24 : 0.7103"
"24,4 : 0.7103"
"4,25 : 0.5632"
"25,4 : 0.5632"
"4,26 : 0.3306"
"26,4 : 0.3306"
"4,27 : 0.0781"
"27,4 : 0.0781"
"4,28 : 0.1118"
"28,4 : 0.1118"
"4,29 : 0.2818"
"29,4 : 0.2818"
"4,30 : 0.3342"
"30,4 : 0.3342"
"4,31 : 0.2421"
"31,4 : 0.2421"
"4,32 : 0.8324"
"32,4 : 0.8324"
"4,33 : 0.3523"
"33,4 : 0.3523"
"4,34 : 0.8549"
"34,4 : 0.8549"
"4,35 : 0.5903"
"35,4 : 0.5903"
"4,36 : 0.26"
"36,4 : 0.26"
"4,37 : 0.1342"
"37,4 : 0.1342"
"4,38 : 0.801"
"38,4 : 0.801"
"4,39 : 0.6428"
"39,4 : 0.6428"
"4,40 : 0.4005"
"40,4 : 0.4005"
"4,41 : 0.6316"
"41,4 : 0.6316"
"4,42 : 0.3178"
"42,4 : 0.3178"
"4,43 : 0.06"
"43,4 : 0.06"
"4,44 : 0.2912"
"44,4 : 0.2912"
"4,45 : 0.0854"
"45,4 : 0.0854"
"4,46 : 0.0539"
"46,4 : 0.0539"
"4,47 : 0.5441"
"47,4 : 0.5441"
"4,48 : 0.7495"
"48,4 : 0.7495"
"4,49 : 0.7965"
"49,4 : 0.7965"
"5,6 : 0.389"
"6,5 : 0.389"
"5,7 : 0.2102"
"7,5 : 0.2102"
"5,8 : 0.2802"
"8,5 : 0.2802"
"5,9 : 0.764"
"9,5 : 0.764"
"5,10 : 0.7511"
"10,5 : 0.7511"
"5,11 : 0.389"
"11,5 : 0.389"
"5,12 : 0.3132"
"12,5 : 0.3132"
"5,13 : 0.7151"
"13,5 : 0.7151"
"5,14 : 0.461"
"14,5 : 0.461"
"5,15 : 0.5869"
"15,5 : 0.5869"
"5,16 : 0.4884"
"16,5 : 0.4884"
"5,17 : 0.278"
"17,5 : 0.278"
"5,18 : 0.1342"
"18,5 : 0.1342"
"5,19 : 0.7237"
"19,5 : 0.7237"
"5,20 : 0.7747"
"20,5 : 0.7747"
"5,21 : 0.644"
"21,5 : 0.644"
"5,22 : 0.6859"
"22,5 : 0.6859"
"5,23 : 0.1208"
"23,5 : 0.1208"
"5,24 : 0.5456"
"24,5 : 0.5456"
"5,25 : 0.487"
"25,5 : 0.487"
"5,26 : 0.7632"
"26,5 : 0.7632"
"5,27 : 0.4884"
"27,5 : 0.4884"
"5,28 : 0.5873"
"28,5 : 0.5873"
"5,29 : 0.255"
"29,5 : 0.255"
"5,30 : 0.5914"
"30,5 : 0.5914"
"5,31 : 0.4885"
"31,5 : 0.4885"
"5,32 : 0.377"
"32,5 : 0.377"
"5,33 : 0.2617"
"33,5 : 0.2617"
"5,34 : 0.8737"
"34,5 : 0.8737"
"5,35 : 0.2594"
"35,5 : 0.2594"
"5,36 : 0.2864"
"36,5 : 0.2864"
"5,37 : 0.4754"
"37,5 : 0.4754"
"5,38 : 0.653"
"38,5 : 0.653"
"5,39 : 0.5561"
"39,5 : 0.5561"
"5,40 : 0.2807"
"40,5 : 0.2807"
"5,41 : 0.6894"
"41,5 : 0.6894"
"5,42 : 0.6912"
"42,5 : 0.6912"
"5,43 : 0.5325"
"43,5 : 0.5325"
"5,44 : 0.3007"
"44,5 : 0.3007"
"5,45 : 0.446"
"45,5 : 0.446"
"5,46 : 0.4717"
"46,5 : 0.4717"
"5,47 : 0.5831"
"47,5 : 0.5831"
"5,48 : 0.7433"
"48,5 : 0.7433"
"5,49 : 0.4"
"49,5 : 0.4"
"6,7 : 0.5903"
"7,6 : 0.5903"
"6,8 : 0.4123"
"8,6 : 0.4123"
"6,9 : 0.8355"
"9,6 : 0.8355"
"6,10 : 0.7517"
"10,6 : 0.7517"
"6,11 : 0.5501"
"11,6 : 0.5501"
"6,12 : 0.6707"
"12,6 : 0.6707"
"6,13 : 0.9437"
"13,6 : 0.9437"
"6,14 : 0.1749"
"14,6 : 0.1749"
"6,15 : 0.8357"
"15,6 : 0.8357"
"6,16 : 0.8756"
"16,6 : 0.8756"
"6,17 : 0.2236"
"17,6 : 0.2236"
"6,18 : 0.4924"
"18,6 : 0.4924"
"6,19 : 0.7799"
"19,6 : 0.7799"
"6,20 : 0.9003"
"20,6 : 0.9003"
"6,21 : 0.85"
"21,6 : 0.85"
"6,22 : 0.7247"
"22,6 : 0.7247"
"6,23 : 0.5092"
"23,6 : 0.5092"
"6,24 : 0.8161"
"24,6 : 0.8161"
"6,25 : 0.2941"
"25,6 : 0.2941"
"6,26 : 0.5968"
"26,6 : 0.5968"
"6,27 : 0.2102"
"27,6 : 0.2102"
"6,28 : 0.3114"
"28,6 : 0.3114"
"6,29 : 0.3454"
"29,6 : 0.3454"
"6,30 : 0.5743"
"30,6 : 0.5743"
"6,31 : 0.1063"
"31,6 : 0.1063"
"6,32 : 0.7655"
"32,6 : 0.7655"
"6,33 : 0.1421"
"33,6 : 0.1421"
"6,34 : 1.0462"
"34,6 : 1.0462"
"6,35 : 0.6"
"35,6 : 0.6"
"6,36 : 0.3489"
"36,6 : 0.3489"
"6,37 : 0.3722"
"37,6 : 0.3722"
"6,38 : 0.9203"
"38,6 : 0.9203"
"6,39 : 0.7788"
"39,6 : 0.7788"
"6,40 : 0.1664"
"40,6 : 0.1664"
"6,41 : 0.8262"
"41,6 : 0.8262"
"6,42 : 0.5852"
"42,6 : 0.5852"
"6,43 : 0.3276"
"43,6 : 0.3276"
"6,44 : 0.3936"
"44,6 : 0.3936"
"6,45 : 0.1844"
"45,6 : 0.1844"
"6,46 : 0.3046"
"46,6 : 0.3046"
"6,47 : 0.7242"
"47,6 : 0.7242"
"6,48 : 0.9265"
"48,6 : 0.9265"
"6,49 : 0.7793"
"49,6 : 0.7793"
"7,8 : 0.336"
"8,7 : 0.336"
"7,9 : 0.7303"
"9,7 : 0.7303"
"7,10 : 0.7593"
"10,7 : 0.7593"
"7,11 : 0.3711"
"11,7 : 0.3711"
"7,12 : 0.1204"
"12,7 : 0.1204"
"7,13 : 0.5859"
"13,7 : 0.5859"
"7,14 : 0.6712"
"14,7 : 0.6712"
"7,15 : 0.4562"
"15,7 : 0.4562"
"7,16 : 0.2879"
"16,7 : 0.2879"
"7,17 : 0.4342"
"17,7 : 0.4342"
"7,18 : 0.1985"
"18,7 : 0.1985"
"7,19 : 0.7035"
"19,7 : 0.7035"
"7,20 : 0.7071"
"20,7 : 0.7071"
"7,21 : 0.5376"
"21,7 : 0.5376"
"7,22 : 0.6807"
"22,7 : 0.6807"
"7,23 : 0.1166"
"23,7 : 0.1166"
"7,24 : 0.4031"
"24,7 : 0.4031"
"7,25 : 0.6912"
"25,7 : 0.6912"
"7,26 : 0.8545"
"26,7 : 0.8545"
"7,27 : 0.6537"
"27,7 : 0.6537"
"7,28 : 0.7406"
"28,7 : 0.7406"
"7,29 : 0.3538"
"29,7 : 0.3538"
"7,30 : 0.6316"
"30,7 : 0.6316"
"7,31 : 0.6841"
"31,7 : 0.6841"
"7,32 : 0.2052"
"32,7 : 0.2052"
"7,33 : 0.4704"
"33,7 : 0.4704"
"7,34 : 0.769"
"34,7 : 0.769"
"7,35 : 0.1118"
"35,7 : 0.1118"
"7,36 : 0.3818"
"36,7 : 0.3818"
"7,37 : 0.5805"
"37,7 : 0.5805"
"7,38 : 0.5022"
"38,7 : 0.5022"
"7,39 : 0.4492"
"39,7 : 0.4492"
"7,40 : 0.4909"
"40,7 : 0.4909"
"7,41 : 0.6239"
"41,7 : 0.6239"
"7,42 : 0.7616"
"42,7 : 0.7616"
"7,43 : 0.6671"
"43,7 : 0.6671"
"7,44 : 0.3701"
"44,7 : 0.3701"
"7,45 : 0.6129"
"45,7 : 0.6129"
"7,46 : 0.6031"
"46,7 : 0.6031"
"7,47 : 0.5301"
"47,7 : 0.5301"
"7,48 : 0.642"
"48,7 : 0.642"
"7,49 : 0.1903"
"49,7 : 0.1903"
"8,9 : 0.494"
"9,8 : 0.494"
"8,10 : 0.471"
"10,8 : 0.471"
"8,11 : 0.1421"
"11,8 : 0.1421"
"8,12 : 0.3467"
"12,8 : 0.3467"
"8,13 : 0.5324"
"13,8 : 0.5324"
"8,14 : 0.563"
"14,8 : 0.563"
"8,15 : 0.4238"
"15,8 : 0.4238"
"8,16 : 0.5982"
"16,8 : 0.5982"
"8,17 : 0.1897"
"17,8 : 0.1897"
"8,18 : 0.4031"
"18,8 : 0.4031"
"8,19 : 0.4492"
"19,8 : 0.4492"
"8,20 : 0.5243"
"20,8 : 0.5243"
"8,21 : 0.441"
"21,8 : 0.441"
"8,22 : 0.4079"
"22,8 : 0.4079"
"8,23 : 0.3448"
"23,8 : 0.3448"
"8,24 : 0.4079"
"24,8 : 0.4079"
"8,25 : 0.6438"
"25,8 : 0.6438"
"8,26 : 0.5187"
"26,8 : 0.5187"
"8,27 : 0.3734"
"27,8 : 0.3734"
"8,28 : 0.4366"
"28,8 : 0.4366"
"8,29 : 0.0671"
"29,8 : 0.0671"
"8,30 : 0.314"
"30,8 : 0.314"
"8,31 : 0.4687"
"31,8 : 0.4687"
"8,32 : 0.5404"
"32,8 : 0.5404"
"8,33 : 0.368"
"33,8 : 0.368"
"8,34 : 0.6507"
"34,8 : 0.6507"
"8,35 : 0.272"
"35,8 : 0.272"
"8,36 : 0.07"
"36,8 : 0.07"
"8,37 : 0.2484"
"37,8 : 0.2484"
"8,38 : 0.5096"
"38,8 : 0.5096"
"8,39 : 0.3667"
"39,8 : 0.3667"
"8,40 : 0.4173"
"40,8 : 0.4173"
"8,41 : 0.442"
"41,8 : 0.442"
"8,42 : 0.4295"
"42,8 : 0.4295"
"8,43 : 0.3489"
"43,8 : 0.3489"
"8,44 : 0.0361"
"44,8 : 0.0361"
"8,45 : 0.3406"
"45,8 : 0.3406"
"8,46 : 0.2864"
"46,8 : 0.2864"
"8,47 : 0.3342"
"47,8 : 0.3342"
"8,48 : 0.525"
"48,8 : 0.525"
"8,49 : 0.4801"
"49,8 : 0.4801"
"9,10 : 0.1503"
"10,9 : 0.1503"
"9,11 : 0.3766"
"11,9 : 0.3766"
"9,12 : 0.6592"
"12,9 : 0.6592"
"9,13 : 0.3581"
"13,9 : 0.3581"
"9,14 : 1.0077"
"14,9 : 1.0077"
"9,15 : 0.3883"
"15,9 : 0.3883"
"9,16 : 0.8792"
"16,9 : 0.8792"
"9,17 : 0.6325"
"17,9 : 0.6325"
"9,18 : 0.8698"
"18,9 : 0.8698"
"9,19 : 0.0583"
"19,9 : 0.0583"
"9,20 : 0.1237"
"20,9 : 0.1237"
"9,21 : 0.2907"
"21,9 : 0.2907"
"9,22 : 0.1166"
"22,9 : 0.1166"
"9,23 : 0.794"
"23,9 : 0.794"
"9,24 : 0.4391"
"24,9 : 0.4391"
"9,25 : 1.1102"
"25,9 : 1.1102"
"9,26 : 0.471"
"26,9 : 0.471"
"9,27 : 0.686"
"27,9 : 0.686"
"9,28 : 0.6665"
"28,9 : 0.6665"
"9,29 : 0.5456"
"29,9 : 0.5456"
"9,30 : 0.2746"
"30,9 : 0.2746"
"9,31 : 0.8439"
"31,9 : 0.8439"
"9,32 : 0.8944"
"32,9 : 0.8944"
"9,33 : 0.8406"
"33,9 : 0.8406"
"9,34 : 0.2902"
"34,9 : 0.2902"
"9,35 : 0.6213"
"35,9 : 0.6213"
"9,36 : 0.5235"
"36,9 : 0.5235"
"9,37 : 0.4763"
"37,9 : 0.4763"
"9,38 : 0.4455"
"38,9 : 0.4455"
"9,39 : 0.3354"
"39,9 : 0.3354"
"9,40 : 0.8936"
"40,9 : 0.8936"
"9,41 : 0.1421"
"41,9 : 0.1421"
"9,42 : 0.3667"
"42,9 : 0.3667"
"9,43 : 0.5745"
"43,9 : 0.5745"
"9,44 : 0.4875"
"44,9 : 0.4875"
"9,45 : 0.6812"
"45,9 : 0.6812"
"9,46 : 0.5561"
"46,9 : 0.5561"
"9,47 : 0.2022"
"47,9 : 0.2022"
"9,48 : 0.2506"
"48,9 : 0.2506"
"9,49 : 0.7692"
"49,9 : 0.7692"
"10,11 : 0.3883"
"11,10 : 0.3883"
"10,12 : 0.7094"
"12,10 : 0.7094"
"10,13 : 0.4919"
"13,10 : 0.4919"
"10,14 : 0.9265"
"14,10 : 0.9265"
"10,15 : 0.4958"
"15,10 : 0.4958"
"10,16 : 0.9483"
"16,10 : 0.9483"
"10,17 : 0.5701"
"17,10 : 0.5701"
"10,18 : 0.8702"
"18,10 : 0.8702"
"10,19 : 0.1077"
"19,10 : 0.1077"
"10,20 : 0.2729"
"20,10 : 0.2729"
"10,21 : 0.4105"
"21,10 : 0.4105"
"10,22 : 0.086"
"22,10 : 0.086"
"10,23 : 0.8031"
"23,10 : 0.8031"
"10,24 : 0.5376"
"24,10 : 0.5376"
"10,25 : 1.0383"
"25,10 : 1.0383"
"10,26 : 0.3225"
"26,10 : 0.3225"
"10,27 : 0.58"
"27,10 : 0.58"
"10,28 : 0.5441"
"28,10 : 0.5441"
"10,29 : 0.508"
"29,10 : 0.508"
"10,30 : 0.1789"
"30,10 : 0.1789"
"10,31 : 0.7441"
"31,10 : 0.7441"
"10,32 : 0.9424"
"32,10 : 0.9424"
"10,33 : 0.78"
"33,10 : 0.78"
"10,34 : 0.4405"
"34,10 : 0.4405"
"10,35 : 0.658"
"35,10 : 0.658"
"10,36 : 0.4805"
"36,10 : 0.4805"
"10,37 : 0.3801"
"37,10 : 0.3801"
"10,38 : 0.5661"
"38,10 : 0.5661"
"10,39 : 0.4314"
"39,10 : 0.4314"
"10,40 : 0.8338"
"40,10 : 0.8338"
"10,41 : 0.2683"
"41,10 : 0.2683"
"10,42 : 0.2247"
"42,10 : 0.2247"
"10,43 : 0.4601"
"43,10 : 0.4601"
"10,44 : 0.454"
"44,10 : 0.454"
"10,45 : 0.5826"
"45,10 : 0.5826"
"10,46 : 0.4545"
"46,10 : 0.4545"
"10,47 : 0.2766"
"47,10 : 0.2766"
"10,48 : 0.3922"
"48,10 : 0.3922"
"10,49 : 0.8319"
"49,10 : 0.8319"
"11,12 : 0.3329"
"12,11 : 0.3329"
"11,13 : 0.394"
"13,11 : 0.394"
"11,14 : 0.7046"
"14,11 : 0.7046"
"11,15 : 0.2943"
"15,11 : 0.2943"
"11,16 : 0.5841"
"16,11 : 0.5841"
"11,17 : 0.3265"
"17,11 : 0.3265"
"11,18 : 0.4937"
"18,11 : 0.4937"
"11,19 : 0.3406"
"19,11 : 0.3406"
"11,20 : 0.3895"
"20,11 : 0.3895"
"11,21 : 0.3002"
"21,11 : 0.3002"
"11,22 : 0.3114"
"22,11 : 0.3114"
"11,23 : 0.4201"
"23,11 : 0.4201"
"11,24 : 0.2902"
"24,11 : 0.2902"
"11,25 : 0.7857"
"25,11 : 0.7857"
"11,26 : 0.525"
"26,11 : 0.525"
"11,27 : 0.4817"
"27,11 : 0.4817"
"11,28 : 0.5235"
"28,11 : 0.5235"
"11,29 : 0.2081"
"29,11 : 0.2081"
"11,30 : 0.272"
"30,11 : 0.272"
"11,31 : 0.5977"
"31,11 : 0.5977"
"11,32 : 0.5595"
"32,11 : 0.5595"
"11,33 : 0.5099"
"33,11 : 0.5099"
"11,34 : 0.5091"
"34,11 : 0.5091"
"11,35 : 0.2731"
"35,11 : 0.2731"
"11,36 : 0.2012"
"36,11 : 0.2012"
"11,37 : 0.3081"
"37,11 : 0.3081"
"11,38 : 0.3833"
"38,11 : 0.3833"
"11,39 : 0.2309"
"39,11 : 0.2309"
"11,40 : 0.5587"
"40,11 : 0.5587"
"11,41 : 0.3053"
"41,11 : 0.3053"
"11,42 : 0.4173"
"42,11 : 0.4173"
"11,43 : 0.4258"
"43,11 : 0.4258"
"11,44 : 0.1565"
"44,11 : 0.1565"
"11,45 : 0.4554"
"45,11 : 0.4554"
"11,46 : 0.3712"
"46,11 : 0.3712"
"11,47 : 0.1972"
"47,11 : 0.1972"
"11,48 : 0.3829"
"48,11 : 0.3829"
"11,49 : 0.464"
"49,11 : 0.464"
"12,13 : 0.4754"
"13,12 : 0.4754"
"12,14 : 0.7694"
"14,12 : 0.7694"
"12,15 : 0.3479"
"15,12 : 0.3479"
"12,16 : 0.2546"
"16,12 : 0.2546"
"12,17 : 0.4876"
"17,12 : 0.4876"
"12,18 : 0.3189"
"18,12 : 0.3189"
"12,19 : 0.6403"
"19,12 : 0.6403"
"12,20 : 0.6201"
"20,12 : 0.6201"
"12,21 : 0.4374"
"21,12 : 0.4374"
"12,22 : 0.6263"
"22,12 : 0.6263"
"12,23 : 0.236"
"23,12 : 0.236"
"12,24 : 0.2915"
"24,12 : 0.2915"
"12,25 : 0.8001"
"25,12 : 0.8001"
"12,26 : 0.849"
"26,12 : 0.849"
"12,27 : 0.7023"
"27,12 : 0.7023"
"12,28 : 0.7782"
"28,12 : 0.7782"
"12,29 : 0.3848"
"29,12 : 0.3848"
"12,30 : 0.6046"
"30,12 : 0.6046"
"12,31 : 0.7566"
"31,12 : 0.7566"
"12,32 : 0.2354"
"32,12 : 0.2354"
"12,33 : 0.5632"
"33,12 : 0.5632"
"12,34 : 0.6648"
"34,12 : 0.6648"
"12,35 : 0.0762"
"35,12 : 0.0762"
"12,36 : 0.4071"
"36,12 : 0.4071"
"12,37 : 0.5941"
"37,12 : 0.5941"
"12,38 : 0.3859"
"38,12 : 0.3859"
"12,39 : 0.3523"
"39,12 : 0.3523"
"12,40 : 0.5903"
"40,12 : 0.5903"
"12,41 : 0.5404"
"41,12 : 0.5404"
"12,42 : 0.7465"
"42,12 : 0.7465"
"12,43 : 0.6946"
"43,12 : 0.6946"
"12,44 : 0.3828"
"44,12 : 0.3828"
"12,45 : 0.6641"
"45,12 : 0.6641"
"12,46 : 0.6313"
"46,12 : 0.6313"
"12,47 : 0.4571"
"47,12 : 0.4571"
"12,48 : 0.5413"
"48,12 : 0.5413"
"12,49 : 0.1345"
"49,12 : 0.1345"
"13,14 : 1.0942"
"14,13 : 1.0942"
"13,15 : 0.1304"
"15,13 : 0.1304"
"13,16 : 0.62"
"16,13 : 0.62"
"13,17 : 0.7201"
"17,13 : 0.7201"
"13,18 : 0.7739"
"18,13 : 0.7739"
"13,19 : 0.3847"
"19,13 : 0.3847"
"13,20 : 0.2476"
"20,13 : 0.2476"
"13,21 : 0.1005"
"21,13 : 0.1005"
"13,22 : 0.4179"
"22,13 : 0.4179"
"13,23 : 0.688"
"23,13 : 0.688"
"13,24 : 0.1838"
"24,13 : 0.1838"
"13,25 : 1.1661"
"25,13 : 1.1661"
"13,26 : 0.781"
"26,13 : 0.781"
"13,27 : 0.8635"
"27,13 : 0.8635"
"13,28 : 0.8857"
"28,13 : 0.8857"
"13,29 : 0.5994"
"29,13 : 0.5994"
"13,30 : 0.5235"
"30,13 : 0.5235"
"13,31 : 0.9902"
"31,13 : 0.9902"
"13,32 : 0.6825"
"32,13 : 0.6825"
"13,33 : 0.8931"
"33,13 : 0.8931"
"13,34 : 0.2"
"34,13 : 0.2"
"13,35 : 0.4802"
"35,13 : 0.4802"
"13,36 : 0.5951"
"36,13 : 0.5951"
"13,37 : 0.6661"
"37,13 : 0.6661"
"13,38 : 0.1118"
"38,13 : 0.1118"
"13,39 : 0.1664"
"39,13 : 0.1664"
"13,40 : 0.9381"
"40,13 : 0.9381"
"13,41 : 0.2236"
"41,13 : 0.2236"
"13,42 : 0.6649"
"42,13 : 0.6649"
"13,43 : 0.7852"
"43,13 : 0.7852"
"13,44 : 0.5504"
"44,13 : 0.5504"
"13,45 : 0.842"
"45,13 : 0.842"
"13,46 : 0.7415"
"46,13 : 0.7415"
"13,47 : 0.2602"
"47,13 : 0.2602"
"13,48 : 0.114"
"48,13 : 0.114"
"13,49 : 0.536"
"49,13 : 0.536"
"14,15 : 0.9795"
"15,14 : 0.9795"
"14,16 : 0.9419"
"16,14 : 0.9419"
"14,17 : 0.3829"
"17,14 : 0.3829"
"14,18 : 0.5277"
"18,14 : 0.5277"
"14,19 : 0.9527"
"19,14 : 0.9527"
"14,20 : 1.0679"
"20,14 : 1.0679"
"14,21 : 1.004"
"21,14 : 1.004"
"14,22 : 0.8981"
"22,14 : 0.8981"
"14,23 : 0.5704"
"23,14 : 0.5704"
"14,24 : 0.9534"
"24,14 : 0.9534"
"14,25 : 0.13"
"25,14 : 0.13"
"14,26 : 0.7616"
"26,14 : 0.7616"
"14,27 : 0.3736"
"27,14 : 0.3736"
"14,28 : 0.4639"
"28,14 : 0.4639"
"14,29 : 0.4965"
"29,14 : 0.4965"
"14,30 : 0.7489"
"30,14 : 0.7489"
"14,31 : 0.2202"
"31,14 : 0.2202"
"14,32 : 0.8174"
"32,14 : 0.8174"
"14,33 : 0.2088"
"33,14 : 0.2088"
"14,34 : 1.2088"
"34,14 : 1.2088"
"14,35 : 0.7061"
"35,14 : 0.7061"
"14,36 : 0.5061"
"36,14 : 0.5061"
"14,37 : 0.5471"
"37,14 : 0.5471"
"14,38 : 1.0602"
"38,14 : 1.0602"
"14,39 : 0.9278"
"39,14 : 0.9278"
"14,40 : 0.1803"
"40,14 : 0.1803"
"14,41 : 0.9916"
"41,14 : 0.9916"
"14,42 : 0.7577"
"42,14 : 0.7577"
"14,43 : 0.4965"
"43,14 : 0.4965"
"14,44 : 0.55"
"44,14 : 0.55"
"14,45 : 0.3547"
"45,14 : 0.3547"
"14,46 : 0.4785"
"46,14 : 0.4785"
"14,47 : 0.8873"
"47,14 : 0.8873"
"14,48 : 1.086"
"48,14 : 1.086"
"14,49 : 0.8605"
"49,14 : 0.8605"
"15,16 : 0.5148"
"16,15 : 0.5148"
"15,17 : 0.6135"
"17,15 : 0.6135"
"15,18 : 0.6435"
"18,15 : 0.6435"
"15,19 : 0.3962"
"19,15 : 0.3962"
"15,20 : 0.3068"
"20,15 : 0.3068"
"15,21 : 0.1044"
"21,15 : 0.1044"
"15,22 : 0.4123"
"22,15 : 0.4123"
"15,23 : 0.5576"
"23,15 : 0.5576"
"15,24 : 0.06"
"24,15 : 0.06"
"15,25 : 1.0456"
"25,15 : 1.0456"
"15,26 : 0.7485"
"26,15 : 0.7485"
"15,27 : 0.7752"
"27,15 : 0.7752"
"15,28 : 0.8101"
"28,15 : 0.8101"
"15,29 : 0.4904"
"29,15 : 0.4904"
"15,30 : 0.481"
"30,15 : 0.481"
"15,31 : 0.8902"
"31,15 : 0.8902"
"15,32 : 0.5632"
"32,15 : 0.5632"
"15,33 : 0.7752"
"33,15 : 0.7752"
"15,34 : 0.3178"
"34,15 : 0.3178"
"15,35 : 0.3499"
"35,15 : 0.3499"
"15,36 : 0.4904"
"36,15 : 0.4904"
"15,37 : 0.5903"
"37,15 : 0.5903"
"15,38 : 0.09"
"38,15 : 0.09"
"15,39 : 0.0728"
"39,15 : 0.0728"
"15,40 : 0.8184"
"40,15 : 0.8184"
"15,41 : 0.247"
"41,15 : 0.247"
"15,42 : 0.6316"
"42,15 : 0.6316"
"15,43 : 0.7103"
"43,15 : 0.7103"
"15,44 : 0.4464"
"44,15 : 0.4464"
"15,45 : 0.7497"
"45,15 : 0.7497"
"15,46 : 0.6603"
"46,15 : 0.6603"
"15,47 : 0.2247"
"47,15 : 0.2247"
"15,48 : 0.2"
"48,15 : 0.2"
"15,49 : 0.4201"
"49,15 : 0.4201"
"16,17 : 0.7201"
"17,16 : 0.7201"
"16,18 : 0.4211"
"18,16 : 0.4211"
"16,19 : 0.8693"
"19,16 : 0.8693"
"16,20 : 0.8179"
"20,16 : 0.8179"
"16,21 : 0.6181"
"21,16 : 0.6181"
"16,22 : 0.8631"
"22,16 : 0.8631"
"16,23 : 0.3722"
"23,16 : 0.3722"
"16,24 : 0.4554"
"24,16 : 0.4554"
"16,25 : 0.9426"
"25,16 : 0.9426"
"16,26 : 1.1034"
"26,16 : 1.1034"
"16,27 : 0.9391"
"27,16 : 0.9391"
"16,28 : 1.0222"
"28,16 : 1.0222"
"16,29 : 0.6297"
"29,16 : 0.6297"
"16,30 : 0.856"
"30,16 : 0.856"
"16,31 : 0.9712"
"31,16 : 0.9712"
"16,32 : 0.1393"
"32,16 : 0.1393"
"16,33 : 0.7497"
"33,16 : 0.7497"
"16,34 : 0.82"
"34,16 : 0.82"
"16,35 : 0.3265"
"35,16 : 0.3265"
"16,36 : 0.6546"
"36,16 : 0.6546"
"16,37 : 0.8465"
"37,16 : 0.8465"
"16,38 : 0.5104"
"38,16 : 0.5104"
"16,39 : 0.5482"
"39,16 : 0.5482"
"16,40 : 0.7632"
"40,16 : 0.7632"
"16,41 : 0.7473"
"41,16 : 0.7473"
"16,42 : 1.0"
"42,16 : 1.0"
"16,43 : 0.943"
"43,16 : 0.943"
"16,44 : 0.6341"
"44,16 : 0.6341"
"16,45 : 0.899"
"45,16 : 0.899"
"16,46 : 0.8792"
"46,16 : 0.8792"
"16,47 : 0.6815"
"47,16 : 0.6815"
"16,48 : 0.7134"
"48,16 : 0.7134"
"16,49 : 0.1204"
"49,16 : 0.1204"
"17,18 : 0.4105"
"18,17 : 0.4105"
"17,19 : 0.5798"
"19,17 : 0.5798"
"17,20 : 0.6859"
"20,17 : 0.6859"
"17,21 : 0.6265"
"21,17 : 0.6265"
"17,22 : 0.5284"
"22,17 : 0.5284"
"17,23 : 0.389"
"23,17 : 0.389"
"17,24 : 0.5967"
"24,17 : 0.5967"
"17,25 : 0.478"
"25,17 : 0.478"
"17,26 : 0.5022"
"26,17 : 0.5022"
"17,27 : 0.2195"
"27,17 : 0.2195"
"17,28 : 0.3114"
"28,17 : 0.3114"
"17,29 : 0.1237"
"29,17 : 0.1237"
"17,30 : 0.3922"
"30,17 : 0.3922"
"17,31 : 0.2816"
"31,17 : 0.2816"
"17,32 : 0.6325"
"32,17 : 0.6325"
"17,33 : 0.2102"
"33,17 : 0.2102"
"17,34 : 0.8262"
"34,17 : 0.8262"
"17,35 : 0.4123"
"35,17 : 0.4123"
"17,36 : 0.1253"
"36,17 : 0.1253"
"17,37 : 0.2202"
"37,17 : 0.2202"
"17,38 : 0.6992"
"38,17 : 0.6992"
"17,39 : 0.5554"
"39,17 : 0.5554"
"17,40 : 0.264"
"40,17 : 0.264"
"17,41 : 0.6088"
"41,17 : 0.6088"
"17,42 : 0.45"
"42,17 : 0.45"
"17,43 : 0.2555"
"43,17 : 0.2555"
"17,44 : 0.17"
"44,17 : 0.17"
"17,45 : 0.1789"
"45,17 : 0.1789"
"17,46 : 0.197"
"46,17 : 0.197"
"17,47 : 0.5045"
"47,17 : 0.5045"
"17,48 : 0.7046"
"48,17 : 0.7046"
"17,49 : 0.611"
"49,17 : 0.611"
"18,19 : 0.8338"
"19,18 : 0.8338"
"18,20 : 0.8668"
"20,18 : 0.8668"
"18,21 : 0.7155"
"21,18 : 0.7155"
"18,22 : 0.8006"
"22,18 : 0.8006"
"18,23 : 0.086"
"23,18 : 0.086"
"18,24 : 0.5941"
"24,18 : 0.5941"
"18,25 : 0.5215"
"25,18 : 0.5215"
"18,26 : 0.8969"
"26,18 : 0.8969"
"18,27 : 0.6155"
"27,18 : 0.6155"
"18,28 : 0.717"
"28,18 : 0.717"
"18,29 : 0.386"
"29,18 : 0.386"
"18,30 : 0.717"
"30,18 : 0.717"
"18,31 : 0.5968"
"31,18 : 0.5968"
"18,32 : 0.2907"
"32,18 : 0.2907"
"18,33 : 0.3534"
"33,18 : 0.3534"
"18,34 : 0.9481"
"34,18 : 0.9481"
"18,35 : 0.2941"
"35,18 : 0.2941"
"18,36 : 0.4176"
"36,18 : 0.4176"
"18,37 : 0.6093"
"37,18 : 0.6093"
"18,38 : 0.6966"
"38,18 : 0.6966"
"18,39 : 0.6261"
"39,18 : 0.6261"
"18,40 : 0.3544"
"40,18 : 0.3544"
"18,41 : 0.7816"
"41,18 : 0.7816"
"18,42 : 0.8228"
"42,18 : 0.8228"
"18,43 : 0.6657"
"43,18 : 0.6657"
"18,44 : 0.4276"
"44,18 : 0.4276"
"18,45 : 0.5731"
"45,18 : 0.5731"
"18,46 : 0.6054"
"46,18 : 0.6054"
"18,47 : 0.6791"
"47,18 : 0.6791"
"18,48 : 0.8186"
"48,18 : 0.8186"
"18,49 : 0.3606"
"49,18 : 0.3606"
"19,20 : 0.17"
"20,19 : 0.17"
"19,21 : 0.3061"
"21,19 : 0.3061"
"19,22 : 0.0583"
"22,19 : 0.0583"
"19,23 : 0.7606"
"23,19 : 0.7606"
"19,24 : 0.442"
"24,19 : 0.442"
"19,25 : 1.0568"
"25,19 : 1.0568"
"19,26 : 0.42"
"26,19 : 0.42"
"19,27 : 0.628"
"27,19 : 0.628"
"19,28 : 0.6083"
"28,19 : 0.6083"
"19,29 : 0.4977"
"29,19 : 0.4977"
"19,30 : 0.2163"
"30,19 : 0.2163"
"19,31 : 0.7864"
"31,19 : 0.7864"
"19,32 : 0.8756"
"32,19 : 0.8756"
"19,33 : 0.7889"
"33,19 : 0.7889"
"19,34 : 0.3406"
"34,19 : 0.3406"
"19,35 : 0.5968"
"35,19 : 0.5968"
"19,36 : 0.4742"
"36,19 : 0.4742"
"19,37 : 0.4187"
"37,19 : 0.4187"
"19,38 : 0.4623"
"38,19 : 0.4623"
"19,39 : 0.336"
"39,19 : 0.336"
"19,40 : 0.8422"
"40,19 : 0.8422"
"19,41 : 0.1612"
"41,19 : 0.1612"
"19,42 : 0.3126"
"42,19 : 0.3126"
"19,43 : 0.5162"
"43,19 : 0.5162"
"19,44 : 0.4401"
"44,19 : 0.4401"
"19,45 : 0.6237"
"45,19 : 0.6237"
"19,46 : 0.4982"
"46,19 : 0.4982"
"19,47 : 0.1879"
"47,19 : 0.1879"
"19,48 : 0.2846"
"48,19 : 0.2846"
"19,49 : 0.7561"
"49,19 : 0.7561"
"20,21 : 0.2025"
"21,20 : 0.2025"
"20,22 : 0.222"
"22,20 : 0.222"
"20,23 : 0.7859"
"23,20 : 0.7859"
"20,24 : 0.364"
"24,20 : 0.364"
"20,25 : 1.1618"
"25,20 : 1.1618"
"20,26 : 0.59"
"26,20 : 0.59"
"20,27 : 0.7703"
"27,20 : 0.7703"
"20,28 : 0.7632"
"28,20 : 0.7632"
"20,29 : 0.5841"
"29,20 : 0.5841"
"20,30 : 0.37"
"30,20 : 0.37"
"20,31 : 0.9209"
"31,20 : 0.9209"
"20,32 : 0.8509"
"32,20 : 0.8509"
"20,33 : 0.8873"
"33,20 : 0.8873"
"20,34 : 0.1712"
"34,20 : 0.1712"
"20,35 : 0.5954"
"35,20 : 0.5954"
"20,36 : 0.5673"
"36,20 : 0.5673"
"20,37 : 0.5595"
"37,20 : 0.5595"
"20,38 : 0.3467"
"38,20 : 0.3467"
"20,39 : 0.2717"
"39,20 : 0.2717"
"20,40 : 0.9386"
"40,20 : 0.9386"
"20,41 : 0.0854"
"41,20 : 0.0854"
"20,42 : 0.4817"
"42,20 : 0.4817"
"20,43 : 0.6671"
"43,20 : 0.6671"
"20,44 : 0.5263"
"44,20 : 0.5263"
"20,45 : 0.7601"
"45,20 : 0.7601"
"20,46 : 0.6401"
"46,20 : 0.6401"
"20,47 : 0.1924"
"47,20 : 0.1924"
"20,48 : 0.1345"
"48,20 : 0.1345"
"20,49 : 0.7157"
"49,20 : 0.7157"
"21,22 : 0.3312"
"22,21 : 0.3312"
"21,23 : 0.6307"
"23,21 : 0.6307"
"21,24 : 0.1628"
"24,21 : 0.1628"
"21,25 : 1.0807"
"25,21 : 1.0807"
"21,26 : 0.6868"
"26,21 : 0.6868"
"21,27 : 0.764"
"27,21 : 0.764"
"21,28 : 0.7852"
"28,21 : 0.7852"
"21,29 : 0.5077"
"29,21 : 0.5077"
"21,30 : 0.4258"
"30,21 : 0.4258"
"21,31 : 0.8932"
"31,21 : 0.8932"
"21,32 : 0.6607"
"32,21 : 0.6607"
"21,33 : 0.806"
"33,21 : 0.806"
"21,34 : 0.2326"
"34,21 : 0.2326"
"21,35 : 0.4272"
"35,21 : 0.4272"
"21,36 : 0.5012"
"36,21 : 0.5012"
"21,37 : 0.5657"
"37,21 : 0.5657"
"21,38 : 0.1562"
"38,21 : 0.1562"
"21,39 : 0.0894"
"39,21 : 0.0894"
"21,40 : 0.8528"
"40,21 : 0.8528"
"21,41 : 0.1487"
"41,21 : 0.1487"
"21,42 : 0.5701"
"42,21 : 0.5701"
"21,43 : 0.6847"
"43,21 : 0.6847"
"21,44 : 0.4565"
"44,21 : 0.4565"
"21,45 : 0.7433"
"45,21 : 0.7433"
"21,46 : 0.6413"
"46,21 : 0.6413"
"21,47 : 0.1612"
"47,21 : 0.1612"
"21,48 : 0.1044"
"48,21 : 0.1044"
"21,49 : 0.5204"
"49,21 : 0.5204"
"22,23 : 0.7303"
"23,22 : 0.7303"
"22,24 : 0.4525"
"24,22 : 0.4525"
"22,25 : 1.004"
"25,22 : 1.004"
"22,26 : 0.3712"
"26,22 : 0.3712"
"22,27 : 0.5701"
"27,22 : 0.5701"
"22,28 : 0.5501"
"28,22 : 0.5501"
"22,29 : 0.4522"
"29,22 : 0.4522"
"22,30 : 0.1581"
"30,22 : 0.1581"
"22,31 : 0.7292"
"31,22 : 0.7292"
"22,32 : 0.8602"
"32,22 : 0.8602"
"22,33 : 0.7382"
"33,22 : 0.7382"
"22,34 : 0.3932"
"34,22 : 0.3932"
"22,35 : 0.5772"
"35,22 : 0.5772"
"22,36 : 0.4272"
"36,22 : 0.4272"
"22,37 : 0.3612"
"37,22 : 0.3612"
"22,38 : 0.4855"
"38,22 : 0.4855"
"22,39 : 0.3466"
"39,22 : 0.3466"
"22,40 : 0.7918"
"40,22 : 0.7918"
"22,41 : 0.1965"
"41,22 : 0.1965"
"22,42 : 0.2602"
"42,22 : 0.2602"
"22,43 : 0.4579"
"43,22 : 0.4579"
"22,44 : 0.3956"
"44,22 : 0.3956"
"22,45 : 0.5664"
"45,22 : 0.5664"
"22,46 : 0.4405"
"46,22 : 0.4405"
"22,47 : 0.191"
"47,22 : 0.191"
"22,48 : 0.3256"
"48,22 : 0.3256"
"22,49 : 0.7473"
"49,22 : 0.7473"
"23,24 : 0.508"
"24,23 : 0.508"
"23,25 : 0.5805"
"25,23 : 0.5805"
"23,26 : 0.8542"
"26,23 : 0.8542"
"23,27 : 0.6044"
"27,23 : 0.6044"
"23,28 : 0.7004"
"28,23 : 0.7004"
"23,29 : 0.34"
"29,23 : 0.34"
"23,30 : 0.6573"
"30,23 : 0.6573"
"23,31 : 0.6093"
"31,23 : 0.6093"
"23,32 : 0.2563"
"32,23 : 0.2563"
"23,33 : 0.3785"
"33,23 : 0.3785"
"23,34 : 0.8633"
"34,23 : 0.8633"
"23,35 : 0.2081"
"35,23 : 0.2081"
"23,36 : 0.3712"
"36,23 : 0.3712"
"23,37 : 0.5694"
"37,23 : 0.5694"
"23,38 : 0.6107"
"38,23 : 0.6107"
"23,39 : 0.5413"
"39,23 : 0.5413"
"23,40 : 0.3912"
"40,23 : 0.3912"
"23,41 : 0.7009"
"41,23 : 0.7009"
"23,42 : 0.7725"
"42,23 : 0.7725"
"23,43 : 0.6389"
"43,23 : 0.6389"
"23,44 : 0.3734"
"44,23 : 0.3734"
"23,45 : 0.5622"
"45,23 : 0.5622"
"23,46 : 0.5763"
"46,23 : 0.5763"
"23,47 : 0.6002"
"47,23 : 0.6002"
"23,48 : 0.7341"
"48,23 : 0.7341"
"23,49 : 0.2943"
"49,23 : 0.2943"
"24,25 : 1.0136"
"25,24 : 1.0136"
"24,26 : 0.7737"
"26,24 : 0.7737"
"24,27 : 0.7706"
"27,24 : 0.7706"
"24,28 : 0.813"
"28,24 : 0.813"
"24,29 : 0.473"
"29,24 : 0.473"
"24,30 : 0.5054"
"30,24 : 0.5054"
"24,31 : 0.8766"
"31,24 : 0.8766"
"24,32 : 0.5036"
"32,24 : 0.5036"
"24,33 : 0.7469"
"33,24 : 0.7469"
"24,34 : 0.3766"
"34,24 : 0.3766"
"24,35 : 0.3"
"35,24 : 0.3"
"24,36 : 0.4768"
"36,24 : 0.4768"
"24,37 : 0.5954"
"37,24 : 0.5954"
"24,38 : 0.1082"
"38,24 : 0.1082"
"24,39 : 0.1063"
"39,24 : 0.1063"
"24,40 : 0.7877"
"40,24 : 0.7877"
"24,41 : 0.2997"
"41,24 : 0.2997"
"24,42 : 0.6576"
"42,24 : 0.6576"
"24,43 : 0.7145"
"43,24 : 0.7145"
"24,44 : 0.4342"
"44,24 : 0.4342"
"24,45 : 0.7424"
"45,24 : 0.7424"
"24,46 : 0.6612"
"46,24 : 0.6612"
"24,47 : 0.2617"
"47,24 : 0.2617"
"24,48 : 0.26"
"48,24 : 0.26"
"24,49 : 0.3601"
"49,24 : 0.3601"
"25,26 : 0.8884"
"26,25 : 0.8884"
"25,27 : 0.5001"
"27,25 : 0.5001"
"25,28 : 0.593"
"28,25 : 0.593"
"25,29 : 0.5798"
"29,25 : 0.5798"
"25,30 : 0.8596"
"30,25 : 0.8596"
"25,31 : 0.3501"
"31,25 : 0.3501"
"25,32 : 0.8102"
"32,25 : 0.8102"
"25,33 : 0.2759"
"33,25 : 0.2759"
"25,34 : 1.2945"
"34,25 : 1.2945"
"25,35 : 0.7446"
"35,25 : 0.7446"
"25,36 : 0.5946"
"36,25 : 0.5946"
"25,37 : 0.6621"
"37,25 : 0.6621"
"25,38 : 1.1216"
"38,25 : 1.1216"
"25,39 : 1.0"
"39,25 : 1.0"
"25,40 : 0.228"
"40,25 : 0.228"
"25,41 : 1.0825"
"41,25 : 1.0825"
"25,42 : 0.8792"
"42,25 : 0.8792"
"25,43 : 0.621"
"43,25 : 0.621"
"25,44 : 0.6366"
"44,25 : 0.6366"
"25,45 : 0.478"
"45,25 : 0.478"
"25,46 : 0.5981"
"46,25 : 0.5981"
"25,47 : 0.9759"
"47,25 : 0.9759"
"25,48 : 1.1685"
"48,25 : 1.1685"
"25,49 : 0.8748"
"49,25 : 0.8748"
"26,27 : 0.3883"
"27,26 : 0.3883"
"26,28 : 0.3046"
"28,26 : 0.3046"
"26,29 : 0.5143"
"29,26 : 0.5143"
"26,30 : 0.2683"
"30,26 : 0.2683"
"26,31 : 0.5471"
"31,26 : 0.5471"
"26,32 : 1.058"
"32,26 : 1.058"
"26,33 : 0.6803"
"33,26 : 0.6803"
"26,34 : 0.7603"
"34,26 : 0.7603"
"26,35 : 0.7799"
"35,26 : 0.7799"
"26,36 : 0.483"
"36,26 : 0.483"
"26,37 : 0.2879"
"37,26 : 0.2879"
"26,38 : 0.8322"
"38,26 : 0.8322"
"26,39 : 0.6762"
"39,26 : 0.6762"
"26,40 : 0.73"
"40,26 : 0.73"
"26,41 : 0.5657"
"41,26 : 0.5657"
"26,42 : 0.117"
"42,26 : 0.117"
"26,43 : 0.2707"
"43,26 : 0.2707"
"26,44 : 0.4855"
"44,26 : 0.4855"
"26,45 : 0.413"
"45,26 : 0.413"
"26,46 : 0.3114"
"46,26 : 0.3114"
"26,47 : 0.5281"
"47,26 : 0.5281"
"26,48 : 0.6958"
"48,26 : 0.6958"
"26,49 : 0.9831"
"49,26 : 0.9831"
"27,28 : 0.1077"
"28,27 : 0.1077"
"27,29 : 0.3202"
"29,27 : 0.3202"
"27,30 : 0.4123"
"30,27 : 0.4123"
"27,31 : 0.1664"
"31,27 : 0.1664"
"27,32 : 0.8515"
"32,27 : 0.8515"
"27,33 : 0.3162"
"33,27 : 0.3162"
"27,34 : 0.9304"
"34,27 : 0.9304"
"27,35 : 0.6263"
"35,27 : 0.6263"
"27,36 : 0.3041"
"36,27 : 0.3041"
"27,37 : 0.211"
"37,27 : 0.211"
"27,38 : 0.8647"
"38,27 : 0.8647"
"27,39 : 0.7086"
"39,27 : 0.7086"
"27,40 : 0.359"
"40,27 : 0.359"
"27,41 : 0.7068"
"41,27 : 0.7068"
"27,42 : 0.3895"
"42,27 : 0.3895"
"27,43 : 0.1253"
"43,27 : 0.1253"
"27,44 : 0.3413"
"44,27 : 0.3413"
"27,45 : 0.0424"
"45,27 : 0.0424"
"27,46 : 0.1304"
"46,27 : 0.1304"
"27,47 : 0.6168"
"47,27 : 0.6168"
"27,48 : 0.8228"
"48,27 : 0.8228"
"27,49 : 0.8286"
"49,27 : 0.8286"
"28,29 : 0.3936"
"29,28 : 0.3936"
"28,30 : 0.394"
"30,28 : 0.394"
"28,31 : 0.2452"
"31,28 : 0.2452"
"28,32 : 0.942"
"32,28 : 0.942"
"28,33 : 0.4238"
"33,28 : 0.4238"
"28,34 : 0.9297"
"34,28 : 0.9297"
"28,35 : 0.7021"
"35,28 : 0.7021"
"28,36 : 0.3716"
"36,28 : 0.3716"
"28,37 : 0.2202"
"37,28 : 0.2202"
"28,38 : 0.9001"
"38,28 : 0.9001"
"28,39 : 0.7401"
"39,28 : 0.7401"
"28,40 : 0.4657"
"40,28 : 0.4657"
"28,41 : 0.7088"
"41,28 : 0.7088"
"28,42 : 0.3324"
"42,28 : 0.3324"
"28,43 : 0.1005"
"43,28 : 0.1005"
"28,44 : 0.4016"
"44,28 : 0.4016"
"28,45 : 0.1476"
"45,28 : 0.1476"
"28,46 : 0.153"
"46,28 : 0.153"
"28,47 : 0.6297"
"47,28 : 0.6297"
"28,48 : 0.832"
"48,28 : 0.832"
"28,49 : 0.9082"
"49,28 : 0.9082"
"29,30 : 0.3401"
"30,29 : 0.3401"
"29,31 : 0.4045"
"31,29 : 0.4045"
"29,32 : 0.5587"
"32,29 : 0.5587"
"29,33 : 0.3041"
"33,29 : 0.3041"
"29,34 : 0.7151"
"34,29 : 0.7151"
"29,35 : 0.3087"
"35,29 : 0.3087"
"29,36 : 0.0316"
"36,29 : 0.0316"
"29,37 : 0.2302"
"37,29 : 0.2302"
"29,38 : 0.5757"
"38,29 : 0.5757"
"29,39 : 0.4338"
"39,29 : 0.4338"
"29,40 : 0.3547"
"40,29 : 0.3547"
"29,41 : 0.5033"
"41,29 : 0.5033"
"29,42 : 0.4368"
"42,29 : 0.4368"
"29,43 : 0.314"
"43,29 : 0.314"
"29,44 : 0.0583"
"44,29 : 0.0583"
"29,45 : 0.2844"
"45,29 : 0.2844"
"29,46 : 0.25"
"46,29 : 0.25"
"29,47 : 0.3962"
"47,29 : 0.3962"
"29,48 : 0.5903"
"48,29 : 0.5903"
"29,49 : 0.5148"
"49,29 : 0.5148"
"30,31 : 0.5728"
"31,30 : 0.5728"
"30,32 : 0.8276"
"32,30 : 0.8276"
"30,33 : 0.6017"
"33,30 : 0.6017"
"30,34 : 0.5385"
"34,30 : 0.5385"
"30,35 : 0.542"
"35,30 : 0.542"
"30,36 : 0.3106"
"36,30 : 0.3106"
"30,37 : 0.2052"
"37,30 : 0.2052"
"30,38 : 0.5661"
"38,30 : 0.5661"
"30,39 : 0.4085"
"39,30 : 0.4085"
"30,40 : 0.6555"
"40,30 : 0.6555"
"30,41 : 0.3225"
"41,30 : 0.3225"
"30,42 : 0.1526"
"42,30 : 0.1526"
"30,43 : 0.3002"
"43,30 : 0.3002"
"30,44 : 0.2907"
"44,30 : 0.2907"
"30,45 : 0.4101"
"45,30 : 0.4101"
"30,46 : 0.2832"
"46,30 : 0.2832"
"30,47 : 0.2648"
"47,30 : 0.2648"
"30,48 : 0.451"
"48,30 : 0.451"
"30,49 : 0.736"
"49,30 : 0.736"
"31,32 : 0.8654"
"32,31 : 0.8654"
"31,33 : 0.2484"
"33,31 : 0.2484"
"31,34 : 1.0754"
"34,31 : 1.0754"
"31,35 : 0.6836"
"35,31 : 0.6836"
"31,36 : 0.4002"
"36,31 : 0.4002"
"31,37 : 0.368"
"37,31 : 0.368"
"31,38 : 0.9774"
"38,31 : 0.9774"
"31,39 : 0.8286"
"39,31 : 0.8286"
"31,40 : 0.2702"
"40,31 : 0.2702"
"31,41 : 0.8523"
"41,31 : 0.8523"
"31,42 : 0.5557"
"42,31 : 0.5557"
"31,43 : 0.2915"
"43,31 : 0.2915"
"31,44 : 0.4438"
"44,31 : 0.4438"
"31,45 : 0.1628"
"45,31 : 0.1628"
"31,46 : 0.29"
"46,31 : 0.29"
"31,47 : 0.7559"
"47,31 : 0.7559"
"31,48 : 0.9615"
"48,31 : 0.9615"
"31,49 : 0.871"
"49,31 : 0.871"
"32,33 : 0.6332"
"33,32 : 0.6332"
"32,34 : 0.8797"
"34,32 : 0.8797"
"32,35 : 0.2864"
"35,32 : 0.2864"
"32,36 : 0.5869"
"36,32 : 0.5869"
"32,37 : 0.7857"
"37,32 : 0.7857"
"32,38 : 0.5797"
"38,32 : 0.5797"
"32,39 : 0.5801"
"39,32 : 0.5801"
"32,40 : 0.6413"
"40,32 : 0.6413"
"32,41 : 0.7732"
"41,32 : 0.7732"
"32,42 : 0.9625"
"42,32 : 0.9625"
"32,43 : 0.8711"
"43,32 : 0.8711"
"32,44 : 0.5749"
"44,32 : 0.5749"
"32,45 : 0.8099"
"45,32 : 0.8099"
"32,46 : 0.8072"
"46,32 : 0.8072"
"32,47 : 0.6923"
"47,32 : 0.6923"
"32,48 : 0.7624"
"48,32 : 0.7624"
"32,49 : 0.1487"
"49,32 : 0.1487"
"33,34 : 1.0186"
"34,33 : 1.0186"
"33,35 : 0.4982"
"35,33 : 0.4982"
"33,36 : 0.3202"
"36,33 : 0.3202"
"33,37 : 0.4177"
"37,33 : 0.4177"
"33,38 : 0.8542"
"38,33 : 0.8542"
"33,39 : 0.7267"
"39,33 : 0.7267"
"33,40 : 0.0539"
"40,33 : 0.0539"
"33,41 : 0.8072"
"41,33 : 0.8072"
"33,42 : 0.6463"
"42,33 : 0.6463"
"33,43 : 0.4119"
"43,33 : 0.4119"
"33,44 : 0.3612"
"44,33 : 0.3612"
"33,45 : 0.2789"
"45,33 : 0.2789"
"33,46 : 0.3701"
"46,33 : 0.3701"
"33,47 : 0.7004"
"47,33 : 0.7004"
"33,48 : 0.8927"
"48,33 : 0.8927"
"33,49 : 0.6607"
"49,33 : 0.6607"
"34,35 : 0.6592"
"35,34 : 0.6592"
"34,36 : 0.7029"
"36,34 : 0.7029"
"34,37 : 0.7209"
"37,34 : 0.7209"
"34,38 : 0.3106"
"38,34 : 0.3106"
"34,39 : 0.322"
"39,34 : 0.322"
"34,40 : 1.0678"
"40,34 : 1.0678"
"34,41 : 0.2236"
"41,34 : 0.2236"
"34,42 : 0.6528"
"42,34 : 0.6528"
"34,43 : 0.8322"
"43,34 : 0.8322"
"34,44 : 0.6595"
"44,34 : 0.6595"
"34,45 : 0.9171"
"45,34 : 0.9171"
"34,46 : 0.8011"
"46,34 : 0.8011"
"34,47 : 0.322"
"47,34 : 0.322"
"34,48 : 0.1304"
"48,34 : 0.1304"
"34,49 : 0.7344"
"49,34 : 0.7344"
"35,36 : 0.3312"
"36,35 : 0.3312"
"35,37 : 0.5201"
"37,35 : 0.5201"
"35,38 : 0.4036"
"38,35 : 0.4036"
"35,39 : 0.3384"
"39,35 : 0.3384"
"35,40 : 0.5289"
"40,35 : 0.5289"
"35,41 : 0.5124"
"41,35 : 0.5124"
"35,42 : 0.6801"
"42,35 : 0.6801"
"35,43 : 0.6191"
"43,35 : 0.6191"
"35,44 : 0.3081"
"44,35 : 0.3081"
"35,45 : 0.5882"
"45,35 : 0.5882"
"35,46 : 0.5557"
"46,35 : 0.5557"
"35,47 : 0.4201"
"47,35 : 0.4201"
"35,48 : 0.5314"
"48,35 : 0.5314"
"35,49 : 0.2081"
"49,35 : 0.2081"
"36,37 : 0.2"
"37,36 : 0.2"
"36,38 : 0.5772"
"38,36 : 0.5772"
"36,39 : 0.4308"
"39,36 : 0.4308"
"36,40 : 0.372"
"40,36 : 0.372"
"36,41 : 0.488"
"41,36 : 0.488"
"36,42 : 0.4052"
"42,36 : 0.4052"
"36,43 : 0.2884"
"43,36 : 0.2884"
"36,44 : 0.0447"
"44,36 : 0.0447"
"36,45 : 0.2707"
"45,36 : 0.2707"
"36,46 : 0.2247"
"46,36 : 0.2247"
"36,47 : 0.3821"
"47,36 : 0.3821"
"36,48 : 0.5801"
"48,36 : 0.5801"
"36,49 : 0.5385"
"49,36 : 0.5385"
"37,38 : 0.6803"
"38,37 : 0.6803"
"37,39 : 0.52"
"39,37 : 0.52"
"37,40 : 0.4707"
"40,37 : 0.4707"
"37,41 : 0.4977"
"41,37 : 0.4977"
"37,42 : 0.2302"
"42,37 : 0.2302"
"37,43 : 0.12"
"43,37 : 0.12"
"37,44 : 0.2126"
"44,37 : 0.2126"
"37,45 : 0.2052"
"45,37 : 0.2052"
"37,46 : 0.0806"
"46,37 : 0.0806"
"37,47 : 0.4123"
"47,37 : 0.4123"
"37,48 : 0.6168"
"48,37 : 0.6168"
"37,49 : 0.728"
"49,37 : 0.728"
"38,39 : 0.1612"
"39,38 : 0.1612"
"38,40 : 0.8955"
"40,38 : 0.8955"
"38,41 : 0.3041"
"41,38 : 0.3041"
"38,42 : 0.7151"
"42,38 : 0.7151"
"38,43 : 0.8002"
"43,38 : 0.8002"
"38,44 : 0.5337"
"44,38 : 0.5337"
"38,45 : 0.8386"
"45,38 : 0.8386"
"38,46 : 0.7503"
"46,38 : 0.7503"
"38,47 : 0.3046"
"47,38 : 0.3046"
"38,48 : 0.2193"
"48,38 : 0.2193"
"38,49 : 0.4317"
"49,38 : 0.4317"
"39,40 : 0.772"
"40,39 : 0.772"
"39,41 : 0.1992"
"41,39 : 0.1992"
"39,42 : 0.5595"
"42,39 : 0.5595"
"39,43 : 0.64"
"43,39 : 0.64"
"39,44 : 0.3863"
"44,39 : 0.3863"
"39,45 : 0.6845"
"45,39 : 0.6845"
"39,46 : 0.5914"
"46,39 : 0.5914"
"39,47 : 0.1562"
"47,39 : 0.1562"
"39,48 : 0.1931"
"48,39 : 0.1931"
"39,49 : 0.4441"
"49,39 : 0.4441"
"40,41 : 0.858"
"41,40 : 0.858"
"40,42 : 0.6987"
"42,40 : 0.6987"
"40,43 : 0.4604"
"43,40 : 0.4604"
"40,44 : 0.4123"
"44,40 : 0.4123"
"40,45 : 0.3239"
"45,40 : 0.3239"
"40,46 : 0.4211"
"46,40 : 0.4211"
"40,47 : 0.7507"
"47,40 : 0.7507"
"40,48 : 0.9411"
"48,40 : 0.9411"
"40,49 : 0.6803"
"49,40 : 0.6803"
"41,42 : 0.4518"
"42,41 : 0.4518"
"41,43 : 0.6103"
"43,41 : 0.6103"
"41,44 : 0.446"
"44,41 : 0.446"
"41,45 : 0.6935"
"45,41 : 0.6935"
"41,46 : 0.5778"
"46,41 : 0.5778"
"41,47 : 0.1082"
"47,41 : 0.1082"
"41,48 : 0.1304"
"48,41 : 0.1304"
"41,49 : 0.6413"
"49,41 : 0.6413"
"42,43 : 0.2642"
"43,42 : 0.2642"
"42,44 : 0.3992"
"44,42 : 0.3992"
"42,45 : 0.4031"
"45,42 : 0.4031"
"42,46 : 0.2816"
"46,42 : 0.2816"
"42,47 : 0.4111"
"47,42 : 0.4111"
