x,y
0.18,0.45
0.53,0.85
0.0,0.75
0.07,0.76
0.32,0.36
0.04,0.2
0.24,0.28
0.27,0.17
0.19,0.48
0.19,0.56
0.25,0.39
0.94,0.94
0.48,0.24
0.57,0.43
0.76,0.28
0.69,0.49
0.09,0.43
0.69,0.23
0.48,0.94
0.81,0.63
0.23,0.77
0.87,0.67
0.47,0.07
0.3,0.33
0.4,0.56
0.53,0.88
0.93,0.75
0.13,0.56
0.5,0.7
0.96,0.37
0.01,0.34
0.91,0.18
0.22,0.27
0.6,0.25
0.66,0.34
0.38,0.73
0.85,0.95
0.71,0.69
0.06,0.16
0.91,0.44
0.7,0.2
0.39,0.9
0.67,0.15
0.26,0.86
0.32,0.09
0.97,0.19
0.86,0.67
0.8,0.69
0.69,0.06
0.53,0.28

Distanze
"0,1 : 0.5315"
"1,0 : 0.5315"
"0,2 : 0.3499"
"2,0 : 0.3499"
"0,3 : 0.3289"
"3,0 : 0.3289"
"0,4 : 0.1664"
"4,0 : 0.1664"
"0,5 : 0.2865"
"5,0 : 0.2865"
"0,6 : 0.1803"
"6,0 : 0.1803"
"0,7 : 0.2941"
"7,0 : 0.2941"
"0,8 : 0.0316"
"8,0 : 0.0316"
"0,9 : 0.1105"
"9,0 : 0.1105"
"0,10 : 0.0922"
"10,0 : 0.0922"
"0,11 : 0.9043"
"11,0 : 0.9043"
"0,12 : 0.3662"
"12,0 : 0.3662"
"0,13 : 0.3905"
"13,0 : 0.3905"
"0,14 : 0.6044"
"14,0 : 0.6044"
"0,15 : 0.5116"
"15,0 : 0.5116"
"0,16 : 0.0922"
"16,0 : 0.0922"
"0,17 : 0.5554"
"17,0 : 0.5554"
"0,18 : 0.5745"
"18,0 : 0.5745"
"0,19 : 0.6552"
"19,0 : 0.6552"
"0,20 : 0.3239"
"20,0 : 0.3239"
"0,21 : 0.7242"
"21,0 : 0.7242"
"0,22 : 0.478"
"22,0 : 0.478"
"0,23 : 0.1697"
"23,0 : 0.1697"
"0,24 : 0.246"
"24,0 : 0.246"
"0,25 : 0.5544"
"25,0 : 0.5544"
"0,26 : 0.8078"
"26,0 : 0.8078"
"0,27 : 0.1208"
"27,0 : 0.1208"
"0,28 : 0.4061"
"28,0 : 0.4061"
"0,29 : 0.7841"
"29,0 : 0.7841"
"0,30 : 0.2025"
"30,0 : 0.2025"
"0,31 : 0.7783"
"31,0 : 0.7783"
"0,32 : 0.1844"
"32,0 : 0.1844"
"0,33 : 0.4652"
"33,0 : 0.4652"
"0,34 : 0.4924"
"34,0 : 0.4924"
"0,35 : 0.3441"
"35,0 : 0.3441"
"0,36 : 0.836"
"36,0 : 0.836"
"0,37 : 0.5818"
"37,0 : 0.5818"
"0,38 : 0.3138"
"38,0 : 0.3138"
"0,39 : 0.7301"
"39,0 : 0.7301"
"0,40 : 0.577"
"40,0 : 0.577"
"0,41 : 0.4966"
"41,0 : 0.4966"
"0,42 : 0.5745"
"42,0 : 0.5745"
"0,43 : 0.4177"
"43,0 : 0.4177"
"0,44 : 0.3863"
"44,0 : 0.3863"
"0,45 : 0.8317"
"45,0 : 0.8317"
"0,46 : 0.7147"
"46,0 : 0.7147"
"0,47 : 0.6648"
"47,0 : 0.6648"
"0,48 : 0.642"
"48,0 : 0.642"
"0,49 : 0.3891"
"49,0 : 0.3891"
"1,2 : 0.5394"
"2,1 : 0.5394"
"1,3 : 0.4687"
"3,1 : 0.4687"
"1,4 : 0.5331"
"4,1 : 0.5331"
"1,5 : 0.814"
"5,1 : 0.814"
"1,6 : 0.6395"
"6,1 : 0.6395"
"1,7 : 0.728"
"7,1 : 0.728"
"1,8 : 0.5025"
"8,1 : 0.5025"
"1,9 : 0.4469"
"9,1 : 0.4469"
"1,10 : 0.5385"
"10,1 : 0.5385"
"1,11 : 0.4198"
"11,1 : 0.4198"
"1,12 : 0.612"
"12,1 : 0.612"
"1,13 : 0.4219"
"13,1 : 0.4219"
"1,14 : 0.6147"
"14,1 : 0.6147"
"1,15 : 0.394"
"15,1 : 0.394"
"1,16 : 0.6083"
"16,1 : 0.6083"
"1,17 : 0.6403"
"17,1 : 0.6403"
"1,18 : 0.103"
"18,1 : 0.103"
"1,19 : 0.3561"
"19,1 : 0.3561"
"1,20 : 0.3105"
"20,1 : 0.3105"
"1,21 : 0.3847"
"21,1 : 0.3847"
"1,22 : 0.7823"
"22,1 : 0.7823"
"1,23 : 0.5686"
"23,1 : 0.5686"
"1,24 : 0.3178"
"24,1 : 0.3178"
"1,25 : 0.03"
"25,1 : 0.03"
"1,26 : 0.4123"
"26,1 : 0.4123"
"1,27 : 0.4941"
"27,1 : 0.4941"
"1,28 : 0.153"
"28,1 : 0.153"
"1,29 : 0.6444"
"29,1 : 0.6444"
"1,30 : 0.7284"
"30,1 : 0.7284"
"1,31 : 0.7703"
"31,1 : 0.7703"
"1,32 : 0.6576"
"32,1 : 0.6576"
"1,33 : 0.6041"
"33,1 : 0.6041"
"1,34 : 0.5263"
"34,1 : 0.5263"
"1,35 : 0.1921"
"35,1 : 0.1921"
"1,36 : 0.3353"
"36,1 : 0.3353"
"1,37 : 0.2408"
"37,1 : 0.2408"
"1,38 : 0.8349"
"38,1 : 0.8349"
"1,39 : 0.559"
"39,1 : 0.559"
"1,40 : 0.6719"
"40,1 : 0.6719"
"1,41 : 0.1487"
"41,1 : 0.1487"
"1,42 : 0.7139"
"42,1 : 0.7139"
"1,43 : 0.2702"
"43,1 : 0.2702"
"1,44 : 0.7885"
"44,1 : 0.7885"
"1,45 : 0.7932"
"45,1 : 0.7932"
"1,46 : 0.3759"
"46,1 : 0.3759"
"1,47 : 0.3138"
"47,1 : 0.3138"
"1,48 : 0.806"
"48,1 : 0.806"
"1,49 : 0.57"
"49,1 : 0.57"
"2,3 : 0.0707"
"3,2 : 0.0707"
"2,4 : 0.5045"
"4,2 : 0.5045"
"2,5 : 0.5515"
"5,2 : 0.5515"
"2,6 : 0.5277"
"6,2 : 0.5277"
"2,7 : 0.6398"
"7,2 : 0.6398"
"2,8 : 0.3302"
"8,2 : 0.3302"
"2,9 : 0.2687"
"9,2 : 0.2687"
"2,10 : 0.4383"
"10,2 : 0.4383"
"2,11 : 0.959"
"11,2 : 0.959"
"2,12 : 0.7004"
"12,2 : 0.7004"
"2,13 : 0.6537"
"13,2 : 0.6537"
"2,14 : 0.8936"
"14,2 : 0.8936"
"2,15 : 0.7374"
"15,2 : 0.7374"
"2,16 : 0.3324"
"16,2 : 0.3324"
"2,17 : 0.864"
"17,2 : 0.864"
"2,18 : 0.5162"
"18,2 : 0.5162"
"2,19 : 0.8188"
"19,2 : 0.8188"
"2,20 : 0.2309"
"20,2 : 0.2309"
"2,21 : 0.8737"
"21,2 : 0.8737"
"2,22 : 0.8266"
"22,2 : 0.8266"
"2,23 : 0.5161"
"23,2 : 0.5161"
"2,24 : 0.4428"
"24,2 : 0.4428"
"2,25 : 0.5457"
"25,2 : 0.5457"
"2,26 : 0.93"
"26,2 : 0.93"
"2,27 : 0.2302"
"27,2 : 0.2302"
"2,28 : 0.5025"
"28,2 : 0.5025"
"2,29 : 1.0325"
"29,2 : 1.0325"
"2,30 : 0.4101"
"30,2 : 0.4101"
"2,31 : 1.0738"
"31,2 : 1.0738"
"2,32 : 0.528"
"32,2 : 0.528"
"2,33 : 0.781"
"33,2 : 0.781"
"2,34 : 0.777"
"34,2 : 0.777"
"2,35 : 0.3805"
"35,2 : 0.3805"
"2,36 : 0.8732"
"36,2 : 0.8732"
"2,37 : 0.7125"
"37,2 : 0.7125"
"2,38 : 0.593"
"38,2 : 0.593"
"2,39 : 0.9614"
"39,2 : 0.9614"
"2,40 : 0.8902"
"40,2 : 0.8902"
"2,41 : 0.4179"
"41,2 : 0.4179"
"2,42 : 0.8994"
"42,2 : 0.8994"
"2,43 : 0.2823"
"43,2 : 0.2823"
"2,44 : 0.7335"
"44,2 : 0.7335"
"2,45 : 1.12"
"45,2 : 1.12"
"2,46 : 0.8637"
"46,2 : 0.8637"
"2,47 : 0.8022"
"47,2 : 0.8022"
"2,48 : 0.9758"
"48,2 : 0.9758"
"2,49 : 0.7084"
"49,2 : 0.7084"
"3,4 : 0.4717"
"4,3 : 0.4717"
"3,5 : 0.5608"
"5,3 : 0.5608"
"3,6 : 0.5092"
"6,3 : 0.5092"
"3,7 : 0.623"
"7,3 : 0.623"
"3,8 : 0.3046"
"8,3 : 0.3046"
"3,9 : 0.2332"
"9,3 : 0.2332"
"3,10 : 0.4115"
"10,3 : 0.4115"
"3,11 : 0.8884"
"11,3 : 0.8884"
"3,12 : 0.6622"
"12,3 : 0.6622"
"3,13 : 0.5991"
"13,3 : 0.5991"
"3,14 : 0.8405"
"14,3 : 0.8405"
"3,15 : 0.6762"
"15,3 : 0.6762"
"3,16 : 0.3306"
"16,3 : 0.3306"
"3,17 : 0.8157"
"17,3 : 0.8157"
"3,18 : 0.4478"
"18,3 : 0.4478"
"3,19 : 0.7513"
"19,3 : 0.7513"
"3,20 : 0.1603"
"20,3 : 0.1603"
"3,21 : 0.805"
"21,3 : 0.805"
"3,22 : 0.7976"
"22,3 : 0.7976"
"3,23 : 0.4876"
"23,3 : 0.4876"
"3,24 : 0.3859"
"24,3 : 0.3859"
"3,25 : 0.4754"
"25,3 : 0.4754"
"3,26 : 0.8601"
"26,3 : 0.8601"
"3,27 : 0.2088"
"27,3 : 0.2088"
"3,28 : 0.4342"
"28,3 : 0.4342"
"3,29 : 0.9717"
"29,3 : 0.9717"
"3,30 : 0.4243"
"30,3 : 0.4243"
"3,31 : 1.0208"
"31,3 : 1.0208"
"3,32 : 0.5124"
"32,3 : 0.5124"
"3,33 : 0.7355"
"33,3 : 0.7355"
"3,34 : 0.7242"
"34,3 : 0.7242"
"3,35 : 0.3114"
"35,3 : 0.3114"
"3,36 : 0.8028"
"36,3 : 0.8028"
"3,37 : 0.6438"
"37,3 : 0.6438"
"3,38 : 0.6001"
"38,3 : 0.6001"
"3,39 : 0.8989"
"39,3 : 0.8989"
"3,40 : 0.8429"
"40,3 : 0.8429"
"3,41 : 0.3493"
"41,3 : 0.3493"
"3,42 : 0.8556"
"42,3 : 0.8556"
"3,43 : 0.2147"
"43,3 : 0.2147"
"3,44 : 0.7151"
"44,3 : 0.7151"
"3,45 : 1.0653"
"45,3 : 1.0653"
"3,46 : 0.7951"
"46,3 : 0.7951"
"3,47 : 0.7333"
"47,3 : 0.7333"
"3,48 : 0.9351"
"48,3 : 0.9351"
"3,49 : 0.6648"
"49,3 : 0.6648"
"4,5 : 0.3225"
"5,4 : 0.3225"
"4,6 : 0.1131"
"6,4 : 0.1131"
"4,7 : 0.1965"
"7,4 : 0.1965"
"4,8 : 0.1769"
"8,4 : 0.1769"
"4,9 : 0.2385"
"9,4 : 0.2385"
"4,10 : 0.0762"
"10,4 : 0.0762"
"4,11 : 0.849"
"11,4 : 0.849"
"4,12 : 0.2"
"12,4 : 0.2"
"4,13 : 0.2596"
"13,4 : 0.2596"
"4,14 : 0.4472"
"14,4 : 0.4472"
"4,15 : 0.3922"
"15,4 : 0.3922"
"4,16 : 0.2404"
"16,4 : 0.2404"
"4,17 : 0.3922"
"17,4 : 0.3922"
"4,18 : 0.6017"
"18,4 : 0.6017"
"4,19 : 0.5595"
"19,4 : 0.5595"
"4,20 : 0.4198"
"20,4 : 0.4198"
"4,21 : 0.6313"
"21,4 : 0.6313"
"4,22 : 0.3265"
"22,4 : 0.3265"
"4,23 : 0.0361"
"23,4 : 0.0361"
"4,24 : 0.2154"
"24,4 : 0.2154"
"4,25 : 0.5608"
"25,4 : 0.5608"
"4,26 : 0.724"
"26,4 : 0.724"
"4,27 : 0.2759"
"27,4 : 0.2759"
"4,28 : 0.3847"
"28,4 : 0.3847"
"4,29 : 0.6401"
"29,4 : 0.6401"
"4,30 : 0.3106"
"30,4 : 0.3106"
"4,31 : 0.6168"
"31,4 : 0.6168"
"4,32 : 0.1345"
"32,4 : 0.1345"
"4,33 : 0.3008"
"33,4 : 0.3008"
"4,34 : 0.3406"
"34,4 : 0.3406"
"4,35 : 0.3748"
"35,4 : 0.3748"
"4,36 : 0.7931"
"36,4 : 0.7931"
"4,37 : 0.5109"
"37,4 : 0.5109"
"4,38 : 0.328"
"38,4 : 0.328"
"4,39 : 0.5954"
"39,4 : 0.5954"
"4,40 : 0.4123"
"40,4 : 0.4123"
"4,41 : 0.5445"
"41,4 : 0.5445"
"4,42 : 0.4082"
"42,4 : 0.4082"
"4,43 : 0.5036"
"43,4 : 0.5036"
"4,44 : 0.27"
"44,4 : 0.27"
"4,45 : 0.6719"
"45,4 : 0.6719"
"4,46 : 0.6227"
"46,4 : 0.6227"
"4,47 : 0.5825"
"47,4 : 0.5825"
"4,48 : 0.4763"
"48,4 : 0.4763"
"4,49 : 0.2247"
"49,4 : 0.2247"
"5,6 : 0.2154"
"6,5 : 0.2154"
"5,7 : 0.2319"
"7,5 : 0.2319"
"5,8 : 0.3176"
"8,5 : 0.3176"
"5,9 : 0.39"
"9,5 : 0.39"
"5,10 : 0.2832"
"10,5 : 0.2832"
"5,11 : 1.1652"
"11,5 : 1.1652"
"5,12 : 0.4418"
"12,5 : 0.4418"
"5,13 : 0.5778"
"13,5 : 0.5778"
"5,14 : 0.7244"
"14,5 : 0.7244"
"5,15 : 0.7118"
"15,5 : 0.7118"
"5,16 : 0.2354"
"16,5 : 0.2354"
"5,17 : 0.6507"
"17,5 : 0.6507"
"5,18 : 0.8609"
"18,5 : 0.8609"
"5,19 : 0.8819"
"19,5 : 0.8819"
"5,20 : 0.6008"
"20,5 : 0.6008"
"5,21 : 0.9538"
"21,5 : 0.9538"
"5,22 : 0.4492"
"22,5 : 0.4492"
"5,23 : 0.2907"
"23,5 : 0.2907"
"5,24 : 0.5091"
"24,5 : 0.5091"
"5,25 : 0.8382"
"25,5 : 0.8382"
"5,26 : 1.0462"
"26,5 : 1.0462"
"5,27 : 0.3711"
"27,5 : 0.3711"
"5,28 : 0.6794"
"28,5 : 0.6794"
"5,29 : 0.9356"
"29,5 : 0.9356"
"5,30 : 0.1432"
"30,5 : 0.1432"
"5,31 : 0.8702"
"31,5 : 0.8702"
"5,32 : 0.1931"
"32,5 : 0.1931"
"5,33 : 0.5622"
"33,5 : 0.5622"
"5,34 : 0.6356"
"34,5 : 0.6356"
"5,35 : 0.6297"
"35,5 : 0.6297"
"5,36 : 1.1039"
"36,5 : 1.1039"
"5,37 : 0.8301"
"37,5 : 0.8301"
"5,38 : 0.0447"
"38,5 : 0.0447"
"5,39 : 0.9025"
"39,5 : 0.9025"
"5,40 : 0.66"
"40,5 : 0.66"
"5,41 : 0.7826"
"41,5 : 0.7826"
"5,42 : 0.632"
"42,5 : 0.632"
"5,43 : 0.6957"
"43,5 : 0.6957"
"5,44 : 0.3008"
"44,5 : 0.3008"
"5,45 : 0.9301"
"45,5 : 0.9301"
"5,46 : 0.9451"
"46,5 : 0.9451"
"5,47 : 0.9043"
"47,5 : 0.9043"
"5,48 : 0.6649"
"48,5 : 0.6649"
"5,49 : 0.4965"
"49,5 : 0.4965"
"6,7 : 0.114"
"7,6 : 0.114"
"6,8 : 0.2062"
"8,6 : 0.2062"
"6,9 : 0.2844"
"9,6 : 0.2844"
"6,10 : 0.1105"
"10,6 : 0.1105"
"6,11 : 0.9621"
"11,6 : 0.9621"
"6,12 : 0.2433"
"12,6 : 0.2433"
"6,13 : 0.3625"
"13,6 : 0.3625"
"6,14 : 0.52"
"14,6 : 0.52"
"6,15 : 0.4966"
"15,6 : 0.4966"
"6,16 : 0.2121"
"16,6 : 0.2121"
"6,17 : 0.4528"
"17,6 : 0.4528"
"6,18 : 0.7023"
"18,6 : 0.7023"
"6,19 : 0.6689"
"19,6 : 0.6689"
"6,20 : 0.4901"
"20,6 : 0.4901"
"6,21 : 0.7409"
"21,6 : 0.7409"
"6,22 : 0.3114"
"22,6 : 0.3114"
"6,23 : 0.0781"
"23,6 : 0.0781"
"6,24 : 0.3225"
"24,6 : 0.3225"
"6,25 : 0.6664"
"25,6 : 0.6664"
"6,26 : 0.8349"
"26,6 : 0.8349"
"6,27 : 0.3008"
"27,6 : 0.3008"
"6,28 : 0.494"
"28,6 : 0.494"
"6,29 : 0.7256"
"29,6 : 0.7256"
"6,30 : 0.2377"
"30,6 : 0.2377"
"6,31 : 0.6774"
"31,6 : 0.6774"
"6,32 : 0.0224"
"32,6 : 0.0224"
"6,33 : 0.3612"
"33,6 : 0.3612"
"6,34 : 0.4243"
"34,6 : 0.4243"
"6,35 : 0.4713"
"35,6 : 0.4713"
"6,36 : 0.9061"
"36,6 : 0.9061"
"6,37 : 0.6237"
"37,6 : 0.6237"
"6,38 : 0.2163"
"38,6 : 0.2163"
"6,39 : 0.6888"
"39,6 : 0.6888"
"6,40 : 0.4669"
"40,6 : 0.4669"
"6,41 : 0.6379"
"41,6 : 0.6379"
"6,42 : 0.4492"
"42,6 : 0.4492"
"6,43 : 0.5803"
"43,6 : 0.5803"
"6,44 : 0.2062"
"44,6 : 0.2062"
"6,45 : 0.7355"
"45,6 : 0.7355"
"6,46 : 0.7325"
"46,6 : 0.7325"
"6,47 : 0.694"
"47,6 : 0.694"
"6,48 : 0.5009"
"48,6 : 0.5009"
"6,49 : 0.29"
"49,6 : 0.29"
"7,8 : 0.3202"
"8,7 : 0.3202"
"7,9 : 0.3981"
"9,7 : 0.3981"
"7,10 : 0.2209"
"10,7 : 0.2209"
"7,11 : 1.0207"
"11,7 : 1.0207"
"7,12 : 0.2214"
"12,7 : 0.2214"
"7,13 : 0.397"
"13,7 : 0.397"
"7,14 : 0.5022"
"14,7 : 0.5022"
"7,15 : 0.528"
"15,7 : 0.528"
"7,16 : 0.3162"
"16,7 : 0.3162"
"7,17 : 0.4243"
"17,7 : 0.4243"
"7,18 : 0.7981"
"18,7 : 0.7981"
"7,19 : 0.7094"
"19,7 : 0.7094"
"7,20 : 0.6013"
"20,7 : 0.6013"
"7,21 : 0.781"
"21,7 : 0.781"
"7,22 : 0.2236"
"22,7 : 0.2236"
"7,23 : 0.1628"
"23,7 : 0.1628"
"7,24 : 0.4111"
"24,7 : 0.4111"
"7,25 : 0.7561"
"25,7 : 0.7561"
"7,26 : 0.8786"
"26,7 : 0.8786"
"7,27 : 0.4144"
"27,7 : 0.4144"
"7,28 : 0.5778"
"28,7 : 0.5778"
"7,29 : 0.7184"
"29,7 : 0.7184"
"7,30 : 0.3106"
"30,7 : 0.3106"
"7,31 : 0.6401"
"31,7 : 0.6401"
"7,32 : 0.1118"
"32,7 : 0.1118"
"7,33 : 0.3396"
"33,7 : 0.3396"
"7,34 : 0.4254"
"34,7 : 0.4254"
"7,35 : 0.5707"
"35,7 : 0.5707"
"7,36 : 0.972"
"36,7 : 0.972"
"7,37 : 0.6812"
"37,7 : 0.6812"
"7,38 : 0.2102"
"38,7 : 0.2102"
"7,39 : 0.6946"
"39,7 : 0.6946"
"7,40 : 0.431"
"40,7 : 0.431"
"7,41 : 0.7398"
"41,7 : 0.7398"
"7,42 : 0.4005"
"42,7 : 0.4005"
"7,43 : 0.6901"
"43,7 : 0.6901"
"7,44 : 0.0943"
"44,7 : 0.0943"
"7,45 : 0.7003"
"45,7 : 0.7003"
"7,46 : 0.7734"
"46,7 : 0.7734"
"7,47 : 0.7425"
"47,7 : 0.7425"
"7,48 : 0.4342"
"48,7 : 0.4342"
"7,49 : 0.2823"
"49,7 : 0.2823"
"8,9 : 0.08"
"9,8 : 0.08"
"8,10 : 0.1082"
"10,8 : 0.1082"
"8,11 : 0.8798"
"11,8 : 0.8798"
"8,12 : 0.3764"
"12,8 : 0.3764"
"8,13 : 0.3833"
"13,8 : 0.3833"
"8,14 : 0.6041"
"14,8 : 0.6041"
"8,15 : 0.5001"
"15,8 : 0.5001"
"8,16 : 0.1118"
"16,8 : 0.1118"
"8,17 : 0.559"
"17,8 : 0.559"
"8,18 : 0.5438"
"18,8 : 0.5438"
"8,19 : 0.6379"
"19,8 : 0.6379"
"8,20 : 0.2927"
"20,8 : 0.2927"
"8,21 : 0.706"
"21,8 : 0.706"
"8,22 : 0.4965"
"22,8 : 0.4965"
"8,23 : 0.186"
"23,8 : 0.186"
"8,24 : 0.2247"
"24,8 : 0.2247"
"8,25 : 0.525"
"25,8 : 0.525"
"8,26 : 0.7877"
"26,8 : 0.7877"
"8,27 : 0.1"
"27,8 : 0.1"
"8,28 : 0.3801"
"28,8 : 0.3801"
"8,29 : 0.7778"
"29,8 : 0.7778"
"8,30 : 0.228"
"30,8 : 0.228"
"8,31 : 0.78"
"31,8 : 0.78"
"8,32 : 0.2121"
"32,8 : 0.2121"
"8,33 : 0.4701"
"33,8 : 0.4701"
"8,34 : 0.4904"
"34,8 : 0.4904"
"8,35 : 0.314"
"35,8 : 0.314"
"8,36 : 0.8102"
"36,8 : 0.8102"
"8,37 : 0.5608"
"37,8 : 0.5608"
"8,38 : 0.3454"
"38,8 : 0.3454"
"8,39 : 0.7211"
"39,8 : 0.7211"
"8,40 : 0.5818"
"40,8 : 0.5818"
"8,41 : 0.4652"
"41,8 : 0.4652"
"8,42 : 0.5825"
"42,8 : 0.5825"
"8,43 : 0.3864"
"43,8 : 0.3864"
"8,44 : 0.4111"
"44,8 : 0.4111"
"8,45 : 0.8322"
"45,8 : 0.8322"
"8,46 : 0.6964"
"46,8 : 0.6964"
"8,47 : 0.6451"
"47,8 : 0.6451"
"8,48 : 0.653"
"48,8 : 0.653"
"8,49 : 0.3945"
"49,8 : 0.3945"
"9,10 : 0.1803"
"10,9 : 0.1803"
"9,11 : 0.8408"
"11,9 : 0.8408"
"9,12 : 0.4319"
"12,9 : 0.4319"
"9,13 : 0.4016"
"13,9 : 0.4016"
"9,14 : 0.6351"
"14,9 : 0.6351"
"9,15 : 0.5049"
"15,9 : 0.5049"
"9,16 : 0.164"
"16,9 : 0.164"
"9,17 : 0.5991"
"17,9 : 0.5991"
"9,18 : 0.478"
"18,9 : 0.478"
"9,19 : 0.6239"
"19,9 : 0.6239"
"9,20 : 0.2138"
"20,9 : 0.2138"
"9,21 : 0.6888"
"21,9 : 0.6888"
"9,22 : 0.5644"
"22,9 : 0.5644"
"9,23 : 0.255"
"23,9 : 0.255"
"9,24 : 0.21"
"24,9 : 0.21"
"9,25 : 0.4669"
"25,9 : 0.4669"
"9,26 : 0.764"
"26,9 : 0.764"
"9,27 : 0.06"
"27,9 : 0.06"
"9,28 : 0.3401"
"28,9 : 0.3401"
"9,29 : 0.7931"
"29,9 : 0.7931"
"9,30 : 0.2843"
"30,9 : 0.2843"
"9,31 : 0.8141"
"31,9 : 0.8141"
"9,32 : 0.2915"
"32,9 : 0.2915"
"9,33 : 0.514"
"33,9 : 0.514"
"9,34 : 0.5189"
"34,9 : 0.5189"
"9,35 : 0.255"
"35,9 : 0.255"
"9,36 : 0.7666"
"36,9 : 0.7666"
"9,37 : 0.536"
"37,9 : 0.536"
"9,38 : 0.4206"
"38,9 : 0.4206"
"9,39 : 0.7299"
"39,9 : 0.7299"
"9,40 : 0.6243"
"40,9 : 0.6243"
"9,41 : 0.3945"
"41,9 : 0.3945"
"9,42 : 0.6313"
"42,9 : 0.6313"
"9,43 : 0.3081"
"43,9 : 0.3081"
"9,44 : 0.4876"
"44,9 : 0.4876"
"9,45 : 0.8633"
"45,9 : 0.8633"
"9,46 : 0.679"
"46,9 : 0.679"
"9,47 : 0.6237"
"47,9 : 0.6237"
"9,48 : 0.7071"
"48,9 : 0.7071"
"9,49 : 0.4405"
"49,9 : 0.4405"
"10,11 : 0.8824"
"11,10 : 0.8824"
"10,12 : 0.2746"
"12,10 : 0.2746"
"10,13 : 0.3225"
"13,10 : 0.3225"
"10,14 : 0.5217"
"14,10 : 0.5217"
"10,15 : 0.4512"
"15,10 : 0.4512"
"10,16 : 0.1649"
"16,10 : 0.1649"
"10,17 : 0.4682"
"17,10 : 0.4682"
"10,18 : 0.5962"
"18,10 : 0.5962"
"10,19 : 0.6093"
"19,10 : 0.6093"
"10,20 : 0.3805"
"20,10 : 0.3805"
"10,21 : 0.6803"
"21,10 : 0.6803"
"10,22 : 0.3883"
"22,10 : 0.3883"
"10,23 : 0.0781"
"23,10 : 0.0781"
"10,24 : 0.2267"
"24,10 : 0.2267"
"10,25 : 0.5644"
"25,10 : 0.5644"
"10,26 : 0.7694"
"26,10 : 0.7694"
"10,27 : 0.2081"
"27,10 : 0.2081"
"10,28 : 0.3982"
"28,10 : 0.3982"
"10,29 : 0.7103"
"29,10 : 0.7103"
"10,30 : 0.2452"
"30,10 : 0.2452"
"10,31 : 0.6926"
"31,10 : 0.6926"
"10,32 : 0.1237"
"32,10 : 0.1237"
"10,33 : 0.377"
"33,10 : 0.377"
"10,34 : 0.413"
"34,10 : 0.413"
"10,35 : 0.364"
"35,10 : 0.364"
"10,36 : 0.8207"
"36,10 : 0.8207"
"10,37 : 0.5492"
"37,10 : 0.5492"
"10,38 : 0.2983"
"38,10 : 0.2983"
"10,39 : 0.6619"
"39,10 : 0.6619"
"10,40 : 0.4885"
"40,10 : 0.4885"
"10,41 : 0.5289"
"41,10 : 0.5289"
"10,42 : 0.4837"
"42,10 : 0.4837"
"10,43 : 0.4701"
"43,10 : 0.4701"
"10,44 : 0.3081"
"44,10 : 0.3081"
"10,45 : 0.7473"
"45,10 : 0.7473"
"10,46 : 0.6712"
"46,10 : 0.6712"
"10,47 : 0.6265"
"47,10 : 0.6265"
"10,48 : 0.55"
"48,10 : 0.55"
"10,49 : 0.3008"
"49,10 : 0.3008"
"11,12 : 0.8376"
"12,11 : 0.8376"
"11,13 : 0.6301"
"13,11 : 0.6301"
"11,14 : 0.6841"
"14,11 : 0.6841"
"11,15 : 0.5148"
"15,11 : 0.5148"
"11,16 : 0.9913"
"16,11 : 0.9913"
"11,17 : 0.7527"
"17,11 : 0.7527"
"11,18 : 0.46"
"18,11 : 0.46"
"11,19 : 0.3362"
"19,11 : 0.3362"
"11,20 : 0.7301"
"20,11 : 0.7301"
"11,21 : 0.2789"
"21,11 : 0.2789"
"11,22 : 0.9888"
"22,11 : 0.9888"
"11,23 : 0.8841"
"23,11 : 0.8841"
"11,24 : 0.6603"
"24,11 : 0.6603"
"11,25 : 0.4144"
"25,11 : 0.4144"
"11,26 : 0.1903"
"26,11 : 0.1903"
"11,27 : 0.8947"
"27,11 : 0.8947"
"11,28 : 0.5012"
"28,11 : 0.5012"
"11,29 : 0.5704"
"29,11 : 0.5704"
"11,30 : 1.1068"
"30,11 : 1.1068"
"11,31 : 0.7606"
"31,11 : 0.7606"
"11,32 : 0.9835"
"32,11 : 0.9835"
"11,33 : 0.7692"
"33,11 : 0.7692"
"11,34 : 0.6621"
"34,11 : 0.6621"
"11,35 : 0.5981"
"35,11 : 0.5981"
"11,36 : 0.0906"
"36,11 : 0.0906"
"11,37 : 0.3397"
"37,11 : 0.3397"
"11,38 : 1.1759"
"38,11 : 1.1759"
"11,39 : 0.5009"
"39,11 : 0.5009"
"11,40 : 0.7779"
"40,11 : 0.7779"
"11,41 : 0.5515"
"41,11 : 0.5515"
"11,42 : 0.8349"
"42,11 : 0.8349"
"11,43 : 0.6847"
"43,11 : 0.6847"
"11,44 : 1.0521"
"44,11 : 1.0521"
"11,45 : 0.7506"
"45,11 : 0.7506"
"11,46 : 0.2816"
"46,11 : 0.2816"
"11,47 : 0.2865"
"47,11 : 0.2865"
"11,48 : 0.9148"
"48,11 : 0.9148"
"11,49 : 0.777"
"49,11 : 0.777"
"12,13 : 0.2102"
"13,12 : 0.2102"
"12,14 : 0.2828"
"14,12 : 0.2828"
"12,15 : 0.3265"
"15,12 : 0.3265"
"12,16 : 0.4338"
"16,12 : 0.4338"
"12,17 : 0.2102"
"17,12 : 0.2102"
"12,18 : 0.7"
"18,12 : 0.7"
"12,19 : 0.5109"
"19,12 : 0.5109"
"12,20 : 0.586"
"20,12 : 0.586"
"12,21 : 0.5805"
"21,12 : 0.5805"
"12,22 : 0.1703"
"22,12 : 0.1703"
"12,23 : 0.2012"
"23,12 : 0.2012"
"12,24 : 0.3298"
"24,12 : 0.3298"
"12,25 : 0.642"
"25,12 : 0.642"
"12,26 : 0.6801"
"26,12 : 0.6801"
"12,27 : 0.4742"
"27,12 : 0.4742"
"12,28 : 0.4604"
"28,12 : 0.4604"
"12,29 : 0.4973"
"29,12 : 0.4973"
"12,30 : 0.4805"
"30,12 : 0.4805"
"12,31 : 0.4342"
"31,12 : 0.4342"
"12,32 : 0.2617"
"32,12 : 0.2617"
"12,33 : 0.1204"
"33,12 : 0.1204"
"12,34 : 0.2059"
"34,12 : 0.2059"
"12,35 : 0.5001"
"35,12 : 0.5001"
"12,36 : 0.8006"
"36,12 : 0.8006"
"12,37 : 0.5054"
"37,12 : 0.5054"
"12,38 : 0.4276"
"38,12 : 0.4276"
"12,39 : 0.4742"
"39,12 : 0.4742"
"12,40 : 0.2236"
"40,12 : 0.2236"
"12,41 : 0.6661"
"41,12 : 0.6661"
"12,42 : 0.2102"
"42,12 : 0.2102"
"12,43 : 0.6579"
"43,12 : 0.6579"
"12,44 : 0.2193"
"44,12 : 0.2193"
"12,45 : 0.4925"
"45,12 : 0.4925"
"12,46 : 0.5738"
"46,12 : 0.5738"
"12,47 : 0.5522"
"47,12 : 0.5522"
"12,48 : 0.2766"
"48,12 : 0.2766"
"12,49 : 0.064"
"49,12 : 0.064"
"13,14 : 0.2421"
"14,13 : 0.2421"
"13,15 : 0.1342"
"15,13 : 0.1342"
"13,16 : 0.48"
"16,13 : 0.48"
"13,17 : 0.2332"
"17,13 : 0.2332"
"13,18 : 0.5179"
"18,13 : 0.5179"
"13,19 : 0.3124"
"19,13 : 0.3124"
"13,20 : 0.4808"
"20,13 : 0.4808"
"13,21 : 0.3842"
"21,13 : 0.3842"
"13,22 : 0.3736"
"22,13 : 0.3736"
"13,23 : 0.2879"
"23,13 : 0.2879"
"13,24 : 0.214"
"24,13 : 0.214"
"13,25 : 0.4518"
"25,13 : 0.4518"
"13,26 : 0.4817"
"26,13 : 0.4817"
"13,27 : 0.4588"
"27,13 : 0.4588"
"13,28 : 0.2789"
"28,13 : 0.2789"
"13,29 : 0.3946"
"29,13 : 0.3946"
"13,30 : 0.5672"
"30,13 : 0.5672"
"13,31 : 0.422"
"31,13 : 0.422"
"13,32 : 0.3848"
"32,13 : 0.3848"
"13,33 : 0.1825"
"33,13 : 0.1825"
"13,34 : 0.1273"
"34,13 : 0.1273"
"13,35 : 0.3551"
"35,13 : 0.3551"
"13,36 : 0.5906"
"36,13 : 0.5906"
"13,37 : 0.2953"
"37,13 : 0.2953"
"13,38 : 0.5771"
"38,13 : 0.5771"
"13,39 : 0.3401"
"39,13 : 0.3401"
"13,40 : 0.2642"
"40,13 : 0.2642"
"13,41 : 0.5033"
"41,13 : 0.5033"
"13,42 : 0.2973"
"42,13 : 0.2973"
"13,43 : 0.5301"
"43,13 : 0.5301"
"13,44 : 0.422"
"44,13 : 0.422"
"13,45 : 0.4665"
"45,13 : 0.4665"
"13,46 : 0.3764"
"46,13 : 0.3764"
"13,47 : 0.3471"
"47,13 : 0.3471"
"13,48 : 0.389"
"48,13 : 0.389"
"13,49 : 0.1552"
"49,13 : 0.1552"
"14,15 : 0.2214"
"15,14 : 0.2214"
"14,16 : 0.6866"
"16,14 : 0.6866"
"14,17 : 0.086"
"17,14 : 0.086"
"14,18 : 0.7169"
"18,14 : 0.7169"
"14,19 : 0.3536"
"19,14 : 0.3536"
"14,20 : 0.7218"
"20,14 : 0.7218"
"14,21 : 0.4052"
"21,14 : 0.4052"
"14,22 : 0.3581"
"22,14 : 0.3581"
"14,23 : 0.4627"
"23,14 : 0.4627"
"14,24 : 0.4561"
"24,14 : 0.4561"
"14,25 : 0.6426"
"25,14 : 0.6426"
"14,26 : 0.4998"
"26,14 : 0.4998"
"14,27 : 0.6894"
"27,14 : 0.6894"
"14,28 : 0.494"
"28,14 : 0.494"
"14,29 : 0.2193"
"29,14 : 0.2193"
"14,30 : 0.7524"
"30,14 : 0.7524"
"14,31 : 0.1803"
"31,14 : 0.1803"
"14,32 : 0.5401"
"32,14 : 0.5401"
"14,33 : 0.1628"
"33,14 : 0.1628"
"14,34 : 0.1166"
"34,14 : 0.1166"
"14,35 : 0.589"
"35,14 : 0.589"
"14,36 : 0.676"
"36,14 : 0.676"
"14,37 : 0.413"
"37,14 : 0.413"
"14,38 : 0.7102"
"38,14 : 0.7102"
"14,39 : 0.2193"
"39,14 : 0.2193"
"14,40 : 0.1"
"40,14 : 0.1"
"14,41 : 0.722"
"41,14 : 0.722"
"14,42 : 0.1581"
"42,14 : 0.1581"
"14,43 : 0.7658"
"43,14 : 0.7658"
"14,44 : 0.4793"
"44,14 : 0.4793"
"14,45 : 0.2285"
"45,14 : 0.2285"
"14,46 : 0.4026"
"46,14 : 0.4026"
"14,47 : 0.4119"
"47,14 : 0.4119"
"14,48 : 0.2309"
"48,14 : 0.2309"
"14,49 : 0.23"
"49,14 : 0.23"
"15,16 : 0.603"
"16,15 : 0.603"
"15,17 : 0.26"
"17,15 : 0.26"
"15,18 : 0.4966"
"18,15 : 0.4966"
"15,19 : 0.1844"
"19,15 : 0.1844"
"15,20 : 0.5385"
"20,15 : 0.5385"
"15,21 : 0.2546"
"21,15 : 0.2546"
"15,22 : 0.4741"
"22,15 : 0.4741"
"15,23 : 0.4215"
"23,15 : 0.4215"
"15,24 : 0.2983"
"24,15 : 0.2983"
"15,25 : 0.4215"
"25,15 : 0.4215"
"15,26 : 0.3538"
"26,15 : 0.3538"
"15,27 : 0.5644"
"27,15 : 0.5644"
"15,28 : 0.2832"
"28,15 : 0.2832"
"15,29 : 0.2955"
"29,15 : 0.2955"
"15,30 : 0.6963"
"30,15 : 0.6963"
"15,31 : 0.3801"
"31,15 : 0.3801"
"15,32 : 0.5189"
"32,15 : 0.5189"
"15,33 : 0.2563"
"33,15 : 0.2563"
"15,34 : 0.153"
"34,15 : 0.153"
"15,35 : 0.392"
"35,15 : 0.392"
"15,36 : 0.487"
"36,15 : 0.487"
"15,37 : 0.201"
"37,15 : 0.201"
"15,38 : 0.7112"
"38,15 : 0.7112"
"15,39 : 0.2256"
"39,15 : 0.2256"
"15,40 : 0.2902"
"40,15 : 0.2902"
"15,41 : 0.508"
"41,15 : 0.508"
"15,42 : 0.3406"
"42,15 : 0.3406"
"15,43 : 0.5673"
"43,15 : 0.5673"
"15,44 : 0.5449"
"44,15 : 0.5449"
"15,45 : 0.4104"
"45,15 : 0.4104"
"15,46 : 0.2476"
"46,15 : 0.2476"
"15,47 : 0.2283"
"47,15 : 0.2283"
"15,48 : 0.43"
"48,15 : 0.43"
"15,49 : 0.264"
"49,15 : 0.264"
"16,17 : 0.6325"
"17,16 : 0.6325"
"16,18 : 0.642"
"18,16 : 0.642"
"16,19 : 0.7473"
"19,16 : 0.7473"
"16,20 : 0.3677"
"20,16 : 0.3677"
"16,21 : 0.8161"
"21,16 : 0.8161"
"16,22 : 0.5235"
"22,16 : 0.5235"
"16,23 : 0.2326"
"23,16 : 0.2326"
"16,24 : 0.3362"
"24,16 : 0.3362"
"16,25 : 0.6294"
"25,16 : 0.6294"
"16,26 : 0.8989"
"26,16 : 0.8989"
"16,27 : 0.136"
"27,16 : 0.136"
"16,28 : 0.4909"
"28,16 : 0.4909"
"16,29 : 0.8721"
"29,16 : 0.8721"
"16,30 : 0.1204"
"30,16 : 0.1204"
"16,31 : 0.8573"
"31,16 : 0.8573"
"16,32 : 0.2062"
"32,16 : 0.2062"
"16,33 : 0.5408"
"33,16 : 0.5408"
"16,34 : 0.5771"
"34,16 : 0.5771"
"16,35 : 0.4173"
"35,16 : 0.4173"
"16,36 : 0.9209"
"36,16 : 0.9209"
"16,37 : 0.6723"
"37,16 : 0.6723"
"16,38 : 0.2717"
"38,16 : 0.2717"
"16,39 : 0.8201"
"39,16 : 0.8201"
"16,40 : 0.6519"
"40,16 : 0.6519"
"16,41 : 0.5576"
"41,16 : 0.5576"
"16,42 : 0.644"
"42,16 : 0.644"
"16,43 : 0.4624"
"43,16 : 0.4624"
"16,44 : 0.4105"
"44,16 : 0.4105"
"16,45 : 0.9121"
"45,16 : 0.9121"
"16,46 : 0.8065"
"46,16 : 0.8065"
"16,47 : 0.7561"
"47,16 : 0.7561"
"16,48 : 0.7049"
"48,16 : 0.7049"
"16,49 : 0.4649"
"49,16 : 0.4649"
"17,18 : 0.7404"
"18,17 : 0.7404"
"17,19 : 0.4176"
"19,17 : 0.4176"
"17,20 : 0.7094"
"20,17 : 0.7094"
"17,21 : 0.4754"
"21,17 : 0.4754"
"17,22 : 0.272"
"22,17 : 0.272"
"17,23 : 0.4026"
"23,17 : 0.4026"
"17,24 : 0.4393"
"24,17 : 0.4393"
"17,25 : 0.6694"
"25,17 : 0.6694"
"17,26 : 0.5727"
"26,17 : 0.5727"
"17,27 : 0.65"
"27,17 : 0.65"
"17,28 : 0.507"
"28,17 : 0.507"
"17,29 : 0.3041"
"29,17 : 0.3041"
"17,30 : 0.6888"
"30,17 : 0.6888"
"17,31 : 0.2256"
"31,17 : 0.2256"
"17,32 : 0.4717"
"32,17 : 0.4717"
"17,33 : 0.0922"
"33,17 : 0.0922"
"17,34 : 0.114"
"34,17 : 0.114"
"17,35 : 0.5883"
"35,17 : 0.5883"
"17,36 : 0.7376"
"36,17 : 0.7376"
"17,37 : 0.4604"
"37,17 : 0.4604"
"17,38 : 0.6339"
"38,17 : 0.6339"
"17,39 : 0.3041"
"39,17 : 0.3041"
"17,40 : 0.0316"
"40,17 : 0.0316"
"17,41 : 0.7341"
"41,17 : 0.7341"
"17,42 : 0.0825"
"42,17 : 0.0825"
"17,43 : 0.7628"
"43,17 : 0.7628"
"17,44 : 0.3956"
"44,17 : 0.3956"
"17,45 : 0.2828"
"45,17 : 0.2828"
"17,46 : 0.4717"
"46,17 : 0.4717"
"17,47 : 0.473"
"47,17 : 0.473"
"17,48 : 0.17"
"48,17 : 0.17"
"17,49 : 0.1676"
"49,17 : 0.1676"
"18,19 : 0.4528"
"19,18 : 0.4528"
"18,20 : 0.3023"
"20,18 : 0.3023"
"18,21 : 0.4743"
"21,18 : 0.4743"
"18,22 : 0.8701"
"22,18 : 0.8701"
"18,23 : 0.636"
"23,18 : 0.636"
"18,24 : 0.3883"
"24,18 : 0.3883"
"18,25 : 0.0781"
"25,18 : 0.0781"
"18,26 : 0.4885"
"26,18 : 0.4885"
"18,27 : 0.5166"
"27,18 : 0.5166"
"18,28 : 0.2408"
"28,18 : 0.2408"
"18,29 : 0.7452"
"29,18 : 0.7452"
"18,30 : 0.7622"
"30,18 : 0.7622"
"18,31 : 0.8732"
"31,18 : 0.8732"
"18,32 : 0.7187"
"32,18 : 0.7187"
"18,33 : 0.7004"
"33,18 : 0.7004"
"18,34 : 0.6264"
"34,18 : 0.6264"
"18,35 : 0.2326"
"35,18 : 0.2326"
"18,36 : 0.3701"
"36,18 : 0.3701"
"18,37 : 0.3397"
"37,18 : 0.3397"
"18,38 : 0.8859"
"38,18 : 0.8859"
"18,39 : 0.6595"
"39,18 : 0.6595"
"18,40 : 0.772"
"40,18 : 0.772"
"18,41 : 0.0985"
"41,18 : 0.0985"
"18,42 : 0.8125"
"42,18 : 0.8125"
"18,43 : 0.2341"
"43,18 : 0.2341"
"18,44 : 0.8649"
"44,18 : 0.8649"
"18,45 : 0.8959"
"45,18 : 0.8959"
"18,46 : 0.4662"
"46,18 : 0.4662"
"18,47 : 0.4061"
"47,18 : 0.4061"
"18,48 : 0.9047"
"48,18 : 0.9047"
"18,49 : 0.6619"
"49,18 : 0.6619"
"19,20 : 0.5967"
"20,19 : 0.5967"
"19,21 : 0.0721"
"21,19 : 0.0721"
"19,22 : 0.6551"
"22,19 : 0.6551"
"19,23 : 0.5917"
"23,19 : 0.5917"
"19,24 : 0.4159"
"24,19 : 0.4159"
"19,25 : 0.3754"
"25,19 : 0.3754"
"19,26 : 0.1697"
"26,19 : 0.1697"
"19,27 : 0.6836"
"27,19 : 0.6836"
"19,28 : 0.3178"
"28,19 : 0.3178"
"19,29 : 0.3002"
"29,19 : 0.3002"
"19,30 : 0.8509"
"30,19 : 0.8509"
"19,31 : 0.461"
"31,19 : 0.461"
"19,32 : 0.6912"
"32,19 : 0.6912"
"19,33 : 0.4342"
"33,19 : 0.4342"
"19,34 : 0.3265"
"34,19 : 0.3265"
"19,35 : 0.4415"
"35,19 : 0.4415"
"19,36 : 0.3225"
"36,19 : 0.3225"
"19,37 : 0.1166"
"37,19 : 0.1166"
"19,38 : 0.8851"
"38,19 : 0.8851"
"19,39 : 0.2147"
"39,19 : 0.2147"
"19,40 : 0.4438"
"40,19 : 0.4438"
"19,41 : 0.4993"
"41,19 : 0.4993"
"19,42 : 0.5"
"42,19 : 0.5"
"19,43 : 0.5962"
"43,19 : 0.5962"
"19,44 : 0.7292"
"44,19 : 0.7292"
"19,45 : 0.4682"
"45,19 : 0.4682"
"19,46 : 0.064"
"46,19 : 0.064"
"19,47 : 0.0608"
"47,19 : 0.0608"
"19,48 : 0.5825"
"48,19 : 0.5825"
"19,49 : 0.4482"
"49,19 : 0.4482"
"20,21 : 0.6478"
"21,20 : 0.6478"
"20,22 : 0.74"
"22,20 : 0.74"
"20,23 : 0.4455"
"23,20 : 0.4455"
"20,24 : 0.2702"
"24,20 : 0.2702"
"20,25 : 0.3195"
"25,20 : 0.3195"
"20,26 : 0.7003"
"26,20 : 0.7003"
"20,27 : 0.2326"
"27,20 : 0.2326"
"20,28 : 0.2789"
"28,20 : 0.2789"
"20,29 : 0.8324"
"29,20 : 0.8324"
"20,30 : 0.483"
"30,20 : 0.483"
"20,31 : 0.9003"
"31,20 : 0.9003"
"20,32 : 0.5001"
"32,20 : 0.5001"
"20,33 : 0.6382"
"33,20 : 0.6382"
"20,34 : 0.6081"
"34,20 : 0.6081"
"20,35 : 0.1552"
"35,20 : 0.1552"
"20,36 : 0.6456"
"36,20 : 0.6456"
"20,37 : 0.4866"
"37,20 : 0.4866"
"20,38 : 0.6332"
"38,20 : 0.6332"
"20,39 : 0.7558"
"39,20 : 0.7558"
"20,40 : 0.7388"
"40,20 : 0.7388"
"20,41 : 0.2062"
"41,20 : 0.2062"
"20,42 : 0.7603"
"42,20 : 0.7603"
"20,43 : 0.0949"
"43,20 : 0.0949"
"20,44 : 0.6859"
"44,20 : 0.6859"
"20,45 : 0.9402"
"45,20 : 0.9402"
"20,46 : 0.6379"
"46,20 : 0.6379"
"20,47 : 0.5756"
"47,20 : 0.5756"
"20,48 : 0.846"
"48,20 : 0.846"
"20,49 : 0.5745"
"49,20 : 0.5745"
"21,22 : 0.7211"
"22,21 : 0.7211"
"21,23 : 0.6637"
"23,21 : 0.6637"
"21,24 : 0.4827"
"24,21 : 0.4827"
"21,25 : 0.3996"
"25,21 : 0.3996"
"21,26 : 0.1"
"26,21 : 0.1"
"21,27 : 0.7481"
"27,21 : 0.7481"
"21,28 : 0.3712"
"28,21 : 0.3712"
"21,29 : 0.3132"
"29,21 : 0.3132"
"21,30 : 0.9211"
"30,21 : 0.9211"
"21,31 : 0.4916"
"31,21 : 0.4916"
"21,32 : 0.7632"
"32,21 : 0.7632"
"21,33 : 0.4993"
"33,21 : 0.4993"
"21,34 : 0.3912"
"34,21 : 0.3912"
"21,35 : 0.4937"
"35,21 : 0.4937"
"21,36 : 0.2807"
"36,21 : 0.2807"
"21,37 : 0.1612"
"37,21 : 0.1612"
"21,38 : 0.9572"
"38,21 : 0.9572"
"21,39 : 0.2335"
"39,21 : 0.2335"
"21,40 : 0.4998"
"40,21 : 0.4998"
"21,41 : 0.5323"
"41,21 : 0.5323"
"21,42 : 0.5571"
"42,21 : 0.5571"
"21,43 : 0.6389"
"43,21 : 0.6389"
"21,44 : 0.7993"
"44,21 : 0.7993"
"21,45 : 0.4903"
"45,21 : 0.4903"
"21,46 : 0.01"
"46,21 : 0.01"
"21,47 : 0.0728"
"47,21 : 0.0728"
"21,48 : 0.636"
"48,21 : 0.636"
"21,49 : 0.5174"
"49,21 : 0.5174"
"22,23 : 0.3106"
"23,22 : 0.3106"
"22,24 : 0.495"
"24,22 : 0.495"
"22,25 : 0.8122"
"25,22 : 0.8122"
"22,26 : 0.821"
"26,22 : 0.821"
"22,27 : 0.5964"
"27,22 : 0.5964"
"22,28 : 0.6307"
"28,22 : 0.6307"
"22,29 : 0.5745"
"29,22 : 0.5745"
"22,30 : 0.5334"
"30,22 : 0.5334"
"22,31 : 0.4535"
"31,22 : 0.4535"
"22,32 : 0.3202"
"32,22 : 0.3202"
"22,33 : 0.222"
"33,22 : 0.222"
"22,34 : 0.3302"
"34,22 : 0.3302"
"22,35 : 0.6661"
"35,22 : 0.6661"
"22,36 : 0.9585"
"36,22 : 0.9585"
"22,37 : 0.6648"
"37,22 : 0.6648"
"22,38 : 0.4198"
"38,22 : 0.4198"
"22,39 : 0.5749"
"39,22 : 0.5749"
"22,40 : 0.2642"
"40,22 : 0.2642"
"22,41 : 0.8338"
"41,22 : 0.8338"
"22,42 : 0.2154"
"42,22 : 0.2154"
"22,43 : 0.8174"
"43,22 : 0.8174"
"22,44 : 0.1513"
"44,22 : 0.1513"
"22,45 : 0.5142"
"45,22 : 0.5142"
"22,46 : 0.7156"
"46,22 : 0.7156"
"22,47 : 0.7024"
"47,22 : 0.7024"
"22,48 : 0.2202"
"48,22 : 0.2202"
"22,49 : 0.2184"
"49,22 : 0.2184"
"23,24 : 0.2508"
"24,23 : 0.2508"
"23,25 : 0.5962"
"25,23 : 0.5962"
"23,26 : 0.7572"
"26,23 : 0.7572"
"23,27 : 0.286"
"27,23 : 0.286"
"23,28 : 0.4206"
"28,23 : 0.4206"
"23,29 : 0.6612"
"29,23 : 0.6612"
"23,30 : 0.2902"
"30,23 : 0.2902"
"23,31 : 0.6282"
"31,23 : 0.6282"
"23,32 : 0.1"
"32,23 : 0.1"
"23,33 : 0.3105"
"33,23 : 0.3105"
"23,34 : 0.3601"
"34,23 : 0.3601"
"23,35 : 0.4079"
"35,23 : 0.4079"
"23,36 : 0.8288"
"36,23 : 0.8288"
"23,37 : 0.5456"
"37,23 : 0.5456"
"23,38 : 0.2941"
"38,23 : 0.2941"
"23,39 : 0.6198"
"39,23 : 0.6198"
"23,40 : 0.4206"
"40,23 : 0.4206"
"23,41 : 0.5771"
"41,23 : 0.5771"
"23,42 : 0.4115"
"42,23 : 0.4115"
"23,43 : 0.5315"
"43,23 : 0.5315"
"23,44 : 0.2408"
"44,23 : 0.2408"
"23,45 : 0.6845"
"45,23 : 0.6845"
"23,46 : 0.6551"
"46,23 : 0.6551"
"23,47 : 0.6161"
"47,23 : 0.6161"
"23,48 : 0.4743"
"48,23 : 0.4743"
"23,49 : 0.2354"
"49,23 : 0.2354"
"24,25 : 0.3454"
"25,24 : 0.3454"
"24,26 : 0.563"
"26,24 : 0.563"
"24,27 : 0.27"
"27,24 : 0.27"
"24,28 : 0.172"
"28,24 : 0.172"
"24,29 : 0.5914"
"29,24 : 0.5914"
"24,30 : 0.4478"
"30,24 : 0.4478"
"24,31 : 0.636"
"31,24 : 0.636"
"24,32 : 0.3413"
"32,24 : 0.3413"
"24,33 : 0.3689"
"33,24 : 0.3689"
"24,34 : 0.3406"
"34,24 : 0.3406"
"24,35 : 0.1712"
"35,24 : 0.1712"
"24,36 : 0.5955"
"36,24 : 0.5955"
"24,37 : 0.3362"
"37,24 : 0.3362"
"24,38 : 0.525"
"38,24 : 0.525"
"24,39 : 0.5239"
"39,24 : 0.5239"
"24,40 : 0.4686"
"40,24 : 0.4686"
"24,41 : 0.3401"
"41,24 : 0.3401"
"24,42 : 0.4909"
"42,24 : 0.4909"
"24,43 : 0.3311"
"43,24 : 0.3311"
"24,44 : 0.4768"
"44,24 : 0.4768"
"24,45 : 0.6796"
"45,24 : 0.6796"
"24,46 : 0.473"
"46,24 : 0.473"
"24,47 : 0.4206"
"47,24 : 0.4206"
"24,48 : 0.578"
"48,24 : 0.578"
"24,49 : 0.3087"
"49,24 : 0.3087"
"25,26 : 0.4206"
"26,25 : 0.4206"
"25,27 : 0.5122"
"27,25 : 0.5122"
"25,28 : 0.1825"
"28,25 : 0.1825"
"25,29 : 0.6671"
"29,25 : 0.6671"
"25,30 : 0.7497"
"30,25 : 0.7497"
"25,31 : 0.7965"
"31,25 : 0.7965"
"25,32 : 0.6843"
"32,25 : 0.6843"
"25,33 : 0.6339"
"33,25 : 0.6339"
"25,34 : 0.5554"
"34,25 : 0.5554"
"25,35 : 0.2121"
"35,25 : 0.2121"
"25,36 : 0.3276"
"36,25 : 0.3276"
"25,37 : 0.2617"
"37,25 : 0.2617"
"25,38 : 0.8598"
"38,25 : 0.8598"
"25,39 : 0.5814"
"39,25 : 0.5814"
"25,40 : 0.7009"
"40,25 : 0.7009"
"25,41 : 0.1414"
"41,25 : 0.1414"
"25,42 : 0.7433"
"42,25 : 0.7433"
"25,43 : 0.2707"
"43,25 : 0.2707"
"25,44 : 0.8174"
"44,25 : 0.8174"
"25,45 : 0.8184"
"45,25 : 0.8184"
"25,46 : 0.3912"
"46,25 : 0.3912"
"25,47 : 0.3302"
"47,25 : 0.3302"
"25,48 : 0.8355"
"48,25 : 0.8355"
"25,49 : 0.6"
"49,25 : 0.6"
"26,27 : 0.8223"
"27,26 : 0.8223"
"26,28 : 0.4329"
"28,26 : 0.4329"
"26,29 : 0.3812"
"29,26 : 0.3812"
"26,30 : 1.0072"
"30,26 : 1.0072"
"26,31 : 0.5704"
"31,26 : 0.5704"
"26,32 : 0.857"
"32,26 : 0.857"
"26,33 : 0.5991"
"33,26 : 0.5991"
"26,34 : 0.4909"
"34,26 : 0.4909"
"26,35 : 0.5504"
"35,26 : 0.5504"
"26,36 : 0.2154"
"36,26 : 0.2154"
"26,37 : 0.228"
"37,26 : 0.228"
"26,38 : 1.0512"
"38,26 : 1.0512"
"26,39 : 0.3106"
"39,26 : 0.3106"
"26,40 : 0.5962"
"40,26 : 0.5962"
"26,41 : 0.5604"
"41,26 : 0.5604"
"26,42 : 0.6539"
"42,26 : 0.6539"
"26,43 : 0.679"
"43,26 : 0.679"
"26,44 : 0.8987"
"44,26 : 0.8987"
"26,45 : 0.5614"
"45,26 : 0.5614"
"26,46 : 0.1063"
"46,26 : 0.1063"
"26,47 : 0.1432"
"47,26 : 0.1432"
"26,48 : 0.7305"
"48,26 : 0.7305"
"26,49 : 0.6172"
"49,26 : 0.6172"
"27,28 : 0.3956"
"28,27 : 0.3956"
"27,29 : 0.8515"
"29,27 : 0.8515"
"27,30 : 0.2506"
"30,27 : 0.2506"
"27,31 : 0.8676"
"31,27 : 0.8676"
"27,32 : 0.3036"
"32,27 : 0.3036"
"27,33 : 0.563"
"33,27 : 0.563"
"27,34 : 0.5738"
"34,27 : 0.5738"
"27,35 : 0.3023"
"35,27 : 0.3023"
"27,36 : 0.8188"
"36,27 : 0.8188"
"27,37 : 0.5944"
"37,27 : 0.5944"
"27,38 : 0.4061"
"38,27 : 0.4061"
"27,39 : 0.7892"
"39,27 : 0.7892"
"27,40 : 0.6742"
"40,27 : 0.6742"
"27,41 : 0.428"
"41,27 : 0.428"
"27,42 : 0.678"
"42,27 : 0.678"
"27,43 : 0.327"
"43,27 : 0.327"
"27,44 : 0.507"
"44,27 : 0.507"
"27,45 : 0.9179"
"45,27 : 0.9179"
"27,46 : 0.7382"
"46,27 : 0.7382"
"27,47 : 0.6825"
"47,27 : 0.6825"
"27,48 : 0.7507"
"48,27 : 0.7507"
"27,49 : 0.4883"
"49,27 : 0.4883"
"28,29 : 0.5661"
"29,28 : 0.5661"
"28,30 : 0.608"
"30,28 : 0.608"
"28,31 : 0.6622"
"31,28 : 0.6622"
"28,32 : 0.5131"
"32,28 : 0.5131"
"28,33 : 0.461"
"33,28 : 0.461"
"28,34 : 0.394"
"34,28 : 0.394"
"28,35 : 0.1237"
"35,28 : 0.1237"
"28,36 : 0.4301"
"36,28 : 0.4301"
"28,37 : 0.2102"
"37,28 : 0.2102"
"28,38 : 0.6966"
"38,28 : 0.6966"
"28,39 : 0.4855"
"39,28 : 0.4855"
"28,40 : 0.5385"
"40,28 : 0.5385"
"28,41 : 0.2283"
"41,28 : 0.2283"
"28,42 : 0.5757"
"42,28 : 0.5757"
"28,43 : 0.2884"
"43,28 : 0.2884"
"28,44 : 0.636"
"44,28 : 0.636"
"28,45 : 0.6935"
"45,28 : 0.6935"
"28,46 : 0.3612"
"46,28 : 0.3612"
"28,47 : 0.3002"
"47,28 : 0.3002"
"28,48 : 0.6676"
"48,28 : 0.6676"
"28,49 : 0.4211"
"49,28 : 0.4211"
"29,30 : 0.9505"
"30,29 : 0.9505"
"29,31 : 0.1965"
"31,29 : 0.1965"
"29,32 : 0.7467"
"32,29 : 0.7467"
"29,33 : 0.3795"
"33,29 : 0.3795"
"29,34 : 0.3015"
"34,29 : 0.3015"
"29,35 : 0.6826"
"35,29 : 0.6826"
"29,36 : 0.5903"
"36,29 : 0.5903"
"29,37 : 0.4061"
"37,29 : 0.4061"
"29,38 : 0.9242"
"38,29 : 0.9242"
"29,39 : 0.086"
"39,29 : 0.086"
"29,40 : 0.3106"
"40,29 : 0.3106"
"29,41 : 0.7783"
"41,29 : 0.7783"
"29,42 : 0.364"
"42,29 : 0.364"
"29,43 : 0.8545"
"43,29 : 0.8545"
"29,44 : 0.6986"
"44,29 : 0.6986"
"29,45 : 0.1803"
"45,29 : 0.1803"
"29,46 : 0.3162"
"46,29 : 0.3162"
"29,47 : 0.3578"
"47,29 : 0.3578"
"29,48 : 0.4111"
"48,29 : 0.4111"
"29,49 : 0.4393"
"49,29 : 0.4393"
"30,31 : 0.9141"
"31,30 : 0.9141"
"30,32 : 0.2214"
"32,30 : 0.2214"
"30,33 : 0.5968"
"33,30 : 0.5968"
"30,34 : 0.65"
"34,30 : 0.65"
"30,35 : 0.5376"
"35,30 : 0.5376"
"30,36 : 1.0381"
"36,30 : 1.0381"
"30,37 : 0.7826"
"37,30 : 0.7826"
"30,38 : 0.1868"
"38,30 : 0.1868"
"30,39 : 0.9055"
"39,30 : 0.9055"
"30,40 : 0.7041"
"40,30 : 0.7041"
"30,41 : 0.6768"
"41,30 : 0.6768"
"30,42 : 0.6868"
"42,30 : 0.6868"
"30,43 : 0.577"
"43,30 : 0.577"
"30,44 : 0.3982"
"44,30 : 0.3982"
"30,45 : 0.9716"
"45,30 : 0.9716"
"30,46 : 0.9118"
"46,30 : 0.9118"
"30,47 : 0.8641"
"47,30 : 0.8641"
"30,48 : 0.7354"
"48,30 : 0.7354"
"30,49 : 0.5235"
"49,30 : 0.5235"
"31,32 : 0.6958"
"32,31 : 0.6958"
"31,33 : 0.3178"
"33,31 : 0.3178"
"31,34 : 0.2968"
"34,31 : 0.2968"
"31,35 : 0.7638"
"35,31 : 0.7638"
"31,36 : 0.7723"
"36,31 : 0.7723"
"31,37 : 0.5478"
"37,31 : 0.5478"
"31,38 : 0.8502"
"38,31 : 0.8502"
"31,39 : 0.26"
"39,31 : 0.26"
"31,40 : 0.211"
"40,31 : 0.211"
"31,41 : 0.8881"
"41,31 : 0.8881"
"31,42 : 0.2419"
"42,31 : 0.2419"
"31,43 : 0.9407"
"43,31 : 0.9407"
"31,44 : 0.5968"
"44,31 : 0.5968"
"31,45 : 0.0608"
"45,31 : 0.0608"
"31,46 : 0.4925"
"46,31 : 0.4925"
"31,47 : 0.5217"
"47,31 : 0.5217"
"31,48 : 0.2506"
"48,31 : 0.2506"
"31,49 : 0.3929"
"49,31 : 0.3929"
"32,33 : 0.3805"
"33,32 : 0.3805"
"32,34 : 0.4455"
"34,32 : 0.4455"
"32,35 : 0.487"
"35,32 : 0.487"
"32,36 : 0.927"
"36,32 : 0.927"
"32,37 : 0.6454"
"37,32 : 0.6454"
"32,38 : 0.1942"
"38,32 : 0.1942"
"32,39 : 0.7106"
"39,32 : 0.7106"
"32,40 : 0.4851"
"40,32 : 0.4851"
"32,41 : 0.6525"
"41,32 : 0.6525"
"32,42 : 0.4657"
"42,32 : 0.4657"
"32,43 : 0.5914"
"43,32 : 0.5914"
"32,44 : 0.2059"
"44,32 : 0.2059"
"32,45 : 0.7543"
"45,32 : 0.7543"
"32,46 : 0.7547"
"46,32 : 0.7547"
"32,47 : 0.7161"
"47,32 : 0.7161"
"32,48 : 0.5148"
"48,32 : 0.5148"
"32,49 : 0.3102"
"49,32 : 0.3102"
"33,34 : 0.1082"
"34,33 : 0.1082"
"33,35 : 0.528"
"35,33 : 0.528"
"33,36 : 0.7433"
"36,33 : 0.7433"
"33,37 : 0.4535"
"37,33 : 0.4535"
"33,38 : 0.5474"
"38,33 : 0.5474"
"33,39 : 0.3636"
"39,33 : 0.3636"
"33,40 : 0.1118"
"40,33 : 0.1118"
"33,41 : 0.6831"
"41,33 : 0.6831"
"33,42 : 0.1221"
"42,33 : 0.1221"
"33,43 : 0.6984"
"43,33 : 0.6984"
"33,44 : 0.3225"
"44,33 : 0.3225"
"33,45 : 0.3748"
"45,33 : 0.3748"
"33,46 : 0.494"
"46,33 : 0.494"
"33,47 : 0.4833"
"47,33 : 0.4833"
"33,48 : 0.2102"
"48,33 : 0.2102"
"33,49 : 0.0762"
"49,33 : 0.0762"
"34,35 : 0.4801"
"35,34 : 0.4801"
"34,36 : 0.6389"
"36,34 : 0.6389"
"34,37 : 0.3536"
"37,34 : 0.3536"
"34,38 : 0.6264"
"38,34 : 0.6264"
"34,39 : 0.2693"
"39,34 : 0.2693"
"34,40 : 0.1456"
"40,34 : 0.1456"
"34,41 : 0.6217"
"41,34 : 0.6217"
"34,42 : 0.1903"
"42,34 : 0.1903"
"34,43 : 0.656"
"43,34 : 0.656"
"34,44 : 0.422"
"44,34 : 0.422"
"34,45 : 0.3444"
"45,34 : 0.3444"
"34,46 : 0.3859"
"46,34 : 0.3859"
"34,47 : 0.377"
"47,34 : 0.377"
"34,48 : 0.2816"
"48,34 : 0.2816"
"34,49 : 0.1432"
"49,34 : 0.1432"
"35,36 : 0.5189"
"36,35 : 0.5189"
"35,37 : 0.3324"
"37,35 : 0.3324"
"35,38 : 0.6537"
"38,35 : 0.6537"
"35,39 : 0.6042"
"39,35 : 0.6042"
"35,40 : 0.6191"
"40,35 : 0.6191"
"35,41 : 0.1703"
"41,35 : 0.1703"
"35,42 : 0.6485"
"42,35 : 0.6485"
"35,43 : 0.1769"
"43,35 : 0.1769"
"35,44 : 0.6428"
"44,35 : 0.6428"
"35,45 : 0.7998"
"45,35 : 0.7998"
"35,46 : 0.4837"
"46,35 : 0.4837"
"35,47 : 0.4219"
"47,35 : 0.4219"
"35,48 : 0.7382"
"48,35 : 0.7382"
"35,49 : 0.4743"
"49,35 : 0.4743"
"36,37 : 0.2953"
"37,36 : 0.2953"
"36,38 : 1.1172"
"38,36 : 1.1172"
"36,39 : 0.5135"
"39,36 : 0.5135"
"36,40 : 0.7649"
"40,36 : 0.7649"
"36,41 : 0.4627"
"41,36 : 0.4627"
"36,42 : 0.82"
"42,36 : 0.82"
"36,43 : 0.5968"
"43,36 : 0.5968"
"36,44 : 1.0102"
"44,36 : 1.0102"
"36,45 : 0.7694"
"45,36 : 0.7694"
"36,46 : 0.2802"
"46,36 : 0.2802"
"36,47 : 0.2648"
"47,36 : 0.2648"
"36,48 : 0.9043"
"48,36 : 0.9043"
"36,49 : 0.7425"
"49,36 : 0.7425"
"37,38 : 0.8387"
"38,37 : 0.8387"
"37,39 : 0.3202"
"39,37 : 0.3202"
"37,40 : 0.4901"
"40,37 : 0.4901"
"37,41 : 0.3828"
"41,37 : 0.3828"
"37,42 : 0.5415"
"42,37 : 0.5415"
"37,43 : 0.481"
"43,37 : 0.481"
"37,44 : 0.7156"
"44,37 : 0.7156"
"37,45 : 0.5636"
"45,37 : 0.5636"
"37,46 : 0.1513"
"46,37 : 0.1513"
"37,47 : 0.09"
"47,37 : 0.09"
"37,48 : 0.6303"
"48,37 : 0.6303"
"37,49 : 0.4478"
"49,37 : 0.4478"
"38,39 : 0.8949"
"39,38 : 0.8949"
"38,40 : 0.6412"
"40,38 : 0.6412"
"38,41 : 0.8102"
"41,38 : 0.8102"
"38,42 : 0.6101"
"42,38 : 0.6101"
"38,43 : 0.728"
"43,38 : 0.728"
"38,44 : 0.2693"
"44,38 : 0.2693"
"38,45 : 0.9105"
"45,38 : 0.9105"
"38,46 : 0.9487"
"46,38 : 0.9487"
"38,47 : 0.9102"
"47,38 : 0.9102"
"38,48 : 0.6379"
"48,38 : 0.6379"
"38,49 : 0.4851"
"49,38 : 0.4851"
"39,40 : 0.3189"
"40,39 : 0.3189"
"39,41 : 0.6943"
"41,39 : 0.6943"
"39,42 : 0.3764"
"42,39 : 0.3764"
"39,43 : 0.7739"
"43,39 : 0.7739"
"39,44 : 0.686"
"44,39 : 0.686"
"39,45 : 0.2571"
"45,39 : 0.2571"
"39,46 : 0.2354"
"46,39 : 0.2354"
"39,47 : 0.2731"
"47,39 : 0.2731"
"39,48 : 0.4391"
"48,39 : 0.4391"
"39,49 : 0.4123"
"49,39 : 0.4123"
"40,41 : 0.7656"
"41,40 : 0.7656"
"40,42 : 0.0583"
"42,40 : 0.0583"
"40,43 : 0.7932"
"43,40 : 0.7932"
"40,44 : 0.3956"
"44,40 : 0.3956"
"40,45 : 0.2702"
"45,40 : 0.2702"
"40,46 : 0.4965"
"46,40 : 0.4965"
"40,47 : 0.5001"
"47,40 : 0.5001"
"40,48 : 0.1404"
"48,40 : 0.1404"
"40,49 : 0.1879"
"49,40 : 0.1879"
"41,42 : 0.8006"
"42,41 : 0.8006"
"41,43 : 0.136"
"43,41 : 0.136"
"41,44 : 0.813"
"44,41 : 0.813"
"41,45 : 0.9168"
"45,41 : 0.9168"
"41,46 : 0.5233"
"46,41 : 0.5233"
"41,47 : 0.4607"
"47,41 : 0.4607"
"41,48 : 0.892"
"48,41 : 0.892"
"41,49 : 0.6356"
"49,41 : 0.6356"
"42,43 : 0.8199"
"43,42 : 0.8199"
"42,44 : 0.3551"
"44,42 : 0.3551"
"42,45 : 0.3027"
"45,42 : 0.3027"
"42,46 : 0.5536"
"46,42 : 0.5536"
"42,47 : 0.5554"
"47,42 : 0.5554"
"42,48 : 0.0922"
