x,y
0.28,0.27
0.88,0.33
0.17,0.4
0.59,0.27
0.59,0.66
0.65,0.22
0.82,0.73
0.24,0.68
0.79,0.63
0.69,0.39
0.24,0.02
0.18,0.59
0.4,0.66
0.02,0.82
0.15,0.52
0.98,0.55
0.17,0.93
0.65,0.5
0.89,0.38
0.43,0.31
0.4,0.24
0.62,0.21
0.31,0.62
0.85,0.51
0.66,0.26
0.69,0.93
0.14,0.34
0.76,0.59
0.56,0.16
0.55,0.78
0.97,0.97
0.71,0.06
0.31,0.31
0.37,0.77
0.45,0.24
0.5,0.98
0.03,0.9
0.59,0.85
0.05,0.32
0.11,0.89
0.77,0.67
0.62,0.12
0.13,0.94
0.35,0.04
0.87,0.96
0.99,0.7
0.98,0.53
0.39,0.51
0.66,0.14
0.67,0.29
0.54,0.33
0.5,0.23
0.55,0.16
0.06,0.08
0.03,0.19
0.88,0.94
0.75,0.35
0.22,0.22
0.32,0.55
0.78,0.81
0.54,0.25
0.84,0.44
0.53,0.69
0.08,0.59
0.49,0.33
0.33,0.84
0.11,0.93
0.78,0.19
0.43,0.07
0.96,0.55
0.95,0.11
0.66,0.32
0.86,0.36
0.4,0.47
0.33,0.07
0.84,0.68
0.5,0.45
0.61,0.9
0.64,0.52
0.98,0.65
0.96,0.69
0.86,0.87
0.04,0.1
0.67,0.66
0.7,0.03
0.32,0.51
0.5,0.45
0.16,0.17
0.19,0.65
0.9,0.73
0.52,0.42
0.31,0.86
0.8,0.05
0.8,0.73
0.77,0.58
0.03,0.93
0.71,0.96
0.74,0.89
0.44,0.35
0.13,0.69

Distanze
"0,1 : 0.603"
"1,0 : 0.603"
"0,2 : 0.1703"
"2,0 : 0.1703"
"0,3 : 0.31"
"3,0 : 0.31"
"0,4 : 0.4982"
"4,0 : 0.4982"
"0,5 : 0.3734"
"5,0 : 0.3734"
"0,6 : 0.7094"
"6,0 : 0.7094"
"0,7 : 0.4119"
"7,0 : 0.4119"
"0,8 : 0.6243"
"8,0 : 0.6243"
"0,9 : 0.4272"
"9,0 : 0.4272"
"0,10 : 0.2532"
"10,0 : 0.2532"
"0,11 : 0.3353"
"11,0 : 0.3353"
"0,12 : 0.408"
"12,0 : 0.408"
"0,13 : 0.6084"
"13,0 : 0.6084"
"0,14 : 0.2818"
"14,0 : 0.2818"
"0,15 : 0.7539"
"15,0 : 0.7539"
"0,16 : 0.6691"
"16,0 : 0.6691"
"0,17 : 0.4357"
"17,0 : 0.4357"
"0,18 : 0.6198"
"18,0 : 0.6198"
"0,19 : 0.1552"
"19,0 : 0.1552"
"0,20 : 0.1237"
"20,0 : 0.1237"
"0,21 : 0.3453"
"21,0 : 0.3453"
"0,22 : 0.3513"
"22,0 : 0.3513"
"0,23 : 0.6185"
"23,0 : 0.6185"
"0,24 : 0.3801"
"24,0 : 0.3801"
"0,25 : 0.777"
"25,0 : 0.777"
"0,26 : 0.1565"
"26,0 : 0.1565"
"0,27 : 0.5769"
"27,0 : 0.5769"
"0,28 : 0.3008"
"28,0 : 0.3008"
"0,29 : 0.5771"
"29,0 : 0.5771"
"0,30 : 0.9829"
"30,0 : 0.9829"
"0,31 : 0.4785"
"31,0 : 0.4785"
"0,32 : 0.05"
"32,0 : 0.05"
"0,33 : 0.508"
"33,0 : 0.508"
"0,34 : 0.1726"
"34,0 : 0.1726"
"0,35 : 0.7433"
"35,0 : 0.7433"
"0,36 : 0.6778"
"36,0 : 0.6778"
"0,37 : 0.6576"
"37,0 : 0.6576"
"0,38 : 0.2354"
"38,0 : 0.2354"
"0,39 : 0.6429"
"39,0 : 0.6429"
"0,40 : 0.6325"
"40,0 : 0.6325"
"0,41 : 0.3716"
"41,0 : 0.3716"
"0,42 : 0.6866"
"42,0 : 0.6866"
"0,43 : 0.2404"
"43,0 : 0.2404"
"0,44 : 0.9079"
"44,0 : 0.9079"
"0,45 : 0.8301"
"45,0 : 0.8301"
"0,46 : 0.7467"
"46,0 : 0.7467"
"0,47 : 0.264"
"47,0 : 0.264"
"0,48 : 0.4016"
"48,0 : 0.4016"
"0,49 : 0.3905"
"49,0 : 0.3905"
"0,50 : 0.2668"
"50,0 : 0.2668"
"0,51 : 0.2236"
"51,0 : 0.2236"
"0,52 : 0.2915"
"52,0 : 0.2915"
"0,53 : 0.2907"
"53,0 : 0.2907"
"0,54 : 0.2625"
"54,0 : 0.2625"
"0,55 : 0.8994"
"55,0 : 0.8994"
"0,56 : 0.4768"
"56,0 : 0.4768"
"0,57 : 0.0781"
"57,0 : 0.0781"
"0,58 : 0.2828"
"58,0 : 0.2828"
"0,59 : 0.7359"
"59,0 : 0.7359"
"0,60 : 0.2608"
"60,0 : 0.2608"
"0,61 : 0.5852"
"61,0 : 0.5852"
"0,62 : 0.4888"
"62,0 : 0.4888"
"0,63 : 0.3774"
"63,0 : 0.3774"
"0,64 : 0.2184"
"64,0 : 0.2184"
"0,65 : 0.5722"
"65,0 : 0.5722"
"0,66 : 0.6815"
"66,0 : 0.6815"
"0,67 : 0.5064"
"67,0 : 0.5064"
"0,68 : 0.25"
"68,0 : 0.25"
"0,69 : 0.7354"
"69,0 : 0.7354"
"0,70 : 0.6888"
"70,0 : 0.6888"
"0,71 : 0.3833"
"71,0 : 0.3833"
"0,72 : 0.5869"
"72,0 : 0.5869"
"0,73 : 0.2332"
"73,0 : 0.2332"
"0,74 : 0.2062"
"74,0 : 0.2062"
"0,75 : 0.694"
"75,0 : 0.694"
"0,76 : 0.2843"
"76,0 : 0.2843"
"0,77 : 0.7112"
"77,0 : 0.7112"
"0,78 : 0.4383"
"78,0 : 0.4383"
"0,79 : 0.7965"
"79,0 : 0.7965"
"0,80 : 0.7992"
"80,0 : 0.7992"
"0,81 : 0.8345"
"81,0 : 0.8345"
"0,82 : 0.2941"
"82,0 : 0.2941"
"0,83 : 0.5515"
"83,0 : 0.5515"
"0,84 : 0.4837"
"84,0 : 0.4837"
"0,85 : 0.2433"
"85,0 : 0.2433"
"0,86 : 0.2843"
"86,0 : 0.2843"
"0,87 : 0.1562"
"87,0 : 0.1562"
"0,88 : 0.3905"
"88,0 : 0.3905"
"0,89 : 0.772"
"89,0 : 0.772"
"0,90 : 0.283"
"90,0 : 0.283"
"0,91 : 0.5908"
"91,0 : 0.5908"
"0,92 : 0.5646"
"92,0 : 0.5646"
"0,93 : 0.6943"
"93,0 : 0.6943"
"0,94 : 0.5798"
"94,0 : 0.5798"
"0,95 : 0.7058"
"95,0 : 0.7058"
"0,96 : 0.813"
"96,0 : 0.813"
"0,97 : 0.772"
"97,0 : 0.772"
"0,98 : 0.1789"
"98,0 : 0.1789"
"0,99 : 0.446"
"99,0 : 0.446"
"1,2 : 0.7134"
"2,1 : 0.7134"
"1,3 : 0.2961"
"3,1 : 0.2961"
"1,4 : 0.4393"
"4,1 : 0.4393"
"1,5 : 0.255"
"5,1 : 0.255"
"1,6 : 0.4045"
"6,1 : 0.4045"
"1,7 : 0.7295"
"7,1 : 0.7295"
"1,8 : 0.3132"
"8,1 : 0.3132"
"1,9 : 0.1992"
"9,1 : 0.1992"
"1,10 : 0.7111"
"10,1 : 0.7111"
"1,11 : 0.7467"
"11,1 : 0.7467"
"1,12 : 0.5825"
"12,1 : 0.5825"
"1,13 : 0.9898"
"13,1 : 0.9898"
"1,14 : 0.7543"
"14,1 : 0.7543"
"1,15 : 0.2417"
"15,1 : 0.2417"
"1,16 : 0.9296"
"16,1 : 0.9296"
"1,17 : 0.286"
"17,1 : 0.286"
"1,18 : 0.051"
"18,1 : 0.051"
"1,19 : 0.4504"
"19,1 : 0.4504"
"1,20 : 0.4884"
"20,1 : 0.4884"
"1,21 : 0.2864"
"21,1 : 0.2864"
"1,22 : 0.6395"
"22,1 : 0.6395"
"1,23 : 0.1825"
"23,1 : 0.1825"
"1,24 : 0.2309"
"24,1 : 0.2309"
"1,25 : 0.6294"
"25,1 : 0.6294"
"1,26 : 0.7401"
"26,1 : 0.7401"
"1,27 : 0.2864"
"27,1 : 0.2864"
"1,28 : 0.3624"
"28,1 : 0.3624"
"1,29 : 0.558"
"29,1 : 0.558"
"1,30 : 0.6463"
"30,1 : 0.6463"
"1,31 : 0.3191"
"31,1 : 0.3191"
"1,32 : 0.5704"
"32,1 : 0.5704"
"1,33 : 0.6736"
"33,1 : 0.6736"
"1,34 : 0.4393"
"34,1 : 0.4393"
"1,35 : 0.7529"
"35,1 : 0.7529"
"1,36 : 1.0234"
"36,1 : 1.0234"
"1,37 : 0.5954"
"37,1 : 0.5954"
"1,38 : 0.8301"
"38,1 : 0.8301"
"1,39 : 0.9521"
"39,1 : 0.9521"
"1,40 : 0.3574"
"40,1 : 0.3574"
"1,41 : 0.3342"
"41,1 : 0.3342"
"1,42 : 0.9667"
"42,1 : 0.9667"
"1,43 : 0.6042"
"43,1 : 0.6042"
"1,44 : 0.6301"
"44,1 : 0.6301"
"1,45 : 0.386"
"45,1 : 0.386"
"1,46 : 0.2236"
"46,1 : 0.2236"
"1,47 : 0.522"
"47,1 : 0.522"
"1,48 : 0.2907"
"48,1 : 0.2907"
"1,49 : 0.2138"
"49,1 : 0.2138"
"1,50 : 0.34"
"50,1 : 0.34"
"1,51 : 0.3929"
"51,1 : 0.3929"
"1,52 : 0.3712"
"52,1 : 0.3712"
"1,53 : 0.8573"
"53,1 : 0.8573"
"1,54 : 0.8615"
"54,1 : 0.8615"
"1,55 : 0.61"
"55,1 : 0.61"
"1,56 : 0.1315"
"56,1 : 0.1315"
"1,57 : 0.6691"
"57,1 : 0.6691"
"1,58 : 0.6017"
"58,1 : 0.6017"
"1,59 : 0.4903"
"59,1 : 0.4903"
"1,60 : 0.3493"
"60,1 : 0.3493"
"1,61 : 0.117"
"61,1 : 0.117"
"1,62 : 0.5021"
"62,1 : 0.5021"
"1,63 : 0.8412"
"63,1 : 0.8412"
"1,64 : 0.39"
"64,1 : 0.39"
"1,65 : 0.7501"
"65,1 : 0.7501"
"1,66 : 0.9762"
"66,1 : 0.9762"
"1,67 : 0.172"
"67,1 : 0.172"
"1,68 : 0.5197"
"68,1 : 0.5197"
"1,69 : 0.2341"
"69,1 : 0.2341"
"1,70 : 0.2309"
"70,1 : 0.2309"
"1,71 : 0.2202"
"71,1 : 0.2202"
"1,72 : 0.0361"
"72,1 : 0.0361"
"1,73 : 0.5"
"73,1 : 0.5"
"1,74 : 0.6084"
"74,1 : 0.6084"
"1,75 : 0.3523"
"75,1 : 0.3523"
"1,76 : 0.3985"
"76,1 : 0.3985"
"1,77 : 0.6307"
"77,1 : 0.6307"
"1,78 : 0.3061"
"78,1 : 0.3061"
"1,79 : 0.3353"
"79,1 : 0.3353"
"1,80 : 0.3688"
"80,1 : 0.3688"
"1,81 : 0.5404"
"81,1 : 0.5404"
"1,82 : 0.8709"
"82,1 : 0.8709"
"1,83 : 0.3912"
"83,1 : 0.3912"
"1,84 : 0.3499"
"84,1 : 0.3499"
"1,85 : 0.5882"
"85,1 : 0.5882"
"1,86 : 0.3985"
"86,1 : 0.3985"
"1,87 : 0.7376"
"87,1 : 0.7376"
"1,88 : 0.7606"
"88,1 : 0.7606"
"1,89 : 0.4005"
"89,1 : 0.4005"
"1,90 : 0.3711"
"90,1 : 0.3711"
"1,91 : 0.7783"
"91,1 : 0.7783"
"1,92 : 0.2912"
"92,1 : 0.2912"
"1,93 : 0.4079"
"93,1 : 0.4079"
"1,94 : 0.2731"
"94,1 : 0.2731"
"1,95 : 1.0404"
"95,1 : 1.0404"
"1,96 : 0.6525"
"96,1 : 0.6525"
"1,97 : 0.5772"
"97,1 : 0.5772"
"1,98 : 0.4405"
"98,1 : 0.4405"
"1,99 : 0.8319"
"99,1 : 0.8319"
"2,3 : 0.4397"
"3,2 : 0.4397"
"2,4 : 0.494"
"4,2 : 0.494"
"2,5 : 0.5126"
"5,2 : 0.5126"
"2,6 : 0.729"
"6,2 : 0.729"
"2,7 : 0.2886"
"7,2 : 0.2886"
"2,8 : 0.6613"
"8,2 : 0.6613"
"2,9 : 0.5201"
"9,2 : 0.5201"
"2,10 : 0.3864"
"10,2 : 0.3864"
"2,11 : 0.1903"
"11,2 : 0.1903"
"2,12 : 0.3471"
"12,2 : 0.3471"
"2,13 : 0.446"
"13,2 : 0.446"
"2,14 : 0.1217"
"14,2 : 0.1217"
"2,15 : 0.8238"
"15,2 : 0.8238"
"2,16 : 0.53"
"16,2 : 0.53"
"2,17 : 0.4903"
"17,2 : 0.4903"
"2,18 : 0.7203"
"18,2 : 0.7203"
"2,19 : 0.2751"
"19,2 : 0.2751"
"2,20 : 0.2802"
"20,2 : 0.2802"
"2,21 : 0.4885"
"21,2 : 0.4885"
"2,22 : 0.2608"
"22,2 : 0.2608"
"2,23 : 0.6888"
"23,2 : 0.6888"
"2,24 : 0.5096"
"24,2 : 0.5096"
"2,25 : 0.7425"
"25,2 : 0.7425"
"2,26 : 0.0671"
"26,2 : 0.0671"
"2,27 : 0.6198"
"27,2 : 0.6198"
"2,28 : 0.4579"
"28,2 : 0.4579"
"2,29 : 0.5374"
"29,2 : 0.5374"
"2,30 : 0.9823"
"30,2 : 0.9823"
"2,31 : 0.6381"
"31,2 : 0.6381"
"2,32 : 0.1664"
"32,2 : 0.1664"
"2,33 : 0.4206"
"33,2 : 0.4206"
"2,34 : 0.3225"
"34,2 : 0.3225"
"2,35 : 0.6673"
"35,2 : 0.6673"
"2,36 : 0.5192"
"36,2 : 0.5192"
"2,37 : 0.6155"
"37,2 : 0.6155"
"2,38 : 0.1442"
"38,2 : 0.1442"
"2,39 : 0.4937"
"39,2 : 0.4937"
"2,40 : 0.658"
"40,2 : 0.658"
"2,41 : 0.53"
"41,2 : 0.53"
"2,42 : 0.5415"
"42,2 : 0.5415"
"2,43 : 0.4025"
"43,2 : 0.4025"
"2,44 : 0.8964"
"44,2 : 0.8964"
"2,45 : 0.8732"
"45,2 : 0.8732"
"2,46 : 0.8204"
"46,2 : 0.8204"
"2,47 : 0.246"
"47,2 : 0.246"
"2,48 : 0.5547"
"48,2 : 0.5547"
"2,49 : 0.512"
"49,2 : 0.512"
"2,50 : 0.3766"
"50,2 : 0.3766"
"2,51 : 0.3712"
"51,2 : 0.3712"
"2,52 : 0.4494"
"52,2 : 0.4494"
"2,53 : 0.3384"
"53,2 : 0.3384"
"2,54 : 0.2524"
"54,2 : 0.2524"
"2,55 : 0.892"
"55,2 : 0.892"
"2,56 : 0.5822"
"56,2 : 0.5822"
"2,57 : 0.1868"
"57,2 : 0.1868"
"2,58 : 0.2121"
"58,2 : 0.2121"
"2,59 : 0.735"
"59,2 : 0.735"
"2,60 : 0.3992"
"60,2 : 0.3992"
"2,61 : 0.6712"
"61,2 : 0.6712"
"2,62 : 0.4623"
"62,2 : 0.4623"
"2,63 : 0.2102"
"63,2 : 0.2102"
"2,64 : 0.3276"
"64,2 : 0.3276"
"2,65 : 0.4682"
"65,2 : 0.4682"
"2,66 : 0.5334"
"66,2 : 0.5334"
"2,67 : 0.6451"
"67,2 : 0.6451"
"2,68 : 0.4201"
"68,2 : 0.4201"
"2,69 : 0.8041"
"69,2 : 0.8041"
"2,70 : 0.8322"
"70,2 : 0.8322"
"2,71 : 0.4965"
"71,2 : 0.4965"
"2,72 : 0.6912"
"72,2 : 0.6912"
"2,73 : 0.2404"
"73,2 : 0.2404"
"2,74 : 0.3667"
"74,2 : 0.3667"
"2,75 : 0.7262"
"75,2 : 0.7262"
"2,76 : 0.3338"
"76,2 : 0.3338"
"2,77 : 0.666"
"77,2 : 0.666"
"2,78 : 0.4851"
"78,2 : 0.4851"
"2,79 : 0.8477"
"79,2 : 0.8477"
"2,80 : 0.8415"
"80,2 : 0.8415"
"2,81 : 0.8349"
"81,2 : 0.8349"
"2,82 : 0.327"
"82,2 : 0.327"
"2,83 : 0.5636"
"83,2 : 0.5636"
"2,84 : 0.6464"
"84,2 : 0.6464"
"2,85 : 0.186"
"85,2 : 0.186"
"2,86 : 0.3338"
"86,2 : 0.3338"
"2,87 : 0.2302"
"87,2 : 0.2302"
"2,88 : 0.2508"
"88,2 : 0.2508"
"2,89 : 0.8011"
"89,2 : 0.8011"
"2,90 : 0.3506"
"90,2 : 0.3506"
"2,91 : 0.4808"
"91,2 : 0.4808"
"2,92 : 0.7207"
"92,2 : 0.7207"
"2,93 : 0.7112"
"93,2 : 0.7112"
"2,94 : 0.6264"
"94,2 : 0.6264"
"2,95 : 0.5482"
"95,2 : 0.5482"
"2,96 : 0.7779"
"96,2 : 0.7779"
"2,97 : 0.7517"
"97,2 : 0.7517"
"2,98 : 0.2746"
"98,2 : 0.2746"
"2,99 : 0.2927"
"99,2 : 0.2927"
"3,4 : 0.39"
"4,3 : 0.39"
"3,5 : 0.0781"
"5,3 : 0.0781"
"3,6 : 0.5143"
"6,3 : 0.5143"
"3,7 : 0.5391"
"7,3 : 0.5391"
"3,8 : 0.4118"
"8,3 : 0.4118"
"3,9 : 0.1562"
"9,3 : 0.1562"
"3,10 : 0.4301"
"10,3 : 0.4301"
"3,11 : 0.5201"
"11,3 : 0.5201"
"3,12 : 0.4338"
"12,3 : 0.4338"
"3,13 : 0.7921"
"13,3 : 0.7921"
"3,14 : 0.5061"
"14,3 : 0.5061"
"3,15 : 0.4801"
"15,3 : 0.4801"
"3,16 : 0.7823"
"16,3 : 0.7823"
"3,17 : 0.2377"
"17,3 : 0.2377"
"3,18 : 0.3195"
"18,3 : 0.3195"
"3,19 : 0.1649"
"19,3 : 0.1649"
"3,20 : 0.1924"
"20,3 : 0.1924"
"3,21 : 0.0671"
"21,3 : 0.0671"
"3,22 : 0.4482"
"22,3 : 0.4482"
"3,23 : 0.3538"
"23,3 : 0.3538"
"3,24 : 0.0707"
"24,3 : 0.0707"
"3,25 : 0.6675"
"25,3 : 0.6675"
"3,26 : 0.4554"
"26,3 : 0.4554"
"3,27 : 0.3624"
"27,3 : 0.3624"
"3,28 : 0.114"
"28,3 : 0.114"
"3,29 : 0.5116"
"29,3 : 0.5116"
"3,30 : 0.7965"
"30,3 : 0.7965"
"3,31 : 0.2419"
"31,3 : 0.2419"
"3,32 : 0.2828"
"32,3 : 0.2828"
"3,33 : 0.5463"
"33,3 : 0.5463"
"3,34 : 0.1432"
"34,3 : 0.1432"
"3,35 : 0.7157"
"35,3 : 0.7157"
"3,36 : 0.8429"
"36,3 : 0.8429"
"3,37 : 0.58"
"37,3 : 0.58"
"3,38 : 0.5423"
"38,3 : 0.5423"
"3,39 : 0.7841"
"39,3 : 0.7841"
"3,40 : 0.4386"
"40,3 : 0.4386"
"3,41 : 0.153"
"41,3 : 0.153"
"3,42 : 0.8127"
"42,3 : 0.8127"
"3,43 : 0.3324"
"43,3 : 0.3324"
"3,44 : 0.7446"
"44,3 : 0.7446"
"3,45 : 0.5873"
"45,3 : 0.5873"
"3,46 : 0.4687"
"46,3 : 0.4687"
"3,47 : 0.3124"
"47,3 : 0.3124"
"3,48 : 0.1476"
"48,3 : 0.1476"
"3,49 : 0.0825"
"49,3 : 0.0825"
"3,50 : 0.0781"
"50,3 : 0.0781"
"3,51 : 0.0985"
"51,3 : 0.0985"
"3,52 : 0.117"
"52,3 : 0.117"
"3,53 : 0.563"
"53,3 : 0.563"
"3,54 : 0.5657"
"54,3 : 0.5657"
"3,55 : 0.7301"
"55,3 : 0.7301"
"3,56 : 0.1789"
"56,3 : 0.1789"
"3,57 : 0.3734"
"57,3 : 0.3734"
"3,58 : 0.389"
"58,3 : 0.389"
"3,59 : 0.5725"
"59,3 : 0.5725"
"3,60 : 0.0539"
"60,3 : 0.0539"
"3,61 : 0.3023"
"61,3 : 0.3023"
"3,62 : 0.4243"
"62,3 : 0.4243"
"3,63 : 0.6021"
"63,3 : 0.6021"
"3,64 : 0.1166"
"64,3 : 0.1166"
"3,65 : 0.6265"
"65,3 : 0.6265"
"3,66 : 0.8161"
"66,3 : 0.8161"
"3,67 : 0.2062"
"67,3 : 0.2062"
"3,68 : 0.2561"
"68,3 : 0.2561"
"3,69 : 0.464"
"69,3 : 0.464"
"3,70 : 0.394"
"70,3 : 0.394"
"3,71 : 0.086"
"71,3 : 0.086"
"3,72 : 0.2846"
"72,3 : 0.2846"
"3,73 : 0.2759"
"73,3 : 0.2759"
"3,74 : 0.328"
"74,3 : 0.328"
"3,75 : 0.4802"
"75,3 : 0.4802"
"3,76 : 0.2012"
"76,3 : 0.2012"
"3,77 : 0.6303"
"77,3 : 0.6303"
"3,78 : 0.255"
"78,3 : 0.255"
"3,79 : 0.5445"
"79,3 : 0.5445"
"3,80 : 0.5597"
"80,3 : 0.5597"
"3,81 : 0.658"
"81,3 : 0.658"
"3,82 : 0.5757"
"82,3 : 0.5757"
"3,83 : 0.3981"
"83,3 : 0.3981"
"3,84 : 0.264"
"84,3 : 0.264"
"3,85 : 0.3612"
"85,3 : 0.3612"
"3,86 : 0.2012"
"86,3 : 0.2012"
"3,87 : 0.4415"
"87,3 : 0.4415"
"3,88 : 0.5517"
"88,3 : 0.5517"
"3,89 : 0.5547"
"89,3 : 0.5547"
"3,90 : 0.1655"
"90,3 : 0.1655"
"3,91 : 0.6531"
"91,3 : 0.6531"
"3,92 : 0.3041"
"92,3 : 0.3041"
"3,93 : 0.5057"
"93,3 : 0.5057"
"3,94 : 0.3585"
"94,3 : 0.3585"
"3,95 : 0.8656"
"95,3 : 0.8656"
"3,96 : 0.7004"
"96,3 : 0.7004"
"3,97 : 0.6379"
"97,3 : 0.6379"
"3,98 : 0.17"
"98,3 : 0.17"
"3,99 : 0.6229"
"99,3 : 0.6229"
"4,5 : 0.4441"
"5,4 : 0.4441"
"4,6 : 0.2404"
"6,4 : 0.2404"
"4,7 : 0.3506"
"7,4 : 0.3506"
"4,8 : 0.2022"
"8,4 : 0.2022"
"4,9 : 0.2879"
"9,4 : 0.2879"
"4,10 : 0.7295"
"10,4 : 0.7295"
"4,11 : 0.4159"
"11,4 : 0.4159"
"4,12 : 0.19"
"12,4 : 0.19"
"4,13 : 0.592"
"13,4 : 0.592"
"4,14 : 0.4617"
"14,4 : 0.4617"
"4,15 : 0.4052"
"15,4 : 0.4052"
"4,16 : 0.4993"
"16,4 : 0.4993"
"4,17 : 0.1709"
"17,4 : 0.1709"
"4,18 : 0.4104"
"18,4 : 0.4104"
"4,19 : 0.3848"
"19,4 : 0.3848"
"4,20 : 0.461"
"20,4 : 0.461"
"4,21 : 0.451"
"21,4 : 0.451"
"4,22 : 0.2828"
"22,4 : 0.2828"
"4,23 : 0.3002"
"23,4 : 0.3002"
"4,24 : 0.4061"
"24,4 : 0.4061"
"4,25 : 0.2879"
"25,4 : 0.2879"
"4,26 : 0.5522"
"26,4 : 0.5522"
"4,27 : 0.1838"
"27,4 : 0.1838"
"4,28 : 0.5009"
"28,4 : 0.5009"
"4,29 : 0.1265"
"29,4 : 0.1265"
"4,30 : 0.4904"
"30,4 : 0.4904"
"4,31 : 0.6119"
"31,4 : 0.6119"
"4,32 : 0.4482"
"32,4 : 0.4482"
"4,33 : 0.246"
"33,4 : 0.246"
"4,34 : 0.4427"
"34,4 : 0.4427"
"4,35 : 0.3324"
"35,4 : 0.3324"
"4,36 : 0.6093"
"36,4 : 0.6093"
"4,37 : 0.19"
"37,4 : 0.19"
"4,38 : 0.6381"
"38,4 : 0.6381"
"4,39 : 0.5323"
"39,4 : 0.5323"
"4,40 : 0.1803"
"40,4 : 0.1803"
"4,41 : 0.5408"
"41,4 : 0.5408"
"4,42 : 0.5385"
"42,4 : 0.5385"
"4,43 : 0.6648"
"43,4 : 0.6648"
"4,44 : 0.4104"
"44,4 : 0.4104"
"4,45 : 0.402"
"45,4 : 0.402"
"4,46 : 0.4111"
"46,4 : 0.4111"
"4,47 : 0.25"
"47,4 : 0.25"
"4,48 : 0.5247"
"48,4 : 0.5247"
"4,49 : 0.3785"
"49,4 : 0.3785"
"4,50 : 0.3338"
"50,4 : 0.3338"
"4,51 : 0.4393"
"51,4 : 0.4393"
"4,52 : 0.5016"
"52,4 : 0.5016"
"4,53 : 0.7857"
"53,4 : 0.7857"
"4,54 : 0.7311"
"54,4 : 0.7311"
"4,55 : 0.4031"
"55,4 : 0.4031"
"4,56 : 0.3489"
"56,4 : 0.3489"
"4,57 : 0.5749"
"57,4 : 0.5749"
"4,58 : 0.2915"
"58,4 : 0.2915"
"4,59 : 0.2421"
"59,4 : 0.2421"
"4,60 : 0.413"
"60,4 : 0.413"
"4,61 : 0.333"
"61,4 : 0.333"
"4,62 : 0.0671"
"62,4 : 0.0671"
"4,63 : 0.5148"
"63,4 : 0.5148"
"4,64 : 0.3448"
"64,4 : 0.3448"
"4,65 : 0.3162"
"65,4 : 0.3162"
"4,66 : 0.5507"
"66,4 : 0.5507"
"4,67 : 0.507"
"67,4 : 0.507"
"4,68 : 0.6113"
"68,4 : 0.6113"
"4,69 : 0.386"
"69,4 : 0.386"
"4,70 : 0.6573"
"70,4 : 0.6573"
"4,71 : 0.3471"
"71,4 : 0.3471"
"4,72 : 0.4036"
"72,4 : 0.4036"
"4,73 : 0.2687"
"73,4 : 0.2687"
"4,74 : 0.6447"
"74,4 : 0.6447"
"4,75 : 0.2508"
"75,4 : 0.2508"
"4,76 : 0.2285"
"76,4 : 0.2285"
"4,77 : 0.2408"
"77,4 : 0.2408"
"4,78 : 0.1487"
"78,4 : 0.1487"
"4,79 : 0.3901"
"79,4 : 0.3901"
"4,80 : 0.3712"
"80,4 : 0.3712"
"4,81 : 0.3421"
"81,4 : 0.3421"
"4,82 : 0.7849"
"82,4 : 0.7849"
"4,83 : 0.08"
"83,4 : 0.08"
"4,84 : 0.6395"
"84,4 : 0.6395"
"4,85 : 0.3089"
"85,4 : 0.3089"
"4,86 : 0.2285"
"86,4 : 0.2285"
"4,87 : 0.6519"
"87,4 : 0.6519"
"4,88 : 0.4001"
"88,4 : 0.4001"
"4,89 : 0.3178"
"89,4 : 0.3178"
"4,90 : 0.25"
"90,4 : 0.25"
"4,91 : 0.3441"
"91,4 : 0.3441"
"4,92 : 0.6451"
"92,4 : 0.6451"
"4,93 : 0.2214"
"93,4 : 0.2214"
"4,94 : 0.197"
"94,4 : 0.197"
"4,95 : 0.6217"
"95,4 : 0.6217"
"4,96 : 0.3231"
"96,4 : 0.3231"
"4,97 : 0.2746"
"97,4 : 0.2746"
"4,98 : 0.3444"
"98,4 : 0.3444"
"4,99 : 0.461"
"99,4 : 0.461"
"5,6 : 0.5376"
"6,5 : 0.5376"
"5,7 : 0.6162"
"7,5 : 0.6162"
"5,8 : 0.4332"
"8,5 : 0.4332"
"5,9 : 0.1746"
"9,5 : 0.1746"
"5,10 : 0.4562"
"10,5 : 0.4562"
"5,11 : 0.5982"
"11,5 : 0.5982"
"5,12 : 0.5061"
"12,5 : 0.5061"
"5,13 : 0.87"
"13,5 : 0.87"
"5,14 : 0.5831"
"14,5 : 0.5831"
"5,15 : 0.4667"
"15,5 : 0.4667"
"5,16 : 0.857"
"16,5 : 0.857"
"5,17 : 0.28"
"17,5 : 0.28"
"5,18 : 0.2884"
"18,5 : 0.2884"
"5,19 : 0.2377"
"19,5 : 0.2377"
"5,20 : 0.2508"
"20,5 : 0.2508"
"5,21 : 0.0316"
"21,5 : 0.0316"
"5,22 : 0.525"
"22,5 : 0.525"
"5,23 : 0.3523"
"23,5 : 0.3523"
"5,24 : 0.0412"
"24,5 : 0.0412"
"5,25 : 0.7111"
"25,5 : 0.7111"
"5,26 : 0.5239"
"26,5 : 0.5239"
"5,27 : 0.386"
"27,5 : 0.386"
"5,28 : 0.1082"
"28,5 : 0.1082"
"5,29 : 0.5689"
"29,5 : 0.5689"
"5,30 : 0.8154"
"30,5 : 0.8154"
"5,31 : 0.1709"
"31,5 : 0.1709"
"5,32 : 0.3517"
"32,5 : 0.3517"
"5,33 : 0.6172"
"33,5 : 0.6172"
"5,34 : 0.201"
"34,5 : 0.201"
"5,35 : 0.7747"
"35,5 : 0.7747"
"5,36 : 0.9202"
"36,5 : 0.9202"
"5,37 : 0.6329"
"37,5 : 0.6329"
"5,38 : 0.6083"
"38,5 : 0.6083"
"5,39 : 0.8605"
"39,5 : 0.8605"
"5,40 : 0.4657"
"40,5 : 0.4657"
"5,41 : 0.1044"
"41,5 : 0.1044"
"5,42 : 0.8881"
"42,5 : 0.8881"
"5,43 : 0.3499"
"43,5 : 0.3499"
"5,44 : 0.772"
"44,5 : 0.772"
"5,45 : 0.5882"
"45,5 : 0.5882"
"5,46 : 0.4528"
"46,5 : 0.4528"
"5,47 : 0.3895"
"47,5 : 0.3895"
"5,48 : 0.0806"
"48,5 : 0.0806"
"5,49 : 0.0728"
"49,5 : 0.0728"
"5,50 : 0.1556"
"50,5 : 0.1556"
"5,51 : 0.1503"
"51,5 : 0.1503"
"5,52 : 0.1166"
"52,5 : 0.1166"
"5,53 : 0.6064"
"53,5 : 0.6064"
"5,54 : 0.6207"
"54,5 : 0.6207"
"5,55 : 0.7558"
"55,5 : 0.7558"
"5,56 : 0.164"
"56,5 : 0.164"
"5,57 : 0.43"
"57,5 : 0.43"
"5,58 : 0.4667"
"58,5 : 0.4667"
"5,59 : 0.6042"
"59,5 : 0.6042"
"5,60 : 0.114"
"60,5 : 0.114"
"5,61 : 0.2907"
"61,5 : 0.2907"
"5,62 : 0.4851"
"62,5 : 0.4851"
"5,63 : 0.6796"
"63,5 : 0.6796"
"5,64 : 0.1942"
"64,5 : 0.1942"
"5,65 : 0.6977"
"65,5 : 0.6977"
"5,66 : 0.892"
"66,5 : 0.892"
"5,67 : 0.1334"
"67,5 : 0.1334"
"5,68 : 0.2663"
"68,5 : 0.2663"
"5,69 : 0.4528"
"69,5 : 0.4528"
"5,70 : 0.3195"
"70,5 : 0.3195"
"5,71 : 0.1005"
"71,5 : 0.1005"
"5,72 : 0.2524"
"72,5 : 0.2524"
"5,73 : 0.3536"
"73,5 : 0.3536"
"5,74 : 0.3534"
"74,5 : 0.3534"
"5,75 : 0.4977"
"75,5 : 0.4977"
"5,76 : 0.2746"
"76,5 : 0.2746"
"5,77 : 0.6812"
"77,5 : 0.6812"
"5,78 : 0.3002"
"78,5 : 0.3002"
"5,79 : 0.542"
"79,5 : 0.542"
"5,80 : 0.563"
"80,5 : 0.563"
"5,81 : 0.6831"
"81,5 : 0.6831"
"5,82 : 0.6217"
"82,5 : 0.6217"
"5,83 : 0.4405"
"83,5 : 0.4405"
"5,84 : 0.1965"
"84,5 : 0.1965"
"5,85 : 0.4393"
"85,5 : 0.4393"
"5,86 : 0.2746"
"86,5 : 0.2746"
"5,87 : 0.4925"
"87,5 : 0.4925"
"5,88 : 0.6297"
"88,5 : 0.6297"
"5,89 : 0.568"
"89,5 : 0.568"
"5,90 : 0.2385"
"90,5 : 0.2385"
"5,91 : 0.7247"
"91,5 : 0.7247"
"5,92 : 0.2267"
"92,5 : 0.2267"
"5,93 : 0.5316"
"93,5 : 0.5316"
"5,94 : 0.3795"
"94,5 : 0.3795"
"5,95 : 0.9426"
"95,5 : 0.9426"
"5,96 : 0.7424"
"96,5 : 0.7424"
"5,97 : 0.676"
"97,5 : 0.676"
"5,98 : 0.247"
"98,5 : 0.247"
"5,99 : 0.7009"
"99,5 : 0.7009"
"6,7 : 0.5822"
"7,6 : 0.5822"
"6,8 : 0.1044"
"8,6 : 0.1044"
"6,9 : 0.364"
"9,6 : 0.364"
"6,10 : 0.9168"
"10,6 : 0.9168"
"6,11 : 0.6551"
"11,6 : 0.6551"
"6,12 : 0.4258"
"12,6 : 0.4258"
"6,13 : 0.805"
"13,6 : 0.805"
"6,14 : 0.7021"
"14,6 : 0.7021"
"6,15 : 0.2408"
"15,6 : 0.2408"
"6,16 : 0.6801"
"16,6 : 0.6801"
"6,17 : 0.286"
"17,6 : 0.286"
"6,18 : 0.3569"
"18,6 : 0.3569"
"6,19 : 0.5731"
"19,6 : 0.5731"
"6,20 : 0.6454"
"20,6 : 0.6454"
"6,21 : 0.5571"
"21,6 : 0.5571"
"6,22 : 0.5217"
"22,6 : 0.5217"
"6,23 : 0.222"
"23,6 : 0.222"
"6,24 : 0.4965"
"24,6 : 0.4965"
"6,25 : 0.2385"
"25,6 : 0.2385"
"6,26 : 0.7839"
"26,6 : 0.7839"
"6,27 : 0.1523"
"27,6 : 0.1523"
"6,28 : 0.6265"
"28,6 : 0.6265"
"6,29 : 0.2746"
"29,6 : 0.2746"
"6,30 : 0.283"
"30,6 : 0.283"
"6,31 : 0.679"
"31,6 : 0.679"
"6,32 : 0.6607"
"32,6 : 0.6607"
"6,33 : 0.4518"
"33,6 : 0.4518"
"6,34 : 0.614"
"34,6 : 0.614"
"6,35 : 0.4061"
"35,6 : 0.4061"
"6,36 : 0.8081"
"36,6 : 0.8081"
"6,37 : 0.2594"
"37,6 : 0.2594"
"6,38 : 0.8724"
"38,6 : 0.8724"
"6,39 : 0.7278"
"39,6 : 0.7278"
"6,40 : 0.0781"
"40,6 : 0.0781"
"6,41 : 0.642"
"41,6 : 0.642"
"6,42 : 0.7212"
"42,6 : 0.7212"
"6,43 : 0.8349"
"43,6 : 0.8349"
"6,44 : 0.2354"
"44,6 : 0.2354"
"6,45 : 0.1726"
"45,6 : 0.1726"
"6,46 : 0.2561"
"46,6 : 0.2561"
"6,47 : 0.483"
"47,6 : 0.483"
"6,48 : 0.6113"
"48,6 : 0.6113"
"6,49 : 0.4649"
"49,6 : 0.4649"
"6,50 : 0.4883"
"50,6 : 0.4883"
"6,51 : 0.5936"
"51,6 : 0.5936"
"6,52 : 0.6307"
"52,6 : 0.6307"
"6,53 : 1.0"
"53,6 : 1.0"
"6,54 : 0.9569"
"54,6 : 0.9569"
"6,55 : 0.2184"
"55,6 : 0.2184"
"6,56 : 0.3864"
"56,6 : 0.3864"
"6,57 : 0.7875"
"57,6 : 0.7875"
"6,58 : 0.5314"
"58,6 : 0.5314"
"6,59 : 0.0894"
"59,6 : 0.0894"
"6,60 : 0.5557"
"60,6 : 0.5557"
"6,61 : 0.2907"
"61,6 : 0.2907"
"6,62 : 0.2927"
"62,6 : 0.2927"
"6,63 : 0.7531"
"63,6 : 0.7531"
"6,64 : 0.5186"
"64,6 : 0.5186"
"6,65 : 0.5022"
"65,6 : 0.5022"
"6,66 : 0.7376"
"66,6 : 0.7376"
"6,67 : 0.5415"
"67,6 : 0.5415"
"6,68 : 0.7666"
"68,6 : 0.7666"
"6,69 : 0.228"
"69,6 : 0.228"
"6,70 : 0.6335"
"70,6 : 0.6335"
"6,71 : 0.4401"
"71,6 : 0.4401"
"6,72 : 0.3722"
"72,6 : 0.3722"
"6,73 : 0.494"
"73,6 : 0.494"
"6,74 : 0.822"
"74,6 : 0.822"
"6,75 : 0.0539"
"75,6 : 0.0539"
"6,76 : 0.4252"
"76,6 : 0.4252"
"6,77 : 0.2702"
"77,6 : 0.2702"
"6,78 : 0.2766"
"78,6 : 0.2766"
"6,79 : 0.1789"
"79,6 : 0.1789"
"6,80 : 0.1456"
"80,6 : 0.1456"
"6,81 : 0.1456"
"81,6 : 0.1456"
"6,82 : 1.0026"
"82,6 : 1.0026"
"6,83 : 0.1655"
"83,6 : 0.1655"
"6,84 : 0.7102"
"84,6 : 0.7102"
"6,85 : 0.5463"
"85,6 : 0.5463"
"6,86 : 0.4252"
"86,6 : 0.4252"
"6,87 : 0.8656"
"87,6 : 0.8656"
"6,88 : 0.6351"
"88,6 : 0.6351"
"6,89 : 0.08"
"89,6 : 0.08"
"6,90 : 0.4314"
"90,6 : 0.4314"
"6,91 : 0.5263"
"91,6 : 0.5263"
"6,92 : 0.6803"
"92,6 : 0.6803"
"6,93 : 0.02"
"93,6 : 0.02"
"6,94 : 0.1581"
"94,6 : 0.1581"
"6,95 : 0.8149"
"95,6 : 0.8149"
"6,96 : 0.255"
"96,6 : 0.255"
"6,97 : 0.1789"
"97,6 : 0.1789"
"6,98 : 0.5374"
"98,6 : 0.5374"
"6,99 : 0.6912"
"99,6 : 0.6912"
"7,8 : 0.5523"
"8,7 : 0.5523"
"7,9 : 0.5354"
"9,7 : 0.5354"
"7,10 : 0.66"
"10,7 : 0.66"
"7,11 : 0.1082"
"11,7 : 0.1082"
"7,12 : 0.1612"
"12,7 : 0.1612"
"7,13 : 0.2608"
"13,7 : 0.2608"
"7,14 : 0.1836"
"14,7 : 0.1836"
"7,15 : 0.7513"
"15,7 : 0.7513"
"7,16 : 0.2596"
"16,7 : 0.2596"
"7,17 : 0.4478"
"17,7 : 0.4478"
"7,18 : 0.7159"
"18,7 : 0.7159"
"7,19 : 0.4159"
"19,7 : 0.4159"
"7,20 : 0.4682"
"20,7 : 0.4682"
"7,21 : 0.6044"
"21,7 : 0.6044"
"7,22 : 0.0922"
"22,7 : 0.0922"
"7,23 : 0.6332"
"23,7 : 0.6332"
"7,24 : 0.594"
"24,7 : 0.594"
"7,25 : 0.5148"
"25,7 : 0.5148"
"7,26 : 0.3544"
"26,7 : 0.3544"
"7,27 : 0.5277"
"27,7 : 0.5277"
"7,28 : 0.6106"
"28,7 : 0.6106"
"7,29 : 0.3257"
"29,7 : 0.3257"
"7,30 : 0.7855"
"30,7 : 0.7855"
"7,31 : 0.778"
"31,7 : 0.778"
"7,32 : 0.3766"
"32,7 : 0.3766"
"7,33 : 0.1581"
"33,7 : 0.1581"
"7,34 : 0.4875"
"34,7 : 0.4875"
"7,35 : 0.397"
"35,7 : 0.397"
"7,36 : 0.3041"
"36,7 : 0.3041"
"7,37 : 0.3891"
"37,7 : 0.3891"
"7,38 : 0.4071"
"38,7 : 0.4071"
"7,39 : 0.247"
"39,7 : 0.247"
"7,40 : 0.5301"
"40,7 : 0.5301"
"7,41 : 0.6768"
"41,7 : 0.6768"
"7,42 : 0.2823"
"42,7 : 0.2823"
"7,43 : 0.6494"
"43,7 : 0.6494"
"7,44 : 0.6894"
"44,7 : 0.6894"
"7,45 : 0.7503"
"45,7 : 0.7503"
"7,46 : 0.755"
"46,7 : 0.755"
"7,47 : 0.2267"
"47,7 : 0.2267"
"7,48 : 0.6841"
"48,7 : 0.6841"
"7,49 : 0.5805"
"49,7 : 0.5805"
"7,50 : 0.461"
"50,7 : 0.461"
"7,51 : 0.5197"
"51,7 : 0.5197"
"7,52 : 0.6054"
"52,7 : 0.6054"
"7,53 : 0.6264"
"53,7 : 0.6264"
"7,54 : 0.5331"
"54,7 : 0.5331"
"7,55 : 0.6908"
"55,7 : 0.6908"
"7,56 : 0.6075"
"56,7 : 0.6075"
"7,57 : 0.4604"
"57,7 : 0.4604"
"7,58 : 0.1526"
"58,7 : 0.1526"
"7,59 : 0.5554"
"59,7 : 0.5554"
"7,60 : 0.5243"
"60,7 : 0.5243"
"7,61 : 0.6462"
"61,7 : 0.6462"
"7,62 : 0.2902"
"62,7 : 0.2902"
"7,63 : 0.1836"
"63,7 : 0.1836"
"7,64 : 0.4301"
"64,7 : 0.4301"
"7,65 : 0.1836"
"65,7 : 0.1836"
"7,66 : 0.2818"
"66,7 : 0.2818"
"7,67 : 0.7292"
"67,7 : 0.7292"
"7,68 : 0.6389"
"68,7 : 0.6389"
"7,69 : 0.7316"
"69,7 : 0.7316"
"7,70 : 0.9105"
"70,7 : 0.9105"
"7,71 : 0.5532"
"71,7 : 0.5532"
"7,72 : 0.6977"
"72,7 : 0.6977"
"7,73 : 0.264"
"73,7 : 0.264"
"7,74 : 0.6166"
"74,7 : 0.6166"
"7,75 : 0.6"
"75,7 : 0.6"
"7,76 : 0.3471"
"76,7 : 0.3471"
"7,77 : 0.4305"
"77,7 : 0.4305"
"7,78 : 0.4308"
"78,7 : 0.4308"
"7,79 : 0.7406"
"79,7 : 0.7406"
"7,80 : 0.7201"
"80,7 : 0.7201"
"7,81 : 0.6485"
"81,7 : 0.6485"
"7,82 : 0.6135"
"82,7 : 0.6135"
"7,83 : 0.4305"
"83,7 : 0.4305"
"7,84 : 0.7963"
"84,7 : 0.7963"
"7,85 : 0.1879"
"85,7 : 0.1879"
"7,86 : 0.3471"
"86,7 : 0.3471"
"7,87 : 0.5162"
"87,7 : 0.5162"
"7,88 : 0.0583"
"88,7 : 0.0583"
"7,89 : 0.6619"
"89,7 : 0.6619"
"7,90 : 0.3821"
"90,7 : 0.3821"
"7,91 : 0.1931"
"91,7 : 0.1931"
"7,92 : 0.8429"
"92,7 : 0.8429"
"7,93 : 0.5622"
"93,7 : 0.5622"
"7,94 : 0.5394"
"94,7 : 0.5394"
"7,95 : 0.3265"
"95,7 : 0.3265"
"7,96 : 0.5471"
"96,7 : 0.5471"
"7,97 : 0.5423"
"97,7 : 0.5423"
"7,98 : 0.3859"
"98,7 : 0.3859"
"7,99 : 0.1105"
"99,7 : 0.1105"
"8,9 : 0.26"
"9,8 : 0.26"
"8,10 : 0.8213"
"10,8 : 0.8213"
"8,11 : 0.6113"
"11,8 : 0.6113"
"8,12 : 0.3912"
"12,8 : 0.3912"
"8,13 : 0.7931"
"13,8 : 0.7931"
"8,14 : 0.6494"
"14,8 : 0.6494"
"8,15 : 0.2062"
"15,8 : 0.2062"
"8,16 : 0.6888"
"16,8 : 0.6888"
"8,17 : 0.191"
"17,8 : 0.191"
"8,18 : 0.2693"
"18,8 : 0.2693"
"8,19 : 0.4817"
"19,8 : 0.4817"
"8,20 : 0.5515"
"20,8 : 0.5515"
"8,21 : 0.4531"
"21,8 : 0.4531"
"8,22 : 0.4801"
"22,8 : 0.4801"
"8,23 : 0.1342"
"23,8 : 0.1342"
"8,24 : 0.3922"
"24,8 : 0.3922"
"8,25 : 0.3162"
"25,8 : 0.3162"
"8,26 : 0.7118"
"26,8 : 0.7118"
"8,27 : 0.05"
"27,8 : 0.05"
"8,28 : 0.5233"
"28,8 : 0.5233"
"8,29 : 0.283"
"29,8 : 0.283"
"8,30 : 0.3847"
"30,8 : 0.3847"
"8,31 : 0.5756"
"31,8 : 0.5756"
"8,32 : 0.5769"
"32,8 : 0.5769"
"8,33 : 0.4427"
"33,8 : 0.4427"
"8,34 : 0.5174"
"34,8 : 0.5174"
"8,35 : 0.4545"
"35,8 : 0.4545"
"8,36 : 0.8065"
"36,8 : 0.8065"
"8,37 : 0.2973"
"37,8 : 0.2973"
"8,38 : 0.8023"
"38,8 : 0.8023"
"8,39 : 0.728"
"39,8 : 0.728"
"8,40 : 0.0447"
"40,8 : 0.0447"
"8,41 : 0.5376"
"41,8 : 0.5376"
"8,42 : 0.7292"
"42,8 : 0.7292"
"8,43 : 0.736"
"43,8 : 0.736"
"8,44 : 0.3396"
"44,8 : 0.3396"
"8,45 : 0.2119"
"45,8 : 0.2119"
"8,46 : 0.2147"
"46,8 : 0.2147"
"8,47 : 0.4176"
"47,8 : 0.4176"
"8,48 : 0.507"
"48,8 : 0.507"
"8,49 : 0.3606"
"49,8 : 0.3606"
"8,50 : 0.3905"
"50,8 : 0.3905"
"8,51 : 0.4941"
"51,8 : 0.4941"
"8,52 : 0.5277"
"52,8 : 0.5277"
"8,53 : 0.914"
"53,8 : 0.914"
"8,54 : 0.8782"
"54,8 : 0.8782"
"8,55 : 0.3228"
"55,8 : 0.3228"
"8,56 : 0.2828"
"56,8 : 0.2828"
"8,57 : 0.7021"
"57,8 : 0.7021"
"8,58 : 0.4768"
"58,8 : 0.4768"
"8,59 : 0.1803"
"59,8 : 0.1803"
"8,60 : 0.4549"
"60,8 : 0.4549"
"8,61 : 0.1965"
"61,8 : 0.1965"
"8,62 : 0.2668"
"62,8 : 0.2668"
"8,63 : 0.7111"
"63,8 : 0.7111"
"8,64 : 0.4243"
"64,8 : 0.4243"
"8,65 : 0.5057"
"65,8 : 0.5057"
"8,66 : 0.7432"
"66,8 : 0.7432"
"8,67 : 0.4401"
"67,8 : 0.4401"
"8,68 : 0.6657"
"68,8 : 0.6657"
"8,69 : 0.1879"
"69,8 : 0.1879"
"8,70 : 0.5441"
"70,8 : 0.5441"
"8,71 : 0.3362"
"71,8 : 0.3362"
"8,72 : 0.2789"
"72,8 : 0.2789"
"8,73 : 0.4215"
"73,8 : 0.4215"
"8,74 : 0.7247"
"74,8 : 0.7247"
"8,75 : 0.0707"
"75,8 : 0.0707"
"8,76 : 0.3413"
"76,8 : 0.3413"
"8,77 : 0.3245"
"77,8 : 0.3245"
"8,78 : 0.186"
"78,8 : 0.186"
"8,79 : 0.191"
"79,8 : 0.191"
"8,80 : 0.1803"
"80,8 : 0.1803"
"8,81 : 0.25"
"81,8 : 0.25"
"8,82 : 0.9184"
"82,8 : 0.9184"
"8,83 : 0.1237"
"83,8 : 0.1237"
"8,84 : 0.6067"
"84,8 : 0.6067"
"8,85 : 0.4851"
"85,8 : 0.4851"
"8,86 : 0.3413"
"86,8 : 0.3413"
"8,87 : 0.7801"
"87,8 : 0.7801"
"8,88 : 0.6003"
"88,8 : 0.6003"
"8,89 : 0.1487"
"89,8 : 0.1487"
"8,90 : 0.3421"
"90,8 : 0.3421"
"8,91 : 0.5323"
"91,8 : 0.5323"
"8,92 : 0.5801"
"92,8 : 0.5801"
"8,93 : 0.1005"
"93,8 : 0.1005"
"8,94 : 0.0539"
"94,8 : 0.0539"
"8,95 : 0.8171"
"95,8 : 0.8171"
"8,96 : 0.3396"
"96,8 : 0.3396"
"8,97 : 0.2648"
"97,8 : 0.2648"
"8,98 : 0.4482"
"98,8 : 0.4482"
"8,99 : 0.6627"
"99,8 : 0.6627"
"9,10 : 0.5826"
"10,9 : 0.5826"
"9,11 : 0.5478"
"11,9 : 0.5478"
"9,12 : 0.3962"
"12,9 : 0.3962"
"9,13 : 0.7961"
"13,9 : 0.7961"
"9,14 : 0.5554"
"14,9 : 0.5554"
"9,15 : 0.3312"
"15,9 : 0.3312"
"9,16 : 0.7497"
"16,9 : 0.7497"
"9,17 : 0.117"
"17,9 : 0.117"
"9,18 : 0.2002"
"18,9 : 0.2002"
"9,19 : 0.272"
"19,9 : 0.272"
"9,20 : 0.3265"
"20,9 : 0.3265"
"9,21 : 0.1931"
"21,9 : 0.1931"
"9,22 : 0.4442"
"22,9 : 0.4442"
"9,23 : 0.2"
"23,9 : 0.2"
"9,24 : 0.1334"
"24,9 : 0.1334"
"9,25 : 0.54"
"25,9 : 0.54"
"9,26 : 0.5523"
"26,9 : 0.5523"
"9,27 : 0.2119"
"27,9 : 0.2119"
"9,28 : 0.2642"
"28,9 : 0.2642"
"9,29 : 0.4144"
"29,9 : 0.4144"
"9,30 : 0.644"
"30,9 : 0.644"
"9,31 : 0.3306"
"31,9 : 0.3306"
"9,32 : 0.3883"
"32,9 : 0.3883"
"9,33 : 0.4968"
"33,9 : 0.4968"
"9,34 : 0.283"
"34,9 : 0.283"
"9,35 : 0.6198"
"35,9 : 0.6198"
"9,36 : 0.8341"
"36,9 : 0.8341"
"9,37 : 0.4707"
"37,9 : 0.4707"
"9,38 : 0.6438"
"38,9 : 0.6438"
"9,39 : 0.7658"
"39,9 : 0.7658"
"9,40 : 0.2912"
"40,9 : 0.2912"
"9,41 : 0.2789"
"41,9 : 0.2789"
"9,42 : 0.7849"
"42,9 : 0.7849"
"9,43 : 0.488"
"43,9 : 0.488"
"9,44 : 0.5977"
"44,9 : 0.5977"
"9,45 : 0.4314"
"45,9 : 0.4314"
"9,46 : 0.322"
"46,9 : 0.322"
"9,47 : 0.3231"
"47,9 : 0.3231"
"9,48 : 0.2518"
"48,9 : 0.2518"
"9,49 : 0.102"
"49,9 : 0.102"
"9,50 : 0.1616"
"50,9 : 0.1616"
"9,51 : 0.2484"
"51,9 : 0.2484"
"9,52 : 0.2693"
"52,9 : 0.2693"
"9,53 : 0.7021"
"53,9 : 0.7021"
"9,54 : 0.6896"
"54,9 : 0.6896"
"9,55 : 0.5819"
"55,9 : 0.5819"
"9,56 : 0.0721"
"56,9 : 0.0721"
"9,57 : 0.4998"
"57,9 : 0.4998"
"9,58 : 0.4031"
"58,9 : 0.4031"
"9,59 : 0.4295"
"59,9 : 0.4295"
"9,60 : 0.2052"
"60,9 : 0.2052"
"9,61 : 0.1581"
"61,9 : 0.1581"
"9,62 : 0.34"
"62,9 : 0.34"
"9,63 : 0.642"
"63,9 : 0.642"
"9,64 : 0.2088"
"64,9 : 0.2088"
"9,65 : 0.5763"
"65,9 : 0.5763"
"9,66 : 0.7925"
"66,9 : 0.7925"
"9,67 : 0.2193"
"67,9 : 0.2193"
"9,68 : 0.4123"
"68,9 : 0.4123"
"9,69 : 0.3138"
"69,9 : 0.3138"
"9,70 : 0.3821"
"70,9 : 0.3821"
"9,71 : 0.0762"
"71,9 : 0.0762"
"9,72 : 0.1726"
"72,9 : 0.1726"
"9,73 : 0.3008"
"73,9 : 0.3008"
"9,74 : 0.4817"
"74,9 : 0.4817"
"9,75 : 0.3265"
"75,9 : 0.3265"
"9,76 : 0.1992"
"76,9 : 0.1992"
"9,77 : 0.5162"
"77,9 : 0.5162"
"9,78 : 0.1393"
"78,9 : 0.1393"
"9,79 : 0.3895"
"79,9 : 0.3895"
"9,80 : 0.4036"
"80,9 : 0.4036"
"9,81 : 0.5092"
"81,9 : 0.5092"
"9,82 : 0.7118"
"82,9 : 0.7118"
"9,83 : 0.2707"
"83,9 : 0.2707"
"9,84 : 0.3601"
"84,9 : 0.3601"
"9,85 : 0.389"
"85,9 : 0.389"
"9,86 : 0.1992"
"86,9 : 0.1992"
"9,87 : 0.5738"
"87,9 : 0.5738"
"9,88 : 0.5636"
"88,9 : 0.5636"
"9,89 : 0.3996"
"89,9 : 0.3996"
"9,90 : 0.1726"
"90,9 : 0.1726"
"9,91 : 0.6044"
"91,9 : 0.6044"
"9,92 : 0.3574"
"92,9 : 0.3574"
"9,93 : 0.3574"
"93,9 : 0.3574"
"9,94 : 0.2062"
"94,9 : 0.2062"
"9,95 : 0.8528"
"95,9 : 0.8528"
"9,96 : 0.5704"
"96,9 : 0.5704"
"9,97 : 0.5025"
"97,9 : 0.5025"
"9,98 : 0.2532"
"98,9 : 0.2532"
"9,99 : 0.6353"
"99,9 : 0.6353"
"10,11 : 0.5731"
"11,10 : 0.5731"
"10,12 : 0.6597"
"12,10 : 0.6597"
"10,13 : 0.8297"
"13,10 : 0.8297"
"10,14 : 0.508"
"14,10 : 0.508"
"10,15 : 0.9102"
"15,10 : 0.9102"
"10,16 : 0.9127"
"16,10 : 0.9127"
"10,17 : 0.6313"
"17,10 : 0.6313"
"10,18 : 0.743"
"18,10 : 0.743"
"10,19 : 0.3467"
"19,10 : 0.3467"
"10,20 : 0.272"
"20,10 : 0.272"
"10,21 : 0.4249"
"21,10 : 0.4249"
"10,22 : 0.6041"
"22,10 : 0.6041"
"10,23 : 0.7824"
"23,10 : 0.7824"
"10,24 : 0.4837"
"24,10 : 0.4837"
"10,25 : 1.0152"
"25,10 : 1.0152"
"10,26 : 0.3353"
"26,10 : 0.3353"
"10,27 : 0.7716"
"27,10 : 0.7716"
"10,28 : 0.3493"
"28,10 : 0.3493"
"10,29 : 0.8208"
"29,10 : 0.8208"
"10,30 : 1.1981"
"30,10 : 1.1981"
"10,31 : 0.4717"
"31,10 : 0.4717"
"10,32 : 0.2983"
"32,10 : 0.2983"
"10,33 : 0.7612"
"33,10 : 0.7612"
"10,34 : 0.3041"
"34,10 : 0.3041"
"10,35 : 0.9946"
"35,10 : 0.9946"
"10,36 : 0.9047"
"36,10 : 0.9047"
"10,37 : 0.9008"
"37,10 : 0.9008"
"10,38 : 0.3551"
"38,10 : 0.3551"
"10,39 : 0.8797"
"39,10 : 0.8797"
"10,40 : 0.8387"
"40,10 : 0.8387"
"10,41 : 0.3929"
"41,10 : 0.3929"
"10,42 : 0.9266"
"42,10 : 0.9266"
"10,43 : 0.1118"
"43,10 : 0.1118"
"10,44 : 1.1316"
"44,10 : 1.1316"
"10,45 : 1.0124"
"45,10 : 1.0124"
"10,46 : 0.8987"
"46,10 : 0.8987"
"10,47 : 0.5124"
"47,10 : 0.5124"
"10,48 : 0.4368"
"48,10 : 0.4368"
"10,49 : 0.5077"
"49,10 : 0.5077"
"10,50 : 0.4314"
"50,10 : 0.4314"
"10,51 : 0.3342"
"51,10 : 0.3342"
"10,52 : 0.3401"
"52,10 : 0.3401"
"10,53 : 0.1897"
"53,10 : 0.1897"
"10,54 : 0.2702"
"54,10 : 0.2702"
"10,55 : 1.1207"
"55,10 : 1.1207"
"10,56 : 0.6075"
"56,10 : 0.6075"
"10,57 : 0.201"
"57,10 : 0.201"
"10,58 : 0.536"
"58,10 : 0.536"
"10,59 : 0.9569"
"59,10 : 0.9569"
"10,60 : 0.378"
"60,10 : 0.378"
"10,61 : 0.7324"
"61,10 : 0.7324"
"10,62 : 0.7301"
"62,10 : 0.7301"
"10,63 : 0.592"
"63,10 : 0.592"
"10,64 : 0.3982"
"64,10 : 0.3982"
"10,65 : 0.8249"
"65,10 : 0.8249"
"10,66 : 0.9192"
"66,10 : 0.9192"
"10,67 : 0.5661"
"67,10 : 0.5661"
"10,68 : 0.1965"
"68,10 : 0.1965"
"10,69 : 0.894"
"69,10 : 0.894"
"10,70 : 0.7157"
"70,10 : 0.7157"
"10,71 : 0.5161"
"71,10 : 0.5161"
"10,72 : 0.7071"
"72,10 : 0.7071"
"10,73 : 0.4776"
"73,10 : 0.4776"
"10,74 : 0.103"
"74,10 : 0.103"
"10,75 : 0.892"
"75,10 : 0.892"
"10,76 : 0.5025"
"76,10 : 0.5025"
"10,77 : 0.9546"
"77,10 : 0.9546"
"10,78 : 0.6403"
"78,10 : 0.6403"
"10,79 : 0.9719"
"79,10 : 0.9719"
"10,80 : 0.9835"
"80,10 : 0.9835"
"10,81 : 1.0521"
"81,10 : 1.0521"
"10,82 : 0.2154"
"82,10 : 0.2154"
"10,83 : 0.771"
"83,10 : 0.771"
"10,84 : 0.4601"
"84,10 : 0.4601"
"10,85 : 0.4965"
"85,10 : 0.4965"
"10,86 : 0.5025"
"86,10 : 0.5025"
"10,87 : 0.17"
"87,10 : 0.17"
"10,88 : 0.632"
"88,10 : 0.632"
"10,89 : 0.9694"
"89,10 : 0.9694"
"10,90 : 0.4883"
"90,10 : 0.4883"
"10,91 : 0.8429"
"91,10 : 0.8429"
"10,92 : 0.5608"
"92,10 : 0.5608"
"10,93 : 0.9043"
"93,10 : 0.9043"
"10,94 : 0.771"
"94,10 : 0.771"
"10,95 : 0.9339"
"95,10 : 0.9339"
"10,96 : 1.051"
"96,10 : 1.051"
"10,97 : 1.0034"
"97,10 : 1.0034"
"10,98 : 0.3859"
"98,10 : 0.3859"
"10,99 : 0.679"
"99,10 : 0.679"
"11,12 : 0.2309"
"12,11 : 0.2309"
"11,13 : 0.2802"
"13,11 : 0.2802"
"11,14 : 0.0762"
"14,11 : 0.0762"
"11,15 : 0.801"
"15,11 : 0.801"
"11,16 : 0.3401"
"16,11 : 0.3401"
"11,17 : 0.4785"
"17,11 : 0.4785"
"11,18 : 0.7404"
"18,11 : 0.7404"
"11,19 : 0.3754"
"19,11 : 0.3754"
"11,20 : 0.4134"
"20,11 : 0.4134"
"11,21 : 0.5814"
"21,11 : 0.5814"
"11,22 : 0.1334"
"22,11 : 0.1334"
"11,23 : 0.6748"
"23,11 : 0.6748"
"11,24 : 0.5825"
"24,11 : 0.5825"
"11,25 : 0.6129"
"25,11 : 0.6129"
"11,26 : 0.2532"
"26,11 : 0.2532"
"11,27 : 0.58"
"27,11 : 0.58"
"11,28 : 0.5738"
"28,11 : 0.5738"
"11,29 : 0.4159"
"29,11 : 0.4159"
"11,30 : 0.8766"
"30,11 : 0.8766"
"11,31 : 0.7495"
"31,11 : 0.7495"
"11,32 : 0.3087"
"32,11 : 0.3087"
"11,33 : 0.2617"
"33,11 : 0.2617"
"11,34 : 0.442"
"34,11 : 0.442"
"11,35 : 0.5045"
"35,11 : 0.5045"
"11,36 : 0.3444"
"36,11 : 0.3444"
"11,37 : 0.4855"
"37,11 : 0.4855"
"11,38 : 0.2997"
"38,11 : 0.2997"
"11,39 : 0.3081"
"39,11 : 0.3081"
"11,40 : 0.5954"
"40,11 : 0.5954"
"11,41 : 0.6438"
"41,11 : 0.6438"
"11,42 : 0.3536"
"42,11 : 0.3536"
"11,43 : 0.5757"
"43,11 : 0.5757"
"11,44 : 0.7829"
"44,11 : 0.7829"
"11,45 : 0.8174"
"45,11 : 0.8174"
"11,46 : 0.8022"
"46,11 : 0.8022"
"11,47 : 0.2247"
"47,11 : 0.2247"
"11,48 : 0.658"
"48,11 : 0.658"
"11,49 : 0.5745"
"49,11 : 0.5745"
"11,50 : 0.4441"
"50,11 : 0.4441"
"11,51 : 0.4817"
"51,11 : 0.4817"
"11,52 : 0.5673"
"52,11 : 0.5673"
"11,53 : 0.5239"
"53,11 : 0.5239"
"11,54 : 0.4272"
"54,11 : 0.4272"
"11,55 : 0.7826"
"55,11 : 0.7826"
"11,56 : 0.6185"
"56,11 : 0.6185"
"11,57 : 0.3722"
"57,11 : 0.3722"
"11,58 : 0.1456"
"58,11 : 0.1456"
"11,59 : 0.6391"
"59,11 : 0.6391"
"11,60 : 0.4952"
"60,11 : 0.4952"
"11,61 : 0.6768"
"61,11 : 0.6768"
"11,62 : 0.364"
"62,11 : 0.364"
"11,63 : 0.1"
"63,11 : 0.1"
"11,64 : 0.4046"
"64,11 : 0.4046"
"11,65 : 0.2915"
"65,11 : 0.2915"
"11,66 : 0.3471"
"66,11 : 0.3471"
"11,67 : 0.7211"
"67,11 : 0.7211"
"11,68 : 0.577"
"68,11 : 0.577"
"11,69 : 0.781"
"69,11 : 0.781"
"11,70 : 0.9074"
"70,11 : 0.9074"
"11,71 : 0.5507"
"71,11 : 0.5507"
"11,72 : 0.7178"
"72,11 : 0.7178"
"11,73 : 0.2506"
"73,11 : 0.2506"
"11,74 : 0.5412"
"74,11 : 0.5412"
"11,75 : 0.6661"
"75,11 : 0.6661"
"11,76 : 0.3493"
"76,11 : 0.3493"
"11,77 : 0.5301"
"77,11 : 0.5301"
"11,78 : 0.4653"
"78,11 : 0.4653"
"11,79 : 0.8022"
"79,11 : 0.8022"
"11,80 : 0.7864"
"80,11 : 0.7864"
"11,81 : 0.7354"
"81,11 : 0.7354"
"11,82 : 0.5096"
"82,11 : 0.5096"
"11,83 : 0.495"
"83,11 : 0.495"
"11,84 : 0.7642"
"84,11 : 0.7642"
"11,85 : 0.1612"
"85,11 : 0.1612"
"11,86 : 0.3493"
"86,11 : 0.3493"
"11,87 : 0.4205"
"87,11 : 0.4205"
"11,88 : 0.0608"
"88,11 : 0.0608"
"11,89 : 0.7335"
"89,11 : 0.7335"
"11,90 : 0.3801"
"90,11 : 0.3801"
"11,91 : 0.2997"
"91,11 : 0.2997"
"11,92 : 0.8222"
"92,11 : 0.8222"
"11,93 : 0.6356"
"93,11 : 0.6356"
"11,94 : 0.5901"
"94,11 : 0.5901"
"11,95 : 0.3716"
"95,11 : 0.3716"
"11,96 : 0.6464"
"96,11 : 0.6464"
"11,97 : 0.6353"
"97,11 : 0.6353"
"11,98 : 0.3538"
"98,11 : 0.3538"
"11,99 : 0.1118"
"99,11 : 0.1118"
"12,13 : 0.4123"
"13,12 : 0.4123"
"12,14 : 0.2865"
"14,12 : 0.2865"
"12,15 : 0.5903"
"15,12 : 0.5903"
"12,16 : 0.3547"
"16,12 : 0.3547"
"12,17 : 0.2968"
"17,12 : 0.2968"
"12,18 : 0.5644"
"18,12 : 0.5644"
"12,19 : 0.3513"
"19,12 : 0.3513"
"12,20 : 0.42"
"20,12 : 0.42"
"12,21 : 0.5009"
"21,12 : 0.5009"
"12,22 : 0.0985"
"22,12 : 0.0985"
"12,23 : 0.4743"
"23,12 : 0.4743"
"12,24 : 0.4771"
"24,12 : 0.4771"
"12,25 : 0.3962"
"25,12 : 0.3962"
"12,26 : 0.4123"
"26,12 : 0.4123"
"12,27 : 0.3667"
"27,12 : 0.3667"
"12,28 : 0.525"
"28,12 : 0.525"
"12,29 : 0.1921"
"29,12 : 0.1921"
"12,30 : 0.6488"
"30,12 : 0.6488"
"12,31 : 0.6754"
"31,12 : 0.6754"
"12,32 : 0.3614"
"32,12 : 0.3614"
"12,33 : 0.114"
"33,12 : 0.114"
"12,34 : 0.423"
"34,12 : 0.423"
"12,35 : 0.3353"
"35,12 : 0.3353"
"12,36 : 0.441"
"36,12 : 0.441"
"12,37 : 0.2687"
"37,12 : 0.2687"
"12,38 : 0.488"
"38,12 : 0.488"
"12,39 : 0.3701"
"39,12 : 0.3701"
"12,40 : 0.3701"
"40,12 : 0.3701"
"12,41 : 0.5831"
"41,12 : 0.5831"
"12,42 : 0.389"
"42,12 : 0.389"
"12,43 : 0.622"
"43,12 : 0.622"
"12,44 : 0.5576"
"44,12 : 0.5576"
"12,45 : 0.5914"
"45,12 : 0.5914"
"12,46 : 0.5944"
"46,12 : 0.5944"
"12,47 : 0.1503"
"47,12 : 0.1503"
"12,48 : 0.5814"
"48,12 : 0.5814"
"12,49 : 0.458"
"49,12 : 0.458"
"12,50 : 0.3585"
"50,12 : 0.3585"
"12,51 : 0.4415"
"51,12 : 0.4415"
"12,52 : 0.522"
"52,12 : 0.522"
"12,53 : 0.6723"
"53,12 : 0.6723"
"12,54 : 0.5982"
"54,12 : 0.5982"
"12,55 : 0.5557"
"55,12 : 0.5557"
"12,56 : 0.4675"
"56,12 : 0.4675"
"12,57 : 0.4754"
"57,12 : 0.4754"
"12,58 : 0.136"
"58,12 : 0.136"
"12,59 : 0.4085"
"59,12 : 0.4085"
"12,60 : 0.4332"
"60,12 : 0.4332"
"12,61 : 0.4919"
"61,12 : 0.4919"
"12,62 : 0.1334"
"62,12 : 0.1334"
"12,63 : 0.3276"
"63,12 : 0.3276"
"12,64 : 0.3421"
"64,12 : 0.3421"
"12,65 : 0.1931"
"65,12 : 0.1931"
"12,66 : 0.3962"
"66,12 : 0.3962"
"12,67 : 0.6044"
"67,12 : 0.6044"
"12,68 : 0.5908"
"68,12 : 0.5908"
"12,69 : 0.5707"
"69,12 : 0.5707"
"12,70 : 0.7778"
"70,12 : 0.7778"
"12,71 : 0.428"
"71,12 : 0.428"
"12,72 : 0.5492"
"72,12 : 0.5492"
"12,73 : 0.19"
"73,12 : 0.19"
"12,74 : 0.5941"
"74,12 : 0.5941"
"12,75 : 0.4405"
"75,12 : 0.4405"
"12,76 : 0.2326"
"76,12 : 0.2326"
"12,77 : 0.3189"
"77,12 : 0.3189"
"12,78 : 0.2778"
"78,12 : 0.2778"
"12,79 : 0.5801"
"79,12 : 0.5801"
"12,80 : 0.5608"
"80,12 : 0.5608"
"12,81 : 0.5057"
"81,12 : 0.5057"
"12,82 : 0.6657"
"82,12 : 0.6657"
"12,83 : 0.27"
"83,12 : 0.27"
"12,84 : 0.6978"
"84,12 : 0.6978"
"12,85 : 0.17"
"85,12 : 0.17"
"12,86 : 0.2326"
"86,12 : 0.2326"
"12,87 : 0.5456"
"87,12 : 0.5456"
"12,88 : 0.2102"
"88,12 : 0.2102"
"12,89 : 0.5049"
"89,12 : 0.5049"
"12,90 : 0.2683"
"90,12 : 0.2683"
"12,91 : 0.2193"
"91,12 : 0.2193"
"12,92 : 0.7295"
"92,12 : 0.7295"
"12,93 : 0.4061"
"93,12 : 0.4061"
"12,94 : 0.3785"
"94,12 : 0.3785"
"12,95 : 0.458"
"95,12 : 0.458"
"12,96 : 0.4314"
"96,12 : 0.4314"
"12,97 : 0.4105"
"97,12 : 0.4105"
"12,98 : 0.3126"
"98,12 : 0.3126"
"12,99 : 0.2717"
"99,12 : 0.2717"
"13,14 : 0.327"
"14,13 : 0.327"
"13,15 : 0.9972"
"15,13 : 0.9972"
"13,16 : 0.186"
"16,13 : 0.186"
"13,17 : 0.7066"
"17,13 : 0.7066"
"13,18 : 0.9749"
"18,13 : 0.9749"
"13,19 : 0.6544"
"19,13 : 0.6544"
"13,20 : 0.6934"
"20,13 : 0.6934"
"13,21 : 0.8556"
"21,13 : 0.8556"
"13,22 : 0.3523"
"22,13 : 0.3523"
