x,y
0.05,0.15
0.58,0.93
0.1,0.18
0.82,0.73
1.0,0.23
0.72,0.06
0.02,0.99
0.27,0.56
0.22,0.34
0.94,0.15
0.4,0.35
0.97,0.24
0.9,0.11
0.69,0.56
0.76,0.46
0.55,0.61
0.9,0.46
0.78,0.91
0.9,0.97
0.67,0.4
0.4,0.71
0.16,0.38
0.96,0.14
0.57,0.42
0.15,0.79
0.35,0.92
0.65,0.33
0.5,0.29
0.77,0.17
0.96,0.6
0.24,0.93
0.4,0.55
0.97,0.09
0.83,0.1
0.1,0.52
0.37,0.05
0.07,0.12
0.1,0.18
0.05,0.64
0.36,0.08
0.93,0.09
0.33,0.69
0.13,0.58
0.39,0.68
0.31,0.44
0.57,0.32
0.83,0.37
0.71,0.57
0.79,0.57
0.18,0.85
0.42,0.62
0.36,0.23
0.51,0.17
0.06,0.06
0.36,0.76
0.7,0.05
0.3,0.85
0.37,0.81
0.39,0.05
0.64,0.42
0.76,0.29
0.88,0.82
0.16,0.77
0.6,0.22
0.48,0.7
0.33,0.54
0.81,0.44
0.1,0.93
0.66,0.01
0.13,0.47
0.61,0.49
0.88,0.57
0.23,0.54
0.76,0.26
0.75,0.11
0.43,0.71
0.8,0.24
0.8,0.8
0.64,0.27
0.61,0.1
0.15,0.42
0.32,0.66
0.24,0.39
0.93,0.89
0.78,0.43
0.33,0.42
0.38,0.01
0.1,0.99
0.58,0.86
1.0,0.08
0.37,0.87
0.8,0.98
0.78,0.29
0.73,0.94
0.9,0.43
0.36,0.99
0.64,0.82
0.7,0.11
0.78,0.75
0.2,0.95

Distanze
"0,1 : 0.943"
"1,0 : 0.943"
"0,2 : 0.0583"
"2,0 : 0.0583"
"0,3 : 0.964"
"3,0 : 0.964"
"0,4 : 0.9534"
"4,0 : 0.9534"
"0,5 : 0.676"
"5,0 : 0.676"
"0,6 : 0.8405"
"6,0 : 0.8405"
"0,7 : 0.4653"
"7,0 : 0.4653"
"0,8 : 0.255"
"8,0 : 0.255"
"0,9 : 0.89"
"9,0 : 0.89"
"0,10 : 0.4031"
"10,0 : 0.4031"
"0,11 : 0.9244"
"11,0 : 0.9244"
"0,12 : 0.8509"
"12,0 : 0.8509"
"0,13 : 0.7601"
"13,0 : 0.7601"
"0,14 : 0.7747"
"14,0 : 0.7747"
"0,15 : 0.6794"
"15,0 : 0.6794"
"0,16 : 0.9048"
"16,0 : 0.9048"
"0,17 : 1.0538"
"17,0 : 1.0538"
"0,18 : 1.1811"
"18,0 : 1.1811"
"0,19 : 0.6685"
"19,0 : 0.6685"
"0,20 : 0.6604"
"20,0 : 0.6604"
"0,21 : 0.255"
"21,0 : 0.255"
"0,22 : 0.9101"
"22,0 : 0.9101"
"0,23 : 0.5859"
"23,0 : 0.5859"
"0,24 : 0.6478"
"24,0 : 0.6478"
"0,25 : 0.8264"
"25,0 : 0.8264"
"0,26 : 0.6264"
"26,0 : 0.6264"
"0,27 : 0.4713"
"27,0 : 0.4713"
"0,28 : 0.7203"
"28,0 : 0.7203"
"0,29 : 1.0152"
"29,0 : 1.0152"
"0,30 : 0.8028"
"30,0 : 0.8028"
"0,31 : 0.5315"
"31,0 : 0.5315"
"0,32 : 0.922"
"32,0 : 0.922"
"0,33 : 0.7816"
"33,0 : 0.7816"
"0,34 : 0.3734"
"34,0 : 0.3734"
"0,35 : 0.3353"
"35,0 : 0.3353"
"0,36 : 0.0361"
"36,0 : 0.0361"
"0,37 : 0.0583"
"37,0 : 0.0583"
"0,38 : 0.49"
"38,0 : 0.49"
"0,39 : 0.3178"
"39,0 : 0.3178"
"0,40 : 0.882"
"40,0 : 0.882"
"0,41 : 0.6083"
"41,0 : 0.6083"
"0,42 : 0.4374"
"42,0 : 0.4374"
"0,43 : 0.6297"
"43,0 : 0.6297"
"0,44 : 0.3895"
"44,0 : 0.3895"
"0,45 : 0.5471"
"45,0 : 0.5471"
"0,46 : 0.8104"
"46,0 : 0.8104"
"0,47 : 0.7823"
"47,0 : 0.7823"
"0,48 : 0.8509"
"48,0 : 0.8509"
"0,49 : 0.712"
"49,0 : 0.712"
"0,50 : 0.5982"
"50,0 : 0.5982"
"0,51 : 0.3202"
"51,0 : 0.3202"
"0,52 : 0.4604"
"52,0 : 0.4604"
"0,53 : 0.0906"
"53,0 : 0.0906"
"0,54 : 0.6843"
"54,0 : 0.6843"
"0,55 : 0.6576"
"55,0 : 0.6576"
"0,56 : 0.7433"
"56,0 : 0.7433"
"0,57 : 0.7335"
"57,0 : 0.7335"
"0,58 : 0.3544"
"58,0 : 0.3544"
"0,59 : 0.6488"
"59,0 : 0.6488"
"0,60 : 0.7237"
"60,0 : 0.7237"
"0,61 : 1.0667"
"61,0 : 1.0667"
"0,62 : 0.6297"
"62,0 : 0.6297"
"0,63 : 0.5544"
"63,0 : 0.5544"
"0,64 : 0.6981"
"64,0 : 0.6981"
"0,65 : 0.4801"
"65,0 : 0.4801"
"0,66 : 0.8134"
"66,0 : 0.8134"
"0,67 : 0.7816"
"67,0 : 0.7816"
"0,68 : 0.6259"
"68,0 : 0.6259"
"0,69 : 0.3298"
"69,0 : 0.3298"
"0,70 : 0.6551"
"70,0 : 0.6551"
"0,71 : 0.9302"
"71,0 : 0.9302"
"0,72 : 0.4295"
"72,0 : 0.4295"
"0,73 : 0.7185"
"73,0 : 0.7185"
"0,74 : 0.7011"
"74,0 : 0.7011"
"0,75 : 0.6768"
"75,0 : 0.6768"
"0,76 : 0.7554"
"76,0 : 0.7554"
"0,77 : 0.9925"
"77,0 : 0.9925"
"0,78 : 0.6021"
"78,0 : 0.6021"
"0,79 : 0.5622"
"79,0 : 0.5622"
"0,80 : 0.2879"
"80,0 : 0.2879"
"0,81 : 0.5771"
"81,0 : 0.5771"
"0,82 : 0.3061"
"82,0 : 0.3061"
"0,83 : 1.1498"
"83,0 : 1.1498"
"0,84 : 0.7819"
"84,0 : 0.7819"
"0,85 : 0.389"
"85,0 : 0.389"
"0,86 : 0.3585"
"86,0 : 0.3585"
"0,87 : 0.8415"
"87,0 : 0.8415"
"0,88 : 0.886"
"88,0 : 0.886"
"0,89 : 0.9526"
"89,0 : 0.9526"
"0,90 : 0.7879"
"90,0 : 0.7879"
"0,91 : 1.1187"
"91,0 : 1.1187"
"0,92 : 0.7433"
"92,0 : 0.7433"
"0,93 : 1.0424"
"93,0 : 1.0424"
"0,94 : 0.8949"
"94,0 : 0.8949"
"0,95 : 0.8954"
"95,0 : 0.8954"
"0,96 : 0.8927"
"96,0 : 0.8927"
"0,97 : 0.6512"
"97,0 : 0.6512"
"0,98 : 0.9449"
"98,0 : 0.9449"
"0,99 : 0.8139"
"99,0 : 0.8139"
"1,2 : 0.8904"
"2,1 : 0.8904"
"1,3 : 0.3124"
"3,1 : 0.3124"
"1,4 : 0.8163"
"4,1 : 0.8163"
"1,5 : 0.8812"
"5,1 : 0.8812"
"1,6 : 0.5632"
"6,1 : 0.5632"
"1,7 : 0.4827"
"7,1 : 0.4827"
"1,8 : 0.6912"
"8,1 : 0.6912"
"1,9 : 0.8591"
"9,1 : 0.8591"
"1,10 : 0.6073"
"10,1 : 0.6073"
"1,11 : 0.7926"
"11,1 : 0.7926"
"1,12 : 0.8802"
"12,1 : 0.8802"
"1,13 : 0.386"
"13,1 : 0.386"
"1,14 : 0.5033"
"14,1 : 0.5033"
"1,15 : 0.3214"
"15,1 : 0.3214"
"1,16 : 0.5686"
"16,1 : 0.5686"
"1,17 : 0.201"
"17,1 : 0.201"
"1,18 : 0.3225"
"18,1 : 0.3225"
"1,19 : 0.5376"
"19,1 : 0.5376"
"1,20 : 0.2843"
"20,1 : 0.2843"
"1,21 : 0.692"
"21,1 : 0.692"
"1,22 : 0.8766"
"22,1 : 0.8766"
"1,23 : 0.5101"
"23,1 : 0.5101"
"1,24 : 0.4522"
"24,1 : 0.4522"
"1,25 : 0.2302"
"25,1 : 0.2302"
"1,26 : 0.6041"
"26,1 : 0.6041"
"1,27 : 0.645"
"27,1 : 0.645"
"1,28 : 0.7834"
"28,1 : 0.7834"
"1,29 : 0.5033"
"29,1 : 0.5033"
"1,30 : 0.34"
"30,1 : 0.34"
"1,31 : 0.4205"
"31,1 : 0.4205"
"1,32 : 0.9261"
"32,1 : 0.9261"
"1,33 : 0.8668"
"33,1 : 0.8668"
"1,34 : 0.6313"
"34,1 : 0.6313"
"1,35 : 0.9047"
"35,1 : 0.9047"
"1,36 : 0.9572"
"36,1 : 0.9572"
"1,37 : 0.8904"
"37,1 : 0.8904"
"1,38 : 0.6042"
"38,1 : 0.6042"
"1,39 : 0.878"
"39,1 : 0.878"
"1,40 : 0.91"
"40,1 : 0.91"
"1,41 : 0.3466"
"41,1 : 0.3466"
"1,42 : 0.5701"
"42,1 : 0.5701"
"1,43 : 0.314"
"43,1 : 0.314"
"1,44 : 0.5595"
"44,1 : 0.5595"
"1,45 : 0.6101"
"45,1 : 0.6101"
"1,46 : 0.6133"
"46,1 : 0.6133"
"1,47 : 0.3828"
"47,1 : 0.3828"
"1,48 : 0.4168"
"48,1 : 0.4168"
"1,49 : 0.4079"
"49,1 : 0.4079"
"1,50 : 0.3489"
"50,1 : 0.3489"
"1,51 : 0.7338"
"51,1 : 0.7338"
"1,52 : 0.7632"
"52,1 : 0.7632"
"1,53 : 1.0136"
"53,1 : 1.0136"
"1,54 : 0.278"
"54,1 : 0.278"
"1,55 : 0.8881"
"55,1 : 0.8881"
"1,56 : 0.2912"
"56,1 : 0.2912"
"1,57 : 0.2419"
"57,1 : 0.2419"
"1,58 : 0.9003"
"58,1 : 0.9003"
"1,59 : 0.5135"
"59,1 : 0.5135"
"1,60 : 0.6648"
"60,1 : 0.6648"
"1,61 : 0.3195"
"61,1 : 0.3195"
"1,62 : 0.4494"
"62,1 : 0.4494"
"1,63 : 0.7103"
"63,1 : 0.7103"
"1,64 : 0.2508"
"64,1 : 0.2508"
"1,65 : 0.4632"
"65,1 : 0.4632"
"1,66 : 0.5413"
"66,1 : 0.5413"
"1,67 : 0.48"
"67,1 : 0.48"
"1,68 : 0.9235"
"68,1 : 0.9235"
"1,69 : 0.6435"
"69,1 : 0.6435"
"1,70 : 0.441"
"70,1 : 0.441"
"1,71 : 0.4686"
"71,1 : 0.4686"
"1,72 : 0.524"
"72,1 : 0.524"
"1,73 : 0.6938"
"73,1 : 0.6938"
"1,74 : 0.8374"
"74,1 : 0.8374"
"1,75 : 0.2663"
"75,1 : 0.2663"
"1,76 : 0.7242"
"76,1 : 0.7242"
"1,77 : 0.2555"
"77,1 : 0.2555"
"1,78 : 0.6627"
"78,1 : 0.6627"
"1,79 : 0.8305"
"79,1 : 0.8305"
"1,80 : 0.6671"
"80,1 : 0.6671"
"1,81 : 0.3748"
"81,1 : 0.3748"
"1,82 : 0.6381"
"82,1 : 0.6381"
"1,83 : 0.3523"
"83,1 : 0.3523"
"1,84 : 0.5385"
"84,1 : 0.5385"
"1,85 : 0.568"
"85,1 : 0.568"
"1,86 : 0.9415"
"86,1 : 0.9415"
"1,87 : 0.4837"
"87,1 : 0.4837"
"1,88 : 0.07"
"88,1 : 0.07"
"1,89 : 0.9481"
"89,1 : 0.9481"
"1,90 : 0.2184"
"90,1 : 0.2184"
"1,91 : 0.2256"
"91,1 : 0.2256"
"1,92 : 0.6705"
"92,1 : 0.6705"
"1,93 : 0.1503"
"93,1 : 0.1503"
"1,94 : 0.5936"
"94,1 : 0.5936"
"1,95 : 0.228"
"95,1 : 0.228"
"1,96 : 0.1253"
"96,1 : 0.1253"
"1,97 : 0.8287"
"97,1 : 0.8287"
"1,98 : 0.2691"
"98,1 : 0.2691"
"1,99 : 0.3805"
"99,1 : 0.3805"
"2,3 : 0.906"
"3,2 : 0.906"
"2,4 : 0.9014"
"4,2 : 0.9014"
"2,5 : 0.6315"
"5,2 : 0.6315"
"2,6 : 0.8139"
"6,2 : 0.8139"
"2,7 : 0.4163"
"7,2 : 0.4163"
"2,8 : 0.2"
"8,2 : 0.2"
"2,9 : 0.8405"
"9,2 : 0.8405"
"2,10 : 0.3448"
"10,2 : 0.3448"
"2,11 : 0.8721"
"11,2 : 0.8721"
"2,12 : 0.8031"
"12,2 : 0.8031"
"2,13 : 0.7018"
"13,2 : 0.7018"
"2,14 : 0.7169"
"14,2 : 0.7169"
"2,15 : 0.6224"
"15,2 : 0.6224"
"2,16 : 0.8476"
"16,2 : 0.8476"
"2,17 : 0.9976"
"17,2 : 0.9976"
"2,18 : 1.1243"
"18,2 : 1.1243"
"2,19 : 0.611"
"19,2 : 0.611"
"2,20 : 0.609"
"20,2 : 0.609"
"2,21 : 0.2088"
"21,2 : 0.2088"
"2,22 : 0.8609"
"22,2 : 0.8609"
"2,23 : 0.5277"
"23,2 : 0.5277"
"2,24 : 0.612"
"24,2 : 0.612"
"2,25 : 0.7811"
"25,2 : 0.7811"
"2,26 : 0.5701"
"26,2 : 0.5701"
"2,27 : 0.4148"
"27,2 : 0.4148"
"2,28 : 0.6701"
"28,2 : 0.6701"
"2,29 : 0.9571"
"29,2 : 0.9571"
"2,30 : 0.763"
"30,2 : 0.763"
"2,31 : 0.4763"
"31,2 : 0.4763"
"2,32 : 0.8746"
"32,2 : 0.8746"
"2,33 : 0.7344"
"33,2 : 0.7344"
"2,34 : 0.34"
"34,2 : 0.34"
"2,35 : 0.2997"
"35,2 : 0.2997"
"2,36 : 0.0671"
"36,2 : 0.0671"
"2,37 : 0.0"
"37,2 : 0.0"
"2,38 : 0.4627"
"38,2 : 0.4627"
"2,39 : 0.2786"
"39,2 : 0.2786"
"2,40 : 0.8349"
"40,2 : 0.8349"
"2,41 : 0.5595"
"41,2 : 0.5595"
"2,42 : 0.4011"
"42,2 : 0.4011"
"2,43 : 0.578"
"43,2 : 0.578"
"2,44 : 0.3342"
"44,2 : 0.3342"
"2,45 : 0.4904"
"45,2 : 0.4904"
"2,46 : 0.7543"
"46,2 : 0.7543"
"2,47 : 0.724"
"47,2 : 0.724"
"2,48 : 0.7926"
"48,2 : 0.7926"
"2,49 : 0.6748"
"49,2 : 0.6748"
"2,50 : 0.5441"
"50,2 : 0.5441"
"2,51 : 0.2648"
"51,2 : 0.2648"
"2,52 : 0.4101"
"52,2 : 0.4101"
"2,53 : 0.1265"
"53,2 : 0.1265"
"2,54 : 0.6356"
"54,2 : 0.6356"
"2,55 : 0.6139"
"55,2 : 0.6139"
"2,56 : 0.6992"
"56,2 : 0.6992"
"2,57 : 0.6854"
"57,2 : 0.6854"
"2,58 : 0.3178"
"58,2 : 0.3178"
"2,59 : 0.5909"
"59,2 : 0.5909"
"2,60 : 0.6691"
"60,2 : 0.6691"
"2,61 : 1.009"
"61,2 : 1.009"
"2,62 : 0.593"
"62,2 : 0.593"
"2,63 : 0.5016"
"63,2 : 0.5016"
"2,64 : 0.644"
"64,2 : 0.644"
"2,65 : 0.4272"
"65,2 : 0.4272"
"2,66 : 0.7561"
"66,2 : 0.7561"
"2,67 : 0.75"
"67,2 : 0.75"
"2,68 : 0.5852"
"68,2 : 0.5852"
"2,69 : 0.2915"
"69,2 : 0.2915"
"2,70 : 0.5968"
"70,2 : 0.5968"
"2,71 : 0.8721"
"71,2 : 0.8721"
"2,72 : 0.3828"
"72,2 : 0.3828"
"2,73 : 0.6648"
"73,2 : 0.6648"
"2,74 : 0.6538"
"74,2 : 0.6538"
"2,75 : 0.6243"
"75,2 : 0.6243"
"2,76 : 0.7026"
"76,2 : 0.7026"
"2,77 : 0.9351"
"77,2 : 0.9351"
"2,78 : 0.5474"
"78,2 : 0.5474"
"2,79 : 0.5162"
"79,2 : 0.5162"
"2,80 : 0.2452"
"80,2 : 0.2452"
"2,81 : 0.528"
"81,2 : 0.528"
"2,82 : 0.2524"
"82,2 : 0.2524"
"2,83 : 1.0922"
"83,2 : 1.0922"
"2,84 : 0.7245"
"84,2 : 0.7245"
"2,85 : 0.3324"
"85,2 : 0.3324"
"2,86 : 0.3276"
"86,2 : 0.3276"
"2,87 : 0.81"
"87,2 : 0.81"
"2,88 : 0.8323"
"88,2 : 0.8323"
"2,89 : 0.9055"
"89,2 : 0.9055"
"2,90 : 0.7409"
"90,2 : 0.7409"
"2,91 : 1.063"
"91,2 : 1.063"
"2,92 : 0.6888"
"92,2 : 0.6888"
"2,93 : 0.9872"
"93,2 : 0.9872"
"2,94 : 0.8382"
"94,2 : 0.8382"
"2,95 : 0.8507"
"95,2 : 0.8507"
"2,96 : 0.8374"
"96,2 : 0.8374"
"2,97 : 0.6041"
"97,2 : 0.6041"
"2,98 : 0.8873"
"98,2 : 0.8873"
"2,99 : 0.7765"
"99,2 : 0.7765"
"3,4 : 0.5314"
"4,3 : 0.5314"
"3,5 : 0.6774"
"5,3 : 0.6774"
"3,6 : 0.8412"
"6,3 : 0.8412"
"3,7 : 0.5757"
"7,3 : 0.5757"
"3,8 : 0.7156"
"8,3 : 0.7156"
"3,9 : 0.5923"
"9,3 : 0.5923"
"3,10 : 0.5664"
"10,3 : 0.5664"
"3,11 : 0.5124"
"11,3 : 0.5124"
"3,12 : 0.6251"
"12,3 : 0.6251"
"3,13 : 0.214"
"13,3 : 0.214"
"3,14 : 0.2766"
"14,3 : 0.2766"
"3,15 : 0.2955"
"15,3 : 0.2955"
"3,16 : 0.2816"
"16,3 : 0.2816"
"3,17 : 0.1844"
"17,3 : 0.1844"
"3,18 : 0.253"
"18,3 : 0.253"
"3,19 : 0.3625"
"19,3 : 0.3625"
"3,20 : 0.4205"
"20,3 : 0.4205"
"3,21 : 0.7471"
"21,3 : 0.7471"
"3,22 : 0.6064"
"22,3 : 0.6064"
"3,23 : 0.3982"
"23,3 : 0.3982"
"3,24 : 0.6727"
"24,3 : 0.6727"
"3,25 : 0.507"
"25,3 : 0.507"
"3,26 : 0.4346"
"26,3 : 0.4346"
"3,27 : 0.5441"
"27,3 : 0.5441"
"3,28 : 0.5622"
"28,3 : 0.5622"
"3,29 : 0.191"
"29,3 : 0.191"
"3,30 : 0.6135"
"30,3 : 0.6135"
"3,31 : 0.4569"
"31,3 : 0.4569"
"3,32 : 0.6573"
"32,3 : 0.6573"
"3,33 : 0.6301"
"33,3 : 0.6301"
"3,34 : 0.75"
"34,3 : 0.75"
"3,35 : 0.8154"
"35,3 : 0.8154"
"3,36 : 0.9667"
"36,3 : 0.9667"
"3,37 : 0.906"
"37,3 : 0.906"
"3,38 : 0.7752"
"38,3 : 0.7752"
"3,39 : 0.7963"
"39,3 : 0.7963"
"3,40 : 0.6494"
"40,3 : 0.6494"
"3,41 : 0.4916"
"41,3 : 0.4916"
"3,42 : 0.7061"
"42,3 : 0.7061"
"3,43 : 0.4329"
"43,3 : 0.4329"
"3,44 : 0.5867"
"44,3 : 0.5867"
"3,45 : 0.4802"
"45,3 : 0.4802"
"3,46 : 0.3601"
"46,3 : 0.3601"
"3,47 : 0.1942"
"47,3 : 0.1942"
"3,48 : 0.1628"
"48,3 : 0.1628"
"3,49 : 0.6512"
"49,3 : 0.6512"
"3,50 : 0.4148"
"50,3 : 0.4148"
"3,51 : 0.6794"
"51,3 : 0.6794"
"3,52 : 0.6401"
"52,3 : 0.6401"
"3,53 : 1.0132"
"53,3 : 1.0132"
"3,54 : 0.461"
"54,3 : 0.461"
"3,55 : 0.6905"
"55,3 : 0.6905"
"3,56 : 0.5337"
"56,3 : 0.5337"
"3,57 : 0.4571"
"57,3 : 0.4571"
"3,58 : 0.8045"
"58,3 : 0.8045"
"3,59 : 0.3585"
"59,3 : 0.3585"
"3,60 : 0.4441"
"60,3 : 0.4441"
"3,61 : 0.1082"
"61,3 : 0.1082"
"3,62 : 0.6612"
"62,3 : 0.6612"
"3,63 : 0.5554"
"63,3 : 0.5554"
"3,64 : 0.3413"
"64,3 : 0.3413"
"3,65 : 0.5255"
"65,3 : 0.5255"
"3,66 : 0.2902"
"66,3 : 0.2902"
"3,67 : 0.7473"
"67,3 : 0.7473"
"3,68 : 0.7376"
"68,3 : 0.7376"
"3,69 : 0.7374"
"69,3 : 0.7374"
"3,70 : 0.3189"
"70,3 : 0.3189"
"3,71 : 0.1709"
"71,3 : 0.1709"
"3,72 : 0.6198"
"72,3 : 0.6198"
"3,73 : 0.4738"
"73,3 : 0.4738"
"3,74 : 0.6239"
"74,3 : 0.6239"
"3,75 : 0.3905"
"75,3 : 0.3905"
"3,76 : 0.4904"
"76,3 : 0.4904"
"3,77 : 0.0728"
"77,3 : 0.0728"
"3,78 : 0.494"
"78,3 : 0.494"
"3,79 : 0.6641"
"79,3 : 0.6641"
"3,80 : 0.7382"
"80,3 : 0.7382"
"3,81 : 0.5049"
"81,3 : 0.5049"
"3,82 : 0.6723"
"82,3 : 0.6723"
"3,83 : 0.1942"
"83,3 : 0.1942"
"3,84 : 0.3027"
"84,3 : 0.3027"
"3,85 : 0.5798"
"85,3 : 0.5798"
"3,86 : 0.8438"
"86,3 : 0.8438"
"3,87 : 0.7655"
"87,3 : 0.7655"
"3,88 : 0.2729"
"88,3 : 0.2729"
"3,89 : 0.6745"
"89,3 : 0.6745"
"3,90 : 0.4713"
"90,3 : 0.4713"
"3,91 : 0.2508"
"91,3 : 0.2508"
"3,92 : 0.4418"
"92,3 : 0.4418"
"3,93 : 0.2285"
"93,3 : 0.2285"
"3,94 : 0.3105"
"94,3 : 0.3105"
"3,95 : 0.5284"
"95,3 : 0.5284"
"3,96 : 0.2012"
"96,3 : 0.2012"
"3,97 : 0.6315"
"97,3 : 0.6315"
"3,98 : 0.0447"
"98,3 : 0.0447"
"3,99 : 0.6579"
"99,3 : 0.6579"
"4,5 : 0.3276"
"5,4 : 0.3276"
"4,6 : 1.2402"
"6,4 : 1.2402"
"4,7 : 0.8011"
"7,4 : 0.8011"
"4,8 : 0.7877"
"8,4 : 0.7877"
"4,9 : 0.1"
"9,4 : 0.1"
"4,10 : 0.6119"
"10,4 : 0.6119"
"4,11 : 0.0316"
"11,4 : 0.0316"
"4,12 : 0.1562"
"12,4 : 0.1562"
"4,13 : 0.4528"
"13,4 : 0.4528"
"4,14 : 0.3324"
"14,4 : 0.3324"
"4,15 : 0.589"
"15,4 : 0.589"
"4,16 : 0.2508"
"16,4 : 0.2508"
"4,17 : 0.7147"
"17,4 : 0.7147"
"4,18 : 0.7467"
"18,4 : 0.7467"
"4,19 : 0.3712"
"19,4 : 0.3712"
"4,20 : 0.7684"
"20,4 : 0.7684"
"4,21 : 0.8533"
"21,4 : 0.8533"
"4,22 : 0.0985"
"22,4 : 0.0985"
"4,23 : 0.4701"
"23,4 : 0.4701"
"4,24 : 1.0179"
"24,4 : 1.0179"
"4,25 : 0.9479"
"25,4 : 0.9479"
"4,26 : 0.364"
"26,4 : 0.364"
"4,27 : 0.5036"
"27,4 : 0.5036"
"4,28 : 0.2377"
"28,4 : 0.2377"
"4,29 : 0.3722"
"29,4 : 0.3722"
"4,30 : 1.0332"
"30,4 : 1.0332"
"4,31 : 0.68"
"31,4 : 0.68"
"4,32 : 0.1432"
"32,4 : 0.1432"
"4,33 : 0.214"
"33,4 : 0.214"
"4,34 : 0.9456"
"34,4 : 0.9456"
"4,35 : 0.6552"
"35,4 : 0.6552"
"4,36 : 0.9365"
"36,4 : 0.9365"
"4,37 : 0.9014"
"37,4 : 0.9014"
"4,38 : 1.0347"
"38,4 : 1.0347"
"4,39 : 0.6573"
"39,4 : 0.6573"
"4,40 : 0.1565"
"40,4 : 0.1565"
"4,41 : 0.8127"
"41,4 : 0.8127"
"4,42 : 0.9378"
"42,4 : 0.9378"
"4,43 : 0.758"
"43,4 : 0.758"
"4,44 : 0.7212"
"44,4 : 0.7212"
"4,45 : 0.4393"
"45,4 : 0.4393"
"4,46 : 0.2202"
"46,4 : 0.2202"
"4,47 : 0.4469"
"47,4 : 0.4469"
"4,48 : 0.3996"
"48,4 : 0.3996"
"4,49 : 1.028"
"49,4 : 1.028"
"4,50 : 0.6989"
"50,4 : 0.6989"
"4,51 : 0.64"
"51,4 : 0.64"
"4,52 : 0.4937"
"52,4 : 0.4937"
"4,53 : 0.9552"
"53,4 : 0.9552"
"4,54 : 0.831"
"54,4 : 0.831"
"4,55 : 0.3499"
"55,4 : 0.3499"
"4,56 : 0.9351"
"56,4 : 0.9351"
"4,57 : 0.8563"
"57,4 : 0.8563"
"4,58 : 0.636"
"58,4 : 0.636"
"4,59 : 0.4071"
"59,4 : 0.4071"
"4,60 : 0.2474"
"60,4 : 0.2474"
"4,61 : 0.6021"
"61,4 : 0.6021"
"4,62 : 0.9986"
"62,4 : 0.9986"
"4,63 : 0.4001"
"63,4 : 0.4001"
"4,64 : 0.7009"
"64,4 : 0.7009"
"4,65 : 0.7382"
"65,4 : 0.7382"
"4,66 : 0.2832"
"66,4 : 0.2832"
"4,67 : 1.1402"
"67,4 : 1.1402"
"4,68 : 0.405"
"68,4 : 0.405"
"4,69 : 0.9025"
"69,4 : 0.9025"
"4,70 : 0.4687"
"70,4 : 0.4687"
"4,71 : 0.3606"
"71,4 : 0.3606"
"4,72 : 0.8301"
"72,4 : 0.8301"
"4,73 : 0.2419"
"73,4 : 0.2419"
"4,74 : 0.2773"
"74,4 : 0.2773"
"4,75 : 0.7452"
"75,4 : 0.7452"
"4,76 : 0.2002"
"76,4 : 0.2002"
"4,77 : 0.6041"
"77,4 : 0.6041"
"4,78 : 0.3622"
"78,4 : 0.3622"
"4,79 : 0.4111"
"79,4 : 0.4111"
"4,80 : 0.871"
"80,4 : 0.871"
"4,81 : 0.8045"
"81,4 : 0.8045"
"4,82 : 0.7767"
"82,4 : 0.7767"
"4,83 : 0.6637"
"83,4 : 0.6637"
"4,84 : 0.2973"
"84,4 : 0.2973"
"4,85 : 0.6964"
"85,4 : 0.6964"
"4,86 : 0.6579"
"86,4 : 0.6579"
"4,87 : 1.178"
"87,4 : 1.178"
"4,88 : 0.7572"
"88,4 : 0.7572"
"4,89 : 0.15"
"89,4 : 0.15"
"4,90 : 0.8981"
"90,4 : 0.8981"
"4,91 : 0.7762"
"91,4 : 0.7762"
"4,92 : 0.228"
"92,4 : 0.228"
"4,93 : 0.7596"
"93,4 : 0.7596"
"4,94 : 0.2236"
"94,4 : 0.2236"
"4,95 : 0.9936"
"95,4 : 0.9936"
"4,96 : 0.6912"
"96,4 : 0.6912"
"4,97 : 0.3231"
"97,4 : 0.3231"
"4,98 : 0.5646"
"98,4 : 0.5646"
"4,99 : 1.0763"
"99,4 : 1.0763"
"5,6 : 1.164"
"6,5 : 1.164"
"5,7 : 0.6727"
"7,5 : 0.6727"
"5,8 : 0.5731"
"8,5 : 0.5731"
"5,9 : 0.2377"
"9,5 : 0.2377"
"5,10 : 0.4319"
"10,5 : 0.4319"
"5,11 : 0.3081"
"11,5 : 0.3081"
"5,12 : 0.1868"
"12,5 : 0.1868"
"5,13 : 0.5009"
"13,5 : 0.5009"
"5,14 : 0.402"
"14,5 : 0.402"
"5,15 : 0.5757"
"15,5 : 0.5757"
"5,16 : 0.4386"
"16,5 : 0.4386"
"5,17 : 0.8521"
"17,5 : 0.8521"
"5,18 : 0.9276"
"18,5 : 0.9276"
"5,19 : 0.3437"
"19,5 : 0.3437"
"5,20 : 0.7245"
"20,5 : 0.7245"
"5,21 : 0.645"
"21,5 : 0.645"
"5,22 : 0.253"
"22,5 : 0.253"
"5,23 : 0.39"
"23,5 : 0.39"
"5,24 : 0.9262"
"24,5 : 0.9262"
"5,25 : 0.9362"
"25,5 : 0.9362"
"5,26 : 0.2789"
"26,5 : 0.2789"
"5,27 : 0.3183"
"27,5 : 0.3183"
"5,28 : 0.1208"
"28,5 : 0.1208"
"5,29 : 0.5909"
"29,5 : 0.5909"
"5,30 : 0.9936"
"30,5 : 0.9936"
"5,31 : 0.5852"
"31,5 : 0.5852"
"5,32 : 0.2518"
"32,5 : 0.2518"
"5,33 : 0.117"
"33,5 : 0.117"
"5,34 : 0.772"
"34,5 : 0.772"
"5,35 : 0.3501"
"35,5 : 0.3501"
"5,36 : 0.6528"
"36,5 : 0.6528"
"5,37 : 0.6315"
"37,5 : 0.6315"
"5,38 : 0.8862"
"38,5 : 0.8862"
"5,39 : 0.3606"
"39,5 : 0.3606"
"5,40 : 0.2121"
"40,5 : 0.2121"
"5,41 : 0.7409"
"41,5 : 0.7409"
"5,42 : 0.7864"
"42,5 : 0.7864"
"5,43 : 0.7024"
"43,5 : 0.7024"
"5,44 : 0.559"
"44,5 : 0.559"
"5,45 : 0.3002"
"45,5 : 0.3002"
"5,46 : 0.3289"
"46,5 : 0.3289"
"5,47 : 0.5101"
"47,5 : 0.5101"
"5,48 : 0.5148"
"48,5 : 0.5148"
"5,49 : 0.9569"
"49,5 : 0.9569"
"5,50 : 0.6353"
"50,5 : 0.6353"
"5,51 : 0.3981"
"51,5 : 0.3981"
"5,52 : 0.2371"
"52,5 : 0.2371"
"5,53 : 0.66"
"53,5 : 0.66"
"5,54 : 0.7871"
"54,5 : 0.7871"
"5,55 : 0.0224"
"55,5 : 0.0224"
"5,56 : 0.8947"
"56,5 : 0.8947"
"5,57 : 0.8276"
"57,5 : 0.8276"
"5,58 : 0.3302"
"58,5 : 0.3302"
"5,59 : 0.3688"
"59,5 : 0.3688"
"5,60 : 0.2335"
"60,5 : 0.2335"
"5,61 : 0.7767"
"61,5 : 0.7767"
"5,62 : 0.9043"
"62,5 : 0.9043"
"5,63 : 0.2"
"63,5 : 0.2"
"5,64 : 0.6835"
"64,5 : 0.6835"
"5,65 : 0.6185"
"65,5 : 0.6185"
"5,66 : 0.3905"
"66,5 : 0.3905"
"5,67 : 1.0683"
"67,5 : 1.0683"
"5,68 : 0.0781"
"68,5 : 0.0781"
"5,69 : 0.7185"
"69,5 : 0.7185"
"5,70 : 0.4438"
"70,5 : 0.4438"
"5,71 : 0.5345"
"71,5 : 0.5345"
"5,72 : 0.6859"
"72,5 : 0.6859"
"5,73 : 0.204"
"73,5 : 0.204"
"5,74 : 0.0583"
"74,5 : 0.0583"
"5,75 : 0.7118"
"75,5 : 0.7118"
"5,76 : 0.197"
"76,5 : 0.197"
"5,77 : 0.7443"
"77,5 : 0.7443"
"5,78 : 0.2247"
"78,5 : 0.2247"
"5,79 : 0.117"
"79,5 : 0.117"
"5,80 : 0.6742"
"80,5 : 0.6742"
"5,81 : 0.7211"
"81,5 : 0.7211"
"5,82 : 0.5825"
"82,5 : 0.5825"
"5,83 : 0.8562"
"83,5 : 0.8562"
"5,84 : 0.3748"
"84,5 : 0.3748"
"5,85 : 0.5308"
"85,5 : 0.5308"
"5,86 : 0.3437"
"86,5 : 0.3437"
"5,87 : 1.1177"
"87,5 : 1.1177"
"5,88 : 0.8122"
"88,5 : 0.8122"
"5,89 : 0.2807"
"89,5 : 0.2807"
"5,90 : 0.8824"
"90,5 : 0.8824"
"5,91 : 0.9235"
"91,5 : 0.9235"
"5,92 : 0.2377"
"92,5 : 0.2377"
"5,93 : 0.8801"
"93,5 : 0.8801"
"5,94 : 0.4115"
"94,5 : 0.4115"
"5,95 : 0.9972"
"95,5 : 0.9972"
"5,96 : 0.7642"
"96,5 : 0.7642"
"5,97 : 0.0539"
"97,5 : 0.0539"
"5,98 : 0.6926"
"98,5 : 0.6926"
"5,99 : 1.0308"
"99,5 : 1.0308"
"6,7 : 0.4974"
"7,6 : 0.4974"
"6,8 : 0.6801"
"8,6 : 0.6801"
"6,9 : 1.2458"
"9,6 : 1.2458"
"6,10 : 0.7443"
"10,6 : 0.7443"
"6,11 : 1.2104"
"11,6 : 1.2104"
"6,12 : 1.2445"
"12,6 : 1.2445"
"6,13 : 0.7961"
"13,6 : 0.7961"
"6,14 : 0.9102"
"14,6 : 0.9102"
"6,15 : 0.6522"
"15,6 : 0.6522"
"6,16 : 1.0273"
"16,6 : 1.0273"
"6,17 : 0.7642"
"17,6 : 0.7642"
"6,18 : 0.8802"
"18,6 : 0.8802"
"6,19 : 0.8778"
"19,6 : 0.8778"
"6,20 : 0.472"
"20,6 : 0.472"
"6,21 : 0.6259"
"21,6 : 0.6259"
"6,22 : 1.2673"
"22,6 : 1.2673"
"6,23 : 0.7921"
"23,6 : 0.7921"
"6,24 : 0.2385"
"24,6 : 0.2385"
"6,25 : 0.3373"
"25,6 : 0.3373"
"6,26 : 0.9124"
"26,6 : 0.9124"
"6,27 : 0.8488"
"27,6 : 0.8488"
"6,28 : 1.1113"
"28,6 : 1.1113"
"6,29 : 1.0177"
"29,6 : 1.0177"
"6,30 : 0.228"
"30,6 : 0.228"
"6,31 : 0.5814"
"31,6 : 0.5814"
"6,32 : 1.3086"
"32,6 : 1.3086"
"6,33 : 1.2034"
"33,6 : 1.2034"
"6,34 : 0.4768"
"34,6 : 0.4768"
"6,35 : 1.003"
"35,6 : 1.003"
"6,36 : 0.8714"
"36,6 : 0.8714"
"6,37 : 0.8139"
"37,6 : 0.8139"
"6,38 : 0.3513"
"38,6 : 0.3513"
"6,39 : 0.9714"
"39,6 : 0.9714"
"6,40 : 1.2799"
"40,6 : 1.2799"
"6,41 : 0.4314"
"41,6 : 0.4314"
"6,42 : 0.4245"
"42,6 : 0.4245"
"6,43 : 0.4827"
"43,6 : 0.4827"
"6,44 : 0.6218"
"44,6 : 0.6218"
"6,45 : 0.8668"
"45,6 : 0.8668"
"6,46 : 1.02"
"46,6 : 1.02"
"6,47 : 0.8078"
"47,6 : 0.8078"
"6,48 : 0.8771"
"48,6 : 0.8771"
"6,49 : 0.2126"
"49,6 : 0.2126"
"6,50 : 0.5449"
"50,6 : 0.5449"
"6,51 : 0.8326"
"51,6 : 0.8326"
"6,52 : 0.9552"
"52,6 : 0.9552"
"6,53 : 0.9309"
"53,6 : 0.9309"
"6,54 : 0.4105"
"54,6 : 0.4105"
"6,55 : 1.1602"
"55,6 : 1.1602"
"6,56 : 0.313"
"56,6 : 0.313"
"6,57 : 0.3936"
"57,6 : 0.3936"
"6,58 : 1.0102"
"58,6 : 1.0102"
"6,59 : 0.8422"
"59,6 : 0.8422"
"6,60 : 1.0186"
"60,6 : 1.0186"
"6,61 : 0.8766"
"61,6 : 0.8766"
"6,62 : 0.2608"
"62,6 : 0.2608"
"6,63 : 0.964"
"63,6 : 0.964"
"6,64 : 0.5438"
"64,6 : 0.5438"
"6,65 : 0.5464"
"65,6 : 0.5464"
"6,66 : 0.9626"
"66,6 : 0.9626"
"6,67 : 0.1"
"67,6 : 0.1"
"6,68 : 1.1705"
"68,6 : 1.1705"
"6,69 : 0.5315"
"69,6 : 0.5315"
"6,70 : 0.7734"
"70,6 : 0.7734"
"6,71 : 0.9571"
"71,6 : 0.9571"
"6,72 : 0.4966"
"72,6 : 0.4966"
"6,73 : 1.0395"
"73,6 : 1.0395"
"6,74 : 1.1434"
"74,6 : 1.1434"
"6,75 : 0.4965"
"75,6 : 0.4965"
"6,76 : 1.0821"
"76,6 : 1.0821"
"6,77 : 0.8028"
"77,6 : 0.8028"
"6,78 : 0.9502"
"78,6 : 0.9502"
"6,79 : 1.0678"
"79,6 : 1.0678"
"6,80 : 0.5846"
"80,6 : 0.5846"
"6,81 : 0.446"
"81,6 : 0.446"
"6,82 : 0.6391"
"82,6 : 0.6391"
"6,83 : 0.9155"
"83,6 : 0.9155"
"6,84 : 0.944"
"84,6 : 0.944"
"6,85 : 0.6488"
"85,6 : 0.6488"
"6,86 : 1.044"
"86,6 : 1.044"
"6,87 : 0.08"
"87,6 : 0.08"
"6,88 : 0.5749"
"88,6 : 0.5749"
"6,89 : 1.3373"
"89,6 : 1.3373"
"6,90 : 0.37"
"90,6 : 0.37"
"6,91 : 0.7801"
"91,6 : 0.7801"
"6,92 : 1.0332"
"92,6 : 1.0332"
"6,93 : 0.7118"
"93,6 : 0.7118"
"6,94 : 1.0431"
"94,6 : 1.0431"
"6,95 : 0.34"
"95,6 : 0.34"
"6,96 : 0.6429"
"96,6 : 0.6429"
"6,97 : 1.1121"
"97,6 : 1.1121"
"6,98 : 0.797"
"98,6 : 0.797"
"6,99 : 0.1844"
"99,6 : 0.1844"
"7,8 : 0.2256"
"8,7 : 0.2256"
"7,9 : 0.7855"
"9,7 : 0.7855"
"7,10 : 0.247"
"10,7 : 0.247"
"7,11 : 0.7697"
"11,7 : 0.7697"
"7,12 : 0.7742"
"12,7 : 0.7742"
"7,13 : 0.42"
"13,7 : 0.42"
"7,14 : 0.5001"
"14,7 : 0.5001"
"7,15 : 0.2844"
"15,7 : 0.2844"
"7,16 : 0.6379"
"16,7 : 0.6379"
"7,17 : 0.6185"
"17,7 : 0.6185"
"7,18 : 0.7517"
"18,7 : 0.7517"
"7,19 : 0.4308"
"19,7 : 0.4308"
"7,20 : 0.1985"
"20,7 : 0.1985"
"7,21 : 0.211"
"21,7 : 0.211"
"7,22 : 0.8078"
"22,7 : 0.8078"
"7,23 : 0.3311"
"23,7 : 0.3311"
"7,24 : 0.2594"
"24,7 : 0.2594"
"7,25 : 0.3688"
"25,7 : 0.3688"
"7,26 : 0.4442"
"26,7 : 0.4442"
"7,27 : 0.3547"
"27,7 : 0.3547"
"7,28 : 0.6341"
"28,7 : 0.6341"
"7,29 : 0.6912"
"29,7 : 0.6912"
"7,30 : 0.3712"
"30,7 : 0.3712"
"7,31 : 0.1304"
"31,7 : 0.1304"
"7,32 : 0.8431"
"32,7 : 0.8431"
"7,33 : 0.7247"
"33,7 : 0.7247"
"7,34 : 0.1746"
"34,7 : 0.1746"
"7,35 : 0.5197"
"35,7 : 0.5197"
"7,36 : 0.4833"
"36,7 : 0.4833"
"7,37 : 0.4163"
"37,7 : 0.4163"
"7,38 : 0.2341"
"38,7 : 0.2341"
"7,39 : 0.4884"
"39,7 : 0.4884"
"7,40 : 0.8102"
"40,7 : 0.8102"
"7,41 : 0.1432"
"41,7 : 0.1432"
"7,42 : 0.1414"
"42,7 : 0.1414"
"7,43 : 0.1697"
"43,7 : 0.1697"
"7,44 : 0.1265"
"44,7 : 0.1265"
"7,45 : 0.3842"
"45,7 : 0.3842"
"7,46 : 0.5914"
"46,7 : 0.5914"
"7,47 : 0.4401"
"47,7 : 0.4401"
"7,48 : 0.5201"
"48,7 : 0.5201"
"7,49 : 0.3036"
"49,7 : 0.3036"
"7,50 : 0.1616"
"50,7 : 0.1616"
"7,51 : 0.3421"
"51,7 : 0.3421"
"7,52 : 0.4579"
"52,7 : 0.4579"
"7,53 : 0.5423"
"53,7 : 0.5423"
"7,54 : 0.2193"
"54,7 : 0.2193"
"7,55 : 0.6671"
"55,7 : 0.6671"
"7,56 : 0.2915"
"56,7 : 0.2915"
"7,57 : 0.2693"
"57,7 : 0.2693"
"7,58 : 0.5239"
"58,7 : 0.5239"
"7,59 : 0.3956"
"59,7 : 0.3956"
"7,60 : 0.5595"
"60,7 : 0.5595"
"7,61 : 0.6631"
"61,7 : 0.6631"
"7,62 : 0.2371"
"62,7 : 0.2371"
"7,63 : 0.4738"
"63,7 : 0.4738"
"7,64 : 0.2524"
"64,7 : 0.2524"
"7,65 : 0.0632"
"65,7 : 0.0632"
"7,66 : 0.5532"
"66,7 : 0.5532"
"7,67 : 0.4072"
"67,7 : 0.4072"
"7,68 : 0.6742"
"68,7 : 0.6742"
"7,69 : 0.1664"
"69,7 : 0.1664"
"7,70 : 0.3471"
"70,7 : 0.3471"
"7,71 : 0.6101"
"71,7 : 0.6101"
"7,72 : 0.0447"
"72,7 : 0.0447"
"7,73 : 0.5745"
"73,7 : 0.5745"
"7,74 : 0.658"
"74,7 : 0.658"
"7,75 : 0.2193"
"75,7 : 0.2193"
"7,76 : 0.6191"
"76,7 : 0.6191"
"7,77 : 0.5818"
"77,7 : 0.5818"
"7,78 : 0.4701"
"78,7 : 0.4701"
"7,79 : 0.572"
"79,7 : 0.572"
"7,80 : 0.1844"
"80,7 : 0.1844"
"7,81 : 0.1118"
"81,7 : 0.1118"
"7,82 : 0.1726"
"82,7 : 0.1726"
"7,83 : 0.7379"
"83,7 : 0.7379"
"7,84 : 0.5263"
"84,7 : 0.5263"
"7,85 : 0.1523"
"85,7 : 0.1523"
"7,86 : 0.5609"
"86,7 : 0.5609"
"7,87 : 0.4624"
"87,7 : 0.4624"
"7,88 : 0.4314"
"88,7 : 0.4314"
"7,89 : 0.8737"
"89,7 : 0.8737"
"7,90 : 0.3257"
"90,7 : 0.3257"
"7,91 : 0.6762"
"91,7 : 0.6762"
"7,92 : 0.5771"
"92,7 : 0.5771"
"7,93 : 0.5967"
"93,7 : 0.5967"
"7,94 : 0.6433"
"94,7 : 0.6433"
"7,95 : 0.4393"
"95,7 : 0.4393"
"7,96 : 0.4522"
"96,7 : 0.4522"
"7,97 : 0.6224"
"97,7 : 0.6224"
"7,98 : 0.5442"
"98,7 : 0.5442"
"7,99 : 0.3962"
"99,7 : 0.3962"
"8,9 : 0.7446"
"9,8 : 0.7446"
"8,10 : 0.1803"
"10,8 : 0.1803"
"8,11 : 0.7566"
"11,8 : 0.7566"
"8,12 : 0.7178"
"12,8 : 0.7178"
"8,13 : 0.5189"
"13,8 : 0.5189"
"8,14 : 0.5532"
"14,8 : 0.5532"
"8,15 : 0.4264"
"15,8 : 0.4264"
"8,16 : 0.6905"
"16,8 : 0.6905"
"8,17 : 0.7991"
"17,8 : 0.7991"
"8,18 : 0.927"
"18,8 : 0.927"
"8,19 : 0.454"
"19,8 : 0.454"
"8,20 : 0.4115"
"20,8 : 0.4115"
"8,21 : 0.0721"
"21,8 : 0.0721"
"8,22 : 0.7666"
"22,8 : 0.7666"
"8,23 : 0.359"
"23,8 : 0.359"
"8,24 : 0.4554"
"24,8 : 0.4554"
"8,25 : 0.5944"
"25,8 : 0.5944"
"8,26 : 0.4301"
"26,8 : 0.4301"
"8,27 : 0.2844"
"27,8 : 0.2844"
"8,28 : 0.5757"
"28,8 : 0.5757"
"8,29 : 0.7843"
"29,8 : 0.7843"
"8,30 : 0.5903"
"30,8 : 0.5903"
"8,31 : 0.2766"
"31,8 : 0.2766"
"8,32 : 0.7906"
"32,8 : 0.7906"
"8,33 : 0.6555"
"33,8 : 0.6555"
"8,34 : 0.2163"
"34,8 : 0.2163"
"8,35 : 0.3265"
"35,8 : 0.3265"
"8,36 : 0.2663"
"36,8 : 0.2663"
"8,37 : 0.2"
"37,8 : 0.2"
"8,38 : 0.3448"
"38,8 : 0.3448"
"8,39 : 0.2953"
"39,8 : 0.2953"
"8,40 : 0.7527"
"40,8 : 0.7527"
"8,41 : 0.3669"
"41,8 : 0.3669"
"8,42 : 0.2563"
"42,8 : 0.2563"
"8,43 : 0.3801"
"43,8 : 0.3801"
"8,44 : 0.1345"
"44,8 : 0.1345"
"8,45 : 0.3506"
"45,8 : 0.3506"
"8,46 : 0.6107"
"46,8 : 0.6107"
"8,47 : 0.5413"
"47,8 : 0.5413"
"8,48 : 0.6147"
"48,8 : 0.6147"
"8,49 : 0.5116"
"49,8 : 0.5116"
"8,50 : 0.3441"
"50,8 : 0.3441"
"8,51 : 0.178"
"51,8 : 0.178"
"8,52 : 0.3362"
"52,8 : 0.3362"
"8,53 : 0.3225"
"53,8 : 0.3225"
"8,54 : 0.4427"
"54,8 : 0.4427"
"8,55 : 0.5608"
"55,8 : 0.5608"
"8,56 : 0.5162"
"56,8 : 0.5162"
"8,57 : 0.4934"
"57,8 : 0.4934"
"8,58 : 0.3362"
"58,8 : 0.3362"
"8,59 : 0.4276"
"59,8 : 0.4276"
"8,60 : 0.5423"
"60,8 : 0.5423"
"8,61 : 0.8161"
"61,8 : 0.8161"
"8,62 : 0.4342"
"62,8 : 0.4342"
"8,63 : 0.3985"
"63,8 : 0.3985"
"8,64 : 0.4441"
"64,8 : 0.4441"
"8,65 : 0.2283"
"65,8 : 0.2283"
"8,66 : 0.5984"
"66,8 : 0.5984"
"8,67 : 0.6021"
"67,8 : 0.6021"
"8,68 : 0.55"
"68,8 : 0.55"
"8,69 : 0.1581"
"69,8 : 0.1581"
"8,70 : 0.4179"
"70,8 : 0.4179"
"8,71 : 0.6989"
"71,8 : 0.6989"
"8,72 : 0.2002"
"72,8 : 0.2002"
"8,73 : 0.5459"
"73,8 : 0.5459"
"8,74 : 0.5778"
"74,8 : 0.5778"
"8,75 : 0.4254"
"75,8 : 0.4254"
"8,76 : 0.5886"
"76,8 : 0.5886"
"8,77 : 0.7403"
"77,8 : 0.7403"
"8,78 : 0.4258"
"78,8 : 0.4258"
"8,79 : 0.4579"
"79,8 : 0.4579"
"8,80 : 0.1063"
"80,8 : 0.1063"
"8,81 : 0.3353"
"81,8 : 0.3353"
"8,82 : 0.0539"
"82,8 : 0.0539"
"8,83 : 0.8981"
"83,8 : 0.8981"
"8,84 : 0.5672"
"84,8 : 0.5672"
"8,85 : 0.136"
"85,8 : 0.136"
"8,86 : 0.3667"
"86,8 : 0.3667"
"8,87 : 0.661"
"87,8 : 0.661"
"8,88 : 0.6325"
"88,8 : 0.6325"
"8,89 : 0.8222"
"89,8 : 0.8222"
"8,90 : 0.5508"
"90,8 : 0.5508"
"8,91 : 0.8637"
"91,8 : 0.8637"
"8,92 : 0.5622"
"92,8 : 0.5622"
"8,93 : 0.7875"
"93,8 : 0.7875"
"8,94 : 0.6859"
"94,8 : 0.6859"
"8,95 : 0.6649"
"95,8 : 0.6649"
"8,96 : 0.6378"
"96,8 : 0.6378"
"8,97 : 0.5323"
"97,8 : 0.5323"
"8,98 : 0.694"
"98,8 : 0.694"
"8,99 : 0.6103"
"99,8 : 0.6103"
"9,10 : 0.5758"
"10,9 : 0.5758"
"9,11 : 0.0949"
"11,9 : 0.0949"
"9,12 : 0.0566"
"12,9 : 0.0566"
"9,13 : 0.4802"
"13,9 : 0.4802"
"9,14 : 0.3585"
"14,9 : 0.3585"
"9,15 : 0.6031"
"15,9 : 0.6031"
"9,16 : 0.3126"
"16,9 : 0.3126"
"9,17 : 0.7767"
"17,9 : 0.7767"
"9,18 : 0.821"
"18,9 : 0.821"
"9,19 : 0.368"
"19,9 : 0.368"
"9,20 : 0.7779"
"20,9 : 0.7779"
"9,21 : 0.8132"
"21,9 : 0.8132"
"9,22 : 0.0224"
"22,9 : 0.0224"
"9,23 : 0.458"
"23,9 : 0.458"
"9,24 : 1.0167"
"24,9 : 1.0167"
"9,25 : 0.9701"
"25,9 : 0.9701"
"9,26 : 0.3413"
"26,9 : 0.3413"
"9,27 : 0.4617"
"27,9 : 0.4617"
"9,28 : 0.1712"
"28,9 : 0.1712"
"9,29 : 0.4504"
"29,9 : 0.4504"
"9,30 : 1.048"
"30,9 : 1.048"
"9,31 : 0.672"
"31,9 : 0.672"
"9,32 : 0.0671"
"32,9 : 0.0671"
"9,33 : 0.1208"
"33,9 : 0.1208"
"9,34 : 0.9179"
"34,9 : 0.9179"
"9,35 : 0.5787"
"35,9 : 0.5787"
"9,36 : 0.8705"
"36,9 : 0.8705"
"9,37 : 0.8405"
"37,9 : 0.8405"
"9,38 : 1.016"
"38,9 : 1.016"
"9,39 : 0.5842"
"39,9 : 0.5842"
"9,40 : 0.0608"
"40,9 : 0.0608"
"9,41 : 0.8147"
"41,9 : 0.8147"
"9,42 : 0.9171"
"42,9 : 0.9171"
"9,43 : 0.7638"
"43,9 : 0.7638"
"9,44 : 0.6935"
"44,9 : 0.6935"
"9,45 : 0.4072"
"45,9 : 0.4072"
"9,46 : 0.246"
"46,9 : 0.246"
"9,47 : 0.4789"
"47,9 : 0.4789"
"9,48 : 0.446"
"48,9 : 0.446"
"9,49 : 1.0332"
"49,9 : 1.0332"
"9,50 : 0.7009"
"50,9 : 0.7009"
"9,51 : 0.5855"
"51,9 : 0.5855"
"9,52 : 0.4305"
"52,9 : 0.4305"
"9,53 : 0.8846"
"53,9 : 0.8846"
"9,54 : 0.8417"
"54,9 : 0.8417"
"9,55 : 0.26"
"55,9 : 0.26"
"9,56 : 0.9485"
"56,9 : 0.9485"
"9,57 : 0.8721"
"57,9 : 0.8721"
"9,58 : 0.559"
"58,9 : 0.559"
"9,59 : 0.4036"
"59,9 : 0.4036"
"9,60 : 0.228"
"60,9 : 0.228"
"9,61 : 0.6727"
"61,9 : 0.6727"
"9,62 : 0.9964"
"62,9 : 0.9964"
"9,63 : 0.3471"
"63,9 : 0.3471"
"9,64 : 0.717"
"64,9 : 0.717"
"9,65 : 0.724"
"65,9 : 0.724"
"9,66 : 0.3178"
"66,9 : 0.3178"
"9,67 : 1.1463"
"67,9 : 1.1463"
"9,68 : 0.313"
"68,9 : 0.313"
"9,69 : 0.8709"
"69,9 : 0.8709"
"9,70 : 0.4738"
"70,9 : 0.4738"
"9,71 : 0.4243"
"71,9 : 0.4243"
"9,72 : 0.8101"
"72,9 : 0.8101"
"9,73 : 0.211"
"73,9 : 0.211"
"9,74 : 0.1942"
"74,9 : 0.1942"
"9,75 : 0.7574"
"75,9 : 0.7574"
"9,76 : 0.1664"
"76,9 : 0.1664"
"9,77 : 0.6649"
"77,9 : 0.6649"
"9,78 : 0.3231"
"78,9 : 0.3231"
"9,79 : 0.3338"
"79,9 : 0.3338"
"9,80 : 0.8349"
"80,9 : 0.8349"
"9,81 : 0.8028"
"81,9 : 0.8028"
"9,82 : 0.74"
"82,9 : 0.74"
"9,83 : 0.7401"
"83,9 : 0.7401"
"9,84 : 0.3225"
"84,9 : 0.3225"
"9,85 : 0.6671"
"85,9 : 0.6671"
"9,86 : 0.5772"
"86,9 : 0.5772"
"9,87 : 1.1879"
"87,9 : 1.1879"
"9,88 : 0.7961"
"88,9 : 0.7961"
"9,89 : 0.0922"
"89,9 : 0.0922"
"9,90 : 0.9183"
"90,9 : 0.9183"
"9,91 : 0.8417"
"91,9 : 0.8417"
"9,92 : 0.2126"
"92,9 : 0.2126"
"9,93 : 0.8174"
"93,9 : 0.8174"
"9,94 : 0.2828"
"94,9 : 0.2828"
"9,95 : 1.0208"
"95,9 : 1.0208"
"9,96 : 0.7341"
"96,9 : 0.7341"
"9,97 : 0.2433"
"97,9 : 0.2433"
"9,98 : 0.621"
"98,9 : 0.621"
"9,99 : 1.0898"
"99,9 : 1.0898"
"10,11 : 0.5805"
"11,10 : 0.5805"
"10,12 : 0.5546"
"12,10 : 0.5546"
"10,13 : 0.3581"
"13,10 : 0.3581"
"10,14 : 0.3764"
"14,10 : 0.3764"
"10,15 : 0.3002"
"15,10 : 0.3002"
"10,16 : 0.512"
"16,10 : 0.512"
"10,17 : 0.6768"
"17,10 : 0.6768"
"10,18 : 0.7965"
"18,10 : 0.7965"
"10,19 : 0.2746"
"19,10 : 0.2746"
"10,20 : 0.36"
"20,10 : 0.36"
"10,21 : 0.2419"
"21,10 : 0.2419"
"10,22 : 0.5981"
"22,10 : 0.5981"
"10,23 : 0.1838"
"23,10 : 0.1838"
"10,24 : 0.5061"
"24,10 : 0.5061"
"10,25 : 0.5722"
"25,10 : 0.5722"
"10,26 : 0.2508"
"26,10 : 0.2508"
"10,27 : 0.1166"
"27,10 : 0.1166"
"10,28 : 0.4115"
"28,10 : 0.4115"
"10,29 : 0.6133"
"29,10 : 0.6133"
"10,30 : 0.6017"
"30,10 : 0.6017"
"10,31 : 0.2"
"31,10 : 0.2"
"10,32 : 0.6265"
"32,10 : 0.6265"
"10,33 : 0.4974"
"33,10 : 0.4974"
"10,34 : 0.3448"
"34,10 : 0.3448"
"10,35 : 0.3015"
"35,10 : 0.3015"
"10,36 : 0.4022"
"36,10 : 0.4022"
"10,37 : 0.3448"
"37,10 : 0.3448"
"10,38 : 0.4545"
"38,10 : 0.4545"
"10,39 : 0.2729"
"39,10 : 0.2729"
"10,40 : 0.5903"
"40,10 : 0.5903"
"10,41 : 0.3471"
"41,10 : 0.3471"
"10,42 : 0.3547"
"42,10 : 0.3547"
"10,43 : 0.3302"
"43,10 : 0.3302"
"10,44 : 0.1273"
"44,10 : 0.1273"
"10,45 : 0.1726"
"45,10 : 0.1726"
"10,46 : 0.4305"
"46,10 : 0.4305"
"10,47 : 0.3801"
"47,10 : 0.3801"
"10,48 : 0.4478"
"48,10 : 0.4478"
"10,49 : 0.5463"
"49,10 : 0.5463"
"10,50 : 0.2707"
"50,10 : 0.2707"
"10,51 : 0.1265"
"51,10 : 0.1265"
"10,52 : 0.211"
"52,10 : 0.211"
"10,53 : 0.4469"
"53,10 : 0.4469"
"10,54 : 0.4119"
"54,10 : 0.4119"
"10,55 : 0.4243"
"55,10 : 0.4243"
"10,56 : 0.5099"
"56,10 : 0.5099"
"10,57 : 0.461"
"57,10 : 0.461"
"10,58 : 0.3002"
"58,10 : 0.3002"
"10,59 : 0.25"
"59,10 : 0.25"
"10,60 : 0.365"
"60,10 : 0.365"
"10,61 : 0.6718"
"61,10 : 0.6718"
"10,62 : 0.4837"
"62,10 : 0.4837"
"10,63 : 0.2385"
"63,10 : 0.2385"
"10,64 : 0.359"
"64,10 : 0.359"
"10,65 : 0.2025"
"65,10 : 0.2025"
"10,66 : 0.4198"
"66,10 : 0.4198"
"10,67 : 0.653"
"67,10 : 0.653"
"10,68 : 0.428"
"68,10 : 0.428"
"10,69 : 0.2955"
"69,10 : 0.2955"
"10,70 : 0.2524"
"70,10 : 0.2524"
"10,71 : 0.528"
"71,10 : 0.528"
"10,72 : 0.255"
"72,10 : 0.255"
"10,73 : 0.3711"
"73,10 : 0.3711"
"10,74 : 0.4244"
"74,10 : 0.4244"
"10,75 : 0.3612"
"75,10 : 0.3612"
"10,76 : 0.4148"
"76,10 : 0.4148"
"10,77 : 0.6021"
"77,10 : 0.6021"
"10,78 : 0.253"
"78,10 : 0.253"
"10,79 : 0.3265"
"79,10 : 0.3265"
"10,80 : 0.2596"
"80,10 : 0.2596"
"10,81 : 0.3202"
"81,10 : 0.3202"
"10,82 : 0.1649"
"82,10 : 0.1649"
"10,83 : 0.7566"
"83,10 : 0.7566"
"10,84 : 0.3883"
"84,10 : 0.3883"
"10,85 : 0.099"
"85,10 : 0.099"
"10,86 : 0.3406"
"86,10 : 0.3406"
"10,87 : 0.7068"
"87,10 : 0.7068"
"10,88 : 0.5408"
"88,10 : 0.5408"
"10,89 : 0.658"
"89,10 : 0.658"
"10,90 : 0.5209"
"90,10 : 0.5209"
"10,91 : 0.7463"
"91,10 : 0.7463"
"10,92 : 0.3847"
"92,10 : 0.3847"
"10,93 : 0.676"
"93,10 : 0.676"
"10,94 : 0.5064"
"94,10 : 0.5064"
"10,95 : 0.6412"
"95,10 : 0.6412"
"10,96 : 0.5277"
"96,10 : 0.5277"
"10,97 : 0.3842"
"97,10 : 0.3842"
"10,98 : 0.5517"
"98,10 : 0.5517"
"10,99 : 0.6325"
"99,10 : 0.6325"
"11,12 : 0.1476"
"12,11 : 0.1476"
"11,13 : 0.4252"
"13,11 : 0.4252"
"11,14 : 0.3041"
"14,11 : 0.3041"
"11,15 : 0.5597"
"15,11 : 0.5597"
"11,16 : 0.2309"
"16,11 : 0.2309"
"11,17 : 0.6964"
"17,11 : 0.6964"
"11,18 : 0.7333"
"18,11 : 0.7333"
"11,19 : 0.34"
"19,11 : 0.34"
"11,20 : 0.7388"
"20,11 : 0.7388"
"11,21 : 0.822"
"21,11 : 0.822"
"11,22 : 0.1005"
"22,11 : 0.1005"
"11,23 : 0.4386"
"23,11 : 0.4386"
"11,24 : 0.9874"
"24,11 : 0.9874"
"11,25 : 0.9202"
"25,11 : 0.9202"
"11,26 : 0.3324"
"26,11 : 0.3324"
"11,27 : 0.4727"
"27,11 : 0.4727"
"11,28 : 0.2119"
"28,11 : 0.2119"
"11,29 : 0.3601"
"29,11 : 0.3601"
"11,30 : 1.0045"
"30,11 : 1.0045"
"11,31 : 0.6488"
"31,11 : 0.6488"
"11,32 : 0.15"
"32,11 : 0.15"
"11,33 : 0.198"
"33,11 : 0.198"
"11,34 : 0.9139"
"34,11 : 0.9139"
"11,35 : 0.6294"
"35,11 : 0.6294"
"11,36 : 0.908"
"36,11 : 0.908"
"11,37 : 0.8721"
"37,11 : 0.8721"
"11,38 : 1.0032"
"38,11 : 1.0032"
"11,39 : 0.6306"
"39,11 : 0.6306"
"11,40 : 0.1552"
"40,11 : 0.1552"
"11,41 : 0.7824"
"41,11 : 0.7824"
"11,42 : 0.9062"
"42,11 : 0.9062"
"11,43 : 0.728"
"43,11 : 0.728"
"11,44 : 0.6896"
"44,11 : 0.6896"
"11,45 : 0.4079"
"45,11 : 0.4079"
"11,46 : 0.191"
"46,11 : 0.191"
"11,47 : 0.4201"
"47,11 : 0.4201"
"11,48 : 0.3759"
"48,11 : 0.3759"
"11,49 : 0.9981"
"49,11 : 0.9981"
"11,50 : 0.6685"
"50,11 : 0.6685"
"11,51 : 0.6101"
"51,11 : 0.6101"
"11,52 : 0.4653"
"52,11 : 0.4653"
"11,53 : 0.9276"
"53,11 : 0.9276"
"11,54 : 0.8016"
"54,11 : 0.8016"
"11,55 : 0.3302"
"55,11 : 0.3302"
"11,56 : 0.9061"
"56,11 : 0.9061"
"11,57 : 0.8276"
"57,11 : 0.8276"
"11,58 : 0.6103"
"58,11 : 0.6103"
"11,59 : 0.3759"
"59,11 : 0.3759"
"11,60 : 0.2159"
"60,11 : 0.2159"
"11,61 : 0.5869"
"61,11 : 0.5869"
"11,62 : 0.968"
"62,11 : 0.968"
"11,63 : 0.3705"
"63,11 : 0.3705"
"11,64 : 0.6721"
"64,11 : 0.6721"
"11,65 : 0.7068"
"65,11 : 0.7068"
"11,66 : 0.2561"
"66,11 : 0.2561"
"11,67 : 1.1104"
"67,11 : 1.1104"
"11,68 : 0.386"
"68,11 : 0.386"
"11,69 : 0.8709"
"69,11 : 0.8709"
"11,70 : 0.4383"
"70,11 : 0.4383"
"11,71 : 0.3421"
"71,11 : 0.3421"
"11,72 : 0.7985"
"72,11 : 0.7985"
"11,73 : 0.211"
"73,11 : 0.211"
"11,74 : 0.2555"
"74,11 : 0.2555"
"11,75 : 0.7159"
"75,11 : 0.7159"
"11,76 : 0.17"
"76,11 : 0.17"
"11,77 : 0.5852"
"77,11 : 0.5852"
"11,78 : 0.3314"
"78,11 : 0.3314"
"11,79 : 0.3863"
"79,11 : 0.3863"
"11,80 : 0.8395"
"80,11 : 0.8395"
"11,81 : 0.7739"
"81,11 : 0.7739"
"11,82 : 0.7453"
"82,11 : 0.7453"
"11,83 : 0.6512"
"83,11 : 0.6512"
"11,84 : 0.2687"
"84,11 : 0.2687"
"11,85 : 0.6648"
"85,11 : 0.6648"
"11,86 : 0.6332"
"86,11 : 0.6332"
"11,87 : 1.1487"
"87,11 : 1.1487"
"11,88 : 0.7325"
"88,11 : 0.7325"
"11,89 : 0.1628"
"89,11 : 0.1628"
"11,90 : 0.87"
"90,11 : 0.87"
"11,91 : 0.7593"
"91,11 : 0.7593"
"11,92 : 0.1965"
"92,11 : 0.1965"
"11,93 : 0.74"
"93,11 : 0.74"
"11,94 : 0.2025"
"94,11 : 0.2025"
"11,95 : 0.9667"
"95,11 : 0.9667"
"11,96 : 0.6673"
"96,11 : 0.6673"
"11,97 : 0.2997"
"97,11 : 0.2997"
"11,98 : 0.5442"
"98,11 : 0.5442"
"11,99 : 1.0474"
"99,11 : 1.0474"
"12,13 : 0.4966"
"13,12 : 0.4966"
"12,14 : 0.377"
"14,12 : 0.377"
"12,15 : 0.6103"
"15,12 : 0.6103"
"12,16 : 0.35"
"16,12 : 0.35"
"12,17 : 0.8089"
"17,12 : 0.8089"
"12,18 : 0.86"
"18,12 : 0.86"
"12,19 : 0.3701"
"19,12 : 0.3701"
"12,20 : 0.781"
"20,12 : 0.781"
"12,21 : 0.7877"
"21,12 : 0.7877"
"12,22 : 0.0671"
"22,12 : 0.0671"
"12,23 : 0.4528"
"23,12 : 0.4528"
"12,24 : 1.0124"
"24,12 : 1.0124"
"12,25 : 0.9791"
"25,12 : 0.9791"
"12,26 : 0.333"
"26,12 : 0.333"
"12,27 : 0.4386"
"27,12 : 0.4386"
"12,28 : 0.1432"
"28,12 : 0.1432"
"12,29 : 0.4937"
"29,12 : 0.4937"
"12,30 : 1.0526"
"30,12 : 1.0526"
"12,31 : 0.666"
"31,12 : 0.666"
"12,32 : 0.0728"
"32,12 : 0.0728"
"12,33 : 0.0707"
"33,12 : 0.0707"
"12,34 : 0.8989"
"34,12 : 0.8989"
"12,35 : 0.5334"
"35,12 : 0.5334"
"12,36 : 0.8301"
"36,12 : 0.8301"
"12,37 : 0.8031"
"37,12 : 0.8031"
"12,38 : 1.0017"
"38,12 : 1.0017"
"12,39 : 0.5408"
"39,12 : 0.5408"
"12,40 : 0.0361"
"40,12 : 0.0361"
"12,41 : 0.8132"
"41,12 : 0.8132"
"12,42 : 0.9021"
"42,12 : 0.9021"
"12,43 : 0.7649"
"43,12 : 0.7649"
"12,44 : 0.676"
"44,12 : 0.676"
"12,45 : 0.3912"
"45,12 : 0.3912"
"12,46 : 0.2693"
"46,12 : 0.2693"
"12,47 : 0.4977"
"47,12 : 0.4977"
"12,48 : 0.473"
"48,12 : 0.473"
"12,49 : 1.0325"
"49,12 : 1.0325"
"12,50 : 0.7004"
"50,12 : 0.7004"
"12,51 : 0.5532"
"51,12 : 0.5532"
"12,52 : 0.3946"
"52,12 : 0.3946"
"12,53 : 0.8415"
"53,12 : 0.8415"
"12,54 : 0.845"
"54,12 : 0.845"
"12,55 : 0.2088"
"55,12 : 0.2088"
"12,56 : 0.9527"
"56,12 : 0.9527"
"12,57 : 0.878"
"57,12 : 0.878"
"12,58 : 0.5135"
"58,12 : 0.5135"
"12,59 : 0.4046"
"59,12 : 0.4046"
"12,60 : 0.228"
"60,12 : 0.228"
"12,61 : 0.7103"
"61,12 : 0.7103"
"12,62 : 0.9916"
"62,12 : 0.9916"
"12,63 : 0.3195"
"63,12 : 0.3195"
"12,64 : 0.7242"
"64,12 : 0.7242"
"12,65 : 0.714"
"65,12 : 0.714"
"12,66 : 0.3421"
"66,12 : 0.3421"
"12,67 : 1.1456"
"67,12 : 1.1456"
"12,68 : 0.26"
"68,12 : 0.26"
"12,69 : 0.85"
"69,12 : 0.85"
"12,70 : 0.478"
"70,12 : 0.478"
"12,71 : 0.4604"
"71,12 : 0.4604"
"12,72 : 0.7961"
"72,12 : 0.7961"
"12,73 : 0.2052"
"73,12 : 0.2052"
"12,74 : 0.15"
"74,12 : 0.15"
"12,75 : 0.7622"
"75,12 : 0.7622"
"12,76 : 0.164"
"76,12 : 0.164"
"12,77 : 0.6972"
"77,12 : 0.6972"
"12,78 : 0.3053"
"78,12 : 0.3053"
"12,79 : 0.2902"
"79,12 : 0.2902"
"12,80 : 0.8115"
"80,12 : 0.8115"
"12,81 : 0.7993"
"81,12 : 0.7993"
"12,82 : 0.7169"
"82,12 : 0.7169"
"12,83 : 0.7806"
"83,12 : 0.7806"
"12,84 : 0.3418"
"84,12 : 0.3418"
"12,85 : 0.6488"
"85,12 : 0.6488"
"12,86 : 0.5295"
"86,12 : 0.5295"
"12,87 : 1.1893"
"87,12 : 1.1893"
"12,88 : 0.8154"
"88,12 : 0.8154"
"12,89 : 0.1044"
"89,12 : 0.1044"
"12,90 : 0.9266"
"90,12 : 0.9266"
"12,91 : 0.8757"
"91,12 : 0.8757"
"12,92 : 0.2163"
"92,12 : 0.2163"
"12,93 : 0.8472"
"93,12 : 0.8472"
"12,94 : 0.32"
"94,12 : 0.32"
"12,95 : 1.0325"
"95,12 : 1.0325"
"12,96 : 0.7561"
"96,12 : 0.7561"
"12,97 : 0.2"
"97,12 : 0.2"
"12,98 : 0.6512"
"98,12 : 0.6512"
"12,99 : 1.0934"
"99,12 : 1.0934"
"13,14 : 0.1221"
"14,13 : 0.1221"
"13,15 : 0.1487"
"15,13 : 0.1487"
"13,16 : 0.2326"
"16,13 : 0.2326"
"13,17 : 0.3614"
"17,13 : 0.3614"
"13,18 : 0.4607"
"18,13 : 0.4607"
"13,19 : 0.1612"
"19,13 : 0.1612"
"13,20 : 0.3265"
"20,13 : 0.3265"
"13,21 : 0.5597"
"21,13 : 0.5597"
"13,22 : 0.4993"
"22,13 : 0.4993"
"13,23 : 0.1844"
