x,y
0.84,0.42
0.04,0.3
0.42,0.01
0.7,0.28
0.96,0.04
0.99,0.73
0.46,0.59
0.08,0.66
0.42,0.82
0.45,0.56
0.45,0.44
0.89,0.61
0.95,0.57
0.65,0.26
0.79,0.74
0.46,0.84
0.42,0.37
0.72,0.17
0.61,0.28
0.66,0.22
0.76,0.74
0.98,0.39
0.35,0.24
0.68,0.7
0.88,0.52
0.68,0.75
0.84,0.36
0.41,0.84
0.74,0.95
1.0,0.51
0.35,0.06
0.56,0.22
0.58,0.04
0.54,0.2
0.99,0.5
0.47,0.43
0.9,0.31
0.3,0.61
0.03,0.4
0.08,0.54
0.48,0.44
0.41,0.2
0.83,0.35
0.88,0.01
0.76,0.26
0.42,0.29
0.86,0.73
0.98,0.16
0.44,0.03
0.19,0.56
0.61,0.05
0.74,0.75
0.41,0.69
0.27,0.16
0.02,0.8
0.74,0.63
0.18,0.07
0.28,0.18
0.34,0.72
0.42,0.11
0.27,0.3
0.24,0.94
0.29,0.83
0.17,0.71
0.5,0.32
0.19,0.29
0.5,0.91
0.7,0.75
0.42,0.07
0.64,0.48
0.04,0.22
0.37,0.42
0.04,0.1
0.96,0.59
0.91,0.86
0.38,0.71
0.49,0.41
0.73,0.06
0.92,0.28
0.26,0.96
0.77,0.28
0.1,0.72
0.12,0.25
0.94,0.03
0.07,0.96
0.95,0.08
0.62,0.23
0.69,0.83
0.57,0.94
0.61,0.72
0.66,0.43
0.45,0.39
0.32,0.27
0.69,0.52
0.16,0.47
0.95,0.26
0.65,0.94
0.94,0.49
0.82,0.07
0.75,0.98

Distanze
"0,1 : 0.8089"
"1,0 : 0.8089"
"0,2 : 0.5869"
"2,0 : 0.5869"
"0,3 : 0.198"
"3,0 : 0.198"
"0,4 : 0.3985"
"4,0 : 0.3985"
"0,5 : 0.3444"
"5,0 : 0.3444"
"0,6 : 0.4163"
"6,0 : 0.4163"
"0,7 : 0.797"
"7,0 : 0.797"
"0,8 : 0.58"
"8,0 : 0.58"
"0,9 : 0.4144"
"9,0 : 0.4144"
"0,10 : 0.3905"
"10,0 : 0.3905"
"0,11 : 0.1965"
"11,0 : 0.1965"
"0,12 : 0.186"
"12,0 : 0.186"
"0,13 : 0.2484"
"13,0 : 0.2484"
"0,14 : 0.3239"
"14,0 : 0.3239"
"0,15 : 0.5664"
"15,0 : 0.5664"
"0,16 : 0.423"
"16,0 : 0.423"
"0,17 : 0.2773"
"17,0 : 0.2773"
"0,18 : 0.2693"
"18,0 : 0.2693"
"0,19 : 0.2691"
"19,0 : 0.2691"
"0,20 : 0.3298"
"20,0 : 0.3298"
"0,21 : 0.1432"
"21,0 : 0.1432"
"0,22 : 0.522"
"22,0 : 0.522"
"0,23 : 0.3225"
"23,0 : 0.3225"
"0,24 : 0.1077"
"24,0 : 0.1077"
"0,25 : 0.3667"
"25,0 : 0.3667"
"0,26 : 0.06"
"26,0 : 0.06"
"0,27 : 0.6011"
"27,0 : 0.6011"
"0,28 : 0.5394"
"28,0 : 0.5394"
"0,29 : 0.1836"
"29,0 : 0.1836"
"0,30 : 0.608"
"30,0 : 0.608"
"0,31 : 0.3441"
"31,0 : 0.3441"
"0,32 : 0.4604"
"32,0 : 0.4604"
"0,33 : 0.372"
"33,0 : 0.372"
"0,34 : 0.17"
"34,0 : 0.17"
"0,35 : 0.3701"
"35,0 : 0.3701"
"0,36 : 0.1253"
"36,0 : 0.1253"
"0,37 : 0.5725"
"37,0 : 0.5725"
"0,38 : 0.8102"
"38,0 : 0.8102"
"0,39 : 0.7694"
"39,0 : 0.7694"
"0,40 : 0.3606"
"40,0 : 0.3606"
"0,41 : 0.483"
"41,0 : 0.483"
"0,42 : 0.0707"
"42,0 : 0.0707"
"0,43 : 0.4119"
"43,0 : 0.4119"
"0,44 : 0.1789"
"44,0 : 0.1789"
"0,45 : 0.4397"
"45,0 : 0.4397"
"0,46 : 0.3106"
"46,0 : 0.3106"
"0,47 : 0.2953"
"47,0 : 0.2953"
"0,48 : 0.5587"
"48,0 : 0.5587"
"0,49 : 0.6649"
"49,0 : 0.6649"
"0,50 : 0.4357"
"50,0 : 0.4357"
"0,51 : 0.3448"
"51,0 : 0.3448"
"0,52 : 0.5077"
"52,0 : 0.5077"
"0,53 : 0.6265"
"53,0 : 0.6265"
"0,54 : 0.9038"
"54,0 : 0.9038"
"0,55 : 0.2326"
"55,0 : 0.2326"
"0,56 : 0.7471"
"56,0 : 0.7471"
"0,57 : 0.6093"
"57,0 : 0.6093"
"0,58 : 0.5831"
"58,0 : 0.5831"
"0,59 : 0.522"
"59,0 : 0.522"
"0,60 : 0.5825"
"60,0 : 0.5825"
"0,61 : 0.794"
"61,0 : 0.794"
"0,62 : 0.686"
"62,0 : 0.686"
"0,63 : 0.7301"
"63,0 : 0.7301"
"0,64 : 0.3544"
"64,0 : 0.3544"
"0,65 : 0.6629"
"65,0 : 0.6629"
"0,66 : 0.5964"
"66,0 : 0.5964"
"0,67 : 0.3585"
"67,0 : 0.3585"
"0,68 : 0.5467"
"68,0 : 0.5467"
"0,69 : 0.2088"
"69,0 : 0.2088"
"0,70 : 0.8246"
"70,0 : 0.8246"
"0,71 : 0.47"
"71,0 : 0.47"
"0,72 : 0.8616"
"72,0 : 0.8616"
"0,73 : 0.2081"
"73,0 : 0.2081"
"0,74 : 0.4455"
"74,0 : 0.4455"
"0,75 : 0.5438"
"75,0 : 0.5438"
"0,76 : 0.3501"
"76,0 : 0.3501"
"0,77 : 0.3764"
"77,0 : 0.3764"
"0,78 : 0.1612"
"78,0 : 0.1612"
"0,79 : 0.7925"
"79,0 : 0.7925"
"0,80 : 0.1565"
"80,0 : 0.1565"
"0,81 : 0.7985"
"81,0 : 0.7985"
"0,82 : 0.7398"
"82,0 : 0.7398"
"0,83 : 0.4026"
"83,0 : 0.4026"
"0,84 : 0.9405"
"84,0 : 0.9405"
"0,85 : 0.3574"
"85,0 : 0.3574"
"0,86 : 0.2907"
"86,0 : 0.2907"
"0,87 : 0.4366"
"87,0 : 0.4366"
"0,88 : 0.5859"
"88,0 : 0.5859"
"0,89 : 0.378"
"89,0 : 0.378"
"0,90 : 0.1803"
"90,0 : 0.1803"
"0,91 : 0.3912"
"91,0 : 0.3912"
"0,92 : 0.5412"
"92,0 : 0.5412"
"0,93 : 0.1803"
"93,0 : 0.1803"
"0,94 : 0.6818"
"94,0 : 0.6818"
"0,95 : 0.1942"
"95,0 : 0.1942"
"0,96 : 0.5536"
"96,0 : 0.5536"
"0,97 : 0.1221"
"97,0 : 0.1221"
"0,98 : 0.3506"
"98,0 : 0.3506"
"0,99 : 0.5672"
"99,0 : 0.5672"
"1,2 : 0.478"
"2,1 : 0.478"
"1,3 : 0.6603"
"3,1 : 0.6603"
"1,4 : 0.956"
"4,1 : 0.956"
"1,5 : 1.0428"
"5,1 : 1.0428"
"1,6 : 0.5104"
"6,1 : 0.5104"
"1,7 : 0.3622"
"7,1 : 0.3622"
"1,8 : 0.644"
"8,1 : 0.644"
"1,9 : 0.4855"
"9,1 : 0.4855"
"1,10 : 0.4332"
"10,1 : 0.4332"
"1,11 : 0.9048"
"11,1 : 0.9048"
"1,12 : 0.9492"
"12,1 : 0.9492"
"1,13 : 0.6113"
"13,1 : 0.6113"
"1,14 : 0.8695"
"14,1 : 0.8695"
"1,15 : 0.6841"
"15,1 : 0.6841"
"1,16 : 0.3864"
"16,1 : 0.3864"
"1,17 : 0.6923"
"17,1 : 0.6923"
"1,18 : 0.5704"
"18,1 : 0.5704"
"1,19 : 0.6251"
"19,1 : 0.6251"
"1,20 : 0.8438"
"20,1 : 0.8438"
"1,21 : 0.9443"
"21,1 : 0.9443"
"1,22 : 0.3158"
"22,1 : 0.3158"
"1,23 : 0.7547"
"23,1 : 0.7547"
"1,24 : 0.8683"
"24,1 : 0.8683"
"1,25 : 0.7824"
"25,1 : 0.7824"
"1,26 : 0.8022"
"26,1 : 0.8022"
"1,27 : 0.6546"
"27,1 : 0.6546"
"1,28 : 0.9552"
"28,1 : 0.9552"
"1,29 : 0.9827"
"29,1 : 0.9827"
"1,30 : 0.392"
"30,1 : 0.392"
"1,31 : 0.5261"
"31,1 : 0.5261"
"1,32 : 0.5993"
"32,1 : 0.5993"
"1,33 : 0.5099"
"33,1 : 0.5099"
"1,34 : 0.9708"
"34,1 : 0.9708"
"1,35 : 0.4492"
"35,1 : 0.4492"
"1,36 : 0.8601"
"36,1 : 0.8601"
"1,37 : 0.4046"
"37,1 : 0.4046"
"1,38 : 0.1005"
"38,1 : 0.1005"
"1,39 : 0.2433"
"39,1 : 0.2433"
"1,40 : 0.4617"
"40,1 : 0.4617"
"1,41 : 0.3833"
"41,1 : 0.3833"
"1,42 : 0.7916"
"42,1 : 0.7916"
"1,43 : 0.8887"
"43,1 : 0.8887"
"1,44 : 0.7211"
"44,1 : 0.7211"
"1,45 : 0.3801"
"45,1 : 0.3801"
"1,46 : 0.9259"
"46,1 : 0.9259"
"1,47 : 0.9504"
"47,1 : 0.9504"
"1,48 : 0.4826"
"48,1 : 0.4826"
"1,49 : 0.3002"
"49,1 : 0.3002"
"1,50 : 0.6224"
"50,1 : 0.6224"
"1,51 : 0.8322"
"51,1 : 0.8322"
"1,52 : 0.5376"
"52,1 : 0.5376"
"1,53 : 0.2693"
"53,1 : 0.2693"
"1,54 : 0.5004"
"54,1 : 0.5004"
"1,55 : 0.7739"
"55,1 : 0.7739"
"1,56 : 0.2693"
"56,1 : 0.2693"
"1,57 : 0.2683"
"57,1 : 0.2683"
"1,58 : 0.5161"
"58,1 : 0.5161"
"1,59 : 0.4249"
"59,1 : 0.4249"
"1,60 : 0.23"
"60,1 : 0.23"
"1,61 : 0.6705"
"61,1 : 0.6705"
"1,62 : 0.586"
"62,1 : 0.586"
"1,63 : 0.4301"
"63,1 : 0.4301"
"1,64 : 0.4604"
"64,1 : 0.4604"
"1,65 : 0.1503"
"65,1 : 0.1503"
"1,66 : 0.764"
"66,1 : 0.764"
"1,67 : 0.7988"
"67,1 : 0.7988"
"1,68 : 0.4442"
"68,1 : 0.4442"
"1,69 : 0.6264"
"69,1 : 0.6264"
"1,70 : 0.08"
"70,1 : 0.08"
"1,71 : 0.3511"
"71,1 : 0.3511"
"1,72 : 0.2"
"72,1 : 0.2"
"1,73 : 0.9646"
"73,1 : 0.9646"
"1,74 : 1.0346"
"74,1 : 1.0346"
"1,75 : 0.5326"
"75,1 : 0.5326"
"1,76 : 0.4632"
"76,1 : 0.4632"
"1,77 : 0.7305"
"77,1 : 0.7305"
"1,78 : 0.8802"
"78,1 : 0.8802"
"1,79 : 0.6957"
"79,1 : 0.6957"
"1,80 : 0.7303"
"80,1 : 0.7303"
"1,81 : 0.4243"
"81,1 : 0.4243"
"1,82 : 0.0943"
"82,1 : 0.0943"
"1,83 : 0.9396"
"83,1 : 0.9396"
"1,84 : 0.6607"
"84,1 : 0.6607"
"1,85 : 0.9362"
"85,1 : 0.9362"
"1,86 : 0.5842"
"86,1 : 0.5842"
"1,87 : 0.8387"
"87,1 : 0.8387"
"1,88 : 0.831"
"88,1 : 0.831"
"1,89 : 0.708"
"89,1 : 0.708"
"1,90 : 0.6335"
"90,1 : 0.6335"
"1,91 : 0.4198"
"91,1 : 0.4198"
"1,92 : 0.2816"
"92,1 : 0.2816"
"1,93 : 0.6862"
"93,1 : 0.6862"
"1,94 : 0.2081"
"94,1 : 0.2081"
"1,95 : 0.9109"
"95,1 : 0.9109"
"1,96 : 0.8841"
"96,1 : 0.8841"
"1,97 : 0.9198"
"97,1 : 0.9198"
"1,98 : 0.8132"
"98,1 : 0.8132"
"1,99 : 0.9831"
"99,1 : 0.9831"
"2,3 : 0.389"
"3,2 : 0.389"
"2,4 : 0.5408"
"4,2 : 0.5408"
"2,5 : 0.9183"
"5,2 : 0.9183"
"2,6 : 0.5814"
"6,2 : 0.5814"
"2,7 : 0.7336"
"7,2 : 0.7336"
"2,8 : 0.81"
"8,2 : 0.81"
"2,9 : 0.5508"
"9,2 : 0.5508"
"2,10 : 0.431"
"10,2 : 0.431"
"2,11 : 0.7622"
"11,2 : 0.7622"
"2,12 : 0.771"
"12,2 : 0.771"
"2,13 : 0.3397"
"13,2 : 0.3397"
"2,14 : 0.8184"
"14,2 : 0.8184"
"2,15 : 0.831"
"15,2 : 0.831"
"2,16 : 0.36"
"16,2 : 0.36"
"2,17 : 0.34"
"17,2 : 0.34"
"2,18 : 0.3302"
"18,2 : 0.3302"
"2,19 : 0.3189"
"19,2 : 0.3189"
"2,20 : 0.8053"
"20,2 : 0.8053"
"2,21 : 0.6768"
"21,2 : 0.6768"
"2,22 : 0.2404"
"22,2 : 0.2404"
"2,23 : 0.7374"
"23,2 : 0.7374"
"2,24 : 0.6868"
"24,2 : 0.6868"
"2,25 : 0.7843"
"25,2 : 0.7843"
"2,26 : 0.5467"
"26,2 : 0.5467"
"2,27 : 0.8301"
"27,2 : 0.8301"
"2,28 : 0.993"
"28,2 : 0.993"
"2,29 : 0.7658"
"29,2 : 0.7658"
"2,30 : 0.086"
"30,2 : 0.086"
"2,31 : 0.2524"
"31,2 : 0.2524"
"2,32 : 0.1628"
"32,2 : 0.1628"
"2,33 : 0.2247"
"33,2 : 0.2247"
"2,34 : 0.7517"
"34,2 : 0.7517"
"2,35 : 0.423"
"35,2 : 0.423"
"2,36 : 0.566"
"36,2 : 0.566"
"2,37 : 0.6119"
"37,2 : 0.6119"
"2,38 : 0.5515"
"38,2 : 0.5515"
"2,39 : 0.6297"
"39,2 : 0.6297"
"2,40 : 0.4342"
"40,2 : 0.4342"
"2,41 : 0.1903"
"41,2 : 0.1903"
"2,42 : 0.5326"
"42,2 : 0.5326"
"2,43 : 0.46"
"43,2 : 0.46"
"2,44 : 0.422"
"44,2 : 0.422"
"2,45 : 0.28"
"45,2 : 0.28"
"2,46 : 0.8438"
"46,2 : 0.8438"
"2,47 : 0.5797"
"47,2 : 0.5797"
"2,48 : 0.0283"
"48,2 : 0.0283"
"2,49 : 0.5962"
"49,2 : 0.5962"
"2,50 : 0.1942"
"50,2 : 0.1942"
"2,51 : 0.8062"
"51,2 : 0.8062"
"2,52 : 0.6801"
"52,2 : 0.6801"
"2,53 : 0.2121"
"53,2 : 0.2121"
"2,54 : 0.8855"
"54,2 : 0.8855"
"2,55 : 0.6977"
"55,2 : 0.6977"
"2,56 : 0.2474"
"56,2 : 0.2474"
"2,57 : 0.2202"
"57,2 : 0.2202"
"2,58 : 0.7145"
"58,2 : 0.7145"
"2,59 : 0.1"
"59,2 : 0.1"
"2,60 : 0.3265"
"60,2 : 0.3265"
"2,61 : 0.9473"
"61,2 : 0.9473"
"2,62 : 0.8302"
"62,2 : 0.8302"
"2,63 : 0.7433"
"63,2 : 0.7433"
"2,64 : 0.3202"
"64,2 : 0.3202"
"2,65 : 0.3624"
"65,2 : 0.3624"
"2,66 : 0.9035"
"66,2 : 0.9035"
"2,67 : 0.7912"
"67,2 : 0.7912"
"2,68 : 0.06"
"68,2 : 0.06"
"2,69 : 0.5189"
"69,2 : 0.5189"
"2,70 : 0.4342"
"70,2 : 0.4342"
"2,71 : 0.413"
"71,2 : 0.413"
"2,72 : 0.3905"
"72,2 : 0.3905"
"2,73 : 0.7925"
"73,2 : 0.7925"
"2,74 : 0.9811"
"74,2 : 0.9811"
"2,75 : 0.7011"
"75,2 : 0.7011"
"2,76 : 0.4061"
"76,2 : 0.4061"
"2,77 : 0.314"
"77,2 : 0.314"
"2,78 : 0.5682"
"78,2 : 0.5682"
"2,79 : 0.9634"
"79,2 : 0.9634"
"2,80 : 0.442"
"80,2 : 0.442"
"2,81 : 0.7788"
"81,2 : 0.7788"
"2,82 : 0.3842"
"82,2 : 0.3842"
"2,83 : 0.5204"
"83,2 : 0.5204"
"2,84 : 1.0124"
"84,2 : 1.0124"
"2,85 : 0.5346"
"85,2 : 0.5346"
"2,86 : 0.2973"
"86,2 : 0.2973"
"2,87 : 0.8633"
"87,2 : 0.8633"
"2,88 : 0.942"
"88,2 : 0.942"
"2,89 : 0.735"
"89,2 : 0.735"
"2,90 : 0.4837"
"90,2 : 0.4837"
"2,91 : 0.3812"
"91,2 : 0.3812"
"2,92 : 0.2786"
"92,2 : 0.2786"
"2,93 : 0.5771"
"93,2 : 0.5771"
"2,94 : 0.5284"
"94,2 : 0.5284"
"2,95 : 0.586"
"95,2 : 0.586"
"2,96 : 0.958"
"96,2 : 0.958"
"2,97 : 0.7077"
"97,2 : 0.7077"
"2,98 : 0.4045"
"98,2 : 0.4045"
"2,99 : 1.0246"
"99,2 : 1.0246"
"3,4 : 0.3538"
"4,3 : 0.3538"
"3,5 : 0.5354"
"5,3 : 0.5354"
"3,6 : 0.392"
"6,3 : 0.392"
"3,7 : 0.7272"
"7,3 : 0.7272"
"3,8 : 0.6083"
"8,3 : 0.6083"
"3,9 : 0.3754"
"9,3 : 0.3754"
"3,10 : 0.2968"
"10,3 : 0.2968"
"3,11 : 0.3808"
"11,3 : 0.3808"
"3,12 : 0.3829"
"12,3 : 0.3829"
"3,13 : 0.0539"
"13,3 : 0.0539"
"3,14 : 0.4687"
"14,3 : 0.4687"
"3,15 : 0.6093"
"15,3 : 0.6093"
"3,16 : 0.2941"
"16,3 : 0.2941"
"3,17 : 0.1118"
"17,3 : 0.1118"
"3,18 : 0.09"
"18,3 : 0.09"
"3,19 : 0.0721"
"19,3 : 0.0721"
"3,20 : 0.4639"
"20,3 : 0.4639"
"3,21 : 0.3008"
"21,3 : 0.3008"
"3,22 : 0.3523"
"22,3 : 0.3523"
"3,23 : 0.4205"
"23,3 : 0.4205"
"3,24 : 0.3"
"24,3 : 0.3"
"3,25 : 0.4704"
"25,3 : 0.4704"
"3,26 : 0.1612"
"26,3 : 0.1612"
"3,27 : 0.6306"
"27,3 : 0.6306"
"3,28 : 0.6712"
"28,3 : 0.6712"
"3,29 : 0.378"
"29,3 : 0.378"
"3,30 : 0.4134"
"30,3 : 0.4134"
"3,31 : 0.1523"
"31,3 : 0.1523"
"3,32 : 0.2683"
"32,3 : 0.2683"
"3,33 : 0.1789"
"33,3 : 0.1789"
"3,34 : 0.364"
"34,3 : 0.364"
"3,35 : 0.2746"
"35,3 : 0.2746"
"3,36 : 0.2022"
"36,3 : 0.2022"
"3,37 : 0.5186"
"37,3 : 0.5186"
"3,38 : 0.6807"
"38,3 : 0.6807"
"3,39 : 0.6723"
"39,3 : 0.6723"
"3,40 : 0.272"
"40,3 : 0.272"
"3,41 : 0.3008"
"41,3 : 0.3008"
"3,42 : 0.1476"
"42,3 : 0.1476"
"3,43 : 0.3245"
"43,3 : 0.3245"
"3,44 : 0.0632"
"44,3 : 0.0632"
"3,45 : 0.2802"
"45,3 : 0.2802"
"3,46 : 0.4776"
"46,3 : 0.4776"
"3,47 : 0.3046"
"47,3 : 0.3046"
"3,48 : 0.3607"
"48,3 : 0.3607"
"3,49 : 0.5818"
"49,3 : 0.5818"
"3,50 : 0.247"
"50,3 : 0.247"
"3,51 : 0.4717"
"51,3 : 0.4717"
"3,52 : 0.5022"
"52,3 : 0.5022"
"3,53 : 0.4464"
"53,3 : 0.4464"
"3,54 : 0.856"
"54,3 : 0.856"
"3,55 : 0.3523"
"55,3 : 0.3523"
"3,56 : 0.5608"
"56,3 : 0.5608"
"3,57 : 0.4317"
"57,3 : 0.4317"
"3,58 : 0.5685"
"58,3 : 0.5685"
"3,59 : 0.3276"
"59,3 : 0.3276"
"3,60 : 0.4305"
"60,3 : 0.4305"
"3,61 : 0.8045"
"61,3 : 0.8045"
"3,62 : 0.686"
"62,3 : 0.686"
"3,63 : 0.6825"
"63,3 : 0.6825"
"3,64 : 0.204"
"64,3 : 0.204"
"3,65 : 0.5101"
"65,3 : 0.5101"
"3,66 : 0.661"
"66,3 : 0.661"
"3,67 : 0.47"
"67,3 : 0.47"
"3,68 : 0.35"
"68,3 : 0.35"
"3,69 : 0.2088"
"69,3 : 0.2088"
"3,70 : 0.6627"
"70,3 : 0.6627"
"3,71 : 0.3585"
"71,3 : 0.3585"
"3,72 : 0.6841"
"72,3 : 0.6841"
"3,73 : 0.4046"
"73,3 : 0.4046"
"3,74 : 0.6168"
"74,3 : 0.6168"
"3,75 : 0.536"
"75,3 : 0.536"
"3,76 : 0.247"
"76,3 : 0.247"
"3,77 : 0.222"
"77,3 : 0.222"
"3,78 : 0.22"
"78,3 : 0.22"
"3,79 : 0.8099"
"79,3 : 0.8099"
"3,80 : 0.07"
"80,3 : 0.07"
"3,81 : 0.744"
"81,3 : 0.744"
"3,82 : 0.5808"
"82,3 : 0.5808"
"3,83 : 0.3466"
"83,3 : 0.3466"
"3,84 : 0.927"
"84,3 : 0.927"
"3,85 : 0.3202"
"85,3 : 0.3202"
"3,86 : 0.0943"
"86,3 : 0.0943"
"3,87 : 0.5501"
"87,3 : 0.5501"
"3,88 : 0.6727"
"88,3 : 0.6727"
"3,89 : 0.4491"
"89,3 : 0.4491"
"3,90 : 0.1552"
"90,3 : 0.1552"
"3,91 : 0.2731"
"91,3 : 0.2731"
"3,92 : 0.3801"
"92,3 : 0.3801"
"3,93 : 0.2402"
"93,3 : 0.2402"
"3,94 : 0.5725"
"94,3 : 0.5725"
"3,95 : 0.2508"
"95,3 : 0.2508"
"3,96 : 0.6619"
"96,3 : 0.6619"
"3,97 : 0.3189"
"97,3 : 0.3189"
"3,98 : 0.2419"
"98,3 : 0.2419"
"3,99 : 0.7018"
"99,3 : 0.7018"
"4,5 : 0.6907"
"5,4 : 0.6907"
"4,6 : 0.7433"
"6,4 : 0.7433"
"4,7 : 1.0765"
"7,4 : 1.0765"
"4,8 : 0.9487"
"8,4 : 0.9487"
"4,9 : 0.7284"
"9,4 : 0.7284"
"4,10 : 0.6482"
"10,4 : 0.6482"
"4,11 : 0.5743"
"11,4 : 0.5743"
"4,12 : 0.5301"
"12,4 : 0.5301"
"4,13 : 0.3801"
"13,4 : 0.3801"
"4,14 : 0.7203"
"14,4 : 0.7203"
"4,15 : 0.9434"
"15,4 : 0.9434"
"4,16 : 0.6329"
"16,4 : 0.6329"
"4,17 : 0.2729"
"17,4 : 0.2729"
"4,18 : 0.4244"
"18,4 : 0.4244"
"4,19 : 0.3499"
"19,4 : 0.3499"
"4,20 : 0.728"
"20,4 : 0.728"
"4,21 : 0.3506"
"21,4 : 0.3506"
"4,22 : 0.642"
"22,4 : 0.642"
"4,23 : 0.7169"
"23,4 : 0.7169"
"4,24 : 0.4866"
"24,4 : 0.4866"
"4,25 : 0.7632"
"25,4 : 0.7632"
"4,26 : 0.3418"
"26,4 : 0.3418"
"4,27 : 0.9708"
"27,4 : 0.9708"
"4,28 : 0.9362"
"28,4 : 0.9362"
"4,29 : 0.4717"
"29,4 : 0.4717"
"4,30 : 0.6103"
"30,4 : 0.6103"
"4,31 : 0.4386"
"31,4 : 0.4386"
"4,32 : 0.38"
"32,4 : 0.38"
"4,33 : 0.4494"
"33,4 : 0.4494"
"4,34 : 0.461"
"34,4 : 0.461"
"4,35 : 0.6263"
"35,4 : 0.6263"
"4,36 : 0.2766"
"36,4 : 0.2766"
"4,37 : 0.8721"
"37,4 : 0.8721"
"4,38 : 0.9972"
"38,4 : 0.9972"
"4,39 : 1.0121"
"39,4 : 1.0121"
"4,40 : 0.6248"
"40,4 : 0.6248"
"4,41 : 0.5728"
"41,4 : 0.5728"
"4,42 : 0.3362"
"42,4 : 0.3362"
"4,43 : 0.0854"
"43,4 : 0.0854"
"4,44 : 0.2973"
"44,4 : 0.2973"
"4,45 : 0.5951"
"45,4 : 0.5951"
"4,46 : 0.6972"
"46,4 : 0.6972"
"4,47 : 0.1217"
"47,4 : 0.1217"
"4,48 : 0.5201"
"48,4 : 0.5201"
"4,49 : 0.9291"
"49,4 : 0.9291"
"4,50 : 0.3501"
"50,4 : 0.3501"
"4,51 : 0.7433"
"51,4 : 0.7433"
"4,52 : 0.8515"
"52,4 : 0.8515"
"4,53 : 0.7004"
"53,4 : 0.7004"
"4,54 : 1.2088"
"54,4 : 1.2088"
"4,55 : 0.6297"
"55,4 : 0.6297"
"4,56 : 0.7806"
"56,4 : 0.7806"
"4,57 : 0.6943"
"57,4 : 0.6943"
"4,58 : 0.9202"
"58,4 : 0.9202"
"4,59 : 0.5445"
"59,4 : 0.5445"
"4,60 : 0.7374"
"60,4 : 0.7374"
"4,61 : 1.1526"
"61,4 : 1.1526"
"4,62 : 1.0359"
"62,4 : 1.0359"
"4,63 : 1.0359"
"63,4 : 1.0359"
"4,64 : 0.5385"
"64,4 : 0.5385"
"4,65 : 0.8096"
"65,4 : 0.8096"
"4,66 : 0.9841"
"66,4 : 0.9841"
"4,67 : 0.7561"
"67,4 : 0.7561"
"4,68 : 0.5408"
"68,4 : 0.5408"
"4,69 : 0.5441"
"69,4 : 0.5441"
"4,70 : 0.9374"
"70,4 : 0.9374"
"4,71 : 0.7018"
"71,4 : 0.7018"
"4,72 : 0.922"
"72,4 : 0.922"
"4,73 : 0.55"
"73,4 : 0.55"
"4,74 : 0.8215"
"74,4 : 0.8215"
"4,75 : 0.8862"
"75,4 : 0.8862"
"4,76 : 0.5982"
"76,4 : 0.5982"
"4,77 : 0.2309"
"77,4 : 0.2309"
"4,78 : 0.2433"
"78,4 : 0.2433"
"4,79 : 1.156"
"79,4 : 1.156"
"4,80 : 0.3061"
"80,4 : 0.3061"
"4,81 : 1.0964"
"81,4 : 1.0964"
"4,82 : 0.8659"
"82,4 : 0.8659"
"4,83 : 0.0224"
"83,4 : 0.0224"
"4,84 : 1.28"
"84,4 : 1.28"
"4,85 : 0.0412"
"85,4 : 0.0412"
"4,86 : 0.3895"
"86,4 : 0.3895"
"4,87 : 0.8349"
"87,4 : 0.8349"
"4,88 : 0.9809"
"88,4 : 0.9809"
"4,89 : 0.7648"
"89,4 : 0.7648"
"4,90 : 0.492"
"90,4 : 0.492"
"4,91 : 0.6185"
"91,4 : 0.6185"
"4,92 : 0.6801"
"92,4 : 0.6801"
"4,93 : 0.5507"
"93,4 : 0.5507"
"4,94 : 0.9082"
"94,4 : 0.9082"
"4,95 : 0.2202"
"95,4 : 0.2202"
"4,96 : 0.9519"
"96,4 : 0.9519"
"4,97 : 0.4504"
"97,4 : 0.4504"
"4,98 : 0.1432"
"98,4 : 0.1432"
"4,99 : 0.9632"
"99,4 : 0.9632"
"5,6 : 0.5482"
"6,5 : 0.5482"
"5,7 : 0.9127"
"7,5 : 0.9127"
"5,8 : 0.5771"
"8,5 : 0.5771"
"5,9 : 0.5661"
"9,5 : 0.5661"
"5,10 : 0.6129"
"10,5 : 0.6129"
"5,11 : 0.1562"
"11,5 : 0.1562"
"5,12 : 0.1649"
"12,5 : 0.1649"
"5,13 : 0.5801"
"13,5 : 0.5801"
"5,14 : 0.2002"
"14,5 : 0.2002"
"5,15 : 0.5413"
"15,5 : 0.5413"
"5,16 : 0.6742"
"16,5 : 0.6742"
"5,17 : 0.6217"
"17,5 : 0.6217"
"5,18 : 0.589"
"18,5 : 0.589"
"5,19 : 0.6075"
"19,5 : 0.6075"
"5,20 : 0.2302"
"20,5 : 0.2302"
"5,21 : 0.3401"
"21,5 : 0.3401"
"5,22 : 0.806"
"22,5 : 0.806"
"5,23 : 0.3114"
"23,5 : 0.3114"
"5,24 : 0.2371"
"24,5 : 0.2371"
"5,25 : 0.3106"
"25,5 : 0.3106"
"5,26 : 0.3992"
"26,5 : 0.3992"
"5,27 : 0.5903"
"27,5 : 0.5903"
"5,28 : 0.333"
"28,5 : 0.333"
"5,29 : 0.2202"
"29,5 : 0.2202"
"5,30 : 0.9266"
"30,5 : 0.9266"
"5,31 : 0.6671"
"31,5 : 0.6671"
"5,32 : 0.8026"
"32,5 : 0.8026"
"5,33 : 0.6953"
"33,5 : 0.6953"
"5,34 : 0.23"
"34,5 : 0.23"
"5,35 : 0.6003"
"35,5 : 0.6003"
"5,36 : 0.4295"
"36,5 : 0.4295"
"5,37 : 0.7004"
"37,5 : 0.7004"
"5,38 : 1.0151"
"38,5 : 1.0151"
"5,39 : 0.9296"
"39,5 : 0.9296"
"5,40 : 0.5867"
"40,5 : 0.5867"
"5,41 : 0.7857"
"41,5 : 0.7857"
"5,42 : 0.4123"
"42,5 : 0.4123"
"5,43 : 0.7284"
"43,5 : 0.7284"
"5,44 : 0.5233"
"44,5 : 0.5233"
"5,45 : 0.7201"
"45,5 : 0.7201"
"5,46 : 0.13"
"46,5 : 0.13"
"5,47 : 0.5701"
"47,5 : 0.5701"
"5,48 : 0.8902"
"48,5 : 0.8902"
"5,49 : 0.8179"
"49,5 : 0.8179"
"5,50 : 0.779"
"50,5 : 0.779"
"5,51 : 0.2508"
"51,5 : 0.2508"
"5,52 : 0.5814"
"52,5 : 0.5814"
"5,53 : 0.9183"
"53,5 : 0.9183"
"5,54 : 0.9725"
"54,5 : 0.9725"
"5,55 : 0.2693"
"55,5 : 0.2693"
"5,56 : 1.0448"
"56,5 : 1.0448"
"5,57 : 0.8981"
"57,5 : 0.8981"
"5,58 : 0.6501"
"58,5 : 0.6501"
"5,59 : 0.8422"
"59,5 : 0.8422"
"5,60 : 0.8386"
"60,5 : 0.8386"
"5,61 : 0.7788"
"61,5 : 0.7788"
"5,62 : 0.7071"
"62,5 : 0.7071"
"5,63 : 0.8202"
"63,5 : 0.8202"
"5,64 : 0.6389"
"64,5 : 0.6389"
"5,65 : 0.913"
"65,5 : 0.913"
"5,66 : 0.522"
"66,5 : 0.522"
"5,67 : 0.2907"
"67,5 : 0.2907"
"5,68 : 0.8721"
"68,5 : 0.8721"
"5,69 : 0.4301"
"69,5 : 0.4301"
"5,70 : 1.0782"
"70,5 : 1.0782"
"5,71 : 0.6932"
"71,5 : 0.6932"
"5,72 : 1.1399"
"72,5 : 1.1399"
"5,73 : 0.1432"
"73,5 : 0.1432"
"5,74 : 0.1526"
"74,5 : 0.1526"
"5,75 : 0.6103"
"75,5 : 0.6103"
"5,76 : 0.5936"
"76,5 : 0.5936"
"5,77 : 0.7187"
"77,5 : 0.7187"
"5,78 : 0.4554"
"78,5 : 0.4554"
"5,79 : 0.7654"
"79,5 : 0.7654"
"5,80 : 0.5009"
"80,5 : 0.5009"
"5,81 : 0.8901"
"81,5 : 0.8901"
"5,82 : 0.9936"
"82,5 : 0.9936"
"5,83 : 0.7018"
"83,5 : 0.7018"
"5,84 : 0.9483"
"84,5 : 0.9483"
"5,85 : 0.6512"
"85,5 : 0.6512"
"5,86 : 0.622"
"86,5 : 0.622"
"5,87 : 0.3162"
"87,5 : 0.3162"
"5,88 : 0.4696"
"88,5 : 0.4696"
"5,89 : 0.3801"
"89,5 : 0.3801"
"5,90 : 0.446"
"90,5 : 0.446"
"5,91 : 0.6381"
"91,5 : 0.6381"
"5,92 : 0.8127"
"92,5 : 0.8127"
"5,93 : 0.3662"
"93,5 : 0.3662"
"5,94 : 0.8698"
"94,5 : 0.8698"
"5,95 : 0.4717"
"95,5 : 0.4717"
"5,96 : 0.3996"
"96,5 : 0.3996"
"5,97 : 0.2452"
"97,5 : 0.2452"
"5,98 : 0.6815"
"98,5 : 0.6815"
"5,99 : 0.3466"
"99,5 : 0.3466"
"6,7 : 0.3864"
"7,6 : 0.3864"
"6,8 : 0.2335"
"8,6 : 0.2335"
"6,9 : 0.0316"
"9,6 : 0.0316"
"6,10 : 0.1503"
"10,6 : 0.1503"
"6,11 : 0.4305"
"11,6 : 0.4305"
"6,12 : 0.4904"
"12,6 : 0.4904"
"6,13 : 0.3808"
"13,6 : 0.3808"
"6,14 : 0.3625"
"14,6 : 0.3625"
"6,15 : 0.25"
"15,6 : 0.25"
"6,16 : 0.2236"
"16,6 : 0.2236"
"6,17 : 0.494"
"17,6 : 0.494"
"6,18 : 0.3444"
"18,6 : 0.3444"
"6,19 : 0.4206"
"19,6 : 0.4206"
"6,20 : 0.3354"
"20,6 : 0.3354"
"6,21 : 0.5571"
"21,6 : 0.5571"
"6,22 : 0.3669"
"22,6 : 0.3669"
"6,23 : 0.246"
"23,6 : 0.246"
"6,24 : 0.4258"
"24,6 : 0.4258"
"6,25 : 0.272"
"25,6 : 0.272"
"6,26 : 0.4442"
"26,6 : 0.4442"
"6,27 : 0.255"
"27,6 : 0.255"
"6,28 : 0.4561"
"28,6 : 0.4561"
"6,29 : 0.5459"
"29,6 : 0.5459"
"6,30 : 0.5413"
"30,6 : 0.5413"
"6,31 : 0.3833"
"31,6 : 0.3833"
"6,32 : 0.5629"
"32,6 : 0.5629"
"6,33 : 0.3981"
"33,6 : 0.3981"
"6,34 : 0.5376"
"34,6 : 0.5376"
"6,35 : 0.1603"
"35,6 : 0.1603"
"6,36 : 0.5215"
"36,6 : 0.5215"
"6,37 : 0.1612"
"37,6 : 0.1612"
"6,38 : 0.4701"
"38,6 : 0.4701"
"6,39 : 0.3833"
"39,6 : 0.3833"
"6,40 : 0.1513"
"40,6 : 0.1513"
"6,41 : 0.3932"
"41,6 : 0.3932"
"6,42 : 0.441"
"42,6 : 0.441"
"6,43 : 0.7161"
"43,6 : 0.7161"
"6,44 : 0.446"
"44,6 : 0.446"
"6,45 : 0.3027"
"45,6 : 0.3027"
"6,46 : 0.4238"
"46,6 : 0.4238"
"6,47 : 0.6748"
"47,6 : 0.6748"
"6,48 : 0.5604"
"48,6 : 0.5604"
"6,49 : 0.2717"
"49,6 : 0.2717"
"6,50 : 0.5604"
"50,6 : 0.5604"
"6,51 : 0.3225"
"51,6 : 0.3225"
"6,52 : 0.1118"
"52,6 : 0.1118"
"6,53 : 0.4701"
"53,6 : 0.4701"
"6,54 : 0.4875"
"54,6 : 0.4875"
"6,55 : 0.2828"
"55,6 : 0.2828"
"6,56 : 0.5906"
"56,6 : 0.5906"
"6,57 : 0.4478"
"57,6 : 0.4478"
"6,58 : 0.1769"
"58,6 : 0.1769"
"6,59 : 0.4817"
"59,6 : 0.4817"
"6,60 : 0.3467"
"60,6 : 0.3467"
"6,61 : 0.4134"
"61,6 : 0.4134"
"6,62 : 0.2941"
"62,6 : 0.2941"
"6,63 : 0.3138"
"63,6 : 0.3138"
"6,64 : 0.2729"
"64,6 : 0.2729"
"6,65 : 0.4036"
"65,6 : 0.4036"
"6,66 : 0.3225"
"66,6 : 0.3225"
"6,67 : 0.2884"
"67,6 : 0.2884"
"6,68 : 0.5215"
"68,6 : 0.5215"
"6,69 : 0.211"
"69,6 : 0.211"
"6,70 : 0.5597"
"70,6 : 0.5597"
"6,71 : 0.1924"
"71,6 : 0.1924"
"6,72 : 0.6454"
"72,6 : 0.6454"
"6,73 : 0.5"
"73,6 : 0.5"
"6,74 : 0.5248"
"74,6 : 0.5248"
"6,75 : 0.1442"
"75,6 : 0.1442"
"6,76 : 0.1825"
"76,6 : 0.1825"
"6,77 : 0.5948"
"77,6 : 0.5948"
"6,78 : 0.5547"
"78,6 : 0.5547"
"6,79 : 0.4206"
"79,6 : 0.4206"
"6,80 : 0.4384"
"80,6 : 0.4384"
"6,81 : 0.3828"
"81,6 : 0.3828"
"6,82 : 0.4808"
"82,6 : 0.4808"
"6,83 : 0.7376"
"83,6 : 0.7376"
"6,84 : 0.5376"
"84,6 : 0.5376"
"6,85 : 0.7072"
"85,6 : 0.7072"
"6,86 : 0.394"
"86,6 : 0.394"
"6,87 : 0.3324"
"87,6 : 0.3324"
"6,88 : 0.3669"
"88,6 : 0.3669"
"6,89 : 0.1985"
"89,6 : 0.1985"
"6,90 : 0.2561"
"90,6 : 0.2561"
"6,91 : 0.2002"
"91,6 : 0.2002"
"6,92 : 0.3493"
"92,6 : 0.3493"
"6,93 : 0.2404"
"93,6 : 0.2404"
"6,94 : 0.3231"
"94,6 : 0.3231"
"6,95 : 0.5908"
"95,6 : 0.5908"
"6,96 : 0.3982"
"96,6 : 0.3982"
"6,97 : 0.4903"
"97,6 : 0.4903"
"6,98 : 0.6325"
"98,6 : 0.6325"
"6,99 : 0.486"
"99,6 : 0.486"
"7,8 : 0.3758"
"8,7 : 0.3758"
"7,9 : 0.3833"
"9,7 : 0.3833"
"7,10 : 0.4305"
"10,7 : 0.4305"
"7,11 : 0.8115"
"11,7 : 0.8115"
"7,12 : 0.8746"
"12,7 : 0.8746"
"7,13 : 0.6963"
"13,7 : 0.6963"
"7,14 : 0.7145"
"14,7 : 0.7145"
"7,15 : 0.4205"
"15,7 : 0.4205"
"7,16 : 0.4469"
"16,7 : 0.4469"
"7,17 : 0.806"
"17,7 : 0.806"
"7,18 : 0.6522"
"18,7 : 0.6522"
"7,19 : 0.728"
"19,7 : 0.728"
"7,20 : 0.6847"
"20,7 : 0.6847"
"7,21 : 0.9396"
"21,7 : 0.9396"
"7,22 : 0.4993"
"22,7 : 0.4993"
"7,23 : 0.6013"
"23,7 : 0.6013"
"7,24 : 0.8122"
"24,7 : 0.8122"
"7,25 : 0.6067"
"25,7 : 0.6067"
"7,26 : 0.8171"
"26,7 : 0.8171"
"7,27 : 0.3759"
"27,7 : 0.3759"
"7,28 : 0.7209"
"28,7 : 0.7209"
"7,29 : 0.9321"
"29,7 : 0.9321"
"7,30 : 0.658"
"30,7 : 0.658"
"7,31 : 0.6512"
"31,7 : 0.6512"
"7,32 : 0.7965"
"32,7 : 0.7965"
"7,33 : 0.6505"
"33,7 : 0.6505"
"7,34 : 0.924"
"34,7 : 0.924"
"7,35 : 0.4528"
"35,7 : 0.4528"
"7,36 : 0.8916"
"36,7 : 0.8916"
"7,37 : 0.2256"
"37,7 : 0.2256"
"7,38 : 0.2648"
"38,7 : 0.2648"
"7,39 : 0.12"
"39,7 : 0.12"
"7,40 : 0.4565"
"40,7 : 0.4565"
"7,41 : 0.5661"
"41,7 : 0.5661"
"7,42 : 0.8115"
"42,7 : 0.8115"
"7,43 : 1.0308"
"43,7 : 1.0308"
"7,44 : 0.7889"
"44,7 : 0.7889"
"7,45 : 0.5025"
"45,7 : 0.5025"
"7,46 : 0.7831"
"46,7 : 0.7831"
"7,47 : 1.0296"
"47,7 : 1.0296"
"7,48 : 0.7256"
"48,7 : 0.7256"
"7,49 : 0.1487"
"49,7 : 0.1487"
"7,50 : 0.8081"
"50,7 : 0.8081"
"7,51 : 0.6661"
"51,7 : 0.6661"
"7,52 : 0.3314"
"52,7 : 0.3314"
"7,53 : 0.5349"
"53,7 : 0.5349"
"7,54 : 0.1523"
"54,7 : 0.1523"
"7,55 : 0.6607"
"55,7 : 0.6607"
"7,56 : 0.5984"
"56,7 : 0.5984"
"7,57 : 0.52"
"57,7 : 0.52"
"7,58 : 0.2668"
"58,7 : 0.2668"
"7,59 : 0.6466"
"59,7 : 0.6466"
"7,60 : 0.4071"
"60,7 : 0.4071"
"7,61 : 0.3225"
"61,7 : 0.3225"
"7,62 : 0.2702"
"62,7 : 0.2702"
"7,63 : 0.103"
"63,7 : 0.103"
"7,64 : 0.5404"
"64,7 : 0.5404"
"7,65 : 0.386"
"65,7 : 0.386"
"7,66 : 0.4888"
"66,7 : 0.4888"
"7,67 : 0.6265"
"67,7 : 0.6265"
"7,68 : 0.681"
"68,7 : 0.681"
"7,69 : 0.5882"
"69,7 : 0.5882"
"7,70 : 0.4418"
"70,7 : 0.4418"
"7,71 : 0.3764"
"71,7 : 0.3764"
"7,72 : 0.5614"
"72,7 : 0.5614"
"7,73 : 0.8828"
"73,7 : 0.8828"
"7,74 : 0.8538"
"74,7 : 0.8538"
"7,75 : 0.3041"
"75,7 : 0.3041"
"7,76 : 0.4802"
"76,7 : 0.4802"
"7,77 : 0.8846"
"77,7 : 0.8846"
"7,78 : 0.922"
"78,7 : 0.922"
"7,79 : 0.3499"
"79,7 : 0.3499"
"7,80 : 0.7877"
"80,7 : 0.7877"
"7,81 : 0.0632"
"81,7 : 0.0632"
"7,82 : 0.4119"
"82,7 : 0.4119"
"7,83 : 1.0661"
"83,7 : 1.0661"
"7,84 : 0.3002"
"84,7 : 0.3002"
"7,85 : 1.0456"
"85,7 : 1.0456"
"7,86 : 0.6903"
"86,7 : 0.6903"
"7,87 : 0.6332"
"87,7 : 0.6332"
"7,88 : 0.5644"
"88,7 : 0.5644"
"7,89 : 0.5334"
"89,7 : 0.5334"
"7,90 : 0.6239"
"90,7 : 0.6239"
"7,91 : 0.458"
"91,7 : 0.458"
"7,92 : 0.4579"
"92,7 : 0.4579"
"7,93 : 0.6259"
"93,7 : 0.6259"
"7,94 : 0.2062"
"94,7 : 0.2062"
"7,95 : 0.9575"
"95,7 : 0.9575"
"7,96 : 0.6351"
"96,7 : 0.6351"
"7,97 : 0.8766"
"97,7 : 0.8766"
"7,98 : 0.9464"
"98,7 : 0.9464"
"7,99 : 0.7425"
"99,7 : 0.7425"
"8,9 : 0.2617"
"9,8 : 0.2617"
"8,10 : 0.3812"
"10,8 : 0.3812"
"8,11 : 0.5148"
"11,8 : 0.5148"
"8,12 : 0.586"
"12,8 : 0.586"
"8,13 : 0.6054"
"13,8 : 0.6054"
"8,14 : 0.3785"
"14,8 : 0.3785"
"8,15 : 0.0447"
"15,8 : 0.0447"
"8,16 : 0.45"
"16,8 : 0.45"
"8,17 : 0.7159"
"17,8 : 0.7159"
"8,18 : 0.5725"
"18,8 : 0.5725"
"8,19 : 0.6462"
"19,8 : 0.6462"
"8,20 : 0.3493"
"20,8 : 0.3493"
"8,21 : 0.706"
"21,8 : 0.706"
"8,22 : 0.5842"
"22,8 : 0.5842"
"8,23 : 0.2864"
"23,8 : 0.2864"
"8,24 : 0.5492"
"24,8 : 0.5492"
"8,25 : 0.2693"
"25,8 : 0.2693"
"8,26 : 0.6229"
"26,8 : 0.6229"
"8,27 : 0.0224"
"27,8 : 0.0224"
"8,28 : 0.3454"
"28,8 : 0.3454"
"8,29 : 0.6576"
"29,8 : 0.6576"
"8,30 : 0.7632"
"30,8 : 0.7632"
"8,31 : 0.6161"
"31,8 : 0.6161"
"8,32 : 0.7962"
"32,8 : 0.7962"
"8,33 : 0.6315"
"33,8 : 0.6315"
"8,34 : 0.6537"
"34,8 : 0.6537"
"8,35 : 0.3932"
"35,8 : 0.3932"
"8,36 : 0.7004"
"36,8 : 0.7004"
"8,37 : 0.2419"
"37,8 : 0.2419"
"8,38 : 0.5731"
"38,8 : 0.5731"
"8,39 : 0.4405"
"39,8 : 0.4405"
"8,40 : 0.3847"
"40,8 : 0.3847"
"8,41 : 0.6201"
"41,8 : 0.6201"
"8,42 : 0.6237"
"42,8 : 0.6237"
"8,43 : 0.9315"
"43,8 : 0.9315"
"8,44 : 0.6551"
"44,8 : 0.6551"
"8,45 : 0.53"
"45,8 : 0.53"
"8,46 : 0.4491"
"46,8 : 0.4491"
"8,47 : 0.8656"
"47,8 : 0.8656"
"8,48 : 0.7903"
"48,8 : 0.7903"
"8,49 : 0.3471"
"49,8 : 0.3471"
"8,50 : 0.7931"
"50,8 : 0.7931"
"8,51 : 0.3276"
"51,8 : 0.3276"
"8,52 : 0.1304"
"52,8 : 0.1304"
"8,53 : 0.6768"
"53,8 : 0.6768"
"8,54 : 0.4005"
"54,8 : 0.4005"
"8,55 : 0.3722"
"55,8 : 0.3722"
"8,56 : 0.7875"
"56,8 : 0.7875"
"8,57 : 0.6551"
"57,8 : 0.6551"
"8,58 : 0.1281"
"58,8 : 0.1281"
"8,59 : 0.71"
"59,8 : 0.71"
"8,60 : 0.5412"
"60,8 : 0.5412"
"8,61 : 0.2163"
"61,8 : 0.2163"
"8,62 : 0.1304"
"62,8 : 0.1304"
"8,63 : 0.2731"
"63,8 : 0.2731"
"8,64 : 0.5064"
"64,8 : 0.5064"
"8,65 : 0.5778"
"65,8 : 0.5778"
"8,66 : 0.1204"
"66,8 : 0.1204"
"8,67 : 0.2886"
"67,8 : 0.2886"
"8,68 : 0.75"
"68,8 : 0.75"
"8,69 : 0.405"
"69,8 : 0.405"
"8,70 : 0.7102"
"70,8 : 0.7102"
"8,71 : 0.4031"
"71,8 : 0.4031"
"8,72 : 0.8141"
"72,8 : 0.8141"
"8,73 : 0.5869"
"73,8 : 0.5869"
"8,74 : 0.4916"
"74,8 : 0.4916"
"8,75 : 0.117"
"75,8 : 0.117"
"8,76 : 0.4159"
"76,8 : 0.4159"
"8,77 : 0.8208"
"77,8 : 0.8208"
"8,78 : 0.7359"
"78,8 : 0.7359"
"8,79 : 0.2126"
"79,8 : 0.2126"
"8,80 : 0.6435"
"80,8 : 0.6435"
"8,81 : 0.3353"
"81,8 : 0.3353"
"8,82 : 0.6441"
"82,8 : 0.6441"
"8,83 : 0.9458"
"83,8 : 0.9458"
"8,84 : 0.377"
"84,8 : 0.377"
"8,85 : 0.9102"
"85,8 : 0.9102"
"8,86 : 0.623"
"86,8 : 0.623"
"8,87 : 0.2702"
"87,8 : 0.2702"
"8,88 : 0.1921"
"88,8 : 0.1921"
"8,89 : 0.2147"
"89,8 : 0.2147"
"8,90 : 0.4579"
"90,8 : 0.4579"
"8,91 : 0.431"
"91,8 : 0.431"
"8,92 : 0.559"
"92,8 : 0.559"
"8,93 : 0.4036"
"93,8 : 0.4036"
"8,94 : 0.436"
"94,8 : 0.436"
"8,95 : 0.771"
"95,8 : 0.771"
"8,96 : 0.2594"
"96,8 : 0.2594"
"8,97 : 0.6159"
"97,8 : 0.6159"
"8,98 : 0.85"
"98,8 : 0.85"
"8,99 : 0.3667"
"99,8 : 0.3667"
"9,10 : 0.12"
"10,9 : 0.12"
"9,11 : 0.4428"
"11,9 : 0.4428"
"9,12 : 0.5001"
"12,9 : 0.5001"
"9,13 : 0.3606"
"13,9 : 0.3606"
"9,14 : 0.3847"
"14,9 : 0.3847"
"9,15 : 0.2802"
"15,9 : 0.2802"
"9,16 : 0.1924"
"16,9 : 0.1924"
"9,17 : 0.4743"
"17,9 : 0.4743"
"9,18 : 0.3225"
"18,9 : 0.3225"
"9,19 : 0.3996"
"19,9 : 0.3996"
"9,20 : 0.3585"
"20,9 : 0.3585"
"9,21 : 0.5566"
"21,9 : 0.5566"
"9,22 : 0.3353"
"22,9 : 0.3353"
"9,23 : 0.2693"
"23,9 : 0.2693"
"9,24 : 0.4319"
"24,9 : 0.4319"
"9,25 : 0.2983"
"25,9 : 0.2983"
"9,26 : 0.4383"
"26,9 : 0.4383"
"9,27 : 0.2828"
"27,9 : 0.2828"
"9,28 : 0.486"
"28,9 : 0.486"
"9,29 : 0.5523"
"29,9 : 0.5523"
"9,30 : 0.5099"
"30,9 : 0.5099"
"9,31 : 0.3574"
"31,9 : 0.3574"
"9,32 : 0.536"
"32,9 : 0.536"
"9,33 : 0.3711"
"33,9 : 0.3711"
"9,34 : 0.5433"
"34,9 : 0.5433"
"9,35 : 0.1315"
"35,9 : 0.1315"
"9,36 : 0.5148"
"36,9 : 0.5148"
"9,37 : 0.1581"
"37,9 : 0.1581"
"9,38 : 0.4494"
"38,9 : 0.4494"
"9,39 : 0.3705"
"39,9 : 0.3705"
"9,40 : 0.1237"
"40,9 : 0.1237"
"9,41 : 0.3622"
"41,9 : 0.3622"
"9,42 : 0.4342"
"42,9 : 0.4342"
"9,43 : 0.6981"
"43,9 : 0.6981"
"9,44 : 0.4314"
"44,9 : 0.4314"
"9,45 : 0.2717"
"45,9 : 0.2717"
"9,46 : 0.4438"
"46,9 : 0.4438"
"9,47 : 0.664"
"47,9 : 0.664"
"9,48 : 0.5301"
"48,9 : 0.5301"
"9,49 : 0.26"
"49,9 : 0.26"
"9,50 : 0.5345"
"50,9 : 0.5345"
"9,51 : 0.3467"
"51,9 : 0.3467"
"9,52 : 0.136"
"52,9 : 0.136"
"9,53 : 0.4386"
"53,9 : 0.4386"
"9,54 : 0.4924"
"54,9 : 0.4924"
"9,55 : 0.2983"
"55,9 : 0.2983"
"9,56 : 0.5595"
"56,9 : 0.5595"
"9,57 : 0.4163"
"57,9 : 0.4163"
"9,58 : 0.1942"
"58,9 : 0.1942"
"9,59 : 0.451"
"59,9 : 0.451"
"9,60 : 0.3162"
"60,9 : 0.3162"
"9,61 : 0.4342"
"61,9 : 0.4342"
"9,62 : 0.3138"
"62,9 : 0.3138"
"9,63 : 0.3176"
"63,9 : 0.3176"
"9,64 : 0.2452"
"64,9 : 0.2452"
"9,65 : 0.3748"
"65,9 : 0.3748"
"9,66 : 0.3536"
"66,9 : 0.3536"
"9,67 : 0.314"
"67,9 : 0.314"
"9,68 : 0.4909"
"68,9 : 0.4909"
"9,69 : 0.2062"
"69,9 : 0.2062"
"9,70 : 0.5326"
"70,9 : 0.5326"
"9,71 : 0.1612"
"71,9 : 0.1612"
"9,72 : 0.6162"
"72,9 : 0.6162"
"9,73 : 0.5109"
"73,9 : 0.5109"
"9,74 : 0.5492"
"74,9 : 0.5492"
"9,75 : 0.1655"
"75,9 : 0.1655"
"9,76 : 0.1552"
"76,9 : 0.1552"
"9,77 : 0.5731"
"77,9 : 0.5731"
"9,78 : 0.5471"
"78,9 : 0.5471"
"9,79 : 0.4428"
"79,9 : 0.4428"
"9,80 : 0.4252"
"80,9 : 0.4252"
"9,81 : 0.3848"
"81,9 : 0.3848"
"9,82 : 0.4528"
"82,9 : 0.4528"
"9,83 : 0.7218"
"83,9 : 0.7218"
"9,84 : 0.5517"
"84,9 : 0.5517"
"9,85 : 0.6931"
"85,9 : 0.6931"
"9,86 : 0.3712"
"86,9 : 0.3712"
"9,87 : 0.3612"
"87,9 : 0.3612"
"9,88 : 0.3985"
"88,9 : 0.3985"
"9,89 : 0.2263"
"89,9 : 0.2263"
"9,90 : 0.247"
"90,9 : 0.247"
"9,91 : 0.17"
"91,9 : 0.17"
"9,92 : 0.3178"
"92,9 : 0.3178"
"9,93 : 0.2433"
"93,9 : 0.2433"
"9,94 : 0.3036"
"94,9 : 0.3036"
"9,95 : 0.5831"
"95,9 : 0.5831"
"9,96 : 0.4294"
"96,9 : 0.4294"
"9,97 : 0.495"
"97,9 : 0.495"
"9,98 : 0.614"
"98,9 : 0.614"
"9,99 : 0.5161"
"99,9 : 0.5161"
"10,11 : 0.4717"
"11,10 : 0.4717"
"10,12 : 0.5166"
"12,10 : 0.5166"
"10,13 : 0.2691"
"13,10 : 0.2691"
"10,14 : 0.4534"
"14,10 : 0.4534"
"10,15 : 0.4001"
"15,10 : 0.4001"
"10,16 : 0.0762"
"16,10 : 0.0762"
"10,17 : 0.3818"
"17,10 : 0.3818"
"10,18 : 0.2263"
"18,10 : 0.2263"
"10,19 : 0.3041"
"19,10 : 0.3041"
"10,20 : 0.4314"
"20,10 : 0.4314"
"10,21 : 0.5324"
"21,10 : 0.5324"
"10,22 : 0.2236"
"22,10 : 0.2236"
"10,23 : 0.3471"
"23,10 : 0.3471"
"10,24 : 0.4374"
"24,10 : 0.4374"
"10,25 : 0.386"
"25,10 : 0.386"
"10,26 : 0.3981"
"26,10 : 0.3981"
"10,27 : 0.402"
"27,10 : 0.402"
"10,28 : 0.5867"
"28,10 : 0.5867"
"10,29 : 0.5544"
"29,10 : 0.5544"
"10,30 : 0.3929"
"30,10 : 0.3929"
"10,31 : 0.246"
"31,10 : 0.246"
"10,32 : 0.4206"
"32,10 : 0.4206"
"10,33 : 0.2563"
"33,10 : 0.2563"
"10,34 : 0.5433"
"34,10 : 0.5433"
"10,35 : 0.0224"
"35,10 : 0.0224"
"10,36 : 0.4684"
"36,10 : 0.4684"
"10,37 : 0.2267"
"37,10 : 0.2267"
"10,38 : 0.4219"
"38,10 : 0.4219"
"10,39 : 0.3833"
"39,10 : 0.3833"
"10,40 : 0.03"
"40,10 : 0.03"
"10,41 : 0.2433"
"41,10 : 0.2433"
"10,42 : 0.3905"
"42,10 : 0.3905"
"10,43 : 0.6081"
"43,10 : 0.6081"
"10,44 : 0.3585"
"44,10 : 0.3585"
"10,45 : 0.153"
"45,10 : 0.153"
"10,46 : 0.5022"
"46,10 : 0.5022"
"10,47 : 0.5994"
"47,10 : 0.5994"
"10,48 : 0.4101"
"48,10 : 0.4101"
"10,49 : 0.2864"
"49,10 : 0.2864"
"10,50 : 0.4215"
"50,10 : 0.4215"
"10,51 : 0.4245"
"51,10 : 0.4245"
"10,52 : 0.2532"
"52,10 : 0.2532"
"10,53 : 0.3329"
"53,10 : 0.3329"
"10,54 : 0.5608"
"54,10 : 0.5608"
"10,55 : 0.3467"
"55,10 : 0.3467"
"10,56 : 0.458"
"56,10 : 0.458"
"10,57 : 0.3106"
"57,10 : 0.3106"
"10,58 : 0.3008"
"58,10 : 0.3008"
"10,59 : 0.3314"
"59,10 : 0.3314"
"10,60 : 0.228"
"60,10 : 0.228"
"10,61 : 0.5423"
"61,10 : 0.5423"
"10,62 : 0.4215"
"62,10 : 0.4215"
"10,63 : 0.389"
"63,10 : 0.389"
"10,64 : 0.13"
"64,10 : 0.13"
"10,65 : 0.3002"
"65,10 : 0.3002"
"10,66 : 0.4727"
"66,10 : 0.4727"
"10,67 : 0.3982"
"67,10 : 0.3982"
"10,68 : 0.3712"
"68,10 : 0.3712"
"10,69 : 0.1942"
"69,10 : 0.1942"
"10,70 : 0.4653"
"70,10 : 0.4653"
"10,71 : 0.0825"
"71,10 : 0.0825"
"10,72 : 0.5326"
"72,10 : 0.5326"
"10,73 : 0.5316"
"73,10 : 0.5316"
"10,74 : 0.6229"
"74,10 : 0.6229"
"10,75 : 0.2789"
"75,10 : 0.2789"
"10,76 : 0.05"
"76,10 : 0.05"
"10,77 : 0.472"
"77,10 : 0.472"
"10,78 : 0.4965"
"78,10 : 0.4965"
"10,79 : 0.5536"
"79,10 : 0.5536"
"10,80 : 0.3578"
"80,10 : 0.3578"
"10,81 : 0.4482"
"81,10 : 0.4482"
"10,82 : 0.3808"
"82,10 : 0.3808"
"10,83 : 0.6389"
"83,10 : 0.6389"
"10,84 : 0.644"
"84,10 : 0.644"
"10,85 : 0.6161"
"85,10 : 0.6161"
"10,86 : 0.2702"
"86,10 : 0.2702"
"10,87 : 0.4579"
"87,10 : 0.4579"
"10,88 : 0.5142"
"88,10 : 0.5142"
"10,89 : 0.3225"
"89,10 : 0.3225"
"10,90 : 0.2102"
"90,10 : 0.2102"
"10,91 : 0.05"
"91,10 : 0.05"
"10,92 : 0.214"
"92,10 : 0.214"
"10,93 : 0.253"
"93,10 : 0.253"
"10,94 : 0.2915"
"94,10 : 0.2915"
"10,95 : 0.5314"
"95,10 : 0.5314"
"10,96 : 0.5385"
"96,10 : 0.5385"
"10,97 : 0.4925"
"97,10 : 0.4925"
"10,98 : 0.5233"
"98,10 : 0.5233"
"10,99 : 0.6177"
"99,10 : 0.6177"
"11,12 : 0.0721"
"12,11 : 0.0721"
"11,13 : 0.4244"
"13,11 : 0.4244"
"11,14 : 0.164"
"14,11 : 0.164"
"11,15 : 0.4876"
"15,11 : 0.4876"
"11,16 : 0.5277"
"16,11 : 0.5277"
"11,17 : 0.4717"
"17,11 : 0.4717"
"11,18 : 0.4328"
"18,11 : 0.4328"
"11,19 : 0.4528"
"19,11 : 0.4528"
"11,20 : 0.1838"
"20,11 : 0.1838"
"11,21 : 0.2377"
"21,11 : 0.2377"
"11,22 : 0.6546"
"22,11 : 0.6546"
"11,23 : 0.2285"
"23,11 : 0.2285"
"11,24 : 0.0906"
"24,11 : 0.0906"
"11,25 : 0.2524"
"25,11 : 0.2524"
"11,26 : 0.255"
"26,11 : 0.255"
"11,27 : 0.5323"
"27,11 : 0.5323"
"11,28 : 0.3716"
"28,11 : 0.3716"
"11,29 : 0.1487"
"29,11 : 0.1487"
"11,30 : 0.7708"
"30,11 : 0.7708"
"11,31 : 0.5109"
"31,11 : 0.5109"
"11,32 : 0.6488"
"32,11 : 0.6488"
"11,33 : 0.5391"
"33,11 : 0.5391"
"11,34 : 0.1487"
"34,11 : 0.1487"
"11,35 : 0.4569"
"35,11 : 0.4569"
"11,36 : 0.3002"
"36,11 : 0.3002"
"11,37 : 0.59"
"37,11 : 0.59"
"11,38 : 0.8853"
"38,11 : 0.8853"
"11,39 : 0.813"
"39,11 : 0.813"
"11,40 : 0.4438"
"40,11 : 0.4438"
"11,41 : 0.6313"
"41,11 : 0.6313"
"11,42 : 0.2668"
"42,11 : 0.2668"
"11,43 : 0.6001"
"43,11 : 0.6001"
"11,44 : 0.3734"
"44,11 : 0.3734"
"11,45 : 0.5686"
"45,11 : 0.5686"
"11,46 : 0.1237"
"46,11 : 0.1237"
"11,47 : 0.4589"
"47,11 : 0.4589"
"11,48 : 0.7341"
"48,11 : 0.7341"
"11,49 : 0.7018"
"49,11 : 0.7018"
"11,50 : 0.6261"
"50,11 : 0.6261"
"11,51 : 0.2052"
"51,11 : 0.2052"
"11,52 : 0.4866"
"52,11 : 0.4866"
"11,53 : 0.7661"
"53,11 : 0.7661"
"11,54 : 0.8905"
"54,11 : 0.8905"
"11,55 : 0.1513"
"55,11 : 0.1513"
"11,56 : 0.892"
"56,11 : 0.892"
"11,57 : 0.7463"
"57,11 : 0.7463"
"11,58 : 0.5609"
"58,11 : 0.5609"
"11,59 : 0.6862"
"59,11 : 0.6862"
"11,60 : 0.6932"
"60,11 : 0.6932"
"11,61 : 0.729"
"61,11 : 0.729"
"11,62 : 0.6391"
"62,11 : 0.6391"
"11,63 : 0.7269"
"63,11 : 0.7269"
"11,64 : 0.486"
"64,11 : 0.486"
"11,65 : 0.7697"
"65,11 : 0.7697"
"11,66 : 0.492"
"66,11 : 0.492"
"11,67 : 0.236"
"67,11 : 0.236"
"11,68 : 0.7159"
"68,11 : 0.7159"
"11,69 : 0.2818"
"69,11 : 0.2818"
"11,70 : 0.9352"
"70,11 : 0.9352"
"11,71 : 0.5536"
"71,11 : 0.5536"
"11,72 : 0.9913"
"72,11 : 0.9913"
"11,73 : 0.0728"
"73,11 : 0.0728"
"11,74 : 0.2508"
"74,11 : 0.2508"
"11,75 : 0.5197"
"75,11 : 0.5197"
"11,76 : 0.4472"
"76,11 : 0.4472"
"11,77 : 0.5728"
"77,11 : 0.5728"
"11,78 : 0.3314"
"78,11 : 0.3314"
"11,79 : 0.7207"
"79,11 : 0.7207"
"11,80 : 0.3511"
"80,11 : 0.3511"
"11,81 : 0.7976"
"81,11 : 0.7976"
"11,82 : 0.85"
"82,11 : 0.85"
"11,83 : 0.5822"
"83,11 : 0.5822"
"11,84 : 0.8916"
"84,11 : 0.8916"
"11,85 : 0.5334"
"85,11 : 0.5334"
"11,86 : 0.4662"
"86,11 : 0.4662"
"11,87 : 0.2973"
"87,11 : 0.2973"
"11,88 : 0.4597"
"88,11 : 0.4597"
"11,89 : 0.3008"
"89,11 : 0.3008"
"11,90 : 0.2921"
"90,11 : 0.2921"
"11,91 : 0.4919"
"91,11 : 0.4919"
"11,92 : 0.6637"
"92,11 : 0.6637"
"11,93 : 0.2193"
"93,11 : 0.2193"
"11,94 : 0.7433"
"94,11 : 0.7433"
"11,95 : 0.3551"
"95,11 : 0.3551"
"11,96 : 0.408"
"96,11 : 0.408"
"11,97 : 0.13"
"97,11 : 0.13"
"11,98 : 0.5445"
"98,11 : 0.5445"
"11,99 : 0.3956"
"99,11 : 0.3956"
"12,13 : 0.4314"
"13,12 : 0.4314"
"12,14 : 0.2335"
"14,12 : 0.2335"
"12,15 : 0.5595"
"15,12 : 0.5595"
"12,16 : 0.5665"
"16,12 : 0.5665"
"12,17 : 0.4614"
"17,12 : 0.4614"
"12,18 : 0.4469"
"18,12 : 0.4469"
"12,19 : 0.4545"
"19,12 : 0.4545"
"12,20 : 0.255"
"20,12 : 0.255"
"12,21 : 0.1825"
"21,12 : 0.1825"
"12,22 : 0.6848"
"22,12 : 0.6848"
"12,23 : 0.2997"
"23,12 : 0.2997"
"12,24 : 0.086"
"24,12 : 0.086"
"12,25 : 0.3245"
"25,12 : 0.3245"
"12,26 : 0.2371"
"26,12 : 0.2371"
"12,27 : 0.6037"
"27,12 : 0.6037"
"12,28 : 0.4342"
"28,12 : 0.4342"
"12,29 : 0.0781"
"29,12 : 0.0781"
"12,30 : 0.7875"
"30,12 : 0.7875"
"12,31 : 0.524"
"31,12 : 0.524"
"12,32 : 0.6464"
"32,12 : 0.6464"
"12,33 : 0.5523"
"33,12 : 0.5523"
"12,34 : 0.0806"
"34,12 : 0.0806"
"12,35 : 0.5"
"35,12 : 0.5"
"12,36 : 0.2648"
"36,12 : 0.2648"
"12,37 : 0.6512"
"37,12 : 0.6512"
"12,38 : 0.9356"
"38,12 : 0.9356"
"12,39 : 0.8705"
"39,12 : 0.8705"
"12,40 : 0.4876"
"40,12 : 0.4876"
"12,41 : 0.6546"
"41,12 : 0.6546"
"12,42 : 0.2506"
"42,12 : 0.2506"
"12,43 : 0.5644"
"43,12 : 0.5644"
"12,44 : 0.3636"
"44,12 : 0.3636"
"12,45 : 0.5994"
"45,12 : 0.5994"
"12,46 : 0.1836"
"46,12 : 0.1836"
"12,47 : 0.4111"
"47,12 : 0.4111"
"12,48 : 0.7428"
"48,12 : 0.7428"
"12,49 : 0.7601"
"49,12 : 0.7601"
"12,50 : 0.6213"
"50,12 : 0.6213"
"12,51 : 0.2766"
"51,12 : 0.2766"
"12,52 : 0.5532"
"52,12 : 0.5532"
"12,53 : 0.794"
"53,12 : 0.794"
"12,54 : 0.958"
"54,12 : 0.958"
"12,55 : 0.2184"
"55,12 : 0.2184"
"12,56 : 0.9181"
"56,12 : 0.9181"
"12,57 : 0.7752"
"57,12 : 0.7752"
"12,58 : 0.6282"
"58,12 : 0.6282"
"12,59 : 0.7018"
"59,12 : 0.7018"
"12,60 : 0.7316"
"60,12 : 0.7316"
"12,61 : 0.8006"
"61,12 : 0.8006"
"12,62 : 0.7094"
"62,12 : 0.7094"
"12,63 : 0.7925"
"63,12 : 0.7925"
"12,64 : 0.5148"
"64,12 : 0.5148"
"12,65 : 0.8099"
"65,12 : 0.8099"
"12,66 : 0.564"
"66,12 : 0.564"
"12,67 : 0.3081"
"67,12 : 0.3081"
"12,68 : 0.7286"
"68,12 : 0.7286"
"12,69 : 0.3228"
"69,12 : 0.3228"
"12,70 : 0.975"
"70,12 : 0.975"
"12,71 : 0.5991"
"71,12 : 0.5991"
"12,72 : 1.0242"
"72,12 : 1.0242"
"12,73 : 0.0224"
"73,12 : 0.0224"
"12,74 : 0.2927"
"74,12 : 0.2927"
"12,75 : 0.5869"
"75,12 : 0.5869"
"12,76 : 0.487"
"76,12 : 0.487"
"12,77 : 0.5554"
"77,12 : 0.5554"
"12,78 : 0.2915"
"78,12 : 0.2915"
"12,79 : 0.7926"
"79,12 : 0.7926"
"12,80 : 0.3413"
"80,12 : 0.3413"
"12,81 : 0.8631"
"81,12 : 0.8631"
"12,82 : 0.8896"
"82,12 : 0.8896"
"12,83 : 0.5401"
"83,12 : 0.5401"
"12,84 : 0.9625"
"84,12 : 0.9625"
"12,85 : 0.49"
"85,12 : 0.49"
"12,86 : 0.4738"
"86,12 : 0.4738"
"12,87 : 0.3677"
"87,12 : 0.3677"
"12,88 : 0.5304"
"88,12 : 0.5304"
"12,89 : 0.3716"
"89,12 : 0.3716"
"12,90 : 0.322"
"90,12 : 0.322"
"12,91 : 0.5314"
"91,12 : 0.5314"
"12,92 : 0.6978"
"92,12 : 0.6978"
"12,93 : 0.2648"
"93,12 : 0.2648"
"12,94 : 0.7963"
"94,12 : 0.7963"
"12,95 : 0.31"
"95,12 : 0.31"
"12,96 : 0.4763"
"96,12 : 0.4763"
"12,97 : 0.0806"
"97,12 : 0.0806"
"12,98 : 0.5166"
"98,12 : 0.5166"
"12,99 : 0.4562"
"99,12 : 0.4562"
"13,14 : 0.5"
"14,13 : 0.5"
"13,15 : 0.6103"
"15,13 : 0.6103"
"13,16 : 0.255"
"16,13 : 0.255"
"13,17 : 0.114"
"17,13 : 0.114"
"13,18 : 0.0447"
"18,13 : 0.0447"
"13,19 : 0.0412"
"19,13 : 0.0412"
"13,20 : 0.4924"
"20,13 : 0.4924"
"13,21 : 0.3547"
"21,13 : 0.3547"
"13,22 : 0.3007"
"22,13 : 0.3007"
"13,23 : 0.441"
"23,13 : 0.441"
