x,y
0.63,0.86
0.84,0.43
0.26,0.11
0.77,0.45
0.05,0.11
0.08,0.42
0.16,0.67
0.48,0.85
0.67,0.67
0.93,0.45
0.92,0.5
0.94,0.17
0.65,0.92
0.06,0.11
0.92,0.04
0.84,0.08
0.63,0.44
0.51,0.98
0.64,0.42
0.32,0.28
0.06,0.94
0.25,0.96
0.95,0.22
0.1,0.73
0.27,0.15
0.77,0.88
0.89,0.73
0.61,0.5
0.95,0.93
0.99,0.54
0.8,0.02
0.47,0.21
0.3,0.19
0.45,0.5
0.47,0.73
0.29,0.72
0.49,0.21
0.22,0.48
0.24,0.98
0.11,0.91
0.59,0.6
0.37,0.88
0.99,0.25
0.13,0.39
0.99,0.55
0.88,0.95
0.57,0.46
0.29,0.88
0.4,0.91
0.1,0.78
0.23,0.68
0.4,0.27
0.06,0.18
0.01,0.61
0.01,0.16
0.37,0.98
0.89,0.79
0.86,0.62
0.2,0.98
0.87,0.34
0.76,0.97
0.82,0.24
0.96,0.04
0.97,0.37
0.81,0.85
0.34,0.07
0.73,0.95
0.42,0.93
0.15,0.09
0.65,0.7
0.42,0.82
0.31,0.17
0.33,0.62
0.97,0.04
0.69,0.45
0.31,0.19
0.77,0.6
0.26,0.36
0.02,0.82
0.37,0.78
0.17,0.34
0.67,0.5
0.08,0.78
0.93,0.87
0.25,0.81
0.75,0.52
0.3,0.87
0.88,0.88
0.47,0.37
1.0,0.37
0.27,0.42
0.11,0.55
0.97,0.88
0.39,0.15
0.29,0.64
0.47,0.54
0.73,0.3
0.66,0.97
0.6,0.14
0.07,0.76

Distanze
"0,1 : 0.4785"
"1,0 : 0.4785"
"0,2 : 0.8363"
"2,0 : 0.8363"
"0,3 : 0.4332"
"3,0 : 0.4332"
"0,4 : 0.9481"
"4,0 : 0.9481"
"0,5 : 0.7043"
"5,0 : 0.7043"
"0,6 : 0.507"
"6,0 : 0.507"
"0,7 : 0.1503"
"7,0 : 0.1503"
"0,8 : 0.1942"
"8,0 : 0.1942"
"0,9 : 0.508"
"9,0 : 0.508"
"0,10 : 0.4623"
"10,0 : 0.4623"
"0,11 : 0.7564"
"11,0 : 0.7564"
"0,12 : 0.0632"
"12,0 : 0.0632"
"0,13 : 0.942"
"13,0 : 0.942"
"0,14 : 0.8698"
"14,0 : 0.8698"
"0,15 : 0.8078"
"15,0 : 0.8078"
"0,16 : 0.42"
"16,0 : 0.42"
"0,17 : 0.1697"
"17,0 : 0.1697"
"0,18 : 0.4401"
"18,0 : 0.4401"
"0,19 : 0.6576"
"19,0 : 0.6576"
"0,20 : 0.5756"
"20,0 : 0.5756"
"0,21 : 0.3929"
"21,0 : 0.3929"
"0,22 : 0.7155"
"22,0 : 0.7155"
"0,23 : 0.5457"
"23,0 : 0.5457"
"0,24 : 0.7961"
"24,0 : 0.7961"
"0,25 : 0.1414"
"25,0 : 0.1414"
"0,26 : 0.2907"
"26,0 : 0.2907"
"0,27 : 0.3606"
"27,0 : 0.3606"
"0,28 : 0.3276"
"28,0 : 0.3276"
"0,29 : 0.4817"
"29,0 : 0.4817"
"0,30 : 0.857"
"30,0 : 0.857"
"0,31 : 0.6694"
"31,0 : 0.6694"
"0,32 : 0.7469"
"32,0 : 0.7469"
"0,33 : 0.4025"
"33,0 : 0.4025"
"0,34 : 0.2062"
"34,0 : 0.2062"
"0,35 : 0.3677"
"35,0 : 0.3677"
"0,36 : 0.6649"
"36,0 : 0.6649"
"0,37 : 0.559"
"37,0 : 0.559"
"0,38 : 0.408"
"38,0 : 0.408"
"0,39 : 0.5224"
"39,0 : 0.5224"
"0,40 : 0.2631"
"40,0 : 0.2631"
"0,41 : 0.2608"
"41,0 : 0.2608"
"0,42 : 0.7083"
"42,0 : 0.7083"
"0,43 : 0.6862"
"43,0 : 0.6862"
"0,44 : 0.4751"
"44,0 : 0.4751"
"0,45 : 0.2657"
"45,0 : 0.2657"
"0,46 : 0.4045"
"46,0 : 0.4045"
"0,47 : 0.3406"
"47,0 : 0.3406"
"0,48 : 0.2354"
"48,0 : 0.2354"
"0,49 : 0.536"
"49,0 : 0.536"
"0,50 : 0.4386"
"50,0 : 0.4386"
"0,51 : 0.6332"
"51,0 : 0.6332"
"0,52 : 0.8873"
"52,0 : 0.8873"
"0,53 : 0.6685"
"53,0 : 0.6685"
"0,54 : 0.9351"
"54,0 : 0.9351"
"0,55 : 0.2864"
"55,0 : 0.2864"
"0,56 : 0.2693"
"56,0 : 0.2693"
"0,57 : 0.3324"
"57,0 : 0.3324"
"0,58 : 0.4464"
"58,0 : 0.4464"
"0,59 : 0.5727"
"59,0 : 0.5727"
"0,60 : 0.1703"
"60,0 : 0.1703"
"0,61 : 0.6485"
"61,0 : 0.6485"
"0,62 : 0.8839"
"62,0 : 0.8839"
"0,63 : 0.5964"
"63,0 : 0.5964"
"0,64 : 0.1803"
"64,0 : 0.1803"
"0,65 : 0.8415"
"65,0 : 0.8415"
"0,66 : 0.1345"
"66,0 : 0.1345"
"0,67 : 0.2214"
"67,0 : 0.2214"
"0,68 : 0.9074"
"68,0 : 0.9074"
"0,69 : 0.1612"
"69,0 : 0.1612"
"0,70 : 0.2138"
"70,0 : 0.2138"
"0,71 : 0.7606"
"71,0 : 0.7606"
"0,72 : 0.3842"
"72,0 : 0.3842"
"0,73 : 0.8877"
"73,0 : 0.8877"
"0,74 : 0.4144"
"74,0 : 0.4144"
"0,75 : 0.7425"
"75,0 : 0.7425"
"0,76 : 0.2953"
"76,0 : 0.2953"
"0,77 : 0.622"
"77,0 : 0.622"
"0,78 : 0.6113"
"78,0 : 0.6113"
"0,79 : 0.272"
"79,0 : 0.272"
"0,80 : 0.6943"
"80,0 : 0.6943"
"0,81 : 0.3622"
"81,0 : 0.3622"
"0,82 : 0.5558"
"82,0 : 0.5558"
"0,83 : 0.3002"
"83,0 : 0.3002"
"0,84 : 0.3833"
"84,0 : 0.3833"
"0,85 : 0.3606"
"85,0 : 0.3606"
"0,86 : 0.3302"
"86,0 : 0.3302"
"0,87 : 0.2508"
"87,0 : 0.2508"
"0,88 : 0.5155"
"88,0 : 0.5155"
"0,89 : 0.614"
"89,0 : 0.614"
"0,90 : 0.5685"
"90,0 : 0.5685"
"0,91 : 0.6054"
"91,0 : 0.6054"
"0,92 : 0.3406"
"92,0 : 0.3406"
"0,93 : 0.7495"
"93,0 : 0.7495"
"0,94 : 0.405"
"94,0 : 0.405"
"0,95 : 0.3578"
"95,0 : 0.3578"
"0,96 : 0.5689"
"96,0 : 0.5689"
"0,97 : 0.114"
"97,0 : 0.114"
"0,98 : 0.7206"
"98,0 : 0.7206"
"0,99 : 0.5689"
"99,0 : 0.5689"
"1,2 : 0.6624"
"2,1 : 0.6624"
"1,3 : 0.0728"
"3,1 : 0.0728"
"1,4 : 0.8523"
"4,1 : 0.8523"
"1,5 : 0.7601"
"5,1 : 0.7601"
"1,6 : 0.7211"
"6,1 : 0.7211"
"1,7 : 0.5532"
"7,1 : 0.5532"
"1,8 : 0.2941"
"8,1 : 0.2941"
"1,9 : 0.0922"
"9,1 : 0.0922"
"1,10 : 0.1063"
"10,1 : 0.1063"
"1,11 : 0.2786"
"11,1 : 0.2786"
"1,12 : 0.5255"
"12,1 : 0.5255"
"1,13 : 0.8431"
"13,1 : 0.8431"
"1,14 : 0.3981"
"14,1 : 0.3981"
"1,15 : 0.35"
"15,1 : 0.35"
"1,16 : 0.2102"
"16,1 : 0.2102"
"1,17 : 0.6414"
"17,1 : 0.6414"
"1,18 : 0.2002"
"18,1 : 0.2002"
"1,19 : 0.5412"
"19,1 : 0.5412"
"1,20 : 0.9319"
"20,1 : 0.9319"
"1,21 : 0.7931"
"21,1 : 0.7931"
"1,22 : 0.2371"
"22,1 : 0.2371"
"1,23 : 0.7985"
"23,1 : 0.7985"
"1,24 : 0.6351"
"24,1 : 0.6351"
"1,25 : 0.4554"
"25,1 : 0.4554"
"1,26 : 0.3041"
"26,1 : 0.3041"
"1,27 : 0.2404"
"27,1 : 0.2404"
"1,28 : 0.512"
"28,1 : 0.512"
"1,29 : 0.186"
"29,1 : 0.186"
"1,30 : 0.4119"
"30,1 : 0.4119"
"1,31 : 0.4305"
"31,1 : 0.4305"
"1,32 : 0.5909"
"32,1 : 0.5909"
"1,33 : 0.3962"
"33,1 : 0.3962"
"1,34 : 0.4763"
"34,1 : 0.4763"
"1,35 : 0.6218"
"35,1 : 0.6218"
"1,36 : 0.4134"
"36,1 : 0.4134"
"1,37 : 0.622"
"37,1 : 0.622"
"1,38 : 0.8139"
"38,1 : 0.8139"
"1,39 : 0.8737"
"39,1 : 0.8737"
"1,40 : 0.3023"
"40,1 : 0.3023"
"1,41 : 0.6507"
"41,1 : 0.6507"
"1,42 : 0.2343"
"42,1 : 0.2343"
"1,43 : 0.7111"
"43,1 : 0.7111"
"1,44 : 0.1921"
"44,1 : 0.1921"
"1,45 : 0.5215"
"45,1 : 0.5215"
"1,46 : 0.2717"
"46,1 : 0.2717"
"1,47 : 0.7106"
"47,1 : 0.7106"
"1,48 : 0.6512"
"48,1 : 0.6512"
"1,49 : 0.8186"
"49,1 : 0.8186"
"1,50 : 0.6592"
"50,1 : 0.6592"
"1,51 : 0.4682"
"51,1 : 0.4682"
"1,52 : 0.8191"
"52,1 : 0.8191"
"1,53 : 0.8493"
"53,1 : 0.8493"
"1,54 : 0.8728"
"54,1 : 0.8728"
"1,55 : 0.7235"
"55,1 : 0.7235"
"1,56 : 0.3635"
"56,1 : 0.3635"
"1,57 : 0.191"
"57,1 : 0.191"
"1,58 : 0.8439"
"58,1 : 0.8439"
"1,59 : 0.0949"
"59,1 : 0.0949"
"1,60 : 0.5459"
"60,1 : 0.5459"
"1,61 : 0.191"
"61,1 : 0.191"
"1,62 : 0.408"
"62,1 : 0.408"
"1,63 : 0.1432"
"63,1 : 0.1432"
"1,64 : 0.4211"
"64,1 : 0.4211"
"1,65 : 0.6161"
"65,1 : 0.6161"
"1,66 : 0.5315"
"66,1 : 0.5315"
"1,67 : 0.653"
"67,1 : 0.653"
"1,68 : 0.7692"
"68,1 : 0.7692"
"1,69 : 0.3302"
"69,1 : 0.3302"
"1,70 : 0.5731"
"70,1 : 0.5731"
"1,71 : 0.5903"
"71,1 : 0.5903"
"1,72 : 0.5442"
"72,1 : 0.5442"
"1,73 : 0.4111"
"73,1 : 0.4111"
"1,74 : 0.1513"
"74,1 : 0.1513"
"1,75 : 0.5818"
"75,1 : 0.5818"
"1,76 : 0.1838"
"76,1 : 0.1838"
"1,77 : 0.5842"
"77,1 : 0.5842"
"1,78 : 0.908"
"78,1 : 0.908"
"1,79 : 0.586"
"79,1 : 0.586"
"1,80 : 0.676"
"80,1 : 0.676"
"1,81 : 0.1838"
"81,1 : 0.1838"
"1,82 : 0.8367"
"82,1 : 0.8367"
"1,83 : 0.4491"
"83,1 : 0.4491"
"1,84 : 0.7018"
"84,1 : 0.7018"
"1,85 : 0.1273"
"85,1 : 0.1273"
"1,86 : 0.6966"
"86,1 : 0.6966"
"1,87 : 0.4518"
"87,1 : 0.4518"
"1,88 : 0.3748"
"88,1 : 0.3748"
"1,89 : 0.1709"
"89,1 : 0.1709"
"1,90 : 0.5701"
"90,1 : 0.5701"
"1,91 : 0.7398"
"91,1 : 0.7398"
"1,92 : 0.4684"
"92,1 : 0.4684"
"1,93 : 0.53"
"93,1 : 0.53"
"1,94 : 0.5887"
"94,1 : 0.5887"
"1,95 : 0.386"
"95,1 : 0.386"
"1,96 : 0.1703"
"96,1 : 0.1703"
"1,97 : 0.5692"
"97,1 : 0.5692"
"1,98 : 0.3764"
"98,1 : 0.3764"
"1,99 : 0.8377"
"99,1 : 0.8377"
"2,3 : 0.6129"
"3,2 : 0.6129"
"2,4 : 0.21"
"4,2 : 0.21"
"2,5 : 0.3585"
"5,2 : 0.3585"
"2,6 : 0.5689"
"6,2 : 0.5689"
"2,7 : 0.772"
"7,2 : 0.772"
"2,8 : 0.694"
"8,2 : 0.694"
"2,9 : 0.7513"
"9,2 : 0.7513"
"2,10 : 0.7666"
"10,2 : 0.7666"
"2,11 : 0.6826"
"11,2 : 0.6826"
"2,12 : 0.899"
"12,2 : 0.899"
"2,13 : 0.2"
"13,2 : 0.2"
"2,14 : 0.6637"
"14,2 : 0.6637"
"2,15 : 0.5808"
"15,2 : 0.5808"
"2,16 : 0.4958"
"16,2 : 0.4958"
"2,17 : 0.9052"
"17,2 : 0.9052"
"2,18 : 0.4904"
"18,2 : 0.4904"
"2,19 : 0.1803"
"19,2 : 0.1803"
"2,20 : 0.8538"
"20,2 : 0.8538"
"2,21 : 0.8501"
"21,2 : 0.8501"
"2,22 : 0.6987"
"22,2 : 0.6987"
"2,23 : 0.6403"
"23,2 : 0.6403"
"2,24 : 0.0412"
"24,2 : 0.0412"
"2,25 : 0.9236"
"25,2 : 0.9236"
"2,26 : 0.8839"
"26,2 : 0.8839"
"2,27 : 0.524"
"27,2 : 0.524"
"2,28 : 1.0717"
"28,2 : 1.0717"
"2,29 : 0.8472"
"29,2 : 0.8472"
"2,30 : 0.5474"
"30,2 : 0.5474"
"2,31 : 0.2326"
"31,2 : 0.2326"
"2,32 : 0.0894"
"32,2 : 0.0894"
"2,33 : 0.4338"
"33,2 : 0.4338"
"2,34 : 0.6546"
"34,2 : 0.6546"
"2,35 : 0.6107"
"35,2 : 0.6107"
"2,36 : 0.2508"
"36,2 : 0.2508"
"2,37 : 0.3722"
"37,2 : 0.3722"
"2,38 : 0.8702"
"38,2 : 0.8702"
"2,39 : 0.8139"
"39,2 : 0.8139"
"2,40 : 0.5908"
"40,2 : 0.5908"
"2,41 : 0.7778"
"41,2 : 0.7778"
"2,42 : 0.7433"
"42,2 : 0.7433"
"2,43 : 0.3087"
"43,2 : 0.3087"
"2,44 : 0.8523"
"44,2 : 0.8523"
"2,45 : 1.044"
"45,2 : 1.044"
"2,46 : 0.4675"
"46,2 : 0.4675"
"2,47 : 0.7706"
"47,2 : 0.7706"
"2,48 : 0.8122"
"48,2 : 0.8122"
"2,49 : 0.6888"
"49,2 : 0.6888"
"2,50 : 0.5708"
"50,2 : 0.5708"
"2,51 : 0.2126"
"51,2 : 0.2126"
"2,52 : 0.2119"
"52,2 : 0.2119"
"2,53 : 0.559"
"53,2 : 0.559"
"2,54 : 0.255"
"54,2 : 0.255"
"2,55 : 0.8769"
"55,2 : 0.8769"
"2,56 : 0.927"
"56,2 : 0.927"
"2,57 : 0.7875"
"57,2 : 0.7875"
"2,58 : 0.8721"
"58,2 : 0.8721"
"2,59 : 0.6519"
"59,2 : 0.6519"
"2,60 : 0.9948"
"60,2 : 0.9948"
"2,61 : 0.5749"
"61,2 : 0.5749"
"2,62 : 0.7035"
"62,2 : 0.7035"
"2,63 : 0.7561"
"63,2 : 0.7561"
"2,64 : 0.922"
"64,2 : 0.922"
"2,65 : 0.0894"
"65,2 : 0.0894"
"2,66 : 0.9625"
"66,2 : 0.9625"
"2,67 : 0.8355"
"67,2 : 0.8355"
"2,68 : 0.1118"
"68,2 : 0.1118"
"2,69 : 0.7072"
"69,2 : 0.7072"
"2,70 : 0.7278"
"70,2 : 0.7278"
"2,71 : 0.0781"
"71,2 : 0.0781"
"2,72 : 0.5148"
"72,2 : 0.5148"
"2,73 : 0.7134"
"73,2 : 0.7134"
"2,74 : 0.5482"
"74,2 : 0.5482"
"2,75 : 0.0943"
"75,2 : 0.0943"
"2,76 : 0.7072"
"76,2 : 0.7072"
"2,77 : 0.25"
"77,2 : 0.25"
"2,78 : 0.7495"
"78,2 : 0.7495"
"2,79 : 0.679"
"79,2 : 0.679"
"2,80 : 0.247"
"80,2 : 0.247"
"2,81 : 0.5659"
"81,2 : 0.5659"
"2,82 : 0.6938"
"82,2 : 0.6938"
"2,83 : 1.0132"
"83,2 : 1.0132"
"2,84 : 0.7001"
"84,2 : 0.7001"
"2,85 : 0.6389"
"85,2 : 0.6389"
"2,86 : 0.7611"
"86,2 : 0.7611"
"2,87 : 0.9886"
"87,2 : 0.9886"
"2,88 : 0.3342"
"88,2 : 0.3342"
"2,89 : 0.7843"
"89,2 : 0.7843"
"2,90 : 0.3102"
"90,2 : 0.3102"
"2,91 : 0.4649"
"91,2 : 0.4649"
"2,92 : 1.0474"
"92,2 : 1.0474"
"2,93 : 0.136"
"93,2 : 0.136"
"2,94 : 0.5308"
"94,2 : 0.5308"
"2,95 : 0.4785"
"95,2 : 0.4785"
"2,96 : 0.507"
"96,2 : 0.507"
"2,97 : 0.9485"
"97,2 : 0.9485"
"2,98 : 0.3413"
"98,2 : 0.3413"
"2,99 : 0.6772"
"99,2 : 0.6772"
"3,4 : 0.7962"
"4,3 : 0.7962"
"3,5 : 0.6907"
"5,3 : 0.6907"
"3,6 : 0.6485"
"6,3 : 0.6485"
"3,7 : 0.4941"
"7,3 : 0.4941"
"3,8 : 0.2417"
"8,3 : 0.2417"
"3,9 : 0.16"
"9,3 : 0.16"
"3,10 : 0.1581"
"10,3 : 0.1581"
"3,11 : 0.3276"
"11,3 : 0.3276"
"3,12 : 0.4851"
"12,3 : 0.4851"
"3,13 : 0.7872"
"13,3 : 0.7872"
"3,14 : 0.4366"
"14,3 : 0.4366"
"3,15 : 0.3766"
"15,3 : 0.3766"
"3,16 : 0.1404"
"16,3 : 0.1404"
"3,17 : 0.5903"
"17,3 : 0.5903"
"3,18 : 0.1334"
"18,3 : 0.1334"
"3,19 : 0.481"
"19,3 : 0.481"
"3,20 : 0.8627"
"20,3 : 0.8627"
"3,21 : 0.7284"
"21,3 : 0.7284"
"3,22 : 0.2921"
"22,3 : 0.2921"
"3,23 : 0.7262"
"23,3 : 0.7262"
"3,24 : 0.5831"
"24,3 : 0.5831"
"3,25 : 0.43"
"25,3 : 0.43"
"3,26 : 0.3046"
"26,3 : 0.3046"
"3,27 : 0.1676"
"27,3 : 0.1676"
"3,28 : 0.5126"
"28,3 : 0.5126"
"3,29 : 0.2377"
"29,3 : 0.2377"
"3,30 : 0.431"
"30,3 : 0.431"
"3,31 : 0.3842"
"31,3 : 0.3842"
"3,32 : 0.5371"
"32,3 : 0.5371"
"3,33 : 0.3239"
"33,3 : 0.3239"
"3,34 : 0.4104"
"34,3 : 0.4104"
"3,35 : 0.5507"
"35,3 : 0.5507"
"3,36 : 0.3688"
"36,3 : 0.3688"
"3,37 : 0.5508"
"37,3 : 0.5508"
"3,38 : 0.7495"
"38,3 : 0.7495"
"3,39 : 0.8045"
"39,3 : 0.8045"
"3,40 : 0.2343"
"40,3 : 0.2343"
"3,41 : 0.5873"
"41,3 : 0.5873"
"3,42 : 0.2973"
"42,3 : 0.2973"
"3,43 : 0.6428"
"43,3 : 0.6428"
"3,44 : 0.2417"
"44,3 : 0.2417"
"3,45 : 0.512"
"45,3 : 0.512"
"3,46 : 0.2002"
"46,3 : 0.2002"
"3,47 : 0.6444"
"47,3 : 0.6444"
"3,48 : 0.5903"
"48,3 : 0.5903"
"3,49 : 0.7469"
"49,3 : 0.7469"
"3,50 : 0.5869"
"50,3 : 0.5869"
"3,51 : 0.4115"
"51,3 : 0.4115"
"3,52 : 0.7596"
"52,3 : 0.7596"
"3,53 : 0.7767"
"53,3 : 0.7767"
"3,54 : 0.8134"
"54,3 : 0.8134"
"3,55 : 0.664"
"55,3 : 0.664"
"3,56 : 0.3606"
"56,3 : 0.3606"
"3,57 : 0.1924"
"57,3 : 0.1924"
"3,58 : 0.7783"
"58,3 : 0.7783"
"3,59 : 0.1487"
"59,3 : 0.1487"
"3,60 : 0.5201"
"60,3 : 0.5201"
"3,61 : 0.2159"
"61,3 : 0.2159"
"3,62 : 0.4519"
"62,3 : 0.4519"
"3,63 : 0.2154"
"63,3 : 0.2154"
"3,64 : 0.402"
"64,3 : 0.402"
"3,65 : 0.5738"
"65,3 : 0.5738"
"3,66 : 0.5016"
"66,3 : 0.5016"
"3,67 : 0.5941"
"67,3 : 0.5941"
"3,68 : 0.7169"
"68,3 : 0.7169"
"3,69 : 0.2773"
"69,3 : 0.2773"
"3,70 : 0.5093"
"70,3 : 0.5093"
"3,71 : 0.5385"
"71,3 : 0.5385"
"3,72 : 0.4717"
"72,3 : 0.4717"
"3,73 : 0.4562"
"73,3 : 0.4562"
"3,74 : 0.08"
"74,3 : 0.08"
"3,75 : 0.5284"
"75,3 : 0.5284"
"3,76 : 0.15"
"76,3 : 0.15"
"3,77 : 0.5179"
"77,3 : 0.5179"
"3,78 : 0.8363"
"78,3 : 0.8363"
"3,79 : 0.5186"
"79,3 : 0.5186"
"3,80 : 0.61"
"80,3 : 0.61"
"3,81 : 0.1118"
"81,3 : 0.1118"
"3,82 : 0.7649"
"82,3 : 0.7649"
"3,83 : 0.4494"
"83,3 : 0.4494"
"3,84 : 0.6325"
"84,3 : 0.6325"
"3,85 : 0.0728"
"85,3 : 0.0728"
"3,86 : 0.6303"
"86,3 : 0.6303"
"3,87 : 0.4438"
"87,3 : 0.4438"
"3,88 : 0.3105"
"88,3 : 0.3105"
"3,89 : 0.2435"
"89,3 : 0.2435"
"3,90 : 0.5009"
"90,3 : 0.5009"
"3,91 : 0.6675"
"91,3 : 0.6675"
"3,92 : 0.4742"
"92,3 : 0.4742"
"3,93 : 0.4841"
"93,3 : 0.4841"
"3,94 : 0.5162"
"94,3 : 0.5162"
"3,95 : 0.3132"
"95,3 : 0.3132"
"3,96 : 0.1552"
"96,3 : 0.1552"
"3,97 : 0.5315"
"97,3 : 0.5315"
"3,98 : 0.3536"
"98,3 : 0.3536"
"3,99 : 0.7656"
"99,3 : 0.7656"
"4,5 : 0.3114"
"5,4 : 0.3114"
"4,6 : 0.5707"
"6,4 : 0.5707"
"4,7 : 0.8559"
"7,4 : 0.8559"
"4,8 : 0.8355"
"8,4 : 0.8355"
"4,9 : 0.9434"
"9,4 : 0.9434"
"4,10 : 0.9534"
"10,4 : 0.9534"
"4,11 : 0.892"
"11,4 : 0.892"
"4,12 : 1.008"
"12,4 : 1.008"
"4,13 : 0.01"
"13,4 : 0.01"
"4,14 : 0.8728"
"14,4 : 0.8728"
"4,15 : 0.7906"
"15,4 : 0.7906"
"4,16 : 0.6673"
"16,4 : 0.6673"
"4,17 : 0.9841"
"17,4 : 0.9841"
"4,18 : 0.6665"
"18,4 : 0.6665"
"4,19 : 0.3191"
"19,4 : 0.3191"
"4,20 : 0.8301"
"20,4 : 0.8301"
"4,21 : 0.8732"
"21,4 : 0.8732"
"4,22 : 0.9067"
"22,4 : 0.9067"
"4,23 : 0.622"
"23,4 : 0.622"
"4,24 : 0.2236"
"24,4 : 0.2236"
"4,25 : 1.0542"
"25,4 : 1.0542"
"4,26 : 1.044"
"26,4 : 1.044"
"4,27 : 0.6824"
"27,4 : 0.6824"
"4,28 : 1.2175"
"28,4 : 1.2175"
"4,29 : 1.0337"
"29,4 : 1.0337"
"4,30 : 0.7554"
"30,4 : 0.7554"
"4,31 : 0.4317"
"31,4 : 0.4317"
"4,32 : 0.2625"
"32,4 : 0.2625"
"4,33 : 0.5587"
"33,4 : 0.5587"
"4,34 : 0.7489"
"34,4 : 0.7489"
"4,35 : 0.6555"
"35,4 : 0.6555"
"4,36 : 0.4512"
"36,4 : 0.4512"
"4,37 : 0.4072"
"37,4 : 0.4072"
"4,38 : 0.8905"
"38,4 : 0.8905"
"4,39 : 0.8022"
"39,4 : 0.8022"
"4,40 : 0.7292"
"40,4 : 0.7292"
"4,41 : 0.8338"
"41,4 : 0.8338"
"4,42 : 0.9504"
"42,4 : 0.9504"
"4,43 : 0.2912"
"43,4 : 0.2912"
"4,44 : 1.0379"
"44,4 : 1.0379"
"4,45 : 1.1809"
"45,4 : 1.1809"
"4,46 : 0.6268"
"46,4 : 0.6268"
"4,47 : 0.8065"
"47,4 : 0.8065"
"4,48 : 0.8732"
"48,4 : 0.8732"
"4,49 : 0.6719"
"49,4 : 0.6719"
"4,50 : 0.5977"
"50,4 : 0.5977"
"4,51 : 0.3848"
"51,4 : 0.3848"
"4,52 : 0.0707"
"52,4 : 0.0707"
"4,53 : 0.5016"
"53,4 : 0.5016"
"4,54 : 0.064"
"54,4 : 0.064"
"4,55 : 0.927"
"55,4 : 0.927"
"4,56 : 1.0807"
"56,4 : 1.0807"
"4,57 : 0.9572"
"57,4 : 0.9572"
"4,58 : 0.8828"
"58,4 : 0.8828"
"4,59 : 0.8516"
"59,4 : 0.8516"
"4,60 : 1.1152"
"60,4 : 1.1152"
"4,61 : 0.7809"
"61,4 : 0.7809"
"4,62 : 0.9127"
"62,4 : 0.9127"
"4,63 : 0.956"
"63,4 : 0.956"
"4,64 : 1.0608"
"64,4 : 1.0608"
"4,65 : 0.2927"
"65,4 : 0.2927"
"4,66 : 1.0807"
"66,4 : 1.0807"
"4,67 : 0.8996"
"67,4 : 0.8996"
"4,68 : 0.102"
"68,4 : 0.102"
"4,69 : 0.8415"
"69,4 : 0.8415"
"4,70 : 0.8006"
"70,4 : 0.8006"
"4,71 : 0.2668"
"71,4 : 0.2668"
"4,72 : 0.5818"
"72,4 : 0.5818"
"4,73 : 0.9227"
"73,4 : 0.9227"
"4,74 : 0.7247"
"74,4 : 0.7247"
"4,75 : 0.272"
"75,4 : 0.272"
"4,76 : 0.8709"
"76,4 : 0.8709"
"4,77 : 0.3265"
"77,4 : 0.3265"
"4,78 : 0.7106"
"78,4 : 0.7106"
"4,79 : 0.7425"
"79,4 : 0.7425"
"4,80 : 0.2594"
"80,4 : 0.2594"
"4,81 : 0.7325"
"81,4 : 0.7325"
"4,82 : 0.6707"
"82,4 : 0.6707"
"4,83 : 1.1628"
"83,4 : 1.1628"
"4,84 : 0.728"
"84,4 : 0.728"
"4,85 : 0.8112"
"85,4 : 0.8112"
"4,86 : 0.8001"
"86,4 : 0.8001"
"4,87 : 1.1322"
"87,4 : 1.1322"
"4,88 : 0.494"
"88,4 : 0.494"
"4,89 : 0.9849"
"89,4 : 0.9849"
"4,90 : 0.3801"
"90,4 : 0.3801"
"4,91 : 0.4441"
"91,4 : 0.4441"
"4,92 : 1.1997"
"92,4 : 1.1997"
"4,93 : 0.3423"
"93,4 : 0.3423"
"4,94 : 0.5818"
"94,4 : 0.5818"
"4,95 : 0.6011"
"95,4 : 0.6011"
"4,96 : 0.706"
"96,4 : 0.706"
"4,97 : 1.0544"
"97,4 : 1.0544"
"4,98 : 0.5508"
"98,4 : 0.5508"
"4,99 : 0.6503"
"99,4 : 0.6503"
"5,6 : 0.2625"
"6,5 : 0.2625"
"5,7 : 0.5873"
"7,5 : 0.5873"
"5,8 : 0.6408"
"8,5 : 0.6408"
"5,9 : 0.8505"
"9,5 : 0.8505"
"5,10 : 0.8438"
"10,5 : 0.8438"
"5,11 : 0.8956"
"11,5 : 0.8956"
"5,12 : 0.7582"
"12,5 : 0.7582"
"5,13 : 0.3106"
"13,5 : 0.3106"
"5,14 : 0.922"
"14,5 : 0.922"
"5,15 : 0.8326"
"15,5 : 0.8326"
"5,16 : 0.5504"
"16,5 : 0.5504"
"5,17 : 0.706"
"17,5 : 0.706"
"5,18 : 0.56"
"18,5 : 0.56"
"5,19 : 0.2778"
"19,5 : 0.2778"
"5,20 : 0.5204"
"20,5 : 0.5204"
"5,21 : 0.5661"
"21,5 : 0.5661"
"5,22 : 0.8927"
"22,5 : 0.8927"
"5,23 : 0.3106"
"23,5 : 0.3106"
"5,24 : 0.3302"
"24,5 : 0.3302"
"5,25 : 0.8293"
"25,5 : 0.8293"
"5,26 : 0.8673"
"26,5 : 0.8673"
"5,27 : 0.536"
"27,5 : 0.536"
"5,28 : 1.0085"
"28,5 : 1.0085"
"5,29 : 0.9179"
"29,5 : 0.9179"
"5,30 : 0.8237"
"30,5 : 0.8237"
"5,31 : 0.4429"
"31,5 : 0.4429"
"5,32 : 0.3183"
"32,5 : 0.3183"
"5,33 : 0.3785"
"33,5 : 0.3785"
"5,34 : 0.4982"
"34,5 : 0.4982"
"5,35 : 0.3662"
"35,5 : 0.3662"
"5,36 : 0.4607"
"36,5 : 0.4607"
"5,37 : 0.1523"
"37,5 : 0.1523"
"5,38 : 0.5824"
"38,5 : 0.5824"
"5,39 : 0.4909"
"39,5 : 0.4909"
"5,40 : 0.5408"
"40,5 : 0.5408"
"5,41 : 0.5438"
"41,5 : 0.5438"
"5,42 : 0.9257"
"42,5 : 0.9257"
"5,43 : 0.0583"
"43,5 : 0.0583"
"5,44 : 0.9192"
"44,5 : 0.9192"
"5,45 : 0.9596"
"45,5 : 0.9596"
"5,46 : 0.4916"
"46,5 : 0.4916"
"5,47 : 0.5057"
"47,5 : 0.5057"
"5,48 : 0.5852"
"48,5 : 0.5852"
"5,49 : 0.3606"
"49,5 : 0.3606"
"5,50 : 0.3002"
"50,5 : 0.3002"
"5,51 : 0.3534"
"51,5 : 0.3534"
"5,52 : 0.2408"
"52,5 : 0.2408"
"5,53 : 0.2025"
"53,5 : 0.2025"
"5,54 : 0.2693"
"54,5 : 0.2693"
"5,55 : 0.6306"
"55,5 : 0.6306"
"5,56 : 0.8905"
"56,5 : 0.8905"
"5,57 : 0.8052"
"57,5 : 0.8052"
"5,58 : 0.5727"
"58,5 : 0.5727"
"5,59 : 0.794"
"59,5 : 0.794"
"5,60 : 0.8746"
"60,5 : 0.8746"
"5,61 : 0.7616"
"61,5 : 0.7616"
"5,62 : 0.9585"
"62,5 : 0.9585"
"5,63 : 0.8914"
"63,5 : 0.8914"
"5,64 : 0.8472"
"64,5 : 0.8472"
"5,65 : 0.436"
"65,5 : 0.436"
"5,66 : 0.8387"
"66,5 : 0.8387"
"5,67 : 0.6129"
"67,5 : 0.6129"
"5,68 : 0.3373"
"68,5 : 0.3373"
"5,69 : 0.6351"
"69,5 : 0.6351"
"5,70 : 0.525"
"70,5 : 0.525"
"5,71 : 0.3397"
"71,5 : 0.3397"
"5,72 : 0.3202"
"72,5 : 0.3202"
"5,73 : 0.9677"
"73,5 : 0.9677"
"5,74 : 0.6107"
"74,5 : 0.6107"
"5,75 : 0.3253"
"75,5 : 0.3253"
"5,76 : 0.7131"
"76,5 : 0.7131"
"5,77 : 0.1897"
"77,5 : 0.1897"
"5,78 : 0.4045"
"78,5 : 0.4045"
"5,79 : 0.4623"
"79,5 : 0.4623"
"5,80 : 0.1204"
"80,5 : 0.1204"
"5,81 : 0.5954"
"81,5 : 0.5954"
"5,82 : 0.36"
"82,5 : 0.36"
"5,83 : 0.9618"
"83,5 : 0.9618"
"5,84 : 0.4254"
"84,5 : 0.4254"
"5,85 : 0.6774"
"85,5 : 0.6774"
"5,86 : 0.5009"
"86,5 : 0.5009"
"5,87 : 0.9228"
"87,5 : 0.9228"
"5,88 : 0.3932"
"88,5 : 0.3932"
"5,89 : 0.9214"
"89,5 : 0.9214"
"5,90 : 0.19"
"90,5 : 0.19"
"5,91 : 0.1334"
"91,5 : 0.1334"
"5,92 : 1.0018"
"92,5 : 1.0018"
"5,93 : 0.4111"
"93,5 : 0.4111"
"5,94 : 0.3041"
"94,5 : 0.3041"
"5,95 : 0.408"
"95,5 : 0.408"
"5,96 : 0.661"
"96,5 : 0.661"
"5,97 : 0.7993"
"97,5 : 0.7993"
"5,98 : 0.5906"
"98,5 : 0.5906"
"5,99 : 0.3401"
"99,5 : 0.3401"
"6,7 : 0.3672"
"7,6 : 0.3672"
"6,8 : 0.51"
"8,6 : 0.51"
"6,9 : 0.8008"
"9,6 : 0.8008"
"6,10 : 0.7788"
"10,6 : 0.7788"
"6,11 : 0.9265"
"11,6 : 0.9265"
"6,12 : 0.5501"
"12,6 : 0.5501"
"6,13 : 0.5689"
"13,6 : 0.5689"
"6,14 : 0.9872"
"14,6 : 0.9872"
"6,15 : 0.9003"
"15,6 : 0.9003"
"6,16 : 0.5233"
"16,6 : 0.5233"
"6,17 : 0.4675"
"17,6 : 0.4675"
"6,18 : 0.5412"
"18,6 : 0.5412"
"6,19 : 0.4215"
"19,6 : 0.4215"
"6,20 : 0.2879"
"20,6 : 0.2879"
"6,21 : 0.3036"
"21,6 : 0.3036"
"6,22 : 0.9092"
"22,6 : 0.9092"
"6,23 : 0.0849"
"23,6 : 0.0849"
"6,24 : 0.5315"
"24,6 : 0.5315"
"6,25 : 0.6451"
"25,6 : 0.6451"
"6,26 : 0.7325"
"26,6 : 0.7325"
"6,27 : 0.481"
"27,6 : 0.481"
"6,28 : 0.8317"
"28,6 : 0.8317"
"6,29 : 0.8401"
"29,6 : 0.8401"
"6,30 : 0.9122"
"30,6 : 0.9122"
"6,31 : 0.5547"
"31,6 : 0.5547"
"6,32 : 0.5"
"32,6 : 0.5"
"6,33 : 0.3362"
"33,6 : 0.3362"
"6,34 : 0.3158"
"34,6 : 0.3158"
"6,35 : 0.1393"
"35,6 : 0.1393"
"6,36 : 0.5661"
"36,6 : 0.5661"
"6,37 : 0.1992"
"37,6 : 0.1992"
"6,38 : 0.3202"
"38,6 : 0.3202"
"6,39 : 0.2452"
"39,6 : 0.2452"
"6,40 : 0.4357"
"40,6 : 0.4357"
"6,41 : 0.297"
"41,6 : 0.297"
"6,42 : 0.9302"
"42,6 : 0.9302"
"6,43 : 0.2816"
"43,6 : 0.2816"
"6,44 : 0.8386"
"44,6 : 0.8386"
"6,45 : 0.7725"
"45,6 : 0.7725"
"6,46 : 0.4607"
"46,6 : 0.4607"
"6,47 : 0.247"
"47,6 : 0.247"
"6,48 : 0.3394"
"48,6 : 0.3394"
"6,49 : 0.1253"
"49,6 : 0.1253"
"6,50 : 0.0707"
"50,6 : 0.0707"
"6,51 : 0.4665"
"51,6 : 0.4665"
"6,52 : 0.5001"
"52,6 : 0.5001"
"6,53 : 0.1616"
"53,6 : 0.1616"
"6,54 : 0.5316"
"54,6 : 0.5316"
"6,55 : 0.3744"
"55,6 : 0.3744"
"6,56 : 0.7398"
"56,6 : 0.7398"
"6,57 : 0.7018"
"57,6 : 0.7018"
"6,58 : 0.3126"
"58,6 : 0.3126"
"6,59 : 0.7829"
"59,6 : 0.7829"
"6,60 : 0.6708"
"60,6 : 0.6708"
"6,61 : 0.7877"
"61,6 : 0.7877"
"6,62 : 1.0183"
"62,6 : 1.0183"
"6,63 : 0.8638"
"63,6 : 0.8638"
"6,64 : 0.6745"
"64,6 : 0.6745"
"6,65 : 0.6264"
"65,6 : 0.6264"
"6,66 : 0.6351"
"66,6 : 0.6351"
"6,67 : 0.3677"
"67,6 : 0.3677"
"6,68 : 0.5801"
"68,6 : 0.5801"
"6,69 : 0.4909"
"69,6 : 0.4909"
"6,70 : 0.3002"
"70,6 : 0.3002"
"6,71 : 0.522"
"71,6 : 0.522"
"6,72 : 0.1772"
"72,6 : 0.1772"
"6,73 : 1.0262"
"73,6 : 1.0262"
"6,74 : 0.5738"
"74,6 : 0.5738"
"6,75 : 0.5029"
"75,6 : 0.5029"
"6,76 : 0.614"
"76,6 : 0.614"
"6,77 : 0.3257"
"77,6 : 0.3257"
"6,78 : 0.2052"
"78,6 : 0.2052"
"6,79 : 0.2371"
"79,6 : 0.2371"
"6,80 : 0.3302"
"80,6 : 0.3302"
"6,81 : 0.5376"
"81,6 : 0.5376"
"6,82 : 0.136"
"82,6 : 0.136"
"6,83 : 0.7956"
"83,6 : 0.7956"
"6,84 : 0.1664"
"84,6 : 0.1664"
"6,85 : 0.6088"
"85,6 : 0.6088"
"6,86 : 0.2441"
"86,6 : 0.2441"
"6,87 : 0.75"
"87,6 : 0.75"
"6,88 : 0.4314"
"88,6 : 0.4314"
"6,89 : 0.892"
"89,6 : 0.892"
"6,90 : 0.2731"
"90,6 : 0.2731"
"6,91 : 0.13"
"91,6 : 0.13"
"6,92 : 0.8368"
"92,6 : 0.8368"
"6,93 : 0.5686"
"93,6 : 0.5686"
"6,94 : 0.1334"
"94,6 : 0.1334"
"6,95 : 0.3362"
"95,6 : 0.3362"
"6,96 : 0.6796"
"96,6 : 0.6796"
"6,97 : 0.5831"
"97,6 : 0.5831"
"6,98 : 0.6888"
"98,6 : 0.6888"
"6,99 : 0.1273"
"99,6 : 0.1273"
"7,8 : 0.2617"
"8,7 : 0.2617"
"7,9 : 0.6021"
"9,7 : 0.6021"
"7,10 : 0.5622"
"10,7 : 0.5622"
"7,11 : 0.821"
"11,7 : 0.821"
"7,12 : 0.1838"
"12,7 : 0.1838"
"7,13 : 0.8509"
"13,7 : 0.8509"
"7,14 : 0.9218"
"14,7 : 0.9218"
"7,15 : 0.85"
"15,7 : 0.85"
"7,16 : 0.4366"
"16,7 : 0.4366"
"7,17 : 0.1334"
"17,7 : 0.1334"
"7,18 : 0.4588"
"18,7 : 0.4588"
"7,19 : 0.592"
"19,7 : 0.592"
"7,20 : 0.4295"
"20,7 : 0.4295"
"7,21 : 0.255"
"21,7 : 0.255"
"7,22 : 0.786"
"22,7 : 0.786"
"7,23 : 0.3985"
"23,7 : 0.3985"
"7,24 : 0.7308"
"24,7 : 0.7308"
"7,25 : 0.2915"
"25,7 : 0.2915"
"7,26 : 0.4272"
"26,7 : 0.4272"
"7,27 : 0.3734"
"27,7 : 0.3734"
"7,28 : 0.4768"
"28,7 : 0.4768"
"7,29 : 0.5968"
"29,7 : 0.5968"
"7,30 : 0.8896"
"30,7 : 0.8896"
"7,31 : 0.6401"
"31,7 : 0.6401"
"7,32 : 0.6841"
"32,7 : 0.6841"
"7,33 : 0.3513"
"33,7 : 0.3513"
"7,34 : 0.1204"
"34,7 : 0.1204"
"7,35 : 0.2302"
"35,7 : 0.2302"
"7,36 : 0.6401"
"36,7 : 0.6401"
"7,37 : 0.4522"
"37,7 : 0.4522"
"7,38 : 0.2729"
"38,7 : 0.2729"
"7,39 : 0.3748"
"39,7 : 0.3748"
"7,40 : 0.2731"
"40,7 : 0.2731"
"7,41 : 0.114"
"41,7 : 0.114"
"7,42 : 0.7875"
"42,7 : 0.7875"
"7,43 : 0.578"
"43,7 : 0.578"
"7,44 : 0.5917"
"44,7 : 0.5917"
"7,45 : 0.4123"
"45,7 : 0.4123"
"7,46 : 0.4002"
"46,7 : 0.4002"
"7,47 : 0.1924"
"47,7 : 0.1924"
"7,48 : 0.1"
"48,7 : 0.1"
"7,49 : 0.3864"
"49,7 : 0.3864"
"7,50 : 0.3023"
"50,7 : 0.3023"
"7,51 : 0.5855"
"51,7 : 0.5855"
"7,52 : 0.7908"
"52,7 : 0.7908"
"7,53 : 0.5277"
"53,7 : 0.5277"
"7,54 : 0.8349"
"54,7 : 0.8349"
"7,55 : 0.1703"
"55,7 : 0.1703"
"7,56 : 0.4144"
"56,7 : 0.4144"
"7,57 : 0.4442"
"57,7 : 0.4442"
"7,58 : 0.3087"
"58,7 : 0.3087"
"7,59 : 0.642"
"59,7 : 0.642"
"7,60 : 0.3046"
"60,7 : 0.3046"
"7,61 : 0.6984"
"61,7 : 0.6984"
"7,62 : 0.9415"
"62,7 : 0.9415"
"7,63 : 0.6859"
"63,7 : 0.6859"
"7,64 : 0.33"
"64,7 : 0.33"
"7,65 : 0.7925"
"65,7 : 0.7925"
"7,66 : 0.2693"
"66,7 : 0.2693"
"7,67 : 0.1"
"67,7 : 0.1"
"7,68 : 0.8286"
"68,7 : 0.8286"
"7,69 : 0.2267"
"69,7 : 0.2267"
"7,70 : 0.0671"
"70,7 : 0.0671"
"7,71 : 0.7009"
"71,7 : 0.7009"
"7,72 : 0.2746"
"72,7 : 0.2746"
"7,73 : 0.9467"
"73,7 : 0.9467"
"7,74 : 0.4518"
"74,7 : 0.4518"
"7,75 : 0.6815"
"75,7 : 0.6815"
"7,76 : 0.3829"
"76,7 : 0.3829"
"7,77 : 0.5371"
"77,7 : 0.5371"
"7,78 : 0.461"
"78,7 : 0.461"
"7,79 : 0.1304"
"79,7 : 0.1304"
"7,80 : 0.5968"
"80,7 : 0.5968"
"7,81 : 0.3982"
"81,7 : 0.3982"
"7,82 : 0.4061"
"82,7 : 0.4061"
"7,83 : 0.4504"
"83,7 : 0.4504"
"7,84 : 0.2335"
"84,7 : 0.2335"
"7,85 : 0.4264"
"85,7 : 0.4264"
"7,86 : 0.1811"
"86,7 : 0.1811"
"7,87 : 0.4011"
"87,7 : 0.4011"
"7,88 : 0.4801"
"88,7 : 0.4801"
"7,89 : 0.7077"
"89,7 : 0.7077"
"7,90 : 0.4785"
"90,7 : 0.4785"
"7,91 : 0.4763"
"91,7 : 0.4763"
"7,92 : 0.4909"
"92,7 : 0.4909"
"7,93 : 0.7058"
"93,7 : 0.7058"
"7,94 : 0.2832"
"94,7 : 0.2832"
"7,95 : 0.3102"
"95,7 : 0.3102"
"7,96 : 0.6042"
"96,7 : 0.6042"
"7,97 : 0.2163"
"97,7 : 0.2163"
"7,98 : 0.7201"
"98,7 : 0.7201"
"7,99 : 0.4198"
"99,7 : 0.4198"
"8,9 : 0.3406"
"9,8 : 0.3406"
"8,10 : 0.3023"
"10,8 : 0.3023"
"8,11 : 0.5682"
"11,8 : 0.5682"
"8,12 : 0.2508"
"12,8 : 0.2508"
"8,13 : 0.8281"
"13,8 : 0.8281"
"8,14 : 0.6778"
"14,8 : 0.6778"
"8,15 : 0.614"
"15,8 : 0.614"
"8,16 : 0.2335"
"16,8 : 0.2335"
"8,17 : 0.3489"
"17,8 : 0.3489"
"8,18 : 0.2518"
"18,8 : 0.2518"
"8,19 : 0.524"
"19,8 : 0.524"
"8,20 : 0.6671"
"20,8 : 0.6671"
"8,21 : 0.5104"
"21,8 : 0.5104"
"8,22 : 0.53"
"22,8 : 0.53"
"8,23 : 0.5731"
"23,8 : 0.5731"
"8,24 : 0.656"
"24,8 : 0.656"
"8,25 : 0.2326"
"25,8 : 0.2326"
"8,26 : 0.228"
"26,8 : 0.228"
"8,27 : 0.1803"
"27,8 : 0.1803"
"8,28 : 0.3821"
"28,8 : 0.3821"
"8,29 : 0.3454"
"29,8 : 0.3454"
"8,30 : 0.6629"
"30,8 : 0.6629"
"8,31 : 0.5016"
"31,8 : 0.5016"
"8,32 : 0.6061"
"32,8 : 0.6061"
"8,33 : 0.278"
"33,8 : 0.278"
"8,34 : 0.2088"
"34,8 : 0.2088"
"8,35 : 0.3833"
"35,8 : 0.3833"
"8,36 : 0.494"
"36,8 : 0.494"
"8,37 : 0.4885"
"37,8 : 0.4885"
"8,38 : 0.5301"
"38,8 : 0.5301"
"8,39 : 0.6093"
"39,8 : 0.6093"
"8,40 : 0.1063"
"40,8 : 0.1063"
"8,41 : 0.3662"
"41,8 : 0.3662"
"8,42 : 0.528"
"42,8 : 0.528"
"8,43 : 0.6083"
"43,8 : 0.6083"
"8,44 : 0.3418"
"44,8 : 0.3418"
"8,45 : 0.35"
"45,8 : 0.35"
"8,46 : 0.2326"
"46,8 : 0.2326"
"8,47 : 0.4342"
"47,8 : 0.4342"
"8,48 : 0.3612"
"48,8 : 0.3612"
"8,49 : 0.5805"
"49,8 : 0.5805"
"8,50 : 0.4401"
"50,8 : 0.4401"
"8,51 : 0.4826"
"51,8 : 0.4826"
"8,52 : 0.7824"
"52,8 : 0.7824"
"8,53 : 0.6627"
"53,8 : 0.6627"
"8,54 : 0.8341"
"54,8 : 0.8341"
"8,55 : 0.4314"
"55,8 : 0.4314"
"8,56 : 0.2506"
"56,8 : 0.2506"
"8,57 : 0.1965"
"57,8 : 0.1965"
"8,58 : 0.563"
"58,8 : 0.563"
"8,59 : 0.3859"
"59,8 : 0.3859"
"8,60 : 0.3132"
"60,8 : 0.3132"
"8,61 : 0.4554"
"61,8 : 0.4554"
"8,62 : 0.6935"
"62,8 : 0.6935"
"8,63 : 0.4243"
"63,8 : 0.4243"
"8,64 : 0.228"
"64,8 : 0.228"
"8,65 : 0.6848"
"65,8 : 0.6848"
"8,66 : 0.2864"
"66,8 : 0.2864"
"8,67 : 0.3607"
"67,8 : 0.3607"
"8,68 : 0.779"
"68,8 : 0.779"
"8,69 : 0.0361"
"69,8 : 0.0361"
"8,70 : 0.2915"
"70,8 : 0.2915"
"8,71 : 0.6161"
"71,8 : 0.6161"
"8,72 : 0.3437"
"72,8 : 0.3437"
"8,73 : 0.6978"
"73,8 : 0.6978"
"8,74 : 0.2209"
"74,8 : 0.2209"
"8,75 : 0.6"
"75,8 : 0.6"
"8,76 : 0.1221"
"76,8 : 0.1221"
"8,77 : 0.514"
"77,8 : 0.514"
"8,78 : 0.6671"
"78,8 : 0.6671"
"8,79 : 0.3195"
"79,8 : 0.3195"
"8,80 : 0.5991"
"80,8 : 0.5991"
"8,81 : 0.17"
"81,8 : 0.17"
"8,82 : 0.6002"
"82,8 : 0.6002"
"8,83 : 0.328"
"83,8 : 0.328"
"8,84 : 0.4427"
"84,8 : 0.4427"
"8,85 : 0.17"
"85,8 : 0.17"
"8,86 : 0.4206"
"86,8 : 0.4206"
"8,87 : 0.297"
"87,8 : 0.297"
"8,88 : 0.3606"
"88,8 : 0.3606"
"8,89 : 0.446"
"89,8 : 0.446"
"8,90 : 0.4717"
"90,8 : 0.4717"
"8,91 : 0.5727"
"91,8 : 0.5727"
"8,92 : 0.3662"
"92,8 : 0.3662"
"8,93 : 0.5906"
"93,8 : 0.5906"
"8,94 : 0.3812"
"94,8 : 0.3812"
"8,95 : 0.2385"
"95,8 : 0.2385"
"8,96 : 0.3748"
"96,8 : 0.3748"
"8,97 : 0.3002"
"97,8 : 0.3002"
"8,98 : 0.5346"
"98,8 : 0.5346"
"8,99 : 0.6067"
"99,8 : 0.6067"
"9,10 : 0.051"
"10,9 : 0.051"
"9,11 : 0.2802"
"11,9 : 0.2802"
"9,12 : 0.5471"
"12,9 : 0.5471"
"9,13 : 0.9341"
"13,9 : 0.9341"
"9,14 : 0.4101"
"14,9 : 0.4101"
"9,15 : 0.3808"
"15,9 : 0.3808"
"9,16 : 0.3002"
"16,9 : 0.3002"
"9,17 : 0.6762"
"17,9 : 0.6762"
"9,18 : 0.2915"
"18,9 : 0.2915"
"9,19 : 0.6332"
"19,9 : 0.6332"
"9,20 : 0.9985"
"20,9 : 0.9985"
"9,21 : 0.85"
"21,9 : 0.85"
"9,22 : 0.2309"
"22,9 : 0.2309"
"9,23 : 0.876"
"23,9 : 0.876"
"9,24 : 0.725"
"24,9 : 0.725"
"9,25 : 0.4588"
"25,9 : 0.4588"
"9,26 : 0.2828"
"26,9 : 0.2828"
"9,27 : 0.3239"
"27,9 : 0.3239"
"9,28 : 0.4804"
"28,9 : 0.4804"
"9,29 : 0.1082"
"29,9 : 0.1082"
"9,30 : 0.4492"
"30,9 : 0.4492"
"9,31 : 0.5188"
"31,9 : 0.5188"
"9,32 : 0.6815"
"32,9 : 0.6815"
"9,33 : 0.4826"
"33,9 : 0.4826"
"9,34 : 0.5385"
"34,9 : 0.5385"
"9,35 : 0.6946"
"35,9 : 0.6946"
"9,36 : 0.5012"
"36,9 : 0.5012"
"9,37 : 0.7106"
"37,9 : 0.7106"
"9,38 : 0.8701"
"38,9 : 0.8701"
"9,39 : 0.9402"
"39,9 : 0.9402"
"9,40 : 0.3716"
"40,9 : 0.3716"
"9,41 : 0.706"
"41,9 : 0.706"
"9,42 : 0.2088"
"42,9 : 0.2088"
"9,43 : 0.8022"
"43,9 : 0.8022"
"9,44 : 0.1166"
"44,9 : 0.1166"
"9,45 : 0.5025"
"45,9 : 0.5025"
"9,46 : 0.3601"
"46,9 : 0.3601"
"9,47 : 0.771"
"47,9 : 0.771"
"9,48 : 0.7018"
"48,9 : 0.7018"
"9,49 : 0.8932"
"49,9 : 0.8932"
"9,50 : 0.7368"
"50,9 : 0.7368"
"9,51 : 0.5597"
"51,9 : 0.5597"
"9,52 : 0.9109"
"52,9 : 0.9109"
"9,53 : 0.9338"
"53,9 : 0.9338"
"9,54 : 0.9646"
"54,9 : 0.9646"
"9,55 : 0.771"
"55,9 : 0.771"
"9,56 : 0.3423"
"56,9 : 0.3423"
"9,57 : 0.1838"
"57,9 : 0.1838"
"9,58 : 0.9021"
"58,9 : 0.9021"
"9,59 : 0.1253"
"59,9 : 0.1253"
"9,60 : 0.5471"
"60,9 : 0.5471"
"9,61 : 0.2371"
"61,9 : 0.2371"
"9,62 : 0.4111"
"62,9 : 0.4111"
"9,63 : 0.0894"
"63,9 : 0.0894"
"9,64 : 0.4176"
"64,9 : 0.4176"
"9,65 : 0.7018"
"65,9 : 0.7018"
"9,66 : 0.5385"
"66,9 : 0.5385"
"9,67 : 0.7004"
"67,9 : 0.7004"
"9,68 : 0.8591"
"68,9 : 0.8591"
"9,69 : 0.3754"
"69,9 : 0.3754"
"9,70 : 0.6301"
"70,9 : 0.6301"
"9,71 : 0.6803"
"71,9 : 0.6803"
"9,72 : 0.6236"
"72,9 : 0.6236"
"9,73 : 0.4119"
"73,9 : 0.4119"
"9,74 : 0.24"
"74,9 : 0.24"
"9,75 : 0.6723"
"75,9 : 0.6723"
"9,76 : 0.2193"
"76,9 : 0.2193"
"9,77 : 0.676"
"77,9 : 0.676"
"9,78 : 0.9823"
"78,9 : 0.9823"
"9,79 : 0.65"
"79,9 : 0.65"
"9,80 : 0.7679"
"80,9 : 0.7679"
"9,81 : 0.2648"
"81,9 : 0.2648"
"9,82 : 0.9118"
"82,9 : 0.9118"
"9,83 : 0.42"
"83,9 : 0.42"
"9,84 : 0.7694"
"84,9 : 0.7694"
"9,85 : 0.1931"
"85,9 : 0.1931"
"9,86 : 0.7572"
"86,9 : 0.7572"
"9,87 : 0.4329"
"87,9 : 0.4329"
"9,88 : 0.4669"
"88,9 : 0.4669"
"9,89 : 0.1063"
"89,9 : 0.1063"
"9,90 : 0.6607"
"90,9 : 0.6607"
"9,91 : 0.8261"
"91,9 : 0.8261"
"9,92 : 0.4319"
"92,9 : 0.4319"
"9,93 : 0.6177"
"93,9 : 0.6177"
"9,94 : 0.6676"
"94,9 : 0.6676"
"9,95 : 0.4687"
"95,9 : 0.4687"
"9,96 : 0.25"
"96,9 : 0.25"
"9,97 : 0.5859"
"97,9 : 0.5859"
"9,98 : 0.4528"
"98,9 : 0.4528"
"9,99 : 0.9142"
"99,9 : 0.9142"
"10,11 : 0.3306"
"11,10 : 0.3306"
"10,12 : 0.4993"
"12,10 : 0.4993"
"10,13 : 0.9443"
"13,10 : 0.9443"
"10,14 : 0.46"
"14,10 : 0.46"
"10,15 : 0.4276"
"15,10 : 0.4276"
"10,16 : 0.2961"
"16,10 : 0.2961"
"10,17 : 0.6313"
"17,10 : 0.6313"
"10,18 : 0.2912"
"18,10 : 0.2912"
"10,19 : 0.6391"
"19,10 : 0.6391"
"10,20 : 0.966"
"20,10 : 0.966"
"10,21 : 0.8127"
"21,10 : 0.8127"
"10,22 : 0.2816"
"22,10 : 0.2816"
"10,23 : 0.8516"
"23,10 : 0.8516"
"10,24 : 0.7382"
"24,10 : 0.7382"
"10,25 : 0.4085"
"25,10 : 0.4085"
"10,26 : 0.2319"
"26,10 : 0.2319"
"10,27 : 0.31"
"27,10 : 0.31"
"10,28 : 0.431"
"28,10 : 0.431"
"10,29 : 0.0806"
"29,10 : 0.0806"
"10,30 : 0.4948"
"30,10 : 0.4948"
"10,31 : 0.5354"
"31,10 : 0.5354"
"10,32 : 0.6932"
"32,10 : 0.6932"
"10,33 : 0.47"
"33,10 : 0.47"
"10,34 : 0.5054"
"34,10 : 0.5054"
"10,35 : 0.6673"
"35,10 : 0.6673"
"10,36 : 0.5187"
"36,10 : 0.5187"
"10,37 : 0.7003"
"37,10 : 0.7003"
"10,38 : 0.8323"
"38,10 : 0.8323"
"10,39 : 0.9079"
"39,10 : 0.9079"
"10,40 : 0.3448"
"40,10 : 0.3448"
"10,41 : 0.6685"
"41,10 : 0.6685"
"10,42 : 0.2596"
"42,10 : 0.2596"
"10,43 : 0.7976"
"43,10 : 0.7976"
"10,44 : 0.086"
"44,10 : 0.086"
"10,45 : 0.4518"
"45,10 : 0.4518"
"10,46 : 0.3523"
"46,10 : 0.3523"
"10,47 : 0.7357"
"47,10 : 0.7357"
"10,48 : 0.6622"
"48,10 : 0.6622"
"10,49 : 0.8665"
"49,10 : 0.8665"
"10,50 : 0.7131"
"50,10 : 0.7131"
"10,51 : 0.5686"
"51,10 : 0.5686"
"10,52 : 0.9176"
"52,10 : 0.9176"
"10,53 : 0.9166"
"53,10 : 0.9166"
"10,54 : 0.9714"
"54,10 : 0.9714"
"10,55 : 0.73"
"55,10 : 0.73"
"10,56 : 0.2915"
"56,10 : 0.2915"
"10,57 : 0.1342"
"57,10 : 0.1342"
"10,58 : 0.8653"
"58,10 : 0.8653"
"10,59 : 0.1676"
"59,10 : 0.1676"
"10,60 : 0.4965"
"60,10 : 0.4965"
"10,61 : 0.2786"
"61,10 : 0.2786"
"10,62 : 0.4617"
"62,10 : 0.4617"
"10,63 : 0.1393"
"63,10 : 0.1393"
"10,64 : 0.3669"
"64,10 : 0.3669"
"10,65 : 0.722"
"65,10 : 0.722"
"10,66 : 0.4885"
"66,10 : 0.4885"
"10,67 : 0.6595"
"67,10 : 0.6595"
"10,68 : 0.8724"
"68,10 : 0.8724"
"10,69 : 0.336"
"69,10 : 0.336"
"10,70 : 0.5936"
"70,10 : 0.5936"
"10,71 : 0.6935"
"71,10 : 0.6935"
"10,72 : 0.6021"
"72,10 : 0.6021"
"10,73 : 0.4627"
"73,10 : 0.4627"
"10,74 : 0.2354"
"74,10 : 0.2354"
"10,75 : 0.6843"
"75,10 : 0.6843"
"10,76 : 0.1803"
"76,10 : 0.1803"
"10,77 : 0.6747"
"77,10 : 0.6747"
"10,78 : 0.9552"
"78,10 : 0.9552"
"10,79 : 0.6172"
"79,10 : 0.6172"
"10,80 : 0.7669"
"80,10 : 0.7669"
"10,81 : 0.25"
"81,10 : 0.25"
"10,82 : 0.8854"
"82,10 : 0.8854"
"10,83 : 0.3701"
"83,10 : 0.3701"
"10,84 : 0.7382"
"84,10 : 0.7382"
"10,85 : 0.1712"
"85,10 : 0.1712"
"10,86 : 0.722"
"86,10 : 0.722"
"10,87 : 0.3821"
"87,10 : 0.3821"
"10,88 : 0.4684"
"88,10 : 0.4684"
"10,89 : 0.1526"
"89,10 : 0.1526"
"10,90 : 0.6549"
"90,10 : 0.6549"
"10,91 : 0.8115"
"91,10 : 0.8115"
"10,92 : 0.3833"
"92,10 : 0.3833"
"10,93 : 0.6351"
"93,10 : 0.6351"
"10,94 : 0.6454"
"94,10 : 0.6454"
"10,95 : 0.4518"
"95,10 : 0.4518"
"10,96 : 0.2759"
"96,10 : 0.2759"
"10,97 : 0.5371"
"97,10 : 0.5371"
"10,98 : 0.4817"
"98,10 : 0.4817"
"10,99 : 0.8889"
"99,10 : 0.8889"
"11,12 : 0.8041"
"12,11 : 0.8041"
"11,13 : 0.882"
"13,11 : 0.882"
"11,14 : 0.1315"
"14,11 : 0.1315"
"11,15 : 0.1345"
"15,11 : 0.1345"
"11,16 : 0.4111"
"16,11 : 0.4111"
"11,17 : 0.9171"
"17,11 : 0.9171"
"11,18 : 0.3905"
"18,11 : 0.3905"
"11,19 : 0.6297"
"19,11 : 0.6297"
"11,20 : 1.1693"
"20,11 : 1.1693"
"11,21 : 1.0489"
"21,11 : 1.0489"
"11,22 : 0.051"
"22,11 : 0.051"
"11,23 : 1.0096"
"23,11 : 1.0096"
"11,24 : 0.6703"
"24,11 : 0.6703"
"11,25 : 0.7301"
"25,11 : 0.7301"
"11,26 : 0.5622"
"26,11 : 0.5622"
"11,27 : 0.4667"
"27,11 : 0.4667"
"11,28 : 0.7601"
"28,11 : 0.7601"
"11,29 : 0.3734"
"29,11 : 0.3734"
"11,30 : 0.2052"
"30,11 : 0.2052"
"11,31 : 0.4717"
"31,11 : 0.4717"
"11,32 : 0.6403"
"32,11 : 0.6403"
"11,33 : 0.5908"
"33,11 : 0.5908"
"11,34 : 0.7311"
"34,11 : 0.7311"
"11,35 : 0.8515"
"35,11 : 0.8515"
"11,36 : 0.4518"
"36,11 : 0.4518"
"11,37 : 0.7839"
"37,11 : 0.7839"
"11,38 : 1.0706"
"38,11 : 1.0706"
"11,39 : 1.112"
"39,11 : 1.112"
"11,40 : 0.5544"
"40,11 : 0.5544"
"11,41 : 0.9105"
"41,11 : 0.9105"
"11,42 : 0.0943"
"42,11 : 0.0943"
"11,43 : 0.8393"
"43,11 : 0.8393"
"11,44 : 0.3833"
"44,11 : 0.3833"
"11,45 : 0.7823"
"45,11 : 0.7823"
"11,46 : 0.4701"
"46,11 : 0.4701"
"11,47 : 0.9626"
"47,11 : 0.9626"
"11,48 : 0.9161"
"48,11 : 0.9161"
"11,49 : 1.0381"
"49,11 : 1.0381"
"11,50 : 0.8742"
"50,11 : 0.8742"
"11,51 : 0.5492"
"51,11 : 0.5492"
"11,52 : 0.8801"
"52,11 : 0.8801"
"11,53 : 1.0288"
"53,11 : 1.0288"
"11,54 : 0.9301"
"54,11 : 0.9301"
"11,55 : 0.9905"
"55,11 : 0.9905"
"11,56 : 0.622"
"56,11 : 0.622"
"11,57 : 0.4571"
"57,11 : 0.4571"
"11,58 : 1.0971"
"58,11 : 1.0971"
"11,59 : 0.1838"
"59,11 : 0.1838"
"11,60 : 0.82"
"60,11 : 0.82"
"11,61 : 0.1389"
"61,11 : 0.1389"
"11,62 : 0.1315"
"62,11 : 0.1315"
"11,63 : 0.2022"
"63,11 : 0.2022"
"11,64 : 0.6923"
"64,11 : 0.6923"
"11,65 : 0.6083"
"65,11 : 0.6083"
"11,66 : 0.8078"
"66,11 : 0.8078"
"11,67 : 0.9209"
"67,11 : 0.9209"
"11,68 : 0.794"
"68,11 : 0.794"
"11,69 : 0.6042"
"69,11 : 0.6042"
"11,70 : 0.8324"
"70,11 : 0.8324"
"11,71 : 0.63"
"71,11 : 0.63"
"11,72 : 0.758"
"72,11 : 0.758"
"11,73 : 0.1334"
"73,11 : 0.1334"
"11,74 : 0.3754"
"74,11 : 0.3754"
"11,75 : 0.6303"
"75,11 : 0.6303"
"11,76 : 0.4624"
"76,11 : 0.4624"
"11,77 : 0.706"
"77,11 : 0.706"
"11,78 : 1.1265"
"78,11 : 1.1265"
"11,79 : 0.8349"
"79,11 : 0.8349"
"11,80 : 0.7885"
"80,11 : 0.7885"
"11,81 : 0.4264"
"81,11 : 0.4264"
"11,82 : 1.0544"
"82,11 : 1.0544"
"11,83 : 0.7001"
"83,11 : 0.7001"
"11,84 : 0.9411"
"84,11 : 0.9411"
"11,85 : 0.3982"
"85,11 : 0.3982"
"11,86 : 0.9485"
"86,11 : 0.9485"
"11,87 : 0.7125"
"87,11 : 0.7125"
"11,88 : 0.5108"
"88,11 : 0.5108"
"11,89 : 0.2088"
"89,11 : 0.2088"
"11,90 : 0.7151"
"90,11 : 0.7151"
"11,91 : 0.9129"
"91,11 : 0.9129"
"11,92 : 0.7106"
"92,11 : 0.7106"
"11,93 : 0.5504"
"93,11 : 0.5504"
"11,94 : 0.8021"
"94,11 : 0.8021"
"11,95 : 0.5982"
"95,11 : 0.5982"
"11,96 : 0.247"
"96,11 : 0.247"
"11,97 : 0.8476"
"97,11 : 0.8476"
"11,98 : 0.3413"
"98,11 : 0.3413"
"11,99 : 1.0512"
"99,11 : 1.0512"
"12,13 : 1.0021"
"13,12 : 1.0021"
"12,14 : 0.9205"
"14,12 : 0.9205"
"12,15 : 0.8612"
"15,12 : 0.8612"
"12,16 : 0.4804"
"16,12 : 0.4804"
"12,17 : 0.1523"
"17,12 : 0.1523"
"12,18 : 0.5001"
"18,12 : 0.5001"
"12,19 : 0.7201"
"19,12 : 0.7201"
"12,20 : 0.5903"
"20,12 : 0.5903"
"12,21 : 0.402"
"21,12 : 0.402"
"12,22 : 0.7616"
"22,12 : 0.7616"
"12,23 : 0.5819"
"23,12 : 0.5819"
"12,24 : 0.8587"
"24,12 : 0.8587"
"12,25 : 0.1265"
"25,12 : 0.1265"
"12,26 : 0.3061"
"26,12 : 0.3061"
"12,27 : 0.4219"
"27,12 : 0.4219"
"12,28 : 0.3002"
"28,12 : 0.3002"
"12,29 : 0.5099"
"29,12 : 0.5099"
"12,30 : 0.9124"
"30,12 : 0.9124"
"12,31 : 0.7325"
"31,12 : 0.7325"
"12,32 : 0.8096"
"32,12 : 0.8096"
"12,33 : 0.4652"
"33,12 : 0.4652"
"12,34 : 0.2617"
"34,12 : 0.2617"
"12,35 : 0.4118"
"35,12 : 0.4118"
"12,36 : 0.7278"
"36,12 : 0.7278"
"12,37 : 0.6152"
"37,12 : 0.6152"
"12,38 : 0.4144"
"38,12 : 0.4144"
"12,39 : 0.5401"
"39,12 : 0.5401"
"12,40 : 0.3256"
"40,12 : 0.3256"
"12,41 : 0.2828"
"41,12 : 0.2828"
"12,42 : 0.7513"
"42,12 : 0.7513"
"12,43 : 0.7425"
"43,12 : 0.7425"
"12,44 : 0.5025"
"44,12 : 0.5025"
"12,45 : 0.2319"
"45,12 : 0.2319"
"12,46 : 0.4669"
"46,12 : 0.4669"
"12,47 : 0.3622"
"47,12 : 0.3622"
"12,48 : 0.2502"
"48,12 : 0.2502"
"12,49 : 0.5675"
"49,12 : 0.5675"
"12,50 : 0.4837"
"50,12 : 0.4837"
"12,51 : 0.6964"
"51,12 : 0.6964"
"12,52 : 0.9464"
"52,12 : 0.9464"
"12,53 : 0.7111"
"53,12 : 0.7111"
"12,54 : 0.9936"
"54,12 : 0.9936"
"12,55 : 0.2864"
"55,12 : 0.2864"
"12,56 : 0.2729"
"56,12 : 0.2729"
"12,57 : 0.3662"
"57,12 : 0.3662"
"12,58 : 0.454"
"58,12 : 0.454"
"12,59 : 0.6203"
"59,12 : 0.6203"
"12,60 : 0.1208"
"60,12 : 0.1208"
"12,61 : 0.7009"
"61,12 : 0.7009"
"12,62 : 0.933"
"62,12 : 0.933"
"12,63 : 0.6363"
"63,12 : 0.6363"
"12,64 : 0.1746"
"64,12 : 0.1746"
"12,65 : 0.9048"
"65,12 : 0.9048"
"12,66 : 0.0854"
"66,12 : 0.0854"
"12,67 : 0.2302"
"67,12 : 0.2302"
"12,68 : 0.969"
"68,12 : 0.969"
"12,69 : 0.22"
"69,12 : 0.22"
"12,70 : 0.2508"
"70,12 : 0.2508"
"12,71 : 0.8235"
"71,12 : 0.8235"
"12,72 : 0.4386"
"72,12 : 0.4386"
"12,73 : 0.9364"
"73,12 : 0.9364"
"12,74 : 0.4717"
"74,12 : 0.4717"
"12,75 : 0.8053"
"75,12 : 0.8053"
"12,76 : 0.3418"
"76,12 : 0.3418"
"12,77 : 0.6824"
"77,12 : 0.6824"
"12,78 : 0.6379"
"78,12 : 0.6379"
"12,79 : 0.313"
"79,12 : 0.313"
"12,80 : 0.7529"
"80,12 : 0.7529"
"12,81 : 0.4205"
"81,12 : 0.4205"
"12,82 : 0.5869"
"82,12 : 0.5869"
"12,83 : 0.2844"
"83,12 : 0.2844"
"12,84 : 0.4148"
"84,12 : 0.4148"
"12,85 : 0.4123"
"85,12 : 0.4123"
"12,86 : 0.3536"
"86,12 : 0.3536"
"12,87 : 0.2335"
"87,12 : 0.2335"
"12,88 : 0.5787"
"88,12 : 0.5787"
"12,89 : 0.6519"
"89,12 : 0.6519"
"12,90 : 0.628"
"90,12 : 0.628"
"12,91 : 0.6546"
"91,12 : 0.6546"
"12,92 : 0.3225"
"92,12 : 0.3225"
"12,93 : 0.8127"
"93,12 : 0.8127"
"12,94 : 0.4561"
"94,12 : 0.4561"
"12,95 : 0.4205"
"95,12 : 0.4205"
"12,96 : 0.6251"
"96,12 : 0.6251"
"12,97 : 0.051"
"97,12 : 0.051"
"12,98 : 0.7816"
"98,12 : 0.7816"
"12,99 : 0.6017"
"99,12 : 0.6017"
"13,14 : 0.8628"
"14,13 : 0.8628"
"13,15 : 0.7806"
"15,13 : 0.7806"
"13,16 : 0.6586"
"16,13 : 0.6586"
"13,17 : 0.9795"
"17,13 : 0.9795"
"13,18 : 0.6576"
"18,13 : 0.6576"
"13,19 : 0.3106"
"19,13 : 0.3106"
"13,20 : 0.83"
"20,13 : 0.83"
"13,21 : 0.871"
"21,13 : 0.871"
"13,22 : 0.8968"
