x,y
0.26,0.17
0.31,0.25
0.79,0.93
0.48,0.32
0.32,0.84
0.37,0.7
0.83,0.77
0.19,0.63
0.12,0.36
0.94,0.2
0.01,0.58
0.37,0.49
0.58,0.13
0.2,0.24
0.05,0.63
0.63,0.35
0.45,0.53
0.49,0.73
0.12,0.32
0.32,0.94
0.6,0.81
0.12,0.41
0.67,0.77
0.72,0.26
0.68,0.48
0.96,0.77
0.82,0.03
0.46,0.73
0.87,0.94
0.71,0.66
0.61,0.1
0.29,0.95
0.14,0.26
0.19,0.82
0.83,0.46
0.07,0.4
0.69,0.97
0.14,0.21
0.33,0.6
0.45,0.26
0.8,0.46
0.67,0.47
0.87,0.39
0.78,0.33
0.23,0.65
0.44,0.54
1.0,0.05
0.8,0.71
0.37,0.13
0.99,0.48
0.84,0.27
0.88,0.49
0.45,0.71
0.32,0.76
0.34,0.6
0.76,0.87
0.27,0.2
0.97,0.31
0.09,0.72
0.92,0.92
0.01,0.83
0.5,0.27
0.3,0.72
0.56,0.73
0.77,0.45
0.41,0.74
0.33,0.23
0.24,0.2
0.51,0.65
0.54,0.95
0.88,0.32
0.67,0.76
0.96,0.44
0.92,0.03
0.17,0.33
0.55,0.38
0.19,0.62
0.65,0.09
0.21,0.68
0.06,0.84
0.09,0.82
0.43,0.75
0.0,0.42
0.98,0.69
0.88,0.61
0.61,0.84
0.12,0.34
0.79,0.49
0.36,0.74
0.79,0.55
0.04,0.88
0.66,0.66
0.57,0.03
0.74,0.89
0.65,0.35
0.96,0.01
0.86,0.64
0.07,0.07
0.15,0.34
0.99,0.06

Distanze
"0,1 : 0.0943"
"1,0 : 0.0943"
"0,2 : 0.9266"
"2,0 : 0.9266"
"0,3 : 0.2663"
"3,0 : 0.2663"
"0,4 : 0.6727"
"4,0 : 0.6727"
"0,5 : 0.5413"
"5,0 : 0.5413"
"0,6 : 0.8276"
"6,0 : 0.8276"
"0,7 : 0.4653"
"7,0 : 0.4653"
"0,8 : 0.236"
"8,0 : 0.236"
"0,9 : 0.6807"
"9,0 : 0.6807"
"0,10 : 0.4802"
"10,0 : 0.4802"
"0,11 : 0.3384"
"11,0 : 0.3384"
"0,12 : 0.3225"
"12,0 : 0.3225"
"0,13 : 0.0922"
"13,0 : 0.0922"
"0,14 : 0.5057"
"14,0 : 0.5057"
"0,15 : 0.4115"
"15,0 : 0.4115"
"0,16 : 0.4071"
"16,0 : 0.4071"
"0,17 : 0.6054"
"17,0 : 0.6054"
"0,18 : 0.2052"
"18,0 : 0.2052"
"0,19 : 0.7723"
"19,0 : 0.7723"
"0,20 : 0.7247"
"20,0 : 0.7247"
"0,21 : 0.2778"
"21,0 : 0.2778"
"0,22 : 0.7267"
"22,0 : 0.7267"
"0,23 : 0.4687"
"23,0 : 0.4687"
"0,24 : 0.522"
"24,0 : 0.522"
"0,25 : 0.922"
"25,0 : 0.922"
"0,26 : 0.5772"
"26,0 : 0.5772"
"0,27 : 0.5946"
"27,0 : 0.5946"
"0,28 : 0.9823"
"28,0 : 0.9823"
"0,29 : 0.6653"
"29,0 : 0.6653"
"0,30 : 0.3569"
"30,0 : 0.3569"
"0,31 : 0.7806"
"31,0 : 0.7806"
"0,32 : 0.15"
"32,0 : 0.15"
"0,33 : 0.6538"
"33,0 : 0.6538"
"0,34 : 0.6395"
"34,0 : 0.6395"
"0,35 : 0.2983"
"35,0 : 0.2983"
"0,36 : 0.9082"
"36,0 : 0.9082"
"0,37 : 0.1265"
"37,0 : 0.1265"
"0,38 : 0.4357"
"38,0 : 0.4357"
"0,39 : 0.2102"
"39,0 : 0.2102"
"0,40 : 0.6129"
"40,0 : 0.6129"
"0,41 : 0.508"
"41,0 : 0.508"
"0,42 : 0.6485"
"42,0 : 0.6485"
"0,43 : 0.5441"
"43,0 : 0.5441"
"0,44 : 0.4809"
"44,0 : 0.4809"
"0,45 : 0.4115"
"45,0 : 0.4115"
"0,46 : 0.7497"
"46,0 : 0.7497"
"0,47 : 0.7637"
"47,0 : 0.7637"
"0,48 : 0.117"
"48,0 : 0.117"
"0,49 : 0.7931"
"49,0 : 0.7931"
"0,50 : 0.5886"
"50,0 : 0.5886"
"0,51 : 0.6977"
"51,0 : 0.6977"
"0,52 : 0.5725"
"52,0 : 0.5725"
"0,53 : 0.593"
"53,0 : 0.593"
"0,54 : 0.4374"
"54,0 : 0.4374"
"0,55 : 0.8602"
"55,0 : 0.8602"
"0,56 : 0.0316"
"56,0 : 0.0316"
"0,57 : 0.7237"
"57,0 : 0.7237"
"0,58 : 0.5757"
"58,0 : 0.5757"
"0,59 : 0.999"
"59,0 : 0.999"
"0,60 : 0.7058"
"60,0 : 0.7058"
"0,61 : 0.26"
"61,0 : 0.26"
"0,62 : 0.5515"
"62,0 : 0.5515"
"0,63 : 0.6353"
"63,0 : 0.6353"
"0,64 : 0.5818"
"64,0 : 0.5818"
"0,65 : 0.5894"
"65,0 : 0.5894"
"0,66 : 0.0922"
"66,0 : 0.0922"
"0,67 : 0.0361"
"67,0 : 0.0361"
"0,68 : 0.5412"
"68,0 : 0.5412"
"0,69 : 0.8287"
"69,0 : 0.8287"
"0,70 : 0.6379"
"70,0 : 0.6379"
"0,71 : 0.7185"
"71,0 : 0.7185"
"0,72 : 0.7503"
"72,0 : 0.7503"
"0,73 : 0.6747"
"73,0 : 0.6747"
"0,74 : 0.1836"
"74,0 : 0.1836"
"0,75 : 0.3581"
"75,0 : 0.3581"
"0,76 : 0.4554"
"76,0 : 0.4554"
"0,77 : 0.3981"
"77,0 : 0.3981"
"0,78 : 0.5124"
"78,0 : 0.5124"
"0,79 : 0.6992"
"79,0 : 0.6992"
"0,80 : 0.6719"
"80,0 : 0.6719"
"0,81 : 0.6044"
"81,0 : 0.6044"
"0,82 : 0.3607"
"82,0 : 0.3607"
"0,83 : 0.8881"
"83,0 : 0.8881"
"0,84 : 0.7603"
"84,0 : 0.7603"
"0,85 : 0.7559"
"85,0 : 0.7559"
"0,86 : 0.2202"
"86,0 : 0.2202"
"0,87 : 0.6191"
"87,0 : 0.6191"
"0,88 : 0.5787"
"88,0 : 0.5787"
"0,89 : 0.6522"
"89,0 : 0.6522"
"0,90 : 0.7433"
"90,0 : 0.7433"
"0,91 : 0.6325"
"91,0 : 0.6325"
"0,92 : 0.3401"
"92,0 : 0.3401"
"0,93 : 0.8653"
"93,0 : 0.8653"
"0,94 : 0.4295"
"94,0 : 0.4295"
"0,95 : 0.7181"
"95,0 : 0.7181"
"0,96 : 0.7622"
"96,0 : 0.7622"
"0,97 : 0.2147"
"97,0 : 0.2147"
"0,98 : 0.2025"
"98,0 : 0.2025"
"0,99 : 0.7382"
"99,0 : 0.7382"
"1,2 : 0.8323"
"2,1 : 0.8323"
"1,3 : 0.1838"
"3,1 : 0.1838"
"1,4 : 0.5901"
"4,1 : 0.5901"
"1,5 : 0.454"
"5,1 : 0.454"
"1,6 : 0.7354"
"6,1 : 0.7354"
"1,7 : 0.3985"
"7,1 : 0.3985"
"1,8 : 0.2195"
"8,1 : 0.2195"
"1,9 : 0.632"
"9,1 : 0.632"
"1,10 : 0.446"
"10,1 : 0.446"
"1,11 : 0.2474"
"11,1 : 0.2474"
"1,12 : 0.2955"
"12,1 : 0.2955"
"1,13 : 0.1105"
"13,1 : 0.1105"
"1,14 : 0.4604"
"14,1 : 0.4604"
"1,15 : 0.3353"
"15,1 : 0.3353"
"1,16 : 0.313"
"16,1 : 0.313"
"1,17 : 0.5126"
"17,1 : 0.5126"
"1,18 : 0.2025"
"18,1 : 0.2025"
"1,19 : 0.6901"
"19,1 : 0.6901"
"1,20 : 0.6306"
"20,1 : 0.6306"
"1,21 : 0.2484"
"21,1 : 0.2484"
"1,22 : 0.6325"
"22,1 : 0.6325"
"1,23 : 0.4101"
"23,1 : 0.4101"
"1,24 : 0.4357"
"24,1 : 0.4357"
"1,25 : 0.8324"
"25,1 : 0.8324"
"1,26 : 0.5554"
"26,1 : 0.5554"
"1,27 : 0.5029"
"27,1 : 0.5029"
"1,28 : 0.8887"
"28,1 : 0.8887"
"1,29 : 0.5728"
"29,1 : 0.5728"
"1,30 : 0.3354"
"30,1 : 0.3354"
"1,31 : 0.7003"
"31,1 : 0.7003"
"1,32 : 0.1703"
"32,1 : 0.1703"
"1,33 : 0.5825"
"33,1 : 0.5825"
"1,34 : 0.5608"
"34,1 : 0.5608"
"1,35 : 0.283"
"35,1 : 0.283"
"1,36 : 0.8141"
"36,1 : 0.8141"
"1,37 : 0.1746"
"37,1 : 0.1746"
"1,38 : 0.3506"
"38,1 : 0.3506"
"1,39 : 0.1404"
"39,1 : 0.1404"
"1,40 : 0.5331"
"40,1 : 0.5331"
"1,41 : 0.4219"
"41,1 : 0.4219"
"1,42 : 0.5772"
"42,1 : 0.5772"
"1,43 : 0.4768"
"43,1 : 0.4768"
"1,44 : 0.4079"
"44,1 : 0.4079"
"1,45 : 0.3178"
"45,1 : 0.3178"
"1,46 : 0.7184"
"46,1 : 0.7184"
"1,47 : 0.6721"
"47,1 : 0.6721"
"1,48 : 0.1342"
"48,1 : 0.1342"
"1,49 : 0.7178"
"49,1 : 0.7178"
"1,50 : 0.5304"
"50,1 : 0.5304"
"1,51 : 0.6185"
"51,1 : 0.6185"
"1,52 : 0.4808"
"52,1 : 0.4808"
"1,53 : 0.5101"
"53,1 : 0.5101"
"1,54 : 0.3513"
"54,1 : 0.3513"
"1,55 : 0.7661"
"55,1 : 0.7661"
"1,56 : 0.064"
"56,1 : 0.064"
"1,57 : 0.6627"
"57,1 : 0.6627"
"1,58 : 0.5189"
"58,1 : 0.5189"
"1,59 : 0.9061"
"59,1 : 0.9061"
"1,60 : 0.653"
"60,1 : 0.653"
"1,61 : 0.191"
"61,1 : 0.191"
"1,62 : 0.4701"
"62,1 : 0.4701"
"1,63 : 0.5412"
"63,1 : 0.5412"
"1,64 : 0.5016"
"64,1 : 0.5016"
"1,65 : 0.5001"
"65,1 : 0.5001"
"1,66 : 0.0283"
"66,1 : 0.0283"
"1,67 : 0.086"
"67,1 : 0.086"
"1,68 : 0.4472"
"68,1 : 0.4472"
"1,69 : 0.7368"
"69,1 : 0.7368"
"1,70 : 0.5743"
"70,1 : 0.5743"
"1,71 : 0.6243"
"71,1 : 0.6243"
"1,72 : 0.6772"
"72,1 : 0.6772"
"1,73 : 0.6485"
"73,1 : 0.6485"
"1,74 : 0.1612"
"74,1 : 0.1612"
"1,75 : 0.2729"
"75,1 : 0.2729"
"1,76 : 0.389"
"76,1 : 0.389"
"1,77 : 0.3758"
"77,1 : 0.3758"
"1,78 : 0.4415"
"78,1 : 0.4415"
"1,79 : 0.6408"
"79,1 : 0.6408"
"1,80 : 0.611"
"80,1 : 0.611"
"1,81 : 0.5142"
"81,1 : 0.5142"
"1,82 : 0.3536"
"82,1 : 0.3536"
"1,83 : 0.8016"
"83,1 : 0.8016"
"1,84 : 0.6742"
"84,1 : 0.6742"
"1,85 : 0.6619"
"85,1 : 0.6619"
"1,86 : 0.2102"
"86,1 : 0.2102"
"1,87 : 0.5367"
"87,1 : 0.5367"
"1,88 : 0.4925"
"88,1 : 0.4925"
"1,89 : 0.566"
"89,1 : 0.566"
"1,90 : 0.6854"
"90,1 : 0.6854"
"1,91 : 0.5391"
"91,1 : 0.5391"
"1,92 : 0.3406"
"92,1 : 0.3406"
"1,93 : 0.771"
"93,1 : 0.771"
"1,94 : 0.3544"
"94,1 : 0.3544"
"1,95 : 0.6929"
"95,1 : 0.6929"
"1,96 : 0.6742"
"96,1 : 0.6742"
"1,97 : 0.3"
"97,1 : 0.3"
"1,98 : 0.1836"
"98,1 : 0.1836"
"1,99 : 0.706"
"99,1 : 0.706"
"2,3 : 0.6843"
"3,2 : 0.6843"
"2,4 : 0.4785"
"4,2 : 0.4785"
"2,5 : 0.4789"
"5,2 : 0.4789"
"2,6 : 0.1649"
"6,2 : 0.1649"
"2,7 : 0.6708"
"7,2 : 0.6708"
"2,8 : 0.8797"
"8,2 : 0.8797"
"2,9 : 0.7453"
"9,2 : 0.7453"
"2,10 : 0.8549"
"10,2 : 0.8549"
"2,11 : 0.6083"
"11,2 : 0.6083"
"2,12 : 0.8271"
"12,2 : 0.8271"
"2,13 : 0.9079"
"13,2 : 0.9079"
"2,14 : 0.7985"
"14,2 : 0.7985"
"2,15 : 0.6017"
"15,2 : 0.6017"
"2,16 : 0.525"
"16,2 : 0.525"
"2,17 : 0.3606"
"17,2 : 0.3606"
"2,18 : 0.9061"
"18,2 : 0.9061"
"2,19 : 0.4701"
"19,2 : 0.4701"
"2,20 : 0.2247"
"20,2 : 0.2247"
"2,21 : 0.8481"
"21,2 : 0.8481"
"2,22 : 0.2"
"22,2 : 0.2"
"2,23 : 0.6736"
"23,2 : 0.6736"
"2,24 : 0.4632"
"24,2 : 0.4632"
"2,25 : 0.2335"
"25,2 : 0.2335"
"2,26 : 0.9005"
"26,2 : 0.9005"
"2,27 : 0.3859"
"27,2 : 0.3859"
"2,28 : 0.0806"
"28,2 : 0.0806"
"2,29 : 0.2816"
"29,2 : 0.2816"
"2,30 : 0.8493"
"30,2 : 0.8493"
"2,31 : 0.5004"
"31,2 : 0.5004"
"2,32 : 0.9335"
"32,2 : 0.9335"
"2,33 : 0.61"
"33,2 : 0.61"
"2,34 : 0.4717"
"34,2 : 0.4717"
"2,35 : 0.894"
"35,2 : 0.894"
"2,36 : 0.1077"
"36,2 : 0.1077"
"2,37 : 0.97"
"37,2 : 0.97"
"2,38 : 0.5661"
"38,2 : 0.5661"
"2,39 : 0.7513"
"39,2 : 0.7513"
"2,40 : 0.4701"
"40,2 : 0.4701"
"2,41 : 0.4754"
"41,2 : 0.4754"
"2,42 : 0.5459"
"42,2 : 0.5459"
"2,43 : 0.6001"
"43,2 : 0.6001"
"2,44 : 0.6261"
"44,2 : 0.6261"
"2,45 : 0.524"
"45,2 : 0.524"
"2,46 : 0.9047"
"46,2 : 0.9047"
"2,47 : 0.2202"
"47,2 : 0.2202"
"2,48 : 0.9035"
"48,2 : 0.9035"
"2,49 : 0.4924"
"49,2 : 0.4924"
"2,50 : 0.6619"
"50,2 : 0.6619"
"2,51 : 0.4491"
"51,2 : 0.4491"
"2,52 : 0.405"
"52,2 : 0.405"
"2,53 : 0.4998"
"53,2 : 0.4998"
"2,54 : 0.558"
"54,2 : 0.558"
"2,55 : 0.0671"
"55,2 : 0.0671"
"2,56 : 0.8963"
"56,2 : 0.8963"
"2,57 : 0.6456"
"57,2 : 0.6456"
"2,58 : 0.7308"
"58,2 : 0.7308"
"2,59 : 0.1304"
"59,2 : 0.1304"
"2,60 : 0.7864"
"60,2 : 0.7864"
"2,61 : 0.7209"
"61,2 : 0.7209"
"2,62 : 0.5331"
"62,2 : 0.5331"
"2,63 : 0.3048"
"63,2 : 0.3048"
"2,64 : 0.4804"
"64,2 : 0.4804"
"2,65 : 0.4249"
"65,2 : 0.4249"
"2,66 : 0.8376"
"66,2 : 0.8376"
"2,67 : 0.914"
"67,2 : 0.914"
"2,68 : 0.396"
"68,2 : 0.396"
"2,69 : 0.2508"
"69,2 : 0.2508"
"2,70 : 0.6166"
"70,2 : 0.6166"
"2,71 : 0.2081"
"71,2 : 0.2081"
"2,72 : 0.5187"
"72,2 : 0.5187"
"2,73 : 0.9093"
"73,2 : 0.9093"
"2,74 : 0.8628"
"74,2 : 0.8628"
"2,75 : 0.6001"
"75,2 : 0.6001"
"2,76 : 0.6754"
"76,2 : 0.6754"
"2,77 : 0.8516"
"77,2 : 0.8516"
"2,78 : 0.6316"
"78,2 : 0.6316"
"2,79 : 0.7355"
"79,2 : 0.7355"
"2,80 : 0.7086"
"80,2 : 0.7086"
"2,81 : 0.4025"
"81,2 : 0.4025"
"2,82 : 0.9403"
"82,2 : 0.9403"
"2,83 : 0.3061"
"83,2 : 0.3061"
"2,84 : 0.3324"
"84,2 : 0.3324"
"2,85 : 0.2012"
"85,2 : 0.2012"
"2,86 : 0.8927"
"86,2 : 0.8927"
"2,87 : 0.44"
"87,2 : 0.44"
"2,88 : 0.4701"
"88,2 : 0.4701"
"2,89 : 0.38"
"89,2 : 0.38"
"2,90 : 0.7517"
"90,2 : 0.7517"
"2,91 : 0.2997"
"91,2 : 0.2997"
"2,92 : 0.9265"
"92,2 : 0.9265"
"2,93 : 0.064"
"93,2 : 0.064"
"2,94 : 0.5967"
"94,2 : 0.5967"
"2,95 : 0.9356"
"95,2 : 0.9356"
"2,96 : 0.2983"
"96,2 : 0.2983"
"2,97 : 1.1216"
"97,2 : 1.1216"
"2,98 : 0.8705"
"98,2 : 0.8705"
"2,99 : 0.8927"
"99,2 : 0.8927"
"3,4 : 0.5441"
"4,3 : 0.5441"
"3,5 : 0.3956"
"5,3 : 0.3956"
"3,6 : 0.5701"
"6,3 : 0.5701"
"3,7 : 0.4245"
"7,3 : 0.4245"
"3,8 : 0.3622"
"8,3 : 0.3622"
"3,9 : 0.4754"
"9,3 : 0.4754"
"3,10 : 0.5371"
"10,3 : 0.5371"
"3,11 : 0.2025"
"11,3 : 0.2025"
"3,12 : 0.2147"
"12,3 : 0.2147"
"3,13 : 0.2912"
"13,3 : 0.2912"
"3,14 : 0.5301"
"14,3 : 0.5301"
"3,15 : 0.153"
"15,3 : 0.153"
"3,16 : 0.2121"
"16,3 : 0.2121"
"3,17 : 0.4101"
"17,3 : 0.4101"
"3,18 : 0.36"
"18,3 : 0.36"
"3,19 : 0.6403"
"19,3 : 0.6403"
"3,20 : 0.5045"
"20,3 : 0.5045"
"3,21 : 0.3711"
"21,3 : 0.3711"
"3,22 : 0.4885"
"22,3 : 0.4885"
"3,23 : 0.2474"
"23,3 : 0.2474"
"3,24 : 0.2561"
"24,3 : 0.2561"
"3,25 : 0.658"
"25,3 : 0.658"
"3,26 : 0.4469"
"26,3 : 0.4469"
"3,27 : 0.4105"
"27,3 : 0.4105"
"3,28 : 0.7325"
"28,3 : 0.7325"
"3,29 : 0.4105"
"29,3 : 0.4105"
"3,30 : 0.2555"
"30,3 : 0.2555"
"3,31 : 0.658"
"31,3 : 0.658"
"3,32 : 0.3453"
"32,3 : 0.3453"
"3,33 : 0.578"
"33,3 : 0.578"
"3,34 : 0.377"
"34,3 : 0.377"
"3,35 : 0.4177"
"35,3 : 0.4177"
"3,36 : 0.6831"
"36,3 : 0.6831"
"3,37 : 0.3574"
"37,3 : 0.3574"
"3,38 : 0.3176"
"38,3 : 0.3176"
"3,39 : 0.0671"
"39,3 : 0.0671"
"3,40 : 0.3493"
"40,3 : 0.3493"
"3,41 : 0.2421"
"41,3 : 0.2421"
"3,42 : 0.3962"
"42,3 : 0.3962"
"3,43 : 0.3002"
"43,3 : 0.3002"
"3,44 : 0.414"
"44,3 : 0.414"
"3,45 : 0.2236"
"45,3 : 0.2236"
"3,46 : 0.5859"
"46,3 : 0.5859"
"3,47 : 0.5045"
"47,3 : 0.5045"
"3,48 : 0.2195"
"48,3 : 0.2195"
"3,49 : 0.5345"
"49,3 : 0.5345"
"3,50 : 0.3635"
"50,3 : 0.3635"
"3,51 : 0.4346"
"51,3 : 0.4346"
"3,52 : 0.3912"
"52,3 : 0.3912"
"3,53 : 0.4682"
"53,3 : 0.4682"
"3,54 : 0.313"
"54,3 : 0.313"
"3,55 : 0.6172"
"55,3 : 0.6172"
"3,56 : 0.2419"
"56,3 : 0.2419"
"3,57 : 0.4901"
"57,3 : 0.4901"
"3,58 : 0.5587"
"58,3 : 0.5587"
"3,59 : 0.744"
"59,3 : 0.744"
"3,60 : 0.6935"
"60,3 : 0.6935"
"3,61 : 0.0539"
"61,3 : 0.0539"
"3,62 : 0.4386"
"62,3 : 0.4386"
"3,63 : 0.4177"
"63,3 : 0.4177"
"3,64 : 0.3178"
"64,3 : 0.3178"
"3,65 : 0.4258"
"65,3 : 0.4258"
"3,66 : 0.1749"
"66,3 : 0.1749"
"3,67 : 0.2683"
"67,3 : 0.2683"
"3,68 : 0.3314"
"68,3 : 0.3314"
"3,69 : 0.6329"
"69,3 : 0.6329"
"3,70 : 0.4"
"70,3 : 0.4"
"3,71 : 0.4793"
"71,3 : 0.4793"
"3,72 : 0.4948"
"72,3 : 0.4948"
"3,73 : 0.527"
"73,3 : 0.527"
"3,74 : 0.3102"
"74,3 : 0.3102"
"3,75 : 0.0922"
"75,3 : 0.0922"
"3,76 : 0.4173"
"76,3 : 0.4173"
"3,77 : 0.286"
"77,3 : 0.286"
"3,78 : 0.45"
"78,3 : 0.45"
"3,79 : 0.6684"
"79,3 : 0.6684"
"3,80 : 0.6341"
"80,3 : 0.6341"
"3,81 : 0.4329"
"81,3 : 0.4329"
"3,82 : 0.4903"
"82,3 : 0.4903"
"3,83 : 0.622"
"83,3 : 0.622"
"3,84 : 0.4941"
"84,3 : 0.4941"
"3,85 : 0.536"
"85,3 : 0.536"
"3,86 : 0.3606"
"86,3 : 0.3606"
"3,87 : 0.3536"
"87,3 : 0.3536"
"3,88 : 0.4368"
"88,3 : 0.4368"
"3,89 : 0.386"
"89,3 : 0.386"
"3,90 : 0.7122"
"90,3 : 0.7122"
"3,91 : 0.3847"
"91,3 : 0.3847"
"3,92 : 0.3036"
"92,3 : 0.3036"
"3,93 : 0.6265"
"93,3 : 0.6265"
"3,94 : 0.1726"
"94,3 : 0.1726"
"3,95 : 0.5714"
"95,3 : 0.5714"
"3,96 : 0.4968"
"96,3 : 0.4968"
"3,97 : 0.4802"
"97,3 : 0.4802"
"3,98 : 0.3306"
"98,3 : 0.3306"
"3,99 : 0.5725"
"99,3 : 0.5725"
"4,5 : 0.1487"
"5,4 : 0.1487"
"4,6 : 0.5148"
"6,4 : 0.5148"
"4,7 : 0.247"
"7,4 : 0.247"
"4,8 : 0.52"
"8,4 : 0.52"
"4,9 : 0.8911"
"9,4 : 0.8911"
"4,10 : 0.4046"
"10,4 : 0.4046"
"4,11 : 0.3536"
"11,4 : 0.3536"
"4,12 : 0.7561"
"12,4 : 0.7561"
"4,13 : 0.6119"
"13,4 : 0.6119"
"4,14 : 0.3421"
"14,4 : 0.3421"
"4,15 : 0.5798"
"15,4 : 0.5798"
"4,16 : 0.3362"
"16,4 : 0.3362"
"4,17 : 0.2025"
"17,4 : 0.2025"
"4,18 : 0.5571"
"18,4 : 0.5571"
"4,19 : 0.1"
"19,4 : 0.1"
"4,20 : 0.2816"
"20,4 : 0.2816"
"4,21 : 0.4742"
"21,4 : 0.4742"
"4,22 : 0.3569"
"22,4 : 0.3569"
"4,23 : 0.7046"
"23,4 : 0.7046"
"4,24 : 0.5091"
"24,4 : 0.5091"
"4,25 : 0.6438"
"25,4 : 0.6438"
"4,26 : 0.9519"
"26,4 : 0.9519"
"4,27 : 0.178"
"27,4 : 0.178"
"4,28 : 0.559"
"28,4 : 0.559"
"4,29 : 0.4295"
"29,4 : 0.4295"
"4,30 : 0.7948"
"30,4 : 0.7948"
"4,31 : 0.114"
"31,4 : 0.114"
"4,32 : 0.6073"
"32,4 : 0.6073"
"4,33 : 0.1315"
"33,4 : 0.1315"
"4,34 : 0.636"
"34,4 : 0.636"
"4,35 : 0.5061"
"35,4 : 0.5061"
"4,36 : 0.3922"
"36,4 : 0.3922"
"4,37 : 0.6552"
"37,4 : 0.6552"
"4,38 : 0.2402"
"38,4 : 0.2402"
"4,39 : 0.5944"
"39,4 : 0.5944"
"4,40 : 0.6122"
"40,4 : 0.6122"
"4,41 : 0.5093"
"41,4 : 0.5093"
"4,42 : 0.7106"
"42,4 : 0.7106"
"4,43 : 0.6868"
"43,4 : 0.6868"
"4,44 : 0.2102"
"44,4 : 0.2102"
"4,45 : 0.3231"
"45,4 : 0.3231"
"4,46 : 1.0424"
"46,4 : 1.0424"
"4,47 : 0.4973"
"47,4 : 0.4973"
"4,48 : 0.7118"
"48,4 : 0.7118"
"4,49 : 0.7606"
"49,4 : 0.7606"
"4,50 : 0.7716"
"50,4 : 0.7716"
"4,51 : 0.6604"
"51,4 : 0.6604"
"4,52 : 0.1838"
"52,4 : 0.1838"
"4,53 : 0.08"
"53,4 : 0.08"
"4,54 : 0.2408"
"54,4 : 0.2408"
"4,55 : 0.441"
"55,4 : 0.441"
"4,56 : 0.642"
"56,4 : 0.642"
"4,57 : 0.8387"
"57,4 : 0.8387"
"4,58 : 0.2594"
"58,4 : 0.2594"
"4,59 : 0.6053"
"59,4 : 0.6053"
"4,60 : 0.3102"
"60,4 : 0.3102"
"4,61 : 0.5977"
"61,4 : 0.5977"
"4,62 : 0.1217"
"62,4 : 0.1217"
"4,63 : 0.264"
"63,4 : 0.264"
"4,64 : 0.5955"
"64,4 : 0.5955"
"4,65 : 0.1345"
"65,4 : 0.1345"
"4,66 : 0.6101"
"66,4 : 0.6101"
"4,67 : 0.645"
"67,4 : 0.645"
"4,68 : 0.2687"
"68,4 : 0.2687"
"4,69 : 0.246"
"69,4 : 0.246"
"4,70 : 0.7642"
"70,4 : 0.7642"
"4,71 : 0.359"
"71,4 : 0.359"
"4,72 : 0.7547"
"72,4 : 0.7547"
"4,73 : 1.008"
"73,4 : 1.008"
"4,74 : 0.5316"
"74,4 : 0.5316"
"4,75 : 0.5143"
"75,4 : 0.5143"
"4,76 : 0.2555"
"76,4 : 0.2555"
"4,77 : 0.8194"
"77,4 : 0.8194"
"4,78 : 0.1942"
"78,4 : 0.1942"
"4,79 : 0.26"
"79,4 : 0.26"
"4,80 : 0.2309"
"80,4 : 0.2309"
"4,81 : 0.1421"
"81,4 : 0.1421"
"4,82 : 0.528"
"82,4 : 0.528"
"4,83 : 0.6768"
"83,4 : 0.6768"
"4,84 : 0.6054"
"84,4 : 0.6054"
"4,85 : 0.29"
"85,4 : 0.29"
"4,86 : 0.5385"
"86,4 : 0.5385"
"4,87 : 0.586"
"87,4 : 0.586"
"4,88 : 0.1077"
"88,4 : 0.1077"
"4,89 : 0.5523"
"89,4 : 0.5523"
"4,90 : 0.2828"
"90,4 : 0.2828"
"4,91 : 0.3847"
"91,4 : 0.3847"
"4,92 : 0.8477"
"92,4 : 0.8477"
"4,93 : 0.423"
"93,4 : 0.423"
"4,94 : 0.5908"
"94,4 : 0.5908"
"4,95 : 1.0481"
"95,4 : 1.0481"
"4,96 : 0.5758"
"96,4 : 0.5758"
"4,97 : 0.8096"
"97,4 : 0.8096"
"4,98 : 0.5281"
"98,4 : 0.5281"
"4,99 : 1.0283"
"99,4 : 1.0283"
"5,6 : 0.4653"
"6,5 : 0.4653"
"5,7 : 0.1931"
"7,5 : 0.1931"
"5,8 : 0.422"
"8,5 : 0.422"
"5,9 : 0.7582"
"9,5 : 0.7582"
"5,10 : 0.3795"
"10,5 : 0.3795"
"5,11 : 0.21"
"11,5 : 0.21"
"5,12 : 0.6075"
"12,5 : 0.6075"
"5,13 : 0.4904"
"13,5 : 0.4904"
"5,14 : 0.3276"
"14,5 : 0.3276"
"5,15 : 0.436"
"15,5 : 0.436"
"5,16 : 0.1879"
"16,5 : 0.1879"
"5,17 : 0.1237"
"17,5 : 0.1237"
"5,18 : 0.4549"
"18,5 : 0.4549"
"5,19 : 0.2452"
"19,5 : 0.2452"
"5,20 : 0.255"
"20,5 : 0.255"
"5,21 : 0.3829"
"21,5 : 0.3829"
"5,22 : 0.3081"
"22,5 : 0.3081"
"5,23 : 0.5622"
"23,5 : 0.5622"
"5,24 : 0.3801"
"24,5 : 0.3801"
"5,25 : 0.5941"
"25,5 : 0.5941"
"5,26 : 0.8071"
"26,5 : 0.8071"
"5,27 : 0.0949"
"27,5 : 0.0949"
"5,28 : 0.5546"
"28,5 : 0.5546"
"5,29 : 0.3423"
"29,5 : 0.3423"
"5,30 : 0.6462"
"30,5 : 0.6462"
"5,31 : 0.2625"
"31,5 : 0.2625"
"5,32 : 0.4965"
"32,5 : 0.4965"
"5,33 : 0.2163"
"33,5 : 0.2163"
"5,34 : 0.5188"
"34,5 : 0.5188"
"5,35 : 0.4243"
"35,5 : 0.4243"
"5,36 : 0.4187"
"36,5 : 0.4187"
"5,37 : 0.5413"
"37,5 : 0.5413"
"5,38 : 0.1077"
"38,5 : 0.1077"
"5,39 : 0.4472"
"39,5 : 0.4472"
"5,40 : 0.4924"
"40,5 : 0.4924"
"5,41 : 0.378"
"41,5 : 0.378"
"5,42 : 0.5883"
"42,5 : 0.5883"
"5,43 : 0.5523"
"43,5 : 0.5523"
"5,44 : 0.1487"
"44,5 : 0.1487"
"5,45 : 0.1746"
"45,5 : 0.1746"
"5,46 : 0.9052"
"46,5 : 0.9052"
"5,47 : 0.4301"
"47,5 : 0.4301"
"5,48 : 0.57"
"48,5 : 0.57"
"5,49 : 0.6579"
"49,5 : 0.6579"
"5,50 : 0.637"
"50,5 : 0.637"
"5,51 : 0.5515"
"51,5 : 0.5515"
"5,52 : 0.0806"
"52,5 : 0.0806"
"5,53 : 0.0781"
"53,5 : 0.0781"
"5,54 : 0.1044"
"54,5 : 0.1044"
"5,55 : 0.4254"
"55,5 : 0.4254"
"5,56 : 0.5099"
"56,5 : 0.5099"
"5,57 : 0.7156"
"57,5 : 0.7156"
"5,58 : 0.2807"
"58,5 : 0.2807"
"5,59 : 0.5924"
"59,5 : 0.5924"
"5,60 : 0.3828"
"60,5 : 0.3828"
"5,61 : 0.4492"
"61,5 : 0.4492"
"5,62 : 0.0728"
"62,5 : 0.0728"
"5,63 : 0.1924"
"63,5 : 0.1924"
"5,64 : 0.4717"
"64,5 : 0.4717"
"5,65 : 0.0566"
"65,5 : 0.0566"
"5,66 : 0.4717"
"66,5 : 0.4717"
"5,67 : 0.5166"
"67,5 : 0.5166"
"5,68 : 0.1487"
"68,5 : 0.1487"
"5,69 : 0.3023"
"69,5 : 0.3023"
"5,70 : 0.636"
"70,5 : 0.636"
"5,71 : 0.3059"
"71,5 : 0.3059"
"5,72 : 0.6447"
"72,5 : 0.6447"
"5,73 : 0.8668"
"73,5 : 0.8668"
"5,74 : 0.4206"
"74,5 : 0.4206"
"5,75 : 0.3672"
"75,5 : 0.3672"
"5,76 : 0.197"
"76,5 : 0.197"
"5,77 : 0.6712"
"77,5 : 0.6712"
"5,78 : 0.1612"
"78,5 : 0.1612"
"5,79 : 0.3401"
"79,5 : 0.3401"
"5,80 : 0.3046"
"80,5 : 0.3046"
"5,81 : 0.0781"
"81,5 : 0.0781"
"5,82 : 0.464"
"82,5 : 0.464"
"5,83 : 0.6101"
"83,5 : 0.6101"
"5,84 : 0.5179"
"84,5 : 0.5179"
"5,85 : 0.2778"
"85,5 : 0.2778"
"5,86 : 0.4383"
"86,5 : 0.4383"
"5,87 : 0.4696"
"87,5 : 0.4696"
"5,88 : 0.0412"
"88,5 : 0.0412"
"5,89 : 0.446"
"89,5 : 0.446"
"5,90 : 0.3759"
"90,5 : 0.3759"
"5,91 : 0.2927"
"91,5 : 0.2927"
"5,92 : 0.6992"
"92,5 : 0.6992"
"5,93 : 0.4159"
"93,5 : 0.4159"
"5,94 : 0.4482"
"94,5 : 0.4482"
"5,95 : 0.9079"
"95,5 : 0.9079"
"5,96 : 0.4937"
"96,5 : 0.4937"
"5,97 : 0.6978"
"97,5 : 0.6978"
"5,98 : 0.4219"
"98,5 : 0.4219"
"5,99 : 0.8911"
"99,5 : 0.8911"
"6,7 : 0.6551"
"7,6 : 0.6551"
"6,8 : 0.8199"
"8,6 : 0.8199"
"6,9 : 0.5805"
"9,6 : 0.5805"
"6,10 : 0.8417"
"10,6 : 0.8417"
"6,11 : 0.5385"
"11,6 : 0.5385"
"6,12 : 0.6871"
"12,6 : 0.6871"
"6,13 : 0.8233"
"13,6 : 0.8233"
"6,14 : 0.7925"
"14,6 : 0.7925"
"6,15 : 0.4652"
"15,6 : 0.4652"
"6,16 : 0.4494"
"16,6 : 0.4494"
"6,17 : 0.3423"
"17,6 : 0.3423"
"6,18 : 0.8406"
"18,6 : 0.8406"
"6,19 : 0.5376"
"19,6 : 0.5376"
"6,20 : 0.2335"
"20,6 : 0.2335"
"6,21 : 0.7961"
"21,6 : 0.7961"
"6,22 : 0.16"
"22,6 : 0.16"
"6,23 : 0.5217"
"23,6 : 0.5217"
"6,24 : 0.3265"
"24,6 : 0.3265"
"6,25 : 0.13"
"25,6 : 0.13"
"6,26 : 0.7401"
"26,6 : 0.7401"
"6,27 : 0.3722"
"27,6 : 0.3722"
"6,28 : 0.1746"
"28,6 : 0.1746"
"6,29 : 0.1628"
"29,6 : 0.1628"
"6,30 : 0.7052"
"30,6 : 0.7052"
"6,31 : 0.5692"
"31,6 : 0.5692"
"6,32 : 0.858"
"32,6 : 0.858"
"6,33 : 0.642"
"33,6 : 0.642"
"6,34 : 0.31"
"34,6 : 0.31"
"6,35 : 0.8453"
"35,6 : 0.8453"
"6,36 : 0.2441"
"36,6 : 0.2441"
"6,37 : 0.8887"
"37,6 : 0.8887"
"6,38 : 0.5281"
"38,6 : 0.5281"
"6,39 : 0.636"
"39,6 : 0.636"
"6,40 : 0.3114"
"40,6 : 0.3114"
"6,41 : 0.34"
"41,6 : 0.34"
"6,42 : 0.3821"
"42,6 : 0.3821"
"6,43 : 0.4428"
"43,6 : 0.4428"
"6,44 : 0.6119"
"44,6 : 0.6119"
"6,45 : 0.4528"
"45,6 : 0.4528"
"6,46 : 0.7398"
"46,6 : 0.7398"
"6,47 : 0.0671"
"47,6 : 0.0671"
"6,48 : 0.7882"
"48,6 : 0.7882"
"6,49 : 0.3312"
"49,6 : 0.3312"
"6,50 : 0.5001"
"50,6 : 0.5001"
"6,51 : 0.2844"
"51,6 : 0.2844"
"6,52 : 0.3847"
"52,6 : 0.3847"
"6,53 : 0.5101"
"53,6 : 0.5101"
"6,54 : 0.5187"
"54,6 : 0.5187"
"6,55 : 0.1221"
"55,6 : 0.1221"
"6,56 : 0.7991"
"56,6 : 0.7991"
"6,57 : 0.4808"
"57,6 : 0.4808"
"6,58 : 0.7417"
"58,6 : 0.7417"
"6,59 : 0.1749"
"59,6 : 0.1749"
"6,60 : 0.8222"
"60,6 : 0.8222"
"6,61 : 0.5991"
"61,6 : 0.5991"
"6,62 : 0.5324"
"62,6 : 0.5324"
"6,63 : 0.2729"
"63,6 : 0.2729"
"6,64 : 0.3256"
"64,6 : 0.3256"
"6,65 : 0.4211"
"65,6 : 0.4211"
"6,66 : 0.7359"
"66,6 : 0.7359"
"6,67 : 0.8204"
"67,6 : 0.8204"
"6,68 : 0.3418"
"68,6 : 0.3418"
"6,69 : 0.3413"
"69,6 : 0.3413"
"6,70 : 0.4528"
"70,6 : 0.4528"
"6,71 : 0.1603"
"71,6 : 0.1603"
"6,72 : 0.3547"
"72,6 : 0.3547"
"6,73 : 0.7455"
"73,6 : 0.7455"
"6,74 : 0.7932"
"74,6 : 0.7932"
"6,75 : 0.4801"
"75,6 : 0.4801"
"6,76 : 0.6573"
"76,6 : 0.6573"
"6,77 : 0.7034"
"77,6 : 0.7034"
"6,78 : 0.6265"
"78,6 : 0.6265"
"6,79 : 0.7732"
"79,6 : 0.7732"
"6,80 : 0.7417"
"80,6 : 0.7417"
"6,81 : 0.4005"
"81,6 : 0.4005"
"6,82 : 0.9008"
"82,6 : 0.9008"
"6,83 : 0.17"
"83,6 : 0.17"
"6,84 : 0.1676"
"84,6 : 0.1676"
"6,85 : 0.2309"
"85,6 : 0.2309"
"6,86 : 0.8301"
"86,6 : 0.8301"
"6,87 : 0.2828"
"87,6 : 0.2828"
"6,88 : 0.471"
"88,6 : 0.471"
"6,89 : 0.2236"
"89,6 : 0.2236"
"6,90 : 0.7976"
"90,6 : 0.7976"
"6,91 : 0.2025"
"91,6 : 0.2025"
"6,92 : 0.7843"
"92,6 : 0.7843"
"6,93 : 0.15"
"93,6 : 0.15"
"6,94 : 0.4569"
"94,6 : 0.4569"
"6,95 : 0.771"
"95,6 : 0.771"
"6,96 : 0.1334"
"96,6 : 0.1334"
"6,97 : 1.0332"
"97,6 : 1.0332"
"6,98 : 0.8045"
"98,6 : 0.8045"
"6,99 : 0.7278"
"99,6 : 0.7278"
"7,8 : 0.2789"
"8,7 : 0.2789"
"7,9 : 0.8645"
"9,7 : 0.8645"
"7,10 : 0.1868"
"10,7 : 0.1868"
"7,11 : 0.228"
"11,7 : 0.228"
"7,12 : 0.6341"
"12,7 : 0.6341"
"7,13 : 0.3901"
"13,7 : 0.3901"
"7,14 : 0.14"
"14,7 : 0.14"
"7,15 : 0.5215"
"15,7 : 0.5215"
"7,16 : 0.2786"
"16,7 : 0.2786"
"7,17 : 0.3162"
"17,7 : 0.3162"
"7,18 : 0.3178"
"18,7 : 0.3178"
"7,19 : 0.3362"
"19,7 : 0.3362"
"7,20 : 0.4478"
"20,7 : 0.4478"
"7,21 : 0.2309"
"21,7 : 0.2309"
"7,22 : 0.5"
"22,7 : 0.5"
"7,23 : 0.6464"
"23,7 : 0.6464"
"7,24 : 0.5124"
"24,7 : 0.5124"
"7,25 : 0.7826"
"25,7 : 0.7826"
"7,26 : 0.87"
"26,7 : 0.87"
"7,27 : 0.2879"
"27,7 : 0.2879"
"7,28 : 0.7473"
"28,7 : 0.7473"
"7,29 : 0.5209"
"29,7 : 0.5209"
"7,30 : 0.6762"
"30,7 : 0.6762"
"7,31 : 0.3353"
"31,7 : 0.3353"
"7,32 : 0.3734"
"32,7 : 0.3734"
"7,33 : 0.19"
"33,7 : 0.19"
"7,34 : 0.6622"
"34,7 : 0.6622"
"7,35 : 0.2594"
"35,7 : 0.2594"
"7,36 : 0.6046"
"36,7 : 0.6046"
"7,37 : 0.423"
"37,7 : 0.423"
"7,38 : 0.1432"
"38,7 : 0.1432"
"7,39 : 0.4522"
"39,7 : 0.4522"
"7,40 : 0.6332"
"40,7 : 0.6332"
"7,41 : 0.506"
"41,7 : 0.506"
"7,42 : 0.7211"
"42,7 : 0.7211"
"7,43 : 0.6619"
"43,7 : 0.6619"
"7,44 : 0.0447"
"44,7 : 0.0447"
"7,45 : 0.2657"
"45,7 : 0.2657"
"7,46 : 0.9962"
"46,7 : 0.9962"
"7,47 : 0.6152"
"47,7 : 0.6152"
"7,48 : 0.5314"
"48,7 : 0.5314"
"7,49 : 0.8139"
"49,7 : 0.8139"
"7,50 : 0.743"
"50,7 : 0.743"
"7,51 : 0.7041"
"51,7 : 0.7041"
"7,52 : 0.272"
"52,7 : 0.272"
"7,53 : 0.1838"
"53,7 : 0.1838"
"7,54 : 0.153"
"54,7 : 0.153"
"7,55 : 0.6185"
"55,7 : 0.6185"
"7,56 : 0.4374"
"56,7 : 0.4374"
"7,57 : 0.8431"
"57,7 : 0.8431"
"7,58 : 0.1345"
"58,7 : 0.1345"
"7,59 : 0.7855"
"59,7 : 0.7855"
"7,60 : 0.2691"
"60,7 : 0.2691"
"7,61 : 0.4751"
"61,7 : 0.4751"
"7,62 : 0.1421"
"62,7 : 0.1421"
"7,63 : 0.3833"
"63,7 : 0.3833"
"7,64 : 0.6073"
"64,7 : 0.6073"
"7,65 : 0.246"
"65,7 : 0.246"
"7,66 : 0.4238"
"66,7 : 0.4238"
"7,67 : 0.4329"
"67,7 : 0.4329"
"7,68 : 0.3206"
"68,7 : 0.3206"
"7,69 : 0.4742"
"69,7 : 0.4742"
"7,70 : 0.7564"
"70,7 : 0.7564"
"7,71 : 0.4973"
"71,7 : 0.4973"
"7,72 : 0.7931"
"72,7 : 0.7931"
"7,73 : 0.9449"
"73,7 : 0.9449"
"7,74 : 0.3007"
"74,7 : 0.3007"
"7,75 : 0.4383"
"75,7 : 0.4383"
"7,76 : 0.01"
"76,7 : 0.01"
"7,77 : 0.7094"
"77,7 : 0.7094"
"7,78 : 0.0539"
"78,7 : 0.0539"
"7,79 : 0.247"
"79,7 : 0.247"
"7,80 : 0.2147"
"80,7 : 0.2147"
"7,81 : 0.2683"
"81,7 : 0.2683"
"7,82 : 0.2832"
"82,7 : 0.2832"
"7,83 : 0.7923"
"83,7 : 0.7923"
"7,84 : 0.6903"
"84,7 : 0.6903"
"7,85 : 0.4696"
"85,7 : 0.4696"
"7,86 : 0.2983"
"86,7 : 0.2983"
"7,87 : 0.6161"
"87,7 : 0.6161"
"7,88 : 0.2025"
"88,7 : 0.2025"
"7,89 : 0.6053"
"89,7 : 0.6053"
"7,90 : 0.2915"
"90,7 : 0.2915"
"7,91 : 0.471"
"91,7 : 0.471"
"7,92 : 0.7102"
"92,7 : 0.7102"
"7,93 : 0.6084"
"93,7 : 0.6084"
"7,94 : 0.5385"
"94,7 : 0.5385"
"7,95 : 0.9886"
"95,7 : 0.9886"
"7,96 : 0.6701"
"96,7 : 0.6701"
"7,97 : 0.5727"
"97,7 : 0.5727"
"7,98 : 0.2927"
"98,7 : 0.2927"
"7,99 : 0.9823"
"99,7 : 0.9823"
"8,9 : 0.8355"
"9,8 : 0.8355"
"8,10 : 0.246"
"10,8 : 0.246"
"8,11 : 0.2818"
"11,8 : 0.2818"
"8,12 : 0.5143"
"12,8 : 0.5143"
"8,13 : 0.1442"
"13,8 : 0.1442"
"8,14 : 0.2789"
"14,8 : 0.2789"
"8,15 : 0.5101"
"15,8 : 0.5101"
"8,16 : 0.3712"
"16,8 : 0.3712"
"8,17 : 0.5233"
"17,8 : 0.5233"
"8,18 : 0.04"
"18,8 : 0.04"
"8,19 : 0.6135"
"19,8 : 0.6135"
"8,20 : 0.658"
"20,8 : 0.658"
"8,21 : 0.05"
"21,8 : 0.05"
"8,22 : 0.686"
"22,8 : 0.686"
"8,23 : 0.6083"
"23,8 : 0.6083"
"8,24 : 0.5727"
"24,8 : 0.5727"
"8,25 : 0.9347"
"25,8 : 0.9347"
"8,26 : 0.7739"
"26,8 : 0.7739"
"8,27 : 0.5025"
"27,8 : 0.5025"
"8,28 : 0.9481"
"28,8 : 0.9481"
"8,29 : 0.6619"
"29,8 : 0.6619"
"8,30 : 0.5547"
"30,8 : 0.5547"
"8,31 : 0.614"
"31,8 : 0.614"
"8,32 : 0.102"
"32,8 : 0.102"
"8,33 : 0.4653"
"33,8 : 0.4653"
"8,34 : 0.717"
"34,8 : 0.717"
"8,35 : 0.064"
"35,8 : 0.064"
"8,36 : 0.8349"
"36,8 : 0.8349"
"8,37 : 0.1513"
"37,8 : 0.1513"
"8,38 : 0.3189"
"38,8 : 0.3189"
"8,39 : 0.3448"
"39,8 : 0.3448"
"8,40 : 0.6873"
"40,8 : 0.6873"
"8,41 : 0.5609"
"41,8 : 0.5609"
"8,42 : 0.7506"
"42,8 : 0.7506"
"8,43 : 0.6607"
"43,8 : 0.6607"
"8,44 : 0.3102"
"44,8 : 0.3102"
"8,45 : 0.3672"
"45,8 : 0.3672"
"8,46 : 0.933"
"46,8 : 0.933"
"8,47 : 0.7648"
"47,8 : 0.7648"
"8,48 : 0.3397"
"48,8 : 0.3397"
"8,49 : 0.8782"
"49,8 : 0.8782"
"8,50 : 0.7256"
"50,8 : 0.7256"
"8,51 : 0.771"
"51,8 : 0.771"
"8,52 : 0.481"
"52,8 : 0.481"
"8,53 : 0.4472"
"53,8 : 0.4472"
"8,54 : 0.3256"
"54,8 : 0.3256"
"8,55 : 0.8184"
"55,8 : 0.8184"
"8,56 : 0.2193"
"56,8 : 0.2193"
"8,57 : 0.8515"
"57,8 : 0.8515"
"8,58 : 0.3612"
"58,8 : 0.3612"
"8,59 : 0.9765"
"59,8 : 0.9765"
"8,60 : 0.4827"
"60,8 : 0.4827"
"8,61 : 0.3905"
"61,8 : 0.3905"
"8,62 : 0.4025"
"62,8 : 0.4025"
"8,63 : 0.5749"
"63,8 : 0.5749"
"8,64 : 0.6562"
"64,8 : 0.6562"
"8,65 : 0.478"
"65,8 : 0.478"
"8,66 : 0.247"
"66,8 : 0.247"
"8,67 : 0.2"
"67,8 : 0.2"
"8,68 : 0.486"
"68,8 : 0.486"
"8,69 : 0.7242"
"69,8 : 0.7242"
"8,70 : 0.7611"
"70,8 : 0.7611"
"8,71 : 0.6801"
"71,8 : 0.6801"
"8,72 : 0.8438"
"72,8 : 0.8438"
"8,73 : 0.8654"
"73,8 : 0.8654"
"8,74 : 0.0583"
"74,8 : 0.0583"
"8,75 : 0.4305"
"75,8 : 0.4305"
"8,76 : 0.2693"
"76,8 : 0.2693"
"8,77 : 0.5948"
"77,8 : 0.5948"
"8,78 : 0.3324"
"78,8 : 0.3324"
"8,79 : 0.4837"
"79,8 : 0.4837"
"8,80 : 0.461"
"80,8 : 0.461"
"8,81 : 0.4982"
"81,8 : 0.4982"
"8,82 : 0.1342"
"82,8 : 0.1342"
"8,83 : 0.9211"
"83,8 : 0.9211"
"8,84 : 0.8001"
"84,8 : 0.8001"
"8,85 : 0.6859"
"85,8 : 0.6859"
"8,86 : 0.02"
"86,8 : 0.02"
"8,87 : 0.6825"
"87,8 : 0.6825"
"8,88 : 0.4494"
"88,8 : 0.4494"
"8,89 : 0.6964"
"89,8 : 0.6964"
"8,90 : 0.5261"
"90,8 : 0.5261"
"8,91 : 0.6177"
"91,8 : 0.6177"
"8,92 : 0.558"
"92,8 : 0.558"
"8,93 : 0.8157"
"93,8 : 0.8157"
"8,94 : 0.5301"
"94,8 : 0.5301"
"8,95 : 0.91"
"95,8 : 0.91"
"8,96 : 0.7912"
"96,8 : 0.7912"
"8,97 : 0.2943"
"97,8 : 0.2943"
"8,98 : 0.0361"
"98,8 : 0.0361"
"8,99 : 0.9203"
"99,8 : 0.9203"
"9,10 : 1.0046"
"10,9 : 1.0046"
"9,11 : 0.6395"
"11,9 : 0.6395"
"9,12 : 0.3667"
"12,9 : 0.3667"
"9,13 : 0.7411"
"13,9 : 0.7411"
"9,14 : 0.9884"
"14,9 : 0.9884"
"9,15 : 0.3444"
"15,9 : 0.3444"
"9,16 : 0.5908"
"16,9 : 0.5908"
"9,17 : 0.6953"
"17,9 : 0.6953"
"9,18 : 0.8287"
"18,9 : 0.8287"
"9,19 : 0.9654"
"19,9 : 0.9654"
"9,20 : 0.6984"
"20,9 : 0.6984"
"9,21 : 0.8465"
"21,9 : 0.8465"
"9,22 : 0.6307"
"22,9 : 0.6307"
"9,23 : 0.228"
"23,9 : 0.228"
"9,24 : 0.3821"
"24,9 : 0.3821"
"9,25 : 0.5704"
"25,9 : 0.5704"
"9,26 : 0.2081"
"26,9 : 0.2081"
"9,27 : 0.7151"
"27,9 : 0.7151"
"9,28 : 0.7433"
"28,9 : 0.7433"
"9,29 : 0.5143"
"29,9 : 0.5143"
"9,30 : 0.3448"
"30,9 : 0.3448"
"9,31 : 0.9925"
"31,9 : 0.9925"
"9,32 : 0.8022"
"32,9 : 0.8022"
"9,33 : 0.9731"
"33,9 : 0.9731"
"9,34 : 0.2823"
"34,9 : 0.2823"
"9,35 : 0.8927"
"35,9 : 0.8927"
"9,36 : 0.8096"
"36,9 : 0.8096"
"9,37 : 0.8001"
"37,9 : 0.8001"
"9,38 : 0.7295"
"38,9 : 0.7295"
"9,39 : 0.4937"
"39,9 : 0.4937"
"9,40 : 0.2953"
"40,9 : 0.2953"
"9,41 : 0.3818"
"41,9 : 0.3818"
"9,42 : 0.2025"
"42,9 : 0.2025"
"9,43 : 0.2062"
"43,9 : 0.2062"
"9,44 : 0.8406"
"44,9 : 0.8406"
"9,45 : 0.6046"
"45,9 : 0.6046"
"9,46 : 0.1616"
"46,9 : 0.1616"
"9,47 : 0.5289"
"47,9 : 0.5289"
"9,48 : 0.5743"
"48,9 : 0.5743"
"9,49 : 0.2844"
"49,9 : 0.2844"
"9,50 : 0.1221"
"50,9 : 0.1221"
"9,51 : 0.2961"
"51,9 : 0.2961"
"9,52 : 0.7072"
"52,9 : 0.7072"
"9,53 : 0.8355"
"53,9 : 0.8355"
"9,54 : 0.7211"
"54,9 : 0.7211"
"9,55 : 0.6938"
"55,9 : 0.6938"
"9,56 : 0.67"
"56,9 : 0.67"
"9,57 : 0.114"
"57,9 : 0.114"
"9,58 : 0.9964"
"58,9 : 0.9964"
"9,59 : 0.7203"
"59,9 : 0.7203"
"9,60 : 1.1233"
"60,9 : 1.1233"
"9,61 : 0.4455"
"61,9 : 0.4455"
"9,62 : 0.8246"
"62,9 : 0.8246"
"9,63 : 0.6522"
"63,9 : 0.6522"
"9,64 : 0.3023"
"64,9 : 0.3023"
"9,65 : 0.7566"
"65,9 : 0.7566"
"9,66 : 0.6107"
"66,9 : 0.6107"
"9,67 : 0.7"
"67,9 : 0.7"
"9,68 : 0.6224"
"68,9 : 0.6224"
"9,69 : 0.85"
"69,9 : 0.85"
"9,70 : 0.1342"
"70,9 : 0.1342"
"9,71 : 0.6217"
"71,9 : 0.6217"
"9,72 : 0.2408"
"72,9 : 0.2408"
"9,73 : 0.1712"
"73,9 : 0.1712"
"9,74 : 0.7809"
"74,9 : 0.7809"
"9,75 : 0.4295"
"75,9 : 0.4295"
"9,76 : 0.8596"
"76,9 : 0.8596"
"9,77 : 0.3102"
"77,9 : 0.3102"
"9,78 : 0.8737"
"78,9 : 0.8737"
"9,79 : 1.0881"
"79,9 : 1.0881"
"9,80 : 1.0521"
"80,9 : 1.0521"
"9,81 : 0.7501"
"81,9 : 0.7501"
"9,82 : 0.9654"
"82,9 : 0.9654"
"9,83 : 0.4916"
"83,9 : 0.4916"
"9,84 : 0.4144"
"84,9 : 0.4144"
"9,85 : 0.7201"
"85,9 : 0.7201"
"9,86 : 0.8319"
"86,9 : 0.8319"
"9,87 : 0.3265"
"87,9 : 0.3265"
"9,88 : 0.7925"
"88,9 : 0.7925"
"9,89 : 0.3808"
"89,9 : 0.3808"
"9,90 : 1.128"
"90,9 : 1.128"
"9,91 : 0.5385"
"91,9 : 0.5385"
"9,92 : 0.4072"
"92,9 : 0.4072"
"9,93 : 0.7184"
"93,9 : 0.7184"
"9,94 : 0.3265"
"94,9 : 0.3265"
"9,95 : 0.191"
"95,9 : 0.191"
"9,96 : 0.4472"
"96,9 : 0.4472"
"9,97 : 0.8797"
"97,9 : 0.8797"
"9,98 : 0.8023"
"98,9 : 0.8023"
"9,99 : 0.1487"
"99,9 : 0.1487"
"10,11 : 0.3711"
"11,10 : 0.3711"
"10,12 : 0.7262"
"12,10 : 0.7262"
"10,13 : 0.3895"
"13,10 : 0.3895"
"10,14 : 0.064"
"14,10 : 0.064"
"10,15 : 0.6613"
"15,10 : 0.6613"
"10,16 : 0.4428"
"16,10 : 0.4428"
"10,17 : 0.5029"
"17,10 : 0.5029"
"10,18 : 0.2823"
"18,10 : 0.2823"
"10,19 : 0.4751"
"19,10 : 0.4751"
"10,20 : 0.6332"
"20,10 : 0.6332"
"10,21 : 0.2025"
"21,10 : 0.2025"
"10,22 : 0.6868"
"22,10 : 0.6868"
"10,23 : 0.7788"
"23,10 : 0.7788"
"10,24 : 0.6774"
"24,10 : 0.6774"
"10,25 : 0.9688"
"25,10 : 0.9688"
"10,26 : 0.9791"
"26,10 : 0.9791"
"10,27 : 0.4743"
"27,10 : 0.4743"
"10,28 : 0.9323"
"28,10 : 0.9323"
"10,29 : 0.7046"
"29,10 : 0.7046"
"10,30 : 0.7684"
"30,10 : 0.7684"
"10,31 : 0.464"
"31,10 : 0.464"
"10,32 : 0.3454"
"32,10 : 0.3454"
"10,33 : 0.3"
"33,10 : 0.3"
"10,34 : 0.8287"
"34,10 : 0.8287"
"10,35 : 0.1897"
"35,10 : 0.1897"
"10,36 : 0.7839"
"36,10 : 0.7839"
"10,37 : 0.3922"
"37,10 : 0.3922"
"10,38 : 0.3206"
"38,10 : 0.3206"
"10,39 : 0.5441"
"39,10 : 0.5441"
"10,40 : 0.7991"
"40,10 : 0.7991"
"10,41 : 0.6691"
"41,10 : 0.6691"
"10,42 : 0.8807"
"42,10 : 0.8807"
"10,43 : 0.8096"
"43,10 : 0.8096"
"10,44 : 0.2309"
"44,10 : 0.2309"
"10,45 : 0.4319"
"45,10 : 0.4319"
"10,46 : 1.1229"
"46,10 : 1.1229"
"10,47 : 0.8006"
"47,10 : 0.8006"
"10,48 : 0.5763"
"48,10 : 0.5763"
"10,49 : 0.9851"
"49,10 : 0.9851"
"10,50 : 0.886"
"50,10 : 0.886"
"10,51 : 0.8746"
"51,10 : 0.8746"
"10,52 : 0.4588"
"52,10 : 0.4588"
"10,53 : 0.3585"
"53,10 : 0.3585"
"10,54 : 0.3306"
"54,10 : 0.3306"
"10,55 : 0.8041"
"55,10 : 0.8041"
"10,56 : 0.4604"
"56,10 : 0.4604"
"10,57 : 0.9972"
"57,10 : 0.9972"
"10,58 : 0.1612"
"58,10 : 0.1612"
"10,59 : 0.9714"
"59,10 : 0.9714"
"10,60 : 0.25"
"60,10 : 0.25"
"10,61 : 0.5798"
"61,10 : 0.5798"
"10,62 : 0.322"
"62,10 : 0.322"
"10,63 : 0.5701"
"63,10 : 0.5701"
"10,64 : 0.771"
"64,10 : 0.771"
"10,65 : 0.4308"
"65,10 : 0.4308"
"10,66 : 0.4742"
"66,10 : 0.4742"
"10,67 : 0.4442"
"67,10 : 0.4442"
"10,68 : 0.5049"
"68,10 : 0.5049"
"10,69 : 0.6464"
"69,10 : 0.6464"
"10,70 : 0.908"
"70,10 : 0.908"
"10,71 : 0.6841"
"71,10 : 0.6841"
"10,72 : 0.9603"
"72,10 : 0.9603"
"10,73 : 1.0633"
"73,10 : 1.0633"
"10,74 : 0.2968"
"74,10 : 0.2968"
"10,75 : 0.5758"
"75,10 : 0.5758"
"10,76 : 0.1844"
"76,10 : 0.1844"
"10,77 : 0.806"
"77,10 : 0.806"
"10,78 : 0.2236"
"78,10 : 0.2236"
"10,79 : 0.2648"
"79,10 : 0.2648"
"10,80 : 0.253"
"80,10 : 0.253"
"10,81 : 0.4531"
"81,10 : 0.4531"
"10,82 : 0.1603"
"82,10 : 0.1603"
"10,83 : 0.9762"
"83,10 : 0.9762"
"10,84 : 0.8705"
"84,10 : 0.8705"
"10,85 : 0.6539"
"85,10 : 0.6539"
"10,86 : 0.264"
"86,10 : 0.264"
"10,87 : 0.7852"
"87,10 : 0.7852"
"10,88 : 0.3848"
"88,10 : 0.3848"
"10,89 : 0.7806"
"89,10 : 0.7806"
"10,90 : 0.3015"
"90,10 : 0.3015"
"10,91 : 0.6549"
"91,10 : 0.6549"
"10,92 : 0.7849"
"92,10 : 0.7849"
"10,93 : 0.7931"
"93,10 : 0.7931"
"10,94 : 0.6801"
"94,10 : 0.6801"
"10,95 : 1.1079"
"95,10 : 1.1079"
"10,96 : 0.8521"
"96,10 : 0.8521"
"10,97 : 0.5135"
"97,10 : 0.5135"
"10,98 : 0.2778"
"98,10 : 0.2778"
"10,99 : 1.1094"
"99,10 : 1.1094"
"11,12 : 0.4168"
"12,11 : 0.4168"
"11,13 : 0.3023"
"13,11 : 0.3023"
"11,14 : 0.3493"
"14,11 : 0.3493"
"11,15 : 0.2953"
"15,11 : 0.2953"
"11,16 : 0.0894"
"16,11 : 0.0894"
"11,17 : 0.2683"
"17,11 : 0.2683"
"11,18 : 0.3023"
"18,11 : 0.3023"
"11,19 : 0.4528"
"19,11 : 0.4528"
"11,20 : 0.3941"
"20,11 : 0.3941"
"11,21 : 0.2625"
"21,11 : 0.2625"
"11,22 : 0.4104"
"22,11 : 0.4104"
"11,23 : 0.4188"
"23,11 : 0.4188"
"11,24 : 0.3102"
"24,11 : 0.3102"
"11,25 : 0.6531"
"25,11 : 0.6531"
"11,26 : 0.6435"
"26,11 : 0.6435"
"11,27 : 0.2563"
"27,11 : 0.2563"
"11,28 : 0.6727"
"28,11 : 0.6727"
"11,29 : 0.3801"
"29,11 : 0.3801"
"11,30 : 0.4579"
"30,11 : 0.4579"
"11,31 : 0.4669"
"31,11 : 0.4669"
"11,32 : 0.3253"
"32,11 : 0.3253"
"11,33 : 0.3759"
"33,11 : 0.3759"
"11,34 : 0.461"
"34,11 : 0.461"
"11,35 : 0.3132"
"35,11 : 0.3132"
"11,36 : 0.5769"
"36,11 : 0.5769"
"11,37 : 0.3624"
"37,11 : 0.3624"
"11,38 : 0.117"
"38,11 : 0.117"
"11,39 : 0.2435"
"39,11 : 0.2435"
"11,40 : 0.431"
"40,11 : 0.431"
"11,41 : 0.3007"
"41,11 : 0.3007"
"11,42 : 0.5099"
"42,11 : 0.5099"
"11,43 : 0.4401"
"43,11 : 0.4401"
"11,44 : 0.2126"
"44,11 : 0.2126"
"11,45 : 0.086"
"45,11 : 0.086"
"11,46 : 0.7684"
"46,11 : 0.7684"
"11,47 : 0.483"
"47,11 : 0.483"
"11,48 : 0.36"
"48,11 : 0.36"
"11,49 : 0.6201"
"49,11 : 0.6201"
"11,50 : 0.5189"
"50,11 : 0.5189"
"11,51 : 0.51"
"51,11 : 0.51"
"11,52 : 0.2341"
"52,11 : 0.2341"
"11,53 : 0.2746"
"53,11 : 0.2746"
"11,54 : 0.114"
"54,11 : 0.114"
"11,55 : 0.5445"
"55,11 : 0.5445"
"11,56 : 0.3068"
"56,11 : 0.3068"
"11,57 : 0.6264"
"57,11 : 0.6264"
"11,58 : 0.3624"
"58,11 : 0.3624"
"11,59 : 0.6981"
"59,11 : 0.6981"
"11,60 : 0.4952"
"60,11 : 0.4952"
"11,61 : 0.2555"
"61,11 : 0.2555"
"11,62 : 0.2404"
"62,11 : 0.2404"
"11,63 : 0.3061"
"63,11 : 0.3061"
"11,64 : 0.402"
"64,11 : 0.402"
"11,65 : 0.2532"
"65,11 : 0.2532"
"11,66 : 0.2631"
"66,11 : 0.2631"
"11,67 : 0.3178"
"67,11 : 0.3178"
"11,68 : 0.2126"
"68,11 : 0.2126"
"11,69 : 0.4904"
"69,11 : 0.4904"
"11,70 : 0.5376"
"70,11 : 0.5376"
"11,71 : 0.4036"
"71,11 : 0.4036"
"11,72 : 0.5921"
"72,11 : 0.5921"
"11,73 : 0.717"
"73,11 : 0.717"
"11,74 : 0.2561"
"74,11 : 0.2561"
"11,75 : 0.211"
"75,11 : 0.211"
"11,76 : 0.222"
"76,11 : 0.222"
"11,77 : 0.4883"
"77,11 : 0.4883"
"11,78 : 0.2484"
"78,11 : 0.2484"
"11,79 : 0.4675"
"79,11 : 0.4675"
"11,80 : 0.4328"
"80,11 : 0.4328"
"11,81 : 0.2668"
"81,11 : 0.2668"
"11,82 : 0.3766"
"82,11 : 0.3766"
"11,83 : 0.642"
"83,11 : 0.642"
"11,84 : 0.5239"
"84,11 : 0.5239"
"11,85 : 0.4244"
"85,11 : 0.4244"
"11,86 : 0.2915"
"86,11 : 0.2915"
"11,87 : 0.42"
"87,11 : 0.42"
"11,88 : 0.2502"
"88,11 : 0.2502"
"11,89 : 0.4243"
"89,11 : 0.4243"
"11,90 : 0.5109"
"90,11 : 0.5109"
"11,91 : 0.3362"
"91,11 : 0.3362"
"11,92 : 0.5016"
"92,11 : 0.5016"
"11,93 : 0.5449"
"93,11 : 0.5449"
"11,94 : 0.313"
"94,11 : 0.313"
"11,95 : 0.7606"
"95,11 : 0.7606"
"11,96 : 0.5124"
"96,11 : 0.5124"
"11,97 : 0.5161"
"97,11 : 0.5161"
"11,98 : 0.2663"
"98,11 : 0.2663"
"11,99 : 0.7545"
"99,11 : 0.7545"
"12,13 : 0.3956"
"13,12 : 0.3956"
"12,14 : 0.7286"
"14,12 : 0.7286"
"12,15 : 0.2256"
"15,12 : 0.2256"
"12,16 : 0.4206"
"16,12 : 0.4206"
"12,17 : 0.6067"
"17,12 : 0.6067"
"12,18 : 0.4977"
"18,12 : 0.4977"
"12,19 : 0.8507"
"19,12 : 0.8507"
"12,20 : 0.6803"
"20,12 : 0.6803"
"12,21 : 0.5385"
"21,12 : 0.5385"
"12,22 : 0.6463"
"22,12 : 0.6463"
"12,23 : 0.191"
"23,12 : 0.191"
"12,24 : 0.364"
"24,12 : 0.364"
"12,25 : 0.7443"
"25,12 : 0.7443"
"12,26 : 0.26"
"26,12 : 0.26"
"12,27 : 0.6119"
"27,12 : 0.6119"
"12,28 : 0.8603"
"28,12 : 0.8603"
"12,29 : 0.5457"
"29,12 : 0.5457"
"12,30 : 0.0424"
"30,12 : 0.0424"
"12,31 : 0.8698"
"31,12 : 0.8698"
"12,32 : 0.4588"
"32,12 : 0.4588"
"12,33 : 0.7926"
"33,12 : 0.7926"
"12,34 : 0.414"
"34,12 : 0.414"
"12,35 : 0.5771"
"35,12 : 0.5771"
"12,36 : 0.8472"
"36,12 : 0.8472"
"12,37 : 0.4472"
"37,12 : 0.4472"
"12,38 : 0.5324"
"38,12 : 0.5324"
"12,39 : 0.1838"
"39,12 : 0.1838"
"12,40 : 0.3966"
"40,12 : 0.3966"
"12,41 : 0.3517"
"41,12 : 0.3517"
"12,42 : 0.3895"
"42,12 : 0.3895"
"12,43 : 0.2828"
"43,12 : 0.2828"
"12,44 : 0.6268"
"44,12 : 0.6268"
"12,45 : 0.4332"
"45,12 : 0.4332"
"12,46 : 0.4276"
"46,12 : 0.4276"
"12,47 : 0.6203"
"47,12 : 0.6203"
"12,48 : 0.21"
"48,12 : 0.21"
"12,49 : 0.5391"
"49,12 : 0.5391"
"12,50 : 0.2953"
"50,12 : 0.2953"
"12,51 : 0.4686"
"51,12 : 0.4686"
"12,52 : 0.5944"
"52,12 : 0.5944"
"12,53 : 0.6815"
"53,12 : 0.6815"
"12,54 : 0.5277"
"54,12 : 0.5277"
"12,55 : 0.7616"
"55,12 : 0.7616"
"12,56 : 0.3178"
"56,12 : 0.3178"
"12,57 : 0.4295"
"57,12 : 0.4295"
"12,58 : 0.7669"
"58,12 : 0.7669"
"12,59 : 0.8601"
"59,12 : 0.8601"
"12,60 : 0.9027"
"60,12 : 0.9027"
"12,61 : 0.1612"
"61,12 : 0.1612"
"12,62 : 0.6531"
"62,12 : 0.6531"
"12,63 : 0.6003"
"63,12 : 0.6003"
"12,64 : 0.3722"
"64,12 : 0.3722"
"12,65 : 0.6332"
"65,12 : 0.6332"
"12,66 : 0.2693"
"66,12 : 0.2693"
"12,67 : 0.3471"
"67,12 : 0.3471"
"12,68 : 0.5247"
"68,12 : 0.5247"
"12,69 : 0.821"
"69,12 : 0.821"
"12,70 : 0.3551"
"70,12 : 0.3551"
"12,71 : 0.6364"
"71,12 : 0.6364"
"12,72 : 0.4904"
"72,12 : 0.4904"
"12,73 : 0.3544"
"73,12 : 0.3544"
"12,74 : 0.4562"
"74,12 : 0.4562"
"12,75 : 0.2518"
"75,12 : 0.2518"
"12,76 : 0.6263"
"76,12 : 0.6263"
"12,77 : 0.0806"
"77,12 : 0.0806"
"12,78 : 0.6629"
"78,12 : 0.6629"
"12,79 : 0.8801"
"79,12 : 0.8801"
"12,80 : 0.8463"
"80,12 : 0.8463"
"12,81 : 0.6379"
"81,12 : 0.6379"
"12,82 : 0.6485"
"82,12 : 0.6485"
"12,83 : 0.6882"
"83,12 : 0.6882"
"12,84 : 0.566"
"84,12 : 0.566"
"12,85 : 0.7106"
"85,12 : 0.7106"
"12,86 : 0.5057"
"86,12 : 0.5057"
"12,87 : 0.4168"
"87,12 : 0.4168"
"12,88 : 0.6485"
"88,12 : 0.6485"
"12,89 : 0.4696"
"89,12 : 0.4696"
"12,90 : 0.9242"
"90,12 : 0.9242"
"12,91 : 0.536"
"91,12 : 0.536"
"12,92 : 0.1005"
"92,12 : 0.1005"
"12,93 : 0.7767"
"93,12 : 0.7767"
"12,94 : 0.2309"
"94,12 : 0.2309"
"12,95 : 0.3985"
"95,12 : 0.3985"
"12,96 : 0.5818"
"96,12 : 0.5818"
"12,97 : 0.5135"
"97,12 : 0.5135"
"12,98 : 0.4785"
"98,12 : 0.4785"
"12,99 : 0.4159"
"99,12 : 0.4159"
"13,14 : 0.4179"
"14,13 : 0.4179"
"13,15 : 0.4438"
"15,13 : 0.4438"
"13,16 : 0.3829"
"16,13 : 0.3829"
"13,17 : 0.5694"
"17,13 : 0.5694"
"13,18 : 0.1131"
"18,13 : 0.1131"
"13,19 : 0.7102"
"19,13 : 0.7102"
"13,20 : 0.6963"
"20,13 : 0.6963"
"13,21 : 0.1879"
"21,13 : 0.1879"
"13,22 : 0.7084"
"22,13 : 0.7084"
