x,y
0.11,0.94
0.62,0.68
0.89,0.05
0.34,0.68
0.19,0.94
0.07,0.6
0.46,0.27
0.3,0.11
0.54,0.69
0.1,0.56
0.07,0.33
0.59,0.9
0.5,0.81
0.18,0.77
0.01,0.55
0.45,0.46
0.38,0.69
0.04,0.98
0.85,0.42
0.79,0.31
0.49,0.65
1.0,0.37
0.63,0.21
0.14,0.36
0.01,0.54
0.09,0.39
0.23,0.32
0.12,0.64
0.83,0.71
0.25,0.88
0.7,0.08
0.85,0.07
0.93,0.11
0.35,1.0
0.2,0.91
0.27,0.1
0.37,0.5
0.5,0.2
0.93,0.86
0.34,0.77
0.29,0.64
0.08,0.73
0.42,0.2
0.63,0.91
0.61,0.59
0.61,0.16
0.91,0.72
0.22,0.91
0.06,0.12
0.83,0.26
0.09,0.07
0.79,0.14
0.81,0.18
0.63,0.36
1.0,0.57
0.28,0.58
0.63,0.67
0.11,0.69
0.41,0.4
0.58,0.99
0.42,0.69
0.01,0.57
0.55,0.68
0.45,0.03
0.25,0.31
0.68,0.81
0.61,0.23
0.21,0.12
0.02,0.13
0.65,0.16
0.32,0.37
0.57,0.08
0.85,0.54
0.67,0.19
0.52,0.54
0.42,0.11
0.37,0.31
0.42,0.77
0.18,0.8
0.87,0.89
0.32,0.63
0.12,0.24
0.11,0.47
0.7,0.69
0.32,0.68
0.86,0.48
0.89,0.2
1.0,0.79
0.79,0.59
0.91,0.26
0.18,0.13
0.03,0.06
0.82,0.41
0.84,0.14
0.04,0.74
0.06,0.01
0.11,0.71
0.2,0.66
0.56,0.16
0.78,0.32

Distanze
"0,1 : 0.5725"
"1,0 : 0.5725"
"0,2 : 1.1834"
"2,0 : 1.1834"
"0,3 : 0.3471"
"3,0 : 0.3471"
"0,4 : 0.08"
"4,0 : 0.08"
"0,5 : 0.3423"
"5,0 : 0.3423"
"0,6 : 0.7559"
"6,0 : 0.7559"
"0,7 : 0.8515"
"7,0 : 0.8515"
"0,8 : 0.4974"
"8,0 : 0.4974"
"0,9 : 0.3801"
"9,0 : 0.3801"
"0,10 : 0.6113"
"10,0 : 0.6113"
"0,11 : 0.4817"
"11,0 : 0.4817"
"0,12 : 0.4111"
"12,0 : 0.4111"
"0,13 : 0.1838"
"13,0 : 0.1838"
"0,14 : 0.4026"
"14,0 : 0.4026"
"0,15 : 0.5882"
"15,0 : 0.5882"
"0,16 : 0.368"
"16,0 : 0.368"
"0,17 : 0.0806"
"17,0 : 0.0806"
"0,18 : 0.9044"
"18,0 : 0.9044"
"0,19 : 0.927"
"19,0 : 0.927"
"0,20 : 0.478"
"20,0 : 0.478"
"0,21 : 1.0569"
"21,0 : 1.0569"
"0,22 : 0.8963"
"22,0 : 0.8963"
"0,23 : 0.5808"
"23,0 : 0.5808"
"0,24 : 0.4123"
"24,0 : 0.4123"
"0,25 : 0.5504"
"25,0 : 0.5504"
"0,26 : 0.6315"
"26,0 : 0.6315"
"0,27 : 0.3002"
"27,0 : 0.3002"
"0,28 : 0.7558"
"28,0 : 0.7558"
"0,29 : 0.1523"
"29,0 : 0.1523"
"0,30 : 1.0429"
"30,0 : 1.0429"
"0,31 : 1.1421"
"31,0 : 1.1421"
"0,32 : 1.1667"
"32,0 : 1.1667"
"0,33 : 0.2474"
"33,0 : 0.2474"
"0,34 : 0.0949"
"34,0 : 0.0949"
"0,35 : 0.8551"
"35,0 : 0.8551"
"0,36 : 0.5111"
"36,0 : 0.5111"
"0,37 : 0.8365"
"37,0 : 0.8365"
"0,38 : 0.8239"
"38,0 : 0.8239"
"0,39 : 0.286"
"39,0 : 0.286"
"0,40 : 0.3499"
"40,0 : 0.3499"
"0,41 : 0.2121"
"41,0 : 0.2121"
"0,42 : 0.8023"
"42,0 : 0.8023"
"0,43 : 0.5209"
"43,0 : 0.5209"
"0,44 : 0.6103"
"44,0 : 0.6103"
"0,45 : 0.9265"
"45,0 : 0.9265"
"0,46 : 0.8297"
"46,0 : 0.8297"
"0,47 : 0.114"
"47,0 : 0.114"
"0,48 : 0.8215"
"48,0 : 0.8215"
"0,49 : 0.9904"
"49,0 : 0.9904"
"0,50 : 0.8702"
"50,0 : 0.8702"
"0,51 : 1.05"
"51,0 : 1.05"
"0,52 : 1.0332"
"52,0 : 1.0332"
"0,53 : 0.779"
"53,0 : 0.779"
"0,54 : 0.9638"
"54,0 : 0.9638"
"0,55 : 0.3981"
"55,0 : 0.3981"
"0,56 : 0.5859"
"56,0 : 0.5859"
"0,57 : 0.25"
"57,0 : 0.25"
"0,58 : 0.6177"
"58,0 : 0.6177"
"0,59 : 0.4727"
"59,0 : 0.4727"
"0,60 : 0.3982"
"60,0 : 0.3982"
"0,61 : 0.3833"
"61,0 : 0.3833"
"0,62 : 0.5111"
"62,0 : 0.5111"
"0,63 : 0.9714"
"63,0 : 0.9714"
"0,64 : 0.6454"
"64,0 : 0.6454"
"0,65 : 0.5846"
"65,0 : 0.5846"
"0,66 : 0.8684"
"66,0 : 0.8684"
"0,67 : 0.8261"
"67,0 : 0.8261"
"0,68 : 0.815"
"68,0 : 0.815"
"0,69 : 0.9487"
"69,0 : 0.9487"
"0,70 : 0.6075"
"70,0 : 0.6075"
"0,71 : 0.9753"
"71,0 : 0.9753"
"0,72 : 0.8412"
"72,0 : 0.8412"
"0,73 : 0.936"
"73,0 : 0.936"
"0,74 : 0.5728"
"74,0 : 0.5728"
"0,75 : 0.886"
"75,0 : 0.886"
"0,76 : 0.6815"
"76,0 : 0.6815"
"0,77 : 0.3536"
"77,0 : 0.3536"
"0,78 : 0.1565"
"78,0 : 0.1565"
"0,79 : 0.7616"
"79,0 : 0.7616"
"0,80 : 0.3744"
"80,0 : 0.3744"
"0,81 : 0.7001"
"81,0 : 0.7001"
"0,82 : 0.47"
"82,0 : 0.47"
"0,83 : 0.6408"
"83,0 : 0.6408"
"0,84 : 0.3342"
"84,0 : 0.3342"
"0,85 : 0.8798"
"85,0 : 0.8798"
"0,86 : 1.0752"
"86,0 : 1.0752"
"0,87 : 0.9026"
"87,0 : 0.9026"
"0,88 : 0.7648"
"88,0 : 0.7648"
"0,89 : 1.05"
"89,0 : 1.05"
"0,90 : 0.813"
"90,0 : 0.813"
"0,91 : 0.8836"
"91,0 : 0.8836"
"0,92 : 0.886"
"92,0 : 0.886"
"0,93 : 1.083"
"93,0 : 1.083"
"0,94 : 0.2119"
"94,0 : 0.2119"
"0,95 : 0.9313"
"95,0 : 0.9313"
"0,96 : 0.23"
"96,0 : 0.23"
"0,97 : 0.2941"
"97,0 : 0.2941"
"0,98 : 0.9005"
"98,0 : 0.9005"
"0,99 : 0.9129"
"99,0 : 0.9129"
"1,2 : 0.6854"
"2,1 : 0.6854"
"1,3 : 0.28"
"3,1 : 0.28"
"1,4 : 0.5025"
"4,1 : 0.5025"
"1,5 : 0.5558"
"5,1 : 0.5558"
"1,6 : 0.4401"
"6,1 : 0.4401"
"1,7 : 0.6537"
"7,1 : 0.6537"
"1,8 : 0.0806"
"8,1 : 0.0806"
"1,9 : 0.5337"
"9,1 : 0.5337"
"1,10 : 0.6519"
"10,1 : 0.6519"
"1,11 : 0.222"
"11,1 : 0.222"
"1,12 : 0.1769"
"12,1 : 0.1769"
"1,13 : 0.4491"
"13,1 : 0.4491"
"1,14 : 0.6237"
"14,1 : 0.6237"
"1,15 : 0.278"
"15,1 : 0.278"
"1,16 : 0.2402"
"16,1 : 0.2402"
"1,17 : 0.653"
"17,1 : 0.653"
"1,18 : 0.3471"
"18,1 : 0.3471"
"1,19 : 0.4072"
"19,1 : 0.4072"
"1,20 : 0.1334"
"20,1 : 0.1334"
"1,21 : 0.4904"
"21,1 : 0.4904"
"1,22 : 0.4701"
"22,1 : 0.4701"
"1,23 : 0.5769"
"23,1 : 0.5769"
"1,24 : 0.6259"
"24,1 : 0.6259"
"1,25 : 0.6042"
"25,1 : 0.6042"
"1,26 : 0.5308"
"26,1 : 0.5308"
"1,27 : 0.5016"
"27,1 : 0.5016"
"1,28 : 0.2121"
"28,1 : 0.2121"
"1,29 : 0.4206"
"29,1 : 0.4206"
"1,30 : 0.6053"
"30,1 : 0.6053"
"1,31 : 0.6519"
"31,1 : 0.6519"
"1,32 : 0.6488"
"32,1 : 0.6488"
"1,33 : 0.4187"
"33,1 : 0.4187"
"1,34 : 0.4789"
"34,1 : 0.4789"
"1,35 : 0.6774"
"35,1 : 0.6774"
"1,36 : 0.3081"
"36,1 : 0.3081"
"1,37 : 0.4948"
"37,1 : 0.4948"
"1,38 : 0.3585"
"38,1 : 0.3585"
"1,39 : 0.2941"
"39,1 : 0.2941"
"1,40 : 0.3324"
"40,1 : 0.3324"
"1,41 : 0.5423"
"41,1 : 0.5423"
"1,42 : 0.52"
"42,1 : 0.52"
"1,43 : 0.2302"
"43,1 : 0.2302"
"1,44 : 0.0906"
"44,1 : 0.0906"
"1,45 : 0.5201"
"45,1 : 0.5201"
"1,46 : 0.2927"
"46,1 : 0.2927"
"1,47 : 0.4614"
"47,1 : 0.4614"
"1,48 : 0.792"
"48,1 : 0.792"
"1,49 : 0.4696"
"49,1 : 0.4696"
"1,50 : 0.8081"
"50,1 : 0.8081"
"1,51 : 0.5661"
"51,1 : 0.5661"
"1,52 : 0.5349"
"52,1 : 0.5349"
"1,53 : 0.3202"
"53,1 : 0.3202"
"1,54 : 0.3956"
"54,1 : 0.3956"
"1,55 : 0.3544"
"55,1 : 0.3544"
"1,56 : 0.0141"
"56,1 : 0.0141"
"1,57 : 0.5101"
"57,1 : 0.5101"
"1,58 : 0.35"
"58,1 : 0.35"
"1,59 : 0.3126"
"59,1 : 0.3126"
"1,60 : 0.2002"
"60,1 : 0.2002"
"1,61 : 0.6198"
"61,1 : 0.6198"
"1,62 : 0.07"
"62,1 : 0.07"
"1,63 : 0.6719"
"63,1 : 0.6719"
"1,64 : 0.5233"
"64,1 : 0.5233"
"1,65 : 0.1432"
"65,1 : 0.1432"
"1,66 : 0.4501"
"66,1 : 0.4501"
"1,67 : 0.694"
"67,1 : 0.694"
"1,68 : 0.8139"
"68,1 : 0.8139"
"1,69 : 0.5209"
"69,1 : 0.5209"
"1,70 : 0.4314"
"70,1 : 0.4314"
"1,71 : 0.6021"
"71,1 : 0.6021"
"1,72 : 0.2693"
"72,1 : 0.2693"
"1,73 : 0.4925"
"73,1 : 0.4925"
"1,74 : 0.172"
"74,1 : 0.172"
"1,75 : 0.6041"
"75,1 : 0.6041"
"1,76 : 0.4465"
"76,1 : 0.4465"
"1,77 : 0.2193"
"77,1 : 0.2193"
"1,78 : 0.4561"
"78,1 : 0.4561"
"1,79 : 0.3265"
"79,1 : 0.3265"
"1,80 : 0.3041"
"80,1 : 0.3041"
"1,81 : 0.666"
"81,1 : 0.666"
"1,82 : 0.5515"
"82,1 : 0.5515"
"1,83 : 0.0806"
"83,1 : 0.0806"
"1,84 : 0.3"
"84,1 : 0.3"
"1,85 : 0.3124"
"85,1 : 0.3124"
"1,86 : 0.5507"
"86,1 : 0.5507"
"1,87 : 0.3956"
"87,1 : 0.3956"
"1,88 : 0.1924"
"88,1 : 0.1924"
"1,89 : 0.5104"
"89,1 : 0.5104"
"1,90 : 0.7043"
"90,1 : 0.7043"
"1,91 : 0.8559"
"91,1 : 0.8559"
"1,92 : 0.336"
"92,1 : 0.336"
"1,93 : 0.5831"
"93,1 : 0.5831"
"1,94 : 0.5831"
"94,1 : 0.5831"
"1,95 : 0.8732"
"95,1 : 0.8732"
"1,96 : 0.5109"
"96,1 : 0.5109"
"1,97 : 0.4205"
"97,1 : 0.4205"
"1,98 : 0.5235"
"98,1 : 0.5235"
"1,99 : 0.394"
"99,1 : 0.394"
"2,3 : 0.8363"
"3,2 : 0.8363"
"2,4 : 1.1323"
"4,2 : 1.1323"
"2,5 : 0.9874"
"5,2 : 0.9874"
"2,6 : 0.483"
"6,2 : 0.483"
"2,7 : 0.593"
"7,2 : 0.593"
"2,8 : 0.7295"
"8,2 : 0.7295"
"2,9 : 0.9403"
"9,2 : 0.9403"
"2,10 : 0.8665"
"10,2 : 0.8665"
"2,11 : 0.9014"
"11,2 : 0.9014"
"2,12 : 0.8542"
"12,2 : 0.8542"
"2,13 : 1.0112"
"13,2 : 1.0112"
"2,14 : 1.0121"
"14,2 : 1.0121"
"2,15 : 0.6014"
"15,2 : 0.6014"
"2,16 : 0.8184"
"16,2 : 0.8184"
"2,17 : 1.2599"
"17,2 : 1.2599"
"2,18 : 0.3722"
"18,2 : 0.3722"
"2,19 : 0.2786"
"19,2 : 0.2786"
"2,20 : 0.7211"
"20,2 : 0.7211"
"2,21 : 0.3384"
"21,2 : 0.3384"
"2,22 : 0.3053"
"22,2 : 0.3053"
"2,23 : 0.8115"
"23,2 : 0.8115"
"2,24 : 1.0072"
"24,2 : 1.0072"
"2,25 : 0.8693"
"25,2 : 0.8693"
"2,26 : 0.7131"
"26,2 : 0.7131"
"2,27 : 0.9701"
"27,2 : 0.9701"
"2,28 : 0.6627"
"28,2 : 0.6627"
"2,29 : 1.0481"
"29,2 : 1.0481"
"2,30 : 0.1924"
"30,2 : 0.1924"
"2,31 : 0.0447"
"31,2 : 0.0447"
"2,32 : 0.0721"
"32,2 : 0.0721"
"2,33 : 1.0927"
"33,2 : 1.0927"
"2,34 : 1.1026"
"34,2 : 1.1026"
"2,35 : 0.622"
"35,2 : 0.622"
"2,36 : 0.6877"
"36,2 : 0.6877"
"2,37 : 0.4179"
"37,2 : 0.4179"
"2,38 : 0.811"
"38,2 : 0.811"
"2,39 : 0.906"
"39,2 : 0.906"
"2,40 : 0.8415"
"40,2 : 0.8415"
"2,41 : 1.0576"
"41,2 : 1.0576"
"2,42 : 0.4934"
"42,2 : 0.4934"
"2,43 : 0.8984"
"43,2 : 0.8984"
"2,44 : 0.6083"
"44,2 : 0.6083"
"2,45 : 0.3008"
"45,2 : 0.3008"
"2,46 : 0.6703"
"46,2 : 0.6703"
"2,47 : 1.0902"
"47,2 : 1.0902"
"2,48 : 0.8329"
"48,2 : 0.8329"
"2,49 : 0.2184"
"49,2 : 0.2184"
"2,50 : 0.8002"
"50,2 : 0.8002"
"2,51 : 0.1345"
"51,2 : 0.1345"
"2,52 : 0.1526"
"52,2 : 0.1526"
"2,53 : 0.4046"
"53,2 : 0.4046"
"2,54 : 0.5315"
"54,2 : 0.5315"
"2,55 : 0.8081"
"55,2 : 0.8081"
"2,56 : 0.6723"
"56,2 : 0.6723"
"2,57 : 1.009"
"57,2 : 1.009"
"2,58 : 0.5941"
"58,2 : 0.5941"
"2,59 : 0.9898"
"59,2 : 0.9898"
"2,60 : 0.794"
"60,2 : 0.794"
"2,61 : 1.0222"
"61,2 : 1.0222"
"2,62 : 0.7159"
"62,2 : 0.7159"
"2,63 : 0.4405"
"63,2 : 0.4405"
"2,64 : 0.6908"
"64,2 : 0.6908"
"2,65 : 0.7885"
"65,2 : 0.7885"
"2,66 : 0.3329"
"66,2 : 0.3329"
"2,67 : 0.6836"
"67,2 : 0.6836"
"2,68 : 0.8737"
"68,2 : 0.8737"
"2,69 : 0.264"
"69,2 : 0.264"
"2,70 : 0.6537"
"70,2 : 0.6537"
"2,71 : 0.3214"
"71,2 : 0.3214"
"2,72 : 0.4916"
"72,2 : 0.4916"
"2,73 : 0.2608"
"73,2 : 0.2608"
"2,74 : 0.614"
"74,2 : 0.614"
"2,75 : 0.4738"
"75,2 : 0.4738"
"2,76 : 0.5814"
"76,2 : 0.5814"
"2,77 : 0.8598"
"77,2 : 0.8598"
"2,78 : 1.0328"
"78,2 : 1.0328"
"2,79 : 0.8402"
"79,2 : 0.8402"
"2,80 : 0.8132"
"80,2 : 0.8132"
"2,81 : 0.7931"
"81,2 : 0.7931"
"2,82 : 0.8859"
"82,2 : 0.8859"
"2,83 : 0.6676"
"83,2 : 0.6676"
"2,84 : 0.8496"
"84,2 : 0.8496"
"2,85 : 0.431"
"85,2 : 0.431"
"2,86 : 0.15"
"86,2 : 0.15"
"2,87 : 0.7481"
"87,2 : 0.7481"
"2,88 : 0.5492"
"88,2 : 0.5492"
"2,89 : 0.211"
"89,2 : 0.211"
"2,90 : 0.7145"
"90,2 : 0.7145"
"2,91 : 0.8601"
"91,2 : 0.8601"
"2,92 : 0.3667"
"92,2 : 0.3667"
"2,93 : 0.103"
"93,2 : 0.103"
"2,94 : 1.0948"
"94,2 : 1.0948"
"2,95 : 0.831"
"95,2 : 0.831"
"2,96 : 1.0218"
"96,2 : 1.0218"
"2,97 : 0.921"
"97,2 : 0.921"
"2,98 : 0.3479"
"98,2 : 0.3479"
"2,99 : 0.2915"
"99,2 : 0.2915"
"3,4 : 0.3002"
"4,3 : 0.3002"
"3,5 : 0.2816"
"5,3 : 0.2816"
"3,6 : 0.4272"
"6,3 : 0.4272"
"3,7 : 0.5714"
"7,3 : 0.5714"
"3,8 : 0.2002"
"8,3 : 0.2002"
"3,9 : 0.2683"
"9,3 : 0.2683"
"3,10 : 0.442"
"10,3 : 0.442"
"3,11 : 0.333"
"11,3 : 0.333"
"3,12 : 0.2062"
"12,3 : 0.2062"
"3,13 : 0.1836"
"13,3 : 0.1836"
"3,14 : 0.3547"
"14,3 : 0.3547"
"3,15 : 0.246"
"15,3 : 0.246"
"3,16 : 0.0412"
"16,3 : 0.0412"
"3,17 : 0.4243"
"17,3 : 0.4243"
"3,18 : 0.5725"
"18,3 : 0.5725"
"3,19 : 0.5826"
"19,3 : 0.5826"
"3,20 : 0.153"
"20,3 : 0.153"
"3,21 : 0.7292"
"21,3 : 0.7292"
"3,22 : 0.5523"
"22,3 : 0.5523"
"3,23 : 0.3774"
"23,3 : 0.3774"
"3,24 : 0.3585"
"24,3 : 0.3585"
"3,25 : 0.3829"
"25,3 : 0.3829"
"3,26 : 0.3764"
"26,3 : 0.3764"
"3,27 : 0.2236"
"27,3 : 0.2236"
"3,28 : 0.4909"
"28,3 : 0.4909"
"3,29 : 0.2193"
"29,3 : 0.2193"
"3,30 : 0.6997"
"30,3 : 0.6997"
"3,31 : 0.7951"
"31,3 : 0.7951"
"3,32 : 0.8204"
"32,3 : 0.8204"
"3,33 : 0.3202"
"33,3 : 0.3202"
"3,34 : 0.2693"
"34,3 : 0.2693"
"3,35 : 0.5842"
"35,3 : 0.5842"
"3,36 : 0.1825"
"36,3 : 0.1825"
"3,37 : 0.506"
"37,3 : 0.506"
"3,38 : 0.6168"
"38,3 : 0.6168"
"3,39 : 0.09"
"39,3 : 0.09"
"3,40 : 0.064"
"40,3 : 0.064"
"3,41 : 0.2648"
"41,3 : 0.2648"
"3,42 : 0.4866"
"42,3 : 0.4866"
"3,43 : 0.3701"
"43,3 : 0.3701"
"3,44 : 0.2846"
"44,3 : 0.2846"
"3,45 : 0.5859"
"45,3 : 0.5859"
"3,46 : 0.5714"
"46,3 : 0.5714"
"3,47 : 0.2594"
"47,3 : 0.2594"
"3,48 : 0.6261"
"48,3 : 0.6261"
"3,49 : 0.6454"
"49,3 : 0.6454"
"3,50 : 0.6592"
"50,3 : 0.6592"
"3,51 : 0.7029"
"51,3 : 0.7029"
"3,52 : 0.6862"
"52,3 : 0.6862"
"3,53 : 0.4319"
"53,3 : 0.4319"
"3,54 : 0.6691"
"54,3 : 0.6691"
"3,55 : 0.1166"
"55,3 : 0.1166"
"3,56 : 0.2902"
"56,3 : 0.2902"
"3,57 : 0.2302"
"57,3 : 0.2302"
"3,58 : 0.2886"
"58,3 : 0.2886"
"3,59 : 0.392"
"59,3 : 0.392"
"3,60 : 0.0806"
"60,3 : 0.0806"
"3,61 : 0.3479"
"61,3 : 0.3479"
"3,62 : 0.21"
"62,3 : 0.21"
"3,63 : 0.6592"
"63,3 : 0.6592"
"3,64 : 0.3808"
"64,3 : 0.3808"
"3,65 : 0.364"
"65,3 : 0.364"
"3,66 : 0.5248"
"66,3 : 0.5248"
"3,67 : 0.5749"
"67,3 : 0.5749"
"3,68 : 0.6363"
"68,3 : 0.6363"
"3,69 : 0.6054"
"69,3 : 0.6054"
"3,70 : 0.3106"
"70,3 : 0.3106"
"3,71 : 0.6426"
"71,3 : 0.6426"
"3,72 : 0.5289"
"72,3 : 0.5289"
"3,73 : 0.5908"
"73,3 : 0.5908"
"3,74 : 0.228"
"74,3 : 0.228"
"3,75 : 0.5756"
"75,3 : 0.5756"
"3,76 : 0.3712"
"76,3 : 0.3712"
"3,77 : 0.1204"
"77,3 : 0.1204"
"3,78 : 0.2"
"78,3 : 0.2"
"3,79 : 0.5701"
"79,3 : 0.5701"
"3,80 : 0.0539"
"80,3 : 0.0539"
"3,81 : 0.4919"
"81,3 : 0.4919"
"3,82 : 0.3114"
"82,3 : 0.3114"
"3,83 : 0.3601"
"83,3 : 0.3601"
"3,84 : 0.02"
"84,3 : 0.02"
"3,85 : 0.5571"
"85,3 : 0.5571"
"3,86 : 0.73"
"86,3 : 0.73"
"3,87 : 0.6691"
"87,3 : 0.6691"
"3,88 : 0.4589"
"88,3 : 0.4589"
"3,89 : 0.708"
"89,3 : 0.708"
"3,90 : 0.5728"
"90,3 : 0.5728"
"3,91 : 0.6932"
"91,3 : 0.6932"
"3,92 : 0.5507"
"92,3 : 0.5507"
"3,93 : 0.7359"
"93,3 : 0.7359"
"3,94 : 0.3059"
"94,3 : 0.3059"
"3,95 : 0.7262"
"95,3 : 0.7262"
"3,96 : 0.2319"
"96,3 : 0.2319"
"3,97 : 0.1414"
"97,3 : 0.1414"
"3,98 : 0.5646"
"98,3 : 0.5646"
"3,99 : 0.5685"
"99,3 : 0.5685"
"4,5 : 0.3606"
"5,4 : 0.3606"
"4,6 : 0.7224"
"6,4 : 0.7224"
"4,7 : 0.8373"
"7,4 : 0.8373"
"4,8 : 0.4301"
"8,4 : 0.4301"
"4,9 : 0.3905"
"9,4 : 0.3905"
"4,10 : 0.6217"
"10,4 : 0.6217"
"4,11 : 0.402"
"11,4 : 0.402"
"4,12 : 0.3362"
"12,4 : 0.3362"
"4,13 : 0.1703"
"13,4 : 0.1703"
"4,14 : 0.4295"
"14,4 : 0.4295"
"4,15 : 0.5459"
"15,4 : 0.5459"
"4,16 : 0.314"
"16,4 : 0.314"
"4,17 : 0.1552"
"17,4 : 0.1552"
"4,18 : 0.8402"
"18,4 : 0.8402"
"4,19 : 0.87"
"19,4 : 0.87"
"4,20 : 0.4173"
"20,4 : 0.4173"
"4,21 : 0.9905"
"21,4 : 0.9905"
"4,22 : 0.8523"
"22,4 : 0.8523"
"4,23 : 0.5822"
"23,4 : 0.5822"
"4,24 : 0.4386"
"24,4 : 0.4386"
"4,25 : 0.559"
"25,4 : 0.559"
"4,26 : 0.6213"
"26,4 : 0.6213"
"4,27 : 0.3081"
"27,4 : 0.3081"
"4,28 : 0.6801"
"28,4 : 0.6801"
"4,29 : 0.0849"
"29,4 : 0.0849"
"4,30 : 0.9998"
"30,4 : 0.9998"
"4,31 : 1.092"
"31,4 : 1.092"
"4,32 : 1.112"
"32,4 : 1.112"
"4,33 : 0.1709"
"33,4 : 0.1709"
"4,34 : 0.0316"
"34,4 : 0.0316"
"4,35 : 0.8438"
"35,4 : 0.8438"
"4,36 : 0.4754"
"36,4 : 0.4754"
"4,37 : 0.8023"
"37,4 : 0.8023"
"4,38 : 0.7443"
"38,4 : 0.7443"
"4,39 : 0.2267"
"39,4 : 0.2267"
"4,40 : 0.3162"
"40,4 : 0.3162"
"4,41 : 0.2371"
"41,4 : 0.2371"
"4,42 : 0.7749"
"42,4 : 0.7749"
"4,43 : 0.441"
"43,4 : 0.441"
"4,44 : 0.5467"
"44,4 : 0.5467"
"4,45 : 0.8859"
"45,4 : 0.8859"
"4,46 : 0.7529"
"46,4 : 0.7529"
"4,47 : 0.0424"
"47,4 : 0.0424"
"4,48 : 0.8302"
"48,4 : 0.8302"
"4,49 : 0.9338"
"49,4 : 0.9338"
"4,50 : 0.8757"
"50,4 : 0.8757"
"4,51 : 1.0"
"51,4 : 1.0"
"4,52 : 0.9808"
"52,4 : 0.9808"
"4,53 : 0.728"
"53,4 : 0.728"
"4,54 : 0.8905"
"54,4 : 0.8905"
"4,55 : 0.3711"
"55,4 : 0.3711"
"4,56 : 0.5162"
"56,4 : 0.5162"
"4,57 : 0.2625"
"57,4 : 0.2625"
"4,58 : 0.5831"
"58,4 : 0.5831"
"4,59 : 0.3932"
"59,4 : 0.3932"
"4,60 : 0.3397"
"60,4 : 0.3397"
"4,61 : 0.4115"
"61,4 : 0.4115"
"4,62 : 0.4441"
"62,4 : 0.4441"
"4,63 : 0.9464"
"63,4 : 0.9464"
"4,64 : 0.6329"
"64,4 : 0.6329"
"4,65 : 0.507"
"65,4 : 0.507"
"4,66 : 0.8249"
"66,4 : 0.8249"
"4,67 : 0.8202"
"67,4 : 0.8202"
"4,68 : 0.8276"
"68,4 : 0.8276"
"4,69 : 0.9055"
"69,4 : 0.9055"
"4,70 : 0.5846"
"70,4 : 0.5846"
"4,71 : 0.9402"
"71,4 : 0.9402"
"4,72 : 0.7718"
"72,4 : 0.7718"
"4,73 : 0.8904"
"73,4 : 0.8904"
"4,74 : 0.5186"
"74,4 : 0.5186"
"4,75 : 0.8613"
"75,4 : 0.8613"
"4,76 : 0.6552"
"76,4 : 0.6552"
"4,77 : 0.286"
"77,4 : 0.286"
"4,78 : 0.1404"
"78,4 : 0.1404"
"4,79 : 0.6818"
"79,4 : 0.6818"
"4,80 : 0.3362"
"80,4 : 0.3362"
"4,81 : 0.7035"
"81,4 : 0.7035"
"4,82 : 0.4768"
"82,4 : 0.4768"
"4,83 : 0.568"
"83,4 : 0.568"
"4,84 : 0.2907"
"84,4 : 0.2907"
"4,85 : 0.8127"
"85,4 : 0.8127"
"4,86 : 1.0186"
"86,4 : 1.0186"
"4,87 : 0.8238"
"87,4 : 0.8238"
"4,88 : 0.6946"
"88,4 : 0.6946"
"4,89 : 0.9904"
"89,4 : 0.9904"
"4,90 : 0.8101"
"90,4 : 0.8101"
"4,91 : 0.8944"
"91,4 : 0.8944"
"4,92 : 0.8233"
"92,4 : 0.8233"
"4,93 : 1.0308"
"93,4 : 1.0308"
"4,94 : 0.25"
"94,4 : 0.25"
"4,95 : 0.939"
"95,4 : 0.939"
"4,96 : 0.2435"
"96,4 : 0.2435"
"4,97 : 0.2802"
"97,4 : 0.2802"
"4,98 : 0.8633"
"98,4 : 0.8633"
"4,99 : 0.8559"
"99,4 : 0.8559"
"5,6 : 0.5109"
"6,5 : 0.5109"
"5,7 : 0.5413"
"7,5 : 0.5413"
"5,8 : 0.4785"
"8,5 : 0.4785"
"5,9 : 0.05"
"9,5 : 0.05"
"5,10 : 0.27"
"10,5 : 0.27"
"5,11 : 0.6003"
"11,5 : 0.6003"
"5,12 : 0.4785"
"12,5 : 0.4785"
"5,13 : 0.2025"
"13,5 : 0.2025"
"5,14 : 0.0781"
"14,5 : 0.0781"
"5,15 : 0.405"
"15,5 : 0.405"
"5,16 : 0.3228"
"16,5 : 0.3228"
"5,17 : 0.3812"
"17,5 : 0.3812"
"5,18 : 0.8005"
"18,5 : 0.8005"
"5,19 : 0.7762"
"19,5 : 0.7762"
"5,20 : 0.423"
"20,5 : 0.423"
"5,21 : 0.958"
"21,5 : 0.958"
"5,22 : 0.6824"
"22,5 : 0.6824"
"5,23 : 0.25"
"23,5 : 0.25"
"5,24 : 0.0849"
"24,5 : 0.0849"
"5,25 : 0.211"
"25,5 : 0.211"
"5,26 : 0.3225"
"26,5 : 0.3225"
"5,27 : 0.064"
"27,5 : 0.064"
"5,28 : 0.7679"
"28,5 : 0.7679"
"5,29 : 0.3329"
"29,5 : 0.3329"
"5,30 : 0.8169"
"30,5 : 0.8169"
"5,31 : 0.943"
"31,5 : 0.943"
"5,32 : 0.9898"
"32,5 : 0.9898"
"5,33 : 0.4883"
"33,5 : 0.4883"
"5,34 : 0.3362"
"34,5 : 0.3362"
"5,35 : 0.5385"
"35,5 : 0.5385"
"5,36 : 0.3162"
"36,5 : 0.3162"
"5,37 : 0.5873"
"37,5 : 0.5873"
"5,38 : 0.8984"
"38,5 : 0.8984"
"5,39 : 0.3191"
"39,5 : 0.3191"
"5,40 : 0.2236"
"40,5 : 0.2236"
"5,41 : 0.1304"
"41,5 : 0.1304"
"5,42 : 0.5315"
"42,5 : 0.5315"
"5,43 : 0.6401"
"43,5 : 0.6401"
"5,44 : 0.5401"
"44,5 : 0.5401"
"5,45 : 0.6966"
"45,5 : 0.6966"
"5,46 : 0.8485"
"46,5 : 0.8485"
"5,47 : 0.3444"
"47,5 : 0.3444"
"5,48 : 0.4801"
"48,5 : 0.4801"
"5,49 : 0.8326"
"49,5 : 0.8326"
"5,50 : 0.5304"
"50,5 : 0.5304"
"5,51 : 0.8544"
"51,5 : 0.8544"
"5,52 : 0.8509"
"52,5 : 0.8509"
"5,53 : 0.6093"
"53,5 : 0.6093"
"5,54 : 0.9305"
"54,5 : 0.9305"
"5,55 : 0.211"
"55,5 : 0.211"
"5,56 : 0.5644"
"56,5 : 0.5644"
"5,57 : 0.0985"
"57,5 : 0.0985"
"5,58 : 0.3945"
"58,5 : 0.3945"
"5,59 : 0.642"
"59,5 : 0.642"
"5,60 : 0.3614"
"60,5 : 0.3614"
"5,61 : 0.0671"
"61,5 : 0.0671"
"5,62 : 0.4866"
"62,5 : 0.4866"
"5,63 : 0.6851"
"63,5 : 0.6851"
"5,64 : 0.3413"
"64,5 : 0.3413"
"5,65 : 0.6451"
"65,5 : 0.6451"
"5,66 : 0.6546"
"66,5 : 0.6546"
"5,67 : 0.5"
"67,5 : 0.5"
"5,68 : 0.4727"
"68,5 : 0.4727"
"5,69 : 0.728"
"69,5 : 0.728"
"5,70 : 0.3397"
"70,5 : 0.3397"
"5,71 : 0.7214"
"71,5 : 0.7214"
"5,72 : 0.7823"
"72,5 : 0.7823"
"5,73 : 0.7267"
"73,5 : 0.7267"
"5,74 : 0.454"
"74,5 : 0.454"
"5,75 : 0.6022"
"75,5 : 0.6022"
"5,76 : 0.4173"
"76,5 : 0.4173"
"5,77 : 0.3891"
"77,5 : 0.3891"
"5,78 : 0.2283"
"78,5 : 0.2283"
"5,79 : 0.8509"
"79,5 : 0.8509"
"5,80 : 0.2518"
"80,5 : 0.2518"
"5,81 : 0.3635"
"81,5 : 0.3635"
"5,82 : 0.136"
"82,5 : 0.136"
"5,83 : 0.6364"
"83,5 : 0.6364"
"5,84 : 0.2625"
"84,5 : 0.2625"
"5,85 : 0.7991"
"85,5 : 0.7991"
"5,86 : 0.9124"
"86,5 : 0.9124"
"5,87 : 0.9492"
"87,5 : 0.9492"
"5,88 : 0.7201"
"88,5 : 0.7201"
"5,89 : 0.9062"
"89,5 : 0.9062"
"5,90 : 0.4827"
"90,5 : 0.4827"
"5,91 : 0.5415"
"91,5 : 0.5415"
"5,92 : 0.7737"
"92,5 : 0.7737"
"5,93 : 0.8969"
"93,5 : 0.8969"
"5,94 : 0.1432"
"94,5 : 0.1432"
"5,95 : 0.5901"
"95,5 : 0.5901"
"5,96 : 0.117"
"96,5 : 0.117"
"5,97 : 0.1432"
"97,5 : 0.1432"
"5,98 : 0.6586"
"98,5 : 0.6586"
"5,99 : 0.7632"
"99,5 : 0.7632"
"6,7 : 0.2263"
"7,6 : 0.2263"
"6,8 : 0.4276"
"8,6 : 0.4276"
"6,9 : 0.4623"
"9,6 : 0.4623"
"6,10 : 0.3946"
"10,6 : 0.3946"
"6,11 : 0.6433"
"11,6 : 0.6433"
"6,12 : 0.5415"
"12,6 : 0.5415"
"6,13 : 0.5731"
"13,6 : 0.5731"
"6,14 : 0.53"
"14,6 : 0.53"
"6,15 : 0.1903"
"15,6 : 0.1903"
"6,16 : 0.4276"
"16,6 : 0.4276"
"6,17 : 0.8249"
"17,6 : 0.8249"
"6,18 : 0.4179"
"18,6 : 0.4179"
"6,19 : 0.3324"
"19,6 : 0.3324"
"6,20 : 0.3812"
"20,6 : 0.3812"
"6,21 : 0.5492"
"21,6 : 0.5492"
"6,22 : 0.1803"
"22,6 : 0.1803"
"6,23 : 0.3324"
"23,6 : 0.3324"
"6,24 : 0.5248"
"24,6 : 0.5248"
"6,25 : 0.389"
"25,6 : 0.389"
"6,26 : 0.2354"
"26,6 : 0.2354"
"6,27 : 0.5025"
"27,6 : 0.5025"
"6,28 : 0.5749"
"28,6 : 0.5749"
"6,29 : 0.6451"
"29,6 : 0.6451"
"6,30 : 0.3061"
"30,6 : 0.3061"
"6,31 : 0.4383"
"31,6 : 0.4383"
"6,32 : 0.4965"
"32,6 : 0.4965"
"6,33 : 0.7382"
"33,6 : 0.7382"
"6,34 : 0.6908"
"34,6 : 0.6908"
"6,35 : 0.255"
"35,6 : 0.255"
"6,36 : 0.247"
"36,6 : 0.247"
"6,37 : 0.0806"
"37,6 : 0.0806"
"6,38 : 0.7543"
"38,6 : 0.7543"
"6,39 : 0.5142"
"39,6 : 0.5142"
"6,40 : 0.4072"
"40,6 : 0.4072"
"6,41 : 0.5967"
"41,6 : 0.5967"
"6,42 : 0.0806"
"42,6 : 0.0806"
"6,43 : 0.6622"
"43,6 : 0.6622"
"6,44 : 0.3534"
"44,6 : 0.3534"
"6,45 : 0.186"
"45,6 : 0.186"
"6,46 : 0.6364"
"46,6 : 0.6364"
"6,47 : 0.6835"
"47,6 : 0.6835"
"6,48 : 0.4272"
"48,6 : 0.4272"
"6,49 : 0.3701"
"49,6 : 0.3701"
"6,50 : 0.4206"
"50,6 : 0.4206"
"6,51 : 0.3547"
"51,6 : 0.3547"
"6,52 : 0.3614"
"52,6 : 0.3614"
"6,53 : 0.1924"
"53,6 : 0.1924"
"6,54 : 0.6177"
"54,6 : 0.6177"
"6,55 : 0.3585"
"55,6 : 0.3585"
"6,56 : 0.4346"
"56,6 : 0.4346"
"6,57 : 0.5467"
"57,6 : 0.5467"
"6,58 : 0.1393"
"58,6 : 0.1393"
"6,59 : 0.7299"
"59,6 : 0.7299"
"6,60 : 0.4219"
"60,6 : 0.4219"
"6,61 : 0.5408"
"61,6 : 0.5408"
"6,62 : 0.4198"
"62,6 : 0.4198"
"6,63 : 0.2402"
"63,6 : 0.2402"
"6,64 : 0.2138"
"64,6 : 0.2138"
"6,65 : 0.5831"
"65,6 : 0.5831"
"6,66 : 0.1552"
"66,6 : 0.1552"
"6,67 : 0.2915"
"67,6 : 0.2915"
"6,68 : 0.4617"
"68,6 : 0.4617"
"6,69 : 0.2195"
"69,6 : 0.2195"
"6,70 : 0.172"
"70,6 : 0.172"
"6,71 : 0.2195"
"71,6 : 0.2195"
"6,72 : 0.4743"
"72,6 : 0.4743"
"6,73 : 0.2247"
"73,6 : 0.2247"
"6,74 : 0.2766"
"74,6 : 0.2766"
"6,75 : 0.1649"
"75,6 : 0.1649"
"6,76 : 0.0985"
"76,6 : 0.0985"
"6,77 : 0.5016"
"77,6 : 0.5016"
"6,78 : 0.5994"
"78,6 : 0.5994"
"6,79 : 0.7433"
"79,6 : 0.7433"
"6,80 : 0.3863"
"80,6 : 0.3863"
"6,81 : 0.3413"
"81,6 : 0.3413"
"6,82 : 0.4031"
"82,6 : 0.4031"
"6,83 : 0.4837"
"83,6 : 0.4837"
"6,84 : 0.4332"
"84,6 : 0.4332"
"6,85 : 0.4518"
"85,6 : 0.4518"
"6,86 : 0.4357"
"86,6 : 0.4357"
"6,87 : 0.7497"
"87,6 : 0.7497"
"6,88 : 0.4597"
"88,6 : 0.4597"
"6,89 : 0.4501"
"89,6 : 0.4501"
"6,90 : 0.313"
"90,6 : 0.313"
"6,91 : 0.4785"
"91,6 : 0.4785"
"6,92 : 0.3863"
"92,6 : 0.3863"
"6,93 : 0.4016"
"93,6 : 0.4016"
"6,94 : 0.6303"
"94,6 : 0.6303"
"6,95 : 0.4771"
"95,6 : 0.4771"
"6,96 : 0.5622"
"96,6 : 0.5622"
"6,97 : 0.4687"
"97,6 : 0.4687"
"6,98 : 0.1487"
"98,6 : 0.1487"
"6,99 : 0.3239"
"99,6 : 0.3239"
"7,8 : 0.6277"
"8,7 : 0.6277"
"7,9 : 0.4924"
"9,7 : 0.4924"
"7,10 : 0.3183"
"10,7 : 0.3183"
"7,11 : 0.8415"
"11,7 : 0.8415"
"7,12 : 0.728"
"12,7 : 0.728"
"7,13 : 0.6708"
"13,7 : 0.6708"
"7,14 : 0.527"
"14,7 : 0.527"
"7,15 : 0.3808"
"15,7 : 0.3808"
"7,16 : 0.5855"
"16,7 : 0.5855"
"7,17 : 0.908"
"17,7 : 0.908"
"7,18 : 0.6313"
"18,7 : 0.6313"
"7,19 : 0.5292"
"19,7 : 0.5292"
"7,20 : 0.5725"
"20,7 : 0.5725"
"7,21 : 0.7467"
"21,7 : 0.7467"
"7,22 : 0.3448"
"22,7 : 0.3448"
"7,23 : 0.2968"
"23,7 : 0.2968"
"7,24 : 0.5187"
"24,7 : 0.5187"
"7,25 : 0.35"
"25,7 : 0.35"
"7,26 : 0.2214"
"26,7 : 0.2214"
"7,27 : 0.5597"
"27,7 : 0.5597"
"7,28 : 0.8006"
"28,7 : 0.8006"
"7,29 : 0.7716"
"29,7 : 0.7716"
"7,30 : 0.4011"
"30,7 : 0.4011"
"7,31 : 0.5515"
"31,7 : 0.5515"
"7,32 : 0.63"
"32,7 : 0.63"
"7,33 : 0.8914"
"33,7 : 0.8914"
"7,34 : 0.8062"
"34,7 : 0.8062"
"7,35 : 0.0316"
"35,7 : 0.0316"
"7,36 : 0.3962"
"36,7 : 0.3962"
"7,37 : 0.2193"
"37,7 : 0.2193"
"7,38 : 0.9795"
"38,7 : 0.9795"
"7,39 : 0.6612"
"39,7 : 0.6612"
"7,40 : 0.5301"
"40,7 : 0.5301"
"7,41 : 0.6579"
"41,7 : 0.6579"
"7,42 : 0.15"
"42,7 : 0.15"
"7,43 : 0.8654"
"43,7 : 0.8654"
"7,44 : 0.5714"
"44,7 : 0.5714"
"7,45 : 0.314"
"45,7 : 0.314"
"7,46 : 0.8627"
"46,7 : 0.8627"
"7,47 : 0.804"
"47,7 : 0.804"
"7,48 : 0.2402"
"48,7 : 0.2402"
"7,49 : 0.5508"
"49,7 : 0.5508"
"7,50 : 0.2138"
"50,7 : 0.2138"
"7,51 : 0.4909"
"51,7 : 0.4909"
"7,52 : 0.5148"
"52,7 : 0.5148"
"7,53 : 0.414"
"53,7 : 0.414"
"7,54 : 0.8376"
"54,7 : 0.8376"
"7,55 : 0.4704"
"55,7 : 0.4704"
"7,56 : 0.65"
"56,7 : 0.65"
"7,57 : 0.6103"
"57,7 : 0.6103"
"7,58 : 0.3102"
"58,7 : 0.3102"
"7,59 : 0.9235"
"59,7 : 0.9235"
"7,60 : 0.5923"
"60,7 : 0.5923"
"7,61 : 0.5438"
"61,7 : 0.5438"
"7,62 : 0.6224"
"62,7 : 0.6224"
"7,63 : 0.17"
"63,7 : 0.17"
"7,64 : 0.2062"
"64,7 : 0.2062"
"7,65 : 0.7965"
"65,7 : 0.7965"
"7,66 : 0.3324"
"66,7 : 0.3324"
"7,67 : 0.0906"
"67,7 : 0.0906"
"7,68 : 0.2807"
"68,7 : 0.2807"
"7,69 : 0.3536"
"69,7 : 0.3536"
"7,70 : 0.2608"
"70,7 : 0.2608"
"7,71 : 0.2717"
"71,7 : 0.2717"
"7,72 : 0.6981"
"72,7 : 0.6981"
"7,73 : 0.3785"
"73,7 : 0.3785"
"7,74 : 0.483"
"74,7 : 0.483"
"7,75 : 0.12"
"75,7 : 0.12"
"7,76 : 0.2119"
"76,7 : 0.2119"
"7,77 : 0.6708"
"77,7 : 0.6708"
"7,78 : 0.7004"
"78,7 : 0.7004"
"7,79 : 0.9661"
"79,7 : 0.9661"
"7,80 : 0.5204"
"80,7 : 0.5204"
"7,81 : 0.222"
"81,7 : 0.222"
"7,82 : 0.4071"
"82,7 : 0.4071"
"7,83 : 0.7046"
"83,7 : 0.7046"
"7,84 : 0.5704"
"84,7 : 0.5704"
"7,85 : 0.6712"
"85,7 : 0.6712"
"7,86 : 0.5968"
"86,7 : 0.5968"
"7,87 : 0.9759"
"87,7 : 0.9759"
"7,88 : 0.6859"
"88,7 : 0.6859"
"7,89 : 0.6282"
"89,7 : 0.6282"
"7,90 : 0.1217"
"90,7 : 0.1217"
"7,91 : 0.2746"
"91,7 : 0.2746"
"7,92 : 0.6003"
"92,7 : 0.6003"
"7,93 : 0.5408"
"93,7 : 0.5408"
"7,94 : 0.6815"
"94,7 : 0.6815"
"7,95 : 0.26"
"95,7 : 0.26"
"7,96 : 0.6294"
"96,7 : 0.6294"
"7,97 : 0.559"
"97,7 : 0.559"
"7,98 : 0.2648"
"98,7 : 0.2648"
"7,99 : 0.5239"
"99,7 : 0.5239"
"8,9 : 0.4588"
"9,8 : 0.4588"
"8,10 : 0.592"
"10,8 : 0.592"
"8,11 : 0.2159"
"11,8 : 0.2159"
"8,12 : 0.1265"
"12,8 : 0.1265"
"8,13 : 0.3688"
"13,8 : 0.3688"
"8,14 : 0.5482"
"14,8 : 0.5482"
"8,15 : 0.247"
"15,8 : 0.247"
"8,16 : 0.16"
"16,8 : 0.16"
"8,17 : 0.578"
"17,8 : 0.578"
"8,18 : 0.4111"
"18,8 : 0.4111"
"8,19 : 0.4549"
"19,8 : 0.4549"
"8,20 : 0.064"
"20,8 : 0.064"
"8,21 : 0.5604"
"21,8 : 0.5604"
"8,22 : 0.4884"
"22,8 : 0.4884"
"8,23 : 0.5186"
"23,8 : 0.5186"
"8,24 : 0.5508"
"24,8 : 0.5508"
"8,25 : 0.5408"
"25,8 : 0.5408"
"8,26 : 0.4827"
"26,8 : 0.4827"
"8,27 : 0.423"
"27,8 : 0.423"
"8,28 : 0.2907"
"28,8 : 0.2907"
"8,29 : 0.3467"
"29,8 : 0.3467"
"8,30 : 0.6306"
"30,8 : 0.6306"
"8,31 : 0.6932"
"31,8 : 0.6932"
"8,32 : 0.6989"
"32,8 : 0.6989"
"8,33 : 0.3636"
"33,8 : 0.3636"
"8,34 : 0.405"
"34,8 : 0.405"
"8,35 : 0.6488"
"35,8 : 0.6488"
"8,36 : 0.255"
"36,8 : 0.255"
"8,37 : 0.4916"
"37,8 : 0.4916"
"8,38 : 0.4254"
"38,8 : 0.4254"
"8,39 : 0.2154"
"39,8 : 0.2154"
"8,40 : 0.255"
"40,8 : 0.255"
"8,41 : 0.4617"
"41,8 : 0.4617"
"8,42 : 0.5045"
"42,8 : 0.5045"
"8,43 : 0.2377"
"43,8 : 0.2377"
"8,44 : 0.1221"
"44,8 : 0.1221"
"8,45 : 0.5346"
"45,8 : 0.5346"
"8,46 : 0.3712"
"46,8 : 0.3712"
"8,47 : 0.3883"
"47,8 : 0.3883"
"8,48 : 0.7452"
"48,8 : 0.7452"
"8,49 : 0.5187"
"49,8 : 0.5187"
"8,50 : 0.7661"
"50,8 : 0.7661"
"8,51 : 0.6042"
"51,8 : 0.6042"
"8,52 : 0.5771"
"52,8 : 0.5771"
"8,53 : 0.3421"
"53,8 : 0.3421"
"8,54 : 0.4754"
"54,8 : 0.4754"
"8,55 : 0.2823"
"55,8 : 0.2823"
"8,56 : 0.0922"
"56,8 : 0.0922"
"8,57 : 0.43"
"57,8 : 0.43"
"8,58 : 0.3178"
"58,8 : 0.3178"
"8,59 : 0.3027"
"59,8 : 0.3027"
"8,60 : 0.12"
"60,8 : 0.12"
"8,61 : 0.5434"
"61,8 : 0.5434"
"8,62 : 0.0141"
"62,8 : 0.0141"
"8,63 : 0.6661"
"63,8 : 0.6661"
"8,64 : 0.478"
"64,8 : 0.478"
"8,65 : 0.1844"
"65,8 : 0.1844"
"8,66 : 0.4653"
"66,8 : 0.4653"
"8,67 : 0.6586"
"67,8 : 0.6586"
"8,68 : 0.7642"
"68,8 : 0.7642"
"8,69 : 0.5413"
"69,8 : 0.5413"
"8,70 : 0.3883"
"70,8 : 0.3883"
"8,71 : 0.6107"
"71,8 : 0.6107"
"8,72 : 0.3444"
"72,8 : 0.3444"
"8,73 : 0.5166"
"73,8 : 0.5166"
"8,74 : 0.1513"
"74,8 : 0.1513"
"8,75 : 0.5923"
"75,8 : 0.5923"
"8,76 : 0.4163"
"76,8 : 0.4163"
"8,77 : 0.1442"
"77,8 : 0.1442"
"8,78 : 0.3764"
"78,8 : 0.3764"
"8,79 : 0.3859"
"79,8 : 0.3859"
"8,80 : 0.228"
"80,8 : 0.228"
"8,81 : 0.6155"
"81,8 : 0.6155"
"8,82 : 0.483"
"82,8 : 0.483"
"8,83 : 0.16"
"83,8 : 0.16"
"8,84 : 0.2202"
"84,8 : 0.2202"
"8,85 : 0.3828"
"85,8 : 0.3828"
"8,86 : 0.6022"
"86,8 : 0.6022"
"8,87 : 0.4707"
"87,8 : 0.4707"
"8,88 : 0.2693"
"88,8 : 0.2693"
"8,89 : 0.5673"
"89,8 : 0.5673"
"8,90 : 0.6657"
"90,8 : 0.6657"
"8,91 : 0.8106"
"91,8 : 0.8106"
"8,92 : 0.396"
"92,8 : 0.396"
"8,93 : 0.6265"
"93,8 : 0.6265"
"8,94 : 0.5025"
"94,8 : 0.5025"
"8,95 : 0.8323"
"95,8 : 0.8323"
"8,96 : 0.4305"
"96,8 : 0.4305"
"8,97 : 0.3413"
"97,8 : 0.3413"
"8,98 : 0.5304"
"98,8 : 0.5304"
"8,99 : 0.441"
"99,8 : 0.441"
"9,10 : 0.2319"
"10,9 : 0.2319"
"9,11 : 0.5964"
"11,9 : 0.5964"
"9,12 : 0.4717"
"12,9 : 0.4717"
"9,13 : 0.2247"
"13,9 : 0.2247"
"9,14 : 0.0906"
"14,9 : 0.0906"
"9,15 : 0.364"
"15,9 : 0.364"
"9,16 : 0.3087"
"16,9 : 0.3087"
"9,17 : 0.4243"
"17,9 : 0.4243"
"9,18 : 0.763"
"18,9 : 0.763"
"9,19 : 0.7339"
"19,9 : 0.7339"
"9,20 : 0.4002"
"20,9 : 0.4002"
"9,21 : 0.9198"
"21,9 : 0.9198"
"9,22 : 0.6351"
"22,9 : 0.6351"
"9,23 : 0.204"
"23,9 : 0.204"
"9,24 : 0.0922"
"24,9 : 0.0922"
"9,25 : 0.1703"
"25,9 : 0.1703"
"9,26 : 0.2729"
"26,9 : 0.2729"
"9,27 : 0.0825"
"27,9 : 0.0825"
"9,28 : 0.7453"
"28,9 : 0.7453"
"9,29 : 0.3534"
"29,9 : 0.3534"
"9,30 : 0.7684"
"30,9 : 0.7684"
"9,31 : 0.8959"
"31,9 : 0.8959"
"9,32 : 0.9441"
"32,9 : 0.9441"
"9,33 : 0.5061"
"33,9 : 0.5061"
"9,34 : 0.364"
"34,9 : 0.364"
"9,35 : 0.4904"
"35,9 : 0.4904"
"9,36 : 0.2766"
"36,9 : 0.2766"
"9,37 : 0.5381"
"37,9 : 0.5381"
"9,38 : 0.8826"
"38,9 : 0.8826"
"9,39 : 0.3189"
"39,9 : 0.3189"
"9,40 : 0.2062"
"40,9 : 0.2062"
"9,41 : 0.1712"
"41,9 : 0.1712"
"9,42 : 0.4817"
"42,9 : 0.4817"
"9,43 : 0.6351"
"43,9 : 0.6351"
"9,44 : 0.5109"
"44,9 : 0.5109"
"9,45 : 0.6482"
"45,9 : 0.6482"
"9,46 : 0.8257"
"46,9 : 0.8257"
"9,47 : 0.37"
"47,9 : 0.37"
"9,48 : 0.4418"
"48,9 : 0.4418"
"9,49 : 0.7892"
"49,9 : 0.7892"
"9,50 : 0.4901"
"50,9 : 0.4901"
"9,51 : 0.8078"
"51,9 : 0.8078"
"9,52 : 0.8053"
"52,9 : 0.8053"
"9,53 : 0.5665"
"53,9 : 0.5665"
"9,54 : 0.9001"
"54,9 : 0.9001"
"9,55 : 0.1811"
"55,9 : 0.1811"
"9,56 : 0.5413"
"56,9 : 0.5413"
"9,57 : 0.1304"
"57,9 : 0.1304"
"9,58 : 0.3489"
"58,9 : 0.3489"
"9,59 : 0.6444"
"59,9 : 0.6444"
"9,60 : 0.3454"
"60,9 : 0.3454"
"9,61 : 0.0906"
"61,9 : 0.0906"
"9,62 : 0.4657"
"62,9 : 0.4657"
"9,63 : 0.6351"
"63,9 : 0.6351"
"9,64 : 0.2915"
"64,9 : 0.2915"
"9,65 : 0.6316"
"65,9 : 0.6316"
"9,66 : 0.6075"
"66,9 : 0.6075"
"9,67 : 0.4535"
"67,9 : 0.4535"
"9,68 : 0.4374"
"68,9 : 0.4374"
"9,69 : 0.6801"
"69,9 : 0.6801"
"9,70 : 0.2907"
"70,9 : 0.2907"
"9,71 : 0.6718"
"71,9 : 0.6718"
"9,72 : 0.7503"
"72,9 : 0.7503"
"9,73 : 0.6796"
"73,9 : 0.6796"
"9,74 : 0.4205"
"74,9 : 0.4205"
"9,75 : 0.5522"
"75,9 : 0.5522"
"9,76 : 0.368"
"76,9 : 0.368"
"9,77 : 0.3828"
"77,9 : 0.3828"
"9,78 : 0.253"
"78,9 : 0.253"
"9,79 : 0.8377"
"79,9 : 0.8377"
"9,80 : 0.2309"
"80,9 : 0.2309"
"9,81 : 0.3206"
"81,9 : 0.3206"
"9,82 : 0.0906"
"82,9 : 0.0906"
"9,83 : 0.6139"
"83,9 : 0.6139"
"9,84 : 0.2506"
"84,9 : 0.2506"
"9,85 : 0.7642"
"85,9 : 0.7642"
"9,86 : 0.8682"
"86,9 : 0.8682"
"9,87 : 0.9289"
"87,9 : 0.9289"
"9,88 : 0.6907"
"88,9 : 0.6907"
"9,89 : 0.8638"
"89,9 : 0.8638"
"9,90 : 0.4374"
"90,9 : 0.4374"
"9,91 : 0.5049"
"91,9 : 0.5049"
"9,92 : 0.7355"
"92,9 : 0.7355"
"9,93 : 0.8509"
"93,9 : 0.8509"
"9,94 : 0.1897"
"94,9 : 0.1897"
"9,95 : 0.5515"
"95,9 : 0.5515"
"9,96 : 0.1503"
"96,9 : 0.1503"
"9,97 : 0.1414"
"97,9 : 0.1414"
"9,98 : 0.6096"
"98,9 : 0.6096"
"9,99 : 0.7211"
"99,9 : 0.7211"
"10,11 : 0.7716"
"11,10 : 0.7716"
"10,12 : 0.6444"
"12,10 : 0.6444"
"10,13 : 0.4535"
"13,10 : 0.4535"
"10,14 : 0.228"
"14,10 : 0.228"
"10,15 : 0.4016"
"15,10 : 0.4016"
"10,16 : 0.4751"
"16,10 : 0.4751"
"10,17 : 0.6507"
"17,10 : 0.6507"
"10,18 : 0.7852"
"18,10 : 0.7852"
"10,19 : 0.7203"
"19,10 : 0.7203"
"10,20 : 0.528"
"20,10 : 0.528"
"10,21 : 0.9309"
"21,10 : 0.9309"
"10,22 : 0.5727"
"22,10 : 0.5727"
"10,23 : 0.0762"
"23,10 : 0.0762"
"10,24 : 0.2184"
"24,10 : 0.2184"
"10,25 : 0.0632"
"25,10 : 0.0632"
"10,26 : 0.1603"
"26,10 : 0.1603"
"10,27 : 0.314"
"27,10 : 0.314"
"10,28 : 0.8497"
"28,10 : 0.8497"
"10,29 : 0.5787"
"29,10 : 0.5787"
"10,30 : 0.6778"
"30,10 : 0.6778"
"10,31 : 0.8222"
"31,10 : 0.8222"
"10,32 : 0.8877"
"32,10 : 0.8877"
"10,33 : 0.7262"
"33,10 : 0.7262"
"10,34 : 0.5944"
"34,10 : 0.5944"
"10,35 : 0.3048"
"35,10 : 0.3048"
"10,36 : 0.3448"
"36,10 : 0.3448"
"10,37 : 0.4492"
"37,10 : 0.4492"
"10,38 : 1.0102"
"38,10 : 1.0102"
"10,39 : 0.5162"
"39,10 : 0.5162"
"10,40 : 0.3801"
"40,10 : 0.3801"
"10,41 : 0.4001"
"41,10 : 0.4001"
"10,42 : 0.3734"
"42,10 : 0.3734"
"10,43 : 0.8062"
"43,10 : 0.8062"
"10,44 : 0.5993"
"44,10 : 0.5993"
"10,45 : 0.5661"
"45,10 : 0.5661"
"10,46 : 0.9261"
"46,10 : 0.9261"
"10,47 : 0.5991"
"47,10 : 0.5991"
"10,48 : 0.2102"
"48,10 : 0.2102"
"10,49 : 0.7632"
"49,10 : 0.7632"
"10,50 : 0.2608"
"50,10 : 0.2608"
"10,51 : 0.7446"
"51,10 : 0.7446"
"10,52 : 0.755"
"52,10 : 0.755"
"10,53 : 0.5608"
"53,10 : 0.5608"
"10,54 : 0.9605"
"54,10 : 0.9605"
"10,55 : 0.3265"
"55,10 : 0.3265"
"10,56 : 0.6551"
"56,10 : 0.6551"
"10,57 : 0.3622"
"57,10 : 0.3622"
"10,58 : 0.3471"
"58,10 : 0.3471"
"10,59 : 0.8341"
"59,10 : 0.8341"
"10,60 : 0.5021"
"60,10 : 0.5021"
"10,61 : 0.2474"
"61,10 : 0.2474"
"10,62 : 0.5941"
"62,10 : 0.5941"
"10,63 : 0.4841"
"63,10 : 0.4841"
"10,64 : 0.1811"
"64,10 : 0.1811"
"10,65 : 0.7762"
"65,10 : 0.7762"
"10,66 : 0.5492"
"66,10 : 0.5492"
"10,67 : 0.2524"
"67,10 : 0.2524"
"10,68 : 0.2062"
"68,10 : 0.2062"
"10,69 : 0.6044"
"69,10 : 0.6044"
"10,70 : 0.2532"
"70,10 : 0.2532"
"10,71 : 0.559"
"71,10 : 0.559"
"10,72 : 0.8078"
"72,10 : 0.8078"
"10,73 : 0.6161"
"73,10 : 0.6161"
"10,74 : 0.4966"
"74,10 : 0.4966"
"10,75 : 0.4134"
"75,10 : 0.4134"
"10,76 : 0.3007"
"76,10 : 0.3007"
"10,77 : 0.5622"
"77,10 : 0.5622"
"10,78 : 0.4827"
"78,10 : 0.4827"
"10,79 : 0.9765"
"79,10 : 0.9765"
"10,80 : 0.3905"
"80,10 : 0.3905"
"10,81 : 0.103"
"81,10 : 0.103"
"10,82 : 0.1456"
"82,10 : 0.1456"
"10,83 : 0.7256"
"83,10 : 0.7256"
"10,84 : 0.4301"
"84,10 : 0.4301"
"10,85 : 0.8041"
"85,10 : 0.8041"
"10,86 : 0.8302"
"86,10 : 0.8302"
"10,87 : 1.0375"
"87,10 : 1.0375"
"10,88 : 0.7655"
"88,10 : 0.7655"
"10,89 : 0.8429"
"89,10 : 0.8429"
"10,90 : 0.2283"
"90,10 : 0.2283"
"10,91 : 0.2729"
"91,10 : 0.2729"
"10,92 : 0.7543"
"92,10 : 0.7543"
"10,93 : 0.7931"
"93,10 : 0.7931"
"10,94 : 0.4111"
"94,10 : 0.4111"
"10,95 : 0.3202"
"95,10 : 0.3202"
"10,96 : 0.3821"
"96,10 : 0.3821"
"10,97 : 0.3547"
"97,10 : 0.3547"
"10,98 : 0.5187"
"98,10 : 0.5187"
"10,99 : 0.7101"
"99,10 : 0.7101"
"11,12 : 0.1273"
"12,11 : 0.1273"
"11,13 : 0.4301"
"13,11 : 0.4301"
"11,14 : 0.6774"
"14,11 : 0.6774"
"11,15 : 0.4617"
"15,11 : 0.4617"
"11,16 : 0.297"
"16,11 : 0.297"
"11,17 : 0.5558"
"17,11 : 0.5558"
"11,18 : 0.5459"
"18,11 : 0.5459"
"11,19 : 0.623"
"19,11 : 0.623"
"11,20 : 0.2693"
"20,11 : 0.2693"
"11,21 : 0.6701"
"21,11 : 0.6701"
"11,22 : 0.6912"
"22,11 : 0.6912"
"11,23 : 0.7029"
"23,11 : 0.7029"
"11,24 : 0.6826"
"24,11 : 0.6826"
"11,25 : 0.7142"
"25,11 : 0.7142"
"11,26 : 0.6826"
"26,11 : 0.6826"
"11,27 : 0.5371"
"27,11 : 0.5371"
"11,28 : 0.3061"
"28,11 : 0.3061"
"11,29 : 0.3406"
"29,11 : 0.3406"
"11,30 : 0.8273"
"30,11 : 0.8273"
"11,31 : 0.8698"
"31,11 : 0.8698"
"11,32 : 0.8601"
"32,11 : 0.8601"
"11,33 : 0.26"
"33,11 : 0.26"
"11,34 : 0.3901"
"34,11 : 0.3901"
"11,35 : 0.8616"
"35,11 : 0.8616"
"11,36 : 0.4565"
"36,11 : 0.4565"
"11,37 : 0.7058"
"37,11 : 0.7058"
"11,38 : 0.3423"
"38,11 : 0.3423"
"11,39 : 0.2818"
"39,11 : 0.2818"
"11,40 : 0.397"
"40,11 : 0.397"
"11,41 : 0.5376"
"41,11 : 0.5376"
"11,42 : 0.7203"
"42,11 : 0.7203"
"11,43 : 0.0412"
"43,11 : 0.0412"
"11,44 : 0.3106"
"44,11 : 0.3106"
"11,45 : 0.7403"
"45,11 : 0.7403"
"11,46 : 0.3672"
"46,11 : 0.3672"
"11,47 : 0.3701"
"47,11 : 0.3701"
"11,48 : 0.943"
"48,11 : 0.943"
"11,49 : 0.6835"
"49,11 : 0.6835"
"11,50 : 0.969"
"50,11 : 0.969"
"11,51 : 0.7859"
"51,11 : 0.7859"
"11,52 : 0.7529"
"52,11 : 0.7529"
"11,53 : 0.5415"
"53,11 : 0.5415"
"11,54 : 0.5263"
"54,11 : 0.5263"
"11,55 : 0.4455"
"55,11 : 0.4455"
"11,56 : 0.2335"
"56,11 : 0.2335"
"11,57 : 0.5239"
"57,11 : 0.5239"
"11,58 : 0.5314"
"58,11 : 0.5314"
"11,59 : 0.0906"
"59,11 : 0.0906"
"11,60 : 0.2702"
"60,11 : 0.2702"
"11,61 : 0.6673"
"61,11 : 0.6673"
"11,62 : 0.2236"
"62,11 : 0.2236"
"11,63 : 0.8812"
"63,11 : 0.8812"
"11,64 : 0.681"
"64,11 : 0.681"
"11,65 : 0.1273"
"65,11 : 0.1273"
"11,66 : 0.6703"
"66,11 : 0.6703"
"11,67 : 0.8676"
"67,11 : 0.8676"
"11,68 : 0.958"
"68,11 : 0.958"
"11,69 : 0.7424"
"69,11 : 0.7424"
"11,70 : 0.5948"
"70,11 : 0.5948"
"11,71 : 0.8202"
"71,11 : 0.8202"
"11,72 : 0.4441"
"72,11 : 0.4441"
"11,73 : 0.7145"
"73,11 : 0.7145"
"11,74 : 0.3667"
"74,11 : 0.3667"
"11,75 : 0.8081"
"75,11 : 0.8081"
"11,76 : 0.6297"
"76,11 : 0.6297"
"11,77 : 0.214"
"77,11 : 0.214"
"11,78 : 0.422"
"78,11 : 0.422"
"11,79 : 0.2802"
"79,11 : 0.2802"
"11,80 : 0.3818"
"80,11 : 0.3818"
"11,81 : 0.8102"
"81,11 : 0.8102"
"11,82 : 0.6444"
"82,11 : 0.6444"
"11,83 : 0.2371"
"83,11 : 0.2371"
"11,84 : 0.3483"
"84,11 : 0.3483"
"11,85 : 0.4993"
"85,11 : 0.4993"
"11,86 : 0.7616"
"86,11 : 0.7616"
"11,87 : 0.4245"
"87,11 : 0.4245"
"11,88 : 0.3689"
"88,11 : 0.3689"
"11,89 : 0.7155"
"89,11 : 0.7155"
"11,90 : 0.8724"
"90,11 : 0.8724"
"11,91 : 1.0096"
"91,11 : 1.0096"
"11,92 : 0.5413"
"92,11 : 0.5413"
"11,93 : 0.8001"
"93,11 : 0.8001"
"11,94 : 0.5728"
"94,11 : 0.5728"
"11,95 : 1.0359"
"95,11 : 1.0359"
"11,96 : 0.5162"
"96,11 : 0.5162"
"11,97 : 0.4579"
"97,11 : 0.4579"
"11,98 : 0.7406"
"98,11 : 0.7406"
"11,99 : 0.6103"
"99,11 : 0.6103"
"12,13 : 0.3225"
"13,12 : 0.3225"
"12,14 : 0.5547"
"14,12 : 0.5547"
"12,15 : 0.3536"
"15,12 : 0.3536"
"12,16 : 0.1697"
"16,12 : 0.1697"
"12,17 : 0.4904"
"17,12 : 0.4904"
"12,18 : 0.524"
"18,12 : 0.524"
"12,19 : 0.578"
"19,12 : 0.578"
"12,20 : 0.1603"
"20,12 : 0.1603"
"12,21 : 0.666"
"21,12 : 0.666"
"12,22 : 0.6139"
"22,12 : 0.6139"
"12,23 : 0.5763"
"23,12 : 0.5763"
"12,24 : 0.5595"
"24,12 : 0.5595"
"12,25 : 0.5869"
"25,12 : 0.5869"
"12,26 : 0.5595"
"26,12 : 0.5595"
"12,27 : 0.4163"
"27,12 : 0.4163"
"12,28 : 0.3448"
"28,12 : 0.3448"
"12,29 : 0.2596"
"29,12 : 0.2596"
"12,30 : 0.7569"
"30,12 : 0.7569"
"12,31 : 0.8186"
"31,12 : 0.8186"
"12,32 : 0.8215"
"32,12 : 0.8215"
"12,33 : 0.2421"
"33,12 : 0.2421"
"12,34 : 0.3162"
"34,12 : 0.3162"
"12,35 : 0.7463"
"35,12 : 0.7463"
"12,36 : 0.3362"
"36,12 : 0.3362"
"12,37 : 0.61"
"37,12 : 0.61"
"12,38 : 0.4329"
"38,12 : 0.4329"
"12,39 : 0.1649"
"39,12 : 0.1649"
"12,40 : 0.2702"
"40,12 : 0.2702"
"12,41 : 0.4276"
"41,12 : 0.4276"
"12,42 : 0.6152"
"42,12 : 0.6152"
"12,43 : 0.164"
"43,12 : 0.164"
"12,44 : 0.246"
"44,12 : 0.246"
"12,45 : 0.6592"
"45,12 : 0.6592"
"12,46 : 0.4198"
"46,12 : 0.4198"
"12,47 : 0.2973"
"47,12 : 0.2973"
"12,48 : 0.8184"
"48,12 : 0.8184"
"12,49 : 0.6414"
"49,12 : 0.6414"
"12,50 : 0.846"
"50,12 : 0.846"
"12,51 : 0.7301"
"51,12 : 0.7301"
"12,52 : 0.7021"
"52,12 : 0.7021"
"12,53 : 0.4684"
"53,12 : 0.4684"
"12,54 : 0.5546"
"54,12 : 0.5546"
"12,55 : 0.3183"
"55,12 : 0.3183"
"12,56 : 0.191"
"56,12 : 0.191"
"12,57 : 0.408"
"57,12 : 0.408"
"12,58 : 0.4198"
"58,12 : 0.4198"
"12,59 : 0.197"
"59,12 : 0.197"
"12,60 : 0.1442"
"60,12 : 0.1442"
"12,61 : 0.5456"
"61,12 : 0.5456"
"12,62 : 0.1393"
"62,12 : 0.1393"
"12,63 : 0.7816"
"63,12 : 0.7816"
"12,64 : 0.559"
"64,12 : 0.559"
"12,65 : 0.18"
"65,12 : 0.18"
"12,66 : 0.5903"
"66,12 : 0.5903"
"12,67 : 0.7485"
"67,12 : 0.7485"
"12,68 : 0.8323"
"68,12 : 0.8323"
"12,69 : 0.6671"
"69,12 : 0.6671"
"12,70 : 0.4754"
"70,12 : 0.4754"
"12,71 : 0.7333"
"71,12 : 0.7333"
"12,72 : 0.442"
"72,12 : 0.442"
"12,73 : 0.6429"
"73,12 : 0.6429"
"12,74 : 0.2707"
"74,12 : 0.2707"
"12,75 : 0.7046"
"75,12 : 0.7046"
"12,76 : 0.5166"
"76,12 : 0.5166"
"12,77 : 0.0894"
"77,12 : 0.0894"
"12,78 : 0.3202"
"78,12 : 0.3202"
"12,79 : 0.3785"
"79,12 : 0.3785"
"12,80 : 0.2546"
"80,12 : 0.2546"
"12,81 : 0.6851"
"81,12 : 0.6851"
"12,82 : 0.5174"
"82,12 : 0.5174"
"12,83 : 0.2332"
"83,12 : 0.2332"
"12,84 : 0.222"
"84,12 : 0.222"
"12,85 : 0.4884"
"85,12 : 0.4884"
"12,86 : 0.724"
"86,12 : 0.724"
"12,87 : 0.5004"
"87,12 : 0.5004"
"12,88 : 0.364"
"88,12 : 0.364"
"12,89 : 0.686"
"89,12 : 0.686"
"12,90 : 0.7515"
"90,12 : 0.7515"
"12,91 : 0.8851"
"91,12 : 0.8851"
"12,92 : 0.5122"
"92,12 : 0.5122"
"12,93 : 0.7513"
"93,12 : 0.7513"
"12,94 : 0.4653"
"94,12 : 0.4653"
"12,95 : 0.913"
"95,12 : 0.913"
"12,96 : 0.4026"
"96,12 : 0.4026"
"12,97 : 0.3354"
"97,12 : 0.3354"
"12,98 : 0.6528"
"98,12 : 0.6528"
"12,99 : 0.5644"
"99,12 : 0.5644"
"13,14 : 0.278"
"14,13 : 0.278"
"13,15 : 0.4111"
"15,13 : 0.4111"
"13,16 : 0.2154"
"16,13 : 0.2154"
"13,17 : 0.2524"
"17,13 : 0.2524"
"13,18 : 0.7559"
"18,13 : 0.7559"
"13,19 : 0.764"
"19,13 : 0.764"
"13,20 : 0.3324"
"20,13 : 0.3324"
"13,21 : 0.9124"
"21,13 : 0.9124"
"13,22 : 0.7184"
"22,13 : 0.7184"
