x,y
0.12,0.38
0.92,0.19
0.71,0.57
0.69,0.59
0.93,0.64
0.91,0.25
0.93,0.72
0.86,0.51
0.34,0.91
0.48,0.79
0.88,0.18
0.77,0.8
0.88,0.65
0.28,0.83
0.01,0.88
0.44,0.43
0.24,0.22
0.95,0.05
0.87,0.3
0.89,0.48
0.39,0.51
0.51,0.08
1.0,0.47
0.22,0.13
0.47,0.03
0.73,0.9
0.24,0.51
0.71,0.69
0.63,0.86
0.42,0.12
0.93,0.44
0.93,0.08
0.04,0.64
0.84,0.41
0.25,0.02
0.08,0.76
0.09,0.53
0.09,0.7
0.69,0.25
0.43,0.22
0.27,0.44
0.07,0.11
0.85,0.31
0.29,0.14
0.61,0.61
0.09,0.73
0.86,0.75
0.21,0.64
0.18,0.68
0.19,0.3
0.54,0.98
0.62,0.16
0.09,0.96
0.29,0.15
0.63,0.19
0.6,0.37
0.56,0.25
0.23,0.44
0.91,0.39
0.36,0.73
0.62,0.41
0.35,0.34
0.35,0.06
0.15,0.86
0.38,0.36
0.36,0.69
0.85,0.11
0.33,0.84
0.36,0.61
0.31,0.84
0.47,0.74
0.41,0.23
0.99,0.41
0.86,0.76
0.15,0.77
0.33,0.04
0.26,0.34
0.81,0.11
0.79,0.53
0.79,0.79
0.1,0.11
0.75,0.21
0.51,0.47
0.63,0.95
0.66,0.52
0.8,0.63
0.34,0.61
0.02,0.4
0.76,0.04
0.45,0.82
0.27,0.84
0.4,0.54
0.82,0.94
0.12,0.86
0.49,0.12
0.11,0.06
0.62,0.77
0.14,0.52
0.99,0.41
0.6,0.93

Distanze
"0,1 : 0.8223"
"1,0 : 0.8223"
"0,2 : 0.6198"
"2,0 : 0.6198"
"0,3 : 0.6075"
"3,0 : 0.6075"
"0,4 : 0.8507"
"4,0 : 0.8507"
"0,5 : 0.8006"
"5,0 : 0.8006"
"0,6 : 0.8785"
"6,0 : 0.8785"
"0,7 : 0.7513"
"7,0 : 0.7513"
"0,8 : 0.5738"
"8,0 : 0.5738"
"0,9 : 0.5456"
"9,0 : 0.5456"
"0,10 : 0.7859"
"10,0 : 0.7859"
"0,11 : 0.7739"
"11,0 : 0.7739"
"0,12 : 0.8065"
"12,0 : 0.8065"
"0,13 : 0.4776"
"13,0 : 0.4776"
"0,14 : 0.512"
"14,0 : 0.512"
"0,15 : 0.3239"
"15,0 : 0.3239"
"0,16 : 0.2"
"16,0 : 0.2"
"0,17 : 0.8932"
"17,0 : 0.8932"
"0,18 : 0.7543"
"18,0 : 0.7543"
"0,19 : 0.7765"
"19,0 : 0.7765"
"0,20 : 0.2997"
"20,0 : 0.2997"
"0,21 : 0.492"
"21,0 : 0.492"
"0,22 : 0.8846"
"22,0 : 0.8846"
"0,23 : 0.2693"
"23,0 : 0.2693"
"0,24 : 0.495"
"24,0 : 0.495"
"0,25 : 0.8016"
"25,0 : 0.8016"
"0,26 : 0.1769"
"26,0 : 0.1769"
"0,27 : 0.6665"
"27,0 : 0.6665"
"0,28 : 0.7004"
"28,0 : 0.7004"
"0,29 : 0.397"
"29,0 : 0.397"
"0,30 : 0.8122"
"30,0 : 0.8122"
"0,31 : 0.8638"
"31,0 : 0.8638"
"0,32 : 0.272"
"32,0 : 0.272"
"0,33 : 0.7206"
"33,0 : 0.7206"
"0,34 : 0.3828"
"34,0 : 0.3828"
"0,35 : 0.3821"
"35,0 : 0.3821"
"0,36 : 0.153"
"36,0 : 0.153"
"0,37 : 0.3214"
"37,0 : 0.3214"
"0,38 : 0.5846"
"38,0 : 0.5846"
"0,39 : 0.3489"
"39,0 : 0.3489"
"0,40 : 0.1616"
"40,0 : 0.1616"
"0,41 : 0.2746"
"41,0 : 0.2746"
"0,42 : 0.7333"
"42,0 : 0.7333"
"0,43 : 0.2941"
"43,0 : 0.2941"
"0,44 : 0.5413"
"44,0 : 0.5413"
"0,45 : 0.3513"
"45,0 : 0.3513"
"0,46 : 0.8273"
"46,0 : 0.8273"
"0,47 : 0.2751"
"47,0 : 0.2751"
"0,48 : 0.3059"
"48,0 : 0.3059"
"0,49 : 0.1063"
"49,0 : 0.1063"
"0,50 : 0.7324"
"50,0 : 0.7324"
"0,51 : 0.5463"
"51,0 : 0.5463"
"0,52 : 0.5808"
"52,0 : 0.5808"
"0,53 : 0.286"
"53,0 : 0.286"
"0,54 : 0.5442"
"54,0 : 0.5442"
"0,55 : 0.4801"
"55,0 : 0.4801"
"0,56 : 0.4588"
"56,0 : 0.4588"
"0,57 : 0.1253"
"57,0 : 0.1253"
"0,58 : 0.7901"
"58,0 : 0.7901"
"0,59 : 0.4244"
"59,0 : 0.4244"
"0,60 : 0.5009"
"60,0 : 0.5009"
"0,61 : 0.2335"
"61,0 : 0.2335"
"0,62 : 0.3941"
"62,0 : 0.3941"
"0,63 : 0.4809"
"63,0 : 0.4809"
"0,64 : 0.2608"
"64,0 : 0.2608"
"0,65 : 0.392"
"65,0 : 0.392"
"0,66 : 0.7783"
"66,0 : 0.7783"
"0,67 : 0.5057"
"67,0 : 0.5057"
"0,68 : 0.3324"
"68,0 : 0.3324"
"0,69 : 0.4977"
"69,0 : 0.4977"
"0,70 : 0.5021"
"70,0 : 0.5021"
"0,71 : 0.3265"
"71,0 : 0.3265"
"0,72 : 0.8705"
"72,0 : 0.8705"
"0,73 : 0.8319"
"73,0 : 0.8319"
"0,74 : 0.3912"
"74,0 : 0.3912"
"0,75 : 0.3996"
"75,0 : 0.3996"
"0,76 : 0.1456"
"76,0 : 0.1456"
"0,77 : 0.7409"
"77,0 : 0.7409"
"0,78 : 0.6866"
"78,0 : 0.6866"
"0,79 : 0.7855"
"79,0 : 0.7855"
"0,80 : 0.2707"
"80,0 : 0.2707"
"0,81 : 0.6525"
"81,0 : 0.6525"
"0,82 : 0.4002"
"82,0 : 0.4002"
"0,83 : 0.7649"
"83,0 : 0.7649"
"0,84 : 0.5579"
"84,0 : 0.5579"
"0,85 : 0.7245"
"85,0 : 0.7245"
"0,86 : 0.3183"
"86,0 : 0.3183"
"0,87 : 0.102"
"87,0 : 0.102"
"0,88 : 0.7247"
"88,0 : 0.7247"
"0,89 : 0.55"
"89,0 : 0.55"
"0,90 : 0.4838"
"90,0 : 0.4838"
"0,91 : 0.3225"
"91,0 : 0.3225"
"0,92 : 0.8964"
"92,0 : 0.8964"
"0,93 : 0.48"
"93,0 : 0.48"
"0,94 : 0.4522"
"94,0 : 0.4522"
"0,95 : 0.3202"
"95,0 : 0.3202"
"0,96 : 0.6341"
"96,0 : 0.6341"
"0,97 : 0.1414"
"97,0 : 0.1414"
"0,98 : 0.8705"
"98,0 : 0.8705"
"0,99 : 0.73"
"99,0 : 0.73"
"1,2 : 0.4342"
"2,1 : 0.4342"
"1,3 : 0.4614"
"3,1 : 0.4614"
"1,4 : 0.4501"
"4,1 : 0.4501"
"1,5 : 0.0608"
"5,1 : 0.0608"
"1,6 : 0.5301"
"6,1 : 0.5301"
"1,7 : 0.3256"
"7,1 : 0.3256"
"1,8 : 0.9246"
"8,1 : 0.9246"
"1,9 : 0.744"
"9,1 : 0.744"
"1,10 : 0.0412"
"10,1 : 0.0412"
"1,11 : 0.6282"
"11,1 : 0.6282"
"1,12 : 0.4617"
"12,1 : 0.4617"
"1,13 : 0.9051"
"13,1 : 0.9051"
"1,14 : 1.142"
"14,1 : 1.142"
"1,15 : 0.5367"
"15,1 : 0.5367"
"1,16 : 0.6807"
"16,1 : 0.6807"
"1,17 : 0.1432"
"17,1 : 0.1432"
"1,18 : 0.1208"
"18,1 : 0.1208"
"1,19 : 0.2915"
"19,1 : 0.2915"
"1,20 : 0.6191"
"20,1 : 0.6191"
"1,21 : 0.4245"
"21,1 : 0.4245"
"1,22 : 0.2912"
"22,1 : 0.2912"
"1,23 : 0.7026"
"23,1 : 0.7026"
"1,24 : 0.4776"
"24,1 : 0.4776"
"1,25 : 0.735"
"25,1 : 0.735"
"1,26 : 0.7515"
"26,1 : 0.7515"
"1,27 : 0.5423"
"27,1 : 0.5423"
"1,28 : 0.7301"
"28,1 : 0.7301"
"1,29 : 0.5049"
"29,1 : 0.5049"
"1,30 : 0.2502"
"30,1 : 0.2502"
"1,31 : 0.1105"
"31,1 : 0.1105"
"1,32 : 0.9884"
"32,1 : 0.9884"
"1,33 : 0.2341"
"33,1 : 0.2341"
"1,34 : 0.6912"
"34,1 : 0.6912"
"1,35 : 1.0151"
"35,1 : 1.0151"
"1,36 : 0.8969"
"36,1 : 0.8969"
"1,37 : 0.9742"
"37,1 : 0.9742"
"1,38 : 0.2377"
"38,1 : 0.2377"
"1,39 : 0.4909"
"39,1 : 0.4909"
"1,40 : 0.6964"
"40,1 : 0.6964"
"1,41 : 0.8538"
"41,1 : 0.8538"
"1,42 : 0.1389"
"42,1 : 0.1389"
"1,43 : 0.632"
"43,1 : 0.632"
"1,44 : 0.522"
"44,1 : 0.522"
"1,45 : 0.9902"
"45,1 : 0.9902"
"1,46 : 0.5632"
"46,1 : 0.5632"
"1,47 : 0.8406"
"47,1 : 0.8406"
"1,48 : 0.8875"
"48,1 : 0.8875"
"1,49 : 0.7382"
"49,1 : 0.7382"
"1,50 : 0.8766"
"50,1 : 0.8766"
"1,51 : 0.3015"
"51,1 : 0.3015"
"1,52 : 1.1322"
"52,1 : 1.1322"
"1,53 : 0.6313"
"53,1 : 0.6313"
"1,54 : 0.29"
"54,1 : 0.29"
"1,55 : 0.3672"
"55,1 : 0.3672"
"1,56 : 0.365"
"56,1 : 0.365"
"1,57 : 0.7339"
"57,1 : 0.7339"
"1,58 : 0.2002"
"58,1 : 0.2002"
"1,59 : 0.7779"
"59,1 : 0.7779"
"1,60 : 0.372"
"60,1 : 0.372"
"1,61 : 0.5894"
"61,1 : 0.5894"
"1,62 : 0.5846"
"62,1 : 0.5846"
"1,63 : 1.0207"
"63,1 : 1.0207"
"1,64 : 0.5661"
"64,1 : 0.5661"
"1,65 : 0.7507"
"65,1 : 0.7507"
"1,66 : 0.1063"
"66,1 : 0.1063"
"1,67 : 0.8778"
"67,1 : 0.8778"
"1,68 : 0.7"
"68,1 : 0.7"
"1,69 : 0.8914"
"69,1 : 0.8914"
"1,70 : 0.7106"
"70,1 : 0.7106"
"1,71 : 0.5116"
"71,1 : 0.5116"
"1,72 : 0.2309"
"72,1 : 0.2309"
"1,73 : 0.5731"
"73,1 : 0.5731"
"1,74 : 0.964"
"74,1 : 0.964"
"1,75 : 0.6088"
"75,1 : 0.6088"
"1,76 : 0.6768"
"76,1 : 0.6768"
"1,77 : 0.136"
"77,1 : 0.136"
"1,78 : 0.364"
"78,1 : 0.364"
"1,79 : 0.6139"
"79,1 : 0.6139"
"1,80 : 0.8239"
"80,1 : 0.8239"
"1,81 : 0.1712"
"81,1 : 0.1712"
"1,82 : 0.4965"
"82,1 : 0.4965"
"1,83 : 0.8134"
"83,1 : 0.8134"
"1,84 : 0.4201"
"84,1 : 0.4201"
"1,85 : 0.4561"
"85,1 : 0.4561"
"1,86 : 0.7161"
"86,1 : 0.7161"
"1,87 : 0.9242"
"87,1 : 0.9242"
"1,88 : 0.2193"
"88,1 : 0.2193"
"1,89 : 0.786"
"89,1 : 0.786"
"1,90 : 0.9192"
"90,1 : 0.9192"
"1,91 : 0.6268"
"91,1 : 0.6268"
"1,92 : 0.7566"
"92,1 : 0.7566"
"1,93 : 1.0435"
"93,1 : 1.0435"
"1,94 : 0.4357"
"94,1 : 0.4357"
"1,95 : 0.8204"
"95,1 : 0.8204"
"1,96 : 0.653"
"96,1 : 0.653"
"1,97 : 0.8469"
"97,1 : 0.8469"
"1,98 : 0.2309"
"98,1 : 0.2309"
"1,99 : 0.8062"
"99,1 : 0.8062"
"2,3 : 0.0283"
"3,2 : 0.0283"
"2,4 : 0.2309"
"4,2 : 0.2309"
"2,5 : 0.3774"
"5,2 : 0.3774"
"2,6 : 0.2663"
"6,2 : 0.2663"
"2,7 : 0.1616"
"7,2 : 0.1616"
"2,8 : 0.5025"
"8,2 : 0.5025"
"2,9 : 0.3183"
"9,2 : 0.3183"
"2,10 : 0.4254"
"10,2 : 0.4254"
"2,11 : 0.2377"
"11,2 : 0.2377"
"2,12 : 0.1879"
"12,2 : 0.1879"
"2,13 : 0.5025"
"13,2 : 0.5025"
"2,14 : 0.7656"
"14,2 : 0.7656"
"2,15 : 0.3041"
"15,2 : 0.3041"
"2,16 : 0.586"
"16,2 : 0.586"
"2,17 : 0.5727"
"17,2 : 0.5727"
"2,18 : 0.3138"
"18,2 : 0.3138"
"2,19 : 0.2012"
"19,2 : 0.2012"
"2,20 : 0.3256"
"20,2 : 0.3256"
"2,21 : 0.5292"
"21,2 : 0.5292"
"2,22 : 0.3068"
"22,2 : 0.3068"
"2,23 : 0.6586"
"23,2 : 0.6586"
"2,24 : 0.5909"
"24,2 : 0.5909"
"2,25 : 0.3306"
"25,2 : 0.3306"
"2,26 : 0.4738"
"26,2 : 0.4738"
"2,27 : 0.12"
"27,2 : 0.12"
"2,28 : 0.3008"
"28,2 : 0.3008"
"2,29 : 0.5354"
"29,2 : 0.5354"
"2,30 : 0.2555"
"30,2 : 0.2555"
"2,31 : 0.5371"
"31,2 : 0.5371"
"2,32 : 0.6736"
"32,2 : 0.6736"
"2,33 : 0.2062"
"33,2 : 0.2062"
"2,34 : 0.717"
"34,2 : 0.717"
"2,35 : 0.658"
"35,2 : 0.658"
"2,36 : 0.6213"
"36,2 : 0.6213"
"2,37 : 0.6335"
"37,2 : 0.6335"
"2,38 : 0.3206"
"38,2 : 0.3206"
"2,39 : 0.4482"
"39,2 : 0.4482"
"2,40 : 0.4588"
"40,2 : 0.4588"
"2,41 : 0.7882"
"41,2 : 0.7882"
"2,42 : 0.2953"
"42,2 : 0.2953"
"2,43 : 0.6011"
"43,2 : 0.6011"
"2,44 : 0.1077"
"44,2 : 0.1077"
"2,45 : 0.6403"
"45,2 : 0.6403"
"2,46 : 0.2343"
"46,2 : 0.2343"
"2,47 : 0.5049"
"47,2 : 0.5049"
"2,48 : 0.5413"
"48,2 : 0.5413"
"2,49 : 0.5859"
"49,2 : 0.5859"
"2,50 : 0.4438"
"50,2 : 0.4438"
"2,51 : 0.4198"
"51,2 : 0.4198"
"2,52 : 0.7325"
"52,2 : 0.7325"
"2,53 : 0.594"
"53,2 : 0.594"
"2,54 : 0.3883"
"54,2 : 0.3883"
"2,55 : 0.2283"
"55,2 : 0.2283"
"2,56 : 0.3534"
"56,2 : 0.3534"
"2,57 : 0.4973"
"57,2 : 0.4973"
"2,58 : 0.2691"
"58,2 : 0.2691"
"2,59 : 0.3848"
"59,2 : 0.3848"
"2,60 : 0.1836"
"60,2 : 0.1836"
"2,61 : 0.4272"
"61,2 : 0.4272"
"2,62 : 0.6243"
"62,2 : 0.6243"
"2,63 : 0.6306"
"63,2 : 0.6306"
"2,64 : 0.3912"
"64,2 : 0.3912"
"2,65 : 0.37"
"65,2 : 0.37"
"2,66 : 0.4808"
"66,2 : 0.4808"
"2,67 : 0.4662"
"67,2 : 0.4662"
"2,68 : 0.3523"
"68,2 : 0.3523"
"2,69 : 0.4826"
"69,2 : 0.4826"
"2,70 : 0.2941"
"70,2 : 0.2941"
"2,71 : 0.4534"
"71,2 : 0.4534"
"2,72 : 0.3225"
"72,2 : 0.3225"
"2,73 : 0.2421"
"73,2 : 0.2421"
"2,74 : 0.5946"
"74,2 : 0.5946"
"2,75 : 0.6522"
"75,2 : 0.6522"
"2,76 : 0.5054"
"76,2 : 0.5054"
"2,77 : 0.4707"
"77,2 : 0.4707"
"2,78 : 0.0894"
"78,2 : 0.0894"
"2,79 : 0.2341"
"79,2 : 0.2341"
"2,80 : 0.764"
"80,2 : 0.764"
"2,81 : 0.3622"
"81,2 : 0.3622"
"2,82 : 0.2236"
"82,2 : 0.2236"
"2,83 : 0.3883"
"83,2 : 0.3883"
"2,84 : 0.0707"
"84,2 : 0.0707"
"2,85 : 0.1082"
"85,2 : 0.1082"
"2,86 : 0.3722"
"86,2 : 0.3722"
"2,87 : 0.7106"
"87,2 : 0.7106"
"2,88 : 0.5324"
"88,2 : 0.5324"
"2,89 : 0.3607"
"89,2 : 0.3607"
"2,90 : 0.5162"
"90,2 : 0.5162"
"2,91 : 0.3114"
"91,2 : 0.3114"
"2,92 : 0.386"
"92,2 : 0.386"
"2,93 : 0.6574"
"93,2 : 0.6574"
"2,94 : 0.5009"
"94,2 : 0.5009"
"2,95 : 0.7875"
"95,2 : 0.7875"
"2,96 : 0.2193"
"96,2 : 0.2193"
"2,97 : 0.5722"
"97,2 : 0.5722"
"2,98 : 0.3225"
"98,2 : 0.3225"
"2,99 : 0.3764"
"99,2 : 0.3764"
"3,4 : 0.2452"
"4,3 : 0.2452"
"3,5 : 0.405"
"5,3 : 0.405"
"3,6 : 0.2729"
"6,3 : 0.2729"
"3,7 : 0.1879"
"7,3 : 0.1879"
"3,8 : 0.4742"
"8,3 : 0.4742"
"3,9 : 0.29"
"9,3 : 0.29"
"3,10 : 0.4519"
"10,3 : 0.4519"
"3,11 : 0.2247"
"11,3 : 0.2247"
"3,12 : 0.1992"
"12,3 : 0.1992"
"3,13 : 0.4751"
"13,3 : 0.4751"
"3,14 : 0.7393"
"14,3 : 0.7393"
"3,15 : 0.2968"
"15,3 : 0.2968"
"3,16 : 0.5826"
"16,3 : 0.5826"
"3,17 : 0.5993"
"17,3 : 0.5993"
"3,18 : 0.3413"
"18,3 : 0.3413"
"3,19 : 0.2283"
"19,3 : 0.2283"
"3,20 : 0.3105"
"20,3 : 0.3105"
"3,21 : 0.5408"
"21,3 : 0.5408"
"3,22 : 0.3324"
"22,3 : 0.3324"
"3,23 : 0.6576"
"23,3 : 0.6576"
"3,24 : 0.6017"
"24,3 : 0.6017"
"3,25 : 0.3126"
"25,3 : 0.3126"
"3,26 : 0.4571"
"26,3 : 0.4571"
"3,27 : 0.102"
"27,3 : 0.102"
"3,28 : 0.2766"
"28,3 : 0.2766"
"3,29 : 0.542"
"29,3 : 0.542"
"3,30 : 0.283"
"30,3 : 0.283"
"3,31 : 0.5636"
"31,3 : 0.5636"
"3,32 : 0.6519"
"32,3 : 0.6519"
"3,33 : 0.2343"
"33,3 : 0.2343"
"3,34 : 0.7201"
"34,3 : 0.7201"
"3,35 : 0.6332"
"35,3 : 0.6332"
"3,36 : 0.603"
"36,3 : 0.603"
"3,37 : 0.61"
"37,3 : 0.61"
"3,38 : 0.34"
"38,3 : 0.34"
"3,39 : 0.4522"
"39,3 : 0.4522"
"3,40 : 0.446"
"40,3 : 0.446"
"3,41 : 0.7841"
"41,3 : 0.7841"
"3,42 : 0.3225"
"42,3 : 0.3225"
"3,43 : 0.6021"
"43,3 : 0.6021"
"3,44 : 0.0825"
"44,3 : 0.0825"
"3,45 : 0.6161"
"45,3 : 0.6161"
"3,46 : 0.2335"
"46,3 : 0.2335"
"3,47 : 0.4826"
"47,3 : 0.4826"
"3,48 : 0.5179"
"48,3 : 0.5179"
"3,49 : 0.578"
"49,3 : 0.578"
"3,50 : 0.4179"
"50,3 : 0.4179"
"3,51 : 0.4357"
"51,3 : 0.4357"
"3,52 : 0.7049"
"52,3 : 0.7049"
"3,53 : 0.5946"
"53,3 : 0.5946"
"3,54 : 0.4045"
"54,3 : 0.4045"
"3,55 : 0.2377"
"55,3 : 0.2377"
"3,56 : 0.364"
"56,3 : 0.364"
"3,57 : 0.4838"
"57,3 : 0.4838"
"3,58 : 0.2973"
"58,3 : 0.2973"
"3,59 : 0.3585"
"59,3 : 0.3585"
"3,60 : 0.1931"
"60,3 : 0.1931"
"3,61 : 0.422"
"61,3 : 0.422"
"3,62 : 0.6297"
"62,3 : 0.6297"
"3,63 : 0.6037"
"63,3 : 0.6037"
"3,64 : 0.386"
"64,3 : 0.386"
"3,65 : 0.3448"
"65,3 : 0.3448"
"3,66 : 0.506"
"66,3 : 0.506"
"3,67 : 0.4383"
"67,3 : 0.4383"
"3,68 : 0.3306"
"68,3 : 0.3306"
"3,69 : 0.4549"
"69,3 : 0.4549"
"3,70 : 0.2663"
"70,3 : 0.2663"
"3,71 : 0.4561"
"71,3 : 0.4561"
"3,72 : 0.3499"
"72,3 : 0.3499"
"3,73 : 0.2404"
"73,3 : 0.2404"
"3,74 : 0.5692"
"74,3 : 0.5692"
"3,75 : 0.6573"
"75,3 : 0.6573"
"3,76 : 0.4974"
"76,3 : 0.4974"
"3,77 : 0.4948"
"77,3 : 0.4948"
"3,78 : 0.1166"
"78,3 : 0.1166"
"3,79 : 0.2236"
"79,3 : 0.2236"
"3,80 : 0.7606"
"80,3 : 0.7606"
"3,81 : 0.3847"
"81,3 : 0.3847"
"3,82 : 0.2163"
"82,3 : 0.2163"
"3,83 : 0.365"
"83,3 : 0.365"
"3,84 : 0.0762"
"84,3 : 0.0762"
"3,85 : 0.117"
"85,3 : 0.117"
"3,86 : 0.3506"
"86,3 : 0.3506"
"3,87 : 0.6964"
"87,3 : 0.6964"
"3,88 : 0.5544"
"88,3 : 0.5544"
"3,89 : 0.3324"
"89,3 : 0.3324"
"3,90 : 0.4888"
"90,3 : 0.4888"
"3,91 : 0.2943"
"91,3 : 0.2943"
"3,92 : 0.3734"
"92,3 : 0.3734"
"3,93 : 0.6307"
"93,3 : 0.6307"
"3,94 : 0.5108"
"94,3 : 0.5108"
"3,95 : 0.7857"
"95,3 : 0.7857"
"3,96 : 0.1931"
"96,3 : 0.1931"
"3,97 : 0.5544"
"97,3 : 0.5544"
"3,98 : 0.3499"
"98,3 : 0.3499"
"3,99 : 0.3517"
"99,3 : 0.3517"
"4,5 : 0.3905"
"5,4 : 0.3905"
"4,6 : 0.08"
"6,4 : 0.08"
"4,7 : 0.1476"
"7,4 : 0.1476"
"4,8 : 0.6488"
"8,4 : 0.6488"
"4,9 : 0.4743"
"9,4 : 0.4743"
"4,10 : 0.4627"
"10,4 : 0.4627"
"4,11 : 0.2263"
"11,4 : 0.2263"
"4,12 : 0.051"
"12,4 : 0.051"
"4,13 : 0.6772"
"13,4 : 0.6772"
"4,14 : 0.9508"
"14,4 : 0.9508"
"4,15 : 0.5331"
"15,4 : 0.5331"
"4,16 : 0.8078"
"16,4 : 0.8078"
"4,17 : 0.5903"
"17,4 : 0.5903"
"4,18 : 0.3453"
"18,4 : 0.3453"
"4,19 : 0.1649"
"19,4 : 0.1649"
"4,20 : 0.5554"
"20,4 : 0.5554"
"4,21 : 0.7"
"21,4 : 0.7"
"4,22 : 0.1838"
"22,4 : 0.1838"
"4,23 : 0.8742"
"23,4 : 0.8742"
"4,24 : 0.764"
"24,4 : 0.764"
"4,25 : 0.328"
"25,4 : 0.328"
"4,26 : 0.7021"
"26,4 : 0.7021"
"4,27 : 0.2256"
"27,4 : 0.2256"
"4,28 : 0.372"
"28,4 : 0.372"
"4,29 : 0.7284"
"29,4 : 0.7284"
"4,30 : 0.2"
"30,4 : 0.2"
"4,31 : 0.56"
"31,4 : 0.56"
"4,32 : 0.89"
"32,4 : 0.89"
"4,33 : 0.247"
"33,4 : 0.247"
"4,34 : 0.9202"
"34,4 : 0.9202"
"4,35 : 0.8584"
"35,4 : 0.8584"
"4,36 : 0.8472"
"36,4 : 0.8472"
"4,37 : 0.8421"
"37,4 : 0.8421"
"4,38 : 0.4579"
"38,4 : 0.4579"
"4,39 : 0.653"
"39,4 : 0.653"
"4,40 : 0.6896"
"40,4 : 0.6896"
"4,41 : 1.0102"
"41,4 : 1.0102"
"4,42 : 0.3396"
"42,4 : 0.3396"
"4,43 : 0.8122"
"43,4 : 0.8122"
"4,44 : 0.3214"
"44,4 : 0.3214"
"4,45 : 0.8448"
"45,4 : 0.8448"
"4,46 : 0.1304"
"46,4 : 0.1304"
"4,47 : 0.72"
"47,4 : 0.72"
"4,48 : 0.7511"
"48,4 : 0.7511"
"4,49 : 0.8144"
"49,4 : 0.8144"
"4,50 : 0.5174"
"50,4 : 0.5174"
"4,51 : 0.5714"
"51,4 : 0.5714"
"4,52 : 0.8989"
"52,4 : 0.8989"
"4,53 : 0.806"
"53,4 : 0.806"
"4,54 : 0.5408"
"54,4 : 0.5408"
"4,55 : 0.4264"
"55,4 : 0.4264"
"4,56 : 0.5376"
"56,4 : 0.5376"
"4,57 : 0.728"
"57,4 : 0.728"
"4,58 : 0.2508"
"58,4 : 0.2508"
"4,59 : 0.5771"
"59,4 : 0.5771"
"4,60 : 0.386"
"60,4 : 0.386"
"4,61 : 0.653"
"61,4 : 0.653"
"4,62 : 0.8202"
"62,4 : 0.8202"
"4,63 : 0.8104"
"63,4 : 0.8104"
"4,64 : 0.6172"
"64,4 : 0.6172"
"4,65 : 0.5722"
"65,4 : 0.5722"
"4,66 : 0.536"
"66,4 : 0.536"
"4,67 : 0.6325"
"67,4 : 0.6325"
"4,68 : 0.5708"
"68,4 : 0.5708"
"4,69 : 0.6515"
"69,4 : 0.6515"
"4,70 : 0.4707"
"70,4 : 0.4707"
"4,71 : 0.6622"
"71,4 : 0.6622"
"4,72 : 0.2377"
"72,4 : 0.2377"
"4,73 : 0.1389"
"73,4 : 0.1389"
"4,74 : 0.7908"
"74,4 : 0.7908"
"4,75 : 0.8485"
"75,4 : 0.8485"
"4,76 : 0.7341"
"76,4 : 0.7341"
"4,77 : 0.5434"
"77,4 : 0.5434"
"4,78 : 0.178"
"78,4 : 0.178"
"4,79 : 0.2052"
"79,4 : 0.2052"
"4,80 : 0.9848"
"80,4 : 0.9848"
"4,81 : 0.4662"
"81,4 : 0.4662"
"4,82 : 0.4531"
"82,4 : 0.4531"
"4,83 : 0.4314"
"83,4 : 0.4314"
"4,84 : 0.2955"
"84,4 : 0.2955"
"4,85 : 0.1304"
"85,4 : 0.1304"
"4,86 : 0.5908"
"86,4 : 0.5908"
"4,87 : 0.9411"
"87,4 : 0.9411"
"4,88 : 0.6236"
"88,4 : 0.6236"
"4,89 : 0.5126"
"89,4 : 0.5126"
"4,90 : 0.6896"
"90,4 : 0.6896"
"4,91 : 0.5394"
"91,4 : 0.5394"
"4,92 : 0.3195"
"92,4 : 0.3195"
"4,93 : 0.8393"
"93,4 : 0.8393"
"4,94 : 0.6812"
"94,4 : 0.6812"
"4,95 : 1.0044"
"95,4 : 1.0044"
"4,96 : 0.3362"
"96,4 : 0.3362"
"4,97 : 0.7991"
"97,4 : 0.7991"
"4,98 : 0.2377"
"98,4 : 0.2377"
"4,99 : 0.4393"
"99,4 : 0.4393"
"5,6 : 0.4704"
"6,5 : 0.4704"
"5,7 : 0.2648"
"7,5 : 0.2648"
"5,8 : 0.8721"
"8,5 : 0.8721"
"5,9 : 0.6903"
"9,5 : 0.6903"
"5,10 : 0.0762"
"10,5 : 0.0762"
"5,11 : 0.5675"
"11,5 : 0.5675"
"5,12 : 0.4011"
"12,5 : 0.4011"
"5,13 : 0.8563"
"13,5 : 0.8563"
"5,14 : 1.0986"
"14,5 : 1.0986"
"5,15 : 0.5033"
"15,5 : 0.5033"
"5,16 : 0.6707"
"16,5 : 0.6707"
"5,17 : 0.204"
"17,5 : 0.204"
"5,18 : 0.064"
"18,5 : 0.064"
"5,19 : 0.2309"
"19,5 : 0.2309"
"5,20 : 0.5814"
"20,5 : 0.5814"
"5,21 : 0.4346"
"21,5 : 0.4346"
"5,22 : 0.2377"
"22,5 : 0.2377"
"5,23 : 0.7004"
"23,5 : 0.7004"
"5,24 : 0.4919"
"24,5 : 0.4919"
"5,25 : 0.6745"
"25,5 : 0.6745"
"5,26 : 0.7187"
"26,5 : 0.7187"
"5,27 : 0.4833"
"27,5 : 0.4833"
"5,28 : 0.6712"
"28,5 : 0.6712"
"5,29 : 0.507"
"29,5 : 0.507"
"5,30 : 0.191"
"30,5 : 0.191"
"5,31 : 0.1712"
"31,5 : 0.1712"
"5,32 : 0.9534"
"32,5 : 0.9534"
"5,33 : 0.1746"
"33,5 : 0.1746"
"5,34 : 0.6989"
"34,5 : 0.6989"
"5,35 : 0.9742"
"35,5 : 0.9742"
"5,36 : 0.8665"
"36,5 : 0.8665"
"5,37 : 0.9354"
"37,5 : 0.9354"
"5,38 : 0.22"
"38,5 : 0.22"
"5,39 : 0.4809"
"39,5 : 0.4809"
"5,40 : 0.6676"
"40,5 : 0.6676"
"5,41 : 0.8516"
"41,5 : 0.8516"
"5,42 : 0.0849"
"42,5 : 0.0849"
"5,43 : 0.6297"
"43,5 : 0.6297"
"5,44 : 0.4686"
"44,5 : 0.4686"
"5,45 : 0.9502"
"45,5 : 0.9502"
"5,46 : 0.5025"
"46,5 : 0.5025"
"5,47 : 0.8013"
"47,5 : 0.8013"
"5,48 : 0.8472"
"48,5 : 0.8472"
"5,49 : 0.7217"
"49,5 : 0.7217"
"5,50 : 0.8184"
"50,5 : 0.8184"
"5,51 : 0.3036"
"51,5 : 0.3036"
"5,52 : 1.0847"
"52,5 : 1.0847"
"5,53 : 0.628"
"53,5 : 0.628"
"5,54 : 0.2864"
"54,5 : 0.2864"
"5,55 : 0.3324"
"55,5 : 0.3324"
"5,56 : 0.35"
"56,5 : 0.35"
"5,57 : 0.706"
"57,5 : 0.706"
"5,58 : 0.14"
"58,5 : 0.14"
"5,59 : 0.73"
"59,5 : 0.73"
"5,60 : 0.3312"
"60,5 : 0.3312"
"5,61 : 0.5672"
"61,5 : 0.5672"
"5,62 : 0.5914"
"62,5 : 0.5914"
"5,63 : 0.9745"
"63,5 : 0.9745"
"5,64 : 0.5413"
"64,5 : 0.5413"
"5,65 : 0.7043"
"65,5 : 0.7043"
"5,66 : 0.1523"
"66,5 : 0.1523"
"5,67 : 0.8273"
"67,5 : 0.8273"
"5,68 : 0.6573"
"68,5 : 0.6573"
"5,69 : 0.8415"
"69,5 : 0.8415"
"5,70 : 0.6586"
"70,5 : 0.6586"
"5,71 : 0.5004"
"71,5 : 0.5004"
"5,72 : 0.1789"
"72,5 : 0.1789"
"5,73 : 0.5124"
"73,5 : 0.5124"
"5,74 : 0.9209"
"74,5 : 0.9209"
"5,75 : 0.6168"
"75,5 : 0.6168"
"5,76 : 0.6562"
"76,5 : 0.6562"
"5,77 : 0.172"
"77,5 : 0.172"
"5,78 : 0.3046"
"78,5 : 0.3046"
"5,79 : 0.5532"
"79,5 : 0.5532"
"5,80 : 0.822"
"80,5 : 0.822"
"5,81 : 0.1649"
"81,5 : 0.1649"
"5,82 : 0.4565"
"82,5 : 0.4565"
"5,83 : 0.7539"
"83,5 : 0.7539"
"5,84 : 0.368"
"84,5 : 0.368"
"5,85 : 0.3956"
"85,5 : 0.3956"
"5,86 : 0.6742"
"86,5 : 0.6742"
"5,87 : 0.9026"
"87,5 : 0.9026"
"5,88 : 0.2581"
"88,5 : 0.2581"
"5,89 : 0.7325"
"89,5 : 0.7325"
"5,90 : 0.8705"
"90,5 : 0.8705"
"5,91 : 0.5867"
"91,5 : 0.5867"
"5,92 : 0.6958"
"92,5 : 0.6958"
"5,93 : 0.9981"
"93,5 : 0.9981"
"5,94 : 0.4397"
"94,5 : 0.4397"
"5,95 : 0.8223"
"95,5 : 0.8223"
"5,96 : 0.5954"
"96,5 : 0.5954"
"5,97 : 0.816"
"97,5 : 0.816"
"5,98 : 0.1789"
"98,5 : 0.1789"
"5,99 : 0.7473"
"99,5 : 0.7473"
"6,7 : 0.2214"
"7,6 : 0.2214"
"6,8 : 0.6198"
"8,6 : 0.6198"
"6,9 : 0.4554"
"9,6 : 0.4554"
"6,10 : 0.5423"
"10,6 : 0.5423"
"6,11 : 0.1789"
"11,6 : 0.1789"
"6,12 : 0.086"
"12,6 : 0.086"
"6,13 : 0.6592"
"13,6 : 0.6592"
"6,14 : 0.9338"
"14,6 : 0.9338"
"6,15 : 0.5694"
"15,6 : 0.5694"
"6,16 : 0.8521"
"16,6 : 0.8521"
"6,17 : 0.6703"
"17,6 : 0.6703"
"6,18 : 0.4243"
"18,6 : 0.4243"
"6,19 : 0.2433"
"19,6 : 0.2433"
"6,20 : 0.5794"
"20,6 : 0.5794"
"6,21 : 0.7655"
"21,6 : 0.7655"
"6,22 : 0.2596"
"22,6 : 0.2596"
"6,23 : 0.9231"
"23,6 : 0.9231"
"6,24 : 0.8293"
"24,6 : 0.8293"
"6,25 : 0.2691"
"25,6 : 0.2691"
"6,26 : 0.7212"
"26,6 : 0.7212"
"6,27 : 0.222"
"27,6 : 0.222"
"6,28 : 0.3311"
"28,6 : 0.3311"
"6,29 : 0.7875"
"29,6 : 0.7875"
"6,30 : 0.28"
"30,6 : 0.28"
"6,31 : 0.64"
"31,6 : 0.64"
"6,32 : 0.8936"
"32,6 : 0.8936"
"6,33 : 0.3228"
"33,6 : 0.3228"
"6,34 : 0.9759"
"34,6 : 0.9759"
"6,35 : 0.8509"
"35,6 : 0.8509"
"6,36 : 0.8612"
"36,6 : 0.8612"
"6,37 : 0.8402"
"37,6 : 0.8402"
"6,38 : 0.5277"
"38,6 : 0.5277"
"6,39 : 0.7071"
"39,6 : 0.7071"
"6,40 : 0.7169"
"40,6 : 0.7169"
"6,41 : 1.0544"
"41,6 : 1.0544"
"6,42 : 0.4177"
"42,6 : 0.4177"
"6,43 : 0.8637"
"43,6 : 0.8637"
"6,44 : 0.3384"
"44,6 : 0.3384"
"6,45 : 0.8401"
"45,6 : 0.8401"
"6,46 : 0.0762"
"46,6 : 0.0762"
"6,47 : 0.7244"
"47,6 : 0.7244"
"6,48 : 0.7511"
"48,6 : 0.7511"
"6,49 : 0.8509"
"49,6 : 0.8509"
"6,50 : 0.4687"
"50,6 : 0.4687"
"6,51 : 0.6401"
"51,6 : 0.6401"
"6,52 : 0.8736"
"52,6 : 0.8736"
"6,53 : 0.857"
"53,6 : 0.857"
"6,54 : 0.609"
"54,6 : 0.609"
"6,55 : 0.481"
"55,6 : 0.481"
"6,56 : 0.5982"
"56,6 : 0.5982"
"6,57 : 0.7539"
"57,6 : 0.7539"
"6,58 : 0.3306"
"58,6 : 0.3306"
"6,59 : 0.5701"
"59,6 : 0.5701"
"6,60 : 0.4384"
"60,6 : 0.4384"
"6,61 : 0.6934"
"61,6 : 0.6934"
"6,62 : 0.8786"
"62,6 : 0.8786"
"6,63 : 0.7925"
"63,6 : 0.7925"
"6,64 : 0.6573"
"64,6 : 0.6573"
"6,65 : 0.5708"
"65,6 : 0.5708"
"6,66 : 0.6152"
"66,6 : 0.6152"
"6,67 : 0.6119"
"67,6 : 0.6119"
"6,68 : 0.5805"
"68,6 : 0.5805"
"6,69 : 0.6315"
"69,6 : 0.6315"
"6,70 : 0.4604"
"70,6 : 0.4604"
"6,71 : 0.7145"
"71,6 : 0.7145"
"6,72 : 0.3158"
"72,6 : 0.3158"
"6,73 : 0.0806"
"73,6 : 0.0806"
"6,74 : 0.7816"
"74,6 : 0.7816"
"6,75 : 0.9069"
"75,6 : 0.9069"
"6,76 : 0.7703"
"76,6 : 0.7703"
"6,77 : 0.6217"
"77,6 : 0.6217"
"6,78 : 0.236"
"78,6 : 0.236"
"6,79 : 0.1565"
"79,6 : 0.1565"
"6,80 : 1.03"
"80,6 : 1.03"
"6,81 : 0.5408"
"81,6 : 0.5408"
"6,82 : 0.4888"
"82,6 : 0.4888"
"6,83 : 0.378"
"83,6 : 0.378"
"6,84 : 0.336"
"84,6 : 0.336"
"6,85 : 0.1581"
"85,6 : 0.1581"
"6,86 : 0.6002"
"86,6 : 0.6002"
"6,87 : 0.9646"
"87,6 : 0.9646"
"6,88 : 0.7009"
"88,6 : 0.7009"
"6,89 : 0.4903"
"89,6 : 0.4903"
"6,90 : 0.6708"
"90,6 : 0.6708"
"6,91 : 0.5597"
"91,6 : 0.5597"
"6,92 : 0.246"
"92,6 : 0.246"
"6,93 : 0.822"
"93,6 : 0.822"
"6,94 : 0.744"
"94,6 : 0.744"
"6,95 : 1.0526"
"95,6 : 1.0526"
"6,96 : 0.314"
"96,6 : 0.314"
"6,97 : 0.8149"
"97,6 : 0.8149"
"6,98 : 0.3158"
"98,6 : 0.3158"
"6,99 : 0.3912"
"99,6 : 0.3912"
"7,8 : 0.656"
"8,7 : 0.656"
"7,9 : 0.472"
"9,7 : 0.472"
"7,10 : 0.3306"
"10,7 : 0.3306"
"7,11 : 0.3036"
"11,7 : 0.3036"
"7,12 : 0.1414"
"12,7 : 0.1414"
"7,13 : 0.6624"
"13,7 : 0.6624"
"7,14 : 0.927"
"14,7 : 0.927"
"7,15 : 0.4276"
"15,7 : 0.4276"
"7,16 : 0.6845"
"16,7 : 0.6845"
"7,17 : 0.4687"
"17,7 : 0.4687"
"7,18 : 0.2102"
"18,7 : 0.2102"
"7,19 : 0.0424"
"19,7 : 0.0424"
"7,20 : 0.47"
"20,7 : 0.47"
"7,21 : 0.5544"
"21,7 : 0.5544"
"7,22 : 0.1456"
"22,7 : 0.1456"
"7,23 : 0.7443"
"23,7 : 0.7443"
"7,24 : 0.6185"
"24,7 : 0.6185"
"7,25 : 0.4111"
"25,7 : 0.4111"
"7,26 : 0.62"
"26,7 : 0.62"
"7,27 : 0.2343"
"27,7 : 0.2343"
"7,28 : 0.4188"
"28,7 : 0.4188"
"7,29 : 0.588"
"29,7 : 0.588"
"7,30 : 0.099"
"30,7 : 0.099"
"7,31 : 0.4357"
"31,7 : 0.4357"
"7,32 : 0.8302"
"32,7 : 0.8302"
"7,33 : 0.102"
"33,7 : 0.102"
"7,34 : 0.7824"
"34,7 : 0.7824"
"7,35 : 0.8191"
"35,7 : 0.8191"
"7,36 : 0.7703"
"36,7 : 0.7703"
"7,37 : 0.7931"
"37,7 : 0.7931"
"7,38 : 0.3106"
"38,7 : 0.3106"
"7,39 : 0.5187"
"39,7 : 0.5187"
"7,40 : 0.5941"
"40,7 : 0.5941"
"7,41 : 0.8855"
"41,7 : 0.8855"
"7,42 : 0.2002"
"42,7 : 0.2002"
"7,43 : 0.6796"
"43,7 : 0.6796"
"7,44 : 0.2693"
"44,7 : 0.2693"
"7,45 : 0.8008"
"45,7 : 0.8008"
"7,46 : 0.24"
"46,7 : 0.24"
"7,47 : 0.6629"
"47,7 : 0.6629"
"7,48 : 0.7009"
"48,7 : 0.7009"
"7,49 : 0.7021"
"49,7 : 0.7021"
"7,50 : 0.5686"
"50,7 : 0.5686"
"7,51 : 0.4244"
"51,7 : 0.4244"
"7,52 : 0.8919"
"52,7 : 0.8919"
"7,53 : 0.6742"
"53,7 : 0.6742"
"7,54 : 0.3941"
"54,7 : 0.3941"
"7,55 : 0.2953"
"55,7 : 0.2953"
"7,56 : 0.397"
"56,7 : 0.397"
"7,57 : 0.6339"
"57,7 : 0.6339"
"7,58 : 0.13"
"58,7 : 0.13"
"7,59 : 0.5463"
"59,7 : 0.5463"
"7,60 : 0.26"
"60,7 : 0.26"
"7,61 : 0.5376"
"61,7 : 0.5376"
"7,62 : 0.6801"
"62,7 : 0.6801"
"7,63 : 0.7916"
"63,7 : 0.7916"
"7,64 : 0.5029"
"64,7 : 0.5029"
"7,65 : 0.5314"
"65,7 : 0.5314"
"7,66 : 0.4001"
"66,7 : 0.4001"
"7,67 : 0.6243"
"67,7 : 0.6243"
"7,68 : 0.5099"
"68,7 : 0.5099"
"7,69 : 0.6414"
"69,7 : 0.6414"
"7,70 : 0.4528"
"70,7 : 0.4528"
"7,71 : 0.53"
"71,7 : 0.53"
"7,72 : 0.164"
"72,7 : 0.164"
"7,73 : 0.25"
"73,7 : 0.25"
"7,74 : 0.7561"
"74,7 : 0.7561"
"7,75 : 0.7084"
"75,7 : 0.7084"
"7,76 : 0.6236"
"76,7 : 0.6236"
"7,77 : 0.4031"
"77,7 : 0.4031"
"7,78 : 0.0728"
"78,7 : 0.0728"
"7,79 : 0.2886"
"79,7 : 0.2886"
"7,80 : 0.8588"
"80,7 : 0.8588"
"7,81 : 0.3195"
"81,7 : 0.3195"
"7,82 : 0.3523"
"82,7 : 0.3523"
"7,83 : 0.4965"
"83,7 : 0.4965"
"7,84 : 0.2002"
"84,7 : 0.2002"
"7,85 : 0.1342"
"85,7 : 0.1342"
"7,86 : 0.5295"
"86,7 : 0.5295"
"7,87 : 0.8472"
"87,7 : 0.8472"
"7,88 : 0.4805"
"88,7 : 0.4805"
"7,89 : 0.514"
"89,7 : 0.514"
"7,90 : 0.676"
"90,7 : 0.676"
"7,91 : 0.461"
"91,7 : 0.461"
"7,92 : 0.4319"
"92,7 : 0.4319"
"7,93 : 0.8186"
"93,7 : 0.8186"
"7,94 : 0.5376"
"94,7 : 0.5376"
"7,95 : 0.8746"
"95,7 : 0.8746"
"7,96 : 0.3538"
"96,7 : 0.3538"
"7,97 : 0.7201"
"97,7 : 0.7201"
"7,98 : 0.164"
"98,7 : 0.164"
"7,99 : 0.494"
"99,7 : 0.494"
"8,9 : 0.1844"
"9,8 : 0.1844"
"8,10 : 0.908"
"10,8 : 0.908"
"8,11 : 0.4438"
"11,8 : 0.4438"
"8,12 : 0.5993"
"12,8 : 0.5993"
"8,13 : 0.1"
"13,8 : 0.1"
"8,14 : 0.3314"
"14,8 : 0.3314"
"8,15 : 0.4903"
"15,8 : 0.4903"
"8,16 : 0.6972"
"16,8 : 0.6972"
"8,17 : 1.0544"
"17,8 : 1.0544"
"8,18 : 0.8081"
"18,8 : 0.8081"
"8,19 : 0.6981"
"19,8 : 0.6981"
"8,20 : 0.4031"
"20,8 : 0.4031"
"8,21 : 0.8472"
"21,8 : 0.8472"
"8,22 : 0.7932"
"22,8 : 0.7932"
"8,23 : 0.7892"
"23,8 : 0.7892"
"8,24 : 0.8896"
"24,8 : 0.8896"
"8,25 : 0.3901"
"25,8 : 0.3901"
"8,26 : 0.4123"
"26,8 : 0.4123"
"8,27 : 0.4305"
"27,8 : 0.4305"
"8,28 : 0.2943"
"28,8 : 0.2943"
"8,29 : 0.794"
"29,8 : 0.794"
"8,30 : 0.7543"
"30,8 : 0.7543"
"8,31 : 1.0183"
"31,8 : 1.0183"
"8,32 : 0.4036"
"32,8 : 0.4036"
"8,33 : 0.7071"
"33,8 : 0.7071"
"8,34 : 0.8945"
"34,8 : 0.8945"
"8,35 : 0.3002"
"35,8 : 0.3002"
"8,36 : 0.4549"
"36,8 : 0.4549"
"8,37 : 0.3265"
"37,8 : 0.3265"
"8,38 : 0.7471"
"38,8 : 0.7471"
"8,39 : 0.6958"
"39,8 : 0.6958"
"8,40 : 0.4752"
"40,8 : 0.4752"
"8,41 : 0.8443"
"41,8 : 0.8443"
"8,42 : 0.7875"
"42,8 : 0.7875"
"8,43 : 0.7716"
"43,8 : 0.7716"
"8,44 : 0.4036"
"44,8 : 0.4036"
"8,45 : 0.3081"
"45,8 : 0.3081"
"8,46 : 0.5441"
"46,8 : 0.5441"
"8,47 : 0.2997"
"47,8 : 0.2997"
"8,48 : 0.2802"
"48,8 : 0.2802"
"8,49 : 0.6282"
"49,8 : 0.6282"
"8,50 : 0.2119"
"50,8 : 0.2119"
"8,51 : 0.8006"
"51,8 : 0.8006"
"8,52 : 0.255"
"52,8 : 0.255"
"8,53 : 0.7616"
"53,8 : 0.7616"
"8,54 : 0.7762"
"54,8 : 0.7762"
"8,55 : 0.5993"
"55,8 : 0.5993"
"8,56 : 0.6957"
"56,8 : 0.6957"
"8,57 : 0.4827"
"57,8 : 0.4827"
"8,58 : 0.7716"
"58,8 : 0.7716"
"8,59 : 0.1811"
"59,8 : 0.1811"
"8,60 : 0.5731"
"60,8 : 0.5731"
"8,61 : 0.5701"
"61,8 : 0.5701"
"8,62 : 0.8501"
"62,8 : 0.8501"
"8,63 : 0.1965"
"63,8 : 0.1965"
"8,64 : 0.5515"
"64,8 : 0.5515"
"8,65 : 0.2209"
"65,8 : 0.2209"
"8,66 : 0.9487"
"66,8 : 0.9487"
"8,67 : 0.0707"
"67,8 : 0.0707"
"8,68 : 0.3007"
"68,8 : 0.3007"
"8,69 : 0.0762"
"69,8 : 0.0762"
"8,70 : 0.214"
"70,8 : 0.214"
"8,71 : 0.6836"
"71,8 : 0.6836"
"8,72 : 0.8201"
"72,8 : 0.8201"
"8,73 : 0.5412"
"73,8 : 0.5412"
"8,74 : 0.236"
"74,8 : 0.236"
"8,75 : 0.8701"
"75,8 : 0.8701"
"8,76 : 0.5756"
"76,8 : 0.5756"
"8,77 : 0.9278"
"77,8 : 0.9278"
"8,78 : 0.589"
"78,8 : 0.589"
"8,79 : 0.4657"
"79,8 : 0.4657"
"8,80 : 0.8352"
"80,8 : 0.8352"
"8,81 : 0.8112"
"81,8 : 0.8112"
"8,82 : 0.4717"
"82,8 : 0.4717"
"8,83 : 0.2927"
"83,8 : 0.2927"
"8,84 : 0.5045"
"84,8 : 0.5045"
"8,85 : 0.5385"
"85,8 : 0.5385"
"8,86 : 0.3"
"86,8 : 0.3"
"8,87 : 0.6021"
"87,8 : 0.6021"
"8,88 : 0.9661"
"88,8 : 0.9661"
"8,89 : 0.1421"
"89,8 : 0.1421"
"8,90 : 0.099"
"90,8 : 0.099"
"8,91 : 0.3748"
"91,8 : 0.3748"
"8,92 : 0.4809"
"92,8 : 0.4809"
"8,93 : 0.2256"
"93,8 : 0.2256"
"8,94 : 0.8041"
"94,8 : 0.8041"
"8,95 : 0.8806"
"95,8 : 0.8806"
"8,96 : 0.313"
"96,8 : 0.313"
"8,97 : 0.4383"
"97,8 : 0.4383"
"8,98 : 0.8201"
"98,8 : 0.8201"
"8,99 : 0.2608"
"99,8 : 0.2608"
"9,10 : 0.7295"
"10,9 : 0.7295"
"9,11 : 0.2902"
"11,9 : 0.2902"
"9,12 : 0.4238"
"12,9 : 0.4238"
"9,13 : 0.204"
"13,9 : 0.204"
"9,14 : 0.4785"
"14,9 : 0.4785"
"9,15 : 0.3622"
"15,9 : 0.3622"
"9,16 : 0.6185"
"16,9 : 0.6185"
"9,17 : 0.8766"
"17,9 : 0.8766"
"9,18 : 0.6263"
"18,9 : 0.6263"
"9,19 : 0.514"
"19,9 : 0.514"
"9,20 : 0.2941"
"20,9 : 0.2941"
"9,21 : 0.7106"
"21,9 : 0.7106"
"9,22 : 0.6106"
"22,9 : 0.6106"
"9,23 : 0.7094"
"23,9 : 0.7094"
"9,24 : 0.7601"
"24,9 : 0.7601"
"9,25 : 0.2731"
"25,9 : 0.2731"
"9,26 : 0.3688"
"26,9 : 0.3688"
"9,27 : 0.2508"
"27,9 : 0.2508"
"9,28 : 0.1655"
"28,9 : 0.1655"
"9,29 : 0.6727"
"29,9 : 0.6727"
"9,30 : 0.5701"
"30,9 : 0.5701"
"9,31 : 0.8406"
"31,9 : 0.8406"
"9,32 : 0.4649"
"32,9 : 0.4649"
"9,33 : 0.5235"
"33,9 : 0.5235"
"9,34 : 0.8036"
"34,9 : 0.8036"
"9,35 : 0.4011"
"35,9 : 0.4011"
"9,36 : 0.4687"
"36,9 : 0.4687"
"9,37 : 0.4002"
"37,9 : 0.4002"
"9,38 : 0.5794"
"38,9 : 0.5794"
"9,39 : 0.5722"
"39,9 : 0.5722"
"9,40 : 0.4082"
"40,9 : 0.4082"
"9,41 : 0.794"
"41,9 : 0.794"
"9,42 : 0.6061"
"42,9 : 0.6061"
"9,43 : 0.6772"
"43,9 : 0.6772"
"9,44 : 0.222"
"44,9 : 0.222"
"9,45 : 0.3946"
"45,9 : 0.3946"
"9,46 : 0.3821"
"46,9 : 0.3821"
"9,47 : 0.3089"
"47,9 : 0.3089"
"9,48 : 0.3195"
"48,9 : 0.3195"
"9,49 : 0.5694"
"49,9 : 0.5694"
"9,50 : 0.1992"
"50,9 : 0.1992"
"9,51 : 0.6454"
"51,9 : 0.6454"
"9,52 : 0.4254"
"52,9 : 0.4254"
"9,53 : 0.6676"
"53,9 : 0.6676"
"9,54 : 0.6185"
"54,9 : 0.6185"
"9,55 : 0.4368"
"55,9 : 0.4368"
"9,56 : 0.5459"
"56,9 : 0.5459"
"9,57 : 0.4301"
"57,9 : 0.4301"
"9,58 : 0.5873"
"58,9 : 0.5873"
"9,59 : 0.1342"
"59,9 : 0.1342"
"9,60 : 0.405"
"60,9 : 0.405"
"9,61 : 0.4684"
"61,9 : 0.4684"
"9,62 : 0.7415"
"62,9 : 0.7415"
"9,63 : 0.3373"
"63,9 : 0.3373"
"9,64 : 0.4415"
"64,9 : 0.4415"
"9,65 : 0.1562"
"65,9 : 0.1562"
"9,66 : 0.7741"
"66,9 : 0.7741"
"9,67 : 0.1581"
"67,9 : 0.1581"
"9,68 : 0.2163"
"68,9 : 0.2163"
"9,69 : 0.1772"
"69,9 : 0.1772"
"9,70 : 0.051"
"70,9 : 0.051"
"9,71 : 0.5644"
"71,9 : 0.5644"
"9,72 : 0.636"
"72,9 : 0.636"
"9,73 : 0.3812"
"73,9 : 0.3812"
"9,74 : 0.3306"
"74,9 : 0.3306"
"9,75 : 0.7649"
"75,9 : 0.7649"
"9,76 : 0.5009"
"76,9 : 0.5009"
"9,77 : 0.7558"
"77,9 : 0.7558"
"9,78 : 0.4046"
"78,9 : 0.4046"
"9,79 : 0.31"
"79,9 : 0.31"
"9,80 : 0.779"
"80,9 : 0.779"
"9,81 : 0.6398"
"81,9 : 0.6398"
"9,82 : 0.3214"
"82,9 : 0.3214"
"9,83 : 0.2193"
"83,9 : 0.2193"
"9,84 : 0.3245"
"84,9 : 0.3245"
"9,85 : 0.3578"
"85,9 : 0.3578"
"9,86 : 0.228"
"86,9 : 0.228"
"9,87 : 0.6031"
"87,9 : 0.6031"
"9,88 : 0.8006"
"88,9 : 0.8006"
"9,89 : 0.0424"
"89,9 : 0.0424"
"9,90 : 0.2159"
"90,9 : 0.2159"
"9,91 : 0.2625"
"91,9 : 0.2625"
"9,92 : 0.3716"
"92,9 : 0.3716"
"9,93 : 0.3667"
"93,9 : 0.3667"
"9,94 : 0.6701"
"94,9 : 0.6701"
"9,95 : 0.8184"
"95,9 : 0.8184"
"9,96 : 0.1414"
"96,9 : 0.1414"
"9,97 : 0.4342"
"97,9 : 0.4342"
"9,98 : 0.636"
"98,9 : 0.636"
"9,99 : 0.1844"
"99,9 : 0.1844"
"10,11 : 0.6297"
"11,10 : 0.6297"
"10,12 : 0.47"
"12,10 : 0.47"
"10,13 : 0.8846"
"13,10 : 0.8846"
"10,14 : 1.1166"
"14,10 : 1.1166"
"10,15 : 0.5061"
"15,10 : 0.5061"
"10,16 : 0.6412"
"16,10 : 0.6412"
"10,17 : 0.1476"
"17,10 : 0.1476"
"10,18 : 0.1204"
"18,10 : 0.1204"
"10,19 : 0.3002"
"19,10 : 0.3002"
"10,20 : 0.5908"
"20,10 : 0.5908"
"10,21 : 0.3833"
"21,10 : 0.3833"
"10,22 : 0.3138"
"22,10 : 0.3138"
"10,23 : 0.6619"
"23,10 : 0.6619"
"10,24 : 0.4366"
"24,10 : 0.4366"
"10,25 : 0.7355"
"25,10 : 0.7355"
"10,26 : 0.7201"
"26,10 : 0.7201"
"10,27 : 0.5376"
"27,10 : 0.5376"
"10,28 : 0.7245"
"28,10 : 0.7245"
"10,29 : 0.4639"
"29,10 : 0.4639"
"10,30 : 0.2648"
"30,10 : 0.2648"
"10,31 : 0.1118"
"31,10 : 0.1118"
"10,32 : 0.9577"
"32,10 : 0.9577"
"10,33 : 0.2335"
"33,10 : 0.2335"
"10,34 : 0.65"
"34,10 : 0.65"
"10,35 : 0.9881"
"35,10 : 0.9881"
"10,36 : 0.8641"
"36,10 : 0.8641"
"10,37 : 0.9458"
"37,10 : 0.9458"
"10,38 : 0.2025"
"38,10 : 0.2025"
"10,39 : 0.4518"
"39,10 : 0.4518"
"10,40 : 0.6631"
"40,10 : 0.6631"
"10,41 : 0.813"
"41,10 : 0.813"
"10,42 : 0.1334"
"42,10 : 0.1334"
"10,43 : 0.5914"
"43,10 : 0.5914"
"10,44 : 0.5077"
"44,10 : 0.5077"
"10,45 : 0.9626"
"45,10 : 0.9626"
"10,46 : 0.5704"
"46,10 : 0.5704"
"10,47 : 0.8127"
"47,10 : 0.8127"
"10,48 : 0.8602"
"48,10 : 0.8602"
"10,49 : 0.7004"
"49,10 : 0.7004"
"10,50 : 0.8693"
"50,10 : 0.8693"
"10,51 : 0.2608"
"51,10 : 0.2608"
"10,52 : 1.1102"
"52,10 : 1.1102"
"10,53 : 0.5908"
"53,10 : 0.5908"
"10,54 : 0.2502"
"54,10 : 0.2502"
"10,55 : 0.3384"
"55,10 : 0.3384"
"10,56 : 0.3276"
"56,10 : 0.3276"
"10,57 : 0.7001"
"57,10 : 0.7001"
"10,58 : 0.2121"
"58,10 : 0.2121"
"10,59 : 0.7569"
"59,10 : 0.7569"
"10,60 : 0.3471"
"60,10 : 0.3471"
"10,61 : 0.5536"
"61,10 : 0.5536"
"10,62 : 0.5434"
"62,10 : 0.5434"
"10,63 : 0.9976"
"63,10 : 0.9976"
"10,64 : 0.5314"
"64,10 : 0.5314"
"10,65 : 0.7284"
"65,10 : 0.7284"
"10,66 : 0.0762"
"66,10 : 0.0762"
"10,67 : 0.8591"
"67,10 : 0.8591"
"10,68 : 0.6748"
"68,10 : 0.6748"
"10,69 : 0.8721"
"69,10 : 0.8721"
"10,70 : 0.694"
"70,10 : 0.694"
"10,71 : 0.4727"
"71,10 : 0.4727"
"10,72 : 0.255"
"72,10 : 0.255"
"10,73 : 0.5803"
"73,10 : 0.5803"
"10,74 : 0.9386"
"74,10 : 0.9386"
"10,75 : 0.5675"
"75,10 : 0.5675"
"10,76 : 0.6403"
"76,10 : 0.6403"
"10,77 : 0.099"
"77,10 : 0.099"
"10,78 : 0.3614"
"78,10 : 0.3614"
"10,79 : 0.6166"
"79,10 : 0.6166"
"10,80 : 0.7831"
"80,10 : 0.7831"
"10,81 : 0.1334"
"81,10 : 0.1334"
"10,82 : 0.4701"
"82,10 : 0.4701"
"10,83 : 0.8096"
"83,10 : 0.8096"
"10,84 : 0.405"
"84,10 : 0.405"
"10,85 : 0.4571"
"85,10 : 0.4571"
"10,86 : 0.6903"
"86,10 : 0.6903"
"10,87 : 0.8877"
"87,10 : 0.8877"
"10,88 : 0.1844"
"88,10 : 0.1844"
"10,89 : 0.771"
"89,10 : 0.771"
"10,90 : 0.8987"
"90,10 : 0.8987"
"10,91 : 0.6"
"91,10 : 0.6"
"10,92 : 0.7624"
"92,10 : 0.7624"
"10,93 : 1.0198"
"93,10 : 1.0198"
"10,94 : 0.3946"
"94,10 : 0.3946"
"10,95 : 0.7793"
"95,10 : 0.7793"
"10,96 : 0.6447"
"96,10 : 0.6447"
"10,97 : 0.8144"
"97,10 : 0.8144"
"10,98 : 0.255"
"98,10 : 0.255"
"10,99 : 0.8006"
"99,10 : 0.8006"
"11,12 : 0.186"
"12,11 : 0.186"
"11,13 : 0.4909"
"13,11 : 0.4909"
"11,14 : 0.7642"
"14,11 : 0.7642"
"11,15 : 0.4958"
"15,11 : 0.4958"
"11,16 : 0.7857"
"16,11 : 0.7857"
"11,17 : 0.7713"
"17,11 : 0.7713"
"11,18 : 0.5099"
"18,11 : 0.5099"
"11,19 : 0.3418"
"19,11 : 0.3418"
"11,20 : 0.478"
"20,11 : 0.478"
"11,21 : 0.7655"
"21,11 : 0.7655"
"11,22 : 0.4022"
"22,11 : 0.4022"
"11,23 : 0.8668"
"23,11 : 0.8668"
"11,24 : 0.8264"
"24,11 : 0.8264"
"11,25 : 0.1077"
"25,11 : 0.1077"
"11,26 : 0.6042"
"26,11 : 0.6042"
"11,27 : 0.1253"
"27,11 : 0.1253"
"11,28 : 0.1523"
"28,11 : 0.1523"
"11,29 : 0.7648"
"29,11 : 0.7648"
"11,30 : 0.394"
"30,11 : 0.394"
"11,31 : 0.7376"
"31,11 : 0.7376"
"11,32 : 0.7473"
"32,11 : 0.7473"
"11,33 : 0.3962"
"33,11 : 0.3962"
"11,34 : 0.9374"
"34,11 : 0.9374"
"11,35 : 0.6912"
"35,11 : 0.6912"
"11,36 : 0.7316"
"36,11 : 0.7316"
"11,37 : 0.6873"
"37,11 : 0.6873"
"11,38 : 0.5558"
"38,11 : 0.5558"
"11,39 : 0.6723"
"39,11 : 0.6723"
"11,40 : 0.6161"
"40,11 : 0.6161"
"11,41 : 0.9829"
"41,11 : 0.9829"
"11,42 : 0.4965"
"42,11 : 0.4965"
"11,43 : 0.8161"
"43,11 : 0.8161"
"11,44 : 0.2484"
"44,11 : 0.2484"
"11,45 : 0.6836"
"45,11 : 0.6836"
"11,46 : 0.103"
"46,11 : 0.103"
"11,47 : 0.5824"
"47,11 : 0.5824"
"11,48 : 0.6021"
"48,11 : 0.6021"
"11,49 : 0.7658"
"49,11 : 0.7658"
"11,50 : 0.2921"
"50,11 : 0.2921"
"11,51 : 0.6573"
"51,11 : 0.6573"
"11,52 : 0.6986"
"52,11 : 0.6986"
"11,53 : 0.808"
"53,11 : 0.808"
"11,54 : 0.6259"
"54,11 : 0.6259"
"11,55 : 0.4624"
"55,11 : 0.4624"
"11,56 : 0.5887"
"56,11 : 0.5887"
"11,57 : 0.649"
"57,11 : 0.649"
"11,58 : 0.4332"
"58,11 : 0.4332"
"11,59 : 0.4159"
"59,11 : 0.4159"
"11,60 : 0.4179"
"60,11 : 0.4179"
"11,61 : 0.6229"
"61,11 : 0.6229"
"11,62 : 0.8509"
"62,11 : 0.8509"
"11,63 : 0.6229"
"63,11 : 0.6229"
"11,64 : 0.588"
"64,11 : 0.588"
"11,65 : 0.4245"
"65,11 : 0.4245"
"11,66 : 0.6946"
"66,11 : 0.6946"
"11,67 : 0.4418"
"67,11 : 0.4418"
"11,68 : 0.4519"
"68,11 : 0.4519"
"11,69 : 0.4617"
"69,11 : 0.4617"
"11,70 : 0.3059"
"70,11 : 0.3059"
"11,71 : 0.6742"
"71,11 : 0.6742"
"11,72 : 0.4478"
"72,11 : 0.4478"
"11,73 : 0.0985"
"73,11 : 0.0985"
"11,74 : 0.6207"
"74,11 : 0.6207"
"11,75 : 0.8782"
"75,11 : 0.8782"
"11,76 : 0.6868"
"76,11 : 0.6868"
"11,77 : 0.6912"
"77,11 : 0.6912"
"11,78 : 0.2707"
"78,11 : 0.2707"
"11,79 : 0.0224"
"79,11 : 0.0224"
"11,80 : 0.9618"
"80,11 : 0.9618"
"11,81 : 0.5903"
"81,11 : 0.5903"
"11,82 : 0.4201"
"82,11 : 0.4201"
"11,83 : 0.2052"
"83,11 : 0.2052"
"11,84 : 0.3008"
"84,11 : 0.3008"
"11,85 : 0.1726"
"85,11 : 0.1726"
"11,86 : 0.4701"
"86,11 : 0.4701"
"11,87 : 0.85"
"87,11 : 0.85"
"11,88 : 0.7601"
"88,11 : 0.7601"
"11,89 : 0.3206"
"89,11 : 0.3206"
"11,90 : 0.5016"
"90,11 : 0.5016"
"11,91 : 0.4522"
"91,11 : 0.4522"
"11,92 : 0.1487"
"92,11 : 0.1487"
"11,93 : 0.6528"
"93,11 : 0.6528"
"11,94 : 0.7354"
"94,11 : 0.7354"
"11,95 : 0.9916"
"95,11 : 0.9916"
"11,96 : 0.153"
"96,11 : 0.153"
"11,97 : 0.6894"
"97,11 : 0.6894"
"11,98 : 0.4478"
"98,11 : 0.4478"
"11,99 : 0.214"
"99,11 : 0.214"
"12,13 : 0.6264"
"13,12 : 0.6264"
"12,14 : 0.8999"
"14,12 : 0.8999"
"12,15 : 0.4919"
"15,12 : 0.4919"
"12,16 : 0.771"
"16,12 : 0.771"
"12,17 : 0.6041"
"17,12 : 0.6041"
"12,18 : 0.3501"
"18,12 : 0.3501"
"12,19 : 0.1703"
"19,12 : 0.1703"
"12,20 : 0.5096"
"20,12 : 0.5096"
"12,21 : 0.6796"
"21,12 : 0.6796"
"12,22 : 0.2163"
"22,12 : 0.2163"
"12,23 : 0.8402"
"23,12 : 0.8402"
"12,24 : 0.7433"
"24,12 : 0.7433"
"12,25 : 0.2915"
"25,12 : 0.2915"
"12,26 : 0.6551"
"26,12 : 0.6551"
"12,27 : 0.1746"
"27,12 : 0.1746"
"12,28 : 0.3265"
"28,12 : 0.3265"
"12,29 : 0.7018"
"29,12 : 0.7018"
"12,30 : 0.2159"
"30,12 : 0.2159"
"12,31 : 0.5722"
"31,12 : 0.5722"
"12,32 : 0.8401"
"32,12 : 0.8401"
"12,33 : 0.2433"
"33,12 : 0.2433"
"12,34 : 0.891"
"34,12 : 0.891"
"12,35 : 0.8075"
"35,12 : 0.8075"
"12,36 : 0.7991"
"36,12 : 0.7991"
"12,37 : 0.7916"
"37,12 : 0.7916"
"12,38 : 0.4428"
"38,12 : 0.4428"
"12,39 : 0.6224"
"39,12 : 0.6224"
"12,40 : 0.6451"
"40,12 : 0.6451"
"12,41 : 0.9735"
"41,12 : 0.9735"
"12,42 : 0.3413"
"42,12 : 0.3413"
"12,43 : 0.7799"
"43,12 : 0.7799"
"12,44 : 0.2729"
"44,12 : 0.2729"
"12,45 : 0.794"
"45,12 : 0.794"
"12,46 : 0.102"
"46,12 : 0.102"
"12,47 : 0.6701"
"47,12 : 0.6701"
"12,48 : 0.7006"
"48,12 : 0.7006"
"12,49 : 0.7737"
"49,12 : 0.7737"
"12,50 : 0.4738"
"50,12 : 0.4738"
"12,51 : 0.5547"
"51,12 : 0.5547"
"12,52 : 0.8486"
"52,12 : 0.8486"
"12,53 : 0.7734"
"53,12 : 0.7734"
"12,54 : 0.5235"
"54,12 : 0.5235"
"12,55 : 0.396"
"55,12 : 0.396"
"12,56 : 0.5122"
"56,12 : 0.5122"
"12,57 : 0.6831"
"57,12 : 0.6831"
"12,58 : 0.2617"
"58,12 : 0.2617"
"12,59 : 0.5261"
"59,12 : 0.5261"
"12,60 : 0.3538"
"60,12 : 0.3538"
"12,61 : 0.614"
"61,12 : 0.614"
"12,62 : 0.7931"
"62,12 : 0.7931"
"12,63 : 0.7596"
"63,12 : 0.7596"
"12,64 : 0.578"
"64,12 : 0.578"
"12,65 : 0.5215"
"65,12 : 0.5215"
"12,66 : 0.5408"
"66,12 : 0.5408"
"12,67 : 0.5819"
"67,12 : 0.5819"
"12,68 : 0.5215"
"68,12 : 0.5215"
"12,69 : 0.6008"
"69,12 : 0.6008"
"12,70 : 0.4198"
"70,12 : 0.4198"
"12,71 : 0.6303"
"71,12 : 0.6303"
"12,72 : 0.264"
"72,12 : 0.264"
"12,73 : 0.1118"
"73,12 : 0.1118"
"12,74 : 0.7398"
"74,12 : 0.7398"
"12,75 : 0.8213"
"75,12 : 0.8213"
"12,76 : 0.6932"
"76,12 : 0.6932"
"12,77 : 0.5445"
"77,12 : 0.5445"
"12,78 : 0.15"
"78,12 : 0.15"
"12,79 : 0.1664"
"79,12 : 0.1664"
"12,80 : 0.9487"
"80,12 : 0.9487"
"12,81 : 0.4588"
"81,12 : 0.4588"
"12,82 : 0.4115"
"82,12 : 0.4115"
"12,83 : 0.3905"
"83,12 : 0.3905"
"12,84 : 0.2555"
"84,12 : 0.2555"
"12,85 : 0.0825"
"85,12 : 0.0825"
"12,86 : 0.5415"
"86,12 : 0.5415"
"12,87 : 0.8956"
"87,12 : 0.8956"
"12,88 : 0.6217"
"88,12 : 0.6217"
"12,89 : 0.4624"
"89,12 : 0.4624"
"12,90 : 0.6389"
"90,12 : 0.6389"
"12,91 : 0.4924"
"91,12 : 0.4924"
"12,92 : 0.2961"
"92,12 : 0.2961"
"12,93 : 0.7885"
"93,12 : 0.7885"
"12,94 : 0.658"
"94,12 : 0.658"
"12,95 : 0.9701"
"95,12 : 0.9701"
"12,96 : 0.2864"
"96,12 : 0.2864"
"12,97 : 0.7513"
"97,12 : 0.7513"
"12,98 : 0.264"
"98,12 : 0.264"
"12,99 : 0.396"
"99,12 : 0.396"
"13,14 : 0.2746"
"14,13 : 0.2746"
"13,15 : 0.4308"
"15,13 : 0.4308"
"13,16 : 0.6113"
"16,13 : 0.6113"
"13,17 : 1.0283"
"17,13 : 1.0283"
"13,18 : 0.7931"
"18,13 : 0.7931"
"13,19 : 0.7033"
"19,13 : 0.7033"
"13,20 : 0.3384"
"20,13 : 0.3384"
"13,21 : 0.7845"
"21,13 : 0.7845"
"13,22 : 0.805"
"22,13 : 0.805"
