x,y
0.18,0.95
0.49,0.97
0.53,0.26
0.1,0.51
0.31,0.56
0.52,0.48
0.43,0.77
0.69,0.43
0.45,0.63
0.77,0.78
0.19,0.81
0.85,0.76
0.7,0.46
0.04,0.94
0.11,0.38
0.7,0.03
0.01,0.55
0.33,0.82
0.28,0.87
0.36,0.79
0.35,0.7
0.04,0.54
0.07,0.55
0.02,0.56
0.3,0.42
0.88,0.21
0.59,0.61
0.56,0.15
0.27,0.89
0.94,0.81
0.63,0.32
0.48,0.28
0.51,0.14
0.28,0.51
0.94,0.75
0.92,0.69
0.92,0.1
0.01,0.93
0.25,0.06
0.94,0.94
0.83,0.33
0.96,0.91
0.09,0.4
0.91,0.96
0.56,0.12
0.06,0.39
0.58,0.23
0.68,0.33
0.47,0.78
0.93,0.22
0.18,0.88
0.9,0.6
0.18,0.41
0.88,0.84
0.96,0.25
0.57,0.54
0.94,0.46
0.44,0.65
0.79,0.85
0.03,0.75
0.81,0.31
0.54,0.22
0.78,0.99
0.76,0.78
0.5,0.39
0.75,0.19
0.16,0.29
0.16,0.21
0.26,0.93
0.88,0.05
0.97,0.18
0.75,0.83
0.99,0.17
0.97,0.56
0.35,0.92
0.7,0.9
0.14,0.53
0.23,0.92
0.33,0.31
0.3,0.2
0.63,0.43
0.04,0.19
0.36,0.33
0.21,0.87
0.8,0.77
0.31,0.5
0.03,0.09
0.87,0.52
0.92,0.13
0.32,0.83
0.28,0.43
0.2,0.34
0.63,0.83
0.74,0.23
0.91,0.47
0.62,0.76
0.66,0.24
0.92,0.4
0.32,0.41
0.79,0.96

Distanze
"0,1 : 0.3106"
"1,0 : 0.3106"
"0,2 : 0.7737"
"2,0 : 0.7737"
"0,3 : 0.4472"
"3,0 : 0.4472"
"0,4 : 0.4111"
"4,0 : 0.4111"
"0,5 : 0.5801"
"5,0 : 0.5801"
"0,6 : 0.3081"
"6,0 : 0.3081"
"0,7 : 0.7284"
"7,0 : 0.7284"
"0,8 : 0.4187"
"8,0 : 0.4187"
"0,9 : 0.614"
"9,0 : 0.614"
"0,10 : 0.1404"
"10,0 : 0.1404"
"0,11 : 0.6964"
"11,0 : 0.6964"
"0,12 : 0.7145"
"12,0 : 0.7145"
"0,13 : 0.1404"
"13,0 : 0.1404"
"0,14 : 0.5743"
"14,0 : 0.5743"
"0,15 : 1.0568"
"15,0 : 1.0568"
"0,16 : 0.4346"
"16,0 : 0.4346"
"0,17 : 0.1985"
"17,0 : 0.1985"
"0,18 : 0.1281"
"18,0 : 0.1281"
"0,19 : 0.2408"
"19,0 : 0.2408"
"0,20 : 0.3023"
"20,0 : 0.3023"
"0,21 : 0.4332"
"21,0 : 0.4332"
"0,22 : 0.4148"
"22,0 : 0.4148"
"0,23 : 0.4215"
"23,0 : 0.4215"
"0,24 : 0.5434"
"24,0 : 0.5434"
"0,25 : 1.0186"
"25,0 : 1.0186"
"0,26 : 0.5326"
"26,0 : 0.5326"
"0,27 : 0.8857"
"27,0 : 0.8857"
"0,28 : 0.1082"
"28,0 : 0.1082"
"0,29 : 0.7728"
"29,0 : 0.7728"
"0,30 : 0.7742"
"30,0 : 0.7742"
"0,31 : 0.7341"
"31,0 : 0.7341"
"0,32 : 0.8746"
"32,0 : 0.8746"
"0,33 : 0.4512"
"33,0 : 0.4512"
"0,34 : 0.7859"
"34,0 : 0.7859"
"0,35 : 0.7843"
"35,0 : 0.7843"
"0,36 : 1.127"
"36,0 : 1.127"
"0,37 : 0.1712"
"37,0 : 0.1712"
"0,38 : 0.8927"
"38,0 : 0.8927"
"0,39 : 0.7601"
"39,0 : 0.7601"
"0,40 : 0.8983"
"40,0 : 0.8983"
"0,41 : 0.781"
"41,0 : 0.781"
"0,42 : 0.5573"
"42,0 : 0.5573"
"0,43 : 0.7301"
"43,0 : 0.7301"
"0,44 : 0.9129"
"44,0 : 0.9129"
"0,45 : 0.5727"
"45,0 : 0.5727"
"0,46 : 0.8237"
"46,0 : 0.8237"
"0,47 : 0.7965"
"47,0 : 0.7965"
"0,48 : 0.3362"
"48,0 : 0.3362"
"0,49 : 1.0466"
"49,0 : 1.0466"
"0,50 : 0.07"
"50,0 : 0.07"
"0,51 : 0.8006"
"51,0 : 0.8006"
"0,52 : 0.54"
"52,0 : 0.54"
"0,53 : 0.7086"
"53,0 : 0.7086"
"0,54 : 1.048"
"54,0 : 1.048"
"0,55 : 0.5659"
"55,0 : 0.5659"
"0,56 : 0.9043"
"56,0 : 0.9043"
"0,57 : 0.397"
"57,0 : 0.397"
"0,58 : 0.6181"
"58,0 : 0.6181"
"0,59 : 0.25"
"59,0 : 0.25"
"0,60 : 0.8981"
"60,0 : 0.8981"
"0,61 : 0.8139"
"61,0 : 0.8139"
"0,62 : 0.6013"
"62,0 : 0.6013"
"0,63 : 0.6044"
"63,0 : 0.6044"
"0,64 : 0.645"
"64,0 : 0.645"
"0,65 : 0.95"
"65,0 : 0.95"
"0,66 : 0.6603"
"66,0 : 0.6603"
"0,67 : 0.7403"
"67,0 : 0.7403"
"0,68 : 0.0825"
"68,0 : 0.0825"
"0,69 : 1.1402"
"69,0 : 1.1402"
"0,70 : 1.1032"
"70,0 : 1.1032"
"0,71 : 0.5825"
"71,0 : 0.5825"
"0,72 : 1.1245"
"72,0 : 1.1245"
"0,73 : 0.881"
"73,0 : 0.881"
"0,74 : 0.1726"
"74,0 : 0.1726"
"0,75 : 0.5224"
"75,0 : 0.5224"
"0,76 : 0.4219"
"76,0 : 0.4219"
"0,77 : 0.0583"
"77,0 : 0.0583"
"0,78 : 0.6573"
"78,0 : 0.6573"
"0,79 : 0.7595"
"79,0 : 0.7595"
"0,80 : 0.6877"
"80,0 : 0.6877"
"0,81 : 0.7728"
"81,0 : 0.7728"
"0,82 : 0.6456"
"82,0 : 0.6456"
"0,83 : 0.0854"
"83,0 : 0.0854"
"0,84 : 0.6456"
"84,0 : 0.6456"
"0,85 : 0.4684"
"85,0 : 0.4684"
"0,86 : 0.873"
"86,0 : 0.873"
"0,87 : 0.813"
"87,0 : 0.813"
"0,88 : 1.1045"
"88,0 : 1.1045"
"0,89 : 0.1844"
"89,0 : 0.1844"
"0,90 : 0.5295"
"90,0 : 0.5295"
"0,91 : 0.6103"
"91,0 : 0.6103"
"0,92 : 0.4657"
"92,0 : 0.4657"
"0,93 : 0.9121"
"93,0 : 0.9121"
"0,94 : 0.8737"
"94,0 : 0.8737"
"0,95 : 0.4793"
"95,0 : 0.4793"
"0,96 : 0.857"
"96,0 : 0.857"
"0,97 : 0.922"
"97,0 : 0.922"
"0,98 : 0.5579"
"98,0 : 0.5579"
"0,99 : 0.6101"
"99,0 : 0.6101"
"1,2 : 0.7111"
"2,1 : 0.7111"
"1,3 : 0.6031"
"3,1 : 0.6031"
"1,4 : 0.4478"
"4,1 : 0.4478"
"1,5 : 0.4909"
"5,1 : 0.4909"
"1,6 : 0.2088"
"6,1 : 0.2088"
"1,7 : 0.5758"
"7,1 : 0.5758"
"1,8 : 0.3423"
"8,1 : 0.3423"
"1,9 : 0.3384"
"9,1 : 0.3384"
"1,10 : 0.34"
"10,1 : 0.34"
"1,11 : 0.4168"
"11,1 : 0.4168"
"1,12 : 0.5515"
"12,1 : 0.5515"
"1,13 : 0.451"
"13,1 : 0.451"
"1,14 : 0.7018"
"14,1 : 0.7018"
"1,15 : 0.9632"
"15,1 : 0.9632"
"1,16 : 0.6378"
"16,1 : 0.6378"
"1,17 : 0.2193"
"17,1 : 0.2193"
"1,18 : 0.2326"
"18,1 : 0.2326"
"1,19 : 0.222"
"19,1 : 0.222"
"1,20 : 0.3041"
"20,1 : 0.3041"
"1,21 : 0.6224"
"21,1 : 0.6224"
"1,22 : 0.594"
"22,1 : 0.594"
"1,23 : 0.6237"
"23,1 : 0.6237"
"1,24 : 0.5819"
"24,1 : 0.5819"
"1,25 : 0.8542"
"25,1 : 0.8542"
"1,26 : 0.3736"
"26,1 : 0.3736"
"1,27 : 0.823"
"27,1 : 0.823"
"1,28 : 0.2341"
"28,1 : 0.2341"
"1,29 : 0.4776"
"29,1 : 0.4776"
"1,30 : 0.6649"
"30,1 : 0.6649"
"1,31 : 0.6901"
"31,1 : 0.6901"
"1,32 : 0.8302"
"32,1 : 0.8302"
"1,33 : 0.5057"
"33,1 : 0.5057"
"1,34 : 0.5009"
"34,1 : 0.5009"
"1,35 : 0.5131"
"35,1 : 0.5131"
"1,36 : 0.9705"
"36,1 : 0.9705"
"1,37 : 0.4817"
"37,1 : 0.4817"
"1,38 : 0.9411"
"38,1 : 0.9411"
"1,39 : 0.451"
"39,1 : 0.451"
"1,40 : 0.7247"
"40,1 : 0.7247"
"1,41 : 0.4738"
"41,1 : 0.4738"
"1,42 : 0.6963"
"42,1 : 0.6963"
"1,43 : 0.4201"
"43,1 : 0.4201"
"1,44 : 0.8529"
"44,1 : 0.8529"
"1,45 : 0.722"
"45,1 : 0.722"
"1,46 : 0.7455"
"46,1 : 0.7455"
"1,47 : 0.6676"
"47,1 : 0.6676"
"1,48 : 0.191"
"48,1 : 0.191"
"1,49 : 0.8695"
"49,1 : 0.8695"
"1,50 : 0.3228"
"50,1 : 0.3228"
"1,51 : 0.5523"
"51,1 : 0.5523"
"1,52 : 0.6401"
"52,1 : 0.6401"
"1,53 : 0.4111"
"53,1 : 0.4111"
"1,54 : 0.8598"
"54,1 : 0.8598"
"1,55 : 0.4374"
"55,1 : 0.4374"
"1,56 : 0.6801"
"56,1 : 0.6801"
"1,57 : 0.3239"
"57,1 : 0.3239"
"1,58 : 0.3231"
"58,1 : 0.3231"
"1,59 : 0.5099"
"59,1 : 0.5099"
"1,60 : 0.7335"
"60,1 : 0.7335"
"1,61 : 0.7517"
"61,1 : 0.7517"
"1,62 : 0.2907"
"62,1 : 0.2907"
"1,63 : 0.3302"
"63,1 : 0.3302"
"1,64 : 0.5801"
"64,1 : 0.5801"
"1,65 : 0.8222"
"65,1 : 0.8222"
"1,66 : 0.7558"
"66,1 : 0.7558"
"1,67 : 0.8286"
"67,1 : 0.8286"
"1,68 : 0.2335"
"68,1 : 0.2335"
"1,69 : 0.9992"
"69,1 : 0.9992"
"1,70 : 0.9244"
"70,1 : 0.9244"
"1,71 : 0.2953"
"71,1 : 0.2953"
"1,72 : 0.9434"
"72,1 : 0.9434"
"1,73 : 0.6313"
"73,1 : 0.6313"
"1,74 : 0.1487"
"74,1 : 0.1487"
"1,75 : 0.2214"
"75,1 : 0.2214"
"1,76 : 0.5622"
"76,1 : 0.5622"
"1,77 : 0.2648"
"77,1 : 0.2648"
"1,78 : 0.6791"
"78,1 : 0.6791"
"1,79 : 0.7931"
"79,1 : 0.7931"
"1,80 : 0.5579"
"80,1 : 0.5579"
"1,81 : 0.9005"
"81,1 : 0.9005"
"1,82 : 0.6531"
"82,1 : 0.6531"
"1,83 : 0.2973"
"83,1 : 0.2973"
"1,84 : 0.3689"
"84,1 : 0.3689"
"1,85 : 0.5033"
"85,1 : 0.5033"
"1,86 : 0.993"
"86,1 : 0.993"
"1,87 : 0.589"
"87,1 : 0.589"
"1,88 : 0.9437"
"88,1 : 0.9437"
"1,89 : 0.2202"
"89,1 : 0.2202"
"1,90 : 0.5794"
"90,1 : 0.5794"
"1,91 : 0.6935"
"91,1 : 0.6935"
"1,92 : 0.198"
"92,1 : 0.198"
"1,93 : 0.7811"
"93,1 : 0.7811"
"1,94 : 0.653"
"94,1 : 0.653"
"1,95 : 0.247"
"95,1 : 0.247"
"1,96 : 0.7495"
"96,1 : 0.7495"
"1,97 : 0.714"
"97,1 : 0.714"
"1,98 : 0.5852"
"98,1 : 0.5852"
"1,99 : 0.3002"
"99,1 : 0.3002"
"2,3 : 0.4974"
"3,2 : 0.4974"
"2,4 : 0.372"
"4,2 : 0.372"
"2,5 : 0.2202"
"5,2 : 0.2202"
"2,6 : 0.5197"
"6,2 : 0.5197"
"2,7 : 0.2335"
"7,2 : 0.2335"
"2,8 : 0.3785"
"8,2 : 0.3785"
"2,9 : 0.5727"
"9,2 : 0.5727"
"2,10 : 0.6466"
"10,2 : 0.6466"
"2,11 : 0.5936"
"11,2 : 0.5936"
"2,12 : 0.2625"
"12,2 : 0.2625"
"2,13 : 0.8382"
"13,2 : 0.8382"
"2,14 : 0.4368"
"14,2 : 0.4368"
"2,15 : 0.286"
"15,2 : 0.286"
"2,16 : 0.5954"
"16,2 : 0.5954"
"2,17 : 0.5946"
"17,2 : 0.5946"
"2,18 : 0.6592"
"18,2 : 0.6592"
"2,19 : 0.5566"
"19,2 : 0.5566"
"2,20 : 0.4754"
"20,2 : 0.4754"
"2,21 : 0.5644"
"21,2 : 0.5644"
"2,22 : 0.5438"
"22,2 : 0.5438"
"2,23 : 0.5917"
"23,2 : 0.5917"
"2,24 : 0.2802"
"24,2 : 0.2802"
"2,25 : 0.3536"
"25,2 : 0.3536"
"2,26 : 0.3551"
"26,2 : 0.3551"
"2,27 : 0.114"
"27,2 : 0.114"
"2,28 : 0.6815"
"28,2 : 0.6815"
"2,29 : 0.686"
"29,2 : 0.686"
"2,30 : 0.1166"
"30,2 : 0.1166"
"2,31 : 0.0539"
"31,2 : 0.0539"
"2,32 : 0.1217"
"32,2 : 0.1217"
"2,33 : 0.3536"
"33,2 : 0.3536"
"2,34 : 0.6389"
"34,2 : 0.6389"
"2,35 : 0.5805"
"35,2 : 0.5805"
"2,36 : 0.4215"
"36,2 : 0.4215"
"2,37 : 0.8481"
"37,2 : 0.8481"
"2,38 : 0.3441"
"38,2 : 0.3441"
"2,39 : 0.794"
"39,2 : 0.794"
"2,40 : 0.3081"
"40,2 : 0.3081"
"2,41 : 0.7794"
"41,2 : 0.7794"
"2,42 : 0.4617"
"42,2 : 0.4617"
"2,43 : 0.7965"
"43,2 : 0.7965"
"2,44 : 0.1432"
"44,2 : 0.1432"
"2,45 : 0.4876"
"45,2 : 0.4876"
"2,46 : 0.0583"
"46,2 : 0.0583"
"2,47 : 0.1655"
"47,2 : 0.1655"
"2,48 : 0.5235"
"48,2 : 0.5235"
"2,49 : 0.402"
"49,2 : 0.402"
"2,50 : 0.712"
"50,2 : 0.712"
"2,51 : 0.5025"
"51,2 : 0.5025"
"2,52 : 0.3808"
"52,2 : 0.3808"
"2,53 : 0.6774"
"53,2 : 0.6774"
"2,54 : 0.4301"
"54,2 : 0.4301"
"2,55 : 0.2828"
"55,2 : 0.2828"
"2,56 : 0.4562"
"56,2 : 0.4562"
"2,57 : 0.4002"
"57,2 : 0.4002"
"2,58 : 0.6447"
"58,2 : 0.6447"
"2,59 : 0.7001"
"59,2 : 0.7001"
"2,60 : 0.2844"
"60,2 : 0.2844"
"2,61 : 0.0412"
"61,2 : 0.0412"
"2,62 : 0.7716"
"62,2 : 0.7716"
"2,63 : 0.5686"
"63,2 : 0.5686"
"2,64 : 0.1334"
"64,2 : 0.1334"
"2,65 : 0.2309"
"65,2 : 0.2309"
"2,66 : 0.3712"
"66,2 : 0.3712"
"2,67 : 0.3734"
"67,2 : 0.3734"
"2,68 : 0.7224"
"68,2 : 0.7224"
"2,69 : 0.4082"
"69,2 : 0.4082"
"2,70 : 0.4472"
"70,2 : 0.4472"
"2,71 : 0.611"
"71,2 : 0.611"
"2,72 : 0.4687"
"72,2 : 0.4687"
"2,73 : 0.5325"
"73,2 : 0.5325"
"2,74 : 0.6841"
"74,2 : 0.6841"
"2,75 : 0.6622"
"75,2 : 0.6622"
"2,76 : 0.4743"
"76,2 : 0.4743"
"2,77 : 0.725"
"77,2 : 0.725"
"2,78 : 0.2062"
"78,2 : 0.2062"
"2,79 : 0.2377"
"79,2 : 0.2377"
"2,80 : 0.1972"
"80,2 : 0.1972"
"2,81 : 0.495"
"81,2 : 0.495"
"2,82 : 0.1838"
"82,2 : 0.1838"
"2,83 : 0.6888"
"83,2 : 0.6888"
"2,84 : 0.5771"
"84,2 : 0.5771"
"2,85 : 0.3256"
"85,2 : 0.3256"
"2,86 : 0.5281"
"86,2 : 0.5281"
"2,87 : 0.428"
"87,2 : 0.428"
"2,88 : 0.4111"
"88,2 : 0.4111"
"2,89 : 0.6075"
"89,2 : 0.6075"
"2,90 : 0.3023"
"90,2 : 0.3023"
"2,91 : 0.3396"
"91,2 : 0.3396"
"2,92 : 0.5787"
"92,2 : 0.5787"
"2,93 : 0.2121"
"93,2 : 0.2121"
"2,94 : 0.4342"
"94,2 : 0.4342"
"2,95 : 0.508"
"95,2 : 0.508"
"2,96 : 0.1315"
"96,2 : 0.1315"
"2,97 : 0.4144"
"97,2 : 0.4144"
"2,98 : 0.2581"
"98,2 : 0.2581"
"2,99 : 0.7467"
"99,2 : 0.7467"
"3,4 : 0.2159"
"4,3 : 0.2159"
"3,5 : 0.4211"
"5,3 : 0.4211"
"3,6 : 0.4201"
"6,3 : 0.4201"
"3,7 : 0.5954"
"7,3 : 0.5954"
"3,8 : 0.37"
"8,3 : 0.37"
"3,9 : 0.7224"
"9,3 : 0.7224"
"3,10 : 0.3132"
"10,3 : 0.3132"
"3,11 : 0.7906"
"11,3 : 0.7906"
"3,12 : 0.6021"
"12,3 : 0.6021"
"3,13 : 0.4342"
"13,3 : 0.4342"
"3,14 : 0.1304"
"14,3 : 0.1304"
"3,15 : 0.7684"
"15,3 : 0.7684"
"3,16 : 0.0985"
"16,3 : 0.0985"
"3,17 : 0.386"
"17,3 : 0.386"
"3,18 : 0.4025"
"18,3 : 0.4025"
"3,19 : 0.3821"
"19,3 : 0.3821"
"3,20 : 0.314"
"20,3 : 0.314"
"3,21 : 0.0671"
"21,3 : 0.0671"
"3,22 : 0.05"
"22,3 : 0.05"
"3,23 : 0.0943"
"23,3 : 0.0943"
"3,24 : 0.2193"
"24,3 : 0.2193"
"3,25 : 0.8357"
"25,3 : 0.8357"
"3,26 : 0.5001"
"26,3 : 0.5001"
"3,27 : 0.5841"
"27,3 : 0.5841"
"3,28 : 0.4163"
"28,3 : 0.4163"
"3,29 : 0.892"
"29,3 : 0.892"
"3,30 : 0.563"
"30,3 : 0.563"
"3,31 : 0.4442"
"31,3 : 0.4442"
"3,32 : 0.5523"
"32,3 : 0.5523"
"3,33 : 0.18"
"33,3 : 0.18"
"3,34 : 0.8736"
"34,3 : 0.8736"
"3,35 : 0.8395"
"35,3 : 0.8395"
"3,36 : 0.9168"
"36,3 : 0.9168"
"3,37 : 0.4295"
"37,3 : 0.4295"
"3,38 : 0.4743"
"38,3 : 0.4743"
"3,39 : 0.9437"
"39,3 : 0.9437"
"3,40 : 0.7519"
"40,3 : 0.7519"
"3,41 : 0.9485"
"41,3 : 0.9485"
"3,42 : 0.1105"
"42,3 : 0.1105"
"3,43 : 0.9266"
"43,3 : 0.9266"
"3,44 : 0.6031"
"44,3 : 0.6031"
"3,45 : 0.1265"
"45,3 : 0.1265"
"3,46 : 0.5557"
"46,3 : 0.5557"
"3,47 : 0.6073"
"47,3 : 0.6073"
"3,48 : 0.458"
"48,3 : 0.458"
"3,49 : 0.8792"
"49,3 : 0.8792"
"3,50 : 0.3785"
"50,3 : 0.3785"
"3,51 : 0.805"
"51,3 : 0.805"
"3,52 : 0.1281"
"52,3 : 0.1281"
"3,53 : 0.8469"
"53,3 : 0.8469"
"3,54 : 0.8984"
"54,3 : 0.8984"
"3,55 : 0.471"
"55,3 : 0.471"
"3,56 : 0.8415"
"56,3 : 0.8415"
"3,57 : 0.3677"
"57,3 : 0.3677"
"3,58 : 0.7692"
"58,3 : 0.7692"
"3,59 : 0.25"
"59,3 : 0.25"
"3,60 : 0.7376"
"60,3 : 0.7376"
"3,61 : 0.527"
"61,3 : 0.527"
"3,62 : 0.8323"
"62,3 : 0.8323"
"3,63 : 0.7131"
"63,3 : 0.7131"
"3,64 : 0.4176"
"64,3 : 0.4176"
"3,65 : 0.7245"
"65,3 : 0.7245"
"3,66 : 0.228"
"66,3 : 0.228"
"3,67 : 0.3059"
"67,3 : 0.3059"
"3,68 : 0.4494"
"68,3 : 0.4494"
"3,69 : 0.9055"
"69,3 : 0.9055"
"3,70 : 0.9305"
"70,3 : 0.9305"
"3,71 : 0.7245"
"71,3 : 0.7245"
"3,72 : 0.9527"
"72,3 : 0.9527"
"3,73 : 0.8714"
"73,3 : 0.8714"
"3,74 : 0.4802"
"74,3 : 0.4802"
"3,75 : 0.7156"
"75,3 : 0.7156"
"3,76 : 0.0447"
"76,3 : 0.0447"
"3,77 : 0.4301"
"77,3 : 0.4301"
"3,78 : 0.3048"
"78,3 : 0.3048"
"3,79 : 0.3689"
"79,3 : 0.3689"
"3,80 : 0.536"
"80,3 : 0.536"
"3,81 : 0.3256"
"81,3 : 0.3256"
"3,82 : 0.3162"
"82,3 : 0.3162"
"3,83 : 0.3764"
"83,3 : 0.3764"
"3,84 : 0.7467"
"84,3 : 0.7467"
"3,85 : 0.2102"
"85,3 : 0.2102"
"3,86 : 0.4258"
"86,3 : 0.4258"
"3,87 : 0.7701"
"87,3 : 0.7701"
"3,88 : 0.9038"
"88,3 : 0.9038"
"3,89 : 0.3883"
"89,3 : 0.3883"
"3,90 : 0.197"
"90,3 : 0.197"
"3,91 : 0.1972"
"91,3 : 0.1972"
"3,92 : 0.6191"
"92,3 : 0.6191"
"3,93 : 0.6986"
"93,3 : 0.6986"
"3,94 : 0.811"
"94,3 : 0.811"
"3,95 : 0.577"
"95,3 : 0.577"
"3,96 : 0.6217"
"96,3 : 0.6217"
"3,97 : 0.8273"
"97,3 : 0.8273"
"3,98 : 0.2417"
"98,3 : 0.2417"
"3,99 : 0.8238"
"99,3 : 0.8238"
"4,5 : 0.2247"
"5,4 : 0.2247"
"4,6 : 0.2419"
"6,4 : 0.2419"
"4,7 : 0.4016"
"7,4 : 0.4016"
"4,8 : 0.1565"
"8,4 : 0.1565"
"4,9 : 0.5099"
"9,4 : 0.5099"
"4,10 : 0.2773"
"10,4 : 0.2773"
"4,11 : 0.5758"
"11,4 : 0.5758"
"4,12 : 0.4026"
"12,4 : 0.4026"
"4,13 : 0.4662"
"13,4 : 0.4662"
"4,14 : 0.2691"
"14,4 : 0.2691"
"4,15 : 0.658"
"15,4 : 0.658"
"4,16 : 0.3002"
"16,4 : 0.3002"
"4,17 : 0.2608"
"17,4 : 0.2608"
"4,18 : 0.3114"
"18,4 : 0.3114"
"4,19 : 0.2354"
"19,4 : 0.2354"
"4,20 : 0.1456"
"20,4 : 0.1456"
"4,21 : 0.2707"
"21,4 : 0.2707"
"4,22 : 0.2402"
"22,4 : 0.2402"
"4,23 : 0.29"
"23,4 : 0.29"
"4,24 : 0.1404"
"24,4 : 0.1404"
"4,25 : 0.6689"
"25,4 : 0.6689"
"4,26 : 0.2844"
"26,4 : 0.2844"
"4,27 : 0.4802"
"27,4 : 0.4802"
"4,28 : 0.3324"
"28,4 : 0.3324"
"4,29 : 0.6778"
"29,4 : 0.6778"
"4,30 : 0.4"
"30,4 : 0.4"
"4,31 : 0.3276"
"31,4 : 0.3276"
"4,32 : 0.4652"
"32,4 : 0.4652"
"4,33 : 0.0583"
"33,4 : 0.0583"
"4,34 : 0.658"
"34,4 : 0.658"
"4,35 : 0.6237"
"35,4 : 0.6237"
"4,36 : 0.764"
"36,4 : 0.764"
"4,37 : 0.4763"
"37,4 : 0.4763"
"4,38 : 0.5036"
"38,4 : 0.5036"
"4,39 : 0.7357"
"39,4 : 0.7357"
"4,40 : 0.5686"
"40,4 : 0.5686"
"4,41 : 0.7382"
"41,4 : 0.7382"
"4,42 : 0.272"
"42,4 : 0.272"
"4,43 : 0.7211"
"43,4 : 0.7211"
"4,44 : 0.5061"
"44,4 : 0.5061"
"4,45 : 0.3023"
"45,4 : 0.3023"
"4,46 : 0.4264"
"46,4 : 0.4264"
"4,47 : 0.4357"
"47,4 : 0.4357"
"4,48 : 0.272"
"48,4 : 0.272"
"4,49 : 0.7071"
"49,4 : 0.7071"
"4,50 : 0.3454"
"50,4 : 0.3454"
"4,51 : 0.5914"
"51,4 : 0.5914"
"4,52 : 0.1985"
"52,4 : 0.1985"
"4,53 : 0.6351"
"53,4 : 0.6351"
"4,54 : 0.7201"
"54,4 : 0.7201"
"4,55 : 0.2608"
"55,4 : 0.2608"
"4,56 : 0.6379"
"56,4 : 0.6379"
"4,57 : 0.1581"
"57,4 : 0.1581"
"4,58 : 0.5608"
"58,4 : 0.5608"
"4,59 : 0.3384"
"59,4 : 0.3384"
"4,60 : 0.559"
"60,4 : 0.559"
"4,61 : 0.4105"
"61,4 : 0.4105"
"4,62 : 0.637"
"62,4 : 0.637"
"4,63 : 0.5009"
"63,4 : 0.5009"
"4,64 : 0.255"
"64,4 : 0.255"
"4,65 : 0.5749"
"65,4 : 0.5749"
"4,66 : 0.3089"
"66,4 : 0.3089"
"4,67 : 0.3808"
"67,4 : 0.3808"
"4,68 : 0.3734"
"68,4 : 0.3734"
"4,69 : 0.7649"
"69,4 : 0.7649"
"4,70 : 0.7616"
"70,4 : 0.7616"
"4,71 : 0.5162"
"71,4 : 0.5162"
"4,72 : 0.7839"
"72,4 : 0.7839"
"4,73 : 0.66"
"73,4 : 0.66"
"4,74 : 0.3622"
"74,4 : 0.3622"
"4,75 : 0.5174"
"75,4 : 0.5174"
"4,76 : 0.1726"
"76,4 : 0.1726"
"4,77 : 0.3688"
"77,4 : 0.3688"
"4,78 : 0.2508"
"78,4 : 0.2508"
"4,79 : 0.3601"
"79,4 : 0.3601"
"4,80 : 0.3454"
"80,4 : 0.3454"
"4,81 : 0.458"
"81,4 : 0.458"
"4,82 : 0.2354"
"82,4 : 0.2354"
"4,83 : 0.3257"
"83,4 : 0.3257"
"4,84 : 0.5331"
"84,4 : 0.5331"
"4,85 : 0.06"
"85,4 : 0.06"
"4,86 : 0.5471"
"86,4 : 0.5471"
"4,87 : 0.5614"
"87,4 : 0.5614"
"4,88 : 0.7463"
"88,4 : 0.7463"
"4,89 : 0.2702"
"89,4 : 0.2702"
"4,90 : 0.1334"
"90,4 : 0.1334"
"4,91 : 0.246"
"91,4 : 0.246"
"4,92 : 0.4187"
"92,4 : 0.4187"
"4,93 : 0.542"
"93,4 : 0.542"
"4,94 : 0.6067"
"94,4 : 0.6067"
"4,95 : 0.3689"
"95,4 : 0.3689"
"4,96 : 0.4742"
"96,4 : 0.4742"
"4,97 : 0.6306"
"97,4 : 0.6306"
"4,98 : 0.1503"
"98,4 : 0.1503"
"4,99 : 0.6248"
"99,4 : 0.6248"
"5,6 : 0.3036"
"6,5 : 0.3036"
"5,7 : 0.1772"
"7,5 : 0.1772"
"5,8 : 0.1655"
"8,5 : 0.1655"
"5,9 : 0.3905"
"9,5 : 0.3905"
"5,10 : 0.4667"
"10,5 : 0.4667"
"5,11 : 0.4328"
"11,5 : 0.4328"
"5,12 : 0.1811"
"12,5 : 0.1811"
"5,13 : 0.6648"
"13,5 : 0.6648"
"5,14 : 0.422"
"14,5 : 0.422"
"5,15 : 0.4847"
"15,5 : 0.4847"
"5,16 : 0.5148"
"16,5 : 0.5148"
"5,17 : 0.3895"
"17,5 : 0.3895"
"5,18 : 0.4579"
"18,5 : 0.4579"
"5,19 : 0.3489"
"19,5 : 0.3489"
"5,20 : 0.278"
"20,5 : 0.278"
"5,21 : 0.4837"
"21,5 : 0.4837"
"5,22 : 0.4554"
"22,5 : 0.4554"
"5,23 : 0.5064"
"23,5 : 0.5064"
"5,24 : 0.228"
"24,5 : 0.228"
"5,25 : 0.45"
"25,5 : 0.45"
"5,26 : 0.1476"
"26,5 : 0.1476"
"5,27 : 0.3324"
"27,5 : 0.3324"
"5,28 : 0.4802"
"28,5 : 0.4802"
"5,29 : 0.5341"
"29,5 : 0.5341"
"5,30 : 0.1942"
"30,5 : 0.1942"
"5,31 : 0.204"
"31,5 : 0.204"
"5,32 : 0.3401"
"32,5 : 0.3401"
"5,33 : 0.2419"
"33,5 : 0.2419"
"5,34 : 0.4993"
"34,5 : 0.4993"
"5,35 : 0.4518"
"35,5 : 0.4518"
"5,36 : 0.5517"
"36,5 : 0.5517"
"5,37 : 0.6801"
"37,5 : 0.6801"
"5,38 : 0.4993"
"38,5 : 0.4993"
"5,39 : 0.6229"
"39,5 : 0.6229"
"5,40 : 0.3444"
"40,5 : 0.3444"
"5,41 : 0.6152"
"41,5 : 0.6152"
"5,42 : 0.4374"
"42,5 : 0.4374"
"5,43 : 0.6185"
"43,5 : 0.6185"
"5,44 : 0.3622"
"44,5 : 0.3622"
"5,45 : 0.4687"
"45,5 : 0.4687"
"5,46 : 0.2571"
"46,5 : 0.2571"
"5,47 : 0.2193"
"47,5 : 0.2193"
"5,48 : 0.3041"
"48,5 : 0.3041"
"5,49 : 0.4855"
"49,5 : 0.4855"
"5,50 : 0.525"
"50,5 : 0.525"
"5,51 : 0.3985"
"51,5 : 0.3985"
"5,52 : 0.3471"
"52,5 : 0.3471"
"5,53 : 0.5091"
"53,5 : 0.5091"
"5,54 : 0.4965"
"54,5 : 0.4965"
"5,55 : 0.0781"
"55,5 : 0.0781"
"5,56 : 0.4205"
"56,5 : 0.4205"
"5,57 : 0.1879"
"57,5 : 0.1879"
"5,58 : 0.458"
"58,5 : 0.458"
"5,59 : 0.5595"
"59,5 : 0.5595"
"5,60 : 0.3362"
"60,5 : 0.3362"
"5,61 : 0.2608"
"61,5 : 0.2608"
"5,62 : 0.5725"
"62,5 : 0.5725"
"5,63 : 0.3842"
"63,5 : 0.3842"
"5,64 : 0.0922"
"64,5 : 0.0922"
"5,65 : 0.3701"
"65,5 : 0.3701"
"5,66 : 0.4071"
"66,5 : 0.4071"
"5,67 : 0.45"
"67,5 : 0.45"
"5,68 : 0.5197"
"68,5 : 0.5197"
"5,69 : 0.5608"
"69,5 : 0.5608"
"5,70 : 0.5408"
"70,5 : 0.5408"
"5,71 : 0.4188"
"71,5 : 0.4188"
"5,72 : 0.563"
"72,5 : 0.563"
"5,73 : 0.4571"
"73,5 : 0.4571"
"5,74 : 0.4717"
"74,5 : 0.4717"
"5,75 : 0.4569"
"75,5 : 0.4569"
"5,76 : 0.3833"
"76,5 : 0.3833"
"5,77 : 0.527"
"77,5 : 0.527"
"5,78 : 0.255"
"78,5 : 0.255"
"5,79 : 0.3561"
"79,5 : 0.3561"
"5,80 : 0.1208"
"80,5 : 0.1208"
"5,81 : 0.5608"
"81,5 : 0.5608"
"5,82 : 0.2193"
"82,5 : 0.2193"
"5,83 : 0.4982"
"83,5 : 0.4982"
"5,84 : 0.4031"
"84,5 : 0.4031"
"5,85 : 0.211"
"85,5 : 0.211"
"5,86 : 0.6263"
"86,5 : 0.6263"
"5,87 : 0.3523"
"87,5 : 0.3523"
"5,88 : 0.5315"
"88,5 : 0.5315"
"5,89 : 0.4031"
"89,5 : 0.4031"
"5,90 : 0.2452"
"90,5 : 0.2452"
"5,91 : 0.3493"
"91,5 : 0.3493"
"5,92 : 0.3669"
"92,5 : 0.3669"
"5,93 : 0.333"
"93,5 : 0.333"
"5,94 : 0.3901"
"94,5 : 0.3901"
"5,95 : 0.2973"
"95,5 : 0.2973"
"5,96 : 0.2778"
"96,5 : 0.2778"
"5,97 : 0.4079"
"97,5 : 0.4079"
"5,98 : 0.2119"
"98,5 : 0.2119"
"5,99 : 0.5507"
"99,5 : 0.5507"
"6,7 : 0.428"
"7,6 : 0.428"
"6,8 : 0.1414"
"8,6 : 0.1414"
"6,9 : 0.3401"
"9,6 : 0.3401"
"6,10 : 0.2433"
"10,6 : 0.2433"
"6,11 : 0.4201"
"11,6 : 0.4201"
"6,12 : 0.4111"
"12,6 : 0.4111"
"6,13 : 0.4254"
"13,6 : 0.4254"
"6,14 : 0.5045"
"14,6 : 0.5045"
"6,15 : 0.7877"
"15,6 : 0.7877"
"6,16 : 0.4741"
"16,6 : 0.4741"
"6,17 : 0.1118"
"17,6 : 0.1118"
"6,18 : 0.1803"
"18,6 : 0.1803"
"6,19 : 0.0728"
"19,6 : 0.0728"
"6,20 : 0.1063"
"20,6 : 0.1063"
"6,21 : 0.4528"
"21,6 : 0.4528"
"6,22 : 0.4219"
"22,6 : 0.4219"
"6,23 : 0.4607"
"23,6 : 0.4607"
"6,24 : 0.3734"
"24,6 : 0.3734"
"6,25 : 0.7184"
"25,6 : 0.7184"
"6,26 : 0.2263"
"26,6 : 0.2263"
"6,27 : 0.6335"
"27,6 : 0.6335"
"6,28 : 0.2"
"28,6 : 0.2"
"6,29 : 0.5116"
"29,6 : 0.5116"
"6,30 : 0.4924"
"30,6 : 0.4924"
"6,31 : 0.4925"
"31,6 : 0.4925"
"6,32 : 0.6351"
"32,6 : 0.6351"
"6,33 : 0.3002"
"33,6 : 0.3002"
"6,34 : 0.5104"
"34,6 : 0.5104"
"6,35 : 0.4965"
"35,6 : 0.4965"
"6,36 : 0.8301"
"36,6 : 0.8301"
"6,37 : 0.4494"
"37,6 : 0.4494"
"6,38 : 0.7325"
"38,6 : 0.7325"
"6,39 : 0.5376"
"39,6 : 0.5376"
"6,40 : 0.5946"
"40,6 : 0.5946"
"6,41 : 0.5482"
"41,6 : 0.5482"
"6,42 : 0.5025"
"42,6 : 0.5025"
"6,43 : 0.5162"
"43,6 : 0.5162"
"6,44 : 0.6629"
"44,6 : 0.6629"
"6,45 : 0.5304"
"45,6 : 0.5304"
"6,46 : 0.5604"
"46,6 : 0.5604"
"6,47 : 0.5061"
"47,6 : 0.5061"
"6,48 : 0.0412"
"48,6 : 0.0412"
"6,49 : 0.7433"
"49,6 : 0.7433"
"6,50 : 0.2731"
"50,6 : 0.2731"
"6,51 : 0.4998"
"51,6 : 0.4998"
"6,52 : 0.4383"
"52,6 : 0.4383"
"6,53 : 0.4554"
"53,6 : 0.4554"
"6,54 : 0.7425"
"54,6 : 0.7425"
"6,55 : 0.2693"
"55,6 : 0.2693"
"6,56 : 0.5968"
"56,6 : 0.5968"
"6,57 : 0.1204"
"57,6 : 0.1204"
"6,58 : 0.3688"
"58,6 : 0.3688"
"6,59 : 0.4005"
"59,6 : 0.4005"
"6,60 : 0.5967"
"60,6 : 0.5967"
"6,61 : 0.5609"
"61,6 : 0.5609"
"6,62 : 0.4134"
"62,6 : 0.4134"
"6,63 : 0.3302"
"63,6 : 0.3302"
"6,64 : 0.3864"
"64,6 : 0.3864"
"6,65 : 0.6624"
"65,6 : 0.6624"
"6,66 : 0.5507"
"66,6 : 0.5507"
"6,67 : 0.6217"
"67,6 : 0.6217"
"6,68 : 0.2335"
"68,6 : 0.2335"
"6,69 : 0.8491"
"69,6 : 0.8491"
"6,70 : 0.7998"
"70,6 : 0.7998"
"6,71 : 0.3256"
"71,6 : 0.3256"
"6,72 : 0.8207"
"72,6 : 0.8207"
"6,73 : 0.5794"
"73,6 : 0.5794"
"6,74 : 0.17"
"74,6 : 0.17"
"6,75 : 0.2997"
"75,6 : 0.2997"
"6,76 : 0.3764"
"76,6 : 0.3764"
"6,77 : 0.25"
"77,6 : 0.25"
"6,78 : 0.4707"
"78,6 : 0.4707"
"6,79 : 0.5846"
"79,6 : 0.5846"
"6,80 : 0.3945"
"80,6 : 0.3945"
"6,81 : 0.6989"
"81,6 : 0.6989"
"6,82 : 0.4455"
"82,6 : 0.4455"
"6,83 : 0.2417"
"83,6 : 0.2417"
"6,84 : 0.37"
"84,6 : 0.37"
"6,85 : 0.2955"
"85,6 : 0.2955"
"6,86 : 0.7889"
"86,6 : 0.7889"
"6,87 : 0.5061"
"87,6 : 0.5061"
"6,88 : 0.806"
"88,6 : 0.806"
"6,89 : 0.1253"
"89,6 : 0.1253"
"6,90 : 0.3716"
"90,6 : 0.3716"
"6,91 : 0.4876"
"91,6 : 0.4876"
"6,92 : 0.2088"
"92,6 : 0.2088"
"6,93 : 0.6227"
"93,6 : 0.6227"
"6,94 : 0.566"
"94,6 : 0.566"
"6,95 : 0.1903"
"95,6 : 0.1903"
"6,96 : 0.5778"
"96,6 : 0.5778"
"6,97 : 0.614"
"97,6 : 0.614"
"6,98 : 0.3764"
"98,6 : 0.3764"
"6,99 : 0.4071"
"99,6 : 0.4071"
"7,8 : 0.3124"
"8,7 : 0.3124"
"7,9 : 0.359"
"9,7 : 0.359"
"7,10 : 0.628"
"10,7 : 0.628"
"7,11 : 0.3667"
"11,7 : 0.3667"
"7,12 : 0.0316"
"12,7 : 0.0316"
"7,13 : 0.8262"
"13,7 : 0.8262"
"7,14 : 0.5822"
"14,7 : 0.5822"
"7,15 : 0.4001"
"15,7 : 0.4001"
"7,16 : 0.6905"
"16,7 : 0.6905"
"7,17 : 0.5308"
"17,7 : 0.5308"
"7,18 : 0.6014"
"18,7 : 0.6014"
"7,19 : 0.4884"
"19,7 : 0.4884"
"7,20 : 0.4342"
"20,7 : 0.4342"
"7,21 : 0.6592"
"21,7 : 0.6592"
"7,22 : 0.6315"
"22,7 : 0.6315"
"7,23 : 0.6825"
"23,7 : 0.6825"
"7,24 : 0.3901"
"24,7 : 0.3901"
"7,25 : 0.2907"
"25,7 : 0.2907"
"7,26 : 0.2059"
"26,7 : 0.2059"
"7,27 : 0.3087"
"27,7 : 0.3087"
"7,28 : 0.6229"
"28,7 : 0.6229"
"7,29 : 0.4549"
"29,7 : 0.4549"
"7,30 : 0.1253"
"30,7 : 0.1253"
"7,31 : 0.2581"
"31,7 : 0.2581"
"7,32 : 0.3413"
"32,7 : 0.3413"
"7,33 : 0.4177"
"33,7 : 0.4177"
"7,34 : 0.4061"
"34,7 : 0.4061"
"7,35 : 0.3471"
"35,7 : 0.3471"
"7,36 : 0.4022"
"36,7 : 0.4022"
"7,37 : 0.844"
"37,7 : 0.844"
"7,38 : 0.5749"
"38,7 : 0.5749"
"7,39 : 0.568"
"39,7 : 0.568"
"7,40 : 0.172"
"40,7 : 0.172"
"7,41 : 0.5507"
"41,7 : 0.5507"
"7,42 : 0.6007"
"42,7 : 0.6007"
"7,43 : 0.5738"
"43,7 : 0.5738"
"7,44 : 0.3362"
"44,7 : 0.3362"
"7,45 : 0.6313"
"45,7 : 0.6313"
"7,46 : 0.2283"
"46,7 : 0.2283"
"7,47 : 0.1005"
"47,7 : 0.1005"
"7,48 : 0.4134"
"48,7 : 0.4134"
"7,49 : 0.3189"
"49,7 : 0.3189"
"7,50 : 0.6801"
"50,7 : 0.6801"
"7,51 : 0.2702"
"51,7 : 0.2702"
"7,52 : 0.5104"
"52,7 : 0.5104"
"7,53 : 0.4519"
"53,7 : 0.4519"
"7,54 : 0.3245"
"54,7 : 0.3245"
"7,55 : 0.1628"
"55,7 : 0.1628"
"7,56 : 0.2518"
"56,7 : 0.2518"
"7,57 : 0.333"
"57,7 : 0.333"
"7,58 : 0.4317"
"58,7 : 0.4317"
"7,59 : 0.7335"
"59,7 : 0.7335"
"7,60 : 0.1697"
"60,7 : 0.1697"
"7,61 : 0.2581"
"61,7 : 0.2581"
"7,62 : 0.5672"
"62,7 : 0.5672"
"7,63 : 0.3569"
"63,7 : 0.3569"
"7,64 : 0.1942"
"64,7 : 0.1942"
"7,65 : 0.2474"
"65,7 : 0.2474"
"7,66 : 0.5482"
"66,7 : 0.5482"
"7,67 : 0.5738"
"67,7 : 0.5738"
"7,68 : 0.6595"
"68,7 : 0.6595"
"7,69 : 0.4249"
"69,7 : 0.4249"
"7,70 : 0.3754"
"70,7 : 0.3754"
"7,71 : 0.4045"
"71,7 : 0.4045"
"7,72 : 0.397"
"72,7 : 0.397"
"7,73 : 0.3087"
"73,7 : 0.3087"
"7,74 : 0.5964"
"74,7 : 0.5964"
"7,75 : 0.4701"
"75,7 : 0.4701"
"7,76 : 0.559"
"76,7 : 0.559"
"7,77 : 0.6721"
"77,7 : 0.6721"
"7,78 : 0.3795"
"78,7 : 0.3795"
"7,79 : 0.4528"
"79,7 : 0.4528"
"7,80 : 0.06"
"80,7 : 0.06"
"7,81 : 0.6929"
"81,7 : 0.6929"
"7,82 : 0.3448"
"82,7 : 0.3448"
"7,83 : 0.6512"
"83,7 : 0.6512"
"7,84 : 0.3574"
"84,7 : 0.3574"
"7,85 : 0.3864"
"85,7 : 0.3864"
"7,86 : 0.7424"
"86,7 : 0.7424"
"7,87 : 0.2012"
"87,7 : 0.2012"
"7,88 : 0.378"
"88,7 : 0.378"
"7,89 : 0.5449"
"89,7 : 0.5449"
"7,90 : 0.41"
"90,7 : 0.41"
"7,91 : 0.4982"
"91,7 : 0.4982"
"7,92 : 0.4045"
"92,7 : 0.4045"
"7,93 : 0.2062"
"93,7 : 0.2062"
"7,94 : 0.2236"
"94,7 : 0.2236"
"7,95 : 0.3373"
"95,7 : 0.3373"
"7,96 : 0.1924"
"96,7 : 0.1924"
"7,97 : 0.2319"
"97,7 : 0.2319"
"7,98 : 0.3705"
"98,7 : 0.3705"
"7,99 : 0.5394"
"99,7 : 0.5394"
"8,9 : 0.3534"
"9,8 : 0.3534"
"8,10 : 0.3162"
"10,8 : 0.3162"
"8,11 : 0.4206"
"11,8 : 0.4206"
"8,12 : 0.3023"
"12,8 : 0.3023"
"8,13 : 0.514"
"13,8 : 0.514"
"8,14 : 0.422"
"14,8 : 0.422"
"8,15 : 0.65"
"15,8 : 0.65"
"8,16 : 0.4472"
"16,8 : 0.4472"
"8,17 : 0.2247"
"17,8 : 0.2247"
"8,18 : 0.2941"
"18,8 : 0.2941"
"8,19 : 0.1836"
"19,8 : 0.1836"
"8,20 : 0.1221"
"20,8 : 0.1221"
"8,21 : 0.4198"
"21,8 : 0.4198"
"8,22 : 0.3883"
"22,8 : 0.3883"
"8,23 : 0.4357"
"23,8 : 0.4357"
"8,24 : 0.2581"
"24,8 : 0.2581"
"8,25 : 0.6011"
"25,8 : 0.6011"
"8,26 : 0.1414"
"26,8 : 0.1414"
"8,27 : 0.4924"
"27,8 : 0.4924"
"8,28 : 0.3162"
"28,8 : 0.3162"
"8,29 : 0.522"
"29,8 : 0.522"
"8,30 : 0.3585"
"30,8 : 0.3585"
"8,31 : 0.3513"
"31,8 : 0.3513"
"8,32 : 0.4937"
"32,8 : 0.4937"
"8,33 : 0.2081"
"33,8 : 0.2081"
"8,34 : 0.5045"
"34,8 : 0.5045"
"8,35 : 0.4738"
"35,8 : 0.4738"
"8,36 : 0.7084"
"36,8 : 0.7084"
"8,37 : 0.5325"
"37,8 : 0.5325"
"8,38 : 0.6041"
"38,8 : 0.6041"
"8,39 : 0.5798"
"39,8 : 0.5798"
"8,40 : 0.4841"
"40,8 : 0.4841"
"8,41 : 0.5818"
"41,8 : 0.5818"
"8,42 : 0.4272"
"42,8 : 0.4272"
"8,43 : 0.5661"
"43,8 : 0.5661"
"8,44 : 0.5217"
"44,8 : 0.5217"
"8,45 : 0.4579"
"45,8 : 0.4579"
"8,46 : 0.4206"
"46,8 : 0.4206"
"8,47 : 0.378"
"47,8 : 0.378"
"8,48 : 0.1513"
"48,8 : 0.1513"
"8,49 : 0.6313"
"49,8 : 0.6313"
"8,50 : 0.368"
"50,8 : 0.368"
"8,51 : 0.451"
"51,8 : 0.451"
"8,52 : 0.3483"
"52,8 : 0.3483"
"8,53 : 0.4785"
"53,8 : 0.4785"
"8,54 : 0.636"
"54,8 : 0.636"
"8,55 : 0.15"
"55,8 : 0.15"
"8,56 : 0.5187"
"56,8 : 0.5187"
"8,57 : 0.0224"
"57,8 : 0.0224"
"8,58 : 0.405"
"58,8 : 0.405"
"8,59 : 0.4368"
"59,8 : 0.4368"
"8,60 : 0.4817"
"60,8 : 0.4817"
"8,61 : 0.4198"
"61,8 : 0.4198"
"8,62 : 0.4884"
"62,8 : 0.4884"
"8,63 : 0.3444"
"63,8 : 0.3444"
"8,64 : 0.2452"
"64,8 : 0.2452"
"8,65 : 0.5325"
"65,8 : 0.5325"
"8,66 : 0.4469"
"66,8 : 0.4469"
"8,67 : 0.5104"
"67,8 : 0.5104"
"8,68 : 0.3551"
"68,8 : 0.3551"
"8,69 : 0.722"
"69,8 : 0.722"
"8,70 : 0.6877"
"70,8 : 0.6877"
"8,71 : 0.3606"
"71,8 : 0.3606"
"8,72 : 0.7094"
"72,8 : 0.7094"
"8,73 : 0.5247"
"73,8 : 0.5247"
"8,74 : 0.3068"
"74,8 : 0.3068"
"8,75 : 0.368"
"75,8 : 0.368"
"8,76 : 0.3257"
"76,8 : 0.3257"
"8,77 : 0.364"
"77,8 : 0.364"
"8,78 : 0.3418"
"78,8 : 0.3418"
"8,79 : 0.4554"
"79,8 : 0.4554"
"8,80 : 0.2691"
"80,8 : 0.2691"
"8,81 : 0.6014"
"81,8 : 0.6014"
"8,82 : 0.3132"
"82,8 : 0.3132"
"8,83 : 0.3394"
"83,8 : 0.3394"
"8,84 : 0.377"
"84,8 : 0.377"
"8,85 : 0.191"
"85,8 : 0.191"
"8,86 : 0.6841"
"86,8 : 0.6841"
"8,87 : 0.4342"
"87,8 : 0.4342"
"8,88 : 0.6862"
"88,8 : 0.6862"
"8,89 : 0.2385"
"89,8 : 0.2385"
"8,90 : 0.2625"
"90,8 : 0.2625"
"8,91 : 0.3829"
"91,8 : 0.3829"
"8,92 : 0.2691"
"92,8 : 0.2691"
"8,93 : 0.4941"
"93,8 : 0.4941"
"8,94 : 0.487"
"94,8 : 0.487"
"8,95 : 0.214"
"95,8 : 0.214"
"8,96 : 0.4429"
"96,8 : 0.4429"
"8,97 : 0.5233"
"97,8 : 0.5233"
"8,98 : 0.2555"
"98,8 : 0.2555"
"8,99 : 0.4738"
"99,8 : 0.4738"
"9,10 : 0.5808"
"10,9 : 0.5808"
"9,11 : 0.0825"
"11,9 : 0.0825"
"9,12 : 0.3276"
"12,9 : 0.3276"
"9,13 : 0.7473"
"13,9 : 0.7473"
"9,14 : 0.7718"
"14,9 : 0.7718"
"9,15 : 0.7533"
"15,9 : 0.7533"
"9,16 : 0.794"
"16,9 : 0.794"
"9,17 : 0.4418"
"17,9 : 0.4418"
"9,18 : 0.4982"
"18,9 : 0.4982"
"9,19 : 0.4101"
"19,9 : 0.4101"
"9,20 : 0.4276"
"20,9 : 0.4276"
"9,21 : 0.7684"
"21,9 : 0.7684"
"9,22 : 0.7368"
"22,9 : 0.7368"
"9,23 : 0.7816"
"23,9 : 0.7816"
"9,24 : 0.592"
"24,9 : 0.592"
"9,25 : 0.5805"
"25,9 : 0.5805"
"9,26 : 0.2476"
"26,9 : 0.2476"
"9,27 : 0.6641"
"27,9 : 0.6641"
"9,28 : 0.512"
"28,9 : 0.512"
"9,29 : 0.1726"
"29,9 : 0.1726"
"9,30 : 0.4808"
"30,9 : 0.4808"
"9,31 : 0.578"
"31,9 : 0.578"
"9,32 : 0.6908"
"32,9 : 0.6908"
"9,33 : 0.5595"
"33,9 : 0.5595"
"9,34 : 0.1726"
"34,9 : 0.1726"
"9,35 : 0.1749"
"35,9 : 0.1749"
"9,36 : 0.6963"
"36,9 : 0.6963"
"9,37 : 0.7747"
"37,9 : 0.7747"
"9,38 : 0.8881"
"38,9 : 0.8881"
"9,39 : 0.2335"
"39,9 : 0.2335"
"9,40 : 0.454"
"40,9 : 0.454"
"9,41 : 0.2302"
"41,9 : 0.2302"
"9,42 : 0.779"
"42,9 : 0.779"
"9,43 : 0.228"
"43,9 : 0.228"
"9,44 : 0.6926"
"44,9 : 0.6926"
"9,45 : 0.8101"
"45,9 : 0.8101"
"9,46 : 0.5819"
"46,9 : 0.5819"
"9,47 : 0.4589"
"47,9 : 0.4589"
"9,48 : 0.3"
"48,9 : 0.3"
"9,49 : 0.5824"
"49,9 : 0.5824"
"9,50 : 0.5984"
"50,9 : 0.5984"
"9,51 : 0.222"
"51,9 : 0.222"
"9,52 : 0.6964"
"52,9 : 0.6964"
"9,53 : 0.1253"
"53,9 : 0.1253"
"9,54 : 0.563"
"54,9 : 0.563"
"9,55 : 0.3124"
"55,9 : 0.3124"
"9,56 : 0.3624"
"56,9 : 0.3624"
"9,57 : 0.3547"
"57,9 : 0.3547"
"9,58 : 0.0728"
"58,9 : 0.0728"
"9,59 : 0.7406"
"59,9 : 0.7406"
"9,60 : 0.4717"
"60,9 : 0.4717"
"9,61 : 0.6054"
"61,9 : 0.6054"
"9,62 : 0.2102"
"62,9 : 0.2102"
"9,63 : 0.01"
"63,9 : 0.01"
"9,64 : 0.4743"
"64,9 : 0.4743"
"9,65 : 0.5903"
"65,9 : 0.5903"
"9,66 : 0.7824"
"66,9 : 0.7824"
"9,67 : 0.8349"
"67,9 : 0.8349"
"9,68 : 0.5316"
"68,9 : 0.5316"
"9,69 : 0.7382"
"69,9 : 0.7382"
"9,70 : 0.6325"
"70,9 : 0.6325"
"9,71 : 0.0539"
"71,9 : 0.0539"
"9,72 : 0.6485"
"72,9 : 0.6485"
"9,73 : 0.2973"
"73,9 : 0.2973"
"9,74 : 0.4427"
"74,9 : 0.4427"
"9,75 : 0.1389"
"75,9 : 0.1389"
"9,76 : 0.6778"
"76,9 : 0.6778"
"9,77 : 0.5579"
"77,9 : 0.5579"
"9,78 : 0.6438"
"78,9 : 0.6438"
"9,79 : 0.7465"
"79,9 : 0.7465"
"9,80 : 0.377"
"80,9 : 0.377"
"9,81 : 0.9386"
"81,9 : 0.9386"
"9,82 : 0.6088"
"82,9 : 0.6088"
"9,83 : 0.5672"
"83,9 : 0.5672"
"9,84 : 0.0316"
"84,9 : 0.0316"
"9,85 : 0.5385"
"85,9 : 0.5385"
"9,86 : 1.0118"
"86,9 : 1.0118"
"9,87 : 0.2786"
"87,9 : 0.2786"
"9,88 : 0.6671"
"88,9 : 0.6671"
"9,89 : 0.4528"
"89,9 : 0.4528"
"9,90 : 0.6022"
"90,9 : 0.6022"
"9,91 : 0.7201"
"91,9 : 0.7201"
"9,92 : 0.1487"
"92,9 : 0.1487"
"9,93 : 0.5508"
"93,9 : 0.5508"
"9,94 : 0.3401"
"94,9 : 0.3401"
"9,95 : 0.1513"
"95,9 : 0.1513"
"9,96 : 0.5511"
"96,9 : 0.5511"
"9,97 : 0.4085"
"97,9 : 0.4085"
"9,98 : 0.5826"
"98,9 : 0.5826"
"9,99 : 0.1811"
"99,9 : 0.1811"
"10,11 : 0.6619"
"11,10 : 0.6619"
"10,12 : 0.6185"
"12,10 : 0.6185"
"10,13 : 0.1985"
"13,10 : 0.1985"
"10,14 : 0.4374"
"14,10 : 0.4374"
"10,15 : 0.9319"
"15,10 : 0.9319"
"10,16 : 0.3162"
"16,10 : 0.3162"
"10,17 : 0.1404"
"17,10 : 0.1404"
"10,18 : 0.1082"
"18,10 : 0.1082"
"10,19 : 0.1712"
"19,10 : 0.1712"
"10,20 : 0.1942"
"20,10 : 0.1942"
"10,21 : 0.3089"
"21,10 : 0.3089"
"10,22 : 0.2864"
"22,10 : 0.2864"
"10,23 : 0.3023"
"23,10 : 0.3023"
"10,24 : 0.4052"
"24,10 : 0.4052"
"10,25 : 0.9144"
"25,10 : 0.9144"
"10,26 : 0.4472"
"26,10 : 0.4472"
"10,27 : 0.7566"
"27,10 : 0.7566"
"10,28 : 0.1131"
"28,10 : 0.1131"
"10,29 : 0.75"
"29,10 : 0.75"
"10,30 : 0.6586"
"30,10 : 0.6586"
"10,31 : 0.6042"
"31,10 : 0.6042"
"10,32 : 0.7425"
"32,10 : 0.7425"
"10,33 : 0.3132"
"33,10 : 0.3132"
"10,34 : 0.7524"
"34,10 : 0.7524"
"10,35 : 0.7398"
"35,10 : 0.7398"
"10,36 : 1.0183"
"36,10 : 1.0183"
"10,37 : 0.2163"
"37,10 : 0.2163"
"10,38 : 0.7524"
"38,10 : 0.7524"
"10,39 : 0.7612"
"39,10 : 0.7612"
"10,40 : 0.8"
"40,10 : 0.8"
"10,41 : 0.7765"
"41,10 : 0.7765"
"10,42 : 0.422"
"42,10 : 0.422"
"10,43 : 0.7355"
"43,10 : 0.7355"
"10,44 : 0.7829"
"44,10 : 0.7829"
"10,45 : 0.4397"
"45,10 : 0.4397"
"10,46 : 0.6989"
"46,10 : 0.6989"
"10,47 : 0.6859"
"47,10 : 0.6859"
"10,48 : 0.2816"
"48,10 : 0.2816"
"10,49 : 0.9464"
"49,10 : 0.9464"
"10,50 : 0.0707"
"50,10 : 0.0707"
"10,51 : 0.7404"
"51,10 : 0.7404"
"10,52 : 0.4001"
"52,10 : 0.4001"
"10,53 : 0.6907"
"53,10 : 0.6907"
"10,54 : 0.9521"
"54,10 : 0.9521"
"10,55 : 0.4662"
"55,10 : 0.4662"
"10,56 : 0.8276"
"56,10 : 0.8276"
"10,57 : 0.2968"
"57,10 : 0.2968"
"10,58 : 0.6013"
"58,10 : 0.6013"
"10,59 : 0.1709"
"59,10 : 0.1709"
"10,60 : 0.7965"
"60,10 : 0.7965"
"10,61 : 0.686"
"61,10 : 0.686"
"10,62 : 0.6168"
"62,10 : 0.6168"
"10,63 : 0.5708"
"63,10 : 0.5708"
"10,64 : 0.522"
"64,10 : 0.522"
"10,65 : 0.8355"
"65,10 : 0.8355"
"10,66 : 0.5209"
"66,10 : 0.5209"
"10,67 : 0.6007"
"67,10 : 0.6007"
"10,68 : 0.1389"
"68,10 : 0.1389"
"10,69 : 1.0265"
"69,10 : 1.0265"
"10,70 : 1.0026"
"70,10 : 1.0026"
"10,71 : 0.5604"
"71,10 : 0.5604"
"10,72 : 1.0245"
"72,10 : 1.0245"
"10,73 : 0.8191"
"73,10 : 0.8191"
"10,74 : 0.1942"
"74,10 : 0.1942"
"10,75 : 0.5179"
"75,10 : 0.5179"
"10,76 : 0.2844"
"76,10 : 0.2844"
"10,77 : 0.117"
"77,10 : 0.117"
"10,78 : 0.5192"
"78,10 : 0.5192"
"10,79 : 0.6198"
"79,10 : 0.6198"
"10,80 : 0.5814"
"80,10 : 0.5814"
"10,81 : 0.6379"
"81,10 : 0.6379"
"10,82 : 0.5092"
"82,10 : 0.5092"
"10,83 : 0.0632"
"83,10 : 0.0632"
"10,84 : 0.6113"
"84,10 : 0.6113"
"10,85 : 0.3324"
"85,10 : 0.3324"
"10,86 : 0.7376"
"86,10 : 0.7376"
"10,87 : 0.7393"
"87,10 : 0.7393"
"10,88 : 0.9976"
"88,10 : 0.9976"
"10,89 : 0.1315"
"89,10 : 0.1315"
"10,90 : 0.3905"
"90,10 : 0.3905"
"10,91 : 0.4701"
"91,10 : 0.4701"
"10,92 : 0.4405"
"92,10 : 0.4405"
"10,93 : 0.7993"
"93,10 : 0.7993"
"10,94 : 0.7962"
"94,10 : 0.7962"
"10,95 : 0.4329"
"95,10 : 0.4329"
"10,96 : 0.7388"
"96,10 : 0.7388"
"10,97 : 0.8373"
"97,10 : 0.8373"
"10,98 : 0.4206"
"98,10 : 0.4206"
"10,99 : 0.6185"
"99,10 : 0.6185"
"11,12 : 0.3354"
"12,11 : 0.3354"
"11,13 : 0.8298"
"13,11 : 0.8298"
"11,14 : 0.8319"
"14,11 : 0.8319"
"11,15 : 0.7453"
"15,11 : 0.7453"
"11,16 : 0.8659"
"16,11 : 0.8659"
"11,17 : 0.5235"
"17,11 : 0.5235"
"11,18 : 0.5805"
"18,11 : 0.5805"
"11,19 : 0.4909"
"19,11 : 0.4909"
"11,20 : 0.5036"
"20,11 : 0.5036"
"11,21 : 0.8393"
"21,11 : 0.8393"
"11,22 : 0.8078"
"22,11 : 0.8078"
"11,23 : 0.8538"
"23,11 : 0.8538"
"11,24 : 0.6466"
"24,11 : 0.6466"
"11,25 : 0.5508"
"25,11 : 0.5508"
"11,26 : 0.3002"
"26,11 : 0.3002"
"11,27 : 0.6754"
"27,11 : 0.6754"
"11,28 : 0.5944"
"28,11 : 0.5944"
"11,29 : 0.103"
"29,11 : 0.103"
"11,30 : 0.4919"
"30,11 : 0.4919"
"11,31 : 0.6061"
"31,11 : 0.6061"
"11,32 : 0.7071"
"32,11 : 0.7071"
"11,33 : 0.6224"
"33,11 : 0.6224"
"11,34 : 0.0906"
"34,11 : 0.0906"
"11,35 : 0.099"
"35,11 : 0.099"
"11,36 : 0.6637"
"36,11 : 0.6637"
"11,37 : 0.857"
"37,11 : 0.857"
"11,38 : 0.922"
"38,11 : 0.922"
"11,39 : 0.2012"
"39,11 : 0.2012"
"11,40 : 0.4305"
"40,11 : 0.4305"
"11,41 : 0.186"
"41,11 : 0.186"
"11,42 : 0.841"
"42,11 : 0.841"
"11,43 : 0.2088"
"43,11 : 0.2088"
"11,44 : 0.7026"
"44,11 : 0.7026"
"11,45 : 0.8724"
"45,11 : 0.8724"
"11,46 : 0.5948"
"46,11 : 0.5948"
"11,47 : 0.4624"
"47,11 : 0.4624"
"11,48 : 0.3805"
"48,11 : 0.3805"
"11,49 : 0.5459"
"49,11 : 0.5459"
"11,50 : 0.6807"
"50,11 : 0.6807"
"11,51 : 0.1676"
"51,11 : 0.1676"
"11,52 : 0.7559"
"52,11 : 0.7559"
"11,53 : 0.0854"
"53,11 : 0.0854"
"11,54 : 0.5217"
"54,11 : 0.5217"
"11,55 : 0.3561"
"55,11 : 0.3561"
"11,56 : 0.3132"
"56,11 : 0.3132"
"11,57 : 0.4245"
"57,11 : 0.4245"
"11,58 : 0.1082"
"58,11 : 0.1082"
"11,59 : 0.8201"
"59,11 : 0.8201"
"11,60 : 0.4518"
"60,11 : 0.4518"
"11,61 : 0.6227"
"61,11 : 0.6227"
"11,62 : 0.2404"
"62,11 : 0.2404"
"11,63 : 0.0922"
"63,11 : 0.0922"
"11,64 : 0.5093"
"64,11 : 0.5093"
"11,65 : 0.5787"
"65,11 : 0.5787"
"11,66 : 0.8349"
"66,11 : 0.8349"
"11,67 : 0.8824"
"67,11 : 0.8824"
"11,68 : 0.614"
"68,11 : 0.614"
"11,69 : 0.7106"
"69,11 : 0.7106"
"11,70 : 0.5923"
"70,11 : 0.5923"
"11,71 : 0.1221"
"71,11 : 0.1221"
"11,72 : 0.6064"
"72,11 : 0.6064"
"11,73 : 0.2332"
"73,11 : 0.2332"
"11,74 : 0.525"
"74,11 : 0.525"
"11,75 : 0.2052"
"75,11 : 0.2052"
"11,76 : 0.7463"
"76,11 : 0.7463"
"11,77 : 0.6403"
"77,11 : 0.6403"
"11,78 : 0.6877"
"78,11 : 0.6877"
"11,79 : 0.7849"
"79,11 : 0.7849"
"11,80 : 0.3966"
"80,11 : 0.3966"
"11,81 : 0.9905"
"81,11 : 0.9905"
"11,82 : 0.6519"
"82,11 : 0.6519"
"11,83 : 0.6494"
"83,11 : 0.6494"
"11,84 : 0.051"
"84,11 : 0.051"
"11,85 : 0.5993"
"85,11 : 0.5993"
"11,86 : 1.0589"
"86,11 : 1.0589"
"11,87 : 0.2408"
"87,11 : 0.2408"
"11,88 : 0.6339"
"88,11 : 0.6339"
"11,89 : 0.5346"
"89,11 : 0.5346"
"11,90 : 0.6586"
"90,11 : 0.6586"
"11,91 : 0.7739"
"91,11 : 0.7739"
"11,92 : 0.2309"
"92,11 : 0.2309"
"11,93 : 0.5413"
"93,11 : 0.5413"
"11,94 : 0.2961"
"94,11 : 0.2961"
"11,95 : 0.23"
"95,11 : 0.23"
"11,96 : 0.5536"
"96,11 : 0.5536"
"11,97 : 0.3667"
"97,11 : 0.3667"
"11,98 : 0.6351"
"98,11 : 0.6351"
"11,99 : 0.2088"
"99,11 : 0.2088"
"12,13 : 0.8161"
"13,12 : 0.8161"
"12,14 : 0.5954"
"14,12 : 0.5954"
"12,15 : 0.43"
"15,12 : 0.43"
"12,16 : 0.6958"
"16,12 : 0.6958"
"12,17 : 0.5162"
"17,12 : 0.5162"
"12,18 : 0.5869"
"18,12 : 0.5869"
"12,19 : 0.4738"
"19,12 : 0.4738"
"12,20 : 0.4244"
"20,12 : 0.4244"
"12,21 : 0.6648"
"21,12 : 0.6648"
"12,22 : 0.6364"
"22,12 : 0.6364"
"12,23 : 0.6873"
"23,12 : 0.6873"
"12,24 : 0.402"
"24,12 : 0.402"
"12,25 : 0.3081"
"25,12 : 0.3081"
"12,26 : 0.186"
"26,12 : 0.186"
"12,27 : 0.3401"
"27,12 : 0.3401"
"12,28 : 0.6081"
"28,12 : 0.6081"
"12,29 : 0.4244"
"29,12 : 0.4244"
"12,30 : 0.1565"
"30,12 : 0.1565"
"12,31 : 0.2843"
"31,12 : 0.2843"
"12,32 : 0.3722"
"32,12 : 0.3722"
"12,33 : 0.423"
"33,12 : 0.423"
"12,34 : 0.3764"
"34,12 : 0.3764"
"12,35 : 0.3183"
"35,12 : 0.3183"
"12,36 : 0.4219"
"36,12 : 0.4219"
"12,37 : 0.8349"
"37,12 : 0.8349"
"12,38 : 0.6021"
"38,12 : 0.6021"
"12,39 : 0.5367"
"39,12 : 0.5367"
"12,40 : 0.1838"
"40,12 : 0.1838"
"12,41 : 0.5197"
"41,12 : 0.5197"
"12,42 : 0.6129"
"42,12 : 0.6129"
"12,43 : 0.5423"
"43,12 : 0.5423"
"12,44 : 0.3677"
"44,12 : 0.3677"
"12,45 : 0.6438"
"45,12 : 0.6438"
"12,46 : 0.2594"
"46,12 : 0.2594"
"12,47 : 0.1315"
"47,12 : 0.1315"
"12,48 : 0.3941"
"48,12 : 0.3941"
"12,49 : 0.3324"
"49,12 : 0.3324"
"12,50 : 0.6684"
"50,12 : 0.6684"
"12,51 : 0.2441"
"51,12 : 0.2441"
"12,52 : 0.5224"
"52,12 : 0.5224"
"12,53 : 0.4205"
"53,12 : 0.4205"
"12,54 : 0.3342"
"54,12 : 0.3342"
"12,55 : 0.1526"
"55,12 : 0.1526"
"12,56 : 0.24"
"56,12 : 0.24"
"12,57 : 0.322"
"57,12 : 0.322"
"12,58 : 0.4002"
"58,12 : 0.4002"
"12,59 : 0.7301"
"59,12 : 0.7301"
"12,60 : 0.186"
"60,12 : 0.186"
"12,61 : 0.2884"
"61,12 : 0.2884"
"12,62 : 0.536"
"62,12 : 0.536"
"12,63 : 0.3256"
"63,12 : 0.3256"
"12,64 : 0.2119"
"64,12 : 0.2119"
"12,65 : 0.2746"
"65,12 : 0.2746"
"12,66 : 0.5661"
"66,12 : 0.5661"
"12,67 : 0.5951"
"67,12 : 0.5951"
"12,68 : 0.6438"
"68,12 : 0.6438"
"12,69 : 0.4478"
"69,12 : 0.4478"
"12,70 : 0.389"
"70,12 : 0.389"
"12,71 : 0.3734"
"71,12 : 0.3734"
"12,72 : 0.4101"
"72,12 : 0.4101"
"12,73 : 0.2879"
"73,12 : 0.2879"
"12,74 : 0.578"
"74,12 : 0.578"
"12,75 : 0.44"
"75,12 : 0.44"
"12,76 : 0.5644"
"76,12 : 0.5644"
"12,77 : 0.6576"
"77,12 : 0.6576"
"12,78 : 0.3992"
"78,12 : 0.3992"
"12,79 : 0.4771"
"79,12 : 0.4771"
"12,80 : 0.0762"
"80,12 : 0.0762"
"12,81 : 0.7131"
"81,12 : 0.7131"
"12,82 : 0.364"
"82,12 : 0.364"
"12,83 : 0.6389"
"83,12 : 0.6389"
"12,84 : 0.3257"
"84,12 : 0.3257"
"12,85 : 0.392"
"85,12 : 0.392"
"12,86 : 0.7654"
"86,12 : 0.7654"
"12,87 : 0.1803"
"87,12 : 0.1803"
"12,88 : 0.3966"
"88,12 : 0.3966"
"12,89 : 0.5304"
"89,12 : 0.5304"
"12,90 : 0.4211"
"90,12 : 0.4211"
"12,91 : 0.5142"
"91,12 : 0.5142"
"12,92 : 0.3766"
"92,12 : 0.3766"
"12,93 : 0.2335"
"93,12 : 0.2335"
"12,94 : 0.2102"
"94,12 : 0.2102"
"12,95 : 0.3105"
"95,12 : 0.3105"
"12,96 : 0.2236"
"96,12 : 0.2236"
"12,97 : 0.228"
"97,12 : 0.228"
"12,98 : 0.3833"
"98,12 : 0.3833"
"12,99 : 0.508"
"99,12 : 0.508"
"13,14 : 0.5644"
"14,13 : 0.5644"
"13,15 : 1.1241"
"15,13 : 1.1241"
"13,16 : 0.3912"
"16,13 : 0.3912"
"13,17 : 0.3138"
"17,13 : 0.3138"
"13,18 : 0.25"
"18,13 : 0.25"
"13,19 : 0.3534"
"19,13 : 0.3534"
"13,20 : 0.392"
"20,13 : 0.392"
"13,21 : 0.4"
"21,13 : 0.4"
"13,22 : 0.3912"
