x,y
0.93,0.82
0.61,0.75
0.44,0.23
0.17,0.15
0.44,0.39
0.53,0.61
0.19,0.22
0.21,0.61
0.49,0.06
0.21,0.45
0.43,0.29
0.44,0.26
0.82,0.9
0.9,0.06
0.17,0.93
0.46,0.44
0.98,0.87
0.65,0.74
0.91,0.67
0.09,0.45
0.7,0.24
0.9,0.86
0.41,0.34
0.36,0.91
0.33,0.7
0.46,0.46
0.61,0.84
0.59,0.06
0.8,0.02
0.12,0.36
0.8,0.94
0.5,0.27
0.08,0.76
0.82,0.75
0.01,0.06
0.75,0.21
0.28,0.39
0.51,0.33
0.3,0.37
0.65,0.91
0.36,0.77
0.21,0.53
0.0,0.35
0.86,0.55
0.27,0.16
0.16,0.01
0.44,0.57
0.04,0.3
0.08,0.88
0.58,0.24
0.97,0.14
0.98,0.74
0.95,0.71
0.31,0.71
0.98,0.68
0.39,0.33
0.36,0.93
0.8,0.85
0.85,0.44
0.55,0.35
0.85,0.62
0.08,0.66
0.24,0.51
0.55,0.53
0.99,0.63
0.5,0.6
0.88,0.03
0.82,0.06
0.79,0.49
0.54,0.74
0.52,0.02
0.29,0.8
0.82,0.48
0.36,0.73
0.81,0.81
0.83,0.48
0.23,0.61
0.09,0.68
0.92,0.16
0.67,0.72
0.92,0.46
0.81,0.92
0.25,0.45
0.33,0.89
0.62,0.48
0.51,0.52
0.93,0.42
0.22,0.9
0.11,0.28
0.69,0.22
0.98,0.82
0.77,0.78
0.83,0.95
0.63,0.51
0.01,0.8
0.15,0.19
0.87,0.19
0.36,0.56
0.19,0.93
0.72,0.96

Distanze
"0,1 : 0.3276"
"1,0 : 0.3276"
"0,2 : 0.7669"
"2,0 : 0.7669"
"0,3 : 1.0132"
"3,0 : 1.0132"
"0,4 : 0.6519"
"4,0 : 0.6519"
"0,5 : 0.4518"
"5,0 : 0.4518"
"0,6 : 0.9527"
"6,0 : 0.9527"
"0,7 : 0.75"
"7,0 : 0.75"
"0,8 : 0.8782"
"8,0 : 0.8782"
"0,9 : 0.8095"
"9,0 : 0.8095"
"0,10 : 0.7286"
"10,0 : 0.7286"
"0,11 : 0.7441"
"11,0 : 0.7441"
"0,12 : 0.136"
"12,0 : 0.136"
"0,13 : 0.7606"
"13,0 : 0.7606"
"0,14 : 0.7679"
"14,0 : 0.7679"
"0,15 : 0.6044"
"15,0 : 0.6044"
"0,16 : 0.0707"
"16,0 : 0.0707"
"0,17 : 0.2912"
"17,0 : 0.2912"
"0,18 : 0.1513"
"18,0 : 0.1513"
"0,19 : 0.9179"
"19,0 : 0.9179"
"0,20 : 0.6239"
"20,0 : 0.6239"
"0,21 : 0.05"
"21,0 : 0.05"
"0,22 : 0.7077"
"22,0 : 0.7077"
"0,23 : 0.5771"
"23,0 : 0.5771"
"0,24 : 0.6119"
"24,0 : 0.6119"
"0,25 : 0.592"
"25,0 : 0.592"
"0,26 : 0.3206"
"26,0 : 0.3206"
"0,27 : 0.8326"
"27,0 : 0.8326"
"0,28 : 0.8105"
"28,0 : 0.8105"
"0,29 : 0.9315"
"29,0 : 0.9315"
"0,30 : 0.1769"
"30,0 : 0.1769"
"0,31 : 0.6981"
"31,0 : 0.6981"
"0,32 : 0.8521"
"32,0 : 0.8521"
"0,33 : 0.1304"
"33,0 : 0.1304"
"0,34 : 1.1933"
"34,0 : 1.1933"
"0,35 : 0.636"
"35,0 : 0.636"
"0,36 : 0.7794"
"36,0 : 0.7794"
"0,37 : 0.6454"
"37,0 : 0.6454"
"0,38 : 0.7742"
"38,0 : 0.7742"
"0,39 : 0.2941"
"39,0 : 0.2941"
"0,40 : 0.5722"
"40,0 : 0.5722"
"0,41 : 0.7762"
"41,0 : 0.7762"
"0,42 : 1.042"
"42,0 : 1.042"
"0,43 : 0.2789"
"43,0 : 0.2789"
"0,44 : 0.9334"
"44,0 : 0.9334"
"0,45 : 1.1176"
"45,0 : 1.1176"
"0,46 : 0.5501"
"46,0 : 0.5501"
"0,47 : 1.0308"
"47,0 : 1.0308"
"0,48 : 0.8521"
"48,0 : 0.8521"
"0,49 : 0.6774"
"49,0 : 0.6774"
"0,50 : 0.6812"
"50,0 : 0.6812"
"0,51 : 0.0943"
"51,0 : 0.0943"
"0,52 : 0.1118"
"52,0 : 0.1118"
"0,53 : 0.6297"
"53,0 : 0.6297"
"0,54 : 0.1487"
"54,0 : 0.1487"
"0,55 : 0.7292"
"55,0 : 0.7292"
"0,56 : 0.5805"
"56,0 : 0.5805"
"0,57 : 0.1334"
"57,0 : 0.1334"
"0,58 : 0.3883"
"58,0 : 0.3883"
"0,59 : 0.6044"
"59,0 : 0.6044"
"0,60 : 0.2154"
"60,0 : 0.2154"
"0,61 : 0.8649"
"61,0 : 0.8649"
"0,62 : 0.7564"
"62,0 : 0.7564"
"0,63 : 0.478"
"63,0 : 0.478"
"0,64 : 0.1992"
"64,0 : 0.1992"
"0,65 : 0.483"
"65,0 : 0.483"
"0,66 : 0.7916"
"66,0 : 0.7916"
"0,67 : 0.7679"
"67,0 : 0.7679"
"0,68 : 0.3585"
"68,0 : 0.3585"
"0,69 : 0.3981"
"69,0 : 0.3981"
"0,70 : 0.8989"
"70,0 : 0.8989"
"0,71 : 0.6403"
"71,0 : 0.6403"
"0,72 : 0.3574"
"72,0 : 0.3574"
"0,73 : 0.5771"
"73,0 : 0.5771"
"0,74 : 0.1204"
"74,0 : 0.1204"
"0,75 : 0.3544"
"75,0 : 0.3544"
"0,76 : 0.7308"
"76,0 : 0.7308"
"0,77 : 0.8516"
"77,0 : 0.8516"
"0,78 : 0.6601"
"78,0 : 0.6601"
"0,79 : 0.2786"
"79,0 : 0.2786"
"0,80 : 0.3601"
"80,0 : 0.3601"
"0,81 : 0.1562"
"81,0 : 0.1562"
"0,82 : 0.7741"
"82,0 : 0.7741"
"0,83 : 0.6041"
"83,0 : 0.6041"
"0,84 : 0.4601"
"84,0 : 0.4601"
"0,85 : 0.5161"
"85,0 : 0.5161"
"0,86 : 0.4"
"86,0 : 0.4"
"0,87 : 0.7145"
"87,0 : 0.7145"
"0,88 : 0.9818"
"88,0 : 0.9818"
"0,89 : 0.6462"
"89,0 : 0.6462"
"0,90 : 0.05"
"90,0 : 0.05"
"0,91 : 0.1649"
"91,0 : 0.1649"
"0,92 : 0.164"
"92,0 : 0.164"
"0,93 : 0.4314"
"93,0 : 0.4314"
"0,94 : 0.9202"
"94,0 : 0.9202"
"0,95 : 1.0026"
"95,0 : 1.0026"
"0,96 : 0.6329"
"96,0 : 0.6329"
"0,97 : 0.6265"
"97,0 : 0.6265"
"0,98 : 0.7481"
"98,0 : 0.7481"
"0,99 : 0.2524"
"99,0 : 0.2524"
"1,2 : 0.5471"
"2,1 : 0.5471"
"1,3 : 0.744"
"3,1 : 0.744"
"1,4 : 0.3981"
"4,1 : 0.3981"
"1,5 : 0.1612"
"5,1 : 0.1612"
"1,6 : 0.6762"
"6,1 : 0.6762"
"1,7 : 0.4238"
"7,1 : 0.4238"
"1,8 : 0.7004"
"8,1 : 0.7004"
"1,9 : 0.5"
"9,1 : 0.5"
"1,10 : 0.494"
"10,1 : 0.494"
"1,11 : 0.5187"
"11,1 : 0.5187"
"1,12 : 0.2581"
"12,1 : 0.2581"
"1,13 : 0.7485"
"13,1 : 0.7485"
"1,14 : 0.4754"
"14,1 : 0.4754"
"1,15 : 0.3444"
"15,1 : 0.3444"
"1,16 : 0.389"
"16,1 : 0.389"
"1,17 : 0.0412"
"17,1 : 0.0412"
"1,18 : 0.3105"
"18,1 : 0.3105"
"1,19 : 0.6003"
"19,1 : 0.6003"
"1,20 : 0.5179"
"20,1 : 0.5179"
"1,21 : 0.3102"
"21,1 : 0.3102"
"1,22 : 0.4562"
"22,1 : 0.4562"
"1,23 : 0.2968"
"23,1 : 0.2968"
"1,24 : 0.2844"
"24,1 : 0.2844"
"1,25 : 0.3265"
"25,1 : 0.3265"
"1,26 : 0.09"
"26,1 : 0.09"
"1,27 : 0.6903"
"27,1 : 0.6903"
"1,28 : 0.7543"
"28,1 : 0.7543"
"1,29 : 0.6263"
"29,1 : 0.6263"
"1,30 : 0.2687"
"30,1 : 0.2687"
"1,31 : 0.4924"
"31,1 : 0.4924"
"1,32 : 0.5301"
"32,1 : 0.5301"
"1,33 : 0.21"
"33,1 : 0.21"
"1,34 : 0.9144"
"34,1 : 0.9144"
"1,35 : 0.5579"
"35,1 : 0.5579"
"1,36 : 0.4884"
"36,1 : 0.4884"
"1,37 : 0.4317"
"37,1 : 0.4317"
"1,38 : 0.4904"
"38,1 : 0.4904"
"1,39 : 0.1649"
"39,1 : 0.1649"
"1,40 : 0.2508"
"40,1 : 0.2508"
"1,41 : 0.4565"
"41,1 : 0.4565"
"1,42 : 0.7295"
"42,1 : 0.7295"
"1,43 : 0.3202"
"43,1 : 0.3202"
"1,44 : 0.681"
"44,1 : 0.681"
"1,45 : 0.8661"
"45,1 : 0.8661"
"1,46 : 0.2476"
"46,1 : 0.2476"
"1,47 : 0.7262"
"47,1 : 0.7262"
"1,48 : 0.5457"
"48,1 : 0.5457"
"1,49 : 0.5109"
"49,1 : 0.5109"
"1,50 : 0.7083"
"50,1 : 0.7083"
"1,51 : 0.3701"
"51,1 : 0.3701"
"1,52 : 0.3423"
"52,1 : 0.3423"
"1,53 : 0.3027"
"53,1 : 0.3027"
"1,54 : 0.3766"
"54,1 : 0.3766"
"1,55 : 0.4741"
"55,1 : 0.4741"
"1,56 : 0.3081"
"56,1 : 0.3081"
"1,57 : 0.2147"
"57,1 : 0.2147"
"1,58 : 0.392"
"58,1 : 0.392"
"1,59 : 0.4045"
"59,1 : 0.4045"
"1,60 : 0.2729"
"60,1 : 0.2729"
"1,61 : 0.5376"
"61,1 : 0.5376"
"1,62 : 0.441"
"62,1 : 0.441"
"1,63 : 0.228"
"63,1 : 0.228"
"1,64 : 0.3985"
"64,1 : 0.3985"
"1,65 : 0.186"
"65,1 : 0.186"
"1,66 : 0.769"
"66,1 : 0.769"
"1,67 : 0.7212"
"67,1 : 0.7212"
"1,68 : 0.3162"
"68,1 : 0.3162"
"1,69 : 0.0707"
"69,1 : 0.0707"
"1,70 : 0.7355"
"70,1 : 0.7355"
"1,71 : 0.3239"
"71,1 : 0.3239"
"1,72 : 0.3421"
"72,1 : 0.3421"
"1,73 : 0.2508"
"73,1 : 0.2508"
"1,74 : 0.2088"
"74,1 : 0.2088"
"1,75 : 0.3483"
"75,1 : 0.3483"
"1,76 : 0.405"
"76,1 : 0.405"
"1,77 : 0.5247"
"77,1 : 0.5247"
"1,78 : 0.6665"
"78,1 : 0.6665"
"1,79 : 0.0671"
"79,1 : 0.0671"
"1,80 : 0.4245"
"80,1 : 0.4245"
"1,81 : 0.2625"
"81,1 : 0.2625"
"1,82 : 0.4686"
"82,1 : 0.4686"
"1,83 : 0.313"
"83,1 : 0.313"
"1,84 : 0.2702"
"84,1 : 0.2702"
"1,85 : 0.2508"
"85,1 : 0.2508"
"1,86 : 0.4597"
"86,1 : 0.4597"
"1,87 : 0.4179"
"87,1 : 0.4179"
"1,88 : 0.6862"
"88,1 : 0.6862"
"1,89 : 0.536"
"89,1 : 0.536"
"1,90 : 0.3766"
"90,1 : 0.3766"
"1,91 : 0.1628"
"91,1 : 0.1628"
"1,92 : 0.2973"
"92,1 : 0.2973"
"1,93 : 0.2408"
"93,1 : 0.2408"
"1,94 : 0.6021"
"94,1 : 0.6021"
"1,95 : 0.7247"
"95,1 : 0.7247"
"1,96 : 0.6174"
"96,1 : 0.6174"
"1,97 : 0.314"
"97,1 : 0.314"
"1,98 : 0.4569"
"98,1 : 0.4569"
"1,99 : 0.2371"
"99,1 : 0.2371"
"2,3 : 0.2816"
"3,2 : 0.2816"
"2,4 : 0.16"
"4,2 : 0.16"
"2,5 : 0.3905"
"5,2 : 0.3905"
"2,6 : 0.2502"
"6,2 : 0.2502"
"2,7 : 0.4442"
"7,2 : 0.4442"
"2,8 : 0.1772"
"8,2 : 0.1772"
"2,9 : 0.3183"
"9,2 : 0.3183"
"2,10 : 0.0608"
"10,2 : 0.0608"
"2,11 : 0.03"
"11,2 : 0.03"
"2,12 : 0.7703"
"12,2 : 0.7703"
"2,13 : 0.4904"
"13,2 : 0.4904"
"2,14 : 0.7503"
"14,2 : 0.7503"
"2,15 : 0.211"
"15,2 : 0.211"
"2,16 : 0.8374"
"16,2 : 0.8374"
"2,17 : 0.5515"
"17,2 : 0.5515"
"2,18 : 0.6438"
"18,2 : 0.6438"
"2,19 : 0.4134"
"19,2 : 0.4134"
"2,20 : 0.2602"
"20,2 : 0.2602"
"2,21 : 0.7801"
"21,2 : 0.7801"
"2,22 : 0.114"
"22,2 : 0.114"
"2,23 : 0.6847"
"23,2 : 0.6847"
"2,24 : 0.4827"
"24,2 : 0.4827"
"2,25 : 0.2309"
"25,2 : 0.2309"
"2,26 : 0.6332"
"26,2 : 0.6332"
"2,27 : 0.2267"
"27,2 : 0.2267"
"2,28 : 0.4168"
"28,2 : 0.4168"
"2,29 : 0.3454"
"29,2 : 0.3454"
"2,30 : 0.7961"
"30,2 : 0.7961"
"2,31 : 0.0721"
"31,2 : 0.0721"
"2,32 : 0.6407"
"32,2 : 0.6407"
"2,33 : 0.644"
"33,2 : 0.644"
"2,34 : 0.4624"
"34,2 : 0.4624"
"2,35 : 0.3106"
"35,2 : 0.3106"
"2,36 : 0.2263"
"36,2 : 0.2263"
"2,37 : 0.1221"
"37,2 : 0.1221"
"2,38 : 0.198"
"38,2 : 0.198"
"2,39 : 0.7117"
"39,2 : 0.7117"
"2,40 : 0.5459"
"40,2 : 0.5459"
"2,41 : 0.378"
"41,2 : 0.378"
"2,42 : 0.4561"
"42,2 : 0.4561"
"2,43 : 0.528"
"43,2 : 0.528"
"2,44 : 0.1838"
"44,2 : 0.1838"
"2,45 : 0.3561"
"45,2 : 0.3561"
"2,46 : 0.34"
"46,2 : 0.34"
"2,47 : 0.4061"
"47,2 : 0.4061"
"2,48 : 0.743"
"48,2 : 0.743"
"2,49 : 0.1404"
"49,2 : 0.1404"
"2,50 : 0.5376"
"50,2 : 0.5376"
"2,51 : 0.7428"
"51,2 : 0.7428"
"2,52 : 0.7004"
"52,2 : 0.7004"
"2,53 : 0.4973"
"53,2 : 0.4973"
"2,54 : 0.7029"
"54,2 : 0.7029"
"2,55 : 0.1118"
"55,2 : 0.1118"
"2,56 : 0.7046"
"56,2 : 0.7046"
"2,57 : 0.7169"
"57,2 : 0.7169"
"2,58 : 0.4607"
"58,2 : 0.4607"
"2,59 : 0.1628"
"59,2 : 0.1628"
"2,60 : 0.5659"
"60,2 : 0.5659"
"2,61 : 0.5608"
"61,2 : 0.5608"
"2,62 : 0.3441"
"62,2 : 0.3441"
"2,63 : 0.3195"
"63,2 : 0.3195"
"2,64 : 0.6801"
"64,2 : 0.6801"
"2,65 : 0.3748"
"65,2 : 0.3748"
"2,66 : 0.4833"
"66,2 : 0.4833"
"2,67 : 0.4163"
"67,2 : 0.4163"
"2,68 : 0.436"
"68,2 : 0.436"
"2,69 : 0.5197"
"69,2 : 0.5197"
"2,70 : 0.2247"
"70,2 : 0.2247"
"2,71 : 0.5894"
"71,2 : 0.5894"
"2,72 : 0.4549"
"72,2 : 0.4549"
"2,73 : 0.5064"
"73,2 : 0.5064"
"2,74 : 0.688"
"74,2 : 0.688"
"2,75 : 0.4632"
"75,2 : 0.4632"
"2,76 : 0.4342"
"76,2 : 0.4342"
"2,77 : 0.5701"
"77,2 : 0.5701"
"2,78 : 0.4851"
"78,2 : 0.4851"
"2,79 : 0.5413"
"79,2 : 0.5413"
"2,80 : 0.5323"
"80,2 : 0.5323"
"2,81 : 0.7829"
"81,2 : 0.7829"
"2,82 : 0.2907"
"82,2 : 0.2907"
"2,83 : 0.6691"
"83,2 : 0.6691"
"2,84 : 0.3081"
"84,2 : 0.3081"
"2,85 : 0.2983"
"85,2 : 0.2983"
"2,86 : 0.5255"
"86,2 : 0.5255"
"2,87 : 0.7052"
"87,2 : 0.7052"
"2,88 : 0.3338"
"88,2 : 0.3338"
"2,89 : 0.2502"
"89,2 : 0.2502"
"2,90 : 0.7998"
"90,2 : 0.7998"
"2,91 : 0.6414"
"91,2 : 0.6414"
"2,92 : 0.8188"
"92,2 : 0.8188"
"2,93 : 0.3384"
"93,2 : 0.3384"
"2,94 : 0.714"
"94,2 : 0.714"
"2,95 : 0.2927"
"95,2 : 0.2927"
"2,96 : 0.4319"
"96,2 : 0.4319"
"2,97 : 0.3396"
"97,2 : 0.3396"
"2,98 : 0.7433"
"98,2 : 0.7433"
"2,99 : 0.7819"
"99,2 : 0.7819"
"3,4 : 0.3612"
"4,3 : 0.3612"
"3,5 : 0.5841"
"5,3 : 0.5841"
"3,6 : 0.0728"
"6,3 : 0.0728"
"3,7 : 0.4617"
"7,3 : 0.4617"
"3,8 : 0.3324"
"8,3 : 0.3324"
"3,9 : 0.3027"
"9,3 : 0.3027"
"3,10 : 0.2953"
"10,3 : 0.2953"
"3,11 : 0.2915"
"11,3 : 0.2915"
"3,12 : 0.9925"
"12,3 : 0.9925"
"3,13 : 0.7355"
"13,3 : 0.7355"
"3,14 : 0.78"
"14,3 : 0.78"
"3,15 : 0.4101"
"15,3 : 0.4101"
"3,16 : 1.0837"
"16,3 : 1.0837"
"3,17 : 0.7606"
"17,3 : 0.7606"
"3,18 : 0.9044"
"18,3 : 0.9044"
"3,19 : 0.3105"
"19,3 : 0.3105"
"3,20 : 0.5376"
"20,3 : 0.5376"
"3,21 : 1.0183"
"21,3 : 1.0183"
"3,22 : 0.3061"
"22,3 : 0.3061"
"3,23 : 0.7834"
"23,3 : 0.7834"
"3,24 : 0.5728"
"24,3 : 0.5728"
"3,25 : 0.4245"
"25,3 : 0.4245"
"3,26 : 0.8184"
"26,3 : 0.8184"
"3,27 : 0.4295"
"27,3 : 0.4295"
"3,28 : 0.6433"
"28,3 : 0.6433"
"3,29 : 0.2159"
"29,3 : 0.2159"
"3,30 : 1.0104"
"30,3 : 1.0104"
"3,31 : 0.3511"
"31,3 : 0.3511"
"3,32 : 0.6166"
"32,3 : 0.6166"
"3,33 : 0.8846"
"33,3 : 0.8846"
"3,34 : 0.1836"
"34,3 : 0.1836"
"3,35 : 0.5831"
"35,3 : 0.5831"
"3,36 : 0.264"
"36,3 : 0.264"
"3,37 : 0.3847"
"37,3 : 0.3847"
"3,38 : 0.2555"
"38,3 : 0.2555"
"3,39 : 0.8989"
"39,3 : 0.8989"
"3,40 : 0.6485"
"40,3 : 0.6485"
"3,41 : 0.3821"
"41,3 : 0.3821"
"3,42 : 0.2625"
"42,3 : 0.2625"
"3,43 : 0.7976"
"43,3 : 0.7976"
"3,44 : 0.1005"
"44,3 : 0.1005"
"3,45 : 0.1404"
"45,3 : 0.1404"
"3,46 : 0.4993"
"46,3 : 0.4993"
"3,47 : 0.1985"
"47,3 : 0.1985"
"3,48 : 0.7355"
"48,3 : 0.7355"
"3,49 : 0.4198"
"49,3 : 0.4198"
"3,50 : 0.8001"
"50,3 : 0.8001"
"3,51 : 1.0021"
"51,3 : 1.0021"
"3,52 : 0.9602"
"52,3 : 0.9602"
"3,53 : 0.5772"
"53,3 : 0.5772"
"3,54 : 0.968"
"54,3 : 0.968"
"3,55 : 0.2843"
"55,3 : 0.2843"
"3,56 : 0.8028"
"56,3 : 0.8028"
"3,57 : 0.9418"
"57,3 : 0.9418"
"3,58 : 0.7393"
"58,3 : 0.7393"
"3,59 : 0.4294"
"59,3 : 0.4294"
"3,60 : 0.8266"
"60,3 : 0.8266"
"3,61 : 0.5179"
"61,3 : 0.5179"
"3,62 : 0.3667"
"62,3 : 0.3667"
"3,63 : 0.5374"
"63,3 : 0.5374"
"3,64 : 0.9502"
"64,3 : 0.9502"
"3,65 : 0.558"
"65,3 : 0.558"
"3,66 : 0.7201"
"66,3 : 0.7201"
"3,67 : 0.6562"
"67,3 : 0.6562"
"3,68 : 0.7071"
"68,3 : 0.7071"
"3,69 : 0.6964"
"69,3 : 0.6964"
"3,70 : 0.3734"
"70,3 : 0.3734"
"3,71 : 0.661"
"71,3 : 0.661"
"3,72 : 0.729"
"72,3 : 0.729"
"3,73 : 0.6103"
"73,3 : 0.6103"
"3,74 : 0.9193"
"74,3 : 0.9193"
"3,75 : 0.7379"
"75,3 : 0.7379"
"3,76 : 0.4639"
"76,3 : 0.4639"
"3,77 : 0.536"
"77,3 : 0.536"
"3,78 : 0.7501"
"78,3 : 0.7501"
"3,79 : 0.7582"
"79,3 : 0.7582"
"3,80 : 0.8115"
"80,3 : 0.8115"
"3,81 : 1.0012"
"81,3 : 1.0012"
"3,82 : 0.3105"
"82,3 : 0.3105"
"3,83 : 0.7571"
"83,3 : 0.7571"
"3,84 : 0.558"
"84,3 : 0.558"
"3,85 : 0.5025"
"85,3 : 0.5025"
"3,86 : 0.8065"
"86,3 : 0.8065"
"3,87 : 0.7517"
"87,3 : 0.7517"
"3,88 : 0.1432"
"88,3 : 0.1432"
"3,89 : 0.5247"
"89,3 : 0.5247"
"3,90 : 1.0512"
"90,3 : 1.0512"
"3,91 : 0.87"
"91,3 : 0.87"
"3,92 : 1.0371"
"92,3 : 1.0371"
"3,93 : 0.5841"
"93,3 : 0.5841"
"3,94 : 0.6694"
"94,3 : 0.6694"
"3,95 : 0.0447"
"95,3 : 0.0447"
"3,96 : 0.7011"
"96,3 : 0.7011"
"3,97 : 0.4519"
"97,3 : 0.4519"
"3,98 : 0.7803"
"98,3 : 0.7803"
"3,99 : 0.9791"
"99,3 : 0.9791"
"4,5 : 0.2377"
"5,4 : 0.2377"
"4,6 : 0.3023"
"6,4 : 0.3023"
"4,7 : 0.3183"
"7,4 : 0.3183"
"4,8 : 0.3338"
"8,4 : 0.3338"
"4,9 : 0.2377"
"9,4 : 0.2377"
"4,10 : 0.1005"
"10,4 : 0.1005"
"4,11 : 0.13"
"11,4 : 0.13"
"4,12 : 0.636"
"12,4 : 0.636"
"4,13 : 0.5661"
"13,4 : 0.5661"
"4,14 : 0.6037"
"14,4 : 0.6037"
"4,15 : 0.0539"
"15,4 : 0.0539"
"4,16 : 0.7225"
"16,4 : 0.7225"
"4,17 : 0.4082"
"17,4 : 0.4082"
"4,18 : 0.5471"
"18,4 : 0.5471"
"4,19 : 0.3551"
"19,4 : 0.3551"
"4,20 : 0.3002"
"20,4 : 0.3002"
"4,21 : 0.6576"
"21,4 : 0.6576"
"4,22 : 0.0583"
"22,4 : 0.0583"
"4,23 : 0.5261"
"23,4 : 0.5261"
"4,24 : 0.3289"
"24,4 : 0.3289"
"4,25 : 0.0728"
"25,4 : 0.0728"
"4,26 : 0.481"
"26,4 : 0.481"
"4,27 : 0.3625"
"27,4 : 0.3625"
"4,28 : 0.5162"
"28,4 : 0.5162"
"4,29 : 0.3214"
"29,4 : 0.3214"
"4,30 : 0.6573"
"30,4 : 0.6573"
"4,31 : 0.1342"
"31,4 : 0.1342"
"4,32 : 0.5162"
"32,4 : 0.5162"
"4,33 : 0.5235"
"33,4 : 0.5235"
"4,34 : 0.542"
"34,4 : 0.542"
"4,35 : 0.3585"
"35,4 : 0.3585"
"4,36 : 0.16"
"36,4 : 0.16"
"4,37 : 0.0922"
"37,4 : 0.0922"
"4,38 : 0.1414"
"38,4 : 0.1414"
"4,39 : 0.5608"
"39,4 : 0.5608"
"4,40 : 0.3883"
"40,4 : 0.3883"
"4,41 : 0.2693"
"41,4 : 0.2693"
"4,42 : 0.4418"
"42,4 : 0.4418"
"4,43 : 0.4494"
"43,4 : 0.4494"
"4,44 : 0.286"
"44,4 : 0.286"
"4,45 : 0.472"
"45,4 : 0.472"
"4,46 : 0.18"
"46,4 : 0.18"
"4,47 : 0.41"
"47,4 : 0.41"
"4,48 : 0.608"
"48,4 : 0.608"
"4,49 : 0.2052"
"49,4 : 0.2052"
"4,50 : 0.586"
"50,4 : 0.586"
"4,51 : 0.6435"
"51,4 : 0.6435"
"4,52 : 0.6021"
"52,4 : 0.6021"
"4,53 : 0.3454"
"53,4 : 0.3454"
"4,54 : 0.6129"
"54,4 : 0.6129"
"4,55 : 0.0781"
"55,4 : 0.0781"
"4,56 : 0.5459"
"56,4 : 0.5459"
"4,57 : 0.5841"
"57,4 : 0.5841"
"4,58 : 0.413"
"58,4 : 0.413"
"4,59 : 0.117"
"59,4 : 0.117"
"4,60 : 0.4701"
"60,4 : 0.4701"
"4,61 : 0.45"
"61,4 : 0.45"
"4,62 : 0.2332"
"62,4 : 0.2332"
"4,63 : 0.178"
"63,4 : 0.178"
"4,64 : 0.6001"
"64,4 : 0.6001"
"4,65 : 0.2184"
"65,4 : 0.2184"
"4,66 : 0.5685"
"66,4 : 0.5685"
"4,67 : 0.5033"
"67,4 : 0.5033"
"4,68 : 0.364"
"68,4 : 0.364"
"4,69 : 0.364"
"69,4 : 0.364"
"4,70 : 0.3785"
"70,4 : 0.3785"
"4,71 : 0.4366"
"71,4 : 0.4366"
"4,72 : 0.3905"
"72,4 : 0.3905"
"4,73 : 0.3493"
"73,4 : 0.3493"
"4,74 : 0.5597"
"74,4 : 0.5597"
"4,75 : 0.4002"
"75,4 : 0.4002"
"4,76 : 0.3041"
"76,4 : 0.3041"
"4,77 : 0.4545"
"77,4 : 0.4545"
"4,78 : 0.5323"
"78,4 : 0.5323"
"4,79 : 0.4022"
"79,4 : 0.4022"
"4,80 : 0.4851"
"80,4 : 0.4851"
"4,81 : 0.6464"
"81,4 : 0.6464"
"4,82 : 0.1992"
"82,4 : 0.1992"
"4,83 : 0.512"
"83,4 : 0.512"
"4,84 : 0.2012"
"84,4 : 0.2012"
"4,85 : 0.1476"
"85,4 : 0.1476"
"4,86 : 0.4909"
"86,4 : 0.4909"
"4,87 : 0.5554"
"87,4 : 0.5554"
"4,88 : 0.3479"
"88,4 : 0.3479"
"4,89 : 0.3023"
"89,4 : 0.3023"
"4,90 : 0.6903"
"90,4 : 0.6903"
"4,91 : 0.5109"
"91,4 : 0.5109"
"4,92 : 0.6824"
"92,4 : 0.6824"
"4,93 : 0.2247"
"93,4 : 0.2247"
"4,94 : 0.5941"
"94,4 : 0.5941"
"4,95 : 0.3523"
"95,4 : 0.3523"
"4,96 : 0.4742"
"96,4 : 0.4742"
"4,97 : 0.1879"
"97,4 : 0.1879"
"4,98 : 0.5951"
"98,4 : 0.5951"
"4,99 : 0.6351"
"99,4 : 0.6351"
"5,6 : 0.5174"
"6,5 : 0.5174"
"5,7 : 0.32"
"7,5 : 0.32"
"5,8 : 0.5515"
"8,5 : 0.5515"
"5,9 : 0.3578"
"9,5 : 0.3578"
"5,10 : 0.3353"
"10,5 : 0.3353"
"5,11 : 0.3614"
"11,5 : 0.3614"
"5,12 : 0.4101"
"12,5 : 0.4101"
"5,13 : 0.6629"
"13,5 : 0.6629"
"5,14 : 0.4817"
"14,5 : 0.4817"
"5,15 : 0.1838"
"15,5 : 0.1838"
"5,16 : 0.5197"
"16,5 : 0.5197"
"5,17 : 0.1769"
"17,5 : 0.1769"
"5,18 : 0.3847"
"18,5 : 0.3847"
"5,19 : 0.4682"
"19,5 : 0.4682"
"5,20 : 0.4072"
"20,5 : 0.4072"
"5,21 : 0.4465"
"21,5 : 0.4465"
"5,22 : 0.2955"
"22,5 : 0.2955"
"5,23 : 0.3448"
"23,5 : 0.3448"
"5,24 : 0.2193"
"24,5 : 0.2193"
"5,25 : 0.1655"
"25,5 : 0.1655"
"5,26 : 0.2435"
"26,5 : 0.2435"
"5,27 : 0.5533"
"27,5 : 0.5533"
"5,28 : 0.6488"
"28,5 : 0.6488"
"5,29 : 0.4802"
"29,5 : 0.4802"
"5,30 : 0.4264"
"30,5 : 0.4264"
"5,31 : 0.3413"
"31,5 : 0.3413"
"5,32 : 0.4743"
"32,5 : 0.4743"
"5,33 : 0.322"
"33,5 : 0.322"
"5,34 : 0.7569"
"34,5 : 0.7569"
"5,35 : 0.4565"
"35,5 : 0.4565"
"5,36 : 0.333"
"36,5 : 0.333"
"5,37 : 0.2807"
"37,5 : 0.2807"
"5,38 : 0.3324"
"38,5 : 0.3324"
"5,39 : 0.3231"
"39,5 : 0.3231"
"5,40 : 0.2335"
"40,5 : 0.2335"
"5,41 : 0.3298"
"41,5 : 0.3298"
"5,42 : 0.5903"
"42,5 : 0.5903"
"5,43 : 0.3354"
"43,5 : 0.3354"
"5,44 : 0.5197"
"44,5 : 0.5197"
"5,45 : 0.7049"
"45,5 : 0.7049"
"5,46 : 0.0985"
"46,5 : 0.0985"
"5,47 : 0.5798"
"47,5 : 0.5798"
"5,48 : 0.5248"
"48,5 : 0.5248"
"5,49 : 0.3734"
"49,5 : 0.3734"
"5,50 : 0.6438"
"50,5 : 0.6438"
"5,51 : 0.4684"
"51,5 : 0.4684"
"5,52 : 0.4317"
"52,5 : 0.4317"
"5,53 : 0.2417"
"53,5 : 0.2417"
"5,54 : 0.4554"
"54,5 : 0.4554"
"5,55 : 0.313"
"55,5 : 0.313"
"5,56 : 0.3624"
"56,5 : 0.3624"
"5,57 : 0.3612"
"57,5 : 0.3612"
"5,58 : 0.3624"
"58,5 : 0.3624"
"5,59 : 0.2608"
"59,5 : 0.2608"
"5,60 : 0.3202"
"60,5 : 0.3202"
"5,61 : 0.4528"
"61,5 : 0.4528"
"5,62 : 0.3068"
"62,5 : 0.3068"
"5,63 : 0.0825"
"63,5 : 0.0825"
"5,64 : 0.4604"
"64,5 : 0.4604"
"5,65 : 0.0316"
"65,5 : 0.0316"
"5,66 : 0.6774"
"66,5 : 0.6774"
"5,67 : 0.6218"
"67,5 : 0.6218"
"5,68 : 0.2864"
"68,5 : 0.2864"
"5,69 : 0.1304"
"69,5 : 0.1304"
"5,70 : 0.5901"
"70,5 : 0.5901"
"5,71 : 0.3061"
"71,5 : 0.3061"
"5,72 : 0.3178"
"72,5 : 0.3178"
"5,73 : 0.2081"
"73,5 : 0.2081"
"5,74 : 0.3441"
"74,5 : 0.3441"
"5,75 : 0.327"
"75,5 : 0.327"
"5,76 : 0.3"
"76,5 : 0.3"
"5,77 : 0.4455"
"77,5 : 0.4455"
"5,78 : 0.5955"
"78,5 : 0.5955"
"5,79 : 0.178"
"79,5 : 0.178"
"5,80 : 0.4179"
"80,5 : 0.4179"
"5,81 : 0.4177"
"81,5 : 0.4177"
"5,82 : 0.3225"
"82,5 : 0.3225"
"5,83 : 0.3441"
"83,5 : 0.3441"
"5,84 : 0.1581"
"84,5 : 0.1581"
"5,85 : 0.0922"
"85,5 : 0.0922"
"5,86 : 0.4428"
"86,5 : 0.4428"
"5,87 : 0.4245"
"87,5 : 0.4245"
"5,88 : 0.5341"
"88,5 : 0.5341"
"5,89 : 0.4215"
"89,5 : 0.4215"
"5,90 : 0.4966"
"90,5 : 0.4966"
"5,91 : 0.2941"
"91,5 : 0.2941"
"5,92 : 0.4534"
"92,5 : 0.4534"
"5,93 : 0.1414"
"93,5 : 0.1414"
"5,94 : 0.5536"
"94,5 : 0.5536"
"5,95 : 0.5664"
"95,5 : 0.5664"
"5,96 : 0.5404"
"96,5 : 0.5404"
"5,97 : 0.1772"
"97,5 : 0.1772"
"5,98 : 0.4669"
"98,5 : 0.4669"
"5,99 : 0.3982"
"99,5 : 0.3982"
"6,7 : 0.3905"
"7,6 : 0.3905"
"6,8 : 0.34"
"8,6 : 0.34"
"6,9 : 0.2309"
"9,6 : 0.2309"
"6,10 : 0.25"
"10,6 : 0.25"
"6,11 : 0.2532"
"11,6 : 0.2532"
"6,12 : 0.927"
"12,6 : 0.927"
"6,13 : 0.7278"
"13,6 : 0.7278"
"6,14 : 0.7103"
"14,6 : 0.7103"
"6,15 : 0.3483"
"15,6 : 0.3483"
"6,16 : 1.023"
"16,6 : 1.023"
"6,17 : 0.6943"
"17,6 : 0.6943"
"6,18 : 0.8491"
"18,6 : 0.8491"
"6,19 : 0.2508"
"19,6 : 0.2508"
"6,20 : 0.5104"
"20,6 : 0.5104"
"6,21 : 0.9559"
"21,6 : 0.9559"
"6,22 : 0.2506"
"22,6 : 0.2506"
"6,23 : 0.7106"
"23,6 : 0.7106"
"6,24 : 0.5"
"24,6 : 0.5"
"6,25 : 0.3612"
"25,6 : 0.3612"
"6,26 : 0.7489"
"26,6 : 0.7489"
"6,27 : 0.4308"
"27,6 : 0.4308"
"6,28 : 0.642"
"28,6 : 0.642"
"6,29 : 0.1565"
"29,6 : 0.1565"
"6,30 : 0.9437"
"30,6 : 0.9437"
"6,31 : 0.314"
"31,6 : 0.314"
"6,32 : 0.5511"
"32,6 : 0.5511"
"6,33 : 0.8233"
"33,6 : 0.8233"
"6,34 : 0.2408"
"34,6 : 0.2408"
"6,35 : 0.5601"
"35,6 : 0.5601"
"6,36 : 0.1924"
"36,6 : 0.1924"
"6,37 : 0.3384"
"37,6 : 0.3384"
"6,38 : 0.186"
"38,6 : 0.186"
"6,39 : 0.8293"
"39,6 : 0.8293"
"6,40 : 0.5757"
"40,6 : 0.5757"
"6,41 : 0.3106"
"41,6 : 0.3106"
"6,42 : 0.2302"
"42,6 : 0.2302"
"6,43 : 0.7469"
"43,6 : 0.7469"
"6,44 : 0.1"
"44,6 : 0.1"
"6,45 : 0.2121"
"45,6 : 0.2121"
"6,46 : 0.4301"
"46,6 : 0.4301"
"6,47 : 0.17"
"47,6 : 0.17"
"6,48 : 0.6691"
"48,6 : 0.6691"
"6,49 : 0.3905"
"49,6 : 0.3905"
"6,50 : 0.7841"
"50,6 : 0.7841"
"6,51 : 0.9458"
"51,6 : 0.9458"
"6,52 : 0.9043"
"52,6 : 0.9043"
"6,53 : 0.5045"
"53,6 : 0.5045"
"6,54 : 0.9142"
"54,6 : 0.9142"
"6,55 : 0.2283"
"55,6 : 0.2283"
"6,56 : 0.7301"
"56,6 : 0.7301"
"6,57 : 0.8769"
"57,6 : 0.8769"
"6,58 : 0.6957"
"58,6 : 0.6957"
"6,59 : 0.3828"
"59,6 : 0.3828"
"6,60 : 0.7718"
"60,6 : 0.7718"
"6,61 : 0.4535"
"61,6 : 0.4535"
"6,62 : 0.2943"
"62,6 : 0.2943"
"6,63 : 0.4751"
"63,6 : 0.4751"
"6,64 : 0.8989"
"64,6 : 0.8989"
"6,65 : 0.4904"
"65,6 : 0.4904"
"6,66 : 0.7157"
"66,6 : 0.7157"
"6,67 : 0.65"
"67,6 : 0.65"
"6,68 : 0.658"
"68,6 : 0.658"
"6,69 : 0.6268"
"69,6 : 0.6268"
"6,70 : 0.3859"
"70,6 : 0.3859"
"6,71 : 0.5886"
"71,6 : 0.5886"
"6,72 : 0.6815"
"72,6 : 0.6815"
"6,73 : 0.5376"
"73,6 : 0.5376"
"6,74 : 0.8559"
"74,6 : 0.8559"
"6,75 : 0.6908"
"75,6 : 0.6908"
"6,76 : 0.392"
"76,6 : 0.392"
"6,77 : 0.4707"
"77,6 : 0.4707"
"6,78 : 0.7325"
"78,6 : 0.7325"
"6,79 : 0.6931"
"79,6 : 0.6931"
"6,80 : 0.7684"
"80,6 : 0.7684"
"6,81 : 0.9351"
"81,6 : 0.9351"
"6,82 : 0.2377"
"82,6 : 0.2377"
"6,83 : 0.6845"
"83,6 : 0.6845"
"6,84 : 0.5025"
"84,6 : 0.5025"
"6,85 : 0.4386"
"85,6 : 0.4386"
"6,86 : 0.7666"
"86,6 : 0.7666"
"6,87 : 0.6807"
"87,6 : 0.6807"
"6,88 : 0.1"
"88,6 : 0.1"
"6,89 : 0.5"
"89,6 : 0.5"
"6,90 : 0.992"
"90,6 : 0.992"
"6,91 : 0.8062"
"91,6 : 0.8062"
"6,92 : 0.9708"
"92,6 : 0.9708"
"6,93 : 0.527"
"93,6 : 0.527"
"6,94 : 0.6073"
"94,6 : 0.6073"
"6,95 : 0.05"
"95,6 : 0.05"
"6,96 : 0.6807"
"96,6 : 0.6807"
"6,97 : 0.3801"
"97,6 : 0.3801"
"6,98 : 0.71"
"98,6 : 0.71"
"6,99 : 0.9102"
"99,6 : 0.9102"
"7,8 : 0.6172"
"8,7 : 0.6172"
"7,9 : 0.16"
"9,7 : 0.16"
"7,10 : 0.3883"
"10,7 : 0.3883"
"7,11 : 0.4188"
"11,7 : 0.4188"
"7,12 : 0.6754"
"12,7 : 0.6754"
"7,13 : 0.8824"
"13,7 : 0.8824"
"7,14 : 0.3225"
"14,7 : 0.3225"
"7,15 : 0.3023"
"15,7 : 0.3023"
"7,16 : 0.8127"
"16,7 : 0.8127"
"7,17 : 0.4588"
"17,7 : 0.4588"
"7,18 : 0.7026"
"18,7 : 0.7026"
"7,19 : 0.2"
"19,7 : 0.2"
"7,20 : 0.614"
"20,7 : 0.614"
"7,21 : 0.7339"
"21,7 : 0.7339"
"7,22 : 0.336"
"22,7 : 0.336"
"7,23 : 0.3354"
"23,7 : 0.3354"
"7,24 : 0.15"
"24,7 : 0.15"
"7,25 : 0.2915"
"25,7 : 0.2915"
"7,26 : 0.4614"
"26,7 : 0.4614"
"7,27 : 0.6685"
"27,7 : 0.6685"
"7,28 : 0.8344"
"28,7 : 0.8344"
"7,29 : 0.2657"
"29,7 : 0.2657"
"7,30 : 0.676"
"30,7 : 0.676"
"7,31 : 0.4469"
"31,7 : 0.4469"
"7,32 : 0.1985"
"32,7 : 0.1985"
"7,33 : 0.6259"
"33,7 : 0.6259"
"7,34 : 0.5852"
"34,7 : 0.5852"
"7,35 : 0.672"
"35,7 : 0.672"
"7,36 : 0.2309"
"36,7 : 0.2309"
"7,37 : 0.4104"
"37,7 : 0.4104"
"7,38 : 0.2563"
"38,7 : 0.2563"
"7,39 : 0.5325"
"39,7 : 0.5325"
"7,40 : 0.2193"
"40,7 : 0.2193"
"7,41 : 0.08"
"41,7 : 0.08"
"7,42 : 0.3342"
"42,7 : 0.3342"
"7,43 : 0.6528"
"43,7 : 0.6528"
"7,44 : 0.454"
"44,7 : 0.454"
"7,45 : 0.6021"
"45,7 : 0.6021"
"7,46 : 0.2335"
"46,7 : 0.2335"
"7,47 : 0.3536"
"47,7 : 0.3536"
"7,48 : 0.2997"
"48,7 : 0.2997"
"7,49 : 0.5233"
"49,7 : 0.5233"
"7,50 : 0.8936"
"50,7 : 0.8936"
"7,51 : 0.7809"
"51,7 : 0.7809"
"7,52 : 0.7467"
"52,7 : 0.7467"
"7,53 : 0.1414"
"53,7 : 0.1414"
"7,54 : 0.7732"
"54,7 : 0.7732"
"7,55 : 0.3329"
"55,7 : 0.3329"
"7,56 : 0.3534"
"56,7 : 0.3534"
"7,57 : 0.6369"
"57,7 : 0.6369"
"7,58 : 0.6622"
"58,7 : 0.6622"
"7,59 : 0.428"
"59,7 : 0.428"
"7,60 : 0.6401"
"60,7 : 0.6401"
"7,61 : 0.1393"
"61,7 : 0.1393"
"7,62 : 0.1044"
"62,7 : 0.1044"
"7,63 : 0.3493"
"63,7 : 0.3493"
"7,64 : 0.7803"
"64,7 : 0.7803"
"7,65 : 0.2902"
"65,7 : 0.2902"
"7,66 : 0.8862"
"66,7 : 0.8862"
"7,67 : 0.8213"
"67,7 : 0.8213"
"7,68 : 0.5923"
"68,7 : 0.5923"
"7,69 : 0.3547"
"69,7 : 0.3547"
"7,70 : 0.6665"
"70,7 : 0.6665"
"7,71 : 0.2062"
"71,7 : 0.2062"
"7,72 : 0.6237"
"72,7 : 0.6237"
"7,73 : 0.1921"
"73,7 : 0.1921"
"7,74 : 0.6325"
"74,7 : 0.6325"
"7,75 : 0.6335"
"75,7 : 0.6335"
"7,76 : 0.02"
"76,7 : 0.02"
"7,77 : 0.1389"
"77,7 : 0.1389"
"7,78 : 0.8406"
"78,7 : 0.8406"
"7,79 : 0.473"
"79,7 : 0.473"
"7,80 : 0.7257"
"80,7 : 0.7257"
"7,81 : 0.6754"
"81,7 : 0.6754"
"7,82 : 0.1649"
"82,7 : 0.1649"
"7,83 : 0.3046"
"83,7 : 0.3046"
"7,84 : 0.4301"
"84,7 : 0.4301"
"7,85 : 0.3132"
"85,7 : 0.3132"
"7,86 : 0.7446"
"86,7 : 0.7446"
"7,87 : 0.2902"
"87,7 : 0.2902"
"7,88 : 0.3448"
"88,7 : 0.3448"
"7,89 : 0.6185"
"89,7 : 0.6185"
"7,90 : 0.7981"
"90,7 : 0.7981"
"7,91 : 0.5852"
"91,7 : 0.5852"
"7,92 : 0.7071"
"92,7 : 0.7071"
"7,93 : 0.4317"
"93,7 : 0.4317"
"7,94 : 0.2759"
"94,7 : 0.2759"
"7,95 : 0.4243"
"95,7 : 0.4243"
"7,96 : 0.7823"
"96,7 : 0.7823"
"7,97 : 0.1581"
"97,7 : 0.1581"
"7,98 : 0.3206"
"98,7 : 0.3206"
"7,99 : 0.6185"
"99,7 : 0.6185"
"8,9 : 0.4801"
"9,8 : 0.4801"
"8,10 : 0.2377"
"10,8 : 0.2377"
"8,11 : 0.2062"
"11,8 : 0.2062"
"8,12 : 0.9025"
"12,8 : 0.9025"
"8,13 : 0.41"
"13,8 : 0.41"
"8,14 : 0.927"
"14,8 : 0.927"
"8,15 : 0.3812"
"15,8 : 0.3812"
"8,16 : 0.9467"
"16,8 : 0.9467"
"8,17 : 0.6986"
"17,8 : 0.6986"
"8,18 : 0.7406"
"18,8 : 0.7406"
"8,19 : 0.5587"
"19,8 : 0.5587"
"8,20 : 0.2766"
"20,8 : 0.2766"
"8,21 : 0.8989"
"21,8 : 0.8989"
"8,22 : 0.2912"
"22,8 : 0.2912"
"8,23 : 0.8599"
"23,8 : 0.8599"
"8,24 : 0.6597"
"24,8 : 0.6597"
"8,25 : 0.4011"
"25,8 : 0.4011"
"8,26 : 0.7892"
"26,8 : 0.7892"
"8,27 : 0.1"
"27,8 : 0.1"
"8,28 : 0.3126"
"28,8 : 0.3126"
"8,29 : 0.4763"
"29,8 : 0.4763"
"8,30 : 0.933"
"30,8 : 0.933"
"8,31 : 0.2102"
"31,8 : 0.2102"
"8,32 : 0.8112"
"32,8 : 0.8112"
"8,33 : 0.7649"
"33,8 : 0.7649"
"8,34 : 0.48"
"34,8 : 0.48"
"8,35 : 0.3002"
"35,8 : 0.3002"
"8,36 : 0.3912"
"36,8 : 0.3912"
"8,37 : 0.2707"
"37,8 : 0.2707"
"8,38 : 0.3636"
"38,8 : 0.3636"
"8,39 : 0.8649"
"39,8 : 0.8649"
"8,40 : 0.7218"
"40,8 : 0.7218"
"8,41 : 0.5471"
"41,8 : 0.5471"
"8,42 : 0.5694"
"42,8 : 0.5694"
"8,43 : 0.614"
"43,8 : 0.614"
"8,44 : 0.2417"
"44,8 : 0.2417"
"8,45 : 0.3338"
"45,8 : 0.3338"
"8,46 : 0.5124"
"46,8 : 0.5124"
"8,47 : 0.51"
"47,8 : 0.51"
"8,48 : 0.9168"
"48,8 : 0.9168"
"8,49 : 0.2012"
"49,8 : 0.2012"
"8,50 : 0.4866"
"50,8 : 0.4866"
"8,51 : 0.8382"
"51,8 : 0.8382"
"8,52 : 0.7963"
"52,8 : 0.7963"
"8,53 : 0.6745"
"53,8 : 0.6745"
"8,54 : 0.7903"
"54,8 : 0.7903"
"8,55 : 0.2879"
"55,8 : 0.2879"
"8,56 : 0.8797"
"56,8 : 0.8797"
"8,57 : 0.8486"
"57,8 : 0.8486"
"8,58 : 0.5235"
"58,8 : 0.5235"
"8,59 : 0.2961"
"59,8 : 0.2961"
"8,60 : 0.6657"
"60,8 : 0.6657"
"8,61 : 0.7267"
"61,8 : 0.7267"
"8,62 : 0.5148"
"62,8 : 0.5148"
"8,63 : 0.4738"
"63,8 : 0.4738"
"8,64 : 0.7582"
"64,8 : 0.7582"
"8,65 : 0.5401"
"65,8 : 0.5401"
"8,66 : 0.3912"
"66,8 : 0.3912"
"8,67 : 0.33"
"67,8 : 0.33"
"8,68 : 0.5243"
"68,8 : 0.5243"
"8,69 : 0.6818"
"69,8 : 0.6818"
"8,70 : 0.05"
"70,8 : 0.05"
"8,71 : 0.7666"
"71,8 : 0.7666"
"8,72 : 0.5341"
"72,8 : 0.5341"
"8,73 : 0.6825"
"73,8 : 0.6825"
"8,74 : 0.8154"
"74,8 : 0.8154"
"8,75 : 0.5404"
"75,8 : 0.5404"
"8,76 : 0.6084"
"76,8 : 0.6084"
"8,77 : 0.7378"
"77,8 : 0.7378"
"8,78 : 0.4415"
"78,8 : 0.4415"
"8,79 : 0.6841"
"79,8 : 0.6841"
"8,80 : 0.5873"
"80,8 : 0.5873"
"8,81 : 0.9176"
"81,8 : 0.9176"
"8,82 : 0.4579"
"82,8 : 0.4579"
"8,83 : 0.8453"
"83,8 : 0.8453"
"8,84 : 0.4397"
"84,8 : 0.4397"
"8,85 : 0.4604"
"85,8 : 0.4604"
"8,86 : 0.5685"
"86,8 : 0.5685"
"8,87 : 0.8823"
"87,8 : 0.8823"
"8,88 : 0.4391"
"88,8 : 0.4391"
"8,89 : 0.2561"
"89,8 : 0.2561"
"8,90 : 0.9043"
"90,8 : 0.9043"
"8,91 : 0.7725"
"91,8 : 0.7725"
"8,92 : 0.9527"
"92,8 : 0.9527"
"8,93 : 0.4713"
"93,8 : 0.4713"
"8,94 : 0.882"
"94,8 : 0.882"
"8,95 : 0.364"
"95,8 : 0.364"
"8,96 : 0.4016"
"96,8 : 0.4016"
"8,97 : 0.5166"
"97,8 : 0.5166"
"8,98 : 0.9203"
"98,8 : 0.9203"
"8,99 : 0.9289"
"99,8 : 0.9289"
"9,10 : 0.272"
"10,9 : 0.272"
"9,11 : 0.2983"
"11,9 : 0.2983"
"9,12 : 0.758"
"12,9 : 0.758"
"9,13 : 0.7926"
"13,9 : 0.7926"
"9,14 : 0.4817"
"14,9 : 0.4817"
"9,15 : 0.2502"
"15,9 : 0.2502"
"9,16 : 0.8771"
"16,9 : 0.8771"
"9,17 : 0.527"
"17,9 : 0.527"
"9,18 : 0.7338"
"18,9 : 0.7338"
"9,19 : 0.12"
"19,9 : 0.12"
"9,20 : 0.5331"
"20,9 : 0.5331"
"9,21 : 0.8026"
"21,9 : 0.8026"
"9,22 : 0.2283"
"22,9 : 0.2283"
"9,23 : 0.4838"
"23,9 : 0.4838"
"9,24 : 0.2773"
"24,9 : 0.2773"
"9,25 : 0.2502"
"25,9 : 0.2502"
"9,26 : 0.5587"
"26,9 : 0.5587"
"9,27 : 0.5445"
"27,9 : 0.5445"
"9,28 : 0.7301"
"28,9 : 0.7301"
"9,29 : 0.1273"
"29,9 : 0.1273"
"9,30 : 0.7669"
"30,9 : 0.7669"
"9,31 : 0.3413"
"31,9 : 0.3413"
"9,32 : 0.3362"
"32,9 : 0.3362"
"9,33 : 0.6798"
"33,9 : 0.6798"
"9,34 : 0.4383"
"34,9 : 0.4383"
"9,35 : 0.5909"
"35,9 : 0.5909"
"9,36 : 0.0922"
"36,9 : 0.0922"
"9,37 : 0.3231"
"37,9 : 0.3231"
"9,38 : 0.1204"
"38,9 : 0.1204"
"9,39 : 0.6366"
"39,9 : 0.6366"
"9,40 : 0.3534"
"40,9 : 0.3534"
"9,41 : 0.08"
"41,9 : 0.08"
"9,42 : 0.2326"
"42,9 : 0.2326"
"9,43 : 0.6576"
"43,9 : 0.6576"
"9,44 : 0.2961"
"44,9 : 0.2961"
"9,45 : 0.4428"
"45,9 : 0.4428"
"9,46 : 0.2594"
"46,9 : 0.2594"
"9,47 : 0.2267"
"47,9 : 0.2267"
"9,48 : 0.4492"
"48,9 : 0.4492"
"9,49 : 0.4254"
"49,9 : 0.4254"
"9,50 : 0.8208"
"50,9 : 0.8208"
"9,51 : 0.8228"
"51,9 : 0.8228"
"9,52 : 0.7843"
"52,9 : 0.7843"
"9,53 : 0.2786"
"53,9 : 0.2786"
"9,54 : 0.8036"
"54,9 : 0.8036"
"9,55 : 0.2163"
"55,9 : 0.2163"
"9,56 : 0.5029"
"56,9 : 0.5029"
"9,57 : 0.7128"
"57,9 : 0.7128"
"9,58 : 0.6401"
"58,9 : 0.6401"
"9,59 : 0.3544"
"59,9 : 0.3544"
"9,60 : 0.6622"
"60,9 : 0.6622"
"9,61 : 0.247"
"61,9 : 0.247"
"9,62 : 0.0671"
"62,9 : 0.0671"
"9,63 : 0.3493"
"63,9 : 0.3493"
"9,64 : 0.8005"
"64,9 : 0.8005"
"9,65 : 0.3265"
"65,9 : 0.3265"
"9,66 : 0.7908"
"66,9 : 0.7908"
"9,67 : 0.724"
"67,9 : 0.724"
"9,68 : 0.5814"
"68,9 : 0.5814"
"9,69 : 0.4393"
"69,9 : 0.4393"
"9,70 : 0.5301"
"70,9 : 0.5301"
"9,71 : 0.359"
"71,9 : 0.359"
"9,72 : 0.6107"
"72,9 : 0.6107"
"9,73 : 0.3176"
"73,9 : 0.3176"
"9,74 : 0.6997"
"74,9 : 0.6997"
"9,75 : 0.6207"
"75,9 : 0.6207"
"9,76 : 0.1612"
"76,9 : 0.1612"
"9,77 : 0.2594"
"77,9 : 0.2594"
"9,78 : 0.7669"
"78,9 : 0.7669"
"9,79 : 0.5334"
"79,9 : 0.5334"
"9,80 : 0.7101"
"80,9 : 0.7101"
"9,81 : 0.7622"
"81,9 : 0.7622"
"9,82 : 0.04"
"82,9 : 0.04"
"9,83 : 0.4561"
"83,9 : 0.4561"
"9,84 : 0.4111"
"84,9 : 0.4111"
"9,85 : 0.3081"
"85,9 : 0.3081"
"9,86 : 0.7206"
"86,9 : 0.7206"
"9,87 : 0.4501"
"87,9 : 0.4501"
"9,88 : 0.1972"
"88,9 : 0.1972"
"9,89 : 0.5323"
"89,9 : 0.5323"
"9,90 : 0.8543"
"90,9 : 0.8543"
"9,91 : 0.65"
"91,9 : 0.65"
"9,92 : 0.7965"
"92,9 : 0.7965"
"9,93 : 0.4243"
"93,9 : 0.4243"
"9,94 : 0.4031"
"94,9 : 0.4031"
"9,95 : 0.2668"
"95,9 : 0.2668"
"9,96 : 0.7094"
"96,9 : 0.7094"
"9,97 : 0.186"
"97,9 : 0.186"
"9,98 : 0.4804"
"98,9 : 0.4804"
"9,99 : 0.7212"
"99,9 : 0.7212"
"10,11 : 0.0316"
"11,10 : 0.0316"
"10,12 : 0.724"
"12,10 : 0.724"
"10,13 : 0.5233"
"13,10 : 0.5233"
"10,14 : 0.6908"
"14,10 : 0.6908"
"10,15 : 0.153"
"15,10 : 0.153"
"10,16 : 0.7993"
"16,10 : 0.7993"
"10,17 : 0.5009"
"17,10 : 0.5009"
"10,18 : 0.6122"
"18,10 : 0.6122"
"10,19 : 0.3758"
"19,10 : 0.3758"
"10,20 : 0.2746"
"20,10 : 0.2746"
"10,21 : 0.7388"
"21,10 : 0.7388"
"10,22 : 0.0539"
"22,10 : 0.0539"
"10,23 : 0.6239"
"23,10 : 0.6239"
"10,24 : 0.422"
"24,10 : 0.422"
"10,25 : 0.1726"
"25,10 : 0.1726"
"10,26 : 0.5787"
"26,10 : 0.5787"
"10,27 : 0.2802"
"27,10 : 0.2802"
"10,28 : 0.458"
"28,10 : 0.458"
"10,29 : 0.3178"
"29,10 : 0.3178"
"10,30 : 0.7479"
"30,10 : 0.7479"
"10,31 : 0.0728"
"31,10 : 0.0728"
"10,32 : 0.586"
"32,10 : 0.586"
"10,33 : 0.6031"
"33,10 : 0.6031"
"10,34 : 0.4789"
"34,10 : 0.4789"
"10,35 : 0.3298"
"35,10 : 0.3298"
"10,36 : 0.1803"
"36,10 : 0.1803"
"10,37 : 0.0894"
"37,10 : 0.0894"
"10,38 : 0.1526"
"38,10 : 0.1526"
"10,39 : 0.6579"
"39,10 : 0.6579"
"10,40 : 0.4851"
"40,10 : 0.4851"
"10,41 : 0.3256"
"41,10 : 0.3256"
"10,42 : 0.4342"
"42,10 : 0.4342"
"10,43 : 0.5025"
"43,10 : 0.5025"
"10,44 : 0.2062"
"44,10 : 0.2062"
"10,45 : 0.389"
"45,10 : 0.389"
"10,46 : 0.2802"
"46,10 : 0.2802"
"10,47 : 0.3901"
"47,10 : 0.3901"
"10,48 : 0.686"
"48,10 : 0.686"
"10,49 : 0.1581"
"49,10 : 0.1581"
"10,50 : 0.5604"
"50,10 : 0.5604"
"10,51 : 0.7106"
"51,10 : 0.7106"
"10,52 : 0.6684"
"52,10 : 0.6684"
"10,53 : 0.4368"
"53,10 : 0.4368"
"10,54 : 0.6742"
"54,10 : 0.6742"
"10,55 : 0.0566"
"55,10 : 0.0566"
"10,56 : 0.6438"
"56,10 : 0.6438"
"10,57 : 0.6712"
"57,10 : 0.6712"
"10,58 : 0.446"
"58,10 : 0.446"
"10,59 : 0.1342"
"59,10 : 0.1342"
"10,60 : 0.5341"
"60,10 : 0.5341"
"10,61 : 0.5093"
"61,10 : 0.5093"
"10,62 : 0.2907"
"62,10 : 0.2907"
"10,63 : 0.2683"
"63,10 : 0.2683"
"10,64 : 0.6551"
"64,10 : 0.6551"
"10,65 : 0.3178"
"65,10 : 0.3178"
"10,66 : 0.5197"
"66,10 : 0.5197"
"10,67 : 0.4528"
"67,10 : 0.4528"
"10,68 : 0.4118"
"68,10 : 0.4118"
"10,69 : 0.4632"
"69,10 : 0.4632"
"10,70 : 0.2846"
"70,10 : 0.2846"
"10,71 : 0.5289"
"71,10 : 0.5289"
"10,72 : 0.4338"
"72,10 : 0.4338"
"10,73 : 0.4455"
"73,10 : 0.4455"
"10,74 : 0.644"
"74,10 : 0.644"
"10,75 : 0.4428"
"75,10 : 0.4428"
"10,76 : 0.3774"
"76,10 : 0.3774"
"10,77 : 0.5174"
"77,10 : 0.5174"
"10,78 : 0.507"
"78,10 : 0.507"
"10,79 : 0.4924"
"79,10 : 0.4924"
"10,80 : 0.5187"
"80,10 : 0.5187"
"10,81 : 0.7357"
"81,10 : 0.7357"
"10,82 : 0.2408"
"82,10 : 0.2408"
"10,83 : 0.6083"
"83,10 : 0.6083"
"10,84 : 0.2687"
"84,10 : 0.2687"
"10,85 : 0.2435"
"85,10 : 0.2435"
"10,86 : 0.5166"
"86,10 : 0.5166"
"10,87 : 0.6451"
"87,10 : 0.6451"
"10,88 : 0.3202"
"88,10 : 0.3202"
"10,89 : 0.2693"
"89,10 : 0.2693"
"10,90 : 0.7638"
"90,10 : 0.7638"
"10,91 : 0.5964"
"91,10 : 0.5964"
"10,92 : 0.7718"
"92,10 : 0.7718"
"10,93 : 0.2973"
"93,10 : 0.2973"
"10,94 : 0.6607"
"94,10 : 0.6607"
"10,95 : 0.2973"
"95,10 : 0.2973"
"10,96 : 0.4512"
"96,10 : 0.4512"
"10,97 : 0.2789"
"97,10 : 0.2789"
"10,98 : 0.6835"
"98,10 : 0.6835"
"10,99 : 0.7301"
"99,10 : 0.7301"
"11,12 : 0.7443"
"12,11 : 0.7443"
"11,13 : 0.5016"
"13,11 : 0.5016"
"11,14 : 0.7224"
"14,11 : 0.7224"
"11,15 : 0.1811"
"15,11 : 0.1811"
"11,16 : 0.8147"
"16,11 : 0.8147"
"11,17 : 0.5239"
"17,11 : 0.5239"
"11,18 : 0.6237"
"18,11 : 0.6237"
"11,19 : 0.3982"
"19,11 : 0.3982"
"11,20 : 0.2608"
"20,11 : 0.2608"
"11,21 : 0.756"
"21,11 : 0.756"
"11,22 : 0.0854"
"22,11 : 0.0854"
"11,23 : 0.6549"
"23,11 : 0.6549"
"11,24 : 0.4535"
"24,11 : 0.4535"
"11,25 : 0.201"
"25,11 : 0.201"
"11,26 : 0.6044"
"26,11 : 0.6044"
"11,27 : 0.25"
"27,11 : 0.25"
"11,28 : 0.4327"
"28,11 : 0.4327"
"11,29 : 0.3353"
"29,11 : 0.3353"
"11,30 : 0.7694"
"30,11 : 0.7694"
"11,31 : 0.0608"
"31,11 : 0.0608"
"11,32 : 0.6161"
"32,11 : 0.6161"
"11,33 : 0.6201"
"33,11 : 0.6201"
"11,34 : 0.4742"
"34,11 : 0.4742"
"11,35 : 0.314"
"35,11 : 0.314"
"11,36 : 0.2062"
"36,11 : 0.2062"
"11,37 : 0.099"
"37,11 : 0.099"
"11,38 : 0.178"
"38,11 : 0.178"
"11,39 : 0.6831"
"39,11 : 0.6831"
"11,40 : 0.5162"
"40,11 : 0.5162"
"11,41 : 0.3547"
"41,11 : 0.3547"
"11,42 : 0.4491"
"42,11 : 0.4491"
"11,43 : 0.5104"
"43,11 : 0.5104"
"11,44 : 0.1972"
"44,11 : 0.1972"
"11,45 : 0.3754"
"45,11 : 0.3754"
"11,46 : 0.31"
"46,11 : 0.31"
"11,47 : 0.402"
"47,11 : 0.402"
"11,48 : 0.7169"
"48,11 : 0.7169"
"11,49 : 0.1414"
"49,11 : 0.1414"
"11,50 : 0.5434"
"50,11 : 0.5434"
"11,51 : 0.7225"
"51,11 : 0.7225"
"11,52 : 0.6801"
"52,11 : 0.6801"
"11,53 : 0.4684"
"53,11 : 0.4684"
"11,54 : 0.6841"
"54,11 : 0.6841"
"11,55 : 0.086"
"55,11 : 0.086"
"11,56 : 0.6748"
"56,11 : 0.6748"
"11,57 : 0.6912"
"57,11 : 0.6912"
"11,58 : 0.4478"
"58,11 : 0.4478"
"11,59 : 0.1421"
"59,11 : 0.1421"
"11,60 : 0.5456"
"60,11 : 0.5456"
"11,61 : 0.5381"
"61,11 : 0.5381"
"11,62 : 0.3202"
"62,11 : 0.3202"
"11,63 : 0.2915"
"63,11 : 0.2915"
"11,64 : 0.6629"
"64,11 : 0.6629"
"11,65 : 0.3453"
"65,11 : 0.3453"
"11,66 : 0.4965"
"66,11 : 0.4965"
"11,67 : 0.4294"
"67,11 : 0.4294"
"11,68 : 0.4188"
"68,11 : 0.4188"
"11,69 : 0.4903"
"69,11 : 0.4903"
"11,70 : 0.253"
"70,11 : 0.253"
"11,71 : 0.5604"
"71,11 : 0.5604"
"11,72 : 0.4391"
"72,11 : 0.4391"
"11,73 : 0.4768"
"73,11 : 0.4768"
"11,74 : 0.6629"
"74,11 : 0.6629"
"11,75 : 0.4478"
"75,11 : 0.4478"
"11,76 : 0.4082"
"76,11 : 0.4082"
"11,77 : 0.5467"
"77,11 : 0.5467"
"11,78 : 0.4903"
"78,11 : 0.4903"
"11,79 : 0.5143"
"79,11 : 0.5143"
"11,80 : 0.52"
"80,11 : 0.52"
"11,81 : 0.7566"
"81,11 : 0.7566"
"11,82 : 0.2687"
"82,11 : 0.2687"
"11,83 : 0.6395"
"83,11 : 0.6395"
"11,84 : 0.2843"
"84,11 : 0.2843"
"11,85 : 0.2693"
"85,11 : 0.2693"
"11,86 : 0.5155"
"86,11 : 0.5155"
"11,87 : 0.6768"
"87,11 : 0.6768"
"11,88 : 0.3306"
"88,11 : 0.3306"
"11,89 : 0.2532"
"89,11 : 0.2532"
"11,90 : 0.7779"
"90,11 : 0.7779"
"11,91 : 0.6159"
"91,11 : 0.6159"
"11,92 : 0.7926"
"92,11 : 0.7926"
"11,93 : 0.314"
"93,11 : 0.314"
"11,94 : 0.6903"
"94,11 : 0.6903"
"11,95 : 0.2983"
"95,11 : 0.2983"
"11,96 : 0.4357"
"96,11 : 0.4357"
"11,97 : 0.3105"
"97,11 : 0.3105"
"11,98 : 0.7151"
"98,11 : 0.7151"
"11,99 : 0.7539"
"99,11 : 0.7539"
"12,13 : 0.8438"
"13,12 : 0.8438"
"12,14 : 0.6507"
"14,12 : 0.6507"
"12,15 : 0.5841"
"15,12 : 0.5841"
"12,16 : 0.1628"
"16,12 : 0.1628"
"12,17 : 0.2335"
"17,12 : 0.2335"
"12,18 : 0.247"
"18,12 : 0.247"
"12,19 : 0.8576"
"19,12 : 0.8576"
"12,20 : 0.6708"
"20,12 : 0.6708"
"12,21 : 0.0894"
"21,12 : 0.0894"
"12,22 : 0.694"
"22,12 : 0.694"
"12,23 : 0.4601"
"23,12 : 0.4601"
"12,24 : 0.5292"
"24,12 : 0.5292"
"12,25 : 0.5685"
"25,12 : 0.5685"
"12,26 : 0.2184"
"26,12 : 0.2184"
"12,27 : 0.8709"
"27,12 : 0.8709"
"12,28 : 0.8802"
"28,12 : 0.8802"
"12,29 : 0.8841"
"29,12 : 0.8841"
"12,30 : 0.0447"
"30,12 : 0.0447"
"12,31 : 0.7066"
"31,12 : 0.7066"
"12,32 : 0.7531"
"32,12 : 0.7531"
"12,33 : 0.15"
"33,12 : 0.15"
"12,34 : 1.1669"
"34,12 : 1.1669"
"12,35 : 0.6935"
"35,12 : 0.6935"
"12,36 : 0.7428"
"36,12 : 0.7428"
"12,37 : 0.6488"
"37,12 : 0.6488"
"12,38 : 0.7425"
"38,12 : 0.7425"
"12,39 : 0.1703"
"39,12 : 0.1703"
"12,40 : 0.478"
"40,12 : 0.478"
"12,41 : 0.7134"
"41,12 : 0.7134"
"12,42 : 0.9874"
"42,12 : 0.9874"
"12,43 : 0.3523"
"43,12 : 0.3523"
"12,44 : 0.922"
"44,12 : 0.922"
"12,45 : 1.108"
"45,12 : 1.108"
"12,46 : 0.5033"
"46,12 : 0.5033"
"12,47 : 0.9841"
"47,12 : 0.9841"
"12,48 : 0.7403"
"48,12 : 0.7403"
"12,49 : 0.7023"
"49,12 : 0.7023"
"12,50 : 0.7747"
"50,12 : 0.7747"
"12,51 : 0.2263"
"51,12 : 0.2263"
"12,52 : 0.2302"
"52,12 : 0.2302"
"12,53 : 0.5442"
"53,12 : 0.5442"
"12,54 : 0.272"
"54,12 : 0.272"
"12,55 : 0.714"
"55,12 : 0.714"
"12,56 : 0.461"
"56,12 : 0.461"
"12,57 : 0.0539"
"57,12 : 0.0539"
"12,58 : 0.461"
"58,12 : 0.461"
"12,59 : 0.6127"
"59,12 : 0.6127"
"12,60 : 0.2816"
"60,12 : 0.2816"
"12,61 : 0.7779"
"61,12 : 0.7779"
"12,62 : 0.6989"
"62,12 : 0.6989"
"12,63 : 0.458"
"63,12 : 0.458"
"12,64 : 0.3191"
"64,12 : 0.3191"
"12,65 : 0.4386"
"65,12 : 0.4386"
"12,66 : 0.8721"
"66,12 : 0.8721"
"12,67 : 0.84"
"67,12 : 0.84"
"12,68 : 0.4111"
"68,12 : 0.4111"
"12,69 : 0.3225"
"69,12 : 0.3225"
"12,70 : 0.9297"
"70,12 : 0.9297"
"12,71 : 0.5394"
"71,12 : 0.5394"
"12,72 : 0.42"
"72,12 : 0.42"
"12,73 : 0.4904"
"73,12 : 0.4904"
"12,74 : 0.0906"
"74,12 : 0.0906"
"12,75 : 0.4201"
"75,12 : 0.4201"
"12,76 : 0.6574"
"76,12 : 0.6574"
"12,77 : 0.7624"
"77,12 : 0.7624"
"12,78 : 0.7467"
"78,12 : 0.7467"
"12,79 : 0.2343"
"79,12 : 0.2343"
"12,80 : 0.4512"
"80,12 : 0.4512"
"12,81 : 0.0224"
"81,12 : 0.0224"
"12,82 : 0.7262"
"82,12 : 0.7262"
"12,83 : 0.4901"
"83,12 : 0.4901"
"12,84 : 0.4652"
"84,12 : 0.4652"
"12,85 : 0.4904"
"85,12 : 0.4904"
"12,86 : 0.4924"
"86,12 : 0.4924"
"12,87 : 0.6"
"87,12 : 0.6"
"12,88 : 0.9426"
"88,12 : 0.9426"
"12,89 : 0.6923"
"89,12 : 0.6923"
"12,90 : 0.1789"
"90,12 : 0.1789"
"12,91 : 0.13"
"91,12 : 0.13"
"12,92 : 0.051"
"92,12 : 0.051"
"12,93 : 0.4338"
"93,12 : 0.4338"
"12,94 : 0.8161"
"94,12 : 0.8161"
"12,95 : 0.9762"
"95,12 : 0.9762"
"12,96 : 0.7118"
"96,12 : 0.7118"
"12,97 : 0.572"
"97,12 : 0.572"
"12,98 : 0.6307"
"98,12 : 0.6307"
"12,99 : 0.1166"
"99,12 : 0.1166"
"13,14 : 1.1357"
"14,13 : 1.1357"
"13,15 : 0.5814"
"15,13 : 0.5814"
"13,16 : 0.8139"
"16,13 : 0.8139"
"13,17 : 0.7245"
"17,13 : 0.7245"
"13,18 : 0.6101"
"18,13 : 0.6101"
"13,19 : 0.899"
"19,13 : 0.899"
"13,20 : 0.2691"
"20,13 : 0.2691"
"13,21 : 0.8"
"21,13 : 0.8"
"13,22 : 0.5644"
"22,13 : 0.5644"
"13,23 : 1.007"
"23,13 : 1.007"
