x,y
0.06,0.59
0.84,0.51
0.49,0.81
0.83,0.83
0.81,0.94
0.98,0.23
0.28,0.21
0.38,0.5
0.74,0.32
0.68,0.32
0.5,0.31
0.42,0.81
0.43,0.55
0.56,0.28
0.14,0.34
0.94,0.08
0.35,0.25
0.42,0.56
0.56,0.07
0.66,0.15
0.39,0.38
0.37,0.18
0.3,0.8
0.36,0.67
0.96,0.09
0.55,0.03
0.06,0.67
0.5,0.35
0.46,0.24
0.36,0.46
0.46,0.39
0.11,0.97
0.31,0.43
0.3,0.16
0.92,0.64
0.32,0.69
0.18,0.84
0.46,0.0
0.95,0.5
0.37,0.73
0.27,0.6
0.45,0.5
0.77,0.22
0.6,0.98
0.05,0.69
0.91,0.57
0.16,0.91
0.96,0.83
0.27,0.24
0.16,0.03
0.69,0.1
0.18,0.05
0.82,0.62
0.61,0.64
0.07,0.98
0.15,0.51
0.35,0.76
0.76,0.49
0.35,0.95
0.24,0.78
0.61,0.25
0.81,0.64
0.35,0.43
0.75,0.61
0.75,0.95
0.6,0.13
0.68,0.98
0.82,0.17
0.75,0.45
0.44,0.51
0.38,0.32
0.98,0.49
0.19,0.09
0.39,0.84
0.17,0.79
0.7,0.0
0.36,0.13
0.7,0.24
0.47,0.43
0.54,0.46
0.41,0.49
0.99,0.55
0.41,0.17
0.99,0.91
0.31,0.83
0.74,0.08
0.18,0.55
0.68,0.61
0.37,0.63
0.94,0.78
0.79,0.1
0.35,0.22
0.58,0.95
0.99,0.53
0.66,0.9
0.16,0.59
0.97,0.81
0.96,0.78
0.82,0.25
1.0,0.01

Distanze
"0,1 : 0.7841"
"1,0 : 0.7841"
"0,2 : 0.483"
"2,0 : 0.483"
"0,3 : 0.8065"
"3,0 : 0.8065"
"0,4 : 0.8276"
"4,0 : 0.8276"
"0,5 : 0.9879"
"5,0 : 0.9879"
"0,6 : 0.4391"
"6,0 : 0.4391"
"0,7 : 0.3324"
"7,0 : 0.3324"
"0,8 : 0.7316"
"8,0 : 0.7316"
"0,9 : 0.6762"
"9,0 : 0.6762"
"0,10 : 0.5215"
"10,0 : 0.5215"
"0,11 : 0.4219"
"11,0 : 0.4219"
"0,12 : 0.3722"
"12,0 : 0.3722"
"0,13 : 0.5883"
"13,0 : 0.5883"
"0,14 : 0.2625"
"14,0 : 0.2625"
"0,15 : 1.0171"
"15,0 : 1.0171"
"0,16 : 0.4469"
"16,0 : 0.4469"
"0,17 : 0.3612"
"17,0 : 0.3612"
"0,18 : 0.7214"
"18,0 : 0.7214"
"0,19 : 0.744"
"19,0 : 0.744"
"0,20 : 0.3912"
"20,0 : 0.3912"
"0,21 : 0.514"
"21,0 : 0.514"
"0,22 : 0.3189"
"22,0 : 0.3189"
"0,23 : 0.3105"
"23,0 : 0.3105"
"0,24 : 1.0296"
"24,0 : 1.0296"
"0,25 : 0.7441"
"25,0 : 0.7441"
"0,26 : 0.08"
"26,0 : 0.08"
"0,27 : 0.5012"
"27,0 : 0.5012"
"0,28 : 0.5315"
"28,0 : 0.5315"
"0,29 : 0.327"
"29,0 : 0.327"
"0,30 : 0.4472"
"30,0 : 0.4472"
"0,31 : 0.3833"
"31,0 : 0.3833"
"0,32 : 0.2968"
"32,0 : 0.2968"
"0,33 : 0.4924"
"33,0 : 0.4924"
"0,34 : 0.8615"
"34,0 : 0.8615"
"0,35 : 0.2786"
"35,0 : 0.2786"
"0,36 : 0.2773"
"36,0 : 0.2773"
"0,37 : 0.7128"
"37,0 : 0.7128"
"0,38 : 0.8945"
"38,0 : 0.8945"
"0,39 : 0.3401"
"39,0 : 0.3401"
"0,40 : 0.2102"
"40,0 : 0.2102"
"0,41 : 0.4002"
"41,0 : 0.4002"
"0,42 : 0.8006"
"42,0 : 0.8006"
"0,43 : 0.6661"
"43,0 : 0.6661"
"0,44 : 0.1005"
"44,0 : 0.1005"
"0,45 : 0.8502"
"45,0 : 0.8502"
"0,46 : 0.3353"
"46,0 : 0.3353"
"0,47 : 0.9315"
"47,0 : 0.9315"
"0,48 : 0.4082"
"48,0 : 0.4082"
"0,49 : 0.5689"
"49,0 : 0.5689"
"0,50 : 0.7981"
"50,0 : 0.7981"
"0,51 : 0.5532"
"51,0 : 0.5532"
"0,52 : 0.7606"
"52,0 : 0.7606"
"0,53 : 0.5523"
"53,0 : 0.5523"
"0,54 : 0.3901"
"54,0 : 0.3901"
"0,55 : 0.1204"
"55,0 : 0.1204"
"0,56 : 0.3362"
"56,0 : 0.3362"
"0,57 : 0.7071"
"57,0 : 0.7071"
"0,58 : 0.4623"
"58,0 : 0.4623"
"0,59 : 0.2617"
"59,0 : 0.2617"
"0,60 : 0.6466"
"60,0 : 0.6466"
"0,61 : 0.7517"
"61,0 : 0.7517"
"0,62 : 0.3312"
"62,0 : 0.3312"
"0,63 : 0.6903"
"63,0 : 0.6903"
"0,64 : 0.7783"
"64,0 : 0.7783"
"0,65 : 0.7094"
"65,0 : 0.7094"
"0,66 : 0.7325"
"66,0 : 0.7325"
"0,67 : 0.8683"
"67,0 : 0.8683"
"0,68 : 0.7041"
"68,0 : 0.7041"
"0,69 : 0.3883"
"69,0 : 0.3883"
"0,70 : 0.4187"
"70,0 : 0.4187"
"0,71 : 0.9254"
"71,0 : 0.9254"
"0,72 : 0.5166"
"72,0 : 0.5166"
"0,73 : 0.414"
"73,0 : 0.414"
"0,74 : 0.2283"
"74,0 : 0.2283"
"0,75 : 0.8705"
"75,0 : 0.8705"
"0,76 : 0.5492"
"76,0 : 0.5492"
"0,77 : 0.7295"
"77,0 : 0.7295"
"0,78 : 0.4401"
"78,0 : 0.4401"
"0,79 : 0.4973"
"79,0 : 0.4973"
"0,80 : 0.364"
"80,0 : 0.364"
"0,81 : 0.9309"
"81,0 : 0.9309"
"0,82 : 0.5467"
"82,0 : 0.5467"
"0,83 : 0.9835"
"83,0 : 0.9835"
"0,84 : 0.3466"
"84,0 : 0.3466"
"0,85 : 0.85"
"85,0 : 0.85"
"0,86 : 0.1265"
"86,0 : 0.1265"
"0,87 : 0.6203"
"87,0 : 0.6203"
"0,88 : 0.3126"
"88,0 : 0.3126"
"0,89 : 0.9003"
"89,0 : 0.9003"
"0,90 : 0.8792"
"90,0 : 0.8792"
"0,91 : 0.4701"
"91,0 : 0.4701"
"0,92 : 0.6325"
"92,0 : 0.6325"
"0,93 : 0.9319"
"93,0 : 0.9319"
"0,94 : 0.6754"
"94,0 : 0.6754"
"0,95 : 0.1"
"95,0 : 0.1"
"0,96 : 0.9362"
"96,0 : 0.9362"
"0,97 : 0.9198"
"97,0 : 0.9198"
"0,98 : 0.8326"
"98,0 : 0.8326"
"0,99 : 1.1045"
"99,0 : 1.1045"
"1,2 : 0.461"
"2,1 : 0.461"
"1,3 : 0.3202"
"3,1 : 0.3202"
"1,4 : 0.431"
"4,1 : 0.431"
"1,5 : 0.313"
"5,1 : 0.313"
"1,6 : 0.6353"
"6,1 : 0.6353"
"1,7 : 0.4601"
"7,1 : 0.4601"
"1,8 : 0.2147"
"8,1 : 0.2147"
"1,9 : 0.2484"
"9,1 : 0.2484"
"1,10 : 0.3945"
"10,1 : 0.3945"
"1,11 : 0.5161"
"11,1 : 0.5161"
"1,12 : 0.4119"
"12,1 : 0.4119"
"1,13 : 0.3624"
"13,1 : 0.3624"
"1,14 : 0.7203"
"14,1 : 0.7203"
"1,15 : 0.4415"
"15,1 : 0.4415"
"1,16 : 0.5547"
"16,1 : 0.5547"
"1,17 : 0.423"
"17,1 : 0.423"
"1,18 : 0.5215"
"18,1 : 0.5215"
"1,19 : 0.4025"
"19,1 : 0.4025"
"1,20 : 0.4684"
"20,1 : 0.4684"
"1,21 : 0.5743"
"21,1 : 0.5743"
"1,22 : 0.6129"
"22,1 : 0.6129"
"1,23 : 0.506"
"23,1 : 0.506"
"1,24 : 0.4368"
"24,1 : 0.4368"
"1,25 : 0.5608"
"25,1 : 0.5608"
"1,26 : 0.7962"
"26,1 : 0.7962"
"1,27 : 0.3758"
"27,1 : 0.3758"
"1,28 : 0.4662"
"28,1 : 0.4662"
"1,29 : 0.4826"
"29,1 : 0.4826"
"1,30 : 0.3985"
"30,1 : 0.3985"
"1,31 : 0.8628"
"31,1 : 0.8628"
"1,32 : 0.536"
"32,1 : 0.536"
"1,33 : 0.6435"
"33,1 : 0.6435"
"1,34 : 0.1526"
"34,1 : 0.1526"
"1,35 : 0.5503"
"35,1 : 0.5503"
"1,36 : 0.7379"
"36,1 : 0.7379"
"1,37 : 0.636"
"37,1 : 0.636"
"1,38 : 0.1105"
"38,1 : 0.1105"
"1,39 : 0.5189"
"39,1 : 0.5189"
"1,40 : 0.5771"
"40,1 : 0.5771"
"1,41 : 0.3901"
"41,1 : 0.3901"
"1,42 : 0.2983"
"42,1 : 0.2983"
"1,43 : 0.5277"
"43,1 : 0.5277"
"1,44 : 0.8102"
"44,1 : 0.8102"
"1,45 : 0.0922"
"45,1 : 0.0922"
"1,46 : 0.7889"
"46,1 : 0.7889"
"1,47 : 0.3418"
"47,1 : 0.3418"
"1,48 : 0.6307"
"48,1 : 0.6307"
"1,49 : 0.8323"
"49,1 : 0.8323"
"1,50 : 0.4366"
"50,1 : 0.4366"
"1,51 : 0.8045"
"51,1 : 0.8045"
"1,52 : 0.1118"
"52,1 : 0.1118"
"1,53 : 0.2642"
"53,1 : 0.2642"
"1,54 : 0.9021"
"54,1 : 0.9021"
"1,55 : 0.69"
"55,1 : 0.69"
"1,56 : 0.5501"
"56,1 : 0.5501"
"1,57 : 0.0825"
"57,1 : 0.0825"
"1,58 : 0.6586"
"58,1 : 0.6586"
"1,59 : 0.658"
"59,1 : 0.658"
"1,60 : 0.3471"
"60,1 : 0.3471"
"1,61 : 0.1334"
"61,1 : 0.1334"
"1,62 : 0.4965"
"62,1 : 0.4965"
"1,63 : 0.1345"
"63,1 : 0.1345"
"1,64 : 0.4491"
"64,1 : 0.4491"
"1,65 : 0.4494"
"65,1 : 0.4494"
"1,66 : 0.4965"
"66,1 : 0.4965"
"1,67 : 0.3406"
"67,1 : 0.3406"
"1,68 : 0.1082"
"68,1 : 0.1082"
"1,69 : 0.4"
"69,1 : 0.4"
"1,70 : 0.4977"
"70,1 : 0.4977"
"1,71 : 0.1414"
"71,1 : 0.1414"
"1,72 : 0.7739"
"72,1 : 0.7739"
"1,73 : 0.558"
"73,1 : 0.558"
"1,74 : 0.7262"
"74,1 : 0.7262"
"1,75 : 0.5289"
"75,1 : 0.5289"
"1,76 : 0.6122"
"76,1 : 0.6122"
"1,77 : 0.3041"
"77,1 : 0.3041"
"1,78 : 0.3785"
"78,1 : 0.3785"
"1,79 : 0.3041"
"79,1 : 0.3041"
"1,80 : 0.4305"
"80,1 : 0.4305"
"1,81 : 0.1552"
"81,1 : 0.1552"
"1,82 : 0.5482"
"82,1 : 0.5482"
"1,83 : 0.4272"
"83,1 : 0.4272"
"1,84 : 0.6191"
"84,1 : 0.6191"
"1,85 : 0.4415"
"85,1 : 0.4415"
"1,86 : 0.6612"
"86,1 : 0.6612"
"1,87 : 0.1887"
"87,1 : 0.1887"
"1,88 : 0.4851"
"88,1 : 0.4851"
"1,89 : 0.2879"
"89,1 : 0.2879"
"1,90 : 0.413"
"90,1 : 0.413"
"1,91 : 0.5694"
"91,1 : 0.5694"
"1,92 : 0.5111"
"92,1 : 0.5111"
"1,93 : 0.1513"
"93,1 : 0.1513"
"1,94 : 0.4295"
"94,1 : 0.4295"
"1,95 : 0.6847"
"95,1 : 0.6847"
"1,96 : 0.327"
"96,1 : 0.327"
"1,97 : 0.2955"
"97,1 : 0.2955"
"1,98 : 0.2608"
"98,1 : 0.2608"
"1,99 : 0.525"
"99,1 : 0.525"
"2,3 : 0.3406"
"3,2 : 0.3406"
"2,4 : 0.3454"
"4,2 : 0.3454"
"2,5 : 0.7593"
"5,2 : 0.7593"
"2,6 : 0.6357"
"6,2 : 0.6357"
"2,7 : 0.3289"
"7,2 : 0.3289"
"2,8 : 0.5501"
"8,2 : 0.5501"
"2,9 : 0.5255"
"9,2 : 0.5255"
"2,10 : 0.5001"
"10,2 : 0.5001"
"2,11 : 0.07"
"11,2 : 0.07"
"2,12 : 0.2668"
"12,2 : 0.2668"
"2,13 : 0.5346"
"13,2 : 0.5346"
"2,14 : 0.586"
"14,2 : 0.586"
"2,15 : 0.8576"
"15,2 : 0.8576"
"2,16 : 0.5772"
"16,2 : 0.5772"
"2,17 : 0.2596"
"17,2 : 0.2596"
"2,18 : 0.7433"
"18,2 : 0.7433"
"2,19 : 0.6815"
"19,2 : 0.6815"
"2,20 : 0.4415"
"20,2 : 0.4415"
"2,21 : 0.6413"
"21,2 : 0.6413"
"2,22 : 0.1903"
"22,2 : 0.1903"
"2,23 : 0.191"
"23,2 : 0.191"
"2,24 : 0.8598"
"24,2 : 0.8598"
"2,25 : 0.7823"
"25,2 : 0.7823"
"2,26 : 0.4522"
"26,2 : 0.4522"
"2,27 : 0.4601"
"27,2 : 0.4601"
"2,28 : 0.5708"
"28,2 : 0.5708"
"2,29 : 0.3734"
"29,2 : 0.3734"
"2,30 : 0.4211"
"30,2 : 0.4211"
"2,31 : 0.4123"
"31,2 : 0.4123"
"2,32 : 0.4205"
"32,2 : 0.4205"
"2,33 : 0.6772"
"33,2 : 0.6772"
"2,34 : 0.4624"
"34,2 : 0.4624"
"2,35 : 0.2081"
"35,2 : 0.2081"
"2,36 : 0.3114"
"36,2 : 0.3114"
"2,37 : 0.8106"
"37,2 : 0.8106"
"2,38 : 0.5547"
"38,2 : 0.5547"
"2,39 : 0.1442"
"39,2 : 0.1442"
"2,40 : 0.3041"
"40,2 : 0.3041"
"2,41 : 0.3126"
"41,2 : 0.3126"
"2,42 : 0.6531"
"42,2 : 0.6531"
"2,43 : 0.2025"
"43,2 : 0.2025"
"2,44 : 0.4561"
"44,2 : 0.4561"
"2,45 : 0.4837"
"45,2 : 0.4837"
"2,46 : 0.3448"
"46,2 : 0.3448"
"2,47 : 0.4704"
"47,2 : 0.4704"
"2,48 : 0.611"
"48,2 : 0.611"
"2,49 : 0.8469"
"49,2 : 0.8469"
"2,50 : 0.7376"
"50,2 : 0.7376"
"2,51 : 0.8208"
"51,2 : 0.8208"
"2,52 : 0.3808"
"52,2 : 0.3808"
"2,53 : 0.2081"
"53,2 : 0.2081"
"2,54 : 0.4531"
"54,2 : 0.4531"
"2,55 : 0.4534"
"55,2 : 0.4534"
"2,56 : 0.1487"
"56,2 : 0.1487"
"2,57 : 0.4187"
"57,2 : 0.4187"
"2,58 : 0.198"
"58,2 : 0.198"
"2,59 : 0.2518"
"59,2 : 0.2518"
"2,60 : 0.5727"
"60,2 : 0.5727"
"2,61 : 0.3624"
"61,2 : 0.3624"
"2,62 : 0.405"
"62,2 : 0.405"
"2,63 : 0.328"
"63,2 : 0.328"
"2,64 : 0.2953"
"64,2 : 0.2953"
"2,65 : 0.6888"
"65,2 : 0.6888"
"2,66 : 0.255"
"66,2 : 0.255"
"2,67 : 0.7201"
"67,2 : 0.7201"
"2,68 : 0.4441"
"68,2 : 0.4441"
"2,69 : 0.3041"
"69,2 : 0.3041"
"2,70 : 0.5022"
"70,2 : 0.5022"
"2,71 : 0.5852"
"71,2 : 0.5852"
"2,72 : 0.78"
"72,2 : 0.78"
"2,73 : 0.1044"
"73,2 : 0.1044"
"2,74 : 0.3206"
"74,2 : 0.3206"
"2,75 : 0.8368"
"75,2 : 0.8368"
"2,76 : 0.6923"
"76,2 : 0.6923"
"2,77 : 0.6075"
"77,2 : 0.6075"
"2,78 : 0.3805"
"78,2 : 0.3805"
"2,79 : 0.3536"
"79,2 : 0.3536"
"2,80 : 0.3298"
"80,2 : 0.3298"
"2,81 : 0.5636"
"81,2 : 0.5636"
"2,82 : 0.645"
"82,2 : 0.645"
"2,83 : 0.5099"
"83,2 : 0.5099"
"2,84 : 0.1811"
"84,2 : 0.1811"
"2,85 : 0.7716"
"85,2 : 0.7716"
"2,86 : 0.4046"
"86,2 : 0.4046"
"2,87 : 0.2759"
"87,2 : 0.2759"
"2,88 : 0.2163"
"88,2 : 0.2163"
"2,89 : 0.451"
"89,2 : 0.451"
"2,90 : 0.7708"
"90,2 : 0.7708"
"2,91 : 0.6064"
"91,2 : 0.6064"
"2,92 : 0.1664"
"92,2 : 0.1664"
"2,93 : 0.5731"
"93,2 : 0.5731"
"2,94 : 0.1924"
"94,2 : 0.1924"
"2,95 : 0.3966"
"95,2 : 0.3966"
"2,96 : 0.48"
"96,2 : 0.48"
"2,97 : 0.471"
"97,2 : 0.471"
"2,98 : 0.65"
"98,2 : 0.65"
"2,99 : 0.9487"
"99,2 : 0.9487"
"3,4 : 0.1118"
"4,3 : 0.1118"
"3,5 : 0.6185"
"5,3 : 0.6185"
"3,6 : 0.8288"
"6,3 : 0.8288"
"3,7 : 0.558"
"7,3 : 0.558"
"3,8 : 0.5179"
"8,3 : 0.5179"
"3,9 : 0.5316"
"9,3 : 0.5316"
"3,10 : 0.6159"
"10,3 : 0.6159"
"3,11 : 0.4105"
"11,3 : 0.4105"
"3,12 : 0.4883"
"12,3 : 0.4883"
"3,13 : 0.6127"
"13,3 : 0.6127"
"3,14 : 0.8463"
"14,3 : 0.8463"
"3,15 : 0.758"
"15,3 : 0.758"
"3,16 : 0.7529"
"16,3 : 0.7529"
"3,17 : 0.4909"
"17,3 : 0.4909"
"3,18 : 0.8065"
"18,3 : 0.8065"
"3,19 : 0.7009"
"19,3 : 0.7009"
"3,20 : 0.6294"
"20,3 : 0.6294"
"3,21 : 0.7963"
"21,3 : 0.7963"
"3,22 : 0.5308"
"22,3 : 0.5308"
"3,23 : 0.4965"
"23,3 : 0.4965"
"3,24 : 0.7513"
"24,3 : 0.7513"
"3,25 : 0.8476"
"25,3 : 0.8476"
"3,26 : 0.7864"
"26,3 : 0.7864"
"3,27 : 0.5825"
"27,3 : 0.5825"
"3,28 : 0.6964"
"28,3 : 0.6964"
"3,29 : 0.5982"
"29,3 : 0.5982"
"3,30 : 0.5749"
"30,3 : 0.5749"
"3,31 : 0.7335"
"31,3 : 0.7335"
"3,32 : 0.656"
"32,3 : 0.656"
"3,33 : 0.8543"
"33,3 : 0.8543"
"3,34 : 0.2102"
"34,3 : 0.2102"
"3,35 : 0.5289"
"35,3 : 0.5289"
"3,36 : 0.6501"
"36,3 : 0.6501"
"3,37 : 0.9087"
"37,3 : 0.9087"
"3,38 : 0.3511"
"38,3 : 0.3511"
"3,39 : 0.4707"
"39,3 : 0.4707"
"3,40 : 0.6054"
"40,3 : 0.6054"
"3,41 : 0.5033"
"41,3 : 0.5033"
"3,42 : 0.6129"
"42,3 : 0.6129"
"3,43 : 0.2746"
"43,3 : 0.2746"
"3,44 : 0.7925"
"44,3 : 0.7925"
"3,45 : 0.272"
"45,3 : 0.272"
"3,46 : 0.6748"
"46,3 : 0.6748"
"3,47 : 0.13"
"47,3 : 0.13"
"3,48 : 0.8134"
"48,3 : 0.8134"
"3,49 : 1.0435"
"49,3 : 1.0435"
"3,50 : 0.7433"
"50,3 : 0.7433"
"3,51 : 1.0153"
"51,3 : 1.0153"
"3,52 : 0.2102"
"52,3 : 0.2102"
"3,53 : 0.2907"
"53,3 : 0.2907"
"3,54 : 0.7747"
"54,3 : 0.7747"
"3,55 : 0.7515"
"55,3 : 0.7515"
"3,56 : 0.4851"
"56,3 : 0.4851"
"3,57 : 0.3471"
"57,3 : 0.3471"
"3,58 : 0.4948"
"58,3 : 0.4948"
"3,59 : 0.5921"
"59,3 : 0.5921"
"3,60 : 0.6203"
"60,3 : 0.6203"
"3,61 : 0.191"
"61,3 : 0.191"
"3,62 : 0.6248"
"62,3 : 0.6248"
"3,63 : 0.2341"
"63,3 : 0.2341"
"3,64 : 0.1442"
"64,3 : 0.1442"
"3,65 : 0.7368"
"65,3 : 0.7368"
"3,66 : 0.2121"
"66,3 : 0.2121"
"3,67 : 0.6601"
"67,3 : 0.6601"
"3,68 : 0.3883"
"68,3 : 0.3883"
"3,69 : 0.5045"
"69,3 : 0.5045"
"3,70 : 0.6801"
"70,3 : 0.6801"
"3,71 : 0.3716"
"71,3 : 0.3716"
"3,72 : 0.9784"
"72,3 : 0.9784"
"3,73 : 0.4401"
"73,3 : 0.4401"
"3,74 : 0.6612"
"74,3 : 0.6612"
"3,75 : 0.8401"
"75,3 : 0.8401"
"3,76 : 0.8431"
"76,3 : 0.8431"
"3,77 : 0.6042"
"77,3 : 0.6042"
"3,78 : 0.5381"
"78,3 : 0.5381"
"3,79 : 0.4701"
"79,3 : 0.4701"
"3,80 : 0.5404"
"80,3 : 0.5404"
"3,81 : 0.3225"
"81,3 : 0.3225"
"3,82 : 0.7823"
"82,3 : 0.7823"
"3,83 : 0.1789"
"83,3 : 0.1789"
"3,84 : 0.52"
"84,3 : 0.52"
"3,85 : 0.7554"
"85,3 : 0.7554"
"3,86 : 0.7077"
"86,3 : 0.7077"
"3,87 : 0.2663"
"87,3 : 0.2663"
"3,88 : 0.5016"
"88,3 : 0.5016"
"3,89 : 0.1208"
"89,3 : 0.1208"
"3,90 : 0.7311"
"90,3 : 0.7311"
"3,91 : 0.7762"
"91,3 : 0.7762"
"3,92 : 0.2773"
"92,3 : 0.2773"
"3,93 : 0.34"
"93,3 : 0.34"
"3,94 : 0.1838"
"94,3 : 0.1838"
"3,95 : 0.7117"
"95,3 : 0.7117"
"3,96 : 0.1414"
"96,3 : 0.1414"
"3,97 : 0.1393"
"97,3 : 0.1393"
"3,98 : 0.5801"
"98,3 : 0.5801"
"3,99 : 0.8374"
"99,3 : 0.8374"
"4,5 : 0.7301"
"5,4 : 0.7301"
"4,6 : 0.9021"
"6,4 : 0.9021"
"4,7 : 0.6152"
"7,4 : 0.6152"
"4,8 : 0.6239"
"8,4 : 0.6239"
"4,9 : 0.6335"
"9,4 : 0.6335"
"4,10 : 0.7021"
"10,4 : 0.7021"
"4,11 : 0.4111"
"11,4 : 0.4111"
"4,12 : 0.5445"
"12,4 : 0.5445"
"4,13 : 0.7058"
"13,4 : 0.7058"
"4,14 : 0.8994"
"14,4 : 0.8994"
"4,15 : 0.8698"
"15,4 : 0.8698"
"4,16 : 0.8293"
"16,4 : 0.8293"
"4,17 : 0.5445"
"17,4 : 0.5445"
"4,18 : 0.9052"
"18,4 : 0.9052"
"4,19 : 0.8041"
"19,4 : 0.8041"
"4,20 : 0.7"
"20,4 : 0.7"
"4,21 : 0.8782"
"21,4 : 0.8782"
"4,22 : 0.5289"
"22,4 : 0.5289"
"4,23 : 0.5248"
"23,4 : 0.5248"
"4,24 : 0.8631"
"24,4 : 0.8631"
"4,25 : 0.9464"
"25,4 : 0.9464"
"4,26 : 0.7971"
"26,4 : 0.7971"
"4,27 : 0.6665"
"27,4 : 0.6665"
"4,28 : 0.7826"
"28,4 : 0.7826"
"4,29 : 0.658"
"29,4 : 0.658"
"4,30 : 0.6519"
"30,4 : 0.6519"
"4,31 : 0.7006"
"31,4 : 0.7006"
"4,32 : 0.7142"
"32,4 : 0.7142"
"4,33 : 0.9319"
"33,4 : 0.9319"
"4,34 : 0.3195"
"34,4 : 0.3195"
"4,35 : 0.5501"
"35,4 : 0.5501"
"4,36 : 0.6379"
"36,4 : 0.6379"
"4,37 : 1.003"
"37,4 : 1.003"
"4,38 : 0.4617"
"38,4 : 0.4617"
"4,39 : 0.4875"
"39,4 : 0.4875"
"4,40 : 0.6381"
"40,4 : 0.6381"
"4,41 : 0.5685"
"41,4 : 0.5685"
"4,42 : 0.7211"
"42,4 : 0.7211"
"4,43 : 0.2138"
"43,4 : 0.2138"
"4,44 : 0.8001"
"44,4 : 0.8001"
"4,45 : 0.3833"
"45,4 : 0.3833"
"4,46 : 0.6507"
"46,4 : 0.6507"
"4,47 : 0.186"
"47,4 : 0.186"
"4,48 : 0.8841"
"48,4 : 0.8841"
"4,49 : 1.1183"
"49,4 : 1.1183"
"4,50 : 0.8485"
"50,4 : 0.8485"
"4,51 : 1.0904"
"51,4 : 1.0904"
"4,52 : 0.3202"
"52,4 : 0.3202"
"4,53 : 0.3606"
"53,4 : 0.3606"
"4,54 : 0.7411"
"54,4 : 0.7411"
"4,55 : 0.7877"
"55,4 : 0.7877"
"4,56 : 0.494"
"56,4 : 0.494"
"4,57 : 0.4528"
"57,4 : 0.4528"
"4,58 : 0.4601"
"58,4 : 0.4601"
"4,59 : 0.592"
"59,4 : 0.592"
"4,60 : 0.7184"
"60,4 : 0.7184"
"4,61 : 0.3"
"61,4 : 0.3"
"4,62 : 0.6868"
"62,4 : 0.6868"
"4,63 : 0.3354"
"63,4 : 0.3354"
"4,64 : 0.0608"
"64,4 : 0.0608"
"4,65 : 0.8368"
"65,4 : 0.8368"
"4,66 : 0.136"
"66,4 : 0.136"
"4,67 : 0.7701"
"67,4 : 0.7701"
"4,68 : 0.4937"
"68,4 : 0.4937"
"4,69 : 0.5673"
"69,4 : 0.5673"
"4,70 : 0.7545"
"70,4 : 0.7545"
"4,71 : 0.481"
"71,4 : 0.481"
"4,72 : 1.0521"
"72,4 : 1.0521"
"4,73 : 0.4317"
"73,4 : 0.4317"
"4,74 : 0.6573"
"74,4 : 0.6573"
"4,75 : 0.9464"
"75,4 : 0.9464"
"4,76 : 0.9266"
"76,4 : 0.9266"
"4,77 : 0.7086"
"77,4 : 0.7086"
"4,78 : 0.6129"
"78,4 : 0.6129"
"4,79 : 0.5507"
"79,4 : 0.5507"
"4,80 : 0.6021"
"80,4 : 0.6021"
"4,81 : 0.4295"
"81,4 : 0.4295"
"4,82 : 0.8677"
"82,4 : 0.8677"
"4,83 : 0.1825"
"83,4 : 0.1825"
"4,84 : 0.512"
"84,4 : 0.512"
"4,85 : 0.8628"
"85,4 : 0.8628"
"4,86 : 0.7409"
"86,4 : 0.7409"
"4,87 : 0.3547"
"87,4 : 0.3547"
"4,88 : 0.5382"
"88,4 : 0.5382"
"4,89 : 0.2062"
"89,4 : 0.2062"
"4,90 : 0.8402"
"90,4 : 0.8402"
"4,91 : 0.8544"
"91,4 : 0.8544"
"4,92 : 0.2302"
"92,4 : 0.2302"
"4,93 : 0.4478"
"93,4 : 0.4478"
"4,94 : 0.1552"
"94,4 : 0.1552"
"4,95 : 0.7382"
"95,4 : 0.7382"
"4,96 : 0.2062"
"96,4 : 0.2062"
"4,97 : 0.2193"
"97,4 : 0.2193"
"4,98 : 0.6901"
"98,4 : 0.6901"
"4,99 : 0.9492"
"99,4 : 0.9492"
"5,6 : 0.7003"
"6,5 : 0.7003"
"5,7 : 0.658"
"7,5 : 0.658"
"5,8 : 0.2563"
"8,5 : 0.2563"
"5,9 : 0.3132"
"9,5 : 0.3132"
"5,10 : 0.4866"
"10,5 : 0.4866"
"5,11 : 0.8062"
"11,5 : 0.8062"
"5,12 : 0.6363"
"12,5 : 0.6363"
"5,13 : 0.423"
"13,5 : 0.423"
"5,14 : 0.8472"
"14,5 : 0.8472"
"5,15 : 0.1552"
"15,5 : 0.1552"
"5,16 : 0.6303"
"16,5 : 0.6303"
"5,17 : 0.65"
"17,5 : 0.65"
"5,18 : 0.4494"
"18,5 : 0.4494"
"5,19 : 0.3298"
"19,5 : 0.3298"
"5,20 : 0.6088"
"20,5 : 0.6088"
"5,21 : 0.612"
"21,5 : 0.612"
"5,22 : 0.8873"
"22,5 : 0.8873"
"5,23 : 0.7603"
"23,5 : 0.7603"
"5,24 : 0.1414"
"24,5 : 0.1414"
"5,25 : 0.4742"
"25,5 : 0.4742"
"5,26 : 1.0198"
"26,5 : 1.0198"
"5,27 : 0.4948"
"27,5 : 0.4948"
"5,28 : 0.5201"
"28,5 : 0.5201"
"5,29 : 0.6613"
"29,5 : 0.6613"
"5,30 : 0.5441"
"30,5 : 0.5441"
"5,31 : 1.1421"
"31,5 : 1.1421"
"5,32 : 0.6992"
"32,5 : 0.6992"
"5,33 : 0.6836"
"33,5 : 0.6836"
"5,34 : 0.4144"
"34,5 : 0.4144"
"5,35 : 0.8045"
"35,5 : 0.8045"
"5,36 : 1.006"
"36,5 : 1.006"
"5,37 : 0.5686"
"37,5 : 0.5686"
"5,38 : 0.2717"
"38,5 : 0.2717"
"5,39 : 0.7887"
"39,5 : 0.7887"
"5,40 : 0.8006"
"40,5 : 0.8006"
"5,41 : 0.5948"
"41,5 : 0.5948"
"5,42 : 0.2102"
"42,5 : 0.2102"
"5,43 : 0.8408"
"43,5 : 0.8408"
"5,44 : 1.0375"
"44,5 : 1.0375"
"5,45 : 0.3471"
"45,5 : 0.3471"
"5,46 : 1.0653"
"46,5 : 1.0653"
"5,47 : 0.6003"
"47,5 : 0.6003"
"5,48 : 0.7101"
"48,5 : 0.7101"
"5,49 : 0.844"
"49,5 : 0.844"
"5,50 : 0.3178"
"50,5 : 0.3178"
"5,51 : 0.82"
"51,5 : 0.82"
"5,52 : 0.4215"
"52,5 : 0.4215"
"5,53 : 0.5523"
"53,5 : 0.5523"
"5,54 : 1.1792"
"54,5 : 1.1792"
"5,55 : 0.876"
"55,5 : 0.876"
"5,56 : 0.8233"
"56,5 : 0.8233"
"5,57 : 0.3406"
"57,5 : 0.3406"
"5,58 : 0.9567"
"58,5 : 0.9567"
"5,59 : 0.922"
"59,5 : 0.922"
"5,60 : 0.3705"
"60,5 : 0.3705"
"5,61 : 0.4438"
"61,5 : 0.4438"
"5,62 : 0.661"
"62,5 : 0.661"
"5,63 : 0.4442"
"63,5 : 0.4442"
"5,64 : 0.7558"
"64,5 : 0.7558"
"5,65 : 0.3929"
"65,5 : 0.3929"
"5,66 : 0.8078"
"66,5 : 0.8078"
"5,67 : 0.1709"
"67,5 : 0.1709"
"5,68 : 0.3183"
"68,5 : 0.3183"
"5,69 : 0.6083"
"69,5 : 0.6083"
"5,70 : 0.6067"
"70,5 : 0.6067"
"5,71 : 0.26"
"71,5 : 0.26"
"5,72 : 0.8023"
"72,5 : 0.8023"
"5,73 : 0.8486"
"73,5 : 0.8486"
"5,74 : 0.9847"
"74,5 : 0.9847"
"5,75 : 0.3624"
"75,5 : 0.3624"
"5,76 : 0.628"
"76,5 : 0.628"
"5,77 : 0.2802"
"77,5 : 0.2802"
"5,78 : 0.5478"
"78,5 : 0.5478"
"5,79 : 0.4965"
"79,5 : 0.4965"
"5,80 : 0.6265"
"80,5 : 0.6265"
"5,81 : 0.3202"
"81,5 : 0.3202"
"5,82 : 0.5731"
"82,5 : 0.5731"
"5,83 : 0.6801"
"83,5 : 0.6801"
"5,84 : 0.8994"
"84,5 : 0.8994"
"5,85 : 0.283"
"85,5 : 0.283"
"5,86 : 0.8616"
"86,5 : 0.8616"
"5,87 : 0.4841"
"87,5 : 0.4841"
"5,88 : 0.7295"
"88,5 : 0.7295"
"5,89 : 0.5515"
"89,5 : 0.5515"
"5,90 : 0.2302"
"90,5 : 0.2302"
"5,91 : 0.6301"
"91,5 : 0.6301"
"5,92 : 0.8237"
"92,5 : 0.8237"
"5,93 : 0.3002"
"93,5 : 0.3002"
"5,94 : 0.7425"
"94,5 : 0.7425"
"5,95 : 0.8955"
"95,5 : 0.8955"
"5,96 : 0.5801"
"96,5 : 0.5801"
"5,97 : 0.5504"
"97,5 : 0.5504"
"5,98 : 0.1612"
"98,5 : 0.1612"
"5,99 : 0.2209"
"99,5 : 0.2209"
"6,7 : 0.3068"
"7,6 : 0.3068"
"6,8 : 0.473"
"8,6 : 0.473"
"6,9 : 0.4148"
"9,6 : 0.4148"
"6,10 : 0.2417"
"10,6 : 0.2417"
"6,11 : 0.6161"
"11,6 : 0.6161"
"6,12 : 0.3716"
"12,6 : 0.3716"
"6,13 : 0.2886"
"13,6 : 0.2886"
"6,14 : 0.191"
"14,6 : 0.191"
"6,15 : 0.6727"
"15,6 : 0.6727"
"6,16 : 0.0806"
"16,6 : 0.0806"
"6,17 : 0.377"
"17,6 : 0.377"
"6,18 : 0.313"
"18,6 : 0.313"
"6,19 : 0.3847"
"19,6 : 0.3847"
"6,20 : 0.2025"
"20,6 : 0.2025"
"6,21 : 0.0949"
"21,6 : 0.0949"
"6,22 : 0.5903"
"22,6 : 0.5903"
"6,23 : 0.4669"
"23,6 : 0.4669"
"6,24 : 0.6905"
"24,6 : 0.6905"
"6,25 : 0.3245"
"25,6 : 0.3245"
"6,26 : 0.5099"
"26,6 : 0.5099"
"6,27 : 0.2608"
"27,6 : 0.2608"
"6,28 : 0.1825"
"28,6 : 0.1825"
"6,29 : 0.2625"
"29,6 : 0.2625"
"6,30 : 0.2546"
"30,6 : 0.2546"
"6,31 : 0.7788"
"31,6 : 0.7788"
"6,32 : 0.222"
"32,6 : 0.222"
"6,33 : 0.0539"
"33,6 : 0.0539"
"6,34 : 0.771"
"34,6 : 0.771"
"6,35 : 0.4817"
"35,6 : 0.4817"
"6,36 : 0.6379"
"36,6 : 0.6379"
"6,37 : 0.2766"
"37,6 : 0.2766"
"6,38 : 0.7301"
"38,6 : 0.7301"
"6,39 : 0.5277"
"39,6 : 0.5277"
"6,40 : 0.3901"
"40,6 : 0.3901"
"6,41 : 0.3362"
"41,6 : 0.3362"
"6,42 : 0.4901"
"42,6 : 0.4901"
"6,43 : 0.8338"
"43,6 : 0.8338"
"6,44 : 0.5323"
"44,6 : 0.5323"
"6,45 : 0.7256"
"45,6 : 0.7256"
"6,46 : 0.7102"
"46,6 : 0.7102"
"6,47 : 0.9202"
"47,6 : 0.9202"
"6,48 : 0.0316"
"48,6 : 0.0316"
"6,49 : 0.2163"
"49,6 : 0.2163"
"6,50 : 0.4245"
"50,6 : 0.4245"
"6,51 : 0.1887"
"51,6 : 0.1887"
"6,52 : 0.678"
"52,6 : 0.678"
"6,53 : 0.542"
"53,6 : 0.542"
"6,54 : 0.7981"
"54,6 : 0.7981"
"6,55 : 0.327"
"55,6 : 0.327"
"6,56 : 0.5544"
"56,6 : 0.5544"
"6,57 : 0.5557"
"57,6 : 0.5557"
"6,58 : 0.7433"
"58,6 : 0.7433"
"6,59 : 0.5714"
"59,6 : 0.5714"
"6,60 : 0.3324"
"60,6 : 0.3324"
"6,61 : 0.6825"
"61,6 : 0.6825"
"6,62 : 0.2309"
"62,6 : 0.2309"
"6,63 : 0.6172"
"63,6 : 0.6172"
"6,64 : 0.8766"
"64,6 : 0.8766"
"6,65 : 0.3298"
"65,6 : 0.3298"
"6,66 : 0.8677"
"66,6 : 0.8677"
"6,67 : 0.5415"
"67,6 : 0.5415"
"6,68 : 0.5277"
"68,6 : 0.5277"
"6,69 : 0.34"
"69,6 : 0.34"
"6,70 : 0.1487"
"70,6 : 0.1487"
"6,71 : 0.7539"
"71,6 : 0.7539"
"6,72 : 0.15"
"72,6 : 0.15"
"6,73 : 0.6395"
"73,6 : 0.6395"
"6,74 : 0.5903"
"74,6 : 0.5903"
"6,75 : 0.4696"
"75,6 : 0.4696"
"6,76 : 0.1131"
"76,6 : 0.1131"
"6,77 : 0.4211"
"77,6 : 0.4211"
"6,78 : 0.2907"
"78,6 : 0.2907"
"6,79 : 0.3607"
"79,6 : 0.3607"
"6,80 : 0.3087"
"80,6 : 0.3087"
"6,81 : 0.7872"
"81,6 : 0.7872"
"6,82 : 0.136"
"82,6 : 0.136"
"6,83 : 0.997"
"83,6 : 0.997"
"6,84 : 0.6207"
"84,6 : 0.6207"
"6,85 : 0.478"
"85,6 : 0.478"
"6,86 : 0.3544"
"86,6 : 0.3544"
"6,87 : 0.5657"
"87,6 : 0.5657"
"6,88 : 0.4295"
"88,6 : 0.4295"
"6,89 : 0.8721"
"89,6 : 0.8721"
"6,90 : 0.5217"
"90,6 : 0.5217"
"6,91 : 0.0707"
"91,6 : 0.0707"
"6,92 : 0.7985"
"92,6 : 0.7985"
"6,93 : 0.7788"
"93,6 : 0.7788"
"6,94 : 0.7877"
"94,6 : 0.7877"
"6,95 : 0.3985"
"95,6 : 0.3985"
"6,96 : 0.9144"
"96,6 : 0.9144"
"6,97 : 0.8873"
"97,6 : 0.8873"
"6,98 : 0.5415"
"98,6 : 0.5415"
"6,99 : 0.7473"
"99,6 : 0.7473"
"7,8 : 0.4025"
"8,7 : 0.4025"
"7,9 : 0.3499"
"9,7 : 0.3499"
"7,10 : 0.2247"
"10,7 : 0.2247"
"7,11 : 0.3126"
"11,7 : 0.3126"
"7,12 : 0.0707"
"12,7 : 0.0707"
"7,13 : 0.2843"
"13,7 : 0.2843"
"7,14 : 0.2884"
"14,7 : 0.2884"
"7,15 : 0.7"
"15,7 : 0.7"
"7,16 : 0.2518"
"16,7 : 0.2518"
"7,17 : 0.0721"
"17,7 : 0.0721"
"7,18 : 0.4662"
"18,7 : 0.4662"
"7,19 : 0.4482"
"19,7 : 0.4482"
"7,20 : 0.1204"
"20,7 : 0.1204"
"7,21 : 0.3202"
"21,7 : 0.3202"
"7,22 : 0.3105"
"22,7 : 0.3105"
"7,23 : 0.1712"
"23,7 : 0.1712"
"7,24 : 0.7103"
"24,7 : 0.7103"
"7,25 : 0.4998"
"25,7 : 0.4998"
"7,26 : 0.3624"
"26,7 : 0.3624"
"7,27 : 0.1921"
"27,7 : 0.1921"
"7,28 : 0.272"
"28,7 : 0.272"
"7,29 : 0.0447"
"29,7 : 0.0447"
"7,30 : 0.136"
"30,7 : 0.136"
"7,31 : 0.542"
"31,7 : 0.542"
"7,32 : 0.099"
"32,7 : 0.099"
"7,33 : 0.3493"
"33,7 : 0.3493"
"7,34 : 0.5579"
"34,7 : 0.5579"
"7,35 : 0.1992"
"35,7 : 0.1992"
"7,36 : 0.3945"
"36,7 : 0.3945"
"7,37 : 0.5064"
"37,7 : 0.5064"
"7,38 : 0.57"
"38,7 : 0.57"
"7,39 : 0.2302"
"39,7 : 0.2302"
"7,40 : 0.1487"
"40,7 : 0.1487"
"7,41 : 0.07"
"41,7 : 0.07"
"7,42 : 0.4801"
"42,7 : 0.4801"
"7,43 : 0.528"
"43,7 : 0.528"
"7,44 : 0.3808"
"44,7 : 0.3808"
"7,45 : 0.5346"
"45,7 : 0.5346"
"7,46 : 0.4653"
"46,7 : 0.4653"
"7,47 : 0.6673"
"47,7 : 0.6673"
"7,48 : 0.2823"
"48,7 : 0.2823"
"7,49 : 0.5189"
"49,7 : 0.5189"
"7,50 : 0.5061"
"50,7 : 0.5061"
"7,51 : 0.4924"
"51,7 : 0.4924"
"7,52 : 0.4561"
"52,7 : 0.4561"
"7,53 : 0.2693"
"53,7 : 0.2693"
"7,54 : 0.5714"
"54,7 : 0.5714"
"7,55 : 0.2302"
"55,7 : 0.2302"
"7,56 : 0.2617"
"56,7 : 0.2617"
"7,57 : 0.3801"
"57,7 : 0.3801"
"7,58 : 0.451"
"58,7 : 0.451"
"7,59 : 0.313"
"59,7 : 0.313"
"7,60 : 0.3397"
"60,7 : 0.3397"
"7,61 : 0.4522"
"61,7 : 0.4522"
"7,62 : 0.0762"
"62,7 : 0.0762"
"7,63 : 0.386"
"63,7 : 0.386"
"7,64 : 0.5826"
"64,7 : 0.5826"
"7,65 : 0.4305"
"65,7 : 0.4305"
"7,66 : 0.566"
"66,7 : 0.566"
"7,67 : 0.55"
"67,7 : 0.55"
"7,68 : 0.3734"
"68,7 : 0.3734"
"7,69 : 0.0608"
"69,7 : 0.0608"
"7,70 : 0.18"
"70,7 : 0.18"
"7,71 : 0.6001"
"71,7 : 0.6001"
"7,72 : 0.4519"
"72,7 : 0.4519"
"7,73 : 0.3401"
"73,7 : 0.3401"
"7,74 : 0.3581"
"74,7 : 0.3581"
"7,75 : 0.5936"
"75,7 : 0.5936"
"7,76 : 0.3705"
"76,7 : 0.3705"
"7,77 : 0.4123"
"77,7 : 0.4123"
"7,78 : 0.114"
"78,7 : 0.114"
"7,79 : 0.1649"
"79,7 : 0.1649"
"7,80 : 0.0316"
"80,7 : 0.0316"
"7,81 : 0.612"
"81,7 : 0.612"
"7,82 : 0.3314"
"82,7 : 0.3314"
"7,83 : 0.735"
"83,7 : 0.735"
"7,84 : 0.3373"
"84,7 : 0.3373"
"7,85 : 0.5532"
"85,7 : 0.5532"
"7,86 : 0.2062"
"86,7 : 0.2062"
"7,87 : 0.3195"
"87,7 : 0.3195"
"7,88 : 0.1304"
"88,7 : 0.1304"
"7,89 : 0.6261"
"89,7 : 0.6261"
"7,90 : 0.5728"
"90,7 : 0.5728"
"7,91 : 0.2816"
"91,7 : 0.2816"
"7,92 : 0.4924"
"92,7 : 0.4924"
"7,93 : 0.6107"
"93,7 : 0.6107"
"7,94 : 0.4883"
"94,7 : 0.4883"
"7,95 : 0.2377"
"95,7 : 0.2377"
"7,96 : 0.6665"
"96,7 : 0.6665"
"7,97 : 0.644"
"97,7 : 0.644"
"7,98 : 0.5061"
"98,7 : 0.5061"
"7,99 : 0.7903"
"99,7 : 0.7903"
"8,9 : 0.06"
"9,8 : 0.06"
"8,10 : 0.2402"
"10,8 : 0.2402"
"8,11 : 0.5852"
"11,8 : 0.5852"
"8,12 : 0.386"
"12,8 : 0.386"
"8,13 : 0.1844"
"13,8 : 0.1844"
"8,14 : 0.6003"
"14,8 : 0.6003"
"8,15 : 0.3124"
"15,8 : 0.3124"
"8,16 : 0.3962"
"16,8 : 0.3962"
"8,17 : 0.4"
"17,8 : 0.4"
"8,18 : 0.3081"
"18,8 : 0.3081"
"8,19 : 0.1879"
"19,8 : 0.1879"
"8,20 : 0.3551"
"20,8 : 0.3551"
"8,21 : 0.3956"
"21,8 : 0.3956"
"8,22 : 0.6512"
"22,8 : 0.6512"
"8,23 : 0.5166"
"23,8 : 0.5166"
"8,24 : 0.3183"
"24,8 : 0.3183"
"8,25 : 0.3467"
"25,8 : 0.3467"
"8,26 : 0.7648"
"26,8 : 0.7648"
"8,27 : 0.2419"
"27,8 : 0.2419"
"8,28 : 0.2912"
"28,8 : 0.2912"
"8,29 : 0.405"
"29,8 : 0.405"
"8,30 : 0.2886"
"30,8 : 0.2886"
"8,31 : 0.9052"
"31,8 : 0.9052"
"8,32 : 0.4438"
"32,8 : 0.4438"
"8,33 : 0.4682"
"33,8 : 0.4682"
"8,34 : 0.3672"
"34,8 : 0.3672"
"8,35 : 0.5597"
"35,8 : 0.5597"
"8,36 : 0.7642"
"36,8 : 0.7642"
"8,37 : 0.4252"
"37,8 : 0.4252"
"8,38 : 0.2766"
"38,8 : 0.2766"
"8,39 : 0.5523"
"39,8 : 0.5523"
"8,40 : 0.5471"
"40,8 : 0.5471"
"8,41 : 0.3413"
"41,8 : 0.3413"
"8,42 : 0.1044"
"42,8 : 0.1044"
"8,43 : 0.6747"
"43,8 : 0.6747"
"8,44 : 0.7829"
"44,8 : 0.7829"
"8,45 : 0.3023"
"45,8 : 0.3023"
"8,46 : 0.8273"
"46,8 : 0.8273"
"8,47 : 0.5554"
"47,8 : 0.5554"
"8,48 : 0.4768"
"48,8 : 0.4768"
"8,49 : 0.6485"
"49,8 : 0.6485"
"8,50 : 0.2256"
"50,8 : 0.2256"
"8,51 : 0.6217"
"51,8 : 0.6217"
"8,52 : 0.3105"
"52,8 : 0.3105"
"8,53 : 0.3454"
"53,8 : 0.3454"
"8,54 : 0.9405"
"54,8 : 0.9405"
"8,55 : 0.6198"
"55,8 : 0.6198"
"8,56 : 0.588"
"56,8 : 0.588"
"8,57 : 0.1712"
"57,8 : 0.1712"
"8,58 : 0.7409"
"58,8 : 0.7409"
"8,59 : 0.6794"
"59,8 : 0.6794"
"8,60 : 0.1476"
"60,8 : 0.1476"
"8,61 : 0.3276"
"61,8 : 0.3276"
"8,62 : 0.4052"
"62,8 : 0.4052"
"8,63 : 0.2902"
"63,8 : 0.2902"
"8,64 : 0.6301"
"64,8 : 0.6301"
"8,65 : 0.236"
"65,8 : 0.236"
"8,66 : 0.6627"
"66,8 : 0.6627"
"8,67 : 0.17"
"67,8 : 0.17"
"8,68 : 0.1304"
"68,8 : 0.1304"
"8,69 : 0.3551"
"69,8 : 0.3551"
"8,70 : 0.36"
"70,8 : 0.36"
"8,71 : 0.2941"
"71,8 : 0.2941"
"8,72 : 0.5962"
"72,8 : 0.5962"
"8,73 : 0.6268"
"73,8 : 0.6268"
"8,74 : 0.7388"
"74,8 : 0.7388"
"8,75 : 0.3225"
"75,8 : 0.3225"
"8,76 : 0.4249"
"76,8 : 0.4249"
"8,77 : 0.0894"
"77,8 : 0.0894"
"8,78 : 0.2915"
"78,8 : 0.2915"
"8,79 : 0.2441"
"79,8 : 0.2441"
"8,80 : 0.3712"
"80,8 : 0.3712"
"8,81 : 0.3397"
"81,8 : 0.3397"
"8,82 : 0.3625"
"82,8 : 0.3625"
"8,83 : 0.6408"
"83,8 : 0.6408"
"8,84 : 0.6671"
"84,8 : 0.6671"
"8,85 : 0.24"
"85,8 : 0.24"
"8,86 : 0.6054"
"86,8 : 0.6054"
"8,87 : 0.2961"
"87,8 : 0.2961"
"8,88 : 0.4827"
"88,8 : 0.4827"
"8,89 : 0.5016"
"89,8 : 0.5016"
"8,90 : 0.2256"
"90,8 : 0.2256"
"8,91 : 0.4026"
"91,8 : 0.4026"
"8,92 : 0.65"
"92,8 : 0.65"
"8,93 : 0.3265"
"93,8 : 0.3265"
"8,94 : 0.5855"
"94,8 : 0.5855"
"8,95 : 0.6398"
"95,8 : 0.6398"
"8,96 : 0.5413"
"96,8 : 0.5413"
"8,97 : 0.5099"
"97,8 : 0.5099"
"8,98 : 0.1063"
"98,8 : 0.1063"
"8,99 : 0.4046"
"99,8 : 0.4046"
"9,10 : 0.1803"
"10,9 : 0.1803"
"9,11 : 0.5547"
"11,9 : 0.5547"
"9,12 : 0.3397"
"12,9 : 0.3397"
"9,13 : 0.1265"
"13,9 : 0.1265"
"9,14 : 0.5404"
"14,9 : 0.5404"
"9,15 : 0.3538"
"15,9 : 0.3538"
"9,16 : 0.3373"
"16,9 : 0.3373"
"9,17 : 0.3538"
"17,9 : 0.3538"
"9,18 : 0.2773"
"18,9 : 0.2773"
"9,19 : 0.1712"
"19,9 : 0.1712"
"9,20 : 0.2961"
"20,9 : 0.2961"
"9,21 : 0.3401"
"21,9 : 0.3401"
"9,22 : 0.6122"
"22,9 : 0.6122"
"9,23 : 0.4742"
"23,9 : 0.4742"
"9,24 : 0.3624"
"24,9 : 0.3624"
"9,25 : 0.3178"
"25,9 : 0.3178"
"9,26 : 0.712"
"26,9 : 0.712"
"9,27 : 0.1825"
"27,9 : 0.1825"
"9,28 : 0.2341"
"28,9 : 0.2341"
"9,29 : 0.3493"
"29,9 : 0.3493"
"9,30 : 0.2309"
"30,9 : 0.2309"
"9,31 : 0.8645"
"31,9 : 0.8645"
"9,32 : 0.386"
"32,9 : 0.386"
"9,33 : 0.4123"
"33,9 : 0.4123"
"9,34 : 0.4"
"34,9 : 0.4"
"9,35 : 0.5162"
"35,9 : 0.5162"
"9,36 : 0.7214"
"36,9 : 0.7214"
"9,37 : 0.3883"
"37,9 : 0.3883"
"9,38 : 0.3245"
"38,9 : 0.3245"
"9,39 : 0.514"
"39,9 : 0.514"
"9,40 : 0.4965"
"40,9 : 0.4965"
"9,41 : 0.2921"
"41,9 : 0.2921"
"9,42 : 0.1345"
"42,9 : 0.1345"
"9,43 : 0.6648"
"43,9 : 0.6648"
"9,44 : 0.7306"
"44,9 : 0.7306"
"9,45 : 0.3397"
"45,9 : 0.3397"
"9,46 : 0.7864"
"46,9 : 0.7864"
"9,47 : 0.5818"
"47,9 : 0.5818"
"9,48 : 0.4177"
"48,9 : 0.4177"
"9,49 : 0.5954"
"49,9 : 0.5954"
"9,50 : 0.2202"
"50,9 : 0.2202"
"9,51 : 0.5682"
"51,9 : 0.5682"
"9,52 : 0.3311"
"52,9 : 0.3311"
"9,53 : 0.3276"
"53,9 : 0.3276"
"9,54 : 0.8987"
"54,9 : 0.8987"
"9,55 : 0.563"
"55,9 : 0.563"
"9,56 : 0.55"
"56,9 : 0.55"
"9,57 : 0.1879"
"57,9 : 0.1879"
"9,58 : 0.7112"
"58,9 : 0.7112"
"9,59 : 0.6366"
"59,9 : 0.6366"
"9,60 : 0.099"
"60,9 : 0.099"
"9,61 : 0.3454"
"61,9 : 0.3454"
"9,62 : 0.3479"
"62,9 : 0.3479"
"9,63 : 0.2983"
"63,9 : 0.2983"
"9,64 : 0.6339"
"64,9 : 0.6339"
"9,65 : 0.2062"
"65,9 : 0.2062"
"9,66 : 0.66"
"66,9 : 0.66"
"9,67 : 0.2052"
"67,9 : 0.2052"
"9,68 : 0.1476"
"68,9 : 0.1476"
"9,69 : 0.3061"
"69,9 : 0.3061"
"9,70 : 0.3"
"70,9 : 0.3"
"9,71 : 0.3448"
"71,9 : 0.3448"
"9,72 : 0.5413"
"72,9 : 0.5413"
"9,73 : 0.5954"
"73,9 : 0.5954"
"9,74 : 0.6935"
"74,9 : 0.6935"
"9,75 : 0.3206"
"75,9 : 0.3206"
"9,76 : 0.3722"
"76,9 : 0.3722"
"9,77 : 0.0825"
"77,9 : 0.0825"
"9,78 : 0.2371"
"78,9 : 0.2371"
"9,79 : 0.198"
"79,9 : 0.198"
"9,80 : 0.3191"
"80,9 : 0.3191"
"9,81 : 0.386"
"81,9 : 0.386"
"9,82 : 0.3089"
"82,9 : 0.3089"
"9,83 : 0.6665"
"83,9 : 0.6665"
"9,84 : 0.6301"
"84,9 : 0.6301"
"9,85 : 0.2474"
"85,9 : 0.2474"
"9,86 : 0.5504"
"86,9 : 0.5504"
"9,87 : 0.29"
"87,9 : 0.29"
"9,88 : 0.4384"
"88,9 : 0.4384"
"9,89 : 0.5284"
"89,9 : 0.5284"
"9,90 : 0.246"
"90,9 : 0.246"
"9,91 : 0.3448"
"91,9 : 0.3448"
"9,92 : 0.6379"
"92,9 : 0.6379"
"9,93 : 0.3744"
"93,9 : 0.3744"
"9,94 : 0.5803"
"94,9 : 0.5803"
"9,95 : 0.5859"
"95,9 : 0.5859"
"9,96 : 0.5694"
"96,9 : 0.5694"
"9,97 : 0.5385"
"97,9 : 0.5385"
"9,98 : 0.1565"
"98,9 : 0.1565"
"9,99 : 0.4455"
"99,9 : 0.4455"
"10,11 : 0.5064"
"11,10 : 0.5064"
"10,12 : 0.25"
"12,10 : 0.25"
"10,13 : 0.0671"
"13,10 : 0.0671"
"10,14 : 0.3612"
"14,10 : 0.3612"
"10,15 : 0.4965"
"15,10 : 0.4965"
"10,16 : 0.1616"
"16,10 : 0.1616"
"10,17 : 0.2625"
"17,10 : 0.2625"
"10,18 : 0.2474"
"18,10 : 0.2474"
"10,19 : 0.2263"
"19,10 : 0.2263"
"10,20 : 0.1304"
"20,10 : 0.1304"
"10,21 : 0.1838"
"21,10 : 0.1838"
"10,22 : 0.5292"
"22,10 : 0.5292"
"10,23 : 0.3863"
"23,10 : 0.3863"
"10,24 : 0.5099"
"24,10 : 0.5099"
"10,25 : 0.2844"
"25,10 : 0.2844"
"10,26 : 0.5685"
"26,10 : 0.5685"
"10,27 : 0.04"
"27,10 : 0.04"
"10,28 : 0.0806"
"28,10 : 0.0806"
"10,29 : 0.2052"
"29,10 : 0.2052"
"10,30 : 0.0894"
"30,10 : 0.0894"
"10,31 : 0.7666"
"31,10 : 0.7666"
"10,32 : 0.2247"
"32,10 : 0.2247"
"10,33 : 0.25"
"33,10 : 0.25"
"10,34 : 0.5341"
"34,10 : 0.5341"
"10,35 : 0.4205"
"35,10 : 0.4205"
"10,36 : 0.6191"
"36,10 : 0.6191"
"10,37 : 0.3126"
"37,10 : 0.3126"
"10,38 : 0.4885"
"38,10 : 0.4885"
"10,39 : 0.4397"
"39,10 : 0.4397"
"10,40 : 0.3701"
"40,10 : 0.3701"
"10,41 : 0.1965"
"41,10 : 0.1965"
"10,42 : 0.2846"
"42,10 : 0.2846"
"10,43 : 0.6774"
"43,10 : 0.6774"
"10,44 : 0.589"
"44,10 : 0.589"
"10,45 : 0.4855"
"45,10 : 0.4855"
"10,46 : 0.6896"
"46,10 : 0.6896"
"10,47 : 0.6943"
"47,10 : 0.6943"
"10,48 : 0.2404"
"48,10 : 0.2404"
"10,49 : 0.4405"
"49,10 : 0.4405"
"10,50 : 0.2832"
"50,10 : 0.2832"
"10,51 : 0.4123"
"51,10 : 0.4123"
"10,52 : 0.4455"
"52,10 : 0.4455"
"10,53 : 0.3479"
"53,10 : 0.3479"
"10,54 : 0.7961"
"54,10 : 0.7961"
"10,55 : 0.4031"
"55,10 : 0.4031"
"10,56 : 0.4743"
"56,10 : 0.4743"
"10,57 : 0.3162"
"57,10 : 0.3162"
"10,58 : 0.6573"
"58,10 : 0.6573"
"10,59 : 0.5371"
"59,10 : 0.5371"
"10,60 : 0.1253"
"60,10 : 0.1253"
"10,61 : 0.4528"
"61,10 : 0.4528"
"10,62 : 0.1921"
"62,10 : 0.1921"
"10,63 : 0.3905"
"63,10 : 0.3905"
"10,64 : 0.6871"
"64,10 : 0.6871"
"10,65 : 0.2059"
"65,10 : 0.2059"
"10,66 : 0.6938"
"66,10 : 0.6938"
"10,67 : 0.3493"
"67,10 : 0.3493"
"10,68 : 0.2865"
"68,10 : 0.2865"
"10,69 : 0.2088"
"69,10 : 0.2088"
"10,70 : 0.1204"
"70,10 : 0.1204"
"10,71 : 0.5126"
"71,10 : 0.5126"
"10,72 : 0.3801"
"72,10 : 0.3801"
"10,73 : 0.5413"
"73,10 : 0.5413"
"10,74 : 0.5825"
"74,10 : 0.5825"
"10,75 : 0.3689"
"75,10 : 0.3689"
"10,76 : 0.228"
"76,10 : 0.228"
"10,77 : 0.2119"
"77,10 : 0.2119"
"10,78 : 0.1237"
"78,10 : 0.1237"
"10,79 : 0.1552"
"79,10 : 0.1552"
"10,80 : 0.2012"
"80,10 : 0.2012"
"10,81 : 0.5456"
"81,10 : 0.5456"
"10,82 : 0.1664"
"82,10 : 0.1664"
"10,83 : 0.7747"
"83,10 : 0.7747"
"10,84 : 0.5536"
"84,10 : 0.5536"
"10,85 : 0.3324"
"85,10 : 0.3324"
"10,86 : 0.4"
"86,10 : 0.4"
"10,87 : 0.3499"
"87,10 : 0.3499"
"10,88 : 0.3454"
"88,10 : 0.3454"
"10,89 : 0.6438"
"89,10 : 0.6438"
"10,90 : 0.3581"
"90,10 : 0.3581"
"10,91 : 0.1749"
"91,10 : 0.1749"
"10,92 : 0.645"
"92,10 : 0.645"
"10,93 : 0.5371"
"93,10 : 0.5371"
"10,94 : 0.6113"
"94,10 : 0.6113"
"10,95 : 0.4405"
"95,10 : 0.4405"
"10,96 : 0.6862"
"96,10 : 0.6862"
"10,97 : 0.6576"
"97,10 : 0.6576"
"10,98 : 0.3256"
"98,10 : 0.3256"
"10,99 : 0.5831"
"99,10 : 0.5831"
"11,12 : 0.2602"
"12,11 : 0.2602"
"11,13 : 0.5482"
"13,11 : 0.5482"
"11,14 : 0.5471"
"14,11 : 0.5471"
"11,15 : 0.8963"
"15,11 : 0.8963"
"11,16 : 0.5644"
"16,11 : 0.5644"
"11,17 : 0.25"
"17,11 : 0.25"
"11,18 : 0.7531"
"18,11 : 0.7531"
"11,19 : 0.7023"
"19,11 : 0.7023"
"11,20 : 0.431"
"20,11 : 0.431"
"11,21 : 0.632"
"21,11 : 0.632"
"11,22 : 0.1204"
"22,11 : 0.1204"
"11,23 : 0.1523"
"23,11 : 0.1523"
"11,24 : 0.9"
"24,11 : 0.9"
"11,25 : 0.7908"
"25,11 : 0.7908"
"11,26 : 0.3863"
"26,11 : 0.3863"
"11,27 : 0.4669"
"27,11 : 0.4669"
"11,28 : 0.5714"
"28,11 : 0.5714"
"11,29 : 0.3551"
"29,11 : 0.3551"
"11,30 : 0.4219"
"30,11 : 0.4219"
"11,31 : 0.3489"
"31,11 : 0.3489"
"11,32 : 0.3956"
"32,11 : 0.3956"
"11,33 : 0.661"
"33,11 : 0.661"
"11,34 : 0.5281"
"34,11 : 0.5281"
"11,35 : 0.1562"
"35,11 : 0.1562"
"11,36 : 0.2419"
"36,11 : 0.2419"
"11,37 : 0.811"
"37,11 : 0.811"
"11,38 : 0.614"
"38,11 : 0.614"
"11,39 : 0.0943"
"39,11 : 0.0943"
"11,40 : 0.2581"
"40,11 : 0.2581"
"11,41 : 0.3114"
"41,11 : 0.3114"
"11,42 : 0.686"
"42,11 : 0.686"
"11,43 : 0.2476"
"43,11 : 0.2476"
"11,44 : 0.389"
"44,11 : 0.389"
"11,45 : 0.5456"
"45,11 : 0.5456"
"11,46 : 0.2786"
"46,11 : 0.2786"
"11,47 : 0.5404"
"47,11 : 0.5404"
"11,48 : 0.5894"
"48,11 : 0.5894"
"11,49 : 0.8222"
"49,11 : 0.8222"
"11,50 : 0.7596"
"50,11 : 0.7596"
"11,51 : 0.797"
"51,11 : 0.797"
"11,52 : 0.4428"
"52,11 : 0.4428"
"11,53 : 0.255"
"53,11 : 0.255"
"11,54 : 0.3891"
"54,11 : 0.3891"
"11,55 : 0.4036"
"55,11 : 0.4036"
"11,56 : 0.086"
"56,11 : 0.086"
"11,57 : 0.4669"
"57,11 : 0.4669"
"11,58 : 0.1565"
"58,11 : 0.1565"
"11,59 : 0.1825"
"59,11 : 0.1825"
"11,60 : 0.5914"
"60,11 : 0.5914"
"11,61 : 0.4254"
"61,11 : 0.4254"
"11,62 : 0.3864"
"62,11 : 0.3864"
"11,63 : 0.3859"
"63,11 : 0.3859"
"11,64 : 0.3585"
"64,11 : 0.3585"
"11,65 : 0.7034"
"65,11 : 0.7034"
"11,66 : 0.3106"
"66,11 : 0.3106"
"11,67 : 0.7547"
"67,11 : 0.7547"
"11,68 : 0.4884"
"68,11 : 0.4884"
"11,69 : 0.3007"
"69,11 : 0.3007"
"11,70 : 0.4916"
"70,11 : 0.4916"
"11,71 : 0.645"
"71,11 : 0.645"
"11,72 : 0.7558"
"72,11 : 0.7558"
"11,73 : 0.0424"
"73,11 : 0.0424"
"11,74 : 0.2508"
"74,11 : 0.2508"
"11,75 : 0.857"
"75,11 : 0.857"
"11,76 : 0.6826"
"76,11 : 0.6826"
"11,77 : 0.6351"
"77,11 : 0.6351"
"11,78 : 0.3833"
"78,11 : 0.3833"
"11,79 : 0.37"
"79,11 : 0.37"
"11,80 : 0.3202"
"80,11 : 0.3202"
"11,81 : 0.6265"
"81,11 : 0.6265"
"11,82 : 0.6401"
"82,11 : 0.6401"
"11,83 : 0.5787"
"83,11 : 0.5787"
"11,84 : 0.1118"
"84,11 : 0.1118"
"11,85 : 0.7971"
"85,11 : 0.7971"
"11,86 : 0.3538"
"86,11 : 0.3538"
"11,87 : 0.328"
"87,11 : 0.328"
"11,88 : 0.1868"
"88,11 : 0.1868"
"11,89 : 0.5209"
"89,11 : 0.5209"
"11,90 : 0.8006"
"90,11 : 0.8006"
"11,91 : 0.5941"
"91,11 : 0.5941"
"11,92 : 0.2126"
"92,11 : 0.2126"
"11,93 : 0.6351"
"93,11 : 0.6351"
"11,94 : 0.2563"
"94,11 : 0.2563"
"11,95 : 0.3406"
"95,11 : 0.3406"
"11,96 : 0.55"
"96,11 : 0.55"
"11,97 : 0.5408"
"97,11 : 0.5408"
"11,98 : 0.6882"
"98,11 : 0.6882"
"11,99 : 0.9881"
"99,11 : 0.9881"
"12,13 : 0.2997"
"13,12 : 0.2997"
"12,14 : 0.3581"
"14,12 : 0.3581"
"12,15 : 0.6935"
"15,12 : 0.6935"
"12,16 : 0.3105"
"16,12 : 0.3105"
"12,17 : 0.0141"
"17,12 : 0.0141"
"12,18 : 0.4973"
"18,12 : 0.4973"
"12,19 : 0.4614"
"19,12 : 0.4614"
"12,20 : 0.1746"
"20,12 : 0.1746"
"12,21 : 0.3748"
"21,12 : 0.3748"
"12,22 : 0.2818"
"22,12 : 0.2818"
"12,23 : 0.1389"
"23,12 : 0.1389"
"12,24 : 0.7018"
"24,12 : 0.7018"
"12,25 : 0.5337"
"25,12 : 0.5337"
"12,26 : 0.389"
"26,12 : 0.389"
"12,27 : 0.2119"
"27,12 : 0.2119"
"12,28 : 0.3114"
"28,12 : 0.3114"
"12,29 : 0.114"
"29,12 : 0.114"
"12,30 : 0.1628"
"30,12 : 0.1628"
"12,31 : 0.528"
"31,12 : 0.528"
"12,32 : 0.1697"
"32,12 : 0.1697"
"12,33 : 0.4111"
"33,12 : 0.4111"
"12,34 : 0.4982"
"34,12 : 0.4982"
"12,35 : 0.178"
"35,12 : 0.178"
"12,36 : 0.3829"
"36,12 : 0.3829"
"12,37 : 0.5508"
"37,12 : 0.5508"
"12,38 : 0.5224"
"38,12 : 0.5224"
"12,39 : 0.1897"
"39,12 : 0.1897"
"12,40 : 0.1676"
"40,12 : 0.1676"
"12,41 : 0.0539"
"41,12 : 0.0539"
"12,42 : 0.4738"
"42,12 : 0.4738"
"12,43 : 0.4624"
"43,12 : 0.4624"
"12,44 : 0.405"
"44,12 : 0.405"
"12,45 : 0.4804"
"45,12 : 0.4804"
"12,46 : 0.45"
"46,12 : 0.45"
"12,47 : 0.5994"
"47,12 : 0.5994"
"12,48 : 0.3489"
"48,12 : 0.3489"
"12,49 : 0.5859"
"49,12 : 0.5859"
"12,50 : 0.5197"
"50,12 : 0.5197"
"12,51 : 0.559"
"51,12 : 0.559"
"12,52 : 0.3962"
"52,12 : 0.3962"
"12,53 : 0.2012"
"53,12 : 0.2012"
"12,54 : 0.5608"
"54,12 : 0.5608"
"12,55 : 0.2828"
"55,12 : 0.2828"
"12,56 : 0.2247"
"56,12 : 0.2247"
"12,57 : 0.3354"
"57,12 : 0.3354"
"12,58 : 0.4079"
"58,12 : 0.4079"
"12,59 : 0.2983"
"59,12 : 0.2983"
"12,60 : 0.3499"
"60,12 : 0.3499"
"12,61 : 0.3905"
"61,12 : 0.3905"
"12,62 : 0.1442"
"62,12 : 0.1442"
"12,63 : 0.3256"
"63,12 : 0.3256"
"12,64 : 0.5122"
"64,12 : 0.5122"
"12,65 : 0.4531"
"65,12 : 0.4531"
"12,66 : 0.4974"
"66,12 : 0.4974"
"12,67 : 0.5445"
"67,12 : 0.5445"
"12,68 : 0.3353"
"68,12 : 0.3353"
"12,69 : 0.0412"
"69,12 : 0.0412"
"12,70 : 0.2354"
"70,12 : 0.2354"
"12,71 : 0.5533"
"71,12 : 0.5533"
"12,72 : 0.5188"
"72,12 : 0.5188"
"12,73 : 0.2927"
"73,12 : 0.2927"
"12,74 : 0.3538"
"74,12 : 0.3538"
"12,75 : 0.6127"
"75,12 : 0.6127"
"12,76 : 0.4258"
"76,12 : 0.4258"
"12,77 : 0.4111"
"77,12 : 0.4111"
"12,78 : 0.1265"
"78,12 : 0.1265"
"12,79 : 0.1421"
"79,12 : 0.1421"
"12,80 : 0.0632"
"80,12 : 0.0632"
"12,81 : 0.56"
"81,12 : 0.56"
"12,82 : 0.3805"
"82,12 : 0.3805"
"12,83 : 0.6657"
"83,12 : 0.6657"
"12,84 : 0.3046"
"84,12 : 0.3046"
"12,85 : 0.563"
"85,12 : 0.563"
"12,86 : 0.25"
"86,12 : 0.25"
"12,87 : 0.2571"
"87,12 : 0.2571"
"12,88 : 0.1"
"88,12 : 0.1"
"12,89 : 0.5595"
"89,12 : 0.5595"
"12,90 : 0.5763"
"90,12 : 0.5763"
"12,91 : 0.3396"
"91,12 : 0.3396"
"12,92 : 0.4272"
"92,12 : 0.4272"
"12,93 : 0.5604"
"93,12 : 0.5604"
"12,94 : 0.4188"
"94,12 : 0.4188"
"12,95 : 0.2729"
"95,12 : 0.2729"
"12,96 : 0.5993"
"96,12 : 0.5993"
"12,97 : 0.5778"
"97,12 : 0.5778"
"12,98 : 0.492"
"98,12 : 0.492"
"12,99 : 0.7852"
"99,12 : 0.7852"
"13,14 : 0.4243"
"14,13 : 0.4243"
"13,15 : 0.4294"
"15,13 : 0.4294"
"13,16 : 0.2121"
"16,13 : 0.2121"
"13,17 : 0.313"
"17,13 : 0.313"
"13,18 : 0.21"
"18,13 : 0.21"
"13,19 : 0.164"
"19,13 : 0.164"
"13,20 : 0.1972"
"20,13 : 0.1972"
"13,21 : 0.2147"
"21,13 : 0.2147"
"13,22 : 0.5814"
"22,13 : 0.5814"
