x,y
0.34,0.96
0.81,0.4
0.96,0.98
0.16,0.75
0.37,0.21
0.71,0.78
0.84,0.52
0.27,0.92
0.86,0.25
0.5,0.48
0.3,0.8
0.61,0.65
0.54,0.95
0.56,0.94
0.11,0.4
0.85,0.72
0.68,0.35
0.84,0.05
0.02,0.11
0.12,0.6
0.46,0.52
0.89,0.49
0.09,0.12
0.39,0.38
0.77,0.78
0.41,0.07
0.51,0.3
0.1,0.27
0.02,0.34
0.54,0.77
0.73,0.14
0.34,0.62
0.45,0.99
0.72,0.48
0.02,0.2
0.77,0.91
0.63,0.94
0.14,0.4
0.62,0.61
0.33,0.33
0.18,0.15
0.01,0.82
0.63,0.09
0.13,0.31
0.33,0.68
0.94,0.54
0.8,0.43
0.47,0.15
0.54,0.23
0.87,0.94
0.78,0.07
0.63,0.87
0.55,0.99
0.44,0.73
0.3,0.42
0.13,0.15
0.38,0.3
0.95,0.46
0.64,0.43
0.92,0.9
0.64,0.1
0.96,0.7
0.13,0.12
0.63,0.58
0.96,0.74
0.91,0.88
0.59,0.67
0.69,0.96
0.25,0.88
0.33,0.54
0.01,0.7
0.8,0.53
0.07,0.19
0.13,0.96
0.42,0.0
0.87,0.25
0.33,0.92
1.0,0.05
0.19,0.99
0.38,0.84
0.62,0.17
0.69,0.92
0.03,0.88
0.94,0.07
0.11,0.87
0.66,0.09
0.64,0.6
0.65,1.0
0.95,0.36
0.31,0.12
0.43,0.25
0.32,0.64
0.88,0.98
0.99,0.11
0.8,0.27
0.12,0.89
0.21,0.65
0.7,0.34
0.92,0.56
0.17,0.09

Distanze
"0,1 : 0.7311"
"1,0 : 0.7311"
"0,2 : 0.6203"
"2,0 : 0.6203"
"0,3 : 0.2766"
"3,0 : 0.2766"
"0,4 : 0.7506"
"4,0 : 0.7506"
"0,5 : 0.4115"
"5,0 : 0.4115"
"0,6 : 0.666"
"6,0 : 0.666"
"0,7 : 0.0806"
"7,0 : 0.0806"
"0,8 : 0.8801"
"8,0 : 0.8801"
"0,9 : 0.506"
"9,0 : 0.506"
"0,10 : 0.1649"
"10,0 : 0.1649"
"0,11 : 0.4111"
"11,0 : 0.4111"
"0,12 : 0.2002"
"12,0 : 0.2002"
"0,13 : 0.2209"
"13,0 : 0.2209"
"0,14 : 0.6054"
"14,0 : 0.6054"
"0,15 : 0.5636"
"15,0 : 0.5636"
"0,16 : 0.6984"
"16,0 : 0.6984"
"0,17 : 1.0383"
"17,0 : 1.0383"
"0,18 : 0.9082"
"18,0 : 0.9082"
"0,19 : 0.4219"
"19,0 : 0.4219"
"0,20 : 0.4561"
"20,0 : 0.4561"
"0,21 : 0.7235"
"21,0 : 0.7235"
"0,22 : 0.8764"
"22,0 : 0.8764"
"0,23 : 0.5822"
"23,0 : 0.5822"
"0,24 : 0.4662"
"24,0 : 0.4662"
"0,25 : 0.8927"
"25,0 : 0.8927"
"0,26 : 0.6815"
"26,0 : 0.6815"
"0,27 : 0.7305"
"27,0 : 0.7305"
"0,28 : 0.6977"
"28,0 : 0.6977"
"0,29 : 0.2759"
"29,0 : 0.2759"
"0,30 : 0.908"
"30,0 : 0.908"
"0,31 : 0.34"
"31,0 : 0.34"
"0,32 : 0.114"
"32,0 : 0.114"
"0,33 : 0.6122"
"33,0 : 0.6122"
"0,34 : 0.8246"
"34,0 : 0.8246"
"0,35 : 0.4329"
"35,0 : 0.4329"
"0,36 : 0.2907"
"36,0 : 0.2907"
"0,37 : 0.5946"
"37,0 : 0.5946"
"0,38 : 0.4482"
"38,0 : 0.4482"
"0,39 : 0.6301"
"39,0 : 0.6301"
"0,40 : 0.8257"
"40,0 : 0.8257"
"0,41 : 0.3585"
"41,0 : 0.3585"
"0,42 : 0.9171"
"42,0 : 0.9171"
"0,43 : 0.6831"
"43,0 : 0.6831"
"0,44 : 0.2802"
"44,0 : 0.2802"
"0,45 : 0.7324"
"45,0 : 0.7324"
"0,46 : 0.7018"
"46,0 : 0.7018"
"0,47 : 0.8204"
"47,0 : 0.8204"
"0,48 : 0.7569"
"48,0 : 0.7569"
"0,49 : 0.5304"
"49,0 : 0.5304"
"0,50 : 0.9928"
"50,0 : 0.9928"
"0,51 : 0.3036"
"51,0 : 0.3036"
"0,52 : 0.2121"
"52,0 : 0.2121"
"0,53 : 0.2508"
"53,0 : 0.2508"
"0,54 : 0.5415"
"54,0 : 0.5415"
"0,55 : 0.8368"
"55,0 : 0.8368"
"0,56 : 0.6612"
"56,0 : 0.6612"
"0,57 : 0.7887"
"57,0 : 0.7887"
"0,58 : 0.609"
"58,0 : 0.609"
"0,59 : 0.5831"
"59,0 : 0.5831"
"0,60 : 0.9108"
"60,0 : 0.9108"
"0,61 : 0.6723"
"61,0 : 0.6723"
"0,62 : 0.8659"
"62,0 : 0.8659"
"0,63 : 0.478"
"63,0 : 0.478"
"0,64 : 0.6579"
"64,0 : 0.6579"
"0,65 : 0.5756"
"65,0 : 0.5756"
"0,66 : 0.3829"
"66,0 : 0.3829"
"0,67 : 0.35"
"67,0 : 0.35"
"0,68 : 0.1204"
"68,0 : 0.1204"
"0,69 : 0.4201"
"69,0 : 0.4201"
"0,70 : 0.4201"
"70,0 : 0.4201"
"0,71 : 0.6297"
"71,0 : 0.6297"
"0,72 : 0.816"
"72,0 : 0.816"
"0,73 : 0.21"
"73,0 : 0.21"
"0,74 : 0.9633"
"74,0 : 0.9633"
"0,75 : 0.886"
"75,0 : 0.886"
"0,76 : 0.0412"
"76,0 : 0.0412"
"0,77 : 1.1241"
"77,0 : 1.1241"
"0,78 : 0.153"
"78,0 : 0.153"
"0,79 : 0.1265"
"79,0 : 0.1265"
"0,80 : 0.8382"
"80,0 : 0.8382"
"0,81 : 0.3523"
"81,0 : 0.3523"
"0,82 : 0.3202"
"82,0 : 0.3202"
"0,83 : 1.0734"
"83,0 : 1.0734"
"0,84 : 0.247"
"84,0 : 0.247"
"0,85 : 0.927"
"85,0 : 0.927"
"0,86 : 0.4686"
"86,0 : 0.4686"
"0,87 : 0.3126"
"87,0 : 0.3126"
"0,88 : 0.8556"
"88,0 : 0.8556"
"0,89 : 0.8405"
"89,0 : 0.8405"
"0,90 : 0.7157"
"90,0 : 0.7157"
"0,91 : 0.3206"
"91,0 : 0.3206"
"0,92 : 0.5404"
"92,0 : 0.5404"
"0,93 : 1.07"
"93,0 : 1.07"
"0,94 : 0.8293"
"94,0 : 0.8293"
"0,95 : 0.2309"
"95,0 : 0.2309"
"0,96 : 0.3362"
"96,0 : 0.3362"
"0,97 : 0.7169"
"97,0 : 0.7169"
"0,98 : 0.7046"
"98,0 : 0.7046"
"0,99 : 0.8865"
"99,0 : 0.8865"
"1,2 : 0.5991"
"2,1 : 0.5991"
"1,3 : 0.7382"
"3,1 : 0.7382"
"1,4 : 0.4793"
"4,1 : 0.4793"
"1,5 : 0.3929"
"5,1 : 0.3929"
"1,6 : 0.1237"
"6,1 : 0.1237"
"1,7 : 0.7497"
"7,1 : 0.7497"
"1,8 : 0.1581"
"8,1 : 0.1581"
"1,9 : 0.3202"
"9,1 : 0.3202"
"1,10 : 0.6482"
"10,1 : 0.6482"
"1,11 : 0.3202"
"11,1 : 0.3202"
"1,12 : 0.6127"
"12,1 : 0.6127"
"1,13 : 0.5951"
"13,1 : 0.5951"
"1,14 : 0.7"
"14,1 : 0.7"
"1,15 : 0.3225"
"15,1 : 0.3225"
"1,16 : 0.1393"
"16,1 : 0.1393"
"1,17 : 0.3513"
"17,1 : 0.3513"
"1,18 : 0.8415"
"18,1 : 0.8415"
"1,19 : 0.7184"
"19,1 : 0.7184"
"1,20 : 0.37"
"20,1 : 0.37"
"1,21 : 0.1204"
"21,1 : 0.1204"
"1,22 : 0.7725"
"22,1 : 0.7725"
"1,23 : 0.4205"
"23,1 : 0.4205"
"1,24 : 0.3821"
"24,1 : 0.3821"
"1,25 : 0.5186"
"25,1 : 0.5186"
"1,26 : 0.3162"
"26,1 : 0.3162"
"1,27 : 0.7218"
"27,1 : 0.7218"
"1,28 : 0.7923"
"28,1 : 0.7923"
"1,29 : 0.458"
"29,1 : 0.458"
"1,30 : 0.272"
"30,1 : 0.272"
"1,31 : 0.5189"
"31,1 : 0.5189"
"1,32 : 0.6912"
"32,1 : 0.6912"
"1,33 : 0.1204"
"33,1 : 0.1204"
"1,34 : 0.8149"
"34,1 : 0.8149"
"1,35 : 0.5116"
"35,1 : 0.5116"
"1,36 : 0.5692"
"36,1 : 0.5692"
"1,37 : 0.67"
"37,1 : 0.67"
"1,38 : 0.2832"
"38,1 : 0.2832"
"1,39 : 0.4851"
"39,1 : 0.4851"
"1,40 : 0.6778"
"40,1 : 0.6778"
"1,41 : 0.9035"
"41,1 : 0.9035"
"1,42 : 0.3585"
"42,1 : 0.3585"
"1,43 : 0.6859"
"43,1 : 0.6859"
"1,44 : 0.5557"
"44,1 : 0.5557"
"1,45 : 0.191"
"45,1 : 0.191"
"1,46 : 0.0316"
"46,1 : 0.0316"
"1,47 : 0.422"
"47,1 : 0.422"
"1,48 : 0.3191"
"48,1 : 0.3191"
"1,49 : 0.5433"
"49,1 : 0.5433"
"1,50 : 0.3314"
"50,1 : 0.3314"
"1,51 : 0.5033"
"51,1 : 0.5033"
"1,52 : 0.6447"
"52,1 : 0.6447"
"1,53 : 0.4958"
"53,1 : 0.4958"
"1,54 : 0.5104"
"54,1 : 0.5104"
"1,55 : 0.7245"
"55,1 : 0.7245"
"1,56 : 0.4415"
"56,1 : 0.4415"
"1,57 : 0.1523"
"57,1 : 0.1523"
"1,58 : 0.1726"
"58,1 : 0.1726"
"1,59 : 0.512"
"59,1 : 0.512"
"1,60 : 0.3448"
"60,1 : 0.3448"
"1,61 : 0.3354"
"61,1 : 0.3354"
"1,62 : 0.7354"
"62,1 : 0.7354"
"1,63 : 0.2546"
"63,1 : 0.2546"
"1,64 : 0.3716"
"64,1 : 0.3716"
"1,65 : 0.4903"
"65,1 : 0.4903"
"1,66 : 0.3483"
"66,1 : 0.3483"
"1,67 : 0.5727"
"67,1 : 0.5727"
"1,68 : 0.7376"
"68,1 : 0.7376"
"1,69 : 0.5"
"69,1 : 0.5"
"1,70 : 0.8544"
"70,1 : 0.8544"
"1,71 : 0.1304"
"71,1 : 0.1304"
"1,72 : 0.7692"
"72,1 : 0.7692"
"1,73 : 0.8809"
"73,1 : 0.8809"
"1,74 : 0.5587"
"74,1 : 0.5587"
"1,75 : 0.1616"
"75,1 : 0.1616"
"1,76 : 0.7077"
"76,1 : 0.7077"
"1,77 : 0.3982"
"77,1 : 0.3982"
"1,78 : 0.8559"
"78,1 : 0.8559"
"1,79 : 0.6152"
"79,1 : 0.6152"
"1,80 : 0.2983"
"80,1 : 0.2983"
"1,81 : 0.5337"
"81,1 : 0.5337"
"1,82 : 0.9159"
"82,1 : 0.9159"
"1,83 : 0.3547"
"83,1 : 0.3547"
"1,84 : 0.8431"
"84,1 : 0.8431"
"1,85 : 0.3444"
"85,1 : 0.3444"
"1,86 : 0.2625"
"86,1 : 0.2625"
"1,87 : 0.621"
"87,1 : 0.621"
"1,88 : 0.1456"
"88,1 : 0.1456"
"1,89 : 0.5731"
"89,1 : 0.5731"
"1,90 : 0.4085"
"90,1 : 0.4085"
"1,91 : 0.5456"
"91,1 : 0.5456"
"1,92 : 0.5842"
"92,1 : 0.5842"
"1,93 : 0.3413"
"93,1 : 0.3413"
"1,94 : 0.1304"
"94,1 : 0.1304"
"1,95 : 0.8463"
"95,1 : 0.8463"
"1,96 : 0.65"
"96,1 : 0.65"
"1,97 : 0.1253"
"97,1 : 0.1253"
"1,98 : 0.1942"
"98,1 : 0.1942"
"1,99 : 0.7111"
"99,1 : 0.7111"
"2,3 : 0.8324"
"3,2 : 0.8324"
"2,4 : 0.9701"
"4,2 : 0.9701"
"2,5 : 0.3202"
"5,2 : 0.3202"
"2,6 : 0.4754"
"6,2 : 0.4754"
"2,7 : 0.6926"
"7,2 : 0.6926"
"2,8 : 0.7368"
"8,2 : 0.7368"
"2,9 : 0.6794"
"9,2 : 0.6794"
"2,10 : 0.6841"
"10,2 : 0.6841"
"2,11 : 0.481"
"11,2 : 0.481"
"2,12 : 0.4211"
"12,2 : 0.4211"
"2,13 : 0.402"
"13,2 : 0.402"
"2,14 : 1.029"
"14,2 : 1.029"
"2,15 : 0.2823"
"15,2 : 0.2823"
"2,16 : 0.6894"
"16,2 : 0.6894"
"2,17 : 0.9377"
"17,2 : 0.9377"
"2,18 : 1.2808"
"18,2 : 1.2808"
"2,19 : 0.922"
"19,2 : 0.922"
"2,20 : 0.6794"
"20,2 : 0.6794"
"2,21 : 0.495"
"21,2 : 0.495"
"2,22 : 1.2233"
"22,2 : 1.2233"
"2,23 : 0.8276"
"23,2 : 0.8276"
"2,24 : 0.2759"
"24,2 : 0.2759"
"2,25 : 1.0633"
"25,2 : 1.0633"
"2,26 : 0.8154"
"26,2 : 0.8154"
"2,27 : 1.1152"
"27,2 : 1.1152"
"2,28 : 1.1372"
"28,2 : 1.1372"
"2,29 : 0.4696"
"29,2 : 0.4696"
"2,30 : 0.8709"
"30,2 : 0.8709"
"2,31 : 0.7169"
"31,2 : 0.7169"
"2,32 : 0.5101"
"32,2 : 0.5101"
"2,33 : 0.5546"
"33,2 : 0.5546"
"2,34 : 1.2215"
"34,2 : 1.2215"
"2,35 : 0.2025"
"35,2 : 0.2025"
"2,36 : 0.3324"
"36,2 : 0.3324"
"2,37 : 1.0044"
"37,2 : 1.0044"
"2,38 : 0.5025"
"38,2 : 0.5025"
"2,39 : 0.9052"
"39,2 : 0.9052"
"2,40 : 1.139"
"40,2 : 1.139"
"2,41 : 0.9634"
"41,2 : 0.9634"
"2,42 : 0.9492"
"42,2 : 0.9492"
"2,43 : 1.0667"
"43,2 : 1.0667"
"2,44 : 0.6978"
"44,2 : 0.6978"
"2,45 : 0.4405"
"45,2 : 0.4405"
"2,46 : 0.5728"
"46,2 : 0.5728"
"2,47 : 0.9638"
"47,2 : 0.9638"
"2,48 : 0.8596"
"48,2 : 0.8596"
"2,49 : 0.0985"
"49,2 : 0.0985"
"2,50 : 0.9276"
"50,2 : 0.9276"
"2,51 : 0.3479"
"51,2 : 0.3479"
"2,52 : 0.4101"
"52,2 : 0.4101"
"2,53 : 0.577"
"53,2 : 0.577"
"2,54 : 0.8656"
"54,2 : 0.8656"
"2,55 : 1.1738"
"55,2 : 1.1738"
"2,56 : 0.8938"
"56,2 : 0.8938"
"2,57 : 0.5201"
"57,2 : 0.5201"
"2,58 : 0.6363"
"58,2 : 0.6363"
"2,59 : 0.0894"
"59,2 : 0.0894"
"2,60 : 0.9364"
"60,2 : 0.9364"
"2,61 : 0.28"
"61,2 : 0.28"
"2,62 : 1.1952"
"62,2 : 1.1952"
"2,63 : 0.5186"
"63,2 : 0.5186"
"2,64 : 0.24"
"64,2 : 0.24"
"2,65 : 0.1118"
"65,2 : 0.1118"
"2,66 : 0.4827"
"66,2 : 0.4827"
"2,67 : 0.2707"
"67,2 : 0.2707"
"2,68 : 0.717"
"68,2 : 0.717"
"2,69 : 0.7684"
"69,2 : 0.7684"
"2,70 : 0.9904"
"70,2 : 0.9904"
"2,71 : 0.4776"
"71,2 : 0.4776"
"2,72 : 1.19"
"72,2 : 1.19"
"2,73 : 0.8302"
"73,2 : 0.8302"
"2,74 : 1.1189"
"74,2 : 1.1189"
"2,75 : 0.7355"
"75,2 : 0.7355"
"2,76 : 0.6329"
"76,2 : 0.6329"
"2,77 : 0.9309"
"77,2 : 0.9309"
"2,78 : 0.7701"
"78,2 : 0.7701"
"2,79 : 0.5967"
"79,2 : 0.5967"
"2,80 : 0.8785"
"80,2 : 0.8785"
"2,81 : 0.2766"
"81,2 : 0.2766"
"2,82 : 0.9354"
"82,2 : 0.9354"
"2,83 : 0.9102"
"83,2 : 0.9102"
"2,84 : 0.8571"
"84,2 : 0.8571"
"2,85 : 0.9392"
"85,2 : 0.9392"
"2,86 : 0.4968"
"86,2 : 0.4968"
"2,87 : 0.3106"
"87,2 : 0.3106"
"2,88 : 0.6201"
"88,2 : 0.6201"
"2,89 : 1.078"
"89,2 : 1.078"
"2,90 : 0.9021"
"90,2 : 0.9021"
"2,91 : 0.7247"
"91,2 : 0.7247"
"2,92 : 0.08"
"92,2 : 0.08"
"2,93 : 0.8705"
"93,2 : 0.8705"
"2,94 : 0.7278"
"94,2 : 0.7278"
"2,95 : 0.8448"
"95,2 : 0.8448"
"2,96 : 0.8194"
"96,2 : 0.8194"
"2,97 : 0.6908"
"97,2 : 0.6908"
"2,98 : 0.4219"
"98,2 : 0.4219"
"2,99 : 1.19"
"99,2 : 1.19"
"3,4 : 0.5794"
"4,3 : 0.5794"
"3,5 : 0.5508"
"5,3 : 0.5508"
"3,6 : 0.7178"
"6,3 : 0.7178"
"3,7 : 0.2025"
"7,3 : 0.2025"
"3,8 : 0.8602"
"8,3 : 0.8602"
"3,9 : 0.4342"
"9,3 : 0.4342"
"3,10 : 0.1487"
"10,3 : 0.1487"
"3,11 : 0.461"
"11,3 : 0.461"
"3,12 : 0.4294"
"12,3 : 0.4294"
"3,13 : 0.4428"
"13,3 : 0.4428"
"3,14 : 0.3536"
"14,3 : 0.3536"
"3,15 : 0.6907"
"15,3 : 0.6907"
"3,16 : 0.656"
"16,3 : 0.656"
"3,17 : 0.9759"
"17,3 : 0.9759"
"3,18 : 0.6551"
"18,3 : 0.6551"
"3,19 : 0.1552"
"19,3 : 0.1552"
"3,20 : 0.378"
"20,3 : 0.378"
"3,21 : 0.7749"
"21,3 : 0.7749"
"3,22 : 0.6339"
"22,3 : 0.6339"
"3,23 : 0.4357"
"23,3 : 0.4357"
"3,24 : 0.6107"
"24,3 : 0.6107"
"3,25 : 0.7245"
"25,3 : 0.7245"
"3,26 : 0.5701"
"26,3 : 0.5701"
"3,27 : 0.4837"
"27,3 : 0.4837"
"3,28 : 0.4332"
"28,3 : 0.4332"
"3,29 : 0.3805"
"29,3 : 0.3805"
"3,30 : 0.8349"
"30,3 : 0.8349"
"3,31 : 0.222"
"31,3 : 0.222"
"3,32 : 0.3764"
"32,3 : 0.3764"
"3,33 : 0.6217"
"33,3 : 0.6217"
"3,34 : 0.5675"
"34,3 : 0.5675"
"3,35 : 0.6306"
"35,3 : 0.6306"
"3,36 : 0.507"
"36,3 : 0.507"
"3,37 : 0.3506"
"37,3 : 0.3506"
"3,38 : 0.4808"
"38,3 : 0.4808"
"3,39 : 0.4531"
"39,3 : 0.4531"
"3,40 : 0.6003"
"40,3 : 0.6003"
"3,41 : 0.1655"
"41,3 : 0.1655"
"3,42 : 0.8102"
"42,3 : 0.8102"
"3,43 : 0.441"
"43,3 : 0.441"
"3,44 : 0.1838"
"44,3 : 0.1838"
"3,45 : 0.8078"
"45,3 : 0.8078"
"3,46 : 0.7155"
"46,3 : 0.7155"
"3,47 : 0.6754"
"47,3 : 0.6754"
"3,48 : 0.644"
"48,3 : 0.644"
"3,49 : 0.735"
"49,3 : 0.735"
"3,50 : 0.9202"
"50,3 : 0.9202"
"3,51 : 0.4851"
"51,3 : 0.4851"
"3,52 : 0.4579"
"52,3 : 0.4579"
"3,53 : 0.2807"
"53,3 : 0.2807"
"3,54 : 0.3585"
"54,3 : 0.3585"
"3,55 : 0.6007"
"55,3 : 0.6007"
"3,56 : 0.5009"
"56,3 : 0.5009"
"3,57 : 0.8415"
"57,3 : 0.8415"
"3,58 : 0.5769"
"58,3 : 0.5769"
"3,59 : 0.7747"
"59,3 : 0.7747"
"3,60 : 0.808"
"60,3 : 0.808"
"3,61 : 0.8016"
"61,3 : 0.8016"
"3,62 : 0.6307"
"62,3 : 0.6307"
"3,63 : 0.4998"
"63,3 : 0.4998"
"3,64 : 0.8001"
"64,3 : 0.8001"
"3,65 : 0.7612"
"65,3 : 0.7612"
"3,66 : 0.4374"
"66,3 : 0.4374"
"3,67 : 0.5701"
"67,3 : 0.5701"
"3,68 : 0.1581"
"68,3 : 0.1581"
"3,69 : 0.2702"
"69,3 : 0.2702"
"3,70 : 0.1581"
"70,3 : 0.1581"
"3,71 : 0.6768"
"71,3 : 0.6768"
"3,72 : 0.5672"
"72,3 : 0.5672"
"3,73 : 0.2121"
"73,3 : 0.2121"
"3,74 : 0.7938"
"74,3 : 0.7938"
"3,75 : 0.8684"
"75,3 : 0.8684"
"3,76 : 0.2404"
"76,3 : 0.2404"
"3,77 : 1.0934"
"77,3 : 1.0934"
"3,78 : 0.2419"
"78,3 : 0.2419"
"3,79 : 0.2377"
"79,3 : 0.2377"
"3,80 : 0.7403"
"80,3 : 0.7403"
"3,81 : 0.5566"
"81,3 : 0.5566"
"3,82 : 0.1838"
"82,3 : 0.1838"
"3,83 : 1.0348"
"83,3 : 1.0348"
"3,84 : 0.13"
"84,3 : 0.13"
"3,85 : 0.828"
"85,3 : 0.828"
"3,86 : 0.5029"
"86,3 : 0.5029"
"3,87 : 0.5501"
"87,3 : 0.5501"
"3,88 : 0.881"
"88,3 : 0.881"
"3,89 : 0.6476"
"89,3 : 0.6476"
"3,90 : 0.5682"
"90,3 : 0.5682"
"3,91 : 0.1942"
"91,3 : 0.1942"
"3,92 : 0.7558"
"92,3 : 0.7558"
"3,93 : 1.0481"
"93,3 : 1.0481"
"3,94 : 0.8"
"94,3 : 0.8"
"3,95 : 0.1456"
"95,3 : 0.1456"
"3,96 : 0.1118"
"96,3 : 0.1118"
"3,97 : 0.678"
"97,3 : 0.678"
"3,98 : 0.7834"
"98,3 : 0.7834"
"3,99 : 0.6601"
"99,3 : 0.6601"
"4,5 : 0.6637"
"5,4 : 0.6637"
"4,6 : 0.563"
"6,4 : 0.563"
"4,7 : 0.717"
"7,4 : 0.717"
"4,8 : 0.4916"
"8,4 : 0.4916"
"4,9 : 0.2997"
"9,4 : 0.2997"
"4,10 : 0.5941"
"10,4 : 0.5941"
"4,11 : 0.5012"
"11,4 : 0.5012"
"4,12 : 0.7593"
"12,4 : 0.7593"
"4,13 : 0.7543"
"13,4 : 0.7543"
"4,14 : 0.322"
"14,4 : 0.322"
"4,15 : 0.7004"
"15,4 : 0.7004"
"4,16 : 0.3401"
"16,4 : 0.3401"
"4,17 : 0.4965"
"17,4 : 0.4965"
"4,18 : 0.364"
"18,4 : 0.364"
"4,19 : 0.4632"
"19,4 : 0.4632"
"4,20 : 0.3228"
"20,4 : 0.3228"
"4,21 : 0.5906"
"21,4 : 0.5906"
"4,22 : 0.2941"
"22,4 : 0.2941"
"4,23 : 0.1712"
"23,4 : 0.1712"
"4,24 : 0.6963"
"24,4 : 0.6963"
"4,25 : 0.1456"
"25,4 : 0.1456"
"4,26 : 0.1664"
"26,4 : 0.1664"
"4,27 : 0.2766"
"27,4 : 0.2766"
"4,28 : 0.3734"
"28,4 : 0.3734"
"4,29 : 0.5852"
"29,4 : 0.5852"
"4,30 : 0.3667"
"30,4 : 0.3667"
"4,31 : 0.4111"
"31,4 : 0.4111"
"4,32 : 0.7841"
"32,4 : 0.7841"
"4,33 : 0.442"
"33,4 : 0.442"
"4,34 : 0.3501"
"34,4 : 0.3501"
"4,35 : 0.8062"
"35,4 : 0.8062"
"4,36 : 0.7749"
"36,4 : 0.7749"
"4,37 : 0.2983"
"37,4 : 0.2983"
"4,38 : 0.4717"
"38,4 : 0.4717"
"4,39 : 0.1265"
"39,4 : 0.1265"
"4,40 : 0.1992"
"40,4 : 0.1992"
"4,41 : 0.7083"
"41,4 : 0.7083"
"4,42 : 0.2864"
"42,4 : 0.2864"
"4,43 : 0.26"
"43,4 : 0.26"
"4,44 : 0.4717"
"44,4 : 0.4717"
"4,45 : 0.6586"
"45,4 : 0.6586"
"4,46 : 0.483"
"46,4 : 0.483"
"4,47 : 0.1166"
"47,4 : 0.1166"
"4,48 : 0.1712"
"48,4 : 0.1712"
"4,49 : 0.8848"
"49,4 : 0.8848"
"4,50 : 0.4332"
"50,4 : 0.4332"
"4,51 : 0.7094"
"51,4 : 0.7094"
"4,52 : 0.8005"
"52,4 : 0.8005"
"4,53 : 0.5247"
"53,4 : 0.5247"
"4,54 : 0.2214"
"54,4 : 0.2214"
"4,55 : 0.2474"
"55,4 : 0.2474"
"4,56 : 0.0906"
"56,4 : 0.0906"
"4,57 : 0.6316"
"57,4 : 0.6316"
"4,58 : 0.3483"
"58,4 : 0.3483"
"4,59 : 0.8824"
"59,4 : 0.8824"
"4,60 : 0.2915"
"60,4 : 0.2915"
"4,61 : 0.7669"
"61,4 : 0.7669"
"4,62 : 0.2563"
"62,4 : 0.2563"
"4,63 : 0.4522"
"63,4 : 0.4522"
"4,64 : 0.7931"
"64,4 : 0.7931"
"4,65 : 0.8605"
"65,4 : 0.8605"
"4,66 : 0.5099"
"66,4 : 0.5099"
"4,67 : 0.8154"
"67,4 : 0.8154"
"4,68 : 0.6807"
"68,4 : 0.6807"
"4,69 : 0.3324"
"69,4 : 0.3324"
"4,70 : 0.608"
"70,4 : 0.608"
"4,71 : 0.536"
"71,4 : 0.536"
"4,72 : 0.3007"
"72,4 : 0.3007"
"4,73 : 0.7875"
"73,4 : 0.7875"
"4,74 : 0.2159"
"74,4 : 0.2159"
"4,75 : 0.5016"
"75,4 : 0.5016"
"4,76 : 0.7111"
"76,4 : 0.7111"
"4,77 : 0.65"
"77,4 : 0.65"
"4,78 : 0.8005"
"78,4 : 0.8005"
"4,79 : 0.6301"
"79,4 : 0.6301"
"4,80 : 0.2532"
"80,4 : 0.2532"
"4,81 : 0.7788"
"81,4 : 0.7788"
"4,82 : 0.7513"
"82,4 : 0.7513"
"4,83 : 0.5869"
"83,4 : 0.5869"
"4,84 : 0.7094"
"84,4 : 0.7094"
"4,85 : 0.3138"
"85,4 : 0.3138"
"4,86 : 0.4743"
"86,4 : 0.4743"
"4,87 : 0.8382"
"87,4 : 0.8382"
"4,88 : 0.5991"
"88,4 : 0.5991"
"4,89 : 0.1082"
"89,4 : 0.1082"
"4,90 : 0.0721"
"90,4 : 0.0721"
"4,91 : 0.4329"
"91,4 : 0.4329"
"4,92 : 0.9236"
"92,4 : 0.9236"
"4,93 : 0.628"
"93,4 : 0.628"
"4,94 : 0.4342"
"94,4 : 0.4342"
"4,95 : 0.7245"
"95,4 : 0.7245"
"4,96 : 0.4682"
"96,4 : 0.4682"
"4,97 : 0.3547"
"97,4 : 0.3547"
"4,98 : 0.6519"
"98,4 : 0.6519"
"4,99 : 0.2332"
"99,4 : 0.2332"
"5,6 : 0.2907"
"6,5 : 0.2907"
"5,7 : 0.4617"
"7,5 : 0.4617"
"5,8 : 0.5508"
"8,5 : 0.5508"
"5,9 : 0.3662"
"9,5 : 0.3662"
"5,10 : 0.4105"
"10,5 : 0.4105"
"5,11 : 0.164"
"11,5 : 0.164"
"5,12 : 0.2404"
"12,5 : 0.2404"
"5,13 : 0.2193"
"13,5 : 0.2193"
"5,14 : 0.7102"
"14,5 : 0.7102"
"5,15 : 0.1523"
"15,5 : 0.1523"
"5,16 : 0.431"
"16,5 : 0.431"
"5,17 : 0.7415"
"17,5 : 0.7415"
"5,18 : 0.9618"
"18,5 : 0.9618"
"5,19 : 0.6168"
"19,5 : 0.6168"
"5,20 : 0.3607"
"20,5 : 0.3607"
"5,21 : 0.3413"
"21,5 : 0.3413"
"5,22 : 0.9055"
"22,5 : 0.9055"
"5,23 : 0.5122"
"23,5 : 0.5122"
"5,24 : 0.06"
"24,5 : 0.06"
"5,25 : 0.7708"
"25,5 : 0.7708"
"5,26 : 0.52"
"26,5 : 0.52"
"5,27 : 0.7951"
"27,5 : 0.7951"
"5,28 : 0.8184"
"28,5 : 0.8184"
"5,29 : 0.1703"
"29,5 : 0.1703"
"5,30 : 0.6403"
"30,5 : 0.6403"
"5,31 : 0.4031"
"31,5 : 0.4031"
"5,32 : 0.3342"
"32,5 : 0.3342"
"5,33 : 0.3002"
"33,5 : 0.3002"
"5,34 : 0.9014"
"34,5 : 0.9014"
"5,35 : 0.1432"
"35,5 : 0.1432"
"5,36 : 0.1789"
"36,5 : 0.1789"
"5,37 : 0.6851"
"37,5 : 0.6851"
"5,38 : 0.1924"
"38,5 : 0.1924"
"5,39 : 0.589"
"39,5 : 0.589"
"5,40 : 0.8233"
"40,5 : 0.8233"
"5,41 : 0.7011"
"41,5 : 0.7011"
"5,42 : 0.6946"
"42,5 : 0.6946"
"5,43 : 0.7465"
"43,5 : 0.7465"
"5,44 : 0.3929"
"44,5 : 0.3929"
"5,45 : 0.3324"
"45,5 : 0.3324"
"5,46 : 0.3614"
"46,5 : 0.3614"
"5,47 : 0.6742"
"47,5 : 0.6742"
"5,48 : 0.5757"
"48,5 : 0.5757"
"5,49 : 0.2263"
"49,5 : 0.2263"
"5,50 : 0.7134"
"50,5 : 0.7134"
"5,51 : 0.1204"
"51,5 : 0.1204"
"5,52 : 0.264"
"52,5 : 0.264"
"5,53 : 0.2746"
"53,5 : 0.2746"
"5,54 : 0.5456"
"54,5 : 0.5456"
"5,55 : 0.8563"
"55,5 : 0.8563"
"5,56 : 0.5825"
"56,5 : 0.5825"
"5,57 : 0.4"
"57,5 : 0.4"
"5,58 : 0.3569"
"58,5 : 0.3569"
"5,59 : 0.2419"
"59,5 : 0.2419"
"5,60 : 0.6836"
"60,5 : 0.6836"
"5,61 : 0.2625"
"61,5 : 0.2625"
"5,62 : 0.8786"
"62,5 : 0.8786"
"5,63 : 0.2154"
"63,5 : 0.2154"
"5,64 : 0.2532"
"64,5 : 0.2532"
"5,65 : 0.2236"
"65,5 : 0.2236"
"5,66 : 0.1628"
"66,5 : 0.1628"
"5,67 : 0.1811"
"67,5 : 0.1811"
"5,68 : 0.4707"
"68,5 : 0.4707"
"5,69 : 0.4494"
"69,5 : 0.4494"
"5,70 : 0.7046"
"70,5 : 0.7046"
"5,71 : 0.2657"
"71,5 : 0.2657"
"5,72 : 0.8705"
"72,5 : 0.8705"
"5,73 : 0.6073"
"73,5 : 0.6073"
"5,74 : 0.8322"
"74,5 : 0.8322"
"5,75 : 0.5536"
"75,5 : 0.5536"
"5,76 : 0.405"
"76,5 : 0.405"
"5,77 : 0.7855"
"77,5 : 0.7855"
"5,78 : 0.5608"
"78,5 : 0.5608"
"5,79 : 0.3354"
"79,5 : 0.3354"
"5,80 : 0.6166"
"80,5 : 0.6166"
"5,81 : 0.1414"
"81,5 : 0.1414"
"5,82 : 0.6873"
"82,5 : 0.6873"
"5,83 : 0.7463"
"83,5 : 0.7463"
"5,84 : 0.6067"
"84,5 : 0.6067"
"5,85 : 0.6918"
"85,5 : 0.6918"
"5,86 : 0.1931"
"86,5 : 0.1931"
"5,87 : 0.228"
"87,5 : 0.228"
"5,88 : 0.4837"
"88,5 : 0.4837"
"5,89 : 0.7718"
"89,5 : 0.7718"
"5,90 : 0.5994"
"90,5 : 0.5994"
"5,91 : 0.4144"
"91,5 : 0.4144"
"5,92 : 0.2625"
"92,5 : 0.2625"
"5,93 : 0.7262"
"93,5 : 0.7262"
"5,94 : 0.5179"
"94,5 : 0.5179"
"5,95 : 0.6002"
"95,5 : 0.6002"
"5,96 : 0.5166"
"96,5 : 0.5166"
"5,97 : 0.4401"
"97,5 : 0.4401"
"5,98 : 0.3041"
"98,5 : 0.3041"
"5,99 : 0.8762"
"99,5 : 0.8762"
"6,7 : 0.6963"
"7,6 : 0.6963"
"6,8 : 0.2707"
"8,6 : 0.2707"
"6,9 : 0.3423"
"9,6 : 0.3423"
"6,10 : 0.6083"
"10,6 : 0.6083"
"6,11 : 0.2642"
"11,6 : 0.2642"
"6,12 : 0.5243"
"12,6 : 0.5243"
"6,13 : 0.5048"
"13,6 : 0.5048"
"6,14 : 0.7398"
"14,6 : 0.7398"
"6,15 : 0.2002"
"15,6 : 0.2002"
"6,16 : 0.2335"
"16,6 : 0.2335"
"6,17 : 0.47"
"17,6 : 0.47"
"6,18 : 0.9168"
"18,6 : 0.9168"
"6,19 : 0.7244"
"19,6 : 0.7244"
"6,20 : 0.38"
"20,6 : 0.38"
"6,21 : 0.0583"
"21,6 : 0.0583"
"6,22 : 0.85"
"22,6 : 0.85"
"6,23 : 0.4713"
"23,6 : 0.4713"
"6,24 : 0.2693"
"24,6 : 0.2693"
"6,25 : 0.6224"
"25,6 : 0.6224"
"6,26 : 0.3966"
"26,6 : 0.3966"
"6,27 : 0.7811"
"27,6 : 0.7811"
"6,28 : 0.8395"
"28,6 : 0.8395"
"6,29 : 0.3905"
"29,6 : 0.3905"
"6,30 : 0.3956"
"30,6 : 0.3956"
"6,31 : 0.5099"
"31,6 : 0.5099"
"6,32 : 0.6107"
"32,6 : 0.6107"
"6,33 : 0.1265"
"33,6 : 0.1265"
"6,34 : 0.8802"
"34,6 : 0.8802"
"6,35 : 0.3962"
"35,6 : 0.3962"
"6,36 : 0.4696"
"36,6 : 0.4696"
"6,37 : 0.7102"
"37,6 : 0.7102"
"6,38 : 0.2377"
"38,6 : 0.2377"
"6,39 : 0.5442"
"39,6 : 0.5442"
"6,40 : 0.7566"
"40,6 : 0.7566"
"6,41 : 0.8826"
"41,6 : 0.8826"
"6,42 : 0.4785"
"42,6 : 0.4785"
"6,43 : 0.7404"
"43,6 : 0.7404"
"6,44 : 0.5345"
"44,6 : 0.5345"
"6,45 : 0.102"
"45,6 : 0.102"
"6,46 : 0.0985"
"46,6 : 0.0985"
"6,47 : 0.5233"
"47,6 : 0.5233"
"6,48 : 0.4173"
"48,6 : 0.4173"
"6,49 : 0.4211"
"49,6 : 0.4211"
"6,50 : 0.454"
"50,6 : 0.454"
"6,51 : 0.4082"
"51,6 : 0.4082"
"6,52 : 0.5523"
"52,6 : 0.5523"
"6,53 : 0.4518"
"53,6 : 0.4518"
"6,54 : 0.5492"
"54,6 : 0.5492"
"6,55 : 0.8006"
"55,6 : 0.8006"
"6,56 : 0.5099"
"56,6 : 0.5099"
"6,57 : 0.1253"
"57,6 : 0.1253"
"6,58 : 0.2193"
"58,6 : 0.2193"
"6,59 : 0.3883"
"59,6 : 0.3883"
"6,60 : 0.4652"
"60,6 : 0.4652"
"6,61 : 0.2163"
"61,6 : 0.2163"
"6,62 : 0.8149"
"62,6 : 0.8149"
"6,63 : 0.2184"
"63,6 : 0.2184"
"6,64 : 0.2506"
"64,6 : 0.2506"
"6,65 : 0.3667"
"65,6 : 0.3667"
"6,66 : 0.2915"
"66,6 : 0.2915"
"6,67 : 0.4649"
"67,6 : 0.4649"
"6,68 : 0.6912"
"68,6 : 0.6912"
"6,69 : 0.5104"
"69,6 : 0.5104"
"6,70 : 0.8493"
"70,6 : 0.8493"
"6,71 : 0.0412"
"71,6 : 0.0412"
"6,72 : 0.8377"
"72,6 : 0.8377"
"6,73 : 0.8353"
"73,6 : 0.8353"
"6,74 : 0.6684"
"74,6 : 0.6684"
"6,75 : 0.2717"
"75,6 : 0.2717"
"6,76 : 0.6482"
"76,6 : 0.6482"
"6,77 : 0.4965"
"77,6 : 0.4965"
"6,78 : 0.8021"
"78,6 : 0.8021"
"6,79 : 0.5604"
"79,6 : 0.5604"
"6,80 : 0.4134"
"80,6 : 0.4134"
"6,81 : 0.4272"
"81,6 : 0.4272"
"6,82 : 0.8864"
"82,6 : 0.8864"
"6,83 : 0.461"
"83,6 : 0.461"
"6,84 : 0.8096"
"84,6 : 0.8096"
"6,85 : 0.4662"
"85,6 : 0.4662"
"6,86 : 0.2154"
"86,6 : 0.2154"
"6,87 : 0.5162"
"87,6 : 0.5162"
"6,88 : 0.1942"
"88,6 : 0.1942"
"6,89 : 0.664"
"89,6 : 0.664"
"6,90 : 0.4909"
"90,6 : 0.4909"
"6,91 : 0.5337"
"91,6 : 0.5337"
"6,92 : 0.4617"
"92,6 : 0.4617"
"6,93 : 0.4366"
"93,6 : 0.4366"
"6,94 : 0.2532"
"94,6 : 0.2532"
"6,95 : 0.8095"
"95,6 : 0.8095"
"6,96 : 0.6433"
"96,6 : 0.6433"
"6,97 : 0.228"
"97,6 : 0.228"
"6,98 : 0.0894"
"98,6 : 0.0894"
"6,99 : 0.7961"
"99,6 : 0.7961"
"7,8 : 0.8927"
"8,7 : 0.8927"
"7,9 : 0.4965"
"9,7 : 0.4965"
"7,10 : 0.1237"
"10,7 : 0.1237"
"7,11 : 0.4342"
"11,7 : 0.4342"
"7,12 : 0.2717"
"12,7 : 0.2717"
"7,13 : 0.2907"
"13,7 : 0.2907"
"7,14 : 0.5441"
"14,7 : 0.5441"
"7,15 : 0.6135"
"15,7 : 0.6135"
"7,16 : 0.7021"
"16,7 : 0.7021"
"7,17 : 1.0401"
"17,7 : 1.0401"
"7,18 : 0.8477"
"18,7 : 0.8477"
"7,19 : 0.3534"
"19,7 : 0.3534"
"7,20 : 0.4428"
"20,7 : 0.4428"
"7,21 : 0.7545"
"21,7 : 0.7545"
"7,22 : 0.82"
"22,7 : 0.82"
"7,23 : 0.5532"
"23,7 : 0.5532"
"7,24 : 0.5192"
"24,7 : 0.5192"
"7,25 : 0.8615"
"25,7 : 0.8615"
"7,26 : 0.6648"
"26,7 : 0.6648"
"7,27 : 0.6719"
"27,7 : 0.6719"
"7,28 : 0.6316"
"28,7 : 0.6316"
"7,29 : 0.3089"
"29,7 : 0.3089"
"7,30 : 0.9055"
"30,7 : 0.9055"
"7,31 : 0.3081"
"31,7 : 0.3081"
"7,32 : 0.1931"
"32,7 : 0.1931"
"7,33 : 0.6294"
"33,7 : 0.6294"
"7,34 : 0.7622"
"34,7 : 0.7622"
"7,35 : 0.5001"
"35,7 : 0.5001"
"7,36 : 0.3606"
"36,7 : 0.3606"
"7,37 : 0.536"
"37,7 : 0.536"
"7,38 : 0.4675"
"38,7 : 0.4675"
"7,39 : 0.593"
"39,7 : 0.593"
"7,40 : 0.7752"
"40,7 : 0.7752"
"7,41 : 0.2786"
"41,7 : 0.2786"
"7,42 : 0.9047"
"42,7 : 0.9047"
"7,43 : 0.6259"
"43,7 : 0.6259"
"7,44 : 0.2474"
"44,7 : 0.2474"
"7,45 : 0.7703"
"45,7 : 0.7703"
"7,46 : 0.7218"
"46,7 : 0.7218"
"7,47 : 0.7956"
"47,7 : 0.7956"
"7,48 : 0.7409"
"48,7 : 0.7409"
"7,49 : 0.6003"
"49,7 : 0.6003"
"7,50 : 0.9913"
"50,7 : 0.9913"
"7,51 : 0.3635"
"51,7 : 0.3635"
"7,52 : 0.2886"
"52,7 : 0.2886"
"7,53 : 0.255"
"53,7 : 0.255"
"7,54 : 0.5009"
"54,7 : 0.5009"
"7,55 : 0.7826"
"55,7 : 0.7826"
"7,56 : 0.6297"
"56,7 : 0.6297"
"7,57 : 0.821"
"57,7 : 0.821"
"7,58 : 0.614"
"58,7 : 0.614"
"7,59 : 0.6503"
"59,7 : 0.6503"
"7,60 : 0.8996"
"60,7 : 0.8996"
"7,61 : 0.7242"
"61,7 : 0.7242"
"7,62 : 0.8122"
"62,7 : 0.8122"
"7,63 : 0.4952"
"63,7 : 0.4952"
"7,64 : 0.7131"
"64,7 : 0.7131"
"7,65 : 0.6412"
"65,7 : 0.6412"
"7,66 : 0.4061"
"66,7 : 0.4061"
"7,67 : 0.4219"
"67,7 : 0.4219"
"7,68 : 0.0447"
"68,7 : 0.0447"
"7,69 : 0.3847"
"69,7 : 0.3847"
"7,70 : 0.3406"
"70,7 : 0.3406"
"7,71 : 0.658"
"71,7 : 0.658"
"7,72 : 0.7569"
"72,7 : 0.7569"
"7,73 : 0.1456"
"73,7 : 0.1456"
"7,74 : 0.9321"
"74,7 : 0.9321"
"7,75 : 0.8994"
"75,7 : 0.8994"
"7,76 : 0.06"
"76,7 : 0.06"
"7,77 : 1.1357"
"77,7 : 1.1357"
"7,78 : 0.1063"
"78,7 : 0.1063"
"7,79 : 0.136"
"79,7 : 0.136"
"7,80 : 0.8276"
"80,7 : 0.8276"
"7,81 : 0.42"
"81,7 : 0.42"
"7,82 : 0.2433"
"82,7 : 0.2433"
"7,83 : 1.0823"
"83,7 : 1.0823"
"7,84 : 0.1676"
"84,7 : 0.1676"
"7,85 : 0.9171"
"85,7 : 0.9171"
"7,86 : 0.4892"
"86,7 : 0.4892"
"7,87 : 0.3883"
"87,7 : 0.3883"
"7,88 : 0.8809"
"88,7 : 0.8809"
"7,89 : 0.801"
"89,7 : 0.801"
"7,90 : 0.6888"
"90,7 : 0.6888"
"7,91 : 0.2844"
"91,7 : 0.2844"
"7,92 : 0.6129"
"92,7 : 0.6129"
"7,93 : 1.0837"
"93,7 : 1.0837"
"7,94 : 0.8387"
"94,7 : 0.8387"
"7,95 : 0.153"
"95,7 : 0.153"
"7,96 : 0.2766"
"96,7 : 0.2766"
"7,97 : 0.722"
"97,7 : 0.722"
"7,98 : 0.743"
"98,7 : 0.743"
"7,99 : 0.836"
"99,7 : 0.836"
"8,9 : 0.4272"
"9,8 : 0.4272"
"8,10 : 0.7849"
"10,8 : 0.7849"
"8,11 : 0.4717"
"11,8 : 0.4717"
"8,12 : 0.7697"
"12,8 : 0.7697"
"8,13 : 0.7524"
"13,8 : 0.7524"
"8,14 : 0.7649"
"14,8 : 0.7649"
"8,15 : 0.4701"
"15,8 : 0.4701"
"8,16 : 0.2059"
"16,8 : 0.2059"
"8,17 : 0.201"
"17,8 : 0.201"
"8,18 : 0.8516"
"18,8 : 0.8516"
"8,19 : 0.8186"
"19,8 : 0.8186"
"8,20 : 0.4826"
"20,8 : 0.4826"
"8,21 : 0.2419"
"21,8 : 0.2419"
"8,22 : 0.7809"
"22,8 : 0.7809"
"8,23 : 0.4876"
"23,8 : 0.4876"
"8,24 : 0.5376"
"24,8 : 0.5376"
"8,25 : 0.4847"
"25,8 : 0.4847"
"8,26 : 0.3536"
"26,8 : 0.3536"
"8,27 : 0.7603"
"27,8 : 0.7603"
"8,28 : 0.8448"
"28,8 : 0.8448"
"8,29 : 0.6106"
"29,8 : 0.6106"
"8,30 : 0.1703"
"30,8 : 0.1703"
"8,31 : 0.6382"
"31,8 : 0.6382"
"8,32 : 0.846"
"32,8 : 0.846"
"8,33 : 0.2693"
"33,8 : 0.2693"
"8,34 : 0.8415"
"34,8 : 0.8415"
"8,35 : 0.6661"
"35,8 : 0.6661"
"8,36 : 0.7273"
"36,8 : 0.7273"
"8,37 : 0.7355"
"37,8 : 0.7355"
"8,38 : 0.4327"
"38,8 : 0.4327"
"8,39 : 0.536"
"39,8 : 0.536"
"8,40 : 0.6873"
"40,8 : 0.6873"
"8,41 : 1.0234"
"41,8 : 1.0234"
"8,42 : 0.2802"
"42,8 : 0.2802"
"8,43 : 0.7325"
"43,8 : 0.7325"
"8,44 : 0.6825"
"44,8 : 0.6825"
"8,45 : 0.3008"
"45,8 : 0.3008"
"8,46 : 0.1897"
"46,8 : 0.1897"
"8,47 : 0.4026"
"47,8 : 0.4026"
"8,48 : 0.3206"
"48,8 : 0.3206"
"8,49 : 0.6901"
"49,8 : 0.6901"
"8,50 : 0.197"
"50,8 : 0.197"
"8,51 : 0.6613"
"51,8 : 0.6613"
"8,52 : 0.8023"
"52,8 : 0.8023"
"8,53 : 0.6378"
"53,8 : 0.6378"
"8,54 : 0.5852"
"54,8 : 0.5852"
"8,55 : 0.7368"
"55,8 : 0.7368"
"8,56 : 0.4826"
"56,8 : 0.4826"
"8,57 : 0.2285"
"57,8 : 0.2285"
"8,58 : 0.2843"
"58,8 : 0.2843"
"8,59 : 0.6528"
"59,8 : 0.6528"
"8,60 : 0.2663"
"60,8 : 0.2663"
"8,61 : 0.461"
"61,8 : 0.461"
"8,62 : 0.7415"
"62,8 : 0.7415"
"8,63 : 0.4022"
"63,8 : 0.4022"
"8,64 : 0.5001"
"64,8 : 0.5001"
"8,65 : 0.632"
"65,8 : 0.632"
"8,66 : 0.4993"
"66,8 : 0.4993"
"8,67 : 0.7301"
"67,8 : 0.7301"
"8,68 : 0.8769"
"68,8 : 0.8769"
"8,69 : 0.6042"
"69,8 : 0.6042"
"8,70 : 0.9618"
"70,8 : 0.9618"
"8,71 : 0.2864"
"71,8 : 0.2864"
"8,72 : 0.7923"
"72,8 : 0.7923"
"8,73 : 1.0183"
"73,8 : 1.0183"
"8,74 : 0.5061"
"74,8 : 0.5061"
"8,75 : 0.01"
"75,8 : 0.01"
"8,76 : 0.8543"
"76,8 : 0.8543"
"8,77 : 0.2441"
"77,8 : 0.2441"
"8,78 : 0.9982"
"78,8 : 0.9982"
"8,79 : 0.7606"
"79,8 : 0.7606"
"8,80 : 0.253"
"80,8 : 0.253"
"8,81 : 0.6912"
"81,8 : 0.6912"
"8,82 : 1.042"
"82,8 : 1.042"
"8,83 : 0.197"
"83,8 : 0.197"
"8,84 : 0.9731"
"84,8 : 0.9731"
"8,85 : 0.2561"
"85,8 : 0.2561"
"8,86 : 0.4134"
"86,8 : 0.4134"
"8,87 : 0.7788"
"87,8 : 0.7788"
"8,88 : 0.1421"
"88,8 : 0.1421"
"8,89 : 0.5652"
"89,8 : 0.5652"
"8,90 : 0.43"
"90,8 : 0.43"
"8,91 : 0.6661"
"91,8 : 0.6661"
"8,92 : 0.7303"
"92,8 : 0.7303"
"8,93 : 0.191"
"93,8 : 0.191"
"8,94 : 0.0632"
"94,8 : 0.0632"
"8,95 : 0.9784"
"95,8 : 0.9784"
"8,96 : 0.7632"
"96,8 : 0.7632"
"8,97 : 0.1836"
"97,8 : 0.1836"
"8,98 : 0.3158"
"98,8 : 0.3158"
"8,99 : 0.7083"
"99,8 : 0.7083"
"9,10 : 0.3774"
"10,9 : 0.3774"
"9,11 : 0.2025"
"11,9 : 0.2025"
"9,12 : 0.4717"
"12,9 : 0.4717"
"9,13 : 0.4639"
"13,9 : 0.4639"
"9,14 : 0.3981"
"14,9 : 0.3981"
"9,15 : 0.4244"
"15,9 : 0.4244"
"9,16 : 0.222"
"16,9 : 0.222"
"9,17 : 0.5482"
"17,9 : 0.5482"
"9,18 : 0.6061"
"18,9 : 0.6061"
"9,19 : 0.3985"
"19,9 : 0.3985"
"9,20 : 0.0566"
"20,9 : 0.0566"
"9,21 : 0.3901"
"21,9 : 0.3901"
"9,22 : 0.5456"
"22,9 : 0.5456"
"9,23 : 0.1487"
"23,9 : 0.1487"
"9,24 : 0.4036"
"24,9 : 0.4036"
"9,25 : 0.4198"
"25,9 : 0.4198"
"9,26 : 0.1803"
"26,9 : 0.1803"
"9,27 : 0.4518"
"27,9 : 0.4518"
"9,28 : 0.5"
"28,9 : 0.5"
"9,29 : 0.2927"
"29,9 : 0.2927"
"9,30 : 0.4105"
"30,9 : 0.4105"
"9,31 : 0.2126"
"31,9 : 0.2126"
"9,32 : 0.5124"
"32,9 : 0.5124"
"9,33 : 0.22"
"33,9 : 0.22"
"9,34 : 0.5557"
"34,9 : 0.5557"
"9,35 : 0.5077"
"35,9 : 0.5077"
"9,36 : 0.478"
"36,9 : 0.478"
"9,37 : 0.3688"
"37,9 : 0.3688"
"9,38 : 0.1769"
"38,9 : 0.1769"
"9,39 : 0.2267"
"39,9 : 0.2267"
"9,40 : 0.4597"
"40,9 : 0.4597"
"9,41 : 0.5964"
"41,9 : 0.5964"
"9,42 : 0.4111"
"42,9 : 0.4111"
"9,43 : 0.4072"
"43,9 : 0.4072"
"9,44 : 0.2625"
"44,9 : 0.2625"
"9,45 : 0.4441"
"45,9 : 0.4441"
"9,46 : 0.3041"
"46,9 : 0.3041"
"9,47 : 0.3314"
"47,9 : 0.3314"
"9,48 : 0.2532"
"48,9 : 0.2532"
"9,49 : 0.5903"
"49,9 : 0.5903"
"9,50 : 0.4965"
"50,9 : 0.4965"
"9,51 : 0.4111"
"51,9 : 0.4111"
"9,52 : 0.5124"
"52,9 : 0.5124"
"9,53 : 0.2571"
"53,9 : 0.2571"
"9,54 : 0.2088"
"54,9 : 0.2088"
"9,55 : 0.4958"
"55,9 : 0.4958"
"9,56 : 0.2163"
"56,9 : 0.2163"
"9,57 : 0.4504"
"57,9 : 0.4504"
"9,58 : 0.1487"
"58,9 : 0.1487"
"9,59 : 0.594"
"59,9 : 0.594"
"9,60 : 0.405"
"60,9 : 0.405"
"9,61 : 0.5099"
"61,9 : 0.5099"
"9,62 : 0.5162"
"62,9 : 0.5162"
"9,63 : 0.164"
"63,9 : 0.164"
"9,64 : 0.5284"
"64,9 : 0.5284"
"9,65 : 0.5728"
"65,9 : 0.5728"
"9,66 : 0.2102"
"66,9 : 0.2102"
"9,67 : 0.5162"
"67,9 : 0.5162"
"9,68 : 0.4717"
"68,9 : 0.4717"
"9,69 : 0.1803"
"69,9 : 0.1803"
"9,70 : 0.5371"
"70,9 : 0.5371"
"9,71 : 0.3041"
"71,9 : 0.3041"
"9,72 : 0.5187"
"72,9 : 0.5187"
"9,73 : 0.6061"
"73,9 : 0.6061"
"9,74 : 0.4866"
"74,9 : 0.4866"
"9,75 : 0.4357"
"75,9 : 0.4357"
"9,76 : 0.4717"
"76,9 : 0.4717"
"9,77 : 0.6595"
"77,9 : 0.6595"
"9,78 : 0.5968"
"78,9 : 0.5968"
"9,79 : 0.3795"
"79,9 : 0.3795"
"9,80 : 0.3324"
"80,9 : 0.3324"
"9,81 : 0.4793"
"81,9 : 0.4793"
"9,82 : 0.6172"
"82,9 : 0.6172"
"9,83 : 0.6014"
"83,9 : 0.6014"
"9,84 : 0.5515"
"84,9 : 0.5515"
"9,85 : 0.4215"
"85,9 : 0.4215"
"9,86 : 0.1844"
"86,9 : 0.1844"
"9,87 : 0.5412"
"87,9 : 0.5412"
"9,88 : 0.4657"
"88,9 : 0.4657"
"9,89 : 0.4071"
"89,9 : 0.4071"
"9,90 : 0.2404"
"90,9 : 0.2404"
"9,91 : 0.2408"
"91,9 : 0.2408"
"9,92 : 0.628"
"92,9 : 0.628"
"9,93 : 0.614"
"93,9 : 0.614"
"9,94 : 0.3662"
"94,9 : 0.3662"
"9,95 : 0.559"
"95,9 : 0.559"
"9,96 : 0.3362"
"96,9 : 0.3362"
"9,97 : 0.2441"
"97,9 : 0.2441"
"9,98 : 0.4276"
"98,9 : 0.4276"
"9,99 : 0.5109"
"99,9 : 0.5109"
"10,11 : 0.3444"
"11,10 : 0.3444"
"10,12 : 0.283"
"12,10 : 0.283"
"10,13 : 0.2953"
"13,10 : 0.2953"
"10,14 : 0.4428"
"14,10 : 0.4428"
"10,15 : 0.5558"
"15,10 : 0.5558"
"10,16 : 0.589"
"16,10 : 0.589"
"10,17 : 0.9242"
"17,10 : 0.9242"
"10,18 : 0.7446"
"18,10 : 0.7446"
"10,19 : 0.2691"
"19,10 : 0.2691"
"10,20 : 0.3225"
"20,10 : 0.3225"
"10,21 : 0.6665"
"21,10 : 0.6665"
"10,22 : 0.7117"
"22,10 : 0.7117"
"10,23 : 0.4295"
"23,10 : 0.4295"
"10,24 : 0.4704"
"24,10 : 0.4704"
"10,25 : 0.7382"
"25,10 : 0.7382"
"10,26 : 0.5423"
"26,10 : 0.5423"
"10,27 : 0.5665"
"27,10 : 0.5665"
"10,28 : 0.5385"
"28,10 : 0.5385"
"10,29 : 0.2419"
"29,10 : 0.2419"
"10,30 : 0.7877"
"30,10 : 0.7877"
"10,31 : 0.1844"
"31,10 : 0.1844"
"10,32 : 0.2421"
"32,10 : 0.2421"
"10,33 : 0.528"
"33,10 : 0.528"
"10,34 : 0.6621"
"34,10 : 0.6621"
"10,35 : 0.4827"
"35,10 : 0.4827"
"10,36 : 0.3585"
"36,10 : 0.3585"
"10,37 : 0.4308"
"37,10 : 0.4308"
"10,38 : 0.3722"
"38,10 : 0.3722"
"10,39 : 0.471"
"39,10 : 0.471"
"10,40 : 0.661"
"40,10 : 0.661"
"10,41 : 0.2907"
"41,10 : 0.2907"
"10,42 : 0.7829"
"42,10 : 0.7829"
"10,43 : 0.5187"
"43,10 : 0.5187"
"10,44 : 0.1237"
"44,10 : 0.1237"
"10,45 : 0.6908"
"45,10 : 0.6908"
"10,46 : 0.622"
"46,10 : 0.622"
"10,47 : 0.6719"
"47,10 : 0.6719"
"10,48 : 0.6185"
"48,10 : 0.6185"
"10,49 : 0.5869"
"49,10 : 0.5869"
"10,50 : 0.8737"
"50,10 : 0.8737"
"10,51 : 0.3373"
"51,10 : 0.3373"
"10,52 : 0.314"
"52,10 : 0.314"
"10,53 : 0.1565"
"53,10 : 0.1565"
"10,54 : 0.38"
"54,10 : 0.38"
"10,55 : 0.6719"
"55,10 : 0.6719"
"10,56 : 0.5064"
"56,10 : 0.5064"
"10,57 : 0.7336"
"57,10 : 0.7336"
"10,58 : 0.5025"
"58,10 : 0.5025"
"10,59 : 0.628"
"59,10 : 0.628"
"10,60 : 0.7782"
"60,10 : 0.7782"
"10,61 : 0.6675"
"61,10 : 0.6675"
"10,62 : 0.7009"
"62,10 : 0.7009"
"10,63 : 0.3966"
"63,10 : 0.3966"
"10,64 : 0.6627"
"64,10 : 0.6627"
"10,65 : 0.6152"
"65,10 : 0.6152"
"10,66 : 0.3178"
"66,10 : 0.3178"
"10,67 : 0.4215"
"67,10 : 0.4215"
"10,68 : 0.0943"
"68,10 : 0.0943"
"10,69 : 0.2617"
"69,10 : 0.2617"
"10,70 : 0.3068"
"70,10 : 0.3068"
"10,71 : 0.5682"
"71,10 : 0.5682"
"10,72 : 0.6519"
"72,10 : 0.6519"
"10,73 : 0.2335"
"73,10 : 0.2335"
"10,74 : 0.8089"
"74,10 : 0.8089"
"10,75 : 0.7921"
"75,10 : 0.7921"
"10,76 : 0.1237"
"76,10 : 0.1237"
"10,77 : 1.0259"
"77,10 : 1.0259"
"10,78 : 0.2195"
"78,10 : 0.2195"
"10,79 : 0.0894"
"79,10 : 0.0894"
"10,80 : 0.7066"
"80,10 : 0.7066"
"10,81 : 0.408"
"81,10 : 0.408"
"10,82 : 0.2816"
"82,10 : 0.2816"
"10,83 : 0.9708"
"83,10 : 0.9708"
"10,84 : 0.2025"
"84,10 : 0.2025"
"10,85 : 0.7961"
"85,10 : 0.7961"
"10,86 : 0.3945"
"86,10 : 0.3945"
"10,87 : 0.4031"
"87,10 : 0.4031"
"10,88 : 0.7849"
"88,10 : 0.7849"
"10,89 : 0.6801"
"89,10 : 0.6801"
"10,90 : 0.5652"
"90,10 : 0.5652"
"10,91 : 0.1612"
"91,10 : 0.1612"
"10,92 : 0.6073"
"92,10 : 0.6073"
"10,93 : 0.9758"
"93,10 : 0.9758"
"10,94 : 0.7286"
"94,10 : 0.7286"
"10,95 : 0.2012"
"95,10 : 0.2012"
"10,96 : 0.1749"
"96,10 : 0.1749"
"10,97 : 0.6096"
"97,10 : 0.6096"
"10,98 : 0.6648"
"98,10 : 0.6648"
"10,99 : 0.7218"
"99,10 : 0.7218"
"11,12 : 0.3081"
"12,11 : 0.3081"
"11,13 : 0.2943"
"13,11 : 0.2943"
"11,14 : 0.559"
"14,11 : 0.559"
"11,15 : 0.25"
"15,11 : 0.25"
"11,16 : 0.3081"
"16,11 : 0.3081"
"11,17 : 0.6426"
"17,11 : 0.6426"
"11,18 : 0.7998"
"18,11 : 0.7998"
"11,19 : 0.4925"
"19,11 : 0.4925"
"11,20 : 0.1985"
"20,11 : 0.1985"
"11,21 : 0.3225"
"21,11 : 0.3225"
"11,22 : 0.7425"
"22,11 : 0.7425"
"11,23 : 0.3483"
"23,11 : 0.3483"
"11,24 : 0.2062"
"24,11 : 0.2062"
"11,25 : 0.6135"
"25,11 : 0.6135"
"11,26 : 0.364"
"26,11 : 0.364"
"11,27 : 0.636"
"27,11 : 0.636"
"11,28 : 0.6665"
"28,11 : 0.6665"
"11,29 : 0.1389"
"29,11 : 0.1389"
"11,30 : 0.5239"
"30,11 : 0.5239"
"11,31 : 0.2717"
"31,11 : 0.2717"
"11,32 : 0.3758"
"32,11 : 0.3758"
"11,33 : 0.2025"
"33,11 : 0.2025"
"11,34 : 0.742"
"34,11 : 0.742"
"11,35 : 0.3053"
"35,11 : 0.3053"
"11,36 : 0.2907"
"36,11 : 0.2907"
"11,37 : 0.5324"
"37,11 : 0.5324"
"11,38 : 0.0412"
"38,11 : 0.0412"
"11,39 : 0.4252"
"39,11 : 0.4252"
"11,40 : 0.6595"
"40,11 : 0.6595"
"11,41 : 0.6236"
"41,11 : 0.6236"
"11,42 : 0.5604"
"42,11 : 0.5604"
"11,43 : 0.5882"
"43,11 : 0.5882"
"11,44 : 0.2816"
"44,11 : 0.2816"
"11,45 : 0.3479"
"45,11 : 0.3479"
"11,46 : 0.2907"
"46,11 : 0.2907"
"11,47 : 0.5192"
"47,11 : 0.5192"
"11,48 : 0.4258"
"48,11 : 0.4258"
"11,49 : 0.3895"
"49,11 : 0.3895"
"11,50 : 0.6044"
"50,11 : 0.6044"
"11,51 : 0.2209"
"51,11 : 0.2209"
"11,52 : 0.3453"
"52,11 : 0.3453"
"11,53 : 0.1879"
"53,11 : 0.1879"
"11,54 : 0.386"
"54,11 : 0.386"
"11,55 : 0.6931"
"55,11 : 0.6931"
"11,56 : 0.4188"
"56,11 : 0.4188"
"11,57 : 0.3895"
"57,11 : 0.3895"
"11,58 : 0.222"
"58,11 : 0.222"
"11,59 : 0.3982"
"59,11 : 0.3982"
"11,60 : 0.5508"
"60,11 : 0.5508"
"11,61 : 0.3536"
"61,11 : 0.3536"
"11,62 : 0.7151"
"62,11 : 0.7151"
"11,63 : 0.0728"
"63,11 : 0.0728"
"11,64 : 0.3614"
"64,11 : 0.3614"
"11,65 : 0.378"
"65,11 : 0.378"
"11,66 : 0.0283"
"66,11 : 0.0283"
"11,67 : 0.3202"
"67,11 : 0.3202"
"11,68 : 0.4272"
"68,11 : 0.4272"
"11,69 : 0.3008"
"69,11 : 0.3008"
"11,70 : 0.6021"
"70,11 : 0.6021"
"11,71 : 0.2247"
"71,11 : 0.2247"
"11,72 : 0.7094"
"72,11 : 0.7094"
"11,73 : 0.5714"
"73,11 : 0.5714"
"11,74 : 0.6772"
"74,11 : 0.6772"
"11,75 : 0.4771"
"75,11 : 0.4771"
"11,76 : 0.389"
"76,11 : 0.389"
"11,77 : 0.7156"
"77,11 : 0.7156"
"11,78 : 0.5404"
"78,11 : 0.5404"
"11,79 : 0.2983"
"79,11 : 0.2983"
"11,80 : 0.4801"
"80,11 : 0.4801"
"11,81 : 0.2816"
"81,11 : 0.2816"
"11,82 : 0.6239"
"82,11 : 0.6239"
"11,83 : 0.6673"
"83,11 : 0.6673"
"11,84 : 0.5463"
"84,11 : 0.5463"
"11,85 : 0.5622"
"85,11 : 0.5622"
"11,86 : 0.0583"
"86,11 : 0.0583"
"11,87 : 0.3523"
"87,11 : 0.3523"
"11,88 : 0.4469"
"88,11 : 0.4469"
"11,89 : 0.609"
"89,11 : 0.609"
"11,90 : 0.4386"
"90,11 : 0.4386"
"11,91 : 0.2902"
"91,11 : 0.2902"
"11,92 : 0.4264"
"92,11 : 0.4264"
"11,93 : 0.6603"
"93,11 : 0.6603"
"11,94 : 0.4249"
"94,11 : 0.4249"
"11,95 : 0.5456"
"95,11 : 0.5456"
"11,96 : 0.4"
"96,11 : 0.4"
"11,97 : 0.3228"
"97,11 : 0.3228"
"11,98 : 0.3228"
"98,11 : 0.3228"
"11,99 : 0.7122"
"99,11 : 0.7122"
"12,13 : 0.0224"
"13,12 : 0.0224"
"12,14 : 0.6981"
"14,12 : 0.6981"
"12,15 : 0.386"
"15,12 : 0.386"
"12,16 : 0.6161"
"16,12 : 0.6161"
"12,17 : 0.9487"
"17,12 : 0.9487"
"12,18 : 0.9879"
"18,12 : 0.9879"
"12,19 : 0.5467"
"19,12 : 0.5467"
"12,20 : 0.4374"
"20,12 : 0.4374"
"12,21 : 0.578"
"21,12 : 0.578"
"12,22 : 0.9441"
"22,12 : 0.9441"
"12,23 : 0.5894"
"23,12 : 0.5894"
"12,24 : 0.286"
"24,12 : 0.286"
"12,25 : 0.8896"
"25,12 : 0.8896"
"12,26 : 0.6507"
"26,12 : 0.6507"
"12,27 : 0.8099"
"27,12 : 0.8099"
"12,28 : 0.8016"
"28,12 : 0.8016"
"12,29 : 0.18"
"29,12 : 0.18"
"12,30 : 0.832"
"30,12 : 0.832"
"12,31 : 0.3859"
"31,12 : 0.3859"
"12,32 : 0.0985"
"32,12 : 0.0985"
"12,33 : 0.5033"
"33,12 : 0.5033"
"12,34 : 0.9126"
"34,12 : 0.9126"
"12,35 : 0.2335"
"35,12 : 0.2335"
"12,36 : 0.0906"
"36,12 : 0.0906"
"12,37 : 0.6801"
"37,12 : 0.6801"
"12,38 : 0.3493"
"38,12 : 0.3493"
"12,39 : 0.6546"
"39,12 : 0.6546"
"12,40 : 0.8773"
"40,12 : 0.8773"
"12,41 : 0.5457"
"41,12 : 0.5457"
"12,42 : 0.8647"
"42,12 : 0.8647"
"12,43 : 0.7601"
"43,12 : 0.7601"
"12,44 : 0.3421"
"44,12 : 0.3421"
"12,45 : 0.5728"
"45,12 : 0.5728"
"12,46 : 0.5814"
"46,12 : 0.5814"
"12,47 : 0.8031"
"47,12 : 0.8031"
"12,48 : 0.72"
"48,12 : 0.72"
"12,49 : 0.3302"
"49,12 : 0.3302"
"12,50 : 0.9121"
"50,12 : 0.9121"
"12,51 : 0.1204"
"51,12 : 0.1204"
"12,52 : 0.0412"
"52,12 : 0.0412"
"12,53 : 0.2417"
"53,12 : 0.2417"
"12,54 : 0.5818"
"54,12 : 0.5818"
"12,55 : 0.8989"
"55,12 : 0.8989"
"12,56 : 0.6694"
"56,12 : 0.6694"
"12,57 : 0.6389"
"57,12 : 0.6389"
"12,58 : 0.5295"
"58,12 : 0.5295"
"12,59 : 0.3833"
"59,12 : 0.3833"
"12,60 : 0.8559"
"60,12 : 0.8559"
"12,61 : 0.4888"
"61,12 : 0.4888"
"12,62 : 0.9257"
"62,12 : 0.9257"
"12,63 : 0.3808"
"63,12 : 0.3808"
"12,64 : 0.4696"
"64,12 : 0.4696"
"12,65 : 0.3766"
"65,12 : 0.3766"
"12,66 : 0.2844"
"66,12 : 0.2844"
"12,67 : 0.1503"
"67,12 : 0.1503"
"12,68 : 0.2983"
"68,12 : 0.2983"
"12,69 : 0.4607"
"69,12 : 0.4607"
"12,70 : 0.586"
"70,12 : 0.586"
"12,71 : 0.494"
"71,12 : 0.494"
"12,72 : 0.8936"
"72,12 : 0.8936"
"12,73 : 0.4101"
"73,12 : 0.4101"
"12,74 : 0.9575"
"74,12 : 0.9575"
"12,75 : 0.7739"
"75,12 : 0.7739"
"12,76 : 0.2121"
"76,12 : 0.2121"
"12,77 : 1.0107"
"77,12 : 1.0107"
"12,78 : 0.3523"
"78,12 : 0.3523"
"12,79 : 0.1942"
"79,12 : 0.1942"
"12,80 : 0.7841"
"80,12 : 0.7841"
"12,81 : 0.153"
"81,12 : 0.153"
"12,82 : 0.5148"
"82,12 : 0.5148"
"12,83 : 0.9666"
"83,12 : 0.9666"
"12,84 : 0.4374"
"84,12 : 0.4374"
"12,85 : 0.8683"
"85,12 : 0.8683"
"12,86 : 0.364"
"86,12 : 0.364"
"12,87 : 0.1208"
"87,12 : 0.1208"
"12,88 : 0.7185"
"88,12 : 0.7185"
"12,89 : 0.8613"
"89,12 : 0.8613"
"12,90 : 0.7086"
"90,12 : 0.7086"
"12,91 : 0.3801"
"91,12 : 0.3801"
"12,92 : 0.3413"
"92,12 : 0.3413"
"12,93 : 0.9529"
"93,12 : 0.9529"
"12,94 : 0.728"
"94,12 : 0.728"
"12,95 : 0.4243"
"95,12 : 0.4243"
"12,96 : 0.446"
"96,12 : 0.446"
"12,97 : 0.6306"
"97,12 : 0.6306"
"12,98 : 0.5445"
"98,12 : 0.5445"
"12,99 : 0.9362"
"99,12 : 0.9362"
"13,14 : 0.7029"
"14,13 : 0.7029"
"13,15 : 0.364"
"15,13 : 0.364"
"13,16 : 0.6021"
"16,13 : 0.6021"
"13,17 : 0.933"
"17,13 : 0.933"
"13,18 : 0.9902"
"18,13 : 0.9902"
"13,19 : 0.5561"
"19,13 : 0.5561"
"13,20 : 0.4317"
"20,13 : 0.4317"
"13,21 : 0.558"
"21,13 : 0.558"
