x,y
0.5,0.46
0.86,0.48
0.1,0.47
0.69,0.65
0.18,0.7
0.33,0.49
0.75,0.92
0.32,0.01
0.13,0.75
0.92,0.23
0.63,0.53
0.4,0.85
0.63,0.75
0.41,0.12
0.57,0.78
0.16,0.37
0.06,0.34
0.65,0.15
0.26,0.85
0.65,0.82
0.51,0.45
0.66,0.68
0.33,0.58
0.78,0.15
0.3,0.63
0.34,0.24
0.83,0.81
0.37,0.13
0.82,0.25
0.07,0.93
0.58,0.76
0.08,0.01
0.86,0.81
0.06,0.4
0.31,0.87
0.65,0.34
0.77,0.02
0.58,0.18
0.31,0.39
0.32,0.52
0.82,0.03
0.17,1.0
0.54,0.02
0.96,0.76
0.52,0.89
0.22,0.93
0.63,0.31
0.93,0.42
0.79,0.02
0.5,0.16
0.84,0.71
0.15,0.28
0.52,0.76
0.06,0.81
0.86,0.62
0.42,0.36
0.21,0.35
0.31,0.83
0.15,0.13
0.33,0.69
0.01,0.83
1.0,0.79
0.6,0.99
0.08,0.42
0.66,0.94
0.11,1.0
0.18,0.22
0.09,0.45
0.47,0.23
0.81,0.87
0.2,0.52
0.14,0.5
0.25,0.32
0.65,0.65
0.02,0.67
0.74,0.87
0.79,0.6
0.63,0.19
0.11,0.78
0.83,0.82
0.37,0.68
0.43,0.01
0.06,0.35
0.57,0.91
0.6,0.31
0.52,0.91
0.47,0.43
1.0,0.89
0.23,0.31
0.95,0.16
0.19,0.09
0.34,0.46
0.47,0.24
0.25,0.2
0.51,0.35
0.01,0.67
0.54,0.88
0.77,0.59
0.17,0.85
0.14,0.23

Distanze
"0,1 : 0.3606"
"1,0 : 0.3606"
"0,2 : 0.4001"
"2,0 : 0.4001"
"0,3 : 0.2687"
"3,0 : 0.2687"
"0,4 : 0.4"
"4,0 : 0.4"
"0,5 : 0.1726"
"5,0 : 0.1726"
"0,6 : 0.5235"
"6,0 : 0.5235"
"0,7 : 0.4847"
"7,0 : 0.4847"
"0,8 : 0.4701"
"8,0 : 0.4701"
"0,9 : 0.4789"
"9,0 : 0.4789"
"0,10 : 0.1476"
"10,0 : 0.1476"
"0,11 : 0.4026"
"11,0 : 0.4026"
"0,12 : 0.3178"
"12,0 : 0.3178"
"0,13 : 0.3517"
"13,0 : 0.3517"
"0,14 : 0.3276"
"14,0 : 0.3276"
"0,15 : 0.3517"
"15,0 : 0.3517"
"0,16 : 0.4561"
"16,0 : 0.4561"
"0,17 : 0.3444"
"17,0 : 0.3444"
"0,18 : 0.4579"
"18,0 : 0.4579"
"0,19 : 0.39"
"19,0 : 0.39"
"0,20 : 0.0141"
"20,0 : 0.0141"
"0,21 : 0.272"
"21,0 : 0.272"
"0,22 : 0.2081"
"22,0 : 0.2081"
"0,23 : 0.4177"
"23,0 : 0.4177"
"0,24 : 0.2625"
"24,0 : 0.2625"
"0,25 : 0.272"
"25,0 : 0.272"
"0,26 : 0.481"
"26,0 : 0.481"
"0,27 : 0.3547"
"27,0 : 0.3547"
"0,28 : 0.3828"
"28,0 : 0.3828"
"0,29 : 0.637"
"29,0 : 0.637"
"0,30 : 0.3105"
"30,0 : 0.3105"
"0,31 : 0.6155"
"31,0 : 0.6155"
"0,32 : 0.5021"
"32,0 : 0.5021"
"0,33 : 0.4441"
"33,0 : 0.4441"
"0,34 : 0.4519"
"34,0 : 0.4519"
"0,35 : 0.1921"
"35,0 : 0.1921"
"0,36 : 0.5162"
"36,0 : 0.5162"
"0,37 : 0.2912"
"37,0 : 0.2912"
"0,38 : 0.2025"
"38,0 : 0.2025"
"0,39 : 0.1897"
"39,0 : 0.1897"
"0,40 : 0.536"
"40,0 : 0.536"
"0,41 : 0.6329"
"41,0 : 0.6329"
"0,42 : 0.4418"
"42,0 : 0.4418"
"0,43 : 0.5492"
"43,0 : 0.5492"
"0,44 : 0.4305"
"44,0 : 0.4305"
"0,45 : 0.5471"
"45,0 : 0.5471"
"0,46 : 0.1985"
"46,0 : 0.1985"
"0,47 : 0.4319"
"47,0 : 0.4319"
"0,48 : 0.527"
"48,0 : 0.527"
"0,49 : 0.3"
"49,0 : 0.3"
"0,50 : 0.422"
"50,0 : 0.422"
"0,51 : 0.3936"
"51,0 : 0.3936"
"0,52 : 0.3007"
"52,0 : 0.3007"
"0,53 : 0.5622"
"53,0 : 0.5622"
"0,54 : 0.394"
"54,0 : 0.394"
"0,55 : 0.1281"
"55,0 : 0.1281"
"0,56 : 0.3102"
"56,0 : 0.3102"
"0,57 : 0.4159"
"57,0 : 0.4159"
"0,58 : 0.481"
"58,0 : 0.481"
"0,59 : 0.286"
"59,0 : 0.286"
"0,60 : 0.614"
"60,0 : 0.614"
"0,61 : 0.5991"
"61,0 : 0.5991"
"0,62 : 0.5394"
"62,0 : 0.5394"
"0,63 : 0.4219"
"63,0 : 0.4219"
"0,64 : 0.506"
"64,0 : 0.506"
"0,65 : 0.6661"
"65,0 : 0.6661"
"0,66 : 0.4"
"66,0 : 0.4"
"0,67 : 0.4101"
"67,0 : 0.4101"
"0,68 : 0.2319"
"68,0 : 0.2319"
"0,69 : 0.514"
"69,0 : 0.514"
"0,70 : 0.3059"
"70,0 : 0.3059"
"0,71 : 0.3622"
"71,0 : 0.3622"
"0,72 : 0.2865"
"72,0 : 0.2865"
"0,73 : 0.2421"
"73,0 : 0.2421"
"0,74 : 0.5239"
"74,0 : 0.5239"
"0,75 : 0.4751"
"75,0 : 0.4751"
"0,76 : 0.322"
"76,0 : 0.322"
"0,77 : 0.2997"
"77,0 : 0.2997"
"0,78 : 0.5045"
"78,0 : 0.5045"
"0,79 : 0.4884"
"79,0 : 0.4884"
"0,80 : 0.2555"
"80,0 : 0.2555"
"0,81 : 0.4554"
"81,0 : 0.4554"
"0,82 : 0.4535"
"82,0 : 0.4535"
"0,83 : 0.4554"
"83,0 : 0.4554"
"0,84 : 0.1803"
"84,0 : 0.1803"
"0,85 : 0.4504"
"85,0 : 0.4504"
"0,86 : 0.0424"
"86,0 : 0.0424"
"0,87 : 0.6595"
"87,0 : 0.6595"
"0,88 : 0.3089"
"88,0 : 0.3089"
"0,89 : 0.5408"
"89,0 : 0.5408"
"0,90 : 0.4827"
"90,0 : 0.4827"
"0,91 : 0.16"
"91,0 : 0.16"
"0,92 : 0.222"
"92,0 : 0.222"
"0,93 : 0.3607"
"93,0 : 0.3607"
"0,94 : 0.1105"
"94,0 : 0.1105"
"0,95 : 0.5331"
"95,0 : 0.5331"
"0,96 : 0.4219"
"96,0 : 0.4219"
"0,97 : 0.2997"
"97,0 : 0.2997"
"0,98 : 0.5109"
"98,0 : 0.5109"
"0,99 : 0.4272"
"99,0 : 0.4272"
"1,2 : 0.7601"
"2,1 : 0.7601"
"1,3 : 0.2404"
"3,1 : 0.2404"
"1,4 : 0.7147"
"4,1 : 0.7147"
"1,5 : 0.5301"
"5,1 : 0.5301"
"1,6 : 0.4535"
"6,1 : 0.4535"
"1,7 : 0.7159"
"7,1 : 0.7159"
"1,8 : 0.7783"
"8,1 : 0.7783"
"1,9 : 0.2571"
"9,1 : 0.2571"
"1,10 : 0.2354"
"10,1 : 0.2354"
"1,11 : 0.5903"
"11,1 : 0.5903"
"1,12 : 0.3547"
"12,1 : 0.3547"
"1,13 : 0.5763"
"13,1 : 0.5763"
"1,14 : 0.4173"
"14,1 : 0.4173"
"1,15 : 0.7086"
"15,1 : 0.7086"
"1,16 : 0.8122"
"16,1 : 0.8122"
"1,17 : 0.3912"
"17,1 : 0.3912"
"1,18 : 0.7049"
"18,1 : 0.7049"
"1,19 : 0.3996"
"19,1 : 0.3996"
"1,20 : 0.3513"
"20,1 : 0.3513"
"1,21 : 0.2828"
"21,1 : 0.2828"
"1,22 : 0.5394"
"22,1 : 0.5394"
"1,23 : 0.3396"
"23,1 : 0.3396"
"1,24 : 0.5797"
"24,1 : 0.5797"
"1,25 : 0.5727"
"25,1 : 0.5727"
"1,26 : 0.3314"
"26,1 : 0.3314"
"1,27 : 0.6022"
"27,1 : 0.6022"
"1,28 : 0.2335"
"28,1 : 0.2335"
"1,29 : 0.9092"
"29,1 : 0.9092"
"1,30 : 0.396"
"30,1 : 0.396"
"1,31 : 0.9107"
"31,1 : 0.9107"
"1,32 : 0.33"
"32,1 : 0.33"
"1,33 : 0.804"
"33,1 : 0.804"
"1,34 : 0.6742"
"34,1 : 0.6742"
"1,35 : 0.2524"
"35,1 : 0.2524"
"1,36 : 0.4687"
"36,1 : 0.4687"
"1,37 : 0.4104"
"37,1 : 0.4104"
"1,38 : 0.5573"
"38,1 : 0.5573"
"1,39 : 0.5415"
"39,1 : 0.5415"
"1,40 : 0.4518"
"40,1 : 0.4518"
"1,41 : 0.864"
"41,1 : 0.864"
"1,42 : 0.5604"
"42,1 : 0.5604"
"1,43 : 0.2973"
"43,1 : 0.2973"
"1,44 : 0.5326"
"44,1 : 0.5326"
"1,45 : 0.7824"
"45,1 : 0.7824"
"1,46 : 0.286"
"46,1 : 0.286"
"1,47 : 0.0922"
"47,1 : 0.0922"
"1,48 : 0.4653"
"48,1 : 0.4653"
"1,49 : 0.4817"
"49,1 : 0.4817"
"1,50 : 0.2309"
"50,1 : 0.2309"
"1,51 : 0.7376"
"51,1 : 0.7376"
"1,52 : 0.4405"
"52,1 : 0.4405"
"1,53 : 0.8654"
"53,1 : 0.8654"
"1,54 : 0.14"
"54,1 : 0.14"
"1,55 : 0.4561"
"55,1 : 0.4561"
"1,56 : 0.6629"
"56,1 : 0.6629"
"1,57 : 0.6519"
"57,1 : 0.6519"
"1,58 : 0.7916"
"58,1 : 0.7916"
"1,59 : 0.5701"
"59,1 : 0.5701"
"1,60 : 0.9192"
"60,1 : 0.9192"
"1,61 : 0.3401"
"61,1 : 0.3401"
"1,62 : 0.5725"
"62,1 : 0.5725"
"1,63 : 0.7823"
"63,1 : 0.7823"
"1,64 : 0.5016"
"64,1 : 0.5016"
"1,65 : 0.9126"
"65,1 : 0.9126"
"1,66 : 0.728"
"66,1 : 0.728"
"1,67 : 0.7706"
"67,1 : 0.7706"
"1,68 : 0.4632"
"68,1 : 0.4632"
"1,69 : 0.3932"
"69,1 : 0.3932"
"1,70 : 0.6612"
"70,1 : 0.6612"
"1,71 : 0.7203"
"71,1 : 0.7203"
"1,72 : 0.6306"
"72,1 : 0.6306"
"1,73 : 0.2702"
"73,1 : 0.2702"
"1,74 : 0.8612"
"74,1 : 0.8612"
"1,75 : 0.408"
"75,1 : 0.408"
"1,76 : 0.1389"
"76,1 : 0.1389"
"1,77 : 0.3701"
"77,1 : 0.3701"
"1,78 : 0.8078"
"78,1 : 0.8078"
"1,79 : 0.3413"
"79,1 : 0.3413"
"1,80 : 0.5292"
"80,1 : 0.5292"
"1,81 : 0.637"
"81,1 : 0.637"
"1,82 : 0.8105"
"82,1 : 0.8105"
"1,83 : 0.5187"
"83,1 : 0.5187"
"1,84 : 0.3106"
"84,1 : 0.3106"
"1,85 : 0.5482"
"85,1 : 0.5482"
"1,86 : 0.3932"
"86,1 : 0.3932"
"1,87 : 0.4332"
"87,1 : 0.4332"
"1,88 : 0.6525"
"88,1 : 0.6525"
"1,89 : 0.3324"
"89,1 : 0.3324"
"1,90 : 0.7752"
"90,1 : 0.7752"
"1,91 : 0.5204"
"91,1 : 0.5204"
"1,92 : 0.4579"
"92,1 : 0.4579"
"1,93 : 0.6712"
"93,1 : 0.6712"
"1,94 : 0.3734"
"94,1 : 0.3734"
"1,95 : 0.871"
"95,1 : 0.871"
"1,96 : 0.5122"
"96,1 : 0.5122"
"1,97 : 0.1421"
"97,1 : 0.1421"
"1,98 : 0.7829"
"98,1 : 0.7829"
"1,99 : 0.7622"
"99,1 : 0.7622"
"2,3 : 0.6168"
"3,2 : 0.6168"
"2,4 : 0.2435"
"4,2 : 0.2435"
"2,5 : 0.2309"
"5,2 : 0.2309"
"2,6 : 0.7906"
"6,2 : 0.7906"
"2,7 : 0.5099"
"7,2 : 0.5099"
"2,8 : 0.2816"
"8,2 : 0.2816"
"2,9 : 0.8544"
"9,2 : 0.8544"
"2,10 : 0.5334"
"10,2 : 0.5334"
"2,11 : 0.4841"
"11,2 : 0.4841"
"2,12 : 0.5994"
"12,2 : 0.5994"
"2,13 : 0.4675"
"13,2 : 0.4675"
"2,14 : 0.563"
"14,2 : 0.563"
"2,15 : 0.1166"
"15,2 : 0.1166"
"2,16 : 0.136"
"16,2 : 0.136"
"2,17 : 0.6363"
"17,2 : 0.6363"
"2,18 : 0.4123"
"18,2 : 0.4123"
"2,19 : 0.6519"
"19,2 : 0.6519"
"2,20 : 0.4105"
"20,2 : 0.4105"
"2,21 : 0.5981"
"21,2 : 0.5981"
"2,22 : 0.255"
"22,2 : 0.255"
"2,23 : 0.7515"
"23,2 : 0.7515"
"2,24 : 0.2561"
"24,2 : 0.2561"
"2,25 : 0.3324"
"25,2 : 0.3324"
"2,26 : 0.8053"
"26,2 : 0.8053"
"2,27 : 0.4342"
"27,2 : 0.4342"
"2,28 : 0.7529"
"28,2 : 0.7529"
"2,29 : 0.461"
"29,2 : 0.461"
"2,30 : 0.5608"
"30,2 : 0.5608"
"2,31 : 0.4604"
"31,2 : 0.4604"
"2,32 : 0.8326"
"32,2 : 0.8326"
"2,33 : 0.0806"
"33,2 : 0.0806"
"2,34 : 0.4518"
"34,2 : 0.4518"
"2,35 : 0.5652"
"35,2 : 0.5652"
"2,36 : 0.8071"
"36,2 : 0.8071"
"2,37 : 0.5608"
"37,2 : 0.5608"
"2,38 : 0.2247"
"38,2 : 0.2247"
"2,39 : 0.2256"
"39,2 : 0.2256"
"2,40 : 0.8438"
"40,2 : 0.8438"
"2,41 : 0.5346"
"41,2 : 0.5346"
"2,42 : 0.6294"
"42,2 : 0.6294"
"2,43 : 0.9076"
"43,2 : 0.9076"
"2,44 : 0.594"
"44,2 : 0.594"
"2,45 : 0.4754"
"45,2 : 0.4754"
"2,46 : 0.5536"
"46,2 : 0.5536"
"2,47 : 0.8315"
"47,2 : 0.8315"
"2,48 : 0.8238"
"48,2 : 0.8238"
"2,49 : 0.5061"
"49,2 : 0.5061"
"2,50 : 0.7779"
"50,2 : 0.7779"
"2,51 : 0.1965"
"51,2 : 0.1965"
"2,52 : 0.5104"
"52,2 : 0.5104"
"2,53 : 0.3423"
"53,2 : 0.3423"
"2,54 : 0.7747"
"54,2 : 0.7747"
"2,55 : 0.3384"
"55,2 : 0.3384"
"2,56 : 0.1628"
"56,2 : 0.1628"
"2,57 : 0.4168"
"57,2 : 0.4168"
"2,58 : 0.3437"
"58,2 : 0.3437"
"2,59 : 0.3183"
"59,2 : 0.3183"
"2,60 : 0.3711"
"60,2 : 0.3711"
"2,61 : 0.9552"
"61,2 : 0.9552"
"2,62 : 0.7214"
"62,2 : 0.7214"
"2,63 : 0.0539"
"63,2 : 0.0539"
"2,64 : 0.7311"
"64,2 : 0.7311"
"2,65 : 0.5301"
"65,2 : 0.5301"
"2,66 : 0.2625"
"66,2 : 0.2625"
"2,67 : 0.0224"
"67,2 : 0.0224"
"2,68 : 0.441"
"68,2 : 0.441"
"2,69 : 0.8149"
"69,2 : 0.8149"
"2,70 : 0.1118"
"70,2 : 0.1118"
"2,71 : 0.05"
"71,2 : 0.05"
"2,72 : 0.2121"
"72,2 : 0.2121"
"2,73 : 0.5787"
"73,2 : 0.5787"
"2,74 : 0.2154"
"74,2 : 0.2154"
"2,75 : 0.7547"
"75,2 : 0.7547"
"2,76 : 0.7021"
"76,2 : 0.7021"
"2,77 : 0.5994"
"77,2 : 0.5994"
"2,78 : 0.3102"
"78,2 : 0.3102"
"2,79 : 0.8096"
"79,2 : 0.8096"
"2,80 : 0.3421"
"80,2 : 0.3421"
"2,81 : 0.5661"
"81,2 : 0.5661"
"2,82 : 0.1265"
"82,2 : 0.1265"
"2,83 : 0.6438"
"83,2 : 0.6438"
"2,84 : 0.525"
"84,2 : 0.525"
"2,85 : 0.6083"
"85,2 : 0.6083"
"2,86 : 0.3722"
"86,2 : 0.3722"
"2,87 : 0.9932"
"87,2 : 0.9932"
"2,88 : 0.2062"
"88,2 : 0.2062"
"2,89 : 0.9048"
"89,2 : 0.9048"
"2,90 : 0.3905"
"90,2 : 0.3905"
"2,91 : 0.2402"
"91,2 : 0.2402"
"2,92 : 0.4357"
"92,2 : 0.4357"
"2,93 : 0.3089"
"93,2 : 0.3089"
"2,94 : 0.4272"
"94,2 : 0.4272"
"2,95 : 0.2193"
"95,2 : 0.2193"
"2,96 : 0.6014"
"96,2 : 0.6014"
"2,97 : 0.6807"
"97,2 : 0.6807"
"2,98 : 0.3864"
"98,2 : 0.3864"
"2,99 : 0.2433"
"99,2 : 0.2433"
"3,4 : 0.5124"
"4,3 : 0.5124"
"3,5 : 0.394"
"5,3 : 0.394"
"3,6 : 0.2766"
"6,3 : 0.2766"
"3,7 : 0.7393"
"7,3 : 0.7393"
"3,8 : 0.5689"
"8,3 : 0.5689"
"3,9 : 0.4789"
"9,3 : 0.4789"
"3,10 : 0.1342"
"10,3 : 0.1342"
"3,11 : 0.3523"
"11,3 : 0.3523"
"3,12 : 0.1166"
"12,3 : 0.1166"
"3,13 : 0.5994"
"13,3 : 0.5994"
"3,14 : 0.1769"
"14,3 : 0.1769"
"3,15 : 0.5994"
"15,3 : 0.5994"
"3,16 : 0.7021"
"16,3 : 0.7021"
"3,17 : 0.5016"
"17,3 : 0.5016"
"3,18 : 0.4742"
"18,3 : 0.4742"
"3,19 : 0.1746"
"19,3 : 0.1746"
"3,20 : 0.2691"
"20,3 : 0.2691"
"3,21 : 0.0424"
"21,3 : 0.0424"
"3,22 : 0.3667"
"22,3 : 0.3667"
"3,23 : 0.508"
"23,3 : 0.508"
"3,24 : 0.3905"
"24,3 : 0.3905"
"3,25 : 0.5391"
"25,3 : 0.5391"
"3,26 : 0.2126"
"26,3 : 0.2126"
"3,27 : 0.6106"
"27,3 : 0.6106"
"3,28 : 0.4206"
"28,3 : 0.4206"
"3,29 : 0.6803"
"29,3 : 0.6803"
"3,30 : 0.1556"
"30,3 : 0.1556"
"3,31 : 0.8841"
"31,3 : 0.8841"
"3,32 : 0.2335"
"32,3 : 0.2335"
"3,33 : 0.6778"
"33,3 : 0.6778"
"3,34 : 0.4391"
"34,3 : 0.4391"
"3,35 : 0.3126"
"35,3 : 0.3126"
"3,36 : 0.6351"
"36,3 : 0.6351"
"3,37 : 0.4827"
"37,3 : 0.4827"
"3,38 : 0.4604"
"38,3 : 0.4604"
"3,39 : 0.3922"
"39,3 : 0.3922"
"3,40 : 0.6335"
"40,3 : 0.6335"
"3,41 : 0.6268"
"41,3 : 0.6268"
"3,42 : 0.6476"
"42,3 : 0.6476"
"3,43 : 0.2915"
"43,3 : 0.2915"
"3,44 : 0.2941"
"44,3 : 0.2941"
"3,45 : 0.5471"
"45,3 : 0.5471"
"3,46 : 0.3453"
"46,3 : 0.3453"
"3,47 : 0.3324"
"47,3 : 0.3324"
"3,48 : 0.6379"
"48,3 : 0.6379"
"3,49 : 0.5255"
"49,3 : 0.5255"
"3,50 : 0.1616"
"50,3 : 0.1616"
"3,51 : 0.6546"
"51,3 : 0.6546"
"3,52 : 0.2025"
"52,3 : 0.2025"
"3,53 : 0.65"
"53,3 : 0.65"
"3,54 : 0.1726"
"54,3 : 0.1726"
"3,55 : 0.3962"
"55,3 : 0.3962"
"3,56 : 0.566"
"56,3 : 0.566"
"3,57 : 0.4205"
"57,3 : 0.4205"
"3,58 : 0.7497"
"58,3 : 0.7497"
"3,59 : 0.3622"
"59,3 : 0.3622"
"3,60 : 0.7034"
"60,3 : 0.7034"
"3,61 : 0.3401"
"61,3 : 0.3401"
"3,62 : 0.3517"
"62,3 : 0.3517"
"3,63 : 0.6519"
"63,3 : 0.6519"
"3,64 : 0.2915"
"64,3 : 0.2915"
"3,65 : 0.6774"
"65,3 : 0.6774"
"3,66 : 0.6671"
"66,3 : 0.6671"
"3,67 : 0.6325"
"67,3 : 0.6325"
"3,68 : 0.4741"
"68,3 : 0.4741"
"3,69 : 0.2506"
"69,3 : 0.2506"
"3,70 : 0.507"
"70,3 : 0.507"
"3,71 : 0.5701"
"71,3 : 0.5701"
"3,72 : 0.55"
"72,3 : 0.55"
"3,73 : 0.04"
"73,3 : 0.04"
"3,74 : 0.6703"
"74,3 : 0.6703"
"3,75 : 0.2256"
"75,3 : 0.2256"
"3,76 : 0.1118"
"76,3 : 0.1118"
"3,77 : 0.4639"
"77,3 : 0.4639"
"3,78 : 0.5944"
"78,3 : 0.5944"
"3,79 : 0.2202"
"79,3 : 0.2202"
"3,80 : 0.3214"
"80,3 : 0.3214"
"3,81 : 0.6908"
"81,3 : 0.6908"
"3,82 : 0.6978"
"82,3 : 0.6978"
"3,83 : 0.2864"
"83,3 : 0.2864"
"3,84 : 0.3517"
"84,3 : 0.3517"
"3,85 : 0.3106"
"85,3 : 0.3106"
"3,86 : 0.3111"
"86,3 : 0.3111"
"3,87 : 0.392"
"87,3 : 0.392"
"3,88 : 0.572"
"88,3 : 0.572"
"3,89 : 0.5547"
"89,3 : 0.5547"
"3,90 : 0.7507"
"90,3 : 0.7507"
"3,91 : 0.3982"
"91,3 : 0.3982"
"3,92 : 0.4653"
"92,3 : 0.4653"
"3,93 : 0.6294"
"93,3 : 0.6294"
"3,94 : 0.3499"
"94,3 : 0.3499"
"3,95 : 0.6803"
"95,3 : 0.6803"
"3,96 : 0.2746"
"96,3 : 0.2746"
"3,97 : 0.1"
"97,3 : 0.1"
"3,98 : 0.5571"
"98,3 : 0.5571"
"3,99 : 0.692"
"99,3 : 0.692"
"4,5 : 0.2581"
"5,4 : 0.2581"
"4,6 : 0.611"
"6,4 : 0.611"
"4,7 : 0.7041"
"7,4 : 0.7041"
"4,8 : 0.0707"
"8,4 : 0.0707"
"4,9 : 0.8766"
"9,4 : 0.8766"
"4,10 : 0.481"
"10,4 : 0.481"
"4,11 : 0.2663"
"11,4 : 0.2663"
"4,12 : 0.4528"
"12,4 : 0.4528"
"4,13 : 0.6239"
"13,4 : 0.6239"
"4,14 : 0.3981"
"14,4 : 0.3981"
"4,15 : 0.3306"
"15,4 : 0.3306"
"4,16 : 0.3795"
"16,4 : 0.3795"
"4,17 : 0.7235"
"17,4 : 0.7235"
"4,18 : 0.17"
"18,4 : 0.17"
"4,19 : 0.4851"
"19,4 : 0.4851"
"4,20 : 0.414"
"20,4 : 0.414"
"4,21 : 0.4804"
"21,4 : 0.4804"
"4,22 : 0.1921"
"22,4 : 0.1921"
"4,23 : 0.8139"
"23,4 : 0.8139"
"4,24 : 0.1389"
"24,4 : 0.1389"
"4,25 : 0.487"
"25,4 : 0.487"
"4,26 : 0.6592"
"26,4 : 0.6592"
"4,27 : 0.6008"
"27,4 : 0.6008"
"4,28 : 0.7824"
"28,4 : 0.7824"
"4,29 : 0.255"
"29,4 : 0.255"
"4,30 : 0.4045"
"30,4 : 0.4045"
"4,31 : 0.6972"
"31,4 : 0.6972"
"4,32 : 0.6888"
"32,4 : 0.6888"
"4,33 : 0.3231"
"33,4 : 0.3231"
"4,34 : 0.214"
"34,4 : 0.214"
"4,35 : 0.592"
"35,4 : 0.592"
"4,36 : 0.9003"
"36,4 : 0.9003"
"4,37 : 0.656"
"37,4 : 0.656"
"4,38 : 0.3362"
"38,4 : 0.3362"
"4,39 : 0.228"
"39,4 : 0.228"
"4,40 : 0.9266"
"40,4 : 0.9266"
"4,41 : 0.3002"
"41,4 : 0.3002"
"4,42 : 0.7694"
"42,4 : 0.7694"
"4,43 : 0.7823"
"43,4 : 0.7823"
"4,44 : 0.3895"
"44,4 : 0.3895"
"4,45 : 0.2335"
"45,4 : 0.2335"
"4,46 : 0.5955"
"46,4 : 0.5955"
"4,47 : 0.8006"
"47,4 : 0.8006"
"4,48 : 0.9135"
"48,4 : 0.9135"
"4,49 : 0.6277"
"49,4 : 0.6277"
"4,50 : 0.6601"
"50,4 : 0.6601"
"4,51 : 0.4211"
"51,4 : 0.4211"
"4,52 : 0.3453"
"52,4 : 0.3453"
"4,53 : 0.1628"
"53,4 : 0.1628"
"4,54 : 0.6847"
"54,4 : 0.6847"
"4,55 : 0.4162"
"55,4 : 0.4162"
"4,56 : 0.3513"
"56,4 : 0.3513"
"4,57 : 0.1838"
"57,4 : 0.1838"
"4,58 : 0.5708"
"58,4 : 0.5708"
"4,59 : 0.1503"
"59,4 : 0.1503"
"4,60 : 0.214"
"60,4 : 0.214"
"4,61 : 0.8249"
"61,4 : 0.8249"
"4,62 : 0.5104"
"62,4 : 0.5104"
"4,63 : 0.2973"
"63,4 : 0.2973"
"4,64 : 0.5367"
"64,4 : 0.5367"
"4,65 : 0.3081"
"65,4 : 0.3081"
"4,66 : 0.48"
"66,4 : 0.48"
"4,67 : 0.2657"
"67,4 : 0.2657"
"4,68 : 0.5523"
"68,4 : 0.5523"
"4,69 : 0.6525"
"69,4 : 0.6525"
"4,70 : 0.1811"
"70,4 : 0.1811"
"4,71 : 0.204"
"71,4 : 0.204"
"4,72 : 0.3864"
"72,4 : 0.3864"
"4,73 : 0.4727"
"73,4 : 0.4727"
"4,74 : 0.1628"
"74,4 : 0.1628"
"4,75 : 0.5852"
"75,4 : 0.5852"
"4,76 : 0.6181"
"76,4 : 0.6181"
"4,77 : 0.6801"
"77,4 : 0.6801"
"4,78 : 0.1063"
"78,4 : 0.1063"
"4,79 : 0.661"
"79,4 : 0.661"
"4,80 : 0.191"
"80,4 : 0.191"
"4,81 : 0.7339"
"81,4 : 0.7339"
"4,82 : 0.37"
"82,4 : 0.37"
"4,83 : 0.4429"
"83,4 : 0.4429"
"4,84 : 0.5731"
"84,4 : 0.5731"
"4,85 : 0.3996"
"85,4 : 0.3996"
"4,86 : 0.3962"
"86,4 : 0.3962"
"4,87 : 0.8417"
"87,4 : 0.8417"
"4,88 : 0.3932"
"88,4 : 0.3932"
"4,89 : 0.9405"
"89,4 : 0.9405"
"4,90 : 0.6101"
"90,4 : 0.6101"
"4,91 : 0.2884"
"91,4 : 0.2884"
"4,92 : 0.5438"
"92,4 : 0.5438"
"4,93 : 0.5049"
"93,4 : 0.5049"
"4,94 : 0.481"
"94,4 : 0.481"
"4,95 : 0.1726"
"95,4 : 0.1726"
"4,96 : 0.4025"
"96,4 : 0.4025"
"4,97 : 0.6002"
"97,4 : 0.6002"
"4,98 : 0.1503"
"98,4 : 0.1503"
"4,99 : 0.4717"
"99,4 : 0.4717"
"5,6 : 0.6011"
"6,5 : 0.6011"
"5,7 : 0.4801"
"7,5 : 0.4801"
"5,8 : 0.328"
"8,5 : 0.328"
"5,9 : 0.6447"
"9,5 : 0.6447"
"5,10 : 0.3027"
"10,5 : 0.3027"
"5,11 : 0.3667"
"11,5 : 0.3667"
"5,12 : 0.397"
"12,5 : 0.397"
"5,13 : 0.3785"
"13,5 : 0.3785"
"5,14 : 0.3764"
"14,5 : 0.3764"
"5,15 : 0.2081"
"15,5 : 0.2081"
"5,16 : 0.3089"
"16,5 : 0.3089"
"5,17 : 0.4669"
"17,5 : 0.4669"
"5,18 : 0.3667"
"18,5 : 0.3667"
"5,19 : 0.4597"
"19,5 : 0.4597"
"5,20 : 0.1844"
"20,5 : 0.1844"
"5,21 : 0.3808"
"21,5 : 0.3808"
"5,22 : 0.09"
"22,5 : 0.09"
"5,23 : 0.564"
"23,5 : 0.564"
"5,24 : 0.1432"
"24,5 : 0.1432"
"5,25 : 0.2502"
"25,5 : 0.2502"
"5,26 : 0.5936"
"26,5 : 0.5936"
"5,27 : 0.3622"
"27,5 : 0.3622"
"5,28 : 0.5456"
"28,5 : 0.5456"
"5,29 : 0.5111"
"29,5 : 0.5111"
"5,30 : 0.368"
"30,5 : 0.368"
"5,31 : 0.5412"
"31,5 : 0.5412"
"5,32 : 0.6191"
"32,5 : 0.6191"
"5,33 : 0.2846"
"33,5 : 0.2846"
"5,34 : 0.3805"
"34,5 : 0.3805"
"5,35 : 0.3534"
"35,5 : 0.3534"
"5,36 : 0.6438"
"36,5 : 0.6438"
"5,37 : 0.3982"
"37,5 : 0.3982"
"5,38 : 0.102"
"38,5 : 0.102"
"5,39 : 0.0316"
"39,5 : 0.0316"
"5,40 : 0.6721"
"40,5 : 0.6721"
"5,41 : 0.5345"
"41,5 : 0.5345"
"5,42 : 0.5148"
"42,5 : 0.5148"
"5,43 : 0.6854"
"43,5 : 0.6854"
"5,44 : 0.4428"
"44,5 : 0.4428"
"5,45 : 0.4535"
"45,5 : 0.4535"
"5,46 : 0.3499"
"46,5 : 0.3499"
"5,47 : 0.6041"
"47,5 : 0.6041"
"5,48 : 0.6576"
"48,5 : 0.6576"
"5,49 : 0.3712"
"49,5 : 0.3712"
"5,50 : 0.5554"
"50,5 : 0.5554"
"5,51 : 0.2766"
"51,5 : 0.2766"
"5,52 : 0.3302"
"52,5 : 0.3302"
"5,53 : 0.4187"
"53,5 : 0.4187"
"5,54 : 0.5457"
"54,5 : 0.5457"
"5,55 : 0.1581"
"55,5 : 0.1581"
"5,56 : 0.1844"
"56,5 : 0.1844"
"5,57 : 0.3406"
"57,5 : 0.3406"
"5,58 : 0.4025"
"58,5 : 0.4025"
"5,59 : 0.2"
"59,5 : 0.2"
"5,60 : 0.4669"
"60,5 : 0.4669"
"5,61 : 0.7341"
"61,5 : 0.7341"
"5,62 : 0.5682"
"62,5 : 0.5682"
"5,63 : 0.2596"
"63,5 : 0.2596"
"5,64 : 0.558"
"64,5 : 0.558"
"5,65 : 0.5554"
"65,5 : 0.5554"
"5,66 : 0.3089"
"66,5 : 0.3089"
"5,67 : 0.2433"
"67,5 : 0.2433"
"5,68 : 0.2953"
"68,5 : 0.2953"
"5,69 : 0.6122"
"69,5 : 0.6122"
"5,70 : 0.1334"
"70,5 : 0.1334"
"5,71 : 0.1903"
"71,5 : 0.1903"
"5,72 : 0.1879"
"72,5 : 0.1879"
"5,73 : 0.3578"
"73,5 : 0.3578"
"5,74 : 0.3585"
"74,5 : 0.3585"
"5,75 : 0.559"
"75,5 : 0.559"
"5,76 : 0.473"
"76,5 : 0.473"
"5,77 : 0.4243"
"77,5 : 0.4243"
"5,78 : 0.364"
"78,5 : 0.364"
"5,79 : 0.5991"
"79,5 : 0.5991"
"5,80 : 0.1942"
"80,5 : 0.1942"
"5,81 : 0.4903"
"81,5 : 0.4903"
"5,82 : 0.3041"
"82,5 : 0.3041"
"5,83 : 0.4837"
"83,5 : 0.4837"
"5,84 : 0.3245"
"84,5 : 0.3245"
"5,85 : 0.461"
"85,5 : 0.461"
"5,86 : 0.1523"
"86,5 : 0.1523"
"5,87 : 0.7803"
"87,5 : 0.7803"
"5,88 : 0.2059"
"88,5 : 0.2059"
"5,89 : 0.7024"
"89,5 : 0.7024"
"5,90 : 0.4238"
"90,5 : 0.4238"
"5,91 : 0.0316"
"91,5 : 0.0316"
"5,92 : 0.2865"
"92,5 : 0.2865"
"5,93 : 0.3008"
"93,5 : 0.3008"
"5,94 : 0.228"
"94,5 : 0.228"
"5,95 : 0.3672"
"95,5 : 0.3672"
"5,96 : 0.4429"
"96,5 : 0.4429"
"5,97 : 0.4512"
"97,5 : 0.4512"
"5,98 : 0.394"
"98,5 : 0.394"
"5,99 : 0.322"
"99,5 : 0.322"
"6,7 : 1.0065"
"7,6 : 1.0065"
"6,8 : 0.6429"
"8,6 : 0.6429"
"6,9 : 0.7106"
"9,6 : 0.7106"
"6,10 : 0.408"
"10,6 : 0.408"
"6,11 : 0.3569"
"11,6 : 0.3569"
"6,12 : 0.2081"
"12,6 : 0.2081"
"6,13 : 0.8693"
"13,6 : 0.8693"
"6,14 : 0.228"
"14,6 : 0.228"
"6,15 : 0.8066"
"15,6 : 0.8066"
"6,16 : 0.9014"
"16,6 : 0.9014"
"6,17 : 0.7765"
"17,6 : 0.7765"
"6,18 : 0.495"
"18,6 : 0.495"
"6,19 : 0.1414"
"19,6 : 0.1414"
"6,20 : 0.5277"
"20,6 : 0.5277"
"6,21 : 0.2563"
"21,6 : 0.2563"
"6,22 : 0.5404"
"22,6 : 0.5404"
"6,23 : 0.7706"
"23,6 : 0.7706"
"6,24 : 0.5354"
"24,6 : 0.5354"
"6,25 : 0.794"
"25,6 : 0.794"
"6,26 : 0.136"
"26,6 : 0.136"
"6,27 : 0.8766"
"27,6 : 0.8766"
"6,28 : 0.6736"
"28,6 : 0.6736"
"6,29 : 0.6801"
"29,6 : 0.6801"
"6,30 : 0.2335"
"30,6 : 0.2335"
"6,31 : 1.13"
"31,6 : 1.13"
"6,32 : 0.1556"
"32,6 : 0.1556"
"6,33 : 0.864"
"33,6 : 0.864"
"6,34 : 0.4428"
"34,6 : 0.4428"
"6,35 : 0.5886"
"35,6 : 0.5886"
"6,36 : 0.9002"
"36,6 : 0.9002"
"6,37 : 0.7593"
"37,6 : 0.7593"
"6,38 : 0.6888"
"38,6 : 0.6888"
"6,39 : 0.5873"
"39,6 : 0.5873"
"6,40 : 0.8927"
"40,6 : 0.8927"
"6,41 : 0.5855"
"41,6 : 0.5855"
"6,42 : 0.9242"
"42,6 : 0.9242"
"6,43 : 0.264"
"43,6 : 0.264"
"6,44 : 0.2319"
"44,6 : 0.2319"
"6,45 : 0.5301"
"45,6 : 0.5301"
"6,46 : 0.6217"
"46,6 : 0.6217"
"6,47 : 0.5314"
"47,6 : 0.5314"
"6,48 : 0.9009"
"48,6 : 0.9009"
"6,49 : 0.8001"
"49,6 : 0.8001"
"6,50 : 0.2285"
"50,6 : 0.2285"
"6,51 : 0.8773"
"51,6 : 0.8773"
"6,52 : 0.2802"
"52,6 : 0.2802"
"6,53 : 0.6987"
"53,6 : 0.6987"
"6,54 : 0.3195"
"54,6 : 0.3195"
"6,55 : 0.65"
"55,6 : 0.65"
"6,56 : 0.7852"
"56,6 : 0.7852"
"6,57 : 0.4491"
"57,6 : 0.4491"
"6,58 : 0.992"
"58,6 : 0.992"
"6,59 : 0.4789"
"59,6 : 0.4789"
"6,60 : 0.7455"
"60,6 : 0.7455"
"6,61 : 0.2818"
"61,6 : 0.2818"
"6,62 : 0.1655"
"62,6 : 0.1655"
"6,63 : 0.836"
"63,6 : 0.836"
"6,64 : 0.0922"
"64,6 : 0.0922"
"6,65 : 0.645"
"65,6 : 0.645"
"6,66 : 0.9027"
"66,6 : 0.9027"
"6,67 : 0.8102"
"67,6 : 0.8102"
"6,68 : 0.7446"
"68,6 : 0.7446"
"6,69 : 0.0781"
"69,6 : 0.0781"
"6,70 : 0.6801"
"70,6 : 0.6801"
"6,71 : 0.7406"
"71,6 : 0.7406"
"6,72 : 0.781"
"72,6 : 0.781"
"6,73 : 0.2879"
"73,6 : 0.2879"
"6,74 : 0.7716"
"74,6 : 0.7716"
"6,75 : 0.051"
"75,6 : 0.051"
"6,76 : 0.3225"
"76,6 : 0.3225"
"6,77 : 0.7398"
"77,6 : 0.7398"
"6,78 : 0.6551"
"78,6 : 0.6551"
"6,79 : 0.1281"
"79,6 : 0.1281"
"6,80 : 0.4494"
"80,6 : 0.4494"
"6,81 : 0.9646"
"81,6 : 0.9646"
"6,82 : 0.895"
"82,6 : 0.895"
"6,83 : 0.1803"
"83,6 : 0.1803"
"6,84 : 0.6282"
"84,6 : 0.6282"
"6,85 : 0.2302"
"85,6 : 0.2302"
"6,86 : 0.5644"
"86,6 : 0.5644"
"6,87 : 0.2518"
"87,6 : 0.2518"
"6,88 : 0.8016"
"88,6 : 0.8016"
"6,89 : 0.7859"
"89,6 : 0.7859"
"6,90 : 1.0012"
"90,6 : 1.0012"
"6,91 : 0.6162"
"91,6 : 0.6162"
"6,92 : 0.7354"
"92,6 : 0.7354"
"6,93 : 0.8766"
"93,6 : 0.8766"
"6,94 : 0.6185"
"94,6 : 0.6185"
"6,95 : 0.7811"
"95,6 : 0.7811"
"6,96 : 0.2138"
"96,6 : 0.2138"
"6,97 : 0.3306"
"97,6 : 0.3306"
"6,98 : 0.5842"
"98,6 : 0.5842"
"6,99 : 0.921"
"99,6 : 0.921"
"7,8 : 0.764"
"8,7 : 0.764"
"7,9 : 0.6391"
"9,7 : 0.6391"
"7,10 : 0.6054"
"10,7 : 0.6054"
"7,11 : 0.8438"
"11,7 : 0.8438"
"7,12 : 0.8023"
"12,7 : 0.8023"
"7,13 : 0.1421"
"13,7 : 0.1421"
"7,14 : 0.8096"
"14,7 : 0.8096"
"7,15 : 0.394"
"15,7 : 0.394"
"7,16 : 0.4201"
"16,7 : 0.4201"
"7,17 : 0.3585"
"17,7 : 0.3585"
"7,18 : 0.8421"
"18,7 : 0.8421"
"7,19 : 0.8746"
"19,7 : 0.8746"
"7,20 : 0.4793"
"20,7 : 0.4793"
"7,21 : 0.7513"
"21,7 : 0.7513"
"7,22 : 0.5701"
"22,7 : 0.5701"
"7,23 : 0.4808"
"23,7 : 0.4808"
"7,24 : 0.6203"
"24,7 : 0.6203"
"7,25 : 0.2309"
"25,7 : 0.2309"
"7,26 : 0.9487"
"26,7 : 0.9487"
"7,27 : 0.13"
"27,7 : 0.13"
"7,28 : 0.5546"
"28,7 : 0.5546"
"7,29 : 0.9534"
"29,7 : 0.9534"
"7,30 : 0.7938"
"30,7 : 0.7938"
"7,31 : 0.24"
"31,7 : 0.24"
"7,32 : 0.9652"
"32,7 : 0.9652"
"7,33 : 0.4687"
"33,7 : 0.4687"
"7,34 : 0.8601"
"34,7 : 0.8601"
"7,35 : 0.4667"
"35,7 : 0.4667"
"7,36 : 0.4501"
"36,7 : 0.4501"
"7,37 : 0.3106"
"37,7 : 0.3106"
"7,38 : 0.3801"
"38,7 : 0.3801"
"7,39 : 0.51"
"39,7 : 0.51"
"7,40 : 0.5004"
"40,7 : 0.5004"
"7,41 : 1.0013"
"41,7 : 1.0013"
"7,42 : 0.2202"
"42,7 : 0.2202"
"7,43 : 0.986"
"43,7 : 0.986"
"7,44 : 0.9024"
"44,7 : 0.9024"
"7,45 : 0.9254"
"45,7 : 0.9254"
"7,46 : 0.4314"
"46,7 : 0.4314"
"7,47 : 0.735"
"47,7 : 0.735"
"7,48 : 0.4701"
"48,7 : 0.4701"
"7,49 : 0.2343"
"49,7 : 0.2343"
"7,50 : 0.872"
"50,7 : 0.872"
"7,51 : 0.3191"
"51,7 : 0.3191"
"7,52 : 0.7762"
"52,7 : 0.7762"
"7,53 : 0.8412"
"53,7 : 0.8412"
"7,54 : 0.8147"
"54,7 : 0.8147"
"7,55 : 0.364"
"55,7 : 0.364"
"7,56 : 0.3574"
"56,7 : 0.3574"
"7,57 : 0.8201"
"57,7 : 0.8201"
"7,58 : 0.2081"
"58,7 : 0.2081"
"7,59 : 0.6801"
"59,7 : 0.6801"
"7,60 : 0.8766"
"60,7 : 0.8766"
"7,61 : 1.0348"
"61,7 : 1.0348"
"7,62 : 1.0192"
"62,7 : 1.0192"
"7,63 : 0.4751"
"63,7 : 0.4751"
"7,64 : 0.9902"
"64,7 : 0.9902"
"7,65 : 1.012"
"65,7 : 1.012"
"7,66 : 0.2524"
"66,7 : 0.2524"
"7,67 : 0.4965"
"67,7 : 0.4965"
"7,68 : 0.2663"
"68,7 : 0.2663"
"7,69 : 0.9898"
"69,7 : 0.9898"
"7,70 : 0.5239"
"70,7 : 0.5239"
"7,71 : 0.522"
"71,7 : 0.522"
"7,72 : 0.3178"
"72,7 : 0.3178"
"7,73 : 0.7201"
"73,7 : 0.7201"
"7,74 : 0.725"
"74,7 : 0.725"
"7,75 : 0.9571"
"75,7 : 0.9571"
"7,76 : 0.7543"
"76,7 : 0.7543"
"7,77 : 0.3585"
"77,7 : 0.3585"
"7,78 : 0.7981"
"78,7 : 0.7981"
"7,79 : 0.9572"
"79,7 : 0.9572"
"7,80 : 0.6719"
"80,7 : 0.6719"
"7,81 : 0.11"
"81,7 : 0.11"
"7,82 : 0.428"
"82,7 : 0.428"
"7,83 : 0.9341"
"83,7 : 0.9341"
"7,84 : 0.4104"
"84,7 : 0.4104"
"7,85 : 0.922"
"85,7 : 0.922"
"7,86 : 0.446"
"86,7 : 0.446"
"7,87 : 1.1121"
"87,7 : 1.1121"
"7,88 : 0.3132"
"88,7 : 0.3132"
"7,89 : 0.6476"
"89,7 : 0.6476"
"7,90 : 0.1526"
"90,7 : 0.1526"
"7,91 : 0.4504"
"91,7 : 0.4504"
"7,92 : 0.2746"
"92,7 : 0.2746"
"7,93 : 0.2025"
"93,7 : 0.2025"
"7,94 : 0.3895"
"94,7 : 0.3895"
"7,95 : 0.7292"
"95,7 : 0.7292"
"7,96 : 0.8974"
"96,7 : 0.8974"
"7,97 : 0.7341"
"97,7 : 0.7341"
"7,98 : 0.8533"
"98,7 : 0.8533"
"7,99 : 0.2843"
"99,7 : 0.2843"
"8,9 : 0.9458"
"9,8 : 0.9458"
"8,10 : 0.5463"
"10,8 : 0.5463"
"8,11 : 0.2879"
"11,8 : 0.2879"
"8,12 : 0.5"
"12,8 : 0.5"
"8,13 : 0.6894"
"13,8 : 0.6894"
"8,14 : 0.441"
"14,8 : 0.441"
"8,15 : 0.3812"
"15,8 : 0.3812"
"8,16 : 0.4159"
"16,8 : 0.4159"
"8,17 : 0.794"
"17,8 : 0.794"
"8,18 : 0.164"
"18,8 : 0.164"
"8,19 : 0.5247"
"19,8 : 0.5247"
"8,20 : 0.4841"
"20,8 : 0.4841"
"8,21 : 0.5346"
"21,8 : 0.5346"
"8,22 : 0.2625"
"22,8 : 0.2625"
"8,23 : 0.8846"
"23,8 : 0.8846"
"8,24 : 0.2081"
"24,8 : 0.2081"
"8,25 : 0.5515"
"25,8 : 0.5515"
"8,26 : 0.7026"
"26,8 : 0.7026"
"8,27 : 0.6648"
"27,8 : 0.6648"
"8,28 : 0.8521"
"28,8 : 0.8521"
"8,29 : 0.1897"
"29,8 : 0.1897"
"8,30 : 0.4501"
"30,8 : 0.4501"
"8,31 : 0.7417"
"31,8 : 0.7417"
"8,32 : 0.7325"
"32,8 : 0.7325"
"8,33 : 0.3569"
"33,8 : 0.3569"
"8,34 : 0.2163"
"34,8 : 0.2163"
"8,35 : 0.6622"
"35,8 : 0.6622"
"8,36 : 0.9708"
"36,8 : 0.9708"
"8,37 : 0.7262"
"37,8 : 0.7262"
"8,38 : 0.4025"
"38,8 : 0.4025"
"8,39 : 0.2983"
"39,8 : 0.2983"
"8,40 : 0.9972"
"40,8 : 0.9972"
"8,41 : 0.2532"
"41,8 : 0.2532"
"8,42 : 0.8373"
"42,8 : 0.8373"
"8,43 : 0.8301"
"43,8 : 0.8301"
"8,44 : 0.4144"
"44,8 : 0.4144"
"8,45 : 0.2012"
"45,8 : 0.2012"
"8,46 : 0.666"
"46,8 : 0.666"
"8,47 : 0.8654"
"47,8 : 0.8654"
"8,48 : 0.9841"
"48,8 : 0.9841"
"8,49 : 0.6964"
"49,8 : 0.6964"
"8,50 : 0.7111"
"50,8 : 0.7111"
"8,51 : 0.4704"
"51,8 : 0.4704"
"8,52 : 0.3901"
"52,8 : 0.3901"
"8,53 : 0.0922"
"53,8 : 0.0922"
"8,54 : 0.7415"
"54,8 : 0.7415"
"8,55 : 0.486"
"55,8 : 0.486"
"8,56 : 0.4079"
"56,8 : 0.4079"
"8,57 : 0.197"
"57,8 : 0.197"
"8,58 : 0.6203"
"58,8 : 0.6203"
"8,59 : 0.2088"
"59,8 : 0.2088"
"8,60 : 0.1442"
"60,8 : 0.1442"
"8,61 : 0.8709"
"61,8 : 0.8709"
"8,62 : 0.5277"
"62,8 : 0.5277"
"8,63 : 0.3338"
"63,8 : 0.3338"
"8,64 : 0.563"
"64,8 : 0.563"
"8,65 : 0.2508"
"65,8 : 0.2508"
"8,66 : 0.5324"
"66,8 : 0.5324"
"8,67 : 0.3027"
"67,8 : 0.3027"
"8,68 : 0.6213"
"68,8 : 0.6213"
"8,69 : 0.6905"
"69,8 : 0.6905"
"8,70 : 0.2404"
"70,8 : 0.2404"
"8,71 : 0.2502"
"71,8 : 0.2502"
"8,72 : 0.4464"
"72,8 : 0.4464"
"8,73 : 0.5295"
"73,8 : 0.5295"
"8,74 : 0.136"
"74,8 : 0.136"
"8,75 : 0.6217"
"75,8 : 0.6217"
"8,76 : 0.6768"
"76,8 : 0.6768"
"8,77 : 0.7507"
"77,8 : 0.7507"
"8,78 : 0.0361"
"78,8 : 0.0361"
"8,79 : 0.7035"
"79,8 : 0.7035"
"8,80 : 0.25"
"80,8 : 0.25"
"8,81 : 0.7985"
"81,8 : 0.7985"
"8,82 : 0.4061"
"82,8 : 0.4061"
"8,83 : 0.4682"
"83,8 : 0.4682"
"8,84 : 0.6438"
"84,8 : 0.6438"
"8,85 : 0.4215"
"85,8 : 0.4215"
"8,86 : 0.4669"
"86,8 : 0.4669"
"8,87 : 0.8812"
"87,8 : 0.8812"
"8,88 : 0.4512"
"88,8 : 0.4512"
"8,89 : 1.0102"
"89,8 : 1.0102"
"8,90 : 0.6627"
"90,8 : 0.6627"
"8,91 : 0.3581"
"91,8 : 0.3581"
"8,92 : 0.6129"
"92,8 : 0.6129"
"8,93 : 0.5629"
"93,8 : 0.5629"
"8,94 : 0.5517"
"94,8 : 0.5517"
"8,95 : 0.1442"
"95,8 : 0.1442"
"8,96 : 0.4301"
"96,8 : 0.4301"
"8,97 : 0.6597"
"97,8 : 0.6597"
"8,98 : 0.1077"
"98,8 : 0.1077"
"8,99 : 0.5201"
"99,8 : 0.5201"
"9,10 : 0.4173"
"10,9 : 0.4173"
"9,11 : 0.8092"
"11,9 : 0.8092"
"9,12 : 0.5954"
"12,9 : 0.5954"
"9,13 : 0.5217"
"13,9 : 0.5217"
"9,14 : 0.6519"
"14,9 : 0.6519"
"9,15 : 0.7728"
"15,9 : 0.7728"
"9,16 : 0.867"
"16,9 : 0.867"
"9,17 : 0.2816"
"17,9 : 0.2816"
"9,18 : 0.9055"
"18,9 : 0.9055"
"9,19 : 0.6488"
"19,9 : 0.6488"
"9,20 : 0.4653"
"20,9 : 0.4653"
"9,21 : 0.5197"
"21,9 : 0.5197"
"9,22 : 0.686"
"22,9 : 0.686"
"9,23 : 0.1612"
"23,9 : 0.1612"
"9,24 : 0.7378"
"24,9 : 0.7378"
"9,25 : 0.5801"
"25,9 : 0.5801"
"9,26 : 0.5869"
"26,9 : 0.5869"
"9,27 : 0.559"
"27,9 : 0.559"
"9,28 : 0.102"
"28,9 : 0.102"
"9,29 : 1.1011"
"29,9 : 1.1011"
"9,30 : 0.6297"
"30,9 : 0.6297"
"9,31 : 0.8683"
"31,9 : 0.8683"
"9,32 : 0.5831"
"32,9 : 0.5831"
"9,33 : 0.8766"
"33,9 : 0.8766"
"9,34 : 0.8841"
"34,9 : 0.8841"
"9,35 : 0.2915"
"35,9 : 0.2915"
"9,36 : 0.2581"
"36,9 : 0.2581"
"9,37 : 0.3437"
"37,9 : 0.3437"
"9,38 : 0.6306"
"38,9 : 0.6306"
"9,39 : 0.6664"
"39,9 : 0.6664"
"9,40 : 0.2236"
"40,9 : 0.2236"
"9,41 : 1.0749"
"41,9 : 1.0749"
"9,42 : 0.4342"
"42,9 : 0.4342"
"9,43 : 0.5315"
"43,9 : 0.5315"
"9,44 : 0.7718"
"44,9 : 0.7718"
"9,45 : 0.9899"
"45,9 : 0.9899"
"9,46 : 0.3008"
"46,9 : 0.3008"
"9,47 : 0.1903"
"47,9 : 0.1903"
"9,48 : 0.247"
"48,9 : 0.247"
"9,49 : 0.4258"
"49,9 : 0.4258"
"9,50 : 0.4866"
"50,9 : 0.4866"
"9,51 : 0.7716"
"51,9 : 0.7716"
"9,52 : 0.664"
"52,9 : 0.664"
"9,53 : 1.0373"
"53,9 : 1.0373"
"9,54 : 0.3946"
"54,9 : 0.3946"
"9,55 : 0.5166"
"55,9 : 0.5166"
"9,56 : 0.7201"
"56,9 : 0.7201"
"9,57 : 0.8556"
"57,9 : 0.8556"
"9,58 : 0.7765"
"58,9 : 0.7765"
"9,59 : 0.7481"
"59,9 : 0.7481"
"9,60 : 1.09"
"60,9 : 1.09"
"9,61 : 0.5657"
"61,9 : 0.5657"
"9,62 : 0.8246"
"62,9 : 0.8246"
"9,63 : 0.8612"
"63,9 : 0.8612"
"9,64 : 0.7561"
"64,9 : 0.7561"
"9,65 : 1.1176"
"65,9 : 1.1176"
"9,66 : 0.7401"
"66,9 : 0.7401"
"9,67 : 0.8587"
"67,9 : 0.8587"
"9,68 : 0.45"
"68,9 : 0.45"
"9,69 : 0.6494"
"69,9 : 0.6494"
"9,70 : 0.7762"
"70,9 : 0.7762"
"9,71 : 0.8254"
"71,9 : 0.8254"
"9,72 : 0.676"
"72,9 : 0.676"
"9,73 : 0.4993"
"73,9 : 0.4993"
"9,74 : 1.0018"
"74,9 : 1.0018"
"9,75 : 0.6648"
"75,9 : 0.6648"
"9,76 : 0.3922"
"76,9 : 0.3922"
"9,77 : 0.2927"
"77,9 : 0.2927"
"9,78 : 0.9791"
"78,9 : 0.9791"
"9,79 : 0.5968"
"79,9 : 0.5968"
"9,80 : 0.7106"
"80,9 : 0.7106"
"9,81 : 0.5371"
"81,9 : 0.5371"
"9,82 : 0.8683"
"82,9 : 0.8683"
"9,83 : 0.7648"
"83,9 : 0.7648"
"9,84 : 0.3298"
"84,9 : 0.3298"
"9,85 : 0.7889"
"85,9 : 0.7889"
"9,86 : 0.4924"
"86,9 : 0.4924"
"9,87 : 0.6648"
"87,9 : 0.6648"
"9,88 : 0.6946"
"88,9 : 0.6946"
"9,89 : 0.0762"
"89,9 : 0.0762"
"9,90 : 0.7433"
"90,9 : 0.7433"
"9,91 : 0.6239"
"91,9 : 0.6239"
"9,92 : 0.4501"
"92,9 : 0.4501"
"9,93 : 0.6707"
"93,9 : 0.6707"
"9,94 : 0.4272"
"94,9 : 0.4272"
"9,95 : 1.0108"
"95,9 : 1.0108"
"9,96 : 0.7529"
"96,9 : 0.7529"
"9,97 : 0.39"
"97,9 : 0.39"
"9,98 : 0.9731"
"98,9 : 0.9731"
"9,99 : 0.78"
"99,9 : 0.78"
"10,11 : 0.3941"
"11,10 : 0.3941"
"10,12 : 0.22"
"12,10 : 0.22"
"10,13 : 0.4653"
"13,10 : 0.4653"
"10,14 : 0.2571"
"14,10 : 0.2571"
"10,15 : 0.4965"
"15,10 : 0.4965"
"10,16 : 0.6008"
"16,10 : 0.6008"
"10,17 : 0.3805"
"17,10 : 0.3805"
"10,18 : 0.4892"
"18,10 : 0.4892"
"10,19 : 0.2907"
"19,10 : 0.2907"
"10,20 : 0.1442"
"20,10 : 0.1442"
"10,21 : 0.153"
"21,10 : 0.153"
"10,22 : 0.3041"
"22,10 : 0.3041"
"10,23 : 0.4085"
"23,10 : 0.4085"
"10,24 : 0.3448"
"24,10 : 0.3448"
"10,25 : 0.4101"
"25,10 : 0.4101"
"10,26 : 0.3441"
"26,10 : 0.3441"
"10,27 : 0.4771"
"27,10 : 0.4771"
"10,28 : 0.3384"
"28,10 : 0.3384"
"10,29 : 0.6882"
"29,10 : 0.6882"
"10,30 : 0.2354"
"30,10 : 0.2354"
"10,31 : 0.7569"
"31,10 : 0.7569"
"10,32 : 0.3624"
"32,10 : 0.3624"
"10,33 : 0.5846"
"33,10 : 0.5846"
"10,34 : 0.4669"
"34,10 : 0.4669"
"10,35 : 0.191"
"35,10 : 0.191"
"10,36 : 0.5289"
"36,10 : 0.5289"
"10,37 : 0.3536"
"37,10 : 0.3536"
"10,38 : 0.3493"
"38,10 : 0.3493"
"10,39 : 0.3102"
"39,10 : 0.3102"
"10,40 : 0.5349"
"40,10 : 0.5349"
"10,41 : 0.6576"
"41,10 : 0.6576"
"10,42 : 0.5179"
"42,10 : 0.5179"
"10,43 : 0.4022"
"43,10 : 0.4022"
"10,44 : 0.3764"
"44,10 : 0.3764"
"10,45 : 0.5728"
"45,10 : 0.5728"
"10,46 : 0.22"
"46,10 : 0.22"
"10,47 : 0.3195"
"47,10 : 0.3195"
"10,48 : 0.5345"
"48,10 : 0.5345"
"10,49 : 0.3922"
"49,10 : 0.3922"
"10,50 : 0.2766"
"50,10 : 0.2766"
"10,51 : 0.5412"
"51,10 : 0.5412"
"10,52 : 0.255"
"52,10 : 0.255"
"10,53 : 0.6351"
"53,10 : 0.6351"
"10,54 : 0.247"
"54,10 : 0.247"
"10,55 : 0.2702"
"55,10 : 0.2702"
"10,56 : 0.4569"
"56,10 : 0.4569"
"10,57 : 0.4386"
"57,10 : 0.4386"
"10,58 : 0.6248"
"58,10 : 0.6248"
"10,59 : 0.34"
"59,10 : 0.34"
"10,60 : 0.6888"
"60,10 : 0.6888"
"10,61 : 0.4522"
"61,10 : 0.4522"
"10,62 : 0.461"
"62,10 : 0.461"
"10,63 : 0.5609"
"63,10 : 0.5609"
"10,64 : 0.4111"
"64,10 : 0.4111"
"10,65 : 0.7009"
"65,10 : 0.7009"
"10,66 : 0.5464"
"66,10 : 0.5464"
"10,67 : 0.5459"
"67,10 : 0.5459"
"10,68 : 0.34"
"68,10 : 0.34"
"10,69 : 0.3847"
"69,10 : 0.3847"
"10,70 : 0.4301"
"70,10 : 0.4301"
"10,71 : 0.4909"
"71,10 : 0.4909"
"10,72 : 0.4342"
"72,10 : 0.4342"
"10,73 : 0.1217"
"73,10 : 0.1217"
"10,74 : 0.6259"
"74,10 : 0.6259"
"10,75 : 0.3574"
"75,10 : 0.3574"
"10,76 : 0.1746"
"76,10 : 0.1746"
"10,77 : 0.34"
"77,10 : 0.34"
"10,78 : 0.577"
"78,10 : 0.577"
"10,79 : 0.3523"
"79,10 : 0.3523"
"10,80 : 0.3002"
"80,10 : 0.3002"
"10,81 : 0.5571"
"81,10 : 0.5571"
"10,82 : 0.5977"
"82,10 : 0.5977"
"10,83 : 0.3847"
"83,10 : 0.3847"
"10,84 : 0.222"
"84,10 : 0.222"
"10,85 : 0.3956"
"85,10 : 0.3956"
"10,86 : 0.1887"
"86,10 : 0.1887"
"10,87 : 0.5162"
"87,10 : 0.5162"
"10,88 : 0.4565"
"88,10 : 0.4565"
"10,89 : 0.4892"
"89,10 : 0.4892"
"10,90 : 0.6223"
"90,10 : 0.6223"
"10,91 : 0.2983"
"91,10 : 0.2983"
"10,92 : 0.3312"
"92,10 : 0.3312"
"10,93 : 0.5033"
"93,10 : 0.5033"
"10,94 : 0.2163"
"94,10 : 0.2163"
"10,95 : 0.6356"
"95,10 : 0.6356"
"10,96 : 0.3614"
"96,10 : 0.3614"
"10,97 : 0.1523"
"97,10 : 0.1523"
"10,98 : 0.5604"
"98,10 : 0.5604"
"10,99 : 0.5745"
"99,10 : 0.5745"
"11,12 : 0.2508"
"12,11 : 0.2508"
"11,13 : 0.7301"
"13,11 : 0.7301"
"11,14 : 0.1838"
"14,11 : 0.1838"
"11,15 : 0.5367"
"15,11 : 0.5367"
"11,16 : 0.6129"
"16,11 : 0.6129"
"11,17 : 0.7433"
"17,11 : 0.7433"
"11,18 : 0.14"
"18,11 : 0.14"
"11,19 : 0.2518"
"19,11 : 0.2518"
"11,20 : 0.4148"
"20,11 : 0.4148"
"11,21 : 0.3106"
"21,11 : 0.3106"
"11,22 : 0.2789"
"22,11 : 0.2789"
"11,23 : 0.7965"
"23,11 : 0.7965"
"11,24 : 0.2417"
"24,11 : 0.2417"
"11,25 : 0.6129"
"25,11 : 0.6129"
"11,26 : 0.4319"
"26,11 : 0.4319"
"11,27 : 0.7206"
"27,11 : 0.7206"
"11,28 : 0.7324"
"28,11 : 0.7324"
"11,29 : 0.3396"
"29,11 : 0.3396"
"11,30 : 0.2012"
"30,11 : 0.2012"
"11,31 : 0.8989"
"31,11 : 0.8989"
"11,32 : 0.4617"
"32,11 : 0.4617"
"11,33 : 0.564"
"33,11 : 0.564"
"11,34 : 0.0922"
"34,11 : 0.0922"
"11,35 : 0.568"
"35,11 : 0.568"
"11,36 : 0.9087"
"36,11 : 0.9087"
"11,37 : 0.6938"
"37,11 : 0.6938"
"11,38 : 0.4687"
"38,11 : 0.4687"
"11,39 : 0.3396"
"39,11 : 0.3396"
"11,40 : 0.9213"
"40,11 : 0.9213"
"11,41 : 0.2746"
"41,11 : 0.2746"
"11,42 : 0.8417"
"42,11 : 0.8417"
"11,43 : 0.5672"
"43,11 : 0.5672"
"11,44 : 0.1265"
"44,11 : 0.1265"
"11,45 : 0.197"
"45,11 : 0.197"
"11,46 : 0.5869"
"46,11 : 0.5869"
"11,47 : 0.6825"
"47,11 : 0.6825"
"11,48 : 0.9171"
"48,11 : 0.9171"
"11,49 : 0.6972"
"49,11 : 0.6972"
"11,50 : 0.4617"
"50,11 : 0.4617"
"11,51 : 0.6224"
"51,11 : 0.6224"
"11,52 : 0.15"
"52,11 : 0.15"
"11,53 : 0.3423"
"53,11 : 0.3423"
"11,54 : 0.5143"
"54,11 : 0.5143"
"11,55 : 0.4904"
"55,11 : 0.4904"
"11,56 : 0.5349"
"56,11 : 0.5349"
"11,57 : 0.0922"
"57,11 : 0.0922"
"11,58 : 0.7622"
"58,11 : 0.7622"
"11,59 : 0.1746"
"59,11 : 0.1746"
"11,60 : 0.3905"
"60,11 : 0.3905"
"11,61 : 0.603"
"61,11 : 0.603"
"11,62 : 0.2441"
"62,11 : 0.2441"
"11,63 : 0.536"
"63,11 : 0.536"
"11,64 : 0.2751"
"64,11 : 0.2751"
"11,65 : 0.3265"
"65,11 : 0.3265"
"11,66 : 0.6673"
"66,11 : 0.6673"
"11,67 : 0.5061"
"67,11 : 0.5061"
"11,68 : 0.6239"
"68,11 : 0.6239"
"11,69 : 0.4105"
"69,11 : 0.4105"
"11,70 : 0.3859"
"70,11 : 0.3859"
"11,71 : 0.436"
"71,11 : 0.436"
"11,72 : 0.5508"
"72,11 : 0.5508"
"11,73 : 0.3202"
"73,11 : 0.3202"
"11,74 : 0.4205"
"74,11 : 0.4205"
"11,75 : 0.3406"
"75,11 : 0.3406"
"11,76 : 0.4632"
"76,11 : 0.4632"
"11,77 : 0.6989"
"77,11 : 0.6989"
"11,78 : 0.2983"
"78,11 : 0.2983"
"11,79 : 0.431"
"79,11 : 0.431"
"11,80 : 0.1726"
"80,11 : 0.1726"
"11,81 : 0.8405"
"81,11 : 0.8405"
"11,82 : 0.6046"
"82,11 : 0.6046"
"11,83 : 0.1803"
"83,11 : 0.1803"
"11,84 : 0.5758"
"84,11 : 0.5758"
"11,85 : 0.1342"
"85,11 : 0.1342"
"11,86 : 0.4258"
"86,11 : 0.4258"
"11,87 : 0.6013"
"87,11 : 0.6013"
"11,88 : 0.5661"
"88,11 : 0.5661"
"11,89 : 0.8824"
"89,11 : 0.8824"
"11,90 : 0.7885"
"90,11 : 0.7885"
"11,91 : 0.3946"
"91,11 : 0.3946"
"11,92 : 0.614"
"92,11 : 0.614"
"11,93 : 0.6671"
"93,11 : 0.6671"
"11,94 : 0.512"
"94,11 : 0.512"
"11,95 : 0.4295"
"95,11 : 0.4295"
"11,96 : 0.1432"
"96,11 : 0.1432"
"11,97 : 0.4522"
"97,11 : 0.4522"
"11,98 : 0.23"
"98,11 : 0.23"
"11,99 : 0.6723"
"99,11 : 0.6723"
"12,13 : 0.6673"
"13,12 : 0.6673"
"12,14 : 0.0671"
"14,12 : 0.0671"
"12,15 : 0.6044"
"15,12 : 0.6044"
"12,16 : 0.7021"
"16,12 : 0.7021"
"12,17 : 0.6003"
"17,12 : 0.6003"
"12,18 : 0.3833"
"18,12 : 0.3833"
"12,19 : 0.0728"
"19,12 : 0.0728"
"12,20 : 0.3231"
"20,12 : 0.3231"
"12,21 : 0.0762"
"21,12 : 0.0762"
"12,22 : 0.3448"
"22,12 : 0.3448"
"12,23 : 0.6185"
"23,12 : 0.6185"
"12,24 : 0.3511"
"24,12 : 0.3511"
"12,25 : 0.5867"
"25,12 : 0.5867"
"12,26 : 0.2088"
"26,12 : 0.2088"
"12,27 : 0.6723"
"27,12 : 0.6723"
"12,28 : 0.5349"
"28,12 : 0.5349"
"12,29 : 0.5882"
"29,12 : 0.5882"
"12,30 : 0.051"
"30,12 : 0.051"
"12,31 : 0.922"
"31,12 : 0.922"
"12,32 : 0.2377"
"32,12 : 0.2377"
"12,33 : 0.6689"
"33,12 : 0.6689"
"12,34 : 0.3418"
"34,12 : 0.3418"
"12,35 : 0.4105"
"35,12 : 0.4105"
"12,36 : 0.7433"
"36,12 : 0.7433"
"12,37 : 0.5722"
"37,12 : 0.5722"
"12,38 : 0.4817"
"38,12 : 0.4817"
"12,39 : 0.386"
"39,12 : 0.386"
"12,40 : 0.7446"
"40,12 : 0.7446"
"12,41 : 0.5235"
"41,12 : 0.5235"
"12,42 : 0.7355"
"42,12 : 0.7355"
"12,43 : 0.3302"
"43,12 : 0.3302"
"12,44 : 0.178"
"44,12 : 0.178"
"12,45 : 0.4478"
"45,12 : 0.4478"
"12,46 : 0.44"
"46,12 : 0.44"
"12,47 : 0.446"
"47,12 : 0.446"
"12,48 : 0.7473"
"48,12 : 0.7473"
"12,49 : 0.6042"
"49,12 : 0.6042"
"12,50 : 0.2138"
"50,12 : 0.2138"
"12,51 : 0.6718"
"51,12 : 0.6718"
"12,52 : 0.1105"
"52,12 : 0.1105"
"12,53 : 0.5731"
"53,12 : 0.5731"
"12,54 : 0.2642"
"54,12 : 0.2642"
"12,55 : 0.4429"
"55,12 : 0.4429"
"12,56 : 0.58"
"56,12 : 0.58"
"12,57 : 0.3298"
"57,12 : 0.3298"
"12,58 : 0.7841"
"58,12 : 0.7841"
"12,59 : 0.3059"
"59,12 : 0.3059"
"12,60 : 0.6251"
"60,12 : 0.6251"
"12,61 : 0.3722"
"61,12 : 0.3722"
"12,62 : 0.2419"
"62,12 : 0.2419"
"12,63 : 0.6414"
"63,12 : 0.6414"
"12,64 : 0.1924"
"64,12 : 0.1924"
"12,65 : 0.577"
"65,12 : 0.577"
"12,66 : 0.6953"
"66,12 : 0.6953"
"12,67 : 0.6177"
"67,12 : 0.6177"
"12,68 : 0.5441"
"68,12 : 0.5441"
"12,69 : 0.2163"
"69,12 : 0.2163"
"12,70 : 0.4876"
"70,12 : 0.4876"
"12,71 : 0.5501"
"71,12 : 0.5501"
"12,72 : 0.5738"
"72,12 : 0.5738"
"12,73 : 0.102"
"73,12 : 0.102"
"12,74 : 0.6152"
"74,12 : 0.6152"
"12,75 : 0.1628"
"75,12 : 0.1628"
"12,76 : 0.2193"
"76,12 : 0.2193"
"12,77 : 0.56"
"77,12 : 0.56"
"12,78 : 0.5209"
"78,12 : 0.5209"
"12,79 : 0.2119"
"79,12 : 0.2119"
"12,80 : 0.2693"
"80,12 : 0.2693"
"12,81 : 0.7666"
"81,12 : 0.7666"
"12,82 : 0.6963"
"82,12 : 0.6963"
"12,83 : 0.1709"
"83,12 : 0.1709"
"12,84 : 0.441"
"84,12 : 0.441"
"12,85 : 0.1942"
"85,12 : 0.1942"
"12,86 : 0.3578"
"86,12 : 0.3578"
"12,87 : 0.3956"
"87,12 : 0.3956"
"12,88 : 0.5946"
"88,12 : 0.5946"
"12,89 : 0.6712"
"89,12 : 0.6712"
"12,90 : 0.7932"
"90,12 : 0.7932"
"12,91 : 0.4101"
"91,12 : 0.4101"
"12,92 : 0.5345"
"92,12 : 0.5345"
"12,93 : 0.6685"
"93,12 : 0.6685"
"12,94 : 0.4176"
"94,12 : 0.4176"
"12,95 : 0.6251"
"95,12 : 0.6251"
"12,96 : 0.1581"
"96,12 : 0.1581"
"12,97 : 0.2126"
"97,12 : 0.2126"
"12,98 : 0.4707"
"98,12 : 0.4707"
"12,99 : 0.7145"
"99,12 : 0.7145"
"13,14 : 0.6791"
"14,13 : 0.6791"
"13,15 : 0.3536"
"15,13 : 0.3536"
"13,16 : 0.4134"
"16,13 : 0.4134"
"13,17 : 0.2419"
"17,13 : 0.2419"
"13,18 : 0.7453"
"18,13 : 0.7453"
"13,19 : 0.74"
"19,13 : 0.74"
"13,20 : 0.3448"
"20,13 : 0.3448"
"13,21 : 0.6133"
"21,13 : 0.6133"
"13,22 : 0.4669"
"22,13 : 0.4669"
