x,y
0.68,0.9
0.53,0.91
0.79,0.6
0.66,0.43
0.76,0.34
0.89,0.28
0.64,0.26
0.03,0.42
0.41,0.78
0.58,0.34
0.9,0.21
0.75,0.55
0.95,0.2
0.69,0.86
0.59,0.16
0.56,0.97
0.32,0.02
0.46,0.58
0.71,0.38
0.87,0.55
0.61,0.34
0.29,0.95
0.9,0.07
0.05,0.53
0.66,0.28
0.24,0.65
0.47,0.22
0.54,0.04
0.49,0.52
0.2,0.64
0.61,0.33
0.21,0.0
0.09,0.5
0.19,0.92
0.78,0.57
0.48,0.88
0.67,0.01
0.66,0.77
0.4,0.66
0.05,0.47
0.75,0.55
0.84,0.72
0.72,0.5
0.52,0.09
0.78,0.91
0.09,0.23
0.9,0.39
0.54,0.53
0.53,0.19
0.46,0.65
0.12,0.47
0.47,0.06
0.98,0.86
0.41,0.68
0.73,0.24
0.07,0.36
0.06,0.47
0.76,0.19
0.4,0.17
0.58,0.63
0.82,0.02
0.82,0.26
0.99,0.22
0.34,0.86
0.19,0.87
0.04,0.63
0.15,0.33
0.6,0.78
0.83,0.93
0.48,0.49
0.47,0.66
0.24,0.78
0.03,0.87
0.98,0.97
0.63,0.88
0.87,0.36
0.81,0.19
0.27,0.71
0.09,0.07
0.36,0.49
0.15,0.03
0.62,0.07
0.77,0.73
0.42,0.52
0.28,0.47
0.73,0.35
0.23,0.79
0.82,0.06
0.38,0.96
0.96,0.76
0.85,0.35
0.2,0.36
0.79,0.31
0.55,0.58
0.93,0.32
0.75,0.87
0.03,0.74
0.81,0.04
0.02,0.66
0.98,0.16

Distanze
"0,1 : 0.1503"
"1,0 : 0.1503"
"0,2 : 0.3195"
"2,0 : 0.3195"
"0,3 : 0.4704"
"3,0 : 0.4704"
"0,4 : 0.5657"
"4,0 : 0.5657"
"0,5 : 0.6546"
"5,0 : 0.6546"
"0,6 : 0.6412"
"6,0 : 0.6412"
"0,7 : 0.808"
"7,0 : 0.808"
"0,8 : 0.2955"
"8,0 : 0.2955"
"0,9 : 0.5689"
"9,0 : 0.5689"
"0,10 : 0.7242"
"10,0 : 0.7242"
"0,11 : 0.3569"
"11,0 : 0.3569"
"0,12 : 0.7503"
"12,0 : 0.7503"
"0,13 : 0.0412"
"13,0 : 0.0412"
"0,14 : 0.7455"
"14,0 : 0.7455"
"0,15 : 0.1389"
"15,0 : 0.1389"
"0,16 : 0.9508"
"16,0 : 0.9508"
"0,17 : 0.3883"
"17,0 : 0.3883"
"0,18 : 0.5209"
"18,0 : 0.5209"
"0,19 : 0.3982"
"19,0 : 0.3982"
"0,20 : 0.5644"
"20,0 : 0.5644"
"0,21 : 0.3932"
"21,0 : 0.3932"
"0,22 : 0.8587"
"22,0 : 0.8587"
"0,23 : 0.7306"
"23,0 : 0.7306"
"0,24 : 0.6203"
"24,0 : 0.6203"
"0,25 : 0.5061"
"25,0 : 0.5061"
"0,26 : 0.7117"
"26,0 : 0.7117"
"0,27 : 0.8713"
"27,0 : 0.8713"
"0,28 : 0.4249"
"28,0 : 0.4249"
"0,29 : 0.5459"
"29,0 : 0.5459"
"0,30 : 0.5743"
"30,0 : 0.5743"
"0,31 : 1.0153"
"31,0 : 1.0153"
"0,32 : 0.7128"
"32,0 : 0.7128"
"0,33 : 0.4904"
"33,0 : 0.4904"
"0,34 : 0.3448"
"34,0 : 0.3448"
"0,35 : 0.201"
"35,0 : 0.201"
"0,36 : 0.8901"
"36,0 : 0.8901"
"0,37 : 0.1315"
"37,0 : 0.1315"
"0,38 : 0.3688"
"38,0 : 0.3688"
"0,39 : 0.7628"
"39,0 : 0.7628"
"0,40 : 0.3569"
"40,0 : 0.3569"
"0,41 : 0.2408"
"41,0 : 0.2408"
"0,42 : 0.402"
"42,0 : 0.402"
"0,43 : 0.8257"
"43,0 : 0.8257"
"0,44 : 0.1005"
"44,0 : 0.1005"
"0,45 : 0.8927"
"45,0 : 0.8927"
"0,46 : 0.5554"
"46,0 : 0.5554"
"0,47 : 0.3956"
"47,0 : 0.3956"
"0,48 : 0.7257"
"48,0 : 0.7257"
"0,49 : 0.333"
"49,0 : 0.333"
"0,50 : 0.706"
"50,0 : 0.706"
"0,51 : 0.8659"
"51,0 : 0.8659"
"0,52 : 0.3027"
"52,0 : 0.3027"
"0,53 : 0.3483"
"53,0 : 0.3483"
"0,54 : 0.6619"
"54,0 : 0.6619"
"0,55 : 0.8147"
"55,0 : 0.8147"
"0,56 : 0.7545"
"56,0 : 0.7545"
"0,57 : 0.7145"
"57,0 : 0.7145"
"0,58 : 0.7819"
"58,0 : 0.7819"
"0,59 : 0.2879"
"59,0 : 0.2879"
"0,60 : 0.8911"
"60,0 : 0.8911"
"0,61 : 0.6551"
"61,0 : 0.6551"
"0,62 : 0.7473"
"62,0 : 0.7473"
"0,63 : 0.3423"
"63,0 : 0.3423"
"0,64 : 0.4909"
"64,0 : 0.4909"
"0,65 : 0.6946"
"65,0 : 0.6946"
"0,66 : 0.7783"
"66,0 : 0.7783"
"0,67 : 0.1442"
"67,0 : 0.1442"
"0,68 : 0.153"
"68,0 : 0.153"
"0,69 : 0.4562"
"69,0 : 0.4562"
"0,70 : 0.3189"
"70,0 : 0.3189"
"0,71 : 0.4561"
"71,0 : 0.4561"
"0,72 : 0.6507"
"72,0 : 0.6507"
"0,73 : 0.3081"
"73,0 : 0.3081"
"0,74 : 0.0539"
"74,0 : 0.0539"
"0,75 : 0.5725"
"75,0 : 0.5725"
"0,76 : 0.7218"
"76,0 : 0.7218"
"0,77 : 0.4519"
"77,0 : 0.4519"
"0,78 : 1.0183"
"78,0 : 1.0183"
"0,79 : 0.5201"
"79,0 : 0.5201"
"0,80 : 1.0187"
"80,0 : 1.0187"
"0,81 : 0.8322"
"81,0 : 0.8322"
"0,82 : 0.1924"
"82,0 : 0.1924"
"0,83 : 0.4604"
"83,0 : 0.4604"
"0,84 : 0.5873"
"84,0 : 0.5873"
"0,85 : 0.5523"
"85,0 : 0.5523"
"0,86 : 0.4632"
"86,0 : 0.4632"
"0,87 : 0.8516"
"87,0 : 0.8516"
"0,88 : 0.3059"
"88,0 : 0.3059"
"0,89 : 0.313"
"89,0 : 0.313"
"0,90 : 0.5757"
"90,0 : 0.5757"
"0,91 : 0.7225"
"91,0 : 0.7225"
"0,92 : 0.6002"
"92,0 : 0.6002"
"0,93 : 0.3454"
"93,0 : 0.3454"
"0,94 : 0.6316"
"94,0 : 0.6316"
"0,95 : 0.0762"
"95,0 : 0.0762"
"0,96 : 0.6694"
"96,0 : 0.6694"
"0,97 : 0.8698"
"97,0 : 0.8698"
"0,98 : 0.7023"
"98,0 : 0.7023"
"0,99 : 0.7985"
"99,0 : 0.7985"
"1,2 : 0.4046"
"2,1 : 0.4046"
"1,3 : 0.4973"
"3,1 : 0.4973"
"1,4 : 0.6147"
"4,1 : 0.6147"
"1,5 : 0.7256"
"5,1 : 0.7256"
"1,6 : 0.6592"
"6,1 : 0.6592"
"1,7 : 0.7001"
"7,1 : 0.7001"
"1,8 : 0.1769"
"8,1 : 0.1769"
"1,9 : 0.5722"
"9,1 : 0.5722"
"1,10 : 0.7918"
"10,1 : 0.7918"
"1,11 : 0.4219"
"11,1 : 0.4219"
"1,12 : 0.8249"
"12,1 : 0.8249"
"1,13 : 0.1676"
"13,1 : 0.1676"
"1,14 : 0.7524"
"14,1 : 0.7524"
"1,15 : 0.0671"
"15,1 : 0.0671"
"1,16 : 0.9144"
"16,1 : 0.9144"
"1,17 : 0.3373"
"17,1 : 0.3373"
"1,18 : 0.5597"
"18,1 : 0.5597"
"1,19 : 0.4952"
"19,1 : 0.4952"
"1,20 : 0.5756"
"20,1 : 0.5756"
"1,21 : 0.2433"
"21,1 : 0.2433"
"1,22 : 0.9179"
"22,1 : 0.9179"
"1,23 : 0.6122"
"23,1 : 0.6122"
"1,24 : 0.6433"
"24,1 : 0.6433"
"1,25 : 0.3895"
"25,1 : 0.3895"
"1,26 : 0.6926"
"26,1 : 0.6926"
"1,27 : 0.8701"
"27,1 : 0.8701"
"1,28 : 0.392"
"28,1 : 0.392"
"1,29 : 0.4264"
"29,1 : 0.4264"
"1,30 : 0.5855"
"30,1 : 0.5855"
"1,31 : 0.9646"
"31,1 : 0.9646"
"1,32 : 0.6014"
"32,1 : 0.6014"
"1,33 : 0.3401"
"33,1 : 0.3401"
"1,34 : 0.422"
"34,1 : 0.422"
"1,35 : 0.0583"
"35,1 : 0.0583"
"1,36 : 0.9108"
"36,1 : 0.9108"
"1,37 : 0.191"
"37,1 : 0.191"
"1,38 : 0.2818"
"38,1 : 0.2818"
"1,39 : 0.6512"
"39,1 : 0.6512"
"1,40 : 0.4219"
"40,1 : 0.4219"
"1,41 : 0.3636"
"41,1 : 0.3636"
"1,42 : 0.4519"
"42,1 : 0.4519"
"1,43 : 0.8201"
"43,1 : 0.8201"
"1,44 : 0.25"
"44,1 : 0.25"
"1,45 : 0.8099"
"45,1 : 0.8099"
"1,46 : 0.6382"
"46,1 : 0.6382"
"1,47 : 0.3801"
"47,1 : 0.3801"
"1,48 : 0.72"
"48,1 : 0.72"
"1,49 : 0.2693"
"49,1 : 0.2693"
"1,50 : 0.6014"
"50,1 : 0.6014"
"1,51 : 0.8521"
"51,1 : 0.8521"
"1,52 : 0.4528"
"52,1 : 0.4528"
"1,53 : 0.2594"
"53,1 : 0.2594"
"1,54 : 0.6992"
"54,1 : 0.6992"
"1,55 : 0.717"
"55,1 : 0.717"
"1,56 : 0.6438"
"56,1 : 0.6438"
"1,57 : 0.7558"
"57,1 : 0.7558"
"1,58 : 0.7513"
"58,1 : 0.7513"
"1,59 : 0.2844"
"59,1 : 0.2844"
"1,60 : 0.9361"
"60,1 : 0.9361"
"1,61 : 0.7118"
"61,1 : 0.7118"
"1,62 : 0.8293"
"62,1 : 0.8293"
"1,63 : 0.1965"
"63,1 : 0.1965"
"1,64 : 0.3423"
"64,1 : 0.3423"
"1,65 : 0.5644"
"65,1 : 0.5644"
"1,66 : 0.6934"
"66,1 : 0.6934"
"1,67 : 0.1476"
"67,1 : 0.1476"
"1,68 : 0.3007"
"68,1 : 0.3007"
"1,69 : 0.423"
"69,1 : 0.423"
"1,70 : 0.2571"
"70,1 : 0.2571"
"1,71 : 0.3178"
"71,1 : 0.3178"
"1,72 : 0.5016"
"72,1 : 0.5016"
"1,73 : 0.454"
"73,1 : 0.454"
"1,74 : 0.1044"
"74,1 : 0.1044"
"1,75 : 0.6466"
"75,1 : 0.6466"
"1,76 : 0.7725"
"76,1 : 0.7725"
"1,77 : 0.328"
"77,1 : 0.328"
"1,78 : 0.9483"
"78,1 : 0.9483"
"1,79 : 0.4531"
"79,1 : 0.4531"
"1,80 : 0.9585"
"80,1 : 0.9585"
"1,81 : 0.8448"
"81,1 : 0.8448"
"1,82 : 0.3"
"82,1 : 0.3"
"1,83 : 0.4052"
"83,1 : 0.4052"
"1,84 : 0.5061"
"84,1 : 0.5061"
"1,85 : 0.5946"
"85,1 : 0.5946"
"1,86 : 0.3231"
"86,1 : 0.3231"
"1,87 : 0.8981"
"87,1 : 0.8981"
"1,88 : 0.1581"
"88,1 : 0.1581"
"1,89 : 0.4554"
"89,1 : 0.4554"
"1,90 : 0.645"
"90,1 : 0.645"
"1,91 : 0.6414"
"91,1 : 0.6414"
"1,92 : 0.6539"
"92,1 : 0.6539"
"1,93 : 0.3306"
"93,1 : 0.3306"
"1,94 : 0.7128"
"94,1 : 0.7128"
"1,95 : 0.2236"
"95,1 : 0.2236"
"1,96 : 0.5281"
"96,1 : 0.5281"
"1,97 : 0.9139"
"97,1 : 0.9139"
"1,98 : 0.568"
"98,1 : 0.568"
"1,99 : 0.8746"
"99,1 : 0.8746"
"2,3 : 0.214"
"3,2 : 0.214"
"2,4 : 0.2617"
"4,2 : 0.2617"
"2,5 : 0.3353"
"5,2 : 0.3353"
"2,6 : 0.3716"
"6,2 : 0.3716"
"2,7 : 0.781"
"7,2 : 0.781"
"2,8 : 0.4205"
"8,2 : 0.4205"
"2,9 : 0.3342"
"9,2 : 0.3342"
"2,10 : 0.4052"
"10,2 : 0.4052"
"2,11 : 0.064"
"11,2 : 0.064"
"2,12 : 0.4308"
"12,2 : 0.4308"
"2,13 : 0.2786"
"13,2 : 0.2786"
"2,14 : 0.4833"
"14,2 : 0.4833"
"2,15 : 0.4357"
"15,2 : 0.4357"
"2,16 : 0.7465"
"16,2 : 0.7465"
"2,17 : 0.3306"
"17,2 : 0.3306"
"2,18 : 0.2341"
"18,2 : 0.2341"
"2,19 : 0.0943"
"19,2 : 0.0943"
"2,20 : 0.3162"
"20,2 : 0.3162"
"2,21 : 0.6103"
"21,2 : 0.6103"
"2,22 : 0.5413"
"22,2 : 0.5413"
"2,23 : 0.7433"
"23,2 : 0.7433"
"2,24 : 0.3454"
"24,2 : 0.3454"
"2,25 : 0.5523"
"25,2 : 0.5523"
"2,26 : 0.4968"
"26,2 : 0.4968"
"2,27 : 0.6133"
"27,2 : 0.6133"
"2,28 : 0.3105"
"28,2 : 0.3105"
"2,29 : 0.5914"
"29,2 : 0.5914"
"2,30 : 0.3245"
"30,2 : 0.3245"
"2,31 : 0.8345"
"31,2 : 0.8345"
"2,32 : 0.7071"
"32,2 : 0.7071"
"2,33 : 0.68"
"33,2 : 0.68"
"2,34 : 0.0316"
"34,2 : 0.0316"
"2,35 : 0.4177"
"35,2 : 0.4177"
"2,36 : 0.6021"
"36,2 : 0.6021"
"2,37 : 0.214"
"37,2 : 0.214"
"2,38 : 0.3946"
"38,2 : 0.3946"
"2,39 : 0.7513"
"39,2 : 0.7513"
"2,40 : 0.064"
"40,2 : 0.064"
"2,41 : 0.13"
"41,2 : 0.13"
"2,42 : 0.1221"
"42,2 : 0.1221"
"2,43 : 0.5771"
"43,2 : 0.5771"
"2,44 : 0.3102"
"44,2 : 0.3102"
"2,45 : 0.7918"
"45,2 : 0.7918"
"2,46 : 0.2371"
"46,2 : 0.2371"
"2,47 : 0.2596"
"47,2 : 0.2596"
"2,48 : 0.4855"
"48,2 : 0.4855"
"2,49 : 0.3338"
"49,2 : 0.3338"
"2,50 : 0.6825"
"50,2 : 0.6825"
"2,51 : 0.6277"
"51,2 : 0.6277"
"2,52 : 0.322"
"52,2 : 0.322"
"2,53 : 0.3883"
"53,2 : 0.3883"
"2,54 : 0.365"
"54,2 : 0.365"
"2,55 : 0.7589"
"55,2 : 0.7589"
"2,56 : 0.7415"
"56,2 : 0.7415"
"2,57 : 0.4111"
"57,2 : 0.4111"
"2,58 : 0.5805"
"58,2 : 0.5805"
"2,59 : 0.2121"
"59,2 : 0.2121"
"2,60 : 0.5808"
"60,2 : 0.5808"
"2,61 : 0.3413"
"61,2 : 0.3413"
"2,62 : 0.4294"
"62,2 : 0.4294"
"2,63 : 0.5197"
"63,2 : 0.5197"
"2,64 : 0.658"
"64,2 : 0.658"
"2,65 : 0.7506"
"65,2 : 0.7506"
"2,66 : 0.6946"
"66,2 : 0.6946"
"2,67 : 0.2617"
"67,2 : 0.2617"
"2,68 : 0.3324"
"68,2 : 0.3324"
"2,69 : 0.3289"
"69,2 : 0.3289"
"2,70 : 0.3256"
"70,2 : 0.3256"
"2,71 : 0.5787"
"71,2 : 0.5787"
"2,72 : 0.8065"
"72,2 : 0.8065"
"2,73 : 0.4159"
"73,2 : 0.4159"
"2,74 : 0.3225"
"74,2 : 0.3225"
"2,75 : 0.253"
"75,2 : 0.253"
"2,76 : 0.4105"
"76,2 : 0.4105"
"2,77 : 0.5315"
"77,2 : 0.5315"
"2,78 : 0.878"
"78,2 : 0.878"
"2,79 : 0.4438"
"79,2 : 0.4438"
"2,80 : 0.857"
"80,2 : 0.857"
"2,81 : 0.5566"
"81,2 : 0.5566"
"2,82 : 0.1315"
"82,2 : 0.1315"
"2,83 : 0.3785"
"83,2 : 0.3785"
"2,84 : 0.5263"
"84,2 : 0.5263"
"2,85 : 0.2571"
"85,2 : 0.2571"
"2,86 : 0.5914"
"86,2 : 0.5914"
"2,87 : 0.5408"
"87,2 : 0.5408"
"2,88 : 0.5456"
"88,2 : 0.5456"
"2,89 : 0.2335"
"89,2 : 0.2335"
"2,90 : 0.2571"
"90,2 : 0.2571"
"2,91 : 0.6369"
"91,2 : 0.6369"
"2,92 : 0.29"
"92,2 : 0.29"
"2,93 : 0.2408"
"93,2 : 0.2408"
"2,94 : 0.313"
"94,2 : 0.313"
"2,95 : 0.2729"
"95,2 : 0.2729"
"2,96 : 0.7728"
"96,2 : 0.7728"
"2,97 : 0.5604"
"97,2 : 0.5604"
"2,98 : 0.7723"
"98,2 : 0.7723"
"2,99 : 0.4793"
"99,2 : 0.4793"
"3,4 : 0.1345"
"4,3 : 0.1345"
"3,5 : 0.2746"
"5,3 : 0.2746"
"3,6 : 0.1712"
"6,3 : 0.1712"
"3,7 : 0.6301"
"7,3 : 0.6301"
"3,8 : 0.4301"
"8,3 : 0.4301"
"3,9 : 0.1204"
"9,3 : 0.1204"
"3,10 : 0.3256"
"10,3 : 0.3256"
"3,11 : 0.15"
"11,3 : 0.15"
"3,12 : 0.3701"
"12,3 : 0.3701"
"3,13 : 0.431"
"13,3 : 0.431"
"3,14 : 0.2789"
"14,3 : 0.2789"
"3,15 : 0.5492"
"15,3 : 0.5492"
"3,16 : 0.5326"
"16,3 : 0.5326"
"3,17 : 0.25"
"17,3 : 0.25"
"3,18 : 0.0707"
"18,3 : 0.0707"
"3,19 : 0.2419"
"19,3 : 0.2419"
"3,20 : 0.103"
"20,3 : 0.103"
"3,21 : 0.6382"
"21,3 : 0.6382"
"3,22 : 0.4327"
"22,3 : 0.4327"
"3,23 : 0.6181"
"23,3 : 0.6181"
"3,24 : 0.15"
"24,3 : 0.15"
"3,25 : 0.4741"
"25,3 : 0.4741"
"3,26 : 0.2832"
"26,3 : 0.2832"
"3,27 : 0.408"
"27,3 : 0.408"
"3,28 : 0.1924"
"28,3 : 0.1924"
"3,29 : 0.5057"
"29,3 : 0.5057"
"3,30 : 0.1118"
"30,3 : 0.1118"
"3,31 : 0.6224"
"31,3 : 0.6224"
"3,32 : 0.5743"
"32,3 : 0.5743"
"3,33 : 0.679"
"33,3 : 0.679"
"3,34 : 0.1844"
"34,3 : 0.1844"
"3,35 : 0.4847"
"35,3 : 0.4847"
"3,36 : 0.4201"
"36,3 : 0.4201"
"3,37 : 0.34"
"37,3 : 0.34"
"3,38 : 0.3471"
"38,3 : 0.3471"
"3,39 : 0.6113"
"39,3 : 0.6113"
"3,40 : 0.15"
"40,3 : 0.15"
"3,41 : 0.3413"
"41,3 : 0.3413"
"3,42 : 0.0922"
"42,3 : 0.0922"
"3,43 : 0.3677"
"43,3 : 0.3677"
"3,44 : 0.4948"
"44,3 : 0.4948"
"3,45 : 0.6041"
"45,3 : 0.6041"
"3,46 : 0.2433"
"46,3 : 0.2433"
"3,47 : 0.1562"
"47,3 : 0.1562"
"3,48 : 0.2729"
"48,3 : 0.2729"
"3,49 : 0.2973"
"49,3 : 0.2973"
"3,50 : 0.5415"
"50,3 : 0.5415"
"3,51 : 0.4159"
"51,3 : 0.4159"
"3,52 : 0.536"
"52,3 : 0.536"
"3,53 : 0.3536"
"53,3 : 0.3536"
"3,54 : 0.2025"
"54,3 : 0.2025"
"3,55 : 0.5941"
"55,3 : 0.5941"
"3,56 : 0.6013"
"56,3 : 0.6013"
"3,57 : 0.26"
"57,3 : 0.26"
"3,58 : 0.3677"
"58,3 : 0.3677"
"3,59 : 0.2154"
"59,3 : 0.2154"
"3,60 : 0.4401"
"60,3 : 0.4401"
"3,61 : 0.2335"
"61,3 : 0.2335"
"3,62 : 0.3912"
"62,3 : 0.3912"
"3,63 : 0.536"
"63,3 : 0.536"
"3,64 : 0.6438"
"64,3 : 0.6438"
"3,65 : 0.6515"
"65,3 : 0.6515"
"3,66 : 0.5197"
"66,3 : 0.5197"
"3,67 : 0.3551"
"67,3 : 0.3551"
"3,68 : 0.5281"
"68,3 : 0.5281"
"3,69 : 0.1897"
"69,3 : 0.1897"
"3,70 : 0.2983"
"70,3 : 0.2983"
"3,71 : 0.5467"
"71,3 : 0.5467"
"3,72 : 0.7684"
"72,3 : 0.7684"
"3,73 : 0.6277"
"73,3 : 0.6277"
"3,74 : 0.451"
"74,3 : 0.451"
"3,75 : 0.2214"
"75,3 : 0.2214"
"3,76 : 0.283"
"76,3 : 0.283"
"3,77 : 0.4801"
"77,3 : 0.4801"
"3,78 : 0.6742"
"78,3 : 0.6742"
"3,79 : 0.3059"
"79,3 : 0.3059"
"3,80 : 0.6482"
"80,3 : 0.6482"
"3,81 : 0.3622"
"81,3 : 0.3622"
"3,82 : 0.3195"
"82,3 : 0.3195"
"3,83 : 0.2563"
"83,3 : 0.2563"
"3,84 : 0.3821"
"84,3 : 0.3821"
"3,85 : 0.1063"
"85,3 : 0.1063"
"3,86 : 0.5608"
"86,3 : 0.5608"
"3,87 : 0.4031"
"87,3 : 0.4031"
"3,88 : 0.5994"
"88,3 : 0.5994"
"3,89 : 0.446"
"89,3 : 0.446"
"3,90 : 0.2062"
"90,3 : 0.2062"
"3,91 : 0.4653"
"91,3 : 0.4653"
"3,92 : 0.1769"
"92,3 : 0.1769"
"3,93 : 0.186"
"93,3 : 0.186"
"3,94 : 0.2915"
"94,3 : 0.2915"
"3,95 : 0.4491"
"95,3 : 0.4491"
"3,96 : 0.7021"
"96,3 : 0.7021"
"3,97 : 0.4179"
"97,3 : 0.4179"
"3,98 : 0.6801"
"98,3 : 0.6801"
"3,99 : 0.4187"
"99,3 : 0.4187"
"4,5 : 0.1432"
"5,4 : 0.1432"
"4,6 : 0.1442"
"6,4 : 0.1442"
"4,7 : 0.7344"
"7,4 : 0.7344"
"4,8 : 0.5622"
"8,4 : 0.5622"
"4,9 : 0.18"
"9,4 : 0.18"
"4,10 : 0.191"
"10,4 : 0.191"
"4,11 : 0.2102"
"11,4 : 0.2102"
"4,12 : 0.236"
"12,4 : 0.236"
"4,13 : 0.5247"
"13,4 : 0.5247"
"4,14 : 0.2476"
"14,4 : 0.2476"
"4,15 : 0.661"
"15,4 : 0.661"
"4,16 : 0.5441"
"16,4 : 0.5441"
"4,17 : 0.3842"
"17,4 : 0.3842"
"4,18 : 0.064"
"18,4 : 0.064"
"4,19 : 0.2371"
"19,4 : 0.2371"
"4,20 : 0.15"
"20,4 : 0.15"
"4,21 : 0.7701"
"21,4 : 0.7701"
"4,22 : 0.3041"
"22,4 : 0.3041"
"4,23 : 0.735"
"23,4 : 0.735"
"4,24 : 0.1166"
"24,4 : 0.1166"
"4,25 : 0.6054"
"25,4 : 0.6054"
"4,26 : 0.3138"
"26,4 : 0.3138"
"4,27 : 0.372"
"27,4 : 0.372"
"4,28 : 0.3245"
"28,4 : 0.3245"
"4,29 : 0.6353"
"29,4 : 0.6353"
"4,30 : 0.1503"
"30,4 : 0.1503"
"4,31 : 0.6466"
"31,4 : 0.6466"
"4,32 : 0.6888"
"32,4 : 0.6888"
"4,33 : 0.8132"
"33,4 : 0.8132"
"4,34 : 0.2309"
"34,4 : 0.2309"
"4,35 : 0.6083"
"35,4 : 0.6083"
"4,36 : 0.3421"
"36,4 : 0.3421"
"4,37 : 0.4415"
"37,4 : 0.4415"
"4,38 : 0.4817"
"38,4 : 0.4817"
"4,39 : 0.7218"
"39,4 : 0.7218"
"4,40 : 0.2102"
"40,4 : 0.2102"
"4,41 : 0.3883"
"41,4 : 0.3883"
"4,42 : 0.1649"
"42,4 : 0.1649"
"4,43 : 0.3466"
"43,4 : 0.3466"
"4,44 : 0.5704"
"44,4 : 0.5704"
"4,45 : 0.679"
"45,4 : 0.679"
"4,46 : 0.1487"
"46,4 : 0.1487"
"4,47 : 0.2907"
"47,4 : 0.2907"
"4,48 : 0.2746"
"48,4 : 0.2746"
"4,49 : 0.4314"
"49,4 : 0.4314"
"4,50 : 0.6531"
"50,4 : 0.6531"
"4,51 : 0.4031"
"51,4 : 0.4031"
"4,52 : 0.5646"
"52,4 : 0.5646"
"4,53 : 0.488"
"53,4 : 0.488"
"4,54 : 0.1044"
"54,4 : 0.1044"
"4,55 : 0.6903"
"55,4 : 0.6903"
"4,56 : 0.712"
"56,4 : 0.712"
"4,57 : 0.15"
"57,4 : 0.15"
"4,58 : 0.3981"
"58,4 : 0.3981"
"4,59 : 0.3413"
"59,4 : 0.3413"
"4,60 : 0.3256"
"60,4 : 0.3256"
"4,61 : 0.1"
"61,4 : 0.1"
"4,62 : 0.2594"
"62,4 : 0.2594"
"4,63 : 0.6684"
"63,4 : 0.6684"
"4,64 : 0.7783"
"64,4 : 0.7783"
"4,65 : 0.7762"
"65,4 : 0.7762"
"4,66 : 0.6101"
"66,4 : 0.6101"
"4,67 : 0.4682"
"67,4 : 0.4682"
"4,68 : 0.5941"
"68,4 : 0.5941"
"4,69 : 0.3176"
"69,4 : 0.3176"
"4,70 : 0.4319"
"70,4 : 0.4319"
"4,71 : 0.6812"
"71,4 : 0.6812"
"4,72 : 0.9021"
"72,4 : 0.9021"
"4,73 : 0.6673"
"73,4 : 0.6673"
"4,74 : 0.5554"
"74,4 : 0.5554"
"4,75 : 0.1118"
"75,4 : 0.1118"
"4,76 : 0.1581"
"76,4 : 0.1581"
"4,77 : 0.614"
"77,4 : 0.614"
"4,78 : 0.7224"
"78,4 : 0.7224"
"4,79 : 0.4272"
"79,4 : 0.4272"
"4,80 : 0.6843"
"80,4 : 0.6843"
"4,81 : 0.3041"
"81,4 : 0.3041"
"4,82 : 0.3901"
"82,4 : 0.3901"
"4,83 : 0.3847"
"83,4 : 0.3847"
"4,84 : 0.4973"
"84,4 : 0.4973"
"4,85 : 0.0316"
"85,4 : 0.0316"
"4,86 : 0.6953"
"86,4 : 0.6953"
"4,87 : 0.2864"
"87,4 : 0.2864"
"4,88 : 0.7272"
"88,4 : 0.7272"
"4,89 : 0.4652"
"89,4 : 0.4652"
"4,90 : 0.0906"
"90,4 : 0.0906"
"4,91 : 0.5604"
"91,4 : 0.5604"
"4,92 : 0.0424"
"92,4 : 0.0424"
"4,93 : 0.3189"
"93,4 : 0.3189"
"4,94 : 0.1712"
"94,4 : 0.1712"
"4,95 : 0.5301"
"95,4 : 0.5301"
"4,96 : 0.8324"
"96,4 : 0.8324"
"4,97 : 0.3041"
"97,4 : 0.3041"
"4,98 : 0.8062"
"98,4 : 0.8062"
"4,99 : 0.2843"
"99,4 : 0.2843"
"5,6 : 0.2508"
"6,5 : 0.2508"
"5,7 : 0.8713"
"7,5 : 0.8713"
"5,8 : 0.6931"
"8,5 : 0.6931"
"5,9 : 0.3158"
"9,5 : 0.3158"
"5,10 : 0.0707"
"10,5 : 0.0707"
"5,11 : 0.3041"
"11,5 : 0.3041"
"5,12 : 0.1"
"12,5 : 0.1"
"5,13 : 0.6135"
"13,5 : 0.6135"
"5,14 : 0.3231"
"14,5 : 0.3231"
"5,15 : 0.7649"
"15,5 : 0.7649"
"5,16 : 0.6265"
"16,5 : 0.6265"
"5,17 : 0.5243"
"17,5 : 0.5243"
"5,18 : 0.2059"
"18,5 : 0.2059"
"5,19 : 0.2707"
"19,5 : 0.2707"
"5,20 : 0.2864"
"20,5 : 0.2864"
"5,21 : 0.8994"
"21,5 : 0.8994"
"5,22 : 0.2102"
"22,5 : 0.2102"
"5,23 : 0.8764"
"23,5 : 0.8764"
"5,24 : 0.23"
"24,5 : 0.23"
"5,25 : 0.7479"
"25,5 : 0.7479"
"5,26 : 0.4243"
"26,5 : 0.4243"
"5,27 : 0.4244"
"27,5 : 0.4244"
"5,28 : 0.4665"
"28,5 : 0.4665"
"5,29 : 0.7783"
"29,5 : 0.7783"
"5,30 : 0.2844"
"30,5 : 0.2844"
"5,31 : 0.7354"
"31,5 : 0.7354"
"5,32 : 0.8297"
"32,5 : 0.8297"
"5,33 : 0.9485"
"33,5 : 0.9485"
"5,34 : 0.3102"
"34,5 : 0.3102"
"5,35 : 0.7267"
"35,5 : 0.7267"
"5,36 : 0.3483"
"36,5 : 0.3483"
"5,37 : 0.5413"
"37,5 : 0.5413"
"5,38 : 0.6201"
"38,5 : 0.6201"
"5,39 : 0.8612"
"39,5 : 0.8612"
"5,40 : 0.3041"
"40,5 : 0.3041"
"5,41 : 0.4428"
"41,5 : 0.4428"
"5,42 : 0.278"
"42,5 : 0.278"
"5,43 : 0.4159"
"43,5 : 0.4159"
"5,44 : 0.6395"
"44,5 : 0.6395"
"5,45 : 0.8016"
"45,5 : 0.8016"
"5,46 : 0.1105"
"46,5 : 0.1105"
"5,47 : 0.4301"
"47,5 : 0.4301"
"5,48 : 0.3711"
"48,5 : 0.3711"
"5,49 : 0.5673"
"49,5 : 0.5673"
"5,50 : 0.7931"
"50,5 : 0.7931"
"5,51 : 0.4741"
"51,5 : 0.4741"
"5,52 : 0.5869"
"52,5 : 0.5869"
"5,53 : 0.6248"
"53,5 : 0.6248"
"5,54 : 0.1649"
"54,5 : 0.1649"
"5,55 : 0.8239"
"55,5 : 0.8239"
"5,56 : 0.8515"
"56,5 : 0.8515"
"5,57 : 0.1581"
"57,5 : 0.1581"
"5,58 : 0.5022"
"58,5 : 0.5022"
"5,59 : 0.4675"
"59,5 : 0.4675"
"5,60 : 0.2693"
"60,5 : 0.2693"
"5,61 : 0.0728"
"61,5 : 0.0728"
"5,62 : 0.1166"
"62,5 : 0.1166"
"5,63 : 0.7993"
"63,5 : 0.7993"
"5,64 : 0.9155"
"64,5 : 0.9155"
"5,65 : 0.9192"
"65,5 : 0.9192"
"5,66 : 0.7417"
"66,5 : 0.7417"
"5,67 : 0.578"
"67,5 : 0.578"
"5,68 : 0.6528"
"68,5 : 0.6528"
"5,69 : 0.4607"
"69,5 : 0.4607"
"5,70 : 0.5664"
"70,5 : 0.5664"
"5,71 : 0.8201"
"71,5 : 0.8201"
"5,72 : 1.0429"
"72,5 : 1.0429"
"5,73 : 0.6958"
"73,5 : 0.6958"
"5,74 : 0.6539"
"74,5 : 0.6539"
"5,75 : 0.0825"
"75,5 : 0.0825"
"5,76 : 0.1204"
"76,5 : 0.1204"
"5,77 : 0.7545"
"77,5 : 0.7545"
"5,78 : 0.8271"
"78,5 : 0.8271"
"5,79 : 0.5701"
"79,5 : 0.5701"
"5,80 : 0.7811"
"80,5 : 0.7811"
"5,81 : 0.3421"
"81,5 : 0.3421"
"5,82 : 0.4657"
"82,5 : 0.4657"
"5,83 : 0.5277"
"83,5 : 0.5277"
"5,84 : 0.6389"
"84,5 : 0.6389"
"5,85 : 0.1746"
"85,5 : 0.1746"
"5,86 : 0.8341"
"86,5 : 0.8341"
"5,87 : 0.2309"
"87,5 : 0.2309"
"5,88 : 0.85"
"88,5 : 0.85"
"5,89 : 0.4851"
"89,5 : 0.4851"
"5,90 : 0.0806"
"90,5 : 0.0806"
"5,91 : 0.6946"
"91,5 : 0.6946"
"5,92 : 0.1044"
"92,5 : 0.1044"
"5,93 : 0.4534"
"93,5 : 0.4534"
"5,94 : 0.0566"
"94,5 : 0.0566"
"5,95 : 0.6064"
"95,5 : 0.6064"
"5,96 : 0.9753"
"96,5 : 0.9753"
"5,97 : 0.253"
"97,5 : 0.253"
"5,98 : 0.9494"
"98,5 : 0.9494"
"5,99 : 0.15"
"99,5 : 0.15"
"6,7 : 0.6306"
"7,6 : 0.6306"
"6,8 : 0.5686"
"8,6 : 0.5686"
"6,9 : 0.1"
"9,6 : 0.1"
"6,10 : 0.2648"
"10,6 : 0.2648"
"6,11 : 0.3102"
"11,6 : 0.3102"
"6,12 : 0.3158"
"12,6 : 0.3158"
"6,13 : 0.6021"
"13,6 : 0.6021"
"6,14 : 0.1118"
"14,6 : 0.1118"
"6,15 : 0.7145"
"15,6 : 0.7145"
"6,16 : 0.4"
"16,6 : 0.4"
"6,17 : 0.3672"
"17,6 : 0.3672"
"6,18 : 0.1389"
"18,6 : 0.1389"
"6,19 : 0.3701"
"19,6 : 0.3701"
"6,20 : 0.0854"
"20,6 : 0.0854"
"6,21 : 0.7737"
"21,6 : 0.7737"
"6,22 : 0.322"
"22,6 : 0.322"
"6,23 : 0.6488"
"23,6 : 0.6488"
"6,24 : 0.0283"
"24,6 : 0.0283"
"6,25 : 0.5587"
"25,6 : 0.5587"
"6,26 : 0.1746"
"26,6 : 0.1746"
"6,27 : 0.2417"
"27,6 : 0.2417"
"6,28 : 0.3002"
"28,6 : 0.3002"
"6,29 : 0.5814"
"29,6 : 0.5814"
"6,30 : 0.0762"
"30,6 : 0.0762"
"6,31 : 0.5025"
"31,6 : 0.5025"
"6,32 : 0.6001"
"32,6 : 0.6001"
"6,33 : 0.7988"
"33,6 : 0.7988"
"6,34 : 0.3401"
"34,6 : 0.3401"
"6,35 : 0.6403"
"35,6 : 0.6403"
"6,36 : 0.2518"
"36,6 : 0.2518"
"6,37 : 0.5104"
"37,6 : 0.5104"
"6,38 : 0.4665"
"38,6 : 0.4665"
"6,39 : 0.6263"
"39,6 : 0.6263"
"6,40 : 0.3102"
"40,6 : 0.3102"
"6,41 : 0.5016"
"41,6 : 0.5016"
"6,42 : 0.253"
"42,6 : 0.253"
"6,43 : 0.2081"
"43,6 : 0.2081"
"6,44 : 0.6649"
"44,6 : 0.6649"
"6,45 : 0.5508"
"45,6 : 0.5508"
"6,46 : 0.2907"
"46,6 : 0.2907"
"6,47 : 0.2879"
"47,6 : 0.2879"
"6,48 : 0.1304"
"48,6 : 0.1304"
"6,49 : 0.4295"
"49,6 : 0.4295"
"6,50 : 0.5608"
"50,6 : 0.5608"
"6,51 : 0.2625"
"51,6 : 0.2625"
"6,52 : 0.6896"
"52,6 : 0.6896"
"6,53 : 0.4789"
"53,6 : 0.4789"
"6,54 : 0.0922"
"54,6 : 0.0922"
"6,55 : 0.5787"
"55,6 : 0.5787"
"6,56 : 0.6168"
"56,6 : 0.6168"
"6,57 : 0.1389"
"57,6 : 0.1389"
"6,58 : 0.2563"
"58,6 : 0.2563"
"6,59 : 0.3748"
"59,6 : 0.3748"
"6,60 : 0.3"
"60,6 : 0.3"
"6,61 : 0.18"
"61,6 : 0.18"
"6,62 : 0.3523"
"62,6 : 0.3523"
"6,63 : 0.6708"
"63,6 : 0.6708"
"6,64 : 0.758"
"64,6 : 0.758"
"6,65 : 0.7049"
"65,6 : 0.7049"
"6,66 : 0.495"
"66,6 : 0.495"
"6,67 : 0.5215"
"67,6 : 0.5215"
"6,68 : 0.6964"
"68,6 : 0.6964"
"6,69 : 0.2802"
"69,6 : 0.2802"
"6,70 : 0.4346"
"70,6 : 0.4346"
"6,71 : 0.656"
"71,6 : 0.656"
"6,72 : 0.8627"
"72,6 : 0.8627"
"6,73 : 0.7872"
"73,6 : 0.7872"
"6,74 : 0.6201"
"74,6 : 0.6201"
"6,75 : 0.2508"
"75,6 : 0.2508"
"6,76 : 0.1838"
"76,6 : 0.1838"
"6,77 : 0.5826"
"77,6 : 0.5826"
"6,78 : 0.5819"
"78,6 : 0.5819"
"6,79 : 0.3624"
"79,6 : 0.3624"
"6,80 : 0.5413"
"80,6 : 0.5413"
"6,81 : 0.191"
"81,6 : 0.191"
"6,82 : 0.4876"
"82,6 : 0.4876"
"6,83 : 0.3406"
"83,6 : 0.3406"
"6,84 : 0.4168"
"84,6 : 0.4168"
"6,85 : 0.1273"
"85,6 : 0.1273"
"6,86 : 0.6701"
"86,6 : 0.6701"
"6,87 : 0.2691"
"87,6 : 0.2691"
"6,88 : 0.7467"
"88,6 : 0.7467"
"6,89 : 0.5936"
"89,6 : 0.5936"
"6,90 : 0.2285"
"90,6 : 0.2285"
"6,91 : 0.4512"
"91,6 : 0.4512"
"6,92 : 0.1581"
"92,6 : 0.1581"
"6,93 : 0.3324"
"93,6 : 0.3324"
"6,94 : 0.2961"
"94,6 : 0.2961"
"6,95 : 0.6198"
"95,6 : 0.6198"
"6,96 : 0.7762"
"96,6 : 0.7762"
"6,97 : 0.278"
"97,6 : 0.278"
"6,98 : 0.7378"
"98,6 : 0.7378"
"6,99 : 0.3544"
"99,6 : 0.3544"
"7,8 : 0.5235"
"8,7 : 0.5235"
"7,9 : 0.5558"
"9,7 : 0.5558"
"7,10 : 0.895"
"10,7 : 0.895"
"7,11 : 0.7316"
"11,7 : 0.7316"
"7,12 : 0.9459"
"12,7 : 0.9459"
"7,13 : 0.7932"
"13,7 : 0.7932"
"7,14 : 0.6174"
"14,7 : 0.6174"
"7,15 : 0.7638"
"15,7 : 0.7638"
"7,16 : 0.4941"
"16,7 : 0.4941"
"7,17 : 0.4588"
"17,7 : 0.4588"
"7,18 : 0.6812"
"18,7 : 0.6812"
"7,19 : 0.85"
"19,7 : 0.85"
"7,20 : 0.5855"
"20,7 : 0.5855"
"7,21 : 0.5903"
"21,7 : 0.5903"
"7,22 : 0.9378"
"22,7 : 0.9378"
"7,23 : 0.1118"
"23,7 : 0.1118"
"7,24 : 0.6454"
"24,7 : 0.6454"
"7,25 : 0.3114"
"25,7 : 0.3114"
"7,26 : 0.4833"
"26,7 : 0.4833"
"7,27 : 0.636"
"27,7 : 0.636"
"7,28 : 0.4707"
"28,7 : 0.4707"
"7,29 : 0.278"
"29,7 : 0.278"
"7,30 : 0.5869"
"30,7 : 0.5869"
"7,31 : 0.4569"
"31,7 : 0.4569"
"7,32 : 0.1"
"32,7 : 0.1"
"7,33 : 0.525"
"33,7 : 0.525"
"7,34 : 0.7649"
"34,7 : 0.7649"
"7,35 : 0.6435"
"35,7 : 0.6435"
"7,36 : 0.7601"
"36,7 : 0.7601"
"7,37 : 0.7207"
"37,7 : 0.7207"
"7,38 : 0.441"
"38,7 : 0.441"
"7,39 : 0.0539"
"39,7 : 0.0539"
"7,40 : 0.7316"
"40,7 : 0.7316"
"7,41 : 0.8638"
"41,7 : 0.8638"
"7,42 : 0.6946"
"42,7 : 0.6946"
"7,43 : 0.5908"
"43,7 : 0.5908"
"7,44 : 0.8959"
"44,7 : 0.8959"
"7,45 : 0.1992"
"45,7 : 0.1992"
"7,46 : 0.8705"
"46,7 : 0.8705"
"7,47 : 0.5217"
"47,7 : 0.5217"
"7,48 : 0.5504"
"48,7 : 0.5504"
"7,49 : 0.4876"
"49,7 : 0.4876"
"7,50 : 0.103"
"50,7 : 0.103"
"7,51 : 0.5685"
"51,7 : 0.5685"
"7,52 : 1.0469"
"52,7 : 1.0469"
"7,53 : 0.4604"
"53,7 : 0.4604"
"7,54 : 0.7228"
"54,7 : 0.7228"
"7,55 : 0.0721"
"55,7 : 0.0721"
"7,56 : 0.0583"
"56,7 : 0.0583"
"7,57 : 0.7654"
"57,7 : 0.7654"
"7,58 : 0.4465"
"58,7 : 0.4465"
"7,59 : 0.5887"
"59,7 : 0.5887"
"7,60 : 0.8855"
"60,7 : 0.8855"
"7,61 : 0.806"
"61,7 : 0.806"
"7,62 : 0.9806"
"62,7 : 0.9806"
"7,63 : 0.5382"
"63,7 : 0.5382"
"7,64 : 0.4776"
"64,7 : 0.4776"
"7,65 : 0.2102"
"65,7 : 0.2102"
"7,66 : 0.15"
"66,7 : 0.15"
"7,67 : 0.6742"
"67,7 : 0.6742"
"7,68 : 0.9487"
"68,7 : 0.9487"
"7,69 : 0.4554"
"69,7 : 0.4554"
"7,70 : 0.5012"
"70,7 : 0.5012"
"7,71 : 0.4168"
"71,7 : 0.4168"
"7,72 : 0.45"
"72,7 : 0.45"
"7,73 : 1.0977"
"73,7 : 1.0977"
"7,74 : 0.756"
"74,7 : 0.756"
"7,75 : 0.8421"
"75,7 : 0.8421"
"7,76 : 0.8132"
"76,7 : 0.8132"
"7,77 : 0.3764"
"77,7 : 0.3764"
"7,78 : 0.3551"
"78,7 : 0.3551"
"7,79 : 0.3373"
"79,7 : 0.3373"
"7,80 : 0.408"
"80,7 : 0.408"
"7,81 : 0.686"
"81,7 : 0.686"
"7,82 : 0.8023"
"82,7 : 0.8023"
"7,83 : 0.4026"
"83,7 : 0.4026"
"7,84 : 0.255"
"84,7 : 0.255"
"7,85 : 0.7035"
"85,7 : 0.7035"
"7,86 : 0.4206"
"86,7 : 0.4206"
"7,87 : 0.8682"
"87,7 : 0.8682"
"7,88 : 0.6435"
"88,7 : 0.6435"
"7,89 : 0.9902"
"89,7 : 0.9902"
"7,90 : 0.823"
"90,7 : 0.823"
"7,91 : 0.1803"
"91,7 : 0.1803"
"7,92 : 0.7679"
"92,7 : 0.7679"
"7,93 : 0.5441"
"93,7 : 0.5441"
"7,94 : 0.9055"
"94,7 : 0.9055"
"7,95 : 0.8491"
"95,7 : 0.8491"
"7,96 : 0.32"
"96,7 : 0.32"
"7,97 : 0.8676"
"97,7 : 0.8676"
"7,98 : 0.2402"
"98,7 : 0.2402"
"7,99 : 0.9849"
"99,7 : 0.9849"
"8,9 : 0.4717"
"9,8 : 0.4717"
"8,10 : 0.7517"
"10,8 : 0.7517"
"8,11 : 0.4105"
"11,8 : 0.4105"
"8,12 : 0.7925"
"12,8 : 0.7925"
"8,13 : 0.2912"
"13,8 : 0.2912"
"8,14 : 0.6456"
"14,8 : 0.6456"
"8,15 : 0.2421"
"15,8 : 0.2421"
"8,16 : 0.7653"
"16,8 : 0.7653"
"8,17 : 0.2062"
"17,8 : 0.2062"
"8,18 : 0.5"
"18,8 : 0.5"
"8,19 : 0.5143"
"19,8 : 0.5143"
"8,20 : 0.4833"
"20,8 : 0.4833"
"8,21 : 0.2081"
"21,8 : 0.2081"
"8,22 : 0.8627"
"22,8 : 0.8627"
"8,23 : 0.4383"
"23,8 : 0.4383"
"8,24 : 0.559"
"24,8 : 0.559"
"8,25 : 0.214"
"25,8 : 0.214"
"8,26 : 0.5632"
"26,8 : 0.5632"
"8,27 : 0.7513"
"27,8 : 0.7513"
"8,28 : 0.272"
"28,8 : 0.272"
"8,29 : 0.2524"
"29,8 : 0.2524"
"8,30 : 0.4924"
"30,8 : 0.4924"
"8,31 : 0.8052"
"31,8 : 0.8052"
"8,32 : 0.4252"
"32,8 : 0.4252"
"8,33 : 0.2608"
"33,8 : 0.2608"
"8,34 : 0.4254"
"34,8 : 0.4254"
"8,35 : 0.1221"
"35,8 : 0.1221"
"8,36 : 0.8127"
"36,8 : 0.8127"
"8,37 : 0.2502"
"37,8 : 0.2502"
"8,38 : 0.1204"
"38,8 : 0.1204"
"8,39 : 0.4751"
"39,8 : 0.4751"
"8,40 : 0.4105"
"40,8 : 0.4105"
"8,41 : 0.4342"
"41,8 : 0.4342"
"8,42 : 0.4177"
"42,8 : 0.4177"
"8,43 : 0.6987"
"43,8 : 0.6987"
"8,44 : 0.3922"
"44,8 : 0.3922"
"8,45 : 0.6363"
"45,8 : 0.6363"
"8,46 : 0.6263"
"46,8 : 0.6263"
"8,47 : 0.2818"
"47,8 : 0.2818"
"8,48 : 0.6021"
"48,8 : 0.6021"
"8,49 : 0.1393"
"49,8 : 0.1393"
"8,50 : 0.4245"
"50,8 : 0.4245"
"8,51 : 0.7225"
"51,8 : 0.7225"
"8,52 : 0.5756"
"52,8 : 0.5756"
"8,53 : 0.1"
"53,8 : 0.1"
"8,54 : 0.6277"
"54,8 : 0.6277"
"8,55 : 0.5404"
"55,8 : 0.5404"
"8,56 : 0.4675"
"56,8 : 0.4675"
"8,57 : 0.686"
"57,8 : 0.686"
"8,58 : 0.6101"
"58,8 : 0.6101"
"8,59 : 0.2267"
"59,8 : 0.2267"
"8,60 : 0.8635"
"60,8 : 0.8635"
"8,61 : 0.6622"
"61,8 : 0.6622"
"8,62 : 0.8062"
"62,8 : 0.8062"
"8,63 : 0.1063"
"63,8 : 0.1063"
"8,64 : 0.2377"
"64,8 : 0.2377"
"8,65 : 0.3992"
"65,8 : 0.3992"
"8,66 : 0.5197"
"66,8 : 0.5197"
"8,67 : 0.19"
"67,8 : 0.19"
"8,68 : 0.446"
"68,8 : 0.446"
"8,69 : 0.2983"
"69,8 : 0.2983"
"8,70 : 0.1342"
"70,8 : 0.1342"
"8,71 : 0.17"
"71,8 : 0.17"
"8,72 : 0.3905"
"72,8 : 0.3905"
"8,73 : 0.6008"
"73,8 : 0.6008"
"8,74 : 0.2417"
"74,8 : 0.2417"
"8,75 : 0.6229"
"75,8 : 0.6229"
"8,76 : 0.7128"
"76,8 : 0.7128"
"8,77 : 0.1565"
"77,8 : 0.1565"
"8,78 : 0.7788"
"78,8 : 0.7788"
"8,79 : 0.2943"
"79,8 : 0.2943"
"8,80 : 0.7938"
"80,8 : 0.7938"
"8,81 : 0.7404"
"81,8 : 0.7404"
"8,82 : 0.3635"
"82,8 : 0.3635"
"8,83 : 0.2602"
"83,8 : 0.2602"
"8,84 : 0.3362"
"84,8 : 0.3362"
"8,85 : 0.536"
"85,8 : 0.536"
"8,86 : 0.1803"
"86,8 : 0.1803"
"8,87 : 0.8286"
"87,8 : 0.8286"
"8,88 : 0.1825"
"88,8 : 0.1825"
"8,89 : 0.5504"
"89,8 : 0.5504"
"8,90 : 0.6152"
"90,8 : 0.6152"
"8,91 : 0.4696"
"91,8 : 0.4696"
"8,92 : 0.6044"
"92,8 : 0.6044"
"8,93 : 0.2441"
"93,8 : 0.2441"
"8,94 : 0.6943"
"94,8 : 0.6943"
"8,95 : 0.3517"
"95,8 : 0.3517"
"8,96 : 0.3821"
"96,8 : 0.3821"
"8,97 : 0.8412"
"97,8 : 0.8412"
"8,98 : 0.408"
"98,8 : 0.408"
"8,99 : 0.8422"
"99,8 : 0.8422"
"9,10 : 0.3454"
"10,9 : 0.3454"
"9,11 : 0.2702"
"11,9 : 0.2702"
"9,12 : 0.3956"
"12,9 : 0.3956"
"9,13 : 0.5315"
"13,9 : 0.5315"
"9,14 : 0.1803"
"14,9 : 0.1803"
"9,15 : 0.6303"
"15,9 : 0.6303"
"9,16 : 0.4123"
"16,9 : 0.4123"
"9,17 : 0.2683"
"17,9 : 0.2683"
"9,18 : 0.136"
"18,9 : 0.136"
"9,19 : 0.3581"
"19,9 : 0.3581"
"9,20 : 0.03"
"20,9 : 0.03"
"9,21 : 0.6754"
"21,9 : 0.6754"
"9,22 : 0.4187"
"22,9 : 0.4187"
"9,23 : 0.563"
"23,9 : 0.563"
"9,24 : 0.1"
"24,9 : 0.1"
"9,25 : 0.4601"
"25,9 : 0.4601"
"9,26 : 0.1628"
"26,9 : 0.1628"
"9,27 : 0.3027"
"27,9 : 0.3027"
"9,28 : 0.2012"
"28,9 : 0.2012"
"9,29 : 0.4841"
"29,9 : 0.4841"
"9,30 : 0.0316"
"30,9 : 0.0316"
"9,31 : 0.5025"
"31,9 : 0.5025"
"9,32 : 0.5155"
"32,9 : 0.5155"
"9,33 : 0.6989"
"33,9 : 0.6989"
"9,34 : 0.3048"
"34,9 : 0.3048"
"9,35 : 0.5492"
"35,9 : 0.5492"
"9,36 : 0.3421"
"36,9 : 0.3421"
"9,37 : 0.4374"
"37,9 : 0.4374"
"9,38 : 0.3672"
"38,9 : 0.3672"
"9,39 : 0.5457"
"39,9 : 0.5457"
"9,40 : 0.2702"
"40,9 : 0.2702"
"9,41 : 0.4604"
"41,9 : 0.4604"
"9,42 : 0.2126"
"42,9 : 0.2126"
"9,43 : 0.2571"
"43,9 : 0.2571"
"9,44 : 0.6041"
"44,9 : 0.6041"
"9,45 : 0.5022"
"45,9 : 0.5022"
"9,46 : 0.3239"
"46,9 : 0.3239"
"9,47 : 0.1942"
"47,9 : 0.1942"
"9,48 : 0.1581"
"48,9 : 0.1581"
"9,49 : 0.3324"
"49,9 : 0.3324"
"9,50 : 0.478"
"50,9 : 0.478"
"9,51 : 0.3008"
"51,9 : 0.3008"
"9,52 : 0.656"
"52,9 : 0.656"
"9,53 : 0.3801"
"53,9 : 0.3801"
"9,54 : 0.1803"
"54,9 : 0.1803"
"9,55 : 0.5104"
"55,9 : 0.5104"
"9,56 : 0.536"
"56,9 : 0.536"
"9,57 : 0.2343"
"57,9 : 0.2343"
"9,58 : 0.2476"
"58,9 : 0.2476"
"9,59 : 0.29"
"59,9 : 0.29"
"9,60 : 0.4"
"60,9 : 0.4"
"9,61 : 0.253"
"61,9 : 0.253"
"9,62 : 0.4272"
"62,9 : 0.4272"
"9,63 : 0.5727"
"63,9 : 0.5727"
"9,64 : 0.658"
"64,9 : 0.658"
"9,65 : 0.6129"
"65,9 : 0.6129"
"9,66 : 0.4301"
"66,9 : 0.4301"
"9,67 : 0.4405"
"67,9 : 0.4405"
"9,68 : 0.6408"
"68,9 : 0.6408"
"9,69 : 0.1803"
"69,9 : 0.1803"
"9,70 : 0.3384"
"70,9 : 0.3384"
"9,71 : 0.5561"
"71,9 : 0.5561"
"9,72 : 0.7638"
"72,9 : 0.7638"
"9,73 : 0.7463"
"73,9 : 0.7463"
"9,74 : 0.5423"
"74,9 : 0.5423"
"9,75 : 0.2907"
"75,9 : 0.2907"
"9,76 : 0.2746"
"76,9 : 0.2746"
"9,77 : 0.4827"
"77,9 : 0.4827"
"9,78 : 0.5595"
"78,9 : 0.5595"
"9,79 : 0.2663"
"79,9 : 0.2663"
"9,80 : 0.5301"
"80,9 : 0.5301"
"9,81 : 0.2729"
"81,9 : 0.2729"
"9,82 : 0.4338"
"82,9 : 0.4338"
"9,83 : 0.2408"
"83,9 : 0.2408"
"9,84 : 0.327"
"84,9 : 0.327"
"9,85 : 0.1503"
"85,9 : 0.1503"
"9,86 : 0.5701"
"86,9 : 0.5701"
"9,87 : 0.3688"
"87,9 : 0.3688"
"9,88 : 0.6515"
"88,9 : 0.6515"
"9,89 : 0.5664"
"89,9 : 0.5664"
"9,90 : 0.2702"
"90,9 : 0.2702"
"9,91 : 0.3805"
"91,9 : 0.3805"
"9,92 : 0.2121"
"92,9 : 0.2121"
"9,93 : 0.2419"
"93,9 : 0.2419"
"9,94 : 0.3506"
"94,9 : 0.3506"
"9,95 : 0.5566"
"95,9 : 0.5566"
"9,96 : 0.6801"
"96,9 : 0.6801"
"9,97 : 0.378"
"97,9 : 0.378"
"9,98 : 0.645"
"98,9 : 0.645"
"9,99 : 0.4386"
"99,9 : 0.4386"
"10,11 : 0.3716"
"11,10 : 0.3716"
"10,12 : 0.051"
"12,10 : 0.051"
"10,13 : 0.6831"
"13,10 : 0.6831"
"10,14 : 0.314"
"14,10 : 0.314"
"10,15 : 0.8326"
"15,10 : 0.8326"
"10,16 : 0.6103"
"16,10 : 0.6103"
"10,17 : 0.5749"
"17,10 : 0.5749"
"10,18 : 0.255"
"18,10 : 0.255"
"10,19 : 0.3413"
"19,10 : 0.3413"
"10,20 : 0.3178"
"20,10 : 0.3178"
"10,21 : 0.959"
"21,10 : 0.959"
"10,22 : 0.14"
"22,10 : 0.14"
"10,23 : 0.9082"
"23,10 : 0.9082"
"10,24 : 0.25"
"24,10 : 0.25"
"10,25 : 0.7932"
"25,10 : 0.7932"
"10,26 : 0.4301"
"26,10 : 0.4301"
"10,27 : 0.3981"
"27,10 : 0.3981"
"10,28 : 0.514"
"28,10 : 0.514"
"10,29 : 0.8215"
"29,10 : 0.8215"
"10,30 : 0.3138"
"30,10 : 0.3138"
"10,31 : 0.7212"
"31,10 : 0.7212"
"10,32 : 0.8603"
"32,10 : 0.8603"
"10,33 : 1.0041"
"33,10 : 1.0041"
"10,34 : 0.3795"
"34,10 : 0.3795"
"10,35 : 0.7908"
"35,10 : 0.7908"
"10,36 : 0.3048"
"36,10 : 0.3048"
"10,37 : 0.6093"
"37,10 : 0.6093"
"10,38 : 0.6727"
"38,10 : 0.6727"
"10,39 : 0.8889"
"39,10 : 0.8889"
"10,40 : 0.3716"
"40,10 : 0.3716"
"10,41 : 0.5135"
"41,10 : 0.5135"
"10,42 : 0.3413"
"42,10 : 0.3413"
"10,43 : 0.3985"
"43,10 : 0.3985"
"10,44 : 0.7102"
"44,10 : 0.7102"
"10,45 : 0.8102"
"45,10 : 0.8102"
"10,46 : 0.18"
"46,10 : 0.18"
"10,47 : 0.4817"
"47,10 : 0.4817"
"10,48 : 0.3705"
"48,10 : 0.3705"
"10,49 : 0.6223"
"49,10 : 0.6223"
"10,50 : 0.8222"
"50,10 : 0.8222"
"10,51 : 0.4554"
"51,10 : 0.4554"
"10,52 : 0.6549"
"52,10 : 0.6549"
"10,53 : 0.679"
"53,10 : 0.679"
"10,54 : 0.1726"
"54,10 : 0.1726"
"10,55 : 0.8434"
"55,10 : 0.8434"
"10,56 : 0.8793"
"56,10 : 0.8793"
"10,57 : 0.1414"
"57,10 : 0.1414"
"10,58 : 0.5016"
"58,10 : 0.5016"
"10,59 : 0.528"
"59,10 : 0.528"
"10,60 : 0.2062"
"60,10 : 0.2062"
"10,61 : 0.0943"
"61,10 : 0.0943"
"10,62 : 0.0906"
"62,10 : 0.0906"
"10,63 : 0.858"
"63,10 : 0.858"
"10,64 : 0.9694"
"64,10 : 0.9694"
"10,65 : 0.9571"
"65,10 : 0.9571"
"10,66 : 0.7595"
"66,10 : 0.7595"
"10,67 : 0.6441"
"67,10 : 0.6441"
"10,68 : 0.7234"
"68,10 : 0.7234"
"10,69 : 0.5048"
"69,10 : 0.5048"
"10,70 : 0.6224"
"70,10 : 0.6224"
"10,71 : 0.8721"
"71,10 : 0.8721"
"10,72 : 1.092"
"72,10 : 1.092"
"10,73 : 0.7642"
"73,10 : 0.7642"
"10,74 : 0.7224"
"74,10 : 0.7224"
"10,75 : 0.153"
"75,10 : 0.153"
"10,76 : 0.0922"
"76,10 : 0.0922"
"10,77 : 0.8043"
"77,10 : 0.8043"
"10,78 : 0.822"
"78,10 : 0.822"
"10,79 : 0.6083"
"79,10 : 0.6083"
"10,80 : 0.7713"
"80,10 : 0.7713"
"10,81 : 0.313"
"81,10 : 0.313"
"10,82 : 0.536"
"82,10 : 0.536"
"10,83 : 0.5714"
"83,10 : 0.5714"
"10,84 : 0.6723"
"84,10 : 0.6723"
"10,85 : 0.2202"
"85,10 : 0.2202"
"10,86 : 0.8862"
"86,10 : 0.8862"
"10,87 : 0.17"
"87,10 : 0.17"
"10,88 : 0.9126"
"88,10 : 0.9126"
"10,89 : 0.5533"
"89,10 : 0.5533"
"10,90 : 0.1487"
"90,10 : 0.1487"
"10,91 : 0.7159"
"91,10 : 0.7159"
"10,92 : 0.1487"
"92,10 : 0.1487"
"10,93 : 0.5093"
"93,10 : 0.5093"
"10,94 : 0.114"
"94,10 : 0.114"
"10,95 : 0.6768"
"95,10 : 0.6768"
"10,96 : 1.0187"
"96,10 : 1.0187"
"10,97 : 0.1924"
"97,10 : 0.1924"
"10,98 : 0.9884"
"98,10 : 0.9884"
"10,99 : 0.0943"
"99,10 : 0.0943"
"11,12 : 0.4031"
"12,11 : 0.4031"
"11,13 : 0.3158"
"13,11 : 0.3158"
"11,14 : 0.4215"
"14,11 : 0.4215"
"11,15 : 0.461"
"15,11 : 0.461"
"11,16 : 0.6825"
"16,11 : 0.6825"
"11,17 : 0.2915"
"17,11 : 0.2915"
"11,18 : 0.1746"
"18,11 : 0.1746"
"11,19 : 0.12"
"19,11 : 0.12"
"11,20 : 0.2524"
"20,11 : 0.2524"
"11,21 : 0.6096"
"21,11 : 0.6096"
"11,22 : 0.5029"
"22,11 : 0.5029"
"11,23 : 0.7003"
"23,11 : 0.7003"
"11,24 : 0.2846"
"24,11 : 0.2846"
"11,25 : 0.5197"
"25,11 : 0.5197"
"11,26 : 0.4328"
"26,11 : 0.4328"
"11,27 : 0.5515"
"27,11 : 0.5515"
"11,28 : 0.2617"
"28,11 : 0.2617"
"11,29 : 0.5573"
"29,11 : 0.5573"
"11,30 : 0.2608"
"30,11 : 0.2608"
"11,31 : 0.7708"
"31,11 : 0.7708"
"11,32 : 0.6619"
"32,11 : 0.6619"
"11,33 : 0.6712"
"33,11 : 0.6712"
"11,34 : 0.0361"
"34,11 : 0.0361"
"11,35 : 0.4264"
"35,11 : 0.4264"
"11,36 : 0.5459"
"36,11 : 0.5459"
"11,37 : 0.2377"
"37,11 : 0.2377"
"11,38 : 0.3669"
"38,11 : 0.3669"
"11,39 : 0.7046"
"39,11 : 0.7046"
"11,40 : 0.0"
"40,11 : 0.0"
"11,41 : 0.1924"
"41,11 : 0.1924"
"11,42 : 0.0583"
"42,11 : 0.0583"
"11,43 : 0.5143"
"43,11 : 0.5143"
"11,44 : 0.3612"
"44,11 : 0.3612"
"11,45 : 0.7335"
"45,11 : 0.7335"
"11,46 : 0.2193"
"46,11 : 0.2193"
"11,47 : 0.211"
"47,11 : 0.211"
"11,48 : 0.4219"
"48,11 : 0.4219"
"11,49 : 0.3068"
"49,11 : 0.3068"
"11,50 : 0.6351"
"50,11 : 0.6351"
"11,51 : 0.5644"
"51,11 : 0.5644"
"11,52 : 0.386"
"52,11 : 0.386"
"11,53 : 0.364"
"53,11 : 0.364"
"11,54 : 0.3106"
"54,11 : 0.3106"
"11,55 : 0.706"
"55,11 : 0.706"
"11,56 : 0.6946"
"56,11 : 0.6946"
"11,57 : 0.3601"
"57,11 : 0.3601"
"11,58 : 0.5166"
"58,11 : 0.5166"
"11,59 : 0.1879"
"59,11 : 0.1879"
"11,60 : 0.5346"
"60,11 : 0.5346"
"11,61 : 0.2983"
"61,11 : 0.2983"
"11,62 : 0.408"
"62,11 : 0.408"
"11,63 : 0.514"
"63,11 : 0.514"
"11,64 : 0.645"
"64,11 : 0.645"
"11,65 : 0.7145"
"65,11 : 0.7145"
"11,66 : 0.6391"
"66,11 : 0.6391"
"11,67 : 0.2746"
"67,11 : 0.2746"
"11,68 : 0.3883"
"68,11 : 0.3883"
"11,69 : 0.2766"
"69,11 : 0.2766"
"11,70 : 0.3008"
"70,11 : 0.3008"
"11,71 : 0.5595"
"71,11 : 0.5595"
"11,72 : 0.7879"
"72,11 : 0.7879"
"11,73 : 0.4789"
"73,11 : 0.4789"
"11,74 : 0.3511"
"74,11 : 0.3511"
"11,75 : 0.2247"
"75,11 : 0.2247"
"11,76 : 0.365"
"76,11 : 0.365"
"11,77 : 0.506"
"77,11 : 0.506"
"11,78 : 0.8161"
"78,11 : 0.8161"
"11,79 : 0.3946"
"79,11 : 0.3946"
"11,80 : 0.794"
"80,11 : 0.794"
"11,81 : 0.4973"
"81,11 : 0.4973"
"11,82 : 0.1811"
"82,11 : 0.1811"
"11,83 : 0.3314"
"83,11 : 0.3314"
"11,84 : 0.4768"
"84,11 : 0.4768"
"11,85 : 0.201"
"85,11 : 0.201"
"11,86 : 0.5727"
"86,11 : 0.5727"
"11,87 : 0.495"
"87,11 : 0.495"
"11,88 : 0.5523"
"88,11 : 0.5523"
"11,89 : 0.297"
"89,11 : 0.297"
"11,90 : 0.2236"
"90,11 : 0.2236"
"11,91 : 0.5819"
"91,11 : 0.5819"
"11,92 : 0.2433"
"92,11 : 0.2433"
"11,93 : 0.2022"
"93,11 : 0.2022"
"11,94 : 0.2921"
"94,11 : 0.2921"
"11,95 : 0.32"
"95,11 : 0.32"
"11,96 : 0.7446"
"96,11 : 0.7446"
"11,97 : 0.5135"
"97,11 : 0.5135"
"11,98 : 0.7382"
"98,11 : 0.7382"
"11,99 : 0.4528"
"99,11 : 0.4528"
"12,13 : 0.7094"
"13,12 : 0.7094"
"12,14 : 0.3622"
"14,12 : 0.3622"
"12,15 : 0.8631"
"15,12 : 0.8631"
"12,16 : 0.6552"
"16,12 : 0.6552"
"12,17 : 0.6201"
"17,12 : 0.6201"
"12,18 : 0.3"
"18,12 : 0.3"
"12,19 : 0.359"
"19,12 : 0.359"
"12,20 : 0.3677"
"20,12 : 0.3677"
"12,21 : 0.999"
"21,12 : 0.999"
"12,22 : 0.1393"
"22,12 : 0.1393"
"12,23 : 0.9586"
"23,12 : 0.9586"
"12,24 : 0.3008"
"24,12 : 0.3008"
"12,25 : 0.8406"
"25,12 : 0.8406"
"12,26 : 0.4804"
"26,12 : 0.4804"
"12,27 : 0.4401"
"27,12 : 0.4401"
"12,28 : 0.5604"
"28,12 : 0.5604"
"12,29 : 0.8695"
"29,12 : 0.8695"
"12,30 : 0.364"
"30,12 : 0.364"
"12,31 : 0.7666"
"31,12 : 0.7666"
"12,32 : 0.9108"
"32,12 : 0.9108"
"12,33 : 1.0469"
"33,12 : 1.0469"
"12,34 : 0.4072"
"34,12 : 0.4072"
"12,35 : 0.8266"
"35,12 : 0.8266"
"12,36 : 0.3384"
"36,12 : 0.3384"
"12,37 : 0.6395"
"37,12 : 0.6395"
"12,38 : 0.717"
"38,12 : 0.717"
"12,39 : 0.9396"
"39,12 : 0.9396"
"12,40 : 0.4031"
"40,12 : 0.4031"
"12,41 : 0.5315"
"41,12 : 0.5315"
"12,42 : 0.378"
"42,12 : 0.378"
"12,43 : 0.4438"
"43,12 : 0.4438"
"12,44 : 0.7301"
"44,12 : 0.7301"
"12,45 : 0.8605"
"45,12 : 0.8605"
"12,46 : 0.1965"
"46,12 : 0.1965"
"12,47 : 0.5263"
"47,12 : 0.5263"
"12,48 : 0.4201"
"48,12 : 0.4201"
"12,49 : 0.6653"
"49,12 : 0.6653"
"12,50 : 0.8728"
"50,12 : 0.8728"
"12,51 : 0.5"
"51,12 : 0.5"
"12,52 : 0.6607"
"52,12 : 0.6607"
"12,53 : 0.7225"
"53,12 : 0.7225"
"12,54 : 0.2236"
"54,12 : 0.2236"
"12,55 : 0.8944"
"55,12 : 0.8944"
"12,56 : 0.9301"
"56,12 : 0.9301"
"12,57 : 0.1903"
"57,12 : 0.1903"
"12,58 : 0.5508"
"58,12 : 0.5508"
"12,59 : 0.5673"
"59,12 : 0.5673"
"12,60 : 0.222"
"60,12 : 0.222"
"12,61 : 0.1432"
"61,12 : 0.1432"
"12,62 : 0.0447"
"62,12 : 0.0447"
"12,63 : 0.8987"
"63,12 : 0.8987"
"12,64 : 1.0132"
"64,12 : 1.0132"
"12,65 : 1.0065"
"65,12 : 1.0065"
"12,66 : 0.8105"
"66,12 : 0.8105"
"12,67 : 0.6774"
"67,12 : 0.6774"
"12,68 : 0.7398"
"68,12 : 0.7398"
"12,69 : 0.5523"
"69,12 : 0.5523"
"12,70 : 0.6648"
"70,12 : 0.6648"
"12,71 : 0.9168"
"71,12 : 0.9168"
"12,72 : 1.1381"
"72,12 : 1.1381"
"12,73 : 0.7706"
"73,12 : 0.7706"
"12,74 : 0.7515"
"74,12 : 0.7515"
"12,75 : 0.1789"
"75,12 : 0.1789"
"12,76 : 0.1404"
"76,12 : 0.1404"
"12,77 : 0.85"
"77,12 : 0.85"
"12,78 : 0.8698"
"78,12 : 0.8698"
"12,79 : 0.6574"
"79,12 : 0.6574"
"12,80 : 0.8179"
"80,12 : 0.8179"
"12,81 : 0.3547"
"81,12 : 0.3547"
"12,82 : 0.5597"
"82,12 : 0.5597"
"12,83 : 0.6191"
"83,12 : 0.6191"
"12,84 : 0.7224"
"84,12 : 0.7224"
"12,85 : 0.2663"
"85,12 : 0.2663"
"12,86 : 0.9309"
"86,12 : 0.9309"
"12,87 : 0.191"
"87,12 : 0.191"
"12,88 : 0.95"
"88,12 : 0.95"
"12,89 : 0.5601"
"89,12 : 0.5601"
"12,90 : 0.1803"
"90,12 : 0.1803"
"12,91 : 0.7669"
"91,12 : 0.7669"
"12,92 : 0.1942"
"92,12 : 0.1942"
"12,93 : 0.5517"
"93,12 : 0.5517"
"12,94 : 0.1217"
"94,12 : 0.1217"
"12,95 : 0.6992"
"95,12 : 0.6992"
"12,96 : 1.0668"
"96,12 : 1.0668"
"12,97 : 0.2126"
"97,12 : 0.2126"
"12,98 : 1.0375"
"98,12 : 1.0375"
"12,99 : 0.05"
"99,12 : 0.05"
"13,14 : 0.7071"
"14,13 : 0.7071"
"13,15 : 0.1703"
"15,13 : 0.1703"
"13,16 : 0.9179"
"16,13 : 0.9179"
"13,17 : 0.3624"
"17,13 : 0.3624"
"13,18 : 0.4804"
"18,13 : 0.4804"
"13,19 : 0.3585"
"19,13 : 0.3585"
"13,20 : 0.5261"
"20,13 : 0.5261"
"13,21 : 0.41"
"21,13 : 0.41"
"13,22 : 0.8174"
"22,13 : 0.8174"
"13,23 : 0.7201"
"23,13 : 0.7201"
