x,y
0.94,0.79
0.85,0.04
0.15,0.52
0.17,0.54
0.11,0.65
0.08,0.35
0.25,0.95
0.29,0.48
0.95,0.11
0.15,0.21
0.44,0.35
0.02,0.76
0.14,0.7
0.37,0.26
0.05,0.88
0.21,0.46
0.33,0.37
0.63,0.63
0.04,0.61
0.01,0.2
0.11,0.95
0.02,0.42
0.49,0.46
0.5,0.07
0.44,0.91
0.53,0.94
0.23,0.67
0.63,0.41
0.72,0.33
0.26,0.34
0.93,0.98
0.0,0.95
0.0,0.75
0.23,0.03
0.5,0.53
0.85,0.45
0.99,0.01
0.29,0.65
0.92,0.52
0.59,0.77
0.27,0.78
0.84,0.47
0.47,0.45
0.89,0.7
0.46,0.4
0.05,0.8
0.84,0.07
0.61,0.72
0.46,0.6
0.28,0.01
0.76,0.33
0.01,0.97
0.0,0.82
0.1,0.76
0.97,0.6
0.36,0.22
0.66,0.98
0.81,0.44
0.05,0.32
0.27,0.91
0.6,0.68
0.07,0.91
0.29,0.04
0.05,0.88
0.2,0.34
0.12,0.54
0.78,0.4
0.73,0.02
0.43,0.81
0.73,0.75
0.44,0.41
0.03,0.56
0.42,0.1
0.17,0.7
0.53,0.46
0.25,0.55
0.82,0.95
0.94,0.91
0.63,0.68
0.91,0.77
0.17,0.6
0.97,0.44
0.9,0.41
0.51,0.01
0.03,0.08
0.21,0.14
0.16,0.14
0.73,0.96
0.21,0.24
0.72,0.65
0.78,0.55
0.32,0.04
0.12,0.07
0.25,0.44
0.51,0.47
0.53,0.38
0.91,0.94
0.8,0.32
0.98,0.95
0.94,0.03

Distanze
"0,1 : 0.7554"
"1,0 : 0.7554"
"0,2 : 0.8349"
"2,0 : 0.8349"
"0,3 : 0.8096"
"3,0 : 0.8096"
"0,4 : 0.8417"
"4,0 : 0.8417"
"0,5 : 0.966"
"5,0 : 0.966"
"0,6 : 0.7083"
"6,0 : 0.7083"
"0,7 : 0.7201"
"7,0 : 0.7201"
"0,8 : 0.6801"
"8,0 : 0.6801"
"0,9 : 0.9801"
"9,0 : 0.9801"
"0,10 : 0.666"
"10,0 : 0.666"
"0,11 : 0.9205"
"11,0 : 0.9205"
"0,12 : 0.805"
"12,0 : 0.805"
"0,13 : 0.7783"
"13,0 : 0.7783"
"0,14 : 0.8945"
"14,0 : 0.8945"
"0,15 : 0.8011"
"15,0 : 0.8011"
"0,16 : 0.7406"
"16,0 : 0.7406"
"0,17 : 0.3489"
"17,0 : 0.3489"
"0,18 : 0.9178"
"18,0 : 0.9178"
"0,19 : 1.1014"
"19,0 : 1.1014"
"0,20 : 0.8453"
"20,0 : 0.8453"
"0,21 : 0.9916"
"21,0 : 0.9916"
"0,22 : 0.558"
"22,0 : 0.558"
"0,23 : 0.8438"
"23,0 : 0.8438"
"0,24 : 0.5142"
"24,0 : 0.5142"
"0,25 : 0.4366"
"25,0 : 0.4366"
"0,26 : 0.7201"
"26,0 : 0.7201"
"0,27 : 0.4904"
"27,0 : 0.4904"
"0,28 : 0.5099"
"28,0 : 0.5099"
"0,29 : 0.8154"
"29,0 : 0.8154"
"0,30 : 0.1903"
"30,0 : 0.1903"
"0,31 : 0.9535"
"31,0 : 0.9535"
"0,32 : 0.9409"
"32,0 : 0.9409"
"0,33 : 1.04"
"33,0 : 1.04"
"0,34 : 0.5111"
"34,0 : 0.5111"
"0,35 : 0.3517"
"35,0 : 0.3517"
"0,36 : 0.7816"
"36,0 : 0.7816"
"0,37 : 0.6649"
"37,0 : 0.6649"
"0,38 : 0.2707"
"38,0 : 0.2707"
"0,39 : 0.3506"
"39,0 : 0.3506"
"0,40 : 0.6701"
"40,0 : 0.6701"
"0,41 : 0.3353"
"41,0 : 0.3353"
"0,42 : 0.5801"
"42,0 : 0.5801"
"0,43 : 0.103"
"43,0 : 0.103"
"0,44 : 0.6185"
"44,0 : 0.6185"
"0,45 : 0.8901"
"45,0 : 0.8901"
"0,46 : 0.7269"
"46,0 : 0.7269"
"0,47 : 0.3373"
"47,0 : 0.3373"
"0,48 : 0.5162"
"48,0 : 0.5162"
"0,49 : 1.0218"
"49,0 : 1.0218"
"0,50 : 0.494"
"50,0 : 0.494"
"0,51 : 0.9473"
"51,0 : 0.9473"
"0,52 : 0.9405"
"52,0 : 0.9405"
"0,53 : 0.8405"
"53,0 : 0.8405"
"0,54 : 0.1924"
"54,0 : 0.1924"
"0,55 : 0.8132"
"55,0 : 0.8132"
"0,56 : 0.3384"
"56,0 : 0.3384"
"0,57 : 0.3734"
"57,0 : 0.3734"
"0,58 : 1.0065"
"58,0 : 1.0065"
"0,59 : 0.6807"
"59,0 : 0.6807"
"0,60 : 0.3574"
"60,0 : 0.3574"
"0,61 : 0.8782"
"61,0 : 0.8782"
"0,62 : 0.9925"
"62,0 : 0.9925"
"0,63 : 0.8945"
"63,0 : 0.8945"
"0,64 : 0.8661"
"64,0 : 0.8661"
"0,65 : 0.8573"
"65,0 : 0.8573"
"0,66 : 0.4215"
"66,0 : 0.4215"
"0,67 : 0.7981"
"67,0 : 0.7981"
"0,68 : 0.5104"
"68,0 : 0.5104"
"0,69 : 0.2138"
"69,0 : 0.2138"
"0,70 : 0.628"
"70,0 : 0.628"
"0,71 : 0.9386"
"71,0 : 0.9386"
"0,72 : 0.864"
"72,0 : 0.864"
"0,73 : 0.7752"
"73,0 : 0.7752"
"0,74 : 0.5263"
"74,0 : 0.5263"
"0,75 : 0.7305"
"75,0 : 0.7305"
"0,76 : 0.2"
"76,0 : 0.2"
"0,77 : 0.12"
"77,0 : 0.12"
"0,78 : 0.3289"
"78,0 : 0.3289"
"0,79 : 0.0361"
"79,0 : 0.0361"
"0,80 : 0.7931"
"80,0 : 0.7931"
"0,81 : 0.3513"
"81,0 : 0.3513"
"0,82 : 0.3821"
"82,0 : 0.3821"
"0,83 : 0.8907"
"83,0 : 0.8907"
"0,84 : 1.1542"
"84,0 : 1.1542"
"0,85 : 0.9774"
"85,0 : 0.9774"
"0,86 : 1.0153"
"86,0 : 1.0153"
"0,87 : 0.2702"
"87,0 : 0.2702"
"0,88 : 0.914"
"88,0 : 0.914"
"0,89 : 0.2608"
"89,0 : 0.2608"
"0,90 : 0.2884"
"90,0 : 0.2884"
"0,91 : 0.9731"
"91,0 : 0.9731"
"0,92 : 1.0912"
"92,0 : 1.0912"
"0,93 : 0.7737"
"93,0 : 0.7737"
"0,94 : 0.536"
"94,0 : 0.536"
"0,95 : 0.5798"
"95,0 : 0.5798"
"0,96 : 0.153"
"96,0 : 0.153"
"0,97 : 0.4904"
"97,0 : 0.4904"
"0,98 : 0.1649"
"98,0 : 0.1649"
"0,99 : 0.76"
"99,0 : 0.76"
"1,2 : 0.8488"
"2,1 : 0.8488"
"1,3 : 0.844"
"3,1 : 0.844"
"1,4 : 0.959"
"4,1 : 0.959"
"1,5 : 0.8301"
"5,1 : 0.8301"
"1,6 : 1.09"
"6,1 : 1.09"
"1,7 : 0.7122"
"7,1 : 0.7122"
"1,8 : 0.1221"
"8,1 : 0.1221"
"1,9 : 0.7203"
"9,1 : 0.7203"
"1,10 : 0.514"
"10,1 : 0.514"
"1,11 : 1.0988"
"11,1 : 1.0988"
"1,12 : 0.9694"
"12,1 : 0.9694"
"1,13 : 0.528"
"13,1 : 0.528"
"1,14 : 1.16"
"14,1 : 1.16"
"1,15 : 0.7655"
"15,1 : 0.7655"
"1,16 : 0.6159"
"16,1 : 0.6159"
"1,17 : 0.6297"
"17,1 : 0.6297"
"1,18 : 0.9905"
"18,1 : 0.9905"
"1,19 : 0.8551"
"19,1 : 0.8551"
"1,20 : 1.1729"
"20,1 : 1.1729"
"1,21 : 0.9129"
"21,1 : 0.9129"
"1,22 : 0.5532"
"22,1 : 0.5532"
"1,23 : 0.3513"
"23,1 : 0.3513"
"1,24 : 0.9618"
"24,1 : 0.9618"
"1,25 : 0.9552"
"25,1 : 0.9552"
"1,26 : 0.8839"
"26,1 : 0.8839"
"1,27 : 0.4305"
"27,1 : 0.4305"
"1,28 : 0.3178"
"28,1 : 0.3178"
"1,29 : 0.6619"
"29,1 : 0.6619"
"1,30 : 0.9434"
"30,1 : 0.9434"
"1,31 : 1.2452"
"31,1 : 1.2452"
"1,32 : 1.1075"
"32,1 : 1.1075"
"1,33 : 0.6201"
"33,1 : 0.6201"
"1,34 : 0.6022"
"34,1 : 0.6022"
"1,35 : 0.41"
"35,1 : 0.41"
"1,36 : 0.1432"
"36,1 : 0.1432"
"1,37 : 0.8281"
"37,1 : 0.8281"
"1,38 : 0.4851"
"38,1 : 0.4851"
"1,39 : 0.7749"
"39,1 : 0.7749"
"1,40 : 0.9402"
"40,1 : 0.9402"
"1,41 : 0.4301"
"41,1 : 0.4301"
"1,42 : 0.559"
"42,1 : 0.559"
"1,43 : 0.6612"
"43,1 : 0.6612"
"1,44 : 0.5308"
"44,1 : 0.5308"
"1,45 : 1.1034"
"45,1 : 1.1034"
"1,46 : 0.0316"
"46,1 : 0.0316"
"1,47 : 0.7211"
"47,1 : 0.7211"
"1,48 : 0.6824"
"48,1 : 0.6824"
"1,49 : 0.5708"
"49,1 : 0.5708"
"1,50 : 0.3036"
"50,1 : 0.3036"
"1,51 : 1.2532"
"51,1 : 1.2532"
"1,52 : 1.1536"
"52,1 : 1.1536"
"1,53 : 1.0397"
"53,1 : 1.0397"
"1,54 : 0.5727"
"54,1 : 0.5727"
"1,55 : 0.522"
"55,1 : 0.522"
"1,56 : 0.959"
"56,1 : 0.959"
"1,57 : 0.402"
"57,1 : 0.402"
"1,58 : 0.8476"
"58,1 : 0.8476"
"1,59 : 1.0456"
"59,1 : 1.0456"
"1,60 : 0.6871"
"60,1 : 0.6871"
"1,61 : 1.1685"
"61,1 : 1.1685"
"1,62 : 0.56"
"62,1 : 0.56"
"1,63 : 1.16"
"63,1 : 1.16"
"1,64 : 0.7159"
"64,1 : 0.7159"
"1,65 : 0.8848"
"65,1 : 0.8848"
"1,66 : 0.3667"
"66,1 : 0.3667"
"1,67 : 0.1217"
"67,1 : 0.1217"
"1,68 : 0.8771"
"68,1 : 0.8771"
"1,69 : 0.7201"
"69,1 : 0.7201"
"1,70 : 0.5523"
"70,1 : 0.5523"
"1,71 : 0.971"
"71,1 : 0.971"
"1,72 : 0.4342"
"72,1 : 0.4342"
"1,73 : 0.9476"
"73,1 : 0.9476"
"1,74 : 0.528"
"74,1 : 0.528"
"1,75 : 0.7875"
"75,1 : 0.7875"
"1,76 : 0.9105"
"76,1 : 0.9105"
"1,77 : 0.8746"
"77,1 : 0.8746"
"1,78 : 0.6768"
"78,1 : 0.6768"
"1,79 : 0.7325"
"79,1 : 0.7325"
"1,80 : 0.8809"
"80,1 : 0.8809"
"1,81 : 0.4176"
"81,1 : 0.4176"
"1,82 : 0.3734"
"82,1 : 0.3734"
"1,83 : 0.3413"
"83,1 : 0.3413"
"1,84 : 0.821"
"84,1 : 0.821"
"1,85 : 0.6478"
"85,1 : 0.6478"
"1,86 : 0.6972"
"86,1 : 0.6972"
"1,87 : 0.9278"
"87,1 : 0.9278"
"1,88 : 0.6705"
"88,1 : 0.6705"
"1,89 : 0.6237"
"89,1 : 0.6237"
"1,90 : 0.5148"
"90,1 : 0.5148"
"1,91 : 0.53"
"91,1 : 0.53"
"1,92 : 0.7306"
"92,1 : 0.7306"
"1,93 : 0.7211"
"93,1 : 0.7211"
"1,94 : 0.5482"
"94,1 : 0.5482"
"1,95 : 0.4669"
"95,1 : 0.4669"
"1,96 : 0.902"
"96,1 : 0.902"
"1,97 : 0.2844"
"97,1 : 0.2844"
"1,98 : 0.9192"
"98,1 : 0.9192"
"1,99 : 0.0906"
"99,1 : 0.0906"
"2,3 : 0.0283"
"3,2 : 0.0283"
"2,4 : 0.136"
"4,2 : 0.136"
"2,5 : 0.1838"
"5,2 : 0.1838"
"2,6 : 0.4415"
"6,2 : 0.4415"
"2,7 : 0.1456"
"7,2 : 0.1456"
"2,8 : 0.8989"
"8,2 : 0.8989"
"2,9 : 0.31"
"9,2 : 0.31"
"2,10 : 0.3362"
"10,2 : 0.3362"
"2,11 : 0.2729"
"11,2 : 0.2729"
"2,12 : 0.1803"
"12,2 : 0.1803"
"2,13 : 0.3406"
"13,2 : 0.3406"
"2,14 : 0.3736"
"14,2 : 0.3736"
"2,15 : 0.0849"
"15,2 : 0.0849"
"2,16 : 0.2343"
"16,2 : 0.2343"
"2,17 : 0.4924"
"17,2 : 0.4924"
"2,18 : 0.1421"
"18,2 : 0.1421"
"2,19 : 0.3493"
"19,2 : 0.3493"
"2,20 : 0.4319"
"20,2 : 0.4319"
"2,21 : 0.164"
"21,2 : 0.164"
"2,22 : 0.3453"
"22,2 : 0.3453"
"2,23 : 0.5701"
"23,2 : 0.5701"
"2,24 : 0.486"
"24,2 : 0.486"
"2,25 : 0.5664"
"25,2 : 0.5664"
"2,26 : 0.17"
"26,2 : 0.17"
"2,27 : 0.4924"
"27,2 : 0.4924"
"2,28 : 0.6008"
"28,2 : 0.6008"
"2,29 : 0.211"
"29,2 : 0.211"
"2,30 : 0.9055"
"30,2 : 0.9055"
"2,31 : 0.4554"
"31,2 : 0.4554"
"2,32 : 0.2746"
"32,2 : 0.2746"
"2,33 : 0.4965"
"33,2 : 0.4965"
"2,34 : 0.3501"
"34,2 : 0.3501"
"2,35 : 0.7035"
"35,2 : 0.7035"
"2,36 : 0.9827"
"36,2 : 0.9827"
"2,37 : 0.191"
"37,2 : 0.191"
"2,38 : 0.77"
"38,2 : 0.77"
"2,39 : 0.5061"
"39,2 : 0.5061"
"2,40 : 0.2864"
"40,2 : 0.2864"
"2,41 : 0.6918"
"41,2 : 0.6918"
"2,42 : 0.3276"
"42,2 : 0.3276"
"2,43 : 0.7616"
"43,2 : 0.7616"
"2,44 : 0.3324"
"44,2 : 0.3324"
"2,45 : 0.2973"
"45,2 : 0.2973"
"2,46 : 0.8238"
"46,2 : 0.8238"
"2,47 : 0.5016"
"47,2 : 0.5016"
"2,48 : 0.3202"
"48,2 : 0.3202"
"2,49 : 0.5263"
"49,2 : 0.5263"
"2,50 : 0.6389"
"50,2 : 0.6389"
"2,51 : 0.4713"
"51,2 : 0.4713"
"2,52 : 0.3354"
"52,2 : 0.3354"
"2,53 : 0.2452"
"53,2 : 0.2452"
"2,54 : 0.8239"
"54,2 : 0.8239"
"2,55 : 0.3662"
"55,2 : 0.3662"
"2,56 : 0.6868"
"56,2 : 0.6868"
"2,57 : 0.6648"
"57,2 : 0.6648"
"2,58 : 0.2236"
"58,2 : 0.2236"
"2,59 : 0.408"
"59,2 : 0.408"
"2,60 : 0.4776"
"60,2 : 0.4776"
"2,61 : 0.3981"
"61,2 : 0.3981"
"2,62 : 0.5"
"62,2 : 0.5"
"2,63 : 0.3736"
"63,2 : 0.3736"
"2,64 : 0.1868"
"64,2 : 0.1868"
"2,65 : 0.0361"
"65,2 : 0.0361"
"2,66 : 0.6413"
"66,2 : 0.6413"
"2,67 : 0.7658"
"67,2 : 0.7658"
"2,68 : 0.4031"
"68,2 : 0.4031"
"2,69 : 0.6239"
"69,2 : 0.6239"
"2,70 : 0.3102"
"70,2 : 0.3102"
"2,71 : 0.1265"
"71,2 : 0.1265"
"2,72 : 0.4993"
"72,2 : 0.4993"
"2,73 : 0.1811"
"73,2 : 0.1811"
"2,74 : 0.3847"
"74,2 : 0.3847"
"2,75 : 0.1044"
"75,2 : 0.1044"
"2,76 : 0.7961"
"76,2 : 0.7961"
"2,77 : 0.881"
"77,2 : 0.881"
"2,78 : 0.506"
"78,2 : 0.506"
"2,79 : 0.8001"
"79,2 : 0.8001"
"2,80 : 0.0825"
"80,2 : 0.0825"
"2,81 : 0.8239"
"81,2 : 0.8239"
"2,82 : 0.758"
"82,2 : 0.758"
"2,83 : 0.6243"
"83,2 : 0.6243"
"2,84 : 0.4561"
"84,2 : 0.4561"
"2,85 : 0.3847"
"85,2 : 0.3847"
"2,86 : 0.3801"
"86,2 : 0.3801"
"2,87 : 0.728"
"87,2 : 0.728"
"2,88 : 0.2864"
"88,2 : 0.2864"
"2,89 : 0.5846"
"89,2 : 0.5846"
"2,90 : 0.6307"
"90,2 : 0.6307"
"2,91 : 0.5092"
"91,2 : 0.5092"
"2,92 : 0.451"
"92,2 : 0.451"
"2,93 : 0.1281"
"93,2 : 0.1281"
"2,94 : 0.3635"
"94,2 : 0.3635"
"2,95 : 0.405"
"95,2 : 0.405"
"2,96 : 0.8683"
"96,2 : 0.8683"
"2,97 : 0.6801"
"97,2 : 0.6801"
"2,98 : 0.9348"
"98,2 : 0.9348"
"2,99 : 0.9296"
"99,2 : 0.9296"
"3,4 : 0.1253"
"4,3 : 0.1253"
"3,5 : 0.2102"
"5,3 : 0.2102"
"3,6 : 0.4177"
"6,3 : 0.4177"
"3,7 : 0.1342"
"7,3 : 0.1342"
"3,8 : 0.8907"
"8,3 : 0.8907"
"3,9 : 0.3306"
"9,3 : 0.3306"
"3,10 : 0.3302"
"10,3 : 0.3302"
"3,11 : 0.2663"
"11,3 : 0.2663"
"3,12 : 0.1628"
"12,3 : 0.1628"
"3,13 : 0.3441"
"13,3 : 0.3441"
"3,14 : 0.3606"
"14,3 : 0.3606"
"3,15 : 0.0894"
"15,3 : 0.0894"
"3,16 : 0.2335"
"16,3 : 0.2335"
"3,17 : 0.4687"
"17,3 : 0.4687"
"3,18 : 0.1476"
"18,3 : 0.1476"
"3,19 : 0.3758"
"19,3 : 0.3758"
"3,20 : 0.4144"
"20,3 : 0.4144"
"3,21 : 0.1921"
"21,3 : 0.1921"
"3,22 : 0.3298"
"22,3 : 0.3298"
"3,23 : 0.5743"
"23,3 : 0.5743"
"3,24 : 0.458"
"24,3 : 0.458"
"3,25 : 0.5381"
"25,3 : 0.5381"
"3,26 : 0.1432"
"26,3 : 0.1432"
"3,27 : 0.478"
"27,3 : 0.478"
"3,28 : 0.5887"
"28,3 : 0.5887"
"3,29 : 0.2193"
"29,3 : 0.2193"
"3,30 : 0.8782"
"30,3 : 0.8782"
"3,31 : 0.4438"
"31,3 : 0.4438"
"3,32 : 0.2702"
"32,3 : 0.2702"
"3,33 : 0.5135"
"33,3 : 0.5135"
"3,34 : 0.3302"
"34,3 : 0.3302"
"3,35 : 0.6859"
"35,3 : 0.6859"
"3,36 : 0.9764"
"36,3 : 0.9764"
"3,37 : 0.1628"
"37,3 : 0.1628"
"3,38 : 0.7503"
"38,3 : 0.7503"
"3,39 : 0.4789"
"39,3 : 0.4789"
"3,40 : 0.26"
"40,3 : 0.26"
"3,41 : 0.6736"
"41,3 : 0.6736"
"3,42 : 0.3132"
"42,3 : 0.3132"
"3,43 : 0.7376"
"43,3 : 0.7376"
"3,44 : 0.322"
"44,3 : 0.322"
"3,45 : 0.2864"
"45,3 : 0.2864"
"3,46 : 0.8184"
"46,3 : 0.8184"
"3,47 : 0.4754"
"47,3 : 0.4754"
"3,48 : 0.2961"
"48,3 : 0.2961"
"3,49 : 0.5413"
"49,3 : 0.5413"
"3,50 : 0.6263"
"50,3 : 0.6263"
"3,51 : 0.4588"
"51,3 : 0.4588"
"3,52 : 0.3276"
"52,3 : 0.3276"
"3,53 : 0.2309"
"53,3 : 0.2309"
"3,54 : 0.8022"
"54,3 : 0.8022"
"3,55 : 0.3722"
"55,3 : 0.3722"
"3,56 : 0.6586"
"56,3 : 0.6586"
"3,57 : 0.6478"
"57,3 : 0.6478"
"3,58 : 0.2506"
"58,3 : 0.2506"
"3,59 : 0.3833"
"59,3 : 0.3833"
"3,60 : 0.4522"
"60,3 : 0.4522"
"3,61 : 0.3833"
"61,3 : 0.3833"
"3,62 : 0.5142"
"62,3 : 0.5142"
"3,63 : 0.3606"
"63,3 : 0.3606"
"3,64 : 0.2022"
"64,3 : 0.2022"
"3,65 : 0.05"
"65,3 : 0.05"
"3,66 : 0.6259"
"66,3 : 0.6259"
"3,67 : 0.7642"
"67,3 : 0.7642"
"3,68 : 0.3748"
"68,3 : 0.3748"
"3,69 : 0.5981"
"69,3 : 0.5981"
"3,70 : 0.2997"
"70,3 : 0.2997"
"3,71 : 0.1414"
"71,3 : 0.1414"
"3,72 : 0.5061"
"72,3 : 0.5061"
"3,73 : 0.16"
"73,3 : 0.16"
"3,74 : 0.3688"
"74,3 : 0.3688"
"3,75 : 0.0806"
"75,3 : 0.0806"
"3,76 : 0.7685"
"76,3 : 0.7685"
"3,77 : 0.8543"
"77,3 : 0.8543"
"3,78 : 0.4808"
"78,3 : 0.4808"
"3,79 : 0.7749"
"79,3 : 0.7749"
"3,80 : 0.06"
"80,3 : 0.06"
"3,81 : 0.8062"
"81,3 : 0.8062"
"3,82 : 0.7415"
"82,3 : 0.7415"
"3,83 : 0.6297"
"83,3 : 0.6297"
"3,84 : 0.4808"
"84,3 : 0.4808"
"3,85 : 0.402"
"85,3 : 0.402"
"3,86 : 0.4001"
"86,3 : 0.4001"
"3,87 : 0.7"
"87,3 : 0.7"
"3,88 : 0.3027"
"88,3 : 0.3027"
"3,89 : 0.5609"
"89,3 : 0.5609"
"3,90 : 0.6101"
"90,3 : 0.6101"
"3,91 : 0.522"
"91,3 : 0.522"
"3,92 : 0.4727"
"92,3 : 0.4727"
"3,93 : 0.1281"
"93,3 : 0.1281"
"3,94 : 0.3471"
"94,3 : 0.3471"
"3,95 : 0.394"
"95,3 : 0.394"
"3,96 : 0.8412"
"96,3 : 0.8412"
"3,97 : 0.6673"
"97,3 : 0.6673"
"3,98 : 0.9079"
"98,3 : 0.9079"
"3,99 : 0.9236"
"99,3 : 0.9236"
"4,5 : 0.3015"
"5,4 : 0.3015"
"4,6 : 0.3311"
"6,4 : 0.3311"
"4,7 : 0.2476"
"7,4 : 0.2476"
"4,8 : 0.9986"
"8,4 : 0.9986"
"4,9 : 0.4418"
"9,4 : 0.4418"
"4,10 : 0.446"
"10,4 : 0.446"
"4,11 : 0.1421"
"11,4 : 0.1421"
"4,12 : 0.0583"
"12,4 : 0.0583"
"4,13 : 0.4687"
"13,4 : 0.4687"
"4,14 : 0.2377"
"14,4 : 0.2377"
"4,15 : 0.2147"
"15,4 : 0.2147"
"4,16 : 0.3561"
"16,4 : 0.3561"
"4,17 : 0.5204"
"17,4 : 0.5204"
"4,18 : 0.0806"
"18,4 : 0.0806"
"4,19 : 0.461"
"19,4 : 0.461"
"4,20 : 0.3"
"20,4 : 0.3"
"4,21 : 0.247"
"21,4 : 0.247"
"4,22 : 0.4249"
"22,4 : 0.4249"
"4,23 : 0.6989"
"23,4 : 0.6989"
"4,24 : 0.4201"
"24,4 : 0.4201"
"4,25 : 0.5104"
"25,4 : 0.5104"
"4,26 : 0.1217"
"26,4 : 0.1217"
"4,27 : 0.5727"
"27,4 : 0.5727"
"4,28 : 0.6888"
"28,4 : 0.6888"
"4,29 : 0.3444"
"29,4 : 0.3444"
"4,30 : 0.8839"
"30,4 : 0.8839"
"4,31 : 0.3195"
"31,4 : 0.3195"
"4,32 : 0.1487"
"32,4 : 0.1487"
"4,33 : 0.6315"
"33,4 : 0.6315"
"4,34 : 0.408"
"34,4 : 0.408"
"4,35 : 0.7666"
"35,4 : 0.7666"
"4,36 : 1.0881"
"36,4 : 1.0881"
"4,37 : 0.18"
"37,4 : 0.18"
"4,38 : 0.8204"
"38,4 : 0.8204"
"4,39 : 0.4948"
"39,4 : 0.4948"
"4,40 : 0.2062"
"40,4 : 0.2062"
"4,41 : 0.7519"
"41,4 : 0.7519"
"4,42 : 0.4118"
"42,4 : 0.4118"
"4,43 : 0.7816"
"43,4 : 0.7816"
"4,44 : 0.4301"
"44,4 : 0.4301"
"4,45 : 0.1616"
"45,4 : 0.1616"
"4,46 : 0.9324"
"46,4 : 0.9324"
"4,47 : 0.5049"
"47,4 : 0.5049"
"4,48 : 0.3536"
"48,4 : 0.3536"
"4,49 : 0.6622"
"49,4 : 0.6622"
"4,50 : 0.7245"
"50,4 : 0.7245"
"4,51 : 0.3353"
"51,4 : 0.3353"
"4,52 : 0.2025"
"52,4 : 0.2025"
"4,53 : 0.1105"
"53,4 : 0.1105"
"4,54 : 0.8615"
"54,4 : 0.8615"
"4,55 : 0.4974"
"55,4 : 0.4974"
"4,56 : 0.6414"
"56,4 : 0.6414"
"4,57 : 0.7308"
"57,4 : 0.7308"
"4,58 : 0.3354"
"58,4 : 0.3354"
"4,59 : 0.3053"
"59,4 : 0.3053"
"4,60 : 0.4909"
"60,4 : 0.4909"
"4,61 : 0.2631"
"61,4 : 0.2631"
"4,62 : 0.636"
"62,4 : 0.636"
"4,63 : 0.2377"
"63,4 : 0.2377"
"4,64 : 0.3228"
"64,4 : 0.3228"
"4,65 : 0.1105"
"65,4 : 0.1105"
"4,66 : 0.7151"
"66,4 : 0.7151"
"4,67 : 0.8839"
"67,4 : 0.8839"
"4,68 : 0.3578"
"68,4 : 0.3578"
"4,69 : 0.628"
"69,4 : 0.628"
"4,70 : 0.408"
"70,4 : 0.408"
"4,71 : 0.1204"
"71,4 : 0.1204"
"4,72 : 0.6313"
"72,4 : 0.6313"
"4,73 : 0.0781"
"73,4 : 0.0781"
"4,74 : 0.461"
"74,4 : 0.461"
"4,75 : 0.172"
"75,4 : 0.172"
"4,76 : 0.7708"
"76,4 : 0.7708"
"4,77 : 0.8698"
"77,4 : 0.8698"
"4,78 : 0.5209"
"78,4 : 0.5209"
"4,79 : 0.8089"
"79,4 : 0.8089"
"4,80 : 0.0781"
"80,4 : 0.0781"
"4,81 : 0.8853"
"81,4 : 0.8853"
"4,82 : 0.8257"
"82,4 : 0.8257"
"4,83 : 0.7547"
"83,4 : 0.7547"
"4,84 : 0.5756"
"84,4 : 0.5756"
"4,85 : 0.5197"
"85,4 : 0.5197"
"4,86 : 0.5124"
"86,4 : 0.5124"
"4,87 : 0.6932"
"87,4 : 0.6932"
"4,88 : 0.422"
"88,4 : 0.422"
"4,89 : 0.61"
"89,4 : 0.61"
"4,90 : 0.6774"
"90,4 : 0.6774"
"4,91 : 0.6451"
"91,4 : 0.6451"
"4,92 : 0.5801"
"92,4 : 0.5801"
"4,93 : 0.2524"
"93,4 : 0.2524"
"4,94 : 0.4386"
"94,4 : 0.4386"
"4,95 : 0.4993"
"95,4 : 0.4993"
"4,96 : 0.8509"
"96,4 : 0.8509"
"4,97 : 0.7649"
"97,4 : 0.7649"
"4,98 : 0.9203"
"98,4 : 0.9203"
"4,99 : 1.036"
"99,4 : 1.036"
"5,6 : 0.6236"
"6,5 : 0.6236"
"5,7 : 0.247"
"7,5 : 0.247"
"5,8 : 0.9025"
"8,5 : 0.9025"
"5,9 : 0.1565"
"9,5 : 0.1565"
"5,10 : 0.36"
"10,5 : 0.36"
"5,11 : 0.4144"
"11,5 : 0.4144"
"5,12 : 0.3551"
"12,5 : 0.3551"
"5,13 : 0.3036"
"13,5 : 0.3036"
"5,14 : 0.5308"
"14,5 : 0.5308"
"5,15 : 0.1703"
"15,5 : 0.1703"
"5,16 : 0.2508"
"16,5 : 0.2508"
"5,17 : 0.6172"
"17,5 : 0.6172"
"5,18 : 0.2631"
"18,5 : 0.2631"
"5,19 : 0.1655"
"19,5 : 0.1655"
"5,20 : 0.6007"
"20,5 : 0.6007"
"5,21 : 0.0922"
"21,5 : 0.0922"
"5,22 : 0.4245"
"22,5 : 0.4245"
"5,23 : 0.5048"
"23,5 : 0.5048"
"5,24 : 0.6657"
"24,5 : 0.6657"
"5,25 : 0.742"
"25,5 : 0.742"
"5,26 : 0.3534"
"26,5 : 0.3534"
"5,27 : 0.5533"
"27,5 : 0.5533"
"5,28 : 0.6403"
"28,5 : 0.6403"
"5,29 : 0.1803"
"29,5 : 0.1803"
"5,30 : 1.058"
"30,5 : 1.058"
"5,31 : 0.6053"
"31,5 : 0.6053"
"5,32 : 0.4079"
"32,5 : 0.4079"
"5,33 : 0.3534"
"33,5 : 0.3534"
"5,34 : 0.4569"
"34,5 : 0.4569"
"5,35 : 0.7765"
"35,5 : 0.7765"
"5,36 : 0.9714"
"36,5 : 0.9714"
"5,37 : 0.3662"
"37,5 : 0.3662"
"5,38 : 0.857"
"38,5 : 0.857"
"5,39 : 0.6607"
"39,5 : 0.6607"
"5,40 : 0.4701"
"40,5 : 0.4701"
"5,41 : 0.7694"
"41,5 : 0.7694"
"5,42 : 0.4026"
"42,5 : 0.4026"
"5,43 : 0.8824"
"43,5 : 0.8824"
"5,44 : 0.3833"
"44,5 : 0.3833"
"5,45 : 0.451"
"45,5 : 0.451"
"5,46 : 0.8099"
"46,5 : 0.8099"
"5,47 : 0.6464"
"47,5 : 0.6464"
"5,48 : 0.4549"
"48,5 : 0.4549"
"5,49 : 0.3945"
"49,5 : 0.3945"
"5,50 : 0.6803"
"50,5 : 0.6803"
"5,51 : 0.6239"
"51,5 : 0.6239"
"5,52 : 0.4768"
"52,5 : 0.4768"
"5,53 : 0.4105"
"53,5 : 0.4105"
"5,54 : 0.9244"
"54,5 : 0.9244"
"5,55 : 0.3087"
"55,5 : 0.3087"
"5,56 : 0.8563"
"56,5 : 0.8563"
"5,57 : 0.7355"
"57,5 : 0.7355"
"5,58 : 0.0424"
"58,5 : 0.0424"
"5,59 : 0.5914"
"59,5 : 0.5914"
"5,60 : 0.6159"
"60,5 : 0.6159"
"5,61 : 0.5601"
"61,5 : 0.5601"
"5,62 : 0.3744"
"62,5 : 0.3744"
"5,63 : 0.5308"
"63,5 : 0.5308"
"5,64 : 0.1204"
"64,5 : 0.1204"
"5,65 : 0.1942"
"65,5 : 0.1942"
"5,66 : 0.7018"
"66,5 : 0.7018"
"5,67 : 0.729"
"67,5 : 0.729"
"5,68 : 0.578"
"68,5 : 0.578"
"5,69 : 0.7632"
"69,5 : 0.7632"
"5,70 : 0.365"
"70,5 : 0.365"
"5,71 : 0.2159"
"71,5 : 0.2159"
"5,72 : 0.422"
"72,5 : 0.422"
"5,73 : 0.3614"
"73,5 : 0.3614"
"5,74 : 0.4632"
"74,5 : 0.4632"
"5,75 : 0.2625"
"75,5 : 0.2625"
"5,76 : 0.9527"
"76,5 : 0.9527"
"5,77 : 1.0263"
"77,5 : 1.0263"
"5,78 : 0.6414"
"78,5 : 0.6414"
"5,79 : 0.9302"
"79,5 : 0.9302"
"5,80 : 0.2657"
"80,5 : 0.2657"
"5,81 : 0.8945"
"81,5 : 0.8945"
"5,82 : 0.8222"
"82,5 : 0.8222"
"5,83 : 0.5482"
"83,5 : 0.5482"
"5,84 : 0.2746"
"84,5 : 0.2746"
"5,85 : 0.247"
"85,5 : 0.247"
"5,86 : 0.2247"
"86,5 : 0.2247"
"5,87 : 0.8914"
"87,5 : 0.8914"
"5,88 : 0.1703"
"88,5 : 0.1703"
"5,89 : 0.7068"
"89,5 : 0.7068"
"5,90 : 0.728"
"90,5 : 0.728"
"5,91 : 0.392"
"91,5 : 0.392"
"5,92 : 0.2828"
"92,5 : 0.2828"
"5,93 : 0.1924"
"93,5 : 0.1924"
"5,94 : 0.4464"
"94,5 : 0.4464"
"5,95 : 0.451"
"95,5 : 0.451"
"5,96 : 1.0183"
"96,5 : 1.0183"
"5,97 : 0.7206"
"97,5 : 0.7206"
"5,98 : 1.0817"
"98,5 : 1.0817"
"5,99 : 0.9176"
"99,5 : 0.9176"
"6,7 : 0.4717"
"7,6 : 0.4717"
"6,8 : 1.0934"
"8,6 : 1.0934"
"6,9 : 0.7467"
"9,6 : 0.7467"
"6,10 : 0.6294"
"10,6 : 0.6294"
"6,11 : 0.2983"
"11,6 : 0.2983"
"6,12 : 0.2731"
"12,6 : 0.2731"
"6,13 : 0.7004"
"13,6 : 0.7004"
"6,14 : 0.2119"
"14,6 : 0.2119"
"6,15 : 0.4916"
"15,6 : 0.4916"
"6,16 : 0.5855"
"16,6 : 0.5855"
"6,17 : 0.4968"
"17,6 : 0.4968"
"6,18 : 0.3996"
"18,6 : 0.3996"
"6,19 : 0.7875"
"19,6 : 0.7875"
"6,20 : 0.14"
"20,6 : 0.14"
"6,21 : 0.5778"
"21,6 : 0.5778"
"6,22 : 0.5456"
"22,6 : 0.5456"
"6,23 : 0.9148"
"23,6 : 0.9148"
"6,24 : 0.1942"
"24,6 : 0.1942"
"6,25 : 0.2802"
"25,6 : 0.2802"
"6,26 : 0.2807"
"26,6 : 0.2807"
"6,27 : 0.6603"
"27,6 : 0.6603"
"6,28 : 0.778"
"28,6 : 0.778"
"6,29 : 0.6101"
"29,6 : 0.6101"
"6,30 : 0.6807"
"30,6 : 0.6807"
"6,31 : 0.25"
"31,6 : 0.25"
"6,32 : 0.3202"
"32,6 : 0.3202"
"6,33 : 0.9202"
"33,6 : 0.9202"
"6,34 : 0.4888"
"34,6 : 0.4888"
"6,35 : 0.781"
"35,6 : 0.781"
"6,36 : 1.1963"
"36,6 : 1.1963"
"6,37 : 0.3027"
"37,6 : 0.3027"
"6,38 : 0.7961"
"38,6 : 0.7961"
"6,39 : 0.3847"
"39,6 : 0.3847"
"6,40 : 0.1712"
"40,6 : 0.1712"
"6,41 : 0.7606"
"41,6 : 0.7606"
"6,42 : 0.5463"
"42,6 : 0.5463"
"6,43 : 0.6871"
"43,6 : 0.6871"
"6,44 : 0.5887"
"44,6 : 0.5887"
"6,45 : 0.25"
"45,6 : 0.25"
"6,46 : 1.0595"
"46,6 : 1.0595"
"6,47 : 0.4272"
"47,6 : 0.4272"
"6,48 : 0.4082"
"48,6 : 0.4082"
"6,49 : 0.9405"
"49,6 : 0.9405"
"6,50 : 0.8028"
"50,6 : 0.8028"
"6,51 : 0.2408"
"51,6 : 0.2408"
"6,52 : 0.2818"
"52,6 : 0.2818"
"6,53 : 0.2421"
"53,6 : 0.2421"
"6,54 : 0.8006"
"54,6 : 0.8006"
"6,55 : 0.7382"
"55,6 : 0.7382"
"6,56 : 0.4111"
"56,6 : 0.4111"
"6,57 : 0.7574"
"57,6 : 0.7574"
"6,58 : 0.661"
"58,6 : 0.661"
"6,59 : 0.0447"
"59,6 : 0.0447"
"6,60 : 0.442"
"60,6 : 0.442"
"6,61 : 0.1844"
"61,6 : 0.1844"
"6,62 : 0.9109"
"62,6 : 0.9109"
"6,63 : 0.2119"
"63,6 : 0.2119"
"6,64 : 0.612"
"64,6 : 0.612"
"6,65 : 0.4301"
"65,6 : 0.4301"
"6,66 : 0.7638"
"66,6 : 0.7638"
"6,67 : 1.0466"
"67,6 : 1.0466"
"6,68 : 0.228"
"68,6 : 0.228"
"6,69 : 0.52"
"69,6 : 0.52"
"6,70 : 0.5725"
"70,6 : 0.5725"
"6,71 : 0.4478"
"71,6 : 0.4478"
"6,72 : 0.8668"
"72,6 : 0.8668"
"6,73 : 0.2625"
"73,6 : 0.2625"
"6,74 : 0.5644"
"74,6 : 0.5644"
"6,75 : 0.4"
"75,6 : 0.4"
"6,76 : 0.57"
"76,6 : 0.57"
"6,77 : 0.6912"
"77,6 : 0.6912"
"6,78 : 0.4662"
"78,6 : 0.4662"
"6,79 : 0.6841"
"79,6 : 0.6841"
"6,80 : 0.359"
"80,6 : 0.359"
"6,81 : 0.8823"
"81,6 : 0.8823"
"6,82 : 0.845"
"82,6 : 0.845"
"6,83 : 0.9753"
"83,6 : 0.9753"
"6,84 : 0.8974"
"84,6 : 0.8974"
"6,85 : 0.811"
"85,6 : 0.811"
"6,86 : 0.815"
"86,6 : 0.815"
"6,87 : 0.4801"
"87,6 : 0.4801"
"6,88 : 0.7111"
"88,6 : 0.7111"
"6,89 : 0.5576"
"89,6 : 0.5576"
"6,90 : 0.664"
"90,6 : 0.664"
"6,91 : 0.9127"
"91,6 : 0.9127"
"6,92 : 0.8896"
"92,6 : 0.8896"
"6,93 : 0.51"
"93,6 : 0.51"
"6,94 : 0.5459"
"94,6 : 0.5459"
"6,95 : 0.6351"
"95,6 : 0.6351"
"6,96 : 0.6601"
"96,6 : 0.6601"
"6,97 : 0.8363"
"97,6 : 0.8363"
"6,98 : 0.73"
"98,6 : 0.73"
"6,99 : 1.15"
"99,6 : 1.15"
"7,8 : 0.7566"
"8,7 : 0.7566"
"7,9 : 0.3041"
"9,7 : 0.3041"
"7,10 : 0.1985"
"10,7 : 0.1985"
"7,11 : 0.389"
"11,7 : 0.389"
"7,12 : 0.2663"
"12,7 : 0.2663"
"7,13 : 0.2341"
"13,7 : 0.2341"
"7,14 : 0.4665"
"14,7 : 0.4665"
"7,15 : 0.0825"
"15,7 : 0.0825"
"7,16 : 0.117"
"16,7 : 0.117"
"7,17 : 0.3716"
"17,7 : 0.3716"
"7,18 : 0.2818"
"18,7 : 0.2818"
"7,19 : 0.396"
"19,7 : 0.396"
"7,20 : 0.5033"
"20,7 : 0.5033"
"7,21 : 0.2766"
"21,7 : 0.2766"
"7,22 : 0.201"
"22,7 : 0.201"
"7,23 : 0.4607"
"23,7 : 0.4607"
"7,24 : 0.4554"
"24,7 : 0.4554"
"7,25 : 0.5188"
"25,7 : 0.5188"
"7,26 : 0.1992"
"26,7 : 0.1992"
"7,27 : 0.3471"
"27,7 : 0.3471"
"7,28 : 0.4554"
"28,7 : 0.4554"
"7,29 : 0.1432"
"29,7 : 0.1432"
"7,30 : 0.8122"
"30,7 : 0.8122"
"7,31 : 0.5523"
"31,7 : 0.5523"
"7,32 : 0.3962"
"32,7 : 0.3962"
"7,33 : 0.454"
"33,7 : 0.454"
"7,34 : 0.2159"
"34,7 : 0.2159"
"7,35 : 0.5608"
"35,7 : 0.5608"
"7,36 : 0.8431"
"36,7 : 0.8431"
"7,37 : 0.17"
"37,7 : 0.17"
"7,38 : 0.6313"
"38,7 : 0.6313"
"7,39 : 0.4173"
"39,7 : 0.4173"
"7,40 : 0.3007"
"40,7 : 0.3007"
"7,41 : 0.5501"
"41,7 : 0.5501"
"7,42 : 0.1825"
"42,7 : 0.1825"
"7,43 : 0.6391"
"43,7 : 0.6391"
"7,44 : 0.1879"
"44,7 : 0.1879"
"7,45 : 0.4"
"45,7 : 0.4"
"7,46 : 0.686"
"46,7 : 0.686"
"7,47 : 0.4"
"47,7 : 0.4"
"7,48 : 0.2081"
"48,7 : 0.2081"
"7,49 : 0.4701"
"49,7 : 0.4701"
"7,50 : 0.4934"
"50,7 : 0.4934"
"7,51 : 0.5644"
"51,7 : 0.5644"
"7,52 : 0.4469"
"52,7 : 0.4469"
"7,53 : 0.3384"
"53,7 : 0.3384"
"7,54 : 0.6905"
"54,7 : 0.6905"
"7,55 : 0.2693"
"55,7 : 0.2693"
"7,56 : 0.622"
"56,7 : 0.622"
"7,57 : 0.5215"
"57,7 : 0.5215"
"7,58 : 0.2884"
"58,7 : 0.2884"
"7,59 : 0.4305"
"59,7 : 0.4305"
"7,60 : 0.3689"
"60,7 : 0.3689"
"7,61 : 0.483"
"61,7 : 0.483"
"7,62 : 0.44"
"62,7 : 0.44"
"7,63 : 0.4665"
"63,7 : 0.4665"
"7,64 : 0.1664"
"64,7 : 0.1664"
"7,65 : 0.1803"
"65,7 : 0.1803"
"7,66 : 0.4965"
"66,7 : 0.4965"
"7,67 : 0.6366"
"67,7 : 0.6366"
"7,68 : 0.3585"
"68,7 : 0.3585"
"7,69 : 0.5162"
"69,7 : 0.5162"
"7,70 : 0.1655"
"70,7 : 0.1655"
"7,71 : 0.272"
"71,7 : 0.272"
"7,72 : 0.4016"
"72,7 : 0.4016"
"7,73 : 0.2506"
"73,7 : 0.2506"
"7,74 : 0.2408"
"74,7 : 0.2408"
"7,75 : 0.0806"
"75,7 : 0.0806"
"7,76 : 0.7084"
"76,7 : 0.7084"
"7,77 : 0.7794"
"77,7 : 0.7794"
"7,78 : 0.3945"
"78,7 : 0.3945"
"7,79 : 0.6845"
"79,7 : 0.6845"
"7,80 : 0.1697"
"80,7 : 0.1697"
"7,81 : 0.6812"
"81,7 : 0.6812"
"7,82 : 0.614"
"82,7 : 0.614"
"7,83 : 0.5189"
"83,7 : 0.5189"
"7,84 : 0.4771"
"84,7 : 0.4771"
"7,85 : 0.3493"
"85,7 : 0.3493"
"7,86 : 0.364"
"86,7 : 0.364"
"7,87 : 0.6512"
"87,7 : 0.6512"
"7,88 : 0.253"
"88,7 : 0.253"
"7,89 : 0.4624"
"89,7 : 0.4624"
"7,90 : 0.495"
"90,7 : 0.495"
"7,91 : 0.441"
"91,7 : 0.441"
"7,92 : 0.4438"
"92,7 : 0.4438"
"7,93 : 0.0566"
"93,7 : 0.0566"
"7,94 : 0.2202"
"94,7 : 0.2202"
"7,95 : 0.26"
"95,7 : 0.26"
"7,96 : 0.772"
"96,7 : 0.772"
"7,97 : 0.5345"
"97,7 : 0.5345"
"7,98 : 0.8349"
"98,7 : 0.8349"
"7,99 : 0.7906"
"99,7 : 0.7906"
"8,9 : 0.8062"
"9,8 : 0.8062"
"8,10 : 0.5636"
"10,8 : 0.5636"
"8,11 : 1.1346"
"11,8 : 1.1346"
"8,12 : 1.0021"
"12,8 : 1.0021"
"8,13 : 0.5991"
"13,8 : 0.5991"
"8,14 : 1.1844"
"14,8 : 1.1844"
"8,15 : 0.8186"
"15,8 : 0.8186"
"8,16 : 0.6723"
"16,8 : 0.6723"
"8,17 : 0.6106"
"17,8 : 0.6106"
"8,18 : 1.0383"
"18,8 : 1.0383"
"8,19 : 0.9443"
"19,8 : 0.9443"
"8,20 : 1.1879"
"20,8 : 1.1879"
"8,21 : 0.9803"
"21,8 : 0.9803"
"8,22 : 0.578"
"22,8 : 0.578"
"8,23 : 0.4518"
"23,8 : 0.4518"
"8,24 : 0.9487"
"24,8 : 0.9487"
"8,25 : 0.9302"
"25,8 : 0.9302"
"8,26 : 0.9121"
"26,8 : 0.9121"
"8,27 : 0.4386"
"27,8 : 0.4386"
"8,28 : 0.3183"
"28,8 : 0.3183"
"8,29 : 0.7273"
"29,8 : 0.7273"
"8,30 : 0.8702"
"30,8 : 0.8702"
"8,31 : 1.2681"
"31,8 : 1.2681"
"8,32 : 1.1455"
"32,8 : 1.1455"
"8,33 : 0.7244"
"33,8 : 0.7244"
"8,34 : 0.6155"
"34,8 : 0.6155"
"8,35 : 0.3544"
"35,8 : 0.3544"
"8,36 : 0.1077"
"36,8 : 0.1077"
"8,37 : 0.8528"
"37,8 : 0.8528"
"8,38 : 0.4111"
"38,8 : 0.4111"
"8,39 : 0.7518"
"39,8 : 0.7518"
"8,40 : 0.9546"
"40,8 : 0.9546"
"8,41 : 0.3764"
"41,8 : 0.3764"
"8,42 : 0.5882"
"42,8 : 0.5882"
"8,43 : 0.593"
"43,8 : 0.593"
"8,44 : 0.5694"
"44,8 : 0.5694"
"8,45 : 1.1341"
"45,8 : 1.1341"
"8,46 : 0.117"
"46,8 : 0.117"
"8,47 : 0.6984"
"47,8 : 0.6984"
"8,48 : 0.693"
"48,8 : 0.693"
"8,49 : 0.6774"
"49,8 : 0.6774"
"8,50 : 0.2907"
"50,8 : 0.2907"
"8,51 : 1.274"
"51,8 : 1.274"
"8,52 : 1.186"
"52,8 : 1.186"
"8,53 : 1.07"
"53,8 : 1.07"
"8,54 : 0.4904"
"54,8 : 0.4904"
"8,55 : 0.6002"
"55,8 : 0.6002"
"8,56 : 0.9171"
"56,8 : 0.9171"
"8,57 : 0.3585"
"57,8 : 0.3585"
"8,58 : 0.9242"
"58,8 : 0.9242"
"8,59 : 1.05"
"59,8 : 1.05"
"8,60 : 0.6689"
"60,8 : 0.6689"
"8,61 : 1.1893"
"61,8 : 1.1893"
"8,62 : 0.6637"
"62,8 : 0.6637"
"8,63 : 1.1844"
"63,8 : 1.1844"
"8,64 : 0.7845"
"64,8 : 0.7845"
"8,65 : 0.9348"
"65,8 : 0.9348"
"8,66 : 0.3362"
"66,8 : 0.3362"
"8,67 : 0.2377"
"67,8 : 0.2377"
"8,68 : 0.872"
"68,8 : 0.872"
"8,69 : 0.6768"
"69,8 : 0.6768"
"8,70 : 0.5917"
"70,8 : 0.5917"
"8,71 : 1.0242"
"71,8 : 1.0242"
"8,72 : 0.5301"
"72,8 : 0.5301"
"8,73 : 0.978"
"73,8 : 0.978"
"8,74 : 0.5467"
"74,8 : 0.5467"
"8,75 : 0.8268"
"75,8 : 0.8268"
"8,76 : 0.85"
"76,8 : 0.85"
"8,77 : 0.8001"
"77,8 : 0.8001"
"8,78 : 0.6537"
"78,8 : 0.6537"
"8,79 : 0.6612"
"79,8 : 0.6612"
"8,80 : 0.9211"
"80,8 : 0.9211"
"8,81 : 0.3306"
"81,8 : 0.3306"
"8,82 : 0.3041"
"82,8 : 0.3041"
"8,83 : 0.4512"
"83,8 : 0.4512"
"8,84 : 0.9205"
"84,8 : 0.9205"
"8,85 : 0.7406"
"85,8 : 0.7406"
"8,86 : 0.7906"
"86,8 : 0.7906"
"8,87 : 0.878"
"87,8 : 0.878"
"8,88 : 0.7513"
"88,8 : 0.7513"
"8,89 : 0.5869"
"89,8 : 0.5869"
"8,90 : 0.4717"
"90,8 : 0.4717"
"8,91 : 0.6339"
"91,8 : 0.6339"
"8,92 : 0.831"
"92,8 : 0.831"
"8,93 : 0.7739"
"93,8 : 0.7739"
"8,94 : 0.5685"
"94,8 : 0.5685"
"8,95 : 0.4993"
"95,8 : 0.4993"
"8,96 : 0.831"
"96,8 : 0.831"
"8,97 : 0.2581"
"97,8 : 0.2581"
"8,98 : 0.8405"
"98,8 : 0.8405"
"8,99 : 0.0806"
"99,8 : 0.0806"
"9,10 : 0.322"
"10,9 : 0.322"
"9,11 : 0.5652"
"11,9 : 0.5652"
"9,12 : 0.4901"
"12,9 : 0.4901"
"9,13 : 0.2256"
"13,9 : 0.2256"
"9,14 : 0.6774"
"14,9 : 0.6774"
"9,15 : 0.2571"
"15,9 : 0.2571"
"9,16 : 0.2408"
"16,9 : 0.2408"
"9,17 : 0.6378"
"17,9 : 0.6378"
"9,18 : 0.4148"
"18,9 : 0.4148"
"9,19 : 0.1404"
"19,9 : 0.1404"
"9,20 : 0.7411"
"20,9 : 0.7411"
"9,21 : 0.247"
"21,9 : 0.247"
"9,22 : 0.422"
"22,9 : 0.422"
"9,23 : 0.377"
"23,9 : 0.377"
"9,24 : 0.7577"
"24,9 : 0.7577"
"9,25 : 0.823"
"25,9 : 0.823"
"9,26 : 0.4669"
"26,9 : 0.4669"
"9,27 : 0.52"
"27,9 : 0.52"
"9,28 : 0.5825"
"28,9 : 0.5825"
"9,29 : 0.1703"
"29,9 : 0.1703"
"9,30 : 1.096"
"30,9 : 1.096"
"9,31 : 0.755"
"31,9 : 0.755"
"9,32 : 0.5604"
"32,9 : 0.5604"
"9,33 : 0.197"
"33,9 : 0.197"
"9,34 : 0.4742"
"34,9 : 0.4742"
"9,35 : 0.74"
"35,9 : 0.74"
"9,36 : 0.8635"
"36,9 : 0.8635"
"9,37 : 0.4617"
"37,9 : 0.4617"
"9,38 : 0.8301"
"38,9 : 0.8301"
"9,39 : 0.7122"
"39,9 : 0.7122"
"9,40 : 0.5825"
"40,9 : 0.5825"
"9,41 : 0.7374"
"41,9 : 0.7374"
"9,42 : 0.4"
"42,9 : 0.4"
"9,43 : 0.8875"
"43,9 : 0.8875"
"9,44 : 0.3636"
"44,9 : 0.3636"
"9,45 : 0.5984"
"45,9 : 0.5984"
"9,46 : 0.7041"
"46,9 : 0.7041"
"9,47 : 0.6868"
"47,9 : 0.6868"
"9,48 : 0.4982"
"48,9 : 0.4982"
"9,49 : 0.2385"
"49,9 : 0.2385"
"9,50 : 0.6217"
"50,9 : 0.6217"
"9,51 : 0.7728"
"51,9 : 0.7728"
"9,52 : 0.6282"
"52,9 : 0.6282"
"9,53 : 0.5523"
"53,9 : 0.5523"
"9,54 : 0.908"
"54,9 : 0.908"
"9,55 : 0.2102"
"55,9 : 0.2102"
"9,56 : 0.9236"
"56,9 : 0.9236"
"9,57 : 0.6989"
"57,9 : 0.6989"
"9,58 : 0.1487"
"58,9 : 0.1487"
"9,59 : 0.7102"
"59,9 : 0.7102"
"9,60 : 0.6507"
"60,9 : 0.6507"
"9,61 : 0.7046"
"61,9 : 0.7046"
"9,62 : 0.2202"
"62,9 : 0.2202"
"9,63 : 0.6774"
"63,9 : 0.6774"
"9,64 : 0.1393"
"64,9 : 0.1393"
"9,65 : 0.3314"
"65,9 : 0.3314"
"9,66 : 0.658"
"66,9 : 0.658"
"9,67 : 0.6103"
"67,9 : 0.6103"
"9,68 : 0.6621"
"68,9 : 0.6621"
"9,69 : 0.7925"
"69,9 : 0.7925"
"9,70 : 0.3523"
"70,9 : 0.3523"
"9,71 : 0.37"
"71,9 : 0.37"
"9,72 : 0.2915"
"72,9 : 0.2915"
"9,73 : 0.4904"
"73,9 : 0.4904"
"9,74 : 0.4549"
"74,9 : 0.4549"
"9,75 : 0.3544"
"75,9 : 0.3544"
"9,76 : 0.9982"
"76,9 : 0.9982"
"9,77 : 1.0555"
"77,9 : 1.0555"
"9,78 : 0.6718"
"78,9 : 0.6718"
"9,79 : 0.944"
"79,9 : 0.944"
"9,80 : 0.3905"
"80,9 : 0.3905"
"9,81 : 0.8516"
"81,9 : 0.8516"
"9,82 : 0.7762"
"82,9 : 0.7762"
"9,83 : 0.4118"
"83,9 : 0.4118"
"9,84 : 0.1769"
"84,9 : 0.1769"
"9,85 : 0.0922"
"85,9 : 0.0922"
"9,86 : 0.0707"
"86,9 : 0.0707"
"9,87 : 0.9481"
"87,9 : 0.9481"
"9,88 : 0.0671"
"88,9 : 0.0671"
"9,89 : 0.7201"
"89,9 : 0.7201"
"9,90 : 0.7159"
"90,9 : 0.7159"
"9,91 : 0.2404"
"91,9 : 0.2404"
"9,92 : 0.1432"
"92,9 : 0.1432"
"9,93 : 0.2508"
"93,9 : 0.2508"
"9,94 : 0.4441"
"94,9 : 0.4441"
"9,95 : 0.4163"
"95,9 : 0.4163"
"9,96 : 1.0538"
"96,9 : 1.0538"
"9,97 : 0.6592"
"97,9 : 0.6592"
"9,98 : 1.112"
"98,9 : 1.112"
"9,99 : 0.8102"
"99,9 : 0.8102"
"10,11 : 0.5869"
"11,10 : 0.5869"
"10,12 : 0.461"
"12,10 : 0.461"
"10,13 : 0.114"
"13,10 : 0.114"
"10,14 : 0.658"
"14,10 : 0.658"
"10,15 : 0.255"
"15,10 : 0.255"
"10,16 : 0.1118"
"16,10 : 0.1118"
"10,17 : 0.3384"
"17,10 : 0.3384"
"10,18 : 0.4771"
"18,10 : 0.4771"
"10,19 : 0.4554"
"19,10 : 0.4554"
"10,20 : 0.6848"
"20,10 : 0.6848"
"10,21 : 0.4258"
"21,10 : 0.4258"
"10,22 : 0.1208"
"22,10 : 0.1208"
"10,23 : 0.2864"
"23,10 : 0.2864"
"10,24 : 0.56"
"24,10 : 0.56"
"10,25 : 0.5968"
"25,10 : 0.5968"
"10,26 : 0.3828"
"26,10 : 0.3828"
"10,27 : 0.1992"
"27,10 : 0.1992"
"10,28 : 0.2807"
"28,10 : 0.2807"
"10,29 : 0.1803"
"29,10 : 0.1803"
"10,30 : 0.7981"
"30,10 : 0.7981"
"10,31 : 0.744"
"31,10 : 0.744"
"10,32 : 0.5946"
"32,10 : 0.5946"
"10,33 : 0.3828"
"33,10 : 0.3828"
"10,34 : 0.1897"
"34,10 : 0.1897"
"10,35 : 0.422"
"35,10 : 0.422"
"10,36 : 0.6466"
"36,10 : 0.6466"
"10,37 : 0.3354"
"37,10 : 0.3354"
"10,38 : 0.5092"
"38,10 : 0.5092"
"10,39 : 0.446"
"39,10 : 0.446"
"10,40 : 0.4624"
"40,10 : 0.4624"
"10,41 : 0.4176"
"41,10 : 0.4176"
"10,42 : 0.1044"
"42,10 : 0.1044"
"10,43 : 0.5701"
"43,10 : 0.5701"
"10,44 : 0.0539"
"44,10 : 0.0539"
"10,45 : 0.5955"
"45,10 : 0.5955"
"10,46 : 0.4883"
"46,10 : 0.4883"
"10,47 : 0.4072"
"47,10 : 0.4072"
"10,48 : 0.2508"
"48,10 : 0.2508"
"10,49 : 0.3758"
"49,10 : 0.3758"
"10,50 : 0.3206"
"50,10 : 0.3206"
"10,51 : 0.7545"
"51,10 : 0.7545"
"10,52 : 0.6438"
"52,10 : 0.6438"
"10,53 : 0.5326"
"53,10 : 0.5326"
"10,54 : 0.586"
"54,10 : 0.586"
"10,55 : 0.1526"
"55,10 : 0.1526"
"10,56 : 0.6673"
"56,10 : 0.6673"
"10,57 : 0.3808"
"57,10 : 0.3808"
"10,58 : 0.3912"
"58,10 : 0.3912"
"10,59 : 0.5852"
"59,10 : 0.5852"
"10,60 : 0.3667"
"60,10 : 0.3667"
"10,61 : 0.6712"
"61,10 : 0.6712"
"10,62 : 0.3444"
"62,10 : 0.3444"
"10,63 : 0.658"
"63,10 : 0.658"
"10,64 : 0.2402"
"64,10 : 0.2402"
"10,65 : 0.3722"
"65,10 : 0.3722"
"10,66 : 0.3437"
"66,10 : 0.3437"
"10,67 : 0.4393"
"67,10 : 0.4393"
"10,68 : 0.4601"
"68,10 : 0.4601"
"10,69 : 0.4941"
"69,10 : 0.4941"
"10,70 : 0.06"
"70,10 : 0.06"
"10,71 : 0.4607"
"71,10 : 0.4607"
"10,72 : 0.2508"
"72,10 : 0.2508"
"10,73 : 0.442"
"73,10 : 0.442"
"10,74 : 0.1421"
"74,10 : 0.1421"
"10,75 : 0.2759"
"75,10 : 0.2759"
"10,76 : 0.7102"
"76,10 : 0.7102"
"10,77 : 0.7507"
"77,10 : 0.7507"
"10,78 : 0.3808"
"78,10 : 0.3808"
"10,79 : 0.6303"
"79,10 : 0.6303"
"10,80 : 0.368"
"80,10 : 0.368"
"10,81 : 0.5376"
"81,10 : 0.5376"
"10,82 : 0.4639"
"82,10 : 0.4639"
"10,83 : 0.3471"
"83,10 : 0.3471"
"10,84 : 0.4909"
"84,10 : 0.4909"
"10,85 : 0.3114"
"85,10 : 0.3114"
"10,86 : 0.35"
"86,10 : 0.35"
"10,87 : 0.6754"
"87,10 : 0.6754"
"10,88 : 0.255"
"88,10 : 0.255"
"10,89 : 0.4104"
"89,10 : 0.4104"
"10,90 : 0.3945"
"90,10 : 0.3945"
"10,91 : 0.3324"
"91,10 : 0.3324"
"10,92 : 0.4252"
"92,10 : 0.4252"
"10,93 : 0.2102"
"93,10 : 0.2102"
"10,94 : 0.1389"
"94,10 : 0.1389"
"10,95 : 0.0949"
"95,10 : 0.0949"
"10,96 : 0.7543"
"96,10 : 0.7543"
"10,97 : 0.3612"
"97,10 : 0.3612"
"10,98 : 0.8072"
"98,10 : 0.8072"
"10,99 : 0.5936"
"99,10 : 0.5936"
"11,12 : 0.1342"
"12,11 : 0.1342"
"11,13 : 0.6103"
"13,11 : 0.6103"
"11,14 : 0.1237"
"14,11 : 0.1237"
"11,15 : 0.3551"
"15,11 : 0.3551"
"11,16 : 0.4982"
"16,11 : 0.4982"
"11,17 : 0.6237"
"17,11 : 0.6237"
"11,18 : 0.1513"
"18,11 : 0.1513"
"11,19 : 0.5601"
"19,11 : 0.5601"
"11,20 : 0.2102"
"20,11 : 0.2102"
"11,21 : 0.34"
"21,11 : 0.34"
"11,22 : 0.5576"
"22,11 : 0.5576"
"11,23 : 0.8405"
"23,11 : 0.8405"
"11,24 : 0.446"
"24,11 : 0.446"
"11,25 : 0.5408"
"25,11 : 0.5408"
"11,26 : 0.2285"
"26,11 : 0.2285"
"11,27 : 0.7033"
"27,11 : 0.7033"
"11,28 : 0.8215"
"28,11 : 0.8215"
"11,29 : 0.4837"
"29,11 : 0.4837"
"11,30 : 0.9362"
"30,11 : 0.9362"
"11,31 : 0.191"
"31,11 : 0.191"
"11,32 : 0.0224"
"32,11 : 0.0224"
"11,33 : 0.7596"
"33,11 : 0.7596"
"11,34 : 0.5323"
"34,11 : 0.5323"
"11,35 : 0.886"
"35,11 : 0.886"
"11,36 : 1.2261"
"36,11 : 1.2261"
"11,37 : 0.2915"
"37,11 : 0.2915"
"11,38 : 0.9315"
"38,11 : 0.9315"
"11,39 : 0.5701"
"39,11 : 0.5701"
"11,40 : 0.2508"
"40,11 : 0.2508"
"11,41 : 0.8698"
"41,11 : 0.8698"
"11,42 : 0.5464"
"42,11 : 0.5464"
"11,43 : 0.8721"
"43,11 : 0.8721"
"11,44 : 0.5685"
"44,11 : 0.5685"
"11,45 : 0.05"
"45,11 : 0.05"
"11,46 : 1.0717"
"46,11 : 1.0717"
"11,47 : 0.5914"
"47,11 : 0.5914"
"11,48 : 0.4682"
"48,11 : 0.4682"
"11,49 : 0.7938"
"49,11 : 0.7938"
"11,50 : 0.8559"
"50,11 : 0.8559"
"11,51 : 0.2102"
"51,11 : 0.2102"
"11,52 : 0.0632"
"52,11 : 0.0632"
"11,53 : 0.08"
"53,11 : 0.08"
"11,54 : 0.9634"
"54,11 : 0.9634"
"11,55 : 0.6381"
"55,11 : 0.6381"
"11,56 : 0.6768"
"56,11 : 0.6768"
"11,57 : 0.8523"
"57,11 : 0.8523"
"11,58 : 0.441"
"58,11 : 0.441"
"11,59 : 0.2915"
"59,11 : 0.2915"
"11,60 : 0.5855"
"60,11 : 0.5855"
"11,61 : 0.1581"
"61,11 : 0.1581"
"11,62 : 0.769"
"62,11 : 0.769"
"11,63 : 0.1237"
"63,11 : 0.1237"
"11,64 : 0.4569"
"64,11 : 0.4569"
"11,65 : 0.2417"
"65,11 : 0.2417"
"11,66 : 0.841"
"66,11 : 0.841"
"11,67 : 1.0255"
"67,11 : 1.0255"
"11,68 : 0.413"
"68,11 : 0.413"
"11,69 : 0.7101"
"69,11 : 0.7101"
"11,70 : 0.5467"
"70,11 : 0.5467"
"11,71 : 0.2002"
"71,11 : 0.2002"
"11,72 : 0.7718"
"72,11 : 0.7718"
"11,73 : 0.1616"
"73,11 : 0.1616"
"11,74 : 0.5917"
"74,11 : 0.5917"
"11,75 : 0.3114"
"75,11 : 0.3114"
"11,76 : 0.8223"
"76,11 : 0.8223"
"11,77 : 0.9321"
"77,11 : 0.9321"
"11,78 : 0.6152"
"78,11 : 0.6152"
"11,79 : 0.8901"
"79,11 : 0.8901"
"11,80 : 0.2193"
"80,11 : 0.2193"
"11,81 : 1.0024"
"81,11 : 1.0024"
"11,82 : 0.947"
"82,11 : 0.947"
"11,83 : 0.8959"
"83,11 : 0.8959"
"11,84 : 0.6801"
"84,11 : 0.6801"
"11,85 : 0.6485"
"85,11 : 0.6485"
"11,86 : 0.6356"
"86,11 : 0.6356"
"11,87 : 0.7376"
"87,11 : 0.7376"
"11,88 : 0.5536"
"88,11 : 0.5536"
"11,89 : 0.7086"
"89,11 : 0.7086"
"11,90 : 0.7885"
"90,11 : 0.7885"
"11,91 : 0.78"
"91,11 : 0.78"
"11,92 : 0.6972"
"92,11 : 0.6972"
"11,93 : 0.3941"
"93,11 : 0.3941"
"11,94 : 0.5694"
"94,11 : 0.5694"
"11,95 : 0.636"
"95,11 : 0.636"
"11,96 : 0.908"
"96,11 : 0.908"
"11,97 : 0.8955"
"97,11 : 0.8955"
"11,98 : 0.9786"
"98,11 : 0.9786"
"11,99 : 1.1744"
"99,11 : 1.1744"
"12,13 : 0.4965"
"13,12 : 0.4965"
"12,14 : 0.2012"
"14,12 : 0.2012"
"12,15 : 0.25"
"15,12 : 0.25"
"12,16 : 0.3808"
"16,12 : 0.3808"
"12,17 : 0.495"
"17,12 : 0.495"
"12,18 : 0.1345"
"18,12 : 0.1345"
"12,19 : 0.5166"
"19,12 : 0.5166"
"12,20 : 0.2518"
"20,12 : 0.2518"
"12,21 : 0.3046"
"21,12 : 0.3046"
"12,22 : 0.4244"
"22,12 : 0.4244"
"12,23 : 0.7256"
"23,12 : 0.7256"
"12,24 : 0.3662"
"24,12 : 0.3662"
"12,25 : 0.4579"
"25,12 : 0.4579"
"12,26 : 0.0949"
"26,12 : 0.0949"
"12,27 : 0.5694"
"27,12 : 0.5694"
"12,28 : 0.688"
"28,12 : 0.688"
"12,29 : 0.3795"
"29,12 : 0.3795"
"12,30 : 0.8382"
"30,12 : 0.8382"
"12,31 : 0.2865"
"31,12 : 0.2865"
"12,32 : 0.1487"
"32,12 : 0.1487"
"12,33 : 0.676"
"33,12 : 0.676"
"12,34 : 0.3981"
"34,12 : 0.3981"
"12,35 : 0.7527"
"35,12 : 0.7527"
"12,36 : 1.0948"
"36,12 : 1.0948"
"12,37 : 0.1581"
"37,12 : 0.1581"
"12,38 : 0.8005"
"38,12 : 0.8005"
"12,39 : 0.4554"
"39,12 : 0.4554"
"12,40 : 0.1526"
"40,12 : 0.1526"
"12,41 : 0.7368"
"41,12 : 0.7368"
"12,42 : 0.414"
"42,12 : 0.414"
"12,43 : 0.75"
"43,12 : 0.75"
"12,44 : 0.4386"
"44,12 : 0.4386"
"12,45 : 0.1345"
"45,12 : 0.1345"
"12,46 : 0.9418"
"46,12 : 0.9418"
"12,47 : 0.4704"
"47,12 : 0.4704"
"12,48 : 0.3353"
"48,12 : 0.3353"
"12,49 : 0.7041"
"49,12 : 0.7041"
"12,50 : 0.722"
"50,12 : 0.722"
"12,51 : 0.2997"
"51,12 : 0.2997"
"12,52 : 0.1844"
"52,12 : 0.1844"
"12,53 : 0.0721"
"53,12 : 0.0721"
"12,54 : 0.836"
"54,12 : 0.836"
"12,55 : 0.528"
"55,12 : 0.528"
"12,56 : 0.5906"
"56,12 : 0.5906"
"12,57 : 0.7187"
"57,12 : 0.7187"
"12,58 : 0.3905"
"58,12 : 0.3905"
"12,59 : 0.247"
"59,12 : 0.247"
"12,60 : 0.4604"
"60,12 : 0.4604"
"12,61 : 0.2214"
"61,12 : 0.2214"
"12,62 : 0.6768"
"62,12 : 0.6768"
"12,63 : 0.2012"
"63,12 : 0.2012"
"12,64 : 0.365"
"64,12 : 0.365"
"12,65 : 0.1612"
"65,12 : 0.1612"
"12,66 : 0.7068"
"66,12 : 0.7068"
"12,67 : 0.9003"
"67,12 : 0.9003"
"12,68 : 0.3102"
"68,12 : 0.3102"
"12,69 : 0.5921"
"69,12 : 0.5921"
"12,70 : 0.4173"
"70,12 : 0.4173"
"12,71 : 0.178"
"71,12 : 0.178"
"12,72 : 0.6621"
"72,12 : 0.6621"
"12,73 : 0.03"
"73,12 : 0.03"
"12,74 : 0.4579"
"74,12 : 0.4579"
"12,75 : 0.186"
"75,12 : 0.186"
"12,76 : 0.7245"
"76,12 : 0.7245"
"12,77 : 0.8271"
"77,12 : 0.8271"
"12,78 : 0.4904"
"78,12 : 0.4904"
"12,79 : 0.7732"
"79,12 : 0.7732"
"12,80 : 0.1044"
"80,12 : 0.1044"
"12,81 : 0.8698"
"81,12 : 0.8698"
"12,82 : 0.8134"
"82,12 : 0.8134"
"12,83 : 0.7829"
"83,12 : 0.7829"
"12,84 : 0.6297"
"84,12 : 0.6297"
"12,85 : 0.5644"
"85,12 : 0.5644"
"12,86 : 0.5604"
"86,12 : 0.5604"
"12,87 : 0.6447"
"87,12 : 0.6447"
"12,88 : 0.4653"
"88,12 : 0.4653"
"12,89 : 0.5822"
"89,12 : 0.5822"
"12,90 : 0.6573"
"90,12 : 0.6573"
"12,91 : 0.6841"
"91,12 : 0.6841"
"12,92 : 0.6303"
"92,12 : 0.6303"
"12,93 : 0.2823"
"93,12 : 0.2823"
"12,94 : 0.4357"
"94,12 : 0.4357"
"12,95 : 0.5045"
"95,12 : 0.5045"
"12,96 : 0.8065"
"96,12 : 0.8065"
"12,97 : 0.7616"
"97,12 : 0.7616"
"12,98 : 0.8764"
"98,12 : 0.8764"
"12,99 : 1.0435"
"99,12 : 1.0435"
"13,14 : 0.6977"
"14,13 : 0.6977"
"13,15 : 0.2561"
"15,13 : 0.2561"
"13,16 : 0.117"
"16,13 : 0.117"
"13,17 : 0.4522"
"17,13 : 0.4522"
"13,18 : 0.481"
"18,13 : 0.481"
"13,19 : 0.365"
"19,13 : 0.365"
"13,20 : 0.7374"
"20,13 : 0.7374"
"13,21 : 0.3848"
"21,13 : 0.3848"
"13,22 : 0.2332"
"22,13 : 0.2332"
"13,23 : 0.2302"
"23,13 : 0.2302"
"13,24 : 0.6538"
"24,13 : 0.6538"
"13,25 : 0.6986"
"25,13 : 0.6986"
