x,y
0.4,0.6
0.47,0.72
0.45,0.63
0.42,0.2
0.34,0.35
0.35,0.98
0.95,0.06
0.29,0.94
0.24,0.51
0.1,0.44
0.11,0.31
0.73,0.02
0.01,0.96
0.94,0.56
0.87,0.62
1.0,0.32
0.49,0.22
0.6,0.32
0.28,0.14
0.89,0.41
0.18,0.05
0.73,0.34
0.19,0.69
0.23,0.48
0.5,0.78
0.53,0.08
0.86,0.63
0.55,0.78
0.48,0.71
0.57,0.19
0.52,0.27
0.71,0.39
0.52,0.53
0.59,0.49
0.28,0.46
0.25,0.58
0.79,0.4
0.78,0.31
0.16,0.64
0.66,0.54
0.04,0.42
0.04,0.92
0.17,0.16
0.94,0.97
0.4,0.58
0.04,0.4
0.05,0.89
0.82,0.9
0.69,0.59
0.04,0.9
0.14,0.82
0.06,0.93
0.71,0.05
0.85,0.11
0.99,1.0
0.56,0.3
0.41,0.74
0.69,0.74
0.51,0.04
0.9,0.06
0.06,0.28
0.66,0.89
0.71,0.15
0.85,0.48
0.14,0.59
0.03,0.96
0.19,0.63
0.68,0.75
0.46,0.24
0.97,0.05
0.06,0.5
0.89,0.0
0.41,0.03
0.35,0.41
0.65,0.27
0.14,0.54
0.05,0.16
0.53,0.34
0.04,0.25
0.59,0.45
0.5,0.44
0.69,0.93
0.29,0.07
0.59,0.24
0.07,0.39
0.49,0.24
0.13,0.1
0.87,0.72
0.17,0.57
0.6,0.3
0.1,0.4
0.95,0.66
0.21,0.03
0.1,0.38
0.91,0.28
0.04,0.6
0.48,0.32
0.75,0.86
0.33,0.69
0.21,0.52

Distanze
"0,1 : 0.1389"
"1,0 : 0.1389"
"0,2 : 0.0583"
"2,0 : 0.0583"
"0,3 : 0.4005"
"3,0 : 0.4005"
"0,4 : 0.2571"
"4,0 : 0.2571"
"0,5 : 0.3833"
"5,0 : 0.3833"
"0,6 : 0.7708"
"6,0 : 0.7708"
"0,7 : 0.3574"
"7,0 : 0.3574"
"0,8 : 0.1836"
"8,0 : 0.1836"
"0,9 : 0.34"
"9,0 : 0.34"
"0,10 : 0.4101"
"10,0 : 0.4101"
"0,11 : 0.6673"
"11,0 : 0.6673"
"0,12 : 0.5308"
"12,0 : 0.5308"
"0,13 : 0.5415"
"13,0 : 0.5415"
"0,14 : 0.4704"
"14,0 : 0.4704"
"0,15 : 0.6621"
"15,0 : 0.6621"
"0,16 : 0.3905"
"16,0 : 0.3905"
"0,17 : 0.3441"
"17,0 : 0.3441"
"0,18 : 0.4754"
"18,0 : 0.4754"
"0,19 : 0.5255"
"19,0 : 0.5255"
"0,20 : 0.5924"
"20,0 : 0.5924"
"0,21 : 0.4201"
"21,0 : 0.4201"
"0,22 : 0.2285"
"22,0 : 0.2285"
"0,23 : 0.2081"
"23,0 : 0.2081"
"0,24 : 0.2059"
"24,0 : 0.2059"
"0,25 : 0.536"
"25,0 : 0.536"
"0,26 : 0.461"
"26,0 : 0.461"
"0,27 : 0.2343"
"27,0 : 0.2343"
"0,28 : 0.136"
"28,0 : 0.136"
"0,29 : 0.4438"
"29,0 : 0.4438"
"0,30 : 0.3511"
"30,0 : 0.3511"
"0,31 : 0.3744"
"31,0 : 0.3744"
"0,32 : 0.1389"
"32,0 : 0.1389"
"0,33 : 0.2195"
"33,0 : 0.2195"
"0,34 : 0.1844"
"34,0 : 0.1844"
"0,35 : 0.1513"
"35,0 : 0.1513"
"0,36 : 0.4383"
"36,0 : 0.4383"
"0,37 : 0.478"
"37,0 : 0.478"
"0,38 : 0.2433"
"38,0 : 0.2433"
"0,39 : 0.2668"
"39,0 : 0.2668"
"0,40 : 0.4025"
"40,0 : 0.4025"
"0,41 : 0.4817"
"41,0 : 0.4817"
"0,42 : 0.4965"
"42,0 : 0.4965"
"0,43 : 0.6546"
"43,0 : 0.6546"
"0,44 : 0.02"
"44,0 : 0.02"
"0,45 : 0.4118"
"45,0 : 0.4118"
"0,46 : 0.4545"
"46,0 : 0.4545"
"0,47 : 0.5161"
"47,0 : 0.5161"
"0,48 : 0.2902"
"48,0 : 0.2902"
"0,49 : 0.4686"
"49,0 : 0.4686"
"0,50 : 0.3406"
"50,0 : 0.3406"
"0,51 : 0.4738"
"51,0 : 0.4738"
"0,52 : 0.6313"
"52,0 : 0.6313"
"0,53 : 0.6653"
"53,0 : 0.6653"
"0,54 : 0.7128"
"54,0 : 0.7128"
"0,55 : 0.34"
"55,0 : 0.34"
"0,56 : 0.1404"
"56,0 : 0.1404"
"0,57 : 0.322"
"57,0 : 0.322"
"0,58 : 0.5707"
"58,0 : 0.5707"
"0,59 : 0.7359"
"59,0 : 0.7359"
"0,60 : 0.4669"
"60,0 : 0.4669"
"0,61 : 0.3895"
"61,0 : 0.3895"
"0,62 : 0.5464"
"62,0 : 0.5464"
"0,63 : 0.4657"
"63,0 : 0.4657"
"0,64 : 0.2602"
"64,0 : 0.2602"
"0,65 : 0.5162"
"65,0 : 0.5162"
"0,66 : 0.2121"
"66,0 : 0.2121"
"0,67 : 0.3176"
"67,0 : 0.3176"
"0,68 : 0.365"
"68,0 : 0.365"
"0,69 : 0.7921"
"69,0 : 0.7921"
"0,70 : 0.3544"
"70,0 : 0.3544"
"0,71 : 0.7747"
"71,0 : 0.7747"
"0,72 : 0.5701"
"72,0 : 0.5701"
"0,73 : 0.1965"
"73,0 : 0.1965"
"0,74 : 0.414"
"74,0 : 0.414"
"0,75 : 0.2668"
"75,0 : 0.2668"
"0,76 : 0.5622"
"76,0 : 0.5622"
"0,77 : 0.2907"
"77,0 : 0.2907"
"0,78 : 0.5021"
"78,0 : 0.5021"
"0,79 : 0.2421"
"79,0 : 0.2421"
"0,80 : 0.1887"
"80,0 : 0.1887"
"0,81 : 0.4393"
"81,0 : 0.4393"
"0,82 : 0.5413"
"82,0 : 0.5413"
"0,83 : 0.4071"
"83,0 : 0.4071"
"0,84 : 0.3912"
"84,0 : 0.3912"
"0,85 : 0.3711"
"85,0 : 0.3711"
"0,86 : 0.5682"
"86,0 : 0.5682"
"0,87 : 0.4851"
"87,0 : 0.4851"
"0,88 : 0.2319"
"88,0 : 0.2319"
"0,89 : 0.3606"
"89,0 : 0.3606"
"0,90 : 0.3606"
"90,0 : 0.3606"
"0,91 : 0.5533"
"91,0 : 0.5533"
"0,92 : 0.6008"
"92,0 : 0.6008"
"0,93 : 0.372"
"93,0 : 0.372"
"0,94 : 0.6021"
"94,0 : 0.6021"
"0,95 : 0.36"
"95,0 : 0.36"
"0,96 : 0.2912"
"96,0 : 0.2912"
"0,97 : 0.436"
"97,0 : 0.436"
"0,98 : 0.114"
"98,0 : 0.114"
"0,99 : 0.2062"
"99,0 : 0.2062"
"1,2 : 0.0922"
"2,1 : 0.0922"
"1,3 : 0.5224"
"3,1 : 0.5224"
"1,4 : 0.3922"
"4,1 : 0.3922"
"1,5 : 0.2864"
"5,1 : 0.2864"
"1,6 : 0.8161"
"6,1 : 0.8161"
"1,7 : 0.2843"
"7,1 : 0.2843"
"1,8 : 0.3114"
"8,1 : 0.3114"
"1,9 : 0.464"
"9,1 : 0.464"
"1,10 : 0.5456"
"10,1 : 0.5456"
"1,11 : 0.7467"
"11,1 : 0.7467"
"1,12 : 0.5188"
"12,1 : 0.5188"
"1,13 : 0.4965"
"13,1 : 0.4965"
"1,14 : 0.4123"
"14,1 : 0.4123"
"1,15 : 0.664"
"15,1 : 0.664"
"1,16 : 0.5004"
"16,1 : 0.5004"
"1,17 : 0.4206"
"17,1 : 0.4206"
"1,18 : 0.6103"
"18,1 : 0.6103"
"1,19 : 0.522"
"19,1 : 0.522"
"1,20 : 0.7301"
"20,1 : 0.7301"
"1,21 : 0.4604"
"21,1 : 0.4604"
"1,22 : 0.2816"
"22,1 : 0.2816"
"1,23 : 0.3394"
"23,1 : 0.3394"
"1,24 : 0.0671"
"24,1 : 0.0671"
"1,25 : 0.6428"
"25,1 : 0.6428"
"1,26 : 0.4002"
"26,1 : 0.4002"
"1,27 : 0.1"
"27,1 : 0.1"
"1,28 : 0.0141"
"28,1 : 0.0141"
"1,29 : 0.5394"
"29,1 : 0.5394"
"1,30 : 0.4528"
"30,1 : 0.4528"
"1,31 : 0.408"
"31,1 : 0.408"
"1,32 : 0.1965"
"32,1 : 0.1965"
"1,33 : 0.2594"
"33,1 : 0.2594"
"1,34 : 0.322"
"34,1 : 0.322"
"1,35 : 0.2608"
"35,1 : 0.2608"
"1,36 : 0.4525"
"36,1 : 0.4525"
"1,37 : 0.514"
"37,1 : 0.514"
"1,38 : 0.3202"
"38,1 : 0.3202"
"1,39 : 0.2617"
"39,1 : 0.2617"
"1,40 : 0.5243"
"40,1 : 0.5243"
"1,41 : 0.4742"
"41,1 : 0.4742"
"1,42 : 0.6353"
"42,1 : 0.6353"
"1,43 : 0.5324"
"43,1 : 0.5324"
"1,44 : 0.1565"
"44,1 : 0.1565"
"1,45 : 0.536"
"45,1 : 0.536"
"1,46 : 0.4531"
"46,1 : 0.4531"
"1,47 : 0.3936"
"47,1 : 0.3936"
"1,48 : 0.2555"
"48,1 : 0.2555"
"1,49 : 0.4662"
"49,1 : 0.4662"
"1,50 : 0.3448"
"50,1 : 0.3448"
"1,51 : 0.4607"
"51,1 : 0.4607"
"1,52 : 0.7117"
"52,1 : 0.7117"
"1,53 : 0.7187"
"53,1 : 0.7187"
"1,54 : 0.5906"
"54,1 : 0.5906"
"1,55 : 0.4295"
"55,1 : 0.4295"
"1,56 : 0.0632"
"56,1 : 0.0632"
"1,57 : 0.2209"
"57,1 : 0.2209"
"1,58 : 0.6812"
"58,1 : 0.6812"
"1,59 : 0.7877"
"59,1 : 0.7877"
"1,60 : 0.6014"
"60,1 : 0.6014"
"1,61 : 0.255"
"61,1 : 0.255"
"1,62 : 0.6185"
"62,1 : 0.6185"
"1,63 : 0.4494"
"63,1 : 0.4494"
"1,64 : 0.3547"
"64,1 : 0.3547"
"1,65 : 0.5012"
"65,1 : 0.5012"
"1,66 : 0.2941"
"66,1 : 0.2941"
"1,67 : 0.2121"
"67,1 : 0.2121"
"1,68 : 0.4801"
"68,1 : 0.4801"
"1,69 : 0.836"
"69,1 : 0.836"
"1,70 : 0.4653"
"70,1 : 0.4653"
"1,71 : 0.8335"
"71,1 : 0.8335"
"1,72 : 0.6926"
"72,1 : 0.6926"
"1,73 : 0.3324"
"73,1 : 0.3324"
"1,74 : 0.4847"
"74,1 : 0.4847"
"1,75 : 0.3759"
"75,1 : 0.3759"
"1,76 : 0.7"
"76,1 : 0.7"
"1,77 : 0.3847"
"77,1 : 0.3847"
"1,78 : 0.637"
"78,1 : 0.637"
"1,79 : 0.2955"
"79,1 : 0.2955"
"1,80 : 0.2816"
"80,1 : 0.2816"
"1,81 : 0.3041"
"81,1 : 0.3041"
"1,82 : 0.6745"
"82,1 : 0.6745"
"1,83 : 0.4948"
"83,1 : 0.4948"
"1,84 : 0.5186"
"84,1 : 0.5186"
"1,85 : 0.4804"
"85,1 : 0.4804"
"1,86 : 0.7071"
"86,1 : 0.7071"
"1,87 : 0.4"
"87,1 : 0.4"
"1,88 : 0.3354"
"88,1 : 0.3354"
"1,89 : 0.4397"
"89,1 : 0.4397"
"1,90 : 0.4892"
"90,1 : 0.4892"
"1,91 : 0.4837"
"91,1 : 0.4837"
"1,92 : 0.7374"
"92,1 : 0.7374"
"1,93 : 0.5025"
"93,1 : 0.5025"
"1,94 : 0.6223"
"94,1 : 0.6223"
"1,95 : 0.4464"
"95,1 : 0.4464"
"1,96 : 0.4001"
"96,1 : 0.4001"
"1,97 : 0.313"
"97,1 : 0.313"
"1,98 : 0.1432"
"98,1 : 0.1432"
"1,99 : 0.328"
"99,1 : 0.328"
"2,3 : 0.431"
"3,2 : 0.431"
"2,4 : 0.3008"
"4,2 : 0.3008"
"2,5 : 0.364"
"5,2 : 0.364"
"2,6 : 0.7582"
"6,2 : 0.7582"
"2,7 : 0.3489"
"7,2 : 0.3489"
"2,8 : 0.2419"
"8,2 : 0.2419"
"2,9 : 0.3982"
"9,2 : 0.3982"
"2,10 : 0.4669"
"10,2 : 0.4669"
"2,11 : 0.6712"
"11,2 : 0.6712"
"2,12 : 0.55"
"12,2 : 0.55"
"2,13 : 0.495"
"13,2 : 0.495"
"2,14 : 0.4201"
"14,2 : 0.4201"
"2,15 : 0.6313"
"15,2 : 0.6313"
"2,16 : 0.4119"
"16,2 : 0.4119"
"2,17 : 0.3444"
"17,2 : 0.3444"
"2,18 : 0.5187"
"18,2 : 0.5187"
"2,19 : 0.4919"
"19,2 : 0.4919"
"2,20 : 0.6398"
"20,2 : 0.6398"
"2,21 : 0.4031"
"21,2 : 0.4031"
"2,22 : 0.2668"
"22,2 : 0.2668"
"2,23 : 0.2663"
"23,2 : 0.2663"
"2,24 : 0.1581"
"24,2 : 0.1581"
"2,25 : 0.5558"
"25,2 : 0.5558"
"2,26 : 0.41"
"26,2 : 0.41"
"2,27 : 0.1803"
"27,2 : 0.1803"
"2,28 : 0.0854"
"28,2 : 0.0854"
"2,29 : 0.4561"
"29,2 : 0.4561"
"2,30 : 0.3667"
"30,2 : 0.3667"
"2,31 : 0.3538"
"31,2 : 0.3538"
"2,32 : 0.1221"
"32,2 : 0.1221"
"2,33 : 0.198"
"33,2 : 0.198"
"2,34 : 0.2404"
"34,2 : 0.2404"
"2,35 : 0.2062"
"35,2 : 0.2062"
"2,36 : 0.4105"
"36,2 : 0.4105"
"2,37 : 0.4597"
"37,2 : 0.4597"
"2,38 : 0.2902"
"38,2 : 0.2902"
"2,39 : 0.2285"
"39,2 : 0.2285"
"2,40 : 0.4607"
"40,2 : 0.4607"
"2,41 : 0.5022"
"41,2 : 0.5022"
"2,42 : 0.5471"
"42,2 : 0.5471"
"2,43 : 0.5964"
"43,2 : 0.5964"
"2,44 : 0.0707"
"44,2 : 0.0707"
"2,45 : 0.4701"
"45,2 : 0.4701"
"2,46 : 0.4771"
"46,2 : 0.4771"
"2,47 : 0.458"
"47,2 : 0.458"
"2,48 : 0.2433"
"48,2 : 0.2433"
"2,49 : 0.4909"
"49,2 : 0.4909"
"2,50 : 0.3636"
"50,2 : 0.3636"
"2,51 : 0.492"
"51,2 : 0.492"
"2,52 : 0.6356"
"52,2 : 0.6356"
"2,53 : 0.656"
"53,2 : 0.656"
"2,54 : 0.6546"
"54,2 : 0.6546"
"2,55 : 0.3479"
"55,2 : 0.3479"
"2,56 : 0.117"
"56,2 : 0.117"
"2,57 : 0.264"
"57,2 : 0.264"
"2,58 : 0.593"
"58,2 : 0.593"
"2,59 : 0.7262"
"59,2 : 0.7262"
"2,60 : 0.524"
"60,2 : 0.524"
"2,61 : 0.3342"
"61,2 : 0.3342"
"2,62 : 0.5459"
"62,2 : 0.5459"
"2,63 : 0.4272"
"63,2 : 0.4272"
"2,64 : 0.3126"
"64,2 : 0.3126"
"2,65 : 0.5341"
"65,2 : 0.5341"
"2,66 : 0.26"
"66,2 : 0.26"
"2,67 : 0.2594"
"67,2 : 0.2594"
"2,68 : 0.3901"
"68,2 : 0.3901"
"2,69 : 0.779"
"69,2 : 0.779"
"2,70 : 0.4111"
"70,2 : 0.4111"
"2,71 : 0.7684"
"71,2 : 0.7684"
"2,72 : 0.6013"
"72,2 : 0.6013"
"2,73 : 0.2417"
"73,2 : 0.2417"
"2,74 : 0.4118"
"74,2 : 0.4118"
"2,75 : 0.3228"
"75,2 : 0.3228"
"2,76 : 0.6172"
"76,2 : 0.6172"
"2,77 : 0.3008"
"77,2 : 0.3008"
"2,78 : 0.559"
"78,2 : 0.559"
"2,79 : 0.228"
"79,2 : 0.228"
"2,80 : 0.1965"
"80,2 : 0.1965"
"2,81 : 0.3842"
"81,2 : 0.3842"
"2,82 : 0.5824"
"82,2 : 0.5824"
"2,83 : 0.4144"
"83,2 : 0.4144"
"2,84 : 0.4494"
"84,2 : 0.4494"
"2,85 : 0.392"
"85,2 : 0.392"
"2,86 : 0.6191"
"86,2 : 0.6191"
"2,87 : 0.4295"
"87,2 : 0.4295"
"2,88 : 0.2864"
"88,2 : 0.2864"
"2,89 : 0.3625"
"89,2 : 0.3625"
"2,90 : 0.4188"
"90,2 : 0.4188"
"2,91 : 0.5009"
"91,2 : 0.5009"
"2,92 : 0.6462"
"92,2 : 0.6462"
"2,93 : 0.4301"
"93,2 : 0.4301"
"2,94 : 0.578"
"94,2 : 0.578"
"2,95 : 0.4111"
"95,2 : 0.4111"
"2,96 : 0.3114"
"96,2 : 0.3114"
"2,97 : 0.378"
"97,2 : 0.378"
"2,98 : 0.1342"
"98,2 : 0.1342"
"2,99 : 0.264"
"99,2 : 0.264"
"3,4 : 0.17"
"4,3 : 0.17"
"3,5 : 0.7831"
"5,3 : 0.7831"
"3,6 : 0.5482"
"6,3 : 0.5482"
"3,7 : 0.7513"
"7,3 : 0.7513"
"3,8 : 0.3585"
"8,3 : 0.3585"
"3,9 : 0.4"
"9,3 : 0.4"
"3,10 : 0.3289"
"10,3 : 0.3289"
"3,11 : 0.3585"
"11,3 : 0.3585"
"3,12 : 0.8635"
"12,3 : 0.8635"
"3,13 : 0.6325"
"13,3 : 0.6325"
"3,14 : 0.6155"
"14,3 : 0.6155"
"3,15 : 0.5923"
"15,3 : 0.5923"
"3,16 : 0.0728"
"16,3 : 0.0728"
"3,17 : 0.2163"
"17,3 : 0.2163"
"3,18 : 0.1523"
"18,3 : 0.1523"
"3,19 : 0.5148"
"19,3 : 0.5148"
"3,20 : 0.283"
"20,3 : 0.283"
"3,21 : 0.3401"
"21,3 : 0.3401"
"3,22 : 0.5413"
"22,3 : 0.5413"
"3,23 : 0.3384"
"23,3 : 0.3384"
"3,24 : 0.5855"
"24,3 : 0.5855"
"3,25 : 0.1628"
"25,3 : 0.1628"
"3,26 : 0.6152"
"26,3 : 0.6152"
"3,27 : 0.5944"
"27,3 : 0.5944"
"3,28 : 0.5135"
"28,3 : 0.5135"
"3,29 : 0.1503"
"29,3 : 0.1503"
"3,30 : 0.1221"
"30,3 : 0.1221"
"3,31 : 0.3467"
"31,3 : 0.3467"
"3,32 : 0.3448"
"32,3 : 0.3448"
"3,33 : 0.3362"
"33,3 : 0.3362"
"3,34 : 0.2953"
"34,3 : 0.2953"
"3,35 : 0.4163"
"35,3 : 0.4163"
"3,36 : 0.4206"
"36,3 : 0.4206"
"3,37 : 0.3764"
"37,3 : 0.3764"
"3,38 : 0.5111"
"38,3 : 0.5111"
"3,39 : 0.4162"
"39,3 : 0.4162"
"3,40 : 0.4391"
"40,3 : 0.4391"
"3,41 : 0.8141"
"41,3 : 0.8141"
"3,42 : 0.2532"
"42,3 : 0.2532"
"3,43 : 0.9291"
"43,3 : 0.9291"
"3,44 : 0.3805"
"44,3 : 0.3805"
"3,45 : 0.4294"
"45,3 : 0.4294"
"3,46 : 0.7829"
"46,3 : 0.7829"
"3,47 : 0.8062"
"47,3 : 0.8062"
"3,48 : 0.4743"
"48,3 : 0.4743"
"3,49 : 0.7965"
"49,3 : 0.7965"
"3,50 : 0.6803"
"50,3 : 0.6803"
"3,51 : 0.8139"
"51,3 : 0.8139"
"3,52 : 0.3265"
"52,3 : 0.3265"
"3,53 : 0.4393"
"53,3 : 0.4393"
"3,54 : 0.9823"
"54,3 : 0.9823"
"3,55 : 0.172"
"55,3 : 0.172"
"3,56 : 0.5401"
"56,3 : 0.5401"
"3,57 : 0.6037"
"57,3 : 0.6037"
"3,58 : 0.1836"
"58,3 : 0.1836"
"3,59 : 0.5"
"59,3 : 0.5"
"3,60 : 0.3688"
"60,3 : 0.3688"
"3,61 : 0.7305"
"61,3 : 0.7305"
"3,62 : 0.2943"
"62,3 : 0.2943"
"3,63 : 0.5131"
"63,3 : 0.5131"
"3,64 : 0.4801"
"64,3 : 0.4801"
"3,65 : 0.8542"
"65,3 : 0.8542"
"3,66 : 0.4876"
"66,3 : 0.4876"
"3,67 : 0.6084"
"67,3 : 0.6084"
"3,68 : 0.0566"
"68,3 : 0.0566"
"3,69 : 0.5701"
"69,3 : 0.5701"
"3,70 : 0.4686"
"70,3 : 0.4686"
"3,71 : 0.5108"
"71,3 : 0.5108"
"3,72 : 0.1703"
"72,3 : 0.1703"
"3,73 : 0.2214"
"73,3 : 0.2214"
"3,74 : 0.2404"
"74,3 : 0.2404"
"3,75 : 0.4405"
"75,3 : 0.4405"
"3,76 : 0.3722"
"76,3 : 0.3722"
"3,77 : 0.178"
"77,3 : 0.178"
"3,78 : 0.3833"
"78,3 : 0.3833"
"3,79 : 0.3023"
"79,3 : 0.3023"
"3,80 : 0.253"
"80,3 : 0.253"
"3,81 : 0.7783"
"81,3 : 0.7783"
"3,82 : 0.1838"
"82,3 : 0.1838"
"3,83 : 0.1746"
"83,3 : 0.1746"
"3,84 : 0.3982"
"84,3 : 0.3982"
"3,85 : 0.0806"
"85,3 : 0.0806"
"3,86 : 0.3068"
"86,3 : 0.3068"
"3,87 : 0.6877"
"87,3 : 0.6877"
"3,88 : 0.4465"
"88,3 : 0.4465"
"3,89 : 0.2059"
"89,3 : 0.2059"
"3,90 : 0.3774"
"90,3 : 0.3774"
"3,91 : 0.7018"
"91,3 : 0.7018"
"3,92 : 0.2702"
"92,3 : 0.2702"
"3,93 : 0.3672"
"93,3 : 0.3672"
"3,94 : 0.4965"
"94,3 : 0.4965"
"3,95 : 0.5517"
"95,3 : 0.5517"
"3,96 : 0.1342"
"96,3 : 0.1342"
"3,97 : 0.7379"
"97,3 : 0.7379"
"3,98 : 0.4982"
"98,3 : 0.4982"
"3,99 : 0.3828"
"99,3 : 0.3828"
"4,5 : 0.6301"
"5,4 : 0.6301"
"4,6 : 0.6754"
"6,4 : 0.6754"
"4,7 : 0.5921"
"7,4 : 0.5921"
"4,8 : 0.1887"
"8,4 : 0.1887"
"4,9 : 0.2563"
"9,4 : 0.2563"
"4,10 : 0.2335"
"10,4 : 0.2335"
"4,11 : 0.5109"
"11,4 : 0.5109"
"4,12 : 0.6935"
"12,4 : 0.6935"
"4,13 : 0.6357"
"13,4 : 0.6357"
"4,14 : 0.5948"
"14,4 : 0.5948"
"4,15 : 0.6607"
"15,4 : 0.6607"
"4,16 : 0.1985"
"16,4 : 0.1985"
"4,17 : 0.2617"
"17,4 : 0.2617"
"4,18 : 0.2184"
"18,4 : 0.2184"
"4,19 : 0.5533"
"19,4 : 0.5533"
"4,20 : 0.34"
"20,4 : 0.34"
"4,21 : 0.3901"
"21,4 : 0.3901"
"4,22 : 0.3716"
"22,4 : 0.3716"
"4,23 : 0.1703"
"23,4 : 0.1703"
"4,24 : 0.4588"
"24,4 : 0.4588"
"4,25 : 0.3302"
"25,4 : 0.3302"
"4,26 : 0.5906"
"26,4 : 0.5906"
"4,27 : 0.4785"
"27,4 : 0.4785"
"4,28 : 0.3863"
"28,4 : 0.3863"
"4,29 : 0.2802"
"29,4 : 0.2802"
"4,30 : 0.197"
"30,4 : 0.197"
"4,31 : 0.3722"
"31,4 : 0.3722"
"4,32 : 0.2546"
"32,4 : 0.2546"
"4,33 : 0.2865"
"33,4 : 0.2865"
"4,34 : 0.1253"
"34,4 : 0.1253"
"4,35 : 0.247"
"35,4 : 0.247"
"4,36 : 0.4528"
"36,4 : 0.4528"
"4,37 : 0.4418"
"37,4 : 0.4418"
"4,38 : 0.3413"
"38,4 : 0.3413"
"4,39 : 0.3722"
"39,4 : 0.3722"
"4,40 : 0.3081"
"40,4 : 0.3081"
"4,41 : 0.6441"
"41,4 : 0.6441"
"4,42 : 0.255"
"42,4 : 0.255"
"4,43 : 0.8628"
"43,4 : 0.8628"
"4,44 : 0.2377"
"44,4 : 0.2377"
"4,45 : 0.3041"
"45,4 : 0.3041"
"4,46 : 0.6129"
"46,4 : 0.6129"
"4,47 : 0.73"
"47,4 : 0.73"
"4,48 : 0.4244"
"48,4 : 0.4244"
"4,49 : 0.6265"
"49,4 : 0.6265"
"4,50 : 0.5108"
"50,4 : 0.5108"
"4,51 : 0.644"
"51,4 : 0.644"
"4,52 : 0.4763"
"52,4 : 0.4763"
"4,53 : 0.5636"
"53,4 : 0.5636"
"4,54 : 0.9192"
"54,4 : 0.9192"
"4,55 : 0.2256"
"55,4 : 0.2256"
"4,56 : 0.3962"
"56,4 : 0.3962"
"4,57 : 0.524"
"57,4 : 0.524"
"4,58 : 0.3536"
"58,4 : 0.3536"
"4,59 : 0.6306"
"59,4 : 0.6306"
"4,60 : 0.2886"
"60,4 : 0.2886"
"4,61 : 0.6277"
"61,4 : 0.6277"
"4,62 : 0.4206"
"62,4 : 0.4206"
"4,63 : 0.5263"
"63,4 : 0.5263"
"4,64 : 0.3124"
"64,4 : 0.3124"
"4,65 : 0.6843"
"65,4 : 0.6843"
"4,66 : 0.3176"
"66,4 : 0.3176"
"4,67 : 0.525"
"67,4 : 0.525"
"4,68 : 0.1628"
"68,4 : 0.1628"
"4,69 : 0.6978"
"69,4 : 0.6978"
"4,70 : 0.3176"
"70,4 : 0.3176"
"4,71 : 0.6519"
"71,4 : 0.6519"
"4,72 : 0.3276"
"72,4 : 0.3276"
"4,73 : 0.0608"
"73,4 : 0.0608"
"4,74 : 0.3202"
"74,4 : 0.3202"
"4,75 : 0.2759"
"75,4 : 0.2759"
"4,76 : 0.3467"
"76,4 : 0.3467"
"4,77 : 0.1903"
"77,4 : 0.1903"
"4,78 : 0.3162"
"78,4 : 0.3162"
"4,79 : 0.2693"
"79,4 : 0.2693"
"4,80 : 0.1836"
"80,4 : 0.1836"
"4,81 : 0.6774"
"81,4 : 0.6774"
"4,82 : 0.2844"
"82,4 : 0.2844"
"4,83 : 0.2731"
"83,4 : 0.2731"
"4,84 : 0.2729"
"84,4 : 0.2729"
"4,85 : 0.186"
"85,4 : 0.186"
"4,86 : 0.3265"
"86,4 : 0.3265"
"4,87 : 0.6464"
"87,4 : 0.6464"
"4,88 : 0.278"
"88,4 : 0.278"
"4,89 : 0.2648"
"89,4 : 0.2648"
"4,90 : 0.2452"
"90,4 : 0.2452"
"4,91 : 0.6843"
"91,4 : 0.6843"
"4,92 : 0.3454"
"92,4 : 0.3454"
"4,93 : 0.2419"
"93,4 : 0.2419"
"4,94 : 0.5743"
"94,4 : 0.5743"
"4,95 : 0.3905"
"95,4 : 0.3905"
"4,96 : 0.1432"
"96,4 : 0.1432"
"4,97 : 0.6544"
"97,4 : 0.6544"
"4,98 : 0.3401"
"98,4 : 0.3401"
"4,99 : 0.214"
"99,4 : 0.214"
"5,6 : 1.0984"
"6,5 : 1.0984"
"5,7 : 0.0721"
"7,5 : 0.0721"
"5,8 : 0.4827"
"8,5 : 0.4827"
"5,9 : 0.5951"
"9,5 : 0.5951"
"5,10 : 0.7117"
"10,5 : 0.7117"
"5,11 : 1.0325"
"11,5 : 1.0325"
"5,12 : 0.3406"
"12,5 : 0.3406"
"5,13 : 0.7242"
"13,5 : 0.7242"
"5,14 : 0.6325"
"14,5 : 0.6325"
"5,15 : 0.9263"
"15,5 : 0.9263"
"5,16 : 0.7728"
"16,5 : 0.7728"
"5,17 : 0.7058"
"17,5 : 0.7058"
"5,18 : 0.8429"
"18,5 : 0.8429"
"5,19 : 0.7852"
"19,5 : 0.7852"
"5,20 : 0.9454"
"20,5 : 0.9454"
"5,21 : 0.7443"
"21,5 : 0.7443"
"5,22 : 0.3312"
"22,5 : 0.3312"
"5,23 : 0.5142"
"23,5 : 0.5142"
"5,24 : 0.25"
"24,5 : 0.25"
"5,25 : 0.9178"
"25,5 : 0.9178"
"5,26 : 0.6185"
"26,5 : 0.6185"
"5,27 : 0.2828"
"27,5 : 0.2828"
"5,28 : 0.2997"
"28,5 : 0.2997"
"5,29 : 0.8201"
"29,5 : 0.8201"
"5,30 : 0.7301"
"30,5 : 0.7301"
"5,31 : 0.6912"
"31,5 : 0.6912"
"5,32 : 0.481"
"32,5 : 0.481"
"5,33 : 0.5456"
"33,5 : 0.5456"
"5,34 : 0.5247"
"34,5 : 0.5247"
"5,35 : 0.4123"
"35,5 : 0.4123"
"5,36 : 0.728"
"36,5 : 0.728"
"5,37 : 0.7961"
"37,5 : 0.7961"
"5,38 : 0.3895"
"38,5 : 0.3895"
"5,39 : 0.5382"
"39,5 : 0.5382"
"5,40 : 0.6401"
"40,5 : 0.6401"
"5,41 : 0.3158"
"41,5 : 0.3158"
"5,42 : 0.8395"
"42,5 : 0.8395"
"5,43 : 0.5901"
"43,5 : 0.5901"
"5,44 : 0.4031"
"44,5 : 0.4031"
"5,45 : 0.6576"
"45,5 : 0.6576"
"5,46 : 0.3132"
"46,5 : 0.3132"
"5,47 : 0.4768"
"47,5 : 0.4768"
"5,48 : 0.5174"
"48,5 : 0.5174"
"5,49 : 0.3202"
"49,5 : 0.3202"
"5,50 : 0.264"
"50,5 : 0.264"
"5,51 : 0.2943"
"51,5 : 0.2943"
"5,52 : 0.9972"
"52,5 : 0.9972"
"5,53 : 1.0034"
"53,5 : 1.0034"
"5,54 : 0.6403"
"54,5 : 0.6403"
"5,55 : 0.7117"
"55,5 : 0.7117"
"5,56 : 0.2474"
"56,5 : 0.2474"
"5,57 : 0.4162"
"57,5 : 0.4162"
"5,58 : 0.9535"
"58,5 : 0.9535"
"5,59 : 1.0719"
"59,5 : 1.0719"
"5,60 : 0.7577"
"60,5 : 0.7577"
"5,61 : 0.3228"
"61,5 : 0.3228"
"5,62 : 0.9047"
"62,5 : 0.9047"
"5,63 : 0.7071"
"63,5 : 0.7071"
"5,64 : 0.4429"
"64,5 : 0.4429"
"5,65 : 0.3206"
"65,5 : 0.3206"
"5,66 : 0.3848"
"66,5 : 0.3848"
"5,67 : 0.4022"
"67,5 : 0.4022"
"5,68 : 0.7481"
"68,5 : 0.7481"
"5,69 : 1.1177"
"69,5 : 1.1177"
"5,70 : 0.5608"
"70,5 : 0.5608"
"5,71 : 1.1189"
"71,5 : 1.1189"
"5,72 : 0.9519"
"72,5 : 0.9519"
"5,73 : 0.57"
"73,5 : 0.57"
"5,74 : 0.7708"
"74,5 : 0.7708"
"5,75 : 0.4875"
"75,5 : 0.4875"
"5,76 : 0.8732"
"76,5 : 0.8732"
"5,77 : 0.6648"
"77,5 : 0.6648"
"5,78 : 0.7931"
"78,5 : 0.7931"
"5,79 : 0.5818"
"79,5 : 0.5818"
"5,80 : 0.5604"
"80,5 : 0.5604"
"5,81 : 0.3437"
"81,5 : 0.3437"
"5,82 : 0.912"
"82,5 : 0.912"
"5,83 : 0.7779"
"83,5 : 0.7779"
"5,84 : 0.6531"
"84,5 : 0.6531"
"5,85 : 0.7531"
"85,5 : 0.7531"
"5,86 : 0.9071"
"86,5 : 0.9071"
"5,87 : 0.5814"
"87,5 : 0.5814"
"5,88 : 0.4478"
"88,5 : 0.4478"
"5,89 : 0.7245"
"89,5 : 0.7245"
"5,90 : 0.6316"
"90,5 : 0.6316"
"5,91 : 0.68"
"91,5 : 0.68"
"5,92 : 0.9603"
"92,5 : 0.9603"
"5,93 : 0.65"
"93,5 : 0.65"
"5,94 : 0.8964"
"94,5 : 0.8964"
"5,95 : 0.4904"
"95,5 : 0.4904"
"5,96 : 0.6727"
"96,5 : 0.6727"
"5,97 : 0.4176"
"97,5 : 0.4176"
"5,98 : 0.2907"
"98,5 : 0.2907"
"5,99 : 0.4808"
"99,5 : 0.4808"
"6,7 : 1.1"
"7,6 : 1.1"
"6,8 : 0.8406"
"8,6 : 0.8406"
"6,9 : 0.9311"
"9,6 : 0.9311"
"6,10 : 0.8764"
"10,6 : 0.8764"
"6,11 : 0.2236"
"11,6 : 0.2236"
"6,12 : 1.3014"
"12,6 : 1.3014"
"6,13 : 0.5001"
"13,6 : 0.5001"
"6,14 : 0.5657"
"14,6 : 0.5657"
"6,15 : 0.2648"
"15,6 : 0.2648"
"6,16 : 0.487"
"16,6 : 0.487"
"6,17 : 0.436"
"17,6 : 0.436"
"6,18 : 0.6748"
"18,6 : 0.6748"
"6,19 : 0.3551"
"19,6 : 0.3551"
"6,20 : 0.7701"
"20,6 : 0.7701"
"6,21 : 0.3561"
"21,6 : 0.3561"
"6,22 : 0.9872"
"22,6 : 0.9872"
"6,23 : 0.8335"
"23,6 : 0.8335"
"6,24 : 0.8491"
"24,6 : 0.8491"
"6,25 : 0.4205"
"25,6 : 0.4205"
"6,26 : 0.5771"
"26,6 : 0.5771"
"6,27 : 0.8237"
"27,6 : 0.8237"
"6,28 : 0.8021"
"28,6 : 0.8021"
"6,29 : 0.4016"
"29,6 : 0.4016"
"6,30 : 0.4785"
"30,6 : 0.4785"
"6,31 : 0.408"
"31,6 : 0.408"
"6,32 : 0.637"
"32,6 : 0.637"
"6,33 : 0.5608"
"33,6 : 0.5608"
"6,34 : 0.7803"
"34,6 : 0.7803"
"6,35 : 0.872"
"35,6 : 0.872"
"6,36 : 0.3758"
"36,6 : 0.3758"
"6,37 : 0.3023"
"37,6 : 0.3023"
"6,38 : 0.9801"
"38,6 : 0.9801"
"6,39 : 0.5608"
"39,6 : 0.5608"
"6,40 : 0.9786"
"40,6 : 0.9786"
"6,41 : 1.2521"
"41,6 : 1.2521"
"6,42 : 0.7864"
"42,6 : 0.7864"
"6,43 : 0.9101"
"43,6 : 0.9101"
"6,44 : 0.7569"
"44,6 : 0.7569"
"6,45 : 0.9714"
"45,6 : 0.9714"
"6,46 : 1.2243"
"46,6 : 1.2243"
"6,47 : 0.85"
"47,6 : 0.85"
"6,48 : 0.5903"
"48,6 : 0.5903"
"6,49 : 1.2384"
"49,6 : 1.2384"
"6,50 : 1.1107"
"50,6 : 1.1107"
"6,51 : 1.2446"
"51,6 : 1.2446"
"6,52 : 0.2402"
"52,6 : 0.2402"
"6,53 : 0.1118"
"53,6 : 0.1118"
"6,54 : 0.9409"
"54,6 : 0.9409"
"6,55 : 0.4579"
"55,6 : 0.4579"
"6,56 : 0.8683"
"56,6 : 0.8683"
"6,57 : 0.728"
"57,6 : 0.728"
"6,58 : 0.4405"
"58,6 : 0.4405"
"6,59 : 0.05"
"59,6 : 0.05"
"6,60 : 0.9168"
"60,6 : 0.9168"
"6,61 : 0.8792"
"61,6 : 0.8792"
"6,62 : 0.2563"
"62,6 : 0.2563"
"6,63 : 0.4317"
"63,6 : 0.4317"
"6,64 : 0.968"
"64,6 : 0.968"
"6,65 : 1.287"
"65,6 : 1.287"
"6,66 : 0.95"
"66,6 : 0.95"
"6,67 : 0.7409"
"67,6 : 0.7409"
"6,68 : 0.522"
"68,6 : 0.522"
"6,69 : 0.0224"
"69,6 : 0.0224"
"6,70 : 0.9928"
"70,6 : 0.9928"
"6,71 : 0.0849"
"71,6 : 0.0849"
"6,72 : 0.5408"
"72,6 : 0.5408"
"6,73 : 0.6946"
"73,6 : 0.6946"
"6,74 : 0.3662"
"74,6 : 0.3662"
"6,75 : 0.9415"
"75,6 : 0.9415"
"6,76 : 0.9055"
"76,6 : 0.9055"
"6,77 : 0.5048"
"77,6 : 0.5048"
"6,78 : 0.9296"
"78,6 : 0.9296"
"6,79 : 0.5308"
"79,6 : 0.5308"
"6,80 : 0.589"
"80,6 : 0.589"
"6,81 : 0.908"
"81,6 : 0.908"
"6,82 : 0.6601"
"82,6 : 0.6601"
"6,83 : 0.4025"
"83,6 : 0.4025"
"6,84 : 0.9398"
"84,6 : 0.9398"
"6,85 : 0.494"
"85,6 : 0.494"
"6,86 : 0.821"
"86,6 : 0.821"
"6,87 : 0.6648"
"87,6 : 0.6648"
"6,88 : 0.9319"
"88,6 : 0.9319"
"6,89 : 0.4244"
"89,6 : 0.4244"
"6,90 : 0.9155"
"90,6 : 0.9155"
"6,91 : 0.6"
"91,6 : 0.6"
"6,92 : 0.7406"
"92,6 : 0.7406"
"6,93 : 0.9082"
"93,6 : 0.9082"
"6,94 : 0.2236"
"94,6 : 0.2236"
"6,95 : 1.0582"
"95,6 : 1.0582"
"6,96 : 0.5371"
"96,6 : 0.5371"
"6,97 : 0.8246"
"97,6 : 0.8246"
"6,98 : 0.8839"
"98,6 : 0.8839"
"6,99 : 0.8713"
"99,6 : 0.8713"
"7,8 : 0.4329"
"8,7 : 0.4329"
"7,9 : 0.5349"
"9,7 : 0.5349"
"7,10 : 0.6552"
"10,7 : 0.6552"
"7,11 : 1.0198"
"11,7 : 1.0198"
"7,12 : 0.2807"
"12,7 : 0.2807"
"7,13 : 0.7529"
"13,7 : 0.7529"
"7,14 : 0.6624"
"14,7 : 0.6624"
"7,15 : 0.9426"
"15,7 : 0.9426"
"7,16 : 0.7473"
"16,7 : 0.7473"
"7,17 : 0.6932"
"17,7 : 0.6932"
"7,18 : 0.8001"
"18,7 : 0.8001"
"7,19 : 0.8006"
"19,7 : 0.8006"
"7,20 : 0.8968"
"20,7 : 0.8968"
"7,21 : 0.744"
"21,7 : 0.744"
"7,22 : 0.2693"
"22,7 : 0.2693"
"7,23 : 0.4639"
"23,7 : 0.4639"
"7,24 : 0.264"
"24,7 : 0.264"
"7,25 : 0.8929"
"25,7 : 0.8929"
"7,26 : 0.6488"
"26,7 : 0.6488"
"7,27 : 0.3053"
"27,7 : 0.3053"
"7,28 : 0.2983"
"28,7 : 0.2983"
"7,29 : 0.8006"
"29,7 : 0.8006"
"7,30 : 0.7084"
"30,7 : 0.7084"
"7,31 : 0.692"
"31,7 : 0.692"
"7,32 : 0.4701"
"32,7 : 0.4701"
"7,33 : 0.5408"
"33,7 : 0.5408"
"7,34 : 0.4801"
"34,7 : 0.4801"
"7,35 : 0.3622"
"35,7 : 0.3622"
"7,36 : 0.7359"
"36,7 : 0.7359"
"7,37 : 0.7981"
"37,7 : 0.7981"
"7,38 : 0.327"
"38,7 : 0.327"
"7,39 : 0.5449"
"39,7 : 0.5449"
"7,40 : 0.577"
"40,7 : 0.577"
"7,41 : 0.2508"
"41,7 : 0.2508"
"7,42 : 0.7892"
"42,7 : 0.7892"
"7,43 : 0.6507"
"43,7 : 0.6507"
"7,44 : 0.3764"
"44,7 : 0.3764"
"7,45 : 0.5951"
"45,7 : 0.5951"
"7,46 : 0.2452"
"46,7 : 0.2452"
"7,47 : 0.5315"
"47,7 : 0.5315"
"7,48 : 0.5315"
"48,7 : 0.5315"
"7,49 : 0.2532"
"49,7 : 0.2532"
"7,50 : 0.1921"
"50,7 : 0.1921"
"7,51 : 0.2302"
"51,7 : 0.2302"
"7,52 : 0.9841"
"52,7 : 0.9841"
"7,53 : 1.0012"
"53,7 : 1.0012"
"7,54 : 0.7026"
"54,7 : 0.7026"
"7,55 : 0.6946"
"55,7 : 0.6946"
"7,56 : 0.2332"
"56,7 : 0.2332"
"7,57 : 0.4472"
"57,7 : 0.4472"
"7,58 : 0.9265"
"58,7 : 0.9265"
"7,59 : 1.0707"
"59,7 : 1.0707"
"7,60 : 0.6989"
"60,7 : 0.6989"
"7,61 : 0.3734"
"61,7 : 0.3734"
"7,62 : 0.8947"
"62,7 : 0.8947"
"7,63 : 0.7247"
"63,7 : 0.7247"
"7,64 : 0.3808"
"64,7 : 0.3808"
"7,65 : 0.2608"
"65,7 : 0.2608"
"7,66 : 0.3257"
"66,7 : 0.3257"
"7,67 : 0.4338"
"67,7 : 0.4338"
"7,68 : 0.7203"
"68,7 : 0.7203"
"7,69 : 1.12"
"69,7 : 1.12"
"7,70 : 0.4965"
"70,7 : 0.4965"
"7,71 : 1.1152"
"71,7 : 1.1152"
"7,72 : 0.9179"
"72,7 : 0.9179"
"7,73 : 0.5334"
"73,7 : 0.5334"
"7,74 : 0.7606"
"74,7 : 0.7606"
"7,75 : 0.4272"
"75,7 : 0.4272"
"7,76 : 0.8161"
"76,7 : 0.8161"
"7,77 : 0.6462"
"77,7 : 0.6462"
"7,78 : 0.7339"
"78,7 : 0.7339"
"7,79 : 0.5745"
"79,7 : 0.5745"
"7,80 : 0.5423"
"80,7 : 0.5423"
"7,81 : 0.4001"
"81,7 : 0.4001"
"7,82 : 0.87"
"82,7 : 0.87"
"7,83 : 0.7616"
"83,7 : 0.7616"
"7,84 : 0.5924"
"84,7 : 0.5924"
"7,85 : 0.728"
"85,7 : 0.728"
"7,86 : 0.8551"
"86,7 : 0.8551"
"7,87 : 0.6203"
"87,7 : 0.6203"
"7,88 : 0.389"
"88,7 : 0.389"
"7,89 : 0.7111"
"89,7 : 0.7111"
"7,90 : 0.5725"
"90,7 : 0.5725"
"7,91 : 0.7169"
"91,7 : 0.7169"
"7,92 : 0.9135"
"92,7 : 0.9135"
"7,93 : 0.5914"
"93,7 : 0.5914"
"7,94 : 0.9055"
"94,7 : 0.9055"
"7,95 : 0.422"
"95,7 : 0.422"
"7,96 : 0.6485"
"96,7 : 0.6485"
"7,97 : 0.4669"
"97,7 : 0.4669"
"7,98 : 0.2532"
"98,7 : 0.2532"
"7,99 : 0.4276"
"99,7 : 0.4276"
"8,9 : 0.1565"
"9,8 : 0.1565"
"8,10 : 0.2385"
"10,8 : 0.2385"
"8,11 : 0.693"
"11,8 : 0.693"
"8,12 : 0.5054"
"12,8 : 0.5054"
"8,13 : 0.7018"
"13,8 : 0.7018"
"8,14 : 0.6395"
"14,8 : 0.6395"
"8,15 : 0.7834"
"15,8 : 0.7834"
"8,16 : 0.3829"
"16,8 : 0.3829"
"8,17 : 0.4071"
"17,8 : 0.4071"
"8,18 : 0.3722"
"18,8 : 0.3722"
"8,19 : 0.6576"
"19,8 : 0.6576"
"8,20 : 0.4639"
"20,8 : 0.4639"
"8,21 : 0.5187"
"21,8 : 0.5187"
"8,22 : 0.1868"
"22,8 : 0.1868"
"8,23 : 0.0316"
"23,8 : 0.0316"
"8,24 : 0.3748"
"24,8 : 0.3748"
"8,25 : 0.5187"
"25,8 : 0.5187"
"8,26 : 0.6315"
"26,8 : 0.6315"
"8,27 : 0.4111"
"27,8 : 0.4111"
"8,28 : 0.3124"
"28,8 : 0.3124"
"8,29 : 0.4597"
"29,8 : 0.4597"
"8,30 : 0.3688"
"30,8 : 0.3688"
"8,31 : 0.4851"
"31,8 : 0.4851"
"8,32 : 0.2807"
"32,8 : 0.2807"
"8,33 : 0.3506"
"33,8 : 0.3506"
"8,34 : 0.064"
"34,8 : 0.064"
"8,35 : 0.0707"
"35,8 : 0.0707"
"8,36 : 0.5609"
"36,8 : 0.5609"
"8,37 : 0.5758"
"37,8 : 0.5758"
"8,38 : 0.1526"
"38,8 : 0.1526"
"8,39 : 0.4211"
"39,8 : 0.4211"
"8,40 : 0.2193"
"40,8 : 0.2193"
"8,41 : 0.4562"
"41,8 : 0.4562"
"8,42 : 0.3569"
"42,8 : 0.3569"
"8,43 : 0.8376"
"43,8 : 0.8376"
"8,44 : 0.1746"
"44,8 : 0.1746"
"8,45 : 0.2283"
"45,8 : 0.2283"
"8,46 : 0.4249"
"46,8 : 0.4249"
"8,47 : 0.6989"
"47,8 : 0.6989"
"8,48 : 0.4571"
"48,8 : 0.4571"
"8,49 : 0.4383"
"49,8 : 0.4383"
"8,50 : 0.3257"
"50,8 : 0.3257"
"8,51 : 0.4569"
"51,8 : 0.4569"
"8,52 : 0.6576"
"52,8 : 0.6576"
"8,53 : 0.7295"
"53,8 : 0.7295"
"8,54 : 0.8959"
"54,8 : 0.8959"
"8,55 : 0.3828"
"55,8 : 0.3828"
"8,56 : 0.286"
"56,8 : 0.286"
"8,57 : 0.5054"
"57,8 : 0.5054"
"8,58 : 0.542"
"58,8 : 0.542"
"8,59 : 0.7988"
"59,8 : 0.7988"
"8,60 : 0.2921"
"60,8 : 0.2921"
"8,61 : 0.5664"
"61,8 : 0.5664"
"8,62 : 0.592"
"62,8 : 0.592"
"8,63 : 0.6107"
"63,8 : 0.6107"
"8,64 : 0.1281"
"64,8 : 0.1281"
"8,65 : 0.4966"
"65,8 : 0.4966"
"8,66 : 0.13"
"66,8 : 0.13"
"8,67 : 0.5012"
"67,8 : 0.5012"
"8,68 : 0.3483"
"68,8 : 0.3483"
"8,69 : 0.8628"
"69,8 : 0.8628"
"8,70 : 0.1803"
"70,8 : 0.1803"
"8,71 : 0.8262"
"71,8 : 0.8262"
"8,72 : 0.5092"
"72,8 : 0.5092"
"8,73 : 0.1487"
"73,8 : 0.1487"
"8,74 : 0.4751"
"74,8 : 0.4751"
"8,75 : 0.1044"
"75,8 : 0.1044"
"8,76 : 0.3982"
"76,8 : 0.3982"
"8,77 : 0.3362"
"77,8 : 0.3362"
"8,78 : 0.328"
"78,8 : 0.328"
"8,79 : 0.3551"
"79,8 : 0.3551"
"8,80 : 0.2693"
"80,8 : 0.2693"
"8,81 : 0.6155"
"81,8 : 0.6155"
"8,82 : 0.4428"
"82,8 : 0.4428"
"8,83 : 0.442"
"83,8 : 0.442"
"8,84 : 0.2081"
"84,8 : 0.2081"
"8,85 : 0.368"
"85,8 : 0.368"
"8,86 : 0.4245"
"86,8 : 0.4245"
"8,87 : 0.6641"
"87,8 : 0.6641"
"8,88 : 0.0922"
"88,8 : 0.0922"
"8,89 : 0.4168"
"89,8 : 0.4168"
"8,90 : 0.178"
"90,8 : 0.178"
"8,91 : 0.7257"
"91,8 : 0.7257"
"8,92 : 0.4809"
"92,8 : 0.4809"
"8,93 : 0.191"
"93,8 : 0.191"
"8,94 : 0.7084"
"94,8 : 0.7084"
"8,95 : 0.2193"
"95,8 : 0.2193"
"8,96 : 0.3061"
"96,8 : 0.3061"
"8,97 : 0.6185"
"97,8 : 0.6185"
"8,98 : 0.2012"
"98,8 : 0.2012"
"8,99 : 0.0316"
"99,8 : 0.0316"
"9,10 : 0.1304"
"10,9 : 0.1304"
"9,11 : 0.7572"
"11,9 : 0.7572"
"9,12 : 0.5277"
"12,9 : 0.5277"
"9,13 : 0.8485"
"13,9 : 0.8485"
"9,14 : 0.7908"
"14,9 : 0.7908"
"9,15 : 0.908"
"15,9 : 0.908"
"9,16 : 0.4478"
"16,9 : 0.4478"
"9,17 : 0.5142"
"17,9 : 0.5142"
"9,18 : 0.3499"
"18,9 : 0.3499"
"9,19 : 0.7906"
"19,9 : 0.7906"
"9,20 : 0.3981"
"20,9 : 0.3981"
"9,21 : 0.6379"
"21,9 : 0.6379"
"9,22 : 0.2657"
"22,9 : 0.2657"
"9,23 : 0.136"
"23,9 : 0.136"
"9,24 : 0.525"
"24,9 : 0.525"
"9,25 : 0.5608"
"25,9 : 0.5608"
"9,26 : 0.7834"
"26,9 : 0.7834"
"9,27 : 0.564"
"27,9 : 0.564"
"9,28 : 0.4662"
"28,9 : 0.4662"
"9,29 : 0.5324"
"29,9 : 0.5324"
"9,30 : 0.4531"
"30,9 : 0.4531"
"9,31 : 0.612"
"31,9 : 0.612"
"9,32 : 0.4295"
"32,9 : 0.4295"
"9,33 : 0.4925"
"33,9 : 0.4925"
"9,34 : 0.1811"
"34,9 : 0.1811"
"9,35 : 0.2052"
"35,9 : 0.2052"
"9,36 : 0.6912"
"36,9 : 0.6912"
"9,37 : 0.6923"
"37,9 : 0.6923"
"9,38 : 0.2088"
"38,9 : 0.2088"
"9,39 : 0.5689"
"39,9 : 0.5689"
"9,40 : 0.0632"
"40,9 : 0.0632"
"9,41 : 0.4837"
"41,9 : 0.4837"
"9,42 : 0.2886"
"42,9 : 0.2886"
"9,43 : 0.9932"
"43,9 : 0.9932"
"9,44 : 0.3311"
"44,9 : 0.3311"
"9,45 : 0.0721"
"45,9 : 0.0721"
"9,46 : 0.4528"
"46,9 : 0.4528"
"9,47 : 0.8544"
"47,9 : 0.8544"
"9,48 : 0.6088"
"48,9 : 0.6088"
"9,49 : 0.4639"
"49,9 : 0.4639"
"9,50 : 0.3821"
"50,9 : 0.3821"
"9,51 : 0.4916"
"51,9 : 0.4916"
"9,52 : 0.724"
"52,9 : 0.724"
"9,53 : 0.8194"
"53,9 : 0.8194"
"9,54 : 1.0515"
"54,9 : 1.0515"
"9,55 : 0.4808"
"55,9 : 0.4808"
"9,56 : 0.4314"
"56,9 : 0.4314"
"9,57 : 0.6619"
"57,9 : 0.6619"
"9,58 : 0.5728"
"58,9 : 0.5728"
"9,59 : 0.8857"
"59,9 : 0.8857"
"9,60 : 0.1649"
"60,9 : 0.1649"
"9,61 : 0.7184"
"61,9 : 0.7184"
"9,62 : 0.6754"
"62,9 : 0.6754"
"9,63 : 0.7511"
"63,9 : 0.7511"
"9,64 : 0.1552"
"64,9 : 0.1552"
"9,65 : 0.5247"
"65,9 : 0.5247"
"9,66 : 0.2102"
"66,9 : 0.2102"
"9,67 : 0.6576"
"67,9 : 0.6576"
"9,68 : 0.4118"
"68,9 : 0.4118"
"9,69 : 0.9534"
"69,9 : 0.9534"
"9,70 : 0.0721"
"70,9 : 0.0721"
"9,71 : 0.9043"
"71,9 : 0.9043"
"9,72 : 0.514"
"72,9 : 0.514"
"9,73 : 0.2518"
"73,9 : 0.2518"
"9,74 : 0.5757"
"74,9 : 0.5757"
"9,75 : 0.1077"
"75,9 : 0.1077"
"9,76 : 0.2844"
"76,9 : 0.2844"
"9,77 : 0.4415"
"77,9 : 0.4415"
"9,78 : 0.1992"
"78,9 : 0.1992"
"9,79 : 0.4901"
"79,9 : 0.4901"
"9,80 : 0.4"
"80,9 : 0.4"
"9,81 : 0.7669"
"81,9 : 0.7669"
"9,82 : 0.4159"
"82,9 : 0.4159"
"9,83 : 0.5292"
"83,9 : 0.5292"
"9,84 : 0.0583"
"84,9 : 0.0583"
"9,85 : 0.4383"
"85,9 : 0.4383"
"9,86 : 0.3413"
"86,9 : 0.3413"
"9,87 : 0.8193"
"87,9 : 0.8193"
"9,88 : 0.1476"
"88,9 : 0.1476"
"9,89 : 0.5192"
"89,9 : 0.5192"
"9,90 : 0.04"
"90,9 : 0.04"
"9,91 : 0.878"
"91,9 : 0.878"
"9,92 : 0.4245"
"92,9 : 0.4245"
"9,93 : 0.06"
"93,9 : 0.06"
"9,94 : 0.8257"
"94,9 : 0.8257"
"9,95 : 0.1709"
"95,9 : 0.1709"
"9,96 : 0.3985"
"96,9 : 0.3985"
"9,97 : 0.7739"
"97,9 : 0.7739"
"9,98 : 0.3397"
"98,9 : 0.3397"
"9,99 : 0.136"
"99,9 : 0.136"
"10,11 : 0.6845"
"11,10 : 0.6845"
"10,12 : 0.6576"
"12,10 : 0.6576"
"10,13 : 0.8668"
"13,10 : 0.8668"
"10,14 : 0.8208"
"14,10 : 0.8208"
"10,15 : 0.8901"
"15,10 : 0.8901"
"10,16 : 0.3905"
"16,10 : 0.3905"
"10,17 : 0.4901"
"17,10 : 0.4901"
"10,18 : 0.2404"
"18,10 : 0.2404"
"10,19 : 0.7864"
"19,10 : 0.7864"
"10,20 : 0.2693"
"20,10 : 0.2693"
"10,21 : 0.6207"
"21,10 : 0.6207"
"10,22 : 0.3883"
"22,10 : 0.3883"
"10,23 : 0.2081"
"23,10 : 0.2081"
"10,24 : 0.6107"
"24,10 : 0.6107"
"10,25 : 0.4789"
"25,10 : 0.4789"
"10,26 : 0.8154"
"26,10 : 0.8154"
"10,27 : 0.6438"
"27,10 : 0.6438"
"10,28 : 0.5449"
"28,10 : 0.5449"
"10,29 : 0.4754"
"29,10 : 0.4754"
"10,30 : 0.4119"
"30,10 : 0.4119"
"10,31 : 0.6053"
"31,10 : 0.6053"
"10,32 : 0.4653"
"32,10 : 0.4653"
"10,33 : 0.5126"
"33,10 : 0.5126"
"10,34 : 0.2267"
"34,10 : 0.2267"
"10,35 : 0.3041"
"35,10 : 0.3041"
"10,36 : 0.6859"
"36,10 : 0.6859"
"10,37 : 0.67"
"37,10 : 0.67"
"10,38 : 0.3338"
"38,10 : 0.3338"
"10,39 : 0.5962"
"39,10 : 0.5962"
"10,40 : 0.1304"
"40,10 : 0.1304"
"10,41 : 0.614"
"41,10 : 0.614"
"10,42 : 0.1616"
"42,10 : 0.1616"
"10,43 : 1.0604"
"43,10 : 1.0604"
"10,44 : 0.3962"
"44,10 : 0.3962"
"10,45 : 0.114"
"45,10 : 0.114"
"10,46 : 0.5831"
"46,10 : 0.5831"
"10,47 : 0.9231"
"47,10 : 0.9231"
"10,48 : 0.644"
"48,10 : 0.644"
"10,49 : 0.5941"
"49,10 : 0.5941"
"10,50 : 0.5109"
"50,10 : 0.5109"
"10,51 : 0.622"
"51,10 : 0.622"
"10,52 : 0.6539"
"52,10 : 0.6539"
"10,53 : 0.7666"
"53,10 : 0.7666"
"10,54 : 1.1183"
"54,10 : 1.1183"
"10,55 : 0.4501"
"55,10 : 0.4501"
"10,56 : 0.5243"
"56,10 : 0.5243"
"10,57 : 0.722"
"57,10 : 0.722"
"10,58 : 0.4826"
"58,10 : 0.4826"
"10,59 : 0.8286"
"59,10 : 0.8286"
"10,60 : 0.0583"
"60,10 : 0.0583"
"10,61 : 0.7993"
"61,10 : 0.7993"
"10,62 : 0.621"
"62,10 : 0.621"
"10,63 : 0.7593"
"63,10 : 0.7593"
"10,64 : 0.2816"
"64,10 : 0.2816"
"10,65 : 0.6549"
"65,10 : 0.6549"
"10,66 : 0.3298"
"66,10 : 0.3298"
"10,67 : 0.7201"
"67,10 : 0.7201"
"10,68 : 0.3569"
"68,10 : 0.3569"
"10,69 : 0.8984"
"69,10 : 0.8984"
"10,70 : 0.1965"
"70,10 : 0.1965"
"10,71 : 0.8393"
"71,10 : 0.8393"
"10,72 : 0.4104"
"72,10 : 0.4104"
"10,73 : 0.26"
"73,10 : 0.26"
"10,74 : 0.5415"
"74,10 : 0.5415"
"10,75 : 0.2319"
"75,10 : 0.2319"
"10,76 : 0.1616"
"76,10 : 0.1616"
"10,77 : 0.4211"
"77,10 : 0.4211"
"10,78 : 0.0922"
"78,10 : 0.0922"
"10,79 : 0.5"
"79,10 : 0.5"
"10,80 : 0.4111"
"80,10 : 0.4111"
"10,81 : 0.849"
"81,10 : 0.849"
"10,82 : 0.3"
"82,10 : 0.3"
"10,83 : 0.4851"
"83,10 : 0.4851"
"10,84 : 0.0894"
"84,10 : 0.0894"
"10,85 : 0.3864"
"85,10 : 0.3864"
"10,86 : 0.211"
"86,10 : 0.211"
"10,87 : 0.8635"
"87,10 : 0.8635"
"10,88 : 0.2668"
"88,10 : 0.2668"
"10,89 : 0.4901"
"89,10 : 0.4901"
"10,90 : 0.0906"
"90,10 : 0.0906"
"10,91 : 0.91"
"91,10 : 0.91"
"10,92 : 0.2973"
"92,10 : 0.2973"
"10,93 : 0.0707"
"93,10 : 0.0707"
"10,94 : 0.8006"
"94,10 : 0.8006"
"10,95 : 0.2983"
"95,10 : 0.2983"
"10,96 : 0.3701"
"96,10 : 0.3701"
"10,97 : 0.8439"
"97,10 : 0.8439"
"10,98 : 0.4391"
"98,10 : 0.4391"
"10,99 : 0.2326"
"99,10 : 0.2326"
"11,12 : 1.1841"
"12,11 : 1.1841"
"11,13 : 0.5794"
"13,11 : 0.5794"
"11,14 : 0.6161"
"14,11 : 0.6161"
"11,15 : 0.4036"
"15,11 : 0.4036"
"11,16 : 0.3124"
"16,11 : 0.3124"
"11,17 : 0.327"
"17,11 : 0.327"
"11,18 : 0.4657"
"18,11 : 0.4657"
"11,19 : 0.4215"
"19,11 : 0.4215"
"11,20 : 0.5508"
"20,11 : 0.5508"
"11,21 : 0.32"
"21,11 : 0.32"
"11,22 : 0.8605"
"22,11 : 0.8605"
"11,23 : 0.6794"
"23,11 : 0.6794"
"11,24 : 0.794"
"24,11 : 0.794"
"11,25 : 0.2088"
"25,11 : 0.2088"
"11,26 : 0.6237"
"26,11 : 0.6237"
"11,27 : 0.781"
"27,11 : 0.781"
"11,28 : 0.7339"
"28,11 : 0.7339"
"11,29 : 0.2335"
"29,11 : 0.2335"
"11,30 : 0.3265"
"30,11 : 0.3265"
"11,31 : 0.3705"
"31,11 : 0.3705"
"11,32 : 0.5515"
"32,11 : 0.5515"
"11,33 : 0.4904"
"33,11 : 0.4904"
"11,34 : 0.6294"
"34,11 : 0.6294"
"11,35 : 0.7376"
"35,11 : 0.7376"
"11,36 : 0.3847"
"36,11 : 0.3847"
"11,37 : 0.2943"
"37,11 : 0.2943"
"11,38 : 0.8422"
"38,11 : 0.8422"
"11,39 : 0.5247"
"39,11 : 0.5247"
"11,40 : 0.7976"
"40,11 : 0.7976"
"11,41 : 1.1341"
"41,11 : 1.1341"
"11,42 : 0.5772"
"42,11 : 0.5772"
"11,43 : 0.9729"
"43,11 : 0.9729"
"11,44 : 0.65"
"44,11 : 0.65"
"11,45 : 0.7877"
"45,11 : 0.7877"
"11,46 : 1.1042"
"46,11 : 1.1042"
"11,47 : 0.8846"
"47,11 : 0.8846"
"11,48 : 0.5714"
"48,11 : 0.5714"
"11,49 : 1.1183"
"49,11 : 1.1183"
"11,50 : 0.994"
"50,11 : 0.994"
"11,51 : 1.13"
"51,11 : 1.13"
"11,52 : 0.0361"
"52,11 : 0.0361"
"11,53 : 0.15"
"53,11 : 0.15"
"11,54 : 1.0139"
"54,11 : 1.0139"
"11,55 : 0.3276"
"55,11 : 0.3276"
"11,56 : 0.7879"
"56,11 : 0.7879"
"11,57 : 0.7211"
"57,11 : 0.7211"
"11,58 : 0.2209"
"58,11 : 0.2209"
"11,59 : 0.1746"
"59,11 : 0.1746"
"11,60 : 0.7187"
"60,11 : 0.7187"
"11,61 : 0.8728"
"61,11 : 0.8728"
"11,62 : 0.1315"
"62,11 : 0.1315"
"11,63 : 0.4754"
"63,11 : 0.4754"
"11,64 : 0.8204"
"64,11 : 0.8204"
"11,65 : 1.172"
"65,11 : 1.172"
"11,66 : 0.8147"
"66,11 : 0.8147"
"11,67 : 0.7317"
"67,11 : 0.7317"
"11,68 : 0.3483"
"68,11 : 0.3483"
"11,69 : 0.2419"
"69,11 : 0.2419"
"11,70 : 0.8242"
"70,11 : 0.8242"
"11,71 : 0.1612"
"71,11 : 0.1612"
"11,72 : 0.3202"
"72,11 : 0.3202"
"11,73 : 0.5445"
"73,11 : 0.5445"
"11,74 : 0.2625"
"74,11 : 0.2625"
"11,75 : 0.7864"
"75,11 : 0.7864"
"11,76 : 0.6943"
"76,11 : 0.6943"
"11,77 : 0.3774"
"77,11 : 0.3774"
"11,78 : 0.7273"
"78,11 : 0.7273"
"11,79 : 0.4522"
"79,11 : 0.4522"
"11,80 : 0.4789"
"80,11 : 0.4789"
"11,81 : 0.9109"
"81,11 : 0.9109"
"11,82 : 0.4428"
"82,11 : 0.4428"
"11,83 : 0.2608"
"83,11 : 0.2608"
"11,84 : 0.7566"
"84,11 : 0.7566"
"11,85 : 0.3256"
"85,11 : 0.3256"
"11,86 : 0.6053"
"86,11 : 0.6053"
"11,87 : 0.7139"
"87,11 : 0.7139"
"11,88 : 0.7849"
"88,11 : 0.7849"
"11,89 : 0.3087"
"89,11 : 0.3087"
"11,90 : 0.7357"
"90,11 : 0.7357"
"11,91 : 0.6768"
"91,11 : 0.6768"
"11,92 : 0.5201"
"92,11 : 0.5201"
"11,93 : 0.7256"
"93,11 : 0.7256"
"11,94 : 0.3162"
"94,11 : 0.3162"
"11,95 : 0.9014"
"95,11 : 0.9014"
"11,96 : 0.3905"
"96,11 : 0.3905"
"11,97 : 0.8402"
"97,11 : 0.8402"
"11,98 : 0.7803"
"98,11 : 0.7803"
"11,99 : 0.7214"
"99,11 : 0.7214"
"12,13 : 1.0124"
"13,12 : 1.0124"
"12,14 : 0.9248"
"14,12 : 0.9248"
"12,15 : 1.1789"
"15,12 : 1.1789"
"12,16 : 0.882"
"16,12 : 0.882"
"12,17 : 0.8705"
"17,12 : 0.8705"
"12,18 : 0.8633"
"18,12 : 0.8633"
"12,19 : 1.0377"
"19,12 : 1.0377"
"12,20 : 0.9257"
"20,12 : 0.9257"
"12,21 : 0.9502"
"21,12 : 0.9502"
"12,22 : 0.3245"
"22,12 : 0.3245"
"12,23 : 0.528"
"23,12 : 0.528"
"12,24 : 0.522"
"24,12 : 0.522"
"12,25 : 1.0222"
"25,12 : 1.0222"
"12,26 : 0.9118"
"26,12 : 0.9118"
"12,27 : 0.5692"
"27,12 : 0.5692"
"12,28 : 0.5324"
"28,12 : 0.5324"
"12,29 : 0.9521"
"29,12 : 0.9521"
"12,30 : 0.858"
"30,12 : 0.858"
"12,31 : 0.9027"
"31,12 : 0.9027"
"12,32 : 0.6671"
"32,12 : 0.6671"
"12,33 : 0.7465"
"33,12 : 0.7465"
"12,34 : 0.5682"
"34,12 : 0.5682"
"12,35 : 0.4494"
"35,12 : 0.4494"
"12,36 : 0.9602"
"36,12 : 0.9602"
"12,37 : 1.0077"
"37,12 : 1.0077"
"12,38 : 0.3534"
"38,12 : 0.3534"
"12,39 : 0.7739"
"39,12 : 0.7739"
"12,40 : 0.5408"
"40,12 : 0.5408"
"12,41 : 0.05"
"41,12 : 0.05"
"12,42 : 0.8158"
"42,12 : 0.8158"
"12,43 : 0.9301"
"43,12 : 0.9301"
"12,44 : 0.5445"
"44,12 : 0.5445"
"12,45 : 0.5608"
"45,12 : 0.5608"
"12,46 : 0.0806"
"46,12 : 0.0806"
"12,47 : 0.8122"
"47,12 : 0.8122"
"12,48 : 0.7741"
"48,12 : 0.7741"
"12,49 : 0.0671"
"49,12 : 0.0671"
"12,50 : 0.191"
"50,12 : 0.191"
"12,51 : 0.0583"
"51,12 : 0.0583"
"12,52 : 1.1481"
"52,12 : 1.1481"
"12,53 : 1.195"
"53,12 : 1.195"
"12,54 : 0.9808"
"54,12 : 0.9808"
"12,55 : 0.8591"
"55,12 : 0.8591"
"12,56 : 0.4565"
"56,12 : 0.4565"
"12,57 : 0.7147"
"57,12 : 0.7147"
"12,58 : 1.0471"
"58,12 : 1.0471"
"12,59 : 1.2657"
"59,12 : 1.2657"
"12,60 : 0.6818"
"60,12 : 0.6818"
"12,61 : 0.6538"
"61,12 : 0.6538"
"12,62 : 1.0706"
"62,12 : 1.0706"
"12,63 : 0.9675"
"63,12 : 0.9675"
"12,64 : 0.3922"
"64,12 : 0.3922"
"12,65 : 0.02"
"65,12 : 0.02"
"12,66 : 0.3759"
"66,12 : 0.3759"
"12,67 : 0.7021"
"67,12 : 0.7021"
"12,68 : 0.8491"
"68,12 : 0.8491"
"12,69 : 1.3228"
"69,12 : 1.3228"
"12,70 : 0.4627"
"70,12 : 0.4627"
"12,71 : 1.3023"
"71,12 : 1.3023"
"12,72 : 1.0124"
"72,12 : 1.0124"
"12,73 : 0.6466"
"73,12 : 0.6466"
"12,74 : 0.9411"
"74,12 : 0.9411"
"12,75 : 0.4397"
"75,12 : 0.4397"
"12,76 : 0.801"
"76,12 : 0.801"
"12,77 : 0.8092"
"77,12 : 0.8092"
"12,78 : 0.7106"
"78,12 : 0.7106"
"12,79 : 0.7723"
"79,12 : 0.7723"
"12,80 : 0.7145"
"80,12 : 0.7145"
"12,81 : 0.6807"
"81,12 : 0.6807"
"12,82 : 0.933"
"82,12 : 0.933"
"12,83 : 0.9246"
"83,12 : 0.9246"
"12,84 : 0.5731"
"84,12 : 0.5731"
"12,85 : 0.8653"
"85,12 : 0.8653"
"12,86 : 0.8683"
"86,12 : 0.8683"
"12,87 : 0.8929"
"87,12 : 0.8929"
"12,88 : 0.4215"
"88,12 : 0.4215"
"12,89 : 0.8853"
"89,12 : 0.8853"
"12,90 : 0.5672"
"90,12 : 0.5672"
"12,91 : 0.9867"
"91,12 : 0.9867"
"12,92 : 0.9513"
"92,12 : 0.9513"
"12,93 : 0.5869"
"93,12 : 0.5869"
"12,94 : 1.128"
"94,12 : 1.128"
"12,95 : 0.3612"
"95,12 : 0.3612"
"12,96 : 0.794"
"96,12 : 0.794"
"12,97 : 0.7467"
"97,12 : 0.7467"
"12,98 : 0.4187"
"98,12 : 0.4187"
"12,99 : 0.4833"
"99,12 : 0.4833"
"13,14 : 0.0922"
"14,13 : 0.0922"
"13,15 : 0.2474"
"15,13 : 0.2474"
"13,16 : 0.564"
"16,13 : 0.564"
"13,17 : 0.4162"
"17,13 : 0.4162"
"13,18 : 0.7823"
"18,13 : 0.7823"
"13,19 : 0.1581"
"19,13 : 0.1581"
"13,20 : 0.9153"
"20,13 : 0.9153"
"13,21 : 0.3041"
"21,13 : 0.3041"
"13,22 : 0.7612"
"22,13 : 0.7612"
