x,y
0.2,0.31
0.43,0.88
0.78,0.99
0.37,0.12
0.47,0.38
0.68,0.95
0.85,0.04
0.87,0.49
0.54,0.5
0.88,0.86
0.92,0.64
0.77,0.97
0.49,0.13
0.02,0.51
0.08,0.4
0.16,0.19
0.37,0.5
0.55,0.84
0.02,0.74
0.97,0.19
0.31,0.53
0.06,0.47
0.44,0.24
0.37,0.89
0.38,0.96
0.89,0.33
0.82,0.94
0.19,0.86
0.51,0.16
0.0,0.18
0.36,0.34
0.15,0.82
0.59,0.44
0.91,0.05
0.89,0.41
0.65,0.33
0.89,0.53
0.75,0.84
0.61,0.53
0.79,0.95
0.35,0.72
0.47,0.85
0.77,1.0
0.51,0.47
0.18,0.57
0.13,0.33
0.32,0.07
0.61,0.31
0.26,0.25
0.6,0.85
0.17,0.82
0.35,0.87
0.22,0.85
0.05,0.04
0.15,0.82
0.7,0.01
0.14,0.73
0.3,0.57
0.91,0.1
0.59,0.82
0.75,0.01
0.54,0.66
0.53,1.0
0.25,0.19
0.42,0.2
0.16,0.2
0.47,0.99
0.09,0.13
0.89,0.63
0.53,0.47
0.81,0.45
0.09,0.36
0.7,0.71
0.78,0.62
0.59,0.41
0.11,0.17
0.55,0.83
0.52,0.86
0.35,0.51
0.31,0.11
0.71,0.11
0.37,0.97
0.35,0.12
0.34,0.26
0.22,0.4
0.69,0.64
0.71,0.69
0.37,0.23
0.19,0.95
0.77,0.23
0.53,0.81
0.78,0.72
0.48,0.68
0.46,0.33
0.49,0.58
0.29,0.53
0.96,0.58
0.25,0.02
0.07,0.99
0.75,0.95

Distanze
"0,1 : 0.6147"
"1,0 : 0.6147"
"0,2 : 0.8938"
"2,0 : 0.8938"
"0,3 : 0.255"
"3,0 : 0.255"
"0,4 : 0.2789"
"4,0 : 0.2789"
"0,5 : 0.8"
"5,0 : 0.8"
"0,6 : 0.7038"
"6,0 : 0.7038"
"0,7 : 0.6938"
"7,0 : 0.6938"
"0,8 : 0.3895"
"8,0 : 0.3895"
"0,9 : 0.8746"
"9,0 : 0.8746"
"0,10 : 0.792"
"10,0 : 0.792"
"0,11 : 0.8721"
"11,0 : 0.8721"
"0,12 : 0.3413"
"12,0 : 0.3413"
"0,13 : 0.2691"
"13,0 : 0.2691"
"0,14 : 0.15"
"14,0 : 0.15"
"0,15 : 0.1265"
"15,0 : 0.1265"
"0,16 : 0.255"
"16,0 : 0.255"
"0,17 : 0.6351"
"17,0 : 0.6351"
"0,18 : 0.4662"
"18,0 : 0.4662"
"0,19 : 0.7793"
"19,0 : 0.7793"
"0,20 : 0.246"
"20,0 : 0.246"
"0,21 : 0.2126"
"21,0 : 0.2126"
"0,22 : 0.25"
"22,0 : 0.25"
"0,23 : 0.6044"
"23,0 : 0.6044"
"0,24 : 0.6745"
"24,0 : 0.6745"
"0,25 : 0.6903"
"25,0 : 0.6903"
"0,26 : 0.8839"
"26,0 : 0.8839"
"0,27 : 0.5501"
"27,0 : 0.5501"
"0,28 : 0.3444"
"28,0 : 0.3444"
"0,29 : 0.2385"
"29,0 : 0.2385"
"0,30 : 0.1628"
"30,0 : 0.1628"
"0,31 : 0.5124"
"31,0 : 0.5124"
"0,32 : 0.4111"
"32,0 : 0.4111"
"0,33 : 0.7561"
"33,0 : 0.7561"
"0,34 : 0.6972"
"34,0 : 0.6972"
"0,35 : 0.4504"
"35,0 : 0.4504"
"0,36 : 0.7242"
"36,0 : 0.7242"
"0,37 : 0.7638"
"37,0 : 0.7638"
"0,38 : 0.4653"
"38,0 : 0.4653"
"0,39 : 0.8705"
"39,0 : 0.8705"
"0,40 : 0.4366"
"40,0 : 0.4366"
"0,41 : 0.6037"
"41,0 : 0.6037"
"0,42 : 0.895"
"42,0 : 0.895"
"0,43 : 0.3489"
"43,0 : 0.3489"
"0,44 : 0.2608"
"44,0 : 0.2608"
"0,45 : 0.0728"
"45,0 : 0.0728"
"0,46 : 0.2683"
"46,0 : 0.2683"
"0,47 : 0.41"
"47,0 : 0.41"
"0,48 : 0.0849"
"48,0 : 0.0849"
"0,49 : 0.672"
"49,0 : 0.672"
"0,50 : 0.5109"
"50,0 : 0.5109"
"0,51 : 0.5797"
"51,0 : 0.5797"
"0,52 : 0.5404"
"52,0 : 0.5404"
"0,53 : 0.3089"
"53,0 : 0.3089"
"0,54 : 0.5124"
"54,0 : 0.5124"
"0,55 : 0.5831"
"55,0 : 0.5831"
"0,56 : 0.4243"
"56,0 : 0.4243"
"0,57 : 0.2786"
"57,0 : 0.2786"
"0,58 : 0.7404"
"58,0 : 0.7404"
"0,59 : 0.642"
"59,0 : 0.642"
"0,60 : 0.6265"
"60,0 : 0.6265"
"0,61 : 0.488"
"61,0 : 0.488"
"0,62 : 0.7649"
"62,0 : 0.7649"
"0,63 : 0.13"
"63,0 : 0.13"
"0,64 : 0.246"
"64,0 : 0.246"
"0,65 : 0.117"
"65,0 : 0.117"
"0,66 : 0.7316"
"66,0 : 0.7316"
"0,67 : 0.211"
"67,0 : 0.211"
"0,68 : 0.7606"
"68,0 : 0.7606"
"0,69 : 0.3667"
"69,0 : 0.3667"
"0,70 : 0.6259"
"70,0 : 0.6259"
"0,71 : 0.1208"
"71,0 : 0.1208"
"0,72 : 0.6403"
"72,0 : 0.6403"
"0,73 : 0.6576"
"73,0 : 0.6576"
"0,74 : 0.4026"
"74,0 : 0.4026"
"0,75 : 0.1664"
"75,0 : 0.1664"
"0,76 : 0.6268"
"76,0 : 0.6268"
"0,77 : 0.6363"
"77,0 : 0.6363"
"0,78 : 0.25"
"78,0 : 0.25"
"0,79 : 0.2283"
"79,0 : 0.2283"
"0,80 : 0.5478"
"80,0 : 0.5478"
"0,81 : 0.6815"
"81,0 : 0.6815"
"0,82 : 0.2421"
"82,0 : 0.2421"
"0,83 : 0.1487"
"83,0 : 0.1487"
"0,84 : 0.0922"
"84,0 : 0.0922"
"0,85 : 0.5908"
"85,0 : 0.5908"
"0,86 : 0.636"
"86,0 : 0.636"
"0,87 : 0.1879"
"87,0 : 0.1879"
"0,88 : 0.6401"
"88,0 : 0.6401"
"0,89 : 0.5756"
"89,0 : 0.5756"
"0,90 : 0.5991"
"90,0 : 0.5991"
"0,91 : 0.7103"
"91,0 : 0.7103"
"0,92 : 0.464"
"92,0 : 0.464"
"0,93 : 0.2608"
"93,0 : 0.2608"
"0,94 : 0.3962"
"94,0 : 0.3962"
"0,95 : 0.2377"
"95,0 : 0.2377"
"0,96 : 0.8065"
"96,0 : 0.8065"
"0,97 : 0.2943"
"97,0 : 0.2943"
"0,98 : 0.6923"
"98,0 : 0.6923"
"0,99 : 0.8439"
"99,0 : 0.8439"
"1,2 : 0.3669"
"2,1 : 0.3669"
"1,3 : 0.7624"
"3,1 : 0.7624"
"1,4 : 0.5016"
"4,1 : 0.5016"
"1,5 : 0.2596"
"5,1 : 0.2596"
"1,6 : 0.9391"
"6,1 : 0.9391"
"1,7 : 0.588"
"7,1 : 0.588"
"1,8 : 0.3956"
"8,1 : 0.3956"
"1,9 : 0.4504"
"9,1 : 0.4504"
"1,10 : 0.5456"
"10,1 : 0.5456"
"1,11 : 0.3517"
"11,1 : 0.3517"
"1,12 : 0.7524"
"12,1 : 0.7524"
"1,13 : 0.5523"
"13,1 : 0.5523"
"1,14 : 0.5941"
"14,1 : 0.5941"
"1,15 : 0.7409"
"15,1 : 0.7409"
"1,16 : 0.3847"
"16,1 : 0.3847"
"1,17 : 0.1265"
"17,1 : 0.1265"
"1,18 : 0.4332"
"18,1 : 0.4332"
"1,19 : 0.8762"
"19,1 : 0.8762"
"1,20 : 0.37"
"20,1 : 0.37"
"1,21 : 0.5523"
"21,1 : 0.5523"
"1,22 : 0.6401"
"22,1 : 0.6401"
"1,23 : 0.0608"
"23,1 : 0.0608"
"1,24 : 0.0943"
"24,1 : 0.0943"
"1,25 : 0.717"
"25,1 : 0.717"
"1,26 : 0.3946"
"26,1 : 0.3946"
"1,27 : 0.2408"
"27,1 : 0.2408"
"1,28 : 0.7244"
"28,1 : 0.7244"
"1,29 : 0.8215"
"29,1 : 0.8215"
"1,30 : 0.5445"
"30,1 : 0.5445"
"1,31 : 0.2864"
"31,1 : 0.2864"
"1,32 : 0.4682"
"32,1 : 0.4682"
"1,33 : 0.9588"
"33,1 : 0.9588"
"1,34 : 0.6576"
"34,1 : 0.6576"
"1,35 : 0.5924"
"35,1 : 0.5924"
"1,36 : 0.578"
"36,1 : 0.578"
"1,37 : 0.3225"
"37,1 : 0.3225"
"1,38 : 0.3936"
"38,1 : 0.3936"
"1,39 : 0.3667"
"39,1 : 0.3667"
"1,40 : 0.1789"
"40,1 : 0.1789"
"1,41 : 0.05"
"41,1 : 0.05"
"1,42 : 0.3606"
"42,1 : 0.3606"
"1,43 : 0.4177"
"43,1 : 0.4177"
"1,44 : 0.3982"
"44,1 : 0.3982"
"1,45 : 0.6265"
"45,1 : 0.6265"
"1,46 : 0.8174"
"46,1 : 0.8174"
"1,47 : 0.5977"
"47,1 : 0.5977"
"1,48 : 0.6525"
"48,1 : 0.6525"
"1,49 : 0.1726"
"49,1 : 0.1726"
"1,50 : 0.2668"
"50,1 : 0.2668"
"1,51 : 0.0806"
"51,1 : 0.0806"
"1,52 : 0.2121"
"52,1 : 0.2121"
"1,53 : 0.922"
"53,1 : 0.922"
"1,54 : 0.2864"
"54,1 : 0.2864"
"1,55 : 0.9109"
"55,1 : 0.9109"
"1,56 : 0.3265"
"56,1 : 0.3265"
"1,57 : 0.3362"
"57,1 : 0.3362"
"1,58 : 0.9159"
"58,1 : 0.9159"
"1,59 : 0.1709"
"59,1 : 0.1709"
"1,60 : 0.927"
"60,1 : 0.927"
"1,61 : 0.246"
"61,1 : 0.246"
"1,62 : 0.1562"
"62,1 : 0.1562"
"1,63 : 0.7131"
"63,1 : 0.7131"
"1,64 : 0.6801"
"64,1 : 0.6801"
"1,65 : 0.7316"
"65,1 : 0.7316"
"1,66 : 0.117"
"66,1 : 0.117"
"1,67 : 0.8235"
"67,1 : 0.8235"
"1,68 : 0.5235"
"68,1 : 0.5235"
"1,69 : 0.422"
"69,1 : 0.422"
"1,70 : 0.5738"
"70,1 : 0.5738"
"1,71 : 0.6213"
"71,1 : 0.6213"
"1,72 : 0.3191"
"72,1 : 0.3191"
"1,73 : 0.436"
"73,1 : 0.436"
"1,74 : 0.4965"
"74,1 : 0.4965"
"1,75 : 0.7788"
"75,1 : 0.7788"
"1,76 : 0.13"
"76,1 : 0.13"
"1,77 : 0.0922"
"77,1 : 0.0922"
"1,78 : 0.3785"
"78,1 : 0.3785"
"1,79 : 0.7793"
"79,1 : 0.7793"
"1,80 : 0.8193"
"80,1 : 0.8193"
"1,81 : 0.1082"
"81,1 : 0.1082"
"1,82 : 0.7642"
"82,1 : 0.7642"
"1,83 : 0.6265"
"83,1 : 0.6265"
"1,84 : 0.5239"
"84,1 : 0.5239"
"1,85 : 0.3538"
"85,1 : 0.3538"
"1,86 : 0.3384"
"86,1 : 0.3384"
"1,87 : 0.6528"
"87,1 : 0.6528"
"1,88 : 0.25"
"88,1 : 0.25"
"1,89 : 0.7336"
"89,1 : 0.7336"
"1,90 : 0.1221"
"90,1 : 0.1221"
"1,91 : 0.3848"
"91,1 : 0.3848"
"1,92 : 0.2062"
"92,1 : 0.2062"
"1,93 : 0.5508"
"93,1 : 0.5508"
"1,94 : 0.3059"
"94,1 : 0.3059"
"1,95 : 0.377"
"95,1 : 0.377"
"1,96 : 0.609"
"96,1 : 0.609"
"1,97 : 0.8786"
"97,1 : 0.8786"
"1,98 : 0.3764"
"98,1 : 0.3764"
"1,99 : 0.3276"
"99,1 : 0.3276"
"2,3 : 0.9618"
"3,2 : 0.9618"
"2,4 : 0.6843"
"4,2 : 0.6843"
"2,5 : 0.1077"
"5,2 : 0.1077"
"2,6 : 0.9526"
"6,2 : 0.9526"
"2,7 : 0.508"
"7,2 : 0.508"
"2,8 : 0.5456"
"8,2 : 0.5456"
"2,9 : 0.164"
"9,2 : 0.164"
"2,10 : 0.377"
"10,2 : 0.377"
"2,11 : 0.0224"
"11,2 : 0.0224"
"2,12 : 0.9076"
"12,2 : 0.9076"
"2,13 : 0.8989"
"13,2 : 0.8989"
"2,14 : 0.9155"
"14,2 : 0.9155"
"2,15 : 1.0121"
"15,2 : 1.0121"
"2,16 : 0.6389"
"16,2 : 0.6389"
"2,17 : 0.2746"
"17,2 : 0.2746"
"2,18 : 0.8001"
"18,2 : 0.8001"
"2,19 : 0.8223"
"19,2 : 0.8223"
"2,20 : 0.6576"
"20,2 : 0.6576"
"2,21 : 0.8881"
"21,2 : 0.8881"
"2,22 : 0.8235"
"22,2 : 0.8235"
"2,23 : 0.422"
"23,2 : 0.422"
"2,24 : 0.4011"
"24,2 : 0.4011"
"2,25 : 0.6691"
"25,2 : 0.6691"
"2,26 : 0.064"
"26,2 : 0.064"
"2,27 : 0.6042"
"27,2 : 0.6042"
"2,28 : 0.8728"
"28,2 : 0.8728"
"2,29 : 1.1245"
"29,2 : 1.1245"
"2,30 : 0.7739"
"30,2 : 0.7739"
"2,31 : 0.6525"
"31,2 : 0.6525"
"2,32 : 0.5819"
"32,2 : 0.5819"
"2,33 : 0.9489"
"33,2 : 0.9489"
"2,34 : 0.5903"
"34,2 : 0.5903"
"2,35 : 0.6727"
"35,2 : 0.6727"
"2,36 : 0.473"
"36,2 : 0.473"
"2,37 : 0.153"
"37,2 : 0.153"
"2,38 : 0.4904"
"38,2 : 0.4904"
"2,39 : 0.0412"
"39,2 : 0.0412"
"2,40 : 0.5077"
"40,2 : 0.5077"
"2,41 : 0.3401"
"41,2 : 0.3401"
"2,42 : 0.0141"
"42,2 : 0.0141"
"2,43 : 0.5859"
"43,2 : 0.5859"
"2,44 : 0.7324"
"44,2 : 0.7324"
"2,45 : 0.9263"
"45,2 : 0.9263"
"2,46 : 1.0286"
"46,2 : 1.0286"
"2,47 : 0.7009"
"47,2 : 0.7009"
"2,48 : 0.9044"
"48,2 : 0.9044"
"2,49 : 0.228"
"49,2 : 0.228"
"2,50 : 0.6332"
"50,2 : 0.6332"
"2,51 : 0.4464"
"51,2 : 0.4464"
"2,52 : 0.5772"
"52,2 : 0.5772"
"2,53 : 1.1981"
"53,2 : 1.1981"
"2,54 : 0.6525"
"54,2 : 0.6525"
"2,55 : 0.9833"
"55,2 : 0.9833"
"2,56 : 0.6908"
"56,2 : 0.6908"
"2,57 : 0.6378"
"57,2 : 0.6378"
"2,58 : 0.8994"
"58,2 : 0.8994"
"2,59 : 0.255"
"59,2 : 0.255"
"2,60 : 0.9805"
"60,2 : 0.9805"
"2,61 : 0.408"
"61,2 : 0.408"
"2,62 : 0.2502"
"62,2 : 0.2502"
"2,63 : 0.9596"
"63,2 : 0.9596"
"2,64 : 0.8682"
"64,2 : 0.8682"
"2,65 : 1.0042"
"65,2 : 1.0042"
"2,66 : 0.31"
"66,2 : 0.31"
"2,67 : 1.1026"
"67,2 : 1.1026"
"2,68 : 0.3764"
"68,2 : 0.3764"
"2,69 : 0.577"
"69,2 : 0.577"
"2,70 : 0.5408"
"70,2 : 0.5408"
"2,71 : 0.9343"
"71,2 : 0.9343"
"2,72 : 0.2912"
"72,2 : 0.2912"
"2,73 : 0.37"
"73,2 : 0.37"
"2,74 : 0.6103"
"74,2 : 0.6103"
"2,75 : 1.0589"
"75,2 : 1.0589"
"2,76 : 0.2802"
"76,2 : 0.2802"
"2,77 : 0.2907"
"77,2 : 0.2907"
"2,78 : 0.6444"
"78,2 : 0.6444"
"2,79 : 0.9976"
"79,2 : 0.9976"
"2,80 : 0.8828"
"80,2 : 0.8828"
"2,81 : 0.4105"
"81,2 : 0.4105"
"2,82 : 0.9705"
"82,2 : 0.9705"
"2,83 : 0.8523"
"83,2 : 0.8523"
"2,84 : 0.8134"
"84,2 : 0.8134"
"2,85 : 0.3614"
"85,2 : 0.3614"
"2,86 : 0.3081"
"86,2 : 0.3081"
"2,87 : 0.8635"
"87,2 : 0.8635"
"2,88 : 0.5914"
"88,2 : 0.5914"
"2,89 : 0.7601"
"89,2 : 0.7601"
"2,90 : 0.3081"
"90,2 : 0.3081"
"2,91 : 0.27"
"91,2 : 0.27"
"2,92 : 0.4314"
"92,2 : 0.4314"
"2,93 : 0.7335"
"93,2 : 0.7335"
"2,94 : 0.5022"
"94,2 : 0.5022"
"2,95 : 0.6721"
"95,2 : 0.6721"
"2,96 : 0.4478"
"96,2 : 0.4478"
"2,97 : 1.1054"
"97,2 : 1.1054"
"2,98 : 0.71"
"98,2 : 0.71"
"2,99 : 0.05"
"99,2 : 0.05"
"3,4 : 0.2786"
"4,3 : 0.2786"
"3,5 : 0.886"
"5,3 : 0.886"
"3,6 : 0.4866"
"6,3 : 0.4866"
"3,7 : 0.622"
"7,3 : 0.622"
"3,8 : 0.4163"
"8,3 : 0.4163"
"3,9 : 0.8987"
"9,3 : 0.8987"
"3,10 : 0.7569"
"10,3 : 0.7569"
"3,11 : 0.9394"
"11,3 : 0.9394"
"3,12 : 0.1204"
"12,3 : 0.1204"
"3,13 : 0.524"
"13,3 : 0.524"
"3,14 : 0.4031"
"14,3 : 0.4031"
"3,15 : 0.2214"
"15,3 : 0.2214"
"3,16 : 0.38"
"16,3 : 0.38"
"3,17 : 0.7422"
"17,3 : 0.7422"
"3,18 : 0.712"
"18,3 : 0.712"
"3,19 : 0.6041"
"19,3 : 0.6041"
"3,20 : 0.4144"
"20,3 : 0.4144"
"3,21 : 0.4675"
"21,3 : 0.4675"
"3,22 : 0.1389"
"22,3 : 0.1389"
"3,23 : 0.77"
"23,3 : 0.77"
"3,24 : 0.8401"
"24,3 : 0.8401"
"3,25 : 0.5608"
"25,3 : 0.5608"
"3,26 : 0.9354"
"26,3 : 0.9354"
"3,27 : 0.7616"
"27,3 : 0.7616"
"3,28 : 0.1456"
"28,3 : 0.1456"
"3,29 : 0.3748"
"29,3 : 0.3748"
"3,30 : 0.2202"
"30,3 : 0.2202"
"3,31 : 0.7338"
"31,3 : 0.7338"
"3,32 : 0.3883"
"32,3 : 0.3883"
"3,33 : 0.5445"
"33,3 : 0.5445"
"3,34 : 0.5954"
"34,3 : 0.5954"
"3,35 : 0.35"
"35,3 : 0.35"
"3,36 : 0.6622"
"36,3 : 0.6622"
"3,37 : 0.8141"
"37,3 : 0.8141"
"3,38 : 0.4751"
"38,3 : 0.4751"
"3,39 : 0.9302"
"39,3 : 0.9302"
"3,40 : 0.6003"
"40,3 : 0.6003"
"3,41 : 0.7368"
"41,3 : 0.7368"
"3,42 : 0.9666"
"42,3 : 0.9666"
"3,43 : 0.377"
"43,3 : 0.377"
"3,44 : 0.4885"
"44,3 : 0.4885"
"3,45 : 0.3189"
"45,3 : 0.3189"
"3,46 : 0.0707"
"46,3 : 0.0707"
"3,47 : 0.3061"
"47,3 : 0.3061"
"3,48 : 0.1703"
"48,3 : 0.1703"
"3,49 : 0.7654"
"49,3 : 0.7654"
"3,50 : 0.728"
"50,3 : 0.728"
"3,51 : 0.7503"
"51,3 : 0.7503"
"3,52 : 0.7453"
"52,3 : 0.7453"
"3,53 : 0.3298"
"53,3 : 0.3298"
"3,54 : 0.7338"
"54,3 : 0.7338"
"3,55 : 0.3479"
"55,3 : 0.3479"
"3,56 : 0.6519"
"56,3 : 0.6519"
"3,57 : 0.4554"
"57,3 : 0.4554"
"3,58 : 0.5404"
"58,3 : 0.5404"
"3,59 : 0.7338"
"59,3 : 0.7338"
"3,60 : 0.3956"
"60,3 : 0.3956"
"3,61 : 0.5661"
"61,3 : 0.5661"
"3,62 : 0.8944"
"62,3 : 0.8944"
"3,63 : 0.1389"
"63,3 : 0.1389"
"3,64 : 0.0943"
"64,3 : 0.0943"
"3,65 : 0.2247"
"65,3 : 0.2247"
"3,66 : 0.8757"
"66,3 : 0.8757"
"3,67 : 0.2802"
"67,3 : 0.2802"
"3,68 : 0.7284"
"68,3 : 0.7284"
"3,69 : 0.3848"
"69,3 : 0.3848"
"3,70 : 0.55"
"70,3 : 0.55"
"3,71 : 0.3688"
"71,3 : 0.3688"
"3,72 : 0.676"
"72,3 : 0.676"
"3,73 : 0.6466"
"73,3 : 0.6466"
"3,74 : 0.364"
"74,3 : 0.364"
"3,75 : 0.2648"
"75,3 : 0.2648"
"3,76 : 0.7325"
"76,3 : 0.7325"
"3,77 : 0.755"
"77,3 : 0.755"
"3,78 : 0.3905"
"78,3 : 0.3905"
"3,79 : 0.0608"
"79,3 : 0.0608"
"3,80 : 0.3401"
"80,3 : 0.3401"
"3,81 : 0.85"
"81,3 : 0.85"
"3,82 : 0.02"
"82,3 : 0.02"
"3,83 : 0.1432"
"83,3 : 0.1432"
"3,84 : 0.3176"
"84,3 : 0.3176"
"3,85 : 0.6106"
"85,3 : 0.6106"
"3,86 : 0.6637"
"86,3 : 0.6637"
"3,87 : 0.11"
"87,3 : 0.11"
"3,88 : 0.8493"
"88,3 : 0.8493"
"3,89 : 0.4148"
"89,3 : 0.4148"
"3,90 : 0.7083"
"90,3 : 0.7083"
"3,91 : 0.7267"
"91,3 : 0.7267"
"3,92 : 0.5707"
"92,3 : 0.5707"
"3,93 : 0.2285"
"93,3 : 0.2285"
"3,94 : 0.4754"
"94,3 : 0.4754"
"3,95 : 0.4177"
"95,3 : 0.4177"
"3,96 : 0.7481"
"96,3 : 0.7481"
"3,97 : 0.1562"
"97,3 : 0.1562"
"3,98 : 0.9203"
"98,3 : 0.9203"
"3,99 : 0.9129"
"99,3 : 0.9129"
"4,5 : 0.6075"
"5,4 : 0.6075"
"4,6 : 0.5099"
"6,4 : 0.5099"
"4,7 : 0.4148"
"7,4 : 0.4148"
"4,8 : 0.1389"
"8,4 : 0.1389"
"4,9 : 0.6313"
"9,4 : 0.6313"
"4,10 : 0.5197"
"10,4 : 0.5197"
"4,11 : 0.6619"
"11,4 : 0.6619"
"4,12 : 0.2508"
"12,4 : 0.2508"
"4,13 : 0.4684"
"13,4 : 0.4684"
"4,14 : 0.3905"
"14,4 : 0.3905"
"4,15 : 0.3636"
"15,4 : 0.3636"
"4,16 : 0.1562"
"16,4 : 0.1562"
"4,17 : 0.4669"
"17,4 : 0.4669"
"4,18 : 0.5763"
"18,4 : 0.5763"
"4,19 : 0.5349"
"19,4 : 0.5349"
"4,20 : 0.2193"
"20,4 : 0.2193"
"4,21 : 0.4198"
"21,4 : 0.4198"
"4,22 : 0.1432"
"22,4 : 0.1432"
"4,23 : 0.5197"
"23,4 : 0.5197"
"4,24 : 0.5869"
"24,4 : 0.5869"
"4,25 : 0.423"
"25,4 : 0.423"
"4,26 : 0.6604"
"26,4 : 0.6604"
"4,27 : 0.5557"
"27,4 : 0.5557"
"4,28 : 0.2236"
"28,4 : 0.2236"
"4,29 : 0.5108"
"29,4 : 0.5108"
"4,30 : 0.117"
"30,4 : 0.117"
"4,31 : 0.5441"
"31,4 : 0.5441"
"4,32 : 0.1342"
"32,4 : 0.1342"
"4,33 : 0.55"
"33,4 : 0.55"
"4,34 : 0.4211"
"34,4 : 0.4211"
"4,35 : 0.1868"
"35,4 : 0.1868"
"4,36 : 0.446"
"36,4 : 0.446"
"4,37 : 0.5385"
"37,4 : 0.5385"
"4,38 : 0.2052"
"38,4 : 0.2052"
"4,39 : 0.6537"
"39,4 : 0.6537"
"4,40 : 0.3606"
"40,4 : 0.3606"
"4,41 : 0.47"
"41,4 : 0.47"
"4,42 : 0.6888"
"42,4 : 0.6888"
"4,43 : 0.0985"
"43,4 : 0.0985"
"4,44 : 0.3467"
"44,4 : 0.3467"
"4,45 : 0.3437"
"45,4 : 0.3437"
"4,46 : 0.3444"
"46,4 : 0.3444"
"4,47 : 0.1565"
"47,4 : 0.1565"
"4,48 : 0.247"
"48,4 : 0.247"
"4,49 : 0.4876"
"49,4 : 0.4876"
"4,50 : 0.5325"
"50,4 : 0.5325"
"4,51 : 0.5045"
"51,4 : 0.5045"
"4,52 : 0.5324"
"52,4 : 0.5324"
"4,53 : 0.5404"
"53,4 : 0.5404"
"4,54 : 0.5441"
"54,4 : 0.5441"
"4,55 : 0.4357"
"55,4 : 0.4357"
"4,56 : 0.481"
"56,4 : 0.481"
"4,57 : 0.255"
"57,4 : 0.255"
"4,58 : 0.5215"
"58,4 : 0.5215"
"4,59 : 0.4561"
"59,4 : 0.4561"
"4,60 : 0.464"
"60,4 : 0.464"
"4,61 : 0.2886"
"61,4 : 0.2886"
"4,62 : 0.6229"
"62,4 : 0.6229"
"4,63 : 0.2907"
"63,4 : 0.2907"
"4,64 : 0.1868"
"64,4 : 0.1868"
"4,65 : 0.3585"
"65,4 : 0.3585"
"4,66 : 0.61"
"66,4 : 0.61"
"4,67 : 0.4549"
"67,4 : 0.4549"
"4,68 : 0.4888"
"68,4 : 0.4888"
"4,69 : 0.1082"
"69,4 : 0.1082"
"4,70 : 0.3471"
"70,4 : 0.3471"
"4,71 : 0.3805"
"71,4 : 0.3805"
"4,72 : 0.4022"
"72,4 : 0.4022"
"4,73 : 0.392"
"73,4 : 0.392"
"4,74 : 0.1237"
"74,4 : 0.1237"
"4,75 : 0.4168"
"75,4 : 0.4168"
"4,76 : 0.4571"
"76,4 : 0.4571"
"4,77 : 0.4826"
"77,4 : 0.4826"
"4,78 : 0.1769"
"78,4 : 0.1769"
"4,79 : 0.3138"
"79,4 : 0.3138"
"4,80 : 0.3612"
"80,4 : 0.3612"
"4,81 : 0.5984"
"81,4 : 0.5984"
"4,82 : 0.2864"
"82,4 : 0.2864"
"4,83 : 0.1769"
"83,4 : 0.1769"
"4,84 : 0.2508"
"84,4 : 0.2508"
"4,85 : 0.3406"
"85,4 : 0.3406"
"4,86 : 0.392"
"86,4 : 0.392"
"4,87 : 0.1803"
"87,4 : 0.1803"
"4,88 : 0.6351"
"88,4 : 0.6351"
"4,89 : 0.3354"
"89,4 : 0.3354"
"4,90 : 0.4342"
"90,4 : 0.4342"
"4,91 : 0.4601"
"91,4 : 0.4601"
"4,92 : 0.3002"
"92,4 : 0.3002"
"4,93 : 0.051"
"93,4 : 0.051"
"4,94 : 0.201"
"94,4 : 0.201"
"4,95 : 0.2343"
"95,4 : 0.2343"
"4,96 : 0.5292"
"96,4 : 0.5292"
"4,97 : 0.4219"
"97,4 : 0.4219"
"4,98 : 0.7295"
"98,4 : 0.7295"
"4,99 : 0.6351"
"99,4 : 0.6351"
"5,6 : 0.9257"
"6,5 : 0.9257"
"5,7 : 0.4977"
"7,5 : 0.4977"
"5,8 : 0.4713"
"8,5 : 0.4713"
"5,9 : 0.2193"
"9,5 : 0.2193"
"5,10 : 0.392"
"10,5 : 0.392"
"5,11 : 0.0922"
"11,5 : 0.0922"
"5,12 : 0.8417"
"12,5 : 0.8417"
"5,13 : 0.7932"
"13,5 : 0.7932"
"5,14 : 0.8139"
"14,5 : 0.8139"
"5,15 : 0.9209"
"15,5 : 0.9209"
"5,16 : 0.5464"
"16,5 : 0.5464"
"5,17 : 0.1703"
"17,5 : 0.1703"
"5,18 : 0.6926"
"18,5 : 0.6926"
"5,19 : 0.8134"
"19,5 : 0.8134"
"5,20 : 0.5597"
"20,5 : 0.5597"
"5,21 : 0.7841"
"21,5 : 0.7841"
"5,22 : 0.7495"
"22,5 : 0.7495"
"5,23 : 0.3158"
"23,5 : 0.3158"
"5,24 : 0.3002"
"24,5 : 0.3002"
"5,25 : 0.6546"
"25,5 : 0.6546"
"5,26 : 0.1404"
"26,5 : 0.1404"
"5,27 : 0.4982"
"27,5 : 0.4982"
"5,28 : 0.8081"
"28,5 : 0.8081"
"5,29 : 1.0273"
"29,5 : 1.0273"
"5,30 : 0.6888"
"30,5 : 0.6888"
"5,31 : 0.5457"
"31,5 : 0.5457"
"5,32 : 0.5179"
"32,5 : 0.5179"
"5,33 : 0.9289"
"33,5 : 0.9289"
"5,34 : 0.5794"
"34,5 : 0.5794"
"5,35 : 0.6207"
"35,5 : 0.6207"
"5,36 : 0.4696"
"36,5 : 0.4696"
"5,37 : 0.1304"
"37,5 : 0.1304"
"5,38 : 0.4258"
"38,5 : 0.4258"
"5,39 : 0.11"
"39,5 : 0.11"
"5,40 : 0.4022"
"40,5 : 0.4022"
"5,41 : 0.2326"
"41,5 : 0.2326"
"5,42 : 0.103"
"42,5 : 0.103"
"5,43 : 0.5092"
"43,5 : 0.5092"
"5,44 : 0.628"
"44,5 : 0.628"
"5,45 : 0.8288"
"45,5 : 0.8288"
"5,46 : 0.9508"
"46,5 : 0.9508"
"5,47 : 0.6438"
"47,5 : 0.6438"
"5,48 : 0.8163"
"48,5 : 0.8163"
"5,49 : 0.1281"
"49,5 : 0.1281"
"5,50 : 0.5263"
"50,5 : 0.5263"
"5,51 : 0.3396"
"51,5 : 0.3396"
"5,52 : 0.4707"
"52,5 : 0.4707"
"5,53 : 1.1068"
"53,5 : 1.1068"
"5,54 : 0.5457"
"54,5 : 0.5457"
"5,55 : 0.9402"
"55,5 : 0.9402"
"5,56 : 0.5831"
"56,5 : 0.5831"
"5,57 : 0.5374"
"57,5 : 0.5374"
"5,58 : 0.8806"
"58,5 : 0.8806"
"5,59 : 0.1581"
"59,5 : 0.1581"
"5,60 : 0.9426"
"60,5 : 0.9426"
"5,61 : 0.322"
"61,5 : 0.322"
"5,62 : 0.1581"
"62,5 : 0.1581"
"5,63 : 0.8732"
"63,5 : 0.8732"
"5,64 : 0.7938"
"64,5 : 0.7938"
"5,65 : 0.9126"
"65,5 : 0.9126"
"5,66 : 0.2138"
"66,5 : 0.2138"
"5,67 : 1.0102"
"67,5 : 1.0102"
"5,68 : 0.3828"
"68,5 : 0.3828"
"5,69 : 0.5029"
"69,5 : 0.5029"
"5,70 : 0.5166"
"70,5 : 0.5166"
"5,71 : 0.8344"
"71,5 : 0.8344"
"5,72 : 0.2408"
"72,5 : 0.2408"
"5,73 : 0.3448"
"73,5 : 0.3448"
"5,74 : 0.5474"
"74,5 : 0.5474"
"5,75 : 0.9661"
"75,5 : 0.9661"
"5,76 : 0.1769"
"76,5 : 0.1769"
"5,77 : 0.1836"
"77,5 : 0.1836"
"5,78 : 0.55"
"78,5 : 0.55"
"5,79 : 0.9179"
"79,5 : 0.9179"
"5,80 : 0.8405"
"80,5 : 0.8405"
"5,81 : 0.3106"
"81,5 : 0.3106"
"5,82 : 0.8932"
"82,5 : 0.8932"
"5,83 : 0.7692"
"83,5 : 0.7692"
"5,84 : 0.717"
"84,5 : 0.717"
"5,85 : 0.3102"
"85,5 : 0.3102"
"5,86 : 0.2617"
"86,5 : 0.2617"
"5,87 : 0.7839"
"87,5 : 0.7839"
"5,88 : 0.49"
"88,5 : 0.49"
"5,89 : 0.7256"
"89,5 : 0.7256"
"5,90 : 0.2052"
"90,5 : 0.2052"
"5,91 : 0.2508"
"91,5 : 0.2508"
"5,92 : 0.336"
"92,5 : 0.336"
"5,93 : 0.6579"
"93,5 : 0.6579"
"5,94 : 0.4159"
"94,5 : 0.4159"
"5,95 : 0.5731"
"95,5 : 0.5731"
"5,96 : 0.464"
"96,5 : 0.464"
"5,97 : 1.0246"
"97,5 : 1.0246"
"5,98 : 0.6113"
"98,5 : 0.6113"
"5,99 : 0.07"
"99,5 : 0.07"
"6,7 : 0.4504"
"7,6 : 0.4504"
"6,8 : 0.5547"
"8,6 : 0.5547"
"6,9 : 0.8205"
"9,6 : 0.8205"
"6,10 : 0.6041"
"10,6 : 0.6041"
"6,11 : 0.9334"
"11,6 : 0.9334"
"6,12 : 0.3711"
"12,6 : 0.3711"
"6,13 : 0.9538"
"13,6 : 0.9538"
"6,14 : 0.85"
"14,6 : 0.85"
"6,15 : 0.7061"
"15,6 : 0.7061"
"6,16 : 0.6648"
"16,6 : 0.6648"
"6,17 : 0.8544"
"17,6 : 0.8544"
"6,18 : 1.0858"
"18,6 : 1.0858"
"6,19 : 0.1921"
"19,6 : 0.1921"
"6,20 : 0.7292"
"20,6 : 0.7292"
"6,21 : 0.8994"
"21,6 : 0.8994"
"6,22 : 0.4562"
"22,6 : 0.4562"
"6,23 : 0.9762"
"23,6 : 0.9762"
"6,24 : 1.0331"
"24,6 : 1.0331"
"6,25 : 0.2927"
"25,6 : 0.2927"
"6,26 : 0.9005"
"26,6 : 0.9005"
"6,27 : 1.0526"
"27,6 : 1.0526"
"6,28 : 0.3606"
"28,6 : 0.3606"
"6,29 : 0.8615"
"29,6 : 0.8615"
"6,30 : 0.5745"
"30,6 : 0.5745"
"6,31 : 1.048"
"31,6 : 1.048"
"6,32 : 0.4771"
"32,6 : 0.4771"
"6,33 : 0.0608"
"33,6 : 0.0608"
"6,34 : 0.3722"
"34,6 : 0.3722"
"6,35 : 0.3523"
"35,6 : 0.3523"
"6,36 : 0.4916"
"36,6 : 0.4916"
"6,37 : 0.8062"
"37,6 : 0.8062"
"6,38 : 0.5456"
"38,6 : 0.5456"
"6,39 : 0.912"
"39,6 : 0.912"
"6,40 : 0.844"
"40,6 : 0.844"
"6,41 : 0.8947"
"41,6 : 0.8947"
"6,42 : 0.9633"
"42,6 : 0.9633"
"6,43 : 0.5482"
"43,6 : 0.5482"
"6,44 : 0.8543"
"44,6 : 0.8543"
"6,45 : 0.7762"
"45,6 : 0.7762"
"6,46 : 0.5308"
"46,6 : 0.5308"
"6,47 : 0.3612"
"47,6 : 0.3612"
"6,48 : 0.6263"
"48,6 : 0.6263"
"6,49 : 0.8477"
"49,6 : 0.8477"
"6,50 : 1.0348"
"50,6 : 1.0348"
"6,51 : 0.969"
"51,6 : 0.969"
"6,52 : 1.0262"
"52,6 : 1.0262"
"6,53 : 0.8"
"53,6 : 0.8"
"6,54 : 1.048"
"54,6 : 1.048"
"6,55 : 0.153"
"55,6 : 0.153"
"6,56 : 0.9901"
"56,6 : 0.9901"
"6,57 : 0.7638"
"57,6 : 0.7638"
"6,58 : 0.0849"
"58,6 : 0.0849"
"6,59 : 0.8222"
"59,6 : 0.8222"
"6,60 : 0.1044"
"60,6 : 0.1044"
"6,61 : 0.6932"
"61,6 : 0.6932"
"6,62 : 1.0119"
"62,6 : 1.0119"
"6,63 : 0.6185"
"63,6 : 0.6185"
"6,64 : 0.4588"
"64,6 : 0.4588"
"6,65 : 0.7083"
"65,6 : 0.7083"
"6,66 : 1.0232"
"66,6 : 1.0232"
"6,67 : 0.7653"
"67,6 : 0.7653"
"6,68 : 0.5914"
"68,6 : 0.5914"
"6,69 : 0.536"
"69,6 : 0.536"
"6,70 : 0.4119"
"70,6 : 0.4119"
"6,71 : 0.8246"
"71,6 : 0.8246"
"6,72 : 0.6866"
"72,6 : 0.6866"
"6,73 : 0.5842"
"73,6 : 0.5842"
"6,74 : 0.4522"
"74,6 : 0.4522"
"6,75 : 0.7513"
"75,6 : 0.7513"
"6,76 : 0.845"
"76,6 : 0.845"
"6,77 : 0.8839"
"77,6 : 0.8839"
"6,78 : 0.6862"
"78,6 : 0.6862"
"6,79 : 0.5445"
"79,6 : 0.5445"
"6,80 : 0.1565"
"80,6 : 0.1565"
"6,81 : 1.0466"
"81,6 : 1.0466"
"6,82 : 0.5064"
"82,6 : 0.5064"
"6,83 : 0.5554"
"83,6 : 0.5554"
"6,84 : 0.7256"
"84,6 : 0.7256"
"6,85 : 0.621"
"85,6 : 0.621"
"6,86 : 0.6649"
"86,6 : 0.6649"
"6,87 : 0.5162"
"87,6 : 0.5162"
"6,88 : 1.1241"
"88,6 : 1.1241"
"6,89 : 0.2062"
"89,6 : 0.2062"
"6,90 : 0.8338"
"90,6 : 0.8338"
"6,91 : 0.6836"
"91,6 : 0.6836"
"6,92 : 0.7393"
"92,6 : 0.7393"
"6,93 : 0.486"
"93,6 : 0.486"
"6,94 : 0.649"
"94,6 : 0.649"
"6,95 : 0.7441"
"95,6 : 0.7441"
"6,96 : 0.5511"
"96,6 : 0.5511"
"6,97 : 0.6003"
"97,6 : 0.6003"
"6,98 : 1.2292"
"98,6 : 1.2292"
"6,99 : 0.9155"
"99,6 : 0.9155"
"7,8 : 0.3302"
"8,7 : 0.3302"
"7,9 : 0.3701"
"9,7 : 0.3701"
"7,10 : 0.1581"
"10,7 : 0.1581"
"7,11 : 0.4903"
"11,7 : 0.4903"
"7,12 : 0.5235"
"12,7 : 0.5235"
"7,13 : 0.8502"
"13,7 : 0.8502"
"7,14 : 0.7951"
"14,7 : 0.7951"
"7,15 : 0.7708"
"15,7 : 0.7708"
"7,16 : 0.5001"
"16,7 : 0.5001"
"7,17 : 0.4742"
"17,7 : 0.4742"
"7,18 : 0.886"
"18,7 : 0.886"
"7,19 : 0.3162"
"19,7 : 0.3162"
"7,20 : 0.5614"
"20,7 : 0.5614"
"7,21 : 0.8102"
"21,7 : 0.8102"
"7,22 : 0.4974"
"22,7 : 0.4974"
"7,23 : 0.6403"
"23,7 : 0.6403"
"7,24 : 0.679"
"24,7 : 0.679"
"7,25 : 0.1612"
"25,7 : 0.1612"
"7,26 : 0.4528"
"26,7 : 0.4528"
"7,27 : 0.7741"
"27,7 : 0.7741"
"7,28 : 0.4884"
"28,7 : 0.4884"
"7,29 : 0.9236"
"29,7 : 0.9236"
"7,30 : 0.5316"
"30,7 : 0.5316"
"7,31 : 0.792"
"31,7 : 0.792"
"7,32 : 0.2844"
"32,7 : 0.2844"
"7,33 : 0.4418"
"33,7 : 0.4418"
"7,34 : 0.0825"
"34,7 : 0.0825"
"7,35 : 0.272"
"35,7 : 0.272"
"7,36 : 0.0447"
"36,7 : 0.0447"
"7,37 : 0.37"
"37,7 : 0.37"
"7,38 : 0.2631"
"38,7 : 0.2631"
"7,39 : 0.4669"
"39,7 : 0.4669"
"7,40 : 0.5686"
"40,7 : 0.5686"
"7,41 : 0.5381"
"41,7 : 0.5381"
"7,42 : 0.5197"
"42,7 : 0.5197"
"7,43 : 0.3606"
"43,7 : 0.3606"
"7,44 : 0.6946"
"44,7 : 0.6946"
"7,45 : 0.7571"
"45,7 : 0.7571"
"7,46 : 0.692"
"46,7 : 0.692"
"7,47 : 0.3162"
"47,7 : 0.3162"
"7,48 : 0.6555"
"48,7 : 0.6555"
"7,49 : 0.45"
"49,7 : 0.45"
"7,50 : 0.7739"
"50,7 : 0.7739"
"7,51 : 0.644"
"51,7 : 0.644"
"7,52 : 0.743"
"52,7 : 0.743"
"7,53 : 0.9354"
"53,7 : 0.9354"
"7,54 : 0.792"
"54,7 : 0.792"
"7,55 : 0.5092"
"55,7 : 0.5092"
"7,56 : 0.7684"
"56,7 : 0.7684"
"7,57 : 0.5756"
"57,7 : 0.5756"
"7,58 : 0.392"
"58,7 : 0.392"
"7,59 : 0.4328"
"59,7 : 0.4328"
"7,60 : 0.4948"
"60,7 : 0.4948"
"7,61 : 0.3712"
"61,7 : 0.3712"
"7,62 : 0.6129"
"62,7 : 0.6129"
"7,63 : 0.6888"
"63,7 : 0.6888"
"7,64 : 0.5354"
"64,7 : 0.5354"
"7,65 : 0.7669"
"65,7 : 0.7669"
"7,66 : 0.6403"
"66,7 : 0.6403"
"7,67 : 0.8591"
"67,7 : 0.8591"
"7,68 : 0.1414"
"68,7 : 0.1414"
"7,69 : 0.3406"
"69,7 : 0.3406"
"7,70 : 0.0721"
"70,7 : 0.0721"
"7,71 : 0.7908"
"71,7 : 0.7908"
"7,72 : 0.278"
"72,7 : 0.278"
"7,73 : 0.1581"
"73,7 : 0.1581"
"7,74 : 0.2912"
"74,7 : 0.2912"
"7,75 : 0.8246"
"75,7 : 0.8246"
"7,76 : 0.4669"
"76,7 : 0.4669"
"7,77 : 0.5093"
"77,7 : 0.5093"
"7,78 : 0.5204"
"78,7 : 0.5204"
"7,79 : 0.6768"
"79,7 : 0.6768"
"7,80 : 0.4123"
"80,7 : 0.4123"
"7,81 : 0.6931"
"81,7 : 0.6931"
"7,82 : 0.6382"
"82,7 : 0.6382"
"7,83 : 0.5778"
"83,7 : 0.5778"
"7,84 : 0.6562"
"84,7 : 0.6562"
"7,85 : 0.2343"
"85,7 : 0.2343"
"7,86 : 0.2561"
"86,7 : 0.2561"
"7,87 : 0.5636"
"87,7 : 0.5636"
"7,88 : 0.821"
"88,7 : 0.821"
"7,89 : 0.2786"
"89,7 : 0.2786"
"7,90 : 0.4669"
"90,7 : 0.4669"
"7,91 : 0.247"
"91,7 : 0.247"
"7,92 : 0.4338"
"92,7 : 0.4338"
"7,93 : 0.4401"
"93,7 : 0.4401"
"7,94 : 0.3905"
"94,7 : 0.3905"
"7,95 : 0.5814"
"95,7 : 0.5814"
"7,96 : 0.1273"
"96,7 : 0.1273"
"7,97 : 0.778"
"97,7 : 0.778"
"7,98 : 0.9434"
"98,7 : 0.9434"
"7,99 : 0.4754"
"99,7 : 0.4754"
"8,9 : 0.4952"
"9,8 : 0.4952"
"8,10 : 0.405"
"10,8 : 0.405"
"8,11 : 0.5233"
"11,8 : 0.5233"
"8,12 : 0.3734"
"12,8 : 0.3734"
"8,13 : 0.5201"
"13,8 : 0.5201"
"8,14 : 0.4707"
"14,8 : 0.4707"
"8,15 : 0.4904"
"15,8 : 0.4904"
"8,16 : 0.17"
"16,8 : 0.17"
"8,17 : 0.3401"
"17,8 : 0.3401"
"8,18 : 0.5727"
"18,8 : 0.5727"
"8,19 : 0.5301"
"19,8 : 0.5301"
"8,20 : 0.2319"
"20,8 : 0.2319"
"8,21 : 0.4809"
"21,8 : 0.4809"
"8,22 : 0.2786"
"22,8 : 0.2786"
"8,23 : 0.4254"
"23,8 : 0.4254"
"8,24 : 0.487"
"24,8 : 0.487"
"8,25 : 0.3891"
"25,8 : 0.3891"
"8,26 : 0.5215"
"26,8 : 0.5215"
"8,27 : 0.5021"
"27,8 : 0.5021"
"8,28 : 0.3413"
"28,8 : 0.3413"
"8,29 : 0.6277"
"29,8 : 0.6277"
"8,30 : 0.2408"
"30,8 : 0.2408"
"8,31 : 0.5045"
"31,8 : 0.5045"
"8,32 : 0.0781"
"32,8 : 0.0781"
"8,33 : 0.5826"
"33,8 : 0.5826"
"8,34 : 0.3614"
"34,8 : 0.3614"
"8,35 : 0.2025"
"35,8 : 0.2025"
"8,36 : 0.3513"
"36,8 : 0.3513"
"8,37 : 0.3996"
"37,8 : 0.3996"
"8,38 : 0.0762"
"38,8 : 0.0762"
"8,39 : 0.5148"
"39,8 : 0.5148"
"8,40 : 0.2907"
"40,8 : 0.2907"
"8,41 : 0.3569"
"41,8 : 0.3569"
"8,42 : 0.5504"
"42,8 : 0.5504"
"8,43 : 0.0424"
"43,8 : 0.0424"
"8,44 : 0.3667"
"44,8 : 0.3667"
"8,45 : 0.4438"
"45,8 : 0.4438"
"8,46 : 0.483"
"46,8 : 0.483"
"8,47 : 0.2025"
"47,8 : 0.2025"
"8,48 : 0.3754"
"48,8 : 0.3754"
"8,49 : 0.3551"
"49,8 : 0.3551"
"8,50 : 0.4892"
"50,8 : 0.4892"
"8,51 : 0.4159"
"51,8 : 0.4159"
"8,52 : 0.4742"
"52,8 : 0.4742"
"8,53 : 0.6721"
"53,8 : 0.6721"
"8,54 : 0.5045"
"54,8 : 0.5045"
"8,55 : 0.5155"
"55,8 : 0.5155"
"8,56 : 0.4614"
"56,8 : 0.4614"
"8,57 : 0.25"
"57,8 : 0.25"
"8,58 : 0.5449"
"58,8 : 0.5449"
"8,59 : 0.3239"
"59,8 : 0.3239"
"8,60 : 0.5331"
"60,8 : 0.5331"
"8,61 : 0.16"
"61,8 : 0.16"
"8,62 : 0.5001"
"62,8 : 0.5001"
"8,63 : 0.4245"
"63,8 : 0.4245"
"8,64 : 0.3231"
"64,8 : 0.3231"
"8,65 : 0.4841"
"65,8 : 0.4841"
"8,66 : 0.495"
"66,8 : 0.495"
"8,67 : 0.5826"
"67,8 : 0.5826"
"8,68 : 0.3734"
"68,8 : 0.3734"
"8,69 : 0.0316"
"69,8 : 0.0316"
"8,70 : 0.2746"
"70,8 : 0.2746"
"8,71 : 0.4713"
"71,8 : 0.4713"
"8,72 : 0.264"
"72,8 : 0.264"
"8,73 : 0.2683"
"73,8 : 0.2683"
"8,74 : 0.103"
"74,8 : 0.103"
"8,75 : 0.542"
"75,8 : 0.542"
"8,76 : 0.3302"
"76,8 : 0.3302"
"8,77 : 0.3606"
"77,8 : 0.3606"
"8,78 : 0.1903"
"78,8 : 0.1903"
"8,79 : 0.4528"
"79,8 : 0.4528"
"8,80 : 0.4254"
"80,8 : 0.4254"
"8,81 : 0.4998"
"81,8 : 0.4998"
"8,82 : 0.4249"
"82,8 : 0.4249"
"8,83 : 0.3124"
"83,8 : 0.3124"
"8,84 : 0.3353"
"84,8 : 0.3353"
"8,85 : 0.2052"
"85,8 : 0.2052"
"8,86 : 0.255"
"86,8 : 0.255"
"8,87 : 0.3191"
"87,8 : 0.3191"
"8,88 : 0.5701"
"88,8 : 0.5701"
"8,89 : 0.3547"
"89,8 : 0.3547"
"8,90 : 0.3102"
"90,8 : 0.3102"
"8,91 : 0.3256"
"91,8 : 0.3256"
"8,92 : 0.1897"
"92,8 : 0.1897"
"8,93 : 0.1879"
"93,8 : 0.1879"
"8,94 : 0.0943"
"94,8 : 0.0943"
"8,95 : 0.2518"
"95,8 : 0.2518"
"8,96 : 0.4276"
"96,8 : 0.4276"
"8,97 : 0.5608"
"97,8 : 0.5608"
"8,98 : 0.679"
"98,8 : 0.679"
"8,99 : 0.4966"
"99,8 : 0.4966"
"9,10 : 0.2236"
"10,9 : 0.2236"
"9,11 : 0.1556"
"11,9 : 0.1556"
"9,12 : 0.8276"
"12,9 : 0.8276"
"9,13 : 0.9285"
"13,9 : 0.9285"
"9,14 : 0.9228"
"14,9 : 0.9228"
"9,15 : 0.9835"
"15,9 : 0.9835"
"9,16 : 0.6243"
"16,9 : 0.6243"
"9,17 : 0.3306"
"17,9 : 0.3306"
"9,18 : 0.8683"
"18,9 : 0.8683"
"9,19 : 0.676"
"19,9 : 0.676"
"9,20 : 0.6586"
"20,9 : 0.6586"
"9,21 : 0.908"
"21,9 : 0.908"
"9,22 : 0.7603"
"22,9 : 0.7603"
"9,23 : 0.5109"
"23,9 : 0.5109"
"9,24 : 0.5099"
"24,9 : 0.5099"
"9,25 : 0.5301"
"25,9 : 0.5301"
"9,26 : 0.1"
"26,9 : 0.1"
"9,27 : 0.69"
"27,9 : 0.69"
"9,28 : 0.7918"
"28,9 : 0.7918"
"9,29 : 1.1121"
"29,9 : 1.1121"
"9,30 : 0.7354"
"30,9 : 0.7354"
"9,31 : 0.7311"
"31,9 : 0.7311"
"9,32 : 0.5104"
"32,9 : 0.5104"
"9,33 : 0.8106"
"33,9 : 0.8106"
"9,34 : 0.4501"
"34,9 : 0.4501"
"9,35 : 0.5778"
"35,9 : 0.5778"
"9,36 : 0.3302"
"36,9 : 0.3302"
"9,37 : 0.1315"
"37,9 : 0.1315"
"9,38 : 0.4264"
"38,9 : 0.4264"
"9,39 : 0.1273"
"39,9 : 0.1273"
"9,40 : 0.5482"
"40,9 : 0.5482"
"9,41 : 0.4101"
"41,9 : 0.4101"
"9,42 : 0.178"
"42,9 : 0.178"
"9,43 : 0.5376"
"43,9 : 0.5376"
"9,44 : 0.7577"
"44,9 : 0.7577"
"9,45 : 0.9184"
"45,9 : 0.9184"
"9,46 : 0.9683"
"46,9 : 0.9683"
"9,47 : 0.6127"
"47,9 : 0.6127"
"9,48 : 0.8698"
"48,9 : 0.8698"
"9,49 : 0.2802"
"49,9 : 0.2802"
"9,50 : 0.7111"
"50,9 : 0.7111"
"9,51 : 0.5301"
"51,9 : 0.5301"
"9,52 : 0.6601"
"52,9 : 0.6601"
"9,53 : 1.1667"
"53,9 : 1.1667"
"9,54 : 0.7311"
"54,9 : 0.7311"
"9,55 : 0.8688"
"55,9 : 0.8688"
"9,56 : 0.7513"
"56,9 : 0.7513"
"9,57 : 0.6485"
"57,9 : 0.6485"
"9,58 : 0.7606"
"58,9 : 0.7606"
"9,59 : 0.2927"
"59,9 : 0.2927"
"9,60 : 0.8599"
"60,9 : 0.8599"
"9,61 : 0.3945"
"61,9 : 0.3945"
"9,62 : 0.377"
"62,9 : 0.377"
"9,63 : 0.9197"
"63,9 : 0.9197"
"9,64 : 0.8045"
"64,9 : 0.8045"
"9,65 : 0.9767"
"65,9 : 0.9767"
"9,66 : 0.4301"
"66,9 : 0.4301"
"9,67 : 1.0756"
"67,9 : 1.0756"
"9,68 : 0.2302"
"68,9 : 0.2302"
"9,69 : 0.524"
"69,9 : 0.524"
"9,70 : 0.4159"
"70,9 : 0.4159"
"9,71 : 0.9349"
"71,9 : 0.9349"
"9,72 : 0.2343"
"72,9 : 0.2343"
"9,73 : 0.26"
"73,9 : 0.26"
"9,74 : 0.5354"
"74,9 : 0.5354"
"9,75 : 1.0339"
"75,9 : 1.0339"
"9,76 : 0.3314"
"76,9 : 0.3314"
"9,77 : 0.36"
"77,9 : 0.36"
"9,78 : 0.6351"
"78,9 : 0.6351"
"9,79 : 0.942"
"79,9 : 0.942"
"9,80 : 0.769"
"80,9 : 0.769"
"9,81 : 0.5217"
"81,9 : 0.5217"
"9,82 : 0.9102"
"82,9 : 0.9102"
"9,83 : 0.8072"
"83,9 : 0.8072"
"9,84 : 0.8045"
"84,9 : 0.8045"
"9,85 : 0.2907"
"85,9 : 0.2907"
"9,86 : 0.2404"
"86,9 : 0.2404"
"9,87 : 0.8106"
"87,9 : 0.8106"
"9,88 : 0.6958"
"88,9 : 0.6958"
"9,89 : 0.6395"
"89,9 : 0.6395"
"9,90 : 0.3536"
"90,9 : 0.3536"
"9,91 : 0.172"
"91,9 : 0.172"
"9,92 : 0.4386"
"92,9 : 0.4386"
"9,93 : 0.6762"
"93,9 : 0.6762"
"9,94 : 0.4801"
"94,9 : 0.4801"
"9,95 : 0.676"
"95,9 : 0.676"
"9,96 : 0.2912"
"96,9 : 0.2912"
"9,97 : 1.05"
"97,9 : 1.05"
"9,98 : 0.8204"
"98,9 : 0.8204"
"9,99 : 0.1581"
"99,9 : 0.1581"
"10,11 : 0.3625"
"11,10 : 0.3625"
"10,12 : 0.6671"
"12,10 : 0.6671"
"10,13 : 0.9093"
"13,10 : 0.9093"
"10,14 : 0.8736"
"14,10 : 0.8736"
"10,15 : 0.8832"
"15,10 : 0.8832"
"10,16 : 0.5675"
"16,10 : 0.5675"
"10,17 : 0.4206"
"17,10 : 0.4206"
"10,18 : 0.9055"
"18,10 : 0.9055"
"10,19 : 0.4528"
"19,10 : 0.4528"
"10,20 : 0.6198"
"20,10 : 0.6198"
"10,21 : 0.8766"
"21,10 : 0.8766"
"10,22 : 0.6248"
"22,10 : 0.6248"
"10,23 : 0.6042"
"23,10 : 0.6042"
"10,24 : 0.6277"
"24,10 : 0.6277"
"10,25 : 0.3114"
"25,10 : 0.3114"
"10,26 : 0.3162"
"26,10 : 0.3162"
"10,27 : 0.7624"
"27,10 : 0.7624"
"10,28 : 0.6313"
"28,10 : 0.6313"
"10,29 : 1.0286"
"29,10 : 1.0286"
"10,30 : 0.6353"
"30,10 : 0.6353"
"10,31 : 0.7908"
"31,10 : 0.7908"
"10,32 : 0.3859"
"32,10 : 0.3859"
"10,33 : 0.5901"
"33,10 : 0.5901"
"10,34 : 0.2319"
"34,10 : 0.2319"
"10,35 : 0.4111"
"35,10 : 0.4111"
"10,36 : 0.114"
"36,10 : 0.114"
"10,37 : 0.2625"
"37,10 : 0.2625"
"10,38 : 0.3289"
"38,10 : 0.3289"
"10,39 : 0.3362"
"39,10 : 0.3362"
"10,40 : 0.5756"
"40,10 : 0.5756"
"10,41 : 0.4966"
"41,10 : 0.4966"
"10,42 : 0.39"
"42,10 : 0.39"
"10,43 : 0.4438"
"43,10 : 0.4438"
"10,44 : 0.7433"
"44,10 : 0.7433"
"10,45 : 0.8486"
"45,10 : 0.8486"
"10,46 : 0.8276"
"46,10 : 0.8276"
"10,47 : 0.4528"
"47,10 : 0.4528"
"10,48 : 0.7666"
"48,10 : 0.7666"
"10,49 : 0.3828"
"49,10 : 0.3828"
"10,50 : 0.7713"
"50,10 : 0.7713"
"10,51 : 0.6147"
"51,10 : 0.6147"
"10,52 : 0.7308"
"52,10 : 0.7308"
"10,53 : 1.0568"
"53,10 : 1.0568"
"10,54 : 0.7908"
"54,10 : 0.7908"
"10,55 : 0.6673"
"55,10 : 0.6673"
"10,56 : 0.7852"
"56,10 : 0.7852"
"10,57 : 0.6239"
"57,10 : 0.6239"
"10,58 : 0.5401"
"58,10 : 0.5401"
"10,59 : 0.3759"
"59,10 : 0.3759"
"10,60 : 0.6525"
"60,10 : 0.6525"
"10,61 : 0.3805"
"61,10 : 0.3805"
"10,62 : 0.5308"
"62,10 : 0.5308"
"10,63 : 0.8071"
"63,10 : 0.8071"
"10,64 : 0.666"
"64,10 : 0.666"
"10,65 : 0.8782"
"65,10 : 0.8782"
"10,66 : 0.5701"
"66,10 : 0.5701"
"10,67 : 0.9742"
"67,10 : 0.9742"
"10,68 : 0.0316"
"68,10 : 0.0316"
"10,69 : 0.4254"
"69,10 : 0.4254"
"10,70 : 0.2195"
"70,10 : 0.2195"
"10,71 : 0.876"
"71,10 : 0.876"
"10,72 : 0.2309"
"72,10 : 0.2309"
"10,73 : 0.1414"
"73,10 : 0.1414"
"10,74 : 0.4022"
"74,10 : 0.4022"
"10,75 : 0.9365"
"75,10 : 0.9365"
"10,76 : 0.4159"
"76,10 : 0.4159"
"10,77 : 0.4565"
"77,10 : 0.4565"
"10,78 : 0.5846"
"78,10 : 0.5846"
"10,79 : 0.8081"
"79,10 : 0.8081"
"10,80 : 0.5701"
"80,10 : 0.5701"
"10,81 : 0.6414"
"81,10 : 0.6414"
"10,82 : 0.7716"
"82,10 : 0.7716"
"10,83 : 0.6934"
"83,10 : 0.6934"
"10,84 : 0.74"
"84,10 : 0.74"
"10,85 : 0.23"
"85,10 : 0.23"
"10,86 : 0.2159"
"86,10 : 0.2159"
"10,87 : 0.686"
"87,10 : 0.686"
"10,88 : 0.7931"
"88,10 : 0.7931"
"10,89 : 0.4366"
"89,10 : 0.4366"
"10,90 : 0.4254"
"90,10 : 0.4254"
"10,91 : 0.1612"
"91,10 : 0.1612"
"10,92 : 0.4418"
"92,10 : 0.4418"
"10,93 : 0.5547"
"93,10 : 0.5547"
"10,94 : 0.4342"
"94,10 : 0.4342"
"10,95 : 0.6395"
"95,10 : 0.6395"
"10,96 : 0.0721"
"96,10 : 0.0721"
"10,97 : 0.9129"
"97,10 : 0.9129"
"10,98 : 0.9192"
"98,10 : 0.9192"
"10,99 : 0.3536"
"99,10 : 0.3536"
"11,12 : 0.8854"
"12,11 : 0.8854"
"11,13 : 0.8798"
"13,11 : 0.8798"
"11,14 : 0.895"
"14,11 : 0.895"
"11,15 : 0.9902"
"15,11 : 0.9902"
"11,16 : 0.6172"
"16,11 : 0.6172"
"11,17 : 0.2555"
"17,11 : 0.2555"
"11,18 : 0.7845"
"18,11 : 0.7845"
"11,19 : 0.8052"
"19,11 : 0.8052"
"11,20 : 0.6366"
"20,11 : 0.6366"
"11,21 : 0.8684"
"21,11 : 0.8684"
"11,22 : 0.8011"
"22,11 : 0.8011"
"11,23 : 0.4079"
"23,11 : 0.4079"
"11,24 : 0.3901"
"24,11 : 0.3901"
"11,25 : 0.6512"
"25,11 : 0.6512"
"11,26 : 0.0583"
"26,11 : 0.0583"
"11,27 : 0.5903"
"27,11 : 0.5903"
"11,28 : 0.8507"
"28,11 : 0.8507"
"11,29 : 1.1032"
"29,11 : 1.1032"
"11,30 : 0.7517"
"30,11 : 0.7517"
"11,31 : 0.6379"
"31,11 : 0.6379"
"11,32 : 0.5597"
"32,11 : 0.5597"
"11,33 : 0.9306"
"33,11 : 0.9306"
"11,34 : 0.5727"
"34,11 : 0.5727"
"11,35 : 0.6512"
"35,11 : 0.6512"
"11,36 : 0.4561"
"36,11 : 0.4561"
"11,37 : 0.1315"
"37,11 : 0.1315"
"11,38 : 0.4682"
"38,11 : 0.4682"
"11,39 : 0.0283"
"39,11 : 0.0283"
"11,40 : 0.4888"
"40,11 : 0.4888"
"11,41 : 0.3231"
"41,11 : 0.3231"
"11,42 : 0.03"
"42,11 : 0.03"
"11,43 : 0.5636"
"43,11 : 0.5636"
"11,44 : 0.7128"
"44,11 : 0.7128"
"11,45 : 0.9051"
"45,11 : 0.9051"
"11,46 : 1.0062"
"46,11 : 1.0062"
"11,47 : 0.6791"
"47,11 : 0.6791"
"11,48 : 0.8823"
"48,11 : 0.8823"
"11,49 : 0.2081"
"49,11 : 0.2081"
"11,50 : 0.6185"
"50,11 : 0.6185"
"11,51 : 0.4317"
"51,11 : 0.4317"
"11,52 : 0.5629"
"52,11 : 0.5629"
"11,53 : 1.1761"
"53,11 : 1.1761"
"11,54 : 0.6379"
"54,11 : 0.6379"
"11,55 : 0.9625"
"55,11 : 0.9625"
"11,56 : 0.6742"
"56,11 : 0.6742"
"11,57 : 0.6172"
"57,11 : 0.6172"
"11,58 : 0.8812"
"58,11 : 0.8812"
"11,59 : 0.2343"
"59,11 : 0.2343"
"11,60 : 0.9602"
"60,11 : 0.9602"
"11,61 : 0.386"
"61,11 : 0.386"
"11,62 : 0.2419"
"62,11 : 0.2419"
"11,63 : 0.9374"
"63,11 : 0.9374"
"11,64 : 0.8458"
"64,11 : 0.8458"
"11,65 : 0.9823"
"65,11 : 0.9823"
"11,66 : 0.3007"
"66,11 : 0.3007"
"11,67 : 1.0807"
"67,11 : 1.0807"
"11,68 : 0.3606"
"68,11 : 0.3606"
"11,69 : 0.5546"
"69,11 : 0.5546"
"11,70 : 0.5215"
"70,11 : 0.5215"
"11,71 : 0.9135"
"71,11 : 0.9135"
"11,72 : 0.2693"
"72,11 : 0.2693"
"11,73 : 0.3501"
"73,11 : 0.3501"
"11,74 : 0.5882"
"74,11 : 0.5882"
"11,75 : 1.0371"
"75,11 : 1.0371"
"11,76 : 0.2608"
"76,11 : 0.2608"
"11,77 : 0.2731"
"77,11 : 0.2731"
"11,78 : 0.6229"
"78,11 : 0.6229"
"11,79 : 0.9753"
"79,11 : 0.9753"
"11,80 : 0.8621"
"80,11 : 0.8621"
"11,81 : 0.4"
"81,11 : 0.4"
"11,82 : 0.9481"
"82,11 : 0.9481"
"11,83 : 0.8301"
"83,11 : 0.8301"
"11,84 : 0.7921"
"84,11 : 0.7921"
"11,85 : 0.3396"
"85,11 : 0.3396"
"11,86 : 0.2864"
"86,11 : 0.2864"
"11,87 : 0.8412"
"87,11 : 0.8412"
"11,88 : 0.5803"
"88,11 : 0.5803"
"11,89 : 0.74"
"89,11 : 0.74"
"11,90 : 0.2884"
"90,11 : 0.2884"
"11,91 : 0.2502"
"91,11 : 0.2502"
"11,92 : 0.4101"
"92,11 : 0.4101"
"11,93 : 0.7111"
"93,11 : 0.7111"
"11,94 : 0.4801"
"94,11 : 0.4801"
"11,95 : 0.6512"
"95,11 : 0.6512"
"11,96 : 0.4338"
"96,11 : 0.4338"
"11,97 : 1.083"
"97,11 : 1.083"
"11,98 : 0.7003"
"98,11 : 0.7003"
"11,99 : 0.0283"
"99,11 : 0.0283"
"12,13 : 0.6044"
"13,12 : 0.6044"
"12,14 : 0.4909"
"14,12 : 0.4909"
"12,15 : 0.3354"
"15,12 : 0.3354"
"12,16 : 0.389"
"16,12 : 0.389"
"12,17 : 0.7125"
"17,12 : 0.7125"
"12,18 : 0.7701"
"18,12 : 0.7701"
"12,19 : 0.4837"
"19,12 : 0.4837"
"12,20 : 0.4386"
"20,12 : 0.4386"
"12,21 : 0.5482"
"21,12 : 0.5482"
"12,22 : 0.1208"
"22,12 : 0.1208"
"12,23 : 0.7694"
"23,12 : 0.7694"
"12,24 : 0.8373"
"24,12 : 0.8373"
"12,25 : 0.4472"
"25,12 : 0.4472"
"12,26 : 0.8746"
"26,12 : 0.8746"
"12,27 : 0.7892"
"27,12 : 0.7892"
"12,28 : 0.0361"
"28,12 : 0.0361"
"12,29 : 0.4925"
"29,12 : 0.4925"
"12,30 : 0.247"
"30,12 : 0.247"
"12,31 : 0.7692"
"31,12 : 0.7692"
"12,32 : 0.3257"
"32,12 : 0.3257"
"12,33 : 0.4276"
"33,12 : 0.4276"
"12,34 : 0.4883"
"34,12 : 0.4883"
"12,35 : 0.2561"
"35,12 : 0.2561"
"12,36 : 0.5657"
"36,12 : 0.5657"
"12,37 : 0.7561"
"37,12 : 0.7561"
"12,38 : 0.4176"
"38,12 : 0.4176"
"12,39 : 0.8732"
"39,12 : 0.8732"
"12,40 : 0.6064"
"40,12 : 0.6064"
"12,41 : 0.7203"
"41,12 : 0.7203"
"12,42 : 0.9139"
"42,12 : 0.9139"
"12,43 : 0.3406"
"43,12 : 0.3406"
"12,44 : 0.5382"
"44,12 : 0.5382"
"12,45 : 0.4118"
"45,12 : 0.4118"
"12,46 : 0.1803"
"46,12 : 0.1803"
"12,47 : 0.2163"
"47,12 : 0.2163"
"12,48 : 0.2594"
"48,12 : 0.2594"
"12,49 : 0.7284"
"49,12 : 0.7284"
"12,50 : 0.7606"
"50,12 : 0.7606"
"12,51 : 0.7531"
"51,12 : 0.7531"
"12,52 : 0.769"
"52,12 : 0.769"
"12,53 : 0.4491"
"53,12 : 0.4491"
"12,54 : 0.7692"
"54,12 : 0.7692"
"12,55 : 0.2419"
"55,12 : 0.2419"
"12,56 : 0.6946"
"56,12 : 0.6946"
"12,57 : 0.4793"
"57,12 : 0.4793"
"12,58 : 0.4211"
"58,12 : 0.4211"
"12,59 : 0.6972"
"59,12 : 0.6972"
"12,60 : 0.2864"
"60,12 : 0.2864"
"12,61 : 0.5324"
"61,12 : 0.5324"
"12,62 : 0.8709"
"62,12 : 0.8709"
"12,63 : 0.2474"
"63,12 : 0.2474"
"12,64 : 0.099"
"64,12 : 0.099"
"12,65 : 0.3373"
"65,12 : 0.3373"
"12,66 : 0.8602"
"66,12 : 0.8602"
"12,67 : 0.4"
"67,12 : 0.4"
"12,68 : 0.6403"
"68,12 : 0.6403"
"12,69 : 0.3423"
"69,12 : 0.3423"
"12,70 : 0.4525"
"70,12 : 0.4525"
"12,71 : 0.4614"
"71,12 : 0.4614"
"12,72 : 0.6168"
"72,12 : 0.6168"
"12,73 : 0.5694"
"73,12 : 0.5694"
"12,74 : 0.2973"
"74,12 : 0.2973"
"12,75 : 0.3821"
"75,12 : 0.3821"
"12,76 : 0.7026"
"76,12 : 0.7026"
"12,77 : 0.7306"
"77,12 : 0.7306"
"12,78 : 0.405"
"78,12 : 0.405"
"12,79 : 0.1811"
"79,12 : 0.1811"
"12,80 : 0.2209"
"80,12 : 0.2209"
"12,81 : 0.8485"
"81,12 : 0.8485"
"12,82 : 0.1404"
"82,12 : 0.1404"
"12,83 : 0.1985"
"83,12 : 0.1985"
"12,84 : 0.3818"
"84,12 : 0.3818"
"12,85 : 0.5478"
"85,12 : 0.5478"
"12,86 : 0.6017"
"86,12 : 0.6017"
"12,87 : 0.1562"
"87,12 : 0.1562"
"12,88 : 0.8732"
"88,12 : 0.8732"
"12,89 : 0.2973"
"89,12 : 0.2973"
"12,90 : 0.6812"
"90,12 : 0.6812"
"12,91 : 0.6574"
"91,12 : 0.6574"
"12,92 : 0.5501"
"92,12 : 0.5501"
"12,93 : 0.2022"
"93,12 : 0.2022"
"12,94 : 0.45"
"94,12 : 0.45"
"12,95 : 0.4472"
"95,12 : 0.4472"
"12,96 : 0.6507"
"96,12 : 0.6507"
"12,97 : 0.264"
"97,12 : 0.264"
"12,98 : 0.9571"
"98,12 : 0.9571"
"12,99 : 0.8602"
"99,12 : 0.8602"
"13,14 : 0.1253"
"14,13 : 0.1253"
"13,15 : 0.3493"
"15,13 : 0.3493"
"13,16 : 0.3501"
"16,13 : 0.3501"
"13,17 : 0.6243"
"17,13 : 0.6243"
"13,18 : 0.23"
"18,13 : 0.23"
"13,19 : 1.0024"
"19,13 : 1.0024"
"13,20 : 0.2907"
"20,13 : 0.2907"
"13,21 : 0.0566"
"21,13 : 0.0566"
"13,22 : 0.4993"
"22,13 : 0.4993"
