x,y
0.16,0.2
0.2,0.84
0.27,0.64
0.31,0.31
0.31,0.31
0.27,0.51
0.01,0.96
0.73,0.08
0.8,0.18
0.15,0.54
0.3,0.71
0.17,0.74
0.39,0.16
0.49,0.87
0.18,0.87
0.49,0.41
0.68,0.57
0.19,0.55
0.33,0.83
0.92,0.93
0.58,0.56
0.38,0.93
0.08,0.39
0.81,0.6
0.56,0.84
0.08,0.8
0.96,0.5
0.77,0.29
0.15,0.34
0.12,0.46
0.1,0.85
0.12,0.64
0.07,0.58
0.98,0.07
0.87,0.44
0.93,0.72
0.94,0.15
0.17,0.86
0.16,0.33
0.49,0.25
0.97,0.13
0.67,0.22
0.04,1.0
0.87,0.76
0.43,0.81
0.19,0.09
0.46,0.8
0.33,0.55
0.21,0.2
0.6,0.81
0.51,0.31
0.49,0.77
0.2,0.47
0.07,0.03
0.64,0.78
0.1,0.2
0.82,0.42
0.79,0.85
0.92,0.83
0.28,0.31
0.83,0.48
0.39,0.04
0.16,0.21
0.84,0.05
0.53,0.08
0.19,0.37
0.47,0.65
0.11,0.31
0.81,0.77
0.2,0.44
0.85,0.32
0.9,0.44
0.07,0.72
0.98,0.41
0.57,0.36
0.35,0.29
0.16,0.41
0.55,0.68
0.97,0.55
0.61,0.01
0.44,0.89
0.86,0.81
0.99,0.62
0.0,0.2
0.95,0.36
0.34,0.89
0.47,0.54
0.12,0.33
0.99,0.14
0.91,0.57
0.42,0.46
0.16,0.82
0.88,0.96
0.71,0.91
0.62,0.3
0.46,0.41
0.99,0.11
0.6,0.84
0.85,0.01
0.09,0.88

Distanze
"0,1 : 0.6412"
"1,0 : 0.6412"
"0,2 : 0.4535"
"2,0 : 0.4535"
"0,3 : 0.186"
"3,0 : 0.186"
"0,4 : 0.186"
"4,0 : 0.186"
"0,5 : 0.3289"
"5,0 : 0.3289"
"0,6 : 0.7747"
"6,0 : 0.7747"
"0,7 : 0.5825"
"7,0 : 0.5825"
"0,8 : 0.6403"
"8,0 : 0.6403"
"0,9 : 0.3401"
"9,0 : 0.3401"
"0,10 : 0.5289"
"10,0 : 0.5289"
"0,11 : 0.5401"
"11,0 : 0.5401"
"0,12 : 0.2335"
"12,0 : 0.2335"
"0,13 : 0.7469"
"13,0 : 0.7469"
"0,14 : 0.6703"
"14,0 : 0.6703"
"0,15 : 0.3912"
"15,0 : 0.3912"
"0,16 : 0.6382"
"16,0 : 0.6382"
"0,17 : 0.3513"
"17,0 : 0.3513"
"0,18 : 0.6525"
"18,0 : 0.6525"
"0,19 : 1.0538"
"19,0 : 1.0538"
"0,20 : 0.5532"
"20,0 : 0.5532"
"0,21 : 0.7624"
"21,0 : 0.7624"
"0,22 : 0.2062"
"22,0 : 0.2062"
"0,23 : 0.7632"
"23,0 : 0.7632"
"0,24 : 0.7547"
"24,0 : 0.7547"
"0,25 : 0.6053"
"25,0 : 0.6053"
"0,26 : 0.8544"
"26,0 : 0.8544"
"0,27 : 0.6166"
"27,0 : 0.6166"
"0,28 : 0.1404"
"28,0 : 0.1404"
"0,29 : 0.2631"
"29,0 : 0.2631"
"0,30 : 0.6528"
"30,0 : 0.6528"
"0,31 : 0.4418"
"31,0 : 0.4418"
"0,32 : 0.3905"
"32,0 : 0.3905"
"0,33 : 0.8302"
"33,0 : 0.8302"
"0,34 : 0.7495"
"34,0 : 0.7495"
"0,35 : 0.9291"
"35,0 : 0.9291"
"0,36 : 0.7816"
"36,0 : 0.7816"
"0,37 : 0.6601"
"37,0 : 0.6601"
"0,38 : 0.13"
"38,0 : 0.13"
"0,39 : 0.3338"
"39,0 : 0.3338"
"0,40 : 0.813"
"40,0 : 0.813"
"0,41 : 0.5104"
"41,0 : 0.5104"
"0,42 : 0.8089"
"42,0 : 0.8089"
"0,43 : 0.9043"
"43,0 : 0.9043"
"0,44 : 0.6671"
"44,0 : 0.6671"
"0,45 : 0.114"
"45,0 : 0.114"
"0,46 : 0.6708"
"46,0 : 0.6708"
"0,47 : 0.3891"
"47,0 : 0.3891"
"0,48 : 0.05"
"48,0 : 0.05"
"0,49 : 0.7521"
"49,0 : 0.7521"
"0,50 : 0.3669"
"50,0 : 0.3669"
"0,51 : 0.6586"
"51,0 : 0.6586"
"0,52 : 0.2729"
"52,0 : 0.2729"
"0,53 : 0.1924"
"53,0 : 0.1924"
"0,54 : 0.7529"
"54,0 : 0.7529"
"0,55 : 0.06"
"55,0 : 0.06"
"0,56 : 0.6957"
"56,0 : 0.6957"
"0,57 : 0.9052"
"57,0 : 0.9052"
"0,58 : 0.9872"
"58,0 : 0.9872"
"0,59 : 0.1628"
"59,0 : 0.1628"
"0,60 : 0.7262"
"60,0 : 0.7262"
"0,61 : 0.2802"
"61,0 : 0.2802"
"0,62 : 0.01"
"62,0 : 0.01"
"0,63 : 0.6963"
"63,0 : 0.6963"
"0,64 : 0.389"
"64,0 : 0.389"
"0,65 : 0.1726"
"65,0 : 0.1726"
"0,66 : 0.5464"
"66,0 : 0.5464"
"0,67 : 0.1208"
"67,0 : 0.1208"
"0,68 : 0.8645"
"68,0 : 0.8645"
"0,69 : 0.2433"
"69,0 : 0.2433"
"0,70 : 0.7004"
"70,0 : 0.7004"
"0,71 : 0.7779"
"71,0 : 0.7779"
"0,72 : 0.5277"
"72,0 : 0.5277"
"0,73 : 0.8465"
"73,0 : 0.8465"
"0,74 : 0.4401"
"74,0 : 0.4401"
"0,75 : 0.2102"
"75,0 : 0.2102"
"0,76 : 0.21"
"76,0 : 0.21"
"0,77 : 0.6185"
"77,0 : 0.6185"
"0,78 : 0.8824"
"78,0 : 0.8824"
"0,79 : 0.4885"
"79,0 : 0.4885"
"0,80 : 0.7446"
"80,0 : 0.7446"
"0,81 : 0.9285"
"81,0 : 0.9285"
"0,82 : 0.9302"
"82,0 : 0.9302"
"0,83 : 0.16"
"83,0 : 0.16"
"0,84 : 0.806"
"84,0 : 0.806"
"0,85 : 0.7131"
"85,0 : 0.7131"
"0,86 : 0.4601"
"86,0 : 0.4601"
"0,87 : 0.136"
"87,0 : 0.136"
"0,88 : 0.8322"
"88,0 : 0.8322"
"0,89 : 0.8363"
"89,0 : 0.8363"
"0,90 : 0.3677"
"90,0 : 0.3677"
"0,91 : 0.62"
"91,0 : 0.62"
"0,92 : 1.0469"
"92,0 : 1.0469"
"0,93 : 0.8981"
"93,0 : 0.8981"
"0,94 : 0.4707"
"94,0 : 0.4707"
"0,95 : 0.3662"
"95,0 : 0.3662"
"0,96 : 0.8349"
"96,0 : 0.8349"
"0,97 : 0.7767"
"97,0 : 0.7767"
"0,98 : 0.7157"
"98,0 : 0.7157"
"0,99 : 0.6836"
"99,0 : 0.6836"
"1,2 : 0.2119"
"2,1 : 0.2119"
"1,3 : 0.5413"
"3,1 : 0.5413"
"1,4 : 0.5413"
"4,1 : 0.5413"
"1,5 : 0.3373"
"5,1 : 0.3373"
"1,6 : 0.2247"
"6,1 : 0.2247"
"1,7 : 0.9266"
"7,1 : 0.9266"
"1,8 : 0.892"
"8,1 : 0.892"
"1,9 : 0.3041"
"9,1 : 0.3041"
"1,10 : 0.164"
"10,1 : 0.164"
"1,11 : 0.1044"
"11,1 : 0.1044"
"1,12 : 0.706"
"12,1 : 0.706"
"1,13 : 0.2915"
"13,1 : 0.2915"
"1,14 : 0.0361"
"14,1 : 0.0361"
"1,15 : 0.5187"
"15,1 : 0.5187"
"1,16 : 0.5507"
"16,1 : 0.5507"
"1,17 : 0.2902"
"17,1 : 0.2902"
"1,18 : 0.1304"
"18,1 : 0.1304"
"1,19 : 0.7256"
"19,1 : 0.7256"
"1,20 : 0.472"
"20,1 : 0.472"
"1,21 : 0.2012"
"21,1 : 0.2012"
"1,22 : 0.4657"
"22,1 : 0.4657"
"1,23 : 0.6555"
"23,1 : 0.6555"
"1,24 : 0.36"
"24,1 : 0.36"
"1,25 : 0.1265"
"25,1 : 0.1265"
"1,26 : 0.8326"
"26,1 : 0.8326"
"1,27 : 0.7921"
"27,1 : 0.7921"
"1,28 : 0.5025"
"28,1 : 0.5025"
"1,29 : 0.3883"
"29,1 : 0.3883"
"1,30 : 0.1005"
"30,1 : 0.1005"
"1,31 : 0.2154"
"31,1 : 0.2154"
"1,32 : 0.2907"
"32,1 : 0.2907"
"1,33 : 1.096"
"33,1 : 1.096"
"1,34 : 0.7803"
"34,1 : 0.7803"
"1,35 : 0.7398"
"35,1 : 0.7398"
"1,36 : 1.0118"
"36,1 : 1.0118"
"1,37 : 0.0361"
"37,1 : 0.0361"
"1,38 : 0.5116"
"38,1 : 0.5116"
"1,39 : 0.6574"
"39,1 : 0.6574"
"1,40 : 1.0474"
"40,1 : 1.0474"
"1,41 : 0.778"
"41,1 : 0.778"
"1,42 : 0.2263"
"42,1 : 0.2263"
"1,43 : 0.6748"
"43,1 : 0.6748"
"1,44 : 0.2319"
"44,1 : 0.2319"
"1,45 : 0.7501"
"45,1 : 0.7501"
"1,46 : 0.2631"
"46,1 : 0.2631"
"1,47 : 0.3178"
"47,1 : 0.3178"
"1,48 : 0.6401"
"48,1 : 0.6401"
"1,49 : 0.4011"
"49,1 : 0.4011"
"1,50 : 0.614"
"50,1 : 0.614"
"1,51 : 0.2983"
"51,1 : 0.2983"
"1,52 : 0.37"
"52,1 : 0.37"
"1,53 : 0.8204"
"53,1 : 0.8204"
"1,54 : 0.4441"
"54,1 : 0.4441"
"1,55 : 0.6478"
"55,1 : 0.6478"
"1,56 : 0.7489"
"56,1 : 0.7489"
"1,57 : 0.5901"
"57,1 : 0.5901"
"1,58 : 0.7201"
"58,1 : 0.7201"
"1,59 : 0.536"
"59,1 : 0.536"
"1,60 : 0.7256"
"60,1 : 0.7256"
"1,61 : 0.8223"
"61,1 : 0.8223"
"1,62 : 0.6313"
"62,1 : 0.6313"
"1,63 : 1.0167"
"63,1 : 1.0167"
"1,64 : 0.8286"
"64,1 : 0.8286"
"1,65 : 0.4701"
"65,1 : 0.4701"
"1,66 : 0.3302"
"66,1 : 0.3302"
"1,67 : 0.5376"
"67,1 : 0.5376"
"1,68 : 0.614"
"68,1 : 0.614"
"1,69 : 0.4"
"69,1 : 0.4"
"1,70 : 0.8324"
"70,1 : 0.8324"
"1,71 : 0.8062"
"71,1 : 0.8062"
"1,72 : 0.1769"
"72,1 : 0.1769"
"1,73 : 0.8907"
"73,1 : 0.8907"
"1,74 : 0.6061"
"74,1 : 0.6061"
"1,75 : 0.5701"
"75,1 : 0.5701"
"1,76 : 0.4319"
"76,1 : 0.4319"
"1,77 : 0.3848"
"77,1 : 0.3848"
"1,78 : 0.8228"
"78,1 : 0.8228"
"1,79 : 0.9257"
"79,1 : 0.9257"
"1,80 : 0.2452"
"80,1 : 0.2452"
"1,81 : 0.6607"
"81,1 : 0.6607"
"1,82 : 0.8201"
"82,1 : 0.8201"
"1,83 : 0.6705"
"83,1 : 0.6705"
"1,84 : 0.8904"
"84,1 : 0.8904"
"1,85 : 0.1487"
"85,1 : 0.1487"
"1,86 : 0.4036"
"86,1 : 0.4036"
"1,87 : 0.5162"
"87,1 : 0.5162"
"1,88 : 1.0555"
"88,1 : 1.0555"
"1,89 : 0.7596"
"89,1 : 0.7596"
"1,90 : 0.4391"
"90,1 : 0.4391"
"1,91 : 0.0447"
"91,1 : 0.0447"
"1,92 : 0.6905"
"92,1 : 0.6905"
"1,93 : 0.5148"
"93,1 : 0.5148"
"1,94 : 0.6841"
"94,1 : 0.6841"
"1,95 : 0.5025"
"95,1 : 0.5025"
"1,96 : 1.0756"
"96,1 : 1.0756"
"1,97 : 0.4"
"97,1 : 0.4"
"1,98 : 1.0542"
"98,1 : 1.0542"
"1,99 : 0.117"
"99,1 : 0.117"
"2,3 : 0.3324"
"3,2 : 0.3324"
"2,4 : 0.3324"
"4,2 : 0.3324"
"2,5 : 0.13"
"5,2 : 0.13"
"2,6 : 0.4123"
"6,2 : 0.4123"
"2,7 : 0.7247"
"7,2 : 0.7247"
"2,8 : 0.7018"
"8,2 : 0.7018"
"2,9 : 0.1562"
"9,2 : 0.1562"
"2,10 : 0.0762"
"10,2 : 0.0762"
"2,11 : 0.1414"
"11,2 : 0.1414"
"2,12 : 0.4948"
"12,2 : 0.4948"
"2,13 : 0.3183"
"13,2 : 0.3183"
"2,14 : 0.247"
"14,2 : 0.247"
"2,15 : 0.3183"
"15,2 : 0.3183"
"2,16 : 0.4159"
"16,2 : 0.4159"
"2,17 : 0.1204"
"17,2 : 0.1204"
"2,18 : 0.1992"
"18,2 : 0.1992"
"2,19 : 0.7118"
"19,2 : 0.7118"
"2,20 : 0.3202"
"20,2 : 0.3202"
"2,21 : 0.3102"
"21,2 : 0.3102"
"2,22 : 0.314"
"22,2 : 0.314"
"2,23 : 0.5415"
"23,2 : 0.5415"
"2,24 : 0.3523"
"24,2 : 0.3523"
"2,25 : 0.2484"
"25,2 : 0.2484"
"2,26 : 0.7041"
"26,2 : 0.7041"
"2,27 : 0.6103"
"27,2 : 0.6103"
"2,28 : 0.3231"
"28,2 : 0.3231"
"2,29 : 0.2343"
"29,2 : 0.2343"
"2,30 : 0.2702"
"30,2 : 0.2702"
"2,31 : 0.15"
"31,2 : 0.15"
"2,32 : 0.2088"
"32,2 : 0.2088"
"2,33 : 0.9105"
"33,2 : 0.9105"
"2,34 : 0.6325"
"34,2 : 0.6325"
"2,35 : 0.6648"
"35,2 : 0.6648"
"2,36 : 0.8301"
"36,2 : 0.8301"
"2,37 : 0.2417"
"37,2 : 0.2417"
"2,38 : 0.3289"
"38,2 : 0.3289"
"2,39 : 0.4478"
"39,2 : 0.4478"
"2,40 : 0.8661"
"40,2 : 0.8661"
"2,41 : 0.58"
"41,2 : 0.58"
"2,42 : 0.4272"
"42,2 : 0.4272"
"2,43 : 0.6119"
"43,2 : 0.6119"
"2,44 : 0.2335"
"44,2 : 0.2335"
"2,45 : 0.5558"
"45,2 : 0.5558"
"2,46 : 0.2484"
"46,2 : 0.2484"
"2,47 : 0.1082"
"47,2 : 0.1082"
"2,48 : 0.4441"
"48,2 : 0.4441"
"2,49 : 0.3712"
"49,2 : 0.3712"
"2,50 : 0.408"
"50,2 : 0.408"
"2,51 : 0.2555"
"51,2 : 0.2555"
"2,52 : 0.1838"
"52,2 : 0.1838"
"2,53 : 0.642"
"53,2 : 0.642"
"2,54 : 0.3956"
"54,2 : 0.3956"
"2,55 : 0.4717"
"55,2 : 0.4717"
"2,56 : 0.5924"
"56,2 : 0.5924"
"2,57 : 0.5608"
"57,2 : 0.5608"
"2,58 : 0.6772"
"58,2 : 0.6772"
"2,59 : 0.3302"
"59,2 : 0.3302"
"2,60 : 0.5824"
"60,2 : 0.5824"
"2,61 : 0.6119"
"61,2 : 0.6119"
"2,62 : 0.4438"
"62,2 : 0.4438"
"2,63 : 0.8204"
"63,2 : 0.8204"
"2,64 : 0.6174"
"64,2 : 0.6174"
"2,65 : 0.2816"
"65,2 : 0.2816"
"2,66 : 0.2002"
"66,2 : 0.2002"
"2,67 : 0.3667"
"67,2 : 0.3667"
"2,68 : 0.5554"
"68,2 : 0.5554"
"2,69 : 0.2119"
"69,2 : 0.2119"
"2,70 : 0.6624"
"70,2 : 0.6624"
"2,71 : 0.661"
"71,2 : 0.661"
"2,72 : 0.2154"
"72,2 : 0.2154"
"2,73 : 0.7463"
"73,2 : 0.7463"
"2,74 : 0.4104"
"74,2 : 0.4104"
"2,75 : 0.359"
"75,2 : 0.359"
"2,76 : 0.255"
"76,2 : 0.255"
"2,77 : 0.2828"
"77,2 : 0.2828"
"2,78 : 0.7058"
"78,2 : 0.7058"
"2,79 : 0.7159"
"79,2 : 0.7159"
"2,80 : 0.3023"
"80,2 : 0.3023"
"2,81 : 0.614"
"81,2 : 0.614"
"2,82 : 0.7203"
"82,2 : 0.7203"
"2,83 : 0.5162"
"83,2 : 0.5162"
"2,84 : 0.7354"
"84,2 : 0.7354"
"2,85 : 0.2596"
"85,2 : 0.2596"
"2,86 : 0.2236"
"86,2 : 0.2236"
"2,87 : 0.3444"
"87,2 : 0.3444"
"2,88 : 0.8766"
"88,2 : 0.8766"
"2,89 : 0.6438"
"89,2 : 0.6438"
"2,90 : 0.2343"
"90,2 : 0.2343"
"2,91 : 0.211"
"91,2 : 0.211"
"2,92 : 0.6888"
"92,2 : 0.6888"
"2,93 : 0.5162"
"93,2 : 0.5162"
"2,94 : 0.488"
"94,2 : 0.488"
"2,95 : 0.2983"
"95,2 : 0.2983"
"2,96 : 0.894"
"96,2 : 0.894"
"2,97 : 0.3859"
"97,2 : 0.3859"
"2,98 : 0.8563"
"98,2 : 0.8563"
"2,99 : 0.3"
"99,2 : 0.3"
"3,4 : 0.0"
"4,3 : 0.0"
"3,5 : 0.204"
"5,3 : 0.204"
"3,6 : 0.7159"
"6,3 : 0.7159"
"3,7 : 0.4789"
"7,3 : 0.4789"
"3,8 : 0.507"
"8,3 : 0.507"
"3,9 : 0.2802"
"9,3 : 0.2802"
"3,10 : 0.4001"
"10,3 : 0.4001"
"3,11 : 0.4522"
"11,3 : 0.4522"
"3,12 : 0.17"
"12,3 : 0.17"
"3,13 : 0.5882"
"13,3 : 0.5882"
"3,14 : 0.5749"
"14,3 : 0.5749"
"3,15 : 0.2059"
"15,3 : 0.2059"
"3,16 : 0.4522"
"16,3 : 0.4522"
"3,17 : 0.2683"
"17,3 : 0.2683"
"3,18 : 0.5204"
"18,3 : 0.5204"
"3,19 : 0.8698"
"19,3 : 0.8698"
"3,20 : 0.368"
"20,3 : 0.368"
"3,21 : 0.6239"
"21,3 : 0.6239"
"3,22 : 0.2435"
"22,3 : 0.2435"
"3,23 : 0.578"
"23,3 : 0.578"
"3,24 : 0.586"
"24,3 : 0.586"
"3,25 : 0.5413"
"25,3 : 0.5413"
"3,26 : 0.6772"
"26,3 : 0.6772"
"3,27 : 0.4604"
"27,3 : 0.4604"
"3,28 : 0.1628"
"28,3 : 0.1628"
"3,29 : 0.2421"
"29,3 : 0.2421"
"3,30 : 0.5794"
"30,3 : 0.5794"
"3,31 : 0.3808"
"31,3 : 0.3808"
"3,32 : 0.3612"
"32,3 : 0.3612"
"3,33 : 0.7117"
"33,3 : 0.7117"
"3,34 : 0.5749"
"34,3 : 0.5749"
"3,35 : 0.7433"
"35,3 : 0.7433"
"3,36 : 0.65"
"36,3 : 0.65"
"3,37 : 0.5675"
"37,3 : 0.5675"
"3,38 : 0.1513"
"38,3 : 0.1513"
"3,39 : 0.1897"
"39,3 : 0.1897"
"3,40 : 0.6841"
"40,3 : 0.6841"
"3,41 : 0.3711"
"41,3 : 0.3711"
"3,42 : 0.7409"
"42,3 : 0.7409"
"3,43 : 0.7184"
"43,3 : 0.7184"
"3,44 : 0.5142"
"44,3 : 0.5142"
"3,45 : 0.2506"
"45,3 : 0.2506"
"3,46 : 0.5124"
"46,3 : 0.5124"
"3,47 : 0.2408"
"47,3 : 0.2408"
"3,48 : 0.1487"
"48,3 : 0.1487"
"3,49 : 0.578"
"49,3 : 0.578"
"3,50 : 0.2"
"50,3 : 0.2"
"3,51 : 0.494"
"51,3 : 0.494"
"3,52 : 0.1942"
"52,3 : 0.1942"
"3,53 : 0.3688"
"53,3 : 0.3688"
"3,54 : 0.5743"
"54,3 : 0.5743"
"3,55 : 0.2371"
"55,3 : 0.2371"
"3,56 : 0.5217"
"56,3 : 0.5217"
"3,57 : 0.7225"
"57,3 : 0.7225"
"3,58 : 0.8016"
"58,3 : 0.8016"
"3,59 : 0.03"
"59,3 : 0.03"
"3,60 : 0.5471"
"60,3 : 0.5471"
"3,61 : 0.2816"
"61,3 : 0.2816"
"3,62 : 0.1803"
"62,3 : 0.1803"
"3,63 : 0.5903"
"63,3 : 0.5903"
"3,64 : 0.3183"
"64,3 : 0.3183"
"3,65 : 0.1342"
"65,3 : 0.1342"
"3,66 : 0.3758"
"66,3 : 0.3758"
"3,67 : 0.2"
"67,3 : 0.2"
"3,68 : 0.6794"
"68,3 : 0.6794"
"3,69 : 0.1703"
"69,3 : 0.1703"
"3,70 : 0.5401"
"70,3 : 0.5401"
"3,71 : 0.6042"
"71,3 : 0.6042"
"3,72 : 0.4751"
"72,3 : 0.4751"
"3,73 : 0.6774"
"73,3 : 0.6774"
"3,74 : 0.2648"
"74,3 : 0.2648"
"3,75 : 0.0447"
"75,3 : 0.0447"
"3,76 : 0.1803"
"76,3 : 0.1803"
"3,77 : 0.441"
"77,3 : 0.441"
"3,78 : 0.7023"
"78,3 : 0.7023"
"3,79 : 0.4243"
"79,3 : 0.4243"
"3,80 : 0.5944"
"80,3 : 0.5944"
"3,81 : 0.7433"
"81,3 : 0.7433"
"3,82 : 0.7473"
"82,3 : 0.7473"
"3,83 : 0.3289"
"83,3 : 0.3289"
"3,84 : 0.642"
"84,3 : 0.642"
"3,85 : 0.5808"
"85,3 : 0.5808"
"3,86 : 0.2802"
"86,3 : 0.2802"
"3,87 : 0.191"
"87,3 : 0.191"
"3,88 : 0.7009"
"88,3 : 0.7009"
"3,89 : 0.6539"
"89,3 : 0.6539"
"3,90 : 0.186"
"90,3 : 0.186"
"3,91 : 0.5316"
"91,3 : 0.5316"
"3,92 : 0.8645"
"92,3 : 0.8645"
"3,93 : 0.7211"
"93,3 : 0.7211"
"3,94 : 0.3102"
"94,3 : 0.3102"
"3,95 : 0.1803"
"95,3 : 0.1803"
"3,96 : 0.7088"
"96,3 : 0.7088"
"3,97 : 0.6042"
"97,3 : 0.6042"
"3,98 : 0.6177"
"98,3 : 0.6177"
"3,99 : 0.611"
"99,3 : 0.611"
"4,5 : 0.204"
"5,4 : 0.204"
"4,6 : 0.7159"
"6,4 : 0.7159"
"4,7 : 0.4789"
"7,4 : 0.4789"
"4,8 : 0.507"
"8,4 : 0.507"
"4,9 : 0.2802"
"9,4 : 0.2802"
"4,10 : 0.4001"
"10,4 : 0.4001"
"4,11 : 0.4522"
"11,4 : 0.4522"
"4,12 : 0.17"
"12,4 : 0.17"
"4,13 : 0.5882"
"13,4 : 0.5882"
"4,14 : 0.5749"
"14,4 : 0.5749"
"4,15 : 0.2059"
"15,4 : 0.2059"
"4,16 : 0.4522"
"16,4 : 0.4522"
"4,17 : 0.2683"
"17,4 : 0.2683"
"4,18 : 0.5204"
"18,4 : 0.5204"
"4,19 : 0.8698"
"19,4 : 0.8698"
"4,20 : 0.368"
"20,4 : 0.368"
"4,21 : 0.6239"
"21,4 : 0.6239"
"4,22 : 0.2435"
"22,4 : 0.2435"
"4,23 : 0.578"
"23,4 : 0.578"
"4,24 : 0.586"
"24,4 : 0.586"
"4,25 : 0.5413"
"25,4 : 0.5413"
"4,26 : 0.6772"
"26,4 : 0.6772"
"4,27 : 0.4604"
"27,4 : 0.4604"
"4,28 : 0.1628"
"28,4 : 0.1628"
"4,29 : 0.2421"
"29,4 : 0.2421"
"4,30 : 0.5794"
"30,4 : 0.5794"
"4,31 : 0.3808"
"31,4 : 0.3808"
"4,32 : 0.3612"
"32,4 : 0.3612"
"4,33 : 0.7117"
"33,4 : 0.7117"
"4,34 : 0.5749"
"34,4 : 0.5749"
"4,35 : 0.7433"
"35,4 : 0.7433"
"4,36 : 0.65"
"36,4 : 0.65"
"4,37 : 0.5675"
"37,4 : 0.5675"
"4,38 : 0.1513"
"38,4 : 0.1513"
"4,39 : 0.1897"
"39,4 : 0.1897"
"4,40 : 0.6841"
"40,4 : 0.6841"
"4,41 : 0.3711"
"41,4 : 0.3711"
"4,42 : 0.7409"
"42,4 : 0.7409"
"4,43 : 0.7184"
"43,4 : 0.7184"
"4,44 : 0.5142"
"44,4 : 0.5142"
"4,45 : 0.2506"
"45,4 : 0.2506"
"4,46 : 0.5124"
"46,4 : 0.5124"
"4,47 : 0.2408"
"47,4 : 0.2408"
"4,48 : 0.1487"
"48,4 : 0.1487"
"4,49 : 0.578"
"49,4 : 0.578"
"4,50 : 0.2"
"50,4 : 0.2"
"4,51 : 0.494"
"51,4 : 0.494"
"4,52 : 0.1942"
"52,4 : 0.1942"
"4,53 : 0.3688"
"53,4 : 0.3688"
"4,54 : 0.5743"
"54,4 : 0.5743"
"4,55 : 0.2371"
"55,4 : 0.2371"
"4,56 : 0.5217"
"56,4 : 0.5217"
"4,57 : 0.7225"
"57,4 : 0.7225"
"4,58 : 0.8016"
"58,4 : 0.8016"
"4,59 : 0.03"
"59,4 : 0.03"
"4,60 : 0.5471"
"60,4 : 0.5471"
"4,61 : 0.2816"
"61,4 : 0.2816"
"4,62 : 0.1803"
"62,4 : 0.1803"
"4,63 : 0.5903"
"63,4 : 0.5903"
"4,64 : 0.3183"
"64,4 : 0.3183"
"4,65 : 0.1342"
"65,4 : 0.1342"
"4,66 : 0.3758"
"66,4 : 0.3758"
"4,67 : 0.2"
"67,4 : 0.2"
"4,68 : 0.6794"
"68,4 : 0.6794"
"4,69 : 0.1703"
"69,4 : 0.1703"
"4,70 : 0.5401"
"70,4 : 0.5401"
"4,71 : 0.6042"
"71,4 : 0.6042"
"4,72 : 0.4751"
"72,4 : 0.4751"
"4,73 : 0.6774"
"73,4 : 0.6774"
"4,74 : 0.2648"
"74,4 : 0.2648"
"4,75 : 0.0447"
"75,4 : 0.0447"
"4,76 : 0.1803"
"76,4 : 0.1803"
"4,77 : 0.441"
"77,4 : 0.441"
"4,78 : 0.7023"
"78,4 : 0.7023"
"4,79 : 0.4243"
"79,4 : 0.4243"
"4,80 : 0.5944"
"80,4 : 0.5944"
"4,81 : 0.7433"
"81,4 : 0.7433"
"4,82 : 0.7473"
"82,4 : 0.7473"
"4,83 : 0.3289"
"83,4 : 0.3289"
"4,84 : 0.642"
"84,4 : 0.642"
"4,85 : 0.5808"
"85,4 : 0.5808"
"4,86 : 0.2802"
"86,4 : 0.2802"
"4,87 : 0.191"
"87,4 : 0.191"
"4,88 : 0.7009"
"88,4 : 0.7009"
"4,89 : 0.6539"
"89,4 : 0.6539"
"4,90 : 0.186"
"90,4 : 0.186"
"4,91 : 0.5316"
"91,4 : 0.5316"
"4,92 : 0.8645"
"92,4 : 0.8645"
"4,93 : 0.7211"
"93,4 : 0.7211"
"4,94 : 0.3102"
"94,4 : 0.3102"
"4,95 : 0.1803"
"95,4 : 0.1803"
"4,96 : 0.7088"
"96,4 : 0.7088"
"4,97 : 0.6042"
"97,4 : 0.6042"
"4,98 : 0.6177"
"98,4 : 0.6177"
"4,99 : 0.611"
"99,4 : 0.611"
"5,6 : 0.5197"
"6,5 : 0.5197"
"5,7 : 0.6297"
"7,5 : 0.6297"
"5,8 : 0.6243"
"8,5 : 0.6243"
"5,9 : 0.1237"
"9,5 : 0.1237"
"5,10 : 0.2022"
"10,5 : 0.2022"
"5,11 : 0.2508"
"11,5 : 0.2508"
"5,12 : 0.37"
"12,5 : 0.37"
"5,13 : 0.4219"
"13,5 : 0.4219"
"5,14 : 0.3711"
"14,5 : 0.3711"
"5,15 : 0.2417"
"15,5 : 0.2417"
"5,16 : 0.4144"
"16,5 : 0.4144"
"5,17 : 0.0894"
"17,5 : 0.0894"
"5,18 : 0.3256"
"18,5 : 0.3256"
"5,19 : 0.7739"
"19,5 : 0.7739"
"5,20 : 0.314"
"20,5 : 0.314"
"5,21 : 0.4342"
"21,5 : 0.4342"
"5,22 : 0.2247"
"22,5 : 0.2247"
"5,23 : 0.5474"
"23,5 : 0.5474"
"5,24 : 0.4393"
"24,5 : 0.4393"
"5,25 : 0.3467"
"25,5 : 0.3467"
"5,26 : 0.6901"
"26,5 : 0.6901"
"5,27 : 0.5463"
"27,5 : 0.5463"
"5,28 : 0.2081"
"28,5 : 0.2081"
"5,29 : 0.1581"
"29,5 : 0.1581"
"5,30 : 0.3801"
"30,5 : 0.3801"
"5,31 : 0.1985"
"31,5 : 0.1985"
"5,32 : 0.2119"
"32,5 : 0.2119"
"5,33 : 0.8353"
"33,5 : 0.8353"
"5,34 : 0.6041"
"34,5 : 0.6041"
"5,35 : 0.6926"
"35,5 : 0.6926"
"5,36 : 0.7606"
"36,5 : 0.7606"
"5,37 : 0.364"
"37,5 : 0.364"
"5,38 : 0.211"
"38,5 : 0.211"
"5,39 : 0.3406"
"39,5 : 0.3406"
"5,40 : 0.7965"
"40,5 : 0.7965"
"5,41 : 0.4941"
"41,5 : 0.4941"
"5,42 : 0.5413"
"42,5 : 0.5413"
"5,43 : 0.65"
"43,5 : 0.65"
"5,44 : 0.34"
"44,5 : 0.34"
"5,45 : 0.4276"
"45,5 : 0.4276"
"5,46 : 0.3467"
"46,5 : 0.3467"
"5,47 : 0.0721"
"47,5 : 0.0721"
"5,48 : 0.3158"
"48,5 : 0.3158"
"5,49 : 0.446"
"49,5 : 0.446"
"5,50 : 0.3124"
"50,5 : 0.3124"
"5,51 : 0.3406"
"51,5 : 0.3406"
"5,52 : 0.0806"
"52,5 : 0.0806"
"5,53 : 0.52"
"53,5 : 0.52"
"5,54 : 0.458"
"54,5 : 0.458"
"5,55 : 0.3536"
"55,5 : 0.3536"
"5,56 : 0.5573"
"56,5 : 0.5573"
"5,57 : 0.6213"
"57,5 : 0.6213"
"5,58 : 0.7245"
"58,5 : 0.7245"
"5,59 : 0.2002"
"59,5 : 0.2002"
"5,60 : 0.5608"
"60,5 : 0.5608"
"5,61 : 0.4851"
"61,5 : 0.4851"
"5,62 : 0.3195"
"62,5 : 0.3195"
"5,63 : 0.7325"
"63,5 : 0.7325"
"5,64 : 0.5025"
"64,5 : 0.5025"
"5,65 : 0.1612"
"65,5 : 0.1612"
"5,66 : 0.2441"
"66,5 : 0.2441"
"5,67 : 0.2561"
"67,5 : 0.2561"
"5,68 : 0.5993"
"68,5 : 0.5993"
"5,69 : 0.099"
"69,5 : 0.099"
"5,70 : 0.6103"
"70,5 : 0.6103"
"5,71 : 0.6339"
"71,5 : 0.6339"
"5,72 : 0.29"
"72,5 : 0.29"
"5,73 : 0.717"
"73,5 : 0.717"
"5,74 : 0.3354"
"74,5 : 0.3354"
"5,75 : 0.2341"
"75,5 : 0.2341"
"5,76 : 0.1487"
"76,5 : 0.1487"
"5,77 : 0.3276"
"77,5 : 0.3276"
"5,78 : 0.7011"
"78,5 : 0.7011"
"5,79 : 0.6046"
"79,5 : 0.6046"
"5,80 : 0.4163"
"80,5 : 0.4163"
"5,81 : 0.6619"
"81,5 : 0.6619"
"5,82 : 0.7284"
"82,5 : 0.7284"
"5,83 : 0.4111"
"83,5 : 0.4111"
"5,84 : 0.6963"
"84,5 : 0.6963"
"5,85 : 0.3864"
"85,5 : 0.3864"
"5,86 : 0.2022"
"86,5 : 0.2022"
"5,87 : 0.2343"
"87,5 : 0.2343"
"5,88 : 0.8095"
"88,5 : 0.8095"
"5,89 : 0.6428"
"89,5 : 0.6428"
"5,90 : 0.1581"
"90,5 : 0.1581"
"5,91 : 0.3289"
"91,5 : 0.3289"
"5,92 : 0.758"
"92,5 : 0.758"
"5,93 : 0.5946"
"93,5 : 0.5946"
"5,94 : 0.4082"
"94,5 : 0.4082"
"5,95 : 0.2147"
"95,5 : 0.2147"
"5,96 : 0.8237"
"96,5 : 0.8237"
"5,97 : 0.4667"
"97,5 : 0.4667"
"5,98 : 0.7658"
"98,5 : 0.7658"
"5,99 : 0.4115"
"99,5 : 0.4115"
"6,7 : 1.137"
"7,6 : 1.137"
"6,8 : 1.1102"
"8,6 : 1.1102"
"6,9 : 0.4427"
"9,6 : 0.4427"
"6,10 : 0.3829"
"10,6 : 0.3829"
"6,11 : 0.272"
"11,6 : 0.272"
"6,12 : 0.8857"
"12,6 : 0.8857"
"6,13 : 0.4884"
"13,6 : 0.4884"
"6,14 : 0.1924"
"14,6 : 0.1924"
"6,15 : 0.73"
"15,6 : 0.73"
"6,16 : 0.7752"
"16,6 : 0.7752"
"6,17 : 0.4478"
"17,6 : 0.4478"
"6,18 : 0.3454"
"18,6 : 0.3454"
"6,19 : 0.9105"
"19,6 : 0.9105"
"6,20 : 0.6963"
"20,6 : 0.6963"
"6,21 : 0.3712"
"21,6 : 0.3712"
"6,22 : 0.5743"
"22,6 : 0.5743"
"6,23 : 0.8773"
"23,6 : 0.8773"
"6,24 : 0.5629"
"24,6 : 0.5629"
"6,25 : 0.1746"
"25,6 : 0.1746"
"6,26 : 1.0555"
"26,6 : 1.0555"
"6,27 : 1.0132"
"27,6 : 1.0132"
"6,28 : 0.6356"
"28,6 : 0.6356"
"6,29 : 0.512"
"29,6 : 0.512"
"6,30 : 0.1421"
"30,6 : 0.1421"
"6,31 : 0.3384"
"31,6 : 0.3384"
"6,32 : 0.3847"
"32,6 : 0.3847"
"6,33 : 1.3164"
"33,6 : 1.3164"
"6,34 : 1.005"
"34,6 : 1.005"
"6,35 : 0.9508"
"35,6 : 0.9508"
"6,36 : 1.2333"
"36,6 : 1.2333"
"6,37 : 0.1887"
"37,6 : 0.1887"
"6,38 : 0.6476"
"38,6 : 0.6476"
"6,39 : 0.857"
"39,6 : 0.857"
"6,40 : 1.2691"
"40,6 : 1.2691"
"6,41 : 0.9916"
"41,6 : 0.9916"
"6,42 : 0.05"
"42,6 : 0.05"
"6,43 : 0.8829"
"43,6 : 0.8829"
"6,44 : 0.446"
"44,6 : 0.446"
"6,45 : 0.8884"
"45,6 : 0.8884"
"6,46 : 0.4776"
"46,6 : 0.4776"
"6,47 : 0.5201"
"47,6 : 0.5201"
"6,48 : 0.7859"
"48,6 : 0.7859"
"6,49 : 0.6088"
"49,6 : 0.6088"
"6,50 : 0.8201"
"50,6 : 0.8201"
"6,51 : 0.5162"
"51,6 : 0.5162"
"6,52 : 0.5255"
"52,6 : 0.5255"
"6,53 : 0.9319"
"53,6 : 0.9319"
"6,54 : 0.6552"
"54,6 : 0.6552"
"6,55 : 0.7653"
"55,6 : 0.7653"
"6,56 : 0.9735"
"56,6 : 0.9735"
"6,57 : 0.7877"
"57,6 : 0.7877"
"6,58 : 0.9192"
"58,6 : 0.9192"
"6,59 : 0.7038"
"59,6 : 0.7038"
"6,60 : 0.9502"
"60,6 : 0.9502"
"6,61 : 0.9954"
"61,6 : 0.9954"
"6,62 : 0.7649"
"62,6 : 0.7649"
"6,63 : 1.2317"
"63,6 : 1.2317"
"6,64 : 1.0222"
"64,6 : 1.0222"
"6,65 : 0.6168"
"65,6 : 0.6168"
"6,66 : 0.5547"
"66,6 : 0.5547"
"6,67 : 0.6576"
"67,6 : 0.6576"
"6,68 : 0.8223"
"68,6 : 0.8223"
"6,69 : 0.5536"
"69,6 : 0.5536"
"6,70 : 1.056"
"70,6 : 1.056"
"6,71 : 1.0308"
"71,6 : 1.0308"
"6,72 : 0.2474"
"72,6 : 0.2474"
"6,73 : 1.1151"
"73,6 : 1.1151"
"6,74 : 0.8207"
"74,6 : 0.8207"
"6,75 : 0.7513"
"75,6 : 0.7513"
"6,76 : 0.5701"
"76,6 : 0.5701"
"6,77 : 0.6083"
"77,6 : 0.6083"
"6,78 : 1.0439"
"78,6 : 1.0439"
"6,79 : 1.1236"
"79,6 : 1.1236"
"6,80 : 0.4357"
"80,6 : 0.4357"
"6,81 : 0.8631"
"81,6 : 0.8631"
"6,82 : 1.0373"
"82,6 : 1.0373"
"6,83 : 0.7601"
"83,6 : 0.7601"
"6,84 : 1.1152"
"84,6 : 1.1152"
"6,85 : 0.3373"
"85,6 : 0.3373"
"6,86 : 0.6229"
"86,6 : 0.6229"
"6,87 : 0.6395"
"87,6 : 0.6395"
"6,88 : 1.2778"
"88,6 : 1.2778"
"6,89 : 0.9809"
"89,6 : 0.9809"
"6,90 : 0.6466"
"90,6 : 0.6466"
"6,91 : 0.2052"
"91,6 : 0.2052"
"6,92 : 0.87"
"92,6 : 0.87"
"6,93 : 0.7018"
"93,6 : 0.7018"
"6,94 : 0.8987"
"94,6 : 0.8987"
"6,95 : 0.7106"
"95,6 : 0.7106"
"6,96 : 1.2973"
"96,6 : 1.2973"
"6,97 : 0.6021"
"97,6 : 0.6021"
"6,98 : 1.2681"
"98,6 : 1.2681"
"6,99 : 0.1131"
"99,6 : 0.1131"
"7,8 : 0.1221"
"8,7 : 0.1221"
"7,9 : 0.7403"
"9,7 : 0.7403"
"7,10 : 0.7628"
"10,7 : 0.7628"
"7,11 : 0.8656"
"11,7 : 0.8656"
"7,12 : 0.3493"
"12,7 : 0.3493"
"7,13 : 0.8257"
"13,7 : 0.8257"
"7,14 : 0.9626"
"14,7 : 0.9626"
"7,15 : 0.408"
"15,7 : 0.408"
"7,16 : 0.4925"
"16,7 : 0.4925"
"7,17 : 0.7159"
"17,7 : 0.7159"
"7,18 : 0.85"
"18,7 : 0.85"
"7,19 : 0.871"
"19,7 : 0.871"
"7,20 : 0.5029"
"20,7 : 0.5029"
"7,21 : 0.9192"
"21,7 : 0.9192"
"7,22 : 0.7201"
"22,7 : 0.7201"
"7,23 : 0.5261"
"23,7 : 0.5261"
"7,24 : 0.7788"
"24,7 : 0.7788"
"7,25 : 0.97"
"25,7 : 0.97"
"7,26 : 0.4789"
"26,7 : 0.4789"
"7,27 : 0.2138"
"27,7 : 0.2138"
"7,28 : 0.6356"
"28,7 : 0.6356"
"7,29 : 0.7187"
"29,7 : 0.7187"
"7,30 : 0.9949"
"30,7 : 0.9949"
"7,31 : 0.8281"
"31,7 : 0.8281"
"7,32 : 0.828"
"32,7 : 0.828"
"7,33 : 0.2502"
"33,7 : 0.2502"
"7,34 : 0.3863"
"34,7 : 0.3863"
"7,35 : 0.6705"
"35,7 : 0.6705"
"7,36 : 0.2214"
"36,7 : 0.2214"
"7,37 : 0.9602"
"37,7 : 0.9602"
"7,38 : 0.6224"
"38,7 : 0.6224"
"7,39 : 0.2941"
"39,7 : 0.2941"
"7,40 : 0.2452"
"40,7 : 0.2452"
"7,41 : 0.1523"
"41,7 : 0.1523"
"7,42 : 1.15"
"42,7 : 1.15"
"7,43 : 0.6943"
"43,7 : 0.6943"
"7,44 : 0.7892"
"44,7 : 0.7892"
"7,45 : 0.5401"
"45,7 : 0.5401"
"7,46 : 0.769"
"46,7 : 0.769"
"7,47 : 0.6172"
"47,7 : 0.6172"
"7,48 : 0.5337"
"48,7 : 0.5337"
"7,49 : 0.7415"
"49,7 : 0.7415"
"7,50 : 0.3183"
"50,7 : 0.3183"
"7,51 : 0.7305"
"51,7 : 0.7305"
"7,52 : 0.658"
"52,7 : 0.658"
"7,53 : 0.6619"
"53,7 : 0.6619"
"7,54 : 0.7058"
"54,7 : 0.7058"
"7,55 : 0.6413"
"55,7 : 0.6413"
"7,56 : 0.3517"
"56,7 : 0.3517"
"7,57 : 0.7723"
"57,7 : 0.7723"
"7,58 : 0.7737"
"58,7 : 0.7737"
"7,59 : 0.5054"
"59,7 : 0.5054"
"7,60 : 0.4123"
"60,7 : 0.4123"
"7,61 : 0.3423"
"61,7 : 0.3423"
"7,62 : 0.5846"
"62,7 : 0.5846"
"7,63 : 0.114"
"63,7 : 0.114"
"7,64 : 0.2"
"64,7 : 0.2"
"7,65 : 0.6129"
"65,7 : 0.6129"
"7,66 : 0.6265"
"66,7 : 0.6265"
"7,67 : 0.6613"
"67,7 : 0.6613"
"7,68 : 0.6946"
"68,7 : 0.6946"
"7,69 : 0.6407"
"69,7 : 0.6407"
"7,70 : 0.2683"
"70,7 : 0.2683"
"7,71 : 0.3981"
"71,7 : 0.3981"
"7,72 : 0.9193"
"72,7 : 0.9193"
"7,73 : 0.414"
"73,7 : 0.414"
"7,74 : 0.3225"
"74,7 : 0.3225"
"7,75 : 0.4342"
"75,7 : 0.4342"
"7,76 : 0.6586"
"76,7 : 0.6586"
"7,77 : 0.6264"
"77,7 : 0.6264"
"7,78 : 0.5277"
"78,7 : 0.5277"
"7,79 : 0.1389"
"79,7 : 0.1389"
"7,80 : 0.8603"
"80,7 : 0.8603"
"7,81 : 0.7415"
"81,7 : 0.7415"
"7,82 : 0.5993"
"82,7 : 0.5993"
"7,83 : 0.7398"
"83,7 : 0.7398"
"7,84 : 0.3561"
"84,7 : 0.3561"
"7,85 : 0.899"
"85,7 : 0.899"
"7,86 : 0.5284"
"86,7 : 0.5284"
"7,87 : 0.6592"
"87,7 : 0.6592"
"7,88 : 0.2668"
"88,7 : 0.2668"
"7,89 : 0.522"
"89,7 : 0.522"
"7,90 : 0.4904"
"90,7 : 0.4904"
"7,91 : 0.9341"
"91,7 : 0.9341"
"7,92 : 0.8927"
"92,7 : 0.8927"
"7,93 : 0.8302"
"93,7 : 0.8302"
"7,94 : 0.246"
"94,7 : 0.246"
"7,95 : 0.4264"
"95,7 : 0.4264"
"7,96 : 0.2617"
"96,7 : 0.2617"
"7,97 : 0.771"
"97,7 : 0.771"
"7,98 : 0.1389"
"98,7 : 0.1389"
"7,99 : 1.0245"
"99,7 : 1.0245"
"8,9 : 0.743"
"9,8 : 0.743"
"8,10 : 0.7286"
"10,8 : 0.7286"
"8,11 : 0.8429"
"11,8 : 0.8429"
"8,12 : 0.4105"
"12,8 : 0.4105"
"8,13 : 0.7564"
"13,8 : 0.7564"
"8,14 : 0.9276"
"14,8 : 0.9276"
"8,15 : 0.386"
"15,8 : 0.386"
"8,16 : 0.408"
"16,8 : 0.408"
"8,17 : 0.7134"
"17,8 : 0.7134"
"8,18 : 0.8021"
"18,8 : 0.8021"
"8,19 : 0.7595"
"19,8 : 0.7595"
"8,20 : 0.4391"
"20,8 : 0.4391"
"8,21 : 0.8596"
"21,8 : 0.8596"
"8,22 : 0.75"
"22,8 : 0.75"
"8,23 : 0.4201"
"23,8 : 0.4201"
"8,24 : 0.7023"
"24,8 : 0.7023"
"8,25 : 0.9502"
"25,8 : 0.9502"
"8,26 : 0.3578"
"26,8 : 0.3578"
"8,27 : 0.114"
"27,8 : 0.114"
"8,28 : 0.6694"
"28,8 : 0.6694"
"8,29 : 0.7354"
"29,8 : 0.7354"
"8,30 : 0.969"
"30,8 : 0.969"
"8,31 : 0.821"
"31,8 : 0.821"
"8,32 : 0.8324"
"32,8 : 0.8324"
"8,33 : 0.211"
"33,8 : 0.211"
"8,34 : 0.2693"
"34,8 : 0.2693"
"8,35 : 0.5554"
"35,8 : 0.5554"
"8,36 : 0.1432"
"36,8 : 0.1432"
"8,37 : 0.927"
"37,8 : 0.927"
"8,38 : 0.6573"
"38,8 : 0.6573"
"8,39 : 0.3178"
"39,8 : 0.3178"
"8,40 : 0.1772"
"40,8 : 0.1772"
"8,41 : 0.136"
"41,8 : 0.136"
"8,42 : 1.118"
"42,8 : 1.118"
"8,43 : 0.5842"
"43,8 : 0.5842"
"8,44 : 0.7306"
"44,8 : 0.7306"
"8,45 : 0.6166"
"45,8 : 0.6166"
"8,46 : 0.7071"
"46,8 : 0.7071"
"8,47 : 0.5982"
"47,8 : 0.5982"
"8,48 : 0.5903"
"48,8 : 0.5903"
"8,49 : 0.661"
"49,8 : 0.661"
"8,50 : 0.3178"
"50,8 : 0.3178"
"8,51 : 0.6665"
"51,8 : 0.6665"
"8,52 : 0.6664"
"52,8 : 0.6664"
"8,53 : 0.7453"
"53,8 : 0.7453"
"8,54 : 0.621"
"54,8 : 0.621"
"8,55 : 0.7003"
"55,8 : 0.7003"
"8,56 : 0.2408"
"56,8 : 0.2408"
"8,57 : 0.6701"
"57,8 : 0.6701"
"8,58 : 0.661"
"58,8 : 0.661"
"8,59 : 0.536"
"59,8 : 0.536"
"8,60 : 0.3015"
"60,8 : 0.3015"
"8,61 : 0.4332"
"61,8 : 0.4332"
"8,62 : 0.6407"
"62,8 : 0.6407"
"8,63 : 0.136"
"63,8 : 0.136"
"8,64 : 0.2879"
"64,8 : 0.2879"
"8,65 : 0.6389"
"65,8 : 0.6389"
"8,66 : 0.5743"
"66,8 : 0.5743"
"8,67 : 0.7021"
"67,8 : 0.7021"
"8,68 : 0.5901"
"68,8 : 0.5901"
"8,69 : 0.6539"
"69,8 : 0.6539"
"8,70 : 0.1487"
"70,8 : 0.1487"
"8,71 : 0.2786"
"71,8 : 0.2786"
"8,72 : 0.908"
"72,8 : 0.908"
"8,73 : 0.2921"
"73,8 : 0.2921"
"8,74 : 0.2921"
"74,8 : 0.2921"
"8,75 : 0.4632"
"75,8 : 0.4632"
"8,76 : 0.6801"
"76,8 : 0.6801"
"8,77 : 0.559"
"77,8 : 0.559"
"8,78 : 0.4072"
"78,8 : 0.4072"
"8,79 : 0.255"
"79,8 : 0.255"
"8,80 : 0.7961"
"80,8 : 0.7961"
"8,81 : 0.6329"
"81,8 : 0.6329"
"8,82 : 0.4793"
"82,8 : 0.4793"
"8,83 : 0.8002"
"83,8 : 0.8002"
"8,84 : 0.2343"
"84,8 : 0.2343"
"8,85 : 0.846"
"85,8 : 0.846"
"8,86 : 0.4884"
"86,8 : 0.4884"
"8,87 : 0.6963"
"87,8 : 0.6963"
"8,88 : 0.1942"
"88,8 : 0.1942"
"8,89 : 0.4052"
"89,8 : 0.4052"
"8,90 : 0.472"
"90,8 : 0.472"
"8,91 : 0.9051"
"91,8 : 0.9051"
"8,92 : 0.7841"
"92,8 : 0.7841"
"8,93 : 0.7355"
"93,8 : 0.7355"
"8,94 : 0.2163"
"94,8 : 0.2163"
"8,95 : 0.4105"
"95,8 : 0.4105"
"8,96 : 0.2025"
"96,8 : 0.2025"
"8,97 : 0.6896"
"97,8 : 0.6896"
"8,98 : 0.1772"
"98,8 : 0.1772"
"8,99 : 0.997"
"99,8 : 0.997"
"9,10 : 0.2267"
"10,9 : 0.2267"
"9,11 : 0.201"
"11,9 : 0.201"
"9,12 : 0.4494"
"12,9 : 0.4494"
"9,13 : 0.4738"
"13,9 : 0.4738"
"9,14 : 0.3314"
"14,9 : 0.3314"
"9,15 : 0.364"
"15,9 : 0.364"
"9,16 : 0.5308"
"16,9 : 0.5308"
"9,17 : 0.0412"
"17,9 : 0.0412"
"9,18 : 0.3413"
"18,9 : 0.3413"
"9,19 : 0.8631"
"19,9 : 0.8631"
"9,20 : 0.4305"
"20,9 : 0.4305"
"9,21 : 0.4528"
"21,9 : 0.4528"
"9,22 : 0.1655"
"22,9 : 0.1655"
"9,23 : 0.6627"
"23,9 : 0.6627"
"9,24 : 0.508"
"24,9 : 0.508"
"9,25 : 0.2693"
"25,9 : 0.2693"
"9,26 : 0.811"
"26,9 : 0.811"
"9,27 : 0.6685"
"27,9 : 0.6685"
"9,28 : 0.2"
"28,9 : 0.2"
"9,29 : 0.0854"
"29,9 : 0.0854"
"9,30 : 0.314"
"30,9 : 0.314"
"9,31 : 0.1044"
"31,9 : 0.1044"
"9,32 : 0.0894"
"32,9 : 0.0894"
"9,33 : 0.9538"
"33,9 : 0.9538"
"9,34 : 0.7269"
"34,9 : 0.7269"
"9,35 : 0.8005"
"35,9 : 0.8005"
"9,36 : 0.881"
"36,9 : 0.881"
"9,37 : 0.3206"
"37,9 : 0.3206"
"9,38 : 0.2102"
"38,9 : 0.2102"
"9,39 : 0.4469"
"39,9 : 0.4469"
"9,40 : 0.9168"
"40,9 : 0.9168"
"9,41 : 0.6106"
"41,9 : 0.6106"
"9,42 : 0.473"
"42,9 : 0.473"
"9,43 : 0.7529"
"43,9 : 0.7529"
"9,44 : 0.389"
"44,9 : 0.389"
"9,45 : 0.4518"
"45,9 : 0.4518"
"9,46 : 0.4046"
"46,9 : 0.4046"
"9,47 : 0.1803"
"47,9 : 0.1803"
"9,48 : 0.3453"
"48,9 : 0.3453"
"9,49 : 0.5248"
"49,9 : 0.5248"
"9,50 : 0.4272"
"50,9 : 0.4272"
"9,51 : 0.4105"
"51,9 : 0.4105"
"9,52 : 0.086"
"52,9 : 0.086"
"9,53 : 0.5162"
"53,9 : 0.5162"
"9,54 : 0.5456"
"54,9 : 0.5456"
"9,55 : 0.3437"
"55,9 : 0.3437"
"9,56 : 0.6807"
"56,9 : 0.6807"
"9,57 : 0.7111"
"57,9 : 0.7111"
"9,58 : 0.8228"
"58,9 : 0.8228"
"9,59 : 0.2642"
"59,9 : 0.2642"
"9,60 : 0.6826"
"60,9 : 0.6826"
"9,61 : 0.5546"
"61,9 : 0.5546"
"9,62 : 0.3302"
"62,9 : 0.3302"
"9,63 : 0.8463"
"63,9 : 0.8463"
"9,64 : 0.5967"
"64,9 : 0.5967"
"9,65 : 0.1746"
"65,9 : 0.1746"
"9,66 : 0.3384"
"66,9 : 0.3384"
"9,67 : 0.2335"
"67,9 : 0.2335"
"9,68 : 0.6989"
"68,9 : 0.6989"
"9,69 : 0.1118"
"69,9 : 0.1118"
"9,70 : 0.7338"
"70,9 : 0.7338"
"9,71 : 0.7566"
"71,9 : 0.7566"
"9,72 : 0.197"
"72,9 : 0.197"
"9,73 : 0.8401"
"73,9 : 0.8401"
"9,74 : 0.4569"
"74,9 : 0.4569"
"9,75 : 0.3202"
"75,9 : 0.3202"
"9,76 : 0.1304"
"76,9 : 0.1304"
"9,77 : 0.4238"
"77,9 : 0.4238"
"9,78 : 0.8201"
"78,9 : 0.8201"
"9,79 : 0.7018"
"79,9 : 0.7018"
"9,80 : 0.4545"
"80,9 : 0.4545"
"9,81 : 0.7596"
"81,9 : 0.7596"
"9,82 : 0.8438"
"82,9 : 0.8438"
"9,83 : 0.3716"
"83,9 : 0.3716"
"9,84 : 0.82"
"84,9 : 0.82"
"9,85 : 0.3982"
"85,9 : 0.3982"
"9,86 : 0.32"
"86,9 : 0.32"
"9,87 : 0.2121"
"87,9 : 0.2121"
"9,88 : 0.9304"
"88,9 : 0.9304"
"9,89 : 0.7606"
"89,9 : 0.7606"
"9,90 : 0.2816"
"90,9 : 0.2816"
"9,91 : 0.2802"
"91,9 : 0.2802"
"9,92 : 0.8422"
"92,9 : 0.8422"
"9,93 : 0.6712"
"93,9 : 0.6712"
"9,94 : 0.5277"
"94,9 : 0.5277"
"9,95 : 0.3362"
"95,9 : 0.3362"
"9,96 : 0.9437"
"96,9 : 0.9437"
"9,97 : 0.5408"
"97,9 : 0.5408"
"9,98 : 0.878"
"98,9 : 0.878"
"9,99 : 0.3453"
"99,9 : 0.3453"
"10,11 : 0.1334"
"11,10 : 0.1334"
"10,12 : 0.5573"
"12,10 : 0.5573"
"10,13 : 0.2484"
"13,10 : 0.2484"
"10,14 : 0.2"
"14,10 : 0.2"
"10,15 : 0.3551"
"15,10 : 0.3551"
"10,16 : 0.405"
"16,10 : 0.405"
"10,17 : 0.1942"
"17,10 : 0.1942"
"10,18 : 0.1237"
"18,10 : 0.1237"
"10,19 : 0.6579"
"19,10 : 0.6579"
"10,20 : 0.3176"
"20,10 : 0.3176"
"10,21 : 0.2341"
"21,10 : 0.2341"
"10,22 : 0.3883"
"22,10 : 0.3883"
"10,23 : 0.5217"
"23,10 : 0.5217"
"10,24 : 0.2907"
"24,10 : 0.2907"
"10,25 : 0.2377"
"25,10 : 0.2377"
"10,26 : 0.6926"
"26,10 : 0.6926"
"10,27 : 0.6303"
"27,10 : 0.6303"
"10,28 : 0.3992"
"28,10 : 0.3992"
"10,29 : 0.3081"
"29,10 : 0.3081"
"10,30 : 0.2441"
"30,10 : 0.2441"
"10,31 : 0.1931"
"31,10 : 0.1931"
"10,32 : 0.2642"
"32,10 : 0.2642"
"10,33 : 0.9338"
"33,10 : 0.9338"
"10,34 : 0.6307"
"34,10 : 0.6307"
"10,35 : 0.6301"
"35,10 : 0.6301"
"10,36 : 0.8504"
"36,10 : 0.8504"
"10,37 : 0.1985"
"37,10 : 0.1985"
"10,38 : 0.405"
"38,10 : 0.405"
"10,39 : 0.4977"
"39,10 : 0.4977"
"10,40 : 0.8862"
"40,10 : 0.8862"
"10,41 : 0.614"
"41,10 : 0.614"
"10,42 : 0.3895"
"42,10 : 0.3895"
"10,43 : 0.5722"
"43,10 : 0.5722"
"10,44 : 0.164"
"44,10 : 0.164"
"10,45 : 0.6297"
"45,10 : 0.6297"
"10,46 : 0.1836"
"46,10 : 0.1836"
"10,47 : 0.1628"
"47,10 : 0.1628"
"10,48 : 0.5179"
"48,10 : 0.5179"
"10,49 : 0.3162"
"49,10 : 0.3162"
"10,50 : 0.4518"
"50,10 : 0.4518"
"10,51 : 0.1992"
"51,10 : 0.1992"
"10,52 : 0.26"
"52,10 : 0.26"
"10,53 : 0.7178"
"53,10 : 0.7178"
"10,54 : 0.3471"
"54,10 : 0.3471"
"10,55 : 0.5478"
"55,10 : 0.5478"
"10,56 : 0.5954"
"56,10 : 0.5954"
"10,57 : 0.5096"
"57,10 : 0.5096"
"10,58 : 0.6315"
"58,10 : 0.6315"
"10,59 : 0.4005"
"59,10 : 0.4005"
"10,60 : 0.5778"
"60,10 : 0.5778"
"10,61 : 0.676"
"61,10 : 0.676"
"10,62 : 0.5192"
"62,10 : 0.5192"
"10,63 : 0.8528"
"63,10 : 0.8528"
"10,64 : 0.6707"
"64,10 : 0.6707"
"10,65 : 0.3574"
"65,10 : 0.3574"
"10,66 : 0.1803"
"66,10 : 0.1803"
"10,67 : 0.4428"
"67,10 : 0.4428"
"10,68 : 0.5135"
"68,10 : 0.5135"
"10,69 : 0.2879"
"69,10 : 0.2879"
"10,70 : 0.6742"
"70,10 : 0.6742"
"10,71 : 0.658"
"71,10 : 0.658"
"10,72 : 0.2302"
"72,10 : 0.2302"
"10,73 : 0.7432"
"73,10 : 0.7432"
"10,74 : 0.442"
"74,10 : 0.442"
"10,75 : 0.423"
"75,10 : 0.423"
"10,76 : 0.3311"
"76,10 : 0.3311"
"10,77 : 0.2518"
"77,10 : 0.2518"
"10,78 : 0.6888"
"78,10 : 0.6888"
"10,79 : 0.7656"
"79,10 : 0.7656"
"10,80 : 0.228"
"80,10 : 0.228"
"10,81 : 0.5689"
"81,10 : 0.5689"
"10,82 : 0.6958"
"82,10 : 0.6958"
"10,83 : 0.5917"
"83,10 : 0.5917"
"10,84 : 0.7382"
"84,10 : 0.7382"
"10,85 : 0.1844"
"85,10 : 0.1844"
"10,86 : 0.2404"
"86,10 : 0.2404"
"10,87 : 0.4205"
"87,10 : 0.4205"
"10,88 : 0.895"
"88,10 : 0.895"
"10,89 : 0.6259"
"89,10 : 0.6259"
"10,90 : 0.2773"
"90,10 : 0.2773"
"10,91 : 0.178"
"91,10 : 0.178"
"10,92 : 0.6316"
"92,10 : 0.6316"
"10,93 : 0.4562"
"93,10 : 0.4562"
"10,94 : 0.5201"
"94,10 : 0.5201"
"10,95 : 0.34"
"95,10 : 0.34"
"10,96 : 0.9144"
"96,10 : 0.9144"
"10,97 : 0.327"
"97,10 : 0.327"
"10,98 : 0.8902"
"98,10 : 0.8902"
"10,99 : 0.2702"
"99,10 : 0.2702"
"11,12 : 0.6203"
"12,11 : 0.6203"
"11,13 : 0.3454"
"13,11 : 0.3454"
"11,14 : 0.1304"
"14,11 : 0.1304"
"11,15 : 0.4597"
"15,11 : 0.4597"
"11,16 : 0.5376"
"16,11 : 0.5376"
"11,17 : 0.191"
"17,11 : 0.191"
"11,18 : 0.1836"
"18,11 : 0.1836"
"11,19 : 0.7737"
"19,11 : 0.7737"
"11,20 : 0.4478"
"20,11 : 0.4478"
"11,21 : 0.2832"
"21,11 : 0.2832"
"11,22 : 0.3614"
"22,11 : 0.3614"
"11,23 : 0.6551"
"23,11 : 0.6551"
"11,24 : 0.4026"
"24,11 : 0.4026"
"11,25 : 0.1082"
"25,11 : 0.1082"
"11,26 : 0.8257"
"26,11 : 0.8257"
"11,27 : 0.75"
"27,11 : 0.75"
"11,28 : 0.4005"
"28,11 : 0.4005"
"11,29 : 0.2844"
"29,11 : 0.2844"
"11,30 : 0.1304"
"30,11 : 0.1304"
"11,31 : 0.1118"
"31,11 : 0.1118"
"11,32 : 0.1887"
"32,11 : 0.1887"
"11,33 : 1.0512"
"33,11 : 1.0512"
"11,34 : 0.7616"
"34,11 : 0.7616"
"11,35 : 0.7603"
"35,11 : 0.7603"
"11,36 : 0.9701"
"36,11 : 0.9701"
"11,37 : 0.12"
"37,11 : 0.12"
"11,38 : 0.4101"
"38,11 : 0.4101"
"11,39 : 0.5852"
"39,11 : 0.5852"
"11,40 : 1.006"
"40,11 : 1.006"
"11,41 : 0.7214"
"41,11 : 0.7214"
"11,42 : 0.2907"
"42,11 : 0.2907"
"11,43 : 0.7003"
"43,11 : 0.7003"
"11,44 : 0.2693"
"44,11 : 0.2693"
"11,45 : 0.6503"
"45,11 : 0.6503"
"11,46 : 0.2961"
"46,11 : 0.2961"
"11,47 : 0.2484"
"47,11 : 0.2484"
"11,48 : 0.5415"
"48,11 : 0.5415"
"11,49 : 0.4357"
"49,11 : 0.4357"
"11,50 : 0.5482"
"50,11 : 0.5482"
"11,51 : 0.3214"
"51,11 : 0.3214"
"11,52 : 0.2717"
"52,11 : 0.2717"
"11,53 : 0.717"
"53,11 : 0.717"
"11,54 : 0.4717"
"54,11 : 0.4717"
"11,55 : 0.5445"
"55,11 : 0.5445"
"11,56 : 0.7245"
"56,11 : 0.7245"
"11,57 : 0.6297"
"57,11 : 0.6297"
"11,58 : 0.7554"
"58,11 : 0.7554"
"11,59 : 0.4438"
"59,11 : 0.4438"
"11,60 : 0.7094"
"60,11 : 0.7094"
"11,61 : 0.7338"
"61,11 : 0.7338"
"11,62 : 0.5301"
"62,11 : 0.5301"
"11,63 : 0.9618"
"63,11 : 0.9618"
"11,64 : 0.7518"
"64,11 : 0.7518"
"11,65 : 0.3705"
"65,11 : 0.3705"
"11,66 : 0.3132"
"66,11 : 0.3132"
"11,67 : 0.4342"
"67,11 : 0.4342"
"11,68 : 0.6407"
"68,11 : 0.6407"
"11,69 : 0.3015"
"69,11 : 0.3015"
"11,70 : 0.7992"
"70,11 : 0.7992"
"11,71 : 0.7892"
"71,11 : 0.7892"
"11,72 : 0.102"
"72,11 : 0.102"
"11,73 : 0.8746"
"73,11 : 0.8746"
"11,74 : 0.5517"
"74,11 : 0.5517"
"11,75 : 0.4847"
"75,11 : 0.4847"
"11,76 : 0.3302"
"76,11 : 0.3302"
"11,77 : 0.3847"
"77,11 : 0.3847"
"11,78 : 0.8223"
"78,11 : 0.8223"
"11,79 : 0.8523"
"79,11 : 0.8523"
"11,80 : 0.3089"
"80,11 : 0.3089"
"11,81 : 0.6935"
"81,11 : 0.6935"
"11,82 : 0.8287"
"82,11 : 0.8287"
"11,83 : 0.5661"
"83,11 : 0.5661"
"11,84 : 0.8676"
"84,11 : 0.8676"
"11,85 : 0.2267"
"85,11 : 0.2267"
"11,86 : 0.3606"
"86,11 : 0.3606"
"11,87 : 0.413"
"87,11 : 0.413"
"11,88 : 1.0161"
"88,11 : 1.0161"
"11,89 : 0.7593"
"89,11 : 0.7593"
"11,90 : 0.3754"
"90,11 : 0.3754"
"11,91 : 0.0806"
"91,11 : 0.0806"
"11,92 : 0.7433"
"92,11 : 0.7433"
"11,93 : 0.5661"
"93,11 : 0.5661"
"11,94 : 0.6294"
"94,11 : 0.6294"
"11,95 : 0.4393"
"95,11 : 0.4393"
"11,96 : 1.0341"
"96,11 : 1.0341"
"11,97 : 0.4415"
"97,11 : 0.4415"
"11,98 : 0.9976"
"98,11 : 0.9976"
"11,99 : 0.1612"
"99,11 : 0.1612"
"12,13 : 0.717"
"13,12 : 0.717"
"12,14 : 0.7404"
"14,12 : 0.7404"
"12,15 : 0.2693"
"15,12 : 0.2693"
"12,16 : 0.5022"
"16,12 : 0.5022"
"12,17 : 0.4383"
"17,12 : 0.4383"
"12,18 : 0.6727"
"18,12 : 0.6727"
"12,19 : 0.9348"
"19,12 : 0.9348"
"12,20 : 0.4428"
"20,12 : 0.4428"
"12,21 : 0.7701"
"21,12 : 0.7701"
"12,22 : 0.386"
"22,12 : 0.386"
"12,23 : 0.6083"
"23,12 : 0.6083"
"12,24 : 0.7009"
"24,12 : 0.7009"
"12,25 : 0.7111"
"25,12 : 0.7111"
"12,26 : 0.6637"
"26,12 : 0.6637"
"12,27 : 0.4016"
"27,12 : 0.4016"
"12,28 : 0.3"
"28,12 : 0.3"
"12,29 : 0.4036"
"29,12 : 0.4036"
"12,30 : 0.7485"
"30,12 : 0.7485"
"12,31 : 0.5507"
"31,12 : 0.5507"
"12,32 : 0.528"
"32,12 : 0.528"
"12,33 : 0.5968"
"33,12 : 0.5968"
"12,34 : 0.5557"
"34,12 : 0.5557"
"12,35 : 0.7779"
"35,12 : 0.7779"
"12,36 : 0.5501"
"36,12 : 0.5501"
"12,37 : 0.7338"
"37,12 : 0.7338"
"12,38 : 0.286"
"38,12 : 0.286"
"12,39 : 0.1345"
"39,12 : 0.1345"
"12,40 : 0.5808"
"40,12 : 0.5808"
"12,41 : 0.2864"
"41,12 : 0.2864"
"12,42 : 0.91"
"42,12 : 0.91"
"12,43 : 0.7684"
"43,12 : 0.7684"
"12,44 : 0.6512"
"44,12 : 0.6512"
"12,45 : 0.2119"
"45,12 : 0.2119"
"12,46 : 0.6438"
"46,12 : 0.6438"
"12,47 : 0.3946"
"47,12 : 0.3946"
"12,48 : 0.1844"
"48,12 : 0.1844"
"12,49 : 0.6831"
"49,12 : 0.6831"
"12,50 : 0.1921"
"50,12 : 0.1921"
"12,51 : 0.6181"
"51,12 : 0.6181"
"12,52 : 0.3636"
"52,12 : 0.3636"
"12,53 : 0.3454"
"53,12 : 0.3454"
"12,54 : 0.6685"
"54,12 : 0.6685"
"12,55 : 0.2927"
"55,12 : 0.2927"
"12,56 : 0.5025"
"56,12 : 0.5025"
"12,57 : 0.7976"
"57,12 : 0.7976"
"12,58 : 0.8543"
"58,12 : 0.8543"
"12,59 : 0.186"
"59,12 : 0.186"
"12,60 : 0.5441"
"60,12 : 0.5441"
"12,61 : 0.12"
"61,12 : 0.12"
"12,62 : 0.2354"
"62,12 : 0.2354"
"12,63 : 0.4632"
"63,12 : 0.4632"
"12,64 : 0.1612"
"64,12 : 0.1612"
"12,65 : 0.29"
"65,12 : 0.29"
"12,66 : 0.4965"
"66,12 : 0.4965"
"12,67 : 0.3176"
"67,12 : 0.3176"
"12,68 : 0.7406"
"68,12 : 0.7406"
"12,69 : 0.3384"
"69,12 : 0.3384"
"12,70 : 0.487"
"70,12 : 0.487"
"12,71 : 0.5818"
"71,12 : 0.5818"
"12,72 : 0.645"
"72,12 : 0.645"
"12,73 : 0.6408"
"73,12 : 0.6408"
"12,74 : 0.2691"
"74,12 : 0.2691"
"12,75 : 0.136"
"75,12 : 0.136"
"12,76 : 0.3397"
"76,12 : 0.3397"
"12,77 : 0.5441"
"77,12 : 0.5441"
"12,78 : 0.6989"
"78,12 : 0.6989"
"12,79 : 0.2663"
"79,12 : 0.2663"
"12,80 : 0.7317"
"80,12 : 0.7317"
"12,81 : 0.8021"
"81,12 : 0.8021"
"12,82 : 0.756"
"82,12 : 0.756"
"12,83 : 0.392"
"83,12 : 0.392"
"12,84 : 0.5946"
"84,12 : 0.5946"
"12,85 : 0.7317"
"85,12 : 0.7317"
"12,86 : 0.3883"
"86,12 : 0.3883"
"12,87 : 0.3191"
"87,12 : 0.3191"
"12,88 : 0.6003"
"88,12 : 0.6003"
"12,89 : 0.6622"
"89,12 : 0.6622"
"12,90 : 0.3015"
"90,12 : 0.3015"
"12,91 : 0.6989"
"91,12 : 0.6989"
"12,92 : 0.9381"
"92,12 : 0.9381"
"12,93 : 0.8154"
"93,12 : 0.8154"
"12,94 : 0.2693"
"94,12 : 0.2693"
"12,95 : 0.2596"
"95,12 : 0.2596"
"12,96 : 0.6021"
"96,12 : 0.6021"
"12,97 : 0.7117"
"97,12 : 0.7117"
"12,98 : 0.4838"
"98,12 : 0.4838"
"12,99 : 0.78"
"99,12 : 0.78"
"13,14 : 0.31"
"14,13 : 0.31"
"13,15 : 0.46"
"15,13 : 0.46"
"13,16 : 0.3551"
"16,13 : 0.3551"
"13,17 : 0.4386"
"17,13 : 0.4386"
"13,18 : 0.1649"
"18,13 : 0.1649"
"13,19 : 0.4342"
"19,13 : 0.4342"
"13,20 : 0.3228"
"20,13 : 0.3228"
"13,21 : 0.1253"
"21,13 : 0.1253"
"13,22 : 0.6313"
"22,13 : 0.6313"
"13,23 : 0.4187"
"23,13 : 0.4187"
"13,24 : 0.0762"
"24,13 : 0.0762"
"13,25 : 0.4159"
