x,y
0.41,0.29
0.99,0.61
0.12,0.58
0.73,0.41
0.15,0.92
0.93,0.36
0.22,0.01
0.37,0.39
0.91,0.27
0.51,0.97
0.77,0.35
0.37,0.86
0.72,0.4
0.48,0.1
0.2,0.13
0.05,0.84
0.05,0.9
0.79,0.27
0.03,0.63
0.16,0.43
0.02,0.66
0.91,0.7
0.18,1.0
0.28,0.17
0.19,0.82
0.05,0.15
0.88,0.67
0.85,0.27
0.32,0.5
0.23,0.19
0.67,0.45
0.78,0.73
0.65,0.76
0.85,0.68
0.32,0.6
0.08,0.78
0.05,0.77
0.73,0.33
0.76,0.39
0.12,0.63
0.97,0.61
0.06,0.13
0.87,0.55
0.56,0.58
0.72,0.43
0.52,0.27
0.66,0.35
0.22,0.61
0.92,0.73
0.16,0.95
0.4,0.92
0.17,0.7
0.62,0.26
0.17,0.59
0.44,0.86
0.65,0.94
0.9,0.01
0.14,0.94
0.3,0.8
0.65,0.85
0.27,0.44
0.26,0.7
0.13,0.28
0.14,0.51
0.11,0.4
0.48,0.17
0.7,0.95
0.76,0.06
0.68,0.43
0.98,0.11
0.99,0.56
1.0,0.79
0.81,0.64
0.03,0.51
0.23,0.48
0.26,0.1
0.56,0.76
0.73,0.42
0.76,0.46
0.25,0.33
0.89,0.3
0.57,0.56
0.1,0.84
0.26,0.76
0.31,0.09
0.12,0.38
0.16,0.23
0.05,0.53
0.37,0.35
0.32,0.54
0.92,0.2
0.46,0.45
0.88,0.92
0.77,0.47
0.84,0.59
0.98,0.28
0.31,0.48
0.12,0.83
0.09,0.56
0.85,0.51

Distanze
"0,1 : 0.6624"
"1,0 : 0.6624"
"0,2 : 0.4101"
"2,0 : 0.4101"
"0,3 : 0.3418"
"3,0 : 0.3418"
"0,4 : 0.6815"
"4,0 : 0.6815"
"0,5 : 0.5247"
"5,0 : 0.5247"
"0,6 : 0.3384"
"6,0 : 0.3384"
"0,7 : 0.1077"
"7,0 : 0.1077"
"0,8 : 0.5004"
"8,0 : 0.5004"
"0,9 : 0.6873"
"9,0 : 0.6873"
"0,10 : 0.365"
"10,0 : 0.365"
"0,11 : 0.5714"
"11,0 : 0.5714"
"0,12 : 0.3289"
"12,0 : 0.3289"
"0,13 : 0.2025"
"13,0 : 0.2025"
"0,14 : 0.264"
"14,0 : 0.264"
"0,15 : 0.6573"
"15,0 : 0.6573"
"0,16 : 0.7083"
"16,0 : 0.7083"
"0,17 : 0.3805"
"17,0 : 0.3805"
"0,18 : 0.5099"
"18,0 : 0.5099"
"0,19 : 0.2865"
"19,0 : 0.2865"
"0,20 : 0.5376"
"20,0 : 0.5376"
"0,21 : 0.6466"
"21,0 : 0.6466"
"0,22 : 0.7463"
"22,0 : 0.7463"
"0,23 : 0.1769"
"23,0 : 0.1769"
"0,24 : 0.5738"
"24,0 : 0.5738"
"0,25 : 0.3863"
"25,0 : 0.3863"
"0,26 : 0.6044"
"26,0 : 0.6044"
"0,27 : 0.4405"
"27,0 : 0.4405"
"0,28 : 0.2285"
"28,0 : 0.2285"
"0,29 : 0.2059"
"29,0 : 0.2059"
"0,30 : 0.3053"
"30,0 : 0.3053"
"0,31 : 0.5749"
"31,0 : 0.5749"
"0,32 : 0.5277"
"32,0 : 0.5277"
"0,33 : 0.588"
"33,0 : 0.588"
"0,34 : 0.3228"
"34,0 : 0.3228"
"0,35 : 0.5908"
"35,0 : 0.5908"
"0,36 : 0.6"
"36,0 : 0.6"
"0,37 : 0.3225"
"37,0 : 0.3225"
"0,38 : 0.364"
"38,0 : 0.364"
"0,39 : 0.4469"
"39,0 : 0.4469"
"0,40 : 0.645"
"40,0 : 0.645"
"0,41 : 0.3848"
"41,0 : 0.3848"
"0,42 : 0.5284"
"42,0 : 0.5284"
"0,43 : 0.3265"
"43,0 : 0.3265"
"0,44 : 0.3401"
"44,0 : 0.3401"
"0,45 : 0.1118"
"45,0 : 0.1118"
"0,46 : 0.2571"
"46,0 : 0.2571"
"0,47 : 0.3722"
"47,0 : 0.3722"
"0,48 : 0.6736"
"48,0 : 0.6736"
"0,49 : 0.7058"
"49,0 : 0.7058"
"0,50 : 0.6301"
"50,0 : 0.6301"
"0,51 : 0.4751"
"51,0 : 0.4751"
"0,52 : 0.2121"
"52,0 : 0.2121"
"0,53 : 0.3842"
"53,0 : 0.3842"
"0,54 : 0.5708"
"54,0 : 0.5708"
"0,55 : 0.6929"
"55,0 : 0.6929"
"0,56 : 0.5644"
"56,0 : 0.5644"
"0,57 : 0.7038"
"57,0 : 0.7038"
"0,58 : 0.5217"
"58,0 : 0.5217"
"0,59 : 0.6093"
"59,0 : 0.6093"
"0,60 : 0.2052"
"60,0 : 0.2052"
"0,61 : 0.4366"
"61,0 : 0.4366"
"0,62 : 0.2802"
"62,0 : 0.2802"
"0,63 : 0.3483"
"63,0 : 0.3483"
"0,64 : 0.3195"
"64,0 : 0.3195"
"0,65 : 0.1389"
"65,0 : 0.1389"
"0,66 : 0.7209"
"66,0 : 0.7209"
"0,67 : 0.4188"
"67,0 : 0.4188"
"0,68 : 0.3041"
"68,0 : 0.3041"
"0,69 : 0.5977"
"69,0 : 0.5977"
"0,70 : 0.6398"
"70,0 : 0.6398"
"0,71 : 0.7734"
"71,0 : 0.7734"
"0,72 : 0.5315"
"72,0 : 0.5315"
"0,73 : 0.4391"
"73,0 : 0.4391"
"0,74 : 0.2617"
"74,0 : 0.2617"
"0,75 : 0.2421"
"75,0 : 0.2421"
"0,76 : 0.4934"
"76,0 : 0.4934"
"0,77 : 0.3454"
"77,0 : 0.3454"
"0,78 : 0.3891"
"78,0 : 0.3891"
"0,79 : 0.1649"
"79,0 : 0.1649"
"0,80 : 0.4801"
"80,0 : 0.4801"
"0,81 : 0.3138"
"81,0 : 0.3138"
"0,82 : 0.6313"
"82,0 : 0.6313"
"0,83 : 0.4934"
"83,0 : 0.4934"
"0,84 : 0.2236"
"84,0 : 0.2236"
"0,85 : 0.3036"
"85,0 : 0.3036"
"0,86 : 0.2571"
"86,0 : 0.2571"
"0,87 : 0.4327"
"87,0 : 0.4327"
"0,88 : 0.0721"
"88,0 : 0.0721"
"0,89 : 0.2657"
"89,0 : 0.2657"
"0,90 : 0.5179"
"90,0 : 0.5179"
"0,91 : 0.1676"
"91,0 : 0.1676"
"0,92 : 0.786"
"92,0 : 0.786"
"0,93 : 0.4025"
"93,0 : 0.4025"
"0,94 : 0.5243"
"94,0 : 0.5243"
"0,95 : 0.5701"
"95,0 : 0.5701"
"0,96 : 0.2147"
"96,0 : 0.2147"
"0,97 : 0.6129"
"97,0 : 0.6129"
"0,98 : 0.4187"
"98,0 : 0.4187"
"0,99 : 0.4919"
"99,0 : 0.4919"
"1,2 : 0.8705"
"2,1 : 0.8705"
"1,3 : 0.328"
"3,1 : 0.328"
"1,4 : 0.8954"
"4,1 : 0.8954"
"1,5 : 0.2571"
"5,1 : 0.2571"
"1,6 : 0.9762"
"6,1 : 0.9762"
"1,7 : 0.6579"
"7,1 : 0.6579"
"1,8 : 0.3493"
"8,1 : 0.3493"
"1,9 : 0.6"
"9,1 : 0.6"
"1,10 : 0.3406"
"10,1 : 0.3406"
"1,11 : 0.6685"
"11,1 : 0.6685"
"1,12 : 0.3421"
"12,1 : 0.3421"
"1,13 : 0.7212"
"13,1 : 0.7212"
"1,14 : 0.9244"
"14,1 : 0.9244"
"1,15 : 0.9677"
"15,1 : 0.9677"
"1,16 : 0.9837"
"16,1 : 0.9837"
"1,17 : 0.3945"
"17,1 : 0.3945"
"1,18 : 0.9602"
"18,1 : 0.9602"
"1,19 : 0.8493"
"19,1 : 0.8493"
"1,20 : 0.9713"
"20,1 : 0.9713"
"1,21 : 0.1204"
"21,1 : 0.1204"
"1,22 : 0.899"
"22,1 : 0.899"
"1,23 : 0.8353"
"23,1 : 0.8353"
"1,24 : 0.8271"
"24,1 : 0.8271"
"1,25 : 1.0465"
"25,1 : 1.0465"
"1,26 : 0.1253"
"26,1 : 0.1253"
"1,27 : 0.3677"
"27,1 : 0.3677"
"1,28 : 0.679"
"28,1 : 0.679"
"1,29 : 0.8683"
"29,1 : 0.8683"
"1,30 : 0.3578"
"30,1 : 0.3578"
"1,31 : 0.2419"
"31,1 : 0.2419"
"1,32 : 0.3716"
"32,1 : 0.3716"
"1,33 : 0.1565"
"33,1 : 0.1565"
"1,34 : 0.6701"
"34,1 : 0.6701"
"1,35 : 0.9257"
"35,1 : 0.9257"
"1,36 : 0.9535"
"36,1 : 0.9535"
"1,37 : 0.3821"
"37,1 : 0.3821"
"1,38 : 0.3183"
"38,1 : 0.3183"
"1,39 : 0.8702"
"39,1 : 0.8702"
"1,40 : 0.02"
"40,1 : 0.02"
"1,41 : 1.0466"
"41,1 : 1.0466"
"1,42 : 0.1342"
"42,1 : 0.1342"
"1,43 : 0.431"
"43,1 : 0.431"
"1,44 : 0.3245"
"44,1 : 0.3245"
"1,45 : 0.5801"
"45,1 : 0.5801"
"1,46 : 0.4201"
"46,1 : 0.4201"
"1,47 : 0.77"
"47,1 : 0.77"
"1,48 : 0.1389"
"48,1 : 0.1389"
"1,49 : 0.8969"
"49,1 : 0.8969"
"1,50 : 0.6665"
"50,1 : 0.6665"
"1,51 : 0.8249"
"51,1 : 0.8249"
"1,52 : 0.5093"
"52,1 : 0.5093"
"1,53 : 0.8202"
"53,1 : 0.8202"
"1,54 : 0.6042"
"54,1 : 0.6042"
"1,55 : 0.4738"
"55,1 : 0.4738"
"1,56 : 0.6067"
"56,1 : 0.6067"
"1,57 : 0.9118"
"57,1 : 0.9118"
"1,58 : 0.7157"
"58,1 : 0.7157"
"1,59 : 0.4162"
"59,1 : 0.4162"
"1,60 : 0.7398"
"60,1 : 0.7398"
"1,61 : 0.7355"
"61,1 : 0.7355"
"1,62 : 0.9211"
"62,1 : 0.9211"
"1,63 : 0.8559"
"63,1 : 0.8559"
"1,64 : 0.9047"
"64,1 : 0.9047"
"1,65 : 0.6736"
"65,1 : 0.6736"
"1,66 : 0.4469"
"66,1 : 0.4469"
"1,67 : 0.5962"
"67,1 : 0.5962"
"1,68 : 0.3585"
"68,1 : 0.3585"
"1,69 : 0.5001"
"69,1 : 0.5001"
"1,70 : 0.05"
"70,1 : 0.05"
"1,71 : 0.1803"
"71,1 : 0.1803"
"1,72 : 0.1825"
"72,1 : 0.1825"
"1,73 : 0.9652"
"73,1 : 0.9652"
"1,74 : 0.771"
"74,1 : 0.771"
"1,75 : 0.8905"
"75,1 : 0.8905"
"1,76 : 0.4554"
"76,1 : 0.4554"
"1,77 : 0.322"
"77,1 : 0.322"
"1,78 : 0.2746"
"78,1 : 0.2746"
"1,79 : 0.7912"
"79,1 : 0.7912"
"1,80 : 0.3257"
"80,1 : 0.3257"
"1,81 : 0.423"
"81,1 : 0.423"
"1,82 : 0.9192"
"82,1 : 0.9192"
"1,83 : 0.7453"
"83,1 : 0.7453"
"1,84 : 0.856"
"84,1 : 0.856"
"1,85 : 0.8999"
"85,1 : 0.8999"
"1,86 : 0.9129"
"86,1 : 0.9129"
"1,87 : 0.9434"
"87,1 : 0.9434"
"1,88 : 0.6723"
"88,1 : 0.6723"
"1,89 : 0.6736"
"89,1 : 0.6736"
"1,90 : 0.4159"
"90,1 : 0.4159"
"1,91 : 0.5536"
"91,1 : 0.5536"
"1,92 : 0.3289"
"92,1 : 0.3289"
"1,93 : 0.2608"
"93,1 : 0.2608"
"1,94 : 0.1513"
"94,1 : 0.1513"
"1,95 : 0.3302"
"95,1 : 0.3302"
"1,96 : 0.6923"
"96,1 : 0.6923"
"1,97 : 0.8974"
"97,1 : 0.8974"
"1,98 : 0.9014"
"98,1 : 0.9014"
"1,99 : 0.172"
"99,1 : 0.172"
"2,3 : 0.6332"
"3,2 : 0.6332"
"2,4 : 0.3413"
"4,2 : 0.3413"
"2,5 : 0.8393"
"5,2 : 0.8393"
"2,6 : 0.5787"
"6,2 : 0.5787"
"2,7 : 0.314"
"7,2 : 0.314"
"2,8 : 0.8486"
"8,2 : 0.8486"
"2,9 : 0.5515"
"9,2 : 0.5515"
"2,10 : 0.6895"
"10,2 : 0.6895"
"2,11 : 0.3754"
"11,2 : 0.3754"
"2,12 : 0.6264"
"12,2 : 0.6264"
"2,13 : 0.6"
"13,2 : 0.6"
"2,14 : 0.4571"
"14,2 : 0.4571"
"2,15 : 0.2693"
"15,2 : 0.2693"
"2,16 : 0.3276"
"16,2 : 0.3276"
"2,17 : 0.7382"
"17,2 : 0.7382"
"2,18 : 0.103"
"18,2 : 0.103"
"2,19 : 0.1552"
"19,2 : 0.1552"
"2,20 : 0.1281"
"20,2 : 0.1281"
"2,21 : 0.7991"
"21,2 : 0.7991"
"2,22 : 0.4243"
"22,2 : 0.4243"
"2,23 : 0.4401"
"23,2 : 0.4401"
"2,24 : 0.25"
"24,2 : 0.25"
"2,25 : 0.4357"
"25,2 : 0.4357"
"2,26 : 0.7653"
"26,2 : 0.7653"
"2,27 : 0.7931"
"27,2 : 0.7931"
"2,28 : 0.2154"
"28,2 : 0.2154"
"2,29 : 0.4052"
"29,2 : 0.4052"
"2,30 : 0.5652"
"30,2 : 0.5652"
"2,31 : 0.6768"
"31,2 : 0.6768"
"2,32 : 0.5597"
"32,2 : 0.5597"
"2,33 : 0.7368"
"33,2 : 0.7368"
"2,34 : 0.201"
"34,2 : 0.201"
"2,35 : 0.204"
"35,2 : 0.204"
"2,36 : 0.2025"
"36,2 : 0.2025"
"2,37 : 0.6592"
"37,2 : 0.6592"
"2,38 : 0.6676"
"38,2 : 0.6676"
"2,39 : 0.05"
"39,2 : 0.05"
"2,40 : 0.8505"
"40,2 : 0.8505"
"2,41 : 0.454"
"41,2 : 0.454"
"2,42 : 0.7506"
"42,2 : 0.7506"
"2,43 : 0.44"
"43,2 : 0.44"
"2,44 : 0.6185"
"44,2 : 0.6185"
"2,45 : 0.5061"
"45,2 : 0.5061"
"2,46 : 0.5869"
"46,2 : 0.5869"
"2,47 : 0.1044"
"47,2 : 0.1044"
"2,48 : 0.8139"
"48,2 : 0.8139"
"2,49 : 0.3722"
"49,2 : 0.3722"
"2,50 : 0.4405"
"50,2 : 0.4405"
"2,51 : 0.13"
"51,2 : 0.13"
"2,52 : 0.5936"
"52,2 : 0.5936"
"2,53 : 0.051"
"53,2 : 0.051"
"2,54 : 0.4252"
"54,2 : 0.4252"
"2,55 : 0.6407"
"55,2 : 0.6407"
"2,56 : 0.9661"
"56,2 : 0.9661"
"2,57 : 0.3606"
"57,2 : 0.3606"
"2,58 : 0.2843"
"58,2 : 0.2843"
"2,59 : 0.5948"
"59,2 : 0.5948"
"2,60 : 0.2052"
"60,2 : 0.2052"
"2,61 : 0.1844"
"61,2 : 0.1844"
"2,62 : 0.3002"
"62,2 : 0.3002"
"2,63 : 0.0728"
"63,2 : 0.0728"
"2,64 : 0.1803"
"64,2 : 0.1803"
"2,65 : 0.5456"
"65,2 : 0.5456"
"2,66 : 0.688"
"66,2 : 0.688"
"2,67 : 0.8246"
"67,2 : 0.8246"
"2,68 : 0.5797"
"68,2 : 0.5797"
"2,69 : 0.9801"
"69,2 : 0.9801"
"2,70 : 0.8702"
"70,2 : 0.8702"
"2,71 : 0.9047"
"71,2 : 0.9047"
"2,72 : 0.6926"
"72,2 : 0.6926"
"2,73 : 0.114"
"73,2 : 0.114"
"2,74 : 0.1487"
"74,2 : 0.1487"
"2,75 : 0.5"
"75,2 : 0.5"
"2,76 : 0.4754"
"76,2 : 0.4754"
"2,77 : 0.6306"
"77,2 : 0.6306"
"2,78 : 0.6512"
"78,2 : 0.6512"
"2,79 : 0.2818"
"79,2 : 0.2818"
"2,80 : 0.8193"
"80,2 : 0.8193"
"2,81 : 0.4504"
"81,2 : 0.4504"
"2,82 : 0.2608"
"82,2 : 0.2608"
"2,83 : 0.228"
"83,2 : 0.228"
"2,84 : 0.5255"
"84,2 : 0.5255"
"2,85 : 0.2"
"85,2 : 0.2"
"2,86 : 0.3523"
"86,2 : 0.3523"
"2,87 : 0.086"
"87,2 : 0.086"
"2,88 : 0.3397"
"88,2 : 0.3397"
"2,89 : 0.204"
"89,2 : 0.204"
"2,90 : 0.8857"
"90,2 : 0.8857"
"2,91 : 0.364"
"91,2 : 0.364"
"2,92 : 0.8326"
"92,2 : 0.8326"
"2,93 : 0.6592"
"93,2 : 0.6592"
"2,94 : 0.7201"
"94,2 : 0.7201"
"2,95 : 0.9108"
"95,2 : 0.9108"
"2,96 : 0.2147"
"96,2 : 0.2147"
"2,97 : 0.25"
"97,2 : 0.25"
"2,98 : 0.0361"
"98,2 : 0.0361"
"2,99 : 0.7333"
"99,2 : 0.7333"
"3,4 : 0.7723"
"4,3 : 0.7723"
"3,5 : 0.2062"
"5,3 : 0.2062"
"3,6 : 0.6482"
"6,3 : 0.6482"
"3,7 : 0.3606"
"7,3 : 0.3606"
"3,8 : 0.228"
"8,3 : 0.228"
"3,9 : 0.6017"
"9,3 : 0.6017"
"3,10 : 0.0721"
"10,3 : 0.0721"
"3,11 : 0.5763"
"11,3 : 0.5763"
"3,12 : 0.0141"
"12,3 : 0.0141"
"3,13 : 0.3982"
"13,3 : 0.3982"
"3,14 : 0.5994"
"14,3 : 0.5994"
"3,15 : 0.8045"
"15,3 : 0.8045"
"3,16 : 0.8382"
"16,3 : 0.8382"
"3,17 : 0.1523"
"17,3 : 0.1523"
"3,18 : 0.7338"
"18,3 : 0.7338"
"3,19 : 0.5704"
"19,3 : 0.5704"
"3,20 : 0.7527"
"20,3 : 0.7527"
"3,21 : 0.3413"
"21,3 : 0.3413"
"3,22 : 0.8066"
"22,3 : 0.8066"
"3,23 : 0.51"
"23,3 : 0.51"
"3,24 : 0.678"
"24,3 : 0.678"
"3,25 : 0.728"
"25,3 : 0.728"
"3,26 : 0.3002"
"26,3 : 0.3002"
"3,27 : 0.1844"
"27,3 : 0.1844"
"3,28 : 0.4198"
"28,3 : 0.4198"
"3,29 : 0.5463"
"29,3 : 0.5463"
"3,30 : 0.0721"
"30,3 : 0.0721"
"3,31 : 0.3239"
"31,3 : 0.3239"
"3,32 : 0.359"
"32,3 : 0.359"
"3,33 : 0.2955"
"33,3 : 0.2955"
"3,34 : 0.4519"
"34,3 : 0.4519"
"3,35 : 0.7479"
"35,3 : 0.7479"
"3,36 : 0.7694"
"36,3 : 0.7694"
"3,37 : 0.08"
"37,3 : 0.08"
"3,38 : 0.0361"
"38,3 : 0.0361"
"3,39 : 0.6485"
"39,3 : 0.6485"
"3,40 : 0.3124"
"40,3 : 0.3124"
"3,41 : 0.7262"
"41,3 : 0.7262"
"3,42 : 0.198"
"42,3 : 0.198"
"3,43 : 0.2404"
"43,3 : 0.2404"
"3,44 : 0.0224"
"44,3 : 0.0224"
"3,45 : 0.2524"
"45,3 : 0.2524"
"3,46 : 0.0922"
"46,3 : 0.0922"
"3,47 : 0.5478"
"47,3 : 0.5478"
"3,48 : 0.3722"
"48,3 : 0.3722"
"3,49 : 0.7852"
"49,3 : 0.7852"
"3,50 : 0.6075"
"50,3 : 0.6075"
"3,51 : 0.6306"
"51,3 : 0.6306"
"3,52 : 0.186"
"52,3 : 0.186"
"3,53 : 0.5882"
"53,3 : 0.5882"
"3,54 : 0.5354"
"54,3 : 0.5354"
"3,55 : 0.536"
"55,3 : 0.536"
"3,56 : 0.4346"
"56,3 : 0.4346"
"3,57 : 0.7931"
"57,3 : 0.7931"
"3,58 : 0.5805"
"58,3 : 0.5805"
"3,59 : 0.4472"
"59,3 : 0.4472"
"3,60 : 0.461"
"60,3 : 0.461"
"3,61 : 0.5523"
"61,3 : 0.5523"
"3,62 : 0.6139"
"62,3 : 0.6139"
"3,63 : 0.5984"
"63,3 : 0.5984"
"3,64 : 0.6201"
"64,3 : 0.6201"
"3,65 : 0.3466"
"65,3 : 0.3466"
"3,66 : 0.5408"
"66,3 : 0.5408"
"3,67 : 0.3513"
"67,3 : 0.3513"
"3,68 : 0.0539"
"68,3 : 0.0539"
"3,69 : 0.3905"
"69,3 : 0.3905"
"3,70 : 0.3002"
"70,3 : 0.3002"
"3,71 : 0.4662"
"71,3 : 0.4662"
"3,72 : 0.2435"
"72,3 : 0.2435"
"3,73 : 0.7071"
"73,3 : 0.7071"
"3,74 : 0.5049"
"74,3 : 0.5049"
"3,75 : 0.563"
"75,3 : 0.563"
"3,76 : 0.3891"
"76,3 : 0.3891"
"3,77 : 0.01"
"77,3 : 0.01"
"3,78 : 0.0583"
"78,3 : 0.0583"
"3,79 : 0.4866"
"79,3 : 0.4866"
"3,80 : 0.1942"
"80,3 : 0.1942"
"3,81 : 0.2193"
"81,3 : 0.2193"
"3,82 : 0.7628"
"82,3 : 0.7628"
"3,83 : 0.586"
"83,3 : 0.586"
"3,84 : 0.528"
"84,3 : 0.528"
"3,85 : 0.6107"
"85,3 : 0.6107"
"3,86 : 0.5977"
"86,3 : 0.5977"
"3,87 : 0.6905"
"87,3 : 0.6905"
"3,88 : 0.365"
"88,3 : 0.365"
"3,89 : 0.4301"
"89,3 : 0.4301"
"3,90 : 0.2832"
"90,3 : 0.2832"
"3,91 : 0.2729"
"91,3 : 0.2729"
"3,92 : 0.5316"
"92,3 : 0.5316"
"3,93 : 0.0721"
"93,3 : 0.0721"
"3,94 : 0.211"
"94,3 : 0.211"
"3,95 : 0.2818"
"95,3 : 0.2818"
"3,96 : 0.4258"
"96,3 : 0.4258"
"3,97 : 0.7406"
"97,3 : 0.7406"
"3,98 : 0.6573"
"98,3 : 0.6573"
"3,99 : 0.1562"
"99,3 : 0.1562"
"4,5 : 0.9602"
"5,4 : 0.9602"
"4,6 : 0.9127"
"6,4 : 0.9127"
"4,7 : 0.5738"
"7,4 : 0.5738"
"4,8 : 1.0"
"8,4 : 1.0"
"4,9 : 0.3635"
"9,4 : 0.3635"
"4,10 : 0.8422"
"10,4 : 0.8422"
"4,11 : 0.228"
"11,4 : 0.228"
"4,12 : 0.7716"
"12,4 : 0.7716"
"4,13 : 0.8839"
"13,4 : 0.8839"
"4,14 : 0.7916"
"14,4 : 0.7916"
"4,15 : 0.1281"
"15,4 : 0.1281"
"4,16 : 0.102"
"16,4 : 0.102"
"4,17 : 0.9122"
"17,4 : 0.9122"
"4,18 : 0.3138"
"18,4 : 0.3138"
"4,19 : 0.4901"
"19,4 : 0.4901"
"4,20 : 0.2907"
"20,4 : 0.2907"
"4,21 : 0.7912"
"21,4 : 0.7912"
"4,22 : 0.0854"
"22,4 : 0.0854"
"4,23 : 0.7612"
"23,4 : 0.7612"
"4,24 : 0.1077"
"24,4 : 0.1077"
"4,25 : 0.7765"
"25,4 : 0.7765"
"4,26 : 0.7716"
"26,4 : 0.7716"
"4,27 : 0.9552"
"27,4 : 0.9552"
"4,28 : 0.4531"
"28,4 : 0.4531"
"4,29 : 0.7344"
"29,4 : 0.7344"
"4,30 : 0.7009"
"30,4 : 0.7009"
"4,31 : 0.658"
"31,4 : 0.658"
"4,32 : 0.525"
"32,4 : 0.525"
"4,33 : 0.74"
"33,4 : 0.74"
"4,34 : 0.3624"
"34,4 : 0.3624"
"4,35 : 0.1565"
"35,4 : 0.1565"
"4,36 : 0.1803"
"36,4 : 0.1803"
"4,37 : 0.8273"
"37,4 : 0.8273"
"4,38 : 0.8081"
"38,4 : 0.8081"
"4,39 : 0.2915"
"39,4 : 0.2915"
"4,40 : 0.8766"
"40,4 : 0.8766"
"4,41 : 0.7951"
"41,4 : 0.7951"
"4,42 : 0.8095"
"42,4 : 0.8095"
"4,43 : 0.5326"
"43,4 : 0.5326"
"4,44 : 0.7517"
"44,4 : 0.7517"
"4,45 : 0.7479"
"45,4 : 0.7479"
"4,46 : 0.7649"
"46,4 : 0.7649"
"4,47 : 0.3178"
"47,4 : 0.3178"
"4,48 : 0.7931"
"48,4 : 0.7931"
"4,49 : 0.0316"
"49,4 : 0.0316"
"4,50 : 0.25"
"50,4 : 0.25"
"4,51 : 0.2209"
"51,4 : 0.2209"
"4,52 : 0.8102"
"52,4 : 0.8102"
"4,53 : 0.3306"
"53,4 : 0.3306"
"4,54 : 0.2961"
"54,4 : 0.2961"
"4,55 : 0.5004"
"55,4 : 0.5004"
"4,56 : 1.1792"
"56,4 : 1.1792"
"4,57 : 0.0224"
"57,4 : 0.0224"
"4,58 : 0.1921"
"58,4 : 0.1921"
"4,59 : 0.5049"
"59,4 : 0.5049"
"4,60 : 0.4948"
"60,4 : 0.4948"
"4,61 : 0.246"
"61,4 : 0.246"
"4,62 : 0.6403"
"62,4 : 0.6403"
"4,63 : 0.4101"
"63,4 : 0.4101"
"4,64 : 0.5215"
"64,4 : 0.5215"
"4,65 : 0.8194"
"65,4 : 0.8194"
"4,66 : 0.5508"
"66,4 : 0.5508"
"4,67 : 1.0544"
"67,4 : 1.0544"
"4,68 : 0.7218"
"68,4 : 0.7218"
"4,69 : 1.1597"
"69,4 : 1.1597"
"4,70 : 0.9139"
"70,4 : 0.9139"
"4,71 : 0.8599"
"71,4 : 0.8599"
"4,72 : 0.7169"
"72,4 : 0.7169"
"4,73 : 0.4272"
"73,4 : 0.4272"
"4,74 : 0.4472"
"74,4 : 0.4472"
"4,75 : 0.8273"
"75,4 : 0.8273"
"4,76 : 0.4401"
"76,4 : 0.4401"
"4,77 : 0.7658"
"77,4 : 0.7658"
"4,78 : 0.764"
"78,4 : 0.764"
"4,79 : 0.5984"
"79,4 : 0.5984"
"4,80 : 0.9654"
"80,4 : 0.9654"
"4,81 : 0.5532"
"81,4 : 0.5532"
"4,82 : 0.0943"
"82,4 : 0.0943"
"4,83 : 0.1942"
"83,4 : 0.1942"
"4,84 : 0.8453"
"84,4 : 0.8453"
"4,85 : 0.5408"
"85,4 : 0.5408"
"4,86 : 0.6901"
"86,4 : 0.6901"
"4,87 : 0.4026"
"87,4 : 0.4026"
"4,88 : 0.611"
"88,4 : 0.611"
"4,89 : 0.4163"
"89,4 : 0.4163"
"4,90 : 1.0542"
"90,4 : 1.0542"
"4,91 : 0.563"
"91,4 : 0.563"
"4,92 : 0.73"
"92,4 : 0.73"
"4,93 : 0.7661"
"93,4 : 0.7661"
"4,94 : 0.7649"
"94,4 : 0.7649"
"4,95 : 1.0481"
"95,4 : 1.0481"
"4,96 : 0.4682"
"96,4 : 0.4682"
"4,97 : 0.0949"
"97,4 : 0.0949"
"4,98 : 0.365"
"98,4 : 0.365"
"4,99 : 0.8112"
"99,4 : 0.8112"
"5,6 : 0.7916"
"6,5 : 0.7916"
"5,7 : 0.5608"
"7,5 : 0.5608"
"5,8 : 0.0922"
"8,5 : 0.0922"
"5,9 : 0.7406"
"9,5 : 0.7406"
"5,10 : 0.1603"
"10,5 : 0.1603"
"5,11 : 0.7507"
"11,5 : 0.7507"
"5,12 : 0.2138"
"12,5 : 0.2138"
"5,13 : 0.5197"
"13,5 : 0.5197"
"5,14 : 0.7654"
"14,5 : 0.7654"
"5,15 : 1.0024"
"15,5 : 1.0024"
"5,16 : 1.0325"
"16,5 : 1.0325"
"5,17 : 0.1664"
"17,5 : 0.1664"
"5,18 : 0.9396"
"18,5 : 0.9396"
"5,19 : 0.7732"
"19,5 : 0.7732"
"5,20 : 0.9582"
"20,5 : 0.9582"
"5,21 : 0.3406"
"21,5 : 0.3406"
"5,22 : 0.986"
"22,5 : 0.986"
"5,23 : 0.6772"
"23,5 : 0.6772"
"5,24 : 0.8713"
"24,5 : 0.8713"
"5,25 : 0.9047"
"25,5 : 0.9047"
"5,26 : 0.314"
"26,5 : 0.314"
"5,27 : 0.1204"
"27,5 : 0.1204"
"5,28 : 0.6259"
"28,5 : 0.6259"
"5,29 : 0.7203"
"29,5 : 0.7203"
"5,30 : 0.2751"
"30,5 : 0.2751"
"5,31 : 0.3992"
"31,5 : 0.3992"
"5,32 : 0.4883"
"32,5 : 0.4883"
"5,33 : 0.3298"
"33,5 : 0.3298"
"5,34 : 0.6555"
"34,5 : 0.6555"
"5,35 : 0.9481"
"35,5 : 0.9481"
"5,36 : 0.9708"
"36,5 : 0.9708"
"5,37 : 0.2022"
"37,5 : 0.2022"
"5,38 : 0.1726"
"38,5 : 0.1726"
"5,39 : 0.8538"
"39,5 : 0.8538"
"5,40 : 0.2532"
"40,5 : 0.2532"
"5,41 : 0.8999"
"41,5 : 0.8999"
"5,42 : 0.1992"
"42,5 : 0.1992"
"5,43 : 0.4305"
"43,5 : 0.4305"
"5,44 : 0.2214"
"44,5 : 0.2214"
"5,45 : 0.4198"
"45,5 : 0.4198"
"5,46 : 0.2702"
"46,5 : 0.2702"
"5,47 : 0.7527"
"47,5 : 0.7527"
"5,48 : 0.3701"
"48,5 : 0.3701"
"5,49 : 0.9701"
"49,5 : 0.9701"
"5,50 : 0.771"
"50,5 : 0.771"
"5,51 : 0.8326"
"51,5 : 0.8326"
"5,52 : 0.3257"
"52,5 : 0.3257"
"5,53 : 0.794"
"53,5 : 0.794"
"5,54 : 0.7001"
"54,5 : 0.7001"
"5,55 : 0.644"
"55,5 : 0.644"
"5,56 : 0.3513"
"56,5 : 0.3513"
"5,57 : 0.9801"
"57,5 : 0.9801"
"5,58 : 0.7684"
"58,5 : 0.7684"
"5,59 : 0.5644"
"59,5 : 0.5644"
"5,60 : 0.6648"
"60,5 : 0.6648"
"5,61 : 0.7513"
"61,5 : 0.7513"
"5,62 : 0.804"
"62,5 : 0.804"
"5,63 : 0.8041"
"63,5 : 0.8041"
"5,64 : 0.821"
"64,5 : 0.821"
"5,65 : 0.4885"
"65,5 : 0.4885"
"5,66 : 0.6332"
"66,5 : 0.6332"
"5,67 : 0.3448"
"67,5 : 0.3448"
"5,68 : 0.2596"
"68,5 : 0.2596"
"5,69 : 0.255"
"69,5 : 0.255"
"5,70 : 0.2088"
"70,5 : 0.2088"
"5,71 : 0.4357"
"71,5 : 0.4357"
"5,72 : 0.3046"
"72,5 : 0.3046"
"5,73 : 0.9124"
"73,5 : 0.9124"
"5,74 : 0.7102"
"74,5 : 0.7102"
"5,75 : 0.7187"
"75,5 : 0.7187"
"5,76 : 0.5449"
"76,5 : 0.5449"
"5,77 : 0.2088"
"77,5 : 0.2088"
"5,78 : 0.1972"
"78,5 : 0.1972"
"5,79 : 0.6807"
"79,5 : 0.6807"
"5,80 : 0.0721"
"80,5 : 0.0721"
"5,81 : 0.4118"
"81,5 : 0.4118"
"5,82 : 0.9588"
"82,5 : 0.9588"
"5,83 : 0.7803"
"83,5 : 0.7803"
"5,84 : 0.6762"
"84,5 : 0.6762"
"5,85 : 0.8102"
"85,5 : 0.8102"
"5,86 : 0.7809"
"86,5 : 0.7809"
"5,87 : 0.8963"
"87,5 : 0.8963"
"5,88 : 0.5601"
"88,5 : 0.5601"
"5,89 : 0.636"
"89,5 : 0.636"
"5,90 : 0.1603"
"90,5 : 0.1603"
"5,91 : 0.4785"
"91,5 : 0.4785"
"5,92 : 0.5622"
"92,5 : 0.5622"
"5,93 : 0.1942"
"93,5 : 0.1942"
"5,94 : 0.247"
"94,5 : 0.247"
"5,95 : 0.0943"
"95,5 : 0.0943"
"5,96 : 0.6315"
"96,5 : 0.6315"
"5,97 : 0.9365"
"97,5 : 0.9365"
"5,98 : 0.8635"
"98,5 : 0.8635"
"5,99 : 0.17"
"99,5 : 0.17"
"6,7 : 0.4085"
"7,6 : 0.4085"
"6,8 : 0.7374"
"8,6 : 0.7374"
"6,9 : 1.0028"
"9,6 : 1.0028"
"6,10 : 0.6466"
"10,6 : 0.6466"
"6,11 : 0.8631"
"11,6 : 0.8631"
"6,12 : 0.6341"
"12,6 : 0.6341"
"6,13 : 0.2751"
"13,6 : 0.2751"
"6,14 : 0.1217"
"14,6 : 0.1217"
"6,15 : 0.8472"
"15,6 : 0.8472"
"6,16 : 0.9061"
"16,6 : 0.9061"
"6,17 : 0.6265"
"17,6 : 0.6265"
"6,18 : 0.6485"
"18,6 : 0.6485"
"6,19 : 0.4243"
"19,6 : 0.4243"
"6,20 : 0.6801"
"20,6 : 0.6801"
"6,21 : 0.9758"
"21,6 : 0.9758"
"6,22 : 0.9908"
"22,6 : 0.9908"
"6,23 : 0.1709"
"23,6 : 0.1709"
"6,24 : 0.8106"
"24,6 : 0.8106"
"6,25 : 0.2202"
"25,6 : 0.2202"
"6,26 : 0.9334"
"26,6 : 0.9334"
"6,27 : 0.6815"
"27,6 : 0.6815"
"6,28 : 0.5001"
"28,6 : 0.5001"
"6,29 : 0.1803"
"29,6 : 0.1803"
"6,30 : 0.6294"
"30,6 : 0.6294"
"6,31 : 0.9121"
"31,6 : 0.9121"
"6,32 : 0.8645"
"32,6 : 0.8645"
"6,33 : 0.9197"
"33,6 : 0.9197"
"6,34 : 0.5984"
"34,6 : 0.5984"
"6,35 : 0.7826"
"35,6 : 0.7826"
"6,36 : 0.7788"
"36,6 : 0.7788"
"6,37 : 0.6021"
"37,6 : 0.6021"
"6,38 : 0.6603"
"38,6 : 0.6603"
"6,39 : 0.628"
"39,6 : 0.628"
"6,40 : 0.9605"
"40,6 : 0.9605"
"6,41 : 0.2"
"41,6 : 0.2"
"6,42 : 0.845"
"42,6 : 0.845"
"6,43 : 0.6637"
"43,6 : 0.6637"
"6,44 : 0.653"
"44,6 : 0.653"
"6,45 : 0.397"
"45,6 : 0.397"
"6,46 : 0.5561"
"46,6 : 0.5561"
"6,47 : 0.6"
"47,6 : 0.6"
"6,48 : 1.0042"
"48,6 : 1.0042"
"6,49 : 0.9419"
"49,6 : 0.9419"
"6,50 : 0.9276"
"50,6 : 0.9276"
"6,51 : 0.6918"
"51,6 : 0.6918"
"6,52 : 0.4717"
"52,6 : 0.4717"
"6,53 : 0.5822"
"53,6 : 0.5822"
"6,54 : 0.878"
"54,6 : 0.878"
"6,55 : 1.0246"
"55,6 : 1.0246"
"6,56 : 0.68"
"56,6 : 0.68"
"6,57 : 0.9334"
"57,6 : 0.9334"
"6,58 : 0.794"
"58,6 : 0.794"
"6,59 : 0.9437"
"59,6 : 0.9437"
"6,60 : 0.4329"
"60,6 : 0.4329"
"6,61 : 0.6912"
"61,6 : 0.6912"
"6,62 : 0.2846"
"62,6 : 0.2846"
"6,63 : 0.5064"
"63,6 : 0.5064"
"6,64 : 0.4052"
"64,6 : 0.4052"
"6,65 : 0.3053"
"65,6 : 0.3053"
"6,66 : 1.0555"
"66,6 : 1.0555"
"6,67 : 0.5423"
"67,6 : 0.5423"
"6,68 : 0.6229"
"68,6 : 0.6229"
"6,69 : 0.7666"
"69,6 : 0.7666"
"6,70 : 0.9463"
"70,6 : 0.9463"
"6,71 : 1.1031"
"71,6 : 1.1031"
"6,72 : 0.8631"
"72,6 : 0.8631"
"6,73 : 0.5349"
"73,6 : 0.5349"
"6,74 : 0.4701"
"74,6 : 0.4701"
"6,75 : 0.0985"
"75,6 : 0.0985"
"6,76 : 0.8235"
"76,6 : 0.8235"
"6,77 : 0.6544"
"77,6 : 0.6544"
"6,78 : 0.7029"
"78,6 : 0.7029"
"6,79 : 0.3214"
"79,6 : 0.3214"
"6,80 : 0.7301"
"80,6 : 0.7301"
"6,81 : 0.6519"
"81,6 : 0.6519"
"6,82 : 0.8386"
"82,6 : 0.8386"
"6,83 : 0.7511"
"83,6 : 0.7511"
"6,84 : 0.1204"
"84,6 : 0.1204"
"6,85 : 0.3833"
"85,6 : 0.3833"
"6,86 : 0.228"
"86,6 : 0.228"
"6,87 : 0.5471"
"87,6 : 0.5471"
"6,88 : 0.3716"
"88,6 : 0.3716"
"6,89 : 0.5394"
"89,6 : 0.5394"
"6,90 : 0.7253"
"90,6 : 0.7253"
"6,91 : 0.5012"
"91,6 : 0.5012"
"6,92 : 1.1241"
"92,6 : 1.1241"
"6,93 : 0.717"
"93,6 : 0.717"
"6,94 : 0.849"
"94,6 : 0.849"
"6,95 : 0.8065"
"95,6 : 0.8065"
"6,96 : 0.4785"
"96,6 : 0.4785"
"6,97 : 0.8261"
"97,6 : 0.8261"
"6,98 : 0.5652"
"98,6 : 0.5652"
"6,99 : 0.8043"
"99,6 : 0.8043"
"7,8 : 0.5532"
"8,7 : 0.5532"
"7,9 : 0.5967"
"9,7 : 0.5967"
"7,10 : 0.402"
"10,7 : 0.402"
"7,11 : 0.47"
"11,7 : 0.47"
"7,12 : 0.3501"
"12,7 : 0.3501"
"7,13 : 0.3102"
"13,7 : 0.3102"
"7,14 : 0.3106"
"14,7 : 0.3106"
"7,15 : 0.5522"
"15,7 : 0.5522"
"7,16 : 0.6021"
"16,7 : 0.6021"
"7,17 : 0.4368"
"17,7 : 0.4368"
"7,18 : 0.4162"
"18,7 : 0.4162"
"7,19 : 0.2138"
"19,7 : 0.2138"
"7,20 : 0.442"
"20,7 : 0.442"
"7,21 : 0.6227"
"21,7 : 0.6227"
"7,22 : 0.6389"
"22,7 : 0.6389"
"7,23 : 0.2377"
"23,7 : 0.2377"
"7,24 : 0.4662"
"24,7 : 0.4662"
"7,25 : 0.4"
"25,7 : 0.4"
"7,26 : 0.5818"
"26,7 : 0.5818"
"7,27 : 0.4948"
"27,7 : 0.4948"
"7,28 : 0.1208"
"28,7 : 0.1208"
"7,29 : 0.2441"
"29,7 : 0.2441"
"7,30 : 0.3059"
"30,7 : 0.3059"
"7,31 : 0.5326"
"31,7 : 0.5326"
"7,32 : 0.464"
"32,7 : 0.464"
"7,33 : 0.5608"
"33,7 : 0.5608"
"7,34 : 0.2159"
"34,7 : 0.2159"
"7,35 : 0.486"
"35,7 : 0.486"
"7,36 : 0.4968"
"36,7 : 0.4968"
"7,37 : 0.365"
"37,7 : 0.365"
"7,38 : 0.39"
"38,7 : 0.39"
"7,39 : 0.3466"
"39,7 : 0.3466"
"7,40 : 0.6391"
"40,7 : 0.6391"
"7,41 : 0.4046"
"41,7 : 0.4046"
"7,42 : 0.525"
"42,7 : 0.525"
"7,43 : 0.2687"
"43,7 : 0.2687"
"7,44 : 0.3523"
"44,7 : 0.3523"
"7,45 : 0.1921"
"45,7 : 0.1921"
"7,46 : 0.2927"
"46,7 : 0.2927"
"7,47 : 0.2663"
"47,7 : 0.2663"
"7,48 : 0.6466"
"48,7 : 0.6466"
"7,49 : 0.5981"
"49,7 : 0.5981"
"7,50 : 0.5308"
"50,7 : 0.5308"
"7,51 : 0.3689"
"51,7 : 0.3689"
"7,52 : 0.2818"
"52,7 : 0.2818"
"7,53 : 0.2828"
"53,7 : 0.2828"
"7,54 : 0.4752"
"54,7 : 0.4752"
"7,55 : 0.6172"
"55,7 : 0.6172"
"7,56 : 0.6522"
"56,7 : 0.6522"
"7,57 : 0.5962"
"57,7 : 0.5962"
"7,58 : 0.4159"
"58,7 : 0.4159"
"7,59 : 0.5385"
"59,7 : 0.5385"
"7,60 : 0.1118"
"60,7 : 0.1118"
"7,61 : 0.3289"
"61,7 : 0.3289"
"7,62 : 0.264"
"62,7 : 0.264"
"7,63 : 0.2594"
"63,7 : 0.2594"
"7,64 : 0.2602"
"64,7 : 0.2602"
"7,65 : 0.246"
"65,7 : 0.246"
"7,66 : 0.65"
"66,7 : 0.65"
"7,67 : 0.5109"
"67,7 : 0.5109"
"7,68 : 0.3126"
"68,7 : 0.3126"
"7,69 : 0.6712"
"69,7 : 0.6712"
"7,70 : 0.6429"
"70,7 : 0.6429"
"7,71 : 0.7463"
"71,7 : 0.7463"
"7,72 : 0.5061"
"72,7 : 0.5061"
"7,73 : 0.3606"
"73,7 : 0.3606"
"7,74 : 0.1664"
"74,7 : 0.1664"
"7,75 : 0.3102"
"75,7 : 0.3102"
"7,76 : 0.4159"
"76,7 : 0.4159"
"7,77 : 0.3612"
"77,7 : 0.3612"
"7,78 : 0.3962"
"78,7 : 0.3962"
"7,79 : 0.1342"
"79,7 : 0.1342"
"7,80 : 0.5277"
"80,7 : 0.5277"
"7,81 : 0.2625"
"81,7 : 0.2625"
"7,82 : 0.5248"
"82,7 : 0.5248"
"7,83 : 0.386"
"83,7 : 0.386"
"7,84 : 0.3059"
"84,7 : 0.3059"
"7,85 : 0.2502"
"85,7 : 0.2502"
"7,86 : 0.264"
"86,7 : 0.264"
"7,87 : 0.3493"
"87,7 : 0.3493"
"7,88 : 0.04"
"88,7 : 0.04"
"7,89 : 0.1581"
"89,7 : 0.1581"
"7,90 : 0.5819"
"90,7 : 0.5819"
"7,91 : 0.1082"
"91,7 : 0.1082"
"7,92 : 0.7355"
"92,7 : 0.7355"
"7,93 : 0.4079"
"93,7 : 0.4079"
"7,94 : 0.5108"
"94,7 : 0.5108"
"7,95 : 0.6198"
"95,7 : 0.6198"
"7,96 : 0.1082"
"96,7 : 0.1082"
"7,97 : 0.5061"
"97,7 : 0.5061"
"7,98 : 0.3276"
"98,7 : 0.3276"
"7,99 : 0.4948"
"99,7 : 0.4948"
"8,9 : 0.8062"
"9,8 : 0.8062"
"8,10 : 0.1612"
"10,8 : 0.1612"
"8,11 : 0.7998"
"11,8 : 0.7998"
"8,12 : 0.2302"
"12,8 : 0.2302"
"8,13 : 0.4624"
"13,8 : 0.4624"
"8,14 : 0.7237"
"14,8 : 0.7237"
"8,15 : 1.0317"
"15,8 : 1.0317"
"8,16 : 1.0661"
"16,8 : 1.0661"
"8,17 : 0.12"
"17,8 : 0.12"
"8,18 : 0.9508"
"18,8 : 0.9508"
"8,19 : 0.7669"
"19,8 : 0.7669"
"8,20 : 0.9717"
"20,8 : 0.9717"
"8,21 : 0.43"
"21,8 : 0.43"
"8,22 : 1.0324"
"22,8 : 1.0324"
"8,23 : 0.6379"
"23,8 : 0.6379"
"8,24 : 0.906"
"24,8 : 0.906"
"8,25 : 0.8683"
"25,8 : 0.8683"
"8,26 : 0.4011"
"26,8 : 0.4011"
"8,27 : 0.06"
"27,8 : 0.06"
"8,28 : 0.6332"
"28,8 : 0.6332"
"8,29 : 0.6847"
"29,8 : 0.6847"
"8,30 : 0.3"
"30,8 : 0.3"
"8,31 : 0.478"
"31,8 : 0.478"
"8,32 : 0.5547"
"32,8 : 0.5547"
"8,33 : 0.4144"
"33,8 : 0.4144"
"8,34 : 0.676"
"34,8 : 0.676"
"8,35 : 0.9742"
"35,8 : 0.9742"
"8,36 : 0.9948"
"36,8 : 0.9948"
"8,37 : 0.1897"
"37,8 : 0.1897"
"8,38 : 0.1921"
"38,8 : 0.1921"
"8,39 : 0.8682"
"39,8 : 0.8682"
"8,40 : 0.3453"
"40,8 : 0.3453"
"8,41 : 0.8615"
"41,8 : 0.8615"
"8,42 : 0.2828"
"42,8 : 0.2828"
"8,43 : 0.4675"
"43,8 : 0.4675"
"8,44 : 0.2484"
"44,8 : 0.2484"
"8,45 : 0.39"
"45,8 : 0.39"
"8,46 : 0.2625"
"46,8 : 0.2625"
"8,47 : 0.7692"
"47,8 : 0.7692"
"8,48 : 0.4601"
"48,8 : 0.4601"
"8,49 : 1.0124"
"49,8 : 1.0124"
"8,50 : 0.8262"
"50,8 : 0.8262"
"8,51 : 0.8559"
"51,8 : 0.8559"
"8,52 : 0.2902"
"52,8 : 0.2902"
"8,53 : 0.8062"
"53,8 : 0.8062"
"8,54 : 0.7543"
"54,8 : 0.7543"
"8,55 : 0.7187"
"55,8 : 0.7187"
"8,56 : 0.2602"
"56,8 : 0.2602"
"8,57 : 1.0207"
"57,8 : 1.0207"
"8,58 : 0.8081"
"58,8 : 0.8081"
"8,59 : 0.6356"
"59,8 : 0.6356"
"8,60 : 0.6622"
"60,8 : 0.6622"
"8,61 : 0.7794"
"61,8 : 0.7794"
"8,62 : 0.7801"
"62,8 : 0.7801"
"8,63 : 0.8065"
"63,8 : 0.8065"
"8,64 : 0.8105"
"64,8 : 0.8105"
"8,65 : 0.4415"
"65,8 : 0.4415"
"8,66 : 0.7117"
"66,8 : 0.7117"
"8,67 : 0.2581"
"67,8 : 0.2581"
"8,68 : 0.2802"
"68,8 : 0.2802"
"8,69 : 0.1746"
"69,8 : 0.1746"
"8,70 : 0.3008"
"70,8 : 0.3008"
"8,71 : 0.5277"
"71,8 : 0.5277"
"8,72 : 0.3833"
"72,8 : 0.3833"
"8,73 : 0.9121"
"73,8 : 0.9121"
"8,74 : 0.7117"
"74,8 : 0.7117"
"8,75 : 0.6719"
"75,8 : 0.6719"
"8,76 : 0.6022"
"76,8 : 0.6022"
"8,77 : 0.2343"
"77,8 : 0.2343"
"8,78 : 0.2421"
"78,8 : 0.2421"
"8,79 : 0.6627"
"79,8 : 0.6627"
"8,80 : 0.0361"
"80,8 : 0.0361"
"8,81 : 0.4469"
"81,8 : 0.4469"
"8,82 : 0.9905"
"82,8 : 0.9905"
"8,83 : 0.814"
"83,8 : 0.814"
"8,84 : 0.6264"
"84,8 : 0.6264"
"8,85 : 0.7976"
"85,8 : 0.7976"
"8,86 : 0.7511"
"86,8 : 0.7511"
"8,87 : 0.8984"
"87,8 : 0.8984"
"8,88 : 0.5459"
"88,8 : 0.5459"
"8,89 : 0.6488"
"89,8 : 0.6488"
"8,90 : 0.0707"
"90,8 : 0.0707"
"8,91 : 0.4847"
"91,8 : 0.4847"
"8,92 : 0.6507"
"92,8 : 0.6507"
"8,93 : 0.2441"
"93,8 : 0.2441"
"8,94 : 0.3276"
"94,8 : 0.3276"
"8,95 : 0.0707"
"95,8 : 0.0707"
"8,96 : 0.6357"
"96,8 : 0.6357"
"8,97 : 0.9683"
"97,8 : 0.9683"
"8,98 : 0.8698"
"98,8 : 0.8698"
"8,99 : 0.2474"
"99,8 : 0.2474"
"9,10 : 0.6723"
"10,9 : 0.6723"
"9,11 : 0.178"
"11,9 : 0.178"
"9,12 : 0.6075"
"12,9 : 0.6075"
"9,13 : 0.8705"
"13,9 : 0.8705"
"9,14 : 0.8954"
"14,9 : 0.8954"
"9,15 : 0.478"
"15,9 : 0.478"
"9,16 : 0.4653"
"16,9 : 0.4653"
"9,17 : 0.7539"
"17,9 : 0.7539"
"9,18 : 0.5882"
"18,9 : 0.5882"
"9,19 : 0.6435"
"19,9 : 0.6435"
"9,20 : 0.5798"
"20,9 : 0.5798"
"9,21 : 0.4826"
"21,9 : 0.4826"
"9,22 : 0.3314"
"22,9 : 0.3314"
"9,23 : 0.8324"
"23,9 : 0.8324"
"9,24 : 0.3534"
"24,9 : 0.3534"
"9,25 : 0.9402"
"25,9 : 0.9402"
"9,26 : 0.4763"
"26,9 : 0.4763"
"9,27 : 0.7782"
"27,9 : 0.7782"
"9,28 : 0.507"
"28,9 : 0.507"
"9,29 : 0.8287"
"29,9 : 0.8287"
"9,30 : 0.5441"
"30,9 : 0.5441"
"9,31 : 0.3612"
"31,9 : 0.3612"
"9,32 : 0.2524"
"32,9 : 0.2524"
"9,33 : 0.4469"
"33,9 : 0.4469"
"9,34 : 0.4159"
"34,9 : 0.4159"
"9,35 : 0.4701"
"35,9 : 0.4701"
"9,36 : 0.5016"
"36,9 : 0.5016"
"9,37 : 0.6768"
"37,9 : 0.6768"
"9,38 : 0.6316"
"38,9 : 0.6316"
"9,39 : 0.5174"
"39,9 : 0.5174"
"9,40 : 0.5841"
"40,9 : 0.5841"
"9,41 : 0.9529"
"41,9 : 0.9529"
"9,42 : 0.5532"
"42,9 : 0.5532"
"9,43 : 0.3932"
"43,9 : 0.3932"
"9,44 : 0.5794"
"44,9 : 0.5794"
"9,45 : 0.7001"
"45,9 : 0.7001"
"9,46 : 0.6379"
"46,9 : 0.6379"
"9,47 : 0.4623"
"47,9 : 0.4623"
"9,48 : 0.4751"
"48,9 : 0.4751"
"9,49 : 0.3506"
"49,9 : 0.3506"
"9,50 : 0.1208"
"50,9 : 0.1208"
"9,51 : 0.4342"
"51,9 : 0.4342"
"9,52 : 0.7185"
"52,9 : 0.7185"
"9,53 : 0.5099"
"53,9 : 0.5099"
"9,54 : 0.1304"
"54,9 : 0.1304"
"9,55 : 0.1432"
"55,9 : 0.1432"
"9,56 : 1.0362"
"56,9 : 1.0362"
"9,57 : 0.3712"
"57,9 : 0.3712"
"9,58 : 0.2702"
"58,9 : 0.2702"
"9,59 : 0.1844"
"59,9 : 0.1844"
"9,60 : 0.5818"
"60,9 : 0.5818"
"9,61 : 0.368"
"61,9 : 0.368"
"9,62 : 0.7877"
"62,9 : 0.7877"
"9,63 : 0.5903"
"63,9 : 0.5903"
"9,64 : 0.6963"
"64,9 : 0.6963"
"9,65 : 0.8006"
"65,9 : 0.8006"
"9,66 : 0.191"
"66,9 : 0.191"
"9,67 : 0.9437"
"67,9 : 0.9437"
"9,68 : 0.5661"
"68,9 : 0.5661"
"9,69 : 0.9801"
"69,9 : 0.9801"
"9,70 : 0.6313"
"70,9 : 0.6313"
"9,71 : 0.522"
"71,9 : 0.522"
"9,72 : 0.446"
"72,9 : 0.446"
"9,73 : 0.6648"
"73,9 : 0.6648"
"9,74 : 0.5644"
"74,9 : 0.5644"
"9,75 : 0.9052"
"75,9 : 0.9052"
"9,76 : 0.2159"
"76,9 : 0.2159"
"9,77 : 0.5924"
"77,9 : 0.5924"
"9,78 : 0.568"
"78,9 : 0.568"
"9,79 : 0.6908"
"79,9 : 0.6908"
"9,80 : 0.7703"
"80,9 : 0.7703"
"9,81 : 0.4144"
"81,9 : 0.4144"
"9,82 : 0.4301"
"82,9 : 0.4301"
"9,83 : 0.3265"
"83,9 : 0.3265"
"9,84 : 0.9024"
"84,9 : 0.9024"
"9,85 : 0.7072"
"85,9 : 0.7072"
"9,86 : 0.8186"
"86,9 : 0.8186"
"9,87 : 0.6366"
"87,9 : 0.6366"
"9,88 : 0.6356"
"88,9 : 0.6356"
"9,89 : 0.4701"
"89,9 : 0.4701"
"9,90 : 0.8724"
"90,9 : 0.8724"
"9,91 : 0.5224"
"91,9 : 0.5224"
"9,92 : 0.3734"
"92,9 : 0.3734"
"9,93 : 0.5636"
"93,9 : 0.5636"
"9,94 : 0.5033"
"94,9 : 0.5033"
"9,95 : 0.8349"
"95,9 : 0.8349"
"9,96 : 0.5292"
"96,9 : 0.5292"
"9,97 : 0.4144"
"97,9 : 0.4144"
"9,98 : 0.5869"
"98,9 : 0.5869"
"9,99 : 0.572"
"99,9 : 0.572"
"10,11 : 0.6482"
"11,10 : 0.6482"
"10,12 : 0.0707"
"12,10 : 0.0707"
"10,13 : 0.3829"
"13,10 : 0.3829"
"10,14 : 0.611"
"14,10 : 0.611"
"10,15 : 0.8709"
"15,10 : 0.8709"
"10,16 : 0.906"
"16,10 : 0.906"
"10,17 : 0.0825"
"17,10 : 0.0825"
"10,18 : 0.7912"
"18,10 : 0.7912"
"10,19 : 0.6152"
"19,10 : 0.6152"
"10,20 : 0.8115"
"20,10 : 0.8115"
"10,21 : 0.377"
"21,10 : 0.377"
"10,22 : 0.8778"
"22,10 : 0.8778"
"10,23 : 0.522"
"23,10 : 0.522"
"10,24 : 0.7465"
"24,10 : 0.7465"
"10,25 : 0.7473"
"25,10 : 0.7473"
"10,26 : 0.3384"
"26,10 : 0.3384"
"10,27 : 0.1131"
"27,10 : 0.1131"
"10,28 : 0.4743"
"28,10 : 0.4743"
"10,29 : 0.5632"
"29,10 : 0.5632"
"10,30 : 0.1414"
"30,10 : 0.1414"
"10,31 : 0.3801"
"31,10 : 0.3801"
"10,32 : 0.4272"
"32,10 : 0.4272"
"10,33 : 0.3396"
"33,10 : 0.3396"
"10,34 : 0.5148"
"34,10 : 0.5148"
"10,35 : 0.813"
"35,10 : 0.813"
"10,36 : 0.8335"
"36,10 : 0.8335"
"10,37 : 0.0447"
"37,10 : 0.0447"
"10,38 : 0.0412"
"38,10 : 0.0412"
"10,39 : 0.7077"
"39,10 : 0.7077"
"10,40 : 0.328"
"40,10 : 0.328"
"10,41 : 0.7433"
"41,10 : 0.7433"
"10,42 : 0.2236"
"42,10 : 0.2236"
"10,43 : 0.3114"
"43,10 : 0.3114"
"10,44 : 0.0943"
"44,10 : 0.0943"
"10,45 : 0.2625"
"45,10 : 0.2625"
"10,46 : 0.11"
"46,10 : 0.11"
"10,47 : 0.6084"
"47,10 : 0.6084"
"10,48 : 0.4085"
"48,10 : 0.4085"
"10,49 : 0.8556"
"49,10 : 0.8556"
"10,50 : 0.6796"
"50,10 : 0.6796"
"10,51 : 0.6946"
"51,10 : 0.6946"
"10,52 : 0.1749"
"52,10 : 0.1749"
"10,53 : 0.6462"
"53,10 : 0.6462"
"10,54 : 0.6075"
"54,10 : 0.6075"
"10,55 : 0.6021"
"55,10 : 0.6021"
"10,56 : 0.364"
"56,10 : 0.364"
"10,57 : 0.8631"
"57,10 : 0.8631"
"10,58 : 0.6507"
"58,10 : 0.6507"
"10,59 : 0.5142"
"59,10 : 0.5142"
"10,60 : 0.508"
"60,10 : 0.508"
"10,61 : 0.6185"
"61,10 : 0.6185"
"10,62 : 0.6438"
"62,10 : 0.6438"
"10,63 : 0.65"
"63,10 : 0.65"
"10,64 : 0.6619"
"64,10 : 0.6619"
"10,65 : 0.3413"
"65,10 : 0.3413"
"10,66 : 0.6041"
"66,10 : 0.6041"
"10,67 : 0.2902"
"67,10 : 0.2902"
"10,68 : 0.1204"
"68,10 : 0.1204"
"10,69 : 0.3189"
"69,10 : 0.3189"
"10,70 : 0.3041"
"70,10 : 0.3041"
"10,71 : 0.4965"
"71,10 : 0.4965"
"10,72 : 0.2927"
"72,10 : 0.2927"
"10,73 : 0.7571"
"73,10 : 0.7571"
"10,74 : 0.5554"
"74,10 : 0.5554"
"10,75 : 0.568"
"75,10 : 0.568"
"10,76 : 0.4607"
"76,10 : 0.4607"
"10,77 : 0.0806"
"77,10 : 0.0806"
"10,78 : 0.1105"
"78,10 : 0.1105"
"10,79 : 0.5204"
"79,10 : 0.5204"
"10,80 : 0.13"
"80,10 : 0.13"
"10,81 : 0.29"
"81,10 : 0.29"
"10,82 : 0.8301"
"82,10 : 0.8301"
"10,83 : 0.6544"
"83,10 : 0.6544"
"10,84 : 0.5284"
"84,10 : 0.5284"
"10,85 : 0.6507"
"85,10 : 0.6507"
"10,86 : 0.6217"
"86,10 : 0.6217"
"10,87 : 0.7422"
"87,10 : 0.7422"
"10,88 : 0.4"
"88,10 : 0.4"
"10,89 : 0.4885"
"89,10 : 0.4885"
"10,90 : 0.2121"
"90,10 : 0.2121"
"10,91 : 0.3257"
"91,10 : 0.3257"
"10,92 : 0.5805"
"92,10 : 0.5805"
"10,93 : 0.12"
"93,10 : 0.12"
"10,94 : 0.25"
"94,10 : 0.25"
"10,95 : 0.2214"
"95,10 : 0.2214"
"10,96 : 0.478"
"96,10 : 0.478"
"10,97 : 0.808"
"97,10 : 0.808"
"10,98 : 0.7117"
"98,10 : 0.7117"
"10,99 : 0.1789"
"99,10 : 0.1789"
"11,12 : 0.578"
"12,11 : 0.578"
"11,13 : 0.7679"
"13,11 : 0.7679"
"11,14 : 0.7495"
"14,11 : 0.7495"
"11,15 : 0.3206"
"15,11 : 0.3206"
"11,16 : 0.3225"
"16,11 : 0.3225"
"11,17 : 0.7242"
"17,11 : 0.7242"
"11,18 : 0.4105"
"18,11 : 0.4105"
"11,19 : 0.4785"
"19,11 : 0.4785"
"11,20 : 0.4031"
"20,11 : 0.4031"
"11,21 : 0.5632"
"21,11 : 0.5632"
"11,22 : 0.236"
"22,11 : 0.236"
"11,23 : 0.6958"
"23,11 : 0.6958"
"11,24 : 0.1844"
"24,11 : 0.1844"
"11,25 : 0.7788"
"25,11 : 0.7788"
"11,26 : 0.5442"
"26,11 : 0.5442"
"11,27 : 0.7606"
"27,11 : 0.7606"
"11,28 : 0.3635"
"28,11 : 0.3635"
"11,29 : 0.6845"
"29,11 : 0.6845"
"11,30 : 0.508"
"30,11 : 0.508"
"11,31 : 0.4301"
"31,11 : 0.4301"
"11,32 : 0.2973"
"32,11 : 0.2973"
"11,33 : 0.5126"
"33,11 : 0.5126"
"11,34 : 0.2648"
"34,11 : 0.2648"
"11,35 : 0.3008"
"35,11 : 0.3008"
"11,36 : 0.3324"
"36,11 : 0.3324"
"11,37 : 0.6407"
"37,11 : 0.6407"
"11,38 : 0.6107"
"38,11 : 0.6107"
"11,39 : 0.3397"
"39,11 : 0.3397"
"11,40 : 0.65"
"40,11 : 0.65"
"11,41 : 0.7931"
"41,11 : 0.7931"
"11,42 : 0.5883"
"42,11 : 0.5883"
"11,43 : 0.3384"
"43,11 : 0.3384"
"11,44 : 0.5544"
"44,11 : 0.5544"
"11,45 : 0.6088"
"45,11 : 0.6088"
"11,46 : 0.5867"
"46,11 : 0.5867"
"11,47 : 0.2915"
"47,11 : 0.2915"
"11,48 : 0.5652"
"48,11 : 0.5652"
"11,49 : 0.2285"
"49,11 : 0.2285"
"11,50 : 0.0671"
"50,11 : 0.0671"
"11,51 : 0.2561"
"51,11 : 0.2561"
"11,52 : 0.65"
"52,11 : 0.65"
"11,53 : 0.336"
"53,11 : 0.336"
"11,54 : 0.07"
"54,11 : 0.07"
"11,55 : 0.2912"
"55,11 : 0.2912"
"11,56 : 1.0017"
"56,11 : 1.0017"
"11,57 : 0.2435"
"57,11 : 0.2435"
"11,58 : 0.0922"
"58,11 : 0.0922"
"11,59 : 0.2802"
"59,11 : 0.2802"
"11,60 : 0.4317"
"60,11 : 0.4317"
"11,61 : 0.1942"
"61,11 : 0.1942"
"11,62 : 0.6277"
"62,11 : 0.6277"
"11,63 : 0.4188"
"63,11 : 0.4188"
"11,64 : 0.5284"
"64,11 : 0.5284"
"11,65 : 0.6987"
"65,11 : 0.6987"
"11,66 : 0.3421"
"66,11 : 0.3421"
"11,67 : 0.89"
"67,11 : 0.89"
"11,68 : 0.5301"
"68,11 : 0.5301"
"11,69 : 0.9667"
"69,11 : 0.9667"
"11,70 : 0.6888"
"70,11 : 0.6888"
"11,71 : 0.6339"
"71,11 : 0.6339"
"11,72 : 0.4919"
"72,11 : 0.4919"
"11,73 : 0.488"
"73,11 : 0.488"
"11,74 : 0.405"
"74,11 : 0.405"
"11,75 : 0.7679"
"75,11 : 0.7679"
"11,76 : 0.2147"
"76,11 : 0.2147"
"11,77 : 0.5685"
"77,11 : 0.5685"
"11,78 : 0.5587"
"78,11 : 0.5587"
"11,79 : 0.5434"
"79,11 : 0.5434"
"11,80 : 0.7642"
"80,11 : 0.7642"
"11,81 : 0.3606"
"81,11 : 0.3606"
"11,82 : 0.2707"
"82,11 : 0.2707"
"11,83 : 0.1487"
"83,11 : 0.1487"
"11,84 : 0.7723"
"84,11 : 0.7723"
"11,85 : 0.5412"
"85,11 : 0.5412"
"11,86 : 0.6641"
"86,11 : 0.6641"
"11,87 : 0.4597"
"87,11 : 0.4597"
"11,88 : 0.51"
"88,11 : 0.51"
"11,89 : 0.3239"
"89,11 : 0.3239"
"11,90 : 0.8591"
"90,11 : 0.8591"
"11,91 : 0.4198"
"91,11 : 0.4198"
"11,92 : 0.5135"
"92,11 : 0.5135"
"11,93 : 0.5587"
"93,11 : 0.5587"
"11,94 : 0.542"
"94,11 : 0.542"
"11,95 : 0.8417"
"95,11 : 0.8417"
"11,96 : 0.3847"
"96,11 : 0.3847"
"11,97 : 0.2518"
"97,11 : 0.2518"
"11,98 : 0.4104"
"98,11 : 0.4104"
"11,99 : 0.5941"
"99,11 : 0.5941"
"12,13 : 0.3842"
"13,12 : 0.3842"
"12,14 : 0.5859"
"14,12 : 0.5859"
"12,15 : 0.8016"
"15,12 : 0.8016"
"12,16 : 0.836"
"16,12 : 0.836"
"12,17 : 0.1476"
"17,12 : 0.1476"
"12,18 : 0.7273"
"18,12 : 0.7273"
"12,19 : 0.5608"
"19,12 : 0.5608"
"12,20 : 0.7467"
"20,12 : 0.7467"
"12,21 : 0.3551"
"21,12 : 0.3551"
"12,22 : 0.8072"
"22,12 : 0.8072"
"12,23 : 0.4965"
"23,12 : 0.4965"
"12,24 : 0.6762"
"24,12 : 0.6762"
"12,25 : 0.7151"
"25,12 : 0.7151"
"12,26 : 0.3138"
"26,12 : 0.3138"
"12,27 : 0.1838"
"27,12 : 0.1838"
"12,28 : 0.4123"
"28,12 : 0.4123"
"12,29 : 0.5331"
"29,12 : 0.5331"
"12,30 : 0.0707"
"30,12 : 0.0707"
"12,31 : 0.3354"
"31,12 : 0.3354"
"12,32 : 0.3667"
"32,12 : 0.3667"
"12,33 : 0.3087"
"33,12 : 0.3087"
"12,34 : 0.4472"
"34,12 : 0.4472"
"12,35 : 0.7443"
"35,12 : 0.7443"
"12,36 : 0.7654"
"36,12 : 0.7654"
"12,37 : 0.0707"
"37,12 : 0.0707"
"12,38 : 0.0412"
"38,12 : 0.0412"
"12,39 : 0.6426"
"39,12 : 0.6426"
"12,40 : 0.3265"
"40,12 : 0.3265"
"12,41 : 0.7131"
"41,12 : 0.7131"
"12,42 : 0.2121"
"42,12 : 0.2121"
"12,43 : 0.2408"
"43,12 : 0.2408"
"12,44 : 0.03"
"44,12 : 0.03"
"12,45 : 0.2385"
"45,12 : 0.2385"
"12,46 : 0.0781"
"46,12 : 0.0781"
"12,47 : 0.5423"
"47,12 : 0.5423"
"12,48 : 0.3859"
"48,12 : 0.3859"
"12,49 : 0.7849"
"49,12 : 0.7849"
"12,50 : 0.6106"
"50,12 : 0.6106"
"12,51 : 0.6265"
"51,12 : 0.6265"
"12,52 : 0.172"
"52,12 : 0.172"
"12,53 : 0.5819"
"53,12 : 0.5819"
"12,54 : 0.5385"
"54,12 : 0.5385"
"12,55 : 0.5445"
"55,12 : 0.5445"
"12,56 : 0.4295"
"56,12 : 0.4295"
"12,57 : 0.7925"
"57,12 : 0.7925"
"12,58 : 0.58"
"58,12 : 0.58"
"12,59 : 0.4554"
"59,12 : 0.4554"
"12,60 : 0.4518"
"60,12 : 0.4518"
"12,61 : 0.5492"
"61,12 : 0.5492"
"12,62 : 0.6021"
"62,12 : 0.6021"
"12,63 : 0.5903"
"63,12 : 0.5903"
"12,64 : 0.61"
"64,12 : 0.61"
"12,65 : 0.3324"
"65,12 : 0.3324"
"12,66 : 0.5504"
"66,12 : 0.5504"
"12,67 : 0.3423"
"67,12 : 0.3423"
"12,68 : 0.05"
"68,12 : 0.05"
"12,69 : 0.3895"
"69,12 : 0.3895"
"12,70 : 0.3138"
"70,12 : 0.3138"
"12,71 : 0.4801"
"71,12 : 0.4801"
"12,72 : 0.2563"
"72,12 : 0.2563"
"12,73 : 0.6987"
"73,12 : 0.6987"
"12,74 : 0.4965"
"74,12 : 0.4965"
"12,75 : 0.5492"
"75,12 : 0.5492"
"12,76 : 0.394"
"76,12 : 0.394"
"12,77 : 0.0224"
"77,12 : 0.0224"
"12,78 : 0.0721"
"78,12 : 0.0721"
"12,79 : 0.4752"
"79,12 : 0.4752"
"12,80 : 0.1972"
"80,12 : 0.1972"
"12,81 : 0.2193"
"81,12 : 0.2193"
"12,82 : 0.7603"
"82,12 : 0.7603"
"12,83 : 0.5841"
"83,12 : 0.5841"
"12,84 : 0.514"
"84,12 : 0.514"
"12,85 : 0.6003"
"85,12 : 0.6003"
"12,86 : 0.5852"
"86,12 : 0.5852"
"12,87 : 0.6825"
"87,12 : 0.6825"
"12,88 : 0.3536"
"88,12 : 0.3536"
"12,89 : 0.4238"
"89,12 : 0.4238"
"12,90 : 0.2828"
"90,12 : 0.2828"
"12,91 : 0.2648"
"91,12 : 0.2648"
"12,92 : 0.5441"
"92,12 : 0.5441"
"12,93 : 0.086"
"93,12 : 0.086"
"12,94 : 0.2247"
"94,12 : 0.2247"
"12,95 : 0.2864"
"95,12 : 0.2864"
"12,96 : 0.4177"
"96,12 : 0.4177"
"12,97 : 0.7382"
"97,12 : 0.7382"
"12,98 : 0.65"
"98,12 : 0.65"
"12,99 : 0.1703"
"99,12 : 0.1703"
"13,14 : 0.2816"
"14,13 : 0.2816"
"13,15 : 0.8559"
"15,13 : 0.8559"
"13,16 : 0.9082"
"16,13 : 0.9082"
"13,17 : 0.3536"
"17,13 : 0.3536"
"13,18 : 0.6953"
"18,13 : 0.6953"
"13,19 : 0.4597"
"19,13 : 0.4597"
"13,20 : 0.7247"
"20,13 : 0.7247"
"13,21 : 0.7382"
"21,13 : 0.7382"
"13,22 : 0.9487"
"22,13 : 0.9487"
"13,23 : 0.2119"
