x,y
0.97,0.71
0.42,0.05
0.9,0.52
0.18,0.04
0.46,0.18
0.47,0.02
0.33,0.82
0.35,0.14
0.78,0.01
0.36,0.34
0.95,0.79
0.4,0.86
0.8,0.63
0.05,0.13
0.17,0.81
0.25,0.45
0.03,0.54
0.76,0.53
0.99,0.15
0.28,0.0
0.51,0.15
0.75,0.44
0.54,0.58
0.58,0.5
0.17,0.77
0.86,0.08
0.89,0.58
0.76,0.1
0.21,0.32
0.55,0.44
0.26,0.3
0.15,0.59
0.53,0.33
0.7,0.77
0.86,0.42
0.07,0.7
0.09,0.22
0.81,0.79
0.98,0.51
0.23,0.39
0.16,0.04
0.59,0.28
0.53,0.89
0.41,0.86
0.58,0.07
0.74,0.65
0.79,0.19
0.88,0.04
0.82,0.35
0.12,0.85
0.03,0.41
0.85,0.61
0.61,0.69
0.41,0.13
0.9,0.9
0.06,0.1
0.81,0.14
0.53,0.83
0.82,0.71
0.15,0.9
0.27,0.31
0.34,0.03
0.63,0.02
0.87,0.46
0.5,0.97
0.37,0.4
0.4,0.2
0.75,0.21
0.54,0.1
0.04,0.43
0.49,0.03
0.58,0.04
0.85,0.4
0.41,0.81
0.7,0.25
0.35,0.71
0.93,0.49
0.76,0.88
0.22,0.15
0.74,0.83
0.96,0.2
0.33,0.17
0.4,0.64
0.93,0.11
0.13,0.88
0.79,0.49
0.14,0.94
0.97,0.33
0.13,0.23
0.95,0.13
0.39,0.2
0.54,0.56
0.4,0.76
0.87,0.05
0.28,0.14
0.33,0.42
0.57,0.01
0.84,0.71
0.93,0.9
0.74,0.7

Distanze
"0,1 : 0.8591"
"1,0 : 0.8591"
"0,2 : 0.2025"
"2,0 : 0.2025"
"0,3 : 1.0359"
"3,0 : 1.0359"
"0,4 : 0.7355"
"4,0 : 0.7355"
"0,5 : 0.8521"
"5,0 : 0.8521"
"0,6 : 0.6494"
"6,0 : 0.6494"
"0,7 : 0.8422"
"7,0 : 0.8422"
"0,8 : 0.7253"
"8,0 : 0.7253"
"0,9 : 0.7134"
"9,0 : 0.7134"
"0,10 : 0.0825"
"10,0 : 0.0825"
"0,11 : 0.5894"
"11,0 : 0.5894"
"0,12 : 0.1879"
"12,0 : 0.1879"
"0,13 : 1.0876"
"13,0 : 1.0876"
"0,14 : 0.8062"
"14,0 : 0.8062"
"0,15 : 0.7655"
"15,0 : 0.7655"
"0,16 : 0.9552"
"16,0 : 0.9552"
"0,17 : 0.2766"
"17,0 : 0.2766"
"0,18 : 0.5604"
"18,0 : 0.5604"
"0,19 : 0.9901"
"19,0 : 0.9901"
"0,20 : 0.7247"
"20,0 : 0.7247"
"0,21 : 0.3483"
"21,0 : 0.3483"
"0,22 : 0.4492"
"22,0 : 0.4492"
"0,23 : 0.4429"
"23,0 : 0.4429"
"0,24 : 0.8022"
"24,0 : 0.8022"
"0,25 : 0.6395"
"25,0 : 0.6395"
"0,26 : 0.1526"
"26,0 : 0.1526"
"0,27 : 0.6451"
"27,0 : 0.6451"
"0,28 : 0.8542"
"28,0 : 0.8542"
"0,29 : 0.4993"
"29,0 : 0.4993"
"0,30 : 0.8199"
"30,0 : 0.8199"
"0,31 : 0.8287"
"31,0 : 0.8287"
"0,32 : 0.5814"
"32,0 : 0.5814"
"0,33 : 0.2766"
"33,0 : 0.2766"
"0,34 : 0.3102"
"34,0 : 0.3102"
"0,35 : 0.9001"
"35,0 : 0.9001"
"0,36 : 1.0072"
"36,0 : 1.0072"
"0,37 : 0.1789"
"37,0 : 0.1789"
"0,38 : 0.2002"
"38,0 : 0.2002"
"0,39 : 0.8062"
"39,0 : 0.8062"
"0,40 : 1.0512"
"40,0 : 1.0512"
"0,41 : 0.5738"
"41,0 : 0.5738"
"0,42 : 0.4754"
"42,0 : 0.4754"
"0,43 : 0.5797"
"43,0 : 0.5797"
"0,44 : 0.7495"
"44,0 : 0.7495"
"0,45 : 0.2377"
"45,0 : 0.2377"
"0,46 : 0.5503"
"46,0 : 0.5503"
"0,47 : 0.676"
"47,0 : 0.676"
"0,48 : 0.39"
"48,0 : 0.39"
"0,49 : 0.8615"
"49,0 : 0.8615"
"0,50 : 0.9867"
"50,0 : 0.9867"
"0,51 : 0.1562"
"51,0 : 0.1562"
"0,52 : 0.3606"
"52,0 : 0.3606"
"0,53 : 0.8062"
"53,0 : 0.8062"
"0,54 : 0.2025"
"54,0 : 0.2025"
"0,55 : 1.0955"
"55,0 : 1.0955"
"0,56 : 0.592"
"56,0 : 0.592"
"0,57 : 0.4561"
"57,0 : 0.4561"
"0,58 : 0.15"
"58,0 : 0.15"
"0,59 : 0.8417"
"59,0 : 0.8417"
"0,60 : 0.8062"
"60,0 : 0.8062"
"0,61 : 0.927"
"61,0 : 0.927"
"0,62 : 0.7692"
"62,0 : 0.7692"
"0,63 : 0.2693"
"63,0 : 0.2693"
"0,64 : 0.5371"
"64,0 : 0.5371"
"0,65 : 0.6754"
"65,0 : 0.6754"
"0,66 : 0.7649"
"66,0 : 0.7649"
"0,67 : 0.5463"
"67,0 : 0.5463"
"0,68 : 0.7463"
"68,0 : 0.7463"
"0,69 : 0.9712"
"69,0 : 0.9712"
"0,70 : 0.8323"
"70,0 : 0.8323"
"0,71 : 0.7752"
"71,0 : 0.7752"
"0,72 : 0.3324"
"72,0 : 0.3324"
"0,73 : 0.5689"
"73,0 : 0.5689"
"0,74 : 0.5334"
"74,0 : 0.5334"
"0,75 : 0.62"
"75,0 : 0.62"
"0,76 : 0.2236"
"76,0 : 0.2236"
"0,77 : 0.2702"
"77,0 : 0.2702"
"0,78 : 0.936"
"78,0 : 0.936"
"0,79 : 0.2594"
"79,0 : 0.2594"
"0,80 : 0.5101"
"80,0 : 0.5101"
"0,81 : 0.8374"
"81,0 : 0.8374"
"0,82 : 0.5743"
"82,0 : 0.5743"
"0,83 : 0.6013"
"83,0 : 0.6013"
"0,84 : 0.857"
"84,0 : 0.857"
"0,85 : 0.2843"
"85,0 : 0.2843"
"0,86 : 0.8613"
"86,0 : 0.8613"
"0,87 : 0.38"
"87,0 : 0.38"
"0,88 : 0.9675"
"88,0 : 0.9675"
"0,89 : 0.5803"
"89,0 : 0.5803"
"0,90 : 0.7723"
"90,0 : 0.7723"
"0,91 : 0.4554"
"91,0 : 0.4554"
"0,92 : 0.5722"
"92,0 : 0.5722"
"0,93 : 0.6675"
"93,0 : 0.6675"
"0,94 : 0.895"
"94,0 : 0.895"
"0,95 : 0.7026"
"95,0 : 0.7026"
"0,96 : 0.8062"
"96,0 : 0.8062"
"0,97 : 0.13"
"97,0 : 0.13"
"0,98 : 0.1942"
"98,0 : 0.1942"
"0,99 : 0.2302"
"99,0 : 0.2302"
"1,2 : 0.6718"
"2,1 : 0.6718"
"1,3 : 0.2402"
"3,1 : 0.2402"
"1,4 : 0.136"
"4,1 : 0.136"
"1,5 : 0.0583"
"5,1 : 0.0583"
"1,6 : 0.7752"
"6,1 : 0.7752"
"1,7 : 0.114"
"7,1 : 0.114"
"1,8 : 0.3622"
"8,1 : 0.3622"
"1,9 : 0.2961"
"9,1 : 0.2961"
"1,10 : 0.9102"
"10,1 : 0.9102"
"1,11 : 0.8102"
"11,1 : 0.8102"
"1,12 : 0.6934"
"12,1 : 0.6934"
"1,13 : 0.3785"
"13,1 : 0.3785"
"1,14 : 0.8001"
"14,1 : 0.8001"
"1,15 : 0.4346"
"15,1 : 0.4346"
"1,16 : 0.6263"
"16,1 : 0.6263"
"1,17 : 0.5882"
"17,1 : 0.5882"
"1,18 : 0.5787"
"18,1 : 0.5787"
"1,19 : 0.1487"
"19,1 : 0.1487"
"1,20 : 0.1345"
"20,1 : 0.1345"
"1,21 : 0.5109"
"21,1 : 0.5109"
"1,22 : 0.5434"
"22,1 : 0.5434"
"1,23 : 0.4776"
"23,1 : 0.4776"
"1,24 : 0.7622"
"24,1 : 0.7622"
"1,25 : 0.441"
"25,1 : 0.441"
"1,26 : 0.7084"
"26,1 : 0.7084"
"1,27 : 0.3437"
"27,1 : 0.3437"
"1,28 : 0.3421"
"28,1 : 0.3421"
"1,29 : 0.4111"
"29,1 : 0.4111"
"1,30 : 0.2968"
"30,1 : 0.2968"
"1,31 : 0.6037"
"31,1 : 0.6037"
"1,32 : 0.3008"
"32,1 : 0.3008"
"1,33 : 0.7725"
"33,1 : 0.7725"
"1,34 : 0.5749"
"34,1 : 0.5749"
"1,35 : 0.7382"
"35,1 : 0.7382"
"1,36 : 0.3712"
"36,1 : 0.3712"
"1,37 : 0.8365"
"37,1 : 0.8365"
"1,38 : 0.7247"
"38,1 : 0.7247"
"1,39 : 0.3895"
"39,1 : 0.3895"
"1,40 : 0.2602"
"40,1 : 0.2602"
"1,41 : 0.286"
"41,1 : 0.286"
"1,42 : 0.8472"
"42,1 : 0.8472"
"1,43 : 0.8101"
"43,1 : 0.8101"
"1,44 : 0.1612"
"44,1 : 0.1612"
"1,45 : 0.68"
"45,1 : 0.68"
"1,46 : 0.3956"
"46,1 : 0.3956"
"1,47 : 0.4601"
"47,1 : 0.4601"
"1,48 : 0.5"
"48,1 : 0.5"
"1,49 : 0.8544"
"49,1 : 0.8544"
"1,50 : 0.5308"
"50,1 : 0.5308"
"1,51 : 0.706"
"51,1 : 0.706"
"1,52 : 0.6676"
"52,1 : 0.6676"
"1,53 : 0.0806"
"53,1 : 0.0806"
"1,54 : 0.9762"
"54,1 : 0.9762"
"1,55 : 0.3635"
"55,1 : 0.3635"
"1,56 : 0.4002"
"56,1 : 0.4002"
"1,57 : 0.7877"
"57,1 : 0.7877"
"1,58 : 0.7718"
"58,1 : 0.7718"
"1,59 : 0.8919"
"59,1 : 0.8919"
"1,60 : 0.3002"
"60,1 : 0.3002"
"1,61 : 0.0825"
"61,1 : 0.0825"
"1,62 : 0.2121"
"62,1 : 0.2121"
"1,63 : 0.6088"
"63,1 : 0.6088"
"1,64 : 0.9235"
"64,1 : 0.9235"
"1,65 : 0.3536"
"65,1 : 0.3536"
"1,66 : 0.1513"
"66,1 : 0.1513"
"1,67 : 0.3667"
"67,1 : 0.3667"
"1,68 : 0.13"
"68,1 : 0.13"
"1,69 : 0.5374"
"69,1 : 0.5374"
"1,70 : 0.0728"
"70,1 : 0.0728"
"1,71 : 0.1603"
"71,1 : 0.1603"
"1,72 : 0.5544"
"72,1 : 0.5544"
"1,73 : 0.7601"
"73,1 : 0.7601"
"1,74 : 0.3441"
"74,1 : 0.3441"
"1,75 : 0.6637"
"75,1 : 0.6637"
"1,76 : 0.6736"
"76,1 : 0.6736"
"1,77 : 0.8969"
"77,1 : 0.8969"
"1,78 : 0.2236"
"78,1 : 0.2236"
"1,79 : 0.8431"
"79,1 : 0.8431"
"1,80 : 0.5604"
"80,1 : 0.5604"
"1,81 : 0.15"
"81,1 : 0.15"
"1,82 : 0.5903"
"82,1 : 0.5903"
"1,83 : 0.5135"
"83,1 : 0.5135"
"1,84 : 0.8792"
"84,1 : 0.8792"
"1,85 : 0.5749"
"85,1 : 0.5749"
"1,86 : 0.933"
"86,1 : 0.933"
"1,87 : 0.6172"
"87,1 : 0.6172"
"1,88 : 0.3413"
"88,1 : 0.3413"
"1,89 : 0.536"
"89,1 : 0.536"
"1,90 : 0.153"
"90,1 : 0.153"
"1,91 : 0.5239"
"91,1 : 0.5239"
"1,92 : 0.7103"
"92,1 : 0.7103"
"1,93 : 0.45"
"93,1 : 0.45"
"1,94 : 0.1664"
"94,1 : 0.1664"
"1,95 : 0.3808"
"95,1 : 0.3808"
"1,96 : 0.1552"
"96,1 : 0.1552"
"1,97 : 0.7823"
"97,1 : 0.7823"
"1,98 : 0.9913"
"98,1 : 0.9913"
"1,99 : 0.7245"
"99,1 : 0.7245"
"2,3 : 0.8653"
"3,2 : 0.8653"
"2,4 : 0.5561"
"4,2 : 0.5561"
"2,5 : 0.6595"
"5,2 : 0.6595"
"2,6 : 0.6441"
"6,2 : 0.6441"
"2,7 : 0.6685"
"7,2 : 0.6685"
"2,8 : 0.5239"
"8,2 : 0.5239"
"2,9 : 0.5692"
"9,2 : 0.5692"
"2,10 : 0.2746"
"10,2 : 0.2746"
"2,11 : 0.6046"
"11,2 : 0.6046"
"2,12 : 0.1487"
"12,2 : 0.1487"
"2,13 : 0.9352"
"13,2 : 0.9352"
"2,14 : 0.7855"
"14,2 : 0.7855"
"2,15 : 0.6538"
"15,2 : 0.6538"
"2,16 : 0.8702"
"16,2 : 0.8702"
"2,17 : 0.1404"
"17,2 : 0.1404"
"2,18 : 0.3808"
"18,2 : 0.3808"
"2,19 : 0.8092"
"19,2 : 0.8092"
"2,20 : 0.5376"
"20,2 : 0.5376"
"2,21 : 0.17"
"21,2 : 0.17"
"2,22 : 0.365"
"22,2 : 0.365"
"2,23 : 0.3206"
"23,2 : 0.3206"
"2,24 : 0.7716"
"24,2 : 0.7716"
"2,25 : 0.4418"
"25,2 : 0.4418"
"2,26 : 0.0608"
"26,2 : 0.0608"
"2,27 : 0.4427"
"27,2 : 0.4427"
"2,28 : 0.7184"
"28,2 : 0.7184"
"2,29 : 0.359"
"29,2 : 0.359"
"2,30 : 0.6768"
"30,2 : 0.6768"
"2,31 : 0.7533"
"31,2 : 0.7533"
"2,32 : 0.4159"
"32,2 : 0.4159"
"2,33 : 0.3202"
"33,2 : 0.3202"
"2,34 : 0.1077"
"34,2 : 0.1077"
"2,35 : 0.8493"
"35,2 : 0.8493"
"2,36 : 0.8638"
"36,2 : 0.8638"
"2,37 : 0.2846"
"37,2 : 0.2846"
"2,38 : 0.0806"
"38,2 : 0.0806"
"2,39 : 0.6825"
"39,2 : 0.6825"
"2,40 : 0.882"
"40,2 : 0.882"
"2,41 : 0.392"
"41,2 : 0.392"
"2,42 : 0.5233"
"42,2 : 0.5233"
"2,43 : 0.5964"
"43,2 : 0.5964"
"2,44 : 0.5522"
"44,2 : 0.5522"
"2,45 : 0.2062"
"45,2 : 0.2062"
"2,46 : 0.3479"
"46,2 : 0.3479"
"2,47 : 0.4804"
"47,2 : 0.4804"
"2,48 : 0.1879"
"48,2 : 0.1879"
"2,49 : 0.8469"
"49,2 : 0.8469"
"2,50 : 0.8769"
"50,2 : 0.8769"
"2,51 : 0.103"
"51,2 : 0.103"
"2,52 : 0.3362"
"52,2 : 0.3362"
"2,53 : 0.6263"
"53,2 : 0.6263"
"2,54 : 0.38"
"54,2 : 0.38"
"2,55 : 0.9391"
"55,2 : 0.9391"
"2,56 : 0.3905"
"56,2 : 0.3905"
"2,57 : 0.4827"
"57,2 : 0.4827"
"2,58 : 0.2062"
"58,2 : 0.2062"
"2,59 : 0.8408"
"59,2 : 0.8408"
"2,60 : 0.6641"
"60,2 : 0.6641"
"2,61 : 0.7441"
"61,2 : 0.7441"
"2,62 : 0.5682"
"62,2 : 0.5682"
"2,63 : 0.0671"
"63,2 : 0.0671"
"2,64 : 0.6021"
"64,2 : 0.6021"
"2,65 : 0.5434"
"65,2 : 0.5434"
"2,66 : 0.5936"
"66,2 : 0.5936"
"2,67 : 0.3444"
"67,2 : 0.3444"
"2,68 : 0.5532"
"68,2 : 0.5532"
"2,69 : 0.8647"
"69,2 : 0.8647"
"2,70 : 0.6389"
"70,2 : 0.6389"
"2,71 : 0.5769"
"71,2 : 0.5769"
"2,72 : 0.13"
"72,2 : 0.13"
"2,73 : 0.5694"
"73,2 : 0.5694"
"2,74 : 0.336"
"74,2 : 0.336"
"2,75 : 0.5819"
"75,2 : 0.5819"
"2,76 : 0.0424"
"76,2 : 0.0424"
"2,77 : 0.3863"
"77,2 : 0.3863"
"2,78 : 0.7741"
"78,2 : 0.7741"
"2,79 : 0.3489"
"79,2 : 0.3489"
"2,80 : 0.3256"
"80,2 : 0.3256"
"2,81 : 0.6689"
"81,2 : 0.6689"
"2,82 : 0.5142"
"82,2 : 0.5142"
"2,83 : 0.4111"
"83,2 : 0.4111"
"2,84 : 0.85"
"84,2 : 0.85"
"2,85 : 0.114"
"85,2 : 0.114"
"2,86 : 0.8683"
"86,2 : 0.8683"
"2,87 : 0.2025"
"87,2 : 0.2025"
"2,88 : 0.8228"
"88,2 : 0.8228"
"2,89 : 0.3932"
"89,2 : 0.3932"
"2,90 : 0.6021"
"90,2 : 0.6021"
"2,91 : 0.3622"
"91,2 : 0.3622"
"2,92 : 0.5546"
"92,2 : 0.5546"
"2,93 : 0.471"
"93,2 : 0.471"
"2,94 : 0.7272"
"94,2 : 0.7272"
"2,95 : 0.5787"
"95,2 : 0.5787"
"2,96 : 0.6075"
"96,2 : 0.6075"
"2,97 : 0.1992"
"97,2 : 0.1992"
"2,98 : 0.3812"
"98,2 : 0.3812"
"2,99 : 0.2408"
"99,2 : 0.2408"
"3,4 : 0.313"
"4,3 : 0.313"
"3,5 : 0.2907"
"5,3 : 0.2907"
"3,6 : 0.7943"
"6,3 : 0.7943"
"3,7 : 0.1972"
"7,3 : 0.1972"
"3,8 : 0.6007"
"8,3 : 0.6007"
"3,9 : 0.3499"
"9,3 : 0.3499"
"3,10 : 1.0749"
"10,3 : 1.0749"
"3,11 : 0.849"
"11,3 : 0.849"
"3,12 : 0.8559"
"12,3 : 0.8559"
"3,13 : 0.1581"
"13,3 : 0.1581"
"3,14 : 0.7701"
"14,3 : 0.7701"
"3,15 : 0.4159"
"15,3 : 0.4159"
"3,16 : 0.522"
"16,3 : 0.522"
"3,17 : 0.7593"
"17,3 : 0.7593"
"3,18 : 0.8174"
"18,3 : 0.8174"
"3,19 : 0.1077"
"19,3 : 0.1077"
"3,20 : 0.3479"
"20,3 : 0.3479"
"3,21 : 0.6963"
"21,3 : 0.6963"
"3,22 : 0.649"
"22,3 : 0.649"
"3,23 : 0.6096"
"23,3 : 0.6096"
"3,24 : 0.7301"
"24,3 : 0.7301"
"3,25 : 0.6812"
"25,3 : 0.6812"
"3,26 : 0.892"
"26,3 : 0.892"
"3,27 : 0.5831"
"27,3 : 0.5831"
"3,28 : 0.2816"
"28,3 : 0.2816"
"3,29 : 0.5449"
"29,3 : 0.5449"
"3,30 : 0.272"
"30,3 : 0.272"
"3,31 : 0.5508"
"31,3 : 0.5508"
"3,32 : 0.4545"
"32,3 : 0.4545"
"3,33 : 0.8963"
"33,3 : 0.8963"
"3,34 : 0.779"
"34,3 : 0.779"
"3,35 : 0.6691"
"35,3 : 0.6691"
"3,36 : 0.2012"
"36,3 : 0.2012"
"3,37 : 0.9795"
"37,3 : 0.9795"
"3,38 : 0.9278"
"38,3 : 0.9278"
"3,39 : 0.3536"
"39,3 : 0.3536"
"3,40 : 0.02"
"40,3 : 0.02"
"3,41 : 0.4751"
"41,3 : 0.4751"
"3,42 : 0.9192"
"42,3 : 0.9192"
"3,43 : 0.8516"
"43,3 : 0.8516"
"3,44 : 0.4011"
"44,3 : 0.4011"
"3,45 : 0.8281"
"45,3 : 0.8281"
"3,46 : 0.6282"
"46,3 : 0.6282"
"3,47 : 0.7"
"47,3 : 0.7"
"3,48 : 0.7111"
"48,3 : 0.7111"
"3,49 : 0.8122"
"49,3 : 0.8122"
"3,50 : 0.3992"
"50,3 : 0.3992"
"3,51 : 0.8797"
"51,3 : 0.8797"
"3,52 : 0.7794"
"52,3 : 0.7794"
"3,53 : 0.247"
"53,3 : 0.247"
"3,54 : 1.1216"
"54,3 : 1.1216"
"3,55 : 0.1342"
"55,3 : 0.1342"
"3,56 : 0.6379"
"56,3 : 0.6379"
"3,57 : 0.8641"
"57,3 : 0.8641"
"3,58 : 0.9266"
"58,3 : 0.9266"
"3,59 : 0.8605"
"59,3 : 0.8605"
"3,60 : 0.2846"
"60,3 : 0.2846"
"3,61 : 0.1603"
"61,3 : 0.1603"
"3,62 : 0.4504"
"62,3 : 0.4504"
"3,63 : 0.8078"
"63,3 : 0.8078"
"3,64 : 0.9835"
"64,3 : 0.9835"
"3,65 : 0.4071"
"65,3 : 0.4071"
"3,66 : 0.272"
"66,3 : 0.272"
"3,67 : 0.5948"
"67,3 : 0.5948"
"3,68 : 0.365"
"68,3 : 0.365"
"3,69 : 0.4144"
"69,3 : 0.4144"
"3,70 : 0.3102"
"70,3 : 0.3102"
"3,71 : 0.4"
"71,3 : 0.4"
"3,72 : 0.7606"
"72,3 : 0.7606"
"3,73 : 0.8036"
"73,3 : 0.8036"
"3,74 : 0.5608"
"74,3 : 0.5608"
"3,75 : 0.6912"
"75,3 : 0.6912"
"3,76 : 0.8746"
"76,3 : 0.8746"
"3,77 : 1.0208"
"77,3 : 1.0208"
"3,78 : 0.117"
"78,3 : 0.117"
"3,79 : 0.9683"
"79,3 : 0.9683"
"3,80 : 0.7962"
"80,3 : 0.7962"
"3,81 : 0.1985"
"81,3 : 0.1985"
"3,82 : 0.6391"
"82,3 : 0.6391"
"3,83 : 0.7533"
"83,3 : 0.7533"
"3,84 : 0.8415"
"84,3 : 0.8415"
"3,85 : 0.758"
"85,3 : 0.758"
"3,86 : 0.9009"
"86,3 : 0.9009"
"3,87 : 0.8415"
"87,3 : 0.8415"
"3,88 : 0.1965"
"88,3 : 0.1965"
"3,89 : 0.7752"
"89,3 : 0.7752"
"3,90 : 0.264"
"90,3 : 0.264"
"3,91 : 0.6325"
"91,3 : 0.6325"
"3,92 : 0.7529"
"92,3 : 0.7529"
"3,93 : 0.6901"
"93,3 : 0.6901"
"3,94 : 0.1414"
"94,3 : 0.1414"
"3,95 : 0.4085"
"95,3 : 0.4085"
"3,96 : 0.3912"
"96,3 : 0.3912"
"3,97 : 0.9405"
"97,3 : 0.9405"
"3,98 : 1.1411"
"98,3 : 1.1411"
"3,99 : 0.8656"
"99,3 : 0.8656"
"4,5 : 0.1603"
"5,4 : 0.1603"
"4,6 : 0.6531"
"6,4 : 0.6531"
"4,7 : 0.117"
"7,4 : 0.117"
"4,8 : 0.3624"
"8,4 : 0.3624"
"4,9 : 0.1887"
"9,4 : 0.1887"
"4,10 : 0.7824"
"10,4 : 0.7824"
"4,11 : 0.6826"
"11,4 : 0.6826"
"4,12 : 0.564"
"12,4 : 0.564"
"4,13 : 0.413"
"13,4 : 0.413"
"4,14 : 0.6935"
"14,4 : 0.6935"
"4,15 : 0.3421"
"15,4 : 0.3421"
"4,16 : 0.5608"
"16,4 : 0.5608"
"4,17 : 0.461"
"17,4 : 0.461"
"4,18 : 0.5308"
"18,4 : 0.5308"
"4,19 : 0.2546"
"19,4 : 0.2546"
"4,20 : 0.0583"
"20,4 : 0.0583"
"4,21 : 0.3895"
"21,4 : 0.3895"
"4,22 : 0.4079"
"22,4 : 0.4079"
"4,23 : 0.3418"
"23,4 : 0.3418"
"4,24 : 0.6574"
"24,4 : 0.6574"
"4,25 : 0.4123"
"25,4 : 0.4123"
"4,26 : 0.5873"
"26,4 : 0.5873"
"4,27 : 0.3105"
"27,4 : 0.3105"
"4,28 : 0.2865"
"28,4 : 0.2865"
"4,29 : 0.2751"
"29,4 : 0.2751"
"4,30 : 0.2332"
"30,4 : 0.2332"
"4,31 : 0.514"
"31,4 : 0.514"
"4,32 : 0.1655"
"32,4 : 0.1655"
"4,33 : 0.6369"
"33,4 : 0.6369"
"4,34 : 0.4665"
"34,4 : 0.4665"
"4,35 : 0.65"
"35,4 : 0.65"
"4,36 : 0.3722"
"36,4 : 0.3722"
"4,37 : 0.7033"
"37,4 : 0.7033"
"4,38 : 0.6159"
"38,4 : 0.6159"
"4,39 : 0.3114"
"39,4 : 0.3114"
"4,40 : 0.3311"
"40,4 : 0.3311"
"4,41 : 0.164"
"41,4 : 0.164"
"4,42 : 0.7134"
"42,4 : 0.7134"
"4,43 : 0.6818"
"43,4 : 0.6818"
"4,44 : 0.1628"
"44,4 : 0.1628"
"4,45 : 0.5471"
"45,4 : 0.5471"
"4,46 : 0.3302"
"46,4 : 0.3302"
"4,47 : 0.4427"
"47,4 : 0.4427"
"4,48 : 0.3981"
"48,4 : 0.3981"
"4,49 : 0.7513"
"49,4 : 0.7513"
"4,50 : 0.4876"
"50,4 : 0.4876"
"4,51 : 0.5805"
"51,4 : 0.5805"
"4,52 : 0.5316"
"52,4 : 0.5316"
"4,53 : 0.0707"
"53,4 : 0.0707"
"4,54 : 0.8438"
"54,4 : 0.8438"
"4,55 : 0.4079"
"55,4 : 0.4079"
"4,56 : 0.3523"
"56,4 : 0.3523"
"4,57 : 0.6538"
"57,4 : 0.6538"
"4,58 : 0.6407"
"58,4 : 0.6407"
"4,59 : 0.7839"
"59,4 : 0.7839"
"4,60 : 0.2302"
"60,4 : 0.2302"
"4,61 : 0.1921"
"61,4 : 0.1921"
"4,62 : 0.2335"
"62,4 : 0.2335"
"4,63 : 0.4965"
"63,4 : 0.4965"
"4,64 : 0.791"
"64,4 : 0.791"
"4,65 : 0.2377"
"65,4 : 0.2377"
"4,66 : 0.0632"
"66,4 : 0.0632"
"4,67 : 0.2915"
"67,4 : 0.2915"
"4,68 : 0.1131"
"68,4 : 0.1131"
"4,69 : 0.4888"
"69,4 : 0.4888"
"4,70 : 0.153"
"70,4 : 0.153"
"4,71 : 0.1844"
"71,4 : 0.1844"
"4,72 : 0.4478"
"72,4 : 0.4478"
"4,73 : 0.632"
"73,4 : 0.632"
"4,74 : 0.25"
"74,4 : 0.25"
"4,75 : 0.5413"
"75,4 : 0.5413"
"4,76 : 0.563"
"76,4 : 0.563"
"4,77 : 0.7616"
"77,4 : 0.7616"
"4,78 : 0.2419"
"78,4 : 0.2419"
"4,79 : 0.7077"
"79,4 : 0.7077"
"4,80 : 0.5004"
"80,4 : 0.5004"
"4,81 : 0.1304"
"81,4 : 0.1304"
"4,82 : 0.4639"
"82,4 : 0.4639"
"4,83 : 0.4752"
"83,4 : 0.4752"
"4,84 : 0.7739"
"84,4 : 0.7739"
"4,85 : 0.4528"
"85,4 : 0.4528"
"4,86 : 0.8246"
"86,4 : 0.8246"
"4,87 : 0.5316"
"87,4 : 0.5316"
"4,88 : 0.3338"
"88,4 : 0.3338"
"4,89 : 0.4925"
"89,4 : 0.4925"
"4,90 : 0.0728"
"90,4 : 0.0728"
"4,91 : 0.3883"
"91,4 : 0.3883"
"4,92 : 0.5831"
"92,4 : 0.5831"
"4,93 : 0.4301"
"93,4 : 0.4301"
"4,94 : 0.1844"
"94,4 : 0.1844"
"4,95 : 0.2729"
"95,4 : 0.2729"
"4,96 : 0.2025"
"96,4 : 0.2025"
"4,97 : 0.6522"
"97,4 : 0.6522"
"4,98 : 0.8598"
"98,4 : 0.8598"
"4,99 : 0.5906"
"99,4 : 0.5906"
"5,6 : 0.8122"
"6,5 : 0.8122"
"5,7 : 0.1697"
"7,5 : 0.1697"
"5,8 : 0.3102"
"8,5 : 0.3102"
"5,9 : 0.3384"
"9,5 : 0.3384"
"5,10 : 0.9074"
"10,5 : 0.9074"
"5,11 : 0.8429"
"11,5 : 0.8429"
"5,12 : 0.6935"
"12,5 : 0.6935"
"5,13 : 0.4342"
"13,5 : 0.4342"
"5,14 : 0.845"
"14,5 : 0.845"
"5,15 : 0.483"
"15,5 : 0.483"
"5,16 : 0.6812"
"16,5 : 0.6812"
"5,17 : 0.5867"
"17,5 : 0.5867"
"5,18 : 0.536"
"18,5 : 0.536"
"5,19 : 0.191"
"19,5 : 0.191"
"5,20 : 0.136"
"20,5 : 0.136"
"5,21 : 0.5048"
"21,5 : 0.5048"
"5,22 : 0.5644"
"22,5 : 0.5644"
"5,23 : 0.4924"
"23,5 : 0.4924"
"5,24 : 0.8078"
"24,5 : 0.8078"
"5,25 : 0.3946"
"25,5 : 0.3946"
"5,26 : 0.7"
"26,5 : 0.7"
"5,27 : 0.3008"
"27,5 : 0.3008"
"5,28 : 0.397"
"28,5 : 0.397"
"5,29 : 0.4276"
"29,5 : 0.4276"
"5,30 : 0.35"
"30,5 : 0.35"
"5,31 : 0.6537"
"31,5 : 0.6537"
"5,32 : 0.3158"
"32,5 : 0.3158"
"5,33 : 0.7845"
"33,5 : 0.7845"
"5,34 : 0.5587"
"34,5 : 0.5587"
"5,35 : 0.7889"
"35,5 : 0.7889"
"5,36 : 0.4294"
"36,5 : 0.4294"
"5,37 : 0.8417"
"37,5 : 0.8417"
"5,38 : 0.7072"
"38,5 : 0.7072"
"5,39 : 0.441"
"39,5 : 0.441"
"5,40 : 0.3106"
"40,5 : 0.3106"
"5,41 : 0.2864"
"41,5 : 0.2864"
"5,42 : 0.8721"
"42,5 : 0.8721"
"5,43 : 0.8421"
"43,5 : 0.8421"
"5,44 : 0.1208"
"44,5 : 0.1208"
"5,45 : 0.6854"
"45,5 : 0.6854"
"5,46 : 0.3624"
"46,5 : 0.3624"
"5,47 : 0.4105"
"47,5 : 0.4105"
"5,48 : 0.481"
"48,5 : 0.481"
"5,49 : 0.9008"
"49,5 : 0.9008"
"5,50 : 0.588"
"50,5 : 0.588"
"5,51 : 0.7018"
"51,5 : 0.7018"
"5,52 : 0.6845"
"52,5 : 0.6845"
"5,53 : 0.1253"
"53,5 : 0.1253"
"5,54 : 0.9794"
"54,5 : 0.9794"
"5,55 : 0.4177"
"55,5 : 0.4177"
"5,56 : 0.3606"
"56,5 : 0.3606"
"5,57 : 0.8122"
"57,5 : 0.8122"
"5,58 : 0.7737"
"58,5 : 0.7737"
"5,59 : 0.9364"
"59,5 : 0.9364"
"5,60 : 0.3523"
"60,5 : 0.3523"
"5,61 : 0.1304"
"61,5 : 0.1304"
"5,62 : 0.16"
"62,5 : 0.16"
"5,63 : 0.5946"
"63,5 : 0.5946"
"5,64 : 0.9505"
"64,5 : 0.9505"
"5,65 : 0.3929"
"65,5 : 0.3929"
"5,66 : 0.1931"
"66,5 : 0.1931"
"5,67 : 0.3384"
"67,5 : 0.3384"
"5,68 : 0.1063"
"68,5 : 0.1063"
"5,69 : 0.5941"
"69,5 : 0.5941"
"5,70 : 0.0224"
"70,5 : 0.0224"
"5,71 : 0.1118"
"71,5 : 0.1118"
"5,72 : 0.5374"
"72,5 : 0.5374"
"5,73 : 0.7923"
"73,5 : 0.7923"
"5,74 : 0.3253"
"74,5 : 0.3253"
"5,75 : 0.7004"
"75,5 : 0.7004"
"5,76 : 0.6576"
"76,5 : 0.6576"
"5,77 : 0.9076"
"77,5 : 0.9076"
"5,78 : 0.2818"
"78,5 : 0.2818"
"5,79 : 0.8538"
"79,5 : 0.8538"
"5,80 : 0.522"
"80,5 : 0.522"
"5,81 : 0.2052"
"81,5 : 0.2052"
"5,82 : 0.6239"
"82,5 : 0.6239"
"5,83 : 0.4687"
"83,5 : 0.4687"
"5,84 : 0.9248"
"84,5 : 0.9248"
"5,85 : 0.5686"
"85,5 : 0.5686"
"5,86 : 0.9774"
"86,5 : 0.9774"
"5,87 : 0.5883"
"87,5 : 0.5883"
"5,88 : 0.3996"
"88,5 : 0.3996"
"5,89 : 0.4924"
"89,5 : 0.4924"
"5,90 : 0.197"
"90,5 : 0.197"
"5,91 : 0.5445"
"91,5 : 0.5445"
"5,92 : 0.7433"
"92,5 : 0.7433"
"5,93 : 0.4011"
"93,5 : 0.4011"
"5,94 : 0.2247"
"94,5 : 0.2247"
"5,95 : 0.4238"
"95,5 : 0.4238"
"5,96 : 0.1005"
"96,5 : 0.1005"
"5,97 : 0.7829"
"97,5 : 0.7829"
"5,98 : 0.993"
"98,5 : 0.993"
"5,99 : 0.7316"
"99,5 : 0.7316"
"6,7 : 0.6803"
"7,6 : 0.6803"
"6,8 : 0.9266"
"8,6 : 0.9266"
"6,9 : 0.4809"
"9,6 : 0.4809"
"6,10 : 0.6207"
"10,6 : 0.6207"
"6,11 : 0.0806"
"11,6 : 0.0806"
"6,12 : 0.507"
"12,6 : 0.507"
"6,13 : 0.7446"
"13,6 : 0.7446"
"6,14 : 0.1603"
"14,6 : 0.1603"
"6,15 : 0.3785"
"15,6 : 0.3785"
"6,16 : 0.4104"
"16,6 : 0.4104"
"6,17 : 0.5187"
"17,6 : 0.5187"
"6,18 : 0.9405"
"18,6 : 0.9405"
"6,19 : 0.8215"
"19,6 : 0.8215"
"6,20 : 0.6938"
"20,6 : 0.6938"
"6,21 : 0.5664"
"21,6 : 0.5664"
"6,22 : 0.3189"
"22,6 : 0.3189"
"6,23 : 0.4061"
"23,6 : 0.4061"
"6,24 : 0.1676"
"24,6 : 0.1676"
"6,25 : 0.9102"
"25,6 : 0.9102"
"6,26 : 0.6093"
"26,6 : 0.6093"
"6,27 : 0.8386"
"27,6 : 0.8386"
"6,28 : 0.5142"
"28,6 : 0.5142"
"6,29 : 0.4391"
"29,6 : 0.4391"
"6,30 : 0.5247"
"30,6 : 0.5247"
"6,31 : 0.2921"
"31,6 : 0.2921"
"6,32 : 0.5292"
"32,6 : 0.5292"
"6,33 : 0.3734"
"33,6 : 0.3734"
"6,34 : 0.664"
"34,6 : 0.664"
"6,35 : 0.2864"
"35,6 : 0.2864"
"6,36 : 0.6462"
"36,6 : 0.6462"
"6,37 : 0.4809"
"37,6 : 0.4809"
"6,38 : 0.7201"
"38,6 : 0.7201"
"6,39 : 0.4415"
"39,6 : 0.4415"
"6,40 : 0.7983"
"40,6 : 0.7983"
"6,41 : 0.5993"
"41,6 : 0.5993"
"6,42 : 0.2119"
"42,6 : 0.2119"
"6,43 : 0.0894"
"43,6 : 0.0894"
"6,44 : 0.7906"
"44,6 : 0.7906"
"6,45 : 0.4438"
"45,6 : 0.4438"
"6,46 : 0.7801"
"46,6 : 0.7801"
"6,47 : 0.9544"
"47,6 : 0.9544"
"6,48 : 0.679"
"48,6 : 0.679"
"6,49 : 0.2121"
"49,6 : 0.2121"
"6,50 : 0.508"
"50,6 : 0.508"
"6,51 : 0.5608"
"51,6 : 0.5608"
"6,52 : 0.3087"
"52,6 : 0.3087"
"6,53 : 0.6946"
"53,6 : 0.6946"
"6,54 : 0.5756"
"54,6 : 0.5756"
"6,55 : 0.769"
"55,6 : 0.769"
"6,56 : 0.8323"
"56,6 : 0.8323"
"6,57 : 0.2002"
"57,6 : 0.2002"
"6,58 : 0.5022"
"58,6 : 0.5022"
"6,59 : 0.197"
"59,6 : 0.197"
"6,60 : 0.5135"
"60,6 : 0.5135"
"6,61 : 0.7901"
"61,6 : 0.7901"
"6,62 : 0.8544"
"62,6 : 0.8544"
"6,63 : 0.649"
"63,6 : 0.649"
"6,64 : 0.2267"
"64,6 : 0.2267"
"6,65 : 0.4219"
"65,6 : 0.4219"
"6,66 : 0.6239"
"66,6 : 0.6239"
"6,67 : 0.7406"
"67,6 : 0.7406"
"6,68 : 0.75"
"68,6 : 0.75"
"6,69 : 0.486"
"69,6 : 0.486"
"6,70 : 0.806"
"70,6 : 0.806"
"6,71 : 0.8191"
"71,6 : 0.8191"
"6,72 : 0.6684"
"72,6 : 0.6684"
"6,73 : 0.0806"
"73,6 : 0.0806"
"6,74 : 0.6796"
"74,6 : 0.6796"
"6,75 : 0.1118"
"75,6 : 0.1118"
"6,76 : 0.6848"
"76,6 : 0.6848"
"6,77 : 0.4342"
"77,6 : 0.4342"
"6,78 : 0.679"
"78,6 : 0.679"
"6,79 : 0.4101"
"79,6 : 0.4101"
"6,80 : 0.8839"
"80,6 : 0.8839"
"6,81 : 0.65"
"81,6 : 0.65"
"6,82 : 0.1931"
"82,6 : 0.1931"
"6,83 : 0.9296"
"83,6 : 0.9296"
"6,84 : 0.2088"
"84,6 : 0.2088"
"6,85 : 0.5661"
"85,6 : 0.5661"
"6,86 : 0.2247"
"86,6 : 0.2247"
"6,87 : 0.806"
"87,6 : 0.806"
"6,88 : 0.623"
"88,6 : 0.623"
"6,89 : 0.9276"
"89,6 : 0.9276"
"6,90 : 0.6229"
"90,6 : 0.6229"
"6,91 : 0.3342"
"91,6 : 0.3342"
"6,92 : 0.0922"
"92,6 : 0.0922"
"6,93 : 0.9405"
"93,6 : 0.9405"
"6,94 : 0.6818"
"94,6 : 0.6818"
"6,95 : 0.4"
"95,6 : 0.4"
"6,96 : 0.8448"
"96,6 : 0.8448"
"6,97 : 0.5217"
"97,6 : 0.5217"
"6,98 : 0.6053"
"98,6 : 0.6053"
"6,99 : 0.4272"
"99,6 : 0.4272"
"7,8 : 0.4492"
"8,7 : 0.4492"
"7,9 : 0.2002"
"9,7 : 0.2002"
"7,10 : 0.8846"
"10,7 : 0.8846"
"7,11 : 0.7217"
"11,7 : 0.7217"
"7,12 : 0.6653"
"12,7 : 0.6653"
"7,13 : 0.3002"
"13,7 : 0.3002"
"7,14 : 0.6938"
"14,7 : 0.6938"
"7,15 : 0.3257"
"15,7 : 0.3257"
"7,16 : 0.5122"
"16,7 : 0.5122"
"7,17 : 0.5659"
"17,7 : 0.5659"
"7,18 : 0.6401"
"18,7 : 0.6401"
"7,19 : 0.1565"
"19,7 : 0.1565"
"7,20 : 0.1603"
"20,7 : 0.1603"
"7,21 : 0.5"
"21,7 : 0.5"
"7,22 : 0.4793"
"22,7 : 0.4793"
"7,23 : 0.4272"
"23,7 : 0.4272"
"7,24 : 0.6552"
"24,7 : 0.6552"
"7,25 : 0.5135"
"25,7 : 0.5135"
"7,26 : 0.6966"
"26,7 : 0.6966"
"7,27 : 0.4119"
"27,7 : 0.4119"
"7,28 : 0.228"
"28,7 : 0.228"
"7,29 : 0.3606"
"29,7 : 0.3606"
"7,30 : 0.1836"
"30,7 : 0.1836"
"7,31 : 0.4924"
"31,7 : 0.4924"
"7,32 : 0.2617"
"32,7 : 0.2617"
"7,33 : 0.7207"
"33,7 : 0.7207"
"7,34 : 0.5818"
"34,7 : 0.5818"
"7,35 : 0.6261"
"35,7 : 0.6261"
"7,36 : 0.272"
"36,7 : 0.272"
"7,37 : 0.7963"
"37,7 : 0.7963"
"7,38 : 0.7306"
"38,7 : 0.7306"
"7,39 : 0.2773"
"39,7 : 0.2773"
"7,40 : 0.2147"
"40,7 : 0.2147"
"7,41 : 0.2778"
"41,7 : 0.2778"
"7,42 : 0.7713"
"42,7 : 0.7713"
"7,43 : 0.7225"
"43,7 : 0.7225"
"7,44 : 0.2404"
"44,7 : 0.2404"
"7,45 : 0.642"
"45,7 : 0.642"
"7,46 : 0.4428"
"46,7 : 0.4428"
"7,47 : 0.5394"
"47,7 : 0.5394"
"7,48 : 0.5148"
"48,7 : 0.5148"
"7,49 : 0.7463"
"49,7 : 0.7463"
"7,50 : 0.4187"
"50,7 : 0.4187"
"7,51 : 0.6862"
"51,7 : 0.6862"
"7,52 : 0.6084"
"52,7 : 0.6084"
"7,53 : 0.0608"
"53,7 : 0.0608"
"7,54 : 0.9381"
"54,7 : 0.9381"
"7,55 : 0.2927"
"55,7 : 0.2927"
"7,56 : 0.46"
"56,7 : 0.46"
"7,57 : 0.7131"
"57,7 : 0.7131"
"7,58 : 0.7388"
"58,7 : 0.7388"
"7,59 : 0.7859"
"59,7 : 0.7859"
"7,60 : 0.1879"
"60,7 : 0.1879"
"7,61 : 0.1105"
"61,7 : 0.1105"
"7,62 : 0.3046"
"62,7 : 0.3046"
"7,63 : 0.6106"
"63,7 : 0.6106"
"7,64 : 0.8434"
"64,7 : 0.8434"
"7,65 : 0.2608"
"65,7 : 0.2608"
"7,66 : 0.0781"
"66,7 : 0.0781"
"7,67 : 0.4061"
"67,7 : 0.4061"
"7,68 : 0.1942"
"68,7 : 0.1942"
"7,69 : 0.4245"
"69,7 : 0.4245"
"7,70 : 0.178"
"70,7 : 0.178"
"7,71 : 0.2508"
"71,7 : 0.2508"
"7,72 : 0.5636"
"72,7 : 0.5636"
"7,73 : 0.6727"
"73,7 : 0.6727"
"7,74 : 0.3669"
"74,7 : 0.3669"
"7,75 : 0.57"
"75,7 : 0.57"
"7,76 : 0.6774"
"76,7 : 0.6774"
"7,77 : 0.846"
"77,7 : 0.846"
"7,78 : 0.1304"
"78,7 : 0.1304"
"7,79 : 0.7926"
"79,7 : 0.7926"
"7,80 : 0.6129"
"80,7 : 0.6129"
"7,81 : 0.0361"
"81,7 : 0.0361"
"7,82 : 0.5025"
"82,7 : 0.5025"
"7,83 : 0.5808"
"83,7 : 0.5808"
"7,84 : 0.772"
"84,7 : 0.772"
"7,85 : 0.5622"
"85,7 : 0.5622"
"7,86 : 0.8271"
"86,7 : 0.8271"
"7,87 : 0.6485"
"87,7 : 0.6485"
"7,88 : 0.2377"
"88,7 : 0.2377"
"7,89 : 0.6001"
"89,7 : 0.6001"
"7,90 : 0.0721"
"90,7 : 0.0721"
"7,91 : 0.461"
"91,7 : 0.461"
"7,92 : 0.622"
"92,7 : 0.622"
"7,93 : 0.5277"
"93,7 : 0.5277"
"7,94 : 0.07"
"94,7 : 0.07"
"7,95 : 0.2807"
"95,7 : 0.2807"
"7,96 : 0.2555"
"96,7 : 0.2555"
"7,97 : 0.7517"
"97,7 : 0.7517"
"7,98 : 0.956"
"98,7 : 0.956"
"7,99 : 0.6824"
"99,7 : 0.6824"
"8,9 : 0.5341"
"9,8 : 0.5341"
"8,10 : 0.7983"
"10,8 : 0.7983"
"8,11 : 0.9311"
"11,8 : 0.9311"
"8,12 : 0.6203"
"12,8 : 0.6203"
"8,13 : 0.7398"
"13,8 : 0.7398"
"8,14 : 1.006"
"14,8 : 1.006"
"8,15 : 0.6888"
"15,8 : 0.6888"
"8,16 : 0.9184"
"16,8 : 0.9184"
"8,17 : 0.5204"
"17,8 : 0.5204"
"8,18 : 0.2524"
"18,8 : 0.2524"
"8,19 : 0.5001"
"19,8 : 0.5001"
"8,20 : 0.3041"
"20,8 : 0.3041"
"8,21 : 0.431"
"21,8 : 0.431"
"8,22 : 0.6185"
"22,8 : 0.6185"
"8,23 : 0.5292"
"23,8 : 0.5292"
"8,24 : 0.9745"
"24,8 : 0.9745"
"8,25 : 0.1063"
"25,8 : 0.1063"
"8,26 : 0.5805"
"26,8 : 0.5805"
"8,27 : 0.0922"
"27,8 : 0.0922"
"8,28 : 0.6488"
"28,8 : 0.6488"
"8,29 : 0.4876"
"29,8 : 0.4876"
"8,30 : 0.5954"
"30,8 : 0.5954"
"8,31 : 0.8563"
"31,8 : 0.8563"
"8,32 : 0.4061"
"32,8 : 0.4061"
"8,33 : 0.7642"
"33,8 : 0.7642"
"8,34 : 0.4177"
"34,8 : 0.4177"
"8,35 : 0.9901"
"35,8 : 0.9901"
"8,36 : 0.7212"
"36,8 : 0.7212"
"8,37 : 0.7806"
"37,8 : 0.7806"
"8,38 : 0.5385"
"38,8 : 0.5385"
"8,39 : 0.6685"
"39,8 : 0.6685"
"8,40 : 0.6207"
"40,8 : 0.6207"
"8,41 : 0.3302"
"41,8 : 0.3302"
"8,42 : 0.9148"
"42,8 : 0.9148"
"8,43 : 0.927"
"43,8 : 0.927"
"8,44 : 0.2088"
"44,8 : 0.2088"
"8,45 : 0.6412"
"45,8 : 0.6412"
"8,46 : 0.1803"
"46,8 : 0.1803"
"8,47 : 0.1044"
"47,8 : 0.1044"
"8,48 : 0.3423"
"48,8 : 0.3423"
"8,49 : 1.0683"
"49,8 : 1.0683"
"8,50 : 0.85"
"50,8 : 0.85"
"8,51 : 0.6041"
"51,8 : 0.6041"
"8,52 : 0.7009"
"52,8 : 0.7009"
"8,53 : 0.389"
"53,8 : 0.389"
"8,54 : 0.8981"
"54,8 : 0.8981"
"8,55 : 0.7256"
"55,8 : 0.7256"
"8,56 : 0.1334"
"56,8 : 0.1334"
"8,57 : 0.8573"
"57,8 : 0.8573"
"8,58 : 0.7011"
"58,8 : 0.7011"
"8,59 : 1.0904"
"59,8 : 1.0904"
"8,60 : 0.5917"
"60,8 : 0.5917"
"8,61 : 0.4405"
"61,8 : 0.4405"
"8,62 : 0.1503"
"62,8 : 0.1503"
"8,63 : 0.4589"
"63,8 : 0.4589"
"8,64 : 1.0"
"64,8 : 1.0"
"8,65 : 0.5659"
"65,8 : 0.5659"
"8,66 : 0.4249"
"66,8 : 0.4249"
"8,67 : 0.2022"
"67,8 : 0.2022"
"8,68 : 0.2563"
"68,8 : 0.2563"
"8,69 : 0.8509"
"69,8 : 0.8509"
"8,70 : 0.2907"
"70,8 : 0.2907"
"8,71 : 0.2022"
"71,8 : 0.2022"
"8,72 : 0.3962"
"72,8 : 0.3962"
"8,73 : 0.8814"
"73,8 : 0.8814"
"8,74 : 0.253"
"74,8 : 0.253"
"8,75 : 0.8215"
"75,8 : 0.8215"
"8,76 : 0.5029"
"76,8 : 0.5029"
"8,77 : 0.8702"
"77,8 : 0.8702"
"8,78 : 0.5772"
"78,8 : 0.5772"
"8,79 : 0.821"
"79,8 : 0.821"
"8,80 : 0.2617"
"80,8 : 0.2617"
"8,81 : 0.4776"
"81,8 : 0.4776"
"8,82 : 0.7357"
"82,8 : 0.7357"
"8,83 : 0.1803"
"83,8 : 0.1803"
"8,84 : 1.086"
"84,8 : 1.086"
"8,85 : 0.4801"
"85,8 : 0.4801"
"8,86 : 1.1289"
"86,8 : 1.1289"
"8,87 : 0.3722"
"87,8 : 0.3722"
"8,88 : 0.6862"
"88,8 : 0.6862"
"8,89 : 0.2081"
"89,8 : 0.2081"
"8,90 : 0.4338"
"90,8 : 0.4338"
"8,91 : 0.6001"
"91,8 : 0.6001"
"8,92 : 0.8408"
"92,8 : 0.8408"
"8,93 : 0.0985"
"93,8 : 0.0985"
"8,94 : 0.5166"
"94,8 : 0.5166"
"8,95 : 0.6088"
"95,8 : 0.6088"
"8,96 : 0.21"
"96,8 : 0.21"
"8,97 : 0.7026"
"97,8 : 0.7026"
"8,98 : 0.9026"
"98,8 : 0.9026"
"8,99 : 0.6912"
"99,8 : 0.6912"
"9,10 : 0.742"
"10,9 : 0.742"
"9,11 : 0.5215"
"11,9 : 0.5215"
"9,12 : 0.527"
"12,9 : 0.527"
"9,13 : 0.3744"
"13,9 : 0.3744"
"9,14 : 0.507"
"14,9 : 0.507"
"9,15 : 0.1556"
"15,9 : 0.1556"
"9,16 : 0.3859"
"16,9 : 0.3859"
"9,17 : 0.4428"
"17,9 : 0.4428"
"9,18 : 0.658"
"18,9 : 0.658"
"9,19 : 0.3493"
"19,9 : 0.3493"
"9,20 : 0.2421"
"20,9 : 0.2421"
"9,21 : 0.4026"
"21,9 : 0.4026"
"9,22 : 0.3"
"22,9 : 0.3"
"9,23 : 0.272"
"23,9 : 0.272"
"9,24 : 0.4701"
"24,9 : 0.4701"
"9,25 : 0.5636"
"25,9 : 0.5636"
"9,26 : 0.5818"
"26,9 : 0.5818"
"9,27 : 0.4665"
"27,9 : 0.4665"
"9,28 : 0.1513"
"28,9 : 0.1513"
"9,29 : 0.2147"
"29,9 : 0.2147"
"9,30 : 0.1077"
"30,9 : 0.1077"
"9,31 : 0.3265"
"31,9 : 0.3265"
"9,32 : 0.1703"
"32,9 : 0.1703"
"9,33 : 0.5482"
"33,9 : 0.5482"
"9,34 : 0.5064"
"34,9 : 0.5064"
"9,35 : 0.4623"
"35,9 : 0.4623"
"9,36 : 0.2955"
"36,9 : 0.2955"
"9,37 : 0.6364"
"37,9 : 0.6364"
"9,38 : 0.6429"
"38,9 : 0.6429"
"9,39 : 0.1393"
"39,9 : 0.1393"
"9,40 : 0.3606"
"40,9 : 0.3606"
"9,41 : 0.2377"
"41,9 : 0.2377"
"9,42 : 0.5757"
"42,9 : 0.5757"
"9,43 : 0.5224"
"43,9 : 0.5224"
"9,44 : 0.3483"
"44,9 : 0.3483"
"9,45 : 0.4904"
"45,9 : 0.4904"
"9,46 : 0.4554"
"46,9 : 0.4554"
"9,47 : 0.6003"
"47,9 : 0.6003"
"9,48 : 0.4601"
"48,9 : 0.4601"
"9,49 : 0.5636"
"49,9 : 0.5636"
"9,50 : 0.3373"
"50,9 : 0.3373"
"9,51 : 0.5595"
"51,9 : 0.5595"
"9,52 : 0.4301"
"52,9 : 0.4301"
"9,53 : 0.2159"
"53,9 : 0.2159"
"9,54 : 0.7779"
"54,9 : 0.7779"
"9,55 : 0.3842"
"55,9 : 0.3842"
"9,56 : 0.4924"
"56,9 : 0.4924"
"9,57 : 0.5187"
"57,9 : 0.5187"
"9,58 : 0.5903"
"58,9 : 0.5903"
"9,59 : 0.5981"
"59,9 : 0.5981"
"9,60 : 0.0949"
"60,9 : 0.0949"
"9,61 : 0.3106"
"61,9 : 0.3106"
"9,62 : 0.4187"
"62,9 : 0.4187"
"9,63 : 0.5239"
"63,9 : 0.5239"
"9,64 : 0.6454"
"64,9 : 0.6454"
"9,65 : 0.0608"
"65,9 : 0.0608"
"9,66 : 0.1456"
"66,9 : 0.1456"
"9,67 : 0.4111"
"67,9 : 0.4111"
"9,68 : 0.3"
"68,9 : 0.3"
"9,69 : 0.3324"
"69,9 : 0.3324"
"9,70 : 0.3362"
"70,9 : 0.3362"
"9,71 : 0.372"
"71,9 : 0.372"
"9,72 : 0.4937"
"72,9 : 0.4937"
"9,73 : 0.4727"
"73,9 : 0.4727"
"9,74 : 0.3517"
"74,9 : 0.3517"
"9,75 : 0.3701"
"75,9 : 0.3701"
"9,76 : 0.5894"
"76,9 : 0.5894"
"9,77 : 0.672"
"77,9 : 0.672"
"9,78 : 0.236"
"78,9 : 0.236"
"9,79 : 0.6201"
"79,9 : 0.6201"
"9,80 : 0.6161"
"80,9 : 0.6161"
"9,81 : 0.1726"
"81,9 : 0.1726"
"9,82 : 0.3027"
"82,9 : 0.3027"
"9,83 : 0.6147"
"83,9 : 0.6147"
"9,84 : 0.5869"
"84,9 : 0.5869"
"9,85 : 0.4554"
"85,9 : 0.4554"
"9,86 : 0.6391"
"86,9 : 0.6391"
"9,87 : 0.6101"
"87,9 : 0.6101"
"9,88 : 0.255"
"88,9 : 0.255"
"9,89 : 0.6263"
"89,9 : 0.6263"
"9,90 : 0.1432"
"90,9 : 0.1432"
"9,91 : 0.2843"
"91,9 : 0.2843"
"9,92 : 0.4219"
"92,9 : 0.4219"
"9,93 : 0.5867"
"93,9 : 0.5867"
"9,94 : 0.2154"
"94,9 : 0.2154"
"9,95 : 0.0854"
"95,9 : 0.0854"
"9,96 : 0.3912"
"96,9 : 0.3912"
"9,97 : 0.6061"
"97,9 : 0.6061"
"9,98 : 0.7991"
"98,9 : 0.7991"
"9,99 : 0.5235"
"99,9 : 0.5235"
"10,11 : 0.5544"
"11,10 : 0.5544"
"10,12 : 0.2193"
"12,10 : 0.2193"
"10,13 : 1.1161"
"13,10 : 1.1161"
"10,14 : 0.7803"
"14,10 : 0.7803"
"10,15 : 0.7782"
"15,10 : 0.7782"
"10,16 : 0.9534"
"16,10 : 0.9534"
"10,17 : 0.322"
"17,10 : 0.322"
"10,18 : 0.6412"
"18,10 : 0.6412"
"10,19 : 1.0359"
"19,10 : 1.0359"
"10,20 : 0.7767"
"20,10 : 0.7767"
"10,21 : 0.4031"
"21,10 : 0.4031"
"10,22 : 0.4607"
"22,10 : 0.4607"
"10,23 : 0.4701"
"23,10 : 0.4701"
"10,24 : 0.7803"
"24,10 : 0.7803"
"10,25 : 0.7157"
"25,10 : 0.7157"
"10,26 : 0.2184"
"26,10 : 0.2184"
"10,27 : 0.7157"
"27,10 : 0.7157"
"10,28 : 0.8766"
"28,10 : 0.8766"
"10,29 : 0.5315"
"29,10 : 0.5315"
"10,30 : 0.8463"
"30,10 : 0.8463"
"10,31 : 0.8246"
"31,10 : 0.8246"
"10,32 : 0.6229"
"32,10 : 0.6229"
"10,33 : 0.2508"
"33,10 : 0.2508"
"10,34 : 0.3808"
"34,10 : 0.3808"
"10,35 : 0.8846"
"35,10 : 0.8846"
"10,36 : 1.0317"
"36,10 : 1.0317"
"10,37 : 0.14"
"37,10 : 0.14"
"10,38 : 0.2816"
"38,10 : 0.2816"
"10,39 : 0.8237"
"39,10 : 0.8237"
"10,40 : 1.0893"
"40,10 : 1.0893"
"10,41 : 0.6243"
"41,10 : 0.6243"
"10,42 : 0.4317"
"42,10 : 0.4317"
"10,43 : 0.5445"
"43,10 : 0.5445"
"10,44 : 0.8095"
"44,10 : 0.8095"
"10,45 : 0.2524"
"45,10 : 0.2524"
"10,46 : 0.621"
"46,10 : 0.621"
"10,47 : 0.7533"
"47,10 : 0.7533"
"10,48 : 0.4588"
"48,10 : 0.4588"
"10,49 : 0.8322"
"49,10 : 0.8322"
"10,50 : 0.9954"
"50,10 : 0.9954"
"10,51 : 0.2059"
"51,10 : 0.2059"
"10,52 : 0.3544"
"52,10 : 0.3544"
"10,53 : 0.8528"
"53,10 : 0.8528"
"10,54 : 0.1208"
"54,10 : 0.1208"
"10,55 : 1.1261"
"55,10 : 1.1261"
"10,56 : 0.6649"
"56,10 : 0.6649"
"10,57 : 0.4219"
"57,10 : 0.4219"
"10,58 : 0.1526"
"58,10 : 0.1526"
"10,59 : 0.8075"
"59,10 : 0.8075"
"10,60 : 0.8323"
"60,10 : 0.8323"
"10,61 : 0.9745"
"61,10 : 0.9745"
"10,62 : 0.8338"
"62,10 : 0.8338"
"10,63 : 0.3396"
"63,10 : 0.3396"
"10,64 : 0.4847"
"64,10 : 0.4847"
"10,65 : 0.6989"
"65,10 : 0.6989"
"10,66 : 0.8066"
"66,10 : 0.8066"
"10,67 : 0.6135"
"67,10 : 0.6135"
"10,68 : 0.8026"
"68,10 : 0.8026"
"10,69 : 0.9786"
"69,10 : 0.9786"
"10,70 : 0.8884"
"70,10 : 0.8884"
"10,71 : 0.8363"
"71,10 : 0.8363"
"10,72 : 0.4026"
"72,10 : 0.4026"
"10,73 : 0.5404"
"73,10 : 0.5404"
"10,74 : 0.5951"
"74,10 : 0.5951"
"10,75 : 0.6053"
"75,10 : 0.6053"
"10,76 : 0.3007"
"76,10 : 0.3007"
"10,77 : 0.2102"
"77,10 : 0.2102"
"10,78 : 0.9708"
"78,10 : 0.9708"
"10,79 : 0.2138"
"79,10 : 0.2138"
"10,80 : 0.5901"
"80,10 : 0.5901"
"10,81 : 0.8768"
"81,10 : 0.8768"
"10,82 : 0.5701"
"82,10 : 0.5701"
"10,83 : 0.6803"
"83,10 : 0.6803"
"10,84 : 0.8249"
"84,10 : 0.8249"
"10,85 : 0.34"
"85,10 : 0.34"
"10,86 : 0.8238"
"86,10 : 0.8238"
"10,87 : 0.4604"
"87,10 : 0.4604"
"10,88 : 0.993"
"88,10 : 0.993"
"10,89 : 0.66"
"89,10 : 0.66"
"10,90 : 0.8134"
"90,10 : 0.8134"
"10,91 : 0.4701"
"91,10 : 0.4701"
"10,92 : 0.5508"
"92,10 : 0.5508"
"10,93 : 0.7443"
"93,10 : 0.7443"
"10,94 : 0.9335"
"94,10 : 0.9335"
"10,95 : 0.722"
"95,10 : 0.722"
"10,96 : 0.8676"
"96,10 : 0.8676"
"10,97 : 0.136"
"97,10 : 0.136"
"10,98 : 0.1118"
"98,10 : 0.1118"
"10,99 : 0.2285"
"99,10 : 0.2285"
"11,12 : 0.4614"
"12,11 : 0.4614"
"11,13 : 0.8096"
"13,11 : 0.8096"
"11,14 : 0.2354"
"14,11 : 0.2354"
"11,15 : 0.4366"
"15,11 : 0.4366"
"11,16 : 0.4892"
"16,11 : 0.4892"
"11,17 : 0.4884"
"17,11 : 0.4884"
"11,18 : 0.9231"
"18,11 : 0.9231"
"11,19 : 0.8683"
"19,11 : 0.8683"
"11,20 : 0.7185"
"20,11 : 0.7185"
"11,21 : 0.5467"
"21,11 : 0.5467"
"11,22 : 0.313"
"22,11 : 0.313"
"11,23 : 0.4025"
"23,11 : 0.4025"
"11,24 : 0.247"
"24,11 : 0.247"
"11,25 : 0.9055"
"25,11 : 0.9055"
"11,26 : 0.5644"
"26,11 : 0.5644"
"11,27 : 0.841"
"27,11 : 0.841"
"11,28 : 0.5725"
"28,11 : 0.5725"
"11,29 : 0.446"
"29,11 : 0.446"
"11,30 : 0.5772"
"30,11 : 0.5772"
"11,31 : 0.368"
"31,11 : 0.368"
"11,32 : 0.5457"
"32,11 : 0.5457"
"11,33 : 0.3132"
"33,11 : 0.3132"
"11,34 : 0.6366"
"34,11 : 0.6366"
"11,35 : 0.3667"
"35,11 : 0.3667"
"11,36 : 0.7111"
"36,11 : 0.7111"
"11,37 : 0.4159"
"37,11 : 0.4159"
"11,38 : 0.6774"
"38,11 : 0.6774"
"11,39 : 0.4998"
"39,11 : 0.4998"
"11,40 : 0.8544"
"40,11 : 0.8544"
"11,41 : 0.6103"
"41,11 : 0.6103"
"11,42 : 0.1334"
"42,11 : 0.1334"
"11,43 : 0.01"
"43,11 : 0.01"
"11,44 : 0.8102"
"44,11 : 0.8102"
"11,45 : 0.3996"
"45,11 : 0.3996"
"11,46 : 0.7752"
"46,11 : 0.7752"
"11,47 : 0.9502"
"47,11 : 0.9502"
"11,48 : 0.6607"
"48,11 : 0.6607"
"11,49 : 0.2802"
"49,11 : 0.2802"
"11,50 : 0.5826"
"50,11 : 0.5826"
"11,51 : 0.5148"
"51,11 : 0.5148"
"11,52 : 0.2702"
"52,11 : 0.2702"
"11,53 : 0.7301"
"53,11 : 0.7301"
"11,54 : 0.5016"
"54,11 : 0.5016"
"11,55 : 0.8326"
"55,11 : 0.8326"
"11,56 : 0.8286"
"56,11 : 0.8286"
"11,57 : 0.1334"
"57,11 : 0.1334"
"11,58 : 0.446"
"58,11 : 0.446"
"11,59 : 0.2532"
"59,11 : 0.2532"
"11,60 : 0.5652"
"60,11 : 0.5652"
"11,61 : 0.8322"
"61,11 : 0.8322"
"11,62 : 0.8709"
"62,11 : 0.8709"
"11,63 : 0.6172"
"63,11 : 0.6172"
"11,64 : 0.1487"
"64,11 : 0.1487"
"11,65 : 0.461"
"65,11 : 0.461"
"11,66 : 0.66"
"66,11 : 0.66"
"11,67 : 0.7382"
"67,11 : 0.7382"
"11,68 : 0.7728"
"68,11 : 0.7728"
"11,69 : 0.5608"
"69,11 : 0.5608"
"11,70 : 0.8349"
"70,11 : 0.8349"
"11,71 : 0.8395"
"71,11 : 0.8395"
"11,72 : 0.6435"
"72,11 : 0.6435"
"11,73 : 0.051"
"73,11 : 0.051"
"11,74 : 0.6798"
"74,11 : 0.6798"
"11,75 : 0.1581"
"75,11 : 0.1581"
"11,76 : 0.6464"
"76,11 : 0.6464"
"11,77 : 0.3606"
"77,11 : 0.3606"
"11,78 : 0.7325"
"78,11 : 0.7325"
"11,79 : 0.3413"
"79,11 : 0.3413"
"11,80 : 0.8656"
"80,11 : 0.8656"
"11,81 : 0.6935"
"81,11 : 0.6935"
"11,82 : 0.22"
"82,11 : 0.22"
"11,83 : 0.9184"
"83,11 : 0.9184"
"11,84 : 0.2707"
"84,11 : 0.2707"
"11,85 : 0.5376"
"85,11 : 0.5376"
"11,86 : 0.272"
"86,11 : 0.272"
"11,87 : 0.7783"
"87,11 : 0.7783"
"11,88 : 0.6854"
"88,11 : 0.6854"
"11,89 : 0.914"
"89,11 : 0.914"
"11,90 : 0.6601"
"90,11 : 0.6601"
"11,91 : 0.3311"
"91,11 : 0.3311"
"11,92 : 0.1"
"92,11 : 0.1"
"11,93 : 0.9365"
"93,11 : 0.9365"
"11,94 : 0.7299"
"94,11 : 0.7299"
"11,95 : 0.4455"
"95,11 : 0.4455"
"11,96 : 0.8668"
"96,11 : 0.8668"
"11,97 : 0.4649"
"97,11 : 0.4649"
"11,98 : 0.5315"
"98,11 : 0.5315"
"11,99 : 0.3758"
"99,11 : 0.3758"
"12,13 : 0.9014"
"13,12 : 0.9014"
"12,14 : 0.6552"
"14,12 : 0.6552"
"12,15 : 0.5787"
"15,12 : 0.5787"
"12,16 : 0.7752"
"16,12 : 0.7752"
"12,17 : 0.1077"
"17,12 : 0.1077"
"12,18 : 0.5162"
"18,12 : 0.5162"
"12,19 : 0.8169"
"19,12 : 0.8169"
"12,20 : 0.5608"
"20,12 : 0.5608"
"12,21 : 0.1965"
"21,12 : 0.1965"
"12,22 : 0.2648"
"22,12 : 0.2648"
"12,23 : 0.2555"
"23,12 : 0.2555"
"12,24 : 0.6454"
"24,12 : 0.6454"
"12,25 : 0.5533"
"25,12 : 0.5533"
"12,26 : 0.103"
"26,12 : 0.103"
"12,27 : 0.5315"
"27,12 : 0.5315"
"12,28 : 0.6665"
"28,12 : 0.6665"
"12,29 : 0.314"
"29,12 : 0.314"
"12,30 : 0.6329"
"30,12 : 0.6329"
"12,31 : 0.6512"
"31,12 : 0.6512"
"12,32 : 0.4036"
"32,12 : 0.4036"
"12,33 : 0.172"
"33,12 : 0.172"
"12,34 : 0.2184"
"34,12 : 0.2184"
"12,35 : 0.7333"
"35,12 : 0.7333"
"12,36 : 0.8199"
"36,12 : 0.8199"
"12,37 : 0.1603"
"37,12 : 0.1603"
"12,38 : 0.2163"
"38,12 : 0.2163"
"12,39 : 0.6185"
"39,12 : 0.6185"
"12,40 : 0.8705"
"40,12 : 0.8705"
"12,41 : 0.4082"
"41,12 : 0.4082"
"12,42 : 0.3748"
"42,12 : 0.3748"
"12,43 : 0.4528"
"43,12 : 0.4528"
"12,44 : 0.6017"
"44,12 : 0.6017"
"12,45 : 0.0632"
"45,12 : 0.0632"
"12,46 : 0.4401"
"46,12 : 0.4401"
"12,47 : 0.5954"
"47,12 : 0.5954"
"12,48 : 0.2807"
"48,12 : 0.2807"
"12,49 : 0.7147"
"49,12 : 0.7147"
"12,50 : 0.8008"
"50,12 : 0.8008"
"12,51 : 0.0539"
"51,12 : 0.0539"
"12,52 : 0.1992"
"52,12 : 0.1992"
"12,53 : 0.6341"
"53,12 : 0.6341"
"12,54 : 0.2879"
"54,12 : 0.2879"
"12,55 : 0.9102"
"55,12 : 0.9102"
"12,56 : 0.4901"
"56,12 : 0.4901"
"12,57 : 0.336"
"57,12 : 0.336"
"12,58 : 0.0825"
"58,12 : 0.0825"
"12,59 : 0.7038"
"59,12 : 0.7038"
"12,60 : 0.6191"
"60,12 : 0.6191"
"12,61 : 0.756"
"61,12 : 0.756"
"12,62 : 0.6332"
"62,12 : 0.6332"
"12,63 : 0.1838"
"63,12 : 0.1838"
"12,64 : 0.4534"
"64,12 : 0.4534"
"12,65 : 0.4876"
"65,12 : 0.4876"
"12,66 : 0.5873"
"66,12 : 0.5873"
"12,67 : 0.423"
"67,12 : 0.423"
"12,68 : 0.5903"
"68,12 : 0.5903"
"12,69 : 0.7859"
"69,12 : 0.7859"
"12,70 : 0.6754"
"70,12 : 0.6754"
"12,71 : 0.6297"
"71,12 : 0.6297"
"12,72 : 0.2354"
"72,12 : 0.2354"
"12,73 : 0.4295"
"73,12 : 0.4295"
"12,74 : 0.3929"
"74,12 : 0.3929"
"12,75 : 0.4571"
"75,12 : 0.4571"
"12,76 : 0.191"
"76,12 : 0.191"
"12,77 : 0.2532"
"77,12 : 0.2532"
"12,78 : 0.7529"
"78,12 : 0.7529"
"12,79 : 0.2088"
"79,12 : 0.2088"
"12,80 : 0.4588"
"80,12 : 0.4588"
"12,81 : 0.6576"
"81,12 : 0.6576"
"12,82 : 0.4001"
"82,12 : 0.4001"
"12,83 : 0.536"
"83,12 : 0.536"
"12,84 : 0.7151"
"84,12 : 0.7151"
"12,85 : 0.1404"
"85,12 : 0.1404"
"12,86 : 0.7292"
"86,12 : 0.7292"
"12,87 : 0.3448"
"87,12 : 0.3448"
"12,88 : 0.7803"
"88,12 : 0.7803"
"12,89 : 0.522"
"89,12 : 0.522"
"12,90 : 0.5941"
"90,12 : 0.5941"
"12,91 : 0.2693"
"91,12 : 0.2693"
"12,92 : 0.4206"
"92,12 : 0.4206"
"12,93 : 0.5842"
"93,12 : 0.5842"
"12,94 : 0.7145"
"94,12 : 0.7145"
"12,95 : 0.5148"
"95,12 : 0.5148"
"12,96 : 0.6613"
"96,12 : 0.6613"
"12,97 : 0.0894"
"97,12 : 0.0894"
"12,98 : 0.2997"
"98,12 : 0.2997"
"12,99 : 0.0922"
"99,12 : 0.0922"
"13,14 : 0.6905"
"14,13 : 0.6905"
"13,15 : 0.3774"
"15,13 : 0.3774"
"13,16 : 0.4105"
"16,13 : 0.4105"
"13,17 : 0.8149"
"17,13 : 0.8149"
"13,18 : 0.9402"
"18,13 : 0.9402"
"13,19 : 0.2642"
"19,13 : 0.2642"
"13,20 : 0.4604"
"20,13 : 0.4604"
"13,21 : 0.7656"
"21,13 : 0.7656"
"13,22 : 0.6653"
"22,13 : 0.6653"
