x,y
0.45,0.06
0.66,0.45
0.69,0.16
0.74,0.9
0.04,0.99
0.6,0.37
0.87,0.81
0.98,0.86
0.52,0.86
0.22,0.94
0.46,0.75
0.8,0.36
0.21,0.76
0.72,0.72
0.48,0.05
0.09,0.79
0.7,0.1
0.3,0.82
0.62,0.3
0.23,0.8
0.51,0.42
0.29,0.78
0.09,0.1
0.96,0.15
0.17,0.82
0.74,0.02
0.1,0.29
0.43,0.28
0.45,0.52
0.85,0.61
0.36,0.26
0.14,0.22
0.32,0.16
0.75,0.35
0.29,0.93
0.26,0.06
0.2,0.52
0.37,0.46
0.8,0.86
0.14,0.58
0.14,0.93
0.9,0.64
0.19,0.49
0.08,0.16
0.83,0.77
0.19,0.32
0.32,0.25
0.49,0.7
0.68,0.13
0.58,0.39
0.22,0.92
0.11,0.56
0.14,0.45
0.96,0.59
0.71,0.09
0.64,0.73
0.65,0.07
0.66,0.22
0.04,0.72
0.13,0.51
0.43,0.6
0.34,0.1
0.52,0.91
0.2,0.36
0.74,0.24
0.78,0.97
0.44,0.69
0.45,0.84
0.76,0.57
0.76,0.23
0.88,0.6
0.32,0.13
0.56,0.1
0.14,0.27
0.59,0.61
0.7,0.42
0.43,0.65
0.37,0.35
0.02,0.03
0.76,0.45
0.88,0.54
0.61,0.57
0.38,0.52
0.2,0.37
0.16,0.19
0.88,0.64
0.62,0.36
0.86,0.15
0.19,0.45
0.59,0.46
0.1,0.61
0.88,0.48
0.99,0.6
0.59,0.93
0.39,0.33
0.9,0.47
0.89,0.96
0.93,0.71
0.31,0.86
0.05,0.99

Distanze
"0,1 : 0.4429"
"1,0 : 0.4429"
"0,2 : 0.26"
"2,0 : 0.26"
"0,3 : 0.8887"
"3,0 : 0.8887"
"0,4 : 1.0164"
"4,0 : 1.0164"
"0,5 : 0.3444"
"5,0 : 0.3444"
"0,6 : 0.8596"
"6,0 : 0.8596"
"0,7 : 0.9596"
"7,0 : 0.9596"
"0,8 : 0.8031"
"8,0 : 0.8031"
"0,9 : 0.9096"
"9,0 : 0.9096"
"0,10 : 0.6901"
"10,0 : 0.6901"
"0,11 : 0.461"
"11,0 : 0.461"
"0,12 : 0.74"
"12,0 : 0.74"
"0,13 : 0.7131"
"13,0 : 0.7131"
"0,14 : 0.0316"
"14,0 : 0.0316"
"0,15 : 0.8139"
"15,0 : 0.8139"
"0,16 : 0.2532"
"16,0 : 0.2532"
"0,17 : 0.7747"
"17,0 : 0.7747"
"0,18 : 0.2941"
"18,0 : 0.2941"
"0,19 : 0.772"
"19,0 : 0.772"
"0,20 : 0.365"
"20,0 : 0.365"
"0,21 : 0.7376"
"21,0 : 0.7376"
"0,22 : 0.3622"
"22,0 : 0.3622"
"0,23 : 0.5179"
"23,0 : 0.5179"
"0,24 : 0.8099"
"24,0 : 0.8099"
"0,25 : 0.2927"
"25,0 : 0.2927"
"0,26 : 0.4188"
"26,0 : 0.4188"
"0,27 : 0.2209"
"27,0 : 0.2209"
"0,28 : 0.46"
"28,0 : 0.46"
"0,29 : 0.6801"
"29,0 : 0.6801"
"0,30 : 0.2193"
"30,0 : 0.2193"
"0,31 : 0.3489"
"31,0 : 0.3489"
"0,32 : 0.164"
"32,0 : 0.164"
"0,33 : 0.4173"
"33,0 : 0.4173"
"0,34 : 0.8846"
"34,0 : 0.8846"
"0,35 : 0.19"
"35,0 : 0.19"
"0,36 : 0.5235"
"36,0 : 0.5235"
"0,37 : 0.4079"
"37,0 : 0.4079"
"0,38 : 0.8732"
"38,0 : 0.8732"
"0,39 : 0.6054"
"39,0 : 0.6054"
"0,40 : 0.9236"
"40,0 : 0.9236"
"0,41 : 0.7341"
"41,0 : 0.7341"
"0,42 : 0.5025"
"42,0 : 0.5025"
"0,43 : 0.3833"
"43,0 : 0.3833"
"0,44 : 0.8053"
"44,0 : 0.8053"
"0,45 : 0.3677"
"45,0 : 0.3677"
"0,46 : 0.2302"
"46,0 : 0.2302"
"0,47 : 0.6412"
"47,0 : 0.6412"
"0,48 : 0.2404"
"48,0 : 0.2404"
"0,49 : 0.3547"
"49,0 : 0.3547"
"0,50 : 0.8902"
"50,0 : 0.8902"
"0,51 : 0.6046"
"51,0 : 0.6046"
"0,52 : 0.4982"
"52,0 : 0.4982"
"0,53 : 0.7355"
"53,0 : 0.7355"
"0,54 : 0.2617"
"54,0 : 0.2617"
"0,55 : 0.6964"
"55,0 : 0.6964"
"0,56 : 0.2002"
"56,0 : 0.2002"
"0,57 : 0.264"
"57,0 : 0.264"
"0,58 : 0.777"
"58,0 : 0.777"
"0,59 : 0.5522"
"59,0 : 0.5522"
"0,60 : 0.5404"
"60,0 : 0.5404"
"0,61 : 0.117"
"61,0 : 0.117"
"0,62 : 0.8529"
"62,0 : 0.8529"
"0,63 : 0.3905"
"63,0 : 0.3905"
"0,64 : 0.3413"
"64,0 : 0.3413"
"0,65 : 0.968"
"65,0 : 0.968"
"0,66 : 0.6301"
"66,0 : 0.6301"
"0,67 : 0.78"
"67,0 : 0.78"
"0,68 : 0.5968"
"68,0 : 0.5968"
"0,69 : 0.3536"
"69,0 : 0.3536"
"0,70 : 0.6903"
"70,0 : 0.6903"
"0,71 : 0.1476"
"71,0 : 0.1476"
"0,72 : 0.117"
"72,0 : 0.117"
"0,73 : 0.3744"
"73,0 : 0.3744"
"0,74 : 0.5675"
"74,0 : 0.5675"
"0,75 : 0.4383"
"75,0 : 0.4383"
"0,76 : 0.5903"
"76,0 : 0.5903"
"0,77 : 0.3008"
"77,0 : 0.3008"
"0,78 : 0.431"
"78,0 : 0.431"
"0,79 : 0.4982"
"79,0 : 0.4982"
"0,80 : 0.6444"
"80,0 : 0.6444"
"0,81 : 0.5345"
"81,0 : 0.5345"
"0,82 : 0.4653"
"82,0 : 0.4653"
"0,83 : 0.3982"
"83,0 : 0.3982"
"0,84 : 0.3178"
"84,0 : 0.3178"
"0,85 : 0.722"
"85,0 : 0.722"
"0,86 : 0.3448"
"86,0 : 0.3448"
"0,87 : 0.4198"
"87,0 : 0.4198"
"0,88 : 0.4687"
"88,0 : 0.4687"
"0,89 : 0.4238"
"89,0 : 0.4238"
"0,90 : 0.6519"
"90,0 : 0.6519"
"0,91 : 0.6011"
"91,0 : 0.6011"
"0,92 : 0.7637"
"92,0 : 0.7637"
"0,93 : 0.8812"
"93,0 : 0.8812"
"0,94 : 0.2766"
"94,0 : 0.2766"
"0,95 : 0.6088"
"95,0 : 0.6088"
"0,96 : 1.0018"
"96,0 : 1.0018"
"0,97 : 0.808"
"97,0 : 0.808"
"0,98 : 0.8122"
"98,0 : 0.8122"
"0,99 : 1.0124"
"99,0 : 1.0124"
"1,2 : 0.2915"
"2,1 : 0.2915"
"1,3 : 0.4571"
"3,1 : 0.4571"
"1,4 : 0.8222"
"4,1 : 0.8222"
"1,5 : 0.1"
"5,1 : 0.1"
"1,6 : 0.4168"
"6,1 : 0.4168"
"1,7 : 0.5201"
"7,1 : 0.5201"
"1,8 : 0.4332"
"8,1 : 0.4332"
"1,9 : 0.6586"
"9,1 : 0.6586"
"1,10 : 0.3606"
"10,1 : 0.3606"
"1,11 : 0.1664"
"11,1 : 0.1664"
"1,12 : 0.5464"
"12,1 : 0.5464"
"1,13 : 0.2766"
"13,1 : 0.2766"
"1,14 : 0.4386"
"14,1 : 0.4386"
"1,15 : 0.6637"
"15,1 : 0.6637"
"1,16 : 0.3523"
"16,1 : 0.3523"
"1,17 : 0.5162"
"17,1 : 0.5162"
"1,18 : 0.1552"
"18,1 : 0.1552"
"1,19 : 0.5544"
"19,1 : 0.5544"
"1,20 : 0.153"
"20,1 : 0.153"
"1,21 : 0.4958"
"21,1 : 0.4958"
"1,22 : 0.6689"
"22,1 : 0.6689"
"1,23 : 0.4243"
"23,1 : 0.4243"
"1,24 : 0.614"
"24,1 : 0.614"
"1,25 : 0.4374"
"25,1 : 0.4374"
"1,26 : 0.5824"
"26,1 : 0.5824"
"1,27 : 0.286"
"27,1 : 0.286"
"1,28 : 0.2214"
"28,1 : 0.2214"
"1,29 : 0.2484"
"29,1 : 0.2484"
"1,30 : 0.3551"
"30,1 : 0.3551"
"1,31 : 0.5686"
"31,1 : 0.5686"
"1,32 : 0.4469"
"32,1 : 0.4469"
"1,33 : 0.1345"
"33,1 : 0.1345"
"1,34 : 0.6061"
"34,1 : 0.6061"
"1,35 : 0.5587"
"35,1 : 0.5587"
"1,36 : 0.4653"
"36,1 : 0.4653"
"1,37 : 0.2902"
"37,1 : 0.2902"
"1,38 : 0.4332"
"38,1 : 0.4332"
"1,39 : 0.536"
"39,1 : 0.536"
"1,40 : 0.7077"
"40,1 : 0.7077"
"1,41 : 0.3061"
"41,1 : 0.3061"
"1,42 : 0.4717"
"42,1 : 0.4717"
"1,43 : 0.6485"
"43,1 : 0.6485"
"1,44 : 0.3624"
"44,1 : 0.3624"
"1,45 : 0.4876"
"45,1 : 0.4876"
"1,46 : 0.3945"
"46,1 : 0.3945"
"1,47 : 0.3023"
"47,1 : 0.3023"
"1,48 : 0.3206"
"48,1 : 0.3206"
"1,49 : 0.1"
"49,1 : 0.1"
"1,50 : 0.6438"
"50,1 : 0.6438"
"1,51 : 0.5609"
"51,1 : 0.5609"
"1,52 : 0.52"
"52,1 : 0.52"
"1,53 : 0.3311"
"53,1 : 0.3311"
"1,54 : 0.3635"
"54,1 : 0.3635"
"1,55 : 0.2807"
"55,1 : 0.2807"
"1,56 : 0.3801"
"56,1 : 0.3801"
"1,57 : 0.23"
"57,1 : 0.23"
"1,58 : 0.6762"
"58,1 : 0.6762"
"1,59 : 0.5334"
"59,1 : 0.5334"
"1,60 : 0.2746"
"60,1 : 0.2746"
"1,61 : 0.4742"
"61,1 : 0.4742"
"1,62 : 0.4808"
"62,1 : 0.4808"
"1,63 : 0.4687"
"63,1 : 0.4687"
"1,64 : 0.2247"
"64,1 : 0.2247"
"1,65 : 0.5337"
"65,1 : 0.5337"
"1,66 : 0.3256"
"66,1 : 0.3256"
"1,67 : 0.4429"
"67,1 : 0.4429"
"1,68 : 0.1562"
"68,1 : 0.1562"
"1,69 : 0.2417"
"69,1 : 0.2417"
"1,70 : 0.2663"
"70,1 : 0.2663"
"1,71 : 0.4669"
"71,1 : 0.4669"
"1,72 : 0.364"
"72,1 : 0.364"
"1,73 : 0.5503"
"73,1 : 0.5503"
"1,74 : 0.1746"
"74,1 : 0.1746"
"1,75 : 0.05"
"75,1 : 0.05"
"1,76 : 0.3048"
"76,1 : 0.3048"
"1,77 : 0.3068"
"77,1 : 0.3068"
"1,78 : 0.7655"
"78,1 : 0.7655"
"1,79 : 0.1"
"79,1 : 0.1"
"1,80 : 0.2377"
"80,1 : 0.2377"
"1,81 : 0.13"
"81,1 : 0.13"
"1,82 : 0.2886"
"82,1 : 0.2886"
"1,83 : 0.4669"
"83,1 : 0.4669"
"1,84 : 0.5636"
"84,1 : 0.5636"
"1,85 : 0.2907"
"85,1 : 0.2907"
"1,86 : 0.0985"
"86,1 : 0.0985"
"1,87 : 0.3606"
"87,1 : 0.3606"
"1,88 : 0.47"
"88,1 : 0.47"
"1,89 : 0.0707"
"89,1 : 0.0707"
"1,90 : 0.5824"
"90,1 : 0.5824"
"1,91 : 0.222"
"91,1 : 0.222"
"1,92 : 0.3625"
"92,1 : 0.3625"
"1,93 : 0.4851"
"93,1 : 0.4851"
"1,94 : 0.2955"
"94,1 : 0.2955"
"1,95 : 0.2408"
"95,1 : 0.2408"
"1,96 : 0.5595"
"96,1 : 0.5595"
"1,97 : 0.3748"
"97,1 : 0.3748"
"1,98 : 0.5391"
"98,1 : 0.5391"
"1,99 : 0.8147"
"99,1 : 0.8147"
"2,3 : 0.7417"
"3,2 : 0.7417"
"2,4 : 1.0542"
"4,2 : 1.0542"
"2,5 : 0.2285"
"5,2 : 0.2285"
"2,6 : 0.6745"
"6,2 : 0.6745"
"2,7 : 0.7577"
"7,2 : 0.7577"
"2,8 : 0.7203"
"8,2 : 0.7203"
"2,9 : 0.9107"
"9,2 : 0.9107"
"2,10 : 0.6332"
"10,2 : 0.6332"
"2,11 : 0.2283"
"11,2 : 0.2283"
"2,12 : 0.7684"
"12,2 : 0.7684"
"2,13 : 0.5608"
"13,2 : 0.5608"
"2,14 : 0.2371"
"14,2 : 0.2371"
"2,15 : 0.87"
"15,2 : 0.87"
"2,16 : 0.0608"
"16,2 : 0.0608"
"2,17 : 0.7666"
"17,2 : 0.7666"
"2,18 : 0.1565"
"18,2 : 0.1565"
"2,19 : 0.7882"
"19,2 : 0.7882"
"2,20 : 0.3162"
"20,2 : 0.3162"
"2,21 : 0.7378"
"21,2 : 0.7378"
"2,22 : 0.603"
"22,2 : 0.603"
"2,23 : 0.2702"
"23,2 : 0.2702"
"2,24 : 0.8402"
"24,2 : 0.8402"
"2,25 : 0.1487"
"25,2 : 0.1487"
"2,26 : 0.6042"
"26,2 : 0.6042"
"2,27 : 0.2864"
"27,2 : 0.2864"
"2,28 : 0.4327"
"28,2 : 0.4327"
"2,29 : 0.4776"
"29,2 : 0.4776"
"2,30 : 0.3448"
"30,2 : 0.3448"
"2,31 : 0.5533"
"31,2 : 0.5533"
"2,32 : 0.37"
"32,2 : 0.37"
"2,33 : 0.1992"
"33,2 : 0.1992"
"2,34 : 0.8677"
"34,2 : 0.8677"
"2,35 : 0.4415"
"35,2 : 0.4415"
"2,36 : 0.608"
"36,2 : 0.608"
"2,37 : 0.4386"
"37,2 : 0.4386"
"2,38 : 0.7086"
"38,2 : 0.7086"
"2,39 : 0.692"
"39,2 : 0.692"
"2,40 : 0.9463"
"40,2 : 0.9463"
"2,41 : 0.5239"
"41,2 : 0.5239"
"2,42 : 0.5991"
"42,2 : 0.5991"
"2,43 : 0.61"
"43,2 : 0.61"
"2,44 : 0.6259"
"44,2 : 0.6259"
"2,45 : 0.525"
"45,2 : 0.525"
"2,46 : 0.3808"
"46,2 : 0.3808"
"2,47 : 0.5758"
"47,2 : 0.5758"
"2,48 : 0.0316"
"48,2 : 0.0316"
"2,49 : 0.255"
"49,2 : 0.255"
"2,50 : 0.8936"
"50,2 : 0.8936"
"2,51 : 0.7046"
"51,2 : 0.7046"
"2,52 : 0.6218"
"52,2 : 0.6218"
"2,53 : 0.5077"
"53,2 : 0.5077"
"2,54 : 0.0728"
"54,2 : 0.0728"
"2,55 : 0.5722"
"55,2 : 0.5722"
"2,56 : 0.0985"
"56,2 : 0.0985"
"2,57 : 0.0671"
"57,2 : 0.0671"
"2,58 : 0.858"
"58,2 : 0.858"
"2,59 : 0.6604"
"59,2 : 0.6604"
"2,60 : 0.5111"
"60,2 : 0.5111"
"2,61 : 0.3551"
"61,2 : 0.3551"
"2,62 : 0.769"
"62,2 : 0.769"
"2,63 : 0.5292"
"63,2 : 0.5292"
"2,64 : 0.0943"
"64,2 : 0.0943"
"2,65 : 0.815"
"65,2 : 0.815"
"2,66 : 0.586"
"66,2 : 0.586"
"2,67 : 0.7211"
"67,2 : 0.7211"
"2,68 : 0.4159"
"68,2 : 0.4159"
"2,69 : 0.099"
"69,2 : 0.099"
"2,70 : 0.4793"
"70,2 : 0.4793"
"2,71 : 0.3712"
"71,2 : 0.3712"
"2,72 : 0.1432"
"72,2 : 0.1432"
"2,73 : 0.5609"
"73,2 : 0.5609"
"2,74 : 0.461"
"74,2 : 0.461"
"2,75 : 0.2602"
"75,2 : 0.2602"
"2,76 : 0.5547"
"76,2 : 0.5547"
"2,77 : 0.3722"
"77,2 : 0.3722"
"2,78 : 0.6825"
"78,2 : 0.6825"
"2,79 : 0.2983"
"79,2 : 0.2983"
"2,80 : 0.4249"
"80,2 : 0.4249"
"2,81 : 0.4177"
"81,2 : 0.4177"
"2,82 : 0.4751"
"82,2 : 0.4751"
"2,83 : 0.5331"
"83,2 : 0.5331"
"2,84 : 0.5308"
"84,2 : 0.5308"
"2,85 : 0.5162"
"85,2 : 0.5162"
"2,86 : 0.2119"
"86,2 : 0.2119"
"2,87 : 0.1703"
"87,2 : 0.1703"
"2,88 : 0.578"
"88,2 : 0.578"
"2,89 : 0.3162"
"89,2 : 0.3162"
"2,90 : 0.742"
"90,2 : 0.742"
"2,91 : 0.3722"
"91,2 : 0.3722"
"2,92 : 0.5325"
"92,2 : 0.5325"
"2,93 : 0.7765"
"93,2 : 0.7765"
"2,94 : 0.3448"
"94,2 : 0.3448"
"2,95 : 0.3744"
"95,2 : 0.3744"
"2,96 : 0.8246"
"96,2 : 0.8246"
"2,97 : 0.6001"
"97,2 : 0.6001"
"2,98 : 0.7965"
"98,2 : 0.7965"
"2,99 : 1.0481"
"99,2 : 1.0481"
"3,4 : 0.7058"
"4,3 : 0.7058"
"3,5 : 0.5482"
"5,3 : 0.5482"
"3,6 : 0.1581"
"6,3 : 0.1581"
"3,7 : 0.2433"
"7,3 : 0.2433"
"3,8 : 0.2236"
"8,3 : 0.2236"
"3,9 : 0.5215"
"9,3 : 0.5215"
"3,10 : 0.3176"
"10,3 : 0.3176"
"3,11 : 0.5433"
"11,3 : 0.5433"
"3,12 : 0.5482"
"12,3 : 0.5482"
"3,13 : 0.1811"
"13,3 : 0.1811"
"3,14 : 0.8889"
"14,3 : 0.8889"
"3,15 : 0.6592"
"15,3 : 0.6592"
"3,16 : 0.801"
"16,3 : 0.801"
"3,17 : 0.4472"
"17,3 : 0.4472"
"3,18 : 0.6119"
"18,3 : 0.6119"
"3,19 : 0.5197"
"19,3 : 0.5197"
"3,20 : 0.5323"
"20,3 : 0.5323"
"3,21 : 0.4657"
"21,3 : 0.4657"
"3,22 : 1.0308"
"22,3 : 1.0308"
"3,23 : 0.7816"
"23,3 : 0.7816"
"3,24 : 0.5756"
"24,3 : 0.5756"
"3,25 : 0.88"
"25,3 : 0.88"
"3,26 : 0.8841"
"26,3 : 0.8841"
"3,27 : 0.6932"
"27,3 : 0.6932"
"3,28 : 0.478"
"28,3 : 0.478"
"3,29 : 0.3102"
"29,3 : 0.3102"
"3,30 : 0.7443"
"30,3 : 0.7443"
"3,31 : 0.9069"
"31,3 : 0.9069"
"3,32 : 0.8509"
"32,3 : 0.8509"
"3,33 : 0.5501"
"33,3 : 0.5501"
"3,34 : 0.451"
"34,3 : 0.451"
"3,35 : 0.9675"
"35,3 : 0.9675"
"3,36 : 0.6603"
"36,3 : 0.6603"
"3,37 : 0.5749"
"37,3 : 0.5749"
"3,38 : 0.0721"
"38,3 : 0.0721"
"3,39 : 0.68"
"39,3 : 0.68"
"3,40 : 0.6007"
"40,3 : 0.6007"
"3,41 : 0.3053"
"41,3 : 0.3053"
"3,42 : 0.686"
"42,3 : 0.686"
"3,43 : 0.9916"
"43,3 : 0.9916"
"3,44 : 0.1581"
"44,3 : 0.1581"
"3,45 : 0.7993"
"45,3 : 0.7993"
"3,46 : 0.7739"
"46,3 : 0.7739"
"3,47 : 0.3202"
"47,3 : 0.3202"
"3,48 : 0.7723"
"48,3 : 0.7723"
"3,49 : 0.5345"
"49,3 : 0.5345"
"3,50 : 0.5204"
"50,3 : 0.5204"
"3,51 : 0.7159"
"51,3 : 0.7159"
"3,52 : 0.75"
"52,3 : 0.75"
"3,53 : 0.3801"
"53,3 : 0.3801"
"3,54 : 0.8106"
"54,3 : 0.8106"
"3,55 : 0.1972"
"55,3 : 0.1972"
"3,56 : 0.8349"
"56,3 : 0.8349"
"3,57 : 0.6847"
"57,3 : 0.6847"
"3,58 : 0.7228"
"58,3 : 0.7228"
"3,59 : 0.724"
"59,3 : 0.724"
"3,60 : 0.4314"
"60,3 : 0.4314"
"3,61 : 0.8944"
"61,3 : 0.8944"
"3,62 : 0.2202"
"62,3 : 0.2202"
"3,63 : 0.7637"
"63,3 : 0.7637"
"3,64 : 0.66"
"64,3 : 0.66"
"3,65 : 0.0806"
"65,3 : 0.0806"
"3,66 : 0.3662"
"66,3 : 0.3662"
"3,67 : 0.2961"
"67,3 : 0.2961"
"3,68 : 0.3306"
"68,3 : 0.3306"
"3,69 : 0.6703"
"69,3 : 0.6703"
"3,70 : 0.3311"
"70,3 : 0.3311"
"3,71 : 0.8771"
"71,3 : 0.8771"
"3,72 : 0.82"
"72,3 : 0.82"
"3,73 : 0.87"
"73,3 : 0.87"
"3,74 : 0.3265"
"74,3 : 0.3265"
"3,75 : 0.4817"
"75,3 : 0.4817"
"3,76 : 0.3982"
"76,3 : 0.3982"
"3,77 : 0.6629"
"77,3 : 0.6629"
"3,78 : 1.1293"
"78,3 : 1.1293"
"3,79 : 0.4504"
"79,3 : 0.4504"
"3,80 : 0.3863"
"80,3 : 0.3863"
"3,81 : 0.3547"
"81,3 : 0.3547"
"3,82 : 0.5235"
"82,3 : 0.5235"
"3,83 : 0.7566"
"83,3 : 0.7566"
"3,84 : 0.9168"
"84,3 : 0.9168"
"3,85 : 0.2953"
"85,3 : 0.2953"
"3,86 : 0.5532"
"86,3 : 0.5532"
"3,87 : 0.7595"
"87,3 : 0.7595"
"3,88 : 0.7106"
"88,3 : 0.7106"
"3,89 : 0.4649"
"89,3 : 0.4649"
"3,90 : 0.7026"
"90,3 : 0.7026"
"3,91 : 0.4427"
"91,3 : 0.4427"
"3,92 : 0.3905"
"92,3 : 0.3905"
"3,93 : 0.153"
"93,3 : 0.153"
"3,94 : 0.6689"
"94,3 : 0.6689"
"3,95 : 0.4588"
"95,3 : 0.4588"
"3,96 : 0.1616"
"96,3 : 0.1616"
"3,97 : 0.2687"
"97,3 : 0.2687"
"3,98 : 0.4319"
"98,3 : 0.4319"
"3,99 : 0.6958"
"99,3 : 0.6958"
"4,5 : 0.8355"
"5,4 : 0.8355"
"4,6 : 0.8493"
"6,4 : 0.8493"
"4,7 : 0.9489"
"7,4 : 0.9489"
"4,8 : 0.4973"
"8,4 : 0.4973"
"4,9 : 0.1868"
"9,4 : 0.1868"
"4,10 : 0.4837"
"10,4 : 0.4837"
"4,11 : 0.9872"
"11,4 : 0.9872"
"4,12 : 0.286"
"12,4 : 0.286"
"4,13 : 0.7316"
"13,4 : 0.7316"
"4,14 : 1.0379"
"14,4 : 1.0379"
"4,15 : 0.2062"
"15,4 : 0.2062"
"4,16 : 1.108"
"16,4 : 1.108"
"4,17 : 0.3106"
"17,4 : 0.3106"
"4,18 : 0.9014"
"18,4 : 0.9014"
"4,19 : 0.2687"
"19,4 : 0.2687"
"4,20 : 0.7388"
"20,4 : 0.7388"
"4,21 : 0.3265"
"21,4 : 0.3265"
"4,22 : 0.8914"
"22,4 : 0.8914"
"4,23 : 1.2458"
"23,4 : 1.2458"
"4,24 : 0.214"
"24,4 : 0.214"
"4,25 : 1.1962"
"25,4 : 1.1962"
"4,26 : 0.7026"
"26,4 : 0.7026"
"4,27 : 0.8101"
"27,4 : 0.8101"
"4,28 : 0.6237"
"28,4 : 0.6237"
"4,29 : 0.8947"
"29,4 : 0.8947"
"4,30 : 0.7971"
"30,4 : 0.7971"
"4,31 : 0.7765"
"31,4 : 0.7765"
"4,32 : 0.876"
"32,4 : 0.876"
"4,33 : 0.9559"
"33,4 : 0.9559"
"4,34 : 0.2571"
"34,4 : 0.2571"
"4,35 : 0.9557"
"35,4 : 0.9557"
"4,36 : 0.4965"
"36,4 : 0.4965"
"4,37 : 0.6243"
"37,4 : 0.6243"
"4,38 : 0.771"
"38,4 : 0.771"
"4,39 : 0.422"
"39,4 : 0.422"
"4,40 : 0.1166"
"40,4 : 0.1166"
"4,41 : 0.9285"
"41,4 : 0.9285"
"4,42 : 0.522"
"42,4 : 0.522"
"4,43 : 0.831"
"43,4 : 0.831"
"4,44 : 0.8201"
"44,4 : 0.8201"
"4,45 : 0.6866"
"45,4 : 0.6866"
"4,46 : 0.7912"
"46,4 : 0.7912"
"4,47 : 0.5354"
"47,4 : 0.5354"
"4,48 : 1.072"
"48,4 : 1.072"
"4,49 : 0.8072"
"49,4 : 0.8072"
"4,50 : 0.1931"
"50,4 : 0.1931"
"4,51 : 0.4357"
"51,4 : 0.4357"
"4,52 : 0.5492"
"52,4 : 0.5492"
"4,53 : 1.0032"
"53,4 : 1.0032"
"4,54 : 1.122"
"54,4 : 1.122"
"4,55 : 0.6539"
"55,4 : 0.6539"
"4,56 : 1.1039"
"56,4 : 1.1039"
"4,57 : 0.9886"
"57,4 : 0.9886"
"4,58 : 0.27"
"58,4 : 0.27"
"4,59 : 0.4884"
"59,4 : 0.4884"
"4,60 : 0.5515"
"60,4 : 0.5515"
"4,61 : 0.9392"
"61,4 : 0.9392"
"4,62 : 0.4866"
"62,4 : 0.4866"
"4,63 : 0.65"
"63,4 : 0.65"
"4,64 : 1.0259"
"64,4 : 1.0259"
"4,65 : 0.7403"
"65,4 : 0.7403"
"4,66 : 0.5"
"66,4 : 0.5"
"4,67 : 0.4366"
"67,4 : 0.4366"
"4,68 : 0.8335"
"68,4 : 0.8335"
"4,69 : 1.0469"
"69,4 : 1.0469"
"4,70 : 0.9261"
"70,4 : 0.9261"
"4,71 : 0.9044"
"71,4 : 0.9044"
"4,72 : 1.0308"
"72,4 : 1.0308"
"4,73 : 0.7269"
"73,4 : 0.7269"
"4,74 : 0.6685"
"74,4 : 0.6685"
"4,75 : 0.8721"
"75,4 : 0.8721"
"4,76 : 0.5174"
"76,4 : 0.5174"
"4,77 : 0.7201"
"77,4 : 0.7201"
"4,78 : 0.9602"
"78,4 : 0.9602"
"4,79 : 0.9"
"79,4 : 0.9"
"4,80 : 0.9529"
"80,4 : 0.9529"
"4,81 : 0.708"
"81,4 : 0.708"
"4,82 : 0.5801"
"82,4 : 0.5801"
"4,83 : 0.6403"
"83,4 : 0.6403"
"4,84 : 0.8089"
"84,4 : 0.8089"
"4,85 : 0.91"
"85,4 : 0.91"
"4,86 : 0.8563"
"86,4 : 0.8563"
"4,87 : 1.1739"
"87,4 : 1.1739"
"4,88 : 0.5604"
"88,4 : 0.5604"
"4,89 : 0.7638"
"89,4 : 0.7638"
"4,90 : 0.3847"
"90,4 : 0.3847"
"4,91 : 0.9827"
"91,4 : 0.9827"
"4,92 : 1.0269"
"92,4 : 1.0269"
"4,93 : 0.5533"
"93,4 : 0.5533"
"4,94 : 0.7471"
"94,4 : 0.7471"
"4,95 : 1.005"
"95,4 : 1.005"
"4,96 : 0.8505"
"96,4 : 0.8505"
"4,97 : 0.933"
"97,4 : 0.933"
"4,98 : 0.2997"
"98,4 : 0.2997"
"4,99 : 0.01"
"99,4 : 0.01"
"5,6 : 0.5162"
"6,5 : 0.5162"
"5,7 : 0.6201"
"7,5 : 0.6201"
"5,8 : 0.4965"
"8,5 : 0.4965"
"5,9 : 0.6851"
"9,5 : 0.6851"
"5,10 : 0.405"
"10,5 : 0.405"
"5,11 : 0.2002"
"11,5 : 0.2002"
"5,12 : 0.5515"
"12,5 : 0.5515"
"5,13 : 0.37"
"13,5 : 0.37"
"5,14 : 0.3418"
"14,5 : 0.3418"
"5,15 : 0.6607"
"15,5 : 0.6607"
"5,16 : 0.2879"
"16,5 : 0.2879"
"5,17 : 0.5408"
"17,5 : 0.5408"
"5,18 : 0.0728"
"18,5 : 0.0728"
"5,19 : 0.5673"
"19,5 : 0.5673"
"5,20 : 0.103"
"20,5 : 0.103"
"5,21 : 0.514"
"21,5 : 0.514"
"5,22 : 0.5771"
"22,5 : 0.5771"
"5,23 : 0.4219"
"23,5 : 0.4219"
"5,24 : 0.6224"
"24,5 : 0.6224"
"5,25 : 0.377"
"25,5 : 0.377"
"5,26 : 0.5064"
"26,5 : 0.5064"
"5,27 : 0.1924"
"27,5 : 0.1924"
"5,28 : 0.2121"
"28,5 : 0.2121"
"5,29 : 0.3466"
"29,5 : 0.3466"
"5,30 : 0.264"
"30,5 : 0.264"
"5,31 : 0.4838"
"31,5 : 0.4838"
"5,32 : 0.35"
"32,5 : 0.35"
"5,33 : 0.1513"
"33,5 : 0.1513"
"5,34 : 0.6401"
"34,5 : 0.6401"
"5,35 : 0.4601"
"35,5 : 0.4601"
"5,36 : 0.4272"
"36,5 : 0.4272"
"5,37 : 0.247"
"37,5 : 0.247"
"5,38 : 0.5292"
"38,5 : 0.5292"
"5,39 : 0.5057"
"39,5 : 0.5057"
"5,40 : 0.7247"
"40,5 : 0.7247"
"5,41 : 0.4036"
"41,5 : 0.4036"
"5,42 : 0.4272"
"42,5 : 0.4272"
"5,43 : 0.5608"
"43,5 : 0.5608"
"5,44 : 0.4614"
"44,5 : 0.4614"
"5,45 : 0.413"
"45,5 : 0.413"
"5,46 : 0.3046"
"46,5 : 0.3046"
"5,47 : 0.3479"
"47,5 : 0.3479"
"5,48 : 0.253"
"48,5 : 0.253"
"5,49 : 0.0283"
"49,5 : 0.0283"
"5,50 : 0.6685"
"50,5 : 0.6685"
"5,51 : 0.5255"
"51,5 : 0.5255"
"5,52 : 0.4669"
"52,5 : 0.4669"
"5,53 : 0.4219"
"53,5 : 0.4219"
"5,54 : 0.3008"
"54,5 : 0.3008"
"5,55 : 0.3622"
"55,5 : 0.3622"
"5,56 : 0.3041"
"56,5 : 0.3041"
"5,57 : 0.1616"
"57,5 : 0.1616"
"5,58 : 0.6604"
"58,5 : 0.6604"
"5,59 : 0.4904"
"59,5 : 0.4904"
"5,60 : 0.286"
"60,5 : 0.286"
"5,61 : 0.3748"
"61,5 : 0.3748"
"5,62 : 0.5459"
"62,5 : 0.5459"
"5,63 : 0.4001"
"63,5 : 0.4001"
"5,64 : 0.191"
"64,5 : 0.191"
"5,65 : 0.6264"
"65,5 : 0.6264"
"5,66 : 0.3578"
"66,5 : 0.3578"
"5,67 : 0.4934"
"67,5 : 0.4934"
"5,68 : 0.2561"
"68,5 : 0.2561"
"5,69 : 0.2126"
"69,5 : 0.2126"
"5,70 : 0.3624"
"70,5 : 0.3624"
"5,71 : 0.3688"
"71,5 : 0.3688"
"5,72 : 0.2729"
"72,5 : 0.2729"
"5,73 : 0.4707"
"73,5 : 0.4707"
"5,74 : 0.2402"
"74,5 : 0.2402"
"5,75 : 0.1118"
"75,5 : 0.1118"
"5,76 : 0.3276"
"76,5 : 0.3276"
"5,77 : 0.2309"
"77,5 : 0.2309"
"5,78 : 0.6723"
"78,5 : 0.6723"
"5,79 : 0.1789"
"79,5 : 0.1789"
"5,80 : 0.3276"
"80,5 : 0.3276"
"5,81 : 0.2002"
"81,5 : 0.2002"
"5,82 : 0.2663"
"82,5 : 0.2663"
"5,83 : 0.4"
"83,5 : 0.4"
"5,84 : 0.4754"
"84,5 : 0.4754"
"5,85 : 0.389"
"85,5 : 0.389"
"5,86 : 0.0224"
"86,5 : 0.0224"
"5,87 : 0.3406"
"87,5 : 0.3406"
"5,88 : 0.4177"
"88,5 : 0.4177"
"5,89 : 0.0906"
"89,5 : 0.0906"
"5,90 : 0.5546"
"90,5 : 0.5546"
"5,91 : 0.3008"
"91,5 : 0.3008"
"5,92 : 0.4528"
"92,5 : 0.4528"
"5,93 : 0.5601"
"93,5 : 0.5601"
"5,94 : 0.2138"
"94,5 : 0.2138"
"5,95 : 0.3162"
"95,5 : 0.3162"
"5,96 : 0.6574"
"96,5 : 0.6574"
"5,97 : 0.4738"
"97,5 : 0.4738"
"5,98 : 0.5694"
"98,5 : 0.5694"
"5,99 : 0.8288"
"99,5 : 0.8288"
"6,7 : 0.1208"
"7,6 : 0.1208"
"6,8 : 0.3536"
"8,6 : 0.3536"
"6,9 : 0.6629"
"9,6 : 0.6629"
"6,10 : 0.4144"
"10,6 : 0.4144"
"6,11 : 0.4554"
"11,6 : 0.4554"
"6,12 : 0.6619"
"12,6 : 0.6619"
"6,13 : 0.1749"
"13,6 : 0.1749"
"6,14 : 0.8542"
"14,6 : 0.8542"
"6,15 : 0.7803"
"15,6 : 0.7803"
"6,16 : 0.7301"
"16,6 : 0.7301"
"6,17 : 0.5701"
"17,6 : 0.5701"
"6,18 : 0.568"
"18,6 : 0.568"
"6,19 : 0.6401"
"19,6 : 0.6401"
"6,20 : 0.5308"
"20,6 : 0.5308"
"6,21 : 0.5808"
"21,6 : 0.5808"
"6,22 : 1.0548"
"22,6 : 1.0548"
"6,23 : 0.6661"
"23,6 : 0.6661"
"6,24 : 0.7001"
"24,6 : 0.7001"
"6,25 : 0.8006"
"25,6 : 0.8006"
"6,26 : 0.9291"
"26,6 : 0.9291"
"6,27 : 0.6888"
"27,6 : 0.6888"
"6,28 : 0.5104"
"28,6 : 0.5104"
"6,29 : 0.201"
"29,6 : 0.201"
"6,30 : 0.7501"
"30,6 : 0.7501"
"6,31 : 0.9386"
"31,6 : 0.9386"
"6,32 : 0.8515"
"32,6 : 0.8515"
"6,33 : 0.4754"
"33,6 : 0.4754"
"6,34 : 0.5923"
"34,6 : 0.5923"
"6,35 : 0.9667"
"35,6 : 0.9667"
"6,36 : 0.7301"
"36,6 : 0.7301"
"6,37 : 0.6103"
"37,6 : 0.6103"
"6,38 : 0.086"
"38,6 : 0.086"
"6,39 : 0.7654"
"39,6 : 0.7654"
"6,40 : 0.7398"
"40,6 : 0.7398"
"6,41 : 0.1726"
"41,6 : 0.1726"
"6,42 : 0.7515"
"42,6 : 0.7515"
"6,43 : 1.023"
"43,6 : 1.023"
"6,44 : 0.0566"
"44,6 : 0.0566"
"6,45 : 0.8382"
"45,6 : 0.8382"
"6,46 : 0.7849"
"46,6 : 0.7849"
"6,47 : 0.3956"
"47,6 : 0.3956"
"6,48 : 0.706"
"48,6 : 0.706"
"6,49 : 0.5104"
"49,6 : 0.5104"
"6,50 : 0.6592"
"50,6 : 0.6592"
"6,51 : 0.8001"
"51,6 : 0.8001"
"6,52 : 0.8139"
"52,6 : 0.8139"
"6,53 : 0.2377"
"53,6 : 0.2377"
"6,54 : 0.7376"
"54,6 : 0.7376"
"6,55 : 0.2435"
"55,6 : 0.2435"
"6,56 : 0.772"
"56,6 : 0.772"
"6,57 : 0.6263"
"57,6 : 0.6263"
"6,58 : 0.8349"
"58,6 : 0.8349"
"6,59 : 0.7985"
"59,6 : 0.7985"
"6,60 : 0.4875"
"60,6 : 0.4875"
"6,61 : 0.886"
"61,6 : 0.886"
"6,62 : 0.364"
"62,6 : 0.364"
"6,63 : 0.8071"
"63,6 : 0.8071"
"6,64 : 0.5846"
"64,6 : 0.5846"
"6,65 : 0.1836"
"65,6 : 0.1836"
"6,66 : 0.4464"
"66,6 : 0.4464"
"6,67 : 0.4211"
"67,6 : 0.4211"
"6,68 : 0.264"
"68,6 : 0.264"
"6,69 : 0.5903"
"69,6 : 0.5903"
"6,70 : 0.2102"
"70,6 : 0.2102"
"6,71 : 0.8746"
"71,6 : 0.8746"
"6,72 : 0.7747"
"72,6 : 0.7747"
"6,73 : 0.908"
"73,6 : 0.908"
"6,74 : 0.3441"
"74,6 : 0.3441"
"6,75 : 0.4254"
"75,6 : 0.4254"
"6,76 : 0.4682"
"76,6 : 0.4682"
"6,77 : 0.6794"
"77,6 : 0.6794"
"6,78 : 1.1536"
"78,6 : 1.1536"
"6,79 : 0.3764"
"79,6 : 0.3764"
"6,80 : 0.2702"
"80,6 : 0.2702"
"6,81 : 0.3538"
"81,6 : 0.3538"
"6,82 : 0.5694"
"82,6 : 0.5694"
"6,83 : 0.8016"
"83,6 : 0.8016"
"6,84 : 0.9426"
"84,6 : 0.9426"
"6,85 : 0.1703"
"85,6 : 0.1703"
"6,86 : 0.5148"
"86,6 : 0.5148"
"6,87 : 0.6601"
"87,6 : 0.6601"
"6,88 : 0.7694"
"88,6 : 0.7694"
"6,89 : 0.4482"
"89,6 : 0.4482"
"6,90 : 0.7956"
"90,6 : 0.7956"
"6,91 : 0.3302"
"91,6 : 0.3302"
"6,92 : 0.2419"
"92,6 : 0.2419"
"6,93 : 0.3046"
"93,6 : 0.3046"
"6,94 : 0.6788"
"94,6 : 0.6788"
"6,95 : 0.3413"
"95,6 : 0.3413"
"6,96 : 0.1513"
"96,6 : 0.1513"
"6,97 : 0.1166"
"97,6 : 0.1166"
"6,98 : 0.5622"
"98,6 : 0.5622"
"6,99 : 0.8395"
"99,6 : 0.8395"
"7,8 : 0.46"
"8,7 : 0.46"
"7,9 : 0.7642"
"9,7 : 0.7642"
"7,10 : 0.5315"
"10,7 : 0.5315"
"7,11 : 0.5314"
"11,7 : 0.5314"
"7,12 : 0.7765"
"12,7 : 0.7765"
"7,13 : 0.2953"
"13,7 : 0.2953"
"7,14 : 0.9519"
"14,7 : 0.9519"
"7,15 : 0.8927"
"15,7 : 0.8927"
"7,16 : 0.8099"
"16,7 : 0.8099"
"7,17 : 0.6812"
"17,7 : 0.6812"
"7,18 : 0.6657"
"18,7 : 0.6657"
"7,19 : 0.7524"
"19,7 : 0.7524"
"7,20 : 0.6438"
"20,7 : 0.6438"
"7,21 : 0.6946"
"21,7 : 0.6946"
"7,22 : 1.1703"
"22,7 : 1.1703"
"7,23 : 0.7103"
"23,7 : 0.7103"
"7,24 : 0.811"
"24,7 : 0.811"
"7,25 : 0.8736"
"25,7 : 0.8736"
"7,26 : 1.0485"
"26,7 : 1.0485"
"7,27 : 0.7993"
"27,7 : 0.7993"
"7,28 : 0.6297"
"28,7 : 0.6297"
"7,29 : 0.2818"
"29,7 : 0.2818"
"7,30 : 0.8628"
"30,7 : 0.8628"
"7,31 : 1.056"
"31,7 : 1.056"
"7,32 : 0.9621"
"32,7 : 0.9621"
"7,33 : 0.5595"
"33,7 : 0.5595"
"7,34 : 0.6935"
"34,7 : 0.6935"
"7,35 : 1.0763"
"35,7 : 1.0763"
"7,36 : 0.8509"
"36,7 : 0.8509"
"7,37 : 0.7295"
"37,7 : 0.7295"
"7,38 : 0.18"
"38,7 : 0.18"
"7,39 : 0.8854"
"39,7 : 0.8854"
"7,40 : 0.8429"
"40,7 : 0.8429"
"7,41 : 0.2341"
"41,7 : 0.2341"
"7,42 : 0.8724"
"42,7 : 0.8724"
"7,43 : 1.1402"
"43,7 : 1.1402"
"7,44 : 0.1749"
"44,7 : 0.1749"
"7,45 : 0.9569"
"45,7 : 0.9569"
"7,46 : 0.8987"
"46,7 : 0.8987"
"7,47 : 0.5155"
"47,7 : 0.5155"
"7,48 : 0.7892"
"48,7 : 0.7892"
"7,49 : 0.6172"
"49,7 : 0.6172"
"7,50 : 0.7624"
"50,7 : 0.7624"
"7,51 : 0.9203"
"51,7 : 0.9203"
"7,52 : 0.9347"
"52,7 : 0.9347"
"7,53 : 0.2707"
"53,7 : 0.2707"
"7,54 : 0.816"
"54,7 : 0.816"
"7,55 : 0.364"
"55,7 : 0.364"
"7,56 : 0.8562"
"56,7 : 0.8562"
"7,57 : 0.7155"
"57,7 : 0.7155"
"7,58 : 0.9504"
"58,7 : 0.9504"
"7,59 : 0.9192"
"59,7 : 0.9192"
"7,60 : 0.6084"
"60,7 : 0.6084"
"7,61 : 0.9936"
"61,7 : 0.9936"
"7,62 : 0.4627"
"62,7 : 0.4627"
"7,63 : 0.9265"
"63,7 : 0.9265"
"7,64 : 0.6648"
"64,7 : 0.6648"
"7,65 : 0.2283"
"65,7 : 0.2283"
"7,66 : 0.5661"
"66,7 : 0.5661"
"7,67 : 0.5304"
"67,7 : 0.5304"
"7,68 : 0.364"
"68,7 : 0.364"
"7,69 : 0.6673"
"69,7 : 0.6673"
"7,70 : 0.2786"
"70,7 : 0.2786"
"7,71 : 0.9841"
"71,7 : 0.9841"
"7,72 : 0.8683"
"72,7 : 0.8683"
"7,73 : 1.0265"
"73,7 : 1.0265"
"7,74 : 0.4632"
"74,7 : 0.4632"
"7,75 : 0.5215"
"75,7 : 0.5215"
"7,76 : 0.5887"
"76,7 : 0.5887"
"7,77 : 0.7951"
"77,7 : 0.7951"
"7,78 : 1.2691"
"78,7 : 1.2691"
"7,79 : 0.4653"
"79,7 : 0.4653"
"7,80 : 0.3353"
"80,7 : 0.3353"
"7,81 : 0.4701"
"81,7 : 0.4701"
"7,82 : 0.6896"
"82,7 : 0.6896"
"7,83 : 0.9211"
"83,7 : 0.9211"
"7,84 : 1.0589"
"84,7 : 1.0589"
"7,85 : 0.2417"
"85,7 : 0.2417"
"7,86 : 0.6161"
"86,7 : 0.6161"
"7,87 : 0.7201"
"87,7 : 0.7201"
"7,88 : 0.8901"
"88,7 : 0.8901"
"7,89 : 0.5587"
"89,7 : 0.5587"
"7,90 : 0.9148"
"90,7 : 0.9148"
"7,91 : 0.3929"
"91,7 : 0.3929"
"7,92 : 0.2602"
"92,7 : 0.2602"
"7,93 : 0.3962"
"93,7 : 0.3962"
"7,94 : 0.7931"
"94,7 : 0.7931"
"7,95 : 0.3981"
"95,7 : 0.3981"
"7,96 : 0.1345"
"96,7 : 0.1345"
"7,97 : 0.1581"
"97,7 : 0.1581"
"7,98 : 0.67"
"98,7 : 0.67"
"7,99 : 0.939"
"99,7 : 0.939"
"8,9 : 0.3105"
"9,8 : 0.3105"
"8,10 : 0.1253"
"10,8 : 0.1253"
"8,11 : 0.5731"
"11,8 : 0.5731"
"8,12 : 0.3257"
"12,8 : 0.3257"
"8,13 : 0.2441"
"13,8 : 0.2441"
"8,14 : 0.811"
"14,8 : 0.811"
"8,15 : 0.4357"
"15,8 : 0.4357"
"8,16 : 0.781"
"16,8 : 0.781"
"8,17 : 0.2236"
"17,8 : 0.2236"
"8,18 : 0.5689"
"18,8 : 0.5689"
"8,19 : 0.2961"
"19,8 : 0.2961"
"8,20 : 0.4401"
"20,8 : 0.4401"
"8,21 : 0.2435"
"21,8 : 0.2435"
"8,22 : 0.8732"
"22,8 : 0.8732"
"8,23 : 0.8353"
"23,8 : 0.8353"
"8,24 : 0.3523"
"24,8 : 0.3523"
"8,25 : 0.8683"
"25,8 : 0.8683"
"8,26 : 0.708"
"26,8 : 0.708"
"8,27 : 0.5869"
"27,8 : 0.5869"
"8,28 : 0.3471"
"28,8 : 0.3471"
"8,29 : 0.414"
"29,8 : 0.414"
"8,30 : 0.621"
"30,8 : 0.621"
"8,31 : 0.7443"
"31,8 : 0.7443"
"8,32 : 0.728"
"32,8 : 0.728"
"8,33 : 0.5595"
"33,8 : 0.5595"
"8,34 : 0.2404"
"34,8 : 0.2404"
"8,35 : 0.8412"
"35,8 : 0.8412"
"8,36 : 0.4669"
"36,8 : 0.4669"
"8,37 : 0.4272"
"37,8 : 0.4272"
"8,38 : 0.28"
"38,8 : 0.28"
"8,39 : 0.472"
"39,8 : 0.472"
"8,40 : 0.3864"
"40,8 : 0.3864"
"8,41 : 0.4391"
"41,8 : 0.4391"
"8,42 : 0.4958"
"42,8 : 0.4958"
"8,43 : 0.8268"
"43,8 : 0.8268"
"8,44 : 0.3228"
"44,8 : 0.3228"
"8,45 : 0.6329"
"45,8 : 0.6329"
"8,46 : 0.642"
"46,8 : 0.642"
"8,47 : 0.1628"
"47,8 : 0.1628"
"8,48 : 0.7473"
"48,8 : 0.7473"
"8,49 : 0.4738"
"49,8 : 0.4738"
"8,50 : 0.3059"
"50,8 : 0.3059"
"8,51 : 0.508"
"51,8 : 0.508"
"8,52 : 0.559"
"52,8 : 0.559"
"8,53 : 0.5162"
"53,8 : 0.5162"
"8,54 : 0.7931"
"54,8 : 0.7931"
"8,55 : 0.1769"
"55,8 : 0.1769"
"8,56 : 0.8006"
"56,8 : 0.8006"
"8,57 : 0.6551"
"57,8 : 0.6551"
"8,58 : 0.5"
"58,8 : 0.5"
"8,59 : 0.524"
"59,8 : 0.524"
"8,60 : 0.2751"
"60,8 : 0.2751"
"8,61 : 0.781"
"61,8 : 0.781"
"8,62 : 0.05"
"62,8 : 0.05"
"8,63 : 0.5936"
"63,8 : 0.5936"
"8,64 : 0.6579"
"64,8 : 0.6579"
"8,65 : 0.2823"
"65,8 : 0.2823"
"8,66 : 0.1879"
"66,8 : 0.1879"
"8,67 : 0.0728"
"67,8 : 0.0728"
"8,68 : 0.3764"
"68,8 : 0.3764"
"8,69 : 0.6742"
"69,8 : 0.6742"
"8,70 : 0.4441"
"70,8 : 0.4441"
"8,71 : 0.7569"
"71,8 : 0.7569"
"8,72 : 0.7611"
"72,8 : 0.7611"
"8,73 : 0.7018"
"73,8 : 0.7018"
"8,74 : 0.2596"
"74,8 : 0.2596"
"8,75 : 0.4754"
"75,8 : 0.4754"
"8,76 : 0.2285"
"76,8 : 0.2285"
"8,77 : 0.5316"
"77,8 : 0.5316"
"8,78 : 0.969"
"78,8 : 0.969"
"8,79 : 0.4751"
"79,8 : 0.4751"
"8,80 : 0.4817"
"80,8 : 0.4817"
"8,81 : 0.3036"
"81,8 : 0.3036"
"8,82 : 0.3677"
"82,8 : 0.3677"
"8,83 : 0.5852"
"83,8 : 0.5852"
"8,84 : 0.7606"
"84,8 : 0.7606"
"8,85 : 0.4219"
"85,8 : 0.4219"
"8,86 : 0.5099"
"86,8 : 0.5099"
"8,87 : 0.7872"
"87,8 : 0.7872"
"8,88 : 0.5263"
"88,8 : 0.5263"
"8,89 : 0.4061"
"89,8 : 0.4061"
"8,90 : 0.4888"
"90,8 : 0.4888"
"8,91 : 0.5235"
"91,8 : 0.5235"
"8,92 : 0.5371"
"92,8 : 0.5371"
"8,93 : 0.099"
"93,8 : 0.099"
"8,94 : 0.5457"
"94,8 : 0.5457"
"8,95 : 0.5445"
"95,8 : 0.5445"
"8,96 : 0.3833"
"96,8 : 0.3833"
"8,97 : 0.4366"
"97,8 : 0.4366"
"8,98 : 0.21"
"98,8 : 0.21"
"8,99 : 0.4876"
"99,8 : 0.4876"
"9,10 : 0.3061"
"10,9 : 0.3061"
"9,11 : 0.8202"
"11,9 : 0.8202"
"9,12 : 0.1803"
"12,9 : 0.1803"
"9,13 : 0.5463"
"13,9 : 0.5463"
"9,14 : 0.9272"
"14,9 : 0.9272"
"9,15 : 0.1985"
"15,9 : 0.1985"
"9,16 : 0.9675"
"16,9 : 0.9675"
"9,17 : 0.1442"
"17,9 : 0.1442"
"9,18 : 0.7547"
"18,9 : 0.7547"
"9,19 : 0.1404"
"19,9 : 0.1404"
"9,20 : 0.5954"
"20,9 : 0.5954"
"9,21 : 0.1746"
"21,9 : 0.1746"
"9,22 : 0.85"
"22,9 : 0.85"
"9,23 : 1.0825"
"23,9 : 1.0825"
"9,24 : 0.13"
"24,9 : 0.13"
"9,25 : 1.0568"
"25,9 : 1.0568"
"9,26 : 0.661"
"26,9 : 0.661"
"9,27 : 0.6926"
"27,9 : 0.6926"
"9,28 : 0.4789"
"28,9 : 0.4789"
"9,29 : 0.7112"
"29,9 : 0.7112"
"9,30 : 0.6943"
"30,9 : 0.6943"
"9,31 : 0.7244"
"31,9 : 0.7244"
"9,32 : 0.7864"
"32,9 : 0.7864"
"9,33 : 0.7931"
"33,9 : 0.7931"
"9,34 : 0.0707"
"34,9 : 0.0707"
"9,35 : 0.8809"
"35,9 : 0.8809"
"9,36 : 0.4205"
"36,9 : 0.4205"
"9,37 : 0.5029"
"37,9 : 0.5029"
"9,38 : 0.5855"
"38,9 : 0.5855"
"9,39 : 0.3688"
"39,9 : 0.3688"
"9,40 : 0.0806"
"40,9 : 0.0806"
"9,41 : 0.7432"
"41,9 : 0.7432"
"9,42 : 0.451"
"42,9 : 0.451"
"9,43 : 0.7925"
"43,9 : 0.7925"
"9,44 : 0.6332"
"44,9 : 0.6332"
"9,45 : 0.6207"
"45,9 : 0.6207"
"9,46 : 0.6972"
"46,9 : 0.6972"
"9,47 : 0.3612"
"47,9 : 0.3612"
"9,48 : 0.9315"
"48,9 : 0.9315"
"9,49 : 0.6573"
"49,9 : 0.6573"
"9,50 : 0.02"
"50,9 : 0.02"
"9,51 : 0.3956"
"51,9 : 0.3956"
"9,52 : 0.4965"
"52,9 : 0.4965"
"9,53 : 0.8186"
"53,9 : 0.8186"
"9,54 : 0.9811"
"54,9 : 0.9811"
"9,55 : 0.4696"
"55,9 : 0.4696"
"9,56 : 0.9705"
"56,9 : 0.9705"
"9,57 : 0.8438"
"57,9 : 0.8438"
"9,58 : 0.2843"
"58,9 : 0.2843"
"9,59 : 0.4393"
"59,9 : 0.4393"
"9,60 : 0.3996"
"60,9 : 0.3996"
"9,61 : 0.8485"
"61,9 : 0.8485"
"9,62 : 0.3015"
"62,9 : 0.3015"
"9,63 : 0.5803"
"63,9 : 0.5803"
"9,64 : 0.872"
"64,9 : 0.872"
"9,65 : 0.5608"
"65,9 : 0.5608"
"9,66 : 0.333"
"66,9 : 0.333"
"9,67 : 0.2508"
"67,9 : 0.2508"
"9,68 : 0.6546"
"68,9 : 0.6546"
"9,69 : 0.892"
"69,9 : 0.892"
"9,70 : 0.7424"
"70,9 : 0.7424"
"9,71 : 0.8161"
"71,9 : 0.8161"
"9,72 : 0.9062"
"72,9 : 0.9062"
"9,73 : 0.6748"
"73,9 : 0.6748"
"9,74 : 0.4958"
"74,9 : 0.4958"
"9,75 : 0.7077"
"75,9 : 0.7077"
"9,76 : 0.3581"
"76,9 : 0.3581"
"9,77 : 0.6088"
"77,9 : 0.6088"
"9,78 : 0.9317"
"78,9 : 0.9317"
"9,79 : 0.7292"
"79,9 : 0.7292"
"9,80 : 0.7718"
"80,9 : 0.7718"
"9,81 : 0.5376"
"81,9 : 0.5376"
"9,82 : 0.4494"
"82,9 : 0.4494"
"9,83 : 0.5704"
"83,9 : 0.5704"
"9,84 : 0.7524"
"84,9 : 0.7524"
"9,85 : 0.725"
"85,9 : 0.725"
"9,86 : 0.7046"
"86,9 : 0.7046"
"9,87 : 1.0167"
"87,9 : 1.0167"
"9,88 : 0.4909"
"88,9 : 0.4909"
"9,89 : 0.6061"
"89,9 : 0.6061"
"9,90 : 0.3511"
"90,9 : 0.3511"
"9,91 : 0.8045"
"91,9 : 0.8045"
"9,92 : 0.8417"
"92,9 : 0.8417"
"9,93 : 0.3701"
"93,9 : 0.3701"
"9,94 : 0.6332"
"94,9 : 0.6332"
"9,95 : 0.8266"
"95,9 : 0.8266"
"9,96 : 0.6703"
"96,9 : 0.6703"
"9,97 : 0.7463"
"97,9 : 0.7463"
"9,98 : 0.1204"
"98,9 : 0.1204"
"9,99 : 0.1772"
"99,9 : 0.1772"
"10,11 : 0.5174"
"11,10 : 0.5174"
"10,12 : 0.2502"
"12,10 : 0.2502"
"10,13 : 0.2617"
"13,10 : 0.2617"
"10,14 : 0.7003"
"14,10 : 0.7003"
"10,15 : 0.3722"
"15,10 : 0.3722"
"10,16 : 0.6929"
"16,10 : 0.6929"
"10,17 : 0.1746"
"17,10 : 0.1746"
"10,18 : 0.4776"
"18,10 : 0.4776"
"10,19 : 0.2354"
"19,10 : 0.2354"
"10,20 : 0.3338"
"20,10 : 0.3338"
"10,21 : 0.1726"
"21,10 : 0.1726"
"10,22 : 0.7479"
"22,10 : 0.7479"
"10,23 : 0.781"
"23,10 : 0.781"
"10,24 : 0.2983"
"24,10 : 0.2983"
"10,25 : 0.7819"
"25,10 : 0.7819"
"10,26 : 0.5841"
"26,10 : 0.5841"
"10,27 : 0.471"
"27,10 : 0.471"
"10,28 : 0.2302"
"28,10 : 0.2302"
"10,29 : 0.4144"
"29,10 : 0.4144"
"10,30 : 0.5001"
"30,10 : 0.5001"
"10,31 : 0.6191"
"31,10 : 0.6191"
"10,32 : 0.6064"
"32,10 : 0.6064"
"10,33 : 0.4941"
"33,10 : 0.4941"
"10,34 : 0.2476"
"34,10 : 0.2476"
"10,35 : 0.7184"
"35,10 : 0.7184"
"10,36 : 0.3471"
"36,10 : 0.3471"
"10,37 : 0.3036"
"37,10 : 0.3036"
"10,38 : 0.3574"
"38,10 : 0.3574"
"10,39 : 0.3624"
"39,10 : 0.3624"
"10,40 : 0.3672"
"40,10 : 0.3672"
"10,41 : 0.4535"
"41,10 : 0.4535"
"10,42 : 0.3748"
"42,10 : 0.3748"
"10,43 : 0.7018"
"43,10 : 0.7018"
"10,44 : 0.3705"
"44,10 : 0.3705"
"10,45 : 0.5077"
"45,10 : 0.5077"
"10,46 : 0.5192"
"46,10 : 0.5192"
"10,47 : 0.0583"
"47,10 : 0.0583"
"10,48 : 0.6579"
"48,10 : 0.6579"
"10,49 : 0.3795"
"49,10 : 0.3795"
"10,50 : 0.2941"
"50,10 : 0.2941"
"10,51 : 0.3982"
"51,10 : 0.3982"
"10,52 : 0.4386"
"52,10 : 0.4386"
"10,53 : 0.525"
"53,10 : 0.525"
"10,54 : 0.7058"
"54,10 : 0.7058"
"10,55 : 0.1811"
"55,10 : 0.1811"
"10,56 : 0.706"
"56,10 : 0.706"
"10,57 : 0.5665"
"57,10 : 0.5665"
"10,58 : 0.4211"
"58,10 : 0.4211"
"10,59 : 0.408"
"59,10 : 0.408"
"10,60 : 0.153"
"60,10 : 0.153"
"10,61 : 0.661"
"61,10 : 0.661"
"10,62 : 0.1709"
"62,10 : 0.1709"
"10,63 : 0.4687"
"63,10 : 0.4687"
"10,64 : 0.5818"
"64,10 : 0.5818"
"10,65 : 0.3883"
"65,10 : 0.3883"
"10,66 : 0.0632"
"66,10 : 0.0632"
"10,67 : 0.0906"
"67,10 : 0.0906"
"10,68 : 0.3499"
"68,10 : 0.3499"
"10,69 : 0.6003"
"69,10 : 0.6003"
"10,70 : 0.446"
"70,10 : 0.446"
"10,71 : 0.6356"
"71,10 : 0.6356"
"10,72 : 0.6576"
"72,10 : 0.6576"
"10,73 : 0.5769"
"73,10 : 0.5769"
"10,74 : 0.191"
"74,10 : 0.191"
"10,75 : 0.408"
"75,10 : 0.408"
"10,76 : 0.1044"
"76,10 : 0.1044"
"10,77 : 0.41"
"77,10 : 0.41"
"10,78 : 0.8438"
"78,10 : 0.8438"
"10,79 : 0.4243"
"79,10 : 0.4243"
"10,80 : 0.4696"
"80,10 : 0.4696"
"10,81 : 0.2343"
"81,10 : 0.2343"
"10,82 : 0.2435"
"82,10 : 0.2435"
"10,83 : 0.4604"
"83,10 : 0.4604"
"10,84 : 0.6353"
"84,10 : 0.6353"
"10,85 : 0.4342"
"85,10 : 0.4342"
"10,86 : 0.4215"
"86,10 : 0.4215"
"10,87 : 0.7211"
"87,10 : 0.7211"
"10,88 : 0.4036"
"88,10 : 0.4036"
"10,89 : 0.3178"
"89,10 : 0.3178"
"10,90 : 0.3863"
"90,10 : 0.3863"
"10,91 : 0.4993"
"91,10 : 0.4993"
"10,92 : 0.5508"
"92,10 : 0.5508"
"10,93 : 0.222"
"93,10 : 0.222"
"10,94 : 0.4258"
"94,10 : 0.4258"
"10,95 : 0.5215"
"95,10 : 0.5215"
"10,96 : 0.4785"
"96,10 : 0.4785"
"10,97 : 0.4717"
"97,10 : 0.4717"
"10,98 : 0.186"
"98,10 : 0.186"
"10,99 : 0.4751"
"99,10 : 0.4751"
"11,12 : 0.7128"
"12,11 : 0.7128"
"11,13 : 0.3688"
"13,11 : 0.3688"
"11,14 : 0.4455"
"14,11 : 0.4455"
"11,15 : 0.8301"
"15,11 : 0.8301"
"11,16 : 0.2786"
"16,11 : 0.2786"
"11,17 : 0.6794"
"17,11 : 0.6794"
"11,18 : 0.1897"
"18,11 : 0.1897"
"11,19 : 0.7201"
"19,11 : 0.7201"
"11,20 : 0.2961"
"20,11 : 0.2961"
"11,21 : 0.6607"
"21,11 : 0.6607"
"11,22 : 0.7561"
"22,11 : 0.7561"
"11,23 : 0.264"
"23,11 : 0.264"
"11,24 : 0.7801"
"24,11 : 0.7801"
"11,25 : 0.3453"
"25,11 : 0.3453"
"11,26 : 0.7035"
"26,11 : 0.7035"
"11,27 : 0.3785"
"27,11 : 0.3785"
"11,28 : 0.3848"
"28,11 : 0.3848"
"11,29 : 0.255"
"29,11 : 0.255"
"11,30 : 0.4512"
"30,11 : 0.4512"
"11,31 : 0.6747"
"31,11 : 0.6747"
"11,32 : 0.52"
"32,11 : 0.52"
"11,33 : 0.051"
"33,11 : 0.051"
"11,34 : 0.7649"
"34,11 : 0.7649"
"11,35 : 0.6177"
"35,11 : 0.6177"
"11,36 : 0.621"
"36,11 : 0.621"
"11,37 : 0.4415"
"37,11 : 0.4415"
"11,38 : 0.5"
"38,11 : 0.5"
"11,39 : 0.6957"
"39,11 : 0.6957"
"11,40 : 0.8721"
"40,11 : 0.8721"
"11,41 : 0.2973"
"41,11 : 0.2973"
"11,42 : 0.6237"
"42,11 : 0.6237"
"11,43 : 0.7473"
"43,11 : 0.7473"
"11,44 : 0.4111"
"44,11 : 0.4111"
"11,45 : 0.6113"
"45,11 : 0.6113"
"11,46 : 0.4924"
"46,11 : 0.4924"
"11,47 : 0.4601"
"47,11 : 0.4601"
"11,48 : 0.2594"
"48,11 : 0.2594"
"11,49 : 0.222"
"49,11 : 0.222"
"11,50 : 0.8062"
"50,11 : 0.8062"
"11,51 : 0.7184"
"51,11 : 0.7184"
"11,52 : 0.6661"
"52,11 : 0.6661"
"11,53 : 0.2802"
"53,11 : 0.2802"
"11,54 : 0.2846"
"54,11 : 0.2846"
"11,55 : 0.4031"
"55,11 : 0.4031"
"11,56 : 0.3265"
"56,11 : 0.3265"
"11,57 : 0.198"
"57,11 : 0.198"
"11,58 : 0.841"
"58,11 : 0.841"
"11,59 : 0.6866"
"59,11 : 0.6866"
"11,60 : 0.441"
"60,11 : 0.441"
"11,61 : 0.5284"
"61,11 : 0.5284"
"11,62 : 0.6172"
"62,11 : 0.6172"
"11,63 : 0.6"
"63,11 : 0.6"
"11,64 : 0.1342"
"64,11 : 0.1342"
"11,65 : 0.6103"
"65,11 : 0.6103"
"11,66 : 0.4884"
"66,11 : 0.4884"
"11,67 : 0.5941"
"67,11 : 0.5941"
"11,68 : 0.2138"
"68,11 : 0.2138"
"11,69 : 0.136"
"69,11 : 0.136"
"11,70 : 0.253"
"70,11 : 0.253"
"11,71 : 0.5323"
"71,11 : 0.5323"
"11,72 : 0.3538"
"72,11 : 0.3538"
"11,73 : 0.6661"
"73,11 : 0.6661"
"11,74 : 0.3265"
"74,11 : 0.3265"
"11,75 : 0.1166"
"75,11 : 0.1166"
"11,76 : 0.4701"
"76,11 : 0.4701"
"11,77 : 0.4301"
"77,11 : 0.4301"
"11,78 : 0.8469"
"78,11 : 0.8469"
"11,79 : 0.0985"
"79,11 : 0.0985"
"11,80 : 0.197"
"80,11 : 0.197"
"11,81 : 0.2832"
"81,11 : 0.2832"
"11,82 : 0.4494"
"82,11 : 0.4494"
"11,83 : 0.6001"
"83,11 : 0.6001"
"11,84 : 0.6622"
"84,11 : 0.6622"
"11,85 : 0.2912"
"85,11 : 0.2912"
"11,86 : 0.18"
"86,11 : 0.18"
"11,87 : 0.2184"
"87,11 : 0.2184"
"11,88 : 0.6166"
"88,11 : 0.6166"
"11,89 : 0.2326"
"89,11 : 0.2326"
"11,90 : 0.7433"
"90,11 : 0.7433"
"11,91 : 0.1442"
"91,11 : 0.1442"
"11,92 : 0.3061"
"92,11 : 0.3061"
"11,93 : 0.6075"
"93,11 : 0.6075"
"11,94 : 0.4111"
"94,11 : 0.4111"
"11,95 : 0.1487"
"95,11 : 0.1487"
"11,96 : 0.6067"
"96,11 : 0.6067"
"11,97 : 0.3734"
"97,11 : 0.3734"
"11,98 : 0.7001"
"98,11 : 0.7001"
"11,99 : 0.9795"
"99,11 : 0.9795"
"12,13 : 0.5116"
"13,12 : 0.5116"
"12,14 : 0.7596"
"14,12 : 0.7596"
"12,15 : 0.1237"
"15,12 : 0.1237"
"12,16 : 0.822"
"16,12 : 0.822"
"12,17 : 0.1082"
"17,12 : 0.1082"
"12,18 : 0.6162"
"18,12 : 0.6162"
"12,19 : 0.0447"
"19,12 : 0.0447"
"12,20 : 0.4534"
"20,12 : 0.4534"
"12,21 : 0.0825"
"21,12 : 0.0825"
"12,22 : 0.6708"
"22,12 : 0.6708"
"12,23 : 0.9667"
"23,12 : 0.9667"
"12,24 : 0.0721"
"24,12 : 0.0721"
"12,25 : 0.9102"
"25,12 : 0.9102"
"12,26 : 0.4827"
"26,12 : 0.4827"
"12,27 : 0.528"
"27,12 : 0.528"
"12,28 : 0.3394"
"28,12 : 0.3394"
"12,29 : 0.6573"
"29,12 : 0.6573"
"12,30 : 0.522"
"30,12 : 0.522"
"12,31 : 0.5445"
"31,12 : 0.5445"
"12,32 : 0.61"
"32,12 : 0.61"
"12,33 : 0.678"
"33,12 : 0.678"
"12,34 : 0.1879"
"34,12 : 0.1879"
"12,35 : 0.7018"
"35,12 : 0.7018"
"12,36 : 0.2402"
"36,12 : 0.2402"
"12,37 : 0.34"
"37,12 : 0.34"
"12,38 : 0.5984"
"38,12 : 0.5984"
"12,39 : 0.1931"
"39,12 : 0.1931"
"12,40 : 0.1838"
"40,12 : 0.1838"
"12,41 : 0.7004"
"41,12 : 0.7004"
"12,42 : 0.2707"
"42,12 : 0.2707"
"12,43 : 0.6139"
"43,12 : 0.6139"
"12,44 : 0.6201"
"44,12 : 0.6201"
"12,45 : 0.4405"
"45,12 : 0.4405"
"12,46 : 0.5217"
"46,12 : 0.5217"
"12,47 : 0.2864"
"47,12 : 0.2864"
"12,48 : 0.786"
"48,12 : 0.786"
"12,49 : 0.5233"
"49,12 : 0.5233"
"12,50 : 0.1603"
"50,12 : 0.1603"
"12,51 : 0.2236"
"51,12 : 0.2236"
"12,52 : 0.3178"
"52,12 : 0.3178"
"12,53 : 0.769"
"53,12 : 0.769"
"12,54 : 0.836"
"54,12 : 0.836"
"12,55 : 0.431"
"55,12 : 0.431"
"12,56 : 0.8184"
"56,12 : 0.8184"
"12,57 : 0.7029"
"57,12 : 0.7029"
"12,58 : 0.1746"
"58,12 : 0.1746"
"12,59 : 0.2625"
"59,12 : 0.2625"
"12,60 : 0.272"
"60,12 : 0.272"
"12,61 : 0.6727"
"61,12 : 0.6727"
"12,62 : 0.3444"
"62,12 : 0.3444"
"12,63 : 0.4001"
"63,12 : 0.4001"
"12,64 : 0.7425"
"64,12 : 0.7425"
"12,65 : 0.6075"
"65,12 : 0.6075"
"12,66 : 0.2404"
"66,12 : 0.2404"
"12,67 : 0.253"
"67,12 : 0.253"
"12,68 : 0.5819"
"68,12 : 0.5819"
"12,69 : 0.7638"
"69,12 : 0.7638"
"12,70 : 0.6888"
"70,12 : 0.6888"
"12,71 : 0.6395"
"71,12 : 0.6395"
"12,72 : 0.7471"
"72,12 : 0.7471"
"12,73 : 0.495"
"73,12 : 0.495"
"12,74 : 0.4085"
"74,12 : 0.4085"
"12,75 : 0.5964"
"75,12 : 0.5964"
"12,76 : 0.246"
"76,12 : 0.246"
"12,77 : 0.4401"
"77,12 : 0.4401"
"12,78 : 0.7543"
"78,12 : 0.7543"
"12,79 : 0.6313"
"79,12 : 0.6313"
"12,80 : 0.7052"
"80,12 : 0.7052"
"12,81 : 0.4428"
"81,12 : 0.4428"
"12,82 : 0.2941"
"82,12 : 0.2941"
"12,83 : 0.3901"
"83,12 : 0.3901"
"12,84 : 0.5722"
"84,12 : 0.5722"
"12,85 : 0.6807"
"85,12 : 0.6807"
"12,86 : 0.5728"
"86,12 : 0.5728"
"12,87 : 0.8914"
"87,12 : 0.8914"
"12,88 : 0.3106"
"88,12 : 0.3106"
"12,89 : 0.4841"
"89,12 : 0.4841"
"12,90 : 0.186"
"90,12 : 0.186"
"12,91 : 0.7262"
"91,12 : 0.7262"
"12,92 : 0.7962"
"92,12 : 0.7962"
"12,93 : 0.4163"
"93,12 : 0.4163"
"12,94 : 0.4662"
"94,12 : 0.4662"
"12,95 : 0.7485"
"95,12 : 0.7485"
"12,96 : 0.7088"
"96,12 : 0.7088"
"12,97 : 0.7217"
"97,12 : 0.7217"
"12,98 : 0.1414"
"98,12 : 0.1414"
"12,99 : 0.2802"
"99,12 : 0.2802"
"13,14 : 0.7117"
"14,13 : 0.7117"
"13,15 : 0.6339"
"15,13 : 0.6339"
"13,16 : 0.6203"
"16,13 : 0.6203"
"13,17 : 0.4317"
"17,13 : 0.4317"
"13,18 : 0.4317"
"18,13 : 0.4317"
"13,19 : 0.4965"
"19,13 : 0.4965"
"13,20 : 0.3662"
"20,13 : 0.3662"
"13,21 : 0.4342"
"21,13 : 0.4342"
"13,22 : 0.8839"
"22,13 : 0.8839"
"13,23 : 0.6185"
"23,13 : 0.6185"
"13,24 : 0.559"
