x,y
0.86,0.67
0.08,0.11
0.24,0.3
0.9,0.01
0.49,0.74
0.11,0.59
0.15,0.58
0.61,0.55
0.41,0.97
0.09,0.57
0.71,0.6
0.67,0.43
0.36,0.61
0.6,0.33
0.35,0.24
0.85,0.74
0.54,0.8
0.61,0.76
0.92,0.56
0.62,0.44
0.15,0.63
0.55,0.57
0.58,0.5
0.22,0.12
0.1,0.35
0.14,0.8
0.35,0.14
0.44,0.25
0.49,0.24
0.6,0.83
0.93,0.68
0.15,0.58
0.39,0.53
0.05,0.77
0.07,0.18
0.58,0.11
0.45,0.26
0.57,0.93
0.6,0.9
0.91,0.32
0.92,0.25
0.25,0.16
0.97,0.58
0.37,0.33
0.82,0.27
0.38,0.89
0.03,0.9
0.77,0.03
0.61,0.19
0.41,0.7

Distanze
"0,1 : 0.9602"
"1,0 : 0.9602"
"0,2 : 0.722"
"2,0 : 0.722"
"0,3 : 0.6612"
"3,0 : 0.6612"
"0,4 : 0.3766"
"4,0 : 0.3766"
"0,5 : 0.7543"
"5,0 : 0.7543"
"0,6 : 0.7157"
"6,0 : 0.7157"
"0,7 : 0.2773"
"7,0 : 0.2773"
"0,8 : 0.5408"
"8,0 : 0.5408"
"0,9 : 0.7765"
"9,0 : 0.7765"
"0,10 : 0.1655"
"10,0 : 0.1655"
"0,11 : 0.3061"
"11,0 : 0.3061"
"0,12 : 0.5036"
"12,0 : 0.5036"
"0,13 : 0.428"
"13,0 : 0.428"
"0,14 : 0.6671"
"14,0 : 0.6671"
"0,15 : 0.0707"
"15,0 : 0.0707"
"0,16 : 0.3454"
"16,0 : 0.3454"
"0,17 : 0.2657"
"17,0 : 0.2657"
"0,18 : 0.1253"
"18,0 : 0.1253"
"0,19 : 0.3324"
"19,0 : 0.3324"
"0,20 : 0.7111"
"20,0 : 0.7111"
"0,21 : 0.3257"
"21,0 : 0.3257"
"0,22 : 0.3276"
"22,0 : 0.3276"
"0,23 : 0.8439"
"23,0 : 0.8439"
"0,24 : 0.8246"
"24,0 : 0.8246"
"0,25 : 0.7316"
"25,0 : 0.7316"
"0,26 : 0.7355"
"26,0 : 0.7355"
"0,27 : 0.594"
"27,0 : 0.594"
"0,28 : 0.5673"
"28,0 : 0.5673"
"0,29 : 0.3053"
"29,0 : 0.3053"
"0,30 : 0.0707"
"30,0 : 0.0707"
"0,31 : 0.7157"
"31,0 : 0.7157"
"0,32 : 0.4904"
"32,0 : 0.4904"
"0,33 : 0.8161"
"33,0 : 0.8161"
"0,34 : 0.9296"
"34,0 : 0.9296"
"0,35 : 0.6261"
"35,0 : 0.6261"
"0,36 : 0.5798"
"36,0 : 0.5798"
"0,37 : 0.3895"
"37,0 : 0.3895"
"0,38 : 0.3471"
"38,0 : 0.3471"
"0,39 : 0.3536"
"39,0 : 0.3536"
"0,40 : 0.4243"
"40,0 : 0.4243"
"0,41 : 0.7951"
"41,0 : 0.7951"
"0,42 : 0.1421"
"42,0 : 0.1421"
"0,43 : 0.5964"
"43,0 : 0.5964"
"0,44 : 0.402"
"44,0 : 0.402"
"0,45 : 0.528"
"45,0 : 0.528"
"0,46 : 0.8613"
"46,0 : 0.8613"
"0,47 : 0.6463"
"47,0 : 0.6463"
"0,48 : 0.5412"
"48,0 : 0.5412"
"0,49 : 0.451"
"49,0 : 0.451"
"1,2 : 0.2484"
"2,1 : 0.2484"
"1,3 : 0.8261"
"3,1 : 0.8261"
"1,4 : 0.7517"
"4,1 : 0.7517"
"1,5 : 0.4809"
"5,1 : 0.4809"
"1,6 : 0.4752"
"6,1 : 0.4752"
"1,7 : 0.6888"
"7,1 : 0.6888"
"1,8 : 0.9211"
"8,1 : 0.9211"
"1,9 : 0.4601"
"9,1 : 0.4601"
"1,10 : 0.7981"
"10,1 : 0.7981"
"1,11 : 0.6712"
"11,1 : 0.6712"
"1,12 : 0.5731"
"12,1 : 0.5731"
"1,13 : 0.5646"
"13,1 : 0.5646"
"1,14 : 0.2997"
"14,1 : 0.2997"
"1,15 : 0.9949"
"15,1 : 0.9949"
"1,16 : 0.8293"
"16,1 : 0.8293"
"1,17 : 0.8387"
"17,1 : 0.8387"
"1,18 : 0.9529"
"18,1 : 0.9529"
"1,19 : 0.6329"
"19,1 : 0.6329"
"1,20 : 0.5247"
"20,1 : 0.5247"
"1,21 : 0.6576"
"21,1 : 0.6576"
"1,22 : 0.6341"
"22,1 : 0.6341"
"1,23 : 0.1404"
"23,1 : 0.1404"
"1,24 : 0.2408"
"24,1 : 0.2408"
"1,25 : 0.6926"
"25,1 : 0.6926"
"1,26 : 0.2717"
"26,1 : 0.2717"
"1,27 : 0.3863"
"27,1 : 0.3863"
"1,28 : 0.4301"
"28,1 : 0.4301"
"1,29 : 0.8881"
"29,1 : 0.8881"
"1,30 : 1.0234"
"30,1 : 1.0234"
"1,31 : 0.4752"
"31,1 : 0.4752"
"1,32 : 0.522"
"32,1 : 0.522"
"1,33 : 0.6607"
"33,1 : 0.6607"
"1,34 : 0.0707"
"34,1 : 0.0707"
"1,35 : 0.5"
"35,1 : 0.5"
"1,36 : 0.3992"
"36,1 : 0.3992"
"1,37 : 0.9552"
"37,1 : 0.9552"
"1,38 : 0.9458"
"38,1 : 0.9458"
"1,39 : 0.8562"
"39,1 : 0.8562"
"1,40 : 0.8516"
"40,1 : 0.8516"
"1,41 : 0.1772"
"41,1 : 0.1772"
"1,42 : 1.0065"
"42,1 : 1.0065"
"1,43 : 0.364"
"43,1 : 0.364"
"1,44 : 0.7571"
"44,1 : 0.7571"
"1,45 : 0.8357"
"45,1 : 0.8357"
"1,46 : 0.7916"
"46,1 : 0.7916"
"1,47 : 0.6946"
"47,1 : 0.6946"
"1,48 : 0.536"
"48,1 : 0.536"
"1,49 : 0.676"
"49,1 : 0.676"
"2,3 : 0.7209"
"3,2 : 0.7209"
"2,4 : 0.5061"
"4,2 : 0.5061"
"2,5 : 0.3178"
"5,2 : 0.3178"
"2,6 : 0.2941"
"6,2 : 0.2941"
"2,7 : 0.4465"
"7,2 : 0.4465"
"2,8 : 0.6912"
"8,2 : 0.6912"
"2,9 : 0.3089"
"9,2 : 0.3089"
"2,10 : 0.5576"
"10,2 : 0.5576"
"2,11 : 0.4492"
"11,2 : 0.4492"
"2,12 : 0.3324"
"12,2 : 0.3324"
"2,13 : 0.3612"
"13,2 : 0.3612"
"2,14 : 0.1253"
"14,2 : 0.1253"
"2,15 : 0.7521"
"15,2 : 0.7521"
"2,16 : 0.5831"
"16,2 : 0.5831"
"2,17 : 0.5903"
"17,2 : 0.5903"
"2,18 : 0.728"
"18,2 : 0.728"
"2,19 : 0.405"
"19,2 : 0.405"
"2,20 : 0.3421"
"20,2 : 0.3421"
"2,21 : 0.4111"
"21,2 : 0.4111"
"2,22 : 0.3945"
"22,2 : 0.3945"
"2,23 : 0.1811"
"23,2 : 0.1811"
"2,24 : 0.1487"
"24,2 : 0.1487"
"2,25 : 0.5099"
"25,2 : 0.5099"
"2,26 : 0.1942"
"26,2 : 0.1942"
"2,27 : 0.2062"
"27,2 : 0.2062"
"2,28 : 0.2571"
"28,2 : 0.2571"
"2,29 : 0.6407"
"29,2 : 0.6407"
"2,30 : 0.7877"
"30,2 : 0.7877"
"2,31 : 0.2941"
"31,2 : 0.2941"
"2,32 : 0.2746"
"32,2 : 0.2746"
"2,33 : 0.507"
"33,2 : 0.507"
"2,34 : 0.2081"
"34,2 : 0.2081"
"2,35 : 0.3895"
"35,2 : 0.3895"
"2,36 : 0.2138"
"36,2 : 0.2138"
"2,37 : 0.7112"
"37,2 : 0.7112"
"2,38 : 0.6997"
"38,2 : 0.6997"
"2,39 : 0.6703"
"39,2 : 0.6703"
"2,40 : 0.6818"
"40,2 : 0.6818"
"2,41 : 0.1404"
"41,2 : 0.1404"
"2,42 : 0.7819"
"42,2 : 0.7819"
"2,43 : 0.1334"
"43,2 : 0.1334"
"2,44 : 0.5808"
"44,2 : 0.5808"
"2,45 : 0.6064"
"45,2 : 0.6064"
"2,46 : 0.6357"
"46,2 : 0.6357"
"2,47 : 0.5948"
"47,2 : 0.5948"
"2,48 : 0.386"
"48,2 : 0.386"
"2,49 : 0.4346"
"49,2 : 0.4346"
"3,4 : 0.8373"
"4,3 : 0.8373"
"3,5 : 0.9801"
"5,3 : 0.9801"
"3,6 : 0.942"
"6,3 : 0.942"
"3,7 : 0.6129"
"7,3 : 0.6129"
"3,8 : 1.0778"
"8,3 : 1.0778"
"3,9 : 0.9847"
"9,3 : 0.9847"
"3,10 : 0.6198"
"10,3 : 0.6198"
"3,11 : 0.4789"
"11,3 : 0.4789"
"3,12 : 0.8072"
"12,3 : 0.8072"
"3,13 : 0.4386"
"13,3 : 0.4386"
"3,14 : 0.5962"
"14,3 : 0.5962"
"3,15 : 0.7317"
"15,3 : 0.7317"
"3,16 : 0.8682"
"16,3 : 0.8682"
"3,17 : 0.8041"
"17,3 : 0.8041"
"3,18 : 0.5504"
"18,3 : 0.5504"
"3,19 : 0.5131"
"19,3 : 0.5131"
"3,20 : 0.9731"
"20,3 : 0.9731"
"3,21 : 0.6604"
"21,3 : 0.6604"
"3,22 : 0.5852"
"22,3 : 0.5852"
"3,23 : 0.6888"
"23,3 : 0.6888"
"3,24 : 0.8693"
"24,3 : 0.8693"
"3,25 : 1.0962"
"25,3 : 1.0962"
"3,26 : 0.5652"
"26,3 : 0.5652"
"3,27 : 0.5188"
"27,3 : 0.5188"
"3,28 : 0.4701"
"28,3 : 0.4701"
"3,29 : 0.8732"
"29,3 : 0.8732"
"3,30 : 0.6707"
"30,3 : 0.6707"
"3,31 : 0.942"
"31,3 : 0.942"
"3,32 : 0.7284"
"32,3 : 0.7284"
"3,33 : 1.1402"
"33,3 : 1.1402"
"3,34 : 0.8472"
"34,3 : 0.8472"
"3,35 : 0.3353"
"35,3 : 0.3353"
"3,36 : 0.5148"
"36,3 : 0.5148"
"3,37 : 0.9774"
"37,3 : 0.9774"
"3,38 : 0.9392"
"38,3 : 0.9392"
"3,39 : 0.3102"
"39,3 : 0.3102"
"3,40 : 0.2408"
"40,3 : 0.2408"
"3,41 : 0.6671"
"41,3 : 0.6671"
"3,42 : 0.5743"
"42,3 : 0.5743"
"3,43 : 0.6191"
"43,3 : 0.6191"
"3,44 : 0.272"
"44,3 : 0.272"
"3,45 : 1.0222"
"45,3 : 1.0222"
"3,46 : 1.2446"
"46,3 : 1.2446"
"3,47 : 0.1315"
"47,3 : 0.1315"
"3,48 : 0.3413"
"48,3 : 0.3413"
"3,49 : 0.8463"
"49,3 : 0.8463"
"4,5 : 0.4085"
"5,4 : 0.4085"
"4,6 : 0.3758"
"6,4 : 0.3758"
"4,7 : 0.2247"
"7,4 : 0.2247"
"4,8 : 0.2435"
"8,4 : 0.2435"
"4,9 : 0.4346"
"9,4 : 0.4346"
"4,10 : 0.2608"
"10,4 : 0.2608"
"4,11 : 0.3585"
"11,4 : 0.3585"
"4,12 : 0.1838"
"12,4 : 0.1838"
"4,13 : 0.4245"
"13,4 : 0.4245"
"4,14 : 0.5192"
"14,4 : 0.5192"
"4,15 : 0.36"
"15,4 : 0.36"
"4,16 : 0.0781"
"16,4 : 0.0781"
"4,17 : 0.1217"
"17,4 : 0.1217"
"4,18 : 0.4662"
"18,4 : 0.4662"
"4,19 : 0.327"
"19,4 : 0.327"
"4,20 : 0.3574"
"20,4 : 0.3574"
"4,21 : 0.1803"
"21,4 : 0.1803"
"4,22 : 0.2563"
"22,4 : 0.2563"
"4,23 : 0.6762"
"23,4 : 0.6762"
"4,24 : 0.5515"
"24,4 : 0.5515"
"4,25 : 0.3551"
"25,4 : 0.3551"
"4,26 : 0.6161"
"26,4 : 0.6161"
"4,27 : 0.4925"
"27,4 : 0.4925"
"4,28 : 0.5"
"28,4 : 0.5"
"4,29 : 0.1421"
"29,4 : 0.1421"
"4,30 : 0.4441"
"30,4 : 0.4441"
"4,31 : 0.3758"
"31,4 : 0.3758"
"4,32 : 0.2326"
"32,4 : 0.2326"
"4,33 : 0.441"
"33,4 : 0.441"
"4,34 : 0.7"
"34,4 : 0.7"
"4,35 : 0.6364"
"35,4 : 0.6364"
"4,36 : 0.4817"
"36,4 : 0.4817"
"4,37 : 0.2062"
"37,4 : 0.2062"
"4,38 : 0.1942"
"38,4 : 0.1942"
"4,39 : 0.594"
"39,4 : 0.594"
"4,40 : 0.6519"
"40,4 : 0.6519"
"4,41 : 0.6277"
"41,4 : 0.6277"
"4,42 : 0.506"
"42,4 : 0.506"
"4,43 : 0.4272"
"43,4 : 0.4272"
"4,44 : 0.5743"
"44,4 : 0.5743"
"4,45 : 0.186"
"45,4 : 0.186"
"4,46 : 0.487"
"46,4 : 0.487"
"4,47 : 0.7632"
"47,4 : 0.7632"
"4,48 : 0.5629"
"48,4 : 0.5629"
"4,49 : 0.0894"
"49,4 : 0.0894"
"5,6 : 0.0412"
"6,5 : 0.0412"
"5,7 : 0.5016"
"7,5 : 0.5016"
"5,8 : 0.4841"
"8,5 : 0.4841"
"5,9 : 0.0283"
"9,5 : 0.0283"
"5,10 : 0.6001"
"10,5 : 0.6001"
"5,11 : 0.5824"
"11,5 : 0.5824"
"5,12 : 0.2508"
"12,5 : 0.2508"
"5,13 : 0.5547"
"13,5 : 0.5547"
"5,14 : 0.4244"
"14,5 : 0.4244"
"5,15 : 0.755"
"15,5 : 0.755"
"5,16 : 0.4785"
"16,5 : 0.4785"
"5,17 : 0.5281"
"17,5 : 0.5281"
"5,18 : 0.8106"
"18,5 : 0.8106"
"5,19 : 0.5316"
"19,5 : 0.5316"
"5,20 : 0.0566"
"20,5 : 0.0566"
"5,21 : 0.4405"
"21,5 : 0.4405"
"5,22 : 0.4785"
"22,5 : 0.4785"
"5,23 : 0.4827"
"23,5 : 0.4827"
"5,24 : 0.2402"
"24,5 : 0.2402"
"5,25 : 0.2121"
"25,5 : 0.2121"
"5,26 : 0.51"
"26,5 : 0.51"
"5,27 : 0.4738"
"27,5 : 0.4738"
"5,28 : 0.5166"
"28,5 : 0.5166"
"5,29 : 0.5456"
"29,5 : 0.5456"
"5,30 : 0.8249"
"30,5 : 0.8249"
"5,31 : 0.0412"
"31,5 : 0.0412"
"5,32 : 0.2864"
"32,5 : 0.2864"
"5,33 : 0.1897"
"33,5 : 0.1897"
"5,34 : 0.4119"
"34,5 : 0.4119"
"5,35 : 0.6718"
"35,5 : 0.6718"
"5,36 : 0.4738"
"36,5 : 0.4738"
"5,37 : 0.572"
"37,5 : 0.572"
"5,38 : 0.5798"
"38,5 : 0.5798"
"5,39 : 0.8443"
"39,5 : 0.8443"
"5,40 : 0.8785"
"40,5 : 0.8785"
"5,41 : 0.4522"
"41,5 : 0.4522"
"5,42 : 0.8601"
"42,5 : 0.8601"
"5,43 : 0.3677"
"43,5 : 0.3677"
"5,44 : 0.7788"
"44,5 : 0.7788"
"5,45 : 0.4036"
"45,5 : 0.4036"
"5,46 : 0.3202"
"46,5 : 0.3202"
"5,47 : 0.8656"
"47,5 : 0.8656"
"5,48 : 0.6403"
"48,5 : 0.6403"
"5,49 : 0.3195"
"49,5 : 0.3195"
"6,7 : 0.461"
"7,6 : 0.461"
"6,8 : 0.4687"
"8,6 : 0.4687"
"6,9 : 0.0608"
"9,6 : 0.0608"
"6,10 : 0.5604"
"10,6 : 0.5604"
"6,11 : 0.5412"
"11,6 : 0.5412"
"6,12 : 0.2121"
"12,6 : 0.2121"
"6,13 : 0.5148"
"13,6 : 0.5148"
"6,14 : 0.3945"
"14,6 : 0.3945"
"6,15 : 0.7181"
"15,6 : 0.7181"
"6,16 : 0.4478"
"16,6 : 0.4478"
"6,17 : 0.494"
"17,6 : 0.494"
"6,18 : 0.7703"
"18,6 : 0.7703"
"6,19 : 0.4904"
"19,6 : 0.4904"
"6,20 : 0.05"
"20,6 : 0.05"
"6,21 : 0.4001"
"21,6 : 0.4001"
"6,22 : 0.4374"
"22,6 : 0.4374"
"6,23 : 0.4653"
"23,6 : 0.4653"
"6,24 : 0.2354"
"24,6 : 0.2354"
"6,25 : 0.2202"
"25,6 : 0.2202"
"6,26 : 0.4833"
"26,6 : 0.4833"
"6,27 : 0.4393"
"27,6 : 0.4393"
"6,28 : 0.4808"
"28,6 : 0.4808"
"6,29 : 0.5148"
"29,6 : 0.5148"
"6,30 : 0.7864"
"30,6 : 0.7864"
"6,31 : 0.0"
"31,6 : 0.0"
"6,32 : 0.2452"
"32,6 : 0.2452"
"6,33 : 0.2147"
"33,6 : 0.2147"
"6,34 : 0.4079"
"34,6 : 0.4079"
"6,35 : 0.637"
"35,6 : 0.637"
"6,36 : 0.4386"
"36,6 : 0.4386"
"6,37 : 0.5467"
"37,6 : 0.5467"
"6,38 : 0.5522"
"38,6 : 0.5522"
"6,39 : 0.8032"
"39,6 : 0.8032"
"6,40 : 0.8377"
"40,6 : 0.8377"
"6,41 : 0.4317"
"41,6 : 0.4317"
"6,42 : 0.82"
"42,6 : 0.82"
"6,43 : 0.333"
"43,6 : 0.333"
"6,44 : 0.7382"
"44,6 : 0.7382"
"6,45 : 0.386"
"45,6 : 0.386"
"6,46 : 0.3418"
"46,6 : 0.3418"
"6,47 : 0.8288"
"47,6 : 0.8288"
"6,48 : 0.6031"
"48,6 : 0.6031"
"6,49 : 0.2864"
"49,6 : 0.2864"
"7,8 : 0.4652"
"8,7 : 0.4652"
"7,9 : 0.5204"
"9,7 : 0.5204"
"7,10 : 0.1118"
"10,7 : 0.1118"
"7,11 : 0.1342"
"11,7 : 0.1342"
"7,12 : 0.2571"
"12,7 : 0.2571"
"7,13 : 0.2202"
"13,7 : 0.2202"
"7,14 : 0.4046"
"14,7 : 0.4046"
"7,15 : 0.3061"
"15,7 : 0.3061"
"7,16 : 0.2596"
"16,7 : 0.2596"
"7,17 : 0.21"
"17,7 : 0.21"
"7,18 : 0.3102"
"18,7 : 0.3102"
"7,19 : 0.1105"
"19,7 : 0.1105"
"7,20 : 0.4669"
"20,7 : 0.4669"
"7,21 : 0.0632"
"21,7 : 0.0632"
"7,22 : 0.0583"
"22,7 : 0.0583"
"7,23 : 0.5805"
"23,7 : 0.5805"
"7,24 : 0.5478"
"24,7 : 0.5478"
"7,25 : 0.5324"
"25,7 : 0.5324"
"7,26 : 0.4855"
"26,7 : 0.4855"
"7,27 : 0.3448"
"27,7 : 0.3448"
"7,28 : 0.3324"
"28,7 : 0.3324"
"7,29 : 0.2802"
"29,7 : 0.2802"
"7,30 : 0.3454"
"30,7 : 0.3454"
"7,31 : 0.461"
"31,7 : 0.461"
"7,32 : 0.2209"
"32,7 : 0.2209"
"7,33 : 0.6017"
"33,7 : 0.6017"
"7,34 : 0.6546"
"34,7 : 0.6546"
"7,35 : 0.441"
"35,7 : 0.441"
"7,36 : 0.3312"
"36,7 : 0.3312"
"7,37 : 0.3821"
"37,7 : 0.3821"
"7,38 : 0.3501"
"38,7 : 0.3501"
"7,39 : 0.378"
"39,7 : 0.378"
"7,40 : 0.4314"
"40,7 : 0.4314"
"7,41 : 0.5308"
"41,7 : 0.5308"
"7,42 : 0.3612"
"42,7 : 0.3612"
"7,43 : 0.3256"
"43,7 : 0.3256"
"7,44 : 0.35"
"44,7 : 0.35"
"7,45 : 0.4105"
"45,7 : 0.4105"
"7,46 : 0.6774"
"46,7 : 0.6774"
"7,47 : 0.5441"
"47,7 : 0.5441"
"7,48 : 0.36"
"48,7 : 0.36"
"7,49 : 0.25"
"49,7 : 0.25"
"8,9 : 0.5122"
"9,8 : 0.5122"
"8,10 : 0.4763"
"10,8 : 0.4763"
"8,11 : 0.5993"
"11,8 : 0.5993"
"8,12 : 0.3635"
"12,8 : 0.3635"
"8,13 : 0.6676"
"13,8 : 0.6676"
"8,14 : 0.7325"
"14,8 : 0.7325"
"8,15 : 0.4965"
"15,8 : 0.4965"
"8,16 : 0.214"
"16,8 : 0.214"
"8,17 : 0.29"
"17,8 : 0.29"
"8,18 : 0.6544"
"18,8 : 0.6544"
"8,19 : 0.5701"
"19,8 : 0.5701"
"8,20 : 0.428"
"20,8 : 0.428"
"8,21 : 0.4238"
"21,8 : 0.4238"
"8,22 : 0.4998"
"22,8 : 0.4998"
"8,23 : 0.871"
"23,8 : 0.871"
"8,24 : 0.6932"
"24,8 : 0.6932"
"8,25 : 0.3191"
"25,8 : 0.3191"
"8,26 : 0.8322"
"26,8 : 0.8322"
"8,27 : 0.7206"
"27,8 : 0.7206"
"8,28 : 0.7344"
"28,8 : 0.7344"
"8,29 : 0.236"
"29,8 : 0.236"
"8,30 : 0.5954"
"30,8 : 0.5954"
"8,31 : 0.4687"
"31,8 : 0.4687"
"8,32 : 0.4405"
"32,8 : 0.4405"
"8,33 : 0.4118"
"33,8 : 0.4118"
"8,34 : 0.8601"
"34,8 : 0.8601"
"8,35 : 0.8766"
"35,8 : 0.8766"
"8,36 : 0.7111"
"36,8 : 0.7111"
"8,37 : 0.1649"
"37,8 : 0.1649"
"8,38 : 0.2025"
"38,8 : 0.2025"
"8,39 : 0.8201"
"39,8 : 0.8201"
"8,40 : 0.8823"
"40,8 : 0.8823"
"8,41 : 0.8257"
"41,8 : 0.8257"
"8,42 : 0.6824"
"42,8 : 0.6824"
"8,43 : 0.6412"
"43,8 : 0.6412"
"8,44 : 0.8112"
"44,8 : 0.8112"
"8,45 : 0.0854"
"45,8 : 0.0854"
"8,46 : 0.3864"
"46,8 : 0.3864"
"8,47 : 1.0066"
"47,8 : 1.0066"
"8,48 : 0.8052"
"48,8 : 0.8052"
"8,49 : 0.27"
"49,8 : 0.27"
"9,10 : 0.6207"
"10,9 : 0.6207"
"9,11 : 0.5967"
"11,9 : 0.5967"
"9,12 : 0.2729"
"12,9 : 0.2729"
"9,13 : 0.5636"
"13,9 : 0.5636"
"9,14 : 0.4201"
"14,9 : 0.4201"
"9,15 : 0.7788"
"15,9 : 0.7788"
"9,16 : 0.5054"
"16,9 : 0.5054"
"9,17 : 0.5536"
"17,9 : 0.5536"
"9,18 : 0.8301"
"18,9 : 0.8301"
"9,19 : 0.5457"
"19,9 : 0.5457"
"9,20 : 0.0849"
"20,9 : 0.0849"
"9,21 : 0.46"
"21,9 : 0.46"
"9,22 : 0.495"
"22,9 : 0.495"
"9,23 : 0.4684"
"23,9 : 0.4684"
"9,24 : 0.2202"
"24,9 : 0.2202"
"9,25 : 0.2354"
"25,9 : 0.2354"
"9,26 : 0.5025"
"26,9 : 0.5025"
"9,27 : 0.4742"
"27,9 : 0.4742"
"9,28 : 0.5186"
"28,9 : 0.5186"
"9,29 : 0.5725"
"29,9 : 0.5725"
"9,30 : 0.8472"
"30,9 : 0.8472"
"9,31 : 0.0608"
"31,9 : 0.0608"
"9,32 : 0.3027"
"32,9 : 0.3027"
"9,33 : 0.204"
"33,9 : 0.204"
"9,34 : 0.3905"
"34,9 : 0.3905"
"9,35 : 0.6721"
"35,9 : 0.6721"
"9,36 : 0.4751"
"36,9 : 0.4751"
"9,37 : 0.6"
"37,9 : 0.6"
"9,38 : 0.6075"
"38,9 : 0.6075"
"9,39 : 0.8573"
"39,9 : 0.8573"
"9,40 : 0.8896"
"40,9 : 0.8896"
"9,41 : 0.4401"
"41,9 : 0.4401"
"9,42 : 0.8801"
"42,9 : 0.8801"
"9,43 : 0.3688"
"43,9 : 0.3688"
"9,44 : 0.7892"
"44,9 : 0.7892"
"9,45 : 0.4319"
"45,9 : 0.4319"
"9,46 : 0.3354"
"46,9 : 0.3354"
"9,47 : 0.8683"
"47,9 : 0.8683"
"9,48 : 0.644"
"48,9 : 0.644"
"9,49 : 0.3454"
"49,9 : 0.3454"
"10,11 : 0.1746"
"11,10 : 0.1746"
"10,12 : 0.3501"
"12,10 : 0.3501"
"10,13 : 0.2915"
"13,10 : 0.2915"
"10,14 : 0.5091"
"14,10 : 0.5091"
"10,15 : 0.198"
"15,10 : 0.198"
"10,16 : 0.2625"
"16,10 : 0.2625"
"10,17 : 0.1887"
"17,10 : 0.1887"
"10,18 : 0.2138"
"18,10 : 0.2138"
"10,19 : 0.1836"
"19,10 : 0.1836"
"10,20 : 0.5608"
"20,10 : 0.5608"
"10,21 : 0.1628"
"21,10 : 0.1628"
"10,22 : 0.164"
"22,10 : 0.164"
"10,23 : 0.6859"
"23,10 : 0.6859"
"10,24 : 0.6592"
"24,10 : 0.6592"
"10,25 : 0.6041"
"25,10 : 0.6041"
"10,26 : 0.5841"
"26,10 : 0.5841"
"10,27 : 0.442"
"27,10 : 0.442"
"10,28 : 0.4219"
"28,10 : 0.4219"
"10,29 : 0.255"
"29,10 : 0.255"
"10,30 : 0.2341"
"30,10 : 0.2341"
"10,31 : 0.5604"
"31,10 : 0.5604"
"10,32 : 0.3276"
"32,10 : 0.3276"
"10,33 : 0.6815"
"33,10 : 0.6815"
"10,34 : 0.7655"
"34,10 : 0.7655"
"10,35 : 0.507"
"35,10 : 0.507"
"10,36 : 0.428"
"36,10 : 0.428"
"10,37 : 0.3585"
"37,10 : 0.3585"
"10,38 : 0.3195"
"38,10 : 0.3195"
"10,39 : 0.3441"
"39,10 : 0.3441"
"10,40 : 0.4082"
"40,10 : 0.4082"
"10,41 : 0.6366"
"41,10 : 0.6366"
"10,42 : 0.2608"
"42,10 : 0.2608"
"10,43 : 0.4342"
"43,10 : 0.4342"
"10,44 : 0.3479"
"44,10 : 0.3479"
"10,45 : 0.4393"
"45,10 : 0.4393"
"10,46 : 0.7432"
"46,10 : 0.7432"
"10,47 : 0.5731"
"47,10 : 0.5731"
"10,48 : 0.422"
"48,10 : 0.422"
"10,49 : 0.3162"
"49,10 : 0.3162"
"11,12 : 0.3585"
"12,11 : 0.3585"
"11,13 : 0.1221"
"13,11 : 0.1221"
"11,14 : 0.3722"
"14,11 : 0.3722"
"11,15 : 0.3585"
"15,11 : 0.3585"
"11,16 : 0.3922"
"16,11 : 0.3922"
"11,17 : 0.3354"
"17,11 : 0.3354"
"11,18 : 0.2818"
"18,11 : 0.2818"
"11,19 : 0.051"
"19,11 : 0.051"
"11,20 : 0.5571"
"20,11 : 0.5571"
"11,21 : 0.1844"
"21,11 : 0.1844"
"11,22 : 0.114"
"22,11 : 0.114"
"11,23 : 0.5464"
"23,11 : 0.5464"
"11,24 : 0.5756"
"24,11 : 0.5756"
"11,25 : 0.6464"
"25,11 : 0.6464"
"11,26 : 0.4319"
"26,11 : 0.4319"
"11,27 : 0.2921"
"27,11 : 0.2921"
"11,28 : 0.2617"
"28,11 : 0.2617"
"11,29 : 0.4061"
"29,11 : 0.4061"
"11,30 : 0.3607"
"30,11 : 0.3607"
"11,31 : 0.5412"
"31,11 : 0.5412"
"11,32 : 0.2973"
"32,11 : 0.2973"
"11,33 : 0.7071"
"33,11 : 0.7071"
"11,34 : 0.65"
"34,11 : 0.65"
"11,35 : 0.3324"
"35,11 : 0.3324"
"11,36 : 0.278"
"36,11 : 0.278"
"11,37 : 0.5099"
"37,11 : 0.5099"
"11,38 : 0.4752"
"38,11 : 0.4752"
"11,39 : 0.264"
"39,11 : 0.264"
"11,40 : 0.3081"
"40,11 : 0.3081"
"11,41 : 0.4993"
"41,11 : 0.4993"
"11,42 : 0.3354"
"42,11 : 0.3354"
"11,43 : 0.3162"
"43,11 : 0.3162"
"11,44 : 0.2193"
"44,11 : 0.2193"
"11,45 : 0.5438"
"45,11 : 0.5438"
"11,46 : 0.794"
"46,11 : 0.794"
"11,47 : 0.4123"
"47,11 : 0.4123"
"11,48 : 0.2474"
"48,11 : 0.2474"
"11,49 : 0.3748"
"49,11 : 0.3748"
"12,13 : 0.3688"
"13,12 : 0.3688"
"12,14 : 0.3701"
"14,12 : 0.3701"
"12,15 : 0.507"
"15,12 : 0.507"
"12,16 : 0.2617"
"16,12 : 0.2617"
"12,17 : 0.2915"
"17,12 : 0.2915"
"12,18 : 0.5622"
"18,12 : 0.5622"
"12,19 : 0.3106"
"19,12 : 0.3106"
"12,20 : 0.211"
"20,12 : 0.211"
"12,21 : 0.1942"
"21,12 : 0.1942"
"12,22 : 0.246"
"22,12 : 0.246"
"12,23 : 0.5096"
"23,12 : 0.5096"
"12,24 : 0.3677"
"24,12 : 0.3677"
"12,25 : 0.2907"
"25,12 : 0.2907"
"12,26 : 0.4701"
"26,12 : 0.4701"
"12,27 : 0.3688"
"27,12 : 0.3688"
"12,28 : 0.3922"
"28,12 : 0.3922"
"12,29 : 0.3256"
"29,12 : 0.3256"
"12,30 : 0.5743"
"30,12 : 0.5743"
"12,31 : 0.2121"
"31,12 : 0.2121"
"12,32 : 0.0854"
"32,12 : 0.0854"
"12,33 : 0.3489"
"33,12 : 0.3489"
"12,34 : 0.5187"
"34,12 : 0.5187"
"12,35 : 0.5463"
"35,12 : 0.5463"
"12,36 : 0.3614"
"36,12 : 0.3614"
"12,37 : 0.3828"
"37,12 : 0.3828"
"12,38 : 0.3764"
"38,12 : 0.3764"
"12,39 : 0.6218"
"39,12 : 0.6218"
"12,40 : 0.6657"
"40,12 : 0.6657"
"12,41 : 0.4632"
"41,12 : 0.4632"
"12,42 : 0.6107"
"42,12 : 0.6107"
"12,43 : 0.2802"
"43,12 : 0.2802"
"12,44 : 0.572"
"44,12 : 0.572"
"12,45 : 0.2807"
"45,12 : 0.2807"
"12,46 : 0.4393"
"46,12 : 0.4393"
"12,47 : 0.7103"
"47,12 : 0.7103"
"12,48 : 0.4888"
"48,12 : 0.4888"
"12,49 : 0.103"
"49,12 : 0.103"
"13,14 : 0.2657"
"14,13 : 0.2657"
"13,15 : 0.4802"
"15,13 : 0.4802"
"13,16 : 0.4738"
"16,13 : 0.4738"
"13,17 : 0.4301"
"17,13 : 0.4301"
"13,18 : 0.3941"
"18,13 : 0.3941"
"13,19 : 0.1118"
"19,13 : 0.1118"
"13,20 : 0.5408"
"20,13 : 0.5408"
"13,21 : 0.2452"
"21,13 : 0.2452"
"13,22 : 0.1712"
"22,13 : 0.1712"
"13,23 : 0.4342"
"23,13 : 0.4342"
"13,24 : 0.5004"
"24,13 : 0.5004"
"13,25 : 0.6576"
"25,13 : 0.6576"
"13,26 : 0.314"
"26,13 : 0.314"
"13,27 : 0.1789"
"27,13 : 0.1789"
"13,28 : 0.1421"
"28,13 : 0.1421"
"13,29 : 0.5"
"29,13 : 0.5"
"13,30 : 0.481"
"30,13 : 0.481"
"13,31 : 0.5148"
"31,13 : 0.5148"
"13,32 : 0.29"
"32,13 : 0.29"
"13,33 : 0.7043"
"33,13 : 0.7043"
"13,34 : 0.5508"
"34,13 : 0.5508"
"13,35 : 0.2209"
"35,13 : 0.2209"
"13,36 : 0.1655"
"36,13 : 0.1655"
"13,37 : 0.6007"
"37,13 : 0.6007"
"13,38 : 0.57"
"38,13 : 0.57"
"13,39 : 0.3102"
"39,13 : 0.3102"
"13,40 : 0.3298"
"40,13 : 0.3298"
"13,41 : 0.3891"
"41,13 : 0.3891"
"13,42 : 0.4465"
"42,13 : 0.4465"
"13,43 : 0.23"
"43,13 : 0.23"
"13,44 : 0.228"
"44,13 : 0.228"
"13,45 : 0.6017"
"45,13 : 0.6017"
"13,46 : 0.8061"
"46,13 : 0.8061"
"13,47 : 0.3448"
"47,13 : 0.3448"
"13,48 : 0.1404"
"48,13 : 0.1404"
"13,49 : 0.4159"
"49,13 : 0.4159"
"14,15 : 0.7071"
"15,14 : 0.7071"
"14,16 : 0.5914"
"16,14 : 0.5914"
"14,17 : 0.5814"
"17,14 : 0.5814"
"14,18 : 0.6537"
"18,14 : 0.6537"
"14,19 : 0.336"
"19,14 : 0.336"
"14,20 : 0.4383"
"20,14 : 0.4383"
"14,21 : 0.3859"
"21,14 : 0.3859"
"14,22 : 0.3471"
"22,14 : 0.3471"
"14,23 : 0.1769"
"23,14 : 0.1769"
"14,24 : 0.2731"
"24,14 : 0.2731"
"14,25 : 0.5981"
"25,14 : 0.5981"
"14,26 : 0.1"
"26,14 : 0.1"
"14,27 : 0.0906"
"27,14 : 0.0906"
"14,28 : 0.14"
"28,14 : 0.14"
"14,29 : 0.6408"
"29,14 : 0.6408"
"14,30 : 0.728"
"30,14 : 0.728"
"14,31 : 0.3945"
"31,14 : 0.3945"
"14,32 : 0.2927"
"32,14 : 0.2927"
"14,33 : 0.609"
"33,14 : 0.609"
"14,34 : 0.2864"
"34,14 : 0.2864"
"14,35 : 0.2642"
"35,14 : 0.2642"
"14,36 : 0.102"
"36,14 : 0.102"
"14,37 : 0.7242"
"37,14 : 0.7242"
"14,38 : 0.7058"
"38,14 : 0.7058"
"14,39 : 0.5657"
"39,14 : 0.5657"
"14,40 : 0.5701"
"40,14 : 0.5701"
"14,41 : 0.1281"
"41,14 : 0.1281"
"14,42 : 0.7071"
"42,14 : 0.7071"
"14,43 : 0.0922"
"43,14 : 0.0922"
"14,44 : 0.471"
"44,14 : 0.471"
"14,45 : 0.6507"
"45,14 : 0.6507"
"14,46 : 0.7335"
"46,14 : 0.7335"
"14,47 : 0.4696"
"47,14 : 0.4696"
"14,48 : 0.2648"
"48,14 : 0.2648"
"14,49 : 0.4639"
"49,14 : 0.4639"
"15,16 : 0.3158"
"16,15 : 0.3158"
"15,17 : 0.2408"
"17,15 : 0.2408"
"15,18 : 0.1931"
"18,15 : 0.1931"
"15,19 : 0.378"
"19,15 : 0.378"
"15,20 : 0.7086"
"20,15 : 0.7086"
"15,21 : 0.3448"
"21,15 : 0.3448"
"15,22 : 0.3612"
"22,15 : 0.3612"
"15,23 : 0.8839"
"23,15 : 0.8839"
"15,24 : 0.8453"
"24,15 : 0.8453"
"15,25 : 0.7125"
"25,15 : 0.7125"
"15,26 : 0.781"
"26,15 : 0.781"
"15,27 : 0.6389"
"27,15 : 0.6389"
"15,28 : 0.6161"
"28,15 : 0.6161"
"15,29 : 0.2657"
"29,15 : 0.2657"
"15,30 : 0.1"
"30,15 : 0.1"
"15,31 : 0.7181"
"31,15 : 0.7181"
"15,32 : 0.5057"
"32,15 : 0.5057"
"15,33 : 0.8006"
"33,15 : 0.8006"
"15,34 : 0.9602"
"34,15 : 0.9602"
"15,35 : 0.6854"
"35,15 : 0.6854"
"15,36 : 0.6248"
"36,15 : 0.6248"
"15,37 : 0.3384"
"37,15 : 0.3384"
"15,38 : 0.2968"
"38,15 : 0.2968"
"15,39 : 0.4243"
"39,15 : 0.4243"
"15,40 : 0.495"
"40,15 : 0.495"
"15,41 : 0.8345"
"41,15 : 0.8345"
"15,42 : 0.2"
"42,15 : 0.2"
"15,43 : 0.6313"
"43,15 : 0.6313"
"15,44 : 0.471"
"44,15 : 0.471"
"15,45 : 0.4934"
"45,15 : 0.4934"
"15,46 : 0.8355"
"46,15 : 0.8355"
"15,47 : 0.7145"
"47,15 : 0.7145"
"15,48 : 0.6001"
"48,15 : 0.6001"
"15,49 : 0.4418"
"49,15 : 0.4418"
"16,17 : 0.0806"
"17,16 : 0.0806"
"16,18 : 0.4494"
"18,16 : 0.4494"
"16,19 : 0.3688"
"19,16 : 0.3688"
"16,20 : 0.4254"
"20,16 : 0.4254"
"16,21 : 0.2302"
"21,16 : 0.2302"
"16,22 : 0.3027"
"22,16 : 0.3027"
"16,23 : 0.7515"
"23,16 : 0.7515"
"16,24 : 0.6294"
"24,16 : 0.6294"
"16,25 : 0.4"
"25,16 : 0.4"
"16,26 : 0.6868"
"26,16 : 0.6868"
"16,27 : 0.559"
"27,16 : 0.559"
"16,28 : 0.5622"
"28,16 : 0.5622"
"16,29 : 0.0671"
"29,16 : 0.0671"
"16,30 : 0.408"
"30,16 : 0.408"
"16,31 : 0.4478"
"31,16 : 0.4478"
"16,32 : 0.3089"
"32,16 : 0.3089"
"16,33 : 0.4909"
"33,16 : 0.4909"
"16,34 : 0.778"
"34,16 : 0.778"
"16,35 : 0.6912"
"35,16 : 0.6912"
"16,36 : 0.5474"
"36,16 : 0.5474"
"16,37 : 0.1334"
"37,16 : 0.1334"
"16,38 : 0.1166"
"38,16 : 0.1166"
"16,39 : 0.6061"
"39,16 : 0.6061"
"16,40 : 0.6685"
"40,16 : 0.6685"
"16,41 : 0.7026"
"41,16 : 0.7026"
"16,42 : 0.483"
"42,16 : 0.483"
"16,43 : 0.4998"
"43,16 : 0.4998"
"16,44 : 0.5994"
"44,16 : 0.5994"
"16,45 : 0.1836"
"45,16 : 0.1836"
"16,46 : 0.5197"
"46,16 : 0.5197"
"16,47 : 0.8036"
"47,16 : 0.8036"
"16,48 : 0.614"
"48,16 : 0.614"
"16,49 : 0.164"
"49,16 : 0.164"
"17,18 : 0.3689"
"18,17 : 0.3689"
"17,19 : 0.3202"
"19,17 : 0.3202"
"17,20 : 0.478"
"20,17 : 0.478"
"17,21 : 0.1992"
"21,17 : 0.1992"
"17,22 : 0.2617"
"22,17 : 0.2617"
"17,23 : 0.7495"
"23,17 : 0.7495"
"17,24 : 0.6544"
"24,17 : 0.6544"
"17,25 : 0.4717"
"25,17 : 0.4717"
"17,26 : 0.6723"
"26,17 : 0.6723"
"17,27 : 0.5376"
"27,17 : 0.5376"
"17,28 : 0.5337"
"28,17 : 0.5337"
"17,29 : 0.0707"
"29,17 : 0.0707"
"17,30 : 0.3298"
"30,17 : 0.3298"
"17,31 : 0.494"
"31,17 : 0.494"
"17,32 : 0.3183"
"32,17 : 0.3183"
"17,33 : 0.5601"
"33,17 : 0.5601"
"17,34 : 0.7925"
"34,17 : 0.7925"
"17,35 : 0.6507"
"35,17 : 0.6507"
"17,36 : 0.525"
"36,17 : 0.525"
"17,37 : 0.1746"
"37,17 : 0.1746"
"17,38 : 0.1404"
"38,17 : 0.1404"
"17,39 : 0.5325"
"39,17 : 0.5325"
"17,40 : 0.5968"
"40,17 : 0.5968"
"17,41 : 0.6997"
"41,17 : 0.6997"
"17,42 : 0.4025"
"42,17 : 0.4025"
"17,43 : 0.4924"
"43,17 : 0.4924"
"17,44 : 0.5331"
"44,17 : 0.5331"
"17,45 : 0.2642"
"45,17 : 0.2642"
"17,46 : 0.5967"
"46,17 : 0.5967"
"17,47 : 0.7473"
"47,17 : 0.7473"
"17,48 : 0.57"
"48,17 : 0.57"
"17,49 : 0.2088"
"49,17 : 0.2088"
"18,19 : 0.3231"
"19,18 : 0.3231"
"18,20 : 0.7732"
"20,18 : 0.7732"
"18,21 : 0.3701"
"21,18 : 0.3701"
"18,22 : 0.3453"
"22,18 : 0.3453"
"18,23 : 0.8268"
"23,18 : 0.8268"
"18,24 : 0.8465"
"24,18 : 0.8465"
"18,25 : 0.8161"
"25,18 : 0.8161"
"18,26 : 0.708"
"26,18 : 0.708"
"18,27 : 0.5714"
"27,18 : 0.5714"
"18,28 : 0.536"
"28,18 : 0.536"
"18,29 : 0.4187"
"29,18 : 0.4187"
"18,30 : 0.1204"
"30,18 : 0.1204"
"18,31 : 0.7703"
"31,18 : 0.7703"
"18,32 : 0.5308"
"32,18 : 0.5308"
"18,33 : 0.895"
"33,18 : 0.895"
"18,34 : 0.9311"
"34,18 : 0.9311"
"18,35 : 0.564"
"35,18 : 0.564"
"18,36 : 0.5576"
"36,18 : 0.5576"
"18,37 : 0.5093"
"37,18 : 0.5093"
"18,38 : 0.4669"
"38,18 : 0.4669"
"18,39 : 0.2402"
"39,18 : 0.2402"
"18,40 : 0.31"
"40,18 : 0.31"
"18,41 : 0.7803"
"41,18 : 0.7803"
"18,42 : 0.0539"
"42,18 : 0.0539"
"18,43 : 0.5962"
"43,18 : 0.5962"
"18,44 : 0.3068"
"44,18 : 0.3068"
"18,45 : 0.6329"
"45,18 : 0.6329"
"18,46 : 0.9527"
"46,18 : 0.9527"
"18,47 : 0.5508"
"47,18 : 0.5508"
"18,48 : 0.4827"
"48,18 : 0.4827"
"18,49 : 0.5289"
"49,18 : 0.5289"
"19,20 : 0.507"
"20,19 : 0.507"
"19,21 : 0.1476"
"21,19 : 0.1476"
"19,22 : 0.0721"
"22,19 : 0.0721"
"19,23 : 0.5122"
"23,19 : 0.5122"
"19,24 : 0.5277"
"24,19 : 0.5277"
"19,25 : 0.6"
"25,19 : 0.6"
"19,26 : 0.4036"
"26,19 : 0.4036"
"19,27 : 0.2617"
"27,19 : 0.2617"
"19,28 : 0.2385"
"28,19 : 0.2385"
"19,29 : 0.3905"
"29,19 : 0.3905"
"19,30 : 0.392"
"30,19 : 0.392"
"19,31 : 0.4904"
"31,19 : 0.4904"
"19,32 : 0.247"
"32,19 : 0.247"
"19,33 : 0.6586"
"33,19 : 0.6586"
"19,34 : 0.6084"
"34,19 : 0.6084"
"19,35 : 0.3324"
"35,19 : 0.3324"
"19,36 : 0.2476"
"36,19 : 0.2476"
"19,37 : 0.4925"
"37,19 : 0.4925"
"19,38 : 0.4604"
"38,19 : 0.4604"
"19,39 : 0.3138"
"39,19 : 0.3138"
"19,40 : 0.3551"
"40,19 : 0.3551"
"19,41 : 0.464"
"41,19 : 0.464"
"19,42 : 0.377"
"42,19 : 0.377"
"19,43 : 0.2731"
"43,19 : 0.2731"
"19,44 : 0.2625"
"44,19 : 0.2625"
"19,45 : 0.51"
"45,19 : 0.51"
"19,46 : 0.7481"
"46,19 : 0.7481"
"19,47 : 0.4366"
"47,19 : 0.4366"
"19,48 : 0.2502"
"48,19 : 0.2502"
"19,49 : 0.3342"
"49,19 : 0.3342"
"20,21 : 0.4045"
"21,20 : 0.4045"
"20,22 : 0.4492"
"22,20 : 0.4492"
"20,23 : 0.5148"
"23,20 : 0.5148"
"20,24 : 0.2844"
"24,20 : 0.2844"
"20,25 : 0.1703"
"25,20 : 0.1703"
"20,26 : 0.5292"
"26,20 : 0.5292"
"20,27 : 0.478"
"27,20 : 0.478"
"20,28 : 0.5174"
"28,20 : 0.5174"
"20,29 : 0.4924"
"29,20 : 0.4924"
"20,30 : 0.7816"
"30,20 : 0.7816"
"20,31 : 0.05"
"31,20 : 0.05"
"20,32 : 0.26"
"32,20 : 0.26"
"20,33 : 0.172"
"33,20 : 0.172"
"20,34 : 0.4571"
"34,20 : 0.4571"
"20,35 : 0.6748"
"35,20 : 0.6748"
"20,36 : 0.4763"
"36,20 : 0.4763"
"20,37 : 0.5161"
"37,20 : 0.5161"
"20,38 : 0.5248"
"38,20 : 0.5248"
"20,39 : 0.8208"
"39,20 : 0.8208"
"20,40 : 0.8587"
"40,20 : 0.8587"
"20,41 : 0.4805"
"41,20 : 0.4805"
"20,42 : 0.8215"
"42,20 : 0.8215"
"20,43 : 0.372"
"43,20 : 0.372"
"20,44 : 0.7606"
"44,20 : 0.7606"
"20,45 : 0.3471"
"45,20 : 0.3471"
"20,46 : 0.2955"
"46,20 : 0.2955"
"20,47 : 0.8628"
"47,20 : 0.8628"
"20,48 : 0.6366"
"48,20 : 0.6366"
"20,49 : 0.2693"
"49,20 : 0.2693"
"21,22 : 0.0762"
"22,21 : 0.0762"
"21,23 : 0.558"
"23,21 : 0.558"
"21,24 : 0.5009"
"24,21 : 0.5009"
"21,25 : 0.4701"
"25,21 : 0.4701"
"21,26 : 0.4742"
"26,21 : 0.4742"
"21,27 : 0.3384"
"27,21 : 0.3384"
"21,28 : 0.3354"
"28,21 : 0.3354"
"21,29 : 0.2648"
"29,21 : 0.2648"
"21,30 : 0.3956"
"30,21 : 0.3956"
"21,31 : 0.4001"
"31,21 : 0.4001"
"21,32 : 0.1649"
"32,21 : 0.1649"
"21,33 : 0.5385"
"33,21 : 0.5385"
"21,34 : 0.6185"
"34,21 : 0.6185"
"21,35 : 0.461"
"35,21 : 0.461"
"21,36 : 0.3257"
"36,21 : 0.3257"
"21,37 : 0.3606"
"37,21 : 0.3606"
"21,38 : 0.3338"
"38,21 : 0.3338"
"21,39 : 0.4383"
"39,21 : 0.4383"
"21,40 : 0.4892"
"40,21 : 0.4892"
"21,41 : 0.508"
"41,21 : 0.508"
"21,42 : 0.4201"
"42,21 : 0.4201"
"21,43 : 0.3"
"43,21 : 0.3"
"21,44 : 0.4036"
"44,21 : 0.4036"
"21,45 : 0.3624"
"45,21 : 0.3624"
"21,46 : 0.6159"
"46,21 : 0.6159"
"21,47 : 0.5831"
"47,21 : 0.5831"
"21,48 : 0.3847"
"48,21 : 0.3847"
"21,49 : 0.191"
"49,21 : 0.191"
"22,23 : 0.5235"
"23,22 : 0.5235"
"22,24 : 0.5029"
"24,22 : 0.5029"
"22,25 : 0.5325"
"25,22 : 0.5325"
"22,26 : 0.4272"
"26,22 : 0.4272"
"22,27 : 0.2865"
"27,22 : 0.2865"
"22,28 : 0.2751"
"28,22 : 0.2751"
"22,29 : 0.3306"
"29,22 : 0.3306"
"22,30 : 0.3936"
"30,22 : 0.3936"
"22,31 : 0.4374"
"31,22 : 0.4374"
"22,32 : 0.1924"
"32,22 : 0.1924"
"22,33 : 0.5948"
"33,22 : 0.5948"
"22,34 : 0.6021"
"34,22 : 0.6021"
"22,35 : 0.39"
"35,22 : 0.39"
"22,36 : 0.2729"
"36,22 : 0.2729"
"22,37 : 0.4301"
"37,22 : 0.4301"
"22,38 : 0.4005"
"38,22 : 0.4005"
"22,39 : 0.3759"
"39,22 : 0.3759"
"22,40 : 0.422"
"40,22 : 0.422"
"22,41 : 0.4738"
"41,22 : 0.4738"
"22,42 : 0.3981"
"42,22 : 0.3981"
"22,43 : 0.2702"
"43,22 : 0.2702"
"22,44 : 0.3324"
"44,22 : 0.3324"
"22,45 : 0.4383"
"45,22 : 0.4383"
"22,46 : 0.6801"
"46,22 : 0.6801"
"22,47 : 0.507"
"47,22 : 0.507"
"22,48 : 0.3114"
"48,22 : 0.3114"
"22,49 : 0.2625"
"49,22 : 0.2625"
"23,24 : 0.2594"
"24,23 : 0.2594"
"23,25 : 0.6847"
"25,23 : 0.6847"
"23,26 : 0.1315"
"26,23 : 0.1315"
"23,27 : 0.2555"
"27,23 : 0.2555"
"23,28 : 0.2955"
"28,23 : 0.2955"
"23,29 : 0.8053"
"29,23 : 0.8053"
"23,30 : 0.9043"
"30,23 : 0.9043"
"23,31 : 0.4653"
"31,23 : 0.4653"
"23,32 : 0.4438"
"32,23 : 0.4438"
"23,33 : 0.6719"
"33,23 : 0.6719"
"23,34 : 0.1616"
"34,23 : 0.1616"
"23,35 : 0.3601"
"35,23 : 0.3601"
"23,36 : 0.2693"
"36,23 : 0.2693"
"23,37 : 0.8824"
"37,23 : 0.8824"
"23,38 : 0.8676"
"38,23 : 0.8676"
"23,39 : 0.7184"
"39,23 : 0.7184"
"23,40 : 0.712"
"40,23 : 0.712"
"23,41 : 0.05"
"41,23 : 0.05"
"23,42 : 0.8798"
"42,23 : 0.8798"
"23,43 : 0.2581"
"43,23 : 0.2581"
"23,44 : 0.6185"
"44,23 : 0.6185"
"23,45 : 0.7864"
"45,23 : 0.7864"
"23,46 : 0.8028"
"46,23 : 0.8028"
"23,47 : 0.5573"
"47,23 : 0.5573"
"23,48 : 0.3962"
"48,23 : 0.3962"
"23,49 : 0.6103"
"49,23 : 0.6103"
"24,25 : 0.4518"
"25,24 : 0.4518"
"24,26 : 0.3265"
"26,24 : 0.3265"
"24,27 : 0.3544"
"27,24 : 0.3544"
"24,28 : 0.4052"
"28,24 : 0.4052"
"24,29 : 0.6931"
"29,24 : 0.6931"
"24,30 : 0.8932"
"30,24 : 0.8932"
"24,31 : 0.2354"
"31,24 : 0.2354"
"24,32 : 0.3413"
"32,24 : 0.3413"
"24,33 : 0.423"
"33,24 : 0.423"
"24,34 : 0.1726"
"34,24 : 0.1726"
"24,35 : 0.5367"
"35,24 : 0.5367"
"24,36 : 0.3614"
"36,24 : 0.3614"
"24,37 : 0.7465"
"37,24 : 0.7465"
"24,38 : 0.7433"
"38,24 : 0.7433"
"24,39 : 0.8106"
"39,24 : 0.8106"
"24,40 : 0.8261"
"40,24 : 0.8261"
"24,41 : 0.2421"
"41,24 : 0.2421"
"24,42 : 0.8999"
"42,24 : 0.8999"
"24,43 : 0.2707"
"43,24 : 0.2707"
"24,44 : 0.7244"
"44,24 : 0.7244"
"24,45 : 0.6083"
"45,24 : 0.6083"
"24,46 : 0.5544"
"46,24 : 0.5544"
"24,47 : 0.7425"
"47,24 : 0.7425"
"24,48 : 0.5345"
"48,24 : 0.5345"
"24,49 : 0.4675"
"49,24 : 0.4675"
"25,26 : 0.6926"
"26,25 : 0.6926"
"25,27 : 0.6265"
"27,25 : 0.6265"
"25,28 : 0.6604"
"28,25 : 0.6604"
"25,29 : 0.461"
"29,25 : 0.461"
"25,30 : 0.7991"
"30,25 : 0.7991"
"25,31 : 0.2202"
"31,25 : 0.2202"
"25,32 : 0.368"
"32,25 : 0.368"
"25,33 : 0.0949"
"33,25 : 0.0949"
"25,34 : 0.6239"
"34,25 : 0.6239"
"25,35 : 0.8184"
"35,25 : 0.8184"
"25,36 : 0.6227"
"36,25 : 0.6227"
"25,37 : 0.4492"
"37,25 : 0.4492"
"25,38 : 0.4707"
"38,25 : 0.4707"
"25,39 : 0.9074"
"39,25 : 0.9074"
"25,40 : 0.9544"
"40,25 : 0.9544"
"25,41 : 0.6494"
"41,25 : 0.6494"
"25,42 : 0.8587"
"42,25 : 0.8587"
"25,43 : 0.5233"
"43,25 : 0.5233"
"25,44 : 0.8621"
"44,25 : 0.8621"
"25,45 : 0.2563"
"45,25 : 0.2563"
"25,46 : 0.1487"
"46,25 : 0.1487"
"25,47 : 0.9949"
"47,25 : 0.9949"
"25,48 : 0.7701"
"48,25 : 0.7701"
"25,49 : 0.2879"
"49,25 : 0.2879"
"26,27 : 0.1421"
"27,26 : 0.1421"
"26,28 : 0.172"
"28,26 : 0.172"
"26,29 : 0.7339"
"29,26 : 0.7339"
"26,30 : 0.7925"
"30,26 : 0.7925"
"26,31 : 0.4833"
"31,26 : 0.4833"
"26,32 : 0.392"
"32,26 : 0.392"
"26,33 : 0.6978"
"33,26 : 0.6978"
"26,34 : 0.2828"
"34,26 : 0.2828"
"26,35 : 0.2319"
"35,26 : 0.2319"
"26,36 : 0.1562"
"36,26 : 0.1562"
"26,37 : 0.8201"
"37,26 : 0.8201"
"26,38 : 0.8001"
"38,26 : 0.8001"
"26,39 : 0.5882"
"39,26 : 0.5882"
"26,40 : 0.5805"
"40,26 : 0.5805"
"26,41 : 0.102"
"41,26 : 0.102"
"26,42 : 0.7603"
"42,26 : 0.7603"
"26,43 : 0.191"
"43,26 : 0.191"
"26,44 : 0.4876"
"44,26 : 0.4876"
"26,45 : 0.7506"
"45,26 : 0.7506"
"26,46 : 0.8246"
"46,26 : 0.8246"
"26,47 : 0.4342"
"47,26 : 0.4342"
"26,48 : 0.2648"
"48,26 : 0.2648"
"26,49 : 0.5632"
"49,26 : 0.5632"
"27,28 : 0.051"
"28,27 : 0.051"
"27,29 : 0.6017"
"29,27 : 0.6017"
"27,30 : 0.6519"
"30,27 : 0.6519"
"27,31 : 0.4393"
"31,27 : 0.4393"
"27,32 : 0.2844"
"32,27 : 0.2844"
"27,33 : 0.65"
"33,27 : 0.65"
"27,34 : 0.3766"
"34,27 : 0.3766"
"27,35 : 0.198"
"35,27 : 0.198"
"27,36 : 0.0141"
"36,27 : 0.0141"
"27,37 : 0.6923"
"37,27 : 0.6923"
"27,38 : 0.6694"
"38,27 : 0.6694"
"27,39 : 0.4752"
"39,27 : 0.4752"
"27,40 : 0.48"
"40,27 : 0.48"
"27,41 : 0.2102"
"41,27 : 0.2102"
"27,42 : 0.6243"
"42,27 : 0.6243"
"27,43 : 0.1063"
"43,27 : 0.1063"
"27,44 : 0.3805"
"44,27 : 0.3805"
"27,45 : 0.6428"
"45,27 : 0.6428"
"27,46 : 0.7685"
"46,27 : 0.7685"
"27,47 : 0.3966"
"47,27 : 0.3966"
"27,48 : 0.1803"
"48,27 : 0.1803"
"27,49 : 0.451"
"49,27 : 0.451"
"28,29 : 0.6002"
"29,28 : 0.6002"
"28,30 : 0.6223"
"30,28 : 0.6223"
"28,31 : 0.4808"
"31,28 : 0.4808"
"28,32 : 0.3068"
"32,28 : 0.3068"
"28,33 : 0.6888"
"33,28 : 0.6888"
"28,34 : 0.4243"
"34,28 : 0.4243"
"28,35 : 0.1581"
"35,28 : 0.1581"
"28,36 : 0.0447"
"36,28 : 0.0447"
"28,37 : 0.6946"
"37,28 : 0.6946"
"28,38 : 0.6691"
"38,28 : 0.6691"
"28,39 : 0.4276"
"39,28 : 0.4276"
"28,40 : 0.4301"
"40,28 : 0.4301"
"28,41 : 0.253"
"41,28 : 0.253"
"28,42 : 0.5882"
"42,28 : 0.5882"
"28,43 : 0.15"
"43,28 : 0.15"
"28,44 : 0.3314"
"44,28 : 0.3314"
"28,45 : 0.6592"
"45,28 : 0.6592"
"28,46 : 0.8045"
"46,28 : 0.8045"
"28,47 : 0.35"
"47,28 : 0.35"
"28,48 : 0.13"
"48,28 : 0.13"
"28,49 : 0.4669"
"49,28 : 0.4669"
"29,30 : 0.3625"
"30,29 : 0.3625"
"29,31 : 0.5148"
"31,29 : 0.5148"
"29,32 : 0.3662"
"32,29 : 0.3662"
"29,33 : 0.5533"
"33,29 : 0.5533"
"29,34 : 0.8387"
"34,29 : 0.8387"
"29,35 : 0.7203"
"35,29 : 0.7203"
"29,36 : 0.5894"
"36,29 : 0.5894"
"29,37 : 0.1044"
"37,29 : 0.1044"
"29,38 : 0.07"
"38,29 : 0.07"
"29,39 : 0.5968"
"39,29 : 0.5968"
"29,40 : 0.6624"
"40,29 : 0.6624"
"29,41 : 0.7559"
"41,29 : 0.7559"
"29,42 : 0.4465"
"42,29 : 0.4465"
"29,43 : 0.5504"
"43,29 : 0.5504"
"29,44 : 0.6017"
"44,29 : 0.6017"
"29,45 : 0.228"
"45,29 : 0.228"
"29,46 : 0.5743"
"46,29 : 0.5743"
"29,47 : 0.8179"
"47,29 : 0.8179"
"29,48 : 0.6401"
"48,29 : 0.6401"
"29,49 : 0.2302"
"49,29 : 0.2302"
"30,31 : 0.7864"
"31,30 : 0.7864"
"30,32 : 0.5604"
"32,30 : 0.5604"
"30,33 : 0.8846"
"33,30 : 0.8846"
"30,34 : 0.9948"
"34,30 : 0.9948"
"30,35 : 0.6689"
"35,30 : 0.6689"
"30,36 : 0.6378"
"36,30 : 0.6378"
"30,37 : 0.4383"
"37,30 : 0.4383"
"30,38 : 0.3966"
"38,30 : 0.3966"
"30,39 : 0.3606"
"39,30 : 0.3606"
"30,40 : 0.4301"
"40,30 : 0.4301"
"30,41 : 0.856"
"41,30 : 0.856"
"30,42 : 0.1077"
"42,30 : 0.1077"
"30,43 : 0.6604"
"43,30 : 0.6604"
"30,44 : 0.4245"
"44,30 : 0.4245"
"30,45 : 0.5887"
"45,30 : 0.5887"
"30,46 : 0.9265"
"46,30 : 0.9265"
"30,47 : 0.6694"
"47,30 : 0.6694"
"30,48 : 0.5852"
"48,30 : 0.5852"
"30,49 : 0.5204"
"49,30 : 0.5204"
"31,32 : 0.2452"
"32,31 : 0.2452"
"31,33 : 0.2147"
"33,31 : 0.2147"
"31,34 : 0.4079"
"34,31 : 0.4079"
"31,35 : 0.637"
"35,31 : 0.637"
"31,36 : 0.4386"
"36,31 : 0.4386"
"31,37 : 0.5467"
"37,31 : 0.5467"
"31,38 : 0.5522"
"38,31 : 0.5522"
"31,39 : 0.8032"
"39,31 : 0.8032"
"31,40 : 0.8377"
"40,31 : 0.8377"
"31,41 : 0.4317"
"41,31 : 0.4317"
"31,42 : 0.82"
"42,31 : 0.82"
"31,43 : 0.333"
"43,31 : 0.333"
"31,44 : 0.7382"
"44,31 : 0.7382"
"31,45 : 0.386"
"45,31 : 0.386"
"31,46 : 0.3418"
"46,31 : 0.3418"
"31,47 : 0.8288"
"47,31 : 0.8288"
"31,48 : 0.6031"
"48,31 : 0.6031"
"31,49 : 0.2864"
"49,31 : 0.2864"
"32,33 : 0.4162"
"33,32 : 0.4162"
"32,34 : 0.4742"
"34,32 : 0.4742"
"32,35 : 0.461"
"35,32 : 0.461"
"32,36 : 0.2766"
"36,32 : 0.2766"
"32,37 : 0.4386"
"37,32 : 0.4386"
"32,38 : 0.4254"
"38,32 : 0.4254"
"32,39 : 0.5608"
"39,32 : 0.5608"
"32,40 : 0.5994"
"40,32 : 0.5994"
"32,41 : 0.3956"
"41,32 : 0.3956"
"32,42 : 0.5822"
"42,32 : 0.5822"
"32,43 : 0.201"
"43,32 : 0.201"
"32,44 : 0.5025"
"44,32 : 0.5025"
"32,45 : 0.3601"
"45,32 : 0.3601"
"32,46 : 0.5162"
"46,32 : 0.5162"
"32,47 : 0.628"
"47,32 : 0.628"
"32,48 : 0.405"
"48,32 : 0.405"
"32,49 : 0.1712"
"49,32 : 0.1712"
"33,34 : 0.5903"
"34,33 : 0.5903"
"33,35 : 0.8465"
"35,33 : 0.8465"
"33,36 : 0.6482"
"36,33 : 0.6482"
"33,37 : 0.5441"
"37,33 : 0.5441"
"33,38 : 0.5652"
"38,33 : 0.5652"
"33,39 : 0.9706"
"39,33 : 0.9706"
"33,40 : 1.0136"
"40,33 : 1.0136"
"33,41 : 0.642"
"41,33 : 0.642"
"33,42 : 0.9394"
"42,33 : 0.9394"
"33,43 : 0.5441"
"43,33 : 0.5441"
"33,44 : 0.9181"
"44,33 : 0.9181"
"33,45 : 0.3511"
"45,33 : 0.3511"
"33,46 : 0.1315"
"46,33 : 0.1315"
"33,47 : 1.0325"
"47,33 : 1.0325"
"33,48 : 0.8062"
"48,33 : 0.8062"
"33,49 : 0.3667"
"49,33 : 0.3667"
"34,35 : 0.5148"
"35,34 : 0.5148"
"34,36 : 0.3883"
"36,34 : 0.3883"
"34,37 : 0.9014"
"37,34 : 0.9014"
"34,38 : 0.894"
"38,34 : 0.894"
"34,39 : 0.8516"
"39,34 : 0.8516"
"34,40 : 0.8529"
"40,34 : 0.8529"
"34,41 : 0.1811"
"41,34 : 0.1811"
"34,42 : 0.9849"
"42,34 : 0.9849"
"34,43 : 0.3354"
"43,34 : 0.3354"
"34,44 : 0.7554"
"44,34 : 0.7554"
"34,45 : 0.7747"
"45,34 : 0.7747"
"34,46 : 0.7211"
"46,34 : 0.7211"
"34,47 : 0.7159"
"47,34 : 0.7159"
"34,48 : 0.5401"
"48,34 : 0.5401"
"34,49 : 0.6213"
"49,34 : 0.6213"
"35,36 : 0.1985"
"36,35 : 0.1985"
"35,37 : 0.8201"
"37,35 : 0.8201"
"35,38 : 0.7903"
"38,35 : 0.7903"
"35,39 : 0.3912"
"39,35 : 0.3912"
"35,40 : 0.3677"
"40,35 : 0.3677"
"35,41 : 0.3338"
"41,35 : 0.3338"
"35,42 : 0.6107"
"42,35 : 0.6107"
"35,43 : 0.3041"
"43,35 : 0.3041"
"35,44 : 0.2884"
"44,35 : 0.2884"
"35,45 : 0.8052"
"45,35 : 0.8052"
"35,46 : 0.9626"
"46,35 : 0.9626"
"35,47 : 0.2062"
"47,35 : 0.2062"
"35,48 : 0.0854"
"48,35 : 0.0854"
"35,49 : 0.614"
"49,35 : 0.614"
"36,37 : 0.6807"
"37,36 : 0.6807"
"36,38 : 0.6573"
"38,36 : 0.6573"
"36,39 : 0.4639"
"39,36 : 0.4639"
"36,40 : 0.4701"
"40,36 : 0.4701"
"36,41 : 0.2236"
"41,36 : 0.2236"
"36,42 : 0.6106"
"42,36 : 0.6106"
"36,43 : 0.1063"
"43,36 : 0.1063"
"36,44 : 0.3701"
"44,36 : 0.3701"
"36,45 : 0.6339"
"45,36 : 0.6339"
"36,46 : 0.7655"
"46,36 : 0.7655"
"36,47 : 0.3941"
"47,36 : 0.3941"
"36,48 : 0.1746"
"48,36 : 0.1746"
"36,49 : 0.4418"
"49,36 : 0.4418"
"37,38 : 0.0424"
"38,37 : 0.0424"
"37,39 : 0.6984"
"39,37 : 0.6984"
"37,40 : 0.7648"
"40,37 : 0.7648"
"37,41 : 0.8338"
"41,37 : 0.8338"
"37,42 : 0.5315"
"42,37 : 0.5315"
"37,43 : 0.6325"
"43,37 : 0.6325"
"37,44 : 0.7058"
"44,37 : 0.7058"
"37,45 : 0.1942"
"45,37 : 0.1942"
"37,46 : 0.5408"
"46,37 : 0.5408"
"37,47 : 0.922"
"47,37 : 0.922"
"37,48 : 0.7411"
"48,37 : 0.7411"
"37,49 : 0.2802"
"49,37 : 0.2802"
"38,39 : 0.6576"
"39,38 : 0.6576"
"38,40 : 0.7245"
"40,38 : 0.7245"
"38,41 : 0.8186"
"41,38 : 0.8186"
"38,42 : 0.4892"
"42,38 : 0.4892"
"38,43 : 0.6147"
"43,38 : 0.6147"
"38,44 : 0.6673"
"44,38 : 0.6673"
"38,45 : 0.2202"
"45,38 : 0.2202"
"38,46 : 0.57"
"46,38 : 0.57"
"38,47 : 0.8865"
"47,38 : 0.8865"
"38,48 : 0.7101"
"48,38 : 0.7101"
"38,49 : 0.2759"
"49,38 : 0.2759"
"39,40 : 0.0707"
"40,39 : 0.0707"
"39,41 : 0.6791"
"41,39 : 0.6791"
"39,42 : 0.2668"
"42,39 : 0.2668"
"39,43 : 0.5401"
"43,39 : 0.5401"
"39,44 : 0.103"
"44,39 : 0.103"
"39,45 : 0.7783"
"45,39 : 0.7783"
"39,46 : 1.0539"
"46,39 : 1.0539"
"39,47 : 0.322"
"47,39 : 0.322"
"39,48 : 0.327"
"48,39 : 0.327"
"39,49 : 0.628"
"49,39 : 0.628"
"40,41 : 0.676"
"41,40 : 0.676"
"40,42 : 0.3338"
"42,40 : 0.3338"
"40,43 : 0.5558"
"43,40 : 0.5558"
"40,44 : 0.102"
"44,40 : 0.102"
"40,45 : 0.8374"
"45,40 : 0.8374"
"40,46 : 1.1021"
"46,40 : 1.1021"
"40,47 : 0.2663"
"47,40 : 0.2663"
"40,48 : 0.3158"
"48,40 : 0.3158"
"40,49 : 0.6801"
"49,40 : 0.6801"
"41,42 : 0.8335"
"42,41 : 0.8335"
"41,43 : 0.2081"
"43,41 : 0.2081"
"41,44 : 0.5805"
"44,41 : 0.5805"
"41,45 : 0.7415"
"45,41 : 0.7415"
"41,46 : 0.772"
"46,41 : 0.772"
"41,47 : 0.536"
"47,41 : 0.536"
"41,48 : 0.3612"
"48,41 : 0.3612"
"41,49 : 0.5632"
"49,41 : 0.5632"
"42,43 : 0.65"
"43,42 : 0.65"
"42,44 : 0.3444"
"44,42 : 0.3444"
"42,45 : 0.6665"
"45,42 : 0.6665"
"42,46 : 0.993"
"46,42 : 0.993"
"42,47 : 0.5852"
"47,42 : 0.5852"
"42,48 : 0.5308"
"48,42 : 0.5308"
"42,49 : 0.5727"
"49,42 : 0.5727"
