x,y
0.33,0.43
0.84,0.26
0.72,0.81
0.45,0.85
0.88,0.59
0.25,0.45
0.73,0.59
0.87,0.34
0.92,0.22
0.45,0.46
0.64,0.67
0.34,0.59
0.4,0.71
0.15,0.12
0.27,0.93
0.33,0.05
0.05,0.56
0.2,0.62
0.75,0.18
0.5,0.58
0.44,0.97
0.98,0.06
0.82,0.14
0.21,0.5
0.37,0.02
0.44,0.05
0.18,0.25
0.82,0.35
0.73,0.07
0.99,0.2
0.43,0.36
0.14,0.54
0.38,0.42
0.89,0.41
0.44,0.97
0.88,0.07
0.16,0.15
0.4,0.14
0.15,0.3
0.7,0.37
0.5,0.38
0.67,0.64
0.43,0.64
0.64,0.52
0.99,0.33
0.1,0.38
0.06,0.87
0.4,0.57
0.01,0.69
0.64,0.06

Distanze
"0,1 : 0.5376"
"1,0 : 0.5376"
"0,2 : 0.5445"
"2,0 : 0.5445"
"0,3 : 0.4368"
"3,0 : 0.4368"
"0,4 : 0.5728"
"4,0 : 0.5728"
"0,5 : 0.0825"
"5,0 : 0.0825"
"0,6 : 0.4308"
"6,0 : 0.4308"
"0,7 : 0.5474"
"7,0 : 0.5474"
"0,8 : 0.6263"
"8,0 : 0.6263"
"0,9 : 0.1237"
"9,0 : 0.1237"
"0,10 : 0.392"
"10,0 : 0.392"
"0,11 : 0.1603"
"11,0 : 0.1603"
"0,12 : 0.2886"
"12,0 : 0.2886"
"0,13 : 0.3585"
"13,0 : 0.3585"
"0,14 : 0.5036"
"14,0 : 0.5036"
"0,15 : 0.38"
"15,0 : 0.38"
"0,16 : 0.3087"
"16,0 : 0.3087"
"0,17 : 0.2302"
"17,0 : 0.2302"
"0,18 : 0.4888"
"18,0 : 0.4888"
"0,19 : 0.2267"
"19,0 : 0.2267"
"0,20 : 0.5511"
"20,0 : 0.5511"
"0,21 : 0.7479"
"21,0 : 0.7479"
"0,22 : 0.5694"
"22,0 : 0.5694"
"0,23 : 0.1389"
"23,0 : 0.1389"
"0,24 : 0.4119"
"24,0 : 0.4119"
"0,25 : 0.3956"
"25,0 : 0.3956"
"0,26 : 0.2343"
"26,0 : 0.2343"
"0,27 : 0.4965"
"27,0 : 0.4965"
"0,28 : 0.5381"
"28,0 : 0.5381"
"0,29 : 0.6989"
"29,0 : 0.6989"
"0,30 : 0.1221"
"30,0 : 0.1221"
"0,31 : 0.2195"
"31,0 : 0.2195"
"0,32 : 0.051"
"32,0 : 0.051"
"0,33 : 0.5604"
"33,0 : 0.5604"
"0,34 : 0.5511"
"34,0 : 0.5511"
"0,35 : 0.6573"
"35,0 : 0.6573"
"0,36 : 0.3276"
"36,0 : 0.3276"
"0,37 : 0.2983"
"37,0 : 0.2983"
"0,38 : 0.222"
"38,0 : 0.222"
"0,39 : 0.3748"
"39,0 : 0.3748"
"0,40 : 0.1772"
"40,0 : 0.1772"
"0,41 : 0.3996"
"41,0 : 0.3996"
"0,42 : 0.2326"
"42,0 : 0.2326"
"0,43 : 0.3228"
"43,0 : 0.3228"
"0,44 : 0.6675"
"44,0 : 0.6675"
"0,45 : 0.2354"
"45,0 : 0.2354"
"0,46 : 0.5162"
"46,0 : 0.5162"
"0,47 : 0.1565"
"47,0 : 0.1565"
"0,48 : 0.4123"
"48,0 : 0.4123"
"0,49 : 0.4827"
"49,0 : 0.4827"
"1,2 : 0.5629"
"2,1 : 0.5629"
"1,3 : 0.7072"
"3,1 : 0.7072"
"1,4 : 0.3324"
"4,1 : 0.3324"
"1,5 : 0.6198"
"5,1 : 0.6198"
"1,6 : 0.3479"
"6,1 : 0.3479"
"1,7 : 0.0854"
"7,1 : 0.0854"
"1,8 : 0.0894"
"8,1 : 0.0894"
"1,9 : 0.4383"
"9,1 : 0.4383"
"1,10 : 0.4562"
"10,1 : 0.4562"
"1,11 : 0.5991"
"11,1 : 0.5991"
"1,12 : 0.6294"
"12,1 : 0.6294"
"1,13 : 0.7041"
"13,1 : 0.7041"
"1,14 : 0.8797"
"14,1 : 0.8797"
"1,15 : 0.5515"
"15,1 : 0.5515"
"1,16 : 0.845"
"16,1 : 0.845"
"1,17 : 0.7343"
"17,1 : 0.7343"
"1,18 : 0.1204"
"18,1 : 0.1204"
"1,19 : 0.4669"
"19,1 : 0.4669"
"1,20 : 0.8149"
"20,1 : 0.8149"
"1,21 : 0.2441"
"21,1 : 0.2441"
"1,22 : 0.1217"
"22,1 : 0.1217"
"1,23 : 0.6742"
"23,1 : 0.6742"
"1,24 : 0.5277"
"24,1 : 0.5277"
"1,25 : 0.4518"
"25,1 : 0.4518"
"1,26 : 0.6601"
"26,1 : 0.6601"
"1,27 : 0.0922"
"27,1 : 0.0922"
"1,28 : 0.2195"
"28,1 : 0.2195"
"1,29 : 0.1616"
"29,1 : 0.1616"
"1,30 : 0.422"
"30,1 : 0.422"
"1,31 : 0.7539"
"31,1 : 0.7539"
"1,32 : 0.487"
"32,1 : 0.487"
"1,33 : 0.1581"
"33,1 : 0.1581"
"1,34 : 0.8149"
"34,1 : 0.8149"
"1,35 : 0.1942"
"35,1 : 0.1942"
"1,36 : 0.6888"
"36,1 : 0.6888"
"1,37 : 0.4561"
"37,1 : 0.4561"
"1,38 : 0.6912"
"38,1 : 0.6912"
"1,39 : 0.178"
"39,1 : 0.178"
"1,40 : 0.3606"
"40,1 : 0.3606"
"1,41 : 0.4163"
"41,1 : 0.4163"
"1,42 : 0.559"
"42,1 : 0.559"
"1,43 : 0.328"
"43,1 : 0.328"
"1,44 : 0.1655"
"44,1 : 0.1655"
"1,45 : 0.7497"
"45,1 : 0.7497"
"1,46 : 0.9902"
"46,1 : 0.9902"
"1,47 : 0.5382"
"47,1 : 0.5382"
"1,48 : 0.9348"
"48,1 : 0.9348"
"1,49 : 0.2828"
"49,1 : 0.2828"
"2,3 : 0.2729"
"3,2 : 0.2729"
"2,4 : 0.272"
"4,2 : 0.272"
"2,5 : 0.592"
"5,2 : 0.592"
"2,6 : 0.2202"
"6,2 : 0.2202"
"2,7 : 0.4934"
"7,2 : 0.4934"
"2,8 : 0.623"
"8,2 : 0.623"
"2,9 : 0.442"
"9,2 : 0.442"
"2,10 : 0.1612"
"10,2 : 0.1612"
"2,11 : 0.4391"
"11,2 : 0.4391"
"2,12 : 0.3353"
"12,2 : 0.3353"
"2,13 : 0.895"
"13,2 : 0.895"
"2,14 : 0.4657"
"14,2 : 0.4657"
"2,15 : 0.8542"
"15,2 : 0.8542"
"2,16 : 0.7151"
"16,2 : 0.7151"
"2,17 : 0.5536"
"17,2 : 0.5536"
"2,18 : 0.6307"
"18,2 : 0.6307"
"2,19 : 0.3183"
"19,2 : 0.3183"
"2,20 : 0.3225"
"20,2 : 0.3225"
"2,21 : 0.7938"
"21,2 : 0.7938"
"2,22 : 0.6774"
"22,2 : 0.6774"
"2,23 : 0.5968"
"23,2 : 0.5968"
"2,24 : 0.8641"
"24,2 : 0.8641"
"2,25 : 0.8099"
"25,2 : 0.8099"
"2,26 : 0.7779"
"26,2 : 0.7779"
"2,27 : 0.4707"
"27,2 : 0.4707"
"2,28 : 0.7401"
"28,2 : 0.7401"
"2,29 : 0.6671"
"29,2 : 0.6671"
"2,30 : 0.5354"
"30,2 : 0.5354"
"2,31 : 0.6398"
"31,2 : 0.6398"
"2,32 : 0.5174"
"32,2 : 0.5174"
"2,33 : 0.4346"
"33,2 : 0.4346"
"2,34 : 0.3225"
"34,2 : 0.3225"
"2,35 : 0.7571"
"35,2 : 0.7571"
"2,36 : 0.8656"
"36,2 : 0.8656"
"2,37 : 0.7425"
"37,2 : 0.7425"
"2,38 : 0.7649"
"38,2 : 0.7649"
"2,39 : 0.4405"
"39,2 : 0.4405"
"2,40 : 0.483"
"40,2 : 0.483"
"2,41 : 0.1772"
"41,2 : 0.1772"
"2,42 : 0.3362"
"42,2 : 0.3362"
"2,43 : 0.3008"
"43,2 : 0.3008"
"2,44 : 0.5507"
"44,2 : 0.5507"
"2,45 : 0.7545"
"45,2 : 0.7545"
"2,46 : 0.6627"
"46,2 : 0.6627"
"2,47 : 0.4"
"47,2 : 0.4"
"2,48 : 0.7201"
"48,2 : 0.7201"
"2,49 : 0.7543"
"49,2 : 0.7543"
"3,4 : 0.5025"
"4,3 : 0.5025"
"3,5 : 0.4472"
"5,3 : 0.4472"
"3,6 : 0.3821"
"6,3 : 0.3821"
"3,7 : 0.6607"
"7,3 : 0.6607"
"3,8 : 0.786"
"8,3 : 0.786"
"3,9 : 0.39"
"9,3 : 0.39"
"3,10 : 0.2617"
"10,3 : 0.2617"
"3,11 : 0.2823"
"11,3 : 0.2823"
"3,12 : 0.1487"
"12,3 : 0.1487"
"3,13 : 0.7892"
"13,3 : 0.7892"
"3,14 : 0.197"
"14,3 : 0.197"
"3,15 : 0.8089"
"15,3 : 0.8089"
"3,16 : 0.4941"
"16,3 : 0.4941"
"3,17 : 0.3397"
"17,3 : 0.3397"
"3,18 : 0.7341"
"18,3 : 0.7341"
"3,19 : 0.2746"
"19,3 : 0.2746"
"3,20 : 0.1204"
"20,3 : 0.1204"
"3,21 : 0.9513"
"21,3 : 0.9513"
"3,22 : 0.8006"
"22,3 : 0.8006"
"3,23 : 0.4244"
"23,3 : 0.4244"
"3,24 : 0.8338"
"24,3 : 0.8338"
"3,25 : 0.8001"
"25,3 : 0.8001"
"3,26 : 0.658"
"26,3 : 0.658"
"3,27 : 0.622"
"27,3 : 0.622"
"3,28 : 0.8287"
"28,3 : 0.8287"
"3,29 : 0.845"
"29,3 : 0.845"
"3,30 : 0.4904"
"30,3 : 0.4904"
"3,31 : 0.4384"
"31,3 : 0.4384"
"3,32 : 0.4357"
"32,3 : 0.4357"
"3,33 : 0.6223"
"33,3 : 0.6223"
"3,34 : 0.1204"
"34,3 : 0.1204"
"3,35 : 0.8907"
"35,3 : 0.8907"
"3,36 : 0.7577"
"36,3 : 0.7577"
"3,37 : 0.7118"
"37,3 : 0.7118"
"3,38 : 0.6265"
"38,3 : 0.6265"
"3,39 : 0.5412"
"39,3 : 0.5412"
"3,40 : 0.4727"
"40,3 : 0.4727"
"3,41 : 0.3041"
"41,3 : 0.3041"
"3,42 : 0.211"
"42,3 : 0.211"
"3,43 : 0.3808"
"43,3 : 0.3808"
"3,44 : 0.7497"
"44,3 : 0.7497"
"3,45 : 0.586"
"45,3 : 0.586"
"3,46 : 0.3905"
"46,3 : 0.3905"
"3,47 : 0.2844"
"47,3 : 0.2844"
"3,48 : 0.4682"
"48,3 : 0.4682"
"3,49 : 0.8125"
"49,3 : 0.8125"
"4,5 : 0.6454"
"5,4 : 0.6454"
"4,6 : 0.15"
"6,4 : 0.15"
"4,7 : 0.2502"
"7,4 : 0.2502"
"4,8 : 0.3722"
"8,4 : 0.3722"
"4,9 : 0.4492"
"9,4 : 0.4492"
"4,10 : 0.253"
"10,4 : 0.253"
"4,11 : 0.54"
"11,4 : 0.54"
"4,12 : 0.4948"
"12,4 : 0.4948"
"4,13 : 0.8682"
"13,4 : 0.8682"
"4,14 : 0.6984"
"14,4 : 0.6984"
"4,15 : 0.7708"
"15,4 : 0.7708"
"4,16 : 0.8305"
"16,4 : 0.8305"
"4,17 : 0.6807"
"17,4 : 0.6807"
"4,18 : 0.4301"
"18,4 : 0.4301"
"4,19 : 0.3801"
"19,4 : 0.3801"
"4,20 : 0.5814"
"20,4 : 0.5814"
"4,21 : 0.5394"
"21,4 : 0.5394"
"4,22 : 0.454"
"22,4 : 0.454"
"4,23 : 0.676"
"23,4 : 0.676"
"4,24 : 0.7649"
"24,4 : 0.7649"
"4,25 : 0.6966"
"25,4 : 0.6966"
"4,26 : 0.7782"
"26,4 : 0.7782"
"4,27 : 0.2474"
"27,4 : 0.2474"
"4,28 : 0.5412"
"28,4 : 0.5412"
"4,29 : 0.4052"
"29,4 : 0.4052"
"4,30 : 0.5054"
"30,4 : 0.5054"
"4,31 : 0.7417"
"31,4 : 0.7417"
"4,32 : 0.5281"
"32,4 : 0.5281"
"4,33 : 0.1803"
"33,4 : 0.1803"
"4,34 : 0.5814"
"34,4 : 0.5814"
"4,35 : 0.52"
"35,4 : 0.52"
"4,36 : 0.8438"
"36,4 : 0.8438"
"4,37 : 0.658"
"37,4 : 0.658"
"4,38 : 0.7855"
"38,4 : 0.7855"
"4,39 : 0.2843"
"39,4 : 0.2843"
"4,40 : 0.4342"
"40,4 : 0.4342"
"4,41 : 0.2159"
"41,4 : 0.2159"
"4,42 : 0.4528"
"42,4 : 0.4528"
"4,43 : 0.25"
"43,4 : 0.25"
"4,44 : 0.2823"
"44,4 : 0.2823"
"4,45 : 0.8078"
"45,4 : 0.8078"
"4,46 : 0.8665"
"46,4 : 0.8665"
"4,47 : 0.4804"
"47,4 : 0.4804"
"4,48 : 0.8757"
"48,4 : 0.8757"
"4,49 : 0.5818"
"49,4 : 0.5818"
"5,6 : 0.5"
"6,5 : 0.5"
"5,7 : 0.6297"
"7,5 : 0.6297"
"5,8 : 0.7084"
"8,5 : 0.7084"
"5,9 : 0.2002"
"9,5 : 0.2002"
"5,10 : 0.4478"
"10,5 : 0.4478"
"5,11 : 0.1664"
"11,5 : 0.1664"
"5,12 : 0.3002"
"12,5 : 0.3002"
"5,13 : 0.3448"
"13,5 : 0.3448"
"5,14 : 0.4804"
"14,5 : 0.4804"
"5,15 : 0.4079"
"15,5 : 0.4079"
"5,16 : 0.2283"
"16,5 : 0.2283"
"5,17 : 0.1772"
"17,5 : 0.1772"
"5,18 : 0.5682"
"18,5 : 0.5682"
"5,19 : 0.2818"
"19,5 : 0.2818"
"5,20 : 0.5536"
"20,5 : 0.5536"
"5,21 : 0.8276"
"21,5 : 0.8276"
"5,22 : 0.6488"
"22,5 : 0.6488"
"5,23 : 0.064"
"23,5 : 0.064"
"5,24 : 0.4464"
"24,5 : 0.4464"
"5,25 : 0.4428"
"25,5 : 0.4428"
"5,26 : 0.2119"
"26,5 : 0.2119"
"5,27 : 0.5787"
"27,5 : 0.5787"
"5,28 : 0.6122"
"28,5 : 0.6122"
"5,29 : 0.7811"
"29,5 : 0.7811"
"5,30 : 0.2012"
"30,5 : 0.2012"
"5,31 : 0.1421"
"31,5 : 0.1421"
"5,32 : 0.1334"
"32,5 : 0.1334"
"5,33 : 0.6412"
"33,5 : 0.6412"
"5,34 : 0.5536"
"34,5 : 0.5536"
"5,35 : 0.7357"
"35,5 : 0.7357"
"5,36 : 0.3132"
"36,5 : 0.3132"
"5,37 : 0.3444"
"37,5 : 0.3444"
"5,38 : 0.1803"
"38,5 : 0.1803"
"5,39 : 0.4571"
"39,5 : 0.4571"
"5,40 : 0.2596"
"40,5 : 0.2596"
"5,41 : 0.461"
"41,5 : 0.461"
"5,42 : 0.2617"
"42,5 : 0.2617"
"5,43 : 0.3962"
"43,5 : 0.3962"
"5,44 : 0.7497"
"44,5 : 0.7497"
"5,45 : 0.1655"
"45,5 : 0.1655"
"5,46 : 0.461"
"46,5 : 0.461"
"5,47 : 0.1921"
"47,5 : 0.1921"
"5,48 : 0.3394"
"48,5 : 0.3394"
"5,49 : 0.5515"
"49,5 : 0.5515"
"6,7 : 0.2865"
"7,6 : 0.2865"
"6,8 : 0.4159"
"8,6 : 0.4159"
"6,9 : 0.3087"
"9,6 : 0.3087"
"6,10 : 0.1204"
"10,6 : 0.1204"
"6,11 : 0.39"
"11,6 : 0.39"
"6,12 : 0.3511"
"12,6 : 0.3511"
"6,13 : 0.7465"
"13,6 : 0.7465"
"6,14 : 0.572"
"14,6 : 0.572"
"6,15 : 0.672"
"15,6 : 0.672"
"6,16 : 0.6807"
"16,6 : 0.6807"
"6,17 : 0.5308"
"17,6 : 0.5308"
"6,18 : 0.4105"
"18,6 : 0.4105"
"6,19 : 0.2302"
"19,6 : 0.2302"
"6,20 : 0.478"
"20,6 : 0.478"
"6,21 : 0.586"
"21,6 : 0.586"
"6,22 : 0.4589"
"22,6 : 0.4589"
"6,23 : 0.5277"
"23,6 : 0.5277"
"6,24 : 0.6742"
"24,6 : 0.6742"
"6,25 : 0.6129"
"25,6 : 0.6129"
"6,26 : 0.6466"
"26,6 : 0.6466"
"6,27 : 0.2563"
"27,6 : 0.2563"
"6,28 : 0.52"
"28,6 : 0.52"
"6,29 : 0.4687"
"29,6 : 0.4687"
"6,30 : 0.378"
"30,6 : 0.378"
"6,31 : 0.5921"
"31,6 : 0.5921"
"6,32 : 0.3891"
"32,6 : 0.3891"
"6,33 : 0.2408"
"33,6 : 0.2408"
"6,34 : 0.478"
"34,6 : 0.478"
"6,35 : 0.5412"
"35,6 : 0.5412"
"6,36 : 0.7201"
"36,6 : 0.7201"
"6,37 : 0.558"
"37,6 : 0.558"
"6,38 : 0.6485"
"38,6 : 0.6485"
"6,39 : 0.222"
"39,6 : 0.222"
"6,40 : 0.3114"
"40,6 : 0.3114"
"6,41 : 0.0781"
"41,6 : 0.0781"
"6,42 : 0.3041"
"42,6 : 0.3041"
"6,43 : 0.114"
"43,6 : 0.114"
"6,44 : 0.3677"
"44,6 : 0.3677"
"6,45 : 0.6641"
"45,6 : 0.6641"
"6,46 : 0.7262"
"46,6 : 0.7262"
"6,47 : 0.3306"
"47,6 : 0.3306"
"6,48 : 0.7269"
"48,6 : 0.7269"
"6,49 : 0.5376"
"49,6 : 0.5376"
"7,8 : 0.13"
"8,7 : 0.13"
"7,9 : 0.4368"
"9,7 : 0.4368"
"7,10 : 0.4022"
"10,7 : 0.4022"
"7,11 : 0.586"
"11,7 : 0.586"
"7,12 : 0.5982"
"12,7 : 0.5982"
"7,13 : 0.7529"
"13,7 : 0.7529"
"7,14 : 0.8415"
"14,7 : 0.8415"
"7,15 : 0.6129"
"15,7 : 0.6129"
"7,16 : 0.849"
"16,7 : 0.849"
"7,17 : 0.7262"
"17,7 : 0.7262"
"7,18 : 0.2"
"18,7 : 0.2"
"7,19 : 0.441"
"19,7 : 0.441"
"7,20 : 0.7628"
"20,7 : 0.7628"
"7,21 : 0.3008"
"21,7 : 0.3008"
"7,22 : 0.2062"
"22,7 : 0.2062"
"7,23 : 0.6791"
"23,7 : 0.6791"
"7,24 : 0.5936"
"24,7 : 0.5936"
"7,25 : 0.5187"
"25,7 : 0.5187"
"7,26 : 0.6958"
"26,7 : 0.6958"
"7,27 : 0.051"
"27,7 : 0.051"
"7,28 : 0.3041"
"28,7 : 0.3041"
"7,29 : 0.1844"
"29,7 : 0.1844"
"7,30 : 0.4405"
"30,7 : 0.4405"
"7,31 : 0.7569"
"31,7 : 0.7569"
"7,32 : 0.4965"
"32,7 : 0.4965"
"7,33 : 0.0728"
"33,7 : 0.0728"
"7,34 : 0.7628"
"34,7 : 0.7628"
"7,35 : 0.2702"
"35,7 : 0.2702"
"7,36 : 0.735"
"36,7 : 0.735"
"7,37 : 0.5108"
"37,7 : 0.5108"
"7,38 : 0.7211"
"38,7 : 0.7211"
"7,39 : 0.1726"
"39,7 : 0.1726"
"7,40 : 0.3722"
"40,7 : 0.3722"
"7,41 : 0.3606"
"41,7 : 0.3606"
"7,42 : 0.5325"
"42,7 : 0.5325"
"7,43 : 0.2921"
"43,7 : 0.2921"
"7,44 : 0.1204"
"44,7 : 0.1204"
"7,45 : 0.771"
"45,7 : 0.771"
"7,46 : 0.968"
"46,7 : 0.968"
"7,47 : 0.5233"
"47,7 : 0.5233"
"7,48 : 0.9285"
"48,7 : 0.9285"
"7,49 : 0.3624"
"49,7 : 0.3624"
"8,9 : 0.5277"
"9,8 : 0.5277"
"8,10 : 0.53"
"10,8 : 0.53"
"8,11 : 0.688"
"11,8 : 0.688"
"8,12 : 0.7145"
"12,8 : 0.7145"
"8,13 : 0.7765"
"13,8 : 0.7765"
"8,14 : 0.9626"
"14,8 : 0.9626"
"8,15 : 0.614"
"15,8 : 0.614"
"8,16 : 0.9341"
"16,8 : 0.9341"
"8,17 : 0.8237"
"17,8 : 0.8237"
"8,18 : 0.1746"
"18,8 : 0.1746"
"8,19 : 0.5532"
"19,8 : 0.5532"
"8,20 : 0.8904"
"20,8 : 0.8904"
"8,21 : 0.1709"
"21,8 : 0.1709"
"8,22 : 0.1281"
"22,8 : 0.1281"
"8,23 : 0.7632"
"23,8 : 0.7632"
"8,24 : 0.5852"
"24,8 : 0.5852"
"8,25 : 0.5092"
"25,8 : 0.5092"
"8,26 : 0.7406"
"26,8 : 0.7406"
"8,27 : 0.164"
"27,8 : 0.164"
"8,28 : 0.2421"
"28,8 : 0.2421"
"8,29 : 0.0728"
"29,8 : 0.0728"
"8,30 : 0.5096"
"30,8 : 0.5096"
"8,31 : 0.8431"
"31,8 : 0.8431"
"8,32 : 0.5758"
"32,8 : 0.5758"
"8,33 : 0.1924"
"33,8 : 0.1924"
"8,34 : 0.8904"
"34,8 : 0.8904"
"8,35 : 0.1552"
"35,8 : 0.1552"
"8,36 : 0.7632"
"36,8 : 0.7632"
"8,37 : 0.5261"
"37,8 : 0.5261"
"8,38 : 0.7741"
"38,8 : 0.7741"
"8,39 : 0.2663"
"39,8 : 0.2663"
"8,40 : 0.4494"
"40,8 : 0.4494"
"8,41 : 0.4888"
"41,8 : 0.4888"
"8,42 : 0.6454"
"42,8 : 0.6454"
"8,43 : 0.4104"
"43,8 : 0.4104"
"8,44 : 0.1304"
"44,8 : 0.1304"
"8,45 : 0.8355"
"45,8 : 0.8355"
"8,46 : 1.078"
"46,8 : 1.078"
"8,47 : 0.6268"
"47,8 : 0.6268"
"8,48 : 1.0242"
"48,8 : 1.0242"
"8,49 : 0.3225"
"49,8 : 0.3225"
"9,10 : 0.2832"
"10,9 : 0.2832"
"9,11 : 0.1703"
"11,9 : 0.1703"
"9,12 : 0.255"
"12,9 : 0.255"
"9,13 : 0.4534"
"13,9 : 0.4534"
"9,14 : 0.5033"
"14,9 : 0.5033"
"9,15 : 0.4272"
"15,9 : 0.4272"
"9,16 : 0.4123"
"16,9 : 0.4123"
"9,17 : 0.2968"
"17,9 : 0.2968"
"9,18 : 0.4104"
"18,9 : 0.4104"
"9,19 : 0.13"
"19,9 : 0.13"
"9,20 : 0.5101"
"20,9 : 0.5101"
"9,21 : 0.664"
"21,9 : 0.664"
"9,22 : 0.4892"
"22,9 : 0.4892"
"9,23 : 0.2433"
"23,9 : 0.2433"
"9,24 : 0.4472"
"24,9 : 0.4472"
"9,25 : 0.4101"
"25,9 : 0.4101"
"9,26 : 0.3421"
"26,9 : 0.3421"
"9,27 : 0.386"
"27,9 : 0.386"
"9,28 : 0.4801"
"28,9 : 0.4801"
"9,29 : 0.5993"
"29,9 : 0.5993"
"9,30 : 0.102"
"30,9 : 0.102"
"9,31 : 0.3202"
"31,9 : 0.3202"
"9,32 : 0.0806"
"32,9 : 0.0806"
"9,33 : 0.4428"
"33,9 : 0.4428"
"9,34 : 0.5101"
"34,9 : 0.5101"
"9,35 : 0.5805"
"35,9 : 0.5805"
"9,36 : 0.4245"
"36,9 : 0.4245"
"9,37 : 0.3239"
"37,9 : 0.3239"
"9,38 : 0.34"
"38,9 : 0.34"
"9,39 : 0.2657"
"39,9 : 0.2657"
"9,40 : 0.0943"
"40,9 : 0.0943"
"9,41 : 0.2843"
"41,9 : 0.2843"
"9,42 : 0.1811"
"42,9 : 0.1811"
"9,43 : 0.1992"
"43,9 : 0.1992"
"9,44 : 0.5554"
"44,9 : 0.5554"
"9,45 : 0.359"
"45,9 : 0.359"
"9,46 : 0.5659"
"46,9 : 0.5659"
"9,47 : 0.1208"
"47,9 : 0.1208"
"9,48 : 0.4965"
"48,9 : 0.4965"
"9,49 : 0.4428"
"49,9 : 0.4428"
"10,11 : 0.3105"
"11,10 : 0.3105"
"10,12 : 0.2433"
"12,10 : 0.2433"
"10,13 : 0.7366"
"13,10 : 0.7366"
"10,14 : 0.4522"
"14,10 : 0.4522"
"10,15 : 0.6932"
"15,10 : 0.6932"
"10,16 : 0.6002"
"16,10 : 0.6002"
"10,17 : 0.4428"
"17,10 : 0.4428"
"10,18 : 0.5022"
"18,10 : 0.5022"
"10,19 : 0.1664"
"19,10 : 0.1664"
"10,20 : 0.3606"
"20,10 : 0.3606"
"10,21 : 0.6984"
"21,10 : 0.6984"
"10,22 : 0.5597"
"22,10 : 0.5597"
"10,23 : 0.4624"
"23,10 : 0.4624"
"10,24 : 0.7038"
"24,10 : 0.7038"
"10,25 : 0.6515"
"25,10 : 0.6515"
"10,26 : 0.6229"
"26,10 : 0.6229"
"10,27 : 0.3672"
"27,10 : 0.3672"
"10,28 : 0.6067"
"28,10 : 0.6067"
"10,29 : 0.586"
"29,10 : 0.586"
"10,30 : 0.3744"
"30,10 : 0.3744"
"10,31 : 0.5166"
"31,10 : 0.5166"
"10,32 : 0.3607"
"32,10 : 0.3607"
"10,33 : 0.3607"
"33,10 : 0.3607"
"10,34 : 0.3606"
"34,10 : 0.3606"
"10,35 : 0.6462"
"35,10 : 0.6462"
"10,36 : 0.7077"
"36,10 : 0.7077"
"10,37 : 0.5818"
"37,10 : 0.5818"
"10,38 : 0.614"
"38,10 : 0.614"
"10,39 : 0.3059"
"39,10 : 0.3059"
"10,40 : 0.322"
"40,10 : 0.322"
"10,41 : 0.0424"
"41,10 : 0.0424"
"10,42 : 0.2121"
"42,10 : 0.2121"
"10,43 : 0.15"
"43,10 : 0.15"
"10,44 : 0.488"
"44,10 : 0.488"
"10,45 : 0.6129"
"45,10 : 0.6129"
"10,46 : 0.6135"
"46,10 : 0.6135"
"10,47 : 0.26"
"47,10 : 0.26"
"10,48 : 0.6303"
"48,10 : 0.6303"
"10,49 : 0.61"
"49,10 : 0.61"
"11,12 : 0.1342"
"12,11 : 0.1342"
"11,13 : 0.507"
"13,11 : 0.507"
"11,14 : 0.3471"
"14,11 : 0.3471"
"11,15 : 0.5401"
"15,11 : 0.5401"
"11,16 : 0.2915"
"16,11 : 0.2915"
"11,17 : 0.1432"
"17,11 : 0.1432"
"11,18 : 0.5798"
"18,11 : 0.5798"
"11,19 : 0.1603"
"19,11 : 0.1603"
"11,20 : 0.3929"
"20,11 : 0.3929"
"11,21 : 0.831"
"21,11 : 0.831"
"11,22 : 0.658"
"22,11 : 0.658"
"11,23 : 0.1581"
"23,11 : 0.1581"
"11,24 : 0.5708"
"24,11 : 0.5708"
"11,25 : 0.5492"
"25,11 : 0.5492"
"11,26 : 0.3758"
"26,11 : 0.3758"
"11,27 : 0.5367"
"27,11 : 0.5367"
"11,28 : 0.65"
"28,11 : 0.65"
"11,29 : 0.758"
"29,11 : 0.758"
"11,30 : 0.247"
"30,11 : 0.247"
"11,31 : 0.2062"
"31,11 : 0.2062"
"11,32 : 0.1746"
"32,11 : 0.1746"
"11,33 : 0.5787"
"33,11 : 0.5787"
"11,34 : 0.3929"
"34,11 : 0.3929"
"11,35 : 0.7497"
"35,11 : 0.7497"
"11,36 : 0.4754"
"36,11 : 0.4754"
"11,37 : 0.454"
"37,11 : 0.454"
"11,38 : 0.3467"
"38,11 : 0.3467"
"11,39 : 0.4219"
"39,11 : 0.4219"
"11,40 : 0.264"
"40,11 : 0.264"
"11,41 : 0.3338"
"41,11 : 0.3338"
"11,42 : 0.103"
"42,11 : 0.103"
"11,43 : 0.3081"
"43,11 : 0.3081"
"11,44 : 0.7001"
"44,11 : 0.7001"
"11,45 : 0.3189"
"45,11 : 0.3189"
"11,46 : 0.396"
"46,11 : 0.396"
"11,47 : 0.0632"
"47,11 : 0.0632"
"11,48 : 0.3448"
"48,11 : 0.3448"
"11,49 : 0.609"
"49,11 : 0.609"
"12,13 : 0.6408"
"13,12 : 0.6408"
"12,14 : 0.2555"
"14,12 : 0.2555"
"12,15 : 0.6637"
"15,12 : 0.6637"
"12,16 : 0.3808"
"16,12 : 0.3808"
"12,17 : 0.2193"
"17,12 : 0.2193"
"12,18 : 0.6351"
"18,12 : 0.6351"
"12,19 : 0.164"
"19,12 : 0.164"
"12,20 : 0.2631"
"20,12 : 0.2631"
"12,21 : 0.8711"
"21,12 : 0.8711"
"12,22 : 0.708"
"22,12 : 0.708"
"12,23 : 0.2832"
"23,12 : 0.2832"
"12,24 : 0.6907"
"24,12 : 0.6907"
"12,25 : 0.6612"
"25,12 : 0.6612"
"12,26 : 0.5099"
"26,12 : 0.5099"
"12,27 : 0.5532"
"27,12 : 0.5532"
"12,28 : 0.7201"
"28,12 : 0.7201"
"12,29 : 0.7799"
"29,12 : 0.7799"
"12,30 : 0.3513"
"30,12 : 0.3513"
"12,31 : 0.3106"
"31,12 : 0.3106"
"12,32 : 0.2907"
"32,12 : 0.2907"
"12,33 : 0.5745"
"33,12 : 0.5745"
"12,34 : 0.2631"
"34,12 : 0.2631"
"12,35 : 0.8"
"35,12 : 0.8"
"12,36 : 0.6093"
"36,12 : 0.6093"
"12,37 : 0.57"
"37,12 : 0.57"
"12,38 : 0.4802"
"38,12 : 0.4802"
"12,39 : 0.4534"
"39,12 : 0.4534"
"12,40 : 0.3448"
"40,12 : 0.3448"
"12,41 : 0.2789"
"41,12 : 0.2789"
"12,42 : 0.0762"
"42,12 : 0.0762"
"12,43 : 0.3061"
"43,12 : 0.3061"
"12,44 : 0.7018"
"44,12 : 0.7018"
"12,45 : 0.446"
"45,12 : 0.446"
"12,46 : 0.3758"
"46,12 : 0.3758"
"12,47 : 0.14"
"47,12 : 0.14"
"12,48 : 0.3905"
"48,12 : 0.3905"
"12,49 : 0.6929"
"49,12 : 0.6929"
"13,14 : 0.8188"
"14,13 : 0.8188"
"13,15 : 0.1931"
"15,13 : 0.1931"
"13,16 : 0.4512"
"16,13 : 0.4512"
"13,17 : 0.5025"
"17,13 : 0.5025"
"13,18 : 0.603"
"18,13 : 0.603"
"13,19 : 0.578"
"19,13 : 0.578"
"13,20 : 0.8981"
"20,13 : 0.8981"
"13,21 : 0.8322"
"21,13 : 0.8322"
"13,22 : 0.6703"
"22,13 : 0.6703"
"13,23 : 0.3847"
"23,13 : 0.3847"
"13,24 : 0.2417"
"24,13 : 0.2417"
"13,25 : 0.2983"
"25,13 : 0.2983"
"13,26 : 0.1334"
"26,13 : 0.1334"
"13,27 : 0.7084"
"27,13 : 0.7084"
"13,28 : 0.5822"
"28,13 : 0.5822"
"13,29 : 0.8438"
"29,13 : 0.8438"
"13,30 : 0.3688"
"30,13 : 0.3688"
"13,31 : 0.4201"
"31,13 : 0.4201"
"13,32 : 0.378"
"32,13 : 0.378"
"13,33 : 0.7948"
"33,13 : 0.7948"
"13,34 : 0.8981"
"34,13 : 0.8981"
"13,35 : 0.7317"
"35,13 : 0.7317"
"13,36 : 0.0316"
"36,13 : 0.0316"
"13,37 : 0.2508"
"37,13 : 0.2508"
"13,38 : 0.18"
"38,13 : 0.18"
"13,39 : 0.6042"
"39,13 : 0.6042"
"13,40 : 0.436"
"40,13 : 0.436"
"13,41 : 0.7354"
"41,13 : 0.7354"
"13,42 : 0.5906"
"42,13 : 0.5906"
"13,43 : 0.6325"
"43,13 : 0.6325"
"13,44 : 0.8659"
"44,13 : 0.8659"
"13,45 : 0.2648"
"45,13 : 0.2648"
"13,46 : 0.7554"
"46,13 : 0.7554"
"13,47 : 0.5148"
"47,13 : 0.5148"
"13,48 : 0.5869"
"48,13 : 0.5869"
"13,49 : 0.4937"
"49,13 : 0.4937"
"14,15 : 0.882"
"15,14 : 0.882"
"14,16 : 0.4305"
"16,14 : 0.4305"
"14,17 : 0.3178"
"17,14 : 0.3178"
"14,18 : 0.8904"
"18,14 : 0.8904"
"14,19 : 0.4188"
"19,14 : 0.4188"
"14,20 : 0.1746"
"20,14 : 0.1746"
"14,21 : 1.1229"
"21,14 : 1.1229"
"14,22 : 0.9626"
"22,14 : 0.9626"
"14,23 : 0.4342"
"23,14 : 0.4342"
"14,24 : 0.9155"
"24,14 : 0.9155"
"14,25 : 0.8963"
"25,14 : 0.8963"
"14,26 : 0.6859"
"26,14 : 0.6859"
"14,27 : 0.7993"
"27,14 : 0.7993"
"14,28 : 0.9753"
"28,14 : 0.9753"
"14,29 : 1.0253"
"29,14 : 1.0253"
"14,30 : 0.592"
"30,14 : 0.592"
"14,31 : 0.4111"
"31,14 : 0.4111"
"14,32 : 0.5217"
"32,14 : 0.5217"
"14,33 : 0.8092"
"33,14 : 0.8092"
"14,34 : 0.1746"
"34,14 : 0.1746"
"14,35 : 1.0544"
"35,14 : 1.0544"
"14,36 : 0.7877"
"36,14 : 0.7877"
"14,37 : 0.8006"
"37,14 : 0.8006"
"14,38 : 0.6413"
"38,14 : 0.6413"
"14,39 : 0.706"
"39,14 : 0.706"
"14,40 : 0.5962"
"40,14 : 0.5962"
"14,41 : 0.4941"
"41,14 : 0.4941"
"14,42 : 0.3312"
"42,14 : 0.3312"
"14,43 : 0.5523"
"43,14 : 0.5523"
"14,44 : 0.9372"
"44,14 : 0.9372"
"14,45 : 0.5757"
"45,14 : 0.5757"
"14,46 : 0.2184"
"46,14 : 0.2184"
"14,47 : 0.3828"
"47,14 : 0.3828"
"14,48 : 0.3538"
"48,14 : 0.3538"
"14,49 : 0.9454"
"49,14 : 0.9454"
"15,16 : 0.5818"
"16,15 : 0.5818"
"15,17 : 0.5846"
"17,15 : 0.5846"
"15,18 : 0.4397"
"18,15 : 0.4397"
"15,19 : 0.5566"
"19,15 : 0.5566"
"15,20 : 0.9266"
"20,15 : 0.9266"
"15,21 : 0.6501"
"21,15 : 0.6501"
"15,22 : 0.4982"
"22,15 : 0.4982"
"15,23 : 0.4657"
"23,15 : 0.4657"
"15,24 : 0.05"
"24,15 : 0.05"
"15,25 : 0.11"
"25,15 : 0.11"
"15,26 : 0.25"
"26,15 : 0.25"
"15,27 : 0.5745"
"27,15 : 0.5745"
"15,28 : 0.4005"
"28,15 : 0.4005"
"15,29 : 0.6768"
"29,15 : 0.6768"
"15,30 : 0.3257"
"30,15 : 0.3257"
"15,31 : 0.5255"
"31,15 : 0.5255"
"15,32 : 0.3734"
"32,15 : 0.3734"
"15,33 : 0.6657"
"33,15 : 0.6657"
"15,34 : 0.9266"
"34,15 : 0.9266"
"15,35 : 0.5504"
"35,15 : 0.5504"
"15,36 : 0.1972"
"36,15 : 0.1972"
"15,37 : 0.114"
"37,15 : 0.114"
"15,38 : 0.3081"
"38,15 : 0.3081"
"15,39 : 0.4892"
"39,15 : 0.4892"
"15,40 : 0.3712"
"40,15 : 0.3712"
"15,41 : 0.681"
"41,15 : 0.681"
"15,42 : 0.5984"
"42,15 : 0.5984"
"15,43 : 0.563"
"43,15 : 0.563"
"15,44 : 0.7169"
"44,15 : 0.7169"
"15,45 : 0.4022"
"45,15 : 0.4022"
"15,46 : 0.8633"
"46,15 : 0.8633"
"15,47 : 0.5247"
"47,15 : 0.5247"
"15,48 : 0.7155"
"48,15 : 0.7155"
"15,49 : 0.3102"
"49,15 : 0.3102"
"16,17 : 0.1616"
"17,16 : 0.1616"
"16,18 : 0.7965"
"18,16 : 0.7965"
"16,19 : 0.4504"
"19,16 : 0.4504"
"16,20 : 0.5659"
"20,16 : 0.5659"
"16,21 : 1.0559"
"21,16 : 1.0559"
"16,22 : 0.8771"
"22,16 : 0.8771"
"16,23 : 0.1709"
"23,16 : 0.1709"
"16,24 : 0.6277"
"24,16 : 0.6277"
"16,25 : 0.642"
"25,16 : 0.642"
"16,26 : 0.3362"
"26,16 : 0.3362"
"16,27 : 0.7981"
"27,16 : 0.7981"
"16,28 : 0.8382"
"28,16 : 0.8382"
"16,29 : 1.0066"
"29,16 : 1.0066"
"16,30 : 0.4294"
"30,16 : 0.4294"
"16,31 : 0.0922"
"31,16 : 0.0922"
"16,32 : 0.3585"
"32,16 : 0.3585"
"16,33 : 0.8533"
"33,16 : 0.8533"
"16,34 : 0.5659"
"34,16 : 0.5659"
"16,35 : 0.9638"
"35,16 : 0.9638"
"16,36 : 0.4245"
"36,16 : 0.4245"
"16,37 : 0.5467"
"37,16 : 0.5467"
"16,38 : 0.2786"
"38,16 : 0.2786"
"16,39 : 0.6772"
"39,16 : 0.6772"
"16,40 : 0.4847"
"40,16 : 0.4847"
"16,41 : 0.6251"
"41,16 : 0.6251"
"16,42 : 0.3883"
"42,16 : 0.3883"
"16,43 : 0.5914"
"43,16 : 0.5914"
"16,44 : 0.9677"
"44,16 : 0.9677"
"16,45 : 0.1868"
"45,16 : 0.1868"
"16,46 : 0.3102"
"46,16 : 0.3102"
"16,47 : 0.3501"
"47,16 : 0.3501"
"16,48 : 0.136"
"48,16 : 0.136"
"16,49 : 0.7734"
"49,16 : 0.7734"
"17,18 : 0.7043"
"18,17 : 0.7043"
"17,19 : 0.3027"
"19,17 : 0.3027"
"17,20 : 0.4244"
"20,17 : 0.4244"
"17,21 : 0.9602"
"21,17 : 0.9602"
"17,22 : 0.7841"
"22,17 : 0.7841"
"17,23 : 0.1204"
"23,17 : 0.1204"
"17,24 : 0.6236"
"24,17 : 0.6236"
"17,25 : 0.6185"
"25,17 : 0.6185"
"17,26 : 0.3705"
"26,17 : 0.3705"
"17,27 : 0.6762"
"27,17 : 0.6762"
"17,28 : 0.7638"
"28,17 : 0.7638"
"17,29 : 0.8947"
"29,17 : 0.8947"
"17,30 : 0.3471"
"30,17 : 0.3471"
"17,31 : 0.1"
"31,17 : 0.1"
"17,32 : 0.2691"
"32,17 : 0.2691"
"17,33 : 0.7212"
"33,17 : 0.7212"
"17,34 : 0.4244"
"34,17 : 0.4244"
"17,35 : 0.8746"
"35,17 : 0.8746"
"17,36 : 0.4717"
"36,17 : 0.4717"
"17,37 : 0.52"
"37,17 : 0.52"
"17,38 : 0.3239"
"38,17 : 0.3239"
"17,39 : 0.559"
"39,17 : 0.559"
"17,40 : 0.3842"
"40,17 : 0.3842"
"17,41 : 0.4704"
"41,17 : 0.4704"
"17,42 : 0.2309"
"42,17 : 0.2309"
"17,43 : 0.4512"
"43,17 : 0.4512"
"17,44 : 0.8415"
"44,17 : 0.8415"
"17,45 : 0.26"
"45,17 : 0.26"
"17,46 : 0.2865"
"46,17 : 0.2865"
"17,47 : 0.2062"
"47,17 : 0.2062"
"17,48 : 0.2025"
"48,17 : 0.2025"
"17,49 : 0.7122"
"49,17 : 0.7122"
"18,19 : 0.4717"
"19,18 : 0.4717"
"18,20 : 0.8486"
"20,18 : 0.8486"
"18,21 : 0.2594"
"21,18 : 0.2594"
"18,22 : 0.0806"
"22,18 : 0.0806"
"18,23 : 0.6277"
"23,18 : 0.6277"
"18,24 : 0.4123"
"24,18 : 0.4123"
"18,25 : 0.3362"
"25,18 : 0.3362"
"18,26 : 0.5743"
"26,18 : 0.5743"
"18,27 : 0.1838"
"27,18 : 0.1838"
"18,28 : 0.1118"
"28,18 : 0.1118"
"18,29 : 0.2408"
"29,18 : 0.2408"
"18,30 : 0.3672"
"30,18 : 0.3672"
"18,31 : 0.7083"
"31,18 : 0.7083"
"18,32 : 0.441"
"32,18 : 0.441"
"18,33 : 0.2693"
"33,18 : 0.2693"
"18,34 : 0.8486"
"34,18 : 0.8486"
"18,35 : 0.1703"
"35,18 : 0.1703"
"18,36 : 0.5908"
"36,18 : 0.5908"
"18,37 : 0.3523"
"37,18 : 0.3523"
"18,38 : 0.6119"
"38,18 : 0.6119"
"18,39 : 0.1965"
"39,18 : 0.1965"
"18,40 : 0.3202"
"40,18 : 0.3202"
"18,41 : 0.4669"
"41,18 : 0.4669"
"18,42 : 0.5604"
"42,18 : 0.5604"
"18,43 : 0.3574"
"43,18 : 0.3574"
"18,44 : 0.283"
"44,18 : 0.283"
"18,45 : 0.6801"
"45,18 : 0.6801"
"18,46 : 0.9758"
"46,18 : 0.9758"
"18,47 : 0.524"
"47,18 : 0.524"
"18,48 : 0.8987"
"48,18 : 0.8987"
"18,49 : 0.1628"
"49,18 : 0.1628"
"19,20 : 0.3946"
"20,19 : 0.3946"
"19,21 : 0.7077"
"21,19 : 0.7077"
"19,22 : 0.5441"
"22,19 : 0.5441"
"19,23 : 0.3008"
"23,19 : 0.3008"
"19,24 : 0.5749"
"24,19 : 0.5749"
"19,25 : 0.5334"
"25,19 : 0.5334"
"19,26 : 0.4597"
"26,19 : 0.4597"
"19,27 : 0.3941"
"27,19 : 0.3941"
"19,28 : 0.5595"
"28,19 : 0.5595"
"19,29 : 0.6201"
"29,19 : 0.6201"
"19,30 : 0.2309"
"30,19 : 0.2309"
"19,31 : 0.3622"
"31,19 : 0.3622"
"19,32 : 0.2"
"32,19 : 0.2"
"19,33 : 0.4254"
"33,19 : 0.4254"
"19,34 : 0.3946"
"34,19 : 0.3946"
"19,35 : 0.636"
"35,19 : 0.636"
"19,36 : 0.5482"
"36,19 : 0.5482"
"19,37 : 0.4512"
"37,19 : 0.4512"
"19,38 : 0.4482"
"38,19 : 0.4482"
"19,39 : 0.29"
"39,19 : 0.29"
"19,40 : 0.2"
"40,19 : 0.2"
"19,41 : 0.1803"
"41,19 : 0.1803"
"19,42 : 0.0922"
"42,19 : 0.0922"
"19,43 : 0.1523"
"43,19 : 0.1523"
"19,44 : 0.5501"
"44,19 : 0.5501"
"19,45 : 0.4472"
"45,19 : 0.4472"
"19,46 : 0.527"
"46,19 : 0.527"
"19,47 : 0.1005"
"47,19 : 0.1005"
"19,48 : 0.5022"
"48,19 : 0.5022"
"19,49 : 0.5385"
"49,19 : 0.5385"
"20,21 : 1.0582"
"21,20 : 1.0582"
"20,22 : 0.9129"
"22,20 : 0.9129"
"20,23 : 0.5233"
"23,20 : 0.5233"
"20,24 : 0.9526"
"24,20 : 0.9526"
"20,25 : 0.92"
"25,20 : 0.92"
"20,26 : 0.7655"
"26,20 : 0.7655"
"20,27 : 0.7272"
"27,20 : 0.7272"
"20,28 : 0.9456"
"28,20 : 0.9456"
"20,29 : 0.9463"
"29,20 : 0.9463"
"20,30 : 0.6101"
"30,20 : 0.6101"
"20,31 : 0.5243"
"31,20 : 0.5243"
"20,32 : 0.5533"
"32,20 : 0.5533"
"20,33 : 0.7184"
"33,20 : 0.7184"
"20,34 : 0.0"
"34,20 : 0.0"
"20,35 : 1.0018"
"35,20 : 1.0018"
"20,36 : 0.8665"
"36,20 : 0.8665"
"20,37 : 0.831"
"37,20 : 0.831"
"20,38 : 0.7301"
"38,20 : 0.7301"
"20,39 : 0.6539"
"39,20 : 0.6539"
"20,40 : 0.593"
"40,20 : 0.593"
"20,41 : 0.4022"
"41,20 : 0.4022"
"20,42 : 0.3302"
"42,20 : 0.3302"
"20,43 : 0.4924"
"43,20 : 0.4924"
"20,44 : 0.8439"
"44,20 : 0.8439"
"20,45 : 0.681"
"45,20 : 0.681"
"20,46 : 0.3929"
"46,20 : 0.3929"
"20,47 : 0.402"
"47,20 : 0.402"
"20,48 : 0.5131"
"48,20 : 0.5131"
"20,49 : 0.9317"
"49,20 : 0.9317"
"21,22 : 0.1789"
"22,21 : 0.1789"
"21,23 : 0.8868"
"23,21 : 0.8868"
"21,24 : 0.6113"
"24,21 : 0.6113"
"21,25 : 0.5401"
"25,21 : 0.5401"
"21,26 : 0.8223"
"26,21 : 0.8223"
"21,27 : 0.3312"
"27,21 : 0.3312"
"21,28 : 0.2502"
"28,21 : 0.2502"
"21,29 : 0.1404"
"29,21 : 0.1404"
"21,30 : 0.6265"
"30,21 : 0.6265"
"21,31 : 0.9675"
"31,21 : 0.9675"
"21,32 : 0.6997"
"32,21 : 0.6997"
"21,33 : 0.3614"
"33,21 : 0.3614"
"21,34 : 1.0582"
"34,21 : 1.0582"
"21,35 : 0.1005"
"35,21 : 0.1005"
"21,36 : 0.8249"
"36,21 : 0.8249"
"21,37 : 0.5855"
"37,21 : 0.5855"
"21,38 : 0.864"
"38,21 : 0.864"
"21,39 : 0.4177"
"39,21 : 0.4177"
"21,40 : 0.5769"
"40,21 : 0.5769"
"21,41 : 0.6576"
"41,21 : 0.6576"
"21,42 : 0.7993"
"42,21 : 0.7993"
"21,43 : 0.572"
"43,21 : 0.572"
"21,44 : 0.2702"
"44,21 : 0.2702"
"21,45 : 0.9364"
"45,21 : 0.9364"
"21,46 : 1.2258"
"46,21 : 1.2258"
"21,47 : 0.7723"
"47,21 : 0.7723"
"21,48 : 1.1566"
"48,21 : 1.1566"
"21,49 : 0.34"
"49,21 : 0.34"
"22,23 : 0.7083"
"23,22 : 0.7083"
"22,24 : 0.4657"
"24,22 : 0.4657"
"22,25 : 0.3905"
"25,22 : 0.3905"
"22,26 : 0.6494"
"26,22 : 0.6494"
"22,27 : 0.21"
"27,22 : 0.21"
"22,28 : 0.114"
"28,22 : 0.114"
"22,29 : 0.1803"
"29,22 : 0.1803"
"22,30 : 0.4478"
"30,22 : 0.4478"
"22,31 : 0.7889"
"31,22 : 0.7889"
"22,32 : 0.5215"
"32,22 : 0.5215"
"22,33 : 0.2789"
"33,22 : 0.2789"
"22,34 : 0.9129"
"34,22 : 0.9129"
"22,35 : 0.0922"
"35,22 : 0.0922"
"22,36 : 0.6601"
"36,22 : 0.6601"
"22,37 : 0.42"
"37,22 : 0.42"
"22,38 : 0.6888"
"38,22 : 0.6888"
"22,39 : 0.2594"
"39,22 : 0.2594"
"22,40 : 0.4"
"40,22 : 0.4"
"22,41 : 0.522"
"41,22 : 0.522"
"22,42 : 0.6341"
"42,22 : 0.6341"
"22,43 : 0.4205"
"43,22 : 0.4205"
"22,44 : 0.255"
"44,22 : 0.255"
"22,45 : 0.7589"
"45,22 : 0.7589"
"22,46 : 1.0538"
"46,22 : 1.0538"
"22,47 : 0.6011"
"47,22 : 0.6011"
"22,48 : 0.9791"
"48,22 : 0.9791"
"22,49 : 0.197"
"49,22 : 0.197"
"23,24 : 0.506"
"24,23 : 0.506"
"23,25 : 0.5054"
"25,23 : 0.5054"
"23,26 : 0.2518"
"26,23 : 0.2518"
"23,27 : 0.6282"
"27,23 : 0.6282"
"23,28 : 0.6748"
"28,23 : 0.6748"
"23,29 : 0.8357"
"29,23 : 0.8357"
"23,30 : 0.2608"
"30,23 : 0.2608"
"23,31 : 0.0806"
"31,23 : 0.0806"
"23,32 : 0.1879"
"32,23 : 0.1879"
"23,33 : 0.6859"
"33,23 : 0.6859"
"23,34 : 0.5233"
"34,23 : 0.5233"
"23,35 : 0.7961"
"35,23 : 0.7961"
"23,36 : 0.3536"
"36,23 : 0.3536"
"23,37 : 0.4071"
"37,23 : 0.4071"
"23,38 : 0.2088"
"38,23 : 0.2088"
"23,39 : 0.507"
"39,23 : 0.507"
"23,40 : 0.3138"
"40,23 : 0.3138"
"23,41 : 0.4808"
"41,23 : 0.4808"
"23,42 : 0.2608"
"42,23 : 0.2608"
"23,43 : 0.4305"
"43,23 : 0.4305"
"23,44 : 0.7983"
"44,23 : 0.7983"
"23,45 : 0.1628"
"45,23 : 0.1628"
"23,46 : 0.3992"
"46,23 : 0.3992"
"23,47 : 0.2025"
"47,23 : 0.2025"
"23,48 : 0.2759"
"48,23 : 0.2759"
"23,49 : 0.6152"
"49,23 : 0.6152"
"24,25 : 0.0762"
"25,24 : 0.0762"
"24,26 : 0.2983"
"26,24 : 0.2983"
"24,27 : 0.558"
"27,24 : 0.558"
"24,28 : 0.3635"
"28,24 : 0.3635"
"24,29 : 0.6456"
"29,24 : 0.6456"
"24,30 : 0.3453"
"30,24 : 0.3453"
"24,31 : 0.5686"
"31,24 : 0.5686"
"24,32 : 0.4001"
"32,24 : 0.4001"
"24,33 : 0.65"
"33,24 : 0.65"
"24,34 : 0.9526"
"34,24 : 0.9526"
"24,35 : 0.5124"
"35,24 : 0.5124"
"24,36 : 0.247"
"36,24 : 0.247"
"24,37 : 0.1237"
"37,24 : 0.1237"
"24,38 : 0.3561"
"38,24 : 0.3561"
"24,39 : 0.481"
"39,24 : 0.481"
"24,40 : 0.3828"
"40,24 : 0.3828"
"24,41 : 0.6888"
"41,24 : 0.6888"
"24,42 : 0.6229"
"42,24 : 0.6229"
"24,43 : 0.5682"
"43,24 : 0.5682"
"24,44 : 0.6932"
"44,24 : 0.6932"
"24,45 : 0.45"
"45,24 : 0.45"
"24,46 : 0.9048"
"46,24 : 0.9048"
"24,47 : 0.5508"
"47,24 : 0.5508"
"24,48 : 0.7606"
"48,24 : 0.7606"
"24,49 : 0.2729"
"49,24 : 0.2729"
"25,26 : 0.328"
"26,25 : 0.328"
"25,27 : 0.4841"
"27,25 : 0.4841"
"25,28 : 0.2907"
"28,25 : 0.2907"
"25,29 : 0.5701"
"29,25 : 0.5701"
"25,30 : 0.3102"
"30,25 : 0.3102"
"25,31 : 0.5745"
"31,25 : 0.5745"
"25,32 : 0.3748"
"32,25 : 0.3748"
"25,33 : 0.5763"
"33,25 : 0.5763"
"25,34 : 0.92"
"34,25 : 0.92"
"25,35 : 0.4405"
"35,25 : 0.4405"
"25,36 : 0.2973"
"36,25 : 0.2973"
"25,37 : 0.0985"
"37,25 : 0.0985"
"25,38 : 0.3829"
"38,25 : 0.3829"
"25,39 : 0.4123"
"39,25 : 0.4123"
"25,40 : 0.3354"
"40,25 : 0.3354"
"25,41 : 0.6332"
"41,25 : 0.6332"
"25,42 : 0.5901"
"42,25 : 0.5901"
"25,43 : 0.5108"
"43,25 : 0.5108"
"25,44 : 0.6172"
"44,25 : 0.6172"
"25,45 : 0.4738"
"45,25 : 0.4738"
"25,46 : 0.9038"
"46,25 : 0.9038"
"25,47 : 0.5215"
"47,25 : 0.5215"
"25,48 : 0.771"
"48,25 : 0.771"
"25,49 : 0.2002"
"49,25 : 0.2002"
"26,27 : 0.6478"
"27,26 : 0.6478"
"26,28 : 0.5787"
"28,26 : 0.5787"
"26,29 : 0.8115"
"29,26 : 0.8115"
"26,30 : 0.2731"
"30,26 : 0.2731"
"26,31 : 0.2927"
"31,26 : 0.2927"
"26,32 : 0.2625"
"32,26 : 0.2625"
"26,33 : 0.7278"
"33,26 : 0.7278"
"26,34 : 0.7655"
"34,26 : 0.7655"
"26,35 : 0.7228"
"35,26 : 0.7228"
"26,36 : 0.102"
"36,26 : 0.102"
"26,37 : 0.246"
"37,26 : 0.246"
"26,38 : 0.0583"
"38,26 : 0.0583"
"26,39 : 0.5337"
"39,26 : 0.5337"
"26,40 : 0.3454"
"40,26 : 0.3454"
"26,41 : 0.6263"
"41,26 : 0.6263"
"26,42 : 0.4632"
"42,26 : 0.4632"
"26,43 : 0.5334"
"43,26 : 0.5334"
"26,44 : 0.8139"
"44,26 : 0.8139"
"26,45 : 0.1526"
"45,26 : 0.1526"
"26,46 : 0.6315"
"46,26 : 0.6315"
"26,47 : 0.3883"
"47,26 : 0.3883"
"26,48 : 0.4717"
"48,26 : 0.4717"
"26,49 : 0.4977"
"49,26 : 0.4977"
"27,28 : 0.2941"
"28,27 : 0.2941"
"27,29 : 0.2267"
"29,27 : 0.2267"
"27,30 : 0.3901"
"30,27 : 0.3901"
"27,31 : 0.706"
"31,27 : 0.706"
"27,32 : 0.4455"
"32,27 : 0.4455"
"27,33 : 0.0922"
"33,27 : 0.0922"
"27,34 : 0.7272"
"34,27 : 0.7272"
"27,35 : 0.2864"
"35,27 : 0.2864"
"27,36 : 0.6896"
"36,27 : 0.6896"
"27,37 : 0.4696"
"37,27 : 0.4696"
"27,38 : 0.6719"
"38,27 : 0.6719"
"27,39 : 0.1217"
"39,27 : 0.1217"
"27,40 : 0.3214"
"40,27 : 0.3214"
"27,41 : 0.3265"
"41,27 : 0.3265"
"27,42 : 0.486"
"42,27 : 0.486"
"27,43 : 0.2476"
"43,27 : 0.2476"
"27,44 : 0.1712"
"44,27 : 0.1712"
"27,45 : 0.7206"
"45,27 : 0.7206"
"27,46 : 0.9209"
"46,27 : 0.9209"
"27,47 : 0.4741"
"47,27 : 0.4741"
"27,48 : 0.8785"
"48,27 : 0.8785"
"27,49 : 0.3413"
"49,27 : 0.3413"
"28,29 : 0.2907"
"29,28 : 0.2907"
"28,30 : 0.4173"
"30,28 : 0.4173"
"28,31 : 0.7543"
"31,28 : 0.7543"
"28,32 : 0.495"
"32,28 : 0.495"
"28,33 : 0.3758"
"33,28 : 0.3758"
"28,34 : 0.9456"
"34,28 : 0.9456"
"28,35 : 0.15"
"35,28 : 0.15"
"28,36 : 0.5756"
"36,28 : 0.5756"
"28,37 : 0.3373"
"37,28 : 0.3373"
"28,38 : 0.6239"
"38,28 : 0.6239"
"28,39 : 0.3015"
"39,28 : 0.3015"
"28,40 : 0.386"
"40,28 : 0.386"
"28,41 : 0.5731"
"41,28 : 0.5731"
"28,42 : 0.6441"
"42,28 : 0.6441"
"28,43 : 0.4589"
"43,28 : 0.4589"
"28,44 : 0.3677"
"44,28 : 0.3677"
"28,45 : 0.7021"
"45,28 : 0.7021"
"28,46 : 1.0435"
"46,28 : 1.0435"
"28,47 : 0.5991"
"47,28 : 0.5991"
"28,48 : 0.9502"
"48,28 : 0.9502"
"28,49 : 0.0906"
"49,28 : 0.0906"
"29,30 : 0.5824"
"30,29 : 0.5824"
"29,31 : 0.9155"
"31,29 : 0.9155"
"29,32 : 0.6485"
"32,29 : 0.6485"
"29,33 : 0.2326"
"33,29 : 0.2326"
"29,34 : 0.9463"
"34,29 : 0.9463"
"29,35 : 0.1703"
"35,29 : 0.1703"
"29,36 : 0.8315"
"36,29 : 0.8315"
"29,37 : 0.593"
"37,29 : 0.593"
"29,38 : 0.8459"
"38,29 : 0.8459"
"29,39 : 0.3362"
"39,29 : 0.3362"
"29,40 : 0.522"
"40,29 : 0.522"
"29,41 : 0.5441"
"41,29 : 0.5441"
"29,42 : 0.7122"
"42,29 : 0.7122"
"29,43 : 0.4742"
"43,29 : 0.4742"
"29,44 : 0.13"
"44,29 : 0.13"
"29,45 : 0.908"
"45,29 : 0.908"
"29,46 : 1.1462"
"46,29 : 1.1462"
"29,47 : 0.6964"
"47,29 : 0.6964"
"29,48 : 1.0957"
"48,29 : 1.0957"
"29,49 : 0.377"
"49,29 : 0.377"
"30,31 : 0.3413"
"31,30 : 0.3413"
"30,32 : 0.0781"
"32,30 : 0.0781"
"30,33 : 0.4627"
"33,30 : 0.4627"
"30,34 : 0.6101"
"34,30 : 0.6101"
"30,35 : 0.5354"
"35,30 : 0.5354"
"30,36 : 0.3421"
"36,30 : 0.3421"
"30,37 : 0.222"
"37,30 : 0.222"
"30,38 : 0.2864"
"38,30 : 0.2864"
"30,39 : 0.2702"
"39,30 : 0.2702"
"30,40 : 0.0728"
"40,30 : 0.0728"
"30,41 : 0.3688"
"41,30 : 0.3688"
"30,42 : 0.28"
"42,30 : 0.28"
"30,43 : 0.264"
"43,30 : 0.264"
"30,44 : 0.5608"
"44,30 : 0.5608"
"30,45 : 0.3306"
"45,30 : 0.3306"
"30,46 : 0.6301"
"46,30 : 0.6301"
"30,47 : 0.2121"
"47,30 : 0.2121"
"30,48 : 0.5341"
"48,30 : 0.5341"
"30,49 : 0.3662"
"49,30 : 0.3662"
"31,32 : 0.2683"
"32,31 : 0.2683"
"31,33 : 0.7612"
"33,31 : 0.7612"
"31,34 : 0.5243"
"34,31 : 0.5243"
"31,35 : 0.8766"
"35,31 : 0.8766"
"31,36 : 0.3905"
"36,31 : 0.3905"
"31,37 : 0.4771"
"37,31 : 0.4771"
"31,38 : 0.2402"
"38,31 : 0.2402"
"31,39 : 0.5852"
"39,31 : 0.5852"
"31,40 : 0.394"
"40,31 : 0.394"
"31,41 : 0.5394"
"41,31 : 0.5394"
"31,42 : 0.3068"
"42,31 : 0.3068"
"31,43 : 0.5004"
"43,31 : 0.5004"
"31,44 : 0.8756"
"44,31 : 0.8756"
"31,45 : 0.1649"
"45,31 : 0.1649"
"31,46 : 0.3396"
"46,31 : 0.3396"
"31,47 : 0.2617"
"47,31 : 0.2617"
"31,48 : 0.1985"
"48,31 : 0.1985"
"31,49 : 0.6931"
"49,31 : 0.6931"
"32,33 : 0.5101"
"33,32 : 0.5101"
"32,34 : 0.5533"
"34,32 : 0.5533"
"32,35 : 0.6103"
"35,32 : 0.6103"
"32,36 : 0.3483"
"36,32 : 0.3483"
"32,37 : 0.2807"
"37,32 : 0.2807"
"32,38 : 0.2594"
"38,32 : 0.2594"
"32,39 : 0.3239"
"39,32 : 0.3239"
"32,40 : 0.1265"
"40,32 : 0.1265"
"32,41 : 0.364"
"41,32 : 0.364"
"32,42 : 0.2256"
"42,32 : 0.2256"
"32,43 : 0.2786"
"43,32 : 0.2786"
"32,44 : 0.6166"
"44,32 : 0.6166"
"32,45 : 0.2828"
"45,32 : 0.2828"
"32,46 : 0.5522"
"46,32 : 0.5522"
"32,47 : 0.1513"
"47,32 : 0.1513"
"32,48 : 0.458"
"48,32 : 0.458"
"32,49 : 0.4441"
"49,32 : 0.4441"
"33,34 : 0.7184"
"34,33 : 0.7184"
"33,35 : 0.3401"
"35,33 : 0.3401"
"33,36 : 0.7749"
"36,33 : 0.7749"
"33,37 : 0.5595"
"37,33 : 0.5595"
"33,38 : 0.7481"
"38,33 : 0.7481"
"33,39 : 0.1942"
"39,33 : 0.1942"
"33,40 : 0.3912"
"40,33 : 0.3912"
"33,41 : 0.3183"
"41,33 : 0.3183"
"33,42 : 0.5143"
"42,33 : 0.5143"
"33,43 : 0.2731"
"43,33 : 0.2731"
"33,44 : 0.1281"
"44,33 : 0.1281"
"33,45 : 0.7906"
"45,33 : 0.7906"
"33,46 : 0.9489"
"46,33 : 0.9489"
"33,47 : 0.5155"
"47,33 : 0.5155"
"33,48 : 0.9235"
"48,33 : 0.9235"
"33,49 : 0.4301"
"49,33 : 0.4301"
"34,35 : 1.0018"
"35,34 : 1.0018"
"34,36 : 0.8665"
"36,34 : 0.8665"
"34,37 : 0.831"
"37,34 : 0.831"
"34,38 : 0.7301"
"38,34 : 0.7301"
"34,39 : 0.6539"
"39,34 : 0.6539"
"34,40 : 0.593"
"40,34 : 0.593"
"34,41 : 0.4022"
"41,34 : 0.4022"
"34,42 : 0.3302"
"42,34 : 0.3302"
"34,43 : 0.4924"
"43,34 : 0.4924"
"34,44 : 0.8439"
"44,34 : 0.8439"
"34,45 : 0.681"
"45,34 : 0.681"
"34,46 : 0.3929"
"46,34 : 0.3929"
"34,47 : 0.402"
"47,34 : 0.402"
"34,48 : 0.5131"
"48,34 : 0.5131"
"34,49 : 0.9317"
"49,34 : 0.9317"
"35,36 : 0.7244"
"36,35 : 0.7244"
"35,37 : 0.4851"
"37,35 : 0.4851"
"35,38 : 0.7654"
"38,35 : 0.7654"
"35,39 : 0.3499"
"39,35 : 0.3499"
"35,40 : 0.4904"
"40,35 : 0.4904"
"35,41 : 0.6075"
"41,35 : 0.6075"
"35,42 : 0.7262"
"42,35 : 0.7262"
"35,43 : 0.51"
"43,35 : 0.51"
"35,44 : 0.2823"
"44,35 : 0.2823"
"35,45 : 0.8393"
"45,35 : 0.8393"
"35,46 : 1.1456"
"46,35 : 1.1456"
"35,47 : 0.6931"
"47,35 : 0.6931"
"35,48 : 1.0683"
"48,35 : 1.0683"
"35,49 : 0.2402"
"49,35 : 0.2402"
"36,37 : 0.2402"
"37,36 : 0.2402"
"36,38 : 0.1503"
"38,36 : 0.1503"
"36,39 : 0.5831"
"39,36 : 0.5831"
"36,40 : 0.4105"
"40,36 : 0.4105"
"36,41 : 0.7072"
"41,36 : 0.7072"
"36,42 : 0.5595"
"42,36 : 0.5595"
"36,43 : 0.6061"
"43,36 : 0.6061"
"36,44 : 0.8493"
"44,36 : 0.8493"
"36,45 : 0.2377"
"45,36 : 0.2377"
"36,46 : 0.7269"
"46,36 : 0.7269"
"36,47 : 0.4837"
"47,36 : 0.4837"
"36,48 : 0.5604"
"48,36 : 0.5604"
"36,49 : 0.4884"
"49,36 : 0.4884"
"37,38 : 0.2968"
"38,37 : 0.2968"
"37,39 : 0.378"
"39,37 : 0.378"
"37,40 : 0.26"
"40,37 : 0.26"
"37,41 : 0.5682"
"41,37 : 0.5682"
"37,42 : 0.5009"
"42,37 : 0.5009"
"37,43 : 0.4494"
"43,37 : 0.4494"
"37,44 : 0.6198"
"44,37 : 0.6198"
"37,45 : 0.3842"
"45,37 : 0.3842"
"37,46 : 0.8053"
"46,37 : 0.8053"
"37,47 : 0.43"
"47,37 : 0.43"
"37,48 : 0.6742"
"48,37 : 0.6742"
"37,49 : 0.253"
"49,37 : 0.253"
"38,39 : 0.5544"
"39,38 : 0.5544"
"38,40 : 0.359"
"40,38 : 0.359"
"38,41 : 0.6213"
"41,38 : 0.6213"
"38,42 : 0.4405"
"42,38 : 0.4405"
"38,43 : 0.5371"
"43,38 : 0.5371"
"38,44 : 0.8405"
"44,38 : 0.8405"
"38,45 : 0.0943"
"45,38 : 0.0943"
"38,46 : 0.5771"
"46,38 : 0.5771"
"38,47 : 0.368"
"47,38 : 0.368"
"38,48 : 0.4144"
"48,38 : 0.4144"
"38,49 : 0.5456"
"49,38 : 0.5456"
"39,40 : 0.2002"
"40,39 : 0.2002"
"39,41 : 0.2717"
"41,39 : 0.2717"
"39,42 : 0.3818"
"42,39 : 0.3818"
"39,43 : 0.1616"
"43,39 : 0.1616"
"39,44 : 0.2927"
"44,39 : 0.2927"
"39,45 : 0.6001"
"45,39 : 0.6001"
"39,46 : 0.8122"
"46,39 : 0.8122"
"39,47 : 0.3606"
"47,39 : 0.3606"
"39,48 : 0.7606"
"48,39 : 0.7606"
"39,49 : 0.3158"
"49,39 : 0.3158"
"40,41 : 0.3106"
"41,40 : 0.3106"
"40,42 : 0.2693"
"42,40 : 0.2693"
"40,43 : 0.198"
"43,40 : 0.198"
"40,44 : 0.4925"
"44,40 : 0.4925"
"40,45 : 0.4"
"45,40 : 0.4"
"40,46 : 0.6586"
"46,40 : 0.6586"
"40,47 : 0.2147"
"47,40 : 0.2147"
"40,48 : 0.5798"
"48,40 : 0.5798"
"40,49 : 0.3493"
"49,40 : 0.3493"
"41,42 : 0.24"
"42,41 : 0.24"
"41,43 : 0.1237"
"43,41 : 0.1237"
"41,44 : 0.4455"
"44,41 : 0.4455"
"41,45 : 0.6265"
"45,41 : 0.6265"
"41,46 : 0.6519"
"46,41 : 0.6519"
"41,47 : 0.2789"
"47,41 : 0.2789"
"41,48 : 0.6619"
"48,41 : 0.6619"
"41,49 : 0.5808"
"49,41 : 0.5808"
"42,43 : 0.2419"
"43,42 : 0.2419"
"42,44 : 0.6401"
"44,42 : 0.6401"
"42,45 : 0.4201"
"45,42 : 0.4201"
"42,46 : 0.4357"
"46,42 : 0.4357"
"42,47 : 0.0762"
"47,42 : 0.0762"
"42,48 : 0.423"
"48,42 : 0.423"
"42,49 : 0.6168"
"49,42 : 0.6168"
"43,44 : 0.3982"
