x,y
0.68,0.55
0.34,0.24
0.49,0.63
0.75,0.25
0.07,0.29
0.13,0.2
0.45,0.26
0.42,0.93
0.48,0.29
0.48,0.51
0.41,0.61
0.1,0.96
0.5,0.34
0.01,0.14
0.61,0.88
0.79,0.75
0.56,0.28
0.84,0.91
0.91,0.54
0.09,0.4
0.84,0.12
0.53,0.35
0.14,0.27
0.51,0.26
0.37,0.49
0.09,0.71
0.99,0.13
0.8,0.69
0.54,0.9
0.07,0.14
0.33,0.92
0.56,0.66
0.19,0.27
0.64,0.1
0.8,0.1
0.76,0.4
0.36,0.63
0.68,0.07
0.17,0.56
0.09,0.84
0.54,0.02
0.28,0.81
0.84,0.35
0.67,0.65
0.05,0.12
0.82,0.41
0.98,0.07
0.33,0.18
0.29,0.31
0.31,0.56

Distanze
"0,1 : 0.4601"
"1,0 : 0.4601"
"0,2 : 0.2062"
"2,0 : 0.2062"
"0,3 : 0.3081"
"3,0 : 0.3081"
"0,4 : 0.6631"
"4,0 : 0.6631"
"0,5 : 0.6519"
"5,0 : 0.6519"
"0,6 : 0.3701"
"6,0 : 0.3701"
"0,7 : 0.4604"
"7,0 : 0.4604"
"0,8 : 0.328"
"8,0 : 0.328"
"0,9 : 0.204"
"9,0 : 0.204"
"0,10 : 0.2766"
"10,0 : 0.2766"
"0,11 : 0.7103"
"11,0 : 0.7103"
"0,12 : 0.2766"
"12,0 : 0.2766"
"0,13 : 0.7855"
"13,0 : 0.7855"
"0,14 : 0.3373"
"14,0 : 0.3373"
"0,15 : 0.2283"
"15,0 : 0.2283"
"0,16 : 0.2955"
"16,0 : 0.2955"
"0,17 : 0.394"
"17,0 : 0.394"
"0,18 : 0.2302"
"18,0 : 0.2302"
"0,19 : 0.6088"
"19,0 : 0.6088"
"0,20 : 0.4588"
"20,0 : 0.4588"
"0,21 : 0.25"
"21,0 : 0.25"
"0,22 : 0.6083"
"22,0 : 0.6083"
"0,23 : 0.3362"
"23,0 : 0.3362"
"0,24 : 0.3158"
"24,0 : 0.3158"
"0,25 : 0.6113"
"25,0 : 0.6113"
"0,26 : 0.522"
"26,0 : 0.522"
"0,27 : 0.1844"
"27,0 : 0.1844"
"0,28 : 0.377"
"28,0 : 0.377"
"0,29 : 0.735"
"29,0 : 0.735"
"0,30 : 0.5093"
"30,0 : 0.5093"
"0,31 : 0.1628"
"31,0 : 0.1628"
"0,32 : 0.5644"
"32,0 : 0.5644"
"0,33 : 0.4518"
"33,0 : 0.4518"
"0,34 : 0.4657"
"34,0 : 0.4657"
"0,35 : 0.17"
"35,0 : 0.17"
"0,36 : 0.3298"
"36,0 : 0.3298"
"0,37 : 0.48"
"37,0 : 0.48"
"0,38 : 0.5101"
"38,0 : 0.5101"
"0,39 : 0.6574"
"39,0 : 0.6574"
"0,40 : 0.5482"
"40,0 : 0.5482"
"0,41 : 0.4771"
"41,0 : 0.4771"
"0,42 : 0.2561"
"42,0 : 0.2561"
"0,43 : 0.1005"
"43,0 : 0.1005"
"0,44 : 0.7628"
"44,0 : 0.7628"
"0,45 : 0.198"
"45,0 : 0.198"
"0,46 : 0.566"
"46,0 : 0.566"
"0,47 : 0.5093"
"47,0 : 0.5093"
"0,48 : 0.4579"
"48,0 : 0.4579"
"0,49 : 0.3701"
"49,0 : 0.3701"
"1,2 : 0.4179"
"2,1 : 0.4179"
"1,3 : 0.4101"
"3,1 : 0.4101"
"1,4 : 0.2746"
"4,1 : 0.2746"
"1,5 : 0.2138"
"5,1 : 0.2138"
"1,6 : 0.1118"
"6,1 : 0.1118"
"1,7 : 0.6946"
"7,1 : 0.6946"
"1,8 : 0.1487"
"8,1 : 0.1487"
"1,9 : 0.3041"
"9,1 : 0.3041"
"1,10 : 0.3766"
"10,1 : 0.3766"
"1,11 : 0.7589"
"11,1 : 0.7589"
"1,12 : 0.1887"
"12,1 : 0.1887"
"1,13 : 0.3448"
"13,1 : 0.3448"
"1,14 : 0.6946"
"14,1 : 0.6946"
"1,15 : 0.6801"
"15,1 : 0.6801"
"1,16 : 0.2236"
"16,1 : 0.2236"
"1,17 : 0.836"
"17,1 : 0.836"
"1,18 : 0.6441"
"18,1 : 0.6441"
"1,19 : 0.2968"
"19,1 : 0.2968"
"1,20 : 0.5142"
"20,1 : 0.5142"
"1,21 : 0.2195"
"21,1 : 0.2195"
"1,22 : 0.2022"
"22,1 : 0.2022"
"1,23 : 0.1712"
"23,1 : 0.1712"
"1,24 : 0.2518"
"24,1 : 0.2518"
"1,25 : 0.5324"
"25,1 : 0.5324"
"1,26 : 0.6592"
"26,1 : 0.6592"
"1,27 : 0.6435"
"27,1 : 0.6435"
"1,28 : 0.6896"
"28,1 : 0.6896"
"1,29 : 0.2879"
"29,1 : 0.2879"
"1,30 : 0.6801"
"30,1 : 0.6801"
"1,31 : 0.4741"
"31,1 : 0.4741"
"1,32 : 0.153"
"32,1 : 0.153"
"1,33 : 0.3311"
"33,1 : 0.3311"
"1,34 : 0.4808"
"34,1 : 0.4808"
"1,35 : 0.4494"
"35,1 : 0.4494"
"1,36 : 0.3905"
"36,1 : 0.3905"
"1,37 : 0.3801"
"37,1 : 0.3801"
"1,38 : 0.3624"
"38,1 : 0.3624"
"1,39 : 0.65"
"39,1 : 0.65"
"1,40 : 0.2973"
"40,1 : 0.2973"
"1,41 : 0.5731"
"41,1 : 0.5731"
"1,42 : 0.512"
"42,1 : 0.512"
"1,43 : 0.5263"
"43,1 : 0.5263"
"1,44 : 0.3138"
"44,1 : 0.3138"
"1,45 : 0.5092"
"45,1 : 0.5092"
"1,46 : 0.6622"
"46,1 : 0.6622"
"1,47 : 0.0608"
"47,1 : 0.0608"
"1,48 : 0.086"
"48,1 : 0.086"
"1,49 : 0.3214"
"49,1 : 0.3214"
"2,3 : 0.4604"
"3,2 : 0.4604"
"2,4 : 0.5404"
"4,2 : 0.5404"
"2,5 : 0.5608"
"5,2 : 0.5608"
"2,6 : 0.3722"
"6,2 : 0.3722"
"2,7 : 0.3081"
"7,2 : 0.3081"
"2,8 : 0.3401"
"8,2 : 0.3401"
"2,9 : 0.1204"
"9,2 : 0.1204"
"2,10 : 0.0825"
"10,2 : 0.0825"
"2,11 : 0.5109"
"11,2 : 0.5109"
"2,12 : 0.2902"
"12,2 : 0.2902"
"2,13 : 0.6859"
"13,2 : 0.6859"
"2,14 : 0.2773"
"14,2 : 0.2773"
"2,15 : 0.3231"
"15,2 : 0.3231"
"2,16 : 0.3569"
"16,2 : 0.3569"
"2,17 : 0.4482"
"17,2 : 0.4482"
"2,18 : 0.4295"
"18,2 : 0.4295"
"2,19 : 0.4614"
"19,2 : 0.4614"
"2,20 : 0.6185"
"20,2 : 0.6185"
"2,21 : 0.2828"
"21,2 : 0.2828"
"2,22 : 0.5021"
"22,2 : 0.5021"
"2,23 : 0.3705"
"23,2 : 0.3705"
"2,24 : 0.1844"
"24,2 : 0.1844"
"2,25 : 0.4079"
"25,2 : 0.4079"
"2,26 : 0.7071"
"26,2 : 0.7071"
"2,27 : 0.3158"
"27,2 : 0.3158"
"2,28 : 0.2746"
"28,2 : 0.2746"
"2,29 : 0.6454"
"29,2 : 0.6454"
"2,30 : 0.3312"
"30,2 : 0.3312"
"2,31 : 0.0762"
"31,2 : 0.0762"
"2,32 : 0.4686"
"32,2 : 0.4686"
"2,33 : 0.5508"
"33,2 : 0.5508"
"2,34 : 0.614"
"34,2 : 0.614"
"2,35 : 0.3547"
"35,2 : 0.3547"
"2,36 : 0.13"
"36,2 : 0.13"
"2,37 : 0.5914"
"37,2 : 0.5914"
"2,38 : 0.3276"
"38,2 : 0.3276"
"2,39 : 0.4518"
"39,2 : 0.4518"
"2,40 : 0.612"
"40,2 : 0.612"
"2,41 : 0.2766"
"41,2 : 0.2766"
"2,42 : 0.4482"
"42,2 : 0.4482"
"2,43 : 0.1811"
"43,2 : 0.1811"
"2,44 : 0.6736"
"44,2 : 0.6736"
"2,45 : 0.3966"
"45,2 : 0.3966"
"2,46 : 0.7441"
"46,2 : 0.7441"
"2,47 : 0.4776"
"47,2 : 0.4776"
"2,48 : 0.3774"
"48,2 : 0.3774"
"2,49 : 0.1931"
"49,2 : 0.1931"
"3,4 : 0.6812"
"4,3 : 0.6812"
"3,5 : 0.622"
"5,3 : 0.622"
"3,6 : 0.3002"
"6,3 : 0.3002"
"3,7 : 0.7558"
"7,3 : 0.7558"
"3,8 : 0.2729"
"8,3 : 0.2729"
"3,9 : 0.3748"
"9,3 : 0.3748"
"3,10 : 0.4952"
"10,3 : 0.4952"
"3,11 : 0.9626"
"11,3 : 0.9626"
"3,12 : 0.2657"
"12,3 : 0.2657"
"3,13 : 0.7481"
"13,3 : 0.7481"
"3,14 : 0.6454"
"14,3 : 0.6454"
"3,15 : 0.5016"
"15,3 : 0.5016"
"3,16 : 0.1924"
"16,3 : 0.1924"
"3,17 : 0.6661"
"17,3 : 0.6661"
"3,18 : 0.3312"
"18,3 : 0.3312"
"3,19 : 0.6768"
"19,3 : 0.6768"
"3,20 : 0.1581"
"20,3 : 0.1581"
"3,21 : 0.2417"
"21,3 : 0.2417"
"3,22 : 0.6103"
"22,3 : 0.6103"
"3,23 : 0.2402"
"23,3 : 0.2402"
"3,24 : 0.4494"
"24,3 : 0.4494"
"3,25 : 0.8045"
"25,3 : 0.8045"
"3,26 : 0.2683"
"26,3 : 0.2683"
"3,27 : 0.4428"
"27,3 : 0.4428"
"3,28 : 0.6831"
"28,3 : 0.6831"
"3,29 : 0.6888"
"29,3 : 0.6888"
"3,30 : 0.7908"
"30,3 : 0.7908"
"3,31 : 0.4519"
"31,3 : 0.4519"
"3,32 : 0.5604"
"32,3 : 0.5604"
"3,33 : 0.186"
"33,3 : 0.186"
"3,34 : 0.1581"
"34,3 : 0.1581"
"3,35 : 0.1503"
"35,3 : 0.1503"
"3,36 : 0.5445"
"36,3 : 0.5445"
"3,37 : 0.1931"
"37,3 : 0.1931"
"3,38 : 0.6576"
"38,3 : 0.6576"
"3,39 : 0.8853"
"39,3 : 0.8853"
"3,40 : 0.3114"
"40,3 : 0.3114"
"3,41 : 0.7311"
"41,3 : 0.7311"
"3,42 : 0.1345"
"42,3 : 0.1345"
"3,43 : 0.4079"
"43,3 : 0.4079"
"3,44 : 0.712"
"44,3 : 0.712"
"3,45 : 0.1746"
"45,3 : 0.1746"
"3,46 : 0.2921"
"46,3 : 0.2921"
"3,47 : 0.4258"
"47,3 : 0.4258"
"3,48 : 0.4639"
"48,3 : 0.4639"
"3,49 : 0.5382"
"49,3 : 0.5382"
"4,5 : 0.1082"
"5,4 : 0.1082"
"4,6 : 0.3812"
"6,4 : 0.3812"
"4,7 : 0.7295"
"7,4 : 0.7295"
"4,8 : 0.41"
"8,4 : 0.41"
"4,9 : 0.4653"
"9,4 : 0.4653"
"4,10 : 0.4669"
"10,4 : 0.4669"
"4,11 : 0.6707"
"11,4 : 0.6707"
"4,12 : 0.4329"
"12,4 : 0.4329"
"4,13 : 0.1616"
"13,4 : 0.1616"
"4,14 : 0.7998"
"14,4 : 0.7998"
"4,15 : 0.8544"
"15,4 : 0.8544"
"4,16 : 0.4901"
"16,4 : 0.4901"
"4,17 : 0.9886"
"17,4 : 0.9886"
"4,18 : 0.8764"
"18,4 : 0.8764"
"4,19 : 0.1118"
"19,4 : 0.1118"
"4,20 : 0.7885"
"20,4 : 0.7885"
"4,21 : 0.4639"
"21,4 : 0.4639"
"4,22 : 0.0728"
"22,4 : 0.0728"
"4,23 : 0.441"
"23,4 : 0.441"
"4,24 : 0.3606"
"24,4 : 0.3606"
"4,25 : 0.4205"
"25,4 : 0.4205"
"4,26 : 0.9338"
"26,4 : 0.9338"
"4,27 : 0.8324"
"27,4 : 0.8324"
"4,28 : 0.7701"
"28,4 : 0.7701"
"4,29 : 0.15"
"29,4 : 0.15"
"4,30 : 0.6815"
"30,4 : 0.6815"
"4,31 : 0.614"
"31,4 : 0.614"
"4,32 : 0.1217"
"32,4 : 0.1217"
"4,33 : 0.6008"
"33,4 : 0.6008"
"4,34 : 0.7543"
"34,4 : 0.7543"
"4,35 : 0.6987"
"35,4 : 0.6987"
"4,36 : 0.4469"
"36,4 : 0.4469"
"4,37 : 0.6485"
"37,4 : 0.6485"
"4,38 : 0.2879"
"38,4 : 0.2879"
"4,39 : 0.5504"
"39,4 : 0.5504"
"4,40 : 0.542"
"40,4 : 0.542"
"4,41 : 0.5608"
"41,4 : 0.5608"
"4,42 : 0.7723"
"42,4 : 0.7723"
"4,43 : 0.6997"
"43,4 : 0.6997"
"4,44 : 0.1712"
"44,4 : 0.1712"
"4,45 : 0.7595"
"45,4 : 0.7595"
"4,46 : 0.9362"
"46,4 : 0.9362"
"4,47 : 0.2823"
"47,4 : 0.2823"
"4,48 : 0.2209"
"48,4 : 0.2209"
"4,49 : 0.3612"
"49,4 : 0.3612"
"5,6 : 0.3256"
"6,5 : 0.3256"
"5,7 : 0.7855"
"7,5 : 0.7855"
"5,8 : 0.3614"
"8,5 : 0.3614"
"5,9 : 0.4675"
"9,5 : 0.4675"
"5,10 : 0.4965"
"10,5 : 0.4965"
"5,11 : 0.7606"
"11,5 : 0.7606"
"5,12 : 0.3956"
"12,5 : 0.3956"
"5,13 : 0.1342"
"13,5 : 0.1342"
"5,14 : 0.8323"
"14,5 : 0.8323"
"5,15 : 0.8591"
"15,5 : 0.8591"
"5,16 : 0.4374"
"16,5 : 0.4374"
"5,17 : 1.0041"
"17,5 : 1.0041"
"5,18 : 0.8509"
"18,5 : 0.8509"
"5,19 : 0.204"
"19,5 : 0.204"
"5,20 : 0.7145"
"20,5 : 0.7145"
"5,21 : 0.4272"
"21,5 : 0.4272"
"5,22 : 0.0707"
"22,5 : 0.0707"
"5,23 : 0.3847"
"23,5 : 0.3847"
"5,24 : 0.3764"
"24,5 : 0.3764"
"5,25 : 0.5116"
"25,5 : 0.5116"
"5,26 : 0.8628"
"26,5 : 0.8628"
"5,27 : 0.8301"
"27,5 : 0.8301"
"5,28 : 0.8112"
"28,5 : 0.8112"
"5,29 : 0.0849"
"29,5 : 0.0849"
"5,30 : 0.7473"
"30,5 : 0.7473"
"5,31 : 0.6297"
"31,5 : 0.6297"
"5,32 : 0.0922"
"32,5 : 0.0922"
"5,33 : 0.5197"
"33,5 : 0.5197"
"5,34 : 0.6774"
"34,5 : 0.6774"
"5,35 : 0.661"
"35,5 : 0.661"
"5,36 : 0.4876"
"36,5 : 0.4876"
"5,37 : 0.5652"
"37,5 : 0.5652"
"5,38 : 0.3622"
"38,5 : 0.3622"
"5,39 : 0.6412"
"39,5 : 0.6412"
"5,40 : 0.4478"
"40,5 : 0.4478"
"5,41 : 0.6282"
"41,5 : 0.6282"
"5,42 : 0.7257"
"42,5 : 0.7257"
"5,43 : 0.7029"
"43,5 : 0.7029"
"5,44 : 0.1131"
"44,5 : 0.1131"
"5,45 : 0.7212"
"45,5 : 0.7212"
"5,46 : 0.8599"
"46,5 : 0.8599"
"5,47 : 0.201"
"47,5 : 0.201"
"5,48 : 0.1942"
"48,5 : 0.1942"
"5,49 : 0.4025"
"49,5 : 0.4025"
"6,7 : 0.6707"
"7,6 : 0.6707"
"6,8 : 0.0424"
"8,6 : 0.0424"
"6,9 : 0.2518"
"9,6 : 0.2518"
"6,10 : 0.3523"
"10,6 : 0.3523"
"6,11 : 0.7826"
"11,6 : 0.7826"
"6,12 : 0.0943"
"12,6 : 0.0943"
"6,13 : 0.4561"
"13,6 : 0.4561"
"6,14 : 0.6403"
"14,6 : 0.6403"
"6,15 : 0.5964"
"15,6 : 0.5964"
"6,16 : 0.1118"
"16,6 : 0.1118"
"6,17 : 0.758"
"17,6 : 0.758"
"6,18 : 0.5385"
"18,6 : 0.5385"
"6,19 : 0.3863"
"19,6 : 0.3863"
"6,20 : 0.4144"
"20,6 : 0.4144"
"6,21 : 0.1204"
"21,6 : 0.1204"
"6,22 : 0.3102"
"22,6 : 0.3102"
"6,23 : 0.06"
"23,6 : 0.06"
"6,24 : 0.2435"
"24,6 : 0.2435"
"6,25 : 0.5763"
"25,6 : 0.5763"
"6,26 : 0.5554"
"26,6 : 0.5554"
"6,27 : 0.5544"
"27,6 : 0.5544"
"6,28 : 0.6463"
"28,6 : 0.6463"
"6,29 : 0.3985"
"29,6 : 0.3985"
"6,30 : 0.6708"
"30,6 : 0.6708"
"6,31 : 0.4148"
"31,6 : 0.4148"
"6,32 : 0.2602"
"32,6 : 0.2602"
"6,33 : 0.2484"
"33,6 : 0.2484"
"6,34 : 0.3848"
"34,6 : 0.3848"
"6,35 : 0.3401"
"35,6 : 0.3401"
"6,36 : 0.3808"
"36,6 : 0.3808"
"6,37 : 0.2983"
"37,6 : 0.2983"
"6,38 : 0.4104"
"38,6 : 0.4104"
"6,39 : 0.6826"
"39,6 : 0.6826"
"6,40 : 0.2563"
"40,6 : 0.2563"
"6,41 : 0.5757"
"41,6 : 0.5757"
"6,42 : 0.4002"
"42,6 : 0.4002"
"6,43 : 0.4478"
"43,6 : 0.4478"
"6,44 : 0.4238"
"44,6 : 0.4238"
"6,45 : 0.3992"
"45,6 : 0.3992"
"6,46 : 0.563"
"46,6 : 0.563"
"6,47 : 0.1442"
"47,6 : 0.1442"
"6,48 : 0.1676"
"48,6 : 0.1676"
"6,49 : 0.3311"
"49,6 : 0.3311"
"7,8 : 0.6428"
"8,7 : 0.6428"
"7,9 : 0.4243"
"9,7 : 0.4243"
"7,10 : 0.3202"
"10,7 : 0.3202"
"7,11 : 0.3214"
"11,7 : 0.3214"
"7,12 : 0.5954"
"12,7 : 0.5954"
"7,13 : 0.8901"
"13,7 : 0.8901"
"7,14 : 0.1965"
"14,7 : 0.1965"
"7,15 : 0.4115"
"15,7 : 0.4115"
"7,16 : 0.6649"
"16,7 : 0.6649"
"7,17 : 0.4205"
"17,7 : 0.4205"
"7,18 : 0.6263"
"18,7 : 0.6263"
"7,19 : 0.6243"
"19,7 : 0.6243"
"7,20 : 0.9124"
"20,7 : 0.9124"
"7,21 : 0.5903"
"21,7 : 0.5903"
"7,22 : 0.7169"
"22,7 : 0.7169"
"7,23 : 0.676"
"23,7 : 0.676"
"7,24 : 0.4428"
"24,7 : 0.4428"
"7,25 : 0.3966"
"25,7 : 0.3966"
"7,26 : 0.9823"
"26,7 : 0.9823"
"7,27 : 0.4494"
"27,7 : 0.4494"
"7,28 : 0.1237"
"28,7 : 0.1237"
"7,29 : 0.8641"
"29,7 : 0.8641"
"7,30 : 0.0906"
"30,7 : 0.0906"
"7,31 : 0.3041"
"31,7 : 0.3041"
"7,32 : 0.6989"
"32,7 : 0.6989"
"7,33 : 0.8587"
"33,7 : 0.8587"
"7,34 : 0.9129"
"34,7 : 0.9129"
"7,35 : 0.6297"
"35,7 : 0.6297"
"7,36 : 0.3059"
"36,7 : 0.3059"
"7,37 : 0.8984"
"37,7 : 0.8984"
"7,38 : 0.4465"
"38,7 : 0.4465"
"7,39 : 0.3421"
"39,7 : 0.3421"
"7,40 : 0.9179"
"40,7 : 0.9179"
"7,41 : 0.1844"
"41,7 : 0.1844"
"7,42 : 0.7161"
"42,7 : 0.7161"
"7,43 : 0.3754"
"43,7 : 0.3754"
"7,44 : 0.8905"
"44,7 : 0.8905"
"7,45 : 0.656"
"45,7 : 0.656"
"7,46 : 1.0263"
"46,7 : 1.0263"
"7,47 : 0.7554"
"47,7 : 0.7554"
"7,48 : 0.6335"
"48,7 : 0.6335"
"7,49 : 0.386"
"49,7 : 0.386"
"8,9 : 0.22"
"9,8 : 0.22"
"8,10 : 0.3276"
"10,8 : 0.3276"
"8,11 : 0.7703"
"11,8 : 0.7703"
"8,12 : 0.0539"
"12,8 : 0.0539"
"8,13 : 0.4934"
"13,8 : 0.4934"
"8,14 : 0.6042"
"14,8 : 0.6042"
"8,15 : 0.5547"
"15,8 : 0.5547"
"8,16 : 0.0806"
"16,8 : 0.0806"
"8,17 : 0.7169"
"17,8 : 0.7169"
"8,18 : 0.4974"
"18,8 : 0.4974"
"8,19 : 0.4052"
"19,8 : 0.4052"
"8,20 : 0.3981"
"20,8 : 0.3981"
"8,21 : 0.0781"
"21,8 : 0.0781"
"8,22 : 0.3406"
"22,8 : 0.3406"
"8,23 : 0.0424"
"23,8 : 0.0424"
"8,24 : 0.2283"
"24,8 : 0.2283"
"8,25 : 0.5731"
"25,8 : 0.5731"
"8,26 : 0.5345"
"26,8 : 0.5345"
"8,27 : 0.5122"
"27,8 : 0.5122"
"8,28 : 0.6129"
"28,8 : 0.6129"
"8,29 : 0.4366"
"29,8 : 0.4366"
"8,30 : 0.6476"
"30,8 : 0.6476"
"8,31 : 0.3785"
"31,8 : 0.3785"
"8,32 : 0.2907"
"32,8 : 0.2907"
"8,33 : 0.2484"
"33,8 : 0.2484"
"8,34 : 0.3722"
"34,8 : 0.3722"
"8,35 : 0.3008"
"35,8 : 0.3008"
"8,36 : 0.3606"
"36,8 : 0.3606"
"8,37 : 0.2973"
"37,8 : 0.2973"
"8,38 : 0.4111"
"38,8 : 0.4111"
"8,39 : 0.6742"
"39,8 : 0.6742"
"8,40 : 0.2766"
"40,8 : 0.2766"
"8,41 : 0.5571"
"41,8 : 0.5571"
"8,42 : 0.365"
"42,8 : 0.365"
"8,43 : 0.4071"
"43,8 : 0.4071"
"8,44 : 0.4624"
"44,8 : 0.4624"
"8,45 : 0.3606"
"45,8 : 0.3606"
"8,46 : 0.5463"
"46,8 : 0.5463"
"8,47 : 0.186"
"47,8 : 0.186"
"8,48 : 0.191"
"48,8 : 0.191"
"8,49 : 0.3191"
"49,8 : 0.3191"
"9,10 : 0.1221"
"10,9 : 0.1221"
"9,11 : 0.589"
"11,9 : 0.589"
"9,12 : 0.1712"
"12,9 : 0.1712"
"9,13 : 0.5982"
"13,9 : 0.5982"
"9,14 : 0.3922"
"14,9 : 0.3922"
"9,15 : 0.392"
"15,9 : 0.392"
"9,16 : 0.2435"
"16,9 : 0.2435"
"9,17 : 0.5381"
"17,9 : 0.5381"
"9,18 : 0.431"
"18,9 : 0.431"
"9,19 : 0.4052"
"19,9 : 0.4052"
"9,20 : 0.5308"
"20,9 : 0.5308"
"9,21 : 0.1676"
"21,9 : 0.1676"
"9,22 : 0.4162"
"22,9 : 0.4162"
"9,23 : 0.2518"
"23,9 : 0.2518"
"9,24 : 0.1118"
"24,9 : 0.1118"
"9,25 : 0.4383"
"25,9 : 0.4383"
"9,26 : 0.636"
"26,9 : 0.636"
"9,27 : 0.3672"
"27,9 : 0.3672"
"9,28 : 0.3946"
"28,9 : 0.3946"
"9,29 : 0.5523"
"29,9 : 0.5523"
"9,30 : 0.4366"
"30,9 : 0.4366"
"9,31 : 0.17"
"31,9 : 0.17"
"9,32 : 0.3764"
"32,9 : 0.3764"
"9,33 : 0.4401"
"33,9 : 0.4401"
"9,34 : 0.5201"
"34,9 : 0.5201"
"9,35 : 0.3008"
"35,9 : 0.3008"
"9,36 : 0.1697"
"36,9 : 0.1697"
"9,37 : 0.4833"
"37,9 : 0.4833"
"9,38 : 0.314"
"38,9 : 0.314"
"9,39 : 0.5109"
"39,9 : 0.5109"
"9,40 : 0.4937"
"40,9 : 0.4937"
"9,41 : 0.3606"
"41,9 : 0.3606"
"9,42 : 0.394"
"42,9 : 0.394"
"9,43 : 0.236"
"43,9 : 0.236"
"9,44 : 0.5805"
"44,9 : 0.5805"
"9,45 : 0.3544"
"45,9 : 0.3544"
"9,46 : 0.666"
"46,9 : 0.666"
"9,47 : 0.3625"
"47,9 : 0.3625"
"9,48 : 0.2759"
"48,9 : 0.2759"
"9,49 : 0.1772"
"49,9 : 0.1772"
"10,11 : 0.4675"
"11,10 : 0.4675"
"10,12 : 0.2846"
"12,10 : 0.2846"
"10,13 : 0.6172"
"13,10 : 0.6172"
"10,14 : 0.336"
"14,10 : 0.336"
"10,15 : 0.405"
"15,10 : 0.405"
"10,16 : 0.3625"
"16,10 : 0.3625"
"10,17 : 0.5243"
"17,10 : 0.5243"
"10,18 : 0.5049"
"18,10 : 0.5049"
"10,19 : 0.3828"
"19,10 : 0.3828"
"10,20 : 0.6519"
"20,10 : 0.6519"
"10,21 : 0.2864"
"21,10 : 0.2864"
"10,22 : 0.4342"
"22,10 : 0.4342"
"10,23 : 0.364"
"23,10 : 0.364"
"10,24 : 0.1265"
"24,10 : 0.1265"
"10,25 : 0.3353"
"25,10 : 0.3353"
"10,26 : 0.7529"
"26,10 : 0.7529"
"10,27 : 0.3981"
"27,10 : 0.3981"
"10,28 : 0.3178"
"28,10 : 0.3178"
"10,29 : 0.5801"
"29,10 : 0.5801"
"10,30 : 0.3202"
"30,10 : 0.3202"
"10,31 : 0.1581"
"31,10 : 0.1581"
"10,32 : 0.405"
"32,10 : 0.405"
"10,33 : 0.5595"
"33,10 : 0.5595"
"10,34 : 0.642"
"34,10 : 0.642"
"10,35 : 0.4082"
"35,10 : 0.4082"
"10,36 : 0.0539"
"36,10 : 0.0539"
"10,37 : 0.6037"
"37,10 : 0.6037"
"10,38 : 0.2452"
"38,10 : 0.2452"
"10,39 : 0.3941"
"39,10 : 0.3941"
"10,40 : 0.6042"
"40,10 : 0.6042"
"10,41 : 0.2385"
"41,10 : 0.2385"
"10,42 : 0.5025"
"42,10 : 0.5025"
"10,43 : 0.2631"
"43,10 : 0.2631"
"10,44 : 0.608"
"44,10 : 0.608"
"10,45 : 0.4562"
"45,10 : 0.4562"
"10,46 : 0.7852"
"46,10 : 0.7852"
"10,47 : 0.4374"
"47,10 : 0.4374"
"10,48 : 0.3231"
"48,10 : 0.3231"
"10,49 : 0.1118"
"49,10 : 0.1118"
"11,12 : 0.7378"
"12,11 : 0.7378"
"11,13 : 0.8249"
"13,11 : 0.8249"
"11,14 : 0.5162"
"14,11 : 0.5162"
"11,15 : 0.7212"
"15,11 : 0.7212"
"11,16 : 0.821"
"16,11 : 0.821"
"11,17 : 0.7417"
"17,11 : 0.7417"
"11,18 : 0.9124"
"18,11 : 0.9124"
"11,19 : 0.5601"
"19,11 : 0.5601"
"11,20 : 1.1195"
"20,11 : 1.1195"
"11,21 : 0.7463"
"21,11 : 0.7463"
"11,22 : 0.6912"
"22,11 : 0.6912"
"11,23 : 0.8112"
"23,11 : 0.8112"
"11,24 : 0.542"
"24,11 : 0.542"
"11,25 : 0.2502"
"25,11 : 0.2502"
"11,26 : 1.217"
"26,11 : 1.217"
"11,27 : 0.7503"
"27,11 : 0.7503"
"11,28 : 0.4441"
"28,11 : 0.4441"
"11,29 : 0.8205"
"29,11 : 0.8205"
"11,30 : 0.2335"
"30,11 : 0.2335"
"11,31 : 0.5492"
"31,11 : 0.5492"
"11,32 : 0.6958"
"32,11 : 0.6958"
"11,33 : 1.0155"
"33,11 : 1.0155"
"11,34 : 1.1089"
"34,11 : 1.1089"
"11,35 : 0.8656"
"35,11 : 0.8656"
"11,36 : 0.4201"
"36,11 : 0.4201"
"11,37 : 1.0623"
"37,11 : 1.0623"
"11,38 : 0.4061"
"38,11 : 0.4061"
"11,39 : 0.1204"
"39,11 : 0.1204"
"11,40 : 1.0379"
"40,11 : 1.0379"
"11,41 : 0.2343"
"41,11 : 0.2343"
"11,42 : 0.959"
"42,11 : 0.959"
"11,43 : 0.6488"
"43,11 : 0.6488"
"11,44 : 0.8415"
"44,11 : 0.8415"
"11,45 : 0.906"
"45,11 : 0.906"
"11,46 : 1.2516"
"46,11 : 1.2516"
"11,47 : 0.8132"
"47,11 : 0.8132"
"11,48 : 0.6772"
"48,11 : 0.6772"
"11,49 : 0.4518"
"49,11 : 0.4518"
"12,13 : 0.5292"
"13,12 : 0.5292"
"12,14 : 0.5511"
"14,12 : 0.5511"
"12,15 : 0.5022"
"15,12 : 0.5022"
"12,16 : 0.0849"
"16,12 : 0.0849"
"12,17 : 0.6637"
"17,12 : 0.6637"
"12,18 : 0.4562"
"18,12 : 0.4562"
"12,19 : 0.4144"
"19,12 : 0.4144"
"12,20 : 0.405"
"20,12 : 0.405"
"12,21 : 0.0316"
"21,12 : 0.0316"
"12,22 : 0.3667"
"22,12 : 0.3667"
"12,23 : 0.0806"
"23,12 : 0.0806"
"12,24 : 0.1985"
"24,12 : 0.1985"
"12,25 : 0.5523"
"25,12 : 0.5523"
"12,26 : 0.5331"
"26,12 : 0.5331"
"12,27 : 0.461"
"27,12 : 0.461"
"12,28 : 0.5614"
"28,12 : 0.5614"
"12,29 : 0.4742"
"29,12 : 0.4742"
"12,30 : 0.6044"
"30,12 : 0.6044"
"12,31 : 0.3256"
"31,12 : 0.3256"
"12,32 : 0.3178"
"32,12 : 0.3178"
"12,33 : 0.2778"
"33,12 : 0.2778"
"12,34 : 0.3842"
"34,12 : 0.3842"
"12,35 : 0.2668"
"35,12 : 0.2668"
"12,36 : 0.322"
"36,12 : 0.322"
"12,37 : 0.3245"
"37,12 : 0.3245"
"12,38 : 0.3966"
"38,12 : 0.3966"
"12,39 : 0.6466"
"39,12 : 0.6466"
"12,40 : 0.3225"
"40,12 : 0.3225"
"12,41 : 0.5189"
"41,12 : 0.5189"
"12,42 : 0.3401"
"42,12 : 0.3401"
"12,43 : 0.3536"
"43,12 : 0.3536"
"12,44 : 0.5009"
"44,12 : 0.5009"
"12,45 : 0.3276"
"45,12 : 0.3276"
"12,46 : 0.5507"
"46,12 : 0.5507"
"12,47 : 0.2335"
"47,12 : 0.2335"
"12,48 : 0.2121"
"48,12 : 0.2121"
"12,49 : 0.2907"
"49,12 : 0.2907"
"13,14 : 0.9527"
"14,13 : 0.9527"
"13,15 : 0.9902"
"15,13 : 0.9902"
"13,16 : 0.5675"
"16,13 : 0.5675"
"13,17 : 1.1322"
"17,13 : 1.1322"
"13,18 : 0.9849"
"18,13 : 0.9849"
"13,19 : 0.272"
"19,13 : 0.272"
"13,20 : 0.8302"
"20,13 : 0.8302"
"13,21 : 0.5608"
"21,13 : 0.5608"
"13,22 : 0.1838"
"22,13 : 0.1838"
"13,23 : 0.5142"
"23,13 : 0.5142"
"13,24 : 0.5021"
"24,13 : 0.5021"
"13,25 : 0.5756"
"25,13 : 0.5756"
"13,26 : 0.9801"
"26,13 : 0.9801"
"13,27 : 0.9626"
"27,13 : 0.9626"
"13,28 : 0.9266"
"28,13 : 0.9266"
"13,29 : 0.06"
"29,13 : 0.06"
"13,30 : 0.8431"
"30,13 : 0.8431"
"13,31 : 0.7569"
"31,13 : 0.7569"
"13,32 : 0.222"
"32,13 : 0.222"
"13,33 : 0.6313"
"33,13 : 0.6313"
"13,34 : 0.791"
"34,13 : 0.791"
"13,35 : 0.7938"
"35,13 : 0.7938"
"13,36 : 0.6022"
"36,13 : 0.6022"
"13,37 : 0.6736"
"37,13 : 0.6736"
"13,38 : 0.4494"
"38,13 : 0.4494"
"13,39 : 0.7046"
"39,13 : 0.7046"
"13,40 : 0.5434"
"40,13 : 0.5434"
"13,41 : 0.7224"
"41,13 : 0.7224"
"13,42 : 0.8562"
"42,13 : 0.8562"
"13,43 : 0.8341"
"43,13 : 0.8341"
"13,44 : 0.0447"
"44,13 : 0.0447"
"13,45 : 0.8538"
"45,13 : 0.8538"
"13,46 : 0.9725"
"46,13 : 0.9725"
"13,47 : 0.3225"
"47,13 : 0.3225"
"13,48 : 0.3276"
"48,13 : 0.3276"
"13,49 : 0.5161"
"49,13 : 0.5161"
"14,15 : 0.222"
"15,14 : 0.222"
"14,16 : 0.6021"
"16,14 : 0.6021"
"14,17 : 0.2319"
"17,14 : 0.2319"
"14,18 : 0.4534"
"18,14 : 0.4534"
"14,19 : 0.7077"
"19,14 : 0.7077"
"14,20 : 0.794"
"20,14 : 0.794"
"14,21 : 0.536"
"21,14 : 0.536"
"14,22 : 0.7701"
"22,14 : 0.7701"
"14,23 : 0.628"
"23,14 : 0.628"
"14,24 : 0.4579"
"24,14 : 0.4579"
"14,25 : 0.5471"
"25,14 : 0.5471"
"14,26 : 0.8408"
"26,14 : 0.8408"
"14,27 : 0.2687"
"27,14 : 0.2687"
"14,28 : 0.0728"
"28,14 : 0.0728"
"14,29 : 0.9161"
"29,14 : 0.9161"
"14,30 : 0.2828"
"30,14 : 0.2828"
"14,31 : 0.2256"
"31,14 : 0.2256"
"14,32 : 0.7406"
"32,14 : 0.7406"
"14,33 : 0.7806"
"33,14 : 0.7806"
"14,34 : 0.8028"
"34,14 : 0.8028"
"14,35 : 0.5029"
"35,14 : 0.5029"
"14,36 : 0.3536"
"36,14 : 0.3536"
"14,37 : 0.813"
"37,14 : 0.813"
"14,38 : 0.5441"
"38,14 : 0.5441"
"14,39 : 0.5215"
"39,14 : 0.5215"
"14,40 : 0.8628"
"40,14 : 0.8628"
"14,41 : 0.3373"
"41,14 : 0.3373"
"14,42 : 0.5778"
"42,14 : 0.5778"
"14,43 : 0.2377"
"43,14 : 0.2377"
"14,44 : 0.944"
"44,14 : 0.944"
"14,45 : 0.5148"
"45,14 : 0.5148"
"14,46 : 0.8905"
"46,14 : 0.8905"
"14,47 : 0.7539"
"47,14 : 0.7539"
"14,48 : 0.6537"
"48,14 : 0.6537"
"14,49 : 0.4386"
"49,14 : 0.4386"
"15,16 : 0.5233"
"16,15 : 0.5233"
"15,17 : 0.1676"
"17,15 : 0.1676"
"15,18 : 0.2419"
"18,15 : 0.2419"
"15,19 : 0.7826"
"19,15 : 0.7826"
"15,20 : 0.632"
"20,15 : 0.632"
"15,21 : 0.4771"
"21,15 : 0.4771"
"15,22 : 0.808"
"22,15 : 0.808"
"15,23 : 0.5644"
"23,15 : 0.5644"
"15,24 : 0.494"
"24,15 : 0.494"
"15,25 : 0.7011"
"25,15 : 0.7011"
"15,26 : 0.6515"
"26,15 : 0.6515"
"15,27 : 0.0608"
"27,15 : 0.0608"
"15,28 : 0.2915"
"28,15 : 0.2915"
"15,29 : 0.9437"
"29,15 : 0.9437"
"15,30 : 0.4904"
"30,15 : 0.4904"
"15,31 : 0.247"
"31,15 : 0.247"
"15,32 : 0.7684"
"32,15 : 0.7684"
"15,33 : 0.6671"
"33,15 : 0.6671"
"15,34 : 0.6501"
"34,15 : 0.6501"
"15,35 : 0.3513"
"35,15 : 0.3513"
"15,36 : 0.4464"
"36,15 : 0.4464"
"15,37 : 0.6888"
"37,15 : 0.6888"
"15,38 : 0.6485"
"38,15 : 0.6485"
"15,39 : 0.7058"
"39,15 : 0.7058"
"15,40 : 0.7716"
"40,15 : 0.7716"
"15,41 : 0.5135"
"41,15 : 0.5135"
"15,42 : 0.4031"
"42,15 : 0.4031"
"15,43 : 0.1562"
"43,15 : 0.1562"
"15,44 : 0.9719"
"44,15 : 0.9719"
"15,45 : 0.3413"
"45,15 : 0.3413"
"15,46 : 0.706"
"46,15 : 0.706"
"15,47 : 0.7325"
"47,15 : 0.7325"
"15,48 : 0.666"
"48,15 : 0.666"
"15,49 : 0.5162"
"49,15 : 0.5162"
"16,17 : 0.6894"
"17,16 : 0.6894"
"16,18 : 0.436"
"18,16 : 0.436"
"16,19 : 0.4851"
"19,16 : 0.4851"
"16,20 : 0.3225"
"20,16 : 0.3225"
"16,21 : 0.0762"
"21,16 : 0.0762"
"16,22 : 0.4201"
"22,16 : 0.4201"
"16,23 : 0.0539"
"23,16 : 0.0539"
"16,24 : 0.2832"
"24,16 : 0.2832"
"16,25 : 0.637"
"25,16 : 0.637"
"16,26 : 0.4554"
"26,16 : 0.4554"
"16,27 : 0.4751"
"27,16 : 0.4751"
"16,28 : 0.6203"
"28,16 : 0.6203"
"16,29 : 0.5096"
"29,16 : 0.5096"
"16,30 : 0.6801"
"30,16 : 0.6801"
"16,31 : 0.38"
"31,16 : 0.38"
"16,32 : 0.3701"
"32,16 : 0.3701"
"16,33 : 0.197"
"33,16 : 0.197"
"16,34 : 0.3"
"34,16 : 0.3"
"16,35 : 0.2332"
"35,16 : 0.2332"
"16,36 : 0.4031"
"36,16 : 0.4031"
"16,37 : 0.2419"
"37,16 : 0.2419"
"16,38 : 0.4801"
"38,16 : 0.4801"
"16,39 : 0.7311"
"39,16 : 0.7311"
"16,40 : 0.2608"
"40,16 : 0.2608"
"16,41 : 0.5994"
"41,16 : 0.5994"
"16,42 : 0.2886"
"42,16 : 0.2886"
"16,43 : 0.386"
"43,16 : 0.386"
"16,44 : 0.5345"
"44,16 : 0.5345"
"16,45 : 0.2907"
"45,16 : 0.2907"
"16,46 : 0.4696"
"46,16 : 0.4696"
"16,47 : 0.2508"
"47,16 : 0.2508"
"16,48 : 0.2717"
"48,16 : 0.2717"
"16,49 : 0.3754"
"49,16 : 0.3754"
"17,18 : 0.3766"
"18,17 : 0.3766"
"17,19 : 0.907"
"19,17 : 0.907"
"17,20 : 0.79"
"20,17 : 0.79"
"17,21 : 0.6401"
"21,17 : 0.6401"
"17,22 : 0.9485"
"22,17 : 0.9485"
"17,23 : 0.729"
"23,17 : 0.729"
"17,24 : 0.6303"
"24,17 : 0.6303"
"17,25 : 0.7762"
"25,17 : 0.7762"
"17,26 : 0.7943"
"26,17 : 0.7943"
"17,27 : 0.2236"
"27,17 : 0.2236"
"17,28 : 0.3002"
"28,17 : 0.3002"
"17,29 : 1.0889"
"29,17 : 1.0889"
"17,30 : 0.5101"
"30,17 : 0.5101"
"17,31 : 0.3754"
"31,17 : 0.3754"
"17,32 : 0.9122"
"32,17 : 0.9122"
"17,33 : 0.8343"
"33,17 : 0.8343"
"17,34 : 0.811"
"34,17 : 0.811"
"17,35 : 0.5162"
"35,17 : 0.5162"
"17,36 : 0.5557"
"36,17 : 0.5557"
"17,37 : 0.8551"
"37,17 : 0.8551"
"17,38 : 0.7559"
"38,17 : 0.7559"
"17,39 : 0.7533"
"39,17 : 0.7533"
"17,40 : 0.9392"
"40,17 : 0.9392"
"17,41 : 0.5689"
"41,17 : 0.5689"
"17,42 : 0.56"
"42,17 : 0.56"
"17,43 : 0.3106"
"43,17 : 0.3106"
"17,44 : 1.1172"
"44,17 : 1.1172"
"17,45 : 0.5004"
"45,17 : 0.5004"
"17,46 : 0.8516"
"46,17 : 0.8516"
"17,47 : 0.8905"
"47,17 : 0.8905"
"17,48 : 0.8139"
"48,17 : 0.8139"
"17,49 : 0.6351"
"49,17 : 0.6351"
"18,19 : 0.8319"
"19,18 : 0.8319"
"18,20 : 0.4258"
"20,18 : 0.4258"
"18,21 : 0.4249"
"21,18 : 0.4249"
"18,22 : 0.816"
"22,18 : 0.816"
"18,23 : 0.4883"
"23,18 : 0.4883"
"18,24 : 0.5423"
"24,18 : 0.5423"
"18,25 : 0.8374"
"25,18 : 0.8374"
"18,26 : 0.4177"
"26,18 : 0.4177"
"18,27 : 0.186"
"27,18 : 0.186"
"18,28 : 0.5162"
"28,18 : 0.5162"
"18,29 : 0.9304"
"29,18 : 0.9304"
"18,30 : 0.6934"
"30,18 : 0.6934"
"18,31 : 0.37"
"31,18 : 0.37"
"18,32 : 0.769"
"32,18 : 0.769"
"18,33 : 0.5162"
"33,18 : 0.5162"
"18,34 : 0.4535"
"34,18 : 0.4535"
"18,35 : 0.2052"
"35,18 : 0.2052"
"18,36 : 0.5573"
"36,18 : 0.5573"
"18,37 : 0.5233"
"37,18 : 0.5233"
"18,38 : 0.7403"
"38,18 : 0.7403"
"18,39 : 0.8732"
"39,18 : 0.8732"
"18,40 : 0.6382"
"40,18 : 0.6382"
"18,41 : 0.6854"
"41,18 : 0.6854"
"18,42 : 0.2025"
"42,18 : 0.2025"
"18,43 : 0.264"
"43,18 : 0.264"
"18,44 : 0.9571"
"44,18 : 0.9571"
"18,45 : 0.1581"
"45,18 : 0.1581"
"18,46 : 0.4752"
"46,18 : 0.4752"
"18,47 : 0.6826"
"47,18 : 0.6826"
"18,48 : 0.6613"
"48,18 : 0.6613"
"18,49 : 0.6003"
"49,18 : 0.6003"
"19,20 : 0.8006"
"20,19 : 0.8006"
"19,21 : 0.4428"
"21,19 : 0.4428"
"19,22 : 0.1393"
"22,19 : 0.1393"
"19,23 : 0.4427"
"23,19 : 0.4427"
"19,24 : 0.2941"
"24,19 : 0.2941"
"19,25 : 0.31"
"25,19 : 0.31"
"19,26 : 0.9396"
"26,19 : 0.9396"
"19,27 : 0.7669"
"27,19 : 0.7669"
"19,28 : 0.6727"
"28,19 : 0.6727"
"19,29 : 0.2608"
"29,19 : 0.2608"
"19,30 : 0.5727"
"30,19 : 0.5727"
"19,31 : 0.5371"
"31,19 : 0.5371"
"19,32 : 0.164"
"32,19 : 0.164"
"19,33 : 0.6265"
"33,19 : 0.6265"
"19,34 : 0.7708"
"34,19 : 0.7708"
"19,35 : 0.67"
"35,19 : 0.67"
"19,36 : 0.3547"
"36,19 : 0.3547"
"19,37 : 0.676"
"37,19 : 0.676"
"19,38 : 0.1789"
"38,19 : 0.1789"
"19,39 : 0.44"
"39,19 : 0.44"
"19,40 : 0.589"
"40,19 : 0.589"
"19,41 : 0.4519"
"41,19 : 0.4519"
"19,42 : 0.7517"
"42,19 : 0.7517"
"19,43 : 0.6316"
"43,19 : 0.6316"
"19,44 : 0.2828"
"44,19 : 0.2828"
"19,45 : 0.7301"
"45,19 : 0.7301"
"19,46 : 0.9492"
"46,19 : 0.9492"
"19,47 : 0.3256"
"47,19 : 0.3256"
"19,48 : 0.2193"
"48,19 : 0.2193"
"19,49 : 0.272"
"49,19 : 0.272"
"20,21 : 0.386"
"21,20 : 0.386"
"20,22 : 0.7159"
"22,20 : 0.7159"
"20,23 : 0.3585"
"23,20 : 0.3585"
"20,24 : 0.5982"
"24,20 : 0.5982"
"20,25 : 0.9543"
"25,20 : 0.9543"
"20,26 : 0.1503"
"26,20 : 0.1503"
"20,27 : 0.5714"
"27,20 : 0.5714"
"20,28 : 0.8357"
"28,20 : 0.8357"
"20,29 : 0.7703"
"29,20 : 0.7703"
"20,30 : 0.9487"
"30,20 : 0.9487"
"20,31 : 0.6083"
"31,20 : 0.6083"
"20,32 : 0.6671"
"32,20 : 0.6671"
"20,33 : 0.201"
"33,20 : 0.201"
"20,34 : 0.0447"
"34,20 : 0.0447"
"20,35 : 0.2912"
"35,20 : 0.2912"
"20,36 : 0.7004"
"36,20 : 0.7004"
"20,37 : 0.1676"
"37,20 : 0.1676"
"20,38 : 0.8016"
"38,20 : 0.8016"
"20,39 : 1.0397"
"39,20 : 1.0397"
"20,40 : 0.3162"
"40,20 : 0.3162"
"20,41 : 0.8887"
"41,20 : 0.8887"
"20,42 : 0.23"
"42,20 : 0.23"
"20,43 : 0.5566"
"43,20 : 0.5566"
"20,44 : 0.79"
"44,20 : 0.79"
"20,45 : 0.2907"
"45,20 : 0.2907"
"20,46 : 0.1487"
"46,20 : 0.1487"
"20,47 : 0.5135"
"47,20 : 0.5135"
"20,48 : 0.5819"
"48,20 : 0.5819"
"20,49 : 0.6888"
"49,20 : 0.6888"
"21,22 : 0.3981"
"22,21 : 0.3981"
"21,23 : 0.0922"
"23,21 : 0.0922"
"21,24 : 0.2126"
"24,21 : 0.2126"
"21,25 : 0.5685"
"25,21 : 0.5685"
"21,26 : 0.5099"
"26,21 : 0.5099"
"21,27 : 0.4342"
"27,21 : 0.4342"
"21,28 : 0.5501"
"28,21 : 0.5501"
"21,29 : 0.5057"
"29,21 : 0.5057"
"21,30 : 0.6041"
"30,21 : 0.6041"
"21,31 : 0.3114"
"31,21 : 0.3114"
"21,32 : 0.3493"
"32,21 : 0.3493"
"21,33 : 0.2731"
"33,21 : 0.2731"
"21,34 : 0.368"
"34,21 : 0.368"
"21,35 : 0.2354"
"35,21 : 0.2354"
"21,36 : 0.3276"
"36,21 : 0.3276"
"21,37 : 0.3176"
"37,21 : 0.3176"
"21,38 : 0.4168"
"38,21 : 0.4168"
"21,39 : 0.6586"
"39,21 : 0.6586"
"21,40 : 0.3302"
"40,21 : 0.3302"
"21,41 : 0.5235"
"41,21 : 0.5235"
"21,42 : 0.31"
"42,21 : 0.31"
"21,43 : 0.3311"
"43,21 : 0.3311"
"21,44 : 0.5323"
"44,21 : 0.5323"
"21,45 : 0.2961"
"45,21 : 0.2961"
"21,46 : 0.53"
"46,21 : 0.53"
"21,47 : 0.2625"
"47,21 : 0.2625"
"21,48 : 0.2433"
"48,21 : 0.2433"
"21,49 : 0.3041"
"49,21 : 0.3041"
"22,23 : 0.3701"
"23,22 : 0.3701"
"22,24 : 0.3183"
"24,22 : 0.3183"
"22,25 : 0.4428"
"25,22 : 0.4428"
"22,26 : 0.8615"
"26,22 : 0.8615"
"22,27 : 0.7823"
"27,22 : 0.7823"
"22,28 : 0.7463"
"28,22 : 0.7463"
"22,29 : 0.1476"
"29,22 : 0.1476"
"22,30 : 0.6772"
"30,22 : 0.6772"
"22,31 : 0.5731"
"31,22 : 0.5731"
"22,32 : 0.05"
"32,22 : 0.05"
"22,33 : 0.5281"
"33,22 : 0.5281"
"22,34 : 0.6815"
"34,22 : 0.6815"
"22,35 : 0.6335"
"35,22 : 0.6335"
"22,36 : 0.4219"
"36,22 : 0.4219"
"22,37 : 0.5758"
"37,22 : 0.5758"
"22,38 : 0.2915"
"38,22 : 0.2915"
"22,39 : 0.5722"
"39,22 : 0.5722"
"22,40 : 0.4717"
"40,22 : 0.4717"
"22,41 : 0.5579"
"41,22 : 0.5579"
"22,42 : 0.7046"
"42,22 : 0.7046"
"22,43 : 0.6522"
"43,22 : 0.6522"
"22,44 : 0.1749"
"44,22 : 0.1749"
"22,45 : 0.6943"
"45,22 : 0.6943"
"22,46 : 0.8635"
"46,22 : 0.8635"
"22,47 : 0.2102"
"47,22 : 0.2102"
"22,48 : 0.1552"
"48,22 : 0.1552"
"22,49 : 0.3362"
"49,22 : 0.3362"
"23,24 : 0.2693"
"24,23 : 0.2693"
"23,25 : 0.6155"
"25,23 : 0.6155"
"23,26 : 0.4973"
"26,23 : 0.4973"
"23,27 : 0.5187"
"27,23 : 0.5187"
"23,28 : 0.6407"
"28,23 : 0.6407"
"23,29 : 0.4561"
"29,23 : 0.4561"
"23,30 : 0.6841"
"30,23 : 0.6841"
"23,31 : 0.4031"
"31,23 : 0.4031"
"23,32 : 0.3202"
"32,23 : 0.3202"
"23,33 : 0.2062"
"33,23 : 0.2062"
"23,34 : 0.3312"
"34,23 : 0.3312"
"23,35 : 0.2865"
"35,23 : 0.2865"
"23,36 : 0.3992"
"36,23 : 0.3992"
"23,37 : 0.255"
"37,23 : 0.255"
"23,38 : 0.4534"
"38,23 : 0.4534"
"23,39 : 0.7161"
"39,23 : 0.7161"
"23,40 : 0.2419"
"40,23 : 0.2419"
"23,41 : 0.5962"
"41,23 : 0.5962"
"23,42 : 0.3421"
"42,23 : 0.3421"
"23,43 : 0.4215"
"43,23 : 0.4215"
"23,44 : 0.4808"
"44,23 : 0.4808"
"23,45 : 0.3444"
"45,23 : 0.3444"
"23,46 : 0.507"
"46,23 : 0.507"
"23,47 : 0.197"
"47,23 : 0.197"
"23,48 : 0.2256"
"48,23 : 0.2256"
"23,49 : 0.3606"
"49,23 : 0.3606"
"24,25 : 0.3561"
"25,24 : 0.3561"
"24,26 : 0.7169"
"26,24 : 0.7169"
"24,27 : 0.4742"
"27,24 : 0.4742"
"24,28 : 0.4438"
"28,24 : 0.4438"
"24,29 : 0.461"
"29,24 : 0.461"
"24,30 : 0.4319"
"30,24 : 0.4319"
"24,31 : 0.255"
"31,24 : 0.255"
"24,32 : 0.2843"
"32,24 : 0.2843"
"24,33 : 0.4743"
"33,24 : 0.4743"
"24,34 : 0.5805"
"34,24 : 0.5805"
"24,35 : 0.4002"
"35,24 : 0.4002"
"24,36 : 0.1404"
"36,24 : 0.1404"
"24,37 : 0.522"
"37,24 : 0.522"
"24,38 : 0.2119"
"38,24 : 0.2119"
"24,39 : 0.4482"
"39,24 : 0.4482"
"24,40 : 0.4998"
"40,24 : 0.4998"
"24,41 : 0.3324"
"41,24 : 0.3324"
"24,42 : 0.4904"
"42,24 : 0.4904"
"24,43 : 0.34"
"43,24 : 0.34"
"24,44 : 0.4892"
"44,24 : 0.4892"
"24,45 : 0.4571"
"45,24 : 0.4571"
"24,46 : 0.7406"
"46,24 : 0.7406"
"24,47 : 0.3126"
"47,24 : 0.3126"
"24,48 : 0.197"
"48,24 : 0.197"
"24,49 : 0.0922"
"49,24 : 0.0922"
"25,26 : 1.0707"
"26,25 : 1.0707"
"25,27 : 0.7103"
"27,25 : 0.7103"
"25,28 : 0.4885"
"28,25 : 0.4885"
"25,29 : 0.5704"
"29,25 : 0.5704"
"25,30 : 0.3189"
"30,25 : 0.3189"
"25,31 : 0.4727"
"31,25 : 0.4727"
"25,32 : 0.4512"
"32,25 : 0.4512"
"25,33 : 0.8213"
"33,25 : 0.8213"
"25,34 : 0.9361"
"34,25 : 0.9361"
"25,35 : 0.7382"
"35,25 : 0.7382"
"25,36 : 0.2816"
"36,25 : 0.2816"
"25,37 : 0.8705"
"37,25 : 0.8705"
"25,38 : 0.17"
"38,25 : 0.17"
"25,39 : 0.13"
"39,25 : 0.13"
"25,40 : 0.8238"
"40,25 : 0.8238"
"25,41 : 0.2147"
"41,25 : 0.2147"
"25,42 : 0.8319"
"42,25 : 0.8319"
"25,43 : 0.5831"
"43,25 : 0.5831"
"25,44 : 0.5914"
"44,25 : 0.5914"
"25,45 : 0.7892"
"45,25 : 0.7892"
"25,46 : 1.0962"
"46,25 : 1.0962"
"25,47 : 0.5818"
"47,25 : 0.5818"
"25,48 : 0.4472"
"48,25 : 0.4472"
"25,49 : 0.2663"
"49,25 : 0.2663"
"26,27 : 0.5914"
"27,26 : 0.5914"
"26,28 : 0.8919"
"28,26 : 0.8919"
"26,29 : 0.9201"
"29,26 : 0.9201"
"26,30 : 1.0294"
"30,26 : 1.0294"
"26,31 : 0.6825"
"31,26 : 0.6825"
"26,32 : 0.8122"
"32,26 : 0.8122"
"26,33 : 0.3513"
"33,26 : 0.3513"
"26,34 : 0.1924"
"34,26 : 0.1924"
"26,35 : 0.3547"
"35,26 : 0.3547"
"26,36 : 0.8043"
"36,26 : 0.8043"
"26,37 : 0.3158"
"37,26 : 0.3158"
"26,38 : 0.9259"
"38,26 : 0.9259"
"26,39 : 1.1463"
"39,26 : 1.1463"
"26,40 : 0.4632"
"40,26 : 0.4632"
"26,41 : 0.9831"
"41,26 : 0.9831"
"26,42 : 0.2663"
"42,26 : 0.2663"
"26,43 : 0.6106"
"43,26 : 0.6106"
"26,44 : 0.9401"
"44,26 : 0.9401"
"26,45 : 0.3276"
"45,26 : 0.3276"
"26,46 : 0.0608"
"46,26 : 0.0608"
"26,47 : 0.6619"
"47,26 : 0.6619"
"26,48 : 0.7228"
"48,26 : 0.7228"
"26,49 : 0.8045"
"49,26 : 0.8045"
"27,28 : 0.3342"
"28,27 : 0.3342"
"27,29 : 0.914"
"29,27 : 0.914"
"27,30 : 0.5233"
"30,27 : 0.5233"
"27,31 : 0.2419"
"31,27 : 0.2419"
"27,32 : 0.7406"
"32,27 : 0.7406"
"27,33 : 0.6113"
"33,27 : 0.6113"
"27,34 : 0.59"
"34,27 : 0.59"
"27,35 : 0.2927"
"35,27 : 0.2927"
"27,36 : 0.4441"
"36,27 : 0.4441"
"27,37 : 0.6315"
"37,27 : 0.6315"
"27,38 : 0.6433"
"38,27 : 0.6433"
"27,39 : 0.7257"
"39,27 : 0.7257"
"27,40 : 0.7187"
"40,27 : 0.7187"
"27,41 : 0.5337"
"41,27 : 0.5337"
"27,42 : 0.3423"
"42,27 : 0.3423"
"27,43 : 0.136"
"43,27 : 0.136"
"27,44 : 0.942"
"44,27 : 0.942"
"27,45 : 0.2807"
"45,27 : 0.2807"
"27,46 : 0.6456"
"46,27 : 0.6456"
"27,47 : 0.6935"
"47,27 : 0.6935"
"27,48 : 0.636"
"48,27 : 0.636"
"27,49 : 0.507"
"49,27 : 0.507"
"28,29 : 0.8936"
"29,28 : 0.8936"
"28,30 : 0.211"
"30,28 : 0.211"
"28,31 : 0.2408"
"31,28 : 0.2408"
"28,32 : 0.7207"
"32,28 : 0.7207"
"28,33 : 0.8062"
"33,28 : 0.8062"
"28,34 : 0.8412"
"34,28 : 0.8412"
"28,35 : 0.5463"
"35,28 : 0.5463"
"28,36 : 0.3245"
"36,28 : 0.3245"
"28,37 : 0.8417"
"37,28 : 0.8417"
"28,38 : 0.5025"
"38,28 : 0.5025"
"28,39 : 0.454"
"39,28 : 0.454"
"28,40 : 0.88"
"40,28 : 0.88"
"28,41 : 0.2751"
"41,28 : 0.2751"
"28,42 : 0.6265"
"42,28 : 0.6265"
"28,43 : 0.2818"
"43,28 : 0.2818"
"28,44 : 0.9211"
"44,28 : 0.9211"
"28,45 : 0.5644"
"45,28 : 0.5644"
"28,46 : 0.9394"
"46,28 : 0.9394"
"28,47 : 0.75"
"47,28 : 0.75"
"28,48 : 0.6408"
"48,28 : 0.6408"
"28,49 : 0.4105"
"49,28 : 0.4105"
"29,30 : 0.8222"
"30,29 : 0.8222"
"29,31 : 0.7145"
"31,29 : 0.7145"
"29,32 : 0.1769"
"32,29 : 0.1769"
"29,33 : 0.5714"
"33,29 : 0.5714"
"29,34 : 0.7311"
"34,29 : 0.7311"
"29,35 : 0.7374"
"35,29 : 0.7374"
"29,36 : 0.5694"
"36,29 : 0.5694"
"29,37 : 0.614"
"37,29 : 0.614"
"29,38 : 0.4317"
"38,29 : 0.4317"
"29,39 : 0.7003"
"39,29 : 0.7003"
"29,40 : 0.4851"
"40,29 : 0.4851"
"29,41 : 0.7021"
"41,29 : 0.7021"
"29,42 : 0.7981"
"42,29 : 0.7981"
"29,43 : 0.7875"
"43,29 : 0.7875"
"29,44 : 0.0283"
"44,29 : 0.0283"
"29,45 : 0.7971"
"45,29 : 0.7971"
"29,46 : 0.9127"
"46,29 : 0.9127"
"29,47 : 0.2631"
"47,29 : 0.2631"
"29,48 : 0.278"
"48,29 : 0.278"
"29,49 : 0.4837"
"49,29 : 0.4837"
"30,31 : 0.3471"
"31,30 : 0.3471"
"30,32 : 0.6649"
"32,30 : 0.6649"
"30,33 : 0.8766"
"33,30 : 0.8766"
"30,34 : 0.9451"
"34,30 : 0.9451"
"30,35 : 0.6748"
"35,30 : 0.6748"
"30,36 : 0.2915"
"36,30 : 0.2915"
"30,37 : 0.9192"
"37,30 : 0.9192"
"30,38 : 0.394"
"38,30 : 0.394"
"30,39 : 0.253"
"39,30 : 0.253"
"30,40 : 0.9242"
"40,30 : 0.9242"
"30,41 : 0.1208"
"41,30 : 0.1208"
"30,42 : 0.7649"
"42,30 : 0.7649"
"30,43 : 0.4342"
"43,30 : 0.4342"
"30,44 : 0.8476"
"44,30 : 0.8476"
"30,45 : 0.7072"
"45,30 : 0.7072"
"30,46 : 1.07"
"46,30 : 1.07"
"30,47 : 0.74"
"47,30 : 0.74"
"30,48 : 0.6113"
"48,30 : 0.6113"
"30,49 : 0.3606"
"49,30 : 0.3606"
"31,32 : 0.5376"
"32,31 : 0.5376"
"31,33 : 0.5657"
"33,31 : 0.5657"
"31,34 : 0.6093"
"34,31 : 0.6093"
"31,35 : 0.328"
"35,31 : 0.328"
"31,36 : 0.2022"
"36,31 : 0.2022"
"31,37 : 0.6021"
"37,31 : 0.6021"
"31,38 : 0.4026"
"38,31 : 0.4026"
"31,39 : 0.5033"
"39,31 : 0.5033"
"31,40 : 0.6403"
"40,31 : 0.6403"
"31,41 : 0.3176"
"41,31 : 0.3176"
"31,42 : 0.4177"
"42,31 : 0.4177"
"31,43 : 0.1105"
"43,31 : 0.1105"
"31,44 : 0.7428"
"44,31 : 0.7428"
"31,45 : 0.3607"
"45,31 : 0.3607"
"31,46 : 0.7242"
"46,31 : 0.7242"
"31,47 : 0.5323"
"47,31 : 0.5323"
"31,48 : 0.442"
"48,31 : 0.442"
"31,49 : 0.2693"
"49,31 : 0.2693"
"32,33 : 0.481"
"33,32 : 0.481"
"32,34 : 0.6332"
"34,32 : 0.6332"
"32,35 : 0.5846"
"35,32 : 0.5846"
"32,36 : 0.3981"
"36,32 : 0.3981"
"32,37 : 0.5292"
"37,32 : 0.5292"
"32,38 : 0.2907"
"38,32 : 0.2907"
"32,39 : 0.5787"
"39,32 : 0.5787"
"32,40 : 0.4301"
"40,32 : 0.4301"
"32,41 : 0.5474"
"41,32 : 0.5474"
"32,42 : 0.6549"
"42,32 : 0.6549"
"32,43 : 0.6122"
"43,32 : 0.6122"
"32,44 : 0.2052"
"44,32 : 0.2052"
"32,45 : 0.6454"
"45,32 : 0.6454"
"32,46 : 0.8149"
"46,32 : 0.8149"
"32,47 : 0.1664"
"47,32 : 0.1664"
"32,48 : 0.1077"
"48,32 : 0.1077"
"32,49 : 0.3138"
"49,32 : 0.3138"
"33,34 : 0.16"
"34,33 : 0.16"
"33,35 : 0.3231"
"35,33 : 0.3231"
"33,36 : 0.5994"
"36,33 : 0.5994"
"33,37 : 0.05"
"37,33 : 0.05"
"33,38 : 0.6576"
"38,33 : 0.6576"
"33,39 : 0.922"
"39,33 : 0.922"
"33,40 : 0.1281"
"40,33 : 0.1281"
"33,41 : 0.7961"
"41,33 : 0.7961"
"33,42 : 0.3202"
"42,33 : 0.3202"
"33,43 : 0.5508"
"43,33 : 0.5508"
"33,44 : 0.5903"
"44,33 : 0.5903"
"33,45 : 0.3585"
"45,33 : 0.3585"
"33,46 : 0.3413"
"46,33 : 0.3413"
"33,47 : 0.3202"
"47,33 : 0.3202"
"33,48 : 0.4082"
"48,33 : 0.4082"
"33,49 : 0.5661"
"49,33 : 0.5661"
"34,35 : 0.3027"
"35,34 : 0.3027"
"34,36 : 0.6888"
"36,34 : 0.6888"
"34,37 : 0.1237"
"37,34 : 0.1237"
"34,38 : 0.7801"
"38,34 : 0.7801"
"34,39 : 1.0255"
"39,34 : 1.0255"
"34,40 : 0.272"
"40,34 : 0.272"
"34,41 : 0.8801"
"41,34 : 0.8801"
"34,42 : 0.2532"
"42,34 : 0.2532"
"34,43 : 0.5652"
"43,34 : 0.5652"
"34,44 : 0.7503"
"44,34 : 0.7503"
"34,45 : 0.3106"
"45,34 : 0.3106"
"34,46 : 0.1825"
"46,34 : 0.1825"
"34,47 : 0.4768"
"47,34 : 0.4768"
"34,48 : 0.5515"
"48,34 : 0.5515"
"34,49 : 0.6721"
"49,34 : 0.6721"
"35,36 : 0.4614"
"36,35 : 0.4614"
"35,37 : 0.3396"
"37,35 : 0.3396"
"35,38 : 0.6113"
"38,35 : 0.6113"
"35,39 : 0.8016"
"39,35 : 0.8016"
"35,40 : 0.4391"
"40,35 : 0.4391"
"35,41 : 0.6313"
"41,35 : 0.6313"
"35,42 : 0.0943"
"42,35 : 0.0943"
"35,43 : 0.2657"
"43,35 : 0.2657"
"35,44 : 0.7632"
"44,35 : 0.7632"
"35,45 : 0.0608"
"45,35 : 0.0608"
"35,46 : 0.3966"
"46,35 : 0.3966"
"35,47 : 0.483"
"47,35 : 0.483"
"35,48 : 0.4785"
"48,35 : 0.4785"
"35,49 : 0.4776"
"49,35 : 0.4776"
"36,37 : 0.645"
"37,36 : 0.645"
"36,38 : 0.2025"
"38,36 : 0.2025"
"36,39 : 0.3421"
"39,36 : 0.3421"
"36,40 : 0.636"
"40,36 : 0.636"
"36,41 : 0.197"
"41,36 : 0.197"
"36,42 : 0.5557"
"42,36 : 0.5557"
"36,43 : 0.3106"
"43,36 : 0.3106"
"36,44 : 0.5968"
"44,36 : 0.5968"
"36,45 : 0.5099"
"45,36 : 0.5099"
"36,46 : 0.8355"
"46,36 : 0.8355"
"36,47 : 0.451"
"47,36 : 0.451"
"36,48 : 0.3276"
"48,36 : 0.3276"
"36,49 : 0.086"
"49,36 : 0.086"
"37,38 : 0.7072"
"38,37 : 0.7072"
"37,39 : 0.9701"
"39,37 : 0.9701"
"37,40 : 0.1487"
"40,37 : 0.1487"
"37,41 : 0.8412"
"41,37 : 0.8412"
"37,42 : 0.3225"
"42,37 : 0.3225"
"37,43 : 0.5801"
"43,37 : 0.5801"
"37,44 : 0.632"
"44,37 : 0.632"
"37,45 : 0.3677"
"45,37 : 0.3677"
"37,46 : 0.3"
"46,37 : 0.3"
"37,47 : 0.3669"
"47,37 : 0.3669"
"37,48 : 0.4579"
"48,37 : 0.4579"
"37,49 : 0.614"
"49,37 : 0.614"
"38,39 : 0.2912"
"39,38 : 0.2912"
"38,40 : 0.6546"
"40,38 : 0.6546"
"38,41 : 0.2731"
"41,38 : 0.2731"
"38,42 : 0.7021"
"42,38 : 0.7021"
"38,43 : 0.508"
"43,38 : 0.508"
"38,44 : 0.4561"
"44,38 : 0.4561"
"38,45 : 0.6671"
"45,38 : 0.6671"
"38,46 : 0.9467"
"46,38 : 0.9467"
"38,47 : 0.4123"
"47,38 : 0.4123"
"38,48 : 0.2773"
"48,38 : 0.2773"
"38,49 : 0.14"
"49,38 : 0.14"
"39,40 : 0.9354"
"40,39 : 0.9354"
"39,41 : 0.1924"
"41,39 : 0.1924"
"39,42 : 0.8959"
"42,39 : 0.8959"
"39,43 : 0.6103"
"43,39 : 0.6103"
"39,44 : 0.7211"
"44,39 : 0.7211"
"39,45 : 0.8472"
"45,39 : 0.8472"
"39,46 : 1.1769"
"46,39 : 1.1769"
"39,47 : 0.7023"
"47,39 : 0.7023"
"39,48 : 0.5665"
"48,39 : 0.5665"
"39,49 : 0.3561"
"49,39 : 0.3561"
"40,41 : 0.8317"
"41,40 : 0.8317"
"40,42 : 0.446"
"42,40 : 0.446"
"40,43 : 0.6433"
"43,40 : 0.6433"
"40,44 : 0.5001"
"44,40 : 0.5001"
"40,45 : 0.4801"
"45,40 : 0.4801"
"40,46 : 0.4428"
"46,40 : 0.4428"
"40,47 : 0.264"
"47,40 : 0.264"
"40,48 : 0.3829"
"48,40 : 0.3829"
"40,49 : 0.5869"
"49,40 : 0.5869"
"41,42 : 0.7247"
"42,41 : 0.7247"
"41,43 : 0.4215"
"43,41 : 0.4215"
"41,44 : 0.7273"
"44,41 : 0.7273"
"41,45 : 0.672"
"45,41 : 0.672"
"41,46 : 1.0186"
"46,41 : 1.0186"
"41,47 : 0.632"
"47,41 : 0.632"
"41,48 : 0.5001"
"48,41 : 0.5001"
"41,49 : 0.2518"
"49,41 : 0.2518"
"42,43 : 0.3448"
"43,42 : 0.3448"
"42,44 : 0.8228"
"44,42 : 0.8228"
"42,45 : 0.0632"
"45,42 : 0.0632"
"42,46 : 0.313"
"46,42 : 0.313"
"42,47 : 0.5376"
"47,42 : 0.5376"
