x,y
0.46,0.85
0.12,0.95
0.6,0.91
0.32,0.58
0.48,0.49
0.59,0.63
0.76,0.04
0.64,0.54
0.85,0.0
0.64,0.01
0.98,0.87
0.51,0.02
0.66,0.82
0.5,0.68
0.1,0.74
0.43,0.41
0.77,0.07
0.11,0.97
0.91,0.95
0.09,0.63
0.79,0.24
0.35,0.0
0.2,0.38
0.73,0.65
0.23,0.36
0.98,0.81
0.47,0.19
0.12,0.59
0.15,0.5
0.46,0.26
0.46,0.71
0.79,0.65
0.7,0.13
0.45,0.8
0.47,0.52
0.55,0.63
0.07,0.18
0.34,0.17
0.68,0.59
0.57,0.7
0.98,0.79
0.19,0.17
0.31,0.21
0.75,0.3
0.69,0.9
0.45,0.96
0.68,0.7
0.87,0.62
0.06,0.92
0.61,0.32

Distanze
"0,1 : 0.3544"
"1,0 : 0.3544"
"0,2 : 0.1523"
"2,0 : 0.1523"
"0,3 : 0.3041"
"3,0 : 0.3041"
"0,4 : 0.3606"
"4,0 : 0.3606"
"0,5 : 0.2555"
"5,0 : 0.2555"
"0,6 : 0.8638"
"6,0 : 0.8638"
"0,7 : 0.3585"
"7,0 : 0.3585"
"0,8 : 0.9352"
"8,0 : 0.9352"
"0,9 : 0.8591"
"9,0 : 0.8591"
"0,10 : 0.5204"
"10,0 : 0.5204"
"0,11 : 0.8315"
"11,0 : 0.8315"
"0,12 : 0.2022"
"12,0 : 0.2022"
"0,13 : 0.1746"
"13,0 : 0.1746"
"0,14 : 0.3764"
"14,0 : 0.3764"
"0,15 : 0.441"
"15,0 : 0.441"
"0,16 : 0.8393"
"16,0 : 0.8393"
"0,17 : 0.37"
"17,0 : 0.37"
"0,18 : 0.461"
"18,0 : 0.461"
"0,19 : 0.4305"
"19,0 : 0.4305"
"0,20 : 0.6935"
"20,0 : 0.6935"
"0,21 : 0.8571"
"21,0 : 0.8571"
"0,22 : 0.5371"
"22,0 : 0.5371"
"0,23 : 0.336"
"23,0 : 0.336"
"0,24 : 0.5413"
"24,0 : 0.5413"
"0,25 : 0.5215"
"25,0 : 0.5215"
"0,26 : 0.6601"
"26,0 : 0.6601"
"0,27 : 0.428"
"27,0 : 0.428"
"0,28 : 0.4675"
"28,0 : 0.4675"
"0,29 : 0.59"
"29,0 : 0.59"
"0,30 : 0.14"
"30,0 : 0.14"
"0,31 : 0.3859"
"31,0 : 0.3859"
"0,32 : 0.7589"
"32,0 : 0.7589"
"0,33 : 0.051"
"33,0 : 0.051"
"0,34 : 0.3302"
"34,0 : 0.3302"
"0,35 : 0.2377"
"35,0 : 0.2377"
"0,36 : 0.7752"
"36,0 : 0.7752"
"0,37 : 0.6905"
"37,0 : 0.6905"
"0,38 : 0.3406"
"38,0 : 0.3406"
"0,39 : 0.186"
"39,0 : 0.186"
"0,40 : 0.5235"
"40,0 : 0.5235"
"0,41 : 0.7316"
"41,0 : 0.7316"
"0,42 : 0.6573"
"42,0 : 0.6573"
"0,43 : 0.6218"
"43,0 : 0.6218"
"0,44 : 0.2354"
"44,0 : 0.2354"
"0,45 : 0.1105"
"45,0 : 0.1105"
"0,46 : 0.2663"
"46,0 : 0.2663"
"0,47 : 0.4701"
"47,0 : 0.4701"
"0,48 : 0.4061"
"48,0 : 0.4061"
"0,49 : 0.5508"
"49,0 : 0.5508"
"1,2 : 0.4817"
"2,1 : 0.4817"
"1,3 : 0.4206"
"3,1 : 0.4206"
"1,4 : 0.5841"
"4,1 : 0.5841"
"1,5 : 0.5686"
"5,1 : 0.5686"
"1,6 : 1.1125"
"6,1 : 1.1125"
"1,7 : 0.6622"
"7,1 : 0.6622"
"1,8 : 1.1981"
"8,1 : 1.1981"
"1,9 : 1.0742"
"9,1 : 1.0742"
"1,10 : 0.8637"
"10,1 : 0.8637"
"1,11 : 1.0085"
"11,1 : 1.0085"
"1,12 : 0.5554"
"12,1 : 0.5554"
"1,13 : 0.4662"
"13,1 : 0.4662"
"1,14 : 0.211"
"14,1 : 0.211"
"1,15 : 0.6227"
"15,1 : 0.6227"
"1,16 : 1.094"
"16,1 : 1.094"
"1,17 : 0.0224"
"17,1 : 0.0224"
"1,18 : 0.79"
"18,1 : 0.79"
"1,19 : 0.3214"
"19,1 : 0.3214"
"1,20 : 0.9762"
"20,1 : 0.9762"
"1,21 : 0.9774"
"21,1 : 0.9774"
"1,22 : 0.5756"
"22,1 : 0.5756"
"1,23 : 0.6798"
"23,1 : 0.6798"
"1,24 : 0.6002"
"24,1 : 0.6002"
"1,25 : 0.8713"
"25,1 : 0.8713"
"1,26 : 0.8367"
"26,1 : 0.8367"
"1,27 : 0.36"
"27,1 : 0.36"
"1,28 : 0.451"
"28,1 : 0.451"
"1,29 : 0.7692"
"29,1 : 0.7692"
"1,30 : 0.4162"
"30,1 : 0.4162"
"1,31 : 0.7341"
"31,1 : 0.7341"
"1,32 : 1.0044"
"32,1 : 1.0044"
"1,33 : 0.3625"
"33,1 : 0.3625"
"1,34 : 0.5544"
"34,1 : 0.5544"
"1,35 : 0.536"
"35,1 : 0.536"
"1,36 : 0.7716"
"36,1 : 0.7716"
"1,37 : 0.8104"
"37,1 : 0.8104"
"1,38 : 0.6657"
"38,1 : 0.6657"
"1,39 : 0.5148"
"39,1 : 0.5148"
"1,40 : 0.8748"
"40,1 : 0.8748"
"1,41 : 0.7831"
"41,1 : 0.7831"
"1,42 : 0.764"
"42,1 : 0.764"
"1,43 : 0.9052"
"43,1 : 0.9052"
"1,44 : 0.5722"
"44,1 : 0.5722"
"1,45 : 0.3302"
"45,1 : 0.3302"
"1,46 : 0.6133"
"46,1 : 0.6133"
"1,47 : 0.8194"
"47,1 : 0.8194"
"1,48 : 0.0671"
"48,1 : 0.0671"
"1,49 : 0.7981"
"49,1 : 0.7981"
"2,3 : 0.4328"
"3,2 : 0.4328"
"2,4 : 0.4368"
"4,2 : 0.4368"
"2,5 : 0.2802"
"5,2 : 0.2802"
"2,6 : 0.8846"
"6,2 : 0.8846"
"2,7 : 0.3722"
"7,2 : 0.3722"
"2,8 : 0.9437"
"8,2 : 0.9437"
"2,9 : 0.9009"
"9,2 : 0.9009"
"2,10 : 0.3821"
"10,2 : 0.3821"
"2,11 : 0.8945"
"11,2 : 0.8945"
"2,12 : 0.1082"
"12,2 : 0.1082"
"2,13 : 0.2508"
"13,2 : 0.2508"
"2,14 : 0.5281"
"14,2 : 0.5281"
"2,15 : 0.5281"
"15,2 : 0.5281"
"2,16 : 0.857"
"16,2 : 0.857"
"2,17 : 0.4937"
"17,2 : 0.4937"
"2,18 : 0.3126"
"18,2 : 0.3126"
"2,19 : 0.5818"
"19,2 : 0.5818"
"2,20 : 0.6964"
"20,2 : 0.6964"
"2,21 : 0.9437"
"21,2 : 0.9437"
"2,22 : 0.664"
"22,2 : 0.664"
"2,23 : 0.2907"
"23,2 : 0.2907"
"2,24 : 0.6629"
"24,2 : 0.6629"
"2,25 : 0.3929"
"25,2 : 0.3929"
"2,26 : 0.7316"
"26,2 : 0.7316"
"2,27 : 0.5769"
"27,2 : 0.5769"
"2,28 : 0.6088"
"28,2 : 0.6088"
"2,29 : 0.6649"
"29,2 : 0.6649"
"2,30 : 0.2441"
"30,2 : 0.2441"
"2,31 : 0.322"
"31,2 : 0.322"
"2,32 : 0.7864"
"32,2 : 0.7864"
"2,33 : 0.186"
"33,2 : 0.186"
"2,34 : 0.4111"
"34,2 : 0.4111"
"2,35 : 0.2844"
"35,2 : 0.2844"
"2,36 : 0.9021"
"36,2 : 0.9021"
"2,37 : 0.7843"
"37,2 : 0.7843"
"2,38 : 0.3298"
"38,2 : 0.3298"
"2,39 : 0.2121"
"39,2 : 0.2121"
"2,40 : 0.3985"
"40,2 : 0.3985"
"2,41 : 0.846"
"41,2 : 0.846"
"2,42 : 0.7577"
"42,2 : 0.7577"
"2,43 : 0.6282"
"43,2 : 0.6282"
"2,44 : 0.0906"
"44,2 : 0.0906"
"2,45 : 0.1581"
"45,2 : 0.1581"
"2,46 : 0.2247"
"46,2 : 0.2247"
"2,47 : 0.3962"
"47,2 : 0.3962"
"2,48 : 0.5401"
"48,2 : 0.5401"
"2,49 : 0.5901"
"49,2 : 0.5901"
"3,4 : 0.1836"
"4,3 : 0.1836"
"3,5 : 0.2746"
"5,3 : 0.2746"
"3,6 : 0.6966"
"6,3 : 0.6966"
"3,7 : 0.3225"
"7,3 : 0.3225"
"3,8 : 0.7857"
"8,3 : 0.7857"
"3,9 : 0.6537"
"9,3 : 0.6537"
"3,10 : 0.7209"
"10,3 : 0.7209"
"3,11 : 0.5914"
"11,3 : 0.5914"
"3,12 : 0.4162"
"12,3 : 0.4162"
"3,13 : 0.2059"
"13,3 : 0.2059"
"3,14 : 0.272"
"14,3 : 0.272"
"3,15 : 0.2025"
"15,3 : 0.2025"
"3,16 : 0.6801"
"16,3 : 0.6801"
"3,17 : 0.4429"
"17,3 : 0.4429"
"3,18 : 0.6964"
"18,3 : 0.6964"
"3,19 : 0.2354"
"19,3 : 0.2354"
"3,20 : 0.5801"
"20,3 : 0.5801"
"3,21 : 0.5808"
"21,3 : 0.5808"
"3,22 : 0.2332"
"22,3 : 0.2332"
"3,23 : 0.4159"
"23,3 : 0.4159"
"3,24 : 0.2377"
"24,3 : 0.2377"
"3,25 : 0.6989"
"25,3 : 0.6989"
"3,26 : 0.4179"
"26,3 : 0.4179"
"3,27 : 0.2002"
"27,3 : 0.2002"
"3,28 : 0.1879"
"28,3 : 0.1879"
"3,29 : 0.3493"
"29,3 : 0.3493"
"3,30 : 0.191"
"30,3 : 0.191"
"3,31 : 0.4752"
"31,3 : 0.4752"
"3,32 : 0.589"
"32,3 : 0.589"
"3,33 : 0.2555"
"33,3 : 0.2555"
"3,34 : 0.1616"
"34,3 : 0.1616"
"3,35 : 0.2354"
"35,3 : 0.2354"
"3,36 : 0.4717"
"36,3 : 0.4717"
"3,37 : 0.4105"
"37,3 : 0.4105"
"3,38 : 0.3601"
"38,3 : 0.3601"
"3,39 : 0.2773"
"39,3 : 0.2773"
"3,40 : 0.6926"
"40,3 : 0.6926"
"3,41 : 0.4301"
"41,3 : 0.4301"
"3,42 : 0.3701"
"42,3 : 0.3701"
"3,43 : 0.5131"
"43,3 : 0.5131"
"3,44 : 0.4892"
"44,3 : 0.4892"
"3,45 : 0.4016"
"45,3 : 0.4016"
"3,46 : 0.3795"
"46,3 : 0.3795"
"3,47 : 0.5515"
"47,3 : 0.5515"
"3,48 : 0.428"
"48,3 : 0.428"
"3,49 : 0.3895"
"49,3 : 0.3895"
"4,5 : 0.178"
"5,4 : 0.178"
"4,6 : 0.53"
"6,4 : 0.53"
"4,7 : 0.1676"
"7,4 : 0.1676"
"4,8 : 0.614"
"8,4 : 0.614"
"4,9 : 0.506"
"9,4 : 0.506"
"4,10 : 0.628"
"10,4 : 0.628"
"4,11 : 0.471"
"11,4 : 0.471"
"4,12 : 0.3759"
"12,4 : 0.3759"
"4,13 : 0.191"
"13,4 : 0.191"
"4,14 : 0.4549"
"14,4 : 0.4549"
"4,15 : 0.0943"
"15,4 : 0.0943"
"4,16 : 0.5104"
"16,4 : 0.5104"
"4,17 : 0.6061"
"17,4 : 0.6061"
"4,18 : 0.6297"
"18,4 : 0.6297"
"4,19 : 0.4144"
"19,4 : 0.4144"
"4,20 : 0.3982"
"20,4 : 0.3982"
"4,21 : 0.507"
"21,4 : 0.507"
"4,22 : 0.3008"
"22,4 : 0.3008"
"4,23 : 0.2968"
"23,4 : 0.2968"
"4,24 : 0.2818"
"24,4 : 0.2818"
"4,25 : 0.5936"
"25,4 : 0.5936"
"4,26 : 0.3002"
"26,4 : 0.3002"
"4,27 : 0.3736"
"27,4 : 0.3736"
"4,28 : 0.3302"
"28,4 : 0.3302"
"4,29 : 0.2309"
"29,4 : 0.2309"
"4,30 : 0.2209"
"30,4 : 0.2209"
"4,31 : 0.3489"
"31,4 : 0.3489"
"4,32 : 0.4219"
"32,4 : 0.4219"
"4,33 : 0.3114"
"33,4 : 0.3114"
"4,34 : 0.0316"
"34,4 : 0.0316"
"4,35 : 0.1565"
"35,4 : 0.1565"
"4,36 : 0.514"
"36,4 : 0.514"
"4,37 : 0.3493"
"37,4 : 0.3493"
"4,38 : 0.2236"
"38,4 : 0.2236"
"4,39 : 0.2285"
"39,4 : 0.2285"
"4,40 : 0.5831"
"40,4 : 0.5831"
"4,41 : 0.4319"
"41,4 : 0.4319"
"4,42 : 0.3276"
"42,4 : 0.3276"
"4,43 : 0.3302"
"43,4 : 0.3302"
"4,44 : 0.4607"
"44,4 : 0.4607"
"4,45 : 0.471"
"45,4 : 0.471"
"4,46 : 0.29"
"46,4 : 0.29"
"4,47 : 0.4111"
"47,4 : 0.4111"
"4,48 : 0.6011"
"48,4 : 0.6011"
"4,49 : 0.214"
"49,4 : 0.214"
"5,6 : 0.614"
"6,5 : 0.614"
"5,7 : 0.103"
"7,5 : 0.103"
"5,8 : 0.6815"
"8,5 : 0.6815"
"5,9 : 0.622"
"9,5 : 0.622"
"5,10 : 0.4579"
"10,5 : 0.4579"
"5,11 : 0.6152"
"11,5 : 0.6152"
"5,12 : 0.2025"
"12,5 : 0.2025"
"5,13 : 0.103"
"13,5 : 0.103"
"5,14 : 0.5022"
"14,5 : 0.5022"
"5,15 : 0.272"
"15,5 : 0.272"
"5,16 : 0.5882"
"16,5 : 0.5882"
"5,17 : 0.5882"
"17,5 : 0.5882"
"5,18 : 0.4525"
"18,5 : 0.4525"
"5,19 : 0.5"
"19,5 : 0.5"
"5,20 : 0.4383"
"20,5 : 0.4383"
"5,21 : 0.6742"
"21,5 : 0.6742"
"5,22 : 0.4632"
"22,5 : 0.4632"
"5,23 : 0.1414"
"23,5 : 0.1414"
"5,24 : 0.45"
"24,5 : 0.45"
"5,25 : 0.4295"
"25,5 : 0.4295"
"5,26 : 0.4561"
"26,5 : 0.4561"
"5,27 : 0.4717"
"27,5 : 0.4717"
"5,28 : 0.4588"
"28,5 : 0.4588"
"5,29 : 0.3922"
"29,5 : 0.3922"
"5,30 : 0.1526"
"30,5 : 0.1526"
"5,31 : 0.201"
"31,5 : 0.201"
"5,32 : 0.512"
"32,5 : 0.512"
"5,33 : 0.2202"
"33,5 : 0.2202"
"5,34 : 0.1628"
"34,5 : 0.1628"
"5,35 : 0.04"
"35,5 : 0.04"
"5,36 : 0.6877"
"36,5 : 0.6877"
"5,37 : 0.5235"
"37,5 : 0.5235"
"5,38 : 0.0985"
"38,5 : 0.0985"
"5,39 : 0.0728"
"39,5 : 0.0728"
"5,40 : 0.4215"
"40,5 : 0.4215"
"5,41 : 0.6096"
"41,5 : 0.6096"
"5,42 : 0.5048"
"42,5 : 0.5048"
"5,43 : 0.3667"
"43,5 : 0.3667"
"5,44 : 0.2879"
"44,5 : 0.2879"
"5,45 : 0.3585"
"45,5 : 0.3585"
"5,46 : 0.114"
"46,5 : 0.114"
"5,47 : 0.2802"
"47,5 : 0.2802"
"5,48 : 0.6042"
"48,5 : 0.6042"
"5,49 : 0.3106"
"49,5 : 0.3106"
"6,7 : 0.5142"
"7,6 : 0.5142"
"6,8 : 0.0985"
"8,6 : 0.0985"
"6,9 : 0.1237"
"9,6 : 0.1237"
"6,10 : 0.8587"
"10,6 : 0.8587"
"6,11 : 0.2508"
"11,6 : 0.2508"
"6,12 : 0.7864"
"12,6 : 0.7864"
"6,13 : 0.6908"
"13,6 : 0.6908"
"6,14 : 0.9621"
"14,6 : 0.9621"
"6,15 : 0.4958"
"15,6 : 0.4958"
"6,16 : 0.0316"
"16,6 : 0.0316"
"6,17 : 1.1346"
"17,6 : 1.1346"
"6,18 : 0.9223"
"18,6 : 0.9223"
"6,19 : 0.8927"
"19,6 : 0.8927"
"6,20 : 0.2022"
"20,6 : 0.2022"
"6,21 : 0.4119"
"21,6 : 0.4119"
"6,22 : 0.6551"
"22,6 : 0.6551"
"6,23 : 0.6107"
"23,6 : 0.6107"
"6,24 : 0.6191"
"24,6 : 0.6191"
"6,25 : 0.8008"
"25,6 : 0.8008"
"6,26 : 0.3265"
"26,6 : 0.3265"
"6,27 : 0.8439"
"27,6 : 0.8439"
"6,28 : 0.764"
"28,6 : 0.764"
"6,29 : 0.372"
"29,6 : 0.372"
"6,30 : 0.7341"
"30,6 : 0.7341"
"6,31 : 0.6107"
"31,6 : 0.6107"
"6,32 : 0.1082"
"32,6 : 0.1082"
"6,33 : 0.8208"
"33,6 : 0.8208"
"6,34 : 0.5608"
"34,6 : 0.5608"
"6,35 : 0.6263"
"35,6 : 0.6263"
"6,36 : 0.7041"
"36,6 : 0.7041"
"6,37 : 0.4397"
"37,6 : 0.4397"
"6,38 : 0.5558"
"38,6 : 0.5558"
"6,39 : 0.6868"
"39,6 : 0.6868"
"6,40 : 0.7816"
"40,6 : 0.7816"
"6,41 : 0.5846"
"41,6 : 0.5846"
"6,42 : 0.481"
"42,6 : 0.481"
"6,43 : 0.2602"
"43,6 : 0.2602"
"6,44 : 0.8628"
"44,6 : 0.8628"
"6,45 : 0.9708"
"45,6 : 0.9708"
"6,46 : 0.6648"
"46,6 : 0.6648"
"6,47 : 0.5903"
"47,6 : 0.5903"
"6,48 : 1.1245"
"48,6 : 1.1245"
"6,49 : 0.3176"
"49,6 : 0.3176"
"7,8 : 0.5794"
"8,7 : 0.5794"
"7,9 : 0.53"
"9,7 : 0.53"
"7,10 : 0.4738"
"10,7 : 0.4738"
"7,11 : 0.536"
"11,7 : 0.536"
"7,12 : 0.2807"
"12,7 : 0.2807"
"7,13 : 0.198"
"13,7 : 0.198"
"7,14 : 0.5758"
"14,7 : 0.5758"
"7,15 : 0.247"
"15,7 : 0.247"
"7,16 : 0.4876"
"16,7 : 0.4876"
"7,17 : 0.6825"
"17,7 : 0.6825"
"7,18 : 0.4909"
"18,7 : 0.4909"
"7,19 : 0.5573"
"19,7 : 0.5573"
"7,20 : 0.3354"
"20,7 : 0.3354"
"7,21 : 0.6129"
"21,7 : 0.6129"
"7,22 : 0.4682"
"22,7 : 0.4682"
"7,23 : 0.1421"
"23,7 : 0.1421"
"7,24 : 0.4478"
"24,7 : 0.4478"
"7,25 : 0.4342"
"25,7 : 0.4342"
"7,26 : 0.3891"
"26,7 : 0.3891"
"7,27 : 0.5224"
"27,7 : 0.5224"
"7,28 : 0.4916"
"28,7 : 0.4916"
"7,29 : 0.3329"
"29,7 : 0.3329"
"7,30 : 0.2476"
"30,7 : 0.2476"
"7,31 : 0.186"
"31,7 : 0.186"
"7,32 : 0.4144"
"32,7 : 0.4144"
"7,33 : 0.322"
"33,7 : 0.322"
"7,34 : 0.1712"
"34,7 : 0.1712"
"7,35 : 0.1273"
"35,7 : 0.1273"
"7,36 : 0.6742"
"36,7 : 0.6742"
"7,37 : 0.4763"
"37,7 : 0.4763"
"7,38 : 0.064"
"38,7 : 0.064"
"7,39 : 0.1746"
"39,7 : 0.1746"
"7,40 : 0.422"
"40,7 : 0.422"
"7,41 : 0.5826"
"41,7 : 0.5826"
"7,42 : 0.4667"
"42,7 : 0.4667"
"7,43 : 0.264"
"43,7 : 0.264"
"7,44 : 0.3635"
"44,7 : 0.3635"
"7,45 : 0.461"
"45,7 : 0.461"
"7,46 : 0.1649"
"46,7 : 0.1649"
"7,47 : 0.2435"
"47,7 : 0.2435"
"7,48 : 0.6934"
"48,7 : 0.6934"
"7,49 : 0.222"
"49,7 : 0.222"
"8,9 : 0.2102"
"9,8 : 0.2102"
"8,10 : 0.8797"
"10,8 : 0.8797"
"8,11 : 0.3406"
"11,8 : 0.3406"
"8,12 : 0.8417"
"12,8 : 0.8417"
"8,13 : 0.7648"
"13,8 : 0.7648"
"8,14 : 1.0536"
"14,8 : 1.0536"
"8,15 : 0.5869"
"15,8 : 0.5869"
"8,16 : 0.1063"
"16,8 : 0.1063"
"8,17 : 1.22"
"17,8 : 1.22"
"8,18 : 0.9519"
"18,8 : 0.9519"
"8,19 : 0.9872"
"19,8 : 0.9872"
"8,20 : 0.2474"
"20,8 : 0.2474"
"8,21 : 0.5"
"21,8 : 0.5"
"8,22 : 0.7529"
"22,8 : 0.7529"
"8,23 : 0.661"
"23,8 : 0.661"
"8,24 : 0.7169"
"24,8 : 0.7169"
"8,25 : 0.8204"
"25,8 : 0.8204"
"8,26 : 0.4249"
"26,8 : 0.4249"
"8,27 : 0.9386"
"27,8 : 0.9386"
"8,28 : 0.8602"
"28,8 : 0.8602"
"8,29 : 0.4687"
"29,8 : 0.4687"
"8,30 : 0.8101"
"30,8 : 0.8101"
"8,31 : 0.6528"
"31,8 : 0.6528"
"8,32 : 0.1985"
"32,8 : 0.1985"
"8,33 : 0.8944"
"33,8 : 0.8944"
"8,34 : 0.644"
"34,8 : 0.644"
"8,35 : 0.6978"
"35,8 : 0.6978"
"8,36 : 0.8005"
"36,8 : 0.8005"
"8,37 : 0.5376"
"37,8 : 0.5376"
"8,38 : 0.614"
"38,8 : 0.614"
"8,39 : 0.7539"
"39,8 : 0.7539"
"8,40 : 0.8006"
"40,8 : 0.8006"
"8,41 : 0.6815"
"41,8 : 0.6815"
"8,42 : 0.5794"
"42,8 : 0.5794"
"8,43 : 0.3162"
"43,8 : 0.3162"
"8,44 : 0.9141"
"44,8 : 0.9141"
"8,45 : 1.04"
"45,8 : 1.04"
"8,46 : 0.7203"
"46,8 : 0.7203"
"8,47 : 0.6203"
"47,8 : 0.6203"
"8,48 : 1.2126"
"48,8 : 1.2126"
"8,49 : 0.4"
"49,8 : 0.4"
"9,10 : 0.9248"
"10,9 : 0.9248"
"9,11 : 0.1304"
"11,9 : 0.1304"
"9,12 : 0.8102"
"12,9 : 0.8102"
"9,13 : 0.6845"
"13,9 : 0.6845"
"9,14 : 0.908"
"14,9 : 0.908"
"9,15 : 0.4518"
"15,9 : 0.4518"
"9,16 : 0.1432"
"16,9 : 0.1432"
"9,17 : 1.0966"
"17,9 : 1.0966"
"9,18 : 0.978"
"18,9 : 0.978"
"9,19 : 0.8288"
"19,9 : 0.8288"
"9,20 : 0.2746"
"20,9 : 0.2746"
"9,21 : 0.2902"
"21,9 : 0.2902"
"9,22 : 0.5749"
"22,9 : 0.5749"
"9,23 : 0.6463"
"23,9 : 0.6463"
"9,24 : 0.5391"
"24,9 : 0.5391"
"9,25 : 0.8693"
"25,9 : 0.8693"
"9,26 : 0.2476"
"26,9 : 0.2476"
"9,27 : 0.779"
"27,9 : 0.779"
"9,28 : 0.693"
"28,9 : 0.693"
"9,29 : 0.3081"
"29,9 : 0.3081"
"9,30 : 0.7228"
"30,9 : 0.7228"
"9,31 : 0.6573"
"31,9 : 0.6573"
"9,32 : 0.1342"
"32,9 : 0.1342"
"9,33 : 0.8125"
"33,9 : 0.8125"
"9,34 : 0.5376"
"34,9 : 0.5376"
"9,35 : 0.6265"
"35,9 : 0.6265"
"9,36 : 0.5948"
"36,9 : 0.5948"
"9,37 : 0.34"
"37,9 : 0.34"
"9,38 : 0.5814"
"38,9 : 0.5814"
"9,39 : 0.6935"
"39,9 : 0.6935"
"9,40 : 0.8509"
"40,9 : 0.8509"
"9,41 : 0.4776"
"41,9 : 0.4776"
"9,42 : 0.3859"
"42,9 : 0.3859"
"9,43 : 0.3102"
"43,9 : 0.3102"
"9,44 : 0.8914"
"44,9 : 0.8914"
"9,45 : 0.9688"
"45,9 : 0.9688"
"9,46 : 0.6912"
"46,9 : 0.6912"
"9,47 : 0.6519"
"47,9 : 0.6519"
"9,48 : 1.0791"
"48,9 : 1.0791"
"9,49 : 0.3114"
"49,9 : 0.3114"
"10,11 : 0.9713"
"11,10 : 0.9713"
"10,12 : 0.3239"
"12,10 : 0.3239"
"10,13 : 0.5162"
"13,10 : 0.5162"
"10,14 : 0.8896"
"14,10 : 0.8896"
"10,15 : 0.717"
"15,10 : 0.717"
"10,16 : 0.8271"
"16,10 : 0.8271"
"10,17 : 0.8757"
"17,10 : 0.8757"
"10,18 : 0.1063"
"18,10 : 0.1063"
"10,19 : 0.9218"
"19,10 : 0.9218"
"10,20 : 0.658"
"20,10 : 0.658"
"10,21 : 1.0742"
"21,10 : 1.0742"
"10,22 : 0.9211"
"22,10 : 0.9211"
"10,23 : 0.333"
"23,10 : 0.333"
"10,24 : 0.907"
"24,10 : 0.907"
"10,25 : 0.06"
"25,10 : 0.06"
"10,26 : 0.85"
"26,10 : 0.85"
"10,27 : 0.9044"
"27,10 : 0.9044"
"10,28 : 0.9087"
"28,10 : 0.9087"
"10,29 : 0.8016"
"29,10 : 0.8016"
"10,30 : 0.5441"
"30,10 : 0.5441"
"10,31 : 0.2907"
"31,10 : 0.2907"
"10,32 : 0.7912"
"32,10 : 0.7912"
"10,33 : 0.5346"
"33,10 : 0.5346"
"10,34 : 0.6185"
"34,10 : 0.6185"
"10,35 : 0.4924"
"35,10 : 0.4924"
"10,36 : 1.142"
"36,10 : 1.142"
"10,37 : 0.9485"
"37,10 : 0.9485"
"10,38 : 0.4104"
"38,10 : 0.4104"
"10,39 : 0.4438"
"39,10 : 0.4438"
"10,40 : 0.08"
"40,10 : 0.08"
"10,41 : 1.0555"
"41,10 : 1.0555"
"10,42 : 0.9405"
"42,10 : 0.9405"
"10,43 : 0.6147"
"43,10 : 0.6147"
"10,44 : 0.2915"
"44,10 : 0.2915"
"10,45 : 0.5376"
"45,10 : 0.5376"
"10,46 : 0.3448"
"46,10 : 0.3448"
"10,47 : 0.2731"
"47,10 : 0.2731"
"10,48 : 0.9214"
"48,10 : 0.9214"
"10,49 : 0.6629"
"49,10 : 0.6629"
"11,12 : 0.8139"
"12,11 : 0.8139"
"11,13 : 0.6601"
"13,11 : 0.6601"
"11,14 : 0.8286"
"14,11 : 0.8286"
"11,15 : 0.3981"
"15,11 : 0.3981"
"11,16 : 0.2648"
"16,11 : 0.2648"
"11,17 : 1.0308"
"17,11 : 1.0308"
"11,18 : 1.0124"
"18,11 : 1.0124"
"11,19 : 0.7406"
"19,11 : 0.7406"
"11,20 : 0.3561"
"20,11 : 0.3561"
"11,21 : 0.1612"
"21,11 : 0.1612"
"11,22 : 0.4751"
"22,11 : 0.4751"
"11,23 : 0.6673"
"23,11 : 0.6673"
"11,24 : 0.4405"
"24,11 : 0.4405"
"11,25 : 0.9192"
"25,11 : 0.9192"
"11,26 : 0.1746"
"26,11 : 0.1746"
"11,27 : 0.6907"
"27,11 : 0.6907"
"11,28 : 0.6"
"28,11 : 0.6"
"11,29 : 0.2452"
"29,11 : 0.2452"
"11,30 : 0.6918"
"30,11 : 0.6918"
"11,31 : 0.6894"
"31,11 : 0.6894"
"11,32 : 0.2195"
"32,11 : 0.2195"
"11,33 : 0.7823"
"33,11 : 0.7823"
"11,34 : 0.5016"
"34,11 : 0.5016"
"11,35 : 0.6113"
"35,11 : 0.6113"
"11,36 : 0.4682"
"36,11 : 0.4682"
"11,37 : 0.2267"
"37,11 : 0.2267"
"11,38 : 0.5948"
"38,11 : 0.5948"
"11,39 : 0.6826"
"39,11 : 0.6826"
"11,40 : 0.9021"
"40,11 : 0.9021"
"11,41 : 0.3534"
"41,11 : 0.3534"
"11,42 : 0.2759"
"42,11 : 0.2759"
"11,43 : 0.3688"
"43,11 : 0.3688"
"11,44 : 0.8982"
"44,11 : 0.8982"
"11,45 : 0.9419"
"45,11 : 0.9419"
"11,46 : 0.7009"
"46,11 : 0.7009"
"11,47 : 0.6997"
"47,11 : 0.6997"
"11,48 : 1.0062"
"48,11 : 1.0062"
"11,49 : 0.3162"
"49,11 : 0.3162"
"12,13 : 0.2126"
"13,12 : 0.2126"
"12,14 : 0.5657"
"14,12 : 0.5657"
"12,15 : 0.4701"
"15,12 : 0.4701"
"12,16 : 0.758"
"16,12 : 0.758"
"12,17 : 0.5701"
"17,12 : 0.5701"
"12,18 : 0.2818"
"18,12 : 0.2818"
"12,19 : 0.6008"
"19,12 : 0.6008"
"12,20 : 0.5944"
"20,12 : 0.5944"
"12,21 : 0.8766"
"21,12 : 0.8766"
"12,22 : 0.6366"
"22,12 : 0.6366"
"12,23 : 0.1838"
"23,12 : 0.1838"
"12,24 : 0.6297"
"24,12 : 0.6297"
"12,25 : 0.3202"
"25,12 : 0.3202"
"12,26 : 0.658"
"26,12 : 0.658"
"12,27 : 0.5869"
"27,12 : 0.5869"
"12,28 : 0.6021"
"28,12 : 0.6021"
"12,29 : 0.5946"
"29,12 : 0.5946"
"12,30 : 0.2283"
"30,12 : 0.2283"
"12,31 : 0.214"
"31,12 : 0.214"
"12,32 : 0.6912"
"32,12 : 0.6912"
"12,33 : 0.211"
"33,12 : 0.211"
"12,34 : 0.3551"
"34,12 : 0.3551"
"12,35 : 0.2195"
"35,12 : 0.2195"
"12,36 : 0.8705"
"36,12 : 0.8705"
"12,37 : 0.7245"
"37,12 : 0.7245"
"12,38 : 0.2309"
"38,12 : 0.2309"
"12,39 : 0.15"
"39,12 : 0.15"
"12,40 : 0.3214"
"40,12 : 0.3214"
"12,41 : 0.8021"
"41,12 : 0.8021"
"12,42 : 0.7033"
"42,12 : 0.7033"
"12,43 : 0.5277"
"43,12 : 0.5277"
"12,44 : 0.0854"
"44,12 : 0.0854"
"12,45 : 0.2524"
"45,12 : 0.2524"
"12,46 : 0.1217"
"46,12 : 0.1217"
"12,47 : 0.29"
"47,12 : 0.29"
"12,48 : 0.6083"
"48,12 : 0.6083"
"12,49 : 0.5025"
"49,12 : 0.5025"
"13,14 : 0.4045"
"14,13 : 0.4045"
"13,15 : 0.2789"
"15,13 : 0.2789"
"13,16 : 0.6671"
"16,13 : 0.6671"
"13,17 : 0.486"
"17,13 : 0.486"
"13,18 : 0.4909"
"18,13 : 0.4909"
"13,19 : 0.413"
"19,13 : 0.413"
"13,20 : 0.527"
"20,13 : 0.527"
"13,21 : 0.6963"
"21,13 : 0.6963"
"13,22 : 0.4243"
"22,13 : 0.4243"
"13,23 : 0.2319"
"23,13 : 0.2319"
"13,24 : 0.4187"
"24,13 : 0.4187"
"13,25 : 0.4973"
"25,13 : 0.4973"
"13,26 : 0.4909"
"26,13 : 0.4909"
"13,27 : 0.3905"
"27,13 : 0.3905"
"13,28 : 0.3936"
"28,13 : 0.3936"
"13,29 : 0.4219"
"29,13 : 0.4219"
"13,30 : 0.05"
"30,13 : 0.05"
"13,31 : 0.2915"
"31,13 : 0.2915"
"13,32 : 0.5852"
"32,13 : 0.5852"
"13,33 : 0.13"
"33,13 : 0.13"
"13,34 : 0.1628"
"34,13 : 0.1628"
"13,35 : 0.0707"
"35,13 : 0.0707"
"13,36 : 0.6595"
"36,13 : 0.6595"
"13,37 : 0.5345"
"37,13 : 0.5345"
"13,38 : 0.2012"
"38,13 : 0.2012"
"13,39 : 0.0728"
"39,13 : 0.0728"
"13,40 : 0.4924"
"40,13 : 0.4924"
"13,41 : 0.5968"
"41,13 : 0.5968"
"13,42 : 0.507"
"42,13 : 0.507"
"13,43 : 0.4549"
"43,13 : 0.4549"
"13,44 : 0.2907"
"44,13 : 0.2907"
"13,45 : 0.2844"
"45,13 : 0.2844"
"13,46 : 0.1811"
"46,13 : 0.1811"
"13,47 : 0.3748"
"47,13 : 0.3748"
"13,48 : 0.5012"
"48,13 : 0.5012"
"13,49 : 0.3764"
"49,13 : 0.3764"
"14,15 : 0.4667"
"15,14 : 0.4667"
"14,16 : 0.9475"
"16,14 : 0.9475"
"14,17 : 0.2302"
"17,14 : 0.2302"
"14,18 : 0.8368"
"18,14 : 0.8368"
"14,19 : 0.1105"
"19,14 : 0.1105"
"14,20 : 0.8521"
"20,14 : 0.8521"
"14,21 : 0.7811"
"21,14 : 0.7811"
"14,22 : 0.3736"
"22,14 : 0.3736"
"14,23 : 0.6364"
"23,14 : 0.6364"
"14,24 : 0.4016"
"24,14 : 0.4016"
"14,25 : 0.8828"
"25,14 : 0.8828"
"14,26 : 0.6629"
"26,14 : 0.6629"
"14,27 : 0.1513"
"27,14 : 0.1513"
"14,28 : 0.2452"
"28,14 : 0.2452"
"14,29 : 0.6"
"29,14 : 0.6"
"14,30 : 0.3612"
"30,14 : 0.3612"
"14,31 : 0.6958"
"31,14 : 0.6958"
"14,32 : 0.8556"
"32,14 : 0.8556"
"14,33 : 0.3551"
"33,14 : 0.3551"
"14,34 : 0.4305"
"34,14 : 0.4305"
"14,35 : 0.4632"
"35,14 : 0.4632"
"14,36 : 0.5608"
"36,14 : 0.5608"
"14,37 : 0.6185"
"37,14 : 0.6185"
"14,38 : 0.5991"
"38,14 : 0.5991"
"14,39 : 0.4717"
"39,14 : 0.4717"
"14,40 : 0.8814"
"40,14 : 0.8814"
"14,41 : 0.5771"
"41,14 : 0.5771"
"14,42 : 0.5701"
"42,14 : 0.5701"
"14,43 : 0.7849"
"43,14 : 0.7849"
"14,44 : 0.6113"
"44,14 : 0.6113"
"14,45 : 0.4134"
"45,14 : 0.4134"
"14,46 : 0.5814"
"46,14 : 0.5814"
"14,47 : 0.7793"
"47,14 : 0.7793"
"14,48 : 0.1844"
"48,14 : 0.1844"
"14,49 : 0.6607"
"49,14 : 0.6607"
"15,16 : 0.4808"
"16,15 : 0.4808"
"15,17 : 0.645"
"17,15 : 0.645"
"15,18 : 0.7225"
"18,15 : 0.7225"
"15,19 : 0.405"
"19,15 : 0.405"
"15,20 : 0.3981"
"20,15 : 0.3981"
"15,21 : 0.4177"
"21,15 : 0.4177"
"15,22 : 0.2319"
"22,15 : 0.2319"
"15,23 : 0.3842"
"23,15 : 0.3842"
"15,24 : 0.2062"
"24,15 : 0.2062"
"15,25 : 0.6801"
"25,15 : 0.6801"
"15,26 : 0.2236"
"26,15 : 0.2236"
"15,27 : 0.3585"
"27,15 : 0.3585"
"15,28 : 0.2941"
"28,15 : 0.2941"
"15,29 : 0.153"
"29,15 : 0.153"
"15,30 : 0.3015"
"30,15 : 0.3015"
"15,31 : 0.4327"
"31,15 : 0.4327"
"15,32 : 0.389"
"32,15 : 0.389"
"15,33 : 0.3905"
"33,15 : 0.3905"
"15,34 : 0.117"
"34,15 : 0.117"
"15,35 : 0.2506"
"35,15 : 0.2506"
"15,36 : 0.4272"
"36,15 : 0.4272"
"15,37 : 0.2563"
"37,15 : 0.2563"
"15,38 : 0.3081"
"38,15 : 0.3081"
"15,39 : 0.322"
"39,15 : 0.322"
"15,40 : 0.6685"
"40,15 : 0.6685"
"15,41 : 0.3394"
"41,15 : 0.3394"
"15,42 : 0.2332"
"42,15 : 0.2332"
"15,43 : 0.3384"
"43,15 : 0.3384"
"15,44 : 0.5547"
"44,15 : 0.5547"
"15,45 : 0.5504"
"45,15 : 0.5504"
"15,46 : 0.3829"
"46,15 : 0.3829"
"15,47 : 0.4875"
"47,15 : 0.4875"
"15,48 : 0.6301"
"48,15 : 0.6301"
"15,49 : 0.2012"
"49,15 : 0.2012"
"16,17 : 1.1161"
"17,16 : 1.1161"
"16,18 : 0.8911"
"18,16 : 0.8911"
"16,19 : 0.8809"
"19,16 : 0.8809"
"16,20 : 0.1712"
"20,16 : 0.1712"
"16,21 : 0.4258"
"21,16 : 0.4258"
"16,22 : 0.6488"
"22,16 : 0.6488"
"16,23 : 0.5814"
"23,16 : 0.5814"
"16,24 : 0.6129"
"24,16 : 0.6129"
"16,25 : 0.7692"
"25,16 : 0.7692"
"16,26 : 0.3231"
"26,16 : 0.3231"
"16,27 : 0.8324"
"27,16 : 0.8324"
"16,28 : 0.7545"
"28,16 : 0.7545"
"16,29 : 0.3636"
"29,16 : 0.3636"
"16,30 : 0.7111"
"30,16 : 0.7111"
"16,31 : 0.5803"
"31,16 : 0.5803"
"16,32 : 0.0922"
"32,16 : 0.0922"
"16,33 : 0.7971"
"33,16 : 0.7971"
"16,34 : 0.5408"
"34,16 : 0.5408"
"16,35 : 0.6017"
"35,16 : 0.6017"
"16,36 : 0.7086"
"36,16 : 0.7086"
"16,37 : 0.4415"
"37,16 : 0.4415"
"16,38 : 0.5277"
"38,16 : 0.5277"
"16,39 : 0.661"
"39,16 : 0.661"
"16,40 : 0.75"
"40,16 : 0.75"
"16,41 : 0.5886"
"41,16 : 0.5886"
"16,42 : 0.4808"
"42,16 : 0.4808"
"16,43 : 0.2309"
"43,16 : 0.2309"
"16,44 : 0.8338"
"44,16 : 0.8338"
"16,45 : 0.9458"
"45,16 : 0.9458"
"16,46 : 0.6364"
"46,16 : 0.6364"
"16,47 : 0.559"
"47,16 : 0.559"
"16,48 : 1.1075"
"48,16 : 1.1075"
"16,49 : 0.2968"
"49,16 : 0.2968"
"17,18 : 0.8002"
"18,17 : 0.8002"
"17,19 : 0.3406"
"19,17 : 0.3406"
"17,20 : 0.9976"
"20,17 : 0.9976"
"17,21 : 0.9992"
"21,17 : 0.9992"
"17,22 : 0.5968"
"22,17 : 0.5968"
"17,23 : 0.6977"
"23,17 : 0.6977"
"17,24 : 0.6217"
"24,17 : 0.6217"
"17,25 : 0.8846"
"25,17 : 0.8846"
"17,26 : 0.8591"
"26,17 : 0.8591"
"17,27 : 0.3801"
"27,17 : 0.3801"
"17,28 : 0.4717"
"28,17 : 0.4717"
"17,29 : 0.7916"
"29,17 : 0.7916"
"17,30 : 0.436"
"30,17 : 0.436"
"17,31 : 0.7515"
"31,17 : 0.7515"
"17,32 : 1.0265"
"32,17 : 1.0265"
"17,33 : 0.3801"
"33,17 : 0.3801"
"17,34 : 0.5763"
"34,17 : 0.5763"
"17,35 : 0.5561"
"35,17 : 0.5561"
"17,36 : 0.791"
"36,17 : 0.791"
"17,37 : 0.8324"
"37,17 : 0.8324"
"17,38 : 0.6851"
"38,17 : 0.6851"
"17,39 : 0.5334"
"39,17 : 0.5334"
"17,40 : 0.8884"
"40,17 : 0.8884"
"17,41 : 0.804"
"41,17 : 0.804"
"17,42 : 0.7859"
"42,17 : 0.7859"
"17,43 : 0.9266"
"43,17 : 0.9266"
"17,44 : 0.5842"
"44,17 : 0.5842"
"17,45 : 0.3401"
"45,17 : 0.3401"
"17,46 : 0.6307"
"46,17 : 0.6307"
"17,47 : 0.8367"
"47,17 : 0.8367"
"17,48 : 0.0707"
"48,17 : 0.0707"
"17,49 : 0.8201"
"49,17 : 0.8201"
"18,19 : 0.8802"
"19,18 : 0.8802"
"18,20 : 0.7201"
"20,18 : 0.7201"
"18,21 : 1.1028"
"21,18 : 1.1028"
"18,22 : 0.9105"
"22,18 : 0.9105"
"18,23 : 0.3499"
"23,18 : 0.3499"
"18,24 : 0.9003"
"24,18 : 0.9003"
"18,25 : 0.1565"
"25,18 : 0.1565"
"18,26 : 0.8782"
"26,18 : 0.8782"
"18,27 : 0.8682"
"27,18 : 0.8682"
"18,28 : 0.8832"
"28,18 : 0.8832"
"18,29 : 0.8238"
"29,18 : 0.8238"
"18,30 : 0.51"
"30,18 : 0.51"
"18,31 : 0.3231"
"31,18 : 0.3231"
"18,32 : 0.8465"
"32,18 : 0.8465"
"18,33 : 0.4838"
"33,18 : 0.4838"
"18,34 : 0.6152"
"34,18 : 0.6152"
"18,35 : 0.4817"
"35,18 : 0.4817"
"18,36 : 1.1395"
"36,18 : 1.1395"
"18,37 : 0.9661"
"37,18 : 0.9661"
"18,38 : 0.4272"
"38,18 : 0.4272"
"18,39 : 0.422"
"39,18 : 0.422"
"18,40 : 0.1746"
"40,18 : 0.1746"
"18,41 : 1.0615"
"41,18 : 1.0615"
"18,42 : 0.9527"
"42,18 : 0.9527"
"18,43 : 0.6694"
"43,18 : 0.6694"
"18,44 : 0.2256"
"44,18 : 0.2256"
"18,45 : 0.4601"
"45,18 : 0.4601"
"18,46 : 0.3397"
"46,18 : 0.3397"
"18,47 : 0.3324"
"47,18 : 0.3324"
"18,48 : 0.8505"
"48,18 : 0.8505"
"18,49 : 0.6978"
"49,18 : 0.6978"
"19,20 : 0.8013"
"20,19 : 0.8013"
"19,21 : 0.6815"
"21,19 : 0.6815"
"19,22 : 0.2731"
"22,19 : 0.2731"
"19,23 : 0.6403"
"23,19 : 0.6403"
"19,24 : 0.3041"
"24,19 : 0.3041"
"19,25 : 0.908"
"25,19 : 0.908"
"19,26 : 0.5814"
"26,19 : 0.5814"
"19,27 : 0.05"
"27,19 : 0.05"
"19,28 : 0.1432"
"28,19 : 0.1432"
"19,29 : 0.5233"
"29,19 : 0.5233"
"19,30 : 0.3785"
"30,19 : 0.3785"
"19,31 : 0.7003"
"31,19 : 0.7003"
"19,32 : 0.7887"
"32,19 : 0.7887"
"19,33 : 0.3981"
"33,19 : 0.3981"
"19,34 : 0.3956"
"34,19 : 0.3956"
"19,35 : 0.46"
"35,19 : 0.46"
"19,36 : 0.4504"
"36,19 : 0.4504"
"19,37 : 0.5235"
"37,19 : 0.5235"
"19,38 : 0.5914"
"38,19 : 0.5914"
"19,39 : 0.4851"
"39,19 : 0.4851"
"19,40 : 0.9043"
"40,19 : 0.9043"
"19,41 : 0.4707"
"41,19 : 0.4707"
"19,42 : 0.4741"
"42,19 : 0.4741"
"19,43 : 0.7379"
"43,19 : 0.7379"
"19,44 : 0.658"
"44,19 : 0.658"
"19,45 : 0.4884"
"45,19 : 0.4884"
"19,46 : 0.5941"
"46,19 : 0.5941"
"19,47 : 0.7801"
"47,19 : 0.7801"
"19,48 : 0.2915"
"48,19 : 0.2915"
"19,49 : 0.6054"
"49,19 : 0.6054"
"20,21 : 0.5012"
"21,20 : 0.5012"
"20,22 : 0.6064"
"22,20 : 0.6064"
"20,23 : 0.4144"
"23,20 : 0.4144"
"20,24 : 0.5727"
"24,20 : 0.5727"
"20,25 : 0.6008"
"25,20 : 0.6008"
"20,26 : 0.3239"
"26,20 : 0.3239"
"20,27 : 0.7559"
"27,20 : 0.7559"
"20,28 : 0.6908"
"28,20 : 0.6908"
"20,29 : 0.3306"
"29,20 : 0.3306"
"20,30 : 0.5743"
"30,20 : 0.5743"
"20,31 : 0.41"
"31,20 : 0.41"
"20,32 : 0.1421"
"32,20 : 0.1421"
"20,33 : 0.6551"
"33,20 : 0.6551"
"20,34 : 0.4252"
"34,20 : 0.4252"
"20,35 : 0.4579"
"35,20 : 0.4579"
"20,36 : 0.7225"
"36,20 : 0.7225"
"20,37 : 0.4554"
"37,20 : 0.4554"
"20,38 : 0.3669"
"38,20 : 0.3669"
"20,39 : 0.5099"
"39,20 : 0.5099"
"20,40 : 0.5819"
"40,20 : 0.5819"
"20,41 : 0.6041"
"41,20 : 0.6041"
"20,42 : 0.4809"
"42,20 : 0.4809"
"20,43 : 0.0721"
"43,20 : 0.0721"
"20,44 : 0.6675"
"44,20 : 0.6675"
"20,45 : 0.7962"
"45,20 : 0.7962"
"20,46 : 0.473"
"46,20 : 0.473"
"20,47 : 0.3883"
"47,20 : 0.3883"
"20,48 : 0.9976"
"48,20 : 0.9976"
"20,49 : 0.197"
"49,20 : 0.197"
"21,22 : 0.4085"
"22,21 : 0.4085"
"21,23 : 0.7529"
"23,21 : 0.7529"
"21,24 : 0.3795"
"24,21 : 0.3795"
"21,25 : 1.0262"
"25,21 : 1.0262"
"21,26 : 0.2247"
"26,21 : 0.2247"
"21,27 : 0.6332"
"27,21 : 0.6332"
"21,28 : 0.5385"
"28,21 : 0.5385"
"21,29 : 0.2823"
"29,21 : 0.2823"
"21,30 : 0.7185"
"30,21 : 0.7185"
"21,31 : 0.7849"
"31,21 : 0.7849"
"21,32 : 0.3734"
"32,21 : 0.3734"
"21,33 : 0.8062"
"33,21 : 0.8062"
"21,34 : 0.5337"
"34,21 : 0.5337"
"21,35 : 0.661"
"35,21 : 0.661"
"21,36 : 0.3329"
"36,21 : 0.3329"
"21,37 : 0.1703"
"37,21 : 0.1703"
"21,38 : 0.676"
"38,21 : 0.676"
"21,39 : 0.7338"
"39,21 : 0.7338"
"21,40 : 1.0104"
"40,21 : 1.0104"
"21,41 : 0.2335"
"41,21 : 0.2335"
"21,42 : 0.2138"
"42,21 : 0.2138"
"21,43 : 0.5"
"43,21 : 0.5"
"21,44 : 0.9621"
"44,21 : 0.9621"
"21,45 : 0.9652"
"45,21 : 0.9652"
"21,46 : 0.7739"
"46,21 : 0.7739"
"21,47 : 0.8092"
"47,21 : 0.8092"
"21,48 : 0.9646"
"48,21 : 0.9646"
"21,49 : 0.4123"
"49,21 : 0.4123"
"22,23 : 0.5948"
"23,22 : 0.5948"
"22,24 : 0.0361"
"24,22 : 0.0361"
"22,25 : 0.8907"
"25,22 : 0.8907"
"22,26 : 0.3302"
"26,22 : 0.3302"
"22,27 : 0.2247"
"27,22 : 0.2247"
"22,28 : 0.13"
"28,22 : 0.13"
"22,29 : 0.2864"
"29,22 : 0.2864"
"22,30 : 0.4201"
"30,22 : 0.4201"
"22,31 : 0.6488"
"31,22 : 0.6488"
"22,32 : 0.559"
"32,22 : 0.559"
"22,33 : 0.4888"
"33,22 : 0.4888"
"22,34 : 0.3041"
"34,22 : 0.3041"
"22,35 : 0.4301"
"35,22 : 0.4301"
"22,36 : 0.2385"
"36,22 : 0.2385"
"22,37 : 0.2524"
"37,22 : 0.2524"
"22,38 : 0.5239"
"38,22 : 0.5239"
"22,39 : 0.4892"
"39,22 : 0.4892"
"22,40 : 0.8812"
"40,22 : 0.8812"
"22,41 : 0.2102"
"41,22 : 0.2102"
"22,42 : 0.2025"
"42,22 : 0.2025"
"22,43 : 0.5558"
"43,22 : 0.5558"
"22,44 : 0.7145"
"44,22 : 0.7145"
"22,45 : 0.6316"
"45,22 : 0.6316"
"22,46 : 0.5769"
"46,22 : 0.5769"
"22,47 : 0.7117"
"47,22 : 0.7117"
"22,48 : 0.5579"
"48,22 : 0.5579"
"22,49 : 0.4144"
"49,22 : 0.4144"
"23,24 : 0.578"
"24,23 : 0.578"
"23,25 : 0.2968"
"25,23 : 0.2968"
"23,26 : 0.5284"
"26,23 : 0.5284"
"23,27 : 0.6129"
"27,23 : 0.6129"
"23,28 : 0.5991"
"28,23 : 0.5991"
"23,29 : 0.4743"
"29,23 : 0.4743"
"23,30 : 0.2766"
"30,23 : 0.2766"
"23,31 : 0.06"
"31,23 : 0.06"
"23,32 : 0.5209"
"32,23 : 0.5209"
"23,33 : 0.3176"
"33,23 : 0.3176"
"23,34 : 0.2907"
"34,23 : 0.2907"
"23,35 : 0.1811"
"35,23 : 0.1811"
"23,36 : 0.8102"
"36,23 : 0.8102"
"23,37 : 0.6185"
"37,23 : 0.6185"
"23,38 : 0.0781"
"38,23 : 0.0781"
"23,39 : 0.1676"
"39,23 : 0.1676"
"23,40 : 0.2865"
"40,23 : 0.2865"
"23,41 : 0.7225"
"41,23 : 0.7225"
"23,42 : 0.6083"
"42,23 : 0.6083"
"23,43 : 0.3506"
"43,23 : 0.3506"
"23,44 : 0.2532"
"44,23 : 0.2532"
"23,45 : 0.4177"
"45,23 : 0.4177"
"23,46 : 0.0707"
"46,23 : 0.0707"
"23,47 : 0.1432"
"47,23 : 0.1432"
"23,48 : 0.7224"
"48,23 : 0.7224"
"23,49 : 0.3511"
"49,23 : 0.3511"
"24,25 : 0.8746"
"25,24 : 0.8746"
"24,26 : 0.2941"
"26,24 : 0.2941"
"24,27 : 0.255"
"27,24 : 0.255"
"24,28 : 0.1612"
"28,24 : 0.1612"
"24,29 : 0.2508"
"29,24 : 0.2508"
"24,30 : 0.4188"
"30,24 : 0.4188"
"24,31 : 0.6306"
"31,24 : 0.6306"
"24,32 : 0.5233"
"32,24 : 0.5233"
"24,33 : 0.4919"
"33,24 : 0.4919"
"24,34 : 0.2884"
"34,24 : 0.2884"
"24,35 : 0.4187"
"35,24 : 0.4187"
"24,36 : 0.2408"
"36,24 : 0.2408"
"24,37 : 0.2195"
"37,24 : 0.2195"
"24,38 : 0.5054"
"38,24 : 0.5054"
"24,39 : 0.4808"
"39,24 : 0.4808"
"24,40 : 0.8645"
"40,24 : 0.8645"
"24,41 : 0.1942"
"41,24 : 0.1942"
"24,42 : 0.17"
"42,24 : 0.17"
"24,43 : 0.5235"
"43,24 : 0.5235"
"24,44 : 0.7094"
"44,24 : 0.7094"
"24,45 : 0.6391"
"45,24 : 0.6391"
"24,46 : 0.564"
"46,24 : 0.564"
"24,47 : 0.6908"
"47,24 : 0.6908"
"24,48 : 0.5852"
"48,24 : 0.5852"
"24,49 : 0.3821"
"49,24 : 0.3821"
"25,26 : 0.8028"
"26,25 : 0.8028"
"25,27 : 0.8877"
"27,25 : 0.8877"
"25,28 : 0.886"
"28,25 : 0.886"
"25,29 : 0.7569"
"29,25 : 0.7569"
"25,30 : 0.5295"
"30,25 : 0.5295"
"25,31 : 0.2484"
"31,25 : 0.2484"
"25,32 : 0.7354"
"32,25 : 0.7354"
"25,33 : 0.5301"
"33,25 : 0.5301"
"25,34 : 0.5867"
"34,25 : 0.5867"
"25,35 : 0.4662"
"35,25 : 0.4662"
"25,36 : 1.1068"
"36,25 : 1.1068"
"25,37 : 0.9051"
"37,25 : 0.9051"
"25,38 : 0.372"
"38,25 : 0.372"
"25,39 : 0.4245"
"39,25 : 0.4245"
"25,40 : 0.02"
"40,25 : 0.02"
"25,41 : 1.0167"
"41,25 : 1.0167"
"25,42 : 0.8994"
"42,25 : 0.8994"
"25,43 : 0.5595"
"43,25 : 0.5595"
"25,44 : 0.3036"
"44,25 : 0.3036"
"25,45 : 0.5508"
"45,25 : 0.5508"
"25,46 : 0.3195"
"46,25 : 0.3195"
"25,47 : 0.2195"
"47,25 : 0.2195"
"25,48 : 0.9266"
"48,25 : 0.9266"
"25,49 : 0.614"
"49,25 : 0.614"
"26,27 : 0.5315"
"27,26 : 0.5315"
"26,28 : 0.4455"
"28,26 : 0.4455"
"26,29 : 0.0707"
"29,26 : 0.0707"
"26,30 : 0.5201"
"30,26 : 0.5201"
"26,31 : 0.5604"
"31,26 : 0.5604"
"26,32 : 0.2377"
"32,26 : 0.2377"
"26,33 : 0.6103"
"33,26 : 0.6103"
"26,34 : 0.33"
"34,26 : 0.33"
"26,35 : 0.4472"
"35,26 : 0.4472"
"26,36 : 0.4001"
"36,26 : 0.4001"
"26,37 : 0.1315"
"37,26 : 0.1315"
"26,38 : 0.4518"
"38,26 : 0.4518"
"26,39 : 0.5197"
"39,26 : 0.5197"
"26,40 : 0.7875"
"40,26 : 0.7875"
"26,41 : 0.2807"
"41,26 : 0.2807"
"26,42 : 0.1612"
"42,26 : 0.1612"
"26,43 : 0.3008"
"43,26 : 0.3008"
"26,44 : 0.7433"
"44,26 : 0.7433"
"26,45 : 0.7703"
"45,26 : 0.7703"
"26,46 : 0.5515"
"46,26 : 0.5515"
"26,47 : 0.5873"
"47,26 : 0.5873"
"26,48 : 0.8373"
"48,26 : 0.8373"
"26,49 : 0.191"
"49,26 : 0.191"
"27,28 : 0.0949"
"28,27 : 0.0949"
"27,29 : 0.4738"
"29,27 : 0.4738"
"27,30 : 0.3606"
"30,27 : 0.3606"
"27,31 : 0.6727"
"31,27 : 0.6727"
"27,32 : 0.7403"
"32,27 : 0.7403"
"27,33 : 0.3912"
"33,27 : 0.3912"
"27,34 : 0.3569"
"34,27 : 0.3569"
"27,35 : 0.4319"
"35,27 : 0.4319"
"27,36 : 0.413"
"36,27 : 0.413"
"27,37 : 0.4741"
"37,27 : 0.4741"
"27,38 : 0.56"
"38,27 : 0.56"
"27,39 : 0.4632"
"39,27 : 0.4632"
"27,40 : 0.8829"
"40,27 : 0.8829"
"27,41 : 0.4258"
"41,27 : 0.4258"
"27,42 : 0.4249"
"42,27 : 0.4249"
"27,43 : 0.6935"
"43,27 : 0.6935"
"27,44 : 0.6488"
"44,27 : 0.6488"
"27,45 : 0.4958"
"45,27 : 0.4958"
"27,46 : 0.5707"
"46,27 : 0.5707"
"27,47 : 0.7506"
"47,27 : 0.7506"
"27,48 : 0.3354"
"48,27 : 0.3354"
"27,49 : 0.5595"
"49,27 : 0.5595"
"28,29 : 0.392"
"29,28 : 0.392"
"28,30 : 0.3744"
"30,28 : 0.3744"
"28,31 : 0.6573"
"31,28 : 0.6573"
"28,32 : 0.6629"
"32,28 : 0.6629"
"28,33 : 0.4243"
"33,28 : 0.4243"
"28,34 : 0.3206"
"34,28 : 0.3206"
"28,35 : 0.4206"
"35,28 : 0.4206"
"28,36 : 0.3298"
"36,28 : 0.3298"
"28,37 : 0.3808"
"37,28 : 0.3808"
"28,38 : 0.5376"
"38,28 : 0.5376"
"28,39 : 0.4652"
"39,28 : 0.4652"
"28,40 : 0.8792"
"40,28 : 0.8792"
"28,41 : 0.3324"
"41,28 : 0.3324"
"28,42 : 0.3312"
"42,28 : 0.3312"
"28,43 : 0.6325"
"43,28 : 0.6325"
"28,44 : 0.672"
"44,28 : 0.672"
"28,45 : 0.5492"
"45,28 : 0.5492"
"28,46 : 0.5665"
"46,28 : 0.5665"
"28,47 : 0.7299"
"47,28 : 0.7299"
"28,48 : 0.4295"
"48,28 : 0.4295"
"28,49 : 0.494"
"49,28 : 0.494"
"29,30 : 0.45"
"30,29 : 0.45"
"29,31 : 0.5109"
"31,29 : 0.5109"
"29,32 : 0.2729"
"32,29 : 0.2729"
"29,33 : 0.5401"
"33,29 : 0.5401"
"29,34 : 0.2602"
"34,29 : 0.2602"
"29,35 : 0.3808"
"35,29 : 0.3808"
"29,36 : 0.3981"
"36,29 : 0.3981"
"29,37 : 0.15"
"37,29 : 0.15"
"29,38 : 0.3966"
"38,29 : 0.3966"
"29,39 : 0.4535"
"39,29 : 0.4535"
"29,40 : 0.7425"
"40,29 : 0.7425"
"29,41 : 0.2846"
"41,29 : 0.2846"
"29,42 : 0.1581"
"42,29 : 0.1581"
"29,43 : 0.2927"
"43,29 : 0.2927"
"29,44 : 0.6801"
"44,29 : 0.6801"
"29,45 : 0.7001"
"45,29 : 0.7001"
"29,46 : 0.4919"
"46,29 : 0.4919"
"29,47 : 0.5456"
"47,29 : 0.5456"
"29,48 : 0.7718"
"48,29 : 0.7718"
"29,49 : 0.1616"
"49,29 : 0.1616"
"30,31 : 0.3354"
"31,30 : 0.3354"
"30,32 : 0.6277"
"32,30 : 0.6277"
"30,33 : 0.0906"
"33,30 : 0.0906"
"30,34 : 0.1903"
"34,30 : 0.1903"
"30,35 : 0.1204"
"35,30 : 0.1204"
"30,36 : 0.658"
"36,30 : 0.658"
"30,37 : 0.5532"
"37,30 : 0.5532"
"30,38 : 0.2506"
"38,30 : 0.2506"
"30,39 : 0.1105"
"39,30 : 0.1105"
"30,40 : 0.5261"
"40,30 : 0.5261"
"30,41 : 0.6037"
"41,30 : 0.6037"
"30,42 : 0.522"
"42,30 : 0.522"
"30,43 : 0.5022"
"43,30 : 0.5022"
"30,44 : 0.2983"
"44,30 : 0.2983"
"30,45 : 0.2502"
"45,30 : 0.2502"
"30,46 : 0.2202"
"46,30 : 0.2202"
"30,47 : 0.4198"
"47,30 : 0.4198"
"30,48 : 0.4518"
"48,30 : 0.4518"
"30,49 : 0.4179"
"49,30 : 0.4179"
"31,32 : 0.5277"
"32,31 : 0.5277"
"31,33 : 0.3716"
"33,31 : 0.3716"
"31,34 : 0.3454"
"34,31 : 0.3454"
"31,35 : 0.2408"
"35,31 : 0.2408"
"31,36 : 0.8598"
"36,31 : 0.8598"
"31,37 : 0.658"
"37,31 : 0.658"
"31,38 : 0.1253"
"38,31 : 0.1253"
"31,39 : 0.2256"
"39,31 : 0.2256"
"31,40 : 0.236"
"40,31 : 0.236"
"31,41 : 0.7684"
"41,31 : 0.7684"
"31,42 : 0.6512"
"42,31 : 0.6512"
"31,43 : 0.3523"
"43,31 : 0.3523"
"31,44 : 0.2693"
"44,31 : 0.2693"
"31,45 : 0.4601"
"45,31 : 0.4601"
"31,46 : 0.1208"
"46,31 : 0.1208"
"31,47 : 0.0854"
"47,31 : 0.0854"
"31,48 : 0.7783"
"48,31 : 0.7783"
"31,49 : 0.3759"
"49,31 : 0.3759"
"32,33 : 0.7151"
"33,32 : 0.7151"
"32,34 : 0.4528"
"34,32 : 0.4528"
"32,35 : 0.522"
"35,32 : 0.522"
"32,36 : 0.632"
"36,32 : 0.632"
"32,37 : 0.3622"
"37,32 : 0.3622"
"32,38 : 0.4604"
"38,32 : 0.4604"
"32,39 : 0.5846"
"39,32 : 0.5846"
"32,40 : 0.7169"
"40,32 : 0.7169"
"32,41 : 0.5116"
"41,32 : 0.5116"
"32,42 : 0.3981"
"42,32 : 0.3981"
"32,43 : 0.1772"
"43,32 : 0.1772"
"32,44 : 0.7701"
"44,32 : 0.7701"
"32,45 : 0.8668"
"45,32 : 0.8668"
"32,46 : 0.5704"
"46,32 : 0.5704"
"32,47 : 0.5187"
"47,32 : 0.5187"
"32,48 : 1.0167"
"48,32 : 1.0167"
"32,49 : 0.2102"
"49,32 : 0.2102"
"33,34 : 0.2807"
"34,33 : 0.2807"
"33,35 : 0.1972"
"35,33 : 0.1972"
"33,36 : 0.7272"
"36,33 : 0.7272"
"33,37 : 0.6395"
"37,33 : 0.6395"
"33,38 : 0.3114"
"38,33 : 0.3114"
"33,39 : 0.1562"
"39,33 : 0.1562"
"33,40 : 0.5301"
"40,33 : 0.5301"
"33,41 : 0.6815"
"41,33 : 0.6815"
"33,42 : 0.6064"
"42,33 : 0.6064"
"33,43 : 0.5831"
"43,33 : 0.5831"
"33,44 : 0.26"
"44,33 : 0.26"
"33,45 : 0.16"
"45,33 : 0.16"
"33,46 : 0.2508"
"46,33 : 0.2508"
"33,47 : 0.4569"
"47,33 : 0.4569"
"33,48 : 0.408"
"48,33 : 0.408"
"33,49 : 0.506"
"49,33 : 0.506"
"34,35 : 0.136"
"35,34 : 0.136"
"34,36 : 0.525"
"36,34 : 0.525"
"34,37 : 0.3734"
"37,34 : 0.3734"
"34,38 : 0.2214"
"38,34 : 0.2214"
"34,39 : 0.2059"
"39,34 : 0.2059"
"34,40 : 0.5771"
"40,34 : 0.5771"
"34,41 : 0.4482"
"41,34 : 0.4482"
"34,42 : 0.3489"
"42,34 : 0.3489"
"34,43 : 0.3561"
"43,34 : 0.3561"
"34,44 : 0.4391"
"44,34 : 0.4391"
"34,45 : 0.4405"
"45,34 : 0.4405"
"34,46 : 0.2766"
"46,34 : 0.2766"
"34,47 : 0.4123"
"47,34 : 0.4123"
"34,48 : 0.5728"
"48,34 : 0.5728"
"34,49 : 0.2441"
"49,34 : 0.2441"
"35,36 : 0.658"
"36,35 : 0.658"
"35,37 : 0.5057"
"37,35 : 0.5057"
"35,38 : 0.136"
"38,35 : 0.136"
"35,39 : 0.0728"
"39,35 : 0.0728"
"35,40 : 0.4588"
"40,35 : 0.4588"
"35,41 : 0.5841"
"41,35 : 0.5841"
"35,42 : 0.4837"
"42,35 : 0.4837"
"35,43 : 0.3859"
"43,35 : 0.3859"
"35,44 : 0.3041"
"44,35 : 0.3041"
"35,45 : 0.3448"
"45,35 : 0.3448"
"35,46 : 0.1476"
"46,35 : 0.1476"
"35,47 : 0.3202"
"47,35 : 0.3202"
"35,48 : 0.5694"
"48,35 : 0.5694"
"35,49 : 0.3158"
"49,35 : 0.3158"
"36,37 : 0.2702"
"37,36 : 0.2702"
"36,38 : 0.735"
"38,36 : 0.735"
"36,39 : 0.7214"
"39,36 : 0.7214"
"36,40 : 1.0955"
"40,36 : 1.0955"
"36,41 : 0.1204"
"41,36 : 0.1204"
"36,42 : 0.2419"
"42,36 : 0.2419"
"36,43 : 0.6905"
"43,36 : 0.6905"
"36,44 : 0.9502"
"44,36 : 0.9502"
"36,45 : 0.8676"
"45,36 : 0.8676"
"36,46 : 0.8016"
"46,36 : 0.8016"
"36,47 : 0.913"
"47,36 : 0.913"
"36,48 : 0.7401"
"48,36 : 0.7401"
"36,49 : 0.5579"
"49,36 : 0.5579"
"37,38 : 0.5404"
"38,37 : 0.5404"
"37,39 : 0.5778"
"39,37 : 0.5778"
"37,40 : 0.8911"
"40,37 : 0.8911"
"37,41 : 0.15"
"41,37 : 0.15"
"37,42 : 0.05"
"42,37 : 0.05"
"37,43 : 0.4301"
"43,37 : 0.4301"
"37,44 : 0.8096"
"44,37 : 0.8096"
"37,45 : 0.7976"
"45,37 : 0.7976"
"37,46 : 0.6297"
"46,37 : 0.6297"
"37,47 : 0.6953"
"47,37 : 0.6953"
"37,48 : 0.8006"
"48,37 : 0.8006"
"37,49 : 0.3089"
"49,37 : 0.3089"
"38,39 : 0.1556"
"39,38 : 0.1556"
"38,40 : 0.3606"
"40,38 : 0.3606"
"38,41 : 0.6454"
"41,38 : 0.6454"
"38,42 : 0.5304"
"42,38 : 0.5304"
"38,43 : 0.2983"
"43,38 : 0.2983"
"38,44 : 0.3102"
"44,38 : 0.3102"
"38,45 : 0.4357"
"45,38 : 0.4357"
"38,46 : 0.11"
"46,38 : 0.11"
"38,47 : 0.1924"
"47,38 : 0.1924"
"38,48 : 0.7024"
"48,38 : 0.7024"
"38,49 : 0.2789"
"49,38 : 0.2789"
"39,40 : 0.4198"
"40,39 : 0.4198"
"39,41 : 0.6522"
"41,39 : 0.6522"
"39,42 : 0.5547"
"42,39 : 0.5547"
"39,43 : 0.4386"
"43,39 : 0.4386"
"39,44 : 0.2332"
"44,39 : 0.2332"
"39,45 : 0.2864"
"45,39 : 0.2864"
"39,46 : 0.11"
"46,39 : 0.11"
"39,47 : 0.3105"
"47,39 : 0.3105"
"39,48 : 0.5554"
"48,39 : 0.5554"
"39,49 : 0.3821"
"49,39 : 0.3821"
"40,41 : 1.0042"
"41,40 : 1.0042"
"40,42 : 0.8862"
"42,40 : 0.8862"
"40,43 : 0.5413"
"43,40 : 0.5413"
"40,44 : 0.3102"
"44,40 : 0.3102"
"40,45 : 0.5566"
"45,40 : 0.5566"
"40,46 : 0.3132"
"46,40 : 0.3132"
"40,47 : 0.2025"
"47,40 : 0.2025"
"40,48 : 0.9291"
"48,40 : 0.9291"
"40,49 : 0.5982"
"49,40 : 0.5982"
"41,42 : 0.1265"
"42,41 : 0.1265"
"41,43 : 0.5749"
"43,41 : 0.5749"
"41,44 : 0.8848"
"44,41 : 0.8848"
"41,45 : 0.8317"
"45,41 : 0.8317"
"41,46 : 0.7218"
"46,41 : 0.7218"
"41,47 : 0.8154"
"47,41 : 0.8154"
"41,48 : 0.7612"
"48,41 : 0.7612"
"41,49 : 0.446"
"49,41 : 0.446"
"42,43 : 0.4491"
"43,42 : 0.4491"
"42,44 : 0.7877"
"44,42 : 0.7877"
"42,45 : 0.763"
"45,42 : 0.763"
"42,46 : 0.614"
"46,42 : 0.614"
"42,47 : 0.694"
"47,42 : 0.694"
"42,48 : 0.7527"
"48,42 : 0.7527"
