x,y
1.0,0.7
0.98,0.35
0.23,0.45
0.04,0.2
0.35,0.93
0.84,0.34
0.14,0.06
0.71,0.42
0.76,0.73
0.15,0.91
0.95,0.99
0.5,0.36
0.62,0.69
0.98,0.27
0.3,0.36
0.53,0.62
0.4,0.07
0.38,0.24
0.42,0.14
0.03,0.75
0.28,0.34
0.75,0.53
0.78,0.38
0.79,0.49
0.72,0.01
0.19,0.73
0.38,0.08
0.68,0.09
0.53,0.58
0.87,0.51
0.81,0.59
0.1,0.58
0.19,0.33
0.41,0.54
0.86,0.3
0.34,0.85
1.0,0.47
0.66,0.66
0.06,0.0
0.82,0.44
0.2,0.04
0.04,0.32
0.78,0.23
0.4,0.76
0.86,0.34
0.74,0.73
0.74,0.91
0.85,0.73
0.15,0.35
0.52,0.06

Distanze
"0,1 : 0.3506"
"1,0 : 0.3506"
"0,2 : 0.8096"
"2,0 : 0.8096"
"0,3 : 1.0824"
"3,0 : 1.0824"
"0,4 : 0.6895"
"4,0 : 0.6895"
"0,5 : 0.394"
"5,0 : 0.394"
"0,6 : 1.072"
"6,0 : 1.072"
"0,7 : 0.4031"
"7,0 : 0.4031"
"0,8 : 0.2419"
"8,0 : 0.2419"
"0,9 : 0.8756"
"9,0 : 0.8756"
"0,10 : 0.2943"
"10,0 : 0.2943"
"0,11 : 0.6046"
"11,0 : 0.6046"
"0,12 : 0.3801"
"12,0 : 0.3801"
"0,13 : 0.4305"
"13,0 : 0.4305"
"0,14 : 0.7782"
"14,0 : 0.7782"
"0,15 : 0.4768"
"15,0 : 0.4768"
"0,16 : 0.87"
"16,0 : 0.87"
"0,17 : 0.772"
"17,0 : 0.772"
"0,18 : 0.8062"
"18,0 : 0.8062"
"0,19 : 0.9713"
"19,0 : 0.9713"
"0,20 : 0.805"
"20,0 : 0.805"
"0,21 : 0.3023"
"21,0 : 0.3023"
"0,22 : 0.3883"
"22,0 : 0.3883"
"0,23 : 0.297"
"23,0 : 0.297"
"0,24 : 0.7446"
"24,0 : 0.7446"
"0,25 : 0.8106"
"25,0 : 0.8106"
"0,26 : 0.8768"
"26,0 : 0.8768"
"0,27 : 0.6888"
"27,0 : 0.6888"
"0,28 : 0.4851"
"28,0 : 0.4851"
"0,29 : 0.2302"
"29,0 : 0.2302"
"0,30 : 0.2195"
"30,0 : 0.2195"
"0,31 : 0.908"
"31,0 : 0.908"
"0,32 : 0.8905"
"32,0 : 0.8905"
"0,33 : 0.6113"
"33,0 : 0.6113"
"0,34 : 0.4238"
"34,0 : 0.4238"
"0,35 : 0.6768"
"35,0 : 0.6768"
"0,36 : 0.23"
"36,0 : 0.23"
"0,37 : 0.3423"
"37,0 : 0.3423"
"0,38 : 1.172"
"38,0 : 1.172"
"0,39 : 0.3162"
"39,0 : 0.3162"
"0,40 : 1.0371"
"40,0 : 1.0371"
"0,41 : 1.0325"
"41,0 : 1.0325"
"0,42 : 0.5189"
"42,0 : 0.5189"
"0,43 : 0.603"
"43,0 : 0.603"
"0,44 : 0.3863"
"44,0 : 0.3863"
"0,45 : 0.2617"
"45,0 : 0.2617"
"0,46 : 0.3342"
"46,0 : 0.3342"
"0,47 : 0.153"
"47,0 : 0.153"
"0,48 : 0.9192"
"48,0 : 0.9192"
"0,49 : 0.8"
"49,0 : 0.8"
"1,2 : 0.7566"
"2,1 : 0.7566"
"1,3 : 0.9519"
"3,1 : 0.9519"
"1,4 : 0.8563"
"4,1 : 0.8563"
"1,5 : 0.1404"
"5,1 : 0.1404"
"1,6 : 0.8887"
"6,1 : 0.8887"
"1,7 : 0.2789"
"7,1 : 0.2789"
"1,8 : 0.4391"
"8,1 : 0.4391"
"1,9 : 1.0012"
"9,1 : 1.0012"
"1,10 : 0.6407"
"10,1 : 0.6407"
"1,11 : 0.4801"
"11,1 : 0.4801"
"1,12 : 0.4952"
"12,1 : 0.4952"
"1,13 : 0.08"
"13,1 : 0.08"
"1,14 : 0.6801"
"14,1 : 0.6801"
"1,15 : 0.5248"
"15,1 : 0.5248"
"1,16 : 0.644"
"16,1 : 0.644"
"1,17 : 0.61"
"17,1 : 0.61"
"1,18 : 0.5981"
"18,1 : 0.5981"
"1,19 : 1.0308"
"19,1 : 1.0308"
"1,20 : 0.7001"
"20,1 : 0.7001"
"1,21 : 0.2921"
"21,1 : 0.2921"
"1,22 : 0.2022"
"22,1 : 0.2022"
"1,23 : 0.236"
"23,1 : 0.236"
"1,24 : 0.428"
"24,1 : 0.428"
"1,25 : 0.8766"
"25,1 : 0.8766"
"1,26 : 0.658"
"26,1 : 0.658"
"1,27 : 0.397"
"27,1 : 0.397"
"1,28 : 0.5054"
"28,1 : 0.5054"
"1,29 : 0.1942"
"29,1 : 0.1942"
"1,30 : 0.2941"
"30,1 : 0.2941"
"1,31 : 0.9096"
"31,1 : 0.9096"
"1,32 : 0.7903"
"32,1 : 0.7903"
"1,33 : 0.6008"
"33,1 : 0.6008"
"1,34 : 0.13"
"34,1 : 0.13"
"1,35 : 0.8122"
"35,1 : 0.8122"
"1,36 : 0.1217"
"36,1 : 0.1217"
"1,37 : 0.4455"
"37,1 : 0.4455"
"1,38 : 0.9843"
"38,1 : 0.9843"
"1,39 : 0.1836"
"39,1 : 0.1836"
"1,40 : 0.8393"
"40,1 : 0.8393"
"1,41 : 0.9405"
"41,1 : 0.9405"
"1,42 : 0.2332"
"42,1 : 0.2332"
"1,43 : 0.7103"
"43,1 : 0.7103"
"1,44 : 0.1204"
"44,1 : 0.1204"
"1,45 : 0.4494"
"45,1 : 0.4494"
"1,46 : 0.6093"
"46,1 : 0.6093"
"1,47 : 0.4016"
"47,1 : 0.4016"
"1,48 : 0.83"
"48,1 : 0.83"
"1,49 : 0.5438"
"49,1 : 0.5438"
"2,3 : 0.314"
"3,2 : 0.314"
"2,4 : 0.4948"
"4,2 : 0.4948"
"2,5 : 0.6198"
"5,2 : 0.6198"
"2,6 : 0.4002"
"6,2 : 0.4002"
"2,7 : 0.4809"
"7,2 : 0.4809"
"2,8 : 0.5994"
"8,2 : 0.5994"
"2,9 : 0.4669"
"9,2 : 0.4669"
"2,10 : 0.9"
"10,2 : 0.9"
"2,11 : 0.2846"
"11,2 : 0.2846"
"2,12 : 0.4579"
"12,2 : 0.4579"
"2,13 : 0.7713"
"13,2 : 0.7713"
"2,14 : 0.114"
"14,2 : 0.114"
"2,15 : 0.3448"
"15,2 : 0.3448"
"2,16 : 0.4163"
"16,2 : 0.4163"
"2,17 : 0.2581"
"17,2 : 0.2581"
"2,18 : 0.3636"
"18,2 : 0.3636"
"2,19 : 0.3606"
"19,2 : 0.3606"
"2,20 : 0.1208"
"20,2 : 0.1208"
"2,21 : 0.5261"
"21,2 : 0.5261"
"2,22 : 0.5544"
"22,2 : 0.5544"
"2,23 : 0.5614"
"23,2 : 0.5614"
"2,24 : 0.6586"
"24,2 : 0.6586"
"2,25 : 0.2828"
"25,2 : 0.2828"
"2,26 : 0.3992"
"26,2 : 0.3992"
"2,27 : 0.5763"
"27,2 : 0.5763"
"2,28 : 0.327"
"28,2 : 0.327"
"2,29 : 0.6428"
"29,2 : 0.6428"
"2,30 : 0.5967"
"30,2 : 0.5967"
"2,31 : 0.1838"
"31,2 : 0.1838"
"2,32 : 0.1265"
"32,2 : 0.1265"
"2,33 : 0.2012"
"33,2 : 0.2012"
"2,34 : 0.6476"
"34,2 : 0.6476"
"2,35 : 0.4148"
"35,2 : 0.4148"
"2,36 : 0.7703"
"36,2 : 0.7703"
"2,37 : 0.4785"
"37,2 : 0.4785"
"2,38 : 0.481"
"38,2 : 0.481"
"2,39 : 0.5901"
"39,2 : 0.5901"
"2,40 : 0.4111"
"40,2 : 0.4111"
"2,41 : 0.2302"
"41,2 : 0.2302"
"2,42 : 0.5924"
"42,2 : 0.5924"
"2,43 : 0.3536"
"43,2 : 0.3536"
"2,44 : 0.6395"
"44,2 : 0.6395"
"2,45 : 0.5818"
"45,2 : 0.5818"
"2,46 : 0.6868"
"46,2 : 0.6868"
"2,47 : 0.6803"
"47,2 : 0.6803"
"2,48 : 0.1281"
"48,2 : 0.1281"
"2,49 : 0.486"
"49,2 : 0.486"
"3,4 : 0.7931"
"4,3 : 0.7931"
"3,5 : 0.8122"
"5,3 : 0.8122"
"3,6 : 0.172"
"6,3 : 0.172"
"3,7 : 0.7052"
"7,3 : 0.7052"
"3,8 : 0.894"
"8,3 : 0.894"
"3,9 : 0.7185"
"9,3 : 0.7185"
"3,10 : 1.2051"
"10,3 : 1.2051"
"3,11 : 0.487"
"11,3 : 0.487"
"3,12 : 0.7593"
"12,3 : 0.7593"
"3,13 : 0.9426"
"13,3 : 0.9426"
"3,14 : 0.3053"
"14,3 : 0.3053"
"3,15 : 0.6454"
"15,3 : 0.6454"
"3,16 : 0.3828"
"16,3 : 0.3828"
"3,17 : 0.3423"
"17,3 : 0.3423"
"3,18 : 0.3847"
"18,3 : 0.3847"
"3,19 : 0.5501"
"19,3 : 0.5501"
"3,20 : 0.2778"
"20,3 : 0.2778"
"3,21 : 0.7829"
"21,3 : 0.7829"
"3,22 : 0.7616"
"22,3 : 0.7616"
"3,23 : 0.8041"
"23,3 : 0.8041"
"3,24 : 0.706"
"24,3 : 0.706"
"3,25 : 0.5508"
"25,3 : 0.5508"
"3,26 : 0.3606"
"26,3 : 0.3606"
"3,27 : 0.6494"
"27,3 : 0.6494"
"3,28 : 0.6201"
"28,3 : 0.6201"
"3,29 : 0.886"
"29,3 : 0.886"
"3,30 : 0.8631"
"30,3 : 0.8631"
"3,31 : 0.3847"
"31,3 : 0.3847"
"3,32 : 0.1985"
"32,3 : 0.1985"
"3,33 : 0.5025"
"33,3 : 0.5025"
"3,34 : 0.8261"
"34,3 : 0.8261"
"3,35 : 0.7159"
"35,3 : 0.7159"
"3,36 : 0.9972"
"36,3 : 0.9972"
"3,37 : 0.772"
"37,3 : 0.772"
"3,38 : 0.201"
"38,3 : 0.201"
"3,39 : 0.8161"
"39,3 : 0.8161"
"3,40 : 0.2263"
"40,3 : 0.2263"
"3,41 : 0.12"
"41,3 : 0.12"
"3,42 : 0.7406"
"42,3 : 0.7406"
"3,43 : 0.6657"
"43,3 : 0.6657"
"3,44 : 0.8319"
"44,3 : 0.8319"
"3,45 : 0.878"
"45,3 : 0.878"
"3,46 : 0.997"
"46,3 : 0.997"
"3,47 : 0.968"
"47,3 : 0.968"
"3,48 : 0.186"
"48,3 : 0.186"
"3,49 : 0.5"
"49,3 : 0.5"
"4,5 : 0.7669"
"5,4 : 0.7669"
"4,6 : 0.895"
"6,4 : 0.895"
"4,7 : 0.6243"
"7,4 : 0.6243"
"4,8 : 0.4562"
"8,4 : 0.4562"
"4,9 : 0.201"
"9,4 : 0.201"
"4,10 : 0.603"
"10,4 : 0.603"
"4,11 : 0.5894"
"11,4 : 0.5894"
"4,12 : 0.3612"
"12,4 : 0.3612"
"4,13 : 0.9124"
"13,4 : 0.9124"
"4,14 : 0.5722"
"14,4 : 0.5722"
"4,15 : 0.3585"
"15,4 : 0.3585"
"4,16 : 0.8615"
"16,4 : 0.8615"
"4,17 : 0.6907"
"17,4 : 0.6907"
"4,18 : 0.7931"
"18,4 : 0.7931"
"4,19 : 0.3672"
"19,4 : 0.3672"
"4,20 : 0.5941"
"20,4 : 0.5941"
"4,21 : 0.5657"
"21,4 : 0.5657"
"4,22 : 0.6981"
"22,4 : 0.6981"
"4,23 : 0.6223"
"23,4 : 0.6223"
"4,24 : 0.9916"
"24,4 : 0.9916"
"4,25 : 0.2561"
"25,4 : 0.2561"
"4,26 : 0.8505"
"26,4 : 0.8505"
"4,27 : 0.9025"
"27,4 : 0.9025"
"4,28 : 0.3936"
"28,4 : 0.3936"
"4,29 : 0.6684"
"29,4 : 0.6684"
"4,30 : 0.572"
"30,4 : 0.572"
"4,31 : 0.4301"
"31,4 : 0.4301"
"4,32 : 0.621"
"32,4 : 0.621"
"4,33 : 0.3946"
"33,4 : 0.3946"
"4,34 : 0.8106"
"34,4 : 0.8106"
"4,35 : 0.0806"
"35,4 : 0.0806"
"4,36 : 0.7963"
"36,4 : 0.7963"
"4,37 : 0.4111"
"37,4 : 0.4111"
"4,38 : 0.9742"
"38,4 : 0.9742"
"4,39 : 0.679"
"39,4 : 0.679"
"4,40 : 0.9026"
"40,4 : 0.9026"
"4,41 : 0.6843"
"41,4 : 0.6843"
"4,42 : 0.8215"
"42,4 : 0.8215"
"4,43 : 0.1772"
"43,4 : 0.1772"
"4,44 : 0.7799"
"44,4 : 0.7799"
"4,45 : 0.4383"
"45,4 : 0.4383"
"4,46 : 0.3905"
"46,4 : 0.3905"
"4,47 : 0.5385"
"47,4 : 0.5385"
"4,48 : 0.6135"
"48,4 : 0.6135"
"4,49 : 0.8865"
"49,4 : 0.8865"
"5,6 : 0.7539"
"6,5 : 0.7539"
"5,7 : 0.1526"
"7,5 : 0.1526"
"5,8 : 0.3981"
"8,5 : 0.3981"
"5,9 : 0.895"
"9,5 : 0.895"
"5,10 : 0.6592"
"10,5 : 0.6592"
"5,11 : 0.3406"
"11,5 : 0.3406"
"5,12 : 0.4134"
"12,5 : 0.4134"
"5,13 : 0.1565"
"13,5 : 0.1565"
"5,14 : 0.5404"
"14,5 : 0.5404"
"5,15 : 0.4177"
"15,5 : 0.4177"
"5,16 : 0.5162"
"16,5 : 0.5162"
"5,17 : 0.4707"
"17,5 : 0.4707"
"5,18 : 0.4652"
"18,5 : 0.4652"
"5,19 : 0.9079"
"19,5 : 0.9079"
"5,20 : 0.56"
"20,5 : 0.56"
"5,21 : 0.2102"
"21,5 : 0.2102"
"5,22 : 0.0721"
"22,5 : 0.0721"
"5,23 : 0.1581"
"23,5 : 0.1581"
"5,24 : 0.3511"
"24,5 : 0.3511"
"5,25 : 0.758"
"25,5 : 0.758"
"5,26 : 0.5284"
"26,5 : 0.5284"
"5,27 : 0.2968"
"27,5 : 0.2968"
"5,28 : 0.392"
"28,5 : 0.392"
"5,29 : 0.1726"
"29,5 : 0.1726"
"5,30 : 0.2518"
"30,5 : 0.2518"
"5,31 : 0.7779"
"31,5 : 0.7779"
"5,32 : 0.6501"
"32,5 : 0.6501"
"5,33 : 0.4742"
"33,5 : 0.4742"
"5,34 : 0.0447"
"34,5 : 0.0447"
"5,35 : 0.7142"
"35,5 : 0.7142"
"5,36 : 0.2062"
"36,5 : 0.2062"
"5,37 : 0.3672"
"37,5 : 0.3672"
"5,38 : 0.8509"
"38,5 : 0.8509"
"5,39 : 0.102"
"39,5 : 0.102"
"5,40 : 0.7068"
"40,5 : 0.7068"
"5,41 : 0.8002"
"41,5 : 0.8002"
"5,42 : 0.1253"
"42,5 : 0.1253"
"5,43 : 0.6083"
"43,5 : 0.6083"
"5,44 : 0.02"
"44,5 : 0.02"
"5,45 : 0.4026"
"45,5 : 0.4026"
"5,46 : 0.5787"
"46,5 : 0.5787"
"5,47 : 0.3901"
"47,5 : 0.3901"
"5,48 : 0.6901"
"48,5 : 0.6901"
"5,49 : 0.4252"
"49,5 : 0.4252"
"6,7 : 0.6742"
"7,6 : 0.6742"
"6,8 : 0.9129"
"8,6 : 0.9129"
"6,9 : 0.8501"
"9,6 : 0.8501"
"6,10 : 1.2333"
"10,6 : 1.2333"
"6,11 : 0.4686"
"11,6 : 0.4686"
"6,12 : 0.792"
"12,6 : 0.792"
"6,13 : 0.8659"
"13,6 : 0.8659"
"6,14 : 0.34"
"14,6 : 0.34"
"6,15 : 0.6824"
"15,6 : 0.6824"
"6,16 : 0.2602"
"16,6 : 0.2602"
"6,17 : 0.3"
"17,6 : 0.3"
"6,18 : 0.2912"
"18,6 : 0.2912"
"6,19 : 0.6987"
"19,6 : 0.6987"
"6,20 : 0.313"
"20,6 : 0.313"
"6,21 : 0.7701"
"21,6 : 0.7701"
"6,22 : 0.7155"
"22,6 : 0.7155"
"6,23 : 0.7794"
"23,6 : 0.7794"
"6,24 : 0.5822"
"24,6 : 0.5822"
"6,25 : 0.6719"
"25,6 : 0.6719"
"6,26 : 0.2408"
"26,6 : 0.2408"
"6,27 : 0.5408"
"27,6 : 0.5408"
"6,28 : 0.65"
"28,6 : 0.65"
"6,29 : 0.8576"
"29,6 : 0.8576"
"6,30 : 0.8543"
"30,6 : 0.8543"
"6,31 : 0.5215"
"31,6 : 0.5215"
"6,32 : 0.2746"
"32,6 : 0.2746"
"6,33 : 0.5507"
"33,6 : 0.5507"
"6,34 : 0.7589"
"34,6 : 0.7589"
"6,35 : 0.8149"
"35,6 : 0.8149"
"6,36 : 0.9527"
"36,6 : 0.9527"
"6,37 : 0.794"
"37,6 : 0.794"
"6,38 : 0.1"
"38,6 : 0.1"
"6,39 : 0.779"
"39,6 : 0.779"
"6,40 : 0.0632"
"40,6 : 0.0632"
"6,41 : 0.2786"
"41,6 : 0.2786"
"6,42 : 0.6622"
"42,6 : 0.6622"
"6,43 : 0.7467"
"43,6 : 0.7467"
"6,44 : 0.7725"
"44,6 : 0.7725"
"6,45 : 0.8994"
"45,6 : 0.8994"
"6,46 : 1.0404"
"46,6 : 1.0404"
"6,47 : 0.9762"
"47,6 : 0.9762"
"6,48 : 0.2902"
"48,6 : 0.2902"
"6,49 : 0.38"
"49,6 : 0.38"
"7,8 : 0.314"
"8,7 : 0.314"
"7,9 : 0.7441"
"9,7 : 0.7441"
"7,10 : 0.6185"
"10,7 : 0.6185"
"7,11 : 0.2184"
"11,7 : 0.2184"
"7,12 : 0.2846"
"12,7 : 0.2846"
"7,13 : 0.3089"
"13,7 : 0.3089"
"7,14 : 0.4144"
"14,7 : 0.4144"
"7,15 : 0.2691"
"15,7 : 0.2691"
"7,16 : 0.4675"
"16,7 : 0.4675"
"7,17 : 0.3759"
"17,7 : 0.3759"
"7,18 : 0.4031"
"18,7 : 0.4031"
"7,19 : 0.7558"
"19,7 : 0.7558"
"7,20 : 0.4374"
"20,7 : 0.4374"
"7,21 : 0.117"
"21,7 : 0.117"
"7,22 : 0.0806"
"22,7 : 0.0806"
"7,23 : 0.1063"
"23,7 : 0.1063"
"7,24 : 0.4101"
"24,7 : 0.4101"
"7,25 : 0.6054"
"25,7 : 0.6054"
"7,26 : 0.4738"
"26,7 : 0.4738"
"7,27 : 0.3314"
"27,7 : 0.3314"
"7,28 : 0.2408"
"28,7 : 0.2408"
"7,29 : 0.1836"
"29,7 : 0.1836"
"7,30 : 0.1972"
"30,7 : 0.1972"
"7,31 : 0.6306"
"31,7 : 0.6306"
"7,32 : 0.5277"
"32,7 : 0.5277"
"7,33 : 0.3231"
"33,7 : 0.3231"
"7,34 : 0.1921"
"34,7 : 0.1921"
"7,35 : 0.5673"
"35,7 : 0.5673"
"7,36 : 0.2943"
"36,7 : 0.2943"
"7,37 : 0.2452"
"37,7 : 0.2452"
"7,38 : 0.7739"
"38,7 : 0.7739"
"7,39 : 0.1118"
"39,7 : 0.1118"
"7,40 : 0.636"
"40,7 : 0.636"
"7,41 : 0.6774"
"41,7 : 0.6774"
"7,42 : 0.2025"
"42,7 : 0.2025"
"7,43 : 0.4601"
"43,7 : 0.4601"
"7,44 : 0.17"
"44,7 : 0.17"
"7,45 : 0.3114"
"45,7 : 0.3114"
"7,46 : 0.4909"
"46,7 : 0.4909"
"7,47 : 0.3401"
"47,7 : 0.3401"
"7,48 : 0.5644"
"48,7 : 0.5644"
"7,49 : 0.4071"
"49,7 : 0.4071"
"8,9 : 0.636"
"9,8 : 0.636"
"8,10 : 0.322"
"10,8 : 0.322"
"8,11 : 0.4522"
"11,8 : 0.4522"
"8,12 : 0.1456"
"12,8 : 0.1456"
"8,13 : 0.5099"
"13,8 : 0.5099"
"8,14 : 0.5903"
"14,8 : 0.5903"
"8,15 : 0.255"
"15,8 : 0.255"
"8,16 : 0.7518"
"16,8 : 0.7518"
"8,17 : 0.6201"
"17,8 : 0.6201"
"8,18 : 0.681"
"18,8 : 0.681"
"8,19 : 0.7303"
"19,8 : 0.7303"
"8,20 : 0.6185"
"20,8 : 0.6185"
"8,21 : 0.2002"
"21,8 : 0.2002"
"8,22 : 0.3506"
"22,8 : 0.3506"
"8,23 : 0.2419"
"23,8 : 0.2419"
"8,24 : 0.7211"
"24,8 : 0.7211"
"8,25 : 0.57"
"25,8 : 0.57"
"8,26 : 0.7529"
"26,8 : 0.7529"
"8,27 : 0.645"
"27,8 : 0.645"
"8,28 : 0.2746"
"28,8 : 0.2746"
"8,29 : 0.246"
"29,8 : 0.246"
"8,30 : 0.1487"
"30,8 : 0.1487"
"8,31 : 0.6768"
"31,8 : 0.6768"
"8,32 : 0.6963"
"32,8 : 0.6963"
"8,33 : 0.3982"
"33,8 : 0.3982"
"8,34 : 0.4415"
"34,8 : 0.4415"
"8,35 : 0.4368"
"35,8 : 0.4368"
"8,36 : 0.3538"
"36,8 : 0.3538"
"8,37 : 0.1221"
"37,8 : 0.1221"
"8,38 : 1.0114"
"38,8 : 1.0114"
"8,39 : 0.2961"
"39,8 : 0.2961"
"8,40 : 0.8887"
"40,8 : 0.8887"
"8,41 : 0.8286"
"41,8 : 0.8286"
"8,42 : 0.5004"
"42,8 : 0.5004"
"8,43 : 0.3612"
"43,8 : 0.3612"
"8,44 : 0.4026"
"44,8 : 0.4026"
"8,45 : 0.02"
"45,8 : 0.02"
"8,46 : 0.1811"
"46,8 : 0.1811"
"8,47 : 0.09"
"47,8 : 0.09"
"8,48 : 0.7187"
"48,8 : 0.7187"
"8,49 : 0.7117"
"49,8 : 0.7117"
"9,10 : 0.804"
"10,9 : 0.804"
"9,11 : 0.6519"
"11,9 : 0.6519"
"9,12 : 0.5189"
"12,9 : 0.5189"
"9,13 : 1.0481"
"13,9 : 1.0481"
"9,14 : 0.5701"
"14,9 : 0.5701"
"9,15 : 0.478"
"15,9 : 0.478"
"9,16 : 0.8764"
"16,9 : 0.8764"
"9,17 : 0.7084"
"17,9 : 0.7084"
"9,18 : 0.816"
"18,9 : 0.816"
"9,19 : 0.2"
"19,9 : 0.2"
"9,20 : 0.5846"
"20,9 : 0.5846"
"9,21 : 0.7102"
"21,9 : 0.7102"
"9,22 : 0.8233"
"22,9 : 0.8233"
"9,23 : 0.7655"
"23,9 : 0.7655"
"9,24 : 1.0653"
"24,9 : 1.0653"
"9,25 : 0.1844"
"25,9 : 0.1844"
"9,26 : 0.8613"
"26,9 : 0.8613"
"9,27 : 0.9764"
"27,9 : 0.9764"
"9,28 : 0.5033"
"28,9 : 0.5033"
"9,29 : 0.8237"
"29,9 : 0.8237"
"9,30 : 0.7335"
"30,9 : 0.7335"
"9,31 : 0.3338"
"31,9 : 0.3338"
"9,32 : 0.5814"
"32,9 : 0.5814"
"9,33 : 0.4522"
"33,9 : 0.4522"
"9,34 : 0.9361"
"34,9 : 0.9361"
"9,35 : 0.1992"
"35,9 : 0.1992"
"9,36 : 0.9571"
"36,9 : 0.9571"
"9,37 : 0.568"
"37,9 : 0.568"
"9,38 : 0.9144"
"38,9 : 0.9144"
"9,39 : 0.8184"
"39,9 : 0.8184"
"9,40 : 0.8714"
"40,9 : 0.8714"
"9,41 : 0.6002"
"41,9 : 0.6002"
"9,42 : 0.927"
"42,9 : 0.927"
"9,43 : 0.2915"
"43,9 : 0.2915"
"9,44 : 0.9105"
"44,9 : 0.9105"
"9,45 : 0.6168"
"45,9 : 0.6168"
"9,46 : 0.59"
"46,9 : 0.59"
"9,47 : 0.7228"
"47,9 : 0.7228"
"9,48 : 0.56"
"48,9 : 0.56"
"9,49 : 0.927"
"49,9 : 0.927"
"10,11 : 0.7742"
"11,10 : 0.7742"
"10,12 : 0.446"
"12,10 : 0.446"
"10,13 : 0.7206"
"13,10 : 0.7206"
"10,14 : 0.9052"
"14,10 : 0.9052"
"10,15 : 0.5597"
"15,10 : 0.5597"
"10,16 : 1.0719"
"16,10 : 1.0719"
"10,17 : 0.942"
"17,10 : 0.942"
"10,18 : 1.0017"
"18,10 : 1.0017"
"10,19 : 0.9508"
"19,10 : 0.9508"
"10,20 : 0.9335"
"20,10 : 0.9335"
"10,21 : 0.5016"
"21,10 : 0.5016"
"10,22 : 0.6332"
"22,10 : 0.6332"
"10,23 : 0.525"
"23,10 : 0.525"
"10,24 : 1.0066"
"24,10 : 1.0066"
"10,25 : 0.8032"
"25,10 : 0.8032"
"10,26 : 1.0738"
"26,10 : 1.0738"
"10,27 : 0.9396"
"27,10 : 0.9396"
"10,28 : 0.5869"
"28,10 : 0.5869"
"10,29 : 0.4866"
"29,10 : 0.4866"
"10,30 : 0.4238"
"30,10 : 0.4238"
"10,31 : 0.9437"
"31,10 : 0.9437"
"10,32 : 1.0066"
"32,10 : 1.0066"
"10,33 : 0.7029"
"33,10 : 0.7029"
"10,34 : 0.6958"
"34,10 : 0.6958"
"10,35 : 0.6259"
"35,10 : 0.6259"
"10,36 : 0.5224"
"36,10 : 0.5224"
"10,37 : 0.4393"
"37,10 : 0.4393"
"10,38 : 1.3312"
"38,10 : 1.3312"
"10,39 : 0.5652"
"39,10 : 0.5652"
"10,40 : 1.2104"
"40,10 : 1.2104"
"10,41 : 1.13"
"41,10 : 1.13"
"10,42 : 0.7788"
"42,10 : 0.7788"
"10,43 : 0.5962"
"43,10 : 0.5962"
"10,44 : 0.6562"
"44,10 : 0.6562"
"10,45 : 0.3342"
"45,10 : 0.3342"
"10,46 : 0.2247"
"46,10 : 0.2247"
"10,47 : 0.2786"
"47,10 : 0.2786"
"10,48 : 1.0245"
"48,10 : 1.0245"
"10,49 : 1.0246"
"49,10 : 1.0246"
"11,12 : 0.3511"
"12,11 : 0.3511"
"11,13 : 0.4884"
"13,11 : 0.4884"
"11,14 : 0.2"
"14,11 : 0.2"
"11,15 : 0.2617"
"15,11 : 0.2617"
"11,16 : 0.3068"
"16,11 : 0.3068"
"11,17 : 0.1697"
"17,11 : 0.1697"
"11,18 : 0.2341"
"18,11 : 0.2341"
"11,19 : 0.6107"
"19,11 : 0.6107"
"11,20 : 0.2209"
"20,11 : 0.2209"
"11,21 : 0.3023"
"21,11 : 0.3023"
"11,22 : 0.2807"
"22,11 : 0.2807"
"11,23 : 0.3178"
"23,11 : 0.3178"
"11,24 : 0.4134"
"24,11 : 0.4134"
"11,25 : 0.4827"
"25,11 : 0.4827"
"11,26 : 0.3046"
"26,11 : 0.3046"
"11,27 : 0.3245"
"27,11 : 0.3245"
"11,28 : 0.222"
"28,11 : 0.222"
"11,29 : 0.3992"
"29,11 : 0.3992"
"11,30 : 0.386"
"30,11 : 0.386"
"11,31 : 0.4565"
"31,11 : 0.4565"
"11,32 : 0.3114"
"32,11 : 0.3114"
"11,33 : 0.2012"
"33,11 : 0.2012"
"11,34 : 0.365"
"34,11 : 0.365"
"11,35 : 0.5155"
"35,11 : 0.5155"
"11,36 : 0.512"
"36,11 : 0.512"
"11,37 : 0.34"
"37,11 : 0.34"
"11,38 : 0.5685"
"38,11 : 0.5685"
"11,39 : 0.3298"
"39,11 : 0.3298"
"11,40 : 0.4386"
"40,11 : 0.4386"
"11,41 : 0.4617"
"41,11 : 0.4617"
"11,42 : 0.3087"
"42,11 : 0.3087"
"11,43 : 0.4123"
"43,11 : 0.4123"
"11,44 : 0.3606"
"44,11 : 0.3606"
"11,45 : 0.441"
"45,11 : 0.441"
"11,46 : 0.6001"
"46,11 : 0.6001"
"11,47 : 0.5093"
"47,11 : 0.5093"
"11,48 : 0.3501"
"48,11 : 0.3501"
"11,49 : 0.3007"
"49,11 : 0.3007"
"12,13 : 0.5532"
"13,12 : 0.5532"
"12,14 : 0.4597"
"14,12 : 0.4597"
"12,15 : 0.114"
"15,12 : 0.114"
"12,16 : 0.6579"
"16,12 : 0.6579"
"12,17 : 0.51"
"17,12 : 0.51"
"12,18 : 0.5852"
"18,12 : 0.5852"
"12,19 : 0.593"
"19,12 : 0.593"
"12,20 : 0.488"
"20,12 : 0.488"
"12,21 : 0.2062"
"21,12 : 0.2062"
"12,22 : 0.3489"
"22,12 : 0.3489"
"12,23 : 0.2625"
"23,12 : 0.2625"
"12,24 : 0.6873"
"24,12 : 0.6873"
"12,25 : 0.4319"
"25,12 : 0.4319"
"12,26 : 0.6555"
"26,12 : 0.6555"
"12,27 : 0.603"
"27,12 : 0.603"
"12,28 : 0.1421"
"28,12 : 0.1421"
"12,29 : 0.3081"
"29,12 : 0.3081"
"12,30 : 0.2147"
"30,12 : 0.2147"
"12,31 : 0.5315"
"31,12 : 0.5315"
"12,32 : 0.5608"
"32,12 : 0.5608"
"12,33 : 0.2581"
"33,12 : 0.2581"
"12,34 : 0.4579"
"34,12 : 0.4579"
"12,35 : 0.3225"
"35,12 : 0.3225"
"12,36 : 0.4391"
"36,12 : 0.4391"
"12,37 : 0.05"
"37,12 : 0.05"
"12,38 : 0.8887"
"38,12 : 0.8887"
"12,39 : 0.3202"
"39,12 : 0.3202"
"12,40 : 0.7739"
"40,12 : 0.7739"
"12,41 : 0.688"
"41,12 : 0.688"
"12,42 : 0.487"
"42,12 : 0.487"
"12,43 : 0.2309"
"43,12 : 0.2309"
"12,44 : 0.4244"
"44,12 : 0.4244"
"12,45 : 0.1265"
"45,12 : 0.1265"
"12,46 : 0.2506"
"46,12 : 0.2506"
"12,47 : 0.2335"
"47,12 : 0.2335"
"12,48 : 0.5801"
"48,12 : 0.5801"
"12,49 : 0.6379"
"49,12 : 0.6379"
"13,14 : 0.6859"
"14,13 : 0.6859"
"13,15 : 0.5701"
"15,13 : 0.5701"
"13,16 : 0.6135"
"16,13 : 0.6135"
"13,17 : 0.6007"
"17,13 : 0.6007"
"13,18 : 0.5749"
"18,13 : 0.5749"
"13,19 : 1.0644"
"19,13 : 1.0644"
"13,20 : 0.7035"
"20,13 : 0.7035"
"13,21 : 0.3471"
"21,13 : 0.3471"
"13,22 : 0.2283"
"22,13 : 0.2283"
"13,23 : 0.2907"
"23,13 : 0.2907"
"13,24 : 0.3677"
"24,13 : 0.3677"
"13,25 : 0.9142"
"25,13 : 0.9142"
"13,26 : 0.6294"
"26,13 : 0.6294"
"13,27 : 0.3499"
"27,13 : 0.3499"
"13,28 : 0.5464"
"28,13 : 0.5464"
"13,29 : 0.264"
"29,13 : 0.264"
"13,30 : 0.3624"
"30,13 : 0.3624"
"13,31 : 0.933"
"31,13 : 0.933"
"13,32 : 0.7923"
"32,13 : 0.7923"
"13,33 : 0.6307"
"33,13 : 0.6307"
"13,34 : 0.1237"
"34,13 : 0.1237"
"13,35 : 0.8637"
"35,13 : 0.8637"
"13,36 : 0.201"
"36,13 : 0.201"
"13,37 : 0.5045"
"37,13 : 0.5045"
"13,38 : 0.9588"
"38,13 : 0.9588"
"13,39 : 0.2335"
"39,13 : 0.2335"
"13,40 : 0.8132"
"40,13 : 0.8132"
"13,41 : 0.9413"
"41,13 : 0.9413"
"13,42 : 0.204"
"42,13 : 0.204"
"13,43 : 0.7593"
"43,13 : 0.7593"
"13,44 : 0.1389"
"44,13 : 0.1389"
"13,45 : 0.5188"
"45,13 : 0.5188"
"13,46 : 0.6835"
"46,13 : 0.6835"
"13,47 : 0.478"
"47,13 : 0.478"
"13,48 : 0.8338"
"48,13 : 0.8338"
"13,49 : 0.5057"
"49,13 : 0.5057"
"14,15 : 0.3471"
"15,14 : 0.3471"
"14,16 : 0.3068"
"16,14 : 0.3068"
"14,17 : 0.1442"
"17,14 : 0.1442"
"14,18 : 0.2506"
"18,14 : 0.2506"
"14,19 : 0.4743"
"19,14 : 0.4743"
"14,20 : 0.0283"
"20,14 : 0.0283"
"14,21 : 0.481"
"21,14 : 0.481"
"14,22 : 0.4804"
"22,14 : 0.4804"
"14,23 : 0.507"
"23,14 : 0.507"
"14,24 : 0.5467"
"24,14 : 0.5467"
"14,25 : 0.386"
"25,14 : 0.386"
"14,26 : 0.2912"
"26,14 : 0.2912"
"14,27 : 0.4662"
"27,14 : 0.4662"
"14,28 : 0.3183"
"28,14 : 0.3183"
"14,29 : 0.5894"
"29,14 : 0.5894"
"14,30 : 0.5595"
"30,14 : 0.5595"
"14,31 : 0.2973"
"31,14 : 0.2973"
"14,32 : 0.114"
"32,14 : 0.114"
"14,33 : 0.211"
"33,14 : 0.211"
"14,34 : 0.5632"
"34,14 : 0.5632"
"14,35 : 0.4916"
"35,14 : 0.4916"
"14,36 : 0.7086"
"36,14 : 0.7086"
"14,37 : 0.4686"
"37,14 : 0.4686"
"14,38 : 0.4327"
"38,14 : 0.4327"
"14,39 : 0.5261"
"39,14 : 0.5261"
"14,40 : 0.3353"
"40,14 : 0.3353"
"14,41 : 0.2631"
"41,14 : 0.2631"
"14,42 : 0.4973"
"42,14 : 0.4973"
"14,43 : 0.4123"
"43,14 : 0.4123"
"14,44 : 0.5604"
"44,14 : 0.5604"
"14,45 : 0.5749"
"45,14 : 0.5749"
"14,46 : 0.7043"
"46,14 : 0.7043"
"14,47 : 0.6629"
"47,14 : 0.6629"
"14,48 : 0.1503"
"48,14 : 0.1503"
"14,49 : 0.372"
"49,14 : 0.372"
"15,16 : 0.5652"
"16,15 : 0.5652"
"15,17 : 0.4085"
"17,15 : 0.4085"
"15,18 : 0.4924"
"18,15 : 0.4924"
"15,19 : 0.5166"
"19,15 : 0.5166"
"15,20 : 0.3754"
"20,15 : 0.3754"
"15,21 : 0.2377"
"21,15 : 0.2377"
"15,22 : 0.3466"
"22,15 : 0.3466"
"15,23 : 0.2907"
"23,15 : 0.2907"
"15,24 : 0.6389"
"24,15 : 0.6389"
"15,25 : 0.3574"
"25,15 : 0.3574"
"15,26 : 0.5604"
"26,15 : 0.5604"
"15,27 : 0.5508"
"27,15 : 0.5508"
"15,28 : 0.04"
"28,15 : 0.04"
"15,29 : 0.3574"
"29,15 : 0.3574"
"15,30 : 0.2816"
"30,15 : 0.2816"
"15,31 : 0.4319"
"31,15 : 0.4319"
"15,32 : 0.4469"
"32,15 : 0.4469"
"15,33 : 0.1442"
"33,15 : 0.1442"
"15,34 : 0.4597"
"34,15 : 0.4597"
"15,35 : 0.2983"
"35,15 : 0.2983"
"15,36 : 0.4934"
"36,15 : 0.4934"
"15,37 : 0.136"
"37,15 : 0.136"
"15,38 : 0.778"
"38,15 : 0.778"
"15,39 : 0.3413"
"39,15 : 0.3413"
"15,40 : 0.6673"
"40,15 : 0.6673"
"15,41 : 0.5745"
"41,15 : 0.5745"
"15,42 : 0.4632"
"42,15 : 0.4632"
"15,43 : 0.191"
"43,15 : 0.191"
"15,44 : 0.4328"
"44,15 : 0.4328"
"15,45 : 0.2371"
"45,15 : 0.2371"
"15,46 : 0.3581"
"46,15 : 0.3581"
"15,47 : 0.3384"
"47,15 : 0.3384"
"15,48 : 0.4662"
"48,15 : 0.4662"
"15,49 : 0.5601"
"49,15 : 0.5601"
"16,17 : 0.1712"
"17,16 : 0.1712"
"16,18 : 0.0728"
"18,16 : 0.0728"
"16,19 : 0.7741"
"19,16 : 0.7741"
"16,20 : 0.2955"
"20,16 : 0.2955"
"16,21 : 0.578"
"21,16 : 0.578"
"16,22 : 0.4904"
"22,16 : 0.4904"
"16,23 : 0.5731"
"23,16 : 0.5731"
"16,24 : 0.3256"
"24,16 : 0.3256"
"16,25 : 0.6926"
"25,16 : 0.6926"
"16,26 : 0.0224"
"26,16 : 0.0224"
"16,27 : 0.2807"
"27,16 : 0.2807"
"16,28 : 0.5263"
"28,16 : 0.5263"
"16,29 : 0.6438"
"29,16 : 0.6438"
"16,30 : 0.6622"
"30,16 : 0.6622"
"16,31 : 0.5917"
"31,16 : 0.5917"
"16,32 : 0.3342"
"32,16 : 0.3342"
"16,33 : 0.4701"
"33,16 : 0.4701"
"16,34 : 0.5143"
"34,16 : 0.5143"
"16,35 : 0.7823"
"35,16 : 0.7823"
"16,36 : 0.7211"
"36,16 : 0.7211"
"16,37 : 0.6447"
"37,16 : 0.6447"
"16,38 : 0.3471"
"38,16 : 0.3471"
"16,39 : 0.5597"
"39,16 : 0.5597"
"16,40 : 0.2022"
"40,16 : 0.2022"
"16,41 : 0.4383"
"41,16 : 0.4383"
"16,42 : 0.4123"
"42,16 : 0.4123"
"16,43 : 0.69"
"43,16 : 0.69"
"16,44 : 0.5334"
"44,16 : 0.5334"
"16,45 : 0.7424"
"45,16 : 0.7424"
"16,46 : 0.9062"
"46,16 : 0.9062"
"16,47 : 0.7988"
"47,16 : 0.7988"
"16,48 : 0.3754"
"48,16 : 0.3754"
"16,49 : 0.1204"
"49,16 : 0.1204"
"17,18 : 0.1077"
"18,17 : 0.1077"
"17,19 : 0.6185"
"19,17 : 0.6185"
"17,20 : 0.1414"
"20,17 : 0.1414"
"17,21 : 0.4701"
"21,17 : 0.4701"
"17,22 : 0.4238"
"22,17 : 0.4238"
"17,23 : 0.4802"
"23,17 : 0.4802"
"17,24 : 0.4105"
"24,17 : 0.4105"
"17,25 : 0.5255"
"25,17 : 0.5255"
"17,26 : 0.16"
"26,17 : 0.16"
"17,27 : 0.3354"
"27,17 : 0.3354"
"17,28 : 0.3716"
"28,17 : 0.3716"
"17,29 : 0.5595"
"29,17 : 0.5595"
"17,30 : 0.5544"
"30,17 : 0.5544"
"17,31 : 0.4405"
"31,17 : 0.4405"
"17,32 : 0.2102"
"32,17 : 0.2102"
"17,33 : 0.3015"
"33,17 : 0.3015"
"17,34 : 0.4837"
"34,17 : 0.4837"
"17,35 : 0.6113"
"35,17 : 0.6113"
"17,36 : 0.6613"
"36,17 : 0.6613"
"17,37 : 0.5048"
"37,17 : 0.5048"
"17,38 : 0.4"
"38,17 : 0.4"
"17,39 : 0.4833"
"39,17 : 0.4833"
"17,40 : 0.2691"
"40,17 : 0.2691"
"17,41 : 0.3493"
"41,17 : 0.3493"
"17,42 : 0.4001"
"42,17 : 0.4001"
"17,43 : 0.5204"
"43,17 : 0.5204"
"17,44 : 0.4903"
"44,17 : 0.4903"
"17,45 : 0.608"
"45,17 : 0.608"
"17,46 : 0.7606"
"46,17 : 0.7606"
"17,47 : 0.679"
"47,17 : 0.679"
"17,48 : 0.255"
"48,17 : 0.255"
"17,49 : 0.228"
"49,17 : 0.228"
"18,19 : 0.724"
"19,18 : 0.724"
"18,20 : 0.2441"
"20,18 : 0.2441"
"18,21 : 0.5109"
"21,18 : 0.5109"
"18,22 : 0.4327"
"22,18 : 0.4327"
"18,23 : 0.5093"
"23,18 : 0.5093"
"18,24 : 0.327"
"24,18 : 0.327"
"18,25 : 0.6332"
"25,18 : 0.6332"
"18,26 : 0.0721"
"26,18 : 0.0721"
"18,27 : 0.2648"
"27,18 : 0.2648"
"18,28 : 0.4535"
"28,18 : 0.4535"
"18,29 : 0.5826"
"29,18 : 0.5826"
"18,30 : 0.5955"
"30,18 : 0.5955"
"18,31 : 0.5441"
"31,18 : 0.5441"
"18,32 : 0.2983"
"32,18 : 0.2983"
"18,33 : 0.4001"
"33,18 : 0.4001"
"18,34 : 0.4682"
"34,18 : 0.4682"
"18,35 : 0.7145"
"35,18 : 0.7145"
"18,36 : 0.6673"
"36,18 : 0.6673"
"18,37 : 0.5727"
"37,18 : 0.5727"
"18,38 : 0.3863"
"38,18 : 0.3863"
"18,39 : 0.5"
"39,18 : 0.5"
"18,40 : 0.2417"
"40,18 : 0.2417"
"18,41 : 0.4205"
"41,18 : 0.4205"
"18,42 : 0.3711"
"42,18 : 0.3711"
"18,43 : 0.6203"
"43,18 : 0.6203"
"18,44 : 0.4833"
"44,18 : 0.4833"
"18,45 : 0.6712"
"45,18 : 0.6712"
"18,46 : 0.8338"
"46,18 : 0.8338"
"18,47 : 0.7301"
"47,18 : 0.7301"
"18,48 : 0.3421"
"48,18 : 0.3421"
"18,49 : 0.1281"
"49,18 : 0.1281"
"19,20 : 0.4802"
"20,19 : 0.4802"
"19,21 : 0.7529"
"21,19 : 0.7529"
"19,22 : 0.8363"
"22,19 : 0.8363"
"19,23 : 0.8032"
"23,19 : 0.8032"
"19,24 : 1.0118"
"24,19 : 1.0118"
"19,25 : 0.1612"
"25,19 : 0.1612"
"19,26 : 0.7559"
"26,19 : 0.7559"
"19,27 : 0.9263"
"27,19 : 0.9263"
"19,28 : 0.5281"
"28,19 : 0.5281"
"19,29 : 0.8736"
"29,19 : 0.8736"
"19,30 : 0.7962"
"30,19 : 0.7962"
"19,31 : 0.1838"
"31,19 : 0.1838"
"19,32 : 0.4494"
"32,19 : 0.4494"
"19,33 : 0.4342"
"33,19 : 0.4342"
"19,34 : 0.9441"
"34,19 : 0.9441"
"19,35 : 0.3257"
"35,19 : 0.3257"
"19,36 : 1.0096"
"36,19 : 1.0096"
"19,37 : 0.6364"
"37,19 : 0.6364"
"19,38 : 0.7506"
"38,19 : 0.7506"
"19,39 : 0.8486"
"39,19 : 0.8486"
"19,40 : 0.7301"
"40,19 : 0.7301"
"19,41 : 0.4301"
"41,19 : 0.4301"
"19,42 : 0.9126"
"42,19 : 0.9126"
"19,43 : 0.3701"
"43,19 : 0.3701"
"19,44 : 0.9257"
"44,19 : 0.9257"
"19,45 : 0.7103"
"45,19 : 0.7103"
"19,46 : 0.7278"
"46,19 : 0.7278"
"19,47 : 0.8202"
"47,19 : 0.8202"
"19,48 : 0.4176"
"48,19 : 0.4176"
"19,49 : 0.8463"
"49,19 : 0.8463"
"20,21 : 0.507"
"21,20 : 0.507"
"20,22 : 0.5016"
"22,20 : 0.5016"
"20,23 : 0.5316"
"23,20 : 0.5316"
"20,24 : 0.55"
"24,20 : 0.55"
"20,25 : 0.4002"
"25,20 : 0.4002"
"20,26 : 0.2786"
"26,20 : 0.2786"
"20,27 : 0.4717"
"27,20 : 0.4717"
"20,28 : 0.3466"
"28,20 : 0.3466"
"20,29 : 0.614"
"29,20 : 0.614"
"20,30 : 0.586"
"30,20 : 0.586"
"20,31 : 0.3"
"31,20 : 0.3"
"20,32 : 0.0906"
"32,20 : 0.0906"
"20,33 : 0.2385"
"33,20 : 0.2385"
"20,34 : 0.5814"
"34,20 : 0.5814"
"20,35 : 0.5135"
"35,20 : 0.5135"
"20,36 : 0.7316"
"36,20 : 0.7316"
"20,37 : 0.4968"
"37,20 : 0.4968"
"20,38 : 0.405"
"38,20 : 0.405"
"20,39 : 0.5492"
"39,20 : 0.5492"
"20,40 : 0.3105"
"40,20 : 0.3105"
"20,41 : 0.2408"
"41,20 : 0.2408"
"20,42 : 0.512"
"42,20 : 0.512"
"20,43 : 0.4368"
"43,20 : 0.4368"
"20,44 : 0.58"
"44,20 : 0.58"
"20,45 : 0.6031"
"45,20 : 0.6031"
"20,46 : 0.7325"
"46,20 : 0.7325"
"20,47 : 0.6907"
"47,20 : 0.6907"
"20,48 : 0.1304"
"48,20 : 0.1304"
"20,49 : 0.3688"
"49,20 : 0.3688"
"21,22 : 0.153"
"22,21 : 0.153"
"21,23 : 0.0566"
"23,21 : 0.0566"
"21,24 : 0.5209"
"24,21 : 0.5209"
"21,25 : 0.5946"
"25,21 : 0.5946"
"21,26 : 0.5826"
"26,21 : 0.5826"
"21,27 : 0.4455"
"27,21 : 0.4455"
"21,28 : 0.2256"
"28,21 : 0.2256"
"21,29 : 0.1217"
"29,21 : 0.1217"
"21,30 : 0.0849"
"30,21 : 0.0849"
"21,31 : 0.6519"
"31,21 : 0.6519"
"21,32 : 0.5946"
"32,21 : 0.5946"
"21,33 : 0.3401"
"33,21 : 0.3401"
"21,34 : 0.255"
"34,21 : 0.255"
"21,35 : 0.5201"
"35,21 : 0.5201"
"21,36 : 0.2571"
"36,21 : 0.2571"
"21,37 : 0.1581"
"37,21 : 0.1581"
"21,38 : 0.8701"
"38,21 : 0.8701"
"21,39 : 0.114"
"39,21 : 0.114"
"21,40 : 0.7366"
"40,21 : 0.7366"
"21,41 : 0.7404"
"41,21 : 0.7404"
"21,42 : 0.3015"
"42,21 : 0.3015"
"21,43 : 0.4188"
"43,21 : 0.4188"
"21,44 : 0.2195"
"44,21 : 0.2195"
"21,45 : 0.2002"
"45,21 : 0.2002"
"21,46 : 0.3801"
"46,21 : 0.3801"
"21,47 : 0.2236"
"47,21 : 0.2236"
"21,48 : 0.6264"
"48,21 : 0.6264"
"21,49 : 0.5233"
"49,21 : 0.5233"
"22,23 : 0.1105"
"23,22 : 0.1105"
"22,24 : 0.3748"
"24,22 : 0.3748"
"22,25 : 0.686"
"25,22 : 0.686"
"22,26 : 0.5"
"26,22 : 0.5"
"22,27 : 0.3068"
"27,22 : 0.3068"
"22,28 : 0.3202"
"28,22 : 0.3202"
"22,29 : 0.1581"
"29,22 : 0.1581"
"22,30 : 0.2121"
"30,22 : 0.2121"
"22,31 : 0.7088"
"31,22 : 0.7088"
"22,32 : 0.5921"
"32,22 : 0.5921"
"22,33 : 0.4031"
"33,22 : 0.4031"
"22,34 : 0.1131"
"34,22 : 0.1131"
"22,35 : 0.6438"
"35,22 : 0.6438"
"22,36 : 0.2377"
"36,22 : 0.2377"
"22,37 : 0.3046"
"37,22 : 0.3046"
"22,38 : 0.8141"
"38,22 : 0.8141"
"22,39 : 0.0721"
"39,22 : 0.0721"
"22,40 : 0.6723"
"40,22 : 0.6723"
"22,41 : 0.7424"
"41,22 : 0.7424"
"22,42 : 0.15"
"42,22 : 0.15"
"22,43 : 0.5374"
"43,22 : 0.5374"
"22,44 : 0.0894"
"44,22 : 0.0894"
"22,45 : 0.3523"
"45,22 : 0.3523"
"22,46 : 0.5315"
"46,22 : 0.5315"
"22,47 : 0.3569"
"47,22 : 0.3569"
"22,48 : 0.6307"
"48,22 : 0.6307"
"22,49 : 0.4123"
"49,22 : 0.4123"
"23,24 : 0.4851"
"24,23 : 0.4851"
"23,25 : 0.6462"
"25,23 : 0.6462"
"23,26 : 0.5798"
"26,23 : 0.5798"
"23,27 : 0.4148"
"27,23 : 0.4148"
"23,28 : 0.2751"
"28,23 : 0.2751"
"23,29 : 0.0825"
"29,23 : 0.0825"
"23,30 : 0.102"
"30,23 : 0.102"
"23,31 : 0.6958"
"31,23 : 0.6958"
"23,32 : 0.621"
"32,23 : 0.621"
"23,33 : 0.3833"
"33,23 : 0.3833"
"23,34 : 0.2025"
"34,23 : 0.2025"
"23,35 : 0.5763"
"35,23 : 0.5763"
"23,36 : 0.211"
"36,23 : 0.211"
"23,37 : 0.214"
"37,23 : 0.214"
"23,38 : 0.8792"
"38,23 : 0.8792"
"23,39 : 0.0583"
"39,23 : 0.0583"
"23,40 : 0.742"
"40,23 : 0.742"
"23,41 : 0.769"
"41,23 : 0.769"
"23,42 : 0.2602"
"42,23 : 0.2602"
"23,43 : 0.4743"
"43,23 : 0.4743"
"23,44 : 0.1655"
"44,23 : 0.1655"
"23,45 : 0.2452"
"45,23 : 0.2452"
"23,46 : 0.423"
"46,23 : 0.423"
"23,47 : 0.2474"
"47,23 : 0.2474"
"23,48 : 0.6551"
"48,23 : 0.6551"
"23,49 : 0.5077"
"49,23 : 0.5077"
"24,25 : 0.894"
"25,24 : 0.894"
"24,26 : 0.3471"
"26,24 : 0.3471"
"24,27 : 0.0894"
"27,24 : 0.0894"
"24,28 : 0.6008"
"28,24 : 0.6008"
"24,29 : 0.522"
"29,24 : 0.522"
"24,30 : 0.5869"
"30,24 : 0.5869"
"24,31 : 0.8422"
"31,24 : 0.8422"
"24,32 : 0.6191"
"32,24 : 0.6191"
"24,33 : 0.614"
"33,24 : 0.614"
"24,34 : 0.322"
"34,24 : 0.322"
"24,35 : 0.922"
"35,24 : 0.922"
"24,36 : 0.5385"
"36,24 : 0.5385"
"24,37 : 0.6528"
"37,24 : 0.6528"
"24,38 : 0.6601"
"38,24 : 0.6601"
"24,39 : 0.4415"
"39,24 : 0.4415"
"24,40 : 0.5209"
"40,24 : 0.5209"
"24,41 : 0.7473"
"41,24 : 0.7473"
"24,42 : 0.228"
"42,24 : 0.228"
"24,43 : 0.8154"
"43,24 : 0.8154"
"24,44 : 0.3585"
"44,24 : 0.3585"
"24,45 : 0.7203"
"45,24 : 0.7203"
"24,46 : 0.9002"
"46,24 : 0.9002"
"24,47 : 0.7316"
"47,24 : 0.7316"
"24,48 : 0.6637"
"48,24 : 0.6637"
"24,49 : 0.2062"
"49,24 : 0.2062"
"25,26 : 0.6772"
"26,25 : 0.6772"
"25,27 : 0.806"
"27,25 : 0.806"
"25,28 : 0.3716"
"28,25 : 0.3716"
"25,29 : 0.7147"
"29,25 : 0.7147"
"25,30 : 0.6356"
"30,25 : 0.6356"
"25,31 : 0.1749"
"31,25 : 0.1749"
"25,32 : 0.4"
"32,25 : 0.4"
"25,33 : 0.2907"
"33,25 : 0.2907"
"25,34 : 0.7961"
"34,25 : 0.7961"
"25,35 : 0.1921"
"35,25 : 0.1921"
"25,36 : 0.8507"
"36,25 : 0.8507"
"25,37 : 0.4752"
"37,25 : 0.4752"
"25,38 : 0.7415"
"38,25 : 0.7415"
"25,39 : 0.6935"
"39,25 : 0.6935"
"25,40 : 0.6901"
"40,25 : 0.6901"
"25,41 : 0.4366"
"41,25 : 0.4366"
"25,42 : 0.7734"
"42,25 : 0.7734"
"25,43 : 0.2121"
"43,25 : 0.2121"
"25,44 : 0.7752"
"44,25 : 0.7752"
"25,45 : 0.55"
"45,25 : 0.55"
"25,46 : 0.5787"
"46,25 : 0.5787"
"25,47 : 0.66"
"47,25 : 0.66"
"25,48 : 0.3821"
"48,25 : 0.3821"
"25,49 : 0.7469"
"49,25 : 0.7469"
"26,27 : 0.3002"
"27,26 : 0.3002"
"26,28 : 0.522"
"28,26 : 0.522"
"26,29 : 0.6519"
"29,26 : 0.6519"
"26,30 : 0.6671"
"30,26 : 0.6671"
"26,31 : 0.5731"
"31,26 : 0.5731"
"26,32 : 0.314"
"32,26 : 0.314"
"26,33 : 0.461"
"33,26 : 0.461"
"26,34 : 0.528"
"34,26 : 0.528"
"26,35 : 0.771"
"35,26 : 0.771"
"26,36 : 0.7325"
"36,26 : 0.7325"
"26,37 : 0.644"
"37,26 : 0.644"
"26,38 : 0.3298"
"38,26 : 0.3298"
"26,39 : 0.5685"
"39,26 : 0.5685"
"26,40 : 0.1844"
"40,26 : 0.1844"
"26,41 : 0.4162"
"41,26 : 0.4162"
"26,42 : 0.4272"
"42,26 : 0.4272"
"26,43 : 0.6803"
"43,26 : 0.6803"
"26,44 : 0.5459"
"44,26 : 0.5459"
"26,45 : 0.743"
"45,26 : 0.743"
"26,46 : 0.9047"
"46,26 : 0.9047"
"26,47 : 0.8021"
"47,26 : 0.8021"
"26,48 : 0.3547"
"48,26 : 0.3547"
"26,49 : 0.1414"
"49,26 : 0.1414"
"27,28 : 0.5124"
"28,27 : 0.5124"
"27,29 : 0.461"
"29,27 : 0.461"
"27,30 : 0.5166"
"30,27 : 0.5166"
"27,31 : 0.7593"
"31,27 : 0.7593"
"27,32 : 0.5456"
"32,27 : 0.5456"
"27,33 : 0.5248"
"33,27 : 0.5248"
"27,34 : 0.2766"
"34,27 : 0.2766"
"27,35 : 0.8326"
"35,27 : 0.8326"
"27,36 : 0.4968"
"36,27 : 0.4968"
"27,37 : 0.5704"
"37,27 : 0.5704"
"27,38 : 0.6265"
"38,27 : 0.6265"
"27,39 : 0.377"
"39,27 : 0.377"
"27,40 : 0.4826"
"40,27 : 0.4826"
"27,41 : 0.6801"
"41,27 : 0.6801"
"27,42 : 0.172"
"42,27 : 0.172"
"27,43 : 0.7262"
"43,27 : 0.7262"
"27,44 : 0.3081"
"44,27 : 0.3081"
"27,45 : 0.6428"
"45,27 : 0.6428"
"27,46 : 0.8222"
"46,27 : 0.8222"
"27,47 : 0.6622"
"47,27 : 0.6622"
"27,48 : 0.5903"
"48,27 : 0.5903"
"27,49 : 0.1628"
"49,27 : 0.1628"
"28,29 : 0.3471"
"29,28 : 0.3471"
"28,30 : 0.2802"
"30,28 : 0.2802"
"28,31 : 0.43"
"31,28 : 0.43"
"28,32 : 0.422"
"32,28 : 0.422"
"28,33 : 0.1265"
"33,28 : 0.1265"
"28,34 : 0.4328"
"34,28 : 0.4328"
"28,35 : 0.3302"
"35,28 : 0.3302"
"28,36 : 0.4827"
"36,28 : 0.4827"
"28,37 : 0.1526"
"37,28 : 0.1526"
"28,38 : 0.7465"
"38,28 : 0.7465"
"28,39 : 0.322"
"39,28 : 0.322"
"28,40 : 0.6329"
"40,28 : 0.6329"
"28,41 : 0.5547"
"41,28 : 0.5547"
"28,42 : 0.4301"
"42,28 : 0.4301"
"28,43 : 0.222"
"43,28 : 0.222"
"28,44 : 0.408"
"44,28 : 0.408"
"28,45 : 0.2581"
"45,28 : 0.2581"
"28,46 : 0.3912"
"46,28 : 0.3912"
"28,47 : 0.3534"
"47,28 : 0.3534"
"28,48 : 0.4442"
"48,28 : 0.4442"
"28,49 : 0.5201"
"49,28 : 0.5201"
"29,30 : 0.1"
"30,29 : 0.1"
"29,31 : 0.7732"
"31,29 : 0.7732"
"29,32 : 0.7034"
"32,29 : 0.7034"
"29,33 : 0.461"
"33,29 : 0.461"
"29,34 : 0.2102"
"34,29 : 0.2102"
"29,35 : 0.6297"
"35,29 : 0.6297"
"29,36 : 0.136"
"36,29 : 0.136"
"29,37 : 0.2581"
"37,29 : 0.2581"
"29,38 : 0.9572"
"38,29 : 0.9572"
"29,39 : 0.086"
"39,29 : 0.086"
"29,40 : 0.8184"
"40,29 : 0.8184"
"29,41 : 0.8515"
"41,29 : 0.8515"
"29,42 : 0.2941"
"42,29 : 0.2941"
"29,43 : 0.5324"
"43,29 : 0.5324"
"29,44 : 0.1703"
"44,29 : 0.1703"
"29,45 : 0.2555"
"45,29 : 0.2555"
"29,46 : 0.4206"
"46,29 : 0.4206"
"29,47 : 0.2209"
"47,29 : 0.2209"
"29,48 : 0.7376"
"48,29 : 0.7376"
"29,49 : 0.5701"
"49,29 : 0.5701"
"30,31 : 0.7101"
"31,30 : 0.7101"
"30,32 : 0.6723"
"32,30 : 0.6723"
"30,33 : 0.4031"
"33,30 : 0.4031"
"30,34 : 0.2943"
"34,30 : 0.2943"
"30,35 : 0.5371"
"35,30 : 0.5371"
"30,36 : 0.2247"
"36,30 : 0.2247"
"30,37 : 0.1655"
"37,30 : 0.1655"
"30,38 : 0.9543"
"38,30 : 0.9543"
"30,39 : 0.1503"
"39,30 : 0.1503"
"30,40 : 0.8213"
"40,30 : 0.8213"
"30,41 : 0.816"
"41,30 : 0.816"
"30,42 : 0.3612"
"42,30 : 0.3612"
"30,43 : 0.4438"
"43,30 : 0.4438"
"30,44 : 0.255"
"44,30 : 0.255"
"30,45 : 0.1565"
"45,30 : 0.1565"
"30,46 : 0.3276"
"46,30 : 0.3276"
"30,47 : 0.1456"
"47,30 : 0.1456"
"30,48 : 0.7023"
"48,30 : 0.7023"
"30,49 : 0.6042"
"49,30 : 0.6042"
"31,32 : 0.2657"
"32,31 : 0.2657"
"31,33 : 0.3126"
"33,31 : 0.3126"
"31,34 : 0.8099"
"34,31 : 0.8099"
"31,35 : 0.3612"
"35,31 : 0.3612"
"31,36 : 0.9067"
"36,31 : 0.9067"
"31,37 : 0.5657"
"37,31 : 0.5657"
"31,38 : 0.5814"
"38,31 : 0.5814"
"31,39 : 0.7335"
"39,31 : 0.7335"
"31,40 : 0.5492"
"40,31 : 0.5492"
"31,41 : 0.2668"
"41,31 : 0.2668"
"31,42 : 0.7648"
"42,31 : 0.7648"
"31,43 : 0.3499"
"43,31 : 0.3499"
"31,44 : 0.797"
"44,31 : 0.797"
"31,45 : 0.6573"
"45,31 : 0.6573"
"31,46 : 0.7201"
"46,31 : 0.7201"
"31,47 : 0.7649"
"47,31 : 0.7649"
"31,48 : 0.2354"
"48,31 : 0.2354"
"31,49 : 0.6684"
"49,31 : 0.6684"
"32,33 : 0.3041"
"33,32 : 0.3041"
"32,34 : 0.6707"
"34,32 : 0.6707"
"32,35 : 0.5412"
"35,32 : 0.5412"
"32,36 : 0.822"
"36,32 : 0.822"
"32,37 : 0.5743"
"37,32 : 0.5743"
"32,38 : 0.3547"
"38,32 : 0.3547"
"32,39 : 0.6395"
"39,32 : 0.6395"
"32,40 : 0.2902"
"40,32 : 0.2902"
"32,41 : 0.1503"
"41,32 : 0.1503"
"32,42 : 0.5984"
"42,32 : 0.5984"
"32,43 : 0.4785"
"43,32 : 0.4785"
"32,44 : 0.6701"
"44,32 : 0.6701"
"32,45 : 0.6801"
"45,32 : 0.6801"
"32,46 : 0.7993"
"46,32 : 0.7993"
"32,47 : 0.7718"
"47,32 : 0.7718"
"32,48 : 0.0447"
"48,32 : 0.0447"
"32,49 : 0.4264"
"49,32 : 0.4264"
"33,34 : 0.51"
"34,33 : 0.51"
"33,35 : 0.3178"
"35,33 : 0.3178"
"33,36 : 0.5941"
"36,33 : 0.5941"
"33,37 : 0.2773"
"37,33 : 0.2773"
"33,38 : 0.6435"
"38,33 : 0.6435"
"33,39 : 0.422"
"39,33 : 0.422"
"33,40 : 0.5423"
"40,33 : 0.5423"
"33,41 : 0.4305"
"41,33 : 0.4305"
"33,42 : 0.4827"
"42,33 : 0.4827"
"33,43 : 0.2202"
"43,33 : 0.2202"
"33,44 : 0.4924"
"44,33 : 0.4924"
"33,45 : 0.3808"
"45,33 : 0.3808"
"33,46 : 0.4958"
"46,33 : 0.4958"
"33,47 : 0.4793"
"47,33 : 0.4793"
"33,48 : 0.322"
"48,33 : 0.322"
"33,49 : 0.4924"
"49,33 : 0.4924"
"34,35 : 0.7569"
"35,34 : 0.7569"
"34,36 : 0.2202"
"36,34 : 0.2202"
"34,37 : 0.4118"
"37,34 : 0.4118"
"34,38 : 0.8544"
"38,34 : 0.8544"
"34,39 : 0.1456"
"39,34 : 0.1456"
"34,40 : 0.7094"
"40,34 : 0.7094"
"34,41 : 0.8202"
"41,34 : 0.8202"
"34,42 : 0.1063"
"42,34 : 0.1063"
"34,43 : 0.6505"
"43,34 : 0.6505"
"34,44 : 0.04"
"44,34 : 0.04"
"34,45 : 0.4464"
"45,34 : 0.4464"
"34,46 : 0.6217"
"46,34 : 0.6217"
"34,47 : 0.4301"
"47,34 : 0.4301"
"34,48 : 0.7118"
"48,34 : 0.7118"
"34,49 : 0.4162"
"49,34 : 0.4162"
"35,36 : 0.7616"
"36,35 : 0.7616"
"35,37 : 0.3722"
"37,35 : 0.3722"
"35,38 : 0.8949"
"38,35 : 0.8949"
"35,39 : 0.6313"
"39,35 : 0.6313"
"35,40 : 0.822"
"40,35 : 0.822"
"35,41 : 0.609"
"41,35 : 0.609"
"35,42 : 0.7603"
"42,35 : 0.7603"
"35,43 : 0.1082"
"43,35 : 0.1082"
"35,44 : 0.7284"
"44,35 : 0.7284"
"35,45 : 0.4176"
"45,35 : 0.4176"
"35,46 : 0.4045"
"46,35 : 0.4045"
"35,47 : 0.5239"
"47,35 : 0.5239"
"35,48 : 0.5349"
"48,35 : 0.5349"
"35,49 : 0.8102"
"49,35 : 0.8102"
"36,37 : 0.3895"
"37,36 : 0.3895"
"36,38 : 1.051"
"38,36 : 1.051"
"36,39 : 0.1825"
"39,36 : 0.1825"
"36,40 : 0.9082"
"40,36 : 0.9082"
"36,41 : 0.9716"
"41,36 : 0.9716"
"36,42 : 0.3256"
"42,36 : 0.3256"
"36,43 : 0.6664"
"43,36 : 0.6664"
"36,44 : 0.191"
"44,36 : 0.191"
"36,45 : 0.3677"
"45,36 : 0.3677"
"36,46 : 0.5111"
"46,36 : 0.5111"
"36,47 : 0.3002"
"47,36 : 0.3002"
"36,48 : 0.8584"
"48,36 : 0.8584"
"36,49 : 0.6313"
"49,36 : 0.6313"
"37,38 : 0.892"
"38,37 : 0.892"
"37,39 : 0.272"
"39,37 : 0.272"
"37,40 : 0.772"
"40,37 : 0.772"
"37,41 : 0.7071"
"41,37 : 0.7071"
"37,42 : 0.4464"
"42,37 : 0.4464"
"37,43 : 0.2786"
"43,37 : 0.2786"
"37,44 : 0.3774"
"44,37 : 0.3774"
"37,45 : 0.1063"
"45,37 : 0.1063"
"37,46 : 0.2625"
"46,37 : 0.2625"
"37,47 : 0.2025"
"47,37 : 0.2025"
"37,48 : 0.5968"
"48,37 : 0.5968"
"37,49 : 0.6161"
"49,37 : 0.6161"
"38,39 : 0.8782"
"39,38 : 0.8782"
"38,40 : 0.1456"
"40,38 : 0.1456"
"38,41 : 0.3206"
"41,38 : 0.3206"
"38,42 : 0.7558"
"42,38 : 0.7558"
"38,43 : 0.8326"
"43,38 : 0.8326"
"38,44 : 0.8693"
"44,38 : 0.8693"
"38,45 : 0.9976"
"45,38 : 0.9976"
"38,46 : 1.136"
"46,38 : 1.136"
"38,47 : 1.0756"
"47,38 : 1.0756"
"38,48 : 0.3614"
"48,38 : 0.3614"
"38,49 : 0.4639"
"49,38 : 0.4639"
"39,40 : 0.7378"
"40,39 : 0.7378"
"39,41 : 0.7892"
"41,39 : 0.7892"
"39,42 : 0.2138"
"42,39 : 0.2138"
"39,43 : 0.528"
"43,39 : 0.528"
"39,44 : 0.1077"
"44,39 : 0.1077"
"39,45 : 0.3008"
"45,39 : 0.3008"
"39,46 : 0.4768"
"46,39 : 0.4768"
"39,47 : 0.2915"
"47,39 : 0.2915"
"39,48 : 0.676"
"48,39 : 0.676"
"39,49 : 0.4841"
"49,39 : 0.4841"
"40,41 : 0.3225"
"41,40 : 0.3225"
"40,42 : 0.6103"
"42,40 : 0.6103"
"40,43 : 0.7473"
"43,40 : 0.7473"
"40,44 : 0.725"
"44,40 : 0.725"
"40,45 : 0.8762"
"45,40 : 0.8762"
"40,46 : 1.024"
"46,40 : 1.024"
"40,47 : 0.9479"
"47,40 : 0.9479"
"40,48 : 0.314"
"48,40 : 0.314"
"40,49 : 0.3206"
"49,40 : 0.3206"
"41,42 : 0.7455"
"42,41 : 0.7455"
"41,43 : 0.5685"
"43,41 : 0.5685"
"41,44 : 0.8202"
"44,41 : 0.8202"
"41,45 : 0.8112"
"45,41 : 0.8112"
"41,46 : 0.9155"
"46,41 : 0.9155"
"41,47 : 0.9079"
"47,41 : 0.9079"
"41,48 : 0.114"
"48,41 : 0.114"
"41,49 : 0.5459"
"49,41 : 0.5459"
"42,43 : 0.6522"
"43,42 : 0.6522"
"42,44 : 0.136"
"44,42 : 0.136"
"42,45 : 0.5016"
"45,42 : 0.5016"
"42,46 : 0.6812"
"46,42 : 0.6812"
"42,47 : 0.5049"
"47,42 : 0.5049"
"42,48 : 0.6413"
"48,42 : 0.6413"
"42,49 : 0.3106"
"49,42 : 0.3106"
"43,44 : 0.6229"
"44,43 : 0.6229"
"43,45 : 0.3413"
