x,y
0.58,0.43
0.51,0.53
0.9,0.84
0.29,0.13
0.66,0.53
0.86,0.62
0.09,0.19
0.34,0.08
0.53,0.66
0.71,0.74
0.71,0.42
0.75,0.26
0.39,0.82
0.36,0.96
0.13,0.74
0.28,0.61
0.57,0.28
0.67,0.21
0.33,0.01
0.57,0.26
0.64,0.45
0.32,0.03
0.28,0.77
0.7,0.83
0.19,0.9
0.93,0.44
0.74,0.17
0.36,0.61
0.16,0.65
0.7,0.19
0.6,0.39
0.03,0.55
0.78,0.28
0.15,0.17
0.05,0.12
0.9,0.92
0.66,0.04
0.58,0.23
0.37,0.54
0.76,0.9
0.36,0.42
0.21,0.49
0.72,0.56
0.84,0.13
0.8,0.95
0.94,0.31
0.55,0.35
0.16,0.8
0.45,0.2
0.7,0.62

Distanze
"0,1 : 0.1221"
"1,0 : 0.1221"
"0,2 : 0.5201"
"2,0 : 0.5201"
"0,3 : 0.4173"
"3,0 : 0.4173"
"0,4 : 0.1281"
"4,0 : 0.1281"
"0,5 : 0.3384"
"5,0 : 0.3384"
"0,6 : 0.5456"
"6,0 : 0.5456"
"0,7 : 0.4244"
"7,0 : 0.4244"
"0,8 : 0.2354"
"8,0 : 0.2354"
"0,9 : 0.3362"
"9,0 : 0.3362"
"0,10 : 0.1304"
"10,0 : 0.1304"
"0,11 : 0.2404"
"11,0 : 0.2404"
"0,12 : 0.4338"
"12,0 : 0.4338"
"0,13 : 0.5738"
"13,0 : 0.5738"
"0,14 : 0.5464"
"14,0 : 0.5464"
"0,15 : 0.3499"
"15,0 : 0.3499"
"0,16 : 0.1503"
"16,0 : 0.1503"
"0,17 : 0.2377"
"17,0 : 0.2377"
"0,18 : 0.4888"
"18,0 : 0.4888"
"0,19 : 0.1703"
"19,0 : 0.1703"
"0,20 : 0.0632"
"20,0 : 0.0632"
"0,21 : 0.4771"
"21,0 : 0.4771"
"0,22 : 0.4534"
"22,0 : 0.4534"
"0,23 : 0.4176"
"23,0 : 0.4176"
"0,24 : 0.6107"
"24,0 : 0.6107"
"0,25 : 0.3501"
"25,0 : 0.3501"
"0,26 : 0.3053"
"26,0 : 0.3053"
"0,27 : 0.2843"
"27,0 : 0.2843"
"0,28 : 0.4741"
"28,0 : 0.4741"
"0,29 : 0.2683"
"29,0 : 0.2683"
"0,30 : 0.0447"
"30,0 : 0.0447"
"0,31 : 0.5629"
"31,0 : 0.5629"
"0,32 : 0.25"
"32,0 : 0.25"
"0,33 : 0.5025"
"33,0 : 0.5025"
"0,34 : 0.614"
"34,0 : 0.614"
"0,35 : 0.5852"
"35,0 : 0.5852"
"0,36 : 0.3981"
"36,0 : 0.3981"
"0,37 : 0.2"
"37,0 : 0.2"
"0,38 : 0.2371"
"38,0 : 0.2371"
"0,39 : 0.5033"
"39,0 : 0.5033"
"0,40 : 0.2202"
"40,0 : 0.2202"
"0,41 : 0.3748"
"41,0 : 0.3748"
"0,42 : 0.191"
"42,0 : 0.191"
"0,43 : 0.397"
"43,0 : 0.397"
"0,44 : 0.5646"
"44,0 : 0.5646"
"0,45 : 0.3795"
"45,0 : 0.3795"
"0,46 : 0.0854"
"46,0 : 0.0854"
"0,47 : 0.5597"
"47,0 : 0.5597"
"0,48 : 0.2642"
"48,0 : 0.2642"
"0,49 : 0.2247"
"49,0 : 0.2247"
"1,2 : 0.4982"
"2,1 : 0.4982"
"1,3 : 0.4565"
"3,1 : 0.4565"
"1,4 : 0.15"
"4,1 : 0.15"
"1,5 : 0.3614"
"5,1 : 0.3614"
"1,6 : 0.5404"
"6,1 : 0.5404"
"1,7 : 0.481"
"7,1 : 0.481"
"1,8 : 0.1315"
"8,1 : 0.1315"
"1,9 : 0.29"
"9,1 : 0.29"
"1,10 : 0.2283"
"10,1 : 0.2283"
"1,11 : 0.3612"
"11,1 : 0.3612"
"1,12 : 0.3138"
"12,1 : 0.3138"
"1,13 : 0.4554"
"13,1 : 0.4554"
"1,14 : 0.4342"
"14,1 : 0.4342"
"1,15 : 0.2435"
"15,1 : 0.2435"
"1,16 : 0.2571"
"16,1 : 0.2571"
"1,17 : 0.3578"
"17,1 : 0.3578"
"1,18 : 0.5503"
"18,1 : 0.5503"
"1,19 : 0.2766"
"19,1 : 0.2766"
"1,20 : 0.1526"
"20,1 : 0.1526"
"1,21 : 0.5349"
"21,1 : 0.5349"
"1,22 : 0.3324"
"22,1 : 0.3324"
"1,23 : 0.3551"
"23,1 : 0.3551"
"1,24 : 0.4892"
"24,1 : 0.4892"
"1,25 : 0.4295"
"25,1 : 0.4295"
"1,26 : 0.4272"
"26,1 : 0.4272"
"1,27 : 0.17"
"27,1 : 0.17"
"1,28 : 0.37"
"28,1 : 0.37"
"1,29 : 0.3895"
"29,1 : 0.3895"
"1,30 : 0.1664"
"30,1 : 0.1664"
"1,31 : 0.4804"
"31,1 : 0.4804"
"1,32 : 0.368"
"32,1 : 0.368"
"1,33 : 0.5091"
"33,1 : 0.5091"
"1,34 : 0.6162"
"34,1 : 0.6162"
"1,35 : 0.5515"
"35,1 : 0.5515"
"1,36 : 0.5124"
"36,1 : 0.5124"
"1,37 : 0.3081"
"37,1 : 0.3081"
"1,38 : 0.1404"
"38,1 : 0.1404"
"1,39 : 0.4465"
"39,1 : 0.4465"
"1,40 : 0.186"
"40,1 : 0.186"
"1,41 : 0.3027"
"41,1 : 0.3027"
"1,42 : 0.2121"
"42,1 : 0.2121"
"1,43 : 0.5186"
"43,1 : 0.5186"
"1,44 : 0.5104"
"44,1 : 0.5104"
"1,45 : 0.483"
"45,1 : 0.483"
"1,46 : 0.1844"
"46,1 : 0.1844"
"1,47 : 0.442"
"47,1 : 0.442"
"1,48 : 0.3354"
"48,1 : 0.3354"
"1,49 : 0.2102"
"49,1 : 0.2102"
"2,3 : 0.9361"
"3,2 : 0.9361"
"2,4 : 0.392"
"4,2 : 0.392"
"2,5 : 0.2236"
"5,2 : 0.2236"
"2,6 : 1.0386"
"6,2 : 1.0386"
"2,7 : 0.944"
"7,2 : 0.944"
"2,8 : 0.4115"
"8,2 : 0.4115"
"2,9 : 0.2147"
"9,2 : 0.2147"
"2,10 : 0.461"
"10,2 : 0.461"
"2,11 : 0.5991"
"11,2 : 0.5991"
"2,12 : 0.5104"
"12,2 : 0.5104"
"2,13 : 0.5532"
"13,2 : 0.5532"
"2,14 : 0.7765"
"14,2 : 0.7765"
"2,15 : 0.6613"
"15,2 : 0.6613"
"2,16 : 0.65"
"16,2 : 0.65"
"2,17 : 0.6707"
"17,2 : 0.6707"
"2,18 : 1.0069"
"18,2 : 1.0069"
"2,19 : 0.6673"
"19,2 : 0.6673"
"2,20 : 0.4687"
"20,2 : 0.4687"
"2,21 : 0.9962"
"21,2 : 0.9962"
"2,22 : 0.6239"
"22,2 : 0.6239"
"2,23 : 0.2002"
"23,2 : 0.2002"
"2,24 : 0.7125"
"24,2 : 0.7125"
"2,25 : 0.4011"
"25,2 : 0.4011"
"2,26 : 0.6888"
"26,2 : 0.6888"
"2,27 : 0.5869"
"27,2 : 0.5869"
"2,28 : 0.764"
"28,2 : 0.764"
"2,29 : 0.6801"
"29,2 : 0.6801"
"2,30 : 0.5408"
"30,2 : 0.5408"
"2,31 : 0.9171"
"31,2 : 0.9171"
"2,32 : 0.5727"
"32,2 : 0.5727"
"2,33 : 1.0057"
"33,2 : 1.0057"
"2,34 : 1.114"
"34,2 : 1.114"
"2,35 : 0.08"
"35,2 : 0.08"
"2,36 : 0.8352"
"36,2 : 0.8352"
"2,37 : 0.6888"
"37,2 : 0.6888"
"2,38 : 0.609"
"38,2 : 0.609"
"2,39 : 0.1523"
"39,2 : 0.1523"
"2,40 : 0.6841"
"40,2 : 0.6841"
"2,41 : 0.7737"
"41,2 : 0.7737"
"2,42 : 0.3329"
"42,2 : 0.3329"
"2,43 : 0.7125"
"43,2 : 0.7125"
"2,44 : 0.1487"
"44,2 : 0.1487"
"2,45 : 0.5315"
"45,2 : 0.5315"
"2,46 : 0.6022"
"46,2 : 0.6022"
"2,47 : 0.7411"
"47,2 : 0.7411"
"2,48 : 0.7824"
"48,2 : 0.7824"
"2,49 : 0.2973"
"49,2 : 0.2973"
"3,4 : 0.5449"
"4,3 : 0.5449"
"3,5 : 0.7517"
"5,3 : 0.7517"
"3,6 : 0.2088"
"6,3 : 0.2088"
"3,7 : 0.0707"
"7,3 : 0.0707"
"3,8 : 0.5818"
"8,3 : 0.5818"
"3,9 : 0.7406"
"9,3 : 0.7406"
"3,10 : 0.5104"
"10,3 : 0.5104"
"3,11 : 0.478"
"11,3 : 0.478"
"3,12 : 0.6972"
"12,3 : 0.6972"
"3,13 : 0.8329"
"13,3 : 0.8329"
"3,14 : 0.6306"
"14,3 : 0.6306"
"3,15 : 0.4801"
"15,3 : 0.4801"
"3,16 : 0.3176"
"16,3 : 0.3176"
"3,17 : 0.3883"
"17,3 : 0.3883"
"3,18 : 0.1265"
"18,3 : 0.1265"
"3,19 : 0.3087"
"19,3 : 0.3087"
"3,20 : 0.4742"
"20,3 : 0.4742"
"3,21 : 0.1044"
"21,3 : 0.1044"
"3,22 : 0.6401"
"22,3 : 0.6401"
"3,23 : 0.8112"
"23,3 : 0.8112"
"3,24 : 0.7765"
"24,3 : 0.7765"
"3,25 : 0.7111"
"25,3 : 0.7111"
"3,26 : 0.4518"
"26,3 : 0.4518"
"3,27 : 0.4851"
"27,3 : 0.4851"
"3,28 : 0.536"
"28,3 : 0.536"
"3,29 : 0.4144"
"29,3 : 0.4144"
"3,30 : 0.4046"
"30,3 : 0.4046"
"3,31 : 0.494"
"31,3 : 0.494"
"3,32 : 0.5124"
"32,3 : 0.5124"
"3,33 : 0.1456"
"33,3 : 0.1456"
"3,34 : 0.2402"
"34,3 : 0.2402"
"3,35 : 0.9981"
"35,3 : 0.9981"
"3,36 : 0.3808"
"36,3 : 0.3808"
"3,37 : 0.3068"
"37,3 : 0.3068"
"3,38 : 0.4177"
"38,3 : 0.4177"
"3,39 : 0.9021"
"39,3 : 0.9021"
"3,40 : 0.2983"
"40,3 : 0.2983"
"3,41 : 0.3688"
"41,3 : 0.3688"
"3,42 : 0.6081"
"42,3 : 0.6081"
"3,43 : 0.55"
"43,3 : 0.55"
"3,44 : 0.9657"
"44,3 : 0.9657"
"3,45 : 0.6745"
"45,3 : 0.6745"
"3,46 : 0.3406"
"46,3 : 0.3406"
"3,47 : 0.6825"
"47,3 : 0.6825"
"3,48 : 0.1746"
"48,3 : 0.1746"
"3,49 : 0.6389"
"49,3 : 0.6389"
"4,5 : 0.2193"
"5,4 : 0.2193"
"4,6 : 0.6637"
"6,4 : 0.6637"
"4,7 : 0.5522"
"7,4 : 0.5522"
"4,8 : 0.1838"
"8,4 : 0.1838"
"4,9 : 0.2159"
"9,4 : 0.2159"
"4,10 : 0.1208"
"10,4 : 0.1208"
"4,11 : 0.2846"
"11,4 : 0.2846"
"4,12 : 0.3962"
"12,4 : 0.3962"
"4,13 : 0.5243"
"13,4 : 0.5243"
"4,14 : 0.5701"
"14,4 : 0.5701"
"4,15 : 0.3883"
"15,4 : 0.3883"
"4,16 : 0.2657"
"16,4 : 0.2657"
"4,17 : 0.3202"
"17,4 : 0.3202"
"4,18 : 0.6159"
"18,4 : 0.6159"
"4,19 : 0.2846"
"19,4 : 0.2846"
"4,20 : 0.0825"
"20,4 : 0.0825"
"4,21 : 0.6046"
"21,4 : 0.6046"
"4,22 : 0.4494"
"22,4 : 0.4494"
"4,23 : 0.3027"
"23,4 : 0.3027"
"4,24 : 0.5982"
"24,4 : 0.5982"
"4,25 : 0.2846"
"25,4 : 0.2846"
"4,26 : 0.3688"
"26,4 : 0.3688"
"4,27 : 0.3105"
"27,4 : 0.3105"
"4,28 : 0.5142"
"28,4 : 0.5142"
"4,29 : 0.3423"
"29,4 : 0.3423"
"4,30 : 0.1523"
"30,4 : 0.1523"
"4,31 : 0.6303"
"31,4 : 0.6303"
"4,32 : 0.2773"
"32,4 : 0.2773"
"4,33 : 0.6243"
"33,4 : 0.6243"
"4,34 : 0.735"
"34,4 : 0.735"
"4,35 : 0.4579"
"35,4 : 0.4579"
"4,36 : 0.49"
"36,4 : 0.49"
"4,37 : 0.3105"
"37,4 : 0.3105"
"4,38 : 0.2902"
"38,4 : 0.2902"
"4,39 : 0.3833"
"39,4 : 0.3833"
"4,40 : 0.3195"
"40,4 : 0.3195"
"4,41 : 0.4518"
"41,4 : 0.4518"
"4,42 : 0.0671"
"42,4 : 0.0671"
"4,43 : 0.4386"
"43,4 : 0.4386"
"4,44 : 0.4427"
"44,4 : 0.4427"
"4,45 : 0.3561"
"45,4 : 0.3561"
"4,46 : 0.211"
"46,4 : 0.211"
"4,47 : 0.5682"
"47,4 : 0.5682"
"4,48 : 0.3912"
"48,4 : 0.3912"
"4,49 : 0.0985"
"49,4 : 0.0985"
"5,6 : 0.8819"
"6,5 : 0.8819"
"5,7 : 0.7497"
"7,5 : 0.7497"
"5,8 : 0.3324"
"8,5 : 0.3324"
"5,9 : 0.1921"
"9,5 : 0.1921"
"5,10 : 0.25"
"10,5 : 0.25"
"5,11 : 0.3764"
"11,5 : 0.3764"
"5,12 : 0.5108"
"12,5 : 0.5108"
"5,13 : 0.6046"
"13,5 : 0.6046"
"5,14 : 0.7398"
"14,5 : 0.7398"
"5,15 : 0.5801"
"15,5 : 0.5801"
"5,16 : 0.4469"
"16,5 : 0.4469"
"5,17 : 0.4519"
"17,5 : 0.4519"
"5,18 : 0.8081"
"18,5 : 0.8081"
"5,19 : 0.4623"
"19,5 : 0.4623"
"5,20 : 0.278"
"20,5 : 0.278"
"5,21 : 0.7998"
"21,5 : 0.7998"
"5,22 : 0.5991"
"22,5 : 0.5991"
"5,23 : 0.264"
"23,5 : 0.264"
"5,24 : 0.7262"
"24,5 : 0.7262"
"5,25 : 0.1931"
"25,5 : 0.1931"
"5,26 : 0.4657"
"26,5 : 0.4657"
"5,27 : 0.5001"
"27,5 : 0.5001"
"5,28 : 0.7006"
"28,5 : 0.7006"
"5,29 : 0.4588"
"29,5 : 0.4588"
"5,30 : 0.3471"
"30,5 : 0.3471"
"5,31 : 0.8329"
"31,5 : 0.8329"
"5,32 : 0.3493"
"32,5 : 0.3493"
"5,33 : 0.8406"
"33,5 : 0.8406"
"5,34 : 0.9519"
"34,5 : 0.9519"
"5,35 : 0.3027"
"35,5 : 0.3027"
"5,36 : 0.6135"
"36,5 : 0.6135"
"5,37 : 0.4801"
"37,5 : 0.4801"
"5,38 : 0.4965"
"38,5 : 0.4965"
"5,39 : 0.2973"
"39,5 : 0.2973"
"5,40 : 0.5385"
"40,5 : 0.5385"
"5,41 : 0.6629"
"41,5 : 0.6629"
"5,42 : 0.1523"
"42,5 : 0.1523"
"5,43 : 0.4904"
"43,5 : 0.4904"
"5,44 : 0.3354"
"44,5 : 0.3354"
"5,45 : 0.3202"
"45,5 : 0.3202"
"5,46 : 0.4111"
"46,5 : 0.4111"
"5,47 : 0.7228"
"47,5 : 0.7228"
"5,48 : 0.5869"
"48,5 : 0.5869"
"5,49 : 0.16"
"49,5 : 0.16"
"6,7 : 0.2731"
"7,6 : 0.2731"
"6,8 : 0.6438"
"8,6 : 0.6438"
"6,9 : 0.8288"
"9,6 : 0.8288"
"6,10 : 0.6613"
"10,6 : 0.6613"
"6,11 : 0.6637"
"11,6 : 0.6637"
"6,12 : 0.6978"
"12,6 : 0.6978"
"6,13 : 0.816"
"13,6 : 0.816"
"6,14 : 0.5515"
"14,6 : 0.5515"
"6,15 : 0.461"
"15,6 : 0.461"
"6,16 : 0.4884"
"16,6 : 0.4884"
"6,17 : 0.5803"
"17,6 : 0.5803"
"6,18 : 0.3"
"18,6 : 0.3"
"6,19 : 0.4851"
"19,6 : 0.4851"
"6,20 : 0.6084"
"20,6 : 0.6084"
"6,21 : 0.2802"
"21,6 : 0.2802"
"6,22 : 0.6103"
"22,6 : 0.6103"
"6,23 : 0.8841"
"23,6 : 0.8841"
"6,24 : 0.717"
"24,6 : 0.717"
"6,25 : 0.8764"
"25,6 : 0.8764"
"6,26 : 0.6503"
"26,6 : 0.6503"
"6,27 : 0.4993"
"27,6 : 0.4993"
"6,28 : 0.4653"
"28,6 : 0.4653"
"6,29 : 0.61"
"29,6 : 0.61"
"6,30 : 0.5478"
"30,6 : 0.5478"
"6,31 : 0.365"
"31,6 : 0.365"
"6,32 : 0.6958"
"32,6 : 0.6958"
"6,33 : 0.0632"
"33,6 : 0.0632"
"6,34 : 0.0806"
"34,6 : 0.0806"
"6,35 : 1.0904"
"35,6 : 1.0904"
"6,36 : 0.5894"
"36,6 : 0.5894"
"6,37 : 0.4916"
"37,6 : 0.4916"
"6,38 : 0.4482"
"38,6 : 0.4482"
"6,39 : 0.9762"
"39,6 : 0.9762"
"6,40 : 0.3547"
"40,6 : 0.3547"
"6,41 : 0.3231"
"41,6 : 0.3231"
"6,42 : 0.7306"
"42,6 : 0.7306"
"6,43 : 0.7524"
"43,6 : 0.7524"
"6,44 : 1.04"
"44,6 : 1.04"
"6,45 : 0.8584"
"45,6 : 0.8584"
"6,46 : 0.487"
"46,6 : 0.487"
"6,47 : 0.614"
"47,6 : 0.614"
"6,48 : 0.3601"
"48,6 : 0.3601"
"6,49 : 0.7463"
"49,6 : 0.7463"
"7,8 : 0.6103"
"8,7 : 0.6103"
"7,9 : 0.7566"
"9,7 : 0.7566"
"7,10 : 0.5025"
"10,7 : 0.5025"
"7,11 : 0.4478"
"11,7 : 0.4478"
"7,12 : 0.7417"
"12,7 : 0.7417"
"7,13 : 0.8802"
"13,7 : 0.8802"
"7,14 : 0.6926"
"14,7 : 0.6926"
"7,15 : 0.5334"
"15,7 : 0.5334"
"7,16 : 0.3048"
"16,7 : 0.3048"
"7,17 : 0.3547"
"17,7 : 0.3547"
"7,18 : 0.0707"
"18,7 : 0.0707"
"7,19 : 0.2921"
"19,7 : 0.2921"
"7,20 : 0.4763"
"20,7 : 0.4763"
"7,21 : 0.0539"
"21,7 : 0.0539"
"7,22 : 0.6926"
"22,7 : 0.6926"
"7,23 : 0.8319"
"23,7 : 0.8319"
"7,24 : 0.8336"
"24,7 : 0.8336"
"7,25 : 0.6912"
"25,7 : 0.6912"
"7,26 : 0.41"
"26,7 : 0.41"
"7,27 : 0.5304"
"27,7 : 0.5304"
"7,28 : 0.5977"
"28,7 : 0.5977"
"7,29 : 0.3764"
"29,7 : 0.3764"
"7,30 : 0.4046"
"30,7 : 0.4046"
"7,31 : 0.563"
"31,7 : 0.563"
"7,32 : 0.4833"
"32,7 : 0.4833"
"7,33 : 0.2102"
"33,7 : 0.2102"
"7,34 : 0.2927"
"34,7 : 0.2927"
"7,35 : 1.0096"
"35,7 : 1.0096"
"7,36 : 0.3225"
"36,7 : 0.3225"
"7,37 : 0.283"
"37,7 : 0.283"
"7,38 : 0.461"
"38,7 : 0.461"
"7,39 : 0.9213"
"39,7 : 0.9213"
"7,40 : 0.3406"
"40,7 : 0.3406"
"7,41 : 0.4301"
"41,7 : 0.4301"
"7,42 : 0.6122"
"42,7 : 0.6122"
"7,43 : 0.5025"
"43,7 : 0.5025"
"7,44 : 0.9841"
"44,7 : 0.9841"
"7,45 : 0.6426"
"45,7 : 0.6426"
"7,46 : 0.3421"
"46,7 : 0.3421"
"7,47 : 0.7422"
"47,7 : 0.7422"
"7,48 : 0.1628"
"48,7 : 0.1628"
"7,49 : 0.649"
"49,7 : 0.649"
"8,9 : 0.197"
"9,8 : 0.197"
"8,10 : 0.3"
"10,8 : 0.3"
"8,11 : 0.4565"
"11,8 : 0.4565"
"8,12 : 0.2126"
"12,8 : 0.2126"
"8,13 : 0.3448"
"13,8 : 0.3448"
"8,14 : 0.4079"
"14,8 : 0.4079"
"8,15 : 0.255"
"15,8 : 0.255"
"8,16 : 0.3821"
"16,8 : 0.3821"
"8,17 : 0.4713"
"17,8 : 0.4713"
"8,18 : 0.6801"
"18,8 : 0.6801"
"8,19 : 0.402"
"19,8 : 0.402"
"8,20 : 0.2371"
"20,8 : 0.2371"
"8,21 : 0.6641"
"21,8 : 0.6641"
"8,22 : 0.2731"
"22,8 : 0.2731"
"8,23 : 0.2404"
"23,8 : 0.2404"
"8,24 : 0.4162"
"24,8 : 0.4162"
"8,25 : 0.4565"
"25,8 : 0.4565"
"8,26 : 0.5331"
"26,8 : 0.5331"
"8,27 : 0.1772"
"27,8 : 0.1772"
"8,28 : 0.3701"
"28,8 : 0.3701"
"8,29 : 0.4998"
"29,8 : 0.4998"
"8,30 : 0.2789"
"30,8 : 0.2789"
"8,31 : 0.512"
"31,8 : 0.512"
"8,32 : 0.4549"
"32,8 : 0.4549"
"8,33 : 0.6201"
"33,8 : 0.6201"
"8,34 : 0.7225"
"34,8 : 0.7225"
"8,35 : 0.4522"
"35,8 : 0.4522"
"8,36 : 0.6335"
"36,8 : 0.6335"
"8,37 : 0.4329"
"37,8 : 0.4329"
"8,38 : 0.2"
"38,8 : 0.2"
"8,39 : 0.3324"
"39,8 : 0.3324"
"8,40 : 0.2941"
"40,8 : 0.2941"
"8,41 : 0.3624"
"41,8 : 0.3624"
"8,42 : 0.2147"
"42,8 : 0.2147"
"8,43 : 0.614"
"43,8 : 0.614"
"8,44 : 0.3962"
"44,8 : 0.3962"
"8,45 : 0.5391"
"45,8 : 0.5391"
"8,46 : 0.3106"
"46,8 : 0.3106"
"8,47 : 0.3956"
"47,8 : 0.3956"
"8,48 : 0.4669"
"48,8 : 0.4669"
"8,49 : 0.1746"
"49,8 : 0.1746"
"9,10 : 0.32"
"10,9 : 0.32"
"9,11 : 0.4817"
"11,9 : 0.4817"
"9,12 : 0.3298"
"12,9 : 0.3298"
"9,13 : 0.4134"
"13,9 : 0.4134"
"9,14 : 0.58"
"14,9 : 0.58"
"9,15 : 0.4492"
"15,9 : 0.4492"
"9,16 : 0.4808"
"16,9 : 0.4808"
"9,17 : 0.5315"
"17,9 : 0.5315"
"9,18 : 0.823"
"18,9 : 0.823"
"9,19 : 0.5"
"19,9 : 0.5"
"9,20 : 0.2983"
"20,9 : 0.2983"
"9,21 : 0.8101"
"21,9 : 0.8101"
"9,22 : 0.431"
"22,9 : 0.431"
"9,23 : 0.0906"
"23,9 : 0.0906"
"9,24 : 0.5441"
"24,9 : 0.5441"
"9,25 : 0.372"
"25,9 : 0.372"
"9,26 : 0.5708"
"26,9 : 0.5708"
"9,27 : 0.3734"
"27,9 : 0.3734"
"9,28 : 0.5573"
"28,9 : 0.5573"
"9,29 : 0.5501"
"29,9 : 0.5501"
"9,30 : 0.3669"
"30,9 : 0.3669"
"9,31 : 0.706"
"31,9 : 0.706"
"9,32 : 0.4653"
"32,9 : 0.4653"
"9,33 : 0.7991"
"33,9 : 0.7991"
"9,34 : 0.9055"
"34,9 : 0.9055"
"9,35 : 0.2617"
"35,9 : 0.2617"
"9,36 : 0.7018"
"36,9 : 0.7018"
"9,37 : 0.5263"
"37,9 : 0.5263"
"9,38 : 0.3945"
"38,9 : 0.3945"
"9,39 : 0.1676"
"39,9 : 0.1676"
"9,40 : 0.4742"
"40,9 : 0.4742"
"9,41 : 0.559"
"41,9 : 0.559"
"9,42 : 0.1803"
"42,9 : 0.1803"
"9,43 : 0.6237"
"43,9 : 0.6237"
"9,44 : 0.2285"
"44,9 : 0.2285"
"9,45 : 0.4876"
"45,9 : 0.4876"
"9,46 : 0.4215"
"46,9 : 0.4215"
"9,47 : 0.5533"
"47,9 : 0.5533"
"9,48 : 0.5993"
"48,9 : 0.5993"
"9,49 : 0.1204"
"49,9 : 0.1204"
"10,11 : 0.1649"
"11,10 : 0.1649"
"10,12 : 0.5122"
"12,10 : 0.5122"
"10,13 : 0.6435"
"13,10 : 0.6435"
"10,14 : 0.6624"
"14,10 : 0.6624"
"10,15 : 0.4701"
"15,10 : 0.4701"
"10,16 : 0.198"
"16,10 : 0.198"
"10,17 : 0.2138"
"17,10 : 0.2138"
"10,18 : 0.559"
"18,10 : 0.559"
"10,19 : 0.2126"
"19,10 : 0.2126"
"10,20 : 0.0762"
"20,10 : 0.0762"
"10,21 : 0.5515"
"21,10 : 0.5515"
"10,22 : 0.5544"
"22,10 : 0.5544"
"10,23 : 0.4101"
"23,10 : 0.4101"
"10,24 : 0.7077"
"24,10 : 0.7077"
"10,25 : 0.2209"
"25,10 : 0.2209"
"10,26 : 0.2518"
"26,10 : 0.2518"
"10,27 : 0.3982"
"27,10 : 0.3982"
"10,28 : 0.5962"
"28,10 : 0.5962"
"10,29 : 0.2302"
"29,10 : 0.2302"
"10,30 : 0.114"
"30,10 : 0.114"
"10,31 : 0.6923"
"31,10 : 0.6923"
"10,32 : 0.1565"
"32,10 : 0.1565"
"10,33 : 0.6133"
"33,10 : 0.6133"
"10,34 : 0.725"
"34,10 : 0.725"
"10,35 : 0.5349"
"35,10 : 0.5349"
"10,36 : 0.3833"
"36,10 : 0.3833"
"10,37 : 0.2302"
"37,10 : 0.2302"
"10,38 : 0.3606"
"38,10 : 0.3606"
"10,39 : 0.4826"
"39,10 : 0.4826"
"10,40 : 0.35"
"40,10 : 0.35"
"10,41 : 0.5049"
"41,10 : 0.5049"
"10,42 : 0.1404"
"42,10 : 0.1404"
"10,43 : 0.3178"
"43,10 : 0.3178"
"10,44 : 0.5376"
"44,10 : 0.5376"
"10,45 : 0.255"
"45,10 : 0.255"
"10,46 : 0.1746"
"46,10 : 0.1746"
"10,47 : 0.6685"
"47,10 : 0.6685"
"10,48 : 0.3406"
"48,10 : 0.3406"
"10,49 : 0.2002"
"49,10 : 0.2002"
"11,12 : 0.6657"
"12,11 : 0.6657"
"11,13 : 0.8013"
"13,11 : 0.8013"
"11,14 : 0.7841"
"14,11 : 0.7841"
"11,15 : 0.586"
"15,11 : 0.586"
"11,16 : 0.1811"
"16,11 : 0.1811"
"11,17 : 0.0943"
"17,11 : 0.0943"
"11,18 : 0.4888"
"18,11 : 0.4888"
"11,19 : 0.18"
"19,11 : 0.18"
"11,20 : 0.2195"
"20,11 : 0.2195"
"11,21 : 0.4876"
"21,11 : 0.4876"
"11,22 : 0.6935"
"22,11 : 0.6935"
"11,23 : 0.5722"
"23,11 : 0.5722"
"11,24 : 0.8504"
"24,11 : 0.8504"
"11,25 : 0.2546"
"25,11 : 0.2546"
"11,26 : 0.0906"
"26,11 : 0.0906"
"11,27 : 0.524"
"27,11 : 0.524"
"11,28 : 0.7072"
"28,11 : 0.7072"
"11,29 : 0.086"
"29,11 : 0.086"
"11,30 : 0.1985"
"30,11 : 0.1985"
"11,31 : 0.7762"
"31,11 : 0.7762"
"11,32 : 0.0361"
"32,11 : 0.0361"
"11,33 : 0.6067"
"33,11 : 0.6067"
"11,34 : 0.7139"
"34,11 : 0.7139"
"11,35 : 0.6768"
"35,11 : 0.6768"
"11,36 : 0.2377"
"36,11 : 0.2377"
"11,37 : 0.1726"
"37,11 : 0.1726"
"11,38 : 0.472"
"38,11 : 0.472"
"11,39 : 0.6401"
"39,11 : 0.6401"
"11,40 : 0.4215"
"40,11 : 0.4215"
"11,41 : 0.5869"
"41,11 : 0.5869"
"11,42 : 0.3015"
"42,11 : 0.3015"
"11,43 : 0.1581"
"43,11 : 0.1581"
"11,44 : 0.6918"
"44,11 : 0.6918"
"11,45 : 0.1965"
"45,11 : 0.1965"
"11,46 : 0.2193"
"46,11 : 0.2193"
"11,47 : 0.7998"
"47,11 : 0.7998"
"11,48 : 0.3059"
"48,11 : 0.3059"
"11,49 : 0.3635"
"49,11 : 0.3635"
"12,13 : 0.1432"
"13,12 : 0.1432"
"12,14 : 0.272"
"14,12 : 0.272"
"12,15 : 0.2371"
"15,12 : 0.2371"
"12,16 : 0.5692"
"16,12 : 0.5692"
"12,17 : 0.6712"
"17,12 : 0.6712"
"12,18 : 0.8122"
"18,12 : 0.8122"
"12,19 : 0.5882"
"19,12 : 0.5882"
"12,20 : 0.4465"
"20,12 : 0.4465"
"12,21 : 0.7931"
"21,12 : 0.7931"
"12,22 : 0.1208"
"22,12 : 0.1208"
"12,23 : 0.3102"
"23,12 : 0.3102"
"12,24 : 0.2154"
"24,12 : 0.2154"
"12,25 : 0.6603"
"25,12 : 0.6603"
"12,26 : 0.7382"
"26,12 : 0.7382"
"12,27 : 0.2121"
"27,12 : 0.2121"
"12,28 : 0.286"
"28,12 : 0.286"
"12,29 : 0.7021"
"29,12 : 0.7021"
"12,30 : 0.4785"
"30,12 : 0.4785"
"12,31 : 0.45"
"31,12 : 0.45"
"12,32 : 0.6661"
"32,12 : 0.6661"
"12,33 : 0.6929"
"33,12 : 0.6929"
"12,34 : 0.7782"
"34,12 : 0.7782"
"12,35 : 0.5197"
"35,12 : 0.5197"
"12,36 : 0.8254"
"36,12 : 0.8254"
"12,37 : 0.6198"
"37,12 : 0.6198"
"12,38 : 0.2807"
"38,12 : 0.2807"
"12,39 : 0.3785"
"39,12 : 0.3785"
"12,40 : 0.4011"
"40,12 : 0.4011"
"12,41 : 0.3759"
"41,12 : 0.3759"
"12,42 : 0.4201"
"42,12 : 0.4201"
"12,43 : 0.8238"
"43,12 : 0.8238"
"12,44 : 0.4301"
"44,12 : 0.4301"
"12,45 : 0.7501"
"45,12 : 0.7501"
"12,46 : 0.4965"
"46,12 : 0.4965"
"12,47 : 0.2309"
"47,12 : 0.2309"
"12,48 : 0.6229"
"48,12 : 0.6229"
"12,49 : 0.3689"
"49,12 : 0.3689"
"13,14 : 0.3183"
"14,13 : 0.3183"
"13,15 : 0.359"
"15,13 : 0.359"
"13,16 : 0.7117"
"16,13 : 0.7117"
"13,17 : 0.8115"
"17,13 : 0.8115"
"13,18 : 0.9505"
"18,13 : 0.9505"
"13,19 : 0.7308"
"19,13 : 0.7308"
"13,20 : 0.5818"
"20,13 : 0.5818"
"13,21 : 0.9309"
"21,13 : 0.9309"
"13,22 : 0.2062"
"22,13 : 0.2062"
"13,23 : 0.364"
"23,13 : 0.364"
"13,24 : 0.1803"
"24,13 : 0.1803"
"13,25 : 0.7716"
"25,13 : 0.7716"
"13,26 : 0.8766"
"26,13 : 0.8766"
"13,27 : 0.35"
"27,13 : 0.35"
"13,28 : 0.3689"
"28,13 : 0.3689"
"13,29 : 0.8417"
"29,13 : 0.8417"
"13,30 : 0.6185"
"30,13 : 0.6185"
"13,31 : 0.5263"
"31,13 : 0.5263"
"13,32 : 0.7992"
"32,13 : 0.7992"
"13,33 : 0.8174"
"33,13 : 0.8174"
"13,34 : 0.8954"
"34,13 : 0.8954"
"13,35 : 0.5415"
"35,13 : 0.5415"
"13,36 : 0.9677"
"36,13 : 0.9677"
"13,37 : 0.7624"
"37,13 : 0.7624"
"13,38 : 0.4201"
"38,13 : 0.4201"
"13,39 : 0.4045"
"39,13 : 0.4045"
"13,40 : 0.54"
"40,13 : 0.54"
"13,41 : 0.4934"
"41,13 : 0.4934"
"13,42 : 0.5381"
"42,13 : 0.5381"
"13,43 : 0.9588"
"43,13 : 0.9588"
"13,44 : 0.4401"
"44,13 : 0.4401"
"13,45 : 0.8711"
"45,13 : 0.8711"
"13,46 : 0.6389"
"46,13 : 0.6389"
"13,47 : 0.2561"
"47,13 : 0.2561"
"13,48 : 0.7653"
"48,13 : 0.7653"
"13,49 : 0.4808"
"49,13 : 0.4808"
"14,15 : 0.1985"
"15,14 : 0.1985"
"14,16 : 0.6366"
"16,14 : 0.6366"
"14,17 : 0.7566"
"17,14 : 0.7566"
"14,18 : 0.7569"
"18,14 : 0.7569"
"14,19 : 0.6512"
"19,14 : 0.6512"
"14,20 : 0.5867"
"20,14 : 0.5867"
"14,21 : 0.735"
"21,14 : 0.735"
"14,22 : 0.153"
"22,14 : 0.153"
"14,23 : 0.5771"
"23,14 : 0.5771"
"14,24 : 0.1709"
"24,14 : 0.1709"
"14,25 : 0.8544"
"25,14 : 0.8544"
"14,26 : 0.8349"
"26,14 : 0.8349"
"14,27 : 0.2642"
"27,14 : 0.2642"
"14,28 : 0.0949"
"28,14 : 0.0949"
"14,29 : 0.7921"
"29,14 : 0.7921"
"14,30 : 0.586"
"30,14 : 0.586"
"14,31 : 0.2147"
"31,14 : 0.2147"
"14,32 : 0.7963"
"32,14 : 0.7963"
"14,33 : 0.5704"
"33,14 : 0.5704"
"14,34 : 0.6251"
"34,14 : 0.6251"
"14,35 : 0.7908"
"35,14 : 0.7908"
"14,36 : 0.878"
"36,14 : 0.878"
"14,37 : 0.6801"
"37,14 : 0.6801"
"14,38 : 0.3124"
"38,14 : 0.3124"
"14,39 : 0.65"
"39,14 : 0.65"
"14,40 : 0.3941"
"40,14 : 0.3941"
"14,41 : 0.2625"
"41,14 : 0.2625"
"14,42 : 0.6168"
"42,14 : 0.6168"
"14,43 : 0.9361"
"43,14 : 0.9361"
"14,44 : 0.7021"
"44,14 : 0.7021"
"14,45 : 0.9171"
"45,14 : 0.9171"
"14,46 : 0.5731"
"46,14 : 0.5731"
"14,47 : 0.0671"
"47,14 : 0.0671"
"14,48 : 0.6277"
"48,14 : 0.6277"
"14,49 : 0.5825"
"49,14 : 0.5825"
"15,16 : 0.4393"
"16,15 : 0.4393"
"15,17 : 0.5587"
"17,15 : 0.5587"
"15,18 : 0.6021"
"18,15 : 0.6021"
"15,19 : 0.4545"
"19,15 : 0.4545"
"15,20 : 0.394"
"20,15 : 0.394"
"15,21 : 0.5814"
"21,15 : 0.5814"
"15,22 : 0.16"
"22,15 : 0.16"
"15,23 : 0.4741"
"23,15 : 0.4741"
"15,24 : 0.3036"
"24,15 : 0.3036"
"15,25 : 0.6719"
"25,15 : 0.6719"
"15,26 : 0.6366"
"26,15 : 0.6366"
"15,27 : 0.08"
"27,15 : 0.08"
"15,28 : 0.1265"
"28,15 : 0.1265"
"15,29 : 0.594"
"29,15 : 0.594"
"15,30 : 0.3883"
"30,15 : 0.3883"
"15,31 : 0.2571"
"31,15 : 0.2571"
"15,32 : 0.5991"
"32,15 : 0.5991"
"15,33 : 0.4588"
"33,15 : 0.4588"
"15,34 : 0.5413"
"34,15 : 0.5413"
"15,35 : 0.6932"
"35,15 : 0.6932"
"15,36 : 0.6851"
"36,15 : 0.6851"
"15,37 : 0.4841"
"37,15 : 0.4841"
"15,38 : 0.114"
"38,15 : 0.114"
"15,39 : 0.5608"
"39,15 : 0.5608"
"15,40 : 0.2062"
"40,15 : 0.2062"
"15,41 : 0.1389"
"41,15 : 0.1389"
"15,42 : 0.4428"
"42,15 : 0.4428"
"15,43 : 0.7376"
"43,15 : 0.7376"
"15,44 : 0.6213"
"44,15 : 0.6213"
"15,45 : 0.725"
"45,15 : 0.725"
"15,46 : 0.3748"
"46,15 : 0.3748"
"15,47 : 0.2247"
"47,15 : 0.2247"
"15,48 : 0.4438"
"48,15 : 0.4438"
"15,49 : 0.4201"
"49,15 : 0.4201"
"16,17 : 0.1221"
"17,16 : 0.1221"
"16,18 : 0.3612"
"18,16 : 0.3612"
"16,19 : 0.02"
"19,16 : 0.02"
"16,20 : 0.1838"
"20,16 : 0.1838"
"16,21 : 0.3536"
"21,16 : 0.3536"
"16,22 : 0.5694"
"22,16 : 0.5694"
"16,23 : 0.5652"
"23,16 : 0.5652"
"16,24 : 0.7272"
"24,16 : 0.7272"
"16,25 : 0.394"
"25,16 : 0.394"
"16,26 : 0.2025"
"26,16 : 0.2025"
"16,27 : 0.3912"
"27,16 : 0.3912"
"16,28 : 0.5523"
"28,16 : 0.5523"
"16,29 : 0.1581"
"29,16 : 0.1581"
"16,30 : 0.114"
"30,16 : 0.114"
"16,31 : 0.6037"
"31,16 : 0.6037"
"16,32 : 0.21"
"32,16 : 0.21"
"16,33 : 0.4342"
"33,16 : 0.4342"
"16,34 : 0.5441"
"34,16 : 0.5441"
"16,35 : 0.7201"
"35,16 : 0.7201"
"16,36 : 0.2563"
"36,16 : 0.2563"
"16,37 : 0.051"
"37,16 : 0.051"
"16,38 : 0.328"
"38,16 : 0.328"
"16,39 : 0.6485"
"39,16 : 0.6485"
"16,40 : 0.2524"
"40,16 : 0.2524"
"16,41 : 0.4168"
"41,16 : 0.4168"
"16,42 : 0.3176"
"42,16 : 0.3176"
"16,43 : 0.3089"
"43,16 : 0.3089"
"16,44 : 0.7084"
"44,16 : 0.7084"
"16,45 : 0.3712"
"45,16 : 0.3712"
"16,46 : 0.0728"
"46,16 : 0.0728"
"16,47 : 0.6622"
"47,16 : 0.6622"
"16,48 : 0.1442"
"48,16 : 0.1442"
"16,49 : 0.364"
"49,16 : 0.364"
"17,18 : 0.3945"
"18,17 : 0.3945"
"17,19 : 0.1118"
"19,17 : 0.1118"
"17,20 : 0.2419"
"20,17 : 0.2419"
"17,21 : 0.3936"
"21,17 : 0.3936"
"17,22 : 0.6824"
"22,17 : 0.6824"
"17,23 : 0.6207"
"23,17 : 0.6207"
"17,24 : 0.8405"
"24,17 : 0.8405"
"17,25 : 0.3471"
"25,17 : 0.3471"
"17,26 : 0.0806"
"26,17 : 0.0806"
"17,27 : 0.5061"
"27,17 : 0.5061"
"17,28 : 0.6736"
"28,17 : 0.6736"
"17,29 : 0.0361"
"29,17 : 0.0361"
"17,30 : 0.1931"
"30,17 : 0.1931"
"17,31 : 0.7247"
"31,17 : 0.7247"
"17,32 : 0.1304"
"32,17 : 0.1304"
"17,33 : 0.5215"
"33,17 : 0.5215"
"17,34 : 0.6265"
"34,17 : 0.6265"
"17,35 : 0.7463"
"35,17 : 0.7463"
"17,36 : 0.1703"
"36,17 : 0.1703"
"17,37 : 0.0922"
"37,17 : 0.0922"
"17,38 : 0.446"
"38,17 : 0.446"
"17,39 : 0.6958"
"39,17 : 0.6958"
"17,40 : 0.3744"
"40,17 : 0.3744"
"17,41 : 0.5385"
"41,17 : 0.5385"
"17,42 : 0.3536"
"42,17 : 0.3536"
"17,43 : 0.1879"
"43,17 : 0.1879"
"17,44 : 0.7513"
"44,17 : 0.7513"
"17,45 : 0.2879"
"45,17 : 0.2879"
"17,46 : 0.1844"
"46,17 : 0.1844"
"17,47 : 0.7799"
"47,17 : 0.7799"
"17,48 : 0.2202"
"48,17 : 0.2202"
"17,49 : 0.4111"
"49,17 : 0.4111"
"18,19 : 0.3466"
"19,18 : 0.3466"
"18,20 : 0.5382"
"20,18 : 0.5382"
"18,21 : 0.0224"
"21,18 : 0.0224"
"18,22 : 0.7616"
"22,18 : 0.7616"
"18,23 : 0.8996"
"23,18 : 0.8996"
"18,24 : 0.9009"
"24,18 : 0.9009"
"18,25 : 0.7382"
"25,18 : 0.7382"
"18,26 : 0.4401"
"26,18 : 0.4401"
"18,27 : 0.6007"
"27,18 : 0.6007"
"18,28 : 0.6622"
"28,18 : 0.6622"
"18,29 : 0.4115"
"29,18 : 0.4115"
"18,30 : 0.4662"
"30,18 : 0.4662"
"18,31 : 0.6177"
"31,18 : 0.6177"
"18,32 : 0.5248"
"32,18 : 0.5248"
"18,33 : 0.2408"
"33,18 : 0.2408"
"18,34 : 0.3008"
"34,18 : 0.3008"
"18,35 : 1.0738"
"35,18 : 1.0738"
"18,36 : 0.3314"
"36,18 : 0.3314"
"18,37 : 0.333"
"37,18 : 0.333"
"18,38 : 0.5315"
"38,18 : 0.5315"
"18,39 : 0.9884"
"39,18 : 0.9884"
"18,40 : 0.4111"
"40,18 : 0.4111"
"18,41 : 0.4948"
"41,18 : 0.4948"
"18,42 : 0.6742"
"42,18 : 0.6742"
"18,43 : 0.5239"
"43,18 : 0.5239"
"18,44 : 1.051"
"44,18 : 1.051"
"18,45 : 0.6798"
"45,18 : 0.6798"
"18,46 : 0.405"
"46,18 : 0.405"
"18,47 : 0.8081"
"47,18 : 0.8081"
"18,48 : 0.2247"
"48,18 : 0.2247"
"18,49 : 0.7134"
"49,18 : 0.7134"
"19,20 : 0.2025"
"20,19 : 0.2025"
"19,21 : 0.3397"
"21,19 : 0.3397"
"19,22 : 0.5867"
"22,19 : 0.5867"
"19,23 : 0.5846"
"23,19 : 0.5846"
"19,24 : 0.7443"
"24,19 : 0.7443"
"19,25 : 0.4025"
"25,19 : 0.4025"
"19,26 : 0.1924"
"26,19 : 0.1924"
"19,27 : 0.4082"
"27,19 : 0.4082"
"19,28 : 0.5659"
"28,19 : 0.5659"
"19,29 : 0.1476"
"29,19 : 0.1476"
"19,30 : 0.1334"
"30,19 : 0.1334"
"19,31 : 0.6129"
"31,19 : 0.6129"
"19,32 : 0.211"
"32,19 : 0.211"
"19,33 : 0.4295"
"33,19 : 0.4295"
"19,34 : 0.5385"
"34,19 : 0.5385"
"19,35 : 0.7379"
"35,19 : 0.7379"
"19,36 : 0.2377"
"36,19 : 0.2377"
"19,37 : 0.0316"
"37,19 : 0.0316"
"19,38 : 0.3441"
"38,19 : 0.3441"
"19,39 : 0.6676"
"39,19 : 0.6676"
"19,40 : 0.264"
"40,19 : 0.264"
"19,41 : 0.4272"
"41,19 : 0.4272"
"19,42 : 0.3354"
"42,19 : 0.3354"
"19,43 : 0.2997"
"43,19 : 0.2997"
"19,44 : 0.7273"
"44,19 : 0.7273"
"19,45 : 0.3734"
"45,19 : 0.3734"
"19,46 : 0.0922"
"46,19 : 0.0922"
"19,47 : 0.678"
"47,19 : 0.678"
"19,48 : 0.1342"
"48,19 : 0.1342"
"19,49 : 0.3828"
"49,19 : 0.3828"
"20,21 : 0.528"
"21,20 : 0.528"
"20,22 : 0.4817"
"22,20 : 0.4817"
"20,23 : 0.3847"
"23,20 : 0.3847"
"20,24 : 0.6364"
"24,20 : 0.6364"
"20,25 : 0.2902"
"25,20 : 0.2902"
"20,26 : 0.2973"
"26,20 : 0.2973"
"20,27 : 0.3225"
"27,20 : 0.3225"
"20,28 : 0.52"
"28,20 : 0.52"
"20,29 : 0.2668"
"29,20 : 0.2668"
"20,30 : 0.0721"
"30,20 : 0.0721"
"20,31 : 0.6181"
"31,20 : 0.6181"
"20,32 : 0.2202"
"32,20 : 0.2202"
"20,33 : 0.5644"
"33,20 : 0.5644"
"20,34 : 0.676"
"34,20 : 0.676"
"20,35 : 0.5371"
"35,20 : 0.5371"
"20,36 : 0.4105"
"36,20 : 0.4105"
"20,37 : 0.228"
"37,20 : 0.228"
"20,38 : 0.2846"
"38,20 : 0.2846"
"20,39 : 0.4657"
"39,20 : 0.4657"
"20,40 : 0.2816"
"40,20 : 0.2816"
"20,41 : 0.4319"
"41,20 : 0.4319"
"20,42 : 0.136"
"42,20 : 0.136"
"20,43 : 0.3774"
"43,20 : 0.3774"
"20,44 : 0.525"
"44,20 : 0.525"
"20,45 : 0.3311"
"45,20 : 0.3311"
"20,46 : 0.1345"
"46,20 : 0.1345"
"20,47 : 0.5941"
"47,20 : 0.5941"
"20,48 : 0.314"
"48,20 : 0.314"
"20,49 : 0.1803"
"49,20 : 0.1803"
"21,22 : 0.7411"
"22,21 : 0.7411"
"21,23 : 0.8857"
"23,21 : 0.8857"
"21,24 : 0.8797"
"24,21 : 0.8797"
"21,25 : 0.735"
"25,21 : 0.735"
"21,26 : 0.4427"
"26,21 : 0.4427"
"21,27 : 0.5814"
"27,21 : 0.5814"
"21,28 : 0.6403"
"28,21 : 0.6403"
"21,29 : 0.4123"
"29,21 : 0.4123"
"21,30 : 0.4561"
"30,21 : 0.4561"
"21,31 : 0.5954"
"31,21 : 0.5954"
"21,32 : 0.5235"
"32,21 : 0.5235"
"21,33 : 0.2202"
"33,21 : 0.2202"
"21,34 : 0.2846"
"34,21 : 0.2846"
"21,35 : 1.0623"
"35,21 : 1.0623"
"21,36 : 0.3401"
"36,21 : 0.3401"
"21,37 : 0.328"
"37,21 : 0.328"
"21,38 : 0.5124"
"38,21 : 0.5124"
"21,39 : 0.9749"
"39,21 : 0.9749"
"21,40 : 0.392"
"40,21 : 0.392"
"21,41 : 0.473"
"41,21 : 0.473"
"21,42 : 0.664"
"42,21 : 0.664"
"21,43 : 0.5295"
"43,21 : 0.5295"
"21,44 : 1.0377"
"44,21 : 1.0377"
"21,45 : 0.6803"
"45,21 : 0.6803"
"21,46 : 0.3941"
"46,21 : 0.3941"
"21,47 : 0.7864"
"47,21 : 0.7864"
"21,48 : 0.214"
"48,21 : 0.214"
"21,49 : 0.7018"
"49,21 : 0.7018"
"22,23 : 0.4243"
"23,22 : 0.4243"
"22,24 : 0.1581"
"24,22 : 0.1581"
"22,25 : 0.729"
"25,22 : 0.729"
"22,26 : 0.756"
"26,22 : 0.756"
"22,27 : 0.1789"
"27,22 : 0.1789"
"22,28 : 0.1697"
"28,22 : 0.1697"
"22,29 : 0.7161"
"29,22 : 0.7161"
"22,30 : 0.4968"
"30,22 : 0.4968"
"22,31 : 0.333"
"31,22 : 0.333"
"22,32 : 0.7001"
"32,22 : 0.7001"
"22,33 : 0.6139"
"33,22 : 0.6139"
"22,34 : 0.6895"
"34,22 : 0.6895"
"22,35 : 0.6379"
"35,22 : 0.6379"
"22,36 : 0.823"
"36,22 : 0.823"
"22,37 : 0.6177"
"37,22 : 0.6177"
"22,38 : 0.247"
"38,22 : 0.247"
"22,39 : 0.4973"
"39,22 : 0.4973"
"22,40 : 0.359"
"40,22 : 0.359"
"22,41 : 0.2886"
"41,22 : 0.2886"
"22,42 : 0.4875"
"42,22 : 0.4875"
"22,43 : 0.8504"
"43,22 : 0.8504"
"22,44 : 0.5503"
"44,22 : 0.5503"
"22,45 : 0.8045"
"45,22 : 0.8045"
"22,46 : 0.4993"
"46,22 : 0.4993"
"22,47 : 0.1237"
"47,22 : 0.1237"
"22,48 : 0.5948"
"48,22 : 0.5948"
"22,49 : 0.446"
"49,22 : 0.446"
"23,24 : 0.5148"
"24,23 : 0.5148"
"23,25 : 0.4528"
"25,23 : 0.4528"
"23,26 : 0.6612"
"26,23 : 0.6612"
"23,27 : 0.405"
"27,23 : 0.405"
"23,28 : 0.5692"
"28,23 : 0.5692"
"23,29 : 0.64"
"29,23 : 0.64"
"23,30 : 0.4512"
"30,23 : 0.4512"
"23,31 : 0.7262"
"31,23 : 0.7262"
"23,32 : 0.5558"
"32,23 : 0.5558"
"23,33 : 0.8591"
"33,23 : 0.8591"
"23,34 : 0.9626"
"34,23 : 0.9626"
"23,35 : 0.2193"
"35,23 : 0.2193"
"23,36 : 0.791"
"36,23 : 0.791"
"23,37 : 0.6119"
"37,23 : 0.6119"
"23,38 : 0.4393"
"38,23 : 0.4393"
"23,39 : 0.0922"
"39,23 : 0.0922"
"23,40 : 0.5326"
"40,23 : 0.5326"
"23,41 : 0.5964"
"41,23 : 0.5964"
"23,42 : 0.2707"
"42,23 : 0.2707"
"23,43 : 0.7139"
"43,23 : 0.7139"
"23,44 : 0.1562"
"44,23 : 0.1562"
"23,45 : 0.5727"
"45,23 : 0.5727"
"23,46 : 0.5029"
"46,23 : 0.5029"
"23,47 : 0.5408"
"47,23 : 0.5408"
"23,48 : 0.6778"
"48,23 : 0.6778"
"23,49 : 0.21"
"49,23 : 0.21"
"24,25 : 0.8713"
"25,24 : 0.8713"
"24,26 : 0.914"
"26,24 : 0.914"
"24,27 : 0.3362"
"27,24 : 0.3362"
"24,28 : 0.2518"
"28,24 : 0.2518"
"24,29 : 0.8742"
"29,24 : 0.8742"
"24,30 : 0.6544"
"30,24 : 0.6544"
"24,31 : 0.3848"
"31,24 : 0.3848"
"24,32 : 0.8559"
"32,24 : 0.8559"
"24,33 : 0.7311"
"33,24 : 0.7311"
"24,34 : 0.7925"
"34,24 : 0.7925"
"24,35 : 0.7103"
"35,24 : 0.7103"
"24,36 : 0.9801"
"36,24 : 0.9801"
"24,37 : 0.7752"
"37,24 : 0.7752"
"24,38 : 0.4025"
"38,24 : 0.4025"
"24,39 : 0.57"
"39,24 : 0.57"
"24,40 : 0.5092"
"40,24 : 0.5092"
"24,41 : 0.4105"
"41,24 : 0.4105"
"24,42 : 0.6297"
"42,24 : 0.6297"
"24,43 : 1.0077"
"43,24 : 1.0077"
"24,44 : 0.612"
"44,24 : 0.612"
"24,45 : 0.9543"
"45,24 : 0.9543"
"24,46 : 0.6573"
"46,24 : 0.6573"
"24,47 : 0.1044"
"47,24 : 0.1044"
"24,48 : 0.7467"
"48,24 : 0.7467"
"24,49 : 0.5818"
"49,24 : 0.5818"
"25,26 : 0.3302"
"26,25 : 0.3302"
"25,27 : 0.5948"
"27,25 : 0.5948"
"25,28 : 0.7981"
"28,25 : 0.7981"
"25,29 : 0.3397"
"29,25 : 0.3397"
"25,30 : 0.3338"
"30,25 : 0.3338"
"25,31 : 0.9067"
"31,25 : 0.9067"
"25,32 : 0.2193"
"32,25 : 0.2193"
"25,33 : 0.8254"
"33,25 : 0.8254"
"25,34 : 0.9364"
"34,25 : 0.9364"
"25,35 : 0.4809"
"35,25 : 0.4809"
"25,36 : 0.4826"
"36,25 : 0.4826"
"25,37 : 0.4082"
"37,25 : 0.4082"
"25,38 : 0.5689"
"38,25 : 0.5689"
"25,39 : 0.4904"
"39,25 : 0.4904"
"25,40 : 0.5704"
"40,25 : 0.5704"
"25,41 : 0.7217"
"41,25 : 0.7217"
"25,42 : 0.2419"
"42,25 : 0.2419"
"25,43 : 0.3228"
"43,25 : 0.3228"
"25,44 : 0.5263"
"44,25 : 0.5263"
"25,45 : 0.1304"
"45,25 : 0.1304"
"25,46 : 0.3905"
"46,25 : 0.3905"
"25,47 : 0.85"
"47,25 : 0.85"
"25,48 : 0.5367"
"48,25 : 0.5367"
"25,49 : 0.2921"
"49,25 : 0.2921"
"26,27 : 0.5814"
"27,26 : 0.5814"
"26,28 : 0.7529"
"28,26 : 0.7529"
"26,29 : 0.0447"
"29,26 : 0.0447"
"26,30 : 0.2608"
"30,26 : 0.2608"
"26,31 : 0.8053"
"31,26 : 0.8053"
"26,32 : 0.117"
"32,26 : 0.117"
"26,33 : 0.59"
"33,26 : 0.59"
"26,34 : 0.6918"
"34,26 : 0.6918"
"26,35 : 0.7669"
"35,26 : 0.7669"
"26,36 : 0.1526"
"36,26 : 0.1526"
"26,37 : 0.1709"
"37,26 : 0.1709"
"26,38 : 0.5233"
"38,26 : 0.5233"
"26,39 : 0.7303"
"39,26 : 0.7303"
"26,40 : 0.4549"
"40,26 : 0.4549"
"26,41 : 0.6191"
"41,26 : 0.6191"
"26,42 : 0.3905"
"42,26 : 0.3905"
"26,43 : 0.1077"
"43,26 : 0.1077"
"26,44 : 0.7823"
"44,26 : 0.7823"
"26,45 : 0.2441"
"45,26 : 0.2441"
"26,46 : 0.2617"
"46,26 : 0.2617"
"26,47 : 0.8563"
"47,26 : 0.8563"
"26,48 : 0.2915"
"48,26 : 0.2915"
"26,49 : 0.4518"
"49,26 : 0.4518"
"27,28 : 0.204"
"28,27 : 0.204"
"27,29 : 0.5404"
"29,27 : 0.5404"
"27,30 : 0.3256"
"30,27 : 0.3256"
"27,31 : 0.3354"
"31,27 : 0.3354"
"27,32 : 0.5341"
"32,27 : 0.5341"
"27,33 : 0.4875"
"33,27 : 0.4875"
"27,34 : 0.5798"
"34,27 : 0.5798"
"27,35 : 0.6227"
"35,27 : 0.6227"
"27,36 : 0.6441"
"36,27 : 0.6441"
"27,37 : 0.4391"
"37,27 : 0.4391"
"27,38 : 0.0707"
"38,27 : 0.0707"
"27,39 : 0.4941"
"39,27 : 0.4941"
"27,40 : 0.19"
"40,27 : 0.19"
"27,41 : 0.1921"
"41,27 : 0.1921"
"27,42 : 0.3635"
"42,27 : 0.3635"
"27,43 : 0.6788"
"43,27 : 0.6788"
"27,44 : 0.5561"
"44,27 : 0.5561"
"27,45 : 0.653"
"45,27 : 0.653"
"27,46 : 0.322"
"46,27 : 0.322"
"27,47 : 0.2759"
"47,27 : 0.2759"
"27,48 : 0.4198"
"48,27 : 0.4198"
"27,49 : 0.3401"
"49,27 : 0.3401"
"28,29 : 0.7094"
"29,28 : 0.7094"
"28,30 : 0.5111"
"30,28 : 0.5111"
"28,31 : 0.164"
"31,28 : 0.164"
"28,32 : 0.722"
"32,28 : 0.722"
"28,33 : 0.4801"
"33,28 : 0.4801"
"28,34 : 0.5413"
"34,28 : 0.5413"
"28,35 : 0.7877"
"35,28 : 0.7877"
"28,36 : 0.7887"
"36,28 : 0.7887"
"28,37 : 0.594"
"37,28 : 0.594"
"28,38 : 0.2371"
"38,28 : 0.2371"
"28,39 : 0.65"
"39,28 : 0.65"
"28,40 : 0.3048"
"40,28 : 0.3048"
"28,41 : 0.1676"
"41,28 : 0.1676"
"28,42 : 0.5672"
"42,28 : 0.5672"
"28,43 : 0.856"
"43,28 : 0.856"
"28,44 : 0.7068"
"44,28 : 0.7068"
"28,45 : 0.8509"
"45,28 : 0.8509"
"28,46 : 0.492"
"46,28 : 0.492"
"28,47 : 0.15"
"47,28 : 0.15"
"28,48 : 0.5354"
"48,28 : 0.5354"
"28,49 : 0.5408"
"49,28 : 0.5408"
"29,30 : 0.2236"
"30,29 : 0.2236"
"29,31 : 0.7606"
"31,29 : 0.7606"
"29,32 : 0.1204"
"32,29 : 0.1204"
"29,33 : 0.5504"
"33,29 : 0.5504"
"29,34 : 0.6538"
"34,29 : 0.6538"
"29,35 : 0.7569"
"35,29 : 0.7569"
"29,36 : 0.1552"
"36,29 : 0.1552"
"29,37 : 0.1265"
"37,29 : 0.1265"
"29,38 : 0.481"
"38,29 : 0.481"
"29,39 : 0.7125"
"39,29 : 0.7125"
"29,40 : 0.4105"
"40,29 : 0.4105"
"29,41 : 0.5745"
"41,29 : 0.5745"
"29,42 : 0.3705"
"42,29 : 0.3705"
"29,43 : 0.1523"
"43,29 : 0.1523"
"29,44 : 0.7666"
"44,29 : 0.7666"
"29,45 : 0.2683"
"45,29 : 0.2683"
"29,46 : 0.2193"
"46,29 : 0.2193"
"29,47 : 0.8147"
"47,29 : 0.8147"
"29,48 : 0.2502"
"48,29 : 0.2502"
"29,49 : 0.43"
"49,29 : 0.43"
"30,31 : 0.592"
"31,30 : 0.592"
"30,32 : 0.211"
"32,30 : 0.211"
"30,33 : 0.5009"
"33,30 : 0.5009"
"30,34 : 0.6127"
"34,30 : 0.6127"
"30,35 : 0.609"
"35,30 : 0.609"
"30,36 : 0.3551"
"36,30 : 0.3551"
"30,37 : 0.1612"
"37,30 : 0.1612"
"30,38 : 0.2746"
"38,30 : 0.2746"
"30,39 : 0.5345"
"39,30 : 0.5345"
"30,40 : 0.2419"
"40,30 : 0.2419"
"30,41 : 0.4026"
"41,30 : 0.4026"
"30,42 : 0.2081"
"42,30 : 0.2081"
"30,43 : 0.3538"
"43,30 : 0.3538"
"30,44 : 0.5946"
"44,30 : 0.5946"
"30,45 : 0.3493"
"45,30 : 0.3493"
"30,46 : 0.064"
"46,30 : 0.064"
"30,47 : 0.6014"
"47,30 : 0.6014"
"30,48 : 0.2421"
"48,30 : 0.2421"
"30,49 : 0.2508"
"49,30 : 0.2508"
"31,32 : 0.7971"
"32,31 : 0.7971"
"31,33 : 0.3985"
"33,31 : 0.3985"
"31,34 : 0.4305"
"34,31 : 0.4305"
"31,35 : 0.9454"
"35,31 : 0.9454"
"31,36 : 0.8106"
"36,31 : 0.8106"
"31,37 : 0.6363"
"37,31 : 0.6363"
"31,38 : 0.3401"
"38,31 : 0.3401"
"31,39 : 0.8096"
"39,31 : 0.8096"
"31,40 : 0.3547"
"40,31 : 0.3547"
"31,41 : 0.1897"
"41,31 : 0.1897"
"31,42 : 0.6901"
"42,31 : 0.6901"
"31,43 : 0.9124"
"43,31 : 0.9124"
"31,44 : 0.8677"
"44,31 : 0.8677"
"31,45 : 0.9411"
"45,31 : 0.9411"
"31,46 : 0.5571"
"46,31 : 0.5571"
"31,47 : 0.2818"
"47,31 : 0.2818"
"31,48 : 0.5467"
"48,31 : 0.5467"
"31,49 : 0.6736"
"49,31 : 0.6736"
"32,33 : 0.6395"
"33,32 : 0.6395"
"32,34 : 0.7473"
"34,32 : 0.7473"
"32,35 : 0.6512"
"35,32 : 0.6512"
"32,36 : 0.2683"
"36,32 : 0.2683"
"32,37 : 0.2062"
"37,32 : 0.2062"
"32,38 : 0.4855"
"38,32 : 0.4855"
"32,39 : 0.6203"
"39,32 : 0.6203"
"32,40 : 0.4427"
"40,32 : 0.4427"
"32,41 : 0.6075"
"41,32 : 0.6075"
"32,42 : 0.2864"
"42,32 : 0.2864"
"32,43 : 0.1616"
"43,32 : 0.1616"
"32,44 : 0.6703"
"44,32 : 0.6703"
"32,45 : 0.1628"
"45,32 : 0.1628"
"32,46 : 0.2404"
"46,32 : 0.2404"
"32,47 : 0.8092"
"47,32 : 0.8092"
"32,48 : 0.3396"
"48,32 : 0.3396"
"32,49 : 0.3493"
"49,32 : 0.3493"
"33,34 : 0.1118"
"34,33 : 0.1118"
"33,35 : 1.0607"
"35,33 : 1.0607"
"33,36 : 0.5263"
"36,33 : 0.5263"
"33,37 : 0.4342"
"37,33 : 0.4342"
"33,38 : 0.4305"
"38,33 : 0.4305"
"33,39 : 0.9513"
"39,33 : 0.9513"
"33,40 : 0.3265"
"40,33 : 0.3265"
"33,41 : 0.3256"
"41,33 : 0.3256"
"33,42 : 0.6907"
"42,33 : 0.6907"
"33,43 : 0.6912"
"43,33 : 0.6912"
"33,44 : 1.0153"
"44,33 : 1.0153"
"33,45 : 0.8023"
"45,33 : 0.8023"
"33,46 : 0.4386"
"46,33 : 0.4386"
"33,47 : 0.6301"
"47,33 : 0.6301"
"33,48 : 0.3015"
"48,33 : 0.3015"
"33,49 : 0.7106"
"49,33 : 0.7106"
"34,35 : 1.1673"
"35,34 : 1.1673"
"34,36 : 0.6152"
"36,34 : 0.6152"
"34,37 : 0.5413"
"37,34 : 0.5413"
"34,38 : 0.528"
"38,34 : 0.528"
"34,39 : 1.0548"
"39,34 : 1.0548"
"34,40 : 0.4314"
"40,34 : 0.4314"
"34,41 : 0.4031"
"41,34 : 0.4031"
"34,42 : 0.8016"
"42,34 : 0.8016"
"34,43 : 0.7901"
"43,34 : 0.7901"
"34,44 : 1.1187"
"44,34 : 1.1187"
"34,45 : 0.9101"
"45,34 : 0.9101"
"34,46 : 0.5504"
"46,34 : 0.5504"
"34,47 : 0.6888"
"47,34 : 0.6888"
"34,48 : 0.4079"
"48,34 : 0.4079"
"34,49 : 0.8201"
"49,34 : 0.8201"
"35,36 : 0.9121"
"36,35 : 0.9121"
"35,37 : 0.7606"
"37,35 : 0.7606"
"35,38 : 0.6522"
"38,35 : 0.6522"
"35,39 : 0.1414"
"39,35 : 0.1414"
"35,40 : 0.7359"
"40,35 : 0.7359"
"35,41 : 0.813"
"41,35 : 0.813"
"35,42 : 0.4025"
"42,35 : 0.4025"
"35,43 : 0.7923"
"43,35 : 0.7923"
"35,44 : 0.1044"
"44,35 : 0.1044"
"35,45 : 0.6113"
"45,35 : 0.6113"
"35,46 : 0.6689"
"46,35 : 0.6689"
"35,47 : 0.7497"
"47,35 : 0.7497"
"35,48 : 0.8491"
"48,35 : 0.8491"
"35,49 : 0.3606"
"49,35 : 0.3606"
"36,37 : 0.2062"
"37,36 : 0.2062"
"36,38 : 0.578"
"38,36 : 0.578"
"36,39 : 0.8658"
"39,36 : 0.8658"
"36,40 : 0.4841"
"40,36 : 0.4841"
"36,41 : 0.6364"
"41,36 : 0.6364"
"36,42 : 0.5235"
"42,36 : 0.5235"
"36,43 : 0.2012"
"43,36 : 0.2012"
"36,44 : 0.9207"
"44,36 : 0.9207"
"36,45 : 0.389"
"45,36 : 0.389"
"36,46 : 0.3289"
"46,36 : 0.3289"
"36,47 : 0.9097"
"47,36 : 0.9097"
"36,48 : 0.264"
"48,36 : 0.264"
"36,49 : 0.5814"
"49,36 : 0.5814"
"37,38 : 0.3744"
"38,37 : 0.3744"
"37,39 : 0.6938"
"39,37 : 0.6938"
"37,40 : 0.2907"
"40,37 : 0.2907"
"37,41 : 0.4522"
"41,37 : 0.4522"
"37,42 : 0.3585"
"42,37 : 0.3585"
"37,43 : 0.2786"
"43,37 : 0.2786"
"37,44 : 0.7529"
"44,37 : 0.7529"
"37,45 : 0.3688"
"45,37 : 0.3688"
"37,46 : 0.1237"
"46,37 : 0.1237"
"37,47 : 0.708"
"47,37 : 0.708"
"37,48 : 0.1334"
"48,37 : 0.1334"
"37,49 : 0.408"
"49,37 : 0.408"
"38,39 : 0.5308"
"39,38 : 0.5308"
"38,40 : 0.1204"
"40,38 : 0.1204"
"38,41 : 0.1676"
"41,38 : 0.1676"
"38,42 : 0.3506"
"42,38 : 0.3506"
"38,43 : 0.6237"
"43,38 : 0.6237"
"38,44 : 0.5941"
"44,38 : 0.5941"
"38,45 : 0.6147"
"45,38 : 0.6147"
"38,46 : 0.2617"
"46,38 : 0.2617"
"38,47 : 0.3342"
"47,38 : 0.3342"
"38,48 : 0.3493"
"48,38 : 0.3493"
"38,49 : 0.3396"
"49,38 : 0.3396"
"39,40 : 0.6248"
"40,39 : 0.6248"
"39,41 : 0.686"
"41,39 : 0.686"
"39,42 : 0.3423"
"42,39 : 0.3423"
"39,43 : 0.7741"
"43,39 : 0.7741"
"39,44 : 0.064"
"44,39 : 0.064"
"39,45 : 0.6168"
"45,39 : 0.6168"
"39,46 : 0.5887"
"46,39 : 0.5887"
"39,47 : 0.6083"
"47,39 : 0.6083"
"39,48 : 0.7656"
"48,39 : 0.7656"
"39,49 : 0.2864"
"49,39 : 0.2864"
"40,41 : 0.1655"
"41,40 : 0.1655"
"40,42 : 0.3863"
"42,40 : 0.3863"
"40,43 : 0.5608"
"43,40 : 0.5608"
"40,44 : 0.6888"
"44,40 : 0.6888"
"40,45 : 0.5903"
"45,40 : 0.5903"
"40,46 : 0.2025"
"46,40 : 0.2025"
"40,47 : 0.4294"
"47,40 : 0.4294"
"40,48 : 0.2377"
"48,40 : 0.2377"
"40,49 : 0.3945"
"49,40 : 0.3945"
"41,42 : 0.5148"
"42,41 : 0.5148"
"41,43 : 0.7256"
"43,41 : 0.7256"
"41,44 : 0.7481"
"44,41 : 0.7481"
"41,45 : 0.7519"
"45,41 : 0.7519"
"41,46 : 0.3677"
"46,41 : 0.3677"
"41,47 : 0.314"
"47,41 : 0.314"
"41,48 : 0.3764"
"48,41 : 0.3764"
"41,49 : 0.507"
"49,41 : 0.507"
"42,43 : 0.4464"
"43,42 : 0.4464"
"42,44 : 0.3981"
"44,42 : 0.3981"
"42,45 : 0.333"
"45,42 : 0.333"
"42,46 : 0.2702"
"46,42 : 0.2702"
"42,47 : 0.6093"
"47,42 : 0.6093"
"42,48 : 0.45"
