x,y
0.66,0.29
0.63,0.43
0.39,0.76
0.98,0.38
0.81,0.79
0.79,0.8
0.76,0.73
0.05,0.28
0.43,0.73
0.1,0.59
0.96,0.22
0.85,0.88
0.32,0.12
0.42,0.69
0.54,0.97
0.77,0.82
0.44,0.42
0.46,0.95
0.56,0.43
0.8,0.06
0.49,0.77
0.15,0.67
0.4,0.29
0.56,0.34
0.44,0.05
0.76,0.02
0.58,0.79
0.93,0.65
0.62,0.36
0.47,0.14
0.11,0.84
0.44,0.6
0.84,0.21
0.58,0.39
0.85,0.93
0.3,0.35
0.89,0.43
0.91,0.94
0.67,0.53
0.89,0.82
0.81,0.77
0.2,0.29
0.71,0.64
0.25,0.08
0.71,0.28
0.33,0.03
0.83,0.08
0.82,0.13
0.25,0.62
0.31,0.01

Distanze
"0,1 : 0.1432"
"1,0 : 0.1432"
"0,2 : 0.542"
"2,0 : 0.542"
"0,3 : 0.3324"
"3,0 : 0.3324"
"0,4 : 0.522"
"4,0 : 0.522"
"0,5 : 0.5263"
"5,0 : 0.5263"
"0,6 : 0.4512"
"6,0 : 0.4512"
"0,7 : 0.6101"
"7,0 : 0.6101"
"0,8 : 0.4965"
"8,0 : 0.4965"
"0,9 : 0.6353"
"9,0 : 0.6353"
"0,10 : 0.3081"
"10,0 : 0.3081"
"0,11 : 0.6198"
"11,0 : 0.6198"
"0,12 : 0.3801"
"12,0 : 0.3801"
"0,13 : 0.4665"
"13,0 : 0.4665"
"0,14 : 0.6905"
"14,0 : 0.6905"
"0,15 : 0.5413"
"15,0 : 0.5413"
"0,16 : 0.2555"
"16,0 : 0.2555"
"0,17 : 0.6896"
"17,0 : 0.6896"
"0,18 : 0.172"
"18,0 : 0.172"
"0,19 : 0.2693"
"19,0 : 0.2693"
"0,20 : 0.5092"
"20,0 : 0.5092"
"0,21 : 0.636"
"21,0 : 0.636"
"0,22 : 0.26"
"22,0 : 0.26"
"0,23 : 0.1118"
"23,0 : 0.1118"
"0,24 : 0.3256"
"24,0 : 0.3256"
"0,25 : 0.2879"
"25,0 : 0.2879"
"0,26 : 0.5064"
"26,0 : 0.5064"
"0,27 : 0.45"
"27,0 : 0.45"
"0,28 : 0.0806"
"28,0 : 0.0806"
"0,29 : 0.2421"
"29,0 : 0.2421"
"0,30 : 0.7778"
"30,0 : 0.7778"
"0,31 : 0.3801"
"31,0 : 0.3801"
"0,32 : 0.197"
"32,0 : 0.197"
"0,33 : 0.1281"
"33,0 : 0.1281"
"0,34 : 0.6676"
"34,0 : 0.6676"
"0,35 : 0.365"
"35,0 : 0.365"
"0,36 : 0.2693"
"36,0 : 0.2693"
"0,37 : 0.6964"
"37,0 : 0.6964"
"0,38 : 0.2402"
"38,0 : 0.2402"
"0,39 : 0.5778"
"39,0 : 0.5778"
"0,40 : 0.5029"
"40,0 : 0.5029"
"0,41 : 0.46"
"41,0 : 0.46"
"0,42 : 0.3536"
"42,0 : 0.3536"
"0,43 : 0.4607"
"43,0 : 0.4607"
"0,44 : 0.051"
"44,0 : 0.051"
"0,45 : 0.4201"
"45,0 : 0.4201"
"0,46 : 0.2702"
"46,0 : 0.2702"
"0,47 : 0.2263"
"47,0 : 0.2263"
"0,48 : 0.5263"
"48,0 : 0.5263"
"0,49 : 0.4482"
"49,0 : 0.4482"
"1,2 : 0.408"
"2,1 : 0.408"
"1,3 : 0.3536"
"3,1 : 0.3536"
"1,4 : 0.4025"
"4,1 : 0.4025"
"1,5 : 0.4031"
"5,1 : 0.4031"
"1,6 : 0.327"
"6,1 : 0.327"
"1,7 : 0.5991"
"7,1 : 0.5991"
"1,8 : 0.3606"
"8,1 : 0.3606"
"1,9 : 0.5536"
"9,1 : 0.5536"
"1,10 : 0.3912"
"10,1 : 0.3912"
"1,11 : 0.5009"
"11,1 : 0.5009"
"1,12 : 0.4384"
"12,1 : 0.4384"
"1,13 : 0.3342"
"13,1 : 0.3342"
"1,14 : 0.5474"
"14,1 : 0.5474"
"1,15 : 0.4144"
"15,1 : 0.4144"
"1,16 : 0.1903"
"16,1 : 0.1903"
"1,17 : 0.5471"
"17,1 : 0.5471"
"1,18 : 0.07"
"18,1 : 0.07"
"1,19 : 0.4072"
"19,1 : 0.4072"
"1,20 : 0.3677"
"20,1 : 0.3677"
"1,21 : 0.5367"
"21,1 : 0.5367"
"1,22 : 0.2693"
"22,1 : 0.2693"
"1,23 : 0.114"
"23,1 : 0.114"
"1,24 : 0.4249"
"24,1 : 0.4249"
"1,25 : 0.4301"
"25,1 : 0.4301"
"1,26 : 0.3635"
"26,1 : 0.3635"
"1,27 : 0.372"
"27,1 : 0.372"
"1,28 : 0.0707"
"28,1 : 0.0707"
"1,29 : 0.3312"
"29,1 : 0.3312"
"1,30 : 0.6622"
"30,1 : 0.6622"
"1,31 : 0.255"
"31,1 : 0.255"
"1,32 : 0.3041"
"32,1 : 0.3041"
"1,33 : 0.064"
"33,1 : 0.064"
"1,34 : 0.5463"
"34,1 : 0.5463"
"1,35 : 0.3396"
"35,1 : 0.3396"
"1,36 : 0.26"
"36,1 : 0.26"
"1,37 : 0.5818"
"37,1 : 0.5818"
"1,38 : 0.1077"
"38,1 : 0.1077"
"1,39 : 0.4687"
"39,1 : 0.4687"
"1,40 : 0.3847"
"40,1 : 0.3847"
"1,41 : 0.4522"
"41,1 : 0.4522"
"1,42 : 0.2247"
"42,1 : 0.2247"
"1,43 : 0.5166"
"43,1 : 0.5166"
"1,44 : 0.17"
"44,1 : 0.17"
"1,45 : 0.5"
"45,1 : 0.5"
"1,46 : 0.4031"
"46,1 : 0.4031"
"1,47 : 0.3551"
"47,1 : 0.3551"
"1,48 : 0.4249"
"48,1 : 0.4249"
"1,49 : 0.528"
"49,1 : 0.528"
"2,3 : 0.7018"
"3,2 : 0.7018"
"2,4 : 0.4211"
"4,2 : 0.4211"
"2,5 : 0.402"
"5,2 : 0.402"
"2,6 : 0.3712"
"6,2 : 0.3712"
"2,7 : 0.5882"
"7,2 : 0.5882"
"2,8 : 0.05"
"8,2 : 0.05"
"2,9 : 0.3362"
"9,2 : 0.3362"
"2,10 : 0.7852"
"10,2 : 0.7852"
"2,11 : 0.4754"
"11,2 : 0.4754"
"2,12 : 0.6438"
"12,2 : 0.6438"
"2,13 : 0.0762"
"13,2 : 0.0762"
"2,14 : 0.2581"
"14,2 : 0.2581"
"2,15 : 0.3847"
"15,2 : 0.3847"
"2,16 : 0.3437"
"16,2 : 0.3437"
"2,17 : 0.2025"
"17,2 : 0.2025"
"2,18 : 0.3712"
"18,2 : 0.3712"
"2,19 : 0.8112"
"19,2 : 0.8112"
"2,20 : 0.1005"
"20,2 : 0.1005"
"2,21 : 0.2563"
"21,2 : 0.2563"
"2,22 : 0.4701"
"22,2 : 0.4701"
"2,23 : 0.4531"
"23,2 : 0.4531"
"2,24 : 0.7118"
"24,2 : 0.7118"
"2,25 : 0.8273"
"25,2 : 0.8273"
"2,26 : 0.1924"
"26,2 : 0.1924"
"2,27 : 0.5511"
"27,2 : 0.5511"
"2,28 : 0.4614"
"28,2 : 0.4614"
"2,29 : 0.6251"
"29,2 : 0.6251"
"2,30 : 0.2912"
"30,2 : 0.2912"
"2,31 : 0.1676"
"31,2 : 0.1676"
"2,32 : 0.7106"
"32,2 : 0.7106"
"2,33 : 0.4159"
"33,2 : 0.4159"
"2,34 : 0.4904"
"34,2 : 0.4904"
"2,35 : 0.4198"
"35,2 : 0.4198"
"2,36 : 0.5991"
"36,2 : 0.5991"
"2,37 : 0.5503"
"37,2 : 0.5503"
"2,38 : 0.3624"
"38,2 : 0.3624"
"2,39 : 0.5036"
"39,2 : 0.5036"
"2,40 : 0.4201"
"40,2 : 0.4201"
"2,41 : 0.507"
"41,2 : 0.507"
"2,42 : 0.3418"
"42,2 : 0.3418"
"2,43 : 0.6943"
"43,2 : 0.6943"
"2,44 : 0.5769"
"44,2 : 0.5769"
"2,45 : 0.7325"
"45,2 : 0.7325"
"2,46 : 0.8099"
"46,2 : 0.8099"
"2,47 : 0.7628"
"47,2 : 0.7628"
"2,48 : 0.198"
"48,2 : 0.198"
"2,49 : 0.7543"
"49,2 : 0.7543"
"3,4 : 0.4438"
"4,3 : 0.4438"
"3,5 : 0.461"
"5,3 : 0.461"
"3,6 : 0.4134"
"6,3 : 0.4134"
"3,7 : 0.9354"
"7,3 : 0.9354"
"3,8 : 0.6519"
"8,3 : 0.6519"
"3,9 : 0.9047"
"9,3 : 0.9047"
"3,10 : 0.1612"
"10,3 : 0.1612"
"3,11 : 0.5166"
"11,3 : 0.5166"
"3,12 : 0.7094"
"12,3 : 0.7094"
"3,13 : 0.6401"
"13,3 : 0.6401"
"3,14 : 0.736"
"14,3 : 0.736"
"3,15 : 0.4875"
"15,3 : 0.4875"
"3,16 : 0.5415"
"16,3 : 0.5415"
"3,17 : 0.7716"
"17,3 : 0.7716"
"3,18 : 0.423"
"18,3 : 0.423"
"3,19 : 0.3672"
"19,3 : 0.3672"
"3,20 : 0.6263"
"20,3 : 0.6263"
"3,21 : 0.8792"
"21,3 : 0.8792"
"3,22 : 0.5869"
"22,3 : 0.5869"
"3,23 : 0.4219"
"23,3 : 0.4219"
"3,24 : 0.6329"
"24,3 : 0.6329"
"3,25 : 0.4219"
"25,3 : 0.4219"
"3,26 : 0.5728"
"26,3 : 0.5728"
"3,27 : 0.2746"
"27,3 : 0.2746"
"3,28 : 0.3606"
"28,3 : 0.3606"
"3,29 : 0.5636"
"29,3 : 0.5636"
"3,30 : 0.9841"
"30,3 : 0.9841"
"3,31 : 0.5831"
"31,3 : 0.5831"
"3,32 : 0.2202"
"32,3 : 0.2202"
"3,33 : 0.4001"
"33,3 : 0.4001"
"3,34 : 0.5652"
"34,3 : 0.5652"
"3,35 : 0.6807"
"35,3 : 0.6807"
"3,36 : 0.103"
"36,3 : 0.103"
"3,37 : 0.5644"
"37,3 : 0.5644"
"3,38 : 0.3444"
"38,3 : 0.3444"
"3,39 : 0.4491"
"39,3 : 0.4491"
"3,40 : 0.4254"
"40,3 : 0.4254"
"3,41 : 0.7852"
"41,3 : 0.7852"
"3,42 : 0.3748"
"42,3 : 0.3748"
"3,43 : 0.7892"
"43,3 : 0.7892"
"3,44 : 0.2879"
"44,3 : 0.2879"
"3,45 : 0.7382"
"45,3 : 0.7382"
"3,46 : 0.3354"
"46,3 : 0.3354"
"3,47 : 0.2968"
"47,3 : 0.2968"
"3,48 : 0.7684"
"48,3 : 0.7684"
"3,49 : 0.7654"
"49,3 : 0.7654"
"4,5 : 0.0224"
"5,4 : 0.0224"
"4,6 : 0.0781"
"6,4 : 0.0781"
"4,7 : 0.9153"
"7,4 : 0.9153"
"4,8 : 0.3847"
"8,4 : 0.3847"
"4,9 : 0.7376"
"9,4 : 0.7376"
"4,10 : 0.5894"
"10,4 : 0.5894"
"4,11 : 0.0985"
"11,4 : 0.0985"
"4,12 : 0.8301"
"12,4 : 0.8301"
"4,13 : 0.4026"
"13,4 : 0.4026"
"4,14 : 0.3245"
"14,4 : 0.3245"
"4,15 : 0.05"
"15,4 : 0.05"
"4,16 : 0.5233"
"16,4 : 0.5233"
"4,17 : 0.3848"
"17,4 : 0.3848"
"4,18 : 0.4383"
"18,4 : 0.4383"
"4,19 : 0.7301"
"19,4 : 0.7301"
"4,20 : 0.3206"
"20,4 : 0.3206"
"4,21 : 0.6708"
"21,4 : 0.6708"
"4,22 : 0.6466"
"22,4 : 0.6466"
"4,23 : 0.5148"
"23,4 : 0.5148"
"4,24 : 0.8273"
"24,4 : 0.8273"
"4,25 : 0.7716"
"25,4 : 0.7716"
"4,26 : 0.23"
"26,4 : 0.23"
"4,27 : 0.1844"
"27,4 : 0.1844"
"4,28 : 0.4701"
"28,4 : 0.4701"
"4,29 : 0.7336"
"29,4 : 0.7336"
"4,30 : 0.7018"
"30,4 : 0.7018"
"4,31 : 0.4159"
"31,4 : 0.4159"
"4,32 : 0.5808"
"32,4 : 0.5808"
"4,33 : 0.4614"
"33,4 : 0.4614"
"4,34 : 0.1456"
"34,4 : 0.1456"
"4,35 : 0.6736"
"35,4 : 0.6736"
"4,36 : 0.3688"
"36,4 : 0.3688"
"4,37 : 0.1803"
"37,4 : 0.1803"
"4,38 : 0.2953"
"38,4 : 0.2953"
"4,39 : 0.0854"
"39,4 : 0.0854"
"4,40 : 0.02"
"40,4 : 0.02"
"4,41 : 0.7887"
"41,4 : 0.7887"
"4,42 : 0.1803"
"42,4 : 0.1803"
"4,43 : 0.9043"
"43,4 : 0.9043"
"4,44 : 0.5197"
"44,4 : 0.5197"
"4,45 : 0.8989"
"45,4 : 0.8989"
"4,46 : 0.7103"
"46,4 : 0.7103"
"4,47 : 0.6601"
"47,4 : 0.6601"
"4,48 : 0.5852"
"48,4 : 0.5852"
"4,49 : 0.9265"
"49,4 : 0.9265"
"5,6 : 0.0762"
"6,5 : 0.0762"
"5,7 : 0.9044"
"7,5 : 0.9044"
"5,8 : 0.3667"
"8,5 : 0.3667"
"5,9 : 0.7212"
"9,5 : 0.7212"
"5,10 : 0.6044"
"10,5 : 0.6044"
"5,11 : 0.1"
"11,5 : 0.1"
"5,12 : 0.8266"
"12,5 : 0.8266"
"5,13 : 0.386"
"13,5 : 0.386"
"5,14 : 0.3023"
"14,5 : 0.3023"
"5,15 : 0.0283"
"15,5 : 0.0283"
"5,16 : 0.5166"
"16,5 : 0.5166"
"5,17 : 0.3625"
"17,5 : 0.3625"
"5,18 : 0.4357"
"18,5 : 0.4357"
"5,19 : 0.7401"
"19,5 : 0.7401"
"5,20 : 0.3015"
"20,5 : 0.3015"
"5,21 : 0.6531"
"21,5 : 0.6531"
"5,22 : 0.642"
"22,5 : 0.642"
"5,23 : 0.5143"
"23,5 : 0.5143"
"5,24 : 0.8276"
"24,5 : 0.8276"
"5,25 : 0.7806"
"25,5 : 0.7806"
"5,26 : 0.2102"
"26,5 : 0.2102"
"5,27 : 0.2052"
"27,5 : 0.2052"
"5,28 : 0.4717"
"28,5 : 0.4717"
"5,29 : 0.7335"
"29,5 : 0.7335"
"5,30 : 0.6812"
"30,5 : 0.6812"
"5,31 : 0.4031"
"31,5 : 0.4031"
"5,32 : 0.5921"
"32,5 : 0.5921"
"5,33 : 0.4607"
"33,5 : 0.4607"
"5,34 : 0.1432"
"34,5 : 0.1432"
"5,35 : 0.6653"
"35,5 : 0.6653"
"5,36 : 0.3833"
"36,5 : 0.3833"
"5,37 : 0.1844"
"37,5 : 0.1844"
"5,38 : 0.2955"
"38,5 : 0.2955"
"5,39 : 0.102"
"39,5 : 0.102"
"5,40 : 0.0361"
"40,5 : 0.0361"
"5,41 : 0.7799"
"41,5 : 0.7799"
"5,42 : 0.1789"
"42,5 : 0.1789"
"5,43 : 0.9"
"43,5 : 0.9"
"5,44 : 0.5261"
"44,5 : 0.5261"
"5,45 : 0.8969"
"45,5 : 0.8969"
"5,46 : 0.7211"
"46,5 : 0.7211"
"5,47 : 0.6707"
"47,5 : 0.6707"
"5,48 : 0.5692"
"48,5 : 0.5692"
"5,49 : 0.9244"
"49,5 : 0.9244"
"6,7 : 0.8406"
"7,6 : 0.8406"
"6,8 : 0.33"
"8,6 : 0.33"
"6,9 : 0.6747"
"9,6 : 0.6747"
"6,10 : 0.5478"
"10,6 : 0.5478"
"6,11 : 0.1749"
"11,6 : 0.1749"
"6,12 : 0.7521"
"12,6 : 0.7521"
"6,13 : 0.3423"
"13,6 : 0.3423"
"6,14 : 0.3256"
"14,6 : 0.3256"
"6,15 : 0.0906"
"15,6 : 0.0906"
"6,16 : 0.4455"
"16,6 : 0.4455"
"6,17 : 0.372"
"17,6 : 0.372"
"6,18 : 0.3606"
"18,6 : 0.3606"
"6,19 : 0.6712"
"19,6 : 0.6712"
"6,20 : 0.2729"
"20,6 : 0.2729"
"6,21 : 0.6129"
"21,6 : 0.6129"
"6,22 : 0.5685"
"22,6 : 0.5685"
"6,23 : 0.4383"
"23,6 : 0.4383"
"6,24 : 0.7515"
"24,6 : 0.7515"
"6,25 : 0.71"
"25,6 : 0.71"
"6,26 : 0.1897"
"26,6 : 0.1897"
"6,27 : 0.1879"
"27,6 : 0.1879"
"6,28 : 0.3956"
"28,6 : 0.3956"
"6,29 : 0.6574"
"29,6 : 0.6574"
"6,30 : 0.6592"
"30,6 : 0.6592"
"6,31 : 0.3454"
"31,6 : 0.3454"
"6,32 : 0.5261"
"32,6 : 0.5261"
"6,33 : 0.3847"
"33,6 : 0.3847"
"6,34 : 0.2193"
"34,6 : 0.2193"
"6,35 : 0.5967"
"35,6 : 0.5967"
"6,36 : 0.327"
"36,6 : 0.327"
"6,37 : 0.2581"
"37,6 : 0.2581"
"6,38 : 0.2193"
"38,6 : 0.2193"
"6,39 : 0.1581"
"39,6 : 0.1581"
"6,40 : 0.064"
"40,6 : 0.064"
"6,41 : 0.7122"
"41,6 : 0.7122"
"6,42 : 0.103"
"42,6 : 0.103"
"6,43 : 0.8262"
"43,6 : 0.8262"
"6,44 : 0.4528"
"44,6 : 0.4528"
"6,45 : 0.8215"
"45,6 : 0.8215"
"6,46 : 0.6538"
"46,6 : 0.6538"
"6,47 : 0.603"
"47,6 : 0.603"
"6,48 : 0.5217"
"48,6 : 0.5217"
"6,49 : 0.8491"
"49,6 : 0.8491"
"7,8 : 0.589"
"8,7 : 0.589"
"7,9 : 0.314"
"9,7 : 0.314"
"7,10 : 0.912"
"10,7 : 0.912"
"7,11 : 1.0"
"11,7 : 1.0"
"7,12 : 0.3138"
"12,7 : 0.3138"
"7,13 : 0.5523"
"13,7 : 0.5523"
"7,14 : 0.8463"
"14,7 : 0.8463"
"7,15 : 0.9"
"15,7 : 0.9"
"7,16 : 0.4144"
"16,7 : 0.4144"
"7,17 : 0.7855"
"17,7 : 0.7855"
"7,18 : 0.5316"
"18,7 : 0.5316"
"7,19 : 0.7816"
"19,7 : 0.7816"
"7,20 : 0.6586"
"20,7 : 0.6586"
"7,21 : 0.4026"
"21,7 : 0.4026"
"7,22 : 0.3501"
"22,7 : 0.3501"
"7,23 : 0.5135"
"23,7 : 0.5135"
"7,24 : 0.4528"
"24,7 : 0.4528"
"7,25 : 0.7561"
"25,7 : 0.7561"
"7,26 : 0.7355"
"26,7 : 0.7355"
"7,27 : 0.9546"
"27,7 : 0.9546"
"7,28 : 0.5756"
"28,7 : 0.5756"
"7,29 : 0.4427"
"29,7 : 0.4427"
"7,30 : 0.5632"
"30,7 : 0.5632"
"7,31 : 0.5045"
"31,7 : 0.5045"
"7,32 : 0.7931"
"32,7 : 0.7931"
"7,33 : 0.5413"
"33,7 : 0.5413"
"7,34 : 1.0308"
"34,7 : 1.0308"
"7,35 : 0.2596"
"35,7 : 0.2596"
"7,36 : 0.8533"
"36,7 : 0.8533"
"7,37 : 1.0841"
"37,7 : 1.0841"
"7,38 : 0.6685"
"38,7 : 0.6685"
"7,39 : 0.9986"
"39,7 : 0.9986"
"7,40 : 0.9043"
"40,7 : 0.9043"
"7,41 : 0.1503"
"41,7 : 0.1503"
"7,42 : 0.7518"
"42,7 : 0.7518"
"7,43 : 0.2828"
"43,7 : 0.2828"
"7,44 : 0.66"
"44,7 : 0.66"
"7,45 : 0.3754"
"45,7 : 0.3754"
"7,46 : 0.8052"
"46,7 : 0.8052"
"7,47 : 0.7845"
"47,7 : 0.7845"
"7,48 : 0.3945"
"48,7 : 0.3945"
"7,49 : 0.3748"
"49,7 : 0.3748"
"8,9 : 0.3585"
"9,8 : 0.3585"
"8,10 : 0.7355"
"10,8 : 0.7355"
"8,11 : 0.446"
"11,8 : 0.446"
"8,12 : 0.6198"
"12,8 : 0.6198"
"8,13 : 0.0412"
"13,8 : 0.0412"
"8,14 : 0.264"
"14,8 : 0.264"
"8,15 : 0.3517"
"15,8 : 0.3517"
"8,16 : 0.3102"
"16,8 : 0.3102"
"8,17 : 0.222"
"17,8 : 0.222"
"8,18 : 0.327"
"18,8 : 0.327"
"8,19 : 0.7654"
"19,8 : 0.7654"
"8,20 : 0.0721"
"20,8 : 0.0721"
"8,21 : 0.2864"
"21,8 : 0.2864"
"8,22 : 0.441"
"22,8 : 0.441"
"8,23 : 0.4111"
"23,8 : 0.4111"
"8,24 : 0.6801"
"24,8 : 0.6801"
"8,25 : 0.7829"
"25,8 : 0.7829"
"8,26 : 0.1616"
"26,8 : 0.1616"
"8,27 : 0.5064"
"27,8 : 0.5064"
"8,28 : 0.4159"
"28,8 : 0.4159"
"8,29 : 0.5914"
"29,8 : 0.5914"
"8,30 : 0.3384"
"30,8 : 0.3384"
"8,31 : 0.1304"
"31,8 : 0.1304"
"8,32 : 0.6622"
"32,8 : 0.6622"
"8,33 : 0.3716"
"33,8 : 0.3716"
"8,34 : 0.4652"
"34,8 : 0.4652"
"8,35 : 0.4016"
"35,8 : 0.4016"
"8,36 : 0.5492"
"36,8 : 0.5492"
"8,37 : 0.5239"
"37,8 : 0.5239"
"8,38 : 0.3124"
"38,8 : 0.3124"
"8,39 : 0.4687"
"39,8 : 0.4687"
"8,40 : 0.3821"
"40,8 : 0.3821"
"8,41 : 0.4965"
"41,8 : 0.4965"
"8,42 : 0.2941"
"42,8 : 0.2941"
"8,43 : 0.6745"
"43,8 : 0.6745"
"8,44 : 0.53"
"44,8 : 0.53"
"8,45 : 0.7071"
"45,8 : 0.7071"
"8,46 : 0.7632"
"46,8 : 0.7632"
"8,47 : 0.7156"
"47,8 : 0.7156"
"8,48 : 0.211"
"48,8 : 0.211"
"8,49 : 0.7299"
"49,8 : 0.7299"
"9,10 : 0.9362"
"10,9 : 0.9362"
"9,11 : 0.8041"
"11,9 : 0.8041"
"9,12 : 0.5189"
"12,9 : 0.5189"
"9,13 : 0.3353"
"13,9 : 0.3353"
"9,14 : 0.5814"
"14,9 : 0.5814"
"9,15 : 0.7084"
"15,9 : 0.7084"
"9,16 : 0.3801"
"16,9 : 0.3801"
"9,17 : 0.5091"
"17,9 : 0.5091"
"9,18 : 0.487"
"18,9 : 0.487"
"9,19 : 0.878"
"19,9 : 0.878"
"9,20 : 0.4295"
"20,9 : 0.4295"
"9,21 : 0.0943"
"21,9 : 0.0943"
"9,22 : 0.4243"
"22,9 : 0.4243"
"9,23 : 0.5235"
"23,9 : 0.5235"
"9,24 : 0.6381"
"24,9 : 0.6381"
"9,25 : 0.8721"
"25,9 : 0.8721"
"9,26 : 0.52"
"26,9 : 0.52"
"9,27 : 0.8322"
"27,9 : 0.8322"
"9,28 : 0.5686"
"28,9 : 0.5686"
"9,29 : 0.5826"
"29,9 : 0.5826"
"9,30 : 0.2502"
"30,9 : 0.2502"
"9,31 : 0.3401"
"31,9 : 0.3401"
"9,32 : 0.8319"
"32,9 : 0.8319"
"9,33 : 0.52"
"33,9 : 0.52"
"9,34 : 0.8235"
"34,9 : 0.8235"
"9,35 : 0.3124"
"35,9 : 0.3124"
"9,36 : 0.806"
"36,9 : 0.806"
"9,37 : 0.8824"
"37,9 : 0.8824"
"9,38 : 0.5731"
"38,9 : 0.5731"
"9,39 : 0.8228"
"39,9 : 0.8228"
"9,40 : 0.7325"
"40,9 : 0.7325"
"9,41 : 0.3162"
"41,9 : 0.3162"
"9,42 : 0.612"
"42,9 : 0.612"
"9,43 : 0.5316"
"43,9 : 0.5316"
"9,44 : 0.6843"
"44,9 : 0.6843"
"9,45 : 0.6054"
"45,9 : 0.6054"
"9,46 : 0.8905"
"46,9 : 0.8905"
"9,47 : 0.8544"
"47,9 : 0.8544"
"9,48 : 0.153"
"48,9 : 0.153"
"9,49 : 0.6168"
"49,9 : 0.6168"
"10,11 : 0.6691"
"11,10 : 0.6691"
"10,12 : 0.6478"
"12,10 : 0.6478"
"10,13 : 0.7159"
"13,10 : 0.7159"
"10,14 : 0.8596"
"14,10 : 0.8596"
"10,15 : 0.6294"
"15,10 : 0.6294"
"10,16 : 0.5571"
"16,10 : 0.5571"
"10,17 : 0.8848"
"17,10 : 0.8848"
"10,18 : 0.4518"
"18,10 : 0.4518"
"10,19 : 0.2263"
"19,10 : 0.2263"
"10,20 : 0.7235"
"20,10 : 0.7235"
"10,21 : 0.9266"
"21,10 : 0.9266"
"10,22 : 0.5644"
"22,10 : 0.5644"
"10,23 : 0.4176"
"23,10 : 0.4176"
"10,24 : 0.5471"
"24,10 : 0.5471"
"10,25 : 0.2828"
"25,10 : 0.2828"
"10,26 : 0.6851"
"26,10 : 0.6851"
"10,27 : 0.431"
"27,10 : 0.431"
"10,28 : 0.3677"
"28,10 : 0.3677"
"10,29 : 0.4965"
"29,10 : 0.4965"
"10,30 : 1.0521"
"30,10 : 1.0521"
"10,31 : 0.644"
"31,10 : 0.644"
"10,32 : 0.1204"
"32,10 : 0.1204"
"10,33 : 0.4163"
"33,10 : 0.4163"
"10,34 : 0.7185"
"34,10 : 0.7185"
"10,35 : 0.6727"
"35,10 : 0.6727"
"10,36 : 0.2214"
"36,10 : 0.2214"
"10,37 : 0.7217"
"37,10 : 0.7217"
"10,38 : 0.4245"
"38,10 : 0.4245"
"10,39 : 0.6041"
"39,10 : 0.6041"
"10,40 : 0.5701"
"40,10 : 0.5701"
"10,41 : 0.7632"
"41,10 : 0.7632"
"10,42 : 0.4888"
"42,10 : 0.4888"
"10,43 : 0.7237"
"43,10 : 0.7237"
"10,44 : 0.2571"
"44,10 : 0.2571"
"10,45 : 0.658"
"45,10 : 0.658"
"10,46 : 0.191"
"46,10 : 0.191"
"10,47 : 0.1664"
"47,10 : 0.1664"
"10,48 : 0.8149"
"48,10 : 0.8149"
"10,49 : 0.6831"
"49,10 : 0.6831"
"11,12 : 0.9266"
"12,11 : 0.9266"
"11,13 : 0.4701"
"13,11 : 0.4701"
"11,14 : 0.3228"
"14,11 : 0.3228"
"11,15 : 0.1"
"15,11 : 0.1"
"11,16 : 0.6162"
"16,11 : 0.6162"
"11,17 : 0.3962"
"17,11 : 0.3962"
"11,18 : 0.5354"
"18,11 : 0.5354"
"11,19 : 0.8215"
"19,11 : 0.8215"
"11,20 : 0.3764"
"20,11 : 0.3764"
"11,21 : 0.7308"
"21,11 : 0.7308"
"11,22 : 0.742"
"22,11 : 0.742"
"11,23 : 0.6129"
"23,11 : 0.6129"
"11,24 : 0.9257"
"24,11 : 0.9257"
"11,25 : 0.8647"
"25,11 : 0.8647"
"11,26 : 0.2846"
"26,11 : 0.2846"
"11,27 : 0.2435"
"27,11 : 0.2435"
"11,28 : 0.5686"
"28,11 : 0.5686"
"11,29 : 0.8319"
"29,11 : 0.8319"
"11,30 : 0.7411"
"30,11 : 0.7411"
"11,31 : 0.4965"
"31,11 : 0.4965"
"11,32 : 0.6701"
"32,11 : 0.6701"
"11,33 : 0.5595"
"33,11 : 0.5595"
"11,34 : 0.05"
"34,11 : 0.05"
"11,35 : 0.7638"
"35,11 : 0.7638"
"11,36 : 0.4518"
"36,11 : 0.4518"
"11,37 : 0.0849"
"37,11 : 0.0849"
"11,38 : 0.3936"
"38,11 : 0.3936"
"11,39 : 0.0721"
"39,11 : 0.0721"
"11,40 : 0.117"
"40,11 : 0.117"
"11,41 : 0.8778"
"41,11 : 0.8778"
"11,42 : 0.2778"
"42,11 : 0.2778"
"11,43 : 1.0"
"43,11 : 1.0"
"11,44 : 0.6161"
"44,11 : 0.6161"
"11,45 : 0.9964"
"45,11 : 0.9964"
"11,46 : 0.8002"
"46,11 : 0.8002"
"11,47 : 0.7506"
"47,11 : 0.7506"
"11,48 : 0.6539"
"48,11 : 0.6539"
"11,49 : 1.024"
"49,11 : 1.024"
"12,13 : 0.5787"
"13,12 : 0.5787"
"12,14 : 0.878"
"14,12 : 0.878"
"12,15 : 0.8322"
"15,12 : 0.8322"
"12,16 : 0.3231"
"16,12 : 0.3231"
"12,17 : 0.8417"
"17,12 : 0.8417"
"12,18 : 0.392"
"18,12 : 0.392"
"12,19 : 0.4837"
"19,12 : 0.4837"
"12,20 : 0.6719"
"20,12 : 0.6719"
"12,21 : 0.5757"
"21,12 : 0.5757"
"12,22 : 0.1879"
"22,12 : 0.1879"
"12,23 : 0.3256"
"23,12 : 0.3256"
"12,24 : 0.1389"
"24,12 : 0.1389"
"12,25 : 0.4512"
"25,12 : 0.4512"
"12,26 : 0.7187"
"26,12 : 0.7187"
"12,27 : 0.8081"
"27,12 : 0.8081"
"12,28 : 0.3842"
"28,12 : 0.3842"
"12,29 : 0.1513"
"29,12 : 0.1513"
"12,30 : 0.75"
"30,12 : 0.75"
"12,31 : 0.4948"
"31,12 : 0.4948"
"12,32 : 0.5277"
"32,12 : 0.5277"
"12,33 : 0.3748"
"33,12 : 0.3748"
"12,34 : 0.968"
"34,12 : 0.968"
"12,35 : 0.2309"
"35,12 : 0.2309"
"12,36 : 0.6488"
"36,12 : 0.6488"
"12,37 : 1.0102"
"37,12 : 1.0102"
"12,38 : 0.5391"
"38,12 : 0.5391"
"12,39 : 0.9027"
"39,12 : 0.9027"
"12,40 : 0.814"
"40,12 : 0.814"
"12,41 : 0.2081"
"41,12 : 0.2081"
"12,42 : 0.65"
"42,12 : 0.65"
"12,43 : 0.0806"
"43,12 : 0.0806"
"12,44 : 0.4215"
"44,12 : 0.4215"
"12,45 : 0.0906"
"45,12 : 0.0906"
"12,46 : 0.5116"
"46,12 : 0.5116"
"12,47 : 0.5001"
"47,12 : 0.5001"
"12,48 : 0.5049"
"48,12 : 0.5049"
"12,49 : 0.1105"
"49,12 : 0.1105"
"13,14 : 0.3046"
"14,13 : 0.3046"
"13,15 : 0.3734"
"15,13 : 0.3734"
"13,16 : 0.2707"
"16,13 : 0.2707"
"13,17 : 0.2631"
"17,13 : 0.2631"
"13,18 : 0.2953"
"18,13 : 0.2953"
"13,19 : 0.7357"
"19,13 : 0.7357"
"13,20 : 0.1063"
"20,13 : 0.1063"
"13,21 : 0.2707"
"21,13 : 0.2707"
"13,22 : 0.4005"
"22,13 : 0.4005"
"13,23 : 0.377"
"23,13 : 0.377"
"13,24 : 0.6403"
"24,13 : 0.6403"
"13,25 : 0.7513"
"25,13 : 0.7513"
"13,26 : 0.1887"
"26,13 : 0.1887"
"13,27 : 0.5116"
"27,13 : 0.5116"
"13,28 : 0.3859"
"28,13 : 0.3859"
"13,29 : 0.5523"
"29,13 : 0.5523"
"13,30 : 0.3444"
"30,13 : 0.3444"
"13,31 : 0.0922"
"31,13 : 0.0922"
"13,32 : 0.6378"
"32,13 : 0.6378"
"13,33 : 0.34"
"33,13 : 0.34"
"13,34 : 0.4924"
"34,13 : 0.4924"
"13,35 : 0.3606"
"35,13 : 0.3606"
"13,36 : 0.5371"
"36,13 : 0.5371"
"13,37 : 0.5501"
"37,13 : 0.5501"
"13,38 : 0.2968"
"38,13 : 0.2968"
"13,39 : 0.4876"
"39,13 : 0.4876"
"13,40 : 0.3981"
"40,13 : 0.3981"
"13,41 : 0.4565"
"41,13 : 0.4565"
"13,42 : 0.2943"
"42,13 : 0.2943"
"13,43 : 0.6332"
"43,13 : 0.6332"
"13,44 : 0.5022"
"44,13 : 0.5022"
"13,45 : 0.6661"
"45,13 : 0.6661"
"13,46 : 0.735"
"46,13 : 0.735"
"13,47 : 0.6882"
"47,13 : 0.6882"
"13,48 : 0.1838"
"48,13 : 0.1838"
"13,49 : 0.6888"
"49,13 : 0.6888"
"14,15 : 0.2746"
"15,14 : 0.2746"
"14,16 : 0.559"
"16,14 : 0.559"
"14,17 : 0.0825"
"17,14 : 0.0825"
"14,18 : 0.5404"
"18,14 : 0.5404"
"14,19 : 0.9464"
"19,14 : 0.9464"
"14,20 : 0.2062"
"20,14 : 0.2062"
"14,21 : 0.492"
"21,14 : 0.492"
"14,22 : 0.6943"
"22,14 : 0.6943"
"14,23 : 0.6303"
"23,14 : 0.6303"
"14,24 : 0.9254"
"24,14 : 0.9254"
"14,25 : 0.9751"
"25,14 : 0.9751"
"14,26 : 0.1844"
"26,14 : 0.1844"
"14,27 : 0.5045"
"27,14 : 0.5045"
"14,28 : 0.6152"
"28,14 : 0.6152"
"14,29 : 0.8329"
"29,14 : 0.8329"
"14,30 : 0.4492"
"30,14 : 0.4492"
"14,31 : 0.3833"
"31,14 : 0.3833"
"14,32 : 0.8171"
"32,14 : 0.8171"
"14,33 : 0.5814"
"33,14 : 0.5814"
"14,34 : 0.3126"
"34,14 : 0.3126"
"14,35 : 0.6648"
"35,14 : 0.6648"
"14,36 : 0.6435"
"36,14 : 0.6435"
"14,37 : 0.3712"
"37,14 : 0.3712"
"14,38 : 0.4588"
"38,14 : 0.4588"
"14,39 : 0.3808"
"39,14 : 0.3808"
"14,40 : 0.336"
"40,14 : 0.336"
"14,41 : 0.7603"
"41,14 : 0.7603"
"14,42 : 0.3712"
"42,14 : 0.3712"
"14,43 : 0.9361"
"43,14 : 0.9361"
"14,44 : 0.7106"
"44,14 : 0.7106"
"14,45 : 0.9632"
"45,14 : 0.9632"
"14,46 : 0.9361"
"46,14 : 0.9361"
"14,47 : 0.8854"
"47,14 : 0.8854"
"14,48 : 0.4545"
"48,14 : 0.4545"
"14,49 : 0.9872"
"49,14 : 0.9872"
"15,16 : 0.5186"
"16,15 : 0.5186"
"15,17 : 0.3362"
"17,15 : 0.3362"
"15,18 : 0.4429"
"18,15 : 0.4429"
"15,19 : 0.7606"
"19,15 : 0.7606"
"15,20 : 0.2844"
"20,15 : 0.2844"
"15,21 : 0.6379"
"21,15 : 0.6379"
"15,22 : 0.6464"
"22,15 : 0.6464"
"15,23 : 0.5239"
"23,15 : 0.5239"
"15,24 : 0.8377"
"24,15 : 0.8377"
"15,25 : 0.8001"
"25,15 : 0.8001"
"15,26 : 0.1924"
"26,15 : 0.1924"
"15,27 : 0.2335"
"27,15 : 0.2335"
"15,28 : 0.4838"
"28,15 : 0.4838"
"15,29 : 0.7432"
"29,15 : 0.7432"
"15,30 : 0.6603"
"30,15 : 0.6603"
"15,31 : 0.3966"
"31,15 : 0.3966"
"15,32 : 0.614"
"32,15 : 0.614"
"15,33 : 0.4701"
"33,15 : 0.4701"
"15,34 : 0.136"
"34,15 : 0.136"
"15,35 : 0.6647"
"35,15 : 0.6647"
"15,36 : 0.408"
"36,15 : 0.408"
"15,37 : 0.1844"
"37,15 : 0.1844"
"15,38 : 0.3068"
"38,15 : 0.3068"
"15,39 : 0.12"
"39,15 : 0.12"
"15,40 : 0.064"
"40,15 : 0.064"
"15,41 : 0.7783"
"41,15 : 0.7783"
"15,42 : 0.1897"
"42,15 : 0.1897"
"15,43 : 0.9044"
"43,15 : 0.9044"
"15,44 : 0.5433"
"44,15 : 0.5433"
"15,45 : 0.9043"
"45,15 : 0.9043"
"15,46 : 0.7424"
"46,15 : 0.7424"
"15,47 : 0.6918"
"47,15 : 0.6918"
"15,48 : 0.5571"
"48,15 : 0.5571"
"15,49 : 0.9315"
"49,15 : 0.9315"
"16,17 : 0.5304"
"17,16 : 0.5304"
"16,18 : 0.1204"
"18,16 : 0.1204"
"16,19 : 0.5091"
"19,16 : 0.5091"
"16,20 : 0.3536"
"20,16 : 0.3536"
"16,21 : 0.3829"
"21,16 : 0.3829"
"16,22 : 0.136"
"22,16 : 0.136"
"16,23 : 0.1442"
"23,16 : 0.1442"
"16,24 : 0.37"
"24,16 : 0.37"
"16,25 : 0.5122"
"25,16 : 0.5122"
"16,26 : 0.3956"
"26,16 : 0.3956"
"16,27 : 0.5413"
"27,16 : 0.5413"
"16,28 : 0.1897"
"28,16 : 0.1897"
"16,29 : 0.2816"
"29,16 : 0.2816"
"16,30 : 0.5341"
"30,16 : 0.5341"
"16,31 : 0.18"
"31,16 : 0.18"
"16,32 : 0.4518"
"32,16 : 0.4518"
"16,33 : 0.1432"
"33,16 : 0.1432"
"16,34 : 0.6544"
"34,16 : 0.6544"
"16,35 : 0.1565"
"35,16 : 0.1565"
"16,36 : 0.4501"
"36,16 : 0.4501"
"16,37 : 0.7009"
"37,16 : 0.7009"
"16,38 : 0.255"
"38,16 : 0.255"
"16,39 : 0.6021"
"39,16 : 0.6021"
"16,40 : 0.5093"
"40,16 : 0.5093"
"16,41 : 0.2729"
"41,16 : 0.2729"
"16,42 : 0.3483"
"42,16 : 0.3483"
"16,43 : 0.3895"
"43,16 : 0.3895"
"16,44 : 0.3041"
"44,16 : 0.3041"
"16,45 : 0.4052"
"45,16 : 0.4052"
"16,46 : 0.5174"
"46,16 : 0.5174"
"16,47 : 0.478"
"47,16 : 0.478"
"16,48 : 0.2759"
"48,16 : 0.2759"
"16,49 : 0.4301"
"49,16 : 0.4301"
"17,18 : 0.5295"
"18,17 : 0.5295"
"17,19 : 0.9527"
"19,17 : 0.9527"
"17,20 : 0.1825"
"20,17 : 0.1825"
"17,21 : 0.4177"
"21,17 : 0.4177"
"17,22 : 0.6627"
"22,17 : 0.6627"
"17,23 : 0.6181"
"23,17 : 0.6181"
"17,24 : 0.9002"
"24,17 : 0.9002"
"17,25 : 0.9772"
"25,17 : 0.9772"
"17,26 : 0.2"
"26,17 : 0.2"
"17,27 : 0.5576"
"27,17 : 0.5576"
"17,28 : 0.6113"
"28,17 : 0.6113"
"17,29 : 0.8101"
"29,17 : 0.8101"
"17,30 : 0.3669"
"30,17 : 0.3669"
"17,31 : 0.3506"
"31,17 : 0.3506"
"17,32 : 0.8319"
"32,17 : 0.8319"
"17,33 : 0.5727"
"33,17 : 0.5727"
"17,34 : 0.3905"
"34,17 : 0.3905"
"17,35 : 0.621"
"35,17 : 0.621"
"17,36 : 0.6748"
"36,17 : 0.6748"
"17,37 : 0.4501"
"37,17 : 0.4501"
"17,38 : 0.4696"
"38,17 : 0.4696"
"17,39 : 0.4492"
"39,17 : 0.4492"
"17,40 : 0.3936"
"40,17 : 0.3936"
"17,41 : 0.7094"
"41,17 : 0.7094"
"17,42 : 0.3982"
"42,17 : 0.3982"
"17,43 : 0.895"
"43,17 : 0.895"
"17,44 : 0.7151"
"44,17 : 0.7151"
"17,45 : 0.9291"
"45,17 : 0.9291"
"17,46 : 0.9454"
"46,17 : 0.9454"
"17,47 : 0.8955"
"47,17 : 0.8955"
"17,48 : 0.3912"
"48,17 : 0.3912"
"17,49 : 0.9519"
"49,17 : 0.9519"
"18,19 : 0.441"
"19,18 : 0.441"
"18,20 : 0.3471"
"20,18 : 0.3471"
"18,21 : 0.4751"
"21,18 : 0.4751"
"18,22 : 0.2126"
"22,18 : 0.2126"
"18,23 : 0.09"
"23,18 : 0.09"
"18,24 : 0.3985"
"24,18 : 0.3985"
"18,25 : 0.4562"
"25,18 : 0.4562"
"18,26 : 0.3606"
"26,18 : 0.3606"
"18,27 : 0.4305"
"27,18 : 0.4305"
"18,28 : 0.0922"
"28,18 : 0.0922"
"18,29 : 0.3036"
"29,18 : 0.3036"
"18,30 : 0.6088"
"30,18 : 0.6088"
"18,31 : 0.2081"
"31,18 : 0.2081"
"18,32 : 0.3561"
"32,18 : 0.3561"
"18,33 : 0.0447"
"33,18 : 0.0447"
"18,34 : 0.578"
"34,18 : 0.578"
"18,35 : 0.272"
"35,18 : 0.272"
"18,36 : 0.33"
"36,18 : 0.33"
"18,37 : 0.6185"
"37,18 : 0.6185"
"18,38 : 0.1487"
"38,18 : 0.1487"
"18,39 : 0.5109"
"39,18 : 0.5109"
"18,40 : 0.422"
"40,18 : 0.422"
"18,41 : 0.3863"
"41,18 : 0.3863"
"18,42 : 0.2581"
"42,18 : 0.2581"
"18,43 : 0.4675"
"43,18 : 0.4675"
"18,44 : 0.2121"
"44,18 : 0.2121"
"18,45 : 0.4614"
"45,18 : 0.4614"
"18,46 : 0.442"
"46,18 : 0.442"
"18,47 : 0.397"
"47,18 : 0.397"
"18,48 : 0.3636"
"48,18 : 0.3636"
"18,49 : 0.4888"
"49,18 : 0.4888"
"19,20 : 0.7747"
"20,19 : 0.7747"
"19,21 : 0.8914"
"21,19 : 0.8914"
"19,22 : 0.4614"
"22,19 : 0.4614"
"19,23 : 0.3688"
"23,19 : 0.3688"
"19,24 : 0.3601"
"24,19 : 0.3601"
"19,25 : 0.0566"
"25,19 : 0.0566"
"19,26 : 0.7624"
"26,19 : 0.7624"
"19,27 : 0.6042"
"27,19 : 0.6042"
"19,28 : 0.3499"
"28,19 : 0.3499"
"19,29 : 0.3396"
"29,19 : 0.3396"
"19,30 : 1.0414"
"30,19 : 1.0414"
"19,31 : 0.649"
"31,19 : 0.649"
"19,32 : 0.1552"
"32,19 : 0.1552"
"19,33 : 0.3966"
"33,19 : 0.3966"
"19,34 : 0.8714"
"34,19 : 0.8714"
"19,35 : 0.578"
"35,19 : 0.578"
"19,36 : 0.3808"
"36,19 : 0.3808"
"19,37 : 0.8868"
"37,19 : 0.8868"
"19,38 : 0.4876"
"38,19 : 0.4876"
"19,39 : 0.7653"
"39,19 : 0.7653"
"19,40 : 0.7101"
"40,19 : 0.7101"
"19,41 : 0.6426"
"41,19 : 0.6426"
"19,42 : 0.5869"
"42,19 : 0.5869"
"19,43 : 0.5504"
"43,19 : 0.5504"
"19,44 : 0.2377"
"44,19 : 0.2377"
"19,45 : 0.471"
"45,19 : 0.471"
"19,46 : 0.0361"
"46,19 : 0.0361"
"19,47 : 0.0728"
"47,19 : 0.0728"
"19,48 : 0.7849"
"48,19 : 0.7849"
"19,49 : 0.4925"
"49,19 : 0.4925"
"20,21 : 0.3544"
"21,20 : 0.3544"
"20,22 : 0.4884"
"22,20 : 0.4884"
"20,23 : 0.4357"
"23,20 : 0.4357"
"20,24 : 0.7217"
"24,20 : 0.7217"
"20,25 : 0.7971"
"25,20 : 0.7971"
"20,26 : 0.0922"
"26,20 : 0.0922"
"20,27 : 0.4561"
"27,20 : 0.4561"
"20,28 : 0.4301"
"28,20 : 0.4301"
"20,29 : 0.6303"
"29,20 : 0.6303"
"20,30 : 0.3864"
"30,20 : 0.3864"
"20,31 : 0.1772"
"31,20 : 0.1772"
"20,32 : 0.6604"
"32,20 : 0.6604"
"20,33 : 0.3905"
"33,20 : 0.3905"
"20,34 : 0.394"
"34,20 : 0.394"
"20,35 : 0.461"
"35,20 : 0.461"
"20,36 : 0.525"
"36,20 : 0.525"
"20,37 : 0.4531"
"37,20 : 0.4531"
"20,38 : 0.3"
"38,20 : 0.3"
"20,39 : 0.4031"
"39,20 : 0.4031"
"20,40 : 0.32"
"40,20 : 0.32"
"20,41 : 0.5608"
"41,20 : 0.5608"
"20,42 : 0.2555"
"42,20 : 0.2555"
"20,43 : 0.7305"
"43,20 : 0.7305"
"20,44 : 0.5371"
"44,20 : 0.5371"
"20,45 : 0.7571"
"45,20 : 0.7571"
"20,46 : 0.7692"
"46,20 : 0.7692"
"20,47 : 0.7201"
"47,20 : 0.7201"
"20,48 : 0.283"
"48,20 : 0.283"
"20,49 : 0.781"
"49,20 : 0.781"
"21,22 : 0.4549"
"22,21 : 0.4549"
"21,23 : 0.5263"
"23,21 : 0.5263"
"21,24 : 0.6845"
"24,21 : 0.6845"
"21,25 : 0.8914"
"25,21 : 0.8914"
"21,26 : 0.4464"
"26,21 : 0.4464"
"21,27 : 0.7803"
"27,21 : 0.7803"
"21,28 : 0.563"
"28,21 : 0.563"
"21,29 : 0.6191"
"29,21 : 0.6191"
"21,30 : 0.1746"
"30,21 : 0.1746"
"21,31 : 0.2983"
"31,21 : 0.2983"
"21,32 : 0.8293"
"32,21 : 0.8293"
"21,33 : 0.5131"
"33,21 : 0.5131"
"21,34 : 0.7467"
"34,21 : 0.7467"
"21,35 : 0.3534"
"35,21 : 0.3534"
"21,36 : 0.7779"
"36,21 : 0.7779"
"21,37 : 0.8065"
"37,21 : 0.8065"
"21,38 : 0.5385"
"38,21 : 0.5385"
"21,39 : 0.755"
"39,21 : 0.755"
"21,40 : 0.6675"
"40,21 : 0.6675"
"21,41 : 0.3833"
"41,21 : 0.3833"
"21,42 : 0.5608"
"42,21 : 0.5608"
"21,43 : 0.5984"
"43,21 : 0.5984"
"21,44 : 0.6824"
"44,21 : 0.6824"
"21,45 : 0.6648"
"45,21 : 0.6648"
"21,46 : 0.9003"
"46,21 : 0.9003"
"21,47 : 0.8605"
"47,21 : 0.8605"
"21,48 : 0.1118"
"48,21 : 0.1118"
"21,49 : 0.6791"
"49,21 : 0.6791"
"22,23 : 0.1676"
"23,22 : 0.1676"
"22,24 : 0.2433"
"24,22 : 0.2433"
"22,25 : 0.45"
"25,22 : 0.45"
"22,26 : 0.5314"
"26,22 : 0.5314"
"22,27 : 0.6407"
"27,22 : 0.6407"
"22,28 : 0.2309"
"28,22 : 0.2309"
"22,29 : 0.1655"
"29,22 : 0.1655"
"22,30 : 0.6218"
"30,22 : 0.6218"
"22,31 : 0.3126"
"31,22 : 0.3126"
"22,32 : 0.4472"
"32,22 : 0.4472"
"22,33 : 0.2059"
"33,22 : 0.2059"
"22,34 : 0.7824"
"34,22 : 0.7824"
"22,35 : 0.1166"
"35,22 : 0.1166"
"22,36 : 0.5096"
"36,22 : 0.5096"
"22,37 : 0.8262"
"37,22 : 0.8262"
"22,38 : 0.3612"
"38,22 : 0.3612"
"22,39 : 0.7218"
"39,22 : 0.7218"
"22,40 : 0.6313"
"40,22 : 0.6313"
"22,41 : 0.2"
"41,22 : 0.2"
"22,42 : 0.4675"
"42,22 : 0.4675"
"22,43 : 0.2581"
"43,22 : 0.2581"
"22,44 : 0.3102"
"44,22 : 0.3102"
"22,45 : 0.2693"
"45,22 : 0.2693"
"22,46 : 0.4785"
"46,22 : 0.4785"
"22,47 : 0.4494"
"47,22 : 0.4494"
"22,48 : 0.3625"
"48,22 : 0.3625"
"22,49 : 0.2941"
"49,22 : 0.2941"
"23,24 : 0.3138"
"24,23 : 0.3138"
"23,25 : 0.3774"
"25,23 : 0.3774"
"23,26 : 0.4504"
"26,23 : 0.4504"
"23,27 : 0.4827"
"27,23 : 0.4827"
"23,28 : 0.0632"
"28,23 : 0.0632"
"23,29 : 0.2193"
"29,23 : 0.2193"
"23,30 : 0.6727"
"30,23 : 0.6727"
"23,31 : 0.2864"
"31,23 : 0.2864"
"23,32 : 0.3087"
"32,23 : 0.3087"
"23,33 : 0.0539"
"33,23 : 0.0539"
"23,34 : 0.6574"
"34,23 : 0.6574"
"23,35 : 0.2602"
"35,23 : 0.2602"
"23,36 : 0.3421"
"36,23 : 0.3421"
"23,37 : 0.6946"
"37,23 : 0.6946"
"23,38 : 0.2195"
"38,23 : 0.2195"
"23,39 : 0.5825"
"39,23 : 0.5825"
"23,40 : 0.4974"
"40,23 : 0.4974"
"23,41 : 0.3635"
"41,23 : 0.3635"
"23,42 : 0.3354"
"42,23 : 0.3354"
"23,43 : 0.4046"
"43,23 : 0.4046"
"23,44 : 0.1616"
"44,23 : 0.1616"
"23,45 : 0.386"
"45,23 : 0.386"
"23,46 : 0.3748"
"46,23 : 0.3748"
"23,47 : 0.3342"
"47,23 : 0.3342"
"23,48 : 0.4177"
"48,23 : 0.4177"
"23,49 : 0.414"
"49,23 : 0.414"
"24,25 : 0.3214"
"25,24 : 0.3214"
"24,26 : 0.7531"
"26,24 : 0.7531"
"24,27 : 0.7747"
"27,24 : 0.7747"
"24,28 : 0.3585"
"28,24 : 0.3585"
"24,29 : 0.0949"
"29,24 : 0.0949"
"24,30 : 0.8562"
"30,24 : 0.8562"
"24,31 : 0.55"
"31,24 : 0.55"
"24,32 : 0.4308"
"32,24 : 0.4308"
"24,33 : 0.3677"
"33,24 : 0.3677"
"24,34 : 0.9708"
"34,24 : 0.9708"
"24,35 : 0.3311"
"35,24 : 0.3311"
"24,36 : 0.589"
"36,24 : 0.589"
"24,37 : 1.0065"
"37,24 : 1.0065"
"24,38 : 0.5323"
"38,24 : 0.5323"
"24,39 : 0.8919"
"39,24 : 0.8919"
"24,40 : 0.8095"
"40,24 : 0.8095"
"24,41 : 0.3394"
"41,24 : 0.3394"
"24,42 : 0.6488"
"42,24 : 0.6488"
"24,43 : 0.1924"
"43,24 : 0.1924"
"24,44 : 0.3547"
"44,24 : 0.3547"
"24,45 : 0.1118"
"45,24 : 0.1118"
"24,46 : 0.3912"
"46,24 : 0.3912"
"24,47 : 0.3883"
"47,24 : 0.3883"
"24,48 : 0.6008"
"48,24 : 0.6008"
"24,49 : 0.136"
"49,24 : 0.136"
"25,26 : 0.7908"
"26,25 : 0.7908"
"25,27 : 0.6525"
"27,25 : 0.6525"
"25,28 : 0.3677"
"28,25 : 0.3677"
"25,29 : 0.3138"
"29,25 : 0.3138"
"25,30 : 1.0464"
"30,25 : 1.0464"
"25,31 : 0.6624"
"31,25 : 0.6624"
"25,32 : 0.2062"
"32,25 : 0.2062"
"25,33 : 0.4115"
"33,25 : 0.4115"
"25,34 : 0.9144"
"34,25 : 0.9144"
"25,35 : 0.5661"
"35,25 : 0.5661"
"25,36 : 0.4301"
"36,25 : 0.4301"
"25,37 : 0.9321"
"37,25 : 0.9321"
"25,38 : 0.5179"
"38,25 : 0.5179"
"25,39 : 0.8105"
"39,25 : 0.8105"
"25,40 : 0.7517"
"40,25 : 0.7517"
"25,41 : 0.6217"
"41,25 : 0.6217"
"25,42 : 0.622"
"42,25 : 0.622"
"25,43 : 0.5135"
"43,25 : 0.5135"
"25,44 : 0.2648"
"44,25 : 0.2648"
"25,45 : 0.4301"
"45,25 : 0.4301"
"25,46 : 0.0922"
"46,25 : 0.0922"
"25,47 : 0.1253"
"47,25 : 0.1253"
"25,48 : 0.7875"
"48,25 : 0.7875"
"25,49 : 0.4501"
"49,25 : 0.4501"
"26,27 : 0.377"
"27,26 : 0.377"
"26,28 : 0.4319"
"28,26 : 0.4319"
"26,29 : 0.6592"
"29,26 : 0.6592"
"26,30 : 0.4727"
"30,26 : 0.4727"
"26,31 : 0.236"
"31,26 : 0.236"
"26,32 : 0.6356"
"32,26 : 0.6356"
"26,33 : 0.4"
"33,26 : 0.4"
"26,34 : 0.3041"
"34,26 : 0.3041"
"26,35 : 0.5215"
"35,26 : 0.5215"
"26,36 : 0.4751"
"36,26 : 0.4751"
"26,37 : 0.3625"
"37,26 : 0.3625"
"26,38 : 0.2751"
"38,26 : 0.2751"
"26,39 : 0.3114"
"39,26 : 0.3114"
"26,40 : 0.2309"
"40,26 : 0.2309"
"26,41 : 0.628"
"41,26 : 0.628"
"26,42 : 0.1985"
"42,26 : 0.1985"
"26,43 : 0.7829"
"43,26 : 0.7829"
"26,44 : 0.5263"
"44,26 : 0.5263"
"26,45 : 0.8001"
"45,26 : 0.8001"
"26,46 : 0.7527"
"46,26 : 0.7527"
"26,47 : 0.7023"
"47,26 : 0.7023"
"26,48 : 0.3712"
"48,26 : 0.3712"
"26,49 : 0.8254"
"49,26 : 0.8254"
"27,28 : 0.4245"
"28,27 : 0.4245"
"27,29 : 0.6868"
"29,27 : 0.6868"
"27,30 : 0.8417"
"30,27 : 0.8417"
"27,31 : 0.4925"
"31,27 : 0.4925"
"27,32 : 0.4491"
"32,27 : 0.4491"
"27,33 : 0.436"
"33,27 : 0.436"
"27,34 : 0.2912"
"34,27 : 0.2912"
"27,35 : 0.6978"
"35,27 : 0.6978"
"27,36 : 0.2236"
"36,27 : 0.2236"
"27,37 : 0.2907"
"37,27 : 0.2907"
"27,38 : 0.2864"
"38,27 : 0.2864"
"27,39 : 0.1746"
"39,27 : 0.1746"
"27,40 : 0.1697"
"40,27 : 0.1697"
"27,41 : 0.8139"
"41,27 : 0.8139"
"27,42 : 0.2202"
"42,27 : 0.2202"
"27,43 : 0.8873"
"43,27 : 0.8873"
"27,44 : 0.4305"
"44,27 : 0.4305"
"27,45 : 0.8628"
"45,27 : 0.8628"
"27,46 : 0.5787"
"46,27 : 0.5787"
"27,47 : 0.5315"
"47,27 : 0.5315"
"27,48 : 0.6807"
"48,27 : 0.6807"
"27,49 : 0.8911"
"49,27 : 0.8911"
"28,29 : 0.2663"
"29,28 : 0.2663"
"28,30 : 0.7004"
"30,28 : 0.7004"
"28,31 : 0.3"
"31,28 : 0.3"
"28,32 : 0.2663"
"32,28 : 0.2663"
"28,33 : 0.05"
"33,28 : 0.05"
"28,34 : 0.6147"
"34,28 : 0.6147"
"28,35 : 0.3202"
"35,28 : 0.3202"
"28,36 : 0.2789"
"36,28 : 0.2789"
"28,37 : 0.6485"
"37,28 : 0.6485"
"28,38 : 0.1772"
"38,28 : 0.1772"
"28,39 : 0.5334"
"39,28 : 0.5334"
"28,40 : 0.4519"
"40,28 : 0.4519"
"28,41 : 0.4258"
"41,28 : 0.4258"
"28,42 : 0.2941"
"42,28 : 0.2941"
"28,43 : 0.464"
"43,28 : 0.464"
"28,44 : 0.1204"
"44,28 : 0.1204"
"28,45 : 0.4393"
"45,28 : 0.4393"
"28,46 : 0.35"
"46,28 : 0.35"
"28,47 : 0.3048"
"47,28 : 0.3048"
"28,48 : 0.4522"
"48,28 : 0.4522"
"28,49 : 0.4675"
"49,28 : 0.4675"
"29,30 : 0.7871"
"30,29 : 0.7871"
"29,31 : 0.461"
"31,29 : 0.461"
"29,32 : 0.3766"
"32,29 : 0.3766"
"29,33 : 0.2731"
"33,29 : 0.2731"
"29,34 : 0.8766"
"34,29 : 0.8766"
"29,35 : 0.2702"
"35,29 : 0.2702"
"29,36 : 0.5104"
"36,29 : 0.5104"
"29,37 : 0.913"
"37,29 : 0.913"
"29,38 : 0.4383"
"38,29 : 0.4383"
"29,39 : 0.7992"
"39,29 : 0.7992"
"29,40 : 0.7159"
"40,29 : 0.7159"
"29,41 : 0.3089"
"41,29 : 0.3089"
"29,42 : 0.5546"
"42,29 : 0.5546"
"29,43 : 0.228"
"43,29 : 0.228"
"29,44 : 0.2778"
"44,29 : 0.2778"
"29,45 : 0.178"
"45,29 : 0.178"
"29,46 : 0.365"
"46,29 : 0.365"
"29,47 : 0.3501"
"47,29 : 0.3501"
"29,48 : 0.528"
"48,29 : 0.528"
"29,49 : 0.2062"
"49,29 : 0.2062"
"30,31 : 0.408"
"31,30 : 0.408"
"30,32 : 0.9643"
"32,30 : 0.9643"
"30,33 : 0.6507"
"33,30 : 0.6507"
"30,34 : 0.7455"
"34,30 : 0.7455"
"30,35 : 0.5255"
"35,30 : 0.5255"
"30,36 : 0.8812"
"36,30 : 0.8812"
"30,37 : 0.8062"
"37,30 : 0.8062"
"30,38 : 0.6401"
"38,30 : 0.6401"
"30,39 : 0.7803"
"39,30 : 0.7803"
"30,40 : 0.7035"
"40,30 : 0.7035"
"30,41 : 0.5573"
"41,30 : 0.5573"
"30,42 : 0.6325"
"42,30 : 0.6325"
"30,43 : 0.7728"
"43,30 : 0.7728"
"30,44 : 0.8207"
"44,30 : 0.8207"
"30,45 : 0.8393"
"45,30 : 0.8393"
"30,46 : 1.0469"
"46,30 : 1.0469"
"30,47 : 1.0041"
"47,30 : 1.0041"
"30,48 : 0.2608"
"48,30 : 0.2608"
"30,49 : 0.8538"
"49,30 : 0.8538"
"31,32 : 0.5587"
"32,31 : 0.5587"
"31,33 : 0.2524"
"33,31 : 0.2524"
"31,34 : 0.5263"
"34,31 : 0.5263"
"31,35 : 0.2865"
"35,31 : 0.2865"
"31,36 : 0.481"
"36,31 : 0.481"
"31,37 : 0.5801"
"37,31 : 0.5801"
"31,38 : 0.2404"
"38,31 : 0.2404"
"31,39 : 0.5009"
"39,31 : 0.5009"
"31,40 : 0.4072"
"40,31 : 0.4072"
"31,41 : 0.392"
"41,31 : 0.392"
"31,42 : 0.2729"
"42,31 : 0.2729"
"31,43 : 0.5536"
"43,31 : 0.5536"
"31,44 : 0.4187"
"44,31 : 0.4187"
"31,45 : 0.5805"
"45,31 : 0.5805"
"31,46 : 0.65"
"46,31 : 0.65"
"31,47 : 0.6044"
"47,31 : 0.6044"
"31,48 : 0.191"
"48,31 : 0.191"
"31,49 : 0.6042"
"49,31 : 0.6042"
"32,33 : 0.3162"
"33,32 : 0.3162"
"32,34 : 0.7201"
"34,32 : 0.7201"
"32,35 : 0.5579"
"35,32 : 0.5579"
"32,36 : 0.2256"
"36,32 : 0.2256"
"32,37 : 0.7333"
"37,32 : 0.7333"
"32,38 : 0.3624"
"38,32 : 0.3624"
"32,39 : 0.612"
"39,32 : 0.612"
"32,40 : 0.5608"
"40,32 : 0.5608"
"32,41 : 0.645"
"41,32 : 0.645"
"32,42 : 0.4492"
"42,32 : 0.4492"
"32,43 : 0.6042"
"43,32 : 0.6042"
"32,44 : 0.1476"
"44,32 : 0.1476"
"32,45 : 0.5408"
"45,32 : 0.5408"
"32,46 : 0.1304"
"46,32 : 0.1304"
"32,47 : 0.0825"
"47,32 : 0.0825"
"32,48 : 0.7185"
"48,32 : 0.7185"
"32,49 : 0.5665"
"49,32 : 0.5665"
"33,34 : 0.6037"
"34,33 : 0.6037"
"33,35 : 0.2828"
"35,33 : 0.2828"
"33,36 : 0.3126"
"36,33 : 0.3126"
"33,37 : 0.6414"
"37,33 : 0.6414"
"33,38 : 0.1664"
"38,33 : 0.1664"
"33,39 : 0.5301"
"39,33 : 0.5301"
"33,40 : 0.4442"
"40,33 : 0.4442"
"33,41 : 0.3929"
"41,33 : 0.3929"
"33,42 : 0.2818"
"42,33 : 0.2818"
"33,43 : 0.4528"
"43,33 : 0.4528"
"33,44 : 0.1703"
"44,33 : 0.1703"
"33,45 : 0.4383"
"45,33 : 0.4383"
"33,46 : 0.3982"
"46,33 : 0.3982"
"33,47 : 0.3538"
"47,33 : 0.3538"
"33,48 : 0.4022"
"48,33 : 0.4022"
"33,49 : 0.4662"
"49,33 : 0.4662"
"34,35 : 0.7993"
"35,34 : 0.7993"
"34,36 : 0.5016"
"36,34 : 0.5016"
"34,37 : 0.0608"
"37,34 : 0.0608"
"34,38 : 0.4386"
"38,34 : 0.4386"
"34,39 : 0.117"
"39,34 : 0.117"
"34,40 : 0.1649"
"40,34 : 0.1649"
"34,41 : 0.9122"
"41,34 : 0.9122"
"34,42 : 0.322"
"42,34 : 0.322"
"34,43 : 1.0404"
"43,34 : 1.0404"
"34,44 : 0.6649"
"44,34 : 0.6649"
"34,45 : 1.0394"
"45,34 : 1.0394"
"34,46 : 0.8502"
"46,34 : 0.8502"
"34,47 : 0.8006"
"47,34 : 0.8006"
"34,48 : 0.6754"
"48,34 : 0.6754"
"34,49 : 1.0668"
"49,34 : 1.0668"
"35,36 : 0.5954"
"36,35 : 0.5954"
"35,37 : 0.8486"
"37,35 : 0.8486"
"35,38 : 0.4115"
"38,35 : 0.4115"
"35,39 : 0.7543"
"39,35 : 0.7543"
"35,40 : 0.6607"
"40,35 : 0.6607"
"35,41 : 0.1166"
"41,35 : 0.1166"
"35,42 : 0.5022"
"42,35 : 0.5022"
"35,43 : 0.2746"
"43,35 : 0.2746"
"35,44 : 0.4159"
"44,35 : 0.4159"
"35,45 : 0.3214"
"45,35 : 0.3214"
"35,46 : 0.5948"
"46,35 : 0.5948"
"35,47 : 0.5646"
"47,35 : 0.5646"
"35,48 : 0.2746"
"48,35 : 0.2746"
"35,49 : 0.3401"
"49,35 : 0.3401"
"36,37 : 0.5104"
"37,36 : 0.5104"
"36,38 : 0.2417"
"38,36 : 0.2417"
"36,39 : 0.39"
"39,36 : 0.39"
"36,40 : 0.3493"
"40,36 : 0.3493"
"36,41 : 0.7041"
"41,36 : 0.7041"
"36,42 : 0.2766"
"42,36 : 0.2766"
"36,43 : 0.7295"
"43,36 : 0.7295"
"36,44 : 0.2343"
"44,36 : 0.2343"
"36,45 : 0.6882"
"45,36 : 0.6882"
"36,46 : 0.3551"
"46,36 : 0.3551"
"36,47 : 0.3081"
"47,36 : 0.3081"
"36,48 : 0.6676"
"48,36 : 0.6676"
"36,49 : 0.7161"
"49,36 : 0.7161"
"37,38 : 0.4751"
"38,37 : 0.4751"
"37,39 : 0.1217"
"39,37 : 0.1217"
"37,40 : 0.1972"
"40,37 : 0.1972"
"37,41 : 0.9626"
"41,37 : 0.9626"
"37,42 : 0.3606"
"42,37 : 0.3606"
"37,43 : 1.0841"
"43,37 : 1.0841"
"37,44 : 0.6896"
"44,37 : 0.6896"
"37,45 : 1.0791"
"45,37 : 1.0791"
"37,46 : 0.8637"
"46,37 : 0.8637"
"37,47 : 0.815"
"47,37 : 0.815"
"37,48 : 0.7335"
"48,37 : 0.7335"
"37,49 : 1.1068"
"49,37 : 1.1068"
"38,39 : 0.364"
"39,38 : 0.364"
"38,40 : 0.2778"
"40,38 : 0.2778"
"38,41 : 0.5277"
"41,38 : 0.5277"
"38,42 : 0.117"
"42,38 : 0.117"
"38,43 : 0.6155"
"43,38 : 0.6155"
"38,44 : 0.2532"
"44,38 : 0.2532"
"38,45 : 0.6046"
"45,38 : 0.6046"
"38,46 : 0.4776"
"46,38 : 0.4776"
"38,47 : 0.4272"
"47,38 : 0.4272"
"38,48 : 0.4295"
"48,38 : 0.4295"
"38,49 : 0.6325"
"49,38 : 0.6325"
"39,40 : 0.0943"
"40,39 : 0.0943"
"39,41 : 0.8701"
"41,39 : 0.8701"
"39,42 : 0.2546"
"42,39 : 0.2546"
"39,43 : 0.9784"
"43,39 : 0.9784"
"39,44 : 0.5692"
"44,39 : 0.5692"
"39,45 : 0.9683"
"45,39 : 0.9683"
"39,46 : 0.7424"
"46,39 : 0.7424"
"39,47 : 0.6935"
"47,39 : 0.6935"
"39,48 : 0.6705"
"48,39 : 0.6705"
"39,49 : 0.9962"
"49,39 : 0.9962"
"40,41 : 0.7762"
"41,40 : 0.7762"
"40,42 : 0.164"
"42,40 : 0.164"
"40,43 : 0.8887"
"43,40 : 0.8887"
"40,44 : 0.5001"
"44,40 : 0.5001"
"40,45 : 0.882"
"45,40 : 0.882"
"40,46 : 0.6903"
"46,40 : 0.6903"
"40,47 : 0.6401"
"47,40 : 0.6401"
"40,48 : 0.5797"
"48,40 : 0.5797"
"40,49 : 0.9097"
"49,40 : 0.9097"
"41,42 : 0.6185"
"42,41 : 0.6185"
"41,43 : 0.2159"
"43,41 : 0.2159"
"41,44 : 0.5101"
"44,41 : 0.5101"
"41,45 : 0.2907"
"45,41 : 0.2907"
"41,46 : 0.6641"
"46,41 : 0.6641"
"41,47 : 0.6403"
"47,41 : 0.6403"
"41,48 : 0.3338"
"48,41 : 0.3338"
"41,49 : 0.3008"
"49,41 : 0.3008"
"42,43 : 0.7247"
"43,42 : 0.7247"
"42,44 : 0.36"
"44,42 : 0.36"
"42,45 : 0.7187"
"45,42 : 0.7187"
"42,46 : 0.5727"
"46,42 : 0.5727"
"42,47 : 0.5217"
"47,42 : 0.5217"
"42,48 : 0.4604"
"48,42 : 0.4604"
