x,y
0.3,0.68
0.78,0.07
0.59,0.65
0.84,0.92
0.5,0.43
0.4,0.94
0.19,0.43
0.65,0.99
0.64,0.42
0.93,0.52
0.21,0.79
0.82,0.38
0.76,0.68
0.63,0.2
0.4,0.27
0.62,0.57
0.69,0.73
0.99,0.58
0.86,0.46
0.11,0.91
0.9,0.6
0.18,0.59
0.84,0.1
0.35,0.6
0.39,0.21
0.74,0.91
0.33,0.65
0.92,0.69
0.17,0.56
0.45,0.18
0.52,0.73
0.32,0.1
0.66,0.2
0.73,0.39
0.43,0.06
0.38,0.35
0.71,0.42
0.16,0.86
0.4,0.01
0.86,0.88
0.26,0.02
0.75,0.2
0.46,0.25
0.92,0.95
0.69,0.21
0.5,0.68
0.79,0.49
0.99,0.79
0.74,0.64
0.8,0.82

Distanze
"0,1 : 0.7762"
"1,0 : 0.7762"
"0,2 : 0.2915"
"2,0 : 0.2915"
"0,3 : 0.5909"
"3,0 : 0.5909"
"0,4 : 0.3202"
"4,0 : 0.3202"
"0,5 : 0.2786"
"5,0 : 0.2786"
"0,6 : 0.2731"
"6,0 : 0.2731"
"0,7 : 0.4675"
"7,0 : 0.4675"
"0,8 : 0.428"
"8,0 : 0.428"
"0,9 : 0.65"
"9,0 : 0.65"
"0,10 : 0.1421"
"10,0 : 0.1421"
"0,11 : 0.6003"
"11,0 : 0.6003"
"0,12 : 0.46"
"12,0 : 0.46"
"0,13 : 0.5825"
"13,0 : 0.5825"
"0,14 : 0.422"
"14,0 : 0.422"
"0,15 : 0.3384"
"15,0 : 0.3384"
"0,16 : 0.3932"
"16,0 : 0.3932"
"0,17 : 0.6972"
"17,0 : 0.6972"
"0,18 : 0.6017"
"18,0 : 0.6017"
"0,19 : 0.2983"
"19,0 : 0.2983"
"0,20 : 0.6053"
"20,0 : 0.6053"
"0,21 : 0.15"
"21,0 : 0.15"
"0,22 : 0.7925"
"22,0 : 0.7925"
"0,23 : 0.0943"
"23,0 : 0.0943"
"0,24 : 0.4785"
"24,0 : 0.4785"
"0,25 : 0.4965"
"25,0 : 0.4965"
"0,26 : 0.0424"
"26,0 : 0.0424"
"0,27 : 0.6201"
"27,0 : 0.6201"
"0,28 : 0.1769"
"28,0 : 0.1769"
"0,29 : 0.522"
"29,0 : 0.522"
"0,30 : 0.2256"
"30,0 : 0.2256"
"0,31 : 0.5803"
"31,0 : 0.5803"
"0,32 : 0.6"
"32,0 : 0.6"
"0,33 : 0.5187"
"33,0 : 0.5187"
"0,34 : 0.6335"
"34,0 : 0.6335"
"0,35 : 0.3396"
"35,0 : 0.3396"
"0,36 : 0.4855"
"36,0 : 0.4855"
"0,37 : 0.228"
"37,0 : 0.228"
"0,38 : 0.6774"
"38,0 : 0.6774"
"0,39 : 0.5946"
"39,0 : 0.5946"
"0,40 : 0.6612"
"40,0 : 0.6612"
"0,41 : 0.658"
"41,0 : 0.658"
"0,42 : 0.4588"
"42,0 : 0.4588"
"0,43 : 0.6762"
"43,0 : 0.6762"
"0,44 : 0.6107"
"44,0 : 0.6107"
"0,45 : 0.2"
"45,0 : 0.2"
"0,46 : 0.5255"
"46,0 : 0.5255"
"0,47 : 0.6987"
"47,0 : 0.6987"
"0,48 : 0.4418"
"48,0 : 0.4418"
"0,49 : 0.5192"
"49,0 : 0.5192"
"1,2 : 0.6103"
"2,1 : 0.6103"
"1,3 : 0.8521"
"3,1 : 0.8521"
"1,4 : 0.4561"
"4,1 : 0.4561"
"1,5 : 0.9494"
"5,1 : 0.9494"
"1,6 : 0.6912"
"6,1 : 0.6912"
"1,7 : 0.9291"
"7,1 : 0.9291"
"1,8 : 0.377"
"8,1 : 0.377"
"1,9 : 0.4743"
"9,1 : 0.4743"
"1,10 : 0.9183"
"10,1 : 0.9183"
"1,11 : 0.3126"
"11,1 : 0.3126"
"1,12 : 0.6103"
"12,1 : 0.6103"
"1,13 : 0.1985"
"13,1 : 0.1985"
"1,14 : 0.4294"
"14,1 : 0.4294"
"1,15 : 0.525"
"15,1 : 0.525"
"1,16 : 0.6661"
"16,1 : 0.6661"
"1,17 : 0.5515"
"17,1 : 0.5515"
"1,18 : 0.3981"
"18,1 : 0.3981"
"1,19 : 1.0745"
"19,1 : 1.0745"
"1,20 : 0.5434"
"20,1 : 0.5434"
"1,21 : 0.794"
"21,1 : 0.794"
"1,22 : 0.0671"
"22,1 : 0.0671"
"1,23 : 0.6825"
"23,1 : 0.6825"
"1,24 : 0.4144"
"24,1 : 0.4144"
"1,25 : 0.841"
"25,1 : 0.841"
"1,26 : 0.7341"
"26,1 : 0.7341"
"1,27 : 0.6356"
"27,1 : 0.6356"
"1,28 : 0.7824"
"28,1 : 0.7824"
"1,29 : 0.3479"
"29,1 : 0.3479"
"1,30 : 0.7094"
"30,1 : 0.7094"
"1,31 : 0.461"
"31,1 : 0.461"
"1,32 : 0.1769"
"32,1 : 0.1769"
"1,33 : 0.3239"
"33,1 : 0.3239"
"1,34 : 0.3501"
"34,1 : 0.3501"
"1,35 : 0.4883"
"35,1 : 0.4883"
"1,36 : 0.3569"
"36,1 : 0.3569"
"1,37 : 1.0042"
"37,1 : 1.0042"
"1,38 : 0.3847"
"38,1 : 0.3847"
"1,39 : 0.8139"
"39,1 : 0.8139"
"1,40 : 0.5224"
"40,1 : 0.5224"
"1,41 : 0.1334"
"41,1 : 0.1334"
"1,42 : 0.3672"
"42,1 : 0.3672"
"1,43 : 0.8911"
"43,1 : 0.8911"
"1,44 : 0.1664"
"44,1 : 0.1664"
"1,45 : 0.6712"
"45,1 : 0.6712"
"1,46 : 0.4201"
"46,1 : 0.4201"
"1,47 : 0.75"
"47,1 : 0.75"
"1,48 : 0.5714"
"48,1 : 0.5714"
"1,49 : 0.7503"
"49,1 : 0.7503"
"2,3 : 0.368"
"3,2 : 0.368"
"2,4 : 0.2377"
"4,2 : 0.2377"
"2,5 : 0.3467"
"5,2 : 0.3467"
"2,6 : 0.4565"
"6,2 : 0.4565"
"2,7 : 0.3453"
"7,2 : 0.3453"
"2,8 : 0.2354"
"8,2 : 0.2354"
"2,9 : 0.364"
"9,2 : 0.364"
"2,10 : 0.405"
"10,2 : 0.405"
"2,11 : 0.3547"
"11,2 : 0.3547"
"2,12 : 0.1726"
"12,2 : 0.1726"
"2,13 : 0.4518"
"13,2 : 0.4518"
"2,14 : 0.4249"
"14,2 : 0.4249"
"2,15 : 0.0854"
"15,2 : 0.0854"
"2,16 : 0.1281"
"16,2 : 0.1281"
"2,17 : 0.4061"
"17,2 : 0.4061"
"2,18 : 0.3302"
"18,2 : 0.3302"
"2,19 : 0.5459"
"19,2 : 0.5459"
"2,20 : 0.314"
"20,2 : 0.314"
"2,21 : 0.4144"
"21,2 : 0.4144"
"2,22 : 0.6042"
"22,2 : 0.6042"
"2,23 : 0.2452"
"23,2 : 0.2452"
"2,24 : 0.4833"
"24,2 : 0.4833"
"2,25 : 0.3002"
"25,2 : 0.3002"
"2,26 : 0.26"
"26,2 : 0.26"
"2,27 : 0.3324"
"27,2 : 0.3324"
"2,28 : 0.4295"
"28,2 : 0.4295"
"2,29 : 0.4904"
"29,2 : 0.4904"
"2,30 : 0.1063"
"30,2 : 0.1063"
"2,31 : 0.6127"
"31,2 : 0.6127"
"2,32 : 0.4554"
"32,2 : 0.4554"
"2,33 : 0.2953"
"33,2 : 0.2953"
"2,34 : 0.6113"
"34,2 : 0.6113"
"2,35 : 0.3662"
"35,2 : 0.3662"
"2,36 : 0.2594"
"36,2 : 0.2594"
"2,37 : 0.4785"
"37,2 : 0.4785"
"2,38 : 0.6676"
"38,2 : 0.6676"
"2,39 : 0.3547"
"39,2 : 0.3547"
"2,40 : 0.7112"
"40,2 : 0.7112"
"2,41 : 0.4776"
"41,2 : 0.4776"
"2,42 : 0.4206"
"42,2 : 0.4206"
"2,43 : 0.446"
"43,2 : 0.446"
"2,44 : 0.4512"
"44,2 : 0.4512"
"2,45 : 0.0949"
"45,2 : 0.0949"
"2,46 : 0.2561"
"46,2 : 0.2561"
"2,47 : 0.4238"
"47,2 : 0.4238"
"2,48 : 0.1503"
"48,2 : 0.1503"
"2,49 : 0.2702"
"49,2 : 0.2702"
"3,4 : 0.5964"
"4,3 : 0.5964"
"3,5 : 0.4405"
"5,3 : 0.4405"
"3,6 : 0.814"
"6,3 : 0.814"
"3,7 : 0.2025"
"7,3 : 0.2025"
"3,8 : 0.5385"
"8,3 : 0.5385"
"3,9 : 0.41"
"9,3 : 0.41"
"3,10 : 0.6433"
"10,3 : 0.6433"
"3,11 : 0.5404"
"11,3 : 0.5404"
"3,12 : 0.253"
"12,3 : 0.253"
"3,13 : 0.75"
"13,3 : 0.75"
"3,14 : 0.7849"
"14,3 : 0.7849"
"3,15 : 0.4134"
"15,3 : 0.4134"
"3,16 : 0.2421"
"16,3 : 0.2421"
"3,17 : 0.3716"
"17,3 : 0.3716"
"3,18 : 0.4604"
"18,3 : 0.4604"
"3,19 : 0.7301"
"19,3 : 0.7301"
"3,20 : 0.3256"
"20,3 : 0.3256"
"3,21 : 0.7379"
"21,3 : 0.7379"
"3,22 : 0.82"
"22,3 : 0.82"
"3,23 : 0.5852"
"23,3 : 0.5852"
"3,24 : 0.8406"
"24,3 : 0.8406"
"3,25 : 0.1005"
"25,3 : 0.1005"
"3,26 : 0.5771"
"26,3 : 0.5771"
"3,27 : 0.2435"
"27,3 : 0.2435"
"3,28 : 0.7606"
"28,3 : 0.7606"
"3,29 : 0.8365"
"29,3 : 0.8365"
"3,30 : 0.3722"
"30,3 : 0.3722"
"3,31 : 0.971"
"31,3 : 0.971"
"3,32 : 0.7422"
"32,3 : 0.7422"
"3,33 : 0.5413"
"33,3 : 0.5413"
"3,34 : 0.9527"
"34,3 : 0.9527"
"3,35 : 0.7325"
"35,3 : 0.7325"
"3,36 : 0.5166"
"36,3 : 0.5166"
"3,37 : 0.6826"
"37,3 : 0.6826"
"3,38 : 1.0108"
"38,3 : 1.0108"
"3,39 : 0.0447"
"39,3 : 0.0447"
"3,40 : 1.0707"
"40,3 : 1.0707"
"3,41 : 0.7256"
"41,3 : 0.7256"
"3,42 : 0.7703"
"42,3 : 0.7703"
"3,43 : 0.0854"
"43,3 : 0.0854"
"3,44 : 0.7257"
"44,3 : 0.7257"
"3,45 : 0.4162"
"45,3 : 0.4162"
"3,46 : 0.4329"
"46,3 : 0.4329"
"3,47 : 0.1985"
"47,3 : 0.1985"
"3,48 : 0.2973"
"48,3 : 0.2973"
"3,49 : 0.1077"
"49,3 : 0.1077"
"4,5 : 0.5197"
"5,4 : 0.5197"
"4,6 : 0.31"
"6,4 : 0.31"
"4,7 : 0.5797"
"7,4 : 0.5797"
"4,8 : 0.1404"
"8,4 : 0.1404"
"4,9 : 0.4393"
"9,4 : 0.4393"
"4,10 : 0.4623"
"10,4 : 0.4623"
"4,11 : 0.3239"
"11,4 : 0.3239"
"4,12 : 0.3607"
"12,4 : 0.3607"
"4,13 : 0.2642"
"13,4 : 0.2642"
"4,14 : 0.1887"
"14,4 : 0.1887"
"4,15 : 0.1844"
"15,4 : 0.1844"
"4,16 : 0.3551"
"16,4 : 0.3551"
"4,17 : 0.5124"
"17,4 : 0.5124"
"4,18 : 0.3612"
"18,4 : 0.3612"
"4,19 : 0.6185"
"19,4 : 0.6185"
"4,20 : 0.4346"
"20,4 : 0.4346"
"4,21 : 0.3578"
"21,4 : 0.3578"
"4,22 : 0.4738"
"22,4 : 0.4738"
"4,23 : 0.2267"
"23,4 : 0.2267"
"4,24 : 0.246"
"24,4 : 0.246"
"4,25 : 0.5367"
"25,4 : 0.5367"
"4,26 : 0.278"
"26,4 : 0.278"
"4,27 : 0.494"
"27,4 : 0.494"
"4,28 : 0.3547"
"28,4 : 0.3547"
"4,29 : 0.255"
"29,4 : 0.255"
"4,30 : 0.3007"
"30,4 : 0.3007"
"4,31 : 0.3759"
"31,4 : 0.3759"
"4,32 : 0.2802"
"32,4 : 0.2802"
"4,33 : 0.2335"
"33,4 : 0.2335"
"4,34 : 0.3766"
"34,4 : 0.3766"
"4,35 : 0.1442"
"35,4 : 0.1442"
"4,36 : 0.2102"
"36,4 : 0.2102"
"4,37 : 0.5482"
"37,4 : 0.5482"
"4,38 : 0.4317"
"38,4 : 0.4317"
"4,39 : 0.5763"
"39,4 : 0.5763"
"4,40 : 0.4751"
"40,4 : 0.4751"
"4,41 : 0.3397"
"41,4 : 0.3397"
"4,42 : 0.1844"
"42,4 : 0.1844"
"4,43 : 0.6684"
"43,4 : 0.6684"
"4,44 : 0.2907"
"44,4 : 0.2907"
"4,45 : 0.25"
"45,4 : 0.25"
"4,46 : 0.2961"
"46,4 : 0.2961"
"4,47 : 0.608"
"47,4 : 0.608"
"4,48 : 0.3189"
"48,4 : 0.3189"
"4,49 : 0.492"
"49,4 : 0.492"
"5,6 : 0.5515"
"6,5 : 0.5515"
"5,7 : 0.255"
"7,5 : 0.255"
"5,8 : 0.5727"
"8,5 : 0.5727"
"5,9 : 0.6762"
"9,5 : 0.6762"
"5,10 : 0.2421"
"10,5 : 0.2421"
"5,11 : 0.7"
"11,5 : 0.7"
"5,12 : 0.4441"
"12,5 : 0.4441"
"5,13 : 0.7749"
"13,5 : 0.7749"
"5,14 : 0.67"
"14,5 : 0.67"
"5,15 : 0.4305"
"15,5 : 0.4305"
"5,16 : 0.3581"
"16,5 : 0.3581"
"5,17 : 0.6912"
"17,5 : 0.6912"
"5,18 : 0.6648"
"18,5 : 0.6648"
"5,19 : 0.2915"
"19,5 : 0.2915"
"5,20 : 0.6046"
"20,5 : 0.6046"
"5,21 : 0.4134"
"21,5 : 0.4134"
"5,22 : 0.9483"
"22,5 : 0.9483"
"5,23 : 0.3437"
"23,5 : 0.3437"
"5,24 : 0.7301"
"24,5 : 0.7301"
"5,25 : 0.3413"
"25,5 : 0.3413"
"5,26 : 0.2983"
"26,5 : 0.2983"
"5,27 : 0.577"
"27,5 : 0.577"
"5,28 : 0.4442"
"28,5 : 0.4442"
"5,29 : 0.7616"
"29,5 : 0.7616"
"5,30 : 0.2419"
"30,5 : 0.2419"
"5,31 : 0.8438"
"31,5 : 0.8438"
"5,32 : 0.7843"
"32,5 : 0.7843"
"5,33 : 0.6414"
"33,5 : 0.6414"
"5,34 : 0.8805"
"34,5 : 0.8805"
"5,35 : 0.5903"
"35,5 : 0.5903"
"5,36 : 0.6054"
"36,5 : 0.6054"
"5,37 : 0.253"
"37,5 : 0.253"
"5,38 : 0.93"
"38,5 : 0.93"
"5,39 : 0.4639"
"39,5 : 0.4639"
"5,40 : 0.9306"
"40,5 : 0.9306"
"5,41 : 0.8186"
"41,5 : 0.8186"
"5,42 : 0.6926"
"42,5 : 0.6926"
"5,43 : 0.5201"
"43,5 : 0.5201"
"5,44 : 0.7855"
"44,5 : 0.7855"
"5,45 : 0.2786"
"45,5 : 0.2786"
"5,46 : 0.5955"
"46,5 : 0.5955"
"5,47 : 0.6088"
"47,5 : 0.6088"
"5,48 : 0.4534"
"48,5 : 0.4534"
"5,49 : 0.4176"
"49,5 : 0.4176"
"6,7 : 0.7247"
"7,6 : 0.7247"
"6,8 : 0.4501"
"8,6 : 0.4501"
"6,9 : 0.7455"
"9,6 : 0.7455"
"6,10 : 0.3606"
"10,6 : 0.3606"
"6,11 : 0.632"
"11,6 : 0.632"
"6,12 : 0.6224"
"12,6 : 0.6224"
"6,13 : 0.4965"
"13,6 : 0.4965"
"6,14 : 0.264"
"14,6 : 0.264"
"6,15 : 0.4522"
"15,6 : 0.4522"
"6,16 : 0.5831"
"16,6 : 0.5831"
"6,17 : 0.8139"
"17,6 : 0.8139"
"6,18 : 0.6707"
"18,6 : 0.6707"
"6,19 : 0.4866"
"19,6 : 0.4866"
"6,20 : 0.7301"
"20,6 : 0.7301"
"6,21 : 0.1603"
"21,6 : 0.1603"
"6,22 : 0.729"
"22,6 : 0.729"
"6,23 : 0.2335"
"23,6 : 0.2335"
"6,24 : 0.2973"
"24,6 : 0.2973"
"6,25 : 0.73"
"25,6 : 0.73"
"6,26 : 0.2608"
"26,6 : 0.2608"
"6,27 : 0.7749"
"27,6 : 0.7749"
"6,28 : 0.1315"
"28,6 : 0.1315"
"6,29 : 0.3607"
"29,6 : 0.3607"
"6,30 : 0.446"
"30,6 : 0.446"
"6,31 : 0.3547"
"31,6 : 0.3547"
"6,32 : 0.5233"
"32,6 : 0.5233"
"6,33 : 0.5415"
"33,6 : 0.5415"
"6,34 : 0.441"
"34,6 : 0.441"
"6,35 : 0.2062"
"35,6 : 0.2062"
"6,36 : 0.5201"
"36,6 : 0.5201"
"6,37 : 0.431"
"37,6 : 0.431"
"6,38 : 0.4696"
"38,6 : 0.4696"
"6,39 : 0.8071"
"39,6 : 0.8071"
"6,40 : 0.4159"
"40,6 : 0.4159"
"6,41 : 0.6054"
"41,6 : 0.6054"
"6,42 : 0.3245"
"42,6 : 0.3245"
"6,43 : 0.8963"
"43,6 : 0.8963"
"6,44 : 0.5463"
"44,6 : 0.5463"
"6,45 : 0.3982"
"45,6 : 0.3982"
"6,46 : 0.603"
"46,6 : 0.603"
"6,47 : 0.8773"
"47,6 : 0.8773"
"6,48 : 0.5887"
"48,6 : 0.5887"
"6,49 : 0.724"
"49,6 : 0.724"
"7,8 : 0.5701"
"8,7 : 0.5701"
"7,9 : 0.5471"
"9,7 : 0.5471"
"7,10 : 0.4833"
"10,7 : 0.4833"
"7,11 : 0.6332"
"11,7 : 0.6332"
"7,12 : 0.3289"
"12,7 : 0.3289"
"7,13 : 0.7903"
"13,7 : 0.7903"
"7,14 : 0.7622"
"14,7 : 0.7622"
"7,15 : 0.4211"
"15,7 : 0.4211"
"7,16 : 0.2631"
"16,7 : 0.2631"
"7,17 : 0.5326"
"17,7 : 0.5326"
"7,18 : 0.5701"
"18,7 : 0.5701"
"7,19 : 0.5459"
"19,7 : 0.5459"
"7,20 : 0.4632"
"20,7 : 0.4632"
"7,21 : 0.6172"
"21,7 : 0.6172"
"7,22 : 0.9101"
"22,7 : 0.9101"
"7,23 : 0.492"
"23,7 : 0.492"
"7,24 : 0.8222"
"24,7 : 0.8222"
"7,25 : 0.1204"
"25,7 : 0.1204"
"7,26 : 0.4669"
"26,7 : 0.4669"
"7,27 : 0.4036"
"27,7 : 0.4036"
"7,28 : 0.6444"
"28,7 : 0.6444"
"7,29 : 0.8343"
"29,7 : 0.8343"
"7,30 : 0.2907"
"30,7 : 0.2907"
"7,31 : 0.9492"
"31,7 : 0.9492"
"7,32 : 0.7901"
"32,7 : 0.7901"
"7,33 : 0.6053"
"33,7 : 0.6053"
"7,34 : 0.9557"
"34,7 : 0.9557"
"7,35 : 0.6946"
"35,7 : 0.6946"
"7,36 : 0.5731"
"36,7 : 0.5731"
"7,37 : 0.507"
"37,7 : 0.507"
"7,38 : 1.0114"
"38,7 : 1.0114"
"7,39 : 0.2371"
"39,7 : 0.2371"
"7,40 : 1.0455"
"40,7 : 1.0455"
"7,41 : 0.7963"
"41,7 : 0.7963"
"7,42 : 0.764"
"42,7 : 0.764"
"7,43 : 0.2729"
"43,7 : 0.2729"
"7,44 : 0.781"
"44,7 : 0.781"
"7,45 : 0.3444"
"45,7 : 0.3444"
"7,46 : 0.5192"
"46,7 : 0.5192"
"7,47 : 0.3945"
"47,7 : 0.3945"
"7,48 : 0.3614"
"48,7 : 0.3614"
"7,49 : 0.2267"
"49,7 : 0.2267"
"8,9 : 0.3068"
"9,8 : 0.3068"
"8,10 : 0.5673"
"10,8 : 0.5673"
"8,11 : 0.1844"
"11,8 : 0.1844"
"8,12 : 0.2864"
"12,8 : 0.2864"
"8,13 : 0.2202"
"13,8 : 0.2202"
"8,14 : 0.283"
"14,8 : 0.283"
"8,15 : 0.1513"
"15,8 : 0.1513"
"8,16 : 0.314"
"16,8 : 0.314"
"8,17 : 0.3848"
"17,8 : 0.3848"
"8,18 : 0.2236"
"18,8 : 0.2236"
"8,19 : 0.7218"
"19,8 : 0.7218"
"8,20 : 0.3162"
"20,8 : 0.3162"
"8,21 : 0.4904"
"21,8 : 0.4904"
"8,22 : 0.3774"
"22,8 : 0.3774"
"8,23 : 0.3413"
"23,8 : 0.3413"
"8,24 : 0.3265"
"24,8 : 0.3265"
"8,25 : 0.5001"
"25,8 : 0.5001"
"8,26 : 0.386"
"26,8 : 0.386"
"8,27 : 0.389"
"27,8 : 0.389"
"8,28 : 0.4904"
"28,8 : 0.4904"
"8,29 : 0.3061"
"29,8 : 0.3061"
"8,30 : 0.3324"
"30,8 : 0.3324"
"8,31 : 0.4525"
"31,8 : 0.4525"
"8,32 : 0.2209"
"32,8 : 0.2209"
"8,33 : 0.0949"
"33,8 : 0.0949"
"8,34 : 0.4168"
"34,8 : 0.4168"
"8,35 : 0.2693"
"35,8 : 0.2693"
"8,36 : 0.07"
"36,8 : 0.07"
"8,37 : 0.6512"
"37,8 : 0.6512"
"8,38 : 0.4751"
"38,8 : 0.4751"
"8,39 : 0.5099"
"39,8 : 0.5099"
"8,40 : 0.5517"
"40,8 : 0.5517"
"8,41 : 0.246"
"41,8 : 0.246"
"8,42 : 0.2476"
"42,8 : 0.2476"
"8,43 : 0.5994"
"43,8 : 0.5994"
"8,44 : 0.2159"
"44,8 : 0.2159"
"8,45 : 0.2953"
"45,8 : 0.2953"
"8,46 : 0.1655"
"46,8 : 0.1655"
"8,47 : 0.5093"
"47,8 : 0.5093"
"8,48 : 0.2417"
"48,8 : 0.2417"
"8,49 : 0.4308"
"49,8 : 0.4308"
"9,10 : 0.769"
"10,9 : 0.769"
"9,11 : 0.178"
"11,9 : 0.178"
"9,12 : 0.2335"
"12,9 : 0.2335"
"9,13 : 0.4386"
"13,9 : 0.4386"
"9,14 : 0.586"
"14,9 : 0.586"
"9,15 : 0.314"
"15,9 : 0.314"
"9,16 : 0.3189"
"16,9 : 0.3189"
"9,17 : 0.0849"
"17,9 : 0.0849"
"9,18 : 0.0922"
"18,9 : 0.0922"
"9,19 : 0.908"
"19,9 : 0.908"
"9,20 : 0.0854"
"20,9 : 0.0854"
"9,21 : 0.7533"
"21,9 : 0.7533"
"9,22 : 0.4295"
"22,9 : 0.4295"
"9,23 : 0.5855"
"23,9 : 0.5855"
"9,24 : 0.6227"
"24,9 : 0.6227"
"9,25 : 0.4338"
"25,9 : 0.4338"
"9,26 : 0.6139"
"26,9 : 0.6139"
"9,27 : 0.1703"
"27,9 : 0.1703"
"9,28 : 0.7611"
"28,9 : 0.7611"
"9,29 : 0.5882"
"29,9 : 0.5882"
"9,30 : 0.4607"
"30,9 : 0.4607"
"9,31 : 0.7406"
"31,9 : 0.7406"
"9,32 : 0.4187"
"32,9 : 0.4187"
"9,33 : 0.2385"
"33,9 : 0.2385"
"9,34 : 0.6794"
"34,9 : 0.6794"
"9,35 : 0.5757"
"35,9 : 0.5757"
"9,36 : 0.2417"
"36,9 : 0.2417"
"9,37 : 0.8417"
"37,9 : 0.8417"
"9,38 : 0.7355"
"38,9 : 0.7355"
"9,39 : 0.3667"
"39,9 : 0.3667"
"9,40 : 0.836"
"40,9 : 0.836"
"9,41 : 0.3672"
"41,9 : 0.3672"
"9,42 : 0.542"
"42,9 : 0.542"
"9,43 : 0.4301"
"43,9 : 0.4301"
"9,44 : 0.392"
"44,9 : 0.392"
"9,45 : 0.4588"
"45,9 : 0.4588"
"9,46 : 0.1432"
"46,9 : 0.1432"
"9,47 : 0.2766"
"47,9 : 0.2766"
"9,48 : 0.2247"
"48,9 : 0.2247"
"9,49 : 0.327"
"49,9 : 0.327"
"10,11 : 0.735"
"11,10 : 0.735"
"10,12 : 0.5609"
"12,10 : 0.5609"
"10,13 : 0.7242"
"13,10 : 0.7242"
"10,14 : 0.5536"
"14,10 : 0.5536"
"10,15 : 0.4653"
"15,10 : 0.4653"
"10,16 : 0.4837"
"16,10 : 0.4837"
"10,17 : 0.8078"
"17,10 : 0.8078"
"10,18 : 0.729"
"18,10 : 0.729"
"10,19 : 0.1562"
"19,10 : 0.1562"
"10,20 : 0.7157"
"20,10 : 0.7157"
"10,21 : 0.2022"
"21,10 : 0.2022"
"10,22 : 0.9343"
"22,10 : 0.9343"
"10,23 : 0.236"
"23,10 : 0.236"
"10,24 : 0.6073"
"24,10 : 0.6073"
"10,25 : 0.5434"
"25,10 : 0.5434"
"10,26 : 0.1844"
"26,10 : 0.1844"
"10,27 : 0.717"
"27,10 : 0.717"
"10,28 : 0.2335"
"28,10 : 0.2335"
"10,29 : 0.6555"
"29,10 : 0.6555"
"10,30 : 0.3158"
"30,10 : 0.3158"
"10,31 : 0.6987"
"31,10 : 0.6987"
"10,32 : 0.742"
"32,10 : 0.742"
"10,33 : 0.656"
"33,10 : 0.656"
"10,34 : 0.7624"
"34,10 : 0.7624"
"10,35 : 0.4717"
"35,10 : 0.4717"
"10,36 : 0.622"
"36,10 : 0.622"
"10,37 : 0.086"
"37,10 : 0.086"
"10,38 : 0.8028"
"38,10 : 0.8028"
"10,39 : 0.6562"
"39,10 : 0.6562"
"10,40 : 0.7716"
"40,10 : 0.7716"
"10,41 : 0.7998"
"41,10 : 0.7998"
"10,42 : 0.5951"
"42,10 : 0.5951"
"10,43 : 0.7278"
"43,10 : 0.7278"
"10,44 : 0.7529"
"44,10 : 0.7529"
"10,45 : 0.3102"
"45,10 : 0.3102"
"10,46 : 0.653"
"46,10 : 0.653"
"10,47 : 0.78"
"47,10 : 0.78"
"10,48 : 0.5508"
"48,10 : 0.5508"
"10,49 : 0.5908"
"49,10 : 0.5908"
"11,12 : 0.3059"
"12,11 : 0.3059"
"11,13 : 0.2617"
"13,11 : 0.2617"
"11,14 : 0.4342"
"14,11 : 0.4342"
"11,15 : 0.2759"
"15,11 : 0.2759"
"11,16 : 0.3734"
"16,11 : 0.3734"
"11,17 : 0.2625"
"17,11 : 0.2625"
"11,18 : 0.0894"
"18,11 : 0.0894"
"11,19 : 0.886"
"19,11 : 0.886"
"11,20 : 0.2341"
"20,11 : 0.2341"
"11,21 : 0.6736"
"21,11 : 0.6736"
"11,22 : 0.2807"
"22,11 : 0.2807"
"11,23 : 0.5189"
"23,11 : 0.5189"
"11,24 : 0.4624"
"24,11 : 0.4624"
"11,25 : 0.536"
"25,11 : 0.536"
"11,26 : 0.5595"
"26,11 : 0.5595"
"11,27 : 0.3257"
"27,11 : 0.3257"
"11,28 : 0.6745"
"28,11 : 0.6745"
"11,29 : 0.4206"
"29,11 : 0.4206"
"11,30 : 0.461"
"30,11 : 0.461"
"11,31 : 0.5731"
"31,11 : 0.5731"
"11,32 : 0.2408"
"32,11 : 0.2408"
"11,33 : 0.0906"
"33,11 : 0.0906"
"11,34 : 0.5045"
"34,11 : 0.5045"
"11,35 : 0.441"
"35,11 : 0.441"
"11,36 : 0.117"
"36,11 : 0.117"
"11,37 : 0.8161"
"37,11 : 0.8161"
"11,38 : 0.5597"
"38,11 : 0.5597"
"11,39 : 0.5016"
"39,11 : 0.5016"
"11,40 : 0.6657"
"40,11 : 0.6657"
"11,41 : 0.1931"
"41,11 : 0.1931"
"11,42 : 0.3828"
"42,11 : 0.3828"
"11,43 : 0.5787"
"43,11 : 0.5787"
"11,44 : 0.214"
"44,11 : 0.214"
"11,45 : 0.4386"
"45,11 : 0.4386"
"11,46 : 0.114"
"46,11 : 0.114"
"11,47 : 0.4438"
"47,11 : 0.4438"
"11,48 : 0.272"
"48,11 : 0.272"
"11,49 : 0.4405"
"49,11 : 0.4405"
"12,13 : 0.4973"
"13,12 : 0.4973"
"12,14 : 0.5456"
"14,12 : 0.5456"
"12,15 : 0.178"
"15,12 : 0.178"
"12,16 : 0.086"
"16,12 : 0.086"
"12,17 : 0.2508"
"17,12 : 0.2508"
"12,18 : 0.2417"
"18,12 : 0.2417"
"12,19 : 0.6895"
"19,12 : 0.6895"
"12,20 : 0.1612"
"20,12 : 0.1612"
"12,21 : 0.5869"
"21,12 : 0.5869"
"12,22 : 0.5855"
"22,12 : 0.5855"
"12,23 : 0.4177"
"23,12 : 0.4177"
"12,24 : 0.5982"
"24,12 : 0.5982"
"12,25 : 0.2309"
"25,12 : 0.2309"
"12,26 : 0.431"
"26,12 : 0.431"
"12,27 : 0.1603"
"27,12 : 0.1603"
"12,28 : 0.6021"
"28,12 : 0.6021"
"12,29 : 0.5883"
"29,12 : 0.5883"
"12,30 : 0.2452"
"30,12 : 0.2452"
"12,31 : 0.728"
"31,12 : 0.728"
"12,32 : 0.4903"
"32,12 : 0.4903"
"12,33 : 0.2915"
"33,12 : 0.2915"
"12,34 : 0.7024"
"34,12 : 0.7024"
"12,35 : 0.5033"
"35,12 : 0.5033"
"12,36 : 0.2648"
"36,12 : 0.2648"
"12,37 : 0.6264"
"37,12 : 0.6264"
"12,38 : 0.7606"
"38,12 : 0.7606"
"12,39 : 0.2236"
"39,12 : 0.2236"
"12,40 : 0.828"
"40,12 : 0.828"
"12,41 : 0.4801"
"41,12 : 0.4801"
"12,42 : 0.5243"
"42,12 : 0.5243"
"12,43 : 0.3138"
"43,12 : 0.3138"
"12,44 : 0.4752"
"44,12 : 0.4752"
"12,45 : 0.26"
"45,12 : 0.26"
"12,46 : 0.1924"
"46,12 : 0.1924"
"12,47 : 0.255"
"47,12 : 0.255"
"12,48 : 0.0447"
"48,12 : 0.0447"
"12,49 : 0.1456"
"49,12 : 0.1456"
"13,14 : 0.2404"
"14,13 : 0.2404"
"13,15 : 0.3701"
"15,13 : 0.3701"
"13,16 : 0.5334"
"16,13 : 0.5334"
"13,17 : 0.5235"
"17,13 : 0.5235"
"13,18 : 0.3471"
"18,13 : 0.3471"
"13,19 : 0.8801"
"19,13 : 0.8801"
"13,20 : 0.4826"
"20,13 : 0.4826"
"13,21 : 0.5955"
"21,13 : 0.5955"
"13,22 : 0.2326"
"22,13 : 0.2326"
"13,23 : 0.4883"
"23,13 : 0.4883"
"13,24 : 0.2402"
"24,13 : 0.2402"
"13,25 : 0.7185"
"25,13 : 0.7185"
"13,26 : 0.5408"
"26,13 : 0.5408"
"13,27 : 0.5694"
"27,13 : 0.5694"
"13,28 : 0.5841"
"28,13 : 0.5841"
"13,29 : 0.1811"
"29,13 : 0.1811"
"13,30 : 0.5413"
"30,13 : 0.5413"
"13,31 : 0.3257"
"31,13 : 0.3257"
"13,32 : 0.03"
"32,13 : 0.03"
"13,33 : 0.2147"
"33,13 : 0.2147"
"13,34 : 0.2441"
"34,13 : 0.2441"
"13,35 : 0.2915"
"35,13 : 0.2915"
"13,36 : 0.2341"
"36,13 : 0.2341"
"13,37 : 0.8102"
"37,13 : 0.8102"
"13,38 : 0.2983"
"38,13 : 0.2983"
"13,39 : 0.7178"
"39,13 : 0.7178"
"13,40 : 0.4115"
"40,13 : 0.4115"
"13,41 : 0.12"
"41,13 : 0.12"
"13,42 : 0.1772"
"42,13 : 0.1772"
"13,43 : 0.8041"
"43,13 : 0.8041"
"13,44 : 0.0608"
"44,13 : 0.0608"
"13,45 : 0.4973"
"45,13 : 0.4973"
"13,46 : 0.3312"
"46,13 : 0.3312"
"13,47 : 0.6912"
"47,13 : 0.6912"
"13,48 : 0.4535"
"48,13 : 0.4535"
"13,49 : 0.6429"
"49,13 : 0.6429"
"14,15 : 0.372"
"15,14 : 0.372"
"14,16 : 0.5438"
"16,14 : 0.5438"
"14,17 : 0.6665"
"17,14 : 0.6665"
"14,18 : 0.4977"
"18,14 : 0.4977"
"14,19 : 0.7026"
"19,14 : 0.7026"
"14,20 : 0.5991"
"20,14 : 0.5991"
"14,21 : 0.3883"
"21,14 : 0.3883"
"14,22 : 0.4717"
"22,14 : 0.4717"
"14,23 : 0.3338"
"23,14 : 0.3338"
"14,24 : 0.0608"
"24,14 : 0.0608"
"14,25 : 0.7247"
"25,14 : 0.7247"
"14,26 : 0.3864"
"26,14 : 0.3864"
"14,27 : 0.6684"
"27,14 : 0.6684"
"14,28 : 0.3701"
"28,14 : 0.3701"
"14,29 : 0.103"
"29,14 : 0.103"
"14,30 : 0.4754"
"30,14 : 0.4754"
"14,31 : 0.1879"
"31,14 : 0.1879"
"14,32 : 0.2693"
"32,14 : 0.2693"
"14,33 : 0.3511"
"33,14 : 0.3511"
"14,34 : 0.2121"
"34,14 : 0.2121"
"14,35 : 0.0825"
"35,14 : 0.0825"
"14,36 : 0.3444"
"36,14 : 0.3444"
"14,37 : 0.6369"
"37,14 : 0.6369"
"14,38 : 0.26"
"38,14 : 0.26"
"14,39 : 0.764"
"39,14 : 0.764"
"14,40 : 0.2865"
"40,14 : 0.2865"
"14,41 : 0.3569"
"41,14 : 0.3569"
"14,42 : 0.0632"
"42,14 : 0.0632"
"14,43 : 0.856"
"43,14 : 0.856"
"14,44 : 0.2961"
"44,14 : 0.2961"
"14,45 : 0.422"
"45,14 : 0.422"
"14,46 : 0.4478"
"46,14 : 0.4478"
"14,47 : 0.7864"
"47,14 : 0.7864"
"14,48 : 0.5025"
"48,14 : 0.5025"
"14,49 : 0.6801"
"49,14 : 0.6801"
"15,16 : 0.1746"
"16,15 : 0.1746"
"15,17 : 0.3701"
"17,15 : 0.3701"
"15,18 : 0.264"
"18,15 : 0.264"
"15,19 : 0.6129"
"19,15 : 0.6129"
"15,20 : 0.2816"
"20,15 : 0.2816"
"15,21 : 0.4405"
"21,15 : 0.4405"
"15,22 : 0.5189"
"22,15 : 0.5189"
"15,23 : 0.2717"
"23,15 : 0.2717"
"15,24 : 0.4272"
"24,15 : 0.4272"
"15,25 : 0.3606"
"25,15 : 0.3606"
"15,26 : 0.3008"
"26,15 : 0.3008"
"15,27 : 0.3231"
"27,15 : 0.3231"
"15,28 : 0.4501"
"28,15 : 0.4501"
"15,29 : 0.4254"
"29,15 : 0.4254"
"15,30 : 0.1887"
"30,15 : 0.1887"
"15,31 : 0.5576"
"31,15 : 0.5576"
"15,32 : 0.3722"
"32,15 : 0.3722"
"15,33 : 0.211"
"33,15 : 0.211"
"15,34 : 0.5442"
"34,15 : 0.5442"
"15,35 : 0.3256"
"35,15 : 0.3256"
"15,36 : 0.1749"
"36,15 : 0.1749"
"15,37 : 0.5438"
"37,15 : 0.5438"
"15,38 : 0.6017"
"38,15 : 0.6017"
"15,39 : 0.392"
"39,15 : 0.392"
"15,40 : 0.6573"
"40,15 : 0.6573"
"15,41 : 0.3922"
"41,15 : 0.3922"
"15,42 : 0.3578"
"42,15 : 0.3578"
"15,43 : 0.4841"
"43,15 : 0.4841"
"15,44 : 0.3667"
"44,15 : 0.3667"
"15,45 : 0.1628"
"45,15 : 0.1628"
"15,46 : 0.1879"
"46,15 : 0.1879"
"15,47 : 0.4305"
"47,15 : 0.4305"
"15,48 : 0.1389"
"48,15 : 0.1389"
"15,49 : 0.3081"
"49,15 : 0.3081"
"16,17 : 0.3354"
"17,16 : 0.3354"
"16,18 : 0.3191"
"18,16 : 0.3191"
"16,19 : 0.6073"
"19,16 : 0.6073"
"16,20 : 0.247"
"20,16 : 0.247"
"16,21 : 0.5289"
"21,16 : 0.5289"
"16,22 : 0.6476"
"22,16 : 0.6476"
"16,23 : 0.364"
"23,16 : 0.364"
"16,24 : 0.6003"
"24,16 : 0.6003"
"16,25 : 0.1868"
"25,16 : 0.1868"
"16,26 : 0.3688"
"26,16 : 0.3688"
"16,27 : 0.2335"
"27,16 : 0.2335"
"16,28 : 0.5471"
"28,16 : 0.5471"
"16,29 : 0.6001"
"29,16 : 0.6001"
"16,30 : 0.17"
"30,16 : 0.17"
"16,31 : 0.7306"
"31,16 : 0.7306"
"16,32 : 0.5308"
"32,16 : 0.5308"
"16,33 : 0.3423"
"33,16 : 0.3423"
"16,34 : 0.7187"
"34,16 : 0.7187"
"16,35 : 0.4904"
"35,16 : 0.4904"
"16,36 : 0.3106"
"36,16 : 0.3106"
"16,37 : 0.5457"
"37,16 : 0.5457"
"16,38 : 0.7762"
"38,16 : 0.7762"
"16,39 : 0.2267"
"39,16 : 0.2267"
"16,40 : 0.8301"
"40,16 : 0.8301"
"16,41 : 0.5334"
"41,16 : 0.5334"
"16,42 : 0.5323"
"42,16 : 0.5323"
"16,43 : 0.3183"
"43,16 : 0.3183"
"16,44 : 0.52"
"44,16 : 0.52"
"16,45 : 0.1965"
"45,16 : 0.1965"
"16,46 : 0.26"
"46,16 : 0.26"
"16,47 : 0.3059"
"47,16 : 0.3059"
"16,48 : 0.103"
"48,16 : 0.103"
"16,49 : 0.1421"
"49,16 : 0.1421"
"17,18 : 0.1769"
"18,17 : 0.1769"
"17,19 : 0.9398"
"19,17 : 0.9398"
"17,20 : 0.0922"
"20,17 : 0.0922"
"17,21 : 0.8101"
"21,17 : 0.8101"
"17,22 : 0.5029"
"22,17 : 0.5029"
"17,23 : 0.6403"
"23,17 : 0.6403"
"17,24 : 0.7049"
"24,17 : 0.7049"
"17,25 : 0.414"
"25,17 : 0.414"
"17,26 : 0.6637"
"26,17 : 0.6637"
"17,27 : 0.1304"
"27,17 : 0.1304"
"17,28 : 0.8202"
"28,17 : 0.8202"
"17,29 : 0.672"
"29,17 : 0.672"
"17,30 : 0.4934"
"30,17 : 0.4934"
"17,31 : 0.8242"
"31,17 : 0.8242"
"17,32 : 0.5033"
"32,17 : 0.5033"
"17,33 : 0.322"
"33,17 : 0.322"
"17,34 : 0.7642"
"34,17 : 0.7642"
"17,35 : 0.6519"
"35,17 : 0.6519"
"17,36 : 0.3225"
"36,17 : 0.3225"
"17,37 : 0.876"
"37,17 : 0.876"
"17,38 : 0.8204"
"38,17 : 0.8204"
"17,39 : 0.327"
"39,17 : 0.327"
"17,40 : 0.9201"
"40,17 : 0.9201"
"17,41 : 0.4494"
"41,17 : 0.4494"
"17,42 : 0.6243"
"42,17 : 0.6243"
"17,43 : 0.3766"
"43,17 : 0.3766"
"17,44 : 0.4763"
"44,17 : 0.4763"
"17,45 : 0.5001"
"45,17 : 0.5001"
"17,46 : 0.2193"
"46,17 : 0.2193"
"17,47 : 0.21"
"47,17 : 0.21"
"17,48 : 0.2571"
"48,17 : 0.2571"
"17,49 : 0.3061"
"49,17 : 0.3061"
"18,19 : 0.8746"
"19,18 : 0.8746"
"18,20 : 0.1456"
"20,18 : 0.1456"
"18,21 : 0.6923"
"21,18 : 0.6923"
"18,22 : 0.3606"
"22,18 : 0.3606"
"18,23 : 0.5289"
"23,18 : 0.5289"
"18,24 : 0.5324"
"24,18 : 0.5324"
"18,25 : 0.4657"
"25,18 : 0.4657"
"18,26 : 0.563"
"26,18 : 0.563"
"18,27 : 0.2377"
"27,18 : 0.2377"
"18,28 : 0.6972"
"28,18 : 0.6972"
"18,29 : 0.4965"
"29,18 : 0.4965"
"18,30 : 0.4342"
"30,18 : 0.4342"
"18,31 : 0.649"
"31,18 : 0.649"
"18,32 : 0.328"
"32,18 : 0.328"
"18,33 : 0.1476"
"33,18 : 0.1476"
"18,34 : 0.5873"
"34,18 : 0.5873"
"18,35 : 0.4924"
"35,18 : 0.4924"
"18,36 : 0.1552"
"36,18 : 0.1552"
"18,37 : 0.8062"
"37,18 : 0.8062"
"18,38 : 0.6435"
"38,18 : 0.6435"
"18,39 : 0.42"
"39,18 : 0.42"
"18,40 : 0.744"
"40,18 : 0.744"
"18,41 : 0.2823"
"41,18 : 0.2823"
"18,42 : 0.4518"
"42,18 : 0.4518"
"18,43 : 0.4937"
"43,18 : 0.4937"
"18,44 : 0.3023"
"44,18 : 0.3023"
"18,45 : 0.4219"
"45,18 : 0.4219"
"18,46 : 0.0762"
"46,18 : 0.0762"
"18,47 : 0.3547"
"47,18 : 0.3547"
"18,48 : 0.2163"
"48,18 : 0.2163"
"18,49 : 0.365"
"49,18 : 0.365"
"19,20 : 0.8486"
"20,19 : 0.8486"
"19,21 : 0.3276"
"21,19 : 0.3276"
"19,22 : 1.0904"
"22,19 : 1.0904"
"19,23 : 0.392"
"23,19 : 0.392"
"19,24 : 0.7539"
"24,19 : 0.7539"
"19,25 : 0.63"
"25,19 : 0.63"
"19,26 : 0.3406"
"26,19 : 0.3406"
"19,27 : 0.8393"
"27,19 : 0.8393"
"19,28 : 0.3551"
"28,19 : 0.3551"
"19,29 : 0.8053"
"29,19 : 0.8053"
"19,30 : 0.4478"
"30,19 : 0.4478"
"19,31 : 0.8368"
"31,19 : 0.8368"
"19,32 : 0.8981"
"32,19 : 0.8981"
"19,33 : 0.8092"
"33,19 : 0.8092"
"19,34 : 0.9082"
"34,19 : 0.9082"
"19,35 : 0.6217"
"35,19 : 0.6217"
"19,36 : 0.7747"
"36,19 : 0.7747"
"19,37 : 0.0707"
"37,19 : 0.0707"
"19,38 : 0.9456"
"38,19 : 0.9456"
"19,39 : 0.7506"
"39,19 : 0.7506"
"19,40 : 0.9026"
"40,19 : 0.9026"
"19,41 : 0.9559"
"41,19 : 0.9559"
"19,42 : 0.7471"
"42,19 : 0.7471"
"19,43 : 0.811"
"43,19 : 0.811"
"19,44 : 0.9091"
"44,19 : 0.9091"
"19,45 : 0.4528"
"45,19 : 0.4528"
"19,46 : 0.7992"
"46,19 : 0.7992"
"19,47 : 0.8881"
"47,19 : 0.8881"
"19,48 : 0.6854"
"48,19 : 0.6854"
"19,49 : 0.6958"
"49,19 : 0.6958"
"20,21 : 0.7201"
"21,20 : 0.7201"
"20,22 : 0.5036"
"22,20 : 0.5036"
"20,23 : 0.55"
"23,20 : 0.55"
"20,24 : 0.642"
"24,20 : 0.642"
"20,25 : 0.3489"
"25,20 : 0.3489"
"20,26 : 0.5722"
"26,20 : 0.5722"
"20,27 : 0.0922"
"27,20 : 0.0922"
"20,28 : 0.7311"
"28,20 : 0.7311"
"20,29 : 0.6155"
"29,20 : 0.6155"
"20,30 : 0.4016"
"30,20 : 0.4016"
"20,31 : 0.7658"
"31,20 : 0.7658"
"20,32 : 0.4665"
"32,20 : 0.4665"
"20,33 : 0.2702"
"33,20 : 0.2702"
"20,34 : 0.7159"
"34,20 : 0.7159"
"20,35 : 0.577"
"35,20 : 0.577"
"20,36 : 0.2617"
"36,20 : 0.2617"
"20,37 : 0.7843"
"37,20 : 0.7843"
"20,38 : 0.7734"
"38,20 : 0.7734"
"20,39 : 0.2828"
"39,20 : 0.2828"
"20,40 : 0.8637"
"40,20 : 0.8637"
"20,41 : 0.4272"
"41,20 : 0.4272"
"20,42 : 0.5622"
"42,20 : 0.5622"
"20,43 : 0.3506"
"43,20 : 0.3506"
"20,44 : 0.4429"
"44,20 : 0.4429"
"20,45 : 0.4079"
"45,20 : 0.4079"
"20,46 : 0.1556"
"46,20 : 0.1556"
"20,47 : 0.2102"
"47,20 : 0.2102"
"20,48 : 0.1649"
"48,20 : 0.1649"
"20,49 : 0.2417"
"49,20 : 0.2417"
"21,22 : 0.822"
"22,21 : 0.822"
"21,23 : 0.1703"
"23,21 : 0.1703"
"21,24 : 0.4342"
"24,21 : 0.4342"
"21,25 : 0.645"
"25,21 : 0.645"
"21,26 : 0.1616"
"26,21 : 0.1616"
"21,27 : 0.7467"
"27,21 : 0.7467"
"21,28 : 0.0316"
"28,21 : 0.0316"
"21,29 : 0.4909"
"29,21 : 0.4909"
"21,30 : 0.3677"
"30,21 : 0.3677"
"21,31 : 0.5096"
"31,21 : 0.5096"
"21,32 : 0.6185"
"32,21 : 0.6185"
"21,33 : 0.5852"
"33,21 : 0.5852"
"21,34 : 0.586"
"34,21 : 0.586"
"21,35 : 0.3124"
"35,21 : 0.3124"
"21,36 : 0.5566"
"36,21 : 0.5566"
"21,37 : 0.2707"
"37,21 : 0.2707"
"21,38 : 0.6203"
"38,21 : 0.6203"
"21,39 : 0.7393"
"39,21 : 0.7393"
"21,40 : 0.5756"
"40,21 : 0.5756"
"21,41 : 0.6907"
"41,21 : 0.6907"
"21,42 : 0.4405"
"42,21 : 0.4405"
"21,43 : 0.8229"
"43,21 : 0.8229"
"21,44 : 0.636"
"44,21 : 0.636"
"21,45 : 0.3324"
"45,21 : 0.3324"
"21,46 : 0.6181"
"46,21 : 0.6181"
"21,47 : 0.8343"
"47,21 : 0.8343"
"21,48 : 0.5622"
"48,21 : 0.5622"
"21,49 : 0.6613"
"49,21 : 0.6613"
"22,23 : 0.7001"
"23,22 : 0.7001"
"22,24 : 0.4632"
"24,22 : 0.4632"
"22,25 : 0.8161"
"25,22 : 0.8161"
"22,26 : 0.7501"
"26,22 : 0.7501"
"22,27 : 0.5954"
"27,22 : 0.5954"
"22,28 : 0.8127"
"28,22 : 0.8127"
"22,29 : 0.3981"
"29,22 : 0.3981"
"22,30 : 0.7066"
"30,22 : 0.7066"
"22,31 : 0.52"
"31,22 : 0.52"
"22,32 : 0.2059"
"32,22 : 0.2059"
"22,33 : 0.3102"
"33,22 : 0.3102"
"22,34 : 0.4119"
"34,22 : 0.4119"
"22,35 : 0.5235"
"35,22 : 0.5235"
"22,36 : 0.3454"
"36,22 : 0.3454"
"22,37 : 1.0198"
"37,22 : 1.0198"
"22,38 : 0.4491"
"38,22 : 0.4491"
"22,39 : 0.7803"
"39,22 : 0.7803"
"22,40 : 0.5855"
"40,22 : 0.5855"
"22,41 : 0.1345"
"41,22 : 0.1345"
"22,42 : 0.4085"
"42,22 : 0.4085"
"22,43 : 0.8538"
"43,22 : 0.8538"
"22,44 : 0.186"
"44,22 : 0.186"
"22,45 : 0.6723"
"45,22 : 0.6723"
"22,46 : 0.3932"
"46,22 : 0.3932"
"22,47 : 0.7061"
"47,22 : 0.7061"
"22,48 : 0.5492"
"48,22 : 0.5492"
"22,49 : 0.7211"
"49,22 : 0.7211"
"23,24 : 0.392"
"24,23 : 0.392"
"23,25 : 0.4982"
"25,23 : 0.4982"
"23,26 : 0.0539"
"26,23 : 0.0539"
"23,27 : 0.5771"
"27,23 : 0.5771"
"23,28 : 0.1844"
"28,23 : 0.1844"
"23,29 : 0.4317"
"29,23 : 0.4317"
"23,30 : 0.214"
"30,23 : 0.214"
"23,31 : 0.5009"
"31,23 : 0.5009"
"23,32 : 0.5061"
"32,23 : 0.5061"
"23,33 : 0.4342"
"33,23 : 0.4342"
"23,34 : 0.5459"
"34,23 : 0.5459"
"23,35 : 0.2518"
"35,23 : 0.2518"
"23,36 : 0.4025"
"36,23 : 0.4025"
"23,37 : 0.322"
"37,23 : 0.322"
"23,38 : 0.5921"
"38,23 : 0.5921"
"23,39 : 0.5818"
"39,23 : 0.5818"
"23,40 : 0.5869"
"40,23 : 0.5869"
"23,41 : 0.5657"
"41,23 : 0.5657"
"23,42 : 0.3669"
"42,23 : 0.3669"
"23,43 : 0.6689"
"43,23 : 0.6689"
"23,44 : 0.5174"
"44,23 : 0.5174"
"23,45 : 0.17"
"45,23 : 0.17"
"23,46 : 0.4535"
"46,23 : 0.4535"
"23,47 : 0.6676"
"47,23 : 0.6676"
"23,48 : 0.392"
"48,23 : 0.392"
"23,49 : 0.5009"
"49,23 : 0.5009"
"24,25 : 0.7826"
"25,24 : 0.7826"
"24,26 : 0.4441"
"26,24 : 0.4441"
"24,27 : 0.7151"
"27,24 : 0.7151"
"24,28 : 0.4134"
"28,24 : 0.4134"
"24,29 : 0.0671"
"29,24 : 0.0671"
"24,30 : 0.536"
"30,24 : 0.536"
"24,31 : 0.1304"
"31,24 : 0.1304"
"24,32 : 0.2702"
"32,24 : 0.2702"
"24,33 : 0.3847"
"33,24 : 0.3847"
"24,34 : 0.1552"
"34,24 : 0.1552"
"24,35 : 0.1404"
"35,24 : 0.1404"
"24,36 : 0.3828"
"36,24 : 0.3828"
"24,37 : 0.6895"
"37,24 : 0.6895"
"24,38 : 0.2002"
"38,24 : 0.2002"
"24,39 : 0.8184"
"39,24 : 0.8184"
"24,40 : 0.2302"
"40,24 : 0.2302"
"24,41 : 0.3601"
"41,24 : 0.3601"
"24,42 : 0.0806"
"42,24 : 0.0806"
"24,43 : 0.9102"
"43,24 : 0.9102"
"24,44 : 0.3"
"44,24 : 0.3"
"24,45 : 0.4827"
"45,24 : 0.4827"
"24,46 : 0.4883"
"46,24 : 0.4883"
"24,47 : 0.8345"
"47,24 : 0.8345"
"24,48 : 0.5544"
"48,24 : 0.5544"
"24,49 : 0.735"
"49,24 : 0.735"
"25,26 : 0.4855"
"26,25 : 0.4855"
"25,27 : 0.2843"
"27,25 : 0.2843"
"25,28 : 0.6689"
"28,25 : 0.6689"
"25,29 : 0.7855"
"29,25 : 0.7855"
"25,30 : 0.2843"
"30,25 : 0.2843"
"25,31 : 0.9124"
"31,25 : 0.9124"
"25,32 : 0.7145"
"32,25 : 0.7145"
"25,33 : 0.5201"
"33,25 : 0.5201"
"25,34 : 0.9048"
"34,25 : 0.9048"
"25,35 : 0.6657"
"35,25 : 0.6657"
"25,36 : 0.4909"
"36,25 : 0.4909"
"25,37 : 0.5822"
"37,25 : 0.5822"
"25,38 : 0.9621"
"38,25 : 0.9621"
"25,39 : 0.1237"
"39,25 : 0.1237"
"25,40 : 1.0112"
"40,25 : 1.0112"
"25,41 : 0.7101"
"41,25 : 0.7101"
"25,42 : 0.7169"
"42,25 : 0.7169"
"25,43 : 0.1844"
"43,25 : 0.1844"
"25,44 : 0.7018"
"44,25 : 0.7018"
"25,45 : 0.3324"
"45,25 : 0.3324"
"25,46 : 0.423"
"46,25 : 0.423"
"25,47 : 0.2773"
"47,25 : 0.2773"
"25,48 : 0.27"
"48,25 : 0.27"
"25,49 : 0.1082"
"49,25 : 0.1082"
"26,27 : 0.5914"
"27,26 : 0.5914"
"26,28 : 0.1836"
"28,26 : 0.1836"
"26,29 : 0.4851"
"29,26 : 0.4851"
"26,30 : 0.2062"
"30,26 : 0.2062"
"26,31 : 0.5501"
"31,26 : 0.5501"
"26,32 : 0.558"
"32,26 : 0.558"
"26,33 : 0.4771"
"33,26 : 0.4771"
"26,34 : 0.5984"
"34,26 : 0.5984"
"26,35 : 0.3041"
"35,26 : 0.3041"
"26,36 : 0.4442"
"36,26 : 0.4442"
"26,37 : 0.2702"
"37,26 : 0.2702"
"26,38 : 0.6438"
"38,26 : 0.6438"
"26,39 : 0.5778"
"39,26 : 0.5778"
"26,40 : 0.6339"
"40,26 : 0.6339"
"26,41 : 0.6155"
"41,26 : 0.6155"
"26,42 : 0.4206"
"42,26 : 0.4206"
"26,43 : 0.6619"
"43,26 : 0.6619"
"26,44 : 0.5685"
"44,26 : 0.5685"
"26,45 : 0.1726"
"45,26 : 0.1726"
"26,46 : 0.487"
"46,26 : 0.487"
"26,47 : 0.6747"
"47,26 : 0.6747"
"26,48 : 0.4101"
"48,26 : 0.4101"
"26,49 : 0.4998"
"49,26 : 0.4998"
"27,28 : 0.7612"
"28,27 : 0.7612"
"27,29 : 0.6935"
"29,27 : 0.6935"
"27,30 : 0.402"
"30,27 : 0.402"
"27,31 : 0.8415"
"31,27 : 0.8415"
"27,32 : 0.5547"
"32,27 : 0.5547"
"27,33 : 0.3551"
"33,27 : 0.3551"
"27,34 : 0.7981"
"34,27 : 0.7981"
"27,35 : 0.6381"
"35,27 : 0.6381"
"27,36 : 0.3421"
"36,27 : 0.3421"
"27,37 : 0.7788"
"37,27 : 0.7788"
"27,38 : 0.856"
"38,27 : 0.856"
"27,39 : 0.1992"
"39,27 : 0.1992"
"27,40 : 0.9405"
"40,27 : 0.9405"
"27,41 : 0.5187"
"41,27 : 0.5187"
"27,42 : 0.6366"
"42,27 : 0.6366"
"27,43 : 0.26"
"43,27 : 0.26"
"27,44 : 0.5323"
"44,27 : 0.5323"
"27,45 : 0.4201"
"45,27 : 0.4201"
"27,46 : 0.2385"
"46,27 : 0.2385"
"27,47 : 0.1221"
"47,27 : 0.1221"
"27,48 : 0.1868"
"48,27 : 0.1868"
"27,49 : 0.1769"
"49,27 : 0.1769"
"28,29 : 0.472"
"29,28 : 0.472"
"28,30 : 0.3891"
"30,28 : 0.3891"
"28,31 : 0.4838"
"31,28 : 0.4838"
"28,32 : 0.608"
"32,28 : 0.608"
"28,33 : 0.5852"
"33,28 : 0.5852"
"28,34 : 0.5636"
"34,28 : 0.5636"
"28,35 : 0.297"
"35,28 : 0.297"
"28,36 : 0.5579"
"36,28 : 0.5579"
"28,37 : 0.3002"
"37,28 : 0.3002"
"28,38 : 0.5962"
"38,28 : 0.5962"
"28,39 : 0.7606"
"39,28 : 0.7606"
"28,40 : 0.5474"
"40,28 : 0.5474"
"28,41 : 0.6826"
"41,28 : 0.6826"
"28,42 : 0.4245"
"42,28 : 0.4245"
"28,43 : 0.8453"
"43,28 : 0.8453"
"28,44 : 0.6268"
"44,28 : 0.6268"
"28,45 : 0.3511"
"45,28 : 0.3511"
"28,46 : 0.6239"
"46,28 : 0.6239"
"28,47 : 0.8516"
"47,28 : 0.8516"
"28,48 : 0.5756"
"48,28 : 0.5756"
"28,49 : 0.6815"
"49,28 : 0.6815"
"29,30 : 0.5544"
"30,29 : 0.5544"
"29,31 : 0.1526"
"31,29 : 0.1526"
"29,32 : 0.211"
"32,29 : 0.211"
"29,33 : 0.35"
"33,29 : 0.35"
"29,34 : 0.1217"
"34,29 : 0.1217"
"29,35 : 0.1838"
"35,29 : 0.1838"
"29,36 : 0.3538"
"36,29 : 0.3538"
"29,37 : 0.7393"
"37,29 : 0.7393"
"29,38 : 0.1772"
"38,29 : 0.1772"
"29,39 : 0.8112"
"39,29 : 0.8112"
"29,40 : 0.2484"
"40,29 : 0.2484"
"29,41 : 0.3007"
"41,29 : 0.3007"
"29,42 : 0.0707"
"42,29 : 0.0707"
"29,43 : 0.9021"
"43,29 : 0.9021"
"29,44 : 0.2419"
"44,29 : 0.2419"
"29,45 : 0.5025"
"45,29 : 0.5025"
"29,46 : 0.4601"
"46,29 : 0.4601"
"29,47 : 0.8147"
"47,29 : 0.8147"
"29,48 : 0.5438"
"48,29 : 0.5438"
"29,49 : 0.7295"
"49,29 : 0.7295"
"30,31 : 0.661"
"31,30 : 0.661"
"30,32 : 0.5482"
"32,30 : 0.5482"
"30,33 : 0.3996"
"33,30 : 0.3996"
"30,34 : 0.676"
"34,30 : 0.676"
"30,35 : 0.405"
"35,30 : 0.405"
"30,36 : 0.3636"
"36,30 : 0.3636"
"30,37 : 0.3828"
"37,30 : 0.3828"
"30,38 : 0.7299"
"38,30 : 0.7299"
"30,39 : 0.3716"
"39,30 : 0.3716"
"30,40 : 0.7561"
"40,30 : 0.7561"
"30,41 : 0.5778"
"41,30 : 0.5778"
"30,42 : 0.4837"
"42,30 : 0.4837"
"30,43 : 0.4565"
"43,30 : 0.4565"
"30,44 : 0.5471"
"44,30 : 0.5471"
"30,45 : 0.0539"
"45,30 : 0.0539"
"30,46 : 0.3612"
"46,30 : 0.3612"
"30,47 : 0.4738"
"47,30 : 0.4738"
"30,48 : 0.2377"
"48,30 : 0.2377"
"30,49 : 0.2941"
"49,30 : 0.2941"
"31,32 : 0.3544"
"32,31 : 0.3544"
"31,33 : 0.5022"
"33,31 : 0.5022"
"31,34 : 0.117"
"34,31 : 0.117"
"31,35 : 0.2571"
"35,31 : 0.2571"
"31,36 : 0.5045"
"36,31 : 0.5045"
"31,37 : 0.7767"
"37,31 : 0.7767"
"31,38 : 0.1204"
"38,31 : 0.1204"
"31,39 : 0.9487"
"39,31 : 0.9487"
"31,40 : 0.1"
"40,31 : 0.1"
"31,41 : 0.4415"
"41,31 : 0.4415"
"31,42 : 0.2052"
"42,31 : 0.2052"
"31,43 : 1.0404"
"43,31 : 1.0404"
"31,44 : 0.386"
"44,31 : 0.386"
"31,45 : 0.6073"
"45,31 : 0.6073"
"31,46 : 0.6107"
"46,31 : 0.6107"
"31,47 : 0.9618"
"47,31 : 0.9618"
"31,48 : 0.6841"
"48,31 : 0.6841"
"31,49 : 0.8653"
"49,31 : 0.8653"
"32,33 : 0.2025"
"33,32 : 0.2025"
"32,34 : 0.2693"
"34,32 : 0.2693"
"32,35 : 0.3176"
"35,32 : 0.3176"
"32,36 : 0.2256"
"36,32 : 0.2256"
"32,37 : 0.828"
"37,32 : 0.828"
"32,38 : 0.322"
"38,32 : 0.322"
"32,39 : 0.7088"
"39,32 : 0.7088"
"32,40 : 0.4386"
"40,32 : 0.4386"
"32,41 : 0.09"
"41,32 : 0.09"
"32,42 : 0.2062"
"42,32 : 0.2062"
"32,43 : 0.7938"
"43,32 : 0.7938"
"32,44 : 0.0316"
"44,32 : 0.0316"
"32,45 : 0.506"
"45,32 : 0.506"
"32,46 : 0.3178"
"46,32 : 0.3178"
"32,47 : 0.676"
"47,32 : 0.676"
"32,48 : 0.4472"
"48,32 : 0.4472"
"32,49 : 0.6356"
"49,32 : 0.6356"
"33,34 : 0.446"
"34,33 : 0.446"
"33,35 : 0.3523"
"35,33 : 0.3523"
"33,36 : 0.0361"
"36,33 : 0.0361"
"33,37 : 0.7388"
"37,33 : 0.7388"
"33,38 : 0.5033"
"38,33 : 0.5033"
"33,39 : 0.507"
"39,33 : 0.507"
"33,40 : 0.5982"
"40,33 : 0.5982"
"33,41 : 0.191"
"41,33 : 0.191"
"33,42 : 0.3041"
"42,33 : 0.3041"
"33,43 : 0.5914"
"43,33 : 0.5914"
"33,44 : 0.1844"
"44,33 : 0.1844"
"33,45 : 0.3701"
"45,33 : 0.3701"
"33,46 : 0.1166"
"46,33 : 0.1166"
"33,47 : 0.4771"
"47,33 : 0.4771"
"33,48 : 0.2502"
"48,33 : 0.2502"
"33,49 : 0.4357"
"49,33 : 0.4357"
"34,35 : 0.2943"
"35,34 : 0.2943"
"34,36 : 0.4561"
"36,34 : 0.4561"
"34,37 : 0.8443"
"37,34 : 0.8443"
"34,38 : 0.0583"
"38,34 : 0.0583"
"34,39 : 0.9259"
"39,34 : 0.9259"
"34,40 : 0.1746"
"40,34 : 0.1746"
"34,41 : 0.3493"
"41,34 : 0.3493"
"34,42 : 0.1924"
"42,34 : 0.1924"
"34,43 : 1.016"
"43,34 : 1.016"
"34,44 : 0.3002"
"44,34 : 0.3002"
"34,45 : 0.6239"
"45,34 : 0.6239"
"34,46 : 0.5608"
"46,34 : 0.5608"
"34,47 : 0.9201"
"47,34 : 0.9201"
"34,48 : 0.6576"
"48,34 : 0.6576"
"34,49 : 0.8453"
"49,34 : 0.8453"
"35,36 : 0.3373"
"36,35 : 0.3373"
"35,37 : 0.5554"
"37,35 : 0.5554"
"35,38 : 0.3406"
"38,35 : 0.3406"
"35,39 : 0.7151"
"39,35 : 0.7151"
"35,40 : 0.3511"
"40,35 : 0.3511"
"35,41 : 0.3992"
"41,35 : 0.3992"
"35,42 : 0.1281"
"42,35 : 0.1281"
"35,43 : 0.8072"
"43,35 : 0.8072"
"35,44 : 0.3401"
"44,35 : 0.3401"
"35,45 : 0.3511"
"45,35 : 0.3511"
"35,46 : 0.4332"
"46,35 : 0.4332"
"35,47 : 0.7521"
"47,35 : 0.7521"
"35,48 : 0.4623"
"48,35 : 0.4623"
"35,49 : 0.6303"
"49,35 : 0.6303"
"36,37 : 0.7043"
"37,36 : 0.7043"
"36,38 : 0.514"
"38,36 : 0.514"
"36,39 : 0.4838"
"39,36 : 0.4838"
"36,40 : 0.6021"
"40,36 : 0.6021"
"36,41 : 0.2236"
"41,36 : 0.2236"
"36,42 : 0.3023"
"42,36 : 0.3023"
"36,43 : 0.5701"
"43,36 : 0.5701"
"36,44 : 0.211"
"44,36 : 0.211"
"36,45 : 0.3342"
"45,36 : 0.3342"
"36,46 : 0.1063"
"46,36 : 0.1063"
"36,47 : 0.464"
"47,36 : 0.464"
"36,48 : 0.222"
"48,36 : 0.222"
"36,49 : 0.41"
"49,36 : 0.41"
"37,38 : 0.8832"
"38,37 : 0.8832"
"37,39 : 0.7003"
"39,37 : 0.7003"
"37,40 : 0.8459"
"40,37 : 0.8459"
"37,41 : 0.8853"
"41,37 : 0.8853"
"37,42 : 0.6798"
"42,37 : 0.6798"
"37,43 : 0.7653"
"43,37 : 0.7653"
"37,44 : 0.8387"
"44,37 : 0.8387"
"37,45 : 0.3847"
"45,37 : 0.3847"
"37,46 : 0.7306"
"46,37 : 0.7306"
"37,47 : 0.8329"
"47,37 : 0.8329"
"37,48 : 0.6203"
"48,37 : 0.6203"
"37,49 : 0.6412"
"49,37 : 0.6412"
"38,39 : 0.9841"
"39,38 : 0.9841"
"38,40 : 0.1404"
"40,38 : 0.1404"
"38,41 : 0.3982"
"41,38 : 0.3982"
"38,42 : 0.2474"
"42,38 : 0.2474"
"38,43 : 1.0742"
"43,38 : 1.0742"
"38,44 : 0.3523"
"44,38 : 0.3523"
"38,45 : 0.6774"
"45,38 : 0.6774"
"38,46 : 0.6185"
"46,38 : 0.6185"
"38,47 : 0.978"
"47,38 : 0.978"
"38,48 : 0.7159"
"48,38 : 0.7159"
"38,49 : 0.9034"
"49,38 : 0.9034"
"39,40 : 1.0486"
"40,39 : 1.0486"
"39,41 : 0.6888"
"41,39 : 0.6888"
"39,42 : 0.7463"
"42,39 : 0.7463"
"39,43 : 0.0922"
"43,39 : 0.0922"
"39,44 : 0.6912"
"44,39 : 0.6912"
"39,45 : 0.4118"
"45,39 : 0.4118"
"39,46 : 0.3962"
"46,39 : 0.3962"
"39,47 : 0.1581"
"47,39 : 0.1581"
"39,48 : 0.2683"
"48,39 : 0.2683"
"39,49 : 0.0849"
"49,39 : 0.0849"
"40,41 : 0.522"
"41,40 : 0.522"
"40,42 : 0.3048"
"42,40 : 0.3048"
"40,43 : 1.1404"
"43,40 : 1.1404"
"40,44 : 0.4701"
"44,40 : 0.4701"
"40,45 : 0.7023"
"45,40 : 0.7023"
"40,46 : 0.7084"
"46,40 : 0.7084"
"40,47 : 1.061"
"47,40 : 1.061"
"40,48 : 0.7841"
"48,40 : 0.7841"
"40,49 : 0.9652"
"49,40 : 0.9652"
"41,42 : 0.2943"
"42,41 : 0.2943"
"41,43 : 0.769"
"43,41 : 0.769"
"41,44 : 0.0608"
"44,41 : 0.0608"
"41,45 : 0.5412"
"45,41 : 0.5412"
"41,46 : 0.2927"
"46,41 : 0.2927"
"41,47 : 0.6369"
"47,41 : 0.6369"
"41,48 : 0.4401"
"48,41 : 0.4401"
"41,49 : 0.622"
"49,41 : 0.622"
"42,43 : 0.8376"
"43,42 : 0.8376"
"42,44 : 0.2335"
"44,42 : 0.2335"
"42,45 : 0.4319"
"45,42 : 0.4319"
"42,46 : 0.408"
"46,42 : 0.408"
"42,47 : 0.7566"
"47,42 : 0.7566"
"42,48 : 0.4801"
"48,42 : 0.4801"
"42,49 : 0.6637"
