x,y
0.26,0.51
0.57,0.02
0.41,0.25
0.83,0.7
0.42,0.9
0.65,0.54
0.37,0.84
0.65,0.01
0.19,0.33
0.57,0.99
0.61,0.33
0.88,0.02
0.67,0.64
0.81,0.28
0.26,0.05
0.79,0.41
0.64,0.66
0.4,0.18
0.88,0.2
0.83,0.58
0.69,0.13
0.28,0.42
0.57,0.37
0.36,0.25
0.77,0.78
0.3,0.94
0.19,0.98
0.7,0.84
0.33,0.21
0.75,0.74
0.52,0.98
0.58,0.46
0.34,0.99
0.29,0.91
0.48,0.69
0.1,0.08
0.46,0.63
0.62,0.51
0.42,0.85
0.43,0.59
0.23,0.93
0.41,0.61
0.82,0.92
0.3,0.71
0.19,0.63
0.46,0.55
0.83,0.32
0.97,0.94
0.3,0.2
0.78,0.44

Distanze
"0,1 : 0.5798"
"1,0 : 0.5798"
"0,2 : 0.3002"
"2,0 : 0.3002"
"0,3 : 0.6008"
"3,0 : 0.6008"
"0,4 : 0.4215"
"4,0 : 0.4215"
"0,5 : 0.3912"
"5,0 : 0.3912"
"0,6 : 0.3479"
"6,0 : 0.3479"
"0,7 : 0.6341"
"7,0 : 0.6341"
"0,8 : 0.1931"
"8,0 : 0.1931"
"0,9 : 0.5714"
"9,0 : 0.5714"
"0,10 : 0.3936"
"10,0 : 0.3936"
"0,11 : 0.7903"
"11,0 : 0.7903"
"0,12 : 0.4301"
"12,0 : 0.4301"
"0,13 : 0.5962"
"13,0 : 0.5962"
"0,14 : 0.46"
"14,0 : 0.46"
"0,15 : 0.5394"
"15,0 : 0.5394"
"0,16 : 0.4085"
"16,0 : 0.4085"
"0,17 : 0.3585"
"17,0 : 0.3585"
"0,18 : 0.6932"
"18,0 : 0.6932"
"0,19 : 0.5743"
"19,0 : 0.5743"
"0,20 : 0.5738"
"20,0 : 0.5738"
"0,21 : 0.0922"
"21,0 : 0.0922"
"0,22 : 0.3401"
"22,0 : 0.3401"
"0,23 : 0.2786"
"23,0 : 0.2786"
"0,24 : 0.5771"
"24,0 : 0.5771"
"0,25 : 0.4319"
"25,0 : 0.4319"
"0,26 : 0.4752"
"26,0 : 0.4752"
"0,27 : 0.55"
"27,0 : 0.55"
"0,28 : 0.3081"
"28,0 : 0.3081"
"0,29 : 0.5413"
"29,0 : 0.5413"
"0,30 : 0.5371"
"30,0 : 0.5371"
"0,31 : 0.3239"
"31,0 : 0.3239"
"0,32 : 0.4866"
"32,0 : 0.4866"
"0,33 : 0.4011"
"33,0 : 0.4011"
"0,34 : 0.2843"
"34,0 : 0.2843"
"0,35 : 0.4588"
"35,0 : 0.4588"
"0,36 : 0.2332"
"36,0 : 0.2332"
"0,37 : 0.36"
"37,0 : 0.36"
"0,38 : 0.3758"
"38,0 : 0.3758"
"0,39 : 0.1879"
"39,0 : 0.1879"
"0,40 : 0.4211"
"40,0 : 0.4211"
"0,41 : 0.1803"
"41,0 : 0.1803"
"0,42 : 0.694"
"42,0 : 0.694"
"0,43 : 0.204"
"43,0 : 0.204"
"0,44 : 0.1389"
"44,0 : 0.1389"
"0,45 : 0.204"
"45,0 : 0.204"
"0,46 : 0.6008"
"46,0 : 0.6008"
"0,47 : 0.8301"
"47,0 : 0.8301"
"0,48 : 0.3126"
"48,0 : 0.3126"
"0,49 : 0.5247"
"49,0 : 0.5247"
"1,2 : 0.2802"
"2,1 : 0.2802"
"1,3 : 0.728"
"3,1 : 0.728"
"1,4 : 0.8927"
"4,1 : 0.8927"
"1,5 : 0.5261"
"5,1 : 0.5261"
"1,6 : 0.844"
"6,1 : 0.844"
"1,7 : 0.0806"
"7,1 : 0.0806"
"1,8 : 0.4904"
"8,1 : 0.4904"
"1,9 : 0.97"
"9,1 : 0.97"
"1,10 : 0.3126"
"10,1 : 0.3126"
"1,11 : 0.31"
"11,1 : 0.31"
"1,12 : 0.628"
"12,1 : 0.628"
"1,13 : 0.3538"
"13,1 : 0.3538"
"1,14 : 0.3114"
"14,1 : 0.3114"
"1,15 : 0.4478"
"15,1 : 0.4478"
"1,16 : 0.6438"
"16,1 : 0.6438"
"1,17 : 0.2335"
"17,1 : 0.2335"
"1,18 : 0.3585"
"18,1 : 0.3585"
"1,19 : 0.6174"
"19,1 : 0.6174"
"1,20 : 0.1628"
"20,1 : 0.1628"
"1,21 : 0.4941"
"21,1 : 0.4941"
"1,22 : 0.35"
"22,1 : 0.35"
"1,23 : 0.3114"
"23,1 : 0.3114"
"1,24 : 0.7859"
"24,1 : 0.7859"
"1,25 : 0.9588"
"25,1 : 0.9588"
"1,26 : 1.0325"
"26,1 : 1.0325"
"1,27 : 0.8302"
"27,1 : 0.8302"
"1,28 : 0.3061"
"28,1 : 0.3061"
"1,29 : 0.7422"
"29,1 : 0.7422"
"1,30 : 0.9613"
"30,1 : 0.9613"
"1,31 : 0.4401"
"31,1 : 0.4401"
"1,32 : 0.9969"
"32,1 : 0.9969"
"1,33 : 0.933"
"33,1 : 0.933"
"1,34 : 0.676"
"34,1 : 0.676"
"1,35 : 0.4738"
"35,1 : 0.4738"
"1,36 : 0.6198"
"36,1 : 0.6198"
"1,37 : 0.4925"
"37,1 : 0.4925"
"1,38 : 0.8434"
"38,1 : 0.8434"
"1,39 : 0.5869"
"39,1 : 0.5869"
"1,40 : 0.9714"
"40,1 : 0.9714"
"1,41 : 0.6113"
"41,1 : 0.6113"
"1,42 : 0.9341"
"42,1 : 0.9341"
"1,43 : 0.7409"
"43,1 : 0.7409"
"1,44 : 0.7187"
"44,1 : 0.7187"
"1,45 : 0.5413"
"45,1 : 0.5413"
"1,46 : 0.397"
"46,1 : 0.397"
"1,47 : 1.0032"
"47,1 : 1.0032"
"1,48 : 0.3245"
"48,1 : 0.3245"
"1,49 : 0.4696"
"49,1 : 0.4696"
"2,3 : 0.6155"
"3,2 : 0.6155"
"2,4 : 0.6501"
"4,2 : 0.6501"
"2,5 : 0.3764"
"5,2 : 0.3764"
"2,6 : 0.5914"
"6,2 : 0.5914"
"2,7 : 0.3394"
"7,2 : 0.3394"
"2,8 : 0.2341"
"8,2 : 0.2341"
"2,9 : 0.7571"
"9,2 : 0.7571"
"2,10 : 0.2154"
"10,2 : 0.2154"
"2,11 : 0.5233"
"11,2 : 0.5233"
"2,12 : 0.4687"
"12,2 : 0.4687"
"2,13 : 0.4011"
"13,2 : 0.4011"
"2,14 : 0.25"
"14,2 : 0.25"
"2,15 : 0.4123"
"15,2 : 0.4123"
"2,16 : 0.4701"
"16,2 : 0.4701"
"2,17 : 0.0707"
"17,2 : 0.0707"
"2,18 : 0.4727"
"18,2 : 0.4727"
"2,19 : 0.5341"
"19,2 : 0.5341"
"2,20 : 0.3046"
"20,2 : 0.3046"
"2,21 : 0.214"
"21,2 : 0.214"
"2,22 : 0.2"
"22,2 : 0.2"
"2,23 : 0.05"
"23,2 : 0.05"
"2,24 : 0.6407"
"24,2 : 0.6407"
"2,25 : 0.6987"
"25,2 : 0.6987"
"2,26 : 0.7624"
"26,2 : 0.7624"
"2,27 : 0.6574"
"27,2 : 0.6574"
"2,28 : 0.0894"
"28,2 : 0.0894"
"2,29 : 0.5964"
"29,2 : 0.5964"
"2,30 : 0.7382"
"30,2 : 0.7382"
"2,31 : 0.2702"
"31,2 : 0.2702"
"2,32 : 0.7433"
"32,2 : 0.7433"
"2,33 : 0.6708"
"33,2 : 0.6708"
"2,34 : 0.4455"
"34,2 : 0.4455"
"2,35 : 0.3536"
"35,2 : 0.3536"
"2,36 : 0.3833"
"36,2 : 0.3833"
"2,37 : 0.3342"
"37,2 : 0.3342"
"2,38 : 0.6001"
"38,2 : 0.6001"
"2,39 : 0.3406"
"39,2 : 0.3406"
"2,40 : 0.7034"
"40,2 : 0.7034"
"2,41 : 0.36"
"41,2 : 0.36"
"2,42 : 0.7855"
"42,2 : 0.7855"
"2,43 : 0.473"
"43,2 : 0.473"
"2,44 : 0.4391"
"44,2 : 0.4391"
"2,45 : 0.3041"
"45,2 : 0.3041"
"2,46 : 0.4258"
"46,2 : 0.4258"
"2,47 : 0.8887"
"47,2 : 0.8887"
"2,48 : 0.1208"
"48,2 : 0.1208"
"2,49 : 0.4159"
"49,2 : 0.4159"
"3,4 : 0.4562"
"4,3 : 0.4562"
"3,5 : 0.2408"
"5,3 : 0.2408"
"3,6 : 0.4808"
"6,3 : 0.4808"
"3,7 : 0.7131"
"7,3 : 0.7131"
"3,8 : 0.7393"
"8,3 : 0.7393"
"3,9 : 0.3895"
"9,3 : 0.3895"
"3,10 : 0.4305"
"10,3 : 0.4305"
"3,11 : 0.6818"
"11,3 : 0.6818"
"3,12 : 0.1709"
"12,3 : 0.1709"
"3,13 : 0.4205"
"13,3 : 0.4205"
"3,14 : 0.8645"
"14,3 : 0.8645"
"3,15 : 0.2927"
"15,3 : 0.2927"
"3,16 : 0.1942"
"16,3 : 0.1942"
"3,17 : 0.6748"
"17,3 : 0.6748"
"3,18 : 0.5025"
"18,3 : 0.5025"
"3,19 : 0.12"
"19,3 : 0.12"
"3,20 : 0.5869"
"20,3 : 0.5869"
"3,21 : 0.6172"
"21,3 : 0.6172"
"3,22 : 0.4201"
"22,3 : 0.4201"
"3,23 : 0.6507"
"23,3 : 0.6507"
"3,24 : 0.1"
"24,3 : 0.1"
"3,25 : 0.5818"
"25,3 : 0.5818"
"3,26 : 0.6986"
"26,3 : 0.6986"
"3,27 : 0.191"
"27,3 : 0.191"
"3,28 : 0.7001"
"28,3 : 0.7001"
"3,29 : 0.0894"
"29,3 : 0.0894"
"3,30 : 0.4177"
"30,3 : 0.4177"
"3,31 : 0.3466"
"31,3 : 0.3466"
"3,32 : 0.5694"
"32,3 : 0.5694"
"3,33 : 0.5794"
"33,3 : 0.5794"
"3,34 : 0.3501"
"34,3 : 0.3501"
"3,35 : 0.9578"
"35,3 : 0.9578"
"3,36 : 0.3766"
"36,3 : 0.3766"
"3,37 : 0.2832"
"37,3 : 0.2832"
"3,38 : 0.4366"
"38,3 : 0.4366"
"3,39 : 0.4148"
"39,3 : 0.4148"
"3,40 : 0.6426"
"40,3 : 0.6426"
"3,41 : 0.4295"
"41,3 : 0.4295"
"3,42 : 0.2202"
"42,3 : 0.2202"
"3,43 : 0.5301"
"43,3 : 0.5301"
"3,44 : 0.6438"
"44,3 : 0.6438"
"3,45 : 0.3992"
"45,3 : 0.3992"
"3,46 : 0.38"
"46,3 : 0.38"
"3,47 : 0.2778"
"47,3 : 0.2778"
"3,48 : 0.7286"
"48,3 : 0.7286"
"3,49 : 0.2648"
"49,3 : 0.2648"
"4,5 : 0.4272"
"5,4 : 0.4272"
"4,6 : 0.0781"
"6,4 : 0.0781"
"4,7 : 0.9192"
"7,4 : 0.9192"
"4,8 : 0.6147"
"8,4 : 0.6147"
"4,9 : 0.1749"
"9,4 : 0.1749"
"4,10 : 0.6008"
"10,4 : 0.6008"
"4,11 : 0.993"
"11,4 : 0.993"
"4,12 : 0.3607"
"12,4 : 0.3607"
"4,13 : 0.7325"
"13,4 : 0.7325"
"4,14 : 0.8649"
"14,4 : 0.8649"
"4,15 : 0.614"
"15,4 : 0.614"
"4,16 : 0.3256"
"16,4 : 0.3256"
"4,17 : 0.7203"
"17,4 : 0.7203"
"4,18 : 0.8376"
"18,4 : 0.8376"
"4,19 : 0.5201"
"19,4 : 0.5201"
"4,20 : 0.816"
"20,4 : 0.816"
"4,21 : 0.5"
"21,4 : 0.5"
"4,22 : 0.5508"
"22,4 : 0.5508"
"4,23 : 0.6528"
"23,4 : 0.6528"
"4,24 : 0.37"
"24,4 : 0.37"
"4,25 : 0.1265"
"25,4 : 0.1265"
"4,26 : 0.2435"
"26,4 : 0.2435"
"4,27 : 0.2864"
"27,4 : 0.2864"
"4,28 : 0.6958"
"28,4 : 0.6958"
"4,29 : 0.3667"
"29,4 : 0.3667"
"4,30 : 0.1281"
"30,4 : 0.1281"
"4,31 : 0.4682"
"31,4 : 0.4682"
"4,32 : 0.1204"
"32,4 : 0.1204"
"4,33 : 0.1304"
"33,4 : 0.1304"
"4,34 : 0.2184"
"34,4 : 0.2184"
"4,35 : 0.8802"
"35,4 : 0.8802"
"4,36 : 0.2729"
"36,4 : 0.2729"
"4,37 : 0.4383"
"37,4 : 0.4383"
"4,38 : 0.05"
"38,4 : 0.05"
"4,39 : 0.3102"
"39,4 : 0.3102"
"4,40 : 0.1924"
"40,4 : 0.1924"
"4,41 : 0.2902"
"41,4 : 0.2902"
"4,42 : 0.4005"
"42,4 : 0.4005"
"4,43 : 0.2247"
"43,4 : 0.2247"
"4,44 : 0.3547"
"44,4 : 0.3547"
"4,45 : 0.3523"
"45,4 : 0.3523"
"4,46 : 0.7103"
"46,4 : 0.7103"
"4,47 : 0.5515"
"47,4 : 0.5515"
"4,48 : 0.7102"
"48,4 : 0.7102"
"4,49 : 0.5841"
"49,4 : 0.5841"
"5,6 : 0.4104"
"6,5 : 0.4104"
"5,7 : 0.53"
"7,5 : 0.53"
"5,8 : 0.5057"
"8,5 : 0.5057"
"5,9 : 0.4571"
"9,5 : 0.4571"
"5,10 : 0.2138"
"10,5 : 0.2138"
"5,11 : 0.5686"
"11,5 : 0.5686"
"5,12 : 0.102"
"12,5 : 0.102"
"5,13 : 0.3053"
"13,5 : 0.3053"
"5,14 : 0.6263"
"14,5 : 0.6263"
"5,15 : 0.191"
"15,5 : 0.191"
"5,16 : 0.1204"
"16,5 : 0.1204"
"5,17 : 0.4383"
"17,5 : 0.4383"
"5,18 : 0.4105"
"18,5 : 0.4105"
"5,19 : 0.1844"
"19,5 : 0.1844"
"5,20 : 0.4119"
"20,5 : 0.4119"
"5,21 : 0.389"
"21,5 : 0.389"
"5,22 : 0.1879"
"22,5 : 0.1879"
"5,23 : 0.4101"
"23,5 : 0.4101"
"5,24 : 0.2683"
"24,5 : 0.2683"
"5,25 : 0.5315"
"25,5 : 0.5315"
"5,26 : 0.6366"
"26,5 : 0.6366"
"5,27 : 0.3041"
"27,5 : 0.3041"
"5,28 : 0.4597"
"28,5 : 0.4597"
"5,29 : 0.2236"
"29,5 : 0.2236"
"5,30 : 0.4588"
"30,5 : 0.4588"
"5,31 : 0.1063"
"31,5 : 0.1063"
"5,32 : 0.5464"
"32,5 : 0.5464"
"5,33 : 0.5162"
"33,5 : 0.5162"
"5,34 : 0.2267"
"34,5 : 0.2267"
"5,35 : 0.717"
"35,5 : 0.717"
"5,36 : 0.2102"
"36,5 : 0.2102"
"5,37 : 0.0424"
"37,5 : 0.0424"
"5,38 : 0.386"
"38,5 : 0.386"
"5,39 : 0.2256"
"39,5 : 0.2256"
"5,40 : 0.5731"
"40,5 : 0.5731"
"5,41 : 0.25"
"41,5 : 0.25"
"5,42 : 0.4163"
"42,5 : 0.4163"
"5,43 : 0.3891"
"43,5 : 0.3891"
"5,44 : 0.4687"
"44,5 : 0.4687"
"5,45 : 0.1903"
"45,5 : 0.1903"
"5,46 : 0.2843"
"46,5 : 0.2843"
"5,47 : 0.5122"
"47,5 : 0.5122"
"5,48 : 0.488"
"48,5 : 0.488"
"5,49 : 0.164"
"49,5 : 0.164"
"6,7 : 0.876"
"7,6 : 0.876"
"6,8 : 0.5408"
"8,6 : 0.5408"
"6,9 : 0.25"
"9,6 : 0.25"
"6,10 : 0.5636"
"10,6 : 0.5636"
"6,11 : 0.9657"
"11,6 : 0.9657"
"6,12 : 0.3606"
"12,6 : 0.3606"
"6,13 : 0.7122"
"13,6 : 0.7122"
"6,14 : 0.7976"
"14,6 : 0.7976"
"6,15 : 0.6011"
"15,6 : 0.6011"
"6,16 : 0.3245"
"16,6 : 0.3245"
"6,17 : 0.6607"
"17,6 : 0.6607"
"6,18 : 0.8184"
"18,6 : 0.8184"
"6,19 : 0.5284"
"19,6 : 0.5284"
"6,20 : 0.7788"
"20,6 : 0.7788"
"6,21 : 0.4295"
"21,6 : 0.4295"
"6,22 : 0.5108"
"22,6 : 0.5108"
"6,23 : 0.5901"
"23,6 : 0.5901"
"6,24 : 0.4045"
"24,6 : 0.4045"
"6,25 : 0.1221"
"25,6 : 0.1221"
"6,26 : 0.228"
"26,6 : 0.228"
"6,27 : 0.33"
"27,6 : 0.33"
"6,28 : 0.6313"
"28,6 : 0.6313"
"6,29 : 0.3929"
"29,6 : 0.3929"
"6,30 : 0.2052"
"30,6 : 0.2052"
"6,31 : 0.4342"
"31,6 : 0.4342"
"6,32 : 0.153"
"32,6 : 0.153"
"6,33 : 0.1063"
"33,6 : 0.1063"
"6,34 : 0.186"
"34,6 : 0.186"
"6,35 : 0.8065"
"35,6 : 0.8065"
"6,36 : 0.2285"
"36,6 : 0.2285"
"6,37 : 0.414"
"37,6 : 0.414"
"6,38 : 0.051"
"38,6 : 0.051"
"6,39 : 0.2571"
"39,6 : 0.2571"
"6,40 : 0.1664"
"40,6 : 0.1664"
"6,41 : 0.2335"
"41,6 : 0.2335"
"6,42 : 0.4571"
"42,6 : 0.4571"
"6,43 : 0.1476"
"43,6 : 0.1476"
"6,44 : 0.2766"
"44,6 : 0.2766"
"6,45 : 0.3036"
"45,6 : 0.3036"
"6,46 : 0.6943"
"46,6 : 0.6943"
"6,47 : 0.6083"
"47,6 : 0.6083"
"6,48 : 0.6438"
"48,6 : 0.6438"
"6,49 : 0.5728"
"49,6 : 0.5728"
"7,8 : 0.5604"
"8,7 : 0.5604"
"7,9 : 0.9833"
"9,7 : 0.9833"
"7,10 : 0.3225"
"10,7 : 0.3225"
"7,11 : 0.2302"
"11,7 : 0.2302"
"7,12 : 0.6303"
"12,7 : 0.6303"
"7,13 : 0.3138"
"13,7 : 0.3138"
"7,14 : 0.392"
"14,7 : 0.392"
"7,15 : 0.4238"
"15,7 : 0.4238"
"7,16 : 0.6501"
"16,7 : 0.6501"
"7,17 : 0.3023"
"17,7 : 0.3023"
"7,18 : 0.2983"
"18,7 : 0.2983"
"7,19 : 0.5977"
"19,7 : 0.5977"
"7,20 : 0.1265"
"20,7 : 0.1265"
"7,21 : 0.5523"
"21,7 : 0.5523"
"7,22 : 0.3688"
"22,7 : 0.3688"
"7,23 : 0.3764"
"23,7 : 0.3764"
"7,24 : 0.7793"
"24,7 : 0.7793"
"7,25 : 0.9937"
"25,7 : 0.9937"
"7,26 : 1.0735"
"26,7 : 1.0735"
"7,27 : 0.8315"
"27,7 : 0.8315"
"7,28 : 0.3774"
"28,7 : 0.3774"
"7,29 : 0.7368"
"29,7 : 0.7368"
"7,30 : 0.9787"
"30,7 : 0.9787"
"7,31 : 0.4554"
"31,7 : 0.4554"
"7,32 : 1.0279"
"32,7 : 1.0279"
"7,33 : 0.9693"
"33,7 : 0.9693"
"7,34 : 0.7009"
"34,7 : 0.7009"
"7,35 : 0.5544"
"35,7 : 0.5544"
"7,36 : 0.6485"
"36,7 : 0.6485"
"7,37 : 0.5009"
"37,7 : 0.5009"
"7,38 : 0.8709"
"38,7 : 0.8709"
"7,39 : 0.6203"
"39,7 : 0.6203"
"7,40 : 1.0113"
"40,7 : 1.0113"
"7,41 : 0.6462"
"41,7 : 0.6462"
"7,42 : 0.9257"
"42,7 : 0.9257"
"7,43 : 0.7826"
"43,7 : 0.7826"
"7,44 : 0.772"
"44,7 : 0.772"
"7,45 : 0.5725"
"45,7 : 0.5725"
"7,46 : 0.3585"
"46,7 : 0.3585"
"7,47 : 0.9835"
"47,7 : 0.9835"
"7,48 : 0.3982"
"48,7 : 0.3982"
"7,49 : 0.4492"
"49,7 : 0.4492"
"8,9 : 0.7616"
"9,8 : 0.7616"
"8,10 : 0.42"
"10,8 : 0.42"
"8,11 : 0.7564"
"11,8 : 0.7564"
"8,12 : 0.5714"
"12,8 : 0.5714"
"8,13 : 0.622"
"13,8 : 0.622"
"8,14 : 0.2886"
"14,8 : 0.2886"
"8,15 : 0.6053"
"15,8 : 0.6053"
"8,16 : 0.558"
"16,8 : 0.558"
"8,17 : 0.2581"
"17,8 : 0.2581"
"8,18 : 0.7021"
"18,8 : 0.7021"
"8,19 : 0.6871"
"19,8 : 0.6871"
"8,20 : 0.5385"
"20,8 : 0.5385"
"8,21 : 0.1273"
"21,8 : 0.1273"
"8,22 : 0.3821"
"22,8 : 0.3821"
"8,23 : 0.1879"
"23,8 : 0.1879"
"8,24 : 0.7341"
"24,8 : 0.7341"
"8,25 : 0.6198"
"25,8 : 0.6198"
"8,26 : 0.65"
"26,8 : 0.65"
"8,27 : 0.7212"
"27,8 : 0.7212"
"8,28 : 0.1844"
"28,8 : 0.1844"
"8,29 : 0.694"
"29,8 : 0.694"
"8,30 : 0.729"
"30,8 : 0.729"
"8,31 : 0.4111"
"31,8 : 0.4111"
"8,32 : 0.6768"
"32,8 : 0.6768"
"8,33 : 0.5886"
"33,8 : 0.5886"
"8,34 : 0.4623"
"34,8 : 0.4623"
"8,35 : 0.2657"
"35,8 : 0.2657"
"8,36 : 0.4036"
"36,8 : 0.4036"
"8,37 : 0.4662"
"37,8 : 0.4662"
"8,38 : 0.5686"
"38,8 : 0.5686"
"8,39 : 0.3538"
"39,8 : 0.3538"
"8,40 : 0.6013"
"40,8 : 0.6013"
"8,41 : 0.3561"
"41,8 : 0.3561"
"8,42 : 0.8631"
"42,8 : 0.8631"
"8,43 : 0.3956"
"43,8 : 0.3956"
"8,44 : 0.3"
"44,8 : 0.3"
"8,45 : 0.3483"
"45,8 : 0.3483"
"8,46 : 0.6401"
"46,8 : 0.6401"
"8,47 : 0.9902"
"47,8 : 0.9902"
"8,48 : 0.1703"
"48,8 : 0.1703"
"8,49 : 0.6002"
"49,8 : 0.6002"
"9,10 : 0.6612"
"10,9 : 0.6612"
"9,11 : 1.0183"
"11,9 : 1.0183"
"9,12 : 0.364"
"12,9 : 0.364"
"9,13 : 0.7495"
"13,9 : 0.7495"
"9,14 : 0.9898"
"14,9 : 0.9898"
"9,15 : 0.6203"
"15,9 : 0.6203"
"9,16 : 0.3373"
"16,9 : 0.3373"
"9,17 : 0.8276"
"17,9 : 0.8276"
"9,18 : 0.8486"
"18,9 : 0.8486"
"9,19 : 0.4855"
"19,9 : 0.4855"
"9,20 : 0.8683"
"20,9 : 0.8683"
"9,21 : 0.6395"
"21,9 : 0.6395"
"9,22 : 0.62"
"22,9 : 0.62"
"9,23 : 0.7692"
"23,9 : 0.7692"
"9,24 : 0.29"
"24,9 : 0.29"
"9,25 : 0.2746"
"25,9 : 0.2746"
"9,26 : 0.3801"
"26,9 : 0.3801"
"9,27 : 0.1985"
"27,9 : 0.1985"
"9,28 : 0.8161"
"28,9 : 0.8161"
"9,29 : 0.3081"
"29,9 : 0.3081"
"9,30 : 0.051"
"30,9 : 0.051"
"9,31 : 0.5301"
"31,9 : 0.5301"
"9,32 : 0.23"
"32,9 : 0.23"
"9,33 : 0.2912"
"33,9 : 0.2912"
"9,34 : 0.3132"
"34,9 : 0.3132"
"9,35 : 1.0242"
"35,9 : 1.0242"
"9,36 : 0.3764"
"36,9 : 0.3764"
"9,37 : 0.4826"
"37,9 : 0.4826"
"9,38 : 0.2052"
"38,9 : 0.2052"
"9,39 : 0.4238"
"39,9 : 0.4238"
"9,40 : 0.3453"
"40,9 : 0.3453"
"9,41 : 0.4123"
"41,9 : 0.4123"
"9,42 : 0.2596"
"42,9 : 0.2596"
"9,43 : 0.389"
"43,9 : 0.389"
"9,44 : 0.5235"
"44,9 : 0.5235"
"9,45 : 0.4535"
"45,9 : 0.4535"
"9,46 : 0.7187"
"46,9 : 0.7187"
"9,47 : 0.4031"
"47,9 : 0.4031"
"9,48 : 0.8349"
"48,9 : 0.8349"
"9,49 : 0.5887"
"49,9 : 0.5887"
"10,11 : 0.4111"
"11,10 : 0.4111"
"10,12 : 0.3158"
"12,10 : 0.3158"
"10,13 : 0.2062"
"13,10 : 0.2062"
"10,14 : 0.4482"
"14,10 : 0.4482"
"10,15 : 0.197"
"15,10 : 0.197"
"10,16 : 0.3314"
"16,10 : 0.3314"
"10,17 : 0.2581"
"17,10 : 0.2581"
"10,18 : 0.2997"
"18,10 : 0.2997"
"10,19 : 0.333"
"19,10 : 0.333"
"10,20 : 0.2154"
"20,10 : 0.2154"
"10,21 : 0.3421"
"21,10 : 0.3421"
"10,22 : 0.0566"
"22,10 : 0.0566"
"10,23 : 0.2625"
"23,10 : 0.2625"
"10,24 : 0.4776"
"24,10 : 0.4776"
"10,25 : 0.6843"
"25,10 : 0.6843"
"10,26 : 0.7739"
"26,10 : 0.7739"
"10,27 : 0.5179"
"27,10 : 0.5179"
"10,28 : 0.3046"
"28,10 : 0.3046"
"10,29 : 0.4332"
"29,10 : 0.4332"
"10,30 : 0.6562"
"30,10 : 0.6562"
"10,31 : 0.1334"
"31,10 : 0.1334"
"10,32 : 0.7131"
"32,10 : 0.7131"
"10,33 : 0.6624"
"33,10 : 0.6624"
"10,34 : 0.3828"
"34,10 : 0.3828"
"10,35 : 0.568"
"35,10 : 0.568"
"10,36 : 0.3354"
"36,10 : 0.3354"
"10,37 : 0.1803"
"37,10 : 0.1803"
"10,38 : 0.5536"
"38,10 : 0.5536"
"10,39 : 0.3162"
"39,10 : 0.3162"
"10,40 : 0.7102"
"40,10 : 0.7102"
"10,41 : 0.3441"
"41,10 : 0.3441"
"10,42 : 0.6263"
"42,10 : 0.6263"
"10,43 : 0.4904"
"43,10 : 0.4904"
"10,44 : 0.5161"
"44,10 : 0.5161"
"10,45 : 0.2663"
"45,10 : 0.2663"
"10,46 : 0.2202"
"46,10 : 0.2202"
"10,47 : 0.7083"
"47,10 : 0.7083"
"10,48 : 0.3362"
"48,10 : 0.3362"
"10,49 : 0.2025"
"49,10 : 0.2025"
"11,12 : 0.6546"
"12,11 : 0.6546"
"11,13 : 0.2693"
"13,11 : 0.2693"
"11,14 : 0.6207"
"14,11 : 0.6207"
"11,15 : 0.4002"
"15,11 : 0.4002"
"11,16 : 0.6835"
"16,11 : 0.6835"
"11,17 : 0.506"
"17,11 : 0.506"
"11,18 : 0.18"
"18,11 : 0.18"
"11,19 : 0.5622"
"19,11 : 0.5622"
"11,20 : 0.2195"
"20,11 : 0.2195"
"11,21 : 0.7211"
"21,11 : 0.7211"
"11,22 : 0.4675"
"22,11 : 0.4675"
"11,23 : 0.5686"
"23,11 : 0.5686"
"11,24 : 0.7679"
"24,11 : 0.7679"
"11,25 : 1.0876"
"25,11 : 1.0876"
"11,26 : 1.1822"
"26,11 : 1.1822"
"11,27 : 0.8395"
"27,11 : 0.8395"
"11,28 : 0.5819"
"28,11 : 0.5819"
"11,29 : 0.7316"
"29,11 : 0.7316"
"11,30 : 1.0253"
"30,11 : 1.0253"
"11,31 : 0.5325"
"31,11 : 0.5325"
"11,32 : 1.1102"
"32,11 : 1.1102"
"11,33 : 1.0678"
"33,11 : 1.0678"
"11,34 : 0.7803"
"34,11 : 0.7803"
"11,35 : 0.7823"
"35,11 : 0.7823"
"11,36 : 0.7406"
"36,11 : 0.7406"
"11,37 : 0.5547"
"37,11 : 0.5547"
"11,38 : 0.9489"
"38,11 : 0.9489"
"11,39 : 0.7262"
"39,11 : 0.7262"
"11,40 : 1.1183"
"40,11 : 1.1183"
"11,41 : 0.7543"
"41,11 : 0.7543"
"11,42 : 0.902"
"42,11 : 0.902"
"11,43 : 0.9014"
"43,11 : 0.9014"
"11,44 : 0.921"
"44,11 : 0.921"
"11,45 : 0.6762"
"45,11 : 0.6762"
"11,46 : 0.3041"
"46,11 : 0.3041"
"11,47 : 0.9244"
"47,11 : 0.9244"
"11,48 : 0.6073"
"48,11 : 0.6073"
"11,49 : 0.4317"
"49,11 : 0.4317"
"12,13 : 0.3863"
"13,12 : 0.3863"
"12,14 : 0.7185"
"14,12 : 0.7185"
"12,15 : 0.2594"
"15,12 : 0.2594"
"12,16 : 0.0361"
"16,12 : 0.0361"
"12,17 : 0.5334"
"17,12 : 0.5334"
"12,18 : 0.4875"
"18,12 : 0.4875"
"12,19 : 0.1709"
"19,12 : 0.1709"
"12,20 : 0.5104"
"20,12 : 0.5104"
"12,21 : 0.4478"
"21,12 : 0.4478"
"12,22 : 0.2879"
"22,12 : 0.2879"
"12,23 : 0.4982"
"23,12 : 0.4982"
"12,24 : 0.172"
"24,12 : 0.172"
"12,25 : 0.4763"
"25,12 : 0.4763"
"12,26 : 0.5882"
"26,12 : 0.5882"
"12,27 : 0.2022"
"27,12 : 0.2022"
"12,28 : 0.5482"
"28,12 : 0.5482"
"12,29 : 0.1281"
"29,12 : 0.1281"
"12,30 : 0.3716"
"30,12 : 0.3716"
"12,31 : 0.2012"
"31,12 : 0.2012"
"12,32 : 0.481"
"32,12 : 0.481"
"12,33 : 0.4662"
"33,12 : 0.4662"
"12,34 : 0.1965"
"34,12 : 0.1965"
"12,35 : 0.7991"
"35,12 : 0.7991"
"12,36 : 0.2102"
"36,12 : 0.2102"
"12,37 : 0.1393"
"37,12 : 0.1393"
"12,38 : 0.3265"
"38,12 : 0.3265"
"12,39 : 0.2452"
"39,12 : 0.2452"
"12,40 : 0.527"
"40,12 : 0.527"
"12,41 : 0.2617"
"41,12 : 0.2617"
"12,42 : 0.3176"
"42,12 : 0.3176"
"12,43 : 0.3766"
"43,12 : 0.3766"
"12,44 : 0.4801"
"44,12 : 0.4801"
"12,45 : 0.2285"
"45,12 : 0.2285"
"12,46 : 0.3578"
"46,12 : 0.3578"
"12,47 : 0.4243"
"47,12 : 0.4243"
"12,48 : 0.5749"
"48,12 : 0.5749"
"12,49 : 0.2283"
"49,12 : 0.2283"
"13,14 : 0.5962"
"14,13 : 0.5962"
"13,15 : 0.1315"
"15,13 : 0.1315"
"13,16 : 0.4163"
"16,13 : 0.4163"
"13,17 : 0.422"
"17,13 : 0.422"
"13,18 : 0.1063"
"18,13 : 0.1063"
"13,19 : 0.3007"
"19,13 : 0.3007"
"13,20 : 0.1921"
"20,13 : 0.1921"
"13,21 : 0.5482"
"21,13 : 0.5482"
"13,22 : 0.2563"
"22,13 : 0.2563"
"13,23 : 0.451"
"23,13 : 0.451"
"13,24 : 0.5016"
"24,13 : 0.5016"
"13,25 : 0.8341"
"25,13 : 0.8341"
"13,26 : 0.9351"
"26,13 : 0.9351"
"13,27 : 0.5707"
"27,13 : 0.5707"
"13,28 : 0.4851"
"28,13 : 0.4851"
"13,29 : 0.4639"
"29,13 : 0.4639"
"13,30 : 0.7577"
"30,13 : 0.7577"
"13,31 : 0.2921"
"31,13 : 0.2921"
"13,32 : 0.8515"
"32,13 : 0.8515"
"13,33 : 0.8169"
"33,13 : 0.8169"
"13,34 : 0.5263"
"34,13 : 0.5263"
"13,35 : 0.7376"
"35,13 : 0.7376"
"13,36 : 0.495"
"36,13 : 0.495"
"13,37 : 0.2983"
"37,13 : 0.2983"
"13,38 : 0.6907"
"38,13 : 0.6907"
"13,39 : 0.4904"
"39,13 : 0.4904"
"13,40 : 0.8711"
"40,13 : 0.8711"
"13,41 : 0.5186"
"41,13 : 0.5186"
"13,42 : 0.6401"
"42,13 : 0.6401"
"13,43 : 0.6671"
"43,13 : 0.6671"
"13,44 : 0.712"
"44,13 : 0.712"
"13,45 : 0.442"
"45,13 : 0.442"
"13,46 : 0.0447"
"46,13 : 0.0447"
"13,47 : 0.6791"
"47,13 : 0.6791"
"13,48 : 0.5162"
"48,13 : 0.5162"
"13,49 : 0.1628"
"49,13 : 0.1628"
"14,15 : 0.6407"
"15,14 : 0.6407"
"14,16 : 0.7187"
"16,14 : 0.7187"
"14,17 : 0.191"
"17,14 : 0.191"
"14,18 : 0.6379"
"18,14 : 0.6379"
"14,19 : 0.7783"
"19,14 : 0.7783"
"14,20 : 0.4374"
"20,14 : 0.4374"
"14,21 : 0.3705"
"21,14 : 0.3705"
"14,22 : 0.4455"
"22,14 : 0.4455"
"14,23 : 0.2236"
"23,14 : 0.2236"
"14,24 : 0.8905"
"24,14 : 0.8905"
"14,25 : 0.8909"
"25,14 : 0.8909"
"14,26 : 0.9326"
"26,14 : 0.9326"
"14,27 : 0.9043"
"27,14 : 0.9043"
"14,28 : 0.1746"
"28,14 : 0.1746"
"14,29 : 0.8463"
"29,14 : 0.8463"
"14,30 : 0.9657"
"30,14 : 0.9657"
"14,31 : 0.5201"
"31,14 : 0.5201"
"14,32 : 0.9434"
"32,14 : 0.9434"
"14,33 : 0.8605"
"33,14 : 0.8605"
"14,34 : 0.6768"
"34,14 : 0.6768"
"14,35 : 0.1628"
"35,14 : 0.1628"
"14,36 : 0.6135"
"36,14 : 0.6135"
"14,37 : 0.5841"
"37,14 : 0.5841"
"14,38 : 0.8158"
"38,14 : 0.8158"
"14,39 : 0.5661"
"39,14 : 0.5661"
"14,40 : 0.8805"
"40,14 : 0.8805"
"14,41 : 0.5797"
"41,14 : 0.5797"
"14,42 : 1.0346"
"42,14 : 1.0346"
"14,43 : 0.6612"
"43,14 : 0.6612"
"14,44 : 0.5842"
"44,14 : 0.5842"
"14,45 : 0.5385"
"45,14 : 0.5385"
"14,46 : 0.6307"
"46,14 : 0.6307"
"14,47 : 1.1385"
"47,14 : 1.1385"
"14,48 : 0.1552"
"48,14 : 0.1552"
"14,49 : 0.65"
"49,14 : 0.65"
"15,16 : 0.2915"
"16,15 : 0.2915"
"15,17 : 0.4528"
"17,15 : 0.4528"
"15,18 : 0.2285"
"18,15 : 0.2285"
"15,19 : 0.1746"
"19,15 : 0.1746"
"15,20 : 0.2973"
"20,15 : 0.2973"
"15,21 : 0.5101"
"21,15 : 0.5101"
"15,22 : 0.2236"
"22,15 : 0.2236"
"15,23 : 0.4588"
"23,15 : 0.4588"
"15,24 : 0.3705"
"24,15 : 0.3705"
"15,25 : 0.7218"
"25,15 : 0.7218"
"15,26 : 0.8276"
"26,15 : 0.8276"
"15,27 : 0.4393"
"27,15 : 0.4393"
"15,28 : 0.5016"
"28,15 : 0.5016"
"15,29 : 0.3324"
"29,15 : 0.3324"
"15,30 : 0.6307"
"30,15 : 0.6307"
"15,31 : 0.2159"
"31,15 : 0.2159"
"15,32 : 0.7341"
"32,15 : 0.7341"
"15,33 : 0.7071"
"33,15 : 0.7071"
"15,34 : 0.4177"
"34,15 : 0.4177"
"15,35 : 0.7649"
"35,15 : 0.7649"
"15,36 : 0.3966"
"36,15 : 0.3966"
"15,37 : 0.1972"
"37,15 : 0.1972"
"15,38 : 0.5749"
"38,15 : 0.5749"
"15,39 : 0.4025"
"39,15 : 0.4025"
"15,40 : 0.7642"
"40,15 : 0.7642"
"15,41 : 0.4294"
"41,15 : 0.4294"
"15,42 : 0.5109"
"42,15 : 0.5109"
"15,43 : 0.5745"
"43,15 : 0.5745"
"15,44 : 0.6391"
"44,15 : 0.6391"
"15,45 : 0.3585"
"45,15 : 0.3585"
"15,46 : 0.0985"
"46,15 : 0.0985"
"15,47 : 0.5597"
"47,15 : 0.5597"
"15,48 : 0.5331"
"48,15 : 0.5331"
"15,49 : 0.0316"
"49,15 : 0.0316"
"16,17 : 0.5367"
"17,16 : 0.5367"
"16,18 : 0.5188"
"18,16 : 0.5188"
"16,19 : 0.2062"
"19,16 : 0.2062"
"16,20 : 0.5324"
"20,16 : 0.5324"
"16,21 : 0.4327"
"21,16 : 0.4327"
"16,22 : 0.2983"
"22,16 : 0.2983"
"16,23 : 0.4965"
"23,16 : 0.4965"
"16,24 : 0.1769"
"24,16 : 0.1769"
"16,25 : 0.4405"
"25,16 : 0.4405"
"16,26 : 0.5522"
"26,16 : 0.5522"
"16,27 : 0.1897"
"27,16 : 0.1897"
"16,28 : 0.5464"
"28,16 : 0.5464"
"16,29 : 0.136"
"29,16 : 0.136"
"16,30 : 0.3418"
"30,16 : 0.3418"
"16,31 : 0.2088"
"31,16 : 0.2088"
"16,32 : 0.446"
"32,16 : 0.446"
"16,33 : 0.4301"
"33,16 : 0.4301"
"16,34 : 0.1628"
"34,16 : 0.1628"
"16,35 : 0.7925"
"35,16 : 0.7925"
"16,36 : 0.1825"
"36,16 : 0.1825"
"16,37 : 0.1513"
"37,16 : 0.1513"
"16,38 : 0.2907"
"38,16 : 0.2907"
"16,39 : 0.2214"
"39,16 : 0.2214"
"16,40 : 0.4909"
"40,16 : 0.4909"
"16,41 : 0.2354"
"41,16 : 0.2354"
"16,42 : 0.3162"
"42,16 : 0.3162"
"16,43 : 0.3437"
"43,16 : 0.3437"
"16,44 : 0.451"
"44,16 : 0.451"
"16,45 : 0.211"
"45,16 : 0.211"
"16,46 : 0.3895"
"46,16 : 0.3895"
"16,47 : 0.4328"
"47,16 : 0.4328"
"16,48 : 0.572"
"48,16 : 0.572"
"16,49 : 0.2608"
"49,16 : 0.2608"
"17,18 : 0.4804"
"18,17 : 0.4804"
"17,19 : 0.5873"
"19,17 : 0.5873"
"17,20 : 0.2943"
"20,17 : 0.2943"
"17,21 : 0.2683"
"21,17 : 0.2683"
"17,22 : 0.255"
"22,17 : 0.255"
"17,23 : 0.0806"
"23,17 : 0.0806"
"17,24 : 0.7049"
"24,17 : 0.7049"
"17,25 : 0.7666"
"25,17 : 0.7666"
"17,26 : 0.8271"
"26,17 : 0.8271"
"17,27 : 0.725"
"27,17 : 0.725"
"17,28 : 0.0762"
"28,17 : 0.0762"
"17,29 : 0.6604"
"29,17 : 0.6604"
"17,30 : 0.8089"
"30,17 : 0.8089"
"17,31 : 0.3329"
"31,17 : 0.3329"
"17,32 : 0.8122"
"32,17 : 0.8122"
"17,33 : 0.7382"
"33,17 : 0.7382"
"17,34 : 0.5162"
"34,17 : 0.5162"
"17,35 : 0.3162"
"35,17 : 0.3162"
"17,36 : 0.454"
"36,17 : 0.454"
"17,37 : 0.3966"
"37,17 : 0.3966"
"17,38 : 0.6703"
"38,17 : 0.6703"
"17,39 : 0.4111"
"39,17 : 0.4111"
"17,40 : 0.769"
"40,17 : 0.769"
"17,41 : 0.4301"
"41,17 : 0.4301"
"17,42 : 0.8509"
"42,17 : 0.8509"
"17,43 : 0.5394"
"43,17 : 0.5394"
"17,44 : 0.4966"
"44,17 : 0.4966"
"17,45 : 0.3748"
"45,17 : 0.3748"
"17,46 : 0.4522"
"46,17 : 0.4522"
"17,47 : 0.95"
"47,17 : 0.95"
"17,48 : 0.102"
"48,17 : 0.102"
"17,49 : 0.4604"
"49,17 : 0.4604"
"18,19 : 0.3833"
"19,18 : 0.3833"
"18,20 : 0.2025"
"20,18 : 0.2025"
"18,21 : 0.6391"
"21,18 : 0.6391"
"18,22 : 0.3536"
"22,18 : 0.3536"
"18,23 : 0.5224"
"23,18 : 0.5224"
"18,24 : 0.5903"
"24,18 : 0.5903"
"18,25 : 0.9402"
"25,18 : 0.9402"
"18,26 : 1.0414"
"26,18 : 1.0414"
"18,27 : 0.6648"
"27,18 : 0.6648"
"18,28 : 0.5501"
"28,18 : 0.5501"
"18,29 : 0.5554"
"29,18 : 0.5554"
"18,30 : 0.8591"
"30,18 : 0.8591"
"18,31 : 0.397"
"31,18 : 0.397"
"18,32 : 0.9569"
"32,18 : 0.9569"
"18,33 : 0.9231"
"33,18 : 0.9231"
"18,34 : 0.6325"
"34,18 : 0.6325"
"18,35 : 0.7892"
"35,18 : 0.7892"
"18,36 : 0.6011"
"36,18 : 0.6011"
"18,37 : 0.4046"
"37,18 : 0.4046"
"18,38 : 0.7963"
"38,18 : 0.7963"
"18,39 : 0.5955"
"39,18 : 0.5955"
"18,40 : 0.9774"
"40,18 : 0.9774"
"18,41 : 0.6237"
"41,18 : 0.6237"
"18,42 : 0.7225"
"42,18 : 0.7225"
"18,43 : 0.7723"
"43,18 : 0.7723"
"18,44 : 0.813"
"44,18 : 0.813"
"18,45 : 0.5467"
"45,18 : 0.5467"
"18,46 : 0.13"
"46,18 : 0.13"
"18,47 : 0.7455"
"47,18 : 0.7455"
"18,48 : 0.58"
"48,18 : 0.58"
"18,49 : 0.26"
"49,18 : 0.26"
"19,20 : 0.4713"
"20,19 : 0.4713"
"19,21 : 0.5728"
"21,19 : 0.5728"
"19,22 : 0.3342"
"22,19 : 0.3342"
"19,23 : 0.5743"
"23,19 : 0.5743"
"19,24 : 0.2088"
"24,19 : 0.2088"
"19,25 : 0.6407"
"25,19 : 0.6407"
"19,26 : 0.7547"
"26,19 : 0.7547"
"19,27 : 0.2907"
"27,19 : 0.2907"
"19,28 : 0.622"
"28,19 : 0.622"
"19,29 : 0.1789"
"29,19 : 0.1789"
"19,30 : 0.5061"
"30,19 : 0.5061"
"19,31 : 0.2773"
"31,19 : 0.2773"
"19,32 : 0.6389"
"32,19 : 0.6389"
"19,33 : 0.6329"
"33,19 : 0.6329"
"19,34 : 0.3669"
"34,19 : 0.3669"
"19,35 : 0.8848"
"35,19 : 0.8848"
"19,36 : 0.3734"
"36,19 : 0.3734"
"19,37 : 0.2214"
"37,19 : 0.2214"
"19,38 : 0.4909"
"38,19 : 0.4909"
"19,39 : 0.4001"
"39,19 : 0.4001"
"19,40 : 0.6946"
"40,19 : 0.6946"
"19,41 : 0.4211"
"41,19 : 0.4211"
"19,42 : 0.3401"
"42,19 : 0.3401"
"19,43 : 0.5457"
"43,19 : 0.5457"
"19,44 : 0.642"
"44,19 : 0.642"
"19,45 : 0.3712"
"45,19 : 0.3712"
"19,46 : 0.26"
"46,19 : 0.26"
"19,47 : 0.3863"
"47,19 : 0.3863"
"19,48 : 0.6522"
"48,19 : 0.6522"
"19,49 : 0.1487"
"49,19 : 0.1487"
"20,21 : 0.5022"
"21,20 : 0.5022"
"20,22 : 0.2683"
"22,20 : 0.2683"
"20,23 : 0.3511"
"23,20 : 0.3511"
"20,24 : 0.6549"
"24,20 : 0.6549"
"20,25 : 0.899"
"25,20 : 0.899"
"20,26 : 0.9862"
"26,20 : 0.9862"
"20,27 : 0.7101"
"27,20 : 0.7101"
"20,28 : 0.3688"
"28,20 : 0.3688"
"20,29 : 0.6129"
"29,20 : 0.6129"
"20,30 : 0.8668"
"30,20 : 0.8668"
"20,31 : 0.3479"
"31,20 : 0.3479"
"20,32 : 0.9285"
"32,20 : 0.9285"
"20,33 : 0.8766"
"33,20 : 0.8766"
"20,34 : 0.5981"
"34,20 : 0.5981"
"20,35 : 0.5921"
"35,20 : 0.5921"
"20,36 : 0.5504"
"36,20 : 0.5504"
"20,37 : 0.3864"
"37,20 : 0.3864"
"20,38 : 0.769"
"38,20 : 0.769"
"20,39 : 0.5284"
"39,20 : 0.5284"
"20,40 : 0.9228"
"40,20 : 0.9228"
"20,41 : 0.5557"
"41,20 : 0.5557"
"20,42 : 0.8006"
"42,20 : 0.8006"
"20,43 : 0.6989"
"43,20 : 0.6989"
"20,44 : 0.7071"
"44,20 : 0.7071"
"20,45 : 0.4789"
"45,20 : 0.4789"
"20,46 : 0.236"
"46,20 : 0.236"
"20,47 : 0.857"
"47,20 : 0.857"
"20,48 : 0.3962"
"48,20 : 0.3962"
"20,49 : 0.3228"
"49,20 : 0.3228"
"21,22 : 0.2943"
"22,21 : 0.2943"
"21,23 : 0.1879"
"23,21 : 0.1879"
"21,24 : 0.608"
"24,21 : 0.608"
"21,25 : 0.5204"
"25,21 : 0.5204"
"21,26 : 0.5672"
"26,21 : 0.5672"
"21,27 : 0.594"
"27,21 : 0.594"
"21,28 : 0.2159"
"28,21 : 0.2159"
"21,29 : 0.5686"
"29,21 : 0.5686"
"21,30 : 0.6093"
"30,21 : 0.6093"
"21,31 : 0.3027"
"31,21 : 0.3027"
"21,32 : 0.5731"
"32,21 : 0.5731"
"21,33 : 0.4901"
"33,21 : 0.4901"
"21,34 : 0.336"
"34,21 : 0.336"
"21,35 : 0.3847"
"35,21 : 0.3847"
"21,36 : 0.2766"
"36,21 : 0.2766"
"21,37 : 0.3517"
"37,21 : 0.3517"
"21,38 : 0.4522"
"38,21 : 0.4522"
"21,39 : 0.2267"
"39,21 : 0.2267"
"21,40 : 0.5124"
"40,21 : 0.5124"
"21,41 : 0.2302"
"41,21 : 0.2302"
"21,42 : 0.7359"
"42,21 : 0.7359"
"21,43 : 0.2907"
"43,21 : 0.2907"
"21,44 : 0.2285"
"44,21 : 0.2285"
"21,45 : 0.222"
"45,21 : 0.222"
"21,46 : 0.559"
"46,21 : 0.559"
"21,47 : 0.864"
"47,21 : 0.864"
"21,48 : 0.2209"
"48,21 : 0.2209"
"21,49 : 0.5004"
"49,21 : 0.5004"
"22,23 : 0.2419"
"23,22 : 0.2419"
"22,24 : 0.4562"
"24,22 : 0.4562"
"22,25 : 0.6307"
"25,22 : 0.6307"
"22,26 : 0.7187"
"26,22 : 0.7187"
"22,27 : 0.4876"
"27,22 : 0.4876"
"22,28 : 0.2884"
"28,22 : 0.2884"
"22,29 : 0.4115"
"29,22 : 0.4115"
"22,30 : 0.612"
"30,22 : 0.612"
"22,31 : 0.0906"
"31,22 : 0.0906"
"22,32 : 0.6613"
"32,22 : 0.6613"
"22,33 : 0.6083"
"33,22 : 0.6083"
"22,34 : 0.3324"
"34,22 : 0.3324"
"22,35 : 0.5523"
"35,22 : 0.5523"
"22,36 : 0.2823"
"36,22 : 0.2823"
"22,37 : 0.1487"
"37,22 : 0.1487"
"22,38 : 0.5029"
"38,22 : 0.5029"
"22,39 : 0.2608"
"39,22 : 0.2608"
"22,40 : 0.6551"
"40,22 : 0.6551"
"22,41 : 0.2884"
"41,22 : 0.2884"
"22,42 : 0.6042"
"42,22 : 0.6042"
"22,43 : 0.4342"
"43,22 : 0.4342"
"22,44 : 0.4604"
"44,22 : 0.4604"
"22,45 : 0.211"
"45,22 : 0.211"
"22,46 : 0.2648"
"46,22 : 0.2648"
"22,47 : 0.6963"
"47,22 : 0.6963"
"22,48 : 0.3191"
"48,22 : 0.3191"
"22,49 : 0.2214"
"49,22 : 0.2214"
"23,24 : 0.6701"
"24,23 : 0.6701"
"23,25 : 0.6926"
"25,23 : 0.6926"
"23,26 : 0.7495"
"26,23 : 0.7495"
"23,27 : 0.681"
"27,23 : 0.681"
"23,28 : 0.05"
"28,23 : 0.05"
"23,29 : 0.6263"
"29,23 : 0.6263"
"23,30 : 0.7473"
"30,23 : 0.7473"
"23,31 : 0.3041"
"31,23 : 0.3041"
"23,32 : 0.7403"
"32,23 : 0.7403"
"23,33 : 0.6637"
"33,23 : 0.6637"
"23,34 : 0.4561"
"34,23 : 0.4561"
"23,35 : 0.3106"
"35,23 : 0.3106"
"23,36 : 0.3929"
"36,23 : 0.3929"
"23,37 : 0.3677"
"37,23 : 0.3677"
"23,38 : 0.603"
"38,23 : 0.603"
"23,39 : 0.3471"
"39,23 : 0.3471"
"23,40 : 0.6923"
"40,23 : 0.6923"
"23,41 : 0.3635"
"41,23 : 0.3635"
"23,42 : 0.8127"
"42,23 : 0.8127"
"23,43 : 0.4639"
"43,23 : 0.4639"
"23,44 : 0.4163"
"44,23 : 0.4163"
"23,45 : 0.3162"
"45,23 : 0.3162"
"23,46 : 0.4752"
"46,23 : 0.4752"
"23,47 : 0.921"
"47,23 : 0.921"
"23,48 : 0.0781"
"48,23 : 0.0781"
"23,49 : 0.461"
"49,23 : 0.461"
"24,25 : 0.4965"
"25,24 : 0.4965"
"24,26 : 0.6135"
"26,24 : 0.6135"
"24,27 : 0.0922"
"27,24 : 0.0922"
"24,28 : 0.7201"
"28,24 : 0.7201"
"24,29 : 0.0447"
"29,24 : 0.0447"
"24,30 : 0.3202"
"30,24 : 0.3202"
"24,31 : 0.3722"
"31,24 : 0.3722"
"24,32 : 0.4785"
"32,24 : 0.4785"
"24,33 : 0.4973"
"33,24 : 0.4973"
"24,34 : 0.3036"
"34,24 : 0.3036"
"24,35 : 0.969"
"35,24 : 0.969"
"24,36 : 0.3444"
"36,24 : 0.3444"
"24,37 : 0.3089"
"37,24 : 0.3089"
"24,38 : 0.3569"
"38,24 : 0.3569"
"24,39 : 0.3895"
"39,24 : 0.3895"
"24,40 : 0.5604"
"40,24 : 0.5604"
"24,41 : 0.3981"
"41,24 : 0.3981"
"24,42 : 0.1487"
"42,24 : 0.1487"
"24,43 : 0.4752"
"43,24 : 0.4752"
"24,44 : 0.5991"
"44,24 : 0.5991"
"24,45 : 0.386"
"45,24 : 0.386"
"24,46 : 0.4639"
"46,24 : 0.4639"
"24,47 : 0.2561"
"47,24 : 0.2561"
"24,48 : 0.7465"
"48,24 : 0.7465"
"24,49 : 0.3401"
"49,24 : 0.3401"
"25,26 : 0.117"
"26,25 : 0.117"
"25,27 : 0.4123"
"27,25 : 0.4123"
"25,28 : 0.7306"
"28,25 : 0.7306"
"25,29 : 0.4924"
"29,25 : 0.4924"
"25,30 : 0.2236"
"30,25 : 0.2236"
"25,31 : 0.5557"
"31,25 : 0.5557"
"25,32 : 0.064"
"32,25 : 0.064"
"25,33 : 0.0316"
"33,25 : 0.0316"
"25,34 : 0.3081"
"34,25 : 0.3081"
"25,35 : 0.8829"
"35,25 : 0.8829"
"25,36 : 0.3489"
"36,25 : 0.3489"
"25,37 : 0.536"
"37,25 : 0.536"
"25,38 : 0.15"
"38,25 : 0.15"
"25,39 : 0.3734"
"39,25 : 0.3734"
"25,40 : 0.0707"
"40,25 : 0.0707"
"25,41 : 0.3479"
"41,25 : 0.3479"
"25,42 : 0.5204"
"42,25 : 0.5204"
"25,43 : 0.23"
"43,25 : 0.23"
"25,44 : 0.3289"
"44,25 : 0.3289"
"25,45 : 0.4215"
"45,25 : 0.4215"
"25,46 : 0.8157"
"46,25 : 0.8157"
"25,47 : 0.67"
"47,25 : 0.67"
"25,48 : 0.74"
"48,25 : 0.74"
"25,49 : 0.6931"
"49,25 : 0.6931"
"26,27 : 0.5289"
"27,26 : 0.5289"
"26,28 : 0.7826"
"28,26 : 0.7826"
"26,29 : 0.6093"
"29,26 : 0.6093"
"26,30 : 0.33"
"30,26 : 0.33"
"26,31 : 0.65"
"31,26 : 0.65"
"26,32 : 0.1503"
"32,26 : 0.1503"
"26,33 : 0.1221"
"33,26 : 0.1221"
"26,34 : 0.4101"
"34,26 : 0.4101"
"26,35 : 0.9045"
"35,26 : 0.9045"
"26,36 : 0.442"
"36,26 : 0.442"
"26,37 : 0.637"
"37,26 : 0.637"
"26,38 : 0.2642"
"38,26 : 0.2642"
"26,39 : 0.4579"
"39,26 : 0.4579"
"26,40 : 0.064"
"40,26 : 0.064"
"26,41 : 0.4305"
"41,26 : 0.4305"
"26,42 : 0.6329"
"42,26 : 0.6329"
"26,43 : 0.2915"
"43,26 : 0.2915"
"26,44 : 0.35"
"44,26 : 0.35"
"26,45 : 0.5077"
"45,26 : 0.5077"
"26,46 : 0.9193"
"46,26 : 0.9193"
"26,47 : 0.781"
"47,26 : 0.781"
"26,48 : 0.7877"
"48,26 : 0.7877"
"26,49 : 0.7998"
"49,26 : 0.7998"
"27,28 : 0.7306"
"28,27 : 0.7306"
"27,29 : 0.1118"
"29,27 : 0.1118"
"27,30 : 0.228"
"30,27 : 0.228"
"27,31 : 0.3985"
"31,27 : 0.3985"
"27,32 : 0.39"
"32,27 : 0.39"
"27,33 : 0.4159"
"33,27 : 0.4159"
"27,34 : 0.2663"
"34,27 : 0.2663"
"27,35 : 0.9683"
"35,27 : 0.9683"
"27,36 : 0.3189"
"36,27 : 0.3189"
"27,37 : 0.3396"
"37,27 : 0.3396"
"27,38 : 0.2802"
"38,27 : 0.2802"
"27,39 : 0.368"
"39,27 : 0.368"
"27,40 : 0.4785"
"40,27 : 0.4785"
"27,41 : 0.3701"
"41,27 : 0.3701"
"27,42 : 0.1442"
"42,27 : 0.1442"
"27,43 : 0.4206"
"43,27 : 0.4206"
"27,44 : 0.5515"
"44,27 : 0.5515"
"27,45 : 0.3764"
"45,27 : 0.3764"
"27,46 : 0.536"
"46,27 : 0.536"
"27,47 : 0.2879"
"47,27 : 0.2879"
"27,48 : 0.7547"
"48,27 : 0.7547"
"27,49 : 0.4079"
"49,27 : 0.4079"
"28,29 : 0.6762"
"29,28 : 0.6762"
"28,30 : 0.7931"
"30,28 : 0.7931"
"28,31 : 0.3536"
"31,28 : 0.3536"
"28,32 : 0.7801"
"32,28 : 0.7801"
"28,33 : 0.7011"
"33,28 : 0.7011"
"28,34 : 0.5029"
"34,28 : 0.5029"
"28,35 : 0.2642"
"35,28 : 0.2642"
"28,36 : 0.4397"
"36,28 : 0.4397"
"28,37 : 0.4173"
"37,28 : 0.4173"
"28,38 : 0.6463"
"38,28 : 0.6463"
"28,39 : 0.3929"
"39,28 : 0.3929"
"28,40 : 0.7269"
"40,28 : 0.7269"
"28,41 : 0.4079"
"41,28 : 0.4079"
"28,42 : 0.8627"
"42,28 : 0.8627"
"28,43 : 0.5009"
"43,28 : 0.5009"
"28,44 : 0.4427"
"44,28 : 0.4427"
"28,45 : 0.364"
"45,28 : 0.364"
"28,46 : 0.512"
"46,28 : 0.512"
"28,47 : 0.9708"
"47,28 : 0.9708"
"28,48 : 0.0316"
"48,28 : 0.0316"
"28,49 : 0.5054"
"49,28 : 0.5054"
"29,30 : 0.3324"
"30,29 : 0.3324"
"29,31 : 0.3276"
"31,29 : 0.3276"
"29,32 : 0.4802"
"32,29 : 0.4802"
"29,33 : 0.4904"
"33,29 : 0.4904"
"29,34 : 0.2746"
"34,29 : 0.2746"
"29,35 : 0.9263"
"35,29 : 0.9263"
"29,36 : 0.3102"
"36,29 : 0.3102"
"29,37 : 0.2642"
"37,29 : 0.2642"
"29,38 : 0.3479"
"38,29 : 0.3479"
"29,39 : 0.3534"
"39,29 : 0.3534"
"29,40 : 0.5536"
"40,29 : 0.5536"
"29,41 : 0.364"
"41,29 : 0.364"
"29,42 : 0.1931"
"42,29 : 0.1931"
"29,43 : 0.451"
"43,29 : 0.451"
"29,44 : 0.5707"
"44,29 : 0.5707"
"29,45 : 0.3467"
"45,29 : 0.3467"
"29,46 : 0.4276"
"46,29 : 0.4276"
"29,47 : 0.2973"
"47,29 : 0.2973"
"29,48 : 0.7029"
"48,29 : 0.7029"
"29,49 : 0.3015"
"49,29 : 0.3015"
"30,31 : 0.5235"
"31,30 : 0.5235"
"30,32 : 0.1803"
"32,30 : 0.1803"
"30,33 : 0.2404"
"33,30 : 0.2404"
"30,34 : 0.2927"
"34,30 : 0.2927"
"30,35 : 0.9932"
"35,30 : 0.9932"
"30,36 : 0.3551"
"36,30 : 0.3551"
"30,37 : 0.4805"
"37,30 : 0.4805"
"30,38 : 0.164"
"38,30 : 0.164"
"30,39 : 0.4002"
"39,30 : 0.4002"
"30,40 : 0.2943"
"40,30 : 0.2943"
"30,41 : 0.386"
"41,30 : 0.386"
"30,42 : 0.3059"
"42,30 : 0.3059"
"30,43 : 0.3483"
"43,30 : 0.3483"
"30,44 : 0.481"
"44,30 : 0.481"
"30,45 : 0.4342"
"45,30 : 0.4342"
"30,46 : 0.7292"
"46,30 : 0.7292"
"30,47 : 0.4518"
"47,30 : 0.4518"
"30,48 : 0.8104"
"48,30 : 0.8104"
"30,49 : 0.5993"
"49,30 : 0.5993"
"31,32 : 0.5818"
"32,31 : 0.5818"
"31,33 : 0.5354"
"33,31 : 0.5354"
"31,34 : 0.2508"
"34,31 : 0.2508"
"31,35 : 0.6122"
"35,31 : 0.6122"
"31,36 : 0.2081"
"36,31 : 0.2081"
"31,37 : 0.064"
"37,31 : 0.064"
"31,38 : 0.4215"
"38,31 : 0.4215"
"31,39 : 0.1985"
"39,31 : 0.1985"
"31,40 : 0.586"
"40,31 : 0.586"
"31,41 : 0.2267"
"41,31 : 0.2267"
"31,42 : 0.5188"
"42,31 : 0.5188"
"31,43 : 0.3754"
"43,31 : 0.3754"
"31,44 : 0.4254"
"44,31 : 0.4254"
"31,45 : 0.15"
"45,31 : 0.15"
"31,46 : 0.2865"
"46,31 : 0.2865"
"31,47 : 0.6185"
"47,31 : 0.6185"
"31,48 : 0.3821"
"48,31 : 0.3821"
"31,49 : 0.201"
"49,31 : 0.201"
"32,33 : 0.0943"
"33,32 : 0.0943"
"32,34 : 0.3311"
"34,32 : 0.3311"
"32,35 : 0.9411"
"35,32 : 0.9411"
"32,36 : 0.3795"
"36,32 : 0.3795"
"32,37 : 0.5557"
"37,32 : 0.5557"
"32,38 : 0.1612"
"38,32 : 0.1612"
"32,39 : 0.41"
"39,32 : 0.41"
"32,40 : 0.1253"
"40,32 : 0.1253"
"32,41 : 0.3864"
"41,32 : 0.3864"
"32,42 : 0.4851"
"42,32 : 0.4851"
"32,43 : 0.2828"
"43,32 : 0.2828"
"32,44 : 0.39"
"44,32 : 0.39"
"32,45 : 0.4561"
"45,32 : 0.4561"
"32,46 : 0.8301"
"46,32 : 0.8301"
"32,47 : 0.632"
"47,32 : 0.632"
"32,48 : 0.791"
"48,32 : 0.791"
"32,49 : 0.7043"
"49,32 : 0.7043"
"33,34 : 0.2907"
"34,33 : 0.2907"
"33,35 : 0.8515"
"35,33 : 0.8515"
"33,36 : 0.3276"
"36,33 : 0.3276"
"33,37 : 0.5186"
"37,33 : 0.5186"
"33,38 : 0.1432"
"38,33 : 0.1432"
"33,39 : 0.3493"
"39,33 : 0.3493"
"33,40 : 0.0632"
"40,33 : 0.0632"
"33,41 : 0.3231"
"41,33 : 0.3231"
"33,42 : 0.5301"
"42,33 : 0.5301"
"33,43 : 0.2002"
"43,33 : 0.2002"
"33,44 : 0.2973"
"44,33 : 0.2973"
"33,45 : 0.3981"
"45,33 : 0.3981"
"33,46 : 0.7998"
"46,33 : 0.7998"
"33,47 : 0.6807"
"47,33 : 0.6807"
"33,48 : 0.7101"
"48,33 : 0.7101"
"33,49 : 0.679"
"49,33 : 0.679"
"34,35 : 0.7187"
"35,34 : 0.7187"
"34,36 : 0.0632"
"36,34 : 0.0632"
"34,37 : 0.228"
"37,34 : 0.228"
"34,38 : 0.1709"
"38,34 : 0.1709"
"34,39 : 0.1118"
"39,34 : 0.1118"
"34,40 : 0.3466"
"40,34 : 0.3466"
"34,41 : 0.1063"
"41,34 : 0.1063"
"34,42 : 0.4105"
"42,34 : 0.4105"
"34,43 : 0.1811"
"43,34 : 0.1811"
"34,44 : 0.2961"
"44,34 : 0.2961"
"34,45 : 0.1414"
"45,34 : 0.1414"
"34,46 : 0.5093"
"46,34 : 0.5093"
"34,47 : 0.5501"
"47,34 : 0.5501"
"34,48 : 0.522"
"48,34 : 0.522"
"34,49 : 0.3905"
"49,34 : 0.3905"
"35,36 : 0.6573"
"36,35 : 0.6573"
"35,37 : 0.6748"
"37,35 : 0.6748"
"35,38 : 0.8338"
"38,35 : 0.8338"
"35,39 : 0.6075"
"39,35 : 0.6075"
"35,40 : 0.8599"
"40,35 : 0.8599"
"35,41 : 0.614"
"41,35 : 0.614"
"35,42 : 1.1063"
"42,35 : 1.1063"
"35,43 : 0.661"
"43,35 : 0.661"
"35,44 : 0.5573"
"44,35 : 0.5573"
"35,45 : 0.592"
"45,35 : 0.592"
"35,46 : 0.7684"
"46,35 : 0.7684"
"35,47 : 1.2233"
"47,35 : 1.2233"
"35,48 : 0.2332"
"48,35 : 0.2332"
"35,49 : 0.7694"
"49,35 : 0.7694"
"36,37 : 0.2"
"37,36 : 0.2"
"36,38 : 0.2236"
"38,36 : 0.2236"
"36,39 : 0.05"
"39,36 : 0.05"
"36,40 : 0.378"
"40,36 : 0.378"
"36,41 : 0.0539"
"41,36 : 0.0539"
"36,42 : 0.4623"
"42,36 : 0.4623"
"36,43 : 0.1789"
"43,36 : 0.1789"
"36,44 : 0.27"
"44,36 : 0.27"
"36,45 : 0.08"
"45,36 : 0.08"
"36,46 : 0.4827"
"46,36 : 0.4827"
"36,47 : 0.5968"
"47,36 : 0.5968"
"36,48 : 0.4588"
"48,36 : 0.4588"
"36,49 : 0.3722"
"49,36 : 0.3722"
"37,38 : 0.3945"
"38,37 : 0.3945"
"37,39 : 0.2062"
"39,37 : 0.2062"
"37,40 : 0.5731"
"40,37 : 0.5731"
"37,41 : 0.2326"
"41,37 : 0.2326"
"37,42 : 0.4562"
"42,37 : 0.4562"
"37,43 : 0.3774"
"43,37 : 0.3774"
"37,44 : 0.4464"
"44,37 : 0.4464"
"37,45 : 0.1649"
"45,37 : 0.1649"
"37,46 : 0.2832"
"46,37 : 0.2832"
"37,47 : 0.5544"
"47,37 : 0.5544"
"37,48 : 0.4455"
"48,37 : 0.4455"
"37,49 : 0.1746"
"49,37 : 0.1746"
"38,39 : 0.2602"
"39,38 : 0.2602"
"38,40 : 0.2062"
"40,38 : 0.2062"
"38,41 : 0.2402"
"41,38 : 0.2402"
"38,42 : 0.4061"
"42,38 : 0.4061"
"38,43 : 0.1844"
"43,38 : 0.1844"
"38,44 : 0.3183"
"44,38 : 0.3183"
"38,45 : 0.3027"
"45,38 : 0.3027"
"38,46 : 0.6701"
"46,38 : 0.6701"
"38,47 : 0.5573"
"47,38 : 0.5573"
"38,48 : 0.661"
"48,38 : 0.661"
"38,49 : 0.5456"
"49,38 : 0.5456"
"39,40 : 0.3945"
"40,39 : 0.3945"
"39,41 : 0.0283"
"41,39 : 0.0283"
"39,42 : 0.5109"
"42,39 : 0.5109"
"39,43 : 0.1769"
"43,39 : 0.1769"
"39,44 : 0.2433"
"44,39 : 0.2433"
"39,45 : 0.05"
"45,39 : 0.05"
"39,46 : 0.4826"
"46,39 : 0.4826"
"39,47 : 0.6435"
"47,39 : 0.6435"
"39,48 : 0.4111"
"48,39 : 0.4111"
"39,49 : 0.3808"
"49,39 : 0.3808"
"40,41 : 0.3672"
"41,40 : 0.3672"
"40,42 : 0.5901"
"42,40 : 0.5901"
"40,43 : 0.2309"
"43,40 : 0.2309"
"40,44 : 0.3027"
"44,40 : 0.3027"
"40,45 : 0.4442"
"45,40 : 0.4442"
"40,46 : 0.8556"
"46,40 : 0.8556"
"40,47 : 0.7401"
"47,40 : 0.7401"
"40,48 : 0.7333"
"48,40 : 0.7333"
"40,49 : 0.7366"
"49,40 : 0.7366"
"41,42 : 0.514"
"42,41 : 0.514"
"41,43 : 0.1487"
"43,41 : 0.1487"
"41,44 : 0.2209"
"44,41 : 0.2209"
"41,45 : 0.0781"
"45,41 : 0.0781"
"41,46 : 0.5104"
"46,41 : 0.5104"
"41,47 : 0.65"
"47,41 : 0.65"
"41,48 : 0.4245"
"48,41 : 0.4245"
"41,49 : 0.4072"
"49,41 : 0.4072"
"42,43 : 0.5608"
"43,42 : 0.5608"
"42,44 : 0.6935"
"44,42 : 0.6935"
"42,45 : 0.5162"
"45,42 : 0.5162"
"42,46 : 0.6001"
"46,42 : 0.6001"
"42,47 : 0.1513"
"47,42 : 0.1513"
"42,48 : 0.8881"
"48,42 : 0.8881"
"42,49 : 0.4817"
