x,y
0.32,0.88
0.8,0.52
0.47,0.79
0.63,0.77
0.53,0.72
0.6,0.63
0.07,0.5
0.51,0.12
0.53,0.75
0.22,0.65
0.49,0.09
0.8,0.29
0.29,0.46
0.99,0.69
0.36,0.26
0.89,0.16
0.96,0.0
0.47,0.33
0.07,0.49
0.06,0.66
0.43,0.52
0.09,0.27
0.32,0.25
0.44,0.21
0.06,0.05
0.66,0.21
0.72,0.52
0.33,0.71
0.54,0.67
0.65,0.31
0.67,0.31
0.61,0.05
0.13,0.2
0.14,0.4
0.47,0.4
0.64,0.53
0.16,0.73
0.37,0.03
0.51,0.08
0.44,0.03
0.3,0.6
0.09,0.97
0.94,0.5
0.73,0.98
0.76,0.88
0.6,0.1
0.19,0.05
0.04,0.86
0.37,0.8
0.22,0.45

Distanze
"0,1 : 0.6"
"1,0 : 0.6"
"0,2 : 0.1749"
"2,0 : 0.1749"
"0,3 : 0.3289"
"3,0 : 0.3289"
"0,4 : 0.264"
"4,0 : 0.264"
"0,5 : 0.3754"
"5,0 : 0.3754"
"0,6 : 0.4549"
"6,0 : 0.4549"
"0,7 : 0.7834"
"7,0 : 0.7834"
"0,8 : 0.247"
"8,0 : 0.247"
"0,9 : 0.2508"
"9,0 : 0.2508"
"0,10 : 0.8081"
"10,0 : 0.8081"
"0,11 : 0.7606"
"11,0 : 0.7606"
"0,12 : 0.4211"
"12,0 : 0.4211"
"0,13 : 0.6964"
"13,0 : 0.6964"
"0,14 : 0.6213"
"14,0 : 0.6213"
"0,15 : 0.9183"
"15,0 : 0.9183"
"0,16 : 1.0881"
"16,0 : 1.0881"
"0,17 : 0.5701"
"17,0 : 0.5701"
"0,18 : 0.4632"
"18,0 : 0.4632"
"0,19 : 0.3406"
"19,0 : 0.3406"
"0,20 : 0.3764"
"20,0 : 0.3764"
"0,21 : 0.6519"
"21,0 : 0.6519"
"0,22 : 0.63"
"22,0 : 0.63"
"0,23 : 0.6807"
"23,0 : 0.6807"
"0,24 : 0.8698"
"24,0 : 0.8698"
"0,25 : 0.7513"
"25,0 : 0.7513"
"0,26 : 0.5381"
"26,0 : 0.5381"
"0,27 : 0.1703"
"27,0 : 0.1703"
"0,28 : 0.3041"
"28,0 : 0.3041"
"0,29 : 0.6586"
"29,0 : 0.6586"
"0,30 : 0.6689"
"30,0 : 0.6689"
"0,31 : 0.8792"
"31,0 : 0.8792"
"0,32 : 0.706"
"32,0 : 0.706"
"0,33 : 0.5126"
"33,0 : 0.5126"
"0,34 : 0.5029"
"34,0 : 0.5029"
"0,35 : 0.4742"
"35,0 : 0.4742"
"0,36 : 0.2193"
"36,0 : 0.2193"
"0,37 : 0.8515"
"37,0 : 0.8515"
"0,38 : 0.8223"
"38,0 : 0.8223"
"0,39 : 0.8584"
"39,0 : 0.8584"
"0,40 : 0.2807"
"40,0 : 0.2807"
"0,41 : 0.247"
"41,0 : 0.247"
"0,42 : 0.7272"
"42,0 : 0.7272"
"0,43 : 0.422"
"43,0 : 0.422"
"0,44 : 0.44"
"44,0 : 0.44"
"0,45 : 0.8287"
"45,0 : 0.8287"
"0,46 : 0.8401"
"46,0 : 0.8401"
"0,47 : 0.2807"
"47,0 : 0.2807"
"0,48 : 0.0943"
"48,0 : 0.0943"
"0,49 : 0.4415"
"49,0 : 0.4415"
"1,2 : 0.4264"
"2,1 : 0.4264"
"1,3 : 0.3023"
"3,1 : 0.3023"
"1,4 : 0.336"
"4,1 : 0.336"
"1,5 : 0.2283"
"5,1 : 0.2283"
"1,6 : 0.7303"
"6,1 : 0.7303"
"1,7 : 0.4941"
"7,1 : 0.4941"
"1,8 : 0.3547"
"8,1 : 0.3547"
"1,9 : 0.5944"
"9,1 : 0.5944"
"1,10 : 0.5301"
"10,1 : 0.5301"
"1,11 : 0.23"
"11,1 : 0.23"
"1,12 : 0.5135"
"12,1 : 0.5135"
"1,13 : 0.255"
"13,1 : 0.255"
"1,14 : 0.5111"
"14,1 : 0.5111"
"1,15 : 0.3711"
"15,1 : 0.3711"
"1,16 : 0.5441"
"16,1 : 0.5441"
"1,17 : 0.3808"
"17,1 : 0.3808"
"1,18 : 0.7306"
"18,1 : 0.7306"
"1,19 : 0.7531"
"19,1 : 0.7531"
"1,20 : 0.37"
"20,1 : 0.37"
"1,21 : 0.7527"
"21,1 : 0.7527"
"1,22 : 0.5507"
"22,1 : 0.5507"
"1,23 : 0.4751"
"23,1 : 0.4751"
"1,24 : 0.8766"
"24,1 : 0.8766"
"1,25 : 0.3401"
"25,1 : 0.3401"
"1,26 : 0.08"
"26,1 : 0.08"
"1,27 : 0.507"
"27,1 : 0.507"
"1,28 : 0.3002"
"28,1 : 0.3002"
"1,29 : 0.2581"
"29,1 : 0.2581"
"1,30 : 0.247"
"30,1 : 0.247"
"1,31 : 0.507"
"31,1 : 0.507"
"1,32 : 0.7425"
"32,1 : 0.7425"
"1,33 : 0.6708"
"33,1 : 0.6708"
"1,34 : 0.3511"
"34,1 : 0.3511"
"1,35 : 0.1603"
"35,1 : 0.1603"
"1,36 : 0.6736"
"36,1 : 0.6736"
"1,37 : 0.6519"
"37,1 : 0.6519"
"1,38 : 0.527"
"38,1 : 0.527"
"1,39 : 0.608"
"39,1 : 0.608"
"1,40 : 0.5064"
"40,1 : 0.5064"
"1,41 : 0.8406"
"41,1 : 0.8406"
"1,42 : 0.1414"
"42,1 : 0.1414"
"1,43 : 0.4653"
"43,1 : 0.4653"
"1,44 : 0.3622"
"44,1 : 0.3622"
"1,45 : 0.4652"
"45,1 : 0.4652"
"1,46 : 0.7701"
"46,1 : 0.7701"
"1,47 : 0.8326"
"47,1 : 0.8326"
"1,48 : 0.5131"
"48,1 : 0.5131"
"1,49 : 0.5842"
"49,1 : 0.5842"
"2,3 : 0.1612"
"3,2 : 0.1612"
"2,4 : 0.0922"
"4,2 : 0.0922"
"2,5 : 0.2062"
"5,2 : 0.2062"
"2,6 : 0.4941"
"6,2 : 0.4941"
"2,7 : 0.6712"
"7,2 : 0.6712"
"2,8 : 0.0721"
"8,2 : 0.0721"
"2,9 : 0.2865"
"9,2 : 0.2865"
"2,10 : 0.7003"
"10,2 : 0.7003"
"2,11 : 0.5991"
"11,2 : 0.5991"
"2,12 : 0.3759"
"12,2 : 0.3759"
"2,13 : 0.5295"
"13,2 : 0.5295"
"2,14 : 0.5413"
"14,2 : 0.5413"
"2,15 : 0.7572"
"15,2 : 0.7572"
"2,16 : 0.9296"
"16,2 : 0.9296"
"2,17 : 0.46"
"17,2 : 0.46"
"2,18 : 0.5"
"18,2 : 0.5"
"2,19 : 0.4301"
"19,2 : 0.4301"
"2,20 : 0.2729"
"20,2 : 0.2729"
"2,21 : 0.644"
"21,2 : 0.644"
"2,22 : 0.5604"
"22,2 : 0.5604"
"2,23 : 0.5808"
"23,2 : 0.5808"
"2,24 : 0.846"
"24,2 : 0.846"
"2,25 : 0.6103"
"25,2 : 0.6103"
"2,26 : 0.368"
"26,2 : 0.368"
"2,27 : 0.1612"
"27,2 : 0.1612"
"2,28 : 0.1389"
"28,2 : 0.1389"
"2,29 : 0.5126"
"29,2 : 0.5126"
"2,30 : 0.52"
"30,2 : 0.52"
"2,31 : 0.7531"
"31,2 : 0.7531"
"2,32 : 0.681"
"32,2 : 0.681"
"2,33 : 0.5109"
"33,2 : 0.5109"
"2,34 : 0.39"
"34,2 : 0.39"
"2,35 : 0.3106"
"35,2 : 0.3106"
"2,36 : 0.3158"
"36,2 : 0.3158"
"2,37 : 0.7666"
"37,2 : 0.7666"
"2,38 : 0.7111"
"38,2 : 0.7111"
"2,39 : 0.7606"
"39,2 : 0.7606"
"2,40 : 0.255"
"40,2 : 0.255"
"2,41 : 0.4205"
"41,2 : 0.4205"
"2,42 : 0.5523"
"42,2 : 0.5523"
"2,43 : 0.322"
"43,2 : 0.322"
"2,44 : 0.3036"
"44,2 : 0.3036"
"2,45 : 0.7021"
"45,2 : 0.7021"
"2,46 : 0.7912"
"46,2 : 0.7912"
"2,47 : 0.4357"
"47,2 : 0.4357"
"2,48 : 0.1005"
"48,2 : 0.1005"
"2,49 : 0.422"
"49,2 : 0.422"
"3,4 : 0.1118"
"4,3 : 0.1118"
"3,5 : 0.1432"
"5,3 : 0.1432"
"3,6 : 0.6217"
"6,3 : 0.6217"
"3,7 : 0.661"
"7,3 : 0.661"
"3,8 : 0.102"
"8,3 : 0.102"
"3,9 : 0.4272"
"9,3 : 0.4272"
"3,10 : 0.6943"
"10,3 : 0.6943"
"3,11 : 0.5092"
"11,3 : 0.5092"
"3,12 : 0.4601"
"12,3 : 0.4601"
"3,13 : 0.3688"
"13,3 : 0.3688"
"3,14 : 0.5771"
"14,3 : 0.5771"
"3,15 : 0.6631"
"15,3 : 0.6631"
"3,16 : 0.8377"
"16,3 : 0.8377"
"3,17 : 0.4682"
"17,3 : 0.4682"
"3,18 : 0.6261"
"18,3 : 0.6261"
"3,19 : 0.5805"
"19,3 : 0.5805"
"3,20 : 0.3202"
"20,3 : 0.3202"
"3,21 : 0.7359"
"21,3 : 0.7359"
"3,22 : 0.6054"
"22,3 : 0.6054"
"3,23 : 0.5914"
"23,3 : 0.5914"
"3,24 : 0.9183"
"24,3 : 0.9183"
"3,25 : 0.5608"
"25,3 : 0.5608"
"3,26 : 0.2657"
"26,3 : 0.2657"
"3,27 : 0.3059"
"27,3 : 0.3059"
"3,28 : 0.1345"
"28,3 : 0.1345"
"3,29 : 0.4604"
"29,3 : 0.4604"
"3,30 : 0.4617"
"30,3 : 0.4617"
"3,31 : 0.7203"
"31,3 : 0.7203"
"3,32 : 0.7582"
"32,3 : 0.7582"
"3,33 : 0.614"
"33,3 : 0.614"
"3,34 : 0.4031"
"34,3 : 0.4031"
"3,35 : 0.2402"
"35,3 : 0.2402"
"3,36 : 0.4717"
"36,3 : 0.4717"
"3,37 : 0.7843"
"37,3 : 0.7843"
"3,38 : 0.7004"
"38,3 : 0.7004"
"3,39 : 0.764"
"39,3 : 0.764"
"3,40 : 0.3712"
"40,3 : 0.3712"
"3,41 : 0.5758"
"41,3 : 0.5758"
"3,42 : 0.4111"
"42,3 : 0.4111"
"3,43 : 0.2326"
"43,3 : 0.2326"
"3,44 : 0.1703"
"44,3 : 0.1703"
"3,45 : 0.6707"
"45,3 : 0.6707"
"3,46 : 0.8438"
"46,3 : 0.8438"
"3,47 : 0.5968"
"47,3 : 0.5968"
"3,48 : 0.2617"
"48,3 : 0.2617"
"3,49 : 0.5201"
"49,3 : 0.5201"
"4,5 : 0.114"
"5,4 : 0.114"
"4,6 : 0.5099"
"6,4 : 0.5099"
"4,7 : 0.6003"
"7,4 : 0.6003"
"4,8 : 0.03"
"8,4 : 0.03"
"4,9 : 0.3178"
"9,4 : 0.3178"
"4,10 : 0.6313"
"10,4 : 0.6313"
"4,11 : 0.5077"
"11,4 : 0.5077"
"4,12 : 0.3538"
"12,4 : 0.3538"
"4,13 : 0.461"
"13,4 : 0.461"
"4,14 : 0.4904"
"14,4 : 0.4904"
"4,15 : 0.6657"
"15,4 : 0.6657"
"4,16 : 0.8386"
"16,4 : 0.8386"
"4,17 : 0.3946"
"17,4 : 0.3946"
"4,18 : 0.5143"
"18,4 : 0.5143"
"4,19 : 0.4738"
"19,4 : 0.4738"
"4,20 : 0.2236"
"20,4 : 0.2236"
"4,21 : 0.6294"
"21,4 : 0.6294"
"4,22 : 0.5148"
"22,4 : 0.5148"
"4,23 : 0.5179"
"23,4 : 0.5179"
"4,24 : 0.8184"
"24,4 : 0.8184"
"4,25 : 0.5263"
"25,4 : 0.5263"
"4,26 : 0.2759"
"26,4 : 0.2759"
"4,27 : 0.2002"
"27,4 : 0.2002"
"4,28 : 0.051"
"28,4 : 0.051"
"4,29 : 0.4272"
"29,4 : 0.4272"
"4,30 : 0.4332"
"30,4 : 0.4332"
"4,31 : 0.6748"
"31,4 : 0.6748"
"4,32 : 0.656"
"32,4 : 0.656"
"4,33 : 0.5045"
"33,4 : 0.5045"
"4,34 : 0.3256"
"34,4 : 0.3256"
"4,35 : 0.2195"
"35,4 : 0.2195"
"4,36 : 0.3701"
"36,4 : 0.3701"
"4,37 : 0.7083"
"37,4 : 0.7083"
"4,38 : 0.6403"
"38,4 : 0.6403"
"4,39 : 0.6958"
"39,4 : 0.6958"
"4,40 : 0.2594"
"40,4 : 0.2594"
"4,41 : 0.5061"
"41,4 : 0.5061"
"4,42 : 0.4653"
"42,4 : 0.4653"
"4,43 : 0.328"
"43,4 : 0.328"
"4,44 : 0.2802"
"44,4 : 0.2802"
"4,45 : 0.6239"
"45,4 : 0.6239"
"4,46 : 0.7513"
"46,4 : 0.7513"
"4,47 : 0.5096"
"47,4 : 0.5096"
"4,48 : 0.1789"
"48,4 : 0.1789"
"4,49 : 0.4111"
"49,4 : 0.4111"
"5,6 : 0.5457"
"6,5 : 0.5457"
"5,7 : 0.5179"
"7,5 : 0.5179"
"5,8 : 0.1389"
"8,5 : 0.1389"
"5,9 : 0.3805"
"9,5 : 0.3805"
"5,10 : 0.5511"
"10,5 : 0.5511"
"5,11 : 0.3945"
"11,5 : 0.3945"
"5,12 : 0.3536"
"12,5 : 0.3536"
"5,13 : 0.3946"
"13,5 : 0.3946"
"5,14 : 0.441"
"14,5 : 0.441"
"5,15 : 0.5523"
"15,5 : 0.5523"
"5,16 : 0.7256"
"16,5 : 0.7256"
"5,17 : 0.327"
"17,5 : 0.327"
"5,18 : 0.5482"
"18,5 : 0.5482"
"5,19 : 0.5408"
"19,5 : 0.5408"
"5,20 : 0.2025"
"20,5 : 0.2025"
"5,21 : 0.6243"
"21,5 : 0.6243"
"5,22 : 0.472"
"22,5 : 0.472"
"5,23 : 0.4494"
"23,5 : 0.4494"
"5,24 : 0.7925"
"24,5 : 0.7925"
"5,25 : 0.4243"
"25,5 : 0.4243"
"5,26 : 0.1628"
"26,5 : 0.1628"
"5,27 : 0.2816"
"27,5 : 0.2816"
"5,28 : 0.0721"
"28,5 : 0.0721"
"5,29 : 0.3239"
"29,5 : 0.3239"
"5,30 : 0.3276"
"30,5 : 0.3276"
"5,31 : 0.5801"
"31,5 : 0.5801"
"5,32 : 0.637"
"32,5 : 0.637"
"5,33 : 0.5143"
"33,5 : 0.5143"
"5,34 : 0.2642"
"34,5 : 0.2642"
"5,35 : 0.1077"
"35,5 : 0.1077"
"5,36 : 0.4512"
"36,5 : 0.4512"
"5,37 : 0.6426"
"37,5 : 0.6426"
"5,38 : 0.5573"
"38,5 : 0.5573"
"5,39 : 0.621"
"39,5 : 0.621"
"5,40 : 0.3015"
"40,5 : 0.3015"
"5,41 : 0.6129"
"41,5 : 0.6129"
"5,42 : 0.364"
"42,5 : 0.364"
"5,43 : 0.3734"
"43,5 : 0.3734"
"5,44 : 0.2968"
"44,5 : 0.2968"
"5,45 : 0.53"
"45,5 : 0.53"
"5,46 : 0.7103"
"46,5 : 0.7103"
"5,47 : 0.6054"
"47,5 : 0.6054"
"5,48 : 0.286"
"48,5 : 0.286"
"5,49 : 0.4205"
"49,5 : 0.4205"
"6,7 : 0.5814"
"7,6 : 0.5814"
"6,8 : 0.5235"
"8,6 : 0.5235"
"6,9 : 0.2121"
"9,6 : 0.2121"
"6,10 : 0.5869"
"10,6 : 0.5869"
"6,11 : 0.7596"
"11,6 : 0.7596"
"6,12 : 0.2236"
"12,6 : 0.2236"
"6,13 : 0.9394"
"13,6 : 0.9394"
"6,14 : 0.3764"
"14,6 : 0.3764"
"6,15 : 0.8877"
"15,6 : 0.8877"
"6,16 : 1.0208"
"16,6 : 1.0208"
"6,17 : 0.4346"
"17,6 : 0.4346"
"6,18 : 0.01"
"18,6 : 0.01"
"6,19 : 0.1603"
"19,6 : 0.1603"
"6,20 : 0.3606"
"20,6 : 0.3606"
"6,21 : 0.2309"
"21,6 : 0.2309"
"6,22 : 0.3536"
"22,6 : 0.3536"
"6,23 : 0.4701"
"23,6 : 0.4701"
"6,24 : 0.4501"
"24,6 : 0.4501"
"6,25 : 0.6574"
"25,6 : 0.6574"
"6,26 : 0.6503"
"26,6 : 0.6503"
"6,27 : 0.3342"
"27,6 : 0.3342"
"6,28 : 0.4998"
"28,6 : 0.4998"
"6,29 : 0.6103"
"29,6 : 0.6103"
"6,30 : 0.6294"
"30,6 : 0.6294"
"6,31 : 0.7029"
"31,6 : 0.7029"
"6,32 : 0.3059"
"32,6 : 0.3059"
"6,33 : 0.1221"
"33,6 : 0.1221"
"6,34 : 0.4123"
"34,6 : 0.4123"
"6,35 : 0.5708"
"35,6 : 0.5708"
"6,36 : 0.247"
"36,6 : 0.247"
"6,37 : 0.5576"
"37,6 : 0.5576"
"6,38 : 0.6083"
"38,6 : 0.6083"
"6,39 : 0.5982"
"39,6 : 0.5982"
"6,40 : 0.2508"
"40,6 : 0.2508"
"6,41 : 0.4704"
"41,6 : 0.4704"
"6,42 : 0.87"
"42,6 : 0.87"
"6,43 : 0.8161"
"43,6 : 0.8161"
"6,44 : 0.7877"
"44,6 : 0.7877"
"6,45 : 0.664"
"45,6 : 0.664"
"6,46 : 0.4657"
"46,6 : 0.4657"
"6,47 : 0.3612"
"47,6 : 0.3612"
"6,48 : 0.4243"
"48,6 : 0.4243"
"6,49 : 0.1581"
"49,6 : 0.1581"
"7,8 : 0.6303"
"8,7 : 0.6303"
"7,9 : 0.6042"
"9,7 : 0.6042"
"7,10 : 0.0361"
"10,7 : 0.0361"
"7,11 : 0.3362"
"11,7 : 0.3362"
"7,12 : 0.405"
"12,7 : 0.405"
"7,13 : 0.7452"
"13,7 : 0.7452"
"7,14 : 0.2052"
"14,7 : 0.2052"
"7,15 : 0.3821"
"15,7 : 0.3821"
"7,16 : 0.4657"
"16,7 : 0.4657"
"7,17 : 0.2138"
"17,7 : 0.2138"
"7,18 : 0.5749"
"18,7 : 0.5749"
"7,19 : 0.7029"
"19,7 : 0.7029"
"7,20 : 0.4079"
"20,7 : 0.4079"
"7,21 : 0.446"
"21,7 : 0.446"
"7,22 : 0.2302"
"22,7 : 0.2302"
"7,23 : 0.114"
"23,7 : 0.114"
"7,24 : 0.4554"
"24,7 : 0.4554"
"7,25 : 0.1749"
"25,7 : 0.1749"
"7,26 : 0.4518"
"26,7 : 0.4518"
"7,27 : 0.6168"
"27,7 : 0.6168"
"7,28 : 0.5508"
"28,7 : 0.5508"
"7,29 : 0.236"
"29,7 : 0.236"
"7,30 : 0.2484"
"30,7 : 0.2484"
"7,31 : 0.1221"
"31,7 : 0.1221"
"7,32 : 0.3883"
"32,7 : 0.3883"
"7,33 : 0.464"
"33,7 : 0.464"
"7,34 : 0.2828"
"34,7 : 0.2828"
"7,35 : 0.4301"
"35,7 : 0.4301"
"7,36 : 0.7033"
"36,7 : 0.7033"
"7,37 : 0.1664"
"37,7 : 0.1664"
"7,38 : 0.04"
"38,7 : 0.04"
"7,39 : 0.114"
"39,7 : 0.114"
"7,40 : 0.5239"
"40,7 : 0.5239"
"7,41 : 0.9481"
"41,7 : 0.9481"
"7,42 : 0.5738"
"42,7 : 0.5738"
"7,43 : 0.8877"
"43,7 : 0.8877"
"7,44 : 0.8001"
"44,7 : 0.8001"
"7,45 : 0.0922"
"45,7 : 0.0922"
"7,46 : 0.3276"
"46,7 : 0.3276"
"7,47 : 0.8766"
"47,7 : 0.8766"
"7,48 : 0.6943"
"48,7 : 0.6943"
"7,49 : 0.4393"
"49,7 : 0.4393"
"8,9 : 0.3257"
"9,8 : 0.3257"
"8,10 : 0.6612"
"10,8 : 0.6612"
"8,11 : 0.5334"
"11,8 : 0.5334"
"8,12 : 0.3764"
"12,8 : 0.3764"
"8,13 : 0.4639"
"13,8 : 0.4639"
"8,14 : 0.5187"
"14,8 : 0.5187"
"8,15 : 0.6912"
"15,8 : 0.6912"
"8,16 : 0.8645"
"16,8 : 0.8645"
"8,17 : 0.4243"
"17,8 : 0.4243"
"8,18 : 0.5284"
"18,8 : 0.5284"
"8,19 : 0.4785"
"19,8 : 0.4785"
"8,20 : 0.2508"
"20,8 : 0.2508"
"8,21 : 0.6512"
"21,8 : 0.6512"
"8,22 : 0.5423"
"22,8 : 0.5423"
"8,23 : 0.5474"
"23,8 : 0.5474"
"8,24 : 0.8431"
"24,8 : 0.8431"
"8,25 : 0.5554"
"25,8 : 0.5554"
"8,26 : 0.2983"
"26,8 : 0.2983"
"8,27 : 0.204"
"27,8 : 0.204"
"8,28 : 0.0806"
"28,8 : 0.0806"
"8,29 : 0.4561"
"29,8 : 0.4561"
"8,30 : 0.4617"
"30,8 : 0.4617"
"8,31 : 0.7046"
"31,8 : 0.7046"
"8,32 : 0.6801"
"32,8 : 0.6801"
"8,33 : 0.524"
"33,8 : 0.524"
"8,34 : 0.3551"
"34,8 : 0.3551"
"8,35 : 0.246"
"35,8 : 0.246"
"8,36 : 0.3705"
"36,8 : 0.3705"
"8,37 : 0.7376"
"37,8 : 0.7376"
"8,38 : 0.6703"
"38,8 : 0.6703"
"8,39 : 0.7256"
"39,8 : 0.7256"
"8,40 : 0.2746"
"40,8 : 0.2746"
"8,41 : 0.4919"
"41,8 : 0.4919"
"8,42 : 0.4802"
"42,8 : 0.4802"
"8,43 : 0.3048"
"43,8 : 0.3048"
"8,44 : 0.2642"
"44,8 : 0.2642"
"8,45 : 0.6538"
"45,8 : 0.6538"
"8,46 : 0.7782"
"46,8 : 0.7782"
"8,47 : 0.5022"
"47,8 : 0.5022"
"8,48 : 0.1676"
"48,8 : 0.1676"
"8,49 : 0.4314"
"49,8 : 0.4314"
"9,10 : 0.6217"
"10,9 : 0.6217"
"9,11 : 0.6826"
"11,9 : 0.6826"
"9,12 : 0.2025"
"12,9 : 0.2025"
"9,13 : 0.771"
"13,9 : 0.771"
"9,14 : 0.4144"
"14,9 : 0.4144"
"9,15 : 0.8301"
"15,9 : 0.8301"
"9,16 : 0.9849"
"16,9 : 0.9849"
"9,17 : 0.4061"
"17,9 : 0.4061"
"9,18 : 0.2193"
"18,9 : 0.2193"
"9,19 : 0.1603"
"19,9 : 0.1603"
"9,20 : 0.247"
"20,9 : 0.247"
"9,21 : 0.4016"
"21,9 : 0.4016"
"9,22 : 0.4123"
"22,9 : 0.4123"
"9,23 : 0.4919"
"23,9 : 0.4919"
"9,24 : 0.621"
"24,9 : 0.621"
"9,25 : 0.6223"
"25,9 : 0.6223"
"9,26 : 0.5166"
"26,9 : 0.5166"
"9,27 : 0.1253"
"27,9 : 0.1253"
"9,28 : 0.3206"
"28,9 : 0.3206"
"9,29 : 0.5482"
"29,9 : 0.5482"
"9,30 : 0.564"
"30,9 : 0.564"
"9,31 : 0.7156"
"31,9 : 0.7156"
"9,32 : 0.4589"
"32,9 : 0.4589"
"9,33 : 0.2625"
"33,9 : 0.2625"
"9,34 : 0.3536"
"34,9 : 0.3536"
"9,35 : 0.4368"
"35,9 : 0.4368"
"9,36 : 0.1"
"36,9 : 0.1"
"9,37 : 0.6379"
"37,9 : 0.6379"
"9,38 : 0.6395"
"38,9 : 0.6395"
"9,39 : 0.6579"
"39,9 : 0.6579"
"9,40 : 0.0943"
"40,9 : 0.0943"
"9,41 : 0.3454"
"41,9 : 0.3454"
"9,42 : 0.7355"
"42,9 : 0.7355"
"9,43 : 0.6075"
"43,9 : 0.6075"
"9,44 : 0.5869"
"44,9 : 0.5869"
"9,45 : 0.6685"
"45,9 : 0.6685"
"9,46 : 0.6007"
"46,9 : 0.6007"
"9,47 : 0.2766"
"47,9 : 0.2766"
"9,48 : 0.2121"
"48,9 : 0.2121"
"9,49 : 0.2"
"49,9 : 0.2"
"10,11 : 0.3689"
"11,10 : 0.3689"
"10,12 : 0.4206"
"12,10 : 0.4206"
"10,13 : 0.781"
"13,10 : 0.781"
"10,14 : 0.214"
"14,10 : 0.214"
"10,15 : 0.4061"
"15,10 : 0.4061"
"10,16 : 0.4785"
"16,10 : 0.4785"
"10,17 : 0.2408"
"17,10 : 0.2408"
"10,18 : 0.58"
"18,10 : 0.58"
"10,19 : 0.714"
"19,10 : 0.714"
"10,20 : 0.4342"
"20,10 : 0.4342"
"10,21 : 0.4386"
"21,10 : 0.4386"
"10,22 : 0.2335"
"22,10 : 0.2335"
"10,23 : 0.13"
"23,10 : 0.13"
"10,24 : 0.4319"
"24,10 : 0.4319"
"10,25 : 0.2081"
"25,10 : 0.2081"
"10,26 : 0.4876"
"26,10 : 0.4876"
"10,27 : 0.6403"
"27,10 : 0.6403"
"10,28 : 0.5822"
"28,10 : 0.5822"
"10,29 : 0.272"
"29,10 : 0.272"
"10,30 : 0.2843"
"30,10 : 0.2843"
"10,31 : 0.1265"
"31,10 : 0.1265"
"10,32 : 0.3764"
"32,10 : 0.3764"
"10,33 : 0.4675"
"33,10 : 0.4675"
"10,34 : 0.3106"
"34,10 : 0.3106"
"10,35 : 0.4649"
"35,10 : 0.4649"
"10,36 : 0.7201"
"36,10 : 0.7201"
"10,37 : 0.1342"
"37,10 : 0.1342"
"10,38 : 0.0224"
"38,10 : 0.0224"
"10,39 : 0.0781"
"39,10 : 0.0781"
"10,40 : 0.5442"
"40,10 : 0.5442"
"10,41 : 0.9666"
"41,10 : 0.9666"
"10,42 : 0.6088"
"42,10 : 0.6088"
"10,43 : 0.9218"
"43,10 : 0.9218"
"10,44 : 0.8349"
"44,10 : 0.8349"
"10,45 : 0.1105"
"45,10 : 0.1105"
"10,46 : 0.3027"
"46,10 : 0.3027"
"10,47 : 0.8919"
"47,10 : 0.8919"
"10,48 : 0.7201"
"48,10 : 0.7201"
"10,49 : 0.45"
"49,10 : 0.45"
"11,12 : 0.5376"
"12,11 : 0.5376"
"11,13 : 0.4428"
"13,11 : 0.4428"
"11,14 : 0.441"
"14,11 : 0.441"
"11,15 : 0.1581"
"15,11 : 0.1581"
"11,16 : 0.3312"
"16,11 : 0.3312"
"11,17 : 0.3324"
"17,11 : 0.3324"
"11,18 : 0.7569"
"18,11 : 0.7569"
"11,19 : 0.8273"
"19,11 : 0.8273"
"11,20 : 0.4357"
"20,11 : 0.4357"
"11,21 : 0.7103"
"21,11 : 0.7103"
"11,22 : 0.4817"
"22,11 : 0.4817"
"11,23 : 0.3688"
"23,11 : 0.3688"
"11,24 : 0.7779"
"24,11 : 0.7779"
"11,25 : 0.1612"
"25,11 : 0.1612"
"11,26 : 0.2435"
"26,11 : 0.2435"
"11,27 : 0.6303"
"27,11 : 0.6303"
"11,28 : 0.4604"
"28,11 : 0.4604"
"11,29 : 0.1513"
"29,11 : 0.1513"
"11,30 : 0.1315"
"30,11 : 0.1315"
"11,31 : 0.3061"
"31,11 : 0.3061"
"11,32 : 0.676"
"32,11 : 0.676"
"11,33 : 0.6691"
"33,11 : 0.6691"
"11,34 : 0.3479"
"34,11 : 0.3479"
"11,35 : 0.2884"
"35,11 : 0.2884"
"11,36 : 0.7767"
"36,11 : 0.7767"
"11,37 : 0.5025"
"37,11 : 0.5025"
"11,38 : 0.3581"
"38,11 : 0.3581"
"11,39 : 0.4441"
"39,11 : 0.4441"
"11,40 : 0.5883"
"40,11 : 0.5883"
"11,41 : 0.9831"
"41,11 : 0.9831"
"11,42 : 0.2524"
"42,11 : 0.2524"
"11,43 : 0.6935"
"43,11 : 0.6935"
"11,44 : 0.5914"
"44,11 : 0.5914"
"11,45 : 0.2759"
"45,11 : 0.2759"
"11,46 : 0.6555"
"46,11 : 0.6555"
"11,47 : 0.95"
"47,11 : 0.95"
"11,48 : 0.6671"
"48,11 : 0.6671"
"11,49 : 0.6017"
"49,11 : 0.6017"
"12,13 : 0.7368"
"13,12 : 0.7368"
"12,14 : 0.2119"
"14,12 : 0.2119"
"12,15 : 0.6708"
"15,12 : 0.6708"
"12,16 : 0.8127"
"16,12 : 0.8127"
"12,17 : 0.222"
"17,12 : 0.222"
"12,18 : 0.222"
"18,12 : 0.222"
"12,19 : 0.3048"
"19,12 : 0.3048"
"12,20 : 0.1523"
"20,12 : 0.1523"
"12,21 : 0.2759"
"21,12 : 0.2759"
"12,22 : 0.2121"
"22,12 : 0.2121"
"12,23 : 0.2915"
"23,12 : 0.2915"
"12,24 : 0.4701"
"24,12 : 0.4701"
"12,25 : 0.4465"
"25,12 : 0.4465"
"12,26 : 0.4342"
"26,12 : 0.4342"
"12,27 : 0.2532"
"27,12 : 0.2532"
"12,28 : 0.3265"
"28,12 : 0.3265"
"12,29 : 0.39"
"29,12 : 0.39"
"12,30 : 0.4085"
"30,12 : 0.4085"
"12,31 : 0.5201"
"31,12 : 0.5201"
"12,32 : 0.3053"
"32,12 : 0.3053"
"12,33 : 0.1616"
"33,12 : 0.1616"
"12,34 : 0.1897"
"34,12 : 0.1897"
"12,35 : 0.3569"
"35,12 : 0.3569"
"12,36 : 0.2997"
"36,12 : 0.2997"
"12,37 : 0.4374"
"37,12 : 0.4374"
"12,38 : 0.4391"
"38,12 : 0.4391"
"12,39 : 0.4554"
"39,12 : 0.4554"
"12,40 : 0.1404"
"40,12 : 0.1404"
"12,41 : 0.5478"
"41,12 : 0.5478"
"12,42 : 0.6512"
"42,12 : 0.6512"
"12,43 : 0.6812"
"43,12 : 0.6812"
"12,44 : 0.6303"
"44,12 : 0.6303"
"12,45 : 0.4751"
"45,12 : 0.4751"
"12,46 : 0.422"
"46,12 : 0.422"
"12,47 : 0.4717"
"47,12 : 0.4717"
"12,48 : 0.3493"
"48,12 : 0.3493"
"12,49 : 0.0707"
"49,12 : 0.0707"
"13,14 : 0.7628"
"14,13 : 0.7628"
"13,15 : 0.5394"
"15,13 : 0.5394"
"13,16 : 0.6907"
"16,13 : 0.6907"
"13,17 : 0.6325"
"17,13 : 0.6325"
"13,18 : 0.9415"
"18,13 : 0.9415"
"13,19 : 0.9305"
"19,13 : 0.9305"
"13,20 : 0.5852"
"20,13 : 0.5852"
"13,21 : 0.9932"
"21,13 : 0.9932"
"13,22 : 0.8016"
"22,13 : 0.8016"
"13,23 : 0.73"
"23,13 : 0.73"
"13,24 : 1.1289"
"24,13 : 1.1289"
"13,25 : 0.5825"
"25,13 : 0.5825"
"13,26 : 0.3191"
"26,13 : 0.3191"
"13,27 : 0.6603"
"27,13 : 0.6603"
"13,28 : 0.4504"
"28,13 : 0.4504"
"13,29 : 0.5099"
"29,13 : 0.5099"
"13,30 : 0.4968"
"30,13 : 0.4968"
"13,31 : 0.7443"
"31,13 : 0.7443"
"13,32 : 0.9898"
"32,13 : 0.9898"
"13,33 : 0.8981"
"33,13 : 0.8981"
"13,34 : 0.5954"
"34,13 : 0.5954"
"13,35 : 0.3848"
"35,13 : 0.3848"
"13,36 : 0.831"
"36,13 : 0.831"
"13,37 : 0.9055"
"37,13 : 0.9055"
"13,38 : 0.7762"
"38,13 : 0.7762"
"13,39 : 0.8591"
"39,13 : 0.8591"
"13,40 : 0.6958"
"40,13 : 0.6958"
"13,41 : 0.9425"
"41,13 : 0.9425"
"13,42 : 0.1965"
"42,13 : 0.1965"
"13,43 : 0.3895"
"43,13 : 0.3895"
"13,44 : 0.2983"
"44,13 : 0.2983"
"13,45 : 0.7072"
"45,13 : 0.7072"
"13,46 : 1.0245"
"46,13 : 1.0245"
"13,47 : 0.9651"
"47,13 : 0.9651"
"13,48 : 0.6297"
"48,13 : 0.6297"
"13,49 : 0.8065"
"49,13 : 0.8065"
"14,15 : 0.5394"
"15,14 : 0.5394"
"14,16 : 0.6539"
"16,14 : 0.6539"
"14,17 : 0.1304"
"17,14 : 0.1304"
"14,18 : 0.3701"
"18,14 : 0.3701"
"14,19 : 0.5"
"19,14 : 0.5"
"14,20 : 0.2693"
"20,14 : 0.2693"
"14,21 : 0.2702"
"21,14 : 0.2702"
"14,22 : 0.0412"
"22,14 : 0.0412"
"14,23 : 0.0943"
"23,14 : 0.0943"
"14,24 : 0.3662"
"24,14 : 0.3662"
"14,25 : 0.3041"
"25,14 : 0.3041"
"14,26 : 0.4441"
"26,14 : 0.4441"
"14,27 : 0.451"
"27,14 : 0.451"
"14,28 : 0.4478"
"28,14 : 0.4478"
"14,29 : 0.2943"
"29,14 : 0.2943"
"14,30 : 0.314"
"30,14 : 0.314"
"14,31 : 0.3265"
"31,14 : 0.3265"
"14,32 : 0.2377"
"32,14 : 0.2377"
"14,33 : 0.2608"
"33,14 : 0.2608"
"14,34 : 0.178"
"34,14 : 0.178"
"14,35 : 0.389"
"35,14 : 0.389"
"14,36 : 0.5108"
"36,14 : 0.5108"
"14,37 : 0.2302"
"37,14 : 0.2302"
"14,38 : 0.2343"
"38,14 : 0.2343"
"14,39 : 0.2435"
"39,14 : 0.2435"
"14,40 : 0.3453"
"40,14 : 0.3453"
"14,41 : 0.7596"
"41,14 : 0.7596"
"14,42 : 0.6277"
"42,14 : 0.6277"
"14,43 : 0.8095"
"43,14 : 0.8095"
"14,44 : 0.7378"
"44,14 : 0.7378"
"14,45 : 0.2884"
"45,14 : 0.2884"
"14,46 : 0.2702"
"46,14 : 0.2702"
"14,47 : 0.68"
"47,14 : 0.68"
"14,48 : 0.5401"
"48,14 : 0.5401"
"14,49 : 0.236"
"49,14 : 0.236"
"15,16 : 0.1746"
"16,15 : 0.1746"
"15,17 : 0.4531"
"17,15 : 0.4531"
"15,18 : 0.8839"
"18,15 : 0.8839"
"15,19 : 0.969"
"19,15 : 0.969"
"15,20 : 0.5841"
"20,15 : 0.5841"
"15,21 : 0.8075"
"21,15 : 0.8075"
"15,22 : 0.5771"
"22,15 : 0.5771"
"15,23 : 0.4528"
"23,15 : 0.4528"
"15,24 : 0.8373"
"24,15 : 0.8373"
"15,25 : 0.2354"
"25,15 : 0.2354"
"15,26 : 0.3981"
"26,15 : 0.3981"
"15,27 : 0.7849"
"27,15 : 0.7849"
"15,28 : 0.6185"
"28,15 : 0.6185"
"15,29 : 0.283"
"29,15 : 0.283"
"15,30 : 0.2663"
"30,15 : 0.2663"
"15,31 : 0.3008"
"31,15 : 0.3008"
"15,32 : 0.7611"
"32,15 : 0.7611"
"15,33 : 0.7875"
"33,15 : 0.7875"
"15,34 : 0.4837"
"34,15 : 0.4837"
"15,35 : 0.4465"
"35,15 : 0.4465"
"15,36 : 0.9262"
"36,15 : 0.9262"
"15,37 : 0.536"
"37,15 : 0.536"
"15,38 : 0.3883"
"38,15 : 0.3883"
"15,39 : 0.4684"
"39,15 : 0.4684"
"15,40 : 0.736"
"40,15 : 0.736"
"15,41 : 1.1385"
"41,15 : 1.1385"
"15,42 : 0.3437"
"42,15 : 0.3437"
"15,43 : 0.8355"
"43,15 : 0.8355"
"15,44 : 0.7316"
"44,15 : 0.7316"
"15,45 : 0.2961"
"45,15 : 0.2961"
"15,46 : 0.7086"
"46,15 : 0.7086"
"15,47 : 1.1011"
"47,15 : 1.1011"
"15,48 : 0.8246"
"48,15 : 0.8246"
"15,49 : 0.7301"
"49,15 : 0.7301"
"16,17 : 0.5908"
"17,16 : 0.5908"
"16,18 : 1.016"
"18,16 : 1.016"
"16,19 : 1.1161"
"19,16 : 1.1161"
"16,20 : 0.7425"
"20,16 : 0.7425"
"16,21 : 0.9109"
"21,16 : 0.9109"
"16,22 : 0.6871"
"22,16 : 0.6871"
"16,23 : 0.5608"
"23,16 : 0.5608"
"16,24 : 0.9014"
"24,16 : 0.9014"
"16,25 : 0.3662"
"25,16 : 0.3662"
"16,26 : 0.5727"
"26,16 : 0.5727"
"16,27 : 0.9492"
"27,16 : 0.9492"
"16,28 : 0.7908"
"28,16 : 0.7908"
"16,29 : 0.4384"
"29,16 : 0.4384"
"16,30 : 0.4245"
"30,16 : 0.4245"
"16,31 : 0.3536"
"31,16 : 0.3536"
"16,32 : 0.8538"
"32,16 : 0.8538"
"16,33 : 0.9124"
"33,16 : 0.9124"
"16,34 : 0.6325"
"34,16 : 0.6325"
"16,35 : 0.6191"
"35,16 : 0.6191"
"16,36 : 1.083"
"36,16 : 1.083"
"16,37 : 0.5908"
"37,16 : 0.5908"
"16,38 : 0.4571"
"38,16 : 0.4571"
"16,39 : 0.5209"
"39,16 : 0.5209"
"16,40 : 0.892"
"40,16 : 0.892"
"16,41 : 1.303"
"41,16 : 1.303"
"16,42 : 0.5004"
"42,16 : 0.5004"
"16,43 : 1.0066"
"43,16 : 1.0066"
"16,44 : 0.9024"
"44,16 : 0.9024"
"16,45 : 0.3736"
"45,16 : 0.3736"
"16,46 : 0.7716"
"46,16 : 0.7716"
"16,47 : 1.2594"
"47,16 : 1.2594"
"16,48 : 0.994"
"48,16 : 0.994"
"16,49 : 0.8661"
"49,16 : 0.8661"
"17,18 : 0.4308"
"18,17 : 0.4308"
"17,19 : 0.5263"
"19,17 : 0.5263"
"17,20 : 0.1942"
"20,17 : 0.1942"
"17,21 : 0.3847"
"21,17 : 0.3847"
"17,22 : 0.17"
"22,17 : 0.17"
"17,23 : 0.1237"
"23,17 : 0.1237"
"17,24 : 0.4965"
"24,17 : 0.4965"
"17,25 : 0.2247"
"25,17 : 0.2247"
"17,26 : 0.314"
"26,17 : 0.314"
"17,27 : 0.405"
"27,17 : 0.405"
"17,28 : 0.3471"
"28,17 : 0.3471"
"17,29 : 0.1811"
"29,17 : 0.1811"
"17,30 : 0.201"
"30,17 : 0.201"
"17,31 : 0.313"
"31,17 : 0.313"
"17,32 : 0.364"
"32,17 : 0.364"
"17,33 : 0.3373"
"33,17 : 0.3373"
"17,34 : 0.07"
"34,17 : 0.07"
"17,35 : 0.2625"
"35,17 : 0.2625"
"17,36 : 0.5061"
"36,17 : 0.5061"
"17,37 : 0.3162"
"37,17 : 0.3162"
"17,38 : 0.2532"
"38,17 : 0.2532"
"17,39 : 0.3015"
"39,17 : 0.3015"
"17,40 : 0.3191"
"40,17 : 0.3191"
"17,41 : 0.7443"
"41,17 : 0.7443"
"17,42 : 0.4998"
"42,17 : 0.4998"
"17,43 : 0.7001"
"43,17 : 0.7001"
"17,44 : 0.6218"
"44,17 : 0.6218"
"17,45 : 0.2642"
"45,17 : 0.2642"
"17,46 : 0.396"
"46,17 : 0.396"
"17,47 : 0.6825"
"47,17 : 0.6825"
"17,48 : 0.4805"
"48,17 : 0.4805"
"17,49 : 0.2773"
"49,17 : 0.2773"
"18,19 : 0.1703"
"19,18 : 0.1703"
"18,20 : 0.3612"
"20,18 : 0.3612"
"18,21 : 0.2209"
"21,18 : 0.2209"
"18,22 : 0.3466"
"22,18 : 0.3466"
"18,23 : 0.464"
"23,18 : 0.464"
"18,24 : 0.4401"
"24,18 : 0.4401"
"18,25 : 0.6531"
"25,18 : 0.6531"
"18,26 : 0.6507"
"26,18 : 0.6507"
"18,27 : 0.3406"
"27,18 : 0.3406"
"18,28 : 0.5033"
"28,18 : 0.5033"
"18,29 : 0.6073"
"29,18 : 0.6073"
"18,30 : 0.6264"
"30,18 : 0.6264"
"18,31 : 0.6966"
"31,18 : 0.6966"
"18,32 : 0.2961"
"32,18 : 0.2961"
"18,33 : 0.114"
"33,18 : 0.114"
"18,34 : 0.41"
"34,18 : 0.41"
"18,35 : 0.5714"
"35,18 : 0.5714"
"18,36 : 0.2563"
"36,18 : 0.2563"
"18,37 : 0.5492"
"37,18 : 0.5492"
"18,38 : 0.6014"
"38,18 : 0.6014"
"18,39 : 0.5903"
"39,18 : 0.5903"
"18,40 : 0.255"
"40,18 : 0.255"
"18,41 : 0.4804"
"41,18 : 0.4804"
"18,42 : 0.8701"
"42,18 : 0.8701"
"18,43 : 0.822"
"43,18 : 0.822"
"18,44 : 0.7926"
"44,18 : 0.7926"
"18,45 : 0.658"
"45,18 : 0.658"
"18,46 : 0.4561"
"46,18 : 0.4561"
"18,47 : 0.3712"
"47,18 : 0.3712"
"18,48 : 0.4314"
"48,18 : 0.4314"
"18,49 : 0.1552"
"49,18 : 0.1552"
"19,20 : 0.3956"
"20,19 : 0.3956"
"19,21 : 0.3912"
"21,19 : 0.3912"
"19,22 : 0.4855"
"22,19 : 0.4855"
"19,23 : 0.589"
"23,19 : 0.589"
"19,24 : 0.61"
"24,19 : 0.61"
"19,25 : 0.75"
"25,19 : 0.75"
"19,26 : 0.6747"
"26,19 : 0.6747"
"19,27 : 0.2746"
"27,19 : 0.2746"
"19,28 : 0.4801"
"28,19 : 0.4801"
"19,29 : 0.686"
"29,19 : 0.686"
"19,30 : 0.7033"
"30,19 : 0.7033"
"19,31 : 0.8213"
"31,19 : 0.8213"
"19,32 : 0.4653"
"32,19 : 0.4653"
"19,33 : 0.272"
"33,19 : 0.272"
"19,34 : 0.4855"
"34,19 : 0.4855"
"19,35 : 0.5944"
"35,19 : 0.5944"
"19,36 : 0.1221"
"36,19 : 0.1221"
"19,37 : 0.7021"
"37,19 : 0.7021"
"19,38 : 0.7341"
"38,19 : 0.7341"
"19,39 : 0.7357"
"39,19 : 0.7357"
"19,40 : 0.2474"
"40,19 : 0.2474"
"19,41 : 0.3114"
"41,19 : 0.3114"
"19,42 : 0.8944"
"42,19 : 0.8944"
"19,43 : 0.7425"
"43,19 : 0.7425"
"19,44 : 0.7338"
"44,19 : 0.7338"
"19,45 : 0.7779"
"45,19 : 0.7779"
"19,46 : 0.6237"
"46,19 : 0.6237"
"19,47 : 0.201"
"47,19 : 0.201"
"19,48 : 0.3401"
"48,19 : 0.3401"
"19,49 : 0.264"
"49,19 : 0.264"
"20,21 : 0.422"
"21,20 : 0.422"
"20,22 : 0.2915"
"22,20 : 0.2915"
"20,23 : 0.3102"
"23,20 : 0.3102"
"20,24 : 0.5982"
"24,20 : 0.5982"
"20,25 : 0.386"
"25,20 : 0.386"
"20,26 : 0.29"
"26,20 : 0.29"
"20,27 : 0.2147"
"27,20 : 0.2147"
"20,28 : 0.186"
"28,20 : 0.186"
"20,29 : 0.3041"
"29,20 : 0.3041"
"20,30 : 0.3189"
"30,20 : 0.3189"
"20,31 : 0.5033"
"31,20 : 0.5033"
"20,32 : 0.4386"
"32,20 : 0.4386"
"20,33 : 0.3138"
"33,20 : 0.3138"
"20,34 : 0.1265"
"34,20 : 0.1265"
"20,35 : 0.2102"
"35,20 : 0.2102"
"20,36 : 0.3421"
"36,20 : 0.3421"
"20,37 : 0.4937"
"37,20 : 0.4937"
"20,38 : 0.4472"
"38,20 : 0.4472"
"20,39 : 0.4901"
"39,20 : 0.4901"
"20,40 : 0.1526"
"40,20 : 0.1526"
"20,41 : 0.564"
"41,20 : 0.564"
"20,42 : 0.5104"
"42,20 : 0.5104"
"20,43 : 0.5492"
"43,20 : 0.5492"
"20,44 : 0.4884"
"44,20 : 0.4884"
"20,45 : 0.4531"
"45,20 : 0.4531"
"20,46 : 0.5277"
"46,20 : 0.5277"
"20,47 : 0.5174"
"47,20 : 0.5174"
"20,48 : 0.2864"
"48,20 : 0.2864"
"20,49 : 0.2214"
"49,20 : 0.2214"
"21,22 : 0.2309"
"22,21 : 0.2309"
"21,23 : 0.3551"
"23,21 : 0.3551"
"21,24 : 0.222"
"24,21 : 0.222"
"21,25 : 0.5731"
"25,21 : 0.5731"
"21,26 : 0.6778"
"26,21 : 0.6778"
"21,27 : 0.5012"
"27,21 : 0.5012"
"21,28 : 0.6021"
"28,21 : 0.6021"
"21,29 : 0.5614"
"29,21 : 0.5614"
"21,30 : 0.5814"
"30,21 : 0.5814"
"21,31 : 0.5646"
"31,21 : 0.5646"
"21,32 : 0.0806"
"32,21 : 0.0806"
"21,33 : 0.1393"
"33,21 : 0.1393"
"21,34 : 0.4016"
"34,21 : 0.4016"
"21,35 : 0.6084"
"35,21 : 0.6084"
"21,36 : 0.4653"
"36,21 : 0.4653"
"21,37 : 0.3688"
"37,21 : 0.3688"
"21,38 : 0.461"
"38,21 : 0.461"
"21,39 : 0.4244"
"39,21 : 0.4244"
"21,40 : 0.3912"
"40,21 : 0.3912"
"21,41 : 0.7"
"41,21 : 0.7"
"21,42 : 0.8806"
"42,21 : 0.8806"
"21,43 : 0.9559"
"43,21 : 0.9559"
"21,44 : 0.9061"
"44,21 : 0.9061"
"21,45 : 0.5376"
"45,21 : 0.5376"
"21,46 : 0.2417"
"46,21 : 0.2417"
"21,47 : 0.5921"
"47,21 : 0.5921"
"21,48 : 0.5994"
"48,21 : 0.5994"
"21,49 : 0.222"
"49,21 : 0.222"
"22,23 : 0.1265"
"23,22 : 0.1265"
"22,24 : 0.328"
"24,22 : 0.328"
"22,25 : 0.3423"
"25,22 : 0.3423"
"22,26 : 0.4826"
"26,22 : 0.4826"
"22,27 : 0.4601"
"27,22 : 0.4601"
"22,28 : 0.4741"
"28,22 : 0.4741"
"22,29 : 0.3354"
"29,22 : 0.3354"
"22,30 : 0.3551"
"30,22 : 0.3551"
"22,31 : 0.3523"
"31,22 : 0.3523"
"22,32 : 0.1965"
"32,22 : 0.1965"
"22,33 : 0.2343"
"33,22 : 0.2343"
"22,34 : 0.2121"
"34,22 : 0.2121"
"22,35 : 0.4252"
"35,22 : 0.4252"
"22,36 : 0.506"
"36,22 : 0.506"
"22,37 : 0.2256"
"37,22 : 0.2256"
"22,38 : 0.255"
"38,22 : 0.255"
"22,39 : 0.2506"
"39,22 : 0.2506"
"22,40 : 0.3506"
"40,22 : 0.3506"
"22,41 : 0.7558"
"41,22 : 0.7558"
"22,42 : 0.6685"
"42,22 : 0.6685"
"22,43 : 0.8373"
"43,22 : 0.8373"
"22,44 : 0.7684"
"44,22 : 0.7684"
"22,45 : 0.3176"
"45,22 : 0.3176"
"22,46 : 0.2385"
"46,22 : 0.2385"
"22,47 : 0.6712"
"47,22 : 0.6712"
"22,48 : 0.5523"
"48,22 : 0.5523"
"22,49 : 0.2236"
"49,22 : 0.2236"
"23,24 : 0.4123"
"24,23 : 0.4123"
"23,25 : 0.22"
"25,23 : 0.22"
"23,26 : 0.4177"
"26,23 : 0.4177"
"23,27 : 0.512"
"27,23 : 0.512"
"23,28 : 0.4707"
"28,23 : 0.4707"
"23,29 : 0.2326"
"29,23 : 0.2326"
"23,30 : 0.2508"
"30,23 : 0.2508"
"23,31 : 0.2335"
"31,23 : 0.2335"
"23,32 : 0.3102"
"32,23 : 0.3102"
"23,33 : 0.3551"
"33,23 : 0.3551"
"23,34 : 0.1924"
"34,23 : 0.1924"
"23,35 : 0.3774"
"35,23 : 0.3774"
"23,36 : 0.5906"
"36,23 : 0.5906"
"23,37 : 0.1931"
"37,23 : 0.1931"
"23,38 : 0.1476"
"38,23 : 0.1476"
"23,39 : 0.18"
"39,23 : 0.18"
"23,40 : 0.4144"
"40,23 : 0.4144"
"23,41 : 0.8367"
"41,23 : 0.8367"
"23,42 : 0.578"
"42,23 : 0.578"
"23,43 : 0.8228"
"43,23 : 0.8228"
"23,44 : 0.7425"
"44,23 : 0.7425"
"23,45 : 0.1942"
"45,23 : 0.1942"
"23,46 : 0.2968"
"46,23 : 0.2968"
"23,47 : 0.7632"
"47,23 : 0.7632"
"23,48 : 0.5941"
"48,23 : 0.5941"
"23,49 : 0.3256"
"49,23 : 0.3256"
"24,25 : 0.621"
"25,24 : 0.621"
"24,26 : 0.8102"
"26,24 : 0.8102"
"24,27 : 0.7131"
"27,24 : 0.7131"
"24,28 : 0.7841"
"28,24 : 0.7841"
"24,29 : 0.6447"
"29,24 : 0.6447"
"24,30 : 0.6631"
"30,24 : 0.6631"
"24,31 : 0.55"
"31,24 : 0.55"
"24,32 : 0.1655"
"32,24 : 0.1655"
"24,33 : 0.359"
"33,24 : 0.359"
"24,34 : 0.5391"
"34,24 : 0.5391"
"24,35 : 0.7529"
"35,24 : 0.7529"
"24,36 : 0.6873"
"36,24 : 0.6873"
"24,37 : 0.3106"
"37,24 : 0.3106"
"24,38 : 0.451"
"38,24 : 0.451"
"24,39 : 0.3805"
"39,24 : 0.3805"
"24,40 : 0.6001"
"40,24 : 0.6001"
"24,41 : 0.9205"
"41,24 : 0.9205"
"24,42 : 0.9884"
"42,24 : 0.9884"
"24,43 : 1.1462"
"43,24 : 1.1462"
"24,44 : 1.0858"
"44,24 : 1.0858"
"24,45 : 0.5423"
"45,24 : 0.5423"
"24,46 : 0.13"
"46,24 : 0.13"
"24,47 : 0.8102"
"47,24 : 0.8102"
"24,48 : 0.8115"
"48,24 : 0.8115"
"24,49 : 0.4308"
"49,24 : 0.4308"
"25,26 : 0.3158"
"26,25 : 0.3158"
"25,27 : 0.5991"
"27,25 : 0.5991"
"25,28 : 0.4754"
"28,25 : 0.4754"
"25,29 : 0.1005"
"29,25 : 0.1005"
"25,30 : 0.1005"
"30,25 : 0.1005"
"25,31 : 0.1676"
"31,25 : 0.1676"
"25,32 : 0.5301"
"32,25 : 0.5301"
"25,33 : 0.5536"
"33,25 : 0.5536"
"25,34 : 0.2687"
"34,25 : 0.2687"
"25,35 : 0.3206"
"35,25 : 0.3206"
"25,36 : 0.7214"
"36,25 : 0.7214"
"25,37 : 0.3413"
"37,25 : 0.3413"
"25,38 : 0.1985"
"38,25 : 0.1985"
"25,39 : 0.2843"
"39,25 : 0.2843"
"25,40 : 0.5308"
"40,25 : 0.5308"
"25,41 : 0.95"
"41,25 : 0.95"
"25,42 : 0.4031"
"42,25 : 0.4031"
"25,43 : 0.7732"
"43,25 : 0.7732"
"25,44 : 0.6774"
"44,25 : 0.6774"
"25,45 : 0.1253"
"45,25 : 0.1253"
"25,46 : 0.4965"
"46,25 : 0.4965"
"25,47 : 0.8983"
"47,25 : 0.8983"
"25,48 : 0.6574"
"48,25 : 0.6574"
"25,49 : 0.5012"
"49,25 : 0.5012"
"26,27 : 0.4338"
"27,26 : 0.4338"
"26,28 : 0.2343"
"28,26 : 0.2343"
"26,29 : 0.2214"
"29,26 : 0.2214"
"26,30 : 0.2159"
"30,26 : 0.2159"
"26,31 : 0.4827"
"31,26 : 0.4827"
"26,32 : 0.6712"
"32,26 : 0.6712"
"26,33 : 0.5923"
"33,26 : 0.5923"
"26,34 : 0.2773"
"34,26 : 0.2773"
"26,35 : 0.0806"
"35,26 : 0.0806"
"26,36 : 0.5981"
"36,26 : 0.5981"
"26,37 : 0.6022"
"37,26 : 0.6022"
"26,38 : 0.4875"
"38,26 : 0.4875"
"26,39 : 0.5644"
"39,26 : 0.5644"
"26,40 : 0.4276"
"40,26 : 0.4276"
"26,41 : 0.7742"
"41,26 : 0.7742"
"26,42 : 0.2209"
"42,26 : 0.2209"
"26,43 : 0.4601"
"43,26 : 0.4601"
"26,44 : 0.3622"
"44,26 : 0.3622"
"26,45 : 0.4368"
"45,26 : 0.4368"
"26,46 : 0.7084"
"46,26 : 0.7084"
"26,47 : 0.7603"
"47,26 : 0.7603"
"26,48 : 0.4482"
"48,26 : 0.4482"
"26,49 : 0.5049"
"49,26 : 0.5049"
"27,28 : 0.2138"
"28,27 : 0.2138"
"27,29 : 0.5122"
"29,27 : 0.5122"
"27,30 : 0.525"
"30,27 : 0.525"
"27,31 : 0.7169"
"31,27 : 0.7169"
"27,32 : 0.5478"
"32,27 : 0.5478"
"27,33 : 0.3636"
"33,27 : 0.3636"
"27,34 : 0.3401"
"34,27 : 0.3401"
"27,35 : 0.3585"
"35,27 : 0.3585"
"27,36 : 0.1712"
"36,27 : 0.1712"
"27,37 : 0.6812"
"37,27 : 0.6812"
"27,38 : 0.6552"
"38,27 : 0.6552"
"27,39 : 0.6888"
"39,27 : 0.6888"
"27,40 : 0.114"
"40,27 : 0.114"
"27,41 : 0.3538"
"41,27 : 0.3538"
"27,42 : 0.6451"
"42,27 : 0.6451"
"27,43 : 0.4826"
"43,27 : 0.4826"
"27,44 : 0.4624"
"44,27 : 0.4624"
"27,45 : 0.6671"
"45,27 : 0.6671"
"27,46 : 0.6747"
"46,27 : 0.6747"
"27,47 : 0.3265"
"47,27 : 0.3265"
"27,48 : 0.0985"
"48,27 : 0.0985"
"27,49 : 0.2823"
"49,27 : 0.2823"
"28,29 : 0.3764"
"29,28 : 0.3764"
"28,30 : 0.3828"
"30,28 : 0.3828"
"28,31 : 0.6239"
"31,28 : 0.6239"
"28,32 : 0.6237"
"32,28 : 0.6237"
"28,33 : 0.4826"
"33,28 : 0.4826"
"28,34 : 0.2789"
"34,28 : 0.2789"
"28,35 : 0.172"
"35,28 : 0.172"
"28,36 : 0.3847"
"36,28 : 0.3847"
"28,37 : 0.6622"
"37,28 : 0.6622"
"28,38 : 0.5908"
"38,28 : 0.5908"
"28,39 : 0.6478"
"39,28 : 0.6478"
"28,40 : 0.25"
"40,28 : 0.25"
"28,41 : 0.5408"
"41,28 : 0.5408"
"28,42 : 0.4346"
"42,28 : 0.4346"
"28,43 : 0.3636"
"43,28 : 0.3636"
"28,44 : 0.3041"
"44,28 : 0.3041"
"28,45 : 0.5731"
"45,28 : 0.5731"
"28,46 : 0.712"
"46,28 : 0.712"
"28,47 : 0.5349"
"47,28 : 0.5349"
"28,48 : 0.214"
"48,28 : 0.214"
"28,49 : 0.3883"
"49,28 : 0.3883"
"29,30 : 0.02"
"30,29 : 0.02"
"29,31 : 0.2631"
"31,29 : 0.2631"
"29,32 : 0.5315"
"32,29 : 0.5315"
"29,33 : 0.5179"
"33,29 : 0.5179"
"29,34 : 0.2012"
"34,29 : 0.2012"
"29,35 : 0.2202"
"35,29 : 0.2202"
"29,36 : 0.6454"
"36,29 : 0.6454"
"29,37 : 0.396"
"37,29 : 0.396"
"29,38 : 0.2693"
"38,29 : 0.2693"
"29,39 : 0.35"
"39,29 : 0.35"
"29,40 : 0.4545"
"40,29 : 0.4545"
"29,41 : 0.8656"
"41,29 : 0.8656"
"29,42 : 0.3467"
"42,29 : 0.3467"
"29,43 : 0.6748"
"43,29 : 0.6748"
"29,44 : 0.5805"
"44,29 : 0.5805"
"29,45 : 0.2159"
"45,29 : 0.2159"
"29,46 : 0.5284"
"46,29 : 0.5284"
"29,47 : 0.8213"
"47,29 : 0.8213"
"29,48 : 0.5644"
"48,29 : 0.5644"
"29,49 : 0.4522"
"49,29 : 0.4522"
"30,31 : 0.2668"
"31,30 : 0.2668"
"30,32 : 0.5511"
"32,30 : 0.5511"
"30,33 : 0.5376"
"33,30 : 0.5376"
"30,34 : 0.2193"
"34,30 : 0.2193"
"30,35 : 0.222"
"35,30 : 0.222"
"30,36 : 0.6607"
"36,30 : 0.6607"
"30,37 : 0.4104"
"37,30 : 0.4104"
"30,38 : 0.2802"
"38,30 : 0.2802"
"30,39 : 0.3624"
"39,30 : 0.3624"
"30,40 : 0.4701"
"40,30 : 0.4701"
"30,41 : 0.8786"
"41,30 : 0.8786"
"30,42 : 0.3302"
"42,30 : 0.3302"
"30,43 : 0.6727"
"43,30 : 0.6727"
"30,44 : 0.5771"
"44,30 : 0.5771"
"30,45 : 0.2214"
"45,30 : 0.2214"
"30,46 : 0.5459"
"46,30 : 0.5459"
"30,47 : 0.8363"
"47,30 : 0.8363"
"30,48 : 0.5745"
"48,30 : 0.5745"
"30,49 : 0.4713"
"49,30 : 0.4713"
"31,32 : 0.5029"
"32,31 : 0.5029"
"31,33 : 0.586"
"33,31 : 0.586"
"31,34 : 0.377"
"34,31 : 0.377"
"31,35 : 0.4809"
"35,31 : 0.4809"
"31,36 : 0.8154"
"36,31 : 0.8154"
"31,37 : 0.2408"
"37,31 : 0.2408"
"31,38 : 0.1044"
"38,31 : 0.1044"
"31,39 : 0.1712"
"39,31 : 0.1712"
"31,40 : 0.6313"
"40,31 : 0.6313"
"31,41 : 1.0568"
"41,31 : 1.0568"
"31,42 : 0.558"
"42,31 : 0.558"
"31,43 : 0.9377"
"43,31 : 0.9377"
"31,44 : 0.8434"
"44,31 : 0.8434"
"31,45 : 0.051"
"45,31 : 0.051"
"31,46 : 0.42"
"46,31 : 0.42"
"31,47 : 0.9905"
"47,31 : 0.9905"
"31,48 : 0.7875"
"48,31 : 0.7875"
"31,49 : 0.5587"
"49,31 : 0.5587"
"32,33 : 0.2002"
"33,32 : 0.2002"
"32,34 : 0.3945"
"34,32 : 0.3945"
"32,35 : 0.6075"
"35,32 : 0.6075"
"32,36 : 0.5308"
"36,32 : 0.5308"
"32,37 : 0.2941"
"37,32 : 0.2941"
"32,38 : 0.3985"
"38,32 : 0.3985"
"32,39 : 0.3536"
"39,32 : 0.3536"
"32,40 : 0.4346"
"40,32 : 0.4346"
"32,41 : 0.771"
"41,32 : 0.771"
"32,42 : 0.8638"
"42,32 : 0.8638"
"32,43 : 0.9841"
"43,32 : 0.9841"
"32,44 : 0.927"
"44,32 : 0.927"
"32,45 : 0.4805"
"45,32 : 0.4805"
"32,46 : 0.1616"
"46,32 : 0.1616"
"32,47 : 0.6661"
"47,32 : 0.6661"
"32,48 : 0.6462"
"48,32 : 0.6462"
"32,49 : 0.2657"
"49,32 : 0.2657"
"33,34 : 0.33"
"34,33 : 0.33"
"33,35 : 0.5166"
"35,33 : 0.5166"
"33,36 : 0.3306"
"36,33 : 0.3306"
"33,37 : 0.4357"
"37,33 : 0.4357"
"33,38 : 0.4892"
"38,33 : 0.4892"
"33,39 : 0.4763"
"39,33 : 0.4763"
"33,40 : 0.2561"
"40,33 : 0.2561"
"33,41 : 0.5722"
"41,33 : 0.5722"
"33,42 : 0.8062"
"42,33 : 0.8062"
"33,43 : 0.8273"
"43,33 : 0.8273"
"33,44 : 0.7841"
"44,33 : 0.7841"
"33,45 : 0.5492"
"45,33 : 0.5492"
"33,46 : 0.3536"
"46,33 : 0.3536"
"33,47 : 0.4707"
"47,33 : 0.4707"
"33,48 : 0.4614"
"48,33 : 0.4614"
"33,49 : 0.0943"
"49,33 : 0.0943"
"34,35 : 0.214"
"35,34 : 0.214"
"34,36 : 0.4528"
"36,34 : 0.4528"
"34,37 : 0.3833"
"37,34 : 0.3833"
"34,38 : 0.3225"
"38,34 : 0.3225"
"34,39 : 0.3712"
"39,34 : 0.3712"
"34,40 : 0.2625"
"40,34 : 0.2625"
"34,41 : 0.6851"
"41,34 : 0.6851"
"34,42 : 0.4805"
"42,34 : 0.4805"
"34,43 : 0.6356"
"43,34 : 0.6356"
"34,44 : 0.5608"
"44,34 : 0.5608"
"34,45 : 0.327"
"45,34 : 0.327"
"34,46 : 0.4482"
"46,34 : 0.4482"
"34,47 : 0.6297"
"47,34 : 0.6297"
"34,48 : 0.4123"
"48,34 : 0.4123"
"34,49 : 0.255"
"49,34 : 0.255"
"35,36 : 0.52"
"36,35 : 0.52"
"35,37 : 0.5682"
"37,35 : 0.5682"
"35,38 : 0.4684"
"38,35 : 0.4684"
"35,39 : 0.5385"
"39,35 : 0.5385"
"35,40 : 0.3471"
"40,35 : 0.3471"
"35,41 : 0.7043"
"41,35 : 0.7043"
"35,42 : 0.3015"
"42,35 : 0.3015"
"35,43 : 0.4589"
"43,35 : 0.4589"
"35,44 : 0.37"
"44,35 : 0.37"
"35,45 : 0.4319"
"45,35 : 0.4319"
"35,46 : 0.658"
"46,35 : 0.658"
"35,47 : 0.6848"
"47,35 : 0.6848"
"35,48 : 0.3818"
"48,35 : 0.3818"
"35,49 : 0.4276"
"49,35 : 0.4276"
"36,37 : 0.7308"
"37,36 : 0.7308"
"36,38 : 0.7382"
"38,36 : 0.7382"
"36,39 : 0.7539"
"39,36 : 0.7539"
"36,40 : 0.191"
"40,36 : 0.191"
"36,41 : 0.25"
"41,36 : 0.25"
"36,42 : 0.8132"
"42,36 : 0.8132"
"36,43 : 0.6224"
"43,36 : 0.6224"
"36,44 : 0.6185"
"44,36 : 0.6185"
"36,45 : 0.7684"
"45,36 : 0.7684"
"36,46 : 0.6807"
"46,36 : 0.6807"
"36,47 : 0.1769"
"47,36 : 0.1769"
"36,48 : 0.2214"
"48,36 : 0.2214"
"36,49 : 0.2864"
"49,36 : 0.2864"
"37,38 : 0.1487"
"38,37 : 0.1487"
"37,39 : 0.07"
"39,37 : 0.07"
"37,40 : 0.5743"
"40,37 : 0.5743"
"37,41 : 0.9808"
"41,37 : 0.9808"
"37,42 : 0.7388"
"42,37 : 0.7388"
"37,43 : 1.0159"
"43,37 : 1.0159"
"37,44 : 0.9352"
"44,37 : 0.9352"
"37,45 : 0.2404"
"45,37 : 0.2404"
"37,46 : 0.1811"
"46,37 : 0.1811"
"37,47 : 0.8932"
"47,37 : 0.8932"
"37,48 : 0.77"
"48,37 : 0.77"
"37,49 : 0.446"
"49,37 : 0.446"
"38,39 : 0.086"
"39,38 : 0.086"
"38,40 : 0.5608"
"40,38 : 0.5608"
"38,41 : 0.9841"
"41,38 : 0.9841"
"38,42 : 0.6011"
"42,38 : 0.6011"
"38,43 : 0.9265"
"43,38 : 0.9265"
"38,44 : 0.8382"
"44,38 : 0.8382"
"38,45 : 0.0922"
"45,38 : 0.0922"
"38,46 : 0.3214"
"46,38 : 0.3214"
"38,47 : 0.9107"
"47,38 : 0.9107"
"38,48 : 0.7335"
"48,38 : 0.7335"
"38,49 : 0.4701"
"49,38 : 0.4701"
"39,40 : 0.5869"
"40,39 : 0.5869"
"39,41 : 1.003"
"41,39 : 1.003"
"39,42 : 0.6862"
"42,39 : 0.6862"
"39,43 : 0.9933"
"43,39 : 0.9933"
"39,44 : 0.9082"
"44,39 : 0.9082"
"39,45 : 0.1746"
"45,39 : 0.1746"
"39,46 : 0.2508"
"46,39 : 0.2508"
"39,47 : 0.9214"
"47,39 : 0.9214"
"39,48 : 0.7732"
"48,39 : 0.7732"
"39,49 : 0.4741"
"49,39 : 0.4741"
"40,41 : 0.4254"
"41,40 : 0.4254"
"40,42 : 0.6478"
"42,40 : 0.6478"
"40,43 : 0.5738"
"43,40 : 0.5738"
"40,44 : 0.5385"
"44,40 : 0.5385"
"40,45 : 0.5831"
"45,40 : 0.5831"
"40,46 : 0.5609"
"46,40 : 0.5609"
"40,47 : 0.3677"
"47,40 : 0.3677"
"40,48 : 0.2119"
"48,40 : 0.2119"
"40,49 : 0.17"
"49,40 : 0.17"
"41,42 : 0.9713"
"42,41 : 0.9713"
"41,43 : 0.6401"
"43,41 : 0.6401"
"41,44 : 0.676"
"44,41 : 0.676"
"41,45 : 1.0085"
"45,41 : 1.0085"
"41,46 : 0.9254"
"46,41 : 0.9254"
"41,47 : 0.1208"
"47,41 : 0.1208"
"41,48 : 0.3276"
"48,41 : 0.3276"
"41,49 : 0.536"
"49,41 : 0.536"
"42,43 : 0.5239"
"43,42 : 0.5239"
"42,44 : 0.4205"
"44,42 : 0.4205"
"42,45 : 0.525"
"45,42 : 0.525"
"42,46 : 0.8746"
"46,42 : 0.8746"
"42,47 : 0.9693"
"47,42 : 0.9693"
"42,48 : 0.6441"
"48,42 : 0.6441"
"42,49 : 0.7217"
"49,42 : 0.7217"
