x,y
0.25,0.83
0.05,0.72
0.02,0.19
0.14,0.49
0.74,0.46
0.33,0.42
0.65,0.58
0.76,0.59
0.62,0.59
0.49,0.6
0.72,0.46
0.27,0.65
0.96,0.92
0.6,0.76
0.01,0.69
0.91,0.59
0.15,0.87
0.47,0.02
0.15,0.93
0.98,0.95
0.91,0.13
0.88,0.86
0.07,0.43
0.48,0.33
0.59,0.74
1.0,0.94
0.11,0.43
0.16,0.29
0.39,0.56
0.54,0.66
0.56,0.11
0.88,0.85
0.28,0.88
0.55,0.96
0.4,0.88
0.27,0.38
0.83,0.19
0.77,0.21
0.36,0.89
0.98,0.81
0.97,0.96
0.72,0.01
0.39,0.68
0.72,0.49
0.35,0.42
0.37,0.19
0.86,0.38
0.42,0.92
0.33,0.27
0.43,0.1

Distanze
"0,1 : 0.2283"
"1,0 : 0.2283"
"0,2 : 0.6801"
"2,0 : 0.6801"
"0,3 : 0.3574"
"3,0 : 0.3574"
"0,4 : 0.614"
"4,0 : 0.614"
"0,5 : 0.4177"
"5,0 : 0.4177"
"0,6 : 0.4717"
"6,0 : 0.4717"
"0,7 : 0.5636"
"7,0 : 0.5636"
"0,8 : 0.441"
"8,0 : 0.441"
"0,9 : 0.3324"
"9,0 : 0.3324"
"0,10 : 0.5982"
"10,0 : 0.5982"
"0,11 : 0.1811"
"11,0 : 0.1811"
"0,12 : 0.7157"
"12,0 : 0.7157"
"0,13 : 0.3569"
"13,0 : 0.3569"
"0,14 : 0.2778"
"14,0 : 0.2778"
"0,15 : 0.7023"
"15,0 : 0.7023"
"0,16 : 0.1077"
"16,0 : 0.1077"
"0,17 : 0.8393"
"17,0 : 0.8393"
"0,18 : 0.1414"
"18,0 : 0.1414"
"0,19 : 0.7398"
"19,0 : 0.7398"
"0,20 : 0.9621"
"20,0 : 0.9621"
"0,21 : 0.6307"
"21,0 : 0.6307"
"0,22 : 0.4386"
"22,0 : 0.4386"
"0,23 : 0.5504"
"23,0 : 0.5504"
"0,24 : 0.3517"
"24,0 : 0.3517"
"0,25 : 0.758"
"25,0 : 0.758"
"0,26 : 0.4238"
"26,0 : 0.4238"
"0,27 : 0.5474"
"27,0 : 0.5474"
"0,28 : 0.3041"
"28,0 : 0.3041"
"0,29 : 0.3362"
"29,0 : 0.3362"
"0,30 : 0.7839"
"30,0 : 0.7839"
"0,31 : 0.6303"
"31,0 : 0.6303"
"0,32 : 0.0583"
"32,0 : 0.0583"
"0,33 : 0.327"
"33,0 : 0.327"
"0,34 : 0.1581"
"34,0 : 0.1581"
"0,35 : 0.4504"
"35,0 : 0.4504"
"0,36 : 0.8637"
"36,0 : 0.8637"
"0,37 : 0.8092"
"37,0 : 0.8092"
"0,38 : 0.1253"
"38,0 : 0.1253"
"0,39 : 0.7303"
"39,0 : 0.7303"
"0,40 : 0.7316"
"40,0 : 0.7316"
"0,41 : 0.9451"
"41,0 : 0.9451"
"0,42 : 0.2052"
"42,0 : 0.2052"
"0,43 : 0.5801"
"43,0 : 0.5801"
"0,44 : 0.422"
"44,0 : 0.422"
"0,45 : 0.6512"
"45,0 : 0.6512"
"0,46 : 0.758"
"46,0 : 0.758"
"0,47 : 0.1924"
"47,0 : 0.1924"
"0,48 : 0.5657"
"48,0 : 0.5657"
"0,49 : 0.7519"
"49,0 : 0.7519"
"1,2 : 0.5308"
"2,1 : 0.5308"
"1,3 : 0.247"
"3,1 : 0.247"
"1,4 : 0.7374"
"4,1 : 0.7374"
"1,5 : 0.4104"
"5,1 : 0.4104"
"1,6 : 0.6161"
"6,1 : 0.6161"
"1,7 : 0.7218"
"7,1 : 0.7218"
"1,8 : 0.5846"
"8,1 : 0.5846"
"1,9 : 0.4561"
"9,1 : 0.4561"
"1,10 : 0.7187"
"10,1 : 0.7187"
"1,11 : 0.2309"
"11,1 : 0.2309"
"1,12 : 0.9317"
"12,1 : 0.9317"
"1,13 : 0.5515"
"13,1 : 0.5515"
"1,14 : 0.05"
"14,1 : 0.05"
"1,15 : 0.8698"
"15,1 : 0.8698"
"1,16 : 0.1803"
"16,1 : 0.1803"
"1,17 : 0.8163"
"17,1 : 0.8163"
"1,18 : 0.2326"
"18,1 : 0.2326"
"1,19 : 0.958"
"19,1 : 0.958"
"1,20 : 1.0429"
"20,1 : 1.0429"
"1,21 : 0.8417"
"21,1 : 0.8417"
"1,22 : 0.2907"
"22,1 : 0.2907"
"1,23 : 0.5805"
"23,1 : 0.5805"
"1,24 : 0.5404"
"24,1 : 0.5404"
"1,25 : 0.9751"
"25,1 : 0.9751"
"1,26 : 0.2961"
"26,1 : 0.2961"
"1,27 : 0.4438"
"27,1 : 0.4438"
"1,28 : 0.3758"
"28,1 : 0.3758"
"1,29 : 0.4937"
"29,1 : 0.4937"
"1,30 : 0.7951"
"30,1 : 0.7951"
"1,31 : 0.8401"
"31,1 : 0.8401"
"1,32 : 0.2802"
"32,1 : 0.2802"
"1,33 : 0.5546"
"33,1 : 0.5546"
"1,34 : 0.3848"
"34,1 : 0.3848"
"1,35 : 0.405"
"35,1 : 0.405"
"1,36 : 0.943"
"36,1 : 0.943"
"1,37 : 0.8823"
"37,1 : 0.8823"
"1,38 : 0.3536"
"38,1 : 0.3536"
"1,39 : 0.9343"
"39,1 : 0.9343"
"1,40 : 0.9508"
"40,1 : 0.9508"
"1,41 : 0.9762"
"41,1 : 0.9762"
"1,42 : 0.3423"
"42,1 : 0.3423"
"1,43 : 0.7084"
"43,1 : 0.7084"
"1,44 : 0.4243"
"44,1 : 0.4243"
"1,45 : 0.6191"
"45,1 : 0.6191"
"1,46 : 0.8785"
"46,1 : 0.8785"
"1,47 : 0.4206"
"47,1 : 0.4206"
"1,48 : 0.53"
"48,1 : 0.53"
"1,49 : 0.7272"
"49,1 : 0.7272"
"2,3 : 0.3231"
"3,2 : 0.3231"
"2,4 : 0.769"
"4,2 : 0.769"
"2,5 : 0.386"
"5,2 : 0.386"
"2,6 : 0.7409"
"6,2 : 0.7409"
"2,7 : 0.8412"
"7,2 : 0.8412"
"2,8 : 0.7211"
"8,2 : 0.7211"
"2,9 : 0.6237"
"9,2 : 0.6237"
"2,10 : 0.7503"
"10,2 : 0.7503"
"2,11 : 0.5235"
"11,2 : 0.5235"
"2,12 : 1.1902"
"12,2 : 1.1902"
"2,13 : 0.8132"
"13,2 : 0.8132"
"2,14 : 0.5001"
"14,2 : 0.5001"
"2,15 : 0.9758"
"15,2 : 0.9758"
"2,16 : 0.6923"
"16,2 : 0.6923"
"2,17 : 0.481"
"17,2 : 0.481"
"2,18 : 0.7513"
"18,2 : 0.7513"
"2,19 : 1.2244"
"19,2 : 1.2244"
"2,20 : 0.892"
"20,2 : 0.892"
"2,21 : 1.0902"
"21,2 : 1.0902"
"2,22 : 0.2452"
"22,2 : 0.2452"
"2,23 : 0.4808"
"23,2 : 0.4808"
"2,24 : 0.7921"
"24,2 : 0.7921"
"2,25 : 1.2341"
"25,2 : 1.2341"
"2,26 : 0.2563"
"26,2 : 0.2563"
"2,27 : 0.172"
"27,2 : 0.172"
"2,28 : 0.5233"
"28,2 : 0.5233"
"2,29 : 0.7009"
"29,2 : 0.7009"
"2,30 : 0.5459"
"30,2 : 0.5459"
"2,31 : 1.0841"
"31,2 : 1.0841"
"2,32 : 0.7374"
"32,2 : 0.7374"
"2,33 : 0.9348"
"33,2 : 0.9348"
"2,34 : 0.7877"
"34,2 : 0.7877"
"2,35 : 0.314"
"35,2 : 0.314"
"2,36 : 0.81"
"36,2 : 0.81"
"2,37 : 0.7503"
"37,2 : 0.7503"
"2,38 : 0.7782"
"38,2 : 0.7782"
"2,39 : 1.1428"
"39,2 : 1.1428"
"2,40 : 1.2229"
"40,2 : 1.2229"
"2,41 : 0.7228"
"41,2 : 0.7228"
"2,42 : 0.614"
"42,2 : 0.614"
"2,43 : 0.7616"
"43,2 : 0.7616"
"2,44 : 0.4022"
"44,2 : 0.4022"
"2,45 : 0.35"
"45,2 : 0.35"
"2,46 : 0.8612"
"46,2 : 0.8612"
"2,47 : 0.8324"
"47,2 : 0.8324"
"2,48 : 0.3202"
"48,2 : 0.3202"
"2,49 : 0.4198"
"49,2 : 0.4198"
"3,4 : 0.6007"
"4,3 : 0.6007"
"3,5 : 0.2025"
"5,3 : 0.2025"
"3,6 : 0.5179"
"6,3 : 0.5179"
"3,7 : 0.628"
"7,3 : 0.628"
"3,8 : 0.4903"
"8,3 : 0.4903"
"3,9 : 0.3669"
"9,3 : 0.3669"
"3,10 : 0.5808"
"10,3 : 0.5808"
"3,11 : 0.2062"
"11,3 : 0.2062"
"3,12 : 0.9259"
"12,3 : 0.9259"
"3,13 : 0.5334"
"13,3 : 0.5334"
"3,14 : 0.2385"
"14,3 : 0.2385"
"3,15 : 0.7765"
"15,3 : 0.7765"
"3,16 : 0.3801"
"16,3 : 0.3801"
"3,17 : 0.5743"
"17,3 : 0.5743"
"3,18 : 0.4401"
"18,3 : 0.4401"
"3,19 : 0.9577"
"19,3 : 0.9577"
"3,20 : 0.85"
"20,3 : 0.85"
"3,21 : 0.8273"
"21,3 : 0.8273"
"3,22 : 0.0922"
"22,3 : 0.0922"
"3,23 : 0.3758"
"23,3 : 0.3758"
"3,24 : 0.5148"
"24,3 : 0.5148"
"3,25 : 0.9706"
"25,3 : 0.9706"
"3,26 : 0.0671"
"26,3 : 0.0671"
"3,27 : 0.201"
"27,3 : 0.201"
"3,28 : 0.2596"
"28,3 : 0.2596"
"3,29 : 0.4346"
"29,3 : 0.4346"
"3,30 : 0.5664"
"30,3 : 0.5664"
"3,31 : 0.8229"
"31,3 : 0.8229"
"3,32 : 0.4144"
"32,3 : 0.4144"
"3,33 : 0.6237"
"33,3 : 0.6237"
"3,34 : 0.4687"
"34,3 : 0.4687"
"3,35 : 0.1703"
"35,3 : 0.1703"
"3,36 : 0.7524"
"36,3 : 0.7524"
"3,37 : 0.6894"
"37,3 : 0.6894"
"3,38 : 0.4565"
"38,3 : 0.4565"
"3,39 : 0.8989"
"39,3 : 0.8989"
"3,40 : 0.9538"
"40,3 : 0.9538"
"3,41 : 0.7529"
"41,3 : 0.7529"
"3,42 : 0.314"
"42,3 : 0.314"
"3,43 : 0.58"
"43,3 : 0.58"
"3,44 : 0.2214"
"44,3 : 0.2214"
"3,45 : 0.378"
"45,3 : 0.378"
"3,46 : 0.7284"
"46,3 : 0.7284"
"3,47 : 0.5131"
"47,3 : 0.5131"
"3,48 : 0.2907"
"48,3 : 0.2907"
"3,49 : 0.486"
"49,3 : 0.486"
"4,5 : 0.4119"
"5,4 : 0.4119"
"4,6 : 0.15"
"6,4 : 0.15"
"4,7 : 0.1315"
"7,4 : 0.1315"
"4,8 : 0.1769"
"8,4 : 0.1769"
"4,9 : 0.2865"
"9,4 : 0.2865"
"4,10 : 0.02"
"10,4 : 0.02"
"4,11 : 0.507"
"11,4 : 0.507"
"4,12 : 0.5099"
"12,4 : 0.5099"
"4,13 : 0.3311"
"13,4 : 0.3311"
"4,14 : 0.7654"
"14,4 : 0.7654"
"4,15 : 0.214"
"15,4 : 0.214"
"4,16 : 0.7185"
"16,4 : 0.7185"
"4,17 : 0.5162"
"17,4 : 0.5162"
"4,18 : 0.7543"
"18,4 : 0.7543"
"4,19 : 0.5456"
"19,4 : 0.5456"
"4,20 : 0.3712"
"20,4 : 0.3712"
"4,21 : 0.4238"
"21,4 : 0.4238"
"4,22 : 0.6707"
"22,4 : 0.6707"
"4,23 : 0.2907"
"23,4 : 0.2907"
"4,24 : 0.3176"
"24,4 : 0.3176"
"4,25 : 0.5459"
"25,4 : 0.5459"
"4,26 : 0.6307"
"26,4 : 0.6307"
"4,27 : 0.6044"
"27,4 : 0.6044"
"4,28 : 0.364"
"28,4 : 0.364"
"4,29 : 0.2828"
"29,4 : 0.2828"
"4,30 : 0.3936"
"30,4 : 0.3936"
"4,31 : 0.4144"
"31,4 : 0.4144"
"4,32 : 0.6229"
"32,4 : 0.6229"
"4,33 : 0.5349"
"33,4 : 0.5349"
"4,34 : 0.5404"
"34,4 : 0.5404"
"4,35 : 0.4768"
"35,4 : 0.4768"
"4,36 : 0.2846"
"36,4 : 0.2846"
"4,37 : 0.2518"
"37,4 : 0.2518"
"4,38 : 0.5738"
"38,4 : 0.5738"
"4,39 : 0.4244"
"39,4 : 0.4244"
"4,40 : 0.5504"
"40,4 : 0.5504"
"4,41 : 0.4504"
"41,4 : 0.4504"
"4,42 : 0.4134"
"42,4 : 0.4134"
"4,43 : 0.0361"
"43,4 : 0.0361"
"4,44 : 0.392"
"44,4 : 0.392"
"4,45 : 0.458"
"45,4 : 0.458"
"4,46 : 0.1442"
"46,4 : 0.1442"
"4,47 : 0.5604"
"47,4 : 0.5604"
"4,48 : 0.4519"
"48,4 : 0.4519"
"4,49 : 0.4751"
"49,4 : 0.4751"
"5,6 : 0.3578"
"6,5 : 0.3578"
"5,7 : 0.4624"
"7,5 : 0.4624"
"5,8 : 0.3362"
"8,5 : 0.3362"
"5,9 : 0.2408"
"9,5 : 0.2408"
"5,10 : 0.392"
"10,5 : 0.392"
"5,11 : 0.2377"
"11,5 : 0.2377"
"5,12 : 0.8043"
"12,5 : 0.8043"
"5,13 : 0.4342"
"13,5 : 0.4342"
"5,14 : 0.4187"
"14,5 : 0.4187"
"5,15 : 0.6044"
"15,5 : 0.6044"
"5,16 : 0.4847"
"16,5 : 0.4847"
"5,17 : 0.4238"
"17,5 : 0.4238"
"5,18 : 0.5408"
"18,5 : 0.5408"
"5,19 : 0.8387"
"19,5 : 0.8387"
"5,20 : 0.6485"
"20,5 : 0.6485"
"5,21 : 0.7043"
"21,5 : 0.7043"
"5,22 : 0.2602"
"22,5 : 0.2602"
"5,23 : 0.1749"
"23,5 : 0.1749"
"5,24 : 0.4123"
"24,5 : 0.4123"
"5,25 : 0.8481"
"25,5 : 0.8481"
"5,26 : 0.2202"
"26,5 : 0.2202"
"5,27 : 0.214"
"27,5 : 0.214"
"5,28 : 0.1523"
"28,5 : 0.1523"
"5,29 : 0.3189"
"29,5 : 0.3189"
"5,30 : 0.386"
"30,5 : 0.386"
"5,31 : 0.6981"
"31,5 : 0.6981"
"5,32 : 0.4627"
"32,5 : 0.4627"
"5,33 : 0.5831"
"33,5 : 0.5831"
"5,34 : 0.4653"
"34,5 : 0.4653"
"5,35 : 0.0721"
"35,5 : 0.0721"
"5,36 : 0.5504"
"36,5 : 0.5504"
"5,37 : 0.4875"
"37,5 : 0.4875"
"5,38 : 0.471"
"38,5 : 0.471"
"5,39 : 0.758"
"39,5 : 0.758"
"5,40 : 0.8374"
"40,5 : 0.8374"
"5,41 : 0.5659"
"41,5 : 0.5659"
"5,42 : 0.2668"
"42,5 : 0.2668"
"5,43 : 0.3962"
"43,5 : 0.3962"
"5,44 : 0.02"
"44,5 : 0.02"
"5,45 : 0.2335"
"45,5 : 0.2335"
"5,46 : 0.5315"
"46,5 : 0.5315"
"5,47 : 0.508"
"47,5 : 0.508"
"5,48 : 0.15"
"48,5 : 0.15"
"5,49 : 0.3353"
"49,5 : 0.3353"
"6,7 : 0.1105"
"7,6 : 0.1105"
"6,8 : 0.0316"
"8,6 : 0.0316"
"6,9 : 0.1612"
"9,6 : 0.1612"
"6,10 : 0.1389"
"10,6 : 0.1389"
"6,11 : 0.3864"
"11,6 : 0.3864"
"6,12 : 0.4601"
"12,6 : 0.4601"
"6,13 : 0.1868"
"13,6 : 0.1868"
"6,14 : 0.6494"
"14,6 : 0.6494"
"6,15 : 0.2602"
"15,6 : 0.2602"
"6,16 : 0.578"
"16,6 : 0.578"
"6,17 : 0.5882"
"17,6 : 0.5882"
"6,18 : 0.6103"
"18,6 : 0.6103"
"6,19 : 0.4958"
"19,6 : 0.4958"
"6,20 : 0.5197"
"20,6 : 0.5197"
"6,21 : 0.3624"
"21,6 : 0.3624"
"6,22 : 0.5991"
"22,6 : 0.5991"
"6,23 : 0.3023"
"23,6 : 0.3023"
"6,24 : 0.1709"
"24,6 : 0.1709"
"6,25 : 0.5021"
"25,6 : 0.5021"
"6,26 : 0.5604"
"26,6 : 0.5604"
"6,27 : 0.5694"
"27,6 : 0.5694"
"6,28 : 0.2608"
"28,6 : 0.2608"
"6,29 : 0.136"
"29,6 : 0.136"
"6,30 : 0.4785"
"30,6 : 0.4785"
"6,31 : 0.3547"
"31,6 : 0.3547"
"6,32 : 0.4763"
"32,6 : 0.4763"
"6,33 : 0.3929"
"33,6 : 0.3929"
"6,34 : 0.3905"
"34,6 : 0.3905"
"6,35 : 0.4294"
"35,6 : 0.4294"
"6,36 : 0.4295"
"36,6 : 0.4295"
"6,37 : 0.389"
"37,6 : 0.389"
"6,38 : 0.4245"
"38,6 : 0.4245"
"6,39 : 0.4022"
"39,6 : 0.4022"
"6,40 : 0.4968"
"40,6 : 0.4968"
"6,41 : 0.5743"
"41,6 : 0.5743"
"6,42 : 0.2786"
"42,6 : 0.2786"
"6,43 : 0.114"
"43,6 : 0.114"
"6,44 : 0.34"
"44,6 : 0.34"
"6,45 : 0.4801"
"45,6 : 0.4801"
"6,46 : 0.29"
"46,6 : 0.29"
"6,47 : 0.4105"
"47,6 : 0.4105"
"6,48 : 0.4455"
"48,6 : 0.4455"
"6,49 : 0.528"
"49,6 : 0.528"
"7,8 : 0.14"
"8,7 : 0.14"
"7,9 : 0.2702"
"9,7 : 0.2702"
"7,10 : 0.136"
"10,7 : 0.136"
"7,11 : 0.4937"
"11,7 : 0.4937"
"7,12 : 0.3859"
"12,7 : 0.3859"
"7,13 : 0.2335"
"13,7 : 0.2335"
"7,14 : 0.7566"
"14,7 : 0.7566"
"7,15 : 0.15"
"15,7 : 0.15"
"7,16 : 0.6712"
"16,7 : 0.6712"
"7,17 : 0.6395"
"17,7 : 0.6395"
"7,18 : 0.6984"
"18,7 : 0.6984"
"7,19 : 0.4219"
"19,7 : 0.4219"
"7,20 : 0.4838"
"20,7 : 0.4838"
"7,21 : 0.2955"
"21,7 : 0.2955"
"7,22 : 0.7083"
"22,7 : 0.7083"
"7,23 : 0.3821"
"23,7 : 0.3821"
"7,24 : 0.2267"
"24,7 : 0.2267"
"7,25 : 0.4244"
"25,7 : 0.4244"
"7,26 : 0.6694"
"26,7 : 0.6694"
"7,27 : 0.6708"
"27,7 : 0.6708"
"7,28 : 0.3712"
"28,7 : 0.3712"
"7,29 : 0.2309"
"29,7 : 0.2309"
"7,30 : 0.52"
"30,7 : 0.52"
"7,31 : 0.2864"
"31,7 : 0.2864"
"7,32 : 0.5608"
"32,7 : 0.5608"
"7,33 : 0.4254"
"33,7 : 0.4254"
"7,34 : 0.4623"
"34,7 : 0.4623"
"7,35 : 0.5331"
"35,7 : 0.5331"
"7,36 : 0.4061"
"36,7 : 0.4061"
"7,37 : 0.3801"
"37,7 : 0.3801"
"7,38 : 0.5"
"38,7 : 0.5"
"7,39 : 0.3111"
"39,7 : 0.3111"
"7,40 : 0.4254"
"40,7 : 0.4254"
"7,41 : 0.5814"
"41,7 : 0.5814"
"7,42 : 0.3808"
"42,7 : 0.3808"
"7,43 : 0.1077"
"43,7 : 0.1077"
"7,44 : 0.4438"
"44,7 : 0.4438"
"7,45 : 0.5587"
"45,7 : 0.5587"
"7,46 : 0.2326"
"46,7 : 0.2326"
"7,47 : 0.4738"
"47,7 : 0.4738"
"7,48 : 0.536"
"48,7 : 0.536"
"7,49 : 0.5908"
"49,7 : 0.5908"
"8,9 : 0.1304"
"9,8 : 0.1304"
"8,10 : 0.164"
"10,8 : 0.164"
"8,11 : 0.3551"
"11,8 : 0.3551"
"8,12 : 0.4738"
"12,8 : 0.4738"
"8,13 : 0.1712"
"13,8 : 0.1712"
"8,14 : 0.6181"
"14,8 : 0.6181"
"8,15 : 0.29"
"15,8 : 0.29"
"8,16 : 0.5471"
"16,8 : 0.5471"
"8,17 : 0.5894"
"17,8 : 0.5894"
"8,18 : 0.5801"
"18,8 : 0.5801"
"8,19 : 0.5091"
"19,8 : 0.5091"
"8,20 : 0.5438"
"20,8 : 0.5438"
"8,21 : 0.3748"
"21,8 : 0.3748"
"8,22 : 0.5728"
"22,8 : 0.5728"
"8,23 : 0.2953"
"23,8 : 0.2953"
"8,24 : 0.153"
"24,8 : 0.153"
"8,25 : 0.5166"
"25,8 : 0.5166"
"8,26 : 0.5345"
"26,8 : 0.5345"
"8,27 : 0.5492"
"27,8 : 0.5492"
"8,28 : 0.2319"
"28,8 : 0.2319"
"8,29 : 0.1063"
"29,8 : 0.1063"
"8,30 : 0.4837"
"30,8 : 0.4837"
"8,31 : 0.3677"
"31,8 : 0.3677"
"8,32 : 0.4469"
"32,8 : 0.4469"
"8,33 : 0.3766"
"33,8 : 0.3766"
"8,34 : 0.364"
"34,8 : 0.364"
"8,35 : 0.4082"
"35,8 : 0.4082"
"8,36 : 0.4518"
"36,8 : 0.4518"
"8,37 : 0.4085"
"37,8 : 0.4085"
"8,38 : 0.397"
"38,8 : 0.397"
"8,39 : 0.4219"
"39,8 : 0.4219"
"8,40 : 0.5093"
"40,8 : 0.5093"
"8,41 : 0.5886"
"41,8 : 0.5886"
"8,42 : 0.247"
"42,8 : 0.247"
"8,43 : 0.1414"
"43,8 : 0.1414"
"8,44 : 0.3191"
"44,8 : 0.3191"
"8,45 : 0.4717"
"45,8 : 0.4717"
"8,46 : 0.3189"
"46,8 : 0.3189"
"8,47 : 0.3859"
"47,8 : 0.3859"
"8,48 : 0.4319"
"48,8 : 0.4319"
"8,49 : 0.5255"
"49,8 : 0.5255"
"9,10 : 0.2693"
"10,9 : 0.2693"
"9,11 : 0.2256"
"11,9 : 0.2256"
"9,12 : 0.5686"
"12,9 : 0.5686"
"9,13 : 0.1942"
"13,9 : 0.1942"
"9,14 : 0.4884"
"14,9 : 0.4884"
"9,15 : 0.4201"
"15,9 : 0.4201"
"9,16 : 0.4342"
"16,9 : 0.4342"
"9,17 : 0.5803"
"17,9 : 0.5803"
"9,18 : 0.4738"
"18,9 : 0.4738"
"9,19 : 0.6022"
"19,9 : 0.6022"
"9,20 : 0.6303"
"20,9 : 0.6303"
"9,21 : 0.4687"
"21,9 : 0.4687"
"9,22 : 0.4531"
"22,9 : 0.4531"
"9,23 : 0.2702"
"23,9 : 0.2702"
"9,24 : 0.172"
"24,9 : 0.172"
"9,25 : 0.6129"
"25,9 : 0.6129"
"9,26 : 0.4163"
"26,9 : 0.4163"
"9,27 : 0.4528"
"27,9 : 0.4528"
"9,28 : 0.1077"
"28,9 : 0.1077"
"9,29 : 0.0781"
"29,9 : 0.0781"
"9,30 : 0.495"
"30,9 : 0.495"
"9,31 : 0.4632"
"31,9 : 0.4632"
"9,32 : 0.35"
"32,9 : 0.35"
"9,33 : 0.365"
"33,9 : 0.365"
"9,34 : 0.2941"
"34,9 : 0.2941"
"9,35 : 0.3111"
"35,9 : 0.3111"
"9,36 : 0.5326"
"36,9 : 0.5326"
"9,37 : 0.4801"
"37,9 : 0.4801"
"9,38 : 0.3178"
"38,9 : 0.3178"
"9,39 : 0.5331"
"39,9 : 0.5331"
"9,40 : 0.6"
"40,9 : 0.6"
"9,41 : 0.6332"
"41,9 : 0.6332"
"9,42 : 0.1281"
"42,9 : 0.1281"
"9,43 : 0.255"
"43,9 : 0.255"
"9,44 : 0.228"
"44,9 : 0.228"
"9,45 : 0.4272"
"45,9 : 0.4272"
"9,46 : 0.4305"
"46,9 : 0.4305"
"9,47 : 0.3276"
"47,9 : 0.3276"
"9,48 : 0.3667"
"48,9 : 0.3667"
"9,49 : 0.5036"
"49,9 : 0.5036"
"10,11 : 0.4885"
"11,10 : 0.4885"
"10,12 : 0.5188"
"12,10 : 0.5188"
"10,13 : 0.3231"
"13,10 : 0.3231"
"10,14 : 0.7463"
"14,10 : 0.7463"
"10,15 : 0.2302"
"15,10 : 0.2302"
"10,16 : 0.7021"
"16,10 : 0.7021"
"10,17 : 0.5061"
"17,10 : 0.5061"
"10,18 : 0.7388"
"18,10 : 0.7388"
"10,19 : 0.5547"
"19,10 : 0.5547"
"10,20 : 0.3808"
"20,10 : 0.3808"
"10,21 : 0.4308"
"21,10 : 0.4308"
"10,22 : 0.6507"
"22,10 : 0.6507"
"10,23 : 0.2729"
"23,10 : 0.2729"
"10,24 : 0.3087"
"24,10 : 0.3087"
"10,25 : 0.5557"
"25,10 : 0.5557"
"10,26 : 0.6107"
"26,10 : 0.6107"
"10,27 : 0.5852"
"27,10 : 0.5852"
"10,28 : 0.3448"
"28,10 : 0.3448"
"10,29 : 0.2691"
"29,10 : 0.2691"
"10,30 : 0.3848"
"30,10 : 0.3848"
"10,31 : 0.4215"
"31,10 : 0.4215"
"10,32 : 0.6083"
"32,10 : 0.6083"
"10,33 : 0.5281"
"33,10 : 0.5281"
"10,34 : 0.528"
"34,10 : 0.528"
"10,35 : 0.4571"
"35,10 : 0.4571"
"10,36 : 0.2915"
"36,10 : 0.2915"
"10,37 : 0.255"
"37,10 : 0.255"
"10,38 : 0.5608"
"38,10 : 0.5608"
"10,39 : 0.436"
"39,10 : 0.436"
"10,40 : 0.559"
"40,10 : 0.559"
"10,41 : 0.45"
"41,10 : 0.45"
"10,42 : 0.3966"
"42,10 : 0.3966"
"10,43 : 0.03"
"43,10 : 0.03"
"10,44 : 0.3722"
"44,10 : 0.3722"
"10,45 : 0.442"
"45,10 : 0.442"
"10,46 : 0.1612"
"46,10 : 0.1612"
"10,47 : 0.5492"
"47,10 : 0.5492"
"10,48 : 0.4338"
"48,10 : 0.4338"
"10,49 : 0.4623"
"49,10 : 0.4623"
"11,12 : 0.7409"
"12,11 : 0.7409"
"11,13 : 0.3479"
"13,11 : 0.3479"
"11,14 : 0.2631"
"14,11 : 0.2631"
"11,15 : 0.6428"
"15,11 : 0.6428"
"11,16 : 0.2506"
"16,11 : 0.2506"
"11,17 : 0.661"
"17,11 : 0.661"
"11,18 : 0.3046"
"18,11 : 0.3046"
"11,19 : 0.7708"
"19,11 : 0.7708"
"11,20 : 0.8246"
"20,11 : 0.8246"
"11,21 : 0.6451"
"21,11 : 0.6451"
"11,22 : 0.2973"
"22,11 : 0.2973"
"11,23 : 0.3828"
"23,11 : 0.3828"
"11,24 : 0.3324"
"24,11 : 0.3324"
"11,25 : 0.7855"
"25,11 : 0.7855"
"11,26 : 0.272"
"26,11 : 0.272"
"11,27 : 0.3764"
"27,11 : 0.3764"
"11,28 : 0.15"
"28,11 : 0.15"
"11,29 : 0.2702"
"29,11 : 0.2702"
"11,30 : 0.6129"
"30,11 : 0.6129"
"11,31 : 0.642"
"31,11 : 0.642"
"11,32 : 0.2302"
"32,11 : 0.2302"
"11,33 : 0.4177"
"33,11 : 0.4177"
"11,34 : 0.2642"
"34,11 : 0.2642"
"11,35 : 0.27"
"35,11 : 0.27"
"11,36 : 0.7247"
"36,11 : 0.7247"
"11,37 : 0.666"
"37,11 : 0.666"
"11,38 : 0.2563"
"38,11 : 0.2563"
"11,39 : 0.7278"
"39,11 : 0.7278"
"11,40 : 0.7656"
"40,11 : 0.7656"
"11,41 : 0.7824"
"41,11 : 0.7824"
"11,42 : 0.1237"
"42,11 : 0.1237"
"11,43 : 0.4776"
"43,11 : 0.4776"
"11,44 : 0.2435"
"44,11 : 0.2435"
"11,45 : 0.4707"
"45,11 : 0.4707"
"11,46 : 0.6488"
"46,11 : 0.6488"
"11,47 : 0.3089"
"47,11 : 0.3089"
"11,48 : 0.3847"
"48,11 : 0.3847"
"11,49 : 0.5728"
"49,11 : 0.5728"
"12,13 : 0.394"
"13,12 : 0.394"
"12,14 : 0.9774"
"14,12 : 0.9774"
"12,15 : 0.3338"
"15,12 : 0.3338"
"12,16 : 0.8115"
"16,12 : 0.8115"
"12,17 : 1.0247"
"17,12 : 1.0247"
"12,18 : 0.8101"
"18,12 : 0.8101"
"12,19 : 0.0361"
"19,12 : 0.0361"
"12,20 : 0.7916"
"20,12 : 0.7916"
"12,21 : 0.1"
"21,12 : 0.1"
"12,22 : 1.016"
"22,12 : 1.016"
"12,23 : 0.7606"
"23,12 : 0.7606"
"12,24 : 0.4115"
"24,12 : 0.4115"
"12,25 : 0.0447"
"25,12 : 0.0447"
"12,26 : 0.9811"
"26,12 : 0.9811"
"12,27 : 1.0183"
"27,12 : 1.0183"
"12,28 : 0.6742"
"28,12 : 0.6742"
"12,29 : 0.494"
"29,12 : 0.494"
"12,30 : 0.9034"
"30,12 : 0.9034"
"12,31 : 0.1063"
"31,12 : 0.1063"
"12,32 : 0.6812"
"32,12 : 0.6812"
"12,33 : 0.4119"
"33,12 : 0.4119"
"12,34 : 0.5614"
"34,12 : 0.5614"
"12,35 : 0.8762"
"35,12 : 0.8762"
"12,36 : 0.7415"
"36,12 : 0.7415"
"12,37 : 0.735"
"37,12 : 0.735"
"12,38 : 0.6007"
"38,12 : 0.6007"
"12,39 : 0.1118"
"39,12 : 0.1118"
"12,40 : 0.0412"
"40,12 : 0.0412"
"12,41 : 0.9411"
"41,12 : 0.9411"
"12,42 : 0.6185"
"42,12 : 0.6185"
"12,43 : 0.4924"
"43,12 : 0.4924"
"12,44 : 0.7887"
"44,12 : 0.7887"
"12,45 : 0.9386"
"45,12 : 0.9386"
"12,46 : 0.5492"
"46,12 : 0.5492"
"12,47 : 0.54"
"47,12 : 0.54"
"12,48 : 0.9052"
"48,12 : 0.9052"
"12,49 : 0.9764"
"49,12 : 0.9764"
"13,14 : 0.5941"
"14,13 : 0.5941"
"13,15 : 0.3536"
"15,13 : 0.3536"
"13,16 : 0.4632"
"16,13 : 0.4632"
"13,17 : 0.7513"
"17,13 : 0.7513"
"13,18 : 0.481"
"18,13 : 0.481"
"13,19 : 0.4249"
"19,13 : 0.4249"
"13,20 : 0.7021"
"20,13 : 0.7021"
"13,21 : 0.2973"
"21,13 : 0.2973"
"13,22 : 0.6243"
"22,13 : 0.6243"
"13,23 : 0.4464"
"23,13 : 0.4464"
"13,24 : 0.0224"
"24,13 : 0.0224"
"13,25 : 0.4386"
"25,13 : 0.4386"
"13,26 : 0.5908"
"26,13 : 0.5908"
"13,27 : 0.6438"
"27,13 : 0.6438"
"13,28 : 0.29"
"28,13 : 0.29"
"13,29 : 0.1166"
"29,13 : 0.1166"
"13,30 : 0.6512"
"30,13 : 0.6512"
"13,31 : 0.2941"
"31,13 : 0.2941"
"13,32 : 0.3418"
"32,13 : 0.3418"
"13,33 : 0.2062"
"33,13 : 0.2062"
"13,34 : 0.2332"
"34,13 : 0.2332"
"13,35 : 0.5033"
"35,13 : 0.5033"
"13,36 : 0.6147"
"36,13 : 0.6147"
"13,37 : 0.5757"
"37,13 : 0.5757"
"13,38 : 0.2729"
"38,13 : 0.2729"
"13,39 : 0.3833"
"39,13 : 0.3833"
"13,40 : 0.4206"
"40,13 : 0.4206"
"13,41 : 0.7595"
"41,13 : 0.7595"
"13,42 : 0.2247"
"42,13 : 0.2247"
"13,43 : 0.2955"
"43,13 : 0.2955"
"13,44 : 0.422"
"44,13 : 0.422"
"13,45 : 0.6147"
"45,13 : 0.6147"
"13,46 : 0.4604"
"46,13 : 0.4604"
"13,47 : 0.2408"
"47,13 : 0.2408"
"13,48 : 0.5595"
"48,13 : 0.5595"
"13,49 : 0.6815"
"49,13 : 0.6815"
"14,15 : 0.9055"
"15,14 : 0.9055"
"14,16 : 0.228"
"16,14 : 0.228"
"14,17 : 0.8127"
"17,14 : 0.8127"
"14,18 : 0.2778"
"18,14 : 0.2778"
"14,19 : 1.0042"
"19,14 : 1.0042"
"14,20 : 1.06"
"20,14 : 1.06"
"14,21 : 0.8865"
"21,14 : 0.8865"
"14,22 : 0.2668"
"22,14 : 0.2668"
"14,23 : 0.592"
"23,14 : 0.592"
"14,24 : 0.5822"
"24,14 : 0.5822"
"14,25 : 1.0211"
"25,14 : 1.0211"
"14,26 : 0.2786"
"26,14 : 0.2786"
"14,27 : 0.4272"
"27,14 : 0.4272"
"14,28 : 0.4016"
"28,14 : 0.4016"
"14,29 : 0.5308"
"29,14 : 0.5308"
"14,30 : 0.7993"
"30,14 : 0.7993"
"14,31 : 0.8846"
"31,14 : 0.8846"
"14,32 : 0.3302"
"32,14 : 0.3302"
"14,33 : 0.6037"
"33,14 : 0.6037"
"14,34 : 0.4338"
"34,14 : 0.4338"
"14,35 : 0.4046"
"35,14 : 0.4046"
"14,36 : 0.9604"
"36,14 : 0.9604"
"14,37 : 0.8989"
"37,14 : 0.8989"
"14,38 : 0.4031"
"38,14 : 0.4031"
"14,39 : 0.9774"
"39,14 : 0.9774"
"14,40 : 0.9972"
"40,14 : 0.9972"
"14,41 : 0.9831"
"41,14 : 0.9831"
"14,42 : 0.3801"
"42,14 : 0.3801"
"14,43 : 0.7376"
"43,14 : 0.7376"
"14,44 : 0.4342"
"44,14 : 0.4342"
"14,45 : 0.6161"
"45,14 : 0.6161"
"14,46 : 0.9048"
"46,14 : 0.9048"
"14,47 : 0.4701"
"47,14 : 0.4701"
"14,48 : 0.528"
"48,14 : 0.528"
"14,49 : 0.7242"
"49,14 : 0.7242"
"15,16 : 0.8099"
"16,15 : 0.8099"
"15,17 : 0.7201"
"17,15 : 0.7201"
"15,18 : 0.8326"
"18,15 : 0.8326"
"15,19 : 0.3667"
"19,15 : 0.3667"
"15,20 : 0.46"
"20,15 : 0.46"
"15,21 : 0.2717"
"21,15 : 0.2717"
"15,22 : 0.8551"
"22,15 : 0.8551"
"15,23 : 0.5025"
"23,15 : 0.5025"
"15,24 : 0.3534"
"24,15 : 0.3534"
"15,25 : 0.3614"
"25,15 : 0.3614"
"15,26 : 0.8158"
"26,15 : 0.8158"
"15,27 : 0.8078"
"27,15 : 0.8078"
"15,28 : 0.5209"
"28,15 : 0.5209"
"15,29 : 0.3766"
"29,15 : 0.3766"
"15,30 : 0.5941"
"30,15 : 0.5941"
"15,31 : 0.2617"
"31,15 : 0.2617"
"15,32 : 0.6935"
"32,15 : 0.6935"
"15,33 : 0.5162"
"33,15 : 0.5162"
"15,34 : 0.5867"
"34,15 : 0.5867"
"15,35 : 0.6736"
"35,15 : 0.6736"
"15,36 : 0.4079"
"36,15 : 0.4079"
"15,37 : 0.405"
"37,15 : 0.405"
"15,38 : 0.6265"
"38,15 : 0.6265"
"15,39 : 0.2309"
"39,15 : 0.2309"
"15,40 : 0.3748"
"40,15 : 0.3748"
"15,41 : 0.6103"
"41,15 : 0.6103"
"15,42 : 0.5277"
"42,15 : 0.5277"
"15,43 : 0.2147"
"43,15 : 0.2147"
"15,44 : 0.5852"
"44,15 : 0.5852"
"15,45 : 0.672"
"45,15 : 0.672"
"15,46 : 0.2159"
"46,15 : 0.2159"
"15,47 : 0.5908"
"47,15 : 0.5908"
"15,48 : 0.6624"
"48,15 : 0.6624"
"15,49 : 0.6859"
"49,15 : 0.6859"
"16,17 : 0.9082"
"17,16 : 0.9082"
"16,18 : 0.06"
"18,16 : 0.06"
"16,19 : 0.8338"
"19,16 : 0.8338"
"16,20 : 1.0608"
"20,16 : 1.0608"
"16,21 : 0.7301"
"21,16 : 0.7301"
"16,22 : 0.4472"
"22,16 : 0.4472"
"16,23 : 0.6329"
"23,16 : 0.6329"
"16,24 : 0.4588"
"24,16 : 0.4588"
"16,25 : 0.8529"
"25,16 : 0.8529"
"16,26 : 0.4418"
"26,16 : 0.4418"
"16,27 : 0.5801"
"27,16 : 0.5801"
"16,28 : 0.392"
"28,16 : 0.392"
"16,29 : 0.4429"
"29,16 : 0.4429"
"16,30 : 0.8635"
"30,16 : 0.8635"
"16,31 : 0.7303"
"31,16 : 0.7303"
"16,32 : 0.1304"
"32,16 : 0.1304"
"16,33 : 0.41"
"33,16 : 0.41"
"16,34 : 0.2502"
"34,16 : 0.2502"
"16,35 : 0.5045"
"35,16 : 0.5045"
"16,36 : 0.9617"
"36,16 : 0.9617"
"16,37 : 0.9055"
"37,16 : 0.9055"
"16,38 : 0.211"
"38,16 : 0.211"
"16,39 : 0.8322"
"39,16 : 0.8322"
"16,40 : 0.8249"
"40,16 : 0.8249"
"16,41 : 1.0317"
"41,16 : 1.0317"
"16,42 : 0.3061"
"42,16 : 0.3061"
"16,43 : 0.6851"
"43,16 : 0.6851"
"16,44 : 0.4924"
"44,16 : 0.4924"
"16,45 : 0.7147"
"45,16 : 0.7147"
"16,46 : 0.8627"
"46,16 : 0.8627"
"16,47 : 0.2746"
"47,16 : 0.2746"
"16,48 : 0.6264"
"48,16 : 0.6264"
"16,49 : 0.8193"
"49,16 : 0.8193"
"17,18 : 0.9646"
"18,17 : 0.9646"
"17,19 : 1.0607"
"19,17 : 1.0607"
"17,20 : 0.4535"
"20,17 : 0.4535"
"17,21 : 0.9347"
"21,17 : 0.9347"
"17,22 : 0.5728"
"22,17 : 0.5728"
"17,23 : 0.3102"
"23,17 : 0.3102"
"17,24 : 0.7299"
"24,17 : 0.7299"
"17,25 : 1.0617"
"25,17 : 1.0617"
"17,26 : 0.5456"
"26,17 : 0.5456"
"17,27 : 0.4111"
"27,17 : 0.4111"
"17,28 : 0.5459"
"28,17 : 0.5459"
"17,29 : 0.6438"
"29,17 : 0.6438"
"17,30 : 0.1273"
"30,17 : 0.1273"
"17,31 : 0.9257"
"31,17 : 0.9257"
"17,32 : 0.8807"
"32,17 : 0.8807"
"17,33 : 0.9434"
"33,17 : 0.9434"
"17,34 : 0.8628"
"34,17 : 0.8628"
"17,35 : 0.4118"
"35,17 : 0.4118"
"17,36 : 0.3981"
"36,17 : 0.3981"
"17,37 : 0.3551"
"37,17 : 0.3551"
"17,38 : 0.8769"
"38,17 : 0.8769"
"17,39 : 0.9403"
"39,17 : 0.9403"
"17,40 : 1.0647"
"40,17 : 1.0647"
"17,41 : 0.2502"
"41,17 : 0.2502"
"17,42 : 0.6648"
"42,17 : 0.6648"
"17,43 : 0.5324"
"43,17 : 0.5324"
"17,44 : 0.4176"
"44,17 : 0.4176"
"17,45 : 0.1972"
"45,17 : 0.1972"
"17,46 : 0.5308"
"46,17 : 0.5308"
"17,47 : 0.9014"
"47,17 : 0.9014"
"17,48 : 0.2865"
"48,17 : 0.2865"
"17,49 : 0.0894"
"49,17 : 0.0894"
"18,19 : 0.8302"
"19,18 : 0.8302"
"18,20 : 1.1034"
"20,18 : 1.1034"
"18,21 : 0.7333"
"21,18 : 0.7333"
"18,22 : 0.5064"
"22,18 : 0.5064"
"18,23 : 0.6848"
"23,18 : 0.6848"
"18,24 : 0.4793"
"24,18 : 0.4793"
"18,25 : 0.8501"
"25,18 : 0.8501"
"18,26 : 0.5016"
"26,18 : 0.5016"
"18,27 : 0.6401"
"27,18 : 0.6401"
"18,28 : 0.441"
"28,18 : 0.441"
"18,29 : 0.4743"
"29,18 : 0.4743"
"18,30 : 0.9168"
"30,18 : 0.9168"
"18,31 : 0.7344"
"31,18 : 0.7344"
"18,32 : 0.1393"
"32,18 : 0.1393"
"18,33 : 0.4011"
"33,18 : 0.4011"
"18,34 : 0.255"
"34,18 : 0.255"
"18,35 : 0.5629"
"35,18 : 0.5629"
"18,36 : 1.005"
"36,18 : 1.005"
"18,37 : 0.9502"
"37,18 : 0.9502"
"18,38 : 0.2138"
"38,18 : 0.2138"
"18,39 : 0.8386"
"39,18 : 0.8386"
"18,40 : 0.8205"
"40,18 : 0.8205"
"18,41 : 1.0823"
"41,18 : 1.0823"
"18,42 : 0.3466"
"42,18 : 0.3466"
"18,43 : 0.7201"
"43,18 : 0.7201"
"18,44 : 0.5478"
"44,18 : 0.5478"
"18,45 : 0.772"
"45,18 : 0.772"
"18,46 : 0.8981"
"46,18 : 0.8981"
"18,47 : 0.2702"
"47,18 : 0.2702"
"18,48 : 0.6841"
"48,18 : 0.6841"
"18,49 : 0.876"
"49,18 : 0.876"
"19,20 : 0.823"
"20,19 : 0.823"
"19,21 : 0.1345"
"21,19 : 0.1345"
"19,22 : 1.0481"
"22,19 : 1.0481"
"19,23 : 0.7965"
"23,19 : 0.7965"
"19,24 : 0.4429"
"24,19 : 0.4429"
"19,25 : 0.0224"
"25,19 : 0.0224"
"19,26 : 1.0136"
"26,19 : 1.0136"
"19,27 : 1.0526"
"27,19 : 1.0526"
"19,28 : 0.7072"
"28,19 : 0.7072"
"19,29 : 0.527"
"29,19 : 0.527"
"19,30 : 0.9391"
"30,19 : 0.9391"
"19,31 : 0.1414"
"31,19 : 0.1414"
"19,32 : 0.7035"
"32,19 : 0.7035"
"19,33 : 0.4301"
"33,19 : 0.4301"
"19,34 : 0.5842"
"34,19 : 0.5842"
"19,35 : 0.9105"
"35,19 : 0.9105"
"19,36 : 0.7747"
"36,19 : 0.7747"
"19,37 : 0.7692"
"37,19 : 0.7692"
"19,38 : 0.6229"
"38,19 : 0.6229"
"19,39 : 0.14"
"39,19 : 0.14"
"19,40 : 0.0141"
"40,19 : 0.0141"
"19,41 : 0.9753"
"41,19 : 0.9753"
"19,42 : 0.6488"
"42,19 : 0.6488"
"19,43 : 0.5284"
"43,19 : 0.5284"
"19,44 : 0.8233"
"44,19 : 0.8233"
"19,45 : 0.9745"
"45,19 : 0.9745"
"19,46 : 0.5825"
"46,19 : 0.5825"
"19,47 : 0.5608"
"47,19 : 0.5608"
"19,48 : 0.9407"
"48,19 : 0.9407"
"19,49 : 1.0124"
"49,19 : 1.0124"
"20,21 : 0.7306"
"21,20 : 0.7306"
"20,22 : 0.892"
"22,20 : 0.892"
"20,23 : 0.4742"
"23,20 : 0.4742"
"20,24 : 0.6888"
"24,20 : 0.6888"
"20,25 : 0.815"
"25,20 : 0.815"
"20,26 : 0.8544"
"26,20 : 0.8544"
"20,27 : 0.7669"
"27,20 : 0.7669"
"20,28 : 0.6748"
"28,20 : 0.6748"
"20,29 : 0.6464"
"29,20 : 0.6464"
"20,30 : 0.3506"
"30,20 : 0.3506"
"20,31 : 0.7206"
"31,20 : 0.7206"
"20,32 : 0.9795"
"32,20 : 0.9795"
"20,33 : 0.9047"
"33,20 : 0.9047"
"20,34 : 0.907"
"34,20 : 0.907"
"20,35 : 0.6871"
"35,20 : 0.6871"
"20,36 : 0.1"
"36,20 : 0.1"
"20,37 : 0.1612"
"37,20 : 0.1612"
"20,38 : 0.9381"
"38,20 : 0.9381"
"20,39 : 0.6836"
"39,20 : 0.6836"
"20,40 : 0.8322"
"40,20 : 0.8322"
"20,41 : 0.2247"
"41,20 : 0.2247"
"20,42 : 0.7569"
"42,20 : 0.7569"
"20,43 : 0.4071"
"43,20 : 0.4071"
"20,44 : 0.6306"
"44,20 : 0.6306"
"20,45 : 0.5433"
"45,20 : 0.5433"
"20,46 : 0.255"
"46,20 : 0.255"
"20,47 : 0.9296"
"47,20 : 0.9296"
"20,48 : 0.5967"
"48,20 : 0.5967"
"20,49 : 0.4809"
"49,20 : 0.4809"
"21,22 : 0.9171"
"22,21 : 0.9171"
"21,23 : 0.664"
"23,21 : 0.664"
"21,24 : 0.3138"
"24,21 : 0.3138"
"21,25 : 0.1442"
"25,21 : 0.1442"
"21,26 : 0.8819"
"26,21 : 0.8819"
"21,27 : 0.9183"
"27,21 : 0.9183"
"21,28 : 0.5745"
"28,21 : 0.5745"
"21,29 : 0.3945"
"29,21 : 0.3945"
"21,30 : 0.8154"
"30,21 : 0.8154"
"21,31 : 0.01"
"31,21 : 0.01"
"21,32 : 0.6003"
"32,21 : 0.6003"
"21,33 : 0.3448"
"33,21 : 0.3448"
"21,34 : 0.4804"
"34,21 : 0.4804"
"21,35 : 0.7762"
"35,21 : 0.7762"
"21,36 : 0.6719"
"36,21 : 0.6719"
"21,37 : 0.6592"
"37,21 : 0.6592"
"21,38 : 0.5209"
"38,21 : 0.5209"
"21,39 : 0.1118"
"39,21 : 0.1118"
"21,40 : 0.1345"
"40,21 : 0.1345"
"21,41 : 0.8649"
"41,21 : 0.8649"
"21,42 : 0.522"
"42,21 : 0.522"
"21,43 : 0.4031"
"43,21 : 0.4031"
"21,44 : 0.6888"
"44,21 : 0.6888"
"21,45 : 0.842"
"45,21 : 0.842"
"21,46 : 0.4804"
"46,21 : 0.4804"
"21,47 : 0.4639"
"47,21 : 0.4639"
"21,48 : 0.8066"
"48,21 : 0.8066"
"21,49 : 0.8832"
"49,21 : 0.8832"
"22,23 : 0.422"
"23,22 : 0.422"
"22,24 : 0.6054"
"24,22 : 0.6054"
"22,25 : 1.0607"
"25,22 : 1.0607"
"22,26 : 0.04"
"26,22 : 0.04"
"22,27 : 0.1664"
"27,22 : 0.1664"
"22,28 : 0.3454"
"28,22 : 0.3454"
"22,29 : 0.5233"
"29,22 : 0.5233"
"22,30 : 0.5852"
"30,22 : 0.5852"
"22,31 : 0.9124"
"31,22 : 0.9124"
"22,32 : 0.4966"
"32,22 : 0.4966"
"22,33 : 0.7151"
"33,22 : 0.7151"
"22,34 : 0.558"
"34,22 : 0.558"
"22,35 : 0.2062"
"35,22 : 0.2062"
"22,36 : 0.797"
"36,22 : 0.797"
"22,37 : 0.7338"
"37,22 : 0.7338"
"22,38 : 0.5438"
"38,22 : 0.5438"
"22,39 : 0.9862"
"39,22 : 0.9862"
"22,40 : 1.0445"
"40,22 : 1.0445"
"22,41 : 0.7739"
"41,22 : 0.7739"
"22,42 : 0.4061"
"42,22 : 0.4061"
"22,43 : 0.6528"
"43,22 : 0.6528"
"22,44 : 0.2802"
"44,22 : 0.2802"
"22,45 : 0.3842"
"45,22 : 0.3842"
"22,46 : 0.7916"
"46,22 : 0.7916"
"22,47 : 0.6022"
"47,22 : 0.6022"
"22,48 : 0.3053"
"48,22 : 0.3053"
"22,49 : 0.4884"
"49,22 : 0.4884"
"23,24 : 0.4245"
"24,23 : 0.4245"
"23,25 : 0.8016"
"25,23 : 0.8016"
"23,26 : 0.3833"
"26,23 : 0.3833"
"23,27 : 0.3225"
"27,23 : 0.3225"
"23,28 : 0.247"
"28,23 : 0.247"
"23,29 : 0.3354"
"29,23 : 0.3354"
"23,30 : 0.2341"
"30,23 : 0.2341"
"23,31 : 0.656"
"31,23 : 0.656"
"23,32 : 0.5852"
"32,23 : 0.5852"
"23,33 : 0.6339"
"33,23 : 0.6339"
"23,34 : 0.5558"
"34,23 : 0.5558"
"23,35 : 0.2159"
"35,23 : 0.2159"
"23,36 : 0.377"
"36,23 : 0.377"
"23,37 : 0.3138"
"37,23 : 0.3138"
"23,38 : 0.5727"
"38,23 : 0.5727"
"23,39 : 0.6931"
"39,23 : 0.6931"
"23,40 : 0.7981"
"40,23 : 0.7981"
"23,41 : 0.4"
"41,23 : 0.4"
"23,42 : 0.3614"
"42,23 : 0.3614"
"23,43 : 0.2884"
"43,23 : 0.2884"
"23,44 : 0.1581"
"44,23 : 0.1581"
"23,45 : 0.178"
"45,23 : 0.178"
"23,46 : 0.3833"
"46,23 : 0.3833"
"23,47 : 0.593"
"47,23 : 0.593"
"23,48 : 0.1616"
"48,23 : 0.1616"
"23,49 : 0.2354"
"49,23 : 0.2354"
"24,25 : 0.4562"
"25,24 : 0.4562"
"24,26 : 0.5714"
"26,24 : 0.5714"
"24,27 : 0.6224"
"27,24 : 0.6224"
"24,28 : 0.2691"
"28,24 : 0.2691"
"24,29 : 0.0943"
"29,24 : 0.0943"
"24,30 : 0.6307"
"30,24 : 0.6307"
"24,31 : 0.3102"
"31,24 : 0.3102"
"24,32 : 0.3401"
"32,24 : 0.3401"
"24,33 : 0.2236"
"33,24 : 0.2236"
"24,34 : 0.236"
"34,24 : 0.236"
"24,35 : 0.4817"
"35,24 : 0.4817"
"24,36 : 0.6001"
"36,24 : 0.6001"
"24,37 : 0.5597"
"37,24 : 0.5597"
"24,38 : 0.2746"
"38,24 : 0.2746"
"24,39 : 0.3962"
"39,24 : 0.3962"
"24,40 : 0.4391"
"40,24 : 0.4391"
"24,41 : 0.7415"
"41,24 : 0.7415"
"24,42 : 0.2088"
"42,24 : 0.2088"
"24,43 : 0.2818"
"43,24 : 0.2818"
"24,44 : 0.4"
"44,24 : 0.4"
"24,45 : 0.5924"
"45,24 : 0.5924"
"24,46 : 0.45"
"46,24 : 0.45"
"24,47 : 0.2476"
"47,24 : 0.2476"
"24,48 : 0.5371"
"48,24 : 0.5371"
"24,49 : 0.6597"
"49,24 : 0.6597"
"25,26 : 1.0258"
"26,25 : 1.0258"
"25,27 : 1.0621"
"27,25 : 1.0621"
"25,28 : 0.7187"
"28,25 : 0.7187"
"25,29 : 0.5385"
"29,25 : 0.5385"
"25,30 : 0.9394"
"30,25 : 0.9394"
"25,31 : 0.15"
"31,25 : 0.15"
"25,32 : 0.7225"
"32,25 : 0.7225"
"25,33 : 0.4504"
"33,25 : 0.4504"
"25,34 : 0.603"
"34,25 : 0.603"
"25,35 : 0.9201"
"35,25 : 0.9201"
"25,36 : 0.769"
"36,25 : 0.769"
"25,37 : 0.7654"
"37,25 : 0.7654"
"25,38 : 0.642"
"38,25 : 0.642"
"25,39 : 0.1315"
"39,25 : 0.1315"
"25,40 : 0.0361"
"40,25 : 0.0361"
"25,41 : 0.9712"
"41,25 : 0.9712"
"25,42 : 0.6631"
"42,25 : 0.6631"
"25,43 : 0.53"
"43,25 : 0.53"
"25,44 : 0.8324"
"44,25 : 0.8324"
"25,45 : 0.9795"
"45,25 : 0.9795"
"25,46 : 0.5772"
"46,25 : 0.5772"
"25,47 : 0.5803"
"47,25 : 0.5803"
"25,48 : 0.9475"
"48,25 : 0.9475"
"25,49 : 1.0151"
"49,25 : 1.0151"
"26,27 : 0.1487"
"27,26 : 0.1487"
"26,28 : 0.3087"
"28,26 : 0.3087"
"26,29 : 0.4876"
"29,26 : 0.4876"
"26,30 : 0.5522"
"30,26 : 0.5522"
"26,31 : 0.8771"
"31,26 : 0.8771"
"26,32 : 0.481"
"32,26 : 0.481"
"26,33 : 0.6888"
"33,26 : 0.6888"
"26,34 : 0.5354"
"34,26 : 0.5354"
"26,35 : 0.1676"
"35,26 : 0.1676"
"26,36 : 0.7589"
"36,26 : 0.7589"
"26,37 : 0.6957"
"37,26 : 0.6957"
"26,38 : 0.5235"
"38,26 : 0.5235"
"26,39 : 0.9494"
"39,26 : 0.9494"
"26,40 : 1.0102"
"40,26 : 1.0102"
"26,41 : 0.7406"
"41,26 : 0.7406"
"26,42 : 0.3754"
"42,26 : 0.3754"
"26,43 : 0.6129"
"43,26 : 0.6129"
"26,44 : 0.2402"
"44,26 : 0.2402"
"26,45 : 0.3538"
"45,26 : 0.3538"
"26,46 : 0.7517"
"46,26 : 0.7517"
"26,47 : 0.5798"
"47,26 : 0.5798"
"26,48 : 0.272"
"48,26 : 0.272"
"26,49 : 0.4597"
"49,26 : 0.4597"
"27,28 : 0.3547"
"28,27 : 0.3547"
"27,29 : 0.5304"
"29,27 : 0.5304"
"27,30 : 0.4386"
"30,27 : 0.4386"
"27,31 : 0.9121"
"31,27 : 0.9121"
"27,32 : 0.6021"
"32,27 : 0.6021"
"27,33 : 0.7752"
"33,27 : 0.7752"
"27,34 : 0.6369"
"34,27 : 0.6369"
"27,35 : 0.1421"
"35,27 : 0.1421"
"27,36 : 0.6774"
"36,27 : 0.6774"
"27,37 : 0.6152"
"37,27 : 0.6152"
"27,38 : 0.6325"
"38,27 : 0.6325"
"27,39 : 0.971"
"39,27 : 0.971"
"27,40 : 1.0512"
"40,27 : 1.0512"
"27,41 : 0.6261"
"41,27 : 0.6261"
"27,42 : 0.4528"
"42,27 : 0.4528"
"27,43 : 0.5946"
"43,27 : 0.5946"
"27,44 : 0.2302"
"44,27 : 0.2302"
"27,45 : 0.2326"
"45,27 : 0.2326"
"27,46 : 0.7058"
"46,27 : 0.7058"
"27,47 : 0.6815"
"47,27 : 0.6815"
"27,48 : 0.1712"
"48,27 : 0.1712"
"27,49 : 0.3302"
"49,27 : 0.3302"
"28,29 : 0.1803"
"29,28 : 0.1803"
"28,30 : 0.481"
"30,28 : 0.481"
"28,31 : 0.5694"
"31,28 : 0.5694"
"28,32 : 0.3384"
"32,28 : 0.3384"
"28,33 : 0.4308"
"33,28 : 0.4308"
"28,34 : 0.3202"
"34,28 : 0.3202"
"28,35 : 0.2163"
"35,28 : 0.2163"
"28,36 : 0.5749"
"36,28 : 0.5749"
"28,37 : 0.5166"
"37,28 : 0.5166"
"28,38 : 0.3314"
"38,28 : 0.3314"
"28,39 : 0.6408"
"39,28 : 0.6408"
"28,40 : 0.7046"
"40,28 : 0.7046"
"28,41 : 0.6414"
"41,28 : 0.6414"
"28,42 : 0.12"
"42,28 : 0.12"
"28,43 : 0.3373"
"43,28 : 0.3373"
"28,44 : 0.1456"
"44,28 : 0.1456"
"28,45 : 0.3705"
"45,28 : 0.3705"
"28,46 : 0.5033"
"46,28 : 0.5033"
"28,47 : 0.3612"
"47,28 : 0.3612"
"28,48 : 0.2961"
"48,28 : 0.2961"
"28,49 : 0.4617"
"49,28 : 0.4617"
"29,30 : 0.5504"
"30,29 : 0.5504"
"29,31 : 0.3895"
"31,29 : 0.3895"
"29,32 : 0.3406"
"32,29 : 0.3406"
"29,33 : 0.3002"
"33,29 : 0.3002"
"29,34 : 0.2608"
"34,29 : 0.2608"
"29,35 : 0.389"
"35,29 : 0.389"
"29,36 : 0.5523"
"36,29 : 0.5523"
"29,37 : 0.5054"
"37,29 : 0.5054"
"29,38 : 0.2921"
"38,29 : 0.2921"
"29,39 : 0.4649"
"39,29 : 0.4649"
"29,40 : 0.5243"
"40,29 : 0.5243"
"29,41 : 0.6745"
"41,29 : 0.6745"
"29,42 : 0.1513"
"42,29 : 0.1513"
"29,43 : 0.2476"
"43,29 : 0.2476"
"29,44 : 0.3061"
"44,29 : 0.3061"
"29,45 : 0.4998"
"45,29 : 0.4998"
"29,46 : 0.4252"
"46,29 : 0.4252"
"29,47 : 0.2864"
"47,29 : 0.2864"
"29,48 : 0.4429"
"48,29 : 0.4429"
"29,49 : 0.5707"
"49,29 : 0.5707"
"30,31 : 0.8062"
"31,30 : 0.8062"
"30,32 : 0.8193"
"32,30 : 0.8193"
"30,33 : 0.8501"
"33,30 : 0.8501"
"30,34 : 0.7864"
"34,30 : 0.7864"
"30,35 : 0.3962"
"35,30 : 0.3962"
"30,36 : 0.2816"
"36,30 : 0.2816"
"30,37 : 0.2326"
"37,30 : 0.2326"
"30,38 : 0.8052"
"38,30 : 0.8052"
"30,39 : 0.8163"
"39,30 : 0.8163"
"30,40 : 0.9437"
"40,30 : 0.9437"
"30,41 : 0.1887"
"41,30 : 0.1887"
"30,42 : 0.5948"
"42,30 : 0.5948"
"30,43 : 0.4123"
"43,30 : 0.4123"
"30,44 : 0.3744"
"44,30 : 0.3744"
"30,45 : 0.2062"
"45,30 : 0.2062"
"30,46 : 0.4036"
"46,30 : 0.4036"
"30,47 : 0.822"
"47,30 : 0.822"
"30,48 : 0.2802"
"48,30 : 0.2802"
"30,49 : 0.1304"
"49,30 : 0.1304"
"31,32 : 0.6007"
"32,31 : 0.6007"
"31,33 : 0.3479"
"33,31 : 0.3479"
"31,34 : 0.4809"
"34,31 : 0.4809"
"31,35 : 0.7701"
"35,31 : 0.7701"
"31,36 : 0.6619"
"36,31 : 0.6619"
"31,37 : 0.6494"
"37,31 : 0.6494"
"31,38 : 0.5215"
"38,31 : 0.5215"
"31,39 : 0.1077"
"39,31 : 0.1077"
"31,40 : 0.1421"
"40,31 : 0.1421"
"31,41 : 0.8551"
"41,31 : 0.8551"
"31,42 : 0.5187"
"42,31 : 0.5187"
"31,43 : 0.394"
"43,31 : 0.394"
"31,44 : 0.6825"
"44,31 : 0.6825"
"31,45 : 0.8341"
"45,31 : 0.8341"
"31,46 : 0.4704"
"46,31 : 0.4704"
"31,47 : 0.4653"
"47,31 : 0.4653"
"31,48 : 0.7993"
"48,31 : 0.7993"
"31,49 : 0.8746"
"49,31 : 0.8746"
"32,33 : 0.2816"
"33,32 : 0.2816"
"32,34 : 0.12"
"34,32 : 0.12"
"32,35 : 0.5001"
"35,32 : 0.5001"
"32,36 : 0.8824"
"36,32 : 0.8824"
"32,37 : 0.8301"
"37,32 : 0.8301"
"32,38 : 0.0806"
"38,32 : 0.0806"
"32,39 : 0.7035"
"39,32 : 0.7035"
"32,40 : 0.6946"
"40,32 : 0.6946"
"32,41 : 0.9749"
"41,32 : 0.9749"
"32,42 : 0.2283"
"42,32 : 0.2283"
"32,43 : 0.588"
"43,32 : 0.588"
"32,44 : 0.4653"
"44,32 : 0.4653"
"32,45 : 0.6958"
"45,32 : 0.6958"
"32,46 : 0.7658"
"46,32 : 0.7658"
"32,47 : 0.1456"
"47,32 : 0.1456"
"32,48 : 0.612"
"48,32 : 0.612"
"32,49 : 0.7943"
"49,32 : 0.7943"
"33,34 : 0.17"
"34,33 : 0.17"
"33,35 : 0.644"
"35,33 : 0.644"
"33,36 : 0.8193"
"36,33 : 0.8193"
"33,37 : 0.7816"
"37,33 : 0.7816"
"33,38 : 0.2025"
"38,33 : 0.2025"
"33,39 : 0.4554"
"39,33 : 0.4554"
"33,40 : 0.42"
"40,33 : 0.42"
"33,41 : 0.9651"
"41,33 : 0.9651"
"33,42 : 0.3225"
"42,33 : 0.3225"
"33,43 : 0.4998"
"43,33 : 0.4998"
"33,44 : 0.5758"
"44,33 : 0.5758"
"33,45 : 0.7908"
"45,33 : 0.7908"
"33,46 : 0.6576"
"46,33 : 0.6576"
"33,47 : 0.136"
"47,33 : 0.136"
"33,48 : 0.7242"
"48,33 : 0.7242"
"33,49 : 0.8683"
"49,33 : 0.8683"
"34,35 : 0.5166"
"35,34 : 0.5166"
"34,36 : 0.813"
"36,34 : 0.813"
"34,37 : 0.7654"
"37,34 : 0.7654"
"34,38 : 0.0412"
"38,34 : 0.0412"
"34,39 : 0.5842"
"39,34 : 0.5842"
"34,40 : 0.5756"
"40,34 : 0.5756"
"34,41 : 0.927"
"41,34 : 0.927"
"34,42 : 0.2002"
"42,34 : 0.2002"
"34,43 : 0.5045"
"43,34 : 0.5045"
"34,44 : 0.4627"
"44,34 : 0.4627"
"34,45 : 0.6907"
"45,34 : 0.6907"
"34,46 : 0.6794"
"46,34 : 0.6794"
"34,47 : 0.0447"
"47,34 : 0.0447"
"34,48 : 0.614"
"48,34 : 0.614"
"34,49 : 0.7806"
"49,34 : 0.7806"
"35,36 : 0.5914"
"36,35 : 0.5914"
"35,37 : 0.5281"
"37,35 : 0.5281"
"35,38 : 0.5179"
"38,35 : 0.5179"
"35,39 : 0.8301"
"39,35 : 0.8301"
"35,40 : 0.9091"
"40,35 : 0.9091"
"35,41 : 0.5826"
"41,35 : 0.5826"
"35,42 : 0.3231"
"42,35 : 0.3231"
"35,43 : 0.4632"
"43,35 : 0.4632"
"35,44 : 0.0894"
"44,35 : 0.0894"
"35,45 : 0.2147"
"45,35 : 0.2147"
"35,46 : 0.59"
"46,35 : 0.59"
"35,47 : 0.5604"
"47,35 : 0.5604"
"35,48 : 0.1253"
"48,35 : 0.1253"
"35,49 : 0.3225"
"49,35 : 0.3225"
"36,37 : 0.0632"
"37,36 : 0.0632"
"36,38 : 0.8431"
"38,36 : 0.8431"
"36,39 : 0.6379"
"39,36 : 0.6379"
"36,40 : 0.7826"
"40,36 : 0.7826"
"36,41 : 0.211"
"41,36 : 0.211"
"36,42 : 0.6586"
"42,36 : 0.6586"
"36,43 : 0.3195"
"43,36 : 0.3195"
"36,44 : 0.5323"
"44,36 : 0.5323"
"36,45 : 0.46"
"45,36 : 0.46"
"36,46 : 0.1924"
"46,36 : 0.1924"
"36,47 : 0.8373"
"47,36 : 0.8373"
"36,48 : 0.5064"
"48,36 : 0.5064"
"36,49 : 0.41"
"49,36 : 0.41"
"37,38 : 0.794"
"38,37 : 0.794"
"37,39 : 0.6357"
"39,37 : 0.6357"
"37,40 : 0.7762"
"40,37 : 0.7762"
"37,41 : 0.2062"
"41,37 : 0.2062"
"37,42 : 0.6044"
"42,37 : 0.6044"
"37,43 : 0.2844"
"43,37 : 0.2844"
"37,44 : 0.4696"
"44,37 : 0.4696"
"37,45 : 0.4005"
"45,37 : 0.4005"
"37,46 : 0.1924"
"46,37 : 0.1924"
"37,47 : 0.7916"
"47,37 : 0.7916"
"37,48 : 0.4441"
"48,37 : 0.4441"
"37,49 : 0.3574"
"49,37 : 0.3574"
"38,39 : 0.6251"
"39,38 : 0.6251"
"38,40 : 0.614"
"40,38 : 0.614"
"38,41 : 0.9508"
"41,38 : 0.9508"
"38,42 : 0.2121"
"42,38 : 0.2121"
"38,43 : 0.5381"
"43,38 : 0.5381"
"38,44 : 0.4701"
"44,38 : 0.4701"
"38,45 : 0.7001"
"45,38 : 0.7001"
"38,46 : 0.7142"
"46,38 : 0.7142"
"38,47 : 0.0671"
"47,38 : 0.0671"
"38,48 : 0.6207"
"48,38 : 0.6207"
"38,49 : 0.7931"
"49,38 : 0.7931"
"39,40 : 0.1503"
"40,39 : 0.1503"
"39,41 : 0.8412"
"41,39 : 0.8412"
"39,42 : 0.6042"
"42,39 : 0.6042"
"39,43 : 0.4123"
"43,39 : 0.4123"
"39,44 : 0.7409"
"44,39 : 0.7409"
"39,45 : 0.8698"
"45,39 : 0.8698"
"39,46 : 0.4464"
"46,39 : 0.4464"
"39,47 : 0.5707"
"47,39 : 0.5707"
"39,48 : 0.845"
"48,39 : 0.845"
"39,49 : 0.8981"
"49,39 : 0.8981"
"40,41 : 0.9823"
"41,40 : 0.9823"
"40,42 : 0.644"
"42,40 : 0.644"
"40,43 : 0.5324"
"43,40 : 0.5324"
"40,44 : 0.8222"
"44,40 : 0.8222"
"40,45 : 0.9762"
"45,40 : 0.9762"
"40,46 : 0.5903"
"46,40 : 0.5903"
"40,47 : 0.5515"
"47,40 : 0.5515"
"40,48 : 0.9411"
"48,40 : 0.9411"
"40,49 : 1.0155"
"49,40 : 1.0155"
"41,42 : 0.7469"
"42,41 : 0.7469"
"41,43 : 0.48"
"43,41 : 0.48"
"41,44 : 0.5523"
"44,41 : 0.5523"
"41,45 : 0.3936"
"45,41 : 0.3936"
"41,46 : 0.3956"
"46,41 : 0.3956"
"41,47 : 0.9582"
"47,41 : 0.9582"
"41,48 : 0.4687"
"48,41 : 0.4687"
"41,49 : 0.3036"
"49,41 : 0.3036"
"42,43 : 0.3808"
"43,42 : 0.3808"
"42,44 : 0.2631"
"44,42 : 0.2631"
"42,45 : 0.4904"
"45,42 : 0.4904"
"42,46 : 0.5576"
"46,42 : 0.5576"
"42,47 : 0.2419"
"47,42 : 0.2419"
"42,48 : 0.4144"
"48,42 : 0.4144"
